x,y
0.83,0.44
0.62,0.33
0.97,0.02
0.67,0.33
0.48,0.92
0.49,0.78
0.79,0.11
0.14,0.77
0.39,0.53
0.33,0.34
0.33,0.34
0.41,0.48
0.67,0.24
0.39,0.04
0.96,0.94
0.04,0.35
0.32,0.51
0.42,0.43
0.2,0.39
0.1,0.69
0.83,0.41
0.27,0.89
0.17,0.35
0.84,0.29
0.63,0.02
0.5,0.88
0.52,0.22
0.53,0.72
0.17,0.74
0.89,0.48
0.95,0.17
0.92,0.46
0.49,0.34
0.55,0.42
0.95,0.73
0.38,0.84
0.61,0.36
0.07,0.26
0.95,0.05
0.98,0.32
0.6,0.36
0.97,0.19
0.69,0.23
0.61,0.23
0.24,0.67
0.75,0.28
0.21,0.67
0.24,0.99
0.49,0.15
0.82,0.08

Distanze
"0,1 : 0.2371"
"1,0 : 0.2371"
"0,2 : 0.4427"
"2,0 : 0.4427"
"0,3 : 0.1942"
"3,0 : 0.1942"
"0,4 : 0.5941"
"4,0 : 0.5941"
"0,5 : 0.4808"
"5,0 : 0.4808"
"0,6 : 0.3324"
"6,0 : 0.3324"
"0,7 : 0.7649"
"7,0 : 0.7649"
"0,8 : 0.4491"
"8,0 : 0.4491"
"0,9 : 0.5099"
"9,0 : 0.5099"
"0,10 : 0.5099"
"10,0 : 0.5099"
"0,11 : 0.4219"
"11,0 : 0.4219"
"0,12 : 0.2561"
"12,0 : 0.2561"
"0,13 : 0.5946"
"13,0 : 0.5946"
"0,14 : 0.5166"
"14,0 : 0.5166"
"0,15 : 0.7951"
"15,0 : 0.7951"
"0,16 : 0.5148"
"16,0 : 0.5148"
"0,17 : 0.4101"
"17,0 : 0.4101"
"0,18 : 0.632"
"18,0 : 0.632"
"0,19 : 0.7716"
"19,0 : 0.7716"
"0,20 : 0.03"
"20,0 : 0.03"
"0,21 : 0.7184"
"21,0 : 0.7184"
"0,22 : 0.6661"
"22,0 : 0.6661"
"0,23 : 0.1503"
"23,0 : 0.1503"
"0,24 : 0.4652"
"24,0 : 0.4652"
"0,25 : 0.55"
"25,0 : 0.55"
"0,26 : 0.3801"
"26,0 : 0.3801"
"0,27 : 0.4104"
"27,0 : 0.4104"
"0,28 : 0.725"
"28,0 : 0.725"
"0,29 : 0.0721"
"29,0 : 0.0721"
"0,30 : 0.2955"
"30,0 : 0.2955"
"0,31 : 0.0922"
"31,0 : 0.0922"
"0,32 : 0.3544"
"32,0 : 0.3544"
"0,33 : 0.2807"
"33,0 : 0.2807"
"0,34 : 0.3138"
"34,0 : 0.3138"
"0,35 : 0.6021"
"35,0 : 0.6021"
"0,36 : 0.2341"
"36,0 : 0.2341"
"0,37 : 0.781"
"37,0 : 0.781"
"0,38 : 0.408"
"38,0 : 0.408"
"0,39 : 0.1921"
"39,0 : 0.1921"
"0,40 : 0.2435"
"40,0 : 0.2435"
"0,41 : 0.2865"
"41,0 : 0.2865"
"0,42 : 0.2524"
"42,0 : 0.2524"
"0,43 : 0.3041"
"43,0 : 0.3041"
"0,44 : 0.6332"
"44,0 : 0.6332"
"0,45 : 0.1789"
"45,0 : 0.1789"
"0,46 : 0.6613"
"46,0 : 0.6613"
"0,47 : 0.8066"
"47,0 : 0.8066"
"0,48 : 0.4469"
"48,0 : 0.4469"
"0,49 : 0.3601"
"49,0 : 0.3601"
"1,2 : 0.4675"
"2,1 : 0.4675"
"1,3 : 0.05"
"3,1 : 0.05"
"1,4 : 0.6064"
"4,1 : 0.6064"
"1,5 : 0.4684"
"5,1 : 0.4684"
"1,6 : 0.278"
"6,1 : 0.278"
"1,7 : 0.6512"
"7,1 : 0.6512"
"1,8 : 0.3048"
"8,1 : 0.3048"
"1,9 : 0.2902"
"9,1 : 0.2902"
"1,10 : 0.2902"
"10,1 : 0.2902"
"1,11 : 0.2581"
"11,1 : 0.2581"
"1,12 : 0.103"
"12,1 : 0.103"
"1,13 : 0.3701"
"13,1 : 0.3701"
"1,14 : 0.6984"
"14,1 : 0.6984"
"1,15 : 0.5803"
"15,1 : 0.5803"
"1,16 : 0.3499"
"16,1 : 0.3499"
"1,17 : 0.2236"
"17,1 : 0.2236"
"1,18 : 0.4243"
"18,1 : 0.4243"
"1,19 : 0.6325"
"19,1 : 0.6325"
"1,20 : 0.2247"
"20,1 : 0.2247"
"1,21 : 0.6604"
"21,1 : 0.6604"
"1,22 : 0.4504"
"22,1 : 0.4504"
"1,23 : 0.2236"
"23,1 : 0.2236"
"1,24 : 0.3102"
"24,1 : 0.3102"
"1,25 : 0.5629"
"25,1 : 0.5629"
"1,26 : 0.1487"
"26,1 : 0.1487"
"1,27 : 0.4002"
"27,1 : 0.4002"
"1,28 : 0.6088"
"28,1 : 0.6088"
"1,29 : 0.3089"
"29,1 : 0.3089"
"1,30 : 0.3667"
"30,1 : 0.3667"
"1,31 : 0.327"
"31,1 : 0.327"
"1,32 : 0.1304"
"32,1 : 0.1304"
"1,33 : 0.114"
"33,1 : 0.114"
"1,34 : 0.5186"
"34,1 : 0.5186"
"1,35 : 0.5636"
"35,1 : 0.5636"
"1,36 : 0.0316"
"36,1 : 0.0316"
"1,37 : 0.5544"
"37,1 : 0.5544"
"1,38 : 0.4328"
"38,1 : 0.4328"
"1,39 : 0.3601"
"39,1 : 0.3601"
"1,40 : 0.0361"
"40,1 : 0.0361"
"1,41 : 0.377"
"41,1 : 0.377"
"1,42 : 0.1221"
"42,1 : 0.1221"
"1,43 : 0.1005"
"43,1 : 0.1005"
"1,44 : 0.5099"
"44,1 : 0.5099"
"1,45 : 0.1393"
"45,1 : 0.1393"
"1,46 : 0.5326"
"46,1 : 0.5326"
"1,47 : 0.7616"
"47,1 : 0.7616"
"1,48 : 0.222"
"48,1 : 0.222"
"1,49 : 0.3202"
"49,1 : 0.3202"
"2,3 : 0.4314"
"3,2 : 0.4314"
"2,4 : 1.0247"
"4,2 : 1.0247"
"2,5 : 0.8989"
"5,2 : 0.8989"
"2,6 : 0.2012"
"6,2 : 0.2012"
"2,7 : 1.1187"
"7,2 : 1.1187"
"2,8 : 0.7723"
"8,2 : 0.7723"
"2,9 : 0.7155"
"9,2 : 0.7155"
"2,10 : 0.7155"
"10,2 : 0.7155"
"2,11 : 0.7247"
"11,2 : 0.7247"
"2,12 : 0.372"
"12,2 : 0.372"
"2,13 : 0.5803"
"13,2 : 0.5803"
"2,14 : 0.9201"
"14,2 : 0.9201"
"2,15 : 0.9868"
"15,2 : 0.9868"
"2,16 : 0.814"
"16,2 : 0.814"
"2,17 : 0.686"
"17,2 : 0.686"
"2,18 : 0.8543"
"18,2 : 0.8543"
"2,19 : 1.0981"
"19,2 : 1.0981"
"2,20 : 0.4144"
"20,2 : 0.4144"
"2,21 : 1.1166"
"21,2 : 1.1166"
"2,22 : 0.8654"
"22,2 : 0.8654"
"2,23 : 0.2997"
"23,2 : 0.2997"
"2,24 : 0.34"
"24,2 : 0.34"
"2,25 : 0.9801"
"25,2 : 0.9801"
"2,26 : 0.4924"
"26,2 : 0.4924"
"2,27 : 0.8268"
"27,2 : 0.8268"
"2,28 : 1.0763"
"28,2 : 1.0763"
"2,29 : 0.4669"
"29,2 : 0.4669"
"2,30 : 0.1513"
"30,2 : 0.1513"
"2,31 : 0.4428"
"31,2 : 0.4428"
"2,32 : 0.5769"
"32,2 : 0.5769"
"2,33 : 0.58"
"33,2 : 0.58"
"2,34 : 0.7103"
"34,2 : 0.7103"
"2,35 : 1.0102"
"35,2 : 1.0102"
"2,36 : 0.4952"
"36,2 : 0.4952"
"2,37 : 0.9315"
"37,2 : 0.9315"
"2,38 : 0.0361"
"38,2 : 0.0361"
"2,39 : 0.3002"
"39,2 : 0.3002"
"2,40 : 0.5025"
"40,2 : 0.5025"
"2,41 : 0.17"
"41,2 : 0.17"
"2,42 : 0.35"
"42,2 : 0.35"
"2,43 : 0.4168"
"43,2 : 0.4168"
"2,44 : 0.9774"
"44,2 : 0.9774"
"2,45 : 0.3406"
"45,2 : 0.3406"
"2,46 : 1.0"
"46,2 : 1.0"
"2,47 : 1.214"
"47,2 : 1.214"
"2,48 : 0.4973"
"48,2 : 0.4973"
"2,49 : 0.1616"
"49,2 : 0.1616"
"3,4 : 0.6198"
"4,3 : 0.6198"
"3,5 : 0.4847"
"5,3 : 0.4847"
"3,6 : 0.2506"
"6,3 : 0.2506"
"3,7 : 0.6888"
"7,3 : 0.6888"
"3,8 : 0.3441"
"8,3 : 0.3441"
"3,9 : 0.3401"
"9,3 : 0.3401"
"3,10 : 0.3401"
"10,3 : 0.3401"
"3,11 : 0.3002"
"11,3 : 0.3002"
"3,12 : 0.09"
"12,3 : 0.09"
"3,13 : 0.4031"
"13,3 : 0.4031"
"3,14 : 0.6754"
"14,3 : 0.6754"
"3,15 : 0.6303"
"15,3 : 0.6303"
"3,16 : 0.3936"
"16,3 : 0.3936"
"3,17 : 0.2693"
"17,3 : 0.2693"
"3,18 : 0.4738"
"18,3 : 0.4738"
"3,19 : 0.6742"
"19,3 : 0.6742"
"3,20 : 0.1789"
"20,3 : 0.1789"
"3,21 : 0.6882"
"21,3 : 0.6882"
"3,22 : 0.5004"
"22,3 : 0.5004"
"3,23 : 0.1746"
"23,3 : 0.1746"
"3,24 : 0.3126"
"24,3 : 0.3126"
"3,25 : 0.5757"
"25,3 : 0.5757"
"3,26 : 0.186"
"26,3 : 0.186"
"3,27 : 0.4144"
"27,3 : 0.4144"
"3,28 : 0.6466"
"28,3 : 0.6466"
"3,29 : 0.2663"
"29,3 : 0.2663"
"3,30 : 0.3225"
"30,3 : 0.3225"
"3,31 : 0.2818"
"31,3 : 0.2818"
"3,32 : 0.1803"
"32,3 : 0.1803"
"3,33 : 0.15"
"33,3 : 0.15"
"3,34 : 0.4883"
"34,3 : 0.4883"
"3,35 : 0.5867"
"35,3 : 0.5867"
"3,36 : 0.0671"
"36,3 : 0.0671"
"3,37 : 0.6041"
"37,3 : 0.6041"
"3,38 : 0.396"
"38,3 : 0.396"
"3,39 : 0.3102"
"39,3 : 0.3102"
"3,40 : 0.0762"
"40,3 : 0.0762"
"3,41 : 0.3311"
"41,3 : 0.3311"
"3,42 : 0.102"
"42,3 : 0.102"
"3,43 : 0.1166"
"43,3 : 0.1166"
"3,44 : 0.5482"
"44,3 : 0.5482"
"3,45 : 0.0943"
"45,3 : 0.0943"
"3,46 : 0.572"
"46,3 : 0.572"
"3,47 : 0.7877"
"47,3 : 0.7877"
"3,48 : 0.2546"
"48,3 : 0.2546"
"3,49 : 0.2915"
"49,3 : 0.2915"
"4,5 : 0.1404"
"5,4 : 0.1404"
"4,6 : 0.8673"
"6,4 : 0.8673"
"4,7 : 0.3716"
"7,4 : 0.3716"
"4,8 : 0.4002"
"8,4 : 0.4002"
"4,9 : 0.5991"
"9,4 : 0.5991"
"4,10 : 0.5991"
"10,4 : 0.5991"
"4,11 : 0.4455"
"11,4 : 0.4455"
"4,12 : 0.706"
"12,4 : 0.706"
"4,13 : 0.8846"
"13,4 : 0.8846"
"4,14 : 0.4804"
"14,4 : 0.4804"
"4,15 : 0.7201"
"15,4 : 0.7201"
"4,16 : 0.4401"
"16,4 : 0.4401"
"4,17 : 0.4937"
"17,4 : 0.4937"
"4,18 : 0.5994"
"18,4 : 0.5994"
"4,19 : 0.4442"
"19,4 : 0.4442"
"4,20 : 0.6185"
"20,4 : 0.6185"
"4,21 : 0.2121"
"21,4 : 0.2121"
"4,22 : 0.6488"
"22,4 : 0.6488"
"4,23 : 0.7256"
"23,4 : 0.7256"
"4,24 : 0.9124"
"24,4 : 0.9124"
"4,25 : 0.0447"
"25,4 : 0.0447"
"4,26 : 0.7011"
"26,4 : 0.7011"
"4,27 : 0.2062"
"27,4 : 0.2062"
"4,28 : 0.3585"
"28,4 : 0.3585"
"4,29 : 0.6014"
"29,4 : 0.6014"
"4,30 : 0.8851"
"30,4 : 0.8851"
"4,31 : 0.6366"
"31,4 : 0.6366"
"4,32 : 0.5801"
"32,4 : 0.5801"
"4,33 : 0.5049"
"33,4 : 0.5049"
"4,34 : 0.507"
"34,4 : 0.507"
"4,35 : 0.1281"
"35,4 : 0.1281"
"4,36 : 0.5749"
"36,4 : 0.5749"
"4,37 : 0.777"
"37,4 : 0.777"
"4,38 : 0.9888"
"38,4 : 0.9888"
"4,39 : 0.781"
"39,4 : 0.781"
"4,40 : 0.5727"
"40,4 : 0.5727"
"4,41 : 0.8792"
"41,4 : 0.8792"
"4,42 : 0.7212"
"42,4 : 0.7212"
"4,43 : 0.7021"
"43,4 : 0.7021"
"4,44 : 0.3466"
"44,4 : 0.3466"
"4,45 : 0.6946"
"45,4 : 0.6946"
"4,46 : 0.368"
"46,4 : 0.368"
"4,47 : 0.25"
"47,4 : 0.25"
"4,48 : 0.7701"
"48,4 : 0.7701"
"4,49 : 0.9062"
"49,4 : 0.9062"
"5,6 : 0.7341"
"6,5 : 0.7341"
"5,7 : 0.3501"
"7,5 : 0.3501"
"5,8 : 0.2693"
"8,5 : 0.2693"
"5,9 : 0.4682"
"9,5 : 0.4682"
"5,10 : 0.4682"
"10,5 : 0.4682"
"5,11 : 0.3105"
"11,5 : 0.3105"
"5,12 : 0.5692"
"12,5 : 0.5692"
"5,13 : 0.7467"
"13,5 : 0.7467"
"5,14 : 0.4965"
"14,5 : 0.4965"
"5,15 : 0.6224"
"15,5 : 0.6224"
"5,16 : 0.3191"
"16,5 : 0.3191"
"5,17 : 0.3569"
"17,5 : 0.3569"
"5,18 : 0.486"
"18,5 : 0.486"
"5,19 : 0.4002"
"19,5 : 0.4002"
"5,20 : 0.5025"
"20,5 : 0.5025"
"5,21 : 0.246"
"21,5 : 0.246"
"5,22 : 0.536"
"22,5 : 0.536"
"5,23 : 0.6022"
"23,5 : 0.6022"
"5,24 : 0.7728"
"24,5 : 0.7728"
"5,25 : 0.1005"
"25,5 : 0.1005"
"5,26 : 0.5608"
"26,5 : 0.5608"
"5,27 : 0.0721"
"27,5 : 0.0721"
"5,28 : 0.3225"
"28,5 : 0.3225"
"5,29 : 0.5"
"29,5 : 0.5"
"5,30 : 0.764"
"30,5 : 0.764"
"5,31 : 0.536"
"31,5 : 0.536"
"5,32 : 0.44"
"32,5 : 0.44"
"5,33 : 0.365"
"33,5 : 0.365"
"5,34 : 0.4627"
"34,5 : 0.4627"
"5,35 : 0.1253"
"35,5 : 0.1253"
"5,36 : 0.4368"
"36,5 : 0.4368"
"5,37 : 0.6684"
"37,5 : 0.6684"
"5,38 : 0.8628"
"38,5 : 0.8628"
"5,39 : 0.6721"
"39,5 : 0.6721"
"5,40 : 0.4342"
"40,5 : 0.4342"
"5,41 : 0.7606"
"41,5 : 0.7606"
"5,42 : 0.5852"
"42,5 : 0.5852"
"5,43 : 0.5629"
"43,5 : 0.5629"
"5,44 : 0.2731"
"44,5 : 0.2731"
"5,45 : 0.5636"
"45,5 : 0.5636"
"5,46 : 0.3008"
"46,5 : 0.3008"
"5,47 : 0.3265"
"47,5 : 0.3265"
"5,48 : 0.63"
"48,5 : 0.63"
"5,49 : 0.7739"
"49,5 : 0.7739"
"6,7 : 0.9263"
"7,6 : 0.9263"
"6,8 : 0.58"
"8,6 : 0.58"
"6,9 : 0.5143"
"9,6 : 0.5143"
"6,10 : 0.5143"
"10,6 : 0.5143"
"6,11 : 0.5304"
"11,6 : 0.5304"
"6,12 : 0.1769"
"12,6 : 0.1769"
"6,13 : 0.4061"
"13,6 : 0.4061"
"6,14 : 0.8472"
"14,6 : 0.8472"
"6,15 : 0.7875"
"15,6 : 0.7875"
"6,16 : 0.6172"
"16,6 : 0.6172"
"6,17 : 0.4892"
"17,6 : 0.4892"
"6,18 : 0.6531"
"18,6 : 0.6531"
"6,19 : 0.9014"
"19,6 : 0.9014"
"6,20 : 0.3027"
"20,6 : 0.3027"
"6,21 : 0.9374"
"21,6 : 0.9374"
"6,22 : 0.6648"
"22,6 : 0.6648"
"6,23 : 0.1868"
"23,6 : 0.1868"
"6,24 : 0.1836"
"24,6 : 0.1836"
"6,25 : 0.8228"
"25,6 : 0.8228"
"6,26 : 0.2915"
"26,6 : 0.2915"
"6,27 : 0.6631"
"27,6 : 0.6631"
"6,28 : 0.8839"
"28,6 : 0.8839"
"6,29 : 0.3833"
"29,6 : 0.3833"
"6,30 : 0.1709"
"30,6 : 0.1709"
"6,31 : 0.3734"
"31,6 : 0.3734"
"6,32 : 0.378"
"32,6 : 0.378"
"6,33 : 0.392"
"33,6 : 0.392"
"6,34 : 0.6403"
"34,6 : 0.6403"
"6,35 : 0.8373"
"35,6 : 0.8373"
"6,36 : 0.3081"
"36,6 : 0.3081"
"6,37 : 0.7355"
"37,6 : 0.7355"
"6,38 : 0.1709"
"38,6 : 0.1709"
"6,39 : 0.2832"
"39,6 : 0.2832"
"6,40 : 0.314"
"40,6 : 0.314"
"6,41 : 0.197"
"41,6 : 0.197"
"6,42 : 0.1562"
"42,6 : 0.1562"
"6,43 : 0.2163"
"43,6 : 0.2163"
"6,44 : 0.7849"
"44,6 : 0.7849"
"6,45 : 0.1746"
"45,6 : 0.1746"
"6,46 : 0.8062"
"46,6 : 0.8062"
"6,47 : 1.0377"
"47,6 : 1.0377"
"6,48 : 0.3027"
"48,6 : 0.3027"
"6,49 : 0.0424"
"49,6 : 0.0424"
"7,8 : 0.3466"
"8,7 : 0.3466"
"7,9 : 0.4701"
"9,7 : 0.4701"
"7,10 : 0.4701"
"10,7 : 0.4701"
"7,11 : 0.3962"
"11,7 : 0.3962"
"7,12 : 0.7495"
"12,7 : 0.7495"
"7,13 : 0.7716"
"13,7 : 0.7716"
"7,14 : 0.8374"
"14,7 : 0.8374"
"7,15 : 0.4317"
"15,7 : 0.4317"
"7,16 : 0.3162"
"16,7 : 0.3162"
"7,17 : 0.4405"
"17,7 : 0.4405"
"7,18 : 0.3847"
"18,7 : 0.3847"
"7,19 : 0.0894"
"19,7 : 0.0894"
"7,20 : 0.7783"
"20,7 : 0.7783"
"7,21 : 0.1769"
"21,7 : 0.1769"
"7,22 : 0.4211"
"22,7 : 0.4211"
"7,23 : 0.8488"
"23,7 : 0.8488"
"7,24 : 0.8959"
"24,7 : 0.8959"
"7,25 : 0.3764"
"25,7 : 0.3764"
"7,26 : 0.6685"
"26,7 : 0.6685"
"7,27 : 0.3932"
"27,7 : 0.3932"
"7,28 : 0.0424"
"28,7 : 0.0424"
"7,29 : 0.8041"
"29,7 : 0.8041"
"7,30 : 1.008"
"30,7 : 1.008"
"7,31 : 0.8393"
"31,7 : 0.8393"
"7,32 : 0.5544"
"32,7 : 0.5544"
"7,33 : 0.5391"
"33,7 : 0.5391"
"7,34 : 0.811"
"34,7 : 0.811"
"7,35 : 0.25"
"35,7 : 0.25"
"7,36 : 0.6237"
"36,7 : 0.6237"
"7,37 : 0.5148"
"37,7 : 0.5148"
"7,38 : 1.0837"
"38,7 : 1.0837"
"7,39 : 0.9529"
"39,7 : 0.9529"
"7,40 : 0.6162"
"40,7 : 0.6162"
"7,41 : 1.0126"
"41,7 : 1.0126"
"7,42 : 0.7708"
"42,7 : 0.7708"
"7,43 : 0.7159"
"43,7 : 0.7159"
"7,44 : 0.1414"
"44,7 : 0.1414"
"7,45 : 0.7824"
"45,7 : 0.7824"
"7,46 : 0.1221"
"46,7 : 0.1221"
"7,47 : 0.2417"
"47,7 : 0.2417"
"7,48 : 0.712"
"48,7 : 0.712"
"7,49 : 0.9688"
"49,7 : 0.9688"
"8,9 : 0.1992"
"9,8 : 0.1992"
"8,10 : 0.1992"
"10,8 : 0.1992"
"8,11 : 0.0539"
"11,8 : 0.0539"
"8,12 : 0.4031"
"12,8 : 0.4031"
"8,13 : 0.49"
"13,8 : 0.49"
"8,14 : 0.7021"
"14,8 : 0.7021"
"8,15 : 0.3936"
"15,8 : 0.3936"
"8,16 : 0.0728"
"16,8 : 0.0728"
"8,17 : 0.1044"
"17,8 : 0.1044"
"8,18 : 0.236"
"18,8 : 0.236"
"8,19 : 0.3312"
"19,8 : 0.3312"
"8,20 : 0.4561"
"20,8 : 0.4561"
"8,21 : 0.3795"
"21,8 : 0.3795"
"8,22 : 0.2843"
"22,8 : 0.2843"
"8,23 : 0.51"
"23,8 : 0.51"
"8,24 : 0.5636"
"24,8 : 0.5636"
"8,25 : 0.3669"
"25,8 : 0.3669"
"8,26 : 0.3362"
"26,8 : 0.3362"
"8,27 : 0.236"
"27,8 : 0.236"
"8,28 : 0.3041"
"28,8 : 0.3041"
"8,29 : 0.5025"
"29,8 : 0.5025"
"8,30 : 0.6657"
"30,8 : 0.6657"
"8,31 : 0.5346"
"31,8 : 0.5346"
"8,32 : 0.2147"
"32,8 : 0.2147"
"8,33 : 0.1942"
"33,8 : 0.1942"
"8,34 : 0.5946"
"34,8 : 0.5946"
"8,35 : 0.3102"
"35,8 : 0.3102"
"8,36 : 0.278"
"36,8 : 0.278"
"8,37 : 0.4187"
"37,8 : 0.4187"
"8,38 : 0.7376"
"38,8 : 0.7376"
"8,39 : 0.6263"
"39,8 : 0.6263"
"8,40 : 0.2702"
"40,8 : 0.2702"
"8,41 : 0.6723"
"41,8 : 0.6723"
"8,42 : 0.4243"
"42,8 : 0.4243"
"8,43 : 0.372"
"43,8 : 0.372"
"8,44 : 0.2052"
"44,8 : 0.2052"
"8,45 : 0.4383"
"45,8 : 0.4383"
"8,46 : 0.228"
"46,8 : 0.228"
"8,47 : 0.4838"
"47,8 : 0.4838"
"8,48 : 0.3929"
"48,8 : 0.3929"
"8,49 : 0.6224"
"49,8 : 0.6224"
"9,10 : 0.0"
"10,9 : 0.0"
"9,11 : 0.1612"
"11,9 : 0.1612"
"9,12 : 0.3544"
"12,9 : 0.3544"
"9,13 : 0.3059"
"13,9 : 0.3059"
"9,14 : 0.87"
"14,9 : 0.87"
"9,15 : 0.2902"
"15,9 : 0.2902"
"9,16 : 0.1703"
"16,9 : 0.1703"
"9,17 : 0.1273"
"17,9 : 0.1273"
"9,18 : 0.1393"
"18,9 : 0.1393"
"9,19 : 0.4188"
"19,9 : 0.4188"
"9,20 : 0.5049"
"20,9 : 0.5049"
"9,21 : 0.5533"
"21,9 : 0.5533"
"9,22 : 0.1603"
"22,9 : 0.1603"
"9,23 : 0.5124"
"23,9 : 0.5124"
"9,24 : 0.4386"
"24,9 : 0.4386"
"9,25 : 0.5661"
"25,9 : 0.5661"
"9,26 : 0.2247"
"26,9 : 0.2247"
"9,27 : 0.4294"
"27,9 : 0.4294"
"9,28 : 0.4308"
"28,9 : 0.4308"
"9,29 : 0.5772"
"29,9 : 0.5772"
"9,30 : 0.6429"
"30,9 : 0.6429"
"9,31 : 0.6021"
"31,9 : 0.6021"
"9,32 : 0.16"
"32,9 : 0.16"
"9,33 : 0.2341"
"33,9 : 0.2341"
"9,34 : 0.7325"
"34,9 : 0.7325"
"9,35 : 0.5025"
"35,9 : 0.5025"
"9,36 : 0.2807"
"36,9 : 0.2807"
"9,37 : 0.272"
"37,9 : 0.272"
"9,38 : 0.6845"
"38,9 : 0.6845"
"9,39 : 0.6503"
"39,9 : 0.6503"
"9,40 : 0.2707"
"40,9 : 0.2707"
"9,41 : 0.6573"
"41,9 : 0.6573"
"9,42 : 0.3764"
"42,9 : 0.3764"
"9,43 : 0.3008"
"43,9 : 0.3008"
"9,44 : 0.3421"
"44,9 : 0.3421"
"9,45 : 0.4243"
"45,9 : 0.4243"
"9,46 : 0.3511"
"46,9 : 0.3511"
"9,47 : 0.6562"
"47,9 : 0.6562"
"9,48 : 0.2484"
"48,9 : 0.2484"
"9,49 : 0.5547"
"49,9 : 0.5547"
"10,11 : 0.1612"
"11,10 : 0.1612"
"10,12 : 0.3544"
"12,10 : 0.3544"
"10,13 : 0.3059"
"13,10 : 0.3059"
"10,14 : 0.87"
"14,10 : 0.87"
"10,15 : 0.2902"
"15,10 : 0.2902"
"10,16 : 0.1703"
"16,10 : 0.1703"
"10,17 : 0.1273"
"17,10 : 0.1273"
"10,18 : 0.1393"
"18,10 : 0.1393"
"10,19 : 0.4188"
"19,10 : 0.4188"
"10,20 : 0.5049"
"20,10 : 0.5049"
"10,21 : 0.5533"
"21,10 : 0.5533"
"10,22 : 0.1603"
"22,10 : 0.1603"
"10,23 : 0.5124"
"23,10 : 0.5124"
"10,24 : 0.4386"
"24,10 : 0.4386"
"10,25 : 0.5661"
"25,10 : 0.5661"
"10,26 : 0.2247"
"26,10 : 0.2247"
"10,27 : 0.4294"
"27,10 : 0.4294"
"10,28 : 0.4308"
"28,10 : 0.4308"
"10,29 : 0.5772"
"29,10 : 0.5772"
"10,30 : 0.6429"
"30,10 : 0.6429"
"10,31 : 0.6021"
"31,10 : 0.6021"
"10,32 : 0.16"
"32,10 : 0.16"
"10,33 : 0.2341"
"33,10 : 0.2341"
"10,34 : 0.7325"
"34,10 : 0.7325"
"10,35 : 0.5025"
"35,10 : 0.5025"
"10,36 : 0.2807"
"36,10 : 0.2807"
"10,37 : 0.272"
"37,10 : 0.272"
"10,38 : 0.6845"
"38,10 : 0.6845"
"10,39 : 0.6503"
"39,10 : 0.6503"
"10,40 : 0.2707"
"40,10 : 0.2707"
"10,41 : 0.6573"
"41,10 : 0.6573"
"10,42 : 0.3764"
"42,10 : 0.3764"
"10,43 : 0.3008"
"43,10 : 0.3008"
"10,44 : 0.3421"
"44,10 : 0.3421"
"10,45 : 0.4243"
"45,10 : 0.4243"
"10,46 : 0.3511"
"46,10 : 0.3511"
"10,47 : 0.6562"
"47,10 : 0.6562"
"10,48 : 0.2484"
"48,10 : 0.2484"
"10,49 : 0.5547"
"49,10 : 0.5547"
"11,12 : 0.3538"
"12,11 : 0.3538"
"11,13 : 0.4405"
"13,11 : 0.4405"
"11,14 : 0.717"
"14,11 : 0.717"
"11,15 : 0.3922"
"15,11 : 0.3922"
"11,16 : 0.0949"
"16,11 : 0.0949"
"11,17 : 0.051"
"17,11 : 0.051"
"11,18 : 0.2285"
"18,11 : 0.2285"
"11,19 : 0.3744"
"19,11 : 0.3744"
"11,20 : 0.4258"
"20,11 : 0.4258"
"11,21 : 0.4332"
"21,11 : 0.4332"
"11,22 : 0.2729"
"22,11 : 0.2729"
"11,23 : 0.4701"
"23,11 : 0.4701"
"11,24 : 0.5099"
"24,11 : 0.5099"
"11,25 : 0.41"
"25,11 : 0.41"
"11,26 : 0.2823"
"26,11 : 0.2823"
"11,27 : 0.2683"
"27,11 : 0.2683"
"11,28 : 0.3538"
"28,11 : 0.3538"
"11,29 : 0.48"
"29,11 : 0.48"
"11,30 : 0.6227"
"30,11 : 0.6227"
"11,31 : 0.5104"
"31,11 : 0.5104"
"11,32 : 0.1612"
"32,11 : 0.1612"
"11,33 : 0.1523"
"33,11 : 0.1523"
"11,34 : 0.5951"
"34,11 : 0.5951"
"11,35 : 0.3612"
"35,11 : 0.3612"
"11,36 : 0.2332"
"36,11 : 0.2332"
"11,37 : 0.405"
"37,11 : 0.405"
"11,38 : 0.6903"
"38,11 : 0.6903"
"11,39 : 0.592"
"39,11 : 0.592"
"11,40 : 0.2247"
"40,11 : 0.2247"
"11,41 : 0.6306"
"41,11 : 0.6306"
"11,42 : 0.3754"
"42,11 : 0.3754"
"11,43 : 0.3202"
"43,11 : 0.3202"
"11,44 : 0.255"
"44,11 : 0.255"
"11,45 : 0.3945"
"45,11 : 0.3945"
"11,46 : 0.2759"
"46,11 : 0.2759"
"11,47 : 0.5376"
"47,11 : 0.5376"
"11,48 : 0.3396"
"48,11 : 0.3396"
"11,49 : 0.5728"
"49,11 : 0.5728"
"12,13 : 0.3441"
"13,12 : 0.3441"
"12,14 : 0.7577"
"14,12 : 0.7577"
"12,15 : 0.6395"
"15,12 : 0.6395"
"12,16 : 0.442"
"16,12 : 0.442"
"12,17 : 0.314"
"17,12 : 0.314"
"12,18 : 0.4934"
"18,12 : 0.4934"
"12,19 : 0.7262"
"19,12 : 0.7262"
"12,20 : 0.2335"
"20,12 : 0.2335"
"12,21 : 0.7632"
"21,12 : 0.7632"
"12,22 : 0.512"
"22,12 : 0.512"
"12,23 : 0.1772"
"23,12 : 0.1772"
"12,24 : 0.2236"
"24,12 : 0.2236"
"12,25 : 0.6622"
"25,12 : 0.6622"
"12,26 : 0.1513"
"26,12 : 0.1513"
"12,27 : 0.5"
"27,12 : 0.5"
"12,28 : 0.7071"
"28,12 : 0.7071"
"12,29 : 0.3256"
"29,12 : 0.3256"
"12,30 : 0.2886"
"30,12 : 0.2886"
"12,31 : 0.333"
"31,12 : 0.333"
"12,32 : 0.2059"
"32,12 : 0.2059"
"12,33 : 0.2163"
"33,12 : 0.2163"
"12,34 : 0.5644"
"34,12 : 0.5644"
"12,35 : 0.6664"
"35,12 : 0.6664"
"12,36 : 0.1342"
"36,12 : 0.1342"
"12,37 : 0.6003"
"37,12 : 0.6003"
"12,38 : 0.3384"
"38,12 : 0.3384"
"12,39 : 0.3202"
"39,12 : 0.3202"
"12,40 : 0.1389"
"40,12 : 0.1389"
"12,41 : 0.3041"
"41,12 : 0.3041"
"12,42 : 0.0224"
"42,12 : 0.0224"
"12,43 : 0.0608"
"43,12 : 0.0608"
"12,44 : 0.6081"
"44,12 : 0.6081"
"12,45 : 0.0894"
"45,12 : 0.0894"
"12,46 : 0.6297"
"46,12 : 0.6297"
"12,47 : 0.8645"
"47,12 : 0.8645"
"12,48 : 0.2012"
"48,12 : 0.2012"
"12,49 : 0.2193"
"49,12 : 0.2193"
"13,14 : 1.0653"
"14,13 : 1.0653"
"13,15 : 0.4675"
"15,13 : 0.4675"
"13,16 : 0.4752"
"16,13 : 0.4752"
"13,17 : 0.3912"
"17,13 : 0.3912"
"13,18 : 0.3982"
"18,13 : 0.3982"
"13,19 : 0.7118"
"19,13 : 0.7118"
"13,20 : 0.5749"
"20,13 : 0.5749"
"13,21 : 0.8584"
"21,13 : 0.8584"
"13,22 : 0.3801"
"22,13 : 0.3801"
"13,23 : 0.5148"
"23,13 : 0.5148"
"13,24 : 0.2408"
"24,13 : 0.2408"
"13,25 : 0.8472"
"25,13 : 0.8472"
"13,26 : 0.222"
"26,13 : 0.222"
"13,27 : 0.6943"
"27,13 : 0.6943"
"13,28 : 0.7338"
"28,13 : 0.7338"
"13,29 : 0.666"
"29,13 : 0.666"
"13,30 : 0.5749"
"30,13 : 0.5749"
"13,31 : 0.6762"
"31,13 : 0.6762"
"13,32 : 0.3162"
"32,13 : 0.3162"
"13,33 : 0.4123"
"33,13 : 0.4123"
"13,34 : 0.8887"
"34,13 : 0.8887"
"13,35 : 0.8001"
"35,13 : 0.8001"
"13,36 : 0.3883"
"36,13 : 0.3883"
"13,37 : 0.3883"
"37,13 : 0.3883"
"13,38 : 0.5601"
"38,13 : 0.5601"
"13,39 : 0.6531"
"39,13 : 0.6531"
"13,40 : 0.3828"
"40,13 : 0.3828"
"13,41 : 0.5991"
"41,13 : 0.5991"
"13,42 : 0.3551"
"42,13 : 0.3551"
"13,43 : 0.2907"
"43,13 : 0.2907"
"13,44 : 0.6476"
"44,13 : 0.6476"
"13,45 : 0.4327"
"45,13 : 0.4327"
"13,46 : 0.6552"
"46,13 : 0.6552"
"13,47 : 0.9618"
"47,13 : 0.9618"
"13,48 : 0.1487"
"48,13 : 0.1487"
"13,49 : 0.4319"
"49,13 : 0.4319"
"14,15 : 1.0929"
"15,14 : 1.0929"
"14,16 : 0.771"
"16,14 : 0.771"
"14,17 : 0.7428"
"17,14 : 0.7428"
"14,18 : 0.9381"
"18,14 : 0.9381"
"14,19 : 0.8956"
"19,14 : 0.8956"
"14,20 : 0.5457"
"20,14 : 0.5457"
"14,21 : 0.6918"
"21,14 : 0.6918"
"14,22 : 0.986"
"22,14 : 0.986"
"14,23 : 0.661"
"23,14 : 0.661"
"14,24 : 0.9774"
"24,14 : 0.9774"
"14,25 : 0.4639"
"25,14 : 0.4639"
"14,26 : 0.8438"
"26,14 : 0.8438"
"14,27 : 0.483"
"27,14 : 0.483"
"14,28 : 0.8149"
"28,14 : 0.8149"
"14,29 : 0.4653"
"29,14 : 0.4653"
"14,30 : 0.7701"
"30,14 : 0.7701"
"14,31 : 0.4817"
"31,14 : 0.4817"
"14,32 : 0.7622"
"32,14 : 0.7622"
"14,33 : 0.6622"
"33,14 : 0.6622"
"14,34 : 0.2102"
"34,14 : 0.2102"
"14,35 : 0.5886"
"35,14 : 0.5886"
"14,36 : 0.6774"
"36,14 : 0.6774"
"14,37 : 1.12"
"37,14 : 1.12"
"14,38 : 0.8901"
"38,14 : 0.8901"
"14,39 : 0.6203"
"39,14 : 0.6203"
"14,40 : 0.6826"
"40,14 : 0.6826"
"14,41 : 0.7501"
"41,14 : 0.7501"
"14,42 : 0.7596"
"42,14 : 0.7596"
"14,43 : 0.7916"
"43,14 : 0.7916"
"14,44 : 0.769"
"44,14 : 0.769"
"14,45 : 0.6926"
"45,14 : 0.6926"
"14,46 : 0.7971"
"46,14 : 0.7971"
"14,47 : 0.7217"
"47,14 : 0.7217"
"14,48 : 0.9192"
"48,14 : 0.9192"
"14,49 : 0.8713"
"49,14 : 0.8713"
"15,16 : 0.3225"
"16,15 : 0.3225"
"15,17 : 0.3883"
"17,15 : 0.3883"
"15,18 : 0.1649"
"18,15 : 0.1649"
"15,19 : 0.3453"
"19,15 : 0.3453"
"15,20 : 0.7923"
"20,15 : 0.7923"
"15,21 : 0.5869"
"21,15 : 0.5869"
"15,22 : 0.13"
"22,15 : 0.13"
"15,23 : 0.8022"
"23,15 : 0.8022"
"15,24 : 0.676"
"24,15 : 0.676"
"15,25 : 0.7018"
"25,15 : 0.7018"
"15,26 : 0.4973"
"26,15 : 0.4973"
"15,27 : 0.614"
"27,15 : 0.614"
"15,28 : 0.4111"
"28,15 : 0.4111"
"15,29 : 0.8599"
"29,15 : 0.8599"
"15,30 : 0.9276"
"30,15 : 0.9276"
"15,31 : 0.8868"
"31,15 : 0.8868"
"15,32 : 0.4501"
"32,15 : 0.4501"
"15,33 : 0.5148"
"33,15 : 0.5148"
"15,34 : 0.9862"
"34,15 : 0.9862"
"15,35 : 0.5964"
"35,15 : 0.5964"
"15,36 : 0.5701"
"36,15 : 0.5701"
"15,37 : 0.0949"
"37,15 : 0.0949"
"15,38 : 0.9582"
"38,15 : 0.9582"
"15,39 : 0.9405"
"39,15 : 0.9405"
"15,40 : 0.5601"
"40,15 : 0.5601"
"15,41 : 0.9437"
"41,15 : 0.9437"
"15,42 : 0.661"
"42,15 : 0.661"
"15,43 : 0.5825"
"43,15 : 0.5825"
"15,44 : 0.3774"
"44,15 : 0.3774"
"15,45 : 0.7134"
"45,15 : 0.7134"
"15,46 : 0.3624"
"46,15 : 0.3624"
"15,47 : 0.6705"
"47,15 : 0.6705"
"15,48 : 0.4924"
"48,15 : 0.4924"
"15,49 : 0.8254"
"49,15 : 0.8254"
"16,17 : 0.1281"
"17,16 : 0.1281"
"16,18 : 0.1697"
"18,16 : 0.1697"
"16,19 : 0.2843"
"19,16 : 0.2843"
"16,20 : 0.5197"
"20,16 : 0.5197"
"16,21 : 0.3833"
"21,16 : 0.3833"
"16,22 : 0.2193"
"22,16 : 0.2193"
"16,23 : 0.5646"
"23,16 : 0.5646"
"16,24 : 0.5798"
"24,16 : 0.5798"
"16,25 : 0.4115"
"25,16 : 0.4115"
"16,26 : 0.3523"
"26,16 : 0.3523"
"16,27 : 0.297"
"27,16 : 0.297"
"16,28 : 0.2746"
"28,16 : 0.2746"
"16,29 : 0.5708"
"29,16 : 0.5708"
"16,30 : 0.7159"
"30,16 : 0.7159"
"16,31 : 0.6021"
"31,16 : 0.6021"
"16,32 : 0.2404"
"32,16 : 0.2404"
"16,33 : 0.247"
"33,16 : 0.247"
"16,34 : 0.6673"
"34,16 : 0.6673"
"16,35 : 0.3354"
"35,16 : 0.3354"
"16,36 : 0.3265"
"36,16 : 0.3265"
"16,37 : 0.3536"
"37,16 : 0.3536"
"16,38 : 0.7801"
"38,16 : 0.7801"
"16,39 : 0.6868"
"39,16 : 0.6868"
"16,40 : 0.3176"
"40,16 : 0.3176"
"16,41 : 0.7245"
"41,16 : 0.7245"
"16,42 : 0.464"
"42,16 : 0.464"
"16,43 : 0.4031"
"43,16 : 0.4031"
"16,44 : 0.1789"
"44,16 : 0.1789"
"16,45 : 0.4876"
"45,16 : 0.4876"
"16,46 : 0.1942"
"46,16 : 0.1942"
"16,47 : 0.4866"
"47,16 : 0.4866"
"16,48 : 0.3981"
"48,16 : 0.3981"
"16,49 : 0.6595"
"49,16 : 0.6595"
"17,18 : 0.2236"
"18,17 : 0.2236"
"17,19 : 0.4123"
"19,17 : 0.4123"
"17,20 : 0.4105"
"20,17 : 0.4105"
"17,21 : 0.4838"
"21,17 : 0.4838"
"17,22 : 0.2625"
"22,17 : 0.2625"
"17,23 : 0.4427"
"23,17 : 0.4427"
"17,24 : 0.4607"
"24,17 : 0.4607"
"17,25 : 0.4571"
"25,17 : 0.4571"
"17,26 : 0.2326"
"26,17 : 0.2326"
"17,27 : 0.3102"
"27,17 : 0.3102"
"17,28 : 0.3982"
"28,17 : 0.3982"
"17,29 : 0.4727"
"29,17 : 0.4727"
"17,30 : 0.5903"
"30,17 : 0.5903"
"17,31 : 0.5009"
"31,17 : 0.5009"
"17,32 : 0.114"
"32,17 : 0.114"
"17,33 : 0.1304"
"33,17 : 0.1304"
"17,34 : 0.609"
"34,17 : 0.609"
"17,35 : 0.4119"
"35,17 : 0.4119"
"17,36 : 0.2025"
"36,17 : 0.2025"
"17,37 : 0.3891"
"37,17 : 0.3891"
"17,38 : 0.6522"
"38,17 : 0.6522"
"17,39 : 0.5707"
"39,17 : 0.5707"
"17,40 : 0.1931"
"40,17 : 0.1931"
"17,41 : 0.6001"
"41,17 : 0.6001"
"17,42 : 0.336"
"42,17 : 0.336"
"17,43 : 0.2759"
"43,17 : 0.2759"
"17,44 : 0.3"
"44,17 : 0.3"
"17,45 : 0.3625"
"45,17 : 0.3625"
"17,46 : 0.3189"
"46,17 : 0.3189"
"17,47 : 0.5882"
"47,17 : 0.5882"
"17,48 : 0.2886"
"48,17 : 0.2886"
"17,49 : 0.5315"
"49,17 : 0.5315"
"18,19 : 0.3162"
"19,18 : 0.3162"
"18,20 : 0.6303"
"20,18 : 0.6303"
"18,21 : 0.5049"
"21,18 : 0.5049"
"18,22 : 0.05"
"22,18 : 0.05"
"18,23 : 0.6478"
"23,18 : 0.6478"
"18,24 : 0.5673"
"24,18 : 0.5673"
"18,25 : 0.5745"
"25,18 : 0.5745"
"18,26 : 0.3624"
"26,18 : 0.3624"
"18,27 : 0.4667"
"27,18 : 0.4667"
"18,28 : 0.3513"
"28,18 : 0.3513"
"18,29 : 0.6958"
"29,18 : 0.6958"
"18,30 : 0.7816"
"30,18 : 0.7816"
"18,31 : 0.7234"
"31,18 : 0.7234"
"18,32 : 0.2943"
"32,18 : 0.2943"
"18,33 : 0.3513"
"33,18 : 0.3513"
"18,34 : 0.8235"
"34,18 : 0.8235"
"18,35 : 0.4847"
"35,18 : 0.4847"
"18,36 : 0.4111"
"36,18 : 0.4111"
"18,37 : 0.1838"
"37,18 : 0.1838"
"18,38 : 0.8235"
"38,18 : 0.8235"
"18,39 : 0.7831"
"39,18 : 0.7831"
"18,40 : 0.4011"
"40,18 : 0.4011"
"18,41 : 0.7956"
"41,18 : 0.7956"
"18,42 : 0.5155"
"42,18 : 0.5155"
"18,43 : 0.4401"
"43,18 : 0.4401"
"18,44 : 0.2828"
"44,18 : 0.2828"
"18,45 : 0.5609"
"45,18 : 0.5609"
"18,46 : 0.2802"
"46,18 : 0.2802"
"18,47 : 0.6013"
"47,18 : 0.6013"
"18,48 : 0.3764"
"48,18 : 0.3764"
"18,49 : 0.6932"
"49,18 : 0.6932"
"19,20 : 0.7819"
"20,19 : 0.7819"
"19,21 : 0.2625"
"21,19 : 0.2625"
"19,22 : 0.3471"
"22,19 : 0.3471"
"19,23 : 0.8412"
"23,19 : 0.8412"
"19,24 : 0.8543"
"24,19 : 0.8543"
"19,25 : 0.4428"
"25,19 : 0.4428"
"19,26 : 0.6303"
"26,19 : 0.6303"
"19,27 : 0.431"
"27,19 : 0.431"
"19,28 : 0.086"
"28,19 : 0.086"
"19,29 : 0.8174"
"29,19 : 0.8174"
"19,30 : 0.9964"
"30,19 : 0.9964"
"19,31 : 0.8516"
"31,19 : 0.8516"
"19,32 : 0.524"
"32,19 : 0.524"
"19,33 : 0.5248"
"33,19 : 0.5248"
"19,34 : 0.8509"
"34,19 : 0.8509"
"19,35 : 0.3176"
"35,19 : 0.3176"
"19,36 : 0.6075"
"36,19 : 0.6075"
"19,37 : 0.431"
"37,19 : 0.431"
"19,38 : 1.064"
"38,19 : 1.064"
"19,39 : 0.9546"
"39,19 : 0.9546"
"19,40 : 0.5991"
"40,19 : 0.5991"
"19,41 : 1.0034"
"41,19 : 1.0034"
"19,42 : 0.7481"
"42,19 : 0.7481"
"19,43 : 0.6868"
"43,19 : 0.6868"
"19,44 : 0.1414"
"44,19 : 0.1414"
"19,45 : 0.7685"
"45,19 : 0.7685"
"19,46 : 0.1118"
"46,19 : 0.1118"
"19,47 : 0.3311"
"47,19 : 0.3311"
"19,48 : 0.6661"
"48,19 : 0.6661"
"19,49 : 0.9437"
"49,19 : 0.9437"
"20,21 : 0.7376"
"21,20 : 0.7376"
"20,22 : 0.6627"
"22,20 : 0.6627"
"20,23 : 0.1204"
"23,20 : 0.1204"
"20,24 : 0.4383"
"24,20 : 0.4383"
"20,25 : 0.5743"
"25,20 : 0.5743"
"20,26 : 0.3636"
"26,20 : 0.3636"
"20,27 : 0.4314"
"27,20 : 0.4314"
"20,28 : 0.7379"
"28,20 : 0.7379"
"20,29 : 0.0922"
"29,20 : 0.0922"
"20,30 : 0.2683"
"30,20 : 0.2683"
"20,31 : 0.103"
"31,20 : 0.103"
"20,32 : 0.3471"
"32,20 : 0.3471"
"20,33 : 0.2802"
"33,20 : 0.2802"
"20,34 : 0.3418"
"34,20 : 0.3418"
"20,35 : 0.6224"
"35,20 : 0.6224"
"20,36 : 0.2256"
"36,20 : 0.2256"
"20,37 : 0.7747"
"37,20 : 0.7747"
"20,38 : 0.3795"
"38,20 : 0.3795"
"20,39 : 0.1749"
"39,20 : 0.1749"
"20,40 : 0.2354"
"40,20 : 0.2354"
"20,41 : 0.2608"
"41,20 : 0.2608"
"20,42 : 0.228"
"42,20 : 0.228"
"20,43 : 0.2843"
"43,20 : 0.2843"
"20,44 : 0.6447"
"44,20 : 0.6447"
"20,45 : 0.1526"
"45,20 : 0.1526"
"20,46 : 0.6723"
"46,20 : 0.6723"
"20,47 : 0.8273"
"47,20 : 0.8273"
"20,48 : 0.428"
"48,20 : 0.428"
"20,49 : 0.3302"
"49,20 : 0.3302"
"21,22 : 0.5492"
"22,21 : 0.5492"
"21,23 : 0.8276"
"23,21 : 0.8276"
"21,24 : 0.9415"
"24,21 : 0.9415"
"21,25 : 0.2302"
"25,21 : 0.2302"
"21,26 : 0.7151"
"26,21 : 0.7151"
"21,27 : 0.3106"
"27,21 : 0.3106"
"21,28 : 0.1803"
"28,21 : 0.1803"
"21,29 : 0.7433"
"29,21 : 0.7433"
"21,30 : 0.9904"
"30,21 : 0.9904"
"21,31 : 0.7794"
"31,21 : 0.7794"
"21,32 : 0.5924"
"32,21 : 0.5924"
"21,33 : 0.5471"
"33,21 : 0.5471"
"21,34 : 0.6986"
"34,21 : 0.6986"
"21,35 : 0.1208"
"35,21 : 0.1208"
"21,36 : 0.6297"
"36,21 : 0.6297"
"21,37 : 0.661"
"37,21 : 0.661"
"21,38 : 1.0807"
"38,21 : 1.0807"
"21,39 : 0.9105"
"39,21 : 0.9105"
"21,40 : 0.6243"
"40,21 : 0.6243"
"21,41 : 0.9899"
"41,21 : 0.9899"
"21,42 : 0.7823"
"42,21 : 0.7823"
"21,43 : 0.7424"
"43,21 : 0.7424"
"21,44 : 0.222"
"44,21 : 0.222"
"21,45 : 0.7762"
"45,21 : 0.7762"
"21,46 : 0.228"
"46,21 : 0.228"
"21,47 : 0.1044"
"47,21 : 0.1044"
"21,48 : 0.772"
"48,21 : 0.772"
"21,49 : 0.9791"
"49,21 : 0.9791"
"22,23 : 0.6727"
"23,22 : 0.6727"
"22,24 : 0.5661"
"24,22 : 0.5661"
"22,25 : 0.6243"
"25,22 : 0.6243"
"22,26 : 0.3734"
"26,22 : 0.3734"
"22,27 : 0.5162"
"27,22 : 0.5162"
"22,28 : 0.39"
"28,22 : 0.39"
"22,29 : 0.7316"
"29,22 : 0.7316"
"22,30 : 0.8005"
"30,22 : 0.8005"
"22,31 : 0.758"
"31,22 : 0.758"
"22,32 : 0.3202"
"32,22 : 0.3202"
"22,33 : 0.3864"
"33,22 : 0.3864"
"22,34 : 0.8676"
"34,22 : 0.8676"
"22,35 : 0.5331"
"35,22 : 0.5331"
"22,36 : 0.4401"
"36,22 : 0.4401"
"22,37 : 0.1345"
"37,22 : 0.1345"
"22,38 : 0.8357"
"38,22 : 0.8357"
"22,39 : 0.8106"
"39,22 : 0.8106"
"22,40 : 0.4301"
"40,22 : 0.4301"
"22,41 : 0.8158"
"41,22 : 0.8158"
"22,42 : 0.5337"
"42,22 : 0.5337"
"22,43 : 0.4561"
"43,22 : 0.4561"
"22,44 : 0.3276"
"44,22 : 0.3276"
"22,45 : 0.5842"
"45,22 : 0.5842"
"22,46 : 0.3225"
"46,22 : 0.3225"
"22,47 : 0.6438"
"47,22 : 0.6438"
"22,48 : 0.3774"
"48,22 : 0.3774"
"22,49 : 0.7038"
"49,22 : 0.7038"
"23,24 : 0.3421"
"24,23 : 0.3421"
"23,25 : 0.681"
"25,23 : 0.681"
"23,26 : 0.3276"
"26,23 : 0.3276"
"23,27 : 0.5301"
"27,23 : 0.5301"
"23,28 : 0.8071"
"28,23 : 0.8071"
"23,29 : 0.1965"
"29,23 : 0.1965"
"23,30 : 0.1628"
"30,23 : 0.1628"
"23,31 : 0.1879"
"31,23 : 0.1879"
"23,32 : 0.3536"
"32,23 : 0.3536"
"23,33 : 0.3178"
"33,23 : 0.3178"
"23,34 : 0.4535"
"34,23 : 0.4535"
"23,35 : 0.717"
"35,23 : 0.717"
"23,36 : 0.2404"
"36,23 : 0.2404"
"23,37 : 0.7706"
"37,23 : 0.7706"
"23,38 : 0.264"
"38,23 : 0.264"
"23,39 : 0.1432"
"39,23 : 0.1432"
"23,40 : 0.25"
"40,23 : 0.25"
"23,41 : 0.164"
"41,23 : 0.164"
"23,42 : 0.1616"
"42,23 : 0.1616"
"23,43 : 0.2377"
"43,23 : 0.2377"
"23,44 : 0.7102"
"44,23 : 0.7102"
"23,45 : 0.0906"
"45,23 : 0.0906"
"23,46 : 0.7357"
"46,23 : 0.7357"
"23,47 : 0.922"
"47,23 : 0.922"
"23,48 : 0.377"
"48,23 : 0.377"
"23,49 : 0.211"
"49,23 : 0.211"
"24,25 : 0.8698"
"25,24 : 0.8698"
"24,26 : 0.2283"
"26,24 : 0.2283"
"24,27 : 0.7071"
"27,24 : 0.7071"
"24,28 : 0.8544"
"28,24 : 0.8544"
"24,29 : 0.5284"
"29,24 : 0.5284"
"24,30 : 0.3534"
"30,24 : 0.3534"
"24,31 : 0.527"
"31,24 : 0.527"
"24,32 : 0.3493"
"32,24 : 0.3493"
"24,33 : 0.4079"
"33,24 : 0.4079"
"24,34 : 0.7788"
"34,24 : 0.7788"
"24,35 : 0.8573"
"35,24 : 0.8573"
"24,36 : 0.3406"
"36,24 : 0.3406"
"24,37 : 0.6093"
"37,24 : 0.6093"
"24,38 : 0.3214"
"38,24 : 0.3214"
"24,39 : 0.461"
"39,24 : 0.461"
"24,40 : 0.3413"
"40,24 : 0.3413"
"24,41 : 0.3801"
"41,24 : 0.3801"
"24,42 : 0.2184"
"42,24 : 0.2184"
"24,43 : 0.211"
"43,24 : 0.211"
"24,44 : 0.758"
"44,24 : 0.758"
"24,45 : 0.2864"
"45,24 : 0.2864"
"24,46 : 0.7739"
"46,24 : 0.7739"
"24,47 : 1.0455"
"47,24 : 1.0455"
"24,48 : 0.191"
"48,24 : 0.191"
"24,49 : 0.1992"
"49,24 : 0.1992"
"25,26 : 0.6603"
"26,25 : 0.6603"
"25,27 : 0.1628"
"27,25 : 0.1628"
"25,28 : 0.3585"
"28,25 : 0.3585"
"25,29 : 0.5587"
"29,25 : 0.5587"
"25,30 : 0.8406"
"30,25 : 0.8406"
"25,31 : 0.594"
"31,25 : 0.594"
"25,32 : 0.5401"
"32,25 : 0.5401"
"25,33 : 0.4627"
"33,25 : 0.4627"
"25,34 : 0.4743"
"34,25 : 0.4743"
"25,35 : 0.1265"
"35,25 : 0.1265"
"25,36 : 0.5315"
"36,25 : 0.5315"
"25,37 : 0.7545"
"37,25 : 0.7545"
"25,38 : 0.9441"
"38,25 : 0.9441"
"25,39 : 0.7376"
"39,25 : 0.7376"
"25,40 : 0.5295"
"40,25 : 0.5295"
"25,41 : 0.8349"
"41,25 : 0.8349"
"25,42 : 0.6772"
"42,25 : 0.6772"
"25,43 : 0.6592"
"43,25 : 0.6592"
"25,44 : 0.3342"
"44,25 : 0.3342"
"25,45 : 0.65"
"45,25 : 0.65"
"25,46 : 0.3581"
"46,25 : 0.3581"
"25,47 : 0.2823"
"47,25 : 0.2823"
"25,48 : 0.7301"
"48,25 : 0.7301"
"25,49 : 0.8616"
"49,25 : 0.8616"
"26,27 : 0.5001"
"27,26 : 0.5001"
"26,28 : 0.6268"
"28,26 : 0.6268"
"26,29 : 0.4522"
"29,26 : 0.4522"
"26,30 : 0.4329"
"30,26 : 0.4329"
"26,31 : 0.4665"
"31,26 : 0.4665"
"26,32 : 0.1237"
"32,26 : 0.1237"
"26,33 : 0.2022"
"33,26 : 0.2022"
"26,34 : 0.6671"
"34,26 : 0.6671"
"26,35 : 0.6356"
"35,26 : 0.6356"
"26,36 : 0.1664"
"36,26 : 0.1664"
"26,37 : 0.4518"
"37,26 : 0.4518"
"26,38 : 0.4624"
"38,26 : 0.4624"
"26,39 : 0.4707"
"39,26 : 0.4707"
"26,40 : 0.1612"
"40,26 : 0.1612"
"26,41 : 0.451"
"41,26 : 0.451"
"26,42 : 0.1703"
"42,26 : 0.1703"
"26,43 : 0.0906"
"43,26 : 0.0906"
"26,44 : 0.53"
"44,26 : 0.53"
"26,45 : 0.2377"
"45,26 : 0.2377"
"26,46 : 0.5464"
"46,26 : 0.5464"
"26,47 : 0.8193"
"47,26 : 0.8193"
"26,48 : 0.0762"
"48,26 : 0.0762"
"26,49 : 0.3311"
"49,26 : 0.3311"
"27,28 : 0.3606"
"28,27 : 0.3606"
"27,29 : 0.4327"
"29,27 : 0.4327"
"27,30 : 0.692"
"30,27 : 0.692"
"27,31 : 0.4687"
"31,27 : 0.4687"
"27,32 : 0.3821"
"32,27 : 0.3821"
"27,33 : 0.3007"
"33,27 : 0.3007"
"27,34 : 0.4201"
"34,27 : 0.4201"
"27,35 : 0.1921"
"35,27 : 0.1921"
"27,36 : 0.3688"
"36,27 : 0.3688"
"27,37 : 0.6505"
"37,27 : 0.6505"
"27,38 : 0.7908"
"38,27 : 0.7908"
"27,39 : 0.6021"
"39,27 : 0.6021"
"27,40 : 0.3667"
"40,27 : 0.3667"
"27,41 : 0.6888"
"41,27 : 0.6888"
"27,42 : 0.5155"
"42,27 : 0.5155"
"27,43 : 0.4965"
"43,27 : 0.4965"
"27,44 : 0.2943"
"44,27 : 0.2943"
"27,45 : 0.4919"
"45,27 : 0.4919"
"27,46 : 0.3239"
"46,27 : 0.3239"
"27,47 : 0.3962"
"47,27 : 0.3962"
"27,48 : 0.5714"
"48,27 : 0.5714"
"27,49 : 0.7026"
"49,27 : 0.7026"
"28,29 : 0.7655"
"29,28 : 0.7655"
"28,30 : 0.9661"
"30,28 : 0.9661"
"28,31 : 0.8006"
"31,28 : 0.8006"
"28,32 : 0.5122"
"32,28 : 0.5122"
"28,33 : 0.4968"
"33,28 : 0.4968"
"28,34 : 0.7801"
"34,28 : 0.7801"
"28,35 : 0.2326"
"35,28 : 0.2326"
"28,36 : 0.5814"
"36,28 : 0.5814"
"28,37 : 0.4903"
"37,28 : 0.4903"
"28,38 : 1.0414"
"38,28 : 1.0414"
"28,39 : 0.9124"
"39,28 : 0.9124"
"28,40 : 0.5738"
"40,28 : 0.5738"
"28,41 : 0.9708"
"41,28 : 0.9708"
"28,42 : 0.7284"
"42,28 : 0.7284"
"28,43 : 0.6736"
"43,28 : 0.6736"
"28,44 : 0.099"
"44,28 : 0.099"
"28,45 : 0.7403"
"45,28 : 0.7403"
"28,46 : 0.0806"
"46,28 : 0.0806"
"28,47 : 0.2596"
"47,28 : 0.2596"
"28,48 : 0.6712"
"48,28 : 0.6712"
"28,49 : 0.9263"
"49,28 : 0.9263"
"29,30 : 0.3158"
"30,29 : 0.3158"
"29,31 : 0.0361"
"31,29 : 0.0361"
"29,32 : 0.4238"
"32,29 : 0.4238"
"29,33 : 0.3453"
"33,29 : 0.3453"
"29,34 : 0.2571"
"34,29 : 0.2571"
"29,35 : 0.6243"
"35,29 : 0.6243"
"29,36 : 0.3046"
"36,29 : 0.3046"
"29,37 : 0.849"
"37,29 : 0.849"
"29,38 : 0.4342"
"38,29 : 0.4342"
"29,39 : 0.1836"
"39,29 : 0.1836"
"29,40 : 0.3138"
"40,29 : 0.3138"
"29,41 : 0.3008"
"41,29 : 0.3008"
"29,42 : 0.3202"
"42,29 : 0.3202"
"29,43 : 0.3754"
"43,29 : 0.3754"
"29,44 : 0.6772"
"44,29 : 0.6772"
"29,45 : 0.2441"
"45,29 : 0.2441"
"29,46 : 0.706"
"46,29 : 0.706"
"29,47 : 0.8262"
"47,29 : 0.8262"
"29,48 : 0.5186"
"48,29 : 0.5186"
"29,49 : 0.4061"
"49,29 : 0.4061"
"30,31 : 0.2915"
"31,30 : 0.2915"
"30,32 : 0.4904"
"32,30 : 0.4904"
"30,33 : 0.4717"
"33,30 : 0.4717"
"30,34 : 0.56"
"34,30 : 0.56"
"30,35 : 0.8797"
"35,30 : 0.8797"
"30,36 : 0.3895"
"36,30 : 0.3895"
"30,37 : 0.8846"
"37,30 : 0.8846"
"30,38 : 0.12"
"38,30 : 0.12"
"30,39 : 0.153"
"39,30 : 0.153"
"30,40 : 0.3982"
"40,30 : 0.3982"
"30,41 : 0.0283"
"41,30 : 0.0283"
"30,42 : 0.2668"
"42,30 : 0.2668"
"30,43 : 0.3453"
"43,30 : 0.3453"
"30,44 : 0.8684"
"44,30 : 0.8684"
"30,45 : 0.2283"
"45,30 : 0.2283"
"30,46 : 0.8931"
"46,30 : 0.8931"
"30,47 : 1.0847"
"47,30 : 1.0847"
"30,48 : 0.4604"
"48,30 : 0.4604"
"30,49 : 0.1581"
"49,30 : 0.1581"
"31,32 : 0.4464"
"32,31 : 0.4464"
"31,33 : 0.3722"
"33,31 : 0.3722"
"31,34 : 0.2717"
"34,31 : 0.2717"
"31,35 : 0.6603"
"35,31 : 0.6603"
"31,36 : 0.3257"
"36,31 : 0.3257"
"31,37 : 0.8732"
"37,31 : 0.8732"
"31,38 : 0.4111"
"38,31 : 0.4111"
"31,39 : 0.1523"
"39,31 : 0.1523"
"31,40 : 0.3353"
"40,31 : 0.3353"
"31,41 : 0.2746"
"41,31 : 0.2746"
"31,42 : 0.3253"
"42,31 : 0.3253"
"31,43 : 0.386"
"43,31 : 0.386"
"31,44 : 0.7117"
"44,31 : 0.7117"
"31,45 : 0.2476"
"45,31 : 0.2476"
"31,46 : 0.7404"
"46,31 : 0.7404"
"31,47 : 0.8621"
"47,31 : 0.8621"
"31,48 : 0.5301"
"48,31 : 0.5301"
"31,49 : 0.3929"
"49,31 : 0.3929"
"32,33 : 0.1"
"33,32 : 0.1"
"32,34 : 0.6031"
"34,32 : 0.6031"
"32,35 : 0.512"
"35,32 : 0.512"
"32,36 : 0.1217"
"36,32 : 0.1217"
"32,37 : 0.4276"
"37,32 : 0.4276"
"32,38 : 0.5438"
"38,32 : 0.5438"
"32,39 : 0.4904"
"39,32 : 0.4904"
"32,40 : 0.1118"
"40,32 : 0.1118"
"32,41 : 0.5029"
"41,32 : 0.5029"
"32,42 : 0.2283"
"42,32 : 0.2283"
"32,43 : 0.1628"
"43,32 : 0.1628"
"32,44 : 0.414"
"44,32 : 0.414"
"32,45 : 0.2668"
"45,32 : 0.2668"
"32,46 : 0.4328"
"46,32 : 0.4328"
"32,47 : 0.6964"
"47,32 : 0.6964"
"32,48 : 0.19"
"48,32 : 0.19"
"32,49 : 0.4201"
"49,32 : 0.4201"
"33,34 : 0.5061"
"34,33 : 0.5061"
"33,35 : 0.4531"
"35,33 : 0.4531"
"33,36 : 0.0849"
"36,33 : 0.0849"
"33,37 : 0.506"
"37,33 : 0.506"
"33,38 : 0.5449"
"38,33 : 0.5449"
"33,39 : 0.4415"
"39,33 : 0.4415"
"33,40 : 0.0781"
"40,33 : 0.0781"
"33,41 : 0.4789"
"41,33 : 0.4789"
"33,42 : 0.236"
"42,33 : 0.236"
"33,43 : 0.1992"
"43,33 : 0.1992"
"33,44 : 0.3982"
"44,33 : 0.3982"
"33,45 : 0.2441"
"45,33 : 0.2441"
"33,46 : 0.422"
"46,33 : 0.422"
"33,47 : 0.6488"
"47,33 : 0.6488"
"33,48 : 0.2766"
"48,33 : 0.2766"
"33,49 : 0.4342"
"49,33 : 0.4342"
"34,35 : 0.5805"
"35,34 : 0.5805"
"34,36 : 0.5025"
"36,34 : 0.5025"
"34,37 : 0.9976"
"37,34 : 0.9976"
"34,38 : 0.68"
"38,34 : 0.68"
"34,39 : 0.4111"
"39,34 : 0.4111"
"34,40 : 0.5093"
"40,34 : 0.5093"
"34,41 : 0.5404"
"41,34 : 0.5404"
"34,42 : 0.5636"
"42,34 : 0.5636"
"34,43 : 0.6046"
"43,34 : 0.6046"
"34,44 : 0.7125"
"44,34 : 0.7125"
"34,45 : 0.4924"
"45,34 : 0.4924"
"34,46 : 0.7424"
"46,34 : 0.7424"
"34,47 : 0.7561"
"47,34 : 0.7561"
"34,48 : 0.7403"
"48,34 : 0.7403"
"34,49 : 0.6629"
"49,34 : 0.6629"
"35,36 : 0.5323"
"36,35 : 0.5323"
"35,37 : 0.6576"
"37,35 : 0.6576"
"35,38 : 0.9742"
"38,35 : 0.9742"
"35,39 : 0.794"
"39,35 : 0.794"
"35,40 : 0.528"
"40,35 : 0.528"
"35,41 : 0.8778"
"41,35 : 0.8778"
"35,42 : 0.6843"
"42,35 : 0.6843"
"35,43 : 0.6519"
"43,35 : 0.6519"
"35,44 : 0.2202"
"44,35 : 0.2202"
"35,45 : 0.6712"
"45,35 : 0.6712"
"35,46 : 0.2404"
"46,35 : 0.2404"
"35,47 : 0.2052"
"47,35 : 0.2052"
"35,48 : 0.6987"
"48,35 : 0.6987"
"35,49 : 0.8782"
"49,35 : 0.8782"
"36,37 : 0.5492"
"37,36 : 0.5492"
"36,38 : 0.4601"
"38,36 : 0.4601"
"36,39 : 0.3722"
"39,36 : 0.3722"
"36,40 : 0.01"
"40,36 : 0.01"
"36,41 : 0.3981"
"41,36 : 0.3981"
"36,42 : 0.1526"
"42,36 : 0.1526"
"36,43 : 0.13"
"43,36 : 0.13"
"36,44 : 0.4827"
"44,36 : 0.4827"
"36,45 : 0.1612"
"45,36 : 0.1612"
"36,46 : 0.5061"
"46,36 : 0.5061"
"36,47 : 0.7306"
"47,36 : 0.7306"
"36,48 : 0.2419"
"48,36 : 0.2419"
"36,49 : 0.35"
"49,36 : 0.35"
"37,38 : 0.9047"
"38,37 : 0.9047"
"37,39 : 0.912"
"39,37 : 0.912"
"37,40 : 0.5394"
"40,37 : 0.5394"
"37,41 : 0.9027"
"41,37 : 0.9027"
"37,42 : 0.6207"
"42,37 : 0.6207"
"37,43 : 0.5408"
"43,37 : 0.5408"
"37,44 : 0.4438"
"44,37 : 0.4438"
"37,45 : 0.6803"
"45,37 : 0.6803"
"37,46 : 0.4332"
"46,37 : 0.4332"
"37,47 : 0.7495"
"47,37 : 0.7495"
"37,48 : 0.4342"
"48,37 : 0.4342"
"37,49 : 0.7713"
"49,37 : 0.7713"
"38,39 : 0.2717"
"39,38 : 0.2717"
"38,40 : 0.4675"
"40,38 : 0.4675"
"38,41 : 0.1414"
"41,38 : 0.1414"
"38,42 : 0.3162"
"42,38 : 0.3162"
"38,43 : 0.3847"
"43,38 : 0.3847"
"38,44 : 0.9426"
"44,38 : 0.9426"
"38,45 : 0.3048"
"45,38 : 0.3048"
"38,46 : 0.9654"
"46,38 : 0.9654"
"38,47 : 1.178"
"47,38 : 1.178"
"38,48 : 0.4707"
"48,38 : 0.4707"
"38,49 : 0.1334"
"49,38 : 0.1334"
"39,40 : 0.3821"
"40,39 : 0.3821"
"39,41 : 0.1304"
"41,39 : 0.1304"
"39,42 : 0.3036"
"42,39 : 0.3036"
"39,43 : 0.3808"
"43,39 : 0.3808"
"39,44 : 0.8186"
"44,39 : 0.8186"
"39,45 : 0.2335"
"45,39 : 0.2335"
"39,46 : 0.8458"
"46,39 : 0.8458"
"39,47 : 0.9982"
"47,39 : 0.9982"
"39,48 : 0.5187"
"48,39 : 0.5187"
"39,49 : 0.2884"
"49,39 : 0.2884"
"40,41 : 0.4072"
"41,40 : 0.4072"
"40,42 : 0.1581"
"42,40 : 0.1581"
"40,43 : 0.1304"
"43,40 : 0.1304"
"40,44 : 0.4751"
"44,40 : 0.4751"
"40,45 : 0.17"
"45,40 : 0.17"
"40,46 : 0.4982"
"46,40 : 0.4982"
"40,47 : 0.7256"
"47,40 : 0.7256"
"40,48 : 0.2371"
"48,40 : 0.2371"
"40,49 : 0.3561"
"49,40 : 0.3561"
"41,42 : 0.2828"
"42,41 : 0.2828"
"41,43 : 0.3622"
"43,41 : 0.3622"
"41,44 : 0.8737"
"44,41 : 0.8737"
"41,45 : 0.2377"
"45,41 : 0.2377"
"41,46 : 0.8989"
"46,41 : 0.8989"
"41,47 : 1.083"
"47,41 : 1.083"
"41,48 : 0.4817"
"48,41 : 0.4817"
"41,49 : 0.186"
"49,41 : 0.186"
"42,43 : 0.08"
"43,42 : 0.08"
"42,44 : 0.6294"
"44,42 : 0.6294"
"42,45 : 0.0781"
"45,42 : 0.0781"
"42,46 : 0.6512"
"46,42 : 0.6512"
"42,47 : 0.8832"
"47,42 : 0.8832"
