x,y
0.28,0.91
0.56,0.35
0.19,0.57
0.19,0.56
0.95,0.25
0.81,0.59
0.81,0.34
0.79,0.78
0.74,0.04
0.36,0.38
0.56,0.22
0.04,0.44
0.76,0.42
0.17,0.79
0.53,0.7
0.6,0.64
0.92,0.83
0.91,0.33
0.54,0.61
0.63,0.37
0.83,0.77
0.52,0.73
0.04,0.38
0.25,0.23
0.96,0.15
0.27,0.91
0.01,0.61
0.33,0.54
0.8,0.04
0.94,0.67
0.87,0.42
0.05,0.49
0.01,0.64
0.56,0.41
0.12,0.26
0.64,0.34
0.74,0.26
0.43,0.38
0.25,0.89
0.68,0.44
0.98,0.97
0.46,0.69
0.19,0.5
0.63,0.7
0.03,0.01
0.06,0.2
0.18,0.53
0.46,0.5
0.32,0.26
0.67,0.96

Distanze
"0,1 : 0.6261"
"1,0 : 0.6261"
"0,2 : 0.3517"
"2,0 : 0.3517"
"0,3 : 0.3614"
"3,0 : 0.3614"
"0,4 : 0.9405"
"4,0 : 0.9405"
"0,5 : 0.6191"
"5,0 : 0.6191"
"0,6 : 0.7783"
"6,0 : 0.7783"
"0,7 : 0.5263"
"7,0 : 0.5263"
"0,8 : 0.9841"
"8,0 : 0.9841"
"0,9 : 0.536"
"9,0 : 0.536"
"0,10 : 0.7446"
"10,0 : 0.7446"
"0,11 : 0.5277"
"11,0 : 0.5277"
"0,12 : 0.6859"
"12,0 : 0.6859"
"0,13 : 0.1628"
"13,0 : 0.1628"
"0,14 : 0.3265"
"14,0 : 0.3265"
"0,15 : 0.4187"
"15,0 : 0.4187"
"0,16 : 0.645"
"16,0 : 0.645"
"0,17 : 0.8563"
"17,0 : 0.8563"
"0,18 : 0.397"
"18,0 : 0.397"
"0,19 : 0.6435"
"19,0 : 0.6435"
"0,20 : 0.5675"
"20,0 : 0.5675"
"0,21 : 0.3"
"21,0 : 0.3"
"0,22 : 0.5818"
"22,0 : 0.5818"
"0,23 : 0.6807"
"23,0 : 0.6807"
"0,24 : 1.0198"
"24,0 : 1.0198"
"0,25 : 0.01"
"25,0 : 0.01"
"0,26 : 0.4036"
"26,0 : 0.4036"
"0,27 : 0.3734"
"27,0 : 0.3734"
"0,28 : 1.0136"
"28,0 : 1.0136"
"0,29 : 0.7023"
"29,0 : 0.7023"
"0,30 : 0.7669"
"30,0 : 0.7669"
"0,31 : 0.4789"
"31,0 : 0.4789"
"0,32 : 0.3818"
"32,0 : 0.3818"
"0,33 : 0.5731"
"33,0 : 0.5731"
"0,34 : 0.6694"
"34,0 : 0.6694"
"0,35 : 0.6742"
"35,0 : 0.6742"
"0,36 : 0.7963"
"36,0 : 0.7963"
"0,37 : 0.5508"
"37,0 : 0.5508"
"0,38 : 0.0361"
"38,0 : 0.0361"
"0,39 : 0.6172"
"39,0 : 0.6172"
"0,40 : 0.7026"
"40,0 : 0.7026"
"0,41 : 0.2843"
"41,0 : 0.2843"
"0,42 : 0.4198"
"42,0 : 0.4198"
"0,43 : 0.4082"
"43,0 : 0.4082"
"0,44 : 0.9341"
"44,0 : 0.9341"
"0,45 : 0.7433"
"45,0 : 0.7433"
"0,46 : 0.3929"
"46,0 : 0.3929"
"0,47 : 0.4478"
"47,0 : 0.4478"
"0,48 : 0.6512"
"48,0 : 0.6512"
"0,49 : 0.3932"
"49,0 : 0.3932"
"1,2 : 0.4305"
"2,1 : 0.4305"
"1,3 : 0.4254"
"3,1 : 0.4254"
"1,4 : 0.4026"
"4,1 : 0.4026"
"1,5 : 0.3466"
"5,1 : 0.3466"
"1,6 : 0.2502"
"6,1 : 0.2502"
"1,7 : 0.4876"
"7,1 : 0.4876"
"1,8 : 0.3585"
"8,1 : 0.3585"
"1,9 : 0.2022"
"9,1 : 0.2022"
"1,10 : 0.13"
"10,1 : 0.13"
"1,11 : 0.5277"
"11,1 : 0.5277"
"1,12 : 0.2119"
"12,1 : 0.2119"
"1,13 : 0.588"
"13,1 : 0.588"
"1,14 : 0.3513"
"14,1 : 0.3513"
"1,15 : 0.2927"
"15,1 : 0.2927"
"1,16 : 0.6"
"16,1 : 0.6"
"1,17 : 0.3506"
"17,1 : 0.3506"
"1,18 : 0.2608"
"18,1 : 0.2608"
"1,19 : 0.0728"
"19,1 : 0.0728"
"1,20 : 0.4993"
"20,1 : 0.4993"
"1,21 : 0.3821"
"21,1 : 0.3821"
"1,22 : 0.5209"
"22,1 : 0.5209"
"1,23 : 0.3324"
"23,1 : 0.3324"
"1,24 : 0.4472"
"24,1 : 0.4472"
"1,25 : 0.6306"
"25,1 : 0.6306"
"1,26 : 0.6084"
"26,1 : 0.6084"
"1,27 : 0.2983"
"27,1 : 0.2983"
"1,28 : 0.392"
"28,1 : 0.392"
"1,29 : 0.4968"
"29,1 : 0.4968"
"1,30 : 0.3178"
"30,1 : 0.3178"
"1,31 : 0.5289"
"31,1 : 0.5289"
"1,32 : 0.6218"
"32,1 : 0.6218"
"1,33 : 0.06"
"33,1 : 0.06"
"1,34 : 0.4491"
"34,1 : 0.4491"
"1,35 : 0.0806"
"35,1 : 0.0806"
"1,36 : 0.2012"
"36,1 : 0.2012"
"1,37 : 0.1334"
"37,1 : 0.1334"
"1,38 : 0.6227"
"38,1 : 0.6227"
"1,39 : 0.15"
"39,1 : 0.15"
"1,40 : 0.7489"
"40,1 : 0.7489"
"1,41 : 0.3544"
"41,1 : 0.3544"
"1,42 : 0.3992"
"42,1 : 0.3992"
"1,43 : 0.3569"
"43,1 : 0.3569"
"1,44 : 0.6297"
"44,1 : 0.6297"
"1,45 : 0.522"
"45,1 : 0.522"
"1,46 : 0.4205"
"46,1 : 0.4205"
"1,47 : 0.1803"
"47,1 : 0.1803"
"1,48 : 0.2563"
"48,1 : 0.2563"
"1,49 : 0.6198"
"49,1 : 0.6198"
"2,3 : 0.01"
"3,2 : 0.01"
"2,4 : 0.8246"
"4,2 : 0.8246"
"2,5 : 0.6203"
"5,2 : 0.6203"
"2,6 : 0.6613"
"6,2 : 0.6613"
"2,7 : 0.6357"
"7,2 : 0.6357"
"2,8 : 0.7638"
"8,2 : 0.7638"
"2,9 : 0.255"
"9,2 : 0.255"
"2,10 : 0.5093"
"10,2 : 0.5093"
"2,11 : 0.1985"
"11,2 : 0.1985"
"2,12 : 0.5894"
"12,2 : 0.5894"
"2,13 : 0.2209"
"13,2 : 0.2209"
"2,14 : 0.364"
"14,2 : 0.364"
"2,15 : 0.4159"
"15,2 : 0.4159"
"2,16 : 0.7749"
"16,2 : 0.7749"
"2,17 : 0.7589"
"17,2 : 0.7589"
"2,18 : 0.3523"
"18,2 : 0.3523"
"2,19 : 0.4833"
"19,2 : 0.4833"
"2,20 : 0.6705"
"20,2 : 0.6705"
"2,21 : 0.3667"
"21,2 : 0.3667"
"2,22 : 0.2421"
"22,2 : 0.2421"
"2,23 : 0.3453"
"23,2 : 0.3453"
"2,24 : 0.8771"
"24,2 : 0.8771"
"2,25 : 0.3493"
"25,2 : 0.3493"
"2,26 : 0.1844"
"26,2 : 0.1844"
"2,27 : 0.1432"
"27,2 : 0.1432"
"2,28 : 0.8081"
"28,2 : 0.8081"
"2,29 : 0.7566"
"29,2 : 0.7566"
"2,30 : 0.6963"
"30,2 : 0.6963"
"2,31 : 0.1612"
"31,2 : 0.1612"
"2,32 : 0.1931"
"32,2 : 0.1931"
"2,33 : 0.4031"
"33,2 : 0.4031"
"2,34 : 0.3178"
"34,2 : 0.3178"
"2,35 : 0.5054"
"35,2 : 0.5054"
"2,36 : 0.6313"
"36,2 : 0.6313"
"2,37 : 0.3061"
"37,2 : 0.3061"
"2,38 : 0.3256"
"38,2 : 0.3256"
"2,39 : 0.507"
"39,2 : 0.507"
"2,40 : 0.8855"
"40,2 : 0.8855"
"2,41 : 0.2955"
"41,2 : 0.2955"
"2,42 : 0.07"
"42,2 : 0.07"
"2,43 : 0.4588"
"43,2 : 0.4588"
"2,44 : 0.5824"
"44,2 : 0.5824"
"2,45 : 0.3922"
"45,2 : 0.3922"
"2,46 : 0.0412"
"46,2 : 0.0412"
"2,47 : 0.2789"
"47,2 : 0.2789"
"2,48 : 0.3362"
"48,2 : 0.3362"
"2,49 : 0.6185"
"49,2 : 0.6185"
"3,4 : 0.8208"
"4,3 : 0.8208"
"3,5 : 0.6207"
"5,3 : 0.6207"
"3,6 : 0.6579"
"6,3 : 0.6579"
"3,7 : 0.6391"
"7,3 : 0.6391"
"3,8 : 0.7569"
"8,3 : 0.7569"
"3,9 : 0.2476"
"9,3 : 0.2476"
"3,10 : 0.5025"
"10,3 : 0.5025"
"3,11 : 0.1921"
"11,3 : 0.1921"
"3,12 : 0.5869"
"12,3 : 0.5869"
"3,13 : 0.2309"
"13,3 : 0.2309"
"3,14 : 0.3677"
"14,3 : 0.3677"
"3,15 : 0.4177"
"15,3 : 0.4177"
"3,16 : 0.7783"
"16,3 : 0.7783"
"3,17 : 0.7558"
"17,3 : 0.7558"
"3,18 : 0.3536"
"18,3 : 0.3536"
"3,19 : 0.4793"
"19,3 : 0.4793"
"3,20 : 0.6736"
"20,3 : 0.6736"
"3,21 : 0.3712"
"21,3 : 0.3712"
"3,22 : 0.2343"
"22,3 : 0.2343"
"3,23 : 0.3354"
"23,3 : 0.3354"
"3,24 : 0.8724"
"24,3 : 0.8724"
"3,25 : 0.359"
"25,3 : 0.359"
"3,26 : 0.1868"
"26,3 : 0.1868"
"3,27 : 0.1414"
"27,3 : 0.1414"
"3,28 : 0.8016"
"28,3 : 0.8016"
"3,29 : 0.758"
"29,3 : 0.758"
"3,30 : 0.6943"
"30,3 : 0.6943"
"3,31 : 0.1565"
"31,3 : 0.1565"
"3,32 : 0.197"
"32,3 : 0.197"
"3,33 : 0.3992"
"33,3 : 0.3992"
"3,34 : 0.3081"
"34,3 : 0.3081"
"3,35 : 0.5009"
"35,3 : 0.5009"
"3,36 : 0.6265"
"36,3 : 0.6265"
"3,37 : 0.3"
"37,3 : 0.3"
"3,38 : 0.3354"
"38,3 : 0.3354"
"3,39 : 0.5045"
"39,3 : 0.5045"
"3,40 : 0.8901"
"40,3 : 0.8901"
"3,41 : 0.2997"
"41,3 : 0.2997"
"3,42 : 0.06"
"42,3 : 0.06"
"3,43 : 0.4617"
"43,3 : 0.4617"
"3,44 : 0.5728"
"44,3 : 0.5728"
"3,45 : 0.3828"
"45,3 : 0.3828"
"3,46 : 0.0316"
"46,3 : 0.0316"
"3,47 : 0.2766"
"47,3 : 0.2766"
"3,48 : 0.327"
"48,3 : 0.327"
"3,49 : 0.6248"
"49,3 : 0.6248"
"4,5 : 0.3677"
"5,4 : 0.3677"
"4,6 : 0.1664"
"6,4 : 0.1664"
"4,7 : 0.5536"
"7,4 : 0.5536"
"4,8 : 0.297"
"8,4 : 0.297"
"4,9 : 0.6042"
"9,4 : 0.6042"
"4,10 : 0.3912"
"10,4 : 0.3912"
"4,11 : 0.9296"
"11,4 : 0.9296"
"4,12 : 0.255"
"12,4 : 0.255"
"4,13 : 0.9487"
"13,4 : 0.9487"
"4,14 : 0.6155"
"14,4 : 0.6155"
"4,15 : 0.524"
"15,4 : 0.524"
"4,16 : 0.5808"
"16,4 : 0.5808"
"4,17 : 0.0894"
"17,4 : 0.0894"
"4,18 : 0.5456"
"18,4 : 0.5456"
"4,19 : 0.3418"
"19,4 : 0.3418"
"4,20 : 0.5337"
"20,4 : 0.5337"
"4,21 : 0.6444"
"21,4 : 0.6444"
"4,22 : 0.9192"
"22,4 : 0.9192"
"4,23 : 0.7003"
"23,4 : 0.7003"
"4,24 : 0.1005"
"24,4 : 0.1005"
"4,25 : 0.9476"
"25,4 : 0.9476"
"4,26 : 1.0066"
"26,4 : 1.0066"
"4,27 : 0.6845"
"27,4 : 0.6845"
"4,28 : 0.2581"
"28,4 : 0.2581"
"4,29 : 0.4201"
"29,4 : 0.4201"
"4,30 : 0.1879"
"30,4 : 0.1879"
"4,31 : 0.9315"
"31,4 : 0.9315"
"4,32 : 1.0177"
"32,4 : 1.0177"
"4,33 : 0.4215"
"33,4 : 0.4215"
"4,34 : 0.8301"
"34,4 : 0.8301"
"4,35 : 0.3228"
"35,4 : 0.3228"
"4,36 : 0.2102"
"36,4 : 0.2102"
"4,37 : 0.536"
"37,4 : 0.536"
"4,38 : 0.9485"
"38,4 : 0.9485"
"4,39 : 0.3302"
"39,4 : 0.3302"
"4,40 : 0.7206"
"40,4 : 0.7206"
"4,41 : 0.6586"
"41,4 : 0.6586"
"4,42 : 0.8001"
"42,4 : 0.8001"
"4,43 : 0.5522"
"43,4 : 0.5522"
"4,44 : 0.9508"
"44,4 : 0.9508"
"4,45 : 0.8914"
"45,4 : 0.8914"
"4,46 : 0.8193"
"46,4 : 0.8193"
"4,47 : 0.5501"
"47,4 : 0.5501"
"4,48 : 0.6301"
"48,4 : 0.6301"
"4,49 : 0.7632"
"49,4 : 0.7632"
"5,6 : 0.25"
"6,5 : 0.25"
"5,7 : 0.191"
"7,5 : 0.191"
"5,8 : 0.5544"
"8,5 : 0.5544"
"5,9 : 0.4966"
"9,5 : 0.4966"
"5,10 : 0.4465"
"10,5 : 0.4465"
"5,11 : 0.7845"
"11,5 : 0.7845"
"5,12 : 0.1772"
"12,5 : 0.1772"
"5,13 : 0.6705"
"13,5 : 0.6705"
"5,14 : 0.3008"
"14,5 : 0.3008"
"5,15 : 0.2159"
"15,5 : 0.2159"
"5,16 : 0.264"
"16,5 : 0.264"
"5,17 : 0.2786"
"17,5 : 0.2786"
"5,18 : 0.2707"
"18,5 : 0.2707"
"5,19 : 0.2843"
"19,5 : 0.2843"
"5,20 : 0.1811"
"20,5 : 0.1811"
"5,21 : 0.322"
"21,5 : 0.322"
"5,22 : 0.7981"
"22,5 : 0.7981"
"5,23 : 0.6657"
"23,5 : 0.6657"
"5,24 : 0.4649"
"24,5 : 0.4649"
"5,25 : 0.6277"
"25,5 : 0.6277"
"5,26 : 0.8002"
"26,5 : 0.8002"
"5,27 : 0.4826"
"27,5 : 0.4826"
"5,28 : 0.5501"
"28,5 : 0.5501"
"5,29 : 0.1526"
"29,5 : 0.1526"
"5,30 : 0.1803"
"30,5 : 0.1803"
"5,31 : 0.7666"
"31,5 : 0.7666"
"5,32 : 0.8016"
"32,5 : 0.8016"
"5,33 : 0.3081"
"33,5 : 0.3081"
"5,34 : 0.7649"
"34,5 : 0.7649"
"5,35 : 0.3023"
"35,5 : 0.3023"
"5,36 : 0.3373"
"36,5 : 0.3373"
"5,37 : 0.4342"
"37,5 : 0.4342"
"5,38 : 0.6353"
"38,5 : 0.6353"
"5,39 : 0.1985"
"39,5 : 0.1985"
"5,40 : 0.4163"
"40,5 : 0.4163"
"5,41 : 0.364"
"41,5 : 0.364"
"5,42 : 0.6265"
"42,5 : 0.6265"
"5,43 : 0.211"
"43,5 : 0.211"
"5,44 : 0.972"
"44,5 : 0.972"
"5,45 : 0.8453"
"45,5 : 0.8453"
"5,46 : 0.6329"
"46,5 : 0.6329"
"5,47 : 0.3614"
"47,5 : 0.3614"
"5,48 : 0.5908"
"48,5 : 0.5908"
"5,49 : 0.3956"
"49,5 : 0.3956"
"6,7 : 0.4405"
"7,6 : 0.4405"
"6,8 : 0.3081"
"8,6 : 0.3081"
"6,9 : 0.4518"
"9,6 : 0.4518"
"6,10 : 0.2773"
"10,6 : 0.2773"
"6,11 : 0.7765"
"11,6 : 0.7765"
"6,12 : 0.0943"
"12,6 : 0.0943"
"6,13 : 0.7824"
"13,6 : 0.7824"
"6,14 : 0.4561"
"14,6 : 0.4561"
"6,15 : 0.3662"
"15,6 : 0.3662"
"6,16 : 0.5022"
"16,6 : 0.5022"
"6,17 : 0.1005"
"17,6 : 0.1005"
"6,18 : 0.3818"
"18,6 : 0.3818"
"6,19 : 0.1825"
"19,6 : 0.1825"
"6,20 : 0.4305"
"20,6 : 0.4305"
"6,21 : 0.486"
"21,6 : 0.486"
"6,22 : 0.771"
"22,6 : 0.771"
"6,23 : 0.5707"
"23,6 : 0.5707"
"6,24 : 0.2421"
"24,6 : 0.2421"
"6,25 : 0.7852"
"25,6 : 0.7852"
"6,26 : 0.8443"
"26,6 : 0.8443"
"6,27 : 0.52"
"27,6 : 0.52"
"6,28 : 0.3002"
"28,6 : 0.3002"
"6,29 : 0.3547"
"29,6 : 0.3547"
"6,30 : 0.1"
"30,6 : 0.1"
"6,31 : 0.7747"
"31,6 : 0.7747"
"6,32 : 0.8544"
"32,6 : 0.8544"
"6,33 : 0.2596"
"33,6 : 0.2596"
"6,34 : 0.6946"
"34,6 : 0.6946"
"6,35 : 0.17"
"35,6 : 0.17"
"6,36 : 0.1063"
"36,6 : 0.1063"
"6,37 : 0.3821"
"37,6 : 0.3821"
"6,38 : 0.7849"
"38,6 : 0.7849"
"6,39 : 0.164"
"39,6 : 0.164"
"6,40 : 0.6525"
"40,6 : 0.6525"
"6,41 : 0.495"
"41,6 : 0.495"
"6,42 : 0.6403"
"42,6 : 0.6403"
"6,43 : 0.4025"
"43,6 : 0.4025"
"6,44 : 0.8469"
"44,6 : 0.8469"
"6,45 : 0.763"
"45,6 : 0.763"
"6,46 : 0.658"
"46,6 : 0.658"
"6,47 : 0.3848"
"47,6 : 0.3848"
"6,48 : 0.4965"
"48,6 : 0.4965"
"6,49 : 0.6356"
"49,6 : 0.6356"
"7,8 : 0.7417"
"8,7 : 0.7417"
"7,9 : 0.5873"
"9,7 : 0.5873"
"7,10 : 0.6054"
"10,7 : 0.6054"
"7,11 : 0.8235"
"11,7 : 0.8235"
"7,12 : 0.3612"
"12,7 : 0.3612"
"7,13 : 0.6201"
"13,7 : 0.6201"
"7,14 : 0.272"
"14,7 : 0.272"
"7,15 : 0.236"
"15,7 : 0.236"
"7,16 : 0.1393"
"16,7 : 0.1393"
"7,17 : 0.4657"
"17,7 : 0.4657"
"7,18 : 0.3023"
"18,7 : 0.3023"
"7,19 : 0.4401"
"19,7 : 0.4401"
"7,20 : 0.0412"
"20,7 : 0.0412"
"7,21 : 0.2746"
"21,7 : 0.2746"
"7,22 : 0.85"
"22,7 : 0.85"
"7,23 : 0.7708"
"23,7 : 0.7708"
"7,24 : 0.6525"
"24,7 : 0.6525"
"7,25 : 0.536"
"25,7 : 0.536"
"7,26 : 0.7983"
"26,7 : 0.7983"
"7,27 : 0.5188"
"27,7 : 0.5188"
"7,28 : 0.7401"
"28,7 : 0.7401"
"7,29 : 0.186"
"29,7 : 0.186"
"7,30 : 0.3688"
"30,7 : 0.3688"
"7,31 : 0.7948"
"31,7 : 0.7948"
"7,32 : 0.7925"
"32,7 : 0.7925"
"7,33 : 0.4357"
"33,7 : 0.4357"
"7,34 : 0.8481"
"34,7 : 0.8481"
"7,35 : 0.4649"
"35,7 : 0.4649"
"7,36 : 0.5224"
"36,7 : 0.5224"
"7,37 : 0.5381"
"37,7 : 0.5381"
"7,38 : 0.5511"
"38,7 : 0.5511"
"7,39 : 0.3574"
"39,7 : 0.3574"
"7,40 : 0.2687"
"40,7 : 0.2687"
"7,41 : 0.3421"
"41,7 : 0.3421"
"7,42 : 0.6621"
"42,7 : 0.6621"
"7,43 : 0.1789"
"43,7 : 0.1789"
"7,44 : 1.0819"
"44,7 : 1.0819"
"7,45 : 0.9324"
"45,7 : 0.9324"
"7,46 : 0.6592"
"46,7 : 0.6592"
"7,47 : 0.4328"
"47,7 : 0.4328"
"7,48 : 0.7009"
"48,7 : 0.7009"
"7,49 : 0.2163"
"49,7 : 0.2163"
"8,9 : 0.5099"
"9,8 : 0.5099"
"8,10 : 0.2546"
"10,8 : 0.2546"
"8,11 : 0.8062"
"11,8 : 0.8062"
"8,12 : 0.3805"
"12,8 : 0.3805"
"8,13 : 0.942"
"13,8 : 0.942"
"8,14 : 0.6926"
"14,8 : 0.6926"
"8,15 : 0.6161"
"15,8 : 0.6161"
"8,16 : 0.8102"
"16,8 : 0.8102"
"8,17 : 0.3362"
"17,8 : 0.3362"
"8,18 : 0.6041"
"18,8 : 0.6041"
"8,19 : 0.3479"
"19,8 : 0.3479"
"8,20 : 0.7355"
"20,8 : 0.7355"
"8,21 : 0.7242"
"21,8 : 0.7242"
"8,22 : 0.7782"
"22,8 : 0.7782"
"8,23 : 0.5255"
"23,8 : 0.5255"
"8,24 : 0.246"
"24,8 : 0.246"
"8,25 : 0.9888"
"25,8 : 0.9888"
"8,26 : 0.9262"
"26,8 : 0.9262"
"8,27 : 0.6466"
"27,8 : 0.6466"
"8,28 : 0.06"
"28,8 : 0.06"
"8,29 : 0.661"
"29,8 : 0.661"
"8,30 : 0.4016"
"30,8 : 0.4016"
"8,31 : 0.8238"
"31,8 : 0.8238"
"8,32 : 0.9449"
"32,8 : 0.9449"
"8,33 : 0.4115"
"33,8 : 0.4115"
"8,34 : 0.6579"
"34,8 : 0.6579"
"8,35 : 0.3162"
"35,8 : 0.3162"
"8,36 : 0.22"
"36,8 : 0.22"
"8,37 : 0.4601"
"37,8 : 0.4601"
"8,38 : 0.9811"
"38,8 : 0.9811"
"8,39 : 0.4045"
"39,8 : 0.4045"
"8,40 : 0.9605"
"40,8 : 0.9605"
"8,41 : 0.7077"
"41,8 : 0.7077"
"8,42 : 0.717"
"42,8 : 0.717"
"8,43 : 0.6691"
"43,8 : 0.6691"
"8,44 : 0.7106"
"44,8 : 0.7106"
"8,45 : 0.6986"
"45,8 : 0.6986"
"8,46 : 0.7441"
"46,8 : 0.7441"
"8,47 : 0.5385"
"47,8 : 0.5385"
"8,48 : 0.4741"
"48,8 : 0.4741"
"8,49 : 0.9227"
"49,8 : 0.9227"
"9,10 : 0.2561"
"10,9 : 0.2561"
"9,11 : 0.3256"
"11,9 : 0.3256"
"9,12 : 0.402"
"12,9 : 0.402"
"9,13 : 0.4519"
"13,9 : 0.4519"
"9,14 : 0.3624"
"14,9 : 0.3624"
"9,15 : 0.3538"
"15,9 : 0.3538"
"9,16 : 0.7184"
"16,9 : 0.7184"
"9,17 : 0.5523"
"17,9 : 0.5523"
"9,18 : 0.2921"
"18,9 : 0.2921"
"9,19 : 0.2702"
"19,9 : 0.2702"
"9,20 : 0.6107"
"20,9 : 0.6107"
"9,21 : 0.3848"
"21,9 : 0.3848"
"9,22 : 0.32"
"22,9 : 0.32"
"9,23 : 0.186"
"23,9 : 0.186"
"9,24 : 0.6426"
"24,9 : 0.6426"
"9,25 : 0.5376"
"25,9 : 0.5376"
"9,26 : 0.4188"
"26,9 : 0.4188"
"9,27 : 0.1628"
"27,9 : 0.1628"
"9,28 : 0.5561"
"28,9 : 0.5561"
"9,29 : 0.6485"
"29,9 : 0.6485"
"9,30 : 0.5116"
"30,9 : 0.5116"
"9,31 : 0.3289"
"31,9 : 0.3289"
"9,32 : 0.436"
"32,9 : 0.436"
"9,33 : 0.2022"
"33,9 : 0.2022"
"9,34 : 0.2683"
"34,9 : 0.2683"
"9,35 : 0.2828"
"35,9 : 0.2828"
"9,36 : 0.3985"
"36,9 : 0.3985"
"9,37 : 0.07"
"37,9 : 0.07"
"9,38 : 0.5217"
"38,9 : 0.5217"
"9,39 : 0.3256"
"39,9 : 0.3256"
"9,40 : 0.8559"
"40,9 : 0.8559"
"9,41 : 0.3257"
"41,9 : 0.3257"
"9,42 : 0.2081"
"42,9 : 0.2081"
"9,43 : 0.4187"
"43,9 : 0.4187"
"9,44 : 0.4958"
"44,9 : 0.4958"
"9,45 : 0.3499"
"45,9 : 0.3499"
"9,46 : 0.2343"
"46,9 : 0.2343"
"9,47 : 0.1562"
"47,9 : 0.1562"
"9,48 : 0.1265"
"48,9 : 0.1265"
"9,49 : 0.6576"
"49,9 : 0.6576"
"10,11 : 0.5646"
"11,10 : 0.5646"
"10,12 : 0.2828"
"12,10 : 0.2828"
"10,13 : 0.6907"
"13,10 : 0.6907"
"10,14 : 0.4809"
"14,10 : 0.4809"
"10,15 : 0.4219"
"15,10 : 0.4219"
"10,16 : 0.7083"
"16,10 : 0.7083"
"10,17 : 0.3669"
"17,10 : 0.3669"
"10,18 : 0.3905"
"18,10 : 0.3905"
"10,19 : 0.1655"
"19,10 : 0.1655"
"10,20 : 0.6127"
"20,10 : 0.6127"
"10,21 : 0.5116"
"21,10 : 0.5116"
"10,22 : 0.5441"
"22,10 : 0.5441"
"10,23 : 0.3102"
"23,10 : 0.3102"
"10,24 : 0.4061"
"24,10 : 0.4061"
"10,25 : 0.7485"
"25,10 : 0.7485"
"10,26 : 0.6742"
"26,10 : 0.6742"
"10,27 : 0.3941"
"27,10 : 0.3941"
"10,28 : 0.3"
"28,10 : 0.3"
"10,29 : 0.589"
"29,10 : 0.589"
"10,30 : 0.3689"
"30,10 : 0.3689"
"10,31 : 0.5771"
"31,10 : 0.5771"
"10,32 : 0.692"
"32,10 : 0.692"
"10,33 : 0.19"
"33,10 : 0.19"
"10,34 : 0.4418"
"34,10 : 0.4418"
"10,35 : 0.1442"
"35,10 : 0.1442"
"10,36 : 0.1844"
"36,10 : 0.1844"
"10,37 : 0.2062"
"37,10 : 0.2062"
"10,38 : 0.7382"
"38,10 : 0.7382"
"10,39 : 0.2506"
"39,10 : 0.2506"
"10,40 : 0.8596"
"40,10 : 0.8596"
"10,41 : 0.4805"
"41,10 : 0.4805"
"10,42 : 0.464"
"42,10 : 0.464"
"10,43 : 0.4851"
"43,10 : 0.4851"
"10,44 : 0.5701"
"44,10 : 0.5701"
"10,45 : 0.5004"
"45,10 : 0.5004"
"10,46 : 0.4904"
"46,10 : 0.4904"
"10,47 : 0.2973"
"47,10 : 0.2973"
"10,48 : 0.2433"
"48,10 : 0.2433"
"10,49 : 0.7481"
"49,10 : 0.7481"
"11,12 : 0.7203"
"12,11 : 0.7203"
"11,13 : 0.3734"
"13,11 : 0.3734"
"11,14 : 0.5547"
"14,11 : 0.5547"
"11,15 : 0.5946"
"15,11 : 0.5946"
"11,16 : 0.9625"
"16,11 : 0.9625"
"11,17 : 0.8769"
"17,11 : 0.8769"
"11,18 : 0.5281"
"18,11 : 0.5281"
"11,19 : 0.5941"
"19,11 : 0.5941"
"11,20 : 0.8562"
"20,11 : 0.8562"
"11,21 : 0.5608"
"21,11 : 0.5608"
"11,22 : 0.06"
"22,11 : 0.06"
"11,23 : 0.297"
"23,11 : 0.297"
"11,24 : 0.9646"
"24,11 : 0.9646"
"11,25 : 0.5233"
"25,11 : 0.5233"
"11,26 : 0.1726"
"26,11 : 0.1726"
"11,27 : 0.3068"
"27,11 : 0.3068"
"11,28 : 0.8588"
"28,11 : 0.8588"
"11,29 : 0.9289"
"29,11 : 0.9289"
"11,30 : 0.8302"
"30,11 : 0.8302"
"11,31 : 0.051"
"31,11 : 0.051"
"11,32 : 0.2022"
"32,11 : 0.2022"
"11,33 : 0.5209"
"33,11 : 0.5209"
"11,34 : 0.197"
"34,11 : 0.197"
"11,35 : 0.6083"
"35,11 : 0.6083"
"11,36 : 0.7228"
"36,11 : 0.7228"
"11,37 : 0.3946"
"37,11 : 0.3946"
"11,38 : 0.4966"
"38,11 : 0.4966"
"11,39 : 0.64"
"39,11 : 0.64"
"11,40 : 1.0791"
"40,11 : 1.0791"
"11,41 : 0.4888"
"41,11 : 0.4888"
"11,42 : 0.1616"
"42,11 : 0.1616"
"11,43 : 0.6447"
"43,11 : 0.6447"
"11,44 : 0.4301"
"44,11 : 0.4301"
"11,45 : 0.2408"
"45,11 : 0.2408"
"11,46 : 0.1664"
"46,11 : 0.1664"
"11,47 : 0.4243"
"47,11 : 0.4243"
"11,48 : 0.3329"
"48,11 : 0.3329"
"11,49 : 0.8169"
"49,11 : 0.8169"
"12,13 : 0.6964"
"13,12 : 0.6964"
"12,14 : 0.3624"
"14,12 : 0.3624"
"12,15 : 0.272"
"15,12 : 0.272"
"12,16 : 0.4401"
"16,12 : 0.4401"
"12,17 : 0.1749"
"17,12 : 0.1749"
"12,18 : 0.2907"
"18,12 : 0.2907"
"12,19 : 0.1393"
"19,12 : 0.1393"
"12,20 : 0.3569"
"20,12 : 0.3569"
"12,21 : 0.392"
"21,12 : 0.392"
"12,22 : 0.7211"
"22,12 : 0.7211"
"12,23 : 0.5442"
"23,12 : 0.5442"
"12,24 : 0.336"
"24,12 : 0.336"
"12,25 : 0.693"
"25,12 : 0.693"
"12,26 : 0.7737"
"26,12 : 0.7737"
"12,27 : 0.4464"
"27,12 : 0.4464"
"12,28 : 0.3821"
"28,12 : 0.3821"
"12,29 : 0.3081"
"29,12 : 0.3081"
"12,30 : 0.11"
"30,12 : 0.11"
"12,31 : 0.7134"
"31,12 : 0.7134"
"12,32 : 0.7816"
"32,12 : 0.7816"
"12,33 : 0.2002"
"33,12 : 0.2002"
"12,34 : 0.6597"
"34,12 : 0.6597"
"12,35 : 0.1442"
"35,12 : 0.1442"
"12,36 : 0.1612"
"36,12 : 0.1612"
"12,37 : 0.3324"
"37,12 : 0.3324"
"12,38 : 0.6935"
"38,12 : 0.6935"
"12,39 : 0.0825"
"39,12 : 0.0825"
"12,40 : 0.5924"
"40,12 : 0.5924"
"12,41 : 0.4036"
"41,12 : 0.4036"
"12,42 : 0.5756"
"42,12 : 0.5756"
"12,43 : 0.3087"
"43,12 : 0.3087"
"12,44 : 0.8373"
"44,12 : 0.8373"
"12,45 : 0.7338"
"45,12 : 0.7338"
"12,46 : 0.5903"
"46,12 : 0.5903"
"12,47 : 0.3105"
"47,12 : 0.3105"
"12,48 : 0.4682"
"48,12 : 0.4682"
"12,49 : 0.5474"
"49,12 : 0.5474"
"13,14 : 0.3711"
"14,13 : 0.3711"
"13,15 : 0.4554"
"15,13 : 0.4554"
"13,16 : 0.7511"
"16,13 : 0.7511"
"13,17 : 0.8713"
"17,13 : 0.8713"
"13,18 : 0.4115"
"18,13 : 0.4115"
"13,19 : 0.6229"
"19,13 : 0.6229"
"13,20 : 0.6603"
"20,13 : 0.6603"
"13,21 : 0.3551"
"21,13 : 0.3551"
"13,22 : 0.4301"
"22,13 : 0.4301"
"13,23 : 0.5657"
"23,13 : 0.5657"
"13,24 : 1.0167"
"24,13 : 1.0167"
"13,25 : 0.1562"
"25,13 : 0.1562"
"13,26 : 0.2408"
"26,13 : 0.2408"
"13,27 : 0.2968"
"27,13 : 0.2968"
"13,28 : 0.9795"
"28,13 : 0.9795"
"13,29 : 0.7793"
"29,13 : 0.7793"
"13,30 : 0.7918"
"30,13 : 0.7918"
"13,31 : 0.3231"
"31,13 : 0.3231"
"13,32 : 0.2193"
"32,13 : 0.2193"
"13,33 : 0.5445"
"33,13 : 0.5445"
"13,34 : 0.5324"
"34,13 : 0.5324"
"13,35 : 0.6507"
"35,13 : 0.6507"
"13,36 : 0.7783"
"36,13 : 0.7783"
"13,37 : 0.4855"
"37,13 : 0.4855"
"13,38 : 0.1281"
"38,13 : 0.1281"
"13,39 : 0.6185"
"39,13 : 0.6185"
"13,40 : 0.8298"
"40,13 : 0.8298"
"13,41 : 0.3068"
"41,13 : 0.3068"
"13,42 : 0.2907"
"42,13 : 0.2907"
"13,43 : 0.4687"
"43,13 : 0.4687"
"13,44 : 0.7925"
"44,13 : 0.7925"
"13,45 : 0.6002"
"45,13 : 0.6002"
"13,46 : 0.2602"
"46,13 : 0.2602"
"13,47 : 0.4101"
"47,13 : 0.4101"
"13,48 : 0.5508"
"48,13 : 0.5508"
"13,49 : 0.5281"
"49,13 : 0.5281"
"14,15 : 0.0922"
"15,14 : 0.0922"
"14,16 : 0.4111"
"16,14 : 0.4111"
"14,17 : 0.5304"
"17,14 : 0.5304"
"14,18 : 0.0906"
"18,14 : 0.0906"
"14,19 : 0.3448"
"19,14 : 0.3448"
"14,20 : 0.3081"
"20,14 : 0.3081"
"14,21 : 0.0316"
"21,14 : 0.0316"
"14,22 : 0.5852"
"22,14 : 0.5852"
"14,23 : 0.5471"
"23,14 : 0.5471"
"14,24 : 0.6981"
"24,14 : 0.6981"
"14,25 : 0.3342"
"25,14 : 0.3342"
"14,26 : 0.5277"
"26,14 : 0.5277"
"14,27 : 0.2561"
"27,14 : 0.2561"
"14,28 : 0.7131"
"28,14 : 0.7131"
"14,29 : 0.4111"
"29,14 : 0.4111"
"14,30 : 0.4405"
"30,14 : 0.4405"
"14,31 : 0.5239"
"31,14 : 0.5239"
"14,32 : 0.5235"
"32,14 : 0.5235"
"14,33 : 0.2915"
"33,14 : 0.2915"
"14,34 : 0.6014"
"34,14 : 0.6014"
"14,35 : 0.3764"
"35,14 : 0.3764"
"14,36 : 0.4875"
"36,14 : 0.4875"
"14,37 : 0.3353"
"37,14 : 0.3353"
"14,38 : 0.3384"
"38,14 : 0.3384"
"14,39 : 0.3002"
"39,14 : 0.3002"
"14,40 : 0.5248"
"40,14 : 0.5248"
"14,41 : 0.0707"
"41,14 : 0.0707"
"14,42 : 0.3945"
"42,14 : 0.3945"
"14,43 : 0.1"
"43,14 : 0.1"
"14,44 : 0.8521"
"44,14 : 0.8521"
"14,45 : 0.6862"
"45,14 : 0.6862"
"14,46 : 0.3891"
"46,14 : 0.3891"
"14,47 : 0.2119"
"47,14 : 0.2119"
"14,48 : 0.4875"
"48,14 : 0.4875"
"14,49 : 0.2953"
"49,14 : 0.2953"
"15,16 : 0.3722"
"16,15 : 0.3722"
"15,17 : 0.4384"
"17,15 : 0.4384"
"15,18 : 0.0671"
"18,15 : 0.0671"
"15,19 : 0.2717"
"19,15 : 0.2717"
"15,20 : 0.2642"
"20,15 : 0.2642"
"15,21 : 0.1204"
"21,15 : 0.1204"
"15,22 : 0.6174"
"22,15 : 0.6174"
"15,23 : 0.5391"
"23,15 : 0.5391"
"15,24 : 0.608"
"24,15 : 0.608"
"15,25 : 0.4264"
"25,15 : 0.4264"
"15,26 : 0.5908"
"26,15 : 0.5908"
"15,27 : 0.2879"
"27,15 : 0.2879"
"15,28 : 0.6325"
"28,15 : 0.6325"
"15,29 : 0.3413"
"29,15 : 0.3413"
"15,30 : 0.3483"
"30,15 : 0.3483"
"15,31 : 0.5701"
"31,15 : 0.5701"
"15,32 : 0.59"
"32,15 : 0.59"
"15,33 : 0.2335"
"33,15 : 0.2335"
"15,34 : 0.6122"
"34,15 : 0.6122"
"15,35 : 0.3027"
"35,15 : 0.3027"
"15,36 : 0.405"
"36,15 : 0.405"
"15,37 : 0.3106"
"37,15 : 0.3106"
"15,38 : 0.4301"
"38,15 : 0.4301"
"15,39 : 0.2154"
"39,15 : 0.2154"
"15,40 : 0.5033"
"40,15 : 0.5033"
"15,41 : 0.1487"
"41,15 : 0.1487"
"15,42 : 0.4332"
"42,15 : 0.4332"
"15,43 : 0.0671"
"43,15 : 0.0671"
"15,44 : 0.8496"
"44,15 : 0.8496"
"15,45 : 0.6966"
"45,15 : 0.6966"
"15,46 : 0.4342"
"46,15 : 0.4342"
"15,47 : 0.198"
"47,15 : 0.198"
"15,48 : 0.472"
"48,15 : 0.472"
"15,49 : 0.3276"
"49,15 : 0.3276"
"16,17 : 0.5001"
"17,16 : 0.5001"
"16,18 : 0.4391"
"18,16 : 0.4391"
"16,19 : 0.5438"
"19,16 : 0.5438"
"16,20 : 0.1082"
"20,16 : 0.1082"
"16,21 : 0.4123"
"21,16 : 0.4123"
"16,22 : 0.9884"
"22,16 : 0.9884"
"16,23 : 0.8994"
"23,16 : 0.8994"
"16,24 : 0.6812"
"24,16 : 0.6812"
"16,25 : 0.6549"
"25,16 : 0.6549"
"16,26 : 0.9362"
"26,16 : 0.9362"
"16,27 : 0.6574"
"27,16 : 0.6574"
"16,28 : 0.7991"
"28,16 : 0.7991"
"16,29 : 0.1612"
"29,16 : 0.1612"
"16,30 : 0.413"
"30,16 : 0.413"
"16,31 : 0.9341"
"31,16 : 0.9341"
"16,32 : 0.9296"
"32,16 : 0.9296"
"16,33 : 0.5532"
"33,16 : 0.5532"
"16,34 : 0.9823"
"34,16 : 0.9823"
"16,35 : 0.5644"
"35,16 : 0.5644"
"16,36 : 0.5977"
"36,16 : 0.5977"
"16,37 : 0.6653"
"37,16 : 0.6653"
"16,38 : 0.6727"
"38,16 : 0.6727"
"16,39 : 0.4579"
"39,16 : 0.4579"
"16,40 : 0.1523"
"40,16 : 0.1523"
"16,41 : 0.4808"
"41,16 : 0.4808"
"16,42 : 0.8011"
"42,16 : 0.8011"
"16,43 : 0.3178"
"43,16 : 0.3178"
"16,44 : 1.2102"
"44,16 : 1.2102"
"16,45 : 1.0661"
"45,16 : 1.0661"
"16,46 : 0.7985"
"46,16 : 0.7985"
"16,47 : 0.5661"
"47,16 : 0.5661"
"16,48 : 0.8276"
"48,16 : 0.8276"
"16,49 : 0.2818"
"49,16 : 0.2818"
"17,18 : 0.464"
"18,17 : 0.464"
"17,19 : 0.2828"
"19,17 : 0.2828"
"17,20 : 0.4472"
"20,17 : 0.4472"
"17,21 : 0.5587"
"21,17 : 0.5587"
"17,22 : 0.8714"
"22,17 : 0.8714"
"17,23 : 0.6675"
"23,17 : 0.6675"
"17,24 : 0.1868"
"24,17 : 0.1868"
"17,25 : 0.8637"
"25,17 : 0.8637"
"17,26 : 0.9425"
"26,17 : 0.9425"
"17,27 : 0.6168"
"27,17 : 0.6168"
"17,28 : 0.3102"
"28,17 : 0.3102"
"17,29 : 0.3413"
"29,17 : 0.3413"
"17,30 : 0.0985"
"30,17 : 0.0985"
"17,31 : 0.8748"
"31,17 : 0.8748"
"17,32 : 0.9519"
"32,17 : 0.9519"
"17,33 : 0.359"
"33,17 : 0.359"
"17,34 : 0.7931"
"34,17 : 0.7931"
"17,35 : 0.2702"
"35,17 : 0.2702"
"17,36 : 0.1838"
"36,17 : 0.1838"
"17,37 : 0.4826"
"37,17 : 0.4826"
"17,38 : 0.8656"
"38,17 : 0.8656"
"17,39 : 0.255"
"39,17 : 0.255"
"17,40 : 0.6438"
"40,17 : 0.6438"
"17,41 : 0.5763"
"41,17 : 0.5763"
"17,42 : 0.7398"
"42,17 : 0.7398"
"17,43 : 0.464"
"43,17 : 0.464"
"17,44 : 0.9364"
"44,17 : 0.9364"
"17,45 : 0.8599"
"45,17 : 0.8599"
"17,46 : 0.7569"
"46,17 : 0.7569"
"17,47 : 0.481"
"47,17 : 0.481"
"17,48 : 0.5941"
"48,17 : 0.5941"
"17,49 : 0.6742"
"49,17 : 0.6742"
"18,19 : 0.2563"
"19,18 : 0.2563"
"18,20 : 0.3312"
"20,18 : 0.3312"
"18,21 : 0.1217"
"21,18 : 0.1217"
"18,22 : 0.5504"
"22,18 : 0.5504"
"18,23 : 0.478"
"23,18 : 0.478"
"18,24 : 0.6229"
"24,18 : 0.6229"
"18,25 : 0.4036"
"25,18 : 0.4036"
"18,26 : 0.53"
"26,18 : 0.53"
"18,27 : 0.2214"
"27,18 : 0.2214"
"18,28 : 0.6265"
"28,18 : 0.6265"
"18,29 : 0.4045"
"29,18 : 0.4045"
"18,30 : 0.3808"
"30,18 : 0.3808"
"18,31 : 0.5045"
"31,18 : 0.5045"
"18,32 : 0.5308"
"32,18 : 0.5308"
"18,33 : 0.201"
"33,18 : 0.201"
"18,34 : 0.5467"
"34,18 : 0.5467"
"18,35 : 0.2879"
"35,18 : 0.2879"
"18,36 : 0.4031"
"36,18 : 0.4031"
"18,37 : 0.255"
"37,18 : 0.255"
"18,38 : 0.4031"
"38,18 : 0.4031"
"18,39 : 0.2202"
"39,18 : 0.2202"
"18,40 : 0.5685"
"40,18 : 0.5685"
"18,41 : 0.1131"
"41,18 : 0.1131"
"18,42 : 0.3669"
"42,18 : 0.3669"
"18,43 : 0.1273"
"43,18 : 0.1273"
"18,44 : 0.7875"
"44,18 : 0.7875"
"18,45 : 0.6313"
"45,18 : 0.6313"
"18,46 : 0.3688"
"46,18 : 0.3688"
"18,47 : 0.136"
"47,18 : 0.136"
"18,48 : 0.4134"
"48,18 : 0.4134"
"18,49 : 0.3734"
"49,18 : 0.3734"
"19,20 : 0.4472"
"20,19 : 0.4472"
"19,21 : 0.3764"
"21,19 : 0.3764"
"19,22 : 0.5901"
"22,19 : 0.5901"
"19,23 : 0.405"
"23,19 : 0.405"
"19,24 : 0.3966"
"24,19 : 0.3966"
"19,25 : 0.649"
"25,19 : 0.649"
"19,26 : 0.6648"
"26,19 : 0.6648"
"19,27 : 0.3448"
"27,19 : 0.3448"
"19,28 : 0.3712"
"28,19 : 0.3712"
"19,29 : 0.4314"
"29,19 : 0.4314"
"19,30 : 0.2452"
"30,19 : 0.2452"
"19,31 : 0.5923"
"31,19 : 0.5923"
"19,32 : 0.6762"
"32,19 : 0.6762"
"19,33 : 0.0806"
"33,19 : 0.0806"
"19,34 : 0.5217"
"34,19 : 0.5217"
"19,35 : 0.0316"
"35,19 : 0.0316"
"19,36 : 0.1556"
"36,19 : 0.1556"
"19,37 : 0.2002"
"37,19 : 0.2002"
"19,38 : 0.644"
"38,19 : 0.644"
"19,39 : 0.086"
"39,19 : 0.086"
"19,40 : 0.6946"
"40,19 : 0.6946"
"19,41 : 0.3624"
"41,19 : 0.3624"
"19,42 : 0.4588"
"42,19 : 0.4588"
"19,43 : 0.33"
"43,19 : 0.33"
"19,44 : 0.6997"
"44,19 : 0.6997"
"19,45 : 0.5948"
"45,19 : 0.5948"
"19,46 : 0.4776"
"46,19 : 0.4776"
"19,47 : 0.214"
"47,19 : 0.214"
"19,48 : 0.3289"
"48,19 : 0.3289"
"19,49 : 0.5914"
"49,19 : 0.5914"
"20,21 : 0.3126"
"21,20 : 0.3126"
"20,22 : 0.881"
"22,20 : 0.881"
"20,23 : 0.7925"
"23,20 : 0.7925"
"20,24 : 0.6335"
"24,20 : 0.6335"
"20,25 : 0.5772"
"25,20 : 0.5772"
"20,26 : 0.8355"
"26,20 : 0.8355"
"20,27 : 0.5504"
"27,20 : 0.5504"
"20,28 : 0.7306"
"28,20 : 0.7306"
"20,29 : 0.1487"
"29,20 : 0.1487"
"20,30 : 0.3523"
"30,20 : 0.3523"
"20,31 : 0.8287"
"31,20 : 0.8287"
"20,32 : 0.8302"
"32,20 : 0.8302"
"20,33 : 0.45"
"33,20 : 0.45"
"20,34 : 0.8742"
"34,20 : 0.8742"
"20,35 : 0.4701"
"35,20 : 0.4701"
"20,36 : 0.5179"
"36,20 : 0.5179"
"20,37 : 0.5587"
"37,20 : 0.5587"
"20,38 : 0.5923"
"38,20 : 0.5923"
"20,39 : 0.3625"
"39,20 : 0.3625"
"20,40 : 0.25"
"40,20 : 0.25"
"20,41 : 0.3785"
"41,20 : 0.3785"
"20,42 : 0.6946"
"42,20 : 0.6946"
"20,43 : 0.2119"
"43,20 : 0.2119"
"20,44 : 1.1034"
"44,20 : 1.1034"
"20,45 : 0.958"
"45,20 : 0.958"
"20,46 : 0.6929"
"46,20 : 0.6929"
"20,47 : 0.458"
"47,20 : 0.458"
"20,48 : 0.7212"
"48,20 : 0.7212"
"20,49 : 0.2484"
"49,20 : 0.2484"
"21,22 : 0.5941"
"22,21 : 0.5941"
"21,23 : 0.5682"
"23,21 : 0.5682"
"21,24 : 0.728"
"24,21 : 0.728"
"21,25 : 0.3081"
"25,21 : 0.3081"
"21,26 : 0.5239"
"26,21 : 0.5239"
"21,27 : 0.2687"
"27,21 : 0.2687"
"21,28 : 0.7446"
"28,21 : 0.7446"
"21,29 : 0.4243"
"29,21 : 0.4243"
"21,30 : 0.4675"
"30,21 : 0.4675"
"21,31 : 0.5277"
"31,21 : 0.5277"
"21,32 : 0.5179"
"32,21 : 0.5179"
"21,33 : 0.3225"
"33,21 : 0.3225"
"21,34 : 0.6172"
"34,21 : 0.6172"
"21,35 : 0.408"
"35,21 : 0.408"
"21,36 : 0.5189"
"36,21 : 0.5189"
"21,37 : 0.3614"
"37,21 : 0.3614"
"21,38 : 0.3138"
"38,21 : 0.3138"
"21,39 : 0.3312"
"39,21 : 0.3312"
"21,40 : 0.5188"
"40,21 : 0.5188"
"21,41 : 0.0721"
"41,21 : 0.0721"
"21,42 : 0.4022"
"42,21 : 0.4022"
"21,43 : 0.114"
"43,21 : 0.114"
"21,44 : 0.8709"
"44,21 : 0.8709"
"21,45 : 0.7018"
"45,21 : 0.7018"
"21,46 : 0.3945"
"46,21 : 0.3945"
"21,47 : 0.2377"
"47,21 : 0.2377"
"21,48 : 0.5108"
"48,21 : 0.5108"
"21,49 : 0.2746"
"49,21 : 0.2746"
"22,23 : 0.2581"
"23,22 : 0.2581"
"22,24 : 0.9483"
"24,22 : 0.9483"
"22,25 : 0.5778"
"25,22 : 0.5778"
"22,26 : 0.2319"
"26,22 : 0.2319"
"22,27 : 0.3312"
"27,22 : 0.3312"
"22,28 : 0.8326"
"28,22 : 0.8326"
"22,29 : 0.9456"
"29,22 : 0.9456"
"22,30 : 0.831"
"30,22 : 0.831"
"22,31 : 0.1105"
"31,22 : 0.1105"
"22,32 : 0.2617"
"32,22 : 0.2617"
"22,33 : 0.5209"
"33,22 : 0.5209"
"22,34 : 0.1442"
"34,22 : 0.1442"
"22,35 : 0.6013"
"35,22 : 0.6013"
"22,36 : 0.7102"
"36,22 : 0.7102"
"22,37 : 0.39"
"37,22 : 0.39"
"22,38 : 0.5515"
"38,22 : 0.5515"
"22,39 : 0.6428"
"39,22 : 0.6428"
"22,40 : 1.1098"
"40,22 : 1.1098"
"22,41 : 0.522"
"41,22 : 0.522"
"22,42 : 0.1921"
"42,22 : 0.1921"
"22,43 : 0.6712"
"43,22 : 0.6712"
"22,44 : 0.3701"
"44,22 : 0.3701"
"22,45 : 0.1811"
"45,22 : 0.1811"
"22,46 : 0.2052"
"46,22 : 0.2052"
"22,47 : 0.4368"
"47,22 : 0.4368"
"22,48 : 0.3046"
"48,22 : 0.3046"
"22,49 : 0.8563"
"49,22 : 0.8563"
"23,24 : 0.7145"
"24,23 : 0.7145"
"23,25 : 0.6803"
"25,23 : 0.6803"
"23,26 : 0.4494"
"26,23 : 0.4494"
"23,27 : 0.3202"
"27,23 : 0.3202"
"23,28 : 0.5819"
"28,23 : 0.5819"
"23,29 : 0.8184"
"29,23 : 0.8184"
"23,30 : 0.6485"
"30,23 : 0.6485"
"23,31 : 0.328"
"31,23 : 0.328"
"23,32 : 0.4751"
"32,23 : 0.4751"
"23,33 : 0.3585"
"33,23 : 0.3585"
"23,34 : 0.1334"
"34,23 : 0.1334"
"23,35 : 0.4052"
"35,23 : 0.4052"
"23,36 : 0.4909"
"36,23 : 0.4909"
"23,37 : 0.2343"
"37,23 : 0.2343"
"23,38 : 0.66"
"38,23 : 0.66"
"23,39 : 0.4785"
"39,23 : 0.4785"
"23,40 : 1.0395"
"40,23 : 1.0395"
"23,41 : 0.5057"
"41,23 : 0.5057"
"23,42 : 0.2766"
"42,23 : 0.2766"
"23,43 : 0.6044"
"43,23 : 0.6044"
"23,44 : 0.3111"
"44,23 : 0.3111"
"23,45 : 0.1924"
"45,23 : 0.1924"
"23,46 : 0.3081"
"46,23 : 0.3081"
"23,47 : 0.3421"
"47,23 : 0.3421"
"23,48 : 0.0762"
"48,23 : 0.0762"
"23,49 : 0.8422"
"49,23 : 0.8422"
"24,25 : 1.0265"
"25,24 : 1.0265"
"24,26 : 1.0555"
"26,24 : 1.0555"
"24,27 : 0.7409"
"27,24 : 0.7409"
"24,28 : 0.1942"
"28,24 : 0.1942"
"24,29 : 0.5204"
"29,24 : 0.5204"
"24,30 : 0.2846"
"30,24 : 0.2846"
"24,31 : 0.9714"
"31,24 : 0.9714"
"24,32 : 1.0689"
"32,24 : 1.0689"
"24,33 : 0.4771"
"33,24 : 0.4771"
"24,34 : 0.8472"
"34,24 : 0.8472"
"24,35 : 0.3722"
"35,24 : 0.3722"
"24,36 : 0.246"
"36,24 : 0.246"
"24,37 : 0.5778"
"37,24 : 0.5778"
"24,38 : 1.0255"
"38,24 : 1.0255"
"24,39 : 0.4031"
"39,24 : 0.4031"
"24,40 : 0.8202"
"40,24 : 0.8202"
"24,41 : 0.7359"
"41,24 : 0.7359"
"24,42 : 0.8458"
"42,24 : 0.8458"
"24,43 : 0.6414"
"43,24 : 0.6414"
"24,44 : 0.9405"
"44,24 : 0.9405"
"24,45 : 0.9014"
"45,24 : 0.9014"
"24,46 : 0.8676"
"46,24 : 0.8676"
"24,47 : 0.6103"
"47,24 : 0.6103"
"24,48 : 0.6494"
"48,24 : 0.6494"
"24,49 : 0.8603"
"49,24 : 0.8603"
"25,26 : 0.397"
"26,25 : 0.397"
"25,27 : 0.3748"
"27,25 : 0.3748"
"25,28 : 1.0187"
"28,25 : 1.0187"
"25,29 : 0.7117"
"29,25 : 0.7117"
"25,30 : 0.7747"
"30,25 : 0.7747"
"25,31 : 0.4741"
"31,25 : 0.4741"
"25,32 : 0.3748"
"32,25 : 0.3748"
"25,33 : 0.578"
"33,25 : 0.578"
"25,34 : 0.6671"
"34,25 : 0.6671"
"25,35 : 0.6796"
"35,25 : 0.6796"
"25,36 : 0.8021"
"36,25 : 0.8021"
"25,37 : 0.5536"
"37,25 : 0.5536"
"25,38 : 0.0283"
"38,25 : 0.0283"
"25,39 : 0.6237"
"39,25 : 0.6237"
"25,40 : 0.7125"
"40,25 : 0.7125"
"25,41 : 0.2907"
"41,25 : 0.2907"
"25,42 : 0.4177"
"42,25 : 0.4177"
"25,43 : 0.4168"
"43,25 : 0.4168"
"25,44 : 0.9315"
"44,25 : 0.9315"
"25,45 : 0.7404"
"45,25 : 0.7404"
"25,46 : 0.3905"
"46,25 : 0.3905"
"25,47 : 0.4519"
"47,25 : 0.4519"
"25,48 : 0.6519"
"48,25 : 0.6519"
"25,49 : 0.4031"
"49,25 : 0.4031"
"26,27 : 0.3276"
"27,26 : 0.3276"
"26,28 : 0.9742"
"28,26 : 0.9742"
"26,29 : 0.9319"
"29,26 : 0.9319"
"26,30 : 0.8807"
"30,26 : 0.8807"
"26,31 : 0.1265"
"31,26 : 0.1265"
"26,32 : 0.03"
"32,26 : 0.03"
"26,33 : 0.5852"
"33,26 : 0.5852"
"26,34 : 0.3669"
"34,26 : 0.3669"
"26,35 : 0.6854"
"35,26 : 0.6854"
"26,36 : 0.8096"
"36,26 : 0.8096"
"26,37 : 0.4789"
"37,26 : 0.4789"
"26,38 : 0.3688"
"38,26 : 0.3688"
"26,39 : 0.6912"
"39,26 : 0.6912"
"26,40 : 1.0346"
"40,26 : 1.0346"
"26,41 : 0.4571"
"41,26 : 0.4571"
"26,42 : 0.211"
"42,26 : 0.211"
"26,43 : 0.6265"
"43,26 : 0.6265"
"26,44 : 0.6003"
"44,26 : 0.6003"
"26,45 : 0.413"
"45,26 : 0.413"
"26,46 : 0.1879"
"46,26 : 0.1879"
"26,47 : 0.4632"
"47,26 : 0.4632"
"26,48 : 0.4675"
"48,26 : 0.4675"
"26,49 : 0.7471"
"49,26 : 0.7471"
"27,28 : 0.6862"
"28,27 : 0.6862"
"27,29 : 0.6237"
"29,27 : 0.6237"
"27,30 : 0.5532"
"30,27 : 0.5532"
"27,31 : 0.2844"
"31,27 : 0.2844"
"27,32 : 0.3353"
"32,27 : 0.3353"
"27,33 : 0.2642"
"33,27 : 0.2642"
"27,34 : 0.35"
"34,27 : 0.35"
"27,35 : 0.3689"
"35,27 : 0.3689"
"27,36 : 0.4965"
"36,27 : 0.4965"
"27,37 : 0.1887"
"37,27 : 0.1887"
"27,38 : 0.359"
"38,27 : 0.359"
"27,39 : 0.364"
"39,27 : 0.364"
"27,40 : 0.7794"
"40,27 : 0.7794"
"27,41 : 0.1985"
"41,27 : 0.1985"
"27,42 : 0.1456"
"42,27 : 0.1456"
"27,43 : 0.34"
"43,27 : 0.34"
"27,44 : 0.609"
"44,27 : 0.609"
"27,45 : 0.4342"
"45,27 : 0.4342"
"27,46 : 0.1503"
"46,27 : 0.1503"
"27,47 : 0.136"
"47,27 : 0.136"
"27,48 : 0.2802"
"48,27 : 0.2802"
"27,49 : 0.5404"
"49,27 : 0.5404"
"28,29 : 0.6454"
"29,28 : 0.6454"
"28,30 : 0.3864"
"30,28 : 0.3864"
"28,31 : 0.8746"
"31,28 : 0.8746"
"28,32 : 0.992"
"32,28 : 0.992"
"28,33 : 0.441"
"33,28 : 0.441"
"28,34 : 0.7147"
"34,28 : 0.7147"
"28,35 : 0.34"
"35,28 : 0.34"
"28,36 : 0.228"
"36,28 : 0.228"
"28,37 : 0.5025"
"37,28 : 0.5025"
"28,38 : 1.0124"
"38,28 : 1.0124"
"28,39 : 0.4176"
"39,28 : 0.4176"
"28,40 : 0.9473"
"40,28 : 0.9473"
"28,41 : 0.7336"
"41,28 : 0.7336"
"28,42 : 0.764"
"42,28 : 0.764"
"28,43 : 0.6815"
"43,28 : 0.6815"
"28,44 : 0.7706"
"44,28 : 0.7706"
"28,45 : 0.7571"
"45,28 : 0.7571"
"28,46 : 0.7903"
"46,28 : 0.7903"
"28,47 : 0.572"
"47,28 : 0.572"
"28,48 : 0.528"
"48,28 : 0.528"
"28,49 : 0.9291"
"49,28 : 0.9291"
"29,30 : 0.2596"
"30,29 : 0.2596"
"29,31 : 0.908"
"31,29 : 0.908"
"29,32 : 0.9305"
"32,29 : 0.9305"
"29,33 : 0.4604"
"33,29 : 0.4604"
"29,34 : 0.9168"
"34,29 : 0.9168"
"29,35 : 0.446"
"35,29 : 0.446"
"29,36 : 0.4562"
"36,29 : 0.4562"
"29,37 : 0.5867"
"37,29 : 0.5867"
"29,38 : 0.7242"
"38,29 : 0.7242"
"29,39 : 0.3471"
"39,29 : 0.3471"
"29,40 : 0.3027"
"40,29 : 0.3027"
"29,41 : 0.4804"
"41,29 : 0.4804"
"29,42 : 0.769"
"42,29 : 0.769"
"29,43 : 0.3114"
"43,29 : 0.3114"
"29,44 : 1.1241"
"44,29 : 1.1241"
"29,45 : 0.9976"
"45,29 : 0.9976"
"29,46 : 0.7728"
"46,29 : 0.7728"
"29,47 : 0.5092"
"47,29 : 0.5092"
"29,48 : 0.7433"
"48,29 : 0.7433"
"29,49 : 0.3962"
"49,29 : 0.3962"
"30,31 : 0.823"
"31,30 : 0.823"
"30,32 : 0.8877"
"32,30 : 0.8877"
"30,33 : 0.3102"
"33,30 : 0.3102"
"30,34 : 0.7669"
"34,30 : 0.7669"
"30,35 : 0.2435"
"35,30 : 0.2435"
"30,36 : 0.2062"
"36,30 : 0.2062"
"30,37 : 0.4418"
"37,30 : 0.4418"
"30,38 : 0.778"
"38,30 : 0.778"
"30,39 : 0.191"
"39,30 : 0.191"
"30,40 : 0.5609"
"40,30 : 0.5609"
"30,41 : 0.4909"
"41,30 : 0.4909"
"30,42 : 0.6847"
"42,30 : 0.6847"
"30,43 : 0.3688"
"43,30 : 0.3688"
"30,44 : 0.9347"
"44,30 : 0.9347"
"30,45 : 0.8393"
"45,30 : 0.8393"
"30,46 : 0.6987"
"46,30 : 0.6987"
"30,47 : 0.4177"
"47,30 : 0.4177"
"30,48 : 0.5728"
"48,30 : 0.5728"
"30,49 : 0.5758"
"49,30 : 0.5758"
"31,32 : 0.1552"
"32,31 : 0.1552"
"31,33 : 0.5162"
"33,31 : 0.5162"
"31,34 : 0.2404"
"34,31 : 0.2404"
"31,35 : 0.6088"
"35,31 : 0.6088"
"31,36 : 0.7273"
"36,31 : 0.7273"
"31,37 : 0.3956"
"37,31 : 0.3956"
"31,38 : 0.4472"
"38,31 : 0.4472"
"31,39 : 0.632"
"39,31 : 0.632"
"31,40 : 1.0466"
"40,31 : 1.0466"
"31,41 : 0.4562"
"41,31 : 0.4562"
"31,42 : 0.1404"
"42,31 : 0.1404"
"31,43 : 0.6168"
"43,31 : 0.6168"
"31,44 : 0.4804"
"44,31 : 0.4804"
"31,45 : 0.2902"
"45,31 : 0.2902"
"31,46 : 0.136"
"46,31 : 0.136"
"31,47 : 0.4101"
"47,31 : 0.4101"
"31,48 : 0.3547"
"48,31 : 0.3547"
"31,49 : 0.778"
"49,31 : 0.778"
"32,33 : 0.5962"
"33,32 : 0.5962"
"32,34 : 0.3956"
"34,32 : 0.3956"
"32,35 : 0.6978"
"35,32 : 0.6978"
"32,36 : 0.823"
"36,32 : 0.823"
"32,37 : 0.494"
"37,32 : 0.494"
"32,38 : 0.3466"
"38,32 : 0.3466"
"32,39 : 0.6992"
"39,32 : 0.6992"
"32,40 : 1.0246"
"40,32 : 1.0246"
"32,41 : 0.4528"
"41,32 : 0.4528"
"32,42 : 0.228"
"42,32 : 0.228"
"32,43 : 0.6229"
"43,32 : 0.6229"
"32,44 : 0.6303"
"44,32 : 0.6303"
"32,45 : 0.4428"
"45,32 : 0.4428"
"32,46 : 0.2025"
"46,32 : 0.2025"
"32,47 : 0.4713"
"47,32 : 0.4713"
"32,48 : 0.4904"
"48,32 : 0.4904"
"32,49 : 0.7335"
"49,32 : 0.7335"
"33,34 : 0.4649"
"34,33 : 0.4649"
"33,35 : 0.1063"
"35,33 : 0.1063"
"33,36 : 0.2343"
"36,33 : 0.2343"
"33,37 : 0.1334"
"37,33 : 0.1334"
"33,38 : 0.5714"
"38,33 : 0.5714"
"33,39 : 0.1237"
"39,33 : 0.1237"
"33,40 : 0.7"
"40,33 : 0.7"
"33,41 : 0.2973"
"41,33 : 0.2973"
"33,42 : 0.3808"
"42,33 : 0.3808"
"33,43 : 0.2983"
"43,33 : 0.2983"
"33,44 : 0.664"
"44,33 : 0.664"
"33,45 : 0.5423"
"45,33 : 0.5423"
"33,46 : 0.3985"
"46,33 : 0.3985"
"33,47 : 0.1345"
"47,33 : 0.1345"
"33,48 : 0.283"
"48,33 : 0.283"
"33,49 : 0.5609"
"49,33 : 0.5609"
"34,35 : 0.5261"
"35,34 : 0.5261"
"34,36 : 0.62"
"36,34 : 0.62"
"34,37 : 0.3324"
"37,34 : 0.3324"
"34,38 : 0.6433"
"38,34 : 0.6433"
"34,39 : 0.5882"
"39,34 : 0.5882"
"34,40 : 1.1152"
"40,34 : 1.1152"
"34,41 : 0.5482"
"41,34 : 0.5482"
"34,42 : 0.25"
"42,34 : 0.25"
"34,43 : 0.6736"
"43,34 : 0.6736"
"34,44 : 0.2657"
"44,34 : 0.2657"
"34,45 : 0.0849"
"45,34 : 0.0849"
"34,46 : 0.2766"
"46,34 : 0.2766"
"34,47 : 0.4162"
"47,34 : 0.4162"
"34,48 : 0.2"
"48,34 : 0.2"
"34,49 : 0.8902"
"49,34 : 0.8902"
"35,36 : 0.1281"
"36,35 : 0.1281"
"35,37 : 0.2138"
"37,35 : 0.2138"
"35,38 : 0.6742"
"38,35 : 0.6742"
"35,39 : 0.1077"
"39,35 : 0.1077"
"35,40 : 0.7159"
"40,35 : 0.7159"
"35,41 : 0.3936"
"41,35 : 0.3936"
"35,42 : 0.4776"
"42,35 : 0.4776"
"35,43 : 0.3601"
"43,35 : 0.3601"
"35,44 : 0.6935"
"44,35 : 0.6935"
"35,45 : 0.5967"
"45,35 : 0.5967"
"35,46 : 0.4977"
"46,35 : 0.4977"
"35,47 : 0.2408"
"47,35 : 0.2408"
"35,48 : 0.3298"
"48,35 : 0.3298"
"35,49 : 0.6207"
"49,35 : 0.6207"
"36,37 : 0.3324"
"37,36 : 0.3324"
"36,38 : 0.7981"
"38,36 : 0.7981"
"36,39 : 0.1897"
"39,36 : 0.1897"
"36,40 : 0.7495"
"40,36 : 0.7495"
"36,41 : 0.5131"
"41,36 : 0.5131"
"36,42 : 0.6001"
"42,36 : 0.6001"
"36,43 : 0.4535"
"43,36 : 0.4535"
"36,44 : 0.7527"
"44,36 : 0.7527"
"36,45 : 0.6826"
"45,36 : 0.6826"
"36,46 : 0.6217"
"46,36 : 0.6217"
"36,47 : 0.3688"
"47,36 : 0.3688"
"36,48 : 0.42"
"48,36 : 0.42"
"36,49 : 0.7035"
"49,36 : 0.7035"
"37,38 : 0.5408"
"38,37 : 0.5408"
"37,39 : 0.2571"
"39,37 : 0.2571"
"37,40 : 0.8066"
"40,37 : 0.8066"
"37,41 : 0.3114"
"41,37 : 0.3114"
"37,42 : 0.2683"
"42,37 : 0.2683"
"37,43 : 0.3774"
"43,37 : 0.3774"
"37,44 : 0.5449"
"44,37 : 0.5449"
"37,45 : 0.4115"
"45,37 : 0.4115"
"37,46 : 0.2915"
"46,37 : 0.2915"
"37,47 : 0.1237"
"47,37 : 0.1237"
"37,48 : 0.1628"
"48,37 : 0.1628"
"37,49 : 0.6277"
"49,37 : 0.6277"
"38,39 : 0.6224"
"39,38 : 0.6224"
"38,40 : 0.7344"
"40,38 : 0.7344"
"38,41 : 0.29"
"41,38 : 0.29"
"38,42 : 0.3946"
"42,38 : 0.3946"
"38,43 : 0.4249"
"43,38 : 0.4249"
"38,44 : 0.9071"
"44,38 : 0.9071"
"38,45 : 0.7157"
"45,38 : 0.7157"
"38,46 : 0.3667"
"46,38 : 0.3667"
"38,47 : 0.4429"
"47,38 : 0.4429"
"38,48 : 0.6339"
"48,38 : 0.6339"
"38,49 : 0.4258"
"49,38 : 0.4258"
"39,40 : 0.609"
"40,39 : 0.609"
"39,41 : 0.333"
"41,39 : 0.333"
"39,42 : 0.4937"
"42,39 : 0.4937"
"39,43 : 0.2648"
"43,39 : 0.2648"
"39,44 : 0.7794"
"44,39 : 0.7794"
"39,45 : 0.6648"
"45,39 : 0.6648"
"39,46 : 0.508"
"46,39 : 0.508"
"39,47 : 0.228"
"47,39 : 0.228"
"39,48 : 0.4025"
"48,39 : 0.4025"
"39,49 : 0.5201"
"49,39 : 0.5201"
"40,41 : 0.5906"
"41,40 : 0.5906"
"40,42 : 0.9192"
"42,40 : 0.9192"
"40,43 : 0.442"
"43,40 : 0.442"
"40,44 : 1.3506"
"44,40 : 1.3506"
"40,45 : 1.1997"
"45,40 : 1.1997"
"40,46 : 0.913"
"46,40 : 0.913"
"40,47 : 0.7009"
"47,40 : 0.7009"
"40,48 : 0.9694"
"48,40 : 0.9694"
"40,49 : 0.3102"
"49,40 : 0.3102"
"41,42 : 0.3302"
"42,41 : 0.3302"
"41,43 : 0.1703"
"43,41 : 0.1703"
"41,44 : 0.8045"
"44,41 : 0.8045"
"41,45 : 0.6325"
"45,41 : 0.6325"
"41,46 : 0.3225"
"46,41 : 0.3225"
"41,47 : 0.19"
"47,41 : 0.19"
"41,48 : 0.4522"
"48,41 : 0.4522"
"41,49 : 0.3421"
"49,41 : 0.3421"
"42,43 : 0.4833"
"43,42 : 0.4833"
"42,44 : 0.5155"
"44,42 : 0.5155"
"42,45 : 0.327"
"45,42 : 0.327"
"42,46 : 0.0316"
"46,42 : 0.0316"
"42,47 : 0.27"
"47,42 : 0.27"
"42,48 : 0.2729"
