x,y
0.72,0.7
0.08,0.64
0.38,0.16
0.42,0.42
0.4,0.5
0.86,0.74
0.86,0.16
0.42,0.72
0.89,0.85
0.18,0.01
0.03,0.02
0.99,0.29
0.66,0.24
0.62,0.48
0.79,0.75
0.36,0.11
0.93,0.78
0.14,0.5
0.0,0.8
0.68,0.51
0.68,0.26
0.98,0.79
0.17,0.52
0.89,0.7
0.28,1.0
0.77,0.56
0.04,0.67
0.59,0.34
0.8,0.53
0.33,0.57
0.25,0.98
0.0,0.9
0.54,0.06
0.78,0.46
0.75,0.61
0.79,0.39
0.35,0.15
0.76,0.5
0.14,0.11
0.36,0.97
0.01,0.24
0.22,0.51
0.35,0.42
0.25,0.02
0.8,0.12
0.24,0.17
0.94,0.94
0.44,0.61
0.65,0.78
0.2,0.75

Distanze
"0,1 : 0.6428"
"1,0 : 0.6428"
"0,2 : 0.6381"
"2,0 : 0.6381"
"0,3 : 0.4104"
"3,0 : 0.4104"
"0,4 : 0.3774"
"4,0 : 0.3774"
"0,5 : 0.1456"
"5,0 : 0.1456"
"0,6 : 0.5579"
"6,0 : 0.5579"
"0,7 : 0.3007"
"7,0 : 0.3007"
"0,8 : 0.2267"
"8,0 : 0.2267"
"0,9 : 0.8762"
"9,0 : 0.8762"
"0,10 : 0.9688"
"10,0 : 0.9688"
"0,11 : 0.4909"
"11,0 : 0.4909"
"0,12 : 0.4639"
"12,0 : 0.4639"
"0,13 : 0.2417"
"13,0 : 0.2417"
"0,14 : 0.086"
"14,0 : 0.086"
"0,15 : 0.6912"
"15,0 : 0.6912"
"0,16 : 0.2247"
"16,0 : 0.2247"
"0,17 : 0.6135"
"17,0 : 0.6135"
"0,18 : 0.7269"
"18,0 : 0.7269"
"0,19 : 0.1942"
"19,0 : 0.1942"
"0,20 : 0.4418"
"20,0 : 0.4418"
"0,21 : 0.2751"
"21,0 : 0.2751"
"0,22 : 0.5787"
"22,0 : 0.5787"
"0,23 : 0.17"
"23,0 : 0.17"
"0,24 : 0.5325"
"24,0 : 0.5325"
"0,25 : 0.1487"
"25,0 : 0.1487"
"0,26 : 0.6807"
"26,0 : 0.6807"
"0,27 : 0.3828"
"27,0 : 0.3828"
"0,28 : 0.1879"
"28,0 : 0.1879"
"0,29 : 0.4111"
"29,0 : 0.4111"
"0,30 : 0.5471"
"30,0 : 0.5471"
"0,31 : 0.7473"
"31,0 : 0.7473"
"0,32 : 0.6648"
"32,0 : 0.6648"
"0,33 : 0.2474"
"33,0 : 0.2474"
"0,34 : 0.0949"
"34,0 : 0.0949"
"0,35 : 0.3178"
"35,0 : 0.3178"
"0,36 : 0.6629"
"36,0 : 0.6629"
"0,37 : 0.204"
"37,0 : 0.204"
"0,38 : 0.8273"
"38,0 : 0.8273"
"0,39 : 0.45"
"39,0 : 0.45"
"0,40 : 0.846"
"40,0 : 0.846"
"0,41 : 0.5349"
"41,0 : 0.5349"
"0,42 : 0.464"
"42,0 : 0.464"
"0,43 : 0.8266"
"43,0 : 0.8266"
"0,44 : 0.5855"
"44,0 : 0.5855"
"0,45 : 0.7151"
"45,0 : 0.7151"
"0,46 : 0.3256"
"46,0 : 0.3256"
"0,47 : 0.2941"
"47,0 : 0.2941"
"0,48 : 0.1063"
"48,0 : 0.1063"
"0,49 : 0.5224"
"49,0 : 0.5224"
"1,2 : 0.566"
"2,1 : 0.566"
"1,3 : 0.405"
"3,1 : 0.405"
"1,4 : 0.3493"
"4,1 : 0.3493"
"1,5 : 0.7864"
"5,1 : 0.7864"
"1,6 : 0.9159"
"6,1 : 0.9159"
"1,7 : 0.3493"
"7,1 : 0.3493"
"1,8 : 0.8368"
"8,1 : 0.8368"
"1,9 : 0.6379"
"9,1 : 0.6379"
"1,10 : 0.622"
"10,1 : 0.622"
"1,11 : 0.975"
"11,1 : 0.975"
"1,12 : 0.7046"
"12,1 : 0.7046"
"1,13 : 0.5632"
"13,1 : 0.5632"
"1,14 : 0.7185"
"14,1 : 0.7185"
"1,15 : 0.5994"
"15,1 : 0.5994"
"1,16 : 0.8615"
"16,1 : 0.8615"
"1,17 : 0.1523"
"17,1 : 0.1523"
"1,18 : 0.1789"
"18,1 : 0.1789"
"1,19 : 0.6139"
"19,1 : 0.6139"
"1,20 : 0.7102"
"20,1 : 0.7102"
"1,21 : 0.9124"
"21,1 : 0.9124"
"1,22 : 0.15"
"22,1 : 0.15"
"1,23 : 0.8122"
"23,1 : 0.8122"
"1,24 : 0.4118"
"24,1 : 0.4118"
"1,25 : 0.6946"
"25,1 : 0.6946"
"1,26 : 0.05"
"26,1 : 0.05"
"1,27 : 0.5917"
"27,1 : 0.5917"
"1,28 : 0.7284"
"28,1 : 0.7284"
"1,29 : 0.2596"
"29,1 : 0.2596"
"1,30 : 0.3801"
"30,1 : 0.3801"
"1,31 : 0.272"
"31,1 : 0.272"
"1,32 : 0.7403"
"32,1 : 0.7403"
"1,33 : 0.7228"
"33,1 : 0.7228"
"1,34 : 0.6707"
"34,1 : 0.6707"
"1,35 : 0.7527"
"35,1 : 0.7527"
"1,36 : 0.5595"
"36,1 : 0.5595"
"1,37 : 0.6943"
"37,1 : 0.6943"
"1,38 : 0.5334"
"38,1 : 0.5334"
"1,39 : 0.4328"
"39,1 : 0.4328"
"1,40 : 0.4061"
"40,1 : 0.4061"
"1,41 : 0.191"
"41,1 : 0.191"
"1,42 : 0.3483"
"42,1 : 0.3483"
"1,43 : 0.6429"
"43,1 : 0.6429"
"1,44 : 0.8881"
"44,1 : 0.8881"
"1,45 : 0.4965"
"45,1 : 0.4965"
"1,46 : 0.9108"
"46,1 : 0.9108"
"1,47 : 0.3612"
"47,1 : 0.3612"
"1,48 : 0.5869"
"48,1 : 0.5869"
"1,49 : 0.1628"
"49,1 : 0.1628"
"2,3 : 0.2631"
"3,2 : 0.2631"
"2,4 : 0.3406"
"4,2 : 0.3406"
"2,5 : 0.7529"
"5,2 : 0.7529"
"2,6 : 0.48"
"6,2 : 0.48"
"2,7 : 0.5614"
"7,2 : 0.5614"
"2,8 : 0.858"
"8,2 : 0.858"
"2,9 : 0.25"
"9,2 : 0.25"
"2,10 : 0.377"
"10,2 : 0.377"
"2,11 : 0.6237"
"11,2 : 0.6237"
"2,12 : 0.2912"
"12,2 : 0.2912"
"2,13 : 0.4"
"13,2 : 0.4"
"2,14 : 0.7185"
"14,2 : 0.7185"
"2,15 : 0.0539"
"15,2 : 0.0539"
"2,16 : 0.8288"
"16,2 : 0.8288"
"2,17 : 0.4162"
"17,2 : 0.4162"
"2,18 : 0.7443"
"18,2 : 0.7443"
"2,19 : 0.461"
"19,2 : 0.461"
"2,20 : 0.3162"
"20,2 : 0.3162"
"2,21 : 0.87"
"21,2 : 0.87"
"2,22 : 0.4168"
"22,2 : 0.4168"
"2,23 : 0.7428"
"23,2 : 0.7428"
"2,24 : 0.8459"
"24,2 : 0.8459"
"2,25 : 0.5587"
"25,2 : 0.5587"
"2,26 : 0.6129"
"26,2 : 0.6129"
"2,27 : 0.2766"
"27,2 : 0.2766"
"2,28 : 0.5597"
"28,2 : 0.5597"
"2,29 : 0.413"
"29,2 : 0.413"
"2,30 : 0.8302"
"30,2 : 0.8302"
"2,31 : 0.8319"
"31,2 : 0.8319"
"2,32 : 0.1887"
"32,2 : 0.1887"
"2,33 : 0.5"
"33,2 : 0.5"
"2,34 : 0.5826"
"34,2 : 0.5826"
"2,35 : 0.4701"
"35,2 : 0.4701"
"2,36 : 0.0316"
"36,2 : 0.0316"
"2,37 : 0.5099"
"37,2 : 0.5099"
"2,38 : 0.2452"
"38,2 : 0.2452"
"2,39 : 0.8102"
"39,2 : 0.8102"
"2,40 : 0.3785"
"40,2 : 0.3785"
"2,41 : 0.3848"
"41,2 : 0.3848"
"2,42 : 0.2617"
"42,2 : 0.2617"
"2,43 : 0.191"
"43,2 : 0.191"
"2,44 : 0.4219"
"44,2 : 0.4219"
"2,45 : 0.1404"
"45,2 : 0.1404"
"2,46 : 0.9602"
"46,2 : 0.9602"
"2,47 : 0.454"
"47,2 : 0.454"
"2,48 : 0.6762"
"48,2 : 0.6762"
"2,49 : 0.6168"
"49,2 : 0.6168"
"3,4 : 0.0825"
"4,3 : 0.0825"
"3,5 : 0.5441"
"5,3 : 0.5441"
"3,6 : 0.5111"
"6,3 : 0.5111"
"3,7 : 0.3"
"7,3 : 0.3"
"3,8 : 0.637"
"8,3 : 0.637"
"3,9 : 0.4751"
"9,3 : 0.4751"
"3,10 : 0.5587"
"10,3 : 0.5587"
"3,11 : 0.5846"
"11,3 : 0.5846"
"3,12 : 0.3"
"12,3 : 0.3"
"3,13 : 0.2088"
"13,3 : 0.2088"
"3,14 : 0.4958"
"14,3 : 0.4958"
"3,15 : 0.3158"
"15,3 : 0.3158"
"3,16 : 0.6243"
"16,3 : 0.6243"
"3,17 : 0.2912"
"17,3 : 0.2912"
"3,18 : 0.5664"
"18,3 : 0.5664"
"3,19 : 0.2751"
"19,3 : 0.2751"
"3,20 : 0.3053"
"20,3 : 0.3053"
"3,21 : 0.6712"
"21,3 : 0.6712"
"3,22 : 0.2693"
"22,3 : 0.2693"
"3,23 : 0.5471"
"23,3 : 0.5471"
"3,24 : 0.5967"
"24,3 : 0.5967"
"3,25 : 0.377"
"25,3 : 0.377"
"3,26 : 0.4549"
"26,3 : 0.4549"
"3,27 : 0.1879"
"27,3 : 0.1879"
"3,28 : 0.3956"
"28,3 : 0.3956"
"3,29 : 0.1749"
"29,3 : 0.1749"
"3,30 : 0.5852"
"30,3 : 0.5852"
"3,31 : 0.6378"
"31,3 : 0.6378"
"3,32 : 0.3795"
"32,3 : 0.3795"
"3,33 : 0.3622"
"33,3 : 0.3622"
"3,34 : 0.3808"
"34,3 : 0.3808"
"3,35 : 0.3712"
"35,3 : 0.3712"
"3,36 : 0.2789"
"36,3 : 0.2789"
"3,37 : 0.3493"
"37,3 : 0.3493"
"3,38 : 0.4177"
"38,3 : 0.4177"
"3,39 : 0.5533"
"39,3 : 0.5533"
"3,40 : 0.4478"
"40,3 : 0.4478"
"3,41 : 0.2193"
"41,3 : 0.2193"
"3,42 : 0.07"
"42,3 : 0.07"
"3,43 : 0.4346"
"43,3 : 0.4346"
"3,44 : 0.4841"
"44,3 : 0.4841"
"3,45 : 0.3081"
"45,3 : 0.3081"
"3,46 : 0.7354"
"46,3 : 0.7354"
"3,47 : 0.191"
"47,3 : 0.191"
"3,48 : 0.4272"
"48,3 : 0.4272"
"3,49 : 0.3966"
"49,3 : 0.3966"
"4,5 : 0.5188"
"5,4 : 0.5188"
"4,6 : 0.572"
"6,4 : 0.572"
"4,7 : 0.2209"
"7,4 : 0.2209"
"4,8 : 0.6022"
"8,4 : 0.6022"
"4,9 : 0.5371"
"9,4 : 0.5371"
"4,10 : 0.6061"
"10,4 : 0.6061"
"4,11 : 0.6263"
"11,4 : 0.6263"
"4,12 : 0.3677"
"12,4 : 0.3677"
"4,13 : 0.2209"
"13,4 : 0.2209"
"4,14 : 0.4632"
"14,4 : 0.4632"
"4,15 : 0.392"
"15,4 : 0.392"
"4,16 : 0.5994"
"16,4 : 0.5994"
"4,17 : 0.26"
"17,4 : 0.26"
"4,18 : 0.5"
"18,4 : 0.5"
"4,19 : 0.2802"
"19,4 : 0.2802"
"4,20 : 0.3688"
"20,4 : 0.3688"
"4,21 : 0.6485"
"21,4 : 0.6485"
"4,22 : 0.2309"
"22,4 : 0.2309"
"4,23 : 0.5292"
"23,4 : 0.5292"
"4,24 : 0.5142"
"24,4 : 0.5142"
"4,25 : 0.3748"
"25,4 : 0.3748"
"4,26 : 0.3981"
"26,4 : 0.3981"
"4,27 : 0.2484"
"27,4 : 0.2484"
"4,28 : 0.4011"
"28,4 : 0.4011"
"4,29 : 0.099"
"29,4 : 0.099"
"4,30 : 0.5029"
"30,4 : 0.5029"
"4,31 : 0.5657"
"31,4 : 0.5657"
"4,32 : 0.4617"
"32,4 : 0.4617"
"4,33 : 0.3821"
"33,4 : 0.3821"
"4,34 : 0.3669"
"34,4 : 0.3669"
"4,35 : 0.4052"
"35,4 : 0.4052"
"4,36 : 0.3536"
"36,4 : 0.3536"
"4,37 : 0.36"
"37,4 : 0.36"
"4,38 : 0.4687"
"38,4 : 0.4687"
"4,39 : 0.4717"
"39,4 : 0.4717"
"4,40 : 0.4687"
"40,4 : 0.4687"
"4,41 : 0.1803"
"41,4 : 0.1803"
"4,42 : 0.0943"
"42,4 : 0.0943"
"4,43 : 0.5029"
"43,4 : 0.5029"
"4,44 : 0.5517"
"44,4 : 0.5517"
"4,45 : 0.3667"
"45,4 : 0.3667"
"4,46 : 0.6966"
"46,4 : 0.6966"
"4,47 : 0.117"
"47,4 : 0.117"
"4,48 : 0.3754"
"48,4 : 0.3754"
"4,49 : 0.3202"
"49,4 : 0.3202"
"5,6 : 0.58"
"6,5 : 0.58"
"5,7 : 0.4405"
"7,5 : 0.4405"
"5,8 : 0.114"
"8,5 : 0.114"
"5,9 : 0.9976"
"9,5 : 0.9976"
"5,10 : 1.0988"
"10,5 : 1.0988"
"5,11 : 0.4684"
"11,5 : 0.4684"
"5,12 : 0.5385"
"12,5 : 0.5385"
"5,13 : 0.3538"
"13,5 : 0.3538"
"5,14 : 0.0707"
"14,5 : 0.0707"
"5,15 : 0.8043"
"15,5 : 0.8043"
"5,16 : 0.0806"
"16,5 : 0.0806"
"5,17 : 0.7589"
"17,5 : 0.7589"
"5,18 : 0.8621"
"18,5 : 0.8621"
"5,19 : 0.2921"
"19,5 : 0.2921"
"5,20 : 0.5126"
"20,5 : 0.5126"
"5,21 : 0.13"
"21,5 : 0.13"
"5,22 : 0.7242"
"22,5 : 0.7242"
"5,23 : 0.05"
"23,5 : 0.05"
"5,24 : 0.6356"
"24,5 : 0.6356"
"5,25 : 0.2012"
"25,5 : 0.2012"
"5,26 : 0.823"
"26,5 : 0.823"
"5,27 : 0.4826"
"27,5 : 0.4826"
"5,28 : 0.2184"
"28,5 : 0.2184"
"5,29 : 0.5566"
"29,5 : 0.5566"
"5,30 : 0.6555"
"30,5 : 0.6555"
"5,31 : 0.8748"
"31,5 : 0.8748"
"5,32 : 0.7515"
"32,5 : 0.7515"
"5,33 : 0.2912"
"33,5 : 0.2912"
"5,34 : 0.1703"
"34,5 : 0.1703"
"5,35 : 0.3569"
"35,5 : 0.3569"
"5,36 : 0.7799"
"36,5 : 0.7799"
"5,37 : 0.26"
"37,5 : 0.26"
"5,38 : 0.9567"
"38,5 : 0.9567"
"5,39 : 0.5504"
"39,5 : 0.5504"
"5,40 : 0.9862"
"40,5 : 0.9862"
"5,41 : 0.6801"
"41,5 : 0.6801"
"5,42 : 0.6021"
"42,5 : 0.6021"
"5,43 : 0.9437"
"43,5 : 0.9437"
"5,44 : 0.6229"
"44,5 : 0.6229"
"5,45 : 0.8422"
"45,5 : 0.8422"
"5,46 : 0.2154"
"46,5 : 0.2154"
"5,47 : 0.4397"
"47,5 : 0.4397"
"5,48 : 0.2138"
"48,5 : 0.2138"
"5,49 : 0.6601"
"49,5 : 0.6601"
"6,7 : 0.7122"
"7,6 : 0.7122"
"6,8 : 0.6907"
"8,6 : 0.6907"
"6,9 : 0.6963"
"9,6 : 0.6963"
"6,10 : 0.8417"
"10,6 : 0.8417"
"6,11 : 0.1838"
"11,6 : 0.1838"
"6,12 : 0.2154"
"12,6 : 0.2154"
"6,13 : 0.4"
"13,6 : 0.4"
"6,14 : 0.5941"
"14,6 : 0.5941"
"6,15 : 0.5025"
"15,6 : 0.5025"
"6,16 : 0.6239"
"16,6 : 0.6239"
"6,17 : 0.7962"
"17,6 : 0.7962"
"6,18 : 1.072"
"18,6 : 1.072"
"6,19 : 0.3936"
"19,6 : 0.3936"
"6,20 : 0.2059"
"20,6 : 0.2059"
"6,21 : 0.6413"
"21,6 : 0.6413"
"6,22 : 0.7783"
"22,6 : 0.7783"
"6,23 : 0.5408"
"23,6 : 0.5408"
"6,24 : 1.0208"
"24,6 : 1.0208"
"6,25 : 0.41"
"25,6 : 0.41"
"6,26 : 0.9657"
"26,6 : 0.9657"
"6,27 : 0.3245"
"27,6 : 0.3245"
"6,28 : 0.3748"
"28,6 : 0.3748"
"6,29 : 0.6701"
"29,6 : 0.6701"
"6,30 : 1.022"
"30,6 : 1.022"
"6,31 : 1.1345"
"31,6 : 1.1345"
"6,32 : 0.3353"
"32,6 : 0.3353"
"6,33 : 0.3105"
"33,6 : 0.3105"
"6,34 : 0.4632"
"34,6 : 0.4632"
"6,35 : 0.2404"
"35,6 : 0.2404"
"6,36 : 0.5101"
"36,6 : 0.5101"
"6,37 : 0.3544"
"37,6 : 0.3544"
"6,38 : 0.7217"
"38,6 : 0.7217"
"6,39 : 0.9519"
"39,6 : 0.9519"
"6,40 : 0.8538"
"40,6 : 0.8538"
"6,41 : 0.7295"
"41,6 : 0.7295"
"6,42 : 0.5725"
"42,6 : 0.5725"
"6,43 : 0.6259"
"43,6 : 0.6259"
"6,44 : 0.0721"
"44,6 : 0.0721"
"6,45 : 0.6201"
"45,6 : 0.6201"
"6,46 : 0.7841"
"46,6 : 0.7841"
"6,47 : 0.6155"
"47,6 : 0.6155"
"6,48 : 0.6546"
"48,6 : 0.6546"
"6,49 : 0.8853"
"49,6 : 0.8853"
"7,8 : 0.4876"
"8,7 : 0.4876"
"7,9 : 0.7495"
"9,7 : 0.7495"
"7,10 : 0.8013"
"10,7 : 0.8013"
"7,11 : 0.714"
"11,7 : 0.714"
"7,12 : 0.5367"
"12,7 : 0.5367"
"7,13 : 0.3124"
"13,7 : 0.3124"
"7,14 : 0.3712"
"14,7 : 0.3712"
"7,15 : 0.6129"
"15,7 : 0.6129"
"7,16 : 0.5135"
"16,7 : 0.5135"
"7,17 : 0.3561"
"17,7 : 0.3561"
"7,18 : 0.4276"
"18,7 : 0.4276"
"7,19 : 0.3342"
"19,7 : 0.3342"
"7,20 : 0.5284"
"20,7 : 0.5284"
"7,21 : 0.5644"
"21,7 : 0.5644"
"7,22 : 0.3202"
"22,7 : 0.3202"
"7,23 : 0.4704"
"23,7 : 0.4704"
"7,24 : 0.313"
"24,7 : 0.313"
"7,25 : 0.3848"
"25,7 : 0.3848"
"7,26 : 0.3833"
"26,7 : 0.3833"
"7,27 : 0.4163"
"27,7 : 0.4163"
"7,28 : 0.4249"
"28,7 : 0.4249"
"7,29 : 0.1749"
"29,7 : 0.1749"
"7,30 : 0.3106"
"30,7 : 0.3106"
"7,31 : 0.4569"
"31,7 : 0.4569"
"7,32 : 0.6708"
"32,7 : 0.6708"
"7,33 : 0.4441"
"33,7 : 0.4441"
"7,34 : 0.3479"
"34,7 : 0.3479"
"7,35 : 0.4958"
"35,7 : 0.4958"
"7,36 : 0.5743"
"36,7 : 0.5743"
"7,37 : 0.405"
"37,7 : 0.405"
"7,38 : 0.6712"
"38,7 : 0.6712"
"7,39 : 0.2571"
"39,7 : 0.2571"
"7,40 : 0.6313"
"40,7 : 0.6313"
"7,41 : 0.29"
"41,7 : 0.29"
"7,42 : 0.3081"
"42,7 : 0.3081"
"7,43 : 0.7203"
"43,7 : 0.7203"
"7,44 : 0.7102"
"44,7 : 0.7102"
"7,45 : 0.5787"
"45,7 : 0.5787"
"7,46 : 0.5646"
"46,7 : 0.5646"
"7,47 : 0.1118"
"47,7 : 0.1118"
"7,48 : 0.2377"
"48,7 : 0.2377"
"7,49 : 0.222"
"49,7 : 0.222"
"8,9 : 1.0999"
"9,8 : 1.0999"
"8,10 : 1.1952"
"10,8 : 1.1952"
"8,11 : 0.5689"
"11,8 : 0.5689"
"8,12 : 0.6519"
"12,8 : 0.6519"
"8,13 : 0.458"
"13,8 : 0.458"
"8,14 : 0.1414"
"14,8 : 0.1414"
"8,15 : 0.9102"
"15,8 : 0.9102"
"8,16 : 0.0806"
"16,8 : 0.0806"
"8,17 : 0.8276"
"17,8 : 0.8276"
"8,18 : 0.8914"
"18,8 : 0.8914"
"8,19 : 0.3996"
"19,8 : 0.3996"
"8,20 : 0.6263"
"20,8 : 0.6263"
"8,21 : 0.1082"
"21,8 : 0.1082"
"8,22 : 0.792"
"22,8 : 0.792"
"8,23 : 0.15"
"23,8 : 0.15"
"8,24 : 0.6282"
"24,8 : 0.6282"
"8,25 : 0.3138"
"25,8 : 0.3138"
"8,26 : 0.8688"
"26,8 : 0.8688"
"8,27 : 0.5917"
"27,8 : 0.5917"
"8,28 : 0.3324"
"28,8 : 0.3324"
"8,29 : 0.6261"
"29,8 : 0.6261"
"8,30 : 0.6531"
"30,8 : 0.6531"
"8,31 : 0.8914"
"31,8 : 0.8914"
"8,32 : 0.8641"
"32,8 : 0.8641"
"8,33 : 0.4052"
"33,8 : 0.4052"
"8,34 : 0.2778"
"34,8 : 0.2778"
"8,35 : 0.4707"
"35,8 : 0.4707"
"8,36 : 0.8841"
"36,8 : 0.8841"
"8,37 : 0.3734"
"37,8 : 0.3734"
"8,38 : 1.0536"
"38,8 : 1.0536"
"8,39 : 0.5434"
"39,8 : 0.5434"
"8,40 : 1.0707"
"40,8 : 1.0707"
"8,41 : 0.7513"
"41,8 : 0.7513"
"8,42 : 0.6903"
"42,8 : 0.6903"
"8,43 : 1.0481"
"43,8 : 1.0481"
"8,44 : 0.7355"
"44,8 : 0.7355"
"8,45 : 0.9407"
"45,8 : 0.9407"
"8,46 : 0.103"
"46,8 : 0.103"
"8,47 : 0.51"
"47,8 : 0.51"
"8,48 : 0.25"
"48,8 : 0.25"
"8,49 : 0.6972"
"49,8 : 0.6972"
"9,10 : 0.1503"
"10,9 : 0.1503"
"9,11 : 0.857"
"11,9 : 0.857"
"9,12 : 0.5323"
"12,9 : 0.5323"
"9,13 : 0.6438"
"13,9 : 0.6438"
"9,14 : 0.959"
"14,9 : 0.959"
"9,15 : 0.2059"
"15,9 : 0.2059"
"9,16 : 1.0749"
"16,9 : 1.0749"
"9,17 : 0.4916"
"17,9 : 0.4916"
"9,18 : 0.8102"
"18,9 : 0.8102"
"9,19 : 0.7071"
"19,9 : 0.7071"
"9,20 : 0.559"
"20,9 : 0.559"
"9,21 : 1.1173"
"21,9 : 1.1173"
"9,22 : 0.5101"
"22,9 : 0.5101"
"9,23 : 0.9901"
"23,9 : 0.9901"
"9,24 : 0.995"
"24,9 : 0.995"
"9,25 : 0.8066"
"25,9 : 0.8066"
"9,26 : 0.6747"
"26,9 : 0.6747"
"9,27 : 0.5263"
"27,9 : 0.5263"
"9,28 : 0.8092"
"28,9 : 0.8092"
"9,29 : 0.5797"
"29,9 : 0.5797"
"9,30 : 0.9725"
"30,9 : 0.9725"
"9,31 : 0.908"
"31,9 : 0.908"
"9,32 : 0.3635"
"32,9 : 0.3635"
"9,33 : 0.75"
"33,9 : 0.75"
"9,34 : 0.8276"
"34,9 : 0.8276"
"9,35 : 0.7187"
"35,9 : 0.7187"
"9,36 : 0.2202"
"36,9 : 0.2202"
"9,37 : 0.7593"
"37,9 : 0.7593"
"9,38 : 0.1077"
"38,9 : 0.1077"
"9,39 : 0.9767"
"39,9 : 0.9767"
"9,40 : 0.286"
"40,9 : 0.286"
"9,41 : 0.5016"
"41,9 : 0.5016"
"9,42 : 0.4438"
"42,9 : 0.4438"
"9,43 : 0.0707"
"43,9 : 0.0707"
"9,44 : 0.6297"
"44,9 : 0.6297"
"9,45 : 0.1709"
"45,9 : 0.1709"
"9,46 : 1.201"
"46,9 : 1.201"
"9,47 : 0.6539"
"47,9 : 0.6539"
"9,48 : 0.9021"
"48,9 : 0.9021"
"9,49 : 0.7403"
"49,9 : 0.7403"
"10,11 : 0.9972"
"11,10 : 0.9972"
"10,12 : 0.6673"
"12,10 : 0.6673"
"10,13 : 0.7481"
"13,10 : 0.7481"
"10,14 : 1.0538"
"14,10 : 1.0538"
"10,15 : 0.3421"
"15,10 : 0.3421"
"10,16 : 1.178"
"16,10 : 1.178"
"10,17 : 0.4924"
"17,10 : 0.4924"
"10,18 : 0.7806"
"18,10 : 0.7806"
"10,19 : 0.814"
"19,10 : 0.814"
"10,20 : 0.6929"
"20,10 : 0.6929"
"10,21 : 1.2229"
"21,10 : 1.2229"
"10,22 : 0.5192"
"22,10 : 0.5192"
"10,23 : 1.0964"
"23,10 : 1.0964"
"10,24 : 1.0114"
"24,10 : 1.0114"
"10,25 : 0.9161"
"25,10 : 0.9161"
"10,26 : 0.6501"
"26,10 : 0.6501"
"10,27 : 0.645"
"27,10 : 0.645"
"10,28 : 0.9236"
"28,10 : 0.9236"
"10,29 : 0.6265"
"29,10 : 0.6265"
"10,30 : 0.9849"
"30,10 : 0.9849"
"10,31 : 0.8805"
"31,10 : 0.8805"
"10,32 : 0.5116"
"32,10 : 0.5116"
"10,33 : 0.8695"
"33,10 : 0.8695"
"10,34 : 0.9309"
"34,10 : 0.9309"
"10,35 : 0.8453"
"35,10 : 0.8453"
"10,36 : 0.3454"
"36,10 : 0.3454"
"10,37 : 0.8737"
"37,10 : 0.8737"
"10,38 : 0.1421"
"38,10 : 0.1421"
"10,39 : 1.0057"
"39,10 : 1.0057"
"10,40 : 0.2209"
"40,10 : 0.2209"
"10,41 : 0.5255"
"41,10 : 0.5255"
"10,42 : 0.5122"
"42,10 : 0.5122"
"10,43 : 0.22"
"43,10 : 0.22"
"10,44 : 0.7765"
"44,10 : 0.7765"
"10,45 : 0.2581"
"45,10 : 0.2581"
"10,46 : 1.294"
"46,10 : 1.294"
"10,47 : 0.7185"
"47,10 : 0.7185"
"10,48 : 0.9808"
"48,10 : 0.9808"
"10,49 : 0.7495"
"49,10 : 0.7495"
"11,12 : 0.3338"
"12,11 : 0.3338"
"11,13 : 0.4159"
"13,11 : 0.4159"
"11,14 : 0.5016"
"14,11 : 0.5016"
"11,15 : 0.6552"
"15,11 : 0.6552"
"11,16 : 0.4937"
"16,11 : 0.4937"
"11,17 : 0.8756"
"17,11 : 0.8756"
"11,18 : 1.1136"
"18,11 : 1.1136"
"11,19 : 0.3801"
"19,11 : 0.3801"
"11,20 : 0.3114"
"20,11 : 0.3114"
"11,21 : 0.5001"
"21,11 : 0.5001"
"11,22 : 0.8516"
"22,11 : 0.8516"
"11,23 : 0.422"
"23,11 : 0.422"
"11,24 : 1.0041"
"24,11 : 1.0041"
"11,25 : 0.3483"
"25,11 : 0.3483"
"11,26 : 1.0232"
"26,11 : 1.0232"
"11,27 : 0.4031"
"27,11 : 0.4031"
"11,28 : 0.3061"
"28,11 : 0.3061"
"11,29 : 0.7169"
"29,11 : 0.7169"
"11,30 : 1.0118"
"30,11 : 1.0118"
"11,31 : 1.1628"
"31,11 : 1.1628"
"11,32 : 0.5054"
"32,11 : 0.5054"
"11,33 : 0.2702"
"33,11 : 0.2702"
"11,34 : 0.4"
"34,11 : 0.4"
"11,35 : 0.2236"
"35,11 : 0.2236"
"11,36 : 0.6551"
"36,11 : 0.6551"
"11,37 : 0.3114"
"37,11 : 0.3114"
"11,38 : 0.8688"
"38,11 : 0.8688"
"11,39 : 0.927"
"39,11 : 0.927"
"11,40 : 0.9813"
"40,11 : 0.9813"
"11,41 : 0.8008"
"41,11 : 0.8008"
"11,42 : 0.6531"
"42,11 : 0.6531"
"11,43 : 0.7877"
"43,11 : 0.7877"
"11,44 : 0.255"
"44,11 : 0.255"
"11,45 : 0.7595"
"45,11 : 0.7595"
"11,46 : 0.6519"
"46,11 : 0.6519"
"11,47 : 0.6363"
"47,11 : 0.6363"
"11,48 : 0.5964"
"48,11 : 0.5964"
"11,49 : 0.9142"
"49,11 : 0.9142"
"12,13 : 0.2433"
"13,12 : 0.2433"
"12,14 : 0.5263"
"14,12 : 0.5263"
"12,15 : 0.327"
"15,12 : 0.327"
"12,16 : 0.6037"
"16,12 : 0.6037"
"12,17 : 0.5814"
"17,12 : 0.5814"
"12,18 : 0.8656"
"18,12 : 0.8656"
"12,19 : 0.2707"
"19,12 : 0.2707"
"12,20 : 0.0283"
"20,12 : 0.0283"
"12,21 : 0.6363"
"21,12 : 0.6363"
"12,22 : 0.5644"
"22,12 : 0.5644"
"12,23 : 0.5143"
"23,12 : 0.5143"
"12,24 : 0.8497"
"24,12 : 0.8497"
"12,25 : 0.3384"
"25,12 : 0.3384"
"12,26 : 0.7545"
"26,12 : 0.7545"
"12,27 : 0.1221"
"27,12 : 0.1221"
"12,28 : 0.322"
"28,12 : 0.322"
"12,29 : 0.4667"
"29,12 : 0.4667"
"12,30 : 0.846"
"30,12 : 0.846"
"12,31 : 0.9334"
"31,12 : 0.9334"
"12,32 : 0.2163"
"32,12 : 0.2163"
"12,33 : 0.2506"
"33,12 : 0.2506"
"12,34 : 0.3808"
"34,12 : 0.3808"
"12,35 : 0.1985"
"35,12 : 0.1985"
"12,36 : 0.3228"
"36,12 : 0.3228"
"12,37 : 0.2786"
"37,12 : 0.2786"
"12,38 : 0.536"
"38,12 : 0.536"
"12,39 : 0.7892"
"39,12 : 0.7892"
"12,40 : 0.65"
"40,12 : 0.65"
"12,41 : 0.5162"
"41,12 : 0.5162"
"12,42 : 0.3585"
"42,12 : 0.3585"
"12,43 : 0.4653"
"43,12 : 0.4653"
"12,44 : 0.1844"
"44,12 : 0.1844"
"12,45 : 0.4258"
"45,12 : 0.4258"
"12,46 : 0.7539"
"46,12 : 0.7539"
"12,47 : 0.4305"
"47,12 : 0.4305"
"12,48 : 0.5401"
"48,12 : 0.5401"
"12,49 : 0.6868"
"49,12 : 0.6868"
"13,14 : 0.3191"
"14,13 : 0.3191"
"13,15 : 0.4522"
"15,13 : 0.4522"
"13,16 : 0.4314"
"16,13 : 0.4314"
"13,17 : 0.4804"
"17,13 : 0.4804"
"13,18 : 0.6977"
"18,13 : 0.6977"
"13,19 : 0.0671"
"19,13 : 0.0671"
"13,20 : 0.228"
"20,13 : 0.228"
"13,21 : 0.4751"
"21,13 : 0.4751"
"13,22 : 0.4518"
"22,13 : 0.4518"
"13,23 : 0.3483"
"23,13 : 0.3483"
"13,24 : 0.6213"
"24,13 : 0.6213"
"13,25 : 0.17"
"25,13 : 0.17"
"13,26 : 0.6103"
"26,13 : 0.6103"
"13,27 : 0.1432"
"27,13 : 0.1432"
"13,28 : 0.1868"
"28,13 : 0.1868"
"13,29 : 0.3036"
"29,13 : 0.3036"
"13,30 : 0.622"
"30,13 : 0.622"
"13,31 : 0.7489"
"31,13 : 0.7489"
"13,32 : 0.4276"
"32,13 : 0.4276"
"13,33 : 0.1612"
"33,13 : 0.1612"
"13,34 : 0.1838"
"34,13 : 0.1838"
"13,35 : 0.1924"
"35,13 : 0.1924"
"13,36 : 0.4264"
"36,13 : 0.4264"
"13,37 : 0.1414"
"37,13 : 0.1414"
"13,38 : 0.6061"
"38,13 : 0.6061"
"13,39 : 0.5547"
"39,13 : 0.5547"
"13,40 : 0.6555"
"40,13 : 0.6555"
"13,41 : 0.4011"
"41,13 : 0.4011"
"13,42 : 0.2766"
"42,13 : 0.2766"
"13,43 : 0.5903"
"43,13 : 0.5903"
"13,44 : 0.4025"
"44,13 : 0.4025"
"13,45 : 0.4904"
"45,13 : 0.4904"
"13,46 : 0.5604"
"46,13 : 0.5604"
"13,47 : 0.222"
"47,13 : 0.222"
"13,48 : 0.3015"
"48,13 : 0.3015"
"13,49 : 0.4993"
"49,13 : 0.4993"
"14,15 : 0.771"
"15,14 : 0.771"
"14,16 : 0.1432"
"16,14 : 0.1432"
"14,17 : 0.6964"
"17,14 : 0.6964"
"14,18 : 0.7916"
"18,14 : 0.7916"
"14,19 : 0.264"
"19,14 : 0.264"
"14,20 : 0.5022"
"20,14 : 0.5022"
"14,21 : 0.1942"
"21,14 : 0.1942"
"14,22 : 0.6613"
"22,14 : 0.6613"
"14,23 : 0.1118"
"23,14 : 0.1118"
"14,24 : 0.568"
"24,14 : 0.568"
"14,25 : 0.191"
"25,14 : 0.191"
"14,26 : 0.7543"
"26,14 : 0.7543"
"14,27 : 0.4562"
"27,14 : 0.4562"
"14,28 : 0.2202"
"28,14 : 0.2202"
"14,29 : 0.494"
"29,14 : 0.494"
"14,30 : 0.5869"
"30,14 : 0.5869"
"14,31 : 0.8041"
"31,14 : 0.8041"
"14,32 : 0.7339"
"32,14 : 0.7339"
"14,33 : 0.2902"
"33,14 : 0.2902"
"14,34 : 0.1456"
"34,14 : 0.1456"
"14,35 : 0.36"
"35,14 : 0.36"
"14,36 : 0.744"
"36,14 : 0.744"
"14,37 : 0.2518"
"37,14 : 0.2518"
"14,38 : 0.9122"
"38,14 : 0.9122"
"14,39 : 0.483"
"39,14 : 0.483"
"14,40 : 0.9319"
"40,14 : 0.9319"
"14,41 : 0.6185"
"41,14 : 0.6185"
"14,42 : 0.55"
"42,14 : 0.55"
"14,43 : 0.908"
"43,14 : 0.908"
"14,44 : 0.6301"
"44,14 : 0.6301"
"14,45 : 0.7993"
"45,14 : 0.7993"
"14,46 : 0.2421"
"46,14 : 0.2421"
"14,47 : 0.377"
"47,14 : 0.377"
"14,48 : 0.1432"
"48,14 : 0.1432"
"14,49 : 0.59"
"49,14 : 0.59"
"15,16 : 0.8797"
"16,15 : 0.8797"
"15,17 : 0.4478"
"17,15 : 0.4478"
"15,18 : 0.7783"
"18,15 : 0.7783"
"15,19 : 0.5122"
"19,15 : 0.5122"
"15,20 : 0.3534"
"20,15 : 0.3534"
"15,21 : 0.9202"
"21,15 : 0.9202"
"15,22 : 0.4519"
"22,15 : 0.4519"
"15,23 : 0.7931"
"23,15 : 0.7931"
"15,24 : 0.8936"
"24,15 : 0.8936"
"15,25 : 0.6088"
"25,15 : 0.6088"
"15,26 : 0.645"
"26,15 : 0.645"
"15,27 : 0.3253"
"27,15 : 0.3253"
"15,28 : 0.6083"
"28,15 : 0.6083"
"15,29 : 0.461"
"29,15 : 0.461"
"15,30 : 0.8769"
"30,15 : 0.8769"
"15,31 : 0.8682"
"31,15 : 0.8682"
"15,32 : 0.1868"
"32,15 : 0.1868"
"15,33 : 0.5467"
"33,15 : 0.5467"
"15,34 : 0.6341"
"34,15 : 0.6341"
"15,35 : 0.5131"
"35,15 : 0.5131"
"15,36 : 0.0412"
"36,15 : 0.0412"
"15,37 : 0.5587"
"37,15 : 0.5587"
"15,38 : 0.22"
"38,15 : 0.22"
"15,39 : 0.86"
"39,15 : 0.86"
"15,40 : 0.3734"
"40,15 : 0.3734"
"15,41 : 0.4238"
"41,15 : 0.4238"
"15,42 : 0.3102"
"42,15 : 0.3102"
"15,43 : 0.1421"
"43,15 : 0.1421"
"15,44 : 0.4401"
"44,15 : 0.4401"
"15,45 : 0.1342"
"45,15 : 0.1342"
"15,46 : 1.0126"
"46,15 : 1.0126"
"15,47 : 0.5064"
"47,15 : 0.5064"
"15,48 : 0.7301"
"48,15 : 0.7301"
"15,49 : 0.6597"
"49,15 : 0.6597"
"16,17 : 0.8382"
"17,16 : 0.8382"
"16,18 : 0.9302"
"18,16 : 0.9302"
"16,19 : 0.368"
"19,16 : 0.368"
"16,20 : 0.577"
"20,16 : 0.577"
"16,21 : 0.051"
"21,16 : 0.051"
"16,22 : 0.8032"
"22,16 : 0.8032"
"16,23 : 0.0894"
"23,16 : 0.0894"
"16,24 : 0.6862"
"24,16 : 0.6862"
"16,25 : 0.272"
"25,16 : 0.272"
"16,26 : 0.8968"
"26,16 : 0.8968"
"16,27 : 0.5561"
"27,16 : 0.5561"
"16,28 : 0.2818"
"28,16 : 0.2818"
"16,29 : 0.6357"
"29,16 : 0.6357"
"16,30 : 0.7088"
"30,16 : 0.7088"
"16,31 : 0.9377"
"31,16 : 0.9377"
"16,32 : 0.8188"
"32,16 : 0.8188"
"16,33 : 0.3534"
"33,16 : 0.3534"
"16,34 : 0.2476"
"34,16 : 0.2476"
"16,35 : 0.4144"
"35,16 : 0.4144"
"16,36 : 0.8563"
"36,16 : 0.8563"
"16,37 : 0.3276"
"37,16 : 0.3276"
"16,38 : 1.0359"
"38,16 : 1.0359"
"16,39 : 0.6008"
"39,16 : 0.6008"
"16,40 : 1.0668"
"40,16 : 1.0668"
"16,41 : 0.7596"
"41,16 : 0.7596"
"16,42 : 0.6826"
"42,16 : 0.6826"
"16,43 : 1.0198"
"43,16 : 1.0198"
"16,44 : 0.6727"
"44,16 : 0.6727"
"16,45 : 0.921"
"45,16 : 0.921"
"16,46 : 0.1603"
"46,16 : 0.1603"
"16,47 : 0.5187"
"47,16 : 0.5187"
"16,48 : 0.28"
"48,16 : 0.28"
"16,49 : 0.7306"
"49,16 : 0.7306"
"17,18 : 0.3311"
"18,17 : 0.3311"
"17,19 : 0.5401"
"19,17 : 0.5401"
"17,20 : 0.5909"
"20,17 : 0.5909"
"17,21 : 0.8887"
"21,17 : 0.8887"
"17,22 : 0.0361"
"22,17 : 0.0361"
"17,23 : 0.7762"
"23,17 : 0.7762"
"17,24 : 0.5192"
"24,17 : 0.5192"
"17,25 : 0.6329"
"25,17 : 0.6329"
"17,26 : 0.1972"
"26,17 : 0.1972"
"17,27 : 0.4776"
"27,17 : 0.4776"
"17,28 : 0.6607"
"28,17 : 0.6607"
"17,29 : 0.2025"
"29,17 : 0.2025"
"17,30 : 0.4924"
"30,17 : 0.4924"
"17,31 : 0.4238"
"31,17 : 0.4238"
"17,32 : 0.5946"
"32,17 : 0.5946"
"17,33 : 0.6412"
"33,17 : 0.6412"
"17,34 : 0.6198"
"34,17 : 0.6198"
"17,35 : 0.6592"
"35,17 : 0.6592"
"17,36 : 0.4082"
"36,17 : 0.4082"
"17,37 : 0.62"
"37,17 : 0.62"
"17,38 : 0.39"
"38,17 : 0.39"
"17,39 : 0.5189"
"39,17 : 0.5189"
"17,40 : 0.2907"
"40,17 : 0.2907"
"17,41 : 0.0806"
"41,17 : 0.0806"
"17,42 : 0.2247"
"42,17 : 0.2247"
"17,43 : 0.4924"
"43,17 : 0.4924"
"17,44 : 0.7616"
"44,17 : 0.7616"
"17,45 : 0.3448"
"45,17 : 0.3448"
"17,46 : 0.913"
"46,17 : 0.913"
"17,47 : 0.3195"
"47,17 : 0.3195"
"17,48 : 0.5818"
"48,17 : 0.5818"
"17,49 : 0.2571"
"49,17 : 0.2571"
"18,19 : 0.7393"
"19,18 : 0.7393"
"18,20 : 0.8683"
"20,18 : 0.8683"
"18,21 : 0.9801"
"21,18 : 0.9801"
"18,22 : 0.3276"
"22,18 : 0.3276"
"18,23 : 0.8956"
"23,18 : 0.8956"
"18,24 : 0.3441"
"24,18 : 0.3441"
"18,25 : 0.8065"
"25,18 : 0.8065"
"18,26 : 0.136"
"26,18 : 0.136"
"18,27 : 0.7481"
"27,18 : 0.7481"
"18,28 : 0.8443"
"28,18 : 0.8443"
"18,29 : 0.4022"
"29,18 : 0.4022"
"18,30 : 0.3081"
"30,18 : 0.3081"
"18,31 : 0.1"
"31,18 : 0.1"
"18,32 : 0.9161"
"32,18 : 0.9161"
"18,33 : 0.8509"
"33,18 : 0.8509"
"18,34 : 0.7737"
"34,18 : 0.7737"
"18,35 : 0.8901"
"35,18 : 0.8901"
"18,36 : 0.7382"
"36,18 : 0.7382"
"18,37 : 0.8171"
"37,18 : 0.8171"
"18,38 : 0.7041"
"38,18 : 0.7041"
"18,39 : 0.3981"
"39,18 : 0.3981"
"18,40 : 0.5601"
"40,18 : 0.5601"
"18,41 : 0.364"
"41,18 : 0.364"
"18,42 : 0.5166"
"42,18 : 0.5166"
"18,43 : 0.8191"
"43,18 : 0.8191"
"18,44 : 1.05"
"44,18 : 1.05"
"18,45 : 0.6742"
"45,18 : 0.6742"
"18,46 : 0.9504"
"46,18 : 0.9504"
"18,47 : 0.4793"
"47,18 : 0.4793"
"18,48 : 0.6503"
"48,18 : 0.6503"
"18,49 : 0.2062"
"49,18 : 0.2062"
"19,20 : 0.25"
"20,19 : 0.25"
"19,21 : 0.4104"
"21,19 : 0.4104"
"19,22 : 0.5101"
"22,19 : 0.5101"
"19,23 : 0.2832"
"23,19 : 0.2832"
"19,24 : 0.6325"
"24,19 : 0.6325"
"19,25 : 0.103"
"25,19 : 0.103"
"19,26 : 0.6597"
"26,19 : 0.6597"
"19,27 : 0.1924"
"27,19 : 0.1924"
"19,28 : 0.1217"
"28,19 : 0.1217"
"19,29 : 0.3551"
"29,19 : 0.3551"
"19,30 : 0.637"
"30,19 : 0.637"
"19,31 : 0.7839"
"31,19 : 0.7839"
"19,32 : 0.4713"
"32,19 : 0.4713"
"19,33 : 0.1118"
"33,19 : 0.1118"
"19,34 : 0.1221"
"34,19 : 0.1221"
"19,35 : 0.1628"
"35,19 : 0.1628"
"19,36 : 0.4884"
"36,19 : 0.4884"
"19,37 : 0.0806"
"37,19 : 0.0806"
"19,38 : 0.672"
"38,19 : 0.672"
"19,39 : 0.5604"
"39,19 : 0.5604"
"19,40 : 0.7224"
"40,19 : 0.7224"
"19,41 : 0.46"
"41,19 : 0.46"
"19,42 : 0.3421"
"42,19 : 0.3421"
"19,43 : 0.6519"
"43,19 : 0.6519"
"19,44 : 0.408"
"44,19 : 0.408"
"19,45 : 0.5561"
"45,19 : 0.5561"
"19,46 : 0.5025"
"46,19 : 0.5025"
"19,47 : 0.26"
"47,19 : 0.26"
"19,48 : 0.2717"
"48,19 : 0.2717"
"19,49 : 0.5367"
"49,19 : 0.5367"
"20,21 : 0.609"
"21,20 : 0.609"
"20,22 : 0.5725"
"22,20 : 0.5725"
"20,23 : 0.4875"
"23,20 : 0.4875"
"20,24 : 0.8412"
"24,20 : 0.8412"
"20,25 : 0.3132"
"25,20 : 0.3132"
"20,26 : 0.7601"
"26,20 : 0.7601"
"20,27 : 0.1204"
"27,20 : 0.1204"
"20,28 : 0.2955"
"28,20 : 0.2955"
"20,29 : 0.4675"
"29,20 : 0.4675"
"20,30 : 0.8386"
"30,20 : 0.8386"
"20,31 : 0.9338"
"31,20 : 0.9338"
"20,32 : 0.2441"
"32,20 : 0.2441"
"20,33 : 0.2236"
"33,20 : 0.2236"
"20,34 : 0.3569"
"34,20 : 0.3569"
"20,35 : 0.1703"
"35,20 : 0.1703"
"20,36 : 0.3479"
"36,20 : 0.3479"
"20,37 : 0.253"
"37,20 : 0.253"
"20,38 : 0.5604"
"38,20 : 0.5604"
"20,39 : 0.7788"
"39,20 : 0.7788"
"20,40 : 0.6703"
"40,20 : 0.6703"
"20,41 : 0.5235"
"41,20 : 0.5235"
"20,42 : 0.3667"
"42,20 : 0.3667"
"20,43 : 0.4924"
"43,20 : 0.4924"
"20,44 : 0.1844"
"44,20 : 0.1844"
"20,45 : 0.4491"
"45,20 : 0.4491"
"20,46 : 0.728"
"46,20 : 0.728"
"20,47 : 0.4244"
"47,20 : 0.4244"
"20,48 : 0.5209"
"48,20 : 0.5209"
"20,49 : 0.6859"
"49,20 : 0.6859"
"21,22 : 0.8538"
"22,21 : 0.8538"
"21,23 : 0.1273"
"23,21 : 0.1273"
"21,24 : 0.7308"
"24,21 : 0.7308"
"21,25 : 0.3114"
"25,21 : 0.3114"
"21,26 : 0.9476"
"26,21 : 0.9476"
"21,27 : 0.5955"
"27,21 : 0.5955"
"21,28 : 0.3162"
"28,21 : 0.3162"
"21,29 : 0.6862"
"29,21 : 0.6862"
"21,30 : 0.7543"
"30,21 : 0.7543"
"21,31 : 0.9862"
"31,21 : 0.9862"
"21,32 : 0.8523"
"32,21 : 0.8523"
"21,33 : 0.3859"
"33,21 : 0.3859"
"21,34 : 0.2921"
"34,21 : 0.2921"
"21,35 : 0.4428"
"35,21 : 0.4428"
"21,36 : 0.8981"
"36,21 : 0.8981"
"21,37 : 0.364"
"37,21 : 0.364"
"21,38 : 1.0807"
"38,21 : 1.0807"
"21,39 : 0.6456"
"39,21 : 0.6456"
"21,40 : 1.1151"
"40,21 : 1.1151"
"21,41 : 0.8099"
"41,21 : 0.8099"
"21,42 : 0.7306"
"42,21 : 0.7306"
"21,43 : 1.061"
"43,21 : 1.061"
"21,44 : 0.6938"
"44,21 : 0.6938"
"21,45 : 0.9654"
"45,21 : 0.9654"
"21,46 : 0.1552"
"46,21 : 0.1552"
"21,47 : 0.5692"
"47,21 : 0.5692"
"21,48 : 0.3302"
"48,21 : 0.3302"
"21,49 : 0.781"
"49,21 : 0.781"
"22,23 : 0.7422"
"23,22 : 0.7422"
"22,24 : 0.4924"
"24,22 : 0.4924"
"22,25 : 0.6013"
"25,22 : 0.6013"
"22,26 : 0.1985"
"26,22 : 0.1985"
"22,27 : 0.4569"
"27,22 : 0.4569"
"22,28 : 0.6301"
"28,22 : 0.6301"
"22,29 : 0.1676"
"29,22 : 0.1676"
"22,30 : 0.4669"
"30,22 : 0.4669"
"22,31 : 0.4163"
"31,22 : 0.4163"
"22,32 : 0.5903"
"32,22 : 0.5903"
"22,33 : 0.6129"
"33,22 : 0.6129"
"22,34 : 0.5869"
"34,22 : 0.5869"
"22,35 : 0.6335"
"35,22 : 0.6335"
"22,36 : 0.4115"
"36,22 : 0.4115"
"22,37 : 0.5903"
"37,22 : 0.5903"
"22,38 : 0.4111"
"38,22 : 0.4111"
"22,39 : 0.4885"
"39,22 : 0.4885"
"22,40 : 0.3225"
"40,22 : 0.3225"
"22,41 : 0.051"
"41,22 : 0.051"
"22,42 : 0.2059"
"42,22 : 0.2059"
"22,43 : 0.5064"
"43,22 : 0.5064"
"22,44 : 0.7463"
"44,22 : 0.7463"
"22,45 : 0.3569"
"45,22 : 0.3569"
"22,46 : 0.8771"
"46,22 : 0.8771"
"22,47 : 0.2846"
"47,22 : 0.2846"
"22,48 : 0.5459"
"48,22 : 0.5459"
"22,49 : 0.2319"
"49,22 : 0.2319"
"23,24 : 0.6798"
"24,23 : 0.6798"
"23,25 : 0.1844"
"25,23 : 0.1844"
"23,26 : 0.8505"
"26,23 : 0.8505"
"23,27 : 0.4686"
"27,23 : 0.4686"
"23,28 : 0.1924"
"28,23 : 0.1924"
"23,29 : 0.5749"
"29,23 : 0.5749"
"23,30 : 0.6986"
"30,23 : 0.6986"
"23,31 : 0.9122"
"31,23 : 0.9122"
"23,32 : 0.7295"
"32,23 : 0.7295"
"23,33 : 0.264"
"33,23 : 0.264"
"23,34 : 0.1664"
"34,23 : 0.1664"
"23,35 : 0.3257"
"35,23 : 0.3257"
"23,36 : 0.7708"
"36,23 : 0.7708"
"23,37 : 0.2385"
"37,23 : 0.2385"
"23,38 : 0.9543"
"38,23 : 0.9543"
"23,39 : 0.5948"
"39,23 : 0.5948"
"23,40 : 0.993"
"40,23 : 0.993"
"23,41 : 0.6964"
"41,23 : 0.6964"
"23,42 : 0.6083"
"42,23 : 0.6083"
"23,43 : 0.9338"
"43,23 : 0.9338"
"23,44 : 0.5869"
"44,23 : 0.5869"
"23,45 : 0.8387"
"45,23 : 0.8387"
"23,46 : 0.2452"
"46,23 : 0.2452"
"23,47 : 0.4589"
"47,23 : 0.4589"
"23,48 : 0.253"
"48,23 : 0.253"
"23,49 : 0.6918"
"49,23 : 0.6918"
"24,25 : 0.6586"
"25,24 : 0.6586"
"24,26 : 0.408"
"26,24 : 0.408"
"24,27 : 0.7292"
"27,24 : 0.7292"
"24,28 : 0.7009"
"28,24 : 0.7009"
"24,29 : 0.4329"
"29,24 : 0.4329"
"24,30 : 0.0361"
"30,24 : 0.0361"
"24,31 : 0.2973"
"31,24 : 0.2973"
"24,32 : 0.9753"
"32,24 : 0.9753"
"24,33 : 0.7359"
"33,24 : 0.7359"
"24,34 : 0.6107"
"34,24 : 0.6107"
"24,35 : 0.7951"
"35,24 : 0.7951"
"24,36 : 0.8529"
"36,24 : 0.8529"
"24,37 : 0.6931"
"37,24 : 0.6931"
"24,38 : 0.9009"
"38,24 : 0.9009"
"24,39 : 0.0854"
"39,24 : 0.0854"
"24,40 : 0.8065"
"40,24 : 0.8065"
"24,41 : 0.4937"
"41,24 : 0.4937"
"24,42 : 0.5842"
"42,24 : 0.5842"
"24,43 : 0.9805"
"43,24 : 0.9805"
"24,44 : 1.0222"
"44,24 : 1.0222"
"24,45 : 0.831"
"45,24 : 0.831"
"24,46 : 0.6627"
"46,24 : 0.6627"
"24,47 : 0.4215"
"47,24 : 0.4215"
"24,48 : 0.4305"
"48,24 : 0.4305"
"24,49 : 0.2625"
"49,24 : 0.2625"
"25,26 : 0.7382"
"26,25 : 0.7382"
"25,27 : 0.2843"
"27,25 : 0.2843"
"25,28 : 0.0424"
"28,25 : 0.0424"
"25,29 : 0.4401"
"29,25 : 0.4401"
"25,30 : 0.6684"
"30,25 : 0.6684"
"25,31 : 0.8417"
"31,25 : 0.8417"
"25,32 : 0.5504"
"32,25 : 0.5504"
"25,33 : 0.1005"
"33,25 : 0.1005"
"25,34 : 0.0539"
"34,25 : 0.0539"
"25,35 : 0.1712"
"35,25 : 0.1712"
"25,36 : 0.5869"
"36,25 : 0.5869"
"25,37 : 0.0608"
"37,25 : 0.0608"
"25,38 : 0.7742"
"38,25 : 0.7742"
"25,39 : 0.5798"
"39,25 : 0.5798"
"25,40 : 0.8246"
"40,25 : 0.8246"
"25,41 : 0.5523"
"41,25 : 0.5523"
"25,42 : 0.4427"
"42,25 : 0.4427"
"25,43 : 0.7497"
"43,25 : 0.7497"
"25,44 : 0.441"
"44,25 : 0.441"
"25,45 : 0.658"
"45,25 : 0.658"
"25,46 : 0.4163"
"46,25 : 0.4163"
"25,47 : 0.3338"
"47,25 : 0.3338"
"25,48 : 0.2506"
"48,25 : 0.2506"
"25,49 : 0.6008"
"49,25 : 0.6008"
"26,27 : 0.6414"
"27,26 : 0.6414"
"26,28 : 0.7728"
"28,26 : 0.7728"
"26,29 : 0.3068"
"29,26 : 0.3068"
"26,30 : 0.3744"
"30,26 : 0.3744"
"26,31 : 0.2335"
"31,26 : 0.2335"
"26,32 : 0.7887"
"32,26 : 0.7887"
"26,33 : 0.7692"
"33,26 : 0.7692"
"26,34 : 0.7125"
"34,26 : 0.7125"
"26,35 : 0.8006"
"35,26 : 0.8006"
"26,36 : 0.6054"
"36,26 : 0.6054"
"26,37 : 0.7398"
"37,26 : 0.7398"
"26,38 : 0.5689"
"38,26 : 0.5689"
"26,39 : 0.4386"
"39,26 : 0.4386"
"26,40 : 0.431"
"40,26 : 0.431"
"26,41 : 0.2408"
"41,26 : 0.2408"
"26,42 : 0.3982"
"42,26 : 0.3982"
"26,43 : 0.6831"
"43,26 : 0.6831"
"26,44 : 0.9381"
"44,26 : 0.9381"
"26,45 : 0.5385"
"45,26 : 0.5385"
"26,46 : 0.9396"
"46,26 : 0.9396"
"26,47 : 0.4045"
"47,26 : 0.4045"
"26,48 : 0.6198"
"48,26 : 0.6198"
"26,49 : 0.1789"
"49,26 : 0.1789"
"27,28 : 0.2832"
"28,27 : 0.2832"
"27,29 : 0.3471"
"29,27 : 0.3471"
"27,30 : 0.7247"
"30,27 : 0.7247"
"27,31 : 0.8134"
"31,27 : 0.8134"
"27,32 : 0.2844"
"32,27 : 0.2844"
"27,33 : 0.2247"
"33,27 : 0.2247"
"27,34 : 0.3138"
"34,27 : 0.3138"
"27,35 : 0.2062"
"35,27 : 0.2062"
"27,36 : 0.3061"
"36,27 : 0.3061"
"27,37 : 0.2335"
"37,27 : 0.2335"
"27,38 : 0.5054"
"38,27 : 0.5054"
"27,39 : 0.6707"
"39,27 : 0.6707"
"27,40 : 0.5886"
"40,27 : 0.5886"
"27,41 : 0.4072"
"41,27 : 0.4072"
"27,42 : 0.253"
"42,27 : 0.253"
"27,43 : 0.4669"
"43,27 : 0.4669"
"27,44 : 0.3041"
"44,27 : 0.3041"
"27,45 : 0.3891"
"45,27 : 0.3891"
"27,46 : 0.6946"
"46,27 : 0.6946"
"27,47 : 0.3089"
"47,27 : 0.3089"
"27,48 : 0.4441"
"48,27 : 0.4441"
"27,49 : 0.5659"
"49,27 : 0.5659"
"28,29 : 0.4717"
"29,28 : 0.4717"
"28,30 : 0.7106"
"30,28 : 0.7106"
"28,31 : 0.8814"
"31,28 : 0.8814"
"28,32 : 0.5371"
"32,28 : 0.5371"
"28,33 : 0.0728"
"33,28 : 0.0728"
"28,34 : 0.0943"
"34,28 : 0.0943"
"28,35 : 0.1404"
"35,28 : 0.1404"
"28,36 : 0.589"
"36,28 : 0.589"
"28,37 : 0.05"
"37,28 : 0.05"
"28,38 : 0.7823"
"38,28 : 0.7823"
"28,39 : 0.6223"
"39,28 : 0.6223"
"28,40 : 0.8415"
"40,28 : 0.8415"
"28,41 : 0.5803"
"41,28 : 0.5803"
"28,42 : 0.4632"
"42,28 : 0.4632"
"28,43 : 0.7501"
"43,28 : 0.7501"
"28,44 : 0.41"
"44,28 : 0.41"
"28,45 : 0.6657"
"45,28 : 0.6657"
"28,46 : 0.4332"
"46,28 : 0.4332"
"28,47 : 0.3688"
"47,28 : 0.3688"
"28,48 : 0.2915"
"48,28 : 0.2915"
"28,49 : 0.6391"
"49,28 : 0.6391"
"29,30 : 0.4177"
"30,29 : 0.4177"
"29,31 : 0.4667"
"31,29 : 0.4667"
"29,32 : 0.5515"
"32,29 : 0.5515"
"29,33 : 0.4632"
"33,29 : 0.4632"
"29,34 : 0.4219"
"34,29 : 0.4219"
"29,35 : 0.494"
"35,29 : 0.494"
"29,36 : 0.4205"
"36,29 : 0.4205"
"29,37 : 0.4357"
"37,29 : 0.4357"
"29,38 : 0.4977"
"38,29 : 0.4977"
"29,39 : 0.4011"
"39,29 : 0.4011"
"29,40 : 0.4597"
"40,29 : 0.4597"
"29,41 : 0.1253"
"41,29 : 0.1253"
"29,42 : 0.1513"
"42,29 : 0.1513"
"29,43 : 0.5558"
"43,29 : 0.5558"
"29,44 : 0.6507"
"44,29 : 0.6507"
"29,45 : 0.41"
"45,29 : 0.41"
"29,46 : 0.7134"
"46,29 : 0.7134"
"29,47 : 0.117"
"47,29 : 0.117"
"29,48 : 0.3828"
"48,29 : 0.3828"
"29,49 : 0.222"
"49,29 : 0.222"
"30,31 : 0.2625"
"31,30 : 0.2625"
"30,32 : 0.9646"
"32,30 : 0.9646"
"30,33 : 0.7425"
"33,30 : 0.7425"
"30,34 : 0.622"
"34,30 : 0.622"
"30,35 : 0.7998"
"35,30 : 0.7998"
"30,36 : 0.836"
"36,30 : 0.836"
"30,37 : 0.7004"
"37,30 : 0.7004"
"30,38 : 0.8769"
"38,30 : 0.8769"
"30,39 : 0.1105"
"39,30 : 0.1105"
"30,40 : 0.7779"
"40,30 : 0.7779"
"30,41 : 0.471"
"41,30 : 0.471"
"30,42 : 0.5689"
"42,30 : 0.5689"
"30,43 : 0.96"
"43,30 : 0.96"
"30,44 : 1.0208"
"44,30 : 1.0208"
"30,45 : 0.8101"
"45,30 : 0.8101"
"30,46 : 0.6912"
"46,30 : 0.6912"
"30,47 : 0.4159"
"47,30 : 0.4159"
"30,48 : 0.4472"
"48,30 : 0.4472"
"30,49 : 0.2354"
"49,30 : 0.2354"
"31,32 : 0.9986"
"32,31 : 0.9986"
"31,33 : 0.8955"
"33,31 : 0.8955"
"31,34 : 0.8041"
"34,31 : 0.8041"
"31,35 : 0.9403"
"35,31 : 0.9403"
"31,36 : 0.8276"
"36,31 : 0.8276"
"31,37 : 0.8588"
"37,31 : 0.8588"
"31,38 : 0.8023"
"38,31 : 0.8023"
"31,39 : 0.3667"
"39,31 : 0.3667"
"31,40 : 0.6601"
"40,31 : 0.6601"
"31,41 : 0.4478"
"41,31 : 0.4478"
"31,42 : 0.5941"
"42,31 : 0.5941"
"31,43 : 0.9148"
"43,31 : 0.9148"
"31,44 : 1.1173"
"44,31 : 1.1173"
"31,45 : 0.7684"
"45,31 : 0.7684"
"31,46 : 0.9409"
"46,31 : 0.9409"
"31,47 : 0.527"
"47,31 : 0.527"
"31,48 : 0.661"
"48,31 : 0.661"
"31,49 : 0.25"
"49,31 : 0.25"
"32,33 : 0.4665"
"33,32 : 0.4665"
"32,34 : 0.5887"
"34,32 : 0.5887"
"32,35 : 0.414"
"35,32 : 0.414"
"32,36 : 0.2102"
"36,32 : 0.2102"
"32,37 : 0.4919"
"37,32 : 0.4919"
"32,38 : 0.4031"
"38,32 : 0.4031"
"32,39 : 0.9276"
"39,32 : 0.9276"
"32,40 : 0.5597"
"40,32 : 0.5597"
"32,41 : 0.5522"
"41,32 : 0.5522"
"32,42 : 0.4071"
"42,32 : 0.4071"
"32,43 : 0.2927"
"43,32 : 0.2927"
"32,44 : 0.2668"
"44,32 : 0.2668"
"32,45 : 0.3195"
"45,32 : 0.3195"
"32,46 : 0.9666"
"46,32 : 0.9666"
"32,47 : 0.559"
"47,32 : 0.559"
"32,48 : 0.7284"
"48,32 : 0.7284"
"32,49 : 0.7692"
"49,32 : 0.7692"
"33,34 : 0.153"
"34,33 : 0.153"
"33,35 : 0.0707"
"35,33 : 0.0707"
"33,36 : 0.5301"
"36,33 : 0.5301"
"33,37 : 0.0447"
"37,33 : 0.0447"
"33,38 : 0.7295"
"38,33 : 0.7295"
"33,39 : 0.6607"
"39,33 : 0.6607"
"33,40 : 0.8008"
"40,33 : 0.8008"
"33,41 : 0.5622"
"41,33 : 0.5622"
"33,42 : 0.4319"
"42,33 : 0.4319"
"33,43 : 0.6888"
"43,33 : 0.6888"
"33,44 : 0.3406"
"44,33 : 0.3406"
"33,45 : 0.6129"
"45,33 : 0.6129"
"33,46 : 0.506"
"46,33 : 0.506"
"33,47 : 0.3716"
"47,33 : 0.3716"
"33,48 : 0.3454"
"48,33 : 0.3454"
"33,49 : 0.6485"
"49,33 : 0.6485"
"34,35 : 0.2236"
"35,34 : 0.2236"
"34,36 : 0.6096"
"36,34 : 0.6096"
"34,37 : 0.1105"
"37,34 : 0.1105"
"34,38 : 0.7887"
"38,34 : 0.7887"
"34,39 : 0.5308"
"39,34 : 0.5308"
"34,40 : 0.8273"
"40,34 : 0.8273"
"34,41 : 0.5394"
"41,34 : 0.5394"
"34,42 : 0.4428"
"42,34 : 0.4428"
"34,43 : 0.7734"
"43,34 : 0.7734"
"34,44 : 0.4925"
"44,34 : 0.4925"
"34,45 : 0.6736"
"45,34 : 0.6736"
"34,46 : 0.3808"
"46,34 : 0.3808"
"34,47 : 0.31"
"47,34 : 0.31"
"34,48 : 0.1972"
"48,34 : 0.1972"
"34,49 : 0.5675"
"49,34 : 0.5675"
"35,36 : 0.5012"
"36,35 : 0.5012"
"35,37 : 0.114"
"37,35 : 0.114"
"35,38 : 0.7077"
"38,35 : 0.7077"
"35,39 : 0.722"
"39,35 : 0.722"
"35,40 : 0.7943"
"40,35 : 0.7943"
"35,41 : 0.5825"
"41,35 : 0.5825"
"35,42 : 0.441"
"42,35 : 0.441"
"35,43 : 0.6546"
"43,35 : 0.6546"
"35,44 : 0.2702"
"44,35 : 0.2702"
"35,45 : 0.5924"
"45,35 : 0.5924"
"35,46 : 0.5701"
"46,35 : 0.5701"
"35,47 : 0.4134"
"47,35 : 0.4134"
"35,48 : 0.4144"
"48,35 : 0.4144"
"35,49 : 0.6912"
"49,35 : 0.6912"
"36,37 : 0.5391"
"37,36 : 0.5391"
"36,38 : 0.2138"
"38,36 : 0.2138"
"36,39 : 0.8201"
"39,36 : 0.8201"
"36,40 : 0.3517"
"40,36 : 0.3517"
"36,41 : 0.3828"
"41,36 : 0.3828"
"36,42 : 0.27"
"42,36 : 0.27"
"36,43 : 0.164"
"43,36 : 0.164"
"36,44 : 0.451"
"44,36 : 0.451"
"36,45 : 0.1118"
"45,36 : 0.1118"
"36,46 : 0.986"
"46,36 : 0.986"
"36,47 : 0.4687"
"47,36 : 0.4687"
"36,48 : 0.6978"
"48,36 : 0.6978"
"36,49 : 0.6185"
"49,36 : 0.6185"
"37,38 : 0.7325"
"38,37 : 0.7325"
"37,39 : 0.6172"
"39,37 : 0.6172"
"37,40 : 0.7938"
"40,37 : 0.7938"
"37,41 : 0.5401"
"41,37 : 0.5401"
"37,42 : 0.4177"
"42,37 : 0.4177"
"37,43 : 0.7004"
"43,37 : 0.7004"
"37,44 : 0.3821"
"44,37 : 0.3821"
"37,45 : 0.6159"
"45,37 : 0.6159"
"37,46 : 0.4754"
"46,37 : 0.4754"
"37,47 : 0.3384"
"47,37 : 0.3384"
"37,48 : 0.3008"
"48,37 : 0.3008"
"37,49 : 0.6133"
"49,37 : 0.6133"
"38,39 : 0.8877"
"39,38 : 0.8877"
"38,40 : 0.1838"
"40,38 : 0.1838"
"38,41 : 0.4079"
"41,38 : 0.4079"
"38,42 : 0.3744"
"42,38 : 0.3744"
"38,43 : 0.1421"
"43,38 : 0.1421"
"38,44 : 0.6601"
"44,38 : 0.6601"
"38,45 : 0.1166"
"45,38 : 0.1166"
"38,46 : 1.1528"
"46,38 : 1.1528"
"38,47 : 0.5831"
"47,38 : 0.5831"
"38,48 : 0.842"
"48,38 : 0.842"
"38,49 : 0.6428"
"49,38 : 0.6428"
"39,40 : 0.8096"
"40,39 : 0.8096"
"39,41 : 0.4808"
"41,39 : 0.4808"
"39,42 : 0.5501"
"42,39 : 0.5501"
"39,43 : 0.9563"
"43,39 : 0.9563"
"39,44 : 0.9571"
"44,39 : 0.9571"
"39,45 : 0.8089"
"45,39 : 0.8089"
"39,46 : 0.5808"
"46,39 : 0.5808"
"39,47 : 0.3688"
"47,39 : 0.3688"
"39,48 : 0.3467"
"48,39 : 0.3467"
"39,49 : 0.272"
"49,39 : 0.272"
"40,41 : 0.3421"
"41,40 : 0.3421"
"40,42 : 0.3847"
"42,40 : 0.3847"
"40,43 : 0.3256"
"43,40 : 0.3256"
"40,44 : 0.7991"
"44,40 : 0.7991"
"40,45 : 0.2404"
"45,40 : 0.2404"
"40,46 : 1.164"
"46,40 : 1.164"
"40,47 : 0.5673"
"47,40 : 0.5673"
"40,48 : 0.8374"
"48,40 : 0.8374"
"40,49 : 0.5442"
"49,40 : 0.5442"
"41,42 : 0.1581"
"42,41 : 0.1581"
"41,43 : 0.4909"
"43,41 : 0.4909"
"41,44 : 0.6989"
"44,41 : 0.6989"
"41,45 : 0.3406"
"45,41 : 0.3406"
"41,46 : 0.8386"
"46,41 : 0.8386"
"41,47 : 0.2417"
"47,41 : 0.2417"
"41,48 : 0.5077"
"48,41 : 0.5077"
"41,49 : 0.2408"
"49,41 : 0.2408"
"42,43 : 0.4123"
"43,42 : 0.4123"
"42,44 : 0.5408"
"44,42 : 0.5408"
"42,45 : 0.2731"
"45,42 : 0.2731"
"42,46 : 0.7864"
"46,42 : 0.7864"
"42,47 : 0.2102"
"47,42 : 0.2102"
"42,48 : 0.4686"
"48,42 : 0.4686"
"42,49 : 0.3625"
