x,y
0.23,0.06
0.24,0.19
0.69,0.03
0.7,0.42
0.12,0.04
0.57,0.57
0.09,0.25
0.71,0.26
0.66,0.01
0.74,0.94
0.27,0.99
0.48,0.09
0.29,0.23
0.05,0.26
0.64,0.85
0.81,0.26
0.51,0.15
0.27,0.87
0.97,0.29
0.37,0.72
0.79,0.17
0.16,0.52
0.82,0.13
0.76,0.19
0.88,0.32
0.78,0.39
0.12,0.16
0.04,0.97
0.48,0.51
0.03,0.75
0.19,0.79
0.62,0.68
0.82,0.87
0.7,0.34
0.6,0.24
0.09,0.22
0.04,0.57
0.33,0.15
0.0,0.89
0.02,0.26
0.68,0.65
0.13,0.29
0.04,0.56
0.55,0.78
0.55,0.54
0.25,0.1
0.69,0.42
0.38,0.22
0.32,0.56
0.72,0.69

Distanze
"0,1 : 0.1304"
"1,0 : 0.1304"
"0,2 : 0.461"
"2,0 : 0.461"
"0,3 : 0.592"
"3,0 : 0.592"
"0,4 : 0.1118"
"4,0 : 0.1118"
"0,5 : 0.6129"
"5,0 : 0.6129"
"0,6 : 0.236"
"6,0 : 0.236"
"0,7 : 0.52"
"7,0 : 0.52"
"0,8 : 0.4329"
"8,0 : 0.4329"
"0,9 : 1.0171"
"9,0 : 1.0171"
"0,10 : 0.9309"
"10,0 : 0.9309"
"0,11 : 0.2518"
"11,0 : 0.2518"
"0,12 : 0.1803"
"12,0 : 0.1803"
"0,13 : 0.2691"
"13,0 : 0.2691"
"0,14 : 0.8901"
"14,0 : 0.8901"
"0,15 : 0.6135"
"15,0 : 0.6135"
"0,16 : 0.2941"
"16,0 : 0.2941"
"0,17 : 0.811"
"17,0 : 0.811"
"0,18 : 0.7749"
"18,0 : 0.7749"
"0,19 : 0.6747"
"19,0 : 0.6747"
"0,20 : 0.5707"
"20,0 : 0.5707"
"0,21 : 0.4653"
"21,0 : 0.4653"
"0,22 : 0.5941"
"22,0 : 0.5941"
"0,23 : 0.5457"
"23,0 : 0.5457"
"0,24 : 0.7001"
"24,0 : 0.7001"
"0,25 : 0.6414"
"25,0 : 0.6414"
"0,26 : 0.1487"
"26,0 : 0.1487"
"0,27 : 0.9296"
"27,0 : 0.9296"
"0,28 : 0.5148"
"28,0 : 0.5148"
"0,29 : 0.7184"
"29,0 : 0.7184"
"0,30 : 0.7311"
"30,0 : 0.7311"
"0,31 : 0.7325"
"31,0 : 0.7325"
"0,32 : 1.0021"
"32,0 : 1.0021"
"0,33 : 0.5471"
"33,0 : 0.5471"
"0,34 : 0.4115"
"34,0 : 0.4115"
"0,35 : 0.2126"
"35,0 : 0.2126"
"0,36 : 0.5442"
"36,0 : 0.5442"
"0,37 : 0.1345"
"37,0 : 0.1345"
"0,38 : 0.8613"
"38,0 : 0.8613"
"0,39 : 0.29"
"39,0 : 0.29"
"0,40 : 0.742"
"40,0 : 0.742"
"0,41 : 0.2508"
"41,0 : 0.2508"
"0,42 : 0.5349"
"42,0 : 0.5349"
"0,43 : 0.7879"
"43,0 : 0.7879"
"0,44 : 0.5769"
"44,0 : 0.5769"
"0,45 : 0.0447"
"45,0 : 0.0447"
"0,46 : 0.5841"
"46,0 : 0.5841"
"0,47 : 0.2193"
"47,0 : 0.2193"
"0,48 : 0.508"
"48,0 : 0.508"
"0,49 : 0.7981"
"49,0 : 0.7981"
"1,2 : 0.4776"
"2,1 : 0.4776"
"1,3 : 0.5143"
"3,1 : 0.5143"
"1,4 : 0.1921"
"4,1 : 0.1921"
"1,5 : 0.5033"
"5,1 : 0.5033"
"1,6 : 0.1616"
"6,1 : 0.1616"
"1,7 : 0.4752"
"7,1 : 0.4752"
"1,8 : 0.4569"
"8,1 : 0.4569"
"1,9 : 0.9014"
"9,1 : 0.9014"
"1,10 : 0.8006"
"10,1 : 0.8006"
"1,11 : 0.26"
"11,1 : 0.26"
"1,12 : 0.064"
"12,1 : 0.064"
"1,13 : 0.2025"
"13,1 : 0.2025"
"1,14 : 0.7718"
"14,1 : 0.7718"
"1,15 : 0.5743"
"15,1 : 0.5743"
"1,16 : 0.2729"
"16,1 : 0.2729"
"1,17 : 0.6807"
"17,1 : 0.6807"
"1,18 : 0.7368"
"18,1 : 0.7368"
"1,19 : 0.5457"
"19,1 : 0.5457"
"1,20 : 0.5504"
"20,1 : 0.5504"
"1,21 : 0.3396"
"21,1 : 0.3396"
"1,22 : 0.5831"
"22,1 : 0.5831"
"1,23 : 0.52"
"23,1 : 0.52"
"1,24 : 0.6531"
"24,1 : 0.6531"
"1,25 : 0.5758"
"25,1 : 0.5758"
"1,26 : 0.1237"
"26,1 : 0.1237"
"1,27 : 0.8052"
"27,1 : 0.8052"
"1,28 : 0.4"
"28,1 : 0.4"
"1,29 : 0.5981"
"29,1 : 0.5981"
"1,30 : 0.6021"
"30,1 : 0.6021"
"1,31 : 0.6201"
"31,1 : 0.6201"
"1,32 : 0.8938"
"32,1 : 0.8938"
"1,33 : 0.4838"
"33,1 : 0.4838"
"1,34 : 0.3635"
"34,1 : 0.3635"
"1,35 : 0.153"
"35,1 : 0.153"
"1,36 : 0.4294"
"36,1 : 0.4294"
"1,37 : 0.0985"
"37,1 : 0.0985"
"1,38 : 0.74"
"38,1 : 0.74"
"1,39 : 0.2309"
"39,1 : 0.2309"
"1,40 : 0.6366"
"40,1 : 0.6366"
"1,41 : 0.1487"
"41,1 : 0.1487"
"1,42 : 0.4206"
"42,1 : 0.4206"
"1,43 : 0.6665"
"43,1 : 0.6665"
"1,44 : 0.4675"
"44,1 : 0.4675"
"1,45 : 0.0906"
"45,1 : 0.0906"
"1,46 : 0.5054"
"46,1 : 0.5054"
"1,47 : 0.1432"
"47,1 : 0.1432"
"1,48 : 0.3785"
"48,1 : 0.3785"
"1,49 : 0.6931"
"49,1 : 0.6931"
"2,3 : 0.3901"
"3,2 : 0.3901"
"2,4 : 0.5701"
"4,2 : 0.5701"
"2,5 : 0.5532"
"5,2 : 0.5532"
"2,6 : 0.6391"
"6,2 : 0.6391"
"2,7 : 0.2309"
"7,2 : 0.2309"
"2,8 : 0.0361"
"8,2 : 0.0361"
"2,9 : 0.9114"
"9,2 : 0.9114"
"2,10 : 1.0479"
"10,2 : 1.0479"
"2,11 : 0.2184"
"11,2 : 0.2184"
"2,12 : 0.4472"
"12,2 : 0.4472"
"2,13 : 0.6801"
"13,2 : 0.6801"
"2,14 : 0.8215"
"14,2 : 0.8215"
"2,15 : 0.2594"
"15,2 : 0.2594"
"2,16 : 0.2163"
"16,2 : 0.2163"
"2,17 : 0.9391"
"17,2 : 0.9391"
"2,18 : 0.3821"
"18,2 : 0.3821"
"2,19 : 0.7606"
"19,2 : 0.7606"
"2,20 : 0.172"
"20,2 : 0.172"
"2,21 : 0.7218"
"21,2 : 0.7218"
"2,22 : 0.164"
"22,2 : 0.164"
"2,23 : 0.1746"
"23,2 : 0.1746"
"2,24 : 0.3467"
"24,2 : 0.3467"
"2,25 : 0.3711"
"25,2 : 0.3711"
"2,26 : 0.5846"
"26,2 : 0.5846"
"2,27 : 1.1428"
"27,2 : 1.1428"
"2,28 : 0.5239"
"28,2 : 0.5239"
"2,29 : 0.9767"
"29,2 : 0.9767"
"2,30 : 0.9097"
"30,2 : 0.9097"
"2,31 : 0.6538"
"31,2 : 0.6538"
"2,32 : 0.85"
"32,2 : 0.85"
"2,33 : 0.3102"
"33,2 : 0.3102"
"2,34 : 0.2285"
"34,2 : 0.2285"
"2,35 : 0.6294"
"35,2 : 0.6294"
"2,36 : 0.845"
"36,2 : 0.845"
"2,37 : 0.3795"
"37,2 : 0.3795"
"2,38 : 1.1026"
"38,2 : 1.1026"
"2,39 : 0.7084"
"39,2 : 0.7084"
"2,40 : 0.6201"
"40,2 : 0.6201"
"2,41 : 0.6174"
"41,2 : 0.6174"
"2,42 : 0.8387"
"42,2 : 0.8387"
"2,43 : 0.763"
"43,2 : 0.763"
"2,44 : 0.5289"
"44,2 : 0.5289"
"2,45 : 0.4455"
"45,2 : 0.4455"
"2,46 : 0.39"
"46,2 : 0.39"
"2,47 : 0.3636"
"47,2 : 0.3636"
"2,48 : 0.6464"
"48,2 : 0.6464"
"2,49 : 0.6607"
"49,2 : 0.6607"
"3,4 : 0.6934"
"4,3 : 0.6934"
"3,5 : 0.1985"
"5,3 : 0.1985"
"3,6 : 0.6332"
"6,3 : 0.6332"
"3,7 : 0.1603"
"7,3 : 0.1603"
"3,8 : 0.4119"
"8,3 : 0.4119"
"3,9 : 0.5215"
"9,3 : 0.5215"
"3,10 : 0.714"
"10,3 : 0.714"
"3,11 : 0.3966"
"11,3 : 0.3966"
"3,12 : 0.4519"
"12,3 : 0.4519"
"3,13 : 0.6694"
"13,3 : 0.6694"
"3,14 : 0.4342"
"14,3 : 0.4342"
"3,15 : 0.1942"
"15,3 : 0.1942"
"3,16 : 0.3302"
"16,3 : 0.3302"
"3,17 : 0.6224"
"17,3 : 0.6224"
"3,18 : 0.2997"
"18,3 : 0.2997"
"3,19 : 0.446"
"19,3 : 0.446"
"3,20 : 0.2657"
"20,3 : 0.2657"
"3,21 : 0.5492"
"21,3 : 0.5492"
"3,22 : 0.3138"
"22,3 : 0.3138"
"3,23 : 0.2377"
"23,3 : 0.2377"
"3,24 : 0.2059"
"24,3 : 0.2059"
"3,25 : 0.0854"
"25,3 : 0.0854"
"3,26 : 0.6356"
"26,3 : 0.6356"
"3,27 : 0.8591"
"27,3 : 0.8591"
"3,28 : 0.2377"
"28,3 : 0.2377"
"3,29 : 0.7469"
"29,3 : 0.7469"
"3,30 : 0.6301"
"30,3 : 0.6301"
"3,31 : 0.272"
"31,3 : 0.272"
"3,32 : 0.4657"
"32,3 : 0.4657"
"3,33 : 0.08"
"33,3 : 0.08"
"3,34 : 0.2059"
"34,3 : 0.2059"
"3,35 : 0.642"
"35,3 : 0.642"
"3,36 : 0.6768"
"36,3 : 0.6768"
"3,37 : 0.458"
"37,3 : 0.458"
"3,38 : 0.8431"
"38,3 : 0.8431"
"3,39 : 0.6986"
"39,3 : 0.6986"
"3,40 : 0.2309"
"40,3 : 0.2309"
"3,41 : 0.5846"
"41,3 : 0.5846"
"3,42 : 0.6747"
"42,3 : 0.6747"
"3,43 : 0.39"
"43,3 : 0.39"
"3,44 : 0.1921"
"44,3 : 0.1921"
"3,45 : 0.5522"
"45,3 : 0.5522"
"3,46 : 0.01"
"46,3 : 0.01"
"3,47 : 0.3774"
"47,3 : 0.3774"
"3,48 : 0.405"
"48,3 : 0.405"
"3,49 : 0.2707"
"49,3 : 0.2707"
"4,5 : 0.6953"
"5,4 : 0.6953"
"4,6 : 0.2121"
"6,4 : 0.2121"
"4,7 : 0.6297"
"7,4 : 0.6297"
"4,8 : 0.5408"
"8,4 : 0.5408"
"4,9 : 1.0929"
"9,4 : 1.0929"
"4,10 : 0.9618"
"10,4 : 0.9618"
"4,11 : 0.3635"
"11,4 : 0.3635"
"4,12 : 0.255"
"12,4 : 0.255"
"4,13 : 0.2309"
"13,4 : 0.2309"
"4,14 : 0.9625"
"14,4 : 0.9625"
"4,15 : 0.7242"
"15,4 : 0.7242"
"4,16 : 0.4052"
"16,4 : 0.4052"
"4,17 : 0.8434"
"17,4 : 0.8434"
"4,18 : 0.886"
"18,4 : 0.886"
"4,19 : 0.7245"
"19,4 : 0.7245"
"4,20 : 0.6825"
"20,4 : 0.6825"
"4,21 : 0.4817"
"21,4 : 0.4817"
"4,22 : 0.7058"
"22,4 : 0.7058"
"4,23 : 0.6573"
"23,4 : 0.6573"
"4,24 : 0.8099"
"24,4 : 0.8099"
"4,25 : 0.7471"
"25,4 : 0.7471"
"4,26 : 0.12"
"26,4 : 0.12"
"4,27 : 0.9334"
"27,4 : 0.9334"
"4,28 : 0.592"
"28,4 : 0.592"
"4,29 : 0.7157"
"29,4 : 0.7157"
"4,30 : 0.7533"
"30,4 : 0.7533"
"4,31 : 0.8122"
"31,4 : 0.8122"
"4,32 : 1.0858"
"32,4 : 1.0858"
"4,33 : 0.653"
"33,4 : 0.653"
"4,34 : 0.52"
"34,4 : 0.52"
"4,35 : 0.1825"
"35,4 : 0.1825"
"4,36 : 0.536"
"36,4 : 0.536"
"4,37 : 0.2371"
"37,4 : 0.2371"
"4,38 : 0.8584"
"38,4 : 0.8584"
"4,39 : 0.2417"
"39,4 : 0.2417"
"4,40 : 0.8281"
"40,4 : 0.8281"
"4,41 : 0.2502"
"41,4 : 0.2502"
"4,42 : 0.5261"
"42,4 : 0.5261"
"4,43 : 0.8559"
"43,4 : 0.8559"
"4,44 : 0.6595"
"44,4 : 0.6595"
"4,45 : 0.1432"
"45,4 : 0.1432"
"4,46 : 0.6851"
"46,4 : 0.6851"
"4,47 : 0.3162"
"47,4 : 0.3162"
"4,48 : 0.5571"
"48,4 : 0.5571"
"4,49 : 0.8846"
"49,4 : 0.8846"
"5,6 : 0.5769"
"6,5 : 0.5769"
"5,7 : 0.3401"
"7,5 : 0.3401"
"5,8 : 0.5672"
"8,5 : 0.5672"
"5,9 : 0.4072"
"9,5 : 0.4072"
"5,10 : 0.5161"
"10,5 : 0.5161"
"5,11 : 0.4884"
"11,5 : 0.4884"
"5,12 : 0.4405"
"12,5 : 0.4405"
"5,13 : 0.6054"
"13,5 : 0.6054"
"5,14 : 0.2886"
"14,5 : 0.2886"
"5,15 : 0.392"
"15,5 : 0.392"
"5,16 : 0.4243"
"16,5 : 0.4243"
"5,17 : 0.4243"
"17,5 : 0.4243"
"5,18 : 0.4883"
"18,5 : 0.4883"
"5,19 : 0.25"
"19,5 : 0.25"
"5,20 : 0.4565"
"20,5 : 0.4565"
"5,21 : 0.413"
"21,5 : 0.413"
"5,22 : 0.5061"
"22,5 : 0.5061"
"5,23 : 0.4249"
"23,5 : 0.4249"
"5,24 : 0.3982"
"24,5 : 0.3982"
"5,25 : 0.2766"
"25,5 : 0.2766"
"5,26 : 0.6088"
"26,5 : 0.6088"
"5,27 : 0.664"
"27,5 : 0.664"
"5,28 : 0.1082"
"28,5 : 0.1082"
"5,29 : 0.5692"
"29,5 : 0.5692"
"5,30 : 0.4391"
"30,5 : 0.4391"
"5,31 : 0.1208"
"31,5 : 0.1208"
"5,32 : 0.3905"
"32,5 : 0.3905"
"5,33 : 0.2642"
"33,5 : 0.2642"
"5,34 : 0.3314"
"34,5 : 0.3314"
"5,35 : 0.5941"
"35,5 : 0.5941"
"5,36 : 0.53"
"36,5 : 0.53"
"5,37 : 0.4837"
"37,5 : 0.4837"
"5,38 : 0.6537"
"38,5 : 0.6537"
"5,39 : 0.6313"
"39,5 : 0.6313"
"5,40 : 0.136"
"40,5 : 0.136"
"5,41 : 0.5215"
"41,5 : 0.5215"
"5,42 : 0.5301"
"42,5 : 0.5301"
"5,43 : 0.211"
"43,5 : 0.211"
"5,44 : 0.0361"
"44,5 : 0.0361"
"5,45 : 0.5686"
"45,5 : 0.5686"
"5,46 : 0.1921"
"46,5 : 0.1921"
"5,47 : 0.3982"
"47,5 : 0.3982"
"5,48 : 0.2502"
"48,5 : 0.2502"
"5,49 : 0.1921"
"49,5 : 0.1921"
"6,7 : 0.6201"
"7,6 : 0.6201"
"6,8 : 0.6185"
"8,6 : 0.6185"
"6,9 : 0.9479"
"9,6 : 0.9479"
"6,10 : 0.7616"
"10,6 : 0.7616"
"6,11 : 0.4215"
"11,6 : 0.4215"
"6,12 : 0.201"
"12,6 : 0.201"
"6,13 : 0.0412"
"13,6 : 0.0412"
"6,14 : 0.8139"
"14,6 : 0.8139"
"6,15 : 0.7201"
"15,6 : 0.7201"
"6,16 : 0.4317"
"16,6 : 0.4317"
"6,17 : 0.6456"
"17,6 : 0.6456"
"6,18 : 0.8809"
"18,6 : 0.8809"
"6,19 : 0.5471"
"19,6 : 0.5471"
"6,20 : 0.7046"
"20,6 : 0.7046"
"6,21 : 0.2789"
"21,6 : 0.2789"
"6,22 : 0.7398"
"22,6 : 0.7398"
"6,23 : 0.6727"
"23,6 : 0.6727"
"6,24 : 0.7931"
"24,6 : 0.7931"
"6,25 : 0.7041"
"25,6 : 0.7041"
"6,26 : 0.0949"
"26,6 : 0.0949"
"6,27 : 0.7217"
"27,6 : 0.7217"
"6,28 : 0.4687"
"28,6 : 0.4687"
"6,29 : 0.5036"
"29,6 : 0.5036"
"6,30 : 0.5492"
"30,6 : 0.5492"
"6,31 : 0.6825"
"31,6 : 0.6825"
"6,32 : 0.9578"
"32,6 : 0.9578"
"6,33 : 0.6166"
"33,6 : 0.6166"
"6,34 : 0.5101"
"34,6 : 0.5101"
"6,35 : 0.03"
"35,6 : 0.03"
"6,36 : 0.3239"
"36,6 : 0.3239"
"6,37 : 0.26"
"37,6 : 0.26"
"6,38 : 0.6463"
"38,6 : 0.6463"
"6,39 : 0.0707"
"39,6 : 0.0707"
"6,40 : 0.7128"
"40,6 : 0.7128"
"6,41 : 0.0566"
"41,6 : 0.0566"
"6,42 : 0.314"
"42,6 : 0.314"
"6,43 : 0.7018"
"43,6 : 0.7018"
"6,44 : 0.5438"
"44,6 : 0.5438"
"6,45 : 0.2193"
"45,6 : 0.2193"
"6,46 : 0.6236"
"46,6 : 0.6236"
"6,47 : 0.2915"
"47,6 : 0.2915"
"6,48 : 0.386"
"48,6 : 0.386"
"6,49 : 0.7684"
"49,6 : 0.7684"
"7,8 : 0.255"
"8,7 : 0.255"
"7,9 : 0.6807"
"9,7 : 0.6807"
"7,10 : 0.8523"
"10,7 : 0.8523"
"7,11 : 0.286"
"11,7 : 0.286"
"7,12 : 0.4211"
"12,7 : 0.4211"
"7,13 : 0.66"
"13,7 : 0.66"
"7,14 : 0.5941"
"14,7 : 0.5941"
"7,15 : 0.1"
"15,7 : 0.1"
"7,16 : 0.2283"
"16,7 : 0.2283"
"7,17 : 0.7521"
"17,7 : 0.7521"
"7,18 : 0.2617"
"18,7 : 0.2617"
"7,19 : 0.572"
"19,7 : 0.572"
"7,20 : 0.1204"
"20,7 : 0.1204"
"7,21 : 0.6084"
"21,7 : 0.6084"
"7,22 : 0.1703"
"22,7 : 0.1703"
"7,23 : 0.086"
"23,7 : 0.086"
"7,24 : 0.1803"
"24,7 : 0.1803"
"7,25 : 0.1476"
"25,7 : 0.1476"
"7,26 : 0.5984"
"26,7 : 0.5984"
"7,27 : 0.9762"
"27,7 : 0.9762"
"7,28 : 0.3397"
"28,7 : 0.3397"
"7,29 : 0.8382"
"29,7 : 0.8382"
"7,30 : 0.7425"
"30,7 : 0.7425"
"7,31 : 0.4295"
"31,7 : 0.4295"
"7,32 : 0.6198"
"32,7 : 0.6198"
"7,33 : 0.0806"
"33,7 : 0.0806"
"7,34 : 0.1118"
"34,7 : 0.1118"
"7,35 : 0.6213"
"35,7 : 0.6213"
"7,36 : 0.7382"
"36,7 : 0.7382"
"7,37 : 0.3956"
"37,7 : 0.3956"
"7,38 : 0.9492"
"38,7 : 0.9492"
"7,39 : 0.69"
"39,7 : 0.69"
"7,40 : 0.3912"
"40,7 : 0.3912"
"7,41 : 0.5808"
"41,7 : 0.5808"
"7,42 : 0.7341"
"42,7 : 0.7341"
"7,43 : 0.5441"
"43,7 : 0.5441"
"7,44 : 0.3225"
"44,7 : 0.3225"
"7,45 : 0.487"
"45,7 : 0.487"
"7,46 : 0.1612"
"46,7 : 0.1612"
"7,47 : 0.3324"
"47,7 : 0.3324"
"7,48 : 0.492"
"48,7 : 0.492"
"7,49 : 0.4301"
"49,7 : 0.4301"
"8,9 : 0.9334"
"9,8 : 0.9334"
"8,10 : 1.0548"
"10,8 : 1.0548"
"8,11 : 0.197"
"11,8 : 0.197"
"8,12 : 0.4305"
"12,8 : 0.4305"
"8,13 : 0.6592"
"13,8 : 0.6592"
"8,14 : 0.8402"
"14,8 : 0.8402"
"8,15 : 0.2915"
"15,8 : 0.2915"
"8,16 : 0.2052"
"16,8 : 0.2052"
"8,17 : 0.9443"
"17,8 : 0.9443"
"8,18 : 0.4177"
"18,8 : 0.4177"
"8,19 : 0.7669"
"19,8 : 0.7669"
"8,20 : 0.2062"
"20,8 : 0.2062"
"8,21 : 0.7142"
"21,8 : 0.7142"
"8,22 : 0.2"
"22,8 : 0.2"
"8,23 : 0.2059"
"23,8 : 0.2059"
"8,24 : 0.3801"
"24,8 : 0.3801"
"8,25 : 0.3985"
"25,8 : 0.3985"
"8,26 : 0.5604"
"26,8 : 0.5604"
"8,27 : 1.1428"
"27,8 : 1.1428"
"8,28 : 0.5314"
"28,8 : 0.5314"
"8,29 : 0.9719"
"29,8 : 0.9719"
"8,30 : 0.9107"
"30,8 : 0.9107"
"8,31 : 0.6712"
"31,8 : 0.6712"
"8,32 : 0.8748"
"32,8 : 0.8748"
"8,33 : 0.3324"
"33,8 : 0.3324"
"8,34 : 0.2377"
"34,8 : 0.2377"
"8,35 : 0.6075"
"35,8 : 0.6075"
"8,36 : 0.8355"
"36,8 : 0.8355"
"8,37 : 0.3585"
"37,8 : 0.3585"
"8,38 : 1.1"
"38,8 : 1.1"
"8,39 : 0.6871"
"39,8 : 0.6871"
"8,40 : 0.6403"
"40,8 : 0.6403"
"8,41 : 0.5994"
"41,8 : 0.5994"
"8,42 : 0.8288"
"42,8 : 0.8288"
"8,43 : 0.7778"
"43,8 : 0.7778"
"8,44 : 0.5413"
"44,8 : 0.5413"
"8,45 : 0.4198"
"45,8 : 0.4198"
"8,46 : 0.4111"
"46,8 : 0.4111"
"8,47 : 0.35"
"47,8 : 0.35"
"8,48 : 0.6466"
"48,8 : 0.6466"
"8,49 : 0.6826"
"49,8 : 0.6826"
"9,10 : 0.4727"
"10,9 : 0.4727"
"9,11 : 0.8889"
"11,9 : 0.8889"
"9,12 : 0.8406"
"12,9 : 0.8406"
"9,13 : 0.9688"
"13,9 : 0.9688"
"9,14 : 0.1345"
"14,9 : 0.1345"
"9,15 : 0.6836"
"15,9 : 0.6836"
"9,16 : 0.8228"
"16,9 : 0.8228"
"9,17 : 0.4752"
"17,9 : 0.4752"
"9,18 : 0.6895"
"18,9 : 0.6895"
"9,19 : 0.4305"
"19,9 : 0.4305"
"9,20 : 0.7716"
"20,9 : 0.7716"
"9,21 : 0.7161"
"21,9 : 0.7161"
"9,22 : 0.8139"
"22,9 : 0.8139"
"9,23 : 0.7503"
"23,9 : 0.7503"
"9,24 : 0.6356"
"24,9 : 0.6356"
"9,25 : 0.5515"
"25,9 : 0.5515"
"9,26 : 0.9964"
"26,9 : 0.9964"
"9,27 : 0.7006"
"27,9 : 0.7006"
"9,28 : 0.5025"
"28,9 : 0.5025"
"9,29 : 0.735"
"29,9 : 0.735"
"9,30 : 0.5701"
"30,9 : 0.5701"
"9,31 : 0.2864"
"31,9 : 0.2864"
"9,32 : 0.1063"
"32,9 : 0.1063"
"9,33 : 0.6013"
"33,9 : 0.6013"
"9,34 : 0.7139"
"34,9 : 0.7139"
"9,35 : 0.97"
"35,9 : 0.97"
"9,36 : 0.7918"
"36,9 : 0.7918"
"9,37 : 0.8901"
"37,9 : 0.8901"
"9,38 : 0.7417"
"38,9 : 0.7417"
"9,39 : 0.9904"
"39,9 : 0.9904"
"9,40 : 0.2961"
"40,9 : 0.2961"
"9,41 : 0.8914"
"41,9 : 0.8914"
"9,42 : 0.7965"
"42,9 : 0.7965"
"9,43 : 0.2484"
"43,9 : 0.2484"
"9,44 : 0.4428"
"44,9 : 0.4428"
"9,45 : 0.9725"
"45,9 : 0.9725"
"9,46 : 0.5224"
"46,9 : 0.5224"
"9,47 : 0.805"
"47,9 : 0.805"
"9,48 : 0.5664"
"48,9 : 0.5664"
"9,49 : 0.2508"
"49,9 : 0.2508"
"10,11 : 0.9242"
"11,10 : 0.9242"
"10,12 : 0.7603"
"12,10 : 0.7603"
"10,13 : 0.7624"
"13,10 : 0.7624"
"10,14 : 0.3956"
"14,10 : 0.3956"
"10,15 : 0.908"
"15,10 : 0.908"
"10,16 : 0.8736"
"16,10 : 0.8736"
"10,17 : 0.12"
"17,10 : 0.12"
"10,18 : 0.9899"
"18,10 : 0.9899"
"10,19 : 0.2879"
"19,10 : 0.2879"
"10,20 : 0.971"
"20,10 : 0.971"
"10,21 : 0.4827"
"21,10 : 0.4827"
"10,22 : 1.0208"
"22,10 : 1.0208"
"10,23 : 0.9381"
"23,10 : 0.9381"
"10,24 : 0.9061"
"24,10 : 0.9061"
"10,25 : 0.7875"
"25,10 : 0.7875"
"10,26 : 0.8434"
"26,10 : 0.8434"
"10,27 : 0.2309"
"27,10 : 0.2309"
"10,28 : 0.5239"
"28,10 : 0.5239"
"10,29 : 0.3394"
"29,10 : 0.3394"
"10,30 : 0.2154"
"30,10 : 0.2154"
"10,31 : 0.4675"
"31,10 : 0.4675"
"10,32 : 0.5629"
"32,10 : 0.5629"
"10,33 : 0.7794"
"33,10 : 0.7794"
"10,34 : 0.8194"
"34,10 : 0.8194"
"10,35 : 0.7908"
"35,10 : 0.7908"
"10,36 : 0.4789"
"36,10 : 0.4789"
"10,37 : 0.8421"
"37,10 : 0.8421"
"10,38 : 0.2879"
"38,10 : 0.2879"
"10,39 : 0.7716"
"39,10 : 0.7716"
"10,40 : 0.5326"
"40,10 : 0.5326"
"10,41 : 0.7139"
"41,10 : 0.7139"
"10,42 : 0.4876"
"42,10 : 0.4876"
"10,43 : 0.35"
"43,10 : 0.35"
"10,44 : 0.53"
"44,10 : 0.53"
"10,45 : 0.8902"
"45,10 : 0.8902"
"10,46 : 0.708"
"46,10 : 0.708"
"10,47 : 0.7778"
"47,10 : 0.7778"
"10,48 : 0.4329"
"48,10 : 0.4329"
"10,49 : 0.5408"
"49,10 : 0.5408"
"11,12 : 0.236"
"12,11 : 0.236"
"11,13 : 0.4624"
"13,11 : 0.4624"
"11,14 : 0.7767"
"14,11 : 0.7767"
"11,15 : 0.3712"
"15,11 : 0.3712"
"11,16 : 0.0671"
"16,11 : 0.0671"
"11,17 : 0.8078"
"17,11 : 0.8078"
"11,18 : 0.5292"
"18,11 : 0.5292"
"11,19 : 0.6395"
"19,11 : 0.6395"
"11,20 : 0.3202"
"20,11 : 0.3202"
"11,21 : 0.536"
"21,11 : 0.536"
"11,22 : 0.3423"
"22,11 : 0.3423"
"11,23 : 0.2973"
"23,11 : 0.2973"
"11,24 : 0.4614"
"24,11 : 0.4614"
"11,25 : 0.4243"
"25,11 : 0.4243"
"11,26 : 0.3667"
"26,11 : 0.3667"
"11,27 : 0.9839"
"27,11 : 0.9839"
"11,28 : 0.42"
"28,11 : 0.42"
"11,29 : 0.7988"
"29,11 : 0.7988"
"11,30 : 0.7577"
"30,11 : 0.7577"
"11,31 : 0.6064"
"31,11 : 0.6064"
"11,32 : 0.8509"
"32,11 : 0.8509"
"11,33 : 0.333"
"33,11 : 0.333"
"11,34 : 0.1921"
"34,11 : 0.1921"
"11,35 : 0.4111"
"35,11 : 0.4111"
"11,36 : 0.6512"
"36,11 : 0.6512"
"11,37 : 0.1616"
"37,11 : 0.1616"
"11,38 : 0.933"
"38,11 : 0.933"
"11,39 : 0.4904"
"39,11 : 0.4904"
"11,40 : 0.5946"
"40,11 : 0.5946"
"11,41 : 0.4031"
"41,11 : 0.4031"
"11,42 : 0.6438"
"42,11 : 0.6438"
"11,43 : 0.6935"
"43,11 : 0.6935"
"11,44 : 0.4554"
"44,11 : 0.4554"
"11,45 : 0.2302"
"45,11 : 0.2302"
"11,46 : 0.3912"
"46,11 : 0.3912"
"11,47 : 0.164"
"47,11 : 0.164"
"11,48 : 0.4965"
"48,11 : 0.4965"
"11,49 : 0.6462"
"49,11 : 0.6462"
"12,13 : 0.2419"
"13,12 : 0.2419"
"12,14 : 0.712"
"14,12 : 0.712"
"12,15 : 0.5209"
"15,12 : 0.5209"
"12,16 : 0.2341"
"16,12 : 0.2341"
"12,17 : 0.6403"
"17,12 : 0.6403"
"12,18 : 0.6826"
"18,12 : 0.6826"
"12,19 : 0.4965"
"19,12 : 0.4965"
"12,20 : 0.5036"
"20,12 : 0.5036"
"12,21 : 0.3178"
"21,12 : 0.3178"
"12,22 : 0.5394"
"22,12 : 0.5394"
"12,23 : 0.4717"
"23,12 : 0.4717"
"12,24 : 0.5968"
"24,12 : 0.5968"
"12,25 : 0.5155"
"25,12 : 0.5155"
"12,26 : 0.1838"
"26,12 : 0.1838"
"12,27 : 0.7811"
"27,12 : 0.7811"
"12,28 : 0.3384"
"28,12 : 0.3384"
"12,29 : 0.5814"
"29,12 : 0.5814"
"12,30 : 0.5689"
"30,12 : 0.5689"
"12,31 : 0.558"
"31,12 : 0.558"
"12,32 : 0.831"
"32,12 : 0.831"
"12,33 : 0.4245"
"33,12 : 0.4245"
"12,34 : 0.3102"
"34,12 : 0.3102"
"12,35 : 0.2002"
"35,12 : 0.2002"
"12,36 : 0.422"
"36,12 : 0.422"
"12,37 : 0.0894"
"37,12 : 0.0894"
"12,38 : 0.7209"
"38,12 : 0.7209"
"12,39 : 0.2717"
"39,12 : 0.2717"
"12,40 : 0.5731"
"40,12 : 0.5731"
"12,41 : 0.1709"
"41,12 : 0.1709"
"12,42 : 0.414"
"42,12 : 0.414"
"12,43 : 0.6084"
"43,12 : 0.6084"
"12,44 : 0.4046"
"44,12 : 0.4046"
"12,45 : 0.136"
"45,12 : 0.136"
"12,46 : 0.4428"
"46,12 : 0.4428"
"12,47 : 0.0906"
"47,12 : 0.0906"
"12,48 : 0.3314"
"48,12 : 0.3314"
"12,49 : 0.6297"
"49,12 : 0.6297"
"13,14 : 0.8344"
"14,13 : 0.8344"
"13,15 : 0.76"
"15,13 : 0.76"
"13,16 : 0.473"
"16,13 : 0.473"
"13,17 : 0.6485"
"17,13 : 0.6485"
"13,18 : 0.9205"
"18,13 : 0.9205"
"13,19 : 0.5604"
"19,13 : 0.5604"
"13,20 : 0.7455"
"20,13 : 0.7455"
"13,21 : 0.2823"
"21,13 : 0.2823"
"13,22 : 0.7809"
"22,13 : 0.7809"
"13,23 : 0.7134"
"23,13 : 0.7134"
"13,24 : 0.8322"
"24,13 : 0.8322"
"13,25 : 0.7415"
"25,13 : 0.7415"
"13,26 : 0.1221"
"26,13 : 0.1221"
"13,27 : 0.7101"
"27,13 : 0.7101"
"13,28 : 0.4974"
"28,13 : 0.4974"
"13,29 : 0.4904"
"29,13 : 0.4904"
"13,30 : 0.5482"
"30,13 : 0.5482"
"13,31 : 0.708"
"31,13 : 0.708"
"13,32 : 0.9823"
"32,13 : 0.9823"
"13,33 : 0.6549"
"33,13 : 0.6549"
"13,34 : 0.5504"
"34,13 : 0.5504"
"13,35 : 0.0566"
"35,13 : 0.0566"
"13,36 : 0.3102"
"36,13 : 0.3102"
"13,37 : 0.3008"
"37,13 : 0.3008"
"13,38 : 0.632"
"38,13 : 0.632"
"13,39 : 0.03"
"39,13 : 0.03"
"13,40 : 0.7409"
"40,13 : 0.7409"
"13,41 : 0.0854"
"41,13 : 0.0854"
"13,42 : 0.3002"
"42,13 : 0.3002"
"13,43 : 0.7214"
"43,13 : 0.7214"
"13,44 : 0.5731"
"44,13 : 0.5731"
"13,45 : 0.2561"
"45,13 : 0.2561"
"13,46 : 0.6597"
"46,13 : 0.6597"
"13,47 : 0.3324"
"47,13 : 0.3324"
"13,48 : 0.4036"
"48,13 : 0.4036"
"13,49 : 0.7961"
"49,13 : 0.7961"
"14,15 : 0.614"
"15,14 : 0.614"
"14,16 : 0.712"
"16,14 : 0.712"
"14,17 : 0.3705"
"17,14 : 0.3705"
"14,18 : 0.65"
"18,14 : 0.65"
"14,19 : 0.2997"
"19,14 : 0.2997"
"14,20 : 0.6963"
"20,14 : 0.6963"
"14,21 : 0.5825"
"21,14 : 0.5825"
"14,22 : 0.7422"
"22,14 : 0.7422"
"14,23 : 0.6708"
"23,14 : 0.6708"
"14,24 : 0.5818"
"24,14 : 0.5818"
"14,25 : 0.4808"
"25,14 : 0.4808"
"14,26 : 0.864"
"26,14 : 0.864"
"14,27 : 0.6119"
"27,14 : 0.6119"
"14,28 : 0.3758"
"28,14 : 0.3758"
"14,29 : 0.6181"
"29,14 : 0.6181"
"14,30 : 0.454"
"30,14 : 0.454"
"14,31 : 0.1712"
"31,14 : 0.1712"
"14,32 : 0.1811"
"32,14 : 0.1811"
"14,33 : 0.5135"
"33,14 : 0.5135"
"14,34 : 0.6113"
"34,14 : 0.6113"
"14,35 : 0.8363"
"35,14 : 0.8363"
"14,36 : 0.6621"
"36,14 : 0.6621"
"14,37 : 0.7656"
"37,14 : 0.7656"
"14,38 : 0.6412"
"38,14 : 0.6412"
"14,39 : 0.8559"
"39,14 : 0.8559"
"14,40 : 0.204"
"40,14 : 0.204"
"14,41 : 0.7574"
"41,14 : 0.7574"
"14,42 : 0.6664"
"42,14 : 0.6664"
"14,43 : 0.114"
"43,14 : 0.114"
"14,44 : 0.3228"
"44,14 : 0.3228"
"14,45 : 0.8453"
"45,14 : 0.8453"
"14,46 : 0.4329"
"46,14 : 0.4329"
"14,47 : 0.6815"
"47,14 : 0.6815"
"14,48 : 0.4319"
"48,14 : 0.4319"
"14,49 : 0.1789"
"49,14 : 0.1789"
"15,16 : 0.3195"
"16,15 : 0.3195"
"15,17 : 0.8147"
"17,15 : 0.8147"
"15,18 : 0.1628"
"18,15 : 0.1628"
"15,19 : 0.6366"
"19,15 : 0.6366"
"15,20 : 0.0922"
"20,15 : 0.0922"
"15,21 : 0.7001"
"21,15 : 0.7001"
"15,22 : 0.1304"
"22,15 : 0.1304"
"15,23 : 0.086"
"23,15 : 0.086"
"15,24 : 0.0922"
"24,15 : 0.0922"
"15,25 : 0.1334"
"25,15 : 0.1334"
"15,26 : 0.6972"
"26,15 : 0.6972"
"15,27 : 1.0474"
"27,15 : 1.0474"
"15,28 : 0.414"
"28,15 : 0.414"
"15,29 : 0.9211"
"29,15 : 0.9211"
"15,30 : 0.8157"
"30,15 : 0.8157"
"15,31 : 0.461"
"31,15 : 0.461"
"15,32 : 0.6101"
"32,15 : 0.6101"
"15,33 : 0.136"
"33,15 : 0.136"
"15,34 : 0.211"
"34,15 : 0.211"
"15,35 : 0.7211"
"35,15 : 0.7211"
"15,36 : 0.8301"
"36,15 : 0.8301"
"15,37 : 0.4924"
"37,15 : 0.4924"
"15,38 : 1.0262"
"38,15 : 1.0262"
"15,39 : 0.79"
"39,15 : 0.79"
"15,40 : 0.4111"
"40,15 : 0.4111"
"15,41 : 0.6807"
"41,15 : 0.6807"
"15,42 : 0.8264"
"42,15 : 0.8264"
"15,43 : 0.5814"
"43,15 : 0.5814"
"15,44 : 0.3821"
"44,15 : 0.3821"
"15,45 : 0.5824"
"45,15 : 0.5824"
"15,46 : 0.2"
"46,15 : 0.2"
"15,47 : 0.4319"
"47,15 : 0.4319"
"15,48 : 0.5745"
"48,15 : 0.5745"
"15,49 : 0.4393"
"49,15 : 0.4393"
"16,17 : 0.7589"
"17,16 : 0.7589"
"16,18 : 0.4808"
"18,16 : 0.4808"
"16,19 : 0.5869"
"19,16 : 0.5869"
"16,20 : 0.2807"
"20,16 : 0.2807"
"16,21 : 0.5093"
"21,16 : 0.5093"
"16,22 : 0.3106"
"22,16 : 0.3106"
"16,23 : 0.2532"
"23,16 : 0.2532"
"16,24 : 0.4072"
"24,16 : 0.4072"
"16,25 : 0.3612"
"25,16 : 0.3612"
"16,26 : 0.3901"
"26,16 : 0.3901"
"16,27 : 0.9451"
"27,16 : 0.9451"
"16,28 : 0.3612"
"28,16 : 0.3612"
"16,29 : 0.7684"
"29,16 : 0.7684"
"16,30 : 0.7155"
"30,16 : 0.7155"
"16,31 : 0.5413"
"31,16 : 0.5413"
"16,32 : 0.7839"
"32,16 : 0.7839"
"16,33 : 0.2687"
"33,16 : 0.2687"
"16,34 : 0.1273"
"34,16 : 0.1273"
"16,35 : 0.4258"
"35,16 : 0.4258"
"16,36 : 0.6303"
"36,16 : 0.6303"
"16,37 : 0.18"
"37,16 : 0.18"
"16,38 : 0.8987"
"38,16 : 0.8987"
"16,39 : 0.5022"
"39,16 : 0.5022"
"16,40 : 0.5281"
"40,16 : 0.5281"
"16,41 : 0.405"
"41,16 : 0.405"
"16,42 : 0.6237"
"42,16 : 0.6237"
"16,43 : 0.6313"
"43,16 : 0.6313"
"16,44 : 0.392"
"44,16 : 0.392"
"16,45 : 0.2648"
"45,16 : 0.2648"
"16,46 : 0.3245"
"46,16 : 0.3245"
"16,47 : 0.1476"
"47,16 : 0.1476"
"16,48 : 0.4519"
"48,16 : 0.4519"
"16,49 : 0.5794"
"49,16 : 0.5794"
"17,18 : 0.9091"
"18,17 : 0.9091"
"17,19 : 0.1803"
"19,17 : 0.1803"
"17,20 : 0.872"
"20,17 : 0.872"
"17,21 : 0.3669"
"21,17 : 0.3669"
"17,22 : 0.922"
"22,17 : 0.922"
"17,23 : 0.8382"
"23,17 : 0.8382"
"17,24 : 0.8213"
"24,17 : 0.8213"
"17,25 : 0.7004"
"25,17 : 0.7004"
"17,26 : 0.7257"
"26,17 : 0.7257"
"17,27 : 0.2508"
"27,17 : 0.2508"
"17,28 : 0.4168"
"28,17 : 0.4168"
"17,29 : 0.2683"
"29,17 : 0.2683"
"17,30 : 0.1131"
"30,17 : 0.1131"
"17,31 : 0.3982"
"31,17 : 0.3982"
"17,32 : 0.55"
"32,17 : 0.55"
"17,33 : 0.6825"
"33,17 : 0.6825"
"17,34 : 0.7112"
"34,17 : 0.7112"
"17,35 : 0.6745"
"35,17 : 0.6745"
"17,36 : 0.378"
"36,17 : 0.378"
"17,37 : 0.7225"
"37,17 : 0.7225"
"17,38 : 0.2707"
"38,17 : 0.2707"
"17,39 : 0.6592"
"39,17 : 0.6592"
"17,40 : 0.4653"
"40,17 : 0.4653"
"17,41 : 0.5967"
"41,17 : 0.5967"
"17,42 : 0.386"
"42,17 : 0.386"
"17,43 : 0.2941"
"43,17 : 0.2941"
"17,44 : 0.4328"
"44,17 : 0.4328"
"17,45 : 0.7703"
"45,17 : 0.7703"
"17,46 : 0.6155"
"46,17 : 0.6155"
"17,47 : 0.6592"
"47,17 : 0.6592"
"17,48 : 0.314"
"48,17 : 0.314"
"17,49 : 0.4847"
"49,17 : 0.4847"
"18,19 : 0.7382"
"19,18 : 0.7382"
"18,20 : 0.2163"
"20,18 : 0.2163"
"18,21 : 0.842"
"21,18 : 0.842"
"18,22 : 0.2193"
"22,18 : 0.2193"
"18,23 : 0.2326"
"23,18 : 0.2326"
"18,24 : 0.0949"
"24,18 : 0.0949"
"18,25 : 0.2147"
"25,18 : 0.2147"
"18,26 : 0.8599"
"26,18 : 0.8599"
"18,27 : 1.1521"
"27,18 : 1.1521"
"18,28 : 0.5371"
"28,18 : 0.5371"
"18,29 : 1.0465"
"29,18 : 1.0465"
"18,30 : 0.9265"
"30,18 : 0.9265"
"18,31 : 0.524"
"31,18 : 0.524"
"18,32 : 0.5991"
"32,18 : 0.5991"
"18,33 : 0.2746"
"33,18 : 0.2746"
"18,34 : 0.3734"
"34,18 : 0.3734"
"18,35 : 0.8828"
"35,18 : 0.8828"
"18,36 : 0.9712"
"36,18 : 0.9712"
"18,37 : 0.6551"
"37,18 : 0.6551"
"18,38 : 1.1406"
"38,18 : 1.1406"
"18,39 : 0.9505"
"39,18 : 0.9505"
"18,40 : 0.4623"
"40,18 : 0.4623"
"18,41 : 0.84"
"41,18 : 0.84"
"18,42 : 0.9684"
"42,18 : 0.9684"
"18,43 : 0.6454"
"43,18 : 0.6454"
"18,44 : 0.4888"
"44,18 : 0.4888"
"18,45 : 0.7446"
"45,18 : 0.7446"
"18,46 : 0.3087"
"46,18 : 0.3087"
"18,47 : 0.5941"
"47,18 : 0.5941"
"18,48 : 0.7038"
"48,18 : 0.7038"
"18,49 : 0.4717"
"49,18 : 0.4717"
"19,20 : 0.692"
"20,19 : 0.692"
"19,21 : 0.29"
"21,19 : 0.29"
"19,22 : 0.742"
"22,19 : 0.742"
"19,23 : 0.658"
"23,19 : 0.658"
"19,24 : 0.6482"
"24,19 : 0.6482"
"19,25 : 0.5263"
"25,19 : 0.5263"
"19,26 : 0.6133"
"26,19 : 0.6133"
"19,27 : 0.414"
"27,19 : 0.414"
"19,28 : 0.2371"
"28,19 : 0.2371"
"19,29 : 0.3413"
"29,19 : 0.3413"
"19,30 : 0.1931"
"30,19 : 0.1931"
"19,31 : 0.2532"
"31,19 : 0.2532"
"19,32 : 0.4743"
"32,19 : 0.4743"
"19,33 : 0.5033"
"33,19 : 0.5033"
"19,34 : 0.5323"
"34,19 : 0.5323"
"19,35 : 0.5731"
"35,19 : 0.5731"
"19,36 : 0.3625"
"36,19 : 0.3625"
"19,37 : 0.5714"
"37,19 : 0.5714"
"19,38 : 0.4072"
"38,19 : 0.4072"
"19,39 : 0.578"
"39,19 : 0.578"
"19,40 : 0.3178"
"40,19 : 0.3178"
"19,41 : 0.4924"
"41,19 : 0.4924"
"19,42 : 0.3667"
"42,19 : 0.3667"
"19,43 : 0.1897"
"43,19 : 0.1897"
"19,44 : 0.2546"
"44,19 : 0.2546"
"19,45 : 0.6315"
"45,19 : 0.6315"
"19,46 : 0.4386"
"46,19 : 0.4386"
"19,47 : 0.5001"
"47,19 : 0.5001"
"19,48 : 0.1676"
"48,19 : 0.1676"
"19,49 : 0.3513"
"49,19 : 0.3513"
"20,21 : 0.7207"
"21,20 : 0.7207"
"20,22 : 0.05"
"22,20 : 0.05"
"20,23 : 0.0361"
"23,20 : 0.0361"
"20,24 : 0.1749"
"24,20 : 0.1749"
"20,25 : 0.2202"
"25,20 : 0.2202"
"20,26 : 0.6701"
"26,20 : 0.6701"
"20,27 : 1.0966"
"27,20 : 1.0966"
"20,28 : 0.4601"
"28,20 : 0.4601"
"20,29 : 0.956"
"29,20 : 0.956"
"20,30 : 0.8628"
"30,20 : 0.8628"
"20,31 : 0.5376"
"31,20 : 0.5376"
"20,32 : 0.7006"
"32,20 : 0.7006"
"20,33 : 0.1924"
"33,20 : 0.1924"
"20,34 : 0.2025"
"34,20 : 0.2025"
"20,35 : 0.7018"
"35,20 : 0.7018"
"20,36 : 0.85"
"36,20 : 0.85"
"20,37 : 0.4604"
"37,20 : 0.4604"
"20,38 : 1.0689"
"38,20 : 1.0689"
"20,39 : 0.7752"
"39,20 : 0.7752"
"20,40 : 0.4924"
"40,20 : 0.4924"
"20,41 : 0.6708"
"41,20 : 0.6708"
"20,42 : 0.8453"
"42,20 : 0.8453"
"20,43 : 0.6555"
"43,20 : 0.6555"
"20,44 : 0.441"
"44,20 : 0.441"
"20,45 : 0.5445"
"45,20 : 0.5445"
"20,46 : 0.2693"
"46,20 : 0.2693"
"20,47 : 0.413"
"47,20 : 0.413"
"20,48 : 0.6107"
"48,20 : 0.6107"
"20,49 : 0.5247"
"49,20 : 0.5247"
"21,22 : 0.7666"
"22,21 : 0.7666"
"21,23 : 0.6848"
"23,21 : 0.6848"
"21,24 : 0.7473"
"24,21 : 0.7473"
"21,25 : 0.6335"
"25,21 : 0.6335"
"21,26 : 0.3622"
"26,21 : 0.3622"
"21,27 : 0.4657"
"27,21 : 0.4657"
"21,28 : 0.3202"
"28,21 : 0.3202"
"21,29 : 0.2642"
"29,21 : 0.2642"
"21,30 : 0.2717"
"30,21 : 0.2717"
"21,31 : 0.487"
"31,21 : 0.487"
"21,32 : 0.7471"
"32,21 : 0.7471"
"21,33 : 0.5692"
"33,21 : 0.5692"
"21,34 : 0.5215"
"34,21 : 0.5215"
"21,35 : 0.3081"
"35,21 : 0.3081"
"21,36 : 0.13"
"36,21 : 0.13"
"21,37 : 0.4072"
"37,21 : 0.4072"
"21,38 : 0.4031"
"38,21 : 0.4031"
"21,39 : 0.2953"
"39,21 : 0.2953"
"21,40 : 0.536"
"40,21 : 0.536"
"21,41 : 0.2319"
"41,21 : 0.2319"
"21,42 : 0.1265"
"42,21 : 0.1265"
"21,43 : 0.4687"
"43,21 : 0.4687"
"21,44 : 0.3905"
"44,21 : 0.3905"
"21,45 : 0.4295"
"45,21 : 0.4295"
"21,46 : 0.5394"
"46,21 : 0.5394"
"21,47 : 0.372"
"47,21 : 0.372"
"21,48 : 0.1649"
"48,21 : 0.1649"
"21,49 : 0.5852"
"49,21 : 0.5852"
"22,23 : 0.0849"
"23,22 : 0.0849"
"22,24 : 0.1992"
"24,22 : 0.1992"
"22,25 : 0.2631"
"25,22 : 0.2631"
"22,26 : 0.7006"
"26,22 : 0.7006"
"22,27 : 1.1463"
"27,22 : 1.1463"
"22,28 : 0.5099"
"28,22 : 0.5099"
"22,29 : 1.0042"
"29,22 : 1.0042"
"22,30 : 0.9124"
"30,22 : 0.9124"
"22,31 : 0.5852"
"31,22 : 0.5852"
"22,32 : 0.74"
"32,22 : 0.74"
"22,33 : 0.2419"
"33,22 : 0.2419"
"22,34 : 0.246"
"34,22 : 0.246"
"22,35 : 0.7355"
"35,22 : 0.7355"
"22,36 : 0.8955"
"36,22 : 0.8955"
"22,37 : 0.4904"
"37,22 : 0.4904"
"22,38 : 1.118"
"38,22 : 1.118"
"22,39 : 0.8105"
"39,22 : 0.8105"
"22,40 : 0.5385"
"40,22 : 0.5385"
"22,41 : 0.7083"
"41,22 : 0.7083"
"22,42 : 0.8907"
"42,22 : 0.8907"
"22,43 : 0.7038"
"43,22 : 0.7038"
"22,44 : 0.4909"
"44,22 : 0.4909"
"22,45 : 0.5708"
"45,22 : 0.5708"
"22,46 : 0.3178"
"46,22 : 0.3178"
"22,47 : 0.4491"
"47,22 : 0.4491"
"22,48 : 0.6595"
"48,22 : 0.6595"
"22,49 : 0.5689"
"49,22 : 0.5689"
"23,24 : 0.1769"
"24,23 : 0.1769"
"23,25 : 0.201"
"25,23 : 0.201"
"23,26 : 0.6407"
"26,23 : 0.6407"
"23,27 : 1.0615"
"27,23 : 1.0615"
"23,28 : 0.4252"
"28,23 : 0.4252"
"23,29 : 0.9201"
"29,23 : 0.9201"
"23,30 : 0.8276"
"30,23 : 0.8276"
"23,31 : 0.5096"
"31,23 : 0.5096"
"23,32 : 0.6826"
"32,23 : 0.6826"
"23,33 : 0.1616"
"33,23 : 0.1616"
"23,34 : 0.1676"
"34,23 : 0.1676"
"23,35 : 0.6707"
"35,23 : 0.6707"
"23,36 : 0.8141"
"36,23 : 0.8141"
"23,37 : 0.4319"
"37,23 : 0.4319"
"23,38 : 1.0332"
"38,23 : 1.0332"
"23,39 : 0.7433"
"39,23 : 0.7433"
"23,40 : 0.4669"
"40,23 : 0.4669"
"23,41 : 0.6379"
"41,23 : 0.6379"
"23,42 : 0.8095"
"42,23 : 0.8095"
"23,43 : 0.6263"
"43,23 : 0.6263"
"23,44 : 0.4082"
"44,23 : 0.4082"
"23,45 : 0.5179"
"45,23 : 0.5179"
"23,46 : 0.2404"
"46,23 : 0.2404"
"23,47 : 0.3812"
"47,23 : 0.3812"
"23,48 : 0.5749"
"48,23 : 0.5749"
"23,49 : 0.5016"
"49,23 : 0.5016"
"24,25 : 0.1221"
"25,24 : 0.1221"
"24,26 : 0.7767"
"26,24 : 0.7767"
"24,27 : 1.0621"
"27,24 : 1.0621"
"24,28 : 0.4428"
"28,24 : 0.4428"
"24,29 : 0.9526"
"29,24 : 0.9526"
"24,30 : 0.8349"
"30,24 : 0.8349"
"24,31 : 0.4441"
"31,24 : 0.4441"
"24,32 : 0.5533"
"32,24 : 0.5533"
"24,33 : 0.1811"
"33,24 : 0.1811"
"24,34 : 0.2912"
"34,24 : 0.2912"
"24,35 : 0.7963"
"35,24 : 0.7963"
"24,36 : 0.8764"
"36,24 : 0.8764"
"24,37 : 0.5757"
"37,24 : 0.5757"
"24,38 : 1.0485"
"38,24 : 1.0485"
"24,39 : 0.8621"
"39,24 : 0.8621"
"24,40 : 0.3859"
"40,24 : 0.3859"
"24,41 : 0.7506"
"41,24 : 0.7506"
"24,42 : 0.8736"
"42,24 : 0.8736"
"24,43 : 0.5661"
"43,24 : 0.5661"
"24,44 : 0.3966"
"44,24 : 0.3966"
"24,45 : 0.6673"
"45,24 : 0.6673"
"24,46 : 0.2147"
"46,24 : 0.2147"
"24,47 : 0.5099"
"47,24 : 0.5099"
"24,48 : 0.6093"
"48,24 : 0.6093"
"24,49 : 0.4031"
"49,24 : 0.4031"
"25,26 : 0.6989"
"26,25 : 0.6989"
"25,27 : 0.9402"
"27,25 : 0.9402"
"25,28 : 0.3231"
"28,25 : 0.3231"
"25,29 : 0.8319"
"29,25 : 0.8319"
"25,30 : 0.7128"
"30,25 : 0.7128"
"25,31 : 0.3312"
"31,25 : 0.3312"
"25,32 : 0.4817"
"32,25 : 0.4817"
"25,33 : 0.0943"
"33,25 : 0.0943"
"25,34 : 0.2343"
"34,25 : 0.2343"
"25,35 : 0.7106"
"35,25 : 0.7106"
"25,36 : 0.7616"
"36,25 : 0.7616"
"25,37 : 0.51"
"37,25 : 0.51"
"25,38 : 0.9265"
"38,25 : 0.9265"
"25,39 : 0.771"
"39,25 : 0.771"
"25,40 : 0.2786"
"40,25 : 0.2786"
"25,41 : 0.6576"
"41,25 : 0.6576"
"25,42 : 0.7593"
"42,25 : 0.7593"
"25,43 : 0.4528"
"43,25 : 0.4528"
"25,44 : 0.2746"
"44,25 : 0.2746"
"25,45 : 0.6042"
"45,25 : 0.6042"
"25,46 : 0.0949"
"46,25 : 0.0949"
"25,47 : 0.4346"
"47,25 : 0.4346"
"25,48 : 0.4904"
"48,25 : 0.4904"
"25,49 : 0.3059"
"49,25 : 0.3059"
"26,27 : 0.8139"
"27,26 : 0.8139"
"26,28 : 0.5021"
"28,26 : 0.5021"
"26,29 : 0.5968"
"29,26 : 0.5968"
"26,30 : 0.6339"
"30,26 : 0.6339"
"26,31 : 0.7214"
"31,26 : 0.7214"
"26,32 : 0.997"
"32,26 : 0.997"
"26,33 : 0.6073"
"33,26 : 0.6073"
"26,34 : 0.4866"
"34,26 : 0.4866"
"26,35 : 0.0671"
"35,26 : 0.0671"
"26,36 : 0.4177"
"36,26 : 0.4177"
"26,37 : 0.2102"
"37,26 : 0.2102"
"26,38 : 0.7398"
"38,26 : 0.7398"
"26,39 : 0.1414"
"39,26 : 0.1414"
"26,40 : 0.7441"
"40,26 : 0.7441"
"26,41 : 0.1304"
"41,26 : 0.1304"
"26,42 : 0.4079"
"42,26 : 0.4079"
"26,43 : 0.7545"
"43,26 : 0.7545"
"26,44 : 0.5738"
"44,26 : 0.5738"
"26,45 : 0.1432"
"45,26 : 0.1432"
"26,46 : 0.6265"
"46,26 : 0.6265"
"26,47 : 0.2668"
"47,26 : 0.2668"
"26,48 : 0.4472"
"48,26 : 0.4472"
"26,49 : 0.8006"
"49,26 : 0.8006"
"27,28 : 0.6366"
"28,27 : 0.6366"
"27,29 : 0.2202"
"29,27 : 0.2202"
"27,30 : 0.2343"
"30,27 : 0.2343"
"27,31 : 0.6485"
"31,27 : 0.6485"
"27,32 : 0.7864"
"32,27 : 0.7864"
"27,33 : 0.9124"
"33,27 : 0.9124"
"27,34 : 0.9201"
"34,27 : 0.9201"
"27,35 : 0.7517"
"35,27 : 0.7517"
"27,36 : 0.4"
"36,27 : 0.4"
"27,37 : 0.8698"
"37,27 : 0.8698"
"27,38 : 0.0894"
"38,27 : 0.0894"
"27,39 : 0.7103"
"39,27 : 0.7103"
"27,40 : 0.7155"
"40,27 : 0.7155"
"27,41 : 0.6859"
"41,27 : 0.6859"
"27,42 : 0.41"
"42,27 : 0.41"
"27,43 : 0.5442"
"43,27 : 0.5442"
"27,44 : 0.6671"
"44,27 : 0.6671"
"27,45 : 0.895"
"45,27 : 0.895"
"27,46 : 0.8515"
"46,27 : 0.8515"
"27,47 : 0.8235"
"47,27 : 0.8235"
"27,48 : 0.4965"
"48,27 : 0.4965"
"27,49 : 0.7354"
"49,27 : 0.7354"
"28,29 : 0.51"
"29,28 : 0.51"
"28,30 : 0.4031"
"30,28 : 0.4031"
"28,31 : 0.2202"
"31,28 : 0.2202"
"28,32 : 0.4952"
"32,28 : 0.4952"
"28,33 : 0.278"
"33,28 : 0.278"
"28,34 : 0.2955"
"34,28 : 0.2955"
"28,35 : 0.486"
"35,28 : 0.486"
"28,36 : 0.4441"
"36,28 : 0.4441"
"28,37 : 0.39"
"37,28 : 0.39"
"28,38 : 0.6122"
"38,28 : 0.6122"
"28,39 : 0.5235"
"39,28 : 0.5235"
"28,40 : 0.2441"
"40,28 : 0.2441"
"28,41 : 0.4134"
"41,28 : 0.4134"
"28,42 : 0.4428"
"42,28 : 0.4428"
"28,43 : 0.2789"
"43,28 : 0.2789"
"28,44 : 0.0762"
"44,28 : 0.0762"
"28,45 : 0.4701"
"45,28 : 0.4701"
"28,46 : 0.2285"
"46,28 : 0.2285"
"28,47 : 0.3068"
"47,28 : 0.3068"
"28,48 : 0.1676"
"48,28 : 0.1676"
"28,49 : 0.3"
"49,28 : 0.3"
"29,30 : 0.1649"
"30,29 : 0.1649"
"29,31 : 0.5941"
"31,29 : 0.5941"
"29,32 : 0.7991"
"32,29 : 0.7991"
"29,33 : 0.7855"
"33,29 : 0.7855"
"29,34 : 0.7649"
"34,29 : 0.7649"
"29,35 : 0.5334"
"35,29 : 0.5334"
"29,36 : 0.1803"
"36,29 : 0.1803"
"29,37 : 0.6708"
"37,29 : 0.6708"
"29,38 : 0.1432"
"38,29 : 0.1432"
"29,39 : 0.4901"
"39,29 : 0.4901"
"29,40 : 0.6576"
"40,29 : 0.6576"
"29,41 : 0.4707"
"41,29 : 0.4707"
"29,42 : 0.1903"
"42,29 : 0.1903"
"29,43 : 0.5209"
"43,29 : 0.5209"
"29,44 : 0.5608"
"44,29 : 0.5608"
"29,45 : 0.6862"
"45,29 : 0.6862"
"29,46 : 0.7379"
"46,29 : 0.7379"
"29,47 : 0.6351"
"47,29 : 0.6351"
"29,48 : 0.3467"
"48,29 : 0.3467"
"29,49 : 0.6926"
"49,29 : 0.6926"
"30,31 : 0.4438"
"31,30 : 0.4438"
"30,32 : 0.6351"
"32,30 : 0.6351"
"30,33 : 0.6801"
"33,30 : 0.6801"
"30,34 : 0.686"
"34,30 : 0.686"
"30,35 : 0.5787"
"35,30 : 0.5787"
"30,36 : 0.2663"
"36,30 : 0.2663"
"30,37 : 0.6551"
"37,30 : 0.6551"
"30,38 : 0.2147"
"38,30 : 0.2147"
"30,39 : 0.5566"
"39,30 : 0.5566"
"30,40 : 0.5096"
"40,30 : 0.5096"
"30,41 : 0.5036"
"41,30 : 0.5036"
"30,42 : 0.2746"
"42,30 : 0.2746"
"30,43 : 0.3601"
"43,30 : 0.3601"
"30,44 : 0.4383"
"44,30 : 0.4383"
"30,45 : 0.6926"
"45,30 : 0.6926"
"30,46 : 0.622"
"46,30 : 0.622"
"30,47 : 0.6008"
"47,30 : 0.6008"
"30,48 : 0.2642"
"48,30 : 0.2642"
"30,49 : 0.5394"
"49,30 : 0.5394"
"31,32 : 0.2759"
"32,31 : 0.2759"
"31,33 : 0.3493"
"33,31 : 0.3493"
"31,34 : 0.4405"
"34,31 : 0.4405"
"31,35 : 0.7018"
"35,31 : 0.7018"
"31,36 : 0.5903"
"36,31 : 0.5903"
"31,37 : 0.6042"
"37,31 : 0.6042"
"31,38 : 0.6546"
"38,31 : 0.6546"
"31,39 : 0.7324"
"39,31 : 0.7324"
"31,40 : 0.0671"
"40,31 : 0.0671"
"31,41 : 0.6263"
"41,31 : 0.6263"
"31,42 : 0.5923"
"42,31 : 0.5923"
"31,43 : 0.1221"
"43,31 : 0.1221"
"31,44 : 0.1565"
"44,31 : 0.1565"
"31,45 : 0.688"
"45,31 : 0.688"
"31,46 : 0.2693"
"46,31 : 0.2693"
"31,47 : 0.5188"
"47,31 : 0.5188"
"31,48 : 0.3231"
"48,31 : 0.3231"
"31,49 : 0.1005"
"49,31 : 0.1005"
"32,33 : 0.5434"
"33,32 : 0.5434"
"32,34 : 0.6673"
"34,32 : 0.6673"
"32,35 : 0.9774"
"35,32 : 0.9774"
"32,36 : 0.8357"
"36,32 : 0.8357"
"32,37 : 0.8709"
"37,32 : 0.8709"
"32,38 : 0.8202"
"38,32 : 0.8202"
"32,39 : 1.006"
"39,32 : 1.006"
"32,40 : 0.2608"
"40,32 : 0.2608"
"32,41 : 0.9014"
"41,32 : 0.9014"
"32,42 : 0.8393"
"42,32 : 0.8393"
"32,43 : 0.2846"
"43,32 : 0.2846"
"32,44 : 0.4264"
"44,32 : 0.4264"
"32,45 : 0.958"
"45,32 : 0.958"
"32,46 : 0.4684"
"46,32 : 0.4684"
"32,47 : 0.7849"
"47,32 : 0.7849"
"32,48 : 0.5883"
"48,32 : 0.5883"
"32,49 : 0.2059"
"49,32 : 0.2059"
"33,34 : 0.1414"
"34,33 : 0.1414"
"33,35 : 0.6217"
"35,33 : 0.6217"
"33,36 : 0.6989"
"36,33 : 0.6989"
"33,37 : 0.4159"
"37,33 : 0.4159"
"33,38 : 0.8902"
"38,33 : 0.8902"
"33,39 : 0.6847"
"39,33 : 0.6847"
"33,40 : 0.3106"
"40,33 : 0.3106"
"33,41 : 0.5722"
"41,33 : 0.5722"
"33,42 : 0.6957"
"42,33 : 0.6957"
"33,43 : 0.4649"
"43,33 : 0.4649"
"33,44 : 0.25"
"44,33 : 0.25"
"33,45 : 0.51"
"45,33 : 0.51"
"33,46 : 0.0806"
"46,33 : 0.0806"
"33,47 : 0.3418"
"47,33 : 0.3418"
"33,48 : 0.4391"
"48,33 : 0.4391"
"33,49 : 0.3506"
"49,33 : 0.3506"
"34,35 : 0.5104"
"35,34 : 0.5104"
"34,36 : 0.65"
"36,34 : 0.65"
"34,37 : 0.2846"
"37,34 : 0.2846"
"34,38 : 0.8846"
"38,34 : 0.8846"
"34,39 : 0.5803"
"39,34 : 0.5803"
"34,40 : 0.4177"
"40,34 : 0.4177"
"34,41 : 0.4727"
"41,34 : 0.4727"
"34,42 : 0.645"
"42,34 : 0.645"
"34,43 : 0.5423"
"43,34 : 0.5423"
"34,44 : 0.3041"
"44,34 : 0.3041"
"34,45 : 0.377"
"45,34 : 0.377"
"34,46 : 0.2012"
"46,34 : 0.2012"
"34,47 : 0.2209"
"47,34 : 0.2209"
"34,48 : 0.4252"
"48,34 : 0.4252"
"34,49 : 0.4657"
"49,34 : 0.4657"
"35,36 : 0.3536"
"36,35 : 0.3536"
"35,37 : 0.25"
"37,35 : 0.25"
"35,38 : 0.676"
"38,35 : 0.676"
"35,39 : 0.0806"
"39,35 : 0.0806"
"35,40 : 0.7301"
"40,35 : 0.7301"
"35,41 : 0.0806"
"41,35 : 0.0806"
"35,42 : 0.3437"
"42,35 : 0.3437"
"35,43 : 0.7247"
"43,35 : 0.7247"
"35,44 : 0.5604"
"44,35 : 0.5604"
"35,45 : 0.2"
"45,35 : 0.2"
"35,46 : 0.6325"
"46,35 : 0.6325"
"35,47 : 0.29"
"47,35 : 0.29"
"35,48 : 0.4105"
"48,35 : 0.4105"
"35,49 : 0.786"
"49,35 : 0.786"
"36,37 : 0.5104"
"37,36 : 0.5104"
"36,38 : 0.3225"
"38,36 : 0.3225"
"36,39 : 0.3106"
"39,36 : 0.3106"
"36,40 : 0.645"
"40,36 : 0.645"
"36,41 : 0.2941"
"41,36 : 0.2941"
"36,42 : 0.01"
"42,36 : 0.01"
"36,43 : 0.5515"
"43,36 : 0.5515"
"36,44 : 0.5109"
"44,36 : 0.5109"
"36,45 : 0.5148"
"45,36 : 0.5148"
"36,46 : 0.6671"
"46,36 : 0.6671"
"36,47 : 0.488"
"47,36 : 0.488"
"36,48 : 0.2802"
"48,36 : 0.2802"
"36,49 : 0.6905"
"49,36 : 0.6905"
"37,38 : 0.8102"
"38,37 : 0.8102"
"37,39 : 0.3289"
"39,37 : 0.3289"
"37,40 : 0.6103"
"40,37 : 0.6103"
"37,41 : 0.2441"
"41,37 : 0.2441"
"37,42 : 0.5022"
"42,37 : 0.5022"
"37,43 : 0.6673"
"43,37 : 0.6673"
"37,44 : 0.4478"
"44,37 : 0.4478"
"37,45 : 0.0943"
"45,37 : 0.0943"
"37,46 : 0.45"
"46,37 : 0.45"
"37,47 : 0.086"
"47,37 : 0.086"
"37,48 : 0.4101"
"48,37 : 0.4101"
"37,49 : 0.6661"
"49,37 : 0.6661"
"38,39 : 0.6303"
"39,38 : 0.6303"
"38,40 : 0.7211"
"40,38 : 0.7211"
"38,41 : 0.6139"
"41,38 : 0.6139"
"38,42 : 0.3324"
"42,38 : 0.3324"
"38,43 : 0.5609"
"43,38 : 0.5609"
"38,44 : 0.6519"
"44,38 : 0.6519"
"38,45 : 0.8286"
"45,38 : 0.8286"
"38,46 : 0.8349"
"46,38 : 0.8349"
"38,47 : 0.7703"
"47,38 : 0.7703"
"38,48 : 0.4597"
"48,38 : 0.4597"
"38,49 : 0.7473"
"49,38 : 0.7473"
"39,40 : 0.7666"
"40,39 : 0.7666"
"39,41 : 0.114"
"41,39 : 0.114"
"39,42 : 0.3007"
"42,39 : 0.3007"
"39,43 : 0.7425"
"43,39 : 0.7425"
"39,44 : 0.5994"
"44,39 : 0.5994"
"39,45 : 0.2802"
"45,39 : 0.2802"
"39,46 : 0.6888"
"46,39 : 0.6888"
"39,47 : 0.3622"
"47,39 : 0.3622"
"39,48 : 0.4243"
"48,39 : 0.4243"
"39,49 : 0.8215"
"49,39 : 0.8215"
"40,41 : 0.6573"
"41,40 : 0.6573"
"40,42 : 0.6463"
"42,40 : 0.6463"
"40,43 : 0.1838"
"43,40 : 0.1838"
"40,44 : 0.1703"
"44,40 : 0.1703"
"40,45 : 0.6981"
"45,40 : 0.6981"
"40,46 : 0.2302"
"46,40 : 0.2302"
"40,47 : 0.5243"
"47,40 : 0.5243"
"40,48 : 0.3711"
"48,40 : 0.3711"
"40,49 : 0.0566"
"49,40 : 0.0566"
"41,42 : 0.2846"
"42,41 : 0.2846"
"41,43 : 0.6454"
"43,41 : 0.6454"
"41,44 : 0.4888"
"44,41 : 0.4888"
"41,45 : 0.2247"
"45,41 : 0.2247"
"41,46 : 0.5749"
"46,41 : 0.5749"
"41,47 : 0.2596"
"47,41 : 0.2596"
"41,48 : 0.3302"
"48,41 : 0.3302"
"41,49 : 0.7128"
"49,41 : 0.7128"
"42,43 : 0.5554"
"43,42 : 0.5554"
"42,44 : 0.5104"
"44,42 : 0.5104"
"42,45 : 0.5057"
"45,42 : 0.5057"
"42,46 : 0.6649"
"46,42 : 0.6649"
"42,47 : 0.4808"
"47,42 : 0.4808"
"42,48 : 0.28"
"48,42 : 0.28"
"42,49 : 0.6923"
