x,y
0.88,0.62
0.32,0.74
0.88,0.31
0.34,0.8
0.49,0.77
0.02,0.24
0.17,0.6
0.85,0.85
0.1,0.13
0.03,0.4
0.54,0.31
0.26,0.4
0.88,0.84
0.64,0.17
0.96,0.2
0.72,0.02
0.47,0.81
0.98,0.89
0.72,0.73
0.33,0.04
0.23,0.3
0.05,0.33
0.62,0.97
0.31,0.64
0.94,0.15
0.41,0.28
0.78,0.4
0.79,0.64
0.64,0.86
0.69,0.63
0.39,0.85
0.13,0.94
0.18,0.89
0.02,0.95
0.65,0.89
0.41,0.85
0.89,0.4
0.73,0.78
0.0,0.7
0.11,0.63
0.55,0.36
0.12,0.22
0.56,0.84
0.01,0.67
0.2,0.11
0.28,0.28
0.47,0.42
0.61,0.88
0.37,0.68
0.63,0.4

Distanze
"0,1 : 0.5727"
"1,0 : 0.5727"
"0,2 : 0.31"
"2,0 : 0.31"
"0,3 : 0.5692"
"3,0 : 0.5692"
"0,4 : 0.4179"
"4,0 : 0.4179"
"0,5 : 0.9402"
"5,0 : 0.9402"
"0,6 : 0.7103"
"6,0 : 0.7103"
"0,7 : 0.2319"
"7,0 : 0.2319"
"0,8 : 0.9211"
"8,0 : 0.9211"
"0,9 : 0.878"
"9,0 : 0.878"
"0,10 : 0.4601"
"10,0 : 0.4601"
"0,11 : 0.6579"
"11,0 : 0.6579"
"0,12 : 0.22"
"12,0 : 0.22"
"0,13 : 0.51"
"13,0 : 0.51"
"0,14 : 0.4276"
"14,0 : 0.4276"
"0,15 : 0.621"
"15,0 : 0.621"
"0,16 : 0.4519"
"16,0 : 0.4519"
"0,17 : 0.2879"
"17,0 : 0.2879"
"0,18 : 0.1942"
"18,0 : 0.1942"
"0,19 : 0.7993"
"19,0 : 0.7993"
"0,20 : 0.7245"
"20,0 : 0.7245"
"0,21 : 0.8792"
"21,0 : 0.8792"
"0,22 : 0.436"
"22,0 : 0.436"
"0,23 : 0.5704"
"23,0 : 0.5704"
"0,24 : 0.4738"
"24,0 : 0.4738"
"0,25 : 0.5801"
"25,0 : 0.5801"
"0,26 : 0.2417"
"26,0 : 0.2417"
"0,27 : 0.0922"
"27,0 : 0.0922"
"0,28 : 0.3394"
"28,0 : 0.3394"
"0,29 : 0.1903"
"29,0 : 0.1903"
"0,30 : 0.5413"
"30,0 : 0.5413"
"0,31 : 0.8154"
"31,0 : 0.8154"
"0,32 : 0.7503"
"32,0 : 0.7503"
"0,33 : 0.9211"
"33,0 : 0.9211"
"0,34 : 0.3547"
"34,0 : 0.3547"
"0,35 : 0.5233"
"35,0 : 0.5233"
"0,36 : 0.2202"
"36,0 : 0.2202"
"0,37 : 0.2193"
"37,0 : 0.2193"
"0,38 : 0.8836"
"38,0 : 0.8836"
"0,39 : 0.7701"
"39,0 : 0.7701"
"0,40 : 0.4201"
"40,0 : 0.4201"
"0,41 : 0.8588"
"41,0 : 0.8588"
"0,42 : 0.3883"
"42,0 : 0.3883"
"0,43 : 0.8714"
"43,0 : 0.8714"
"0,44 : 0.85"
"44,0 : 0.85"
"0,45 : 0.6896"
"45,0 : 0.6896"
"0,46 : 0.4562"
"46,0 : 0.4562"
"0,47 : 0.3748"
"47,0 : 0.3748"
"0,48 : 0.5135"
"48,0 : 0.5135"
"0,49 : 0.333"
"49,0 : 0.333"
"1,2 : 0.706"
"2,1 : 0.706"
"1,3 : 0.0632"
"3,1 : 0.0632"
"1,4 : 0.1726"
"4,1 : 0.1726"
"1,5 : 0.5831"
"5,1 : 0.5831"
"1,6 : 0.2052"
"6,1 : 0.2052"
"1,7 : 0.5413"
"7,1 : 0.5413"
"1,8 : 0.6485"
"8,1 : 0.6485"
"1,9 : 0.4469"
"9,1 : 0.4469"
"1,10 : 0.483"
"10,1 : 0.483"
"1,11 : 0.3453"
"11,1 : 0.3453"
"1,12 : 0.5689"
"12,1 : 0.5689"
"1,13 : 0.6537"
"13,1 : 0.6537"
"1,14 : 0.8374"
"14,1 : 0.8374"
"1,15 : 0.8237"
"15,1 : 0.8237"
"1,16 : 0.1655"
"16,1 : 0.1655"
"1,17 : 0.6768"
"17,1 : 0.6768"
"1,18 : 0.4001"
"18,1 : 0.4001"
"1,19 : 0.7001"
"19,1 : 0.7001"
"1,20 : 0.4491"
"20,1 : 0.4491"
"1,21 : 0.4909"
"21,1 : 0.4909"
"1,22 : 0.378"
"22,1 : 0.378"
"1,23 : 0.1005"
"23,1 : 0.1005"
"1,24 : 0.8559"
"24,1 : 0.8559"
"1,25 : 0.4687"
"25,1 : 0.4687"
"1,26 : 0.572"
"26,1 : 0.572"
"1,27 : 0.4805"
"27,1 : 0.4805"
"1,28 : 0.3418"
"28,1 : 0.3418"
"1,29 : 0.386"
"29,1 : 0.386"
"1,30 : 0.1304"
"30,1 : 0.1304"
"1,31 : 0.2759"
"31,1 : 0.2759"
"1,32 : 0.2052"
"32,1 : 0.2052"
"1,33 : 0.3662"
"33,1 : 0.3662"
"1,34 : 0.3625"
"34,1 : 0.3625"
"1,35 : 0.1421"
"35,1 : 0.1421"
"1,36 : 0.6637"
"36,1 : 0.6637"
"1,37 : 0.4119"
"37,1 : 0.4119"
"1,38 : 0.3225"
"38,1 : 0.3225"
"1,39 : 0.2371"
"39,1 : 0.2371"
"1,40 : 0.4442"
"40,1 : 0.4442"
"1,41 : 0.5571"
"41,1 : 0.5571"
"1,42 : 0.26"
"42,1 : 0.26"
"1,43 : 0.3178"
"43,1 : 0.3178"
"1,44 : 0.6413"
"44,1 : 0.6413"
"1,45 : 0.4617"
"45,1 : 0.4617"
"1,46 : 0.3534"
"46,1 : 0.3534"
"1,47 : 0.322"
"47,1 : 0.322"
"1,48 : 0.0781"
"48,1 : 0.0781"
"1,49 : 0.4601"
"49,1 : 0.4601"
"2,3 : 0.7292"
"3,2 : 0.7292"
"2,4 : 0.6031"
"4,2 : 0.6031"
"2,5 : 0.8628"
"5,2 : 0.8628"
"2,6 : 0.7669"
"6,2 : 0.7669"
"2,7 : 0.5408"
"7,2 : 0.5408"
"2,8 : 0.8005"
"8,2 : 0.8005"
"2,9 : 0.8548"
"9,2 : 0.8548"
"2,10 : 0.34"
"10,2 : 0.34"
"2,11 : 0.6265"
"11,2 : 0.6265"
"2,12 : 0.53"
"12,2 : 0.53"
"2,13 : 0.2778"
"13,2 : 0.2778"
"2,14 : 0.136"
"14,2 : 0.136"
"2,15 : 0.3312"
"15,2 : 0.3312"
"2,16 : 0.6466"
"16,2 : 0.6466"
"2,17 : 0.5886"
"17,2 : 0.5886"
"2,18 : 0.4494"
"18,2 : 0.4494"
"2,19 : 0.6127"
"19,2 : 0.6127"
"2,20 : 0.6501"
"20,2 : 0.6501"
"2,21 : 0.8302"
"21,2 : 0.8302"
"2,22 : 0.7094"
"22,2 : 0.7094"
"2,23 : 0.6586"
"23,2 : 0.6586"
"2,24 : 0.1709"
"24,2 : 0.1709"
"2,25 : 0.471"
"25,2 : 0.471"
"2,26 : 0.1345"
"26,2 : 0.1345"
"2,27 : 0.3421"
"27,2 : 0.3421"
"2,28 : 0.6001"
"28,2 : 0.6001"
"2,29 : 0.3722"
"29,2 : 0.3722"
"2,30 : 0.7292"
"30,2 : 0.7292"
"2,31 : 0.9795"
"31,2 : 0.9795"
"2,32 : 0.9091"
"32,2 : 0.9091"
"2,33 : 1.072"
"33,2 : 1.072"
"2,34 : 0.6239"
"34,2 : 0.6239"
"2,35 : 0.7159"
"35,2 : 0.7159"
"2,36 : 0.0906"
"36,2 : 0.0906"
"2,37 : 0.4934"
"37,2 : 0.4934"
"2,38 : 0.9625"
"38,2 : 0.9625"
"2,39 : 0.8338"
"39,2 : 0.8338"
"2,40 : 0.3338"
"40,2 : 0.3338"
"2,41 : 0.7653"
"41,2 : 0.7653"
"2,42 : 0.6191"
"42,2 : 0.6191"
"2,43 : 0.9415"
"43,2 : 0.9415"
"2,44 : 0.7088"
"44,2 : 0.7088"
"2,45 : 0.6007"
"45,2 : 0.6007"
"2,46 : 0.4245"
"46,2 : 0.4245"
"2,47 : 0.6307"
"47,2 : 0.6307"
"2,48 : 0.6301"
"48,2 : 0.6301"
"2,49 : 0.2657"
"49,2 : 0.2657"
"3,4 : 0.153"
"4,3 : 0.153"
"3,5 : 0.645"
"5,3 : 0.645"
"3,6 : 0.2625"
"6,3 : 0.2625"
"3,7 : 0.5124"
"7,3 : 0.5124"
"3,8 : 0.7117"
"8,3 : 0.7117"
"3,9 : 0.5061"
"9,3 : 0.5061"
"3,10 : 0.5292"
"10,3 : 0.5292"
"3,11 : 0.4079"
"11,3 : 0.4079"
"3,12 : 0.5415"
"12,3 : 0.5415"
"3,13 : 0.6978"
"13,3 : 0.6978"
"3,14 : 0.8628"
"14,3 : 0.8628"
"3,15 : 0.8676"
"15,3 : 0.8676"
"3,16 : 0.1304"
"16,3 : 0.1304"
"3,17 : 0.6463"
"17,3 : 0.6463"
"3,18 : 0.3864"
"18,3 : 0.3864"
"3,19 : 0.7601"
"19,3 : 0.7601"
"3,20 : 0.512"
"20,3 : 0.512"
"3,21 : 0.5523"
"21,3 : 0.5523"
"3,22 : 0.3276"
"22,3 : 0.3276"
"3,23 : 0.1628"
"23,3 : 0.1628"
"3,24 : 0.8846"
"24,3 : 0.8846"
"3,25 : 0.5247"
"25,3 : 0.5247"
"3,26 : 0.5946"
"26,3 : 0.5946"
"3,27 : 0.4776"
"27,3 : 0.4776"
"3,28 : 0.3059"
"28,3 : 0.3059"
"3,29 : 0.3891"
"29,3 : 0.3891"
"3,30 : 0.0707"
"30,3 : 0.0707"
"3,31 : 0.2524"
"31,3 : 0.2524"
"3,32 : 0.1836"
"32,3 : 0.1836"
"3,33 : 0.3534"
"33,3 : 0.3534"
"3,34 : 0.3228"
"34,3 : 0.3228"
"3,35 : 0.086"
"35,3 : 0.086"
"3,36 : 0.6801"
"36,3 : 0.6801"
"3,37 : 0.3905"
"37,3 : 0.3905"
"3,38 : 0.3544"
"38,3 : 0.3544"
"3,39 : 0.286"
"39,3 : 0.286"
"3,40 : 0.4875"
"40,3 : 0.4875"
"3,41 : 0.6203"
"41,3 : 0.6203"
"3,42 : 0.2236"
"42,3 : 0.2236"
"3,43 : 0.3547"
"43,3 : 0.3547"
"3,44 : 0.7041"
"44,3 : 0.7041"
"3,45 : 0.5235"
"45,3 : 0.5235"
"3,46 : 0.4016"
"46,3 : 0.4016"
"3,47 : 0.2816"
"47,3 : 0.2816"
"3,48 : 0.1237"
"48,3 : 0.1237"
"3,49 : 0.4941"
"49,3 : 0.4941"
"4,5 : 0.7084"
"5,4 : 0.7084"
"4,6 : 0.3624"
"6,4 : 0.3624"
"4,7 : 0.3688"
"7,4 : 0.3688"
"4,8 : 0.7495"
"8,4 : 0.7495"
"4,9 : 0.5903"
"9,4 : 0.5903"
"4,10 : 0.4627"
"10,4 : 0.4627"
"4,11 : 0.4357"
"11,4 : 0.4357"
"4,12 : 0.3962"
"12,4 : 0.3962"
"4,13 : 0.6185"
"13,4 : 0.6185"
"4,14 : 0.7388"
"14,4 : 0.7388"
"4,15 : 0.7845"
"15,4 : 0.7845"
"4,16 : 0.0447"
"16,4 : 0.0447"
"4,17 : 0.5045"
"17,4 : 0.5045"
"4,18 : 0.2335"
"18,4 : 0.2335"
"4,19 : 0.7473"
"19,4 : 0.7473"
"4,20 : 0.5371"
"20,4 : 0.5371"
"4,21 : 0.6223"
"21,4 : 0.6223"
"4,22 : 0.2385"
"22,4 : 0.2385"
"4,23 : 0.222"
"23,4 : 0.222"
"4,24 : 0.7661"
"24,4 : 0.7661"
"4,25 : 0.4965"
"25,4 : 0.4965"
"4,26 : 0.4701"
"26,4 : 0.4701"
"4,27 : 0.327"
"27,4 : 0.327"
"4,28 : 0.1749"
"28,4 : 0.1749"
"4,29 : 0.2441"
"29,4 : 0.2441"
"4,30 : 0.1281"
"30,4 : 0.1281"
"4,31 : 0.3981"
"31,4 : 0.3981"
"4,32 : 0.3324"
"32,4 : 0.3324"
"4,33 : 0.5033"
"33,4 : 0.5033"
"4,34 : 0.2"
"34,4 : 0.2"
"4,35 : 0.1131"
"35,4 : 0.1131"
"4,36 : 0.5449"
"36,4 : 0.5449"
"4,37 : 0.2402"
"37,4 : 0.2402"
"4,38 : 0.495"
"38,4 : 0.495"
"4,39 : 0.405"
"39,4 : 0.405"
"4,40 : 0.4144"
"40,4 : 0.4144"
"4,41 : 0.6629"
"41,4 : 0.6629"
"4,42 : 0.099"
"42,4 : 0.099"
"4,43 : 0.4903"
"43,4 : 0.4903"
"4,44 : 0.7209"
"44,4 : 0.7209"
"4,45 : 0.5331"
"45,4 : 0.5331"
"4,46 : 0.3506"
"46,4 : 0.3506"
"4,47 : 0.1628"
"47,4 : 0.1628"
"4,48 : 0.15"
"48,4 : 0.15"
"4,49 : 0.3956"
"49,4 : 0.3956"
"5,6 : 0.39"
"6,5 : 0.39"
"5,7 : 1.03"
"7,5 : 1.03"
"5,8 : 0.136"
"8,5 : 0.136"
"5,9 : 0.1603"
"9,5 : 0.1603"
"5,10 : 0.5247"
"10,5 : 0.5247"
"5,11 : 0.2884"
"11,5 : 0.2884"
"5,12 : 1.0486"
"12,5 : 1.0486"
"5,13 : 0.6239"
"13,5 : 0.6239"
"5,14 : 0.9409"
"14,5 : 0.9409"
"5,15 : 0.7338"
"15,5 : 0.7338"
"5,16 : 0.7262"
"16,5 : 0.7262"
"5,17 : 1.1594"
"17,5 : 1.1594"
"5,18 : 0.8545"
"18,5 : 0.8545"
"5,19 : 0.3689"
"19,5 : 0.3689"
"5,20 : 0.2184"
"20,5 : 0.2184"
"5,21 : 0.0949"
"21,5 : 0.0949"
"5,22 : 0.9449"
"22,5 : 0.9449"
"5,23 : 0.4941"
"23,5 : 0.4941"
"5,24 : 0.9244"
"24,5 : 0.9244"
"5,25 : 0.392"
"25,5 : 0.392"
"5,26 : 0.7767"
"26,5 : 0.7767"
"5,27 : 0.8677"
"27,5 : 0.8677"
"5,28 : 0.8768"
"28,5 : 0.8768"
"5,29 : 0.7752"
"29,5 : 0.7752"
"5,30 : 0.7134"
"30,5 : 0.7134"
"5,31 : 0.7086"
"31,5 : 0.7086"
"5,32 : 0.6694"
"32,5 : 0.6694"
"5,33 : 0.71"
"33,5 : 0.71"
"5,34 : 0.9052"
"34,5 : 0.9052"
"5,35 : 0.724"
"35,5 : 0.724"
"5,36 : 0.8846"
"36,5 : 0.8846"
"5,37 : 0.892"
"37,5 : 0.892"
"5,38 : 0.4604"
"38,5 : 0.4604"
"5,39 : 0.4002"
"39,5 : 0.4002"
"5,40 : 0.5434"
"40,5 : 0.5434"
"5,41 : 0.102"
"41,5 : 0.102"
"5,42 : 0.8072"
"42,5 : 0.8072"
"5,43 : 0.4301"
"43,5 : 0.4301"
"5,44 : 0.222"
"44,5 : 0.222"
"5,45 : 0.2631"
"45,5 : 0.2631"
"5,46 : 0.4847"
"46,5 : 0.4847"
"5,47 : 0.8705"
"47,5 : 0.8705"
"5,48 : 0.5622"
"48,5 : 0.5622"
"5,49 : 0.6306"
"49,5 : 0.6306"
"6,7 : 0.7245"
"7,6 : 0.7245"
"6,8 : 0.4752"
"8,6 : 0.4752"
"6,9 : 0.2441"
"9,6 : 0.2441"
"6,10 : 0.4701"
"10,6 : 0.4701"
"6,11 : 0.2193"
"11,6 : 0.2193"
"6,12 : 0.7495"
"12,6 : 0.7495"
"6,13 : 0.637"
"13,6 : 0.637"
"6,14 : 0.8855"
"14,6 : 0.8855"
"6,15 : 0.7993"
"15,6 : 0.7993"
"6,16 : 0.3662"
"16,6 : 0.3662"
"6,17 : 0.8603"
"17,6 : 0.8603"
"6,18 : 0.5652"
"18,6 : 0.5652"
"6,19 : 0.5824"
"19,6 : 0.5824"
"6,20 : 0.3059"
"20,6 : 0.3059"
"6,21 : 0.2955"
"21,6 : 0.2955"
"6,22 : 0.5826"
"22,6 : 0.5826"
"6,23 : 0.1456"
"23,6 : 0.1456"
"6,24 : 0.8919"
"24,6 : 0.8919"
"6,25 : 0.4"
"25,6 : 0.4"
"6,26 : 0.642"
"26,6 : 0.642"
"6,27 : 0.6213"
"27,6 : 0.6213"
"6,28 : 0.5371"
"28,6 : 0.5371"
"6,29 : 0.5209"
"29,6 : 0.5209"
"6,30 : 0.333"
"30,6 : 0.333"
"6,31 : 0.3423"
"31,6 : 0.3423"
"6,32 : 0.2902"
"32,6 : 0.2902"
"6,33 : 0.3808"
"33,6 : 0.3808"
"6,34 : 0.5608"
"34,6 : 0.5608"
"6,35 : 0.3466"
"35,6 : 0.3466"
"6,36 : 0.7473"
"36,6 : 0.7473"
"6,37 : 0.5882"
"37,6 : 0.5882"
"6,38 : 0.1972"
"38,6 : 0.1972"
"6,39 : 0.0671"
"39,6 : 0.0671"
"6,40 : 0.4494"
"40,6 : 0.4494"
"6,41 : 0.3833"
"41,6 : 0.3833"
"6,42 : 0.4579"
"42,6 : 0.4579"
"6,43 : 0.1746"
"43,6 : 0.1746"
"6,44 : 0.4909"
"44,6 : 0.4909"
"6,45 : 0.3384"
"45,6 : 0.3384"
"6,46 : 0.3499"
"46,6 : 0.3499"
"6,47 : 0.5215"
"47,6 : 0.5215"
"6,48 : 0.2154"
"48,6 : 0.2154"
"6,49 : 0.5016"
"49,6 : 0.5016"
"7,8 : 1.0397"
"8,7 : 1.0397"
"7,9 : 0.9354"
"9,7 : 0.9354"
"7,10 : 0.6227"
"10,7 : 0.6227"
"7,11 : 0.742"
"11,7 : 0.742"
"7,12 : 0.0316"
"12,7 : 0.0316"
"7,13 : 0.7117"
"13,7 : 0.7117"
"7,14 : 0.6592"
"14,7 : 0.6592"
"7,15 : 0.8401"
"15,7 : 0.8401"
"7,16 : 0.3821"
"16,7 : 0.3821"
"7,17 : 0.136"
"17,7 : 0.136"
"7,18 : 0.1769"
"18,7 : 0.1769"
"7,19 : 0.9625"
"19,7 : 0.9625"
"7,20 : 0.8288"
"20,7 : 0.8288"
"7,21 : 0.9541"
"21,7 : 0.9541"
"7,22 : 0.2594"
"22,7 : 0.2594"
"7,23 : 0.5794"
"23,7 : 0.5794"
"7,24 : 0.7058"
"24,7 : 0.7058"
"7,25 : 0.7201"
"25,7 : 0.7201"
"7,26 : 0.4554"
"26,7 : 0.4554"
"7,27 : 0.2184"
"27,7 : 0.2184"
"7,28 : 0.2102"
"28,7 : 0.2102"
"7,29 : 0.272"
"29,7 : 0.272"
"7,30 : 0.46"
"30,7 : 0.46"
"7,31 : 0.7256"
"31,7 : 0.7256"
"7,32 : 0.6712"
"32,7 : 0.6712"
"7,33 : 0.836"
"33,7 : 0.836"
"7,34 : 0.204"
"34,7 : 0.204"
"7,35 : 0.44"
"35,7 : 0.44"
"7,36 : 0.4518"
"36,7 : 0.4518"
"7,37 : 0.1389"
"37,7 : 0.1389"
"7,38 : 0.8631"
"38,7 : 0.8631"
"7,39 : 0.772"
"39,7 : 0.772"
"7,40 : 0.5745"
"40,7 : 0.5745"
"7,41 : 0.9643"
"41,7 : 0.9643"
"7,42 : 0.2902"
"42,7 : 0.2902"
"7,43 : 0.8591"
"43,7 : 0.8591"
"7,44 : 0.9849"
"44,7 : 0.9849"
"7,45 : 0.8061"
"45,7 : 0.8061"
"7,46 : 0.5738"
"46,7 : 0.5738"
"7,47 : 0.2419"
"47,7 : 0.2419"
"7,48 : 0.5092"
"48,7 : 0.5092"
"7,49 : 0.5009"
"49,7 : 0.5009"
"8,9 : 0.2789"
"9,8 : 0.2789"
"8,10 : 0.4754"
"10,8 : 0.4754"
"8,11 : 0.3138"
"11,8 : 0.3138"
"8,12 : 1.0548"
"12,8 : 1.0548"
"8,13 : 0.5415"
"13,8 : 0.5415"
"8,14 : 0.8628"
"14,8 : 0.8628"
"8,15 : 0.6297"
"15,8 : 0.6297"
"8,16 : 0.7741"
"16,8 : 0.7741"
"8,17 : 1.1628"
"17,8 : 1.1628"
"8,18 : 0.8628"
"18,8 : 0.8628"
"8,19 : 0.247"
"19,8 : 0.247"
"8,20 : 0.214"
"20,8 : 0.214"
"8,21 : 0.2062"
"21,8 : 0.2062"
"8,22 : 0.9879"
"22,8 : 0.9879"
"8,23 : 0.5515"
"23,8 : 0.5515"
"8,24 : 0.8402"
"24,8 : 0.8402"
"8,25 : 0.3444"
"25,8 : 0.3444"
"8,26 : 0.7316"
"26,8 : 0.7316"
"8,27 : 0.858"
"27,8 : 0.858"
"8,28 : 0.908"
"28,8 : 0.908"
"8,29 : 0.7734"
"29,8 : 0.7734"
"8,30 : 0.7762"
"30,8 : 0.7762"
"8,31 : 0.8106"
"31,8 : 0.8106"
"8,32 : 0.7642"
"32,8 : 0.7642"
"8,33 : 0.8239"
"33,8 : 0.8239"
"8,34 : 0.9381"
"34,8 : 0.9381"
"8,35 : 0.7839"
"35,8 : 0.7839"
"8,36 : 0.8349"
"36,8 : 0.8349"
"8,37 : 0.9052"
"37,8 : 0.9052"
"8,38 : 0.5787"
"38,8 : 0.5787"
"8,39 : 0.5001"
"39,8 : 0.5001"
"8,40 : 0.5054"
"40,8 : 0.5054"
"8,41 : 0.0922"
"41,8 : 0.0922"
"8,42 : 0.846"
"42,8 : 0.846"
"8,43 : 0.5474"
"43,8 : 0.5474"
"8,44 : 0.102"
"44,8 : 0.102"
"8,45 : 0.2343"
"45,8 : 0.2343"
"8,46 : 0.4701"
"46,8 : 0.4701"
"8,47 : 0.907"
"47,8 : 0.907"
"8,48 : 0.6127"
"48,8 : 0.6127"
"8,49 : 0.5948"
"49,8 : 0.5948"
"9,10 : 0.5179"
"10,9 : 0.5179"
"9,11 : 0.23"
"11,9 : 0.23"
"9,12 : 0.9571"
"12,9 : 0.9571"
"9,13 : 0.6519"
"13,9 : 0.6519"
"9,14 : 0.9513"
"14,9 : 0.9513"
"9,15 : 0.7877"
"15,9 : 0.7877"
"9,16 : 0.6014"
"16,9 : 0.6014"
"9,17 : 1.0689"
"17,9 : 1.0689"
"9,18 : 0.7649"
"18,9 : 0.7649"
"9,19 : 0.4686"
"19,9 : 0.4686"
"9,20 : 0.2236"
"20,9 : 0.2236"
"9,21 : 0.0728"
"21,9 : 0.0728"
"9,22 : 0.8204"
"22,9 : 0.8204"
"9,23 : 0.3688"
"23,9 : 0.3688"
"9,24 : 0.9437"
"24,9 : 0.9437"
"9,25 : 0.3985"
"25,9 : 0.3985"
"9,26 : 0.75"
"26,9 : 0.75"
"9,27 : 0.797"
"27,9 : 0.797"
"9,28 : 0.764"
"28,9 : 0.764"
"9,29 : 0.6989"
"29,9 : 0.6989"
"9,30 : 0.5763"
"30,9 : 0.5763"
"9,31 : 0.5492"
"31,9 : 0.5492"
"9,32 : 0.5124"
"32,9 : 0.5124"
"9,33 : 0.5501"
"33,9 : 0.5501"
"9,34 : 0.7903"
"34,9 : 0.7903"
"9,35 : 0.589"
"35,9 : 0.589"
"9,36 : 0.86"
"36,9 : 0.86"
"9,37 : 0.7965"
"37,9 : 0.7965"
"9,38 : 0.3015"
"38,9 : 0.3015"
"9,39 : 0.2435"
"39,9 : 0.2435"
"9,40 : 0.5215"
"40,9 : 0.5215"
"9,41 : 0.2012"
"41,9 : 0.2012"
"9,42 : 0.6888"
"42,9 : 0.6888"
"9,43 : 0.2707"
"43,9 : 0.2707"
"9,44 : 0.3362"
"44,9 : 0.3362"
"9,45 : 0.2773"
"45,9 : 0.2773"
"9,46 : 0.4405"
"46,9 : 0.4405"
"9,47 : 0.7529"
"47,9 : 0.7529"
"9,48 : 0.4405"
"48,9 : 0.4405"
"9,49 : 0.6"
"49,9 : 0.6"
"10,11 : 0.2941"
"11,10 : 0.2941"
"10,12 : 0.6297"
"12,10 : 0.6297"
"10,13 : 0.172"
"13,10 : 0.172"
"10,14 : 0.4342"
"14,10 : 0.4342"
"10,15 : 0.3413"
"15,10 : 0.3413"
"10,16 : 0.5049"
"16,10 : 0.5049"
"10,17 : 0.728"
"17,10 : 0.728"
"10,18 : 0.4569"
"18,10 : 0.4569"
"10,19 : 0.3421"
"19,10 : 0.3421"
"10,20 : 0.3102"
"20,10 : 0.3102"
"10,21 : 0.4904"
"21,10 : 0.4904"
"10,22 : 0.6648"
"22,10 : 0.6648"
"10,23 : 0.4022"
"23,10 : 0.4022"
"10,24 : 0.4308"
"24,10 : 0.4308"
"10,25 : 0.1334"
"25,10 : 0.1334"
"10,26 : 0.2563"
"26,10 : 0.2563"
"10,27 : 0.414"
"27,10 : 0.414"
"10,28 : 0.559"
"28,10 : 0.559"
"10,29 : 0.3534"
"29,10 : 0.3534"
"10,30 : 0.5604"
"30,10 : 0.5604"
"10,31 : 0.7517"
"31,10 : 0.7517"
"10,32 : 0.6826"
"32,10 : 0.6826"
"10,33 : 0.8246"
"33,10 : 0.8246"
"10,34 : 0.5903"
"34,10 : 0.5903"
"10,35 : 0.5554"
"35,10 : 0.5554"
"10,36 : 0.3614"
"36,10 : 0.3614"
"10,37 : 0.507"
"37,10 : 0.507"
"10,38 : 0.6661"
"38,10 : 0.6661"
"10,39 : 0.536"
"39,10 : 0.536"
"10,40 : 0.051"
"40,10 : 0.051"
"10,41 : 0.4295"
"41,10 : 0.4295"
"10,42 : 0.5304"
"42,10 : 0.5304"
"10,43 : 0.6407"
"43,10 : 0.6407"
"10,44 : 0.3945"
"44,10 : 0.3945"
"10,45 : 0.2617"
"45,10 : 0.2617"
"10,46 : 0.1304"
"46,10 : 0.1304"
"10,47 : 0.5743"
"47,10 : 0.5743"
"10,48 : 0.4072"
"48,10 : 0.4072"
"10,49 : 0.1273"
"49,10 : 0.1273"
"11,12 : 0.7603"
"12,11 : 0.7603"
"11,13 : 0.4442"
"13,11 : 0.4442"
"11,14 : 0.728"
"14,11 : 0.728"
"11,15 : 0.5967"
"15,11 : 0.5967"
"11,16 : 0.4607"
"16,11 : 0.4607"
"11,17 : 0.8709"
"17,11 : 0.8709"
"11,18 : 0.5661"
"18,11 : 0.5661"
"11,19 : 0.3667"
"19,11 : 0.3667"
"11,20 : 0.1044"
"20,11 : 0.1044"
"11,21 : 0.2214"
"21,11 : 0.2214"
"11,22 : 0.6742"
"22,11 : 0.6742"
"11,23 : 0.2452"
"23,11 : 0.2452"
"11,24 : 0.7245"
"24,11 : 0.7245"
"11,25 : 0.1921"
"25,11 : 0.1921"
"11,26 : 0.52"
"26,11 : 0.52"
"11,27 : 0.5818"
"27,11 : 0.5818"
"11,28 : 0.5967"
"28,11 : 0.5967"
"11,29 : 0.4876"
"29,11 : 0.4876"
"11,30 : 0.4684"
"30,11 : 0.4684"
"11,31 : 0.5554"
"31,11 : 0.5554"
"11,32 : 0.4965"
"32,11 : 0.4965"
"11,33 : 0.6001"
"33,11 : 0.6001"
"11,34 : 0.6263"
"34,11 : 0.6263"
"11,35 : 0.4743"
"35,11 : 0.4743"
"11,36 : 0.63"
"36,11 : 0.63"
"11,37 : 0.6044"
"37,11 : 0.6044"
"11,38 : 0.397"
"38,11 : 0.397"
"11,39 : 0.2746"
"39,11 : 0.2746"
"11,40 : 0.2927"
"40,11 : 0.2927"
"11,41 : 0.228"
"41,11 : 0.228"
"11,42 : 0.5325"
"42,11 : 0.5325"
"11,43 : 0.368"
"43,11 : 0.368"
"11,44 : 0.2961"
"44,11 : 0.2961"
"11,45 : 0.1217"
"45,11 : 0.1217"
"11,46 : 0.211"
"46,11 : 0.211"
"11,47 : 0.5941"
"47,11 : 0.5941"
"11,48 : 0.3008"
"48,11 : 0.3008"
"11,49 : 0.37"
"49,11 : 0.37"
"12,13 : 0.7117"
"13,12 : 0.7117"
"12,14 : 0.645"
"14,12 : 0.645"
"12,15 : 0.8355"
"15,12 : 0.8355"
"12,16 : 0.4111"
"16,12 : 0.4111"
"12,17 : 0.1118"
"17,12 : 0.1118"
"12,18 : 0.1942"
"18,12 : 0.1942"
"12,19 : 0.9708"
"19,12 : 0.9708"
"12,20 : 0.845"
"20,12 : 0.845"
"12,21 : 0.9742"
"21,12 : 0.9742"
"12,22 : 0.2907"
"22,12 : 0.2907"
"12,23 : 0.6041"
"23,12 : 0.6041"
"12,24 : 0.6926"
"24,12 : 0.6926"
"12,25 : 0.7311"
"25,12 : 0.7311"
"12,26 : 0.4512"
"26,12 : 0.4512"
"12,27 : 0.2193"
"27,12 : 0.2193"
"12,28 : 0.2408"
"28,12 : 0.2408"
"12,29 : 0.2832"
"29,12 : 0.2832"
"12,30 : 0.4901"
"30,12 : 0.4901"
"12,31 : 0.7566"
"31,12 : 0.7566"
"12,32 : 0.7018"
"32,12 : 0.7018"
"12,33 : 0.867"
"33,12 : 0.867"
"12,34 : 0.2354"
"34,12 : 0.2354"
"12,35 : 0.4701"
"35,12 : 0.4701"
"12,36 : 0.4401"
"36,12 : 0.4401"
"12,37 : 0.1616"
"37,12 : 0.1616"
"12,38 : 0.8911"
"38,12 : 0.8911"
"12,39 : 0.7981"
"39,12 : 0.7981"
"12,40 : 0.5825"
"40,12 : 0.5825"
"12,41 : 0.9808"
"41,12 : 0.9808"
"12,42 : 0.32"
"42,12 : 0.32"
"12,43 : 0.8865"
"43,12 : 0.8865"
"12,44 : 0.9976"
"44,12 : 0.9976"
"12,45 : 0.8207"
"45,12 : 0.8207"
"12,46 : 0.5869"
"46,12 : 0.5869"
"12,47 : 0.2729"
"47,12 : 0.2729"
"12,48 : 0.5345"
"48,12 : 0.5345"
"12,49 : 0.5061"
"49,12 : 0.5061"
"13,14 : 0.3214"
"14,13 : 0.3214"
"13,15 : 0.17"
"15,13 : 0.17"
"13,16 : 0.6622"
"16,13 : 0.6622"
"13,17 : 0.7962"
"17,13 : 0.7962"
"13,18 : 0.5657"
"18,13 : 0.5657"
"13,19 : 0.3362"
"19,13 : 0.3362"
"13,20 : 0.4301"
"20,13 : 0.4301"
"13,21 : 0.6113"
"21,13 : 0.6113"
"13,22 : 0.8002"
"22,13 : 0.8002"
"13,23 : 0.5743"
"23,13 : 0.5743"
"13,24 : 0.3007"
"24,13 : 0.3007"
"13,25 : 0.255"
"25,13 : 0.255"
"13,26 : 0.2693"
"26,13 : 0.2693"
"13,27 : 0.4934"
"27,13 : 0.4934"
"13,28 : 0.69"
"28,13 : 0.69"
"13,29 : 0.4627"
"29,13 : 0.4627"
"13,30 : 0.7245"
"30,13 : 0.7245"
"13,31 : 0.9236"
"31,13 : 0.9236"
"13,32 : 0.8544"
"32,13 : 0.8544"
"13,33 : 0.9964"
"33,13 : 0.9964"
"13,34 : 0.7201"
"34,13 : 0.7201"
"13,35 : 0.7178"
"35,13 : 0.7178"
"13,36 : 0.3397"
"36,13 : 0.3397"
"13,37 : 0.6166"
"37,13 : 0.6166"
"13,38 : 0.831"
"38,13 : 0.831"
"13,39 : 0.7018"
"39,13 : 0.7018"
"13,40 : 0.2102"
"40,13 : 0.2102"
"13,41 : 0.5224"
"41,13 : 0.5224"
"13,42 : 0.6748"
"42,13 : 0.6748"
"13,43 : 0.8043"
"43,13 : 0.8043"
"13,44 : 0.4441"
"44,13 : 0.4441"
"13,45 : 0.3764"
"45,13 : 0.3764"
"13,46 : 0.3023"
"46,13 : 0.3023"
"13,47 : 0.7106"
"47,13 : 0.7106"
"13,48 : 0.5771"
"48,13 : 0.5771"
"13,49 : 0.2302"
"49,13 : 0.2302"
"14,15 : 0.3"
"15,14 : 0.3"
"14,16 : 0.7824"
"16,14 : 0.7824"
"14,17 : 0.6903"
"17,14 : 0.6903"
"14,18 : 0.5818"
"18,14 : 0.5818"
"14,19 : 0.65"
"19,14 : 0.65"
"14,20 : 0.7368"
"20,14 : 0.7368"
"14,21 : 0.9192"
"21,14 : 0.9192"
"14,22 : 0.8417"
"22,14 : 0.8417"
"14,23 : 0.7849"
"23,14 : 0.7849"
"14,24 : 0.0539"
"24,14 : 0.0539"
"14,25 : 0.5558"
"25,14 : 0.5558"
"14,26 : 0.2691"
"26,14 : 0.2691"
"14,27 : 0.4717"
"27,14 : 0.4717"
"14,28 : 0.7335"
"28,14 : 0.7335"
"14,29 : 0.5077"
"29,14 : 0.5077"
"14,30 : 0.8645"
"30,14 : 0.8645"
"14,31 : 1.112"
"31,14 : 1.112"
"14,32 : 1.0414"
"32,14 : 1.0414"
"14,33 : 1.2025"
"33,14 : 1.2025"
"14,34 : 0.7564"
"34,14 : 0.7564"
"14,35 : 0.8515"
"35,14 : 0.8515"
"14,36 : 0.2119"
"36,14 : 0.2119"
"14,37 : 0.6239"
"37,14 : 0.6239"
"14,38 : 1.0824"
"38,14 : 1.0824"
"14,39 : 0.9526"
"39,14 : 0.9526"
"14,40 : 0.4401"
"40,14 : 0.4401"
"14,41 : 0.8402"
"41,14 : 0.8402"
"14,42 : 0.7547"
"42,14 : 0.7547"
"14,43 : 1.0599"
"43,14 : 1.0599"
"14,44 : 0.7653"
"44,14 : 0.7653"
"14,45 : 0.6847"
"45,14 : 0.6847"
"14,46 : 0.5371"
"46,14 : 0.5371"
"14,47 : 0.7648"
"47,14 : 0.7648"
"14,48 : 0.7606"
"48,14 : 0.7606"
"14,49 : 0.3859"
"49,14 : 0.3859"
"15,16 : 0.8286"
"16,15 : 0.8286"
"15,17 : 0.908"
"17,15 : 0.908"
"15,18 : 0.71"
"18,15 : 0.71"
"15,19 : 0.3905"
"19,15 : 0.3905"
"15,20 : 0.5644"
"20,15 : 0.5644"
"15,21 : 0.7382"
"21,15 : 0.7382"
"15,22 : 0.9552"
"22,15 : 0.9552"
"15,23 : 0.7433"
"23,15 : 0.7433"
"15,24 : 0.2555"
"24,15 : 0.2555"
"15,25 : 0.4046"
"25,15 : 0.4046"
"15,26 : 0.3847"
"26,15 : 0.3847"
"15,27 : 0.6239"
"27,15 : 0.6239"
"15,28 : 0.8438"
"28,15 : 0.8438"
"15,29 : 0.6107"
"29,15 : 0.6107"
"15,30 : 0.8932"
"30,15 : 0.8932"
"15,31 : 1.0929"
"31,15 : 1.0929"
"15,32 : 1.024"
"32,15 : 1.024"
"15,33 : 1.164"
"33,15 : 1.164"
"15,34 : 0.8728"
"34,15 : 0.8728"
"15,35 : 0.886"
"35,15 : 0.886"
"15,36 : 0.4163"
"36,15 : 0.4163"
"15,37 : 0.7601"
"37,15 : 0.7601"
"15,38 : 0.9904"
"38,15 : 0.9904"
"15,39 : 0.8627"
"39,15 : 0.8627"
"15,40 : 0.3801"
"40,15 : 0.3801"
"15,41 : 0.6325"
"41,15 : 0.6325"
"15,42 : 0.8355"
"42,15 : 0.8355"
"15,43 : 0.9626"
"43,15 : 0.9626"
"15,44 : 0.5277"
"44,15 : 0.5277"
"15,45 : 0.5111"
"45,15 : 0.5111"
"15,46 : 0.4717"
"46,15 : 0.4717"
"15,47 : 0.867"
"47,15 : 0.867"
"15,48 : 0.7471"
"48,15 : 0.7471"
"15,49 : 0.3905"
"49,15 : 0.3905"
"16,17 : 0.5162"
"17,16 : 0.5162"
"16,18 : 0.2625"
"18,16 : 0.2625"
"16,19 : 0.7826"
"19,16 : 0.7826"
"16,20 : 0.5636"
"20,16 : 0.5636"
"16,21 : 0.6378"
"21,16 : 0.6378"
"16,22 : 0.2193"
"22,16 : 0.2193"
"16,23 : 0.2335"
"23,16 : 0.2335"
"16,24 : 0.8102"
"24,16 : 0.8102"
"16,25 : 0.5334"
"25,16 : 0.5334"
"16,26 : 0.514"
"26,16 : 0.514"
"16,27 : 0.3624"
"27,16 : 0.3624"
"16,28 : 0.1772"
"28,16 : 0.1772"
"16,29 : 0.2843"
"29,16 : 0.2843"
"16,30 : 0.0894"
"30,16 : 0.0894"
"16,31 : 0.364"
"31,16 : 0.364"
"16,32 : 0.3008"
"32,16 : 0.3008"
"16,33 : 0.4713"
"33,16 : 0.4713"
"16,34 : 0.197"
"34,16 : 0.197"
"16,35 : 0.0721"
"35,16 : 0.0721"
"16,36 : 0.5869"
"36,16 : 0.5869"
"16,37 : 0.2617"
"37,16 : 0.2617"
"16,38 : 0.4827"
"38,16 : 0.4827"
"16,39 : 0.4025"
"39,16 : 0.4025"
"16,40 : 0.4571"
"40,16 : 0.4571"
"16,41 : 0.686"
"41,16 : 0.686"
"16,42 : 0.0949"
"42,16 : 0.0949"
"16,43 : 0.4808"
"43,16 : 0.4808"
"16,44 : 0.7503"
"44,16 : 0.7503"
"16,45 : 0.563"
"45,16 : 0.563"
"16,46 : 0.39"
"46,16 : 0.39"
"16,47 : 0.1565"
"47,16 : 0.1565"
"16,48 : 0.164"
"48,16 : 0.164"
"16,49 : 0.4401"
"49,16 : 0.4401"
"17,18 : 0.3053"
"18,17 : 0.3053"
"17,19 : 1.07"
"19,17 : 1.07"
"17,20 : 0.9543"
"20,17 : 0.9543"
"17,21 : 1.0856"
"21,17 : 1.0856"
"17,22 : 0.3688"
"22,17 : 0.3688"
"17,23 : 0.7151"
"23,17 : 0.7151"
"17,24 : 0.7411"
"24,17 : 0.7411"
"17,25 : 0.8349"
"25,17 : 0.8349"
"17,26 : 0.5292"
"26,17 : 0.5292"
"17,27 : 0.314"
"27,17 : 0.314"
"17,28 : 0.3413"
"28,17 : 0.3413"
"17,29 : 0.3895"
"29,17 : 0.3895"
"17,30 : 0.5914"
"30,17 : 0.5914"
"17,31 : 0.8515"
"31,17 : 0.8515"
"17,32 : 0.8"
"32,17 : 0.8"
"17,33 : 0.9619"
"33,17 : 0.9619"
"17,34 : 0.33"
"34,17 : 0.33"
"17,35 : 0.5714"
"35,17 : 0.5714"
"17,36 : 0.4982"
"36,17 : 0.4982"
"17,37 : 0.2731"
"37,17 : 0.2731"
"17,38 : 0.9982"
"38,17 : 0.9982"
"17,39 : 0.908"
"39,17 : 0.908"
"17,40 : 0.6825"
"40,17 : 0.6825"
"17,41 : 1.0902"
"41,17 : 1.0902"
"17,42 : 0.423"
"42,17 : 0.423"
"17,43 : 0.9946"
"43,17 : 0.9946"
"17,44 : 1.1031"
"44,17 : 1.1031"
"17,45 : 0.9285"
"45,17 : 0.9285"
"17,46 : 0.6935"
"46,17 : 0.6935"
"17,47 : 0.3701"
"47,17 : 0.3701"
"17,48 : 0.6451"
"48,17 : 0.6451"
"17,49 : 0.6022"
"49,17 : 0.6022"
"18,19 : 0.7926"
"19,18 : 0.7926"
"18,20 : 0.6519"
"20,18 : 0.6519"
"18,21 : 0.7803"
"21,18 : 0.7803"
"18,22 : 0.26"
"22,18 : 0.26"
"18,23 : 0.4198"
"23,18 : 0.4198"
"18,24 : 0.6203"
"24,18 : 0.6203"
"18,25 : 0.5464"
"25,18 : 0.5464"
"18,26 : 0.3354"
"26,18 : 0.3354"
"18,27 : 0.114"
"27,18 : 0.114"
"18,28 : 0.1526"
"28,18 : 0.1526"
"18,29 : 0.1044"
"29,18 : 0.1044"
"18,30 : 0.3511"
"30,18 : 0.3511"
"18,31 : 0.6263"
"31,18 : 0.6263"
"18,32 : 0.5632"
"32,18 : 0.5632"
"18,33 : 0.7338"
"33,18 : 0.7338"
"18,34 : 0.1746"
"34,18 : 0.1746"
"18,35 : 0.3324"
"35,18 : 0.3324"
"18,36 : 0.3712"
"36,18 : 0.3712"
"18,37 : 0.051"
"37,18 : 0.051"
"18,38 : 0.7206"
"38,18 : 0.7206"
"18,39 : 0.6181"
"39,18 : 0.6181"
"18,40 : 0.4072"
"40,18 : 0.4072"
"18,41 : 0.7875"
"41,18 : 0.7875"
"18,42 : 0.1942"
"42,18 : 0.1942"
"18,43 : 0.7125"
"43,18 : 0.7125"
"18,44 : 0.8092"
"44,18 : 0.8092"
"18,45 : 0.6294"
"45,18 : 0.6294"
"18,46 : 0.3982"
"46,18 : 0.3982"
"18,47 : 0.186"
"47,18 : 0.186"
"18,48 : 0.3536"
"48,18 : 0.3536"
"18,49 : 0.3421"
"49,18 : 0.3421"
"19,20 : 0.2786"
"20,19 : 0.2786"
"19,21 : 0.4031"
"21,19 : 0.4031"
"19,22 : 0.9742"
"22,19 : 0.9742"
"19,23 : 0.6003"
"23,19 : 0.6003"
"19,24 : 0.6198"
"24,19 : 0.6198"
"19,25 : 0.253"
"25,19 : 0.253"
"19,26 : 0.5763"
"26,19 : 0.5763"
"19,27 : 0.756"
"27,19 : 0.756"
"19,28 : 0.8766"
"28,19 : 0.8766"
"19,29 : 0.6912"
"29,19 : 0.6912"
"19,30 : 0.8122"
"30,19 : 0.8122"
"19,31 : 0.922"
"31,19 : 0.922"
"19,32 : 0.8631"
"32,19 : 0.8631"
"19,33 : 0.9614"
"33,19 : 0.9614"
"19,34 : 0.9082"
"34,19 : 0.9082"
"19,35 : 0.8139"
"35,19 : 0.8139"
"19,36 : 0.6657"
"36,19 : 0.6657"
"19,37 : 0.8412"
"37,19 : 0.8412"
"19,38 : 0.7379"
"38,19 : 0.7379"
"19,39 : 0.6297"
"39,19 : 0.6297"
"19,40 : 0.3883"
"40,19 : 0.3883"
"19,41 : 0.2766"
"41,19 : 0.2766"
"19,42 : 0.8324"
"42,19 : 0.8324"
"19,43 : 0.7066"
"43,19 : 0.7066"
"19,44 : 0.1476"
"44,19 : 0.1476"
"19,45 : 0.2452"
"45,19 : 0.2452"
"19,46 : 0.405"
"46,19 : 0.405"
"19,47 : 0.8854"
"47,19 : 0.8854"
"19,48 : 0.6412"
"48,19 : 0.6412"
"19,49 : 0.4686"
"49,19 : 0.4686"
"20,21 : 0.1825"
"21,20 : 0.1825"
"20,22 : 0.7752"
"22,20 : 0.7752"
"20,23 : 0.3493"
"23,20 : 0.3493"
"20,24 : 0.7257"
"24,20 : 0.7257"
"20,25 : 0.1811"
"25,20 : 0.1811"
"20,26 : 0.559"
"26,20 : 0.559"
"20,27 : 0.6551"
"27,20 : 0.6551"
"20,28 : 0.694"
"28,20 : 0.694"
"20,29 : 0.5661"
"29,20 : 0.5661"
"20,30 : 0.5728"
"30,20 : 0.5728"
"20,31 : 0.6478"
"31,20 : 0.6478"
"20,32 : 0.5921"
"32,20 : 0.5921"
"20,33 : 0.6831"
"33,20 : 0.6831"
"20,34 : 0.7242"
"34,20 : 0.7242"
"20,35 : 0.5787"
"35,20 : 0.5787"
"20,36 : 0.6675"
"36,20 : 0.6675"
"20,37 : 0.6931"
"37,20 : 0.6931"
"20,38 : 0.4614"
"38,20 : 0.4614"
"20,39 : 0.3511"
"39,20 : 0.3511"
"20,40 : 0.3256"
"40,20 : 0.3256"
"20,41 : 0.136"
"41,20 : 0.136"
"20,42 : 0.6329"
"42,20 : 0.6329"
"20,43 : 0.4305"
"43,20 : 0.4305"
"20,44 : 0.1924"
"44,20 : 0.1924"
"20,45 : 0.0539"
"45,20 : 0.0539"
"20,46 : 0.2683"
"46,20 : 0.2683"
"20,47 : 0.6934"
"47,20 : 0.6934"
"20,48 : 0.405"
"48,20 : 0.405"
"20,49 : 0.4123"
"49,20 : 0.4123"
"21,22 : 0.857"
"22,21 : 0.857"
"21,23 : 0.4046"
"23,21 : 0.4046"
"21,24 : 0.908"
"24,21 : 0.908"
"21,25 : 0.3635"
"25,21 : 0.3635"
"21,26 : 0.7333"
"26,21 : 0.7333"
"21,27 : 0.8023"
"27,21 : 0.8023"
"21,28 : 0.7931"
"28,21 : 0.7931"
"21,29 : 0.7068"
"29,21 : 0.7068"
"21,30 : 0.6213"
"30,21 : 0.6213"
"21,31 : 0.6152"
"31,21 : 0.6152"
"21,32 : 0.5749"
"32,21 : 0.5749"
"21,33 : 0.6207"
"33,21 : 0.6207"
"21,34 : 0.8207"
"34,21 : 0.8207"
"21,35 : 0.6325"
"35,21 : 0.6325"
"21,36 : 0.8429"
"36,21 : 0.8429"
"21,37 : 0.8154"
"37,21 : 0.8154"
"21,38 : 0.3734"
"38,21 : 0.3734"
"21,39 : 0.3059"
"39,21 : 0.3059"
"21,40 : 0.5009"
"40,21 : 0.5009"
"21,41 : 0.1304"
"41,21 : 0.1304"
"21,42 : 0.7212"
"42,21 : 0.7212"
"21,43 : 0.3423"
"43,21 : 0.3423"
"21,44 : 0.2663"
"44,21 : 0.2663"
"21,45 : 0.2354"
"45,21 : 0.2354"
"21,46 : 0.4295"
"46,21 : 0.4295"
"21,47 : 0.7849"
"47,21 : 0.7849"
"21,48 : 0.4742"
"48,21 : 0.4742"
"21,49 : 0.5842"
"49,21 : 0.5842"
"22,23 : 0.4528"
"23,22 : 0.4528"
"22,24 : 0.8802"
"24,22 : 0.8802"
"22,25 : 0.7212"
"25,22 : 0.7212"
"22,26 : 0.592"
"26,22 : 0.592"
"22,27 : 0.3712"
"27,22 : 0.3712"
"22,28 : 0.1118"
"28,22 : 0.1118"
"22,29 : 0.3471"
"29,22 : 0.3471"
"22,30 : 0.2594"
"30,22 : 0.2594"
"22,31 : 0.4909"
"31,22 : 0.4909"
"22,32 : 0.4472"
"32,22 : 0.4472"
"22,33 : 0.6003"
"33,22 : 0.6003"
"22,34 : 0.0854"
"34,22 : 0.0854"
"22,35 : 0.2419"
"35,22 : 0.2419"
"22,36 : 0.6307"
"36,22 : 0.6307"
"22,37 : 0.2195"
"37,22 : 0.2195"
"22,38 : 0.6762"
"38,22 : 0.6762"
"22,39 : 0.6129"
"39,22 : 0.6129"
"22,40 : 0.614"
"40,22 : 0.614"
"22,41 : 0.9014"
"41,22 : 0.9014"
"22,42 : 0.1432"
"42,22 : 0.1432"
"22,43 : 0.6798"
"43,22 : 0.6798"
"22,44 : 0.9571"
"44,22 : 0.9571"
"22,45 : 0.7692"
"45,22 : 0.7692"
"22,46 : 0.5701"
"46,22 : 0.5701"
"22,47 : 0.0906"
"47,22 : 0.0906"
"22,48 : 0.3829"
"48,22 : 0.3829"
"22,49 : 0.5701"
"49,22 : 0.5701"
"23,24 : 0.7981"
"24,23 : 0.7981"
"23,25 : 0.3736"
"25,23 : 0.3736"
"23,26 : 0.5277"
"26,23 : 0.5277"
"23,27 : 0.48"
"27,23 : 0.48"
"23,28 : 0.3966"
"28,23 : 0.3966"
"23,29 : 0.3801"
"29,23 : 0.3801"
"23,30 : 0.2247"
"30,23 : 0.2247"
"23,31 : 0.3499"
"31,23 : 0.3499"
"23,32 : 0.2818"
"32,23 : 0.2818"
"23,33 : 0.4245"
"33,23 : 0.4245"
"23,34 : 0.422"
"34,23 : 0.422"
"23,35 : 0.2326"
"35,23 : 0.2326"
"23,36 : 0.6277"
"36,23 : 0.6277"
"23,37 : 0.4427"
"37,23 : 0.4427"
"23,38 : 0.3158"
"38,23 : 0.3158"
"23,39 : 0.2002"
"39,23 : 0.2002"
"23,40 : 0.3688"
"40,23 : 0.3688"
"23,41 : 0.461"
"41,23 : 0.461"
"23,42 : 0.3202"
"42,23 : 0.3202"
"23,43 : 0.3015"
"43,23 : 0.3015"
"23,44 : 0.5413"
"44,23 : 0.5413"
"23,45 : 0.3612"
"45,23 : 0.3612"
"23,46 : 0.272"
"46,23 : 0.272"
"23,47 : 0.3842"
"47,23 : 0.3842"
"23,48 : 0.0721"
"48,23 : 0.0721"
"23,49 : 0.4"
"49,23 : 0.4"
"24,25 : 0.5457"
"25,24 : 0.5457"
"24,26 : 0.2968"
"26,24 : 0.2968"
"24,27 : 0.5124"
"27,24 : 0.5124"
"24,28 : 0.7708"
"28,24 : 0.7708"
"24,29 : 0.5412"
"29,24 : 0.5412"
"24,30 : 0.8902"
"30,24 : 0.8902"
"24,31 : 1.1315"
"31,24 : 1.1315"
"24,32 : 1.0608"
"32,24 : 1.0608"
"24,33 : 1.2192"
"33,24 : 1.2192"
"24,34 : 0.7948"
"34,24 : 0.7948"
"24,35 : 0.878"
"35,24 : 0.878"
"24,36 : 0.255"
"36,24 : 0.255"
"24,37 : 0.6641"
"37,24 : 0.6641"
"24,38 : 1.0891"
"38,24 : 1.0891"
"24,39 : 0.9588"
"39,24 : 0.9588"
"24,40 : 0.4429"
"40,24 : 0.4429"
"24,41 : 0.823"
"41,24 : 0.823"
"24,42 : 0.7877"
"42,24 : 0.7877"
"24,43 : 1.0655"
"43,24 : 1.0655"
"24,44 : 0.7411"
"44,24 : 0.7411"
"24,45 : 0.6727"
"45,24 : 0.6727"
"24,46 : 0.542"
"46,24 : 0.542"
"24,47 : 0.8011"
"47,24 : 0.8011"
"24,48 : 0.7783"
"48,24 : 0.7783"
"24,49 : 0.3982"
"49,24 : 0.3982"
"25,26 : 0.389"
"26,25 : 0.389"
"25,27 : 0.5235"
"27,25 : 0.5235"
"25,28 : 0.6239"
"28,25 : 0.6239"
"25,29 : 0.4482"
"29,25 : 0.4482"
"25,30 : 0.5704"
"30,25 : 0.5704"
"25,31 : 0.7169"
"31,25 : 0.7169"
"25,32 : 0.6519"
"32,25 : 0.6519"
"25,33 : 0.7752"
"33,25 : 0.7752"
"25,34 : 0.6555"
"34,25 : 0.6555"
"25,35 : 0.57"
"35,25 : 0.57"
"25,36 : 0.4948"
"36,25 : 0.4948"
"25,37 : 0.5936"
"37,25 : 0.5936"
"25,38 : 0.5869"
"38,25 : 0.5869"
"25,39 : 0.461"
"39,25 : 0.461"
"25,40 : 0.1612"
"40,25 : 0.1612"
"25,41 : 0.2961"
"41,25 : 0.2961"
"25,42 : 0.5797"
"42,25 : 0.5797"
"25,43 : 0.5587"
"43,25 : 0.5587"
"25,44 : 0.2702"
"44,25 : 0.2702"
"25,45 : 0.13"
"45,25 : 0.13"
"25,46 : 0.1523"
"46,25 : 0.1523"
"25,47 : 0.6325"
"47,25 : 0.6325"
"25,48 : 0.402"
"48,25 : 0.402"
"25,49 : 0.2506"
"49,25 : 0.2506"
"26,27 : 0.2402"
"27,26 : 0.2402"
"26,28 : 0.4808"
"28,26 : 0.4808"
"26,29 : 0.247"
"29,26 : 0.247"
"26,30 : 0.5955"
"30,26 : 0.5955"
"26,31 : 0.845"
"31,26 : 0.845"
"26,32 : 0.7747"
"32,26 : 0.7747"
"26,33 : 0.9381"
"33,26 : 0.9381"
"26,34 : 0.507"
"34,26 : 0.507"
"26,35 : 0.5826"
"35,26 : 0.5826"
"26,36 : 0.11"
"36,26 : 0.11"
"26,37 : 0.3833"
"37,26 : 0.3833"
"26,38 : 0.8357"
"38,26 : 0.8357"
"26,39 : 0.7084"
"39,26 : 0.7084"
"26,40 : 0.2335"
"40,26 : 0.2335"
"26,41 : 0.6841"
"41,26 : 0.6841"
"26,42 : 0.4919"
"42,26 : 0.4919"
"26,43 : 0.816"
"43,26 : 0.816"
"26,44 : 0.6485"
"44,26 : 0.6485"
"26,45 : 0.5142"
"45,26 : 0.5142"
"26,46 : 0.3106"
"46,26 : 0.3106"
"26,47 : 0.5092"
"47,26 : 0.5092"
"26,48 : 0.4965"
"48,26 : 0.4965"
"26,49 : 0.15"
"49,26 : 0.15"
"27,28 : 0.2663"
"28,27 : 0.2663"
"27,29 : 0.1005"
"29,27 : 0.1005"
"27,30 : 0.4518"
"30,27 : 0.4518"
"27,31 : 0.725"
"31,27 : 0.725"
"27,32 : 0.6592"
"32,27 : 0.6592"
"27,33 : 0.8301"
"33,27 : 0.8301"
"27,34 : 0.2865"
"34,27 : 0.2865"
"27,35 : 0.4342"
"35,27 : 0.4342"
"27,36 : 0.26"
"36,27 : 0.26"
"27,37 : 0.1523"
"37,27 : 0.1523"
"27,38 : 0.7923"
"38,27 : 0.7923"
"27,39 : 0.6801"
"39,27 : 0.6801"
"27,40 : 0.3688"
"40,27 : 0.3688"
"27,41 : 0.7908"
"41,27 : 0.7908"
"27,42 : 0.3048"
"42,27 : 0.3048"
"27,43 : 0.7806"
"43,27 : 0.7806"
"27,44 : 0.7931"
"44,27 : 0.7931"
"27,45 : 0.6243"
"45,27 : 0.6243"
"27,46 : 0.3883"
"46,27 : 0.3883"
"27,47 : 0.3"
"47,27 : 0.3"
"27,48 : 0.4219"
"48,27 : 0.4219"
"27,49 : 0.2884"
"49,27 : 0.2884"
"28,29 : 0.2354"
"29,28 : 0.2354"
"28,30 : 0.2502"
"30,28 : 0.2502"
"28,31 : 0.5162"
"31,28 : 0.5162"
"28,32 : 0.461"
"32,28 : 0.461"
"28,33 : 0.6265"
"33,28 : 0.6265"
"28,34 : 0.0316"
"34,28 : 0.0316"
"28,35 : 0.2302"
"35,28 : 0.2302"
"28,36 : 0.5235"
"36,28 : 0.5235"
"28,37 : 0.1204"
"37,28 : 0.1204"
"28,38 : 0.6597"
"38,28 : 0.6597"
"28,39 : 0.5778"
"39,28 : 0.5778"
"28,40 : 0.508"
"40,28 : 0.508"
"28,41 : 0.8246"
"41,28 : 0.8246"
"28,42 : 0.0825"
"42,28 : 0.0825"
"28,43 : 0.658"
"43,28 : 0.658"
"28,44 : 0.8695"
"44,28 : 0.8695"
"28,45 : 0.6826"
"45,28 : 0.6826"
"28,46 : 0.4717"
"46,28 : 0.4717"
"28,47 : 0.0361"
"47,28 : 0.0361"
"28,48 : 0.3245"
"48,28 : 0.3245"
"28,49 : 0.4601"
"49,28 : 0.4601"
"29,30 : 0.372"
"30,29 : 0.372"
"29,31 : 0.6401"
"31,29 : 0.6401"
"29,32 : 0.5725"
"32,29 : 0.5725"
"29,33 : 0.7425"
"33,29 : 0.7425"
"29,34 : 0.2631"
"34,29 : 0.2631"
"29,35 : 0.3561"
"35,29 : 0.3561"
"29,36 : 0.3048"
"36,29 : 0.3048"
"29,37 : 0.1552"
"37,29 : 0.1552"
"29,38 : 0.6935"
"38,29 : 0.6935"
"29,39 : 0.58"
"39,29 : 0.58"
"29,40 : 0.3041"
"40,29 : 0.3041"
"29,41 : 0.7021"
"41,29 : 0.7021"
"29,42 : 0.247"
"42,29 : 0.247"
"29,43 : 0.6812"
"43,29 : 0.6812"
"29,44 : 0.7145"
"44,29 : 0.7145"
"29,45 : 0.5391"
"45,29 : 0.5391"
"29,46 : 0.3041"
"46,29 : 0.3041"
"29,47 : 0.2625"
"47,29 : 0.2625"
"29,48 : 0.3239"
"48,29 : 0.3239"
"29,49 : 0.2377"
"49,29 : 0.2377"
"30,31 : 0.2751"
"31,30 : 0.2751"
"30,32 : 0.2138"
"32,30 : 0.2138"
"30,33 : 0.3833"
"33,30 : 0.3833"
"30,34 : 0.2631"
"34,30 : 0.2631"
"30,35 : 0.02"
"35,30 : 0.02"
"30,36 : 0.6727"
"36,30 : 0.6727"
"30,37 : 0.3471"
"37,30 : 0.3471"
"30,38 : 0.4179"
"38,30 : 0.4179"
"30,39 : 0.3561"
"39,30 : 0.3561"
"30,40 : 0.5155"
"40,30 : 0.5155"
"30,41 : 0.6854"
"41,30 : 0.6854"
"30,42 : 0.1703"
"42,30 : 0.1703"
"30,43 : 0.4205"
"43,30 : 0.4205"
"30,44 : 0.764"
"44,30 : 0.764"
"30,45 : 0.5805"
"45,30 : 0.5805"
"30,46 : 0.4374"
"46,30 : 0.4374"
"30,47 : 0.222"
"47,30 : 0.222"
"30,48 : 0.1712"
"48,30 : 0.1712"
"30,49 : 0.51"
"49,30 : 0.51"
"31,32 : 0.0707"
"32,31 : 0.0707"
"31,33 : 0.1105"
"33,31 : 0.1105"
"31,34 : 0.5224"
"34,31 : 0.5224"
"31,35 : 0.2941"
"35,31 : 0.2941"
"31,36 : 0.9323"
"36,31 : 0.9323"
"31,37 : 0.621"
"37,31 : 0.621"
"31,38 : 0.2729"
"38,31 : 0.2729"
"31,39 : 0.3106"
"39,31 : 0.3106"
"31,40 : 0.7161"
"40,31 : 0.7161"
"31,41 : 0.7201"
"41,31 : 0.7201"
"31,42 : 0.4415"
"42,31 : 0.4415"
"31,43 : 0.2955"
"43,31 : 0.2955"
"31,44 : 0.8329"
"44,31 : 0.8329"
"31,45 : 0.6768"
"45,31 : 0.6768"
"31,46 : 0.6213"
"46,31 : 0.6213"
"31,47 : 0.4837"
"47,31 : 0.4837"
"31,48 : 0.3538"
"48,31 : 0.3538"
"31,49 : 0.7359"
"49,31 : 0.7359"
"32,33 : 0.1709"
"33,32 : 0.1709"
"32,34 : 0.47"
"34,32 : 0.47"
"32,35 : 0.2335"
"35,32 : 0.2335"
"32,36 : 0.8627"
"36,32 : 0.8627"
"32,37 : 0.5609"
"37,32 : 0.5609"
"32,38 : 0.2617"
"38,32 : 0.2617"
"32,39 : 0.2693"
"39,32 : 0.2693"
"32,40 : 0.6464"
"40,32 : 0.6464"
"32,41 : 0.6727"
"41,32 : 0.6727"
"32,42 : 0.3833"
"42,32 : 0.3833"
"32,43 : 0.278"
"43,32 : 0.278"
"32,44 : 0.7803"
"44,32 : 0.7803"
"32,45 : 0.6181"
"45,32 : 0.6181"
"32,46 : 0.5523"
"46,32 : 0.5523"
"32,47 : 0.4301"
"47,32 : 0.4301"
"32,48 : 0.2832"
"48,32 : 0.2832"
"32,49 : 0.6653"
"49,32 : 0.6653"
"33,34 : 0.6329"
"34,33 : 0.6329"
"33,35 : 0.4026"
"35,33 : 0.4026"
"33,36 : 1.0293"
"36,33 : 1.0293"
"33,37 : 0.7301"
"37,33 : 0.7301"
"33,38 : 0.2508"
"38,33 : 0.2508"
"33,39 : 0.3324"
"39,33 : 0.3324"
"33,40 : 0.7931"
"40,33 : 0.7931"
"33,41 : 0.7368"
"41,33 : 0.7368"
"33,42 : 0.5511"
"42,33 : 0.5511"
"33,43 : 0.2802"
"43,33 : 0.2802"
"33,44 : 0.8591"
"44,33 : 0.8591"
"33,45 : 0.7187"
"45,33 : 0.7187"
"33,46 : 0.6953"
"46,33 : 0.6953"
"33,47 : 0.5941"
"47,33 : 0.5941"
"33,48 : 0.442"
"48,33 : 0.442"
"33,49 : 0.8213"
"49,33 : 0.8213"
"34,35 : 0.2433"
"35,34 : 0.2433"
"34,36 : 0.5456"
"36,34 : 0.5456"
"34,37 : 0.136"
"37,34 : 0.136"
"34,38 : 0.6772"
"38,34 : 0.6772"
"34,39 : 0.5993"
"39,34 : 0.5993"
"34,40 : 0.5394"
"40,34 : 0.5394"
"34,41 : 0.8543"
"41,34 : 0.8543"
"34,42 : 0.103"
"42,34 : 0.103"
"34,43 : 0.6768"
"43,34 : 0.6768"
"34,44 : 0.9005"
"44,34 : 0.9005"
"34,45 : 0.7134"
"45,34 : 0.7134"
"34,46 : 0.5033"
"46,34 : 0.5033"
"34,47 : 0.0412"
"47,34 : 0.0412"
"34,48 : 0.35"
"48,34 : 0.35"
"34,49 : 0.4904"
"49,34 : 0.4904"
"35,36 : 0.658"
"36,35 : 0.658"
"35,37 : 0.3276"
"37,35 : 0.3276"
"35,38 : 0.4366"
"38,35 : 0.4366"
"35,39 : 0.372"
"39,35 : 0.372"
"35,40 : 0.5096"
"40,35 : 0.5096"
"35,41 : 0.6935"
"41,35 : 0.6935"
"35,42 : 0.1503"
"42,35 : 0.1503"
"35,43 : 0.4386"
"43,35 : 0.4386"
"35,44 : 0.7692"
"44,35 : 0.7692"
"35,45 : 0.5846"
"45,35 : 0.5846"
"35,46 : 0.4342"
"46,35 : 0.4342"
"35,47 : 0.2022"
"47,35 : 0.2022"
"35,48 : 0.1746"
"48,35 : 0.1746"
"35,49 : 0.5009"
"49,35 : 0.5009"
"36,37 : 0.4123"
"37,36 : 0.4123"
"36,38 : 0.9392"
"38,36 : 0.9392"
"36,39 : 0.8132"
"39,36 : 0.8132"
"36,40 : 0.3423"
"40,36 : 0.3423"
"36,41 : 0.7908"
"41,36 : 0.7908"
"36,42 : 0.55"
"42,36 : 0.55"
"36,43 : 0.9205"
"43,36 : 0.9205"
"36,44 : 0.7485"
"44,36 : 0.7485"
"36,45 : 0.6217"
"45,36 : 0.6217"
"36,46 : 0.4205"
"46,36 : 0.4205"
"36,47 : 0.5557"
"47,36 : 0.5557"
"36,48 : 0.5906"
"48,36 : 0.5906"
"36,49 : 0.26"
"49,36 : 0.26"
"37,38 : 0.7344"
"38,37 : 0.7344"
"37,39 : 0.6379"
"39,37 : 0.6379"
"37,40 : 0.4569"
"40,37 : 0.4569"
"37,41 : 0.8281"
"41,37 : 0.8281"
"37,42 : 0.1803"
"42,37 : 0.1803"
"37,43 : 0.7284"
"43,37 : 0.7284"
"37,44 : 0.8543"
"44,37 : 0.8543"
"37,45 : 0.6727"
"45,37 : 0.6727"
"37,46 : 0.4441"
"46,37 : 0.4441"
"37,47 : 0.1562"
"47,37 : 0.1562"
"37,48 : 0.3736"
"48,37 : 0.3736"
"37,49 : 0.3929"
"49,37 : 0.3929"
"38,39 : 0.1304"
"39,38 : 0.1304"
"38,40 : 0.6466"
"40,38 : 0.6466"
"38,41 : 0.4948"
"41,38 : 0.4948"
"38,42 : 0.5772"
"42,38 : 0.5772"
"38,43 : 0.0316"
"43,38 : 0.0316"
"38,44 : 0.623"
"44,38 : 0.623"
"38,45 : 0.5048"
"45,38 : 0.5048"
"38,46 : 0.5471"
"46,38 : 0.5471"
"38,47 : 0.636"
"47,38 : 0.636"
"38,48 : 0.3705"
"48,38 : 0.3705"
"38,49 : 0.6978"
"49,38 : 0.6978"
"39,40 : 0.5162"
"40,39 : 0.5162"
"39,41 : 0.4101"
"41,39 : 0.4101"
"39,42 : 0.4966"
"42,39 : 0.4966"
"39,43 : 0.1077"
"43,39 : 0.1077"
"39,44 : 0.5277"
"44,39 : 0.5277"
"39,45 : 0.3891"
"45,39 : 0.3891"
"39,46 : 0.4168"
"46,39 : 0.4168"
"39,47 : 0.559"
"47,39 : 0.559"
"39,48 : 0.2648"
"48,39 : 0.2648"
"39,49 : 0.5686"
"49,39 : 0.5686"
"40,41 : 0.4522"
"41,40 : 0.4522"
"40,42 : 0.4801"
"42,40 : 0.4801"
"40,43 : 0.6227"
"43,40 : 0.6227"
"40,44 : 0.4301"
"44,40 : 0.4301"
"40,45 : 0.2816"
"45,40 : 0.2816"
"40,46 : 0.1"
"46,40 : 0.1"
"40,47 : 0.5235"
"47,40 : 0.5235"
"40,48 : 0.3672"
"48,40 : 0.3672"
"40,49 : 0.0894"
"49,40 : 0.0894"
"41,42 : 0.7603"
"42,41 : 0.7603"
"41,43 : 0.4632"
"43,41 : 0.4632"
"41,44 : 0.136"
"44,41 : 0.136"
"41,45 : 0.1709"
"45,41 : 0.1709"
"41,46 : 0.4031"
"46,41 : 0.4031"
"41,47 : 0.822"
"47,41 : 0.822"
"41,48 : 0.5235"
"48,41 : 0.5235"
"41,49 : 0.5408"
"49,41 : 0.5408"
"42,43 : 0.5757"
"43,42 : 0.5757"
"42,44 : 0.8139"
"44,42 : 0.8139"
"42,45 : 0.6261"
"45,42 : 0.6261"
"42,46 : 0.4295"
"46,42 : 0.4295"
"42,47 : 0.064"
"47,42 : 0.064"
"42,48 : 0.2484"
"48,42 : 0.2484"
"42,49 : 0.4455"
"49,42 : 0.4455"
