x,y
0.79,0.09
0.23,0.61
0.45,0.69
0.98,0.76
0.92,0.69
0.61,0.68
0.45,0.18
0.49,0.6
0.85,0.09
0.93,0.24
0.43,0.85
0.24,0.34
0.38,0.13
0.63,0.89
0.63,0.25
0.55,0.19
0.06,0.75
0.46,0.86
0.12,0.16
0.98,0.73
0.34,0.34
0.1,0.54
0.38,0.27
0.27,0.79
0.02,0.81
0.95,0.21
0.65,0.22
0.43,0.84
0.14,0.18
0.34,0.4
0.34,0.7
0.44,0.49
0.17,0.87
0.65,0.63
0.93,0.15
0.81,0.2
0.69,0.01
0.52,0.32
0.02,0.77
0.11,0.98
0.29,0.76
0.75,0.46
0.41,0.75
0.25,0.65
0.36,0.58
0.86,0.24
0.02,0.79
0.34,0.5
0.37,0.24
0.63,0.7

Distanze
"0,1 : 0.7642"
"1,0 : 0.7642"
"0,2 : 0.6896"
"2,0 : 0.6896"
"0,3 : 0.6964"
"3,0 : 0.6964"
"0,4 : 0.6139"
"4,0 : 0.6139"
"0,5 : 0.6168"
"5,0 : 0.6168"
"0,6 : 0.3517"
"6,0 : 0.3517"
"0,7 : 0.5917"
"7,0 : 0.5917"
"0,8 : 0.06"
"8,0 : 0.06"
"0,9 : 0.2052"
"9,0 : 0.2052"
"0,10 : 0.841"
"10,0 : 0.841"
"0,11 : 0.6042"
"11,0 : 0.6042"
"0,12 : 0.4119"
"12,0 : 0.4119"
"0,13 : 0.8158"
"13,0 : 0.8158"
"0,14 : 0.2263"
"14,0 : 0.2263"
"0,15 : 0.26"
"15,0 : 0.26"
"0,16 : 0.9841"
"16,0 : 0.9841"
"0,17 : 0.8377"
"17,0 : 0.8377"
"0,18 : 0.6736"
"18,0 : 0.6736"
"0,19 : 0.6676"
"19,0 : 0.6676"
"0,20 : 0.5148"
"20,0 : 0.5148"
"0,21 : 0.8238"
"21,0 : 0.8238"
"0,22 : 0.4478"
"22,0 : 0.4478"
"0,23 : 0.872"
"23,0 : 0.872"
"0,24 : 1.0542"
"24,0 : 1.0542"
"0,25 : 0.2"
"25,0 : 0.2"
"0,26 : 0.191"
"26,0 : 0.191"
"0,27 : 0.8319"
"27,0 : 0.8319"
"0,28 : 0.6562"
"28,0 : 0.6562"
"0,29 : 0.5464"
"29,0 : 0.5464"
"0,30 : 0.758"
"30,0 : 0.758"
"0,31 : 0.5315"
"31,0 : 0.5315"
"0,32 : 0.9964"
"32,0 : 0.9964"
"0,33 : 0.5579"
"33,0 : 0.5579"
"0,34 : 0.1523"
"34,0 : 0.1523"
"0,35 : 0.1118"
"35,0 : 0.1118"
"0,36 : 0.1281"
"36,0 : 0.1281"
"0,37 : 0.3547"
"37,0 : 0.3547"
"0,38 : 1.0273"
"38,0 : 1.0273"
"0,39 : 1.12"
"39,0 : 1.12"
"0,40 : 0.836"
"40,0 : 0.836"
"0,41 : 0.3722"
"41,0 : 0.3722"
"0,42 : 0.7616"
"42,0 : 0.7616"
"0,43 : 0.7779"
"43,0 : 0.7779"
"0,44 : 0.6519"
"44,0 : 0.6519"
"0,45 : 0.1655"
"45,0 : 0.1655"
"0,46 : 1.0406"
"46,0 : 1.0406"
"0,47 : 0.6088"
"47,0 : 0.6088"
"0,48 : 0.446"
"48,0 : 0.446"
"0,49 : 0.6306"
"49,0 : 0.6306"
"1,2 : 0.2341"
"2,1 : 0.2341"
"1,3 : 0.7649"
"3,1 : 0.7649"
"1,4 : 0.6946"
"4,1 : 0.6946"
"1,5 : 0.3864"
"5,1 : 0.3864"
"1,6 : 0.483"
"6,1 : 0.483"
"1,7 : 0.2602"
"7,1 : 0.2602"
"1,8 : 0.8092"
"8,1 : 0.8092"
"1,9 : 0.7918"
"9,1 : 0.7918"
"1,10 : 0.3124"
"10,1 : 0.3124"
"1,11 : 0.2702"
"11,1 : 0.2702"
"1,12 : 0.5029"
"12,1 : 0.5029"
"1,13 : 0.4883"
"13,1 : 0.4883"
"1,14 : 0.5381"
"14,1 : 0.5381"
"1,15 : 0.528"
"15,1 : 0.528"
"1,16 : 0.2202"
"16,1 : 0.2202"
"1,17 : 0.3397"
"17,1 : 0.3397"
"1,18 : 0.4632"
"18,1 : 0.4632"
"1,19 : 0.7595"
"19,1 : 0.7595"
"1,20 : 0.2915"
"20,1 : 0.2915"
"1,21 : 0.1476"
"21,1 : 0.1476"
"1,22 : 0.3716"
"22,1 : 0.3716"
"1,23 : 0.1844"
"23,1 : 0.1844"
"1,24 : 0.29"
"24,1 : 0.29"
"1,25 : 0.8237"
"25,1 : 0.8237"
"1,26 : 0.5731"
"26,1 : 0.5731"
"1,27 : 0.3048"
"27,1 : 0.3048"
"1,28 : 0.4393"
"28,1 : 0.4393"
"1,29 : 0.2371"
"29,1 : 0.2371"
"1,30 : 0.1421"
"30,1 : 0.1421"
"1,31 : 0.2419"
"31,1 : 0.2419"
"1,32 : 0.2668"
"32,1 : 0.2668"
"1,33 : 0.4205"
"33,1 : 0.4205"
"1,34 : 0.8376"
"34,1 : 0.8376"
"1,35 : 0.7103"
"35,1 : 0.7103"
"1,36 : 0.756"
"36,1 : 0.756"
"1,37 : 0.4101"
"37,1 : 0.4101"
"1,38 : 0.264"
"38,1 : 0.264"
"1,39 : 0.389"
"39,1 : 0.389"
"1,40 : 0.1616"
"40,1 : 0.1616"
"1,41 : 0.5412"
"41,1 : 0.5412"
"1,42 : 0.228"
"42,1 : 0.228"
"1,43 : 0.0447"
"43,1 : 0.0447"
"1,44 : 0.1334"
"44,1 : 0.1334"
"1,45 : 0.7306"
"45,1 : 0.7306"
"1,46 : 0.2766"
"46,1 : 0.2766"
"1,47 : 0.1556"
"47,1 : 0.1556"
"1,48 : 0.3956"
"48,1 : 0.3956"
"1,49 : 0.41"
"49,1 : 0.41"
"2,3 : 0.5346"
"3,2 : 0.5346"
"2,4 : 0.47"
"4,2 : 0.47"
"2,5 : 0.1603"
"5,2 : 0.1603"
"2,6 : 0.51"
"6,2 : 0.51"
"2,7 : 0.0985"
"7,2 : 0.0985"
"2,8 : 0.7211"
"8,2 : 0.7211"
"2,9 : 0.658"
"9,2 : 0.658"
"2,10 : 0.1612"
"10,2 : 0.1612"
"2,11 : 0.4082"
"11,2 : 0.4082"
"2,12 : 0.5644"
"12,2 : 0.5644"
"2,13 : 0.2691"
"13,2 : 0.2691"
"2,14 : 0.4754"
"14,2 : 0.4754"
"2,15 : 0.5099"
"15,2 : 0.5099"
"2,16 : 0.3946"
"16,2 : 0.3946"
"2,17 : 0.1703"
"17,2 : 0.1703"
"2,18 : 0.6243"
"18,2 : 0.6243"
"2,19 : 0.5315"
"19,2 : 0.5315"
"2,20 : 0.3669"
"20,2 : 0.3669"
"2,21 : 0.3808"
"21,2 : 0.3808"
"2,22 : 0.4258"
"22,2 : 0.4258"
"2,23 : 0.2059"
"23,2 : 0.2059"
"2,24 : 0.4464"
"24,2 : 0.4464"
"2,25 : 0.6931"
"25,2 : 0.6931"
"2,26 : 0.5108"
"26,2 : 0.5108"
"2,27 : 0.1513"
"27,2 : 0.1513"
"2,28 : 0.5968"
"28,2 : 0.5968"
"2,29 : 0.3102"
"29,2 : 0.3102"
"2,30 : 0.1105"
"30,2 : 0.1105"
"2,31 : 0.2002"
"31,2 : 0.2002"
"2,32 : 0.3329"
"32,2 : 0.3329"
"2,33 : 0.2088"
"33,2 : 0.2088"
"2,34 : 0.7225"
"34,2 : 0.7225"
"2,35 : 0.608"
"35,2 : 0.608"
"2,36 : 0.7211"
"36,2 : 0.7211"
"2,37 : 0.3766"
"37,2 : 0.3766"
"2,38 : 0.4374"
"38,2 : 0.4374"
"2,39 : 0.4469"
"39,2 : 0.4469"
"2,40 : 0.1746"
"40,2 : 0.1746"
"2,41 : 0.378"
"41,2 : 0.378"
"2,42 : 0.0721"
"42,2 : 0.0721"
"2,43 : 0.204"
"43,2 : 0.204"
"2,44 : 0.1421"
"44,2 : 0.1421"
"2,45 : 0.6088"
"45,2 : 0.6088"
"2,46 : 0.4415"
"46,2 : 0.4415"
"2,47 : 0.2195"
"47,2 : 0.2195"
"2,48 : 0.4571"
"48,2 : 0.4571"
"2,49 : 0.1803"
"49,2 : 0.1803"
"3,4 : 0.0922"
"4,3 : 0.0922"
"3,5 : 0.3785"
"5,3 : 0.3785"
"3,6 : 0.7857"
"6,3 : 0.7857"
"3,7 : 0.5155"
"7,3 : 0.5155"
"3,8 : 0.6825"
"8,3 : 0.6825"
"3,9 : 0.5224"
"9,3 : 0.5224"
"3,10 : 0.5573"
"10,3 : 0.5573"
"3,11 : 0.8509"
"11,3 : 0.8509"
"3,12 : 0.87"
"12,3 : 0.87"
"3,13 : 0.3734"
"13,3 : 0.3734"
"3,14 : 0.6185"
"14,3 : 0.6185"
"3,15 : 0.714"
"15,3 : 0.714"
"3,16 : 0.9201"
"16,3 : 0.9201"
"3,17 : 0.5295"
"17,3 : 0.5295"
"3,18 : 1.0486"
"18,3 : 1.0486"
"3,19 : 0.03"
"19,3 : 0.03"
"3,20 : 0.7655"
"20,3 : 0.7655"
"3,21 : 0.9071"
"21,3 : 0.9071"
"3,22 : 0.7747"
"22,3 : 0.7747"
"3,23 : 0.7106"
"23,3 : 0.7106"
"3,24 : 0.9613"
"24,3 : 0.9613"
"3,25 : 0.5508"
"25,3 : 0.5508"
"3,26 : 0.6329"
"26,3 : 0.6329"
"3,27 : 0.5558"
"27,3 : 0.5558"
"3,28 : 1.0208"
"28,3 : 1.0208"
"3,29 : 0.7343"
"29,3 : 0.7343"
"3,30 : 0.6428"
"30,3 : 0.6428"
"3,31 : 0.6037"
"31,3 : 0.6037"
"3,32 : 0.8174"
"32,3 : 0.8174"
"3,33 : 0.3547"
"33,3 : 0.3547"
"3,34 : 0.612"
"34,3 : 0.612"
"3,35 : 0.5852"
"35,3 : 0.5852"
"3,36 : 0.8041"
"36,3 : 0.8041"
"3,37 : 0.6366"
"37,3 : 0.6366"
"3,38 : 0.9601"
"38,3 : 0.9601"
"3,39 : 0.8974"
"39,3 : 0.8974"
"3,40 : 0.69"
"40,3 : 0.69"
"3,41 : 0.378"
"41,3 : 0.378"
"3,42 : 0.5701"
"42,3 : 0.5701"
"3,43 : 0.7382"
"43,3 : 0.7382"
"3,44 : 0.6456"
"44,3 : 0.6456"
"3,45 : 0.5337"
"45,3 : 0.5337"
"3,46 : 0.9605"
"46,3 : 0.9605"
"3,47 : 0.6908"
"47,3 : 0.6908"
"3,48 : 0.8016"
"48,3 : 0.8016"
"3,49 : 0.3551"
"49,3 : 0.3551"
"4,5 : 0.3102"
"5,4 : 0.3102"
"4,6 : 0.6935"
"6,4 : 0.6935"
"4,7 : 0.4393"
"7,4 : 0.4393"
"4,8 : 0.6041"
"8,4 : 0.6041"
"4,9 : 0.4501"
"9,4 : 0.4501"
"4,10 : 0.5155"
"10,4 : 0.5155"
"4,11 : 0.7648"
"11,4 : 0.7648"
"4,12 : 0.7779"
"12,4 : 0.7779"
"4,13 : 0.3523"
"13,4 : 0.3523"
"4,14 : 0.527"
"14,4 : 0.527"
"4,15 : 0.622"
"15,4 : 0.622"
"4,16 : 0.8621"
"16,4 : 0.8621"
"4,17 : 0.4904"
"17,4 : 0.4904"
"4,18 : 0.9596"
"18,4 : 0.9596"
"4,19 : 0.0721"
"19,4 : 0.0721"
"4,20 : 0.6774"
"20,4 : 0.6774"
"4,21 : 0.8336"
"21,4 : 0.8336"
"4,22 : 0.6841"
"22,4 : 0.6841"
"4,23 : 0.6576"
"23,4 : 0.6576"
"4,24 : 0.908"
"24,4 : 0.908"
"4,25 : 0.4809"
"25,4 : 0.4809"
"4,26 : 0.542"
"26,4 : 0.542"
"4,27 : 0.5124"
"27,4 : 0.5124"
"4,28 : 0.9319"
"28,4 : 0.9319"
"4,29 : 0.6485"
"29,4 : 0.6485"
"4,30 : 0.5801"
"30,4 : 0.5801"
"4,31 : 0.52"
"31,4 : 0.52"
"4,32 : 0.7713"
"32,4 : 0.7713"
"4,33 : 0.2766"
"33,4 : 0.2766"
"4,34 : 0.5401"
"34,4 : 0.5401"
"4,35 : 0.5022"
"35,4 : 0.5022"
"4,36 : 0.7178"
"36,4 : 0.7178"
"4,37 : 0.5449"
"37,4 : 0.5449"
"4,38 : 0.9035"
"38,4 : 0.9035"
"4,39 : 0.8603"
"39,4 : 0.8603"
"4,40 : 0.6339"
"40,4 : 0.6339"
"4,41 : 0.286"
"41,4 : 0.286"
"4,42 : 0.5135"
"42,4 : 0.5135"
"4,43 : 0.6712"
"43,4 : 0.6712"
"4,44 : 0.5707"
"44,4 : 0.5707"
"4,45 : 0.454"
"45,4 : 0.454"
"4,46 : 0.9055"
"46,4 : 0.9055"
"4,47 : 0.6103"
"47,4 : 0.6103"
"4,48 : 0.7106"
"48,4 : 0.7106"
"4,49 : 0.2902"
"49,4 : 0.2902"
"5,6 : 0.525"
"6,5 : 0.525"
"5,7 : 0.1442"
"7,5 : 0.1442"
"5,8 : 0.6369"
"8,5 : 0.6369"
"5,9 : 0.5441"
"9,5 : 0.5441"
"5,10 : 0.2476"
"10,5 : 0.2476"
"5,11 : 0.5025"
"11,5 : 0.5025"
"5,12 : 0.5962"
"12,5 : 0.5962"
"5,13 : 0.211"
"13,5 : 0.211"
"5,14 : 0.4305"
"14,5 : 0.4305"
"5,15 : 0.4937"
"15,5 : 0.4937"
"5,16 : 0.5544"
"16,5 : 0.5544"
"5,17 : 0.2343"
"17,5 : 0.2343"
"5,18 : 0.7145"
"18,5 : 0.7145"
"5,19 : 0.3734"
"19,5 : 0.3734"
"5,20 : 0.4342"
"20,5 : 0.4342"
"5,21 : 0.5289"
"21,5 : 0.5289"
"5,22 : 0.4701"
"22,5 : 0.4701"
"5,23 : 0.3574"
"23,5 : 0.3574"
"5,24 : 0.6042"
"24,5 : 0.6042"
"5,25 : 0.5801"
"25,5 : 0.5801"
"5,26 : 0.4617"
"26,5 : 0.4617"
"5,27 : 0.2408"
"27,5 : 0.2408"
"5,28 : 0.6862"
"28,5 : 0.6862"
"5,29 : 0.389"
"29,5 : 0.389"
"5,30 : 0.2707"
"30,5 : 0.2707"
"5,31 : 0.255"
"31,5 : 0.255"
"5,32 : 0.4793"
"32,5 : 0.4793"
"5,33 : 0.064"
"33,5 : 0.064"
"5,34 : 0.6191"
"34,5 : 0.6191"
"5,35 : 0.52"
"35,5 : 0.52"
"5,36 : 0.6748"
"36,5 : 0.6748"
"5,37 : 0.3711"
"37,5 : 0.3711"
"5,38 : 0.5968"
"38,5 : 0.5968"
"5,39 : 0.5831"
"39,5 : 0.5831"
"5,40 : 0.3298"
"40,5 : 0.3298"
"5,41 : 0.2608"
"41,5 : 0.2608"
"5,42 : 0.2119"
"42,5 : 0.2119"
"5,43 : 0.3612"
"43,5 : 0.3612"
"5,44 : 0.2693"
"44,5 : 0.2693"
"5,45 : 0.5061"
"45,5 : 0.5061"
"5,46 : 0.6002"
"46,5 : 0.6002"
"5,47 : 0.3245"
"47,5 : 0.3245"
"5,48 : 0.5012"
"48,5 : 0.5012"
"5,49 : 0.0283"
"49,5 : 0.0283"
"6,7 : 0.4219"
"7,6 : 0.4219"
"6,8 : 0.41"
"8,6 : 0.41"
"6,9 : 0.4837"
"9,6 : 0.4837"
"6,10 : 0.6703"
"10,6 : 0.6703"
"6,11 : 0.264"
"11,6 : 0.264"
"6,12 : 0.086"
"12,6 : 0.086"
"6,13 : 0.7325"
"13,6 : 0.7325"
"6,14 : 0.1931"
"14,6 : 0.1931"
"6,15 : 0.1005"
"15,6 : 0.1005"
"6,16 : 0.6907"
"16,6 : 0.6907"
"6,17 : 0.6801"
"17,6 : 0.6801"
"6,18 : 0.3306"
"18,6 : 0.3306"
"6,19 : 0.7638"
"19,6 : 0.7638"
"6,20 : 0.1942"
"20,6 : 0.1942"
"6,21 : 0.5021"
"21,6 : 0.5021"
"6,22 : 0.114"
"22,6 : 0.114"
"6,23 : 0.636"
"23,6 : 0.636"
"6,24 : 0.7628"
"24,6 : 0.7628"
"6,25 : 0.5009"
"25,6 : 0.5009"
"6,26 : 0.204"
"26,6 : 0.204"
"6,27 : 0.6603"
"27,6 : 0.6603"
"6,28 : 0.31"
"28,6 : 0.31"
"6,29 : 0.246"
"29,6 : 0.246"
"6,30 : 0.5315"
"30,6 : 0.5315"
"6,31 : 0.3102"
"31,6 : 0.3102"
"6,32 : 0.7446"
"32,6 : 0.7446"
"6,33 : 0.4924"
"33,6 : 0.4924"
"6,34 : 0.4809"
"34,6 : 0.4809"
"6,35 : 0.3606"
"35,6 : 0.3606"
"6,36 : 0.2941"
"36,6 : 0.2941"
"6,37 : 0.1565"
"37,6 : 0.1565"
"6,38 : 0.7301"
"38,6 : 0.7301"
"6,39 : 0.8693"
"39,6 : 0.8693"
"6,40 : 0.6017"
"40,6 : 0.6017"
"6,41 : 0.4104"
"41,6 : 0.4104"
"6,42 : 0.5714"
"42,6 : 0.5714"
"6,43 : 0.5108"
"43,6 : 0.5108"
"6,44 : 0.41"
"44,6 : 0.41"
"6,45 : 0.4144"
"45,6 : 0.4144"
"6,46 : 0.7463"
"46,6 : 0.7463"
"6,47 : 0.3384"
"47,6 : 0.3384"
"6,48 : 0.1"
"48,6 : 0.1"
"6,49 : 0.5503"
"49,6 : 0.5503"
"7,8 : 0.6243"
"8,7 : 0.6243"
"7,9 : 0.5685"
"9,7 : 0.5685"
"7,10 : 0.2571"
"10,7 : 0.2571"
"7,11 : 0.3607"
"11,7 : 0.3607"
"7,12 : 0.4827"
"12,7 : 0.4827"
"7,13 : 0.322"
"13,7 : 0.322"
"7,14 : 0.377"
"14,7 : 0.377"
"7,15 : 0.4144"
"15,7 : 0.4144"
"7,16 : 0.4554"
"16,7 : 0.4554"
"7,17 : 0.2617"
"17,7 : 0.2617"
"7,18 : 0.5749"
"18,7 : 0.5749"
"7,19 : 0.507"
"19,7 : 0.507"
"7,20 : 0.3002"
"20,7 : 0.3002"
"7,21 : 0.3946"
"21,7 : 0.3946"
"7,22 : 0.3479"
"22,7 : 0.3479"
"7,23 : 0.2907"
"23,7 : 0.2907"
"7,24 : 0.5148"
"24,7 : 0.5148"
"7,25 : 0.6031"
"25,7 : 0.6031"
"7,26 : 0.4123"
"26,7 : 0.4123"
"7,27 : 0.2474"
"27,7 : 0.2474"
"7,28 : 0.5467"
"28,7 : 0.5467"
"7,29 : 0.25"
"29,7 : 0.25"
"7,30 : 0.1803"
"30,7 : 0.1803"
"7,31 : 0.1208"
"31,7 : 0.1208"
"7,32 : 0.4187"
"32,7 : 0.4187"
"7,33 : 0.1628"
"33,7 : 0.1628"
"7,34 : 0.6294"
"34,7 : 0.6294"
"7,35 : 0.5122"
"35,7 : 0.5122"
"7,36 : 0.623"
"36,7 : 0.623"
"7,37 : 0.2816"
"37,7 : 0.2816"
"7,38 : 0.4998"
"38,7 : 0.4998"
"7,39 : 0.5374"
"39,7 : 0.5374"
"7,40 : 0.2561"
"40,7 : 0.2561"
"7,41 : 0.2953"
"41,7 : 0.2953"
"7,42 : 0.17"
"42,7 : 0.17"
"7,43 : 0.2452"
"43,7 : 0.2452"
"7,44 : 0.1315"
"44,7 : 0.1315"
"7,45 : 0.5162"
"45,7 : 0.5162"
"7,46 : 0.507"
"46,7 : 0.507"
"7,47 : 0.1803"
"47,7 : 0.1803"
"7,48 : 0.3795"
"48,7 : 0.3795"
"7,49 : 0.172"
"49,7 : 0.172"
"8,9 : 0.17"
"9,8 : 0.17"
"8,10 : 0.8683"
"10,8 : 0.8683"
"8,11 : 0.6592"
"11,8 : 0.6592"
"8,12 : 0.4717"
"12,8 : 0.4717"
"8,13 : 0.8297"
"13,8 : 0.8297"
"8,14 : 0.272"
"14,8 : 0.272"
"8,15 : 0.3162"
"15,8 : 0.3162"
"8,16 : 1.0294"
"16,8 : 1.0294"
"8,17 : 0.8631"
"17,8 : 0.8631"
"8,18 : 0.7333"
"18,8 : 0.7333"
"8,19 : 0.6531"
"19,8 : 0.6531"
"8,20 : 0.568"
"20,8 : 0.568"
"8,21 : 0.8746"
"21,8 : 0.8746"
"8,22 : 0.5033"
"22,8 : 0.5033"
"8,23 : 0.9091"
"23,8 : 0.9091"
"8,24 : 1.0988"
"24,8 : 1.0988"
"8,25 : 0.1562"
"25,8 : 0.1562"
"8,26 : 0.2385"
"26,8 : 0.2385"
"8,27 : 0.8596"
"27,8 : 0.8596"
"8,28 : 0.7157"
"28,8 : 0.7157"
"8,29 : 0.5968"
"29,8 : 0.5968"
"8,30 : 0.7951"
"30,8 : 0.7951"
"8,31 : 0.5728"
"31,8 : 0.5728"
"8,32 : 1.0348"
"32,8 : 1.0348"
"8,33 : 0.5758"
"33,8 : 0.5758"
"8,34 : 0.1"
"34,8 : 0.1"
"8,35 : 0.117"
"35,8 : 0.117"
"8,36 : 0.1789"
"36,8 : 0.1789"
"8,37 : 0.4022"
"37,8 : 0.4022"
"8,38 : 1.073"
"38,8 : 1.073"
"8,39 : 1.1575"
"39,8 : 1.1575"
"8,40 : 0.8732"
"40,8 : 0.8732"
"8,41 : 0.3833"
"41,8 : 0.3833"
"8,42 : 0.7932"
"42,8 : 0.7932"
"8,43 : 0.8207"
"43,8 : 0.8207"
"8,44 : 0.693"
"44,8 : 0.693"
"8,45 : 0.1503"
"45,8 : 0.1503"
"8,46 : 1.0858"
"46,8 : 1.0858"
"8,47 : 0.6544"
"47,8 : 0.6544"
"8,48 : 0.5029"
"48,8 : 0.5029"
"8,49 : 0.6485"
"49,8 : 0.6485"
"9,10 : 0.7887"
"10,9 : 0.7887"
"9,11 : 0.6972"
"11,9 : 0.6972"
"9,12 : 0.5609"
"12,9 : 0.5609"
"9,13 : 0.7159"
"13,9 : 0.7159"
"9,14 : 0.3002"
"14,9 : 0.3002"
"9,15 : 0.3833"
"15,9 : 0.3833"
"9,16 : 1.0085"
"16,9 : 1.0085"
"9,17 : 0.778"
"17,9 : 0.778"
"9,18 : 0.8139"
"18,9 : 0.8139"
"9,19 : 0.4925"
"19,9 : 0.4925"
"9,20 : 0.5984"
"20,9 : 0.5984"
"9,21 : 0.8826"
"21,9 : 0.8826"
"9,22 : 0.5508"
"22,9 : 0.5508"
"9,23 : 0.8591"
"23,9 : 0.8591"
"9,24 : 1.0738"
"24,9 : 1.0738"
"9,25 : 0.0361"
"25,9 : 0.0361"
"9,26 : 0.2807"
"26,9 : 0.2807"
"9,27 : 0.781"
"27,9 : 0.781"
"9,28 : 0.7923"
"28,9 : 0.7923"
"9,29 : 0.6113"
"29,9 : 0.6113"
"9,30 : 0.7481"
"30,9 : 0.7481"
"9,31 : 0.5501"
"31,9 : 0.5501"
"9,32 : 0.9872"
"32,9 : 0.9872"
"9,33 : 0.4801"
"33,9 : 0.4801"
"9,34 : 0.09"
"34,9 : 0.09"
"9,35 : 0.1265"
"35,9 : 0.1265"
"9,36 : 0.3324"
"36,9 : 0.3324"
"9,37 : 0.4177"
"37,9 : 0.4177"
"9,38 : 1.0531"
"38,9 : 1.0531"
"9,39 : 1.1045"
"39,9 : 1.1045"
"9,40 : 0.8246"
"40,9 : 0.8246"
"9,41 : 0.2843"
"41,9 : 0.2843"
"9,42 : 0.7284"
"42,9 : 0.7284"
"9,43 : 0.794"
"43,9 : 0.794"
"9,44 : 0.6637"
"44,9 : 0.6637"
"9,45 : 0.07"
"45,9 : 0.07"
"9,46 : 1.0633"
"46,9 : 1.0633"
"9,47 : 0.6447"
"47,9 : 0.6447"
"9,48 : 0.56"
"48,9 : 0.56"
"9,49 : 0.5492"
"49,9 : 0.5492"
"10,11 : 0.5442"
"11,10 : 0.5442"
"10,12 : 0.7217"
"12,10 : 0.7217"
"10,13 : 0.204"
"13,10 : 0.204"
"10,14 : 0.6325"
"14,10 : 0.6325"
"10,15 : 0.6708"
"15,10 : 0.6708"
"10,16 : 0.3833"
"16,10 : 0.3833"
"10,17 : 0.0316"
"17,10 : 0.0316"
"10,18 : 0.7564"
"18,10 : 0.7564"
"10,19 : 0.5629"
"19,10 : 0.5629"
"10,20 : 0.5179"
"20,10 : 0.5179"
"10,21 : 0.4528"
"21,10 : 0.4528"
"10,22 : 0.5822"
"22,10 : 0.5822"
"10,23 : 0.1709"
"23,10 : 0.1709"
"10,24 : 0.4119"
"24,10 : 0.4119"
"10,25 : 0.8246"
"25,10 : 0.8246"
"10,26 : 0.6673"
"26,10 : 0.6673"
"10,27 : 0.01"
"27,10 : 0.01"
"10,28 : 0.7301"
"28,10 : 0.7301"
"10,29 : 0.4589"
"29,10 : 0.4589"
"10,30 : 0.1749"
"30,10 : 0.1749"
"10,31 : 0.3601"
"31,10 : 0.3601"
"10,32 : 0.2608"
"32,10 : 0.2608"
"10,33 : 0.3111"
"33,10 : 0.3111"
"10,34 : 0.8602"
"34,10 : 0.8602"
"10,35 : 0.7529"
"35,10 : 0.7529"
"10,36 : 0.8793"
"36,10 : 0.8793"
"10,37 : 0.5376"
"37,10 : 0.5376"
"10,38 : 0.4177"
"38,10 : 0.4177"
"10,39 : 0.3454"
"39,10 : 0.3454"
"10,40 : 0.1664"
"40,10 : 0.1664"
"10,41 : 0.5045"
"41,10 : 0.5045"
"10,42 : 0.102"
"42,10 : 0.102"
"10,43 : 0.2691"
"43,10 : 0.2691"
"10,44 : 0.2789"
"44,10 : 0.2789"
"10,45 : 0.7463"
"45,10 : 0.7463"
"10,46 : 0.4144"
"46,10 : 0.4144"
"10,47 : 0.3614"
"47,10 : 0.3614"
"10,48 : 0.6129"
"48,10 : 0.6129"
"10,49 : 0.25"
"49,10 : 0.25"
"11,12 : 0.2524"
"12,11 : 0.2524"
"11,13 : 0.6742"
"13,11 : 0.6742"
"11,14 : 0.4002"
"14,11 : 0.4002"
"11,15 : 0.3444"
"15,11 : 0.3444"
"11,16 : 0.4478"
"16,11 : 0.4478"
"11,17 : 0.5646"
"17,11 : 0.5646"
"11,18 : 0.2163"
"18,11 : 0.2163"
"11,19 : 0.8365"
"19,11 : 0.8365"
"11,20 : 0.1"
"20,11 : 0.1"
"11,21 : 0.2441"
"21,11 : 0.2441"
"11,22 : 0.1565"
"22,11 : 0.1565"
"11,23 : 0.451"
"23,11 : 0.451"
"11,24 : 0.5189"
"24,11 : 0.5189"
"11,25 : 0.7218"
"25,11 : 0.7218"
"11,26 : 0.4272"
"26,11 : 0.4272"
"11,27 : 0.5349"
"27,11 : 0.5349"
"11,28 : 0.1887"
"28,11 : 0.1887"
"11,29 : 0.1166"
"29,11 : 0.1166"
"11,30 : 0.3736"
"30,11 : 0.3736"
"11,31 : 0.25"
"31,11 : 0.25"
"11,32 : 0.5346"
"32,11 : 0.5346"
"11,33 : 0.5022"
"33,11 : 0.5022"
"11,34 : 0.7157"
"34,11 : 0.7157"
"11,35 : 0.5869"
"35,11 : 0.5869"
"11,36 : 0.558"
"36,11 : 0.558"
"11,37 : 0.2807"
"37,11 : 0.2807"
"11,38 : 0.483"
"38,11 : 0.483"
"11,39 : 0.6531"
"39,11 : 0.6531"
"11,40 : 0.423"
"40,11 : 0.423"
"11,41 : 0.5239"
"41,11 : 0.5239"
"11,42 : 0.4438"
"42,11 : 0.4438"
"11,43 : 0.3102"
"43,11 : 0.3102"
"11,44 : 0.2683"
"44,11 : 0.2683"
"11,45 : 0.628"
"45,11 : 0.628"
"11,46 : 0.5009"
"46,11 : 0.5009"
"11,47 : 0.1887"
"47,11 : 0.1887"
"11,48 : 0.164"
"48,11 : 0.164"
"11,49 : 0.5308"
"49,11 : 0.5308"
"12,13 : 0.8001"
"13,12 : 0.8001"
"12,14 : 0.2773"
"14,12 : 0.2773"
"12,15 : 0.1803"
"15,12 : 0.1803"
"12,16 : 0.6977"
"16,12 : 0.6977"
"12,17 : 0.7344"
"17,12 : 0.7344"
"12,18 : 0.2617"
"18,12 : 0.2617"
"12,19 : 0.8485"
"19,12 : 0.8485"
"12,20 : 0.2138"
"20,12 : 0.2138"
"12,21 : 0.4965"
"21,12 : 0.4965"
"12,22 : 0.14"
"22,12 : 0.14"
"12,23 : 0.6691"
"23,12 : 0.6691"
"12,24 : 0.7694"
"24,12 : 0.7694"
"12,25 : 0.5756"
"25,12 : 0.5756"
"12,26 : 0.2846"
"26,12 : 0.2846"
"12,27 : 0.7118"
"27,12 : 0.7118"
"12,28 : 0.2452"
"28,12 : 0.2452"
"12,29 : 0.2729"
"29,12 : 0.2729"
"12,30 : 0.5714"
"30,12 : 0.5714"
"12,31 : 0.365"
"31,12 : 0.365"
"12,32 : 0.7692"
"32,12 : 0.7692"
"12,33 : 0.5682"
"33,12 : 0.5682"
"12,34 : 0.5504"
"34,12 : 0.5504"
"12,35 : 0.4357"
"35,12 : 0.4357"
"12,36 : 0.3324"
"36,12 : 0.3324"
"12,37 : 0.236"
"37,12 : 0.236"
"12,38 : 0.7343"
"38,12 : 0.7343"
"12,39 : 0.8919"
"39,12 : 0.8919"
"12,40 : 0.6364"
"40,12 : 0.6364"
"12,41 : 0.4958"
"41,12 : 0.4958"
"12,42 : 0.6207"
"42,12 : 0.6207"
"12,43 : 0.536"
"43,12 : 0.536"
"12,44 : 0.4504"
"44,12 : 0.4504"
"12,45 : 0.4924"
"45,12 : 0.4924"
"12,46 : 0.7518"
"46,12 : 0.7518"
"12,47 : 0.3722"
"47,12 : 0.3722"
"12,48 : 0.1105"
"48,12 : 0.1105"
"12,49 : 0.6224"
"49,12 : 0.6224"
"13,14 : 0.64"
"14,13 : 0.64"
"13,15 : 0.7046"
"15,13 : 0.7046"
"13,16 : 0.5869"
"16,13 : 0.5869"
"13,17 : 0.1726"
"17,13 : 0.1726"
"13,18 : 0.8905"
"18,13 : 0.8905"
"13,19 : 0.3848"
"19,13 : 0.3848"
"13,20 : 0.6218"
"20,13 : 0.6218"
"13,21 : 0.6351"
"21,13 : 0.6351"
"13,22 : 0.6685"
"22,13 : 0.6685"
"13,23 : 0.3736"
"23,13 : 0.3736"
"13,24 : 0.6152"
"24,13 : 0.6152"
"13,25 : 0.7515"
"25,13 : 0.7515"
"13,26 : 0.6703"
"26,13 : 0.6703"
"13,27 : 0.2062"
"27,13 : 0.2062"
"13,28 : 0.8627"
"28,13 : 0.8627"
"13,29 : 0.5694"
"29,13 : 0.5694"
"13,30 : 0.3467"
"30,13 : 0.3467"
"13,31 : 0.4428"
"31,13 : 0.4428"
"13,32 : 0.4604"
"32,13 : 0.4604"
"13,33 : 0.2608"
"33,13 : 0.2608"
"13,34 : 0.7985"
"34,13 : 0.7985"
"13,35 : 0.7131"
"35,13 : 0.7131"
"13,36 : 0.882"
"36,13 : 0.882"
"13,37 : 0.5805"
"37,13 : 0.5805"
"13,38 : 0.6217"
"38,13 : 0.6217"
"13,39 : 0.5277"
"39,13 : 0.5277"
"13,40 : 0.364"
"40,13 : 0.364"
"13,41 : 0.4464"
"41,13 : 0.4464"
"13,42 : 0.2608"
"42,13 : 0.2608"
"13,43 : 0.4494"
"43,13 : 0.4494"
"13,44 : 0.4111"
"44,13 : 0.4111"
"13,45 : 0.6895"
"45,13 : 0.6895"
"13,46 : 0.6181"
"46,13 : 0.6181"
"13,47 : 0.486"
"47,13 : 0.486"
"13,48 : 0.7001"
"48,13 : 0.7001"
"13,49 : 0.19"
"49,13 : 0.19"
"14,15 : 0.1"
"15,14 : 0.1"
"14,16 : 0.7582"
"16,14 : 0.7582"
"14,17 : 0.6332"
"17,14 : 0.6332"
"14,18 : 0.5179"
"18,14 : 0.5179"
"14,19 : 0.5941"
"19,14 : 0.5941"
"14,20 : 0.3036"
"20,14 : 0.3036"
"14,21 : 0.6042"
"21,14 : 0.6042"
"14,22 : 0.2508"
"22,14 : 0.2508"
"14,23 : 0.649"
"23,14 : 0.649"
"14,24 : 0.8281"
"24,14 : 0.8281"
"14,25 : 0.3225"
"25,14 : 0.3225"
"14,26 : 0.0361"
"26,14 : 0.0361"
"14,27 : 0.623"
"27,14 : 0.623"
"14,28 : 0.495"
"28,14 : 0.495"
"14,29 : 0.3265"
"29,14 : 0.3265"
"14,30 : 0.5354"
"30,14 : 0.5354"
"14,31 : 0.3061"
"31,14 : 0.3061"
"14,32 : 0.772"
"32,14 : 0.772"
"14,33 : 0.3805"
"33,14 : 0.3805"
"14,34 : 0.3162"
"34,14 : 0.3162"
"14,35 : 0.1868"
"35,14 : 0.1868"
"14,36 : 0.2474"
"36,14 : 0.2474"
"14,37 : 0.1304"
"37,14 : 0.1304"
"14,38 : 0.8016"
"38,14 : 0.8016"
"14,39 : 0.8963"
"39,14 : 0.8963"
"14,40 : 0.6129"
"40,14 : 0.6129"
"14,41 : 0.2419"
"41,14 : 0.2419"
"14,42 : 0.5463"
"42,14 : 0.5463"
"14,43 : 0.5517"
"43,14 : 0.5517"
"14,44 : 0.4264"
"44,14 : 0.4264"
"14,45 : 0.2302"
"45,14 : 0.2302"
"14,46 : 0.8147"
"46,14 : 0.8147"
"14,47 : 0.3829"
"47,14 : 0.3829"
"14,48 : 0.2602"
"48,14 : 0.2602"
"14,49 : 0.45"
"49,14 : 0.45"
"15,16 : 0.7441"
"16,15 : 0.7441"
"15,17 : 0.676"
"17,15 : 0.676"
"15,18 : 0.431"
"18,15 : 0.431"
"15,19 : 0.6903"
"19,15 : 0.6903"
"15,20 : 0.2581"
"20,15 : 0.2581"
"15,21 : 0.5701"
"21,15 : 0.5701"
"15,22 : 0.1879"
"22,15 : 0.1879"
"15,23 : 0.6621"
"23,15 : 0.6621"
"15,24 : 0.8157"
"24,15 : 0.8157"
"15,25 : 0.4005"
"25,15 : 0.4005"
"15,26 : 0.1044"
"26,15 : 0.1044"
"15,27 : 0.661"
"27,15 : 0.661"
"15,28 : 0.4101"
"28,15 : 0.4101"
"15,29 : 0.297"
"29,15 : 0.297"
"15,30 : 0.5515"
"30,15 : 0.5515"
"15,31 : 0.3195"
"31,15 : 0.3195"
"15,32 : 0.779"
"32,15 : 0.779"
"15,33 : 0.4512"
"33,15 : 0.4512"
"15,34 : 0.3821"
"34,15 : 0.3821"
"15,35 : 0.2602"
"35,15 : 0.2602"
"15,36 : 0.228"
"36,15 : 0.228"
"15,37 : 0.1334"
"37,15 : 0.1334"
"15,38 : 0.7857"
"38,15 : 0.7857"
"15,39 : 0.9043"
"39,15 : 0.9043"
"15,40 : 0.6265"
"40,15 : 0.6265"
"15,41 : 0.336"
"41,15 : 0.336"
"15,42 : 0.5772"
"42,15 : 0.5772"
"15,43 : 0.5492"
"43,15 : 0.5492"
"15,44 : 0.4338"
"44,15 : 0.4338"
"15,45 : 0.314"
"45,15 : 0.314"
"15,46 : 0.8006"
"46,15 : 0.8006"
"15,47 : 0.3744"
"47,15 : 0.3744"
"15,48 : 0.1868"
"48,15 : 0.1868"
"15,49 : 0.5162"
"49,15 : 0.5162"
"16,17 : 0.4148"
"17,16 : 0.4148"
"16,18 : 0.593"
"18,16 : 0.593"
"16,19 : 0.9202"
"19,16 : 0.9202"
"16,20 : 0.4965"
"20,16 : 0.4965"
"16,21 : 0.2138"
"21,16 : 0.2138"
"16,22 : 0.5769"
"22,16 : 0.5769"
"16,23 : 0.2138"
"23,16 : 0.2138"
"16,24 : 0.0721"
"24,16 : 0.0721"
"16,25 : 1.041"
"25,16 : 1.041"
"16,26 : 0.7931"
"26,16 : 0.7931"
"16,27 : 0.3808"
"27,16 : 0.3808"
"16,28 : 0.5756"
"28,16 : 0.5756"
"16,29 : 0.4482"
"29,16 : 0.4482"
"16,30 : 0.2844"
"30,16 : 0.2844"
"16,31 : 0.4604"
"31,16 : 0.4604"
"16,32 : 0.1628"
"32,16 : 0.1628"
"16,33 : 0.6021"
"33,16 : 0.6021"
"16,34 : 1.0568"
"34,16 : 1.0568"
"16,35 : 0.9301"
"35,16 : 0.9301"
"16,36 : 0.9719"
"36,16 : 0.9719"
"16,37 : 0.6297"
"37,16 : 0.6297"
"16,38 : 0.0447"
"38,16 : 0.0447"
"16,39 : 0.2354"
"39,16 : 0.2354"
"16,40 : 0.2302"
"40,16 : 0.2302"
"16,41 : 0.7485"
"41,16 : 0.7485"
"16,42 : 0.35"
"42,16 : 0.35"
"16,43 : 0.2147"
"43,16 : 0.2147"
"16,44 : 0.3448"
"44,16 : 0.3448"
"16,45 : 0.9487"
"45,16 : 0.9487"
"16,46 : 0.0566"
"46,16 : 0.0566"
"16,47 : 0.3754"
"47,16 : 0.3754"
"16,48 : 0.5968"
"48,16 : 0.5968"
"16,49 : 0.5722"
"49,16 : 0.5722"
"17,18 : 0.7782"
"18,17 : 0.7782"
"17,19 : 0.536"
"19,17 : 0.536"
"17,20 : 0.5337"
"20,17 : 0.5337"
"17,21 : 0.4817"
"21,17 : 0.4817"
"17,22 : 0.5954"
"22,17 : 0.5954"
"17,23 : 0.2025"
"23,17 : 0.2025"
"17,24 : 0.4428"
"24,17 : 0.4428"
"17,25 : 0.814"
"25,17 : 0.814"
"17,26 : 0.6676"
"26,17 : 0.6676"
"17,27 : 0.0361"
"27,17 : 0.0361"
"17,28 : 0.7515"
"28,17 : 0.7515"
"17,29 : 0.4754"
"29,17 : 0.4754"
"17,30 : 0.2"
"30,17 : 0.2"
"17,31 : 0.3705"
"31,17 : 0.3705"
"17,32 : 0.2902"
"32,17 : 0.2902"
"17,33 : 0.2983"
"33,17 : 0.2983"
"17,34 : 0.8515"
"34,17 : 0.8515"
"17,35 : 0.7471"
"35,17 : 0.7471"
"17,36 : 0.8806"
"36,17 : 0.8806"
"17,37 : 0.5433"
"37,17 : 0.5433"
"17,38 : 0.4491"
"38,17 : 0.4491"
"17,39 : 0.37"
"39,17 : 0.37"
"17,40 : 0.1972"
"40,17 : 0.1972"
"17,41 : 0.4941"
"41,17 : 0.4941"
"17,42 : 0.1208"
"42,17 : 0.1208"
"17,43 : 0.297"
"43,17 : 0.297"
"17,44 : 0.2973"
"44,17 : 0.2973"
"17,45 : 0.7378"
"45,17 : 0.7378"
"17,46 : 0.4455"
"46,17 : 0.4455"
"17,47 : 0.3795"
"47,17 : 0.3795"
"17,48 : 0.6265"
"48,17 : 0.6265"
"17,49 : 0.2335"
"49,17 : 0.2335"
"18,19 : 1.0317"
"19,18 : 1.0317"
"18,20 : 0.2843"
"20,18 : 0.2843"
"18,21 : 0.3805"
"21,18 : 0.3805"
"18,22 : 0.2823"
"22,18 : 0.2823"
"18,23 : 0.6476"
"23,18 : 0.6476"
"18,24 : 0.6576"
"24,18 : 0.6576"
"18,25 : 0.8315"
"25,18 : 0.8315"
"18,26 : 0.5334"
"26,18 : 0.5334"
"18,27 : 0.7473"
"27,18 : 0.7473"
"18,28 : 0.0283"
"28,18 : 0.0283"
"18,29 : 0.3256"
"29,18 : 0.3256"
"18,30 : 0.5831"
"30,18 : 0.5831"
"18,31 : 0.4597"
"31,18 : 0.4597"
"18,32 : 0.7118"
"32,18 : 0.7118"
"18,33 : 0.7084"
"33,18 : 0.7084"
"18,34 : 0.8101"
"34,18 : 0.8101"
"18,35 : 0.6912"
"35,18 : 0.6912"
"18,36 : 0.5894"
"36,18 : 0.5894"
"18,37 : 0.4308"
"37,18 : 0.4308"
"18,38 : 0.6181"
"38,18 : 0.6181"
"18,39 : 0.8201"
"39,18 : 0.8201"
"18,40 : 0.6236"
"40,18 : 0.6236"
"18,41 : 0.6978"
"41,18 : 0.6978"
"18,42 : 0.6574"
"42,18 : 0.6574"
"18,43 : 0.507"
"43,18 : 0.507"
"18,44 : 0.4837"
"44,18 : 0.4837"
"18,45 : 0.7443"
"45,18 : 0.7443"
"18,46 : 0.6379"
"46,18 : 0.6379"
"18,47 : 0.405"
"47,18 : 0.405"
"18,48 : 0.2625"
"48,18 : 0.2625"
"18,49 : 0.7428"
"49,18 : 0.7428"
"19,20 : 0.7495"
"20,19 : 0.7495"
"19,21 : 0.9003"
"21,19 : 0.9003"
"19,22 : 0.756"
"22,19 : 0.756"
"19,23 : 0.7125"
"23,19 : 0.7125"
"19,24 : 0.9633"
"24,19 : 0.9633"
"19,25 : 0.5209"
"25,19 : 0.5209"
"19,26 : 0.6075"
"26,19 : 0.6075"
"19,27 : 0.5609"
"27,19 : 0.5609"
"19,28 : 1.004"
"28,19 : 1.004"
"19,29 : 0.7201"
"29,19 : 0.7201"
"19,30 : 0.6407"
"30,19 : 0.6407"
"19,31 : 0.5909"
"31,19 : 0.5909"
"19,32 : 0.822"
"32,19 : 0.822"
"19,33 : 0.3448"
"33,19 : 0.3448"
"19,34 : 0.5822"
"34,19 : 0.5822"
"19,35 : 0.5566"
"35,19 : 0.5566"
"19,36 : 0.7762"
"36,19 : 0.7762"
"19,37 : 0.6162"
"37,19 : 0.6162"
"19,38 : 0.9608"
"38,19 : 0.9608"
"19,39 : 0.9052"
"39,19 : 0.9052"
"19,40 : 0.6907"
"40,19 : 0.6907"
"19,41 : 0.3547"
"41,19 : 0.3547"
"19,42 : 0.5704"
"42,19 : 0.5704"
"19,43 : 0.7344"
"43,19 : 0.7344"
"19,44 : 0.6379"
"44,19 : 0.6379"
"19,45 : 0.5045"
"45,19 : 0.5045"
"19,46 : 0.9619"
"46,19 : 0.9619"
"19,47 : 0.6801"
"47,19 : 0.6801"
"19,48 : 0.7824"
"48,19 : 0.7824"
"19,49 : 0.3513"
"49,19 : 0.3513"
"20,21 : 0.3124"
"21,20 : 0.3124"
"20,22 : 0.0806"
"22,20 : 0.0806"
"20,23 : 0.4554"
"23,20 : 0.4554"
"20,24 : 0.5686"
"24,20 : 0.5686"
"20,25 : 0.6237"
"25,20 : 0.6237"
"20,26 : 0.3324"
"26,20 : 0.3324"
"20,27 : 0.508"
"27,20 : 0.508"
"20,28 : 0.2561"
"28,20 : 0.2561"
"20,29 : 0.06"
"29,20 : 0.06"
"20,30 : 0.36"
"30,20 : 0.36"
"20,31 : 0.1803"
"31,20 : 0.1803"
"20,32 : 0.5566"
"32,20 : 0.5566"
"20,33 : 0.4245"
"33,20 : 0.4245"
"20,34 : 0.6198"
"34,20 : 0.6198"
"20,35 : 0.4904"
"35,20 : 0.4904"
"20,36 : 0.481"
"36,20 : 0.481"
"20,37 : 0.1811"
"37,20 : 0.1811"
"20,38 : 0.536"
"38,20 : 0.536"
"20,39 : 0.6801"
"39,20 : 0.6801"
"20,40 : 0.423"
"40,20 : 0.423"
"20,41 : 0.4272"
"41,20 : 0.4272"
"20,42 : 0.4159"
"42,20 : 0.4159"
"20,43 : 0.3228"
"43,20 : 0.3228"
"20,44 : 0.2408"
"44,20 : 0.2408"
"20,45 : 0.5295"
"45,20 : 0.5295"
"20,46 : 0.5522"
"46,20 : 0.5522"
"20,47 : 0.16"
"47,20 : 0.16"
"20,48 : 0.1044"
"48,20 : 0.1044"
"20,49 : 0.4623"
"49,20 : 0.4623"
"21,22 : 0.389"
"22,21 : 0.389"
"21,23 : 0.3023"
"23,21 : 0.3023"
"21,24 : 0.2816"
"24,21 : 0.2816"
"21,25 : 0.9118"
"25,21 : 0.9118"
"21,26 : 0.6363"
"26,21 : 0.6363"
"21,27 : 0.446"
"27,21 : 0.446"
"21,28 : 0.3622"
"28,21 : 0.3622"
"21,29 : 0.2778"
"29,21 : 0.2778"
"21,30 : 0.2884"
"30,21 : 0.2884"
"21,31 : 0.3437"
"31,21 : 0.3437"
"21,32 : 0.3373"
"32,21 : 0.3373"
"21,33 : 0.5573"
"33,21 : 0.5573"
"21,34 : 0.9171"
"34,21 : 0.9171"
"21,35 : 0.7872"
"35,21 : 0.7872"
"21,36 : 0.7931"
"36,21 : 0.7931"
"21,37 : 0.4741"
"37,21 : 0.4741"
"21,38 : 0.2435"
"38,21 : 0.2435"
"21,39 : 0.4401"
"39,21 : 0.4401"
"21,40 : 0.2907"
"40,21 : 0.2907"
"21,41 : 0.6549"
"41,21 : 0.6549"
"21,42 : 0.3744"
"42,21 : 0.3744"
"21,43 : 0.186"
"43,21 : 0.186"
"21,44 : 0.2631"
"44,21 : 0.2631"
"21,45 : 0.8171"
"45,21 : 0.8171"
"21,46 : 0.2625"
"46,21 : 0.2625"
"21,47 : 0.2433"
"47,21 : 0.2433"
"21,48 : 0.4036"
"48,21 : 0.4036"
"21,49 : 0.5536"
"49,21 : 0.5536"
"22,23 : 0.5315"
"23,22 : 0.5315"
"22,24 : 0.649"
"24,22 : 0.649"
"22,25 : 0.5731"
"25,22 : 0.5731"
"22,26 : 0.2746"
"26,22 : 0.2746"
"22,27 : 0.5722"
"27,22 : 0.5722"
"22,28 : 0.2563"
"28,22 : 0.2563"
"22,29 : 0.136"
"29,22 : 0.136"
"22,30 : 0.4319"
"30,22 : 0.4319"
"22,31 : 0.228"
"31,22 : 0.228"
"22,32 : 0.6357"
"32,22 : 0.6357"
"22,33 : 0.45"
"33,22 : 0.45"
"22,34 : 0.5629"
"34,22 : 0.5629"
"22,35 : 0.4357"
"35,22 : 0.4357"
"22,36 : 0.4046"
"36,22 : 0.4046"
"22,37 : 0.1487"
"37,22 : 0.1487"
"22,38 : 0.6161"
"38,22 : 0.6161"
"22,39 : 0.7596"
"39,22 : 0.7596"
"22,40 : 0.4982"
"40,22 : 0.4982"
"22,41 : 0.4159"
"41,22 : 0.4159"
"22,42 : 0.4809"
"42,22 : 0.4809"
"22,43 : 0.4016"
"43,22 : 0.4016"
"22,44 : 0.3106"
"44,22 : 0.3106"
"22,45 : 0.4809"
"45,22 : 0.4809"
"22,46 : 0.6325"
"46,22 : 0.6325"
"22,47 : 0.2335"
"47,22 : 0.2335"
"22,48 : 0.0316"
"48,22 : 0.0316"
"22,49 : 0.4974"
"49,22 : 0.4974"
"23,24 : 0.2508"
"24,23 : 0.2508"
"23,25 : 0.8938"
"25,23 : 0.8938"
"23,26 : 0.6851"
"26,23 : 0.6851"
"23,27 : 0.1676"
"27,23 : 0.1676"
"23,28 : 0.6237"
"28,23 : 0.6237"
"23,29 : 0.3962"
"29,23 : 0.3962"
"23,30 : 0.114"
"30,23 : 0.114"
"23,31 : 0.3448"
"31,23 : 0.3448"
"23,32 : 0.1281"
"32,23 : 0.1281"
"23,33 : 0.4123"
"33,23 : 0.4123"
"23,34 : 0.9193"
"34,23 : 0.9193"
"23,35 : 0.7998"
"35,23 : 0.7998"
"23,36 : 0.8859"
"36,23 : 0.8859"
"23,37 : 0.5324"
"37,23 : 0.5324"
"23,38 : 0.2508"
"38,23 : 0.2508"
"23,39 : 0.2484"
"39,23 : 0.2484"
"23,40 : 0.0361"
"40,23 : 0.0361"
"23,41 : 0.5825"
"41,23 : 0.5825"
"23,42 : 0.1456"
"42,23 : 0.1456"
"23,43 : 0.1414"
"43,23 : 0.1414"
"23,44 : 0.2285"
"44,23 : 0.2285"
"23,45 : 0.8066"
"45,23 : 0.8066"
"23,46 : 0.25"
"46,23 : 0.25"
"23,47 : 0.2983"
"47,23 : 0.2983"
"23,48 : 0.559"
"48,23 : 0.559"
"23,49 : 0.3711"
"49,23 : 0.3711"
"24,25 : 1.1068"
"25,24 : 1.1068"
"24,26 : 0.8631"
"26,24 : 0.8631"
"24,27 : 0.4111"
"27,24 : 0.4111"
"24,28 : 0.6413"
"28,24 : 0.6413"
"24,29 : 0.5201"
"29,24 : 0.5201"
"24,30 : 0.3384"
"30,24 : 0.3384"
"24,31 : 0.528"
"31,24 : 0.528"
"24,32 : 0.1616"
"32,24 : 0.1616"
"24,33 : 0.6552"
"33,24 : 0.6552"
"24,34 : 1.1241"
"34,24 : 1.1241"
"24,35 : 0.9981"
"35,24 : 0.9981"
"24,36 : 1.0435"
"36,24 : 1.0435"
"24,37 : 0.7001"
"37,24 : 0.7001"
"24,38 : 0.04"
"38,24 : 0.04"
"24,39 : 0.1924"
"39,24 : 0.1924"
"24,40 : 0.2746"
"40,24 : 0.2746"
"24,41 : 0.8096"
"41,24 : 0.8096"
"24,42 : 0.3946"
"42,24 : 0.3946"
"24,43 : 0.2802"
"43,24 : 0.2802"
"24,44 : 0.4105"
"44,24 : 0.4105"
"24,45 : 1.0151"
"45,24 : 1.0151"
"24,46 : 0.02"
"46,24 : 0.02"
"24,47 : 0.4455"
"47,24 : 0.4455"
"24,48 : 0.6689"
"48,24 : 0.6689"
"24,49 : 0.6198"
"49,24 : 0.6198"
"25,26 : 0.3002"
"26,25 : 0.3002"
"25,27 : 0.8169"
"27,25 : 0.8169"
"25,28 : 0.8106"
"28,25 : 0.8106"
"25,29 : 0.6389"
"29,25 : 0.6389"
"25,30 : 0.7824"
"30,25 : 0.7824"
"25,31 : 0.5818"
"31,25 : 0.5818"
"25,32 : 1.0218"
"32,25 : 1.0218"
"25,33 : 0.5161"
"33,25 : 0.5161"
"25,34 : 0.0632"
"34,25 : 0.0632"
"25,35 : 0.1404"
"35,25 : 0.1404"
"25,36 : 0.328"
"36,25 : 0.328"
"25,37 : 0.4438"
"37,25 : 0.4438"
"25,38 : 1.0856"
"38,25 : 1.0856"
"25,39 : 1.1395"
"39,25 : 1.1395"
"25,40 : 0.8591"
"40,25 : 0.8591"
"25,41 : 0.3202"
"41,25 : 0.3202"
"25,42 : 0.7637"
"42,25 : 0.7637"
"25,43 : 0.8268"
"43,25 : 0.8268"
"25,44 : 0.6964"
"44,25 : 0.6964"
"25,45 : 0.0949"
"45,25 : 0.0949"
"25,46 : 1.096"
"46,25 : 1.096"
"25,47 : 0.6754"
"47,25 : 0.6754"
"25,48 : 0.5808"
"48,25 : 0.5808"
"25,49 : 0.5852"
"49,25 : 0.5852"
"26,27 : 0.6579"
"27,26 : 0.6579"
"26,28 : 0.5116"
"28,26 : 0.5116"
"26,29 : 0.3585"
"29,26 : 0.3585"
"26,30 : 0.5714"
"30,26 : 0.5714"
"26,31 : 0.3421"
"31,26 : 0.3421"
"26,32 : 0.808"
"32,26 : 0.808"
"26,33 : 0.41"
"33,26 : 0.41"
"26,34 : 0.2886"
"34,26 : 0.2886"
"26,35 : 0.1612"
"35,26 : 0.1612"
"26,36 : 0.2138"
"36,26 : 0.2138"
"26,37 : 0.164"
"37,26 : 0.164"
"26,38 : 0.8363"
"38,26 : 0.8363"
"26,39 : 0.9323"
"39,26 : 0.9323"
"26,40 : 0.649"
"40,26 : 0.649"
"26,41 : 0.26"
"41,26 : 0.26"
"26,42 : 0.5818"
"42,26 : 0.5818"
"26,43 : 0.5873"
"43,26 : 0.5873"
"26,44 : 0.4623"
"44,26 : 0.4623"
"26,45 : 0.211"
"45,26 : 0.211"
"26,46 : 0.8496"
"46,26 : 0.8496"
"26,47 : 0.4177"
"47,26 : 0.4177"
"26,48 : 0.2807"
"48,26 : 0.2807"
"26,49 : 0.4804"
"49,26 : 0.4804"
"27,28 : 0.7209"
"28,27 : 0.7209"
"27,29 : 0.4491"
"29,27 : 0.4491"
"27,30 : 0.1664"
"30,27 : 0.1664"
"27,31 : 0.3501"
"31,27 : 0.3501"
"27,32 : 0.2617"
"32,27 : 0.2617"
"27,33 : 0.3041"
"33,27 : 0.3041"
"27,34 : 0.8521"
"34,27 : 0.8521"
"27,35 : 0.7443"
"35,27 : 0.7443"
"27,36 : 0.8698"
"36,27 : 0.8698"
"27,37 : 0.5277"
"37,27 : 0.5277"
"27,38 : 0.4159"
"38,27 : 0.4159"
"27,39 : 0.3493"
"39,27 : 0.3493"
"27,40 : 0.1612"
"40,27 : 0.1612"
"27,41 : 0.4968"
"41,27 : 0.4968"
"27,42 : 0.0922"
"42,27 : 0.0922"
"27,43 : 0.2617"
"43,27 : 0.2617"
"27,44 : 0.2693"
"44,27 : 0.2693"
"27,45 : 0.7382"
"45,27 : 0.7382"
"27,46 : 0.413"
"46,27 : 0.413"
"27,47 : 0.3517"
"47,27 : 0.3517"
"27,48 : 0.603"
"48,27 : 0.603"
"27,49 : 0.2441"
"49,27 : 0.2441"
"28,29 : 0.2973"
"29,28 : 0.2973"
"28,30 : 0.5571"
"30,28 : 0.5571"
"28,31 : 0.4314"
"31,28 : 0.4314"
"28,32 : 0.6907"
"32,28 : 0.6907"
"28,33 : 0.6801"
"33,28 : 0.6801"
"28,34 : 0.7906"
"34,28 : 0.7906"
"28,35 : 0.6703"
"35,28 : 0.6703"
"28,36 : 0.5757"
"36,28 : 0.5757"
"28,37 : 0.405"
"37,28 : 0.405"
"28,38 : 0.6021"
"38,28 : 0.6021"
"28,39 : 0.8006"
"39,28 : 0.8006"
"28,40 : 0.5991"
"40,28 : 0.5991"
"28,41 : 0.6712"
"41,28 : 0.6712"
"28,42 : 0.6307"
"42,28 : 0.6307"
"28,43 : 0.4827"
"43,28 : 0.4827"
"28,44 : 0.4565"
"44,28 : 0.4565"
"28,45 : 0.7225"
"45,28 : 0.7225"
"28,46 : 0.6217"
"46,28 : 0.6217"
"28,47 : 0.3774"
"47,28 : 0.3774"
"28,48 : 0.2377"
"48,28 : 0.2377"
"28,49 : 0.7145"
"49,28 : 0.7145"
"29,30 : 0.3"
"30,29 : 0.3"
"29,31 : 0.1345"
"31,29 : 0.1345"
"29,32 : 0.4998"
"32,29 : 0.4998"
"29,33 : 0.386"
"33,29 : 0.386"
"29,34 : 0.6408"
"34,29 : 0.6408"
"29,35 : 0.5108"
"35,29 : 0.5108"
"29,36 : 0.524"
"36,29 : 0.524"
"29,37 : 0.197"
"37,29 : 0.197"
"29,38 : 0.4892"
"38,29 : 0.4892"
"29,39 : 0.6239"
"39,29 : 0.6239"
"29,40 : 0.3635"
"40,29 : 0.3635"
"29,41 : 0.4144"
"41,29 : 0.4144"
"29,42 : 0.3569"
"42,29 : 0.3569"
"29,43 : 0.2657"
"43,29 : 0.2657"
"29,44 : 0.1811"
"44,29 : 0.1811"
"29,45 : 0.5441"
"45,29 : 0.5441"
"29,46 : 0.5045"
"46,29 : 0.5045"
"29,47 : 0.1"
"47,29 : 0.1"
"29,48 : 0.1628"
"48,29 : 0.1628"
"29,49 : 0.4173"
"49,29 : 0.4173"
"30,31 : 0.2326"
"31,30 : 0.2326"
"30,32 : 0.2404"
"32,30 : 0.2404"
"30,33 : 0.3178"
"33,30 : 0.3178"
"30,34 : 0.8066"
"34,30 : 0.8066"
"30,35 : 0.6862"
"35,30 : 0.6862"
"30,36 : 0.7737"
"36,30 : 0.7737"
"30,37 : 0.4205"
"37,30 : 0.4205"
"30,38 : 0.3276"
"38,30 : 0.3276"
"30,39 : 0.3624"
"39,30 : 0.3624"
"30,40 : 0.0781"
"40,30 : 0.0781"
"30,41 : 0.4751"
"41,30 : 0.4751"
"30,42 : 0.086"
"42,30 : 0.086"
"30,43 : 0.103"
"43,30 : 0.103"
"30,44 : 0.1217"
"44,30 : 0.1217"
"30,45 : 0.6943"
"45,30 : 0.6943"
"30,46 : 0.3324"
"46,30 : 0.3324"
"30,47 : 0.2"
"47,30 : 0.2"
"30,48 : 0.461"
"48,30 : 0.461"
"30,49 : 0.29"
"49,30 : 0.29"
"31,32 : 0.4662"
"32,31 : 0.4662"
"31,33 : 0.2524"
"33,31 : 0.2524"
"31,34 : 0.5964"
"34,31 : 0.5964"
"31,35 : 0.4701"
"35,31 : 0.4701"
"31,36 : 0.5412"
"36,31 : 0.5412"
"31,37 : 0.1879"
"37,31 : 0.1879"
"31,38 : 0.5048"
"38,31 : 0.5048"
"31,39 : 0.5908"
"39,31 : 0.5908"
"31,40 : 0.3089"
"40,31 : 0.3089"
"31,41 : 0.3114"
"41,31 : 0.3114"
"31,42 : 0.2617"
"42,31 : 0.2617"
"31,43 : 0.2484"
"43,31 : 0.2484"
"31,44 : 0.1204"
"44,31 : 0.1204"
"31,45 : 0.4888"
"45,31 : 0.4888"
"31,46 : 0.5161"
"46,31 : 0.5161"
"31,47 : 0.1005"
"47,31 : 0.1005"
"31,48 : 0.2596"
"48,31 : 0.2596"
"31,49 : 0.2832"
"49,31 : 0.2832"
"32,33 : 0.5367"
"33,32 : 0.5367"
"32,34 : 1.0469"
"34,32 : 1.0469"
"32,35 : 0.9266"
"35,32 : 0.9266"
"32,36 : 1.005"
"36,32 : 1.005"
"32,37 : 0.6519"
"37,32 : 0.6519"
"32,38 : 0.1803"
"38,32 : 0.1803"
"32,39 : 0.1253"
"39,32 : 0.1253"
"32,40 : 0.1628"
"40,32 : 0.1628"
"32,41 : 0.7103"
"41,32 : 0.7103"
"32,42 : 0.2683"
"42,32 : 0.2683"
"32,43 : 0.2341"
"43,32 : 0.2341"
"32,44 : 0.3467"
"44,32 : 0.3467"
"32,45 : 0.9343"
"45,32 : 0.9343"
"32,46 : 0.17"
"46,32 : 0.17"
"32,47 : 0.4072"
"47,32 : 0.4072"
"32,48 : 0.661"
"48,32 : 0.661"
"32,49 : 0.4904"
"49,32 : 0.4904"
"33,34 : 0.5557"
"34,33 : 0.5557"
"33,35 : 0.4588"
"35,33 : 0.4588"
"33,36 : 0.6213"
"36,33 : 0.6213"
"33,37 : 0.3362"
"37,33 : 0.3362"
"33,38 : 0.6454"
"38,33 : 0.6454"
"33,39 : 0.6435"
"39,33 : 0.6435"
"33,40 : 0.3828"
"40,33 : 0.3828"
"33,41 : 0.1972"
"41,33 : 0.1972"
"33,42 : 0.2683"
"42,33 : 0.2683"
"33,43 : 0.4005"
"43,33 : 0.4005"
"33,44 : 0.2943"
"44,33 : 0.2943"
"33,45 : 0.4429"
"45,33 : 0.4429"
"33,46 : 0.65"
"46,33 : 0.65"
"33,47 : 0.3362"
"47,33 : 0.3362"
"33,48 : 0.4801"
"48,33 : 0.4801"
"33,49 : 0.0728"
"49,33 : 0.0728"
"34,35 : 0.13"
"35,34 : 0.13"
"34,36 : 0.2778"
"36,34 : 0.2778"
"34,37 : 0.4438"
"37,34 : 0.4438"
"34,38 : 1.1011"
"38,34 : 1.1011"
"34,39 : 1.1667"
"39,34 : 1.1667"
"34,40 : 0.8841"
"40,34 : 0.8841"
"34,41 : 0.3585"
"41,34 : 0.3585"
"34,42 : 0.794"
"42,34 : 0.794"
"34,43 : 0.844"
"43,34 : 0.844"
"34,44 : 0.714"
"44,34 : 0.714"
"34,45 : 0.114"
"45,34 : 0.114"
"34,46 : 1.1125"
"46,34 : 1.1125"
"34,47 : 0.686"
"47,34 : 0.686"
"34,48 : 0.5672"
"48,34 : 0.5672"
"34,49 : 0.6265"
"49,34 : 0.6265"
"35,36 : 0.2247"
"36,35 : 0.2247"
"35,37 : 0.3138"
"37,35 : 0.3138"
"35,38 : 0.9742"
"38,35 : 0.9742"
"35,39 : 1.048"
"39,35 : 1.048"
"35,40 : 0.7642"
"40,35 : 0.7642"
"35,41 : 0.2668"
"41,35 : 0.2668"
"35,42 : 0.6801"
"42,35 : 0.6801"
"35,43 : 0.7184"
"43,35 : 0.7184"
"35,44 : 0.589"
"44,35 : 0.589"
"35,45 : 0.064"
"45,35 : 0.064"
"35,46 : 0.986"
"46,35 : 0.986"
"35,47 : 0.5576"
"47,35 : 0.5576"
"35,48 : 0.4418"
"48,35 : 0.4418"
"35,49 : 0.5314"
"49,35 : 0.5314"
"36,37 : 0.3536"
"37,36 : 0.3536"
"36,38 : 1.0132"
"38,36 : 1.0132"
"36,39 : 1.1302"
"39,36 : 1.1302"
"36,40 : 0.85"
"40,36 : 0.85"
"36,41 : 0.454"
"41,36 : 0.454"
"36,42 : 0.7912"
"42,36 : 0.7912"
"36,43 : 0.7767"
"43,36 : 0.7767"
"36,44 : 0.6586"
"44,36 : 0.6586"
"36,45 : 0.286"
"45,36 : 0.286"
"36,46 : 1.0283"
"46,36 : 1.0283"
"36,47 : 0.6022"
"47,36 : 0.6022"
"36,48 : 0.3941"
"48,36 : 0.3941"
"36,49 : 0.6926"
"49,36 : 0.6926"
"37,38 : 0.6727"
"38,37 : 0.6727"
"37,39 : 0.777"
"39,37 : 0.777"
"37,40 : 0.4965"
"40,37 : 0.4965"
"37,41 : 0.2693"
"41,37 : 0.2693"
"37,42 : 0.4438"
"42,37 : 0.4438"
"37,43 : 0.4264"
"43,37 : 0.4264"
"37,44 : 0.3053"
"44,37 : 0.3053"
"37,45 : 0.3493"
"45,37 : 0.3493"
"37,46 : 0.6862"
"46,37 : 0.6862"
"37,47 : 0.2546"
"47,37 : 0.2546"
"37,48 : 0.17"
"48,37 : 0.17"
"37,49 : 0.3956"
"49,37 : 0.3956"
"38,39 : 0.2285"
"39,38 : 0.2285"
"38,40 : 0.2702"
"40,38 : 0.2702"
"38,41 : 0.7931"
"41,38 : 0.7931"
"38,42 : 0.3905"
"42,38 : 0.3905"
"38,43 : 0.2594"
"43,38 : 0.2594"
"38,44 : 0.3895"
"44,38 : 0.3895"
"38,45 : 0.9932"
"45,38 : 0.9932"
"38,46 : 0.02"
"46,38 : 0.02"
"38,47 : 0.4187"
"47,38 : 0.4187"
"38,48 : 0.6351"
"48,38 : 0.6351"
"38,49 : 0.614"
"49,38 : 0.614"
"39,40 : 0.2843"
"40,39 : 0.2843"
"39,41 : 0.8246"
"41,39 : 0.8246"
"39,42 : 0.378"
"42,39 : 0.378"
"39,43 : 0.3585"
"43,39 : 0.3585"
"39,44 : 0.4717"
"44,39 : 0.4717"
"39,45 : 1.0536"
"45,39 : 1.0536"
"39,46 : 0.2102"
"46,39 : 0.2102"
"39,47 : 0.5323"
"47,39 : 0.5323"
"39,48 : 0.7843"
"48,39 : 0.7843"
"39,49 : 0.5906"
"49,39 : 0.5906"
"40,41 : 0.5492"
"41,40 : 0.5492"
"40,42 : 0.1204"
"42,40 : 0.1204"
"40,43 : 0.117"
"43,40 : 0.117"
"40,44 : 0.1931"
"44,40 : 0.1931"
"40,45 : 0.7716"
"45,40 : 0.7716"
"40,46 : 0.2717"
"46,40 : 0.2717"
"40,47 : 0.2648"
"47,40 : 0.2648"
"40,48 : 0.5261"
"48,40 : 0.5261"
"40,49 : 0.3453"
"49,40 : 0.3453"
"41,42 : 0.4469"
"42,41 : 0.4469"
"41,43 : 0.5349"
"43,41 : 0.5349"
"41,44 : 0.408"
"44,41 : 0.408"
"41,45 : 0.246"
"45,41 : 0.246"
"41,46 : 0.8011"
"46,41 : 0.8011"
"41,47 : 0.4119"
"47,41 : 0.4119"
"41,48 : 0.4391"
"48,41 : 0.4391"
"41,49 : 0.2683"
"49,41 : 0.2683"
"42,43 : 0.1887"
"43,42 : 0.1887"
"42,44 : 0.1772"
"44,42 : 0.1772"
"42,45 : 0.6801"
"45,42 : 0.6801"
"42,46 : 0.392"
"46,42 : 0.392"
"42,47 : 0.2596"
"47,42 : 0.2596"
"42,48 : 0.5116"
"48,42 : 0.5116"
"42,49 : 0.2256"
"49,42 : 0.2256"
"43,44 : 0.1304"
"44,43 : 0.1304"
