x,y
0.81,0.08
0.44,0.95
0.49,0.58
0.75,0.58
0.48,0.08
0.64,0.48
0.68,0.95
0.25,0.88
0.44,0.29
0.13,0.76
0.26,0.22
0.9,0.12
0.65,0.31
0.04,0.6
0.27,0.78
0.57,0.16
0.1,0.49
0.1,0.49
0.23,0.96
0.67,0.1
0.8,0.62
0.69,0.91
0.67,0.02
0.87,0.42
0.31,0.49
0.86,0.37
0.91,0.38
0.27,0.93
0.52,0.34
0.47,0.33
0.91,0.89
0.81,0.57
0.45,0.76
0.24,0.63
0.52,0.36
0.17,0.24
0.26,0.96
0.15,0.65
0.55,0.19
0.38,0.56
0.48,0.82
0.48,0.87
0.88,0.07
1.0,0.29
0.56,0.12
0.43,0.23
0.61,0.4
0.02,0.91
0.35,0.31
0.13,0.44

Distanze
"0,1 : 0.9454"
"1,0 : 0.9454"
"0,2 : 0.5936"
"2,0 : 0.5936"
"0,3 : 0.5036"
"3,0 : 0.5036"
"0,4 : 0.33"
"4,0 : 0.33"
"0,5 : 0.4346"
"5,0 : 0.4346"
"0,6 : 0.8797"
"6,0 : 0.8797"
"0,7 : 0.9765"
"7,0 : 0.9765"
"0,8 : 0.4254"
"8,0 : 0.4254"
"0,9 : 0.9617"
"9,0 : 0.9617"
"0,10 : 0.5675"
"10,0 : 0.5675"
"0,11 : 0.0985"
"11,0 : 0.0985"
"0,12 : 0.2802"
"12,0 : 0.2802"
"0,13 : 0.9291"
"13,0 : 0.9291"
"0,14 : 0.8841"
"14,0 : 0.8841"
"0,15 : 0.253"
"15,0 : 0.253"
"0,16 : 0.8199"
"16,0 : 0.8199"
"0,17 : 0.8199"
"17,0 : 0.8199"
"0,18 : 1.0539"
"18,0 : 1.0539"
"0,19 : 0.1414"
"19,0 : 0.1414"
"0,20 : 0.5401"
"20,0 : 0.5401"
"0,21 : 0.8386"
"21,0 : 0.8386"
"0,22 : 0.1523"
"22,0 : 0.1523"
"0,23 : 0.3453"
"23,0 : 0.3453"
"0,24 : 0.6466"
"24,0 : 0.6466"
"0,25 : 0.2943"
"25,0 : 0.2943"
"0,26 : 0.3162"
"26,0 : 0.3162"
"0,27 : 1.007"
"27,0 : 1.007"
"0,28 : 0.3895"
"28,0 : 0.3895"
"0,29 : 0.422"
"29,0 : 0.422"
"0,30 : 0.8161"
"30,0 : 0.8161"
"0,31 : 0.49"
"31,0 : 0.49"
"0,32 : 0.7694"
"32,0 : 0.7694"
"0,33 : 0.7921"
"33,0 : 0.7921"
"0,34 : 0.4031"
"34,0 : 0.4031"
"0,35 : 0.6597"
"35,0 : 0.6597"
"0,36 : 1.0377"
"36,0 : 1.0377"
"0,37 : 0.8721"
"37,0 : 0.8721"
"0,38 : 0.2823"
"38,0 : 0.2823"
"0,39 : 0.6444"
"39,0 : 0.6444"
"0,40 : 0.8102"
"40,0 : 0.8102"
"0,41 : 0.8562"
"41,0 : 0.8562"
"0,42 : 0.0707"
"42,0 : 0.0707"
"0,43 : 0.2832"
"43,0 : 0.2832"
"0,44 : 0.2532"
"44,0 : 0.2532"
"0,45 : 0.4085"
"45,0 : 0.4085"
"0,46 : 0.3774"
"46,0 : 0.3774"
"0,47 : 1.1459"
"47,0 : 1.1459"
"0,48 : 0.5143"
"48,0 : 0.5143"
"0,49 : 0.7694"
"49,0 : 0.7694"
"1,2 : 0.3734"
"2,1 : 0.3734"
"1,3 : 0.4827"
"3,1 : 0.4827"
"1,4 : 0.8709"
"4,1 : 0.8709"
"1,5 : 0.5108"
"5,1 : 0.5108"
"1,6 : 0.24"
"6,1 : 0.24"
"1,7 : 0.2025"
"7,1 : 0.2025"
"1,8 : 0.66"
"8,1 : 0.66"
"1,9 : 0.3636"
"9,1 : 0.3636"
"1,10 : 0.7519"
"10,1 : 0.7519"
"1,11 : 0.9489"
"11,1 : 0.9489"
"1,12 : 0.6736"
"12,1 : 0.6736"
"1,13 : 0.5315"
"13,1 : 0.5315"
"1,14 : 0.2404"
"14,1 : 0.2404"
"1,15 : 0.8006"
"15,1 : 0.8006"
"1,16 : 0.572"
"16,1 : 0.572"
"1,17 : 0.572"
"17,1 : 0.572"
"1,18 : 0.2102"
"18,1 : 0.2102"
"1,19 : 0.8806"
"19,1 : 0.8806"
"1,20 : 0.4884"
"20,1 : 0.4884"
"1,21 : 0.2532"
"21,1 : 0.2532"
"1,22 : 0.958"
"22,1 : 0.958"
"1,23 : 0.6825"
"23,1 : 0.6825"
"1,24 : 0.478"
"24,1 : 0.478"
"1,25 : 0.7161"
"25,1 : 0.7161"
"1,26 : 0.7388"
"26,1 : 0.7388"
"1,27 : 0.1712"
"27,1 : 0.1712"
"1,28 : 0.6152"
"28,1 : 0.6152"
"1,29 : 0.6207"
"29,1 : 0.6207"
"1,30 : 0.4738"
"30,1 : 0.4738"
"1,31 : 0.5304"
"31,1 : 0.5304"
"1,32 : 0.1903"
"32,1 : 0.1903"
"1,33 : 0.3774"
"33,1 : 0.3774"
"1,34 : 0.5954"
"34,1 : 0.5954"
"1,35 : 0.7596"
"35,1 : 0.7596"
"1,36 : 0.1803"
"36,1 : 0.1803"
"1,37 : 0.4173"
"37,1 : 0.4173"
"1,38 : 0.7679"
"38,1 : 0.7679"
"1,39 : 0.3946"
"39,1 : 0.3946"
"1,40 : 0.136"
"40,1 : 0.136"
"1,41 : 0.0894"
"41,1 : 0.0894"
"1,42 : 0.9839"
"42,1 : 0.9839"
"1,43 : 0.8656"
"43,1 : 0.8656"
"1,44 : 0.8386"
"44,1 : 0.8386"
"1,45 : 0.7201"
"45,1 : 0.7201"
"1,46 : 0.5757"
"46,1 : 0.5757"
"1,47 : 0.4219"
"47,1 : 0.4219"
"1,48 : 0.6463"
"48,1 : 0.6463"
"1,49 : 0.5968"
"49,1 : 0.5968"
"2,3 : 0.26"
"3,2 : 0.26"
"2,4 : 0.5001"
"4,2 : 0.5001"
"2,5 : 0.1803"
"5,2 : 0.1803"
"2,6 : 0.4159"
"6,2 : 0.4159"
"2,7 : 0.3842"
"7,2 : 0.3842"
"2,8 : 0.2943"
"8,2 : 0.2943"
"2,9 : 0.4025"
"9,2 : 0.4025"
"2,10 : 0.4272"
"10,2 : 0.4272"
"2,11 : 0.6162"
"11,2 : 0.6162"
"2,12 : 0.3138"
"12,2 : 0.3138"
"2,13 : 0.4504"
"13,2 : 0.4504"
"2,14 : 0.2973"
"14,2 : 0.2973"
"2,15 : 0.4276"
"15,2 : 0.4276"
"2,16 : 0.4002"
"16,2 : 0.4002"
"2,17 : 0.4002"
"17,2 : 0.4002"
"2,18 : 0.4604"
"18,2 : 0.4604"
"2,19 : 0.5126"
"19,2 : 0.5126"
"2,20 : 0.3126"
"20,2 : 0.3126"
"2,21 : 0.3859"
"21,2 : 0.3859"
"2,22 : 0.5882"
"22,2 : 0.5882"
"2,23 : 0.4123"
"23,2 : 0.4123"
"2,24 : 0.2012"
"24,2 : 0.2012"
"2,25 : 0.4254"
"25,2 : 0.4254"
"2,26 : 0.4652"
"26,2 : 0.4652"
"2,27 : 0.4134"
"27,2 : 0.4134"
"2,28 : 0.2419"
"28,2 : 0.2419"
"2,29 : 0.2508"
"29,2 : 0.2508"
"2,30 : 0.522"
"30,2 : 0.522"
"2,31 : 0.3202"
"31,2 : 0.3202"
"2,32 : 0.1844"
"32,2 : 0.1844"
"2,33 : 0.255"
"33,2 : 0.255"
"2,34 : 0.222"
"34,2 : 0.222"
"2,35 : 0.4669"
"35,2 : 0.4669"
"2,36 : 0.4442"
"36,2 : 0.4442"
"2,37 : 0.3471"
"37,2 : 0.3471"
"2,38 : 0.3946"
"38,2 : 0.3946"
"2,39 : 0.1118"
"39,2 : 0.1118"
"2,40 : 0.2402"
"40,2 : 0.2402"
"2,41 : 0.2902"
"41,2 : 0.2902"
"2,42 : 0.642"
"42,2 : 0.642"
"2,43 : 0.5867"
"43,2 : 0.5867"
"2,44 : 0.4653"
"44,2 : 0.4653"
"2,45 : 0.3551"
"45,2 : 0.3551"
"2,46 : 0.2163"
"46,2 : 0.2163"
"2,47 : 0.5743"
"47,2 : 0.5743"
"2,48 : 0.3041"
"48,2 : 0.3041"
"2,49 : 0.3863"
"49,2 : 0.3863"
"3,4 : 0.5682"
"4,3 : 0.5682"
"3,5 : 0.1487"
"5,3 : 0.1487"
"3,6 : 0.3766"
"6,3 : 0.3766"
"3,7 : 0.5831"
"7,3 : 0.5831"
"3,8 : 0.4245"
"8,3 : 0.4245"
"3,9 : 0.6456"
"9,3 : 0.6456"
"3,10 : 0.608"
"10,3 : 0.608"
"3,11 : 0.4838"
"11,3 : 0.4838"
"3,12 : 0.2879"
"12,3 : 0.2879"
"3,13 : 0.7103"
"13,3 : 0.7103"
"3,14 : 0.52"
"14,3 : 0.52"
"3,15 : 0.4569"
"15,3 : 0.4569"
"3,16 : 0.6562"
"16,3 : 0.6562"
"3,17 : 0.6562"
"17,3 : 0.6562"
"3,18 : 0.644"
"18,3 : 0.644"
"3,19 : 0.4866"
"19,3 : 0.4866"
"3,20 : 0.064"
"20,3 : 0.064"
"3,21 : 0.3354"
"21,3 : 0.3354"
"3,22 : 0.5657"
"22,3 : 0.5657"
"3,23 : 0.2"
"23,3 : 0.2"
"3,24 : 0.4491"
"24,3 : 0.4491"
"3,25 : 0.2371"
"25,3 : 0.2371"
"3,26 : 0.2561"
"26,3 : 0.2561"
"3,27 : 0.5941"
"27,3 : 0.5941"
"3,28 : 0.3324"
"28,3 : 0.3324"
"3,29 : 0.3754"
"29,3 : 0.3754"
"3,30 : 0.3489"
"30,3 : 0.3489"
"3,31 : 0.0608"
"31,3 : 0.0608"
"3,32 : 0.3499"
"32,3 : 0.3499"
"3,33 : 0.5124"
"33,3 : 0.5124"
"3,34 : 0.3183"
"34,3 : 0.3183"
"3,35 : 0.6723"
"35,3 : 0.6723"
"3,36 : 0.6201"
"36,3 : 0.6201"
"3,37 : 0.6041"
"37,3 : 0.6041"
"3,38 : 0.4383"
"38,3 : 0.4383"
"3,39 : 0.3705"
"39,3 : 0.3705"
"3,40 : 0.3612"
"40,3 : 0.3612"
"3,41 : 0.3962"
"41,3 : 0.3962"
"3,42 : 0.5263"
"42,3 : 0.5263"
"3,43 : 0.3829"
"43,3 : 0.3829"
"3,44 : 0.4977"
"44,3 : 0.4977"
"3,45 : 0.4742"
"45,3 : 0.4742"
"3,46 : 0.228"
"46,3 : 0.228"
"3,47 : 0.8011"
"47,3 : 0.8011"
"3,48 : 0.4826"
"48,3 : 0.4826"
"3,49 : 0.6356"
"49,3 : 0.6356"
"4,5 : 0.4308"
"5,4 : 0.4308"
"4,6 : 0.8927"
"6,4 : 0.8927"
"4,7 : 0.8324"
"7,4 : 0.8324"
"4,8 : 0.2138"
"8,4 : 0.2138"
"4,9 : 0.7648"
"9,4 : 0.7648"
"4,10 : 0.2608"
"10,4 : 0.2608"
"4,11 : 0.4219"
"11,4 : 0.4219"
"4,12 : 0.286"
"12,4 : 0.286"
"4,13 : 0.6812"
"13,4 : 0.6812"
"4,14 : 0.7308"
"14,4 : 0.7308"
"4,15 : 0.1204"
"15,4 : 0.1204"
"4,16 : 0.559"
"16,4 : 0.559"
"4,17 : 0.559"
"17,4 : 0.559"
"4,18 : 0.9148"
"18,4 : 0.9148"
"4,19 : 0.191"
"19,4 : 0.191"
"4,20 : 0.6277"
"20,4 : 0.6277"
"4,21 : 0.8562"
"21,4 : 0.8562"
"4,22 : 0.1992"
"22,4 : 0.1992"
"4,23 : 0.5174"
"23,4 : 0.5174"
"4,24 : 0.4438"
"24,4 : 0.4438"
"4,25 : 0.478"
"25,4 : 0.478"
"4,26 : 0.5243"
"26,4 : 0.5243"
"4,27 : 0.8756"
"27,4 : 0.8756"
"4,28 : 0.2631"
"28,4 : 0.2631"
"4,29 : 0.2502"
"29,4 : 0.2502"
"4,30 : 0.9171"
"30,4 : 0.9171"
"4,31 : 0.5908"
"31,4 : 0.5908"
"4,32 : 0.6807"
"32,4 : 0.6807"
"4,33 : 0.6001"
"33,4 : 0.6001"
"4,34 : 0.2828"
"34,4 : 0.2828"
"4,35 : 0.3489"
"35,4 : 0.3489"
"4,36 : 0.9071"
"36,4 : 0.9071"
"4,37 : 0.6586"
"37,4 : 0.6586"
"4,38 : 0.1304"
"38,4 : 0.1304"
"4,39 : 0.4903"
"39,4 : 0.4903"
"4,40 : 0.74"
"40,4 : 0.74"
"4,41 : 0.79"
"41,4 : 0.79"
"4,42 : 0.4001"
"42,4 : 0.4001"
"4,43 : 0.5608"
"43,4 : 0.5608"
"4,44 : 0.0894"
"44,4 : 0.0894"
"4,45 : 0.1581"
"45,4 : 0.1581"
"4,46 : 0.3454"
"46,4 : 0.3454"
"4,47 : 0.9489"
"47,4 : 0.9489"
"4,48 : 0.2642"
"48,4 : 0.2642"
"4,49 : 0.5021"
"49,4 : 0.5021"
"5,6 : 0.4717"
"6,5 : 0.4717"
"5,7 : 0.5587"
"7,5 : 0.5587"
"5,8 : 0.2759"
"8,5 : 0.2759"
"5,9 : 0.5818"
"9,5 : 0.5818"
"5,10 : 0.4604"
"10,5 : 0.4604"
"5,11 : 0.4441"
"11,5 : 0.4441"
"5,12 : 0.1703"
"12,5 : 0.1703"
"5,13 : 0.6119"
"13,5 : 0.6119"
"5,14 : 0.4763"
"14,5 : 0.4763"
"5,15 : 0.3276"
"15,5 : 0.3276"
"5,16 : 0.5401"
"16,5 : 0.5401"
"5,17 : 0.5401"
"17,5 : 0.5401"
"5,18 : 0.6313"
"18,5 : 0.6313"
"5,19 : 0.3812"
"19,5 : 0.3812"
"5,20 : 0.2126"
"20,5 : 0.2126"
"5,21 : 0.4329"
"21,5 : 0.4329"
"5,22 : 0.461"
"22,5 : 0.461"
"5,23 : 0.2377"
"23,5 : 0.2377"
"5,24 : 0.3302"
"24,5 : 0.3302"
"5,25 : 0.246"
"25,5 : 0.246"
"5,26 : 0.2879"
"26,5 : 0.2879"
"5,27 : 0.5826"
"27,5 : 0.5826"
"5,28 : 0.1844"
"28,5 : 0.1844"
"5,29 : 0.2267"
"29,5 : 0.2267"
"5,30 : 0.4909"
"30,5 : 0.4909"
"5,31 : 0.1924"
"31,5 : 0.1924"
"5,32 : 0.3384"
"32,5 : 0.3384"
"5,33 : 0.4272"
"33,5 : 0.4272"
"5,34 : 0.1697"
"34,5 : 0.1697"
"5,35 : 0.5277"
"35,5 : 0.5277"
"5,36 : 0.6122"
"36,5 : 0.6122"
"5,37 : 0.5187"
"37,5 : 0.5187"
"5,38 : 0.3036"
"38,5 : 0.3036"
"5,39 : 0.272"
"39,5 : 0.272"
"5,40 : 0.3758"
"40,5 : 0.3758"
"5,41 : 0.4215"
"41,5 : 0.4215"
"5,42 : 0.4751"
"42,5 : 0.4751"
"5,43 : 0.4071"
"43,5 : 0.4071"
"5,44 : 0.3688"
"44,5 : 0.3688"
"5,45 : 0.3265"
"45,5 : 0.3265"
"5,46 : 0.0854"
"46,5 : 0.0854"
"5,47 : 0.7545"
"47,5 : 0.7545"
"5,48 : 0.3362"
"48,5 : 0.3362"
"5,49 : 0.5116"
"49,5 : 0.5116"
"6,7 : 0.4357"
"7,6 : 0.4357"
"6,8 : 0.7023"
"8,6 : 0.7023"
"6,9 : 0.5819"
"9,6 : 0.5819"
"6,10 : 0.8422"
"10,6 : 0.8422"
"6,11 : 0.8587"
"11,6 : 0.8587"
"6,12 : 0.6407"
"12,6 : 0.6407"
"6,13 : 0.7295"
"13,6 : 0.7295"
"6,14 : 0.4438"
"14,6 : 0.4438"
"6,15 : 0.7976"
"15,6 : 0.7976"
"6,16 : 0.7403"
"16,6 : 0.7403"
"6,17 : 0.7403"
"17,6 : 0.7403"
"6,18 : 0.4501"
"18,6 : 0.4501"
"6,19 : 0.8501"
"19,6 : 0.8501"
"6,20 : 0.3511"
"20,6 : 0.3511"
"6,21 : 0.0412"
"21,6 : 0.0412"
"6,22 : 0.9301"
"22,6 : 0.9301"
"6,23 : 0.563"
"23,6 : 0.563"
"6,24 : 0.5903"
"24,6 : 0.5903"
"6,25 : 0.6073"
"25,6 : 0.6073"
"6,26 : 0.6147"
"26,6 : 0.6147"
"6,27 : 0.4105"
"27,6 : 0.4105"
"6,28 : 0.6306"
"28,6 : 0.6306"
"6,29 : 0.6546"
"29,6 : 0.6546"
"6,30 : 0.2377"
"30,6 : 0.2377"
"6,31 : 0.4016"
"31,6 : 0.4016"
"6,32 : 0.2983"
"32,6 : 0.2983"
"6,33 : 0.5441"
"33,6 : 0.5441"
"6,34 : 0.6113"
"34,6 : 0.6113"
"6,35 : 0.8742"
"35,6 : 0.8742"
"6,36 : 0.4201"
"36,6 : 0.4201"
"6,37 : 0.609"
"37,6 : 0.609"
"6,38 : 0.771"
"38,6 : 0.771"
"6,39 : 0.492"
"39,6 : 0.492"
"6,40 : 0.2385"
"40,6 : 0.2385"
"6,41 : 0.2154"
"41,6 : 0.2154"
"6,42 : 0.9024"
"42,6 : 0.9024"
"6,43 : 0.7335"
"43,6 : 0.7335"
"6,44 : 0.8386"
"44,6 : 0.8386"
"6,45 : 0.7622"
"45,6 : 0.7622"
"6,46 : 0.5544"
"46,6 : 0.5544"
"6,47 : 0.6612"
"47,6 : 0.6612"
"6,48 : 0.7201"
"48,6 : 0.7201"
"6,49 : 0.7501"
"49,6 : 0.7501"
"7,8 : 0.6198"
"8,7 : 0.6198"
"7,9 : 0.1697"
"9,7 : 0.1697"
"7,10 : 0.6601"
"10,7 : 0.6601"
"7,11 : 1.0"
"11,7 : 1.0"
"7,12 : 0.6963"
"12,7 : 0.6963"
"7,13 : 0.35"
"13,7 : 0.35"
"7,14 : 0.102"
"14,7 : 0.102"
"7,15 : 0.7879"
"15,7 : 0.7879"
"7,16 : 0.4179"
"16,7 : 0.4179"
"7,17 : 0.4179"
"17,7 : 0.4179"
"7,18 : 0.0825"
"18,7 : 0.0825"
"7,19 : 0.8859"
"19,7 : 0.8859"
"7,20 : 0.6084"
"20,7 : 0.6084"
"7,21 : 0.441"
"21,7 : 0.441"
"7,22 : 0.9571"
"22,7 : 0.9571"
"7,23 : 0.772"
"23,7 : 0.772"
"7,24 : 0.3946"
"24,7 : 0.3946"
"7,25 : 0.7951"
"25,7 : 0.7951"
"7,26 : 0.828"
"26,7 : 0.828"
"7,27 : 0.0539"
"27,7 : 0.0539"
"7,28 : 0.6037"
"28,7 : 0.6037"
"7,29 : 0.5924"
"29,7 : 0.5924"
"7,30 : 0.6601"
"30,7 : 0.6601"
"7,31 : 0.6401"
"31,7 : 0.6401"
"7,32 : 0.2332"
"32,7 : 0.2332"
"7,33 : 0.2502"
"33,7 : 0.2502"
"7,34 : 0.5859"
"34,7 : 0.5859"
"7,35 : 0.645"
"35,7 : 0.645"
"7,36 : 0.0806"
"36,7 : 0.0806"
"7,37 : 0.2508"
"37,7 : 0.2508"
"7,38 : 0.7524"
"38,7 : 0.7524"
"7,39 : 0.3454"
"39,7 : 0.3454"
"7,40 : 0.2377"
"40,7 : 0.2377"
"7,41 : 0.2302"
"41,7 : 0.2302"
"7,42 : 1.0262"
"42,7 : 1.0262"
"7,43 : 0.9543"
"43,7 : 0.9543"
"7,44 : 0.8208"
"44,7 : 0.8208"
"7,45 : 0.6745"
"45,7 : 0.6745"
"7,46 : 0.6"
"46,7 : 0.6"
"7,47 : 0.2319"
"47,7 : 0.2319"
"7,48 : 0.5787"
"48,7 : 0.5787"
"7,49 : 0.4561"
"49,7 : 0.4561"
"8,9 : 0.563"
"9,8 : 0.563"
"8,10 : 0.1931"
"10,8 : 0.1931"
"8,11 : 0.4904"
"11,8 : 0.4904"
"8,12 : 0.211"
"12,8 : 0.211"
"8,13 : 0.5061"
"13,8 : 0.5061"
"8,14 : 0.5187"
"14,8 : 0.5187"
"8,15 : 0.1838"
"15,8 : 0.1838"
"8,16 : 0.3945"
"16,8 : 0.3945"
"8,17 : 0.3945"
"17,8 : 0.3945"
"8,18 : 0.7021"
"18,8 : 0.7021"
"8,19 : 0.2983"
"19,8 : 0.2983"
"8,20 : 0.4884"
"20,8 : 0.4884"
"8,21 : 0.6685"
"21,8 : 0.6685"
"8,22 : 0.3547"
"22,8 : 0.3547"
"8,23 : 0.4492"
"23,8 : 0.4492"
"8,24 : 0.2385"
"24,8 : 0.2385"
"8,25 : 0.4276"
"25,8 : 0.4276"
"8,26 : 0.4785"
"26,8 : 0.4785"
"8,27 : 0.6622"
"27,8 : 0.6622"
"8,28 : 0.0943"
"28,8 : 0.0943"
"8,29 : 0.05"
"29,8 : 0.05"
"8,30 : 0.7622"
"30,8 : 0.7622"
"8,31 : 0.464"
"31,8 : 0.464"
"8,32 : 0.4701"
"32,8 : 0.4701"
"8,33 : 0.3945"
"33,8 : 0.3945"
"8,34 : 0.1063"
"34,8 : 0.1063"
"8,35 : 0.2746"
"35,8 : 0.2746"
"8,36 : 0.6938"
"36,8 : 0.6938"
"8,37 : 0.4623"
"37,8 : 0.4623"
"8,38 : 0.1487"
"38,8 : 0.1487"
"8,39 : 0.2766"
"39,8 : 0.2766"
"8,40 : 0.5315"
"40,8 : 0.5315"
"8,41 : 0.5814"
"41,8 : 0.5814"
"8,42 : 0.4919"
"42,8 : 0.4919"
"8,43 : 0.56"
"43,8 : 0.56"
"8,44 : 0.2081"
"44,8 : 0.2081"
"8,45 : 0.0608"
"45,8 : 0.0608"
"8,46 : 0.2025"
"46,8 : 0.2025"
"8,47 : 0.7489"
"47,8 : 0.7489"
"8,48 : 0.0922"
"48,8 : 0.0922"
"8,49 : 0.3444"
"49,8 : 0.3444"
"9,10 : 0.5554"
"10,9 : 0.5554"
"9,11 : 1.0012"
"11,9 : 1.0012"
"9,12 : 0.6877"
"12,9 : 0.6877"
"9,13 : 0.1836"
"13,9 : 0.1836"
"9,14 : 0.1414"
"14,9 : 0.1414"
"9,15 : 0.744"
"15,9 : 0.744"
"9,16 : 0.2717"
"16,9 : 0.2717"
"9,17 : 0.2717"
"17,9 : 0.2717"
"9,18 : 0.2236"
"18,9 : 0.2236"
"9,19 : 0.8528"
"19,9 : 0.8528"
"9,20 : 0.6845"
"20,9 : 0.6845"
"9,21 : 0.5797"
"21,9 : 0.5797"
"9,22 : 0.9161"
"22,9 : 0.9161"
"9,23 : 0.8144"
"23,9 : 0.8144"
"9,24 : 0.3245"
"24,9 : 0.3245"
"9,25 : 0.8276"
"25,9 : 0.8276"
"9,26 : 0.8676"
"26,9 : 0.8676"
"9,27 : 0.2202"
"27,9 : 0.2202"
"9,28 : 0.5731"
"28,9 : 0.5731"
"9,29 : 0.5482"
"29,9 : 0.5482"
"9,30 : 0.7908"
"30,9 : 0.7908"
"9,31 : 0.706"
"31,9 : 0.706"
"9,32 : 0.32"
"32,9 : 0.32"
"9,33 : 0.1703"
"33,9 : 0.1703"
"9,34 : 0.5587"
"34,9 : 0.5587"
"9,35 : 0.5215"
"35,9 : 0.5215"
"9,36 : 0.2385"
"36,9 : 0.2385"
"9,37 : 0.1118"
"37,9 : 0.1118"
"9,38 : 0.708"
"38,9 : 0.708"
"9,39 : 0.3202"
"39,9 : 0.3202"
"9,40 : 0.3551"
"40,9 : 0.3551"
"9,41 : 0.3669"
"41,9 : 0.3669"
"9,42 : 1.0191"
"42,9 : 1.0191"
"9,43 : 0.9888"
"43,9 : 0.9888"
"9,44 : 0.771"
"44,9 : 0.771"
"9,45 : 0.609"
"45,9 : 0.609"
"9,46 : 0.6"
"46,9 : 0.6"
"9,47 : 0.186"
"47,9 : 0.186"
"9,48 : 0.5009"
"48,9 : 0.5009"
"9,49 : 0.32"
"49,9 : 0.32"
"10,11 : 0.6478"
"11,10 : 0.6478"
"10,12 : 0.4002"
"12,10 : 0.4002"
"10,13 : 0.4391"
"13,10 : 0.4391"
"10,14 : 0.5601"
"14,10 : 0.5601"
"10,15 : 0.3158"
"15,10 : 0.3158"
"10,16 : 0.3138"
"16,10 : 0.3138"
"10,17 : 0.3138"
"17,10 : 0.3138"
"10,18 : 0.7406"
"18,10 : 0.7406"
"10,19 : 0.4272"
"19,10 : 0.4272"
"10,20 : 0.672"
"20,10 : 0.672"
"10,21 : 0.813"
"21,10 : 0.813"
"10,22 : 0.4562"
"22,10 : 0.4562"
"10,23 : 0.642"
"23,10 : 0.642"
"10,24 : 0.2746"
"24,10 : 0.2746"
"10,25 : 0.6185"
"25,10 : 0.6185"
"10,26 : 0.6694"
"26,10 : 0.6694"
"10,27 : 0.7101"
"27,10 : 0.7101"
"10,28 : 0.2864"
"28,10 : 0.2864"
"10,29 : 0.2371"
"29,10 : 0.2371"
"10,30 : 0.9335"
"30,10 : 0.9335"
"10,31 : 0.6519"
"31,10 : 0.6519"
"10,32 : 0.5725"
"32,10 : 0.5725"
"10,33 : 0.4105"
"33,10 : 0.4105"
"10,34 : 0.2953"
"34,10 : 0.2953"
"10,35 : 0.0922"
"35,10 : 0.0922"
"10,36 : 0.74"
"36,10 : 0.74"
"10,37 : 0.4438"
"37,10 : 0.4438"
"10,38 : 0.2915"
"38,10 : 0.2915"
"10,39 : 0.3606"
"39,10 : 0.3606"
"10,40 : 0.6391"
"40,10 : 0.6391"
"10,41 : 0.6862"
"41,10 : 0.6862"
"10,42 : 0.6379"
"42,10 : 0.6379"
"10,43 : 0.7433"
"43,10 : 0.7433"
"10,44 : 0.3162"
"44,10 : 0.3162"
"10,45 : 0.1703"
"45,10 : 0.1703"
"10,46 : 0.3936"
"46,10 : 0.3936"
"10,47 : 0.7305"
"47,10 : 0.7305"
"10,48 : 0.1273"
"48,10 : 0.1273"
"10,49 : 0.2555"
"49,10 : 0.2555"
"11,12 : 0.314"
"12,11 : 0.314"
"11,13 : 0.9849"
"13,11 : 0.9849"
"11,14 : 0.9124"
"14,11 : 0.9124"
"11,15 : 0.3324"
"15,11 : 0.3324"
"11,16 : 0.8814"
"16,11 : 0.8814"
"11,17 : 0.8814"
"17,11 : 0.8814"
"11,18 : 1.0745"
"18,11 : 1.0745"
"11,19 : 0.2309"
"19,11 : 0.2309"
"11,20 : 0.5099"
"20,11 : 0.5099"
"11,21 : 0.8174"
"21,11 : 0.8174"
"11,22 : 0.2508"
"22,11 : 0.2508"
"11,23 : 0.3015"
"23,11 : 0.3015"
"11,24 : 0.6964"
"24,11 : 0.6964"
"11,25 : 0.2532"
"25,11 : 0.2532"
"11,26 : 0.2602"
"26,11 : 0.2602"
"11,27 : 1.0262"
"27,11 : 1.0262"
"11,28 : 0.4391"
"28,11 : 0.4391"
"11,29 : 0.4785"
"29,11 : 0.4785"
"11,30 : 0.7701"
"30,11 : 0.7701"
"11,31 : 0.4589"
"31,11 : 0.4589"
"11,32 : 0.7824"
"32,11 : 0.7824"
"11,33 : 0.8341"
"33,11 : 0.8341"
"11,34 : 0.4494"
"34,11 : 0.4494"
"11,35 : 0.7398"
"35,11 : 0.7398"
"11,36 : 1.056"
"36,11 : 1.056"
"11,37 : 0.9184"
"37,11 : 0.9184"
"11,38 : 0.3569"
"38,11 : 0.3569"
"11,39 : 0.6812"
"39,11 : 0.6812"
"11,40 : 0.8163"
"40,11 : 0.8163"
"11,41 : 0.8596"
"41,11 : 0.8596"
"11,42 : 0.0539"
"42,11 : 0.0539"
"11,43 : 0.1972"
"43,11 : 0.1972"
"11,44 : 0.34"
"44,11 : 0.34"
"11,45 : 0.4827"
"45,11 : 0.4827"
"11,46 : 0.4031"
"46,11 : 0.4031"
"11,47 : 1.1826"
"47,11 : 1.1826"
"11,48 : 0.5819"
"48,11 : 0.5819"
"11,49 : 0.8338"
"49,11 : 0.8338"
"12,13 : 0.6754"
"13,12 : 0.6754"
"12,14 : 0.6044"
"14,12 : 0.6044"
"12,15 : 0.17"
"15,12 : 0.17"
"12,16 : 0.5787"
"16,12 : 0.5787"
"12,17 : 0.5787"
"17,12 : 0.5787"
"12,18 : 0.7739"
"18,12 : 0.7739"
"12,19 : 0.211"
"19,12 : 0.211"
"12,20 : 0.3444"
"20,12 : 0.3444"
"12,21 : 0.6013"
"21,12 : 0.6013"
"12,22 : 0.2907"
"22,12 : 0.2907"
"12,23 : 0.246"
"23,12 : 0.246"
"12,24 : 0.3847"
"24,12 : 0.3847"
"12,25 : 0.2184"
"25,12 : 0.2184"
"12,26 : 0.2693"
"26,12 : 0.2693"
"12,27 : 0.7272"
"27,12 : 0.7272"
"12,28 : 0.1334"
"28,12 : 0.1334"
"12,29 : 0.1811"
"29,12 : 0.1811"
"12,30 : 0.6356"
"30,12 : 0.6356"
"12,31 : 0.3053"
"31,12 : 0.3053"
"12,32 : 0.4924"
"32,12 : 0.4924"
"12,33 : 0.5201"
"33,12 : 0.5201"
"12,34 : 0.1393"
"34,12 : 0.1393"
"12,35 : 0.4851"
"35,12 : 0.4851"
"12,36 : 0.758"
"36,12 : 0.758"
"12,37 : 0.6046"
"37,12 : 0.6046"
"12,38 : 0.1562"
"38,12 : 0.1562"
"12,39 : 0.368"
"39,12 : 0.368"
"12,40 : 0.5376"
"40,12 : 0.5376"
"12,41 : 0.5852"
"41,12 : 0.5852"
"12,42 : 0.3324"
"42,12 : 0.3324"
"12,43 : 0.3506"
"43,12 : 0.3506"
"12,44 : 0.2102"
"44,12 : 0.2102"
"12,45 : 0.2341"
"45,12 : 0.2341"
"12,46 : 0.0985"
"46,12 : 0.0985"
"12,47 : 0.87"
"47,12 : 0.87"
"12,48 : 0.3"
"48,12 : 0.3"
"12,49 : 0.536"
"49,12 : 0.536"
"13,14 : 0.2921"
"14,13 : 0.2921"
"13,15 : 0.6888"
"15,13 : 0.6888"
"13,16 : 0.1253"
"16,13 : 0.1253"
"13,17 : 0.1253"
"17,13 : 0.1253"
"13,18 : 0.4071"
"18,13 : 0.4071"
"13,19 : 0.8043"
"19,13 : 0.8043"
"13,20 : 0.7603"
"20,13 : 0.7603"
"13,21 : 0.7201"
"21,13 : 0.7201"
"13,22 : 0.8563"
"22,13 : 0.8563"
"13,23 : 0.8493"
"23,13 : 0.8493"
"13,24 : 0.2915"
"24,13 : 0.2915"
"13,25 : 0.8516"
"25,13 : 0.8516"
"13,26 : 0.8974"
"26,13 : 0.8974"
"13,27 : 0.4022"
"27,13 : 0.4022"
"13,28 : 0.5459"
"28,13 : 0.5459"
"13,29 : 0.5077"
"29,13 : 0.5077"
"13,30 : 0.9171"
"30,13 : 0.9171"
"13,31 : 0.7706"
"31,13 : 0.7706"
"13,32 : 0.4401"
"32,13 : 0.4401"
"13,33 : 0.2022"
"33,13 : 0.2022"
"13,34 : 0.5367"
"34,13 : 0.5367"
"13,35 : 0.3828"
"35,13 : 0.3828"
"13,36 : 0.4219"
"36,13 : 0.4219"
"13,37 : 0.1208"
"37,13 : 0.1208"
"13,38 : 0.6544"
"38,13 : 0.6544"
"13,39 : 0.3423"
"39,13 : 0.3423"
"13,40 : 0.4919"
"40,13 : 0.4919"
"13,41 : 0.5162"
"41,13 : 0.5162"
"13,42 : 0.9932"
"42,13 : 0.9932"
"13,43 : 1.0088"
"43,13 : 1.0088"
"13,44 : 0.7077"
"44,13 : 0.7077"
"13,45 : 0.5376"
"45,13 : 0.5376"
"13,46 : 0.6041"
"46,13 : 0.6041"
"13,47 : 0.3106"
"47,13 : 0.3106"
"13,48 : 0.4245"
"48,13 : 0.4245"
"13,49 : 0.1836"
"49,13 : 0.1836"
"14,15 : 0.6888"
"15,14 : 0.6888"
"14,16 : 0.3362"
"16,14 : 0.3362"
"14,17 : 0.3362"
"17,14 : 0.3362"
"14,18 : 0.1844"
"18,14 : 0.1844"
"14,19 : 0.7889"
"19,14 : 0.7889"
"14,20 : 0.5536"
"20,14 : 0.5536"
"14,21 : 0.4397"
"21,14 : 0.4397"
"14,22 : 0.8588"
"22,14 : 0.8588"
"14,23 : 0.6997"
"23,14 : 0.6997"
"14,24 : 0.2927"
"24,14 : 0.2927"
"14,25 : 0.7185"
"25,14 : 0.7185"
"14,26 : 0.7547"
"26,14 : 0.7547"
"14,27 : 0.15"
"27,14 : 0.15"
"14,28 : 0.5061"
"28,14 : 0.5061"
"14,29 : 0.4924"
"29,14 : 0.4924"
"14,30 : 0.6494"
"30,14 : 0.6494"
"14,31 : 0.5794"
"31,14 : 0.5794"
"14,32 : 0.1811"
"32,14 : 0.1811"
"14,33 : 0.153"
"33,14 : 0.153"
"14,34 : 0.4888"
"34,14 : 0.4888"
"14,35 : 0.5492"
"35,14 : 0.5492"
"14,36 : 0.1803"
"36,14 : 0.1803"
"14,37 : 0.1769"
"37,14 : 0.1769"
"14,38 : 0.6531"
"38,14 : 0.6531"
"14,39 : 0.246"
"39,14 : 0.246"
"14,40 : 0.2138"
"40,14 : 0.2138"
"14,41 : 0.2285"
"41,14 : 0.2285"
"14,42 : 0.9361"
"42,14 : 0.9361"
"14,43 : 0.8792"
"43,14 : 0.8792"
"14,44 : 0.7209"
"44,14 : 0.7209"
"14,45 : 0.5728"
"45,14 : 0.5728"
"14,46 : 0.5099"
"46,14 : 0.5099"
"14,47 : 0.2818"
"47,14 : 0.2818"
"14,48 : 0.4768"
"48,14 : 0.4768"
"14,49 : 0.3677"
"49,14 : 0.3677"
"15,16 : 0.5743"
"16,15 : 0.5743"
"15,17 : 0.5743"
"17,15 : 0.5743"
"15,18 : 0.8693"
"18,15 : 0.8693"
"15,19 : 0.1166"
"19,15 : 0.1166"
"15,20 : 0.5143"
"20,15 : 0.5143"
"15,21 : 0.7595"
"21,15 : 0.7595"
"15,22 : 0.172"
"22,15 : 0.172"
"15,23 : 0.397"
"23,15 : 0.397"
"15,24 : 0.4201"
"24,15 : 0.4201"
"15,25 : 0.3581"
"25,15 : 0.3581"
"15,26 : 0.405"
"26,15 : 0.405"
"15,27 : 0.8264"
"27,15 : 0.8264"
"15,28 : 0.1868"
"28,15 : 0.1868"
"15,29 : 0.1972"
"29,15 : 0.1972"
"15,30 : 0.8053"
"30,15 : 0.8053"
"15,31 : 0.4751"
"31,15 : 0.4751"
"15,32 : 0.6119"
"32,15 : 0.6119"
"15,33 : 0.5743"
"33,15 : 0.5743"
"15,34 : 0.2062"
"34,15 : 0.2062"
"15,35 : 0.4079"
"35,15 : 0.4079"
"15,36 : 0.858"
"36,15 : 0.858"
"15,37 : 0.6454"
"37,15 : 0.6454"
"15,38 : 0.0361"
"38,15 : 0.0361"
"15,39 : 0.4428"
"39,15 : 0.4428"
"15,40 : 0.6661"
"40,15 : 0.6661"
"15,41 : 0.7157"
"41,15 : 0.7157"
"15,42 : 0.3228"
"42,15 : 0.3228"
"15,43 : 0.4492"
"43,15 : 0.4492"
"15,44 : 0.0412"
"44,15 : 0.0412"
"15,45 : 0.1565"
"45,15 : 0.1565"
"15,46 : 0.2433"
"46,15 : 0.2433"
"15,47 : 0.9301"
"47,15 : 0.9301"
"15,48 : 0.2663"
"48,15 : 0.2663"
"15,49 : 0.5215"
"49,15 : 0.5215"
"16,17 : 0.0"
"17,16 : 0.0"
"16,18 : 0.4876"
"18,16 : 0.4876"
"16,19 : 0.6907"
"19,16 : 0.6907"
"16,20 : 0.712"
"20,16 : 0.712"
"16,21 : 0.7242"
"21,16 : 0.7242"
"16,22 : 0.7388"
"22,16 : 0.7388"
"16,23 : 0.7732"
"23,16 : 0.7732"
"16,24 : 0.21"
"24,16 : 0.21"
"16,25 : 0.7694"
"25,16 : 0.7694"
"16,26 : 0.8174"
"26,16 : 0.8174"
"16,27 : 0.4717"
"27,16 : 0.4717"
"16,28 : 0.446"
"28,16 : 0.446"
"16,29 : 0.4031"
"29,16 : 0.4031"
"16,30 : 0.9034"
"30,16 : 0.9034"
"16,31 : 0.7145"
"31,16 : 0.7145"
"16,32 : 0.442"
"32,16 : 0.442"
"16,33 : 0.198"
"33,16 : 0.198"
"16,34 : 0.4397"
"34,16 : 0.4397"
"16,35 : 0.2596"
"35,16 : 0.2596"
"16,36 : 0.4965"
"36,16 : 0.4965"
"16,37 : 0.1676"
"37,16 : 0.1676"
"16,38 : 0.5408"
"38,16 : 0.5408"
"16,39 : 0.2886"
"39,16 : 0.2886"
"16,40 : 0.5033"
"40,16 : 0.5033"
"16,41 : 0.5374"
"41,16 : 0.5374"
"16,42 : 0.8859"
"42,16 : 0.8859"
"16,43 : 0.922"
"43,16 : 0.922"
"16,44 : 0.5903"
"44,16 : 0.5903"
"16,45 : 0.4201"
"45,16 : 0.4201"
"16,46 : 0.5179"
"46,16 : 0.5179"
"16,47 : 0.4276"
"47,16 : 0.4276"
"16,48 : 0.3081"
"48,16 : 0.3081"
"16,49 : 0.0583"
"49,16 : 0.0583"
"17,18 : 0.4876"
"18,17 : 0.4876"
"17,19 : 0.6907"
"19,17 : 0.6907"
"17,20 : 0.712"
"20,17 : 0.712"
"17,21 : 0.7242"
"21,17 : 0.7242"
"17,22 : 0.7388"
"22,17 : 0.7388"
"17,23 : 0.7732"
"23,17 : 0.7732"
"17,24 : 0.21"
"24,17 : 0.21"
"17,25 : 0.7694"
"25,17 : 0.7694"
"17,26 : 0.8174"
"26,17 : 0.8174"
"17,27 : 0.4717"
"27,17 : 0.4717"
"17,28 : 0.446"
"28,17 : 0.446"
"17,29 : 0.4031"
"29,17 : 0.4031"
"17,30 : 0.9034"
"30,17 : 0.9034"
"17,31 : 0.7145"
"31,17 : 0.7145"
"17,32 : 0.442"
"32,17 : 0.442"
"17,33 : 0.198"
"33,17 : 0.198"
"17,34 : 0.4397"
"34,17 : 0.4397"
"17,35 : 0.2596"
"35,17 : 0.2596"
"17,36 : 0.4965"
"36,17 : 0.4965"
"17,37 : 0.1676"
"37,17 : 0.1676"
"17,38 : 0.5408"
"38,17 : 0.5408"
"17,39 : 0.2886"
"39,17 : 0.2886"
"17,40 : 0.5033"
"40,17 : 0.5033"
"17,41 : 0.5374"
"41,17 : 0.5374"
"17,42 : 0.8859"
"42,17 : 0.8859"
"17,43 : 0.922"
"43,17 : 0.922"
"17,44 : 0.5903"
"44,17 : 0.5903"
"17,45 : 0.4201"
"45,17 : 0.4201"
"17,46 : 0.5179"
"46,17 : 0.5179"
"17,47 : 0.4276"
"47,17 : 0.4276"
"17,48 : 0.3081"
"48,17 : 0.3081"
"17,49 : 0.0583"
"49,17 : 0.0583"
"18,19 : 0.966"
"19,18 : 0.966"
"18,20 : 0.6637"
"20,18 : 0.6637"
"18,21 : 0.4627"
"21,18 : 0.4627"
"18,22 : 1.0379"
"22,18 : 1.0379"
"18,23 : 0.8374"
"23,18 : 0.8374"
"18,24 : 0.4768"
"24,18 : 0.4768"
"18,25 : 0.8631"
"25,18 : 0.8631"
"18,26 : 0.8938"
"26,18 : 0.8938"
"18,27 : 0.05"
"27,18 : 0.05"
"18,28 : 0.6845"
"28,18 : 0.6845"
"18,29 : 0.6742"
"29,18 : 0.6742"
"18,30 : 0.6836"
"30,18 : 0.6836"
"18,31 : 0.6989"
"31,18 : 0.6989"
"18,32 : 0.2973"
"32,18 : 0.2973"
"18,33 : 0.3302"
"33,18 : 0.3302"
"18,34 : 0.6664"
"34,18 : 0.6664"
"18,35 : 0.7225"
"35,18 : 0.7225"
"18,36 : 0.03"
"36,18 : 0.03"
"18,37 : 0.3202"
"37,18 : 0.3202"
"18,38 : 0.8338"
"38,18 : 0.8338"
"18,39 : 0.4272"
"39,18 : 0.4272"
"18,40 : 0.2865"
"40,18 : 0.2865"
"18,41 : 0.2657"
"41,18 : 0.2657"
"18,42 : 1.1021"
"42,18 : 1.1021"
"18,43 : 1.0207"
"43,18 : 1.0207"
"18,44 : 0.9025"
"44,18 : 0.9025"
"18,45 : 0.7569"
"45,18 : 0.7569"
"18,46 : 0.6768"
"46,18 : 0.6768"
"18,47 : 0.2159"
"47,18 : 0.2159"
"18,48 : 0.661"
"48,18 : 0.661"
"18,49 : 0.5295"
"49,18 : 0.5295"
"19,20 : 0.536"
"20,19 : 0.536"
"19,21 : 0.8102"
"21,19 : 0.8102"
"19,22 : 0.08"
"22,19 : 0.08"
"19,23 : 0.3774"
"23,19 : 0.3774"
"19,24 : 0.5308"
"24,19 : 0.5308"
"19,25 : 0.3302"
"25,19 : 0.3302"
"19,26 : 0.3688"
"26,19 : 0.3688"
"19,27 : 0.9214"
"27,19 : 0.9214"
"19,28 : 0.283"
"28,19 : 0.283"
"19,29 : 0.3048"
"29,19 : 0.3048"
"19,30 : 0.8257"
"30,19 : 0.8257"
"19,31 : 0.4904"
"31,19 : 0.4904"
"19,32 : 0.6957"
"32,19 : 0.6957"
"19,33 : 0.6825"
"33,19 : 0.6825"
"19,34 : 0.3002"
"34,19 : 0.3002"
"19,35 : 0.5192"
"35,19 : 0.5192"
"19,36 : 0.9527"
"36,19 : 0.9527"
"19,37 : 0.7569"
"37,19 : 0.7569"
"19,38 : 0.15"
"38,19 : 0.15"
"19,39 : 0.5438"
"39,19 : 0.5438"
"19,40 : 0.7446"
"40,19 : 0.7446"
"19,41 : 0.7931"
"41,19 : 0.7931"
"19,42 : 0.2121"
"42,19 : 0.2121"
"19,43 : 0.3808"
"43,19 : 0.3808"
"19,44 : 0.1118"
"44,19 : 0.1118"
"19,45 : 0.2729"
"45,19 : 0.2729"
"19,46 : 0.3059"
"46,19 : 0.3059"
"19,47 : 1.0386"
"47,19 : 1.0386"
"19,48 : 0.3828"
"48,19 : 0.3828"
"19,49 : 0.6381"
"49,19 : 0.6381"
"20,21 : 0.3102"
"21,20 : 0.3102"
"20,22 : 0.6139"
"22,20 : 0.6139"
"20,23 : 0.2119"
"23,20 : 0.2119"
"20,24 : 0.507"
"24,20 : 0.507"
"20,25 : 0.2571"
"25,20 : 0.2571"
"20,26 : 0.264"
"26,20 : 0.264"
"20,27 : 0.614"
"27,20 : 0.614"
"20,28 : 0.396"
"28,20 : 0.396"
"20,29 : 0.4393"
"29,20 : 0.4393"
"20,30 : 0.2915"
"30,20 : 0.2915"
"20,31 : 0.051"
"31,20 : 0.051"
"20,32 : 0.377"
"32,20 : 0.377"
"20,33 : 0.5601"
"33,20 : 0.5601"
"20,34 : 0.3821"
"34,20 : 0.3821"
"20,35 : 0.7357"
"35,20 : 0.7357"
"20,36 : 0.6381"
"36,20 : 0.6381"
"20,37 : 0.6507"
"37,20 : 0.6507"
"20,38 : 0.4974"
"38,20 : 0.4974"
"20,39 : 0.4243"
"39,20 : 0.4243"
"20,40 : 0.3774"
"40,20 : 0.3774"
"20,41 : 0.4061"
"41,20 : 0.4061"
"20,42 : 0.5558"
"42,20 : 0.5558"
"20,43 : 0.3859"
"43,20 : 0.3859"
"20,44 : 0.5546"
"44,20 : 0.5546"
"20,45 : 0.5376"
"45,20 : 0.5376"
"20,46 : 0.2907"
"46,20 : 0.2907"
"20,47 : 0.8322"
"47,20 : 0.8322"
"20,48 : 0.5464"
"48,20 : 0.5464"
"20,49 : 0.6938"
"49,20 : 0.6938"
"21,22 : 0.8902"
"22,21 : 0.8902"
"21,23 : 0.522"
"23,21 : 0.522"
"21,24 : 0.5664"
"24,21 : 0.5664"
"21,25 : 0.5661"
"25,21 : 0.5661"
"21,26 : 0.5738"
"26,21 : 0.5738"
"21,27 : 0.4205"
"27,21 : 0.4205"
"21,28 : 0.5948"
"28,21 : 0.5948"
"21,29 : 0.6203"
"29,21 : 0.6203"
"21,30 : 0.2209"
"30,21 : 0.2209"
"21,31 : 0.3606"
"31,21 : 0.3606"
"21,32 : 0.283"
"32,21 : 0.283"
"21,33 : 0.53"
"33,21 : 0.53"
"21,34 : 0.5757"
"34,21 : 0.5757"
"21,35 : 0.8481"
"35,21 : 0.8481"
"21,36 : 0.4329"
"36,21 : 0.4329"
"21,37 : 0.5993"
"37,21 : 0.5993"
"21,38 : 0.7335"
"38,21 : 0.7335"
"21,39 : 0.4675"
"39,21 : 0.4675"
"21,40 : 0.2285"
"40,21 : 0.2285"
"21,41 : 0.2138"
"41,21 : 0.2138"
"21,42 : 0.8612"
"42,21 : 0.8612"
"21,43 : 0.6932"
"43,21 : 0.6932"
"21,44 : 0.8006"
"44,21 : 0.8006"
"21,45 : 0.728"
"45,21 : 0.728"
"21,46 : 0.5162"
"46,21 : 0.5162"
"21,47 : 0.67"
"47,21 : 0.67"
"21,48 : 0.6896"
"48,21 : 0.6896"
"21,49 : 0.7311"
"49,21 : 0.7311"
"22,23 : 0.4472"
"23,22 : 0.4472"
"22,24 : 0.592"
"24,22 : 0.592"
"22,25 : 0.3982"
"25,22 : 0.3982"
"22,26 : 0.4327"
"26,22 : 0.4327"
"22,27 : 0.994"
"27,22 : 0.994"
"22,28 : 0.3534"
"28,22 : 0.3534"
"22,29 : 0.3689"
"29,22 : 0.3689"
"22,30 : 0.9025"
"30,22 : 0.9025"
"22,31 : 0.5675"
"31,22 : 0.5675"
"22,32 : 0.772"
"32,22 : 0.772"
"22,33 : 0.7463"
"33,22 : 0.7463"
"22,34 : 0.3716"
"34,22 : 0.3716"
"22,35 : 0.5463"
"35,22 : 0.5463"
"22,36 : 1.0255"
"36,22 : 1.0255"
"22,37 : 0.8169"
"37,22 : 0.8169"
"22,38 : 0.2081"
"38,22 : 0.2081"
"22,39 : 0.6129"
"39,22 : 0.6129"
"22,40 : 0.8223"
"40,22 : 0.8223"
"22,41 : 0.871"
"41,22 : 0.871"
"22,42 : 0.2159"
"42,22 : 0.2159"
"22,43 : 0.4264"
"43,22 : 0.4264"
"22,44 : 0.1487"
"44,22 : 0.1487"
"22,45 : 0.3189"
"45,22 : 0.3189"
"22,46 : 0.3847"
"46,22 : 0.3847"
"22,47 : 1.1021"
"47,22 : 1.1021"
"22,48 : 0.4319"
"48,22 : 0.4319"
"22,49 : 0.6841"
"49,22 : 0.6841"
"23,24 : 0.5644"
"24,23 : 0.5644"
"23,25 : 0.051"
"25,23 : 0.051"
"23,26 : 0.0566"
"26,23 : 0.0566"
"23,27 : 0.7875"
"27,23 : 0.7875"
"23,28 : 0.359"
"28,23 : 0.359"
"23,29 : 0.41"
"29,23 : 0.41"
"23,30 : 0.4717"
"30,23 : 0.4717"
"23,31 : 0.1616"
"31,23 : 0.1616"
"23,32 : 0.5404"
"32,23 : 0.5404"
"23,33 : 0.6641"
"33,23 : 0.6641"
"23,34 : 0.3551"
"34,23 : 0.3551"
"23,35 : 0.7228"
"35,23 : 0.7228"
"23,36 : 0.8147"
"36,23 : 0.8147"
"23,37 : 0.7558"
"37,23 : 0.7558"
"23,38 : 0.3941"
"38,23 : 0.3941"
"23,39 : 0.5096"
"39,23 : 0.5096"
"23,40 : 0.5587"
"40,23 : 0.5587"
"23,41 : 0.5955"
"41,23 : 0.5955"
"23,42 : 0.3501"
"42,23 : 0.3501"
"23,43 : 0.1838"
"43,23 : 0.1838"
"23,44 : 0.4314"
"44,23 : 0.4314"
"23,45 : 0.4793"
"45,23 : 0.4793"
"23,46 : 0.2608"
"46,23 : 0.2608"
"23,47 : 0.9811"
"47,23 : 0.9811"
"23,48 : 0.5315"
"48,23 : 0.5315"
"23,49 : 0.7403"
"49,23 : 0.7403"
"24,25 : 0.5629"
"25,24 : 0.5629"
"24,26 : 0.61"
"26,24 : 0.61"
"24,27 : 0.4418"
"27,24 : 0.4418"
"24,28 : 0.2581"
"28,24 : 0.2581"
"24,29 : 0.2263"
"29,24 : 0.2263"
"24,30 : 0.7211"
"30,24 : 0.7211"
"24,31 : 0.5064"
"31,24 : 0.5064"
"24,32 : 0.3041"
"32,24 : 0.3041"
"24,33 : 0.1565"
"33,24 : 0.1565"
"24,34 : 0.247"
"34,24 : 0.247"
"24,35 : 0.2865"
"35,24 : 0.2865"
"24,36 : 0.4727"
"36,24 : 0.4727"
"24,37 : 0.2263"
"37,24 : 0.2263"
"24,38 : 0.3842"
"38,24 : 0.3842"
"24,39 : 0.099"
"39,24 : 0.099"
"24,40 : 0.3712"
"40,24 : 0.3712"
"24,41 : 0.4163"
"41,24 : 0.4163"
"24,42 : 0.708"
"42,24 : 0.708"
"24,43 : 0.7184"
"43,24 : 0.7184"
"24,44 : 0.4465"
"44,24 : 0.4465"
"24,45 : 0.2864"
"45,24 : 0.2864"
"24,46 : 0.3132"
"46,24 : 0.3132"
"24,47 : 0.5104"
"47,24 : 0.5104"
"24,48 : 0.1844"
"48,24 : 0.1844"
"24,49 : 0.1868"
"49,24 : 0.1868"
"25,26 : 0.051"
"26,25 : 0.051"
"25,27 : 0.8134"
"27,25 : 0.8134"
"25,28 : 0.3413"
"28,25 : 0.3413"
"25,29 : 0.392"
"29,25 : 0.392"
"25,30 : 0.5224"
"30,25 : 0.5224"
"25,31 : 0.2062"
"31,25 : 0.2062"
"25,32 : 0.5659"
"32,25 : 0.5659"
"25,33 : 0.6723"
"33,25 : 0.6723"
"25,34 : 0.3401"
"34,25 : 0.3401"
"25,35 : 0.7021"
"35,25 : 0.7021"
"25,36 : 0.8415"
"36,25 : 0.8415"
"25,37 : 0.7632"
"37,25 : 0.7632"
"25,38 : 0.3585"
"38,25 : 0.3585"
"25,39 : 0.5162"
"39,25 : 0.5162"
"25,40 : 0.589"
"40,25 : 0.589"
"25,41 : 0.628"
"41,25 : 0.628"
"25,42 : 0.3007"
"42,25 : 0.3007"
"25,43 : 0.1612"
"43,25 : 0.1612"
"25,44 : 0.3905"
"44,25 : 0.3905"
"25,45 : 0.4522"
"45,25 : 0.4522"
"25,46 : 0.2518"
"46,25 : 0.2518"
"25,47 : 0.9986"
"47,25 : 0.9986"
"25,48 : 0.5135"
"48,25 : 0.5135"
"25,49 : 0.7333"
"49,25 : 0.7333"
"26,27 : 0.8439"
"27,26 : 0.8439"
"26,28 : 0.392"
"28,26 : 0.392"
"26,29 : 0.4428"
"29,26 : 0.4428"
"26,30 : 0.51"
"30,26 : 0.51"
"26,31 : 0.2147"
"31,26 : 0.2147"
"26,32 : 0.5967"
"32,26 : 0.5967"
"26,33 : 0.7151"
"33,26 : 0.7151"
"26,34 : 0.3905"
"34,26 : 0.3905"
"26,35 : 0.7531"
"35,26 : 0.7531"
"26,36 : 0.8711"
"36,26 : 0.8711"
"26,37 : 0.8065"
"37,26 : 0.8065"
"26,38 : 0.4071"
"38,26 : 0.4071"
"26,39 : 0.5597"
"39,26 : 0.5597"
"26,40 : 0.6152"
"40,26 : 0.6152"
"26,41 : 0.6519"
"41,26 : 0.6519"
"26,42 : 0.3114"
"42,26 : 0.3114"
"26,43 : 0.1273"
"43,26 : 0.1273"
"26,44 : 0.436"
"44,26 : 0.436"
"26,45 : 0.5029"
"45,26 : 0.5029"
"26,46 : 0.3007"
"46,26 : 0.3007"
"26,47 : 1.0359"
"47,26 : 1.0359"
"26,48 : 0.5644"
"48,26 : 0.5644"
"26,49 : 0.7823"
"49,26 : 0.7823"
"27,28 : 0.6408"
"28,27 : 0.6408"
"27,29 : 0.6325"
"29,27 : 0.6325"
"27,30 : 0.6412"
"30,27 : 0.6412"
"27,31 : 0.649"
"31,27 : 0.649"
"27,32 : 0.2476"
"32,27 : 0.2476"
"27,33 : 0.3015"
"33,27 : 0.3015"
"27,34 : 0.6224"
"34,27 : 0.6224"
"27,35 : 0.6972"
"35,27 : 0.6972"
"27,36 : 0.0316"
"36,27 : 0.0316"
"27,37 : 0.3046"
"37,27 : 0.3046"
"27,38 : 0.7912"
"38,27 : 0.7912"
"27,39 : 0.386"
"39,27 : 0.386"
"27,40 : 0.2371"
"40,27 : 0.2371"
"27,41 : 0.2184"
"41,27 : 0.2184"
"27,42 : 1.0544"
"42,27 : 1.0544"
"27,43 : 0.9708"
"43,27 : 0.9708"
"27,44 : 0.8603"
"44,27 : 0.8603"
"27,45 : 0.7181"
"45,27 : 0.7181"
"27,46 : 0.6297"
"46,27 : 0.6297"
"27,47 : 0.2508"
"47,27 : 0.2508"
"27,48 : 0.6251"
"48,27 : 0.6251"
"27,49 : 0.5096"
"49,27 : 0.5096"
"28,29 : 0.051"
"29,28 : 0.051"
"28,30 : 0.6742"
"30,28 : 0.6742"
"28,31 : 0.3701"
"31,28 : 0.3701"
"28,32 : 0.4258"
"32,28 : 0.4258"
"28,33 : 0.4031"
"33,28 : 0.4031"
"28,34 : 0.02"
"34,28 : 0.02"
"28,35 : 0.364"
"35,28 : 0.364"
"28,36 : 0.6723"
"36,28 : 0.6723"
"28,37 : 0.4827"
"37,28 : 0.4827"
"28,38 : 0.153"
"38,28 : 0.153"
"28,39 : 0.2608"
"39,28 : 0.2608"
"28,40 : 0.4817"
"40,28 : 0.4817"
"28,41 : 0.5315"
"41,28 : 0.5315"
"28,42 : 0.45"
"42,28 : 0.45"
"28,43 : 0.4826"
"43,28 : 0.4826"
"28,44 : 0.2236"
"44,28 : 0.2236"
"28,45 : 0.1421"
"45,28 : 0.1421"
"28,46 : 0.1082"
"46,28 : 0.1082"
"28,47 : 0.7582"
"47,28 : 0.7582"
"28,48 : 0.1726"
"48,28 : 0.1726"
"28,49 : 0.4026"
"49,28 : 0.4026"
"29,30 : 0.7122"
"30,29 : 0.7122"
"29,31 : 0.4162"
"31,29 : 0.4162"
"29,32 : 0.4305"
"32,29 : 0.4305"
"29,33 : 0.378"
"33,29 : 0.378"
"29,34 : 0.0583"
"34,29 : 0.0583"
"29,35 : 0.3132"
"35,29 : 0.3132"
"29,36 : 0.6641"
"36,29 : 0.6641"
"29,37 : 0.4525"
"37,29 : 0.4525"
"29,38 : 0.1612"
"38,29 : 0.1612"
"29,39 : 0.247"
"39,29 : 0.247"
"29,40 : 0.4901"
"40,29 : 0.4901"
"29,41 : 0.5401"
"41,29 : 0.5401"
"29,42 : 0.4855"
"42,29 : 0.4855"
"29,43 : 0.5315"
"43,29 : 0.5315"
"29,44 : 0.2285"
"44,29 : 0.2285"
"29,45 : 0.1077"
"45,29 : 0.1077"
"29,46 : 0.1565"
"46,29 : 0.1565"
"29,47 : 0.7341"
"47,29 : 0.7341"
"29,48 : 0.1217"
"48,29 : 0.1217"
"29,49 : 0.3574"
"49,29 : 0.3574"
"30,31 : 0.3353"
"31,30 : 0.3353"
"30,32 : 0.478"
"32,30 : 0.478"
"30,33 : 0.7187"
"33,30 : 0.7187"
"30,34 : 0.658"
"34,30 : 0.658"
"30,35 : 0.9849"
"35,30 : 0.9849"
"30,36 : 0.6538"
"36,30 : 0.6538"
"30,37 : 0.797"
"37,30 : 0.797"
"30,38 : 0.7871"
"38,30 : 0.7871"
"30,39 : 0.6243"
"39,30 : 0.6243"
"30,40 : 0.4357"
"40,30 : 0.4357"
"30,41 : 0.4305"
"41,30 : 0.4305"
"30,42 : 0.8205"
"42,30 : 0.8205"
"30,43 : 0.6067"
"43,30 : 0.6067"
"30,44 : 0.8458"
"44,30 : 0.8458"
"30,45 : 0.8161"
"45,30 : 0.8161"
"30,46 : 0.5745"
"46,30 : 0.5745"
"30,47 : 0.8902"
"47,30 : 0.8902"
"30,48 : 0.8062"
"48,30 : 0.8062"
"30,49 : 0.9005"
"49,30 : 0.9005"
"31,32 : 0.4071"
"32,31 : 0.4071"
"31,33 : 0.5731"
"33,31 : 0.5731"
"31,34 : 0.3581"
"34,31 : 0.3581"
"31,35 : 0.7201"
"35,31 : 0.7201"
"31,36 : 0.6742"
"36,31 : 0.6742"
"31,37 : 0.6648"
"37,31 : 0.6648"
"31,38 : 0.4604"
"38,31 : 0.4604"
"31,39 : 0.4301"
"39,31 : 0.4301"
"31,40 : 0.414"
"40,31 : 0.414"
"31,41 : 0.446"
"41,31 : 0.446"
"31,42 : 0.5049"
"42,31 : 0.5049"
"31,43 : 0.3384"
"43,31 : 0.3384"
"31,44 : 0.5148"
"44,31 : 0.5148"
"31,45 : 0.5099"
"45,31 : 0.5099"
"31,46 : 0.2625"
"46,31 : 0.2625"
"31,47 : 0.8601"
"47,31 : 0.8601"
"31,48 : 0.5284"
"48,31 : 0.5284"
"31,49 : 0.6923"
"49,31 : 0.6923"
"32,33 : 0.247"
"33,32 : 0.247"
"32,34 : 0.4061"
"34,32 : 0.4061"
"32,35 : 0.5906"
"35,32 : 0.5906"
"32,36 : 0.2759"
"36,32 : 0.2759"
"32,37 : 0.3195"
"37,32 : 0.3195"
"32,38 : 0.5787"
"38,32 : 0.5787"
"32,39 : 0.2119"
"39,32 : 0.2119"
"32,40 : 0.0671"
"40,32 : 0.0671"
"32,41 : 0.114"
"41,32 : 0.114"
"32,42 : 0.813"
"42,32 : 0.813"
"32,43 : 0.7235"
"43,32 : 0.7235"
"32,44 : 0.6494"
"44,32 : 0.6494"
"32,45 : 0.5304"
"45,32 : 0.5304"
"32,46 : 0.394"
"46,32 : 0.394"
"32,47 : 0.4554"
"47,32 : 0.4554"
"32,48 : 0.461"
"48,32 : 0.461"
"32,49 : 0.4525"
"49,32 : 0.4525"
"33,34 : 0.389"
"34,33 : 0.389"
"33,35 : 0.3962"
"35,33 : 0.3962"
"33,36 : 0.3306"
"36,33 : 0.3306"
"33,37 : 0.0922"
"37,33 : 0.0922"
"33,38 : 0.5382"
"38,33 : 0.5382"
"33,39 : 0.1565"
"39,33 : 0.1565"
"33,40 : 0.3061"
"40,33 : 0.3061"
"33,41 : 0.3394"
"41,33 : 0.3394"
"33,42 : 0.8504"
"42,33 : 0.8504"
"33,43 : 0.8326"
"43,33 : 0.8326"
"33,44 : 0.6021"
"44,33 : 0.6021"
"33,45 : 0.4428"
"45,33 : 0.4428"
"33,46 : 0.4357"
"46,33 : 0.4357"
"33,47 : 0.3561"
"47,33 : 0.3561"
"33,48 : 0.3384"
"48,33 : 0.3384"
"33,49 : 0.2195"
"49,33 : 0.2195"
"34,35 : 0.37"
"35,34 : 0.37"
"34,36 : 0.6539"
"36,34 : 0.6539"
"34,37 : 0.4701"
"37,34 : 0.4701"
"34,38 : 0.1726"
"38,34 : 0.1726"
"34,39 : 0.2441"
"39,34 : 0.2441"
"34,40 : 0.4617"
"40,34 : 0.4617"
"34,41 : 0.5116"
"41,34 : 0.5116"
"34,42 : 0.4623"
"42,34 : 0.4623"
"34,43 : 0.4851"
"43,34 : 0.4851"
"34,44 : 0.2433"
"44,34 : 0.2433"
"34,45 : 0.1581"
"45,34 : 0.1581"
"34,46 : 0.0985"
"46,34 : 0.0985"
"34,47 : 0.7433"
"47,34 : 0.7433"
"34,48 : 0.1772"
"48,34 : 0.1772"
"34,49 : 0.3981"
"49,34 : 0.3981"
"35,36 : 0.7256"
"36,35 : 0.7256"
"35,37 : 0.4105"
"37,35 : 0.4105"
"35,38 : 0.3833"
"38,35 : 0.3833"
"35,39 : 0.3828"
"39,35 : 0.3828"
"35,40 : 0.6576"
"40,35 : 0.6576"
"35,41 : 0.7021"
"41,35 : 0.7021"
"35,42 : 0.7301"
"42,35 : 0.7301"
"35,43 : 0.8315"
"43,35 : 0.8315"
"35,44 : 0.408"
"44,35 : 0.408"
"35,45 : 0.2602"
"45,35 : 0.2602"
"35,46 : 0.4682"
"46,35 : 0.4682"
"35,47 : 0.6866"
"47,35 : 0.6866"
"35,48 : 0.1931"
"48,35 : 0.1931"
"35,49 : 0.204"
"49,35 : 0.204"
"36,37 : 0.3289"
"37,36 : 0.3289"
"36,38 : 0.8228"
"38,36 : 0.8228"
"36,39 : 0.4176"
"39,36 : 0.4176"
"36,40 : 0.2608"
"40,36 : 0.2608"
"36,41 : 0.2377"
"41,36 : 0.2377"
"36,42 : 1.0847"
"42,36 : 1.0847"
"36,43 : 0.9982"
"43,36 : 0.9982"
"36,44 : 0.892"
"44,36 : 0.892"
"36,45 : 0.7495"
"45,36 : 0.7495"
"36,46 : 0.6604"
"46,36 : 0.6604"
"36,47 : 0.2452"
"47,36 : 0.2452"
"36,48 : 0.6562"
"48,36 : 0.6562"
"36,49 : 0.536"
"49,36 : 0.536"
"37,38 : 0.6096"
"38,37 : 0.6096"
"37,39 : 0.247"
"39,37 : 0.247"
"37,40 : 0.3712"
"40,37 : 0.3712"
"37,41 : 0.3966"
"41,37 : 0.3966"
"37,42 : 0.9324"
"42,37 : 0.9324"
"37,43 : 0.9231"
"43,37 : 0.9231"
"37,44 : 0.6701"
"44,37 : 0.6701"
"37,45 : 0.5048"
"45,37 : 0.5048"
"37,46 : 0.5235"
"46,37 : 0.5235"
"37,47 : 0.2907"
"47,37 : 0.2907"
"37,48 : 0.3945"
"48,37 : 0.3945"
"37,49 : 0.211"
"49,37 : 0.211"
"38,39 : 0.4072"
"39,38 : 0.4072"
"38,40 : 0.6339"
"40,38 : 0.6339"
"38,41 : 0.6836"
"41,38 : 0.6836"
"38,42 : 0.3511"
"42,38 : 0.3511"
"38,43 : 0.461"
"43,38 : 0.461"
"38,44 : 0.0707"
"44,38 : 0.0707"
"38,45 : 0.1265"
"45,38 : 0.1265"
"38,46 : 0.2184"
"46,38 : 0.2184"
"38,47 : 0.894"
"47,38 : 0.894"
"38,48 : 0.2332"
"48,38 : 0.2332"
"38,49 : 0.4888"
"49,38 : 0.4888"
"39,40 : 0.2786"
"40,39 : 0.2786"
"39,41 : 0.3257"
"41,39 : 0.3257"
"39,42 : 0.7001"
"42,39 : 0.7001"
"39,43 : 0.6762"
"43,39 : 0.6762"
"39,44 : 0.4754"
"44,39 : 0.4754"
"39,45 : 0.3338"
"45,39 : 0.3338"
"39,46 : 0.2802"
"46,39 : 0.2802"
"39,47 : 0.5021"
"47,39 : 0.5021"
"39,48 : 0.2518"
"48,39 : 0.2518"
"39,49 : 0.2773"
"49,39 : 0.2773"
"40,41 : 0.05"
"41,40 : 0.05"
"40,42 : 0.85"
"42,40 : 0.85"
"40,43 : 0.7425"
"43,40 : 0.7425"
"40,44 : 0.7046"
"44,40 : 0.7046"
"40,45 : 0.5921"
"45,40 : 0.5921"
"40,46 : 0.4397"
"46,40 : 0.4397"
"40,47 : 0.4687"
"47,40 : 0.4687"
"40,48 : 0.5263"
"48,40 : 0.5263"
"40,49 : 0.5166"
"49,40 : 0.5166"
"41,42 : 0.8944"
"42,41 : 0.8944"
"41,43 : 0.779"
"43,41 : 0.779"
"41,44 : 0.7543"
"44,41 : 0.7543"
"41,45 : 0.642"
"45,41 : 0.642"
"41,46 : 0.4876"
"46,41 : 0.4876"
"41,47 : 0.4617"
"47,41 : 0.4617"
"41,48 : 0.5749"
"48,41 : 0.5749"
"41,49 : 0.5544"
"49,41 : 0.5544"
"42,43 : 0.2506"
"43,42 : 0.2506"
"42,44 : 0.3239"
"44,42 : 0.3239"
"42,45 : 0.4776"
"45,42 : 0.4776"
"42,46 : 0.4264"
"46,42 : 0.4264"
"42,47 : 1.2022"
"47,42 : 1.2022"
"42,48 : 0.5818"
