x,y
0.68,0.6
0.27,0.38
0.62,0.61
0.16,0.39
0.33,0.14
0.47,0.3
0.53,0.21
0.26,0.08
0.13,0.48
0.2,0.39
0.55,0.28
0.59,0.21
0.66,0.43
0.26,0.55
0.29,0.65
0.98,0.42
0.55,0.29
0.03,0.56
0.77,0.35
0.99,0.5
0.56,0.28
0.9,0.05
0.76,0.94
0.52,0.9
0.75,0.84
0.91,0.86
0.16,0.55
0.81,0.95
0.89,0.61
0.22,0.63
0.16,0.49
0.79,0.66
0.74,0.37
0.39,0.17
0.47,0.6
0.41,1.0
0.19,0.63
0.77,0.96
0.87,0.24
0.74,0.99
0.23,0.41
0.85,0.61
0.07,0.31
0.92,0.55
0.03,0.69
0.48,0.0
0.49,0.96
0.35,0.7
0.24,0.52
0.56,0.52

Distanze
"0,1 : 0.4653"
"1,0 : 0.4653"
"0,2 : 0.0608"
"2,0 : 0.0608"
"0,3 : 0.5608"
"3,0 : 0.5608"
"0,4 : 0.578"
"4,0 : 0.578"
"0,5 : 0.3662"
"5,0 : 0.3662"
"0,6 : 0.4179"
"6,0 : 0.4179"
"0,7 : 0.6684"
"7,0 : 0.6684"
"0,8 : 0.5629"
"8,0 : 0.5629"
"0,9 : 0.5239"
"9,0 : 0.5239"
"0,10 : 0.3454"
"10,0 : 0.3454"
"0,11 : 0.4002"
"11,0 : 0.4002"
"0,12 : 0.1712"
"12,0 : 0.1712"
"0,13 : 0.423"
"13,0 : 0.423"
"0,14 : 0.3932"
"14,0 : 0.3932"
"0,15 : 0.3499"
"15,0 : 0.3499"
"0,16 : 0.3362"
"16,0 : 0.3362"
"0,17 : 0.6512"
"17,0 : 0.6512"
"0,18 : 0.2657"
"18,0 : 0.2657"
"0,19 : 0.3257"
"19,0 : 0.3257"
"0,20 : 0.3418"
"20,0 : 0.3418"
"0,21 : 0.5924"
"21,0 : 0.5924"
"0,22 : 0.3493"
"22,0 : 0.3493"
"0,23 : 0.34"
"23,0 : 0.34"
"0,24 : 0.25"
"24,0 : 0.25"
"0,25 : 0.3471"
"25,0 : 0.3471"
"0,26 : 0.5224"
"26,0 : 0.5224"
"0,27 : 0.3734"
"27,0 : 0.3734"
"0,28 : 0.2102"
"28,0 : 0.2102"
"0,29 : 0.461"
"29,0 : 0.461"
"0,30 : 0.5315"
"30,0 : 0.5315"
"0,31 : 0.1253"
"31,0 : 0.1253"
"0,32 : 0.2377"
"32,0 : 0.2377"
"0,33 : 0.5187"
"33,0 : 0.5187"
"0,34 : 0.21"
"34,0 : 0.21"
"0,35 : 0.4826"
"35,0 : 0.4826"
"0,36 : 0.4909"
"36,0 : 0.4909"
"0,37 : 0.3711"
"37,0 : 0.3711"
"0,38 : 0.4071"
"38,0 : 0.4071"
"0,39 : 0.3946"
"39,0 : 0.3946"
"0,40 : 0.4885"
"40,0 : 0.4885"
"0,41 : 0.1703"
"41,0 : 0.1703"
"0,42 : 0.6754"
"42,0 : 0.6754"
"0,43 : 0.2452"
"43,0 : 0.2452"
"0,44 : 0.6562"
"44,0 : 0.6562"
"0,45 : 0.6325"
"45,0 : 0.6325"
"0,46 : 0.4071"
"46,0 : 0.4071"
"0,47 : 0.3448"
"47,0 : 0.3448"
"0,48 : 0.4472"
"48,0 : 0.4472"
"0,49 : 0.1442"
"49,0 : 0.1442"
"1,2 : 0.4188"
"2,1 : 0.4188"
"1,3 : 0.1105"
"3,1 : 0.1105"
"1,4 : 0.2474"
"4,1 : 0.2474"
"1,5 : 0.2154"
"5,1 : 0.2154"
"1,6 : 0.3106"
"6,1 : 0.3106"
"1,7 : 0.3002"
"7,1 : 0.3002"
"1,8 : 0.172"
"8,1 : 0.172"
"1,9 : 0.0707"
"9,1 : 0.0707"
"1,10 : 0.2973"
"10,1 : 0.2973"
"1,11 : 0.3624"
"11,1 : 0.3624"
"1,12 : 0.3932"
"12,1 : 0.3932"
"1,13 : 0.1703"
"13,1 : 0.1703"
"1,14 : 0.2707"
"14,1 : 0.2707"
"1,15 : 0.7111"
"15,1 : 0.7111"
"1,16 : 0.2941"
"16,1 : 0.2941"
"1,17 : 0.3"
"17,1 : 0.3"
"1,18 : 0.5009"
"18,1 : 0.5009"
"1,19 : 0.7299"
"19,1 : 0.7299"
"1,20 : 0.3068"
"20,1 : 0.3068"
"1,21 : 0.7112"
"21,1 : 0.7112"
"1,22 : 0.7441"
"22,1 : 0.7441"
"1,23 : 0.577"
"23,1 : 0.577"
"1,24 : 0.6648"
"24,1 : 0.6648"
"1,25 : 0.8"
"25,1 : 0.8"
"1,26 : 0.2025"
"26,1 : 0.2025"
"1,27 : 0.7852"
"27,1 : 0.7852"
"1,28 : 0.6613"
"28,1 : 0.6613"
"1,29 : 0.255"
"29,1 : 0.255"
"1,30 : 0.1556"
"30,1 : 0.1556"
"1,31 : 0.5906"
"31,1 : 0.5906"
"1,32 : 0.4701"
"32,1 : 0.4701"
"1,33 : 0.2419"
"33,1 : 0.2419"
"1,34 : 0.2973"
"34,1 : 0.2973"
"1,35 : 0.6356"
"35,1 : 0.6356"
"1,36 : 0.2625"
"36,1 : 0.2625"
"1,37 : 0.7658"
"37,1 : 0.7658"
"1,38 : 0.6161"
"38,1 : 0.6161"
"1,39 : 0.7701"
"39,1 : 0.7701"
"1,40 : 0.05"
"40,1 : 0.05"
"1,41 : 0.6239"
"41,1 : 0.6239"
"1,42 : 0.2119"
"42,1 : 0.2119"
"1,43 : 0.6719"
"43,1 : 0.6719"
"1,44 : 0.392"
"44,1 : 0.392"
"1,45 : 0.4342"
"45,1 : 0.4342"
"1,46 : 0.6203"
"46,1 : 0.6203"
"1,47 : 0.3298"
"47,1 : 0.3298"
"1,48 : 0.1432"
"48,1 : 0.1432"
"1,49 : 0.322"
"49,1 : 0.322"
"2,3 : 0.5099"
"3,2 : 0.5099"
"2,4 : 0.5523"
"4,2 : 0.5523"
"2,5 : 0.3444"
"5,2 : 0.3444"
"2,6 : 0.41"
"6,2 : 0.41"
"2,7 : 0.6407"
"7,2 : 0.6407"
"2,8 : 0.507"
"8,2 : 0.507"
"2,9 : 0.4741"
"9,2 : 0.4741"
"2,10 : 0.3373"
"10,2 : 0.3373"
"2,11 : 0.4011"
"11,2 : 0.4011"
"2,12 : 0.1844"
"12,2 : 0.1844"
"2,13 : 0.365"
"13,2 : 0.365"
"2,14 : 0.3324"
"14,2 : 0.3324"
"2,15 : 0.4071"
"15,2 : 0.4071"
"2,16 : 0.3276"
"16,2 : 0.3276"
"2,17 : 0.5921"
"17,2 : 0.5921"
"2,18 : 0.3002"
"18,2 : 0.3002"
"2,19 : 0.386"
"19,2 : 0.386"
"2,20 : 0.3354"
"20,2 : 0.3354"
"2,21 : 0.6261"
"21,2 : 0.6261"
"2,22 : 0.3585"
"22,2 : 0.3585"
"2,23 : 0.3068"
"23,2 : 0.3068"
"2,24 : 0.2642"
"24,2 : 0.2642"
"2,25 : 0.3829"
"25,2 : 0.3829"
"2,26 : 0.4639"
"26,2 : 0.4639"
"2,27 : 0.3895"
"27,2 : 0.3895"
"2,28 : 0.27"
"28,2 : 0.27"
"2,29 : 0.4005"
"29,2 : 0.4005"
"2,30 : 0.4754"
"30,2 : 0.4754"
"2,31 : 0.1772"
"31,2 : 0.1772"
"2,32 : 0.2683"
"32,2 : 0.2683"
"2,33 : 0.4965"
"33,2 : 0.4965"
"2,34 : 0.1503"
"34,2 : 0.1503"
"2,35 : 0.4429"
"35,2 : 0.4429"
"2,36 : 0.4305"
"36,2 : 0.4305"
"2,37 : 0.3808"
"37,2 : 0.3808"
"2,38 : 0.4465"
"38,2 : 0.4465"
"2,39 : 0.3985"
"39,2 : 0.3985"
"2,40 : 0.4383"
"40,2 : 0.4383"
"2,41 : 0.23"
"41,2 : 0.23"
"2,42 : 0.6265"
"42,2 : 0.6265"
"2,43 : 0.3059"
"43,2 : 0.3059"
"2,44 : 0.5954"
"44,2 : 0.5954"
"2,45 : 0.6259"
"45,2 : 0.6259"
"2,46 : 0.3734"
"46,2 : 0.3734"
"2,47 : 0.2846"
"47,2 : 0.2846"
"2,48 : 0.3905"
"48,2 : 0.3905"
"2,49 : 0.1082"
"49,2 : 0.1082"
"3,4 : 0.3023"
"4,3 : 0.3023"
"3,5 : 0.3228"
"5,3 : 0.3228"
"3,6 : 0.4115"
"6,3 : 0.4115"
"3,7 : 0.3257"
"7,3 : 0.3257"
"3,8 : 0.0949"
"8,3 : 0.0949"
"3,9 : 0.04"
"9,3 : 0.04"
"3,10 : 0.4052"
"10,3 : 0.4052"
"3,11 : 0.4662"
"11,3 : 0.4662"
"3,12 : 0.5016"
"12,3 : 0.5016"
"3,13 : 0.1887"
"13,3 : 0.1887"
"3,14 : 0.2907"
"14,3 : 0.2907"
"3,15 : 0.8205"
"15,3 : 0.8205"
"3,16 : 0.4026"
"16,3 : 0.4026"
"3,17 : 0.214"
"17,3 : 0.214"
"3,18 : 0.6113"
"18,3 : 0.6113"
"3,19 : 0.8373"
"19,3 : 0.8373"
"3,20 : 0.4148"
"20,3 : 0.4148"
"3,21 : 0.8144"
"21,3 : 0.8144"
"3,22 : 0.8139"
"22,3 : 0.8139"
"3,23 : 0.6243"
"23,3 : 0.6243"
"3,24 : 0.742"
"24,3 : 0.742"
"3,25 : 0.8851"
"25,3 : 0.8851"
"3,26 : 0.16"
"26,3 : 0.16"
"3,27 : 0.858"
"27,3 : 0.858"
"3,28 : 0.7624"
"28,3 : 0.7624"
"3,29 : 0.2474"
"29,3 : 0.2474"
"3,30 : 0.1"
"30,3 : 0.1"
"3,31 : 0.6854"
"31,3 : 0.6854"
"3,32 : 0.5803"
"32,3 : 0.5803"
"3,33 : 0.3183"
"33,3 : 0.3183"
"3,34 : 0.3744"
"34,3 : 0.3744"
"3,35 : 0.6592"
"35,3 : 0.6592"
"3,36 : 0.2419"
"36,3 : 0.2419"
"3,37 : 0.8349"
"37,3 : 0.8349"
"3,38 : 0.7257"
"38,3 : 0.7257"
"3,39 : 0.8345"
"39,3 : 0.8345"
"3,40 : 0.0728"
"40,3 : 0.0728"
"3,41 : 0.7242"
"41,3 : 0.7242"
"3,42 : 0.1204"
"42,3 : 0.1204"
"3,43 : 0.7767"
"43,3 : 0.7767"
"3,44 : 0.327"
"44,3 : 0.327"
"3,45 : 0.5045"
"45,3 : 0.5045"
"3,46 : 0.6586"
"46,3 : 0.6586"
"3,47 : 0.3636"
"47,3 : 0.3636"
"3,48 : 0.1526"
"48,3 : 0.1526"
"3,49 : 0.4206"
"49,3 : 0.4206"
"4,5 : 0.2126"
"5,4 : 0.2126"
"4,6 : 0.2119"
"6,4 : 0.2119"
"4,7 : 0.0922"
"7,4 : 0.0922"
"4,8 : 0.3945"
"8,4 : 0.3945"
"4,9 : 0.2818"
"9,4 : 0.2818"
"4,10 : 0.2608"
"10,4 : 0.2608"
"4,11 : 0.2693"
"11,4 : 0.2693"
"4,12 : 0.4393"
"12,4 : 0.4393"
"4,13 : 0.4159"
"13,4 : 0.4159"
"4,14 : 0.5116"
"14,4 : 0.5116"
"4,15 : 0.7077"
"15,4 : 0.7077"
"4,16 : 0.2663"
"16,4 : 0.2663"
"4,17 : 0.5161"
"17,4 : 0.5161"
"4,18 : 0.4875"
"18,4 : 0.4875"
"4,19 : 0.7518"
"19,4 : 0.7518"
"4,20 : 0.2693"
"20,4 : 0.2693"
"4,21 : 0.5771"
"21,4 : 0.5771"
"4,22 : 0.9082"
"22,4 : 0.9082"
"4,23 : 0.7834"
"23,4 : 0.7834"
"4,24 : 0.8163"
"24,4 : 0.8163"
"4,25 : 0.9246"
"25,4 : 0.9246"
"4,26 : 0.4438"
"26,4 : 0.4438"
"4,27 : 0.9415"
"27,4 : 0.9415"
"4,28 : 0.7311"
"28,4 : 0.7311"
"4,29 : 0.5022"
"29,4 : 0.5022"
"4,30 : 0.3891"
"30,4 : 0.3891"
"4,31 : 0.6943"
"31,4 : 0.6943"
"4,32 : 0.4701"
"32,4 : 0.4701"
"4,33 : 0.0671"
"33,4 : 0.0671"
"4,34 : 0.4808"
"34,4 : 0.4808"
"4,35 : 0.8637"
"35,4 : 0.8637"
"4,36 : 0.5096"
"36,4 : 0.5096"
"4,37 : 0.9306"
"37,4 : 0.9306"
"4,38 : 0.5492"
"38,4 : 0.5492"
"4,39 : 0.9437"
"39,4 : 0.9437"
"4,40 : 0.2879"
"40,4 : 0.2879"
"4,41 : 0.7009"
"41,4 : 0.7009"
"4,42 : 0.3106"
"42,4 : 0.3106"
"4,43 : 0.7185"
"43,4 : 0.7185"
"4,44 : 0.6265"
"44,4 : 0.6265"
"4,45 : 0.2052"
"45,4 : 0.2052"
"4,46 : 0.8355"
"46,4 : 0.8355"
"4,47 : 0.5604"
"47,4 : 0.5604"
"4,48 : 0.3905"
"48,4 : 0.3905"
"4,49 : 0.4442"
"49,4 : 0.4442"
"5,6 : 0.1082"
"6,5 : 0.1082"
"5,7 : 0.3041"
"7,5 : 0.3041"
"5,8 : 0.3847"
"8,5 : 0.3847"
"5,9 : 0.2846"
"9,5 : 0.2846"
"5,10 : 0.0825"
"10,5 : 0.0825"
"5,11 : 0.15"
"11,5 : 0.15"
"5,12 : 0.2302"
"12,5 : 0.2302"
"5,13 : 0.3265"
"13,5 : 0.3265"
"5,14 : 0.3936"
"14,5 : 0.3936"
"5,15 : 0.5239"
"15,5 : 0.5239"
"5,16 : 0.0806"
"16,5 : 0.0806"
"5,17 : 0.5111"
"17,5 : 0.5111"
"5,18 : 0.3041"
"18,5 : 0.3041"
"5,19 : 0.5571"
"19,5 : 0.5571"
"5,20 : 0.0922"
"20,5 : 0.0922"
"5,21 : 0.4974"
"21,5 : 0.4974"
"5,22 : 0.7026"
"22,5 : 0.7026"
"5,23 : 0.6021"
"23,5 : 0.6021"
"5,24 : 0.6083"
"24,5 : 0.6083"
"5,25 : 0.7122"
"25,5 : 0.7122"
"5,26 : 0.3982"
"26,5 : 0.3982"
"5,27 : 0.7336"
"27,5 : 0.7336"
"5,28 : 0.522"
"28,5 : 0.522"
"5,29 : 0.414"
"29,5 : 0.414"
"5,30 : 0.3636"
"30,5 : 0.3636"
"5,31 : 0.4817"
"31,5 : 0.4817"
"5,32 : 0.2789"
"32,5 : 0.2789"
"5,33 : 0.1526"
"33,5 : 0.1526"
"5,34 : 0.3"
"34,5 : 0.3"
"5,35 : 0.7026"
"35,5 : 0.7026"
"5,36 : 0.4328"
"36,5 : 0.4328"
"5,37 : 0.725"
"37,5 : 0.725"
"5,38 : 0.4045"
"38,5 : 0.4045"
"5,39 : 0.7409"
"39,5 : 0.7409"
"5,40 : 0.264"
"40,5 : 0.264"
"5,41 : 0.4904"
"41,5 : 0.4904"
"5,42 : 0.4001"
"42,5 : 0.4001"
"5,43 : 0.5148"
"43,5 : 0.5148"
"5,44 : 0.588"
"44,5 : 0.588"
"5,45 : 0.3002"
"45,5 : 0.3002"
"5,46 : 0.6603"
"46,5 : 0.6603"
"5,47 : 0.4176"
"47,5 : 0.4176"
"5,48 : 0.3183"
"48,5 : 0.3183"
"5,49 : 0.2377"
"49,5 : 0.2377"
"6,7 : 0.2997"
"7,6 : 0.2997"
"6,8 : 0.4826"
"8,6 : 0.4826"
"6,9 : 0.3759"
"9,6 : 0.3759"
"6,10 : 0.0728"
"10,6 : 0.0728"
"6,11 : 0.06"
"11,6 : 0.06"
"6,12 : 0.2555"
"12,6 : 0.2555"
"6,13 : 0.4342"
"13,6 : 0.4342"
"6,14 : 0.5012"
"14,6 : 0.5012"
"6,15 : 0.4966"
"15,6 : 0.4966"
"6,16 : 0.0825"
"16,6 : 0.0825"
"6,17 : 0.6103"
"17,6 : 0.6103"
"6,18 : 0.2778"
"18,6 : 0.2778"
"6,19 : 0.5438"
"19,6 : 0.5438"
"6,20 : 0.0762"
"20,6 : 0.0762"
"6,21 : 0.4031"
"21,6 : 0.4031"
"6,22 : 0.7654"
"22,6 : 0.7654"
"6,23 : 0.6901"
"23,6 : 0.6901"
"6,24 : 0.6673"
"24,6 : 0.6673"
"6,25 : 0.7529"
"25,6 : 0.7529"
"6,26 : 0.5025"
"26,6 : 0.5025"
"6,27 : 0.7912"
"27,6 : 0.7912"
"6,28 : 0.5381"
"28,6 : 0.5381"
"6,29 : 0.522"
"29,6 : 0.522"
"6,30 : 0.464"
"30,6 : 0.464"
"6,31 : 0.5197"
"31,6 : 0.5197"
"6,32 : 0.264"
"32,6 : 0.264"
"6,33 : 0.1456"
"33,6 : 0.1456"
"6,34 : 0.3946"
"34,6 : 0.3946"
"6,35 : 0.7991"
"35,6 : 0.7991"
"6,36 : 0.5404"
"36,6 : 0.5404"
"6,37 : 0.7875"
"37,6 : 0.7875"
"6,38 : 0.3413"
"38,6 : 0.3413"
"6,39 : 0.8078"
"39,6 : 0.8078"
"6,40 : 0.3606"
"40,6 : 0.3606"
"6,41 : 0.5122"
"41,6 : 0.5122"
"6,42 : 0.4707"
"42,6 : 0.4707"
"6,43 : 0.5174"
"43,6 : 0.5174"
"6,44 : 0.6931"
"44,6 : 0.6931"
"6,45 : 0.2159"
"45,6 : 0.2159"
"6,46 : 0.7511"
"46,6 : 0.7511"
"6,47 : 0.522"
"47,6 : 0.522"
"6,48 : 0.4245"
"48,6 : 0.4245"
"6,49 : 0.3114"
"49,6 : 0.3114"
"7,8 : 0.4206"
"8,7 : 0.4206"
"7,9 : 0.3158"
"9,7 : 0.3158"
"7,10 : 0.3523"
"10,7 : 0.3523"
"7,11 : 0.3547"
"11,7 : 0.3547"
"7,12 : 0.5315"
"12,7 : 0.5315"
"7,13 : 0.47"
"13,7 : 0.47"
"7,14 : 0.5708"
"14,7 : 0.5708"
"7,15 : 0.7962"
"15,7 : 0.7962"
"7,16 : 0.3581"
"16,7 : 0.3581"
"7,17 : 0.5323"
"17,7 : 0.5323"
"7,18 : 0.5771"
"18,7 : 0.5771"
"7,19 : 0.8422"
"19,7 : 0.8422"
"7,20 : 0.3606"
"20,7 : 0.3606"
"7,21 : 0.6407"
"21,7 : 0.6407"
"7,22 : 0.9948"
"22,7 : 0.9948"
"7,23 : 0.8602"
"23,7 : 0.8602"
"7,24 : 0.9043"
"24,7 : 0.9043"
"7,25 : 1.0153"
"25,7 : 1.0153"
"7,26 : 0.4805"
"26,7 : 0.4805"
"7,27 : 1.0293"
"27,7 : 1.0293"
"7,28 : 0.8233"
"28,7 : 0.8233"
"7,29 : 0.5515"
"29,7 : 0.5515"
"7,30 : 0.422"
"30,7 : 0.422"
"7,31 : 0.7857"
"31,7 : 0.7857"
"7,32 : 0.5608"
"32,7 : 0.5608"
"7,33 : 0.1581"
"33,7 : 0.1581"
"7,34 : 0.5608"
"34,7 : 0.5608"
"7,35 : 0.9321"
"35,7 : 0.9321"
"7,36 : 0.5544"
"36,7 : 0.5544"
"7,37 : 1.0171"
"37,7 : 1.0171"
"7,38 : 0.6306"
"38,7 : 0.6306"
"7,39 : 1.0288"
"39,7 : 1.0288"
"7,40 : 0.3314"
"40,7 : 0.3314"
"7,41 : 0.7931"
"41,7 : 0.7931"
"7,42 : 0.2983"
"42,7 : 0.2983"
"7,43 : 0.8102"
"43,7 : 0.8102"
"7,44 : 0.6519"
"44,7 : 0.6519"
"7,45 : 0.2341"
"45,7 : 0.2341"
"7,46 : 0.9096"
"46,7 : 0.9096"
"7,47 : 0.6265"
"47,7 : 0.6265"
"7,48 : 0.4405"
"48,7 : 0.4405"
"7,49 : 0.5325"
"49,7 : 0.5325"
"8,9 : 0.114"
"9,8 : 0.114"
"8,10 : 0.4652"
"10,8 : 0.4652"
"8,11 : 0.5334"
"11,8 : 0.5334"
"8,12 : 0.5324"
"12,8 : 0.5324"
"8,13 : 0.1476"
"13,8 : 0.1476"
"8,14 : 0.2335"
"14,8 : 0.2335"
"8,15 : 0.8521"
"15,8 : 0.8521"
"8,16 : 0.461"
"16,8 : 0.461"
"8,17 : 0.1281"
"17,8 : 0.1281"
"8,18 : 0.6531"
"18,8 : 0.6531"
"8,19 : 0.8602"
"19,8 : 0.8602"
"8,20 : 0.4742"
"20,8 : 0.4742"
"8,21 : 0.8819"
"21,8 : 0.8819"
"8,22 : 0.7801"
"22,8 : 0.7801"
"8,23 : 0.5731"
"23,8 : 0.5731"
"8,24 : 0.7169"
"24,8 : 0.7169"
"8,25 : 0.8676"
"25,8 : 0.8676"
"8,26 : 0.0762"
"26,8 : 0.0762"
"8,27 : 0.8266"
"27,8 : 0.8266"
"8,28 : 0.771"
"28,8 : 0.771"
"8,29 : 0.1749"
"29,8 : 0.1749"
"8,30 : 0.0316"
"30,8 : 0.0316"
"8,31 : 0.6841"
"31,8 : 0.6841"
"8,32 : 0.6198"
"32,8 : 0.6198"
"8,33 : 0.4046"
"33,8 : 0.4046"
"8,34 : 0.3606"
"34,8 : 0.3606"
"8,35 : 0.5906"
"35,8 : 0.5906"
"8,36 : 0.1616"
"36,8 : 0.1616"
"8,37 : 0.8"
"37,8 : 0.8"
"8,38 : 0.7779"
"38,8 : 0.7779"
"8,39 : 0.7951"
"39,8 : 0.7951"
"8,40 : 0.1221"
"40,8 : 0.1221"
"8,41 : 0.7316"
"41,8 : 0.7316"
"8,42 : 0.1803"
"42,8 : 0.1803"
"8,43 : 0.7931"
"43,8 : 0.7931"
"8,44 : 0.2326"
"44,8 : 0.2326"
"8,45 : 0.5941"
"45,8 : 0.5941"
"8,46 : 0.6"
"46,8 : 0.6"
"8,47 : 0.3111"
"47,8 : 0.3111"
"8,48 : 0.117"
"48,8 : 0.117"
"8,49 : 0.4319"
"49,8 : 0.4319"
"9,10 : 0.3669"
"10,9 : 0.3669"
"9,11 : 0.4295"
"11,9 : 0.4295"
"9,12 : 0.4617"
"12,9 : 0.4617"
"9,13 : 0.1709"
"13,9 : 0.1709"
"9,14 : 0.2751"
"14,9 : 0.2751"
"9,15 : 0.7806"
"15,9 : 0.7806"
"9,16 : 0.364"
"16,9 : 0.364"
"9,17 : 0.2404"
"17,9 : 0.2404"
"9,18 : 0.5714"
"18,9 : 0.5714"
"9,19 : 0.7976"
"19,9 : 0.7976"
"9,20 : 0.3764"
"20,9 : 0.3764"
"9,21 : 0.7782"
"21,9 : 0.7782"
"9,22 : 0.7849"
"22,9 : 0.7849"
"9,23 : 0.6021"
"23,9 : 0.6021"
"9,24 : 0.7106"
"24,9 : 0.7106"
"9,25 : 0.8515"
"25,9 : 0.8515"
"9,26 : 0.1649"
"26,9 : 0.1649"
"9,27 : 0.8281"
"27,9 : 0.8281"
"9,28 : 0.7242"
"28,9 : 0.7242"
"9,29 : 0.2408"
"29,9 : 0.2408"
"9,30 : 0.1077"
"30,9 : 0.1077"
"9,31 : 0.6488"
"31,9 : 0.6488"
"9,32 : 0.5404"
"32,9 : 0.5404"
"9,33 : 0.2907"
"33,9 : 0.2907"
"9,34 : 0.3421"
"34,9 : 0.3421"
"9,35 : 0.6451"
"35,9 : 0.6451"
"9,36 : 0.2402"
"36,9 : 0.2402"
"9,37 : 0.8061"
"37,9 : 0.8061"
"9,38 : 0.6866"
"38,9 : 0.6866"
"9,39 : 0.8072"
"39,9 : 0.8072"
"9,40 : 0.0361"
"40,9 : 0.0361"
"9,41 : 0.6862"
"41,9 : 0.6862"
"9,42 : 0.1526"
"42,9 : 0.1526"
"9,43 : 0.7376"
"43,9 : 0.7376"
"9,44 : 0.3448"
"44,9 : 0.3448"
"9,45 : 0.4801"
"45,9 : 0.4801"
"9,46 : 0.6395"
"46,9 : 0.6395"
"9,47 : 0.3444"
"47,9 : 0.3444"
"9,48 : 0.136"
"48,9 : 0.136"
"9,49 : 0.3828"
"49,9 : 0.3828"
"10,11 : 0.0806"
"11,10 : 0.0806"
"10,12 : 0.186"
"12,10 : 0.186"
"10,13 : 0.3962"
"13,10 : 0.3962"
"10,14 : 0.4522"
"14,10 : 0.4522"
"10,15 : 0.4522"
"15,10 : 0.4522"
"10,16 : 0.01"
"16,10 : 0.01"
"10,17 : 0.5906"
"17,10 : 0.5906"
"10,18 : 0.2309"
"18,10 : 0.2309"
"10,19 : 0.4919"
"19,10 : 0.4919"
"10,20 : 0.01"
"20,10 : 0.01"
"10,21 : 0.4188"
"21,10 : 0.4188"
"10,22 : 0.6926"
"22,10 : 0.6926"
"10,23 : 0.6207"
"23,10 : 0.6207"
"10,24 : 0.5946"
"24,10 : 0.5946"
"10,25 : 0.6826"
"25,10 : 0.6826"
"10,26 : 0.4743"
"26,10 : 0.4743"
"10,27 : 0.7187"
"27,10 : 0.7187"
"10,28 : 0.4738"
"28,10 : 0.4738"
"10,29 : 0.481"
"29,10 : 0.481"
"10,30 : 0.4429"
"30,10 : 0.4429"
"10,31 : 0.4494"
"31,10 : 0.4494"
"10,32 : 0.2102"
"32,10 : 0.2102"
"10,33 : 0.1942"
"33,10 : 0.1942"
"10,34 : 0.3298"
"34,10 : 0.3298"
"10,35 : 0.7335"
"35,10 : 0.7335"
"10,36 : 0.5021"
"36,10 : 0.5021"
"10,37 : 0.7147"
"37,10 : 0.7147"
"10,38 : 0.3225"
"38,10 : 0.3225"
"10,39 : 0.735"
"39,10 : 0.735"
"10,40 : 0.3454"
"40,10 : 0.3454"
"10,41 : 0.446"
"41,10 : 0.446"
"10,42 : 0.4809"
"42,10 : 0.4809"
"10,43 : 0.458"
"43,10 : 0.458"
"10,44 : 0.6622"
"44,10 : 0.6622"
"10,45 : 0.2886"
"45,10 : 0.2886"
"10,46 : 0.6826"
"46,10 : 0.6826"
"10,47 : 0.4652"
"47,10 : 0.4652"
"10,48 : 0.392"
"48,10 : 0.392"
"10,49 : 0.2402"
"49,10 : 0.2402"
"11,12 : 0.2309"
"12,11 : 0.2309"
"11,13 : 0.4738"
"13,11 : 0.4738"
"11,14 : 0.5325"
"14,11 : 0.5325"
"11,15 : 0.4429"
"15,11 : 0.4429"
"11,16 : 0.0894"
"16,11 : 0.0894"
"11,17 : 0.6604"
"17,11 : 0.6604"
"11,18 : 0.228"
"18,11 : 0.228"
"11,19 : 0.4941"
"19,11 : 0.4941"
"11,20 : 0.0762"
"20,11 : 0.0762"
"11,21 : 0.3489"
"21,11 : 0.3489"
"11,22 : 0.7495"
"22,11 : 0.7495"
"11,23 : 0.6935"
"23,11 : 0.6935"
"11,24 : 0.65"
"24,11 : 0.65"
"11,25 : 0.7245"
"25,11 : 0.7245"
"11,26 : 0.5482"
"26,11 : 0.5482"
"11,27 : 0.772"
"27,11 : 0.772"
"11,28 : 0.5"
"28,11 : 0.5"
"11,29 : 0.5597"
"29,11 : 0.5597"
"11,30 : 0.5131"
"30,11 : 0.5131"
"11,31 : 0.4924"
"31,11 : 0.4924"
"11,32 : 0.2193"
"32,11 : 0.2193"
"11,33 : 0.204"
"33,11 : 0.204"
"11,34 : 0.408"
"34,11 : 0.408"
"11,35 : 0.8102"
"35,11 : 0.8102"
"11,36 : 0.58"
"36,11 : 0.58"
"11,37 : 0.7713"
"37,11 : 0.7713"
"11,38 : 0.2816"
"38,11 : 0.2816"
"11,39 : 0.7943"
"39,11 : 0.7943"
"11,40 : 0.4118"
"40,11 : 0.4118"
"11,41 : 0.4771"
"41,11 : 0.4771"
"11,42 : 0.5295"
"42,11 : 0.5295"
"11,43 : 0.4738"
"43,11 : 0.4738"
"11,44 : 0.7376"
"44,11 : 0.7376"
"11,45 : 0.2371"
"45,11 : 0.2371"
"11,46 : 0.7566"
"46,11 : 0.7566"
"11,47 : 0.5456"
"47,11 : 0.5456"
"11,48 : 0.4675"
"48,11 : 0.4675"
"11,49 : 0.3114"
"49,11 : 0.3114"
"12,13 : 0.4176"
"13,12 : 0.4176"
"12,14 : 0.4305"
"14,12 : 0.4305"
"12,15 : 0.3202"
"15,12 : 0.3202"
"12,16 : 0.178"
"16,12 : 0.178"
"12,17 : 0.6433"
"17,12 : 0.6433"
"12,18 : 0.136"
"18,12 : 0.136"
"12,19 : 0.3373"
"19,12 : 0.3373"
"12,20 : 0.1803"
"20,12 : 0.1803"
"12,21 : 0.4494"
"21,12 : 0.4494"
"12,22 : 0.5197"
"22,12 : 0.5197"
"12,23 : 0.4904"
"23,12 : 0.4904"
"12,24 : 0.4198"
"24,12 : 0.4198"
"12,25 : 0.4974"
"25,12 : 0.4974"
"12,26 : 0.5142"
"26,12 : 0.5142"
"12,27 : 0.5412"
"27,12 : 0.5412"
"12,28 : 0.2921"
"28,12 : 0.2921"
"12,29 : 0.4833"
"29,12 : 0.4833"
"12,30 : 0.5036"
"30,12 : 0.5036"
"12,31 : 0.2642"
"31,12 : 0.2642"
"12,32 : 0.1"
"32,12 : 0.1"
"12,33 : 0.3748"
"33,12 : 0.3748"
"12,34 : 0.255"
"34,12 : 0.255"
"12,35 : 0.6224"
"35,12 : 0.6224"
"12,36 : 0.5108"
"36,12 : 0.5108"
"12,37 : 0.5413"
"37,12 : 0.5413"
"12,38 : 0.2832"
"38,12 : 0.2832"
"12,39 : 0.5657"
"39,12 : 0.5657"
"12,40 : 0.4305"
"40,12 : 0.4305"
"12,41 : 0.2617"
"41,12 : 0.2617"
"12,42 : 0.6021"
"42,12 : 0.6021"
"12,43 : 0.2864"
"43,12 : 0.2864"
"12,44 : 0.6815"
"44,12 : 0.6815"
"12,45 : 0.4662"
"45,12 : 0.4662"
"12,46 : 0.5566"
"46,12 : 0.5566"
"12,47 : 0.4111"
"47,12 : 0.4111"
"12,48 : 0.4295"
"48,12 : 0.4295"
"12,49 : 0.1345"
"49,12 : 0.1345"
"13,14 : 0.1044"
"14,13 : 0.1044"
"13,15 : 0.7316"
"15,13 : 0.7316"
"13,16 : 0.3895"
"16,13 : 0.3895"
"13,17 : 0.2302"
"17,13 : 0.2302"
"13,18 : 0.5478"
"18,13 : 0.5478"
"13,19 : 0.7317"
"19,13 : 0.7317"
"13,20 : 0.4036"
"20,13 : 0.4036"
"13,21 : 0.8122"
"21,13 : 0.8122"
"13,22 : 0.6341"
"22,13 : 0.6341"
"13,23 : 0.436"
"23,13 : 0.436"
"13,24 : 0.5694"
"24,13 : 0.5694"
"13,25 : 0.7201"
"25,13 : 0.7201"
"13,26 : 0.1"
"26,13 : 0.1"
"13,27 : 0.6801"
"27,13 : 0.6801"
"13,28 : 0.6329"
"28,13 : 0.6329"
"13,29 : 0.0894"
"29,13 : 0.0894"
"13,30 : 0.1166"
"30,13 : 0.1166"
"13,31 : 0.5413"
"31,13 : 0.5413"
"13,32 : 0.5126"
"32,13 : 0.5126"
"13,33 : 0.4016"
"33,13 : 0.4016"
"13,34 : 0.2159"
"34,13 : 0.2159"
"13,35 : 0.4743"
"35,13 : 0.4743"
"13,36 : 0.1063"
"36,13 : 0.1063"
"13,37 : 0.6544"
"37,13 : 0.6544"
"13,38 : 0.6843"
"38,13 : 0.6843"
"13,39 : 0.6512"
"39,13 : 0.6512"
"13,40 : 0.1432"
"40,13 : 0.1432"
"13,41 : 0.593"
"41,13 : 0.593"
"13,42 : 0.3061"
"42,13 : 0.3061"
"13,43 : 0.66"
"43,13 : 0.66"
"13,44 : 0.2693"
"44,13 : 0.2693"
"13,45 : 0.5924"
"45,13 : 0.5924"
"13,46 : 0.4701"
"46,13 : 0.4701"
"13,47 : 0.1749"
"47,13 : 0.1749"
"13,48 : 0.0361"
"48,13 : 0.0361"
"13,49 : 0.3015"
"49,13 : 0.3015"
"14,15 : 0.7273"
"15,14 : 0.7273"
"14,16 : 0.4441"
"16,14 : 0.4441"
"14,17 : 0.2751"
"17,14 : 0.2751"
"14,18 : 0.566"
"18,14 : 0.566"
"14,19 : 0.7159"
"19,14 : 0.7159"
"14,20 : 0.458"
"20,14 : 0.458"
"14,21 : 0.8556"
"21,14 : 0.8556"
"14,22 : 0.5523"
"22,14 : 0.5523"
"14,23 : 0.3397"
"23,14 : 0.3397"
"14,24 : 0.4977"
"24,14 : 0.4977"
"14,25 : 0.6546"
"25,14 : 0.6546"
"14,26 : 0.164"
"26,14 : 0.164"
"14,27 : 0.6003"
"27,14 : 0.6003"
"14,28 : 0.6013"
"28,14 : 0.6013"
"14,29 : 0.0728"
"29,14 : 0.0728"
"14,30 : 0.2062"
"30,14 : 0.2062"
"14,31 : 0.5001"
"31,14 : 0.5001"
"14,32 : 0.53"
"32,14 : 0.53"
"14,33 : 0.4903"
"33,14 : 0.4903"
"14,34 : 0.1868"
"34,14 : 0.1868"
"14,35 : 0.37"
"35,14 : 0.37"
"14,36 : 0.102"
"36,14 : 0.102"
"14,37 : 0.5714"
"37,14 : 0.5714"
"14,38 : 0.7103"
"38,14 : 0.7103"
"14,39 : 0.564"
"39,14 : 0.564"
"14,40 : 0.2474"
"40,14 : 0.2474"
"14,41 : 0.5614"
"41,14 : 0.5614"
"14,42 : 0.405"
"42,14 : 0.405"
"14,43 : 0.6379"
"43,14 : 0.6379"
"14,44 : 0.2631"
"44,14 : 0.2631"
"14,45 : 0.6772"
"45,14 : 0.6772"
"14,46 : 0.3689"
"46,14 : 0.3689"
"14,47 : 0.0781"
"47,14 : 0.0781"
"14,48 : 0.1393"
"48,14 : 0.1393"
"14,49 : 0.2997"
"49,14 : 0.2997"
"15,16 : 0.4492"
"16,15 : 0.4492"
"15,17 : 0.9603"
"17,15 : 0.9603"
"15,18 : 0.2214"
"18,15 : 0.2214"
"15,19 : 0.0806"
"19,15 : 0.0806"
"15,20 : 0.4427"
"20,15 : 0.4427"
"15,21 : 0.3785"
"21,15 : 0.3785"
"15,22 : 0.5646"
"22,15 : 0.5646"
"15,23 : 0.6648"
"23,15 : 0.6648"
"15,24 : 0.4789"
"24,15 : 0.4789"
"15,25 : 0.4455"
"25,15 : 0.4455"
"15,26 : 0.8302"
"26,15 : 0.8302"
"15,27 : 0.5566"
"27,15 : 0.5566"
"15,28 : 0.2102"
"28,15 : 0.2102"
"15,29 : 0.7885"
"29,15 : 0.7885"
"15,30 : 0.823"
"30,15 : 0.823"
"15,31 : 0.3061"
"31,15 : 0.3061"
"15,32 : 0.2452"
"32,15 : 0.2452"
"15,33 : 0.6408"
"33,15 : 0.6408"
"15,34 : 0.5408"
"34,15 : 0.5408"
"15,35 : 0.8132"
"35,15 : 0.8132"
"15,36 : 0.8174"
"36,15 : 0.8174"
"15,37 : 0.5794"
"37,15 : 0.5794"
"15,38 : 0.211"
"38,15 : 0.211"
"15,39 : 0.6185"
"39,15 : 0.6185"
"15,40 : 0.7501"
"40,15 : 0.7501"
"15,41 : 0.2302"
"41,15 : 0.2302"
"15,42 : 0.9166"
"42,15 : 0.9166"
"15,43 : 0.1432"
"43,15 : 0.1432"
"15,44 : 0.9876"
"44,15 : 0.9876"
"15,45 : 0.653"
"45,15 : 0.653"
"15,46 : 0.7292"
"46,15 : 0.7292"
"15,47 : 0.6894"
"47,15 : 0.6894"
"15,48 : 0.7467"
"48,15 : 0.7467"
"15,49 : 0.4317"
"49,15 : 0.4317"
"16,17 : 0.5859"
"17,16 : 0.5859"
"16,18 : 0.228"
"18,16 : 0.228"
"16,19 : 0.4875"
"19,16 : 0.4875"
"16,20 : 0.0141"
"20,16 : 0.0141"
"16,21 : 0.4244"
"21,16 : 0.4244"
"16,22 : 0.6831"
"22,16 : 0.6831"
"16,23 : 0.6107"
"23,16 : 0.6107"
"16,24 : 0.5852"
"24,16 : 0.5852"
"16,25 : 0.6742"
"25,16 : 0.6742"
"16,26 : 0.4687"
"26,16 : 0.4687"
"16,27 : 0.7094"
"27,16 : 0.7094"
"16,28 : 0.4669"
"28,16 : 0.4669"
"16,29 : 0.4738"
"29,16 : 0.4738"
"16,30 : 0.4383"
"30,16 : 0.4383"
"16,31 : 0.441"
"31,16 : 0.441"
"16,32 : 0.2062"
"32,16 : 0.2062"
"16,33 : 0.2"
"33,16 : 0.2"
"16,34 : 0.3202"
"34,16 : 0.3202"
"16,35 : 0.7237"
"35,16 : 0.7237"
"16,36 : 0.4952"
"36,16 : 0.4952"
"16,37 : 0.7052"
"37,16 : 0.7052"
"16,38 : 0.3239"
"38,16 : 0.3239"
"16,39 : 0.7253"
"39,16 : 0.7253"
"16,40 : 0.3418"
"40,16 : 0.3418"
"16,41 : 0.4386"
"41,16 : 0.4386"
"16,42 : 0.4804"
"42,16 : 0.4804"
"16,43 : 0.4522"
"43,16 : 0.4522"
"16,44 : 0.656"
"44,16 : 0.656"
"16,45 : 0.2983"
"45,16 : 0.2983"
"16,46 : 0.6727"
"46,16 : 0.6727"
"16,47 : 0.4562"
"47,16 : 0.4562"
"16,48 : 0.386"
"48,16 : 0.386"
"16,49 : 0.2302"
"49,16 : 0.2302"
"17,18 : 0.7692"
"18,17 : 0.7692"
"17,19 : 0.9619"
"19,17 : 0.9619"
"17,20 : 0.5994"
"20,17 : 0.5994"
"17,21 : 1.0085"
"21,17 : 1.0085"
"17,22 : 0.823"
"22,17 : 0.823"
"17,23 : 0.5964"
"23,17 : 0.5964"
"17,24 : 0.7725"
"24,17 : 0.7725"
"17,25 : 0.9297"
"25,17 : 0.9297"
"17,26 : 0.1304"
"26,17 : 0.1304"
"17,27 : 0.8721"
"27,17 : 0.8721"
"17,28 : 0.8615"
"28,17 : 0.8615"
"17,29 : 0.2025"
"29,17 : 0.2025"
"17,30 : 0.1476"
"30,17 : 0.1476"
"17,31 : 0.7666"
"31,17 : 0.7666"
"17,32 : 0.735"
"32,17 : 0.735"
"17,33 : 0.5308"
"33,17 : 0.5308"
"17,34 : 0.4418"
"34,17 : 0.4418"
"17,35 : 0.5814"
"35,17 : 0.5814"
"17,36 : 0.1746"
"36,17 : 0.1746"
"17,37 : 0.8412"
"37,17 : 0.8412"
"17,38 : 0.8989"
"38,17 : 0.8989"
"17,39 : 0.8301"
"39,17 : 0.8301"
"17,40 : 0.25"
"40,17 : 0.25"
"17,41 : 0.8215"
"41,17 : 0.8215"
"17,42 : 0.2532"
"42,17 : 0.2532"
"17,43 : 0.8901"
"43,17 : 0.8901"
"17,44 : 0.13"
"44,17 : 0.13"
"17,45 : 0.7184"
"45,17 : 0.7184"
"17,46 : 0.6096"
"46,17 : 0.6096"
"17,47 : 0.3493"
"47,17 : 0.3493"
"17,48 : 0.2138"
"48,17 : 0.2138"
"17,49 : 0.5315"
"49,17 : 0.5315"
"18,19 : 0.2663"
"19,18 : 0.2663"
"18,20 : 0.2214"
"20,18 : 0.2214"
"18,21 : 0.327"
"21,18 : 0.327"
"18,22 : 0.5901"
"22,18 : 0.5901"
"18,23 : 0.6042"
"23,18 : 0.6042"
"18,24 : 0.4904"
"24,18 : 0.4904"
"18,25 : 0.5289"
"25,18 : 0.5289"
"18,26 : 0.642"
"26,18 : 0.642"
"18,27 : 0.6013"
"27,18 : 0.6013"
"18,28 : 0.2864"
"28,18 : 0.2864"
"18,29 : 0.6172"
"29,18 : 0.6172"
"18,30 : 0.6259"
"30,18 : 0.6259"
"18,31 : 0.3106"
"31,18 : 0.3106"
"18,32 : 0.0361"
"32,18 : 0.0361"
"18,33 : 0.4205"
"33,18 : 0.4205"
"18,34 : 0.3905"
"34,18 : 0.3905"
"18,35 : 0.743"
"35,18 : 0.743"
"18,36 : 0.644"
"36,18 : 0.644"
"18,37 : 0.61"
"37,18 : 0.61"
"18,38 : 0.1487"
"38,18 : 0.1487"
"18,39 : 0.6407"
"39,18 : 0.6407"
"18,40 : 0.5433"
"40,18 : 0.5433"
"18,41 : 0.272"
"41,18 : 0.272"
"18,42 : 0.7011"
"42,18 : 0.7011"
"18,43 : 0.25"
"43,18 : 0.25"
"18,44 : 0.8144"
"44,18 : 0.8144"
"18,45 : 0.4545"
"45,18 : 0.4545"
"18,46 : 0.6712"
"46,18 : 0.6712"
"18,47 : 0.5467"
"47,18 : 0.5467"
"18,48 : 0.5566"
"48,18 : 0.5566"
"18,49 : 0.2702"
"49,18 : 0.2702"
"19,20 : 0.483"
"20,19 : 0.483"
"19,21 : 0.4589"
"21,19 : 0.4589"
"19,22 : 0.4965"
"22,19 : 0.4965"
"19,23 : 0.6172"
"23,19 : 0.6172"
"19,24 : 0.4162"
"24,19 : 0.4162"
"19,25 : 0.3688"
"25,19 : 0.3688"
"19,26 : 0.8315"
"26,19 : 0.8315"
"19,27 : 0.4847"
"27,19 : 0.4847"
"19,28 : 0.1487"
"28,19 : 0.1487"
"19,29 : 0.7809"
"29,19 : 0.7809"
"19,30 : 0.8301"
"30,19 : 0.8301"
"19,31 : 0.2561"
"31,19 : 0.2561"
"19,32 : 0.2818"
"32,19 : 0.2818"
"19,33 : 0.6848"
"33,19 : 0.6848"
"19,34 : 0.5295"
"34,19 : 0.5295"
"19,35 : 0.7658"
"35,19 : 0.7658"
"19,36 : 0.8105"
"36,19 : 0.8105"
"19,37 : 0.5099"
"37,19 : 0.5099"
"19,38 : 0.2864"
"38,19 : 0.2864"
"19,39 : 0.5501"
"39,19 : 0.5501"
"19,40 : 0.7653"
"40,19 : 0.7653"
"19,41 : 0.178"
"41,19 : 0.178"
"19,42 : 0.9394"
"42,19 : 0.9394"
"19,43 : 0.086"
"43,19 : 0.086"
"19,44 : 0.9786"
"44,19 : 0.9786"
"19,45 : 0.7142"
"45,19 : 0.7142"
"19,46 : 0.6794"
"46,19 : 0.6794"
"19,47 : 0.6705"
"47,19 : 0.6705"
"19,48 : 0.7503"
"48,19 : 0.7503"
"19,49 : 0.4305"
"49,19 : 0.4305"
"20,21 : 0.4105"
"21,20 : 0.4105"
"20,22 : 0.6896"
"22,20 : 0.6896"
"20,23 : 0.6213"
"23,20 : 0.6213"
"20,24 : 0.5914"
"24,20 : 0.5914"
"20,25 : 0.6774"
"25,20 : 0.6774"
"20,26 : 0.4826"
"26,20 : 0.4826"
"20,27 : 0.7151"
"27,20 : 0.7151"
"20,28 : 0.4667"
"28,20 : 0.4667"
"20,29 : 0.488"
"29,20 : 0.488"
"20,30 : 0.4518"
"30,20 : 0.4518"
"20,31 : 0.4442"
"31,20 : 0.4442"
"20,32 : 0.2012"
"32,20 : 0.2012"
"20,33 : 0.2025"
"33,20 : 0.2025"
"20,34 : 0.3324"
"34,20 : 0.3324"
"20,35 : 0.7355"
"35,20 : 0.7355"
"20,36 : 0.5093"
"36,20 : 0.5093"
"20,37 : 0.7117"
"37,20 : 0.7117"
"20,38 : 0.3126"
"38,20 : 0.3126"
"20,39 : 0.7325"
"39,20 : 0.7325"
"20,40 : 0.3547"
"40,20 : 0.3547"
"20,41 : 0.4393"
"41,20 : 0.4393"
"20,42 : 0.4909"
"42,20 : 0.4909"
"20,43 : 0.45"
"43,20 : 0.45"
"20,44 : 0.6701"
"44,20 : 0.6701"
"20,45 : 0.2912"
"45,20 : 0.2912"
"20,46 : 0.6836"
"46,20 : 0.6836"
"20,47 : 0.4696"
"47,20 : 0.4696"
"20,48 : 0.4"
"48,20 : 0.4"
"20,49 : 0.24"
"49,20 : 0.24"
"21,22 : 0.9009"
"22,21 : 0.9009"
"21,23 : 0.9311"
"23,21 : 0.9311"
"21,24 : 0.8041"
"24,21 : 0.8041"
"21,25 : 0.8101"
"25,21 : 0.8101"
"21,26 : 0.8931"
"26,21 : 0.8931"
"21,27 : 0.9045"
"27,21 : 0.9045"
"21,28 : 0.5601"
"28,21 : 0.5601"
"21,29 : 0.8938"
"29,21 : 0.8938"
"21,30 : 0.8609"
"30,21 : 0.8609"
"21,31 : 0.6198"
"31,21 : 0.6198"
"21,32 : 0.3578"
"32,21 : 0.3578"
"21,33 : 0.5239"
"33,21 : 0.5239"
"21,34 : 0.6981"
"34,21 : 0.6981"
"21,35 : 1.0689"
"35,21 : 1.0689"
"21,36 : 0.9168"
"36,21 : 0.9168"
"21,37 : 0.9192"
"37,21 : 0.9192"
"21,38 : 0.1924"
"38,21 : 0.1924"
"21,39 : 0.9535"
"39,21 : 0.9535"
"21,40 : 0.7606"
"40,21 : 0.7606"
"21,41 : 0.5622"
"41,21 : 0.5622"
"21,42 : 0.8698"
"42,21 : 0.8698"
"21,43 : 0.5004"
"43,21 : 0.5004"
"21,44 : 1.08"
"44,21 : 1.08"
"21,45 : 0.423"
"45,21 : 0.423"
"21,46 : 0.9981"
"46,21 : 0.9981"
"21,47 : 0.8515"
"47,21 : 0.8515"
"21,48 : 0.8102"
"48,21 : 0.8102"
"21,49 : 0.5801"
"49,21 : 0.5801"
"22,23 : 0.2433"
"23,22 : 0.2433"
"22,24 : 0.1005"
"24,22 : 0.1005"
"22,25 : 0.17"
"25,22 : 0.17"
"22,26 : 0.7156"
"26,22 : 0.7156"
"22,27 : 0.051"
"27,22 : 0.051"
"22,28 : 0.3547"
"28,22 : 0.3547"
"22,29 : 0.6227"
"29,22 : 0.6227"
"22,30 : 0.75"
"30,22 : 0.75"
"22,31 : 0.2816"
"31,22 : 0.2816"
"22,32 : 0.5704"
"32,22 : 0.5704"
"22,33 : 0.8543"
"33,22 : 0.8543"
"22,34 : 0.4469"
"34,22 : 0.4469"
"22,35 : 0.3551"
"35,22 : 0.3551"
"22,36 : 0.6488"
"36,22 : 0.6488"
"22,37 : 0.0224"
"37,22 : 0.0224"
"22,38 : 0.7086"
"38,22 : 0.7086"
"22,39 : 0.0539"
"39,22 : 0.0539"
"22,40 : 0.7495"
"40,22 : 0.7495"
"22,41 : 0.3421"
"41,22 : 0.3421"
"22,42 : 0.9343"
"42,22 : 0.9343"
"22,43 : 0.4215"
"43,22 : 0.4215"
"22,44 : 0.7716"
"44,22 : 0.7716"
"22,45 : 0.9808"
"45,22 : 0.9808"
"22,46 : 0.2707"
"46,22 : 0.2707"
"22,47 : 0.4751"
"47,22 : 0.4751"
"22,48 : 0.6684"
"48,22 : 0.6684"
"22,49 : 0.4652"
"49,22 : 0.4652"
"23,24 : 0.2377"
"24,23 : 0.2377"
"23,25 : 0.392"
"25,23 : 0.392"
"23,26 : 0.5021"
"26,23 : 0.5021"
"23,27 : 0.2943"
"27,23 : 0.2943"
"23,28 : 0.4701"
"28,23 : 0.4701"
"23,29 : 0.4036"
"29,23 : 0.4036"
"23,30 : 0.5456"
"30,23 : 0.5456"
"23,31 : 0.3612"
"31,23 : 0.3612"
"23,32 : 0.5738"
"32,23 : 0.5738"
"23,33 : 0.7415"
"33,23 : 0.7415"
"23,34 : 0.3041"
"34,23 : 0.3041"
"23,35 : 0.1487"
"35,23 : 0.1487"
"23,36 : 0.4264"
"36,23 : 0.4264"
"23,37 : 0.2571"
"37,23 : 0.2571"
"23,38 : 0.7471"
"38,23 : 0.7471"
"23,39 : 0.2377"
"39,23 : 0.2377"
"23,40 : 0.5694"
"40,23 : 0.5694"
"23,41 : 0.4393"
"41,23 : 0.4393"
"23,42 : 0.742"
"42,23 : 0.742"
"23,43 : 0.5315"
"43,23 : 0.5315"
"23,44 : 0.5331"
"44,23 : 0.5331"
"23,45 : 0.9009"
"45,23 : 0.9009"
"23,46 : 0.0671"
"46,23 : 0.0671"
"23,47 : 0.2625"
"47,23 : 0.2625"
"23,48 : 0.472"
"48,23 : 0.472"
"23,49 : 0.3821"
"49,23 : 0.3821"
"24,25 : 0.1612"
"25,24 : 0.1612"
"24,26 : 0.6574"
"26,24 : 0.6574"
"24,27 : 0.1253"
"27,24 : 0.1253"
"24,28 : 0.2693"
"28,24 : 0.2693"
"24,29 : 0.5701"
"29,24 : 0.5701"
"24,30 : 0.686"
"30,24 : 0.686"
"24,31 : 0.1844"
"31,24 : 0.1844"
"24,32 : 0.4701"
"32,24 : 0.4701"
"24,33 : 0.7606"
"33,24 : 0.7606"
"24,34 : 0.3688"
"34,24 : 0.3688"
"24,35 : 0.3758"
"35,24 : 0.3758"
"24,36 : 0.5981"
"36,24 : 0.5981"
"24,37 : 0.1217"
"37,24 : 0.1217"
"24,38 : 0.6119"
"38,24 : 0.6119"
"24,39 : 0.1503"
"39,24 : 0.1503"
"24,40 : 0.6748"
"40,24 : 0.6748"
"24,41 : 0.2508"
"41,24 : 0.2508"
"24,42 : 0.8621"
"42,24 : 0.8621"
"24,43 : 0.3362"
"43,24 : 0.3362"
"24,44 : 0.7355"
"44,24 : 0.7355"
"24,45 : 0.8823"
"45,24 : 0.8823"
"24,46 : 0.2864"
"46,24 : 0.2864"
"24,47 : 0.4238"
"47,24 : 0.4238"
"24,48 : 0.6021"
"48,24 : 0.6021"
"24,49 : 0.3722"
"49,24 : 0.3722"
"25,26 : 0.8115"
"26,25 : 0.8115"
"25,27 : 0.1345"
"27,25 : 0.1345"
"25,28 : 0.2508"
"28,25 : 0.2508"
"25,29 : 0.7273"
"29,25 : 0.7273"
"25,30 : 0.8363"
"30,25 : 0.8363"
"25,31 : 0.2332"
"31,25 : 0.2332"
"25,32 : 0.5187"
"32,25 : 0.5187"
"25,33 : 0.864"
"33,25 : 0.864"
"25,34 : 0.5111"
"34,25 : 0.5111"
"25,35 : 0.5192"
"35,25 : 0.5192"
"25,36 : 0.7558"
"36,25 : 0.7558"
"25,37 : 0.172"
"37,25 : 0.172"
"25,38 : 0.6213"
"38,25 : 0.6213"
"25,39 : 0.214"
"39,25 : 0.214"
"25,40 : 0.8154"
"40,25 : 0.8154"
"25,41 : 0.2571"
"41,25 : 0.2571"
"25,42 : 1.004"
"42,25 : 1.004"
"25,43 : 0.3102"
"43,25 : 0.3102"
"25,44 : 0.8963"
"44,25 : 0.8963"
"25,45 : 0.9615"
"45,25 : 0.9615"
"25,46 : 0.4317"
"46,25 : 0.4317"
"25,47 : 0.5824"
"47,25 : 0.5824"
"25,48 : 0.7513"
"48,25 : 0.7513"
"25,49 : 0.488"
"49,25 : 0.488"
"26,27 : 0.7632"
"27,26 : 0.7632"
"26,28 : 0.7325"
"28,26 : 0.7325"
"26,29 : 0.1"
"29,26 : 0.1"
"26,30 : 0.06"
"30,26 : 0.06"
"26,31 : 0.6395"
"31,26 : 0.6395"
"26,32 : 0.6073"
"32,26 : 0.6073"
"26,33 : 0.4442"
"33,26 : 0.4442"
"26,34 : 0.314"
"34,26 : 0.314"
"26,35 : 0.5148"
"35,26 : 0.5148"
"26,36 : 0.0854"
"36,26 : 0.0854"
"26,37 : 0.735"
"37,26 : 0.735"
"26,38 : 0.7747"
"38,26 : 0.7747"
"26,39 : 0.728"
"39,26 : 0.728"
"26,40 : 0.1565"
"40,26 : 0.1565"
"26,41 : 0.6926"
"41,26 : 0.6926"
"26,42 : 0.2563"
"42,26 : 0.2563"
"26,43 : 0.76"
"43,26 : 0.76"
"26,44 : 0.191"
"44,26 : 0.191"
"26,45 : 0.6363"
"45,26 : 0.6363"
"26,46 : 0.5263"
"46,26 : 0.5263"
"26,47 : 0.2421"
"47,26 : 0.2421"
"26,48 : 0.0854"
"48,26 : 0.0854"
"26,49 : 0.4011"
"49,26 : 0.4011"
"27,28 : 0.3493"
"28,27 : 0.3493"
"27,29 : 0.6712"
"29,27 : 0.6712"
"27,30 : 0.7963"
"30,27 : 0.7963"
"27,31 : 0.2907"
"31,27 : 0.2907"
"27,32 : 0.5842"
"32,27 : 0.5842"
"27,33 : 0.8859"
"33,27 : 0.8859"
"27,34 : 0.488"
"34,27 : 0.488"
"27,35 : 0.4031"
"35,27 : 0.4031"
"27,36 : 0.6977"
"36,27 : 0.6977"
"27,37 : 0.0412"
"37,27 : 0.0412"
"27,38 : 0.7125"
"38,27 : 0.7125"
"27,39 : 0.0806"
"39,27 : 0.0806"
"27,40 : 0.7925"
"40,27 : 0.7925"
"27,41 : 0.3423"
"41,27 : 0.3423"
"27,42 : 0.9784"
"42,27 : 0.9784"
"27,43 : 0.4148"
"43,27 : 0.4148"
"27,44 : 0.8222"
"44,27 : 0.8222"
"27,45 : 1.0057"
"45,27 : 1.0057"
"27,46 : 0.3202"
"46,27 : 0.3202"
"27,47 : 0.5235"
"47,27 : 0.5235"
"27,48 : 0.714"
"48,27 : 0.714"
"27,49 : 0.4974"
"49,27 : 0.4974"
"28,29 : 0.6703"
"29,28 : 0.6703"
"28,30 : 0.7398"
"30,28 : 0.7398"
"28,31 : 0.1118"
"31,28 : 0.1118"
"28,32 : 0.283"
"32,28 : 0.283"
"28,33 : 0.666"
"33,28 : 0.666"
"28,34 : 0.4201"
"34,28 : 0.4201"
"28,35 : 0.6185"
"35,28 : 0.6185"
"28,36 : 0.7003"
"36,28 : 0.7003"
"28,37 : 0.37"
"37,28 : 0.37"
"28,38 : 0.3705"
"38,28 : 0.3705"
"28,39 : 0.4085"
"39,28 : 0.4085"
"28,40 : 0.6896"
"40,28 : 0.6896"
"28,41 : 0.04"
"41,28 : 0.04"
"28,42 : 0.8732"
"42,28 : 0.8732"
"28,43 : 0.0671"
"43,28 : 0.0671"
"28,44 : 0.8637"
"44,28 : 0.8637"
"28,45 : 0.735"
"45,28 : 0.735"
"28,46 : 0.5315"
"46,28 : 0.5315"
"28,47 : 0.5474"
"47,28 : 0.5474"
"28,48 : 0.6562"
"48,28 : 0.6562"
"28,49 : 0.3421"
"49,28 : 0.3421"
"29,30 : 0.1523"
"30,29 : 0.1523"
"29,31 : 0.5708"
"31,29 : 0.5708"
"29,32 : 0.5814"
"32,29 : 0.5814"
"29,33 : 0.4904"
"33,29 : 0.4904"
"29,34 : 0.2518"
"34,29 : 0.2518"
"29,35 : 0.4159"
"35,29 : 0.4159"
"29,36 : 0.03"
"36,29 : 0.03"
"29,37 : 0.6414"
"37,29 : 0.6414"
"29,38 : 0.758"
"38,29 : 0.758"
"29,39 : 0.6325"
"39,29 : 0.6325"
"29,40 : 0.2202"
"40,29 : 0.2202"
"29,41 : 0.6303"
"41,29 : 0.6303"
"29,42 : 0.3534"
"42,29 : 0.3534"
"29,43 : 0.7046"
"43,29 : 0.7046"
"29,44 : 0.1992"
"44,29 : 0.1992"
"29,45 : 0.6815"
"45,29 : 0.6815"
"29,46 : 0.4264"
"46,29 : 0.4264"
"29,47 : 0.1476"
"47,29 : 0.1476"
"29,48 : 0.1118"
"48,29 : 0.1118"
"29,49 : 0.3574"
"49,29 : 0.3574"
"30,31 : 0.6525"
"31,30 : 0.6525"
"30,32 : 0.5923"
"32,30 : 0.5923"
"30,33 : 0.3941"
"33,30 : 0.3941"
"30,34 : 0.3289"
"34,30 : 0.3289"
"30,35 : 0.568"
"35,30 : 0.568"
"30,36 : 0.1432"
"36,30 : 0.1432"
"30,37 : 0.7701"
"37,30 : 0.7701"
"30,38 : 0.7527"
"38,30 : 0.7527"
"30,39 : 0.7658"
"39,30 : 0.7658"
"30,40 : 0.1063"
"40,30 : 0.1063"
"30,41 : 0.7004"
"41,30 : 0.7004"
"30,42 : 0.2012"
"42,30 : 0.2012"
"30,43 : 0.7624"
"43,30 : 0.7624"
"30,44 : 0.2385"
"44,30 : 0.2385"
"30,45 : 0.5852"
"45,30 : 0.5852"
"30,46 : 0.5743"
"46,30 : 0.5743"
"30,47 : 0.2832"
"47,30 : 0.2832"
"30,48 : 0.0854"
"48,30 : 0.0854"
"30,49 : 0.4011"
"49,30 : 0.4011"
"31,32 : 0.2943"
"32,31 : 0.2943"
"31,33 : 0.6325"
"33,31 : 0.6325"
"31,34 : 0.3256"
"34,31 : 0.3256"
"31,35 : 0.5099"
"35,31 : 0.5099"
"31,36 : 0.6007"
"36,31 : 0.6007"
"31,37 : 0.3007"
"37,31 : 0.3007"
"31,38 : 0.4276"
"38,31 : 0.4276"
"31,39 : 0.3338"
"39,31 : 0.3338"
"31,40 : 0.6133"
"40,31 : 0.6133"
"31,41 : 0.0781"
"41,31 : 0.0781"
"31,42 : 0.8006"
"42,31 : 0.8006"
"31,43 : 0.1703"
"43,31 : 0.1703"
"31,44 : 0.7606"
"44,31 : 0.7606"
"31,45 : 0.7292"
"45,31 : 0.7292"
"31,46 : 0.4243"
"46,31 : 0.4243"
"31,47 : 0.4418"
"47,31 : 0.4418"
"31,48 : 0.5675"
"48,31 : 0.5675"
"31,49 : 0.2693"
"49,31 : 0.2693"
"32,33 : 0.4031"
"33,32 : 0.4031"
"32,34 : 0.3547"
"34,32 : 0.3547"
"32,35 : 0.7112"
"35,32 : 0.7112"
"32,36 : 0.6084"
"36,32 : 0.6084"
"32,37 : 0.5908"
"37,32 : 0.5908"
"32,38 : 0.1838"
"38,32 : 0.1838"
"32,39 : 0.62"
"39,32 : 0.62"
"32,40 : 0.5116"
"40,32 : 0.5116"
"32,41 : 0.264"
"41,32 : 0.264"
"32,42 : 0.6727"
"42,32 : 0.6727"
"32,43 : 0.2546"
"43,32 : 0.2546"
"32,44 : 0.7788"
"44,32 : 0.7788"
"32,45 : 0.4522"
"45,32 : 0.4522"
"32,46 : 0.6408"
"46,32 : 0.6408"
"32,47 : 0.5109"
"47,32 : 0.5109"
"32,48 : 0.522"
"48,32 : 0.522"
"32,49 : 0.2343"
"49,32 : 0.2343"
"33,34 : 0.4374"
"34,33 : 0.4374"
"33,35 : 0.8302"
"35,33 : 0.8302"
"33,36 : 0.5016"
"36,33 : 0.5016"
"33,37 : 0.8766"
"37,33 : 0.8766"
"33,38 : 0.4851"
"38,33 : 0.4851"
"33,39 : 0.8916"
"39,33 : 0.8916"
"33,40 : 0.2884"
"40,33 : 0.2884"
"33,41 : 0.6366"
"41,33 : 0.6366"
"33,42 : 0.3493"
"42,33 : 0.3493"
"33,43 : 0.6522"
"43,33 : 0.6522"
"33,44 : 0.6325"
"44,33 : 0.6325"
"33,45 : 0.1924"
"45,33 : 0.1924"
"33,46 : 0.7963"
"46,33 : 0.7963"
"33,47 : 0.5315"
"47,33 : 0.5315"
"33,48 : 0.3808"
"48,33 : 0.3808"
"33,49 : 0.3891"
"49,33 : 0.3891"
"34,35 : 0.4045"
"35,34 : 0.4045"
"34,36 : 0.2816"
"36,34 : 0.2816"
"34,37 : 0.4686"
"37,34 : 0.4686"
"34,38 : 0.5381"
"38,34 : 0.5381"
"34,39 : 0.4743"
"39,34 : 0.4743"
"34,40 : 0.3061"
"40,34 : 0.3061"
"34,41 : 0.3801"
"41,34 : 0.3801"
"34,42 : 0.4941"
"42,34 : 0.4941"
"34,43 : 0.4528"
"43,34 : 0.4528"
"34,44 : 0.4491"
"44,34 : 0.4491"
"34,45 : 0.6001"
"45,34 : 0.6001"
"34,46 : 0.3606"
"46,34 : 0.3606"
"34,47 : 0.1562"
"47,34 : 0.1562"
"34,48 : 0.2435"
"48,34 : 0.2435"
"34,49 : 0.1204"
"49,34 : 0.1204"
"35,36 : 0.4305"
"36,35 : 0.4305"
"35,37 : 0.3622"
"37,35 : 0.3622"
"35,38 : 0.8884"
"38,35 : 0.8884"
"35,39 : 0.3302"
"39,35 : 0.3302"
"35,40 : 0.6168"
"40,35 : 0.6168"
"35,41 : 0.588"
"41,35 : 0.588"
"35,42 : 0.7692"
"42,35 : 0.7692"
"35,43 : 0.6801"
"43,35 : 0.6801"
"35,44 : 0.4904"
"44,35 : 0.4904"
"35,45 : 1.0024"
"45,35 : 1.0024"
"35,46 : 0.0894"
"46,35 : 0.0894"
"35,47 : 0.3059"
"47,35 : 0.3059"
"35,48 : 0.5092"
"48,35 : 0.5092"
"35,49 : 0.5029"
"49,35 : 0.5029"
"36,37 : 0.6673"
"37,36 : 0.6673"
"36,38 : 0.7839"
"38,36 : 0.7839"
"36,39 : 0.6573"
"39,36 : 0.6573"
"36,40 : 0.2236"
"40,36 : 0.2236"
"36,41 : 0.6603"
"41,36 : 0.6603"
"36,42 : 0.3418"
"42,36 : 0.3418"
"36,43 : 0.7344"
"43,36 : 0.7344"
"36,44 : 0.1709"
"44,36 : 0.1709"
"36,45 : 0.6935"
"45,36 : 0.6935"
"36,46 : 0.446"
"46,36 : 0.446"
"36,47 : 0.1746"
"47,36 : 0.1746"
"36,48 : 0.1208"
"48,36 : 0.1208"
"36,49 : 0.386"
"49,36 : 0.386"
"37,38 : 0.7269"
"38,37 : 0.7269"
"37,39 : 0.0424"
"39,37 : 0.0424"
"37,40 : 0.7708"
"40,37 : 0.7708"
"37,41 : 0.359"
"41,37 : 0.359"
"37,42 : 0.9552"
"42,37 : 0.9552"
"37,43 : 0.4366"
"43,37 : 0.4366"
"37,44 : 0.7877"
"44,37 : 0.7877"
"37,45 : 1.0028"
"45,37 : 1.0028"
"37,46 : 0.28"
"46,37 : 0.28"
"37,47 : 0.494"
"47,37 : 0.494"
"37,48 : 0.6888"
"48,37 : 0.6888"
"37,49 : 0.4875"
"49,37 : 0.4875"
"38,39 : 0.7612"
"39,38 : 0.7612"
"38,40 : 0.6622"
"40,38 : 0.6622"
"38,41 : 0.3705"
"41,38 : 0.3705"
"38,42 : 0.8031"
"42,38 : 0.8031"
"38,43 : 0.314"
"43,38 : 0.314"
"38,44 : 0.9529"
"44,38 : 0.9529"
"38,45 : 0.4579"
"45,38 : 0.4579"
"38,46 : 0.8141"
"46,38 : 0.8141"
"38,47 : 0.6943"
"47,38 : 0.6943"
"38,48 : 0.6894"
"48,38 : 0.6894"
"38,49 : 0.4177"
"49,38 : 0.4177"
"39,40 : 0.7723"
"40,39 : 0.7723"
"39,41 : 0.3956"
"41,39 : 0.3956"
"39,42 : 0.9546"
"42,39 : 0.9546"
"39,43 : 0.4754"
"43,39 : 0.4754"
"39,44 : 0.7708"
"44,39 : 0.7708"
"39,45 : 1.0236"
"45,39 : 1.0236"
"39,46 : 0.2518"
"46,39 : 0.2518"
"39,47 : 0.486"
"47,39 : 0.486"
"39,48 : 0.6862"
"48,39 : 0.6862"
"39,49 : 0.5033"
"49,39 : 0.5033"
"40,41 : 0.6515"
"41,40 : 0.6515"
"40,42 : 0.1887"
"42,40 : 0.1887"
"40,43 : 0.7041"
"43,40 : 0.7041"
"40,44 : 0.3441"
"44,40 : 0.3441"
"40,45 : 0.4802"
"45,40 : 0.4802"
"40,46 : 0.6084"
"46,40 : 0.6084"
"40,47 : 0.3138"
"47,40 : 0.3138"
"40,48 : 0.1105"
"48,40 : 0.1105"
"40,49 : 0.3479"
"49,40 : 0.3479"
"41,42 : 0.8357"
"42,41 : 0.8357"
"41,43 : 0.0922"
"43,41 : 0.0922"
"41,44 : 0.8239"
"44,41 : 0.8239"
"41,45 : 0.7134"
"45,41 : 0.7134"
"41,46 : 0.5021"
"46,41 : 0.5021"
"41,47 : 0.508"
"47,41 : 0.508"
"41,48 : 0.6166"
"48,41 : 0.6166"
"41,49 : 0.3036"
"49,41 : 0.3036"
"42,43 : 0.8832"
"43,42 : 0.8832"
"42,44 : 0.3821"
"44,42 : 0.3821"
"42,45 : 0.514"
"45,42 : 0.514"
"42,46 : 0.7739"
"46,42 : 0.7739"
"42,47 : 0.4801"
"47,42 : 0.4801"
"42,48 : 0.2702"
