x,y
0.56,0.94
0.72,0.88
0.22,0.65
0.69,0.05
0.7,0.62
0.89,0.88
0.6,0.56
0.6,0.2
0.96,0.23
0.69,0.81
0.45,0.95
0.24,0.13
0.61,0.8
0.83,0.13
0.89,0.31
0.49,0.44
0.11,0.88
0.84,0.83
0.95,0.71
0.95,0.57
0.52,0.73
0.05,0.87
0.81,0.73
0.05,0.56
0.66,0.26
0.51,0.02
0.72,0.53
0.64,0.55
0.47,0.85
0.79,0.02
0.84,0.67
0.78,0.67
0.23,0.17
0.92,0.72
0.48,0.98
0.04,0.88
0.9,0.62
0.25,0.34
0.04,0.78
0.58,0.86
0.97,0.75
0.44,0.15
0.22,0.57
0.82,0.36
0.11,0.27
0.46,0.97
0.28,0.39
0.72,0.55
0.33,0.35
0.22,0.06
0.87,0.16
0.5,0.89
0.69,0.33
0.33,0.95
0.58,0.38
0.3,0.24
0.14,0.37
0.79,0.96
0.77,0.31
0.67,0.51
0.41,0.96
0.7,0.92
0.63,0.95
0.23,0.92
0.58,0.21
0.86,0.16
0.83,0.15
0.71,0.05
0.72,0.51
0.84,0.58
0.88,0.25
0.1,0.37
0.35,0.68
0.55,0.6
0.56,0.94
0.53,0.98
0.94,0.41
0.56,0.91
0.26,0.0
0.94,0.72
0.29,0.93
0.43,0.02
0.3,0.23
0.0,0.86
0.83,0.6
0.81,0.24
0.17,0.66
0.53,0.64
0.48,0.69
0.36,0.54
0.01,0.55
0.01,0.65
0.02,0.57
0.35,0.6
0.71,0.62
0.98,0.62
0.12,0.94
0.67,0.33
0.14,0.68
0.15,0.91

Distanze
"0,1 : 0.1709"
"1,0 : 0.1709"
"0,2 : 0.4469"
"2,0 : 0.4469"
"0,3 : 0.8994"
"3,0 : 0.8994"
"0,4 : 0.3493"
"4,0 : 0.3493"
"0,5 : 0.3354"
"5,0 : 0.3354"
"0,6 : 0.3821"
"6,0 : 0.3821"
"0,7 : 0.7411"
"7,0 : 0.7411"
"0,8 : 0.8149"
"8,0 : 0.8149"
"0,9 : 0.1838"
"9,0 : 0.1838"
"0,10 : 0.1105"
"10,0 : 0.1105"
"0,11 : 0.8709"
"11,0 : 0.8709"
"0,12 : 0.1487"
"12,0 : 0.1487"
"0,13 : 0.8538"
"13,0 : 0.8538"
"0,14 : 0.7112"
"14,0 : 0.7112"
"0,15 : 0.5049"
"15,0 : 0.5049"
"0,16 : 0.454"
"16,0 : 0.454"
"0,17 : 0.3008"
"17,0 : 0.3008"
"0,18 : 0.4528"
"18,0 : 0.4528"
"0,19 : 0.5376"
"19,0 : 0.5376"
"0,20 : 0.2138"
"20,0 : 0.2138"
"0,21 : 0.5148"
"21,0 : 0.5148"
"0,22 : 0.3265"
"22,0 : 0.3265"
"0,23 : 0.636"
"23,0 : 0.636"
"0,24 : 0.6873"
"24,0 : 0.6873"
"0,25 : 0.9214"
"25,0 : 0.9214"
"0,26 : 0.4401"
"26,0 : 0.4401"
"0,27 : 0.3981"
"27,0 : 0.3981"
"0,28 : 0.1273"
"28,0 : 0.1273"
"0,29 : 0.9483"
"29,0 : 0.9483"
"0,30 : 0.389"
"30,0 : 0.389"
"0,31 : 0.3483"
"31,0 : 0.3483"
"0,32 : 0.8377"
"32,0 : 0.8377"
"0,33 : 0.4219"
"33,0 : 0.4219"
"0,34 : 0.0894"
"34,0 : 0.0894"
"0,35 : 0.5235"
"35,0 : 0.5235"
"0,36 : 0.4669"
"36,0 : 0.4669"
"0,37 : 0.6754"
"37,0 : 0.6754"
"0,38 : 0.5441"
"38,0 : 0.5441"
"0,39 : 0.0825"
"39,0 : 0.0825"
"0,40 : 0.4519"
"40,0 : 0.4519"
"0,41 : 0.7991"
"41,0 : 0.7991"
"0,42 : 0.5025"
"42,0 : 0.5025"
"0,43 : 0.6356"
"43,0 : 0.6356"
"0,44 : 0.8071"
"44,0 : 0.8071"
"0,45 : 0.1044"
"45,0 : 0.1044"
"0,46 : 0.6172"
"46,0 : 0.6172"
"0,47 : 0.4215"
"47,0 : 0.4215"
"0,48 : 0.6332"
"48,0 : 0.6332"
"0,49 : 0.9434"
"49,0 : 0.9434"
"0,50 : 0.8393"
"50,0 : 0.8393"
"0,51 : 0.0781"
"51,0 : 0.0781"
"0,52 : 0.6237"
"52,0 : 0.6237"
"0,53 : 0.2302"
"53,0 : 0.2302"
"0,54 : 0.5604"
"54,0 : 0.5604"
"0,55 : 0.7467"
"55,0 : 0.7467"
"0,56 : 0.708"
"56,0 : 0.708"
"0,57 : 0.2309"
"57,0 : 0.2309"
"0,58 : 0.6641"
"58,0 : 0.6641"
"0,59 : 0.4438"
"59,0 : 0.4438"
"0,60 : 0.1513"
"60,0 : 0.1513"
"0,61 : 0.1414"
"61,0 : 0.1414"
"0,62 : 0.0707"
"62,0 : 0.0707"
"0,63 : 0.3306"
"63,0 : 0.3306"
"0,64 : 0.7303"
"64,0 : 0.7303"
"0,65 : 0.8357"
"65,0 : 0.8357"
"0,66 : 0.8349"
"66,0 : 0.8349"
"0,67 : 0.9026"
"67,0 : 0.9026"
"0,68 : 0.4588"
"68,0 : 0.4588"
"0,69 : 0.4561"
"69,0 : 0.4561"
"0,70 : 0.7606"
"70,0 : 0.7606"
"0,71 : 0.7325"
"71,0 : 0.7325"
"0,72 : 0.3342"
"72,0 : 0.3342"
"0,73 : 0.3401"
"73,0 : 0.3401"
"0,74 : 0.0"
"74,0 : 0.0"
"0,75 : 0.05"
"75,0 : 0.05"
"0,76 : 0.6522"
"76,0 : 0.6522"
"0,77 : 0.03"
"77,0 : 0.03"
"0,78 : 0.9867"
"78,0 : 0.9867"
"0,79 : 0.4391"
"79,0 : 0.4391"
"0,80 : 0.2702"
"80,0 : 0.2702"
"0,81 : 0.9291"
"81,0 : 0.9291"
"0,82 : 0.7561"
"82,0 : 0.7561"
"0,83 : 0.5657"
"83,0 : 0.5657"
"0,84 : 0.4342"
"84,0 : 0.4342"
"0,85 : 0.7433"
"85,0 : 0.7433"
"0,86 : 0.4801"
"86,0 : 0.4801"
"0,87 : 0.3015"
"87,0 : 0.3015"
"0,88 : 0.2625"
"88,0 : 0.2625"
"0,89 : 0.4472"
"89,0 : 0.4472"
"0,90 : 0.6742"
"90,0 : 0.6742"
"0,91 : 0.6218"
"91,0 : 0.6218"
"0,92 : 0.6546"
"92,0 : 0.6546"
"0,93 : 0.3996"
"93,0 : 0.3996"
"0,94 : 0.3534"
"94,0 : 0.3534"
"0,95 : 0.528"
"95,0 : 0.528"
"0,96 : 0.44"
"96,0 : 0.44"
"0,97 : 0.6198"
"97,0 : 0.6198"
"0,98 : 0.494"
"98,0 : 0.494"
"0,99 : 0.4111"
"99,0 : 0.4111"
"1,2 : 0.5504"
"2,1 : 0.5504"
"1,3 : 0.8305"
"3,1 : 0.8305"
"1,4 : 0.2608"
"4,1 : 0.2608"
"1,5 : 0.17"
"5,1 : 0.17"
"1,6 : 0.3418"
"6,1 : 0.3418"
"1,7 : 0.6905"
"7,1 : 0.6905"
"1,8 : 0.6929"
"8,1 : 0.6929"
"1,9 : 0.0762"
"9,1 : 0.0762"
"1,10 : 0.2789"
"10,1 : 0.2789"
"1,11 : 0.8904"
"11,1 : 0.8904"
"1,12 : 0.136"
"12,1 : 0.136"
"1,13 : 0.758"
"13,1 : 0.758"
"1,14 : 0.5948"
"14,1 : 0.5948"
"1,15 : 0.4965"
"15,1 : 0.4965"
"1,16 : 0.61"
"16,1 : 0.61"
"1,17 : 0.13"
"17,1 : 0.13"
"1,18 : 0.286"
"18,1 : 0.286"
"1,19 : 0.386"
"19,1 : 0.386"
"1,20 : 0.25"
"20,1 : 0.25"
"1,21 : 0.6701"
"21,1 : 0.6701"
"1,22 : 0.1749"
"22,1 : 0.1749"
"1,23 : 0.7425"
"23,1 : 0.7425"
"1,24 : 0.6229"
"24,1 : 0.6229"
"1,25 : 0.8853"
"25,1 : 0.8853"
"1,26 : 0.35"
"26,1 : 0.35"
"1,27 : 0.3396"
"27,1 : 0.3396"
"1,28 : 0.2518"
"28,1 : 0.2518"
"1,29 : 0.8628"
"29,1 : 0.8628"
"1,30 : 0.2419"
"30,1 : 0.2419"
"1,31 : 0.2184"
"31,1 : 0.2184"
"1,32 : 0.8627"
"32,1 : 0.8627"
"1,33 : 0.2561"
"33,1 : 0.2561"
"1,34 : 0.26"
"34,1 : 0.26"
"1,35 : 0.68"
"35,1 : 0.68"
"1,36 : 0.3162"
"36,1 : 0.3162"
"1,37 : 0.7159"
"37,1 : 0.7159"
"1,38 : 0.6873"
"38,1 : 0.6873"
"1,39 : 0.1414"
"39,1 : 0.1414"
"1,40 : 0.2818"
"40,1 : 0.2818"
"1,41 : 0.7819"
"41,1 : 0.7819"
"1,42 : 0.5883"
"42,1 : 0.5883"
"1,43 : 0.5295"
"43,1 : 0.5295"
"1,44 : 0.8627"
"44,1 : 0.8627"
"1,45 : 0.2751"
"45,1 : 0.2751"
"1,46 : 0.6586"
"46,1 : 0.6586"
"1,47 : 0.33"
"47,1 : 0.33"
"1,48 : 0.658"
"48,1 : 0.658"
"1,49 : 0.9604"
"49,1 : 0.9604"
"1,50 : 0.7355"
"50,1 : 0.7355"
"1,51 : 0.2202"
"51,1 : 0.2202"
"1,52 : 0.5508"
"52,1 : 0.5508"
"1,53 : 0.3962"
"53,1 : 0.3962"
"1,54 : 0.5192"
"54,1 : 0.5192"
"1,55 : 0.7655"
"55,1 : 0.7655"
"1,56 : 0.7723"
"56,1 : 0.7723"
"1,57 : 0.1063"
"57,1 : 0.1063"
"1,58 : 0.5722"
"58,1 : 0.5722"
"1,59 : 0.3734"
"59,1 : 0.3734"
"1,60 : 0.3202"
"60,1 : 0.3202"
"1,61 : 0.0447"
"61,1 : 0.0447"
"1,62 : 0.114"
"62,1 : 0.114"
"1,63 : 0.4916"
"63,1 : 0.4916"
"1,64 : 0.6845"
"64,1 : 0.6845"
"1,65 : 0.7335"
"65,1 : 0.7335"
"1,66 : 0.7382"
"66,1 : 0.7382"
"1,67 : 0.8301"
"67,1 : 0.8301"
"1,68 : 0.37"
"68,1 : 0.37"
"1,69 : 0.3231"
"69,1 : 0.3231"
"1,70 : 0.65"
"70,1 : 0.65"
"1,71 : 0.8028"
"71,1 : 0.8028"
"1,72 : 0.4206"
"72,1 : 0.4206"
"1,73 : 0.3276"
"73,1 : 0.3276"
"1,74 : 0.1709"
"74,1 : 0.1709"
"1,75 : 0.2147"
"75,1 : 0.2147"
"1,76 : 0.5189"
"76,1 : 0.5189"
"1,77 : 0.1628"
"77,1 : 0.1628"
"1,78 : 0.993"
"78,1 : 0.993"
"1,79 : 0.272"
"79,1 : 0.272"
"1,80 : 0.4329"
"80,1 : 0.4329"
"1,81 : 0.9076"
"81,1 : 0.9076"
"1,82 : 0.7739"
"82,1 : 0.7739"
"1,83 : 0.7203"
"83,1 : 0.7203"
"1,84 : 0.3008"
"84,1 : 0.3008"
"1,85 : 0.6463"
"85,1 : 0.6463"
"1,86 : 0.5924"
"86,1 : 0.5924"
"1,87 : 0.3061"
"87,1 : 0.3061"
"1,88 : 0.3061"
"88,1 : 0.3061"
"1,89 : 0.4952"
"89,1 : 0.4952"
"1,90 : 0.7829"
"90,1 : 0.7829"
"1,91 : 0.7463"
"91,1 : 0.7463"
"1,92 : 0.7656"
"92,1 : 0.7656"
"1,93 : 0.464"
"93,1 : 0.464"
"1,94 : 0.2602"
"94,1 : 0.2602"
"1,95 : 0.3677"
"95,1 : 0.3677"
"1,96 : 0.603"
"96,1 : 0.603"
"1,97 : 0.5523"
"97,1 : 0.5523"
"1,98 : 0.6135"
"98,1 : 0.6135"
"1,99 : 0.5708"
"99,1 : 0.5708"
"2,3 : 0.7622"
"3,2 : 0.7622"
"2,4 : 0.4809"
"4,2 : 0.4809"
"2,5 : 0.7084"
"5,2 : 0.7084"
"2,6 : 0.3905"
"6,2 : 0.3905"
"2,7 : 0.589"
"7,2 : 0.589"
"2,8 : 0.8509"
"8,2 : 0.8509"
"2,9 : 0.4965"
"9,2 : 0.4965"
"2,10 : 0.378"
"10,2 : 0.378"
"2,11 : 0.5204"
"11,2 : 0.5204"
"2,12 : 0.4179"
"12,2 : 0.4179"
"2,13 : 0.8016"
"13,2 : 0.8016"
"2,14 : 0.7513"
"14,2 : 0.7513"
"2,15 : 0.3421"
"15,2 : 0.3421"
"2,16 : 0.255"
"16,2 : 0.255"
"2,17 : 0.6456"
"17,2 : 0.6456"
"2,18 : 0.7325"
"18,2 : 0.7325"
"2,19 : 0.7344"
"19,2 : 0.7344"
"2,20 : 0.3105"
"20,2 : 0.3105"
"2,21 : 0.278"
"21,2 : 0.278"
"2,22 : 0.5954"
"22,2 : 0.5954"
"2,23 : 0.1924"
"23,2 : 0.1924"
"2,24 : 0.588"
"24,2 : 0.588"
"2,25 : 0.6935"
"25,2 : 0.6935"
"2,26 : 0.5142"
"26,2 : 0.5142"
"2,27 : 0.4317"
"27,2 : 0.4317"
"2,28 : 0.3202"
"28,2 : 0.3202"
"2,29 : 0.8496"
"29,2 : 0.8496"
"2,30 : 0.6203"
"30,2 : 0.6203"
"2,31 : 0.5604"
"31,2 : 0.5604"
"2,32 : 0.4801"
"32,2 : 0.4801"
"2,33 : 0.7035"
"33,2 : 0.7035"
"2,34 : 0.4201"
"34,2 : 0.4201"
"2,35 : 0.2921"
"35,2 : 0.2921"
"2,36 : 0.6807"
"36,2 : 0.6807"
"2,37 : 0.3114"
"37,2 : 0.3114"
"2,38 : 0.222"
"38,2 : 0.222"
"2,39 : 0.4168"
"39,2 : 0.4168"
"2,40 : 0.7566"
"40,2 : 0.7566"
"2,41 : 0.5463"
"41,2 : 0.5463"
"2,42 : 0.08"
"42,2 : 0.08"
"2,43 : 0.6664"
"43,2 : 0.6664"
"2,44 : 0.3956"
"44,2 : 0.3956"
"2,45 : 0.4"
"45,2 : 0.4"
"2,46 : 0.2668"
"46,2 : 0.2668"
"2,47 : 0.5099"
"47,2 : 0.5099"
"2,48 : 0.3195"
"48,2 : 0.3195"
"2,49 : 0.59"
"49,2 : 0.59"
"2,50 : 0.814"
"50,2 : 0.814"
"2,51 : 0.3688"
"51,2 : 0.3688"
"2,52 : 0.5686"
"52,2 : 0.5686"
"2,53 : 0.3195"
"53,2 : 0.3195"
"2,54 : 0.45"
"54,2 : 0.45"
"2,55 : 0.4177"
"55,2 : 0.4177"
"2,56 : 0.2912"
"56,2 : 0.2912"
"2,57 : 0.6488"
"57,2 : 0.6488"
"2,58 : 0.6466"
"58,2 : 0.6466"
"2,59 : 0.4713"
"59,2 : 0.4713"
"2,60 : 0.3636"
"60,2 : 0.3636"
"2,61 : 0.5507"
"61,2 : 0.5507"
"2,62 : 0.508"
"62,2 : 0.508"
"2,63 : 0.2702"
"63,2 : 0.2702"
"2,64 : 0.5685"
"64,2 : 0.5685"
"2,65 : 0.806"
"65,2 : 0.806"
"2,66 : 0.7887"
"66,2 : 0.7887"
"2,67 : 0.7747"
"67,2 : 0.7747"
"2,68 : 0.5192"
"68,2 : 0.5192"
"2,69 : 0.6239"
"69,2 : 0.6239"
"2,70 : 0.7718"
"70,2 : 0.7718"
"2,71 : 0.3046"
"71,2 : 0.3046"
"2,72 : 0.1334"
"72,2 : 0.1334"
"2,73 : 0.3338"
"73,2 : 0.3338"
"2,74 : 0.4469"
"74,2 : 0.4469"
"2,75 : 0.4528"
"75,2 : 0.4528"
"2,76 : 0.7589"
"76,2 : 0.7589"
"2,77 : 0.428"
"77,2 : 0.428"
"2,78 : 0.6512"
"78,2 : 0.6512"
"2,79 : 0.7234"
"79,2 : 0.7234"
"2,80 : 0.2886"
"80,2 : 0.2886"
"2,81 : 0.6641"
"81,2 : 0.6641"
"2,82 : 0.4276"
"82,2 : 0.4276"
"2,83 : 0.3041"
"83,2 : 0.3041"
"2,84 : 0.612"
"84,2 : 0.612"
"2,85 : 0.7185"
"85,2 : 0.7185"
"2,86 : 0.051"
"86,2 : 0.051"
"2,87 : 0.3102"
"87,2 : 0.3102"
"2,88 : 0.2631"
"88,2 : 0.2631"
"2,89 : 0.178"
"89,2 : 0.178"
"2,90 : 0.2326"
"90,2 : 0.2326"
"2,91 : 0.21"
"91,2 : 0.21"
"2,92 : 0.2154"
"92,2 : 0.2154"
"2,93 : 0.1393"
"93,2 : 0.1393"
"2,94 : 0.4909"
"94,2 : 0.4909"
"2,95 : 0.7606"
"95,2 : 0.7606"
"2,96 : 0.3068"
"96,2 : 0.3068"
"2,97 : 0.5522"
"97,2 : 0.5522"
"2,98 : 0.0854"
"98,2 : 0.0854"
"2,99 : 0.2693"
"99,2 : 0.2693"
"3,4 : 0.5701"
"4,3 : 0.5701"
"3,5 : 0.8538"
"5,3 : 0.8538"
"3,6 : 0.5179"
"6,3 : 0.5179"
"3,7 : 0.1749"
"7,3 : 0.1749"
"3,8 : 0.3245"
"8,3 : 0.3245"
"3,9 : 0.76"
"9,3 : 0.76"
"3,10 : 0.9315"
"10,3 : 0.9315"
"3,11 : 0.4571"
"11,3 : 0.4571"
"3,12 : 0.7543"
"12,3 : 0.7543"
"3,13 : 0.1612"
"13,3 : 0.1612"
"3,14 : 0.328"
"14,3 : 0.328"
"3,15 : 0.4383"
"15,3 : 0.4383"
"3,16 : 1.0126"
"16,3 : 1.0126"
"3,17 : 0.7943"
"17,3 : 0.7943"
"3,18 : 0.7094"
"18,3 : 0.7094"
"3,19 : 0.5814"
"19,3 : 0.5814"
"3,20 : 0.7009"
"20,3 : 0.7009"
"3,21 : 1.0402"
"21,3 : 1.0402"
"3,22 : 0.6905"
"22,3 : 0.6905"
"3,23 : 0.8184"
"23,3 : 0.8184"
"3,24 : 0.2121"
"24,3 : 0.2121"
"3,25 : 0.1825"
"25,3 : 0.1825"
"3,26 : 0.4809"
"26,3 : 0.4809"
"3,27 : 0.5025"
"27,3 : 0.5025"
"3,28 : 0.8297"
"28,3 : 0.8297"
"3,29 : 0.1044"
"29,3 : 0.1044"
"3,30 : 0.6379"
"30,3 : 0.6379"
"3,31 : 0.6265"
"31,3 : 0.6265"
"3,32 : 0.4754"
"32,3 : 0.4754"
"3,33 : 0.7084"
"33,3 : 0.7084"
"3,34 : 0.9534"
"34,3 : 0.9534"
"3,35 : 1.0542"
"35,3 : 1.0542"
"3,36 : 0.6075"
"36,3 : 0.6075"
"3,37 : 0.527"
"37,3 : 0.527"
"3,38 : 0.9774"
"38,3 : 0.9774"
"3,39 : 0.8174"
"39,3 : 0.8174"
"3,40 : 0.7539"
"40,3 : 0.7539"
"3,41 : 0.2693"
"41,3 : 0.2693"
"3,42 : 0.7009"
"42,3 : 0.7009"
"3,43 : 0.3362"
"43,3 : 0.3362"
"3,44 : 0.6203"
"44,3 : 0.6203"
"3,45 : 0.9483"
"45,3 : 0.9483"
"3,46 : 0.5326"
"46,3 : 0.5326"
"3,47 : 0.5009"
"47,3 : 0.5009"
"3,48 : 0.4686"
"48,3 : 0.4686"
"3,49 : 0.4701"
"49,3 : 0.4701"
"3,50 : 0.211"
"50,3 : 0.211"
"3,51 : 0.8612"
"51,3 : 0.8612"
"3,52 : 0.28"
"52,3 : 0.28"
"3,53 : 0.9693"
"53,3 : 0.9693"
"3,54 : 0.3479"
"54,3 : 0.3479"
"3,55 : 0.4338"
"55,3 : 0.4338"
"3,56 : 0.6363"
"56,3 : 0.6363"
"3,57 : 0.9155"
"57,3 : 0.9155"
"3,58 : 0.272"
"58,3 : 0.272"
"3,59 : 0.4604"
"59,3 : 0.4604"
"3,60 : 0.9521"
"60,3 : 0.9521"
"3,61 : 0.8701"
"61,3 : 0.8701"
"3,62 : 0.902"
"62,3 : 0.902"
"3,63 : 0.9841"
"63,3 : 0.9841"
"3,64 : 0.1942"
"64,3 : 0.1942"
"3,65 : 0.2025"
"65,3 : 0.2025"
"3,66 : 0.172"
"66,3 : 0.172"
"3,67 : 0.02"
"67,3 : 0.02"
"3,68 : 0.461"
"68,3 : 0.461"
"3,69 : 0.5508"
"69,3 : 0.5508"
"3,70 : 0.2759"
"70,3 : 0.2759"
"3,71 : 0.6712"
"71,3 : 0.6712"
"3,72 : 0.7159"
"72,3 : 0.7159"
"3,73 : 0.5675"
"73,3 : 0.5675"
"3,74 : 0.8994"
"74,3 : 0.8994"
"3,75 : 0.9437"
"75,3 : 0.9437"
"3,76 : 0.4383"
"76,3 : 0.4383"
"3,77 : 0.8698"
"77,3 : 0.8698"
"3,78 : 0.4329"
"78,3 : 0.4329"
"3,79 : 0.7151"
"79,3 : 0.7151"
"3,80 : 0.9666"
"80,3 : 0.9666"
"3,81 : 0.2617"
"81,3 : 0.2617"
"3,82 : 0.4295"
"82,3 : 0.4295"
"3,83 : 1.064"
"83,3 : 1.064"
"3,84 : 0.5675"
"84,3 : 0.5675"
"3,85 : 0.2247"
"85,3 : 0.2247"
"3,86 : 0.8016"
"86,3 : 0.8016"
"3,87 : 0.6113"
"87,3 : 0.6113"
"3,88 : 0.6736"
"88,3 : 0.6736"
"3,89 : 0.5908"
"89,3 : 0.5908"
"3,90 : 0.844"
"90,3 : 0.844"
"3,91 : 0.9069"
"91,3 : 0.9069"
"3,92 : 0.8481"
"92,3 : 0.8481"
"3,93 : 0.6466"
"93,3 : 0.6466"
"3,94 : 0.5704"
"94,3 : 0.5704"
"3,95 : 0.6395"
"95,3 : 0.6395"
"3,96 : 1.0569"
"96,3 : 1.0569"
"3,97 : 0.2807"
"97,3 : 0.2807"
"3,98 : 0.8363"
"98,3 : 0.8363"
"3,99 : 1.0155"
"99,3 : 1.0155"
"4,5 : 0.322"
"5,4 : 0.322"
"4,6 : 0.1166"
"6,4 : 0.1166"
"4,7 : 0.4317"
"7,4 : 0.4317"
"4,8 : 0.4687"
"8,4 : 0.4687"
"4,9 : 0.1903"
"9,4 : 0.1903"
"4,10 : 0.414"
"10,4 : 0.414"
"4,11 : 0.6721"
"11,4 : 0.6721"
"4,12 : 0.2012"
"12,4 : 0.2012"
"4,13 : 0.507"
"13,4 : 0.507"
"4,14 : 0.3636"
"14,4 : 0.3636"
"4,15 : 0.2766"
"15,4 : 0.2766"
"4,16 : 0.6447"
"16,4 : 0.6447"
"4,17 : 0.2524"
"17,4 : 0.2524"
"4,18 : 0.2657"
"18,4 : 0.2657"
"4,19 : 0.255"
"19,4 : 0.255"
"4,20 : 0.211"
"20,4 : 0.211"
"4,21 : 0.6964"
"21,4 : 0.6964"
"4,22 : 0.1556"
"22,4 : 0.1556"
"4,23 : 0.6528"
"23,4 : 0.6528"
"4,24 : 0.3622"
"24,4 : 0.3622"
"4,25 : 0.6294"
"25,4 : 0.6294"
"4,26 : 0.0922"
"26,4 : 0.0922"
"4,27 : 0.0922"
"27,4 : 0.0922"
"4,28 : 0.3253"
"28,4 : 0.3253"
"4,29 : 0.6067"
"29,4 : 0.6067"
"4,30 : 0.1487"
"30,4 : 0.1487"
"4,31 : 0.0943"
"31,4 : 0.0943"
"4,32 : 0.6507"
"32,4 : 0.6507"
"4,33 : 0.2417"
"33,4 : 0.2417"
"4,34 : 0.4219"
"34,4 : 0.4219"
"4,35 : 0.7094"
"35,4 : 0.7094"
"4,36 : 0.2"
"36,4 : 0.2"
"4,37 : 0.53"
"37,4 : 0.53"
"4,38 : 0.6791"
"38,4 : 0.6791"
"4,39 : 0.2683"
"39,4 : 0.2683"
"4,40 : 0.2997"
"40,4 : 0.2997"
"4,41 : 0.5371"
"41,4 : 0.5371"
"4,42 : 0.4826"
"42,4 : 0.4826"
"4,43 : 0.2864"
"43,4 : 0.2864"
"4,44 : 0.686"
"44,4 : 0.686"
"4,45 : 0.4244"
"45,4 : 0.4244"
"4,46 : 0.4789"
"46,4 : 0.4789"
"4,47 : 0.0728"
"47,4 : 0.0728"
"4,48 : 0.458"
"48,4 : 0.458"
"4,49 : 0.7376"
"49,4 : 0.7376"
"4,50 : 0.4904"
"50,4 : 0.4904"
"4,51 : 0.336"
"51,4 : 0.336"
"4,52 : 0.2902"
"52,4 : 0.2902"
"4,53 : 0.4958"
"53,4 : 0.4958"
"4,54 : 0.2683"
"54,4 : 0.2683"
"4,55 : 0.5517"
"55,4 : 0.5517"
"4,56 : 0.6133"
"56,4 : 0.6133"
"4,57 : 0.3517"
"57,4 : 0.3517"
"4,58 : 0.3178"
"58,4 : 0.3178"
"4,59 : 0.114"
"59,4 : 0.114"
"4,60 : 0.4469"
"60,4 : 0.4469"
"4,61 : 0.3"
"61,4 : 0.3"
"4,62 : 0.3373"
"62,4 : 0.3373"
"4,63 : 0.5576"
"63,4 : 0.5576"
"4,64 : 0.4272"
"64,4 : 0.4272"
"4,65 : 0.487"
"65,4 : 0.487"
"4,66 : 0.4876"
"66,4 : 0.4876"
"4,67 : 0.5701"
"67,4 : 0.5701"
"4,68 : 0.1118"
"68,4 : 0.1118"
"4,69 : 0.1456"
"69,4 : 0.1456"
"4,70 : 0.4115"
"70,4 : 0.4115"
"4,71 : 0.65"
"71,4 : 0.65"
"4,72 : 0.3551"
"72,4 : 0.3551"
"4,73 : 0.1513"
"73,4 : 0.1513"
"4,74 : 0.3493"
"74,4 : 0.3493"
"4,75 : 0.3981"
"75,4 : 0.3981"
"4,76 : 0.3189"
"76,4 : 0.3189"
"4,77 : 0.322"
"77,4 : 0.322"
"4,78 : 0.7603"
"78,4 : 0.7603"
"4,79 : 0.26"
"79,4 : 0.26"
"4,80 : 0.514"
"80,4 : 0.514"
"4,81 : 0.658"
"81,4 : 0.658"
"4,82 : 0.5587"
"82,4 : 0.5587"
"4,83 : 0.74"
"83,4 : 0.74"
"4,84 : 0.1315"
"84,4 : 0.1315"
"4,85 : 0.3956"
"85,4 : 0.3956"
"4,86 : 0.5315"
"86,4 : 0.5315"
"4,87 : 0.1712"
"87,4 : 0.1712"
"4,88 : 0.2309"
"88,4 : 0.2309"
"4,89 : 0.3493"
"89,4 : 0.3493"
"4,90 : 0.6935"
"90,4 : 0.6935"
"4,91 : 0.6907"
"91,4 : 0.6907"
"4,92 : 0.6818"
"92,4 : 0.6818"
"4,93 : 0.3506"
"93,4 : 0.3506"
"4,94 : 0.01"
"94,4 : 0.01"
"4,95 : 0.28"
"95,4 : 0.28"
"4,96 : 0.6624"
"96,4 : 0.6624"
"4,97 : 0.2915"
"97,4 : 0.2915"
"4,98 : 0.5632"
"98,4 : 0.5632"
"4,99 : 0.6218"
"99,4 : 0.6218"
"5,6 : 0.4319"
"6,5 : 0.4319"
"5,7 : 0.7393"
"7,5 : 0.7393"
"5,8 : 0.6538"
"8,5 : 0.6538"
"5,9 : 0.2119"
"9,5 : 0.2119"
"5,10 : 0.4455"
"10,5 : 0.4455"
"5,11 : 0.9925"
"11,5 : 0.9925"
"5,12 : 0.2912"
"12,5 : 0.2912"
"5,13 : 0.7524"
"13,5 : 0.7524"
"5,14 : 0.57"
"14,5 : 0.57"
"5,15 : 0.5946"
"15,5 : 0.5946"
"5,16 : 0.78"
"16,5 : 0.78"
"5,17 : 0.0707"
"17,5 : 0.0707"
"5,18 : 0.1803"
"18,5 : 0.1803"
"5,19 : 0.3158"
"19,5 : 0.3158"
"5,20 : 0.3992"
"20,5 : 0.3992"
"5,21 : 0.8401"
"21,5 : 0.8401"
"5,22 : 0.17"
"22,5 : 0.17"
"5,23 : 0.8989"
"23,5 : 0.8989"
"5,24 : 0.6613"
"24,5 : 0.6613"
"5,25 : 0.9402"
"25,5 : 0.9402"
"5,26 : 0.3891"
"26,5 : 0.3891"
"5,27 : 0.414"
"27,5 : 0.414"
"5,28 : 0.4211"
"28,5 : 0.4211"
"5,29 : 0.8658"
"29,5 : 0.8658"
"5,30 : 0.2159"
"30,5 : 0.2159"
"5,31 : 0.2371"
"31,5 : 0.2371"
"5,32 : 0.9694"
"32,5 : 0.9694"
"5,33 : 0.1628"
"33,5 : 0.1628"
"5,34 : 0.422"
"34,5 : 0.422"
"5,35 : 0.85"
"35,5 : 0.85"
"5,36 : 0.2602"
"36,5 : 0.2602"
"5,37 : 0.8374"
"37,5 : 0.8374"
"5,38 : 0.8559"
"38,5 : 0.8559"
"5,39 : 0.3106"
"39,5 : 0.3106"
"5,40 : 0.1526"
"40,5 : 0.1526"
"5,41 : 0.8576"
"41,5 : 0.8576"
"5,42 : 0.7382"
"42,5 : 0.7382"
"5,43 : 0.5247"
"43,5 : 0.5247"
"5,44 : 0.9902"
"44,5 : 0.9902"
"5,45 : 0.4393"
"45,5 : 0.4393"
"5,46 : 0.7824"
"46,5 : 0.7824"
"5,47 : 0.3712"
"47,5 : 0.3712"
"5,48 : 0.771"
"48,5 : 0.771"
"5,49 : 1.0589"
"49,5 : 1.0589"
"5,50 : 0.7203"
"50,5 : 0.7203"
"5,51 : 0.3901"
"51,5 : 0.3901"
"5,52 : 0.5852"
"52,5 : 0.5852"
"5,53 : 0.5644"
"53,5 : 0.5644"
"5,54 : 0.5883"
"54,5 : 0.5883"
"5,55 : 0.8705"
"55,5 : 0.8705"
"5,56 : 0.907"
"56,5 : 0.907"
"5,57 : 0.1281"
"57,5 : 0.1281"
"5,58 : 0.5825"
"58,5 : 0.5825"
"5,59 : 0.4305"
"59,5 : 0.4305"
"5,60 : 0.4866"
"60,5 : 0.4866"
"5,61 : 0.1942"
"61,5 : 0.1942"
"5,62 : 0.2693"
"62,5 : 0.2693"
"5,63 : 0.6612"
"63,5 : 0.6612"
"5,64 : 0.7382"
"64,5 : 0.7382"
"5,65 : 0.7206"
"65,5 : 0.7206"
"5,66 : 0.7325"
"66,5 : 0.7325"
"5,67 : 0.8493"
"67,5 : 0.8493"
"5,68 : 0.4072"
"68,5 : 0.4072"
"5,69 : 0.3041"
"69,5 : 0.3041"
"5,70 : 0.6301"
"70,5 : 0.6301"
"5,71 : 0.9403"
"71,5 : 0.9403"
"5,72 : 0.5758"
"72,5 : 0.5758"
"5,73 : 0.4405"
"73,5 : 0.4405"
"5,74 : 0.3354"
"74,5 : 0.3354"
"5,75 : 0.3736"
"75,5 : 0.3736"
"5,76 : 0.4727"
"76,5 : 0.4727"
"5,77 : 0.3314"
"77,5 : 0.3314"
"5,78 : 1.0823"
"78,5 : 1.0823"
"5,79 : 0.1676"
"79,5 : 0.1676"
"5,80 : 0.6021"
"80,5 : 0.6021"
"5,81 : 0.9753"
"81,5 : 0.9753"
"5,82 : 0.8778"
"82,5 : 0.8778"
"5,83 : 0.8902"
"83,5 : 0.8902"
"5,84 : 0.2864"
"84,5 : 0.2864"
"5,85 : 0.645"
"85,5 : 0.645"
"5,86 : 0.7529"
"86,5 : 0.7529"
"5,87 : 0.4327"
"87,5 : 0.4327"
"5,88 : 0.4519"
"88,5 : 0.4519"
"5,89 : 0.6297"
"89,5 : 0.6297"
"5,90 : 0.9398"
"90,5 : 0.9398"
"5,91 : 0.9096"
"91,5 : 0.9096"
"5,92 : 0.9236"
"92,5 : 0.9236"
"5,93 : 0.6083"
"93,5 : 0.6083"
"5,94 : 0.3162"
"94,5 : 0.3162"
"5,95 : 0.2751"
"95,5 : 0.2751"
"5,96 : 0.7723"
"96,5 : 0.7723"
"5,97 : 0.5924"
"97,5 : 0.5924"
"5,98 : 0.7762"
"98,5 : 0.7762"
"5,99 : 0.7406"
"99,5 : 0.7406"
"6,7 : 0.36"
"7,6 : 0.36"
"6,8 : 0.4884"
"8,6 : 0.4884"
"6,9 : 0.2657"
"9,6 : 0.2657"
"6,10 : 0.4179"
"10,6 : 0.4179"
"6,11 : 0.5608"
"11,6 : 0.5608"
"6,12 : 0.2402"
"12,6 : 0.2402"
"6,13 : 0.4876"
"13,6 : 0.4876"
"6,14 : 0.3829"
"14,6 : 0.3829"
"6,15 : 0.1628"
"15,6 : 0.1628"
"6,16 : 0.5852"
"16,6 : 0.5852"
"6,17 : 0.3612"
"17,6 : 0.3612"
"6,18 : 0.3808"
"18,6 : 0.3808"
"6,19 : 0.3501"
"19,6 : 0.3501"
"6,20 : 0.1879"
"20,6 : 0.1879"
"6,21 : 0.6313"
"21,6 : 0.6313"
"6,22 : 0.2702"
"22,6 : 0.2702"
"6,23 : 0.55"
"23,6 : 0.55"
"6,24 : 0.3059"
"24,6 : 0.3059"
"6,25 : 0.5474"
"25,6 : 0.5474"
"6,26 : 0.1237"
"26,6 : 0.1237"
"6,27 : 0.0412"
"27,6 : 0.0412"
"6,28 : 0.3178"
"28,6 : 0.3178"
"6,29 : 0.5725"
"29,6 : 0.5725"
"6,30 : 0.264"
"30,6 : 0.264"
"6,31 : 0.211"
"31,6 : 0.211"
"6,32 : 0.5376"
"32,6 : 0.5376"
"6,33 : 0.3578"
"33,6 : 0.3578"
"6,34 : 0.4368"
"34,6 : 0.4368"
"6,35 : 0.645"
"35,6 : 0.645"
"6,36 : 0.3059"
"36,6 : 0.3059"
"6,37 : 0.4134"
"37,6 : 0.4134"
"6,38 : 0.6017"
"38,6 : 0.6017"
"6,39 : 0.3007"
"39,6 : 0.3007"
"6,40 : 0.4159"
"40,6 : 0.4159"
"6,41 : 0.4401"
"41,6 : 0.4401"
"6,42 : 0.3801"
"42,6 : 0.3801"
"6,43 : 0.2973"
"43,6 : 0.2973"
"6,44 : 0.5694"
"44,6 : 0.5694"
"6,45 : 0.4332"
"45,6 : 0.4332"
"6,46 : 0.3624"
"46,6 : 0.3624"
"6,47 : 0.1204"
"47,6 : 0.1204"
"6,48 : 0.3421"
"48,6 : 0.3421"
"6,49 : 0.628"
"49,6 : 0.628"
"6,50 : 0.4826"
"50,6 : 0.4826"
"6,51 : 0.3448"
"51,6 : 0.3448"
"6,52 : 0.247"
"52,6 : 0.247"
"6,53 : 0.4743"
"53,6 : 0.4743"
"6,54 : 0.1811"
"54,6 : 0.1811"
"6,55 : 0.4386"
"55,6 : 0.4386"
"6,56 : 0.4977"
"56,6 : 0.4977"
"6,57 : 0.4428"
"57,6 : 0.4428"
"6,58 : 0.3023"
"58,6 : 0.3023"
"6,59 : 0.086"
"59,6 : 0.086"
"6,60 : 0.4428"
"60,6 : 0.4428"
"6,61 : 0.3736"
"61,6 : 0.3736"
"6,62 : 0.3912"
"62,6 : 0.3912"
"6,63 : 0.5162"
"63,6 : 0.5162"
"6,64 : 0.3506"
"64,6 : 0.3506"
"6,65 : 0.4771"
"65,6 : 0.4771"
"6,66 : 0.4701"
"66,6 : 0.4701"
"6,67 : 0.5217"
"67,6 : 0.5217"
"6,68 : 0.13"
"68,6 : 0.13"
"6,69 : 0.2408"
"69,6 : 0.2408"
"6,70 : 0.4177"
"70,6 : 0.4177"
"6,71 : 0.5349"
"71,6 : 0.5349"
"6,72 : 0.2773"
"72,6 : 0.2773"
"6,73 : 0.064"
"73,6 : 0.064"
"6,74 : 0.3821"
"74,6 : 0.3821"
"6,75 : 0.4258"
"75,6 : 0.4258"
"6,76 : 0.3716"
"76,6 : 0.3716"
"6,77 : 0.3523"
"77,6 : 0.3523"
"6,78 : 0.6551"
"78,6 : 0.6551"
"6,79 : 0.3758"
"79,6 : 0.3758"
"6,80 : 0.4827"
"80,6 : 0.4827"
"6,81 : 0.5661"
"81,6 : 0.5661"
"6,82 : 0.446"
"82,6 : 0.446"
"6,83 : 0.6708"
"83,6 : 0.6708"
"6,84 : 0.2335"
"84,6 : 0.2335"
"6,85 : 0.3828"
"85,6 : 0.3828"
"6,86 : 0.4415"
"86,6 : 0.4415"
"6,87 : 0.1063"
"87,6 : 0.1063"
"6,88 : 0.1769"
"88,6 : 0.1769"
"6,89 : 0.2408"
"89,6 : 0.2408"
"6,90 : 0.5901"
"90,6 : 0.5901"
"6,91 : 0.5968"
"91,6 : 0.5968"
"6,92 : 0.5801"
"92,6 : 0.5801"
"6,93 : 0.2532"
"93,6 : 0.2532"
"6,94 : 0.1253"
"94,6 : 0.1253"
"6,95 : 0.3847"
"95,6 : 0.3847"
"6,96 : 0.6122"
"96,6 : 0.6122"
"6,97 : 0.2404"
"97,6 : 0.2404"
"6,98 : 0.4754"
"98,6 : 0.4754"
"6,99 : 0.5701"
"99,6 : 0.5701"
"7,8 : 0.3612"
"8,7 : 0.3612"
"7,9 : 0.6166"
"9,7 : 0.6166"
"7,10 : 0.7649"
"10,7 : 0.7649"
"7,11 : 0.3667"
"11,7 : 0.3667"
"7,12 : 0.6001"
"12,7 : 0.6001"
"7,13 : 0.2404"
"13,7 : 0.2404"
"7,14 : 0.3102"
"14,7 : 0.3102"
"7,15 : 0.264"
"15,7 : 0.264"
"7,16 : 0.8382"
"16,7 : 0.8382"
"7,17 : 0.6742"
"17,7 : 0.6742"
"7,18 : 0.6185"
"18,7 : 0.6185"
"7,19 : 0.5093"
"19,7 : 0.5093"
"7,20 : 0.536"
"20,7 : 0.536"
"7,21 : 0.8668"
"21,7 : 0.8668"
"7,22 : 0.5701"
"22,7 : 0.5701"
"7,23 : 0.6573"
"23,7 : 0.6573"
"7,24 : 0.0849"
"24,7 : 0.0849"
"7,25 : 0.2012"
"25,7 : 0.2012"
"7,26 : 0.3511"
"26,7 : 0.3511"
"7,27 : 0.3523"
"27,7 : 0.3523"
"7,28 : 0.6629"
"28,7 : 0.6629"
"7,29 : 0.2617"
"29,7 : 0.2617"
"7,30 : 0.5277"
"30,7 : 0.5277"
"7,31 : 0.5033"
"31,7 : 0.5033"
"7,32 : 0.3712"
"32,7 : 0.3712"
"7,33 : 0.6106"
"33,7 : 0.6106"
"7,34 : 0.7892"
"34,7 : 0.7892"
"7,35 : 0.8809"
"35,7 : 0.8809"
"7,36 : 0.5161"
"36,7 : 0.5161"
"7,37 : 0.377"
"37,7 : 0.377"
"7,38 : 0.8062"
"38,7 : 0.8062"
"7,39 : 0.6603"
"39,7 : 0.6603"
"7,40 : 0.6629"
"40,7 : 0.6629"
"7,41 : 0.1676"
"41,7 : 0.1676"
"7,42 : 0.5304"
"42,7 : 0.5304"
"7,43 : 0.272"
"43,7 : 0.272"
"7,44 : 0.495"
"44,7 : 0.495"
"7,45 : 0.7826"
"45,7 : 0.7826"
"7,46 : 0.3722"
"46,7 : 0.3722"
"7,47 : 0.37"
"47,7 : 0.37"
"7,48 : 0.3089"
"48,7 : 0.3089"
"7,49 : 0.405"
"49,7 : 0.405"
"7,50 : 0.2729"
"50,7 : 0.2729"
"7,51 : 0.6972"
"51,7 : 0.6972"
"7,52 : 0.1581"
"52,7 : 0.1581"
"7,53 : 0.7971"
"53,7 : 0.7971"
"7,54 : 0.1811"
"54,7 : 0.1811"
"7,55 : 0.3027"
"55,7 : 0.3027"
"7,56 : 0.4904"
"56,7 : 0.4904"
"7,57 : 0.7834"
"57,7 : 0.7834"
"7,58 : 0.2025"
"58,7 : 0.2025"
"7,59 : 0.3178"
"59,7 : 0.3178"
"7,60 : 0.7834"
"60,7 : 0.7834"
"7,61 : 0.7269"
"61,7 : 0.7269"
"7,62 : 0.7506"
"62,7 : 0.7506"
"7,63 : 0.8095"
"63,7 : 0.8095"
"7,64 : 0.0224"
"64,7 : 0.0224"
"7,65 : 0.2631"
"65,7 : 0.2631"
"7,66 : 0.2354"
"66,7 : 0.2354"
"7,67 : 0.186"
"67,7 : 0.186"
"7,68 : 0.3324"
"68,7 : 0.3324"
"7,69 : 0.4494"
"69,7 : 0.4494"
"7,70 : 0.2844"
"70,7 : 0.2844"
"7,71 : 0.5281"
"71,7 : 0.5281"
"7,72 : 0.5412"
"72,7 : 0.5412"
"7,73 : 0.4031"
"73,7 : 0.4031"
"7,74 : 0.7411"
"74,7 : 0.7411"
"7,75 : 0.7831"
"75,7 : 0.7831"
"7,76 : 0.3996"
"76,7 : 0.3996"
"7,77 : 0.7111"
"77,7 : 0.7111"
"7,78 : 0.3945"
"78,7 : 0.3945"
"7,79 : 0.6213"
"79,7 : 0.6213"
"7,80 : 0.7931"
"80,7 : 0.7931"
"7,81 : 0.2476"
"81,7 : 0.2476"
"7,82 : 0.3015"
"82,7 : 0.3015"
"7,83 : 0.892"
"83,7 : 0.892"
"7,84 : 0.4614"
"84,7 : 0.4614"
"7,85 : 0.2138"
"85,7 : 0.2138"
"7,86 : 0.6297"
"86,7 : 0.6297"
"7,87 : 0.4455"
"87,7 : 0.4455"
"7,88 : 0.5045"
"88,7 : 0.5045"
"7,89 : 0.4162"
"89,7 : 0.4162"
"7,90 : 0.686"
"90,7 : 0.686"
"7,91 : 0.742"
"91,7 : 0.742"
"7,92 : 0.688"
"92,7 : 0.688"
"7,93 : 0.4717"
"93,7 : 0.4717"
"7,94 : 0.4342"
"94,7 : 0.4342"
"7,95 : 0.5664"
"95,7 : 0.5664"
"7,96 : 0.882"
"96,7 : 0.882"
"7,97 : 0.1476"
"97,7 : 0.1476"
"7,98 : 0.6648"
"98,7 : 0.6648"
"7,99 : 0.8406"
"99,7 : 0.8406"
"8,9 : 0.6398"
"9,8 : 0.6398"
"8,10 : 0.8823"
"10,8 : 0.8823"
"8,11 : 0.7269"
"11,8 : 0.7269"
"8,12 : 0.6689"
"12,8 : 0.6689"
"8,13 : 0.164"
"13,8 : 0.164"
"8,14 : 0.1063"
"14,8 : 0.1063"
"8,15 : 0.5148"
"15,8 : 0.5148"
"8,16 : 1.07"
"16,8 : 1.07"
"8,17 : 0.6119"
"17,8 : 0.6119"
"8,18 : 0.4801"
"18,8 : 0.4801"
"8,19 : 0.3401"
"19,8 : 0.3401"
"8,20 : 0.666"
"20,8 : 0.666"
"8,21 : 1.1125"
"21,8 : 1.1125"
"8,22 : 0.522"
"22,8 : 0.522"
"8,23 : 0.968"
"23,8 : 0.968"
"8,24 : 0.3015"
"24,8 : 0.3015"
"8,25 : 0.4966"
"25,8 : 0.4966"
"8,26 : 0.3842"
"26,8 : 0.3842"
"8,27 : 0.4525"
"27,8 : 0.4525"
"8,28 : 0.7903"
"28,8 : 0.7903"
"8,29 : 0.2702"
"29,8 : 0.2702"
"8,30 : 0.4561"
"30,8 : 0.4561"
"8,31 : 0.4754"
"31,8 : 0.4754"
"8,32 : 0.7325"
"32,8 : 0.7325"
"8,33 : 0.4916"
"33,8 : 0.4916"
"8,34 : 0.8904"
"34,8 : 0.8904"
"8,35 : 1.1265"
"35,8 : 1.1265"
"8,36 : 0.3946"
"36,8 : 0.3946"
"8,37 : 0.7185"
"37,8 : 0.7185"
"8,38 : 1.0719"
"38,8 : 1.0719"
"8,39 : 0.7357"
"39,8 : 0.7357"
"8,40 : 0.5201"
"40,8 : 0.5201"
"8,41 : 0.5261"
"41,8 : 0.5261"
"8,42 : 0.8144"
"42,8 : 0.8144"
"8,43 : 0.191"
"43,8 : 0.191"
"8,44 : 0.8509"
"44,8 : 0.8509"
"8,45 : 0.8931"
"45,8 : 0.8931"
"8,46 : 0.6986"
"46,8 : 0.6986"
"8,47 : 0.4"
"47,8 : 0.4"
"8,48 : 0.6413"
"48,8 : 0.6413"
"8,49 : 0.7593"
"49,8 : 0.7593"
"8,50 : 0.114"
"50,8 : 0.114"
"8,51 : 0.8045"
"51,8 : 0.8045"
"8,52 : 0.2879"
"52,8 : 0.2879"
"8,53 : 0.9567"
"53,8 : 0.9567"
"8,54 : 0.4085"
"54,8 : 0.4085"
"8,55 : 0.6601"
"55,8 : 0.6601"
"8,56 : 0.8319"
"56,8 : 0.8319"
"8,57 : 0.7495"
"57,8 : 0.7495"
"8,58 : 0.2062"
"58,8 : 0.2062"
"8,59 : 0.4031"
"59,8 : 0.4031"
"8,60 : 0.914"
"60,8 : 0.914"
"8,61 : 0.7374"
"61,8 : 0.7374"
"8,62 : 0.792"
"62,8 : 0.792"
"8,63 : 1.0045"
"63,8 : 1.0045"
"8,64 : 0.3805"
"64,8 : 0.3805"
"8,65 : 0.1221"
"65,8 : 0.1221"
"8,66 : 0.1526"
"66,8 : 0.1526"
"8,67 : 0.3081"
"67,8 : 0.3081"
"8,68 : 0.3688"
"68,8 : 0.3688"
"8,69 : 0.37"
"69,8 : 0.37"
"8,70 : 0.0825"
"70,8 : 0.0825"
"8,71 : 0.8713"
"71,8 : 0.8713"
"8,72 : 0.758"
"72,8 : 0.758"
"8,73 : 0.5523"
"73,8 : 0.5523"
"8,74 : 0.8149"
"74,8 : 0.8149"
"8,75 : 0.8645"
"75,8 : 0.8645"
"8,76 : 0.1811"
"76,8 : 0.1811"
"8,77 : 0.7889"
"77,8 : 0.7889"
"8,78 : 0.7368"
"78,8 : 0.7368"
"8,79 : 0.4904"
"79,8 : 0.4904"
"8,80 : 0.969"
"80,8 : 0.969"
"8,81 : 0.5701"
"81,8 : 0.5701"
"8,82 : 0.66"
"82,8 : 0.66"
"8,83 : 1.1483"
"83,8 : 1.1483"
"8,84 : 0.3922"
"84,8 : 0.3922"
"8,85 : 0.1503"
"85,8 : 0.1503"
"8,86 : 0.8994"
"86,8 : 0.8994"
"8,87 : 0.5941"
"87,8 : 0.5941"
"8,88 : 0.6648"
"88,8 : 0.6648"
"8,89 : 0.6754"
"89,8 : 0.6754"
"8,90 : 1.0024"
"90,8 : 1.0024"
"8,91 : 1.0387"
"91,8 : 1.0387"
"8,92 : 0.9996"
"92,8 : 0.9996"
"8,93 : 0.7134"
"93,8 : 0.7134"
"8,94 : 0.4632"
"94,8 : 0.4632"
"8,95 : 0.3905"
"95,8 : 0.3905"
"8,96 : 1.0999"
"96,8 : 1.0999"
"8,97 : 0.3068"
"97,8 : 0.3068"
"8,98 : 0.9354"
"98,8 : 0.9354"
"8,99 : 1.0576"
"99,8 : 1.0576"
"9,10 : 0.2778"
"10,9 : 0.2778"
"9,11 : 0.8154"
"11,9 : 0.8154"
"9,12 : 0.0806"
"12,9 : 0.0806"
"9,13 : 0.6943"
"13,9 : 0.6943"
"9,14 : 0.5385"
"14,9 : 0.5385"
"9,15 : 0.4206"
"15,9 : 0.4206"
"9,16 : 0.5842"
"16,9 : 0.5842"
"9,17 : 0.1513"
"17,9 : 0.1513"
"9,18 : 0.2786"
"18,9 : 0.2786"
"9,19 : 0.3538"
"19,9 : 0.3538"
"9,20 : 0.1879"
"20,9 : 0.1879"
"9,21 : 0.6428"
"21,9 : 0.6428"
"9,22 : 0.1442"
"22,9 : 0.1442"
"9,23 : 0.6871"
"23,9 : 0.6871"
"9,24 : 0.5508"
"24,9 : 0.5508"
"9,25 : 0.8102"
"25,9 : 0.8102"
"9,26 : 0.2816"
"26,9 : 0.2816"
"9,27 : 0.2648"
"27,9 : 0.2648"
"9,28 : 0.2236"
"28,9 : 0.2236"
"9,29 : 0.7963"
"29,9 : 0.7963"
"9,30 : 0.2052"
"30,9 : 0.2052"
"9,31 : 0.1664"
"31,9 : 0.1664"
"9,32 : 0.7882"
"32,9 : 0.7882"
"9,33 : 0.247"
"33,9 : 0.247"
"9,34 : 0.2702"
"34,9 : 0.2702"
"9,35 : 0.6538"
"35,9 : 0.6538"
"9,36 : 0.2832"
"36,9 : 0.2832"
"9,37 : 0.6438"
"37,9 : 0.6438"
"9,38 : 0.6507"
"38,9 : 0.6507"
"9,39 : 0.1208"
"39,9 : 0.1208"
"9,40 : 0.2864"
"40,9 : 0.2864"
"9,41 : 0.7058"
"41,9 : 0.7058"
"9,42 : 0.5277"
"42,9 : 0.5277"
"9,43 : 0.4684"
"43,9 : 0.4684"
"9,44 : 0.7925"
"44,9 : 0.7925"
"9,45 : 0.2802"
"45,9 : 0.2802"
"9,46 : 0.5869"
"46,9 : 0.5869"
"9,47 : 0.2617"
"47,9 : 0.2617"
"9,48 : 0.5841"
"48,9 : 0.5841"
"9,49 : 0.8851"
"49,9 : 0.8851"
"9,50 : 0.6745"
"50,9 : 0.6745"
"9,51 : 0.2062"
"51,9 : 0.2062"
"9,52 : 0.48"
"52,9 : 0.48"
"9,53 : 0.3863"
"53,9 : 0.3863"
"9,54 : 0.4438"
"54,9 : 0.4438"
"9,55 : 0.6907"
"55,9 : 0.6907"
"9,56 : 0.7043"
"56,9 : 0.7043"
"9,57 : 0.1803"
"57,9 : 0.1803"
"9,58 : 0.5064"
"58,9 : 0.5064"
"9,59 : 0.3007"
"59,9 : 0.3007"
"9,60 : 0.3176"
"60,9 : 0.3176"
"9,61 : 0.1105"
"61,9 : 0.1105"
"9,62 : 0.1523"
"62,9 : 0.1523"
"9,63 : 0.473"
"63,9 : 0.473"
"9,64 : 0.61"
"64,9 : 0.61"
"9,65 : 0.6719"
"65,9 : 0.6719"
"9,66 : 0.6747"
"66,9 : 0.6747"
"9,67 : 0.7603"
"67,9 : 0.7603"
"9,68 : 0.3015"
"68,9 : 0.3015"
"9,69 : 0.2746"
"69,9 : 0.2746"
"9,70 : 0.5914"
"70,9 : 0.5914"
"9,71 : 0.736"
"71,9 : 0.736"
"9,72 : 0.364"
"72,9 : 0.364"
"9,73 : 0.2524"
"73,9 : 0.2524"
"9,74 : 0.1838"
"74,9 : 0.1838"
"9,75 : 0.2335"
"75,9 : 0.2335"
"9,76 : 0.4717"
"76,9 : 0.4717"
"9,77 : 0.164"
"77,9 : 0.164"
"9,78 : 0.9171"
"78,9 : 0.9171"
"9,79 : 0.2657"
"79,9 : 0.2657"
"9,80 : 0.4176"
"80,9 : 0.4176"
"9,81 : 0.8317"
"81,9 : 0.8317"
"9,82 : 0.6989"
"82,9 : 0.6989"
"9,83 : 0.6918"
"83,9 : 0.6918"
"9,84 : 0.2524"
"84,9 : 0.2524"
"9,85 : 0.5825"
"85,9 : 0.5825"
"9,86 : 0.5412"
"86,9 : 0.5412"
"9,87 : 0.2335"
"87,9 : 0.2335"
"9,88 : 0.2419"
"88,9 : 0.2419"
"9,89 : 0.4264"
"89,9 : 0.4264"
"9,90 : 0.728"
"90,9 : 0.728"
"9,91 : 0.6986"
"91,9 : 0.6986"
"9,92 : 0.7117"
"92,9 : 0.7117"
"9,93 : 0.3996"
"93,9 : 0.3996"
"9,94 : 0.191"
"94,9 : 0.191"
"9,95 : 0.3467"
"95,9 : 0.3467"
"9,96 : 0.5846"
"96,9 : 0.5846"
"9,97 : 0.4804"
"97,9 : 0.4804"
"9,98 : 0.5652"
"98,9 : 0.5652"
"9,99 : 0.5492"
"99,9 : 0.5492"
"10,11 : 0.8465"
"11,10 : 0.8465"
"10,12 : 0.2193"
"12,10 : 0.2193"
"10,13 : 0.9038"
"13,10 : 0.9038"
"10,14 : 0.7767"
"14,10 : 0.7767"
"10,15 : 0.5116"
"15,10 : 0.5116"
"10,16 : 0.3471"
"16,10 : 0.3471"
"10,17 : 0.408"
"17,10 : 0.408"
"10,18 : 0.5546"
"18,10 : 0.5546"
"10,19 : 0.628"
"19,10 : 0.628"
"10,20 : 0.2309"
"20,10 : 0.2309"
"10,21 : 0.4079"
"21,10 : 0.4079"
"10,22 : 0.4219"
"22,10 : 0.4219"
"10,23 : 0.5587"
"23,10 : 0.5587"
"10,24 : 0.7212"
"24,10 : 0.7212"
"10,25 : 0.9319"
"25,10 : 0.9319"
"10,26 : 0.4993"
"26,10 : 0.4993"
"10,27 : 0.4428"
"27,10 : 0.4428"
"10,28 : 0.102"
"28,10 : 0.102"
"10,29 : 0.9902"
"29,10 : 0.9902"
"10,30 : 0.4801"
"30,10 : 0.4801"
"10,31 : 0.4328"
"31,10 : 0.4328"
"10,32 : 0.8104"
"32,10 : 0.8104"
"10,33 : 0.5233"
"33,10 : 0.5233"
"10,34 : 0.0424"
"34,10 : 0.0424"
"10,35 : 0.4159"
"35,10 : 0.4159"
"10,36 : 0.558"
"36,10 : 0.558"
"10,37 : 0.642"
"37,10 : 0.642"
"10,38 : 0.4438"
"38,10 : 0.4438"
"10,39 : 0.1581"
"39,10 : 0.1581"
"10,40 : 0.5571"
"40,10 : 0.5571"
"10,41 : 0.8001"
"41,10 : 0.8001"
"10,42 : 0.4442"
"42,10 : 0.4442"
"10,43 : 0.6964"
"43,10 : 0.6964"
"10,44 : 0.7603"
"44,10 : 0.7603"
"10,45 : 0.0224"
"45,10 : 0.0224"
"10,46 : 0.5852"
"46,10 : 0.5852"
"10,47 : 0.4826"
"47,10 : 0.4826"
"10,48 : 0.6119"
"48,10 : 0.6119"
"10,49 : 0.9192"
"49,10 : 0.9192"
"10,50 : 0.8947"
"50,10 : 0.8947"
"10,51 : 0.0781"
"51,10 : 0.0781"
"10,52 : 0.6648"
"52,10 : 0.6648"
"10,53 : 0.12"
"53,10 : 0.12"
"10,54 : 0.5846"
"54,10 : 0.5846"
"10,55 : 0.7257"
"55,10 : 0.7257"
"10,56 : 0.6576"
"56,10 : 0.6576"
"10,57 : 0.3401"
"57,10 : 0.3401"
"10,58 : 0.7155"
"58,10 : 0.7155"
"10,59 : 0.4919"
"59,10 : 0.4919"
"10,60 : 0.0412"
"60,10 : 0.0412"
"10,61 : 0.2518"
"61,10 : 0.2518"
"10,62 : 0.18"
"62,10 : 0.18"
"10,63 : 0.222"
"63,10 : 0.222"
"10,64 : 0.7513"
"64,10 : 0.7513"
"10,65 : 0.8901"
"65,10 : 0.8901"
"10,66 : 0.8857"
"66,10 : 0.8857"
"10,67 : 0.9368"
"67,10 : 0.9368"
"10,68 : 0.5162"
"68,10 : 0.5162"
"10,69 : 0.5376"
"69,10 : 0.5376"
"10,70 : 0.8215"
"70,10 : 0.8215"
"10,71 : 0.6774"
"71,10 : 0.6774"
"10,72 : 0.2879"
"72,10 : 0.2879"
"10,73 : 0.364"
"73,10 : 0.364"
"10,74 : 0.1105"
"74,10 : 0.1105"
"10,75 : 0.0854"
"75,10 : 0.0854"
"10,76 : 0.7292"
"76,10 : 0.7292"
"10,77 : 0.117"
"77,10 : 0.117"
"10,78 : 0.9688"
"78,10 : 0.9688"
"10,79 : 0.5413"
"79,10 : 0.5413"
"10,80 : 0.1612"
"80,10 : 0.1612"
"10,81 : 0.9302"
"81,10 : 0.9302"
"10,82 : 0.7355"
"82,10 : 0.7355"
"10,83 : 0.4589"
"83,10 : 0.4589"
"10,84 : 0.5166"
"84,10 : 0.5166"
"10,85 : 0.7961"
"85,10 : 0.7961"
"10,86 : 0.4031"
"86,10 : 0.4031"
"10,87 : 0.3202"
"87,10 : 0.3202"
"10,88 : 0.2617"
"88,10 : 0.2617"
"10,89 : 0.4198"
"89,10 : 0.4198"
"10,90 : 0.5946"
"90,10 : 0.5946"
"10,91 : 0.5325"
"91,10 : 0.5325"
"10,92 : 0.5738"
"92,10 : 0.5738"
"10,93 : 0.364"
"93,10 : 0.364"
"10,94 : 0.4201"
"94,10 : 0.4201"
"10,95 : 0.6243"
"95,10 : 0.6243"
"10,96 : 0.3302"
"96,10 : 0.3302"
"10,97 : 0.6579"
"97,10 : 0.6579"
"10,98 : 0.4111"
"98,10 : 0.4111"
"10,99 : 0.3027"
"99,10 : 0.3027"
"11,12 : 0.7654"
"12,11 : 0.7654"
"11,13 : 0.59"
"13,11 : 0.59"
"11,14 : 0.6745"
"14,11 : 0.6745"
"11,15 : 0.3982"
"15,11 : 0.3982"
"11,16 : 0.7612"
"16,11 : 0.7612"
"11,17 : 0.922"
"17,11 : 0.922"
"11,18 : 0.9168"
"18,11 : 0.9168"
"11,19 : 0.8353"
"19,11 : 0.8353"
"11,20 : 0.6621"
"20,11 : 0.6621"
"11,21 : 0.764"
"21,11 : 0.764"
"11,22 : 0.8276"
"22,11 : 0.8276"
"11,23 : 0.4701"
"23,11 : 0.4701"
"11,24 : 0.4397"
"24,11 : 0.4397"
"11,25 : 0.2915"
"25,11 : 0.2915"
"11,26 : 0.6248"
"26,11 : 0.6248"
"11,27 : 0.58"
"27,11 : 0.58"
"11,28 : 0.7558"
"28,11 : 0.7558"
"11,29 : 0.5609"
"29,11 : 0.5609"
"11,30 : 0.8072"
"30,11 : 0.8072"
"11,31 : 0.7637"
"31,11 : 0.7637"
"11,32 : 0.0412"
"32,11 : 0.0412"
"11,33 : 0.9003"
"33,11 : 0.9003"
"11,34 : 0.8832"
"34,11 : 0.8832"
"11,35 : 0.7762"
"35,11 : 0.7762"
"11,36 : 0.822"
"36,11 : 0.822"
"11,37 : 0.2102"
"37,11 : 0.2102"
"11,38 : 0.6801"
"38,11 : 0.6801"
"11,39 : 0.8053"
"39,11 : 0.8053"
"11,40 : 0.9578"
"40,11 : 0.9578"
"11,41 : 0.201"
"41,11 : 0.201"
"11,42 : 0.4405"
"42,11 : 0.4405"
"11,43 : 0.6239"
"43,11 : 0.6239"
"11,44 : 0.191"
"44,11 : 0.191"
"11,45 : 0.8683"
"45,11 : 0.8683"
"11,46 : 0.2631"
"46,11 : 0.2631"
"11,47 : 0.6378"
"47,11 : 0.6378"
"11,48 : 0.2377"
"48,11 : 0.2377"
"11,49 : 0.0728"
"49,11 : 0.0728"
"11,50 : 0.6307"
"50,11 : 0.6307"
"11,51 : 0.8032"
"51,11 : 0.8032"
"11,52 : 0.4924"
"52,11 : 0.4924"
"11,53 : 0.8249"
"53,11 : 0.8249"
"11,54 : 0.422"
"54,11 : 0.422"
"11,55 : 0.1253"
"55,11 : 0.1253"
"11,56 : 0.26"
"56,11 : 0.26"
"11,57 : 0.9957"
"57,11 : 0.9957"
"11,58 : 0.5597"
"58,11 : 0.5597"
"11,59 : 0.5738"
"59,11 : 0.5738"
"11,60 : 0.8472"
"60,11 : 0.8472"
"11,61 : 0.9142"
"61,11 : 0.9142"
"11,62 : 0.908"
"62,11 : 0.908"
"11,63 : 0.7901"
"63,11 : 0.7901"
"11,64 : 0.3493"
"64,11 : 0.3493"
"11,65 : 0.6207"
"65,11 : 0.6207"
"11,66 : 0.5903"
"66,11 : 0.5903"
"11,67 : 0.4768"
"67,11 : 0.4768"
"11,68 : 0.6122"
"68,11 : 0.6122"
"11,69 : 0.75"
"69,11 : 0.75"
"11,70 : 0.6512"
"70,11 : 0.6512"
"11,71 : 0.2778"
"71,11 : 0.2778"
"11,72 : 0.5609"
"72,11 : 0.5609"
"11,73 : 0.563"
"73,11 : 0.563"
"11,74 : 0.8709"
"74,11 : 0.8709"
"11,75 : 0.8981"
"75,11 : 0.8981"
"11,76 : 0.7539"
"76,11 : 0.7539"
"11,77 : 0.8431"
"77,11 : 0.8431"
"11,78 : 0.1315"
"78,11 : 0.1315"
"11,79 : 0.9155"
"79,11 : 0.9155"
"11,80 : 0.8016"
"80,11 : 0.8016"
"11,81 : 0.2195"
"81,11 : 0.2195"
"11,82 : 0.1166"
"82,11 : 0.1166"
"11,83 : 0.7684"
"83,11 : 0.7684"
"11,84 : 0.7543"
"84,11 : 0.7543"
"11,85 : 0.5805"
"85,11 : 0.5805"
"11,86 : 0.5346"
"86,11 : 0.5346"
"11,87 : 0.5867"
"87,11 : 0.5867"
"11,88 : 0.6093"
"88,11 : 0.6093"
"11,89 : 0.4272"
"89,11 : 0.4272"
"11,90 : 0.4789"
"90,11 : 0.4789"
"11,91 : 0.5686"
"91,11 : 0.5686"
"11,92 : 0.4919"
"92,11 : 0.4919"
"11,93 : 0.4827"
"93,11 : 0.4827"
"11,94 : 0.679"
"94,11 : 0.679"
"11,95 : 0.8875"
"95,11 : 0.8875"
"11,96 : 0.8188"
"96,11 : 0.8188"
"11,97 : 0.4742"
"97,11 : 0.4742"
"11,98 : 0.559"
"98,11 : 0.559"
"11,99 : 0.7852"
"99,11 : 0.7852"
"12,13 : 0.7052"
"13,12 : 0.7052"
"12,14 : 0.5644"
"14,12 : 0.5644"
"12,15 : 0.3795"
"15,12 : 0.3795"
"12,16 : 0.5064"
"16,12 : 0.5064"
"12,17 : 0.2319"
"17,12 : 0.2319"
"12,18 : 0.3517"
"18,12 : 0.3517"
"12,19 : 0.4105"
"19,12 : 0.4105"
"12,20 : 0.114"
"20,12 : 0.114"
"12,21 : 0.5644"
"21,12 : 0.5644"
"12,22 : 0.2119"
"22,12 : 0.2119"
"12,23 : 0.6093"
"23,12 : 0.6093"
"12,24 : 0.5423"
"24,12 : 0.5423"
"12,25 : 0.7864"
"25,12 : 0.7864"
"12,26 : 0.2915"
"26,12 : 0.2915"
"12,27 : 0.2518"
"27,12 : 0.2518"
"12,28 : 0.1487"
"28,12 : 0.1487"
"12,29 : 0.8005"
"29,12 : 0.8005"
"12,30 : 0.2642"
"30,12 : 0.2642"
"12,31 : 0.214"
"31,12 : 0.214"
"12,32 : 0.7357"
"32,12 : 0.7357"
"12,33 : 0.3202"
"33,12 : 0.3202"
"12,34 : 0.222"
"34,12 : 0.222"
"12,35 : 0.5756"
"35,12 : 0.5756"
"12,36 : 0.3413"
"36,12 : 0.3413"
"12,37 : 0.5841"
"37,12 : 0.5841"
"12,38 : 0.5704"
"38,12 : 0.5704"
"12,39 : 0.0671"
"39,12 : 0.0671"
"12,40 : 0.3635"
"40,12 : 0.3635"
"12,41 : 0.6719"
"41,12 : 0.6719"
"12,42 : 0.4528"
"42,12 : 0.4528"
"12,43 : 0.4875"
"43,12 : 0.4875"
"12,44 : 0.7286"
"44,12 : 0.7286"
"12,45 : 0.2267"
"45,12 : 0.2267"
"12,46 : 0.5263"
"46,12 : 0.5263"
"12,47 : 0.2731"
"47,12 : 0.2731"
"12,48 : 0.53"
"48,12 : 0.53"
"12,49 : 0.8365"
"49,12 : 0.8365"
"12,50 : 0.6908"
"50,12 : 0.6908"
"12,51 : 0.1421"
"51,12 : 0.1421"
"12,52 : 0.4768"
"52,12 : 0.4768"
"12,53 : 0.3176"
"53,12 : 0.3176"
"12,54 : 0.4211"
"54,12 : 0.4211"
"12,55 : 0.6401"
"55,12 : 0.6401"
"12,56 : 0.637"
"56,12 : 0.637"
"12,57 : 0.2408"
"57,12 : 0.2408"
"12,58 : 0.5155"
"58,12 : 0.5155"
"12,59 : 0.2961"
"59,12 : 0.2961"
"12,60 : 0.2561"
"60,12 : 0.2561"
"12,61 : 0.15"
"61,12 : 0.15"
"12,62 : 0.1513"
"62,12 : 0.1513"
"12,63 : 0.3985"
"63,12 : 0.3985"
"12,64 : 0.5908"
"64,12 : 0.5908"
"12,65 : 0.6871"
"65,12 : 0.6871"
"12,66 : 0.6862"
"66,12 : 0.6862"
"12,67 : 0.7566"
"67,12 : 0.7566"
"12,68 : 0.3102"
"68,12 : 0.3102"
"12,69 : 0.3183"
"69,12 : 0.3183"
"12,70 : 0.6127"
"70,12 : 0.6127"
"12,71 : 0.6671"
"71,12 : 0.6671"
"12,72 : 0.2864"
"72,12 : 0.2864"
"12,73 : 0.2088"
"73,12 : 0.2088"
"12,74 : 0.1487"
"74,12 : 0.1487"
"12,75 : 0.197"
"75,12 : 0.197"
"12,76 : 0.5109"
"76,12 : 0.5109"
"12,77 : 0.1208"
"77,12 : 0.1208"
"12,78 : 0.8732"
"78,12 : 0.8732"
"12,79 : 0.3396"
"79,12 : 0.3396"
"12,80 : 0.3454"
"80,12 : 0.3454"
"12,81 : 0.8005"
"81,12 : 0.8005"
"12,82 : 0.6488"
"82,12 : 0.6488"
"12,83 : 0.6129"
"83,12 : 0.6129"
"12,84 : 0.2973"
"84,12 : 0.2973"
"12,85 : 0.5946"
"85,12 : 0.5946"
"12,86 : 0.4617"
"86,12 : 0.4617"
"12,87 : 0.1789"
"87,12 : 0.1789"
"12,88 : 0.1703"
"88,12 : 0.1703"
"12,89 : 0.3607"
"89,12 : 0.3607"
"12,90 : 0.65"
"90,12 : 0.65"
"12,91 : 0.6185"
"91,12 : 0.6185"
"12,92 : 0.6332"
"92,12 : 0.6332"
"12,93 : 0.328"
"93,12 : 0.328"
"12,94 : 0.2059"
"94,12 : 0.2059"
"12,95 : 0.4115"
"95,12 : 0.4115"
"12,96 : 0.5096"
"96,12 : 0.5096"
"12,97 : 0.4738"
"97,12 : 0.4738"
"12,98 : 0.4851"
"98,12 : 0.4851"
"12,99 : 0.473"
"99,12 : 0.473"
"13,14 : 0.1897"
"14,13 : 0.1897"
"13,15 : 0.4601"
"15,13 : 0.4601"
"13,16 : 1.0397"
"16,13 : 1.0397"
"13,17 : 0.7001"
"17,13 : 0.7001"
"13,18 : 0.5923"
"18,13 : 0.5923"
"13,19 : 0.4561"
"19,13 : 0.4561"
"13,20 : 0.6754"
"20,13 : 0.6754"
"13,21 : 1.0752"
"21,13 : 1.0752"
"13,22 : 0.6003"
"22,13 : 0.6003"
"13,23 : 0.8907"
