x,y
0.53,0.25
0.28,0.54
0.19,0.7
0.4,0.4
0.98,0.12
0.23,0.93
0.17,0.78
0.63,0.54
0.1,0.99
0.0,0.13
0.95,0.47
0.91,0.22
0.62,0.12
0.12,0.31
0.42,0.09
0.58,0.25
0.83,0.21
0.56,0.12
0.44,0.15
0.54,0.02
0.65,0.36
0.49,0.9
0.24,0.09
0.78,0.06
0.18,0.07
0.28,0.22
0.23,0.48
0.64,0.13
0.32,0.33
0.73,0.03
0.11,0.54
0.7,0.44
0.98,0.07
0.64,0.56
0.61,0.14
0.87,0.4
0.67,0.11
0.1,0.34
0.67,0.44
0.59,0.72
0.43,0.96
0.69,0.61
0.96,0.58
0.59,0.46
0.06,0.5
0.19,0.27
0.91,0.18
0.85,0.67
0.7,0.25
0.65,0.73
0.89,0.92
0.42,0.57
0.43,0.99
0.27,0.72
0.89,0.14
0.51,0.57
0.87,0.58
0.53,0.62
0.84,0.32
0.6,0.42
0.25,0.61
0.31,0.67
0.17,0.24
0.63,0.1
0.59,0.23
0.94,0.23
0.32,0.32
0.2,0.64
0.49,0.67
0.72,0.26
0.64,0.6
0.23,0.77
0.75,0.37
0.14,0.1
0.81,0.11
0.22,0.62
0.75,0.78
0.37,0.92
0.71,0.67
0.77,0.49
0.96,0.97
0.49,0.37
0.3,0.49
0.6,0.36
0.21,0.21
0.86,0.63
0.98,0.27
0.69,0.44
0.63,0.94
0.43,0.64
0.08,0.13
0.69,0.17
0.97,0.35
0.66,0.8
0.07,0.5
0.18,0.28
0.96,0.39
0.17,0.84
0.9,0.53
0.23,0.8

Distanze
"0,1 : 0.3829"
"1,0 : 0.3829"
"0,2 : 0.564"
"2,0 : 0.564"
"0,3 : 0.1985"
"3,0 : 0.1985"
"0,4 : 0.4684"
"4,0 : 0.4684"
"0,5 : 0.7432"
"5,0 : 0.7432"
"0,6 : 0.6407"
"6,0 : 0.6407"
"0,7 : 0.3068"
"7,0 : 0.3068"
"0,8 : 0.8559"
"8,0 : 0.8559"
"0,9 : 0.5434"
"9,0 : 0.5434"
"0,10 : 0.4741"
"10,0 : 0.4741"
"0,11 : 0.3812"
"11,0 : 0.3812"
"0,12 : 0.1581"
"12,0 : 0.1581"
"0,13 : 0.4144"
"13,0 : 0.4144"
"0,14 : 0.1942"
"14,0 : 0.1942"
"0,15 : 0.05"
"15,0 : 0.05"
"0,16 : 0.3027"
"16,0 : 0.3027"
"0,17 : 0.1334"
"17,0 : 0.1334"
"0,18 : 0.1345"
"18,0 : 0.1345"
"0,19 : 0.2302"
"19,0 : 0.2302"
"0,20 : 0.1628"
"20,0 : 0.1628"
"0,21 : 0.6512"
"21,0 : 0.6512"
"0,22 : 0.3312"
"22,0 : 0.3312"
"0,23 : 0.314"
"23,0 : 0.314"
"0,24 : 0.3936"
"24,0 : 0.3936"
"0,25 : 0.2518"
"25,0 : 0.2518"
"0,26 : 0.378"
"26,0 : 0.378"
"0,27 : 0.1628"
"27,0 : 0.1628"
"0,28 : 0.2247"
"28,0 : 0.2247"
"0,29 : 0.2973"
"29,0 : 0.2973"
"0,30 : 0.5104"
"30,0 : 0.5104"
"0,31 : 0.255"
"31,0 : 0.255"
"0,32 : 0.4847"
"32,0 : 0.4847"
"0,33 : 0.3289"
"33,0 : 0.3289"
"0,34 : 0.136"
"34,0 : 0.136"
"0,35 : 0.3716"
"35,0 : 0.3716"
"0,36 : 0.198"
"36,0 : 0.198"
"0,37 : 0.4393"
"37,0 : 0.4393"
"0,38 : 0.236"
"38,0 : 0.236"
"0,39 : 0.4738"
"39,0 : 0.4738"
"0,40 : 0.717"
"40,0 : 0.717"
"0,41 : 0.394"
"41,0 : 0.394"
"0,42 : 0.542"
"42,0 : 0.542"
"0,43 : 0.2184"
"43,0 : 0.2184"
"0,44 : 0.5324"
"44,0 : 0.5324"
"0,45 : 0.3406"
"45,0 : 0.3406"
"0,46 : 0.3864"
"46,0 : 0.3864"
"0,47 : 0.528"
"47,0 : 0.528"
"0,48 : 0.17"
"48,0 : 0.17"
"0,49 : 0.4948"
"49,0 : 0.4948"
"0,50 : 0.7606"
"50,0 : 0.7606"
"0,51 : 0.3384"
"51,0 : 0.3384"
"0,52 : 0.7467"
"52,0 : 0.7467"
"0,53 : 0.5371"
"53,0 : 0.5371"
"0,54 : 0.3764"
"54,0 : 0.3764"
"0,55 : 0.3206"
"55,0 : 0.3206"
"0,56 : 0.4738"
"56,0 : 0.4738"
"0,57 : 0.37"
"57,0 : 0.37"
"0,58 : 0.3178"
"58,0 : 0.3178"
"0,59 : 0.1838"
"59,0 : 0.1838"
"0,60 : 0.4561"
"60,0 : 0.4561"
"0,61 : 0.4741"
"61,0 : 0.4741"
"0,62 : 0.3601"
"62,0 : 0.3601"
"0,63 : 0.1803"
"63,0 : 0.1803"
"0,64 : 0.0632"
"64,0 : 0.0632"
"0,65 : 0.4105"
"65,0 : 0.4105"
"0,66 : 0.2214"
"66,0 : 0.2214"
"0,67 : 0.5109"
"67,0 : 0.5109"
"0,68 : 0.4219"
"68,0 : 0.4219"
"0,69 : 0.1903"
"69,0 : 0.1903"
"0,70 : 0.3669"
"70,0 : 0.3669"
"0,71 : 0.6003"
"71,0 : 0.6003"
"0,72 : 0.2506"
"72,0 : 0.2506"
"0,73 : 0.4179"
"73,0 : 0.4179"
"0,74 : 0.313"
"74,0 : 0.313"
"0,75 : 0.4827"
"75,0 : 0.4827"
"0,76 : 0.5738"
"76,0 : 0.5738"
"0,77 : 0.6888"
"77,0 : 0.6888"
"0,78 : 0.4569"
"78,0 : 0.4569"
"0,79 : 0.3394"
"79,0 : 0.3394"
"0,80 : 0.8386"
"80,0 : 0.8386"
"0,81 : 0.1265"
"81,0 : 0.1265"
"0,82 : 0.3324"
"82,0 : 0.3324"
"0,83 : 0.1304"
"83,0 : 0.1304"
"0,84 : 0.3225"
"84,0 : 0.3225"
"0,85 : 0.5033"
"85,0 : 0.5033"
"0,86 : 0.4504"
"86,0 : 0.4504"
"0,87 : 0.2484"
"87,0 : 0.2484"
"0,88 : 0.6972"
"88,0 : 0.6972"
"0,89 : 0.4026"
"89,0 : 0.4026"
"0,90 : 0.4657"
"90,0 : 0.4657"
"0,91 : 0.1789"
"91,0 : 0.1789"
"0,92 : 0.4512"
"92,0 : 0.4512"
"0,93 : 0.5652"
"93,0 : 0.5652"
"0,94 : 0.5235"
"94,0 : 0.5235"
"0,95 : 0.3513"
"95,0 : 0.3513"
"0,96 : 0.4522"
"96,0 : 0.4522"
"0,97 : 0.6912"
"97,0 : 0.6912"
"0,98 : 0.464"
"98,0 : 0.464"
"0,99 : 0.6265"
"99,0 : 0.6265"
"1,2 : 0.1836"
"2,1 : 0.1836"
"1,3 : 0.1844"
"3,1 : 0.1844"
"1,4 : 0.8163"
"4,1 : 0.8163"
"1,5 : 0.3932"
"5,1 : 0.3932"
"1,6 : 0.264"
"6,1 : 0.264"
"1,7 : 0.35"
"7,1 : 0.35"
"1,8 : 0.4847"
"8,1 : 0.4847"
"1,9 : 0.4965"
"9,1 : 0.4965"
"1,10 : 0.6736"
"10,1 : 0.6736"
"1,11 : 0.7066"
"11,1 : 0.7066"
"1,12 : 0.5404"
"12,1 : 0.5404"
"1,13 : 0.2802"
"13,1 : 0.2802"
"1,14 : 0.4713"
"14,1 : 0.4713"
"1,15 : 0.4173"
"15,1 : 0.4173"
"1,16 : 0.6414"
"16,1 : 0.6414"
"1,17 : 0.5048"
"17,1 : 0.5048"
"1,18 : 0.4215"
"18,1 : 0.4215"
"1,19 : 0.5814"
"19,1 : 0.5814"
"1,20 : 0.4115"
"20,1 : 0.4115"
"1,21 : 0.4168"
"21,1 : 0.4168"
"1,22 : 0.4518"
"22,1 : 0.4518"
"1,23 : 0.6931"
"23,1 : 0.6931"
"1,24 : 0.4805"
"24,1 : 0.4805"
"1,25 : 0.32"
"25,1 : 0.32"
"1,26 : 0.0781"
"26,1 : 0.0781"
"1,27 : 0.5456"
"27,1 : 0.5456"
"1,28 : 0.2138"
"28,1 : 0.2138"
"1,29 : 0.6801"
"29,1 : 0.6801"
"1,30 : 0.17"
"30,1 : 0.17"
"1,31 : 0.4317"
"31,1 : 0.4317"
"1,32 : 0.8431"
"32,1 : 0.8431"
"1,33 : 0.3606"
"33,1 : 0.3606"
"1,34 : 0.5186"
"34,1 : 0.5186"
"1,35 : 0.6064"
"35,1 : 0.6064"
"1,36 : 0.5805"
"36,1 : 0.5805"
"1,37 : 0.2691"
"37,1 : 0.2691"
"1,38 : 0.4026"
"38,1 : 0.4026"
"1,39 : 0.3585"
"39,1 : 0.3585"
"1,40 : 0.446"
"40,1 : 0.446"
"1,41 : 0.4159"
"41,1 : 0.4159"
"1,42 : 0.6812"
"42,1 : 0.6812"
"1,43 : 0.3202"
"43,1 : 0.3202"
"1,44 : 0.2236"
"44,1 : 0.2236"
"1,45 : 0.2846"
"45,1 : 0.2846"
"1,46 : 0.7256"
"46,1 : 0.7256"
"1,47 : 0.5846"
"47,1 : 0.5846"
"1,48 : 0.5104"
"48,1 : 0.5104"
"1,49 : 0.4159"
"49,1 : 0.4159"
"1,50 : 0.7187"
"50,1 : 0.7187"
"1,51 : 0.1432"
"51,1 : 0.1432"
"1,52 : 0.4743"
"52,1 : 0.4743"
"1,53 : 0.1803"
"53,1 : 0.1803"
"1,54 : 0.7295"
"54,1 : 0.7295"
"1,55 : 0.2319"
"55,1 : 0.2319"
"1,56 : 0.5914"
"56,1 : 0.5914"
"1,57 : 0.2625"
"57,1 : 0.2625"
"1,58 : 0.6017"
"58,1 : 0.6017"
"1,59 : 0.3418"
"59,1 : 0.3418"
"1,60 : 0.0762"
"60,1 : 0.0762"
"1,61 : 0.1334"
"61,1 : 0.1334"
"1,62 : 0.3195"
"62,1 : 0.3195"
"1,63 : 0.5622"
"63,1 : 0.5622"
"1,64 : 0.4384"
"64,1 : 0.4384"
"1,65 : 0.7292"
"65,1 : 0.7292"
"1,66 : 0.2236"
"66,1 : 0.2236"
"1,67 : 0.1281"
"67,1 : 0.1281"
"1,68 : 0.247"
"68,1 : 0.247"
"1,69 : 0.5215"
"69,1 : 0.5215"
"1,70 : 0.365"
"70,1 : 0.365"
"1,71 : 0.2354"
"71,1 : 0.2354"
"1,72 : 0.4998"
"72,1 : 0.4998"
"1,73 : 0.4617"
"73,1 : 0.4617"
"1,74 : 0.6825"
"74,1 : 0.6825"
"1,75 : 0.1"
"75,1 : 0.1"
"1,76 : 0.5277"
"76,1 : 0.5277"
"1,77 : 0.3905"
"77,1 : 0.3905"
"1,78 : 0.4492"
"78,1 : 0.4492"
"1,79 : 0.4925"
"79,1 : 0.4925"
"1,80 : 0.8045"
"80,1 : 0.8045"
"1,81 : 0.2702"
"81,1 : 0.2702"
"1,82 : 0.0539"
"82,1 : 0.0539"
"1,83 : 0.3672"
"83,1 : 0.3672"
"1,84 : 0.3373"
"84,1 : 0.3373"
"1,85 : 0.5869"
"85,1 : 0.5869"
"1,86 : 0.7503"
"86,1 : 0.7503"
"1,87 : 0.422"
"87,1 : 0.422"
"1,88 : 0.5315"
"88,1 : 0.5315"
"1,89 : 0.1803"
"89,1 : 0.1803"
"1,90 : 0.4562"
"90,1 : 0.4562"
"1,91 : 0.5523"
"91,1 : 0.5523"
"1,92 : 0.7157"
"92,1 : 0.7157"
"1,93 : 0.4604"
"93,1 : 0.4604"
"1,94 : 0.2138"
"94,1 : 0.2138"
"1,95 : 0.2786"
"95,1 : 0.2786"
"1,96 : 0.6963"
"96,1 : 0.6963"
"1,97 : 0.3195"
"97,1 : 0.3195"
"1,98 : 0.6201"
"98,1 : 0.6201"
"1,99 : 0.2648"
"99,1 : 0.2648"
"2,3 : 0.3662"
"3,2 : 0.3662"
"2,4 : 0.9801"
"4,2 : 0.9801"
"2,5 : 0.2335"
"5,2 : 0.2335"
"2,6 : 0.0825"
"6,2 : 0.0825"
"2,7 : 0.4682"
"7,2 : 0.4682"
"2,8 : 0.3036"
"8,2 : 0.3036"
"2,9 : 0.6008"
"9,2 : 0.6008"
"2,10 : 0.794"
"10,2 : 0.794"
"2,11 : 0.8653"
"11,2 : 0.8653"
"2,12 : 0.722"
"12,2 : 0.722"
"2,13 : 0.3962"
"13,2 : 0.3962"
"2,14 : 0.6519"
"14,2 : 0.6519"
"2,15 : 0.5955"
"15,2 : 0.5955"
"2,16 : 0.806"
"16,2 : 0.806"
"2,17 : 0.688"
"17,2 : 0.688"
"2,18 : 0.6042"
"18,2 : 0.6042"
"2,19 : 0.7648"
"19,2 : 0.7648"
"2,20 : 0.572"
"20,2 : 0.572"
"2,21 : 0.3606"
"21,2 : 0.3606"
"2,22 : 0.612"
"22,2 : 0.612"
"2,23 : 0.8705"
"23,2 : 0.8705"
"2,24 : 0.6301"
"24,2 : 0.6301"
"2,25 : 0.4884"
"25,2 : 0.4884"
"2,26 : 0.2236"
"26,2 : 0.2236"
"2,27 : 0.7262"
"27,2 : 0.7262"
"2,28 : 0.3922"
"28,2 : 0.3922"
"2,29 : 0.8605"
"29,2 : 0.8605"
"2,30 : 0.1789"
"30,2 : 0.1789"
"2,31 : 0.5725"
"31,2 : 0.5725"
"2,32 : 1.0104"
"32,2 : 1.0104"
"2,33 : 0.4713"
"33,2 : 0.4713"
"2,34 : 0.7"
"34,2 : 0.7"
"2,35 : 0.7432"
"35,2 : 0.7432"
"2,36 : 0.7606"
"36,2 : 0.7606"
"2,37 : 0.3711"
"37,2 : 0.3711"
"2,38 : 0.5459"
"38,2 : 0.5459"
"2,39 : 0.4005"
"39,2 : 0.4005"
"2,40 : 0.3538"
"40,2 : 0.3538"
"2,41 : 0.508"
"41,2 : 0.508"
"2,42 : 0.7793"
"42,2 : 0.7793"
"2,43 : 0.4665"
"43,2 : 0.4665"
"2,44 : 0.2385"
"44,2 : 0.2385"
"2,45 : 0.43"
"45,2 : 0.43"
"2,46 : 0.8881"
"46,2 : 0.8881"
"2,47 : 0.6607"
"47,2 : 0.6607"
"2,48 : 0.6801"
"48,2 : 0.6801"
"2,49 : 0.461"
"49,2 : 0.461"
"2,50 : 0.7338"
"50,2 : 0.7338"
"2,51 : 0.2642"
"51,2 : 0.2642"
"2,52 : 0.3764"
"52,2 : 0.3764"
"2,53 : 0.0825"
"53,2 : 0.0825"
"2,54 : 0.8964"
"54,2 : 0.8964"
"2,55 : 0.3454"
"55,2 : 0.3454"
"2,56 : 0.6905"
"56,2 : 0.6905"
"2,57 : 0.3493"
"57,2 : 0.3493"
"2,58 : 0.7529"
"58,2 : 0.7529"
"2,59 : 0.4965"
"59,2 : 0.4965"
"2,60 : 0.1082"
"60,2 : 0.1082"
"2,61 : 0.1237"
"61,2 : 0.1237"
"2,62 : 0.4604"
"62,2 : 0.4604"
"2,63 : 0.744"
"63,2 : 0.744"
"2,64 : 0.6172"
"64,2 : 0.6172"
"2,65 : 0.8851"
"65,2 : 0.8851"
"2,66 : 0.4016"
"66,2 : 0.4016"
"2,67 : 0.0608"
"67,2 : 0.0608"
"2,68 : 0.3015"
"68,2 : 0.3015"
"2,69 : 0.6888"
"69,2 : 0.6888"
"2,70 : 0.461"
"70,2 : 0.461"
"2,71 : 0.0806"
"71,2 : 0.0806"
"2,72 : 0.65"
"72,2 : 0.65"
"2,73 : 0.6021"
"73,2 : 0.6021"
"2,74 : 0.8559"
"74,2 : 0.8559"
"2,75 : 0.0854"
"75,2 : 0.0854"
"2,76 : 0.5657"
"76,2 : 0.5657"
"2,77 : 0.2843"
"77,2 : 0.2843"
"2,78 : 0.5209"
"78,2 : 0.5209"
"2,79 : 0.6168"
"79,2 : 0.6168"
"2,80 : 0.816"
"80,2 : 0.816"
"2,81 : 0.446"
"81,2 : 0.446"
"2,82 : 0.2371"
"82,2 : 0.2371"
"2,83 : 0.5326"
"83,2 : 0.5326"
"2,84 : 0.4904"
"84,2 : 0.4904"
"2,85 : 0.6736"
"85,2 : 0.6736"
"2,86 : 0.8994"
"86,2 : 0.8994"
"2,87 : 0.5636"
"87,2 : 0.5636"
"2,88 : 0.5012"
"88,2 : 0.5012"
"2,89 : 0.2474"
"89,2 : 0.2474"
"2,90 : 0.5805"
"90,2 : 0.5805"
"2,91 : 0.7286"
"91,2 : 0.7286"
"2,92 : 0.8549"
"92,2 : 0.8549"
"2,93 : 0.4805"
"93,2 : 0.4805"
"2,94 : 0.2332"
"94,2 : 0.2332"
"2,95 : 0.4201"
"95,2 : 0.4201"
"2,96 : 0.8301"
"96,2 : 0.8301"
"2,97 : 0.1414"
"97,2 : 0.1414"
"2,98 : 0.7301"
"98,2 : 0.7301"
"2,99 : 0.1077"
"99,2 : 0.1077"
"3,4 : 0.644"
"4,3 : 0.644"
"3,5 : 0.5566"
"5,3 : 0.5566"
"3,6 : 0.4442"
"6,3 : 0.4442"
"3,7 : 0.2693"
"7,3 : 0.2693"
"3,8 : 0.6619"
"8,3 : 0.6619"
"3,9 : 0.4826"
"9,3 : 0.4826"
"3,10 : 0.5544"
"10,3 : 0.5544"
"3,11 : 0.5408"
"11,3 : 0.5408"
"3,12 : 0.3561"
"12,3 : 0.3561"
"3,13 : 0.2941"
"13,3 : 0.2941"
"3,14 : 0.3106"
"14,3 : 0.3106"
"3,15 : 0.2343"
"15,3 : 0.2343"
"3,16 : 0.4701"
"16,3 : 0.4701"
"3,17 : 0.3225"
"17,3 : 0.3225"
"3,18 : 0.2532"
"18,3 : 0.2532"
"3,19 : 0.405"
"19,3 : 0.405"
"3,20 : 0.2532"
"20,3 : 0.2532"
"3,21 : 0.508"
"21,3 : 0.508"
"3,22 : 0.3489"
"22,3 : 0.3489"
"3,23 : 0.5099"
"23,3 : 0.5099"
"3,24 : 0.3966"
"24,3 : 0.3966"
"3,25 : 0.2163"
"25,3 : 0.2163"
"3,26 : 0.1879"
"26,3 : 0.1879"
"3,27 : 0.3612"
"27,3 : 0.3612"
"3,28 : 0.1063"
"28,3 : 0.1063"
"3,29 : 0.4958"
"29,3 : 0.4958"
"3,30 : 0.322"
"30,3 : 0.322"
"3,31 : 0.3027"
"31,3 : 0.3027"
"3,32 : 0.6673"
"32,3 : 0.6673"
"3,33 : 0.2884"
"33,3 : 0.2884"
"3,34 : 0.3342"
"34,3 : 0.3342"
"3,35 : 0.47"
"35,3 : 0.47"
"3,36 : 0.3962"
"36,3 : 0.3962"
"3,37 : 0.3059"
"37,3 : 0.3059"
"3,38 : 0.2729"
"38,3 : 0.2729"
"3,39 : 0.3722"
"39,3 : 0.3722"
"3,40 : 0.5608"
"40,3 : 0.5608"
"3,41 : 0.3581"
"41,3 : 0.3581"
"3,42 : 0.5882"
"42,3 : 0.5882"
"3,43 : 0.1992"
"43,3 : 0.1992"
"3,44 : 0.3544"
"44,3 : 0.3544"
"3,45 : 0.247"
"45,3 : 0.247"
"3,46 : 0.5554"
"46,3 : 0.5554"
"3,47 : 0.5248"
"47,3 : 0.5248"
"3,48 : 0.3354"
"48,3 : 0.3354"
"3,49 : 0.414"
"49,3 : 0.414"
"3,50 : 0.7145"
"50,3 : 0.7145"
"3,51 : 0.1712"
"51,3 : 0.1712"
"3,52 : 0.5908"
"52,3 : 0.5908"
"3,53 : 0.3454"
"53,3 : 0.3454"
"3,54 : 0.5547"
"54,3 : 0.5547"
"3,55 : 0.2025"
"55,3 : 0.2025"
"3,56 : 0.5033"
"56,3 : 0.5033"
"3,57 : 0.2555"
"57,3 : 0.2555"
"3,58 : 0.4472"
"58,3 : 0.4472"
"3,59 : 0.201"
"59,3 : 0.201"
"3,60 : 0.2581"
"60,3 : 0.2581"
"3,61 : 0.2846"
"61,3 : 0.2846"
"3,62 : 0.2802"
"62,3 : 0.2802"
"3,63 : 0.378"
"63,3 : 0.378"
"3,64 : 0.255"
"64,3 : 0.255"
"3,65 : 0.5661"
"65,3 : 0.5661"
"3,66 : 0.1131"
"66,3 : 0.1131"
"3,67 : 0.3124"
"67,3 : 0.3124"
"3,68 : 0.2846"
"68,3 : 0.2846"
"3,69 : 0.3493"
"69,3 : 0.3493"
"3,70 : 0.3124"
"70,3 : 0.3124"
"3,71 : 0.4072"
"71,3 : 0.4072"
"3,72 : 0.3513"
"72,3 : 0.3513"
"3,73 : 0.397"
"73,3 : 0.397"
"3,74 : 0.5022"
"74,3 : 0.5022"
"3,75 : 0.2843"
"75,3 : 0.2843"
"3,76 : 0.5166"
"76,3 : 0.5166"
"3,77 : 0.5209"
"77,3 : 0.5209"
"3,78 : 0.4111"
"78,3 : 0.4111"
"3,79 : 0.3808"
"79,3 : 0.3808"
"3,80 : 0.7991"
"80,3 : 0.7991"
"3,81 : 0.0949"
"81,3 : 0.0949"
"3,82 : 0.1345"
"82,3 : 0.1345"
"3,83 : 0.204"
"83,3 : 0.204"
"3,84 : 0.2687"
"84,3 : 0.2687"
"3,85 : 0.5143"
"85,3 : 0.5143"
"3,86 : 0.5944"
"86,3 : 0.5944"
"3,87 : 0.2927"
"87,3 : 0.2927"
"3,88 : 0.5869"
"88,3 : 0.5869"
"3,89 : 0.2419"
"89,3 : 0.2419"
"3,90 : 0.4187"
"90,3 : 0.4187"
"3,91 : 0.3701"
"91,3 : 0.3701"
"3,92 : 0.5722"
"92,3 : 0.5722"
"3,93 : 0.4771"
"93,3 : 0.4771"
"3,94 : 0.3448"
"94,3 : 0.3448"
"3,95 : 0.2506"
"95,3 : 0.2506"
"3,96 : 0.5601"
"96,3 : 0.5601"
"3,97 : 0.4965"
"97,3 : 0.4965"
"3,98 : 0.5166"
"98,3 : 0.5166"
"3,99 : 0.4346"
"99,3 : 0.4346"
"4,5 : 1.1039"
"5,4 : 1.1039"
"4,6 : 1.0448"
"6,4 : 1.0448"
"4,7 : 0.5467"
"7,4 : 0.5467"
"4,8 : 1.2375"
"8,4 : 1.2375"
"4,9 : 0.9801"
"9,4 : 0.9801"
"4,10 : 0.3513"
"10,4 : 0.3513"
"4,11 : 0.1221"
"11,4 : 0.1221"
"4,12 : 0.36"
"12,4 : 0.36"
"4,13 : 0.8807"
"13,4 : 0.8807"
"4,14 : 0.5608"
"14,4 : 0.5608"
"4,15 : 0.4206"
"15,4 : 0.4206"
"4,16 : 0.1749"
"16,4 : 0.1749"
"4,17 : 0.42"
"17,4 : 0.42"
"4,18 : 0.5408"
"18,4 : 0.5408"
"4,19 : 0.4512"
"19,4 : 0.4512"
"4,20 : 0.408"
"20,4 : 0.408"
"4,21 : 0.9211"
"21,4 : 0.9211"
"4,22 : 0.7406"
"22,4 : 0.7406"
"4,23 : 0.2088"
"23,4 : 0.2088"
"4,24 : 0.8016"
"24,4 : 0.8016"
"4,25 : 0.7071"
"25,4 : 0.7071"
"4,26 : 0.8319"
"26,4 : 0.8319"
"4,27 : 0.3401"
"27,4 : 0.3401"
"4,28 : 0.6926"
"28,4 : 0.6926"
"4,29 : 0.2657"
"29,4 : 0.2657"
"4,30 : 0.9661"
"30,4 : 0.9661"
"4,31 : 0.4252"
"31,4 : 0.4252"
"4,32 : 0.05"
"32,4 : 0.05"
"4,33 : 0.5561"
"33,4 : 0.5561"
"4,34 : 0.3705"
"34,4 : 0.3705"
"4,35 : 0.3008"
"35,4 : 0.3008"
"4,36 : 0.3102"
"36,4 : 0.3102"
"4,37 : 0.9071"
"37,4 : 0.9071"
"4,38 : 0.4455"
"38,4 : 0.4455"
"4,39 : 0.7156"
"39,4 : 0.7156"
"4,40 : 1.004"
"40,4 : 1.004"
"4,41 : 0.5694"
"41,4 : 0.5694"
"4,42 : 0.4604"
"42,4 : 0.4604"
"4,43 : 0.5174"
"43,4 : 0.5174"
"4,44 : 0.9954"
"44,4 : 0.9954"
"4,45 : 0.8041"
"45,4 : 0.8041"
"4,46 : 0.0922"
"46,4 : 0.0922"
"4,47 : 0.5652"
"47,4 : 0.5652"
"4,48 : 0.3087"
"48,4 : 0.3087"
"4,49 : 0.6935"
"49,4 : 0.6935"
"4,50 : 0.805"
"50,4 : 0.805"
"4,51 : 0.7184"
"51,4 : 0.7184"
"4,52 : 1.0293"
"52,4 : 1.0293"
"4,53 : 0.9296"
"53,4 : 0.9296"
"4,54 : 0.0922"
"54,4 : 0.0922"
"4,55 : 0.6507"
"55,4 : 0.6507"
"4,56 : 0.473"
"56,4 : 0.473"
"4,57 : 0.6727"
"57,4 : 0.6727"
"4,58 : 0.2441"
"58,4 : 0.2441"
"4,59 : 0.4841"
"59,4 : 0.4841"
"4,60 : 0.8792"
"60,4 : 0.8792"
"4,61 : 0.8668"
"61,4 : 0.8668"
"4,62 : 0.8188"
"62,4 : 0.8188"
"4,63 : 0.3506"
"63,4 : 0.3506"
"4,64 : 0.4052"
"64,4 : 0.4052"
"4,65 : 0.117"
"65,4 : 0.117"
"4,66 : 0.6896"
"66,4 : 0.6896"
"4,67 : 0.9374"
"67,4 : 0.9374"
"4,68 : 0.7366"
"68,4 : 0.7366"
"4,69 : 0.2953"
"69,4 : 0.2953"
"4,70 : 0.5882"
"70,4 : 0.5882"
"4,71 : 0.9925"
"71,4 : 0.9925"
"4,72 : 0.3397"
"72,4 : 0.3397"
"4,73 : 0.8402"
"73,4 : 0.8402"
"4,74 : 0.1703"
"74,4 : 0.1703"
"4,75 : 0.9097"
"75,4 : 0.9097"
"4,76 : 0.6989"
"76,4 : 0.6989"
"4,77 : 1.006"
"77,4 : 1.006"
"4,78 : 0.6127"
"78,4 : 0.6127"
"4,79 : 0.4254"
"79,4 : 0.4254"
"4,80 : 0.8502"
"80,4 : 0.8502"
"4,81 : 0.5501"
"81,4 : 0.5501"
"4,82 : 0.7741"
"82,4 : 0.7741"
"4,83 : 0.4494"
"83,4 : 0.4494"
"4,84 : 0.7752"
"84,4 : 0.7752"
"4,85 : 0.5239"
"85,4 : 0.5239"
"4,86 : 0.15"
"86,4 : 0.15"
"4,87 : 0.4319"
"87,4 : 0.4319"
"4,88 : 0.8916"
"88,4 : 0.8916"
"4,89 : 0.7569"
"89,4 : 0.7569"
"4,90 : 0.9001"
"90,4 : 0.9001"
"4,91 : 0.2943"
"91,4 : 0.2943"
"4,92 : 0.2302"
"92,4 : 0.2302"
"4,93 : 0.7515"
"93,4 : 0.7515"
"4,94 : 0.9862"
"94,4 : 0.9862"
"4,95 : 0.8158"
"95,4 : 0.8158"
"4,96 : 0.2707"
"96,4 : 0.2707"
"4,97 : 1.0837"
"97,4 : 1.0837"
"4,98 : 0.4177"
"98,4 : 0.4177"
"4,99 : 1.0124"
"99,4 : 1.0124"
"5,6 : 0.1616"
"6,5 : 0.1616"
"5,7 : 0.5587"
"7,5 : 0.5587"
"5,8 : 0.1432"
"8,5 : 0.1432"
"5,9 : 0.8324"
"9,5 : 0.8324"
"5,10 : 0.8544"
"10,5 : 0.8544"
"5,11 : 0.9831"
"11,5 : 0.9831"
"5,12 : 0.899"
"12,5 : 0.899"
"5,13 : 0.6297"
"13,5 : 0.6297"
"5,14 : 0.8612"
"14,5 : 0.8612"
"5,15 : 0.7648"
"15,5 : 0.7648"
"5,16 : 0.9372"
"16,5 : 0.9372"
"5,17 : 0.8746"
"17,5 : 0.8746"
"5,18 : 0.8078"
"18,5 : 0.8078"
"5,19 : 0.9614"
"19,5 : 0.9614"
"5,20 : 0.708"
"20,5 : 0.708"
"5,21 : 0.2617"
"21,5 : 0.2617"
"5,22 : 0.8401"
"22,5 : 0.8401"
"5,23 : 1.0293"
"23,5 : 1.0293"
"5,24 : 0.8615"
"24,5 : 0.8615"
"5,25 : 0.7118"
"25,5 : 0.7118"
"5,26 : 0.45"
"26,5 : 0.45"
"5,27 : 0.8989"
"27,5 : 0.8989"
"5,28 : 0.6067"
"28,5 : 0.6067"
"5,29 : 1.0296"
"29,5 : 1.0296"
"5,30 : 0.408"
"30,5 : 0.408"
"5,31 : 0.679"
"31,5 : 0.679"
"5,32 : 1.1411"
"32,5 : 1.1411"
"5,33 : 0.5523"
"33,5 : 0.5523"
"5,34 : 0.8766"
"34,5 : 0.8766"
"5,35 : 0.831"
"35,5 : 0.831"
"5,36 : 0.9306"
"36,5 : 0.9306"
"5,37 : 0.6042"
"37,5 : 0.6042"
"5,38 : 0.6586"
"38,5 : 0.6586"
"5,39 : 0.4168"
"39,5 : 0.4168"
"5,40 : 0.2022"
"40,5 : 0.2022"
"5,41 : 0.5604"
"41,5 : 0.5604"
"5,42 : 0.8096"
"42,5 : 0.8096"
"5,43 : 0.592"
"43,5 : 0.592"
"5,44 : 0.4624"
"44,5 : 0.4624"
"5,45 : 0.6612"
"45,5 : 0.6612"
"5,46 : 1.0124"
"46,5 : 1.0124"
"5,47 : 0.6723"
"47,5 : 0.6723"
"5,48 : 0.8266"
"48,5 : 0.8266"
"5,49 : 0.4652"
"49,5 : 0.4652"
"5,50 : 0.6601"
"50,5 : 0.6601"
"5,51 : 0.4071"
"51,5 : 0.4071"
"5,52 : 0.2088"
"52,5 : 0.2088"
"5,53 : 0.2138"
"53,5 : 0.2138"
"5,54 : 1.0294"
"54,5 : 1.0294"
"5,55 : 0.4561"
"55,5 : 0.4561"
"5,56 : 0.7295"
"56,5 : 0.7295"
"5,57 : 0.4314"
"57,5 : 0.4314"
"5,58 : 0.8627"
"58,5 : 0.8627"
"5,59 : 0.6301"
"59,5 : 0.6301"
"5,60 : 0.3206"
"60,5 : 0.3206"
"5,61 : 0.272"
"61,5 : 0.272"
"5,62 : 0.6926"
"62,5 : 0.6926"
"5,63 : 0.9214"
"63,5 : 0.9214"
"5,64 : 0.7871"
"64,5 : 0.7871"
"5,65 : 0.997"
"65,5 : 0.997"
"5,66 : 0.6166"
"66,5 : 0.6166"
"5,67 : 0.2915"
"67,5 : 0.2915"
"5,68 : 0.3677"
"68,5 : 0.3677"
"5,69 : 0.8301"
"69,5 : 0.8301"
"5,70 : 0.5263"
"70,5 : 0.5263"
"5,71 : 0.16"
"71,5 : 0.16"
"5,72 : 0.7642"
"72,5 : 0.7642"
"5,73 : 0.8349"
"73,5 : 0.8349"
"5,74 : 1.0044"
"74,5 : 1.0044"
"5,75 : 0.3102"
"75,5 : 0.3102"
"5,76 : 0.5412"
"76,5 : 0.5412"
"5,77 : 0.1404"
"77,5 : 0.1404"
"5,78 : 0.5459"
"78,5 : 0.5459"
"5,79 : 0.6966"
"79,5 : 0.6966"
"5,80 : 0.7311"
"80,5 : 0.7311"
"5,81 : 0.6174"
"81,5 : 0.6174"
"5,82 : 0.4455"
"82,5 : 0.4455"
"5,83 : 0.6796"
"83,5 : 0.6796"
"5,84 : 0.7203"
"84,5 : 0.7203"
"5,85 : 0.6978"
"85,5 : 0.6978"
"5,86 : 0.999"
"86,5 : 0.999"
"5,87 : 0.6721"
"87,5 : 0.6721"
"5,88 : 0.4001"
"88,5 : 0.4001"
"5,89 : 0.3523"
"89,5 : 0.3523"
"5,90 : 0.8139"
"90,5 : 0.8139"
"5,91 : 0.8884"
"91,5 : 0.8884"
"5,92 : 0.9402"
"92,5 : 0.9402"
"5,93 : 0.4492"
"93,5 : 0.4492"
"5,94 : 0.4588"
"94,5 : 0.4588"
"5,95 : 0.6519"
"95,5 : 0.6519"
"5,96 : 0.908"
"96,5 : 0.908"
"5,97 : 0.1082"
"97,5 : 0.1082"
"5,98 : 0.7803"
"98,5 : 0.7803"
"5,99 : 0.13"
"99,5 : 0.13"
"6,7 : 0.5188"
"7,6 : 0.5188"
"6,8 : 0.2214"
"8,6 : 0.2214"
"6,9 : 0.6719"
"9,6 : 0.6719"
"6,10 : 0.8393"
"10,6 : 0.8393"
"6,11 : 0.928"
"11,6 : 0.928"
"6,12 : 0.7988"
"12,6 : 0.7988"
"6,13 : 0.4727"
"13,6 : 0.4727"
"6,14 : 0.7339"
"14,6 : 0.7339"
"6,15 : 0.6701"
"15,6 : 0.6701"
"6,16 : 0.8721"
"16,6 : 0.8721"
"6,17 : 0.7666"
"17,6 : 0.7666"
"6,18 : 0.6854"
"18,6 : 0.6854"
"6,19 : 0.8453"
"19,6 : 0.8453"
"6,20 : 0.6378"
"20,6 : 0.6378"
"6,21 : 0.3418"
"21,6 : 0.3418"
"6,22 : 0.6935"
"22,6 : 0.6935"
"6,23 : 0.9437"
"23,6 : 0.9437"
"6,24 : 0.7101"
"24,6 : 0.7101"
"6,25 : 0.5707"
"25,6 : 0.5707"
"6,26 : 0.3059"
"26,6 : 0.3059"
"6,27 : 0.8021"
"27,6 : 0.8021"
"6,28 : 0.4743"
"28,6 : 0.4743"
"6,29 : 0.936"
"29,6 : 0.936"
"6,30 : 0.2474"
"30,6 : 0.2474"
"6,31 : 0.6297"
"31,6 : 0.6297"
"6,32 : 1.0771"
"32,6 : 1.0771"
"6,33 : 0.5189"
"33,6 : 0.5189"
"6,34 : 0.7767"
"34,6 : 0.7767"
"6,35 : 0.7965"
"35,6 : 0.7965"
"6,36 : 0.836"
"36,6 : 0.836"
"6,37 : 0.4455"
"37,6 : 0.4455"
"6,38 : 0.6046"
"38,6 : 0.6046"
"6,39 : 0.4243"
"39,6 : 0.4243"
"6,40 : 0.3162"
"40,6 : 0.3162"
"6,41 : 0.5471"
"41,6 : 0.5471"
"6,42 : 0.8149"
"42,6 : 0.8149"
"6,43 : 0.528"
"43,6 : 0.528"
"6,44 : 0.3008"
"44,6 : 0.3008"
"6,45 : 0.5104"
"45,6 : 0.5104"
"6,46 : 0.9527"
"46,6 : 0.9527"
"6,47 : 0.6888"
"47,6 : 0.6888"
"6,48 : 0.7495"
"48,6 : 0.7495"
"6,49 : 0.4826"
"49,6 : 0.4826"
"6,50 : 0.7335"
"50,6 : 0.7335"
"6,51 : 0.3265"
"51,6 : 0.3265"
"6,52 : 0.3342"
"52,6 : 0.3342"
"6,53 : 0.1166"
"53,6 : 0.1166"
"6,54 : 0.9633"
"54,6 : 0.9633"
"6,55 : 0.3996"
"55,6 : 0.3996"
"6,56 : 0.728"
"56,6 : 0.728"
"6,57 : 0.394"
"57,6 : 0.394"
"6,58 : 0.8127"
"58,6 : 0.8127"
"6,59 : 0.5608"
"59,6 : 0.5608"
"6,60 : 0.1879"
"60,6 : 0.1879"
"6,61 : 0.178"
"61,6 : 0.178"
"6,62 : 0.54"
"62,6 : 0.54"
"6,63 : 0.821"
"63,6 : 0.821"
"6,64 : 0.692"
"64,6 : 0.692"
"6,65 : 0.9463"
"65,6 : 0.9463"
"6,66 : 0.4838"
"66,6 : 0.4838"
"6,67 : 0.1432"
"67,6 : 0.1432"
"6,68 : 0.3384"
"68,6 : 0.3384"
"6,69 : 0.7569"
"69,6 : 0.7569"
"6,70 : 0.5033"
"70,6 : 0.5033"
"6,71 : 0.0608"
"71,6 : 0.0608"
"6,72 : 0.7103"
"72,6 : 0.7103"
"6,73 : 0.6807"
"73,6 : 0.6807"
"6,74 : 0.9266"
"74,6 : 0.9266"
"6,75 : 0.1676"
"75,6 : 0.1676"
"6,76 : 0.58"
"76,6 : 0.58"
"6,77 : 0.2441"
"77,6 : 0.2441"
"6,78 : 0.5511"
"78,6 : 0.5511"
"6,79 : 0.6664"
"79,6 : 0.6664"
"6,80 : 0.8125"
"80,6 : 0.8125"
"6,81 : 0.5201"
"81,6 : 0.5201"
"6,82 : 0.3178"
"82,6 : 0.3178"
"6,83 : 0.6011"
"83,6 : 0.6011"
"6,84 : 0.5714"
"84,6 : 0.5714"
"6,85 : 0.7061"
"85,6 : 0.7061"
"6,86 : 0.9572"
"86,6 : 0.9572"
"6,87 : 0.6213"
"87,6 : 0.6213"
"6,88 : 0.487"
"88,6 : 0.487"
"6,89 : 0.2953"
"89,6 : 0.2953"
"6,90 : 0.6562"
"90,6 : 0.6562"
"6,91 : 0.8016"
"91,6 : 0.8016"
"6,92 : 0.9082"
"92,6 : 0.9082"
"6,93 : 0.4904"
"93,6 : 0.4904"
"6,94 : 0.2973"
"94,6 : 0.2973"
"6,95 : 0.5001"
"95,6 : 0.5001"
"6,96 : 0.881"
"96,6 : 0.881"
"6,97 : 0.06"
"97,6 : 0.06"
"6,98 : 0.7716"
"98,6 : 0.7716"
"6,99 : 0.0632"
"99,6 : 0.0632"
"7,8 : 0.6953"
"8,7 : 0.6953"
"7,9 : 0.7517"
"9,7 : 0.7517"
"7,10 : 0.3276"
"10,7 : 0.3276"
"7,11 : 0.4252"
"11,7 : 0.4252"
"7,12 : 0.4201"
"12,7 : 0.4201"
"7,13 : 0.5595"
"13,7 : 0.5595"
"7,14 : 0.4966"
"14,7 : 0.4966"
"7,15 : 0.2943"
"15,7 : 0.2943"
"7,16 : 0.3859"
"16,7 : 0.3859"
"7,17 : 0.4258"
"17,7 : 0.4258"
"7,18 : 0.4338"
"18,7 : 0.4338"
"7,19 : 0.5277"
"19,7 : 0.5277"
"7,20 : 0.1811"
"20,7 : 0.1811"
"7,21 : 0.3863"
"21,7 : 0.3863"
"7,22 : 0.5955"
"22,7 : 0.5955"
"7,23 : 0.5029"
"23,7 : 0.5029"
"7,24 : 0.6507"
"24,7 : 0.6507"
"7,25 : 0.4742"
"25,7 : 0.4742"
"7,26 : 0.4045"
"26,7 : 0.4045"
"7,27 : 0.4101"
"27,7 : 0.4101"
"7,28 : 0.3744"
"28,7 : 0.3744"
"7,29 : 0.5197"
"29,7 : 0.5197"
"7,30 : 0.52"
"30,7 : 0.52"
"7,31 : 0.1221"
"31,7 : 0.1221"
"7,32 : 0.586"
"32,7 : 0.586"
"7,33 : 0.0224"
"33,7 : 0.0224"
"7,34 : 0.4005"
"34,7 : 0.4005"
"7,35 : 0.2778"
"35,7 : 0.2778"
"7,36 : 0.4319"
"36,7 : 0.4319"
"7,37 : 0.5665"
"37,7 : 0.5665"
"7,38 : 0.1077"
"38,7 : 0.1077"
"7,39 : 0.1844"
"39,7 : 0.1844"
"7,40 : 0.4652"
"40,7 : 0.4652"
"7,41 : 0.0922"
"41,7 : 0.0922"
"7,42 : 0.3324"
"42,7 : 0.3324"
"7,43 : 0.0894"
"43,7 : 0.0894"
"7,44 : 0.5714"
"44,7 : 0.5714"
"7,45 : 0.5162"
"45,7 : 0.5162"
"7,46 : 0.4561"
"46,7 : 0.4561"
"7,47 : 0.2555"
"47,7 : 0.2555"
"7,48 : 0.2983"
"48,7 : 0.2983"
"7,49 : 0.191"
"49,7 : 0.191"
"7,50 : 0.4604"
"50,7 : 0.4604"
"7,51 : 0.2121"
"51,7 : 0.2121"
"7,52 : 0.4924"
"52,7 : 0.4924"
"7,53 : 0.4025"
"53,7 : 0.4025"
"7,54 : 0.4771"
"54,7 : 0.4771"
"7,55 : 0.1237"
"55,7 : 0.1237"
"7,56 : 0.2433"
"56,7 : 0.2433"
"7,57 : 0.1281"
"57,7 : 0.1281"
"7,58 : 0.3041"
"58,7 : 0.3041"
"7,59 : 0.1237"
"59,7 : 0.1237"
"7,60 : 0.3864"
"60,7 : 0.3864"
"7,61 : 0.3454"
"61,7 : 0.3454"
"7,62 : 0.5492"
"62,7 : 0.5492"
"7,63 : 0.44"
"63,7 : 0.44"
"7,64 : 0.3126"
"64,7 : 0.3126"
"7,65 : 0.4384"
"65,7 : 0.4384"
"7,66 : 0.3801"
"66,7 : 0.3801"
"7,67 : 0.4415"
"67,7 : 0.4415"
"7,68 : 0.191"
"68,7 : 0.191"
"7,69 : 0.2941"
"69,7 : 0.2941"
"7,70 : 0.0608"
"70,7 : 0.0608"
"7,71 : 0.4614"
"71,7 : 0.4614"
"7,72 : 0.2081"
"72,7 : 0.2081"
"7,73 : 0.6586"
"73,7 : 0.6586"
"7,74 : 0.4662"
"74,7 : 0.4662"
"7,75 : 0.4177"
"75,7 : 0.4177"
"7,76 : 0.2683"
"76,7 : 0.2683"
"7,77 : 0.4604"
"77,7 : 0.4604"
"7,78 : 0.1526"
"78,7 : 0.1526"
"7,79 : 0.1487"
"79,7 : 0.1487"
"7,80 : 0.542"
"80,7 : 0.542"
"7,81 : 0.2202"
"81,7 : 0.2202"
"7,82 : 0.3338"
"82,7 : 0.3338"
"7,83 : 0.1825"
"83,7 : 0.1825"
"7,84 : 0.5341"
"84,7 : 0.5341"
"7,85 : 0.247"
"85,7 : 0.247"
"7,86 : 0.442"
"86,7 : 0.442"
"7,87 : 0.1166"
"87,7 : 0.1166"
"7,88 : 0.4"
"88,7 : 0.4"
"7,89 : 0.2236"
"89,7 : 0.2236"
"7,90 : 0.686"
"90,7 : 0.686"
"7,91 : 0.3748"
"91,7 : 0.3748"
"7,92 : 0.3895"
"92,7 : 0.3895"
"7,93 : 0.2617"
"93,7 : 0.2617"
"7,94 : 0.5614"
"94,7 : 0.5614"
"7,95 : 0.5197"
"95,7 : 0.5197"
"7,96 : 0.3625"
"96,7 : 0.3625"
"7,97 : 0.5492"
"97,7 : 0.5492"
"7,98 : 0.2702"
"98,7 : 0.2702"
"7,99 : 0.4771"
"99,7 : 0.4771"
"8,9 : 0.8658"
"9,8 : 0.8658"
"8,10 : 0.9964"
"10,8 : 0.9964"
"8,11 : 1.1176"
"11,8 : 1.1176"
"8,12 : 1.0136"
"12,8 : 1.0136"
"8,13 : 0.6803"
"13,8 : 0.6803"
"8,14 : 0.9552"
"14,8 : 0.9552"
"8,15 : 0.882"
"15,8 : 0.882"
"8,16 : 1.0683"
"16,8 : 1.0683"
"8,17 : 0.9841"
"17,8 : 0.9841"
"8,18 : 0.9062"
"18,8 : 0.9062"
"8,19 : 1.0651"
"19,8 : 1.0651"
"8,20 : 0.8363"
"20,8 : 0.8363"
"8,21 : 0.4002"
"21,8 : 0.4002"
"8,22 : 0.9108"
"22,8 : 0.9108"
"8,23 : 1.1521"
"23,8 : 1.1521"
"8,24 : 0.9235"
"24,8 : 0.9235"
"8,25 : 0.7908"
"25,8 : 0.7908"
"8,26 : 0.5263"
"26,8 : 0.5263"
"8,27 : 1.0155"
"27,8 : 1.0155"
"8,28 : 0.6957"
"28,8 : 0.6957"
"8,29 : 1.1483"
"29,8 : 1.1483"
"8,30 : 0.4501"
"30,8 : 0.4501"
"8,31 : 0.8139"
"31,8 : 0.8139"
"8,32 : 1.2731"
"32,8 : 1.2731"
"8,33 : 0.6903"
"33,8 : 0.6903"
"8,34 : 0.9913"
"34,8 : 0.9913"
"8,35 : 0.9701"
"35,8 : 0.9701"
"8,36 : 1.0485"
"36,8 : 1.0485"
"8,37 : 0.65"
"37,8 : 0.65"
"8,38 : 0.7921"
"38,8 : 0.7921"
"8,39 : 0.5595"
"39,8 : 0.5595"
"8,40 : 0.3314"
"40,8 : 0.3314"
"8,41 : 0.7018"
"41,8 : 0.7018"
"8,42 : 0.9527"
"42,8 : 0.9527"
"8,43 : 0.7218"
"43,8 : 0.7218"
"8,44 : 0.4916"
"44,8 : 0.4916"
"8,45 : 0.7256"
"45,8 : 0.7256"
"8,46 : 1.1455"
"46,8 : 1.1455"
"8,47 : 0.8154"
"47,8 : 0.8154"
"8,48 : 0.9527"
"48,8 : 0.9527"
"8,49 : 0.6084"
"49,8 : 0.6084"
"8,50 : 0.7931"
"50,8 : 0.7931"
"8,51 : 0.528"
"51,8 : 0.528"
"8,52 : 0.33"
"52,8 : 0.33"
"8,53 : 0.3191"
"53,8 : 0.3191"
"8,54 : 1.1604"
"54,8 : 1.1604"
"8,55 : 0.5869"
"55,8 : 0.5869"
"8,56 : 0.8724"
"56,8 : 0.8724"
"8,57 : 0.5673"
"57,8 : 0.5673"
"8,58 : 0.9982"
"58,8 : 0.9982"
"8,59 : 0.7582"
"59,8 : 0.7582"
"8,60 : 0.4085"
"60,8 : 0.4085"
"8,61 : 0.3828"
"61,8 : 0.3828"
"8,62 : 0.7533"
"62,8 : 0.7533"
"8,63 : 1.0359"
"63,8 : 1.0359"
"8,64 : 0.9043"
"64,8 : 0.9043"
"8,65 : 1.1328"
"65,8 : 1.1328"
"8,66 : 0.7052"
"66,8 : 0.7052"
"8,67 : 0.364"
"67,8 : 0.364"
"8,68 : 0.5045"
"68,8 : 0.5045"
"8,69 : 0.9578"
"69,8 : 0.9578"
"8,70 : 0.6661"
"70,8 : 0.6661"
"8,71 : 0.2555"
"71,8 : 0.2555"
"8,72 : 0.8983"
"72,8 : 0.8983"
"8,73 : 0.8909"
"73,8 : 0.8909"
"8,74 : 1.1307"
"74,8 : 1.1307"
"8,75 : 0.389"
"75,8 : 0.389"
"8,76 : 0.6831"
"76,8 : 0.6831"
"8,77 : 0.2789"
"77,8 : 0.2789"
"8,78 : 0.6888"
"78,8 : 0.6888"
"8,79 : 0.836"
"79,8 : 0.836"
"8,80 : 0.8602"
"80,8 : 0.8602"
"8,81 : 0.7325"
"81,8 : 0.7325"
"8,82 : 0.5385"
"82,8 : 0.5385"
"8,83 : 0.8043"
"83,8 : 0.8043"
"8,84 : 0.7877"
"84,8 : 0.7877"
"8,85 : 0.841"
"85,8 : 0.841"
"8,86 : 1.137"
"86,8 : 1.137"
"8,87 : 0.8066"
"87,8 : 0.8066"
"8,88 : 0.5324"
"88,8 : 0.5324"
"8,89 : 0.481"
"89,8 : 0.481"
"8,90 : 0.8602"
"90,8 : 0.8602"
"8,91 : 1.0102"
"91,8 : 1.0102"
"8,92 : 1.08"
"92,8 : 1.08"
"8,93 : 0.5914"
"93,8 : 0.5914"
"8,94 : 0.4909"
"94,8 : 0.4909"
"8,95 : 0.7145"
"95,8 : 0.7145"
"8,96 : 1.0486"
"96,8 : 1.0486"
"8,97 : 0.1655"
"97,8 : 0.1655"
"8,98 : 0.9228"
"98,8 : 0.9228"
"8,99 : 0.2302"
"99,8 : 0.2302"
"9,10 : 1.009"
"10,9 : 1.009"
"9,11 : 0.9144"
"11,9 : 0.9144"
"9,12 : 0.6201"
"12,9 : 0.6201"
"9,13 : 0.2163"
"13,9 : 0.2163"
"9,14 : 0.4219"
"14,9 : 0.4219"
"9,15 : 0.5923"
"15,9 : 0.5923"
"9,16 : 0.8338"
"16,9 : 0.8338"
"9,17 : 0.5601"
"17,9 : 0.5601"
"9,18 : 0.4405"
"18,9 : 0.4405"
"9,19 : 0.5511"
"19,9 : 0.5511"
"9,20 : 0.6895"
"20,9 : 0.6895"
"9,21 : 0.9127"
"21,9 : 0.9127"
"9,22 : 0.2433"
"22,9 : 0.2433"
"9,23 : 0.7831"
"23,9 : 0.7831"
"9,24 : 0.1897"
"24,9 : 0.1897"
"9,25 : 0.2941"
"25,9 : 0.2941"
"9,26 : 0.4188"
"26,9 : 0.4188"
"9,27 : 0.64"
"27,9 : 0.64"
"9,28 : 0.3774"
"28,9 : 0.3774"
"9,29 : 0.7368"
"29,9 : 0.7368"
"9,30 : 0.4245"
"30,9 : 0.4245"
"9,31 : 0.7656"
"31,9 : 0.7656"
"9,32 : 0.9818"
"32,9 : 0.9818"
"9,33 : 0.771"
"33,9 : 0.771"
"9,34 : 0.6101"
"34,9 : 0.6101"
"9,35 : 0.9109"
"35,9 : 0.9109"
"9,36 : 0.6703"
"36,9 : 0.6703"
"9,37 : 0.2326"
"37,9 : 0.2326"
"9,38 : 0.7382"
"38,9 : 0.7382"
"9,39 : 0.8344"
"39,9 : 0.8344"
"9,40 : 0.9348"
"40,9 : 0.9348"
"9,41 : 0.8405"
"41,9 : 0.8405"
"9,42 : 1.0602"
"42,9 : 1.0602"
"9,43 : 0.676"
"43,9 : 0.676"
"9,44 : 0.3748"
"44,9 : 0.3748"
"9,45 : 0.236"
"45,9 : 0.236"
"9,46 : 0.9114"
"46,9 : 0.9114"
"9,47 : 1.007"
"47,9 : 1.007"
"9,48 : 0.7102"
"48,9 : 0.7102"
"9,49 : 0.8846"
"49,9 : 0.8846"
"9,50 : 1.19"
"50,9 : 1.19"
"9,51 : 0.6083"
"51,9 : 0.6083"
"9,52 : 0.9615"
"52,9 : 0.9615"
"9,53 : 0.6488"
"53,9 : 0.6488"
"9,54 : 0.8901"
"54,9 : 0.8901"
"9,55 : 0.6736"
"55,9 : 0.6736"
"9,56 : 0.9795"
"56,9 : 0.9795"
"9,57 : 0.7218"
"57,9 : 0.7218"
"9,58 : 0.8612"
"58,9 : 0.8612"
"9,59 : 0.6664"
"59,9 : 0.6664"
"9,60 : 0.5412"
"60,9 : 0.5412"
"9,61 : 0.6227"
"61,9 : 0.6227"
"9,62 : 0.2025"
"62,9 : 0.2025"
"9,63 : 0.6307"
"63,9 : 0.6307"
"9,64 : 0.5984"
"64,9 : 0.5984"
"9,65 : 0.9453"
"65,9 : 0.9453"
"9,66 : 0.3722"
"66,9 : 0.3722"
"9,67 : 0.5478"
"67,9 : 0.5478"
"9,68 : 0.7292"
"68,9 : 0.7292"
"9,69 : 0.7316"
"69,9 : 0.7316"
"9,70 : 0.794"
"70,9 : 0.794"
"9,71 : 0.6801"
"71,9 : 0.6801"
"9,72 : 0.7875"
"72,9 : 0.7875"
"9,73 : 0.1432"
"73,9 : 0.1432"
"9,74 : 0.8102"
"74,9 : 0.8102"
"9,75 : 0.5371"
"75,9 : 0.5371"
"9,76 : 0.9925"
"76,9 : 0.9925"
"9,77 : 0.8724"
"77,9 : 0.8724"
"9,78 : 0.892"
"78,9 : 0.892"
"9,79 : 0.85"
"79,9 : 0.85"
"9,80 : 1.2756"
"80,9 : 1.2756"
"9,81 : 0.5456"
"81,9 : 0.5456"
"9,82 : 0.4686"
"82,9 : 0.4686"
"9,83 : 0.6426"
"83,9 : 0.6426"
"9,84 : 0.2247"
"84,9 : 0.2247"
"9,85 : 0.9948"
"85,9 : 0.9948"
"9,86 : 0.9899"
"86,9 : 0.9899"
"9,87 : 0.7564"
"87,9 : 0.7564"
"9,88 : 1.0262"
"88,9 : 1.0262"
"9,89 : 0.6671"
"89,9 : 0.6671"
"9,90 : 0.08"
"90,9 : 0.08"
"9,91 : 0.6912"
"91,9 : 0.6912"
"9,92 : 0.9946"
"92,9 : 0.9946"
"9,93 : 0.9405"
"93,9 : 0.9405"
"9,94 : 0.3766"
"94,9 : 0.3766"
"9,95 : 0.2343"
"95,9 : 0.2343"
"9,96 : 0.9946"
"96,9 : 0.9946"
"9,97 : 0.7301"
"97,9 : 0.7301"
"9,98 : 0.9849"
"98,9 : 0.9849"
"9,99 : 0.7084"
"99,9 : 0.7084"
"10,11 : 0.2532"
"11,10 : 0.2532"
"10,12 : 0.481"
"12,10 : 0.481"
"10,13 : 0.8453"
"13,10 : 0.8453"
"10,14 : 0.6522"
"14,10 : 0.6522"
"10,15 : 0.4305"
"15,10 : 0.4305"
"10,16 : 0.2864"
"16,10 : 0.2864"
"10,17 : 0.524"
"17,10 : 0.524"
"10,18 : 0.6021"
"18,10 : 0.6021"
"10,19 : 0.6088"
"19,10 : 0.6088"
"10,20 : 0.3195"
"20,10 : 0.3195"
"10,21 : 0.6297"
"21,10 : 0.6297"
"10,22 : 0.8053"
"22,10 : 0.8053"
"10,23 : 0.4438"
"23,10 : 0.4438"
"10,24 : 0.8677"
"24,10 : 0.8677"
"10,25 : 0.7151"
"25,10 : 0.7151"
"10,26 : 0.7201"
"26,10 : 0.7201"
"10,27 : 0.4601"
"27,10 : 0.4601"
"10,28 : 0.6454"
"28,10 : 0.6454"
"10,29 : 0.4919"
"29,10 : 0.4919"
"10,30 : 0.8429"
"30,10 : 0.8429"
"10,31 : 0.2518"
"31,10 : 0.2518"
"10,32 : 0.4011"
"32,10 : 0.4011"
"10,33 : 0.3228"
"33,10 : 0.3228"
"10,34 : 0.4738"
"34,10 : 0.4738"
"10,35 : 0.1063"
"35,10 : 0.1063"
"10,36 : 0.4561"
"36,10 : 0.4561"
"10,37 : 0.8599"
"37,10 : 0.8599"
"10,38 : 0.2816"
"38,10 : 0.2816"
"10,39 : 0.4383"
"39,10 : 0.4383"
"10,40 : 0.7145"
"40,10 : 0.7145"
"10,41 : 0.2953"
"41,10 : 0.2953"
"10,42 : 0.1105"
"42,10 : 0.1105"
"10,43 : 0.3601"
"43,10 : 0.3601"
"10,44 : 0.8905"
"44,10 : 0.8905"
"10,45 : 0.7859"
"45,10 : 0.7859"
"10,46 : 0.2927"
"46,10 : 0.2927"
"10,47 : 0.2236"
"47,10 : 0.2236"
"10,48 : 0.333"
"48,10 : 0.333"
"10,49 : 0.397"
"49,10 : 0.397"
"10,50 : 0.454"
"50,10 : 0.454"
"10,51 : 0.5394"
"51,10 : 0.5394"
"10,52 : 0.7354"
"52,10 : 0.7354"
"10,53 : 0.7245"
"53,10 : 0.7245"
"10,54 : 0.3354"
"54,10 : 0.3354"
"10,55 : 0.4512"
"55,10 : 0.4512"
"10,56 : 0.136"
"56,10 : 0.136"
"10,57 : 0.446"
"57,10 : 0.446"
"10,58 : 0.186"
"58,10 : 0.186"
"10,59 : 0.3536"
"59,10 : 0.3536"
"10,60 : 0.7139"
"60,10 : 0.7139"
"10,61 : 0.6705"
"61,10 : 0.6705"
"10,62 : 0.8132"
"62,10 : 0.8132"
"10,63 : 0.4892"
"63,10 : 0.4892"
"10,64 : 0.4327"
"64,10 : 0.4327"
"10,65 : 0.2402"
"65,10 : 0.2402"
"10,66 : 0.6476"
"66,10 : 0.6476"
"10,67 : 0.769"
"67,10 : 0.769"
"10,68 : 0.5016"
"68,10 : 0.5016"
"10,69 : 0.3114"
"69,10 : 0.3114"
"10,70 : 0.3362"
"70,10 : 0.3362"
"10,71 : 0.78"
"71,10 : 0.78"
"10,72 : 0.2236"
"72,10 : 0.2236"
"10,73 : 0.8905"
"73,10 : 0.8905"
"10,74 : 0.3863"
"74,10 : 0.3863"
"10,75 : 0.7453"
"75,10 : 0.7453"
"10,76 : 0.3689"
"76,10 : 0.3689"
"10,77 : 0.7341"
"77,10 : 0.7341"
"10,78 : 0.3124"
"78,10 : 0.3124"
"10,79 : 0.1811"
"79,10 : 0.1811"
"10,80 : 0.5001"
"80,10 : 0.5001"
"10,81 : 0.4707"
"81,10 : 0.4707"
"10,82 : 0.6503"
"82,10 : 0.6503"
"10,83 : 0.3669"
"83,10 : 0.3669"
"10,84 : 0.7843"
"84,10 : 0.7843"
"10,85 : 0.1836"
"85,10 : 0.1836"
"10,86 : 0.2022"
"86,10 : 0.2022"
"10,87 : 0.2617"
"87,10 : 0.2617"
"10,88 : 0.5686"
"88,10 : 0.5686"
"10,89 : 0.5471"
"89,10 : 0.5471"
"10,90 : 0.9341"
"90,10 : 0.9341"
"10,91 : 0.397"
"91,10 : 0.397"
"10,92 : 0.1217"
"92,10 : 0.1217"
"10,93 : 0.4393"
"93,10 : 0.4393"
"10,94 : 0.8805"
"94,10 : 0.8805"
"10,95 : 0.7931"
"95,10 : 0.7931"
"10,96 : 0.0806"
"96,10 : 0.0806"
"10,97 : 0.8633"
"97,10 : 0.8633"
"10,98 : 0.0781"
"98,10 : 0.0781"
"10,99 : 0.792"
"99,10 : 0.792"
"11,12 : 0.3068"
"12,11 : 0.3068"
"11,13 : 0.7951"
"13,11 : 0.7951"
"11,14 : 0.507"
"14,11 : 0.507"
"11,15 : 0.3314"
"15,11 : 0.3314"
"11,16 : 0.0806"
"16,11 : 0.0806"
"11,17 : 0.364"
"17,11 : 0.364"
"11,18 : 0.4752"
"18,11 : 0.4752"
"11,19 : 0.4206"
"19,11 : 0.4206"
"11,20 : 0.2953"
"20,11 : 0.2953"
"11,21 : 0.7992"
"21,11 : 0.7992"
"11,22 : 0.6825"
"22,11 : 0.6825"
"11,23 : 0.2062"
"23,11 : 0.2062"
"11,24 : 0.7453"
"24,11 : 0.7453"
"11,25 : 0.63"
"25,11 : 0.63"
"11,26 : 0.728"
"26,11 : 0.728"
"11,27 : 0.2846"
"27,11 : 0.2846"
"11,28 : 0.6002"
"28,11 : 0.6002"
"11,29 : 0.2617"
"29,11 : 0.2617"
"11,30 : 0.8616"
"30,11 : 0.8616"
"11,31 : 0.3041"
"31,11 : 0.3041"
"11,32 : 0.1655"
"32,11 : 0.1655"
"11,33 : 0.4342"
"33,11 : 0.4342"
"11,34 : 0.3105"
"34,11 : 0.3105"
"11,35 : 0.1844"
"35,11 : 0.1844"
"11,36 : 0.264"
"36,11 : 0.264"
"11,37 : 0.8188"
"37,11 : 0.8188"
"11,38 : 0.3256"
"38,11 : 0.3256"
"11,39 : 0.5936"
"39,11 : 0.5936"
"11,40 : 0.882"
"40,11 : 0.882"
"11,41 : 0.4478"
"41,11 : 0.4478"
"11,42 : 0.3635"
"42,11 : 0.3635"
"11,43 : 0.4"
"43,11 : 0.4"
"11,44 : 0.8949"
"44,11 : 0.8949"
"11,45 : 0.7217"
"45,11 : 0.7217"
"11,46 : 0.04"
"46,11 : 0.04"
"11,47 : 0.454"
"47,11 : 0.454"
"11,48 : 0.2121"
"48,11 : 0.2121"
"11,49 : 0.5725"
"49,11 : 0.5725"
"11,50 : 0.7003"
"50,11 : 0.7003"
"11,51 : 0.6022"
"51,11 : 0.6022"
"11,52 : 0.9074"
"52,11 : 0.9074"
"11,53 : 0.8122"
"53,11 : 0.8122"
"11,54 : 0.0825"
"54,11 : 0.0825"
"11,55 : 0.5315"
"55,11 : 0.5315"
"11,56 : 0.3622"
"56,11 : 0.3622"
"11,57 : 0.5517"
"57,11 : 0.5517"
"11,58 : 0.1221"
"58,11 : 0.1221"
"11,59 : 0.3689"
"59,11 : 0.3689"
"11,60 : 0.7666"
"60,11 : 0.7666"
"11,61 : 0.75"
"61,11 : 0.75"
"11,62 : 0.7403"
"62,11 : 0.7403"
"11,63 : 0.3046"
"63,11 : 0.3046"
"11,64 : 0.3202"
"64,11 : 0.3202"
"11,65 : 0.0316"
"65,11 : 0.0316"
"11,66 : 0.5984"
"66,11 : 0.5984"
"11,67 : 0.8249"
"67,11 : 0.8249"
"11,68 : 0.6155"
"68,11 : 0.6155"
"11,69 : 0.1942"
"69,11 : 0.1942"
"11,70 : 0.4662"
"70,11 : 0.4662"
"11,71 : 0.8746"
"71,11 : 0.8746"
"11,72 : 0.2193"
"72,11 : 0.2193"
"11,73 : 0.7793"
"73,11 : 0.7793"
"11,74 : 0.1487"
"74,11 : 0.1487"
"11,75 : 0.7976"
"75,11 : 0.7976"
"11,76 : 0.5824"
"76,11 : 0.5824"
"11,77 : 0.8841"
"77,11 : 0.8841"
"11,78 : 0.4924"
"78,11 : 0.4924"
"11,79 : 0.3041"
"79,11 : 0.3041"
"11,80 : 0.7517"
"80,11 : 0.7517"
"11,81 : 0.446"
"81,11 : 0.446"
"11,82 : 0.6671"
"82,11 : 0.6671"
"11,83 : 0.3401"
"83,11 : 0.3401"
"11,84 : 0.7001"
"84,11 : 0.7001"
"11,85 : 0.413"
"85,11 : 0.413"
"11,86 : 0.086"
"86,11 : 0.086"
"11,87 : 0.3111"
"87,11 : 0.3111"
"11,88 : 0.7725"
"88,11 : 0.7725"
"11,89 : 0.6378"
"89,11 : 0.6378"
"11,90 : 0.8349"
"90,11 : 0.8349"
"11,91 : 0.2256"
"91,11 : 0.2256"
"11,92 : 0.1432"
"92,11 : 0.1432"
"11,93 : 0.6316"
"93,11 : 0.6316"
"11,94 : 0.8854"
"94,11 : 0.8854"
"11,95 : 0.7325"
"95,11 : 0.7325"
"11,96 : 0.1772"
"96,11 : 0.1772"
"11,97 : 0.9654"
"97,11 : 0.9654"
"11,98 : 0.3102"
"98,11 : 0.3102"
"11,99 : 0.8938"
"99,11 : 0.8938"
"12,13 : 0.5349"
"13,12 : 0.5349"
"12,14 : 0.2022"
"14,12 : 0.2022"
"12,15 : 0.136"
"15,12 : 0.136"
"12,16 : 0.2285"
"16,12 : 0.2285"
"12,17 : 0.06"
"17,12 : 0.06"
"12,18 : 0.1825"
"18,12 : 0.1825"
"12,19 : 0.1281"
"19,12 : 0.1281"
"12,20 : 0.2419"
"20,12 : 0.2419"
"12,21 : 0.7908"
"21,12 : 0.7908"
"12,22 : 0.3812"
"22,12 : 0.3812"
"12,23 : 0.1709"
"23,12 : 0.1709"
"12,24 : 0.4428"
"24,12 : 0.4428"
"12,25 : 0.3544"
"25,12 : 0.3544"
"12,26 : 0.5308"
"26,12 : 0.5308"
"12,27 : 0.0224"
"27,12 : 0.0224"
"12,28 : 0.3662"
"28,12 : 0.3662"
"12,29 : 0.1421"
"29,12 : 0.1421"
"12,30 : 0.6607"
"30,12 : 0.6607"
"12,31 : 0.3298"
"31,12 : 0.3298"
"12,32 : 0.3635"
"32,12 : 0.3635"
"12,33 : 0.4405"
"33,12 : 0.4405"
"12,34 : 0.0224"
"34,12 : 0.0224"
"12,35 : 0.3754"
"35,12 : 0.3754"
"12,36 : 0.051"
"36,12 : 0.051"
"12,37 : 0.5646"
"37,12 : 0.5646"
"12,38 : 0.3239"
"38,12 : 0.3239"
"12,39 : 0.6007"
"39,12 : 0.6007"
"12,40 : 0.8612"
"40,12 : 0.8612"
"12,41 : 0.495"
"41,12 : 0.495"
"12,42 : 0.572"
"42,12 : 0.572"
"12,43 : 0.3413"
"43,12 : 0.3413"
"12,44 : 0.6768"
"44,12 : 0.6768"
"12,45 : 0.4554"
"45,12 : 0.4554"
"12,46 : 0.2961"
"46,12 : 0.2961"
"12,47 : 0.5962"
"47,12 : 0.5962"
"12,48 : 0.1526"
"48,12 : 0.1526"
"12,49 : 0.6107"
"49,12 : 0.6107"
"12,50 : 0.8443"
"50,12 : 0.8443"
"12,51 : 0.4924"
"51,12 : 0.4924"
"12,52 : 0.8905"
"52,12 : 0.8905"
"12,53 : 0.6946"
"53,12 : 0.6946"
"12,54 : 0.2707"
"54,12 : 0.2707"
"12,55 : 0.4632"
"55,12 : 0.4632"
"12,56 : 0.5235"
"56,12 : 0.5235"
"12,57 : 0.508"
"57,12 : 0.508"
"12,58 : 0.2973"
"58,12 : 0.2973"
"12,59 : 0.3007"
"59,12 : 0.3007"
"12,60 : 0.614"
"60,12 : 0.614"
"12,61 : 0.6313"
"61,12 : 0.6313"
"12,62 : 0.4657"
"62,12 : 0.4657"
"12,63 : 0.0224"
"63,12 : 0.0224"
"12,64 : 0.114"
"64,12 : 0.114"
"12,65 : 0.3384"
"65,12 : 0.3384"
"12,66 : 0.3606"
"66,12 : 0.3606"
"12,67 : 0.6684"
"67,12 : 0.6684"
"12,68 : 0.5652"
"68,12 : 0.5652"
"12,69 : 0.172"
"69,12 : 0.172"
"12,70 : 0.4804"
"70,12 : 0.4804"
"12,71 : 0.758"
"71,12 : 0.758"
"12,72 : 0.2818"
"72,12 : 0.2818"
"12,73 : 0.4804"
"73,12 : 0.4804"
"12,74 : 0.1903"
"74,12 : 0.1903"
"12,75 : 0.6403"
"75,12 : 0.6403"
"12,76 : 0.6727"
"76,12 : 0.6727"
"12,77 : 0.8382"
"77,12 : 0.8382"
"12,78 : 0.5573"
"78,12 : 0.5573"
"12,79 : 0.3992"
"79,12 : 0.3992"
"12,80 : 0.9155"
"80,12 : 0.9155"
"12,81 : 0.2818"
"81,12 : 0.2818"
"12,82 : 0.4892"
"82,12 : 0.4892"
"12,83 : 0.2408"
"83,12 : 0.2408"
"12,84 : 0.4198"
"84,12 : 0.4198"
"12,85 : 0.5636"
"85,12 : 0.5636"
"12,86 : 0.39"
"86,12 : 0.39"
"12,87 : 0.3276"
"87,12 : 0.3276"
"12,88 : 0.8201"
"88,12 : 0.8201"
"12,89 : 0.5536"
"89,12 : 0.5536"
"12,90 : 0.5401"
"90,12 : 0.5401"
"12,91 : 0.086"
"91,12 : 0.086"
"12,92 : 0.4188"
"92,12 : 0.4188"
"12,93 : 0.6812"
"93,12 : 0.6812"
"12,94 : 0.6685"
"94,12 : 0.6685"
"12,95 : 0.4682"
"95,12 : 0.4682"
"12,96 : 0.4342"
"96,12 : 0.4342"
"12,97 : 0.8491"
"97,12 : 0.8491"
"12,98 : 0.4965"
"98,12 : 0.4965"
"12,99 : 0.7839"
"99,12 : 0.7839"
"13,14 : 0.372"
"14,13 : 0.372"
"13,15 : 0.4639"
"15,13 : 0.4639"
"13,16 : 0.717"
"16,13 : 0.717"
"13,17 : 0.4793"
"17,13 : 0.4793"
"13,18 : 0.3578"
"18,13 : 0.3578"
"13,19 : 0.5104"
"19,13 : 0.5104"
"13,20 : 0.5324"
"20,13 : 0.5324"
"13,21 : 0.6964"
"21,13 : 0.6964"
