x,y
0.65,0.41
0.72,0.81
0.13,0.39
0.35,0.48
0.83,0.0
0.62,0.5
1.0,0.92
0.6,0.9
0.1,0.19
0.44,0.8
0.04,0.96
0.19,0.46
0.1,0.24
0.99,0.42
0.69,0.14
0.38,0.18
0.32,0.71
0.41,0.29
0.56,0.62
0.82,0.76
0.91,0.77
0.03,0.59
0.81,0.89
0.64,0.47
0.22,0.63
0.78,0.7
0.58,0.1
0.23,0.1
0.98,0.68
0.92,0.22
0.1,0.63
0.32,0.68
0.94,0.18
0.27,0.06
0.34,0.79
0.45,0.92
0.54,0.92
0.59,0.09
0.45,0.58
0.86,0.89
0.71,0.43
0.29,0.92
0.9,0.77
0.83,0.64
0.9,0.37
0.61,0.77
0.39,0.9
0.91,0.68
0.88,0.49
0.29,0.46
0.24,0.01
0.63,0.84
0.83,0.15
0.78,0.72
0.79,0.18
0.83,0.51
0.54,0.1
0.37,0.43
0.18,0.51
0.82,0.59
0.2,0.78
0.48,0.15
0.48,0.81
0.44,0.93
0.47,0.01
0.66,0.99
0.03,0.88
0.18,0.82
0.16,0.16
0.85,0.27
0.3,0.92
0.29,0.25
0.02,0.27
0.93,0.95
0.12,0.48
0.83,0.95
0.88,0.85
0.45,0.22
0.26,0.94
0.26,0.77
0.48,0.72
0.84,0.52
0.0,0.51
0.85,0.71
0.87,0.87
0.92,0.73
0.76,0.92
0.07,0.36
0.74,0.95
0.76,0.62
0.64,0.14
0.78,0.18
0.13,0.86
0.79,0.25
0.52,0.21
0.5,0.08
0.1,0.69
0.79,0.76
0.69,0.29
0.13,0.93

Distanze
"0,1 : 0.4061"
"1,0 : 0.4061"
"0,2 : 0.5204"
"2,0 : 0.5204"
"0,3 : 0.3081"
"3,0 : 0.3081"
"0,4 : 0.4478"
"4,0 : 0.4478"
"0,5 : 0.0949"
"5,0 : 0.0949"
"0,6 : 0.6185"
"6,0 : 0.6185"
"0,7 : 0.4925"
"7,0 : 0.4925"
"0,8 : 0.5924"
"8,0 : 0.5924"
"0,9 : 0.4429"
"9,0 : 0.4429"
"0,10 : 0.8213"
"10,0 : 0.8213"
"0,11 : 0.4627"
"11,0 : 0.4627"
"0,12 : 0.5757"
"12,0 : 0.5757"
"0,13 : 0.3401"
"13,0 : 0.3401"
"0,14 : 0.2729"
"14,0 : 0.2729"
"0,15 : 0.3547"
"15,0 : 0.3547"
"0,16 : 0.446"
"16,0 : 0.446"
"0,17 : 0.2683"
"17,0 : 0.2683"
"0,18 : 0.2285"
"18,0 : 0.2285"
"0,19 : 0.3891"
"19,0 : 0.3891"
"0,20 : 0.4441"
"20,0 : 0.4441"
"0,21 : 0.6456"
"21,0 : 0.6456"
"0,22 : 0.506"
"22,0 : 0.506"
"0,23 : 0.0608"
"23,0 : 0.0608"
"0,24 : 0.483"
"24,0 : 0.483"
"0,25 : 0.3178"
"25,0 : 0.3178"
"0,26 : 0.3178"
"26,0 : 0.3178"
"0,27 : 0.522"
"27,0 : 0.522"
"0,28 : 0.4264"
"28,0 : 0.4264"
"0,29 : 0.3302"
"29,0 : 0.3302"
"0,30 : 0.5924"
"30,0 : 0.5924"
"0,31 : 0.4264"
"31,0 : 0.4264"
"0,32 : 0.3701"
"32,0 : 0.3701"
"0,33 : 0.5166"
"33,0 : 0.5166"
"0,34 : 0.4904"
"34,0 : 0.4904"
"0,35 : 0.5478"
"35,0 : 0.5478"
"0,36 : 0.5217"
"36,0 : 0.5217"
"0,37 : 0.3256"
"37,0 : 0.3256"
"0,38 : 0.2625"
"38,0 : 0.2625"
"0,39 : 0.5239"
"39,0 : 0.5239"
"0,40 : 0.0632"
"40,0 : 0.0632"
"0,41 : 0.6243"
"41,0 : 0.6243"
"0,42 : 0.4383"
"42,0 : 0.4383"
"0,43 : 0.2921"
"43,0 : 0.2921"
"0,44 : 0.2532"
"44,0 : 0.2532"
"0,45 : 0.3622"
"45,0 : 0.3622"
"0,46 : 0.5547"
"46,0 : 0.5547"
"0,47 : 0.3748"
"47,0 : 0.3748"
"0,48 : 0.2435"
"48,0 : 0.2435"
"0,49 : 0.3635"
"49,0 : 0.3635"
"0,50 : 0.5728"
"50,0 : 0.5728"
"0,51 : 0.4305"
"51,0 : 0.4305"
"0,52 : 0.3162"
"52,0 : 0.3162"
"0,53 : 0.3362"
"53,0 : 0.3362"
"0,54 : 0.2693"
"54,0 : 0.2693"
"0,55 : 0.2059"
"55,0 : 0.2059"
"0,56 : 0.3289"
"56,0 : 0.3289"
"0,57 : 0.2807"
"57,0 : 0.2807"
"0,58 : 0.4805"
"58,0 : 0.4805"
"0,59 : 0.2476"
"59,0 : 0.2476"
"0,60 : 0.5826"
"60,0 : 0.5826"
"0,61 : 0.3106"
"61,0 : 0.3106"
"0,62 : 0.4346"
"62,0 : 0.4346"
"0,63 : 0.5608"
"63,0 : 0.5608"
"0,64 : 0.4386"
"64,0 : 0.4386"
"0,65 : 0.5801"
"65,0 : 0.5801"
"0,66 : 0.778"
"66,0 : 0.778"
"0,67 : 0.6237"
"67,0 : 0.6237"
"0,68 : 0.5501"
"68,0 : 0.5501"
"0,69 : 0.2441"
"69,0 : 0.2441"
"0,70 : 0.6185"
"70,0 : 0.6185"
"0,71 : 0.394"
"71,0 : 0.394"
"0,72 : 0.6454"
"72,0 : 0.6454"
"0,73 : 0.6083"
"73,0 : 0.6083"
"0,74 : 0.5346"
"74,0 : 0.5346"
"0,75 : 0.5692"
"75,0 : 0.5692"
"0,76 : 0.4965"
"76,0 : 0.4965"
"0,77 : 0.2759"
"77,0 : 0.2759"
"0,78 : 0.658"
"78,0 : 0.658"
"0,79 : 0.5308"
"79,0 : 0.5308"
"0,80 : 0.3536"
"80,0 : 0.3536"
"0,81 : 0.2195"
"81,0 : 0.2195"
"0,82 : 0.6576"
"82,0 : 0.6576"
"0,83 : 0.3606"
"83,0 : 0.3606"
"0,84 : 0.5099"
"84,0 : 0.5099"
"0,85 : 0.4187"
"85,0 : 0.4187"
"0,86 : 0.5217"
"86,0 : 0.5217"
"0,87 : 0.5822"
"87,0 : 0.5822"
"0,88 : 0.5474"
"88,0 : 0.5474"
"0,89 : 0.2371"
"89,0 : 0.2371"
"0,90 : 0.2702"
"90,0 : 0.2702"
"0,91 : 0.2642"
"91,0 : 0.2642"
"0,92 : 0.6877"
"92,0 : 0.6877"
"0,93 : 0.2126"
"93,0 : 0.2126"
"0,94 : 0.2385"
"94,0 : 0.2385"
"0,95 : 0.3625"
"95,0 : 0.3625"
"0,96 : 0.6172"
"96,0 : 0.6172"
"0,97 : 0.377"
"97,0 : 0.377"
"0,98 : 0.1265"
"98,0 : 0.1265"
"0,99 : 0.7354"
"99,0 : 0.7354"
"1,2 : 0.7242"
"2,1 : 0.7242"
"1,3 : 0.4958"
"3,1 : 0.4958"
"1,4 : 0.8174"
"4,1 : 0.8174"
"1,5 : 0.3257"
"5,1 : 0.3257"
"1,6 : 0.3008"
"6,1 : 0.3008"
"1,7 : 0.15"
"7,1 : 0.15"
"1,8 : 0.8768"
"8,1 : 0.8768"
"1,9 : 0.2802"
"9,1 : 0.2802"
"1,10 : 0.6963"
"10,1 : 0.6963"
"1,11 : 0.6351"
"11,1 : 0.6351"
"1,12 : 0.8422"
"12,1 : 0.8422"
"1,13 : 0.4743"
"13,1 : 0.4743"
"1,14 : 0.6707"
"14,1 : 0.6707"
"1,15 : 0.7159"
"15,1 : 0.7159"
"1,16 : 0.4123"
"16,1 : 0.4123"
"1,17 : 0.6054"
"17,1 : 0.6054"
"1,18 : 0.2484"
"18,1 : 0.2484"
"1,19 : 0.1118"
"19,1 : 0.1118"
"1,20 : 0.1942"
"20,1 : 0.1942"
"1,21 : 0.7242"
"21,1 : 0.7242"
"1,22 : 0.1204"
"22,1 : 0.1204"
"1,23 : 0.3493"
"23,1 : 0.3493"
"1,24 : 0.5314"
"24,1 : 0.5314"
"1,25 : 0.1253"
"25,1 : 0.1253"
"1,26 : 0.7237"
"26,1 : 0.7237"
"1,27 : 0.8627"
"27,1 : 0.8627"
"1,28 : 0.2907"
"28,1 : 0.2907"
"1,29 : 0.623"
"29,1 : 0.623"
"1,30 : 0.6456"
"30,1 : 0.6456"
"1,31 : 0.4206"
"31,1 : 0.4206"
"1,32 : 0.6673"
"32,1 : 0.6673"
"1,33 : 0.8746"
"33,1 : 0.8746"
"1,34 : 0.3805"
"34,1 : 0.3805"
"1,35 : 0.2915"
"35,1 : 0.2915"
"1,36 : 0.211"
"36,1 : 0.211"
"1,37 : 0.7316"
"37,1 : 0.7316"
"1,38 : 0.3547"
"38,1 : 0.3547"
"1,39 : 0.1612"
"39,1 : 0.1612"
"1,40 : 0.3801"
"40,1 : 0.3801"
"1,41 : 0.4438"
"41,1 : 0.4438"
"1,42 : 0.1844"
"42,1 : 0.1844"
"1,43 : 0.2025"
"43,1 : 0.2025"
"1,44 : 0.4754"
"44,1 : 0.4754"
"1,45 : 0.117"
"45,1 : 0.117"
"1,46 : 0.3421"
"46,1 : 0.3421"
"1,47 : 0.2302"
"47,1 : 0.2302"
"1,48 : 0.3578"
"48,1 : 0.3578"
"1,49 : 0.5544"
"49,1 : 0.5544"
"1,50 : 0.933"
"50,1 : 0.933"
"1,51 : 0.0949"
"51,1 : 0.0949"
"1,52 : 0.6691"
"52,1 : 0.6691"
"1,53 : 0.1082"
"53,1 : 0.1082"
"1,54 : 0.6339"
"54,1 : 0.6339"
"1,55 : 0.3195"
"55,1 : 0.3195"
"1,56 : 0.7325"
"56,1 : 0.7325"
"1,57 : 0.5166"
"57,1 : 0.5166"
"1,58 : 0.6177"
"58,1 : 0.6177"
"1,59 : 0.2417"
"59,1 : 0.2417"
"1,60 : 0.5209"
"60,1 : 0.5209"
"1,61 : 0.7023"
"61,1 : 0.7023"
"1,62 : 0.24"
"62,1 : 0.24"
"1,63 : 0.3046"
"63,1 : 0.3046"
"1,64 : 0.8382"
"64,1 : 0.8382"
"1,65 : 0.1897"
"65,1 : 0.1897"
"1,66 : 0.6935"
"66,1 : 0.6935"
"1,67 : 0.5401"
"67,1 : 0.5401"
"1,68 : 0.858"
"68,1 : 0.858"
"1,69 : 0.5554"
"69,1 : 0.5554"
"1,70 : 0.4342"
"70,1 : 0.4342"
"1,71 : 0.706"
"71,1 : 0.706"
"1,72 : 0.8841"
"72,1 : 0.8841"
"1,73 : 0.2524"
"73,1 : 0.2524"
"1,74 : 0.6848"
"74,1 : 0.6848"
"1,75 : 0.178"
"75,1 : 0.178"
"1,76 : 0.1649"
"76,1 : 0.1649"
"1,77 : 0.6488"
"77,1 : 0.6488"
"1,78 : 0.478"
"78,1 : 0.478"
"1,79 : 0.4617"
"79,1 : 0.4617"
"1,80 : 0.2563"
"80,1 : 0.2563"
"1,81 : 0.3138"
"81,1 : 0.3138"
"1,82 : 0.78"
"82,1 : 0.78"
"1,83 : 0.164"
"83,1 : 0.164"
"1,84 : 0.1616"
"84,1 : 0.1616"
"1,85 : 0.2154"
"85,1 : 0.2154"
"1,86 : 0.117"
"86,1 : 0.117"
"1,87 : 0.7906"
"87,1 : 0.7906"
"1,88 : 0.1414"
"88,1 : 0.1414"
"1,89 : 0.1942"
"89,1 : 0.1942"
"1,90 : 0.6748"
"90,1 : 0.6748"
"1,91 : 0.6329"
"91,1 : 0.6329"
"1,92 : 0.5921"
"92,1 : 0.5921"
"1,93 : 0.5644"
"93,1 : 0.5644"
"1,94 : 0.6325"
"94,1 : 0.6325"
"1,95 : 0.7624"
"95,1 : 0.7624"
"1,96 : 0.6315"
"96,1 : 0.6315"
"1,97 : 0.086"
"97,1 : 0.086"
"1,98 : 0.5209"
"98,1 : 0.5209"
"1,99 : 0.6021"
"99,1 : 0.6021"
"2,3 : 0.2377"
"3,2 : 0.2377"
"2,4 : 0.8013"
"4,2 : 0.8013"
"2,5 : 0.5022"
"5,2 : 0.5022"
"2,6 : 1.0187"
"6,2 : 1.0187"
"2,7 : 0.6935"
"7,2 : 0.6935"
"2,8 : 0.2022"
"8,2 : 0.2022"
"2,9 : 0.514"
"9,2 : 0.514"
"2,10 : 0.5771"
"10,2 : 0.5771"
"2,11 : 0.0922"
"11,2 : 0.0922"
"2,12 : 0.153"
"12,2 : 0.153"
"2,13 : 0.8605"
"13,2 : 0.8605"
"2,14 : 0.6133"
"14,2 : 0.6133"
"2,15 : 0.3265"
"15,2 : 0.3265"
"2,16 : 0.3722"
"16,2 : 0.3722"
"2,17 : 0.2973"
"17,2 : 0.2973"
"2,18 : 0.4876"
"18,2 : 0.4876"
"2,19 : 0.7829"
"19,2 : 0.7829"
"2,20 : 0.8676"
"20,2 : 0.8676"
"2,21 : 0.2236"
"21,2 : 0.2236"
"2,22 : 0.844"
"22,2 : 0.844"
"2,23 : 0.5162"
"23,2 : 0.5162"
"2,24 : 0.2563"
"24,2 : 0.2563"
"2,25 : 0.7201"
"25,2 : 0.7201"
"2,26 : 0.5354"
"26,2 : 0.5354"
"2,27 : 0.3068"
"27,2 : 0.3068"
"2,28 : 0.8981"
"28,2 : 0.8981"
"2,29 : 0.8081"
"29,2 : 0.8081"
"2,30 : 0.2419"
"30,2 : 0.2419"
"2,31 : 0.3467"
"31,2 : 0.3467"
"2,32 : 0.8368"
"32,2 : 0.8368"
"2,33 : 0.3585"
"33,2 : 0.3585"
"2,34 : 0.4518"
"34,2 : 0.4518"
"2,35 : 0.6191"
"35,2 : 0.6191"
"2,36 : 0.6701"
"36,2 : 0.6701"
"2,37 : 0.5492"
"37,2 : 0.5492"
"2,38 : 0.3722"
"38,2 : 0.3722"
"2,39 : 0.8848"
"39,2 : 0.8848"
"2,40 : 0.5814"
"40,2 : 0.5814"
"2,41 : 0.5536"
"41,2 : 0.5536"
"2,42 : 0.8587"
"42,2 : 0.8587"
"2,43 : 0.7433"
"43,2 : 0.7433"
"2,44 : 0.7703"
"44,2 : 0.7703"
"2,45 : 0.6122"
"45,2 : 0.6122"
"2,46 : 0.5725"
"46,2 : 0.5725"
"2,47 : 0.8322"
"47,2 : 0.8322"
"2,48 : 0.7566"
"48,2 : 0.7566"
"2,49 : 0.1746"
"49,2 : 0.1746"
"2,50 : 0.3956"
"50,2 : 0.3956"
"2,51 : 0.6727"
"51,2 : 0.6727"
"2,52 : 0.74"
"52,2 : 0.74"
"2,53 : 0.729"
"53,2 : 0.729"
"2,54 : 0.6926"
"54,2 : 0.6926"
"2,55 : 0.7102"
"55,2 : 0.7102"
"2,56 : 0.5022"
"56,2 : 0.5022"
"2,57 : 0.2433"
"57,2 : 0.2433"
"2,58 : 0.13"
"58,2 : 0.13"
"2,59 : 0.7184"
"59,2 : 0.7184"
"2,60 : 0.3962"
"60,2 : 0.3962"
"2,61 : 0.4244"
"61,2 : 0.4244"
"2,62 : 0.5467"
"62,2 : 0.5467"
"2,63 : 0.6227"
"63,2 : 0.6227"
"2,64 : 0.5099"
"64,2 : 0.5099"
"2,65 : 0.8006"
"65,2 : 0.8006"
"2,66 : 0.5001"
"66,2 : 0.5001"
"2,67 : 0.4329"
"67,2 : 0.4329"
"2,68 : 0.2319"
"68,2 : 0.2319"
"2,69 : 0.7299"
"69,2 : 0.7299"
"2,70 : 0.5566"
"70,2 : 0.5566"
"2,71 : 0.2126"
"71,2 : 0.2126"
"2,72 : 0.1628"
"72,2 : 0.1628"
"2,73 : 0.9765"
"73,2 : 0.9765"
"2,74 : 0.0906"
"74,2 : 0.0906"
"2,75 : 0.8964"
"75,2 : 0.8964"
"2,76 : 0.8798"
"76,2 : 0.8798"
"2,77 : 0.3624"
"77,2 : 0.3624"
"2,78 : 0.5652"
"78,2 : 0.5652"
"2,79 : 0.4016"
"79,2 : 0.4016"
"2,80 : 0.481"
"80,2 : 0.481"
"2,81 : 0.7218"
"81,2 : 0.7218"
"2,82 : 0.1769"
"82,2 : 0.1769"
"2,83 : 0.7879"
"83,2 : 0.7879"
"2,84 : 0.882"
"84,2 : 0.882"
"2,85 : 0.8601"
"85,2 : 0.8601"
"2,86 : 0.8233"
"86,2 : 0.8233"
"2,87 : 0.0671"
"87,2 : 0.0671"
"2,88 : 0.8281"
"88,2 : 0.8281"
"2,89 : 0.6707"
"89,2 : 0.6707"
"2,90 : 0.568"
"90,2 : 0.568"
"2,91 : 0.6831"
"91,2 : 0.6831"
"2,92 : 0.47"
"92,2 : 0.47"
"2,93 : 0.6747"
"93,2 : 0.6747"
"2,94 : 0.4295"
"94,2 : 0.4295"
"2,95 : 0.4827"
"95,2 : 0.4827"
"2,96 : 0.3015"
"96,2 : 0.3015"
"2,97 : 0.7566"
"97,2 : 0.7566"
"2,98 : 0.5689"
"98,2 : 0.5689"
"2,99 : 0.54"
"99,2 : 0.54"
"3,4 : 0.6788"
"4,3 : 0.6788"
"3,5 : 0.2707"
"5,3 : 0.2707"
"3,6 : 0.7849"
"6,3 : 0.7849"
"3,7 : 0.4888"
"7,3 : 0.4888"
"3,8 : 0.3829"
"8,3 : 0.3829"
"3,9 : 0.3324"
"9,3 : 0.3324"
"3,10 : 0.5714"
"10,3 : 0.5714"
"3,11 : 0.1612"
"11,3 : 0.1612"
"3,12 : 0.3466"
"12,3 : 0.3466"
"3,13 : 0.6428"
"13,3 : 0.6428"
"3,14 : 0.4808"
"14,3 : 0.4808"
"3,15 : 0.3015"
"15,3 : 0.3015"
"3,16 : 0.2319"
"16,3 : 0.2319"
"3,17 : 0.1992"
"17,3 : 0.1992"
"3,18 : 0.2524"
"18,3 : 0.2524"
"3,19 : 0.5471"
"19,3 : 0.5471"
"3,20 : 0.6306"
"20,3 : 0.6306"
"3,21 : 0.3384"
"21,3 : 0.3384"
"3,22 : 0.6162"
"22,3 : 0.6162"
"3,23 : 0.2902"
"23,3 : 0.2902"
"3,24 : 0.1985"
"24,3 : 0.1985"
"3,25 : 0.483"
"25,3 : 0.483"
"3,26 : 0.4442"
"26,3 : 0.4442"
"3,27 : 0.3985"
"27,3 : 0.3985"
"3,28 : 0.661"
"28,3 : 0.661"
"3,29 : 0.6265"
"29,3 : 0.6265"
"3,30 : 0.2915"
"30,3 : 0.2915"
"3,31 : 0.2022"
"31,3 : 0.2022"
"3,32 : 0.6619"
"32,3 : 0.6619"
"3,33 : 0.4276"
"33,3 : 0.4276"
"3,34 : 0.3102"
"34,3 : 0.3102"
"3,35 : 0.4512"
"35,3 : 0.4512"
"3,36 : 0.4793"
"36,3 : 0.4793"
"3,37 : 0.4579"
"37,3 : 0.4579"
"3,38 : 0.1414"
"38,3 : 0.1414"
"3,39 : 0.6544"
"39,3 : 0.6544"
"3,40 : 0.3635"
"40,3 : 0.3635"
"3,41 : 0.4441"
"41,3 : 0.4441"
"3,42 : 0.6218"
"42,3 : 0.6218"
"3,43 : 0.506"
"43,3 : 0.506"
"3,44 : 0.5609"
"44,3 : 0.5609"
"3,45 : 0.3895"
"45,3 : 0.3895"
"3,46 : 0.4219"
"46,3 : 0.4219"
"3,47 : 0.5946"
"47,3 : 0.5946"
"3,48 : 0.5301"
"48,3 : 0.5301"
"3,49 : 0.0632"
"49,3 : 0.0632"
"3,50 : 0.4827"
"50,3 : 0.4827"
"3,51 : 0.4561"
"51,3 : 0.4561"
"3,52 : 0.5825"
"52,3 : 0.5825"
"3,53 : 0.4924"
"53,3 : 0.4924"
"3,54 : 0.5325"
"54,3 : 0.5325"
"3,55 : 0.4809"
"55,3 : 0.4809"
"3,56 : 0.4249"
"56,3 : 0.4249"
"3,57 : 0.0539"
"57,3 : 0.0539"
"3,58 : 0.1726"
"58,3 : 0.1726"
"3,59 : 0.4827"
"59,3 : 0.4827"
"3,60 : 0.3354"
"60,3 : 0.3354"
"3,61 : 0.3547"
"61,3 : 0.3547"
"3,62 : 0.3547"
"62,3 : 0.3547"
"3,63 : 0.4589"
"63,3 : 0.4589"
"3,64 : 0.4851"
"64,3 : 0.4851"
"3,65 : 0.5968"
"65,3 : 0.5968"
"3,66 : 0.5122"
"66,3 : 0.5122"
"3,67 : 0.3801"
"67,3 : 0.3801"
"3,68 : 0.3722"
"68,3 : 0.3722"
"3,69 : 0.5423"
"69,3 : 0.5423"
"3,70 : 0.4428"
"70,3 : 0.4428"
"3,71 : 0.2377"
"71,3 : 0.2377"
"3,72 : 0.3912"
"72,3 : 0.3912"
"3,73 : 0.7465"
"73,3 : 0.7465"
"3,74 : 0.23"
"74,3 : 0.23"
"3,75 : 0.6718"
"75,3 : 0.6718"
"3,76 : 0.6464"
"76,3 : 0.6464"
"3,77 : 0.2786"
"77,3 : 0.2786"
"3,78 : 0.4687"
"78,3 : 0.4687"
"3,79 : 0.3036"
"79,3 : 0.3036"
"3,80 : 0.2729"
"80,3 : 0.2729"
"3,81 : 0.4916"
"81,3 : 0.4916"
"3,82 : 0.3513"
"82,3 : 0.3513"
"3,83 : 0.5504"
"83,3 : 0.5504"
"3,84 : 0.65"
"84,3 : 0.65"
"3,85 : 0.6224"
"85,3 : 0.6224"
"3,86 : 0.6014"
"86,3 : 0.6014"
"3,87 : 0.3046"
"87,3 : 0.3046"
"3,88 : 0.6107"
"88,3 : 0.6107"
"3,89 : 0.4332"
"89,3 : 0.4332"
"3,90 : 0.4469"
"90,3 : 0.4469"
"3,91 : 0.5243"
"91,3 : 0.5243"
"3,92 : 0.4391"
"92,3 : 0.4391"
"3,93 : 0.4965"
"93,3 : 0.4965"
"3,94 : 0.3191"
"94,3 : 0.3191"
"3,95 : 0.4272"
"95,3 : 0.4272"
"3,96 : 0.3265"
"96,3 : 0.3265"
"3,97 : 0.5215"
"97,3 : 0.5215"
"3,98 : 0.3895"
"98,3 : 0.3895"
"3,99 : 0.5009"
"99,3 : 0.5009"
"4,5 : 0.5423"
"5,4 : 0.5423"
"4,6 : 0.9356"
"6,4 : 0.9356"
"4,7 : 0.9289"
"7,4 : 0.9289"
"4,8 : 0.7543"
"8,4 : 0.7543"
"4,9 : 0.89"
"9,4 : 0.89"
"4,10 : 1.2433"
"10,4 : 1.2433"
"4,11 : 0.7882"
"11,4 : 0.7882"
"4,12 : 0.7684"
"12,4 : 0.7684"
"4,13 : 0.4494"
"13,4 : 0.4494"
"4,14 : 0.198"
"14,4 : 0.198"
"4,15 : 0.4847"
"15,4 : 0.4847"
"4,16 : 0.8742"
"16,4 : 0.8742"
"4,17 : 0.5104"
"17,4 : 0.5104"
"4,18 : 0.6762"
"18,4 : 0.6762"
"4,19 : 0.7601"
"19,4 : 0.7601"
"4,20 : 0.7741"
"20,4 : 0.7741"
"4,21 : 0.994"
"21,4 : 0.994"
"4,22 : 0.8902"
"22,4 : 0.8902"
"4,23 : 0.507"
"23,4 : 0.507"
"4,24 : 0.8769"
"24,4 : 0.8769"
"4,25 : 0.7018"
"25,4 : 0.7018"
"4,26 : 0.2693"
"26,4 : 0.2693"
"4,27 : 0.6083"
"27,4 : 0.6083"
"4,28 : 0.6963"
"28,4 : 0.6963"
"4,29 : 0.2377"
"29,4 : 0.2377"
"4,30 : 0.9643"
"30,4 : 0.9643"
"4,31 : 0.85"
"31,4 : 0.85"
"4,32 : 0.211"
"32,4 : 0.211"
"4,33 : 0.5632"
"33,4 : 0.5632"
"4,34 : 0.9296"
"34,4 : 0.9296"
"4,35 : 0.9954"
"35,4 : 0.9954"
"4,36 : 0.9646"
"36,4 : 0.9646"
"4,37 : 0.2563"
"37,4 : 0.2563"
"4,38 : 0.6934"
"38,4 : 0.6934"
"4,39 : 0.8905"
"39,4 : 0.8905"
"4,40 : 0.4464"
"40,4 : 0.4464"
"4,41 : 1.0668"
"41,4 : 1.0668"
"4,42 : 0.7732"
"42,4 : 0.7732"
"4,43 : 0.64"
"43,4 : 0.64"
"4,44 : 0.3766"
"44,4 : 0.3766"
"4,45 : 0.8008"
"45,4 : 0.8008"
"4,46 : 1.0018"
"46,4 : 1.0018"
"4,47 : 0.6847"
"47,4 : 0.6847"
"4,48 : 0.4925"
"48,4 : 0.4925"
"4,49 : 0.7094"
"49,4 : 0.7094"
"4,50 : 0.5901"
"50,4 : 0.5901"
"4,51 : 0.8635"
"51,4 : 0.8635"
"4,52 : 0.15"
"52,4 : 0.15"
"4,53 : 0.7217"
"53,4 : 0.7217"
"4,54 : 0.1844"
"54,4 : 0.1844"
"4,55 : 0.51"
"55,4 : 0.51"
"4,56 : 0.3068"
"56,4 : 0.3068"
"4,57 : 0.6297"
"57,4 : 0.6297"
"4,58 : 0.8262"
"58,4 : 0.8262"
"4,59 : 0.5901"
"59,4 : 0.5901"
"4,60 : 1.0026"
"60,4 : 1.0026"
"4,61 : 0.3808"
"61,4 : 0.3808"
"4,62 : 0.8824"
"62,4 : 0.8824"
"4,63 : 1.0085"
"63,4 : 1.0085"
"4,64 : 0.3601"
"64,4 : 0.3601"
"4,65 : 1.0045"
"65,4 : 1.0045"
"4,66 : 1.1893"
"66,4 : 1.1893"
"4,67 : 1.0464"
"67,4 : 1.0464"
"4,68 : 0.6888"
"68,4 : 0.6888"
"4,69 : 0.2707"
"69,4 : 0.2707"
"4,70 : 1.0617"
"70,4 : 1.0617"
"4,71 : 0.5951"
"71,4 : 0.5951"
"4,72 : 0.8538"
"72,4 : 0.8538"
"4,73 : 0.9552"
"73,4 : 0.9552"
"4,74 : 0.857"
"74,4 : 0.857"
"4,75 : 0.95"
"75,4 : 0.95"
"4,76 : 0.8515"
"76,4 : 0.8515"
"4,77 : 0.4391"
"77,4 : 0.4391"
"4,78 : 1.0993"
"78,4 : 1.0993"
"4,79 : 0.958"
"79,4 : 0.958"
"4,80 : 0.8006"
"80,4 : 0.8006"
"4,81 : 0.5201"
"81,4 : 0.5201"
"4,82 : 0.9742"
"82,4 : 0.9742"
"4,83 : 0.7103"
"83,4 : 0.7103"
"4,84 : 0.8709"
"84,4 : 0.8709"
"4,85 : 0.7355"
"85,4 : 0.7355"
"4,86 : 0.9227"
"86,4 : 0.9227"
"4,87 : 0.841"
"87,4 : 0.841"
"4,88 : 0.9543"
"88,4 : 0.9543"
"4,89 : 0.6239"
"89,4 : 0.6239"
"4,90 : 0.236"
"90,4 : 0.236"
"4,91 : 0.1868"
"91,4 : 0.1868"
"4,92 : 1.1089"
"92,4 : 1.1089"
"4,93 : 0.2532"
"93,4 : 0.2532"
"4,94 : 0.3744"
"94,4 : 0.3744"
"4,95 : 0.3396"
"95,4 : 0.3396"
"4,96 : 1.0045"
"96,4 : 1.0045"
"4,97 : 0.7611"
"97,4 : 0.7611"
"4,98 : 0.322"
"98,4 : 0.322"
"4,99 : 1.164"
"99,4 : 1.164"
"5,6 : 0.5664"
"6,5 : 0.5664"
"5,7 : 0.4005"
"7,5 : 0.4005"
"5,8 : 0.6054"
"8,5 : 0.6054"
"5,9 : 0.3499"
"9,5 : 0.3499"
"5,10 : 0.7403"
"10,5 : 0.7403"
"5,11 : 0.4319"
"11,5 : 0.4319"
"5,12 : 0.5814"
"12,5 : 0.5814"
"5,13 : 0.3785"
"13,5 : 0.3785"
"5,14 : 0.3667"
"14,5 : 0.3667"
"5,15 : 0.4"
"15,5 : 0.4"
"5,16 : 0.3662"
"16,5 : 0.3662"
"5,17 : 0.297"
"17,5 : 0.297"
"5,18 : 0.1342"
"18,5 : 0.1342"
"5,19 : 0.328"
"19,5 : 0.328"
"5,20 : 0.3962"
"20,5 : 0.3962"
"5,21 : 0.5968"
"21,5 : 0.5968"
"5,22 : 0.4338"
"22,5 : 0.4338"
"5,23 : 0.0361"
"23,5 : 0.0361"
"5,24 : 0.4206"
"24,5 : 0.4206"
"5,25 : 0.2561"
"25,5 : 0.2561"
"5,26 : 0.402"
"26,5 : 0.402"
"5,27 : 0.5587"
"27,5 : 0.5587"
"5,28 : 0.4025"
"28,5 : 0.4025"
"5,29 : 0.4104"
"29,5 : 0.4104"
"5,30 : 0.536"
"30,5 : 0.536"
"5,31 : 0.3499"
"31,5 : 0.3499"
"5,32 : 0.4525"
"32,5 : 0.4525"
"5,33 : 0.5622"
"33,5 : 0.5622"
"5,34 : 0.4031"
"34,5 : 0.4031"
"5,35 : 0.4531"
"35,5 : 0.4531"
"5,36 : 0.4276"
"36,5 : 0.4276"
"5,37 : 0.4111"
"37,5 : 0.4111"
"5,38 : 0.1879"
"38,5 : 0.1879"
"5,39 : 0.4579"
"39,5 : 0.4579"
"5,40 : 0.114"
"40,5 : 0.114"
"5,41 : 0.5341"
"41,5 : 0.5341"
"5,42 : 0.389"
"42,5 : 0.389"
"5,43 : 0.2524"
"43,5 : 0.2524"
"5,44 : 0.3087"
"44,5 : 0.3087"
"5,45 : 0.2702"
"45,5 : 0.2702"
"5,46 : 0.4614"
"46,5 : 0.4614"
"5,47 : 0.3413"
"47,5 : 0.3413"
"5,48 : 0.2602"
"48,5 : 0.2602"
"5,49 : 0.3324"
"49,5 : 0.3324"
"5,50 : 0.6201"
"50,5 : 0.6201"
"5,51 : 0.3401"
"51,5 : 0.3401"
"5,52 : 0.4082"
"52,5 : 0.4082"
"5,53 : 0.272"
"53,5 : 0.272"
"5,54 : 0.3624"
"54,5 : 0.3624"
"5,55 : 0.2102"
"55,5 : 0.2102"
"5,56 : 0.4079"
"56,5 : 0.4079"
"5,57 : 0.2596"
"57,5 : 0.2596"
"5,58 : 0.4401"
"58,5 : 0.4401"
"5,59 : 0.2193"
"59,5 : 0.2193"
"5,60 : 0.5048"
"60,5 : 0.5048"
"5,61 : 0.377"
"61,5 : 0.377"
"5,62 : 0.3401"
"62,5 : 0.3401"
"5,63 : 0.4662"
"63,5 : 0.4662"
"5,64 : 0.5124"
"64,5 : 0.5124"
"5,65 : 0.4916"
"65,5 : 0.4916"
"5,66 : 0.7018"
"66,5 : 0.7018"
"5,67 : 0.5441"
"67,5 : 0.5441"
"5,68 : 0.572"
"68,5 : 0.572"
"5,69 : 0.3253"
"69,5 : 0.3253"
"5,70 : 0.528"
"70,5 : 0.528"
"5,71 : 0.414"
"71,5 : 0.414"
"5,72 : 0.6426"
"72,5 : 0.6426"
"5,73 : 0.5464"
"73,5 : 0.5464"
"5,74 : 0.5004"
"74,5 : 0.5004"
"5,75 : 0.4966"
"75,5 : 0.4966"
"5,76 : 0.436"
"76,5 : 0.436"
"5,77 : 0.3276"
"77,5 : 0.3276"
"5,78 : 0.5685"
"78,5 : 0.5685"
"5,79 : 0.45"
"79,5 : 0.45"
"5,80 : 0.2608"
"80,5 : 0.2608"
"5,81 : 0.2209"
"81,5 : 0.2209"
"5,82 : 0.6201"
"82,5 : 0.6201"
"5,83 : 0.3114"
"83,5 : 0.3114"
"5,84 : 0.4465"
"84,5 : 0.4465"
"5,85 : 0.378"
"85,5 : 0.378"
"5,86 : 0.4427"
"86,5 : 0.4427"
"5,87 : 0.5675"
"87,5 : 0.5675"
"5,88 : 0.4657"
"88,5 : 0.4657"
"5,89 : 0.1844"
"89,5 : 0.1844"
"5,90 : 0.3606"
"90,5 : 0.3606"
"5,91 : 0.3578"
"91,5 : 0.3578"
"5,92 : 0.608"
"92,5 : 0.608"
"5,93 : 0.3023"
"93,5 : 0.3023"
"5,94 : 0.3068"
"94,5 : 0.3068"
"5,95 : 0.4368"
"95,5 : 0.4368"
"5,96 : 0.5536"
"96,5 : 0.5536"
"5,97 : 0.3106"
"97,5 : 0.3106"
"5,98 : 0.2214"
"98,5 : 0.2214"
"5,99 : 0.6519"
"99,5 : 0.6519"
"6,7 : 0.4005"
"7,6 : 0.4005"
"6,8 : 1.1588"
"8,6 : 1.1588"
"6,9 : 0.5727"
"9,6 : 0.5727"
"6,10 : 0.9608"
"10,6 : 0.9608"
"6,11 : 0.9315"
"11,6 : 0.9315"
"6,12 : 1.128"
"12,6 : 1.128"
"6,13 : 0.5001"
"13,6 : 0.5001"
"6,14 : 0.8393"
"14,6 : 0.8393"
"6,15 : 0.9654"
"15,6 : 0.9654"
"6,16 : 0.7117"
"16,6 : 0.7117"
"6,17 : 0.8631"
"17,6 : 0.8631"
"6,18 : 0.5325"
"18,6 : 0.5325"
"6,19 : 0.2408"
"19,6 : 0.2408"
"6,20 : 0.1749"
"20,6 : 0.1749"
"6,21 : 1.0246"
"21,6 : 1.0246"
"6,22 : 0.1924"
"22,6 : 0.1924"
"6,23 : 0.5763"
"23,6 : 0.5763"
"6,24 : 0.8322"
"24,6 : 0.8322"
"6,25 : 0.3111"
"25,6 : 0.3111"
"6,26 : 0.9213"
"26,6 : 0.9213"
"6,27 : 1.1249"
"27,6 : 1.1249"
"6,28 : 0.2408"
"28,6 : 0.2408"
"6,29 : 0.7046"
"29,6 : 0.7046"
"6,30 : 0.9456"
"30,6 : 0.9456"
"6,31 : 0.7211"
"31,6 : 0.7211"
"6,32 : 0.7424"
"32,6 : 0.7424"
"6,33 : 1.1281"
"33,6 : 1.1281"
"6,34 : 0.6727"
"34,6 : 0.6727"
"6,35 : 0.55"
"35,6 : 0.55"
"6,36 : 0.46"
"36,6 : 0.46"
"6,37 : 0.9257"
"37,6 : 0.9257"
"6,38 : 0.6466"
"38,6 : 0.6466"
"6,39 : 0.1432"
"39,6 : 0.1432"
"6,40 : 0.5694"
"40,6 : 0.5694"
"6,41 : 0.71"
"41,6 : 0.71"
"6,42 : 0.1803"
"42,6 : 0.1803"
"6,43 : 0.3276"
"43,6 : 0.3276"
"6,44 : 0.559"
"44,6 : 0.559"
"6,45 : 0.4179"
"45,6 : 0.4179"
"6,46 : 0.6103"
"46,6 : 0.6103"
"6,47 : 0.2563"
"47,6 : 0.2563"
"6,48 : 0.4464"
"48,6 : 0.4464"
"6,49 : 0.846"
"49,6 : 0.846"
"6,50 : 1.1856"
"50,6 : 1.1856"
"6,51 : 0.3785"
"51,6 : 0.3785"
"6,52 : 0.7885"
"52,6 : 0.7885"
"6,53 : 0.2973"
"53,6 : 0.2973"
"6,54 : 0.7692"
"54,6 : 0.7692"
"6,55 : 0.4438"
"55,6 : 0.4438"
"6,56 : 0.9402"
"56,6 : 0.9402"
"6,57 : 0.7981"
"57,6 : 0.7981"
"6,58 : 0.9168"
"58,6 : 0.9168"
"6,59 : 0.3759"
"59,6 : 0.3759"
"6,60 : 0.8122"
"60,6 : 0.8122"
"6,61 : 0.9291"
"61,6 : 0.9291"
"6,62 : 0.5315"
"62,6 : 0.5315"
"6,63 : 0.5601"
"63,6 : 0.5601"
"6,64 : 1.0531"
"64,6 : 1.0531"
"6,65 : 0.3471"
"65,6 : 0.3471"
"6,66 : 0.9708"
"66,6 : 0.9708"
"6,67 : 0.8261"
"67,6 : 0.8261"
"6,68 : 1.1328"
"68,6 : 1.1328"
"6,69 : 0.6671"
"69,6 : 0.6671"
"6,70 : 0.7"
"70,6 : 0.7"
"6,71 : 0.9762"
"71,6 : 0.9762"
"6,72 : 1.176"
"72,6 : 1.176"
"6,73 : 0.0762"
"73,6 : 0.0762"
"6,74 : 0.9839"
"74,6 : 0.9839"
"6,75 : 0.1726"
"75,6 : 0.1726"
"6,76 : 0.1389"
"76,6 : 0.1389"
"6,77 : 0.8902"
"77,6 : 0.8902"
"6,78 : 0.7403"
"78,6 : 0.7403"
"6,79 : 0.755"
"79,6 : 0.755"
"6,80 : 0.5571"
"80,6 : 0.5571"
"6,81 : 0.4308"
"81,6 : 0.4308"
"6,82 : 1.0808"
"82,6 : 1.0808"
"6,83 : 0.2581"
"83,6 : 0.2581"
"6,84 : 0.1393"
"84,6 : 0.1393"
"6,85 : 0.2062"
"85,6 : 0.2062"
"6,86 : 0.24"
"86,6 : 0.24"
"6,87 : 1.0856"
"87,6 : 1.0856"
"6,88 : 0.2617"
"88,6 : 0.2617"
"6,89 : 0.3842"
"89,6 : 0.3842"
"6,90 : 0.8591"
"90,6 : 0.8591"
"6,91 : 0.772"
"91,6 : 0.772"
"6,92 : 0.8721"
"92,6 : 0.8721"
"6,93 : 0.7021"
"93,6 : 0.7021"
"6,94 : 0.857"
"94,6 : 0.857"
"6,95 : 0.9775"
"95,6 : 0.9775"
"6,96 : 0.9289"
"96,6 : 0.9289"
"6,97 : 0.264"
"97,6 : 0.264"
"6,98 : 0.7021"
"98,6 : 0.7021"
"6,99 : 0.8701"
"99,6 : 0.8701"
"7,8 : 0.8684"
"8,7 : 0.8684"
"7,9 : 0.1887"
"9,7 : 0.1887"
"7,10 : 0.5632"
"10,7 : 0.5632"
"7,11 : 0.6014"
"11,7 : 0.6014"
"7,12 : 0.828"
"12,7 : 0.828"
"7,13 : 0.6185"
"13,7 : 0.6185"
"7,14 : 0.7653"
"14,7 : 0.7653"
"7,15 : 0.7529"
"15,7 : 0.7529"
"7,16 : 0.3384"
"16,7 : 0.3384"
"7,17 : 0.6389"
"17,7 : 0.6389"
"7,18 : 0.2828"
"18,7 : 0.2828"
"7,19 : 0.2608"
"19,7 : 0.2608"
"7,20 : 0.3362"
"20,7 : 0.3362"
"7,21 : 0.6488"
"21,7 : 0.6488"
"7,22 : 0.2102"
"22,7 : 0.2102"
"7,23 : 0.4319"
"23,7 : 0.4319"
"7,24 : 0.4662"
"24,7 : 0.4662"
"7,25 : 0.2691"
"25,7 : 0.2691"
"7,26 : 0.8002"
"26,7 : 0.8002"
"7,27 : 0.8814"
"27,7 : 0.8814"
"7,28 : 0.4391"
"28,7 : 0.4391"
"7,29 : 0.7515"
"29,7 : 0.7515"
"7,30 : 0.5682"
"30,7 : 0.5682"
"7,31 : 0.3561"
"31,7 : 0.3561"
"7,32 : 0.7962"
"32,7 : 0.7962"
"7,33 : 0.9025"
"33,7 : 0.9025"
"7,34 : 0.2823"
"34,7 : 0.2823"
"7,35 : 0.1513"
"35,7 : 0.1513"
"7,36 : 0.0632"
"36,7 : 0.0632"
"7,37 : 0.8101"
"37,7 : 0.8101"
"7,38 : 0.3534"
"38,7 : 0.3534"
"7,39 : 0.2602"
"39,7 : 0.2602"
"7,40 : 0.4827"
"40,7 : 0.4827"
"7,41 : 0.3106"
"41,7 : 0.3106"
"7,42 : 0.327"
"42,7 : 0.327"
"7,43 : 0.3471"
"43,7 : 0.3471"
"7,44 : 0.609"
"44,7 : 0.609"
"7,45 : 0.1304"
"45,7 : 0.1304"
"7,46 : 0.21"
"46,7 : 0.21"
"7,47 : 0.3801"
"47,7 : 0.3801"
"7,48 : 0.4965"
"48,7 : 0.4965"
"7,49 : 0.5382"
"49,7 : 0.5382"
"7,50 : 0.9601"
"50,7 : 0.9601"
"7,51 : 0.0671"
"51,7 : 0.0671"
"7,52 : 0.7845"
"52,7 : 0.7845"
"7,53 : 0.2546"
"53,7 : 0.2546"
"7,54 : 0.7446"
"54,7 : 0.7446"
"7,55 : 0.4528"
"55,7 : 0.4528"
"7,56 : 0.8022"
"56,7 : 0.8022"
"7,57 : 0.5233"
"57,7 : 0.5233"
"7,58 : 0.5731"
"58,7 : 0.5731"
"7,59 : 0.3801"
"59,7 : 0.3801"
"7,60 : 0.4176"
"60,7 : 0.4176"
"7,61 : 0.7595"
"61,7 : 0.7595"
"7,62 : 0.15"
"62,7 : 0.15"
"7,63 : 0.1628"
"63,7 : 0.1628"
"7,64 : 0.8994"
"64,7 : 0.8994"
"7,65 : 0.1082"
"65,7 : 0.1082"
"7,66 : 0.5704"
"66,7 : 0.5704"
"7,67 : 0.4276"
"67,7 : 0.4276"
"7,68 : 0.8609"
"68,7 : 0.8609"
"7,69 : 0.6778"
"69,7 : 0.6778"
"7,70 : 0.3007"
"70,7 : 0.3007"
"7,71 : 0.7201"
"71,7 : 0.7201"
"7,72 : 0.8563"
"72,7 : 0.8563"
"7,73 : 0.3338"
"73,7 : 0.3338"
"7,74 : 0.6378"
"74,7 : 0.6378"
"7,75 : 0.2354"
"75,7 : 0.2354"
"7,76 : 0.2844"
"76,7 : 0.2844"
"7,77 : 0.6963"
"77,7 : 0.6963"
"7,78 : 0.3423"
"78,7 : 0.3423"
"7,79 : 0.364"
"79,7 : 0.364"
"7,80 : 0.2163"
"80,7 : 0.2163"
"7,81 : 0.4494"
"81,7 : 0.4494"
"7,82 : 0.7156"
"82,7 : 0.7156"
"7,83 : 0.314"
"83,7 : 0.314"
"7,84 : 0.2717"
"84,7 : 0.2717"
"7,85 : 0.3624"
"85,7 : 0.3624"
"7,86 : 0.1612"
"86,7 : 0.1612"
"7,87 : 0.7566"
"87,7 : 0.7566"
"7,88 : 0.1487"
"88,7 : 0.1487"
"7,89 : 0.3225"
"89,7 : 0.3225"
"7,90 : 0.7611"
"90,7 : 0.7611"
"7,91 : 0.7422"
"91,7 : 0.7422"
"7,92 : 0.4717"
"92,7 : 0.4717"
"7,93 : 0.6772"
"93,7 : 0.6772"
"7,94 : 0.6946"
"94,7 : 0.6946"
"7,95 : 0.8261"
"95,7 : 0.8261"
"7,96 : 0.5423"
"96,7 : 0.5423"
"7,97 : 0.236"
"97,7 : 0.236"
"7,98 : 0.6166"
"98,7 : 0.6166"
"7,99 : 0.471"
"99,7 : 0.471"
"8,9 : 0.6984"
"9,8 : 0.6984"
"8,10 : 0.7723"
"10,8 : 0.7723"
"8,11 : 0.2846"
"11,8 : 0.2846"
"8,12 : 0.05"
"12,8 : 0.05"
"8,13 : 0.9192"
"13,8 : 0.9192"
"8,14 : 0.5921"
"14,8 : 0.5921"
"8,15 : 0.2802"
"15,8 : 0.2802"
"8,16 : 0.5646"
"16,8 : 0.5646"
"8,17 : 0.3257"
"17,8 : 0.3257"
"8,18 : 0.6297"
"18,8 : 0.6297"
"8,19 : 0.9183"
"19,8 : 0.9183"
"8,20 : 0.9962"
"20,8 : 0.9962"
"8,21 : 0.4061"
"21,8 : 0.4061"
"8,22 : 0.997"
"22,8 : 0.997"
"8,23 : 0.6083"
"23,8 : 0.6083"
"8,24 : 0.4561"
"24,8 : 0.4561"
"8,25 : 0.85"
"25,8 : 0.85"
"8,26 : 0.4884"
"26,8 : 0.4884"
"8,27 : 0.1581"
"27,8 : 0.1581"
"8,28 : 1.0072"
"28,8 : 1.0072"
"8,29 : 0.8205"
"29,8 : 0.8205"
"8,30 : 0.44"
"30,8 : 0.44"
"8,31 : 0.5371"
"31,8 : 0.5371"
"8,32 : 0.8401"
"32,8 : 0.8401"
"8,33 : 0.214"
"33,8 : 0.214"
"8,34 : 0.6462"
"34,8 : 0.6462"
"8,35 : 0.8096"
"35,8 : 0.8096"
"8,36 : 0.8523"
"36,8 : 0.8523"
"8,37 : 0.5001"
"37,8 : 0.5001"
"8,38 : 0.524"
"38,8 : 0.524"
"8,39 : 1.0332"
"39,8 : 1.0332"
"8,40 : 0.6555"
"40,8 : 0.6555"
"8,41 : 0.7543"
"41,8 : 0.7543"
"8,42 : 0.9881"
"42,8 : 0.9881"
"8,43 : 0.8576"
"43,8 : 0.8576"
"8,44 : 0.82"
"44,8 : 0.82"
"8,45 : 0.7723"
"45,8 : 0.7723"
"8,46 : 0.7669"
"46,8 : 0.7669"
"8,47 : 0.9467"
"47,8 : 0.9467"
"8,48 : 0.8357"
"48,8 : 0.8357"
"8,49 : 0.3302"
"49,8 : 0.3302"
"8,50 : 0.228"
"50,8 : 0.228"
"8,51 : 0.8387"
"51,8 : 0.8387"
"8,52 : 0.7311"
"52,8 : 0.7311"
"8,53 : 0.8621"
"53,8 : 0.8621"
"8,54 : 0.6901"
"54,8 : 0.6901"
"8,55 : 0.7971"
"55,8 : 0.7971"
"8,56 : 0.4491"
"56,8 : 0.4491"
"8,57 : 0.3612"
"57,8 : 0.3612"
"8,58 : 0.3298"
"58,8 : 0.3298"
"8,59 : 0.8237"
"59,8 : 0.8237"
"8,60 : 0.5984"
"60,8 : 0.5984"
"8,61 : 0.3821"
"61,8 : 0.3821"
"8,62 : 0.7272"
"62,8 : 0.7272"
"8,63 : 0.8144"
"63,8 : 0.8144"
"8,64 : 0.4115"
"64,8 : 0.4115"
"8,65 : 0.9765"
"65,8 : 0.9765"
"8,66 : 0.6935"
"66,8 : 0.6935"
"8,67 : 0.6351"
"67,8 : 0.6351"
"8,68 : 0.0671"
"68,8 : 0.0671"
"8,69 : 0.7543"
"69,8 : 0.7543"
"8,70 : 0.7569"
"70,8 : 0.7569"
"8,71 : 0.1992"
"71,8 : 0.1992"
"8,72 : 0.1131"
"72,8 : 0.1131"
"8,73 : 1.1254"
"73,8 : 1.1254"
"8,74 : 0.2907"
"74,8 : 0.2907"
"8,75 : 1.0538"
"75,8 : 1.0538"
"8,76 : 1.0218"
"76,8 : 1.0218"
"8,77 : 0.3513"
"77,8 : 0.3513"
"8,78 : 0.7669"
"78,8 : 0.7669"
"8,79 : 0.6017"
"79,8 : 0.6017"
"8,80 : 0.6522"
"80,8 : 0.6522"
"8,81 : 0.8102"
"81,8 : 0.8102"
"8,82 : 0.3353"
"82,8 : 0.3353"
"8,83 : 0.9126"
"83,8 : 0.9126"
"8,84 : 1.0273"
"84,8 : 1.0273"
"8,85 : 0.9818"
"85,8 : 0.9818"
"8,86 : 0.9841"
"86,8 : 0.9841"
"8,87 : 0.1726"
"87,8 : 0.1726"
"8,88 : 0.9936"
"88,8 : 0.9936"
"8,89 : 0.7877"
"89,8 : 0.7877"
"8,90 : 0.5423"
"90,8 : 0.5423"
"8,91 : 0.6801"
"91,8 : 0.6801"
"8,92 : 0.6707"
"92,8 : 0.6707"
"8,93 : 0.6926"
"93,8 : 0.6926"
"8,94 : 0.4205"
"94,8 : 0.4205"
"8,95 : 0.4148"
"95,8 : 0.4148"
"8,96 : 0.5"
"96,8 : 0.5"
"8,97 : 0.895"
"97,8 : 0.895"
"8,98 : 0.5984"
"98,8 : 0.5984"
"8,99 : 0.7406"
"99,8 : 0.7406"
"9,10 : 0.4308"
"10,9 : 0.4308"
"9,11 : 0.422"
"11,9 : 0.422"
"9,12 : 0.6551"
"12,9 : 0.6551"
"9,13 : 0.6685"
"13,9 : 0.6685"
"9,14 : 0.7058"
"14,9 : 0.7058"
"9,15 : 0.6229"
"15,9 : 0.6229"
"9,16 : 0.15"
"16,9 : 0.15"
"9,17 : 0.5109"
"17,9 : 0.5109"
"9,18 : 0.2163"
"18,9 : 0.2163"
"9,19 : 0.3821"
"19,9 : 0.3821"
"9,20 : 0.471"
"20,9 : 0.471"
"9,21 : 0.4607"
"21,9 : 0.4607"
"9,22 : 0.3808"
"22,9 : 0.3808"
"9,23 : 0.3859"
"23,9 : 0.3859"
"9,24 : 0.278"
"24,9 : 0.278"
"9,25 : 0.3544"
"25,9 : 0.3544"
"9,26 : 0.7139"
"26,9 : 0.7139"
"9,27 : 0.7308"
"27,9 : 0.7308"
"9,28 : 0.5532"
"28,9 : 0.5532"
"9,29 : 0.7529"
"29,9 : 0.7529"
"9,30 : 0.3801"
"30,9 : 0.3801"
"9,31 : 0.1697"
"31,9 : 0.1697"
"9,32 : 0.7965"
"32,9 : 0.7965"
"9,33 : 0.7593"
"33,9 : 0.7593"
"9,34 : 0.1005"
"34,9 : 0.1005"
"9,35 : 0.1204"
"35,9 : 0.1204"
"9,36 : 0.1562"
"36,9 : 0.1562"
"9,37 : 0.7257"
"37,9 : 0.7257"
"9,38 : 0.2202"
"38,9 : 0.2202"
"9,39 : 0.4295"
"39,9 : 0.4295"
"9,40 : 0.458"
"40,9 : 0.458"
"9,41 : 0.1921"
"41,9 : 0.1921"
"9,42 : 0.461"
"42,9 : 0.461"
"9,43 : 0.4215"
"43,9 : 0.4215"
"9,44 : 0.6297"
"44,9 : 0.6297"
"9,45 : 0.1726"
"45,9 : 0.1726"
"9,46 : 0.1118"
"46,9 : 0.1118"
"9,47 : 0.4851"
"47,9 : 0.4851"
"9,48 : 0.5382"
"48,9 : 0.5382"
"9,49 : 0.3716"
"49,9 : 0.3716"
"9,50 : 0.8149"
"50,9 : 0.8149"
"9,51 : 0.1942"
"51,9 : 0.1942"
"9,52 : 0.758"
"52,9 : 0.758"
"9,53 : 0.3493"
"53,9 : 0.3493"
"9,54 : 0.712"
"54,9 : 0.712"
"9,55 : 0.486"
"55,9 : 0.486"
"9,56 : 0.7071"
"56,9 : 0.7071"
"9,57 : 0.3766"
"57,9 : 0.3766"
"9,58 : 0.3895"
"58,9 : 0.3895"
"9,59 : 0.4342"
"59,9 : 0.4342"
"9,60 : 0.2408"
"60,9 : 0.2408"
"9,61 : 0.6512"
"61,9 : 0.6512"
"9,62 : 0.0412"
"62,9 : 0.0412"
"9,63 : 0.13"
"63,9 : 0.13"
"9,64 : 0.7906"
"64,9 : 0.7906"
"9,65 : 0.2907"
"65,9 : 0.2907"
"9,66 : 0.4177"
"66,9 : 0.4177"
"9,67 : 0.2608"
"67,9 : 0.2608"
"9,68 : 0.6986"
"68,9 : 0.6986"
"9,69 : 0.6701"
"69,9 : 0.6701"
"9,70 : 0.1844"
"70,9 : 0.1844"
"9,71 : 0.5701"
"71,9 : 0.5701"
"9,72 : 0.6762"
"72,9 : 0.6762"
"9,73 : 0.5124"
"73,9 : 0.5124"
"9,74 : 0.4525"
"74,9 : 0.4525"
"9,75 : 0.4179"
"75,9 : 0.4179"
"9,76 : 0.4428"
"76,9 : 0.4428"
"9,77 : 0.5801"
"77,9 : 0.5801"
"9,78 : 0.228"
"78,9 : 0.228"
"9,79 : 0.1825"
"79,9 : 0.1825"
"9,80 : 0.0894"
"80,9 : 0.0894"
"9,81 : 0.4883"
"81,9 : 0.4883"
"9,82 : 0.527"
"82,9 : 0.527"
"9,83 : 0.4198"
"83,9 : 0.4198"
"9,84 : 0.4357"
"84,9 : 0.4357"
"9,85 : 0.4851"
"85,9 : 0.4851"
"9,86 : 0.3418"
"86,9 : 0.3418"
"9,87 : 0.5749"
"87,9 : 0.5749"
"9,88 : 0.3354"
"88,9 : 0.3354"
"9,89 : 0.3672"
"89,9 : 0.3672"
"9,90 : 0.6896"
"90,9 : 0.6896"
"9,91 : 0.7071"
"91,9 : 0.7071"
"9,92 : 0.3158"
"92,9 : 0.3158"
"9,93 : 0.6519"
"93,9 : 0.6519"
"9,94 : 0.5954"
"94,9 : 0.5954"
"9,95 : 0.7225"
"95,9 : 0.7225"
"9,96 : 0.3574"
"96,9 : 0.3574"
"9,97 : 0.3523"
"97,9 : 0.3523"
"9,98 : 0.568"
"98,9 : 0.568"
"9,99 : 0.3362"
"99,9 : 0.3362"
"10,11 : 0.522"
"11,10 : 0.522"
"10,12 : 0.7225"
"12,10 : 0.7225"
"10,13 : 1.0927"
"13,10 : 1.0927"
"10,14 : 1.0464"
"14,10 : 1.0464"
"10,15 : 0.8509"
"15,10 : 0.8509"
"10,16 : 0.3754"
"16,10 : 0.3754"
"10,17 : 0.7654"
"17,10 : 0.7654"
"10,18 : 0.6213"
"18,10 : 0.6213"
"10,19 : 0.8052"
"19,10 : 0.8052"
"10,20 : 0.8905"
"20,10 : 0.8905"
"10,21 : 0.3701"
"21,10 : 0.3701"
"10,22 : 0.7732"
"22,10 : 0.7732"
"10,23 : 0.7747"
"23,10 : 0.7747"
"10,24 : 0.3759"
"24,10 : 0.3759"
"10,25 : 0.7843"
"25,10 : 0.7843"
"10,26 : 1.0155"
"26,10 : 1.0155"
"10,27 : 0.8807"
"27,10 : 0.8807"
"10,28 : 0.9808"
"28,10 : 0.9808"
"10,29 : 1.1498"
"29,10 : 1.1498"
"10,30 : 0.3354"
"30,10 : 0.3354"
"10,31 : 0.396"
"31,10 : 0.396"
"10,32 : 1.191"
"32,10 : 1.191"
"10,33 : 0.9289"
"33,10 : 0.9289"
"10,34 : 0.3448"
"34,10 : 0.3448"
"10,35 : 0.4119"
"35,10 : 0.4119"
"10,36 : 0.5016"
"36,10 : 0.5016"
"10,37 : 1.0293"
"37,10 : 1.0293"
"10,38 : 0.559"
"38,10 : 0.559"
"10,39 : 0.823"
"39,10 : 0.823"
"10,40 : 0.8543"
"40,10 : 0.8543"
"10,41 : 0.2532"
"41,10 : 0.2532"
"10,42 : 0.8807"
"42,10 : 0.8807"
"10,43 : 0.8523"
"43,10 : 0.8523"
"10,44 : 1.0429"
"44,10 : 1.0429"
"10,45 : 0.6008"
"45,10 : 0.6008"
"10,46 : 0.3551"
"46,10 : 0.3551"
"10,47 : 0.9139"
"47,10 : 0.9139"
"10,48 : 0.9625"
"48,10 : 0.9625"
"10,49 : 0.559"
"49,10 : 0.559"
"10,50 : 0.9708"
"50,10 : 0.9708"
"10,51 : 0.6021"
"51,10 : 0.6021"
"10,52 : 1.1315"
"52,10 : 1.1315"
"10,53 : 0.7779"
"53,10 : 0.7779"
"10,54 : 1.0821"
"54,10 : 1.0821"
"10,55 : 0.9092"
"55,10 : 0.9092"
"10,56 : 0.9948"
"56,10 : 0.9948"
"10,57 : 0.6243"
"57,10 : 0.6243"
"10,58 : 0.4713"
"58,10 : 0.4713"
"10,59 : 0.8633"
"59,10 : 0.8633"
"10,60 : 0.2408"
"60,10 : 0.2408"
"10,61 : 0.9218"
"61,10 : 0.9218"
"10,62 : 0.4649"
"62,10 : 0.4649"
"10,63 : 0.4011"
"63,10 : 0.4011"
"10,64 : 1.0428"
"64,10 : 1.0428"
"10,65 : 0.6207"
"65,10 : 0.6207"
"10,66 : 0.0806"
"66,10 : 0.0806"
"10,67 : 0.198"
"67,10 : 0.198"
"10,68 : 0.8089"
"68,10 : 0.8089"
"10,69 : 1.064"
"69,10 : 1.064"
"10,70 : 0.2631"
"70,10 : 0.2631"
"10,71 : 0.7527"
"71,10 : 0.7527"
"10,72 : 0.6903"
"72,10 : 0.6903"
"10,73 : 0.8901"
"73,10 : 0.8901"
"10,74 : 0.4866"
"74,10 : 0.4866"
"10,75 : 0.7901"
"75,10 : 0.7901"
"10,76 : 0.8472"
"76,10 : 0.8472"
"10,77 : 0.846"
"77,10 : 0.846"
"10,78 : 0.2209"
"78,10 : 0.2209"
"10,79 : 0.2907"
"79,10 : 0.2907"
"10,80 : 0.5012"
"80,10 : 0.5012"
"10,81 : 0.913"
"81,10 : 0.913"
"10,82 : 0.4518"
"82,10 : 0.4518"
"10,83 : 0.8477"
"83,10 : 0.8477"
"10,84 : 0.8349"
"84,10 : 0.8349"
"10,85 : 0.9096"
"85,10 : 0.9096"
"10,86 : 0.7211"
"86,10 : 0.7211"
"10,87 : 0.6007"
"87,10 : 0.6007"
"10,88 : 0.7001"
"88,10 : 0.7001"
"10,89 : 0.7962"
"89,10 : 0.7962"
"10,90 : 1.0161"
"90,10 : 1.0161"
"10,91 : 1.0752"
"91,10 : 1.0752"
"10,92 : 0.1345"
"92,10 : 0.1345"
"10,93 : 1.0328"
"93,10 : 1.0328"
"10,94 : 0.8904"
"94,10 : 0.8904"
"10,95 : 0.993"
"95,10 : 0.993"
"10,96 : 0.2766"
"96,10 : 0.2766"
"10,97 : 0.7762"
"97,10 : 0.7762"
"10,98 : 0.9335"
"98,10 : 0.9335"
"10,99 : 0.0949"
"99,10 : 0.0949"
"11,12 : 0.2377"
"12,11 : 0.2377"
"11,13 : 0.801"
"13,11 : 0.801"
"11,14 : 0.5936"
"14,11 : 0.5936"
"11,15 : 0.3384"
"15,11 : 0.3384"
"11,16 : 0.2818"
"16,11 : 0.2818"
"11,17 : 0.278"
"17,11 : 0.278"
"11,18 : 0.4031"
"18,11 : 0.4031"
"11,19 : 0.6978"
"19,11 : 0.6978"
"11,20 : 0.7839"
"20,11 : 0.7839"
"11,21 : 0.2062"
"21,11 : 0.2062"
"11,22 : 0.7545"
"22,11 : 0.7545"
"11,23 : 0.4501"
"23,11 : 0.4501"
"11,24 : 0.1726"
"24,11 : 0.1726"
"11,25 : 0.6369"
"25,11 : 0.6369"
"11,26 : 0.5308"
"26,11 : 0.5308"
"11,27 : 0.3622"
"27,11 : 0.3622"
"11,28 : 0.8201"
"28,11 : 0.8201"
"11,29 : 0.7684"
"29,11 : 0.7684"
"11,30 : 0.1924"
"30,11 : 0.1924"
"11,31 : 0.2555"
"31,11 : 0.2555"
"11,32 : 0.8006"
"32,11 : 0.8006"
"11,33 : 0.4079"
"33,11 : 0.4079"
"11,34 : 0.3625"
"34,11 : 0.3625"
"11,35 : 0.5284"
"35,11 : 0.5284"
"11,36 : 0.578"
"36,11 : 0.578"
"11,37 : 0.5449"
"37,11 : 0.5449"
"11,38 : 0.2864"
"38,11 : 0.2864"
"11,39 : 0.7961"
"39,11 : 0.7961"
"11,40 : 0.5209"
"40,11 : 0.5209"
"11,41 : 0.4707"
"41,11 : 0.4707"
"11,42 : 0.7747"
"42,11 : 0.7747"
"11,43 : 0.6648"
"43,11 : 0.6648"
"11,44 : 0.7157"
"44,11 : 0.7157"
"11,45 : 0.522"
"45,11 : 0.522"
"11,46 : 0.4833"
"46,11 : 0.4833"
"11,47 : 0.7529"
"47,11 : 0.7529"
"11,48 : 0.6907"
"48,11 : 0.6907"
"11,49 : 0.1"
"49,11 : 0.1"
"11,50 : 0.4528"
"50,11 : 0.4528"
"11,51 : 0.5814"
"51,11 : 0.5814"
"11,52 : 0.7111"
"52,11 : 0.7111"
"11,53 : 0.6447"
"53,11 : 0.6447"
"11,54 : 0.6621"
"54,11 : 0.6621"
"11,55 : 0.642"
"55,11 : 0.642"
"11,56 : 0.5021"
"56,11 : 0.5021"
"11,57 : 0.1825"
"57,11 : 0.1825"
"11,58 : 0.051"
"58,11 : 0.051"
"11,59 : 0.6433"
"59,11 : 0.6433"
"11,60 : 0.3202"
"60,11 : 0.3202"
"11,61 : 0.4245"
"61,11 : 0.4245"
"11,62 : 0.4545"
"62,11 : 0.4545"
"11,63 : 0.5324"
"63,11 : 0.5324"
"11,64 : 0.53"
"64,11 : 0.53"
"11,65 : 0.7084"
"65,11 : 0.7084"
"11,66 : 0.4494"
"66,11 : 0.4494"
"11,67 : 0.3601"
"67,11 : 0.3601"
"11,68 : 0.3015"
"68,11 : 0.3015"
"11,69 : 0.6868"
"69,11 : 0.6868"
"11,70 : 0.473"
"70,11 : 0.473"
"11,71 : 0.2326"
"71,11 : 0.2326"
"11,72 : 0.255"
"72,11 : 0.255"
"11,73 : 0.8875"
"73,11 : 0.8875"
"11,74 : 0.0728"
"74,11 : 0.0728"
"11,75 : 0.806"
"75,11 : 0.806"
"11,76 : 0.7926"
"76,11 : 0.7926"
"11,77 : 0.3538"
"77,11 : 0.3538"
"11,78 : 0.4851"
"78,11 : 0.4851"
"11,79 : 0.3178"
"79,11 : 0.3178"
"11,80 : 0.3895"
"80,11 : 0.3895"
"11,81 : 0.6528"
"81,11 : 0.6528"
"11,82 : 0.1965"
"82,11 : 0.1965"
"11,83 : 0.7058"
"83,11 : 0.7058"
"11,84 : 0.794"
"84,11 : 0.794"
"11,85 : 0.7783"
"85,11 : 0.7783"
"11,86 : 0.7325"
"86,11 : 0.7325"
"11,87 : 0.1562"
"87,11 : 0.1562"
"11,88 : 0.7366"
"88,11 : 0.7366"
"11,89 : 0.592"
"89,11 : 0.592"
"11,90 : 0.5522"
"90,11 : 0.5522"
"11,91 : 0.6531"
"91,11 : 0.6531"
"11,92 : 0.4045"
"92,11 : 0.4045"
"11,93 : 0.6357"
"93,11 : 0.6357"
"11,94 : 0.414"
"94,11 : 0.414"
"11,95 : 0.4904"
"95,11 : 0.4904"
"11,96 : 0.247"
"96,11 : 0.247"
"11,97 : 0.6708"
"97,11 : 0.6708"
"11,98 : 0.5281"
"98,11 : 0.5281"
"11,99 : 0.4738"
"99,11 : 0.4738"
"12,13 : 0.908"
"13,12 : 0.908"
"12,14 : 0.5984"
"14,12 : 0.5984"
"12,15 : 0.2864"
"15,12 : 0.2864"
"12,16 : 0.5189"
"16,12 : 0.5189"
"12,17 : 0.314"
"17,12 : 0.314"
"12,18 : 0.5967"
"18,12 : 0.5967"
"12,19 : 0.8881"
"19,12 : 0.8881"
"12,20 : 0.968"
"20,12 : 0.968"
"12,21 : 0.3569"
"21,12 : 0.3569"
"12,22 : 0.9626"
"22,12 : 0.9626"
"12,23 : 0.5869"
"23,12 : 0.5869"
"12,24 : 0.408"
"24,12 : 0.408"
"12,25 : 0.821"
"25,12 : 0.821"
"12,26 : 0.5"
"26,12 : 0.5"
"12,27 : 0.191"
"27,12 : 0.191"
"12,28 : 0.9839"
"28,12 : 0.9839"
"12,29 : 0.8202"
"29,12 : 0.8202"
"12,30 : 0.39"
"30,12 : 0.39"
"12,31 : 0.4919"
"31,12 : 0.4919"
"12,32 : 0.8421"
"32,12 : 0.8421"
"12,33 : 0.2476"
"33,12 : 0.2476"
"12,34 : 0.6001"
"34,12 : 0.6001"
"12,35 : 0.7648"
"35,12 : 0.7648"
"12,36 : 0.8099"
"36,12 : 0.8099"
"12,37 : 0.5124"
"37,12 : 0.5124"
"12,38 : 0.488"
"38,12 : 0.488"
"12,39 : 1.0"
"39,12 : 1.0"
"12,40 : 0.6389"
"40,12 : 0.6389"
"12,41 : 0.706"
"41,12 : 0.706"
"12,42 : 0.9596"
"42,12 : 0.9596"
"12,43 : 0.8324"
"43,12 : 0.8324"
"12,44 : 0.8105"
"44,12 : 0.8105"
"12,45 : 0.7355"
"45,12 : 0.7355"
"12,46 : 0.7209"
"46,12 : 0.7209"
"12,47 : 0.9218"
"47,12 : 0.9218"
"12,48 : 0.8191"
"48,12 : 0.8191"
"12,49 : 0.2907"
"49,12 : 0.2907"
"12,50 : 0.2693"
"50,12 : 0.2693"
"12,51 : 0.8006"
"51,12 : 0.8006"
"12,52 : 0.7355"
"52,12 : 0.7355"
"12,53 : 0.8323"
"53,12 : 0.8323"
"12,54 : 0.6926"
"54,12 : 0.6926"
"12,55 : 0.7783"
"55,12 : 0.7783"
"12,56 : 0.4617"
"56,12 : 0.4617"
"12,57 : 0.3302"
"57,12 : 0.3302"
"12,58 : 0.2816"
"58,12 : 0.2816"
"12,59 : 0.8006"
"59,12 : 0.8006"
"12,60 : 0.5492"
"60,12 : 0.5492"
"12,61 : 0.3905"
"61,12 : 0.3905"
"12,62 : 0.6851"
"62,12 : 0.6851"
"12,63 : 0.7692"
"63,12 : 0.7692"
"12,64 : 0.4357"
"64,12 : 0.4357"
"12,65 : 0.936"
"65,12 : 0.936"
"12,66 : 0.6438"
"66,12 : 0.6438"
"12,67 : 0.5855"
"67,12 : 0.5855"
"12,68 : 0.1"
"68,12 : 0.1"
"12,69 : 0.7506"
"69,12 : 0.7506"
"12,70 : 0.7088"
"70,12 : 0.7088"
"12,71 : 0.1903"
"71,12 : 0.1903"
"12,72 : 0.0854"
"72,12 : 0.0854"
"12,73 : 1.0922"
"73,12 : 1.0922"
"12,74 : 0.2408"
"74,12 : 0.2408"
"12,75 : 1.0183"
"75,12 : 1.0183"
"12,76 : 0.9902"
"76,12 : 0.9902"
"12,77 : 0.3506"
"77,12 : 0.3506"
"12,78 : 0.7181"
"78,12 : 0.7181"
"12,79 : 0.5536"
"79,12 : 0.5536"
"12,80 : 0.6122"
"80,12 : 0.6122"
"12,81 : 0.7912"
"81,12 : 0.7912"
"12,82 : 0.2879"
"82,12 : 0.2879"
"12,83 : 0.8851"
"83,12 : 0.8851"
"12,84 : 0.9949"
"84,12 : 0.9949"
"12,85 : 0.9552"
"85,12 : 0.9552"
"12,86 : 0.9476"
"86,12 : 0.9476"
"12,87 : 0.1237"
"87,12 : 0.1237"
"12,88 : 0.9559"
"88,12 : 0.9559"
"12,89 : 0.7616"
"89,12 : 0.7616"
"12,90 : 0.5492"
"90,12 : 0.5492"
"12,91 : 0.6826"
"91,12 : 0.6826"
"12,92 : 0.6207"
"92,12 : 0.6207"
"12,93 : 0.6901"
"93,12 : 0.6901"
"12,94 : 0.4211"
"94,12 : 0.4211"
"12,95 : 0.4308"
"95,12 : 0.4308"
"12,96 : 0.45"
"96,12 : 0.45"
"12,97 : 0.864"
"97,12 : 0.864"
"12,98 : 0.5921"
"98,12 : 0.5921"
"12,99 : 0.6907"
"99,12 : 0.6907"
"13,14 : 0.4104"
"14,13 : 0.4104"
"13,15 : 0.6555"
"15,13 : 0.6555"
"13,16 : 0.7301"
"16,13 : 0.7301"
"13,17 : 0.5944"
"17,13 : 0.5944"
"13,18 : 0.4742"
"18,13 : 0.4742"
"13,19 : 0.3801"
"19,13 : 0.3801"
"13,20 : 0.359"
"20,13 : 0.359"
"13,21 : 0.9749"
"21,13 : 0.9749"
