x,y
0.56,0.32
0.71,0.91
0.26,0.08
0.32,0.71
0.85,0.18
0.51,0.85
0.68,0.76
0.1,0.44
0.39,0.17
0.52,0.56
0.82,0.78
0.5,0.5
0.27,0.75
0.21,0.25
0.04,0.78
0.81,0.17
0.92,1.0
0.92,0.97
0.62,0.21
0.73,0.34
0.85,0.64
0.18,0.85
0.8,0.78
0.45,0.79
0.47,0.54
0.93,0.83
0.87,0.01
0.51,0.96
0.27,0.92
0.5,0.38
0.01,0.16
0.63,0.1
0.64,0.76
0.08,0.15
0.4,0.09
0.6,0.78
0.96,0.02
0.58,0.51
0.03,0.62
0.14,0.19
0.98,0.66
0.98,0.68
0.16,0.12
0.55,0.52
0.99,0.77
0.5,0.86
0.99,0.16
0.65,0.27
0.7,0.57
0.49,0.53
0.77,0.76
0.95,0.39
0.09,0.62
0.09,0.48
0.71,0.11
0.82,0.08
0.8,0.48
0.4,0.47
0.46,0.43
0.99,0.19
0.96,0.88
0.9,0.3
0.7,0.02
0.8,0.45
0.29,0.85
0.22,0.66
0.13,0.17
0.97,0.18
0.67,0.33
0.23,0.8
0.06,0.84
0.96,0.0
0.82,0.88
0.13,0.02
0.98,0.25
0.52,0.18
0.21,0.62
0.96,0.71
0.62,0.66
0.43,0.65
0.01,0.25
0.43,0.4
0.27,0.76
0.01,0.81
0.43,0.16
0.2,0.04
0.15,0.27
0.2,0.64
0.01,0.45
0.57,0.54
0.66,0.94
0.29,0.95
0.52,0.52
0.52,0.72
0.64,0.02
0.09,0.99
0.69,0.7
0.52,0.73
0.05,0.78
0.02,0.1

Distanze
"0,1 : 0.6088"
"1,0 : 0.6088"
"0,2 : 0.3842"
"2,0 : 0.3842"
"0,3 : 0.4579"
"3,0 : 0.4579"
"0,4 : 0.322"
"4,0 : 0.322"
"0,5 : 0.5324"
"5,0 : 0.5324"
"0,6 : 0.4561"
"6,0 : 0.4561"
"0,7 : 0.4754"
"7,0 : 0.4754"
"0,8 : 0.2267"
"8,0 : 0.2267"
"0,9 : 0.2433"
"9,0 : 0.2433"
"0,10 : 0.5284"
"10,0 : 0.5284"
"0,11 : 0.1897"
"11,0 : 0.1897"
"0,12 : 0.5187"
"12,0 : 0.5187"
"0,13 : 0.3569"
"13,0 : 0.3569"
"0,14 : 0.6943"
"14,0 : 0.6943"
"0,15 : 0.2915"
"15,0 : 0.2915"
"0,16 : 0.7694"
"16,0 : 0.7694"
"0,17 : 0.743"
"17,0 : 0.743"
"0,18 : 0.1253"
"18,0 : 0.1253"
"0,19 : 0.1712"
"19,0 : 0.1712"
"0,20 : 0.4319"
"20,0 : 0.4319"
"0,21 : 0.6522"
"21,0 : 0.6522"
"0,22 : 0.5188"
"22,0 : 0.5188"
"0,23 : 0.4827"
"23,0 : 0.4827"
"0,24 : 0.2377"
"24,0 : 0.2377"
"0,25 : 0.6301"
"25,0 : 0.6301"
"0,26 : 0.4384"
"26,0 : 0.4384"
"0,27 : 0.642"
"27,0 : 0.642"
"0,28 : 0.6664"
"28,0 : 0.6664"
"0,29 : 0.0849"
"29,0 : 0.0849"
"0,30 : 0.5728"
"30,0 : 0.5728"
"0,31 : 0.2309"
"31,0 : 0.2309"
"0,32 : 0.4472"
"32,0 : 0.4472"
"0,33 : 0.5092"
"33,0 : 0.5092"
"0,34 : 0.2802"
"34,0 : 0.2802"
"0,35 : 0.4617"
"35,0 : 0.4617"
"0,36 : 0.5"
"36,0 : 0.5"
"0,37 : 0.191"
"37,0 : 0.191"
"0,38 : 0.609"
"38,0 : 0.609"
"0,39 : 0.4397"
"39,0 : 0.4397"
"0,40 : 0.5404"
"40,0 : 0.5404"
"0,41 : 0.5532"
"41,0 : 0.5532"
"0,42 : 0.4472"
"42,0 : 0.4472"
"0,43 : 0.2002"
"43,0 : 0.2002"
"0,44 : 0.6224"
"44,0 : 0.6224"
"0,45 : 0.5433"
"45,0 : 0.5433"
"0,46 : 0.4588"
"46,0 : 0.4588"
"0,47 : 0.103"
"47,0 : 0.103"
"0,48 : 0.2865"
"48,0 : 0.2865"
"0,49 : 0.2214"
"49,0 : 0.2214"
"0,50 : 0.4875"
"50,0 : 0.4875"
"0,51 : 0.3962"
"51,0 : 0.3962"
"0,52 : 0.5576"
"52,0 : 0.5576"
"0,53 : 0.4965"
"53,0 : 0.4965"
"0,54 : 0.2581"
"54,0 : 0.2581"
"0,55 : 0.3538"
"55,0 : 0.3538"
"0,56 : 0.2884"
"56,0 : 0.2884"
"0,57 : 0.2193"
"57,0 : 0.2193"
"0,58 : 0.1487"
"58,0 : 0.1487"
"0,59 : 0.4492"
"59,0 : 0.4492"
"0,60 : 0.6882"
"60,0 : 0.6882"
"0,61 : 0.3406"
"61,0 : 0.3406"
"0,62 : 0.3311"
"62,0 : 0.3311"
"0,63 : 0.2729"
"63,0 : 0.2729"
"0,64 : 0.5948"
"64,0 : 0.5948"
"0,65 : 0.4808"
"65,0 : 0.4808"
"0,66 : 0.4554"
"66,0 : 0.4554"
"0,67 : 0.4332"
"67,0 : 0.4332"
"0,68 : 0.1105"
"68,0 : 0.1105"
"0,69 : 0.5825"
"69,0 : 0.5825"
"0,70 : 0.7214"
"70,0 : 0.7214"
"0,71 : 0.5122"
"71,0 : 0.5122"
"0,72 : 0.6174"
"72,0 : 0.6174"
"0,73 : 0.5243"
"73,0 : 0.5243"
"0,74 : 0.4258"
"74,0 : 0.4258"
"0,75 : 0.1456"
"75,0 : 0.1456"
"0,76 : 0.461"
"76,0 : 0.461"
"0,77 : 0.5587"
"77,0 : 0.5587"
"0,78 : 0.3453"
"78,0 : 0.3453"
"0,79 : 0.3547"
"79,0 : 0.3547"
"0,80 : 0.5544"
"80,0 : 0.5544"
"0,81 : 0.1526"
"81,0 : 0.1526"
"0,82 : 0.527"
"82,0 : 0.527"
"0,83 : 0.7366"
"83,0 : 0.7366"
"0,84 : 0.2062"
"84,0 : 0.2062"
"0,85 : 0.4561"
"85,0 : 0.4561"
"0,86 : 0.413"
"86,0 : 0.413"
"0,87 : 0.4817"
"87,0 : 0.4817"
"0,88 : 0.5652"
"88,0 : 0.5652"
"0,89 : 0.2202"
"89,0 : 0.2202"
"0,90 : 0.628"
"90,0 : 0.628"
"0,91 : 0.6854"
"91,0 : 0.6854"
"0,92 : 0.204"
"92,0 : 0.204"
"0,93 : 0.402"
"93,0 : 0.402"
"0,94 : 0.3105"
"94,0 : 0.3105"
"0,95 : 0.8184"
"95,0 : 0.8184"
"0,96 : 0.4016"
"96,0 : 0.4016"
"0,97 : 0.4119"
"97,0 : 0.4119"
"0,98 : 0.6868"
"98,0 : 0.6868"
"0,99 : 0.5831"
"99,0 : 0.5831"
"1,2 : 0.9441"
"2,1 : 0.9441"
"1,3 : 0.4383"
"3,1 : 0.4383"
"1,4 : 0.7433"
"4,1 : 0.7433"
"1,5 : 0.2088"
"5,1 : 0.2088"
"1,6 : 0.153"
"6,1 : 0.153"
"1,7 : 0.7701"
"7,1 : 0.7701"
"1,8 : 0.8062"
"8,1 : 0.8062"
"1,9 : 0.3982"
"9,1 : 0.3982"
"1,10 : 0.1703"
"10,1 : 0.1703"
"1,11 : 0.4607"
"11,1 : 0.4607"
"1,12 : 0.4682"
"12,1 : 0.4682"
"1,13 : 0.828"
"13,1 : 0.828"
"1,14 : 0.6825"
"14,1 : 0.6825"
"1,15 : 0.7467"
"15,1 : 0.7467"
"1,16 : 0.2285"
"16,1 : 0.2285"
"1,17 : 0.2184"
"17,1 : 0.2184"
"1,18 : 0.7058"
"18,1 : 0.7058"
"1,19 : 0.5704"
"19,1 : 0.5704"
"1,20 : 0.3041"
"20,1 : 0.3041"
"1,21 : 0.5334"
"21,1 : 0.5334"
"1,22 : 0.1581"
"22,1 : 0.1581"
"1,23 : 0.2864"
"23,1 : 0.2864"
"1,24 : 0.441"
"24,1 : 0.441"
"1,25 : 0.2341"
"25,1 : 0.2341"
"1,26 : 0.9141"
"26,1 : 0.9141"
"1,27 : 0.2062"
"27,1 : 0.2062"
"1,28 : 0.4401"
"28,1 : 0.4401"
"1,29 : 0.5701"
"29,1 : 0.5701"
"1,30 : 1.0259"
"30,1 : 1.0259"
"1,31 : 0.8139"
"31,1 : 0.8139"
"1,32 : 0.1655"
"32,1 : 0.1655"
"1,33 : 0.9872"
"33,1 : 0.9872"
"1,34 : 0.8766"
"34,1 : 0.8766"
"1,35 : 0.1703"
"35,1 : 0.1703"
"1,36 : 0.9244"
"36,1 : 0.9244"
"1,37 : 0.4206"
"37,1 : 0.4206"
"1,38 : 0.7393"
"38,1 : 0.7393"
"1,39 : 0.9183"
"39,1 : 0.9183"
"1,40 : 0.368"
"40,1 : 0.368"
"1,41 : 0.3547"
"41,1 : 0.3547"
"1,42 : 0.9626"
"42,1 : 0.9626"
"1,43 : 0.4215"
"43,1 : 0.4215"
"1,44 : 0.313"
"44,1 : 0.313"
"1,45 : 0.2159"
"45,1 : 0.2159"
"1,46 : 0.8006"
"46,1 : 0.8006"
"1,47 : 0.6428"
"47,1 : 0.6428"
"1,48 : 0.3401"
"48,1 : 0.3401"
"1,49 : 0.4391"
"49,1 : 0.4391"
"1,50 : 0.1616"
"50,1 : 0.1616"
"1,51 : 0.5727"
"51,1 : 0.5727"
"1,52 : 0.6845"
"52,1 : 0.6845"
"1,53 : 0.7545"
"53,1 : 0.7545"
"1,54 : 0.8"
"54,1 : 0.8"
"1,55 : 0.8373"
"55,1 : 0.8373"
"1,56 : 0.4393"
"56,1 : 0.4393"
"1,57 : 0.5382"
"57,1 : 0.5382"
"1,58 : 0.5412"
"58,1 : 0.5412"
"1,59 : 0.7725"
"59,1 : 0.7725"
"1,60 : 0.2518"
"60,1 : 0.2518"
"1,61 : 0.6389"
"61,1 : 0.6389"
"1,62 : 0.8901"
"62,1 : 0.8901"
"1,63 : 0.4687"
"63,1 : 0.4687"
"1,64 : 0.4243"
"64,1 : 0.4243"
"1,65 : 0.5501"
"65,1 : 0.5501"
"1,66 : 0.9402"
"66,1 : 0.9402"
"1,67 : 0.7749"
"67,1 : 0.7749"
"1,68 : 0.5814"
"68,1 : 0.5814"
"1,69 : 0.4924"
"69,1 : 0.4924"
"1,70 : 0.6538"
"70,1 : 0.6538"
"1,71 : 0.9437"
"71,1 : 0.9437"
"1,72 : 0.114"
"72,1 : 0.114"
"1,73 : 1.0623"
"73,1 : 1.0623"
"1,74 : 0.7131"
"74,1 : 0.7131"
"1,75 : 0.7543"
"75,1 : 0.7543"
"1,76 : 0.578"
"76,1 : 0.578"
"1,77 : 0.3202"
"77,1 : 0.3202"
"1,78 : 0.2657"
"78,1 : 0.2657"
"1,79 : 0.3821"
"79,1 : 0.3821"
"1,80 : 0.9621"
"80,1 : 0.9621"
"1,81 : 0.5818"
"81,1 : 0.5818"
"1,82 : 0.4649"
"82,1 : 0.4649"
"1,83 : 0.7071"
"83,1 : 0.7071"
"1,84 : 0.8006"
"84,1 : 0.8006"
"1,85 : 1.0085"
"85,1 : 1.0085"
"1,86 : 0.8504"
"86,1 : 0.8504"
"1,87 : 0.5771"
"87,1 : 0.5771"
"1,88 : 0.8376"
"88,1 : 0.8376"
"1,89 : 0.3956"
"89,1 : 0.3956"
"1,90 : 0.0583"
"90,1 : 0.0583"
"1,91 : 0.4219"
"91,1 : 0.4219"
"1,92 : 0.4338"
"92,1 : 0.4338"
"1,93 : 0.2687"
"93,1 : 0.2687"
"1,94 : 0.8927"
"94,1 : 0.8927"
"1,95 : 0.6251"
"95,1 : 0.6251"
"1,96 : 0.211"
"96,1 : 0.211"
"1,97 : 0.2617"
"97,1 : 0.2617"
"1,98 : 0.6727"
"98,1 : 0.6727"
"1,99 : 1.064"
"99,1 : 1.064"
"2,3 : 0.6329"
"3,2 : 0.6329"
"2,4 : 0.5984"
"4,2 : 0.5984"
"2,5 : 0.8096"
"5,2 : 0.8096"
"2,6 : 0.7992"
"6,2 : 0.7992"
"2,7 : 0.394"
"7,2 : 0.394"
"2,8 : 0.1581"
"8,2 : 0.1581"
"2,9 : 0.5459"
"9,2 : 0.5459"
"2,10 : 0.8964"
"10,2 : 0.8964"
"2,11 : 0.4837"
"11,2 : 0.4837"
"2,12 : 0.6701"
"12,2 : 0.6701"
"2,13 : 0.1772"
"13,2 : 0.1772"
"2,14 : 0.7338"
"14,2 : 0.7338"
"2,15 : 0.5573"
"15,2 : 0.5573"
"2,16 : 1.1323"
"16,2 : 1.1323"
"2,17 : 1.108"
"17,2 : 1.108"
"2,18 : 0.3828"
"18,2 : 0.3828"
"2,19 : 0.5371"
"19,2 : 0.5371"
"2,20 : 0.8134"
"20,2 : 0.8134"
"2,21 : 0.7741"
"21,2 : 0.7741"
"2,22 : 0.8841"
"22,2 : 0.8841"
"2,23 : 0.735"
"23,2 : 0.735"
"2,24 : 0.5057"
"24,2 : 0.5057"
"2,25 : 1.0057"
"25,2 : 1.0057"
"2,26 : 0.614"
"26,2 : 0.614"
"2,27 : 0.9148"
"27,2 : 0.9148"
"2,28 : 0.8401"
"28,2 : 0.8401"
"2,29 : 0.3842"
"29,2 : 0.3842"
"2,30 : 0.2625"
"30,2 : 0.2625"
"2,31 : 0.3705"
"31,2 : 0.3705"
"2,32 : 0.779"
"32,2 : 0.779"
"2,33 : 0.1931"
"33,2 : 0.1931"
"2,34 : 0.1404"
"34,2 : 0.1404"
"2,35 : 0.7782"
"35,2 : 0.7782"
"2,36 : 0.7026"
"36,2 : 0.7026"
"2,37 : 0.536"
"37,2 : 0.536"
"2,38 : 0.5869"
"38,2 : 0.5869"
"2,39 : 0.1628"
"39,2 : 0.1628"
"2,40 : 0.9246"
"40,2 : 0.9246"
"2,41 : 0.9372"
"41,2 : 0.9372"
"2,42 : 0.1077"
"42,2 : 0.1077"
"2,43 : 0.527"
"43,2 : 0.527"
"2,44 : 1.0045"
"44,2 : 1.0045"
"2,45 : 0.8161"
"45,2 : 0.8161"
"2,46 : 0.7344"
"46,2 : 0.7344"
"2,47 : 0.4338"
"47,2 : 0.4338"
"2,48 : 0.6586"
"48,2 : 0.6586"
"2,49 : 0.5054"
"49,2 : 0.5054"
"2,50 : 0.85"
"50,2 : 0.85"
"2,51 : 0.7564"
"51,2 : 0.7564"
"2,52 : 0.5661"
"52,2 : 0.5661"
"2,53 : 0.4346"
"53,2 : 0.4346"
"2,54 : 0.451"
"54,2 : 0.451"
"2,55 : 0.56"
"55,2 : 0.56"
"2,56 : 0.672"
"56,2 : 0.672"
"2,57 : 0.4144"
"57,2 : 0.4144"
"2,58 : 0.4031"
"58,2 : 0.4031"
"2,59 : 0.7382"
"59,2 : 0.7382"
"2,60 : 1.063"
"60,2 : 1.063"
"2,61 : 0.6768"
"61,2 : 0.6768"
"2,62 : 0.4441"
"62,2 : 0.4441"
"2,63 : 0.6546"
"63,2 : 0.6546"
"2,64 : 0.7706"
"64,2 : 0.7706"
"2,65 : 0.5814"
"65,2 : 0.5814"
"2,66 : 0.1581"
"66,2 : 0.1581"
"2,67 : 0.717"
"67,2 : 0.717"
"2,68 : 0.4802"
"68,2 : 0.4802"
"2,69 : 0.7206"
"69,2 : 0.7206"
"2,70 : 0.7859"
"70,2 : 0.7859"
"2,71 : 0.7046"
"71,2 : 0.7046"
"2,72 : 0.9765"
"72,2 : 0.9765"
"2,73 : 0.1432"
"73,2 : 0.1432"
"2,74 : 0.7398"
"74,2 : 0.7398"
"2,75 : 0.2786"
"75,2 : 0.2786"
"2,76 : 0.5423"
"76,2 : 0.5423"
"2,77 : 0.9418"
"77,2 : 0.9418"
"2,78 : 0.6826"
"78,2 : 0.6826"
"2,79 : 0.5948"
"79,2 : 0.5948"
"2,80 : 0.3023"
"80,2 : 0.3023"
"2,81 : 0.3624"
"81,2 : 0.3624"
"2,82 : 0.6801"
"82,2 : 0.6801"
"2,83 : 0.7716"
"83,2 : 0.7716"
"2,84 : 0.1879"
"84,2 : 0.1879"
"2,85 : 0.0721"
"85,2 : 0.0721"
"2,86 : 0.2195"
"86,2 : 0.2195"
"2,87 : 0.5632"
"87,2 : 0.5632"
"2,88 : 0.4465"
"88,2 : 0.4465"
"2,89 : 0.5547"
"89,2 : 0.5547"
"2,90 : 0.9485"
"90,2 : 0.9485"
"2,91 : 0.8705"
"91,2 : 0.8705"
"2,92 : 0.5111"
"92,2 : 0.5111"
"2,93 : 0.6908"
"93,2 : 0.6908"
"2,94 : 0.3847"
"94,2 : 0.3847"
"2,95 : 0.9257"
"95,2 : 0.9257"
"2,96 : 0.7545"
"96,2 : 0.7545"
"2,97 : 0.7001"
"97,2 : 0.7001"
"2,98 : 0.7308"
"98,2 : 0.7308"
"2,99 : 0.2408"
"99,2 : 0.2408"
"3,4 : 0.7495"
"4,3 : 0.7495"
"3,5 : 0.236"
"5,3 : 0.236"
"3,6 : 0.3635"
"6,3 : 0.3635"
"3,7 : 0.3483"
"7,3 : 0.3483"
"3,8 : 0.5445"
"8,3 : 0.5445"
"3,9 : 0.25"
"9,3 : 0.25"
"3,10 : 0.5049"
"10,3 : 0.5049"
"3,11 : 0.2766"
"11,3 : 0.2766"
"3,12 : 0.064"
"12,3 : 0.064"
"3,13 : 0.473"
"13,3 : 0.473"
"3,14 : 0.2886"
"14,3 : 0.2886"
"3,15 : 0.7292"
"15,3 : 0.7292"
"3,16 : 0.6664"
"16,3 : 0.6664"
"3,17 : 0.6539"
"17,3 : 0.6539"
"3,18 : 0.5831"
"18,3 : 0.5831"
"3,19 : 0.5523"
"19,3 : 0.5523"
"3,20 : 0.5346"
"20,3 : 0.5346"
"3,21 : 0.198"
"21,3 : 0.198"
"3,22 : 0.4851"
"22,3 : 0.4851"
"3,23 : 0.1526"
"23,3 : 0.1526"
"3,24 : 0.2267"
"24,3 : 0.2267"
"3,25 : 0.6217"
"25,3 : 0.6217"
"3,26 : 0.8902"
"26,3 : 0.8902"
"3,27 : 0.314"
"27,3 : 0.314"
"3,28 : 0.2159"
"28,3 : 0.2159"
"3,29 : 0.3759"
"29,3 : 0.3759"
"3,30 : 0.6313"
"30,3 : 0.6313"
"3,31 : 0.6843"
"31,3 : 0.6843"
"3,32 : 0.3239"
"32,3 : 0.3239"
"3,33 : 0.6093"
"33,3 : 0.6093"
"3,34 : 0.6251"
"34,3 : 0.6251"
"3,35 : 0.2886"
"35,3 : 0.2886"
"3,36 : 0.9411"
"36,3 : 0.9411"
"3,37 : 0.328"
"37,3 : 0.328"
"3,38 : 0.3036"
"38,3 : 0.3036"
"3,39 : 0.5503"
"39,3 : 0.5503"
"3,40 : 0.6619"
"40,3 : 0.6619"
"3,41 : 0.6607"
"41,3 : 0.6607"
"3,42 : 0.6113"
"42,3 : 0.6113"
"3,43 : 0.2983"
"43,3 : 0.2983"
"3,44 : 0.6727"
"44,3 : 0.6727"
"3,45 : 0.2343"
"45,3 : 0.2343"
"3,46 : 0.8668"
"46,3 : 0.8668"
"3,47 : 0.55"
"47,3 : 0.55"
"3,48 : 0.405"
"48,3 : 0.405"
"3,49 : 0.2476"
"49,3 : 0.2476"
"3,50 : 0.4528"
"50,3 : 0.4528"
"3,51 : 0.7066"
"51,3 : 0.7066"
"3,52 : 0.247"
"52,3 : 0.247"
"3,53 : 0.3253"
"53,3 : 0.3253"
"3,54 : 0.7156"
"54,3 : 0.7156"
"3,55 : 0.8043"
"55,3 : 0.8043"
"3,56 : 0.5323"
"56,3 : 0.5323"
"3,57 : 0.253"
"57,3 : 0.253"
"3,58 : 0.313"
"58,3 : 0.313"
"3,59 : 0.8481"
"59,3 : 0.8481"
"3,60 : 0.6622"
"60,3 : 0.6622"
"3,61 : 0.7103"
"61,3 : 0.7103"
"3,62 : 0.7877"
"62,3 : 0.7877"
"3,63 : 0.5459"
"63,3 : 0.5459"
"3,64 : 0.1432"
"64,3 : 0.1432"
"3,65 : 0.1118"
"65,3 : 0.1118"
"3,66 : 0.5725"
"66,3 : 0.5725"
"3,67 : 0.8387"
"67,3 : 0.8387"
"3,68 : 0.5166"
"68,3 : 0.5166"
"3,69 : 0.1273"
"69,3 : 0.1273"
"3,70 : 0.2907"
"70,3 : 0.2907"
"3,71 : 0.9559"
"71,3 : 0.9559"
"3,72 : 0.5281"
"72,3 : 0.5281"
"3,73 : 0.7157"
"73,3 : 0.7157"
"3,74 : 0.8045"
"74,3 : 0.8045"
"3,75 : 0.5665"
"75,3 : 0.5665"
"3,76 : 0.1421"
"76,3 : 0.1421"
"3,77 : 0.64"
"77,3 : 0.64"
"3,78 : 0.3041"
"78,3 : 0.3041"
"3,79 : 0.1253"
"79,3 : 0.1253"
"3,80 : 0.5547"
"80,3 : 0.5547"
"3,81 : 0.3289"
"81,3 : 0.3289"
"3,82 : 0.0707"
"82,3 : 0.0707"
"3,83 : 0.3257"
"83,3 : 0.3257"
"3,84 : 0.5609"
"84,3 : 0.5609"
"3,85 : 0.6807"
"85,3 : 0.6807"
"3,86 : 0.4717"
"86,3 : 0.4717"
"3,87 : 0.1389"
"87,3 : 0.1389"
"3,88 : 0.4046"
"88,3 : 0.4046"
"3,89 : 0.3023"
"89,3 : 0.3023"
"3,90 : 0.4105"
"90,3 : 0.4105"
"3,91 : 0.2419"
"91,3 : 0.2419"
"3,92 : 0.2759"
"92,3 : 0.2759"
"3,93 : 0.2002"
"93,3 : 0.2002"
"3,94 : 0.7606"
"94,3 : 0.7606"
"3,95 : 0.3624"
"95,3 : 0.3624"
"3,96 : 0.3701"
"96,3 : 0.3701"
"3,97 : 0.201"
"97,3 : 0.201"
"3,98 : 0.2789"
"98,3 : 0.2789"
"3,99 : 0.6798"
"99,3 : 0.6798"
"4,5 : 0.7513"
"5,4 : 0.7513"
"4,6 : 0.6044"
"6,4 : 0.6044"
"4,7 : 0.7938"
"7,4 : 0.7938"
"4,8 : 0.4601"
"8,4 : 0.4601"
"4,9 : 0.5033"
"9,4 : 0.5033"
"4,10 : 0.6007"
"10,4 : 0.6007"
"4,11 : 0.4742"
"11,4 : 0.4742"
"4,12 : 0.8132"
"12,4 : 0.8132"
"4,13 : 0.6438"
"13,4 : 0.6438"
"4,14 : 1.008"
"14,4 : 1.008"
"4,15 : 0.0412"
"15,4 : 0.0412"
"4,16 : 0.823"
"16,4 : 0.823"
"4,17 : 0.7931"
"17,4 : 0.7931"
"4,18 : 0.2319"
"18,4 : 0.2319"
"4,19 : 0.2"
"19,4 : 0.2"
"4,20 : 0.46"
"20,4 : 0.46"
"4,21 : 0.9475"
"21,4 : 0.9475"
"4,22 : 0.6021"
"22,4 : 0.6021"
"4,23 : 0.7295"
"23,4 : 0.7295"
"4,24 : 0.5235"
"24,4 : 0.5235"
"4,25 : 0.6549"
"25,4 : 0.6549"
"4,26 : 0.1712"
"26,4 : 0.1712"
"4,27 : 0.8509"
"27,4 : 0.8509"
"4,28 : 0.9402"
"28,4 : 0.9402"
"4,29 : 0.4031"
"29,4 : 0.4031"
"4,30 : 0.8402"
"30,4 : 0.8402"
"4,31 : 0.2341"
"31,4 : 0.2341"
"4,32 : 0.6168"
"32,4 : 0.6168"
"4,33 : 0.7706"
"33,4 : 0.7706"
"4,34 : 0.4589"
"34,4 : 0.4589"
"4,35 : 0.65"
"35,4 : 0.65"
"4,36 : 0.1942"
"36,4 : 0.1942"
"4,37 : 0.4264"
"37,4 : 0.4264"
"4,38 : 0.9306"
"38,4 : 0.9306"
"4,39 : 0.7101"
"39,4 : 0.7101"
"4,40 : 0.4973"
"40,4 : 0.4973"
"4,41 : 0.5166"
"41,4 : 0.5166"
"4,42 : 0.6926"
"42,4 : 0.6926"
"4,43 : 0.4534"
"43,4 : 0.4534"
"4,44 : 0.6064"
"44,4 : 0.6064"
"4,45 : 0.7648"
"45,4 : 0.7648"
"4,46 : 0.1414"
"46,4 : 0.1414"
"4,47 : 0.2193"
"47,4 : 0.2193"
"4,48 : 0.4179"
"48,4 : 0.4179"
"4,49 : 0.5021"
"49,4 : 0.5021"
"4,50 : 0.5855"
"50,4 : 0.5855"
"4,51 : 0.2326"
"51,4 : 0.2326"
"4,52 : 0.8782"
"52,4 : 0.8782"
"4,53 : 0.8171"
"53,4 : 0.8171"
"4,54 : 0.1565"
"54,4 : 0.1565"
"4,55 : 0.1044"
"55,4 : 0.1044"
"4,56 : 0.3041"
"56,4 : 0.3041"
"4,57 : 0.5354"
"57,4 : 0.5354"
"4,58 : 0.4632"
"58,4 : 0.4632"
"4,59 : 0.1404"
"59,4 : 0.1404"
"4,60 : 0.7086"
"60,4 : 0.7086"
"4,61 : 0.13"
"61,4 : 0.13"
"4,62 : 0.2193"
"62,4 : 0.2193"
"4,63 : 0.2746"
"63,4 : 0.2746"
"4,64 : 0.8732"
"64,4 : 0.8732"
"4,65 : 0.792"
"65,4 : 0.792"
"4,66 : 0.7201"
"66,4 : 0.7201"
"4,67 : 0.12"
"67,4 : 0.12"
"4,68 : 0.2343"
"68,4 : 0.2343"
"4,69 : 0.8768"
"69,4 : 0.8768"
"4,70 : 1.0294"
"70,4 : 1.0294"
"4,71 : 0.211"
"71,4 : 0.211"
"4,72 : 0.7006"
"72,4 : 0.7006"
"4,73 : 0.7376"
"73,4 : 0.7376"
"4,74 : 0.1476"
"74,4 : 0.1476"
"4,75 : 0.33"
"75,4 : 0.33"
"4,76 : 0.7767"
"76,4 : 0.7767"
"4,77 : 0.5413"
"77,4 : 0.5413"
"4,78 : 0.5323"
"78,4 : 0.5323"
"4,79 : 0.6303"
"79,4 : 0.6303"
"4,80 : 0.8429"
"80,4 : 0.8429"
"4,81 : 0.4741"
"81,4 : 0.4741"
"4,82 : 0.8202"
"82,4 : 0.8202"
"4,83 : 1.05"
"83,4 : 1.05"
"4,84 : 0.4205"
"84,4 : 0.4205"
"4,85 : 0.6649"
"85,4 : 0.6649"
"4,86 : 0.7058"
"86,4 : 0.7058"
"4,87 : 0.7963"
"87,4 : 0.7963"
"4,88 : 0.8823"
"88,4 : 0.8823"
"4,89 : 0.4561"
"89,4 : 0.4561"
"4,90 : 0.7834"
"90,4 : 0.7834"
"4,91 : 0.9521"
"91,4 : 0.9521"
"4,92 : 0.4738"
"92,4 : 0.4738"
"4,93 : 0.6329"
"93,4 : 0.6329"
"4,94 : 0.264"
"94,4 : 0.264"
"4,95 : 1.1107"
"95,4 : 1.1107"
"4,96 : 0.5441"
"96,4 : 0.5441"
"4,97 : 0.6414"
"97,4 : 0.6414"
"4,98 : 1.0"
"98,4 : 1.0"
"4,99 : 0.8338"
"99,4 : 0.8338"
"5,6 : 0.1924"
"6,5 : 0.1924"
"5,7 : 0.5798"
"7,5 : 0.5798"
"5,8 : 0.6905"
"8,5 : 0.6905"
"5,9 : 0.2902"
"9,5 : 0.2902"
"5,10 : 0.3178"
"10,5 : 0.3178"
"5,11 : 0.3501"
"11,5 : 0.3501"
"5,12 : 0.26"
"12,5 : 0.26"
"5,13 : 0.6708"
"13,5 : 0.6708"
"5,14 : 0.4752"
"14,5 : 0.4752"
"5,15 : 0.7432"
"15,5 : 0.7432"
"5,16 : 0.4366"
"16,5 : 0.4366"
"5,17 : 0.4272"
"17,5 : 0.4272"
"5,18 : 0.6494"
"18,5 : 0.6494"
"5,19 : 0.5554"
"19,5 : 0.5554"
"5,20 : 0.3996"
"20,5 : 0.3996"
"5,21 : 0.33"
"21,5 : 0.33"
"5,22 : 0.2983"
"22,5 : 0.2983"
"5,23 : 0.0849"
"23,5 : 0.0849"
"5,24 : 0.3126"
"24,5 : 0.3126"
"5,25 : 0.4205"
"25,5 : 0.4205"
"5,26 : 0.9139"
"26,5 : 0.9139"
"5,27 : 0.11"
"27,5 : 0.11"
"5,28 : 0.25"
"28,5 : 0.25"
"5,29 : 0.4701"
"29,5 : 0.4701"
"5,30 : 0.8521"
"30,5 : 0.8521"
"5,31 : 0.7595"
"31,5 : 0.7595"
"5,32 : 0.1581"
"32,5 : 0.1581"
"5,33 : 0.8215"
"33,5 : 0.8215"
"5,34 : 0.7679"
"34,5 : 0.7679"
"5,35 : 0.114"
"35,5 : 0.114"
"5,36 : 0.9441"
"36,5 : 0.9441"
"5,37 : 0.3471"
"37,5 : 0.3471"
"5,38 : 0.5323"
"38,5 : 0.5323"
"5,39 : 0.7566"
"39,5 : 0.7566"
"5,40 : 0.507"
"40,5 : 0.507"
"5,41 : 0.4998"
"41,5 : 0.4998"
"5,42 : 0.8096"
"42,5 : 0.8096"
"5,43 : 0.3324"
"43,5 : 0.3324"
"5,44 : 0.4866"
"44,5 : 0.4866"
"5,45 : 0.0141"
"45,5 : 0.0141"
"5,46 : 0.8405"
"46,5 : 0.8405"
"5,47 : 0.5967"
"47,5 : 0.5967"
"5,48 : 0.3384"
"48,5 : 0.3384"
"5,49 : 0.3206"
"49,5 : 0.3206"
"5,50 : 0.2751"
"50,5 : 0.2751"
"5,51 : 0.6366"
"51,5 : 0.6366"
"5,52 : 0.4789"
"52,5 : 0.4789"
"5,53 : 0.5597"
"53,5 : 0.5597"
"5,54 : 0.7666"
"54,5 : 0.7666"
"5,55 : 0.8301"
"55,5 : 0.8301"
"5,56 : 0.4701"
"56,5 : 0.4701"
"5,57 : 0.3956"
"57,5 : 0.3956"
"5,58 : 0.423"
"58,5 : 0.423"
"5,59 : 0.8161"
"59,5 : 0.8161"
"5,60 : 0.451"
"60,5 : 0.451"
"5,61 : 0.6742"
"61,5 : 0.6742"
"5,62 : 0.8515"
"62,5 : 0.8515"
"5,63 : 0.4941"
"63,5 : 0.4941"
"5,64 : 0.22"
"64,5 : 0.22"
"5,65 : 0.3467"
"65,5 : 0.3467"
"5,66 : 0.779"
"66,5 : 0.779"
"5,67 : 0.8127"
"67,5 : 0.8127"
"5,68 : 0.5441"
"68,5 : 0.5441"
"5,69 : 0.2844"
"69,5 : 0.2844"
"5,70 : 0.4501"
"70,5 : 0.4501"
"5,71 : 0.9618"
"71,5 : 0.9618"
"5,72 : 0.3114"
"72,5 : 0.3114"
"5,73 : 0.9129"
"73,5 : 0.9129"
"5,74 : 0.7622"
"74,5 : 0.7622"
"5,75 : 0.6701"
"75,5 : 0.6701"
"5,76 : 0.378"
"76,5 : 0.378"
"5,77 : 0.4713"
"77,5 : 0.4713"
"5,78 : 0.2195"
"78,5 : 0.2195"
"5,79 : 0.2154"
"79,5 : 0.2154"
"5,80 : 0.781"
"80,5 : 0.781"
"5,81 : 0.4571"
"81,5 : 0.4571"
"5,82 : 0.2563"
"82,5 : 0.2563"
"5,83 : 0.5016"
"83,5 : 0.5016"
"5,84 : 0.6946"
"84,5 : 0.6946"
"5,85 : 0.8673"
"85,5 : 0.8673"
"5,86 : 0.6826"
"86,5 : 0.6826"
"5,87 : 0.3744"
"87,5 : 0.3744"
"5,88 : 0.6403"
"88,5 : 0.6403"
"5,89 : 0.3158"
"89,5 : 0.3158"
"5,90 : 0.1749"
"90,5 : 0.1749"
"5,91 : 0.2417"
"91,5 : 0.2417"
"5,92 : 0.3302"
"92,5 : 0.3302"
"5,93 : 0.1304"
"93,5 : 0.1304"
"5,94 : 0.8401"
"94,5 : 0.8401"
"5,95 : 0.4427"
"95,5 : 0.4427"
"5,96 : 0.2343"
"96,5 : 0.2343"
"5,97 : 0.1204"
"97,5 : 0.1204"
"5,98 : 0.4653"
"98,5 : 0.4653"
"5,99 : 0.8959"
"99,5 : 0.8959"
"6,7 : 0.6624"
"7,6 : 0.6624"
"6,8 : 0.6574"
"8,6 : 0.6574"
"6,9 : 0.2561"
"9,6 : 0.2561"
"6,10 : 0.1414"
"10,6 : 0.1414"
"6,11 : 0.3162"
"11,6 : 0.3162"
"6,12 : 0.4101"
"12,6 : 0.4101"
"6,13 : 0.6935"
"13,6 : 0.6935"
"6,14 : 0.6403"
"14,6 : 0.6403"
"6,15 : 0.6042"
"15,6 : 0.6042"
"6,16 : 0.3394"
"16,6 : 0.3394"
"6,17 : 0.3189"
"17,6 : 0.3189"
"6,18 : 0.5533"
"18,6 : 0.5533"
"6,19 : 0.423"
"19,6 : 0.423"
"6,20 : 0.2081"
"20,6 : 0.2081"
"6,21 : 0.508"
"21,6 : 0.508"
"6,22 : 0.1217"
"22,6 : 0.1217"
"6,23 : 0.2319"
"23,6 : 0.2319"
"6,24 : 0.3041"
"24,6 : 0.3041"
"6,25 : 0.2596"
"25,6 : 0.2596"
"6,26 : 0.7737"
"26,6 : 0.7737"
"6,27 : 0.2625"
"27,6 : 0.2625"
"6,28 : 0.4401"
"28,6 : 0.4401"
"6,29 : 0.4205"
"29,6 : 0.4205"
"6,30 : 0.8994"
"30,6 : 0.8994"
"6,31 : 0.6619"
"31,6 : 0.6619"
"6,32 : 0.04"
"32,6 : 0.04"
"6,33 : 0.8556"
"33,6 : 0.8556"
"6,34 : 0.7262"
"34,6 : 0.7262"
"6,35 : 0.0825"
"35,6 : 0.0825"
"6,36 : 0.7912"
"36,6 : 0.7912"
"6,37 : 0.2693"
"37,6 : 0.2693"
"6,38 : 0.6649"
"38,6 : 0.6649"
"6,39 : 0.7852"
"39,6 : 0.7852"
"6,40 : 0.3162"
"40,6 : 0.3162"
"6,41 : 0.3105"
"41,6 : 0.3105"
"6,42 : 0.8246"
"42,6 : 0.8246"
"6,43 : 0.2729"
"43,6 : 0.2729"
"6,44 : 0.3102"
"44,6 : 0.3102"
"6,45 : 0.2059"
"45,6 : 0.2059"
"6,46 : 0.6754"
"46,6 : 0.6754"
"6,47 : 0.4909"
"47,6 : 0.4909"
"6,48 : 0.191"
"48,6 : 0.191"
"6,49 : 0.2983"
"49,6 : 0.2983"
"6,50 : 0.09"
"50,6 : 0.09"
"6,51 : 0.458"
"51,6 : 0.458"
"6,52 : 0.6064"
"52,6 : 0.6064"
"6,53 : 0.6531"
"53,6 : 0.6531"
"6,54 : 0.6507"
"54,6 : 0.6507"
"6,55 : 0.6943"
"55,6 : 0.6943"
"6,56 : 0.3046"
"56,6 : 0.3046"
"6,57 : 0.4031"
"57,6 : 0.4031"
"6,58 : 0.3966"
"58,6 : 0.3966"
"6,59 : 0.6488"
"59,6 : 0.6488"
"6,60 : 0.3046"
"60,6 : 0.3046"
"6,61 : 0.5099"
"61,6 : 0.5099"
"6,62 : 0.7403"
"62,6 : 0.7403"
"6,63 : 0.3324"
"63,6 : 0.3324"
"6,64 : 0.4002"
"64,6 : 0.4002"
"6,65 : 0.4707"
"65,6 : 0.4707"
"6,66 : 0.8066"
"66,6 : 0.8066"
"6,67 : 0.6485"
"67,6 : 0.6485"
"6,68 : 0.4301"
"68,6 : 0.4301"
"6,69 : 0.4518"
"69,6 : 0.4518"
"6,70 : 0.6251"
"70,6 : 0.6251"
"6,71 : 0.8099"
"71,6 : 0.8099"
"6,72 : 0.1844"
"72,6 : 0.1844"
"6,73 : 0.922"
"73,6 : 0.922"
"6,74 : 0.5917"
"74,6 : 0.5917"
"6,75 : 0.6017"
"75,6 : 0.6017"
"6,76 : 0.4904"
"76,6 : 0.4904"
"6,77 : 0.2844"
"77,6 : 0.2844"
"6,78 : 0.1166"
"78,6 : 0.1166"
"6,79 : 0.2731"
"79,6 : 0.2731"
"6,80 : 0.842"
"80,6 : 0.842"
"6,81 : 0.4383"
"81,6 : 0.4383"
"6,82 : 0.41"
"82,6 : 0.41"
"6,83 : 0.6719"
"83,6 : 0.6719"
"6,84 : 0.65"
"84,6 : 0.65"
"6,85 : 0.8653"
"85,6 : 0.8653"
"6,86 : 0.7218"
"86,6 : 0.7218"
"6,87 : 0.4948"
"87,6 : 0.4948"
"6,88 : 0.7382"
"88,6 : 0.7382"
"6,89 : 0.246"
"89,6 : 0.246"
"6,90 : 0.1811"
"90,6 : 0.1811"
"6,91 : 0.4338"
"91,6 : 0.4338"
"6,92 : 0.2884"
"92,6 : 0.2884"
"6,93 : 0.1649"
"93,6 : 0.1649"
"6,94 : 0.7411"
"94,6 : 0.7411"
"6,95 : 0.6332"
"95,6 : 0.6332"
"6,96 : 0.0608"
"96,6 : 0.0608"
"6,97 : 0.1628"
"97,6 : 0.1628"
"6,98 : 0.6303"
"98,6 : 0.6303"
"6,99 : 0.9334"
"99,6 : 0.9334"
"7,8 : 0.3962"
"8,7 : 0.3962"
"7,9 : 0.4368"
"9,7 : 0.4368"
"7,10 : 0.7962"
"10,7 : 0.7962"
"7,11 : 0.4045"
"11,7 : 0.4045"
"7,12 : 0.3536"
"12,7 : 0.3536"
"7,13 : 0.2195"
"13,7 : 0.2195"
"7,14 : 0.3453"
"14,7 : 0.3453"
"7,15 : 0.7596"
"15,7 : 0.7596"
"7,16 : 0.993"
"16,7 : 0.993"
"7,17 : 0.9764"
"17,7 : 0.9764"
"7,18 : 0.5686"
"18,7 : 0.5686"
"7,19 : 0.6379"
"19,7 : 0.6379"
"7,20 : 0.7762"
"20,7 : 0.7762"
"7,21 : 0.4177"
"21,7 : 0.4177"
"7,22 : 0.7782"
"22,7 : 0.7782"
"7,23 : 0.495"
"23,7 : 0.495"
"7,24 : 0.3833"
"24,7 : 0.3833"
"7,25 : 0.9171"
"25,7 : 0.9171"
"7,26 : 0.8819"
"26,7 : 0.8819"
"7,27 : 0.6622"
"27,7 : 0.6622"
"7,28 : 0.5092"
"28,7 : 0.5092"
"7,29 : 0.4045"
"29,7 : 0.4045"
"7,30 : 0.2941"
"30,7 : 0.2941"
"7,31 : 0.6297"
"31,7 : 0.6297"
"7,32 : 0.6277"
"32,7 : 0.6277"
"7,33 : 0.2907"
"33,7 : 0.2907"
"7,34 : 0.461"
"34,7 : 0.461"
"7,35 : 0.6046"
"35,7 : 0.6046"
"7,36 : 0.9571"
"36,7 : 0.9571"
"7,37 : 0.4851"
"37,7 : 0.4851"
"7,38 : 0.1931"
"38,7 : 0.1931"
"7,39 : 0.2532"
"39,7 : 0.2532"
"7,40 : 0.9071"
"40,7 : 0.9071"
"7,41 : 0.9121"
"41,7 : 0.9121"
"7,42 : 0.3256"
"42,7 : 0.3256"
"7,43 : 0.4571"
"43,7 : 0.4571"
"7,44 : 0.9492"
"44,7 : 0.9492"
"7,45 : 0.58"
"45,7 : 0.58"
"7,46 : 0.933"
"46,7 : 0.933"
"7,47 : 0.5757"
"47,7 : 0.5757"
"7,48 : 0.6139"
"48,7 : 0.6139"
"7,49 : 0.4002"
"49,7 : 0.4002"
"7,50 : 0.7425"
"50,7 : 0.7425"
"7,51 : 0.8515"
"51,7 : 0.8515"
"7,52 : 0.1803"
"52,7 : 0.1803"
"7,53 : 0.0412"
"53,7 : 0.0412"
"7,54 : 0.6935"
"54,7 : 0.6935"
"7,55 : 0.805"
"55,7 : 0.805"
"7,56 : 0.7011"
"56,7 : 0.7011"
"7,57 : 0.3015"
"57,7 : 0.3015"
"7,58 : 0.3601"
"58,7 : 0.3601"
"7,59 : 0.9244"
"59,7 : 0.9244"
"7,60 : 0.966"
"60,7 : 0.966"
"7,61 : 0.8122"
"61,7 : 0.8122"
"7,62 : 0.7324"
"62,7 : 0.7324"
"7,63 : 0.7001"
"63,7 : 0.7001"
"7,64 : 0.4519"
"64,7 : 0.4519"
"7,65 : 0.2506"
"65,7 : 0.2506"
"7,66 : 0.2717"
"66,7 : 0.2717"
"7,67 : 0.908"
"67,7 : 0.908"
"7,68 : 0.5805"
"68,7 : 0.5805"
"7,69 : 0.3828"
"69,7 : 0.3828"
"7,70 : 0.402"
"70,7 : 0.402"
"7,71 : 0.966"
"71,7 : 0.966"
"7,72 : 0.8438"
"72,7 : 0.8438"
"7,73 : 0.4211"
"73,7 : 0.4211"
"7,74 : 0.9003"
"74,7 : 0.9003"
"7,75 : 0.494"
"75,7 : 0.494"
"7,76 : 0.211"
"76,7 : 0.211"
"7,77 : 0.9014"
"77,7 : 0.9014"
"7,78 : 0.5646"
"78,7 : 0.5646"
"7,79 : 0.3912"
"79,7 : 0.3912"
"7,80 : 0.2102"
"80,7 : 0.2102"
"7,81 : 0.3324"
"81,7 : 0.3324"
"7,82 : 0.3624"
"82,7 : 0.3624"
"7,83 : 0.3808"
"83,7 : 0.3808"
"7,84 : 0.4328"
"84,7 : 0.4328"
"7,85 : 0.4123"
"85,7 : 0.4123"
"7,86 : 0.1772"
"86,7 : 0.1772"
"7,87 : 0.2236"
"87,7 : 0.2236"
"7,88 : 0.0906"
"88,7 : 0.0906"
"7,89 : 0.4805"
"89,7 : 0.4805"
"7,90 : 0.7507"
"90,7 : 0.7507"
"7,91 : 0.5442"
"91,7 : 0.5442"
"7,92 : 0.4276"
"92,7 : 0.4276"
"7,93 : 0.5048"
"93,7 : 0.5048"
"7,94 : 0.6841"
"94,7 : 0.6841"
"7,95 : 0.5501"
"95,7 : 0.5501"
"7,96 : 0.6447"
"96,7 : 0.6447"
"7,97 : 0.5104"
"97,7 : 0.5104"
"7,98 : 0.3437"
"98,7 : 0.3437"
"7,99 : 0.3493"
"99,7 : 0.3493"
"8,9 : 0.4111"
"9,8 : 0.4111"
"8,10 : 0.7463"
"10,8 : 0.7463"
"8,11 : 0.3479"
"11,8 : 0.3479"
"8,12 : 0.5923"
"12,8 : 0.5923"
"8,13 : 0.197"
"13,8 : 0.197"
"8,14 : 0.7033"
"14,8 : 0.7033"
"8,15 : 0.42"
"15,8 : 0.42"
"8,16 : 0.9848"
"16,8 : 0.9848"
"8,17 : 0.9596"
"17,8 : 0.9596"
"8,18 : 0.2335"
"18,8 : 0.2335"
"8,19 : 0.3801"
"19,8 : 0.3801"
"8,20 : 0.6576"
"20,8 : 0.6576"
"8,21 : 0.7117"
"21,8 : 0.7117"
"8,22 : 0.735"
"22,8 : 0.735"
"8,23 : 0.6229"
"23,8 : 0.6229"
"8,24 : 0.3785"
"24,8 : 0.3785"
"8,25 : 0.8528"
"25,8 : 0.8528"
"8,26 : 0.506"
"26,8 : 0.506"
"8,27 : 0.7991"
"27,8 : 0.7991"
"8,28 : 0.7595"
"28,8 : 0.7595"
"8,29 : 0.2371"
"29,8 : 0.2371"
"8,30 : 0.3801"
"30,8 : 0.3801"
"8,31 : 0.25"
"31,8 : 0.25"
"8,32 : 0.6408"
"32,8 : 0.6408"
"8,33 : 0.3106"
"33,8 : 0.3106"
"8,34 : 0.0806"
"34,8 : 0.0806"
"8,35 : 0.6451"
"35,8 : 0.6451"
"8,36 : 0.5894"
"36,8 : 0.5894"
"8,37 : 0.3895"
"37,8 : 0.3895"
"8,38 : 0.5763"
"38,8 : 0.5763"
"8,39 : 0.2508"
"39,8 : 0.2508"
"8,40 : 0.7669"
"40,8 : 0.7669"
"8,41 : 0.7799"
"41,8 : 0.7799"
"8,42 : 0.2354"
"42,8 : 0.2354"
"8,43 : 0.3848"
"43,8 : 0.3848"
"8,44 : 0.8485"
"44,8 : 0.8485"
"8,45 : 0.6987"
"45,8 : 0.6987"
"8,46 : 0.6001"
"46,8 : 0.6001"
"8,47 : 0.2786"
"47,8 : 0.2786"
"8,48 : 0.5061"
"48,8 : 0.5061"
"8,49 : 0.3736"
"49,8 : 0.3736"
"8,50 : 0.7018"
"50,8 : 0.7018"
"8,51 : 0.6017"
"51,8 : 0.6017"
"8,52 : 0.5408"
"52,8 : 0.5408"
"8,53 : 0.4314"
"53,8 : 0.4314"
"8,54 : 0.3256"
"54,8 : 0.3256"
"8,55 : 0.4393"
"55,8 : 0.4393"
"8,56 : 0.514"
"56,8 : 0.514"
"8,57 : 0.3002"
"57,8 : 0.3002"
"8,58 : 0.2693"
"58,8 : 0.2693"
"8,59 : 0.6003"
"59,8 : 0.6003"
"8,60 : 0.9105"
"60,8 : 0.9105"
"8,61 : 0.5263"
"61,8 : 0.5263"
"8,62 : 0.3444"
"62,8 : 0.3444"
"8,63 : 0.4965"
"63,8 : 0.4965"
"8,64 : 0.6873"
"64,8 : 0.6873"
"8,65 : 0.5187"
"65,8 : 0.5187"
"8,66 : 0.26"
"66,8 : 0.26"
"8,67 : 0.5801"
"67,8 : 0.5801"
"8,68 : 0.3225"
"68,8 : 0.3225"
"8,69 : 0.65"
"69,8 : 0.65"
"8,70 : 0.7469"
"70,8 : 0.7469"
"8,71 : 0.5948"
"71,8 : 0.5948"
"8,72 : 0.8301"
"72,8 : 0.8301"
"8,73 : 0.3002"
"73,8 : 0.3002"
"8,74 : 0.5954"
"74,8 : 0.5954"
"8,75 : 0.1304"
"75,8 : 0.1304"
"8,76 : 0.4847"
"76,8 : 0.4847"
"8,77 : 0.7852"
"77,8 : 0.7852"
"8,78 : 0.5413"
"78,8 : 0.5413"
"8,79 : 0.4817"
"79,8 : 0.4817"
"8,80 : 0.3883"
"80,8 : 0.3883"
"8,81 : 0.2335"
"81,8 : 0.2335"
"8,82 : 0.6021"
"82,8 : 0.6021"
"8,83 : 0.7443"
"83,8 : 0.7443"
"8,84 : 0.0412"
"84,8 : 0.0412"
"8,85 : 0.2302"
"85,8 : 0.2302"
"8,86 : 0.26"
"86,8 : 0.26"
"8,87 : 0.507"
"87,8 : 0.507"
"8,88 : 0.472"
"88,8 : 0.472"
"8,89 : 0.4115"
"89,8 : 0.4115"
"8,90 : 0.816"
"90,8 : 0.816"
"8,91 : 0.7864"
"91,8 : 0.7864"
"8,92 : 0.3734"
"92,8 : 0.3734"
"8,93 : 0.5652"
"93,8 : 0.5652"
"8,94 : 0.2915"
"94,8 : 0.2915"
"8,95 : 0.8732"
"95,8 : 0.8732"
"8,96 : 0.609"
"96,8 : 0.609"
"8,97 : 0.5749"
"97,8 : 0.5749"
"8,98 : 0.6984"
"98,8 : 0.6984"
"8,99 : 0.3766"
"99,8 : 0.3766"
"9,10 : 0.372"
"10,9 : 0.372"
"9,11 : 0.0632"
"11,9 : 0.0632"
"9,12 : 0.314"
"12,9 : 0.314"
"9,13 : 0.4384"
"13,9 : 0.4384"
"9,14 : 0.528"
"14,9 : 0.528"
"9,15 : 0.486"
"15,9 : 0.486"
"9,16 : 0.5946"
"16,9 : 0.5946"
"9,17 : 0.5728"
"17,9 : 0.5728"
"9,18 : 0.364"
"18,9 : 0.364"
"9,19 : 0.3041"
"19,9 : 0.3041"
"9,20 : 0.3396"
"20,9 : 0.3396"
"9,21 : 0.4469"
"21,9 : 0.4469"
"9,22 : 0.3561"
"22,9 : 0.3561"
"9,23 : 0.2404"
"23,9 : 0.2404"
"9,24 : 0.0539"
"24,9 : 0.0539"
"9,25 : 0.4909"
"25,9 : 0.4909"
"9,26 : 0.6519"
"26,9 : 0.6519"
"9,27 : 0.4001"
"27,9 : 0.4001"
"9,28 : 0.4383"
"28,9 : 0.4383"
"9,29 : 0.1811"
"29,9 : 0.1811"
"9,30 : 0.6482"
"30,9 : 0.6482"
"9,31 : 0.473"
"31,9 : 0.473"
"9,32 : 0.2332"
"32,9 : 0.2332"
"9,33 : 0.6014"
"33,9 : 0.6014"
"9,34 : 0.4851"
"34,9 : 0.4851"
"9,35 : 0.2341"
"35,9 : 0.2341"
"9,36 : 0.6966"
"36,9 : 0.6966"
"9,37 : 0.0781"
"37,9 : 0.0781"
"9,38 : 0.4937"
"38,9 : 0.4937"
"9,39 : 0.5304"
"39,9 : 0.5304"
"9,40 : 0.4707"
"40,9 : 0.4707"
"9,41 : 0.4754"
"41,9 : 0.4754"
"9,42 : 0.5685"
"42,9 : 0.5685"
"9,43 : 0.05"
"43,9 : 0.05"
"9,44 : 0.5148"
"44,9 : 0.5148"
"9,45 : 0.3007"
"45,9 : 0.3007"
"9,46 : 0.6172"
"46,9 : 0.6172"
"9,47 : 0.3178"
"47,9 : 0.3178"
"9,48 : 0.1803"
"48,9 : 0.1803"
"9,49 : 0.0424"
"49,9 : 0.0424"
"9,50 : 0.3202"
"50,9 : 0.3202"
"9,51 : 0.4624"
"51,9 : 0.4624"
"9,52 : 0.4342"
"52,9 : 0.4342"
"9,53 : 0.4374"
"53,9 : 0.4374"
"9,54 : 0.4885"
"54,9 : 0.4885"
"9,55 : 0.566"
"55,9 : 0.566"
"9,56 : 0.2912"
"56,9 : 0.2912"
"9,57 : 0.15"
"57,9 : 0.15"
"9,58 : 0.1432"
"58,9 : 0.1432"
"9,59 : 0.5982"
"59,9 : 0.5982"
"9,60 : 0.5441"
"60,9 : 0.5441"
"9,61 : 0.4604"
"61,9 : 0.4604"
"9,62 : 0.5692"
"62,9 : 0.5692"
"9,63 : 0.3008"
"63,9 : 0.3008"
"9,64 : 0.3701"
"64,9 : 0.3701"
"9,65 : 0.3162"
"65,9 : 0.3162"
"9,66 : 0.5515"
"66,9 : 0.5515"
"9,67 : 0.589"
"67,9 : 0.589"
"9,68 : 0.2746"
"68,9 : 0.2746"
"9,69 : 0.3764"
"69,9 : 0.3764"
"9,70 : 0.5385"
"70,9 : 0.5385"
"9,71 : 0.7122"
"71,9 : 0.7122"
"9,72 : 0.4386"
"72,9 : 0.4386"
"9,73 : 0.6661"
"73,9 : 0.6661"
"9,74 : 0.5547"
"74,9 : 0.5547"
"9,75 : 0.38"
"75,9 : 0.38"
"9,76 : 0.3158"
"76,9 : 0.3158"
"9,77 : 0.4649"
"77,9 : 0.4649"
"9,78 : 0.1414"
"78,9 : 0.1414"
"9,79 : 0.1273"
"79,9 : 0.1273"
"9,80 : 0.5968"
"80,9 : 0.5968"
"9,81 : 0.1836"
"81,9 : 0.1836"
"9,82 : 0.3202"
"82,9 : 0.3202"
"9,83 : 0.568"
"83,9 : 0.568"
"9,84 : 0.41"
"84,9 : 0.41"
"9,85 : 0.6106"
"85,9 : 0.6106"
"9,86 : 0.4701"
"86,9 : 0.4701"
"9,87 : 0.3298"
"87,9 : 0.3298"
"9,88 : 0.5217"
"88,9 : 0.5217"
"9,89 : 0.0539"
"89,9 : 0.0539"
"9,90 : 0.405"
"90,9 : 0.405"
"9,91 : 0.4528"
"91,9 : 0.4528"
"9,92 : 0.04"
"92,9 : 0.04"
"9,93 : 0.16"
"93,9 : 0.16"
"9,94 : 0.5532"
"94,9 : 0.5532"
"9,95 : 0.6081"
"95,9 : 0.6081"
"9,96 : 0.2202"
"96,9 : 0.2202"
"9,97 : 0.17"
"97,9 : 0.17"
"9,98 : 0.5189"
"98,9 : 0.5189"
"9,99 : 0.6794"
"99,9 : 0.6794"
"10,11 : 0.4252"
"11,10 : 0.4252"
"10,12 : 0.5508"
"12,10 : 0.5508"
"10,13 : 0.8081"
"13,10 : 0.8081"
"10,14 : 0.78"
"14,10 : 0.78"
"10,15 : 0.6101"
"15,10 : 0.6101"
"10,16 : 0.2417"
"16,10 : 0.2417"
"10,17 : 0.2147"
"17,10 : 0.2147"
"10,18 : 0.6041"
"18,10 : 0.6041"
"10,19 : 0.4491"
"19,10 : 0.4491"
"10,20 : 0.1432"
"20,10 : 0.1432"
"10,21 : 0.6438"
"21,10 : 0.6438"
"10,22 : 0.02"
"22,10 : 0.02"
"10,23 : 0.3701"
"23,10 : 0.3701"
"10,24 : 0.4244"
"24,10 : 0.4244"
"10,25 : 0.1208"
"25,10 : 0.1208"
"10,26 : 0.7716"
"26,10 : 0.7716"
"10,27 : 0.3585"
"27,10 : 0.3585"
"10,28 : 0.5675"
"28,10 : 0.5675"
"10,29 : 0.5122"
"29,10 : 0.5122"
"10,30 : 1.02"
"30,10 : 1.02"
"10,31 : 0.706"
"31,10 : 0.706"
"10,32 : 0.1811"
"32,10 : 0.1811"
"10,33 : 0.9719"
"33,10 : 0.9719"
"10,34 : 0.8078"
"34,10 : 0.8078"
"10,35 : 0.22"
"35,10 : 0.22"
"10,36 : 0.7728"
"36,10 : 0.7728"
"10,37 : 0.3612"
"37,10 : 0.3612"
"10,38 : 0.806"
"38,10 : 0.806"
"10,39 : 0.9003"
"39,10 : 0.9003"
"10,40 : 0.2"
"40,10 : 0.2"
"10,41 : 0.1887"
"41,10 : 0.1887"
"10,42 : 0.9334"
"42,10 : 0.9334"
"10,43 : 0.3748"
"43,10 : 0.3748"
"10,44 : 0.1703"
"44,10 : 0.1703"
"10,45 : 0.3298"
"45,10 : 0.3298"
"10,46 : 0.6429"
"46,10 : 0.6429"
"10,47 : 0.5376"
"47,10 : 0.5376"
"10,48 : 0.2419"
"48,10 : 0.2419"
"10,49 : 0.414"
"49,10 : 0.414"
"10,50 : 0.0539"
"50,10 : 0.0539"
"10,51 : 0.4111"
"51,10 : 0.4111"
"10,52 : 0.7473"
"52,10 : 0.7473"
"10,53 : 0.7892"
"53,10 : 0.7892"
"10,54 : 0.679"
"54,10 : 0.679"
"10,55 : 0.7"
"55,10 : 0.7"
"10,56 : 0.3007"
"56,10 : 0.3007"
"10,57 : 0.522"
"57,10 : 0.522"
"10,58 : 0.5021"
"58,10 : 0.5021"
"10,59 : 0.614"
"59,10 : 0.614"
"10,60 : 0.172"
"60,10 : 0.172"
"10,61 : 0.4866"
"61,10 : 0.4866"
"10,62 : 0.7694"
"62,10 : 0.7694"
"10,63 : 0.3306"
"63,10 : 0.3306"
"10,64 : 0.5346"
"64,10 : 0.5346"
"10,65 : 0.6119"
"65,10 : 0.6119"
"10,66 : 0.921"
"66,10 : 0.921"
"10,67 : 0.6185"
"67,10 : 0.6185"
"10,68 : 0.4743"
"68,10 : 0.4743"
"10,69 : 0.5903"
"69,10 : 0.5903"
"10,70 : 0.7624"
"70,10 : 0.7624"
"10,71 : 0.7925"
"71,10 : 0.7925"
"10,72 : 0.1"
"72,10 : 0.1"
"10,73 : 1.0265"
"73,10 : 1.0265"
"10,74 : 0.5536"
"74,10 : 0.5536"
"10,75 : 0.6708"
"75,10 : 0.6708"
"10,76 : 0.6306"
"76,10 : 0.6306"
"10,77 : 0.1565"
"77,10 : 0.1565"
"10,78 : 0.2332"
"78,10 : 0.2332"
"10,79 : 0.4111"
"79,10 : 0.4111"
"10,80 : 0.968"
"80,10 : 0.968"
"10,81 : 0.5445"
"81,10 : 0.5445"
"10,82 : 0.5504"
"82,10 : 0.5504"
"10,83 : 0.8106"
"83,10 : 0.8106"
"10,84 : 0.7325"
"84,10 : 0.7325"
"10,85 : 0.9654"
"85,10 : 0.9654"
"10,86 : 0.842"
"86,10 : 0.842"
"10,87 : 0.6356"
"87,10 : 0.6356"
"10,88 : 0.8746"
"88,10 : 0.8746"
"10,89 : 0.3466"
"89,10 : 0.3466"
"10,90 : 0.2263"
"90,10 : 0.2263"
"10,91 : 0.5566"
"91,10 : 0.5566"
"10,92 : 0.397"
"92,10 : 0.397"
"10,93 : 0.3059"
"93,10 : 0.3059"
"10,94 : 0.781"
"94,10 : 0.781"
"10,95 : 0.7596"
"95,10 : 0.7596"
"10,96 : 0.1526"
"96,10 : 0.1526"
"10,97 : 0.3041"
"97,10 : 0.3041"
"10,98 : 0.77"
"98,10 : 0.77"
"10,99 : 1.05"
"99,10 : 1.05"
"11,12 : 0.3397"
"12,11 : 0.3397"
"11,13 : 0.3829"
"13,11 : 0.3829"
"11,14 : 0.5385"
"14,11 : 0.5385"
"11,15 : 0.4528"
"15,11 : 0.4528"
"11,16 : 0.653"
"16,11 : 0.653"
"11,17 : 0.6303"
"17,11 : 0.6303"
"11,18 : 0.3138"
"18,11 : 0.3138"
"11,19 : 0.2802"
"19,11 : 0.2802"
"11,20 : 0.377"
"20,11 : 0.377"
"11,21 : 0.4742"
"21,11 : 0.4742"
"11,22 : 0.4104"
"22,11 : 0.4104"
"11,23 : 0.2943"
"23,11 : 0.2943"
"11,24 : 0.05"
"24,11 : 0.05"
"11,25 : 0.542"
"25,11 : 0.542"
"11,26 : 0.614"
"26,11 : 0.614"
"11,27 : 0.4601"
"27,11 : 0.4601"
"11,28 : 0.4789"
"28,11 : 0.4789"
"11,29 : 0.12"
"29,11 : 0.12"
"11,30 : 0.5964"
"30,11 : 0.5964"
"11,31 : 0.4206"
"31,11 : 0.4206"
"11,32 : 0.2953"
"32,11 : 0.2953"
"11,33 : 0.5467"
"33,11 : 0.5467"
"11,34 : 0.422"
"34,11 : 0.422"
"11,35 : 0.2973"
"35,11 : 0.2973"
"11,36 : 0.6648"
"36,11 : 0.6648"
"11,37 : 0.0806"
"37,11 : 0.0806"
"11,38 : 0.4851"
"38,11 : 0.4851"
"11,39 : 0.4751"
"39,11 : 0.4751"
"11,40 : 0.506"
"40,11 : 0.506"
"11,41 : 0.5126"
"41,11 : 0.5126"
"11,42 : 0.5099"
"42,11 : 0.5099"
"11,43 : 0.0539"
"43,11 : 0.0539"
"11,44 : 0.5595"
"44,11 : 0.5595"
"11,45 : 0.36"
"45,11 : 0.36"
"11,46 : 0.5964"
"46,11 : 0.5964"
"11,47 : 0.2746"
"47,11 : 0.2746"
"11,48 : 0.2119"
"48,11 : 0.2119"
"11,49 : 0.0316"
"49,11 : 0.0316"
"11,50 : 0.3748"
"50,11 : 0.3748"
"11,51 : 0.4632"
"51,11 : 0.4632"
"11,52 : 0.4272"
"52,11 : 0.4272"
"11,53 : 0.4105"
"53,11 : 0.4105"
"11,54 : 0.4429"
"54,11 : 0.4429"
"11,55 : 0.528"
"55,11 : 0.528"
"11,56 : 0.3007"
"56,11 : 0.3007"
"11,57 : 0.1044"
"57,11 : 0.1044"
"11,58 : 0.0806"
"58,11 : 0.0806"
"11,59 : 0.5798"
"59,11 : 0.5798"
"11,60 : 0.5967"
"60,11 : 0.5967"
"11,61 : 0.4472"
"61,11 : 0.4472"
"11,62 : 0.52"
"62,11 : 0.52"
"11,63 : 0.3041"
"63,11 : 0.3041"
"11,64 : 0.4082"
"64,11 : 0.4082"
"11,65 : 0.3225"
"65,11 : 0.3225"
"11,66 : 0.4958"
"66,11 : 0.4958"
"11,67 : 0.5686"
"67,11 : 0.5686"
"11,68 : 0.2404"
"68,11 : 0.2404"
"11,69 : 0.4036"
"69,11 : 0.4036"
"11,70 : 0.5561"
"70,11 : 0.5561"
"11,71 : 0.6794"
"71,11 : 0.6794"
"11,72 : 0.4968"
"72,11 : 0.4968"
"11,73 : 0.6061"
"73,11 : 0.6061"
"11,74 : 0.5412"
"74,11 : 0.5412"
"11,75 : 0.3206"
"75,11 : 0.3206"
"11,76 : 0.3138"
"76,11 : 0.3138"
"11,77 : 0.5057"
"77,11 : 0.5057"
"11,78 : 0.2"
"78,11 : 0.2"
"11,79 : 0.1655"
"79,11 : 0.1655"
"11,80 : 0.5501"
"80,11 : 0.5501"
"11,81 : 0.1221"
"81,11 : 0.1221"
"11,82 : 0.3471"
"82,11 : 0.3471"
"11,83 : 0.5798"
"83,11 : 0.5798"
"11,84 : 0.3471"
"84,11 : 0.3471"
"11,85 : 0.5492"
"85,11 : 0.5492"
"11,86 : 0.4188"
"86,11 : 0.4188"
"11,87 : 0.3311"
"87,11 : 0.3311"
"11,88 : 0.4925"
"88,11 : 0.4925"
"11,89 : 0.0806"
"89,11 : 0.0806"
"11,90 : 0.4682"
"90,11 : 0.4682"
"11,91 : 0.4966"
"91,11 : 0.4966"
"11,92 : 0.0283"
"92,11 : 0.0283"
"11,93 : 0.2209"
"93,11 : 0.2209"
"11,94 : 0.5"
"94,11 : 0.5"
"11,95 : 0.6389"
"95,11 : 0.6389"
"11,96 : 0.2759"
"96,11 : 0.2759"
"11,97 : 0.2309"
"97,11 : 0.2309"
"11,98 : 0.53"
"98,11 : 0.53"
"11,99 : 0.6248"
"99,11 : 0.6248"
"12,13 : 0.5036"
"13,12 : 0.5036"
"12,14 : 0.2319"
"14,12 : 0.2319"
"12,15 : 0.7925"
"15,12 : 0.7925"
"12,16 : 0.6964"
"16,12 : 0.6964"
"12,17 : 0.6862"
"17,12 : 0.6862"
"12,18 : 0.6435"
"18,12 : 0.6435"
"12,19 : 0.6162"
"19,12 : 0.6162"
"12,20 : 0.5903"
"20,12 : 0.5903"
"12,21 : 0.1345"
"21,12 : 0.1345"
"12,22 : 0.5308"
"22,12 : 0.5308"
"12,23 : 0.1844"
"23,12 : 0.1844"
"12,24 : 0.29"
"24,12 : 0.29"
"12,25 : 0.6648"
"25,12 : 0.6648"
"12,26 : 0.9527"
"26,12 : 0.9527"
"12,27 : 0.3189"
"27,12 : 0.3189"
"12,28 : 0.17"
"28,12 : 0.17"
"12,29 : 0.4357"
"29,12 : 0.4357"
"12,30 : 0.6447"
"30,12 : 0.6447"
"12,31 : 0.743"
"31,12 : 0.743"
"12,32 : 0.3701"
"32,12 : 0.3701"
"12,33 : 0.6294"
"33,12 : 0.6294"
"12,34 : 0.6727"
"34,12 : 0.6727"
"12,35 : 0.3314"
"35,12 : 0.3314"
"12,36 : 1.0045"
"36,12 : 1.0045"
"12,37 : 0.392"
"37,12 : 0.392"
"12,38 : 0.2729"
"38,12 : 0.2729"
"12,39 : 0.5749"
"39,12 : 0.5749"
"12,40 : 0.7157"
"40,12 : 0.7157"
"12,41 : 0.7134"
"41,12 : 0.7134"
"12,42 : 0.6395"
"42,12 : 0.6395"
"12,43 : 0.3624"
"43,12 : 0.3624"
"12,44 : 0.7203"
"44,12 : 0.7203"
"12,45 : 0.255"
"45,12 : 0.255"
"12,46 : 0.9309"
"46,12 : 0.9309"
"12,47 : 0.6122"
"47,12 : 0.6122"
"12,48 : 0.4662"
"48,12 : 0.4662"
"12,49 : 0.3111"
"49,12 : 0.3111"
"12,50 : 0.5001"
"50,12 : 0.5001"
"12,51 : 0.7694"
"51,12 : 0.7694"
"12,52 : 0.222"
"52,12 : 0.222"
"12,53 : 0.3245"
"53,12 : 0.3245"
"12,54 : 0.7767"
"54,12 : 0.7767"
"12,55 : 0.8668"
"55,12 : 0.8668"
"12,56 : 0.5948"
"56,12 : 0.5948"
"12,57 : 0.3087"
"57,12 : 0.3087"
"12,58 : 0.3722"
"58,12 : 0.3722"
"12,59 : 0.9121"
"59,12 : 0.9121"
"12,60 : 0.7021"
"60,12 : 0.7021"
"12,61 : 0.7742"
"61,12 : 0.7742"
"12,62 : 0.8472"
"62,12 : 0.8472"
"12,63 : 0.609"
"63,12 : 0.609"
"12,64 : 0.102"
"64,12 : 0.102"
"12,65 : 0.103"
"65,12 : 0.103"
"12,66 : 0.5967"
"66,12 : 0.5967"
"12,67 : 0.9027"
"67,12 : 0.9027"
"12,68 : 0.58"
"68,12 : 0.58"
"12,69 : 0.064"
"69,12 : 0.064"
"12,70 : 0.2285"
"70,12 : 0.2285"
"12,71 : 1.0191"
"71,12 : 1.0191"
"12,72 : 0.5652"
"72,12 : 0.5652"
"12,73 : 0.7433"
"73,12 : 0.7433"
"12,74 : 0.8684"
"74,12 : 0.8684"
"12,75 : 0.6224"
"75,12 : 0.6224"
"12,76 : 0.1432"
"76,12 : 0.1432"
"12,77 : 0.6912"
"77,12 : 0.6912"
"12,78 : 0.3614"
"78,12 : 0.3614"
"12,79 : 0.1887"
"79,12 : 0.1887"
"12,80 : 0.5636"
"80,12 : 0.5636"
"12,81 : 0.3848"
"81,12 : 0.3848"
"12,82 : 0.01"
"82,12 : 0.01"
"12,83 : 0.2668"
"83,12 : 0.2668"
"12,84 : 0.6113"
"84,12 : 0.6113"
"12,85 : 0.7134"
"85,12 : 0.7134"
"12,86 : 0.4948"
"86,12 : 0.4948"
"12,87 : 0.1304"
"87,12 : 0.1304"
"12,88 : 0.397"
"88,12 : 0.397"
"12,89 : 0.3662"
"89,12 : 0.3662"
"12,90 : 0.4338"
"90,12 : 0.4338"
"12,91 : 0.201"
"91,12 : 0.201"
"12,92 : 0.3397"
"92,12 : 0.3397"
"12,93 : 0.2518"
"93,12 : 0.2518"
"12,94 : 0.8184"
"94,12 : 0.8184"
"12,95 : 0.3"
"95,12 : 0.3"
"12,96 : 0.423"
"96,12 : 0.423"
"12,97 : 0.2508"
"97,12 : 0.2508"
"12,98 : 0.222"
"98,12 : 0.222"
"12,99 : 0.6964"
"99,12 : 0.6964"
"13,14 : 0.5566"
"14,13 : 0.5566"
"13,15 : 0.6053"
"15,13 : 0.6053"
"13,16 : 1.0328"
"16,13 : 1.0328"
"13,17 : 1.0112"
"17,13 : 1.0112"
"13,18 : 0.4119"
"18,13 : 0.4119"
"13,19 : 0.5277"
"19,13 : 0.5277"
"13,20 : 0.7495"
"20,13 : 0.7495"
"13,21 : 0.6007"
"21,13 : 0.6007"
"13,22 : 0.7931"
"22,13 : 0.7931"
"13,23 : 0.5909"
"23,13 : 0.5909"
"13,24 : 0.3895"
"24,13 : 0.3895"
