x,y
0.81,0.71
0.07,0.66
0.53,0.8
0.39,0.95
0.86,0.82
0.76,0.11
0.07,0.5
0.95,0.49
0.3,0.01
0.64,0.84
0.33,0.61
0.06,0.71
0.13,0.38
0.79,0.52
0.2,0.71
0.55,0.19
0.73,0.87
0.04,0.89
0.94,0.04
0.49,0.32
0.55,0.91
0.96,0.38
0.54,0.97
0.85,0.07
0.51,0.33
0.03,0.66
0.47,0.81
0.11,0.6
0.43,0.08
0.97,0.4
0.35,0.1
0.59,0.18
0.24,0.24
0.72,0.12
0.23,0.33
0.89,0.02
0.39,0.23
0.53,0.81
0.24,0.87
0.18,0.56
0.64,0.57
0.62,0.07
0.17,0.15
0.26,0.65
0.18,0.41
0.61,0.14
0.23,0.11
0.99,0.6
0.63,0.65
0.75,0.54
0.85,0.22
0.5,0.6
0.73,0.05
0.34,0.01
0.17,0.24
0.83,0.43
0.98,0.32
0.49,0.25
0.87,0.62
0.48,0.32
0.28,0.07
0.46,0.02
0.12,0.73
0.2,0.9
0.58,0.17
0.1,0.64
0.33,0.02
0.67,0.98
0.39,0.04
0.07,0.93
0.53,0.37
0.31,0.13
0.61,0.77
0.64,0.13
0.4,0.44
0.26,0.2
0.36,0.62
0.21,0.09
0.2,0.73
0.29,0.11
0.09,0.31
0.74,0.07
0.28,0.96
0.07,0.5
0.8,0.66
0.56,0.56
0.5,0.93
0.12,0.76
0.02,0.01
0.15,0.49
0.88,0.55
0.71,0.34
0.22,0.96
0.75,0.58
0.4,0.51
0.0,0.08
0.82,0.52
0.84,0.01
0.29,0.7
0.36,0.14

Distanze
"0,1 : 0.7417"
"1,0 : 0.7417"
"0,2 : 0.2941"
"2,0 : 0.2941"
"0,3 : 0.4837"
"3,0 : 0.4837"
"0,4 : 0.1208"
"4,0 : 0.1208"
"0,5 : 0.6021"
"5,0 : 0.6021"
"0,6 : 0.7692"
"6,0 : 0.7692"
"0,7 : 0.2608"
"7,0 : 0.2608"
"0,8 : 0.8661"
"8,0 : 0.8661"
"0,9 : 0.214"
"9,0 : 0.214"
"0,10 : 0.4903"
"10,0 : 0.4903"
"0,11 : 0.75"
"11,0 : 0.75"
"0,12 : 0.7558"
"12,0 : 0.7558"
"0,13 : 0.191"
"13,0 : 0.191"
"0,14 : 0.61"
"14,0 : 0.61"
"0,15 : 0.5814"
"15,0 : 0.5814"
"0,16 : 0.1789"
"16,0 : 0.1789"
"0,17 : 0.7908"
"17,0 : 0.7908"
"0,18 : 0.6825"
"18,0 : 0.6825"
"0,19 : 0.5045"
"19,0 : 0.5045"
"0,20 : 0.328"
"20,0 : 0.328"
"0,21 : 0.3625"
"21,0 : 0.3625"
"0,22 : 0.3748"
"22,0 : 0.3748"
"0,23 : 0.6412"
"23,0 : 0.6412"
"0,24 : 0.4841"
"24,0 : 0.4841"
"0,25 : 0.7816"
"25,0 : 0.7816"
"0,26 : 0.3544"
"26,0 : 0.3544"
"0,27 : 0.7086"
"27,0 : 0.7086"
"0,28 : 0.7357"
"28,0 : 0.7357"
"0,29 : 0.3489"
"29,0 : 0.3489"
"0,30 : 0.764"
"30,0 : 0.764"
"0,31 : 0.5738"
"31,0 : 0.5738"
"0,32 : 0.7388"
"32,0 : 0.7388"
"0,33 : 0.5968"
"33,0 : 0.5968"
"0,34 : 0.6934"
"34,0 : 0.6934"
"0,35 : 0.6946"
"35,0 : 0.6946"
"0,36 : 0.6378"
"36,0 : 0.6378"
"0,37 : 0.2973"
"37,0 : 0.2973"
"0,38 : 0.592"
"38,0 : 0.592"
"0,39 : 0.6476"
"39,0 : 0.6476"
"0,40 : 0.2202"
"40,0 : 0.2202"
"0,41 : 0.6676"
"41,0 : 0.6676"
"0,42 : 0.8504"
"42,0 : 0.8504"
"0,43 : 0.5533"
"43,0 : 0.5533"
"0,44 : 0.6978"
"44,0 : 0.6978"
"0,45 : 0.6041"
"45,0 : 0.6041"
"0,46 : 0.8345"
"46,0 : 0.8345"
"0,47 : 0.211"
"47,0 : 0.211"
"0,48 : 0.1897"
"48,0 : 0.1897"
"0,49 : 0.1803"
"49,0 : 0.1803"
"0,50 : 0.4916"
"50,0 : 0.4916"
"0,51 : 0.3289"
"51,0 : 0.3289"
"0,52 : 0.6648"
"52,0 : 0.6648"
"0,53 : 0.8431"
"53,0 : 0.8431"
"0,54 : 0.794"
"54,0 : 0.794"
"0,55 : 0.2807"
"55,0 : 0.2807"
"0,56 : 0.4254"
"56,0 : 0.4254"
"0,57 : 0.5604"
"57,0 : 0.5604"
"0,58 : 0.1082"
"58,0 : 0.1082"
"0,59 : 0.5109"
"59,0 : 0.5109"
"0,60 : 0.831"
"60,0 : 0.831"
"0,61 : 0.7737"
"61,0 : 0.7737"
"0,62 : 0.6903"
"62,0 : 0.6903"
"0,63 : 0.6389"
"63,0 : 0.6389"
"0,64 : 0.5869"
"64,0 : 0.5869"
"0,65 : 0.7134"
"65,0 : 0.7134"
"0,66 : 0.8405"
"66,0 : 0.8405"
"0,67 : 0.3041"
"67,0 : 0.3041"
"0,68 : 0.7908"
"68,0 : 0.7908"
"0,69 : 0.772"
"69,0 : 0.772"
"0,70 : 0.4405"
"70,0 : 0.4405"
"0,71 : 0.7658"
"71,0 : 0.7658"
"0,72 : 0.2088"
"72,0 : 0.2088"
"0,73 : 0.6044"
"73,0 : 0.6044"
"0,74 : 0.4909"
"74,0 : 0.4909"
"0,75 : 0.7501"
"75,0 : 0.7501"
"0,76 : 0.4589"
"76,0 : 0.4589"
"0,77 : 0.8628"
"77,0 : 0.8628"
"0,78 : 0.6103"
"78,0 : 0.6103"
"0,79 : 0.794"
"79,0 : 0.794"
"0,80 : 0.8237"
"80,0 : 0.8237"
"0,81 : 0.6438"
"81,0 : 0.6438"
"0,82 : 0.586"
"82,0 : 0.586"
"0,83 : 0.7692"
"83,0 : 0.7692"
"0,84 : 0.051"
"84,0 : 0.051"
"0,85 : 0.2915"
"85,0 : 0.2915"
"0,86 : 0.3801"
"86,0 : 0.3801"
"0,87 : 0.6918"
"87,0 : 0.6918"
"0,88 : 1.0555"
"88,0 : 1.0555"
"0,89 : 0.6957"
"89,0 : 0.6957"
"0,90 : 0.1746"
"90,0 : 0.1746"
"0,91 : 0.3833"
"91,0 : 0.3833"
"0,92 : 0.6408"
"92,0 : 0.6408"
"0,93 : 0.1432"
"93,0 : 0.1432"
"0,94 : 0.4562"
"94,0 : 0.4562"
"0,95 : 1.0262"
"95,0 : 1.0262"
"0,96 : 0.1903"
"96,0 : 0.1903"
"0,97 : 0.7006"
"97,0 : 0.7006"
"0,98 : 0.5201"
"98,0 : 0.5201"
"0,99 : 0.7262"
"99,0 : 0.7262"
"1,2 : 0.4808"
"2,1 : 0.4808"
"1,3 : 0.4319"
"3,1 : 0.4319"
"1,4 : 0.806"
"4,1 : 0.806"
"1,5 : 0.8824"
"5,1 : 0.8824"
"1,6 : 0.16"
"6,1 : 0.16"
"1,7 : 0.8963"
"7,1 : 0.8963"
"1,8 : 0.6895"
"8,1 : 0.6895"
"1,9 : 0.5977"
"9,1 : 0.5977"
"1,10 : 0.2648"
"10,1 : 0.2648"
"1,11 : 0.051"
"11,1 : 0.051"
"1,12 : 0.2864"
"12,1 : 0.2864"
"1,13 : 0.7335"
"13,1 : 0.7335"
"1,14 : 0.1393"
"14,1 : 0.1393"
"1,15 : 0.6718"
"15,1 : 0.6718"
"1,16 : 0.6926"
"16,1 : 0.6926"
"1,17 : 0.2319"
"17,1 : 0.2319"
"1,18 : 1.0683"
"18,1 : 1.0683"
"1,19 : 0.5404"
"19,1 : 0.5404"
"1,20 : 0.5412"
"20,1 : 0.5412"
"1,21 : 0.933"
"21,1 : 0.933"
"1,22 : 0.563"
"22,1 : 0.563"
"1,23 : 0.978"
"23,1 : 0.978"
"1,24 : 0.55"
"24,1 : 0.55"
"1,25 : 0.04"
"25,1 : 0.04"
"1,26 : 0.4272"
"26,1 : 0.4272"
"1,27 : 0.0721"
"27,1 : 0.0721"
"1,28 : 0.6826"
"28,1 : 0.6826"
"1,29 : 0.9368"
"29,1 : 0.9368"
"1,30 : 0.6261"
"30,1 : 0.6261"
"1,31 : 0.7077"
"31,1 : 0.7077"
"1,32 : 0.4531"
"32,1 : 0.4531"
"1,33 : 0.845"
"33,1 : 0.845"
"1,34 : 0.3667"
"34,1 : 0.3667"
"1,35 : 1.0402"
"35,1 : 1.0402"
"1,36 : 0.536"
"36,1 : 0.536"
"1,37 : 0.4838"
"37,1 : 0.4838"
"1,38 : 0.2702"
"38,1 : 0.2702"
"1,39 : 0.1487"
"39,1 : 0.1487"
"1,40 : 0.5771"
"40,1 : 0.5771"
"1,41 : 0.8066"
"41,1 : 0.8066"
"1,42 : 0.5197"
"42,1 : 0.5197"
"1,43 : 0.1903"
"43,1 : 0.1903"
"1,44 : 0.2731"
"44,1 : 0.2731"
"1,45 : 0.7497"
"45,1 : 0.7497"
"1,46 : 0.5728"
"46,1 : 0.5728"
"1,47 : 0.922"
"47,1 : 0.922"
"1,48 : 0.5601"
"48,1 : 0.5601"
"1,49 : 0.6905"
"49,1 : 0.6905"
"1,50 : 0.8955"
"50,1 : 0.8955"
"1,51 : 0.4342"
"51,1 : 0.4342"
"1,52 : 0.8987"
"52,1 : 0.8987"
"1,53 : 0.7038"
"53,1 : 0.7038"
"1,54 : 0.4317"
"54,1 : 0.4317"
"1,55 : 0.794"
"55,1 : 0.794"
"1,56 : 0.9714"
"56,1 : 0.9714"
"1,57 : 0.5869"
"57,1 : 0.5869"
"1,58 : 0.801"
"58,1 : 0.801"
"1,59 : 0.5326"
"59,1 : 0.5326"
"1,60 : 0.6263"
"60,1 : 0.6263"
"1,61 : 0.7495"
"61,1 : 0.7495"
"1,62 : 0.086"
"62,1 : 0.086"
"1,63 : 0.2729"
"63,1 : 0.2729"
"1,64 : 0.7072"
"64,1 : 0.7072"
"1,65 : 0.0361"
"65,1 : 0.0361"
"1,66 : 0.6908"
"66,1 : 0.6908"
"1,67 : 0.68"
"67,1 : 0.68"
"1,68 : 0.6977"
"68,1 : 0.6977"
"1,69 : 0.27"
"69,1 : 0.27"
"1,70 : 0.5438"
"70,1 : 0.5438"
"1,71 : 0.5818"
"71,1 : 0.5818"
"1,72 : 0.5511"
"72,1 : 0.5511"
"1,73 : 0.7783"
"73,1 : 0.7783"
"1,74 : 0.3966"
"74,1 : 0.3966"
"1,75 : 0.4977"
"75,1 : 0.4977"
"1,76 : 0.2927"
"76,1 : 0.2927"
"1,77 : 0.5869"
"77,1 : 0.5869"
"1,78 : 0.1476"
"78,1 : 0.1476"
"1,79 : 0.5924"
"79,1 : 0.5924"
"1,80 : 0.3506"
"80,1 : 0.3506"
"1,81 : 0.8927"
"81,1 : 0.8927"
"1,82 : 0.3662"
"82,1 : 0.3662"
"1,83 : 0.16"
"83,1 : 0.16"
"1,84 : 0.73"
"84,1 : 0.73"
"1,85 : 0.5001"
"85,1 : 0.5001"
"1,86 : 0.5077"
"86,1 : 0.5077"
"1,87 : 0.1118"
"87,1 : 0.1118"
"1,88 : 0.6519"
"88,1 : 0.6519"
"1,89 : 0.1879"
"89,1 : 0.1879"
"1,90 : 0.8174"
"90,1 : 0.8174"
"1,91 : 0.7155"
"91,1 : 0.7155"
"1,92 : 0.3354"
"92,1 : 0.3354"
"1,93 : 0.6847"
"93,1 : 0.6847"
"1,94 : 0.3625"
"94,1 : 0.3625"
"1,95 : 0.5842"
"95,1 : 0.5842"
"1,96 : 0.763"
"96,1 : 0.763"
"1,97 : 1.0077"
"97,1 : 1.0077"
"1,98 : 0.2236"
"98,1 : 0.2236"
"1,99 : 0.5954"
"99,1 : 0.5954"
"2,3 : 0.2052"
"3,2 : 0.2052"
"2,4 : 0.3306"
"4,2 : 0.3306"
"2,5 : 0.7273"
"5,2 : 0.7273"
"2,6 : 0.5492"
"6,2 : 0.5492"
"2,7 : 0.522"
"7,2 : 0.522"
"2,8 : 0.8228"
"8,2 : 0.8228"
"2,9 : 0.117"
"9,2 : 0.117"
"2,10 : 0.2759"
"10,2 : 0.2759"
"2,11 : 0.4785"
"11,2 : 0.4785"
"2,12 : 0.58"
"12,2 : 0.58"
"2,13 : 0.3821"
"13,2 : 0.3821"
"2,14 : 0.3421"
"14,2 : 0.3421"
"2,15 : 0.6103"
"15,2 : 0.6103"
"2,16 : 0.2119"
"16,2 : 0.2119"
"2,17 : 0.4982"
"17,2 : 0.4982"
"2,18 : 0.8635"
"18,2 : 0.8635"
"2,19 : 0.4817"
"19,2 : 0.4817"
"2,20 : 0.1118"
"20,2 : 0.1118"
"2,21 : 0.6011"
"21,2 : 0.6011"
"2,22 : 0.1703"
"22,2 : 0.1703"
"2,23 : 0.7971"
"23,2 : 0.7971"
"2,24 : 0.4704"
"24,2 : 0.4704"
"2,25 : 0.5192"
"25,2 : 0.5192"
"2,26 : 0.0608"
"26,2 : 0.0608"
"2,27 : 0.4652"
"27,2 : 0.4652"
"2,28 : 0.7269"
"28,2 : 0.7269"
"2,29 : 0.5946"
"29,2 : 0.5946"
"2,30 : 0.7228"
"30,2 : 0.7228"
"2,31 : 0.6229"
"31,2 : 0.6229"
"2,32 : 0.6306"
"32,2 : 0.6306"
"2,33 : 0.706"
"33,2 : 0.706"
"2,34 : 0.5576"
"34,2 : 0.5576"
"2,35 : 0.8591"
"35,2 : 0.8591"
"2,36 : 0.5869"
"36,2 : 0.5869"
"2,37 : 0.01"
"37,2 : 0.01"
"2,38 : 0.2983"
"38,2 : 0.2983"
"2,39 : 0.4244"
"39,2 : 0.4244"
"2,40 : 0.255"
"40,2 : 0.255"
"2,41 : 0.7355"
"41,2 : 0.7355"
"2,42 : 0.743"
"42,2 : 0.743"
"2,43 : 0.3089"
"43,2 : 0.3089"
"2,44 : 0.524"
"44,2 : 0.524"
"2,45 : 0.6648"
"45,2 : 0.6648"
"2,46 : 0.7524"
"46,2 : 0.7524"
"2,47 : 0.5016"
"47,2 : 0.5016"
"2,48 : 0.1803"
"48,2 : 0.1803"
"2,49 : 0.3406"
"49,2 : 0.3406"
"2,50 : 0.6624"
"50,2 : 0.6624"
"2,51 : 0.2022"
"51,2 : 0.2022"
"2,52 : 0.7762"
"52,2 : 0.7762"
"2,53 : 0.8125"
"53,2 : 0.8125"
"2,54 : 0.6657"
"54,2 : 0.6657"
"2,55 : 0.4763"
"55,2 : 0.4763"
"2,56 : 0.658"
"56,2 : 0.658"
"2,57 : 0.5515"
"57,2 : 0.5515"
"2,58 : 0.3847"
"58,2 : 0.3847"
"2,59 : 0.4826"
"59,2 : 0.4826"
"2,60 : 0.7716"
"60,2 : 0.7716"
"2,61 : 0.7831"
"61,2 : 0.7831"
"2,62 : 0.4159"
"62,2 : 0.4159"
"2,63 : 0.3448"
"63,2 : 0.3448"
"2,64 : 0.632"
"64,2 : 0.632"
"2,65 : 0.4588"
"65,2 : 0.4588"
"2,66 : 0.8052"
"66,2 : 0.8052"
"2,67 : 0.228"
"67,2 : 0.228"
"2,68 : 0.7728"
"68,2 : 0.7728"
"2,69 : 0.478"
"69,2 : 0.478"
"2,70 : 0.43"
"70,2 : 0.43"
"2,71 : 0.7052"
"71,2 : 0.7052"
"2,72 : 0.0854"
"72,2 : 0.0854"
"2,73 : 0.679"
"73,2 : 0.679"
"2,74 : 0.3828"
"74,2 : 0.3828"
"2,75 : 0.658"
"75,2 : 0.658"
"2,76 : 0.2476"
"76,2 : 0.2476"
"2,77 : 0.7788"
"77,2 : 0.7788"
"2,78 : 0.3373"
"78,2 : 0.3373"
"2,79 : 0.7305"
"79,2 : 0.7305"
"2,80 : 0.6586"
"80,2 : 0.6586"
"2,81 : 0.7596"
"81,2 : 0.7596"
"2,82 : 0.2968"
"82,2 : 0.2968"
"2,83 : 0.5492"
"83,2 : 0.5492"
"2,84 : 0.3041"
"84,2 : 0.3041"
"2,85 : 0.2419"
"85,2 : 0.2419"
"2,86 : 0.1334"
"86,2 : 0.1334"
"2,87 : 0.4119"
"87,2 : 0.4119"
"2,88 : 0.9403"
"88,2 : 0.9403"
"2,89 : 0.4904"
"89,2 : 0.4904"
"2,90 : 0.4301"
"90,2 : 0.4301"
"2,91 : 0.494"
"91,2 : 0.494"
"2,92 : 0.3489"
"92,2 : 0.3489"
"2,93 : 0.3111"
"93,2 : 0.3111"
"2,94 : 0.3178"
"94,2 : 0.3178"
"2,95 : 0.894"
"95,2 : 0.894"
"2,96 : 0.4031"
"96,2 : 0.4031"
"2,97 : 0.8486"
"97,2 : 0.8486"
"2,98 : 0.26"
"98,2 : 0.26"
"2,99 : 0.6815"
"99,2 : 0.6815"
"3,4 : 0.4876"
"4,3 : 0.4876"
"3,5 : 0.9179"
"5,3 : 0.9179"
"3,6 : 0.5522"
"6,3 : 0.5522"
"3,7 : 0.7247"
"7,3 : 0.7247"
"3,8 : 0.9443"
"8,3 : 0.9443"
"3,9 : 0.2731"
"9,3 : 0.2731"
"3,10 : 0.3453"
"10,3 : 0.3453"
"3,11 : 0.408"
"11,3 : 0.408"
"3,12 : 0.6265"
"12,3 : 0.6265"
"3,13 : 0.5873"
"13,3 : 0.5873"
"3,14 : 0.3061"
"14,3 : 0.3061"
"3,15 : 0.7767"
"15,3 : 0.7767"
"3,16 : 0.3493"
"16,3 : 0.3493"
"3,17 : 0.3551"
"17,3 : 0.3551"
"3,18 : 1.0633"
"18,3 : 1.0633"
"3,19 : 0.6379"
"19,3 : 0.6379"
"3,20 : 0.1649"
"20,3 : 0.1649"
"3,21 : 0.8061"
"21,3 : 0.8061"
"3,22 : 0.1513"
"22,3 : 0.1513"
"3,23 : 0.993"
"23,3 : 0.993"
"3,24 : 0.6315"
"24,3 : 0.6315"
"3,25 : 0.4623"
"25,3 : 0.4623"
"3,26 : 0.1612"
"26,3 : 0.1612"
"3,27 : 0.4482"
"27,3 : 0.4482"
"3,28 : 0.8709"
"28,3 : 0.8709"
"3,29 : 0.7993"
"29,3 : 0.7993"
"3,30 : 0.8509"
"30,3 : 0.8509"
"3,31 : 0.7956"
"31,3 : 0.7956"
"3,32 : 0.7257"
"32,3 : 0.7257"
"3,33 : 0.8932"
"33,3 : 0.8932"
"3,34 : 0.6403"
"34,3 : 0.6403"
"3,35 : 1.0559"
"35,3 : 1.0559"
"3,36 : 0.72"
"36,3 : 0.72"
"3,37 : 0.198"
"37,3 : 0.198"
"3,38 : 0.17"
"38,3 : 0.17"
"3,39 : 0.4429"
"39,3 : 0.4429"
"3,40 : 0.4549"
"40,3 : 0.4549"
"3,41 : 0.9096"
"41,3 : 0.9096"
"3,42 : 0.8297"
"42,3 : 0.8297"
"3,43 : 0.327"
"43,3 : 0.327"
"3,44 : 0.5794"
"44,3 : 0.5794"
"3,45 : 0.8393"
"45,3 : 0.8393"
"3,46 : 0.8551"
"46,3 : 0.8551"
"3,47 : 0.6946"
"47,3 : 0.6946"
"3,48 : 0.3842"
"48,3 : 0.3842"
"3,49 : 0.5456"
"49,3 : 0.5456"
"3,50 : 0.8628"
"50,3 : 0.8628"
"3,51 : 0.3669"
"51,3 : 0.3669"
"3,52 : 0.9621"
"52,3 : 0.9621"
"3,53 : 0.9413"
"53,3 : 0.9413"
"3,54 : 0.7433"
"54,3 : 0.7433"
"3,55 : 0.6812"
"55,3 : 0.6812"
"3,56 : 0.8631"
"56,3 : 0.8631"
"3,57 : 0.7071"
"57,3 : 0.7071"
"3,58 : 0.5825"
"58,3 : 0.5825"
"3,59 : 0.6364"
"59,3 : 0.6364"
"3,60 : 0.8868"
"60,3 : 0.8868"
"3,61 : 0.9326"
"61,3 : 0.9326"
"3,62 : 0.3483"
"62,3 : 0.3483"
"3,63 : 0.1965"
"63,3 : 0.1965"
"3,64 : 0.8028"
"64,3 : 0.8028"
"3,65 : 0.4245"
"65,3 : 0.4245"
"3,66 : 0.9319"
"66,3 : 0.9319"
"3,67 : 0.2816"
"67,3 : 0.2816"
"3,68 : 0.91"
"68,3 : 0.91"
"3,69 : 0.3206"
"69,3 : 0.3206"
"3,70 : 0.5967"
"70,3 : 0.5967"
"3,71 : 0.8239"
"71,3 : 0.8239"
"3,72 : 0.2843"
"72,3 : 0.2843"
"3,73 : 0.8573"
"73,3 : 0.8573"
"3,74 : 0.5101"
"74,3 : 0.5101"
"3,75 : 0.7612"
"75,3 : 0.7612"
"3,76 : 0.3314"
"76,3 : 0.3314"
"3,77 : 0.8786"
"77,3 : 0.8786"
"3,78 : 0.2907"
"78,3 : 0.2907"
"3,79 : 0.8459"
"79,3 : 0.8459"
"3,80 : 0.7068"
"80,3 : 0.7068"
"3,81 : 0.947"
"81,3 : 0.947"
"3,82 : 0.1105"
"82,3 : 0.1105"
"3,83 : 0.5522"
"83,3 : 0.5522"
"3,84 : 0.5022"
"84,3 : 0.5022"
"3,85 : 0.4254"
"85,3 : 0.4254"
"3,86 : 0.1118"
"86,3 : 0.1118"
"3,87 : 0.3302"
"87,3 : 0.3302"
"3,88 : 1.0102"
"88,3 : 1.0102"
"3,89 : 0.5188"
"89,3 : 0.5188"
"3,90 : 0.6325"
"90,3 : 0.6325"
"3,91 : 0.6888"
"91,3 : 0.6888"
"3,92 : 0.1703"
"92,3 : 0.1703"
"3,93 : 0.5162"
"93,3 : 0.5162"
"3,94 : 0.4401"
"94,3 : 0.4401"
"3,95 : 0.9534"
"95,3 : 0.9534"
"3,96 : 0.6081"
"96,3 : 0.6081"
"3,97 : 1.0422"
"97,3 : 1.0422"
"3,98 : 0.2693"
"98,3 : 0.2693"
"3,99 : 0.8106"
"99,3 : 0.8106"
"4,5 : 0.717"
"5,4 : 0.717"
"4,6 : 0.8523"
"6,4 : 0.8523"
"4,7 : 0.3421"
"7,4 : 0.3421"
"4,8 : 0.9847"
"8,4 : 0.9847"
"4,9 : 0.2209"
"9,4 : 0.2209"
"4,10 : 0.5701"
"10,4 : 0.5701"
"4,11 : 0.8075"
"11,4 : 0.8075"
"4,12 : 0.8523"
"12,4 : 0.8523"
"4,13 : 0.3081"
"13,4 : 0.3081"
"4,14 : 0.6691"
"14,4 : 0.6691"
"4,15 : 0.7021"
"15,4 : 0.7021"
"4,16 : 0.1393"
"16,4 : 0.1393"
"4,17 : 0.823"
"17,4 : 0.823"
"4,18 : 0.7841"
"18,4 : 0.7841"
"4,19 : 0.622"
"19,4 : 0.622"
"4,20 : 0.3228"
"20,4 : 0.3228"
"4,21 : 0.4512"
"21,4 : 0.4512"
"4,22 : 0.3534"
"22,4 : 0.3534"
"4,23 : 0.7501"
"23,4 : 0.7501"
"4,24 : 0.6022"
"24,4 : 0.6022"
"4,25 : 0.8453"
"25,4 : 0.8453"
"4,26 : 0.3901"
"26,4 : 0.3901"
"4,27 : 0.7816"
"27,4 : 0.7816"
"4,28 : 0.8559"
"28,4 : 0.8559"
"4,29 : 0.4342"
"29,4 : 0.4342"
"4,30 : 0.8823"
"30,4 : 0.8823"
"4,31 : 0.6946"
"31,4 : 0.6946"
"4,32 : 0.849"
"32,4 : 0.849"
"4,33 : 0.7139"
"33,4 : 0.7139"
"4,34 : 0.7981"
"34,4 : 0.7981"
"4,35 : 0.8006"
"35,4 : 0.8006"
"4,36 : 0.7543"
"36,4 : 0.7543"
"4,37 : 0.3302"
"37,4 : 0.3302"
"4,38 : 0.622"
"38,4 : 0.622"
"4,39 : 0.728"
"39,4 : 0.728"
"4,40 : 0.333"
"40,4 : 0.333"
"4,41 : 0.7875"
"41,4 : 0.7875"
"4,42 : 0.9618"
"42,4 : 0.9618"
"4,43 : 0.6236"
"43,4 : 0.6236"
"4,44 : 0.794"
"44,4 : 0.794"
"4,45 : 0.7245"
"45,4 : 0.7245"
"4,46 : 0.9492"
"46,4 : 0.9492"
"4,47 : 0.2555"
"47,4 : 0.2555"
"4,48 : 0.286"
"48,4 : 0.286"
"4,49 : 0.3008"
"49,4 : 0.3008"
"4,50 : 0.6001"
"50,4 : 0.6001"
"4,51 : 0.4219"
"51,4 : 0.4219"
"4,52 : 0.7809"
"52,4 : 0.7809"
"4,53 : 0.9625"
"53,4 : 0.9625"
"4,54 : 0.9014"
"54,4 : 0.9014"
"4,55 : 0.3912"
"55,4 : 0.3912"
"4,56 : 0.5142"
"56,4 : 0.5142"
"4,57 : 0.6796"
"57,4 : 0.6796"
"4,58 : 0.2002"
"58,4 : 0.2002"
"4,59 : 0.628"
"59,4 : 0.628"
"4,60 : 0.9481"
"60,4 : 0.9481"
"4,61 : 0.8944"
"61,4 : 0.8944"
"4,62 : 0.7455"
"62,4 : 0.7455"
"4,63 : 0.6648"
"63,4 : 0.6648"
"4,64 : 0.7077"
"64,4 : 0.7077"
"4,65 : 0.781"
"65,4 : 0.781"
"4,66 : 0.9596"
"66,4 : 0.9596"
"4,67 : 0.2484"
"67,4 : 0.2484"
"4,68 : 0.9107"
"68,4 : 0.9107"
"4,69 : 0.7976"
"69,4 : 0.7976"
"4,70 : 0.558"
"70,4 : 0.558"
"4,71 : 0.8824"
"71,4 : 0.8824"
"4,72 : 0.255"
"72,4 : 0.255"
"4,73 : 0.7242"
"73,4 : 0.7242"
"4,74 : 0.5967"
"74,4 : 0.5967"
"4,75 : 0.8628"
"75,4 : 0.8628"
"4,76 : 0.5385"
"76,4 : 0.5385"
"4,77 : 0.9774"
"77,4 : 0.9774"
"4,78 : 0.6661"
"78,4 : 0.6661"
"4,79 : 0.9105"
"79,4 : 0.9105"
"4,80 : 0.9236"
"80,4 : 0.9236"
"4,81 : 0.7595"
"81,4 : 0.7595"
"4,82 : 0.5967"
"82,4 : 0.5967"
"4,83 : 0.8523"
"83,4 : 0.8523"
"4,84 : 0.1709"
"84,4 : 0.1709"
"4,85 : 0.397"
"85,4 : 0.397"
"4,86 : 0.3764"
"86,4 : 0.3764"
"4,87 : 0.7424"
"87,4 : 0.7424"
"4,88 : 1.1669"
"88,4 : 1.1669"
"4,89 : 0.7829"
"89,4 : 0.7829"
"4,90 : 0.2707"
"90,4 : 0.2707"
"4,91 : 0.5029"
"91,4 : 0.5029"
"4,92 : 0.6551"
"92,4 : 0.6551"
"4,93 : 0.264"
"93,4 : 0.264"
"4,94 : 0.5547"
"94,4 : 0.5547"
"4,95 : 1.1345"
"95,4 : 1.1345"
"4,96 : 0.3027"
"96,4 : 0.3027"
"4,97 : 0.8102"
"97,4 : 0.8102"
"4,98 : 0.5825"
"98,4 : 0.5825"
"4,99 : 0.844"
"99,4 : 0.844"
"5,6 : 0.7926"
"6,5 : 0.7926"
"5,7 : 0.4249"
"7,5 : 0.4249"
"5,8 : 0.4707"
"8,5 : 0.4707"
"5,9 : 0.7398"
"9,5 : 0.7398"
"5,10 : 0.6595"
"10,5 : 0.6595"
"5,11 : 0.922"
"11,5 : 0.922"
"5,12 : 0.6854"
"12,5 : 0.6854"
"5,13 : 0.4111"
"13,5 : 0.4111"
"5,14 : 0.8207"
"14,5 : 0.8207"
"5,15 : 0.2247"
"15,5 : 0.2247"
"5,16 : 0.7606"
"16,5 : 0.7606"
"5,17 : 1.0615"
"17,5 : 1.0615"
"5,18 : 0.1931"
"18,5 : 0.1931"
"5,19 : 0.3421"
"19,5 : 0.3421"
"5,20 : 0.8271"
"20,5 : 0.8271"
"5,21 : 0.336"
"21,5 : 0.336"
"5,22 : 0.8877"
"22,5 : 0.8877"
"5,23 : 0.0985"
"23,5 : 0.0985"
"5,24 : 0.333"
"24,5 : 0.333"
"5,25 : 0.914"
"25,5 : 0.914"
"5,26 : 0.7577"
"26,5 : 0.7577"
"5,27 : 0.814"
"27,5 : 0.814"
"5,28 : 0.3314"
"28,5 : 0.3314"
"5,29 : 0.3581"
"29,5 : 0.3581"
"5,30 : 0.4101"
"30,5 : 0.4101"
"5,31 : 0.1838"
"31,5 : 0.1838"
"5,32 : 0.536"
"32,5 : 0.536"
"5,33 : 0.0412"
"33,5 : 0.0412"
"5,34 : 0.5738"
"34,5 : 0.5738"
"5,35 : 0.1581"
"35,5 : 0.1581"
"5,36 : 0.389"
"36,5 : 0.389"
"5,37 : 0.7368"
"37,5 : 0.7368"
"5,38 : 0.9209"
"38,5 : 0.9209"
"5,39 : 0.7341"
"39,5 : 0.7341"
"5,40 : 0.4754"
"40,5 : 0.4754"
"5,41 : 0.1456"
"41,5 : 0.1456"
"5,42 : 0.5914"
"42,5 : 0.5914"
"5,43 : 0.7359"
"43,5 : 0.7359"
"5,44 : 0.653"
"44,5 : 0.653"
"5,45 : 0.153"
"45,5 : 0.153"
"5,46 : 0.53"
"46,5 : 0.53"
"5,47 : 0.5413"
"47,5 : 0.5413"
"5,48 : 0.5554"
"48,5 : 0.5554"
"5,49 : 0.4301"
"49,5 : 0.4301"
"5,50 : 0.1421"
"50,5 : 0.1421"
"5,51 : 0.5547"
"51,5 : 0.5547"
"5,52 : 0.0671"
"52,5 : 0.0671"
"5,53 : 0.4317"
"53,5 : 0.4317"
"5,54 : 0.6042"
"54,5 : 0.6042"
"5,55 : 0.3276"
"55,5 : 0.3276"
"5,56 : 0.3041"
"56,5 : 0.3041"
"5,57 : 0.3041"
"57,5 : 0.3041"
"5,58 : 0.5217"
"58,5 : 0.5217"
"5,59 : 0.35"
"59,5 : 0.35"
"5,60 : 0.4817"
"60,5 : 0.4817"
"5,61 : 0.3132"
"61,5 : 0.3132"
"5,62 : 0.8911"
"62,5 : 0.8911"
"5,63 : 0.9683"
"63,5 : 0.9683"
"5,64 : 0.1897"
"64,5 : 0.1897"
"5,65 : 0.8465"
"65,5 : 0.8465"
"5,66 : 0.4393"
"66,5 : 0.4393"
"5,67 : 0.8746"
"67,5 : 0.8746"
"5,68 : 0.3766"
"68,5 : 0.3766"
"5,69 : 1.0717"
"69,5 : 1.0717"
"5,70 : 0.3471"
"70,5 : 0.3471"
"5,71 : 0.4504"
"71,5 : 0.4504"
"5,72 : 0.6768"
"72,5 : 0.6768"
"5,73 : 0.1217"
"73,5 : 0.1217"
"5,74 : 0.4884"
"74,5 : 0.4884"
"5,75 : 0.508"
"75,5 : 0.508"
"5,76 : 0.6482"
"76,5 : 0.6482"
"5,77 : 0.5504"
"77,5 : 0.5504"
"5,78 : 0.8355"
"78,5 : 0.8355"
"5,79 : 0.47"
"79,5 : 0.47"
"5,80 : 0.6992"
"80,5 : 0.6992"
"5,81 : 0.0447"
"81,5 : 0.0447"
"5,82 : 0.9762"
"82,5 : 0.9762"
"5,83 : 0.7926"
"83,5 : 0.7926"
"5,84 : 0.5515"
"84,5 : 0.5515"
"5,85 : 0.4924"
"85,5 : 0.4924"
"5,86 : 0.8602"
"86,5 : 0.8602"
"5,87 : 0.9122"
"87,5 : 0.9122"
"5,88 : 0.7467"
"88,5 : 0.7467"
"5,89 : 0.7187"
"89,5 : 0.7187"
"5,90 : 0.4561"
"90,5 : 0.4561"
"5,91 : 0.2354"
"91,5 : 0.2354"
"5,92 : 1.007"
"92,5 : 1.007"
"5,93 : 0.4701"
"93,5 : 0.4701"
"5,94 : 0.5381"
"94,5 : 0.5381"
"5,95 : 0.7606"
"95,5 : 0.7606"
"5,96 : 0.4144"
"96,5 : 0.4144"
"5,97 : 0.1281"
"97,5 : 0.1281"
"5,98 : 0.7543"
"98,5 : 0.7543"
"5,99 : 0.4011"
"99,5 : 0.4011"
"6,7 : 0.8801"
"7,6 : 0.8801"
"6,8 : 0.5413"
"8,6 : 0.5413"
"6,9 : 0.6637"
"9,6 : 0.6637"
"6,10 : 0.2823"
"10,6 : 0.2823"
"6,11 : 0.2102"
"11,6 : 0.2102"
"6,12 : 0.1342"
"12,6 : 0.1342"
"6,13 : 0.7203"
"13,6 : 0.7203"
"6,14 : 0.247"
"14,6 : 0.247"
"6,15 : 0.5714"
"15,6 : 0.5714"
"6,16 : 0.7566"
"16,6 : 0.7566"
"6,17 : 0.3912"
"17,6 : 0.3912"
"6,18 : 0.9841"
"18,6 : 0.9841"
"6,19 : 0.4569"
"19,6 : 0.4569"
"6,20 : 0.6313"
"20,6 : 0.6313"
"6,21 : 0.8981"
"21,6 : 0.8981"
"6,22 : 0.6647"
"22,6 : 0.6647"
"6,23 : 0.8907"
"23,6 : 0.8907"
"6,24 : 0.4717"
"24,6 : 0.4717"
"6,25 : 0.1649"
"25,6 : 0.1649"
"6,26 : 0.5061"
"26,6 : 0.5061"
"6,27 : 0.1077"
"27,6 : 0.1077"
"6,28 : 0.5532"
"28,6 : 0.5532"
"6,29 : 0.9055"
"29,6 : 0.9055"
"6,30 : 0.4883"
"30,6 : 0.4883"
"6,31 : 0.6106"
"31,6 : 0.6106"
"6,32 : 0.3106"
"32,6 : 0.3106"
"6,33 : 0.7529"
"33,6 : 0.7529"
"6,34 : 0.2335"
"34,6 : 0.2335"
"6,35 : 0.9502"
"35,6 : 0.9502"
"6,36 : 0.4187"
"36,6 : 0.4187"
"6,37 : 0.5547"
"37,6 : 0.5547"
"6,38 : 0.4072"
"38,6 : 0.4072"
"6,39 : 0.1253"
"39,6 : 0.1253"
"6,40 : 0.5743"
"40,6 : 0.5743"
"6,41 : 0.6981"
"41,6 : 0.6981"
"6,42 : 0.364"
"42,6 : 0.364"
"6,43 : 0.2421"
"43,6 : 0.2421"
"6,44 : 0.1421"
"44,6 : 0.1421"
"6,45 : 0.649"
"45,6 : 0.649"
"6,46 : 0.4215"
"46,6 : 0.4215"
"6,47 : 0.9254"
"47,6 : 0.9254"
"6,48 : 0.5797"
"48,6 : 0.5797"
"6,49 : 0.6812"
"49,6 : 0.6812"
"6,50 : 0.8287"
"50,6 : 0.8287"
"6,51 : 0.4415"
"51,6 : 0.4415"
"6,52 : 0.7988"
"52,6 : 0.7988"
"6,53 : 0.5595"
"53,6 : 0.5595"
"6,54 : 0.2786"
"54,6 : 0.2786"
"6,55 : 0.7632"
"55,6 : 0.7632"
"6,56 : 0.9276"
"56,6 : 0.9276"
"6,57 : 0.4888"
"57,6 : 0.4888"
"6,58 : 0.8089"
"58,6 : 0.8089"
"6,59 : 0.4478"
"59,6 : 0.4478"
"6,60 : 0.4785"
"60,6 : 0.4785"
"6,61 : 0.6185"
"61,6 : 0.6185"
"6,62 : 0.2354"
"62,6 : 0.2354"
"6,63 : 0.4206"
"63,6 : 0.4206"
"6,64 : 0.6075"
"64,6 : 0.6075"
"6,65 : 0.1432"
"65,6 : 0.1432"
"6,66 : 0.5459"
"66,6 : 0.5459"
"6,67 : 0.7684"
"67,6 : 0.7684"
"6,68 : 0.5604"
"68,6 : 0.5604"
"6,69 : 0.43"
"69,6 : 0.43"
"6,70 : 0.478"
"70,6 : 0.478"
"6,71 : 0.441"
"71,6 : 0.441"
"6,72 : 0.6037"
"72,6 : 0.6037"
"6,73 : 0.6796"
"73,6 : 0.6796"
"6,74 : 0.3354"
"74,6 : 0.3354"
"6,75 : 0.3551"
"75,6 : 0.3551"
"6,76 : 0.3138"
"76,6 : 0.3138"
"6,77 : 0.4332"
"77,6 : 0.4332"
"6,78 : 0.2642"
"78,6 : 0.2642"
"6,79 : 0.4478"
"79,6 : 0.4478"
"6,80 : 0.191"
"80,6 : 0.191"
"6,81 : 0.7961"
"81,6 : 0.7961"
"6,82 : 0.5057"
"82,6 : 0.5057"
"6,83 : 0.0"
"83,6 : 0.0"
"6,84 : 0.7473"
"84,6 : 0.7473"
"6,85 : 0.4937"
"85,6 : 0.4937"
"6,86 : 0.6081"
"86,6 : 0.6081"
"6,87 : 0.2648"
"87,6 : 0.2648"
"6,88 : 0.4925"
"88,6 : 0.4925"
"6,89 : 0.0806"
"89,6 : 0.0806"
"6,90 : 0.8115"
"90,6 : 0.8115"
"6,91 : 0.6597"
"91,6 : 0.6597"
"6,92 : 0.4838"
"92,6 : 0.4838"
"6,93 : 0.6847"
"93,6 : 0.6847"
"6,94 : 0.3302"
"94,6 : 0.3302"
"6,95 : 0.4258"
"95,6 : 0.4258"
"6,96 : 0.7503"
"96,6 : 0.7503"
"6,97 : 0.9127"
"97,6 : 0.9127"
"6,98 : 0.2973"
"98,6 : 0.2973"
"6,99 : 0.4623"
"99,6 : 0.4623"
"7,8 : 0.808"
"8,7 : 0.808"
"7,9 : 0.4675"
"9,7 : 0.4675"
"7,10 : 0.6315"
"10,7 : 0.6315"
"7,11 : 0.9168"
"11,7 : 0.9168"
"7,12 : 0.8273"
"12,7 : 0.8273"
"7,13 : 0.1628"
"13,7 : 0.1628"
"7,14 : 0.7816"
"14,7 : 0.7816"
"7,15 : 0.5"
"15,7 : 0.5"
"7,16 : 0.4391"
"16,7 : 0.4391"
"7,17 : 0.994"
"17,7 : 0.994"
"7,18 : 0.4501"
"18,7 : 0.4501"
"7,19 : 0.4904"
"19,7 : 0.4904"
"7,20 : 0.58"
"20,7 : 0.58"
"7,21 : 0.1105"
"21,7 : 0.1105"
"7,22 : 0.6313"
"22,7 : 0.6313"
"7,23 : 0.4317"
"23,7 : 0.4317"
"7,24 : 0.4682"
"24,7 : 0.4682"
"7,25 : 0.9356"
"25,7 : 0.9356"
"7,26 : 0.5769"
"26,7 : 0.5769"
"7,27 : 0.8472"
"27,7 : 0.8472"
"7,28 : 0.6622"
"28,7 : 0.6622"
"7,29 : 0.0922"
"29,7 : 0.0922"
"7,30 : 0.7156"
"30,7 : 0.7156"
"7,31 : 0.4751"
"31,7 : 0.4751"
"7,32 : 0.7527"
"32,7 : 0.7527"
"7,33 : 0.4357"
"33,7 : 0.4357"
"7,34 : 0.7376"
"34,7 : 0.7376"
"7,35 : 0.4738"
"35,7 : 0.4738"
"7,36 : 0.6174"
"36,7 : 0.6174"
"7,37 : 0.528"
"37,7 : 0.528"
"7,38 : 0.8053"
"38,7 : 0.8053"
"7,39 : 0.7732"
"39,7 : 0.7732"
"7,40 : 0.3202"
"40,7 : 0.3202"
"7,41 : 0.5341"
"41,7 : 0.5341"
"7,42 : 0.8509"
"42,7 : 0.8509"
"7,43 : 0.7083"
"43,7 : 0.7083"
"7,44 : 0.7741"
"44,7 : 0.7741"
"7,45 : 0.488"
"45,7 : 0.488"
"7,46 : 0.8141"
"46,7 : 0.8141"
"7,47 : 0.117"
"47,7 : 0.117"
"7,48 : 0.3578"
"48,7 : 0.3578"
"7,49 : 0.2062"
"49,7 : 0.2062"
"7,50 : 0.2879"
"50,7 : 0.2879"
"7,51 : 0.4632"
"51,7 : 0.4632"
"7,52 : 0.4919"
"52,7 : 0.4919"
"7,53 : 0.7762"
"53,7 : 0.7762"
"7,54 : 0.8191"
"54,7 : 0.8191"
"7,55 : 0.1342"
"55,7 : 0.1342"
"7,56 : 0.1726"
"56,7 : 0.1726"
"7,57 : 0.5188"
"57,7 : 0.5188"
"7,58 : 0.1526"
"58,7 : 0.1526"
"7,59 : 0.4998"
"59,7 : 0.4998"
"7,60 : 0.7908"
"60,7 : 0.7908"
"7,61 : 0.679"
"61,7 : 0.679"
"7,62 : 0.864"
"62,7 : 0.864"
"7,63 : 0.8548"
"63,7 : 0.8548"
"7,64 : 0.4892"
"64,7 : 0.4892"
"7,65 : 0.8631"
"65,7 : 0.8631"
"7,66 : 0.778"
"66,7 : 0.778"
"7,67 : 0.5644"
"67,7 : 0.5644"
"7,68 : 0.7184"
"68,7 : 0.7184"
"7,69 : 0.9839"
"69,7 : 0.9839"
"7,70 : 0.4368"
"70,7 : 0.4368"
"7,71 : 0.7343"
"71,7 : 0.7343"
"7,72 : 0.4405"
"72,7 : 0.4405"
"7,73 : 0.4751"
"73,7 : 0.4751"
"7,74 : 0.5523"
"74,7 : 0.5523"
"7,75 : 0.7485"
"75,7 : 0.7485"
"7,76 : 0.6042"
"76,7 : 0.6042"
"7,77 : 0.8412"
"77,7 : 0.8412"
"7,78 : 0.7875"
"78,7 : 0.7875"
"7,79 : 0.7616"
"79,7 : 0.7616"
"7,80 : 0.8786"
"80,7 : 0.8786"
"7,81 : 0.4696"
"81,7 : 0.4696"
"7,82 : 0.8184"
"82,7 : 0.8184"
"7,83 : 0.8801"
"83,7 : 0.8801"
"7,84 : 0.2267"
"84,7 : 0.2267"
"7,85 : 0.3962"
"85,7 : 0.3962"
"7,86 : 0.6294"
"86,7 : 0.6294"
"7,87 : 0.8728"
"87,7 : 0.8728"
"7,88 : 1.0466"
"88,7 : 1.0466"
"7,89 : 0.8"
"89,7 : 0.8"
"7,90 : 0.0922"
"90,7 : 0.0922"
"7,91 : 0.283"
"91,7 : 0.283"
"7,92 : 0.8682"
"92,7 : 0.8682"
"7,93 : 0.2193"
"93,7 : 0.2193"
"7,94 : 0.5504"
"94,7 : 0.5504"
"7,95 : 1.0347"
"95,7 : 1.0347"
"7,96 : 0.1334"
"96,7 : 0.1334"
"7,97 : 0.4924"
"97,7 : 0.4924"
"7,98 : 0.6926"
"98,7 : 0.6926"
"7,99 : 0.686"
"99,7 : 0.686"
"8,9 : 0.8969"
"9,8 : 0.8969"
"8,10 : 0.6007"
"10,8 : 0.6007"
"8,11 : 0.74"
"11,8 : 0.74"
"8,12 : 0.4072"
"12,8 : 0.4072"
"8,13 : 0.7072"
"13,8 : 0.7072"
"8,14 : 0.7071"
"14,8 : 0.7071"
"8,15 : 0.3081"
"15,8 : 0.3081"
"8,16 : 0.9615"
"16,8 : 0.9615"
"8,17 : 0.9176"
"17,8 : 0.9176"
"8,18 : 0.6407"
"18,8 : 0.6407"
"8,19 : 0.3636"
"19,8 : 0.3636"
"8,20 : 0.9341"
"20,8 : 0.9341"
"8,21 : 0.7566"
"21,8 : 0.7566"
"8,22 : 0.9895"
"22,8 : 0.9895"
"8,23 : 0.5533"
"23,8 : 0.5533"
"8,24 : 0.3828"
"24,8 : 0.3828"
"8,25 : 0.7038"
"25,8 : 0.7038"
"8,26 : 0.8179"
"26,8 : 0.8179"
"8,27 : 0.6198"
"27,8 : 0.6198"
"8,28 : 0.1476"
"28,8 : 0.1476"
"8,29 : 0.7752"
"29,8 : 0.7752"
"8,30 : 0.103"
"30,8 : 0.103"
"8,31 : 0.3362"
"31,8 : 0.3362"
"8,32 : 0.2377"
"32,8 : 0.2377"
"8,33 : 0.4342"
"33,8 : 0.4342"
"8,34 : 0.3276"
"34,8 : 0.3276"
"8,35 : 0.5901"
"35,8 : 0.5901"
"8,36 : 0.2377"
"36,8 : 0.2377"
"8,37 : 0.8324"
"37,8 : 0.8324"
"8,38 : 0.8621"
"38,8 : 0.8621"
"8,39 : 0.5629"
"39,8 : 0.5629"
"8,40 : 0.6551"
"40,8 : 0.6551"
"8,41 : 0.3256"
"41,8 : 0.3256"
"8,42 : 0.191"
"42,8 : 0.191"
"8,43 : 0.6412"
"43,8 : 0.6412"
"8,44 : 0.4176"
"44,8 : 0.4176"
"8,45 : 0.3362"
"45,8 : 0.3362"
"8,46 : 0.1221"
"46,8 : 0.1221"
"8,47 : 0.9079"
"47,8 : 0.9079"
"8,48 : 0.7201"
"48,8 : 0.7201"
"8,49 : 0.6953"
"49,8 : 0.6953"
"8,50 : 0.5887"
"50,8 : 0.5887"
"8,51 : 0.623"
"51,8 : 0.623"
"8,52 : 0.4319"
"52,8 : 0.4319"
"8,53 : 0.04"
"53,8 : 0.04"
"8,54 : 0.2642"
"54,8 : 0.2642"
"8,55 : 0.6762"
"55,8 : 0.6762"
"8,56 : 0.7473"
"56,8 : 0.7473"
"8,57 : 0.3061"
"57,8 : 0.3061"
"8,58 : 0.8349"
"58,8 : 0.8349"
"8,59 : 0.3585"
"59,8 : 0.3585"
"8,60 : 0.0632"
"60,8 : 0.0632"
"8,61 : 0.1603"
"61,8 : 0.1603"
"8,62 : 0.7422"
"62,8 : 0.7422"
"8,63 : 0.8956"
"63,8 : 0.8956"
"8,64 : 0.3225"
"64,8 : 0.3225"
"8,65 : 0.661"
"65,8 : 0.661"
"8,66 : 0.0316"
"66,8 : 0.0316"
"8,67 : 1.0382"
"67,8 : 1.0382"
"8,68 : 0.0949"
"68,8 : 0.0949"
"8,69 : 0.9483"
"69,8 : 0.9483"
"8,70 : 0.4272"
"70,8 : 0.4272"
"8,71 : 0.1204"
"71,8 : 0.1204"
"8,72 : 0.8208"
"72,8 : 0.8208"
"8,73 : 0.3606"
"73,8 : 0.3606"
"8,74 : 0.4415"
"74,8 : 0.4415"
"8,75 : 0.1942"
"75,8 : 0.1942"
"8,76 : 0.6129"
"76,8 : 0.6129"
"8,77 : 0.1204"
"77,8 : 0.1204"
"8,78 : 0.7269"
"78,8 : 0.7269"
"8,79 : 0.1005"
"79,8 : 0.1005"
"8,80 : 0.3662"
"80,8 : 0.3662"
"8,81 : 0.4441"
"81,8 : 0.4441"
"8,82 : 0.9502"
"82,8 : 0.9502"
"8,83 : 0.5413"
"83,8 : 0.5413"
"8,84 : 0.8201"
"84,8 : 0.8201"
"8,85 : 0.6084"
"85,8 : 0.6084"
"8,86 : 0.9415"
"86,8 : 0.9415"
"8,87 : 0.7713"
"87,8 : 0.7713"
"8,88 : 0.28"
"88,8 : 0.28"
"8,89 : 0.5029"
"89,8 : 0.5029"
"8,90 : 0.7925"
"90,8 : 0.7925"
"8,91 : 0.5263"
"91,8 : 0.5263"
"8,92 : 0.9534"
"92,8 : 0.9534"
"8,93 : 0.7262"
"93,8 : 0.7262"
"8,94 : 0.5099"
"94,8 : 0.5099"
"8,95 : 0.3081"
"95,8 : 0.3081"
"8,96 : 0.7284"
"96,8 : 0.7284"
"8,97 : 0.54"
"97,8 : 0.54"
"8,98 : 0.6901"
"98,8 : 0.6901"
"8,99 : 0.1432"
"99,8 : 0.1432"
"9,10 : 0.386"
"10,9 : 0.386"
"9,11 : 0.5944"
"11,9 : 0.5944"
"9,12 : 0.6868"
"12,9 : 0.6868"
"9,13 : 0.3534"
"13,9 : 0.3534"
"9,14 : 0.4588"
"14,9 : 0.4588"
"9,15 : 0.6562"
"15,9 : 0.6562"
"9,16 : 0.0949"
"16,9 : 0.0949"
"9,17 : 0.6021"
"17,9 : 0.6021"
"9,18 : 0.8544"
"18,9 : 0.8544"
"9,19 : 0.5412"
"19,9 : 0.5412"
"9,20 : 0.114"
"20,9 : 0.114"
"9,21 : 0.5604"
"21,9 : 0.5604"
"9,22 : 0.164"
"22,9 : 0.164"
"9,23 : 0.7981"
"23,9 : 0.7981"
"9,24 : 0.5263"
"24,9 : 0.5263"
"9,25 : 0.636"
"25,9 : 0.636"
"9,26 : 0.1726"
"26,9 : 0.1726"
"9,27 : 0.5818"
"27,9 : 0.5818"
"9,28 : 0.7885"
"28,9 : 0.7885"
"9,29 : 0.55"
"29,9 : 0.55"
"9,30 : 0.7948"
"30,9 : 0.7948"
"9,31 : 0.6619"
"31,9 : 0.6619"
"9,32 : 0.7211"
"32,9 : 0.7211"
"9,33 : 0.7244"
"33,9 : 0.7244"
"9,34 : 0.6544"
"34,9 : 0.6544"
"9,35 : 0.8573"
"35,9 : 0.8573"
"9,36 : 0.6592"
"36,9 : 0.6592"
"9,37 : 0.114"
"37,9 : 0.114"
"9,38 : 0.4011"
"38,9 : 0.4011"
"9,39 : 0.5385"
"39,9 : 0.5385"
"9,40 : 0.27"
"40,9 : 0.27"
"9,41 : 0.7703"
"41,9 : 0.7703"
"9,42 : 0.8349"
"42,9 : 0.8349"
"9,43 : 0.4249"
"43,9 : 0.4249"
"9,44 : 0.6297"
"44,9 : 0.6297"
"9,45 : 0.7006"
"45,9 : 0.7006"
"9,46 : 0.8373"
"46,9 : 0.8373"
"9,47 : 0.4244"
"47,9 : 0.4244"
"9,48 : 0.1903"
"48,9 : 0.1903"
"9,49 : 0.3195"
"49,9 : 0.3195"
"9,50 : 0.6546"
"50,9 : 0.6546"
"9,51 : 0.2778"
"51,9 : 0.2778"
"9,52 : 0.7951"
"52,9 : 0.7951"
"9,53 : 0.8826"
"53,9 : 0.8826"
"9,54 : 0.7622"
"54,9 : 0.7622"
"9,55 : 0.4519"
"55,9 : 0.4519"
"9,56 : 0.6213"
"56,9 : 0.6213"
"9,57 : 0.6088"
"57,9 : 0.6088"
"9,58 : 0.3183"
"58,9 : 0.3183"
"9,59 : 0.5441"
"59,9 : 0.5441"
"9,60 : 0.85"
"60,9 : 0.85"
"9,61 : 0.8395"
"61,9 : 0.8395"
"9,62 : 0.5315"
"62,9 : 0.5315"
"9,63 : 0.4441"
"63,9 : 0.4441"
"9,64 : 0.6727"
"64,9 : 0.6727"
"9,65 : 0.5758"
"65,9 : 0.5758"
"9,66 : 0.8766"
"66,9 : 0.8766"
"9,67 : 0.1432"
"67,9 : 0.1432"
"9,68 : 0.8382"
"68,9 : 0.8382"
"9,69 : 0.5771"
"69,9 : 0.5771"
"9,70 : 0.4827"
"70,9 : 0.4827"
"9,71 : 0.7829"
"71,9 : 0.7829"
"9,72 : 0.0762"
"72,9 : 0.0762"
"9,73 : 0.71"
"73,9 : 0.71"
"9,74 : 0.4665"
"74,9 : 0.4665"
"9,75 : 0.7443"
"75,9 : 0.7443"
"9,76 : 0.3561"
"76,9 : 0.3561"
"9,77 : 0.8645"
"77,9 : 0.8645"
"9,78 : 0.4535"
"78,9 : 0.4535"
"9,79 : 0.8096"
"79,9 : 0.8096"
"9,80 : 0.7638"
"80,9 : 0.7638"
"9,81 : 0.7765"
"81,9 : 0.7765"
"9,82 : 0.3795"
"82,9 : 0.3795"
"9,83 : 0.6637"
"83,9 : 0.6637"
"9,84 : 0.2408"
"84,9 : 0.2408"
"9,85 : 0.2912"
"85,9 : 0.2912"
"9,86 : 0.1664"
"86,9 : 0.1664"
"9,87 : 0.5261"
"87,9 : 0.5261"
"9,88 : 1.036"
"88,9 : 1.036"
"9,89 : 0.6022"
"89,9 : 0.6022"
"9,90 : 0.3764"
"90,9 : 0.3764"
"9,91 : 0.5049"
"91,9 : 0.5049"
"9,92 : 0.4368"
"92,9 : 0.4368"
"9,93 : 0.2823"
"93,9 : 0.2823"
"9,94 : 0.408"
"94,9 : 0.408"
"9,95 : 0.9936"
"95,9 : 0.9936"
"9,96 : 0.3672"
"96,9 : 0.3672"
"9,97 : 0.8538"
"97,9 : 0.8538"
"9,98 : 0.377"
"98,9 : 0.377"
"9,99 : 0.7539"
"99,9 : 0.7539"
"10,11 : 0.2879"
"11,10 : 0.2879"
"10,12 : 0.3048"
"12,10 : 0.3048"
"10,13 : 0.4687"
"13,10 : 0.4687"
"10,14 : 0.164"
"14,10 : 0.164"
"10,15 : 0.4741"
"15,10 : 0.4741"
"10,16 : 0.4771"
"16,10 : 0.4771"
"10,17 : 0.4031"
"17,10 : 0.4031"
"10,18 : 0.8349"
"18,10 : 0.8349"
"10,19 : 0.3312"
"19,10 : 0.3312"
"10,20 : 0.372"
"20,10 : 0.372"
"10,21 : 0.6707"
"21,10 : 0.6707"
"10,22 : 0.4168"
"22,10 : 0.4168"
"10,23 : 0.7497"
"23,10 : 0.7497"
"10,24 : 0.3329"
"24,10 : 0.3329"
"10,25 : 0.3041"
"25,10 : 0.3041"
"10,26 : 0.2441"
"26,10 : 0.2441"
"10,27 : 0.2202"
"27,10 : 0.2202"
"10,28 : 0.5394"
"28,10 : 0.5394"
"10,29 : 0.6736"
"29,10 : 0.6736"
"10,30 : 0.5104"
"30,10 : 0.5104"
"10,31 : 0.5025"
"31,10 : 0.5025"
"10,32 : 0.3808"
"32,10 : 0.3808"
"10,33 : 0.6263"
"33,10 : 0.6263"
"10,34 : 0.2973"
"34,10 : 0.2973"
"10,35 : 0.8134"
"35,10 : 0.8134"
"10,36 : 0.3847"
"36,10 : 0.3847"
"10,37 : 0.2828"
"37,10 : 0.2828"
"10,38 : 0.2751"
"38,10 : 0.2751"
"10,39 : 0.1581"
"39,10 : 0.1581"
"10,40 : 0.3126"
"40,10 : 0.3126"
"10,41 : 0.6129"
"41,10 : 0.6129"
"10,42 : 0.487"
"42,10 : 0.487"
"10,43 : 0.0806"
"43,10 : 0.0806"
"10,44 : 0.25"
"44,10 : 0.25"
"10,45 : 0.5471"
"45,10 : 0.5471"
"10,46 : 0.5099"
"46,10 : 0.5099"
"10,47 : 0.6601"
"47,10 : 0.6601"
"10,48 : 0.3027"
"48,10 : 0.3027"
"10,49 : 0.4258"
"49,10 : 0.4258"
"10,50 : 0.65"
"50,10 : 0.65"
"10,51 : 0.1703"
"51,10 : 0.1703"
"10,52 : 0.6882"
"52,10 : 0.6882"
"10,53 : 0.6001"
"53,10 : 0.6001"
"10,54 : 0.4031"
"54,10 : 0.4031"
"10,55 : 0.5314"
"55,10 : 0.5314"
"10,56 : 0.7118"
"56,10 : 0.7118"
"10,57 : 0.394"
"57,10 : 0.394"
"10,58 : 0.5401"
"58,10 : 0.5401"
"10,59 : 0.3265"
"59,10 : 0.3265"
"10,60 : 0.5423"
"60,10 : 0.5423"
"10,61 : 0.6042"
"61,10 : 0.6042"
"10,62 : 0.2419"
"62,10 : 0.2419"
"10,63 : 0.3178"
"63,10 : 0.3178"
"10,64 : 0.5061"
"64,10 : 0.5061"
"10,65 : 0.2319"
"65,10 : 0.2319"
"10,66 : 0.59"
"66,10 : 0.59"
"10,67 : 0.5025"
"67,10 : 0.5025"
"10,68 : 0.5731"
"68,10 : 0.5731"
"10,69 : 0.4123"
"69,10 : 0.4123"
"10,70 : 0.3124"
"70,10 : 0.3124"
"10,71 : 0.4804"
"71,10 : 0.4804"
"10,72 : 0.3225"
"72,10 : 0.3225"
"10,73 : 0.5714"
"73,10 : 0.5714"
"10,74 : 0.1838"
"74,10 : 0.1838"
"10,75 : 0.4159"
"75,10 : 0.4159"
"10,76 : 0.0316"
"76,10 : 0.0316"
"10,77 : 0.5337"
"77,10 : 0.5337"
"10,78 : 0.1769"
"78,10 : 0.1769"
"10,79 : 0.5016"
"79,10 : 0.5016"
"10,80 : 0.3842"
"80,10 : 0.3842"
"10,81 : 0.678"
"81,10 : 0.678"
"10,82 : 0.3536"
"82,10 : 0.3536"
"10,83 : 0.2823"
"83,10 : 0.2823"
"10,84 : 0.4727"
"84,10 : 0.4727"
"10,85 : 0.2354"
"85,10 : 0.2354"
"10,86 : 0.3624"
"86,10 : 0.3624"
"10,87 : 0.2581"
"87,10 : 0.2581"
"10,88 : 0.6754"
"88,10 : 0.6754"
"10,89 : 0.2163"
"89,10 : 0.2163"
"10,90 : 0.5533"
"90,10 : 0.5533"
"10,91 : 0.4662"
"91,10 : 0.4662"
"10,92 : 0.3669"
"92,10 : 0.3669"
"10,93 : 0.4211"
"93,10 : 0.4211"
"10,94 : 0.1221"
"94,10 : 0.1221"
"10,95 : 0.6243"
"95,10 : 0.6243"
"10,96 : 0.4982"
"96,10 : 0.4982"
"10,97 : 0.7875"
"97,10 : 0.7875"
"10,98 : 0.0985"
"98,10 : 0.0985"
"10,99 : 0.471"
"99,10 : 0.471"
"11,12 : 0.3373"
"12,11 : 0.3373"
"11,13 : 0.7543"
"13,11 : 0.7543"
"11,14 : 0.14"
"14,11 : 0.14"
"11,15 : 0.7145"
"15,11 : 0.7145"
"11,16 : 0.6888"
"16,11 : 0.6888"
"11,17 : 0.1811"
"17,11 : 0.1811"
"11,18 : 1.106"
"18,11 : 1.106"
"11,19 : 0.5805"
"19,11 : 0.5805"
"11,20 : 0.5292"
"20,11 : 0.5292"
"11,21 : 0.9586"
"21,11 : 0.9586"
"11,22 : 0.5459"
"22,11 : 0.5459"
"11,23 : 1.0167"
"23,11 : 1.0167"
"11,24 : 0.589"
"24,11 : 0.589"
"11,25 : 0.0583"
"25,11 : 0.0583"
"11,26 : 0.422"
"26,11 : 0.422"
"11,27 : 0.1208"
"27,11 : 0.1208"
"11,28 : 0.7306"
"28,11 : 0.7306"
"11,29 : 0.9614"
"29,11 : 0.9614"
"11,30 : 0.6754"
"30,11 : 0.6754"
"11,31 : 0.7495"
"31,11 : 0.7495"
"11,32 : 0.5033"
"32,11 : 0.5033"
"11,33 : 0.8853"
"33,11 : 0.8853"
"11,34 : 0.4163"
"34,11 : 0.4163"
"11,35 : 1.0794"
"35,11 : 1.0794"
"11,36 : 0.5825"
"36,11 : 0.5825"
"11,37 : 0.4805"
"37,11 : 0.4805"
"11,38 : 0.2408"
"38,11 : 0.2408"
"11,39 : 0.1921"
"39,11 : 0.1921"
"11,40 : 0.5967"
"40,11 : 0.5967"
"11,41 : 0.8504"
"41,11 : 0.8504"
"11,42 : 0.5707"
"42,11 : 0.5707"
"11,43 : 0.2088"
"43,11 : 0.2088"
"11,44 : 0.3231"
"44,11 : 0.3231"
"11,45 : 0.7921"
"45,11 : 0.7921"
"11,46 : 0.6236"
"46,11 : 0.6236"
"11,47 : 0.9365"
"47,11 : 0.9365"
"11,48 : 0.5731"
"48,11 : 0.5731"
"11,49 : 0.7106"
"49,11 : 0.7106"
"11,50 : 0.9296"
"50,11 : 0.9296"
"11,51 : 0.4535"
"51,11 : 0.4535"
"11,52 : 0.9405"
"52,11 : 0.9405"
"11,53 : 0.7539"
"53,11 : 0.7539"
"11,54 : 0.4827"
"54,11 : 0.4827"
"11,55 : 0.8193"
"55,11 : 0.8193"
"11,56 : 0.9992"
"56,11 : 0.9992"
"11,57 : 0.6297"
"57,11 : 0.6297"
"11,58 : 0.815"
"58,11 : 0.815"
"11,59 : 0.5731"
"59,11 : 0.5731"
"11,60 : 0.6768"
"60,11 : 0.6768"
"11,61 : 0.7976"
"61,11 : 0.7976"
"11,62 : 0.0632"
"62,11 : 0.0632"
"11,63 : 0.236"
"63,11 : 0.236"
"11,64 : 0.7497"
"64,11 : 0.7497"
"11,65 : 0.0806"
"65,11 : 0.0806"
"11,66 : 0.7409"
"66,11 : 0.7409"
"11,67 : 0.6671"
"67,11 : 0.6671"
"11,68 : 0.7469"
"68,11 : 0.7469"
"11,69 : 0.2202"
"69,11 : 0.2202"
"11,70 : 0.5801"
"70,11 : 0.5801"
"11,71 : 0.6316"
"71,11 : 0.6316"
"11,72 : 0.5533"
"72,11 : 0.5533"
"11,73 : 0.8202"
"73,11 : 0.8202"
"11,74 : 0.4342"
"74,11 : 0.4342"
"11,75 : 0.5478"
"75,11 : 0.5478"
"11,76 : 0.3132"
"76,11 : 0.3132"
"11,77 : 0.6379"
"77,11 : 0.6379"
"11,78 : 0.1414"
"78,11 : 0.1414"
"11,79 : 0.6426"
"79,11 : 0.6426"
"11,80 : 0.4011"
"80,11 : 0.4011"
"11,81 : 0.9338"
"81,11 : 0.9338"
"11,82 : 0.333"
"82,11 : 0.333"
"11,83 : 0.2102"
"83,11 : 0.2102"
"11,84 : 0.7417"
"84,11 : 0.7417"
"11,85 : 0.522"
"85,11 : 0.522"
"11,86 : 0.4919"
"86,11 : 0.4919"
"11,87 : 0.0781"
"87,11 : 0.0781"
"11,88 : 0.7011"
"88,11 : 0.7011"
"11,89 : 0.2377"
"89,11 : 0.2377"
"11,90 : 0.8355"
"90,11 : 0.8355"
"11,91 : 0.7479"
"91,11 : 0.7479"
"11,92 : 0.2968"
"92,11 : 0.2968"
"11,93 : 0.7021"
"93,11 : 0.7021"
"11,94 : 0.3945"
"94,11 : 0.3945"
"11,95 : 0.6329"
"95,11 : 0.6329"
"11,96 : 0.7834"
"96,11 : 0.7834"
"11,97 : 1.048"
"97,11 : 1.048"
"11,98 : 0.2302"
"98,11 : 0.2302"
"11,99 : 0.6441"
"99,11 : 0.6441"
"12,13 : 0.6747"
"13,12 : 0.6747"
"12,14 : 0.3373"
"14,12 : 0.3373"
"12,15 : 0.461"
"15,12 : 0.461"
"12,16 : 0.7747"
"16,12 : 0.7747"
"12,17 : 0.5179"
"17,12 : 0.5179"
"12,18 : 0.8785"
"18,12 : 0.8785"
"12,19 : 0.365"
"19,12 : 0.365"
"12,20 : 0.6762"
"20,12 : 0.6762"
"12,21 : 0.83"
"21,12 : 0.83"
"12,22 : 0.7185"
"22,12 : 0.7185"
"12,23 : 0.7839"
"23,12 : 0.7839"
"12,24 : 0.3833"
"24,12 : 0.3833"
"12,25 : 0.2973"
"25,12 : 0.2973"
"12,26 : 0.5482"
"26,12 : 0.5482"
"12,27 : 0.2209"
"27,12 : 0.2209"
"12,28 : 0.4243"
"28,12 : 0.4243"
"12,29 : 0.8402"
"29,12 : 0.8402"
"12,30 : 0.3561"
"30,12 : 0.3561"
"12,31 : 0.5016"
"31,12 : 0.5016"
"12,32 : 0.178"
"32,12 : 0.178"
"12,33 : 0.6447"
"33,12 : 0.6447"
"12,34 : 0.1118"
"34,12 : 0.1118"
"12,35 : 0.841"
"35,12 : 0.841"
"12,36 : 0.3002"
"36,12 : 0.3002"
"12,37 : 0.5873"
"37,12 : 0.5873"
"12,38 : 0.5022"
"38,12 : 0.5022"
"12,39 : 0.1868"
"39,12 : 0.1868"
"12,40 : 0.5442"
"40,12 : 0.5442"
"12,41 : 0.5798"
"41,12 : 0.5798"
"12,42 : 0.2335"
"42,12 : 0.2335"
"12,43 : 0.2997"
"43,12 : 0.2997"
"12,44 : 0.0583"
"44,12 : 0.0583"
"12,45 : 0.5367"
"45,12 : 0.5367"
"12,46 : 0.2879"
"46,12 : 0.2879"
"12,47 : 0.8877"
"47,12 : 0.8877"
"12,48 : 0.5682"
"48,12 : 0.5682"
"12,49 : 0.6403"
"49,12 : 0.6403"
"12,50 : 0.7376"
"50,12 : 0.7376"
"12,51 : 0.4305"
"51,12 : 0.4305"
"12,52 : 0.6848"
"52,12 : 0.6848"
"12,53 : 0.4254"
"53,12 : 0.4254"
"12,54 : 0.1456"
"54,12 : 0.1456"
"12,55 : 0.7018"
"55,12 : 0.7018"
"12,56 : 0.8521"
"56,12 : 0.8521"
"12,57 : 0.3828"
"57,12 : 0.3828"
"12,58 : 0.7779"
"58,12 : 0.7779"
"12,59 : 0.3551"
"59,12 : 0.3551"
"12,60 : 0.3444"
"60,12 : 0.3444"
"12,61 : 0.4884"
"61,12 : 0.4884"
"12,62 : 0.3501"
"62,12 : 0.3501"
"12,63 : 0.5247"
"63,12 : 0.5247"
"12,64 : 0.4966"
"64,12 : 0.4966"
"12,65 : 0.2617"
"65,12 : 0.2617"
"12,66 : 0.4118"
"66,12 : 0.4118"
"12,67 : 0.8072"
"67,12 : 0.8072"
"12,68 : 0.428"
"68,12 : 0.428"
"12,69 : 0.5533"
"69,12 : 0.5533"
"12,70 : 0.4001"
"70,12 : 0.4001"
"12,71 : 0.3081"
"71,12 : 0.3081"
"12,72 : 0.6185"
"72,12 : 0.6185"
"12,73 : 0.568"
"73,12 : 0.568"
"12,74 : 0.2766"
"74,12 : 0.2766"
"12,75 : 0.222"
"75,12 : 0.222"
"12,76 : 0.3324"
"76,12 : 0.3324"
"12,77 : 0.3008"
"77,12 : 0.3008"
"12,78 : 0.3569"
"78,12 : 0.3569"
"12,79 : 0.3138"
"79,12 : 0.3138"
"12,80 : 0.0806"
"80,12 : 0.0806"
"12,81 : 0.6843"
"81,12 : 0.6843"
"12,82 : 0.5991"
"82,12 : 0.5991"
"12,83 : 0.1342"
"83,12 : 0.1342"
"12,84 : 0.7262"
"84,12 : 0.7262"
"12,85 : 0.4662"
"85,12 : 0.4662"
"12,86 : 0.6629"
"86,12 : 0.6629"
"12,87 : 0.3801"
"87,12 : 0.3801"
"12,88 : 0.386"
"88,12 : 0.386"
"12,89 : 0.1118"
"89,12 : 0.1118"
"12,90 : 0.769"
"90,12 : 0.769"
"12,91 : 0.5814"
"91,12 : 0.5814"
"12,92 : 0.5869"
"92,12 : 0.5869"
"12,93 : 0.6515"
"93,12 : 0.6515"
"12,94 : 0.2997"
"94,12 : 0.2997"
"12,95 : 0.327"
"95,12 : 0.327"
"12,96 : 0.7041"
"96,12 : 0.7041"
"12,97 : 0.8006"
"97,12 : 0.8006"
"12,98 : 0.3578"
"98,12 : 0.3578"
"12,99 : 0.3324"
"99,12 : 0.3324"
"13,14 : 0.6198"
"14,13 : 0.6198"
"13,15 : 0.408"
"15,13 : 0.408"
"13,16 : 0.3551"
"16,13 : 0.3551"
"13,17 : 0.8363"
"17,13 : 0.8363"
"13,18 : 0.5029"
"18,13 : 0.5029"
"13,19 : 0.3606"
"19,13 : 0.3606"
"13,20 : 0.4579"
"20,13 : 0.4579"
"13,21 : 0.2202"
"21,13 : 0.2202"
