x,y
0.46,0.64
0.83,0.09
0.16,0.78
0.58,0.18
0.82,0.88
0.61,0.81
0.4,0.44
0.67,0.08
0.25,0.18
0.35,0.03
0.41,0.22
0.35,0.29
0.39,0.19
0.34,0.03
0.83,0.85
0.62,0.53
0.33,0.15
0.74,0.08
0.46,0.65
0.76,0.3
0.85,0.12
0.84,0.27
0.47,0.45
0.39,0.66
0.48,0.73
0.92,0.23
0.49,0.65
0.68,0.47
0.31,0.3
0.31,0.87
0.12,0.78
0.61,0.06
1.0,0.64
0.46,0.03
0.98,0.71
0.85,0.42
0.26,0.31
0.32,0.82
0.44,0.5
0.03,0.55
0.92,0.21
0.23,0.55
0.91,0.35
0.75,0.7
0.88,0.47
0.6,0.34
0.08,0.1
0.5,1.0
0.66,0.64
0.06,0.38
0.52,0.36
0.21,0.94
0.88,0.27
0.68,0.61
0.43,0.62
0.07,0.93
0.39,0.67
0.43,0.4
0.33,0.89
0.81,0.68
0.31,0.65
0.02,0.13
0.42,0.47
0.76,0.67
0.16,0.83
0.3,0.39
0.05,0.54
0.99,0.76
0.3,0.45
0.8,0.61
0.27,0.34
0.34,0.08
0.51,0.07
0.29,0.2
0.19,0.59
0.45,0.65
0.16,0.77
0.06,0.56
0.45,0.27
0.5,0.42
0.67,0.53
0.23,0.43
0.76,0.23
0.13,0.56
0.85,0.33
0.83,0.01
0.56,0.52
0.53,0.52
0.98,0.54
0.66,0.94
0.37,0.69
0.9,0.12
0.35,0.81
0.14,0.38
0.37,0.29
0.35,0.27
0.52,0.09
0.7,0.07
0.64,0.01
0.56,0.35

Distanze
"0,1 : 0.6629"
"1,0 : 0.6629"
"0,2 : 0.3311"
"2,0 : 0.3311"
"0,3 : 0.4754"
"3,0 : 0.4754"
"0,4 : 0.4327"
"4,0 : 0.4327"
"0,5 : 0.2267"
"5,0 : 0.2267"
"0,6 : 0.2088"
"6,0 : 0.2088"
"0,7 : 0.5981"
"7,0 : 0.5981"
"0,8 : 0.5057"
"8,0 : 0.5057"
"0,9 : 0.6198"
"9,0 : 0.6198"
"0,10 : 0.423"
"10,0 : 0.423"
"0,11 : 0.3669"
"11,0 : 0.3669"
"0,12 : 0.4554"
"12,0 : 0.4554"
"0,13 : 0.6217"
"13,0 : 0.6217"
"0,14 : 0.4254"
"14,0 : 0.4254"
"0,15 : 0.1942"
"15,0 : 0.1942"
"0,16 : 0.507"
"16,0 : 0.507"
"0,17 : 0.6261"
"17,0 : 0.6261"
"0,18 : 0.01"
"18,0 : 0.01"
"0,19 : 0.4534"
"19,0 : 0.4534"
"0,20 : 0.65"
"20,0 : 0.65"
"0,21 : 0.5304"
"21,0 : 0.5304"
"0,22 : 0.1903"
"22,0 : 0.1903"
"0,23 : 0.0728"
"23,0 : 0.0728"
"0,24 : 0.0922"
"24,0 : 0.0922"
"0,25 : 0.6162"
"25,0 : 0.6162"
"0,26 : 0.0316"
"26,0 : 0.0316"
"0,27 : 0.278"
"27,0 : 0.278"
"0,28 : 0.3716"
"28,0 : 0.3716"
"0,29 : 0.2746"
"29,0 : 0.2746"
"0,30 : 0.3677"
"30,0 : 0.3677"
"0,31 : 0.5991"
"31,0 : 0.5991"
"0,32 : 0.54"
"32,0 : 0.54"
"0,33 : 0.61"
"33,0 : 0.61"
"0,34 : 0.5247"
"34,0 : 0.5247"
"0,35 : 0.4478"
"35,0 : 0.4478"
"0,36 : 0.3859"
"36,0 : 0.3859"
"0,37 : 0.228"
"37,0 : 0.228"
"0,38 : 0.1414"
"38,0 : 0.1414"
"0,39 : 0.4393"
"39,0 : 0.4393"
"0,40 : 0.6297"
"40,0 : 0.6297"
"0,41 : 0.247"
"41,0 : 0.247"
"0,42 : 0.5354"
"42,0 : 0.5354"
"0,43 : 0.2961"
"43,0 : 0.2961"
"0,44 : 0.4531"
"44,0 : 0.4531"
"0,45 : 0.3311"
"45,0 : 0.3311"
"0,46 : 0.6603"
"46,0 : 0.6603"
"0,47 : 0.3622"
"47,0 : 0.3622"
"0,48 : 0.2"
"48,0 : 0.2"
"0,49 : 0.4771"
"49,0 : 0.4771"
"0,50 : 0.2864"
"50,0 : 0.2864"
"0,51 : 0.3905"
"51,0 : 0.3905"
"0,52 : 0.5597"
"52,0 : 0.5597"
"0,53 : 0.222"
"53,0 : 0.222"
"0,54 : 0.0361"
"54,0 : 0.0361"
"0,55 : 0.486"
"55,0 : 0.486"
"0,56 : 0.0762"
"56,0 : 0.0762"
"0,57 : 0.2419"
"57,0 : 0.2419"
"0,58 : 0.2818"
"58,0 : 0.2818"
"0,59 : 0.3523"
"59,0 : 0.3523"
"0,60 : 0.1503"
"60,0 : 0.1503"
"0,61 : 0.6736"
"61,0 : 0.6736"
"0,62 : 0.1746"
"62,0 : 0.1746"
"0,63 : 0.3015"
"63,0 : 0.3015"
"0,64 : 0.3551"
"64,0 : 0.3551"
"0,65 : 0.2968"
"65,0 : 0.2968"
"0,66 : 0.422"
"66,0 : 0.422"
"0,67 : 0.5434"
"67,0 : 0.5434"
"0,68 : 0.2484"
"68,0 : 0.2484"
"0,69 : 0.3413"
"69,0 : 0.3413"
"0,70 : 0.3551"
"70,0 : 0.3551"
"0,71 : 0.5727"
"71,0 : 0.5727"
"0,72 : 0.5722"
"72,0 : 0.5722"
"0,73 : 0.4717"
"73,0 : 0.4717"
"0,74 : 0.2746"
"74,0 : 0.2746"
"0,75 : 0.0141"
"75,0 : 0.0141"
"0,76 : 0.327"
"76,0 : 0.327"
"0,77 : 0.4079"
"77,0 : 0.4079"
"0,78 : 0.3701"
"78,0 : 0.3701"
"0,79 : 0.2236"
"79,0 : 0.2236"
"0,80 : 0.2371"
"80,0 : 0.2371"
"0,81 : 0.3114"
"81,0 : 0.3114"
"0,82 : 0.508"
"82,0 : 0.508"
"0,83 : 0.3396"
"83,0 : 0.3396"
"0,84 : 0.4982"
"84,0 : 0.4982"
"0,85 : 0.7306"
"85,0 : 0.7306"
"0,86 : 0.1562"
"86,0 : 0.1562"
"0,87 : 0.1389"
"87,0 : 0.1389"
"0,88 : 0.5295"
"88,0 : 0.5295"
"0,89 : 0.3606"
"89,0 : 0.3606"
"0,90 : 0.103"
"90,0 : 0.103"
"0,91 : 0.6812"
"91,0 : 0.6812"
"0,92 : 0.2025"
"92,0 : 0.2025"
"0,93 : 0.4123"
"93,0 : 0.4123"
"0,94 : 0.3614"
"94,0 : 0.3614"
"0,95 : 0.386"
"95,0 : 0.386"
"0,96 : 0.5533"
"96,0 : 0.5533"
"0,97 : 0.6185"
"97,0 : 0.6185"
"0,98 : 0.6552"
"98,0 : 0.6552"
"0,99 : 0.3068"
"99,0 : 0.3068"
"1,2 : 0.9618"
"2,1 : 0.9618"
"1,3 : 0.2657"
"3,1 : 0.2657"
"1,4 : 0.7901"
"4,1 : 0.7901"
"1,5 : 0.7529"
"5,1 : 0.7529"
"1,6 : 0.5544"
"6,1 : 0.5544"
"1,7 : 0.1603"
"7,1 : 0.1603"
"1,8 : 0.5869"
"8,1 : 0.5869"
"1,9 : 0.4837"
"9,1 : 0.4837"
"1,10 : 0.4397"
"10,1 : 0.4397"
"1,11 : 0.52"
"11,1 : 0.52"
"1,12 : 0.4512"
"12,1 : 0.4512"
"1,13 : 0.4937"
"13,1 : 0.4937"
"1,14 : 0.76"
"14,1 : 0.76"
"1,15 : 0.4875"
"15,1 : 0.4875"
"1,16 : 0.5036"
"16,1 : 0.5036"
"1,17 : 0.0906"
"17,1 : 0.0906"
"1,18 : 0.6712"
"18,1 : 0.6712"
"1,19 : 0.2214"
"19,1 : 0.2214"
"1,20 : 0.0361"
"20,1 : 0.0361"
"1,21 : 0.1803"
"21,1 : 0.1803"
"1,22 : 0.5091"
"22,1 : 0.5091"
"1,23 : 0.7201"
"23,1 : 0.7201"
"1,24 : 0.7295"
"24,1 : 0.7295"
"1,25 : 0.1664"
"25,1 : 0.1664"
"1,26 : 0.6551"
"26,1 : 0.6551"
"1,27 : 0.4085"
"27,1 : 0.4085"
"1,28 : 0.5608"
"28,1 : 0.5608"
"1,29 : 0.9374"
"29,1 : 0.9374"
"1,30 : 0.9901"
"30,1 : 0.9901"
"1,31 : 0.222"
"31,1 : 0.222"
"1,32 : 0.5757"
"32,1 : 0.5757"
"1,33 : 0.3748"
"33,1 : 0.3748"
"1,34 : 0.6379"
"34,1 : 0.6379"
"1,35 : 0.3306"
"35,1 : 0.3306"
"1,36 : 0.611"
"36,1 : 0.611"
"1,37 : 0.8905"
"37,1 : 0.8905"
"1,38 : 0.5659"
"38,1 : 0.5659"
"1,39 : 0.9228"
"39,1 : 0.9228"
"1,40 : 0.15"
"40,1 : 0.15"
"1,41 : 0.756"
"41,1 : 0.756"
"1,42 : 0.272"
"42,1 : 0.272"
"1,43 : 0.6152"
"43,1 : 0.6152"
"1,44 : 0.3833"
"44,1 : 0.3833"
"1,45 : 0.3397"
"45,1 : 0.3397"
"1,46 : 0.7501"
"46,1 : 0.7501"
"1,47 : 0.968"
"47,1 : 0.968"
"1,48 : 0.5757"
"48,1 : 0.5757"
"1,49 : 0.8228"
"49,1 : 0.8228"
"1,50 : 0.4111"
"50,1 : 0.4111"
"1,51 : 1.0521"
"51,1 : 1.0521"
"1,52 : 0.1868"
"52,1 : 0.1868"
"1,53 : 0.5412"
"53,1 : 0.5412"
"1,54 : 0.664"
"54,1 : 0.664"
"1,55 : 1.1328"
"55,1 : 1.1328"
"1,56 : 0.728"
"56,1 : 0.728"
"1,57 : 0.5061"
"57,1 : 0.5061"
"1,58 : 0.9434"
"58,1 : 0.9434"
"1,59 : 0.5903"
"59,1 : 0.5903"
"1,60 : 0.7642"
"60,1 : 0.7642"
"1,61 : 0.811"
"61,1 : 0.811"
"1,62 : 0.559"
"62,1 : 0.559"
"1,63 : 0.5842"
"63,1 : 0.5842"
"1,64 : 0.9982"
"64,1 : 0.9982"
"1,65 : 0.609"
"65,1 : 0.609"
"1,66 : 0.9005"
"66,1 : 0.9005"
"1,67 : 0.6888"
"67,1 : 0.6888"
"1,68 : 0.6407"
"68,1 : 0.6407"
"1,69 : 0.5209"
"69,1 : 0.5209"
"1,70 : 0.6133"
"70,1 : 0.6133"
"1,71 : 0.4901"
"71,1 : 0.4901"
"1,72 : 0.3206"
"72,1 : 0.3206"
"1,73 : 0.5511"
"73,1 : 0.5511"
"1,74 : 0.8122"
"74,1 : 0.8122"
"1,75 : 0.6768"
"75,1 : 0.6768"
"1,76 : 0.9546"
"76,1 : 0.9546"
"1,77 : 0.9021"
"77,1 : 0.9021"
"1,78 : 0.4205"
"78,1 : 0.4205"
"1,79 : 0.4667"
"79,1 : 0.4667"
"1,80 : 0.4682"
"80,1 : 0.4682"
"1,81 : 0.6896"
"81,1 : 0.6896"
"1,82 : 0.1565"
"82,1 : 0.1565"
"1,83 : 0.8431"
"83,1 : 0.8431"
"1,84 : 0.2408"
"84,1 : 0.2408"
"1,85 : 0.08"
"85,1 : 0.08"
"1,86 : 0.5077"
"86,1 : 0.5077"
"1,87 : 0.5243"
"87,1 : 0.5243"
"1,88 : 0.4743"
"88,1 : 0.4743"
"1,89 : 0.8668"
"89,1 : 0.8668"
"1,90 : 0.756"
"90,1 : 0.756"
"1,91 : 0.0762"
"91,1 : 0.0762"
"1,92 : 0.8653"
"92,1 : 0.8653"
"1,93 : 0.7485"
"93,1 : 0.7485"
"1,94 : 0.5016"
"94,1 : 0.5016"
"1,95 : 0.5126"
"95,1 : 0.5126"
"1,96 : 0.31"
"96,1 : 0.31"
"1,97 : 0.1315"
"97,1 : 0.1315"
"1,98 : 0.2062"
"98,1 : 0.2062"
"1,99 : 0.3748"
"99,1 : 0.3748"
"2,3 : 0.7324"
"3,2 : 0.7324"
"2,4 : 0.6675"
"4,2 : 0.6675"
"2,5 : 0.451"
"5,2 : 0.451"
"2,6 : 0.4162"
"6,2 : 0.4162"
"2,7 : 0.8661"
"7,2 : 0.8661"
"2,8 : 0.6067"
"8,2 : 0.6067"
"2,9 : 0.7737"
"9,2 : 0.7737"
"2,10 : 0.6133"
"10,2 : 0.6133"
"2,11 : 0.5255"
"11,2 : 0.5255"
"2,12 : 0.6332"
"12,2 : 0.6332"
"2,13 : 0.7713"
"13,2 : 0.7713"
"2,14 : 0.6736"
"14,2 : 0.6736"
"2,15 : 0.5235"
"15,2 : 0.5235"
"2,16 : 0.6525"
"16,2 : 0.6525"
"2,17 : 0.9091"
"17,2 : 0.9091"
"2,18 : 0.327"
"18,2 : 0.327"
"2,19 : 0.7684"
"19,2 : 0.7684"
"2,20 : 0.9548"
"20,2 : 0.9548"
"2,21 : 0.85"
"21,2 : 0.85"
"2,22 : 0.4528"
"22,2 : 0.4528"
"2,23 : 0.2594"
"23,2 : 0.2594"
"2,24 : 0.3239"
"24,2 : 0.3239"
"2,25 : 0.9381"
"25,2 : 0.9381"
"2,26 : 0.3547"
"26,2 : 0.3547"
"2,27 : 0.6054"
"27,2 : 0.6054"
"2,28 : 0.5029"
"28,2 : 0.5029"
"2,29 : 0.1749"
"29,2 : 0.1749"
"2,30 : 0.04"
"30,2 : 0.04"
"2,31 : 0.8491"
"31,2 : 0.8491"
"2,32 : 0.8516"
"32,2 : 0.8516"
"2,33 : 0.8078"
"33,2 : 0.8078"
"2,34 : 0.823"
"34,2 : 0.823"
"2,35 : 0.7783"
"35,2 : 0.7783"
"2,36 : 0.4805"
"36,2 : 0.4805"
"2,37 : 0.1649"
"37,2 : 0.1649"
"2,38 : 0.396"
"38,2 : 0.396"
"2,39 : 0.2642"
"39,2 : 0.2642"
"2,40 : 0.95"
"40,2 : 0.95"
"2,41 : 0.2404"
"41,2 : 0.2404"
"2,42 : 0.8645"
"42,2 : 0.8645"
"2,43 : 0.5954"
"43,2 : 0.5954"
"2,44 : 0.7839"
"44,2 : 0.7839"
"2,45 : 0.6223"
"45,2 : 0.6223"
"2,46 : 0.6847"
"46,2 : 0.6847"
"2,47 : 0.405"
"47,2 : 0.405"
"2,48 : 0.5192"
"48,2 : 0.5192"
"2,49 : 0.4123"
"49,2 : 0.4123"
"2,50 : 0.5532"
"50,2 : 0.5532"
"2,51 : 0.1676"
"51,2 : 0.1676"
"2,52 : 0.8823"
"52,2 : 0.8823"
"2,53 : 0.5471"
"53,2 : 0.5471"
"2,54 : 0.3138"
"54,2 : 0.3138"
"2,55 : 0.1749"
"55,2 : 0.1749"
"2,56 : 0.255"
"56,2 : 0.255"
"2,57 : 0.4662"
"57,2 : 0.4662"
"2,58 : 0.2025"
"58,2 : 0.2025"
"2,59 : 0.6576"
"59,2 : 0.6576"
"2,60 : 0.1985"
"60,2 : 0.1985"
"2,61 : 0.6649"
"61,2 : 0.6649"
"2,62 : 0.4046"
"62,2 : 0.4046"
"2,63 : 0.61"
"63,2 : 0.61"
"2,64 : 0.05"
"64,2 : 0.05"
"2,65 : 0.4144"
"65,2 : 0.4144"
"2,66 : 0.264"
"66,2 : 0.264"
"2,67 : 0.8302"
"67,2 : 0.8302"
"2,68 : 0.3585"
"68,2 : 0.3585"
"2,69 : 0.6622"
"69,2 : 0.6622"
"2,70 : 0.4535"
"70,2 : 0.4535"
"2,71 : 0.7228"
"71,2 : 0.7228"
"2,72 : 0.7916"
"72,2 : 0.7916"
"2,73 : 0.5944"
"73,2 : 0.5944"
"2,74 : 0.1924"
"74,2 : 0.1924"
"2,75 : 0.3178"
"75,2 : 0.3178"
"2,76 : 0.01"
"76,2 : 0.01"
"2,77 : 0.2417"
"77,2 : 0.2417"
"2,78 : 0.5867"
"78,2 : 0.5867"
"2,79 : 0.4952"
"79,2 : 0.4952"
"2,80 : 0.568"
"80,2 : 0.568"
"2,81 : 0.3569"
"81,2 : 0.3569"
"2,82 : 0.8139"
"82,2 : 0.8139"
"2,83 : 0.222"
"83,2 : 0.222"
"2,84 : 0.8238"
"84,2 : 0.8238"
"2,85 : 1.0207"
"85,2 : 1.0207"
"2,86 : 0.4771"
"86,2 : 0.4771"
"2,87 : 0.4522"
"87,2 : 0.4522"
"2,88 : 0.8544"
"88,2 : 0.8544"
"2,89 : 0.525"
"89,2 : 0.525"
"2,90 : 0.2285"
"90,2 : 0.2285"
"2,91 : 0.9916"
"91,2 : 0.9916"
"2,92 : 0.1924"
"92,2 : 0.1924"
"2,93 : 0.4005"
"93,2 : 0.4005"
"2,94 : 0.5331"
"94,2 : 0.5331"
"2,95 : 0.5442"
"95,2 : 0.5442"
"2,96 : 0.7783"
"96,2 : 0.7783"
"2,97 : 0.892"
"97,2 : 0.892"
"2,98 : 0.9074"
"98,2 : 0.9074"
"2,99 : 0.5873"
"99,2 : 0.5873"
"3,4 : 0.74"
"4,3 : 0.74"
"3,5 : 0.6307"
"5,3 : 0.6307"
"3,6 : 0.3162"
"6,3 : 0.3162"
"3,7 : 0.1345"
"7,3 : 0.1345"
"3,8 : 0.33"
"8,3 : 0.33"
"3,9 : 0.2746"
"9,3 : 0.2746"
"3,10 : 0.1746"
"10,3 : 0.1746"
"3,11 : 0.255"
"11,3 : 0.255"
"3,12 : 0.1903"
"12,3 : 0.1903"
"3,13 : 0.283"
"13,3 : 0.283"
"3,14 : 0.7151"
"14,3 : 0.7151"
"3,15 : 0.3523"
"15,3 : 0.3523"
"3,16 : 0.2518"
"16,3 : 0.2518"
"3,17 : 0.1887"
"17,3 : 0.1887"
"3,18 : 0.4851"
"18,3 : 0.4851"
"3,19 : 0.2163"
"19,3 : 0.2163"
"3,20 : 0.2766"
"20,3 : 0.2766"
"3,21 : 0.2751"
"21,3 : 0.2751"
"3,22 : 0.2915"
"22,3 : 0.2915"
"3,23 : 0.5162"
"23,3 : 0.5162"
"3,24 : 0.559"
"24,3 : 0.559"
"3,25 : 0.3437"
"25,3 : 0.3437"
"3,26 : 0.4785"
"26,3 : 0.4785"
"3,27 : 0.3068"
"27,3 : 0.3068"
"3,28 : 0.2955"
"28,3 : 0.2955"
"3,29 : 0.7409"
"29,3 : 0.7409"
"3,30 : 0.756"
"30,3 : 0.756"
"3,31 : 0.1237"
"31,3 : 0.1237"
"3,32 : 0.6229"
"32,3 : 0.6229"
"3,33 : 0.1921"
"33,3 : 0.1921"
"3,34 : 0.664"
"34,3 : 0.664"
"3,35 : 0.3612"
"35,3 : 0.3612"
"3,36 : 0.3454"
"36,3 : 0.3454"
"3,37 : 0.6908"
"37,3 : 0.6908"
"3,38 : 0.3493"
"38,3 : 0.3493"
"3,39 : 0.6629"
"39,3 : 0.6629"
"3,40 : 0.3413"
"40,3 : 0.3413"
"3,41 : 0.5093"
"41,3 : 0.5093"
"3,42 : 0.3712"
"42,3 : 0.3712"
"3,43 : 0.5471"
"43,3 : 0.5471"
"3,44 : 0.4173"
"44,3 : 0.4173"
"3,45 : 0.1612"
"45,3 : 0.1612"
"3,46 : 0.5064"
"46,3 : 0.5064"
"3,47 : 0.8239"
"47,3 : 0.8239"
"3,48 : 0.4669"
"48,3 : 0.4669"
"3,49 : 0.5571"
"49,3 : 0.5571"
"3,50 : 0.1897"
"50,3 : 0.1897"
"3,51 : 0.8453"
"51,3 : 0.8453"
"3,52 : 0.3132"
"52,3 : 0.3132"
"3,53 : 0.4415"
"53,3 : 0.4415"
"3,54 : 0.4649"
"54,3 : 0.4649"
"3,55 : 0.907"
"55,3 : 0.907"
"3,56 : 0.5255"
"56,3 : 0.5255"
"3,57 : 0.2663"
"57,3 : 0.2663"
"3,58 : 0.7527"
"58,3 : 0.7527"
"3,59 : 0.5504"
"59,3 : 0.5504"
"3,60 : 0.542"
"60,3 : 0.542"
"3,61 : 0.5622"
"61,3 : 0.5622"
"3,62 : 0.3312"
"62,3 : 0.3312"
"3,63 : 0.522"
"63,3 : 0.522"
"3,64 : 0.7739"
"64,3 : 0.7739"
"3,65 : 0.35"
"65,3 : 0.35"
"3,66 : 0.6407"
"66,3 : 0.6407"
"3,67 : 0.7103"
"67,3 : 0.7103"
"3,68 : 0.389"
"68,3 : 0.389"
"3,69 : 0.483"
"69,3 : 0.483"
"3,70 : 0.3489"
"70,3 : 0.3489"
"3,71 : 0.26"
"71,3 : 0.26"
"3,72 : 0.1304"
"72,3 : 0.1304"
"3,73 : 0.2907"
"73,3 : 0.2907"
"3,74 : 0.5659"
"74,3 : 0.5659"
"3,75 : 0.4876"
"75,3 : 0.4876"
"3,76 : 0.7242"
"76,3 : 0.7242"
"3,77 : 0.644"
"77,3 : 0.644"
"3,78 : 0.1581"
"78,3 : 0.1581"
"3,79 : 0.253"
"79,3 : 0.253"
"3,80 : 0.3614"
"80,3 : 0.3614"
"3,81 : 0.4301"
"81,3 : 0.4301"
"3,82 : 0.1868"
"82,3 : 0.1868"
"3,83 : 0.589"
"83,3 : 0.589"
"3,84 : 0.3089"
"84,3 : 0.3089"
"3,85 : 0.3023"
"85,3 : 0.3023"
"3,86 : 0.3406"
"86,3 : 0.3406"
"3,87 : 0.3437"
"87,3 : 0.3437"
"3,88 : 0.5381"
"88,3 : 0.5381"
"3,89 : 0.7642"
"89,3 : 0.7642"
"3,90 : 0.5515"
"90,3 : 0.5515"
"3,91 : 0.3256"
"91,3 : 0.3256"
"3,92 : 0.6707"
"92,3 : 0.6707"
"3,93 : 0.4833"
"93,3 : 0.4833"
"3,94 : 0.2371"
"94,3 : 0.2371"
"3,95 : 0.247"
"95,3 : 0.247"
"3,96 : 0.1082"
"96,3 : 0.1082"
"3,97 : 0.1628"
"97,3 : 0.1628"
"3,98 : 0.1803"
"98,3 : 0.1803"
"3,99 : 0.1712"
"99,3 : 0.1712"
"4,5 : 0.2214"
"5,4 : 0.2214"
"4,6 : 0.6083"
"6,4 : 0.6083"
"4,7 : 0.8139"
"7,4 : 0.8139"
"4,8 : 0.9027"
"8,4 : 0.9027"
"4,9 : 0.9713"
"9,4 : 0.9713"
"4,10 : 0.777"
"10,4 : 0.777"
"4,11 : 0.7543"
"11,4 : 0.7543"
"4,12 : 0.813"
"12,4 : 0.813"
"4,13 : 0.9762"
"13,4 : 0.9762"
"4,14 : 0.0316"
"14,4 : 0.0316"
"4,15 : 0.4031"
"15,4 : 0.4031"
"4,16 : 0.8792"
"16,4 : 0.8792"
"4,17 : 0.804"
"17,4 : 0.804"
"4,18 : 0.4272"
"18,4 : 0.4272"
"4,19 : 0.5831"
"19,4 : 0.5831"
"4,20 : 0.7606"
"20,4 : 0.7606"
"4,21 : 0.6103"
"21,4 : 0.6103"
"4,22 : 0.5544"
"22,4 : 0.5544"
"4,23 : 0.483"
"23,4 : 0.483"
"4,24 : 0.3716"
"24,4 : 0.3716"
"4,25 : 0.6576"
"25,4 : 0.6576"
"4,26 : 0.4022"
"26,4 : 0.4022"
"4,27 : 0.4332"
"27,4 : 0.4332"
"4,28 : 0.7723"
"28,4 : 0.7723"
"4,29 : 0.5101"
"29,4 : 0.5101"
"4,30 : 0.7071"
"30,4 : 0.7071"
"4,31 : 0.8465"
"31,4 : 0.8465"
"4,32 : 0.3"
"32,4 : 0.3"
"4,33 : 0.9231"
"33,4 : 0.9231"
"4,34 : 0.2335"
"34,4 : 0.2335"
"4,35 : 0.461"
"35,4 : 0.461"
"4,36 : 0.7991"
"36,4 : 0.7991"
"4,37 : 0.5036"
"37,4 : 0.5036"
"4,38 : 0.5374"
"38,4 : 0.5374"
"4,39 : 0.8562"
"39,4 : 0.8562"
"4,40 : 0.6774"
"40,4 : 0.6774"
"4,41 : 0.676"
"41,4 : 0.676"
"4,42 : 0.5376"
"42,4 : 0.5376"
"4,43 : 0.1931"
"43,4 : 0.1931"
"4,44 : 0.4144"
"44,4 : 0.4144"
"4,45 : 0.5831"
"45,4 : 0.5831"
"4,46 : 1.0752"
"46,4 : 1.0752"
"4,47 : 0.3418"
"47,4 : 0.3418"
"4,48 : 0.2884"
"48,4 : 0.2884"
"4,49 : 0.9097"
"49,4 : 0.9097"
"4,50 : 0.6003"
"50,4 : 0.6003"
"4,51 : 0.6129"
"51,4 : 0.6129"
"4,52 : 0.6129"
"52,4 : 0.6129"
"4,53 : 0.3041"
"53,4 : 0.3041"
"4,54 : 0.4687"
"54,4 : 0.4687"
"4,55 : 0.7517"
"55,4 : 0.7517"
"4,56 : 0.4785"
"56,4 : 0.4785"
"4,57 : 0.6185"
"57,4 : 0.6185"
"4,58 : 0.4901"
"58,4 : 0.4901"
"4,59 : 0.2002"
"59,4 : 0.2002"
"4,60 : 0.5595"
"60,4 : 0.5595"
"4,61 : 1.0966"
"61,4 : 1.0966"
"4,62 : 0.5728"
"62,4 : 0.5728"
"4,63 : 0.2184"
"63,4 : 0.2184"
"4,64 : 0.6619"
"64,4 : 0.6619"
"4,65 : 0.7145"
"65,4 : 0.7145"
"4,66 : 0.8417"
"66,4 : 0.8417"
"4,67 : 0.2081"
"67,4 : 0.2081"
"4,68 : 0.6748"
"68,4 : 0.6748"
"4,69 : 0.2707"
"69,4 : 0.2707"
"4,70 : 0.7708"
"70,4 : 0.7708"
"4,71 : 0.933"
"71,4 : 0.933"
"4,72 : 0.8673"
"72,4 : 0.8673"
"4,73 : 0.8621"
"73,4 : 0.8621"
"4,74 : 0.6935"
"74,4 : 0.6935"
"4,75 : 0.4357"
"75,4 : 0.4357"
"4,76 : 0.6691"
"76,4 : 0.6691"
"4,77 : 0.8246"
"77,4 : 0.8246"
"4,78 : 0.7134"
"78,4 : 0.7134"
"4,79 : 0.5604"
"79,4 : 0.5604"
"4,80 : 0.3808"
"80,4 : 0.3808"
"4,81 : 0.742"
"81,4 : 0.742"
"4,82 : 0.6528"
"82,4 : 0.6528"
"4,83 : 0.7606"
"83,4 : 0.7606"
"4,84 : 0.5508"
"84,4 : 0.5508"
"4,85 : 0.8701"
"85,4 : 0.8701"
"4,86 : 0.4441"
"86,4 : 0.4441"
"4,87 : 0.4623"
"87,4 : 0.4623"
"4,88 : 0.3758"
"88,4 : 0.3758"
"4,89 : 0.1709"
"89,4 : 0.1709"
"4,90 : 0.4885"
"90,4 : 0.4885"
"4,91 : 0.7642"
"91,4 : 0.7642"
"4,92 : 0.4752"
"92,4 : 0.4752"
"4,93 : 0.844"
"93,4 : 0.844"
"4,94 : 0.742"
"94,4 : 0.742"
"4,95 : 0.7701"
"95,4 : 0.7701"
"4,96 : 0.845"
"96,4 : 0.845"
"4,97 : 0.8188"
"97,4 : 0.8188"
"4,98 : 0.8884"
"98,4 : 0.8884"
"4,99 : 0.5903"
"99,4 : 0.5903"
"5,6 : 0.4254"
"6,5 : 0.4254"
"5,7 : 0.7325"
"7,5 : 0.7325"
"5,8 : 0.7256"
"8,5 : 0.7256"
"5,9 : 0.8222"
"9,5 : 0.8222"
"5,10 : 0.623"
"10,5 : 0.623"
"5,11 : 0.5814"
"11,5 : 0.5814"
"5,12 : 0.6579"
"12,5 : 0.6579"
"5,13 : 0.8254"
"13,5 : 0.8254"
"5,14 : 0.2236"
"14,5 : 0.2236"
"5,15 : 0.2802"
"15,5 : 0.2802"
"5,16 : 0.7169"
"16,5 : 0.7169"
"5,17 : 0.7415"
"17,5 : 0.7415"
"5,18 : 0.2193"
"18,5 : 0.2193"
"5,19 : 0.5316"
"19,5 : 0.5316"
"5,20 : 0.7305"
"20,5 : 0.7305"
"5,21 : 0.5869"
"21,5 : 0.5869"
"5,22 : 0.3863"
"22,5 : 0.3863"
"5,23 : 0.2663"
"23,5 : 0.2663"
"5,24 : 0.1526"
"24,5 : 0.1526"
"5,25 : 0.6576"
"25,5 : 0.6576"
"5,26 : 0.2"
"26,5 : 0.2"
"5,27 : 0.3471"
"27,5 : 0.3471"
"5,28 : 0.5917"
"28,5 : 0.5917"
"5,29 : 0.3059"
"29,5 : 0.3059"
"5,30 : 0.4909"
"30,5 : 0.4909"
"5,31 : 0.75"
"31,5 : 0.75"
"5,32 : 0.4254"
"32,5 : 0.4254"
"5,33 : 0.7943"
"33,5 : 0.7943"
"5,34 : 0.3833"
"34,5 : 0.3833"
"5,35 : 0.4579"
"35,5 : 0.4579"
"5,36 : 0.6103"
"36,5 : 0.6103"
"5,37 : 0.2902"
"37,5 : 0.2902"
"5,38 : 0.3536"
"38,5 : 0.3536"
"5,39 : 0.6356"
"39,5 : 0.6356"
"5,40 : 0.6754"
"40,5 : 0.6754"
"5,41 : 0.4604"
"41,5 : 0.4604"
"5,42 : 0.5492"
"42,5 : 0.5492"
"5,43 : 0.178"
"43,5 : 0.178"
"5,44 : 0.4342"
"44,5 : 0.4342"
"5,45 : 0.4701"
"45,5 : 0.4701"
"5,46 : 0.886"
"46,5 : 0.886"
"5,47 : 0.2195"
"47,5 : 0.2195"
"5,48 : 0.1772"
"48,5 : 0.1772"
"5,49 : 0.6981"
"49,5 : 0.6981"
"5,50 : 0.4589"
"50,5 : 0.4589"
"5,51 : 0.4206"
"51,5 : 0.4206"
"5,52 : 0.6037"
"52,5 : 0.6037"
"5,53 : 0.2119"
"53,5 : 0.2119"
"5,54 : 0.2617"
"54,5 : 0.2617"
"5,55 : 0.5532"
"55,5 : 0.5532"
"5,56 : 0.2608"
"56,5 : 0.2608"
"5,57 : 0.4478"
"57,5 : 0.4478"
"5,58 : 0.2912"
"58,5 : 0.2912"
"5,59 : 0.2385"
"59,5 : 0.2385"
"5,60 : 0.34"
"60,5 : 0.34"
"5,61 : 0.9003"
"61,5 : 0.9003"
"5,62 : 0.3895"
"62,5 : 0.3895"
"5,63 : 0.2052"
"63,5 : 0.2052"
"5,64 : 0.4504"
"64,5 : 0.4504"
"5,65 : 0.522"
"65,5 : 0.522"
"5,66 : 0.6217"
"66,5 : 0.6217"
"5,67 : 0.3833"
"67,5 : 0.3833"
"5,68 : 0.4751"
"68,5 : 0.4751"
"5,69 : 0.2759"
"69,5 : 0.2759"
"5,70 : 0.5801"
"70,5 : 0.5801"
"5,71 : 0.7783"
"71,5 : 0.7783"
"5,72 : 0.7467"
"72,5 : 0.7467"
"5,73 : 0.6888"
"73,5 : 0.6888"
"5,74 : 0.4741"
"74,5 : 0.4741"
"5,75 : 0.2263"
"75,5 : 0.2263"
"5,76 : 0.4518"
"76,5 : 0.4518"
"5,77 : 0.6042"
"77,5 : 0.6042"
"5,78 : 0.5632"
"78,5 : 0.5632"
"5,79 : 0.4052"
"79,5 : 0.4052"
"5,80 : 0.2864"
"80,5 : 0.2864"
"5,81 : 0.5374"
"81,5 : 0.5374"
"5,82 : 0.5991"
"82,5 : 0.5991"
"5,83 : 0.5412"
"83,5 : 0.5412"
"5,84 : 0.5367"
"84,5 : 0.5367"
"5,85 : 0.8297"
"85,5 : 0.8297"
"5,86 : 0.2943"
"86,5 : 0.2943"
"5,87 : 0.3008"
"87,5 : 0.3008"
"5,88 : 0.458"
"88,5 : 0.458"
"5,89 : 0.1393"
"89,5 : 0.1393"
"5,90 : 0.2683"
"90,5 : 0.2683"
"5,91 : 0.7485"
"91,5 : 0.7485"
"5,92 : 0.26"
"92,5 : 0.26"
"5,93 : 0.637"
"93,5 : 0.637"
"5,94 : 0.5727"
"94,5 : 0.5727"
"5,95 : 0.5993"
"95,5 : 0.5993"
"5,96 : 0.7256"
"96,5 : 0.7256"
"5,97 : 0.7455"
"97,5 : 0.7455"
"5,98 : 0.8006"
"98,5 : 0.8006"
"5,99 : 0.4627"
"99,5 : 0.4627"
"6,7 : 0.45"
"7,6 : 0.45"
"6,8 : 0.3002"
"8,6 : 0.3002"
"6,9 : 0.413"
"9,6 : 0.413"
"6,10 : 0.2202"
"10,6 : 0.2202"
"6,11 : 0.1581"
"11,6 : 0.1581"
"6,12 : 0.2502"
"12,6 : 0.2502"
"6,13 : 0.4144"
"13,6 : 0.4144"
"6,14 : 0.5941"
"14,6 : 0.5941"
"6,15 : 0.2377"
"15,6 : 0.2377"
"6,16 : 0.2983"
"16,6 : 0.2983"
"6,17 : 0.4952"
"17,6 : 0.4952"
"6,18 : 0.2184"
"18,6 : 0.2184"
"6,19 : 0.3863"
"19,6 : 0.3863"
"6,20 : 0.5522"
"20,6 : 0.5522"
"6,21 : 0.4717"
"21,6 : 0.4717"
"6,22 : 0.0707"
"22,6 : 0.0707"
"6,23 : 0.2202"
"23,6 : 0.2202"
"6,24 : 0.3008"
"24,6 : 0.3008"
"6,25 : 0.5608"
"25,6 : 0.5608"
"6,26 : 0.2285"
"26,6 : 0.2285"
"6,27 : 0.2816"
"27,6 : 0.2816"
"6,28 : 0.1664"
"28,6 : 0.1664"
"6,29 : 0.4393"
"29,6 : 0.4393"
"6,30 : 0.4405"
"30,6 : 0.4405"
"6,31 : 0.4342"
"31,6 : 0.4342"
"6,32 : 0.6325"
"32,6 : 0.6325"
"6,33 : 0.4144"
"33,6 : 0.4144"
"6,34 : 0.6398"
"34,6 : 0.6398"
"6,35 : 0.4504"
"35,6 : 0.4504"
"6,36 : 0.191"
"36,6 : 0.191"
"6,37 : 0.3883"
"37,6 : 0.3883"
"6,38 : 0.0721"
"38,6 : 0.0721"
"6,39 : 0.386"
"39,6 : 0.386"
"6,40 : 0.5686"
"40,6 : 0.5686"
"6,41 : 0.2025"
"41,6 : 0.2025"
"6,42 : 0.5179"
"42,6 : 0.5179"
"6,43 : 0.436"
"43,6 : 0.436"
"6,44 : 0.4809"
"44,6 : 0.4809"
"6,45 : 0.2236"
"45,6 : 0.2236"
"6,46 : 0.4669"
"46,6 : 0.4669"
"6,47 : 0.5689"
"47,6 : 0.5689"
"6,48 : 0.328"
"48,6 : 0.328"
"6,49 : 0.3453"
"49,6 : 0.3453"
"6,50 : 0.1442"
"50,6 : 0.1442"
"6,51 : 0.5349"
"51,6 : 0.5349"
"6,52 : 0.5092"
"52,6 : 0.5092"
"6,53 : 0.3276"
"53,6 : 0.3276"
"6,54 : 0.1825"
"54,6 : 0.1825"
"6,55 : 0.5908"
"55,6 : 0.5908"
"6,56 : 0.2302"
"56,6 : 0.2302"
"6,57 : 0.05"
"57,6 : 0.05"
"6,58 : 0.4554"
"58,6 : 0.4554"
"6,59 : 0.4751"
"59,6 : 0.4751"
"6,60 : 0.2285"
"60,6 : 0.2285"
"6,61 : 0.4904"
"61,6 : 0.4904"
"6,62 : 0.0361"
"62,6 : 0.0361"
"6,63 : 0.4272"
"63,6 : 0.4272"
"6,64 : 0.4579"
"64,6 : 0.4579"
"6,65 : 0.1118"
"65,6 : 0.1118"
"6,66 : 0.364"
"66,6 : 0.364"
"6,67 : 0.6712"
"67,6 : 0.6712"
"6,68 : 0.1005"
"68,6 : 0.1005"
"6,69 : 0.4346"
"69,6 : 0.4346"
"6,70 : 0.164"
"70,6 : 0.164"
"6,71 : 0.365"
"71,6 : 0.365"
"6,72 : 0.386"
"72,6 : 0.386"
"6,73 : 0.264"
"73,6 : 0.264"
"6,74 : 0.2581"
"74,6 : 0.2581"
"6,75 : 0.2159"
"75,6 : 0.2159"
"6,76 : 0.408"
"76,6 : 0.408"
"6,77 : 0.3606"
"77,6 : 0.3606"
"6,78 : 0.1772"
"78,6 : 0.1772"
"6,79 : 0.102"
"79,6 : 0.102"
"6,80 : 0.2846"
"80,6 : 0.2846"
"6,81 : 0.1703"
"81,6 : 0.1703"
"6,82 : 0.4168"
"82,6 : 0.4168"
"6,83 : 0.2955"
"83,6 : 0.2955"
"6,84 : 0.4632"
"84,6 : 0.4632"
"6,85 : 0.6081"
"85,6 : 0.6081"
"6,86 : 0.1789"
"86,6 : 0.1789"
"6,87 : 0.1526"
"87,6 : 0.1526"
"6,88 : 0.5886"
"88,6 : 0.5886"
"6,89 : 0.5636"
"89,6 : 0.5636"
"6,90 : 0.2518"
"90,6 : 0.2518"
"6,91 : 0.5936"
"91,6 : 0.5936"
"6,92 : 0.3734"
"92,6 : 0.3734"
"6,93 : 0.2668"
"93,6 : 0.2668"
"6,94 : 0.153"
"94,6 : 0.153"
"6,95 : 0.1772"
"95,6 : 0.1772"
"6,96 : 0.37"
"96,6 : 0.37"
"6,97 : 0.4763"
"97,6 : 0.4763"
"6,98 : 0.4924"
"98,6 : 0.4924"
"6,99 : 0.1836"
"99,6 : 0.1836"
"7,8 : 0.4317"
"8,7 : 0.4317"
"7,9 : 0.3239"
"9,7 : 0.3239"
"7,10 : 0.2953"
"10,7 : 0.2953"
"7,11 : 0.3828"
"11,7 : 0.3828"
"7,12 : 0.3008"
"12,7 : 0.3008"
"7,13 : 0.3338"
"13,7 : 0.3338"
"7,14 : 0.7864"
"14,7 : 0.7864"
"7,15 : 0.4528"
"15,7 : 0.4528"
"7,16 : 0.3471"
"16,7 : 0.3471"
"7,17 : 0.07"
"17,7 : 0.07"
"7,18 : 0.6075"
"18,7 : 0.6075"
"7,19 : 0.2377"
"19,7 : 0.2377"
"7,20 : 0.1844"
"20,7 : 0.1844"
"7,21 : 0.255"
"21,7 : 0.255"
"7,22 : 0.4206"
"22,7 : 0.4206"
"7,23 : 0.644"
"23,7 : 0.644"
"7,24 : 0.6772"
"24,7 : 0.6772"
"7,25 : 0.2915"
"25,7 : 0.2915"
"7,26 : 0.5977"
"26,7 : 0.5977"
"7,27 : 0.3901"
"27,7 : 0.3901"
"7,28 : 0.4219"
"28,7 : 0.4219"
"7,29 : 0.8682"
"29,7 : 0.8682"
"7,30 : 0.8902"
"30,7 : 0.8902"
"7,31 : 0.0632"
"31,7 : 0.0632"
"7,32 : 0.65"
"32,7 : 0.65"
"7,33 : 0.2159"
"33,7 : 0.2159"
"7,34 : 0.7021"
"34,7 : 0.7021"
"7,35 : 0.3847"
"35,7 : 0.3847"
"7,36 : 0.4701"
"36,7 : 0.4701"
"7,37 : 0.8186"
"37,7 : 0.8186"
"7,38 : 0.4789"
"38,7 : 0.4789"
"7,39 : 0.794"
"39,7 : 0.794"
"7,40 : 0.2818"
"40,7 : 0.2818"
"7,41 : 0.6438"
"41,7 : 0.6438"
"7,42 : 0.3612"
"42,7 : 0.3612"
"7,43 : 0.6251"
"43,7 : 0.6251"
"7,44 : 0.4429"
"44,7 : 0.4429"
"7,45 : 0.2693"
"45,7 : 0.2693"
"7,46 : 0.5903"
"46,7 : 0.5903"
"7,47 : 0.9356"
"47,7 : 0.9356"
"7,48 : 0.5601"
"48,7 : 0.5601"
"7,49 : 0.6798"
"49,7 : 0.6798"
"7,50 : 0.3176"
"50,7 : 0.3176"
"7,51 : 0.9753"
"51,7 : 0.9753"
"7,52 : 0.2832"
"52,7 : 0.2832"
"7,53 : 0.5301"
"53,7 : 0.5301"
"7,54 : 0.5909"
"54,7 : 0.5909"
"7,55 : 1.0404"
"55,7 : 1.0404"
"7,56 : 0.6531"
"56,7 : 0.6531"
"7,57 : 0.4"
"57,7 : 0.4"
"7,58 : 0.8785"
"58,7 : 0.8785"
"7,59 : 0.6161"
"59,7 : 0.6161"
"7,60 : 0.6742"
"60,7 : 0.6742"
"7,61 : 0.6519"
"61,7 : 0.6519"
"7,62 : 0.4632"
"62,7 : 0.4632"
"7,63 : 0.5968"
"63,7 : 0.5968"
"7,64 : 0.907"
"64,7 : 0.907"
"7,65 : 0.4827"
"65,7 : 0.4827"
"7,66 : 0.772"
"66,7 : 0.772"
"7,67 : 0.7515"
"67,7 : 0.7515"
"7,68 : 0.5233"
"68,7 : 0.5233"
"7,69 : 0.5457"
"69,7 : 0.5457"
"7,70 : 0.4771"
"70,7 : 0.4771"
"7,71 : 0.33"
"71,7 : 0.33"
"7,72 : 0.1603"
"72,7 : 0.1603"
"7,73 : 0.3985"
"73,7 : 0.3985"
"7,74 : 0.7004"
"74,7 : 0.7004"
"7,75 : 0.611"
"75,7 : 0.611"
"7,76 : 0.858"
"76,7 : 0.858"
"7,77 : 0.7762"
"77,7 : 0.7762"
"7,78 : 0.2907"
"78,7 : 0.2907"
"7,79 : 0.3801"
"79,7 : 0.3801"
"7,80 : 0.45"
"80,7 : 0.45"
"7,81 : 0.5622"
"81,7 : 0.5622"
"7,82 : 0.1749"
"82,7 : 0.1749"
"7,83 : 0.7225"
"83,7 : 0.7225"
"7,84 : 0.3081"
"84,7 : 0.3081"
"7,85 : 0.1746"
"85,7 : 0.1746"
"7,86 : 0.4535"
"86,7 : 0.4535"
"7,87 : 0.4617"
"87,7 : 0.4617"
"7,88 : 0.5547"
"88,7 : 0.5547"
"7,89 : 0.8601"
"89,7 : 0.8601"
"7,90 : 0.6798"
"90,7 : 0.6798"
"7,91 : 0.2335"
"91,7 : 0.2335"
"7,92 : 0.7971"
"92,7 : 0.7971"
"7,93 : 0.609"
"93,7 : 0.609"
"7,94 : 0.3662"
"94,7 : 0.3662"
"7,95 : 0.3722"
"95,7 : 0.3722"
"7,96 : 0.1503"
"96,7 : 0.1503"
"7,97 : 0.0316"
"97,7 : 0.0316"
"7,98 : 0.0762"
"98,7 : 0.0762"
"7,99 : 0.2915"
"99,7 : 0.2915"
"8,9 : 0.1803"
"9,8 : 0.1803"
"8,10 : 0.1649"
"10,8 : 0.1649"
"8,11 : 0.1487"
"11,8 : 0.1487"
"8,12 : 0.1404"
"12,8 : 0.1404"
"8,13 : 0.1749"
"13,8 : 0.1749"
"8,14 : 0.8862"
"14,8 : 0.8862"
"8,15 : 0.5093"
"15,8 : 0.5093"
"8,16 : 0.0854"
"16,8 : 0.0854"
"8,17 : 0.5001"
"17,8 : 0.5001"
"8,18 : 0.5148"
"18,8 : 0.5148"
"8,19 : 0.5239"
"19,8 : 0.5239"
"8,20 : 0.603"
"20,8 : 0.603"
"8,21 : 0.5968"
"21,8 : 0.5968"
"8,22 : 0.3483"
"22,8 : 0.3483"
"8,23 : 0.5"
"23,8 : 0.5"
"8,24 : 0.5962"
"24,8 : 0.5962"
"8,25 : 0.6719"
"25,8 : 0.6719"
"8,26 : 0.5277"
"26,8 : 0.5277"
"8,27 : 0.5187"
"27,8 : 0.5187"
"8,28 : 0.1342"
"28,8 : 0.1342"
"8,29 : 0.6926"
"29,8 : 0.6926"
"8,30 : 0.6139"
"30,8 : 0.6139"
"8,31 : 0.3795"
"31,8 : 0.3795"
"8,32 : 0.8798"
"32,8 : 0.8798"
"8,33 : 0.2581"
"33,8 : 0.2581"
"8,34 : 0.9021"
"34,8 : 0.9021"
"8,35 : 0.6462"
"35,8 : 0.6462"
"8,36 : 0.1304"
"36,8 : 0.1304"
"8,37 : 0.6438"
"37,8 : 0.6438"
"8,38 : 0.3722"
"38,8 : 0.3722"
"8,39 : 0.4305"
"39,8 : 0.4305"
"8,40 : 0.6707"
"40,8 : 0.6707"
"8,41 : 0.3705"
"41,8 : 0.3705"
"8,42 : 0.6815"
"42,8 : 0.6815"
"8,43 : 0.7214"
"43,8 : 0.7214"
"8,44 : 0.6935"
"44,8 : 0.6935"
"8,45 : 0.3848"
"45,8 : 0.3848"
"8,46 : 0.1879"
"46,8 : 0.1879"
"8,47 : 0.8573"
"47,8 : 0.8573"
"8,48 : 0.6162"
"48,8 : 0.6162"
"8,49 : 0.2759"
"49,8 : 0.2759"
"8,50 : 0.3245"
"50,8 : 0.3245"
"8,51 : 0.7611"
"51,8 : 0.7611"
"8,52 : 0.6364"
"52,8 : 0.6364"
"8,53 : 0.6081"
"53,8 : 0.6081"
"8,54 : 0.4754"
"54,8 : 0.4754"
"8,55 : 0.7713"
"55,8 : 0.7713"
"8,56 : 0.5096"
"56,8 : 0.5096"
"8,57 : 0.2843"
"57,8 : 0.2843"
"8,58 : 0.7145"
"58,8 : 0.7145"
"8,59 : 0.7507"
"59,8 : 0.7507"
"8,60 : 0.4738"
"60,8 : 0.4738"
"8,61 : 0.2354"
"61,8 : 0.2354"
"8,62 : 0.3362"
"62,8 : 0.3362"
"8,63 : 0.7072"
"63,8 : 0.7072"
"8,64 : 0.6562"
"64,8 : 0.6562"
"8,65 : 0.2159"
"65,8 : 0.2159"
"8,66 : 0.4118"
"66,8 : 0.4118"
"8,67 : 0.9402"
"67,8 : 0.9402"
"8,68 : 0.2746"
"68,8 : 0.2746"
"8,69 : 0.6981"
"69,8 : 0.6981"
"8,70 : 0.1612"
"70,8 : 0.1612"
"8,71 : 0.1345"
"71,8 : 0.1345"
"8,72 : 0.2823"
"72,8 : 0.2823"
"8,73 : 0.0447"
"73,8 : 0.0447"
"8,74 : 0.4144"
"74,8 : 0.4144"
"8,75 : 0.5108"
"75,8 : 0.5108"
"8,76 : 0.5968"
"76,8 : 0.5968"
"8,77 : 0.4249"
"77,8 : 0.4249"
"8,78 : 0.2193"
"78,8 : 0.2193"
"8,79 : 0.3466"
"79,8 : 0.3466"
"8,80 : 0.5467"
"80,8 : 0.5467"
"8,81 : 0.2508"
"81,8 : 0.2508"
"8,82 : 0.5124"
"82,8 : 0.5124"
"8,83 : 0.3985"
"83,8 : 0.3985"
"8,84 : 0.6185"
"84,8 : 0.6185"
"8,85 : 0.6044"
"85,8 : 0.6044"
"8,86 : 0.4601"
"86,8 : 0.4601"
"8,87 : 0.4405"
"87,8 : 0.4405"
"8,88 : 0.8139"
"88,8 : 0.8139"
"8,89 : 0.8635"
"89,8 : 0.8635"
"8,90 : 0.5239"
"90,8 : 0.5239"
"8,91 : 0.6528"
"91,8 : 0.6528"
"8,92 : 0.6379"
"92,8 : 0.6379"
"8,93 : 0.2283"
"93,8 : 0.2283"
"8,94 : 0.1628"
"94,8 : 0.1628"
"8,95 : 0.1345"
"95,8 : 0.1345"
"8,96 : 0.2846"
"96,8 : 0.2846"
"8,97 : 0.4632"
"97,8 : 0.4632"
"8,98 : 0.4254"
"98,8 : 0.4254"
"8,99 : 0.3536"
"99,8 : 0.3536"
"9,10 : 0.1992"
"10,9 : 0.1992"
"9,11 : 0.26"
"11,9 : 0.26"
"9,12 : 0.1649"
"12,9 : 0.1649"
"9,13 : 0.01"
"13,9 : 0.01"
"9,14 : 0.9502"
"14,9 : 0.9502"
"9,15 : 0.5682"
"15,9 : 0.5682"
"9,16 : 0.1217"
"16,9 : 0.1217"
"9,17 : 0.3932"
"17,9 : 0.3932"
"9,18 : 0.6297"
"18,9 : 0.6297"
"9,19 : 0.4909"
"19,9 : 0.4909"
"9,20 : 0.508"
"20,9 : 0.508"
"9,21 : 0.5456"
"21,9 : 0.5456"
"9,22 : 0.4368"
"22,9 : 0.4368"
"9,23 : 0.6313"
"23,9 : 0.6313"
"9,24 : 0.712"
"24,9 : 0.712"
"9,25 : 0.6041"
"25,9 : 0.6041"
"9,26 : 0.6356"
"26,9 : 0.6356"
"9,27 : 0.55"
"27,9 : 0.55"
"9,28 : 0.2729"
"28,9 : 0.2729"
"9,29 : 0.841"
"29,9 : 0.841"
"9,30 : 0.7845"
"30,9 : 0.7845"
"9,31 : 0.2617"
"31,9 : 0.2617"
"9,32 : 0.8914"
"32,9 : 0.8914"
"9,33 : 0.11"
"33,9 : 0.11"
"9,34 : 0.927"
"34,9 : 0.927"
"9,35 : 0.6341"
"35,9 : 0.6341"
"9,36 : 0.2941"
"36,9 : 0.2941"
"9,37 : 0.7906"
"37,9 : 0.7906"
"9,38 : 0.4785"
"38,9 : 0.4785"
"9,39 : 0.6106"
"39,9 : 0.6106"
"9,40 : 0.5977"
"40,9 : 0.5977"
"9,41 : 0.5337"
"41,9 : 0.5337"
"9,42 : 0.645"
"42,9 : 0.645"
"9,43 : 0.7803"
"43,9 : 0.7803"
"9,44 : 0.6888"
"44,9 : 0.6888"
"9,45 : 0.3982"
"45,9 : 0.3982"
"9,46 : 0.2789"
"46,9 : 0.2789"
"9,47 : 0.9815"
"47,9 : 0.9815"
"9,48 : 0.6843"
"48,9 : 0.6843"
"9,49 : 0.4545"
"49,9 : 0.4545"
"9,50 : 0.3712"
"50,9 : 0.3712"
"9,51 : 0.9207"
"51,9 : 0.9207"
"9,52 : 0.5818"
"52,9 : 0.5818"
"9,53 : 0.6673"
"53,9 : 0.6673"
"9,54 : 0.5954"
"54,9 : 0.5954"
"9,55 : 0.9425"
"55,9 : 0.9425"
"9,56 : 0.6412"
"56,9 : 0.6412"
"9,57 : 0.3785"
"57,9 : 0.3785"
"9,58 : 0.8602"
"58,9 : 0.8602"
"9,59 : 0.7963"
"59,9 : 0.7963"
"9,60 : 0.6213"
"60,9 : 0.6213"
"9,61 : 0.3448"
"61,9 : 0.3448"
"9,62 : 0.4455"
"62,9 : 0.4455"
"9,63 : 0.7601"
"63,9 : 0.7601"
"9,64 : 0.8223"
"64,9 : 0.8223"
"9,65 : 0.3635"
"65,9 : 0.3635"
"9,66 : 0.5917"
"66,9 : 0.5917"
"9,67 : 0.9708"
"67,9 : 0.9708"
"9,68 : 0.423"
"68,9 : 0.423"
"9,69 : 0.7341"
"69,9 : 0.7341"
"9,70 : 0.3202"
"70,9 : 0.3202"
"9,71 : 0.051"
"71,9 : 0.051"
"9,72 : 0.1649"
"72,9 : 0.1649"
"9,73 : 0.1803"
"73,9 : 0.1803"
"9,74 : 0.5824"
"74,9 : 0.5824"
"9,75 : 0.628"
"75,9 : 0.628"
"9,76 : 0.764"
"76,9 : 0.764"
"9,77 : 0.6042"
"77,9 : 0.6042"
"9,78 : 0.26"
"78,9 : 0.26"
"9,79 : 0.4179"
"79,9 : 0.4179"
"9,80 : 0.5936"
"80,9 : 0.5936"
"9,81 : 0.4176"
"81,9 : 0.4176"
"9,82 : 0.4562"
"82,9 : 0.4562"
"9,83 : 0.5738"
"83,9 : 0.5738"
"9,84 : 0.5831"
"84,9 : 0.5831"
"9,85 : 0.4804"
"85,9 : 0.4804"
"9,86 : 0.5331"
"86,9 : 0.5331"
"9,87 : 0.522"
"87,9 : 0.522"
"9,88 : 0.8106"
"88,9 : 0.8106"
"9,89 : 0.9614"
"89,9 : 0.9614"
"9,90 : 0.6603"
"90,9 : 0.6603"
"9,91 : 0.5573"
"91,9 : 0.5573"
"9,92 : 0.78"
"92,9 : 0.78"
"9,93 : 0.4082"
"93,9 : 0.4082"
"9,94 : 0.2608"
"94,9 : 0.2608"
"9,95 : 0.24"
"95,9 : 0.24"
"9,96 : 0.1803"
"96,9 : 0.1803"
"9,97 : 0.3523"
"97,9 : 0.3523"
"9,98 : 0.2907"
"98,9 : 0.2907"
"9,99 : 0.3828"
"99,9 : 0.3828"
"10,11 : 0.0922"
"11,10 : 0.0922"
"10,12 : 0.0361"
"12,10 : 0.0361"
"10,13 : 0.2025"
"13,10 : 0.2025"
"10,14 : 0.7572"
"14,10 : 0.7572"
"10,15 : 0.3744"
"15,10 : 0.3744"
"10,16 : 0.1063"
"16,10 : 0.1063"
"10,17 : 0.3585"
"17,10 : 0.3585"
"10,18 : 0.4329"
"18,10 : 0.4329"
"10,19 : 0.359"
"19,10 : 0.359"
"10,20 : 0.4512"
"20,10 : 0.4512"
"10,21 : 0.4329"
"21,10 : 0.4329"
"10,22 : 0.2377"
"22,10 : 0.2377"
"10,23 : 0.4405"
"23,10 : 0.4405"
"10,24 : 0.5148"
"24,10 : 0.5148"
"10,25 : 0.5101"
"25,10 : 0.5101"
"10,26 : 0.4374"
"26,10 : 0.4374"
"10,27 : 0.368"
"27,10 : 0.368"
"10,28 : 0.1281"
"28,10 : 0.1281"
"10,29 : 0.6576"
"29,10 : 0.6576"
"10,30 : 0.6306"
"30,10 : 0.6306"
"10,31 : 0.2561"
"31,10 : 0.2561"
"10,32 : 0.7242"
"32,10 : 0.7242"
"10,33 : 0.1965"
"33,10 : 0.1965"
"10,34 : 0.7517"
"34,10 : 0.7517"
"10,35 : 0.4833"
"35,10 : 0.4833"
"10,36 : 0.1749"
"36,10 : 0.1749"
"10,37 : 0.6067"
"37,10 : 0.6067"
"10,38 : 0.2816"
"38,10 : 0.2816"
"10,39 : 0.5033"
"39,10 : 0.5033"
"10,40 : 0.5101"
"40,10 : 0.5101"
"10,41 : 0.3759"
"41,10 : 0.3759"
"10,42 : 0.5166"
"42,10 : 0.5166"
"10,43 : 0.5882"
"43,10 : 0.5882"
"10,44 : 0.5324"
"44,10 : 0.5324"
"10,45 : 0.2247"
"45,10 : 0.2247"
"10,46 : 0.3511"
"46,10 : 0.3511"
"10,47 : 0.7852"
"47,10 : 0.7852"
"10,48 : 0.4888"
"48,10 : 0.4888"
"10,49 : 0.3848"
"49,10 : 0.3848"
"10,50 : 0.178"
"50,10 : 0.178"
"10,51 : 0.7473"
"51,10 : 0.7473"
"10,52 : 0.4727"
"52,10 : 0.4727"
"10,53 : 0.4743"
"53,10 : 0.4743"
"10,54 : 0.4005"
"54,10 : 0.4005"
"10,55 : 0.7872"
"55,10 : 0.7872"
"10,56 : 0.4504"
"56,10 : 0.4504"
"10,57 : 0.1811"
"57,10 : 0.1811"
"10,58 : 0.6748"
"58,10 : 0.6748"
"10,59 : 0.6096"
"59,10 : 0.6096"
"10,60 : 0.4415"
"60,10 : 0.4415"
"10,61 : 0.4002"
"61,10 : 0.4002"
"10,62 : 0.2502"
"62,10 : 0.2502"
"10,63 : 0.5701"
"63,10 : 0.5701"
"10,64 : 0.6592"
"64,10 : 0.6592"
"10,65 : 0.2025"
"65,10 : 0.2025"
"10,66 : 0.4817"
"66,10 : 0.4817"
"10,67 : 0.7925"
"67,10 : 0.7925"
"10,68 : 0.255"
"68,10 : 0.255"
"10,69 : 0.5515"
"69,10 : 0.5515"
"10,70 : 0.1844"
"70,10 : 0.1844"
"10,71 : 0.1565"
"71,10 : 0.1565"
"10,72 : 0.1803"
"72,10 : 0.1803"
"10,73 : 0.1217"
"73,10 : 0.1217"
"10,74 : 0.4305"
"74,10 : 0.4305"
"10,75 : 0.4319"
"75,10 : 0.4319"
"10,76 : 0.6042"
"76,10 : 0.6042"
"10,77 : 0.488"
"77,10 : 0.488"
"10,78 : 0.064"
"78,10 : 0.064"
"10,79 : 0.2193"
"79,10 : 0.2193"
"10,80 : 0.4046"
"80,10 : 0.4046"
"10,81 : 0.2766"
"81,10 : 0.2766"
"10,82 : 0.3501"
"82,10 : 0.3501"
"10,83 : 0.4405"
"83,10 : 0.4405"
"10,84 : 0.4535"
"84,10 : 0.4535"
"10,85 : 0.4696"
"85,10 : 0.4696"
"10,86 : 0.3354"
"86,10 : 0.3354"
"10,87 : 0.3231"
"87,10 : 0.3231"
"10,88 : 0.6537"
"88,10 : 0.6537"
"10,89 : 0.7622"
"89,10 : 0.7622"
"10,90 : 0.4717"
"90,10 : 0.4717"
"10,91 : 0.5001"
"91,10 : 0.5001"
"10,92 : 0.593"
"92,10 : 0.593"
"10,93 : 0.3138"
"93,10 : 0.3138"
"10,94 : 0.0806"
"94,10 : 0.0806"
"10,95 : 0.0781"
"95,10 : 0.0781"
"10,96 : 0.1703"
"96,10 : 0.1703"
"10,97 : 0.3265"
"97,10 : 0.3265"
"10,98 : 0.3114"
"98,10 : 0.3114"
"10,99 : 0.1985"
"99,10 : 0.1985"
"11,12 : 0.1077"
"12,11 : 0.1077"
"11,13 : 0.2602"
"13,11 : 0.2602"
"11,14 : 0.7376"
"14,11 : 0.7376"
"11,15 : 0.3612"
"15,11 : 0.3612"
"11,16 : 0.1414"
"16,11 : 0.1414"
"11,17 : 0.4429"
"17,11 : 0.4429"
"11,18 : 0.3764"
"18,11 : 0.3764"
"11,19 : 0.4101"
"19,11 : 0.4101"
"11,20 : 0.5281"
"20,11 : 0.5281"
"11,21 : 0.4904"
"21,11 : 0.4904"
"11,22 : 0.2"
"22,11 : 0.2"
"11,23 : 0.3722"
"23,11 : 0.3722"
"11,24 : 0.4588"
"24,11 : 0.4588"
"11,25 : 0.5731"
"25,11 : 0.5731"
"11,26 : 0.3863"
"26,11 : 0.3863"
"11,27 : 0.3759"
"27,11 : 0.3759"
"11,28 : 0.0412"
"28,11 : 0.0412"
"11,29 : 0.5814"
"29,11 : 0.5814"
"11,30 : 0.5413"
"30,11 : 0.5413"
"11,31 : 0.3471"
"31,11 : 0.3471"
"11,32 : 0.7382"
"32,11 : 0.7382"
"11,33 : 0.2823"
"33,11 : 0.2823"
"11,34 : 0.7572"
"34,11 : 0.7572"
"11,35 : 0.5166"
"35,11 : 0.5166"
"11,36 : 0.0922"
"36,11 : 0.0922"
"11,37 : 0.5308"
"37,11 : 0.5308"
"11,38 : 0.2285"
"38,11 : 0.2285"
"11,39 : 0.4123"
"39,11 : 0.4123"
"11,40 : 0.5756"
"40,11 : 0.5756"
"11,41 : 0.2864"
"41,11 : 0.2864"
"11,42 : 0.5632"
"42,11 : 0.5632"
"11,43 : 0.5728"
"43,11 : 0.5728"
"11,44 : 0.5597"
"44,11 : 0.5597"
"11,45 : 0.255"
"45,11 : 0.255"
"11,46 : 0.3302"
"46,11 : 0.3302"
"11,47 : 0.7257"
"47,11 : 0.7257"
"11,48 : 0.4675"
"48,11 : 0.4675"
"11,49 : 0.3036"
"49,11 : 0.3036"
"11,50 : 0.1838"
"50,11 : 0.1838"
"11,51 : 0.6649"
"51,11 : 0.6649"
"11,52 : 0.5304"
"52,11 : 0.5304"
"11,53 : 0.4597"
"53,11 : 0.4597"
"11,54 : 0.3396"
"54,11 : 0.3396"
"11,55 : 0.6986"
"55,11 : 0.6986"
"11,56 : 0.3821"
"56,11 : 0.3821"
"11,57 : 0.136"
"57,11 : 0.136"
"11,58 : 0.6003"
"58,11 : 0.6003"
"11,59 : 0.6031"
"59,11 : 0.6031"
"11,60 : 0.3622"
"60,11 : 0.3622"
"11,61 : 0.3667"
"61,11 : 0.3667"
"11,62 : 0.1931"
"62,11 : 0.1931"
"11,63 : 0.559"
"63,11 : 0.559"
"11,64 : 0.5725"
"64,11 : 0.5725"
"11,65 : 0.1118"
"65,11 : 0.1118"
"11,66 : 0.3905"
"66,11 : 0.3905"
"11,67 : 0.794"
"67,11 : 0.794"
"11,68 : 0.1676"
"68,11 : 0.1676"
"11,69 : 0.5522"
"69,11 : 0.5522"
"11,70 : 0.0943"
"70,11 : 0.0943"
"11,71 : 0.2102"
"71,11 : 0.2102"
"11,72 : 0.272"
"72,11 : 0.272"
"11,73 : 0.1082"
"73,11 : 0.1082"
"11,74 : 0.34"
"74,11 : 0.34"
"11,75 : 0.3736"
"75,11 : 0.3736"
"11,76 : 0.5162"
"76,11 : 0.5162"
"11,77 : 0.3962"
"77,11 : 0.3962"
"11,78 : 0.102"
"78,11 : 0.102"
"11,79 : 0.1985"
"79,11 : 0.1985"
"11,80 : 0.4"
"80,11 : 0.4"
"11,81 : 0.1844"
"81,11 : 0.1844"
"11,82 : 0.4144"
"82,11 : 0.4144"
"11,83 : 0.3483"
"83,11 : 0.3483"
"11,84 : 0.5016"
"84,11 : 0.5016"
"11,85 : 0.5557"
"85,11 : 0.5557"
"11,86 : 0.3114"
"86,11 : 0.3114"
"11,87 : 0.2921"
"87,11 : 0.2921"
"11,88 : 0.6778"
"88,11 : 0.6778"
"11,89 : 0.7201"
"89,11 : 0.7201"
"11,90 : 0.4005"
"90,11 : 0.4005"
"11,91 : 0.5757"
"91,11 : 0.5757"
"11,92 : 0.52"
"92,11 : 0.52"
"11,93 : 0.2285"
"93,11 : 0.2285"
"11,94 : 0.02"
"94,11 : 0.02"
"11,95 : 0.02"
"95,11 : 0.02"
"11,96 : 0.2625"
"96,11 : 0.2625"
"11,97 : 0.4134"
"97,11 : 0.4134"
"11,98 : 0.4031"
"98,11 : 0.4031"
"11,99 : 0.2184"
"99,11 : 0.2184"
"12,13 : 0.1676"
"13,12 : 0.1676"
"12,14 : 0.7932"
"14,12 : 0.7932"
"12,15 : 0.4105"
"15,12 : 0.4105"
"12,16 : 0.0721"
"16,12 : 0.0721"
"12,17 : 0.3669"
"17,12 : 0.3669"
"12,18 : 0.4653"
"18,12 : 0.4653"
"12,19 : 0.386"
"19,12 : 0.386"
"12,20 : 0.4653"
"20,12 : 0.4653"
"12,21 : 0.4571"
"21,12 : 0.4571"
"12,22 : 0.272"
"22,12 : 0.272"
"12,23 : 0.47"
"23,12 : 0.47"
"12,24 : 0.5474"
"24,12 : 0.5474"
"12,25 : 0.5315"
"25,12 : 0.5315"
"12,26 : 0.4707"
"26,12 : 0.4707"
"12,27 : 0.4031"
"27,12 : 0.4031"
"12,28 : 0.136"
"28,12 : 0.136"
"12,29 : 0.6847"
"29,12 : 0.6847"
"12,30 : 0.6488"
"30,12 : 0.6488"
"12,31 : 0.2555"
"31,12 : 0.2555"
"12,32 : 0.758"
"32,12 : 0.758"
"12,33 : 0.1746"
"33,12 : 0.1746"
"12,34 : 0.7864"
"34,12 : 0.7864"
"12,35 : 0.5143"
"35,12 : 0.5143"
"12,36 : 0.1769"
"36,12 : 0.1769"
"12,37 : 0.6339"
"37,12 : 0.6339"
"12,38 : 0.314"
"38,12 : 0.314"
"12,39 : 0.5091"
"39,12 : 0.5091"
"12,40 : 0.5304"
"40,12 : 0.5304"
"12,41 : 0.394"
"41,12 : 0.394"
"12,42 : 0.5441"
"42,12 : 0.5441"
"12,43 : 0.6243"
"43,12 : 0.6243"
"12,44 : 0.5644"
"44,12 : 0.5644"
"12,45 : 0.2581"
"45,12 : 0.2581"
"12,46 : 0.3228"
"46,12 : 0.3228"
"12,47 : 0.8174"
"47,12 : 0.8174"
"12,48 : 0.5248"
"48,12 : 0.5248"
"12,49 : 0.3808"
"49,12 : 0.3808"
"12,50 : 0.214"
"50,12 : 0.214"
"12,51 : 0.7713"
"51,12 : 0.7713"
"12,52 : 0.4965"
"52,12 : 0.4965"
"12,53 : 0.5104"
"53,12 : 0.5104"
"12,54 : 0.4319"
"54,12 : 0.4319"
"12,55 : 0.8062"
"55,12 : 0.8062"
"12,56 : 0.48"
"56,12 : 0.48"
"12,57 : 0.2138"
"57,12 : 0.2138"
"12,58 : 0.7026"
"58,12 : 0.7026"
"12,59 : 0.6454"
"59,12 : 0.6454"
"12,60 : 0.4669"
"60,12 : 0.4669"
"12,61 : 0.3748"
"61,12 : 0.3748"
"12,62 : 0.2816"
"62,12 : 0.2816"
"12,63 : 0.6061"
"63,12 : 0.6061"
"12,64 : 0.6801"
"64,12 : 0.6801"
"12,65 : 0.2193"
"65,12 : 0.2193"
"12,66 : 0.488"
"66,12 : 0.488"
"12,67 : 0.8276"
"67,12 : 0.8276"
"12,68 : 0.2751"
"68,12 : 0.2751"
"12,69 : 0.5869"
"69,12 : 0.5869"
"12,70 : 0.1921"
"70,12 : 0.1921"
"12,71 : 0.1208"
"71,12 : 0.1208"
"12,72 : 0.1697"
"72,12 : 0.1697"
"12,73 : 0.1005"
"73,12 : 0.1005"
"12,74 : 0.4472"
"74,12 : 0.4472"
"12,75 : 0.4639"
"75,12 : 0.4639"
"12,76 : 0.6239"
"76,12 : 0.6239"
"12,77 : 0.4958"
"77,12 : 0.4958"
"12,78 : 0.1"
"78,12 : 0.1"
"12,79 : 0.255"
"79,12 : 0.255"
"12,80 : 0.4405"
"80,12 : 0.4405"
"12,81 : 0.2884"
"81,12 : 0.2884"
"12,82 : 0.3722"
"82,12 : 0.3722"
"12,83 : 0.4522"
"83,12 : 0.4522"
"12,84 : 0.4808"
"84,12 : 0.4808"
"12,85 : 0.4754"
"85,12 : 0.4754"
"12,86 : 0.3712"
"86,12 : 0.3712"
"12,87 : 0.3585"
"87,12 : 0.3585"
"12,88 : 0.686"
"88,12 : 0.686"
"12,89 : 0.7971"
"89,12 : 0.7971"
"12,90 : 0.5004"
"90,12 : 0.5004"
"12,91 : 0.5148"
"91,12 : 0.5148"
"12,92 : 0.6213"
"92,12 : 0.6213"
"12,93 : 0.314"
"93,12 : 0.314"
"12,94 : 0.102"
"94,12 : 0.102"
"12,95 : 0.0894"
"95,12 : 0.0894"
"12,96 : 0.164"
"96,12 : 0.164"
"12,97 : 0.3324"
"97,12 : 0.3324"
"12,98 : 0.3081"
"98,12 : 0.3081"
"12,99 : 0.2335"
"99,12 : 0.2335"
"13,14 : 0.9552"
"14,13 : 0.9552"
"13,15 : 0.5731"
"15,13 : 0.5731"
"13,16 : 0.1204"
"16,13 : 0.1204"
"13,17 : 0.4031"
"17,13 : 0.4031"
"13,18 : 0.6315"
"18,13 : 0.6315"
"13,19 : 0.4993"
"19,13 : 0.4993"
"13,20 : 0.5179"
"20,13 : 0.5179"
"13,21 : 0.5546"
"21,13 : 0.5546"
"13,22 : 0.4397"
"22,13 : 0.4397"
"13,23 : 0.632"
"23,13 : 0.632"
