x,y
0.96,0.29
0.88,0.74
0.7,0.23
0.34,0.1
0.38,0.16
0.95,0.92
0.43,0.82
0.79,0.71
0.97,0.73
0.54,0.18
0.93,0.24
0.25,0.44
0.39,0.89
0.7,0.3
0.89,0.39
0.9,0.61
0.91,0.12
0.94,0.99
0.04,0.39
0.54,0.53
0.62,0.09
0.56,0.49
0.0,0.98
0.58,0.58
0.56,0.68
0.34,0.31
0.09,0.91
0.89,0.84
0.6,0.47
0.86,0.58
0.21,0.93
0.08,0.33
0.22,0.41
0.41,0.41
0.97,0.38
0.0,0.19
0.52,0.42
0.03,0.73
0.73,0.35
0.94,0.32
0.96,0.46
0.11,0.46
0.73,0.56
0.07,0.33
0.55,0.71
0.38,0.34
0.98,0.07
0.75,0.25
0.11,0.84
0.05,0.33
0.26,0.26
0.34,0.76
0.27,0.32
0.65,0.14
0.64,0.68
0.91,0.64
0.67,0.39
0.68,0.29
0.69,0.29
0.56,0.88
0.42,0.38
0.87,0.45
0.44,0.96
0.37,0.97
0.26,0.78
0.48,0.51
0.08,0.06
0.38,0.38
0.71,0.29
0.43,0.83
0.59,0.33
0.91,0.35
0.35,0.56
0.4,0.62
0.03,0.69
0.97,0.83
0.59,0.54
0.98,0.02
0.56,0.73
0.05,0.91
0.91,0.21
0.38,0.38
0.02,0.91
0.62,0.55
0.95,0.87
0.48,0.19
0.36,0.04
0.24,0.25
0.12,0.84
0.78,0.21
0.45,0.06
0.72,0.86
0.56,0.45
0.1,0.02
0.44,0.02
0.25,0.96
0.47,0.23
0.03,0.55
0.86,0.14
0.62,0.7

Distanze
"0,1 : 0.4571"
"1,0 : 0.4571"
"0,2 : 0.2668"
"2,0 : 0.2668"
"0,3 : 0.6485"
"3,0 : 0.6485"
"0,4 : 0.5944"
"4,0 : 0.5944"
"0,5 : 0.6301"
"5,0 : 0.6301"
"0,6 : 0.7495"
"6,0 : 0.7495"
"0,7 : 0.4531"
"7,0 : 0.4531"
"0,8 : 0.4401"
"8,0 : 0.4401"
"0,9 : 0.4342"
"9,0 : 0.4342"
"0,10 : 0.0583"
"10,0 : 0.0583"
"0,11 : 0.7257"
"11,0 : 0.7257"
"0,12 : 0.8276"
"12,0 : 0.8276"
"0,13 : 0.2602"
"13,0 : 0.2602"
"0,14 : 0.1221"
"14,0 : 0.1221"
"0,15 : 0.3256"
"15,0 : 0.3256"
"0,16 : 0.1772"
"16,0 : 0.1772"
"0,17 : 0.7003"
"17,0 : 0.7003"
"0,18 : 0.9254"
"18,0 : 0.9254"
"0,19 : 0.4837"
"19,0 : 0.4837"
"0,20 : 0.3945"
"20,0 : 0.3945"
"0,21 : 0.4472"
"21,0 : 0.4472"
"0,22 : 1.1822"
"22,0 : 1.1822"
"0,23 : 0.478"
"23,0 : 0.478"
"0,24 : 0.5587"
"24,0 : 0.5587"
"0,25 : 0.6203"
"25,0 : 0.6203"
"0,26 : 1.0683"
"26,0 : 1.0683"
"0,27 : 0.5544"
"27,0 : 0.5544"
"0,28 : 0.4025"
"28,0 : 0.4025"
"0,29 : 0.3068"
"29,0 : 0.3068"
"0,30 : 0.986"
"30,0 : 0.986"
"0,31 : 0.8809"
"31,0 : 0.8809"
"0,32 : 0.7497"
"32,0 : 0.7497"
"0,33 : 0.5629"
"33,0 : 0.5629"
"0,34 : 0.0906"
"34,0 : 0.0906"
"0,35 : 0.9652"
"35,0 : 0.9652"
"0,36 : 0.4588"
"36,0 : 0.4588"
"0,37 : 1.0288"
"37,0 : 1.0288"
"0,38 : 0.2377"
"38,0 : 0.2377"
"0,39 : 0.0361"
"39,0 : 0.0361"
"0,40 : 0.17"
"40,0 : 0.17"
"0,41 : 0.8668"
"41,0 : 0.8668"
"0,42 : 0.3547"
"42,0 : 0.3547"
"0,43 : 0.8909"
"43,0 : 0.8909"
"0,44 : 0.5869"
"44,0 : 0.5869"
"0,45 : 0.5822"
"45,0 : 0.5822"
"0,46 : 0.2209"
"46,0 : 0.2209"
"0,47 : 0.2138"
"47,0 : 0.2138"
"0,48 : 1.0124"
"48,0 : 1.0124"
"0,49 : 0.9109"
"49,0 : 0.9109"
"0,50 : 0.7006"
"50,0 : 0.7006"
"0,51 : 0.778"
"51,0 : 0.778"
"0,52 : 0.6907"
"52,0 : 0.6907"
"0,53 : 0.3444"
"53,0 : 0.3444"
"0,54 : 0.5045"
"54,0 : 0.5045"
"0,55 : 0.3536"
"55,0 : 0.3536"
"0,56 : 0.3068"
"56,0 : 0.3068"
"0,57 : 0.28"
"57,0 : 0.28"
"0,58 : 0.27"
"58,0 : 0.27"
"0,59 : 0.7128"
"59,0 : 0.7128"
"0,60 : 0.5474"
"60,0 : 0.5474"
"0,61 : 0.1836"
"61,0 : 0.1836"
"0,62 : 0.8481"
"62,0 : 0.8481"
"0,63 : 0.9003"
"63,0 : 0.9003"
"0,64 : 0.8545"
"64,0 : 0.8545"
"0,65 : 0.528"
"65,0 : 0.528"
"0,66 : 0.9096"
"66,0 : 0.9096"
"0,67 : 0.5869"
"67,0 : 0.5869"
"0,68 : 0.25"
"68,0 : 0.25"
"0,69 : 0.7566"
"69,0 : 0.7566"
"0,70 : 0.3722"
"70,0 : 0.3722"
"0,71 : 0.0781"
"71,0 : 0.0781"
"0,72 : 0.6671"
"72,0 : 0.6671"
"0,73 : 0.65"
"73,0 : 0.65"
"0,74 : 1.0124"
"74,0 : 1.0124"
"0,75 : 0.5401"
"75,0 : 0.5401"
"0,76 : 0.4465"
"76,0 : 0.4465"
"0,77 : 0.2707"
"77,0 : 0.2707"
"0,78 : 0.5946"
"78,0 : 0.5946"
"0,79 : 1.1011"
"79,0 : 1.1011"
"0,80 : 0.0943"
"80,0 : 0.0943"
"0,81 : 0.5869"
"81,0 : 0.5869"
"0,82 : 1.1261"
"82,0 : 1.1261"
"0,83 : 0.428"
"83,0 : 0.428"
"0,84 : 0.5801"
"84,0 : 0.5801"
"0,85 : 0.4903"
"85,0 : 0.4903"
"0,86 : 0.65"
"86,0 : 0.65"
"0,87 : 0.7211"
"87,0 : 0.7211"
"0,88 : 1.004"
"88,0 : 1.004"
"0,89 : 0.197"
"89,0 : 0.197"
"0,90 : 0.5595"
"90,0 : 0.5595"
"0,91 : 0.6185"
"91,0 : 0.6185"
"0,92 : 0.4308"
"92,0 : 0.4308"
"0,93 : 0.9014"
"93,0 : 0.9014"
"0,94 : 0.5859"
"94,0 : 0.5859"
"0,95 : 0.9762"
"95,0 : 0.9762"
"0,96 : 0.4937"
"96,0 : 0.4937"
"0,97 : 0.9657"
"97,0 : 0.9657"
"0,98 : 0.1803"
"98,0 : 0.1803"
"0,99 : 0.5326"
"99,0 : 0.5326"
"1,2 : 0.5408"
"2,1 : 0.5408"
"1,3 : 0.8374"
"3,1 : 0.8374"
"1,4 : 0.7658"
"4,1 : 0.7658"
"1,5 : 0.1931"
"5,1 : 0.1931"
"1,6 : 0.4571"
"6,1 : 0.4571"
"1,7 : 0.0949"
"7,1 : 0.0949"
"1,8 : 0.0906"
"8,1 : 0.0906"
"1,9 : 0.6551"
"9,1 : 0.6551"
"1,10 : 0.5025"
"10,1 : 0.5025"
"1,11 : 0.6978"
"11,1 : 0.6978"
"1,12 : 0.5124"
"12,1 : 0.5124"
"1,13 : 0.4754"
"13,1 : 0.4754"
"1,14 : 0.3501"
"14,1 : 0.3501"
"1,15 : 0.1315"
"15,1 : 0.1315"
"1,16 : 0.6207"
"16,1 : 0.6207"
"1,17 : 0.2571"
"17,1 : 0.2571"
"1,18 : 0.91"
"18,1 : 0.91"
"1,19 : 0.3996"
"19,1 : 0.3996"
"1,20 : 0.7001"
"20,1 : 0.7001"
"1,21 : 0.4061"
"21,1 : 0.4061"
"1,22 : 0.9121"
"22,1 : 0.9121"
"1,23 : 0.34"
"23,1 : 0.34"
"1,24 : 0.3256"
"24,1 : 0.3256"
"1,25 : 0.6903"
"25,1 : 0.6903"
"1,26 : 0.8081"
"26,1 : 0.8081"
"1,27 : 0.1005"
"27,1 : 0.1005"
"1,28 : 0.389"
"28,1 : 0.389"
"1,29 : 0.1612"
"29,1 : 0.1612"
"1,30 : 0.6964"
"30,1 : 0.6964"
"1,31 : 0.8989"
"31,1 : 0.8989"
"1,32 : 0.7379"
"32,1 : 0.7379"
"1,33 : 0.5743"
"33,1 : 0.5743"
"1,34 : 0.3711"
"34,1 : 0.3711"
"1,35 : 1.0377"
"35,1 : 1.0377"
"1,36 : 0.4817"
"36,1 : 0.4817"
"1,37 : 0.8501"
"37,1 : 0.8501"
"1,38 : 0.4179"
"38,1 : 0.4179"
"1,39 : 0.4243"
"39,1 : 0.4243"
"1,40 : 0.2912"
"40,1 : 0.2912"
"1,41 : 0.8193"
"41,1 : 0.8193"
"1,42 : 0.2343"
"42,1 : 0.2343"
"1,43 : 0.9079"
"43,1 : 0.9079"
"1,44 : 0.3314"
"44,1 : 0.3314"
"1,45 : 0.6403"
"45,1 : 0.6403"
"1,46 : 0.6774"
"46,1 : 0.6774"
"1,47 : 0.507"
"47,1 : 0.507"
"1,48 : 0.7765"
"48,1 : 0.7765"
"1,49 : 0.9257"
"49,1 : 0.9257"
"1,50 : 0.7841"
"50,1 : 0.7841"
"1,51 : 0.5404"
"51,1 : 0.5404"
"1,52 : 0.7406"
"52,1 : 0.7406"
"1,53 : 0.6426"
"53,1 : 0.6426"
"1,54 : 0.2474"
"54,1 : 0.2474"
"1,55 : 0.1044"
"55,1 : 0.1044"
"1,56 : 0.4082"
"56,1 : 0.4082"
"1,57 : 0.4924"
"57,1 : 0.4924"
"1,58 : 0.4885"
"58,1 : 0.4885"
"1,59 : 0.3493"
"59,1 : 0.3493"
"1,60 : 0.5841"
"60,1 : 0.5841"
"1,61 : 0.2902"
"61,1 : 0.2902"
"1,62 : 0.4919"
"62,1 : 0.4919"
"1,63 : 0.5595"
"63,1 : 0.5595"
"1,64 : 0.6213"
"64,1 : 0.6213"
"1,65 : 0.4614"
"65,1 : 0.4614"
"1,66 : 1.05"
"66,1 : 1.05"
"1,67 : 0.6161"
"67,1 : 0.6161"
"1,68 : 0.481"
"68,1 : 0.481"
"1,69 : 0.4589"
"69,1 : 0.4589"
"1,70 : 0.5022"
"70,1 : 0.5022"
"1,71 : 0.3912"
"71,1 : 0.3912"
"1,72 : 0.5597"
"72,1 : 0.5597"
"1,73 : 0.4948"
"73,1 : 0.4948"
"1,74 : 0.8515"
"74,1 : 0.8515"
"1,75 : 0.1273"
"75,1 : 0.1273"
"1,76 : 0.3523"
"76,1 : 0.3523"
"1,77 : 0.7269"
"77,1 : 0.7269"
"1,78 : 0.3202"
"78,1 : 0.3202"
"1,79 : 0.8472"
"79,1 : 0.8472"
"1,80 : 0.5308"
"80,1 : 0.5308"
"1,81 : 0.6161"
"81,1 : 0.6161"
"1,82 : 0.8766"
"82,1 : 0.8766"
"1,83 : 0.322"
"83,1 : 0.322"
"1,84 : 0.1476"
"84,1 : 0.1476"
"1,85 : 0.6801"
"85,1 : 0.6801"
"1,86 : 0.872"
"86,1 : 0.872"
"1,87 : 0.806"
"87,1 : 0.806"
"1,88 : 0.7666"
"88,1 : 0.7666"
"1,89 : 0.5394"
"89,1 : 0.5394"
"1,90 : 0.8045"
"90,1 : 0.8045"
"1,91 : 0.2"
"91,1 : 0.2"
"1,92 : 0.4319"
"92,1 : 0.4319"
"1,93 : 1.0615"
"93,1 : 1.0615"
"1,94 : 0.8438"
"94,1 : 0.8438"
"1,95 : 0.6673"
"95,1 : 0.6673"
"1,96 : 0.6544"
"96,1 : 0.6544"
"1,97 : 0.871"
"97,1 : 0.871"
"1,98 : 0.6003"
"98,1 : 0.6003"
"1,99 : 0.2631"
"99,1 : 0.2631"
"2,3 : 0.3828"
"3,2 : 0.3828"
"2,4 : 0.3276"
"4,2 : 0.3276"
"2,5 : 0.7339"
"5,2 : 0.7339"
"2,6 : 0.6488"
"6,2 : 0.6488"
"2,7 : 0.4884"
"7,2 : 0.4884"
"2,8 : 0.5682"
"8,2 : 0.5682"
"2,9 : 0.1676"
"9,2 : 0.1676"
"2,10 : 0.2302"
"10,2 : 0.2302"
"2,11 : 0.4966"
"11,2 : 0.4966"
"2,12 : 0.7292"
"12,2 : 0.7292"
"2,13 : 0.07"
"13,2 : 0.07"
"2,14 : 0.2484"
"14,2 : 0.2484"
"2,15 : 0.4294"
"15,2 : 0.4294"
"2,16 : 0.2371"
"16,2 : 0.2371"
"2,17 : 0.797"
"17,2 : 0.797"
"2,18 : 0.6791"
"18,2 : 0.6791"
"2,19 : 0.34"
"19,2 : 0.34"
"2,20 : 0.1612"
"20,2 : 0.1612"
"2,21 : 0.2953"
"21,2 : 0.2953"
"2,22 : 1.0259"
"22,2 : 1.0259"
"2,23 : 0.37"
"23,2 : 0.37"
"2,24 : 0.4713"
"24,2 : 0.4713"
"2,25 : 0.3688"
"25,2 : 0.3688"
"2,26 : 0.9135"
"26,2 : 0.9135"
"2,27 : 0.6389"
"27,2 : 0.6389"
"2,28 : 0.26"
"28,2 : 0.26"
"2,29 : 0.3848"
"29,2 : 0.3848"
"2,30 : 0.8545"
"30,2 : 0.8545"
"2,31 : 0.628"
"31,2 : 0.628"
"2,32 : 0.5126"
"32,2 : 0.5126"
"2,33 : 0.3413"
"33,2 : 0.3413"
"2,34 : 0.3089"
"34,2 : 0.3089"
"2,35 : 0.7011"
"35,2 : 0.7011"
"2,36 : 0.2617"
"36,2 : 0.2617"
"2,37 : 0.836"
"37,2 : 0.836"
"2,38 : 0.1237"
"38,2 : 0.1237"
"2,39 : 0.2563"
"39,2 : 0.2563"
"2,40 : 0.3471"
"40,2 : 0.3471"
"2,41 : 0.6332"
"41,2 : 0.6332"
"2,42 : 0.3314"
"42,2 : 0.3314"
"2,43 : 0.6379"
"43,2 : 0.6379"
"2,44 : 0.5029"
"44,2 : 0.5029"
"2,45 : 0.3384"
"45,2 : 0.3384"
"2,46 : 0.3225"
"46,2 : 0.3225"
"2,47 : 0.0539"
"47,2 : 0.0539"
"2,48 : 0.8486"
"48,2 : 0.8486"
"2,49 : 0.6576"
"49,2 : 0.6576"
"2,50 : 0.441"
"50,2 : 0.441"
"2,51 : 0.6407"
"51,2 : 0.6407"
"2,52 : 0.4393"
"52,2 : 0.4393"
"2,53 : 0.103"
"53,2 : 0.103"
"2,54 : 0.454"
"54,2 : 0.454"
"2,55 : 0.4607"
"55,2 : 0.4607"
"2,56 : 0.1628"
"56,2 : 0.1628"
"2,57 : 0.0632"
"57,2 : 0.0632"
"2,58 : 0.0608"
"58,2 : 0.0608"
"2,59 : 0.6649"
"59,2 : 0.6649"
"2,60 : 0.3176"
"60,2 : 0.3176"
"2,61 : 0.278"
"61,2 : 0.278"
"2,62 : 0.7749"
"62,2 : 0.7749"
"2,63 : 0.8102"
"63,2 : 0.8102"
"2,64 : 0.7043"
"64,2 : 0.7043"
"2,65 : 0.3561"
"65,2 : 0.3561"
"2,66 : 0.6429"
"66,2 : 0.6429"
"2,67 : 0.3534"
"67,2 : 0.3534"
"2,68 : 0.0608"
"68,2 : 0.0608"
"2,69 : 0.658"
"69,2 : 0.658"
"2,70 : 0.1487"
"70,2 : 0.1487"
"2,71 : 0.2419"
"71,2 : 0.2419"
"2,72 : 0.481"
"72,2 : 0.481"
"2,73 : 0.492"
"73,2 : 0.492"
"2,74 : 0.8127"
"74,2 : 0.8127"
"2,75 : 0.658"
"75,2 : 0.658"
"2,76 : 0.3289"
"76,2 : 0.3289"
"2,77 : 0.35"
"77,2 : 0.35"
"2,78 : 0.5192"
"78,2 : 0.5192"
"2,79 : 0.9407"
"79,2 : 0.9407"
"2,80 : 0.211"
"80,2 : 0.211"
"2,81 : 0.3534"
"81,2 : 0.3534"
"2,82 : 0.9617"
"82,2 : 0.9617"
"2,83 : 0.3298"
"83,2 : 0.3298"
"2,84 : 0.6871"
"84,2 : 0.6871"
"2,85 : 0.2236"
"85,2 : 0.2236"
"2,86 : 0.3895"
"86,2 : 0.3895"
"2,87 : 0.4604"
"87,2 : 0.4604"
"2,88 : 0.8417"
"88,2 : 0.8417"
"2,89 : 0.0825"
"89,2 : 0.0825"
"2,90 : 0.3023"
"90,2 : 0.3023"
"2,91 : 0.6303"
"91,2 : 0.6303"
"2,92 : 0.2608"
"92,2 : 0.2608"
"2,93 : 0.6357"
"93,2 : 0.6357"
"2,94 : 0.3342"
"94,2 : 0.3342"
"2,95 : 0.8576"
"95,2 : 0.8576"
"2,96 : 0.23"
"96,2 : 0.23"
"2,97 : 0.7425"
"97,2 : 0.7425"
"2,98 : 0.1836"
"98,2 : 0.1836"
"2,99 : 0.4768"
"99,2 : 0.4768"
"3,4 : 0.0721"
"4,3 : 0.0721"
"3,5 : 1.022"
"5,3 : 1.022"
"3,6 : 0.7256"
"6,3 : 0.7256"
"3,7 : 0.758"
"7,3 : 0.758"
"3,8 : 0.891"
"8,3 : 0.891"
"3,9 : 0.2154"
"9,3 : 0.2154"
"3,10 : 0.6064"
"10,3 : 0.6064"
"3,11 : 0.3517"
"11,3 : 0.3517"
"3,12 : 0.7916"
"12,3 : 0.7916"
"3,13 : 0.4118"
"13,3 : 0.4118"
"3,14 : 0.6218"
"14,3 : 0.6218"
"3,15 : 0.7574"
"15,3 : 0.7574"
"3,16 : 0.5704"
"16,3 : 0.5704"
"3,17 : 1.0734"
"17,3 : 1.0734"
"3,18 : 0.4173"
"18,3 : 0.4173"
"3,19 : 0.4742"
"19,3 : 0.4742"
"3,20 : 0.2802"
"20,3 : 0.2802"
"3,21 : 0.4478"
"21,3 : 0.4478"
"3,22 : 0.9434"
"22,3 : 0.9434"
"3,23 : 0.5367"
"23,3 : 0.5367"
"3,24 : 0.6203"
"24,3 : 0.6203"
"3,25 : 0.21"
"25,3 : 0.21"
"3,26 : 0.8477"
"26,3 : 0.8477"
"3,27 : 0.922"
"27,3 : 0.922"
"3,28 : 0.4522"
"28,3 : 0.4522"
"3,29 : 0.7077"
"29,3 : 0.7077"
"3,30 : 0.8401"
"30,3 : 0.8401"
"3,31 : 0.3471"
"31,3 : 0.3471"
"3,32 : 0.3324"
"32,3 : 0.3324"
"3,33 : 0.3178"
"33,3 : 0.3178"
"3,34 : 0.6894"
"34,3 : 0.6894"
"3,35 : 0.3517"
"35,3 : 0.3517"
"3,36 : 0.3672"
"36,3 : 0.3672"
"3,37 : 0.7021"
"37,3 : 0.7021"
"3,38 : 0.4632"
"38,3 : 0.4632"
"3,39 : 0.6391"
"39,3 : 0.6391"
"3,40 : 0.7169"
"40,3 : 0.7169"
"3,41 : 0.4272"
"41,3 : 0.4272"
"3,42 : 0.6031"
"42,3 : 0.6031"
"3,43 : 0.3547"
"43,3 : 0.3547"
"3,44 : 0.6451"
"44,3 : 0.6451"
"3,45 : 0.2433"
"45,3 : 0.2433"
"3,46 : 0.6407"
"46,3 : 0.6407"
"3,47 : 0.4366"
"47,3 : 0.4366"
"3,48 : 0.7749"
"48,3 : 0.7749"
"3,49 : 0.3701"
"49,3 : 0.3701"
"3,50 : 0.1789"
"50,3 : 0.1789"
"3,51 : 0.66"
"51,3 : 0.66"
"3,52 : 0.2309"
"52,3 : 0.2309"
"3,53 : 0.3126"
"53,3 : 0.3126"
"3,54 : 0.653"
"54,3 : 0.653"
"3,55 : 0.7852"
"55,3 : 0.7852"
"3,56 : 0.4393"
"56,3 : 0.4393"
"3,57 : 0.3895"
"57,3 : 0.3895"
"3,58 : 0.3982"
"58,3 : 0.3982"
"3,59 : 0.8104"
"59,3 : 0.8104"
"3,60 : 0.2912"
"60,3 : 0.2912"
"3,61 : 0.6351"
"61,3 : 0.6351"
"3,62 : 0.8658"
"62,3 : 0.8658"
"3,63 : 0.8705"
"63,3 : 0.8705"
"3,64 : 0.6847"
"64,3 : 0.6847"
"3,65 : 0.4332"
"65,3 : 0.4332"
"3,66 : 0.2631"
"66,3 : 0.2631"
"3,67 : 0.2828"
"67,3 : 0.2828"
"3,68 : 0.4159"
"68,3 : 0.4159"
"3,69 : 0.7355"
"69,3 : 0.7355"
"3,70 : 0.3397"
"70,3 : 0.3397"
"3,71 : 0.6224"
"71,3 : 0.6224"
"3,72 : 0.4601"
"72,3 : 0.4601"
"3,73 : 0.5235"
"73,3 : 0.5235"
"3,74 : 0.6665"
"74,3 : 0.6665"
"3,75 : 0.9643"
"75,3 : 0.9643"
"3,76 : 0.5061"
"76,3 : 0.5061"
"3,77 : 0.645"
"77,3 : 0.645"
"3,78 : 0.6673"
"78,3 : 0.6673"
"3,79 : 0.8603"
"79,3 : 0.8603"
"3,80 : 0.5805"
"80,3 : 0.5805"
"3,81 : 0.2828"
"81,3 : 0.2828"
"3,82 : 0.8709"
"82,3 : 0.8709"
"3,83 : 0.53"
"83,3 : 0.53"
"3,84 : 0.9823"
"84,3 : 0.9823"
"3,85 : 0.1664"
"85,3 : 0.1664"
"3,86 : 0.0632"
"86,3 : 0.0632"
"3,87 : 0.1803"
"87,3 : 0.1803"
"3,88 : 0.772"
"88,3 : 0.772"
"3,89 : 0.4535"
"89,3 : 0.4535"
"3,90 : 0.117"
"90,3 : 0.117"
"3,91 : 0.8497"
"91,3 : 0.8497"
"3,92 : 0.4134"
"92,3 : 0.4134"
"3,93 : 0.253"
"93,3 : 0.253"
"3,94 : 0.1281"
"94,3 : 0.1281"
"3,95 : 0.8647"
"95,3 : 0.8647"
"3,96 : 0.1838"
"96,3 : 0.1838"
"3,97 : 0.5464"
"97,3 : 0.5464"
"3,98 : 0.5215"
"98,3 : 0.5215"
"3,99 : 0.6621"
"99,3 : 0.6621"
"4,5 : 0.95"
"5,4 : 0.95"
"4,6 : 0.6619"
"6,4 : 0.6619"
"4,7 : 0.686"
"7,4 : 0.686"
"4,8 : 0.8204"
"8,4 : 0.8204"
"4,9 : 0.1612"
"9,4 : 0.1612"
"4,10 : 0.5558"
"10,4 : 0.5558"
"4,11 : 0.3087"
"11,4 : 0.3087"
"4,12 : 0.7301"
"12,4 : 0.7301"
"4,13 : 0.3493"
"13,4 : 0.3493"
"4,14 : 0.5595"
"14,4 : 0.5595"
"4,15 : 0.6877"
"15,4 : 0.6877"
"4,16 : 0.5315"
"16,4 : 0.5315"
"4,17 : 1.0012"
"17,4 : 1.0012"
"4,18 : 0.4105"
"18,4 : 0.4105"
"4,19 : 0.4031"
"19,4 : 0.4031"
"4,20 : 0.25"
"20,4 : 0.25"
"4,21 : 0.3759"
"21,4 : 0.3759"
"4,22 : 0.9038"
"22,4 : 0.9038"
"4,23 : 0.4652"
"23,4 : 0.4652"
"4,24 : 0.5503"
"24,4 : 0.5503"
"4,25 : 0.1552"
"25,4 : 0.1552"
"4,26 : 0.8041"
"26,4 : 0.8041"
"4,27 : 0.85"
"27,4 : 0.85"
"4,28 : 0.3801"
"28,4 : 0.3801"
"4,29 : 0.6378"
"29,4 : 0.6378"
"4,30 : 0.7885"
"30,4 : 0.7885"
"4,31 : 0.3448"
"31,4 : 0.3448"
"4,32 : 0.2968"
"32,4 : 0.2968"
"4,33 : 0.2518"
"33,4 : 0.2518"
"4,34 : 0.6297"
"34,4 : 0.6297"
"4,35 : 0.3812"
"35,4 : 0.3812"
"4,36 : 0.2953"
"36,4 : 0.2953"
"4,37 : 0.6689"
"37,4 : 0.6689"
"4,38 : 0.3982"
"38,4 : 0.3982"
"4,39 : 0.5824"
"39,4 : 0.5824"
"4,40 : 0.653"
"40,4 : 0.653"
"4,41 : 0.4036"
"41,4 : 0.4036"
"4,42 : 0.5315"
"42,4 : 0.5315"
"4,43 : 0.3536"
"43,4 : 0.3536"
"4,44 : 0.5757"
"44,4 : 0.5757"
"4,45 : 0.18"
"45,4 : 0.18"
"4,46 : 0.6067"
"46,4 : 0.6067"
"4,47 : 0.3808"
"47,4 : 0.3808"
"4,48 : 0.7316"
"48,4 : 0.7316"
"4,49 : 0.3712"
"49,4 : 0.3712"
"4,50 : 0.1562"
"50,4 : 0.1562"
"4,51 : 0.6013"
"51,4 : 0.6013"
"4,52 : 0.1942"
"52,4 : 0.1942"
"4,53 : 0.2707"
"53,4 : 0.2707"
"4,54 : 0.5814"
"54,4 : 0.5814"
"4,55 : 0.7151"
"55,4 : 0.7151"
"4,56 : 0.3701"
"56,4 : 0.3701"
"4,57 : 0.327"
"57,4 : 0.327"
"4,58 : 0.3362"
"58,4 : 0.3362"
"4,59 : 0.7422"
"59,4 : 0.7422"
"4,60 : 0.2236"
"60,4 : 0.2236"
"4,61 : 0.5694"
"61,4 : 0.5694"
"4,62 : 0.8022"
"62,4 : 0.8022"
"4,63 : 0.8101"
"63,4 : 0.8101"
"4,64 : 0.6315"
"64,4 : 0.6315"
"4,65 : 0.364"
"65,4 : 0.364"
"4,66 : 0.3162"
"66,4 : 0.3162"
"4,67 : 0.22"
"67,4 : 0.22"
"4,68 : 0.3547"
"68,4 : 0.3547"
"4,69 : 0.6719"
"69,4 : 0.6719"
"4,70 : 0.2702"
"70,4 : 0.2702"
"4,71 : 0.563"
"71,4 : 0.563"
"4,72 : 0.4011"
"72,4 : 0.4011"
"4,73 : 0.4604"
"73,4 : 0.4604"
"4,74 : 0.6351"
"74,4 : 0.6351"
"4,75 : 0.8927"
"75,4 : 0.8927"
"4,76 : 0.4342"
"76,4 : 0.4342"
"4,77 : 0.6161"
"77,4 : 0.6161"
"4,78 : 0.5977"
"78,4 : 0.5977"
"4,79 : 0.8194"
"79,4 : 0.8194"
"4,80 : 0.5324"
"80,4 : 0.5324"
"4,81 : 0.22"
"81,4 : 0.22"
"4,82 : 0.8319"
"82,4 : 0.8319"
"4,83 : 0.4579"
"83,4 : 0.4579"
"4,84 : 0.9105"
"84,4 : 0.9105"
"4,85 : 0.1044"
"85,4 : 0.1044"
"4,86 : 0.1217"
"86,4 : 0.1217"
"4,87 : 0.1664"
"87,4 : 0.1664"
"4,88 : 0.728"
"88,4 : 0.728"
"4,89 : 0.4031"
"89,4 : 0.4031"
"4,90 : 0.1221"
"90,4 : 0.1221"
"4,91 : 0.7782"
"91,4 : 0.7782"
"4,92 : 0.3413"
"92,4 : 0.3413"
"4,93 : 0.313"
"93,4 : 0.313"
"4,94 : 0.1523"
"94,4 : 0.1523"
"4,95 : 0.8105"
"95,4 : 0.8105"
"4,96 : 0.114"
"96,4 : 0.114"
"4,97 : 0.524"
"97,4 : 0.524"
"4,98 : 0.4804"
"98,4 : 0.4804"
"4,99 : 0.5909"
"99,4 : 0.5909"
"5,6 : 0.5295"
"6,5 : 0.5295"
"5,7 : 0.264"
"7,5 : 0.264"
"5,8 : 0.191"
"8,5 : 0.191"
"5,9 : 0.846"
"9,5 : 0.846"
"5,10 : 0.6803"
"10,5 : 0.6803"
"5,11 : 0.8488"
"11,5 : 0.8488"
"5,12 : 0.5608"
"12,5 : 0.5608"
"5,13 : 0.6685"
"13,5 : 0.6685"
"5,14 : 0.5334"
"14,5 : 0.5334"
"5,15 : 0.314"
"15,5 : 0.314"
"5,16 : 0.801"
"16,5 : 0.801"
"5,17 : 0.0707"
"17,5 : 0.0707"
"5,18 : 1.0531"
"18,5 : 1.0531"
"5,19 : 0.5659"
"19,5 : 0.5659"
"5,20 : 0.8932"
"20,5 : 0.8932"
"5,21 : 0.5805"
"21,5 : 0.5805"
"5,22 : 0.9519"
"22,5 : 0.9519"
"5,23 : 0.5025"
"23,5 : 0.5025"
"5,24 : 0.4579"
"24,5 : 0.4579"
"5,25 : 0.8627"
"25,5 : 0.8627"
"5,26 : 0.8601"
"26,5 : 0.8601"
"5,27 : 0.1"
"27,5 : 0.1"
"5,28 : 0.5701"
"28,5 : 0.5701"
"5,29 : 0.3517"
"29,5 : 0.3517"
"5,30 : 0.7401"
"30,5 : 0.7401"
"5,31 : 1.0512"
"31,5 : 1.0512"
"5,32 : 0.8905"
"32,5 : 0.8905"
"5,33 : 0.7428"
"33,5 : 0.7428"
"5,34 : 0.5404"
"34,5 : 0.5404"
"5,35 : 1.1981"
"35,5 : 1.1981"
"5,36 : 0.6595"
"36,5 : 0.6595"
"5,37 : 0.9394"
"37,5 : 0.9394"
"5,38 : 0.611"
"38,5 : 0.611"
"5,39 : 0.6001"
"39,5 : 0.6001"
"5,40 : 0.4601"
"40,5 : 0.4601"
"5,41 : 0.9577"
"41,5 : 0.9577"
"5,42 : 0.4219"
"42,5 : 0.4219"
"5,43 : 1.0595"
"43,5 : 1.0595"
"5,44 : 0.4518"
"44,5 : 0.4518"
"5,45 : 0.8132"
"45,5 : 0.8132"
"5,46 : 0.8505"
"46,5 : 0.8505"
"5,47 : 0.6992"
"47,5 : 0.6992"
"5,48 : 0.8438"
"48,5 : 0.8438"
"5,49 : 1.0762"
"49,5 : 1.0762"
"5,50 : 0.9548"
"50,5 : 0.9548"
"5,51 : 0.6306"
"51,5 : 0.6306"
"5,52 : 0.9069"
"52,5 : 0.9069"
"5,53 : 0.8357"
"53,5 : 0.8357"
"5,54 : 0.392"
"54,5 : 0.392"
"5,55 : 0.2828"
"55,5 : 0.2828"
"5,56 : 0.5994"
"56,5 : 0.5994"
"5,57 : 0.6854"
"57,5 : 0.6854"
"5,58 : 0.6815"
"58,5 : 0.6815"
"5,59 : 0.392"
"59,5 : 0.392"
"5,60 : 0.7566"
"60,5 : 0.7566"
"5,61 : 0.4768"
"61,5 : 0.4768"
"5,62 : 0.5116"
"62,5 : 0.5116"
"5,63 : 0.5822"
"63,5 : 0.5822"
"5,64 : 0.7041"
"64,5 : 0.7041"
"5,65 : 0.6237"
"65,5 : 0.6237"
"5,66 : 1.2233"
"66,5 : 1.2233"
"5,67 : 0.7852"
"67,5 : 0.7852"
"5,68 : 0.6742"
"68,5 : 0.6742"
"5,69 : 0.5277"
"69,5 : 0.5277"
"5,70 : 0.6912"
"70,5 : 0.6912"
"5,71 : 0.5714"
"71,5 : 0.5714"
"5,72 : 0.6997"
"72,5 : 0.6997"
"5,73 : 0.6265"
"73,5 : 0.6265"
"5,74 : 0.9483"
"74,5 : 0.9483"
"5,75 : 0.0922"
"75,5 : 0.0922"
"5,76 : 0.5235"
"76,5 : 0.5235"
"5,77 : 0.9005"
"77,5 : 0.9005"
"5,78 : 0.4338"
"78,5 : 0.4338"
"5,79 : 0.9001"
"79,5 : 0.9001"
"5,80 : 0.7111"
"80,5 : 0.7111"
"5,81 : 0.7852"
"81,5 : 0.7852"
"5,82 : 0.9301"
"82,5 : 0.9301"
"5,83 : 0.4958"
"83,5 : 0.4958"
"5,84 : 0.05"
"84,5 : 0.05"
"5,85 : 0.8682"
"85,5 : 0.8682"
"5,86 : 1.0595"
"86,5 : 1.0595"
"5,87 : 0.9762"
"87,5 : 0.9762"
"5,88 : 0.8338"
"88,5 : 0.8338"
"5,89 : 0.7301"
"89,5 : 0.7301"
"5,90 : 0.9948"
"90,5 : 0.9948"
"5,91 : 0.2377"
"91,5 : 0.2377"
"5,92 : 0.6107"
"92,5 : 0.6107"
"5,93 : 1.2379"
"93,5 : 1.2379"
"5,94 : 1.0345"
"94,5 : 1.0345"
"5,95 : 0.7011"
"95,5 : 0.7011"
"5,96 : 0.8405"
"96,5 : 0.8405"
"5,97 : 0.9916"
"97,5 : 0.9916"
"5,98 : 0.7852"
"98,5 : 0.7852"
"5,99 : 0.3966"
"99,5 : 0.3966"
"6,7 : 0.3764"
"7,6 : 0.3764"
"6,8 : 0.5474"
"8,6 : 0.5474"
"6,9 : 0.6494"
"9,6 : 0.6494"
"6,10 : 0.7658"
"10,6 : 0.7658"
"6,11 : 0.4205"
"11,6 : 0.4205"
"6,12 : 0.0806"
"12,6 : 0.0806"
"6,13 : 0.5859"
"13,6 : 0.5859"
"6,14 : 0.6297"
"14,6 : 0.6297"
"6,15 : 0.5148"
"15,6 : 0.5148"
"6,16 : 0.8488"
"16,6 : 0.8488"
"6,17 : 0.5376"
"17,6 : 0.5376"
"6,18 : 0.5805"
"18,6 : 0.5805"
"6,19 : 0.3102"
"19,6 : 0.3102"
"6,20 : 0.7543"
"20,6 : 0.7543"
"6,21 : 0.3547"
"21,6 : 0.3547"
"6,22 : 0.4588"
"22,6 : 0.4588"
"6,23 : 0.283"
"23,6 : 0.283"
"6,24 : 0.191"
"24,6 : 0.191"
"6,25 : 0.5179"
"25,6 : 0.5179"
"6,26 : 0.3517"
"26,6 : 0.3517"
"6,27 : 0.4604"
"27,6 : 0.4604"
"6,28 : 0.3891"
"28,6 : 0.3891"
"6,29 : 0.4924"
"29,6 : 0.4924"
"6,30 : 0.246"
"30,6 : 0.246"
"6,31 : 0.6022"
"31,6 : 0.6022"
"6,32 : 0.4607"
"32,6 : 0.4607"
"6,33 : 0.4105"
"33,6 : 0.4105"
"6,34 : 0.6966"
"34,6 : 0.6966"
"6,35 : 0.7628"
"35,6 : 0.7628"
"6,36 : 0.41"
"36,6 : 0.41"
"6,37 : 0.41"
"37,6 : 0.41"
"6,38 : 0.5576"
"38,6 : 0.5576"
"6,39 : 0.7142"
"39,6 : 0.7142"
"6,40 : 0.6407"
"40,6 : 0.6407"
"6,41 : 0.4817"
"41,6 : 0.4817"
"6,42 : 0.397"
"42,6 : 0.397"
"6,43 : 0.608"
"43,6 : 0.608"
"6,44 : 0.1628"
"44,6 : 0.1628"
"6,45 : 0.4826"
"45,6 : 0.4826"
"6,46 : 0.9301"
"46,6 : 0.9301"
"6,47 : 0.6537"
"47,6 : 0.6537"
"6,48 : 0.3206"
"48,6 : 0.3206"
"6,49 : 0.6201"
"49,6 : 0.6201"
"6,50 : 0.5852"
"50,6 : 0.5852"
"6,51 : 0.1082"
"51,6 : 0.1082"
"6,52 : 0.525"
"52,6 : 0.525"
"6,53 : 0.7147"
"53,6 : 0.7147"
"6,54 : 0.2524"
"54,6 : 0.2524"
"6,55 : 0.5126"
"55,6 : 0.5126"
"6,56 : 0.4924"
"56,6 : 0.4924"
"6,57 : 0.586"
"57,6 : 0.586"
"6,58 : 0.5903"
"58,6 : 0.5903"
"6,59 : 0.1432"
"59,6 : 0.1432"
"6,60 : 0.4401"
"60,6 : 0.4401"
"6,61 : 0.5749"
"61,6 : 0.5749"
"6,62 : 0.1404"
"62,6 : 0.1404"
"6,63 : 0.1616"
"63,6 : 0.1616"
"6,64 : 0.1746"
"64,6 : 0.1746"
"6,65 : 0.314"
"65,6 : 0.314"
"6,66 : 0.8367"
"66,6 : 0.8367"
"6,67 : 0.4428"
"67,6 : 0.4428"
"6,68 : 0.5994"
"68,6 : 0.5994"
"6,69 : 0.01"
"69,6 : 0.01"
"6,70 : 0.5155"
"70,6 : 0.5155"
"6,71 : 0.6718"
"71,6 : 0.6718"
"6,72 : 0.272"
"72,6 : 0.272"
"6,73 : 0.2022"
"73,6 : 0.2022"
"6,74 : 0.4206"
"74,6 : 0.4206"
"6,75 : 0.5401"
"75,6 : 0.5401"
"6,76 : 0.3225"
"76,6 : 0.3225"
"6,77 : 0.9708"
"77,6 : 0.9708"
"6,78 : 0.1581"
"78,6 : 0.1581"
"6,79 : 0.3905"
"79,6 : 0.3905"
"6,80 : 0.7762"
"80,6 : 0.7762"
"6,81 : 0.4428"
"81,6 : 0.4428"
"6,82 : 0.4198"
"82,6 : 0.4198"
"6,83 : 0.3302"
"83,6 : 0.3302"
"6,84 : 0.5224"
"84,6 : 0.5224"
"6,85 : 0.632"
"85,6 : 0.632"
"6,86 : 0.7831"
"86,6 : 0.7831"
"6,87 : 0.6008"
"87,6 : 0.6008"
"6,88 : 0.3106"
"88,6 : 0.3106"
"6,89 : 0.7033"
"89,6 : 0.7033"
"6,90 : 0.7603"
"90,6 : 0.7603"
"6,91 : 0.2927"
"91,6 : 0.2927"
"6,92 : 0.3922"
"92,6 : 0.3922"
"6,93 : 0.8654"
"93,6 : 0.8654"
"6,94 : 0.8001"
"94,6 : 0.8001"
"6,95 : 0.228"
"95,6 : 0.228"
"6,96 : 0.5914"
"96,6 : 0.5914"
"6,97 : 0.4826"
"97,6 : 0.4826"
"6,98 : 0.8045"
"98,6 : 0.8045"
"6,99 : 0.2247"
"99,6 : 0.2247"
"7,8 : 0.1811"
"8,7 : 0.1811"
"7,9 : 0.586"
"9,7 : 0.586"
"7,10 : 0.4904"
"10,7 : 0.4904"
"7,11 : 0.6037"
"11,7 : 0.6037"
"7,12 : 0.4386"
"12,7 : 0.4386"
"7,13 : 0.4198"
"13,7 : 0.4198"
"7,14 : 0.3353"
"14,7 : 0.3353"
"7,15 : 0.1487"
"15,7 : 0.1487"
"7,16 : 0.6021"
"16,7 : 0.6021"
"7,17 : 0.3176"
"17,7 : 0.3176"
"7,18 : 0.8154"
"18,7 : 0.8154"
"7,19 : 0.3081"
"19,7 : 0.3081"
"7,20 : 0.6429"
"20,7 : 0.6429"
"7,21 : 0.3183"
"21,7 : 0.3183"
"7,22 : 0.8349"
"22,7 : 0.8349"
"7,23 : 0.247"
"23,7 : 0.247"
"7,24 : 0.2319"
"24,7 : 0.2319"
"7,25 : 0.6021"
"25,7 : 0.6021"
"7,26 : 0.728"
"26,7 : 0.728"
"7,27 : 0.164"
"27,7 : 0.164"
"7,28 : 0.3061"
"28,7 : 0.3061"
"7,29 : 0.1476"
"29,7 : 0.1476"
"7,30 : 0.6203"
"30,7 : 0.6203"
"7,31 : 0.8053"
"31,7 : 0.8053"
"7,32 : 0.6441"
"32,7 : 0.6441"
"7,33 : 0.4841"
"33,7 : 0.4841"
"7,34 : 0.3759"
"34,7 : 0.3759"
"7,35 : 0.9458"
"35,7 : 0.9458"
"7,36 : 0.3962"
"36,7 : 0.3962"
"7,37 : 0.7603"
"37,7 : 0.7603"
"7,38 : 0.365"
"38,7 : 0.365"
"7,39 : 0.4179"
"39,7 : 0.4179"
"7,40 : 0.3023"
"40,7 : 0.3023"
"7,41 : 0.7245"
"41,7 : 0.7245"
"7,42 : 0.1616"
"42,7 : 0.1616"
"7,43 : 0.8141"
"43,7 : 0.8141"
"7,44 : 0.24"
"44,7 : 0.24"
"7,45 : 0.5523"
"45,7 : 0.5523"
"7,46 : 0.6676"
"46,7 : 0.6676"
"7,47 : 0.4617"
"47,7 : 0.4617"
"7,48 : 0.6923"
"48,7 : 0.6923"
"7,49 : 0.8319"
"49,7 : 0.8319"
"7,50 : 0.6953"
"50,7 : 0.6953"
"7,51 : 0.4528"
"51,7 : 0.4528"
"7,52 : 0.65"
"52,7 : 0.65"
"7,53 : 0.5869"
"53,7 : 0.5869"
"7,54 : 0.153"
"54,7 : 0.153"
"7,55 : 0.1389"
"55,7 : 0.1389"
"7,56 : 0.3418"
"56,7 : 0.3418"
"7,57 : 0.4342"
"57,7 : 0.4342"
"7,58 : 0.4317"
"58,7 : 0.4317"
"7,59 : 0.286"
"59,7 : 0.286"
"7,60 : 0.4958"
"60,7 : 0.4958"
"7,61 : 0.272"
"61,7 : 0.272"
"7,62 : 0.4301"
"62,7 : 0.4301"
"7,63 : 0.494"
"63,7 : 0.494"
"7,64 : 0.5346"
"64,7 : 0.5346"
"7,65 : 0.3689"
"65,7 : 0.3689"
"7,66 : 0.9626"
"66,7 : 0.9626"
"7,67 : 0.5263"
"67,7 : 0.5263"
"7,68 : 0.4276"
"68,7 : 0.4276"
"7,69 : 0.3795"
"69,7 : 0.3795"
"7,70 : 0.4294"
"70,7 : 0.4294"
"7,71 : 0.3795"
"71,7 : 0.3795"
"7,72 : 0.4649"
"72,7 : 0.4649"
"7,73 : 0.4002"
"73,7 : 0.4002"
"7,74 : 0.7603"
"74,7 : 0.7603"
"7,75 : 0.2163"
"75,7 : 0.2163"
"7,76 : 0.2625"
"76,7 : 0.2625"
"7,77 : 0.7157"
"77,7 : 0.7157"
"7,78 : 0.2309"
"78,7 : 0.2309"
"7,79 : 0.7666"
"79,7 : 0.7666"
"7,80 : 0.5142"
"80,7 : 0.5142"
"7,81 : 0.5263"
"81,7 : 0.5263"
"7,82 : 0.7956"
"82,7 : 0.7956"
"7,83 : 0.2335"
"83,7 : 0.2335"
"7,84 : 0.2263"
"84,7 : 0.2263"
"7,85 : 0.6054"
"85,7 : 0.6054"
"7,86 : 0.7961"
"86,7 : 0.7961"
"7,87 : 0.717"
"87,7 : 0.717"
"7,88 : 0.6825"
"88,7 : 0.6825"
"7,89 : 0.5001"
"89,7 : 0.5001"
"7,90 : 0.7336"
"90,7 : 0.7336"
"7,91 : 0.1655"
"91,7 : 0.1655"
"7,92 : 0.3471"
"92,7 : 0.3471"
"7,93 : 0.9758"
"93,7 : 0.9758"
"7,94 : 0.7737"
"94,7 : 0.7737"
"7,95 : 0.5951"
"95,7 : 0.5951"
"7,96 : 0.5769"
"96,7 : 0.5769"
"7,97 : 0.7767"
"97,7 : 0.7767"
"7,98 : 0.5743"
"98,7 : 0.5743"
"7,99 : 0.1703"
"99,7 : 0.1703"
"8,9 : 0.6981"
"9,8 : 0.6981"
"8,10 : 0.4916"
"10,8 : 0.4916"
"8,11 : 0.7762"
"11,8 : 0.7762"
"8,12 : 0.6017"
"12,8 : 0.6017"
"8,13 : 0.5077"
"13,8 : 0.5077"
"8,14 : 0.3493"
"14,8 : 0.3493"
"8,15 : 0.1389"
"15,8 : 0.1389"
"8,16 : 0.6129"
"16,8 : 0.6129"
"8,17 : 0.2617"
"17,8 : 0.2617"
"8,18 : 0.9902"
"18,8 : 0.9902"
"8,19 : 0.4742"
"19,8 : 0.4742"
"8,20 : 0.7295"
"20,8 : 0.7295"
"8,21 : 0.4751"
"21,8 : 0.4751"
"8,22 : 1.0017"
"22,8 : 1.0017"
"8,23 : 0.4179"
"23,8 : 0.4179"
"8,24 : 0.413"
"24,8 : 0.413"
"8,25 : 0.7572"
"25,8 : 0.7572"
"8,26 : 0.8982"
"26,8 : 0.8982"
"8,27 : 0.136"
"27,8 : 0.136"
"8,28 : 0.4522"
"28,8 : 0.4522"
"8,29 : 0.186"
"29,8 : 0.186"
"8,30 : 0.7859"
"30,8 : 0.7859"
"8,31 : 0.9758"
"31,8 : 0.9758"
"8,32 : 0.8154"
"32,8 : 0.8154"
"8,33 : 0.645"
"33,8 : 0.645"
"8,34 : 0.35"
"34,8 : 0.35"
"8,35 : 1.1102"
"35,8 : 1.1102"
"8,36 : 0.5464"
"36,8 : 0.5464"
"8,37 : 0.94"
"37,8 : 0.94"
"8,38 : 0.4494"
"38,8 : 0.4494"
"8,39 : 0.4111"
"39,8 : 0.4111"
"8,40 : 0.2702"
"40,8 : 0.2702"
"8,41 : 0.9014"
"41,8 : 0.9014"
"8,42 : 0.2941"
"42,8 : 0.2941"
"8,43 : 0.9849"
"43,8 : 0.9849"
"8,44 : 0.4205"
"44,8 : 0.4205"
"8,45 : 0.7072"
"45,8 : 0.7072"
"8,46 : 0.6601"
"46,8 : 0.6601"
"8,47 : 0.528"
"47,8 : 0.528"
"8,48 : 0.867"
"48,8 : 0.867"
"8,49 : 1.0032"
"49,8 : 1.0032"
"8,50 : 0.8515"
"50,8 : 0.8515"
"8,51 : 0.6307"
"51,8 : 0.6307"
"8,52 : 0.8112"
"52,8 : 0.8112"
"8,53 : 0.6712"
"53,8 : 0.6712"
"8,54 : 0.3338"
"54,8 : 0.3338"
"8,55 : 0.1082"
"55,8 : 0.1082"
"8,56 : 0.4534"
"56,8 : 0.4534"
"8,57 : 0.527"
"57,8 : 0.527"
"8,58 : 0.5215"
"58,8 : 0.5215"
"8,59 : 0.4366"
"59,8 : 0.4366"
"8,60 : 0.6519"
"60,8 : 0.6519"
"8,61 : 0.2973"
"61,8 : 0.2973"
"8,62 : 0.5778"
"62,8 : 0.5778"
"8,63 : 0.6462"
"63,8 : 0.6462"
"8,64 : 0.7118"
"64,8 : 0.7118"
"8,65 : 0.5371"
"65,8 : 0.5371"
"8,66 : 1.114"
"66,8 : 1.114"
"8,67 : 0.686"
"67,8 : 0.686"
"8,68 : 0.5111"
"68,8 : 0.5111"
"8,69 : 0.5492"
"69,8 : 0.5492"
"8,70 : 0.5517"
"70,8 : 0.5517"
"8,71 : 0.3847"
"71,8 : 0.3847"
"8,72 : 0.6429"
"72,8 : 0.6429"
"8,73 : 0.5805"
"73,8 : 0.5805"
"8,74 : 0.9409"
"74,8 : 0.9409"
"8,75 : 0.1"
"75,8 : 0.1"
"8,76 : 0.4249"
"76,8 : 0.4249"
"8,77 : 0.7101"
"77,8 : 0.7101"
"8,78 : 0.41"
"78,8 : 0.41"
"8,79 : 0.9374"
"79,8 : 0.9374"
"8,80 : 0.5235"
"80,8 : 0.5235"
"8,81 : 0.686"
"81,8 : 0.686"
"8,82 : 0.9669"
"82,8 : 0.9669"
"8,83 : 0.3936"
"83,8 : 0.3936"
"8,84 : 0.1414"
"84,8 : 0.1414"
"8,85 : 0.7292"
"85,8 : 0.7292"
"8,86 : 0.921"
"86,8 : 0.921"
"8,87 : 0.8737"
"87,8 : 0.8737"
"8,88 : 0.8571"
"88,8 : 0.8571"
"8,89 : 0.5536"
"89,8 : 0.5536"
"8,90 : 0.8481"
"90,8 : 0.8481"
"8,91 : 0.2818"
"91,8 : 0.2818"
"8,92 : 0.4965"
"92,8 : 0.4965"
"8,93 : 1.1229"
"93,8 : 1.1229"
"8,94 : 0.886"
"94,8 : 0.886"
"8,95 : 0.7558"
"95,8 : 0.7558"
"8,96 : 0.7071"
"96,8 : 0.7071"
"8,97 : 0.9571"
"97,8 : 0.9571"
"8,98 : 0.6002"
"98,8 : 0.6002"
"8,99 : 0.3513"
"99,8 : 0.3513"
"9,10 : 0.3946"
"10,9 : 0.3946"
"9,11 : 0.3895"
"11,9 : 0.3895"
"9,12 : 0.7257"
"12,9 : 0.7257"
"9,13 : 0.2"
"13,9 : 0.2"
"9,14 : 0.4082"
"14,9 : 0.4082"
"9,15 : 0.5608"
"15,9 : 0.5608"
"9,16 : 0.3748"
"16,9 : 0.3748"
"9,17 : 0.9034"
"17,9 : 0.9034"
"9,18 : 0.5423"
"18,9 : 0.5423"
"9,19 : 0.35"
"19,9 : 0.35"
"9,20 : 0.1204"
"20,9 : 0.1204"
"9,21 : 0.3106"
"21,9 : 0.3106"
"9,22 : 0.9652"
"22,9 : 0.9652"
"9,23 : 0.402"
"23,9 : 0.402"
"9,24 : 0.5004"
"24,9 : 0.5004"
"9,25 : 0.2385"
"25,9 : 0.2385"
"9,26 : 0.8576"
"26,9 : 0.8576"
"9,27 : 0.7471"
"27,9 : 0.7471"
"9,28 : 0.2961"
"28,9 : 0.2961"
"9,29 : 0.5122"
"29,9 : 0.5122"
"9,30 : 0.8194"
"30,9 : 0.8194"
"9,31 : 0.4838"
"31,9 : 0.4838"
"9,32 : 0.3941"
"32,9 : 0.3941"
"9,33 : 0.2642"
"33,9 : 0.2642"
"9,34 : 0.4742"
"34,9 : 0.4742"
"9,35 : 0.5401"
"35,9 : 0.5401"
"9,36 : 0.2408"
"36,9 : 0.2408"
"9,37 : 0.7501"
"37,9 : 0.7501"
"9,38 : 0.255"
"38,9 : 0.255"
"9,39 : 0.4238"
"39,9 : 0.4238"
"9,40 : 0.5048"
"40,9 : 0.5048"
"9,41 : 0.5131"
"41,9 : 0.5131"
"9,42 : 0.4249"
"42,9 : 0.4249"
"9,43 : 0.4934"
"43,9 : 0.4934"
"9,44 : 0.5301"
"44,9 : 0.5301"
"9,45 : 0.2263"
"45,9 : 0.2263"
"9,46 : 0.4535"
"46,9 : 0.4535"
"9,47 : 0.2214"
"47,9 : 0.2214"
"9,48 : 0.7877"
"48,9 : 0.7877"
"9,49 : 0.5124"
"49,9 : 0.5124"
"9,50 : 0.2912"
"50,9 : 0.2912"
"9,51 : 0.6135"
"51,9 : 0.6135"
"9,52 : 0.3041"
"52,9 : 0.3041"
"9,53 : 0.117"
"53,9 : 0.117"
"9,54 : 0.5099"
"54,9 : 0.5099"
"9,55 : 0.5903"
"55,9 : 0.5903"
"9,56 : 0.247"
"56,9 : 0.247"
"9,57 : 0.178"
"57,9 : 0.178"
"9,58 : 0.186"
"58,9 : 0.186"
"9,59 : 0.7003"
"59,9 : 0.7003"
"9,60 : 0.2332"
"60,9 : 0.2332"
"9,61 : 0.4264"
"61,9 : 0.4264"
"9,62 : 0.7864"
"62,9 : 0.7864"
"9,63 : 0.8081"
"63,9 : 0.8081"
"9,64 : 0.6621"
"64,9 : 0.6621"
"9,65 : 0.3354"
"65,9 : 0.3354"
"9,66 : 0.4754"
"66,9 : 0.4754"
"9,67 : 0.2561"
"67,9 : 0.2561"
"9,68 : 0.2025"
"68,9 : 0.2025"
"9,69 : 0.6592"
"69,9 : 0.6592"
"9,70 : 0.1581"
"70,9 : 0.1581"
"9,71 : 0.4072"
"71,9 : 0.4072"
"9,72 : 0.4249"
"72,9 : 0.4249"
"9,73 : 0.4617"
"73,9 : 0.4617"
"9,74 : 0.7212"
"74,9 : 0.7212"
"9,75 : 0.7794"
"75,9 : 0.7794"
"9,76 : 0.3635"
"76,9 : 0.3635"
"9,77 : 0.4682"
"77,9 : 0.4682"
"9,78 : 0.5504"
"78,9 : 0.5504"
"9,79 : 0.8792"
"79,9 : 0.8792"
"9,80 : 0.3712"
"80,9 : 0.3712"
"9,81 : 0.2561"
"81,9 : 0.2561"
"9,82 : 0.8963"
"82,9 : 0.8963"
"9,83 : 0.3785"
"83,9 : 0.3785"
"9,84 : 0.8026"
"84,9 : 0.8026"
"9,85 : 0.0608"
"85,9 : 0.0608"
"9,86 : 0.228"
"86,9 : 0.228"
"9,87 : 0.3081"
"87,9 : 0.3081"
"9,88 : 0.7823"
"88,9 : 0.7823"
"9,89 : 0.2419"
"89,9 : 0.2419"
"9,90 : 0.15"
"90,9 : 0.15"
"9,91 : 0.7034"
"91,9 : 0.7034"
"9,92 : 0.2707"
"92,9 : 0.2707"
"9,93 : 0.4682"
"93,9 : 0.4682"
"9,94 : 0.1887"
"94,9 : 0.1887"
"9,95 : 0.8322"
"95,9 : 0.8322"
"9,96 : 0.086"
"96,9 : 0.086"
"9,97 : 0.6301"
"97,9 : 0.6301"
"9,98 : 0.3225"
"98,9 : 0.3225"
"9,99 : 0.5261"
"99,9 : 0.5261"
"10,11 : 0.7088"
"11,10 : 0.7088"
"10,12 : 0.845"
"12,10 : 0.845"
"10,13 : 0.2377"
"13,10 : 0.2377"
"10,14 : 0.1552"
"14,10 : 0.1552"
"10,15 : 0.3712"
"15,10 : 0.3712"
"10,16 : 0.1217"
"16,10 : 0.1217"
"10,17 : 0.7501"
"17,10 : 0.7501"
"10,18 : 0.9026"
"18,10 : 0.9026"
"10,19 : 0.486"
"19,10 : 0.486"
"10,20 : 0.3444"
"20,10 : 0.3444"
"10,21 : 0.4465"
"21,10 : 0.4465"
"10,22 : 1.1885"
"22,10 : 1.1885"
"10,23 : 0.488"
"23,10 : 0.488"
"10,24 : 0.5749"
"24,10 : 0.5749"
"10,25 : 0.5941"
"25,10 : 0.5941"
"10,26 : 1.0745"
"26,10 : 1.0745"
"10,27 : 0.6013"
"27,10 : 0.6013"
"10,28 : 0.4022"
"28,10 : 0.4022"
"10,29 : 0.3471"
"29,10 : 0.3471"
"10,30 : 0.9972"
"30,10 : 0.9972"
"10,31 : 0.8548"
"31,10 : 0.8548"
"10,32 : 0.7301"
"32,10 : 0.7301"
"10,33 : 0.5471"
"33,10 : 0.5471"
"10,34 : 0.1456"
"34,10 : 0.1456"
"10,35 : 0.9313"
"35,10 : 0.9313"
"10,36 : 0.4478"
"36,10 : 0.4478"
"10,37 : 1.0247"
"37,10 : 1.0247"
"10,38 : 0.2283"
"38,10 : 0.2283"
"10,39 : 0.0806"
"39,10 : 0.0806"
"10,40 : 0.222"
"40,10 : 0.222"
"10,41 : 0.849"
"41,10 : 0.849"
"10,42 : 0.3774"
"42,10 : 0.3774"
"10,43 : 0.8647"
"43,10 : 0.8647"
"10,44 : 0.6044"
"44,10 : 0.6044"
"10,45 : 0.559"
"45,10 : 0.559"
"10,46 : 0.1772"
"46,10 : 0.1772"
"10,47 : 0.1803"
"47,10 : 0.1803"
"10,48 : 1.0161"
"48,10 : 1.0161"
"10,49 : 0.8846"
"49,10 : 0.8846"
"10,50 : 0.6703"
"50,10 : 0.6703"
"10,51 : 0.7864"
"51,10 : 0.7864"
"10,52 : 0.6648"
"52,10 : 0.6648"
"10,53 : 0.2973"
"53,10 : 0.2973"
"10,54 : 0.527"
"54,10 : 0.527"
"10,55 : 0.4005"
"55,10 : 0.4005"
"10,56 : 0.3002"
"56,10 : 0.3002"
"10,57 : 0.255"
"57,10 : 0.255"
"10,58 : 0.2452"
"58,10 : 0.2452"
"10,59 : 0.7393"
"59,10 : 0.7393"
"10,60 : 0.5289"
"60,10 : 0.5289"
"10,61 : 0.2184"
"61,10 : 0.2184"
"10,62 : 0.8709"
"62,10 : 0.8709"
"10,63 : 0.9201"
"63,10 : 0.9201"
"10,64 : 0.8605"
"64,10 : 0.8605"
"10,65 : 0.5248"
"65,10 : 0.5248"
"10,66 : 0.8688"
"66,10 : 0.8688"
"10,67 : 0.5675"
"67,10 : 0.5675"
"10,68 : 0.2256"
"68,10 : 0.2256"
"10,69 : 0.7734"
"69,10 : 0.7734"
"10,70 : 0.3517"
"70,10 : 0.3517"
"10,71 : 0.1118"
"71,10 : 0.1118"
"10,72 : 0.6624"
"72,10 : 0.6624"
"10,73 : 0.6522"
"73,10 : 0.6522"
"10,74 : 1.0062"
"74,10 : 1.0062"
"10,75 : 0.5914"
"75,10 : 0.5914"
"10,76 : 0.4534"
"76,10 : 0.4534"
"10,77 : 0.2256"
"77,10 : 0.2256"
"10,78 : 0.614"
"78,10 : 0.614"
"10,79 : 1.106"
"79,10 : 1.106"
"10,80 : 0.0361"
"80,10 : 0.0361"
"10,81 : 0.5675"
"81,10 : 0.5675"
"10,82 : 1.13"
"82,10 : 1.13"
"10,83 : 0.4384"
"83,10 : 0.4384"
"10,84 : 0.6303"
"84,10 : 0.6303"
"10,85 : 0.4528"
"85,10 : 0.4528"
"10,86 : 0.6041"
"86,10 : 0.6041"
"10,87 : 0.6901"
"87,10 : 0.6901"
"10,88 : 1.008"
"88,10 : 1.008"
"10,89 : 0.153"
"89,10 : 0.153"
"10,90 : 0.5126"
"90,10 : 0.5126"
"10,91 : 0.6546"
"91,10 : 0.6546"
"10,92 : 0.4254"
"92,10 : 0.4254"
"10,93 : 0.8587"
"93,10 : 0.8587"
"10,94 : 0.5371"
"94,10 : 0.5371"
"10,95 : 0.9904"
"95,10 : 0.9904"
"10,96 : 0.4601"
"96,10 : 0.4601"
"10,97 : 0.9519"
"97,10 : 0.9519"
"10,98 : 0.1221"
"98,10 : 0.1221"
"10,99 : 0.5547"
"99,10 : 0.5547"
"11,12 : 0.4713"
"12,11 : 0.4713"
"11,13 : 0.4713"
"13,11 : 0.4713"
"11,14 : 0.642"
"14,11 : 0.642"
"11,15 : 0.6719"
"15,11 : 0.6719"
"11,16 : 0.7335"
"16,11 : 0.7335"
"11,17 : 0.8824"
"17,11 : 0.8824"
"11,18 : 0.2159"
"18,11 : 0.2159"
"11,19 : 0.3036"
"19,11 : 0.3036"
"11,20 : 0.5093"
"20,11 : 0.5093"
"11,21 : 0.314"
"21,11 : 0.314"
"11,22 : 0.5951"
"22,11 : 0.5951"
"11,23 : 0.3585"
"23,11 : 0.3585"
"11,24 : 0.392"
"24,11 : 0.392"
"11,25 : 0.1581"
"25,11 : 0.1581"
"11,26 : 0.4965"
"26,11 : 0.4965"
"11,27 : 0.7547"
"27,11 : 0.7547"
"11,28 : 0.3513"
"28,11 : 0.3513"
"11,29 : 0.6259"
"29,11 : 0.6259"
"11,30 : 0.4916"
"30,11 : 0.4916"
"11,31 : 0.2025"
"31,11 : 0.2025"
"11,32 : 0.0424"
"32,11 : 0.0424"
"11,33 : 0.1628"
"33,11 : 0.1628"
"11,34 : 0.7225"
"34,11 : 0.7225"
"11,35 : 0.3536"
"35,11 : 0.3536"
"11,36 : 0.2707"
"36,11 : 0.2707"
"11,37 : 0.364"
"37,11 : 0.364"
"11,38 : 0.4884"
"38,11 : 0.4884"
"11,39 : 0.7004"
"39,11 : 0.7004"
"11,40 : 0.7103"
"40,11 : 0.7103"
"11,41 : 0.1414"
"41,11 : 0.1414"
"11,42 : 0.4948"
"42,11 : 0.4948"
"11,43 : 0.211"
"43,11 : 0.211"
"11,44 : 0.4036"
"44,11 : 0.4036"
"11,45 : 0.164"
"45,11 : 0.164"
"11,46 : 0.8184"
"46,11 : 0.8184"
"11,47 : 0.5349"
"47,11 : 0.5349"
"11,48 : 0.4238"
"48,11 : 0.4238"
"11,49 : 0.2283"
"49,11 : 0.2283"
"11,50 : 0.1803"
"50,11 : 0.1803"
"11,51 : 0.3324"
"51,11 : 0.3324"
"11,52 : 0.1217"
"52,11 : 0.1217"
"11,53 : 0.5"
"53,11 : 0.5"
"11,54 : 0.4579"
"54,11 : 0.4579"
"11,55 : 0.6896"
"55,11 : 0.6896"
"11,56 : 0.423"
"56,11 : 0.423"
"11,57 : 0.4554"
"57,11 : 0.4554"
"11,58 : 0.4649"
"58,11 : 0.4649"
"11,59 : 0.5382"
"59,11 : 0.5382"
"11,60 : 0.1803"
"60,11 : 0.1803"
"11,61 : 0.6201"
"61,11 : 0.6201"
"11,62 : 0.5536"
"62,11 : 0.5536"
"11,63 : 0.5434"
"63,11 : 0.5434"
"11,64 : 0.3401"
"64,11 : 0.3401"
"11,65 : 0.2404"
"65,11 : 0.2404"
"11,66 : 0.4163"
"66,11 : 0.4163"
"11,67 : 0.1432"
"67,11 : 0.1432"
"11,68 : 0.4838"
"68,11 : 0.4838"
"11,69 : 0.4295"
"69,11 : 0.4295"
"11,70 : 0.3574"
"70,11 : 0.3574"
"11,71 : 0.6661"
"71,11 : 0.6661"
"11,72 : 0.1562"
"72,11 : 0.1562"
"11,73 : 0.2343"
"73,11 : 0.2343"
"11,74 : 0.333"
"74,11 : 0.333"
"11,75 : 0.8188"
"75,11 : 0.8188"
"11,76 : 0.3544"
"76,11 : 0.3544"
"11,77 : 0.8422"
"77,11 : 0.8422"
"11,78 : 0.4245"
"78,11 : 0.4245"
"11,79 : 0.5108"
"79,11 : 0.5108"
"11,80 : 0.6989"
"80,11 : 0.6989"
"11,81 : 0.1432"
"81,11 : 0.1432"
"11,82 : 0.5233"
"82,11 : 0.5233"
"11,83 : 0.386"
"83,11 : 0.386"
"11,84 : 0.8215"
"84,11 : 0.8215"
"11,85 : 0.3397"
"85,11 : 0.3397"
"11,86 : 0.4148"
"86,11 : 0.4148"
"11,87 : 0.1903"
"87,11 : 0.1903"
"11,88 : 0.4206"
"88,11 : 0.4206"
"11,89 : 0.5778"
"89,11 : 0.5778"
"11,90 : 0.4294"
"90,11 : 0.4294"
"11,91 : 0.6303"
"91,11 : 0.6303"
"11,92 : 0.3102"
"92,11 : 0.3102"
"11,93 : 0.446"
"93,11 : 0.446"
"11,94 : 0.461"
"94,11 : 0.461"
"11,95 : 0.52"
"95,11 : 0.52"
"11,96 : 0.3041"
"96,11 : 0.3041"
"11,97 : 0.246"
"97,11 : 0.246"
"11,98 : 0.6798"
"98,11 : 0.6798"
"11,99 : 0.4522"
"99,11 : 0.4522"
"12,13 : 0.6665"
"13,12 : 0.6665"
"12,14 : 0.7071"
"14,12 : 0.7071"
"12,15 : 0.5818"
"15,12 : 0.5818"
"12,16 : 0.9291"
"16,12 : 0.9291"
"12,17 : 0.559"
"17,12 : 0.559"
"12,18 : 0.6103"
"18,12 : 0.6103"
"12,19 : 0.39"
"19,12 : 0.39"
"12,20 : 0.8324"
"20,12 : 0.8324"
"12,21 : 0.4346"
"21,12 : 0.4346"
"12,22 : 0.4002"
"22,12 : 0.4002"
"12,23 : 0.3636"
"23,12 : 0.3636"
"12,24 : 0.2702"
"24,12 : 0.2702"
"12,25 : 0.5822"
"25,12 : 0.5822"
"12,26 : 0.3007"
"26,12 : 0.3007"
"12,27 : 0.5025"
"27,12 : 0.5025"
"12,28 : 0.4696"
"28,12 : 0.4696"
"12,29 : 0.563"
"29,12 : 0.563"
"12,30 : 0.1844"
"30,12 : 0.1844"
"12,31 : 0.6401"
"31,12 : 0.6401"
"12,32 : 0.5092"
"32,12 : 0.5092"
"12,33 : 0.4804"
"33,12 : 0.4804"
"12,34 : 0.7723"
"34,12 : 0.7723"
"12,35 : 0.8013"
"35,12 : 0.8013"
"12,36 : 0.4876"
"36,12 : 0.4876"
"12,37 : 0.394"
"37,12 : 0.394"
"12,38 : 0.6381"
"38,12 : 0.6381"
"12,39 : 0.7921"
"39,12 : 0.7921"
"12,40 : 0.714"
"40,12 : 0.714"
"12,41 : 0.5131"
"41,12 : 0.5131"
"12,42 : 0.4738"
"42,12 : 0.4738"
"12,43 : 0.645"
"43,12 : 0.645"
"12,44 : 0.2408"
"44,12 : 0.2408"
"12,45 : 0.5501"
"45,12 : 0.5501"
"12,46 : 1.0102"
"46,12 : 1.0102"
"12,47 : 0.7343"
"47,12 : 0.7343"
"12,48 : 0.2844"
"48,12 : 0.2844"
"12,49 : 0.6551"
"49,12 : 0.6551"
"12,50 : 0.6433"
"50,12 : 0.6433"
"12,51 : 0.1393"
"51,12 : 0.1393"
"12,52 : 0.5825"
"52,12 : 0.5825"
"12,53 : 0.7938"
"53,12 : 0.7938"
"12,54 : 0.3265"
"54,12 : 0.3265"
"12,55 : 0.577"
"55,12 : 0.577"
"12,56 : 0.5731"
"56,12 : 0.5731"
"12,57 : 0.6664"
"57,12 : 0.6664"
"12,58 : 0.6708"
"58,12 : 0.6708"
"12,59 : 0.1703"
"59,12 : 0.1703"
"12,60 : 0.5109"
"60,12 : 0.5109"
"12,61 : 0.6512"
"61,12 : 0.6512"
"12,62 : 0.086"
"62,12 : 0.086"
"12,63 : 0.0825"
"63,12 : 0.0825"
"12,64 : 0.1703"
"64,12 : 0.1703"
"12,65 : 0.3905"
"65,12 : 0.3905"
"12,66 : 0.886"
"66,12 : 0.886"
"12,67 : 0.5101"
"67,12 : 0.5101"
"12,68 : 0.68"
"68,12 : 0.68"
"12,69 : 0.0721"
"69,12 : 0.0721"
"12,70 : 0.5946"
"70,12 : 0.5946"
"12,71 : 0.7497"
"71,12 : 0.7497"
"12,72 : 0.3324"
"72,12 : 0.3324"
"12,73 : 0.2702"
"73,12 : 0.2702"
"12,74 : 0.4118"
"74,12 : 0.4118"
"12,75 : 0.5831"
"75,12 : 0.5831"
"12,76 : 0.4031"
"76,12 : 0.4031"
"12,77 : 1.0512"
"77,12 : 1.0512"
"12,78 : 0.2335"
"78,12 : 0.2335"
"12,79 : 0.3406"
"79,12 : 0.3406"
"12,80 : 0.856"
"80,12 : 0.856"
"12,81 : 0.5101"
"81,12 : 0.5101"
"12,82 : 0.3705"
"82,12 : 0.3705"
"12,83 : 0.4105"
"83,12 : 0.4105"
"12,84 : 0.5604"
"84,12 : 0.5604"
"12,85 : 0.7058"
"85,12 : 0.7058"
"12,86 : 0.8505"
"86,12 : 0.8505"
"12,87 : 0.6573"
"87,12 : 0.6573"
"12,88 : 0.2746"
"88,12 : 0.2746"
"12,89 : 0.7839"
"89,12 : 0.7839"
"12,90 : 0.8322"
"90,12 : 0.8322"
"12,91 : 0.3314"
"91,12 : 0.3314"
"12,92 : 0.4717"
"92,12 : 0.4717"
"12,93 : 0.9171"
"93,12 : 0.9171"
"12,94 : 0.8714"
"94,12 : 0.8714"
"12,95 : 0.1565"
"95,12 : 0.1565"
"12,96 : 0.6648"
"96,12 : 0.6648"
"12,97 : 0.4952"
"97,12 : 0.4952"
"12,98 : 0.8851"
"98,12 : 0.8851"
"12,99 : 0.2983"
"99,12 : 0.2983"
"13,14 : 0.2102"
"14,13 : 0.2102"
"13,15 : 0.3689"
"15,13 : 0.3689"
"13,16 : 0.2766"
"16,13 : 0.2766"
"13,17 : 0.7305"
"17,13 : 0.7305"
"13,18 : 0.6661"
"18,13 : 0.6661"
"13,19 : 0.2802"
"19,13 : 0.2802"
"13,20 : 0.2247"
"20,13 : 0.2247"
"13,21 : 0.236"
"21,13 : 0.236"
"13,22 : 0.9759"
"22,13 : 0.9759"
