x,y
0.14,0.31
0.64,0.42
0.8,0.22
0.11,0.02
0.79,0.76
0.14,0.61
0.64,0.64
0.48,0.9
0.94,0.29
0.59,0.05
0.95,0.08
0.76,0.73
0.27,0.38
0.61,0.77
0.94,0.6
0.82,0.09
0.6,0.3
0.18,0.27
0.9,0.55
0.73,0.65
0.49,0.23
0.53,0.07
0.27,0.88
0.39,0.69
0.72,0.94
0.98,0.04
0.02,0.08
0.37,0.35
0.59,0.12
0.82,0.06
0.02,0.28
0.32,0.72
0.93,0.86
0.98,0.09
0.03,0.61
0.61,0.14
0.81,0.23
0.12,0.58
0.34,0.78
1.0,0.7
0.77,0.86
0.07,0.71
0.88,0.7
0.85,0.23
0.52,0.28
0.32,0.63
0.23,0.6
0.75,0.9
0.52,0.55
0.85,0.93
0.46,0.63
0.94,0.17
0.97,0.96
0.92,0.44
0.8,0.11
0.12,0.59
0.58,0.73
0.45,0.39
0.61,0.42
0.98,0.25
0.3,0.95
0.02,0.42
0.35,0.03
0.11,0.85
0.73,0.7
0.97,0.17
0.93,0.3
0.21,0.96
0.22,0.09
0.31,0.03
0.23,0.84
0.54,0.26
0.11,0.64
0.06,0.82
0.04,0.45
0.64,0.52
0.26,0.74
0.96,0.4
0.38,0.12
0.26,0.17
0.86,0.31
0.6,0.17
0.75,0.59
0.2,0.89
0.41,0.06
0.7,0.83
0.46,0.28
0.24,0.1
0.81,0.14
0.23,0.26
0.24,0.98
0.05,0.19
0.18,0.15
0.05,0.86
0.17,0.97
0.44,0.99
0.65,0.11
0.62,0.24
0.55,0.75
0.79,0.16

Distanze
"0,1 : 0.512"
"1,0 : 0.512"
"0,2 : 0.6661"
"2,0 : 0.6661"
"0,3 : 0.2915"
"3,0 : 0.2915"
"0,4 : 0.7906"
"4,0 : 0.7906"
"0,5 : 0.3"
"5,0 : 0.3"
"0,6 : 0.5991"
"6,0 : 0.5991"
"0,7 : 0.681"
"7,0 : 0.681"
"0,8 : 0.8002"
"8,0 : 0.8002"
"0,9 : 0.5197"
"9,0 : 0.5197"
"0,10 : 0.842"
"10,0 : 0.842"
"0,11 : 0.7489"
"11,0 : 0.7489"
"0,12 : 0.1476"
"12,0 : 0.1476"
"0,13 : 0.6576"
"13,0 : 0.6576"
"0,14 : 0.8509"
"14,0 : 0.8509"
"0,15 : 0.7147"
"15,0 : 0.7147"
"0,16 : 0.4601"
"16,0 : 0.4601"
"0,17 : 0.0566"
"17,0 : 0.0566"
"0,18 : 0.797"
"18,0 : 0.797"
"0,19 : 0.681"
"19,0 : 0.681"
"0,20 : 0.359"
"20,0 : 0.359"
"0,21 : 0.4579"
"21,0 : 0.4579"
"0,22 : 0.5846"
"22,0 : 0.5846"
"0,23 : 0.4549"
"23,0 : 0.4549"
"0,24 : 0.8563"
"24,0 : 0.8563"
"0,25 : 0.8823"
"25,0 : 0.8823"
"0,26 : 0.2594"
"26,0 : 0.2594"
"0,27 : 0.2335"
"27,0 : 0.2335"
"0,28 : 0.4885"
"28,0 : 0.4885"
"0,29 : 0.7245"
"29,0 : 0.7245"
"0,30 : 0.1237"
"30,0 : 0.1237"
"0,31 : 0.4478"
"31,0 : 0.4478"
"0,32 : 0.9626"
"32,0 : 0.9626"
"0,33 : 0.8683"
"33,0 : 0.8683"
"0,34 : 0.3195"
"34,0 : 0.3195"
"0,35 : 0.4998"
"35,0 : 0.4998"
"0,36 : 0.6748"
"36,0 : 0.6748"
"0,37 : 0.2707"
"37,0 : 0.2707"
"0,38 : 0.5108"
"38,0 : 0.5108"
"0,39 : 0.9443"
"39,0 : 0.9443"
"0,40 : 0.8363"
"40,0 : 0.8363"
"0,41 : 0.4061"
"41,0 : 0.4061"
"0,42 : 0.8365"
"42,0 : 0.8365"
"0,43 : 0.7145"
"43,0 : 0.7145"
"0,44 : 0.3812"
"44,0 : 0.3812"
"0,45 : 0.3672"
"45,0 : 0.3672"
"0,46 : 0.3036"
"46,0 : 0.3036"
"0,47 : 0.8486"
"47,0 : 0.8486"
"0,48 : 0.4494"
"48,0 : 0.4494"
"0,49 : 0.9426"
"49,0 : 0.9426"
"0,50 : 0.4525"
"50,0 : 0.4525"
"0,51 : 0.8122"
"51,0 : 0.8122"
"0,52 : 1.0542"
"52,0 : 1.0542"
"0,53 : 0.7908"
"53,0 : 0.7908"
"0,54 : 0.6896"
"54,0 : 0.6896"
"0,55 : 0.2807"
"55,0 : 0.2807"
"0,56 : 0.6083"
"56,0 : 0.6083"
"0,57 : 0.3202"
"57,0 : 0.3202"
"0,58 : 0.4827"
"58,0 : 0.4827"
"0,59 : 0.8421"
"59,0 : 0.8421"
"0,60 : 0.6597"
"60,0 : 0.6597"
"0,61 : 0.1628"
"61,0 : 0.1628"
"0,62 : 0.35"
"62,0 : 0.35"
"0,63 : 0.5408"
"63,0 : 0.5408"
"0,64 : 0.7072"
"64,0 : 0.7072"
"0,65 : 0.8417"
"65,0 : 0.8417"
"0,66 : 0.7901"
"66,0 : 0.7901"
"0,67 : 0.6538"
"67,0 : 0.6538"
"0,68 : 0.2341"
"68,0 : 0.2341"
"0,69 : 0.3276"
"69,0 : 0.3276"
"0,70 : 0.5376"
"70,0 : 0.5376"
"0,71 : 0.4031"
"71,0 : 0.4031"
"0,72 : 0.3314"
"72,0 : 0.3314"
"0,73 : 0.5162"
"73,0 : 0.5162"
"0,74 : 0.172"
"74,0 : 0.172"
"0,75 : 0.5423"
"75,0 : 0.5423"
"0,76 : 0.4464"
"76,0 : 0.4464"
"0,77 : 0.8249"
"77,0 : 0.8249"
"0,78 : 0.3061"
"78,0 : 0.3061"
"0,79 : 0.1844"
"79,0 : 0.1844"
"0,80 : 0.72"
"80,0 : 0.72"
"0,81 : 0.4808"
"81,0 : 0.4808"
"0,82 : 0.6712"
"82,0 : 0.6712"
"0,83 : 0.5831"
"83,0 : 0.5831"
"0,84 : 0.368"
"84,0 : 0.368"
"0,85 : 0.7642"
"85,0 : 0.7642"
"0,86 : 0.3214"
"86,0 : 0.3214"
"0,87 : 0.2326"
"87,0 : 0.2326"
"0,88 : 0.6912"
"88,0 : 0.6912"
"0,89 : 0.103"
"89,0 : 0.103"
"0,90 : 0.6774"
"90,0 : 0.6774"
"0,91 : 0.15"
"91,0 : 0.15"
"0,92 : 0.1649"
"92,0 : 0.1649"
"0,93 : 0.5573"
"93,0 : 0.5573"
"0,94 : 0.6607"
"94,0 : 0.6607"
"0,95 : 0.7432"
"95,0 : 0.7432"
"0,96 : 0.5478"
"96,0 : 0.5478"
"0,97 : 0.4851"
"97,0 : 0.4851"
"0,98 : 0.6014"
"98,0 : 0.6014"
"0,99 : 0.6671"
"99,0 : 0.6671"
"1,2 : 0.2561"
"2,1 : 0.2561"
"1,3 : 0.664"
"3,1 : 0.664"
"1,4 : 0.3716"
"4,1 : 0.3716"
"1,5 : 0.5349"
"5,1 : 0.5349"
"1,6 : 0.22"
"6,1 : 0.22"
"1,7 : 0.506"
"7,1 : 0.506"
"1,8 : 0.327"
"8,1 : 0.327"
"1,9 : 0.3734"
"9,1 : 0.3734"
"1,10 : 0.4601"
"10,1 : 0.4601"
"1,11 : 0.3324"
"11,1 : 0.3324"
"1,12 : 0.3722"
"12,1 : 0.3722"
"1,13 : 0.3513"
"13,1 : 0.3513"
"1,14 : 0.3499"
"14,1 : 0.3499"
"1,15 : 0.3759"
"15,1 : 0.3759"
"1,16 : 0.1265"
"16,1 : 0.1265"
"1,17 : 0.4838"
"17,1 : 0.4838"
"1,18 : 0.2907"
"18,1 : 0.2907"
"1,19 : 0.247"
"19,1 : 0.247"
"1,20 : 0.2421"
"20,1 : 0.2421"
"1,21 : 0.3669"
"21,1 : 0.3669"
"1,22 : 0.5903"
"22,1 : 0.5903"
"1,23 : 0.368"
"23,1 : 0.368"
"1,24 : 0.5261"
"24,1 : 0.5261"
"1,25 : 0.5099"
"25,1 : 0.5099"
"1,26 : 0.7071"
"26,1 : 0.7071"
"1,27 : 0.2789"
"27,1 : 0.2789"
"1,28 : 0.3041"
"28,1 : 0.3041"
"1,29 : 0.4025"
"29,1 : 0.4025"
"1,30 : 0.6356"
"30,1 : 0.6356"
"1,31 : 0.4386"
"31,1 : 0.4386"
"1,32 : 0.527"
"32,1 : 0.527"
"1,33 : 0.4738"
"33,1 : 0.4738"
"1,34 : 0.6389"
"34,1 : 0.6389"
"1,35 : 0.2816"
"35,1 : 0.2816"
"1,36 : 0.255"
"36,1 : 0.255"
"1,37 : 0.5441"
"37,1 : 0.5441"
"1,38 : 0.4686"
"38,1 : 0.4686"
"1,39 : 0.4561"
"39,1 : 0.4561"
"1,40 : 0.4588"
"40,1 : 0.4588"
"1,41 : 0.6395"
"41,1 : 0.6395"
"1,42 : 0.3688"
"42,1 : 0.3688"
"1,43 : 0.2832"
"43,1 : 0.2832"
"1,44 : 0.1844"
"44,1 : 0.1844"
"1,45 : 0.3828"
"45,1 : 0.3828"
"1,46 : 0.4478"
"46,1 : 0.4478"
"1,47 : 0.4924"
"47,1 : 0.4924"
"1,48 : 0.1769"
"48,1 : 0.1769"
"1,49 : 0.5515"
"49,1 : 0.5515"
"1,50 : 0.2766"
"50,1 : 0.2766"
"1,51 : 0.3905"
"51,1 : 0.3905"
"1,52 : 0.6329"
"52,1 : 0.6329"
"1,53 : 0.2807"
"53,1 : 0.2807"
"1,54 : 0.3489"
"54,1 : 0.3489"
"1,55 : 0.5471"
"55,1 : 0.5471"
"1,56 : 0.3158"
"56,1 : 0.3158"
"1,57 : 0.1924"
"57,1 : 0.1924"
"1,58 : 0.03"
"58,1 : 0.03"
"1,59 : 0.3801"
"59,1 : 0.3801"
"1,60 : 0.6297"
"60,1 : 0.6297"
"1,61 : 0.62"
"61,1 : 0.62"
"1,62 : 0.486"
"62,1 : 0.486"
"1,63 : 0.6825"
"63,1 : 0.6825"
"1,64 : 0.2941"
"64,1 : 0.2941"
"1,65 : 0.414"
"65,1 : 0.414"
"1,66 : 0.3138"
"66,1 : 0.3138"
"1,67 : 0.6903"
"67,1 : 0.6903"
"1,68 : 0.5341"
"68,1 : 0.5341"
"1,69 : 0.5109"
"69,1 : 0.5109"
"1,70 : 0.5869"
"70,1 : 0.5869"
"1,71 : 0.1887"
"71,1 : 0.1887"
"1,72 : 0.5738"
"72,1 : 0.5738"
"1,73 : 0.7046"
"73,1 : 0.7046"
"1,74 : 0.6007"
"74,1 : 0.6007"
"1,75 : 0.1"
"75,1 : 0.1"
"1,76 : 0.4968"
"76,1 : 0.4968"
"1,77 : 0.3206"
"77,1 : 0.3206"
"1,78 : 0.397"
"78,1 : 0.397"
"1,79 : 0.4549"
"79,1 : 0.4549"
"1,80 : 0.246"
"80,1 : 0.246"
"1,81 : 0.2532"
"81,1 : 0.2532"
"1,82 : 0.2025"
"82,1 : 0.2025"
"1,83 : 0.6438"
"83,1 : 0.6438"
"1,84 : 0.4272"
"84,1 : 0.4272"
"1,85 : 0.4144"
"85,1 : 0.4144"
"1,86 : 0.228"
"86,1 : 0.228"
"1,87 : 0.5122"
"87,1 : 0.5122"
"1,88 : 0.3276"
"88,1 : 0.3276"
"1,89 : 0.4401"
"89,1 : 0.4401"
"1,90 : 0.6882"
"90,1 : 0.6882"
"1,91 : 0.6332"
"91,1 : 0.6332"
"1,92 : 0.5334"
"92,1 : 0.5334"
"1,93 : 0.736"
"93,1 : 0.736"
"1,94 : 0.7235"
"94,1 : 0.7235"
"1,95 : 0.6041"
"95,1 : 0.6041"
"1,96 : 0.3102"
"96,1 : 0.3102"
"1,97 : 0.1811"
"97,1 : 0.1811"
"1,98 : 0.3421"
"98,1 : 0.3421"
"1,99 : 0.3002"
"99,1 : 0.3002"
"2,3 : 0.7184"
"3,2 : 0.7184"
"2,4 : 0.5401"
"4,2 : 0.5401"
"2,5 : 0.7666"
"5,2 : 0.7666"
"2,6 : 0.4494"
"6,2 : 0.4494"
"2,7 : 0.7515"
"7,2 : 0.7515"
"2,8 : 0.1565"
"8,2 : 0.1565"
"2,9 : 0.2702"
"9,2 : 0.2702"
"2,10 : 0.2052"
"10,2 : 0.2052"
"2,11 : 0.5116"
"11,2 : 0.5116"
"2,12 : 0.5536"
"12,2 : 0.5536"
"2,13 : 0.5819"
"13,2 : 0.5819"
"2,14 : 0.405"
"14,2 : 0.405"
"2,15 : 0.1315"
"15,2 : 0.1315"
"2,16 : 0.2154"
"16,2 : 0.2154"
"2,17 : 0.622"
"17,2 : 0.622"
"2,18 : 0.3448"
"18,2 : 0.3448"
"2,19 : 0.4357"
"19,2 : 0.4357"
"2,20 : 0.3102"
"20,2 : 0.3102"
"2,21 : 0.3089"
"21,2 : 0.3089"
"2,22 : 0.8465"
"22,2 : 0.8465"
"2,23 : 0.6237"
"23,2 : 0.6237"
"2,24 : 0.7244"
"24,2 : 0.7244"
"2,25 : 0.2546"
"25,2 : 0.2546"
"2,26 : 0.7925"
"26,2 : 0.7925"
"2,27 : 0.4492"
"27,2 : 0.4492"
"2,28 : 0.2326"
"28,2 : 0.2326"
"2,29 : 0.1612"
"29,2 : 0.1612"
"2,30 : 0.7823"
"30,2 : 0.7823"
"2,31 : 0.6931"
"31,2 : 0.6931"
"2,32 : 0.6531"
"32,2 : 0.6531"
"2,33 : 0.222"
"33,2 : 0.222"
"2,34 : 0.8631"
"34,2 : 0.8631"
"2,35 : 0.2062"
"35,2 : 0.2062"
"2,36 : 0.0141"
"36,2 : 0.0141"
"2,37 : 0.7694"
"37,2 : 0.7694"
"2,38 : 0.7247"
"38,2 : 0.7247"
"2,39 : 0.52"
"39,2 : 0.52"
"2,40 : 0.6407"
"40,2 : 0.6407"
"2,41 : 0.8792"
"41,2 : 0.8792"
"2,42 : 0.4866"
"42,2 : 0.4866"
"2,43 : 0.051"
"43,2 : 0.051"
"2,44 : 0.2864"
"44,2 : 0.2864"
"2,45 : 0.6313"
"45,2 : 0.6313"
"2,46 : 0.6851"
"46,2 : 0.6851"
"2,47 : 0.6818"
"47,2 : 0.6818"
"2,48 : 0.4328"
"48,2 : 0.4328"
"2,49 : 0.7118"
"49,2 : 0.7118"
"2,50 : 0.5326"
"50,2 : 0.5326"
"2,51 : 0.1487"
"51,2 : 0.1487"
"2,52 : 0.7593"
"52,2 : 0.7593"
"2,53 : 0.2506"
"53,2 : 0.2506"
"2,54 : 0.11"
"54,2 : 0.11"
"2,55 : 0.7741"
"55,2 : 0.7741"
"2,56 : 0.5554"
"56,2 : 0.5554"
"2,57 : 0.3891"
"57,2 : 0.3891"
"2,58 : 0.2759"
"58,2 : 0.2759"
"2,59 : 0.1825"
"59,2 : 0.1825"
"2,60 : 0.8848"
"60,2 : 0.8848"
"2,61 : 0.8052"
"61,2 : 0.8052"
"2,62 : 0.4885"
"62,2 : 0.4885"
"2,63 : 0.9343"
"63,2 : 0.9343"
"2,64 : 0.4851"
"64,2 : 0.4851"
"2,65 : 0.1772"
"65,2 : 0.1772"
"2,66 : 0.1526"
"66,2 : 0.1526"
"2,67 : 0.9464"
"67,2 : 0.9464"
"2,68 : 0.5944"
"68,2 : 0.5944"
"2,69 : 0.5255"
"69,2 : 0.5255"
"2,70 : 0.8422"
"70,2 : 0.8422"
"2,71 : 0.2631"
"71,2 : 0.2631"
"2,72 : 0.8078"
"72,2 : 0.8078"
"2,73 : 0.9527"
"73,2 : 0.9527"
"2,74 : 0.794"
"74,2 : 0.794"
"2,75 : 0.34"
"75,2 : 0.34"
"2,76 : 0.7497"
"76,2 : 0.7497"
"2,77 : 0.2408"
"77,2 : 0.2408"
"2,78 : 0.4317"
"78,2 : 0.4317"
"2,79 : 0.5423"
"79,2 : 0.5423"
"2,80 : 0.1082"
"80,2 : 0.1082"
"2,81 : 0.2062"
"81,2 : 0.2062"
"2,82 : 0.3734"
"82,2 : 0.3734"
"2,83 : 0.8994"
"83,2 : 0.8994"
"2,84 : 0.4215"
"84,2 : 0.4215"
"2,85 : 0.6181"
"85,2 : 0.6181"
"2,86 : 0.3453"
"86,2 : 0.3453"
"2,87 : 0.5727"
"87,2 : 0.5727"
"2,88 : 0.0806"
"88,2 : 0.0806"
"2,89 : 0.5714"
"89,2 : 0.5714"
"2,90 : 0.944"
"90,2 : 0.944"
"2,91 : 0.7506"
"91,2 : 0.7506"
"2,92 : 0.6239"
"92,2 : 0.6239"
"2,93 : 0.986"
"93,2 : 0.986"
"2,94 : 0.9795"
"94,2 : 0.9795"
"2,95 : 0.85"
"95,2 : 0.85"
"2,96 : 0.186"
"96,2 : 0.186"
"2,97 : 0.1811"
"97,2 : 0.1811"
"2,98 : 0.586"
"98,2 : 0.586"
"2,99 : 0.0608"
"99,2 : 0.0608"
"3,4 : 1.005"
"4,3 : 1.005"
"3,5 : 0.5908"
"5,3 : 0.5908"
"3,6 : 0.8157"
"6,3 : 0.8157"
"3,7 : 0.9546"
"7,3 : 0.9546"
"3,8 : 0.8728"
"8,3 : 0.8728"
"3,9 : 0.4809"
"9,3 : 0.4809"
"3,10 : 0.8421"
"10,3 : 0.8421"
"3,11 : 0.9626"
"11,3 : 0.9626"
"3,12 : 0.394"
"12,3 : 0.394"
"3,13 : 0.9014"
"13,3 : 0.9014"
"3,14 : 1.0126"
"14,3 : 1.0126"
"3,15 : 0.7134"
"15,3 : 0.7134"
"3,16 : 0.5644"
"16,3 : 0.5644"
"3,17 : 0.2596"
"17,3 : 0.2596"
"3,18 : 0.9513"
"18,3 : 0.9513"
"3,19 : 0.8839"
"19,3 : 0.8839"
"3,20 : 0.4342"
"20,3 : 0.4342"
"3,21 : 0.423"
"21,3 : 0.423"
"3,22 : 0.8748"
"22,3 : 0.8748"
"3,23 : 0.7262"
"23,3 : 0.7262"
"3,24 : 1.1039"
"24,3 : 1.1039"
"3,25 : 0.8702"
"25,3 : 0.8702"
"3,26 : 0.1082"
"26,3 : 0.1082"
"3,27 : 0.4201"
"27,3 : 0.4201"
"3,28 : 0.4903"
"28,3 : 0.4903"
"3,29 : 0.7111"
"29,3 : 0.7111"
"3,30 : 0.2751"
"30,3 : 0.2751"
"3,31 : 0.7308"
"31,3 : 0.7308"
"3,32 : 1.1739"
"32,3 : 1.1739"
"3,33 : 0.8728"
"33,3 : 0.8728"
"3,34 : 0.5954"
"34,3 : 0.5954"
"3,35 : 0.5142"
"35,3 : 0.5142"
"3,36 : 0.7308"
"36,3 : 0.7308"
"3,37 : 0.5601"
"37,3 : 0.5601"
"3,38 : 0.794"
"38,3 : 0.794"
"3,39 : 1.12"
"39,3 : 1.12"
"3,40 : 1.0683"
"40,3 : 1.0683"
"3,41 : 0.6912"
"41,3 : 0.6912"
"3,42 : 1.0273"
"42,3 : 1.0273"
"3,43 : 0.7692"
"43,3 : 0.7692"
"3,44 : 0.4855"
"44,3 : 0.4855"
"3,45 : 0.6451"
"45,3 : 0.6451"
"3,46 : 0.5923"
"46,3 : 0.5923"
"3,47 : 1.0881"
"47,3 : 1.0881"
"3,48 : 0.6701"
"48,3 : 0.6701"
"3,49 : 1.1729"
"49,3 : 1.1729"
"3,50 : 0.7033"
"50,3 : 0.7033"
"3,51 : 0.8434"
"51,3 : 0.8434"
"3,52 : 1.274"
"52,3 : 1.274"
"3,53 : 0.9124"
"53,3 : 0.9124"
"3,54 : 0.6958"
"54,3 : 0.6958"
"3,55 : 0.5701"
"55,3 : 0.5701"
"3,56 : 0.8515"
"56,3 : 0.8515"
"3,57 : 0.5025"
"57,3 : 0.5025"
"3,58 : 0.6403"
"58,3 : 0.6403"
"3,59 : 0.8999"
"59,3 : 0.8999"
"3,60 : 0.9492"
"60,3 : 0.9492"
"3,61 : 0.41"
"61,3 : 0.41"
"3,62 : 0.2402"
"62,3 : 0.2402"
"3,63 : 0.83"
"63,3 : 0.83"
"3,64 : 0.9202"
"64,3 : 0.9202"
"3,65 : 0.873"
"65,3 : 0.873"
"3,66 : 0.8665"
"66,3 : 0.8665"
"3,67 : 0.9453"
"67,3 : 0.9453"
"3,68 : 0.1304"
"68,3 : 0.1304"
"3,69 : 0.2002"
"69,3 : 0.2002"
"3,70 : 0.8287"
"70,3 : 0.8287"
"3,71 : 0.4924"
"71,3 : 0.4924"
"3,72 : 0.62"
"72,3 : 0.62"
"3,73 : 0.8016"
"73,3 : 0.8016"
"3,74 : 0.4357"
"74,3 : 0.4357"
"3,75 : 0.7286"
"75,3 : 0.7286"
"3,76 : 0.7355"
"76,3 : 0.7355"
"3,77 : 0.9311"
"77,3 : 0.9311"
"3,78 : 0.2879"
"78,3 : 0.2879"
"3,79 : 0.2121"
"79,3 : 0.2121"
"3,80 : 0.8041"
"80,3 : 0.8041"
"3,81 : 0.5124"
"81,3 : 0.5124"
"3,82 : 0.857"
"82,3 : 0.857"
"3,83 : 0.8746"
"83,3 : 0.8746"
"3,84 : 0.3027"
"84,3 : 0.3027"
"3,85 : 1.0021"
"85,3 : 1.0021"
"3,86 : 0.436"
"86,3 : 0.436"
"3,87 : 0.1526"
"87,3 : 0.1526"
"3,88 : 0.7102"
"88,3 : 0.7102"
"3,89 : 0.2683"
"89,3 : 0.2683"
"3,90 : 0.9688"
"90,3 : 0.9688"
"3,91 : 0.1803"
"91,3 : 0.1803"
"3,92 : 0.1476"
"92,3 : 0.1476"
"3,93 : 0.8421"
"93,3 : 0.8421"
"3,94 : 0.9519"
"94,3 : 0.9519"
"3,95 : 1.0246"
"95,3 : 1.0246"
"3,96 : 0.5474"
"96,3 : 0.5474"
"3,97 : 0.5554"
"97,3 : 0.5554"
"3,98 : 0.8523"
"98,3 : 0.8523"
"3,99 : 0.6943"
"99,3 : 0.6943"
"4,5 : 0.6671"
"5,4 : 0.6671"
"4,6 : 0.1921"
"6,4 : 0.1921"
"4,7 : 0.3401"
"7,4 : 0.3401"
"4,8 : 0.4934"
"8,4 : 0.4934"
"4,9 : 0.7376"
"9,4 : 0.7376"
"4,10 : 0.6986"
"10,4 : 0.6986"
"4,11 : 0.0424"
"11,4 : 0.0424"
"4,12 : 0.644"
"12,4 : 0.644"
"4,13 : 0.1803"
"13,4 : 0.1803"
"4,14 : 0.2193"
"14,4 : 0.2193"
"4,15 : 0.6707"
"15,4 : 0.6707"
"4,16 : 0.4977"
"16,4 : 0.4977"
"4,17 : 0.7824"
"17,4 : 0.7824"
"4,18 : 0.2371"
"18,4 : 0.2371"
"4,19 : 0.1253"
"19,4 : 0.1253"
"4,20 : 0.609"
"20,4 : 0.609"
"4,21 : 0.7374"
"21,4 : 0.7374"
"4,22 : 0.5337"
"22,4 : 0.5337"
"4,23 : 0.4061"
"23,4 : 0.4061"
"4,24 : 0.1931"
"24,4 : 0.1931"
"4,25 : 0.7446"
"25,4 : 0.7446"
"4,26 : 1.0273"
"26,4 : 1.0273"
"4,27 : 0.5869"
"27,4 : 0.5869"
"4,28 : 0.6705"
"28,4 : 0.6705"
"4,29 : 0.7006"
"29,4 : 0.7006"
"4,30 : 0.9074"
"30,4 : 0.9074"
"4,31 : 0.4717"
"31,4 : 0.4717"
"4,32 : 0.172"
"32,4 : 0.172"
"4,33 : 0.6964"
"33,4 : 0.6964"
"4,34 : 0.7747"
"34,4 : 0.7747"
"4,35 : 0.6456"
"35,4 : 0.6456"
"4,36 : 0.5304"
"36,4 : 0.5304"
"4,37 : 0.6938"
"37,4 : 0.6938"
"4,38 : 0.4504"
"38,4 : 0.4504"
"4,39 : 0.2184"
"39,4 : 0.2184"
"4,40 : 0.102"
"40,4 : 0.102"
"4,41 : 0.7217"
"41,4 : 0.7217"
"4,42 : 0.1082"
"42,4 : 0.1082"
"4,43 : 0.5334"
"43,4 : 0.5334"
"4,44 : 0.5507"
"44,4 : 0.5507"
"4,45 : 0.4876"
"45,4 : 0.4876"
"4,46 : 0.5824"
"46,4 : 0.5824"
"4,47 : 0.1456"
"47,4 : 0.1456"
"4,48 : 0.3421"
"48,4 : 0.3421"
"4,49 : 0.1803"
"49,4 : 0.1803"
"4,50 : 0.3547"
"50,4 : 0.3547"
"4,51 : 0.6088"
"51,4 : 0.6088"
"4,52 : 0.2691"
"52,4 : 0.2691"
"4,53 : 0.3454"
"53,4 : 0.3454"
"4,54 : 0.6501"
"54,4 : 0.6501"
"4,55 : 0.6912"
"55,4 : 0.6912"
"4,56 : 0.2121"
"56,4 : 0.2121"
"4,57 : 0.5025"
"57,4 : 0.5025"
"4,58 : 0.3847"
"58,4 : 0.3847"
"4,59 : 0.5442"
"59,4 : 0.5442"
"4,60 : 0.5255"
"60,4 : 0.5255"
"4,61 : 0.8417"
"61,4 : 0.8417"
"4,62 : 0.8523"
"62,4 : 0.8523"
"4,63 : 0.6859"
"63,4 : 0.6859"
"4,64 : 0.0849"
"64,4 : 0.0849"
"4,65 : 0.6168"
"65,4 : 0.6168"
"4,66 : 0.4808"
"66,4 : 0.4808"
"4,67 : 0.6135"
"67,4 : 0.6135"
"4,68 : 0.8797"
"68,4 : 0.8797"
"4,69 : 0.8737"
"69,4 : 0.8737"
"4,70 : 0.5657"
"70,4 : 0.5657"
"4,71 : 0.559"
"71,4 : 0.559"
"4,72 : 0.6905"
"72,4 : 0.6905"
"4,73 : 0.7325"
"73,4 : 0.7325"
"4,74 : 0.8115"
"74,4 : 0.8115"
"4,75 : 0.283"
"75,4 : 0.283"
"4,76 : 0.5304"
"76,4 : 0.5304"
"4,77 : 0.3981"
"77,4 : 0.3981"
"4,78 : 0.7601"
"78,4 : 0.7601"
"4,79 : 0.7931"
"79,4 : 0.7931"
"4,80 : 0.4554"
"80,4 : 0.4554"
"4,81 : 0.6198"
"81,4 : 0.6198"
"4,82 : 0.1746"
"82,4 : 0.1746"
"4,83 : 0.6042"
"83,4 : 0.6042"
"4,84 : 0.7965"
"84,4 : 0.7965"
"4,85 : 0.114"
"85,4 : 0.114"
"4,86 : 0.5825"
"86,4 : 0.5825"
"4,87 : 0.8591"
"87,4 : 0.8591"
"4,88 : 0.6203"
"88,4 : 0.6203"
"4,89 : 0.7507"
"89,4 : 0.7507"
"4,90 : 0.5924"
"90,4 : 0.5924"
"4,91 : 0.9341"
"91,4 : 0.9341"
"4,92 : 0.8627"
"92,4 : 0.8627"
"4,93 : 0.7467"
"93,4 : 0.7467"
"4,94 : 0.6546"
"94,4 : 0.6546"
"4,95 : 0.4188"
"95,4 : 0.4188"
"4,96 : 0.6649"
"96,4 : 0.6649"
"4,97 : 0.5471"
"97,4 : 0.5471"
"4,98 : 0.2402"
"98,4 : 0.2402"
"4,99 : 0.6"
"99,4 : 0.6"
"5,6 : 0.5009"
"6,5 : 0.5009"
"5,7 : 0.4469"
"7,5 : 0.4469"
"5,8 : 0.8616"
"8,5 : 0.8616"
"5,9 : 0.7184"
"9,5 : 0.7184"
"5,10 : 0.968"
"10,5 : 0.968"
"5,11 : 0.6315"
"11,5 : 0.6315"
"5,12 : 0.2642"
"12,5 : 0.2642"
"5,13 : 0.4965"
"13,5 : 0.4965"
"5,14 : 0.8001"
"14,5 : 0.8001"
"5,15 : 0.856"
"15,5 : 0.856"
"5,16 : 0.5547"
"16,5 : 0.5547"
"5,17 : 0.3423"
"17,5 : 0.3423"
"5,18 : 0.7624"
"18,5 : 0.7624"
"5,19 : 0.5914"
"19,5 : 0.5914"
"5,20 : 0.5166"
"20,5 : 0.5166"
"5,21 : 0.6661"
"21,5 : 0.6661"
"5,22 : 0.2997"
"22,5 : 0.2997"
"5,23 : 0.2625"
"23,5 : 0.2625"
"5,24 : 0.6673"
"24,5 : 0.6673"
"5,25 : 1.0151"
"25,5 : 1.0151"
"5,26 : 0.5434"
"26,5 : 0.5434"
"5,27 : 0.3471"
"27,5 : 0.3471"
"5,28 : 0.6653"
"28,5 : 0.6653"
"5,29 : 0.8746"
"29,5 : 0.8746"
"5,30 : 0.3511"
"30,5 : 0.3511"
"5,31 : 0.211"
"31,5 : 0.211"
"5,32 : 0.8286"
"32,5 : 0.8286"
"5,33 : 0.9879"
"33,5 : 0.9879"
"5,34 : 0.11"
"34,5 : 0.11"
"5,35 : 0.6647"
"35,5 : 0.6647"
"5,36 : 0.7703"
"36,5 : 0.7703"
"5,37 : 0.0361"
"37,5 : 0.0361"
"5,38 : 0.2625"
"38,5 : 0.2625"
"5,39 : 0.8647"
"39,5 : 0.8647"
"5,40 : 0.6778"
"40,5 : 0.6778"
"5,41 : 0.1221"
"41,5 : 0.1221"
"5,42 : 0.7455"
"42,5 : 0.7455"
"5,43 : 0.8053"
"43,5 : 0.8053"
"5,44 : 0.5033"
"44,5 : 0.5033"
"5,45 : 0.1811"
"45,5 : 0.1811"
"5,46 : 0.0906"
"46,5 : 0.0906"
"5,47 : 0.6754"
"47,5 : 0.6754"
"5,48 : 0.3847"
"48,5 : 0.3847"
"5,49 : 0.7788"
"49,5 : 0.7788"
"5,50 : 0.3206"
"50,5 : 0.3206"
"5,51 : 0.913"
"51,5 : 0.913"
"5,52 : 0.9008"
"52,5 : 0.9008"
"5,53 : 0.7983"
"53,5 : 0.7983"
"5,54 : 0.828"
"54,5 : 0.828"
"5,55 : 0.0283"
"55,5 : 0.0283"
"5,56 : 0.4561"
"56,5 : 0.4561"
"5,57 : 0.3801"
"57,5 : 0.3801"
"5,58 : 0.507"
"58,5 : 0.507"
"5,59 : 0.9139"
"59,5 : 0.9139"
"5,60 : 0.3758"
"60,5 : 0.3758"
"5,61 : 0.2247"
"61,5 : 0.2247"
"5,62 : 0.6168"
"62,5 : 0.6168"
"5,63 : 0.2419"
"63,5 : 0.2419"
"5,64 : 0.5968"
"64,5 : 0.5968"
"5,65 : 0.9394"
"65,5 : 0.9394"
"5,66 : 0.8486"
"66,5 : 0.8486"
"5,67 : 0.3569"
"67,5 : 0.3569"
"5,68 : 0.5261"
"68,5 : 0.5261"
"5,69 : 0.6044"
"69,5 : 0.6044"
"5,70 : 0.247"
"70,5 : 0.247"
"5,71 : 0.5315"
"71,5 : 0.5315"
"5,72 : 0.0424"
"72,5 : 0.0424"
"5,73 : 0.2247"
"73,5 : 0.2247"
"5,74 : 0.1887"
"74,5 : 0.1887"
"5,75 : 0.508"
"75,5 : 0.508"
"5,76 : 0.1769"
"76,5 : 0.1769"
"5,77 : 0.8465"
"77,5 : 0.8465"
"5,78 : 0.5456"
"78,5 : 0.5456"
"5,79 : 0.4561"
"79,5 : 0.4561"
"5,80 : 0.78"
"80,5 : 0.78"
"5,81 : 0.6366"
"81,5 : 0.6366"
"5,82 : 0.6103"
"82,5 : 0.6103"
"5,83 : 0.2864"
"83,5 : 0.2864"
"5,84 : 0.6127"
"84,5 : 0.6127"
"5,85 : 0.6017"
"85,5 : 0.6017"
"5,86 : 0.4597"
"86,5 : 0.4597"
"5,87 : 0.5197"
"87,5 : 0.5197"
"5,88 : 0.8184"
"88,5 : 0.8184"
"5,89 : 0.3614"
"89,5 : 0.3614"
"5,90 : 0.3833"
"90,5 : 0.3833"
"5,91 : 0.4295"
"91,5 : 0.4295"
"5,92 : 0.4617"
"92,5 : 0.4617"
"5,93 : 0.2657"
"93,5 : 0.2657"
"5,94 : 0.3612"
"94,5 : 0.3612"
"5,95 : 0.4841"
"95,5 : 0.4841"
"5,96 : 0.7142"
"96,5 : 0.7142"
"5,97 : 0.6061"
"97,5 : 0.6061"
"5,98 : 0.4332"
"98,5 : 0.4332"
"5,99 : 0.7906"
"99,5 : 0.7906"
"6,7 : 0.3053"
"7,6 : 0.3053"
"6,8 : 0.461"
"8,6 : 0.461"
"6,9 : 0.5921"
"9,6 : 0.5921"
"6,10 : 0.6401"
"10,6 : 0.6401"
"6,11 : 0.15"
"11,6 : 0.15"
"6,12 : 0.4522"
"12,6 : 0.4522"
"6,13 : 0.1334"
"13,6 : 0.1334"
"6,14 : 0.3027"
"14,6 : 0.3027"
"6,15 : 0.5787"
"15,6 : 0.5787"
"6,16 : 0.3423"
"16,6 : 0.3423"
"6,17 : 0.5903"
"17,6 : 0.5903"
"6,18 : 0.2751"
"18,6 : 0.2751"
"6,19 : 0.0906"
"19,6 : 0.0906"
"6,20 : 0.4366"
"20,6 : 0.4366"
"6,21 : 0.5805"
"21,6 : 0.5805"
"6,22 : 0.441"
"22,6 : 0.441"
"6,23 : 0.255"
"23,6 : 0.255"
"6,24 : 0.3105"
"24,6 : 0.3105"
"6,25 : 0.6896"
"25,6 : 0.6896"
"6,26 : 0.8355"
"26,6 : 0.8355"
"6,27 : 0.3962"
"27,6 : 0.3962"
"6,28 : 0.5224"
"28,6 : 0.5224"
"6,29 : 0.6073"
"29,6 : 0.6073"
"6,30 : 0.7169"
"30,6 : 0.7169"
"6,31 : 0.3298"
"31,6 : 0.3298"
"6,32 : 0.364"
"32,6 : 0.364"
"6,33 : 0.6466"
"33,6 : 0.6466"
"6,34 : 0.6107"
"34,6 : 0.6107"
"6,35 : 0.5009"
"35,6 : 0.5009"
"6,36 : 0.4438"
"36,6 : 0.4438"
"6,37 : 0.5235"
"37,6 : 0.5235"
"6,38 : 0.3311"
"38,6 : 0.3311"
"6,39 : 0.365"
"39,6 : 0.365"
"6,40 : 0.2555"
"40,6 : 0.2555"
"6,41 : 0.5743"
"41,6 : 0.5743"
"6,42 : 0.2474"
"42,6 : 0.2474"
"6,43 : 0.4607"
"43,6 : 0.4607"
"6,44 : 0.3795"
"44,6 : 0.3795"
"6,45 : 0.3202"
"45,6 : 0.3202"
"6,46 : 0.4119"
"46,6 : 0.4119"
"6,47 : 0.2823"
"47,6 : 0.2823"
"6,48 : 0.15"
"48,6 : 0.15"
"6,49 : 0.3581"
"49,6 : 0.3581"
"6,50 : 0.1803"
"50,6 : 0.1803"
"6,51 : 0.5576"
"51,6 : 0.5576"
"6,52 : 0.4597"
"52,6 : 0.4597"
"6,53 : 0.3441"
"53,6 : 0.3441"
"6,54 : 0.5536"
"54,6 : 0.5536"
"6,55 : 0.5224"
"55,6 : 0.5224"
"6,56 : 0.1082"
"56,6 : 0.1082"
"6,57 : 0.314"
"57,6 : 0.314"
"6,58 : 0.222"
"58,6 : 0.222"
"6,59 : 0.5174"
"59,6 : 0.5174"
"6,60 : 0.4601"
"60,6 : 0.4601"
"6,61 : 0.6579"
"61,6 : 0.6579"
"6,62 : 0.6754"
"62,6 : 0.6754"
"6,63 : 0.5701"
"63,6 : 0.5701"
"6,64 : 0.1082"
"64,6 : 0.1082"
"6,65 : 0.5743"
"65,6 : 0.5743"
"6,66 : 0.4469"
"66,6 : 0.4469"
"6,67 : 0.536"
"67,6 : 0.536"
"6,68 : 0.692"
"68,6 : 0.692"
"6,69 : 0.6935"
"69,6 : 0.6935"
"6,70 : 0.4562"
"70,6 : 0.4562"
"6,71 : 0.3929"
"71,6 : 0.3929"
"6,72 : 0.53"
"72,6 : 0.53"
"6,73 : 0.6073"
"73,6 : 0.6073"
"6,74 : 0.6294"
"74,6 : 0.6294"
"6,75 : 0.12"
"75,6 : 0.12"
"6,76 : 0.3929"
"76,6 : 0.3929"
"6,77 : 0.4"
"77,6 : 0.4"
"6,78 : 0.5814"
"78,6 : 0.5814"
"6,79 : 0.6044"
"79,6 : 0.6044"
"6,80 : 0.3966"
"80,6 : 0.3966"
"6,81 : 0.4717"
"81,6 : 0.4717"
"6,82 : 0.1208"
"82,6 : 0.1208"
"6,83 : 0.5061"
"83,6 : 0.5061"
"6,84 : 0.6239"
"84,6 : 0.6239"
"6,85 : 0.1992"
"85,6 : 0.1992"
"6,86 : 0.4025"
"86,6 : 0.4025"
"6,87 : 0.672"
"87,6 : 0.672"
"6,88 : 0.5281"
"88,6 : 0.5281"
"6,89 : 0.559"
"89,6 : 0.559"
"6,90 : 0.525"
"90,6 : 0.525"
"6,91 : 0.742"
"91,6 : 0.742"
"6,92 : 0.6721"
"92,6 : 0.6721"
"6,93 : 0.6297"
"93,6 : 0.6297"
"6,94 : 0.5743"
"94,6 : 0.5743"
"6,95 : 0.4031"
"95,6 : 0.4031"
"6,96 : 0.5301"
"96,6 : 0.5301"
"6,97 : 0.4005"
"97,6 : 0.4005"
"6,98 : 0.1421"
"98,6 : 0.1421"
"6,99 : 0.5029"
"99,6 : 0.5029"
"7,8 : 0.764"
"8,7 : 0.764"
"7,9 : 0.8571"
"9,7 : 0.8571"
"7,10 : 0.9451"
"10,7 : 0.9451"
"7,11 : 0.3276"
"11,7 : 0.3276"
"7,12 : 0.5608"
"12,7 : 0.5608"
"7,13 : 0.1838"
"13,7 : 0.1838"
"7,14 : 0.5492"
"14,7 : 0.5492"
"7,15 : 0.8785"
"15,7 : 0.8785"
"7,16 : 0.6119"
"16,7 : 0.6119"
"7,17 : 0.6978"
"17,7 : 0.6978"
"7,18 : 0.5467"
"18,7 : 0.5467"
"7,19 : 0.3536"
"19,7 : 0.3536"
"7,20 : 0.6701"
"20,7 : 0.6701"
"7,21 : 0.8315"
"21,7 : 0.8315"
"7,22 : 0.211"
"22,7 : 0.211"
"7,23 : 0.2285"
"23,7 : 0.2285"
"7,24 : 0.2433"
"24,7 : 0.2433"
"7,25 : 0.9948"
"25,7 : 0.9948"
"7,26 : 0.9402"
"26,7 : 0.9402"
"7,27 : 0.5609"
"27,7 : 0.5609"
"7,28 : 0.7877"
"28,7 : 0.7877"
"7,29 : 0.9062"
"29,7 : 0.9062"
"7,30 : 0.772"
"30,7 : 0.772"
"7,31 : 0.2408"
"31,7 : 0.2408"
"7,32 : 0.4518"
"32,7 : 0.4518"
"7,33 : 0.9519"
"33,7 : 0.9519"
"7,34 : 0.5354"
"34,7 : 0.5354"
"7,35 : 0.771"
"35,7 : 0.771"
"7,36 : 0.7469"
"36,7 : 0.7469"
"7,37 : 0.4817"
"37,7 : 0.4817"
"7,38 : 0.1844"
"38,7 : 0.1844"
"7,39 : 0.5571"
"39,7 : 0.5571"
"7,40 : 0.2927"
"40,7 : 0.2927"
"7,41 : 0.4519"
"41,7 : 0.4519"
"7,42 : 0.4472"
"42,7 : 0.4472"
"7,43 : 0.7654"
"43,7 : 0.7654"
"7,44 : 0.6213"
"44,7 : 0.6213"
"7,45 : 0.3138"
"45,7 : 0.3138"
"7,46 : 0.3905"
"46,7 : 0.3905"
"7,47 : 0.27"
"47,7 : 0.27"
"7,48 : 0.3523"
"48,7 : 0.3523"
"7,49 : 0.3712"
"49,7 : 0.3712"
"7,50 : 0.2707"
"50,7 : 0.2707"
"7,51 : 0.8628"
"51,7 : 0.8628"
"7,52 : 0.4937"
"52,7 : 0.4937"
"7,53 : 0.6366"
"53,7 : 0.6366"
"7,54 : 0.8523"
"54,7 : 0.8523"
"7,55 : 0.4751"
"55,7 : 0.4751"
"7,56 : 0.1972"
"56,7 : 0.1972"
"7,57 : 0.5109"
"57,7 : 0.5109"
"7,58 : 0.4973"
"58,7 : 0.4973"
"7,59 : 0.8201"
"59,7 : 0.8201"
"7,60 : 0.1868"
"60,7 : 0.1868"
"7,61 : 0.6648"
"61,7 : 0.6648"
"7,62 : 0.8797"
"62,7 : 0.8797"
"7,63 : 0.3734"
"63,7 : 0.3734"
"7,64 : 0.3202"
"64,7 : 0.3202"
"7,65 : 0.8792"
"65,7 : 0.8792"
"7,66 : 0.75"
"66,7 : 0.75"
"7,67 : 0.2766"
"67,7 : 0.2766"
"7,68 : 0.8507"
"68,7 : 0.8507"
"7,69 : 0.8865"
"69,7 : 0.8865"
"7,70 : 0.2571"
"70,7 : 0.2571"
"7,71 : 0.6428"
"71,7 : 0.6428"
"7,72 : 0.4522"
"72,7 : 0.4522"
"7,73 : 0.4276"
"73,7 : 0.4276"
"7,74 : 0.6294"
"74,7 : 0.6294"
"7,75 : 0.4123"
"75,7 : 0.4123"
"7,76 : 0.272"
"76,7 : 0.272"
"7,77 : 0.6931"
"77,7 : 0.6931"
"7,78 : 0.7864"
"78,7 : 0.7864"
"7,79 : 0.7624"
"79,7 : 0.7624"
"7,80 : 0.7018"
"80,7 : 0.7018"
"7,81 : 0.7398"
"81,7 : 0.7398"
"7,82 : 0.4111"
"82,7 : 0.4111"
"7,83 : 0.2802"
"83,7 : 0.2802"
"7,84 : 0.8429"
"84,7 : 0.8429"
"7,85 : 0.2309"
"85,7 : 0.2309"
"7,86 : 0.6203"
"86,7 : 0.6203"
"7,87 : 0.8352"
"87,7 : 0.8352"
"7,88 : 0.8286"
"88,7 : 0.8286"
"7,89 : 0.6871"
"89,7 : 0.6871"
"7,90 : 0.253"
"90,7 : 0.253"
"7,91 : 0.8301"
"91,7 : 0.8301"
"7,92 : 0.8078"
"92,7 : 0.8078"
"7,93 : 0.4319"
"93,7 : 0.4319"
"7,94 : 0.3178"
"94,7 : 0.3178"
"7,95 : 0.0985"
"95,7 : 0.0985"
"7,96 : 0.8081"
"96,7 : 0.8081"
"7,97 : 0.6747"
"97,7 : 0.6747"
"7,98 : 0.1655"
"98,7 : 0.1655"
"7,99 : 0.8023"
"99,7 : 0.8023"
"8,9 : 0.4244"
"9,8 : 0.4244"
"8,10 : 0.2102"
"10,8 : 0.2102"
"8,11 : 0.4754"
"11,8 : 0.4754"
"8,12 : 0.676"
"12,8 : 0.676"
"8,13 : 0.5825"
"13,8 : 0.5825"
"8,14 : 0.31"
"14,8 : 0.31"
"8,15 : 0.2332"
"15,8 : 0.2332"
"8,16 : 0.3401"
"16,8 : 0.3401"
"8,17 : 0.7603"
"17,8 : 0.7603"
"8,18 : 0.2631"
"18,8 : 0.2631"
"8,19 : 0.4168"
"19,8 : 0.4168"
"8,20 : 0.454"
"20,8 : 0.454"
"8,21 : 0.4653"
"21,8 : 0.4653"
"8,22 : 0.8927"
"22,8 : 0.8927"
"8,23 : 0.6801"
"23,8 : 0.6801"
"8,24 : 0.6862"
"24,8 : 0.6862"
"8,25 : 0.2532"
"25,8 : 0.2532"
"8,26 : 0.9437"
"26,8 : 0.9437"
"8,27 : 0.5731"
"27,8 : 0.5731"
"8,28 : 0.3891"
"28,8 : 0.3891"
"8,29 : 0.2594"
"29,8 : 0.2594"
"8,30 : 0.9201"
"30,8 : 0.9201"
"8,31 : 0.7545"
"31,8 : 0.7545"
"8,32 : 0.5701"
"32,8 : 0.5701"
"8,33 : 0.204"
"33,8 : 0.204"
"8,34 : 0.9646"
"34,8 : 0.9646"
"8,35 : 0.3625"
"35,8 : 0.3625"
"8,36 : 0.1432"
"36,8 : 0.1432"
"8,37 : 0.8698"
"37,8 : 0.8698"
"8,38 : 0.7747"
"38,8 : 0.7747"
"8,39 : 0.4144"
"39,8 : 0.4144"
"8,40 : 0.5948"
"40,8 : 0.5948"
"8,41 : 0.9661"
"41,8 : 0.9661"
"8,42 : 0.4144"
"42,8 : 0.4144"
"8,43 : 0.1082"
"43,8 : 0.1082"
"8,44 : 0.4201"
"44,8 : 0.4201"
"8,45 : 0.7071"
"45,8 : 0.7071"
"8,46 : 0.7747"
"46,8 : 0.7747"
"8,47 : 0.6389"
"47,8 : 0.6389"
"8,48 : 0.494"
"48,8 : 0.494"
"8,49 : 0.6463"
"49,8 : 0.6463"
"8,50 : 0.5882"
"50,8 : 0.5882"
"8,51 : 0.12"
"51,8 : 0.12"
"8,52 : 0.6707"
"52,8 : 0.6707"
"8,53 : 0.1513"
"53,8 : 0.1513"
"8,54 : 0.228"
"54,8 : 0.228"
"8,55 : 0.8732"
"55,8 : 0.8732"
"8,56 : 0.5685"
"56,8 : 0.5685"
"8,57 : 0.5001"
"57,8 : 0.5001"
"8,58 : 0.3547"
"58,8 : 0.3547"
"8,59 : 0.0566"
"59,8 : 0.0566"
"8,60 : 0.9193"
"60,8 : 0.9193"
"8,61 : 0.9291"
"61,8 : 0.9291"
"8,62 : 0.6447"
"62,8 : 0.6447"
"8,63 : 1.0012"
"63,8 : 1.0012"
"8,64 : 0.4607"
"64,8 : 0.4607"
"8,65 : 0.1237"
"65,8 : 0.1237"
"8,66 : 0.0141"
"66,8 : 0.0141"
"8,67 : 0.9909"
"67,8 : 0.9909"
"8,68 : 0.7473"
"68,8 : 0.7473"
"8,69 : 0.6815"
"69,8 : 0.6815"
"8,70 : 0.8981"
"70,8 : 0.8981"
"8,71 : 0.4011"
"71,8 : 0.4011"
"8,72 : 0.9008"
"72,8 : 0.9008"
"8,73 : 1.0273"
"73,8 : 1.0273"
"8,74 : 0.9141"
"74,8 : 0.9141"
"8,75 : 0.378"
"75,8 : 0.378"
"8,76 : 0.8154"
"76,8 : 0.8154"
"8,77 : 0.1118"
"77,8 : 0.1118"
"8,78 : 0.5852"
"78,8 : 0.5852"
"8,79 : 0.6905"
"79,8 : 0.6905"
"8,80 : 0.0825"
"80,8 : 0.0825"
"8,81 : 0.3606"
"81,8 : 0.3606"
"8,82 : 0.3551"
"82,8 : 0.3551"
"8,83 : 0.9527"
"83,8 : 0.9527"
"8,84 : 0.5778"
"84,8 : 0.5778"
"8,85 : 0.5909"
"85,8 : 0.5909"
"8,86 : 0.4801"
"86,8 : 0.4801"
"8,87 : 0.7253"
"87,8 : 0.7253"
"8,88 : 0.1985"
"88,8 : 0.1985"
"8,89 : 0.7106"
"89,8 : 0.7106"
"8,90 : 0.9829"
"90,8 : 0.9829"
"8,91 : 0.8956"
"91,8 : 0.8956"
"8,92 : 0.7728"
"92,8 : 0.7728"
"8,93 : 1.0569"
"93,8 : 1.0569"
"8,94 : 1.0273"
"94,8 : 1.0273"
"8,95 : 0.8602"
"95,8 : 0.8602"
"8,96 : 0.3413"
"96,8 : 0.3413"
"8,97 : 0.3239"
"97,8 : 0.3239"
"8,98 : 0.6031"
"98,8 : 0.6031"
"8,99 : 0.1985"
"99,8 : 0.1985"
"9,10 : 0.3612"
"10,9 : 0.3612"
"9,11 : 0.7009"
"11,9 : 0.7009"
"9,12 : 0.4597"
"12,9 : 0.4597"
"9,13 : 0.7203"
"13,9 : 0.7203"
"9,14 : 0.6519"
"14,9 : 0.6519"
"9,15 : 0.2335"
"15,9 : 0.2335"
"9,16 : 0.2502"
"16,9 : 0.2502"
"9,17 : 0.4653"
"17,9 : 0.4653"
"9,18 : 0.5883"
"18,9 : 0.5883"
"9,19 : 0.6161"
"19,9 : 0.6161"
"9,20 : 0.2059"
"20,9 : 0.2059"
"9,21 : 0.0632"
"21,9 : 0.0632"
"9,22 : 0.8896"
"22,9 : 0.8896"
"9,23 : 0.6705"
"23,9 : 0.6705"
"9,24 : 0.8994"
"24,9 : 0.8994"
"9,25 : 0.3901"
"25,9 : 0.3901"
"9,26 : 0.5708"
"26,9 : 0.5708"
"9,27 : 0.372"
"27,9 : 0.372"
"9,28 : 0.07"
"28,9 : 0.07"
"9,29 : 0.2302"
"29,9 : 0.2302"
"9,30 : 0.6147"
"30,9 : 0.6147"
"9,31 : 0.7224"
"31,9 : 0.7224"
"9,32 : 0.8785"
"32,9 : 0.8785"
"9,33 : 0.392"
"33,9 : 0.392"
"9,34 : 0.792"
"34,9 : 0.792"
"9,35 : 0.0922"
"35,9 : 0.0922"
"9,36 : 0.2843"
"36,9 : 0.2843"
"9,37 : 0.7084"
"37,9 : 0.7084"
"9,38 : 0.7716"
"38,9 : 0.7716"
"9,39 : 0.7685"
"39,9 : 0.7685"
"9,40 : 0.8298"
"40,9 : 0.8298"
"9,41 : 0.8402"
"41,9 : 0.8402"
"9,42 : 0.7118"
"42,9 : 0.7118"
"9,43 : 0.3162"
"43,9 : 0.3162"
"9,44 : 0.2404"
"44,9 : 0.2404"
"9,45 : 0.6398"
"45,9 : 0.6398"
"9,46 : 0.6573"
"46,9 : 0.6573"
"9,47 : 0.8649"
"47,9 : 0.8649"
"9,48 : 0.5049"
"48,9 : 0.5049"
"9,49 : 0.9176"
"49,9 : 0.9176"
"9,50 : 0.5944"
"50,9 : 0.5944"
"9,51 : 0.37"
"51,9 : 0.37"
"9,52 : 0.9862"
"52,9 : 0.9862"
"9,53 : 0.5109"
"53,9 : 0.5109"
"9,54 : 0.2184"
"54,9 : 0.2184"
"9,55 : 0.7159"
"55,9 : 0.7159"
"9,56 : 0.6801"
"56,9 : 0.6801"
"9,57 : 0.3677"
"57,9 : 0.3677"
"9,58 : 0.3705"
"58,9 : 0.3705"
"9,59 : 0.4383"
"59,9 : 0.4383"
"9,60 : 0.9456"
"60,9 : 0.9456"
"9,61 : 0.6796"
"61,9 : 0.6796"
"9,62 : 0.2408"
"62,9 : 0.2408"
"9,63 : 0.933"
"63,9 : 0.933"
"9,64 : 0.6649"
"64,9 : 0.6649"
"9,65 : 0.3985"
"65,9 : 0.3985"
"9,66 : 0.422"
"66,9 : 0.422"
"9,67 : 0.9862"
"67,9 : 0.9862"
"9,68 : 0.3722"
"68,9 : 0.3722"
"9,69 : 0.2807"
"69,9 : 0.2807"
"9,70 : 0.8682"
"70,9 : 0.8682"
"9,71 : 0.2159"
"71,9 : 0.2159"
"9,72 : 0.7606"
"72,9 : 0.7606"
"9,73 : 0.9348"
"73,9 : 0.9348"
"9,74 : 0.6801"
"74,9 : 0.6801"
"9,75 : 0.4727"
"75,9 : 0.4727"
"9,76 : 0.7649"
"76,9 : 0.7649"
"9,77 : 0.5093"
"77,9 : 0.5093"
"9,78 : 0.2214"
"78,9 : 0.2214"
"9,79 : 0.3511"
"79,9 : 0.3511"
"9,80 : 0.3748"
"80,9 : 0.3748"
"9,81 : 0.1204"
"81,9 : 0.1204"
"9,82 : 0.5632"
"82,9 : 0.5632"
"9,83 : 0.9261"
"83,9 : 0.9261"
"9,84 : 0.1803"
"84,9 : 0.1803"
"9,85 : 0.7877"
"85,9 : 0.7877"
"9,86 : 0.2642"
"86,9 : 0.2642"
"9,87 : 0.3536"
"87,9 : 0.3536"
"9,88 : 0.2377"
"88,9 : 0.2377"
"9,89 : 0.4168"
"89,9 : 0.4168"
"9,90 : 0.9937"
"90,9 : 0.9937"
"9,91 : 0.5579"
"91,9 : 0.5579"
"9,92 : 0.422"
"92,9 : 0.422"
"9,93 : 0.9735"
"93,9 : 0.9735"
"9,94 : 1.0113"
"94,9 : 1.0113"
"9,95 : 0.9519"
"95,9 : 0.9519"
"9,96 : 0.0849"
"96,9 : 0.0849"
"9,97 : 0.1924"
"97,9 : 0.1924"
"9,98 : 0.7011"
"98,9 : 0.7011"
"9,99 : 0.2283"
"99,9 : 0.2283"
"10,11 : 0.6772"
"11,10 : 0.6772"
"10,12 : 0.7432"
"12,10 : 0.7432"
"10,13 : 0.7692"
"13,10 : 0.7692"
"10,14 : 0.5201"
"14,10 : 0.5201"
"10,15 : 0.1304"
"15,10 : 0.1304"
"10,16 : 0.4134"
"16,10 : 0.4134"
"10,17 : 0.7931"
"17,10 : 0.7931"
"10,18 : 0.4727"
"18,10 : 0.4727"
"10,19 : 0.611"
"19,10 : 0.611"
"10,20 : 0.4838"
"20,10 : 0.4838"
"10,21 : 0.4201"
"21,10 : 0.4201"
"10,22 : 1.05"
"22,10 : 1.05"
"10,23 : 0.8281"
"23,10 : 0.8281"
"10,24 : 0.8902"
"24,10 : 0.8902"
"10,25 : 0.05"
"25,10 : 0.05"
"10,26 : 0.93"
"26,10 : 0.93"
"10,27 : 0.6398"
"27,10 : 0.6398"
"10,28 : 0.3622"
"28,10 : 0.3622"
"10,29 : 0.1315"
"29,10 : 0.1315"
"10,30 : 0.9513"
"30,10 : 0.9513"
"10,31 : 0.8981"
"31,10 : 0.8981"
"10,32 : 0.7803"
"32,10 : 0.7803"
"10,33 : 0.0316"
"33,10 : 0.0316"
"10,34 : 1.0617"
"34,10 : 1.0617"
"10,35 : 0.3453"
"35,10 : 0.3453"
"10,36 : 0.2052"
"36,10 : 0.2052"
"10,37 : 0.969"
"37,10 : 0.969"
"10,38 : 0.9285"
"38,10 : 0.9285"
"10,39 : 0.622"
"39,10 : 0.622"
"10,40 : 0.8005"
"40,10 : 0.8005"
"10,41 : 1.0823"
"41,10 : 1.0823"
"10,42 : 0.6239"
"42,10 : 0.6239"
"10,43 : 0.1803"
"43,10 : 0.1803"
"10,44 : 0.4742"
"44,10 : 0.4742"
"10,45 : 0.8363"
"45,10 : 0.8363"
"10,46 : 0.8881"
"46,10 : 0.8881"
"10,47 : 0.844"
"47,10 : 0.844"
"10,48 : 0.637"
"48,10 : 0.637"
"10,49 : 0.8559"
"49,10 : 0.8559"
"10,50 : 0.7366"
"50,10 : 0.7366"
"10,51 : 0.0906"
"51,10 : 0.0906"
"10,52 : 0.8802"
"52,10 : 0.8802"
"10,53 : 0.3612"
"53,10 : 0.3612"
"10,54 : 0.153"
"54,10 : 0.153"
"10,55 : 0.9742"
"55,10 : 0.9742"
"10,56 : 0.7479"
"56,10 : 0.7479"
"10,57 : 0.5883"
"57,10 : 0.5883"
"10,58 : 0.4808"
"58,10 : 0.4808"
"10,59 : 0.1726"
"59,10 : 0.1726"
"10,60 : 1.086"
"60,10 : 1.086"
"10,61 : 0.9902"
"61,10 : 0.9902"
"10,62 : 0.6021"
"62,10 : 0.6021"
"10,63 : 1.1395"
"63,10 : 1.1395"
"10,64 : 0.6579"
"64,10 : 0.6579"
"10,65 : 0.0922"
"65,10 : 0.0922"
"10,66 : 0.2209"
"66,10 : 0.2209"
"10,67 : 1.1498"
"67,10 : 1.1498"
"10,68 : 0.7301"
"68,10 : 0.7301"
"10,69 : 0.642"
"69,10 : 0.642"
"10,70 : 1.0469"
"70,10 : 1.0469"
"10,71 : 0.4478"
"71,10 : 0.4478"
"10,72 : 1.0096"
"72,10 : 1.0096"
"10,73 : 1.1575"
"73,10 : 1.1575"
"10,74 : 0.9823"
"74,10 : 0.9823"
"10,75 : 0.5382"
"75,10 : 0.5382"
"10,76 : 0.9548"
"76,10 : 0.9548"
"10,77 : 0.3202"
"77,10 : 0.3202"
"10,78 : 0.5714"
"78,10 : 0.5714"
"10,79 : 0.6958"
"79,10 : 0.6958"
"10,80 : 0.247"
"80,10 : 0.247"
"10,81 : 0.3614"
"81,10 : 0.3614"
"10,82 : 0.5478"
"82,10 : 0.5478"
"10,83 : 1.1039"
"83,10 : 1.1039"
"10,84 : 0.5404"
"84,10 : 0.5404"
"10,85 : 0.7906"
"85,10 : 0.7906"
"10,86 : 0.5292"
"86,10 : 0.5292"
"10,87 : 0.7103"
"87,10 : 0.7103"
"10,88 : 0.1523"
"88,10 : 0.1523"
"10,89 : 0.7422"
"89,10 : 0.7422"
"10,90 : 1.1463"
"90,10 : 1.1463"
"10,91 : 0.9067"
"91,10 : 0.9067"
"10,92 : 0.7732"
"92,10 : 0.7732"
"10,93 : 1.191"
"93,10 : 1.191"
"10,94 : 1.1834"
"94,10 : 1.1834"
"10,95 : 1.0432"
"95,10 : 1.0432"
"10,96 : 0.3015"
"96,10 : 0.3015"
"10,97 : 0.3667"
"97,10 : 0.3667"
"10,98 : 0.7803"
"98,10 : 0.7803"
"10,99 : 0.1789"
"99,10 : 0.1789"
"11,12 : 0.6022"
"12,11 : 0.6022"
"11,13 : 0.1552"
"13,11 : 0.1552"
"11,14 : 0.222"
"14,11 : 0.222"
"11,15 : 0.6428"
"15,11 : 0.6428"
"11,16 : 0.4588"
"16,11 : 0.4588"
"11,17 : 0.7403"
"17,11 : 0.7403"
"11,18 : 0.228"
"18,11 : 0.228"
"11,19 : 0.0854"
"19,11 : 0.0854"
"11,20 : 0.5682"
"20,11 : 0.5682"
"11,21 : 0.6989"
"21,11 : 0.6989"
"11,22 : 0.5124"
"22,11 : 0.5124"
"11,23 : 0.3722"
"23,11 : 0.3722"
"11,24 : 0.2138"
"24,11 : 0.2138"
"11,25 : 0.7242"
"25,11 : 0.7242"
"11,26 : 0.9849"
"26,11 : 0.9849"
"11,27 : 0.5445"
"27,11 : 0.5445"
"11,28 : 0.6332"
"28,11 : 0.6332"
"11,29 : 0.6727"
"29,11 : 0.6727"
"11,30 : 0.8661"
"30,11 : 0.8661"
"11,31 : 0.4401"
"31,11 : 0.4401"
"11,32 : 0.214"
"32,11 : 0.214"
"11,33 : 0.6768"
"33,11 : 0.6768"
"11,34 : 0.7398"
"34,11 : 0.7398"
"11,35 : 0.6088"
"35,11 : 0.6088"
"11,36 : 0.5025"
"36,11 : 0.5025"
"11,37 : 0.6573"
"37,11 : 0.6573"
"11,38 : 0.423"
"38,11 : 0.423"
"11,39 : 0.2419"
"39,11 : 0.2419"
"11,40 : 0.1304"
"40,11 : 0.1304"
"11,41 : 0.6903"
"41,11 : 0.6903"
"11,42 : 0.1237"
"42,11 : 0.1237"
"11,43 : 0.508"
"43,11 : 0.508"
"11,44 : 0.51"
"44,11 : 0.51"
"11,45 : 0.4512"
"45,11 : 0.4512"
"11,46 : 0.5457"
"46,11 : 0.5457"
"11,47 : 0.1703"
"47,11 : 0.1703"
"11,48 : 0.3"
"48,11 : 0.3"
"11,49 : 0.2193"
"49,11 : 0.2193"
"11,50 : 0.3162"
"50,11 : 0.3162"
"11,51 : 0.5882"
"51,11 : 0.5882"
"11,52 : 0.3114"
"52,11 : 0.3114"
"11,53 : 0.3312"
"53,11 : 0.3312"
"11,54 : 0.6213"
"54,11 : 0.6213"
"11,55 : 0.6551"
"55,11 : 0.6551"
"11,56 : 0.18"
"56,11 : 0.18"
"11,57 : 0.4601"
"57,11 : 0.4601"
"11,58 : 0.3444"
"58,11 : 0.3444"
"11,59 : 0.528"
"59,11 : 0.528"
"11,60 : 0.5099"
"60,11 : 0.5099"
"11,61 : 0.8023"
"61,11 : 0.8023"
"11,62 : 0.8112"
"62,11 : 0.8112"
"11,63 : 0.661"
"63,11 : 0.661"
"11,64 : 0.0424"
"64,11 : 0.0424"
"11,65 : 0.5981"
"65,11 : 0.5981"
"11,66 : 0.4624"
"66,11 : 0.4624"
"11,67 : 0.5962"
"67,11 : 0.5962"
"11,68 : 0.8374"
"68,11 : 0.8374"
"11,69 : 0.8322"
"69,11 : 0.8322"
"11,70 : 0.5413"
"70,11 : 0.5413"
"11,71 : 0.5189"
"71,11 : 0.5189"
"11,72 : 0.6562"
"72,11 : 0.6562"
"11,73 : 0.7058"
"73,11 : 0.7058"
"11,74 : 0.7725"
"74,11 : 0.7725"
"11,75 : 0.2419"
"75,11 : 0.2419"
"11,76 : 0.5001"
"76,11 : 0.5001"
"11,77 : 0.3859"
"77,11 : 0.3859"
"11,78 : 0.7187"
"78,11 : 0.7187"
"11,79 : 0.7507"
"79,11 : 0.7507"
"11,80 : 0.4317"
"80,11 : 0.4317"
"11,81 : 0.5824"
"81,11 : 0.5824"
"11,82 : 0.1404"
"82,11 : 0.1404"
"11,83 : 0.5824"
"83,11 : 0.5824"
"11,84 : 0.7559"
"84,11 : 0.7559"
"11,85 : 0.1166"
"85,11 : 0.1166"
"11,86 : 0.5408"
"86,11 : 0.5408"
"11,87 : 0.8169"
"87,11 : 0.8169"
"11,88 : 0.5921"
"88,11 : 0.5921"
"11,89 : 0.7084"
"89,11 : 0.7084"
"11,90 : 0.577"
"90,11 : 0.577"
"11,91 : 0.892"
"91,11 : 0.892"
"11,92 : 0.8202"
"92,11 : 0.8202"
"11,93 : 0.7218"
"93,11 : 0.7218"
"11,94 : 0.6369"
"94,11 : 0.6369"
"11,95 : 0.4123"
"95,11 : 0.4123"
"11,96 : 0.6297"
"96,11 : 0.6297"
"11,97 : 0.5096"
"97,11 : 0.5096"
"11,98 : 0.211"
"98,11 : 0.211"
"11,99 : 0.5708"
"99,11 : 0.5708"
"12,13 : 0.5174"
"13,12 : 0.5174"
"12,14 : 0.7052"
"14,12 : 0.7052"
"12,15 : 0.6218"
"15,12 : 0.6218"
"12,16 : 0.3396"
"16,12 : 0.3396"
"12,17 : 0.1421"
"17,12 : 0.1421"
"12,18 : 0.6525"
"18,12 : 0.6525"
"12,19 : 0.5334"
"19,12 : 0.5334"
"12,20 : 0.2663"
"20,12 : 0.2663"
"12,21 : 0.4046"
"21,12 : 0.4046"
"12,22 : 0.5"
"22,12 : 0.5"
"12,23 : 0.3324"
"23,12 : 0.3324"
"12,24 : 0.7184"
"24,12 : 0.7184"
"12,25 : 0.7872"
"25,12 : 0.7872"
"12,26 : 0.3905"
"26,12 : 0.3905"
"12,27 : 0.1044"
"27,12 : 0.1044"
"12,28 : 0.4123"
"28,12 : 0.4123"
"12,29 : 0.6363"
"29,12 : 0.6363"
"12,30 : 0.2693"
"30,12 : 0.2693"
"12,31 : 0.3437"
"31,12 : 0.3437"
"12,32 : 0.8161"
"32,12 : 0.8161"
"12,33 : 0.7669"
"33,12 : 0.7669"
"12,34 : 0.3324"
"34,12 : 0.3324"
"12,35 : 0.4162"
"35,12 : 0.4162"
"12,36 : 0.5604"
"36,12 : 0.5604"
"12,37 : 0.25"
"37,12 : 0.25"
"12,38 : 0.4061"
"38,12 : 0.4061"
"12,39 : 0.7971"
"39,12 : 0.7971"
"12,40 : 0.6931"
"40,12 : 0.6931"
"12,41 : 0.3859"
"41,12 : 0.3859"
"12,42 : 0.6888"
"42,12 : 0.6888"
"12,43 : 0.5991"
"43,12 : 0.5991"
"12,44 : 0.2693"
"44,12 : 0.2693"
"12,45 : 0.255"
"45,12 : 0.255"
"12,46 : 0.2236"
"46,12 : 0.2236"
"12,47 : 0.7077"
"47,12 : 0.7077"
"12,48 : 0.3023"
"48,12 : 0.3023"
"12,49 : 0.7993"
"49,12 : 0.7993"
"12,50 : 0.314"
"50,12 : 0.314"
"12,51 : 0.7021"
"51,12 : 0.7021"
"12,52 : 0.9091"
"52,12 : 0.9091"
"12,53 : 0.6528"
"53,12 : 0.6528"
"12,54 : 0.5948"
"54,12 : 0.5948"
"12,55 : 0.2581"
"55,12 : 0.2581"
"12,56 : 0.4675"
"56,12 : 0.4675"
"12,57 : 0.1803"
"57,12 : 0.1803"
"12,58 : 0.3423"
"58,12 : 0.3423"
"12,59 : 0.7218"
"59,12 : 0.7218"
"12,60 : 0.5708"
"60,12 : 0.5708"
"12,61 : 0.2532"
"61,12 : 0.2532"
"12,62 : 0.359"
"62,12 : 0.359"
"12,63 : 0.4965"
"63,12 : 0.4965"
"12,64 : 0.5604"
"64,12 : 0.5604"
"12,65 : 0.7308"
"65,12 : 0.7308"
"12,66 : 0.6648"
"66,12 : 0.6648"
"12,67 : 0.5831"
"67,12 : 0.5831"
"12,68 : 0.2943"
"68,12 : 0.2943"
"12,69 : 0.3523"
"69,12 : 0.3523"
"12,70 : 0.4617"
"70,12 : 0.4617"
"12,71 : 0.2955"
"71,12 : 0.2955"
"12,72 : 0.3053"
"72,12 : 0.3053"
"12,73 : 0.4875"
"73,12 : 0.4875"
"12,74 : 0.2404"
"74,12 : 0.2404"
"12,75 : 0.3956"
"75,12 : 0.3956"
"12,76 : 0.3601"
"76,12 : 0.3601"
"12,77 : 0.6903"
"77,12 : 0.6903"
"12,78 : 0.2823"
"78,12 : 0.2823"
"12,79 : 0.2102"
"79,12 : 0.2102"
"12,80 : 0.5941"
"80,12 : 0.5941"
"12,81 : 0.3912"
"81,12 : 0.3912"
"12,82 : 0.5239"
"82,12 : 0.5239"
"12,83 : 0.5148"
"83,12 : 0.5148"
"12,84 : 0.3493"
"84,12 : 0.3493"
"12,85 : 0.6224"
"85,12 : 0.6224"
"12,86 : 0.2147"
"86,12 : 0.2147"
"12,87 : 0.2816"
"87,12 : 0.2816"
"12,88 : 0.5909"
"88,12 : 0.5909"
"12,89 : 0.1265"
"89,12 : 0.1265"
"12,90 : 0.6007"
"90,12 : 0.6007"
"12,91 : 0.2907"
"91,12 : 0.2907"
"12,92 : 0.247"
"92,12 : 0.247"
"12,93 : 0.528"
"93,12 : 0.528"
"12,94 : 0.5984"
"94,12 : 0.5984"
"12,95 : 0.6332"
"95,12 : 0.6332"
"12,96 : 0.4662"
"96,12 : 0.4662"
"12,97 : 0.377"
"97,12 : 0.377"
"12,98 : 0.464"
"98,12 : 0.464"
"12,99 : 0.5646"
"99,12 : 0.5646"
"13,14 : 0.3712"
"14,13 : 0.3712"
"13,15 : 0.7117"
"15,13 : 0.7117"
"13,16 : 0.4701"
"16,13 : 0.4701"
"13,17 : 0.6595"
"17,13 : 0.6595"
"13,18 : 0.364"
"18,13 : 0.364"
"13,19 : 0.1697"
"19,13 : 0.1697"
"13,20 : 0.5532"
"20,13 : 0.5532"
"13,21 : 0.7046"
