x,y
0.18,0.25
0.53,0.33
0.0,0.63
0.44,0.43
0.82,0.68
0.34,0.65
0.33,0.95
0.83,0.84
0.03,0.84
0.59,0.45
0.84,0.51
0.22,0.44
0.71,0.99
0.72,0.36
0.35,0.0
0.65,0.85
0.84,0.02
0.42,0.36
0.9,0.21
0.07,0.68
0.24,0.65
0.15,0.63
0.55,0.36
0.44,0.19
0.88,0.34
0.91,0.08
0.43,0.55
0.64,0.27
0.88,0.16
0.35,0.82
0.13,0.0
0.7,0.92
0.61,0.56
0.36,0.04
0.13,0.01
0.81,0.01
0.98,0.45
0.06,0.86
0.18,0.47
0.87,0.18
0.92,0.85
0.39,0.33
0.51,0.94
0.57,0.93
0.29,0.23
0.13,0.56
0.91,0.35
0.15,0.9
0.77,0.25
0.97,0.51
0.11,0.21
0.94,0.1
0.54,0.87
0.58,0.9
0.62,0.74
0.95,0.89
0.73,0.06
0.56,0.44
0.65,0.21
0.05,0.41
0.62,0.5
0.77,0.92
0.45,0.08
0.31,0.34
0.1,0.79
0.72,0.52
0.71,0.42
0.96,0.8
0.31,0.0
0.81,0.35
0.22,0.97
0.24,0.37
0.11,0.87
0.87,0.03
0.38,0.38
0.29,0.36
0.26,0.24
0.52,0.13
0.19,0.08
0.84,0.89
0.92,0.63
0.26,0.93
0.11,0.43
0.02,0.65
0.02,0.85
0.15,0.68
0.95,0.09
0.55,0.19
0.98,0.57
0.74,0.32
0.24,0.76
0.59,0.59
0.04,0.89
0.37,0.93
0.26,0.91
0.34,0.19
0.07,0.68
0.71,0.04
0.92,0.28
0.4,0.31

Distanze
"0,1 : 0.359"
"1,0 : 0.359"
"0,2 : 0.4205"
"2,0 : 0.4205"
"0,3 : 0.3162"
"3,0 : 0.3162"
"0,4 : 0.771"
"4,0 : 0.771"
"0,5 : 0.4308"
"5,0 : 0.4308"
"0,6 : 0.7159"
"6,0 : 0.7159"
"0,7 : 0.8778"
"7,0 : 0.8778"
"0,8 : 0.6088"
"8,0 : 0.6088"
"0,9 : 0.4562"
"9,0 : 0.4562"
"0,10 : 0.7094"
"10,0 : 0.7094"
"0,11 : 0.1942"
"11,0 : 0.1942"
"0,12 : 0.9102"
"12,0 : 0.9102"
"0,13 : 0.5511"
"13,0 : 0.5511"
"0,14 : 0.3023"
"14,0 : 0.3023"
"0,15 : 0.7622"
"15,0 : 0.7622"
"0,16 : 0.6989"
"16,0 : 0.6989"
"0,17 : 0.264"
"17,0 : 0.264"
"0,18 : 0.7211"
"18,0 : 0.7211"
"0,19 : 0.4438"
"19,0 : 0.4438"
"0,20 : 0.4045"
"20,0 : 0.4045"
"0,21 : 0.3812"
"21,0 : 0.3812"
"0,22 : 0.386"
"22,0 : 0.386"
"0,23 : 0.2668"
"23,0 : 0.2668"
"0,24 : 0.7058"
"24,0 : 0.7058"
"0,25 : 0.7495"
"25,0 : 0.7495"
"0,26 : 0.3905"
"26,0 : 0.3905"
"0,27 : 0.4604"
"27,0 : 0.4604"
"0,28 : 0.7058"
"28,0 : 0.7058"
"0,29 : 0.5948"
"29,0 : 0.5948"
"0,30 : 0.255"
"30,0 : 0.255"
"0,31 : 0.8481"
"31,0 : 0.8481"
"0,32 : 0.5301"
"32,0 : 0.5301"
"0,33 : 0.2766"
"33,0 : 0.2766"
"0,34 : 0.2452"
"34,0 : 0.2452"
"0,35 : 0.6742"
"35,0 : 0.6742"
"0,36 : 0.8246"
"36,0 : 0.8246"
"0,37 : 0.6217"
"37,0 : 0.6217"
"0,38 : 0.22"
"38,0 : 0.22"
"0,39 : 0.6935"
"39,0 : 0.6935"
"0,40 : 0.9527"
"40,0 : 0.9527"
"0,41 : 0.2247"
"41,0 : 0.2247"
"0,42 : 0.7649"
"42,0 : 0.7649"
"0,43 : 0.7839"
"43,0 : 0.7839"
"0,44 : 0.1118"
"44,0 : 0.1118"
"0,45 : 0.314"
"45,0 : 0.314"
"0,46 : 0.7368"
"46,0 : 0.7368"
"0,47 : 0.6507"
"47,0 : 0.6507"
"0,48 : 0.59"
"48,0 : 0.59"
"0,49 : 0.8317"
"49,0 : 0.8317"
"0,50 : 0.0806"
"50,0 : 0.0806"
"0,51 : 0.7747"
"51,0 : 0.7747"
"0,52 : 0.7169"
"52,0 : 0.7169"
"0,53 : 0.7632"
"53,0 : 0.7632"
"0,54 : 0.6586"
"54,0 : 0.6586"
"0,55 : 1.0012"
"55,0 : 1.0012"
"0,56 : 0.5819"
"56,0 : 0.5819"
"0,57 : 0.4249"
"57,0 : 0.4249"
"0,58 : 0.4717"
"58,0 : 0.4717"
"0,59 : 0.2062"
"59,0 : 0.2062"
"0,60 : 0.5061"
"60,0 : 0.5061"
"0,61 : 0.8927"
"61,0 : 0.8927"
"0,62 : 0.3191"
"62,0 : 0.3191"
"0,63 : 0.1581"
"63,0 : 0.1581"
"0,64 : 0.5459"
"64,0 : 0.5459"
"0,65 : 0.6037"
"65,0 : 0.6037"
"0,66 : 0.5566"
"66,0 : 0.5566"
"0,67 : 0.9544"
"67,0 : 0.9544"
"0,68 : 0.2818"
"68,0 : 0.2818"
"0,69 : 0.6379"
"69,0 : 0.6379"
"0,70 : 0.7211"
"70,0 : 0.7211"
"0,71 : 0.1342"
"71,0 : 0.1342"
"0,72 : 0.6239"
"72,0 : 0.6239"
"0,73 : 0.7242"
"73,0 : 0.7242"
"0,74 : 0.2385"
"74,0 : 0.2385"
"0,75 : 0.1556"
"75,0 : 0.1556"
"0,76 : 0.0806"
"76,0 : 0.0806"
"0,77 : 0.3606"
"77,0 : 0.3606"
"0,78 : 0.1703"
"78,0 : 0.1703"
"0,79 : 0.9193"
"79,0 : 0.9193"
"0,80 : 0.8319"
"80,0 : 0.8319"
"0,81 : 0.6847"
"81,0 : 0.6847"
"0,82 : 0.1931"
"82,0 : 0.1931"
"0,83 : 0.4308"
"83,0 : 0.4308"
"0,84 : 0.621"
"84,0 : 0.621"
"0,85 : 0.431"
"85,0 : 0.431"
"0,86 : 0.7864"
"86,0 : 0.7864"
"0,87 : 0.3748"
"87,0 : 0.3748"
"0,88 : 0.8616"
"88,0 : 0.8616"
"0,89 : 0.5644"
"89,0 : 0.5644"
"0,90 : 0.5135"
"90,0 : 0.5135"
"0,91 : 0.5326"
"91,0 : 0.5326"
"0,92 : 0.6551"
"92,0 : 0.6551"
"0,93 : 0.706"
"93,0 : 0.706"
"0,94 : 0.6648"
"94,0 : 0.6648"
"0,95 : 0.1709"
"95,0 : 0.1709"
"0,96 : 0.4438"
"96,0 : 0.4438"
"0,97 : 0.5701"
"97,0 : 0.5701"
"0,98 : 0.7406"
"98,0 : 0.7406"
"0,99 : 0.228"
"99,0 : 0.228"
"1,2 : 0.609"
"2,1 : 0.609"
"1,3 : 0.1345"
"3,1 : 0.1345"
"1,4 : 0.4545"
"4,1 : 0.4545"
"1,5 : 0.3722"
"5,1 : 0.3722"
"1,6 : 0.6515"
"6,1 : 0.6515"
"1,7 : 0.5917"
"7,1 : 0.5917"
"1,8 : 0.7142"
"8,1 : 0.7142"
"1,9 : 0.1342"
"9,1 : 0.1342"
"1,10 : 0.3585"
"10,1 : 0.3585"
"1,11 : 0.3289"
"11,1 : 0.3289"
"1,12 : 0.6841"
"12,1 : 0.6841"
"1,13 : 0.1924"
"13,1 : 0.1924"
"1,14 : 0.3759"
"14,1 : 0.3759"
"1,15 : 0.5337"
"15,1 : 0.5337"
"1,16 : 0.4384"
"16,1 : 0.4384"
"1,17 : 0.114"
"17,1 : 0.114"
"1,18 : 0.389"
"18,1 : 0.389"
"1,19 : 0.578"
"19,1 : 0.578"
"1,20 : 0.4319"
"20,1 : 0.4319"
"1,21 : 0.4841"
"21,1 : 0.4841"
"1,22 : 0.0361"
"22,1 : 0.0361"
"1,23 : 0.1664"
"23,1 : 0.1664"
"1,24 : 0.3501"
"24,1 : 0.3501"
"1,25 : 0.4549"
"25,1 : 0.4549"
"1,26 : 0.2417"
"26,1 : 0.2417"
"1,27 : 0.1253"
"27,1 : 0.1253"
"1,28 : 0.3891"
"28,1 : 0.3891"
"1,29 : 0.522"
"29,1 : 0.522"
"1,30 : 0.5186"
"30,1 : 0.5186"
"1,31 : 0.614"
"31,1 : 0.614"
"1,32 : 0.2435"
"32,1 : 0.2435"
"1,33 : 0.3362"
"33,1 : 0.3362"
"1,34 : 0.5122"
"34,1 : 0.5122"
"1,35 : 0.4252"
"35,1 : 0.4252"
"1,36 : 0.4657"
"36,1 : 0.4657"
"1,37 : 0.7084"
"37,1 : 0.7084"
"1,38 : 0.377"
"38,1 : 0.377"
"1,39 : 0.3716"
"39,1 : 0.3716"
"1,40 : 0.65"
"40,1 : 0.65"
"1,41 : 0.14"
"41,1 : 0.14"
"1,42 : 0.6103"
"42,1 : 0.6103"
"1,43 : 0.6013"
"43,1 : 0.6013"
"1,44 : 0.26"
"44,1 : 0.26"
"1,45 : 0.4614"
"45,1 : 0.4614"
"1,46 : 0.3805"
"46,1 : 0.3805"
"1,47 : 0.6851"
"47,1 : 0.6851"
"1,48 : 0.253"
"48,1 : 0.253"
"1,49 : 0.4754"
"49,1 : 0.4754"
"1,50 : 0.4368"
"50,1 : 0.4368"
"1,51 : 0.4701"
"51,1 : 0.4701"
"1,52 : 0.5401"
"52,1 : 0.5401"
"1,53 : 0.5722"
"53,1 : 0.5722"
"1,54 : 0.4198"
"54,1 : 0.4198"
"1,55 : 0.7"
"55,1 : 0.7"
"1,56 : 0.336"
"56,1 : 0.336"
"1,57 : 0.114"
"57,1 : 0.114"
"1,58 : 0.1697"
"58,1 : 0.1697"
"1,59 : 0.4866"
"59,1 : 0.4866"
"1,60 : 0.1924"
"60,1 : 0.1924"
"1,61 : 0.6369"
"61,1 : 0.6369"
"1,62 : 0.2625"
"62,1 : 0.2625"
"1,63 : 0.2202"
"63,1 : 0.2202"
"1,64 : 0.6297"
"64,1 : 0.6297"
"1,65 : 0.2687"
"65,1 : 0.2687"
"1,66 : 0.2012"
"66,1 : 0.2012"
"1,67 : 0.637"
"67,1 : 0.637"
"1,68 : 0.3966"
"68,1 : 0.3966"
"1,69 : 0.2807"
"69,1 : 0.2807"
"1,70 : 0.7111"
"70,1 : 0.7111"
"1,71 : 0.2927"
"71,1 : 0.2927"
"1,72 : 0.6841"
"72,1 : 0.6841"
"1,73 : 0.4534"
"73,1 : 0.4534"
"1,74 : 0.1581"
"74,1 : 0.1581"
"1,75 : 0.2419"
"75,1 : 0.2419"
"1,76 : 0.2846"
"76,1 : 0.2846"
"1,77 : 0.2002"
"77,1 : 0.2002"
"1,78 : 0.422"
"78,1 : 0.422"
"1,79 : 0.6401"
"79,1 : 0.6401"
"1,80 : 0.492"
"80,1 : 0.492"
"1,81 : 0.658"
"81,1 : 0.658"
"1,82 : 0.4317"
"82,1 : 0.4317"
"1,83 : 0.6021"
"83,1 : 0.6021"
"1,84 : 0.7284"
"84,1 : 0.7284"
"1,85 : 0.5166"
"85,1 : 0.5166"
"1,86 : 0.4837"
"86,1 : 0.4837"
"1,87 : 0.1414"
"87,1 : 0.1414"
"1,88 : 0.51"
"88,1 : 0.51"
"1,89 : 0.2102"
"89,1 : 0.2102"
"1,90 : 0.5187"
"90,1 : 0.5187"
"1,91 : 0.2668"
"91,1 : 0.2668"
"1,92 : 0.7441"
"92,1 : 0.7441"
"1,93 : 0.621"
"93,1 : 0.621"
"1,94 : 0.6398"
"94,1 : 0.6398"
"1,95 : 0.236"
"95,1 : 0.236"
"1,96 : 0.578"
"96,1 : 0.578"
"1,97 : 0.3413"
"97,1 : 0.3413"
"1,98 : 0.3932"
"98,1 : 0.3932"
"1,99 : 0.1315"
"99,1 : 0.1315"
"2,3 : 0.4833"
"3,2 : 0.4833"
"2,4 : 0.8215"
"4,2 : 0.8215"
"2,5 : 0.3406"
"5,2 : 0.3406"
"2,6 : 0.4597"
"6,2 : 0.4597"
"2,7 : 0.8562"
"7,2 : 0.8562"
"2,8 : 0.2121"
"8,2 : 0.2121"
"2,9 : 0.6168"
"9,2 : 0.6168"
"2,10 : 0.8485"
"10,2 : 0.8485"
"2,11 : 0.2907"
"11,2 : 0.2907"
"2,12 : 0.7961"
"12,2 : 0.7961"
"2,13 : 0.769"
"13,2 : 0.769"
"2,14 : 0.7207"
"14,2 : 0.7207"
"2,15 : 0.6862"
"15,2 : 0.6862"
"2,16 : 1.0381"
"16,2 : 1.0381"
"2,17 : 0.4993"
"17,2 : 0.4993"
"2,18 : 0.9932"
"18,2 : 0.9932"
"2,19 : 0.086"
"19,2 : 0.086"
"2,20 : 0.2408"
"20,2 : 0.2408"
"2,21 : 0.15"
"21,2 : 0.15"
"2,22 : 0.6127"
"22,2 : 0.6127"
"2,23 : 0.6223"
"23,2 : 0.6223"
"2,24 : 0.9266"
"24,2 : 0.9266"
"2,25 : 1.0633"
"25,2 : 1.0633"
"2,26 : 0.4374"
"26,2 : 0.4374"
"2,27 : 0.7343"
"27,2 : 0.7343"
"2,28 : 0.9976"
"28,2 : 0.9976"
"2,29 : 0.3982"
"29,2 : 0.3982"
"2,30 : 0.6433"
"30,2 : 0.6433"
"2,31 : 0.7577"
"31,2 : 0.7577"
"2,32 : 0.614"
"32,2 : 0.614"
"2,33 : 0.6912"
"33,2 : 0.6912"
"2,34 : 0.6335"
"34,2 : 0.6335"
"2,35 : 1.02"
"35,2 : 1.02"
"2,36 : 0.9964"
"36,2 : 0.9964"
"2,37 : 0.2377"
"37,2 : 0.2377"
"2,38 : 0.2408"
"38,2 : 0.2408"
"2,39 : 0.9795"
"39,2 : 0.9795"
"2,40 : 0.9459"
"40,2 : 0.9459"
"2,41 : 0.492"
"41,2 : 0.492"
"2,42 : 0.5968"
"42,2 : 0.5968"
"2,43 : 0.6441"
"43,2 : 0.6441"
"2,44 : 0.4941"
"44,2 : 0.4941"
"2,45 : 0.1476"
"45,2 : 0.1476"
"2,46 : 0.9521"
"46,2 : 0.9521"
"2,47 : 0.3089"
"47,2 : 0.3089"
"2,48 : 0.8587"
"48,2 : 0.8587"
"2,49 : 0.9774"
"49,2 : 0.9774"
"2,50 : 0.4342"
"50,2 : 0.4342"
"2,51 : 1.0791"
"51,2 : 1.0791"
"2,52 : 0.5909"
"52,2 : 0.5909"
"2,53 : 0.6398"
"53,2 : 0.6398"
"2,54 : 0.6297"
"54,2 : 0.6297"
"2,55 : 0.9849"
"55,2 : 0.9849"
"2,56 : 0.9262"
"56,2 : 0.9262"
"2,57 : 0.5914"
"57,2 : 0.5914"
"2,58 : 0.7739"
"58,2 : 0.7739"
"2,59 : 0.2256"
"59,2 : 0.2256"
"2,60 : 0.6335"
"60,2 : 0.6335"
"2,61 : 0.8228"
"61,2 : 0.8228"
"2,62 : 0.7106"
"62,2 : 0.7106"
"2,63 : 0.4245"
"63,2 : 0.4245"
"2,64 : 0.1887"
"64,2 : 0.1887"
"2,65 : 0.7284"
"65,2 : 0.7284"
"2,66 : 0.7404"
"66,2 : 0.7404"
"2,67 : 0.9749"
"67,2 : 0.9749"
"2,68 : 0.7021"
"68,2 : 0.7021"
"2,69 : 0.857"
"69,2 : 0.857"
"2,70 : 0.405"
"70,2 : 0.405"
"2,71 : 0.3538"
"71,2 : 0.3538"
"2,72 : 0.264"
"72,2 : 0.264"
"2,73 : 1.0568"
"73,2 : 1.0568"
"2,74 : 0.4549"
"74,2 : 0.4549"
"2,75 : 0.3962"
"75,2 : 0.3962"
"2,76 : 0.4687"
"76,2 : 0.4687"
"2,77 : 0.7214"
"77,2 : 0.7214"
"2,78 : 0.5819"
"78,2 : 0.5819"
"2,79 : 0.8793"
"79,2 : 0.8793"
"2,80 : 0.92"
"80,2 : 0.92"
"2,81 : 0.397"
"81,2 : 0.397"
"2,82 : 0.2283"
"82,2 : 0.2283"
"2,83 : 0.0283"
"83,2 : 0.0283"
"2,84 : 0.2209"
"84,2 : 0.2209"
"2,85 : 0.1581"
"85,2 : 0.1581"
"2,86 : 1.0927"
"86,2 : 1.0927"
"2,87 : 0.7043"
"87,2 : 0.7043"
"2,88 : 0.9818"
"88,2 : 0.9818"
"2,89 : 0.8023"
"89,2 : 0.8023"
"2,90 : 0.2729"
"90,2 : 0.2729"
"2,91 : 0.5914"
"91,2 : 0.5914"
"2,92 : 0.2631"
"92,2 : 0.2631"
"2,93 : 0.4763"
"93,2 : 0.4763"
"2,94 : 0.3821"
"94,2 : 0.3821"
"2,95 : 0.5561"
"95,2 : 0.5561"
"2,96 : 0.086"
"96,2 : 0.086"
"2,97 : 0.9231"
"97,2 : 0.9231"
"2,98 : 0.9843"
"98,2 : 0.9843"
"2,99 : 0.5122"
"99,2 : 0.5122"
"3,4 : 0.4549"
"4,3 : 0.4549"
"3,5 : 0.2417"
"5,3 : 0.2417"
"3,6 : 0.5315"
"6,3 : 0.5315"
"3,7 : 0.5659"
"7,3 : 0.5659"
"3,8 : 0.5798"
"8,3 : 0.5798"
"3,9 : 0.1513"
"9,3 : 0.1513"
"3,10 : 0.4079"
"10,3 : 0.4079"
"3,11 : 0.2202"
"11,3 : 0.2202"
"3,12 : 0.6217"
"12,3 : 0.6217"
"3,13 : 0.2886"
"13,3 : 0.2886"
"3,14 : 0.4393"
"14,3 : 0.4393"
"3,15 : 0.4696"
"15,3 : 0.4696"
"3,16 : 0.5728"
"16,3 : 0.5728"
"3,17 : 0.0728"
"17,3 : 0.0728"
"3,18 : 0.5099"
"18,3 : 0.5099"
"3,19 : 0.4465"
"19,3 : 0.4465"
"3,20 : 0.2973"
"20,3 : 0.2973"
"3,21 : 0.3523"
"21,3 : 0.3523"
"3,22 : 0.1304"
"22,3 : 0.1304"
"3,23 : 0.24"
"23,3 : 0.24"
"3,24 : 0.4491"
"24,3 : 0.4491"
"3,25 : 0.586"
"25,3 : 0.586"
"3,26 : 0.1204"
"26,3 : 0.1204"
"3,27 : 0.2561"
"27,3 : 0.2561"
"3,28 : 0.5162"
"28,3 : 0.5162"
"3,29 : 0.4002"
"29,3 : 0.4002"
"3,30 : 0.5301"
"30,3 : 0.5301"
"3,31 : 0.5547"
"31,3 : 0.5547"
"3,32 : 0.214"
"32,3 : 0.214"
"3,33 : 0.3981"
"33,3 : 0.3981"
"3,34 : 0.522"
"34,3 : 0.522"
"3,35 : 0.5597"
"35,3 : 0.5597"
"3,36 : 0.5404"
"36,3 : 0.5404"
"3,37 : 0.5738"
"37,3 : 0.5738"
"3,38 : 0.2631"
"38,3 : 0.2631"
"3,39 : 0.4974"
"39,3 : 0.4974"
"3,40 : 0.6378"
"40,3 : 0.6378"
"3,41 : 0.1118"
"41,3 : 0.1118"
"3,42 : 0.5148"
"42,3 : 0.5148"
"3,43 : 0.5166"
"43,3 : 0.5166"
"3,44 : 0.25"
"44,3 : 0.25"
"3,45 : 0.3362"
"45,3 : 0.3362"
"3,46 : 0.4768"
"46,3 : 0.4768"
"3,47 : 0.5523"
"47,3 : 0.5523"
"3,48 : 0.3759"
"48,3 : 0.3759"
"3,49 : 0.536"
"49,3 : 0.536"
"3,50 : 0.3966"
"50,3 : 0.3966"
"3,51 : 0.5991"
"51,3 : 0.5991"
"3,52 : 0.4512"
"52,3 : 0.4512"
"3,53 : 0.4904"
"53,3 : 0.4904"
"3,54 : 0.3585"
"54,3 : 0.3585"
"3,55 : 0.6868"
"55,3 : 0.6868"
"3,56 : 0.4701"
"56,3 : 0.4701"
"3,57 : 0.1204"
"57,3 : 0.1204"
"3,58 : 0.3041"
"58,3 : 0.3041"
"3,59 : 0.3905"
"59,3 : 0.3905"
"3,60 : 0.1931"
"60,3 : 0.1931"
"3,61 : 0.5908"
"61,3 : 0.5908"
"3,62 : 0.3501"
"62,3 : 0.3501"
"3,63 : 0.1581"
"63,3 : 0.1581"
"3,64 : 0.4952"
"64,3 : 0.4952"
"3,65 : 0.2941"
"65,3 : 0.2941"
"3,66 : 0.2702"
"66,3 : 0.2702"
"3,67 : 0.6382"
"67,3 : 0.6382"
"3,68 : 0.4492"
"68,3 : 0.4492"
"3,69 : 0.3785"
"69,3 : 0.3785"
"3,70 : 0.5831"
"70,3 : 0.5831"
"3,71 : 0.2088"
"71,3 : 0.2088"
"3,72 : 0.55"
"72,3 : 0.55"
"3,73 : 0.5873"
"73,3 : 0.5873"
"3,74 : 0.0781"
"74,3 : 0.0781"
"3,75 : 0.1655"
"75,3 : 0.1655"
"3,76 : 0.2617"
"76,3 : 0.2617"
"3,77 : 0.3105"
"77,3 : 0.3105"
"3,78 : 0.4301"
"78,3 : 0.4301"
"3,79 : 0.6096"
"79,3 : 0.6096"
"3,80 : 0.52"
"80,3 : 0.52"
"3,81 : 0.5314"
"81,3 : 0.5314"
"3,82 : 0.33"
"82,3 : 0.33"
"3,83 : 0.4741"
"83,3 : 0.4741"
"3,84 : 0.594"
"84,3 : 0.594"
"3,85 : 0.3829"
"85,3 : 0.3829"
"3,86 : 0.6129"
"86,3 : 0.6129"
"3,87 : 0.264"
"87,3 : 0.264"
"3,88 : 0.5579"
"88,3 : 0.5579"
"3,89 : 0.3195"
"89,3 : 0.3195"
"3,90 : 0.3859"
"90,3 : 0.3859"
"3,91 : 0.2193"
"91,3 : 0.2193"
"3,92 : 0.6096"
"92,3 : 0.6096"
"3,93 : 0.5049"
"93,3 : 0.5049"
"3,94 : 0.5126"
"94,3 : 0.5126"
"3,95 : 0.26"
"95,3 : 0.26"
"3,96 : 0.4465"
"96,3 : 0.4465"
"3,97 : 0.4743"
"97,3 : 0.4743"
"3,98 : 0.5029"
"98,3 : 0.5029"
"3,99 : 0.1265"
"99,3 : 0.1265"
"4,5 : 0.4809"
"5,4 : 0.4809"
"4,6 : 0.5595"
"6,4 : 0.5595"
"4,7 : 0.1603"
"7,4 : 0.1603"
"4,8 : 0.806"
"8,4 : 0.806"
"4,9 : 0.3253"
"9,4 : 0.3253"
"4,10 : 0.1712"
"10,4 : 0.1712"
"4,11 : 0.6462"
"11,4 : 0.6462"
"4,12 : 0.3289"
"12,4 : 0.3289"
"4,13 : 0.3353"
"13,4 : 0.3353"
"4,14 : 0.8266"
"14,4 : 0.8266"
"4,15 : 0.2404"
"15,4 : 0.2404"
"4,16 : 0.6603"
"16,4 : 0.6603"
"4,17 : 0.5122"
"17,4 : 0.5122"
"4,18 : 0.4768"
"18,4 : 0.4768"
"4,19 : 0.75"
"19,4 : 0.75"
"4,20 : 0.5808"
"20,4 : 0.5808"
"4,21 : 0.6719"
"21,4 : 0.6719"
"4,22 : 0.4187"
"22,4 : 0.4187"
"4,23 : 0.6201"
"23,4 : 0.6201"
"4,24 : 0.3453"
"24,4 : 0.3453"
"4,25 : 0.6067"
"25,4 : 0.6067"
"4,26 : 0.4111"
"26,4 : 0.4111"
"4,27 : 0.4478"
"27,4 : 0.4478"
"4,28 : 0.5235"
"28,4 : 0.5235"
"4,29 : 0.4904"
"29,4 : 0.4904"
"4,30 : 0.9688"
"30,4 : 0.9688"
"4,31 : 0.2683"
"31,4 : 0.2683"
"4,32 : 0.2419"
"32,4 : 0.2419"
"4,33 : 0.7882"
"33,4 : 0.7882"
"4,34 : 0.9618"
"34,4 : 0.9618"
"4,35 : 0.6701"
"35,4 : 0.6701"
"4,36 : 0.2802"
"36,4 : 0.2802"
"4,37 : 0.781"
"37,4 : 0.781"
"4,38 : 0.6736"
"38,4 : 0.6736"
"4,39 : 0.5025"
"39,4 : 0.5025"
"4,40 : 0.1972"
"40,4 : 0.1972"
"4,41 : 0.5544"
"41,4 : 0.5544"
"4,42 : 0.4046"
"42,4 : 0.4046"
"4,43 : 0.3536"
"43,4 : 0.3536"
"4,44 : 0.6953"
"44,4 : 0.6953"
"4,45 : 0.7004"
"45,4 : 0.7004"
"4,46 : 0.3421"
"46,4 : 0.3421"
"4,47 : 0.7052"
"47,4 : 0.7052"
"4,48 : 0.4329"
"48,4 : 0.4329"
"4,49 : 0.2267"
"49,4 : 0.2267"
"4,50 : 0.8515"
"50,4 : 0.8515"
"4,51 : 0.5923"
"51,4 : 0.5923"
"4,52 : 0.3384"
"52,4 : 0.3384"
"4,53 : 0.3256"
"53,4 : 0.3256"
"4,54 : 0.2088"
"54,4 : 0.2088"
"4,55 : 0.247"
"55,4 : 0.247"
"4,56 : 0.6265"
"56,4 : 0.6265"
"4,57 : 0.3538"
"57,4 : 0.3538"
"4,58 : 0.4998"
"58,4 : 0.4998"
"4,59 : 0.816"
"59,4 : 0.816"
"4,60 : 0.2691"
"60,4 : 0.2691"
"4,61 : 0.2452"
"61,4 : 0.2452"
"4,62 : 0.7049"
"62,4 : 0.7049"
"4,63 : 0.6129"
"63,4 : 0.6129"
"4,64 : 0.7284"
"64,4 : 0.7284"
"4,65 : 0.1887"
"65,4 : 0.1887"
"4,66 : 0.2823"
"66,4 : 0.2823"
"4,67 : 0.1844"
"67,4 : 0.1844"
"4,68 : 0.85"
"68,4 : 0.85"
"4,69 : 0.3302"
"69,4 : 0.3302"
"4,70 : 0.6664"
"70,4 : 0.6664"
"4,71 : 0.6576"
"71,4 : 0.6576"
"4,72 : 0.735"
"72,4 : 0.735"
"4,73 : 0.6519"
"73,4 : 0.6519"
"4,74 : 0.5325"
"74,4 : 0.5325"
"4,75 : 0.6191"
"75,4 : 0.6191"
"4,76 : 0.7122"
"76,4 : 0.7122"
"4,77 : 0.6265"
"77,4 : 0.6265"
"4,78 : 0.87"
"78,4 : 0.87"
"4,79 : 0.211"
"79,4 : 0.211"
"4,80 : 0.1118"
"80,4 : 0.1118"
"4,81 : 0.6133"
"81,4 : 0.6133"
"4,82 : 0.7527"
"82,4 : 0.7527"
"4,83 : 0.8006"
"83,4 : 0.8006"
"4,84 : 0.8179"
"84,4 : 0.8179"
"4,85 : 0.67"
"85,4 : 0.67"
"4,86 : 0.6042"
"86,4 : 0.6042"
"4,87 : 0.5595"
"87,4 : 0.5595"
"4,88 : 0.1942"
"88,4 : 0.1942"
"4,89 : 0.3688"
"89,4 : 0.3688"
"4,90 : 0.5855"
"90,4 : 0.5855"
"4,91 : 0.247"
"91,4 : 0.247"
"4,92 : 0.8078"
"92,4 : 0.8078"
"4,93 : 0.5148"
"93,4 : 0.5148"
"4,94 : 0.6054"
"94,4 : 0.6054"
"4,95 : 0.6859"
"95,4 : 0.6859"
"4,96 : 0.75"
"96,4 : 0.75"
"4,97 : 0.6494"
"97,4 : 0.6494"
"4,98 : 0.4123"
"98,4 : 0.4123"
"4,99 : 0.5597"
"99,4 : 0.5597"
"5,6 : 0.3002"
"6,5 : 0.3002"
"5,7 : 0.5255"
"7,5 : 0.5255"
"5,8 : 0.3636"
"8,5 : 0.3636"
"5,9 : 0.3202"
"9,5 : 0.3202"
"5,10 : 0.5192"
"10,5 : 0.5192"
"5,11 : 0.2419"
"11,5 : 0.2419"
"5,12 : 0.5025"
"12,5 : 0.5025"
"5,13 : 0.478"
"13,5 : 0.478"
"5,14 : 0.6501"
"14,5 : 0.6501"
"5,15 : 0.3689"
"15,5 : 0.3689"
"5,16 : 0.8043"
"16,5 : 0.8043"
"5,17 : 0.3008"
"17,5 : 0.3008"
"5,18 : 0.7122"
"18,5 : 0.7122"
"5,19 : 0.2717"
"19,5 : 0.2717"
"5,20 : 0.1"
"20,5 : 0.1"
"5,21 : 0.191"
"21,5 : 0.191"
"5,22 : 0.3581"
"22,5 : 0.3581"
"5,23 : 0.4707"
"23,5 : 0.4707"
"5,24 : 0.6227"
"24,5 : 0.6227"
"5,25 : 0.8061"
"25,5 : 0.8061"
"5,26 : 0.1345"
"26,5 : 0.1345"
"5,27 : 0.4841"
"27,5 : 0.4841"
"5,28 : 0.7292"
"28,5 : 0.7292"
"5,29 : 0.1703"
"29,5 : 0.1703"
"5,30 : 0.6831"
"30,5 : 0.6831"
"5,31 : 0.45"
"31,5 : 0.45"
"5,32 : 0.2846"
"32,5 : 0.2846"
"5,33 : 0.6103"
"33,5 : 0.6103"
"5,34 : 0.6736"
"34,5 : 0.6736"
"5,35 : 0.794"
"35,5 : 0.794"
"5,36 : 0.6705"
"36,5 : 0.6705"
"5,37 : 0.35"
"37,5 : 0.35"
"5,38 : 0.2408"
"38,5 : 0.2408"
"5,39 : 0.7084"
"39,5 : 0.7084"
"5,40 : 0.6135"
"40,5 : 0.6135"
"5,41 : 0.3239"
"41,5 : 0.3239"
"5,42 : 0.3362"
"42,5 : 0.3362"
"5,43 : 0.3624"
"43,5 : 0.3624"
"5,44 : 0.423"
"44,5 : 0.423"
"5,45 : 0.2285"
"45,5 : 0.2285"
"5,46 : 0.6441"
"46,5 : 0.6441"
"5,47 : 0.314"
"47,5 : 0.314"
"5,48 : 0.5873"
"48,5 : 0.5873"
"5,49 : 0.6454"
"49,5 : 0.6454"
"5,50 : 0.4965"
"50,5 : 0.4965"
"5,51 : 0.8139"
"51,5 : 0.8139"
"5,52 : 0.2973"
"52,5 : 0.2973"
"5,53 : 0.3466"
"53,5 : 0.3466"
"5,54 : 0.2941"
"54,5 : 0.2941"
"5,55 : 0.6555"
"55,5 : 0.6555"
"5,56 : 0.7072"
"56,5 : 0.7072"
"5,57 : 0.3041"
"57,5 : 0.3041"
"5,58 : 0.5382"
"58,5 : 0.5382"
"5,59 : 0.3764"
"59,5 : 0.3764"
"5,60 : 0.3176"
"60,5 : 0.3176"
"5,61 : 0.5077"
"61,5 : 0.5077"
"5,62 : 0.5805"
"62,5 : 0.5805"
"5,63 : 0.3114"
"63,5 : 0.3114"
"5,64 : 0.2778"
"64,5 : 0.2778"
"5,65 : 0.4016"
"65,5 : 0.4016"
"5,66 : 0.4357"
"66,5 : 0.4357"
"5,67 : 0.6379"
"67,5 : 0.6379"
"5,68 : 0.6507"
"68,5 : 0.6507"
"5,69 : 0.5576"
"69,5 : 0.5576"
"5,70 : 0.3418"
"70,5 : 0.3418"
"5,71 : 0.2973"
"71,5 : 0.2973"
"5,72 : 0.3183"
"72,5 : 0.3183"
"5,73 : 0.8157"
"73,5 : 0.8157"
"5,74 : 0.2729"
"74,5 : 0.2729"
"5,75 : 0.2943"
"75,5 : 0.2943"
"5,76 : 0.4177"
"76,5 : 0.4177"
"5,77 : 0.5503"
"77,5 : 0.5503"
"5,78 : 0.5894"
"78,5 : 0.5894"
"5,79 : 0.5546"
"79,5 : 0.5546"
"5,80 : 0.5803"
"80,5 : 0.5803"
"5,81 : 0.2912"
"81,5 : 0.2912"
"5,82 : 0.3183"
"82,5 : 0.3183"
"5,83 : 0.32"
"83,5 : 0.32"
"5,84 : 0.3774"
"84,5 : 0.3774"
"5,85 : 0.1924"
"85,5 : 0.1924"
"5,86 : 0.8281"
"86,5 : 0.8281"
"5,87 : 0.5057"
"87,5 : 0.5057"
"5,88 : 0.645"
"88,5 : 0.645"
"5,89 : 0.5186"
"89,5 : 0.5186"
"5,90 : 0.1487"
"90,5 : 0.1487"
"5,91 : 0.2571"
"91,5 : 0.2571"
"5,92 : 0.3842"
"92,5 : 0.3842"
"5,93 : 0.2816"
"93,5 : 0.2816"
"5,94 : 0.272"
"94,5 : 0.272"
"5,95 : 0.46"
"95,5 : 0.46"
"5,96 : 0.2717"
"96,5 : 0.2717"
"5,97 : 0.7134"
"97,5 : 0.7134"
"5,98 : 0.688"
"98,5 : 0.688"
"5,99 : 0.3453"
"99,5 : 0.3453"
"6,7 : 0.512"
"7,6 : 0.512"
"6,8 : 0.3195"
"8,6 : 0.3195"
"6,9 : 0.5636"
"9,6 : 0.5636"
"6,10 : 0.6736"
"10,6 : 0.6736"
"6,11 : 0.5217"
"11,6 : 0.5217"
"6,12 : 0.3821"
"12,6 : 0.3821"
"6,13 : 0.7072"
"13,6 : 0.7072"
"6,14 : 0.9502"
"14,6 : 0.9502"
"6,15 : 0.3353"
"15,6 : 0.3353"
"6,16 : 1.0607"
"16,6 : 1.0607"
"6,17 : 0.5968"
"17,6 : 0.5968"
"6,18 : 0.9341"
"18,6 : 0.9341"
"6,19 : 0.3748"
"19,6 : 0.3748"
"6,20 : 0.3132"
"20,6 : 0.3132"
"6,21 : 0.3672"
"21,6 : 0.3672"
"6,22 : 0.6297"
"22,6 : 0.6297"
"6,23 : 0.7679"
"23,6 : 0.7679"
"6,24 : 0.8213"
"24,6 : 0.8213"
"6,25 : 1.0456"
"25,6 : 1.0456"
"6,26 : 0.4123"
"26,6 : 0.4123"
"6,27 : 0.7473"
"27,6 : 0.7473"
"6,28 : 0.9626"
"28,6 : 0.9626"
"6,29 : 0.1315"
"29,6 : 0.1315"
"6,30 : 0.9708"
"30,6 : 0.9708"
"6,31 : 0.3712"
"31,6 : 0.3712"
"6,32 : 0.4801"
"32,6 : 0.4801"
"6,33 : 0.9105"
"33,6 : 0.9105"
"6,34 : 0.961"
"34,6 : 0.961"
"6,35 : 1.0555"
"35,6 : 1.0555"
"6,36 : 0.8201"
"36,6 : 0.8201"
"6,37 : 0.2846"
"37,6 : 0.2846"
"6,38 : 0.5029"
"38,6 : 0.5029"
"6,39 : 0.9405"
"39,6 : 0.9405"
"6,40 : 0.5984"
"40,6 : 0.5984"
"6,41 : 0.6229"
"41,6 : 0.6229"
"6,42 : 0.1803"
"42,6 : 0.1803"
"6,43 : 0.2408"
"43,6 : 0.2408"
"6,44 : 0.7211"
"44,6 : 0.7211"
"6,45 : 0.4383"
"45,6 : 0.4383"
"6,46 : 0.8345"
"46,6 : 0.8345"
"6,47 : 0.1868"
"47,6 : 0.1868"
"6,48 : 0.8268"
"48,6 : 0.8268"
"6,49 : 0.7767"
"49,6 : 0.7767"
"6,50 : 0.772"
"50,6 : 0.772"
"6,51 : 1.0462"
"51,6 : 1.0462"
"6,52 : 0.2247"
"52,6 : 0.2247"
"6,53 : 0.255"
"53,6 : 0.255"
"6,54 : 0.3581"
"54,6 : 0.3581"
"6,55 : 0.6229"
"55,6 : 0.6229"
"6,56 : 0.9758"
"56,6 : 0.9758"
"6,57 : 0.5595"
"57,6 : 0.5595"
"6,58 : 0.8062"
"58,6 : 0.8062"
"6,59 : 0.6083"
"59,6 : 0.6083"
"6,60 : 0.5354"
"60,6 : 0.5354"
"6,61 : 0.441"
"61,6 : 0.441"
"6,62 : 0.8782"
"62,6 : 0.8782"
"6,63 : 0.6103"
"63,6 : 0.6103"
"6,64 : 0.2802"
"64,6 : 0.2802"
"6,65 : 0.5805"
"65,6 : 0.5805"
"6,66 : 0.6522"
"66,6 : 0.6522"
"6,67 : 0.6476"
"67,6 : 0.6476"
"6,68 : 0.9502"
"68,6 : 0.9502"
"6,69 : 0.7684"
"69,6 : 0.7684"
"6,70 : 0.1118"
"70,6 : 0.1118"
"6,71 : 0.5869"
"71,6 : 0.5869"
"6,72 : 0.2341"
"72,6 : 0.2341"
"6,73 : 1.0668"
"73,6 : 1.0668"
"6,74 : 0.5722"
"74,6 : 0.5722"
"6,75 : 0.5914"
"75,6 : 0.5914"
"6,76 : 0.7134"
"76,6 : 0.7134"
"6,77 : 0.8417"
"77,6 : 0.8417"
"6,78 : 0.8812"
"78,6 : 0.8812"
"6,79 : 0.5135"
"79,6 : 0.5135"
"6,80 : 0.6712"
"80,6 : 0.6712"
"6,81 : 0.0728"
"81,6 : 0.0728"
"6,82 : 0.5646"
"82,6 : 0.5646"
"6,83 : 0.4314"
"83,6 : 0.4314"
"6,84 : 0.3257"
"84,6 : 0.3257"
"6,85 : 0.3245"
"85,6 : 0.3245"
"6,86 : 1.0602"
"86,6 : 1.0602"
"6,87 : 0.7912"
"87,6 : 0.7912"
"6,88 : 0.7529"
"88,6 : 0.7529"
"6,89 : 0.7517"
"89,6 : 0.7517"
"6,90 : 0.2102"
"90,6 : 0.2102"
"6,91 : 0.4441"
"91,6 : 0.4441"
"6,92 : 0.2961"
"92,6 : 0.2961"
"6,93 : 0.0447"
"93,6 : 0.0447"
"6,94 : 0.0806"
"94,6 : 0.0806"
"6,95 : 0.7601"
"95,6 : 0.7601"
"6,96 : 0.3748"
"96,6 : 0.3748"
"6,97 : 0.9862"
"97,6 : 0.9862"
"6,98 : 0.8927"
"98,6 : 0.8927"
"6,99 : 0.6438"
"99,6 : 0.6438"
"7,8 : 0.8"
"8,7 : 0.8"
"7,9 : 0.4579"
"9,7 : 0.4579"
"7,10 : 0.3302"
"10,7 : 0.3302"
"7,11 : 0.7295"
"11,7 : 0.7295"
"7,12 : 0.1921"
"12,7 : 0.1921"
"7,13 : 0.4924"
"13,7 : 0.4924"
"7,14 : 0.9675"
"14,7 : 0.9675"
"7,15 : 0.1803"
"15,7 : 0.1803"
"7,16 : 0.8201"
"16,7 : 0.8201"
"7,17 : 0.6313"
"17,7 : 0.6313"
"7,18 : 0.6339"
"18,7 : 0.6339"
"7,19 : 0.7767"
"19,7 : 0.7767"
"7,20 : 0.6198"
"20,7 : 0.6198"
"7,21 : 0.7117"
"21,7 : 0.7117"
"7,22 : 0.5557"
"22,7 : 0.5557"
"7,23 : 0.758"
"23,7 : 0.758"
"7,24 : 0.5025"
"24,7 : 0.5025"
"7,25 : 0.7642"
"25,7 : 0.7642"
"7,26 : 0.4941"
"26,7 : 0.4941"
"7,27 : 0.6008"
"27,7 : 0.6008"
"7,28 : 0.6818"
"28,7 : 0.6818"
"7,29 : 0.4804"
"29,7 : 0.4804"
"7,30 : 1.0934"
"30,7 : 1.0934"
"7,31 : 0.1526"
"31,7 : 0.1526"
"7,32 : 0.3561"
"32,7 : 0.3561"
"7,33 : 0.9278"
"33,7 : 0.9278"
"7,34 : 1.0858"
"34,7 : 1.0858"
"7,35 : 0.8302"
"35,7 : 0.8302"
"7,36 : 0.4179"
"36,7 : 0.4179"
"7,37 : 0.7703"
"37,7 : 0.7703"
"7,38 : 0.7479"
"38,7 : 0.7479"
"7,39 : 0.6612"
"39,7 : 0.6612"
"7,40 : 0.0906"
"40,7 : 0.0906"
"7,41 : 0.6736"
"41,7 : 0.6736"
"7,42 : 0.3353"
"42,7 : 0.3353"
"7,43 : 0.2751"
"43,7 : 0.2751"
"7,44 : 0.8147"
"44,7 : 0.8147"
"7,45 : 0.7539"
"45,7 : 0.7539"
"7,46 : 0.4965"
"46,7 : 0.4965"
"7,47 : 0.6826"
"47,7 : 0.6826"
"7,48 : 0.593"
"48,7 : 0.593"
"7,49 : 0.3585"
"49,7 : 0.3585"
"7,50 : 0.9567"
"50,7 : 0.9567"
"7,51 : 0.7481"
"51,7 : 0.7481"
"7,52 : 0.2915"
"52,7 : 0.2915"
"7,53 : 0.2571"
"53,7 : 0.2571"
"7,54 : 0.2326"
"54,7 : 0.2326"
"7,55 : 0.13"
"55,7 : 0.13"
"7,56 : 0.7864"
"56,7 : 0.7864"
"7,57 : 0.4826"
"57,7 : 0.4826"
"7,58 : 0.6552"
"58,7 : 0.6552"
"7,59 : 0.8907"
"59,7 : 0.8907"
"7,60 : 0.3996"
"60,7 : 0.3996"
"7,61 : 0.1"
"61,7 : 0.1"
"7,62 : 0.8497"
"62,7 : 0.8497"
"7,63 : 0.7214"
"63,7 : 0.7214"
"7,64 : 0.7317"
"64,7 : 0.7317"
"7,65 : 0.3384"
"65,7 : 0.3384"
"7,66 : 0.4368"
"66,7 : 0.4368"
"7,67 : 0.136"
"67,7 : 0.136"
"7,68 : 0.9879"
"68,7 : 0.9879"
"7,69 : 0.4904"
"69,7 : 0.4904"
"7,70 : 0.6237"
"70,7 : 0.6237"
"7,71 : 0.7543"
"71,7 : 0.7543"
"7,72 : 0.7206"
"72,7 : 0.7206"
"7,73 : 0.811"
"73,7 : 0.811"
"7,74 : 0.6435"
"74,7 : 0.6435"
"7,75 : 0.7225"
"75,7 : 0.7225"
"7,76 : 0.8276"
"76,7 : 0.8276"
"7,77 : 0.7747"
"77,7 : 0.7747"
"7,78 : 0.9936"
"78,7 : 0.9936"
"7,79 : 0.051"
"79,7 : 0.051"
"7,80 : 0.2285"
"80,7 : 0.2285"
"7,81 : 0.5771"
"81,7 : 0.5771"
"7,82 : 0.8286"
"82,7 : 0.8286"
"7,83 : 0.832"
"83,7 : 0.832"
"7,84 : 0.8101"
"84,7 : 0.8101"
"7,85 : 0.6986"
"85,7 : 0.6986"
"7,86 : 0.7595"
"86,7 : 0.7595"
"7,87 : 0.7077"
"87,7 : 0.7077"
"7,88 : 0.3089"
"88,7 : 0.3089"
"7,89 : 0.5277"
"89,7 : 0.5277"
"7,90 : 0.5954"
"90,7 : 0.5954"
"7,91 : 0.3466"
"91,7 : 0.3466"
"7,92 : 0.7916"
"92,7 : 0.7916"
"7,93 : 0.4687"
"93,7 : 0.4687"
"7,94 : 0.5743"
"94,7 : 0.5743"
"7,95 : 0.814"
"95,7 : 0.814"
"7,96 : 0.7767"
"96,7 : 0.7767"
"7,97 : 0.8089"
"97,7 : 0.8089"
"7,98 : 0.5672"
"98,7 : 0.5672"
"7,99 : 0.6825"
"99,7 : 0.6825"
"8,9 : 0.6824"
"9,8 : 0.6824"
"8,10 : 0.8746"
"10,8 : 0.8746"
"8,11 : 0.4428"
"11,8 : 0.4428"
"8,12 : 0.6963"
"12,8 : 0.6963"
"8,13 : 0.8405"
"13,8 : 0.8405"
"8,14 : 0.8989"
"14,8 : 0.8989"
"8,15 : 0.6201"
"15,8 : 0.6201"
"8,16 : 1.1526"
"16,8 : 1.1526"
"8,17 : 0.6185"
"17,8 : 0.6185"
"8,18 : 1.0742"
"18,8 : 1.0742"
"8,19 : 0.1649"
"19,8 : 0.1649"
"8,20 : 0.2832"
"20,8 : 0.2832"
"8,21 : 0.2419"
"21,8 : 0.2419"
"8,22 : 0.7077"
"22,8 : 0.7077"
"8,23 : 0.7685"
"23,8 : 0.7685"
"8,24 : 0.9862"
"24,8 : 0.9862"
"8,25 : 1.1628"
"25,8 : 1.1628"
"8,26 : 0.4941"
"26,8 : 0.4941"
"8,27 : 0.8349"
"27,8 : 0.8349"
"8,28 : 1.0885"
"28,8 : 1.0885"
"8,29 : 0.3206"
"29,8 : 0.3206"
"8,30 : 0.8459"
"30,8 : 0.8459"
"8,31 : 0.6748"
"31,8 : 0.6748"
"8,32 : 0.644"
"32,8 : 0.644"
"8,33 : 0.8654"
"33,8 : 0.8654"
"8,34 : 0.836"
"34,8 : 0.836"
"8,35 : 1.139"
"35,8 : 1.139"
"8,36 : 1.0269"
"36,8 : 1.0269"
"8,37 : 0.0361"
"37,8 : 0.0361"
"8,38 : 0.3992"
"38,8 : 0.3992"
"8,39 : 1.0683"
"39,8 : 1.0683"
"8,40 : 0.8901"
"40,8 : 0.8901"
"8,41 : 0.6243"
"41,8 : 0.6243"
"8,42 : 0.4903"
"42,8 : 0.4903"
"8,43 : 0.5474"
"43,8 : 0.5474"
"8,44 : 0.6631"
"44,8 : 0.6631"
"8,45 : 0.2973"
"45,8 : 0.2973"
"8,46 : 1.0072"
"46,8 : 1.0072"
"8,47 : 0.1342"
"47,8 : 0.1342"
"8,48 : 0.9464"
"48,8 : 0.9464"
"8,49 : 0.9962"
"49,8 : 0.9962"
"8,50 : 0.6351"
"50,8 : 0.6351"
"8,51 : 1.1729"
"51,8 : 1.1729"
"8,52 : 0.5109"
"52,8 : 0.5109"
"8,53 : 0.5533"
"53,8 : 0.5533"
"8,54 : 0.5984"
"54,8 : 0.5984"
"8,55 : 0.9214"
"55,8 : 0.9214"
"8,56 : 1.048"
"56,8 : 1.048"
"8,57 : 0.664"
"57,8 : 0.664"
"8,58 : 0.8839"
"58,8 : 0.8839"
"8,59 : 0.4305"
"59,8 : 0.4305"
"8,60 : 0.681"
"60,8 : 0.681"
"8,61 : 0.7443"
"61,8 : 0.7443"
"8,62 : 0.8683"
"62,8 : 0.8683"
"8,63 : 0.5731"
"63,8 : 0.5731"
"8,64 : 0.086"
"64,8 : 0.086"
"8,65 : 0.7606"
"65,8 : 0.7606"
"8,66 : 0.7992"
"66,8 : 0.7992"
"8,67 : 0.9309"
"67,8 : 0.9309"
"8,68 : 0.8854"
"68,8 : 0.8854"
"8,69 : 0.9211"
"69,8 : 0.9211"
"8,70 : 0.2302"
"70,8 : 0.2302"
"8,71 : 0.5148"
"71,8 : 0.5148"
"8,72 : 0.0854"
"72,8 : 0.0854"
"8,73 : 1.1669"
"73,8 : 1.1669"
"8,74 : 0.578"
"74,8 : 0.578"
"8,75 : 0.5459"
"75,8 : 0.5459"
"8,76 : 0.6426"
"76,8 : 0.6426"
"8,77 : 0.8627"
"77,8 : 0.8627"
"8,78 : 0.7767"
"78,8 : 0.7767"
"8,79 : 0.8115"
"79,8 : 0.8115"
"8,80 : 0.9144"
"80,8 : 0.9144"
"8,81 : 0.247"
"81,8 : 0.247"
"8,82 : 0.4177"
"82,8 : 0.4177"
"8,83 : 0.1903"
"83,8 : 0.1903"
"8,84 : 0.0141"
"84,8 : 0.0141"
"8,85 : 0.2"
"85,8 : 0.2"
"8,86 : 1.187"
"86,8 : 1.187"
"8,87 : 0.8324"
"87,8 : 0.8324"
"8,88 : 0.9876"
"88,8 : 0.9876"
"8,89 : 0.8801"
"89,8 : 0.8801"
"8,90 : 0.2247"
"90,8 : 0.2247"
"8,91 : 0.6133"
"91,8 : 0.6133"
"8,92 : 0.051"
"92,8 : 0.051"
"8,93 : 0.3517"
"93,8 : 0.3517"
"8,94 : 0.2404"
"94,8 : 0.2404"
"8,95 : 0.7201"
"95,8 : 0.7201"
"8,96 : 0.1649"
"96,8 : 0.1649"
"8,97 : 1.05"
"97,8 : 1.05"
"8,98 : 1.0515"
"98,8 : 1.0515"
"8,99 : 0.6464"
"99,8 : 0.6464"
"9,10 : 0.2571"
"10,9 : 0.2571"
"9,11 : 0.3701"
"11,9 : 0.3701"
"9,12 : 0.5532"
"12,9 : 0.5532"
"9,13 : 0.1581"
"13,9 : 0.1581"
"9,14 : 0.51"
"14,9 : 0.51"
"9,15 : 0.4045"
"15,9 : 0.4045"
"9,16 : 0.4974"
"16,9 : 0.4974"
"9,17 : 0.1924"
"17,9 : 0.1924"
"9,18 : 0.392"
"18,9 : 0.392"
"9,19 : 0.5686"
"19,9 : 0.5686"
"9,20 : 0.4031"
"20,9 : 0.4031"
"9,21 : 0.4754"
"21,9 : 0.4754"
"9,22 : 0.0985"
"22,9 : 0.0985"
"9,23 : 0.3002"
"23,9 : 0.3002"
"9,24 : 0.3102"
"24,9 : 0.3102"
"9,25 : 0.4892"
"25,9 : 0.4892"
"9,26 : 0.1887"
"26,9 : 0.1887"
"9,27 : 0.1868"
"27,9 : 0.1868"
"9,28 : 0.4101"
"28,9 : 0.4101"
"9,29 : 0.441"
"29,9 : 0.441"
"9,30 : 0.6435"
"30,9 : 0.6435"
"9,31 : 0.4827"
"31,9 : 0.4827"
"9,32 : 0.1118"
"32,9 : 0.1118"
"9,33 : 0.4701"
"33,9 : 0.4701"
"9,34 : 0.6366"
"34,9 : 0.6366"
"9,35 : 0.4919"
"35,9 : 0.4919"
"9,36 : 0.39"
"36,9 : 0.39"
"9,37 : 0.6701"
"37,9 : 0.6701"
"9,38 : 0.4105"
"38,9 : 0.4105"
"9,39 : 0.389"
"39,9 : 0.389"
"9,40 : 0.5186"
"40,9 : 0.5186"
"9,41 : 0.2332"
"41,9 : 0.2332"
"9,42 : 0.4965"
"42,9 : 0.4965"
"9,43 : 0.4804"
"43,9 : 0.4804"
"9,44 : 0.372"
"44,9 : 0.372"
"9,45 : 0.473"
"45,9 : 0.473"
"9,46 : 0.3353"
"46,9 : 0.3353"
"9,47 : 0.6294"
"47,9 : 0.6294"
"9,48 : 0.2691"
"48,9 : 0.2691"
"9,49 : 0.3847"
"49,9 : 0.3847"
"9,50 : 0.5367"
"50,9 : 0.5367"
"9,51 : 0.495"
"51,9 : 0.495"
"9,52 : 0.423"
"52,9 : 0.423"
"9,53 : 0.4501"
"53,9 : 0.4501"
"9,54 : 0.2915"
"54,9 : 0.2915"
"9,55 : 0.5685"
"55,9 : 0.5685"
"9,56 : 0.4144"
"56,9 : 0.4144"
"9,57 : 0.0316"
"57,9 : 0.0316"
"9,58 : 0.2474"
"58,9 : 0.2474"
"9,59 : 0.5415"
"59,9 : 0.5415"
"9,60 : 0.0583"
"60,9 : 0.0583"
"9,61 : 0.5033"
"61,9 : 0.5033"
"9,62 : 0.3956"
"62,9 : 0.3956"
"9,63 : 0.3008"
"63,9 : 0.3008"
"9,64 : 0.5964"
"64,9 : 0.5964"
"9,65 : 0.1476"
"65,9 : 0.1476"
"9,66 : 0.1237"
"66,9 : 0.1237"
"9,67 : 0.5093"
"67,9 : 0.5093"
"9,68 : 0.53"
"68,9 : 0.53"
"9,69 : 0.2417"
"69,9 : 0.2417"
"9,70 : 0.6382"
"70,9 : 0.6382"
"9,71 : 0.359"
"71,9 : 0.359"
"9,72 : 0.6378"
"72,9 : 0.6378"
"9,73 : 0.5048"
"73,9 : 0.5048"
"9,74 : 0.2214"
"74,9 : 0.2214"
"9,75 : 0.3132"
"75,9 : 0.3132"
"9,76 : 0.3912"
"76,9 : 0.3912"
"9,77 : 0.3276"
"77,9 : 0.3276"
"9,78 : 0.5449"
"78,9 : 0.5449"
"9,79 : 0.5061"
"79,9 : 0.5061"
"9,80 : 0.3759"
"80,9 : 0.3759"
"9,81 : 0.5825"
"81,9 : 0.5825"
"9,82 : 0.4804"
"82,9 : 0.4804"
"9,83 : 0.6041"
"83,9 : 0.6041"
"9,84 : 0.6963"
"84,9 : 0.6963"
"9,85 : 0.4965"
"85,9 : 0.4965"
"9,86 : 0.5091"
"86,9 : 0.5091"
"9,87 : 0.2631"
"87,9 : 0.2631"
"9,88 : 0.408"
"88,9 : 0.408"
"9,89 : 0.1985"
"89,9 : 0.1985"
"9,90 : 0.4675"
"90,9 : 0.4675"
"9,91 : 0.14"
"91,9 : 0.14"
"9,92 : 0.7043"
"92,9 : 0.7043"
"9,93 : 0.528"
"93,9 : 0.528"
"9,94 : 0.5661"
"94,9 : 0.5661"
"9,95 : 0.3607"
"95,9 : 0.3607"
"9,96 : 0.5686"
"96,9 : 0.5686"
"9,97 : 0.4272"
"97,9 : 0.4272"
"9,98 : 0.3712"
"98,9 : 0.3712"
"9,99 : 0.236"
"99,9 : 0.236"
"10,11 : 0.6239"
"11,10 : 0.6239"
"10,12 : 0.4973"
"12,10 : 0.4973"
"10,13 : 0.1921"
"13,10 : 0.1921"
"10,14 : 0.7072"
"14,10 : 0.7072"
"10,15 : 0.3895"
"15,10 : 0.3895"
"10,16 : 0.49"
"16,10 : 0.49"
"10,17 : 0.446"
"17,10 : 0.446"
"10,18 : 0.3059"
"18,10 : 0.3059"
"10,19 : 0.7885"
"19,10 : 0.7885"
"10,20 : 0.6161"
"20,10 : 0.6161"
"10,21 : 0.7004"
"21,10 : 0.7004"
"10,22 : 0.3265"
"22,10 : 0.3265"
"10,23 : 0.5122"
"23,10 : 0.5122"
"10,24 : 0.1746"
"24,10 : 0.1746"
"10,25 : 0.4357"
"25,10 : 0.4357"
"10,26 : 0.4119"
"26,10 : 0.4119"
"10,27 : 0.3124"
"27,10 : 0.3124"
"10,28 : 0.3523"
"28,10 : 0.3523"
"10,29 : 0.5798"
"29,10 : 0.5798"
"10,30 : 0.8742"
"30,10 : 0.8742"
"10,31 : 0.4332"
"31,10 : 0.4332"
"10,32 : 0.2354"
"32,10 : 0.2354"
"10,33 : 0.6718"
"33,10 : 0.6718"
"10,34 : 0.8684"
"34,10 : 0.8684"
"10,35 : 0.5009"
"35,10 : 0.5009"
"10,36 : 0.1523"
"36,10 : 0.1523"
"10,37 : 0.8549"
"37,10 : 0.8549"
"10,38 : 0.6612"
"38,10 : 0.6612"
"10,39 : 0.3314"
"39,10 : 0.3314"
"10,40 : 0.3493"
"40,10 : 0.3493"
"10,41 : 0.4847"
"41,10 : 0.4847"
"10,42 : 0.542"
"42,10 : 0.542"
"10,43 : 0.4993"
"43,10 : 0.4993"
"10,44 : 0.6172"
"44,10 : 0.6172"
"10,45 : 0.7118"
"45,10 : 0.7118"
"10,46 : 0.1746"
"46,10 : 0.1746"
"10,47 : 0.7926"
"47,10 : 0.7926"
"10,48 : 0.2693"
"48,10 : 0.2693"
"10,49 : 0.13"
"49,10 : 0.13"
"10,50 : 0.7892"
"50,10 : 0.7892"
"10,51 : 0.422"
"51,10 : 0.422"
"10,52 : 0.4686"
"52,10 : 0.4686"
"10,53 : 0.4687"
"53,10 : 0.4687"
"10,54 : 0.3183"
"54,10 : 0.3183"
"10,55 : 0.3956"
"55,10 : 0.3956"
"10,56 : 0.4632"
"56,10 : 0.4632"
"10,57 : 0.2886"
"57,10 : 0.2886"
"10,58 : 0.3551"
"58,10 : 0.3551"
"10,59 : 0.7963"
"59,10 : 0.7963"
"10,60 : 0.2202"
"60,10 : 0.2202"
"10,61 : 0.4159"
"61,10 : 0.4159"
"10,62 : 0.5805"
"62,10 : 0.5805"
"10,63 : 0.5566"
"63,10 : 0.5566"
"10,64 : 0.7912"
"64,10 : 0.7912"
"10,65 : 0.1204"
"65,10 : 0.1204"
"10,66 : 0.1581"
"66,10 : 0.1581"
"10,67 : 0.3138"
"67,10 : 0.3138"
"10,68 : 0.7355"
"68,10 : 0.7355"
"10,69 : 0.1628"
"69,10 : 0.1628"
"10,70 : 0.772"
"70,10 : 0.772"
"10,71 : 0.6161"
"71,10 : 0.6161"
"10,72 : 0.8139"
"72,10 : 0.8139"
"10,73 : 0.4809"
"73,10 : 0.4809"
"10,74 : 0.478"
"74,10 : 0.478"
"10,75 : 0.5701"
"75,10 : 0.5701"
"10,76 : 0.6398"
"76,10 : 0.6398"
"10,77 : 0.4968"
"77,10 : 0.4968"
"10,78 : 0.7794"
"78,10 : 0.7794"
"10,79 : 0.38"
"79,10 : 0.38"
"10,80 : 0.1442"
"80,10 : 0.1442"
"10,81 : 0.7161"
"81,10 : 0.7161"
"10,82 : 0.7344"
"82,10 : 0.7344"
"10,83 : 0.8319"
"83,10 : 0.8319"
"10,84 : 0.8877"
"84,10 : 0.8877"
"10,85 : 0.7106"
"85,10 : 0.7106"
"10,86 : 0.4342"
"86,10 : 0.4342"
"10,87 : 0.4319"
"87,10 : 0.4319"
"10,88 : 0.1523"
"88,10 : 0.1523"
"10,89 : 0.2147"
"89,10 : 0.2147"
"10,90 : 0.65"
"90,10 : 0.65"
"10,91 : 0.2625"
"91,10 : 0.2625"
"10,92 : 0.8857"
"92,10 : 0.8857"
"10,93 : 0.6303"
"93,10 : 0.6303"
"10,94 : 0.7046"
"94,10 : 0.7046"
"10,95 : 0.5936"
"95,10 : 0.5936"
"10,96 : 0.7885"
"96,10 : 0.7885"
"10,97 : 0.4876"
"97,10 : 0.4876"
"10,98 : 0.2435"
"98,10 : 0.2435"
"10,99 : 0.4833"
"99,10 : 0.4833"
"11,12 : 0.7366"
"12,11 : 0.7366"
"11,13 : 0.5064"
"13,11 : 0.5064"
"11,14 : 0.4588"
"14,11 : 0.4588"
"11,15 : 0.5941"
"15,11 : 0.5941"
"11,16 : 0.7489"
"16,11 : 0.7489"
"11,17 : 0.2154"
"17,11 : 0.2154"
"11,18 : 0.7178"
"18,11 : 0.7178"
"11,19 : 0.283"
"19,11 : 0.283"
"11,20 : 0.211"
"20,11 : 0.211"
"11,21 : 0.2025"
"21,11 : 0.2025"
"11,22 : 0.3396"
"22,11 : 0.3396"
"11,23 : 0.333"
"23,11 : 0.333"
"11,24 : 0.6675"
"24,11 : 0.6675"
"11,25 : 0.7783"
"25,11 : 0.7783"
"11,26 : 0.2371"
"26,11 : 0.2371"
"11,27 : 0.4531"
"27,11 : 0.4531"
"11,28 : 0.7169"
"28,11 : 0.7169"
"11,29 : 0.4016"
"29,11 : 0.4016"
"11,30 : 0.4491"
"30,11 : 0.4491"
"11,31 : 0.6788"
"31,11 : 0.6788"
"11,32 : 0.408"
"32,11 : 0.408"
"11,33 : 0.4238"
"33,11 : 0.4238"
"11,34 : 0.4393"
"34,11 : 0.4393"
"11,35 : 0.7301"
"35,11 : 0.7301"
"11,36 : 0.7601"
"36,11 : 0.7601"
"11,37 : 0.4494"
"37,11 : 0.4494"
"11,38 : 0.05"
"38,11 : 0.05"
"11,39 : 0.7001"
"39,11 : 0.7001"
"11,40 : 0.8112"
"40,11 : 0.8112"
"11,41 : 0.2025"
"41,11 : 0.2025"
"11,42 : 0.578"
"42,11 : 0.578"
"11,43 : 0.6022"
"43,11 : 0.6022"
"11,44 : 0.2214"
"44,11 : 0.2214"
"11,45 : 0.15"
"45,11 : 0.15"
"11,46 : 0.6958"
"46,11 : 0.6958"
"11,47 : 0.4653"
"47,11 : 0.4653"
"11,48 : 0.5819"
"48,11 : 0.5819"
"11,49 : 0.7533"
"49,11 : 0.7533"
"11,50 : 0.255"
"50,11 : 0.255"
"11,51 : 0.7962"
"51,11 : 0.7962"
"11,52 : 0.536"
"52,11 : 0.536"
"11,53 : 0.5841"
"53,11 : 0.5841"
"11,54 : 0.5"
"54,11 : 0.5"
"11,55 : 0.8576"
"55,11 : 0.8576"
"11,56 : 0.636"
"56,11 : 0.636"
"11,57 : 0.34"
"57,11 : 0.34"
"11,58 : 0.4876"
"58,11 : 0.4876"
"11,59 : 0.1726"
"59,11 : 0.1726"
"11,60 : 0.4045"
"60,11 : 0.4045"
"11,61 : 0.73"
"61,11 : 0.73"
"11,62 : 0.4272"
"62,11 : 0.4272"
"11,63 : 0.1345"
"63,11 : 0.1345"
"11,64 : 0.37"
"64,11 : 0.37"
"11,65 : 0.5064"
"65,11 : 0.5064"
"11,66 : 0.4904"
"66,11 : 0.4904"
"11,67 : 0.8229"
"67,11 : 0.8229"
"11,68 : 0.4491"
"68,11 : 0.4491"
"11,69 : 0.5968"
"69,11 : 0.5968"
"11,70 : 0.53"
"70,11 : 0.53"
"11,71 : 0.0728"
"71,11 : 0.0728"
"11,72 : 0.4438"
"72,11 : 0.4438"
"11,73 : 0.7685"
"73,11 : 0.7685"
"11,74 : 0.1709"
"74,11 : 0.1709"
"11,75 : 0.1063"
"75,11 : 0.1063"
"11,76 : 0.204"
"76,11 : 0.204"
"11,77 : 0.4314"
"77,11 : 0.4314"
"11,78 : 0.3612"
"78,11 : 0.3612"
"11,79 : 0.7661"
"79,11 : 0.7661"
"11,80 : 0.7253"
"80,11 : 0.7253"
"11,81 : 0.4916"
"81,11 : 0.4916"
"11,82 : 0.1105"
"82,11 : 0.1105"
"11,83 : 0.29"
"83,11 : 0.29"
"11,84 : 0.4562"
"84,11 : 0.4562"
"11,85 : 0.25"
"85,11 : 0.25"
"11,86 : 0.8096"
"86,11 : 0.8096"
"11,87 : 0.414"
"87,11 : 0.414"
"11,88 : 0.771"
"88,11 : 0.771"
"11,89 : 0.5337"
"89,11 : 0.5337"
"11,90 : 0.3206"
"90,11 : 0.3206"
"11,91 : 0.3992"
"91,11 : 0.3992"
"11,92 : 0.4847"
"92,11 : 0.4847"
"11,93 : 0.5124"
"93,11 : 0.5124"
"11,94 : 0.4717"
"94,11 : 0.4717"
"11,95 : 0.2773"
"95,11 : 0.2773"
"11,96 : 0.283"
"96,11 : 0.283"
"11,97 : 0.6325"
"97,11 : 0.6325"
"11,98 : 0.7181"
"98,11 : 0.7181"
"11,99 : 0.222"
"99,11 : 0.222"
"12,13 : 0.6301"
"13,12 : 0.6301"
"12,14 : 1.0534"
"14,12 : 1.0534"
"12,15 : 0.1523"
"15,12 : 0.1523"
"12,16 : 0.9787"
"16,12 : 0.9787"
"12,17 : 0.6935"
"17,12 : 0.6935"
"12,18 : 0.8028"
"18,12 : 0.8028"
"12,19 : 0.7111"
"19,12 : 0.7111"
"12,20 : 0.5801"
"20,12 : 0.5801"
"12,21 : 0.6657"
"21,12 : 0.6657"
"12,22 : 0.65"
"22,12 : 0.65"
"12,23 : 0.8443"
"23,12 : 0.8443"
"12,24 : 0.6719"
"24,12 : 0.6719"
"12,25 : 0.9317"
"25,12 : 0.9317"
"12,26 : 0.5215"
"26,12 : 0.5215"
"12,27 : 0.7234"
"27,12 : 0.7234"
"12,28 : 0.8472"
"28,12 : 0.8472"
"12,29 : 0.3981"
"29,12 : 0.3981"
"12,30 : 1.1474"
"30,12 : 1.1474"
"12,31 : 0.0707"
"31,12 : 0.0707"
"12,32 : 0.4415"
"32,12 : 0.4415"
"12,33 : 1.0124"
"33,12 : 1.0124"
"12,34 : 1.1388"
"34,12 : 1.1388"
"12,35 : 0.9851"
"35,12 : 0.9851"
"12,36 : 0.6037"
"36,12 : 0.6037"
"12,37 : 0.6629"
"37,12 : 0.6629"
"12,38 : 0.7425"
"38,12 : 0.7425"
"12,39 : 0.8257"
"39,12 : 0.8257"
"12,40 : 0.2524"
"40,12 : 0.2524"
"12,41 : 0.7335"
"41,12 : 0.7335"
"12,42 : 0.2062"
"42,12 : 0.2062"
"12,43 : 0.1523"
"43,12 : 0.1523"
"12,44 : 0.8683"
"44,12 : 0.8683"
"12,45 : 0.722"
"45,12 : 0.722"
"12,46 : 0.6705"
"46,12 : 0.6705"
"12,47 : 0.5672"
"47,12 : 0.5672"
"12,48 : 0.7424"
"48,12 : 0.7424"
"12,49 : 0.5459"
"49,12 : 0.5459"
"12,50 : 0.9841"
"50,12 : 0.9841"
"12,51 : 0.9192"
"51,12 : 0.9192"
"12,52 : 0.2081"
"52,12 : 0.2081"
"12,53 : 0.1581"
"53,12 : 0.1581"
"12,54 : 0.2657"
"54,12 : 0.2657"
"12,55 : 0.26"
"55,12 : 0.26"
"12,56 : 0.9302"
"56,12 : 0.9302"
"12,57 : 0.5701"
"57,12 : 0.5701"
"12,58 : 0.7823"
"58,12 : 0.7823"
"12,59 : 0.8786"
"59,12 : 0.8786"
"12,60 : 0.4982"
"60,12 : 0.4982"
"12,61 : 0.0922"
"61,12 : 0.0922"
"12,62 : 0.9464"
"62,12 : 0.9464"
"12,63 : 0.7632"
"63,12 : 0.7632"
"12,64 : 0.642"
"64,12 : 0.642"
"12,65 : 0.4701"
"65,12 : 0.4701"
"12,66 : 0.57"
"66,12 : 0.57"
"12,67 : 0.314"
"67,12 : 0.314"
"12,68 : 1.0678"
"68,12 : 1.0678"
"12,69 : 0.6478"
"69,12 : 0.6478"
"12,70 : 0.4904"
"70,12 : 0.4904"
"12,71 : 0.778"
"71,12 : 0.778"
"12,72 : 0.6119"
"72,12 : 0.6119"
"12,73 : 0.9732"
"73,12 : 0.9732"
"12,74 : 0.6935"
"74,12 : 0.6935"
"12,75 : 0.7572"
"75,12 : 0.7572"
"12,76 : 0.8746"
"76,12 : 0.8746"
"12,77 : 0.8807"
"77,12 : 0.8807"
"12,78 : 1.0481"
"78,12 : 1.0481"
"12,79 : 0.164"
"79,12 : 0.164"
"12,80 : 0.4168"
"80,12 : 0.4168"
"12,81 : 0.454"
"81,12 : 0.454"
"12,82 : 0.8207"
"82,12 : 0.8207"
"12,83 : 0.7692"
"83,12 : 0.7692"
"12,84 : 0.7041"
"84,12 : 0.7041"
"12,85 : 0.6401"
"85,12 : 0.6401"
"12,86 : 0.9315"
"86,12 : 0.9315"
"12,87 : 0.8158"
"87,12 : 0.8158"
"12,88 : 0.4993"
"88,12 : 0.4993"
"12,89 : 0.6707"
"89,12 : 0.6707"
"12,90 : 0.5233"
"90,12 : 0.5233"
"12,91 : 0.4176"
"91,12 : 0.4176"
"12,92 : 0.6774"
"92,12 : 0.6774"
"12,93 : 0.3453"
"93,12 : 0.3453"
"12,94 : 0.4571"
"94,12 : 0.4571"
"12,95 : 0.8814"
"95,12 : 0.8814"
"12,96 : 0.7111"
"96,12 : 0.7111"
"12,97 : 0.95"
"97,12 : 0.95"
"12,98 : 0.7404"
"98,12 : 0.7404"
"12,99 : 0.7473"
"99,12 : 0.7473"
"13,14 : 0.5162"
"14,13 : 0.5162"
"13,15 : 0.495"
"15,13 : 0.495"
"13,16 : 0.3606"
"16,13 : 0.3606"
"13,17 : 0.3"
"17,13 : 0.3"
"13,18 : 0.2343"
"18,13 : 0.2343"
"13,19 : 0.7245"
"19,13 : 0.7245"
"13,20 : 0.5608"
"20,13 : 0.5608"
"13,21 : 0.6307"
"21,13 : 0.6307"
"13,22 : 0.17"
"22,13 : 0.17"
"13,23 : 0.3276"
