x,y
0.99,0.74
0.91,0.25
0.76,0.06
0.99,0.68
0.31,0.67
0.63,0.03
0.08,0.84
0.85,0.39
0.05,0.34
0.01,0.54
0.76,0.45
0.31,0.47
0.5,0.85
0.66,0.66
0.33,0.08
0.2,0.73
0.06,0.57
0.58,0.65
0.52,0.95
0.35,0.46
0.08,0.62
0.31,0.43
0.81,0.47
0.76,0.46
0.51,1.0
0.48,0.24
0.26,0.16
0.12,0.86
0.98,0.61
0.66,0.28
0.11,0.78
0.85,0.91
0.06,0.58
0.78,0.21
0.88,0.15
0.74,0.58
0.95,0.43
0.83,0.5
0.95,0.4
0.69,0.84
0.68,0.4
0.3,0.97
0.53,0.12
0.92,0.54
0.63,0.99
0.3,0.6
0.45,0.4
0.21,0.04
0.48,0.23
0.73,0.01
0.13,0.21
0.55,0.49
0.45,0.95
0.21,0.55
0.91,0.04
0.63,0.77
0.53,0.79
0.23,0.76
0.43,0.9
0.77,0.14
0.94,0.15
0.51,0.04
0.04,0.02
0.97,0.33
0.2,0.63
0.75,0.12
0.99,0.42
0.49,0.27
0.98,0.94
0.46,0.66
0.1,0.81
0.49,0.16
0.82,0.23
0.49,0.03
0.38,0.81
0.37,0.7
0.32,0.33
0.99,0.94
0.86,0.47
0.74,0.4
0.13,0.75
0.92,0.28
0.12,0.65
0.41,0.7
0.36,0.64
0.66,0.88
0.84,0.17
0.13,0.68
0.07,0.37
0.07,0.89
0.43,0.58
0.36,0.73
0.78,0.59
0.91,0.64
0.52,0.89
0.3,0.63
0.94,0.85
0.52,0.53
0.58,0.88
0.95,0.22

Distanze
"0,1 : 0.4965"
"1,0 : 0.4965"
"0,2 : 0.7178"
"2,0 : 0.7178"
"0,3 : 0.06"
"3,0 : 0.06"
"0,4 : 0.6836"
"4,0 : 0.6836"
"0,5 : 0.7961"
"5,0 : 0.7961"
"0,6 : 0.9155"
"6,0 : 0.9155"
"0,7 : 0.377"
"7,0 : 0.377"
"0,8 : 1.0216"
"8,0 : 1.0216"
"0,9 : 1.0002"
"9,0 : 1.0002"
"0,10 : 0.3701"
"10,0 : 0.3701"
"0,11 : 0.7316"
"11,0 : 0.7316"
"0,12 : 0.5022"
"12,0 : 0.5022"
"0,13 : 0.3396"
"13,0 : 0.3396"
"0,14 : 0.9334"
"14,0 : 0.9334"
"0,15 : 0.7901"
"15,0 : 0.7901"
"0,16 : 0.9454"
"16,0 : 0.9454"
"0,17 : 0.4198"
"17,0 : 0.4198"
"0,18 : 0.5148"
"18,0 : 0.5148"
"0,19 : 0.6986"
"19,0 : 0.6986"
"0,20 : 0.9179"
"20,0 : 0.9179"
"0,21 : 0.7473"
"21,0 : 0.7473"
"0,22 : 0.3245"
"22,0 : 0.3245"
"0,23 : 0.3624"
"23,0 : 0.3624"
"0,24 : 0.5459"
"24,0 : 0.5459"
"0,25 : 0.7142"
"25,0 : 0.7142"
"0,26 : 0.9324"
"26,0 : 0.9324"
"0,27 : 0.8782"
"27,0 : 0.8782"
"0,28 : 0.1304"
"28,0 : 0.1304"
"0,29 : 0.5661"
"29,0 : 0.5661"
"0,30 : 0.8809"
"30,0 : 0.8809"
"0,31 : 0.2202"
"31,0 : 0.2202"
"0,32 : 0.9437"
"32,0 : 0.9437"
"0,33 : 0.5701"
"33,0 : 0.5701"
"0,34 : 0.6002"
"34,0 : 0.6002"
"0,35 : 0.2968"
"35,0 : 0.2968"
"0,36 : 0.3126"
"36,0 : 0.3126"
"0,37 : 0.2884"
"37,0 : 0.2884"
"0,38 : 0.3423"
"38,0 : 0.3423"
"0,39 : 0.3162"
"39,0 : 0.3162"
"0,40 : 0.4601"
"40,0 : 0.4601"
"0,41 : 0.7273"
"41,0 : 0.7273"
"0,42 : 0.772"
"42,0 : 0.772"
"0,43 : 0.2119"
"43,0 : 0.2119"
"0,44 : 0.4383"
"44,0 : 0.4383"
"0,45 : 0.7041"
"45,0 : 0.7041"
"0,46 : 0.6381"
"46,0 : 0.6381"
"0,47 : 1.048"
"47,0 : 1.048"
"0,48 : 0.7212"
"48,0 : 0.7212"
"0,49 : 0.7749"
"49,0 : 0.7749"
"0,50 : 1.0102"
"50,0 : 1.0102"
"0,51 : 0.5061"
"51,0 : 0.5061"
"0,52 : 0.5794"
"52,0 : 0.5794"
"0,53 : 0.8028"
"53,0 : 0.8028"
"0,54 : 0.7046"
"54,0 : 0.7046"
"0,55 : 0.3612"
"55,0 : 0.3612"
"0,56 : 0.4627"
"56,0 : 0.4627"
"0,57 : 0.7603"
"57,0 : 0.7603"
"0,58 : 0.5824"
"58,0 : 0.5824"
"0,59 : 0.6391"
"59,0 : 0.6391"
"0,60 : 0.5921"
"60,0 : 0.5921"
"0,61 : 0.8488"
"61,0 : 0.8488"
"0,62 : 1.192"
"62,0 : 1.192"
"0,63 : 0.4105"
"63,0 : 0.4105"
"0,64 : 0.7976"
"64,0 : 0.7976"
"0,65 : 0.6648"
"65,0 : 0.6648"
"0,66 : 0.32"
"66,0 : 0.32"
"0,67 : 0.6862"
"67,0 : 0.6862"
"0,68 : 0.2002"
"68,0 : 0.2002"
"0,69 : 0.536"
"69,0 : 0.536"
"0,70 : 0.8927"
"70,0 : 0.8927"
"0,71 : 0.7658"
"71,0 : 0.7658"
"0,72 : 0.5376"
"72,0 : 0.5376"
"0,73 : 0.8684"
"73,0 : 0.8684"
"0,74 : 0.614"
"74,0 : 0.614"
"0,75 : 0.6213"
"75,0 : 0.6213"
"0,76 : 0.7855"
"76,0 : 0.7855"
"0,77 : 0.2"
"77,0 : 0.2"
"0,78 : 0.2997"
"78,0 : 0.2997"
"0,79 : 0.422"
"79,0 : 0.422"
"0,80 : 0.8601"
"80,0 : 0.8601"
"0,81 : 0.4653"
"81,0 : 0.4653"
"0,82 : 0.8746"
"82,0 : 0.8746"
"0,83 : 0.5814"
"83,0 : 0.5814"
"0,84 : 0.6379"
"84,0 : 0.6379"
"0,85 : 0.3585"
"85,0 : 0.3585"
"0,86 : 0.5894"
"86,0 : 0.5894"
"0,87 : 0.8621"
"87,0 : 0.8621"
"0,88 : 0.9916"
"88,0 : 0.9916"
"0,89 : 0.9321"
"89,0 : 0.9321"
"0,90 : 0.5824"
"90,0 : 0.5824"
"0,91 : 0.6301"
"91,0 : 0.6301"
"0,92 : 0.2581"
"92,0 : 0.2581"
"0,93 : 0.1281"
"93,0 : 0.1281"
"0,94 : 0.4934"
"94,0 : 0.4934"
"0,95 : 0.6987"
"95,0 : 0.6987"
"0,96 : 0.1208"
"96,0 : 0.1208"
"0,97 : 0.5148"
"97,0 : 0.5148"
"0,98 : 0.4332"
"98,0 : 0.4332"
"0,99 : 0.5215"
"99,0 : 0.5215"
"1,2 : 0.2421"
"2,1 : 0.2421"
"1,3 : 0.4374"
"3,1 : 0.4374"
"1,4 : 0.7324"
"4,1 : 0.7324"
"1,5 : 0.3561"
"5,1 : 0.3561"
"1,6 : 1.0183"
"6,1 : 1.0183"
"1,7 : 0.1523"
"7,1 : 0.1523"
"1,8 : 0.8647"
"8,1 : 0.8647"
"1,9 : 0.9456"
"9,1 : 0.9456"
"1,10 : 0.25"
"10,1 : 0.25"
"1,11 : 0.6391"
"11,1 : 0.6391"
"1,12 : 0.7267"
"12,1 : 0.7267"
"1,13 : 0.4802"
"13,1 : 0.4802"
"1,14 : 0.6044"
"14,1 : 0.6044"
"1,15 : 0.857"
"15,1 : 0.857"
"1,16 : 0.9082"
"16,1 : 0.9082"
"1,17 : 0.5186"
"17,1 : 0.5186"
"1,18 : 0.8013"
"18,1 : 0.8013"
"1,19 : 0.5981"
"19,1 : 0.5981"
"1,20 : 0.9087"
"20,1 : 0.9087"
"1,21 : 0.6264"
"21,1 : 0.6264"
"1,22 : 0.2417"
"22,1 : 0.2417"
"1,23 : 0.2581"
"23,1 : 0.2581"
"1,24 : 0.85"
"24,1 : 0.85"
"1,25 : 0.4301"
"25,1 : 0.4301"
"1,26 : 0.6562"
"26,1 : 0.6562"
"1,27 : 0.9981"
"27,1 : 0.9981"
"1,28 : 0.3667"
"28,1 : 0.3667"
"1,29 : 0.2518"
"29,1 : 0.2518"
"1,30 : 0.9596"
"30,1 : 0.9596"
"1,31 : 0.6627"
"31,1 : 0.6627"
"1,32 : 0.9118"
"32,1 : 0.9118"
"1,33 : 0.136"
"33,1 : 0.136"
"1,34 : 0.1044"
"34,1 : 0.1044"
"1,35 : 0.3712"
"35,1 : 0.3712"
"1,36 : 0.1844"
"36,1 : 0.1844"
"1,37 : 0.2625"
"37,1 : 0.2625"
"1,38 : 0.1552"
"38,1 : 0.1552"
"1,39 : 0.6297"
"39,1 : 0.6297"
"1,40 : 0.2746"
"40,1 : 0.2746"
"1,41 : 0.9437"
"41,1 : 0.9437"
"1,42 : 0.4016"
"42,1 : 0.4016"
"1,43 : 0.2902"
"43,1 : 0.2902"
"1,44 : 0.7912"
"44,1 : 0.7912"
"1,45 : 0.7033"
"45,1 : 0.7033"
"1,46 : 0.4838"
"46,1 : 0.4838"
"1,47 : 0.7308"
"47,1 : 0.7308"
"1,48 : 0.4305"
"48,1 : 0.4305"
"1,49 : 0.3"
"49,1 : 0.3"
"1,50 : 0.781"
"50,1 : 0.781"
"1,51 : 0.4327"
"51,1 : 0.4327"
"1,52 : 0.8376"
"52,1 : 0.8376"
"1,53 : 0.7616"
"53,1 : 0.7616"
"1,54 : 0.21"
"54,1 : 0.21"
"1,55 : 0.5906"
"55,1 : 0.5906"
"1,56 : 0.6603"
"56,1 : 0.6603"
"1,57 : 0.85"
"57,1 : 0.85"
"1,58 : 0.808"
"58,1 : 0.808"
"1,59 : 0.178"
"59,1 : 0.178"
"1,60 : 0.1044"
"60,1 : 0.1044"
"1,61 : 0.4518"
"61,1 : 0.4518"
"1,62 : 0.8999"
"62,1 : 0.8999"
"1,63 : 0.1"
"63,1 : 0.1"
"1,64 : 0.8053"
"64,1 : 0.8053"
"1,65 : 0.2062"
"65,1 : 0.2062"
"1,66 : 0.1879"
"66,1 : 0.1879"
"1,67 : 0.4205"
"67,1 : 0.4205"
"1,68 : 0.6935"
"68,1 : 0.6935"
"1,69 : 0.6088"
"69,1 : 0.6088"
"1,70 : 0.9847"
"70,1 : 0.9847"
"1,71 : 0.4295"
"71,1 : 0.4295"
"1,72 : 0.0922"
"72,1 : 0.0922"
"1,73 : 0.4741"
"73,1 : 0.4741"
"1,74 : 0.771"
"74,1 : 0.771"
"1,75 : 0.7029"
"75,1 : 0.7029"
"1,76 : 0.5954"
"76,1 : 0.5954"
"1,77 : 0.6946"
"77,1 : 0.6946"
"1,78 : 0.2256"
"78,1 : 0.2256"
"1,79 : 0.2267"
"79,1 : 0.2267"
"1,80 : 0.9265"
"80,1 : 0.9265"
"1,81 : 0.0316"
"81,1 : 0.0316"
"1,82 : 0.8855"
"82,1 : 0.8855"
"1,83 : 0.6727"
"83,1 : 0.6727"
"1,84 : 0.6742"
"84,1 : 0.6742"
"1,85 : 0.6778"
"85,1 : 0.6778"
"1,86 : 0.1063"
"86,1 : 0.1063"
"1,87 : 0.8907"
"87,1 : 0.8907"
"1,88 : 0.8485"
"88,1 : 0.8485"
"1,89 : 1.056"
"89,1 : 1.056"
"1,90 : 0.5825"
"90,1 : 0.5825"
"1,91 : 0.73"
"91,1 : 0.73"
"1,92 : 0.364"
"92,1 : 0.364"
"1,93 : 0.39"
"93,1 : 0.39"
"1,94 : 0.7495"
"94,1 : 0.7495"
"1,95 : 0.7187"
"95,1 : 0.7187"
"1,96 : 0.6007"
"96,1 : 0.6007"
"1,97 : 0.4801"
"97,1 : 0.4801"
"1,98 : 0.7112"
"98,1 : 0.7112"
"1,99 : 0.05"
"99,1 : 0.05"
"2,3 : 0.6613"
"3,2 : 0.6613"
"2,4 : 0.758"
"4,2 : 0.758"
"2,5 : 0.1334"
"5,2 : 0.1334"
"2,6 : 1.0348"
"6,2 : 1.0348"
"2,7 : 0.3421"
"7,2 : 0.3421"
"2,8 : 0.7632"
"8,2 : 0.7632"
"2,9 : 0.8904"
"9,2 : 0.8904"
"2,10 : 0.39"
"10,2 : 0.39"
"2,11 : 0.6088"
"11,2 : 0.6088"
"2,12 : 0.8317"
"12,2 : 0.8317"
"2,13 : 0.6083"
"13,2 : 0.6083"
"2,14 : 0.4305"
"14,2 : 0.4305"
"2,15 : 0.8732"
"15,2 : 0.8732"
"2,16 : 0.8661"
"16,2 : 0.8661"
"2,17 : 0.6168"
"17,2 : 0.6168"
"2,18 : 0.9218"
"18,2 : 0.9218"
"2,19 : 0.5728"
"19,2 : 0.5728"
"2,20 : 0.8809"
"20,2 : 0.8809"
"2,21 : 0.5826"
"21,2 : 0.5826"
"2,22 : 0.413"
"22,2 : 0.413"
"2,23 : 0.4"
"23,2 : 0.4"
"2,24 : 0.9727"
"24,2 : 0.9727"
"2,25 : 0.3329"
"25,2 : 0.3329"
"2,26 : 0.5099"
"26,2 : 0.5099"
"2,27 : 1.0245"
"27,2 : 1.0245"
"2,28 : 0.5924"
"28,2 : 0.5924"
"2,29 : 0.2417"
"29,2 : 0.2417"
"2,30 : 0.97"
"30,2 : 0.97"
"2,31 : 0.8548"
"31,2 : 0.8548"
"2,32 : 0.872"
"32,2 : 0.872"
"2,33 : 0.1513"
"33,2 : 0.1513"
"2,34 : 0.15"
"34,2 : 0.15"
"2,35 : 0.5204"
"35,2 : 0.5204"
"2,36 : 0.4159"
"36,2 : 0.4159"
"2,37 : 0.4455"
"37,2 : 0.4455"
"2,38 : 0.3895"
"38,2 : 0.3895"
"2,39 : 0.7831"
"39,2 : 0.7831"
"2,40 : 0.3493"
"40,2 : 0.3493"
"2,41 : 1.0197"
"41,2 : 1.0197"
"2,42 : 0.2377"
"42,2 : 0.2377"
"2,43 : 0.506"
"43,2 : 0.506"
"2,44 : 0.939"
"44,2 : 0.939"
"2,45 : 0.7094"
"45,2 : 0.7094"
"2,46 : 0.4601"
"46,2 : 0.4601"
"2,47 : 0.5504"
"47,2 : 0.5504"
"2,48 : 0.3276"
"48,2 : 0.3276"
"2,49 : 0.0583"
"49,2 : 0.0583"
"2,50 : 0.6476"
"50,2 : 0.6476"
"2,51 : 0.4785"
"51,2 : 0.4785"
"2,52 : 0.9424"
"52,2 : 0.9424"
"2,53 : 0.7366"
"53,2 : 0.7366"
"2,54 : 0.1513"
"54,2 : 0.1513"
"2,55 : 0.7218"
"55,2 : 0.7218"
"2,56 : 0.7654"
"56,2 : 0.7654"
"2,57 : 0.878"
"57,2 : 0.878"
"2,58 : 0.9025"
"58,2 : 0.9025"
"2,59 : 0.0806"
"59,2 : 0.0806"
"2,60 : 0.2012"
"60,2 : 0.2012"
"2,61 : 0.2508"
"61,2 : 0.2508"
"2,62 : 0.7211"
"62,2 : 0.7211"
"2,63 : 0.3421"
"63,2 : 0.3421"
"2,64 : 0.7991"
"64,2 : 0.7991"
"2,65 : 0.0608"
"65,2 : 0.0608"
"2,66 : 0.4272"
"66,2 : 0.4272"
"2,67 : 0.3421"
"67,2 : 0.3421"
"2,68 : 0.9071"
"68,2 : 0.9071"
"2,69 : 0.6708"
"69,2 : 0.6708"
"2,70 : 0.999"
"70,2 : 0.999"
"2,71 : 0.2879"
"71,2 : 0.2879"
"2,72 : 0.1803"
"72,2 : 0.1803"
"2,73 : 0.2717"
"73,2 : 0.2717"
"2,74 : 0.8408"
"74,2 : 0.8408"
"2,75 : 0.7495"
"75,2 : 0.7495"
"2,76 : 0.5162"
"76,2 : 0.5162"
"2,77 : 0.9096"
"77,2 : 0.9096"
"2,78 : 0.422"
"78,2 : 0.422"
"2,79 : 0.3406"
"79,2 : 0.3406"
"2,80 : 0.9343"
"80,2 : 0.9343"
"2,81 : 0.272"
"81,2 : 0.272"
"2,82 : 0.8705"
"82,2 : 0.8705"
"2,83 : 0.7295"
"83,2 : 0.7295"
"2,84 : 0.7046"
"84,2 : 0.7046"
"2,85 : 0.8261"
"85,2 : 0.8261"
"2,86 : 0.136"
"86,2 : 0.136"
"2,87 : 0.8839"
"87,2 : 0.8839"
"2,88 : 0.7564"
"88,2 : 0.7564"
"2,89 : 1.0794"
"89,2 : 1.0794"
"2,90 : 0.6159"
"90,2 : 0.6159"
"2,91 : 0.7803"
"91,2 : 0.7803"
"2,92 : 0.5304"
"92,2 : 0.5304"
"2,93 : 0.5991"
"93,2 : 0.5991"
"2,94 : 0.864"
"94,2 : 0.864"
"2,95 : 0.7325"
"95,2 : 0.7325"
"2,96 : 0.8102"
"96,2 : 0.8102"
"2,97 : 0.5277"
"97,2 : 0.5277"
"2,98 : 0.8395"
"98,2 : 0.8395"
"2,99 : 0.2484"
"99,2 : 0.2484"
"3,4 : 0.6801"
"4,3 : 0.6801"
"3,5 : 0.743"
"5,3 : 0.743"
"3,6 : 0.924"
"6,3 : 0.924"
"3,7 : 0.322"
"7,3 : 0.322"
"3,8 : 0.9996"
"8,3 : 0.9996"
"3,9 : 0.9899"
"9,3 : 0.9899"
"3,10 : 0.3253"
"10,3 : 0.3253"
"3,11 : 0.7117"
"11,3 : 0.7117"
"3,12 : 0.5187"
"12,3 : 0.5187"
"3,13 : 0.3306"
"13,3 : 0.3306"
"3,14 : 0.892"
"14,3 : 0.892"
"3,15 : 0.7916"
"15,3 : 0.7916"
"3,16 : 0.9365"
"16,3 : 0.9365"
"3,17 : 0.4111"
"17,3 : 0.4111"
"3,18 : 0.542"
"18,3 : 0.542"
"3,19 : 0.6768"
"19,3 : 0.6768"
"3,20 : 0.912"
"20,3 : 0.912"
"3,21 : 0.7245"
"21,3 : 0.7245"
"3,22 : 0.2766"
"22,3 : 0.2766"
"3,23 : 0.3183"
"23,3 : 0.3183"
"3,24 : 0.5769"
"24,3 : 0.5769"
"3,25 : 0.6736"
"25,3 : 0.6736"
"3,26 : 0.8963"
"26,3 : 0.8963"
"3,27 : 0.8884"
"27,3 : 0.8884"
"3,28 : 0.0707"
"28,3 : 0.0707"
"3,29 : 0.5186"
"29,3 : 0.5186"
"3,30 : 0.8857"
"30,3 : 0.8857"
"3,31 : 0.2693"
"31,3 : 0.2693"
"3,32 : 0.9354"
"32,3 : 0.9354"
"3,33 : 0.5148"
"33,3 : 0.5148"
"3,34 : 0.5413"
"34,3 : 0.5413"
"3,35 : 0.2693"
"35,3 : 0.2693"
"3,36 : 0.2532"
"36,3 : 0.2532"
"3,37 : 0.2408"
"37,3 : 0.2408"
"3,38 : 0.2828"
"38,3 : 0.2828"
"3,39 : 0.34"
"39,3 : 0.34"
"3,40 : 0.4177"
"40,3 : 0.4177"
"3,41 : 0.7485"
"41,3 : 0.7485"
"3,42 : 0.7247"
"42,3 : 0.7247"
"3,43 : 0.1565"
"43,3 : 0.1565"
"3,44 : 0.4751"
"44,3 : 0.4751"
"3,45 : 0.6946"
"45,3 : 0.6946"
"3,46 : 0.6083"
"46,3 : 0.6083"
"3,47 : 1.009"
"47,3 : 1.009"
"3,48 : 0.6801"
"48,3 : 0.6801"
"3,49 : 0.7187"
"49,3 : 0.7187"
"3,50 : 0.9801"
"50,3 : 0.9801"
"3,51 : 0.4793"
"51,3 : 0.4793"
"3,52 : 0.6037"
"52,3 : 0.6037"
"3,53 : 0.7908"
"53,3 : 0.7908"
"3,54 : 0.645"
"54,3 : 0.645"
"3,55 : 0.3711"
"55,3 : 0.3711"
"3,56 : 0.473"
"56,3 : 0.473"
"3,57 : 0.7642"
"57,3 : 0.7642"
"3,58 : 0.6017"
"58,3 : 0.6017"
"3,59 : 0.5831"
"59,3 : 0.5831"
"3,60 : 0.5324"
"60,3 : 0.5324"
"3,61 : 0.8"
"61,3 : 0.8"
"3,62 : 1.1568"
"62,3 : 1.1568"
"3,63 : 0.3506"
"63,3 : 0.3506"
"3,64 : 0.7916"
"64,3 : 0.7916"
"3,65 : 0.6093"
"65,3 : 0.6093"
"3,66 : 0.26"
"66,3 : 0.26"
"3,67 : 0.6466"
"67,3 : 0.6466"
"3,68 : 0.2602"
"68,3 : 0.2602"
"3,69 : 0.5304"
"69,3 : 0.5304"
"3,70 : 0.8994"
"70,3 : 0.8994"
"3,71 : 0.7214"
"71,3 : 0.7214"
"3,72 : 0.481"
"72,3 : 0.481"
"3,73 : 0.8201"
"73,3 : 0.8201"
"3,74 : 0.6237"
"74,3 : 0.6237"
"3,75 : 0.6203"
"75,3 : 0.6203"
"3,76 : 0.7559"
"76,3 : 0.7559"
"3,77 : 0.26"
"77,3 : 0.26"
"3,78 : 0.247"
"78,3 : 0.247"
"3,79 : 0.3754"
"79,3 : 0.3754"
"3,80 : 0.8628"
"80,3 : 0.8628"
"3,81 : 0.4061"
"81,3 : 0.4061"
"3,82 : 0.8705"
"82,3 : 0.8705"
"3,83 : 0.5803"
"83,3 : 0.5803"
"3,84 : 0.6313"
"84,3 : 0.6313"
"3,85 : 0.3859"
"85,3 : 0.3859"
"3,86 : 0.5316"
"86,3 : 0.5316"
"3,87 : 0.86"
"87,3 : 0.86"
"3,88 : 0.9708"
"88,3 : 0.9708"
"3,89 : 0.9437"
"89,3 : 0.9437"
"3,90 : 0.5689"
"90,3 : 0.5689"
"3,91 : 0.632"
"91,3 : 0.632"
"3,92 : 0.2285"
"92,3 : 0.2285"
"3,93 : 0.0894"
"93,3 : 0.0894"
"3,94 : 0.5148"
"94,3 : 0.5148"
"3,95 : 0.6918"
"95,3 : 0.6918"
"3,96 : 0.1772"
"96,3 : 0.1772"
"3,97 : 0.4934"
"97,3 : 0.4934"
"3,98 : 0.4562"
"98,3 : 0.4562"
"3,99 : 0.4617"
"99,3 : 0.4617"
"4,5 : 0.7155"
"5,4 : 0.7155"
"4,6 : 0.286"
"6,4 : 0.286"
"4,7 : 0.6083"
"7,4 : 0.6083"
"4,8 : 0.4201"
"8,4 : 0.4201"
"4,9 : 0.327"
"9,4 : 0.327"
"4,10 : 0.5009"
"10,4 : 0.5009"
"4,11 : 0.2"
"11,4 : 0.2"
"4,12 : 0.2617"
"12,4 : 0.2617"
"4,13 : 0.3501"
"13,4 : 0.3501"
"4,14 : 0.5903"
"14,4 : 0.5903"
"4,15 : 0.1253"
"15,4 : 0.1253"
"4,16 : 0.2693"
"16,4 : 0.2693"
"4,17 : 0.2707"
"17,4 : 0.2707"
"4,18 : 0.35"
"18,4 : 0.35"
"4,19 : 0.2138"
"19,4 : 0.2138"
"4,20 : 0.2354"
"20,4 : 0.2354"
"4,21 : 0.24"
"21,4 : 0.24"
"4,22 : 0.5385"
"22,4 : 0.5385"
"4,23 : 0.4966"
"23,4 : 0.4966"
"4,24 : 0.3859"
"24,4 : 0.3859"
"4,25 : 0.4624"
"25,4 : 0.4624"
"4,26 : 0.5124"
"26,4 : 0.5124"
"4,27 : 0.2687"
"27,4 : 0.2687"
"4,28 : 0.6727"
"28,4 : 0.6727"
"4,29 : 0.524"
"29,4 : 0.524"
"4,30 : 0.2283"
"30,4 : 0.2283"
"4,31 : 0.5909"
"31,4 : 0.5909"
"4,32 : 0.2657"
"32,4 : 0.2657"
"4,33 : 0.6576"
"33,4 : 0.6576"
"4,34 : 0.7716"
"34,4 : 0.7716"
"4,35 : 0.4393"
"35,4 : 0.4393"
"4,36 : 0.6835"
"36,4 : 0.6835"
"4,37 : 0.5471"
"37,4 : 0.5471"
"4,38 : 0.6946"
"38,4 : 0.6946"
"4,39 : 0.4163"
"39,4 : 0.4163"
"4,40 : 0.458"
"40,4 : 0.458"
"4,41 : 0.3002"
"41,4 : 0.3002"
"4,42 : 0.5924"
"42,4 : 0.5924"
"4,43 : 0.6237"
"43,4 : 0.6237"
"4,44 : 0.4525"
"44,4 : 0.4525"
"4,45 : 0.0707"
"45,4 : 0.0707"
"4,46 : 0.3041"
"46,4 : 0.3041"
"4,47 : 0.6379"
"47,4 : 0.6379"
"4,48 : 0.4717"
"48,4 : 0.4717"
"4,49 : 0.7823"
"49,4 : 0.7823"
"4,50 : 0.494"
"50,4 : 0.494"
"4,51 : 0.3"
"51,4 : 0.3"
"4,52 : 0.313"
"52,4 : 0.313"
"4,53 : 0.1562"
"53,4 : 0.1562"
"4,54 : 0.87"
"54,4 : 0.87"
"4,55 : 0.3353"
"55,4 : 0.3353"
"4,56 : 0.2506"
"56,4 : 0.2506"
"4,57 : 0.1204"
"57,4 : 0.1204"
"4,58 : 0.2594"
"58,4 : 0.2594"
"4,59 : 0.7018"
"59,4 : 0.7018"
"4,60 : 0.8169"
"60,4 : 0.8169"
"4,61 : 0.661"
"61,4 : 0.661"
"4,62 : 0.7038"
"62,4 : 0.7038"
"4,63 : 0.7424"
"63,4 : 0.7424"
"4,64 : 0.117"
"64,4 : 0.117"
"4,65 : 0.7043"
"65,4 : 0.7043"
"4,66 : 0.7245"
"66,4 : 0.7245"
"4,67 : 0.4386"
"67,4 : 0.4386"
"4,68 : 0.7224"
"68,4 : 0.7224"
"4,69 : 0.1503"
"69,4 : 0.1503"
"4,70 : 0.2524"
"70,4 : 0.2524"
"4,71 : 0.5408"
"71,4 : 0.5408"
"4,72 : 0.6736"
"72,4 : 0.6736"
"4,73 : 0.6648"
"73,4 : 0.6648"
"4,74 : 0.1565"
"74,4 : 0.1565"
"4,75 : 0.0671"
"75,4 : 0.0671"
"4,76 : 0.3401"
"76,4 : 0.3401"
"4,77 : 0.7316"
"77,4 : 0.7316"
"4,78 : 0.5852"
"78,4 : 0.5852"
"4,79 : 0.5077"
"79,4 : 0.5077"
"4,80 : 0.197"
"80,4 : 0.197"
"4,81 : 0.724"
"81,4 : 0.724"
"4,82 : 0.191"
"82,4 : 0.191"
"4,83 : 0.1044"
"83,4 : 0.1044"
"4,84 : 0.0583"
"84,4 : 0.0583"
"4,85 : 0.4082"
"85,4 : 0.4082"
"4,86 : 0.7286"
"86,4 : 0.7286"
"4,87 : 0.1803"
"87,4 : 0.1803"
"4,88 : 0.3842"
"88,4 : 0.3842"
"4,89 : 0.3256"
"89,4 : 0.3256"
"4,90 : 0.15"
"90,4 : 0.15"
"4,91 : 0.0781"
"91,4 : 0.0781"
"4,92 : 0.4768"
"92,4 : 0.4768"
"4,93 : 0.6007"
"93,4 : 0.6007"
"4,94 : 0.3041"
"94,4 : 0.3041"
"4,95 : 0.0412"
"95,4 : 0.0412"
"4,96 : 0.6552"
"96,4 : 0.6552"
"4,97 : 0.2524"
"97,4 : 0.2524"
"4,98 : 0.3421"
"98,4 : 0.3421"
"4,99 : 0.7824"
"99,4 : 0.7824"
"5,6 : 0.9791"
"6,5 : 0.9791"
"5,7 : 0.4219"
"7,5 : 0.4219"
"5,8 : 0.6576"
"8,5 : 0.6576"
"5,9 : 0.8028"
"9,5 : 0.8028"
"5,10 : 0.4397"
"10,5 : 0.4397"
"5,11 : 0.5441"
"11,5 : 0.5441"
"5,12 : 0.8302"
"12,5 : 0.8302"
"5,13 : 0.6307"
"13,5 : 0.6307"
"5,14 : 0.3041"
"14,5 : 0.3041"
"5,15 : 0.8215"
"15,5 : 0.8215"
"5,16 : 0.7852"
"16,5 : 0.7852"
"5,17 : 0.622"
"17,5 : 0.622"
"5,18 : 0.9266"
"18,5 : 0.9266"
"5,19 : 0.5131"
"19,5 : 0.5131"
"5,20 : 0.8066"
"20,5 : 0.8066"
"5,21 : 0.5122"
"21,5 : 0.5122"
"5,22 : 0.4754"
"22,5 : 0.4754"
"5,23 : 0.4492"
"23,5 : 0.4492"
"5,24 : 0.9774"
"24,5 : 0.9774"
"5,25 : 0.2581"
"25,5 : 0.2581"
"5,26 : 0.3922"
"26,5 : 0.3922"
"5,27 : 0.9742"
"27,5 : 0.9742"
"5,28 : 0.6774"
"28,5 : 0.6774"
"5,29 : 0.2518"
"29,5 : 0.2518"
"5,30 : 0.9126"
"30,5 : 0.9126"
"5,31 : 0.9071"
"31,5 : 0.9071"
"5,32 : 0.7921"
"32,5 : 0.7921"
"5,33 : 0.2343"
"33,5 : 0.2343"
"5,34 : 0.2773"
"34,5 : 0.2773"
"5,35 : 0.5609"
"35,5 : 0.5609"
"5,36 : 0.5122"
"36,5 : 0.5122"
"5,37 : 0.5108"
"37,5 : 0.5108"
"5,38 : 0.4892"
"38,5 : 0.4892"
"5,39 : 0.8122"
"39,5 : 0.8122"
"5,40 : 0.3734"
"40,5 : 0.3734"
"5,41 : 0.9962"
"41,5 : 0.9962"
"5,42 : 0.1345"
"42,5 : 0.1345"
"5,43 : 0.5867"
"43,5 : 0.5867"
"5,44 : 0.96"
"44,5 : 0.96"
"5,45 : 0.6586"
"45,5 : 0.6586"
"5,46 : 0.4115"
"46,5 : 0.4115"
"5,47 : 0.4201"
"47,5 : 0.4201"
"5,48 : 0.25"
"48,5 : 0.25"
"5,49 : 0.102"
"49,5 : 0.102"
"5,50 : 0.5314"
"50,5 : 0.5314"
"5,51 : 0.4669"
"51,5 : 0.4669"
"5,52 : 0.9374"
"52,5 : 0.9374"
"5,53 : 0.6684"
"53,5 : 0.6684"
"5,54 : 0.2802"
"54,5 : 0.2802"
"5,55 : 0.74"
"55,5 : 0.74"
"5,56 : 0.7666"
"56,5 : 0.7666"
"5,57 : 0.8324"
"57,5 : 0.8324"
"5,58 : 0.8927"
"58,5 : 0.8927"
"5,59 : 0.178"
"59,5 : 0.178"
"5,60 : 0.3324"
"60,5 : 0.3324"
"5,61 : 0.1204"
"61,5 : 0.1204"
"5,62 : 0.5901"
"62,5 : 0.5901"
"5,63 : 0.4534"
"63,5 : 0.4534"
"5,64 : 0.7382"
"64,5 : 0.7382"
"5,65 : 0.15"
"65,5 : 0.15"
"5,66 : 0.5308"
"66,5 : 0.5308"
"5,67 : 0.2778"
"67,5 : 0.2778"
"5,68 : 0.975"
"68,5 : 0.975"
"5,69 : 0.6525"
"69,5 : 0.6525"
"5,70 : 0.943"
"70,5 : 0.943"
"5,71 : 0.191"
"71,5 : 0.191"
"5,72 : 0.2759"
"72,5 : 0.2759"
"5,73 : 0.14"
"73,5 : 0.14"
"5,74 : 0.8191"
"74,5 : 0.8191"
"5,75 : 0.7187"
"75,5 : 0.7187"
"5,76 : 0.4314"
"76,5 : 0.4314"
"5,77 : 0.9786"
"77,5 : 0.9786"
"5,78 : 0.4965"
"78,5 : 0.4965"
"5,79 : 0.386"
"79,5 : 0.386"
"5,80 : 0.8766"
"80,5 : 0.8766"
"5,81 : 0.3829"
"81,5 : 0.3829"
"5,82 : 0.8028"
"82,5 : 0.8028"
"5,83 : 0.7052"
"83,5 : 0.7052"
"5,84 : 0.6671"
"84,5 : 0.6671"
"5,85 : 0.8505"
"85,5 : 0.8505"
"5,86 : 0.2524"
"86,5 : 0.2524"
"5,87 : 0.8201"
"87,5 : 0.8201"
"5,88 : 0.6551"
"88,5 : 0.6551"
"5,89 : 1.0263"
"89,5 : 1.0263"
"5,90 : 0.5852"
"90,5 : 0.5852"
"5,91 : 0.7503"
"91,5 : 0.7503"
"5,92 : 0.5797"
"92,5 : 0.5797"
"5,93 : 0.6712"
"93,5 : 0.6712"
"5,94 : 0.867"
"94,5 : 0.867"
"5,95 : 0.6848"
"95,5 : 0.6848"
"5,96 : 0.8766"
"96,5 : 0.8766"
"5,97 : 0.512"
"97,5 : 0.512"
"5,98 : 0.8515"
"98,5 : 0.8515"
"5,99 : 0.3722"
"99,5 : 0.3722"
"6,7 : 0.8919"
"7,6 : 0.8919"
"6,8 : 0.5009"
"8,6 : 0.5009"
"6,9 : 0.3081"
"9,6 : 0.3081"
"6,10 : 0.7839"
"10,6 : 0.7839"
"6,11 : 0.4357"
"11,6 : 0.4357"
"6,12 : 0.4201"
"12,6 : 0.4201"
"6,13 : 0.6073"
"13,6 : 0.6073"
"6,14 : 0.8001"
"14,6 : 0.8001"
"6,15 : 0.1628"
"15,6 : 0.1628"
"6,16 : 0.2707"
"16,6 : 0.2707"
"6,17 : 0.5349"
"17,6 : 0.5349"
"6,18 : 0.4535"
"18,6 : 0.4535"
"6,19 : 0.4662"
"19,6 : 0.4662"
"6,20 : 0.22"
"20,6 : 0.22"
"6,21 : 0.4701"
"21,6 : 0.4701"
"6,22 : 0.8184"
"22,6 : 0.8184"
"6,23 : 0.779"
"23,6 : 0.779"
"6,24 : 0.4588"
"24,6 : 0.4588"
"6,25 : 0.7211"
"25,6 : 0.7211"
"6,26 : 0.7034"
"26,6 : 0.7034"
"6,27 : 0.0447"
"27,6 : 0.0447"
"6,28 : 0.9289"
"28,6 : 0.9289"
"6,29 : 0.8062"
"29,6 : 0.8062"
"6,30 : 0.0671"
"30,6 : 0.0671"
"6,31 : 0.7732"
"31,6 : 0.7732"
"6,32 : 0.2608"
"32,6 : 0.2608"
"6,33 : 0.9418"
"33,6 : 0.9418"
"6,34 : 1.0565"
"34,6 : 1.0565"
"6,35 : 0.7094"
"35,6 : 0.7094"
"6,36 : 0.9618"
"36,6 : 0.9618"
"6,37 : 0.8235"
"37,6 : 0.8235"
"6,38 : 0.9749"
"38,6 : 0.9749"
"6,39 : 0.61"
"39,6 : 0.61"
"6,40 : 0.744"
"40,6 : 0.744"
"6,41 : 0.2555"
"41,6 : 0.2555"
"6,42 : 0.8491"
"42,6 : 0.8491"
"6,43 : 0.892"
"43,6 : 0.892"
"6,44 : 0.5701"
"44,6 : 0.5701"
"6,45 : 0.3256"
"45,6 : 0.3256"
"6,46 : 0.5749"
"46,6 : 0.5749"
"6,47 : 0.8105"
"47,6 : 0.8105"
"6,48 : 0.7295"
"48,6 : 0.7295"
"6,49 : 1.0542"
"49,6 : 1.0542"
"6,50 : 0.632"
"50,6 : 0.632"
"6,51 : 0.586"
"51,6 : 0.586"
"6,52 : 0.386"
"52,6 : 0.386"
"6,53 : 0.3178"
"53,6 : 0.3178"
"6,54 : 1.1528"
"54,6 : 1.1528"
"6,55 : 0.5544"
"55,6 : 0.5544"
"6,56 : 0.4528"
"56,6 : 0.4528"
"6,57 : 0.17"
"57,6 : 0.17"
"6,58 : 0.3551"
"58,6 : 0.3551"
"6,59 : 0.9829"
"59,6 : 0.9829"
"6,60 : 1.1026"
"60,6 : 1.1026"
"6,61 : 0.9082"
"61,6 : 0.9082"
"6,62 : 0.821"
"62,6 : 0.821"
"6,63 : 1.0258"
"63,6 : 1.0258"
"6,64 : 0.2419"
"64,6 : 0.2419"
"6,65 : 0.9835"
"65,6 : 0.9835"
"6,66 : 1.0022"
"66,6 : 1.0022"
"6,67 : 0.7021"
"67,6 : 0.7021"
"6,68 : 0.9055"
"68,6 : 0.9055"
"6,69 : 0.4205"
"69,6 : 0.4205"
"6,70 : 0.0361"
"70,6 : 0.0361"
"6,71 : 0.794"
"71,6 : 0.794"
"6,72 : 0.959"
"72,6 : 0.959"
"6,73 : 0.9079"
"73,6 : 0.9079"
"6,74 : 0.3015"
"74,6 : 0.3015"
"6,75 : 0.322"
"75,6 : 0.322"
"6,76 : 0.5636"
"76,6 : 0.5636"
"6,77 : 0.9155"
"77,6 : 0.9155"
"6,78 : 0.8633"
"78,6 : 0.8633"
"6,79 : 0.7932"
"79,6 : 0.7932"
"6,80 : 0.103"
"80,6 : 0.103"
"6,81 : 1.0096"
"81,6 : 1.0096"
"6,82 : 0.1942"
"82,6 : 0.1942"
"6,83 : 0.3585"
"83,6 : 0.3585"
"6,84 : 0.3441"
"84,6 : 0.3441"
"6,85 : 0.5814"
"85,6 : 0.5814"
"6,86 : 1.0132"
"86,6 : 1.0132"
"6,87 : 0.1676"
"87,6 : 0.1676"
"6,88 : 0.4701"
"88,6 : 0.4701"
"6,89 : 0.051"
"89,6 : 0.051"
"6,90 : 0.436"
"90,6 : 0.436"
"6,91 : 0.3008"
"91,6 : 0.3008"
"6,92 : 0.7433"
"92,6 : 0.7433"
"6,93 : 0.8538"
"93,6 : 0.8538"
"6,94 : 0.4428"
"94,6 : 0.4428"
"6,95 : 0.3041"
"95,6 : 0.3041"
"6,96 : 0.8601"
"96,6 : 0.8601"
"6,97 : 0.5382"
"97,6 : 0.5382"
"6,98 : 0.5016"
"98,6 : 0.5016"
"6,99 : 1.0683"
"99,6 : 1.0683"
"7,8 : 0.8016"
"8,7 : 0.8016"
"7,9 : 0.8533"
"9,7 : 0.8533"
"7,10 : 0.1082"
"10,7 : 0.1082"
"7,11 : 0.5459"
"11,7 : 0.5459"
"7,12 : 0.578"
"12,7 : 0.578"
"7,13 : 0.3302"
"13,7 : 0.3302"
"7,14 : 0.6054"
"14,7 : 0.6054"
"7,15 : 0.7336"
"15,7 : 0.7336"
"7,16 : 0.8102"
"16,7 : 0.8102"
"7,17 : 0.3748"
"17,7 : 0.3748"
"7,18 : 0.65"
"18,7 : 0.65"
"7,19 : 0.5049"
"19,7 : 0.5049"
"7,20 : 0.8036"
"20,7 : 0.8036"
"7,21 : 0.5415"
"21,7 : 0.5415"
"7,22 : 0.0894"
"22,7 : 0.0894"
"7,23 : 0.114"
"23,7 : 0.114"
"7,24 : 0.6984"
"24,7 : 0.6984"
"7,25 : 0.3992"
"25,7 : 0.3992"
"7,26 : 0.6332"
"26,7 : 0.6332"
"7,27 : 0.8682"
"27,7 : 0.8682"
"7,28 : 0.2555"
"28,7 : 0.2555"
"7,29 : 0.2195"
"29,7 : 0.2195"
"7,30 : 0.8365"
"30,7 : 0.8365"
"7,31 : 0.52"
"31,7 : 0.52"
"7,32 : 0.8125"
"32,7 : 0.8125"
"7,33 : 0.1931"
"33,7 : 0.1931"
"7,34 : 0.2419"
"34,7 : 0.2419"
"7,35 : 0.2195"
"35,7 : 0.2195"
"7,36 : 0.1077"
"36,7 : 0.1077"
"7,37 : 0.1118"
"37,7 : 0.1118"
"7,38 : 0.1005"
"38,7 : 0.1005"
"7,39 : 0.4776"
"39,7 : 0.4776"
"7,40 : 0.1703"
"40,7 : 0.1703"
"7,41 : 0.7993"
"41,7 : 0.7993"
"7,42 : 0.4187"
"42,7 : 0.4187"
"7,43 : 0.1655"
"43,7 : 0.1655"
"7,44 : 0.6391"
"44,7 : 0.6391"
"7,45 : 0.5887"
"45,7 : 0.5887"
"7,46 : 0.4001"
"46,7 : 0.4001"
"7,47 : 0.7295"
"47,7 : 0.7295"
"7,48 : 0.4031"
"48,7 : 0.4031"
"7,49 : 0.3985"
"49,7 : 0.3985"
"7,50 : 0.7422"
"50,7 : 0.7422"
"7,51 : 0.3162"
"51,7 : 0.3162"
"7,52 : 0.6882"
"52,7 : 0.6882"
"7,53 : 0.6597"
"53,7 : 0.6597"
"7,54 : 0.3551"
"54,7 : 0.3551"
"7,55 : 0.4391"
"55,7 : 0.4391"
"7,56 : 0.5122"
"56,7 : 0.5122"
"7,57 : 0.722"
"57,7 : 0.722"
"7,58 : 0.6607"
"58,7 : 0.6607"
"7,59 : 0.2625"
"59,7 : 0.2625"
"7,60 : 0.2563"
"60,7 : 0.2563"
"7,61 : 0.488"
"61,7 : 0.488"
"7,62 : 0.8905"
"62,7 : 0.8905"
"7,63 : 0.1342"
"63,7 : 0.1342"
"7,64 : 0.6929"
"64,7 : 0.6929"
"7,65 : 0.2879"
"65,7 : 0.2879"
"7,66 : 0.1432"
"66,7 : 0.1432"
"7,67 : 0.3795"
"67,7 : 0.3795"
"7,68 : 0.5652"
"68,7 : 0.5652"
"7,69 : 0.4743"
"69,7 : 0.4743"
"7,70 : 0.8596"
"70,7 : 0.8596"
"7,71 : 0.4272"
"71,7 : 0.4272"
"7,72 : 0.1628"
"72,7 : 0.1628"
"7,73 : 0.5091"
"73,7 : 0.5091"
"7,74 : 0.6303"
"74,7 : 0.6303"
"7,75 : 0.5714"
"75,7 : 0.5714"
"7,76 : 0.5334"
"76,7 : 0.5334"
"7,77 : 0.5675"
"77,7 : 0.5675"
"7,78 : 0.0806"
"78,7 : 0.0806"
"7,79 : 0.1105"
"79,7 : 0.1105"
"7,80 : 0.805"
"80,7 : 0.805"
"7,81 : 0.1304"
"81,7 : 0.1304"
"7,82 : 0.7749"
"82,7 : 0.7749"
"7,83 : 0.5382"
"83,7 : 0.5382"
"7,84 : 0.5501"
"84,7 : 0.5501"
"7,85 : 0.5255"
"85,7 : 0.5255"
"7,86 : 0.2202"
"86,7 : 0.2202"
"7,87 : 0.7762"
"87,7 : 0.7762"
"7,88 : 0.7803"
"88,7 : 0.7803"
"7,89 : 0.9265"
"89,7 : 0.9265"
"7,90 : 0.461"
"90,7 : 0.461"
"7,91 : 0.5964"
"91,7 : 0.5964"
"7,92 : 0.2119"
"92,7 : 0.2119"
"7,93 : 0.2571"
"93,7 : 0.2571"
"7,94 : 0.5991"
"94,7 : 0.5991"
"7,95 : 0.6001"
"95,7 : 0.6001"
"7,96 : 0.4687"
"96,7 : 0.4687"
"7,97 : 0.3585"
"97,7 : 0.3585"
"7,98 : 0.5595"
"98,7 : 0.5595"
"7,99 : 0.1972"
"99,7 : 0.1972"
"8,9 : 0.204"
"9,8 : 0.204"
"8,10 : 0.7185"
"10,8 : 0.7185"
"8,11 : 0.2907"
"11,8 : 0.2907"
"8,12 : 0.6801"
"12,8 : 0.6801"
"8,13 : 0.6888"
"13,8 : 0.6888"
"8,14 : 0.3821"
"14,8 : 0.3821"
"8,15 : 0.4179"
"15,8 : 0.4179"
"8,16 : 0.2302"
"16,8 : 0.2302"
"8,17 : 0.614"
"17,8 : 0.614"
"8,18 : 0.7701"
"18,8 : 0.7701"
"8,19 : 0.3231"
"19,8 : 0.3231"
"8,20 : 0.2816"
"20,8 : 0.2816"
"8,21 : 0.2751"
"21,8 : 0.2751"
"8,22 : 0.771"
"22,8 : 0.771"
"8,23 : 0.7201"
"23,8 : 0.7201"
"8,24 : 0.8045"
"24,8 : 0.8045"
"8,25 : 0.4415"
"25,8 : 0.4415"
"8,26 : 0.2766"
"26,8 : 0.2766"
"8,27 : 0.5247"
"27,8 : 0.5247"
"8,28 : 0.9684"
"28,8 : 0.9684"
"8,29 : 0.6129"
"29,8 : 0.6129"
"8,30 : 0.4441"
"30,8 : 0.4441"
"8,31 : 0.9823"
"31,8 : 0.9823"
"8,32 : 0.2402"
"32,8 : 0.2402"
"8,33 : 0.7415"
"33,8 : 0.7415"
"8,34 : 0.8515"
"34,8 : 0.8515"
"8,35 : 0.7305"
"35,8 : 0.7305"
"8,36 : 0.9045"
"36,8 : 0.9045"
"8,37 : 0.7962"
"37,8 : 0.7962"
"8,38 : 0.902"
"38,8 : 0.902"
"8,39 : 0.8122"
"39,8 : 0.8122"
"8,40 : 0.6329"
"40,8 : 0.6329"
"8,41 : 0.6778"
"41,8 : 0.6778"
"8,42 : 0.528"
"42,8 : 0.528"
"8,43 : 0.8927"
"43,8 : 0.8927"
"8,44 : 0.8711"
"44,8 : 0.8711"
"8,45 : 0.3607"
"45,8 : 0.3607"
"8,46 : 0.4045"
"46,8 : 0.4045"
"8,47 : 0.34"
"47,8 : 0.34"
"8,48 : 0.4438"
"48,8 : 0.4438"
"8,49 : 0.7558"
"49,8 : 0.7558"
"8,50 : 0.1526"
"50,8 : 0.1526"
"8,51 : 0.522"
"51,8 : 0.522"
"8,52 : 0.7295"
"52,8 : 0.7295"
"8,53 : 0.264"
"53,8 : 0.264"
"8,54 : 0.9108"
"54,8 : 0.9108"
"8,55 : 0.722"
"55,8 : 0.722"
"8,56 : 0.658"
"56,8 : 0.658"
"8,57 : 0.4569"
"57,8 : 0.4569"
"8,58 : 0.6768"
"58,8 : 0.6768"
"8,59 : 0.7473"
"59,8 : 0.7473"
"8,60 : 0.9101"
"60,8 : 0.9101"
"8,61 : 0.5492"
"61,8 : 0.5492"
"8,62 : 0.3202"
"62,8 : 0.3202"
"8,63 : 0.9201"
"63,8 : 0.9201"
"8,64 : 0.3265"
"64,8 : 0.3265"
"8,65 : 0.7338"
"65,8 : 0.7338"
"8,66 : 0.9434"
"66,8 : 0.9434"
"8,67 : 0.4455"
"67,8 : 0.4455"
"8,68 : 1.1068"
"68,8 : 1.1068"
"8,69 : 0.5201"
"69,8 : 0.5201"
"8,70 : 0.4727"
"70,8 : 0.4727"
"8,71 : 0.4754"
"71,8 : 0.4754"
"8,72 : 0.7778"
"72,8 : 0.7778"
"8,73 : 0.5382"
"73,8 : 0.5382"
"8,74 : 0.5743"
"74,8 : 0.5743"
"8,75 : 0.4817"
"75,8 : 0.4817"
"8,76 : 0.2702"
"76,8 : 0.2702"
"8,77 : 1.1152"
"77,8 : 1.1152"
"8,78 : 0.8204"
"78,8 : 0.8204"
"8,79 : 0.6926"
"79,8 : 0.6926"
"8,80 : 0.4177"
"80,8 : 0.4177"
"8,81 : 0.8721"
"81,8 : 0.8721"
"8,82 : 0.3178"
"82,8 : 0.3178"
"8,83 : 0.5091"
"83,8 : 0.5091"
"8,84 : 0.4314"
"84,8 : 0.4314"
"8,85 : 0.8147"
"85,8 : 0.8147"
"8,86 : 0.8081"
"86,8 : 0.8081"
"8,87 : 0.3493"
"87,8 : 0.3493"
"8,88 : 0.0361"
"88,8 : 0.0361"
"8,89 : 0.5504"
"89,8 : 0.5504"
"8,90 : 0.4494"
"90,8 : 0.4494"
"8,91 : 0.4982"
"91,8 : 0.4982"
"8,92 : 0.7716"
"92,8 : 0.7716"
"8,93 : 0.9108"
"93,8 : 0.9108"
"8,94 : 0.7235"
"94,8 : 0.7235"
"8,95 : 0.3829"
"95,8 : 0.3829"
"8,96 : 1.0258"
"96,8 : 1.0258"
"8,97 : 0.507"
"97,8 : 0.507"
"8,98 : 0.7566"
"98,8 : 0.7566"
"8,99 : 0.908"
"99,8 : 0.908"
"9,10 : 0.7554"
"10,9 : 0.7554"
"9,11 : 0.3081"
"11,9 : 0.3081"
"9,12 : 0.5798"
"12,9 : 0.5798"
"9,13 : 0.661"
"13,9 : 0.661"
"9,14 : 0.5604"
"14,9 : 0.5604"
"9,15 : 0.2687"
"15,9 : 0.2687"
"9,16 : 0.0583"
"16,9 : 0.0583"
"9,17 : 0.5805"
"17,9 : 0.5805"
"9,18 : 0.6544"
"18,9 : 0.6544"
"9,19 : 0.3493"
"19,9 : 0.3493"
"9,20 : 0.1063"
"20,9 : 0.1063"
"9,21 : 0.3195"
"21,9 : 0.3195"
"9,22 : 0.8031"
"22,9 : 0.8031"
"9,23 : 0.7543"
"23,9 : 0.7543"
"9,24 : 0.6794"
"24,9 : 0.6794"
"9,25 : 0.5576"
"25,9 : 0.5576"
"9,26 : 0.4549"
"26,9 : 0.4549"
"9,27 : 0.3384"
"27,9 : 0.3384"
"9,28 : 0.9725"
"28,9 : 0.9725"
"9,29 : 0.7001"
"29,9 : 0.7001"
"9,30 : 0.26"
"30,9 : 0.26"
"9,31 : 0.9179"
"31,9 : 0.9179"
"9,32 : 0.064"
"32,9 : 0.064"
"9,33 : 0.8377"
"33,9 : 0.8377"
"9,34 : 0.9534"
"34,9 : 0.9534"
"9,35 : 0.7311"
"35,9 : 0.7311"
"9,36 : 0.9464"
"36,9 : 0.9464"
"9,37 : 0.821"
"37,9 : 0.821"
"9,38 : 0.9504"
"38,9 : 0.9504"
"9,39 : 0.7432"
"39,9 : 0.7432"
"9,40 : 0.6845"
"40,9 : 0.6845"
"9,41 : 0.5187"
"41,9 : 0.5187"
"9,42 : 0.6684"
"42,9 : 0.6684"
"9,43 : 0.91"
"43,9 : 0.91"
"9,44 : 0.7661"
"44,9 : 0.7661"
"9,45 : 0.2961"
"45,9 : 0.2961"
"9,46 : 0.4617"
"46,9 : 0.4617"
"9,47 : 0.5385"
"47,9 : 0.5385"
"9,48 : 0.563"
"48,9 : 0.563"
"9,49 : 0.894"
"49,9 : 0.894"
"9,50 : 0.3511"
"50,9 : 0.3511"
"9,51 : 0.5423"
"51,9 : 0.5423"
"9,52 : 0.6014"
"52,9 : 0.6014"
"9,53 : 0.2002"
"53,9 : 0.2002"
"9,54 : 1.0296"
"54,9 : 1.0296"
"9,55 : 0.6613"
"55,9 : 0.6613"
"9,56 : 0.577"
"56,9 : 0.577"
"9,57 : 0.3111"
"57,9 : 0.3111"
"9,58 : 0.5532"
"58,9 : 0.5532"
"9,59 : 0.8588"
"59,9 : 0.8588"
"9,60 : 1.0085"
"60,9 : 1.0085"
"9,61 : 0.7071"
"61,9 : 0.7071"
"9,62 : 0.5209"
"62,9 : 0.5209"
"9,63 : 0.9827"
"63,9 : 0.9827"
"9,64 : 0.2102"
"64,9 : 0.2102"
"9,65 : 0.8509"
"65,9 : 0.8509"
"9,66 : 0.9873"
"66,9 : 0.9873"
"9,67 : 0.5507"
"67,9 : 0.5507"
"9,68 : 1.0492"
"68,9 : 1.0492"
"9,69 : 0.4657"
"69,9 : 0.4657"
"9,70 : 0.2846"
"70,9 : 0.2846"
"9,71 : 0.6122"
"71,9 : 0.6122"
"9,72 : 0.8673"
"72,9 : 0.8673"
"9,73 : 0.7004"
"73,9 : 0.7004"
"9,74 : 0.458"
"74,9 : 0.458"
"9,75 : 0.394"
"75,9 : 0.394"
"9,76 : 0.3744"
"76,9 : 0.3744"
"9,77 : 1.0585"
"77,9 : 1.0585"
"9,78 : 0.8529"
"78,9 : 0.8529"
"9,79 : 0.7433"
"79,9 : 0.7433"
"9,80 : 0.2419"
"80,9 : 0.2419"
"9,81 : 0.9464"
"81,9 : 0.9464"
"9,82 : 0.1556"
"82,9 : 0.1556"
"9,83 : 0.4308"
"83,9 : 0.4308"
"9,84 : 0.364"
"84,9 : 0.364"
"9,85 : 0.7336"
"85,9 : 0.7336"
"9,86 : 0.9087"
"86,9 : 0.9087"
"9,87 : 0.1844"
"87,9 : 0.1844"
"9,88 : 0.1803"
"88,9 : 0.1803"
"9,89 : 0.3551"
"89,9 : 0.3551"
"9,90 : 0.4219"
"90,9 : 0.4219"
"9,91 : 0.3982"
"91,9 : 0.3982"
"9,92 : 0.7716"
"92,9 : 0.7716"
"9,93 : 0.9055"
"93,9 : 0.9055"
"9,94 : 0.6185"
"94,9 : 0.6185"
"9,95 : 0.3036"
"95,9 : 0.3036"
"9,96 : 0.9803"
"96,9 : 0.9803"
"9,97 : 0.5101"
"97,9 : 0.5101"
"9,98 : 0.6637"
"98,9 : 0.6637"
"9,99 : 0.993"
"99,9 : 0.993"
"10,11 : 0.4504"
"11,10 : 0.4504"
"10,12 : 0.4771"
"12,10 : 0.4771"
"10,13 : 0.2326"
"13,10 : 0.2326"
"10,14 : 0.5673"
"14,10 : 0.5673"
"10,15 : 0.6261"
"15,10 : 0.6261"
"10,16 : 0.7102"
"16,10 : 0.7102"
"10,17 : 0.2691"
"17,10 : 0.2691"
"10,18 : 0.5546"
"18,10 : 0.5546"
"10,19 : 0.4101"
"19,10 : 0.4101"
"10,20 : 0.7009"
"20,10 : 0.7009"
"10,21 : 0.4504"
"21,10 : 0.4504"
"10,22 : 0.0539"
"22,10 : 0.0539"
"10,23 : 0.01"
"23,10 : 0.01"
"10,24 : 0.6042"
"24,10 : 0.6042"
"10,25 : 0.35"
"25,10 : 0.35"
"10,26 : 0.578"
"26,10 : 0.578"
"10,27 : 0.7601"
"27,10 : 0.7601"
"10,28 : 0.272"
"28,10 : 0.272"
"10,29 : 0.1972"
"29,10 : 0.1972"
"10,30 : 0.729"
"30,10 : 0.729"
"10,31 : 0.4687"
"31,10 : 0.4687"
"10,32 : 0.712"
"32,10 : 0.712"
"10,33 : 0.2408"
"33,10 : 0.2408"
"10,34 : 0.3231"
"34,10 : 0.3231"
"10,35 : 0.1315"
"35,10 : 0.1315"
"10,36 : 0.191"
"36,10 : 0.191"
"10,37 : 0.086"
"37,10 : 0.086"
"10,38 : 0.1965"
"38,10 : 0.1965"
"10,39 : 0.3962"
"39,10 : 0.3962"
"10,40 : 0.0943"
"40,10 : 0.0943"
"10,41 : 0.6943"
"41,10 : 0.6943"
"10,42 : 0.4022"
"42,10 : 0.4022"
"10,43 : 0.1836"
"43,10 : 0.1836"
"10,44 : 0.5554"
"44,10 : 0.5554"
"10,45 : 0.4838"
"45,10 : 0.4838"
"10,46 : 0.314"
"46,10 : 0.314"
"10,47 : 0.686"
"47,10 : 0.686"
"10,48 : 0.3561"
"48,10 : 0.3561"
"10,49 : 0.441"
"49,10 : 0.441"
"10,50 : 0.6742"
"50,10 : 0.6742"
"10,51 : 0.2138"
"51,10 : 0.2138"
"10,52 : 0.5883"
"52,10 : 0.5883"
"10,53 : 0.559"
"53,10 : 0.559"
"10,54 : 0.4366"
"54,10 : 0.4366"
"10,55 : 0.3454"
"55,10 : 0.3454"
"10,56 : 0.4105"
"56,10 : 0.4105"
"10,57 : 0.614"
"57,10 : 0.614"
"10,58 : 0.558"
"58,10 : 0.558"
"10,59 : 0.3102"
"59,10 : 0.3102"
"10,60 : 0.3499"
"60,10 : 0.3499"
"10,61 : 0.4802"
"61,10 : 0.4802"
"10,62 : 0.8386"
"62,10 : 0.8386"
"10,63 : 0.2419"
"63,10 : 0.2419"
"10,64 : 0.5882"
"64,10 : 0.5882"
"10,65 : 0.3302"
"65,10 : 0.3302"
"10,66 : 0.2319"
"66,10 : 0.2319"
"10,67 : 0.3245"
"67,10 : 0.3245"
"10,68 : 0.5371"
"68,10 : 0.5371"
"10,69 : 0.3662"
"69,10 : 0.3662"
"10,70 : 0.7518"
"70,10 : 0.7518"
"10,71 : 0.3962"
"71,10 : 0.3962"
"10,72 : 0.228"
"72,10 : 0.228"
"10,73 : 0.4993"
"73,10 : 0.4993"
"10,74 : 0.5235"
"74,10 : 0.5235"
"10,75 : 0.4632"
"75,10 : 0.4632"
"10,76 : 0.4561"
"76,10 : 0.4561"
"10,77 : 0.5413"
"77,10 : 0.5413"
"10,78 : 0.102"
"78,10 : 0.102"
"10,79 : 0.0539"
"79,10 : 0.0539"
"10,80 : 0.6978"
"80,10 : 0.6978"
"10,81 : 0.2335"
"81,10 : 0.2335"
"10,82 : 0.6705"
"82,10 : 0.6705"
"10,83 : 0.4301"
"83,10 : 0.4301"
"10,84 : 0.4428"
"84,10 : 0.4428"
"10,85 : 0.4415"
"85,10 : 0.4415"
"10,86 : 0.2912"
"86,10 : 0.2912"
"10,87 : 0.6707"
"87,10 : 0.6707"
"10,88 : 0.6946"
"88,10 : 0.6946"
"10,89 : 0.8184"
"89,10 : 0.8184"
"10,90 : 0.3547"
"90,10 : 0.3547"
"10,91 : 0.4883"
"91,10 : 0.4883"
"10,92 : 0.1414"
"92,10 : 0.1414"
"10,93 : 0.2421"
"93,10 : 0.2421"
"10,94 : 0.5012"
"94,10 : 0.5012"
"10,95 : 0.494"
"95,10 : 0.494"
"10,96 : 0.4386"
"96,10 : 0.4386"
"10,97 : 0.253"
"97,10 : 0.253"
"10,98 : 0.4662"
"98,10 : 0.4662"
"10,99 : 0.2983"
"99,10 : 0.2983"
"11,12 : 0.4249"
"12,11 : 0.4249"
"11,13 : 0.3982"
"13,11 : 0.3982"
"11,14 : 0.3905"
"14,11 : 0.3905"
"11,15 : 0.2823"
"15,11 : 0.2823"
"11,16 : 0.2693"
"16,11 : 0.2693"
"11,17 : 0.3245"
"17,11 : 0.3245"
"11,18 : 0.5239"
"18,11 : 0.5239"
"11,19 : 0.0412"
"19,11 : 0.0412"
"11,20 : 0.2746"
"20,11 : 0.2746"
"11,21 : 0.04"
"21,11 : 0.04"
"11,22 : 0.5"
"22,11 : 0.5"
"11,23 : 0.4501"
"23,11 : 0.4501"
"11,24 : 0.5665"
"24,11 : 0.5665"
"11,25 : 0.286"
"25,11 : 0.286"
"11,26 : 0.314"
"26,11 : 0.314"
"11,27 : 0.4338"
"27,11 : 0.4338"
"11,28 : 0.6845"
"28,11 : 0.6845"
"11,29 : 0.3982"
"29,11 : 0.3982"
"11,30 : 0.3689"
"30,11 : 0.3689"
"11,31 : 0.6966"
"31,11 : 0.6966"
"11,32 : 0.2731"
"32,11 : 0.2731"
"11,33 : 0.5371"
"33,11 : 0.5371"
"11,34 : 0.6537"
"34,11 : 0.6537"
"11,35 : 0.4438"
"35,11 : 0.4438"
"11,36 : 0.6412"
"36,11 : 0.6412"
"11,37 : 0.5209"
"37,11 : 0.5209"
"11,38 : 0.6438"
"38,11 : 0.6438"
"11,39 : 0.5304"
"39,11 : 0.5304"
"11,40 : 0.3766"
"40,11 : 0.3766"
"11,41 : 0.5001"
"41,11 : 0.5001"
"11,42 : 0.4134"
"42,11 : 0.4134"
"11,43 : 0.614"
"43,11 : 0.614"
"11,44 : 0.6106"
"44,11 : 0.6106"
"11,45 : 0.1304"
"45,11 : 0.1304"
"11,46 : 0.1565"
"46,11 : 0.1565"
"11,47 : 0.4415"
"47,11 : 0.4415"
"11,48 : 0.2941"
"48,11 : 0.2941"
"11,49 : 0.6229"
"49,11 : 0.6229"
"11,50 : 0.3162"
"50,11 : 0.3162"
"11,51 : 0.2408"
"51,11 : 0.2408"
"11,52 : 0.5"
"52,11 : 0.5"
"11,53 : 0.1281"
"53,11 : 0.1281"
"11,54 : 0.7382"
"54,11 : 0.7382"
"11,55 : 0.4386"
"55,11 : 0.4386"
"11,56 : 0.3883"
"56,11 : 0.3883"
"11,57 : 0.3008"
"57,11 : 0.3008"
"11,58 : 0.4464"
"58,11 : 0.4464"
"11,59 : 0.5661"
"59,11 : 0.5661"
"11,60 : 0.7066"
"60,11 : 0.7066"
"11,61 : 0.4742"
"61,11 : 0.4742"
"11,62 : 0.5248"
"62,11 : 0.5248"
"11,63 : 0.6747"
"63,11 : 0.6747"
"11,64 : 0.1942"
"64,11 : 0.1942"
"11,65 : 0.5622"
"65,11 : 0.5622"
"11,66 : 0.6818"
"66,11 : 0.6818"
"11,67 : 0.2691"
"67,11 : 0.2691"
"11,68 : 0.8184"
"68,11 : 0.8184"
"11,69 : 0.2421"
"69,11 : 0.2421"
"11,70 : 0.3996"
"70,11 : 0.3996"
"11,71 : 0.3585"
"71,11 : 0.3585"
"11,72 : 0.5636"
"72,11 : 0.5636"
"11,73 : 0.4754"
"73,11 : 0.4754"
"11,74 : 0.3471"
"74,11 : 0.3471"
"11,75 : 0.2377"
"75,11 : 0.2377"
"11,76 : 0.1404"
"76,11 : 0.1404"
"11,77 : 0.8266"
"77,11 : 0.8266"
"11,78 : 0.55"
"78,11 : 0.55"
"11,79 : 0.4357"
"79,11 : 0.4357"
"11,80 : 0.3329"
"80,11 : 0.3329"
"11,81 : 0.6389"
"81,11 : 0.6389"
"11,82 : 0.2617"
"82,11 : 0.2617"
"11,83 : 0.2508"
"83,11 : 0.2508"
"11,84 : 0.1772"
"84,11 : 0.1772"
"11,85 : 0.5391"
"85,11 : 0.5391"
"11,86 : 0.609"
"86,11 : 0.609"
"11,87 : 0.2766"
"87,11 : 0.2766"
"11,88 : 0.26"
"88,11 : 0.26"
"11,89 : 0.4837"
"89,11 : 0.4837"
"11,90 : 0.1628"
"90,11 : 0.1628"
"11,91 : 0.2648"
"91,11 : 0.2648"
"11,92 : 0.4851"
"92,11 : 0.4851"
"11,93 : 0.6236"
"93,11 : 0.6236"
"11,94 : 0.4696"
"94,11 : 0.4696"
"11,95 : 0.1603"
"95,11 : 0.1603"
"11,96 : 0.7357"
"96,11 : 0.7357"
"11,97 : 0.2184"
"97,11 : 0.2184"
"11,98 : 0.4909"
"98,11 : 0.4909"
"11,99 : 0.6871"
"99,11 : 0.6871"
"12,13 : 0.2484"
"13,12 : 0.2484"
"12,14 : 0.7885"
"14,12 : 0.7885"
"12,15 : 0.3231"
"15,12 : 0.3231"
"12,16 : 0.5215"
"16,12 : 0.5215"
"12,17 : 0.2154"
"17,12 : 0.2154"
"12,18 : 0.102"
"18,12 : 0.102"
"12,19 : 0.4179"
"19,12 : 0.4179"
"12,20 : 0.4789"
"20,12 : 0.4789"
"12,21 : 0.461"
"21,12 : 0.461"
"12,22 : 0.4904"
"22,12 : 0.4904"
"12,23 : 0.4687"
"23,12 : 0.4687"
"12,24 : 0.1503"
"24,12 : 0.1503"
"12,25 : 0.6103"
"25,12 : 0.6103"
"12,26 : 0.7305"
"26,12 : 0.7305"
"12,27 : 0.3801"
"27,12 : 0.3801"
"12,28 : 0.5367"
"28,12 : 0.5367"
"12,29 : 0.592"
"29,12 : 0.592"
"12,30 : 0.3962"
"30,12 : 0.3962"
"12,31 : 0.3551"
"31,12 : 0.3551"
"12,32 : 0.5162"
"32,12 : 0.5162"
"12,33 : 0.6986"
"33,12 : 0.6986"
"12,34 : 0.7965"
"34,12 : 0.7965"
"12,35 : 0.3612"
"35,12 : 0.3612"
"12,36 : 0.6155"
"36,12 : 0.6155"
"12,37 : 0.481"
"37,12 : 0.481"
"12,38 : 0.6364"
"38,12 : 0.6364"
"12,39 : 0.1903"
"39,12 : 0.1903"
"12,40 : 0.4847"
"40,12 : 0.4847"
"12,41 : 0.2332"
"41,12 : 0.2332"
"12,42 : 0.7306"
"42,12 : 0.7306"
"12,43 : 0.522"
"43,12 : 0.522"
"12,44 : 0.191"
"44,12 : 0.191"
"12,45 : 0.3202"
"45,12 : 0.3202"
"12,46 : 0.4528"
"46,12 : 0.4528"
"12,47 : 0.8603"
"47,12 : 0.8603"
"12,48 : 0.6203"
"48,12 : 0.6203"
"12,49 : 0.8709"
"49,12 : 0.8709"
"12,50 : 0.7393"
"50,12 : 0.7393"
"12,51 : 0.3635"
"51,12 : 0.3635"
"12,52 : 0.1118"
"52,12 : 0.1118"
"12,53 : 0.4173"
"53,12 : 0.4173"
"12,54 : 0.9079"
"54,12 : 0.9079"
"12,55 : 0.1526"
"55,12 : 0.1526"
"12,56 : 0.0671"
"56,12 : 0.0671"
"12,57 : 0.2846"
"57,12 : 0.2846"
"12,58 : 0.086"
"58,12 : 0.086"
"12,59 : 0.7596"
"59,12 : 0.7596"
"12,60 : 0.8268"
"60,12 : 0.8268"
"12,61 : 0.8101"
"61,12 : 0.8101"
"12,62 : 0.9489"
"62,12 : 0.9489"
"12,63 : 0.7009"
"63,12 : 0.7009"
"12,64 : 0.372"
"64,12 : 0.372"
"12,65 : 0.7716"
"65,12 : 0.7716"
"12,66 : 0.6519"
"66,12 : 0.6519"
"12,67 : 0.5801"
"67,12 : 0.5801"
"12,68 : 0.4884"
"68,12 : 0.4884"
"12,69 : 0.1942"
"69,12 : 0.1942"
"12,70 : 0.402"
"70,12 : 0.402"
"12,71 : 0.6901"
"71,12 : 0.6901"
"12,72 : 0.6977"
"72,12 : 0.6977"
"12,73 : 0.8201"
"73,12 : 0.8201"
"12,74 : 0.1265"
"74,12 : 0.1265"
"12,75 : 0.1985"
"75,12 : 0.1985"
"12,76 : 0.5503"
"76,12 : 0.5503"
"12,77 : 0.4982"
"77,12 : 0.4982"
"12,78 : 0.5235"
"78,12 : 0.5235"
"12,79 : 0.51"
"79,12 : 0.51"
"12,80 : 0.3833"
"80,12 : 0.3833"
"12,81 : 0.708"
"81,12 : 0.708"
"12,82 : 0.4294"
"82,12 : 0.4294"
"12,83 : 0.1749"
"83,12 : 0.1749"
"12,84 : 0.2524"
"84,12 : 0.2524"
"12,85 : 0.1628"
"85,12 : 0.1628"
"12,86 : 0.7603"
"86,12 : 0.7603"
"12,87 : 0.4072"
"87,12 : 0.4072"
"12,88 : 0.6444"
"88,12 : 0.6444"
"12,89 : 0.4319"
"89,12 : 0.4319"
"12,90 : 0.2789"
"90,12 : 0.2789"
"12,91 : 0.1844"
"91,12 : 0.1844"
"12,92 : 0.3821"
"92,12 : 0.3821"
"12,93 : 0.4607"
"93,12 : 0.4607"
"12,94 : 0.0447"
"94,12 : 0.0447"
"12,95 : 0.2973"
"95,12 : 0.2973"
"12,96 : 0.44"
"96,12 : 0.44"
"12,97 : 0.3206"
"97,12 : 0.3206"
"12,98 : 0.0854"
"98,12 : 0.0854"
"12,99 : 0.7742"
"99,12 : 0.7742"
"13,14 : 0.6673"
"14,13 : 0.6673"
"13,15 : 0.4653"
"15,13 : 0.4653"
"13,16 : 0.6067"
"16,13 : 0.6067"
"13,17 : 0.0806"
"17,13 : 0.0806"
"13,18 : 0.322"
"18,13 : 0.322"
"13,19 : 0.3689"
"19,13 : 0.3689"
"13,20 : 0.5814"
"20,13 : 0.5814"
"13,21 : 0.4188"
"21,13 : 0.4188"
"13,22 : 0.2421"
"22,13 : 0.2421"
"13,23 : 0.2236"
"23,13 : 0.2236"
