x,y
0.91,0.63
0.65,0.14
0.22,0.72
0.23,0.29
0.48,0.72
0.67,0.62
0.47,0.77
0.01,0.81
0.33,0.56
0.7,0.27
0.44,0.75
0.3,0.8
0.03,0.92
0.85,0.17
0.34,0.18
0.21,0.63
0.01,0.41
0.44,0.01
0.36,0.12
0.06,0.95
0.76,0.99
0.5,0.7
0.04,0.56
0.5,0.28
0.33,0.14
0.68,0.99
0.62,0.05
0.62,0.51
0.09,0.69
0.97,0.27
0.19,0.58
0.11,0.84
0.72,0.45
0.75,0.84
0.05,0.25
0.56,0.23
0.2,0.54
0.99,0.37
0.88,0.57
0.57,0.5
0.53,0.67
0.52,0.87
0.03,0.21
0.1,0.75
0.0,0.48
0.61,0.08
0.8,0.4
0.4,0.51
0.68,0.37
0.9,0.13
0.39,0.24
0.3,0.24
0.7,0.49
0.81,0.39
0.27,0.26
0.24,0.13
0.1,0.88
0.05,0.18
0.08,0.57
0.55,0.11
0.69,0.5
0.91,0.76
0.37,0.11
0.48,0.47
0.26,1.0
0.76,0.15
0.09,0.59
0.63,0.43
0.08,0.78
0.85,0.78
0.12,0.38
0.45,0.88
0.64,0.78
0.25,0.95
0.1,0.85
0.49,0.46
0.48,0.57
0.13,0.64
0.13,0.29
0.98,0.08
0.07,0.39
0.73,0.03
0.04,0.04
0.48,0.52
0.5,0.86
0.43,0.01
0.02,0.56
0.95,0.96
0.3,0.17
0.98,0.11
0.76,0.73
0.68,0.85
0.61,0.88
0.18,0.4
0.61,0.92
0.63,0.14
0.84,0.98
0.42,0.23
0.75,0.23
0.63,0.36

Distanze
"0,1 : 0.5547"
"1,0 : 0.5547"
"0,2 : 0.6958"
"2,0 : 0.6958"
"0,3 : 0.7603"
"3,0 : 0.7603"
"0,4 : 0.4393"
"4,0 : 0.4393"
"0,5 : 0.2402"
"5,0 : 0.2402"
"0,6 : 0.4617"
"6,0 : 0.4617"
"0,7 : 0.9178"
"7,0 : 0.9178"
"0,8 : 0.5842"
"8,0 : 0.5842"
"0,9 : 0.4168"
"9,0 : 0.4168"
"0,10 : 0.4851"
"10,0 : 0.4851"
"0,11 : 0.6332"
"11,0 : 0.6332"
"0,12 : 0.9266"
"12,0 : 0.9266"
"0,13 : 0.4639"
"13,0 : 0.4639"
"0,14 : 0.7262"
"14,0 : 0.7262"
"0,15 : 0.7"
"15,0 : 0.7"
"0,16 : 0.9265"
"16,0 : 0.9265"
"0,17 : 0.778"
"17,0 : 0.778"
"0,18 : 0.7501"
"18,0 : 0.7501"
"0,19 : 0.9082"
"19,0 : 0.9082"
"0,20 : 0.39"
"20,0 : 0.39"
"0,21 : 0.4159"
"21,0 : 0.4159"
"0,22 : 0.8728"
"22,0 : 0.8728"
"0,23 : 0.5391"
"23,0 : 0.5391"
"0,24 : 0.7593"
"24,0 : 0.7593"
"0,25 : 0.4272"
"25,0 : 0.4272"
"0,26 : 0.6485"
"26,0 : 0.6485"
"0,27 : 0.3138"
"27,0 : 0.3138"
"0,28 : 0.8222"
"28,0 : 0.8222"
"0,29 : 0.365"
"29,0 : 0.365"
"0,30 : 0.7217"
"30,0 : 0.7217"
"0,31 : 0.8271"
"31,0 : 0.8271"
"0,32 : 0.2617"
"32,0 : 0.2617"
"0,33 : 0.264"
"33,0 : 0.264"
"0,34 : 0.9402"
"34,0 : 0.9402"
"0,35 : 0.5315"
"35,0 : 0.5315"
"0,36 : 0.7157"
"36,0 : 0.7157"
"0,37 : 0.272"
"37,0 : 0.272"
"0,38 : 0.0671"
"38,0 : 0.0671"
"0,39 : 0.364"
"39,0 : 0.364"
"0,40 : 0.3821"
"40,0 : 0.3821"
"0,41 : 0.4579"
"41,0 : 0.4579"
"0,42 : 0.9751"
"42,0 : 0.9751"
"0,43 : 0.8188"
"43,0 : 0.8188"
"0,44 : 0.9223"
"44,0 : 0.9223"
"0,45 : 0.6265"
"45,0 : 0.6265"
"0,46 : 0.255"
"46,0 : 0.255"
"0,47 : 0.5239"
"47,0 : 0.5239"
"0,48 : 0.3471"
"48,0 : 0.3471"
"0,49 : 0.5001"
"49,0 : 0.5001"
"0,50 : 0.65"
"50,0 : 0.65"
"0,51 : 0.724"
"51,0 : 0.724"
"0,52 : 0.2524"
"52,0 : 0.2524"
"0,53 : 0.26"
"53,0 : 0.26"
"0,54 : 0.7393"
"54,0 : 0.7393"
"0,55 : 0.836"
"55,0 : 0.836"
"0,56 : 0.8477"
"56,0 : 0.8477"
"0,57 : 0.9706"
"57,0 : 0.9706"
"0,58 : 0.8322"
"58,0 : 0.8322"
"0,59 : 0.6325"
"59,0 : 0.6325"
"0,60 : 0.2555"
"60,0 : 0.2555"
"0,61 : 0.13"
"61,0 : 0.13"
"0,62 : 0.7497"
"62,0 : 0.7497"
"0,63 : 0.4588"
"63,0 : 0.4588"
"0,64 : 0.7479"
"64,0 : 0.7479"
"0,65 : 0.5029"
"65,0 : 0.5029"
"0,66 : 0.821"
"66,0 : 0.821"
"0,67 : 0.3441"
"67,0 : 0.3441"
"0,68 : 0.8434"
"68,0 : 0.8434"
"0,69 : 0.1616"
"69,0 : 0.1616"
"0,70 : 0.8286"
"70,0 : 0.8286"
"0,71 : 0.5235"
"71,0 : 0.5235"
"0,72 : 0.3089"
"72,0 : 0.3089"
"0,73 : 0.7335"
"73,0 : 0.7335"
"0,74 : 0.8393"
"74,0 : 0.8393"
"0,75 : 0.4531"
"75,0 : 0.4531"
"0,76 : 0.4342"
"76,0 : 0.4342"
"0,77 : 0.7801"
"77,0 : 0.7801"
"0,78 : 0.8509"
"78,0 : 0.8509"
"0,79 : 0.5544"
"79,0 : 0.5544"
"0,80 : 0.8736"
"80,0 : 0.8736"
"0,81 : 0.6264"
"81,0 : 0.6264"
"0,82 : 1.0512"
"82,0 : 1.0512"
"0,83 : 0.4438"
"83,0 : 0.4438"
"0,84 : 0.4701"
"84,0 : 0.4701"
"0,85 : 0.7841"
"85,0 : 0.7841"
"0,86 : 0.8927"
"86,0 : 0.8927"
"0,87 : 0.3324"
"87,0 : 0.3324"
"0,88 : 0.764"
"88,0 : 0.764"
"0,89 : 0.5247"
"89,0 : 0.5247"
"0,90 : 0.1803"
"90,0 : 0.1803"
"0,91 : 0.3183"
"91,0 : 0.3183"
"0,92 : 0.3905"
"92,0 : 0.3905"
"0,93 : 0.7654"
"93,0 : 0.7654"
"0,94 : 0.4173"
"94,0 : 0.4173"
"0,95 : 0.5644"
"95,0 : 0.5644"
"0,96 : 0.3569"
"96,0 : 0.3569"
"0,97 : 0.6325"
"97,0 : 0.6325"
"0,98 : 0.4308"
"98,0 : 0.4308"
"0,99 : 0.389"
"99,0 : 0.389"
"1,2 : 0.722"
"2,1 : 0.722"
"1,3 : 0.446"
"3,1 : 0.446"
"1,4 : 0.6044"
"4,1 : 0.6044"
"1,5 : 0.4804"
"5,1 : 0.4804"
"1,6 : 0.6552"
"6,1 : 0.6552"
"1,7 : 0.9266"
"7,1 : 0.9266"
"1,8 : 0.528"
"8,1 : 0.528"
"1,9 : 0.1393"
"9,1 : 0.1393"
"1,10 : 0.6451"
"10,1 : 0.6451"
"1,11 : 0.7471"
"11,1 : 0.7471"
"1,12 : 0.9964"
"12,1 : 0.9964"
"1,13 : 0.2022"
"13,1 : 0.2022"
"1,14 : 0.3126"
"14,1 : 0.3126"
"1,15 : 0.6586"
"15,1 : 0.6586"
"1,16 : 0.6946"
"16,1 : 0.6946"
"1,17 : 0.247"
"17,1 : 0.247"
"1,18 : 0.2907"
"18,1 : 0.2907"
"1,19 : 1.0021"
"19,1 : 1.0021"
"1,20 : 0.8571"
"20,1 : 0.8571"
"1,21 : 0.5797"
"21,1 : 0.5797"
"1,22 : 0.7406"
"22,1 : 0.7406"
"1,23 : 0.2052"
"23,1 : 0.2052"
"1,24 : 0.32"
"24,1 : 0.32"
"1,25 : 0.8505"
"25,1 : 0.8505"
"1,26 : 0.0949"
"26,1 : 0.0949"
"1,27 : 0.3712"
"27,1 : 0.3712"
"1,28 : 0.7849"
"28,1 : 0.7849"
"1,29 : 0.3454"
"29,1 : 0.3454"
"1,30 : 0.6366"
"30,1 : 0.6366"
"1,31 : 0.8841"
"31,1 : 0.8841"
"1,32 : 0.3178"
"32,1 : 0.3178"
"1,33 : 0.7071"
"33,1 : 0.7071"
"1,34 : 0.61"
"34,1 : 0.61"
"1,35 : 0.1273"
"35,1 : 0.1273"
"1,36 : 0.6021"
"36,1 : 0.6021"
"1,37 : 0.4105"
"37,1 : 0.4105"
"1,38 : 0.4876"
"38,1 : 0.4876"
"1,39 : 0.3688"
"39,1 : 0.3688"
"1,40 : 0.5434"
"40,1 : 0.5434"
"1,41 : 0.7415"
"41,1 : 0.7415"
"1,42 : 0.6239"
"42,1 : 0.6239"
"1,43 : 0.8213"
"43,1 : 0.8213"
"1,44 : 0.7336"
"44,1 : 0.7336"
"1,45 : 0.0721"
"45,1 : 0.0721"
"1,46 : 0.3002"
"46,1 : 0.3002"
"1,47 : 0.4465"
"47,1 : 0.4465"
"1,48 : 0.2319"
"48,1 : 0.2319"
"1,49 : 0.2502"
"49,1 : 0.2502"
"1,50 : 0.2786"
"50,1 : 0.2786"
"1,51 : 0.364"
"51,1 : 0.364"
"1,52 : 0.3536"
"52,1 : 0.3536"
"1,53 : 0.2968"
"53,1 : 0.2968"
"1,54 : 0.3985"
"54,1 : 0.3985"
"1,55 : 0.4101"
"55,1 : 0.4101"
"1,56 : 0.922"
"56,1 : 0.922"
"1,57 : 0.6013"
"57,1 : 0.6013"
"1,58 : 0.714"
"58,1 : 0.714"
"1,59 : 0.1044"
"59,1 : 0.1044"
"1,60 : 0.3622"
"60,1 : 0.3622"
"1,61 : 0.6723"
"61,1 : 0.6723"
"1,62 : 0.2816"
"62,1 : 0.2816"
"1,63 : 0.3712"
"63,1 : 0.3712"
"1,64 : 0.9443"
"64,1 : 0.9443"
"1,65 : 0.1105"
"65,1 : 0.1105"
"1,66 : 0.7184"
"66,1 : 0.7184"
"1,67 : 0.2907"
"67,1 : 0.2907"
"1,68 : 0.857"
"68,1 : 0.857"
"1,69 : 0.6705"
"69,1 : 0.6705"
"1,70 : 0.5818"
"70,1 : 0.5818"
"1,71 : 0.7666"
"71,1 : 0.7666"
"1,72 : 0.6401"
"72,1 : 0.6401"
"1,73 : 0.9034"
"73,1 : 0.9034"
"1,74 : 0.8981"
"74,1 : 0.8981"
"1,75 : 0.3578"
"75,1 : 0.3578"
"1,76 : 0.4624"
"76,1 : 0.4624"
"1,77 : 0.7214"
"77,1 : 0.7214"
"1,78 : 0.5412"
"78,1 : 0.5412"
"1,79 : 0.3354"
"79,1 : 0.3354"
"1,80 : 0.6316"
"80,1 : 0.6316"
"1,81 : 0.136"
"81,1 : 0.136"
"1,82 : 0.6181"
"82,1 : 0.6181"
"1,83 : 0.4163"
"83,1 : 0.4163"
"1,84 : 0.7355"
"84,1 : 0.7355"
"1,85 : 0.2555"
"85,1 : 0.2555"
"1,86 : 0.7572"
"86,1 : 0.7572"
"1,87 : 0.8732"
"87,1 : 0.8732"
"1,88 : 0.3513"
"88,1 : 0.3513"
"1,89 : 0.3314"
"89,1 : 0.3314"
"1,90 : 0.6002"
"90,1 : 0.6002"
"1,91 : 0.7106"
"91,1 : 0.7106"
"1,92 : 0.7411"
"92,1 : 0.7411"
"1,93 : 0.5371"
"93,1 : 0.5371"
"1,94 : 0.781"
"94,1 : 0.781"
"1,95 : 0.02"
"95,1 : 0.02"
"1,96 : 0.8612"
"96,1 : 0.8612"
"1,97 : 0.247"
"97,1 : 0.247"
"1,98 : 0.1345"
"98,1 : 0.1345"
"1,99 : 0.2209"
"99,1 : 0.2209"
"2,3 : 0.4301"
"3,2 : 0.4301"
"2,4 : 0.26"
"4,2 : 0.26"
"2,5 : 0.461"
"5,2 : 0.461"
"2,6 : 0.255"
"6,2 : 0.255"
"2,7 : 0.2285"
"7,2 : 0.2285"
"2,8 : 0.1942"
"8,2 : 0.1942"
"2,9 : 0.658"
"9,2 : 0.658"
"2,10 : 0.222"
"10,2 : 0.222"
"2,11 : 0.1131"
"11,2 : 0.1131"
"2,12 : 0.2759"
"12,2 : 0.2759"
"2,13 : 0.8363"
"13,2 : 0.8363"
"2,14 : 0.5532"
"14,2 : 0.5532"
"2,15 : 0.0906"
"15,2 : 0.0906"
"2,16 : 0.3744"
"16,2 : 0.3744"
"2,17 : 0.7433"
"17,2 : 0.7433"
"2,18 : 0.6161"
"18,2 : 0.6161"
"2,19 : 0.2802"
"19,2 : 0.2802"
"2,20 : 0.6037"
"20,2 : 0.6037"
"2,21 : 0.2807"
"21,2 : 0.2807"
"2,22 : 0.2408"
"22,2 : 0.2408"
"2,23 : 0.5215"
"23,2 : 0.5215"
"2,24 : 0.5903"
"24,2 : 0.5903"
"2,25 : 0.5334"
"25,2 : 0.5334"
"2,26 : 0.7803"
"26,2 : 0.7803"
"2,27 : 0.4518"
"27,2 : 0.4518"
"2,28 : 0.1334"
"28,2 : 0.1334"
"2,29 : 0.8746"
"29,2 : 0.8746"
"2,30 : 0.1432"
"30,2 : 0.1432"
"2,31 : 0.1628"
"31,2 : 0.1628"
"2,32 : 0.5682"
"32,2 : 0.5682"
"2,33 : 0.5434"
"33,2 : 0.5434"
"2,34 : 0.4998"
"34,2 : 0.4998"
"2,35 : 0.5964"
"35,2 : 0.5964"
"2,36 : 0.1811"
"36,2 : 0.1811"
"2,37 : 0.8458"
"37,2 : 0.8458"
"2,38 : 0.6768"
"38,2 : 0.6768"
"2,39 : 0.4134"
"39,2 : 0.4134"
"2,40 : 0.314"
"40,2 : 0.314"
"2,41 : 0.3354"
"41,2 : 0.3354"
"2,42 : 0.5442"
"42,2 : 0.5442"
"2,43 : 0.1237"
"43,2 : 0.1237"
"2,44 : 0.3256"
"44,2 : 0.3256"
"2,45 : 0.7495"
"45,2 : 0.7495"
"2,46 : 0.6624"
"46,2 : 0.6624"
"2,47 : 0.2766"
"47,2 : 0.2766"
"2,48 : 0.578"
"48,2 : 0.578"
"2,49 : 0.9003"
"49,2 : 0.9003"
"2,50 : 0.5092"
"50,2 : 0.5092"
"2,51 : 0.4866"
"51,2 : 0.4866"
"2,52 : 0.5323"
"52,2 : 0.5323"
"2,53 : 0.676"
"53,2 : 0.676"
"2,54 : 0.4627"
"54,2 : 0.4627"
"2,55 : 0.5903"
"55,2 : 0.5903"
"2,56 : 0.2"
"56,2 : 0.2"
"2,57 : 0.5661"
"57,2 : 0.5661"
"2,58 : 0.2052"
"58,2 : 0.2052"
"2,59 : 0.6935"
"59,2 : 0.6935"
"2,60 : 0.5189"
"60,2 : 0.5189"
"2,61 : 0.6912"
"61,2 : 0.6912"
"2,62 : 0.6282"
"62,2 : 0.6282"
"2,63 : 0.3607"
"63,2 : 0.3607"
"2,64 : 0.2828"
"64,2 : 0.2828"
"2,65 : 0.7852"
"65,2 : 0.7852"
"2,66 : 0.1838"
"66,2 : 0.1838"
"2,67 : 0.5022"
"67,2 : 0.5022"
"2,68 : 0.1523"
"68,2 : 0.1523"
"2,69 : 0.6329"
"69,2 : 0.6329"
"2,70 : 0.3544"
"70,2 : 0.3544"
"2,71 : 0.2802"
"71,2 : 0.2802"
"2,72 : 0.4243"
"72,2 : 0.4243"
"2,73 : 0.2319"
"73,2 : 0.2319"
"2,74 : 0.1769"
"74,2 : 0.1769"
"2,75 : 0.3748"
"75,2 : 0.3748"
"2,76 : 0.3002"
"76,2 : 0.3002"
"2,77 : 0.1204"
"77,2 : 0.1204"
"2,78 : 0.4393"
"78,2 : 0.4393"
"2,79 : 0.9936"
"79,2 : 0.9936"
"2,80 : 0.3625"
"80,2 : 0.3625"
"2,81 : 0.858"
"81,2 : 0.858"
"2,82 : 0.7034"
"82,2 : 0.7034"
"2,83 : 0.328"
"83,2 : 0.328"
"2,84 : 0.313"
"84,2 : 0.313"
"2,85 : 0.7404"
"85,2 : 0.7404"
"2,86 : 0.2561"
"86,2 : 0.2561"
"2,87 : 0.7684"
"87,2 : 0.7684"
"2,88 : 0.5558"
"88,2 : 0.5558"
"2,89 : 0.9745"
"89,2 : 0.9745"
"2,90 : 0.5401"
"90,2 : 0.5401"
"2,91 : 0.478"
"91,2 : 0.478"
"2,92 : 0.4215"
"92,2 : 0.4215"
"2,93 : 0.3225"
"93,2 : 0.3225"
"2,94 : 0.4383"
"94,2 : 0.4383"
"2,95 : 0.7103"
"95,2 : 0.7103"
"2,96 : 0.6723"
"96,2 : 0.6723"
"2,97 : 0.5292"
"97,2 : 0.5292"
"2,98 : 0.7218"
"98,2 : 0.7218"
"2,99 : 0.5456"
"99,2 : 0.5456"
"3,4 : 0.4974"
"4,3 : 0.4974"
"3,5 : 0.55"
"5,3 : 0.55"
"3,6 : 0.5367"
"6,3 : 0.5367"
"3,7 : 0.5646"
"7,3 : 0.5646"
"3,8 : 0.2879"
"8,3 : 0.2879"
"3,9 : 0.4704"
"9,3 : 0.4704"
"3,10 : 0.5057"
"10,3 : 0.5057"
"3,11 : 0.5148"
"11,3 : 0.5148"
"3,12 : 0.661"
"12,3 : 0.661"
"3,13 : 0.6315"
"13,3 : 0.6315"
"3,14 : 0.1556"
"14,3 : 0.1556"
"3,15 : 0.3406"
"15,3 : 0.3406"
"3,16 : 0.2506"
"16,3 : 0.2506"
"3,17 : 0.35"
"17,3 : 0.35"
"3,18 : 0.214"
"18,3 : 0.214"
"3,19 : 0.6815"
"19,3 : 0.6815"
"3,20 : 0.878"
"20,3 : 0.878"
"3,21 : 0.4909"
"21,3 : 0.4909"
"3,22 : 0.3302"
"22,3 : 0.3302"
"3,23 : 0.2702"
"23,3 : 0.2702"
"3,24 : 0.1803"
"24,3 : 0.1803"
"3,25 : 0.8322"
"25,3 : 0.8322"
"3,26 : 0.4579"
"26,3 : 0.4579"
"3,27 : 0.4478"
"27,3 : 0.4478"
"3,28 : 0.4238"
"28,3 : 0.4238"
"3,29 : 0.7403"
"29,3 : 0.7403"
"3,30 : 0.2927"
"30,3 : 0.2927"
"3,31 : 0.5629"
"31,3 : 0.5629"
"3,32 : 0.5155"
"32,3 : 0.5155"
"3,33 : 0.7569"
"33,3 : 0.7569"
"3,34 : 0.1844"
"34,3 : 0.1844"
"3,35 : 0.3354"
"35,3 : 0.3354"
"3,36 : 0.2518"
"36,3 : 0.2518"
"3,37 : 0.7642"
"37,3 : 0.7642"
"3,38 : 0.7077"
"38,3 : 0.7077"
"3,39 : 0.3996"
"39,3 : 0.3996"
"3,40 : 0.4841"
"40,3 : 0.4841"
"3,41 : 0.6485"
"41,3 : 0.6485"
"3,42 : 0.2154"
"42,3 : 0.2154"
"3,43 : 0.478"
"43,3 : 0.478"
"3,44 : 0.2983"
"44,3 : 0.2983"
"3,45 : 0.4342"
"45,3 : 0.4342"
"3,46 : 0.5805"
"46,3 : 0.5805"
"3,47 : 0.278"
"47,3 : 0.278"
"3,48 : 0.4571"
"48,3 : 0.4571"
"3,49 : 0.6888"
"49,3 : 0.6888"
"3,50 : 0.1676"
"50,3 : 0.1676"
"3,51 : 0.086"
"51,3 : 0.086"
"3,52 : 0.5108"
"52,3 : 0.5108"
"3,53 : 0.5886"
"53,3 : 0.5886"
"3,54 : 0.05"
"54,3 : 0.05"
"3,55 : 0.1603"
"55,3 : 0.1603"
"3,56 : 0.6042"
"56,3 : 0.6042"
"3,57 : 0.211"
"57,3 : 0.211"
"3,58 : 0.3176"
"58,3 : 0.3176"
"3,59 : 0.3672"
"59,3 : 0.3672"
"3,60 : 0.5057"
"60,3 : 0.5057"
"3,61 : 0.8266"
"61,3 : 0.8266"
"3,62 : 0.228"
"62,3 : 0.228"
"3,63 : 0.3081"
"63,3 : 0.3081"
"3,64 : 0.7106"
"64,3 : 0.7106"
"3,65 : 0.5482"
"65,3 : 0.5482"
"3,66 : 0.3311"
"66,3 : 0.3311"
"3,67 : 0.4238"
"67,3 : 0.4238"
"3,68 : 0.5124"
"68,3 : 0.5124"
"3,69 : 0.7903"
"69,3 : 0.7903"
"3,70 : 0.1421"
"70,3 : 0.1421"
"3,71 : 0.6297"
"71,3 : 0.6297"
"3,72 : 0.6389"
"72,3 : 0.6389"
"3,73 : 0.6603"
"73,3 : 0.6603"
"3,74 : 0.5749"
"74,3 : 0.5749"
"3,75 : 0.3106"
"75,3 : 0.3106"
"3,76 : 0.3754"
"76,3 : 0.3754"
"3,77 : 0.364"
"77,3 : 0.364"
"3,78 : 0.1"
"78,3 : 0.1"
"3,79 : 0.7788"
"79,3 : 0.7788"
"3,80 : 0.1887"
"80,3 : 0.1887"
"3,81 : 0.5636"
"81,3 : 0.5636"
"3,82 : 0.314"
"82,3 : 0.314"
"3,83 : 0.3397"
"83,3 : 0.3397"
"3,84 : 0.6307"
"84,3 : 0.6307"
"3,85 : 0.3441"
"85,3 : 0.3441"
"3,86 : 0.3421"
"86,3 : 0.3421"
"3,87 : 0.9835"
"87,3 : 0.9835"
"3,88 : 0.1389"
"88,3 : 0.1389"
"3,89 : 0.7713"
"89,3 : 0.7713"
"3,90 : 0.6888"
"90,3 : 0.6888"
"3,91 : 0.7184"
"91,3 : 0.7184"
"3,92 : 0.7018"
"92,3 : 0.7018"
"3,93 : 0.1208"
"93,3 : 0.1208"
"3,94 : 0.7357"
"94,3 : 0.7357"
"3,95 : 0.4272"
"95,3 : 0.4272"
"3,96 : 0.921"
"96,3 : 0.921"
"3,97 : 0.1992"
"97,3 : 0.1992"
"3,98 : 0.5235"
"98,3 : 0.5235"
"3,99 : 0.4061"
"99,3 : 0.4061"
"4,5 : 0.2147"
"5,4 : 0.2147"
"4,6 : 0.051"
"6,4 : 0.051"
"4,7 : 0.4785"
"7,4 : 0.4785"
"4,8 : 0.2193"
"8,4 : 0.2193"
"4,9 : 0.5009"
"9,4 : 0.5009"
"4,10 : 0.05"
"10,4 : 0.05"
"4,11 : 0.197"
"11,4 : 0.197"
"4,12 : 0.4924"
"12,4 : 0.4924"
"4,13 : 0.6629"
"13,4 : 0.6629"
"4,14 : 0.5579"
"14,4 : 0.5579"
"4,15 : 0.2846"
"15,4 : 0.2846"
"4,16 : 0.563"
"16,4 : 0.563"
"4,17 : 0.7111"
"17,4 : 0.7111"
"4,18 : 0.6119"
"18,4 : 0.6119"
"4,19 : 0.4789"
"19,4 : 0.4789"
"4,20 : 0.389"
"20,4 : 0.389"
"4,21 : 0.0283"
"21,4 : 0.0283"
"4,22 : 0.4682"
"22,4 : 0.4682"
"4,23 : 0.4405"
"23,4 : 0.4405"
"4,24 : 0.5991"
"24,4 : 0.5991"
"4,25 : 0.336"
"25,4 : 0.336"
"4,26 : 0.6845"
"26,4 : 0.6845"
"4,27 : 0.2524"
"27,4 : 0.2524"
"4,28 : 0.3912"
"28,4 : 0.3912"
"4,29 : 0.6653"
"29,4 : 0.6653"
"4,30 : 0.322"
"30,4 : 0.322"
"4,31 : 0.389"
"31,4 : 0.389"
"4,32 : 0.3612"
"32,4 : 0.3612"
"4,33 : 0.2955"
"33,4 : 0.2955"
"4,34 : 0.637"
"34,4 : 0.637"
"4,35 : 0.4965"
"35,4 : 0.4965"
"4,36 : 0.3329"
"36,4 : 0.3329"
"4,37 : 0.6185"
"37,4 : 0.6185"
"4,38 : 0.4272"
"38,4 : 0.4272"
"4,39 : 0.2377"
"39,4 : 0.2377"
"4,40 : 0.0707"
"40,4 : 0.0707"
"4,41 : 0.1552"
"41,4 : 0.1552"
"4,42 : 0.6801"
"42,4 : 0.6801"
"4,43 : 0.3812"
"43,4 : 0.3812"
"4,44 : 0.5367"
"44,4 : 0.5367"
"4,45 : 0.6531"
"45,4 : 0.6531"
"4,46 : 0.4525"
"46,4 : 0.4525"
"4,47 : 0.2247"
"47,4 : 0.2247"
"4,48 : 0.4031"
"48,4 : 0.4031"
"4,49 : 0.7242"
"49,4 : 0.7242"
"4,50 : 0.4884"
"50,4 : 0.4884"
"4,51 : 0.5126"
"51,4 : 0.5126"
"4,52 : 0.3183"
"52,4 : 0.3183"
"4,53 : 0.4667"
"53,4 : 0.4667"
"4,54 : 0.5057"
"54,4 : 0.5057"
"4,55 : 0.6369"
"55,4 : 0.6369"
"4,56 : 0.4123"
"56,4 : 0.4123"
"4,57 : 0.6903"
"57,4 : 0.6903"
"4,58 : 0.4272"
"58,4 : 0.4272"
"4,59 : 0.614"
"59,4 : 0.614"
"4,60 : 0.3041"
"60,4 : 0.3041"
"4,61 : 0.4319"
"61,4 : 0.4319"
"4,62 : 0.6198"
"62,4 : 0.6198"
"4,63 : 0.25"
"63,4 : 0.25"
"4,64 : 0.3561"
"64,4 : 0.3561"
"4,65 : 0.6351"
"65,4 : 0.6351"
"4,66 : 0.4111"
"66,4 : 0.4111"
"4,67 : 0.3265"
"67,4 : 0.3265"
"4,68 : 0.4045"
"68,4 : 0.4045"
"4,69 : 0.3748"
"69,4 : 0.3748"
"4,70 : 0.4952"
"70,4 : 0.4952"
"4,71 : 0.1628"
"71,4 : 0.1628"
"4,72 : 0.1709"
"72,4 : 0.1709"
"4,73 : 0.3253"
"73,4 : 0.3253"
"4,74 : 0.4016"
"74,4 : 0.4016"
"4,75 : 0.2602"
"75,4 : 0.2602"
"4,76 : 0.15"
"76,4 : 0.15"
"4,77 : 0.359"
"77,4 : 0.359"
"4,78 : 0.5544"
"78,4 : 0.5544"
"4,79 : 0.8122"
"79,4 : 0.8122"
"4,80 : 0.5263"
"80,4 : 0.5263"
"4,81 : 0.7339"
"81,4 : 0.7339"
"4,82 : 0.8099"
"82,4 : 0.8099"
"4,83 : 0.2"
"83,4 : 0.2"
"4,84 : 0.1414"
"84,4 : 0.1414"
"4,85 : 0.7118"
"85,4 : 0.7118"
"4,86 : 0.487"
"86,4 : 0.487"
"4,87 : 0.5277"
"87,4 : 0.5277"
"4,88 : 0.5787"
"88,4 : 0.5787"
"4,89 : 0.7887"
"89,4 : 0.7887"
"4,90 : 0.2802"
"90,4 : 0.2802"
"4,91 : 0.2385"
"91,4 : 0.2385"
"4,92 : 0.2062"
"92,4 : 0.2062"
"4,93 : 0.4386"
"93,4 : 0.4386"
"4,94 : 0.2385"
"94,4 : 0.2385"
"4,95 : 0.5991"
"95,4 : 0.5991"
"4,96 : 0.4441"
"96,4 : 0.4441"
"4,97 : 0.4937"
"97,4 : 0.4937"
"4,98 : 0.5595"
"98,4 : 0.5595"
"4,99 : 0.39"
"99,4 : 0.39"
"5,6 : 0.25"
"6,5 : 0.25"
"5,7 : 0.6868"
"7,5 : 0.6868"
"5,8 : 0.3453"
"8,5 : 0.3453"
"5,9 : 0.3513"
"9,5 : 0.3513"
"5,10 : 0.2642"
"10,5 : 0.2642"
"5,11 : 0.4115"
"11,5 : 0.4115"
"5,12 : 0.7068"
"12,5 : 0.7068"
"5,13 : 0.4847"
"13,5 : 0.4847"
"5,14 : 0.55"
"14,5 : 0.55"
"5,15 : 0.4601"
"15,5 : 0.4601"
"5,16 : 0.6926"
"16,5 : 0.6926"
"5,17 : 0.6519"
"17,5 : 0.6519"
"5,18 : 0.5883"
"18,5 : 0.5883"
"5,19 : 0.6935"
"19,5 : 0.6935"
"5,20 : 0.3808"
"20,5 : 0.3808"
"5,21 : 0.1879"
"21,5 : 0.1879"
"5,22 : 0.6329"
"22,5 : 0.6329"
"5,23 : 0.3801"
"23,5 : 0.3801"
"5,24 : 0.5882"
"24,5 : 0.5882"
"5,25 : 0.3701"
"25,5 : 0.3701"
"5,26 : 0.5722"
"26,5 : 0.5722"
"5,27 : 0.1208"
"27,5 : 0.1208"
"5,28 : 0.5842"
"28,5 : 0.5842"
"5,29 : 0.461"
"29,5 : 0.461"
"5,30 : 0.4817"
"30,5 : 0.4817"
"5,31 : 0.6017"
"31,5 : 0.6017"
"5,32 : 0.1772"
"32,5 : 0.1772"
"5,33 : 0.2341"
"33,5 : 0.2341"
"5,34 : 0.722"
"34,5 : 0.722"
"5,35 : 0.4052"
"35,5 : 0.4052"
"5,36 : 0.4768"
"36,5 : 0.4768"
"5,37 : 0.4061"
"37,5 : 0.4061"
"5,38 : 0.2159"
"38,5 : 0.2159"
"5,39 : 0.1562"
"39,5 : 0.1562"
"5,40 : 0.1487"
"40,5 : 0.1487"
"5,41 : 0.2915"
"41,5 : 0.2915"
"5,42 : 0.7601"
"42,5 : 0.7601"
"5,43 : 0.5846"
"43,5 : 0.5846"
"5,44 : 0.6845"
"44,5 : 0.6845"
"5,45 : 0.5433"
"45,5 : 0.5433"
"5,46 : 0.2555"
"46,5 : 0.2555"
"5,47 : 0.2915"
"47,5 : 0.2915"
"5,48 : 0.2502"
"48,5 : 0.2502"
"5,49 : 0.5413"
"49,5 : 0.5413"
"5,50 : 0.472"
"50,5 : 0.472"
"5,51 : 0.5304"
"51,5 : 0.5304"
"5,52 : 0.1334"
"52,5 : 0.1334"
"5,53 : 0.2693"
"53,5 : 0.2693"
"5,54 : 0.5381"
"54,5 : 0.5381"
"5,55 : 0.6519"
"55,5 : 0.6519"
"5,56 : 0.6265"
"56,5 : 0.6265"
"5,57 : 0.7603"
"57,5 : 0.7603"
"5,58 : 0.5921"
"58,5 : 0.5921"
"5,59 : 0.5239"
"59,5 : 0.5239"
"5,60 : 0.1217"
"60,5 : 0.1217"
"5,61 : 0.2778"
"61,5 : 0.2778"
"5,62 : 0.5917"
"62,5 : 0.5917"
"5,63 : 0.2421"
"63,5 : 0.2421"
"5,64 : 0.559"
"64,5 : 0.559"
"5,65 : 0.4785"
"65,5 : 0.4785"
"5,66 : 0.5808"
"66,5 : 0.5808"
"5,67 : 0.1942"
"67,5 : 0.1942"
"5,68 : 0.6113"
"68,5 : 0.6113"
"5,69 : 0.2408"
"69,5 : 0.2408"
"5,70 : 0.6001"
"70,5 : 0.6001"
"5,71 : 0.3406"
"71,5 : 0.3406"
"5,72 : 0.1628"
"72,5 : 0.1628"
"5,73 : 0.5341"
"73,5 : 0.5341"
"5,74 : 0.6147"
"74,5 : 0.6147"
"5,75 : 0.2408"
"75,5 : 0.2408"
"5,76 : 0.1965"
"76,5 : 0.1965"
"5,77 : 0.5404"
"77,5 : 0.5404"
"5,78 : 0.6329"
"78,5 : 0.6329"
"5,79 : 0.6227"
"79,5 : 0.6227"
"5,80 : 0.6426"
"80,5 : 0.6426"
"5,81 : 0.593"
"81,5 : 0.593"
"5,82 : 0.8563"
"82,5 : 0.8563"
"5,83 : 0.2147"
"83,5 : 0.2147"
"5,84 : 0.2941"
"84,5 : 0.2941"
"5,85 : 0.6555"
"85,5 : 0.6555"
"5,86 : 0.6528"
"86,5 : 0.6528"
"5,87 : 0.4405"
"87,5 : 0.4405"
"5,88 : 0.5826"
"88,5 : 0.5826"
"5,89 : 0.5968"
"89,5 : 0.5968"
"5,90 : 0.1421"
"90,5 : 0.1421"
"5,91 : 0.2302"
"91,5 : 0.2302"
"5,92 : 0.2668"
"92,5 : 0.2668"
"5,93 : 0.5371"
"93,5 : 0.5371"
"5,94 : 0.3059"
"94,5 : 0.3059"
"5,95 : 0.4817"
"95,5 : 0.4817"
"5,96 : 0.3981"
"96,5 : 0.3981"
"5,97 : 0.4632"
"97,5 : 0.4632"
"5,98 : 0.3981"
"98,5 : 0.3981"
"5,99 : 0.2631"
"99,5 : 0.2631"
"6,7 : 0.4617"
"7,6 : 0.4617"
"6,8 : 0.2524"
"8,6 : 0.2524"
"6,9 : 0.5504"
"9,6 : 0.5504"
"6,10 : 0.0361"
"10,6 : 0.0361"
"6,11 : 0.1726"
"11,6 : 0.1726"
"6,12 : 0.4649"
"12,6 : 0.4649"
"6,13 : 0.7102"
"13,6 : 0.7102"
"6,14 : 0.6042"
"14,6 : 0.6042"
"6,15 : 0.2953"
"15,6 : 0.2953"
"6,16 : 0.5841"
"16,6 : 0.5841"
"6,17 : 0.7606"
"17,6 : 0.7606"
"6,18 : 0.6592"
"18,6 : 0.6592"
"6,19 : 0.4478"
"19,6 : 0.4478"
"6,20 : 0.364"
"20,6 : 0.364"
"6,21 : 0.0762"
"21,6 : 0.0762"
"6,22 : 0.4785"
"22,6 : 0.4785"
"6,23 : 0.4909"
"23,6 : 0.4909"
"6,24 : 0.6454"
"24,6 : 0.6454"
"6,25 : 0.3041"
"25,6 : 0.3041"
"6,26 : 0.7355"
"26,6 : 0.7355"
"6,27 : 0.3002"
"27,6 : 0.3002"
"6,28 : 0.3883"
"28,6 : 0.3883"
"6,29 : 0.7071"
"29,6 : 0.7071"
"6,30 : 0.3384"
"30,6 : 0.3384"
"6,31 : 0.3667"
"31,6 : 0.3667"
"6,32 : 0.4061"
"32,6 : 0.4061"
"6,33 : 0.2886"
"33,6 : 0.2886"
"6,34 : 0.6684"
"34,6 : 0.6684"
"6,35 : 0.5474"
"35,6 : 0.5474"
"6,36 : 0.3547"
"36,6 : 0.3547"
"6,37 : 0.656"
"37,6 : 0.656"
"6,38 : 0.4562"
"38,6 : 0.4562"
"6,39 : 0.2879"
"39,6 : 0.2879"
"6,40 : 0.1166"
"40,6 : 0.1166"
"6,41 : 0.1118"
"41,6 : 0.1118"
"6,42 : 0.7122"
"42,6 : 0.7122"
"6,43 : 0.3705"
"43,6 : 0.3705"
"6,44 : 0.5523"
"44,6 : 0.5523"
"6,45 : 0.7041"
"45,6 : 0.7041"
"6,46 : 0.4958"
"46,6 : 0.4958"
"6,47 : 0.2693"
"47,6 : 0.2693"
"6,48 : 0.4518"
"48,6 : 0.4518"
"6,49 : 0.771"
"49,6 : 0.771"
"6,50 : 0.536"
"50,6 : 0.536"
"6,51 : 0.5566"
"51,6 : 0.5566"
"6,52 : 0.3624"
"52,6 : 0.3624"
"6,53 : 0.5099"
"53,6 : 0.5099"
"6,54 : 0.5478"
"54,6 : 0.5478"
"6,55 : 0.6801"
"55,6 : 0.6801"
"6,56 : 0.386"
"56,6 : 0.386"
"6,57 : 0.7242"
"57,6 : 0.7242"
"6,58 : 0.4383"
"58,6 : 0.4383"
"6,59 : 0.6648"
"59,6 : 0.6648"
"6,60 : 0.3483"
"60,6 : 0.3483"
"6,61 : 0.4401"
"61,6 : 0.4401"
"6,62 : 0.6675"
"62,6 : 0.6675"
"6,63 : 0.3002"
"63,6 : 0.3002"
"6,64 : 0.3114"
"64,6 : 0.3114"
"6,65 : 0.6845"
"65,6 : 0.6845"
"6,66 : 0.4205"
"66,6 : 0.4205"
"6,67 : 0.3758"
"67,6 : 0.3758"
"6,68 : 0.3901"
"68,6 : 0.3901"
"6,69 : 0.3801"
"69,6 : 0.3801"
"6,70 : 0.524"
"70,6 : 0.524"
"6,71 : 0.1118"
"71,6 : 0.1118"
"6,72 : 0.1703"
"72,6 : 0.1703"
"6,73 : 0.2843"
"73,6 : 0.2843"
"6,74 : 0.3785"
"74,6 : 0.3785"
"6,75 : 0.3106"
"75,6 : 0.3106"
"6,76 : 0.2002"
"76,6 : 0.2002"
"6,77 : 0.364"
"77,6 : 0.364"
"6,78 : 0.5882"
"78,6 : 0.5882"
"6,79 : 0.858"
"79,6 : 0.858"
"6,80 : 0.5517"
"80,6 : 0.5517"
"6,81 : 0.7843"
"81,6 : 0.7843"
"6,82 : 0.8472"
"82,6 : 0.8472"
"6,83 : 0.2502"
"83,6 : 0.2502"
"6,84 : 0.0949"
"84,6 : 0.0949"
"6,85 : 0.7611"
"85,6 : 0.7611"
"6,86 : 0.4966"
"86,6 : 0.4966"
"6,87 : 0.5162"
"87,6 : 0.5162"
"6,88 : 0.6236"
"88,6 : 0.6236"
"6,89 : 0.8341"
"89,6 : 0.8341"
"6,90 : 0.2927"
"90,6 : 0.2927"
"6,91 : 0.2247"
"91,6 : 0.2247"
"6,92 : 0.178"
"92,6 : 0.178"
"6,93 : 0.4701"
"93,6 : 0.4701"
"6,94 : 0.2052"
"94,6 : 0.2052"
"6,95 : 0.65"
"95,6 : 0.65"
"6,96 : 0.4254"
"96,6 : 0.4254"
"6,97 : 0.5423"
"97,6 : 0.5423"
"6,98 : 0.6083"
"98,6 : 0.6083"
"6,99 : 0.4401"
"99,6 : 0.4401"
"7,8 : 0.4061"
"8,7 : 0.4061"
"7,9 : 0.8762"
"9,7 : 0.8762"
"7,10 : 0.4342"
"10,7 : 0.4342"
"7,11 : 0.2902"
"11,7 : 0.2902"
"7,12 : 0.1118"
"12,7 : 0.1118"
"7,13 : 1.056"
"13,7 : 1.056"
"7,14 : 0.7112"
"14,7 : 0.7112"
"7,15 : 0.2691"
"15,7 : 0.2691"
"7,16 : 0.4"
"16,7 : 0.4"
"7,17 : 0.9082"
"17,7 : 0.9082"
"7,18 : 0.7737"
"18,7 : 0.7737"
"7,19 : 0.1487"
"19,7 : 0.1487"
"7,20 : 0.7713"
"20,7 : 0.7713"
"7,21 : 0.5022"
"21,7 : 0.5022"
"7,22 : 0.2518"
"22,7 : 0.2518"
"7,23 : 0.7218"
"23,7 : 0.7218"
"7,24 : 0.7425"
"24,7 : 0.7425"
"7,25 : 0.6938"
"25,7 : 0.6938"
"7,26 : 0.9745"
"26,7 : 0.9745"
"7,27 : 0.6798"
"27,7 : 0.6798"
"7,28 : 0.1442"
"28,7 : 0.1442"
"7,29 : 1.1015"
"29,7 : 1.1015"
"7,30 : 0.2921"
"30,7 : 0.2921"
"7,31 : 0.1044"
"31,7 : 0.1044"
"7,32 : 0.7961"
"32,7 : 0.7961"
"7,33 : 0.7406"
"33,7 : 0.7406"
"7,34 : 0.5614"
"34,7 : 0.5614"
"7,35 : 0.7993"
"35,7 : 0.7993"
"7,36 : 0.3302"
"36,7 : 0.3302"
"7,37 : 1.0742"
"37,7 : 1.0742"
"7,38 : 0.9025"
"38,7 : 0.9025"
"7,39 : 0.6401"
"39,7 : 0.6401"
"7,40 : 0.5385"
"40,7 : 0.5385"
"7,41 : 0.5135"
"41,7 : 0.5135"
"7,42 : 0.6003"
"42,7 : 0.6003"
"7,43 : 0.1082"
"43,7 : 0.1082"
"7,44 : 0.3302"
"44,7 : 0.3302"
"7,45 : 0.9449"
"45,7 : 0.9449"
"7,46 : 0.8901"
"46,7 : 0.8901"
"7,47 : 0.492"
"47,7 : 0.492"
"7,48 : 0.8016"
"48,7 : 0.8016"
"7,49 : 1.12"
"49,7 : 1.12"
"7,50 : 0.6851"
"50,7 : 0.6851"
"7,51 : 0.6395"
"51,7 : 0.6395"
"7,52 : 0.7606"
"52,7 : 0.7606"
"7,53 : 0.9035"
"53,7 : 0.9035"
"7,54 : 0.6084"
"54,7 : 0.6084"
"7,55 : 0.7178"
"55,7 : 0.7178"
"7,56 : 0.114"
"56,7 : 0.114"
"7,57 : 0.6313"
"57,7 : 0.6313"
"7,58 : 0.25"
"58,7 : 0.25"
"7,59 : 0.8841"
"59,7 : 0.8841"
"7,60 : 0.7473"
"60,7 : 0.7473"
"7,61 : 0.9014"
"61,7 : 0.9014"
"7,62 : 0.7871"
"62,7 : 0.7871"
"7,63 : 0.5801"
"63,7 : 0.5801"
"7,64 : 0.314"
"64,7 : 0.314"
"7,65 : 0.999"
"65,7 : 0.999"
"7,66 : 0.2341"
"66,7 : 0.2341"
"7,67 : 0.7272"
"67,7 : 0.7272"
"7,68 : 0.0762"
"68,7 : 0.0762"
"7,69 : 0.8405"
"69,7 : 0.8405"
"7,70 : 0.4438"
"70,7 : 0.4438"
"7,71 : 0.4455"
"71,7 : 0.4455"
"7,72 : 0.6307"
"72,7 : 0.6307"
"7,73 : 0.2778"
"73,7 : 0.2778"
"7,74 : 0.0985"
"74,7 : 0.0985"
"7,75 : 0.5941"
"75,7 : 0.5941"
"7,76 : 0.5277"
"76,7 : 0.5277"
"7,77 : 0.2081"
"77,7 : 0.2081"
"7,78 : 0.5337"
"78,7 : 0.5337"
"7,79 : 1.214"
"79,7 : 1.214"
"7,80 : 0.4243"
"80,7 : 0.4243"
"7,81 : 1.0615"
"81,7 : 1.0615"
"7,82 : 0.7706"
"82,7 : 0.7706"
"7,83 : 0.5523"
"83,7 : 0.5523"
"7,84 : 0.4925"
"84,7 : 0.4925"
"7,85 : 0.9035"
"85,7 : 0.9035"
"7,86 : 0.2502"
"86,7 : 0.2502"
"7,87 : 0.9519"
"87,7 : 0.9519"
"7,88 : 0.7026"
"88,7 : 0.7026"
"7,89 : 1.1962"
"89,7 : 1.1962"
"7,90 : 0.7543"
"90,7 : 0.7543"
"7,91 : 0.6712"
"91,7 : 0.6712"
"7,92 : 0.6041"
"92,7 : 0.6041"
"7,93 : 0.4438"
"93,7 : 0.4438"
"7,94 : 0.61"
"94,7 : 0.61"
"7,95 : 0.9129"
"95,7 : 0.9129"
"7,96 : 0.8472"
"96,7 : 0.8472"
"7,97 : 0.7103"
"97,7 : 0.7103"
"7,98 : 0.9402"
"98,7 : 0.9402"
"7,99 : 0.7661"
"99,7 : 0.7661"
"8,9 : 0.4701"
"9,8 : 0.4701"
"8,10 : 0.2195"
"10,8 : 0.2195"
"8,11 : 0.2419"
"11,8 : 0.2419"
"8,12 : 0.4686"
"12,8 : 0.4686"
"8,13 : 0.65"
"13,8 : 0.65"
"8,14 : 0.3801"
"14,8 : 0.3801"
"8,15 : 0.1389"
"15,8 : 0.1389"
"8,16 : 0.3534"
"16,8 : 0.3534"
"8,17 : 0.5609"
"17,8 : 0.5609"
"8,18 : 0.441"
"18,8 : 0.441"
"8,19 : 0.4743"
"19,8 : 0.4743"
"8,20 : 0.6081"
"20,8 : 0.6081"
"8,21 : 0.2202"
"21,8 : 0.2202"
"8,22 : 0.29"
"22,8 : 0.29"
"8,23 : 0.3276"
"23,8 : 0.3276"
"8,24 : 0.42"
"24,8 : 0.42"
"8,25 : 0.5544"
"25,8 : 0.5544"
"8,26 : 0.5867"
"26,8 : 0.5867"
"8,27 : 0.2943"
"27,8 : 0.2943"
"8,28 : 0.2729"
"28,8 : 0.2729"
"8,29 : 0.7026"
"29,8 : 0.7026"
"8,30 : 0.1414"
"30,8 : 0.1414"
"8,31 : 0.3561"
"31,8 : 0.3561"
"8,32 : 0.4052"
"32,8 : 0.4052"
"8,33 : 0.5048"
"33,8 : 0.5048"
"8,34 : 0.4177"
"34,8 : 0.4177"
"8,35 : 0.4022"
"35,8 : 0.4022"
"8,36 : 0.1315"
"36,8 : 0.1315"
"8,37 : 0.6868"
"37,8 : 0.6868"
"8,38 : 0.5501"
"38,8 : 0.5501"
"8,39 : 0.2474"
"39,8 : 0.2474"
"8,40 : 0.2283"
"40,8 : 0.2283"
"8,41 : 0.3636"
"41,8 : 0.3636"
"8,42 : 0.461"
"42,8 : 0.461"
"8,43 : 0.2983"
"43,8 : 0.2983"
"8,44 : 0.3396"
"44,8 : 0.3396"
"8,45 : 0.5557"
"45,8 : 0.5557"
"8,46 : 0.4965"
"46,8 : 0.4965"
"8,47 : 0.086"
"47,8 : 0.086"
"8,48 : 0.3982"
"48,8 : 0.3982"
"8,49 : 0.714"
"49,8 : 0.714"
"8,50 : 0.3256"
"50,8 : 0.3256"
"8,51 : 0.3214"
"51,8 : 0.3214"
"8,52 : 0.3766"
"52,8 : 0.3766"
"8,53 : 0.5092"
"53,8 : 0.5092"
"8,54 : 0.3059"
"54,8 : 0.3059"
"8,55 : 0.4393"
"55,8 : 0.4393"
"8,56 : 0.3941"
"56,8 : 0.3941"
"8,57 : 0.472"
"57,8 : 0.472"
"8,58 : 0.2502"
"58,8 : 0.2502"
"8,59 : 0.5009"
"59,8 : 0.5009"
"8,60 : 0.365"
"60,8 : 0.365"
"8,61 : 0.6135"
"61,8 : 0.6135"
"8,62 : 0.4518"
"62,8 : 0.4518"
"8,63 : 0.1749"
"63,8 : 0.1749"
"8,64 : 0.4455"
"64,8 : 0.4455"
"8,65 : 0.5941"
"65,8 : 0.5941"
"8,66 : 0.2419"
"66,8 : 0.2419"
"8,67 : 0.327"
"67,8 : 0.327"
"8,68 : 0.333"
"68,8 : 0.333"
"8,69 : 0.5646"
"69,8 : 0.5646"
"8,70 : 0.2766"
"70,8 : 0.2766"
"8,71 : 0.3418"
"71,8 : 0.3418"
"8,72 : 0.3801"
"72,8 : 0.3801"
"8,73 : 0.3981"
"73,8 : 0.3981"
"8,74 : 0.3701"
"74,8 : 0.3701"
"8,75 : 0.1887"
"75,8 : 0.1887"
"8,76 : 0.1503"
"76,8 : 0.1503"
"8,77 : 0.2154"
"77,8 : 0.2154"
"8,78 : 0.336"
"78,8 : 0.336"
"8,79 : 0.808"
"79,8 : 0.808"
"8,80 : 0.3106"
"80,8 : 0.3106"
"8,81 : 0.664"
"81,8 : 0.664"
"8,82 : 0.5954"
"82,8 : 0.5954"
"8,83 : 0.1552"
"83,8 : 0.1552"
"8,84 : 0.3448"
"84,8 : 0.3448"
"8,85 : 0.559"
"85,8 : 0.559"
"8,86 : 0.31"
"86,8 : 0.31"
"8,87 : 0.7378"
"87,8 : 0.7378"
"8,88 : 0.3912"
"88,8 : 0.3912"
"8,89 : 0.7906"
"89,8 : 0.7906"
"8,90 : 0.4624"
"90,8 : 0.4624"
"8,91 : 0.4545"
"91,8 : 0.4545"
"8,92 : 0.4252"
"92,8 : 0.4252"
"8,93 : 0.2193"
"93,8 : 0.2193"
"8,94 : 0.4561"
"94,8 : 0.4561"
"8,95 : 0.5161"
"95,8 : 0.5161"
"8,96 : 0.6607"
"96,8 : 0.6607"
"8,97 : 0.3421"
"97,8 : 0.3421"
"8,98 : 0.5341"
"98,8 : 0.5341"
"8,99 : 0.3606"
"99,8 : 0.3606"
"9,10 : 0.5459"
"10,9 : 0.5459"
"9,11 : 0.664"
"11,9 : 0.664"
"9,12 : 0.9335"
"12,9 : 0.9335"
"9,13 : 0.1803"
"13,9 : 0.1803"
"9,14 : 0.3711"
"14,9 : 0.3711"
"9,15 : 0.608"
"15,9 : 0.608"
"9,16 : 0.7041"
"16,9 : 0.7041"
"9,17 : 0.3677"
"17,9 : 0.3677"
"9,18 : 0.3716"
"18,9 : 0.3716"
"9,19 : 0.9338"
"19,9 : 0.9338"
"9,20 : 0.7225"
"20,9 : 0.7225"
"9,21 : 0.4742"
"21,9 : 0.4742"
"9,22 : 0.7209"
"22,9 : 0.7209"
"9,23 : 0.2002"
"23,9 : 0.2002"
"9,24 : 0.3922"
"24,9 : 0.3922"
"9,25 : 0.7203"
"25,9 : 0.7203"
"9,26 : 0.2341"
"26,9 : 0.2341"
"9,27 : 0.253"
"27,9 : 0.253"
"9,28 : 0.7406"
"28,9 : 0.7406"
"9,29 : 0.27"
"29,9 : 0.27"
"9,30 : 0.5968"
"30,9 : 0.5968"
"9,31 : 0.8204"
"31,9 : 0.8204"
"9,32 : 0.1811"
"32,9 : 0.1811"
"9,33 : 0.5722"
"33,9 : 0.5722"
"9,34 : 0.6503"
"34,9 : 0.6503"
"9,35 : 0.1456"
"35,9 : 0.1456"
"9,36 : 0.5682"
"36,9 : 0.5682"
"9,37 : 0.3068"
"37,9 : 0.3068"
"9,38 : 0.3499"
"38,9 : 0.3499"
"9,39 : 0.2642"
"39,9 : 0.2642"
"9,40 : 0.4346"
"40,9 : 0.4346"
"9,41 : 0.6264"
"41,9 : 0.6264"
"9,42 : 0.6727"
"42,9 : 0.6727"
"9,43 : 0.7684"
"43,9 : 0.7684"
"9,44 : 0.7308"
"44,9 : 0.7308"
"9,45 : 0.2102"
"45,9 : 0.2102"
"9,46 : 0.164"
"46,9 : 0.164"
"9,47 : 0.3842"
"47,9 : 0.3842"
"9,48 : 0.102"
"48,9 : 0.102"
"9,49 : 0.2441"
"49,9 : 0.2441"
"9,50 : 0.3114"
"50,9 : 0.3114"
"9,51 : 0.4011"
"51,9 : 0.4011"
"9,52 : 0.22"
"52,9 : 0.22"
"9,53 : 0.1628"
"53,9 : 0.1628"
"9,54 : 0.4301"
"54,9 : 0.4301"
"9,55 : 0.4808"
"55,9 : 0.4808"
"9,56 : 0.8556"
"56,9 : 0.8556"
"9,57 : 0.6562"
"57,9 : 0.6562"
"9,58 : 0.6888"
"58,9 : 0.6888"
"9,59 : 0.2193"
"59,9 : 0.2193"
"9,60 : 0.2302"
"60,9 : 0.2302"
"9,61 : 0.5331"
"61,9 : 0.5331"
"9,62 : 0.3667"
"62,9 : 0.3667"
"9,63 : 0.2973"
"63,9 : 0.2973"
"9,64 : 0.8523"
"64,9 : 0.8523"
"9,65 : 0.1342"
"65,9 : 0.1342"
"9,66 : 0.6888"
"66,9 : 0.6888"
"9,67 : 0.1746"
"67,9 : 0.1746"
"9,68 : 0.8028"
"68,9 : 0.8028"
"9,69 : 0.5316"
"69,9 : 0.5316"
"9,70 : 0.5903"
"70,9 : 0.5903"
"9,71 : 0.6592"
"71,9 : 0.6592"
"9,72 : 0.5135"
"72,9 : 0.5135"
"9,73 : 0.8154"
"73,9 : 0.8154"
"9,74 : 0.8345"
"74,9 : 0.8345"
"9,75 : 0.2832"
"75,9 : 0.2832"
"9,76 : 0.372"
"76,9 : 0.372"
"9,77 : 0.6796"
"77,9 : 0.6796"
"9,78 : 0.5704"
"78,9 : 0.5704"
"9,79 : 0.3384"
"79,9 : 0.3384"
"9,80 : 0.6413"
"80,9 : 0.6413"
"9,81 : 0.2419"
"81,9 : 0.2419"
"9,82 : 0.6989"
"82,9 : 0.6989"
"9,83 : 0.333"
"83,9 : 0.333"
"9,84 : 0.623"
"84,9 : 0.623"
"9,85 : 0.3748"
"85,9 : 0.3748"
"9,86 : 0.7393"
"86,9 : 0.7393"
"9,87 : 0.7339"
"87,9 : 0.7339"
"9,88 : 0.4123"
"88,9 : 0.4123"
"9,89 : 0.3225"
"89,9 : 0.3225"
"9,90 : 0.4639"
"90,9 : 0.4639"
"9,91 : 0.5803"
"91,9 : 0.5803"
"9,92 : 0.6166"
"92,9 : 0.6166"
"9,93 : 0.536"
"93,9 : 0.536"
"9,94 : 0.6562"
"94,9 : 0.6562"
"9,95 : 0.1476"
"95,9 : 0.1476"
"9,96 : 0.7237"
"96,9 : 0.7237"
"9,97 : 0.2828"
"97,9 : 0.2828"
"9,98 : 0.064"
"98,9 : 0.064"
"9,99 : 0.114"
"99,9 : 0.114"
"10,11 : 0.1487"
"11,10 : 0.1487"
"10,12 : 0.4438"
"12,10 : 0.4438"
"10,13 : 0.7103"
"13,10 : 0.7103"
"10,14 : 0.5787"
"14,10 : 0.5787"
"10,15 : 0.2594"
"15,10 : 0.2594"
"10,16 : 0.5482"
"16,10 : 0.5482"
"10,17 : 0.74"
"17,10 : 0.74"
"10,18 : 0.6351"
"18,10 : 0.6351"
"10,19 : 0.4294"
"19,10 : 0.4294"
"10,20 : 0.4"
"20,10 : 0.4"
"10,21 : 0.0781"
"21,10 : 0.0781"
"10,22 : 0.4428"
"22,10 : 0.4428"
"10,23 : 0.4738"
"23,10 : 0.4738"
"10,24 : 0.6198"
"24,10 : 0.6198"
"10,25 : 0.3394"
"25,10 : 0.3394"
"10,26 : 0.7228"
"26,10 : 0.7228"
"10,27 : 0.3"
"27,10 : 0.3"
"10,28 : 0.3551"
"28,10 : 0.3551"
"10,29 : 0.7151"
"29,10 : 0.7151"
"10,30 : 0.3023"
"30,10 : 0.3023"
"10,31 : 0.3421"
"31,10 : 0.3421"
"10,32 : 0.4104"
"32,10 : 0.4104"
"10,33 : 0.3228"
"33,10 : 0.3228"
"10,34 : 0.6341"
"34,10 : 0.6341"
"10,35 : 0.5337"
"35,10 : 0.5337"
"10,36 : 0.3189"
"36,10 : 0.3189"
"10,37 : 0.6685"
"37,10 : 0.6685"
"10,38 : 0.4754"
"38,10 : 0.4754"
"10,39 : 0.2818"
"39,10 : 0.2818"
"10,40 : 0.1204"
"40,10 : 0.1204"
"10,41 : 0.1442"
"41,10 : 0.1442"
"10,42 : 0.678"
"42,10 : 0.678"
"10,43 : 0.34"
"43,10 : 0.34"
"10,44 : 0.5162"
"44,10 : 0.5162"
"10,45 : 0.6912"
"45,10 : 0.6912"
"10,46 : 0.5021"
"46,10 : 0.5021"
"10,47 : 0.2433"
"47,10 : 0.2433"
"10,48 : 0.4494"
"48,10 : 0.4494"
"10,49 : 0.772"
"49,10 : 0.772"
"10,50 : 0.5124"
"50,10 : 0.5124"
"10,51 : 0.5289"
"51,10 : 0.5289"
"10,52 : 0.3677"
"52,10 : 0.3677"
"10,53 : 0.5162"
"53,10 : 0.5162"
"10,54 : 0.5187"
"54,10 : 0.5187"
"10,55 : 0.6515"
"55,10 : 0.6515"
"10,56 : 0.364"
"56,10 : 0.364"
"10,57 : 0.6907"
"57,10 : 0.6907"
"10,58 : 0.4025"
"58,10 : 0.4025"
"10,59 : 0.6494"
"59,10 : 0.6494"
"10,60 : 0.3536"
"60,10 : 0.3536"
"10,61 : 0.4701"
"61,10 : 0.4701"
"10,62 : 0.6438"
"62,10 : 0.6438"
"10,63 : 0.2828"
"63,10 : 0.2828"
"10,64 : 0.3081"
"64,10 : 0.3081"
"10,65 : 0.68"
"65,10 : 0.68"
"10,66 : 0.3848"
"66,10 : 0.3848"
"10,67 : 0.3722"
"67,10 : 0.3722"
"10,68 : 0.3612"
"68,10 : 0.3612"
"10,69 : 0.4111"
"69,10 : 0.4111"
"10,70 : 0.4892"
"70,10 : 0.4892"
"10,71 : 0.1304"
"71,10 : 0.1304"
"10,72 : 0.2022"
"72,10 : 0.2022"
"10,73 : 0.2759"
"73,10 : 0.2759"
"10,74 : 0.3544"
"74,10 : 0.3544"
"10,75 : 0.2943"
"75,10 : 0.2943"
"10,76 : 0.1844"
"76,10 : 0.1844"
"10,77 : 0.3289"
"77,10 : 0.3289"
"10,78 : 0.5547"
"78,10 : 0.5547"
"10,79 : 0.8605"
"79,10 : 0.8605"
"10,80 : 0.5162"
"80,10 : 0.5162"
"10,81 : 0.7762"
"81,10 : 0.7762"
"10,82 : 0.8149"
"82,10 : 0.8149"
"10,83 : 0.2335"
"83,10 : 0.2335"
"10,84 : 0.1253"
"84,10 : 0.1253"
"10,85 : 0.7401"
"85,10 : 0.7401"
"10,86 : 0.461"
"86,10 : 0.461"
"10,87 : 0.5515"
"87,10 : 0.5515"
"10,88 : 0.5967"
"88,10 : 0.5967"
"10,89 : 0.8374"
"89,10 : 0.8374"
"10,90 : 0.3206"
"90,10 : 0.3206"
"10,91 : 0.26"
"91,10 : 0.26"
"10,92 : 0.214"
"92,10 : 0.214"
"10,93 : 0.436"
"93,10 : 0.436"
"10,94 : 0.2404"
"94,10 : 0.2404"
"10,95 : 0.6389"
"95,10 : 0.6389"
"10,96 : 0.4614"
"96,10 : 0.4614"
"10,97 : 0.5204"
"97,10 : 0.5204"
"10,98 : 0.6054"
"98,10 : 0.6054"
"10,99 : 0.4338"
"99,10 : 0.4338"
"11,12 : 0.2955"
"12,11 : 0.2955"
"11,13 : 0.8363"
"13,11 : 0.8363"
"11,14 : 0.6213"
"14,11 : 0.6213"
"11,15 : 0.1924"
"15,11 : 0.1924"
"11,16 : 0.486"
"16,11 : 0.486"
"11,17 : 0.8023"
"17,11 : 0.8023"
"11,18 : 0.6826"
"18,11 : 0.6826"
"11,19 : 0.283"
"19,11 : 0.283"
"11,20 : 0.4977"
"20,11 : 0.4977"
"11,21 : 0.2236"
"21,11 : 0.2236"
"11,22 : 0.3538"
"22,11 : 0.3538"
"11,23 : 0.5571"
"23,11 : 0.5571"
"11,24 : 0.6607"
"24,11 : 0.6607"
"11,25 : 0.4249"
"25,11 : 0.4249"
"11,26 : 0.8154"
"26,11 : 0.8154"
"11,27 : 0.4319"
"27,11 : 0.4319"
"11,28 : 0.2371"
"28,11 : 0.2371"
"11,29 : 0.8543"
"29,11 : 0.8543"
"11,30 : 0.246"
"30,11 : 0.246"
"11,31 : 0.1942"
"31,11 : 0.1942"
"11,32 : 0.5467"
"32,11 : 0.5467"
"11,33 : 0.4518"
"33,11 : 0.4518"
"11,34 : 0.6042"
"34,11 : 0.6042"
"11,35 : 0.6265"
"35,11 : 0.6265"
"11,36 : 0.2786"
"36,11 : 0.2786"
"11,37 : 0.813"
"37,11 : 0.813"
"11,38 : 0.6239"
"38,11 : 0.6239"
"11,39 : 0.4036"
"39,11 : 0.4036"
"11,40 : 0.2642"
"40,11 : 0.2642"
"11,41 : 0.2309"
"41,11 : 0.2309"
"11,42 : 0.6488"
"42,11 : 0.6488"
"11,43 : 0.2062"
"43,11 : 0.2062"
"11,44 : 0.4386"
"44,11 : 0.4386"
"11,45 : 0.7839"
"45,11 : 0.7839"
"11,46 : 0.6403"
"46,11 : 0.6403"
"11,47 : 0.3068"
"47,11 : 0.3068"
"11,48 : 0.5738"
"48,11 : 0.5738"
"11,49 : 0.8994"
"49,11 : 0.8994"
"11,50 : 0.5672"
"50,11 : 0.5672"
"11,51 : 0.56"
"51,11 : 0.56"
"11,52 : 0.5061"
"52,11 : 0.5061"
"11,53 : 0.6544"
"53,11 : 0.6544"
"11,54 : 0.5408"
"54,11 : 0.5408"
"11,55 : 0.6727"
"55,11 : 0.6727"
"11,56 : 0.2154"
"56,11 : 0.2154"
"11,57 : 0.6685"
"57,11 : 0.6685"
"11,58 : 0.3183"
"58,11 : 0.3183"
"11,59 : 0.7339"
"59,11 : 0.7339"
"11,60 : 0.492"
"60,11 : 0.492"
"11,61 : 0.6113"
"61,11 : 0.6113"
"11,62 : 0.6935"
"62,11 : 0.6935"
"11,63 : 0.3759"
"63,11 : 0.3759"
"11,64 : 0.204"
"64,11 : 0.204"
"11,65 : 0.7963"
"65,11 : 0.7963"
"11,66 : 0.297"
"66,11 : 0.297"
"11,67 : 0.4958"
"67,11 : 0.4958"
"11,68 : 0.2209"
"68,11 : 0.2209"
"11,69 : 0.5504"
"69,11 : 0.5504"
"11,70 : 0.4569"
"70,11 : 0.4569"
"11,71 : 0.17"
"71,11 : 0.17"
"11,72 : 0.3406"
"72,11 : 0.3406"
"11,73 : 0.1581"
"73,11 : 0.1581"
"11,74 : 0.2062"
"74,11 : 0.2062"
"11,75 : 0.3895"
"75,11 : 0.3895"
"11,76 : 0.2921"
"76,11 : 0.2921"
"11,77 : 0.2335"
"77,11 : 0.2335"
"11,78 : 0.5376"
"78,11 : 0.5376"
"11,79 : 0.9904"
"79,11 : 0.9904"
"11,80 : 0.4701"
"80,11 : 0.4701"
"11,81 : 0.8819"
"81,11 : 0.8819"
"11,82 : 0.8032"
"82,11 : 0.8032"
"11,83 : 0.3329"
"83,11 : 0.3329"
"11,84 : 0.2088"
"84,11 : 0.2088"
"11,85 : 0.8006"
"85,11 : 0.8006"
"11,86 : 0.3688"
"86,11 : 0.3688"
"11,87 : 0.6694"
"87,11 : 0.6694"
"11,88 : 0.63"
"88,11 : 0.63"
"11,89 : 0.9688"
"89,11 : 0.9688"
"11,90 : 0.4653"
"90,11 : 0.4653"
"11,91 : 0.3833"
"91,11 : 0.3833"
"11,92 : 0.3202"
"92,11 : 0.3202"
"11,93 : 0.4176"
"93,11 : 0.4176"
"11,94 : 0.3324"
"94,11 : 0.3324"
"11,95 : 0.7379"
"95,11 : 0.7379"
"11,96 : 0.5692"
"96,11 : 0.5692"
"11,97 : 0.5825"
"97,11 : 0.5825"
"11,98 : 0.7262"
"98,11 : 0.7262"
"11,99 : 0.55"
"99,11 : 0.55"
"12,13 : 1.1113"
"13,12 : 1.1113"
"12,14 : 0.8023"
"14,12 : 0.8023"
"12,15 : 0.3413"
"15,12 : 0.3413"
"12,16 : 0.5104"
"16,12 : 0.5104"
"12,17 : 0.9981"
"17,12 : 0.9981"
"12,18 : 0.8654"
"18,12 : 0.8654"
"12,19 : 0.0424"
"19,12 : 0.0424"
"12,20 : 0.7333"
"20,12 : 0.7333"
"12,21 : 0.5189"
"21,12 : 0.5189"
"12,22 : 0.3601"
"22,12 : 0.3601"
"12,23 : 0.794"
"23,12 : 0.794"
"12,24 : 0.8357"
"24,12 : 0.8357"
"12,25 : 0.6538"
"25,12 : 0.6538"
"12,26 : 1.0512"
"26,12 : 1.0512"
"12,27 : 0.7185"
"27,12 : 0.7185"
"12,28 : 0.2377"
"28,12 : 0.2377"
"12,29 : 1.1428"
"29,12 : 1.1428"
"12,30 : 0.3758"
"30,12 : 0.3758"
"12,31 : 0.1131"
"31,12 : 0.1131"
"12,32 : 0.8349"
"32,12 : 0.8349"
"12,33 : 0.7244"
"33,12 : 0.7244"
"12,34 : 0.6703"
"34,12 : 0.6703"
"12,35 : 0.8701"
"35,12 : 0.8701"
"12,36 : 0.4163"
"36,12 : 0.4163"
"12,37 : 1.1064"
"37,12 : 1.1064"
"12,38 : 0.9192"
"38,12 : 0.9192"
"12,39 : 0.6841"
"39,12 : 0.6841"
"12,40 : 0.559"
"40,12 : 0.559"
"12,41 : 0.4925"
"41,12 : 0.4925"
"12,42 : 0.71"
"42,12 : 0.71"
"12,43 : 0.1838"
"43,12 : 0.1838"
"12,44 : 0.441"
"44,12 : 0.441"
"12,45 : 1.0208"
"45,12 : 1.0208"
"12,46 : 0.9291"
"46,12 : 0.9291"
"12,47 : 0.5523"
"47,12 : 0.5523"
"12,48 : 0.8515"
"48,12 : 0.8515"
"12,49 : 1.1752"
"49,12 : 1.1752"
"12,50 : 0.7694"
"50,12 : 0.7694"
"12,51 : 0.7316"
"51,12 : 0.7316"
"12,52 : 0.7961"
"52,12 : 0.7961"
"12,53 : 0.943"
"53,12 : 0.943"
"12,54 : 0.7023"
"54,12 : 0.7023"
"12,55 : 0.8174"
"55,12 : 0.8174"
"12,56 : 0.0806"
"56,12 : 0.0806"
"12,57 : 0.7403"
"57,12 : 0.7403"
"12,58 : 0.3536"
"58,12 : 0.3536"
"12,59 : 0.9625"
"59,12 : 0.9625"
"12,60 : 0.7823"
"60,12 : 0.7823"
"12,61 : 0.8944"
"61,12 : 0.8944"
"12,62 : 0.8785"
"62,12 : 0.8785"
"12,63 : 0.6364"
"63,12 : 0.6364"
"12,64 : 0.2435"
"64,12 : 0.2435"
"12,65 : 1.061"
"65,12 : 1.061"
"12,66 : 0.3354"
"66,12 : 0.3354"
"12,67 : 0.7747"
"67,12 : 0.7747"
"12,68 : 0.1487"
"68,12 : 0.1487"
"12,69 : 0.8319"
"69,12 : 0.8319"
"12,70 : 0.5474"
"70,12 : 0.5474"
"12,71 : 0.4219"
"71,12 : 0.4219"
"12,72 : 0.6259"
"72,12 : 0.6259"
"12,73 : 0.222"
"73,12 : 0.222"
"12,74 : 0.099"
"74,12 : 0.099"
"12,75 : 0.6505"
"75,12 : 0.6505"
"12,76 : 0.5701"
"76,12 : 0.5701"
"12,77 : 0.2973"
"77,12 : 0.2973"
"12,78 : 0.6379"
"78,12 : 0.6379"
"12,79 : 1.2681"
"79,12 : 1.2681"
"12,80 : 0.5315"
"80,12 : 0.5315"
"12,81 : 1.1323"
"81,12 : 1.1323"
"12,82 : 0.8801"
"82,12 : 0.8801"
"12,83 : 0.6021"
"83,12 : 0.6021"
"12,84 : 0.4738"
"84,12 : 0.4738"
"12,85 : 0.994"
"85,12 : 0.994"
"12,86 : 0.3601"
"86,12 : 0.3601"
"12,87 : 0.9209"
"87,12 : 0.9209"
"12,88 : 0.7971"
"88,12 : 0.7971"
"12,89 : 1.2484"
"89,12 : 1.2484"
"12,90 : 0.7543"
"90,12 : 0.7543"
"12,91 : 0.6538"
"91,12 : 0.6538"
"12,92 : 0.5814"
"92,12 : 0.5814"
"12,93 : 0.5412"
"93,12 : 0.5412"
"12,94 : 0.58"
"94,12 : 0.58"
"12,95 : 0.9841"
"95,12 : 0.9841"
"12,96 : 0.8122"
"96,12 : 0.8122"
"12,97 : 0.7926"
"97,12 : 0.7926"
"12,98 : 0.9972"
"98,12 : 0.9972"
"12,99 : 0.8207"
"99,12 : 0.8207"
"13,14 : 0.5101"
"14,13 : 0.5101"
"13,15 : 0.7882"
"15,13 : 0.7882"
"13,16 : 0.8736"
"16,13 : 0.8736"
"13,17 : 0.4401"
"17,13 : 0.4401"
"13,18 : 0.4925"
"18,13 : 0.4925"
"13,19 : 1.1102"
"19,13 : 1.1102"
"13,20 : 0.8249"
"20,13 : 0.8249"
"13,21 : 0.6351"
"21,13 : 0.6351"
"13,22 : 0.899"
"22,13 : 0.899"
