x,y
0.72,0.53
0.73,0.84
0.21,0.85
0.45,0.06
0.07,0.56
0.89,0.95
0.7,0.9
0.96,0.74
0.52,0.33
0.88,0.13
0.76,0.69
0.79,0.05
0.89,0.7
0.05,0.97
0.28,0.91
0.14,0.63
0.36,0.32
0.37,0.22
0.84,0.94
0.49,0.96
0.75,0.38
0.08,0.72
0.64,0.91
0.11,0.04
0.73,0.32
0.14,0.06
0.98,0.68
0.91,0.1
0.19,0.44
0.94,0.05
0.14,0.63
0.1,0.11
0.62,0.56
0.35,0.69
0.48,0.12
0.84,0.62
0.25,0.49
0.13,0.29
0.15,0.97
0.15,0.51
0.26,0.68
0.56,0.25
0.45,0.48
0.86,0.24
0.53,0.56
0.89,0.96
0.31,0.79
0.42,0.16
0.09,0.0
0.36,0.07
0.98,0.31
0.71,0.28
0.67,0.14
0.36,0.04
0.62,0.96
0.5,0.07
0.59,0.51
0.9,0.21
0.59,0.65
0.93,0.37
0.43,0.13
0.94,0.13
0.89,0.47
0.96,0.21
0.72,0.42
0.9,0.0
0.68,0.85
0.57,0.7
0.54,0.09
0.43,0.82
0.63,0.95
0.26,0.92
0.83,0.45
0.58,0.4
0.06,0.61
0.54,0.18
0.68,0.98
0.13,0.03
0.37,0.49
0.97,0.94
0.33,0.11
0.37,0.8
0.08,0.79
0.56,0.67
0.68,0.05
0.89,0.68
0.26,0.54
0.14,0.37
0.12,0.7
0.93,0.48
0.82,0.35
0.39,0.01
0.01,0.86
0.12,0.77
0.14,0.79
0.37,0.38
0.13,0.53
0.87,0.05
0.95,0.31
0.52,0.15

Distanze
"0,1 : 0.3102"
"1,0 : 0.3102"
"0,2 : 0.6021"
"2,0 : 0.6021"
"0,3 : 0.542"
"3,0 : 0.542"
"0,4 : 0.6507"
"4,0 : 0.6507"
"0,5 : 0.4531"
"5,0 : 0.4531"
"0,6 : 0.3705"
"6,0 : 0.3705"
"0,7 : 0.3189"
"7,0 : 0.3189"
"0,8 : 0.2828"
"8,0 : 0.2828"
"0,9 : 0.4308"
"9,0 : 0.4308"
"0,10 : 0.1649"
"10,0 : 0.1649"
"0,11 : 0.4851"
"11,0 : 0.4851"
"0,12 : 0.2404"
"12,0 : 0.2404"
"0,13 : 0.8016"
"13,0 : 0.8016"
"0,14 : 0.5814"
"14,0 : 0.5814"
"0,15 : 0.5886"
"15,0 : 0.5886"
"0,16 : 0.4168"
"16,0 : 0.4168"
"0,17 : 0.4675"
"17,0 : 0.4675"
"0,18 : 0.4272"
"18,0 : 0.4272"
"0,19 : 0.4876"
"19,0 : 0.4876"
"0,20 : 0.153"
"20,0 : 0.153"
"0,21 : 0.6676"
"21,0 : 0.6676"
"0,22 : 0.3883"
"22,0 : 0.3883"
"0,23 : 0.7824"
"23,0 : 0.7824"
"0,24 : 0.2102"
"24,0 : 0.2102"
"0,25 : 0.7465"
"25,0 : 0.7465"
"0,26 : 0.3002"
"26,0 : 0.3002"
"0,27 : 0.4701"
"27,0 : 0.4701"
"0,28 : 0.5376"
"28,0 : 0.5376"
"0,29 : 0.528"
"29,0 : 0.528"
"0,30 : 0.5886"
"30,0 : 0.5886"
"0,31 : 0.7489"
"31,0 : 0.7489"
"0,32 : 0.1044"
"32,0 : 0.1044"
"0,33 : 0.4031"
"33,0 : 0.4031"
"0,34 : 0.4751"
"34,0 : 0.4751"
"0,35 : 0.15"
"35,0 : 0.15"
"0,36 : 0.4717"
"36,0 : 0.4717"
"0,37 : 0.6369"
"37,0 : 0.6369"
"0,38 : 0.7201"
"38,0 : 0.7201"
"0,39 : 0.5704"
"39,0 : 0.5704"
"0,40 : 0.4838"
"40,0 : 0.4838"
"0,41 : 0.3225"
"41,0 : 0.3225"
"0,42 : 0.2746"
"42,0 : 0.2746"
"0,43 : 0.322"
"43,0 : 0.322"
"0,44 : 0.1924"
"44,0 : 0.1924"
"0,45 : 0.4624"
"45,0 : 0.4624"
"0,46 : 0.4855"
"46,0 : 0.4855"
"0,47 : 0.4763"
"47,0 : 0.4763"
"0,48 : 0.8233"
"48,0 : 0.8233"
"0,49 : 0.5841"
"49,0 : 0.5841"
"0,50 : 0.3406"
"50,0 : 0.3406"
"0,51 : 0.2502"
"51,0 : 0.2502"
"0,52 : 0.3932"
"52,0 : 0.3932"
"0,53 : 0.608"
"53,0 : 0.608"
"0,54 : 0.4415"
"54,0 : 0.4415"
"0,55 : 0.5099"
"55,0 : 0.5099"
"0,56 : 0.1315"
"56,0 : 0.1315"
"0,57 : 0.3672"
"57,0 : 0.3672"
"0,58 : 0.1769"
"58,0 : 0.1769"
"0,59 : 0.264"
"59,0 : 0.264"
"0,60 : 0.4941"
"60,0 : 0.4941"
"0,61 : 0.4565"
"61,0 : 0.4565"
"0,62 : 0.1803"
"62,0 : 0.1803"
"0,63 : 0.4"
"63,0 : 0.4"
"0,64 : 0.11"
"64,0 : 0.11"
"0,65 : 0.5597"
"65,0 : 0.5597"
"0,66 : 0.3225"
"66,0 : 0.3225"
"0,67 : 0.2267"
"67,0 : 0.2267"
"0,68 : 0.4754"
"68,0 : 0.4754"
"0,69 : 0.4101"
"69,0 : 0.4101"
"0,70 : 0.4295"
"70,0 : 0.4295"
"0,71 : 0.6031"
"71,0 : 0.6031"
"0,72 : 0.136"
"72,0 : 0.136"
"0,73 : 0.191"
"73,0 : 0.191"
"0,74 : 0.6648"
"74,0 : 0.6648"
"0,75 : 0.3936"
"75,0 : 0.3936"
"0,76 : 0.4518"
"76,0 : 0.4518"
"0,77 : 0.7734"
"77,0 : 0.7734"
"0,78 : 0.3523"
"78,0 : 0.3523"
"0,79 : 0.4802"
"79,0 : 0.4802"
"0,80 : 0.5731"
"80,0 : 0.5731"
"0,81 : 0.442"
"81,0 : 0.442"
"0,82 : 0.6908"
"82,0 : 0.6908"
"0,83 : 0.2126"
"83,0 : 0.2126"
"0,84 : 0.4817"
"84,0 : 0.4817"
"0,85 : 0.2267"
"85,0 : 0.2267"
"0,86 : 0.4601"
"86,0 : 0.4601"
"0,87 : 0.6017"
"87,0 : 0.6017"
"0,88 : 0.6236"
"88,0 : 0.6236"
"0,89 : 0.2159"
"89,0 : 0.2159"
"0,90 : 0.2059"
"90,0 : 0.2059"
"0,91 : 0.6159"
"91,0 : 0.6159"
"0,92 : 0.7829"
"92,0 : 0.7829"
"0,93 : 0.6462"
"93,0 : 0.6462"
"0,94 : 0.6356"
"94,0 : 0.6356"
"0,95 : 0.3808"
"95,0 : 0.3808"
"0,96 : 0.59"
"96,0 : 0.59"
"0,97 : 0.5029"
"97,0 : 0.5029"
"0,98 : 0.3183"
"98,0 : 0.3183"
"0,99 : 0.4294"
"99,0 : 0.4294"
"1,2 : 0.5201"
"2,1 : 0.5201"
"1,3 : 0.8287"
"3,1 : 0.8287"
"1,4 : 0.7169"
"4,1 : 0.7169"
"1,5 : 0.1942"
"5,1 : 0.1942"
"1,6 : 0.0671"
"6,1 : 0.0671"
"1,7 : 0.2508"
"7,1 : 0.2508"
"1,8 : 0.5515"
"8,1 : 0.5515"
"1,9 : 0.7257"
"9,1 : 0.7257"
"1,10 : 0.153"
"10,1 : 0.153"
"1,11 : 0.7923"
"11,1 : 0.7923"
"1,12 : 0.2126"
"12,1 : 0.2126"
"1,13 : 0.6923"
"13,1 : 0.6923"
"1,14 : 0.4554"
"14,1 : 0.4554"
"1,15 : 0.6263"
"15,1 : 0.6263"
"1,16 : 0.6382"
"16,1 : 0.6382"
"1,17 : 0.7169"
"17,1 : 0.7169"
"1,18 : 0.1487"
"18,1 : 0.1487"
"1,19 : 0.2683"
"19,1 : 0.2683"
"1,20 : 0.4604"
"20,1 : 0.4604"
"1,21 : 0.661"
"21,1 : 0.661"
"1,22 : 0.114"
"22,1 : 0.114"
"1,23 : 1.0121"
"23,1 : 1.0121"
"1,24 : 0.52"
"24,1 : 0.52"
"1,25 : 0.978"
"25,1 : 0.978"
"1,26 : 0.2968"
"26,1 : 0.2968"
"1,27 : 0.7616"
"27,1 : 0.7616"
"1,28 : 0.672"
"28,1 : 0.672"
"1,29 : 0.8174"
"29,1 : 0.8174"
"1,30 : 0.6263"
"30,1 : 0.6263"
"1,31 : 0.9643"
"31,1 : 0.9643"
"1,32 : 0.3008"
"32,1 : 0.3008"
"1,33 : 0.4085"
"33,1 : 0.4085"
"1,34 : 0.7622"
"34,1 : 0.7622"
"1,35 : 0.246"
"35,1 : 0.246"
"1,36 : 0.5941"
"36,1 : 0.5941"
"1,37 : 0.8139"
"37,1 : 0.8139"
"1,38 : 0.5944"
"38,1 : 0.5944"
"1,39 : 0.6673"
"39,1 : 0.6673"
"1,40 : 0.4965"
"40,1 : 0.4965"
"1,41 : 0.614"
"41,1 : 0.614"
"1,42 : 0.4561"
"42,1 : 0.4561"
"1,43 : 0.6139"
"43,1 : 0.6139"
"1,44 : 0.3441"
"44,1 : 0.3441"
"1,45 : 0.2"
"45,1 : 0.2"
"1,46 : 0.423"
"46,1 : 0.423"
"1,47 : 0.7473"
"47,1 : 0.7473"
"1,48 : 1.056"
"48,1 : 1.056"
"1,49 : 0.8543"
"49,1 : 0.8543"
"1,50 : 0.586"
"50,1 : 0.586"
"1,51 : 0.5604"
"51,1 : 0.5604"
"1,52 : 0.7026"
"52,1 : 0.7026"
"1,53 : 0.8814"
"53,1 : 0.8814"
"1,54 : 0.1628"
"54,1 : 0.1628"
"1,55 : 0.8036"
"55,1 : 0.8036"
"1,56 : 0.3585"
"56,1 : 0.3585"
"1,57 : 0.6525"
"57,1 : 0.6525"
"1,58 : 0.236"
"58,1 : 0.236"
"1,59 : 0.5108"
"59,1 : 0.5108"
"1,60 : 0.7708"
"60,1 : 0.7708"
"1,61 : 0.7404"
"61,1 : 0.7404"
"1,62 : 0.4031"
"62,1 : 0.4031"
"1,63 : 0.6707"
"63,1 : 0.6707"
"1,64 : 0.4201"
"64,1 : 0.4201"
"1,65 : 0.857"
"65,1 : 0.857"
"1,66 : 0.051"
"66,1 : 0.051"
"1,67 : 0.2126"
"67,1 : 0.2126"
"1,68 : 0.7737"
"68,1 : 0.7737"
"1,69 : 0.3007"
"69,1 : 0.3007"
"1,70 : 0.1487"
"70,1 : 0.1487"
"1,71 : 0.4768"
"71,1 : 0.4768"
"1,72 : 0.4026"
"72,1 : 0.4026"
"1,73 : 0.4649"
"73,1 : 0.4649"
"1,74 : 0.7084"
"74,1 : 0.7084"
"1,75 : 0.6868"
"75,1 : 0.6868"
"1,76 : 0.1487"
"76,1 : 0.1487"
"1,77 : 1.008"
"77,1 : 1.008"
"1,78 : 0.5021"
"78,1 : 0.5021"
"1,79 : 0.26"
"79,1 : 0.26"
"1,80 : 0.8324"
"80,1 : 0.8324"
"1,81 : 0.3622"
"81,1 : 0.3622"
"1,82 : 0.6519"
"82,1 : 0.6519"
"1,83 : 0.2404"
"83,1 : 0.2404"
"1,84 : 0.7916"
"84,1 : 0.7916"
"1,85 : 0.2263"
"85,1 : 0.2263"
"1,86 : 0.5576"
"86,1 : 0.5576"
"1,87 : 0.7543"
"87,1 : 0.7543"
"1,88 : 0.6259"
"88,1 : 0.6259"
"1,89 : 0.4118"
"89,1 : 0.4118"
"1,90 : 0.4982"
"90,1 : 0.4982"
"1,91 : 0.8969"
"91,1 : 0.8969"
"1,92 : 0.7203"
"92,1 : 0.7203"
"1,93 : 0.614"
"93,1 : 0.614"
"1,94 : 0.5921"
"94,1 : 0.5921"
"1,95 : 0.5841"
"95,1 : 0.5841"
"1,96 : 0.6754"
"96,1 : 0.6754"
"1,97 : 0.8023"
"97,1 : 0.8023"
"1,98 : 0.5738"
"98,1 : 0.5738"
"1,99 : 0.7212"
"99,1 : 0.7212"
"2,3 : 0.8257"
"3,2 : 0.8257"
"2,4 : 0.322"
"4,2 : 0.322"
"2,5 : 0.6873"
"5,2 : 0.6873"
"2,6 : 0.4925"
"6,2 : 0.4925"
"2,7 : 0.758"
"7,2 : 0.758"
"2,8 : 0.6054"
"8,2 : 0.6054"
"2,9 : 0.9835"
"9,2 : 0.9835"
"2,10 : 0.5728"
"10,2 : 0.5728"
"2,11 : 0.9881"
"11,2 : 0.9881"
"2,12 : 0.6963"
"12,2 : 0.6963"
"2,13 : 0.2"
"13,2 : 0.2"
"2,14 : 0.0922"
"14,2 : 0.0922"
"2,15 : 0.2309"
"15,2 : 0.2309"
"2,16 : 0.5508"
"16,2 : 0.5508"
"2,17 : 0.65"
"17,2 : 0.65"
"2,18 : 0.6364"
"18,2 : 0.6364"
"2,19 : 0.3008"
"19,2 : 0.3008"
"2,20 : 0.7159"
"20,2 : 0.7159"
"2,21 : 0.1838"
"21,2 : 0.1838"
"2,22 : 0.4342"
"22,2 : 0.4342"
"2,23 : 0.8161"
"23,2 : 0.8161"
"2,24 : 0.7425"
"24,2 : 0.7425"
"2,25 : 0.7931"
"25,2 : 0.7931"
"2,26 : 0.7885"
"26,2 : 0.7885"
"2,27 : 1.0259"
"27,2 : 1.0259"
"2,28 : 0.4105"
"28,2 : 0.4105"
"2,29 : 1.083"
"29,2 : 1.083"
"2,30 : 0.2309"
"30,2 : 0.2309"
"2,31 : 0.7481"
"31,2 : 0.7481"
"2,32 : 0.5022"
"32,2 : 0.5022"
"2,33 : 0.2126"
"33,2 : 0.2126"
"2,34 : 0.7783"
"34,2 : 0.7783"
"2,35 : 0.6707"
"35,2 : 0.6707"
"2,36 : 0.3622"
"36,2 : 0.3622"
"2,37 : 0.5657"
"37,2 : 0.5657"
"2,38 : 0.1342"
"38,2 : 0.1342"
"2,39 : 0.3453"
"39,2 : 0.3453"
"2,40 : 0.1772"
"40,2 : 0.1772"
"2,41 : 0.6946"
"41,2 : 0.6946"
"2,42 : 0.441"
"42,2 : 0.441"
"2,43 : 0.8914"
"43,2 : 0.8914"
"2,44 : 0.4319"
"44,2 : 0.4319"
"2,45 : 0.6888"
"45,2 : 0.6888"
"2,46 : 0.1166"
"46,2 : 0.1166"
"2,47 : 0.7212"
"47,2 : 0.7212"
"2,48 : 0.8584"
"48,2 : 0.8584"
"2,49 : 0.7943"
"49,2 : 0.7943"
"2,50 : 0.9405"
"50,2 : 0.9405"
"2,51 : 0.7582"
"51,2 : 0.7582"
"2,52 : 0.846"
"52,2 : 0.846"
"2,53 : 0.8238"
"53,2 : 0.8238"
"2,54 : 0.4245"
"54,2 : 0.4245"
"2,55 : 0.8322"
"55,2 : 0.8322"
"2,56 : 0.5099"
"56,2 : 0.5099"
"2,57 : 0.9411"
"57,2 : 0.9411"
"2,58 : 0.4294"
"58,2 : 0.4294"
"2,59 : 0.8653"
"59,2 : 0.8653"
"2,60 : 0.7529"
"60,2 : 0.7529"
"2,61 : 1.0253"
"61,2 : 1.0253"
"2,62 : 0.779"
"62,2 : 0.779"
"2,63 : 0.986"
"63,2 : 0.986"
"2,64 : 0.6671"
"64,2 : 0.6671"
"2,65 : 1.0948"
"65,2 : 1.0948"
"2,66 : 0.47"
"66,2 : 0.47"
"2,67 : 0.39"
"67,2 : 0.39"
"2,68 : 0.8286"
"68,2 : 0.8286"
"2,69 : 0.222"
"69,2 : 0.222"
"2,70 : 0.4317"
"70,2 : 0.4317"
"2,71 : 0.086"
"71,2 : 0.086"
"2,72 : 0.7378"
"72,2 : 0.7378"
"2,73 : 0.5826"
"73,2 : 0.5826"
"2,74 : 0.283"
"74,2 : 0.283"
"2,75 : 0.7469"
"75,2 : 0.7469"
"2,76 : 0.4876"
"76,2 : 0.4876"
"2,77 : 0.8239"
"77,2 : 0.8239"
"2,78 : 0.394"
"78,2 : 0.394"
"2,79 : 0.7653"
"79,2 : 0.7653"
"2,80 : 0.7497"
"80,2 : 0.7497"
"2,81 : 0.1676"
"81,2 : 0.1676"
"2,82 : 0.1432"
"82,2 : 0.1432"
"2,83 : 0.3936"
"83,2 : 0.3936"
"2,84 : 0.9278"
"84,2 : 0.9278"
"2,85 : 0.7009"
"85,2 : 0.7009"
"2,86 : 0.314"
"86,2 : 0.314"
"2,87 : 0.4851"
"87,2 : 0.4851"
"2,88 : 0.1749"
"88,2 : 0.1749"
"2,89 : 0.8095"
"89,2 : 0.8095"
"2,90 : 0.7887"
"90,2 : 0.7887"
"2,91 : 0.8591"
"91,2 : 0.8591"
"2,92 : 0.2002"
"92,2 : 0.2002"
"2,93 : 0.1204"
"93,2 : 0.1204"
"2,94 : 0.0922"
"94,2 : 0.0922"
"2,95 : 0.4965"
"95,2 : 0.4965"
"2,96 : 0.3298"
"96,2 : 0.3298"
"2,97 : 1.0371"
"97,2 : 1.0371"
"2,98 : 0.9161"
"98,2 : 0.9161"
"2,99 : 0.7656"
"99,2 : 0.7656"
"3,4 : 0.628"
"4,3 : 0.628"
"3,5 : 0.9928"
"5,3 : 0.9928"
"3,6 : 0.8764"
"6,3 : 0.8764"
"3,7 : 0.85"
"7,3 : 0.85"
"3,8 : 0.2789"
"8,3 : 0.2789"
"3,9 : 0.4357"
"9,3 : 0.4357"
"3,10 : 0.7021"
"10,3 : 0.7021"
"3,11 : 0.3401"
"11,3 : 0.3401"
"3,12 : 0.7767"
"12,3 : 0.7767"
"3,13 : 0.994"
"13,3 : 0.994"
"3,14 : 0.8668"
"14,3 : 0.8668"
"3,15 : 0.6488"
"15,3 : 0.6488"
"3,16 : 0.2751"
"16,3 : 0.2751"
"3,17 : 0.1789"
"17,3 : 0.1789"
"3,18 : 0.9625"
"18,3 : 0.9625"
"3,19 : 0.9009"
"19,3 : 0.9009"
"3,20 : 0.4386"
"20,3 : 0.4386"
"3,21 : 0.7566"
"21,3 : 0.7566"
"3,22 : 0.871"
"22,3 : 0.871"
"3,23 : 0.3406"
"23,3 : 0.3406"
"3,24 : 0.3821"
"24,3 : 0.3821"
"3,25 : 0.31"
"25,3 : 0.31"
"3,26 : 0.8157"
"26,3 : 0.8157"
"3,27 : 0.4617"
"27,3 : 0.4617"
"3,28 : 0.4604"
"28,3 : 0.4604"
"3,29 : 0.4901"
"29,3 : 0.4901"
"3,30 : 0.6488"
"30,3 : 0.6488"
"3,31 : 0.3536"
"31,3 : 0.3536"
"3,32 : 0.5281"
"32,3 : 0.5281"
"3,33 : 0.6379"
"33,3 : 0.6379"
"3,34 : 0.0671"
"34,3 : 0.0671"
"3,35 : 0.6824"
"35,3 : 0.6824"
"3,36 : 0.4742"
"36,3 : 0.4742"
"3,37 : 0.3941"
"37,3 : 0.3941"
"3,38 : 0.9582"
"38,3 : 0.9582"
"3,39 : 0.5408"
"39,3 : 0.5408"
"3,40 : 0.6485"
"40,3 : 0.6485"
"3,41 : 0.2195"
"41,3 : 0.2195"
"3,42 : 0.42"
"42,3 : 0.42"
"3,43 : 0.4478"
"43,3 : 0.4478"
"3,44 : 0.5064"
"44,3 : 0.5064"
"3,45 : 1.0018"
"45,3 : 1.0018"
"3,46 : 0.7433"
"46,3 : 0.7433"
"3,47 : 0.1044"
"47,3 : 0.1044"
"3,48 : 0.365"
"48,3 : 0.365"
"3,49 : 0.0906"
"49,3 : 0.0906"
"3,50 : 0.586"
"50,3 : 0.586"
"3,51 : 0.3406"
"51,3 : 0.3406"
"3,52 : 0.2341"
"52,3 : 0.2341"
"3,53 : 0.0922"
"53,3 : 0.0922"
"3,54 : 0.9159"
"54,3 : 0.9159"
"3,55 : 0.051"
"55,3 : 0.051"
"3,56 : 0.4713"
"56,3 : 0.4713"
"3,57 : 0.4743"
"57,3 : 0.4743"
"3,58 : 0.6064"
"58,3 : 0.6064"
"3,59 : 0.5714"
"59,3 : 0.5714"
"3,60 : 0.0728"
"60,3 : 0.0728"
"3,61 : 0.495"
"61,3 : 0.495"
"3,62 : 0.6014"
"62,3 : 0.6014"
"3,63 : 0.5316"
"63,3 : 0.5316"
"3,64 : 0.45"
"64,3 : 0.45"
"3,65 : 0.454"
"65,3 : 0.454"
"3,66 : 0.8228"
"66,3 : 0.8228"
"3,67 : 0.6512"
"67,3 : 0.6512"
"3,68 : 0.0949"
"68,3 : 0.0949"
"3,69 : 0.7603"
"69,3 : 0.7603"
"3,70 : 0.908"
"70,3 : 0.908"
"3,71 : 0.8807"
"71,3 : 0.8807"
"3,72 : 0.5445"
"72,3 : 0.5445"
"3,73 : 0.364"
"73,3 : 0.364"
"3,74 : 0.6742"
"74,3 : 0.6742"
"3,75 : 0.15"
"75,3 : 0.15"
"3,76 : 0.9483"
"76,3 : 0.9483"
"3,77 : 0.3214"
"77,3 : 0.3214"
"3,78 : 0.4374"
"78,3 : 0.4374"
"3,79 : 1.0222"
"79,3 : 1.0222"
"3,80 : 0.13"
"80,3 : 0.13"
"3,81 : 0.7443"
"81,3 : 0.7443"
"3,82 : 0.8184"
"82,3 : 0.8184"
"3,83 : 0.6198"
"83,3 : 0.6198"
"3,84 : 0.2302"
"84,3 : 0.2302"
"3,85 : 0.7603"
"85,3 : 0.7603"
"3,86 : 0.5162"
"86,3 : 0.5162"
"3,87 : 0.4384"
"87,3 : 0.4384"
"3,88 : 0.7201"
"88,3 : 0.7201"
"3,89 : 0.6378"
"89,3 : 0.6378"
"3,90 : 0.4701"
"90,3 : 0.4701"
"3,91 : 0.0781"
"91,3 : 0.0781"
"3,92 : 0.913"
"92,3 : 0.913"
"3,93 : 0.7829"
"93,3 : 0.7829"
"3,94 : 0.7931"
"94,3 : 0.7931"
"3,95 : 0.3298"
"95,3 : 0.3298"
"3,96 : 0.5686"
"96,3 : 0.5686"
"3,97 : 0.4201"
"97,3 : 0.4201"
"3,98 : 0.559"
"98,3 : 0.559"
"3,99 : 0.114"
"99,3 : 0.114"
"4,5 : 0.908"
"5,4 : 0.908"
"4,6 : 0.7159"
"6,4 : 0.7159"
"4,7 : 0.908"
"7,4 : 0.908"
"4,8 : 0.5054"
"8,4 : 0.5054"
"4,9 : 0.9171"
"9,4 : 0.9171"
"4,10 : 0.7021"
"10,4 : 0.7021"
"4,11 : 0.8823"
"11,4 : 0.8823"
"4,12 : 0.8319"
"12,4 : 0.8319"
"4,13 : 0.4105"
"13,4 : 0.4105"
"4,14 : 0.4082"
"14,4 : 0.4082"
"4,15 : 0.099"
"15,4 : 0.099"
"4,16 : 0.3764"
"16,4 : 0.3764"
"4,17 : 0.4534"
"17,4 : 0.4534"
"4,18 : 0.8587"
"18,4 : 0.8587"
"4,19 : 0.58"
"19,4 : 0.58"
"4,20 : 0.7034"
"20,4 : 0.7034"
"4,21 : 0.1603"
"21,4 : 0.1603"
"4,22 : 0.6689"
"22,4 : 0.6689"
"4,23 : 0.5215"
"23,4 : 0.5215"
"4,24 : 0.7023"
"24,4 : 0.7023"
"4,25 : 0.5049"
"25,4 : 0.5049"
"4,26 : 0.9179"
"26,4 : 0.9179"
"4,27 : 0.9577"
"27,4 : 0.9577"
"4,28 : 0.1697"
"28,4 : 0.1697"
"4,29 : 1.0085"
"29,4 : 1.0085"
"4,30 : 0.099"
"30,4 : 0.099"
"4,31 : 0.451"
"31,4 : 0.451"
"4,32 : 0.55"
"32,4 : 0.55"
"4,33 : 0.3087"
"33,4 : 0.3087"
"4,34 : 0.6014"
"34,4 : 0.6014"
"4,35 : 0.7723"
"35,4 : 0.7723"
"4,36 : 0.1931"
"36,4 : 0.1931"
"4,37 : 0.2766"
"37,4 : 0.2766"
"4,38 : 0.4177"
"38,4 : 0.4177"
"4,39 : 0.0943"
"39,4 : 0.0943"
"4,40 : 0.2247"
"40,4 : 0.2247"
"4,41 : 0.5798"
"41,4 : 0.5798"
"4,42 : 0.3883"
"42,4 : 0.3883"
"4,43 : 0.8523"
"43,4 : 0.8523"
"4,44 : 0.46"
"44,4 : 0.46"
"4,45 : 0.9124"
"45,4 : 0.9124"
"4,46 : 0.3324"
"46,4 : 0.3324"
"4,47 : 0.5315"
"47,4 : 0.5315"
"4,48 : 0.5604"
"48,4 : 0.5604"
"4,49 : 0.5694"
"49,4 : 0.5694"
"4,50 : 0.9437"
"50,4 : 0.9437"
"4,51 : 0.6986"
"51,4 : 0.6986"
"4,52 : 0.7324"
"52,4 : 0.7324"
"4,53 : 0.5954"
"53,4 : 0.5954"
"4,54 : 0.6801"
"54,4 : 0.6801"
"4,55 : 0.6519"
"55,4 : 0.6519"
"4,56 : 0.5224"
"56,4 : 0.5224"
"4,57 : 0.9008"
"57,4 : 0.9008"
"4,58 : 0.5277"
"58,4 : 0.5277"
"4,59 : 0.8807"
"59,4 : 0.8807"
"4,60 : 0.5608"
"60,4 : 0.5608"
"4,61 : 0.9705"
"61,4 : 0.9705"
"4,62 : 0.8249"
"62,4 : 0.8249"
"4,63 : 0.9563"
"63,4 : 0.9563"
"4,64 : 0.6649"
"64,4 : 0.6649"
"4,65 : 1.0012"
"65,4 : 1.0012"
"4,66 : 0.6754"
"66,4 : 0.6754"
"4,67 : 0.5192"
"67,4 : 0.5192"
"4,68 : 0.6647"
"68,4 : 0.6647"
"4,69 : 0.4441"
"69,4 : 0.4441"
"4,70 : 0.6824"
"70,4 : 0.6824"
"4,71 : 0.4071"
"71,4 : 0.4071"
"4,72 : 0.7679"
"72,4 : 0.7679"
"4,73 : 0.5345"
"73,4 : 0.5345"
"4,74 : 0.051"
"74,4 : 0.051"
"4,75 : 0.6044"
"75,4 : 0.6044"
"4,76 : 0.7406"
"76,4 : 0.7406"
"4,77 : 0.5334"
"77,4 : 0.5334"
"4,78 : 0.3081"
"78,4 : 0.3081"
"4,79 : 0.9769"
"79,4 : 0.9769"
"4,80 : 0.5197"
"80,4 : 0.5197"
"4,81 : 0.3842"
"81,4 : 0.3842"
"4,82 : 0.2302"
"82,4 : 0.2302"
"4,83 : 0.5022"
"83,4 : 0.5022"
"4,84 : 0.7951"
"84,4 : 0.7951"
"4,85 : 0.8287"
"85,4 : 0.8287"
"4,86 : 0.191"
"86,4 : 0.191"
"4,87 : 0.2025"
"87,4 : 0.2025"
"4,88 : 0.1487"
"88,4 : 0.1487"
"4,89 : 0.8637"
"89,4 : 0.8637"
"4,90 : 0.7788"
"90,4 : 0.7788"
"4,91 : 0.6363"
"91,4 : 0.6363"
"4,92 : 0.3059"
"92,4 : 0.3059"
"4,93 : 0.2159"
"93,4 : 0.2159"
"4,94 : 0.2404"
"94,4 : 0.2404"
"4,95 : 0.3499"
"95,4 : 0.3499"
"4,96 : 0.0671"
"96,4 : 0.0671"
"4,97 : 0.9487"
"97,4 : 0.9487"
"4,98 : 0.9148"
"98,4 : 0.9148"
"4,99 : 0.6088"
"99,4 : 0.6088"
"5,6 : 0.1965"
"6,5 : 0.1965"
"5,7 : 0.2214"
"7,5 : 0.2214"
"5,8 : 0.722"
"8,5 : 0.722"
"5,9 : 0.8201"
"9,5 : 0.8201"
"5,10 : 0.2907"
"10,5 : 0.2907"
"5,11 : 0.9055"
"11,5 : 0.9055"
"5,12 : 0.25"
"12,5 : 0.25"
"5,13 : 0.8402"
"13,5 : 0.8402"
"5,14 : 0.6113"
"14,5 : 0.6113"
"5,15 : 0.8154"
"15,5 : 0.8154"
"5,16 : 0.8233"
"16,5 : 0.8233"
"5,17 : 0.8963"
"17,5 : 0.8963"
"5,18 : 0.051"
"18,5 : 0.051"
"5,19 : 0.4001"
"19,5 : 0.4001"
"5,20 : 0.5869"
"20,5 : 0.5869"
"5,21 : 0.842"
"21,5 : 0.842"
"5,22 : 0.2532"
"22,5 : 0.2532"
"5,23 : 1.1985"
"23,5 : 1.1985"
"5,24 : 0.65"
"24,5 : 0.65"
"5,25 : 1.1639"
"25,5 : 1.1639"
"5,26 : 0.2846"
"26,5 : 0.2846"
"5,27 : 0.8502"
"27,5 : 0.8502"
"5,28 : 0.8661"
"28,5 : 0.8661"
"5,29 : 0.9014"
"29,5 : 0.9014"
"5,30 : 0.8154"
"30,5 : 0.8154"
"5,31 : 1.1531"
"31,5 : 1.1531"
"5,32 : 0.4743"
"32,5 : 0.4743"
"5,33 : 0.5993"
"33,5 : 0.5993"
"5,34 : 0.9257"
"34,5 : 0.9257"
"5,35 : 0.3338"
"35,5 : 0.3338"
"5,36 : 0.7882"
"36,5 : 0.7882"
"5,37 : 1.0066"
"37,5 : 1.0066"
"5,38 : 0.7403"
"38,5 : 0.7403"
"5,39 : 0.8609"
"39,5 : 0.8609"
"5,40 : 0.6854"
"40,5 : 0.6854"
"5,41 : 0.7739"
"41,5 : 0.7739"
"5,42 : 0.6438"
"42,5 : 0.6438"
"5,43 : 0.7106"
"43,5 : 0.7106"
"5,44 : 0.5308"
"44,5 : 0.5308"
"5,45 : 0.01"
"45,5 : 0.01"
"5,46 : 0.6017"
"46,5 : 0.6017"
"5,47 : 0.9192"
"47,5 : 0.9192"
"5,48 : 1.242"
"48,5 : 1.242"
"5,49 : 1.0273"
"49,5 : 1.0273"
"5,50 : 0.6463"
"50,5 : 0.6463"
"5,51 : 0.6938"
"51,5 : 0.6938"
"5,52 : 0.8393"
"52,5 : 0.8393"
"5,53 : 1.0531"
"53,5 : 1.0531"
"5,54 : 0.2702"
"54,5 : 0.2702"
"5,55 : 0.9625"
"55,5 : 0.9625"
"5,56 : 0.5325"
"56,5 : 0.5325"
"5,57 : 0.7401"
"57,5 : 0.7401"
"5,58 : 0.4243"
"58,5 : 0.4243"
"5,59 : 0.5814"
"59,5 : 0.5814"
"5,60 : 0.9402"
"60,5 : 0.9402"
"5,61 : 0.8215"
"61,5 : 0.8215"
"5,62 : 0.48"
"62,5 : 0.48"
"5,63 : 0.7433"
"63,5 : 0.7433"
"5,64 : 0.5566"
"64,5 : 0.5566"
"5,65 : 0.9501"
"65,5 : 0.9501"
"5,66 : 0.2326"
"66,5 : 0.2326"
"5,67 : 0.4061"
"67,5 : 0.4061"
"5,68 : 0.9285"
"68,5 : 0.9285"
"5,69 : 0.478"
"69,5 : 0.478"
"5,70 : 0.26"
"70,5 : 0.26"
"5,71 : 0.6307"
"71,5 : 0.6307"
"5,72 : 0.5036"
"72,5 : 0.5036"
"5,73 : 0.6313"
"73,5 : 0.6313"
"5,74 : 0.8969"
"74,5 : 0.8969"
"5,75 : 0.8458"
"75,5 : 0.8458"
"5,76 : 0.2121"
"76,5 : 0.2121"
"5,77 : 1.1933"
"77,5 : 1.1933"
"5,78 : 0.6943"
"78,5 : 0.6943"
"5,79 : 0.0806"
"79,5 : 0.0806"
"5,80 : 1.0096"
"80,5 : 1.0096"
"5,81 : 0.5412"
"81,5 : 0.5412"
"5,82 : 0.8257"
"82,5 : 0.8257"
"5,83 : 0.4328"
"83,5 : 0.4328"
"5,84 : 0.9242"
"84,5 : 0.9242"
"5,85 : 0.27"
"85,5 : 0.27"
"5,86 : 0.7517"
"86,5 : 0.7517"
"5,87 : 0.9481"
"87,5 : 0.9481"
"5,88 : 0.8096"
"88,5 : 0.8096"
"5,89 : 0.4717"
"89,5 : 0.4717"
"5,90 : 0.6041"
"90,5 : 0.6041"
"5,91 : 1.0647"
"91,5 : 1.0647"
"5,92 : 0.8846"
"92,5 : 0.8846"
"5,93 : 0.7908"
"93,5 : 0.7908"
"5,94 : 0.7669"
"94,5 : 0.7669"
"5,95 : 0.7716"
"95,5 : 0.7716"
"5,96 : 0.8683"
"96,5 : 0.8683"
"5,97 : 0.9002"
"97,5 : 0.9002"
"5,98 : 0.6428"
"98,5 : 0.6428"
"5,99 : 0.8814"
"99,5 : 0.8814"
"6,7 : 0.3053"
"7,6 : 0.3053"
"6,8 : 0.5977"
"8,6 : 0.5977"
"6,9 : 0.7908"
"9,6 : 0.7908"
"6,10 : 0.2184"
"10,6 : 0.2184"
"6,11 : 0.8548"
"11,6 : 0.8548"
"6,12 : 0.2759"
"12,6 : 0.2759"
"6,13 : 0.6538"
"13,6 : 0.6538"
"6,14 : 0.4201"
"14,6 : 0.4201"
"6,15 : 0.6217"
"15,6 : 0.6217"
"6,16 : 0.6723"
"16,6 : 0.6723"
"6,17 : 0.7558"
"17,6 : 0.7558"
"6,18 : 0.1456"
"18,6 : 0.1456"
"6,19 : 0.2184"
"19,6 : 0.2184"
"6,20 : 0.5224"
"20,6 : 0.5224"
"6,21 : 0.6456"
"21,6 : 0.6456"
"6,22 : 0.0608"
"22,6 : 0.0608"
"6,23 : 1.0429"
"23,6 : 1.0429"
"6,24 : 0.5808"
"24,6 : 0.5808"
"6,25 : 1.0096"
"25,6 : 1.0096"
"6,26 : 0.3561"
"26,6 : 0.3561"
"6,27 : 0.8271"
"27,6 : 0.8271"
"6,28 : 0.6868"
"28,6 : 0.6868"
"6,29 : 0.8832"
"29,6 : 0.8832"
"6,30 : 0.6217"
"30,6 : 0.6217"
"6,31 : 0.992"
"31,6 : 0.992"
"6,32 : 0.3493"
"32,6 : 0.3493"
"6,33 : 0.4082"
"33,6 : 0.4082"
"6,34 : 0.8104"
"34,6 : 0.8104"
"6,35 : 0.313"
"35,6 : 0.313"
"6,36 : 0.6088"
"36,6 : 0.6088"
"6,37 : 0.8349"
"37,6 : 0.8349"
"6,38 : 0.5544"
"38,6 : 0.5544"
"6,39 : 0.6742"
"39,6 : 0.6742"
"6,40 : 0.4919"
"40,6 : 0.4919"
"6,41 : 0.6649"
"41,6 : 0.6649"
"6,42 : 0.4888"
"42,6 : 0.4888"
"6,43 : 0.6791"
"43,6 : 0.6791"
"6,44 : 0.3801"
"44,6 : 0.3801"
"6,45 : 0.1992"
"45,6 : 0.1992"
"6,46 : 0.4052"
"46,6 : 0.4052"
"6,47 : 0.7912"
"47,6 : 0.7912"
"6,48 : 1.0872"
"48,6 : 1.0872"
"6,49 : 0.8969"
"49,6 : 0.8969"
"6,50 : 0.6531"
"50,6 : 0.6531"
"6,51 : 0.6201"
"51,6 : 0.6201"
"6,52 : 0.7606"
"52,6 : 0.7606"
"6,53 : 0.9248"
"53,6 : 0.9248"
"6,54 : 0.1"
"54,6 : 0.1"
"6,55 : 0.8538"
"55,6 : 0.8538"
"6,56 : 0.4052"
"56,6 : 0.4052"
"6,57 : 0.7184"
"57,6 : 0.7184"
"6,58 : 0.2731"
"58,6 : 0.2731"
"6,59 : 0.5778"
"59,6 : 0.5778"
"6,60 : 0.816"
"60,6 : 0.816"
"6,61 : 0.8065"
"61,6 : 0.8065"
"6,62 : 0.4701"
"62,6 : 0.4701"
"6,63 : 0.7374"
"63,6 : 0.7374"
"6,64 : 0.4804"
"64,6 : 0.4804"
"6,65 : 0.922"
"65,6 : 0.922"
"6,66 : 0.0539"
"66,6 : 0.0539"
"6,67 : 0.2385"
"67,6 : 0.2385"
"6,68 : 0.8257"
"68,6 : 0.8257"
"6,69 : 0.2816"
"69,6 : 0.2816"
"6,70 : 0.086"
"70,6 : 0.086"
"6,71 : 0.4405"
"71,6 : 0.4405"
"6,72 : 0.4684"
"72,6 : 0.4684"
"6,73 : 0.5142"
"73,6 : 0.5142"
"6,74 : 0.7026"
"74,6 : 0.7026"
"6,75 : 0.7376"
"75,6 : 0.7376"
"6,76 : 0.0825"
"76,6 : 0.0825"
"6,77 : 1.0401"
"77,6 : 1.0401"
"6,78 : 0.5263"
"78,6 : 0.5263"
"6,79 : 0.2729"
"79,6 : 0.2729"
"6,80 : 0.8724"
"80,6 : 0.8724"
"6,81 : 0.3448"
"81,6 : 0.3448"
"6,82 : 0.6297"
"82,6 : 0.6297"
"6,83 : 0.2693"
"83,6 : 0.2693"
"6,84 : 0.8502"
"84,6 : 0.8502"
"6,85 : 0.2907"
"85,6 : 0.2907"
"6,86 : 0.5685"
"86,6 : 0.5685"
"6,87 : 0.771"
"87,6 : 0.771"
"6,88 : 0.6135"
"88,6 : 0.6135"
"6,89 : 0.4789"
"89,6 : 0.4789"
"6,90 : 0.5629"
"90,6 : 0.5629"
"6,91 : 0.9424"
"91,6 : 0.9424"
"6,92 : 0.6912"
"92,6 : 0.6912"
"6,93 : 0.5944"
"93,6 : 0.5944"
"6,94 : 0.5707"
"94,6 : 0.5707"
"6,95 : 0.6159"
"95,6 : 0.6159"
"6,96 : 0.6796"
"96,6 : 0.6796"
"6,97 : 0.8668"
"97,6 : 0.8668"
"6,98 : 0.6408"
"98,6 : 0.6408"
"6,99 : 0.7713"
"99,6 : 0.7713"
"7,8 : 0.6014"
"8,7 : 0.6014"
"7,9 : 0.6152"
"9,7 : 0.6152"
"7,10 : 0.2062"
"10,7 : 0.2062"
"7,11 : 0.7106"
"11,7 : 0.7106"
"7,12 : 0.0806"
"12,7 : 0.0806"
"7,13 : 0.9386"
"13,7 : 0.9386"
"7,14 : 0.7009"
"14,7 : 0.7009"
"7,15 : 0.8273"
"15,7 : 0.8273"
"7,16 : 0.7324"
"16,7 : 0.7324"
"7,17 : 0.7864"
"17,7 : 0.7864"
"7,18 : 0.2332"
"18,7 : 0.2332"
"7,19 : 0.5189"
"19,7 : 0.5189"
"7,20 : 0.4168"
"20,7 : 0.4168"
"7,21 : 0.8802"
"21,7 : 0.8802"
"7,22 : 0.3624"
"22,7 : 0.3624"
"7,23 : 1.1011"
"23,7 : 1.1011"
"7,24 : 0.4789"
"24,7 : 0.4789"
"7,25 : 1.0653"
"25,7 : 1.0653"
"7,26 : 0.0632"
"26,7 : 0.0632"
"7,27 : 0.642"
"27,7 : 0.642"
"7,28 : 0.8264"
"28,7 : 0.8264"
"7,29 : 0.6903"
"29,7 : 0.6903"
"7,30 : 0.8273"
"30,7 : 0.8273"
"7,31 : 1.0661"
"31,7 : 1.0661"
"7,32 : 0.3847"
"32,7 : 0.3847"
"7,33 : 0.612"
"33,7 : 0.612"
"7,34 : 0.7841"
"34,7 : 0.7841"
"7,35 : 0.1697"
"35,7 : 0.1697"
"7,36 : 0.7527"
"36,7 : 0.7527"
"7,37 : 0.9441"
"37,7 : 0.9441"
"7,38 : 0.842"
"38,7 : 0.842"
"7,39 : 0.842"
"39,7 : 0.842"
"7,40 : 0.7026"
"40,7 : 0.7026"
"7,41 : 0.6325"
"41,7 : 0.6325"
"7,42 : 0.5725"
"42,7 : 0.5725"
"7,43 : 0.5099"
"43,7 : 0.5099"
"7,44 : 0.4662"
"44,7 : 0.4662"
"7,45 : 0.2309"
"45,7 : 0.2309"
"7,46 : 0.6519"
"46,7 : 0.6519"
"7,47 : 0.7925"
"47,7 : 0.7925"
"7,48 : 1.1421"
"48,7 : 1.1421"
"7,49 : 0.8994"
"49,7 : 0.8994"
"7,50 : 0.4305"
"50,7 : 0.4305"
"7,51 : 0.5235"
"51,7 : 0.5235"
"7,52 : 0.6664"
"52,7 : 0.6664"
"7,53 : 0.922"
"53,7 : 0.922"
"7,54 : 0.405"
"54,7 : 0.405"
"7,55 : 0.8127"
"55,7 : 0.8127"
"7,56 : 0.4357"
"56,7 : 0.4357"
"7,57 : 0.5334"
"57,7 : 0.5334"
"7,58 : 0.3808"
"58,7 : 0.3808"
"7,59 : 0.3712"
"59,7 : 0.3712"
"7,60 : 0.8081"
"60,7 : 0.8081"
"7,61 : 0.6103"
"61,7 : 0.6103"
"7,62 : 0.2789"
"62,7 : 0.2789"
"7,63 : 0.53"
"63,7 : 0.53"
"7,64 : 0.4"
"64,7 : 0.4"
"7,65 : 0.7424"
"65,7 : 0.7424"
"7,66 : 0.3008"
"66,7 : 0.3008"
"7,67 : 0.392"
"67,7 : 0.392"
"7,68 : 0.7739"
"68,7 : 0.7739"
"7,69 : 0.536"
"69,7 : 0.536"
"7,70 : 0.3912"
"70,7 : 0.3912"
"7,71 : 0.7228"
"71,7 : 0.7228"
"7,72 : 0.3178"
"72,7 : 0.3178"
"7,73 : 0.5099"
"73,7 : 0.5099"
"7,74 : 0.9093"
"74,7 : 0.9093"
"7,75 : 0.7"
"75,7 : 0.7"
"7,76 : 0.3688"
"76,7 : 0.3688"
"7,77 : 1.0922"
"77,7 : 1.0922"
"7,78 : 0.6408"
"78,7 : 0.6408"
"7,79 : 0.2002"
"79,7 : 0.2002"
"7,80 : 0.891"
"80,7 : 0.891"
"7,81 : 0.593"
"81,7 : 0.593"
"7,82 : 0.8814"
"82,7 : 0.8814"
"7,83 : 0.4061"
"83,7 : 0.4061"
"7,84 : 0.7446"
"84,7 : 0.7446"
"7,85 : 0.0922"
"85,7 : 0.0922"
"7,86 : 0.728"
"86,7 : 0.728"
"7,87 : 0.8996"
"87,7 : 0.8996"
"7,88 : 0.841"
"88,7 : 0.841"
"7,89 : 0.2617"
"89,7 : 0.2617"
"7,90 : 0.4144"
"90,7 : 0.4144"
"7,91 : 0.9262"
"91,7 : 0.9262"
"7,92 : 0.9575"
"92,7 : 0.9575"
"7,93 : 0.8405"
"93,7 : 0.8405"
"7,94 : 0.8215"
"94,7 : 0.8215"
"7,95 : 0.6912"
"95,7 : 0.6912"
"7,96 : 0.8562"
"96,7 : 0.8562"
"7,97 : 0.6958"
"97,7 : 0.6958"
"7,98 : 0.4301"
"98,7 : 0.4301"
"7,99 : 0.736"
"99,7 : 0.736"
"8,9 : 0.4118"
"9,8 : 0.4118"
"8,10 : 0.4327"
"10,8 : 0.4327"
"8,11 : 0.389"
"11,8 : 0.389"
"8,12 : 0.5233"
"12,8 : 0.5233"
"8,13 : 0.794"
"13,8 : 0.794"
"8,14 : 0.6277"
"14,8 : 0.6277"
"8,15 : 0.4841"
"15,8 : 0.4841"
"8,16 : 0.1603"
"16,8 : 0.1603"
"8,17 : 0.186"
"17,8 : 0.186"
"8,18 : 0.6888"
"18,8 : 0.6888"
"8,19 : 0.6307"
"19,8 : 0.6307"
"8,20 : 0.2354"
"20,8 : 0.2354"
"8,21 : 0.588"
"21,8 : 0.588"
"8,22 : 0.5923"
"22,8 : 0.5923"
"8,23 : 0.5022"
"23,8 : 0.5022"
"8,24 : 0.2102"
"24,8 : 0.2102"
"8,25 : 0.4662"
"25,8 : 0.4662"
"8,26 : 0.578"
"26,8 : 0.578"
"8,27 : 0.4528"
"27,8 : 0.4528"
"8,28 : 0.3479"
"28,8 : 0.3479"
"8,29 : 0.5048"
"29,8 : 0.5048"
"8,30 : 0.4841"
"30,8 : 0.4841"
"8,31 : 0.4741"
"31,8 : 0.4741"
"8,32 : 0.2508"
"32,8 : 0.2508"
"8,33 : 0.3981"
"33,8 : 0.3981"
"8,34 : 0.2138"
"34,8 : 0.2138"
"8,35 : 0.4319"
"35,8 : 0.4319"
"8,36 : 0.3138"
"36,8 : 0.3138"
"8,37 : 0.392"
"37,8 : 0.392"
"8,38 : 0.7393"
"38,8 : 0.7393"
"8,39 : 0.4115"
"39,8 : 0.4115"
"8,40 : 0.436"
"40,8 : 0.436"
"8,41 : 0.0894"
"41,8 : 0.0894"
"8,42 : 0.1655"
"42,8 : 0.1655"
"8,43 : 0.3517"
"43,8 : 0.3517"
"8,44 : 0.2302"
"44,8 : 0.2302"
"8,45 : 0.7306"
"45,8 : 0.7306"
"8,46 : 0.5057"
"46,8 : 0.5057"
"8,47 : 0.1972"
"47,8 : 0.1972"
"8,48 : 0.542"
"48,8 : 0.542"
"8,49 : 0.3053"
"49,8 : 0.3053"
"8,50 : 0.4604"
"50,8 : 0.4604"
"8,51 : 0.1965"
"51,8 : 0.1965"
"8,52 : 0.2421"
"52,8 : 0.2421"
"8,53 : 0.3312"
"53,8 : 0.3312"
"8,54 : 0.6379"
"54,8 : 0.6379"
"8,55 : 0.2608"
"55,8 : 0.2608"
"8,56 : 0.1931"
"56,8 : 0.1931"
"8,57 : 0.3985"
"57,8 : 0.3985"
"8,58 : 0.3276"
"58,8 : 0.3276"
"8,59 : 0.4119"
"59,8 : 0.4119"
"8,60 : 0.2193"
"60,8 : 0.2193"
"8,61 : 0.4652"
"61,8 : 0.4652"
"8,62 : 0.3956"
"62,8 : 0.3956"
"8,63 : 0.4561"
"63,8 : 0.4561"
"8,64 : 0.2193"
"64,8 : 0.2193"
"8,65 : 0.5033"
"65,8 : 0.5033"
"8,66 : 0.5441"
"66,8 : 0.5441"
"8,67 : 0.3734"
"67,8 : 0.3734"
"8,68 : 0.2408"
"68,8 : 0.2408"
"8,69 : 0.4982"
"69,8 : 0.4982"
"8,70 : 0.6297"
"70,8 : 0.6297"
"8,71 : 0.6447"
"71,8 : 0.6447"
"8,72 : 0.3324"
"72,8 : 0.3324"
"8,73 : 0.0922"
"73,8 : 0.0922"
"8,74 : 0.5385"
"74,8 : 0.5385"
"8,75 : 0.1513"
"75,8 : 0.1513"
"8,76 : 0.6694"
"76,8 : 0.6694"
"8,77 : 0.492"
"77,8 : 0.492"
"8,78 : 0.2193"
"78,8 : 0.2193"
"8,79 : 0.758"
"79,8 : 0.758"
"8,80 : 0.2907"
"80,8 : 0.2907"
"8,81 : 0.4934"
"81,8 : 0.4934"
"8,82 : 0.6366"
"82,8 : 0.6366"
"8,83 : 0.3423"
"83,8 : 0.3423"
"8,84 : 0.3225"
"84,8 : 0.3225"
"8,85 : 0.5093"
"85,8 : 0.5093"
"8,86 : 0.3342"
"86,8 : 0.3342"
"8,87 : 0.3821"
"87,8 : 0.3821"
"8,88 : 0.5449"
"88,8 : 0.5449"
"8,89 : 0.4366"
"89,8 : 0.4366"
"8,90 : 0.3007"
"90,8 : 0.3007"
"8,91 : 0.3454"
"91,8 : 0.3454"
"8,92 : 0.7355"
"92,8 : 0.7355"
"8,93 : 0.5946"
"93,8 : 0.5946"
"8,94 : 0.5967"
"94,8 : 0.5967"
"8,95 : 0.1581"
"95,8 : 0.1581"
"8,96 : 0.4383"
"96,8 : 0.4383"
"8,97 : 0.4482"
"97,8 : 0.4482"
"8,98 : 0.4305"
"98,8 : 0.4305"
"8,99 : 0.18"
"99,8 : 0.18"
"9,10 : 0.5727"
"10,9 : 0.5727"
"9,11 : 0.1204"
"11,9 : 0.1204"
"9,12 : 0.5701"
"12,9 : 0.5701"
"9,13 : 1.1809"
"13,9 : 1.1809"
"9,14 : 0.9841"
"14,9 : 0.9841"
"9,15 : 0.8931"
"15,9 : 0.8931"
"9,16 : 0.5536"
"16,9 : 0.5536"
"9,17 : 0.5179"
"17,9 : 0.5179"
"9,18 : 0.811"
"18,9 : 0.811"
"9,19 : 0.9171"
"19,9 : 0.9171"
"9,20 : 0.2818"
"20,9 : 0.2818"
"9,21 : 0.994"
"21,9 : 0.994"
"9,22 : 0.8161"
"22,9 : 0.8161"
"9,23 : 0.7752"
"23,9 : 0.7752"
"9,24 : 0.2421"
"24,9 : 0.2421"
"9,25 : 0.7433"
"25,9 : 0.7433"
"9,26 : 0.559"
"26,9 : 0.559"
"9,27 : 0.0424"
"27,9 : 0.0424"
"9,28 : 0.7564"
"28,9 : 0.7564"
"9,29 : 0.1"
"29,9 : 0.1"
"9,30 : 0.8931"
"30,9 : 0.8931"
"9,31 : 0.7803"
"31,9 : 0.7803"
"9,32 : 0.5025"
"32,9 : 0.5025"
"9,33 : 0.771"
"33,9 : 0.771"
"9,34 : 0.4001"
"34,9 : 0.4001"
"9,35 : 0.4916"
"35,9 : 0.4916"
"9,36 : 0.7256"
"36,9 : 0.7256"
"9,37 : 0.7669"
"37,9 : 0.7669"
"9,38 : 1.1129"
"38,9 : 1.1129"
"9,39 : 0.823"
"39,9 : 0.823"
"9,40 : 0.8288"
"40,9 : 0.8288"
"9,41 : 0.3418"
"41,9 : 0.3418"
"9,42 : 0.5544"
"42,9 : 0.5544"
"9,43 : 0.1118"
"43,9 : 0.1118"
"9,44 : 0.5544"
"44,9 : 0.5544"
"9,45 : 0.8301"
"45,9 : 0.8301"
"9,46 : 0.8721"
"46,9 : 0.8721"
"9,47 : 0.461"
"47,9 : 0.461"
"9,48 : 0.8006"
"48,9 : 0.8006"
"9,49 : 0.5235"
"49,9 : 0.5235"
"9,50 : 0.2059"
"50,9 : 0.2059"
"9,51 : 0.2267"
"51,9 : 0.2267"
"9,52 : 0.2102"
"52,9 : 0.2102"
"9,53 : 0.5277"
"53,9 : 0.5277"
"9,54 : 0.8698"
"54,9 : 0.8698"
"9,55 : 0.3847"
"55,9 : 0.3847"
"9,56 : 0.478"
"56,9 : 0.478"
"9,57 : 0.0825"
"57,9 : 0.0825"
"9,58 : 0.5954"
"58,9 : 0.5954"
"9,59 : 0.2452"
"59,9 : 0.2452"
"9,60 : 0.45"
"60,9 : 0.45"
"9,61 : 0.06"
"61,9 : 0.06"
"9,62 : 0.3401"
"62,9 : 0.3401"
"9,63 : 0.1131"
"63,9 : 0.1131"
"9,64 : 0.3312"
"64,9 : 0.3312"
"9,65 : 0.1315"
"65,9 : 0.1315"
"9,66 : 0.7473"
"66,9 : 0.7473"
"9,67 : 0.6488"
"67,9 : 0.6488"
"9,68 : 0.3423"
"68,9 : 0.3423"
"9,69 : 0.8238"
"69,9 : 0.8238"
"9,70 : 0.8573"
"70,9 : 0.8573"
"9,71 : 1.0042"
"71,9 : 1.0042"
"9,72 : 0.3239"
"72,9 : 0.3239"
"9,73 : 0.4036"
"73,9 : 0.4036"
"9,74 : 0.9502"
"74,9 : 0.9502"
"9,75 : 0.3437"
"75,9 : 0.3437"
"9,76 : 0.8732"
"76,9 : 0.8732"
"9,77 : 0.7566"
"77,9 : 0.7566"
"9,78 : 0.6243"
"78,9 : 0.6243"
"9,79 : 0.815"
"79,9 : 0.815"
"9,80 : 0.5504"
"80,9 : 0.5504"
"9,81 : 0.842"
"81,9 : 0.842"
"9,82 : 1.0371"
"82,9 : 1.0371"
"9,83 : 0.6277"
"83,9 : 0.6277"
"9,84 : 0.2154"
"84,9 : 0.2154"
"9,85 : 0.5501"
"85,9 : 0.5501"
"9,86 : 0.7433"
"86,9 : 0.7433"
"9,87 : 0.7779"
"87,9 : 0.7779"
"9,88 : 0.95"
"88,9 : 0.95"
"9,89 : 0.3536"
"89,9 : 0.3536"
"9,90 : 0.228"
"90,9 : 0.228"
"9,91 : 0.5045"
"91,9 : 0.5045"
"9,92 : 1.1357"
"92,9 : 1.1357"
"9,93 : 0.9936"
"93,9 : 0.9936"
"9,94 : 0.9916"
"94,9 : 0.9916"
"9,95 : 0.568"
"95,9 : 0.568"
"9,96 : 0.85"
"96,9 : 0.85"
"9,97 : 0.0806"
"97,9 : 0.0806"
"9,98 : 0.1931"
"98,9 : 0.1931"
"9,99 : 0.3606"
"99,9 : 0.3606"
"10,11 : 0.6407"
"11,10 : 0.6407"
"10,12 : 0.1304"
"12,10 : 0.1304"
"10,13 : 0.7632"
"13,10 : 0.7632"
"10,14 : 0.528"
"14,10 : 0.528"
"10,15 : 0.6229"
"15,10 : 0.6229"
"10,16 : 0.5449"
"16,10 : 0.5449"
"10,17 : 0.6107"
"17,10 : 0.6107"
"10,18 : 0.2625"
"18,10 : 0.2625"
"10,19 : 0.3818"
"19,10 : 0.3818"
"10,20 : 0.3102"
"20,10 : 0.3102"
"10,21 : 0.6807"
"21,10 : 0.6807"
"10,22 : 0.2506"
"22,10 : 0.2506"
"10,23 : 0.9192"
"23,10 : 0.9192"
"10,24 : 0.3712"
"24,10 : 0.3712"
"10,25 : 0.8839"
"25,10 : 0.8839"
"10,26 : 0.2202"
"26,10 : 0.2202"
"10,27 : 0.6088"
"27,10 : 0.6088"
"10,28 : 0.6224"
"28,10 : 0.6224"
"10,29 : 0.6648"
"29,10 : 0.6648"
"10,30 : 0.6229"
"30,10 : 0.6229"
"10,31 : 0.8786"
"31,10 : 0.8786"
"10,32 : 0.191"
"32,10 : 0.191"
"10,33 : 0.41"
"33,10 : 0.41"
"10,34 : 0.6351"
"34,10 : 0.6351"
"10,35 : 0.1063"
"35,10 : 0.1063"
"10,36 : 0.5478"
"36,10 : 0.5478"
"10,37 : 0.7463"
"37,10 : 0.7463"
"10,38 : 0.6712"
"38,10 : 0.6712"
"10,39 : 0.636"
"39,10 : 0.636"
"10,40 : 0.5001"
"40,10 : 0.5001"
"10,41 : 0.4833"
"41,10 : 0.4833"
"10,42 : 0.3744"
"42,10 : 0.3744"
"10,43 : 0.461"
"43,10 : 0.461"
"10,44 : 0.2642"
"44,10 : 0.2642"
"10,45 : 0.2997"
"45,10 : 0.2997"
"10,46 : 0.461"
"46,10 : 0.461"
"10,47 : 0.6297"
"47,10 : 0.6297"
"10,48 : 0.9618"
"48,10 : 0.9618"
"10,49 : 0.7378"
"49,10 : 0.7378"
"10,50 : 0.4391"
"50,10 : 0.4391"
"10,51 : 0.413"
"51,10 : 0.413"
"10,52 : 0.5573"
"52,10 : 0.5573"
"10,53 : 0.7632"
"53,10 : 0.7632"
"10,54 : 0.3041"
"54,10 : 0.3041"
"10,55 : 0.6723"
"55,10 : 0.6723"
"10,56 : 0.2476"
"56,10 : 0.2476"
"10,57 : 0.5"
"57,10 : 0.5"
"10,58 : 0.1746"
"58,10 : 0.1746"
"10,59 : 0.3624"
"59,10 : 0.3624"
"10,60 : 0.65"
"60,10 : 0.65"
"10,61 : 0.5882"
"61,10 : 0.5882"
"10,62 : 0.2555"
"62,10 : 0.2555"
"10,63 : 0.52"
"63,10 : 0.52"
"10,64 : 0.2729"
"64,10 : 0.2729"
"10,65 : 0.7041"
"65,10 : 0.7041"
"10,66 : 0.1789"
"66,10 : 0.1789"
"10,67 : 0.1903"
"67,10 : 0.1903"
"10,68 : 0.6391"
"68,10 : 0.6391"
"10,69 : 0.3547"
"69,10 : 0.3547"
"10,70 : 0.2907"
"70,10 : 0.2907"
"10,71 : 0.5504"
"71,10 : 0.5504"
"10,72 : 0.25"
"72,10 : 0.25"
"10,73 : 0.3413"
"73,10 : 0.3413"
"10,74 : 0.7046"
"74,10 : 0.7046"
"10,75 : 0.5554"
"75,10 : 0.5554"
"10,76 : 0.3008"
"76,10 : 0.3008"
"10,77 : 0.9124"
"77,10 : 0.9124"
"10,78 : 0.4383"
"78,10 : 0.4383"
"10,79 : 0.3265"
"79,10 : 0.3265"
"10,80 : 0.722"
"80,10 : 0.722"
"10,81 : 0.4052"
"81,10 : 0.4052"
"10,82 : 0.6873"
"82,10 : 0.6873"
"10,83 : 0.201"
"83,10 : 0.201"
"10,84 : 0.645"
"84,10 : 0.645"
"10,85 : 0.1304"
"85,10 : 0.1304"
"10,86 : 0.522"
"86,10 : 0.522"
"10,87 : 0.6977"
"87,10 : 0.6977"
"10,88 : 0.6401"
"88,10 : 0.6401"
"10,89 : 0.2702"
"89,10 : 0.2702"
"10,90 : 0.3453"
"90,10 : 0.3453"
"10,91 : 0.7741"
"91,10 : 0.7741"
"10,92 : 0.769"
"92,10 : 0.769"
"10,93 : 0.645"
"93,10 : 0.645"
"10,94 : 0.628"
"94,10 : 0.628"
"10,95 : 0.4982"
"95,10 : 0.4982"
"10,96 : 0.65"
"96,10 : 0.65"
"10,97 : 0.6494"
"97,10 : 0.6494"
"10,98 : 0.4249"
"98,10 : 0.4249"
"10,99 : 0.5909"
"99,10 : 0.5909"
"11,12 : 0.6576"
"12,11 : 0.6576"
"11,13 : 1.1807"
"13,11 : 1.1807"
"11,14 : 0.9998"
"14,11 : 0.9998"
"11,15 : 0.8711"
"15,11 : 0.8711"
"11,16 : 0.5077"
"16,11 : 0.5077"
"11,17 : 0.4531"
"17,11 : 0.4531"
"11,18 : 0.8914"
"18,11 : 0.8914"
"11,19 : 0.9582"
"19,11 : 0.9582"
"11,20 : 0.3324"
"20,11 : 0.3324"
"11,21 : 0.9762"
"21,11 : 0.9762"
"11,22 : 0.873"
"22,11 : 0.873"
"11,23 : 0.6801"
"23,11 : 0.6801"
"11,24 : 0.2766"
"24,11 : 0.2766"
"11,25 : 0.6501"
"25,11 : 0.6501"
"11,26 : 0.658"
"26,11 : 0.658"
"11,27 : 0.13"
"27,11 : 0.13"
"11,28 : 0.7156"
"28,11 : 0.7156"
"11,29 : 0.15"
"29,11 : 0.15"
"11,30 : 0.8711"
"30,11 : 0.8711"
"11,31 : 0.6926"
"31,11 : 0.6926"
"11,32 : 0.5376"
"32,11 : 0.5376"
"11,33 : 0.7767"
"33,11 : 0.7767"
"11,34 : 0.3178"
"34,11 : 0.3178"
"11,35 : 0.5722"
"35,11 : 0.5722"
"11,36 : 0.6966"
"36,11 : 0.6966"
"11,37 : 0.7023"
"37,11 : 0.7023"
"11,38 : 1.1207"
"38,11 : 1.1207"
"11,39 : 0.7882"
"39,11 : 0.7882"
"11,40 : 0.8233"
"40,11 : 0.8233"
"11,41 : 0.3048"
"41,11 : 0.3048"
"11,42 : 0.5482"
"42,11 : 0.5482"
"11,43 : 0.2025"
"43,11 : 0.2025"
"11,44 : 0.5725"
"44,11 : 0.5725"
"11,45 : 0.9155"
"45,11 : 0.9155"
"11,46 : 0.882"
"46,11 : 0.882"
"11,47 : 0.386"
"47,11 : 0.386"
"11,48 : 0.7018"
"48,11 : 0.7018"
"11,49 : 0.4305"
"49,11 : 0.4305"
"11,50 : 0.322"
"50,11 : 0.322"
"11,51 : 0.2435"
"51,11 : 0.2435"
"11,52 : 0.15"
"52,11 : 0.15"
"11,53 : 0.4301"
"53,11 : 0.4301"
"11,54 : 0.9257"
"54,11 : 0.9257"
"11,55 : 0.2907"
"55,11 : 0.2907"
"11,56 : 0.5016"
"56,11 : 0.5016"
"11,57 : 0.1942"
"57,11 : 0.1942"
"11,58 : 0.6325"
"58,11 : 0.6325"
"11,59 : 0.3493"
"59,11 : 0.3493"
"11,60 : 0.3688"
"60,11 : 0.3688"
"11,61 : 0.17"
"61,11 : 0.17"
"11,62 : 0.4317"
"62,11 : 0.4317"
"11,63 : 0.2335"
"63,11 : 0.2335"
"11,64 : 0.3766"
"64,11 : 0.3766"
"11,65 : 0.1208"
"65,11 : 0.1208"
"11,66 : 0.8075"
"66,11 : 0.8075"
"11,67 : 0.6862"
"67,11 : 0.6862"
"11,68 : 0.2532"
"68,11 : 0.2532"
"11,69 : 0.85"
"69,11 : 0.85"
"11,70 : 0.9141"
"70,11 : 0.9141"
"11,71 : 1.0187"
"71,11 : 1.0187"
"11,72 : 0.402"
"72,11 : 0.402"
"11,73 : 0.4082"
"73,11 : 0.4082"
"11,74 : 0.9201"
"74,11 : 0.9201"
"11,75 : 0.2818"
"75,11 : 0.2818"
"11,76 : 0.9365"
"76,11 : 0.9365"
"11,77 : 0.6603"
"77,11 : 0.6603"
"11,78 : 0.6083"
"78,11 : 0.6083"
"11,79 : 0.908"
"79,11 : 0.908"
"11,80 : 0.4639"
"80,11 : 0.4639"
"11,81 : 0.8596"
"81,11 : 0.8596"
"11,82 : 1.0255"
"82,11 : 1.0255"
"11,83 : 0.6613"
"83,11 : 0.6613"
"11,84 : 0.11"
"84,11 : 0.11"
"11,85 : 0.6379"
"85,11 : 0.6379"
"11,86 : 0.7218"
"86,11 : 0.7218"
"11,87 : 0.7245"
"87,11 : 0.7245"
"11,88 : 0.9335"
"88,11 : 0.9335"
"11,89 : 0.4522"
"89,11 : 0.4522"
"11,90 : 0.3015"
"90,11 : 0.3015"
"11,91 : 0.402"
"91,11 : 0.402"
"11,92 : 1.1245"
"92,11 : 1.1245"
"11,93 : 0.9835"
"93,11 : 0.9835"
"11,94 : 0.9849"
"94,11 : 0.9849"
"11,95 : 0.5341"
"95,11 : 0.5341"
"11,96 : 0.8161"
"96,11 : 0.8161"
"11,97 : 0.08"
"97,11 : 0.08"
"11,98 : 0.3053"
"98,11 : 0.3053"
"11,99 : 0.2879"
"99,11 : 0.2879"
"12,13 : 0.8823"
"13,12 : 0.8823"
"12,14 : 0.6451"
"14,12 : 0.6451"
"12,15 : 0.7533"
"15,12 : 0.7533"
"12,16 : 0.6522"
"16,12 : 0.6522"
"12,17 : 0.7077"
"17,12 : 0.7077"
"12,18 : 0.2452"
"18,12 : 0.2452"
"12,19 : 0.4771"
"19,12 : 0.4771"
"12,20 : 0.3493"
"20,12 : 0.3493"
"12,21 : 0.8102"
"21,12 : 0.8102"
"12,22 : 0.3265"
"22,12 : 0.3265"
"12,23 : 1.0218"
"23,12 : 1.0218"
"12,24 : 0.4123"
"24,12 : 0.4123"
"12,25 : 0.986"
"25,12 : 0.986"
"12,26 : 0.0922"
"26,12 : 0.0922"
"12,27 : 0.6003"
"27,12 : 0.6003"
"12,28 : 0.7467"
"28,12 : 0.7467"
"12,29 : 0.6519"
"29,12 : 0.6519"
"12,30 : 0.7533"
"30,12 : 0.7533"
"12,31 : 0.986"
"31,12 : 0.986"
"12,32 : 0.3041"
"32,12 : 0.3041"
"12,33 : 0.5401"
"33,12 : 0.5401"
"12,34 : 0.7103"
"34,12 : 0.7103"
"12,35 : 0.0943"
"35,12 : 0.0943"
"12,36 : 0.6736"
"36,12 : 0.6736"
"12,37 : 0.8635"
"37,12 : 0.8635"
"12,38 : 0.7877"
"38,12 : 0.7877"
"12,39 : 0.764"
"39,12 : 0.764"
"12,40 : 0.6303"
"40,12 : 0.6303"
"12,41 : 0.558"
"41,12 : 0.558"
"12,42 : 0.4919"
"42,12 : 0.4919"
"12,43 : 0.461"
"43,12 : 0.461"
"12,44 : 0.3863"
"44,12 : 0.3863"
"12,45 : 0.26"
"45,12 : 0.26"
"12,46 : 0.5869"
"46,12 : 0.5869"
"12,47 : 0.7159"
"47,12 : 0.7159"
"12,48 : 1.063"
"48,12 : 1.063"
"12,49 : 0.8233"
"49,12 : 0.8233"
"12,50 : 0.4002"
"50,12 : 0.4002"
"12,51 : 0.4569"
"51,12 : 0.4569"
"12,52 : 0.6017"
"52,12 : 0.6017"
"12,53 : 0.8465"
"53,12 : 0.8465"
"12,54 : 0.3748"
"54,12 : 0.3748"
"12,55 : 0.7409"
"55,12 : 0.7409"
"12,56 : 0.3551"
"56,12 : 0.3551"
"12,57 : 0.4901"
"57,12 : 0.4901"
"12,58 : 0.3041"
"58,12 : 0.3041"
"12,59 : 0.3324"
"59,12 : 0.3324"
"12,60 : 0.7325"
"60,12 : 0.7325"
"12,61 : 0.5722"
"61,12 : 0.5722"
"12,62 : 0.23"
"62,12 : 0.23"
"12,63 : 0.495"
"63,12 : 0.495"
"12,64 : 0.3276"
"64,12 : 0.3276"
"12,65 : 0.7001"
"65,12 : 0.7001"
"12,66 : 0.2581"
"66,12 : 0.2581"
"12,67 : 0.32"
"67,12 : 0.32"
"12,68 : 0.7033"
"68,12 : 0.7033"
"12,69 : 0.4754"
"69,12 : 0.4754"
"12,70 : 0.3607"
"70,12 : 0.3607"
"12,71 : 0.6673"
"71,12 : 0.6673"
"12,72 : 0.2571"
"72,12 : 0.2571"
"12,73 : 0.4314"
"73,12 : 0.4314"
"12,74 : 0.8349"
"74,12 : 0.8349"
"12,75 : 0.6268"
"75,12 : 0.6268"
"12,76 : 0.35"
"76,12 : 0.35"
"12,77 : 1.0132"
"77,12 : 1.0132"
"12,78 : 0.5608"
"78,12 : 0.5608"
"12,79 : 0.253"
"79,12 : 0.253"
"12,80 : 0.8134"
"80,12 : 0.8134"
"12,81 : 0.5295"
"81,12 : 0.5295"
"12,82 : 0.815"
"82,12 : 0.815"
"12,83 : 0.3314"
"83,12 : 0.3314"
"12,84 : 0.6831"
"84,12 : 0.6831"
"12,85 : 0.02"
"85,12 : 0.02"
"12,86 : 0.65"
"86,12 : 0.65"
"12,87 : 0.8194"
"87,12 : 0.8194"
"12,88 : 0.77"
"88,12 : 0.77"
"12,89 : 0.2236"
"89,12 : 0.2236"
"12,90 : 0.3569"
"90,12 : 0.3569"
"12,91 : 0.8521"
"91,12 : 0.8521"
"12,92 : 0.8944"
"92,12 : 0.8944"
"12,93 : 0.7732"
"93,12 : 0.7732"
"12,94 : 0.7554"
"94,12 : 0.7554"
"12,95 : 0.6106"
"95,12 : 0.6106"
"12,96 : 0.7788"
"96,12 : 0.7788"
"12,97 : 0.6503"
"97,12 : 0.6503"
"12,98 : 0.3946"
"98,12 : 0.3946"
"12,99 : 0.6629"
"99,12 : 0.6629"
"13,14 : 0.2377"
"14,13 : 0.2377"
"13,15 : 0.3517"
"15,13 : 0.3517"
"13,16 : 0.7201"
"16,13 : 0.7201"
"13,17 : 0.8154"
"17,13 : 0.8154"
"13,18 : 0.7906"
"18,13 : 0.7906"
"13,19 : 0.4401"
"19,13 : 0.4401"
"13,20 : 0.9155"
"20,13 : 0.9155"
"13,21 : 0.2518"
"21,13 : 0.2518"
"13,22 : 0.593"
"22,13 : 0.593"
"13,23 : 0.9319"
"23,13 : 0.9319"
"13,24 : 0.9407"
"24,13 : 0.9407"
