x,y
0.66,0.1
0.37,0.87
0.54,0.89
0.86,0.7
0.08,0.6
0.34,0.54
0.15,0.28
0.28,0.02
0.23,0.59
0.11,0.71
0.01,0.99
0.68,0.28
0.94,0.99
0.77,0.34
0.47,0.06
0.22,0.37
0.67,0.64
0.82,0.76
0.57,0.45
0.86,0.96
0.09,0.77
0.5,0.89
0.43,0.33
0.58,0.22
0.88,0.88
0.64,0.01
0.76,0.63
0.83,0.61
0.67,0.1
0.76,0.67
0.41,0.46
0.02,0.15
0.27,0.4
0.66,0.66
0.56,0.14
0.36,0.75
0.27,0.43
0.35,0.14
0.88,0.03
0.74,0.02
0.86,0.68
0.37,0.05
0.01,0.87
0.16,0.28
0.1,0.84
0.15,0.69
0.59,0.64
0.05,0.4
0.98,0.75
0.94,0.44
0.0,0.63
0.8,0.2
0.37,0.24
0.28,0.06
0.54,0.03
0.29,0.26
0.87,0.2
0.63,0.7
0.44,0.85
0.82,0.69
0.8,0.55
0.38,0.48
0.35,0.76
0.24,0.59
0.16,0.76
0.96,0.56
0.24,0.53
0.57,0.96
0.69,0.19
0.17,0.88
0.19,0.24
0.78,0.92
0.46,0.07
0.42,0.97
0.04,0.68
0.29,0.36
0.01,0.92
0.63,0.6
0.36,0.53
0.9,0.39
0.23,0.48
0.01,0.69
0.07,0.04
0.14,0.25
0.63,0.05
0.19,0.76
0.15,0.99
0.32,0.27
0.95,0.56
0.1,0.23
0.49,0.32
0.71,0.13
0.41,0.72
0.53,0.12
0.96,0.79
0.85,0.88
0.55,0.32
0.08,0.29
0.4,0.72
0.43,0.12

Distanze
"0,1 : 0.8228"
"1,0 : 0.8228"
"0,2 : 0.7991"
"2,0 : 0.7991"
"0,3 : 0.6325"
"3,0 : 0.6325"
"0,4 : 0.7658"
"4,0 : 0.7658"
"0,5 : 0.5441"
"5,0 : 0.5441"
"0,6 : 0.5408"
"6,0 : 0.5408"
"0,7 : 0.3883"
"7,0 : 0.3883"
"0,8 : 0.6519"
"8,0 : 0.6519"
"0,9 : 0.8213"
"9,0 : 0.8213"
"0,10 : 1.1021"
"10,0 : 1.1021"
"0,11 : 0.1811"
"11,0 : 0.1811"
"0,12 : 0.933"
"12,0 : 0.933"
"0,13 : 0.264"
"13,0 : 0.264"
"0,14 : 0.1942"
"14,0 : 0.1942"
"0,15 : 0.5162"
"15,0 : 0.5162"
"0,16 : 0.5401"
"16,0 : 0.5401"
"0,17 : 0.6791"
"17,0 : 0.6791"
"0,18 : 0.3614"
"18,0 : 0.3614"
"0,19 : 0.8829"
"19,0 : 0.8829"
"0,20 : 0.8797"
"20,0 : 0.8797"
"0,21 : 0.806"
"21,0 : 0.806"
"0,22 : 0.3253"
"22,0 : 0.3253"
"0,23 : 0.1442"
"23,0 : 0.1442"
"0,24 : 0.8104"
"24,0 : 0.8104"
"0,25 : 0.0922"
"25,0 : 0.0922"
"0,26 : 0.5394"
"26,0 : 0.5394"
"0,27 : 0.5376"
"27,0 : 0.5376"
"0,28 : 0.01"
"28,0 : 0.01"
"0,29 : 0.5787"
"29,0 : 0.5787"
"0,30 : 0.4383"
"30,0 : 0.4383"
"0,31 : 0.642"
"31,0 : 0.642"
"0,32 : 0.492"
"32,0 : 0.492"
"0,33 : 0.56"
"33,0 : 0.56"
"0,34 : 0.1077"
"34,0 : 0.1077"
"0,35 : 0.7159"
"35,0 : 0.7159"
"0,36 : 0.5109"
"36,0 : 0.5109"
"0,37 : 0.3126"
"37,0 : 0.3126"
"0,38 : 0.2309"
"38,0 : 0.2309"
"0,39 : 0.1131"
"39,0 : 0.1131"
"0,40 : 0.6135"
"40,0 : 0.6135"
"0,41 : 0.2943"
"41,0 : 0.2943"
"0,42 : 1.0077"
"42,0 : 1.0077"
"0,43 : 0.5314"
"43,0 : 0.5314"
"0,44 : 0.928"
"44,0 : 0.928"
"0,45 : 0.7799"
"45,0 : 0.7799"
"0,46 : 0.5445"
"46,0 : 0.5445"
"0,47 : 0.6798"
"47,0 : 0.6798"
"0,48 : 0.7245"
"48,0 : 0.7245"
"0,49 : 0.4405"
"49,0 : 0.4405"
"0,50 : 0.8465"
"50,0 : 0.8465"
"0,51 : 0.172"
"51,0 : 0.172"
"0,52 : 0.322"
"52,0 : 0.322"
"0,53 : 0.3821"
"53,0 : 0.3821"
"0,54 : 0.1389"
"54,0 : 0.1389"
"0,55 : 0.4031"
"55,0 : 0.4031"
"0,56 : 0.2326"
"56,0 : 0.2326"
"0,57 : 0.6007"
"57,0 : 0.6007"
"0,58 : 0.7816"
"58,0 : 0.7816"
"0,59 : 0.6113"
"59,0 : 0.6113"
"0,60 : 0.4713"
"60,0 : 0.4713"
"0,61 : 0.472"
"61,0 : 0.472"
"0,62 : 0.7292"
"62,0 : 0.7292"
"0,63 : 0.6454"
"63,0 : 0.6454"
"0,64 : 0.828"
"64,0 : 0.828"
"0,65 : 0.5492"
"65,0 : 0.5492"
"0,66 : 0.6011"
"66,0 : 0.6011"
"0,67 : 0.8647"
"67,0 : 0.8647"
"0,68 : 0.0949"
"68,0 : 0.0949"
"0,69 : 0.9211"
"69,0 : 0.9211"
"0,70 : 0.4904"
"70,0 : 0.4904"
"0,71 : 0.8287"
"71,0 : 0.8287"
"0,72 : 0.2022"
"72,0 : 0.2022"
"0,73 : 0.9025"
"73,0 : 0.9025"
"0,74 : 0.849"
"74,0 : 0.849"
"0,75 : 0.4522"
"75,0 : 0.4522"
"0,76 : 1.0464"
"76,0 : 1.0464"
"0,77 : 0.5009"
"77,0 : 0.5009"
"0,78 : 0.5243"
"78,0 : 0.5243"
"0,79 : 0.3764"
"79,0 : 0.3764"
"0,80 : 0.5738"
"80,0 : 0.5738"
"0,81 : 0.8778"
"81,0 : 0.8778"
"0,82 : 0.593"
"82,0 : 0.593"
"0,83 : 0.5412"
"83,0 : 0.5412"
"0,84 : 0.0583"
"84,0 : 0.0583"
"0,85 : 0.8102"
"85,0 : 0.8102"
"0,86 : 1.0258"
"86,0 : 1.0258"
"0,87 : 0.3801"
"87,0 : 0.3801"
"0,88 : 0.5438"
"88,0 : 0.5438"
"0,89 : 0.5749"
"89,0 : 0.5749"
"0,90 : 0.278"
"90,0 : 0.278"
"0,91 : 0.0583"
"91,0 : 0.0583"
"0,92 : 0.6685"
"92,0 : 0.6685"
"0,93 : 0.1315"
"93,0 : 0.1315"
"0,94 : 0.7524"
"94,0 : 0.7524"
"0,95 : 0.8028"
"95,0 : 0.8028"
"0,96 : 0.246"
"96,0 : 0.246"
"0,97 : 0.6103"
"97,0 : 0.6103"
"0,98 : 0.6723"
"98,0 : 0.6723"
"0,99 : 0.2309"
"99,0 : 0.2309"
"1,2 : 0.1712"
"2,1 : 0.1712"
"1,3 : 0.5187"
"3,1 : 0.5187"
"1,4 : 0.3962"
"4,1 : 0.3962"
"1,5 : 0.3314"
"5,1 : 0.3314"
"1,6 : 0.6297"
"6,1 : 0.6297"
"1,7 : 0.8548"
"7,1 : 0.8548"
"1,8 : 0.313"
"8,1 : 0.313"
"1,9 : 0.3053"
"9,1 : 0.3053"
"1,10 : 0.3795"
"10,1 : 0.3795"
"1,11 : 0.6665"
"11,1 : 0.6665"
"1,12 : 0.5825"
"12,1 : 0.5825"
"1,13 : 0.664"
"13,1 : 0.664"
"1,14 : 0.8161"
"14,1 : 0.8161"
"1,15 : 0.522"
"15,1 : 0.522"
"1,16 : 0.378"
"16,1 : 0.378"
"1,17 : 0.4632"
"17,1 : 0.4632"
"1,18 : 0.4652"
"18,1 : 0.4652"
"1,19 : 0.4982"
"19,1 : 0.4982"
"1,20 : 0.2973"
"20,1 : 0.2973"
"1,21 : 0.1315"
"21,1 : 0.1315"
"1,22 : 0.5433"
"22,1 : 0.5433"
"1,23 : 0.6831"
"23,1 : 0.6831"
"1,24 : 0.5101"
"24,1 : 0.5101"
"1,25 : 0.9014"
"25,1 : 0.9014"
"1,26 : 0.4579"
"26,1 : 0.4579"
"1,27 : 0.5284"
"27,1 : 0.5284"
"1,28 : 0.8264"
"28,1 : 0.8264"
"1,29 : 0.4383"
"29,1 : 0.4383"
"1,30 : 0.4119"
"30,1 : 0.4119"
"1,31 : 0.8006"
"31,1 : 0.8006"
"1,32 : 0.4805"
"32,1 : 0.4805"
"1,33 : 0.3581"
"33,1 : 0.3581"
"1,34 : 0.7543"
"34,1 : 0.7543"
"1,35 : 0.1204"
"35,1 : 0.1204"
"1,36 : 0.4512"
"36,1 : 0.4512"
"1,37 : 0.7303"
"37,1 : 0.7303"
"1,38 : 0.9827"
"38,1 : 0.9827"
"1,39 : 0.927"
"39,1 : 0.927"
"1,40 : 0.5255"
"40,1 : 0.5255"
"1,41 : 0.82"
"41,1 : 0.82"
"1,42 : 0.36"
"42,1 : 0.36"
"1,43 : 0.6263"
"43,1 : 0.6263"
"1,44 : 0.2717"
"44,1 : 0.2717"
"1,45 : 0.2843"
"45,1 : 0.2843"
"1,46 : 0.3183"
"46,1 : 0.3183"
"1,47 : 0.5686"
"47,1 : 0.5686"
"1,48 : 0.6217"
"48,1 : 0.6217"
"1,49 : 0.714"
"49,1 : 0.714"
"1,50 : 0.441"
"50,1 : 0.441"
"1,51 : 0.7961"
"51,1 : 0.7961"
"1,52 : 0.63"
"52,1 : 0.63"
"1,53 : 0.815"
"53,1 : 0.815"
"1,54 : 0.857"
"54,1 : 0.857"
"1,55 : 0.6152"
"55,1 : 0.6152"
"1,56 : 0.836"
"56,1 : 0.836"
"1,57 : 0.3106"
"57,1 : 0.3106"
"1,58 : 0.0728"
"58,1 : 0.0728"
"1,59 : 0.4847"
"59,1 : 0.4847"
"1,60 : 0.536"
"60,1 : 0.536"
"1,61 : 0.3901"
"61,1 : 0.3901"
"1,62 : 0.1118"
"62,1 : 0.1118"
"1,63 : 0.3087"
"63,1 : 0.3087"
"1,64 : 0.2371"
"64,1 : 0.2371"
"1,65 : 0.6665"
"65,1 : 0.6665"
"1,66 : 0.364"
"66,1 : 0.364"
"1,67 : 0.2193"
"67,1 : 0.2193"
"1,68 : 0.7515"
"68,1 : 0.7515"
"1,69 : 0.2002"
"69,1 : 0.2002"
"1,70 : 0.6552"
"70,1 : 0.6552"
"1,71 : 0.413"
"71,1 : 0.413"
"1,72 : 0.805"
"72,1 : 0.805"
"1,73 : 0.1118"
"73,1 : 0.1118"
"1,74 : 0.3808"
"74,1 : 0.3808"
"1,75 : 0.5162"
"75,1 : 0.5162"
"1,76 : 0.3635"
"76,1 : 0.3635"
"1,77 : 0.3748"
"77,1 : 0.3748"
"1,78 : 0.3401"
"78,1 : 0.3401"
"1,79 : 0.7151"
"79,1 : 0.7151"
"1,80 : 0.4144"
"80,1 : 0.4144"
"1,81 : 0.4025"
"81,1 : 0.4025"
"1,82 : 0.8826"
"82,1 : 0.8826"
"1,83 : 0.6613"
"83,1 : 0.6613"
"1,84 : 0.8602"
"84,1 : 0.8602"
"1,85 : 0.211"
"85,1 : 0.211"
"1,86 : 0.2506"
"86,1 : 0.2506"
"1,87 : 0.6021"
"87,1 : 0.6021"
"1,88 : 0.6576"
"88,1 : 0.6576"
"1,89 : 0.6946"
"89,1 : 0.6946"
"1,90 : 0.5629"
"90,1 : 0.5629"
"1,91 : 0.8144"
"91,1 : 0.8144"
"1,92 : 0.1552"
"92,1 : 0.1552"
"1,93 : 0.7669"
"93,1 : 0.7669"
"1,94 : 0.5954"
"94,1 : 0.5954"
"1,95 : 0.4801"
"95,1 : 0.4801"
"1,96 : 0.5787"
"96,1 : 0.5787"
"1,97 : 0.6485"
"97,1 : 0.6485"
"1,98 : 0.153"
"98,1 : 0.153"
"1,99 : 0.7524"
"99,1 : 0.7524"
"2,3 : 0.3722"
"3,2 : 0.3722"
"2,4 : 0.5438"
"4,2 : 0.5438"
"2,5 : 0.4031"
"5,2 : 0.4031"
"2,6 : 0.724"
"6,2 : 0.724"
"2,7 : 0.908"
"7,2 : 0.908"
"2,8 : 0.4314"
"8,2 : 0.4314"
"2,9 : 0.4662"
"9,2 : 0.4662"
"2,10 : 0.5394"
"10,2 : 0.5394"
"2,11 : 0.6259"
"11,2 : 0.6259"
"2,12 : 0.4123"
"12,2 : 0.4123"
"2,13 : 0.5962"
"13,2 : 0.5962"
"2,14 : 0.8329"
"14,2 : 0.8329"
"2,15 : 0.6106"
"15,2 : 0.6106"
"2,16 : 0.2818"
"16,2 : 0.2818"
"2,17 : 0.3087"
"17,2 : 0.3087"
"2,18 : 0.441"
"18,2 : 0.441"
"2,19 : 0.3276"
"19,2 : 0.3276"
"2,20 : 0.4657"
"20,2 : 0.4657"
"2,21 : 0.04"
"21,2 : 0.04"
"2,22 : 0.5707"
"22,2 : 0.5707"
"2,23 : 0.6712"
"23,2 : 0.6712"
"2,24 : 0.3401"
"24,2 : 0.3401"
"2,25 : 0.8857"
"25,2 : 0.8857"
"2,26 : 0.3406"
"26,2 : 0.3406"
"2,27 : 0.4031"
"27,2 : 0.4031"
"2,28 : 0.8006"
"28,2 : 0.8006"
"2,29 : 0.3111"
"29,2 : 0.3111"
"2,30 : 0.4492"
"30,2 : 0.4492"
"2,31 : 0.9044"
"31,2 : 0.9044"
"2,32 : 0.5595"
"32,2 : 0.5595"
"2,33 : 0.2594"
"33,2 : 0.2594"
"2,34 : 0.7503"
"34,2 : 0.7503"
"2,35 : 0.228"
"35,2 : 0.228"
"2,36 : 0.5334"
"36,2 : 0.5334"
"2,37 : 0.7737"
"37,2 : 0.7737"
"2,38 : 0.9248"
"38,2 : 0.9248"
"2,39 : 0.8927"
"39,2 : 0.8927"
"2,40 : 0.3828"
"40,2 : 0.3828"
"2,41 : 0.857"
"41,2 : 0.857"
"2,42 : 0.5304"
"42,2 : 0.5304"
"2,43 : 0.7187"
"43,2 : 0.7187"
"2,44 : 0.4428"
"44,2 : 0.4428"
"2,45 : 0.4383"
"45,2 : 0.4383"
"2,46 : 0.255"
"46,2 : 0.255"
"2,47 : 0.693"
"47,2 : 0.693"
"2,48 : 0.4617"
"48,2 : 0.4617"
"2,49 : 0.6021"
"49,2 : 0.6021"
"2,50 : 0.5993"
"50,2 : 0.5993"
"2,51 : 0.7374"
"51,2 : 0.7374"
"2,52 : 0.6719"
"52,2 : 0.6719"
"2,53 : 0.8698"
"53,2 : 0.8698"
"2,54 : 0.86"
"54,2 : 0.86"
"2,55 : 0.6778"
"55,2 : 0.6778"
"2,56 : 0.7649"
"56,2 : 0.7649"
"2,57 : 0.2102"
"57,2 : 0.2102"
"2,58 : 0.1077"
"58,2 : 0.1077"
"2,59 : 0.3441"
"59,2 : 0.3441"
"2,60 : 0.428"
"60,2 : 0.428"
"2,61 : 0.4401"
"61,2 : 0.4401"
"2,62 : 0.2302"
"62,2 : 0.2302"
"2,63 : 0.4243"
"63,2 : 0.4243"
"2,64 : 0.4016"
"64,2 : 0.4016"
"2,65 : 0.5341"
"65,2 : 0.5341"
"2,66 : 0.4686"
"66,2 : 0.4686"
"2,67 : 0.0762"
"67,2 : 0.0762"
"2,68 : 0.7159"
"68,2 : 0.7159"
"2,69 : 0.3701"
"69,2 : 0.3701"
"2,70 : 0.7382"
"70,2 : 0.7382"
"2,71 : 0.2419"
"71,2 : 0.2419"
"2,72 : 0.8239"
"72,2 : 0.8239"
"2,73 : 0.1442"
"73,2 : 0.1442"
"2,74 : 0.5423"
"74,2 : 0.5423"
"2,75 : 0.586"
"75,2 : 0.586"
"2,76 : 0.5308"
"76,2 : 0.5308"
"2,77 : 0.3036"
"77,2 : 0.3036"
"2,78 : 0.4025"
"78,2 : 0.4025"
"2,79 : 0.6161"
"79,2 : 0.6161"
"2,80 : 0.514"
"80,2 : 0.514"
"2,81 : 0.5665"
"81,2 : 0.5665"
"2,82 : 0.9713"
"82,2 : 0.9713"
"2,83 : 0.7547"
"83,2 : 0.7547"
"2,84 : 0.8448"
"84,2 : 0.8448"
"2,85 : 0.3734"
"85,2 : 0.3734"
"2,86 : 0.4026"
"86,2 : 0.4026"
"2,87 : 0.6579"
"87,2 : 0.6579"
"2,88 : 0.5263"
"88,2 : 0.5263"
"2,89 : 0.7932"
"89,2 : 0.7932"
"2,90 : 0.5722"
"90,2 : 0.5722"
"2,91 : 0.7788"
"91,2 : 0.7788"
"2,92 : 0.214"
"92,2 : 0.214"
"2,93 : 0.7701"
"93,2 : 0.7701"
"2,94 : 0.4317"
"94,2 : 0.4317"
"2,95 : 0.3102"
"95,2 : 0.3102"
"2,96 : 0.5701"
"96,2 : 0.5701"
"2,97 : 0.756"
"97,2 : 0.756"
"2,98 : 0.2202"
"98,2 : 0.2202"
"2,99 : 0.7778"
"99,2 : 0.7778"
"3,4 : 0.7864"
"4,3 : 0.7864"
"3,5 : 0.5441"
"5,3 : 0.5441"
"3,6 : 0.8249"
"6,3 : 0.8249"
"3,7 : 0.8938"
"7,3 : 0.8938"
"3,8 : 0.6395"
"8,3 : 0.6395"
"3,9 : 0.7501"
"9,3 : 0.7501"
"3,10 : 0.8981"
"10,3 : 0.8981"
"3,11 : 0.4569"
"11,3 : 0.4569"
"3,12 : 0.3008"
"12,3 : 0.3008"
"3,13 : 0.3711"
"13,3 : 0.3711"
"3,14 : 0.7495"
"14,3 : 0.7495"
"3,15 : 0.7201"
"15,3 : 0.7201"
"3,16 : 0.1992"
"16,3 : 0.1992"
"3,17 : 0.0721"
"17,3 : 0.0721"
"3,18 : 0.3829"
"18,3 : 0.3829"
"3,19 : 0.26"
"19,3 : 0.26"
"3,20 : 0.7732"
"20,3 : 0.7732"
"3,21 : 0.4071"
"21,3 : 0.4071"
"3,22 : 0.5673"
"22,3 : 0.5673"
"3,23 : 0.5557"
"23,3 : 0.5557"
"3,24 : 0.1811"
"24,3 : 0.1811"
"3,25 : 0.7242"
"25,3 : 0.7242"
"3,26 : 0.1221"
"26,3 : 0.1221"
"3,27 : 0.0949"
"27,3 : 0.0949"
"3,28 : 0.6294"
"28,3 : 0.6294"
"3,29 : 0.1044"
"29,3 : 0.1044"
"3,30 : 0.51"
"30,3 : 0.51"
"3,31 : 1.004"
"31,3 : 1.004"
"3,32 : 0.6619"
"32,3 : 0.6619"
"3,33 : 0.204"
"33,3 : 0.204"
"3,34 : 0.6353"
"34,3 : 0.6353"
"3,35 : 0.5025"
"35,3 : 0.5025"
"3,36 : 0.6488"
"36,3 : 0.6488"
"3,37 : 0.7574"
"37,3 : 0.7574"
"3,38 : 0.6703"
"38,3 : 0.6703"
"3,39 : 0.6905"
"39,3 : 0.6905"
"3,40 : 0.02"
"40,3 : 0.02"
"3,41 : 0.814"
"41,3 : 0.814"
"3,42 : 0.8668"
"42,3 : 0.8668"
"3,43 : 0.8163"
"43,3 : 0.8163"
"3,44 : 0.7728"
"44,3 : 0.7728"
"3,45 : 0.7101"
"45,3 : 0.7101"
"3,46 : 0.2766"
"46,3 : 0.2766"
"3,47 : 0.8638"
"47,3 : 0.8638"
"3,48 : 0.13"
"48,3 : 0.13"
"3,49 : 0.272"
"49,3 : 0.272"
"3,50 : 0.8628"
"50,3 : 0.8628"
"3,51 : 0.5036"
"51,3 : 0.5036"
"3,52 : 0.6721"
"52,3 : 0.6721"
"3,53 : 0.8637"
"53,3 : 0.8637"
"3,54 : 0.7425"
"54,3 : 0.7425"
"3,55 : 0.7201"
"55,3 : 0.7201"
"3,56 : 0.5001"
"56,3 : 0.5001"
"3,57 : 0.23"
"57,3 : 0.23"
"3,58 : 0.446"
"58,3 : 0.446"
"3,59 : 0.0412"
"59,3 : 0.0412"
"3,60 : 0.1616"
"60,3 : 0.1616"
"3,61 : 0.528"
"61,3 : 0.528"
"3,62 : 0.5135"
"62,3 : 0.5135"
"3,63 : 0.6297"
"63,3 : 0.6297"
"3,64 : 0.7026"
"64,3 : 0.7026"
"3,65 : 0.172"
"65,3 : 0.172"
"3,66 : 0.6429"
"66,3 : 0.6429"
"3,67 : 0.3895"
"67,3 : 0.3895"
"3,68 : 0.5376"
"68,3 : 0.5376"
"3,69 : 0.7131"
"69,3 : 0.7131"
"3,70 : 0.8127"
"70,3 : 0.8127"
"3,71 : 0.2341"
"71,3 : 0.2341"
"3,72 : 0.7463"
"72,3 : 0.7463"
"3,73 : 0.5162"
"73,3 : 0.5162"
"3,74 : 0.8202"
"74,3 : 0.8202"
"3,75 : 0.6637"
"75,3 : 0.6637"
"3,76 : 0.878"
"76,3 : 0.878"
"3,77 : 0.2508"
"77,3 : 0.2508"
"3,78 : 0.5281"
"78,3 : 0.5281"
"3,79 : 0.3126"
"79,3 : 0.3126"
"3,80 : 0.6673"
"80,3 : 0.6673"
"3,81 : 0.8501"
"81,3 : 0.8501"
"3,82 : 1.0294"
"82,3 : 1.0294"
"3,83 : 0.8491"
"83,3 : 0.8491"
"3,84 : 0.6895"
"84,3 : 0.6895"
"3,85 : 0.6727"
"85,3 : 0.6727"
"3,86 : 0.7669"
"86,3 : 0.7669"
"3,87 : 0.6903"
"87,3 : 0.6903"
"3,88 : 0.1664"
"88,3 : 0.1664"
"3,89 : 0.8936"
"89,3 : 0.8936"
"3,90 : 0.5304"
"90,3 : 0.5304"
"3,91 : 0.5894"
"91,3 : 0.5894"
"3,92 : 0.4504"
"92,3 : 0.4504"
"3,93 : 0.6673"
"93,3 : 0.6673"
"3,94 : 0.1345"
"94,3 : 0.1345"
"3,95 : 0.1803"
"95,3 : 0.1803"
"3,96 : 0.4904"
"96,3 : 0.4904"
"3,97 : 0.8812"
"97,3 : 0.8812"
"3,98 : 0.4604"
"98,3 : 0.4604"
"3,99 : 0.722"
"99,3 : 0.722"
"4,5 : 0.2668"
"5,4 : 0.2668"
"4,6 : 0.3276"
"6,4 : 0.3276"
"4,7 : 0.6135"
"7,4 : 0.6135"
"4,8 : 0.1503"
"8,4 : 0.1503"
"4,9 : 0.114"
"9,4 : 0.114"
"4,10 : 0.3962"
"10,4 : 0.3962"
"4,11 : 0.68"
"11,4 : 0.68"
"4,12 : 0.9443"
"12,4 : 0.9443"
"4,13 : 0.7374"
"13,4 : 0.7374"
"4,14 : 0.6661"
"14,4 : 0.6661"
"4,15 : 0.2693"
"15,4 : 0.2693"
"4,16 : 0.5914"
"16,4 : 0.5914"
"4,17 : 0.7571"
"17,4 : 0.7571"
"4,18 : 0.5124"
"18,4 : 0.5124"
"4,19 : 0.8591"
"19,4 : 0.8591"
"4,20 : 0.1703"
"20,4 : 0.1703"
"4,21 : 0.5104"
"21,4 : 0.5104"
"4,22 : 0.442"
"22,4 : 0.442"
"4,23 : 0.628"
"23,4 : 0.628"
"4,24 : 0.8476"
"24,4 : 0.8476"
"4,25 : 0.8134"
"25,4 : 0.8134"
"4,26 : 0.6807"
"26,4 : 0.6807"
"4,27 : 0.7501"
"27,4 : 0.7501"
"4,28 : 0.7734"
"28,4 : 0.7734"
"4,29 : 0.6836"
"29,4 : 0.6836"
"4,30 : 0.3585"
"30,4 : 0.3585"
"4,31 : 0.454"
"31,4 : 0.454"
"4,32 : 0.2759"
"32,4 : 0.2759"
"4,33 : 0.5831"
"33,4 : 0.5831"
"4,34 : 0.6648"
"34,4 : 0.6648"
"4,35 : 0.3176"
"35,4 : 0.3176"
"4,36 : 0.255"
"36,4 : 0.255"
"4,37 : 0.5334"
"37,4 : 0.5334"
"4,38 : 0.9823"
"38,4 : 0.9823"
"4,39 : 0.8786"
"39,4 : 0.8786"
"4,40 : 0.7841"
"40,4 : 0.7841"
"4,41 : 0.6218"
"41,4 : 0.6218"
"4,42 : 0.2789"
"42,4 : 0.2789"
"4,43 : 0.3298"
"43,4 : 0.3298"
"4,44 : 0.2408"
"44,4 : 0.2408"
"4,45 : 0.114"
"45,4 : 0.114"
"4,46 : 0.5116"
"46,4 : 0.5116"
"4,47 : 0.2022"
"47,4 : 0.2022"
"4,48 : 0.9124"
"48,4 : 0.9124"
"4,49 : 0.8748"
"49,4 : 0.8748"
"4,50 : 0.0854"
"50,4 : 0.0854"
"4,51 : 0.8237"
"51,4 : 0.8237"
"4,52 : 0.4623"
"52,4 : 0.4623"
"4,53 : 0.5758"
"53,4 : 0.5758"
"4,54 : 0.7325"
"54,4 : 0.7325"
"4,55 : 0.3996"
"55,4 : 0.3996"
"4,56 : 0.8855"
"56,4 : 0.8855"
"4,57 : 0.559"
"57,4 : 0.559"
"4,58 : 0.4383"
"58,4 : 0.4383"
"4,59 : 0.7455"
"59,4 : 0.7455"
"4,60 : 0.7217"
"60,4 : 0.7217"
"4,61 : 0.3231"
"61,4 : 0.3231"
"4,62 : 0.3138"
"62,4 : 0.3138"
"4,63 : 0.1603"
"63,4 : 0.1603"
"4,64 : 0.1789"
"64,4 : 0.1789"
"4,65 : 0.8809"
"65,4 : 0.8809"
"4,66 : 0.1746"
"66,4 : 0.1746"
"4,67 : 0.608"
"67,4 : 0.608"
"4,68 : 0.735"
"68,4 : 0.735"
"4,69 : 0.2941"
"69,4 : 0.2941"
"4,70 : 0.3764"
"70,4 : 0.3764"
"4,71 : 0.7697"
"71,4 : 0.7697"
"4,72 : 0.6522"
"72,4 : 0.6522"
"4,73 : 0.5025"
"73,4 : 0.5025"
"4,74 : 0.0894"
"74,4 : 0.0894"
"4,75 : 0.3189"
"75,4 : 0.3189"
"4,76 : 0.3276"
"76,4 : 0.3276"
"4,77 : 0.55"
"77,4 : 0.55"
"4,78 : 0.2886"
"78,4 : 0.2886"
"4,79 : 0.8465"
"79,4 : 0.8465"
"4,80 : 0.1921"
"80,4 : 0.1921"
"4,81 : 0.114"
"81,4 : 0.114"
"4,82 : 0.5601"
"82,4 : 0.5601"
"4,83 : 0.3551"
"83,4 : 0.3551"
"4,84 : 0.7778"
"84,4 : 0.7778"
"4,85 : 0.1942"
"85,4 : 0.1942"
"4,86 : 0.3962"
"86,4 : 0.3962"
"4,87 : 0.408"
"87,4 : 0.408"
"4,88 : 0.8709"
"88,4 : 0.8709"
"4,89 : 0.3705"
"89,4 : 0.3705"
"4,90 : 0.4965"
"90,4 : 0.4965"
"4,91 : 0.786"
"91,4 : 0.786"
"4,92 : 0.3511"
"92,4 : 0.3511"
"4,93 : 0.658"
"93,4 : 0.658"
"4,94 : 0.9003"
"94,4 : 0.9003"
"4,95 : 0.8193"
"95,4 : 0.8193"
"4,96 : 0.5471"
"96,4 : 0.5471"
"4,97 : 0.31"
"97,4 : 0.31"
"4,98 : 0.3418"
"98,4 : 0.3418"
"4,99 : 0.5941"
"99,4 : 0.5941"
"5,6 : 0.322"
"6,5 : 0.322"
"5,7 : 0.5235"
"7,5 : 0.5235"
"5,8 : 0.1208"
"8,5 : 0.1208"
"5,9 : 0.286"
"9,5 : 0.286"
"5,10 : 0.558"
"10,5 : 0.558"
"5,11 : 0.428"
"11,5 : 0.428"
"5,12 : 0.75"
"12,5 : 0.75"
"5,13 : 0.4742"
"13,5 : 0.4742"
"5,14 : 0.4973"
"14,5 : 0.4973"
"5,15 : 0.2081"
"15,5 : 0.2081"
"5,16 : 0.3448"
"16,5 : 0.3448"
"5,17 : 0.528"
"17,5 : 0.528"
"5,18 : 0.247"
"18,5 : 0.247"
"5,19 : 0.6684"
"19,5 : 0.6684"
"5,20 : 0.3397"
"20,5 : 0.3397"
"5,21 : 0.3848"
"21,5 : 0.3848"
"5,22 : 0.2285"
"22,5 : 0.2285"
"5,23 : 0.4"
"23,5 : 0.4"
"5,24 : 0.6381"
"24,5 : 0.6381"
"5,25 : 0.609"
"25,5 : 0.609"
"5,26 : 0.4295"
"26,5 : 0.4295"
"5,27 : 0.495"
"27,5 : 0.495"
"5,28 : 0.55"
"28,5 : 0.55"
"5,29 : 0.4397"
"29,5 : 0.4397"
"5,30 : 0.1063"
"30,5 : 0.1063"
"5,31 : 0.5045"
"31,5 : 0.5045"
"5,32 : 0.1565"
"32,5 : 0.1565"
"5,33 : 0.3418"
"33,5 : 0.3418"
"5,34 : 0.4565"
"34,5 : 0.4565"
"5,35 : 0.211"
"35,5 : 0.211"
"5,36 : 0.1304"
"36,5 : 0.1304"
"5,37 : 0.4001"
"37,5 : 0.4001"
"5,38 : 0.7428"
"38,5 : 0.7428"
"5,39 : 0.656"
"39,5 : 0.656"
"5,40 : 0.5385"
"40,5 : 0.5385"
"5,41 : 0.4909"
"41,5 : 0.4909"
"5,42 : 0.4667"
"42,5 : 0.4667"
"5,43 : 0.3162"
"43,5 : 0.3162"
"5,44 : 0.3842"
"44,5 : 0.3842"
"5,45 : 0.2421"
"45,5 : 0.2421"
"5,46 : 0.2693"
"46,5 : 0.2693"
"5,47 : 0.322"
"47,5 : 0.322"
"5,48 : 0.6736"
"48,5 : 0.6736"
"5,49 : 0.6083"
"49,5 : 0.6083"
"5,50 : 0.3517"
"50,5 : 0.3517"
"5,51 : 0.572"
"51,5 : 0.572"
"5,52 : 0.3015"
"52,5 : 0.3015"
"5,53 : 0.4837"
"53,5 : 0.4837"
"5,54 : 0.5478"
"54,5 : 0.5478"
"5,55 : 0.2844"
"55,5 : 0.2844"
"5,56 : 0.6297"
"56,5 : 0.6297"
"5,57 : 0.3312"
"57,5 : 0.3312"
"5,58 : 0.3257"
"58,5 : 0.3257"
"5,59 : 0.5029"
"59,5 : 0.5029"
"5,60 : 0.4601"
"60,5 : 0.4601"
"5,61 : 0.0721"
"61,5 : 0.0721"
"5,62 : 0.2202"
"62,5 : 0.2202"
"5,63 : 0.1118"
"63,5 : 0.1118"
"5,64 : 0.2843"
"64,5 : 0.2843"
"5,65 : 0.6203"
"65,5 : 0.6203"
"5,66 : 0.1005"
"66,5 : 0.1005"
"5,67 : 0.4789"
"67,5 : 0.4789"
"5,68 : 0.495"
"68,5 : 0.495"
"5,69 : 0.3801"
"69,5 : 0.3801"
"5,70 : 0.3354"
"70,5 : 0.3354"
"5,71 : 0.5814"
"71,5 : 0.5814"
"5,72 : 0.4851"
"72,5 : 0.4851"
"5,73 : 0.4374"
"73,5 : 0.4374"
"5,74 : 0.3311"
"74,5 : 0.3311"
"5,75 : 0.1868"
"75,5 : 0.1868"
"5,76 : 0.5033"
"76,5 : 0.5033"
"5,77 : 0.2961"
"77,5 : 0.2961"
"5,78 : 0.0224"
"78,5 : 0.0224"
"5,79 : 0.5797"
"79,5 : 0.5797"
"5,80 : 0.1253"
"80,5 : 0.1253"
"5,81 : 0.3625"
"81,5 : 0.3625"
"5,82 : 0.5682"
"82,5 : 0.5682"
"5,83 : 0.3523"
"83,5 : 0.3523"
"5,84 : 0.5694"
"84,5 : 0.5694"
"5,85 : 0.2663"
"85,5 : 0.2663"
"5,86 : 0.4885"
"86,5 : 0.4885"
"5,87 : 0.2707"
"87,5 : 0.2707"
"5,88 : 0.6103"
"88,5 : 0.6103"
"5,89 : 0.392"
"89,5 : 0.392"
"5,90 : 0.2663"
"90,5 : 0.2663"
"5,91 : 0.5523"
"91,5 : 0.5523"
"5,92 : 0.1931"
"92,5 : 0.1931"
"5,93 : 0.461"
"93,5 : 0.461"
"5,94 : 0.6685"
"94,5 : 0.6685"
"5,95 : 0.6129"
"95,5 : 0.6129"
"5,96 : 0.3041"
"96,5 : 0.3041"
"5,97 : 0.3607"
"97,5 : 0.3607"
"5,98 : 0.1897"
"98,5 : 0.1897"
"5,99 : 0.4295"
"99,5 : 0.4295"
"6,7 : 0.2907"
"7,6 : 0.2907"
"6,8 : 0.3202"
"8,6 : 0.3202"
"6,9 : 0.4319"
"9,6 : 0.4319"
"6,10 : 0.7237"
"10,6 : 0.7237"
"6,11 : 0.53"
"11,6 : 0.53"
"6,12 : 1.0622"
"12,6 : 1.0622"
"6,13 : 0.6229"
"13,6 : 0.6229"
"6,14 : 0.3883"
"14,6 : 0.3883"
"6,15 : 0.114"
"15,6 : 0.114"
"6,16 : 0.6325"
"16,6 : 0.6325"
"6,17 : 0.8242"
"17,6 : 0.8242"
"6,18 : 0.4531"
"18,6 : 0.4531"
"6,19 : 0.9831"
"19,6 : 0.9831"
"6,20 : 0.4937"
"20,6 : 0.4937"
"6,21 : 0.7033"
"21,6 : 0.7033"
"6,22 : 0.2844"
"22,6 : 0.2844"
"6,23 : 0.4342"
"23,6 : 0.4342"
"6,24 : 0.9449"
"24,6 : 0.9449"
"6,25 : 0.5595"
"25,6 : 0.5595"
"6,26 : 0.7033"
"26,6 : 0.7033"
"6,27 : 0.7558"
"27,6 : 0.7558"
"6,28 : 0.5503"
"28,6 : 0.5503"
"6,29 : 0.724"
"29,6 : 0.724"
"6,30 : 0.3162"
"30,6 : 0.3162"
"6,31 : 0.1838"
"31,6 : 0.1838"
"6,32 : 0.1697"
"32,6 : 0.1697"
"6,33 : 0.636"
"33,6 : 0.636"
"6,34 : 0.4332"
"34,6 : 0.4332"
"6,35 : 0.5148"
"35,6 : 0.5148"
"6,36 : 0.1921"
"36,6 : 0.1921"
"6,37 : 0.2441"
"37,6 : 0.2441"
"6,38 : 0.7716"
"38,6 : 0.7716"
"6,39 : 0.6447"
"39,6 : 0.6447"
"6,40 : 0.8149"
"40,6 : 0.8149"
"6,41 : 0.3183"
"41,6 : 0.3183"
"6,42 : 0.6064"
"42,6 : 0.6064"
"6,43 : 0.01"
"43,6 : 0.01"
"6,44 : 0.5622"
"44,6 : 0.5622"
"6,45 : 0.41"
"45,6 : 0.41"
"6,46 : 0.5685"
"46,6 : 0.5685"
"6,47 : 0.1562"
"47,6 : 0.1562"
"6,48 : 0.9538"
"48,6 : 0.9538"
"6,49 : 0.806"
"49,6 : 0.806"
"6,50 : 0.3808"
"50,6 : 0.3808"
"6,51 : 0.6549"
"51,6 : 0.6549"
"6,52 : 0.2236"
"52,6 : 0.2236"
"6,53 : 0.2555"
"53,6 : 0.2555"
"6,54 : 0.4632"
"54,6 : 0.4632"
"6,55 : 0.1414"
"55,6 : 0.1414"
"6,56 : 0.7244"
"56,6 : 0.7244"
"6,57 : 0.6378"
"57,6 : 0.6378"
"6,58 : 0.6395"
"58,6 : 0.6395"
"6,59 : 0.7855"
"59,6 : 0.7855"
"6,60 : 0.7038"
"60,6 : 0.7038"
"6,61 : 0.3048"
"61,6 : 0.3048"
"6,62 : 0.52"
"62,6 : 0.52"
"6,63 : 0.3228"
"63,6 : 0.3228"
"6,64 : 0.4801"
"64,6 : 0.4801"
"6,65 : 0.857"
"65,6 : 0.857"
"6,66 : 0.2657"
"66,6 : 0.2657"
"6,67 : 0.7992"
"67,6 : 0.7992"
"6,68 : 0.5474"
"68,6 : 0.5474"
"6,69 : 0.6003"
"69,6 : 0.6003"
"6,70 : 0.0566"
"70,6 : 0.0566"
"6,71 : 0.8981"
"71,6 : 0.8981"
"6,72 : 0.3744"
"72,6 : 0.3744"
"6,73 : 0.7409"
"73,6 : 0.7409"
"6,74 : 0.4148"
"74,6 : 0.4148"
"6,75 : 0.1612"
"75,6 : 0.1612"
"6,76 : 0.6551"
"76,6 : 0.6551"
"6,77 : 0.5769"
"77,6 : 0.5769"
"6,78 : 0.3265"
"78,6 : 0.3265"
"6,79 : 0.758"
"79,6 : 0.758"
"6,80 : 0.2154"
"80,6 : 0.2154"
"6,81 : 0.4332"
"81,6 : 0.4332"
"6,82 : 0.253"
"82,6 : 0.253"
"6,83 : 0.0316"
"83,6 : 0.0316"
"6,84 : 0.5323"
"84,6 : 0.5323"
"6,85 : 0.4817"
"85,6 : 0.4817"
"6,86 : 0.71"
"86,6 : 0.71"
"6,87 : 0.1703"
"87,6 : 0.1703"
"6,88 : 0.8476"
"88,6 : 0.8476"
"6,89 : 0.0707"
"89,6 : 0.0707"
"6,90 : 0.3423"
"90,6 : 0.3423"
"6,91 : 0.5797"
"91,6 : 0.5797"
"6,92 : 0.5111"
"92,6 : 0.5111"
"6,93 : 0.4123"
"93,6 : 0.4123"
"6,94 : 0.9572"
"94,6 : 0.9572"
"6,95 : 0.922"
"95,6 : 0.922"
"6,96 : 0.402"
"96,6 : 0.402"
"6,97 : 0.0707"
"97,6 : 0.0707"
"6,98 : 0.5061"
"98,6 : 0.5061"
"6,99 : 0.3225"
"99,6 : 0.3225"
"7,8 : 0.5722"
"8,7 : 0.5722"
"7,9 : 0.7106"
"9,7 : 0.7106"
"7,10 : 1.0069"
"10,7 : 1.0069"
"7,11 : 0.4771"
"11,7 : 0.4771"
"7,12 : 1.1732"
"12,7 : 1.1732"
"7,13 : 0.5852"
"13,7 : 0.5852"
"7,14 : 0.1942"
"14,7 : 0.1942"
"7,15 : 0.3551"
"15,7 : 0.3551"
"7,16 : 0.7325"
"16,7 : 0.7325"
"7,17 : 0.9161"
"17,7 : 0.9161"
"7,18 : 0.5187"
"18,7 : 0.5187"
"7,19 : 1.1045"
"19,7 : 1.1045"
"7,20 : 0.7737"
"20,7 : 0.7737"
"7,21 : 0.8974"
"21,7 : 0.8974"
"7,22 : 0.3444"
"22,7 : 0.3444"
"7,23 : 0.3606"
"23,7 : 0.3606"
"7,24 : 1.0486"
"24,7 : 1.0486"
"7,25 : 0.3601"
"25,7 : 0.3601"
"7,26 : 0.7762"
"26,7 : 0.7762"
"7,27 : 0.8066"
"27,7 : 0.8066"
"7,28 : 0.3981"
"28,7 : 0.3981"
"7,29 : 0.808"
"29,7 : 0.808"
"7,30 : 0.4588"
"30,7 : 0.4588"
"7,31 : 0.2907"
"31,7 : 0.2907"
"7,32 : 0.3801"
"32,7 : 0.3801"
"7,33 : 0.7443"
"33,7 : 0.7443"
"7,34 : 0.3046"
"34,7 : 0.3046"
"7,35 : 0.7344"
"35,7 : 0.7344"
"7,36 : 0.4101"
"36,7 : 0.4101"
"7,37 : 0.1389"
"37,7 : 0.1389"
"7,38 : 0.6001"
"38,7 : 0.6001"
"7,39 : 0.46"
"39,7 : 0.46"
"7,40 : 0.8786"
"40,7 : 0.8786"
"7,41 : 0.0949"
"41,7 : 0.0949"
"7,42 : 0.8919"
"42,7 : 0.8919"
"7,43 : 0.2864"
"43,7 : 0.2864"
"7,44 : 0.8395"
"44,7 : 0.8395"
"7,45 : 0.6825"
"45,7 : 0.6825"
"7,46 : 0.6932"
"46,7 : 0.6932"
"7,47 : 0.4442"
"47,7 : 0.4442"
"7,48 : 1.0114"
"48,7 : 1.0114"
"7,49 : 0.7823"
"49,7 : 0.7823"
"7,50 : 0.6712"
"50,7 : 0.6712"
"7,51 : 0.5503"
"51,7 : 0.5503"
"7,52 : 0.2377"
"52,7 : 0.2377"
"7,53 : 0.04"
"53,7 : 0.04"
"7,54 : 0.2602"
"54,7 : 0.2602"
"7,55 : 0.2402"
"55,7 : 0.2402"
"7,56 : 0.6168"
"56,7 : 0.6168"
"7,57 : 0.7648"
"57,7 : 0.7648"
"7,58 : 0.8453"
"58,7 : 0.8453"
"7,59 : 0.8605"
"59,7 : 0.8605"
"7,60 : 0.7425"
"60,7 : 0.7425"
"7,61 : 0.4707"
"61,7 : 0.4707"
"7,62 : 0.7433"
"62,7 : 0.7433"
"7,63 : 0.5714"
"63,7 : 0.5714"
"7,64 : 0.7497"
"64,7 : 0.7497"
"7,65 : 0.8683"
"65,7 : 0.8683"
"7,66 : 0.5116"
"66,7 : 0.5116"
"7,67 : 0.9837"
"67,7 : 0.9837"
"7,68 : 0.4438"
"68,7 : 0.4438"
"7,69 : 0.867"
"69,7 : 0.867"
"7,70 : 0.2377"
"70,7 : 0.2377"
"7,71 : 1.0296"
"71,7 : 1.0296"
"7,72 : 0.1868"
"72,7 : 0.1868"
"7,73 : 0.9603"
"73,7 : 0.9603"
"7,74 : 0.7023"
"74,7 : 0.7023"
"7,75 : 0.3401"
"75,7 : 0.3401"
"7,76 : 0.9396"
"76,7 : 0.9396"
"7,77 : 0.6774"
"77,7 : 0.6774"
"7,78 : 0.5162"
"78,7 : 0.5162"
"7,79 : 0.722"
"79,7 : 0.722"
"7,80 : 0.4627"
"80,7 : 0.4627"
"7,81 : 0.7224"
"81,7 : 0.7224"
"7,82 : 0.211"
"82,7 : 0.211"
"7,83 : 0.2693"
"83,7 : 0.2693"
"7,84 : 0.3513"
"84,7 : 0.3513"
"7,85 : 0.7455"
"85,7 : 0.7455"
"7,86 : 0.9787"
"86,7 : 0.9787"
"7,87 : 0.2532"
"87,7 : 0.2532"
"7,88 : 0.8605"
"88,7 : 0.8605"
"7,89 : 0.2766"
"89,7 : 0.2766"
"7,90 : 0.3662"
"90,7 : 0.3662"
"7,91 : 0.4438"
"91,7 : 0.4438"
"7,92 : 0.712"
"92,7 : 0.712"
"7,93 : 0.2693"
"93,7 : 0.2693"
"7,94 : 1.0273"
"94,7 : 1.0273"
"7,95 : 1.0317"
"95,7 : 1.0317"
"7,96 : 0.4036"
"96,7 : 0.4036"
"7,97 : 0.336"
"97,7 : 0.336"
"7,98 : 0.7102"
"98,7 : 0.7102"
"7,99 : 0.1803"
"99,7 : 0.1803"
"8,9 : 0.1697"
"9,8 : 0.1697"
"8,10 : 0.4565"
"10,8 : 0.4565"
"8,11 : 0.5464"
"11,8 : 0.5464"
"8,12 : 0.8149"
"12,8 : 0.8149"
"8,13 : 0.5951"
"13,8 : 0.5951"
"8,14 : 0.5818"
"14,8 : 0.5818"
"8,15 : 0.2202"
"15,8 : 0.2202"
"8,16 : 0.4428"
"16,8 : 0.4428"
"8,17 : 0.614"
"17,8 : 0.614"
"8,18 : 0.3677"
"18,8 : 0.3677"
"8,19 : 0.7306"
"19,8 : 0.7306"
"8,20 : 0.228"
"20,8 : 0.228"
"8,21 : 0.4036"
"21,8 : 0.4036"
"8,22 : 0.328"
"22,8 : 0.328"
"8,23 : 0.5093"
"23,8 : 0.5093"
"8,24 : 0.7118"
"24,8 : 0.7118"
"8,25 : 0.7103"
"25,8 : 0.7103"
"8,26 : 0.5315"
"26,8 : 0.5315"
"8,27 : 0.6003"
"27,8 : 0.6003"
"8,28 : 0.6586"
"28,8 : 0.6586"
"8,29 : 0.536"
"29,8 : 0.536"
"8,30 : 0.222"
"30,8 : 0.222"
"8,31 : 0.4875"
"31,8 : 0.4875"
"8,32 : 0.1942"
"32,8 : 0.1942"
"8,33 : 0.4357"
"33,8 : 0.4357"
"8,34 : 0.558"
"34,8 : 0.558"
"8,35 : 0.2062"
"35,8 : 0.2062"
"8,36 : 0.1649"
"36,8 : 0.1649"
"8,37 : 0.4657"
"37,8 : 0.4657"
"8,38 : 0.858"
"38,8 : 0.858"
"8,39 : 0.7649"
"39,8 : 0.7649"
"8,40 : 0.6364"
"40,8 : 0.6364"
"8,41 : 0.5579"
"41,8 : 0.5579"
"8,42 : 0.3561"
"42,8 : 0.3561"
"8,43 : 0.3178"
"43,8 : 0.3178"
"8,44 : 0.2818"
"44,8 : 0.2818"
"8,45 : 0.1281"
"45,8 : 0.1281"
"8,46 : 0.3635"
"46,8 : 0.3635"
"8,47 : 0.2617"
"47,8 : 0.2617"
"8,48 : 0.7669"
"48,8 : 0.7669"
"8,49 : 0.7257"
"49,8 : 0.7257"
"8,50 : 0.2335"
"50,8 : 0.2335"
"8,51 : 0.6907"
"51,8 : 0.6907"
"8,52 : 0.377"
"52,8 : 0.377"
"8,53 : 0.5324"
"53,8 : 0.5324"
"8,54 : 0.6401"
"54,8 : 0.6401"
"8,55 : 0.3354"
"55,8 : 0.3354"
"8,56 : 0.7495"
"56,8 : 0.7495"
"8,57 : 0.4148"
"57,8 : 0.4148"
"8,58 : 0.3342"
"58,8 : 0.3342"
"8,59 : 0.5984"
"59,8 : 0.5984"
"8,60 : 0.5714"
"60,8 : 0.5714"
"8,61 : 0.186"
"61,8 : 0.186"
"8,62 : 0.2081"
"62,8 : 0.2081"
"8,63 : 0.01"
"63,8 : 0.01"
"8,64 : 0.1838"
"64,8 : 0.1838"
"8,65 : 0.7306"
"65,8 : 0.7306"
"8,66 : 0.0608"
"66,8 : 0.0608"
"8,67 : 0.5025"
"67,8 : 0.5025"
"8,68 : 0.6096"
"68,8 : 0.6096"
"8,69 : 0.2961"
"69,8 : 0.2961"
"8,70 : 0.3523"
"70,8 : 0.3523"
"8,71 : 0.6414"
"71,8 : 0.6414"
"8,72 : 0.5686"
"72,8 : 0.5686"
"8,73 : 0.4249"
"73,8 : 0.4249"
"8,74 : 0.2102"
"74,8 : 0.2102"
"8,75 : 0.2377"
"75,8 : 0.2377"
"8,76 : 0.3966"
"76,8 : 0.3966"
"8,77 : 0.4001"
"77,8 : 0.4001"
"8,78 : 0.1432"
"78,8 : 0.1432"
"8,79 : 0.6992"
"79,8 : 0.6992"
"8,80 : 0.11"
"80,8 : 0.11"
"8,81 : 0.2417"
"81,8 : 0.2417"
"8,82 : 0.5728"
"82,8 : 0.5728"
"8,83 : 0.3517"
"83,8 : 0.3517"
"8,84 : 0.672"
"84,8 : 0.672"
"8,85 : 0.1746"
"85,8 : 0.1746"
"8,86 : 0.4079"
"86,8 : 0.4079"
"8,87 : 0.3324"
"87,8 : 0.3324"
"8,88 : 0.7206"
"88,8 : 0.7206"
"8,89 : 0.3828"
"89,8 : 0.3828"
"8,90 : 0.3748"
"90,8 : 0.3748"
"8,91 : 0.6648"
"91,8 : 0.6648"
"8,92 : 0.222"
"92,8 : 0.222"
"8,93 : 0.5576"
"93,8 : 0.5576"
"8,94 : 0.7569"
"94,8 : 0.7569"
"8,95 : 0.6845"
"95,8 : 0.6845"
"8,96 : 0.4187"
"96,8 : 0.4187"
"8,97 : 0.3354"
"97,8 : 0.3354"
"8,98 : 0.214"
"98,8 : 0.214"
"8,99 : 0.5108"
"99,8 : 0.5108"
"9,10 : 0.2973"
"10,9 : 0.2973"
"9,11 : 0.714"
"11,9 : 0.714"
"9,12 : 0.876"
"12,9 : 0.876"
"9,13 : 0.7566"
"13,9 : 0.7566"
"9,14 : 0.743"
"14,9 : 0.743"
"9,15 : 0.3574"
"15,9 : 0.3574"
"9,16 : 0.5644"
"16,9 : 0.5644"
"9,17 : 0.7118"
"17,9 : 0.7118"
"9,18 : 0.5284"
"18,9 : 0.5284"
"9,19 : 0.7906"
"19,9 : 0.7906"
"9,20 : 0.0632"
"20,9 : 0.0632"
"9,21 : 0.4295"
"21,9 : 0.4295"
"9,22 : 0.4968"
"22,9 : 0.4968"
"9,23 : 0.679"
"23,9 : 0.679"
"9,24 : 0.7885"
"24,9 : 0.7885"
"9,25 : 0.878"
"25,9 : 0.878"
"9,26 : 0.6549"
"26,9 : 0.6549"
"9,27 : 0.7269"
"27,9 : 0.7269"
"9,28 : 0.8281"
"28,9 : 0.8281"
"9,29 : 0.6512"
"29,9 : 0.6512"
"9,30 : 0.3905"
"30,9 : 0.3905"
"9,31 : 0.5672"
"31,9 : 0.5672"
"9,32 : 0.3489"
"32,9 : 0.3489"
"9,33 : 0.5523"
"33,9 : 0.5523"
"9,34 : 0.7262"
"34,9 : 0.7262"
"9,35 : 0.2532"
"35,9 : 0.2532"
"9,36 : 0.3225"
"36,9 : 0.3225"
"9,37 : 0.6185"
"37,9 : 0.6185"
"9,38 : 1.0273"
"38,9 : 1.0273"
"9,39 : 0.9343"
"39,9 : 0.9343"
"9,40 : 0.7506"
"40,9 : 0.7506"
"9,41 : 0.7094"
"41,9 : 0.7094"
"9,42 : 0.1887"
"42,9 : 0.1887"
"9,43 : 0.4329"
"43,9 : 0.4329"
"9,44 : 0.1304"
"44,9 : 0.1304"
"9,45 : 0.0447"
"45,9 : 0.0447"
"9,46 : 0.4851"
"46,9 : 0.4851"
"9,47 : 0.3158"
"47,9 : 0.3158"
"9,48 : 0.8709"
"48,9 : 0.8709"
"9,49 : 0.8728"
"49,9 : 0.8728"
"9,50 : 0.136"
"50,9 : 0.136"
"9,51 : 0.858"
"51,9 : 0.858"
"9,52 : 0.5371"
"52,9 : 0.5371"
"9,53 : 0.6719"
"53,9 : 0.6719"
"9,54 : 0.8045"
"54,9 : 0.8045"
"9,55 : 0.4847"
"55,9 : 0.4847"
"9,56 : 0.9153"
"56,9 : 0.9153"
"9,57 : 0.5201"
"57,9 : 0.5201"
"9,58 : 0.3585"
"58,9 : 0.3585"
"9,59 : 0.7103"
"59,9 : 0.7103"
"9,60 : 0.7083"
"60,9 : 0.7083"
"9,61 : 0.3547"
"61,9 : 0.3547"
"9,62 : 0.2452"
"62,9 : 0.2452"
"9,63 : 0.1769"
"63,9 : 0.1769"
"9,64 : 0.0707"
"64,9 : 0.0707"
"9,65 : 0.8631"
"65,9 : 0.8631"
"9,66 : 0.222"
"66,9 : 0.222"
"9,67 : 0.5235"
"67,9 : 0.5235"
"9,68 : 0.779"
"68,9 : 0.779"
"9,69 : 0.1803"
"69,9 : 0.1803"
"9,70 : 0.4768"
"70,9 : 0.4768"
"9,71 : 0.7021"
"71,9 : 0.7021"
"9,72 : 0.7295"
"72,9 : 0.7295"
"9,73 : 0.4046"
"73,9 : 0.4046"
"9,74 : 0.0762"
"74,9 : 0.0762"
"9,75 : 0.3936"
"75,9 : 0.3936"
"9,76 : 0.2326"
"76,9 : 0.2326"
"9,77 : 0.5315"
"77,9 : 0.5315"
"9,78 : 0.3081"
"78,9 : 0.3081"
"9,79 : 0.8523"
"79,9 : 0.8523"
"9,80 : 0.2594"
"80,9 : 0.2594"
"9,81 : 0.102"
"81,9 : 0.102"
"9,82 : 0.6712"
"82,9 : 0.6712"
"9,83 : 0.461"
"83,9 : 0.461"
"9,84 : 0.8402"
"84,9 : 0.8402"
"9,85 : 0.0943"
"85,9 : 0.0943"
"9,86 : 0.2828"
"86,9 : 0.2828"
"9,87 : 0.4875"
"87,9 : 0.4875"
"9,88 : 0.8533"
"88,9 : 0.8533"
"9,89 : 0.4801"
"89,9 : 0.4801"
"9,90 : 0.5445"
"90,9 : 0.5445"
"9,91 : 0.8345"
"91,9 : 0.8345"
"9,92 : 0.3002"
"92,9 : 0.3002"
"9,93 : 0.7242"
"93,9 : 0.7242"
"9,94 : 0.8538"
"94,9 : 0.8538"
"9,95 : 0.7593"
"95,9 : 0.7593"
"9,96 : 0.588"
"96,9 : 0.588"
"9,97 : 0.4211"
"97,9 : 0.4211"
"9,98 : 0.2902"
"98,9 : 0.2902"
"9,99 : 0.6712"
"99,9 : 0.6712"
"10,11 : 0.9762"
"11,10 : 0.9762"
"10,12 : 0.93"
"12,10 : 0.93"
"10,13 : 1.0"
"13,10 : 1.0"
"10,14 : 1.0375"
"14,10 : 1.0375"
"10,15 : 0.6546"
"15,10 : 0.6546"
"10,16 : 0.7471"
"16,10 : 0.7471"
"10,17 : 0.842"
"17,10 : 0.842"
"10,18 : 0.7779"
"18,10 : 0.7779"
"10,19 : 0.8505"
"19,10 : 0.8505"
"10,20 : 0.2341"
"20,10 : 0.2341"
"10,21 : 0.5001"
"21,10 : 0.5001"
"10,22 : 0.7823"
"22,10 : 0.7823"
"10,23 : 0.958"
"23,10 : 0.958"
"10,24 : 0.8769"
"24,10 : 0.8769"
"10,25 : 1.165"
"25,10 : 1.165"
"10,26 : 0.8319"
"26,10 : 0.8319"
"10,27 : 0.9038"
"27,10 : 0.9038"
"10,28 : 1.108"
"28,10 : 1.108"
"10,29 : 0.8154"
"29,10 : 0.8154"
"10,30 : 0.664"
"30,10 : 0.664"
"10,31 : 0.8401"
"31,10 : 0.8401"
"10,32 : 0.6447"
"32,10 : 0.6447"
"10,33 : 0.729"
"33,10 : 0.729"
"10,34 : 1.0124"
"34,10 : 1.0124"
"10,35 : 0.4244"
"35,10 : 0.4244"
"10,36 : 0.6174"
"36,10 : 0.6174"
"10,37 : 0.9155"
"37,10 : 0.9155"
"10,38 : 1.2956"
"38,10 : 1.2956"
"10,39 : 1.214"
"39,10 : 1.214"
"10,40 : 0.9048"
"40,10 : 0.9048"
"10,41 : 1.0066"
"41,10 : 1.0066"
"10,42 : 0.12"
"42,10 : 0.12"
"10,43 : 0.7257"
"43,10 : 0.7257"
"10,44 : 0.1749"
"44,10 : 0.1749"
"10,45 : 0.3311"
"45,10 : 0.3311"
"10,46 : 0.6774"
"46,10 : 0.6774"
"10,47 : 0.5914"
"47,10 : 0.5914"
"10,48 : 0.9992"
"48,10 : 0.9992"
"10,49 : 1.0805"
"49,10 : 1.0805"
"10,50 : 0.3601"
"50,10 : 0.3601"
"10,51 : 1.1172"
"51,10 : 1.1172"
"10,52 : 0.8319"
"52,10 : 0.8319"
"10,53 : 0.9684"
"53,10 : 0.9684"
"10,54 : 1.0966"
"54,10 : 1.0966"
"10,55 : 0.7819"
"55,10 : 0.7819"
"10,56 : 1.1678"
"56,10 : 1.1678"
"10,57 : 0.6845"
"57,10 : 0.6845"
"10,58 : 0.4522"
"58,10 : 0.4522"
"10,59 : 0.8638"
"59,10 : 0.8638"
"10,60 : 0.9043"
"60,10 : 0.9043"
"10,61 : 0.6301"
"61,10 : 0.6301"
"10,62 : 0.4105"
"62,10 : 0.4105"
"10,63 : 0.4614"
"63,10 : 0.4614"
"10,64 : 0.2746"
"64,10 : 0.2746"
"10,65 : 1.0428"
"65,10 : 1.0428"
"10,66 : 0.5143"
"66,10 : 0.5143"
"10,67 : 0.5608"
"67,10 : 0.5608"
"10,68 : 1.05"
"68,10 : 1.05"
"10,69 : 0.1942"
"69,10 : 0.1942"
"10,70 : 0.7713"
"70,10 : 0.7713"
"10,71 : 0.7732"
"71,10 : 0.7732"
"10,72 : 1.0242"
"72,10 : 1.0242"
"10,73 : 0.4105"
"73,10 : 0.4105"
"10,74 : 0.3114"
"74,10 : 0.3114"
"10,75 : 0.6894"
"75,10 : 0.6894"
"10,76 : 0.07"
"76,10 : 0.07"
"10,77 : 0.7325"
"77,10 : 0.7325"
"10,78 : 0.578"
"78,10 : 0.578"
"10,79 : 1.0734"
"79,10 : 1.0734"
"10,80 : 0.5554"
"80,10 : 0.5554"
"10,81 : 0.3"
"81,10 : 0.3"
"10,82 : 0.9519"
"82,10 : 0.9519"
"10,83 : 0.7513"
"83,10 : 0.7513"
"10,84 : 1.1261"
"84,10 : 1.1261"
"10,85 : 0.2921"
"85,10 : 0.2921"
"10,86 : 0.14"
"86,10 : 0.14"
"10,87 : 0.7839"
"87,10 : 0.7839"
"10,88 : 1.0337"
"88,10 : 1.0337"
"10,89 : 0.7653"
"89,10 : 0.7653"
"10,90 : 0.8242"
"90,10 : 0.8242"
"10,91 : 1.1089"
"91,10 : 1.1089"
"10,92 : 0.4826"
"92,10 : 0.4826"
"10,93 : 1.0136"
"93,10 : 1.0136"
"10,94 : 0.9708"
"94,10 : 0.9708"
"10,95 : 0.8472"
"95,10 : 0.8472"
"10,96 : 0.8605"
"96,10 : 0.8605"
"10,97 : 0.7035"
"97,10 : 0.7035"
"10,98 : 0.4743"
"98,10 : 0.4743"
"10,99 : 0.9661"
"99,10 : 0.9661"
"11,12 : 0.7561"
"12,11 : 0.7561"
"11,13 : 0.1082"
"13,11 : 0.1082"
"11,14 : 0.3041"
"14,11 : 0.3041"
"11,15 : 0.4687"
"15,11 : 0.4687"
"11,16 : 0.3601"
"16,11 : 0.3601"
"11,17 : 0.5"
"17,11 : 0.5"
"11,18 : 0.2025"
"18,11 : 0.2025"
"11,19 : 0.7034"
"19,11 : 0.7034"
"11,20 : 0.7669"
"20,11 : 0.7669"
"11,21 : 0.636"
"21,11 : 0.636"
"11,22 : 0.255"
"22,11 : 0.255"
"11,23 : 0.1166"
"23,11 : 0.1166"
"11,24 : 0.6325"
"24,11 : 0.6325"
"11,25 : 0.2729"
"25,11 : 0.2729"
"11,26 : 0.359"
"26,11 : 0.359"
"11,27 : 0.3625"
"27,11 : 0.3625"
"11,28 : 0.1803"
"28,11 : 0.1803"
"11,29 : 0.3981"
"29,11 : 0.3981"
"11,30 : 0.3245"
"30,11 : 0.3245"
"11,31 : 0.6727"
"31,11 : 0.6727"
"11,32 : 0.4272"
"32,11 : 0.4272"
"11,33 : 0.3805"
"33,11 : 0.3805"
"11,34 : 0.1844"
"34,11 : 0.1844"
"11,35 : 0.5686"
"35,11 : 0.5686"
"11,36 : 0.4366"
"36,11 : 0.4366"
"11,37 : 0.3585"
"37,11 : 0.3585"
"11,38 : 0.3202"
"38,11 : 0.3202"
"11,39 : 0.2668"
"39,11 : 0.2668"
"11,40 : 0.4386"
"40,11 : 0.4386"
"11,41 : 0.386"
"41,11 : 0.386"
"11,42 : 0.8927"
"42,11 : 0.8927"
"11,43 : 0.52"
"43,11 : 0.52"
"11,44 : 0.8062"
"44,11 : 0.8062"
"11,45 : 0.6701"
"45,11 : 0.6701"
"11,46 : 0.3711"
"46,11 : 0.3711"
"11,47 : 0.6413"
"47,11 : 0.6413"
"11,48 : 0.5576"
"48,11 : 0.5576"
"11,49 : 0.3053"
"49,11 : 0.3053"
"11,50 : 0.7648"
"50,11 : 0.7648"
"11,51 : 0.1442"
"51,11 : 0.1442"
"11,52 : 0.3126"
"52,11 : 0.3126"
"11,53 : 0.4565"
"53,11 : 0.4565"
"11,54 : 0.2865"
"54,11 : 0.2865"
"11,55 : 0.3905"
"55,11 : 0.3905"
"11,56 : 0.2062"
"56,11 : 0.2062"
"11,57 : 0.423"
"57,11 : 0.423"
"11,58 : 0.6185"
"58,11 : 0.6185"
"11,59 : 0.4332"
"59,11 : 0.4332"
"11,60 : 0.2955"
"60,11 : 0.2955"
"11,61 : 0.3606"
"61,11 : 0.3606"
"11,62 : 0.5825"
"62,11 : 0.5825"
"11,63 : 0.5382"
"63,11 : 0.5382"
"11,64 : 0.7077"
"64,11 : 0.7077"
"11,65 : 0.396"
"65,11 : 0.396"
"11,66 : 0.5061"
"66,11 : 0.5061"
"11,67 : 0.6888"
"67,11 : 0.6888"
"11,68 : 0.0906"
"68,11 : 0.0906"
"11,69 : 0.7875"
"69,11 : 0.7875"
"11,70 : 0.4916"
"70,11 : 0.4916"
"11,71 : 0.6478"
"71,11 : 0.6478"
"11,72 : 0.3041"
"72,11 : 0.3041"
"11,73 : 0.7374"
"73,11 : 0.7374"
"11,74 : 0.7547"
"74,11 : 0.7547"
"11,75 : 0.3981"
"75,11 : 0.3981"
"11,76 : 0.9266"
"76,11 : 0.9266"
"11,77 : 0.3239"
"77,11 : 0.3239"
"11,78 : 0.4061"
"78,11 : 0.4061"
"11,79 : 0.246"
"79,11 : 0.246"
"11,80 : 0.4924"
"80,11 : 0.4924"
"11,81 : 0.7855"
"81,11 : 0.7855"
"11,82 : 0.6555"
"82,11 : 0.6555"
"11,83 : 0.5408"
"83,11 : 0.5408"
"11,84 : 0.2354"
"84,11 : 0.2354"
"11,85 : 0.6859"
"85,11 : 0.6859"
"11,86 : 0.886"
"86,11 : 0.886"
"11,87 : 0.3601"
"87,11 : 0.3601"
"11,88 : 0.389"
"88,11 : 0.389"
"11,89 : 0.5822"
"89,11 : 0.5822"
"11,90 : 0.1942"
"90,11 : 0.1942"
"11,91 : 0.153"
"91,11 : 0.153"
"11,92 : 0.5162"
"92,11 : 0.5162"
"11,93 : 0.2193"
"93,11 : 0.2193"
"11,94 : 0.5818"
"94,11 : 0.5818"
"11,95 : 0.6236"
"95,11 : 0.6236"
"11,96 : 0.136"
"96,11 : 0.136"
"11,97 : 0.6001"
"97,11 : 0.6001"
"11,98 : 0.5215"
"98,11 : 0.5215"
"11,99 : 0.2968"
"99,11 : 0.2968"
"12,13 : 0.6719"
"13,12 : 0.6719"
"12,14 : 1.042"
"14,12 : 1.042"
"12,15 : 0.9502"
"15,12 : 0.9502"
"12,16 : 0.442"
"16,12 : 0.442"
"12,17 : 0.2594"
"17,12 : 0.2594"
"12,18 : 0.6546"
"18,12 : 0.6546"
"12,19 : 0.0854"
"19,12 : 0.0854"
"12,20 : 0.878"
"20,12 : 0.878"
"12,21 : 0.4512"
"21,12 : 0.4512"
"12,22 : 0.8341"
"22,12 : 0.8341"
"12,23 : 0.85"
"23,12 : 0.85"
"12,24 : 0.1253"
"24,12 : 0.1253"
"12,25 : 1.0249"
"25,12 : 1.0249"
"12,26 : 0.4025"
"26,12 : 0.4025"
"12,27 : 0.3956"
"27,12 : 0.3956"
"12,28 : 0.9301"
"28,12 : 0.9301"
"12,29 : 0.3672"
"29,12 : 0.3672"
"12,30 : 0.7495"
"30,12 : 0.7495"
"12,31 : 1.2458"
"31,12 : 1.2458"
"12,32 : 0.8927"
"32,12 : 0.8927"
"12,33 : 0.4328"
"33,12 : 0.4328"
"12,34 : 0.9311"
"34,12 : 0.9311"
"12,35 : 0.6277"
"35,12 : 0.6277"
"12,36 : 0.8732"
"36,12 : 0.8732"
"12,37 : 1.0347"
"37,12 : 1.0347"
"12,38 : 0.9619"
"38,12 : 0.9619"
"12,39 : 0.9904"
"39,12 : 0.9904"
"12,40 : 0.3202"
"40,12 : 0.3202"
"12,41 : 1.0993"
"41,12 : 1.0993"
"12,42 : 0.9377"
"42,12 : 0.9377"
"12,43 : 1.0548"
"43,12 : 1.0548"
"12,44 : 0.8533"
"44,12 : 0.8533"
"12,45 : 0.845"
"45,12 : 0.845"
"12,46 : 0.495"
"46,12 : 0.495"
"12,47 : 1.0678"
"47,12 : 1.0678"
"12,48 : 0.2433"
"48,12 : 0.2433"
"12,49 : 0.55"
"49,12 : 0.55"
"12,50 : 1.0066"
"50,12 : 1.0066"
"12,51 : 0.8023"
"51,12 : 0.8023"
"12,52 : 0.942"
"52,12 : 0.942"
"12,53 : 1.1404"
"53,12 : 1.1404"
"12,54 : 1.04"
"54,12 : 1.04"
"12,55 : 0.9774"
"55,12 : 0.9774"
"12,56 : 0.7931"
"56,12 : 0.7931"
"12,57 : 0.4245"
"57,12 : 0.4245"
"12,58 : 0.5192"
"58,12 : 0.5192"
"12,59 : 0.3231"
"59,12 : 0.3231"
"12,60 : 0.4617"
"60,12 : 0.4617"
"12,61 : 0.7574"
"61,12 : 0.7574"
"12,62 : 0.6332"
"62,12 : 0.6332"
"12,63 : 0.8062"
"63,12 : 0.8062"
"12,64 : 0.8132"
"64,12 : 0.8132"
"12,65 : 0.4305"
"65,12 : 0.4305"
"12,66 : 0.8376"
"66,12 : 0.8376"
"12,67 : 0.3712"
"67,12 : 0.3712"
"12,68 : 0.8382"
"68,12 : 0.8382"
"12,69 : 0.7778"
"69,12 : 0.7778"
"12,70 : 1.0607"
"70,12 : 1.0607"
"12,71 : 0.1746"
"71,12 : 0.1746"
"12,72 : 1.0377"
"72,12 : 1.0377"
"12,73 : 0.5204"
"73,12 : 0.5204"
"12,74 : 0.9519"
"74,12 : 0.9519"
"12,75 : 0.9052"
"75,12 : 0.9052"
"12,76 : 0.9326"
"76,12 : 0.9326"
"12,77 : 0.4982"
"77,12 : 0.4982"
"12,78 : 0.7403"
"78,12 : 0.7403"
"12,79 : 0.6013"
"79,12 : 0.6013"
"12,80 : 0.8742"
"80,12 : 0.8742"
"12,81 : 0.9772"
"81,12 : 0.9772"
"12,82 : 1.2882"
"82,12 : 1.2882"
"12,83 : 1.0898"
"83,12 : 1.0898"
"12,84 : 0.9898"
"84,12 : 0.9898"
"12,85 : 0.7845"
"85,12 : 0.7845"
"12,86 : 0.79"
"86,12 : 0.79"
"12,87 : 0.9502"
"87,12 : 0.9502"
"12,88 : 0.4301"
"88,12 : 0.4301"
"12,89 : 1.1328"
"89,12 : 1.1328"
"12,90 : 0.8071"
"90,12 : 0.8071"
"12,91 : 0.8902"
"91,12 : 0.8902"
"12,92 : 0.5948"
"92,12 : 0.5948"
"12,93 : 0.9618"
"93,12 : 0.9618"
"12,94 : 0.201"
"94,12 : 0.201"
"12,95 : 0.1421"
"95,12 : 0.1421"
"12,96 : 0.7752"
"96,12 : 0.7752"
"12,97 : 1.1089"
"97,12 : 1.1089"
"12,98 : 0.6037"
"98,12 : 0.6037"
"12,99 : 1.0085"
"99,12 : 1.0085"
"13,14 : 0.4104"
"14,13 : 0.4104"
"13,15 : 0.5508"
"15,13 : 0.5508"
"13,16 : 0.3162"
"16,13 : 0.3162"
"13,17 : 0.423"
"17,13 : 0.423"
"13,18 : 0.2283"
"18,13 : 0.2283"
"13,19 : 0.6265"
"19,13 : 0.6265"
"13,20 : 0.8045"
"20,13 : 0.8045"
"13,21 : 0.6127"
"21,13 : 0.6127"
"13,22 : 0.3401"
"22,13 : 0.3401"
"13,23 : 0.2247"
