x,y
0.48,0.61
0.54,0.65
0.61,0.35
0.93,0.6
0.01,0.72
0.67,0.81
0.74,0.7
0.27,0.99
0.85,0.93
0.39,0.44
0.32,0.61
0.13,0.25
0.35,0.18
0.78,0.42
0.67,0.3
0.4,0.9
0.08,0.41
0.18,0.4
0.47,0.05
0.84,0.5
0.21,0.87
0.68,0.68
0.23,0.97
0.39,0.82
0.85,0.79
0.97,0.68
0.92,0.37
0.55,0.88
0.47,0.75
0.87,0.69
0.6,0.89
0.59,0.44
0.52,0.88
0.84,0.42
0.81,0.17
0.84,0.59
0.08,0.47
0.11,0.32
0.46,0.59
0.01,0.89
0.28,0.09
0.9,0.71
0.8,0.89
0.62,0.74
0.69,0.96
0.72,0.26
0.17,0.86
0.86,0.86
0.28,0.25
0.59,0.02
0.14,0.99
0.72,0.39
0.87,0.3
0.53,0.0
0.23,0.68
0.05,0.52
0.42,0.25
0.17,0.06
0.45,0.05
0.78,0.6
0.16,0.16
0.92,0.84
0.38,0.91
0.71,0.59
0.46,0.28
0.86,0.05
0.65,0.2
0.04,0.69
0.92,0.75
0.74,0.85
0.61,0.47
0.75,0.04
0.84,0.53
0.95,0.12
0.18,0.07
0.81,0.36
0.08,0.83
0.54,0.8
0.48,0.44
0.48,0.63
0.33,0.81
0.9,0.01
0.59,0.87
0.93,0.87
0.55,0.87
0.77,0.67
0.9,0.1
0.08,0.05
0.23,0.28
0.02,0.24
0.26,0.33
0.22,0.21
0.42,0.59
0.52,0.22
0.14,0.96
0.55,0.88
0.23,0.67
0.7,0.59
0.76,0.79
0.47,0.87

Distanze
"0,1 : 0.0721"
"1,0 : 0.0721"
"0,2 : 0.2907"
"2,0 : 0.2907"
"0,3 : 0.4501"
"3,0 : 0.4501"
"0,4 : 0.4827"
"4,0 : 0.4827"
"0,5 : 0.2759"
"5,0 : 0.2759"
"0,6 : 0.2751"
"6,0 : 0.2751"
"0,7 : 0.4342"
"7,0 : 0.4342"
"0,8 : 0.4892"
"8,0 : 0.4892"
"0,9 : 0.1924"
"9,0 : 0.1924"
"0,10 : 0.16"
"10,0 : 0.16"
"0,11 : 0.5021"
"11,0 : 0.5021"
"0,12 : 0.4492"
"12,0 : 0.4492"
"0,13 : 0.3551"
"13,0 : 0.3551"
"0,14 : 0.3636"
"14,0 : 0.3636"
"0,15 : 0.3008"
"15,0 : 0.3008"
"0,16 : 0.4472"
"16,0 : 0.4472"
"0,17 : 0.3662"
"17,0 : 0.3662"
"0,18 : 0.5601"
"18,0 : 0.5601"
"0,19 : 0.3764"
"19,0 : 0.3764"
"0,20 : 0.3748"
"20,0 : 0.3748"
"0,21 : 0.2119"
"21,0 : 0.2119"
"0,22 : 0.4383"
"22,0 : 0.4383"
"0,23 : 0.2285"
"23,0 : 0.2285"
"0,24 : 0.4115"
"24,0 : 0.4115"
"0,25 : 0.495"
"25,0 : 0.495"
"0,26 : 0.5012"
"26,0 : 0.5012"
"0,27 : 0.2789"
"27,0 : 0.2789"
"0,28 : 0.1404"
"28,0 : 0.1404"
"0,29 : 0.3981"
"29,0 : 0.3981"
"0,30 : 0.3046"
"30,0 : 0.3046"
"0,31 : 0.2025"
"31,0 : 0.2025"
"0,32 : 0.2729"
"32,0 : 0.2729"
"0,33 : 0.4071"
"33,0 : 0.4071"
"0,34 : 0.55"
"34,0 : 0.55"
"0,35 : 0.3606"
"35,0 : 0.3606"
"0,36 : 0.4238"
"36,0 : 0.4238"
"0,37 : 0.4701"
"37,0 : 0.4701"
"0,38 : 0.0283"
"38,0 : 0.0283"
"0,39 : 0.5471"
"39,0 : 0.5471"
"0,40 : 0.5571"
"40,0 : 0.5571"
"0,41 : 0.4317"
"41,0 : 0.4317"
"0,42 : 0.4252"
"42,0 : 0.4252"
"0,43 : 0.191"
"43,0 : 0.191"
"0,44 : 0.4082"
"44,0 : 0.4082"
"0,45 : 0.4244"
"45,0 : 0.4244"
"0,46 : 0.3982"
"46,0 : 0.3982"
"0,47 : 0.4549"
"47,0 : 0.4549"
"0,48 : 0.4118"
"48,0 : 0.4118"
"0,49 : 0.6002"
"49,0 : 0.6002"
"0,50 : 0.5099"
"50,0 : 0.5099"
"0,51 : 0.3256"
"51,0 : 0.3256"
"0,52 : 0.4982"
"52,0 : 0.4982"
"0,53 : 0.612"
"53,0 : 0.612"
"0,54 : 0.2596"
"54,0 : 0.2596"
"0,55 : 0.4393"
"55,0 : 0.4393"
"0,56 : 0.365"
"56,0 : 0.365"
"0,57 : 0.6313"
"57,0 : 0.6313"
"0,58 : 0.5608"
"58,0 : 0.5608"
"0,59 : 0.3002"
"59,0 : 0.3002"
"0,60 : 0.5522"
"60,0 : 0.5522"
"0,61 : 0.4965"
"61,0 : 0.4965"
"0,62 : 0.3162"
"62,0 : 0.3162"
"0,63 : 0.2309"
"63,0 : 0.2309"
"0,64 : 0.3306"
"64,0 : 0.3306"
"0,65 : 0.6768"
"65,0 : 0.6768"
"0,66 : 0.4438"
"66,0 : 0.4438"
"0,67 : 0.4472"
"67,0 : 0.4472"
"0,68 : 0.4617"
"68,0 : 0.4617"
"0,69 : 0.3538"
"69,0 : 0.3538"
"0,70 : 0.191"
"70,0 : 0.191"
"0,71 : 0.6307"
"71,0 : 0.6307"
"0,72 : 0.3688"
"72,0 : 0.3688"
"0,73 : 0.679"
"73,0 : 0.679"
"0,74 : 0.6177"
"74,0 : 0.6177"
"0,75 : 0.414"
"75,0 : 0.414"
"0,76 : 0.4565"
"76,0 : 0.4565"
"0,77 : 0.1992"
"77,0 : 0.1992"
"0,78 : 0.17"
"78,0 : 0.17"
"0,79 : 0.02"
"79,0 : 0.02"
"0,80 : 0.25"
"80,0 : 0.25"
"0,81 : 0.7324"
"81,0 : 0.7324"
"0,82 : 0.2823"
"82,0 : 0.2823"
"0,83 : 0.5197"
"83,0 : 0.5197"
"0,84 : 0.2693"
"84,0 : 0.2693"
"0,85 : 0.2961"
"85,0 : 0.2961"
"0,86 : 0.6607"
"86,0 : 0.6607"
"0,87 : 0.6882"
"87,0 : 0.6882"
"0,88 : 0.414"
"88,0 : 0.414"
"0,89 : 0.5903"
"89,0 : 0.5903"
"0,90 : 0.3561"
"90,0 : 0.3561"
"0,91 : 0.4771"
"91,0 : 0.4771"
"0,92 : 0.0632"
"92,0 : 0.0632"
"0,93 : 0.392"
"93,0 : 0.392"
"0,94 : 0.488"
"94,0 : 0.488"
"0,95 : 0.2789"
"95,0 : 0.2789"
"0,96 : 0.2571"
"96,0 : 0.2571"
"0,97 : 0.2209"
"97,0 : 0.2209"
"0,98 : 0.3329"
"98,0 : 0.3329"
"0,99 : 0.2602"
"99,0 : 0.2602"
"1,2 : 0.3081"
"2,1 : 0.3081"
"1,3 : 0.3932"
"3,1 : 0.3932"
"1,4 : 0.5346"
"4,1 : 0.5346"
"1,5 : 0.2062"
"5,1 : 0.2062"
"1,6 : 0.2062"
"6,1 : 0.2062"
"1,7 : 0.4342"
"7,1 : 0.4342"
"1,8 : 0.4177"
"8,1 : 0.4177"
"1,9 : 0.2581"
"9,1 : 0.2581"
"1,10 : 0.2236"
"10,1 : 0.2236"
"1,11 : 0.5728"
"11,1 : 0.5728"
"1,12 : 0.507"
"12,1 : 0.507"
"1,13 : 0.3324"
"13,1 : 0.3324"
"1,14 : 0.3734"
"14,1 : 0.3734"
"1,15 : 0.2865"
"15,1 : 0.2865"
"1,16 : 0.5188"
"16,1 : 0.5188"
"1,17 : 0.4383"
"17,1 : 0.4383"
"1,18 : 0.6041"
"18,1 : 0.6041"
"1,19 : 0.3354"
"19,1 : 0.3354"
"1,20 : 0.3966"
"20,1 : 0.3966"
"1,21 : 0.1432"
"21,1 : 0.1432"
"1,22 : 0.4455"
"22,1 : 0.4455"
"1,23 : 0.2267"
"23,1 : 0.2267"
"1,24 : 0.3401"
"24,1 : 0.3401"
"1,25 : 0.431"
"25,1 : 0.431"
"1,26 : 0.472"
"26,1 : 0.472"
"1,27 : 0.2302"
"27,1 : 0.2302"
"1,28 : 0.1221"
"28,1 : 0.1221"
"1,29 : 0.3324"
"29,1 : 0.3324"
"1,30 : 0.2474"
"30,1 : 0.2474"
"1,31 : 0.2159"
"31,1 : 0.2159"
"1,32 : 0.2309"
"32,1 : 0.2309"
"1,33 : 0.378"
"33,1 : 0.378"
"1,34 : 0.5507"
"34,1 : 0.5507"
"1,35 : 0.3059"
"35,1 : 0.3059"
"1,36 : 0.494"
"36,1 : 0.494"
"1,37 : 0.542"
"37,1 : 0.542"
"1,38 : 0.1"
"38,1 : 0.1"
"1,39 : 0.5818"
"39,1 : 0.5818"
"1,40 : 0.6174"
"40,1 : 0.6174"
"1,41 : 0.365"
"41,1 : 0.365"
"1,42 : 0.3538"
"42,1 : 0.3538"
"1,43 : 0.1204"
"43,1 : 0.1204"
"1,44 : 0.3444"
"44,1 : 0.3444"
"1,45 : 0.4295"
"45,1 : 0.4295"
"1,46 : 0.4254"
"46,1 : 0.4254"
"1,47 : 0.3828"
"47,1 : 0.3828"
"1,48 : 0.4771"
"48,1 : 0.4771"
"1,49 : 0.632"
"49,1 : 0.632"
"1,50 : 0.525"
"50,1 : 0.525"
"1,51 : 0.3162"
"51,1 : 0.3162"
"1,52 : 0.481"
"52,1 : 0.481"
"1,53 : 0.6501"
"53,1 : 0.6501"
"1,54 : 0.3114"
"54,1 : 0.3114"
"1,55 : 0.507"
"55,1 : 0.507"
"1,56 : 0.4176"
"56,1 : 0.4176"
"1,57 : 0.6964"
"57,1 : 0.6964"
"1,58 : 0.6067"
"58,1 : 0.6067"
"1,59 : 0.2452"
"59,1 : 0.2452"
"1,60 : 0.6201"
"60,1 : 0.6201"
"1,61 : 0.4249"
"61,1 : 0.4249"
"1,62 : 0.3053"
"62,1 : 0.3053"
"1,63 : 0.1803"
"63,1 : 0.1803"
"1,64 : 0.3785"
"64,1 : 0.3785"
"1,65 : 0.68"
"65,1 : 0.68"
"1,66 : 0.4632"
"66,1 : 0.4632"
"1,67 : 0.5016"
"67,1 : 0.5016"
"1,68 : 0.3929"
"68,1 : 0.3929"
"1,69 : 0.2828"
"69,1 : 0.2828"
"1,70 : 0.1931"
"70,1 : 0.1931"
"1,71 : 0.6451"
"71,1 : 0.6451"
"1,72 : 0.3231"
"72,1 : 0.3231"
"1,73 : 0.6701"
"73,1 : 0.6701"
"1,74 : 0.6826"
"74,1 : 0.6826"
"1,75 : 0.3962"
"75,1 : 0.3962"
"1,76 : 0.494"
"76,1 : 0.494"
"1,77 : 0.15"
"77,1 : 0.15"
"1,78 : 0.2184"
"78,1 : 0.2184"
"1,79 : 0.0632"
"79,1 : 0.0632"
"1,80 : 0.264"
"80,1 : 0.264"
"1,81 : 0.7343"
"81,1 : 0.7343"
"1,82 : 0.2256"
"82,1 : 0.2256"
"1,83 : 0.4478"
"83,1 : 0.4478"
"1,84 : 0.2202"
"84,1 : 0.2202"
"1,85 : 0.2309"
"85,1 : 0.2309"
"1,86 : 0.6573"
"86,1 : 0.6573"
"1,87 : 0.756"
"87,1 : 0.756"
"1,88 : 0.4827"
"88,1 : 0.4827"
"1,89 : 0.6622"
"89,1 : 0.6622"
"1,90 : 0.4252"
"90,1 : 0.4252"
"1,91 : 0.5441"
"91,1 : 0.5441"
"1,92 : 0.1342"
"92,1 : 0.1342"
"1,93 : 0.4305"
"93,1 : 0.4305"
"1,94 : 0.5061"
"94,1 : 0.5061"
"1,95 : 0.2302"
"95,1 : 0.2302"
"1,96 : 0.3106"
"96,1 : 0.3106"
"1,97 : 0.1709"
"97,1 : 0.1709"
"1,98 : 0.2608"
"98,1 : 0.2608"
"1,99 : 0.2309"
"99,1 : 0.2309"
"2,3 : 0.4061"
"3,2 : 0.4061"
"2,4 : 0.7049"
"4,2 : 0.7049"
"2,5 : 0.4639"
"5,2 : 0.4639"
"2,6 : 0.3734"
"6,2 : 0.3734"
"2,7 : 0.7247"
"7,2 : 0.7247"
"2,8 : 0.6277"
"8,2 : 0.6277"
"2,9 : 0.2377"
"9,2 : 0.2377"
"2,10 : 0.3895"
"10,2 : 0.3895"
"2,11 : 0.4903"
"11,2 : 0.4903"
"2,12 : 0.3106"
"12,2 : 0.3106"
"2,13 : 0.1838"
"13,2 : 0.1838"
"2,14 : 0.0781"
"14,2 : 0.0781"
"2,15 : 0.5887"
"15,2 : 0.5887"
"2,16 : 0.5334"
"16,2 : 0.5334"
"2,17 : 0.4329"
"17,2 : 0.4329"
"2,18 : 0.3311"
"18,2 : 0.3311"
"2,19 : 0.2746"
"19,2 : 0.2746"
"2,20 : 0.656"
"20,2 : 0.656"
"2,21 : 0.3373"
"21,2 : 0.3373"
"2,22 : 0.7272"
"22,2 : 0.7272"
"2,23 : 0.5189"
"23,2 : 0.5189"
"2,24 : 0.5012"
"24,2 : 0.5012"
"2,25 : 0.4884"
"25,2 : 0.4884"
"2,26 : 0.3106"
"26,2 : 0.3106"
"2,27 : 0.5334"
"27,2 : 0.5334"
"2,28 : 0.4238"
"28,2 : 0.4238"
"2,29 : 0.428"
"29,2 : 0.428"
"2,30 : 0.5401"
"30,2 : 0.5401"
"2,31 : 0.0922"
"31,2 : 0.0922"
"2,32 : 0.5376"
"32,2 : 0.5376"
"2,33 : 0.2404"
"33,2 : 0.2404"
"2,34 : 0.2691"
"34,2 : 0.2691"
"2,35 : 0.3324"
"35,2 : 0.3324"
"2,36 : 0.5434"
"36,2 : 0.5434"
"2,37 : 0.5009"
"37,2 : 0.5009"
"2,38 : 0.283"
"38,2 : 0.283"
"2,39 : 0.8072"
"39,2 : 0.8072"
"2,40 : 0.4201"
"40,2 : 0.4201"
"2,41 : 0.4623"
"41,2 : 0.4623"
"2,42 : 0.5725"
"42,2 : 0.5725"
"2,43 : 0.3901"
"43,2 : 0.3901"
"2,44 : 0.6152"
"44,2 : 0.6152"
"2,45 : 0.1421"
"45,2 : 0.1421"
"2,46 : 0.6736"
"46,2 : 0.6736"
"2,47 : 0.568"
"47,2 : 0.568"
"2,48 : 0.3448"
"48,2 : 0.3448"
"2,49 : 0.3306"
"49,2 : 0.3306"
"2,50 : 0.794"
"50,2 : 0.794"
"2,51 : 0.117"
"51,2 : 0.117"
"2,52 : 0.2648"
"52,2 : 0.2648"
"2,53 : 0.359"
"53,2 : 0.359"
"2,54 : 0.5033"
"54,2 : 0.5033"
"2,55 : 0.5852"
"55,2 : 0.5852"
"2,56 : 0.2147"
"56,2 : 0.2147"
"2,57 : 0.527"
"57,2 : 0.527"
"2,58 : 0.34"
"58,2 : 0.34"
"2,59 : 0.3023"
"59,2 : 0.3023"
"2,60 : 0.4885"
"60,2 : 0.4885"
"2,61 : 0.5798"
"61,2 : 0.5798"
"2,62 : 0.6054"
"62,2 : 0.6054"
"2,63 : 0.26"
"63,2 : 0.26"
"2,64 : 0.1655"
"64,2 : 0.1655"
"2,65 : 0.3905"
"65,2 : 0.3905"
"2,66 : 0.1552"
"66,2 : 0.1552"
"2,67 : 0.6637"
"67,2 : 0.6637"
"2,68 : 0.5061"
"68,2 : 0.5061"
"2,69 : 0.5166"
"69,2 : 0.5166"
"2,70 : 0.12"
"70,2 : 0.12"
"2,71 : 0.3401"
"71,2 : 0.3401"
"2,72 : 0.2921"
"72,2 : 0.2921"
"2,73 : 0.4105"
"73,2 : 0.4105"
"2,74 : 0.5131"
"74,2 : 0.5131"
"2,75 : 0.2002"
"75,2 : 0.2002"
"2,76 : 0.7151"
"76,2 : 0.7151"
"2,77 : 0.4554"
"77,2 : 0.4554"
"2,78 : 0.1581"
"78,2 : 0.1581"
"2,79 : 0.3087"
"79,2 : 0.3087"
"2,80 : 0.5385"
"80,2 : 0.5385"
"2,81 : 0.4469"
"81,2 : 0.4469"
"2,82 : 0.5204"
"82,2 : 0.5204"
"2,83 : 0.6106"
"83,2 : 0.6106"
"2,84 : 0.5235"
"84,2 : 0.5235"
"2,85 : 0.3578"
"85,2 : 0.3578"
"2,86 : 0.3829"
"86,2 : 0.3829"
"2,87 : 0.609"
"87,2 : 0.609"
"2,88 : 0.3864"
"88,2 : 0.3864"
"2,89 : 0.6002"
"89,2 : 0.6002"
"2,90 : 0.3506"
"90,2 : 0.3506"
"2,91 : 0.4144"
"91,2 : 0.4144"
"2,92 : 0.3061"
"92,2 : 0.3061"
"2,93 : 0.1581"
"93,2 : 0.1581"
"2,94 : 0.7701"
"94,2 : 0.7701"
"2,95 : 0.5334"
"95,2 : 0.5334"
"2,96 : 0.4968"
"96,2 : 0.4968"
"2,97 : 0.2563"
"97,2 : 0.2563"
"2,98 : 0.4649"
"98,2 : 0.4649"
"2,99 : 0.5385"
"99,2 : 0.5385"
"3,4 : 0.9278"
"4,3 : 0.9278"
"3,5 : 0.3342"
"5,3 : 0.3342"
"3,6 : 0.2147"
"6,3 : 0.2147"
"3,7 : 0.7666"
"7,3 : 0.7666"
"3,8 : 0.3396"
"8,3 : 0.3396"
"3,9 : 0.5632"
"9,3 : 0.5632"
"3,10 : 0.6101"
"10,3 : 0.6101"
"3,11 : 0.8732"
"11,3 : 0.8732"
"3,12 : 0.7161"
"12,3 : 0.7161"
"3,13 : 0.2343"
"13,3 : 0.2343"
"3,14 : 0.397"
"14,3 : 0.397"
"3,15 : 0.609"
"15,3 : 0.609"
"3,16 : 0.871"
"16,3 : 0.871"
"3,17 : 0.7762"
"17,3 : 0.7762"
"3,18 : 0.717"
"18,3 : 0.717"
"3,19 : 0.1345"
"19,3 : 0.1345"
"3,20 : 0.769"
"20,3 : 0.769"
"3,21 : 0.2625"
"21,3 : 0.2625"
"3,22 : 0.7918"
"22,3 : 0.7918"
"3,23 : 0.5831"
"23,3 : 0.5831"
"3,24 : 0.2062"
"24,3 : 0.2062"
"3,25 : 0.0894"
"25,3 : 0.0894"
"3,26 : 0.2302"
"26,3 : 0.2302"
"3,27 : 0.472"
"27,3 : 0.472"
"3,28 : 0.4838"
"28,3 : 0.4838"
"3,29 : 0.1082"
"29,3 : 0.1082"
"3,30 : 0.4393"
"30,3 : 0.4393"
"3,31 : 0.3758"
"31,3 : 0.3758"
"3,32 : 0.4965"
"32,3 : 0.4965"
"3,33 : 0.2012"
"33,3 : 0.2012"
"3,34 : 0.4464"
"34,3 : 0.4464"
"3,35 : 0.0906"
"35,3 : 0.0906"
"3,36 : 0.8599"
"36,3 : 0.8599"
"3,37 : 0.8665"
"37,3 : 0.8665"
"3,38 : 0.4701"
"38,3 : 0.4701"
"3,39 : 0.9646"
"39,3 : 0.9646"
"3,40 : 0.8262"
"40,3 : 0.8262"
"3,41 : 0.114"
"41,3 : 0.114"
"3,42 : 0.3178"
"42,3 : 0.3178"
"3,43 : 0.3401"
"43,3 : 0.3401"
"3,44 : 0.4327"
"44,3 : 0.4327"
"3,45 : 0.3996"
"45,3 : 0.3996"
"3,46 : 0.8032"
"46,3 : 0.8032"
"3,47 : 0.2693"
"47,3 : 0.2693"
"3,48 : 0.7382"
"48,3 : 0.7382"
"3,49 : 0.6723"
"49,3 : 0.6723"
"3,50 : 0.881"
"50,3 : 0.881"
"3,51 : 0.297"
"51,3 : 0.297"
"3,52 : 0.3059"
"52,3 : 0.3059"
"3,53 : 0.7211"
"53,3 : 0.7211"
"3,54 : 0.7046"
"54,3 : 0.7046"
"3,55 : 0.8836"
"55,3 : 0.8836"
"3,56 : 0.6185"
"56,3 : 0.6185"
"3,57 : 0.9323"
"57,3 : 0.9323"
"3,58 : 0.73"
"58,3 : 0.73"
"3,59 : 0.15"
"59,3 : 0.15"
"3,60 : 0.8868"
"60,3 : 0.8868"
"3,61 : 0.2402"
"61,3 : 0.2402"
"3,62 : 0.6313"
"62,3 : 0.6313"
"3,63 : 0.2202"
"63,3 : 0.2202"
"3,64 : 0.5686"
"64,3 : 0.5686"
"3,65 : 0.5544"
"65,3 : 0.5544"
"3,66 : 0.4883"
"66,3 : 0.4883"
"3,67 : 0.8945"
"67,3 : 0.8945"
"3,68 : 0.1503"
"68,3 : 0.1503"
"3,69 : 0.314"
"69,3 : 0.314"
"3,70 : 0.3454"
"70,3 : 0.3454"
"3,71 : 0.5882"
"71,3 : 0.5882"
"3,72 : 0.114"
"72,3 : 0.114"
"3,73 : 0.4804"
"73,3 : 0.4804"
"3,74 : 0.9184"
"74,3 : 0.9184"
"3,75 : 0.2683"
"75,3 : 0.2683"
"3,76 : 0.8806"
"76,3 : 0.8806"
"3,77 : 0.4383"
"77,3 : 0.4383"
"3,78 : 0.4776"
"78,3 : 0.4776"
"3,79 : 0.451"
"79,3 : 0.451"
"3,80 : 0.6357"
"80,3 : 0.6357"
"3,81 : 0.5908"
"81,3 : 0.5908"
"3,82 : 0.4342"
"82,3 : 0.4342"
"3,83 : 0.27"
"83,3 : 0.27"
"3,84 : 0.4662"
"84,3 : 0.4662"
"3,85 : 0.1746"
"85,3 : 0.1746"
"3,86 : 0.5009"
"86,3 : 0.5009"
"3,87 : 1.0124"
"87,3 : 1.0124"
"3,88 : 0.7697"
"88,3 : 0.7697"
"3,89 : 0.9786"
"89,3 : 0.9786"
"3,90 : 0.7224"
"90,3 : 0.7224"
"3,91 : 0.8101"
"91,3 : 0.8101"
"3,92 : 0.5101"
"92,3 : 0.5101"
"3,93 : 0.559"
"93,3 : 0.559"
"3,94 : 0.8682"
"94,3 : 0.8682"
"3,95 : 0.472"
"95,3 : 0.472"
"3,96 : 0.7035"
"96,3 : 0.7035"
"3,97 : 0.2302"
"97,3 : 0.2302"
"3,98 : 0.255"
"98,3 : 0.255"
"3,99 : 0.5334"
"99,3 : 0.5334"
"4,5 : 0.6661"
"5,4 : 0.6661"
"4,6 : 0.7303"
"6,4 : 0.7303"
"4,7 : 0.3748"
"7,4 : 0.3748"
"4,8 : 0.8659"
"8,4 : 0.8659"
"4,9 : 0.472"
"9,4 : 0.472"
"4,10 : 0.3289"
"10,4 : 0.3289"
"4,11 : 0.4851"
"11,4 : 0.4851"
"4,12 : 0.6381"
"12,4 : 0.6381"
"4,13 : 0.8264"
"13,4 : 0.8264"
"4,14 : 0.7823"
"14,4 : 0.7823"
"4,15 : 0.4295"
"15,4 : 0.4295"
"4,16 : 0.3178"
"16,4 : 0.3178"
"4,17 : 0.3624"
"17,4 : 0.3624"
"4,18 : 0.8127"
"18,4 : 0.8127"
"4,19 : 0.8587"
"19,4 : 0.8587"
"4,20 : 0.25"
"20,4 : 0.25"
"4,21 : 0.6712"
"21,4 : 0.6712"
"4,22 : 0.333"
"22,4 : 0.333"
"4,23 : 0.3929"
"23,4 : 0.3929"
"4,24 : 0.8429"
"24,4 : 0.8429"
"4,25 : 0.9608"
"25,4 : 0.9608"
"4,26 : 0.975"
"26,4 : 0.975"
"4,27 : 0.5632"
"27,4 : 0.5632"
"4,28 : 0.461"
"28,4 : 0.461"
"4,29 : 0.8605"
"29,4 : 0.8605"
"4,30 : 0.614"
"30,4 : 0.614"
"4,31 : 0.644"
"31,4 : 0.644"
"4,32 : 0.5345"
"32,4 : 0.5345"
"4,33 : 0.8826"
"33,4 : 0.8826"
"4,34 : 0.9708"
"34,4 : 0.9708"
"4,35 : 0.8401"
"35,4 : 0.8401"
"4,36 : 0.2596"
"36,4 : 0.2596"
"4,37 : 0.4123"
"37,4 : 0.4123"
"4,38 : 0.4684"
"38,4 : 0.4684"
"4,39 : 0.17"
"39,4 : 0.17"
"4,40 : 0.6854"
"40,4 : 0.6854"
"4,41 : 0.8901"
"41,4 : 0.8901"
"4,42 : 0.8081"
"42,4 : 0.8081"
"4,43 : 0.6103"
"43,4 : 0.6103"
"4,44 : 0.7211"
"44,4 : 0.7211"
"4,45 : 0.846"
"45,4 : 0.846"
"4,46 : 0.2126"
"46,4 : 0.2126"
"4,47 : 0.8615"
"47,4 : 0.8615"
"4,48 : 0.542"
"48,4 : 0.542"
"4,49 : 0.9091"
"49,4 : 0.9091"
"4,50 : 0.2997"
"50,4 : 0.2997"
"4,51 : 0.7829"
"51,4 : 0.7829"
"4,52 : 0.9571"
"52,4 : 0.9571"
"4,53 : 0.8881"
"53,4 : 0.8881"
"4,54 : 0.2236"
"54,4 : 0.2236"
"4,55 : 0.204"
"55,4 : 0.204"
"4,56 : 0.6237"
"56,4 : 0.6237"
"4,57 : 0.6791"
"57,4 : 0.6791"
"4,58 : 0.8016"
"58,4 : 0.8016"
"4,59 : 0.7793"
"59,4 : 0.7793"
"4,60 : 0.5797"
"60,4 : 0.5797"
"4,61 : 0.9179"
"61,4 : 0.9179"
"4,62 : 0.4159"
"62,4 : 0.4159"
"4,63 : 0.712"
"63,4 : 0.712"
"4,64 : 0.6294"
"64,4 : 0.6294"
"4,65 : 1.0823"
"65,4 : 1.0823"
"4,66 : 0.8246"
"66,4 : 0.8246"
"4,67 : 0.0424"
"67,4 : 0.0424"
"4,68 : 0.9105"
"68,4 : 0.9105"
"4,69 : 0.7415"
"69,4 : 0.7415"
"4,70 : 0.65"
"70,4 : 0.65"
"4,71 : 1.005"
"71,4 : 1.005"
"4,72 : 0.8515"
"72,4 : 0.8515"
"4,73 : 1.1152"
"73,4 : 1.1152"
"4,74 : 0.6719"
"74,4 : 0.6719"
"4,75 : 0.8773"
"75,4 : 0.8773"
"4,76 : 0.1304"
"76,4 : 0.1304"
"4,77 : 0.536"
"77,4 : 0.536"
"4,78 : 0.5471"
"78,4 : 0.5471"
"4,79 : 0.4785"
"79,4 : 0.4785"
"4,80 : 0.3324"
"80,4 : 0.3324"
"4,81 : 1.1385"
"81,4 : 1.1385"
"4,82 : 0.5991"
"82,4 : 0.5991"
"4,83 : 0.9321"
"83,4 : 0.9321"
"4,84 : 0.5604"
"84,4 : 0.5604"
"4,85 : 0.7616"
"85,4 : 0.7616"
"4,86 : 1.0847"
"86,4 : 1.0847"
"4,87 : 0.6736"
"87,4 : 0.6736"
"4,88 : 0.4919"
"88,4 : 0.4919"
"4,89 : 0.4801"
"89,4 : 0.4801"
"4,90 : 0.4632"
"90,4 : 0.4632"
"4,91 : 0.5515"
"91,4 : 0.5515"
"4,92 : 0.4301"
"92,4 : 0.4301"
"4,93 : 0.7142"
"93,4 : 0.7142"
"4,94 : 0.2729"
"94,4 : 0.2729"
"4,95 : 0.5632"
"95,4 : 0.5632"
"4,96 : 0.2256"
"96,4 : 0.2256"
"4,97 : 0.7021"
"97,4 : 0.7021"
"4,98 : 0.7533"
"98,4 : 0.7533"
"4,99 : 0.4838"
"99,4 : 0.4838"
"5,6 : 0.1304"
"6,5 : 0.1304"
"5,7 : 0.4386"
"7,5 : 0.4386"
"5,8 : 0.2163"
"8,5 : 0.2163"
"5,9 : 0.464"
"9,5 : 0.464"
"5,10 : 0.4031"
"10,5 : 0.4031"
"5,11 : 0.7779"
"11,5 : 0.7779"
"5,12 : 0.7066"
"12,5 : 0.7066"
"5,13 : 0.4052"
"13,5 : 0.4052"
"5,14 : 0.51"
"14,5 : 0.51"
"5,15 : 0.2846"
"15,5 : 0.2846"
"5,16 : 0.7128"
"16,5 : 0.7128"
"5,17 : 0.6389"
"17,5 : 0.6389"
"5,18 : 0.7859"
"18,5 : 0.7859"
"5,19 : 0.3536"
"19,5 : 0.3536"
"5,20 : 0.4639"
"20,5 : 0.4639"
"5,21 : 0.1304"
"21,5 : 0.1304"
"5,22 : 0.4682"
"22,5 : 0.4682"
"5,23 : 0.2802"
"23,5 : 0.2802"
"5,24 : 0.1811"
"24,5 : 0.1811"
"5,25 : 0.327"
"25,5 : 0.327"
"5,26 : 0.5061"
"26,5 : 0.5061"
"5,27 : 0.1389"
"27,5 : 0.1389"
"5,28 : 0.2088"
"28,5 : 0.2088"
"5,29 : 0.2332"
"29,5 : 0.2332"
"5,30 : 0.1063"
"30,5 : 0.1063"
"5,31 : 0.3785"
"31,5 : 0.3785"
"5,32 : 0.1655"
"32,5 : 0.1655"
"5,33 : 0.4254"
"33,5 : 0.4254"
"5,34 : 0.6551"
"34,5 : 0.6551"
"5,35 : 0.278"
"35,5 : 0.278"
"5,36 : 0.681"
"36,5 : 0.681"
"5,37 : 0.7441"
"37,5 : 0.7441"
"5,38 : 0.3041"
"38,5 : 0.3041"
"5,39 : 0.6648"
"39,5 : 0.6648"
"5,40 : 0.8188"
"40,5 : 0.8188"
"5,41 : 0.2508"
"41,5 : 0.2508"
"5,42 : 0.1526"
"42,5 : 0.1526"
"5,43 : 0.086"
"43,5 : 0.086"
"5,44 : 0.1513"
"44,5 : 0.1513"
"5,45 : 0.5523"
"45,5 : 0.5523"
"5,46 : 0.5025"
"46,5 : 0.5025"
"5,47 : 0.1965"
"47,5 : 0.1965"
"5,48 : 0.6824"
"48,5 : 0.6824"
"5,49 : 0.794"
"49,5 : 0.794"
"5,50 : 0.5597"
"50,5 : 0.5597"
"5,51 : 0.423"
"51,5 : 0.423"
"5,52 : 0.5478"
"52,5 : 0.5478"
"5,53 : 0.822"
"53,5 : 0.822"
"5,54 : 0.4588"
"54,5 : 0.4588"
"5,55 : 0.6845"
"55,5 : 0.6845"
"5,56 : 0.6133"
"56,5 : 0.6133"
"5,57 : 0.9014"
"57,5 : 0.9014"
"5,58 : 0.7912"
"58,5 : 0.7912"
"5,59 : 0.2371"
"59,5 : 0.2371"
"5,60 : 0.8262"
"60,5 : 0.8262"
"5,61 : 0.2518"
"61,5 : 0.2518"
"5,62 : 0.3068"
"62,5 : 0.3068"
"5,63 : 0.2236"
"63,5 : 0.2236"
"5,64 : 0.5701"
"64,5 : 0.5701"
"5,65 : 0.7834"
"65,5 : 0.7834"
"5,66 : 0.6103"
"66,5 : 0.6103"
"5,67 : 0.6413"
"67,5 : 0.6413"
"5,68 : 0.2571"
"68,5 : 0.2571"
"5,69 : 0.0806"
"69,5 : 0.0806"
"5,70 : 0.3453"
"70,5 : 0.3453"
"5,71 : 0.7741"
"71,5 : 0.7741"
"5,72 : 0.3276"
"72,5 : 0.3276"
"5,73 : 0.7446"
"73,5 : 0.7446"
"5,74 : 0.8875"
"74,5 : 0.8875"
"5,75 : 0.4713"
"75,5 : 0.4713"
"5,76 : 0.5903"
"76,5 : 0.5903"
"5,77 : 0.1304"
"77,5 : 0.1304"
"5,78 : 0.4159"
"78,5 : 0.4159"
"5,79 : 0.2617"
"79,5 : 0.2617"
"5,80 : 0.34"
"80,5 : 0.34"
"5,81 : 0.8324"
"81,5 : 0.8324"
"5,82 : 0.1"
"82,5 : 0.1"
"5,83 : 0.2668"
"83,5 : 0.2668"
"5,84 : 0.1342"
"84,5 : 0.1342"
"5,85 : 0.172"
"85,5 : 0.172"
"5,86 : 0.7463"
"86,5 : 0.7463"
"5,87 : 0.9621"
"87,5 : 0.9621"
"5,88 : 0.6888"
"88,5 : 0.6888"
"5,89 : 0.8645"
"89,5 : 0.8645"
"5,90 : 0.6313"
"90,5 : 0.6313"
"5,91 : 0.75"
"91,5 : 0.75"
"5,92 : 0.333"
"92,5 : 0.333"
"5,93 : 0.6088"
"93,5 : 0.6088"
"5,94 : 0.5508"
"94,5 : 0.5508"
"5,95 : 0.1389"
"95,5 : 0.1389"
"5,96 : 0.4617"
"96,5 : 0.4617"
"5,97 : 0.222"
"97,5 : 0.222"
"5,98 : 0.0922"
"98,5 : 0.0922"
"5,99 : 0.2088"
"99,5 : 0.2088"
"6,7 : 0.5523"
"7,6 : 0.5523"
"6,8 : 0.255"
"8,6 : 0.255"
"6,9 : 0.436"
"9,6 : 0.436"
"6,10 : 0.4295"
"10,6 : 0.4295"
"6,11 : 0.758"
"11,6 : 0.758"
"6,12 : 0.65"
"12,6 : 0.65"
"6,13 : 0.2828"
"13,6 : 0.2828"
"6,14 : 0.4061"
"14,6 : 0.4061"
"6,15 : 0.3945"
"15,6 : 0.3945"
"6,16 : 0.7209"
"16,6 : 0.7209"
"6,17 : 0.6353"
"17,6 : 0.6353"
"6,18 : 0.7038"
"18,6 : 0.7038"
"6,19 : 0.2236"
"19,6 : 0.2236"
"6,20 : 0.5566"
"20,6 : 0.5566"
"6,21 : 0.0632"
"21,6 : 0.0632"
"6,22 : 0.5771"
"22,6 : 0.5771"
"6,23 : 0.37"
"23,6 : 0.37"
"6,24 : 0.1421"
"24,6 : 0.1421"
"6,25 : 0.2309"
"25,6 : 0.2309"
"6,26 : 0.3759"
"26,6 : 0.3759"
"6,27 : 0.2617"
"27,6 : 0.2617"
"6,28 : 0.2746"
"28,6 : 0.2746"
"6,29 : 0.1304"
"29,6 : 0.1304"
"6,30 : 0.236"
"30,6 : 0.236"
"6,31 : 0.3002"
"31,6 : 0.3002"
"6,32 : 0.2843"
"32,6 : 0.2843"
"6,33 : 0.2973"
"33,6 : 0.2973"
"6,34 : 0.5346"
"34,6 : 0.5346"
"6,35 : 0.1487"
"35,6 : 0.1487"
"6,36 : 0.6989"
"36,6 : 0.6989"
"6,37 : 0.7357"
"37,6 : 0.7357"
"6,38 : 0.3008"
"38,6 : 0.3008"
"6,39 : 0.7543"
"39,6 : 0.7543"
"6,40 : 0.764"
"40,6 : 0.764"
"6,41 : 0.1603"
"41,6 : 0.1603"
"6,42 : 0.1992"
"42,6 : 0.1992"
"6,43 : 0.1265"
"43,6 : 0.1265"
"6,44 : 0.2648"
"44,6 : 0.2648"
"6,45 : 0.4405"
"45,6 : 0.4405"
"6,46 : 0.592"
"46,6 : 0.592"
"6,47 : 0.2"
"47,6 : 0.2"
"6,48 : 0.6435"
"48,6 : 0.6435"
"6,49 : 0.6963"
"49,6 : 0.6963"
"6,50 : 0.6664"
"50,6 : 0.6664"
"6,51 : 0.3106"
"51,6 : 0.3106"
"6,52 : 0.4206"
"52,6 : 0.4206"
"6,53 : 0.7308"
"53,6 : 0.7308"
"6,54 : 0.5104"
"54,6 : 0.5104"
"6,55 : 0.7131"
"55,6 : 0.7131"
"6,56 : 0.5522"
"56,6 : 0.5522"
"6,57 : 0.857"
"57,6 : 0.857"
"6,58 : 0.7118"
"58,6 : 0.7118"
"6,59 : 0.1077"
"59,6 : 0.1077"
"6,60 : 0.7925"
"60,6 : 0.7925"
"6,61 : 0.228"
"61,6 : 0.228"
"6,62 : 0.4168"
"62,6 : 0.4168"
"6,63 : 0.114"
"63,6 : 0.114"
"6,64 : 0.5048"
"64,6 : 0.5048"
"6,65 : 0.661"
"65,6 : 0.661"
"6,66 : 0.508"
"66,6 : 0.508"
"6,67 : 0.7001"
"67,6 : 0.7001"
"6,68 : 0.1868"
"68,6 : 0.1868"
"6,69 : 0.15"
"69,6 : 0.15"
"6,70 : 0.2642"
"70,6 : 0.2642"
"6,71 : 0.6601"
"71,6 : 0.6601"
"6,72 : 0.1972"
"72,6 : 0.1972"
"6,73 : 0.6168"
"73,6 : 0.6168"
"6,74 : 0.8429"
"74,6 : 0.8429"
"6,75 : 0.3471"
"75,6 : 0.3471"
"6,76 : 0.6727"
"76,6 : 0.6727"
"6,77 : 0.2236"
"77,6 : 0.2236"
"6,78 : 0.3677"
"78,6 : 0.3677"
"6,79 : 0.2693"
"79,6 : 0.2693"
"6,80 : 0.4245"
"80,6 : 0.4245"
"6,81 : 0.7083"
"81,6 : 0.7083"
"6,82 : 0.2267"
"82,6 : 0.2267"
"6,83 : 0.255"
"83,6 : 0.255"
"6,84 : 0.255"
"84,6 : 0.255"
"6,85 : 0.0424"
"85,6 : 0.0424"
"6,86 : 0.621"
"86,6 : 0.621"
"6,87 : 0.9263"
"87,6 : 0.9263"
"6,88 : 0.6607"
"88,6 : 0.6607"
"6,89 : 0.8544"
"89,6 : 0.8544"
"6,90 : 0.6061"
"90,6 : 0.6061"
"6,91 : 0.7145"
"91,6 : 0.7145"
"6,92 : 0.3384"
"92,6 : 0.3384"
"6,93 : 0.528"
"93,6 : 0.528"
"6,94 : 0.6539"
"94,6 : 0.6539"
"6,95 : 0.2617"
"95,6 : 0.2617"
"6,96 : 0.5109"
"96,6 : 0.5109"
"6,97 : 0.117"
"97,6 : 0.117"
"6,98 : 0.0922"
"98,6 : 0.0922"
"6,99 : 0.3191"
"99,6 : 0.3191"
"7,8 : 0.5831"
"8,7 : 0.5831"
"7,9 : 0.5629"
"9,7 : 0.5629"
"7,10 : 0.3833"
"10,7 : 0.3833"
"7,11 : 0.7531"
"11,7 : 0.7531"
"7,12 : 0.8139"
"12,7 : 0.8139"
"7,13 : 0.7649"
"13,7 : 0.7649"
"7,14 : 0.7976"
"14,7 : 0.7976"
"7,15 : 0.1581"
"15,7 : 0.1581"
"7,16 : 0.6103"
"16,7 : 0.6103"
"7,17 : 0.5968"
"17,7 : 0.5968"
"7,18 : 0.961"
"18,7 : 0.961"
"7,19 : 0.7517"
"19,7 : 0.7517"
"7,20 : 0.1342"
"20,7 : 0.1342"
"7,21 : 0.514"
"21,7 : 0.514"
"7,22 : 0.0447"
"22,7 : 0.0447"
"7,23 : 0.2081"
"23,7 : 0.2081"
"7,24 : 0.6135"
"24,7 : 0.6135"
"7,25 : 0.7656"
"25,7 : 0.7656"
"7,26 : 0.8983"
"26,7 : 0.8983"
"7,27 : 0.3008"
"27,7 : 0.3008"
"7,28 : 0.3124"
"28,7 : 0.3124"
"7,29 : 0.6708"
"29,7 : 0.6708"
"7,30 : 0.3448"
"30,7 : 0.3448"
"7,31 : 0.6363"
"31,7 : 0.6363"
"7,32 : 0.2731"
"32,7 : 0.2731"
"7,33 : 0.8061"
"33,7 : 0.8061"
"7,34 : 0.9818"
"34,7 : 0.9818"
"7,35 : 0.6963"
"35,7 : 0.6963"
"7,36 : 0.5536"
"36,7 : 0.5536"
"7,37 : 0.6888"
"37,7 : 0.6888"
"7,38 : 0.4428"
"38,7 : 0.4428"
"7,39 : 0.2786"
"39,7 : 0.2786"
"7,40 : 0.9001"
"40,7 : 0.9001"
"7,41 : 0.6894"
"41,7 : 0.6894"
"7,42 : 0.5394"
"42,7 : 0.5394"
"7,43 : 0.4301"
"43,7 : 0.4301"
"7,44 : 0.4211"
"44,7 : 0.4211"
"7,45 : 0.8576"
"45,7 : 0.8576"
"7,46 : 0.164"
"46,7 : 0.164"
"7,47 : 0.6042"
"47,7 : 0.6042"
"7,48 : 0.7401"
"48,7 : 0.7401"
"7,49 : 1.0214"
"49,7 : 1.0214"
"7,50 : 0.13"
"50,7 : 0.13"
"7,51 : 0.75"
"51,7 : 0.75"
"7,52 : 0.9144"
"52,7 : 0.9144"
"7,53 : 1.0236"
"53,7 : 1.0236"
"7,54 : 0.3126"
"54,7 : 0.3126"
"7,55 : 0.5189"
"55,7 : 0.5189"
"7,56 : 0.755"
"56,7 : 0.755"
"7,57 : 0.9354"
"57,7 : 0.9354"
"7,58 : 0.9571"
"58,7 : 0.9571"
"7,59 : 0.642"
"59,7 : 0.642"
"7,60 : 0.8373"
"60,7 : 0.8373"
"7,61 : 0.6671"
"61,7 : 0.6671"
"7,62 : 0.136"
"62,7 : 0.136"
"7,63 : 0.5946"
"63,7 : 0.5946"
"7,64 : 0.735"
"64,7 : 0.735"
"7,65 : 1.1098"
"65,7 : 1.1098"
"7,66 : 0.8766"
"66,7 : 0.8766"
"7,67 : 0.378"
"67,7 : 0.378"
"7,68 : 0.6929"
"68,7 : 0.6929"
"7,69 : 0.4904"
"69,7 : 0.4904"
"7,70 : 0.6213"
"70,7 : 0.6213"
"7,71 : 1.0644"
"71,7 : 1.0644"
"7,72 : 0.7325"
"72,7 : 0.7325"
"7,73 : 1.1042"
"73,7 : 1.1042"
"7,74 : 0.9244"
"74,7 : 0.9244"
"7,75 : 0.8298"
"75,7 : 0.8298"
"7,76 : 0.2484"
"76,7 : 0.2484"
"7,77 : 0.3302"
"77,7 : 0.3302"
"7,78 : 0.5887"
"78,7 : 0.5887"
"7,79 : 0.4168"
"79,7 : 0.4168"
"7,80 : 0.1897"
"80,7 : 0.1897"
"7,81 : 1.165"
"81,7 : 1.165"
"7,82 : 0.3418"
"82,7 : 0.3418"
"7,83 : 0.6708"
"83,7 : 0.6708"
"7,84 : 0.3046"
"84,7 : 0.3046"
"7,85 : 0.5936"
"85,7 : 0.5936"
"7,86 : 1.0904"
"86,7 : 1.0904"
"7,87 : 0.959"
"87,7 : 0.959"
"7,88 : 0.7111"
"88,7 : 0.7111"
"7,89 : 0.7906"
"89,7 : 0.7906"
"7,90 : 0.6601"
"90,7 : 0.6601"
"7,91 : 0.7816"
"91,7 : 0.7816"
"7,92 : 0.4272"
"92,7 : 0.4272"
"7,93 : 0.8096"
"93,7 : 0.8096"
"7,94 : 0.1334"
"94,7 : 0.1334"
"7,95 : 0.3008"
"95,7 : 0.3008"
"7,96 : 0.3225"
"96,7 : 0.3225"
"7,97 : 0.5873"
"97,7 : 0.5873"
"7,98 : 0.5292"
"98,7 : 0.5292"
"7,99 : 0.2332"
"99,7 : 0.2332"
"8,9 : 0.6721"
"9,8 : 0.6721"
"8,10 : 0.6191"
"10,8 : 0.6191"
"8,11 : 0.9904"
"11,8 : 0.9904"
"8,12 : 0.9014"
"12,8 : 0.9014"
"8,13 : 0.5148"
"13,8 : 0.5148"
"8,14 : 0.6552"
"14,8 : 0.6552"
"8,15 : 0.451"
"15,8 : 0.451"
"8,16 : 0.9291"
"16,8 : 0.9291"
"8,17 : 0.8543"
"17,8 : 0.8543"
"8,18 : 0.9585"
"18,8 : 0.9585"
"8,19 : 0.4301"
"19,8 : 0.4301"
"8,20 : 0.6428"
"20,8 : 0.6428"
"8,21 : 0.3023"
"21,8 : 0.3023"
"8,22 : 0.6213"
"22,8 : 0.6213"
"8,23 : 0.473"
"23,8 : 0.473"
"8,24 : 0.14"
"24,8 : 0.14"
"8,25 : 0.2773"
"25,8 : 0.2773"
"8,26 : 0.5644"
"26,8 : 0.5644"
"8,27 : 0.3041"
"27,8 : 0.3041"
"8,28 : 0.4205"
"28,8 : 0.4205"
"8,29 : 0.2408"
"29,8 : 0.2408"
"8,30 : 0.2532"
"30,8 : 0.2532"
"8,31 : 0.5547"
"31,8 : 0.5547"
"8,32 : 0.3338"
"32,8 : 0.3338"
"8,33 : 0.5101"
"33,8 : 0.5101"
"8,34 : 0.7611"
"34,8 : 0.7611"
"8,35 : 0.3401"
"35,8 : 0.3401"
"8,36 : 0.8969"
"36,8 : 0.8969"
"8,37 : 0.959"
"37,8 : 0.959"
"8,38 : 0.5174"
"38,8 : 0.5174"
"8,39 : 0.841"
"39,8 : 0.841"
"8,40 : 1.0151"
"40,8 : 1.0151"
"8,41 : 0.2256"
"41,8 : 0.2256"
"8,42 : 0.064"
"42,8 : 0.064"
"8,43 : 0.2983"
"43,8 : 0.2983"
"8,44 : 0.1628"
"44,8 : 0.1628"
"8,45 : 0.6825"
"45,8 : 0.6825"
"8,46 : 0.6836"
"46,8 : 0.6836"
"8,47 : 0.0707"
"47,8 : 0.0707"
"8,48 : 0.8873"
"48,8 : 0.8873"
"8,49 : 0.9464"
"49,8 : 0.9464"
"8,50 : 0.7125"
"50,8 : 0.7125"
"8,51 : 0.5554"
"51,8 : 0.5554"
"8,52 : 0.6303"
"52,8 : 0.6303"
"8,53 : 0.9835"
"53,8 : 0.9835"
"8,54 : 0.6685"
"54,8 : 0.6685"
"8,55 : 0.8989"
"55,8 : 0.8989"
"8,56 : 0.8045"
"56,8 : 0.8045"
"8,57 : 1.1042"
"57,8 : 1.1042"
"8,58 : 0.9666"
"58,8 : 0.9666"
"8,59 : 0.3373"
"59,8 : 0.3373"
"8,60 : 1.0339"
"60,8 : 1.0339"
"8,61 : 0.114"
"61,8 : 0.114"
"8,62 : 0.4704"
"62,8 : 0.4704"
"8,63 : 0.3677"
"63,8 : 0.3677"
"8,64 : 0.758"
"64,8 : 0.758"
"8,65 : 0.8801"
"65,8 : 0.8801"
"8,66 : 0.7569"
"66,8 : 0.7569"
"8,67 : 0.8448"
"67,8 : 0.8448"
"8,68 : 0.1931"
"68,8 : 0.1931"
"8,69 : 0.136"
"69,8 : 0.136"
"8,70 : 0.5188"
"70,8 : 0.5188"
"8,71 : 0.8956"
"71,8 : 0.8956"
"8,72 : 0.4001"
"72,8 : 0.4001"
"8,73 : 0.8161"
"73,8 : 0.8161"
"8,74 : 1.0902"
"74,8 : 1.0902"
"8,75 : 0.5714"
"75,8 : 0.5714"
"8,76 : 0.7765"
"76,8 : 0.7765"
"8,77 : 0.3362"
"77,8 : 0.3362"
"8,78 : 0.614"
"78,8 : 0.614"
"8,79 : 0.4763"
"79,8 : 0.4763"
"8,80 : 0.5337"
"80,8 : 0.5337"
"8,81 : 0.9214"
"81,8 : 0.9214"
"8,82 : 0.2668"
"82,8 : 0.2668"
"8,83 : 0.1"
"83,8 : 0.1"
"8,84 : 0.3059"
"84,8 : 0.3059"
"8,85 : 0.272"
"85,8 : 0.272"
"8,86 : 0.8315"
"86,8 : 0.8315"
"8,87 : 1.1693"
"87,8 : 1.1693"
"8,88 : 0.8983"
"88,8 : 0.8983"
"8,89 : 1.0794"
"89,8 : 1.0794"
"8,90 : 0.8415"
"90,8 : 0.8415"
"8,91 : 0.9567"
"91,8 : 0.9567"
"8,92 : 0.5482"
"92,8 : 0.5482"
"8,93 : 0.7829"
"93,8 : 0.7829"
"8,94 : 0.7106"
"94,8 : 0.7106"
"8,95 : 0.3041"
"95,8 : 0.3041"
"8,96 : 0.6723"
"96,8 : 0.6723"
"8,97 : 0.3716"
"97,8 : 0.3716"
"8,98 : 0.1664"
"98,8 : 0.1664"
"8,99 : 0.3847"
"99,8 : 0.3847"
"9,10 : 0.1838"
"10,9 : 0.1838"
"9,11 : 0.322"
"11,9 : 0.322"
"9,12 : 0.2631"
"12,9 : 0.2631"
"9,13 : 0.3905"
"13,9 : 0.3905"
"9,14 : 0.313"
"14,9 : 0.313"
"9,15 : 0.4601"
"15,9 : 0.4601"
"9,16 : 0.3114"
"16,9 : 0.3114"
"9,17 : 0.2138"
"17,9 : 0.2138"
"9,18 : 0.3981"
"18,9 : 0.3981"
"9,19 : 0.454"
"19,9 : 0.454"
"9,20 : 0.4662"
"20,9 : 0.4662"
"9,21 : 0.3764"
"21,9 : 0.3764"
"9,22 : 0.5536"
"22,9 : 0.5536"
"9,23 : 0.38"
"23,9 : 0.38"
"9,24 : 0.578"
"24,9 : 0.578"
"9,25 : 0.6277"
"25,9 : 0.6277"
"9,26 : 0.5346"
"26,9 : 0.5346"
"9,27 : 0.4682"
"27,9 : 0.4682"
"9,28 : 0.3202"
"28,9 : 0.3202"
"9,29 : 0.5412"
"29,9 : 0.5412"
"9,30 : 0.4966"
"30,9 : 0.4966"
"9,31 : 0.2"
"31,9 : 0.2"
"9,32 : 0.4588"
"32,9 : 0.4588"
"9,33 : 0.4504"
"33,9 : 0.4504"
"9,34 : 0.4993"
"34,9 : 0.4993"
"9,35 : 0.4743"
"35,9 : 0.4743"
"9,36 : 0.3114"
"36,9 : 0.3114"
"9,37 : 0.3046"
"37,9 : 0.3046"
"9,38 : 0.1655"
"38,9 : 0.1655"
"9,39 : 0.589"
"39,9 : 0.589"
"9,40 : 0.3669"
"40,9 : 0.3669"
"9,41 : 0.5771"
"41,9 : 0.5771"
"9,42 : 0.6088"
"42,9 : 0.6088"
"9,43 : 0.378"
"43,9 : 0.378"
"9,44 : 0.6003"
"44,9 : 0.6003"
"9,45 : 0.3759"
"45,9 : 0.3759"
"9,46 : 0.4741"
"46,9 : 0.4741"
"9,47 : 0.6303"
"47,9 : 0.6303"
"9,48 : 0.2195"
"48,9 : 0.2195"
"9,49 : 0.4652"
"49,9 : 0.4652"
"9,50 : 0.6042"
"50,9 : 0.6042"
"9,51 : 0.3338"
"51,9 : 0.3338"
"9,52 : 0.5"
"52,9 : 0.5"
"9,53 : 0.4617"
"53,9 : 0.4617"
"9,54 : 0.2884"
"54,9 : 0.2884"
"9,55 : 0.3493"
"55,9 : 0.3493"
"9,56 : 0.1924"
"56,9 : 0.1924"
"9,57 : 0.4391"
"57,9 : 0.4391"
"9,58 : 0.3946"
"58,9 : 0.3946"
"9,59 : 0.4215"
"59,9 : 0.4215"
"9,60 : 0.3624"
"60,9 : 0.3624"
"9,61 : 0.664"
"61,9 : 0.664"
"9,62 : 0.4701"
"62,9 : 0.4701"
"9,63 : 0.3534"
"63,9 : 0.3534"
"9,64 : 0.1746"
"64,9 : 0.1746"
"9,65 : 0.6107"
"65,9 : 0.6107"
"9,66 : 0.3538"
"66,9 : 0.3538"
"9,67 : 0.4301"
"67,9 : 0.4301"
"9,68 : 0.614"
"68,9 : 0.614"
"9,69 : 0.5391"
"69,9 : 0.5391"
"9,70 : 0.222"
"70,9 : 0.222"
"9,71 : 0.5381"
"71,9 : 0.5381"
"9,72 : 0.4589"
"72,9 : 0.4589"
"9,73 : 0.645"
"73,9 : 0.645"
"9,74 : 0.4254"
"74,9 : 0.4254"
"9,75 : 0.4276"
"75,9 : 0.4276"
"9,76 : 0.4982"
"76,9 : 0.4982"
"9,77 : 0.39"
"77,9 : 0.39"
"9,78 : 0.09"
"78,9 : 0.09"
"9,79 : 0.2102"
"79,9 : 0.2102"
"9,80 : 0.3748"
"80,9 : 0.3748"
"9,81 : 0.6671"
"81,9 : 0.6671"
"9,82 : 0.4742"
"82,9 : 0.4742"
"9,83 : 0.6903"
"83,9 : 0.6903"
"9,84 : 0.4588"
"84,9 : 0.4588"
"9,85 : 0.4442"
"85,9 : 0.4442"
"9,86 : 0.6129"
"86,9 : 0.6129"
"9,87 : 0.4982"
"87,9 : 0.4982"
"9,88 : 0.2263"
"88,9 : 0.2263"
"9,89 : 0.4206"
"89,9 : 0.4206"
"9,90 : 0.1703"
"90,9 : 0.1703"
"9,91 : 0.286"
"91,9 : 0.286"
"9,92 : 0.153"
"92,9 : 0.153"
"9,93 : 0.2555"
"93,9 : 0.2555"
"9,94 : 0.577"
"94,9 : 0.577"
"9,95 : 0.4682"
"95,9 : 0.4682"
"9,96 : 0.2802"
"96,9 : 0.2802"
"9,97 : 0.3444"
"97,9 : 0.3444"
"9,98 : 0.5093"
"98,9 : 0.5093"
"9,99 : 0.4374"
"99,9 : 0.4374"
"10,11 : 0.4071"
"11,10 : 0.4071"
"10,12 : 0.431"
"12,10 : 0.431"
"10,13 : 0.4977"
"13,10 : 0.4977"
"10,14 : 0.4675"
"14,10 : 0.4675"
"10,15 : 0.3008"
"15,10 : 0.3008"
"10,16 : 0.3124"
"16,10 : 0.3124"
"10,17 : 0.2524"
"17,10 : 0.2524"
"10,18 : 0.5797"
"18,10 : 0.5797"
"10,19 : 0.5315"
"19,10 : 0.5315"
"10,20 : 0.2823"
"20,10 : 0.2823"
"10,21 : 0.3667"
"21,10 : 0.3667"
"10,22 : 0.3711"
"22,10 : 0.3711"
"10,23 : 0.2214"
"23,10 : 0.2214"
"10,24 : 0.5597"
"24,10 : 0.5597"
"10,25 : 0.6538"
"25,10 : 0.6538"
"10,26 : 0.6462"
"26,10 : 0.6462"
"10,27 : 0.3547"
"27,10 : 0.3547"
"10,28 : 0.2052"
"28,10 : 0.2052"
"10,29 : 0.5558"
"29,10 : 0.5558"
"10,30 : 0.396"
"30,10 : 0.396"
"10,31 : 0.3191"
"31,10 : 0.3191"
"10,32 : 0.336"
"32,10 : 0.336"
"10,33 : 0.5536"
"33,10 : 0.5536"
"10,34 : 0.6586"
"34,10 : 0.6586"
"10,35 : 0.5204"
"35,10 : 0.5204"
"10,36 : 0.2778"
"36,10 : 0.2778"
"10,37 : 0.3581"
"37,10 : 0.3581"
"10,38 : 0.1414"
"38,10 : 0.1414"
"10,39 : 0.4177"
"39,10 : 0.4177"
"10,40 : 0.5215"
"40,10 : 0.5215"
"10,41 : 0.5886"
"41,10 : 0.5886"
"10,42 : 0.5557"
"42,10 : 0.5557"
"10,43 : 0.327"
"43,10 : 0.327"
"10,44 : 0.5093"
"44,10 : 0.5093"
"10,45 : 0.5315"
"45,10 : 0.5315"
"10,46 : 0.2915"
"46,10 : 0.2915"
"10,47 : 0.5951"
"47,10 : 0.5951"
"10,48 : 0.3622"
"48,10 : 0.3622"
"10,49 : 0.6488"
"49,10 : 0.6488"
"10,50 : 0.4205"
"50,10 : 0.4205"
"10,51 : 0.4565"
"51,10 : 0.4565"
"10,52 : 0.6313"
"52,10 : 0.6313"
"10,53 : 0.6451"
"53,10 : 0.6451"
"10,54 : 0.114"
"54,10 : 0.114"
"10,55 : 0.2846"
"55,10 : 0.2846"
"10,56 : 0.3736"
"56,10 : 0.3736"
"10,57 : 0.5701"
"57,10 : 0.5701"
"10,58 : 0.5749"
"58,10 : 0.5749"
"10,59 : 0.4601"
"59,10 : 0.4601"
"10,60 : 0.4776"
"60,10 : 0.4776"
"10,61 : 0.6426"
"61,10 : 0.6426"
"10,62 : 0.3059"
"62,10 : 0.3059"
"10,63 : 0.3905"
"63,10 : 0.3905"
"10,64 : 0.3585"
"64,10 : 0.3585"
"10,65 : 0.7779"
"65,10 : 0.7779"
"10,66 : 0.5263"
"66,10 : 0.5263"
"10,67 : 0.2912"
"67,10 : 0.2912"
"10,68 : 0.6161"
"68,10 : 0.6161"
"10,69 : 0.4837"
"69,10 : 0.4837"
"10,70 : 0.322"
"70,10 : 0.322"
"10,71 : 0.714"
"71,10 : 0.714"
"10,72 : 0.5261"
"72,10 : 0.5261"
"10,73 : 0.7981"
"73,10 : 0.7981"
"10,74 : 0.5579"
"74,10 : 0.5579"
"10,75 : 0.5501"
"75,10 : 0.5501"
"10,76 : 0.3256"
"76,10 : 0.3256"
"10,77 : 0.2907"
"77,10 : 0.2907"
"10,78 : 0.2335"
"78,10 : 0.2335"
"10,79 : 0.1612"
"79,10 : 0.1612"
"10,80 : 0.2002"
"80,10 : 0.2002"
"10,81 : 0.8345"
"81,10 : 0.8345"
"10,82 : 0.3748"
"82,10 : 0.3748"
"10,83 : 0.6631"
"83,10 : 0.6631"
"10,84 : 0.3471"
"84,10 : 0.3471"
"10,85 : 0.454"
"85,10 : 0.454"
"10,86 : 0.7723"
"86,10 : 0.7723"
"10,87 : 0.6093"
"87,10 : 0.6093"
"10,88 : 0.3421"
"88,10 : 0.3421"
"10,89 : 0.4763"
"89,10 : 0.4763"
"10,90 : 0.2864"
"90,10 : 0.2864"
"10,91 : 0.4123"
"91,10 : 0.4123"
"10,92 : 0.102"
"92,10 : 0.102"
"10,93 : 0.4383"
"93,10 : 0.4383"
"10,94 : 0.3936"
"94,10 : 0.3936"
"10,95 : 0.3547"
"95,10 : 0.3547"
"10,96 : 0.1082"
"96,10 : 0.1082"
"10,97 : 0.3805"
"97,10 : 0.3805"
"10,98 : 0.4754"
"98,10 : 0.4754"
"10,99 : 0.3002"
"99,10 : 0.3002"
"11,12 : 0.2309"
"12,11 : 0.2309"
"11,13 : 0.6719"
"13,11 : 0.6719"
"11,14 : 0.5423"
"14,11 : 0.5423"
"11,15 : 0.7038"
"15,11 : 0.7038"
"11,16 : 0.1676"
"16,11 : 0.1676"
"11,17 : 0.1581"
"17,11 : 0.1581"
"11,18 : 0.3945"
"18,11 : 0.3945"
"11,19 : 0.7527"
"19,11 : 0.7527"
"11,20 : 0.6251"
"20,11 : 0.6251"
"11,21 : 0.6981"
"21,11 : 0.6981"
"11,22 : 0.7269"
"22,11 : 0.7269"
"11,23 : 0.6265"
"23,11 : 0.6265"
"11,24 : 0.9"
"24,11 : 0.9"
"11,25 : 0.9437"
"25,11 : 0.9437"
"11,26 : 0.7991"
"26,11 : 0.7991"
"11,27 : 0.7572"
"27,11 : 0.7572"
"11,28 : 0.6046"
"28,11 : 0.6046"
"11,29 : 0.8609"
"29,11 : 0.8609"
"11,30 : 0.794"
"30,11 : 0.794"
"11,31 : 0.4977"
"31,11 : 0.4977"
"11,32 : 0.7409"
"32,11 : 0.7409"
"11,33 : 0.7301"
"33,11 : 0.7301"
"11,34 : 0.6847"
"34,11 : 0.6847"
"11,35 : 0.7872"
"35,11 : 0.7872"
"11,36 : 0.2256"
"36,11 : 0.2256"
"11,37 : 0.0728"
"37,11 : 0.0728"
"11,38 : 0.4738"
"38,11 : 0.4738"
"11,39 : 0.6512"
"39,11 : 0.6512"
"11,40 : 0.2193"
"40,11 : 0.2193"
"11,41 : 0.8969"
"41,11 : 0.8969"
"11,42 : 0.9266"
"42,11 : 0.9266"
"11,43 : 0.693"
"43,11 : 0.693"
"11,44 : 0.9043"
"44,11 : 0.9043"
"11,45 : 0.5901"
"45,11 : 0.5901"
"11,46 : 0.6113"
"46,11 : 0.6113"
"11,47 : 0.9513"
"47,11 : 0.9513"
"11,48 : 0.15"
"48,11 : 0.15"
"11,49 : 0.5143"
"49,11 : 0.5143"
"11,50 : 0.7401"
"50,11 : 0.7401"
"11,51 : 0.6064"
"51,11 : 0.6064"
"11,52 : 0.7417"
"52,11 : 0.7417"
"11,53 : 0.4717"
"53,11 : 0.4717"
"11,54 : 0.4415"
"54,11 : 0.4415"
"11,55 : 0.2816"
"55,11 : 0.2816"
"11,56 : 0.29"
"56,11 : 0.29"
"11,57 : 0.1942"
"57,11 : 0.1942"
"11,58 : 0.3774"
"58,11 : 0.3774"
"11,59 : 0.7382"
"59,11 : 0.7382"
"11,60 : 0.0949"
"60,11 : 0.0949"
"11,61 : 0.986"
"61,11 : 0.986"
"11,62 : 0.7058"
"62,11 : 0.7058"
"11,63 : 0.6723"
"63,11 : 0.6723"
"11,64 : 0.3314"
"64,11 : 0.3314"
"11,65 : 0.7569"
"65,11 : 0.7569"
"11,66 : 0.5224"
"66,11 : 0.5224"
"11,67 : 0.4491"
"67,11 : 0.4491"
"11,68 : 0.9349"
"68,11 : 0.9349"
"11,69 : 0.8556"
"69,11 : 0.8556"
"11,70 : 0.528"
"70,11 : 0.528"
"11,71 : 0.6546"
"71,11 : 0.6546"
"11,72 : 0.7632"
"72,11 : 0.7632"
"11,73 : 0.8302"
"73,11 : 0.8302"
"11,74 : 0.1868"
"74,11 : 0.1868"
"11,75 : 0.6888"
"75,11 : 0.6888"
"11,76 : 0.5822"
"76,11 : 0.5822"
"11,77 : 0.686"
"77,11 : 0.686"
"11,78 : 0.3982"
"78,11 : 0.3982"
"11,79 : 0.5166"
"79,11 : 0.5166"
"11,80 : 0.5946"
"80,11 : 0.5946"
"11,81 : 0.8065"
"81,11 : 0.8065"
"11,82 : 0.772"
"82,11 : 0.772"
"11,83 : 1.0121"
"83,11 : 1.0121"
"11,84 : 0.7489"
"84,11 : 0.7489"
"11,85 : 0.7655"
"85,11 : 0.7655"
"11,86 : 0.7845"
"86,11 : 0.7845"
"11,87 : 0.2062"
"87,11 : 0.2062"
"11,88 : 0.1044"
"88,11 : 0.1044"
"11,89 : 0.1105"
"89,11 : 0.1105"
"11,90 : 0.1526"
"90,11 : 0.1526"
"11,91 : 0.0985"
"91,11 : 0.0985"
"11,92 : 0.4469"
"92,11 : 0.4469"
"11,93 : 0.3912"
"93,11 : 0.3912"
"11,94 : 0.7101"
"94,11 : 0.7101"
"11,95 : 0.7572"
"95,11 : 0.7572"
"11,96 : 0.4317"
"96,11 : 0.4317"
"11,97 : 0.6637"
"97,11 : 0.6637"
"11,98 : 0.8298"
"98,11 : 0.8298"
"11,99 : 0.7071"
"99,11 : 0.7071"
"12,13 : 0.4924"
"13,12 : 0.4924"
"12,14 : 0.3418"
"14,12 : 0.3418"
"12,15 : 0.7217"
"15,12 : 0.7217"
"12,16 : 0.3547"
"16,12 : 0.3547"
"12,17 : 0.278"
"17,12 : 0.278"
"12,18 : 0.1769"
"18,12 : 0.1769"
"12,19 : 0.5852"
"19,12 : 0.5852"
"12,20 : 0.7041"
"20,12 : 0.7041"
"12,21 : 0.5991"
"21,12 : 0.5991"
"12,22 : 0.7991"
"22,12 : 0.7991"
"12,23 : 0.6412"
"23,12 : 0.6412"
"12,24 : 0.7887"
"24,12 : 0.7887"
"12,25 : 0.7965"
"25,12 : 0.7965"
"12,26 : 0.6008"
"26,12 : 0.6008"
"12,27 : 0.728"
"27,12 : 0.728"
"12,28 : 0.5825"
"28,12 : 0.5825"
"12,29 : 0.7284"
"29,12 : 0.7284"
"12,30 : 0.7527"
"30,12 : 0.7527"
"12,31 : 0.3538"
"31,12 : 0.3538"
"12,32 : 0.7203"
"32,12 : 0.7203"
"12,33 : 0.5456"
"33,12 : 0.5456"
"12,34 : 0.4601"
"34,12 : 0.4601"
"12,35 : 0.6389"
"35,12 : 0.6389"
"12,36 : 0.3962"
"36,12 : 0.3962"
"12,37 : 0.2778"
"37,12 : 0.2778"
"12,38 : 0.4245"
"38,12 : 0.4245"
"12,39 : 0.7872"
"39,12 : 0.7872"
"12,40 : 0.114"
"40,12 : 0.114"
"12,41 : 0.7638"
"41,12 : 0.7638"
"12,42 : 0.8406"
"42,12 : 0.8406"
"12,43 : 0.6217"
"43,12 : 0.6217"
"12,44 : 0.8509"
"44,12 : 0.8509"
"12,45 : 0.3785"
"45,12 : 0.3785"
"12,46 : 0.7034"
"46,12 : 0.7034"
"12,47 : 0.85"
"47,12 : 0.85"
"12,48 : 0.099"
"48,12 : 0.099"
"12,49 : 0.2884"
"49,12 : 0.2884"
"12,50 : 0.8368"
"50,12 : 0.8368"
"12,51 : 0.4254"
"51,12 : 0.4254"
"12,52 : 0.5337"
"52,12 : 0.5337"
"12,53 : 0.2546"
"53,12 : 0.2546"
"12,54 : 0.5142"
"54,12 : 0.5142"
"12,55 : 0.4534"
"55,12 : 0.4534"
"12,56 : 0.099"
"56,12 : 0.099"
"12,57 : 0.2163"
"57,12 : 0.2163"
"12,58 : 0.164"
"58,12 : 0.164"
"12,59 : 0.6011"
"59,12 : 0.6011"
"12,60 : 0.191"
"60,12 : 0.191"
"12,61 : 0.8721"
"61,12 : 0.8721"
"12,62 : 0.7306"
"62,12 : 0.7306"
"12,63 : 0.5456"
"63,12 : 0.5456"
"12,64 : 0.1487"
"64,12 : 0.1487"
"12,65 : 0.5263"
"65,12 : 0.5263"
"12,66 : 0.3007"
"66,12 : 0.3007"
"12,67 : 0.5968"
"67,12 : 0.5968"
"12,68 : 0.8061"
"68,12 : 0.8061"
"12,69 : 0.7752"
"69,12 : 0.7752"
"12,70 : 0.3895"
"70,12 : 0.3895"
"12,71 : 0.4238"
"71,12 : 0.4238"
"12,72 : 0.6022"
"72,12 : 0.6022"
"12,73 : 0.603"
"73,12 : 0.603"
"12,74 : 0.2025"
"74,12 : 0.2025"
"12,75 : 0.494"
"75,12 : 0.494"
"12,76 : 0.7038"
"76,12 : 0.7038"
"12,77 : 0.6485"
"77,12 : 0.6485"
"12,78 : 0.2907"
"78,12 : 0.2907"
"12,79 : 0.4684"
"79,12 : 0.4684"
"12,80 : 0.6303"
"80,12 : 0.6303"
"12,81 : 0.5757"
"81,12 : 0.5757"
"12,82 : 0.7305"
"82,12 : 0.7305"
"12,83 : 0.9014"
"83,12 : 0.9014"
"12,84 : 0.7184"
"84,12 : 0.7184"
"12,85 : 0.6454"
"85,12 : 0.6454"
"12,86 : 0.5558"
"86,12 : 0.5558"
"12,87 : 0.2997"
"87,12 : 0.2997"
"12,88 : 0.1562"
"88,12 : 0.1562"
"12,89 : 0.3354"
"89,12 : 0.3354"
"12,90 : 0.1749"
"90,12 : 0.1749"
"12,91 : 0.1334"
"91,12 : 0.1334"
"12,92 : 0.4159"
"92,12 : 0.4159"
"12,93 : 0.1746"
"93,12 : 0.1746"
"12,94 : 0.8078"
"94,12 : 0.8078"
"12,95 : 0.728"
"95,12 : 0.728"
"12,96 : 0.5045"
"96,12 : 0.5045"
"12,97 : 0.5391"
"97,12 : 0.5391"
"12,98 : 0.735"
"98,12 : 0.735"
"12,99 : 0.7004"
"99,12 : 0.7004"
"13,14 : 0.1628"
"14,13 : 0.1628"
"13,15 : 0.6122"
"15,13 : 0.6122"
"13,16 : 0.7001"
"16,13 : 0.7001"
"13,17 : 0.6003"
"17,13 : 0.6003"
"13,18 : 0.4827"
"18,13 : 0.4827"
"13,19 : 0.1"
"19,13 : 0.1"
"13,20 : 0.7262"
"20,13 : 0.7262"
"13,21 : 0.2786"
"21,13 : 0.2786"
"13,22 : 0.7778"
"22,13 : 0.7778"
"13,23 : 0.5587"
"23,13 : 0.5587"
