x,y
0.4,0.05
0.59,0.98
0.39,0.58
0.93,0.45
0.75,0.15
0.07,0.43
0.9,0.67
1.0,0.42
0.98,0.47
0.6,0.1
0.45,0.2
0.16,0.46
0.02,0.47
0.45,0.13
0.41,0.37
0.42,0.83
0.6,0.33
0.31,0.72
0.36,0.32
0.73,0.17
0.19,0.52
0.44,0.58
0.98,0.45
0.95,0.53
0.48,0.8
0.36,0.32
0.13,0.21
0.18,0.56
0.47,0.63
0.86,0.56
0.89,0.1
0.15,0.8
0.11,0.77
0.45,0.77
0.98,0.88
0.64,0.48
0.47,0.83
0.11,0.83
0.42,0.75
0.45,0.4
0.6,0.18
0.75,0.55
0.87,0.44
0.87,0.67
0.69,0.5
0.86,1.0
0.7,0.14
0.56,0.25
0.37,0.27
0.55,0.43
0.27,0.43
0.66,0.39
0.28,0.99
0.74,0.5
0.15,0.78
0.88,0.77
0.3,0.16
0.12,0.99
0.46,0.26
0.52,0.26
0.45,0.86
0.82,0.33
0.31,0.33
0.58,0.81
0.43,0.39
0.36,0.28
0.11,0.02
0.3,0.12
0.29,0.36
0.52,0.73
0.82,0.51
0.1,0.83
0.74,0.98
0.51,0.32
0.18,0.44
0.27,0.5
0.77,0.47
0.04,0.77
0.0,0.65
0.17,0.13
0.62,0.64
0.72,0.37
0.94,0.83
0.74,0.97
0.3,0.18
0.04,0.53
0.18,0.17
0.62,0.27
0.84,0.26
0.22,0.05
0.79,0.59
0.58,0.56
0.94,0.38
0.38,0.15
0.08,0.09
0.3,0.47
0.44,0.24
0.02,0.62
0.91,0.33
0.67,0.91

Distanze
"0,1 : 0.9492"
"1,0 : 0.9492"
"0,2 : 0.5301"
"2,0 : 0.5301"
"0,3 : 0.664"
"3,0 : 0.664"
"0,4 : 0.364"
"4,0 : 0.364"
"0,5 : 0.5033"
"5,0 : 0.5033"
"0,6 : 0.7965"
"6,0 : 0.7965"
"0,7 : 0.7049"
"7,0 : 0.7049"
"0,8 : 0.7161"
"8,0 : 0.7161"
"0,9 : 0.2062"
"9,0 : 0.2062"
"0,10 : 0.1581"
"10,0 : 0.1581"
"0,11 : 0.4751"
"11,0 : 0.4751"
"0,12 : 0.5664"
"12,0 : 0.5664"
"0,13 : 0.0943"
"13,0 : 0.0943"
"0,14 : 0.3202"
"14,0 : 0.3202"
"0,15 : 0.7803"
"15,0 : 0.7803"
"0,16 : 0.3441"
"16,0 : 0.3441"
"0,17 : 0.676"
"17,0 : 0.676"
"0,18 : 0.2729"
"18,0 : 0.2729"
"0,19 : 0.3511"
"19,0 : 0.3511"
"0,20 : 0.5148"
"20,0 : 0.5148"
"0,21 : 0.5315"
"21,0 : 0.5315"
"0,22 : 0.7046"
"22,0 : 0.7046"
"0,23 : 0.73"
"23,0 : 0.73"
"0,24 : 0.7543"
"24,0 : 0.7543"
"0,25 : 0.2729"
"25,0 : 0.2729"
"0,26 : 0.3138"
"26,0 : 0.3138"
"0,27 : 0.5554"
"27,0 : 0.5554"
"0,28 : 0.5842"
"28,0 : 0.5842"
"0,29 : 0.6868"
"29,0 : 0.6868"
"0,30 : 0.4925"
"30,0 : 0.4925"
"0,31 : 0.7906"
"31,0 : 0.7906"
"0,32 : 0.7762"
"32,0 : 0.7762"
"0,33 : 0.7217"
"33,0 : 0.7217"
"0,34 : 1.0126"
"34,0 : 1.0126"
"0,35 : 0.4924"
"35,0 : 0.4924"
"0,36 : 0.7831"
"36,0 : 0.7831"
"0,37 : 0.8322"
"37,0 : 0.8322"
"0,38 : 0.7003"
"38,0 : 0.7003"
"0,39 : 0.3536"
"39,0 : 0.3536"
"0,40 : 0.2385"
"40,0 : 0.2385"
"0,41 : 0.6103"
"41,0 : 0.6103"
"0,42 : 0.6107"
"42,0 : 0.6107"
"0,43 : 0.778"
"43,0 : 0.778"
"0,44 : 0.5354"
"44,0 : 0.5354"
"0,45 : 1.0555"
"45,0 : 1.0555"
"0,46 : 0.3132"
"46,0 : 0.3132"
"0,47 : 0.2561"
"47,0 : 0.2561"
"0,48 : 0.222"
"48,0 : 0.222"
"0,49 : 0.4085"
"49,0 : 0.4085"
"0,50 : 0.4016"
"50,0 : 0.4016"
"0,51 : 0.428"
"51,0 : 0.428"
"0,52 : 0.9476"
"52,0 : 0.9476"
"0,53 : 0.564"
"53,0 : 0.564"
"0,54 : 0.7716"
"54,0 : 0.7716"
"0,55 : 0.8653"
"55,0 : 0.8653"
"0,56 : 0.1487"
"56,0 : 0.1487"
"0,57 : 0.9808"
"57,0 : 0.9808"
"0,58 : 0.2184"
"58,0 : 0.2184"
"0,59 : 0.2419"
"59,0 : 0.2419"
"0,60 : 0.8115"
"60,0 : 0.8115"
"0,61 : 0.5048"
"61,0 : 0.5048"
"0,62 : 0.2941"
"62,0 : 0.2941"
"0,63 : 0.781"
"63,0 : 0.781"
"0,64 : 0.3413"
"64,0 : 0.3413"
"0,65 : 0.2335"
"65,0 : 0.2335"
"0,66 : 0.2915"
"66,0 : 0.2915"
"0,67 : 0.1221"
"67,0 : 0.1221"
"0,68 : 0.3289"
"68,0 : 0.3289"
"0,69 : 0.6905"
"69,0 : 0.6905"
"0,70 : 0.6229"
"70,0 : 0.6229"
"0,71 : 0.8357"
"71,0 : 0.8357"
"0,72 : 0.9902"
"72,0 : 0.9902"
"0,73 : 0.2915"
"73,0 : 0.2915"
"0,74 : 0.4478"
"74,0 : 0.4478"
"0,75 : 0.4684"
"75,0 : 0.4684"
"0,76 : 0.5597"
"76,0 : 0.5597"
"0,77 : 0.805"
"77,0 : 0.805"
"0,78 : 0.7211"
"78,0 : 0.7211"
"0,79 : 0.2435"
"79,0 : 0.2435"
"0,80 : 0.6297"
"80,0 : 0.6297"
"0,81 : 0.4525"
"81,0 : 0.4525"
"0,82 : 0.9487"
"82,0 : 0.9487"
"0,83 : 0.9808"
"83,0 : 0.9808"
"0,84 : 0.164"
"84,0 : 0.164"
"0,85 : 0.6"
"85,0 : 0.6"
"0,86 : 0.2506"
"86,0 : 0.2506"
"0,87 : 0.3111"
"87,0 : 0.3111"
"0,88 : 0.4875"
"88,0 : 0.4875"
"0,89 : 0.18"
"89,0 : 0.18"
"0,90 : 0.6661"
"90,0 : 0.6661"
"0,91 : 0.5408"
"91,0 : 0.5408"
"0,92 : 0.6329"
"92,0 : 0.6329"
"0,93 : 0.102"
"93,0 : 0.102"
"0,94 : 0.3225"
"94,0 : 0.3225"
"0,95 : 0.4317"
"95,0 : 0.4317"
"0,96 : 0.1942"
"96,0 : 0.1942"
"0,97 : 0.6851"
"97,0 : 0.6851"
"0,98 : 0.5818"
"98,0 : 0.5818"
"0,99 : 0.9014"
"99,0 : 0.9014"
"1,2 : 0.4472"
"2,1 : 0.4472"
"1,3 : 0.6297"
"3,1 : 0.6297"
"1,4 : 0.8453"
"4,1 : 0.8453"
"1,5 : 0.7569"
"5,1 : 0.7569"
"1,6 : 0.4384"
"6,1 : 0.4384"
"1,7 : 0.694"
"7,1 : 0.694"
"1,8 : 0.642"
"8,1 : 0.642"
"1,9 : 0.8801"
"9,1 : 0.8801"
"1,10 : 0.7925"
"10,1 : 0.7925"
"1,11 : 0.6748"
"11,1 : 0.6748"
"1,12 : 0.7649"
"12,1 : 0.7649"
"1,13 : 0.8615"
"13,1 : 0.8615"
"1,14 : 0.636"
"14,1 : 0.636"
"1,15 : 0.2267"
"15,1 : 0.2267"
"1,16 : 0.6501"
"16,1 : 0.6501"
"1,17 : 0.3821"
"17,1 : 0.3821"
"1,18 : 0.6989"
"18,1 : 0.6989"
"1,19 : 0.822"
"19,1 : 0.822"
"1,20 : 0.6096"
"20,1 : 0.6096"
"1,21 : 0.4272"
"21,1 : 0.4272"
"1,22 : 0.658"
"22,1 : 0.658"
"1,23 : 0.5763"
"23,1 : 0.5763"
"1,24 : 0.211"
"24,1 : 0.211"
"1,25 : 0.6989"
"25,1 : 0.6989"
"1,26 : 0.8969"
"26,1 : 0.8969"
"1,27 : 0.5869"
"27,1 : 0.5869"
"1,28 : 0.37"
"28,1 : 0.37"
"1,29 : 0.4993"
"29,1 : 0.4993"
"1,30 : 0.9297"
"30,1 : 0.9297"
"1,31 : 0.4754"
"31,1 : 0.4754"
"1,32 : 0.5239"
"32,1 : 0.5239"
"1,33 : 0.2524"
"33,1 : 0.2524"
"1,34 : 0.4026"
"34,1 : 0.4026"
"1,35 : 0.5025"
"35,1 : 0.5025"
"1,36 : 0.1921"
"36,1 : 0.1921"
"1,37 : 0.5029"
"37,1 : 0.5029"
"1,38 : 0.286"
"38,1 : 0.286"
"1,39 : 0.5967"
"39,1 : 0.5967"
"1,40 : 0.8001"
"40,1 : 0.8001"
"1,41 : 0.4588"
"41,1 : 0.4588"
"1,42 : 0.6083"
"42,1 : 0.6083"
"1,43 : 0.4177"
"43,1 : 0.4177"
"1,44 : 0.4903"
"44,1 : 0.4903"
"1,45 : 0.2707"
"45,1 : 0.2707"
"1,46 : 0.8472"
"46,1 : 0.8472"
"1,47 : 0.7306"
"47,1 : 0.7306"
"1,48 : 0.7433"
"48,1 : 0.7433"
"1,49 : 0.5515"
"49,1 : 0.5515"
"1,50 : 0.6363"
"50,1 : 0.6363"
"1,51 : 0.5941"
"51,1 : 0.5941"
"1,52 : 0.3102"
"52,1 : 0.3102"
"1,53 : 0.5029"
"53,1 : 0.5029"
"1,54 : 0.4833"
"54,1 : 0.4833"
"1,55 : 0.3581"
"55,1 : 0.3581"
"1,56 : 0.8698"
"56,1 : 0.8698"
"1,57 : 0.4701"
"57,1 : 0.4701"
"1,58 : 0.7316"
"58,1 : 0.7316"
"1,59 : 0.7234"
"59,1 : 0.7234"
"1,60 : 0.1844"
"60,1 : 0.1844"
"1,61 : 0.6895"
"61,1 : 0.6895"
"1,62 : 0.7077"
"62,1 : 0.7077"
"1,63 : 0.1703"
"63,1 : 0.1703"
"1,64 : 0.6113"
"64,1 : 0.6113"
"1,65 : 0.7368"
"65,1 : 0.7368"
"1,66 : 1.0733"
"66,1 : 1.0733"
"1,67 : 0.9076"
"67,1 : 0.9076"
"1,68 : 0.6888"
"68,1 : 0.6888"
"1,69 : 0.2596"
"69,1 : 0.2596"
"1,70 : 0.5233"
"70,1 : 0.5233"
"1,71 : 0.5124"
"71,1 : 0.5124"
"1,72 : 0.15"
"72,1 : 0.15"
"1,73 : 0.6648"
"73,1 : 0.6648"
"1,74 : 0.678"
"74,1 : 0.678"
"1,75 : 0.5769"
"75,1 : 0.5769"
"1,76 : 0.5408"
"76,1 : 0.5408"
"1,77 : 0.5887"
"77,1 : 0.5887"
"1,78 : 0.676"
"78,1 : 0.676"
"1,79 : 0.9481"
"79,1 : 0.9481"
"1,80 : 0.3413"
"80,1 : 0.3413"
"1,81 : 0.6237"
"81,1 : 0.6237"
"1,82 : 0.3808"
"82,1 : 0.3808"
"1,83 : 0.1503"
"83,1 : 0.1503"
"1,84 : 0.8509"
"84,1 : 0.8509"
"1,85 : 0.7106"
"85,1 : 0.7106"
"1,86 : 0.9079"
"86,1 : 0.9079"
"1,87 : 0.7106"
"87,1 : 0.7106"
"1,88 : 0.7622"
"88,1 : 0.7622"
"1,89 : 1.0009"
"89,1 : 1.0009"
"1,90 : 0.4383"
"90,1 : 0.4383"
"1,91 : 0.4201"
"91,1 : 0.4201"
"1,92 : 0.6946"
"92,1 : 0.6946"
"1,93 : 0.8562"
"93,1 : 0.8562"
"1,94 : 1.0258"
"94,1 : 1.0258"
"1,95 : 0.5867"
"95,1 : 0.5867"
"1,96 : 0.755"
"96,1 : 0.755"
"1,97 : 0.6742"
"97,1 : 0.6742"
"1,98 : 0.7245"
"98,1 : 0.7245"
"1,99 : 0.1063"
"99,1 : 0.1063"
"2,3 : 0.5554"
"3,2 : 0.5554"
"2,4 : 0.5608"
"4,2 : 0.5608"
"2,5 : 0.3534"
"5,2 : 0.3534"
"2,6 : 0.5179"
"6,2 : 0.5179"
"2,7 : 0.6306"
"7,2 : 0.6306"
"2,8 : 0.6002"
"8,2 : 0.6002"
"2,9 : 0.5239"
"9,2 : 0.5239"
"2,10 : 0.3847"
"10,2 : 0.3847"
"2,11 : 0.2594"
"11,2 : 0.2594"
"2,12 : 0.386"
"12,2 : 0.386"
"2,13 : 0.454"
"13,2 : 0.454"
"2,14 : 0.211"
"14,2 : 0.211"
"2,15 : 0.2518"
"15,2 : 0.2518"
"2,16 : 0.3265"
"16,2 : 0.3265"
"2,17 : 0.1612"
"17,2 : 0.1612"
"2,18 : 0.2617"
"18,2 : 0.2617"
"2,19 : 0.5326"
"19,2 : 0.5326"
"2,20 : 0.2088"
"20,2 : 0.2088"
"2,21 : 0.05"
"21,2 : 0.05"
"2,22 : 0.6042"
"22,2 : 0.6042"
"2,23 : 0.5622"
"23,2 : 0.5622"
"2,24 : 0.2377"
"24,2 : 0.2377"
"2,25 : 0.2617"
"25,2 : 0.2617"
"2,26 : 0.4522"
"26,2 : 0.4522"
"2,27 : 0.211"
"27,2 : 0.211"
"2,28 : 0.0943"
"28,2 : 0.0943"
"2,29 : 0.4704"
"29,2 : 0.4704"
"2,30 : 0.6931"
"30,2 : 0.6931"
"2,31 : 0.3256"
"31,2 : 0.3256"
"2,32 : 0.3384"
"32,2 : 0.3384"
"2,33 : 0.1992"
"33,2 : 0.1992"
"2,34 : 0.6619"
"34,2 : 0.6619"
"2,35 : 0.2693"
"35,2 : 0.2693"
"2,36 : 0.2625"
"36,2 : 0.2625"
"2,37 : 0.3754"
"37,2 : 0.3754"
"2,38 : 0.1726"
"38,2 : 0.1726"
"2,39 : 0.1897"
"39,2 : 0.1897"
"2,40 : 0.4518"
"40,2 : 0.4518"
"2,41 : 0.3612"
"41,2 : 0.3612"
"2,42 : 0.5"
"42,2 : 0.5"
"2,43 : 0.4884"
"43,2 : 0.4884"
"2,44 : 0.3105"
"44,2 : 0.3105"
"2,45 : 0.6303"
"45,2 : 0.6303"
"2,46 : 0.5382"
"46,2 : 0.5382"
"2,47 : 0.3712"
"47,2 : 0.3712"
"2,48 : 0.3106"
"48,2 : 0.3106"
"2,49 : 0.2193"
"49,2 : 0.2193"
"2,50 : 0.1921"
"50,2 : 0.1921"
"2,51 : 0.3302"
"51,2 : 0.3302"
"2,52 : 0.4245"
"52,2 : 0.4245"
"2,53 : 0.359"
"53,2 : 0.359"
"2,54 : 0.3124"
"54,2 : 0.3124"
"2,55 : 0.5255"
"55,2 : 0.5255"
"2,56 : 0.4295"
"56,2 : 0.4295"
"2,57 : 0.4909"
"57,2 : 0.4909"
"2,58 : 0.3276"
"58,2 : 0.3276"
"2,59 : 0.3454"
"59,2 : 0.3454"
"2,60 : 0.2864"
"60,2 : 0.2864"
"2,61 : 0.4974"
"61,2 : 0.4974"
"2,62 : 0.2625"
"62,2 : 0.2625"
"2,63 : 0.2983"
"63,2 : 0.2983"
"2,64 : 0.1942"
"64,2 : 0.1942"
"2,65 : 0.3015"
"65,2 : 0.3015"
"2,66 : 0.6261"
"66,2 : 0.6261"
"2,67 : 0.4687"
"67,2 : 0.4687"
"2,68 : 0.2417"
"68,2 : 0.2417"
"2,69 : 0.1985"
"69,2 : 0.1985"
"2,70 : 0.4357"
"70,2 : 0.4357"
"2,71 : 0.3829"
"71,2 : 0.3829"
"2,72 : 0.5315"
"72,2 : 0.5315"
"2,73 : 0.2864"
"73,2 : 0.2864"
"2,74 : 0.2524"
"74,2 : 0.2524"
"2,75 : 0.1442"
"75,2 : 0.1442"
"2,76 : 0.3956"
"76,2 : 0.3956"
"2,77 : 0.3982"
"77,2 : 0.3982"
"2,78 : 0.3962"
"78,2 : 0.3962"
"2,79 : 0.5009"
"79,2 : 0.5009"
"2,80 : 0.2377"
"80,2 : 0.2377"
"2,81 : 0.3912"
"81,2 : 0.3912"
"2,82 : 0.6042"
"82,2 : 0.6042"
"2,83 : 0.524"
"83,2 : 0.524"
"2,84 : 0.41"
"84,2 : 0.41"
"2,85 : 0.3536"
"85,2 : 0.3536"
"2,86 : 0.4607"
"86,2 : 0.4607"
"2,87 : 0.386"
"87,2 : 0.386"
"2,88 : 0.5522"
"88,2 : 0.5522"
"2,89 : 0.5566"
"89,2 : 0.5566"
"2,90 : 0.4001"
"90,2 : 0.4001"
"2,91 : 0.191"
"91,2 : 0.191"
"2,92 : 0.5852"
"92,2 : 0.5852"
"2,93 : 0.4301"
"93,2 : 0.4301"
"2,94 : 0.5798"
"94,2 : 0.5798"
"2,95 : 0.1421"
"95,2 : 0.1421"
"2,96 : 0.3437"
"96,2 : 0.3437"
"2,97 : 0.3722"
"97,2 : 0.3722"
"2,98 : 0.577"
"98,2 : 0.577"
"2,99 : 0.4328"
"99,2 : 0.4328"
"3,4 : 0.3499"
"4,3 : 0.3499"
"3,5 : 0.8602"
"5,3 : 0.8602"
"3,6 : 0.222"
"6,3 : 0.222"
"3,7 : 0.0762"
"7,3 : 0.0762"
"3,8 : 0.0539"
"8,3 : 0.0539"
"3,9 : 0.481"
"9,3 : 0.481"
"3,10 : 0.5412"
"10,3 : 0.5412"
"3,11 : 0.7701"
"11,3 : 0.7701"
"3,12 : 0.9102"
"12,3 : 0.9102"
"3,13 : 0.5769"
"13,3 : 0.5769"
"3,14 : 0.5261"
"14,3 : 0.5261"
"3,15 : 0.636"
"15,3 : 0.636"
"3,16 : 0.3511"
"16,3 : 0.3511"
"3,17 : 0.6762"
"17,3 : 0.6762"
"3,18 : 0.5846"
"18,3 : 0.5846"
"3,19 : 0.3441"
"19,3 : 0.3441"
"3,20 : 0.7433"
"20,3 : 0.7433"
"3,21 : 0.507"
"21,3 : 0.507"
"3,22 : 0.05"
"22,3 : 0.05"
"3,23 : 0.0825"
"23,3 : 0.0825"
"3,24 : 0.5701"
"24,3 : 0.5701"
"3,25 : 0.5846"
"25,3 : 0.5846"
"3,26 : 0.8352"
"26,3 : 0.8352"
"3,27 : 0.758"
"27,3 : 0.758"
"3,28 : 0.494"
"28,3 : 0.494"
"3,29 : 0.1304"
"29,3 : 0.1304"
"3,30 : 0.3523"
"30,3 : 0.3523"
"3,31 : 0.8549"
"31,3 : 0.8549"
"3,32 : 0.8802"
"32,3 : 0.8802"
"3,33 : 0.5769"
"33,3 : 0.5769"
"3,34 : 0.4329"
"34,3 : 0.4329"
"3,35 : 0.2915"
"35,3 : 0.2915"
"3,36 : 0.5967"
"36,3 : 0.5967"
"3,37 : 0.9038"
"37,3 : 0.9038"
"3,38 : 0.5917"
"38,3 : 0.5917"
"3,39 : 0.4826"
"39,3 : 0.4826"
"3,40 : 0.4264"
"40,3 : 0.4264"
"3,41 : 0.2059"
"41,3 : 0.2059"
"3,42 : 0.0608"
"42,3 : 0.0608"
"3,43 : 0.228"
"43,3 : 0.228"
"3,44 : 0.2452"
"44,3 : 0.2452"
"3,45 : 0.5544"
"45,3 : 0.5544"
"3,46 : 0.386"
"46,3 : 0.386"
"3,47 : 0.4206"
"47,3 : 0.4206"
"3,48 : 0.5882"
"48,3 : 0.5882"
"3,49 : 0.3805"
"49,3 : 0.3805"
"3,50 : 0.6603"
"50,3 : 0.6603"
"3,51 : 0.2766"
"51,3 : 0.2766"
"3,52 : 0.845"
"52,3 : 0.845"
"3,53 : 0.1965"
"53,3 : 0.1965"
"3,54 : 0.8469"
"54,3 : 0.8469"
"3,55 : 0.3239"
"55,3 : 0.3239"
"3,56 : 0.6935"
"56,3 : 0.6935"
"3,57 : 0.9735"
"57,3 : 0.9735"
"3,58 : 0.507"
"58,3 : 0.507"
"3,59 : 0.4519"
"59,3 : 0.4519"
"3,60 : 0.6313"
"60,3 : 0.6313"
"3,61 : 0.1628"
"61,3 : 0.1628"
"3,62 : 0.6315"
"62,3 : 0.6315"
"3,63 : 0.5021"
"63,3 : 0.5021"
"3,64 : 0.5036"
"64,3 : 0.5036"
"3,65 : 0.5948"
"65,3 : 0.5948"
"3,66 : 0.9259"
"66,3 : 0.9259"
"3,67 : 0.7112"
"67,3 : 0.7112"
"3,68 : 0.6463"
"68,3 : 0.6463"
"3,69 : 0.4965"
"69,3 : 0.4965"
"3,70 : 0.1253"
"70,3 : 0.1253"
"3,71 : 0.9129"
"71,3 : 0.9129"
"3,72 : 0.563"
"72,3 : 0.563"
"3,73 : 0.4397"
"73,3 : 0.4397"
"3,74 : 0.7501"
"74,3 : 0.7501"
"3,75 : 0.6619"
"75,3 : 0.6619"
"3,76 : 0.1612"
"76,3 : 0.1612"
"3,77 : 0.9458"
"77,3 : 0.9458"
"3,78 : 0.9513"
"78,3 : 0.9513"
"3,79 : 0.8246"
"79,3 : 0.8246"
"3,80 : 0.3636"
"80,3 : 0.3636"
"3,81 : 0.2247"
"81,3 : 0.2247"
"3,82 : 0.3801"
"82,3 : 0.3801"
"3,83 : 0.5536"
"83,3 : 0.5536"
"3,84 : 0.6854"
"84,3 : 0.6854"
"3,85 : 0.8936"
"85,3 : 0.8936"
"3,86 : 0.8006"
"86,3 : 0.8006"
"3,87 : 0.3585"
"87,3 : 0.3585"
"3,88 : 0.2102"
"88,3 : 0.2102"
"3,89 : 0.8149"
"89,3 : 0.8149"
"3,90 : 0.198"
"90,3 : 0.198"
"3,91 : 0.3669"
"91,3 : 0.3669"
"3,92 : 0.0707"
"92,3 : 0.0707"
"3,93 : 0.6265"
"93,3 : 0.6265"
"3,94 : 0.9231"
"94,3 : 0.9231"
"3,95 : 0.6303"
"95,3 : 0.6303"
"3,96 : 0.5331"
"96,3 : 0.5331"
"3,97 : 0.9257"
"97,3 : 0.9257"
"3,98 : 0.1217"
"98,3 : 0.1217"
"3,99 : 0.5284"
"99,3 : 0.5284"
"4,5 : 0.7354"
"5,4 : 0.7354"
"4,6 : 0.5412"
"6,4 : 0.5412"
"4,7 : 0.368"
"7,4 : 0.368"
"4,8 : 0.3941"
"8,4 : 0.3941"
"4,9 : 0.1581"
"9,4 : 0.1581"
"4,10 : 0.3041"
"10,4 : 0.3041"
"4,11 : 0.6665"
"11,4 : 0.6665"
"4,12 : 0.7971"
"12,4 : 0.7971"
"4,13 : 0.3007"
"13,4 : 0.3007"
"4,14 : 0.405"
"14,4 : 0.405"
"4,15 : 0.7558"
"15,4 : 0.7558"
"4,16 : 0.2343"
"16,4 : 0.2343"
"4,17 : 0.7201"
"17,4 : 0.7201"
"4,18 : 0.4254"
"18,4 : 0.4254"
"4,19 : 0.0283"
"19,4 : 0.0283"
"4,20 : 0.6712"
"20,4 : 0.6712"
"4,21 : 0.5301"
"21,4 : 0.5301"
"4,22 : 0.378"
"22,4 : 0.378"
"4,23 : 0.4294"
"23,4 : 0.4294"
"4,24 : 0.7038"
"24,4 : 0.7038"
"4,25 : 0.4254"
"25,4 : 0.4254"
"4,26 : 0.6229"
"26,4 : 0.6229"
"4,27 : 0.7021"
"27,4 : 0.7021"
"4,28 : 0.5557"
"28,4 : 0.5557"
"4,29 : 0.4245"
"29,4 : 0.4245"
"4,30 : 0.1487"
"30,4 : 0.1487"
"4,31 : 0.8846"
"31,4 : 0.8846"
"4,32 : 0.8911"
"32,4 : 0.8911"
"4,33 : 0.6888"
"33,4 : 0.6888"
"4,34 : 0.7654"
"34,4 : 0.7654"
"4,35 : 0.3479"
"35,4 : 0.3479"
"4,36 : 0.7354"
"36,4 : 0.7354"
"4,37 : 0.9338"
"37,4 : 0.9338"
"4,38 : 0.6848"
"38,4 : 0.6848"
"4,39 : 0.3905"
"39,4 : 0.3905"
"4,40 : 0.153"
"40,4 : 0.153"
"4,41 : 0.4"
"41,4 : 0.4"
"4,42 : 0.3138"
"42,4 : 0.3138"
"4,43 : 0.5337"
"43,4 : 0.5337"
"4,44 : 0.3551"
"44,4 : 0.3551"
"4,45 : 0.8571"
"45,4 : 0.8571"
"4,46 : 0.051"
"46,4 : 0.051"
"4,47 : 0.2147"
"47,4 : 0.2147"
"4,48 : 0.3985"
"48,4 : 0.3985"
"4,49 : 0.3441"
"49,4 : 0.3441"
"4,50 : 0.5557"
"50,4 : 0.5557"
"4,51 : 0.2563"
"51,4 : 0.2563"
"4,52 : 0.9625"
"52,4 : 0.9625"
"4,53 : 0.3501"
"53,4 : 0.3501"
"4,54 : 0.87"
"54,4 : 0.87"
"4,55 : 0.6335"
"55,4 : 0.6335"
"4,56 : 0.4501"
"56,4 : 0.4501"
"4,57 : 1.05"
"57,4 : 1.05"
"4,58 : 0.3102"
"58,4 : 0.3102"
"4,59 : 0.255"
"59,4 : 0.255"
"4,60 : 0.7708"
"60,4 : 0.7708"
"4,61 : 0.1931"
"61,4 : 0.1931"
"4,62 : 0.4754"
"62,4 : 0.4754"
"4,63 : 0.6815"
"63,4 : 0.6815"
"4,64 : 0.4"
"64,4 : 0.4"
"4,65 : 0.4111"
"65,4 : 0.4111"
"4,66 : 0.6531"
"66,4 : 0.6531"
"4,67 : 0.451"
"67,4 : 0.451"
"4,68 : 0.5057"
"68,4 : 0.5057"
"4,69 : 0.6239"
"69,4 : 0.6239"
"4,70 : 0.3667"
"70,4 : 0.3667"
"4,71 : 0.9407"
"71,4 : 0.9407"
"4,72 : 0.8301"
"72,4 : 0.8301"
"4,73 : 0.2941"
"73,4 : 0.2941"
"4,74 : 0.6395"
"74,4 : 0.6395"
"4,75 : 0.5941"
"75,4 : 0.5941"
"4,76 : 0.3206"
"76,4 : 0.3206"
"4,77 : 0.9426"
"77,4 : 0.9426"
"4,78 : 0.9014"
"78,4 : 0.9014"
"4,79 : 0.5803"
"79,4 : 0.5803"
"4,80 : 0.507"
"80,4 : 0.507"
"4,81 : 0.222"
"81,4 : 0.222"
"4,82 : 0.706"
"82,4 : 0.706"
"4,83 : 0.8201"
"83,4 : 0.8201"
"4,84 : 0.451"
"84,4 : 0.451"
"4,85 : 0.8053"
"85,4 : 0.8053"
"4,86 : 0.5704"
"86,4 : 0.5704"
"4,87 : 0.1769"
"87,4 : 0.1769"
"4,88 : 0.1421"
"88,4 : 0.1421"
"4,89 : 0.5394"
"89,4 : 0.5394"
"4,90 : 0.4418"
"90,4 : 0.4418"
"4,91 : 0.4438"
"91,4 : 0.4438"
"4,92 : 0.2983"
"92,4 : 0.2983"
"4,93 : 0.37"
"93,4 : 0.37"
"4,94 : 0.6727"
"94,4 : 0.6727"
"4,95 : 0.5522"
"95,4 : 0.5522"
"4,96 : 0.3228"
"96,4 : 0.3228"
"4,97 : 0.8682"
"97,4 : 0.8682"
"4,98 : 0.2408"
"98,4 : 0.2408"
"4,99 : 0.7642"
"99,4 : 0.7642"
"5,6 : 0.864"
"6,5 : 0.864"
"5,7 : 0.9301"
"7,5 : 0.9301"
"5,8 : 0.9109"
"8,5 : 0.9109"
"5,9 : 0.6243"
"9,5 : 0.6243"
"5,10 : 0.4442"
"10,5 : 0.4442"
"5,11 : 0.0949"
"11,5 : 0.0949"
"5,12 : 0.064"
"12,5 : 0.064"
"5,13 : 0.4841"
"13,5 : 0.4841"
"5,14 : 0.3453"
"14,5 : 0.3453"
"5,15 : 0.5315"
"15,5 : 0.5315"
"5,16 : 0.5394"
"16,5 : 0.5394"
"5,17 : 0.3764"
"17,5 : 0.3764"
"5,18 : 0.3102"
"18,5 : 0.3102"
"5,19 : 0.7094"
"19,5 : 0.7094"
"5,20 : 0.15"
"20,5 : 0.15"
"5,21 : 0.3992"
"21,5 : 0.3992"
"5,22 : 0.9102"
"22,5 : 0.9102"
"5,23 : 0.8857"
"23,5 : 0.8857"
"5,24 : 0.5523"
"24,5 : 0.5523"
"5,25 : 0.3102"
"25,5 : 0.3102"
"5,26 : 0.228"
"26,5 : 0.228"
"5,27 : 0.1703"
"27,5 : 0.1703"
"5,28 : 0.4472"
"28,5 : 0.4472"
"5,29 : 0.8006"
"29,5 : 0.8006"
"5,30 : 0.8839"
"30,5 : 0.8839"
"5,31 : 0.3785"
"31,5 : 0.3785"
"5,32 : 0.3423"
"32,5 : 0.3423"
"5,33 : 0.5099"
"33,5 : 0.5099"
"5,34 : 1.0152"
"34,5 : 1.0152"
"5,35 : 0.5722"
"35,5 : 0.5722"
"5,36 : 0.5657"
"36,5 : 0.5657"
"5,37 : 0.402"
"37,5 : 0.402"
"5,38 : 0.4742"
"38,5 : 0.4742"
"5,39 : 0.3812"
"39,5 : 0.3812"
"5,40 : 0.586"
"40,5 : 0.586"
"5,41 : 0.6905"
"41,5 : 0.6905"
"5,42 : 0.8001"
"42,5 : 0.8001"
"5,43 : 0.8352"
"43,5 : 0.8352"
"5,44 : 0.6239"
"44,5 : 0.6239"
"5,45 : 0.9742"
"45,5 : 0.9742"
"5,46 : 0.6935"
"46,5 : 0.6935"
"5,47 : 0.522"
"47,5 : 0.522"
"5,48 : 0.34"
"48,5 : 0.34"
"5,49 : 0.48"
"49,5 : 0.48"
"5,50 : 0.2"
"50,5 : 0.2"
"5,51 : 0.5914"
"51,5 : 0.5914"
"5,52 : 0.5981"
"52,5 : 0.5981"
"5,53 : 0.6736"
"53,5 : 0.6736"
"5,54 : 0.359"
"54,5 : 0.359"
"5,55 : 0.8785"
"55,5 : 0.8785"
"5,56 : 0.3547"
"56,5 : 0.3547"
"5,57 : 0.5622"
"57,5 : 0.5622"
"5,58 : 0.4254"
"58,5 : 0.4254"
"5,59 : 0.481"
"59,5 : 0.481"
"5,60 : 0.5738"
"60,5 : 0.5738"
"5,61 : 0.7566"
"61,5 : 0.7566"
"5,62 : 0.26"
"62,5 : 0.26"
"5,63 : 0.636"
"63,5 : 0.636"
"5,64 : 0.3622"
"64,5 : 0.3622"
"5,65 : 0.3265"
"65,5 : 0.3265"
"5,66 : 0.4119"
"66,5 : 0.4119"
"5,67 : 0.386"
"67,5 : 0.386"
"5,68 : 0.2309"
"68,5 : 0.2309"
"5,69 : 0.5408"
"69,5 : 0.5408"
"5,70 : 0.7543"
"70,5 : 0.7543"
"5,71 : 0.4011"
"71,5 : 0.4011"
"5,72 : 0.8668"
"72,5 : 0.8668"
"5,73 : 0.4535"
"73,5 : 0.4535"
"5,74 : 0.1105"
"74,5 : 0.1105"
"5,75 : 0.2119"
"75,5 : 0.2119"
"5,76 : 0.7011"
"76,5 : 0.7011"
"5,77 : 0.3413"
"77,5 : 0.3413"
"5,78 : 0.2309"
"78,5 : 0.2309"
"5,79 : 0.3162"
"79,5 : 0.3162"
"5,80 : 0.5887"
"80,5 : 0.5887"
"5,81 : 0.6528"
"81,5 : 0.6528"
"5,82 : 0.9575"
"82,5 : 0.9575"
"5,83 : 0.8605"
"83,5 : 0.8605"
"5,84 : 0.3397"
"84,5 : 0.3397"
"5,85 : 0.1044"
"85,5 : 0.1044"
"5,86 : 0.2823"
"86,5 : 0.2823"
"5,87 : 0.5728"
"87,5 : 0.5728"
"5,88 : 0.7885"
"88,5 : 0.7885"
"5,89 : 0.4085"
"89,5 : 0.4085"
"5,90 : 0.7376"
"90,5 : 0.7376"
"5,91 : 0.5263"
"91,5 : 0.5263"
"5,92 : 0.8714"
"92,5 : 0.8714"
"5,93 : 0.4177"
"93,5 : 0.4177"
"5,94 : 0.3401"
"94,5 : 0.3401"
"5,95 : 0.2335"
"95,5 : 0.2335"
"5,96 : 0.4159"
"96,5 : 0.4159"
"5,97 : 0.1965"
"97,5 : 0.1965"
"5,98 : 0.8459"
"98,5 : 0.8459"
"5,99 : 0.7684"
"99,5 : 0.7684"
"6,7 : 0.2693"
"7,6 : 0.2693"
"6,8 : 0.2154"
"8,6 : 0.2154"
"6,9 : 0.6441"
"9,6 : 0.6441"
"6,10 : 0.6507"
"10,6 : 0.6507"
"6,11 : 0.7692"
"11,6 : 0.7692"
"6,12 : 0.9024"
"12,6 : 0.9024"
"6,13 : 0.7029"
"13,6 : 0.7029"
"6,14 : 0.5745"
"14,6 : 0.5745"
"6,15 : 0.506"
"15,6 : 0.506"
"6,16 : 0.4534"
"16,6 : 0.4534"
"6,17 : 0.5921"
"17,6 : 0.5921"
"6,18 : 0.6435"
"18,6 : 0.6435"
"6,19 : 0.5281"
"19,6 : 0.5281"
"6,20 : 0.7257"
"20,6 : 0.7257"
"6,21 : 0.4687"
"21,6 : 0.4687"
"6,22 : 0.2341"
"22,6 : 0.2341"
"6,23 : 0.1487"
"23,6 : 0.1487"
"6,24 : 0.4397"
"24,6 : 0.4397"
"6,25 : 0.6435"
"25,6 : 0.6435"
"6,26 : 0.8969"
"26,6 : 0.8969"
"6,27 : 0.7284"
"27,6 : 0.7284"
"6,28 : 0.4319"
"28,6 : 0.4319"
"6,29 : 0.117"
"29,6 : 0.117"
"6,30 : 0.5701"
"30,6 : 0.5701"
"6,31 : 0.7612"
"31,6 : 0.7612"
"6,32 : 0.7963"
"32,6 : 0.7963"
"6,33 : 0.461"
"33,6 : 0.461"
"6,34 : 0.2247"
"34,6 : 0.2247"
"6,35 : 0.322"
"35,6 : 0.322"
"6,36 : 0.4588"
"36,6 : 0.4588"
"6,37 : 0.806"
"37,6 : 0.806"
"6,38 : 0.4866"
"38,6 : 0.4866"
"6,39 : 0.5248"
"39,6 : 0.5248"
"6,40 : 0.5745"
"40,6 : 0.5745"
"6,41 : 0.1921"
"41,6 : 0.1921"
"6,42 : 0.2319"
"42,6 : 0.2319"
"6,43 : 0.03"
"43,6 : 0.03"
"6,44 : 0.2702"
"44,6 : 0.2702"
"6,45 : 0.3324"
"45,6 : 0.3324"
"6,46 : 0.5665"
"46,6 : 0.5665"
"6,47 : 0.5404"
"47,6 : 0.5404"
"6,48 : 0.664"
"48,6 : 0.664"
"6,49 : 0.4244"
"49,6 : 0.4244"
"6,50 : 0.6742"
"50,6 : 0.6742"
"6,51 : 0.3688"
"51,6 : 0.3688"
"6,52 : 0.6977"
"52,6 : 0.6977"
"6,53 : 0.2335"
"53,6 : 0.2335"
"6,54 : 0.758"
"54,6 : 0.758"
"6,55 : 0.102"
"55,6 : 0.102"
"6,56 : 0.7875"
"56,6 : 0.7875"
"6,57 : 0.8431"
"57,6 : 0.8431"
"6,58 : 0.6014"
"58,6 : 0.6014"
"6,59 : 0.559"
"59,6 : 0.559"
"6,60 : 0.4885"
"60,6 : 0.4885"
"6,61 : 0.3493"
"61,6 : 0.3493"
"6,62 : 0.681"
"62,6 : 0.681"
"6,63 : 0.3493"
"63,6 : 0.3493"
"6,64 : 0.5471"
"64,6 : 0.5471"
"6,65 : 0.6661"
"65,6 : 0.6661"
"6,66 : 1.023"
"66,6 : 1.023"
"6,67 : 0.8139"
"67,6 : 0.8139"
"6,68 : 0.6843"
"68,6 : 0.6843"
"6,69 : 0.3847"
"69,6 : 0.3847"
"6,70 : 0.1789"
"70,6 : 0.1789"
"6,71 : 0.8158"
"71,6 : 0.8158"
"6,72 : 0.3489"
"72,6 : 0.3489"
"6,73 : 0.524"
"73,6 : 0.524"
"6,74 : 0.7558"
"74,6 : 0.7558"
"6,75 : 0.6525"
"75,6 : 0.6525"
"6,76 : 0.2385"
"76,6 : 0.2385"
"6,77 : 0.8658"
"77,6 : 0.8658"
"6,78 : 0.9002"
"78,6 : 0.9002"
"6,79 : 0.908"
"79,6 : 0.908"
"6,80 : 0.2816"
"80,6 : 0.2816"
"6,81 : 0.3499"
"81,6 : 0.3499"
"6,82 : 0.1649"
"82,6 : 0.1649"
"6,83 : 0.34"
"83,6 : 0.34"
"6,84 : 0.7747"
"84,6 : 0.7747"
"6,85 : 0.8713"
"85,6 : 0.8713"
"6,86 : 0.8766"
"86,6 : 0.8766"
"6,87 : 0.4883"
"87,6 : 0.4883"
"6,88 : 0.4144"
"88,6 : 0.4144"
"6,89 : 0.9202"
"89,6 : 0.9202"
"6,90 : 0.136"
"90,6 : 0.136"
"6,91 : 0.3384"
"91,6 : 0.3384"
"6,92 : 0.2927"
"92,6 : 0.2927"
"6,93 : 0.7354"
"93,6 : 0.7354"
"6,94 : 1.0044"
"94,6 : 1.0044"
"6,95 : 0.6325"
"95,6 : 0.6325"
"6,96 : 0.6297"
"96,6 : 0.6297"
"6,97 : 0.8814"
"97,6 : 0.8814"
"6,98 : 0.3401"
"98,6 : 0.3401"
"6,99 : 0.3324"
"99,6 : 0.3324"
"7,8 : 0.0539"
"8,7 : 0.0539"
"7,9 : 0.5122"
"9,7 : 0.5122"
"7,10 : 0.5924"
"10,7 : 0.5924"
"7,11 : 0.841"
"11,7 : 0.841"
"7,12 : 0.9813"
"12,7 : 0.9813"
"7,13 : 0.6218"
"13,7 : 0.6218"
"7,14 : 0.5921"
"14,7 : 0.5921"
"7,15 : 0.7103"
"15,7 : 0.7103"
"7,16 : 0.41"
"16,7 : 0.41"
"7,17 : 0.7524"
"17,7 : 0.7524"
"7,18 : 0.6478"
"18,7 : 0.6478"
"7,19 : 0.368"
"19,7 : 0.368"
"7,20 : 0.8161"
"20,7 : 0.8161"
"7,21 : 0.5824"
"21,7 : 0.5824"
"7,22 : 0.0361"
"22,7 : 0.0361"
"7,23 : 0.1208"
"23,7 : 0.1208"
"7,24 : 0.644"
"24,7 : 0.644"
"7,25 : 0.6478"
"25,7 : 0.6478"
"7,26 : 0.895"
"26,7 : 0.895"
"7,27 : 0.8319"
"27,7 : 0.8319"
"7,28 : 0.5701"
"28,7 : 0.5701"
"7,29 : 0.198"
"29,7 : 0.198"
"7,30 : 0.3384"
"30,7 : 0.3384"
"7,31 : 0.9311"
"31,7 : 0.9311"
"7,32 : 0.9563"
"32,7 : 0.9563"
"7,33 : 0.6519"
"33,7 : 0.6519"
"7,34 : 0.4604"
"34,7 : 0.4604"
"7,35 : 0.365"
"35,7 : 0.365"
"7,36 : 0.6701"
"36,7 : 0.6701"
"7,37 : 0.9799"
"37,7 : 0.9799"
"7,38 : 0.6673"
"38,7 : 0.6673"
"7,39 : 0.5504"
"39,7 : 0.5504"
"7,40 : 0.4665"
"40,7 : 0.4665"
"7,41 : 0.2818"
"41,7 : 0.2818"
"7,42 : 0.1315"
"42,7 : 0.1315"
"7,43 : 0.2818"
"43,7 : 0.2818"
"7,44 : 0.3202"
"44,7 : 0.3202"
"7,45 : 0.5967"
"45,7 : 0.5967"
"7,46 : 0.4104"
"46,7 : 0.4104"
"7,47 : 0.4717"
"47,7 : 0.4717"
"7,48 : 0.6476"
"48,7 : 0.6476"
"7,49 : 0.4501"
"49,7 : 0.4501"
"7,50 : 0.7301"
"50,7 : 0.7301"
"7,51 : 0.3413"
"51,7 : 0.3413"
"7,52 : 0.9183"
"52,7 : 0.9183"
"7,53 : 0.272"
"53,7 : 0.272"
"7,54 : 0.9231"
"54,7 : 0.9231"
"7,55 : 0.37"
"55,7 : 0.37"
"7,56 : 0.7467"
"56,7 : 0.7467"
"7,57 : 1.0485"
"57,7 : 1.0485"
"7,58 : 0.5632"
"58,7 : 0.5632"
"7,59 : 0.506"
"59,7 : 0.506"
"7,60 : 0.7043"
"60,7 : 0.7043"
"7,61 : 0.2012"
"61,7 : 0.2012"
"7,62 : 0.6958"
"62,7 : 0.6958"
"7,63 : 0.5731"
"63,7 : 0.5731"
"7,64 : 0.5708"
"64,7 : 0.5708"
"7,65 : 0.6551"
"65,7 : 0.6551"
"7,66 : 0.9758"
"66,7 : 0.9758"
"7,67 : 0.7616"
"67,7 : 0.7616"
"7,68 : 0.7125"
"68,7 : 0.7125"
"7,69 : 0.5714"
"69,7 : 0.5714"
"7,70 : 0.2012"
"70,7 : 0.2012"
"7,71 : 0.989"
"71,7 : 0.989"
"7,72 : 0.6174"
"72,7 : 0.6174"
"7,73 : 0.5001"
"73,7 : 0.5001"
"7,74 : 0.8202"
"74,7 : 0.8202"
"7,75 : 0.7344"
"75,7 : 0.7344"
"7,76 : 0.2354"
"76,7 : 0.2354"
"7,77 : 1.0218"
"77,7 : 1.0218"
"7,78 : 1.0261"
"78,7 : 1.0261"
"7,79 : 0.8792"
"79,7 : 0.8792"
"7,80 : 0.4391"
"80,7 : 0.4391"
"7,81 : 0.2844"
"81,7 : 0.2844"
"7,82 : 0.4144"
"82,7 : 0.4144"
"7,83 : 0.6084"
"83,7 : 0.6084"
"7,84 : 0.74"
"84,7 : 0.74"
"7,85 : 0.9663"
"85,7 : 0.9663"
"7,86 : 0.8573"
"86,7 : 0.8573"
"7,87 : 0.4085"
"87,7 : 0.4085"
"7,88 : 0.2263"
"88,7 : 0.2263"
"7,89 : 0.8633"
"89,7 : 0.8633"
"7,90 : 0.2702"
"90,7 : 0.2702"
"7,91 : 0.4427"
"91,7 : 0.4427"
"7,92 : 0.0721"
"92,7 : 0.0721"
"7,93 : 0.6762"
"93,7 : 0.6762"
"7,94 : 0.9774"
"94,7 : 0.9774"
"7,95 : 0.7018"
"95,7 : 0.7018"
"7,96 : 0.5882"
"96,7 : 0.5882"
"7,97 : 1.0002"
"97,7 : 1.0002"
"7,98 : 0.1273"
"98,7 : 0.1273"
"7,99 : 0.5908"
"99,7 : 0.5908"
"8,9 : 0.5304"
"9,8 : 0.5304"
"8,10 : 0.5948"
"10,8 : 0.5948"
"8,11 : 0.8201"
"11,8 : 0.8201"
"8,12 : 0.96"
"12,8 : 0.96"
"8,13 : 0.6297"
"13,8 : 0.6297"
"8,14 : 0.5787"
"14,8 : 0.5787"
"8,15 : 0.6657"
"15,8 : 0.6657"
"8,16 : 0.405"
"16,8 : 0.405"
"8,17 : 0.7151"
"17,8 : 0.7151"
"8,18 : 0.6379"
"18,8 : 0.6379"
"8,19 : 0.3905"
"19,8 : 0.3905"
"8,20 : 0.7916"
"20,8 : 0.7916"
"8,21 : 0.5511"
"21,8 : 0.5511"
"8,22 : 0.02"
"22,8 : 0.02"
"8,23 : 0.0671"
"23,8 : 0.0671"
"8,24 : 0.5991"
"24,8 : 0.5991"
"8,25 : 0.6379"
"25,8 : 0.6379"
"8,26 : 0.8889"
"26,8 : 0.8889"
"8,27 : 0.805"
"27,8 : 0.805"
"8,28 : 0.5345"
"28,8 : 0.5345"
"8,29 : 0.15"
"29,8 : 0.15"
"8,30 : 0.3808"
"30,8 : 0.3808"
"8,31 : 0.8932"
"31,8 : 0.8932"
"8,32 : 0.9203"
"32,8 : 0.9203"
"8,33 : 0.609"
"33,8 : 0.609"
"8,34 : 0.41"
"34,8 : 0.41"
"8,35 : 0.3401"
"35,8 : 0.3401"
"8,36 : 0.6243"
"36,8 : 0.6243"
"8,37 : 0.9415"
"37,8 : 0.9415"
"8,38 : 0.6261"
"38,8 : 0.6261"
"8,39 : 0.5346"
"39,8 : 0.5346"
"8,40 : 0.478"
"40,8 : 0.478"
"8,41 : 0.2435"
"41,8 : 0.2435"
"8,42 : 0.114"
"42,8 : 0.114"
"8,43 : 0.2283"
"43,8 : 0.2283"
"8,44 : 0.2915"
"44,8 : 0.2915"
"8,45 : 0.5434"
"45,8 : 0.5434"
"8,46 : 0.4328"
"46,8 : 0.4328"
"8,47 : 0.4741"
"47,8 : 0.4741"
"8,48 : 0.642"
"48,8 : 0.642"
"8,49 : 0.4319"
"49,8 : 0.4319"
"8,50 : 0.7111"
"50,8 : 0.7111"
"8,51 : 0.3298"
"51,8 : 0.3298"
"8,52 : 0.872"
"52,8 : 0.872"
"8,53 : 0.2419"
"53,8 : 0.2419"
"8,54 : 0.886"
"54,8 : 0.886"
"8,55 : 0.3162"
"55,8 : 0.3162"
"8,56 : 0.7473"
"56,8 : 0.7473"
"8,57 : 1.005"
"57,8 : 1.005"
"8,58 : 0.5608"
"58,8 : 0.5608"
"8,59 : 0.5057"
"59,8 : 0.5057"
"8,60 : 0.658"
"60,8 : 0.658"
"8,61 : 0.2126"
"61,8 : 0.2126"
"8,62 : 0.6845"
"62,8 : 0.6845"
"8,63 : 0.525"
"63,8 : 0.525"
"8,64 : 0.5558"
"64,8 : 0.5558"
"8,65 : 0.6485"
"65,8 : 0.6485"
"8,66 : 0.9795"
"66,8 : 0.9795"
"8,67 : 0.7648"
"67,8 : 0.7648"
"8,68 : 0.6987"
"68,8 : 0.6987"
"8,69 : 0.5284"
"69,8 : 0.5284"
"8,70 : 0.1649"
"70,8 : 0.1649"
"8,71 : 0.9508"
"71,8 : 0.9508"
"8,72 : 0.5636"
"72,8 : 0.5636"
"8,73 : 0.4934"
"73,8 : 0.4934"
"8,74 : 0.8006"
"74,8 : 0.8006"
"8,75 : 0.7106"
"75,8 : 0.7106"
"8,76 : 0.21"
"76,8 : 0.21"
"8,77 : 0.9867"
"77,8 : 0.9867"
"8,78 : 0.9964"
"78,8 : 0.9964"
"8,79 : 0.8785"
"79,8 : 0.8785"
"8,80 : 0.3981"
"80,8 : 0.3981"
"8,81 : 0.2786"
"81,8 : 0.2786"
"8,82 : 0.3622"
"82,8 : 0.3622"
"8,83 : 0.5546"
"83,8 : 0.5546"
"8,84 : 0.7393"
"84,8 : 0.7393"
"8,85 : 0.9419"
"85,8 : 0.9419"
"8,86 : 0.8544"
"86,8 : 0.8544"
"8,87 : 0.4118"
"87,8 : 0.4118"
"8,88 : 0.2524"
"88,8 : 0.2524"
"8,89 : 0.8683"
"89,8 : 0.8683"
"8,90 : 0.2247"
"90,8 : 0.2247"
"8,91 : 0.41"
"91,8 : 0.41"
"8,92 : 0.0985"
"92,8 : 0.0985"
"8,93 : 0.68"
"93,8 : 0.68"
"8,94 : 0.9769"
"94,8 : 0.9769"
"8,95 : 0.68"
"95,8 : 0.68"
"8,96 : 0.5869"
"96,8 : 0.5869"
"8,97 : 0.9716"
"97,8 : 0.9716"
"8,98 : 0.1565"
"98,8 : 0.1565"
"8,99 : 0.5382"
"99,8 : 0.5382"
"9,10 : 0.1803"
"10,9 : 0.1803"
"9,11 : 0.5685"
"11,9 : 0.5685"
"9,12 : 0.688"
"12,9 : 0.688"
"9,13 : 0.153"
"13,9 : 0.153"
"9,14 : 0.3302"
"14,9 : 0.3302"
"9,15 : 0.7519"
"15,9 : 0.7519"
"9,16 : 0.23"
"16,9 : 0.23"
"9,17 : 0.6845"
"17,9 : 0.6845"
"9,18 : 0.3256"
"18,9 : 0.3256"
"9,19 : 0.1476"
"19,9 : 0.1476"
"9,20 : 0.5869"
"20,9 : 0.5869"
"9,21 : 0.506"
"21,9 : 0.506"
"9,22 : 0.5166"
"22,9 : 0.5166"
"9,23 : 0.5544"
"23,9 : 0.5544"
"9,24 : 0.7102"
"24,9 : 0.7102"
"9,25 : 0.3256"
"25,9 : 0.3256"
"9,26 : 0.4827"
"26,9 : 0.4827"
"9,27 : 0.6229"
"27,9 : 0.6229"
"9,28 : 0.5457"
"28,9 : 0.5457"
"9,29 : 0.5284"
"29,9 : 0.5284"
"9,30 : 0.29"
"30,9 : 0.29"
"9,31 : 0.8322"
"31,9 : 0.8322"
"9,32 : 0.8301"
"32,9 : 0.8301"
"9,33 : 0.6866"
"33,9 : 0.6866"
"9,34 : 0.8676"
"34,9 : 0.8676"
"9,35 : 0.3821"
"35,9 : 0.3821"
"9,36 : 0.7415"
"36,9 : 0.7415"
"9,37 : 0.8792"
"37,9 : 0.8792"
"9,38 : 0.6745"
"38,9 : 0.6745"
"9,39 : 0.3354"
"39,9 : 0.3354"
"9,40 : 0.08"
"40,9 : 0.08"
"9,41 : 0.4743"
"41,9 : 0.4743"
"9,42 : 0.4342"
"42,9 : 0.4342"
"9,43 : 0.6307"
"43,9 : 0.6307"
"9,44 : 0.41"
"44,9 : 0.41"
"9,45 : 0.9368"
"45,9 : 0.9368"
"9,46 : 0.1077"
"46,9 : 0.1077"
"9,47 : 0.1552"
"47,9 : 0.1552"
"9,48 : 0.286"
"48,9 : 0.286"
"9,49 : 0.3338"
"49,9 : 0.3338"
"9,50 : 0.4667"
"50,9 : 0.4667"
"9,51 : 0.2961"
"51,9 : 0.2961"
"9,52 : 0.9458"
"52,9 : 0.9458"
"9,53 : 0.4238"
"53,9 : 0.4238"
"9,54 : 0.8154"
"54,9 : 0.8154"
"9,55 : 0.7262"
"55,9 : 0.7262"
"9,56 : 0.3059"
"56,9 : 0.3059"
"9,57 : 1.0112"
"57,9 : 1.0112"
"9,58 : 0.2126"
"58,9 : 0.2126"
"9,59 : 0.1789"
"59,9 : 0.1789"
"9,60 : 0.7747"
"60,9 : 0.7747"
"9,61 : 0.3183"
"61,9 : 0.3183"
"9,62 : 0.3701"
"62,9 : 0.3701"
"9,63 : 0.7103"
"63,9 : 0.7103"
"9,64 : 0.3362"
"64,9 : 0.3362"
"9,65 : 0.3"
"65,9 : 0.3"
"9,66 : 0.4965"
"66,9 : 0.4965"
"9,67 : 0.3007"
"67,9 : 0.3007"
"9,68 : 0.4046"
"68,9 : 0.4046"
"9,69 : 0.6351"
"69,9 : 0.6351"
"9,70 : 0.4653"
"70,9 : 0.4653"
"9,71 : 0.8848"
"71,9 : 0.8848"
"9,72 : 0.8911"
"72,9 : 0.8911"
"9,73 : 0.2377"
"73,9 : 0.2377"
"9,74 : 0.5404"
"74,9 : 0.5404"
"9,75 : 0.5186"
"75,9 : 0.5186"
"9,76 : 0.4072"
"76,9 : 0.4072"
"9,77 : 0.8732"
"77,9 : 0.8732"
"9,78 : 0.8139"
"78,9 : 0.8139"
"9,79 : 0.431"
"79,9 : 0.431"
"9,80 : 0.5404"
"80,9 : 0.5404"
"9,81 : 0.2955"
"81,9 : 0.2955"
"9,82 : 0.8053"
"82,9 : 0.8053"
"9,83 : 0.8812"
"83,9 : 0.8812"
"9,84 : 0.3105"
"84,9 : 0.3105"
"9,85 : 0.706"
"85,9 : 0.706"
"9,86 : 0.4258"
"86,9 : 0.4258"
"9,87 : 0.1712"
"87,9 : 0.1712"
"9,88 : 0.2884"
"88,9 : 0.2884"
"9,89 : 0.3833"
"89,9 : 0.3833"
"9,90 : 0.5255"
"90,9 : 0.5255"
"9,91 : 0.4604"
"91,9 : 0.4604"
"9,92 : 0.4405"
"92,9 : 0.4405"
"9,93 : 0.2256"
"93,9 : 0.2256"
"9,94 : 0.5201"
"94,9 : 0.5201"
"9,95 : 0.4763"
"95,9 : 0.4763"
"9,96 : 0.2126"
"96,9 : 0.2126"
"9,97 : 0.779"
"97,9 : 0.779"
"9,98 : 0.386"
"98,9 : 0.386"
"9,99 : 0.813"
"99,9 : 0.813"
"10,11 : 0.3895"
"11,10 : 0.3895"
"10,12 : 0.5077"
"12,10 : 0.5077"
"10,13 : 0.07"
"13,10 : 0.07"
"10,14 : 0.1746"
"14,10 : 0.1746"
"10,15 : 0.6307"
"15,10 : 0.6307"
"10,16 : 0.1985"
"16,10 : 0.1985"
"10,17 : 0.5385"
"17,10 : 0.5385"
"10,18 : 0.15"
"18,10 : 0.15"
"10,19 : 0.2816"
"19,10 : 0.2816"
"10,20 : 0.4123"
"20,10 : 0.4123"
"10,21 : 0.3801"
"21,10 : 0.3801"
"10,22 : 0.586"
"22,10 : 0.586"
"10,23 : 0.5991"
"23,10 : 0.5991"
"10,24 : 0.6007"
"24,10 : 0.6007"
"10,25 : 0.15"
"25,10 : 0.15"
"10,26 : 0.3202"
"26,10 : 0.3202"
"10,27 : 0.45"
"27,10 : 0.45"
"10,28 : 0.4305"
"28,10 : 0.4305"
"10,29 : 0.5456"
"29,10 : 0.5456"
"10,30 : 0.4512"
"30,10 : 0.4512"
"10,31 : 0.6708"
"31,10 : 0.6708"
"10,32 : 0.6637"
"32,10 : 0.6637"
"10,33 : 0.57"
"33,10 : 0.57"
"10,34 : 0.8621"
"34,10 : 0.8621"
"10,35 : 0.3384"
"35,10 : 0.3384"
"10,36 : 0.6303"
"36,10 : 0.6303"
"10,37 : 0.7159"
"37,10 : 0.7159"
"10,38 : 0.5508"
"38,10 : 0.5508"
"10,39 : 0.2"
"39,10 : 0.2"
"10,40 : 0.1513"
"40,10 : 0.1513"
"10,41 : 0.461"
"41,10 : 0.461"
"10,42 : 0.4837"
"42,10 : 0.4837"
"10,43 : 0.6303"
"43,10 : 0.6303"
"10,44 : 0.3842"
"44,10 : 0.3842"
"10,45 : 0.8989"
"45,10 : 0.8989"
"10,46 : 0.2571"
"46,10 : 0.2571"
"10,47 : 0.1208"
"47,10 : 0.1208"
"10,48 : 0.1063"
"48,10 : 0.1063"
"10,49 : 0.2508"
"49,10 : 0.2508"
"10,50 : 0.2921"
"50,10 : 0.2921"
"10,51 : 0.2832"
"51,10 : 0.2832"
"10,52 : 0.8081"
"52,10 : 0.8081"
"10,53 : 0.4173"
"53,10 : 0.4173"
"10,54 : 0.653"
"54,10 : 0.653"
"10,55 : 0.714"
"55,10 : 0.714"
"10,56 : 0.1552"
"56,10 : 0.1552"
"10,57 : 0.8562"
"57,10 : 0.8562"
"10,58 : 0.0608"
"58,10 : 0.0608"
"10,59 : 0.0922"
"59,10 : 0.0922"
"10,60 : 0.66"
"60,10 : 0.66"
"10,61 : 0.3922"
"61,10 : 0.3922"
"10,62 : 0.191"
"62,10 : 0.191"
"10,63 : 0.6237"
"63,10 : 0.6237"
"10,64 : 0.191"
"64,10 : 0.191"
"10,65 : 0.1204"
"65,10 : 0.1204"
"10,66 : 0.3847"
"66,10 : 0.3847"
"10,67 : 0.17"
"67,10 : 0.17"
"10,68 : 0.2263"
"68,10 : 0.2263"
"10,69 : 0.5346"
"69,10 : 0.5346"
"10,70 : 0.4827"
"70,10 : 0.4827"
"10,71 : 0.7207"
"71,10 : 0.7207"
"10,72 : 0.8322"
"72,10 : 0.8322"
"10,73 : 0.1342"
"73,10 : 0.1342"
"10,74 : 0.3612"
"74,10 : 0.3612"
"10,75 : 0.3499"
"75,10 : 0.3499"
"10,76 : 0.4187"
"76,10 : 0.4187"
"10,77 : 0.7021"
"77,10 : 0.7021"
"10,78 : 0.6364"
"78,10 : 0.6364"
"10,79 : 0.2886"
"79,10 : 0.2886"
"10,80 : 0.4717"
"80,10 : 0.4717"
"10,81 : 0.3191"
"81,10 : 0.3191"
"10,82 : 0.7981"
"82,10 : 0.7981"
"10,83 : 0.8228"
"83,10 : 0.8228"
"10,84 : 0.1513"
"84,10 : 0.1513"
"10,85 : 0.5263"
"85,10 : 0.5263"
"10,86 : 0.2717"
"86,10 : 0.2717"
"10,87 : 0.1838"
"87,10 : 0.1838"
"10,88 : 0.3946"
"88,10 : 0.3946"
"10,89 : 0.2746"
"89,10 : 0.2746"
"10,90 : 0.5174"
"90,10 : 0.5174"
"10,91 : 0.3828"
"91,10 : 0.3828"
"10,92 : 0.522"
"92,10 : 0.522"
"10,93 : 0.086"
"93,10 : 0.086"
"10,94 : 0.386"
"94,10 : 0.386"
"10,95 : 0.3089"
"95,10 : 0.3089"
"10,96 : 0.0412"
"96,10 : 0.0412"
"10,97 : 0.6011"
"97,10 : 0.6011"
"10,98 : 0.478"
"98,10 : 0.478"
"10,99 : 0.7433"
"99,10 : 0.7433"
"11,12 : 0.1404"
"12,11 : 0.1404"
"11,13 : 0.4393"
"13,11 : 0.4393"
"11,14 : 0.2657"
"14,11 : 0.2657"
"11,15 : 0.4522"
"15,11 : 0.4522"
"11,16 : 0.4588"
"16,11 : 0.4588"
"11,17 : 0.3002"
"17,11 : 0.3002"
"11,18 : 0.2441"
"18,11 : 0.2441"
"11,19 : 0.6395"
"19,11 : 0.6395"
"11,20 : 0.0671"
"20,11 : 0.0671"
"11,21 : 0.3046"
"21,11 : 0.3046"
"11,22 : 0.8201"
"22,11 : 0.8201"
"11,23 : 0.7931"
"23,11 : 0.7931"
"11,24 : 0.4669"
"24,11 : 0.4669"
"11,25 : 0.2441"
"25,11 : 0.2441"
"11,26 : 0.2518"
"26,11 : 0.2518"
"11,27 : 0.102"
"27,11 : 0.102"
"11,28 : 0.3536"
"28,11 : 0.3536"
"11,29 : 0.7071"
"29,11 : 0.7071"
"11,30 : 0.8139"
"30,11 : 0.8139"
"11,31 : 0.3401"
"31,11 : 0.3401"
"11,32 : 0.314"
"32,11 : 0.314"
"11,33 : 0.4245"
"33,11 : 0.4245"
"11,34 : 0.9213"
"34,11 : 0.9213"
"11,35 : 0.4804"
"35,11 : 0.4804"
"11,36 : 0.4827"
"36,11 : 0.4827"
"11,37 : 0.3734"
"37,11 : 0.3734"
"11,38 : 0.3895"
"38,11 : 0.3895"
"11,39 : 0.2961"
"39,11 : 0.2961"
"11,40 : 0.5215"
"40,11 : 0.5215"
"11,41 : 0.5968"
"41,11 : 0.5968"
"11,42 : 0.7103"
"42,11 : 0.7103"
"11,43 : 0.7404"
"43,11 : 0.7404"
"11,44 : 0.5315"
"44,11 : 0.5315"
"11,45 : 0.8841"
"45,11 : 0.8841"
"11,46 : 0.6277"
"46,11 : 0.6277"
"11,47 : 0.4518"
"47,11 : 0.4518"
"11,48 : 0.2832"
"48,11 : 0.2832"
"11,49 : 0.3912"
"49,11 : 0.3912"
"11,50 : 0.114"
"50,11 : 0.114"
"11,51 : 0.5049"
"51,11 : 0.5049"
"11,52 : 0.5434"
"52,11 : 0.5434"
"11,53 : 0.5814"
"53,11 : 0.5814"
"11,54 : 0.3202"
"54,11 : 0.3202"
"11,55 : 0.7839"
"55,11 : 0.7839"
"11,56 : 0.3311"
"56,11 : 0.3311"
"11,57 : 0.5315"
"57,11 : 0.5315"
"11,58 : 0.3606"
"58,11 : 0.3606"
"11,59 : 0.4118"
"59,11 : 0.4118"
"11,60 : 0.4941"
"60,11 : 0.4941"
"11,61 : 0.6727"
"61,11 : 0.6727"
"11,62 : 0.1985"
"62,11 : 0.1985"
"11,63 : 0.5467"
"63,11 : 0.5467"
"11,64 : 0.2789"
"64,11 : 0.2789"
"11,65 : 0.2691"
"65,11 : 0.2691"
"11,66 : 0.4428"
"66,11 : 0.4428"
"11,67 : 0.3677"
"67,11 : 0.3677"
"11,68 : 0.164"
"68,11 : 0.164"
"11,69 : 0.45"
"69,11 : 0.45"
"11,70 : 0.6619"
"70,11 : 0.6619"
"11,71 : 0.3748"
"71,11 : 0.3748"
"11,72 : 0.779"
"72,11 : 0.779"
"11,73 : 0.377"
"73,11 : 0.377"
"11,74 : 0.0283"
"74,11 : 0.0283"
"11,75 : 0.117"
"75,11 : 0.117"
"11,76 : 0.6101"
"76,11 : 0.6101"
"11,77 : 0.3324"
"77,11 : 0.3324"
"11,78 : 0.2484"
"78,11 : 0.2484"
"11,79 : 0.3302"
"79,11 : 0.3302"
"11,80 : 0.494"
"80,11 : 0.494"
"11,81 : 0.5672"
"81,11 : 0.5672"
"11,82 : 0.8633"
"82,11 : 0.8633"
"11,83 : 0.7723"
"83,11 : 0.7723"
"11,84 : 0.313"
"84,11 : 0.313"
"11,85 : 0.1389"
"85,11 : 0.1389"
"11,86 : 0.2907"
"86,11 : 0.2907"
"11,87 : 0.4977"
"87,11 : 0.4977"
"11,88 : 0.7088"
"88,11 : 0.7088"
"11,89 : 0.4144"
"89,11 : 0.4144"
"11,90 : 0.6433"
"90,11 : 0.6433"
"11,91 : 0.4317"
"91,11 : 0.4317"
"11,92 : 0.7841"
"92,11 : 0.7841"
"11,93 : 0.3801"
"93,11 : 0.3801"
"11,94 : 0.3785"
"94,11 : 0.3785"
"11,95 : 0.1404"
"95,11 : 0.1404"
"11,96 : 0.3561"
"96,11 : 0.3561"
"11,97 : 0.2126"
"97,11 : 0.2126"
"11,98 : 0.7612"
"98,11 : 0.7612"
"11,99 : 0.6801"
"99,11 : 0.6801"
"12,13 : 0.5482"
"13,12 : 0.5482"
"12,14 : 0.4026"
"14,12 : 0.4026"
"12,15 : 0.5381"
"15,12 : 0.5381"
"12,16 : 0.5967"
"16,12 : 0.5967"
"12,17 : 0.3829"
"17,12 : 0.3829"
"12,18 : 0.3716"
"18,12 : 0.3716"
"12,19 : 0.7708"
"19,12 : 0.7708"
"12,20 : 0.1772"
"20,12 : 0.1772"
"12,21 : 0.4342"
"21,12 : 0.4342"
"12,22 : 0.9602"
"22,12 : 0.9602"
"12,23 : 0.9319"
"23,12 : 0.9319"
"12,24 : 0.5661"
"24,12 : 0.5661"
"12,25 : 0.3716"
"25,12 : 0.3716"
"12,26 : 0.2823"
"26,12 : 0.2823"
"12,27 : 0.1836"
"27,12 : 0.1836"
"12,28 : 0.4776"
"28,12 : 0.4776"
"12,29 : 0.8448"
"29,12 : 0.8448"
"12,30 : 0.9454"
"30,12 : 0.9454"
"12,31 : 0.3547"
"31,12 : 0.3547"
"12,32 : 0.3132"
"32,12 : 0.3132"
"12,33 : 0.5243"
"33,12 : 0.5243"
"12,34 : 1.0439"
"34,12 : 1.0439"
"12,35 : 0.6201"
"35,12 : 0.6201"
"12,36 : 0.5763"
"36,12 : 0.5763"
"12,37 : 0.3711"
"37,12 : 0.3711"
"12,38 : 0.4883"
"38,12 : 0.4883"
"12,39 : 0.4357"
"39,12 : 0.4357"
"12,40 : 0.6485"
"40,12 : 0.6485"
"12,41 : 0.7344"
"41,12 : 0.7344"
"12,42 : 0.8505"
"42,12 : 0.8505"
"12,43 : 0.8732"
"43,12 : 0.8732"
"12,44 : 0.6707"
"44,12 : 0.6707"
"12,45 : 0.9932"
"45,12 : 0.9932"
"12,46 : 0.7558"
"46,12 : 0.7558"
"12,47 : 0.5831"
"47,12 : 0.5831"
"12,48 : 0.4031"
"48,12 : 0.4031"
"12,49 : 0.5315"
"49,12 : 0.5315"
"12,50 : 0.2532"
"50,12 : 0.2532"
"12,51 : 0.645"
"51,12 : 0.645"
"12,52 : 0.5814"
"52,12 : 0.5814"
"12,53 : 0.7206"
"53,12 : 0.7206"
"12,54 : 0.3362"
"54,12 : 0.3362"
"12,55 : 0.9108"
"55,12 : 0.9108"
"12,56 : 0.4177"
"56,12 : 0.4177"
"12,57 : 0.5295"
"57,12 : 0.5295"
"12,58 : 0.4875"
"58,12 : 0.4875"
"12,59 : 0.5423"
"59,12 : 0.5423"
"12,60 : 0.5805"
"60,12 : 0.5805"
"12,61 : 0.8122"
"61,12 : 0.8122"
"12,62 : 0.322"
"62,12 : 0.322"
"12,63 : 0.6551"
"63,12 : 0.6551"
"12,64 : 0.4177"
"64,12 : 0.4177"
"12,65 : 0.3895"
"65,12 : 0.3895"
"12,66 : 0.4589"
"66,12 : 0.4589"
"12,67 : 0.4482"
"67,12 : 0.4482"
"12,68 : 0.2915"
"68,12 : 0.2915"
"12,69 : 0.5636"
"69,12 : 0.5636"
"12,70 : 0.801"
"70,12 : 0.801"
"12,71 : 0.3688"
"71,12 : 0.3688"
"12,72 : 0.8823"
"72,12 : 0.8823"
"12,73 : 0.5124"
"73,12 : 0.5124"
"12,74 : 0.1628"
"74,12 : 0.1628"
"12,75 : 0.2518"
"75,12 : 0.2518"
"12,76 : 0.75"
"76,12 : 0.75"
"12,77 : 0.3007"
"77,12 : 0.3007"
"12,78 : 0.1811"
"78,12 : 0.1811"
"12,79 : 0.3716"
"79,12 : 0.3716"
"12,80 : 0.6236"
"80,12 : 0.6236"
"12,81 : 0.7071"
"81,12 : 0.7071"
"12,82 : 0.9879"
"82,12 : 0.9879"
"12,83 : 0.8766"
"83,12 : 0.8766"
"12,84 : 0.4031"
"84,12 : 0.4031"
"12,85 : 0.0632"
"85,12 : 0.0632"
"12,86 : 0.34"
"86,12 : 0.34"
"12,87 : 0.6325"
"87,12 : 0.6325"
"12,88 : 0.8465"
"88,12 : 0.8465"
"12,89 : 0.4652"
"89,12 : 0.4652"
"12,90 : 0.7793"
"90,12 : 0.7793"
"12,91 : 0.5672"
"91,12 : 0.5672"
"12,92 : 0.9244"
"92,12 : 0.9244"
"12,93 : 0.4817"
"93,12 : 0.4817"
"12,94 : 0.3847"
"94,12 : 0.3847"
"12,95 : 0.28"
"95,12 : 0.28"
"12,96 : 0.4789"
"96,12 : 0.4789"
"12,97 : 0.15"
"97,12 : 0.15"
"12,98 : 0.9009"
"98,12 : 0.9009"
"12,99 : 0.7849"
"99,12 : 0.7849"
"13,14 : 0.2433"
"14,13 : 0.2433"
"13,15 : 0.7006"
"15,13 : 0.7006"
"13,16 : 0.25"
"16,13 : 0.25"
"13,17 : 0.6064"
"17,13 : 0.6064"
"13,18 : 0.2102"
"18,13 : 0.2102"
"13,19 : 0.2828"
"19,13 : 0.2828"
"13,20 : 0.4687"
"20,13 : 0.4687"
"13,21 : 0.4501"
"21,13 : 0.4501"
"13,22 : 0.6191"
"22,13 : 0.6191"
"13,23 : 0.6403"
"23,13 : 0.6403"
"13,24 : 0.6707"
