x,y
0.38,0.7
0.86,0.98
0.08,0.33
0.17,0.62
0.43,0.13
0.73,0.02
0.72,0.23
0.43,0.61
0.55,0.55
0.89,0.97
0.47,0.42
0.18,0.22
0.16,0.89
0.16,0.55
0.85,0.14
0.96,0.06
0.96,0.54
0.67,0.53
0.01,0.17
0.61,0.11
0.15,0.06
0.55,0.12
0.91,0.07
0.64,0.42
0.95,0.35
0.49,0.45
0.01,0.69
0.76,0.86
0.29,0.64
0.0,0.26
0.28,0.76
0.89,0.51
0.93,0.45
0.02,0.68
0.26,0.02
0.27,0.35
0.95,0.76
0.76,0.18
0.56,0.19
0.31,0.01
0.27,0.93
0.5,0.65
0.17,0.38
0.53,0.98
0.37,0.03
0.4,0.97
0.05,0.95
0.53,0.06
0.23,0.1
0.25,0.77
0.09,0.66
0.57,0.33
0.95,0.49
0.72,0.37
0.57,0.8
0.32,0.9
0.86,0.73
0.4,0.34
0.29,0.59
0.2,0.36
0.51,0.92
0.73,0.17
0.49,0.06
0.51,0.74
0.22,0.09
0.97,0.87
0.8,0.71
0.46,0.29
0.28,0.94
0.48,0.99
0.47,0.5
0.76,0.06
0.47,0.93
0.3,0.51
0.65,0.26
0.77,0.09
0.71,0.66
1.0,0.68
0.66,0.86
0.64,0.22
0.84,0.07
0.36,0.76
0.53,0.87
0.82,0.15
0.64,0.68
0.51,0.64
0.21,0.21
0.15,0.87
0.08,0.19
0.56,0.28
0.75,0.13
0.55,0.65
0.61,0.4
0.78,0.83
0.61,0.55
0.06,0.79
0.09,0.55
0.59,0.96
0.16,0.21
0.89,0.77

Distanze
"0,1 : 0.5557"
"1,0 : 0.5557"
"0,2 : 0.4763"
"2,0 : 0.4763"
"0,3 : 0.2247"
"3,0 : 0.2247"
"0,4 : 0.5722"
"4,0 : 0.5722"
"0,5 : 0.7648"
"5,0 : 0.7648"
"0,6 : 0.5801"
"6,0 : 0.5801"
"0,7 : 0.103"
"7,0 : 0.103"
"0,8 : 0.2267"
"8,0 : 0.2267"
"0,9 : 0.5771"
"9,0 : 0.5771"
"0,10 : 0.2941"
"10,0 : 0.2941"
"0,11 : 0.52"
"11,0 : 0.52"
"0,12 : 0.2907"
"12,0 : 0.2907"
"0,13 : 0.2663"
"13,0 : 0.2663"
"0,14 : 0.7311"
"14,0 : 0.7311"
"0,15 : 0.8637"
"15,0 : 0.8637"
"0,16 : 0.6017"
"16,0 : 0.6017"
"0,17 : 0.3362"
"17,0 : 0.3362"
"0,18 : 0.6464"
"18,0 : 0.6464"
"0,19 : 0.6332"
"19,0 : 0.6332"
"0,20 : 0.6801"
"20,0 : 0.6801"
"0,21 : 0.6044"
"21,0 : 0.6044"
"0,22 : 0.8233"
"22,0 : 0.8233"
"0,23 : 0.3821"
"23,0 : 0.3821"
"0,24 : 0.6689"
"24,0 : 0.6689"
"0,25 : 0.2731"
"25,0 : 0.2731"
"0,26 : 0.3701"
"26,0 : 0.3701"
"0,27 : 0.4123"
"27,0 : 0.4123"
"0,28 : 0.1082"
"28,0 : 0.1082"
"0,29 : 0.5814"
"29,0 : 0.5814"
"0,30 : 0.1166"
"30,0 : 0.1166"
"0,31 : 0.5442"
"31,0 : 0.5442"
"0,32 : 0.6042"
"32,0 : 0.6042"
"0,33 : 0.3606"
"33,0 : 0.3606"
"0,34 : 0.6905"
"34,0 : 0.6905"
"0,35 : 0.3669"
"35,0 : 0.3669"
"0,36 : 0.5731"
"36,0 : 0.5731"
"0,37 : 0.644"
"37,0 : 0.644"
"0,38 : 0.5408"
"38,0 : 0.5408"
"0,39 : 0.6935"
"39,0 : 0.6935"
"0,40 : 0.255"
"40,0 : 0.255"
"0,41 : 0.13"
"41,0 : 0.13"
"0,42 : 0.3828"
"42,0 : 0.3828"
"0,43 : 0.3176"
"43,0 : 0.3176"
"0,44 : 0.6701"
"44,0 : 0.6701"
"0,45 : 0.2707"
"45,0 : 0.2707"
"0,46 : 0.414"
"46,0 : 0.414"
"0,47 : 0.6573"
"47,0 : 0.6573"
"0,48 : 0.6185"
"48,0 : 0.6185"
"0,49 : 0.1476"
"49,0 : 0.1476"
"0,50 : 0.2927"
"50,0 : 0.2927"
"0,51 : 0.4159"
"51,0 : 0.4159"
"0,52 : 0.6075"
"52,0 : 0.6075"
"0,53 : 0.4738"
"53,0 : 0.4738"
"0,54 : 0.2147"
"54,0 : 0.2147"
"0,55 : 0.2088"
"55,0 : 0.2088"
"0,56 : 0.4809"
"56,0 : 0.4809"
"0,57 : 0.3606"
"57,0 : 0.3606"
"0,58 : 0.1421"
"58,0 : 0.1421"
"0,59 : 0.3847"
"59,0 : 0.3847"
"0,60 : 0.2555"
"60,0 : 0.2555"
"0,61 : 0.6351"
"61,0 : 0.6351"
"0,62 : 0.6494"
"62,0 : 0.6494"
"0,63 : 0.136"
"63,0 : 0.136"
"0,64 : 0.6306"
"64,0 : 0.6306"
"0,65 : 0.614"
"65,0 : 0.614"
"0,66 : 0.4201"
"66,0 : 0.4201"
"0,67 : 0.4177"
"67,0 : 0.4177"
"0,68 : 0.26"
"68,0 : 0.26"
"0,69 : 0.3068"
"69,0 : 0.3068"
"0,70 : 0.2193"
"70,0 : 0.2193"
"0,71 : 0.7443"
"71,0 : 0.7443"
"0,72 : 0.247"
"72,0 : 0.247"
"0,73 : 0.2062"
"73,0 : 0.2062"
"0,74 : 0.5162"
"74,0 : 0.5162"
"0,75 : 0.724"
"75,0 : 0.724"
"0,76 : 0.3324"
"76,0 : 0.3324"
"0,77 : 0.6203"
"77,0 : 0.6203"
"0,78 : 0.3225"
"78,0 : 0.3225"
"0,79 : 0.5459"
"79,0 : 0.5459"
"0,80 : 0.7801"
"80,0 : 0.7801"
"0,81 : 0.0632"
"81,0 : 0.0632"
"0,82 : 0.2267"
"82,0 : 0.2267"
"0,83 : 0.7043"
"83,0 : 0.7043"
"0,84 : 0.2608"
"84,0 : 0.2608"
"0,85 : 0.1432"
"85,0 : 0.1432"
"0,86 : 0.5187"
"86,0 : 0.5187"
"0,87 : 0.286"
"87,0 : 0.286"
"0,88 : 0.5917"
"88,0 : 0.5917"
"0,89 : 0.4569"
"89,0 : 0.4569"
"0,90 : 0.6796"
"90,0 : 0.6796"
"0,91 : 0.1772"
"91,0 : 0.1772"
"0,92 : 0.378"
"92,0 : 0.378"
"0,93 : 0.4206"
"93,0 : 0.4206"
"0,94 : 0.2746"
"94,0 : 0.2746"
"0,95 : 0.3324"
"95,0 : 0.3324"
"0,96 : 0.3265"
"96,0 : 0.3265"
"0,97 : 0.3342"
"97,0 : 0.3342"
"0,98 : 0.5371"
"98,0 : 0.5371"
"0,99 : 0.5148"
"99,0 : 0.5148"
"1,2 : 1.0153"
"2,1 : 1.0153"
"1,3 : 0.7783"
"3,1 : 0.7783"
"1,4 : 0.9526"
"4,1 : 0.9526"
"1,5 : 0.9688"
"5,1 : 0.9688"
"1,6 : 0.763"
"6,1 : 0.763"
"1,7 : 0.5673"
"7,1 : 0.5673"
"1,8 : 0.5301"
"8,1 : 0.5301"
"1,9 : 0.0316"
"9,1 : 0.0316"
"1,10 : 0.6824"
"10,1 : 0.6824"
"1,11 : 1.0198"
"11,1 : 1.0198"
"1,12 : 0.7058"
"12,1 : 0.7058"
"1,13 : 0.8215"
"13,1 : 0.8215"
"1,14 : 0.8401"
"14,1 : 0.8401"
"1,15 : 0.9254"
"15,1 : 0.9254"
"1,16 : 0.4512"
"16,1 : 0.4512"
"1,17 : 0.4885"
"17,1 : 0.4885"
"1,18 : 1.1741"
"18,1 : 1.1741"
"1,19 : 0.9052"
"19,1 : 0.9052"
"1,20 : 1.1621"
"20,1 : 1.1621"
"1,21 : 0.9142"
"21,1 : 0.9142"
"1,22 : 0.9114"
"22,1 : 0.9114"
"1,23 : 0.6017"
"23,1 : 0.6017"
"1,24 : 0.6364"
"24,1 : 0.6364"
"1,25 : 0.6464"
"25,1 : 0.6464"
"1,26 : 0.8981"
"26,1 : 0.8981"
"1,27 : 0.1562"
"27,1 : 0.1562"
"1,28 : 0.6637"
"28,1 : 0.6637"
"1,29 : 1.1216"
"29,1 : 1.1216"
"1,30 : 0.6203"
"30,1 : 0.6203"
"1,31 : 0.471"
"31,1 : 0.471"
"1,32 : 0.5346"
"32,1 : 0.5346"
"1,33 : 0.892"
"33,1 : 0.892"
"1,34 : 1.1321"
"34,1 : 1.1321"
"1,35 : 0.8631"
"35,1 : 0.8631"
"1,36 : 0.2377"
"36,1 : 0.2377"
"1,37 : 0.8062"
"37,1 : 0.8062"
"1,38 : 0.845"
"38,1 : 0.845"
"1,39 : 1.1151"
"39,1 : 1.1151"
"1,40 : 0.5921"
"40,1 : 0.5921"
"1,41 : 0.4884"
"41,1 : 0.4884"
"1,42 : 0.9144"
"42,1 : 0.9144"
"1,43 : 0.33"
"43,1 : 0.33"
"1,44 : 1.0689"
"44,1 : 1.0689"
"1,45 : 0.4601"
"45,1 : 0.4601"
"1,46 : 0.8106"
"46,1 : 0.8106"
"1,47 : 0.9774"
"47,1 : 0.9774"
"1,48 : 1.0823"
"48,1 : 1.0823"
"1,49 : 0.6451"
"49,1 : 0.6451"
"1,50 : 0.8338"
"50,1 : 0.8338"
"1,51 : 0.7118"
"51,1 : 0.7118"
"1,52 : 0.4982"
"52,1 : 0.4982"
"1,53 : 0.6259"
"53,1 : 0.6259"
"1,54 : 0.3413"
"54,1 : 0.3413"
"1,55 : 0.5459"
"55,1 : 0.5459"
"1,56 : 0.25"
"56,1 : 0.25"
"1,57 : 0.7882"
"57,1 : 0.7882"
"1,58 : 0.6907"
"58,1 : 0.6907"
"1,59 : 0.9055"
"59,1 : 0.9055"
"1,60 : 0.3551"
"60,1 : 0.3551"
"1,61 : 0.8204"
"61,1 : 0.8204"
"1,62 : 0.9916"
"62,1 : 0.9916"
"1,63 : 0.4244"
"63,1 : 0.4244"
"1,64 : 1.0962"
"64,1 : 1.0962"
"1,65 : 0.1556"
"65,1 : 0.1556"
"1,66 : 0.2766"
"66,1 : 0.2766"
"1,67 : 0.7976"
"67,1 : 0.7976"
"1,68 : 0.5814"
"68,1 : 0.5814"
"1,69 : 0.3801"
"69,1 : 0.3801"
"1,70 : 0.6185"
"70,1 : 0.6185"
"1,71 : 0.9254"
"71,1 : 0.9254"
"1,72 : 0.3932"
"72,1 : 0.3932"
"1,73 : 0.7311"
"73,1 : 0.7311"
"1,74 : 0.75"
"74,1 : 0.75"
"1,75 : 0.8945"
"75,1 : 0.8945"
"1,76 : 0.3534"
"76,1 : 0.3534"
"1,77 : 0.3311"
"77,1 : 0.3311"
"1,78 : 0.2332"
"78,1 : 0.2332"
"1,79 : 0.7912"
"79,1 : 0.7912"
"1,80 : 0.9102"
"80,1 : 0.9102"
"1,81 : 0.5463"
"81,1 : 0.5463"
"1,82 : 0.3479"
"82,1 : 0.3479"
"1,83 : 0.831"
"83,1 : 0.831"
"1,84 : 0.372"
"84,1 : 0.372"
"1,85 : 0.488"
"85,1 : 0.488"
"1,86 : 1.0077"
"86,1 : 1.0077"
"1,87 : 0.7185"
"87,1 : 0.7185"
"1,88 : 1.1102"
"88,1 : 1.1102"
"1,89 : 0.7616"
"89,1 : 0.7616"
"1,90 : 0.8571"
"90,1 : 0.8571"
"1,91 : 0.4528"
"91,1 : 0.4528"
"1,92 : 0.6316"
"92,1 : 0.6316"
"1,93 : 0.17"
"93,1 : 0.17"
"1,94 : 0.4974"
"94,1 : 0.4974"
"1,95 : 0.8223"
"95,1 : 0.8223"
"1,96 : 0.8819"
"96,1 : 0.8819"
"1,97 : 0.2707"
"97,1 : 0.2707"
"1,98 : 1.0406"
"98,1 : 1.0406"
"1,99 : 0.2121"
"99,1 : 0.2121"
"2,3 : 0.3036"
"3,2 : 0.3036"
"2,4 : 0.4031"
"4,2 : 0.4031"
"2,5 : 0.7201"
"5,2 : 0.7201"
"2,6 : 0.6478"
"6,2 : 0.6478"
"2,7 : 0.4482"
"7,2 : 0.4482"
"2,8 : 0.5189"
"8,2 : 0.5189"
"2,9 : 1.0323"
"9,2 : 1.0323"
"2,10 : 0.4002"
"10,2 : 0.4002"
"2,11 : 0.1487"
"11,2 : 0.1487"
"2,12 : 0.5657"
"12,2 : 0.5657"
"2,13 : 0.2341"
"13,2 : 0.2341"
"2,14 : 0.7931"
"14,2 : 0.7931"
"2,15 : 0.9205"
"15,2 : 0.9205"
"2,16 : 0.9047"
"16,2 : 0.9047"
"2,17 : 0.623"
"17,2 : 0.623"
"2,18 : 0.1746"
"18,2 : 0.1746"
"2,19 : 0.5738"
"19,2 : 0.5738"
"2,20 : 0.2789"
"20,2 : 0.2789"
"2,21 : 0.5148"
"21,2 : 0.5148"
"2,22 : 0.8698"
"22,2 : 0.8698"
"2,23 : 0.5672"
"23,2 : 0.5672"
"2,24 : 0.8702"
"24,2 : 0.8702"
"2,25 : 0.4272"
"25,2 : 0.4272"
"2,26 : 0.3667"
"26,2 : 0.3667"
"2,27 : 0.8621"
"27,2 : 0.8621"
"2,28 : 0.3744"
"28,2 : 0.3744"
"2,29 : 0.1063"
"29,2 : 0.1063"
"2,30 : 0.4742"
"30,2 : 0.4742"
"2,31 : 0.8298"
"31,2 : 0.8298"
"2,32 : 0.8584"
"32,2 : 0.8584"
"2,33 : 0.3551"
"33,2 : 0.3551"
"2,34 : 0.3585"
"34,2 : 0.3585"
"2,35 : 0.191"
"35,2 : 0.191"
"2,36 : 0.9705"
"36,2 : 0.9705"
"2,37 : 0.6963"
"37,2 : 0.6963"
"2,38 : 0.5"
"38,2 : 0.5"
"2,39 : 0.3941"
"39,2 : 0.3941"
"2,40 : 0.6294"
"40,2 : 0.6294"
"2,41 : 0.528"
"41,2 : 0.528"
"2,42 : 0.103"
"42,2 : 0.103"
"2,43 : 0.7906"
"43,2 : 0.7906"
"2,44 : 0.4173"
"44,2 : 0.4173"
"2,45 : 0.7155"
"45,2 : 0.7155"
"2,46 : 0.6207"
"46,2 : 0.6207"
"2,47 : 0.5248"
"47,2 : 0.5248"
"2,48 : 0.2746"
"48,2 : 0.2746"
"2,49 : 0.4717"
"49,2 : 0.4717"
"2,50 : 0.3302"
"50,2 : 0.3302"
"2,51 : 0.49"
"51,2 : 0.49"
"2,52 : 0.8846"
"52,2 : 0.8846"
"2,53 : 0.6412"
"53,2 : 0.6412"
"2,54 : 0.679"
"54,2 : 0.679"
"2,55 : 0.6185"
"55,2 : 0.6185"
"2,56 : 0.8766"
"56,2 : 0.8766"
"2,57 : 0.3202"
"57,2 : 0.3202"
"2,58 : 0.3342"
"58,2 : 0.3342"
"2,59 : 0.1237"
"59,2 : 0.1237"
"2,60 : 0.7301"
"60,2 : 0.7301"
"2,61 : 0.6694"
"61,2 : 0.6694"
"2,62 : 0.4909"
"62,2 : 0.4909"
"2,63 : 0.5941"
"63,2 : 0.5941"
"2,64 : 0.2778"
"64,2 : 0.2778"
"2,65 : 1.041"
"65,2 : 1.041"
"2,66 : 0.8141"
"66,2 : 0.8141"
"2,67 : 0.3821"
"67,2 : 0.3821"
"2,68 : 0.642"
"68,2 : 0.642"
"2,69 : 0.7718"
"69,2 : 0.7718"
"2,70 : 0.4254"
"70,2 : 0.4254"
"2,71 : 0.7316"
"71,2 : 0.7316"
"2,72 : 0.7156"
"72,2 : 0.7156"
"2,73 : 0.2843"
"73,2 : 0.2843"
"2,74 : 0.5743"
"74,2 : 0.5743"
"2,75 : 0.7305"
"75,2 : 0.7305"
"2,76 : 0.7112"
"76,2 : 0.7112"
"2,77 : 0.9843"
"77,2 : 0.9843"
"2,78 : 0.7857"
"78,2 : 0.7857"
"2,79 : 0.5707"
"79,2 : 0.5707"
"2,80 : 0.8032"
"80,2 : 0.8032"
"2,81 : 0.5131"
"81,2 : 0.5131"
"2,82 : 0.7029"
"82,2 : 0.7029"
"2,83 : 0.7616"
"83,2 : 0.7616"
"2,84 : 0.6604"
"84,2 : 0.6604"
"2,85 : 0.5301"
"85,2 : 0.5301"
"2,86 : 0.1769"
"86,2 : 0.1769"
"2,87 : 0.5445"
"87,2 : 0.5445"
"2,88 : 0.14"
"88,2 : 0.14"
"2,89 : 0.4826"
"89,2 : 0.4826"
"2,90 : 0.6992"
"90,2 : 0.6992"
"2,91 : 0.5686"
"91,2 : 0.5686"
"2,92 : 0.5346"
"92,2 : 0.5346"
"2,93 : 0.8602"
"93,2 : 0.8602"
"2,94 : 0.5738"
"94,2 : 0.5738"
"2,95 : 0.4604"
"95,2 : 0.4604"
"2,96 : 0.2202"
"96,2 : 0.2202"
"2,97 : 0.8106"
"97,2 : 0.8106"
"2,98 : 0.1442"
"98,2 : 0.1442"
"2,99 : 0.9218"
"99,2 : 0.9218"
"3,4 : 0.5547"
"4,3 : 0.5547"
"3,5 : 0.8207"
"5,3 : 0.8207"
"3,6 : 0.6742"
"6,3 : 0.6742"
"3,7 : 0.2602"
"7,3 : 0.2602"
"3,8 : 0.3864"
"8,3 : 0.3864"
"3,9 : 0.8006"
"9,3 : 0.8006"
"3,10 : 0.3606"
"10,3 : 0.3606"
"3,11 : 0.4001"
"11,3 : 0.4001"
"3,12 : 0.2702"
"12,3 : 0.2702"
"3,13 : 0.0707"
"13,3 : 0.0707"
"3,14 : 0.8323"
"14,3 : 0.8323"
"3,15 : 0.9683"
"15,3 : 0.9683"
"3,16 : 0.794"
"16,3 : 0.794"
"3,17 : 0.508"
"17,3 : 0.508"
"3,18 : 0.4776"
"18,3 : 0.4776"
"3,19 : 0.6736"
"19,3 : 0.6736"
"3,20 : 0.5604"
"20,3 : 0.5604"
"3,21 : 0.628"
"21,3 : 0.628"
"3,22 : 0.922"
"22,3 : 0.922"
"3,23 : 0.5108"
"23,3 : 0.5108"
"3,24 : 0.8254"
"24,3 : 0.8254"
"3,25 : 0.3624"
"25,3 : 0.3624"
"3,26 : 0.1746"
"26,3 : 0.1746"
"3,27 : 0.6369"
"27,3 : 0.6369"
"3,28 : 0.1217"
"28,3 : 0.1217"
"3,29 : 0.3981"
"29,3 : 0.3981"
"3,30 : 0.178"
"30,3 : 0.178"
"3,31 : 0.7284"
"31,3 : 0.7284"
"3,32 : 0.7788"
"32,3 : 0.7788"
"3,33 : 0.1616"
"33,3 : 0.1616"
"3,34 : 0.6067"
"34,3 : 0.6067"
"3,35 : 0.2879"
"35,3 : 0.2879"
"3,36 : 0.7925"
"36,3 : 0.7925"
"3,37 : 0.736"
"37,3 : 0.736"
"3,38 : 0.5805"
"38,3 : 0.5805"
"3,39 : 0.6259"
"39,3 : 0.6259"
"3,40 : 0.3257"
"40,3 : 0.3257"
"3,41 : 0.3314"
"41,3 : 0.3314"
"3,42 : 0.24"
"42,3 : 0.24"
"3,43 : 0.5091"
"43,3 : 0.5091"
"3,44 : 0.623"
"44,3 : 0.623"
"3,45 : 0.4188"
"45,3 : 0.4188"
"3,46 : 0.3511"
"46,3 : 0.3511"
"3,47 : 0.6657"
"47,3 : 0.6657"
"3,48 : 0.5235"
"48,3 : 0.5235"
"3,49 : 0.17"
"49,3 : 0.17"
"3,50 : 0.0894"
"50,3 : 0.0894"
"3,51 : 0.4941"
"51,3 : 0.4941"
"3,52 : 0.7908"
"52,3 : 0.7908"
"3,53 : 0.6042"
"53,3 : 0.6042"
"3,54 : 0.4386"
"54,3 : 0.4386"
"3,55 : 0.3176"
"55,3 : 0.3176"
"3,56 : 0.6987"
"56,3 : 0.6987"
"3,57 : 0.3624"
"57,3 : 0.3624"
"3,58 : 0.1237"
"58,3 : 0.1237"
"3,59 : 0.2617"
"59,3 : 0.2617"
"3,60 : 0.4534"
"60,3 : 0.4534"
"3,61 : 0.7184"
"61,3 : 0.7184"
"3,62 : 0.645"
"62,3 : 0.645"
"3,63 : 0.3606"
"63,3 : 0.3606"
"3,64 : 0.5324"
"64,3 : 0.5324"
"3,65 : 0.8382"
"65,3 : 0.8382"
"3,66 : 0.6364"
"66,3 : 0.6364"
"3,67 : 0.4393"
"67,3 : 0.4393"
"3,68 : 0.3384"
"68,3 : 0.3384"
"3,69 : 0.4827"
"69,3 : 0.4827"
"3,70 : 0.3231"
"70,3 : 0.3231"
"3,71 : 0.8134"
"71,3 : 0.8134"
"3,72 : 0.4314"
"72,3 : 0.4314"
"3,73 : 0.1703"
"73,3 : 0.1703"
"3,74 : 0.6"
"74,3 : 0.6"
"3,75 : 0.8006"
"75,3 : 0.8006"
"3,76 : 0.5415"
"76,3 : 0.5415"
"3,77 : 0.8322"
"77,3 : 0.8322"
"3,78 : 0.5456"
"78,3 : 0.5456"
"3,79 : 0.6172"
"79,3 : 0.6172"
"3,80 : 0.8668"
"80,3 : 0.8668"
"3,81 : 0.236"
"81,3 : 0.236"
"3,82 : 0.4383"
"82,3 : 0.4383"
"3,83 : 0.8021"
"83,3 : 0.8021"
"3,84 : 0.4738"
"84,3 : 0.4738"
"3,85 : 0.3406"
"85,3 : 0.3406"
"3,86 : 0.4119"
"86,3 : 0.4119"
"3,87 : 0.2508"
"87,3 : 0.2508"
"3,88 : 0.4393"
"88,3 : 0.4393"
"3,89 : 0.5174"
"89,3 : 0.5174"
"3,90 : 0.7593"
"90,3 : 0.7593"
"3,91 : 0.3812"
"91,3 : 0.3812"
"3,92 : 0.4919"
"92,3 : 0.4919"
"3,93 : 0.6451"
"93,3 : 0.6451"
"3,94 : 0.4455"
"94,3 : 0.4455"
"3,95 : 0.2025"
"95,3 : 0.2025"
"3,96 : 0.1063"
"96,3 : 0.1063"
"3,97 : 0.5404"
"97,3 : 0.5404"
"3,98 : 0.4101"
"98,3 : 0.4101"
"3,99 : 0.7355"
"99,3 : 0.7355"
"4,5 : 0.3195"
"5,4 : 0.3195"
"4,6 : 0.3068"
"6,4 : 0.3068"
"4,7 : 0.48"
"7,4 : 0.48"
"4,8 : 0.4368"
"8,4 : 0.4368"
"4,9 : 0.9577"
"9,4 : 0.9577"
"4,10 : 0.2927"
"10,4 : 0.2927"
"4,11 : 0.2657"
"11,4 : 0.2657"
"4,12 : 0.8065"
"12,4 : 0.8065"
"4,13 : 0.4993"
"13,4 : 0.4993"
"4,14 : 0.4201"
"14,4 : 0.4201"
"4,15 : 0.5346"
"15,4 : 0.5346"
"4,16 : 0.6701"
"16,4 : 0.6701"
"4,17 : 0.4665"
"17,4 : 0.4665"
"4,18 : 0.4219"
"18,4 : 0.4219"
"4,19 : 0.1811"
"19,4 : 0.1811"
"4,20 : 0.2886"
"20,4 : 0.2886"
"4,21 : 0.1204"
"21,4 : 0.1204"
"4,22 : 0.4837"
"22,4 : 0.4837"
"4,23 : 0.3581"
"23,4 : 0.3581"
"4,24 : 0.5646"
"24,4 : 0.5646"
"4,25 : 0.3256"
"25,4 : 0.3256"
"4,26 : 0.7"
"26,4 : 0.7"
"4,27 : 0.8011"
"27,4 : 0.8011"
"4,28 : 0.5289"
"28,4 : 0.5289"
"4,29 : 0.4492"
"29,4 : 0.4492"
"4,30 : 0.6476"
"30,4 : 0.6476"
"4,31 : 0.5967"
"31,4 : 0.5967"
"4,32 : 0.5936"
"32,4 : 0.5936"
"4,33 : 0.686"
"33,4 : 0.686"
"4,34 : 0.2025"
"34,4 : 0.2025"
"4,35 : 0.272"
"35,4 : 0.272"
"4,36 : 0.8169"
"36,4 : 0.8169"
"4,37 : 0.3338"
"37,4 : 0.3338"
"4,38 : 0.1432"
"38,4 : 0.1432"
"4,39 : 0.1697"
"39,4 : 0.1697"
"4,40 : 0.8158"
"40,4 : 0.8158"
"4,41 : 0.5247"
"41,4 : 0.5247"
"4,42 : 0.3607"
"42,4 : 0.3607"
"4,43 : 0.8559"
"43,4 : 0.8559"
"4,44 : 0.1166"
"44,4 : 0.1166"
"4,45 : 0.8405"
"45,4 : 0.8405"
"4,46 : 0.9038"
"46,4 : 0.9038"
"4,47 : 0.1221"
"47,4 : 0.1221"
"4,48 : 0.2022"
"48,4 : 0.2022"
"4,49 : 0.6648"
"49,4 : 0.6648"
"4,50 : 0.6297"
"50,4 : 0.6297"
"4,51 : 0.2441"
"51,4 : 0.2441"
"4,52 : 0.6325"
"52,4 : 0.6325"
"4,53 : 0.3764"
"53,4 : 0.3764"
"4,54 : 0.6845"
"54,4 : 0.6845"
"4,55 : 0.7778"
"55,4 : 0.7778"
"4,56 : 0.7382"
"56,4 : 0.7382"
"4,57 : 0.2121"
"57,4 : 0.2121"
"4,58 : 0.4808"
"58,4 : 0.4808"
"4,59 : 0.3253"
"59,4 : 0.3253"
"4,60 : 0.794"
"60,4 : 0.794"
"4,61 : 0.3027"
"61,4 : 0.3027"
"4,62 : 0.0922"
"62,4 : 0.0922"
"4,63 : 0.6152"
"63,4 : 0.6152"
"4,64 : 0.2138"
"64,4 : 0.2138"
"4,65 : 0.9161"
"65,4 : 0.9161"
"4,66 : 0.688"
"66,4 : 0.688"
"4,67 : 0.1628"
"67,4 : 0.1628"
"4,68 : 0.8238"
"68,4 : 0.8238"
"4,69 : 0.8615"
"69,4 : 0.8615"
"4,70 : 0.3722"
"70,4 : 0.3722"
"4,71 : 0.3373"
"71,4 : 0.3373"
"4,72 : 0.801"
"72,4 : 0.801"
"4,73 : 0.4016"
"73,4 : 0.4016"
"4,74 : 0.2555"
"74,4 : 0.2555"
"4,75 : 0.3423"
"75,4 : 0.3423"
"4,76 : 0.5994"
"76,4 : 0.5994"
"4,77 : 0.7921"
"77,4 : 0.7921"
"4,78 : 0.7654"
"78,4 : 0.7654"
"4,79 : 0.2285"
"79,4 : 0.2285"
"4,80 : 0.4144"
"80,4 : 0.4144"
"4,81 : 0.6339"
"81,4 : 0.6339"
"4,82 : 0.7467"
"82,4 : 0.7467"
"4,83 : 0.3905"
"83,4 : 0.3905"
"4,84 : 0.5887"
"84,4 : 0.5887"
"4,85 : 0.5162"
"85,4 : 0.5162"
"4,86 : 0.2341"
"86,4 : 0.2341"
"4,87 : 0.7912"
"87,4 : 0.7912"
"4,88 : 0.3551"
"88,4 : 0.3551"
"4,89 : 0.1985"
"89,4 : 0.1985"
"4,90 : 0.32"
"90,4 : 0.32"
"4,91 : 0.5337"
"91,4 : 0.5337"
"4,92 : 0.3245"
"92,4 : 0.3245"
"4,93 : 0.7826"
"93,4 : 0.7826"
"4,94 : 0.4569"
"94,4 : 0.4569"
"4,95 : 0.7566"
"95,4 : 0.7566"
"4,96 : 0.5404"
"96,4 : 0.5404"
"4,97 : 0.8453"
"97,4 : 0.8453"
"4,98 : 0.2816"
"98,4 : 0.2816"
"4,99 : 0.7882"
"99,4 : 0.7882"
"5,6 : 0.2102"
"6,5 : 0.2102"
"5,7 : 0.6619"
"7,5 : 0.6619"
"5,8 : 0.5597"
"8,5 : 0.5597"
"5,9 : 0.9634"
"9,5 : 0.9634"
"5,10 : 0.4771"
"10,5 : 0.4771"
"5,11 : 0.5852"
"11,5 : 0.5852"
"5,12 : 1.0401"
"12,5 : 1.0401"
"5,13 : 0.7783"
"13,5 : 0.7783"
"5,14 : 0.1697"
"14,5 : 0.1697"
"5,15 : 0.2335"
"15,5 : 0.2335"
"5,16 : 0.5686"
"16,5 : 0.5686"
"5,17 : 0.5135"
"17,5 : 0.5135"
"5,18 : 0.7355"
"18,5 : 0.7355"
"5,19 : 0.15"
"19,5 : 0.15"
"5,20 : 0.5814"
"20,5 : 0.5814"
"5,21 : 0.2059"
"21,5 : 0.2059"
"5,22 : 0.1868"
"22,5 : 0.1868"
"5,23 : 0.41"
"23,5 : 0.41"
"5,24 : 0.3966"
"24,5 : 0.3966"
"5,25 : 0.4924"
"25,5 : 0.4924"
"5,26 : 0.9835"
"26,5 : 0.9835"
"5,27 : 0.8405"
"27,5 : 0.8405"
"5,28 : 0.7603"
"28,5 : 0.7603"
"5,29 : 0.7684"
"29,5 : 0.7684"
"5,30 : 0.8661"
"30,5 : 0.8661"
"5,31 : 0.5155"
"31,5 : 0.5155"
"5,32 : 0.4742"
"32,5 : 0.4742"
"5,33 : 0.9694"
"33,5 : 0.9694"
"5,34 : 0.47"
"34,5 : 0.47"
"5,35 : 0.5661"
"35,5 : 0.5661"
"5,36 : 0.772"
"36,5 : 0.772"
"5,37 : 0.1628"
"37,5 : 0.1628"
"5,38 : 0.2404"
"38,5 : 0.2404"
"5,39 : 0.4201"
"39,5 : 0.4201"
"5,40 : 1.0197"
"40,5 : 1.0197"
"5,41 : 0.6707"
"41,5 : 0.6707"
"5,42 : 0.6657"
"42,5 : 0.6657"
"5,43 : 0.9806"
"43,5 : 0.9806"
"5,44 : 0.3601"
"44,5 : 0.3601"
"5,45 : 1.0057"
"45,5 : 1.0057"
"5,46 : 1.1521"
"46,5 : 1.1521"
"5,47 : 0.204"
"47,5 : 0.204"
"5,48 : 0.5064"
"48,5 : 0.5064"
"5,49 : 0.8904"
"49,5 : 0.8904"
"5,50 : 0.9051"
"50,5 : 0.9051"
"5,51 : 0.3489"
"51,5 : 0.3489"
"5,52 : 0.5189"
"52,5 : 0.5189"
"5,53 : 0.3501"
"53,5 : 0.3501"
"5,54 : 0.7962"
"54,5 : 0.7962"
"5,55 : 0.9708"
"55,5 : 0.9708"
"5,56 : 0.7218"
"56,5 : 0.7218"
"5,57 : 0.4597"
"57,5 : 0.4597"
"5,58 : 0.7201"
"58,5 : 0.7201"
"5,59 : 0.6297"
"59,5 : 0.6297"
"5,60 : 0.9265"
"60,5 : 0.9265"
"5,61 : 0.15"
"61,5 : 0.15"
"5,62 : 0.2433"
"62,5 : 0.2433"
"5,63 : 0.7529"
"63,5 : 0.7529"
"5,64 : 0.5148"
"64,5 : 0.5148"
"5,65 : 0.8832"
"65,5 : 0.8832"
"5,66 : 0.6935"
"66,5 : 0.6935"
"5,67 : 0.3818"
"67,5 : 0.3818"
"5,68 : 1.0242"
"68,5 : 1.0242"
"5,69 : 1.0017"
"69,5 : 1.0017"
"5,70 : 0.5459"
"70,5 : 0.5459"
"5,71 : 0.05"
"71,5 : 0.05"
"5,72 : 0.9464"
"72,5 : 0.9464"
"5,73 : 0.6519"
"73,5 : 0.6519"
"5,74 : 0.253"
"74,5 : 0.253"
"5,75 : 0.0806"
"75,5 : 0.0806"
"5,76 : 0.6403"
"76,5 : 0.6403"
"5,77 : 0.7131"
"77,5 : 0.7131"
"5,78 : 0.8429"
"78,5 : 0.8429"
"5,79 : 0.2193"
"79,5 : 0.2193"
"5,80 : 0.1208"
"80,5 : 0.1208"
"5,81 : 0.8273"
"81,5 : 0.8273"
"5,82 : 0.8732"
"82,5 : 0.8732"
"5,83 : 0.1581"
"83,5 : 0.1581"
"5,84 : 0.6661"
"84,5 : 0.6661"
"5,85 : 0.6579"
"85,5 : 0.6579"
"5,86 : 0.5536"
"86,5 : 0.5536"
"5,87 : 1.029"
"87,5 : 1.029"
"5,88 : 0.6719"
"88,5 : 0.6719"
"5,89 : 0.3106"
"89,5 : 0.3106"
"5,90 : 0.1118"
"90,5 : 0.1118"
"5,91 : 0.6552"
"91,5 : 0.6552"
"5,92 : 0.3985"
"92,5 : 0.3985"
"5,93 : 0.8115"
"93,5 : 0.8115"
"5,94 : 0.5434"
"94,5 : 0.5434"
"5,95 : 1.0207"
"95,5 : 1.0207"
"5,96 : 0.831"
"96,5 : 0.831"
"5,97 : 0.9504"
"97,5 : 0.9504"
"5,98 : 0.6008"
"98,5 : 0.6008"
"5,99 : 0.7669"
"99,5 : 0.7669"
"6,7 : 0.478"
"7,6 : 0.478"
"6,8 : 0.3624"
"8,6 : 0.3624"
"6,9 : 0.7593"
"9,6 : 0.7593"
"6,10 : 0.314"
"10,6 : 0.314"
"6,11 : 0.5401"
"11,6 : 0.5401"
"6,12 : 0.8656"
"12,6 : 0.8656"
"6,13 : 0.645"
"13,6 : 0.645"
"6,14 : 0.1581"
"14,6 : 0.1581"
"6,15 : 0.2941"
"15,6 : 0.2941"
"6,16 : 0.392"
"16,6 : 0.392"
"6,17 : 0.3041"
"17,6 : 0.3041"
"6,18 : 0.7125"
"18,6 : 0.7125"
"6,19 : 0.1628"
"19,6 : 0.1628"
"6,20 : 0.5948"
"20,6 : 0.5948"
"6,21 : 0.2025"
"21,6 : 0.2025"
"6,22 : 0.2484"
"22,6 : 0.2484"
"6,23 : 0.2062"
"23,6 : 0.2062"
"6,24 : 0.2594"
"24,6 : 0.2594"
"6,25 : 0.3183"
"25,6 : 0.3183"
"6,26 : 0.846"
"26,6 : 0.846"
"6,27 : 0.6313"
"27,6 : 0.6313"
"6,28 : 0.5941"
"28,6 : 0.5941"
"6,29 : 0.7206"
"29,6 : 0.7206"
"6,30 : 0.6888"
"30,6 : 0.6888"
"6,31 : 0.3276"
"31,6 : 0.3276"
"6,32 : 0.3041"
"32,6 : 0.3041"
"6,33 : 0.8322"
"33,6 : 0.8322"
"6,34 : 0.5057"
"34,6 : 0.5057"
"6,35 : 0.4657"
"35,6 : 0.4657"
"6,36 : 0.5778"
"36,6 : 0.5778"
"6,37 : 0.064"
"37,6 : 0.064"
"6,38 : 0.1649"
"38,6 : 0.1649"
"6,39 : 0.4653"
"39,6 : 0.4653"
"6,40 : 0.8322"
"40,6 : 0.8322"
"6,41 : 0.4741"
"41,6 : 0.4741"
"6,42 : 0.5701"
"42,6 : 0.5701"
"6,43 : 0.7737"
"43,6 : 0.7737"
"6,44 : 0.4031"
"44,6 : 0.4031"
"6,45 : 0.8062"
"45,6 : 0.8062"
"6,46 : 0.9835"
"46,6 : 0.9835"
"6,47 : 0.255"
"47,6 : 0.255"
"6,48 : 0.507"
"48,6 : 0.507"
"6,49 : 0.7159"
"49,6 : 0.7159"
"6,50 : 0.7628"
"50,6 : 0.7628"
"6,51 : 0.1803"
"51,6 : 0.1803"
"6,52 : 0.3471"
"52,6 : 0.3471"
"6,53 : 0.14"
"53,6 : 0.14"
"6,54 : 0.5894"
"54,6 : 0.5894"
"6,55 : 0.7803"
"55,6 : 0.7803"
"6,56 : 0.5192"
"56,6 : 0.5192"
"6,57 : 0.3384"
"57,6 : 0.3384"
"6,58 : 0.5608"
"58,6 : 0.5608"
"6,59 : 0.536"
"59,6 : 0.536"
"6,60 : 0.7212"
"60,6 : 0.7212"
"6,61 : 0.0608"
"61,6 : 0.0608"
"6,62 : 0.286"
"62,6 : 0.286"
"6,63 : 0.5515"
"63,6 : 0.5515"
"6,64 : 0.5192"
"64,6 : 0.5192"
"6,65 : 0.6871"
"65,6 : 0.6871"
"6,66 : 0.4866"
"66,6 : 0.4866"
"6,67 : 0.2668"
"67,6 : 0.2668"
"6,68 : 0.8353"
"68,6 : 0.8353"
"6,69 : 0.797"
"69,6 : 0.797"
"6,70 : 0.368"
"70,6 : 0.368"
"6,71 : 0.1746"
"71,6 : 0.1746"
"6,72 : 0.7433"
"72,6 : 0.7433"
"6,73 : 0.5048"
"73,6 : 0.5048"
"6,74 : 0.0762"
"74,6 : 0.0762"
"6,75 : 0.1487"
"75,6 : 0.1487"
"6,76 : 0.4301"
"76,6 : 0.4301"
"6,77 : 0.53"
"77,6 : 0.53"
"6,78 : 0.6329"
"78,6 : 0.6329"
"6,79 : 0.0806"
"79,6 : 0.0806"
"6,80 : 0.2"
"80,6 : 0.2"
"6,81 : 0.6407"
"81,6 : 0.6407"
"6,82 : 0.6676"
"82,6 : 0.6676"
"6,83 : 0.1281"
"83,6 : 0.1281"
"6,84 : 0.4571"
"84,6 : 0.4571"
"6,85 : 0.4607"
"85,6 : 0.4607"
"6,86 : 0.5104"
"86,6 : 0.5104"
"6,87 : 0.857"
"87,6 : 0.857"
"6,88 : 0.6412"
"88,6 : 0.6412"
"6,89 : 0.1676"
"89,6 : 0.1676"
"6,90 : 0.1044"
"90,6 : 0.1044"
"6,91 : 0.4531"
"91,6 : 0.4531"
"6,92 : 0.2025"
"92,6 : 0.2025"
"6,93 : 0.603"
"93,6 : 0.603"
"6,94 : 0.3384"
"94,6 : 0.3384"
"6,95 : 0.8656"
"95,6 : 0.8656"
"6,96 : 0.7066"
"96,6 : 0.7066"
"6,97 : 0.7415"
"97,6 : 0.7415"
"6,98 : 0.5604"
"98,6 : 0.5604"
"6,99 : 0.5661"
"99,6 : 0.5661"
"7,8 : 0.1342"
"8,7 : 0.1342"
"7,9 : 0.5841"
"9,7 : 0.5841"
"7,10 : 0.1942"
"10,7 : 0.1942"
"7,11 : 0.4632"
"11,7 : 0.4632"
"7,12 : 0.389"
"12,7 : 0.389"
"7,13 : 0.2766"
"13,7 : 0.2766"
"7,14 : 0.6303"
"14,7 : 0.6303"
"7,15 : 0.7638"
"15,7 : 0.7638"
"7,16 : 0.5346"
"16,7 : 0.5346"
"7,17 : 0.253"
"17,7 : 0.253"
"7,18 : 0.6083"
"18,7 : 0.6083"
"7,19 : 0.5314"
"19,7 : 0.5314"
"7,20 : 0.6172"
"20,7 : 0.6172"
"7,21 : 0.5045"
"21,7 : 0.5045"
"7,22 : 0.7225"
"22,7 : 0.7225"
"7,23 : 0.2832"
"23,7 : 0.2832"
"7,24 : 0.5814"
"24,7 : 0.5814"
"7,25 : 0.1709"
"25,7 : 0.1709"
"7,26 : 0.4276"
"26,7 : 0.4276"
"7,27 : 0.414"
"27,7 : 0.414"
"7,28 : 0.1432"
"28,7 : 0.1432"
"7,29 : 0.5544"
"29,7 : 0.5544"
"7,30 : 0.2121"
"30,7 : 0.2121"
"7,31 : 0.4707"
"31,7 : 0.4707"
"7,32 : 0.525"
"32,7 : 0.525"
"7,33 : 0.4159"
"33,7 : 0.4159"
"7,34 : 0.614"
"34,7 : 0.614"
"7,35 : 0.3053"
"35,7 : 0.3053"
"7,36 : 0.5412"
"36,7 : 0.5412"
"7,37 : 0.542"
"37,7 : 0.542"
"7,38 : 0.4397"
"38,7 : 0.4397"
"7,39 : 0.6119"
"39,7 : 0.6119"
"7,40 : 0.3578"
"40,7 : 0.3578"
"7,41 : 0.0806"
"41,7 : 0.0806"
"7,42 : 0.3471"
"42,7 : 0.3471"
"7,43 : 0.3833"
"43,7 : 0.3833"
"7,44 : 0.5831"
"44,7 : 0.5831"
"7,45 : 0.3612"
"45,7 : 0.3612"
"7,46 : 0.5099"
"46,7 : 0.5099"
"7,47 : 0.559"
"47,7 : 0.559"
"7,48 : 0.5478"
"48,7 : 0.5478"
"7,49 : 0.2408"
"49,7 : 0.2408"
"7,50 : 0.3437"
"50,7 : 0.3437"
"7,51 : 0.313"
"51,7 : 0.313"
"7,52 : 0.5337"
"52,7 : 0.5337"
"7,53 : 0.3764"
"53,7 : 0.3764"
"7,54 : 0.236"
"54,7 : 0.236"
"7,55 : 0.3102"
"55,7 : 0.3102"
"7,56 : 0.4464"
"56,7 : 0.4464"
"7,57 : 0.2717"
"57,7 : 0.2717"
"7,58 : 0.1414"
"58,7 : 0.1414"
"7,59 : 0.3397"
"59,7 : 0.3397"
"7,60 : 0.3202"
"60,7 : 0.3202"
"7,61 : 0.5325"
"61,7 : 0.5325"
"7,62 : 0.5533"
"62,7 : 0.5533"
"7,63 : 0.1526"
"63,7 : 0.1526"
"7,64 : 0.5608"
"64,7 : 0.5608"
"7,65 : 0.5993"
"65,7 : 0.5993"
"7,66 : 0.3833"
"66,7 : 0.3833"
"7,67 : 0.3214"
"67,7 : 0.3214"
"7,68 : 0.3625"
"68,7 : 0.3625"
"7,69 : 0.3833"
"69,7 : 0.3833"
"7,70 : 0.117"
"70,7 : 0.117"
"7,71 : 0.6414"
"71,7 : 0.6414"
"7,72 : 0.3225"
"72,7 : 0.3225"
"7,73 : 0.164"
"73,7 : 0.164"
"7,74 : 0.4134"
"74,7 : 0.4134"
"7,75 : 0.6213"
"75,7 : 0.6213"
"7,76 : 0.2844"
"76,7 : 0.2844"
"7,77 : 0.5743"
"77,7 : 0.5743"
"7,78 : 0.3397"
"78,7 : 0.3397"
"7,79 : 0.4429"
"79,7 : 0.4429"
"7,80 : 0.678"
"80,7 : 0.678"
"7,81 : 0.1655"
"81,7 : 0.1655"
"7,82 : 0.2786"
"82,7 : 0.2786"
"7,83 : 0.6031"
"83,7 : 0.6031"
"7,84 : 0.2214"
"84,7 : 0.2214"
"7,85 : 0.0854"
"85,7 : 0.0854"
"7,86 : 0.4565"
"86,7 : 0.4565"
"7,87 : 0.3821"
"87,7 : 0.3821"
"7,88 : 0.5467"
"88,7 : 0.5467"
"7,89 : 0.3547"
"89,7 : 0.3547"
"7,90 : 0.5769"
"90,7 : 0.5769"
"7,91 : 0.1265"
"91,7 : 0.1265"
"7,92 : 0.2766"
"92,7 : 0.2766"
"7,93 : 0.4134"
"93,7 : 0.4134"
"7,94 : 0.1897"
"94,7 : 0.1897"
"7,95 : 0.4115"
"95,7 : 0.4115"
"7,96 : 0.3453"
"96,7 : 0.3453"
"7,97 : 0.3848"
"97,7 : 0.3848"
"7,98 : 0.4826"
"98,7 : 0.4826"
"7,99 : 0.487"
"99,7 : 0.487"
"8,9 : 0.5404"
"9,8 : 0.5404"
"8,10 : 0.1526"
"10,8 : 0.1526"
"8,11 : 0.4958"
"11,8 : 0.4958"
"8,12 : 0.5174"
"12,8 : 0.5174"
"8,13 : 0.39"
"13,8 : 0.39"
"8,14 : 0.508"
"14,8 : 0.508"
"8,15 : 0.6389"
"15,8 : 0.6389"
"8,16 : 0.4101"
"16,8 : 0.4101"
"8,17 : 0.1217"
"17,8 : 0.1217"
"8,18 : 0.6603"
"18,8 : 0.6603"
"8,19 : 0.4441"
"19,8 : 0.4441"
"8,20 : 0.6325"
"20,8 : 0.6325"
"8,21 : 0.43"
"21,8 : 0.43"
"8,22 : 0.6"
"22,8 : 0.6"
"8,23 : 0.1581"
"23,8 : 0.1581"
"8,24 : 0.4472"
"24,8 : 0.4472"
"8,25 : 0.1166"
"25,8 : 0.1166"
"8,26 : 0.5579"
"26,8 : 0.5579"
"8,27 : 0.3744"
"27,8 : 0.3744"
"8,28 : 0.2751"
"28,8 : 0.2751"
"8,29 : 0.6218"
"29,8 : 0.6218"
"8,30 : 0.3421"
"30,8 : 0.3421"
"8,31 : 0.3423"
"31,8 : 0.3423"
"8,32 : 0.3929"
"32,8 : 0.3929"
"8,33 : 0.5457"
"33,8 : 0.5457"
"8,34 : 0.6042"
"34,8 : 0.6042"
"8,35 : 0.3441"
"35,8 : 0.3441"
"8,36 : 0.4518"
"36,8 : 0.4518"
"8,37 : 0.4254"
"37,8 : 0.4254"
"8,38 : 0.3601"
"38,8 : 0.3601"
"8,39 : 0.5909"
"39,8 : 0.5909"
"8,40 : 0.472"
"40,8 : 0.472"
"8,41 : 0.1118"
"41,8 : 0.1118"
"8,42 : 0.4163"
"42,8 : 0.4163"
"8,43 : 0.4305"
"43,8 : 0.4305"
"8,44 : 0.5503"
"44,8 : 0.5503"
"8,45 : 0.446"
"45,8 : 0.446"
"8,46 : 0.6403"
"46,8 : 0.6403"
"8,47 : 0.4904"
"47,8 : 0.4904"
"8,48 : 0.5522"
"48,8 : 0.5522"
"8,49 : 0.372"
"49,8 : 0.372"
"8,50 : 0.473"
"50,8 : 0.473"
"8,51 : 0.2209"
"51,8 : 0.2209"
"8,52 : 0.4045"
"52,8 : 0.4045"
"8,53 : 0.2476"
"53,8 : 0.2476"
"8,54 : 0.2508"
"54,8 : 0.2508"
"8,55 : 0.4188"
"55,8 : 0.4188"
"8,56 : 0.3585"
"56,8 : 0.3585"
"8,57 : 0.2581"
"57,8 : 0.2581"
"8,58 : 0.2631"
"58,8 : 0.2631"
"8,59 : 0.3982"
"59,8 : 0.3982"
"8,60 : 0.3722"
"60,8 : 0.3722"
"8,61 : 0.4205"
"61,8 : 0.4205"
"8,62 : 0.4937"
"62,8 : 0.4937"
"8,63 : 0.1942"
"63,8 : 0.1942"
"8,64 : 0.5661"
"64,8 : 0.5661"
"8,65 : 0.528"
"65,8 : 0.528"
"8,66 : 0.2968"
"66,8 : 0.2968"
"8,67 : 0.2751"
"67,8 : 0.2751"
"8,68 : 0.4743"
"68,8 : 0.4743"
"8,69 : 0.4455"
"69,8 : 0.4455"
"8,70 : 0.0943"
"70,8 : 0.0943"
"8,71 : 0.5331"
"71,8 : 0.5331"
"8,72 : 0.3883"
"72,8 : 0.3883"
"8,73 : 0.2532"
"73,8 : 0.2532"
"8,74 : 0.3068"
"74,8 : 0.3068"
"8,75 : 0.5099"
"75,8 : 0.5099"
"8,76 : 0.1942"
"76,8 : 0.1942"
"8,77 : 0.4684"
"77,8 : 0.4684"
"8,78 : 0.3289"
"78,8 : 0.3289"
"8,79 : 0.3421"
"79,8 : 0.3421"
"8,80 : 0.5608"
"80,8 : 0.5608"
"8,81 : 0.2832"
"81,8 : 0.2832"
"8,82 : 0.3206"
"82,8 : 0.3206"
"8,83 : 0.4826"
"83,8 : 0.4826"
"8,84 : 0.1581"
"84,8 : 0.1581"
"8,85 : 0.0985"
"85,8 : 0.0985"
"8,86 : 0.4808"
"86,8 : 0.4808"
"8,87 : 0.5122"
"87,8 : 0.5122"
"8,88 : 0.592"
"88,8 : 0.592"
"8,89 : 0.2702"
"89,8 : 0.2702"
"8,90 : 0.4652"
"90,8 : 0.4652"
"8,91 : 0.1"
"91,8 : 0.1"
"8,92 : 0.1616"
"92,8 : 0.1616"
"8,93 : 0.3624"
"93,8 : 0.3624"
"8,94 : 0.06"
"94,8 : 0.06"
"8,95 : 0.5456"
"95,8 : 0.5456"
"8,96 : 0.46"
"96,8 : 0.46"
"8,97 : 0.4119"
"97,8 : 0.4119"
"8,98 : 0.5174"
"98,8 : 0.5174"
"8,99 : 0.405"
"99,8 : 0.405"
"9,10 : 0.692"
"10,9 : 0.692"
"9,11 : 1.0328"
"11,9 : 1.0328"
"9,12 : 0.7344"
"12,9 : 0.7344"
"9,13 : 0.8422"
"13,9 : 0.8422"
"9,14 : 0.831"
"14,9 : 0.831"
"9,15 : 0.9127"
"15,9 : 0.9127"
"9,16 : 0.4357"
"16,9 : 0.4357"
"9,17 : 0.4919"
"17,9 : 0.4919"
"9,18 : 1.1893"
"18,9 : 1.1893"
"9,19 : 0.9044"
"19,9 : 0.9044"
"9,20 : 1.1729"
"20,9 : 1.1729"
"9,21 : 0.9155"
"21,9 : 0.9155"
"9,22 : 0.9002"
"22,9 : 0.9002"
"9,23 : 0.6042"
"23,9 : 0.6042"
"9,24 : 0.6229"
"24,9 : 0.6229"
"9,25 : 0.656"
"25,9 : 0.656"
"9,26 : 0.9235"
"26,9 : 0.9235"
"9,27 : 0.1703"
"27,9 : 0.1703"
"9,28 : 0.6848"
"28,9 : 0.6848"
"9,29 : 1.1385"
"29,9 : 1.1385"
"9,30 : 0.6451"
"30,9 : 0.6451"
"9,31 : 0.46"
"31,9 : 0.46"
"9,32 : 0.5215"
"32,9 : 0.5215"
"9,33 : 0.9171"
"33,9 : 0.9171"
"9,34 : 1.1399"
"34,9 : 1.1399"
"9,35 : 0.8768"
"35,9 : 0.8768"
"9,36 : 0.2184"
"36,9 : 0.2184"
"9,37 : 0.8006"
"37,9 : 0.8006"
"9,38 : 0.8469"
"38,9 : 0.8469"
"9,39 : 1.1216"
"39,9 : 1.1216"
"9,40 : 0.6213"
"40,9 : 0.6213"
"9,41 : 0.5045"
"41,9 : 0.5045"
"9,42 : 0.9309"
"42,9 : 0.9309"
"9,43 : 0.3601"
"43,9 : 0.3601"
"9,44 : 1.0742"
"44,9 : 1.0742"
"9,45 : 0.49"
"45,9 : 0.49"
"9,46 : 0.8402"
"46,9 : 0.8402"
"9,47 : 0.9786"
"47,9 : 0.9786"
"9,48 : 1.092"
"48,9 : 1.092"
"9,49 : 0.6705"
"49,9 : 0.6705"
"9,50 : 0.858"
"50,9 : 0.858"
"9,51 : 0.7155"
"51,9 : 0.7155"
"9,52 : 0.4837"
"52,9 : 0.4837"
"9,53 : 0.6236"
"53,9 : 0.6236"
"9,54 : 0.3624"
"54,9 : 0.3624"
"9,55 : 0.5743"
"55,9 : 0.5743"
"9,56 : 0.2419"
"56,9 : 0.2419"
"9,57 : 0.7981"
"57,9 : 0.7981"
"9,58 : 0.7102"
"58,9 : 0.7102"
"9,59 : 0.921"
"59,9 : 0.921"
"9,60 : 0.3833"
"60,9 : 0.3833"
"9,61 : 0.8158"
"61,9 : 0.8158"
"9,62 : 0.994"
"62,9 : 0.994"
"9,63 : 0.4442"
"63,9 : 0.4442"
"9,64 : 1.106"
"64,9 : 1.106"
"9,65 : 0.1281"
"65,9 : 0.1281"
"9,66 : 0.2751"
"66,9 : 0.2751"
"9,67 : 0.8045"
"67,9 : 0.8045"
"9,68 : 0.6107"
"68,9 : 0.6107"
"9,69 : 0.4105"
"69,9 : 0.4105"
"9,70 : 0.6303"
"70,9 : 0.6303"
"9,71 : 0.9192"
"71,9 : 0.9192"
"9,72 : 0.4219"
"72,9 : 0.4219"
"9,73 : 0.7481"
"73,9 : 0.7481"
"9,74 : 0.7495"
"74,9 : 0.7495"
"9,75 : 0.8881"
"75,9 : 0.8881"
"9,76 : 0.3585"
"76,9 : 0.3585"
"9,77 : 0.3102"
"77,9 : 0.3102"
"9,78 : 0.255"
"78,9 : 0.255"
"9,79 : 0.7906"
"79,9 : 0.7906"
"9,80 : 0.9014"
"80,9 : 0.9014"
"9,81 : 0.5701"
"81,9 : 0.5701"
"9,82 : 0.3736"
"82,9 : 0.3736"
"9,83 : 0.823"
"83,9 : 0.823"
"9,84 : 0.3829"
"84,9 : 0.3829"
"9,85 : 0.5033"
"85,9 : 0.5033"
"9,86 : 1.0198"
"86,9 : 1.0198"
"9,87 : 0.7467"
"87,9 : 0.7467"
"9,88 : 1.1245"
"88,9 : 1.1245"
"9,89 : 0.7649"
"89,9 : 0.7649"
"9,90 : 0.8516"
"90,9 : 0.8516"
"9,91 : 0.4669"
"91,9 : 0.4669"
"9,92 : 0.6351"
"92,9 : 0.6351"
"9,93 : 0.178"
"93,9 : 0.178"
"9,94 : 0.5048"
"94,9 : 0.5048"
"9,95 : 0.8493"
"95,9 : 0.8493"
"9,96 : 0.9035"
"96,9 : 0.9035"
"9,97 : 0.3002"
"97,9 : 0.3002"
"9,98 : 1.0538"
"98,9 : 1.0538"
"9,99 : 0.2"
"99,9 : 0.2"
"10,11 : 0.3523"
"11,10 : 0.3523"
"10,12 : 0.563"
"12,10 : 0.563"
"10,13 : 0.3362"
"13,10 : 0.3362"
"10,14 : 0.472"
"14,10 : 0.472"
"10,15 : 0.608"
"15,10 : 0.608"
"10,16 : 0.5045"
"16,10 : 0.5045"
"10,17 : 0.2283"
"17,10 : 0.2283"
"10,18 : 0.5235"
"18,10 : 0.5235"
"10,19 : 0.3401"
"19,10 : 0.3401"
"10,20 : 0.4817"
"20,10 : 0.4817"
"10,21 : 0.3105"
"21,10 : 0.3105"
"10,22 : 0.5622"
"22,10 : 0.5622"
"10,23 : 0.17"
"23,10 : 0.17"
"10,24 : 0.4851"
"24,10 : 0.4851"
"10,25 : 0.0361"
"25,10 : 0.0361"
"10,26 : 0.5334"
"26,10 : 0.5334"
"10,27 : 0.527"
"27,10 : 0.527"
"10,28 : 0.2843"
"28,10 : 0.2843"
"10,29 : 0.4965"
"29,10 : 0.4965"
"10,30 : 0.3895"
"30,10 : 0.3895"
"10,31 : 0.4295"
"31,10 : 0.4295"
"10,32 : 0.461"
"32,10 : 0.461"
"10,33 : 0.5197"
"33,10 : 0.5197"
"10,34 : 0.4518"
"34,10 : 0.4518"
"10,35 : 0.2119"
"35,10 : 0.2119"
"10,36 : 0.5882"
"36,10 : 0.5882"
"10,37 : 0.3764"
"37,10 : 0.3764"
"10,38 : 0.247"
"38,10 : 0.247"
"10,39 : 0.4401"
"39,10 : 0.4401"
"10,40 : 0.5478"
"40,10 : 0.5478"
"10,41 : 0.2319"
"41,10 : 0.2319"
"10,42 : 0.3027"
"42,10 : 0.3027"
"10,43 : 0.5632"
"43,10 : 0.5632"
"10,44 : 0.4026"
"44,10 : 0.4026"
"10,45 : 0.5544"
"45,10 : 0.5544"
"10,46 : 0.6762"
"46,10 : 0.6762"
"10,47 : 0.365"
"47,10 : 0.365"
"10,48 : 0.4"
"48,10 : 0.4"
"10,49 : 0.4134"
"49,10 : 0.4134"
"10,50 : 0.4494"
"50,10 : 0.4494"
"10,51 : 0.1345"
"51,10 : 0.1345"
"10,52 : 0.4851"
"52,10 : 0.4851"
"10,53 : 0.255"
"53,10 : 0.255"
"10,54 : 0.3929"
"54,10 : 0.3929"
"10,55 : 0.5029"
"55,10 : 0.5029"
"10,56 : 0.4982"
"56,10 : 0.4982"
"10,57 : 0.1063"
"57,10 : 0.1063"
"10,58 : 0.2476"
"58,10 : 0.2476"
"10,59 : 0.2766"
"59,10 : 0.2766"
"10,60 : 0.5016"
"60,10 : 0.5016"
"10,61 : 0.3607"
"61,10 : 0.3607"
"10,62 : 0.3606"
"62,10 : 0.3606"
"10,63 : 0.3225"
"63,10 : 0.3225"
"10,64 : 0.414"
"64,10 : 0.414"
"10,65 : 0.6727"
"65,10 : 0.6727"
"10,66 : 0.4393"
"66,10 : 0.4393"
"10,67 : 0.1304"
"67,10 : 0.1304"
"10,68 : 0.5536"
"68,10 : 0.5536"
"10,69 : 0.5701"
"69,10 : 0.5701"
"10,70 : 0.08"
"70,10 : 0.08"
"10,71 : 0.4623"
"71,10 : 0.4623"
"10,72 : 0.51"
"72,10 : 0.51"
"10,73 : 0.1924"
"73,10 : 0.1924"
"10,74 : 0.2408"
"74,10 : 0.2408"
"10,75 : 0.446"
"75,10 : 0.446"
"10,76 : 0.3394"
"76,10 : 0.3394"
"10,77 : 0.5903"
"77,10 : 0.5903"
"10,78 : 0.4793"
"78,10 : 0.4793"
"10,79 : 0.2625"
"79,10 : 0.2625"
"10,80 : 0.5093"
"80,10 : 0.5093"
"10,81 : 0.3574"
"81,10 : 0.3574"
"10,82 : 0.454"
"82,10 : 0.454"
"10,83 : 0.442"
"83,10 : 0.442"
"10,84 : 0.3106"
"84,10 : 0.3106"
"10,85 : 0.2236"
"85,10 : 0.2236"
"10,86 : 0.3342"
"86,10 : 0.3342"
"10,87 : 0.5522"
"87,10 : 0.5522"
"10,88 : 0.4528"
"88,10 : 0.4528"
"10,89 : 0.1664"
"89,10 : 0.1664"
"10,90 : 0.4031"
"90,10 : 0.4031"
"10,91 : 0.2435"
"91,10 : 0.2435"
"10,92 : 0.1414"
"92,10 : 0.1414"
"10,93 : 0.514"
"93,10 : 0.514"
"10,94 : 0.191"
"94,10 : 0.191"
"10,95 : 0.5523"
"95,10 : 0.5523"
"10,96 : 0.4016"
"96,10 : 0.4016"
"10,97 : 0.5532"
"97,10 : 0.5532"
"10,98 : 0.3744"
"98,10 : 0.3744"
"10,99 : 0.5467"
"99,10 : 0.5467"
"11,12 : 0.6703"
"12,11 : 0.6703"
"11,13 : 0.3306"
"13,11 : 0.3306"
"11,14 : 0.6748"
"14,11 : 0.6748"
"11,15 : 0.7962"
"15,11 : 0.7962"
"11,16 : 0.8431"
"16,11 : 0.8431"
"11,17 : 0.5798"
"17,11 : 0.5798"
"11,18 : 0.1772"
"18,11 : 0.1772"
"11,19 : 0.4438"
"19,11 : 0.4438"
"11,20 : 0.1628"
"20,11 : 0.1628"
"11,21 : 0.3833"
"21,11 : 0.3833"
"11,22 : 0.7453"
"22,11 : 0.7453"
"11,23 : 0.5016"
"23,11 : 0.5016"
"11,24 : 0.7809"
"24,11 : 0.7809"
"11,25 : 0.386"
"25,11 : 0.386"
"11,26 : 0.4998"
"26,11 : 0.4998"
"11,27 : 0.8637"
"27,11 : 0.8637"
"11,28 : 0.4342"
"28,11 : 0.4342"
"11,29 : 0.1844"
"29,11 : 0.1844"
"11,30 : 0.5492"
"30,11 : 0.5492"
"11,31 : 0.7669"
"31,11 : 0.7669"
"11,32 : 0.7845"
"32,11 : 0.7845"
"11,33 : 0.487"
"33,11 : 0.487"
"11,34 : 0.2154"
"34,11 : 0.2154"
"11,35 : 0.1581"
"35,11 : 0.1581"
"11,36 : 0.9405"
"36,11 : 0.9405"
"11,37 : 0.5814"
"37,11 : 0.5814"
"11,38 : 0.3812"
"38,11 : 0.3812"
"11,39 : 0.247"
"39,11 : 0.247"
"11,40 : 0.7157"
"40,11 : 0.7157"
"11,41 : 0.536"
"41,11 : 0.536"
"11,42 : 0.1603"
"42,11 : 0.1603"
"11,43 : 0.8367"
"43,11 : 0.8367"
"11,44 : 0.2687"
"44,11 : 0.2687"
"11,45 : 0.7816"
"45,11 : 0.7816"
"11,46 : 0.7415"
"46,11 : 0.7415"
"11,47 : 0.3848"
"47,11 : 0.3848"
"11,48 : 0.13"
"48,11 : 0.13"
"11,49 : 0.5544"
"49,11 : 0.5544"
"11,50 : 0.4491"
"50,11 : 0.4491"
"11,51 : 0.4052"
"51,11 : 0.4052"
"11,52 : 0.816"
"52,11 : 0.816"
"11,53 : 0.5604"
"53,11 : 0.5604"
"11,54 : 0.6989"
"54,11 : 0.6989"
"11,55 : 0.6943"
"55,11 : 0.6943"
"11,56 : 0.85"
"56,11 : 0.85"
"11,57 : 0.2506"
"57,11 : 0.2506"
"11,58 : 0.386"
"58,11 : 0.386"
"11,59 : 0.1414"
"59,11 : 0.1414"
"11,60 : 0.7739"
"60,11 : 0.7739"
"11,61 : 0.5523"
"61,11 : 0.5523"
"11,62 : 0.3489"
"62,11 : 0.3489"
"11,63 : 0.6159"
"63,11 : 0.6159"
"11,64 : 0.136"
"64,11 : 0.136"
"11,65 : 1.023"
"65,11 : 1.023"
"11,66 : 0.7903"
"66,11 : 0.7903"
"11,67 : 0.2886"
"67,11 : 0.2886"
"11,68 : 0.7269"
"68,11 : 0.7269"
"11,69 : 0.8264"
"69,11 : 0.8264"
"11,70 : 0.4031"
"70,11 : 0.4031"
"11,71 : 0.6017"
"71,11 : 0.6017"
"11,72 : 0.7669"
"72,11 : 0.7669"
"11,73 : 0.3138"
"73,11 : 0.3138"
"11,74 : 0.4717"
"74,11 : 0.4717"
"11,75 : 0.6042"
"75,11 : 0.6042"
"11,76 : 0.6888"
"76,11 : 0.6888"
"11,77 : 0.9402"
"77,11 : 0.9402"
"11,78 : 0.8"
"78,11 : 0.8"
"11,79 : 0.46"
"79,11 : 0.46"
"11,80 : 0.6768"
"80,11 : 0.6768"
"11,81 : 0.5692"
"81,11 : 0.5692"
"11,82 : 0.7382"
"82,11 : 0.7382"
"11,83 : 0.6438"
"83,11 : 0.6438"
"11,84 : 0.6505"
"84,11 : 0.6505"
"11,85 : 0.5341"
"85,11 : 0.5341"
"11,86 : 0.0316"
"86,11 : 0.0316"
"11,87 : 0.6507"
"87,11 : 0.6507"
"11,88 : 0.1044"
"88,11 : 0.1044"
"11,89 : 0.3847"
"89,11 : 0.3847"
"11,90 : 0.5771"
"90,11 : 0.5771"
"11,91 : 0.5673"
"91,11 : 0.5673"
"11,92 : 0.4662"
"92,11 : 0.4662"
"11,93 : 0.8556"
"93,11 : 0.8556"
"11,94 : 0.542"
"94,11 : 0.542"
"11,95 : 0.5825"
"95,11 : 0.5825"
"11,96 : 0.3421"
"96,11 : 0.3421"
"11,97 : 0.846"
"97,11 : 0.846"
"11,98 : 0.0224"
"98,11 : 0.0224"
"11,99 : 0.8981"
"99,11 : 0.8981"
"12,13 : 0.34"
"13,12 : 0.34"
"12,14 : 1.0191"
"14,12 : 1.0191"
"12,15 : 1.1528"
"15,12 : 1.1528"
"12,16 : 0.8732"
"16,12 : 0.8732"
"12,17 : 0.6243"
"17,12 : 0.6243"
"12,18 : 0.7355"
"18,12 : 0.7355"
"12,19 : 0.9005"
"19,12 : 0.9005"
"12,20 : 0.8301"
"20,12 : 0.8301"
"12,21 : 0.8631"
"21,12 : 0.8631"
"12,22 : 1.1113"
"22,12 : 1.1113"
"12,23 : 0.6718"
"23,12 : 0.6718"
"12,24 : 0.9569"
"24,12 : 0.9569"
"12,25 : 0.55"
"25,12 : 0.55"
"12,26 : 0.25"
"26,12 : 0.25"
"12,27 : 0.6007"
"27,12 : 0.6007"
"12,28 : 0.2818"
"28,12 : 0.2818"
"12,29 : 0.65"
"29,12 : 0.65"
"12,30 : 0.1769"
"30,12 : 0.1769"
"12,31 : 0.823"
"31,12 : 0.823"
"12,32 : 0.8868"
"32,12 : 0.8868"
"12,33 : 0.2524"
"33,12 : 0.2524"
"12,34 : 0.8757"
"34,12 : 0.8757"
"12,35 : 0.5511"
"35,12 : 0.5511"
"12,36 : 0.8006"
"36,12 : 0.8006"
"12,37 : 0.9296"
"37,12 : 0.9296"
"12,38 : 0.8062"
"38,12 : 0.8062"
"12,39 : 0.8927"
"39,12 : 0.8927"
"12,40 : 0.117"
"40,12 : 0.117"
"12,41 : 0.4162"
"41,12 : 0.4162"
"12,42 : 0.5101"
"42,12 : 0.5101"
"12,43 : 0.3808"
"43,12 : 0.3808"
"12,44 : 0.8853"
"44,12 : 0.8853"
"12,45 : 0.253"
"45,12 : 0.253"
"12,46 : 0.1253"
"46,12 : 0.1253"
"12,47 : 0.9087"
"47,12 : 0.9087"
"12,48 : 0.7931"
"48,12 : 0.7931"
"12,49 : 0.15"
"49,12 : 0.15"
"12,50 : 0.2404"
"50,12 : 0.2404"
"12,51 : 0.694"
"51,12 : 0.694"
"12,52 : 0.8855"
"52,12 : 0.8855"
"12,53 : 0.7642"
"53,12 : 0.7642"
"12,54 : 0.4198"
"54,12 : 0.4198"
"12,55 : 0.1603"
"55,12 : 0.1603"
"12,56 : 0.7181"
"56,12 : 0.7181"
"12,57 : 0.6001"
"57,12 : 0.6001"
"12,58 : 0.327"
"58,12 : 0.327"
"12,59 : 0.5315"
"59,12 : 0.5315"
"12,60 : 0.3513"
"60,12 : 0.3513"
"12,61 : 0.9183"
"61,12 : 0.9183"
"12,62 : 0.8932"
"62,12 : 0.8932"
"12,63 : 0.3808"
"63,12 : 0.3808"
"12,64 : 0.8022"
"64,12 : 0.8022"
"12,65 : 0.8102"
"65,12 : 0.8102"
"12,66 : 0.6648"
"66,12 : 0.6648"
"12,67 : 0.6708"
"67,12 : 0.6708"
"12,68 : 0.13"
"68,12 : 0.13"
"12,69 : 0.3353"
"69,12 : 0.3353"
"12,70 : 0.4982"
"70,12 : 0.4982"
"12,71 : 1.0242"
"71,12 : 1.0242"
"12,72 : 0.3126"
"72,12 : 0.3126"
"12,73 : 0.405"
"73,12 : 0.405"
"12,74 : 0.7981"
"74,12 : 0.7981"
"12,75 : 1.006"
"75,12 : 1.006"
"12,76 : 0.5962"
"76,12 : 0.5962"
"12,77 : 0.8659"
"77,12 : 0.8659"
"12,78 : 0.5009"
"78,12 : 0.5009"
"12,79 : 0.8242"
"79,12 : 0.8242"
"12,80 : 1.0653"
"80,12 : 1.0653"
"12,81 : 0.2385"
"81,12 : 0.2385"
"12,82 : 0.3705"
"82,12 : 0.3705"
"12,83 : 0.9916"
"83,12 : 0.9916"
"12,84 : 0.5239"
"84,12 : 0.5239"
"12,85 : 0.4301"
"85,12 : 0.4301"
"12,86 : 0.6818"
"86,12 : 0.6818"
"12,87 : 0.0224"
"87,12 : 0.0224"
"12,88 : 0.7046"
"88,12 : 0.7046"
"12,89 : 0.7295"
"89,12 : 0.7295"
"12,90 : 0.9621"
"90,12 : 0.9621"
"12,91 : 0.4579"
"91,12 : 0.4579"
"12,92 : 0.6653"
"92,12 : 0.6653"
"12,93 : 0.6229"
"93,12 : 0.6229"
"12,94 : 0.564"
"94,12 : 0.564"
"12,95 : 0.1414"
"95,12 : 0.1414"
"12,96 : 0.3471"
"96,12 : 0.3471"
"12,97 : 0.4357"
"97,12 : 0.4357"
"12,98 : 0.68"
"98,12 : 0.68"
"12,99 : 0.7398"
"99,12 : 0.7398"
"13,14 : 0.8026"
"14,13 : 0.8026"
"13,15 : 0.9381"
"15,13 : 0.9381"
"13,16 : 0.8001"
"16,13 : 0.8001"
"13,17 : 0.5104"
"17,13 : 0.5104"
"13,18 : 0.4085"
"18,13 : 0.4085"
"13,19 : 0.6294"
"19,13 : 0.6294"
"13,20 : 0.4901"
"20,13 : 0.4901"
"13,21 : 0.5805"
"21,13 : 0.5805"
"13,22 : 0.8904"
"22,13 : 0.8904"
"13,23 : 0.4973"
