x,y
0.24,0.55
0.64,0.43
0.42,0.94
0.68,0.54
0.06,0.14
0.35,0.23
0.55,0.74
0.17,0.72
0.64,0.84
0.85,0.28
0.45,0.04
0.02,0.41
0.39,0.29
0.75,0.95
0.35,0.89
0.56,0.08
0.29,0.29
0.14,0.23
0.66,0.39
0.93,0.46
0.66,0.45
0.62,0.29
0.86,0.37
0.34,0.26
0.89,0.28
0.04,0.63
0.86,0.72
0.97,0.86
0.89,0.76
0.55,0.86
0.56,0.56
0.35,0.06
0.11,0.54
0.61,0.5
0.25,0.83
0.06,0.51
0.71,0.61
0.99,0.02
0.59,0.78
0.81,0.14
0.27,0.78
0.22,0.44
0.09,0.56
1.0,0.94
0.96,0.76
0.35,0.1
0.3,0.78
0.95,0.05
0.18,0.08
0.38,0.32
0.1,0.02
0.84,0.63
0.04,0.49
0.45,0.28
0.21,0.74
0.56,0.72
0.93,0.33
0.18,0.65
0.83,0.37
0.91,0.38
0.98,0.87
0.03,0.01
0.57,0.6
0.52,0.52
0.12,0.2
0.41,0.39
0.26,0.59
0.97,0.11
0.47,0.9
0.59,0.0
0.11,0.92
0.15,0.31
0.74,0.29
0.64,0.38
0.79,0.85
0.28,0.9
0.93,0.92
0.36,0.71
0.1,0.03
0.58,0.25
0.76,0.51
0.21,0.86
0.68,0.79
0.36,0.33
0.98,0.64
0.1,0.72
0.59,0.65
0.49,0.95
0.76,0.45
0.33,0.38
0.2,0.74
0.59,0.92
0.35,0.66
0.58,0.45
0.16,0.73
0.75,0.51
0.13,0.88
0.9,0.92
0.26,0.82
0.79,0.76

Distanze
"0,1 : 0.4176"
"1,0 : 0.4176"
"0,2 : 0.4295"
"2,0 : 0.4295"
"0,3 : 0.4401"
"3,0 : 0.4401"
"0,4 : 0.4478"
"4,0 : 0.4478"
"0,5 : 0.3384"
"5,0 : 0.3384"
"0,6 : 0.3636"
"6,0 : 0.3636"
"0,7 : 0.1838"
"7,0 : 0.1838"
"0,8 : 0.4941"
"8,0 : 0.4941"
"0,9 : 0.6671"
"9,0 : 0.6671"
"0,10 : 0.5515"
"10,0 : 0.5515"
"0,11 : 0.2608"
"11,0 : 0.2608"
"0,12 : 0.3002"
"12,0 : 0.3002"
"0,13 : 0.6482"
"13,0 : 0.6482"
"0,14 : 0.3574"
"14,0 : 0.3574"
"0,15 : 0.5686"
"15,0 : 0.5686"
"0,16 : 0.2648"
"16,0 : 0.2648"
"0,17 : 0.3353"
"17,0 : 0.3353"
"0,18 : 0.4494"
"18,0 : 0.4494"
"0,19 : 0.6958"
"19,0 : 0.6958"
"0,20 : 0.4317"
"20,0 : 0.4317"
"0,21 : 0.4604"
"21,0 : 0.4604"
"0,22 : 0.6456"
"22,0 : 0.6456"
"0,23 : 0.3068"
"23,0 : 0.3068"
"0,24 : 0.7038"
"24,0 : 0.7038"
"0,25 : 0.2154"
"25,0 : 0.2154"
"0,26 : 0.6429"
"26,0 : 0.6429"
"0,27 : 0.7931"
"27,0 : 0.7931"
"0,28 : 0.6831"
"28,0 : 0.6831"
"0,29 : 0.4384"
"29,0 : 0.4384"
"0,30 : 0.3202"
"30,0 : 0.3202"
"0,31 : 0.5022"
"31,0 : 0.5022"
"0,32 : 0.1304"
"32,0 : 0.1304"
"0,33 : 0.3734"
"33,0 : 0.3734"
"0,34 : 0.2802"
"34,0 : 0.2802"
"0,35 : 0.1844"
"35,0 : 0.1844"
"0,36 : 0.4738"
"36,0 : 0.4738"
"0,37 : 0.9184"
"37,0 : 0.9184"
"0,38 : 0.4188"
"38,0 : 0.4188"
"0,39 : 0.7021"
"39,0 : 0.7021"
"0,40 : 0.2319"
"40,0 : 0.2319"
"0,41 : 0.1118"
"41,0 : 0.1118"
"0,42 : 0.1503"
"42,0 : 0.1503"
"0,43 : 0.8542"
"43,0 : 0.8542"
"0,44 : 0.75"
"44,0 : 0.75"
"0,45 : 0.4632"
"45,0 : 0.4632"
"0,46 : 0.2377"
"46,0 : 0.2377"
"0,47 : 0.8684"
"47,0 : 0.8684"
"0,48 : 0.4738"
"48,0 : 0.4738"
"0,49 : 0.2693"
"49,0 : 0.2693"
"0,50 : 0.5482"
"50,0 : 0.5482"
"0,51 : 0.6053"
"51,0 : 0.6053"
"0,52 : 0.2088"
"52,0 : 0.2088"
"0,53 : 0.3421"
"53,0 : 0.3421"
"0,54 : 0.1924"
"54,0 : 0.1924"
"0,55 : 0.3624"
"55,0 : 0.3624"
"0,56 : 0.7242"
"56,0 : 0.7242"
"0,57 : 0.1166"
"57,0 : 0.1166"
"0,58 : 0.6168"
"58,0 : 0.6168"
"0,59 : 0.6912"
"59,0 : 0.6912"
"0,60 : 0.8062"
"60,0 : 0.8062"
"0,61 : 0.5794"
"61,0 : 0.5794"
"0,62 : 0.3338"
"62,0 : 0.3338"
"0,63 : 0.2816"
"63,0 : 0.2816"
"0,64 : 0.37"
"64,0 : 0.37"
"0,65 : 0.2335"
"65,0 : 0.2335"
"0,66 : 0.0447"
"66,0 : 0.0447"
"0,67 : 0.8523"
"67,0 : 0.8523"
"0,68 : 0.4188"
"68,0 : 0.4188"
"0,69 : 0.6519"
"69,0 : 0.6519"
"0,70 : 0.3922"
"70,0 : 0.3922"
"0,71 : 0.2563"
"71,0 : 0.2563"
"0,72 : 0.5636"
"72,0 : 0.5636"
"0,73 : 0.4346"
"73,0 : 0.4346"
"0,74 : 0.6265"
"74,0 : 0.6265"
"0,75 : 0.3523"
"75,0 : 0.3523"
"0,76 : 0.7829"
"76,0 : 0.7829"
"0,77 : 0.2"
"77,0 : 0.2"
"0,78 : 0.5385"
"78,0 : 0.5385"
"0,79 : 0.4534"
"79,0 : 0.4534"
"0,80 : 0.5215"
"80,0 : 0.5215"
"0,81 : 0.3114"
"81,0 : 0.3114"
"0,82 : 0.5012"
"82,0 : 0.5012"
"0,83 : 0.2506"
"83,0 : 0.2506"
"0,84 : 0.7455"
"84,0 : 0.7455"
"0,85 : 0.2202"
"85,0 : 0.2202"
"0,86 : 0.364"
"86,0 : 0.364"
"0,87 : 0.4717"
"87,0 : 0.4717"
"0,88 : 0.5295"
"88,0 : 0.5295"
"0,89 : 0.1924"
"89,0 : 0.1924"
"0,90 : 0.1942"
"90,0 : 0.1942"
"0,91 : 0.5093"
"91,0 : 0.5093"
"0,92 : 0.1556"
"92,0 : 0.1556"
"0,93 : 0.3544"
"93,0 : 0.3544"
"0,94 : 0.197"
"94,0 : 0.197"
"0,95 : 0.5116"
"95,0 : 0.5116"
"0,96 : 0.3479"
"96,0 : 0.3479"
"0,97 : 0.7566"
"97,0 : 0.7566"
"0,98 : 0.2707"
"98,0 : 0.2707"
"0,99 : 0.5887"
"99,0 : 0.5887"
"1,2 : 0.5554"
"2,1 : 0.5554"
"1,3 : 0.117"
"3,1 : 0.117"
"1,4 : 0.6485"
"4,1 : 0.6485"
"1,5 : 0.3523"
"5,1 : 0.3523"
"1,6 : 0.3228"
"6,1 : 0.3228"
"1,7 : 0.5523"
"7,1 : 0.5523"
"1,8 : 0.41"
"8,1 : 0.41"
"1,9 : 0.2581"
"9,1 : 0.2581"
"1,10 : 0.4338"
"10,1 : 0.4338"
"1,11 : 0.6203"
"11,1 : 0.6203"
"1,12 : 0.2865"
"12,1 : 0.2865"
"1,13 : 0.5315"
"13,1 : 0.5315"
"1,14 : 0.5438"
"14,1 : 0.5438"
"1,15 : 0.359"
"15,1 : 0.359"
"1,16 : 0.377"
"16,1 : 0.377"
"1,17 : 0.5385"
"17,1 : 0.5385"
"1,18 : 0.0447"
"18,1 : 0.0447"
"1,19 : 0.2915"
"19,1 : 0.2915"
"1,20 : 0.0283"
"20,1 : 0.0283"
"1,21 : 0.1414"
"21,1 : 0.1414"
"1,22 : 0.228"
"22,1 : 0.228"
"1,23 : 0.3448"
"23,1 : 0.3448"
"1,24 : 0.2915"
"24,1 : 0.2915"
"1,25 : 0.6325"
"25,1 : 0.6325"
"1,26 : 0.364"
"26,1 : 0.364"
"1,27 : 0.542"
"27,1 : 0.542"
"1,28 : 0.414"
"28,1 : 0.414"
"1,29 : 0.4393"
"29,1 : 0.4393"
"1,30 : 0.1526"
"30,1 : 0.1526"
"1,31 : 0.4701"
"31,1 : 0.4701"
"1,32 : 0.5413"
"32,1 : 0.5413"
"1,33 : 0.0762"
"33,1 : 0.0762"
"1,34 : 0.5587"
"34,1 : 0.5587"
"1,35 : 0.5855"
"35,1 : 0.5855"
"1,36 : 0.1931"
"36,1 : 0.1931"
"1,37 : 0.5391"
"37,1 : 0.5391"
"1,38 : 0.3536"
"38,1 : 0.3536"
"1,39 : 0.3362"
"39,1 : 0.3362"
"1,40 : 0.5093"
"40,1 : 0.5093"
"1,41 : 0.4201"
"41,1 : 0.4201"
"1,42 : 0.5652"
"42,1 : 0.5652"
"1,43 : 0.6243"
"43,1 : 0.6243"
"1,44 : 0.4597"
"44,1 : 0.4597"
"1,45 : 0.4393"
"45,1 : 0.4393"
"1,46 : 0.488"
"46,1 : 0.488"
"1,47 : 0.4904"
"47,1 : 0.4904"
"1,48 : 0.578"
"48,1 : 0.578"
"1,49 : 0.2823"
"49,1 : 0.2823"
"1,50 : 0.678"
"50,1 : 0.678"
"1,51 : 0.2828"
"51,1 : 0.2828"
"1,52 : 0.603"
"52,1 : 0.603"
"1,53 : 0.2421"
"53,1 : 0.2421"
"1,54 : 0.5301"
"54,1 : 0.5301"
"1,55 : 0.3008"
"55,1 : 0.3008"
"1,56 : 0.3068"
"56,1 : 0.3068"
"1,57 : 0.5099"
"57,1 : 0.5099"
"1,58 : 0.1992"
"58,1 : 0.1992"
"1,59 : 0.2746"
"59,1 : 0.2746"
"1,60 : 0.5561"
"60,1 : 0.5561"
"1,61 : 0.7406"
"61,1 : 0.7406"
"1,62 : 0.1838"
"62,1 : 0.1838"
"1,63 : 0.15"
"63,1 : 0.15"
"1,64 : 0.5686"
"64,1 : 0.5686"
"1,65 : 0.2335"
"65,1 : 0.2335"
"1,66 : 0.4123"
"66,1 : 0.4123"
"1,67 : 0.4597"
"67,1 : 0.4597"
"1,68 : 0.4998"
"68,1 : 0.4998"
"1,69 : 0.4329"
"69,1 : 0.4329"
"1,70 : 0.7218"
"70,1 : 0.7218"
"1,71 : 0.5045"
"71,1 : 0.5045"
"1,72 : 0.172"
"72,1 : 0.172"
"1,73 : 0.05"
"73,1 : 0.05"
"1,74 : 0.446"
"74,1 : 0.446"
"1,75 : 0.592"
"75,1 : 0.592"
"1,76 : 0.5694"
"76,1 : 0.5694"
"1,77 : 0.396"
"77,1 : 0.396"
"1,78 : 0.672"
"78,1 : 0.672"
"1,79 : 0.1897"
"79,1 : 0.1897"
"1,80 : 0.1442"
"80,1 : 0.1442"
"1,81 : 0.6081"
"81,1 : 0.6081"
"1,82 : 0.3622"
"82,1 : 0.3622"
"1,83 : 0.2973"
"83,1 : 0.2973"
"1,84 : 0.3996"
"84,1 : 0.3996"
"1,85 : 0.6129"
"85,1 : 0.6129"
"1,86 : 0.2256"
"86,1 : 0.2256"
"1,87 : 0.5412"
"87,1 : 0.5412"
"1,88 : 0.1217"
"88,1 : 0.1217"
"1,89 : 0.314"
"89,1 : 0.314"
"1,90 : 0.5382"
"90,1 : 0.5382"
"1,91 : 0.4925"
"91,1 : 0.4925"
"1,92 : 0.3701"
"92,1 : 0.3701"
"1,93 : 0.0632"
"93,1 : 0.0632"
"1,94 : 0.566"
"94,1 : 0.566"
"1,95 : 0.136"
"95,1 : 0.136"
"1,96 : 0.6801"
"96,1 : 0.6801"
"1,97 : 0.5547"
"97,1 : 0.5547"
"1,98 : 0.5445"
"98,1 : 0.5445"
"1,99 : 0.3625"
"99,1 : 0.3625"
"2,3 : 0.4771"
"3,2 : 0.4771"
"2,4 : 0.8773"
"4,2 : 0.8773"
"2,5 : 0.7134"
"5,2 : 0.7134"
"2,6 : 0.2385"
"6,2 : 0.2385"
"2,7 : 0.333"
"7,2 : 0.333"
"2,8 : 0.2417"
"8,2 : 0.2417"
"2,9 : 0.7877"
"9,2 : 0.7877"
"2,10 : 0.9005"
"10,2 : 0.9005"
"2,11 : 0.664"
"11,2 : 0.664"
"2,12 : 0.6507"
"12,2 : 0.6507"
"2,13 : 0.3302"
"13,2 : 0.3302"
"2,14 : 0.086"
"14,2 : 0.086"
"2,15 : 0.8713"
"15,2 : 0.8713"
"2,16 : 0.6629"
"16,2 : 0.6629"
"2,17 : 0.7632"
"17,2 : 0.7632"
"2,18 : 0.6001"
"18,2 : 0.6001"
"2,19 : 0.7004"
"19,2 : 0.7004"
"2,20 : 0.5456"
"20,2 : 0.5456"
"2,21 : 0.6801"
"21,2 : 0.6801"
"2,22 : 0.7201"
"22,2 : 0.7201"
"2,23 : 0.6847"
"23,2 : 0.6847"
"2,24 : 0.8102"
"24,2 : 0.8102"
"2,25 : 0.4904"
"25,2 : 0.4904"
"2,26 : 0.4919"
"26,2 : 0.4919"
"2,27 : 0.5558"
"27,2 : 0.5558"
"2,28 : 0.5033"
"28,2 : 0.5033"
"2,29 : 0.1526"
"29,2 : 0.1526"
"2,30 : 0.405"
"30,2 : 0.405"
"2,31 : 0.8828"
"31,2 : 0.8828"
"2,32 : 0.5061"
"32,2 : 0.5061"
"2,33 : 0.4793"
"33,2 : 0.4793"
"2,34 : 0.2025"
"34,2 : 0.2025"
"2,35 : 0.5608"
"35,2 : 0.5608"
"2,36 : 0.4393"
"36,2 : 0.4393"
"2,37 : 1.0823"
"37,2 : 1.0823"
"2,38 : 0.2335"
"38,2 : 0.2335"
"2,39 : 0.89"
"39,2 : 0.89"
"2,40 : 0.2193"
"40,2 : 0.2193"
"2,41 : 0.5385"
"41,2 : 0.5385"
"2,42 : 0.5033"
"42,2 : 0.5033"
"2,43 : 0.58"
"43,2 : 0.58"
"2,44 : 0.5692"
"44,2 : 0.5692"
"2,45 : 0.8429"
"45,2 : 0.8429"
"2,46 : 0.2"
"46,2 : 0.2"
"2,47 : 1.0359"
"47,2 : 1.0359"
"2,48 : 0.8929"
"48,2 : 0.8929"
"2,49 : 0.6213"
"49,2 : 0.6213"
"2,50 : 0.9741"
"50,2 : 0.9741"
"2,51 : 0.522"
"51,2 : 0.522"
"2,52 : 0.589"
"52,2 : 0.589"
"2,53 : 0.6607"
"53,2 : 0.6607"
"2,54 : 0.29"
"54,2 : 0.29"
"2,55 : 0.2608"
"55,2 : 0.2608"
"2,56 : 0.7951"
"56,2 : 0.7951"
"2,57 : 0.3764"
"57,2 : 0.3764"
"2,58 : 0.7021"
"58,2 : 0.7021"
"2,59 : 0.7441"
"59,2 : 0.7441"
"2,60 : 0.5644"
"60,2 : 0.5644"
"2,61 : 1.0085"
"61,2 : 1.0085"
"2,62 : 0.3716"
"62,2 : 0.3716"
"2,63 : 0.4317"
"63,2 : 0.4317"
"2,64 : 0.7985"
"64,2 : 0.7985"
"2,65 : 0.5501"
"65,2 : 0.5501"
"2,66 : 0.3848"
"66,2 : 0.3848"
"2,67 : 0.9957"
"67,2 : 0.9957"
"2,68 : 0.064"
"68,2 : 0.064"
"2,69 : 0.9552"
"69,2 : 0.9552"
"2,70 : 0.3106"
"70,2 : 0.3106"
"2,71 : 0.6854"
"71,2 : 0.6854"
"2,72 : 0.7245"
"72,2 : 0.7245"
"2,73 : 0.6017"
"73,2 : 0.6017"
"2,74 : 0.3808"
"74,2 : 0.3808"
"2,75 : 0.1456"
"75,2 : 0.1456"
"2,76 : 0.5104"
"76,2 : 0.5104"
"2,77 : 0.2377"
"77,2 : 0.2377"
"2,78 : 0.9646"
"78,2 : 0.9646"
"2,79 : 0.7083"
"79,2 : 0.7083"
"2,80 : 0.5482"
"80,2 : 0.5482"
"2,81 : 0.2247"
"81,2 : 0.2247"
"2,82 : 0.3002"
"82,2 : 0.3002"
"2,83 : 0.6129"
"83,2 : 0.6129"
"2,84 : 0.6353"
"84,2 : 0.6353"
"2,85 : 0.3883"
"85,2 : 0.3883"
"2,86 : 0.3362"
"86,2 : 0.3362"
"2,87 : 0.0707"
"87,2 : 0.0707"
"2,88 : 0.5964"
"88,2 : 0.5964"
"2,89 : 0.5672"
"89,2 : 0.5672"
"2,90 : 0.2973"
"90,2 : 0.2973"
"2,91 : 0.1712"
"91,2 : 0.1712"
"2,92 : 0.2886"
"92,2 : 0.2886"
"2,93 : 0.5155"
"93,2 : 0.5155"
"2,94 : 0.3342"
"94,2 : 0.3342"
"2,95 : 0.542"
"95,2 : 0.542"
"2,96 : 0.2961"
"96,2 : 0.2961"
"2,97 : 0.4804"
"97,2 : 0.4804"
"2,98 : 0.2"
"98,2 : 0.2"
"2,99 : 0.4115"
"99,2 : 0.4115"
"3,4 : 0.7378"
"4,3 : 0.7378"
"3,5 : 0.4528"
"5,3 : 0.4528"
"3,6 : 0.2385"
"6,3 : 0.2385"
"3,7 : 0.5408"
"7,3 : 0.5408"
"3,8 : 0.3027"
"8,3 : 0.3027"
"3,9 : 0.3106"
"9,3 : 0.3106"
"3,10 : 0.5504"
"10,3 : 0.5504"
"3,11 : 0.6727"
"11,3 : 0.6727"
"3,12 : 0.3829"
"12,3 : 0.3829"
"3,13 : 0.4159"
"13,3 : 0.4159"
"3,14 : 0.481"
"14,3 : 0.481"
"3,15 : 0.4754"
"15,3 : 0.4754"
"3,16 : 0.4632"
"16,3 : 0.4632"
"3,17 : 0.6227"
"17,3 : 0.6227"
"3,18 : 0.1513"
"18,3 : 0.1513"
"3,19 : 0.2625"
"19,3 : 0.2625"
"3,20 : 0.0922"
"20,3 : 0.0922"
"3,21 : 0.2571"
"21,3 : 0.2571"
"3,22 : 0.2476"
"22,3 : 0.2476"
"3,23 : 0.4405"
"23,3 : 0.4405"
"3,24 : 0.3342"
"24,3 : 0.3342"
"3,25 : 0.6463"
"25,3 : 0.6463"
"3,26 : 0.2546"
"26,3 : 0.2546"
"3,27 : 0.4319"
"27,3 : 0.4319"
"3,28 : 0.3041"
"28,3 : 0.3041"
"3,29 : 0.3454"
"29,3 : 0.3454"
"3,30 : 0.1217"
"30,3 : 0.1217"
"3,31 : 0.5825"
"31,3 : 0.5825"
"3,32 : 0.57"
"32,3 : 0.57"
"3,33 : 0.0806"
"33,3 : 0.0806"
"3,34 : 0.5187"
"34,3 : 0.5187"
"3,35 : 0.6207"
"35,3 : 0.6207"
"3,36 : 0.0762"
"36,3 : 0.0762"
"3,37 : 0.6054"
"37,3 : 0.6054"
"3,38 : 0.2563"
"38,3 : 0.2563"
"3,39 : 0.4206"
"39,3 : 0.4206"
"3,40 : 0.4751"
"40,3 : 0.4751"
"3,41 : 0.4707"
"41,3 : 0.4707"
"3,42 : 0.5903"
"42,3 : 0.5903"
"3,43 : 0.5122"
"43,3 : 0.5122"
"3,44 : 0.3561"
"44,3 : 0.3561"
"3,45 : 0.55"
"45,3 : 0.55"
"3,46 : 0.4494"
"46,3 : 0.4494"
"3,47 : 0.5595"
"47,3 : 0.5595"
"3,48 : 0.6794"
"48,3 : 0.6794"
"3,49 : 0.372"
"49,3 : 0.372"
"3,50 : 0.779"
"50,3 : 0.779"
"3,51 : 0.1836"
"51,3 : 0.1836"
"3,52 : 0.642"
"52,3 : 0.642"
"3,53 : 0.3471"
"53,3 : 0.3471"
"3,54 : 0.5108"
"54,3 : 0.5108"
"3,55 : 0.2163"
"55,3 : 0.2163"
"3,56 : 0.3265"
"56,3 : 0.3265"
"3,57 : 0.512"
"57,3 : 0.512"
"3,58 : 0.2267"
"58,3 : 0.2267"
"3,59 : 0.2802"
"59,3 : 0.2802"
"3,60 : 0.446"
"60,3 : 0.446"
"3,61 : 0.8387"
"61,3 : 0.8387"
"3,62 : 0.1253"
"62,3 : 0.1253"
"3,63 : 0.1612"
"63,3 : 0.1612"
"3,64 : 0.6551"
"64,3 : 0.6551"
"3,65 : 0.3089"
"65,3 : 0.3089"
"3,66 : 0.423"
"66,3 : 0.423"
"3,67 : 0.5187"
"67,3 : 0.5187"
"3,68 : 0.4168"
"68,3 : 0.4168"
"3,69 : 0.5474"
"69,3 : 0.5474"
"3,70 : 0.6851"
"70,3 : 0.6851"
"3,71 : 0.5778"
"71,3 : 0.5778"
"3,72 : 0.2571"
"72,3 : 0.2571"
"3,73 : 0.1649"
"73,3 : 0.1649"
"3,74 : 0.3289"
"74,3 : 0.3289"
"3,75 : 0.5381"
"75,3 : 0.5381"
"3,76 : 0.4549"
"76,3 : 0.4549"
"3,77 : 0.3624"
"77,3 : 0.3624"
"3,78 : 0.7723"
"78,3 : 0.7723"
"3,79 : 0.3068"
"79,3 : 0.3068"
"3,80 : 0.0854"
"80,3 : 0.0854"
"3,81 : 0.5686"
"81,3 : 0.5686"
"3,82 : 0.25"
"82,3 : 0.25"
"3,83 : 0.3828"
"83,3 : 0.3828"
"3,84 : 0.3162"
"84,3 : 0.3162"
"3,85 : 0.6073"
"85,3 : 0.6073"
"3,86 : 0.1421"
"86,3 : 0.1421"
"3,87 : 0.4519"
"87,3 : 0.4519"
"3,88 : 0.1204"
"88,3 : 0.1204"
"3,89 : 0.3848"
"89,3 : 0.3848"
"3,90 : 0.52"
"90,3 : 0.52"
"3,91 : 0.3905"
"91,3 : 0.3905"
"3,92 : 0.3511"
"92,3 : 0.3511"
"3,93 : 0.1345"
"93,3 : 0.1345"
"3,94 : 0.5536"
"94,3 : 0.5536"
"3,95 : 0.0762"
"95,3 : 0.0762"
"3,96 : 0.6466"
"96,3 : 0.6466"
"3,97 : 0.4391"
"97,3 : 0.4391"
"3,98 : 0.5048"
"98,3 : 0.5048"
"3,99 : 0.246"
"99,3 : 0.246"
"4,5 : 0.3036"
"5,4 : 0.3036"
"4,6 : 0.7747"
"6,4 : 0.7747"
"4,7 : 0.5903"
"7,4 : 0.5903"
"4,8 : 0.9091"
"8,4 : 0.9091"
"4,9 : 0.8023"
"9,4 : 0.8023"
"4,10 : 0.4026"
"10,4 : 0.4026"
"4,11 : 0.2729"
"11,4 : 0.2729"
"4,12 : 0.3625"
"12,4 : 0.3625"
"4,13 : 1.064"
"13,4 : 1.064"
"4,14 : 0.8041"
"14,4 : 0.8041"
"4,15 : 0.5036"
"15,4 : 0.5036"
"4,16 : 0.2746"
"16,4 : 0.2746"
"4,17 : 0.1204"
"17,4 : 0.1204"
"4,18 : 0.65"
"18,4 : 0.65"
"4,19 : 0.927"
"19,4 : 0.927"
"4,20 : 0.6754"
"20,4 : 0.6754"
"4,21 : 0.5797"
"21,4 : 0.5797"
"4,22 : 0.8324"
"22,4 : 0.8324"
"4,23 : 0.3046"
"23,4 : 0.3046"
"4,24 : 0.8417"
"24,4 : 0.8417"
"4,25 : 0.4904"
"25,4 : 0.4904"
"4,26 : 0.9881"
"26,4 : 0.9881"
"4,27 : 1.1604"
"27,4 : 1.1604"
"4,28 : 1.036"
"28,4 : 1.036"
"4,29 : 0.8709"
"29,4 : 0.8709"
"4,30 : 0.653"
"30,4 : 0.653"
"4,31 : 0.3008"
"31,4 : 0.3008"
"4,32 : 0.4031"
"32,4 : 0.4031"
"4,33 : 0.6573"
"33,4 : 0.6573"
"4,34 : 0.7157"
"34,4 : 0.7157"
"4,35 : 0.37"
"35,4 : 0.37"
"4,36 : 0.8021"
"36,4 : 0.8021"
"4,37 : 0.9377"
"37,4 : 0.9377"
"4,38 : 0.831"
"38,4 : 0.831"
"4,39 : 0.75"
"39,4 : 0.75"
"4,40 : 0.6736"
"40,4 : 0.6736"
"4,41 : 0.34"
"41,4 : 0.34"
"4,42 : 0.4211"
"42,4 : 0.4211"
"4,43 : 1.2343"
"43,4 : 1.2343"
"4,44 : 1.0929"
"44,4 : 1.0929"
"4,45 : 0.2927"
"45,4 : 0.2927"
"4,46 : 0.6835"
"46,4 : 0.6835"
"4,47 : 0.8945"
"47,4 : 0.8945"
"4,48 : 0.1342"
"48,4 : 0.1342"
"4,49 : 0.3672"
"49,4 : 0.3672"
"4,50 : 0.1265"
"50,4 : 0.1265"
"4,51 : 0.9211"
"51,4 : 0.9211"
"4,52 : 0.3506"
"52,4 : 0.3506"
"4,53 : 0.4144"
"53,4 : 0.4144"
"4,54 : 0.6185"
"54,4 : 0.6185"
"4,55 : 0.7658"
"55,4 : 0.7658"
"4,56 : 0.8905"
"56,4 : 0.8905"
"4,57 : 0.5239"
"57,4 : 0.5239"
"4,58 : 0.8036"
"58,4 : 0.8036"
"4,59 : 0.8832"
"59,4 : 0.8832"
"4,60 : 1.1744"
"60,4 : 1.1744"
"4,61 : 0.1334"
"61,4 : 0.1334"
"4,62 : 0.6868"
"62,4 : 0.6868"
"4,63 : 0.5967"
"63,4 : 0.5967"
"4,64 : 0.0849"
"64,4 : 0.0849"
"4,65 : 0.4301"
"65,4 : 0.4301"
"4,66 : 0.4924"
"66,4 : 0.4924"
"4,67 : 0.9105"
"67,4 : 0.9105"
"4,68 : 0.8635"
"68,4 : 0.8635"
"4,69 : 0.5482"
"69,4 : 0.5482"
"4,70 : 0.7816"
"70,4 : 0.7816"
"4,71 : 0.1924"
"71,4 : 0.1924"
"4,72 : 0.6963"
"72,4 : 0.6963"
"4,73 : 0.6277"
"73,4 : 0.6277"
"4,74 : 1.0183"
"74,4 : 1.0183"
"4,75 : 0.7912"
"75,4 : 0.7912"
"4,76 : 1.1685"
"76,4 : 1.1685"
"4,77 : 0.6441"
"77,4 : 0.6441"
"4,78 : 0.117"
"78,4 : 0.117"
"4,79 : 0.5315"
"79,4 : 0.5315"
"4,80 : 0.7918"
"80,4 : 0.7918"
"4,81 : 0.7355"
"81,4 : 0.7355"
"4,82 : 0.8983"
"82,4 : 0.8983"
"4,83 : 0.3551"
"83,4 : 0.3551"
"4,84 : 1.0471"
"84,4 : 1.0471"
"4,85 : 0.5814"
"85,4 : 0.5814"
"4,86 : 0.7355"
"86,4 : 0.7355"
"4,87 : 0.9171"
"87,4 : 0.9171"
"4,88 : 0.7656"
"88,4 : 0.7656"
"4,89 : 0.3612"
"89,4 : 0.3612"
"4,90 : 0.6161"
"90,4 : 0.6161"
"4,91 : 0.943"
"91,4 : 0.943"
"4,92 : 0.5954"
"92,4 : 0.5954"
"4,93 : 0.6054"
"93,4 : 0.6054"
"4,94 : 0.5984"
"94,4 : 0.5984"
"4,95 : 0.7829"
"95,4 : 0.7829"
"4,96 : 0.7433"
"96,4 : 0.7433"
"4,97 : 1.1463"
"97,4 : 1.1463"
"4,98 : 0.7088"
"98,4 : 0.7088"
"4,99 : 0.9578"
"99,4 : 0.9578"
"5,6 : 0.5478"
"6,5 : 0.5478"
"5,7 : 0.522"
"7,5 : 0.522"
"5,8 : 0.6754"
"8,5 : 0.6754"
"5,9 : 0.5025"
"9,5 : 0.5025"
"5,10 : 0.2147"
"10,5 : 0.2147"
"5,11 : 0.3759"
"11,5 : 0.3759"
"5,12 : 0.0721"
"12,5 : 0.0721"
"5,13 : 0.8237"
"13,5 : 0.8237"
"5,14 : 0.66"
"14,5 : 0.66"
"5,15 : 0.2581"
"15,5 : 0.2581"
"5,16 : 0.0849"
"16,5 : 0.0849"
"5,17 : 0.21"
"17,5 : 0.21"
"5,18 : 0.3489"
"18,5 : 0.3489"
"5,19 : 0.6239"
"19,5 : 0.6239"
"5,20 : 0.3801"
"20,5 : 0.3801"
"5,21 : 0.2766"
"21,5 : 0.2766"
"5,22 : 0.5289"
"22,5 : 0.5289"
"5,23 : 0.0316"
"23,5 : 0.0316"
"5,24 : 0.5423"
"24,5 : 0.5423"
"5,25 : 0.5061"
"25,5 : 0.5061"
"5,26 : 0.7072"
"26,5 : 0.7072"
"5,27 : 0.8839"
"27,5 : 0.8839"
"5,28 : 0.7566"
"28,5 : 0.7566"
"5,29 : 0.661"
"29,5 : 0.661"
"5,30 : 0.3912"
"30,5 : 0.3912"
"5,31 : 0.17"
"31,5 : 0.17"
"5,32 : 0.392"
"32,5 : 0.392"
"5,33 : 0.3748"
"33,5 : 0.3748"
"5,34 : 0.6083"
"34,5 : 0.6083"
"5,35 : 0.4031"
"35,5 : 0.4031"
"5,36 : 0.5235"
"36,5 : 0.5235"
"5,37 : 0.6736"
"37,5 : 0.6736"
"5,38 : 0.6001"
"38,5 : 0.6001"
"5,39 : 0.4687"
"39,5 : 0.4687"
"5,40 : 0.5558"
"40,5 : 0.5558"
"5,41 : 0.247"
"41,5 : 0.247"
"5,42 : 0.4201"
"42,5 : 0.4201"
"5,43 : 0.9626"
"43,5 : 0.9626"
"5,44 : 0.8081"
"44,5 : 0.8081"
"5,45 : 0.13"
"45,5 : 0.13"
"5,46 : 0.5523"
"46,5 : 0.5523"
"5,47 : 0.6264"
"47,5 : 0.6264"
"5,48 : 0.2267"
"48,5 : 0.2267"
"5,49 : 0.0949"
"49,5 : 0.0949"
"5,50 : 0.3265"
"50,5 : 0.3265"
"5,51 : 0.6325"
"51,5 : 0.6325"
"5,52 : 0.4046"
"52,5 : 0.4046"
"5,53 : 0.1118"
"53,5 : 0.1118"
"5,54 : 0.5289"
"54,5 : 0.5289"
"5,55 : 0.5331"
"55,5 : 0.5331"
"5,56 : 0.5886"
"56,5 : 0.5886"
"5,57 : 0.4531"
"57,5 : 0.4531"
"5,58 : 0.5"
"58,5 : 0.5"
"5,59 : 0.5797"
"59,5 : 0.5797"
"5,60 : 0.8981"
"60,5 : 0.8981"
"5,61 : 0.3883"
"61,5 : 0.3883"
"5,62 : 0.4305"
"62,5 : 0.4305"
"5,63 : 0.3362"
"63,5 : 0.3362"
"5,64 : 0.2319"
"64,5 : 0.2319"
"5,65 : 0.1709"
"65,5 : 0.1709"
"5,66 : 0.3711"
"66,5 : 0.3711"
"5,67 : 0.6315"
"67,5 : 0.6315"
"5,68 : 0.6807"
"68,5 : 0.6807"
"5,69 : 0.3324"
"69,5 : 0.3324"
"5,70 : 0.7305"
"70,5 : 0.7305"
"5,71 : 0.2154"
"71,5 : 0.2154"
"5,72 : 0.3946"
"72,5 : 0.3946"
"5,73 : 0.3265"
"73,5 : 0.3265"
"5,74 : 0.7603"
"74,5 : 0.7603"
"5,75 : 0.6736"
"75,5 : 0.6736"
"5,76 : 0.9014"
"76,5 : 0.9014"
"5,77 : 0.4801"
"77,5 : 0.4801"
"5,78 : 0.3202"
"78,5 : 0.3202"
"5,79 : 0.2309"
"79,5 : 0.2309"
"5,80 : 0.4965"
"80,5 : 0.4965"
"5,81 : 0.6454"
"81,5 : 0.6454"
"5,82 : 0.65"
"82,5 : 0.65"
"5,83 : 0.1005"
"83,5 : 0.1005"
"5,84 : 0.7517"
"84,5 : 0.7517"
"5,85 : 0.5501"
"85,5 : 0.5501"
"5,86 : 0.4837"
"86,5 : 0.4837"
"5,87 : 0.7335"
"87,5 : 0.7335"
"5,88 : 0.4653"
"88,5 : 0.4653"
"5,89 : 0.1513"
"89,5 : 0.1513"
"5,90 : 0.5316"
"90,5 : 0.5316"
"5,91 : 0.7305"
"91,5 : 0.7305"
"5,92 : 0.43"
"92,5 : 0.43"
"5,93 : 0.3183"
"93,5 : 0.3183"
"5,94 : 0.5349"
"94,5 : 0.5349"
"5,95 : 0.4883"
"95,5 : 0.4883"
"5,96 : 0.6862"
"96,5 : 0.6862"
"5,97 : 0.8824"
"97,5 : 0.8824"
"5,98 : 0.5968"
"98,5 : 0.5968"
"5,99 : 0.6888"
"99,5 : 0.6888"
"6,7 : 0.3805"
"7,6 : 0.3805"
"6,8 : 0.1345"
"8,6 : 0.1345"
"6,9 : 0.5492"
"9,6 : 0.5492"
"6,10 : 0.7071"
"10,6 : 0.7071"
"6,11 : 0.6243"
"11,6 : 0.6243"
"6,12 : 0.4776"
"12,6 : 0.4776"
"6,13 : 0.29"
"13,6 : 0.29"
"6,14 : 0.25"
"14,6 : 0.25"
"6,15 : 0.6601"
"15,6 : 0.6601"
"6,16 : 0.5197"
"16,6 : 0.5197"
"6,17 : 0.6544"
"17,6 : 0.6544"
"6,18 : 0.3669"
"18,6 : 0.3669"
"6,19 : 0.472"
"19,6 : 0.472"
"6,20 : 0.3102"
"20,6 : 0.3102"
"6,21 : 0.4554"
"21,6 : 0.4554"
"6,22 : 0.4827"
"22,6 : 0.4827"
"6,23 : 0.5239"
"23,6 : 0.5239"
"6,24 : 0.572"
"24,6 : 0.572"
"6,25 : 0.5217"
"25,6 : 0.5217"
"6,26 : 0.3106"
"26,6 : 0.3106"
"6,27 : 0.4368"
"27,6 : 0.4368"
"6,28 : 0.3406"
"28,6 : 0.3406"
"6,29 : 0.12"
"29,6 : 0.12"
"6,30 : 0.1803"
"30,6 : 0.1803"
"6,31 : 0.7088"
"31,6 : 0.7088"
"6,32 : 0.4833"
"32,6 : 0.4833"
"6,33 : 0.2474"
"33,6 : 0.2474"
"6,34 : 0.3132"
"34,6 : 0.3132"
"6,35 : 0.5413"
"35,6 : 0.5413"
"6,36 : 0.2062"
"36,6 : 0.2062"
"6,37 : 0.8438"
"37,6 : 0.8438"
"6,38 : 0.0566"
"38,6 : 0.0566"
"6,39 : 0.6539"
"39,6 : 0.6539"
"6,40 : 0.2828"
"40,6 : 0.2828"
"6,41 : 0.446"
"41,6 : 0.446"
"6,42 : 0.494"
"42,6 : 0.494"
"6,43 : 0.4924"
"43,6 : 0.4924"
"6,44 : 0.4105"
"44,6 : 0.4105"
"6,45 : 0.6705"
"45,6 : 0.6705"
"6,46 : 0.2532"
"46,6 : 0.2532"
"6,47 : 0.7976"
"47,6 : 0.7976"
"6,48 : 0.7566"
"48,6 : 0.7566"
"6,49 : 0.4531"
"49,6 : 0.4531"
"6,50 : 0.8491"
"50,6 : 0.8491"
"6,51 : 0.3102"
"51,6 : 0.3102"
"6,52 : 0.568"
"52,6 : 0.568"
"6,53 : 0.4707"
"53,6 : 0.4707"
"6,54 : 0.34"
"54,6 : 0.34"
"6,55 : 0.0224"
"55,6 : 0.0224"
"6,56 : 0.559"
"56,6 : 0.559"
"6,57 : 0.3808"
"57,6 : 0.3808"
"6,58 : 0.464"
"58,6 : 0.464"
"6,59 : 0.5091"
"59,6 : 0.5091"
"6,60 : 0.4492"
"60,6 : 0.4492"
"6,61 : 0.8963"
"61,6 : 0.8963"
"6,62 : 0.1414"
"62,6 : 0.1414"
"6,63 : 0.222"
"63,6 : 0.222"
"6,64 : 0.6903"
"64,6 : 0.6903"
"6,65 : 0.377"
"65,6 : 0.377"
"6,66 : 0.3265"
"66,6 : 0.3265"
"6,67 : 0.7572"
"67,6 : 0.7572"
"6,68 : 0.1789"
"68,6 : 0.1789"
"6,69 : 0.7411"
"69,6 : 0.7411"
"6,70 : 0.4754"
"70,6 : 0.4754"
"6,71 : 0.5873"
"71,6 : 0.5873"
"6,72 : 0.4885"
"72,6 : 0.4885"
"6,73 : 0.3711"
"73,6 : 0.3711"
"6,74 : 0.264"
"74,6 : 0.264"
"6,75 : 0.3138"
"75,6 : 0.3138"
"6,76 : 0.4205"
"76,6 : 0.4205"
"6,77 : 0.1924"
"77,6 : 0.1924"
"6,78 : 0.8406"
"78,6 : 0.8406"
"6,79 : 0.4909"
"79,6 : 0.4909"
"6,80 : 0.3114"
"80,6 : 0.3114"
"6,81 : 0.3606"
"81,6 : 0.3606"
"6,82 : 0.1393"
"82,6 : 0.1393"
"6,83 : 0.4519"
"83,6 : 0.4519"
"6,84 : 0.4415"
"84,6 : 0.4415"
"6,85 : 0.4504"
"85,6 : 0.4504"
"6,86 : 0.0985"
"86,6 : 0.0985"
"6,87 : 0.2184"
"87,6 : 0.2184"
"6,88 : 0.3581"
"88,6 : 0.3581"
"6,89 : 0.4219"
"89,6 : 0.4219"
"6,90 : 0.35"
"90,6 : 0.35"
"6,91 : 0.1844"
"91,6 : 0.1844"
"6,92 : 0.2154"
"92,6 : 0.2154"
"6,93 : 0.2915"
"93,6 : 0.2915"
"6,94 : 0.3901"
"94,6 : 0.3901"
"6,95 : 0.3048"
"95,6 : 0.3048"
"6,96 : 0.4427"
"96,6 : 0.4427"
"6,97 : 0.3936"
"97,6 : 0.3936"
"6,98 : 0.3008"
"98,6 : 0.3008"
"6,99 : 0.2408"
"99,6 : 0.2408"
"7,8 : 0.4851"
"8,7 : 0.4851"
"7,9 : 0.8099"
"9,7 : 0.8099"
"7,10 : 0.7354"
"10,7 : 0.7354"
"7,11 : 0.3444"
"11,7 : 0.3444"
"7,12 : 0.483"
"12,7 : 0.483"
"7,13 : 0.6239"
"13,7 : 0.6239"
"7,14 : 0.2476"
"14,7 : 0.2476"
"7,15 : 0.7495"
"15,7 : 0.7495"
"7,16 : 0.4464"
"16,7 : 0.4464"
"7,17 : 0.4909"
"17,7 : 0.4909"
"7,18 : 0.5908"
"18,7 : 0.5908"
"7,19 : 0.8032"
"19,7 : 0.8032"
"7,20 : 0.5595"
"20,7 : 0.5595"
"7,21 : 0.6224"
"21,7 : 0.6224"
"7,22 : 0.7737"
"22,7 : 0.7737"
"7,23 : 0.4904"
"23,7 : 0.4904"
"7,24 : 0.8438"
"24,7 : 0.8438"
"7,25 : 0.1581"
"25,7 : 0.1581"
"7,26 : 0.69"
"26,7 : 0.69"
"7,27 : 0.8122"
"27,7 : 0.8122"
"7,28 : 0.7211"
"28,7 : 0.7211"
"7,29 : 0.405"
"29,7 : 0.405"
"7,30 : 0.4215"
"30,7 : 0.4215"
"7,31 : 0.6841"
"31,7 : 0.6841"
"7,32 : 0.1897"
"32,7 : 0.1897"
"7,33 : 0.4919"
"33,7 : 0.4919"
"7,34 : 0.136"
"34,7 : 0.136"
"7,35 : 0.2371"
"35,7 : 0.2371"
"7,36 : 0.5511"
"36,7 : 0.5511"
"7,37 : 1.0781"
"37,7 : 1.0781"
"7,38 : 0.4243"
"38,7 : 0.4243"
"7,39 : 0.8637"
"39,7 : 0.8637"
"7,40 : 0.1166"
"40,7 : 0.1166"
"7,41 : 0.2844"
"41,7 : 0.2844"
"7,42 : 0.1789"
"42,7 : 0.1789"
"7,43 : 0.8587"
"43,7 : 0.8587"
"7,44 : 0.791"
"44,7 : 0.791"
"7,45 : 0.6456"
"45,7 : 0.6456"
"7,46 : 0.1432"
"46,7 : 0.1432"
"7,47 : 1.0283"
"47,7 : 1.0283"
"7,48 : 0.6401"
"48,7 : 0.6401"
"7,49 : 0.4518"
"49,7 : 0.4518"
"7,50 : 0.7035"
"50,7 : 0.7035"
"7,51 : 0.676"
"51,7 : 0.676"
"7,52 : 0.2642"
"52,7 : 0.2642"
"7,53 : 0.5215"
"53,7 : 0.5215"
"7,54 : 0.0447"
"54,7 : 0.0447"
"7,55 : 0.39"
"55,7 : 0.39"
"7,56 : 0.8542"
"56,7 : 0.8542"
"7,57 : 0.0707"
"57,7 : 0.0707"
"7,58 : 0.7471"
"58,7 : 0.7471"
"7,59 : 0.8144"
"59,7 : 0.8144"
"7,60 : 0.8238"
"60,7 : 0.8238"
"7,61 : 0.7237"
"61,7 : 0.7237"
"7,62 : 0.4176"
"62,7 : 0.4176"
"7,63 : 0.4031"
"63,7 : 0.4031"
"7,64 : 0.5224"
"64,7 : 0.5224"
"7,65 : 0.408"
"65,7 : 0.408"
"7,66 : 0.1581"
"66,7 : 0.1581"
"7,67 : 1.006"
"67,7 : 1.006"
"7,68 : 0.3499"
"68,7 : 0.3499"
"7,69 : 0.8335"
"69,7 : 0.8335"
"7,70 : 0.2088"
"70,7 : 0.2088"
"7,71 : 0.4105"
"71,7 : 0.4105"
"7,72 : 0.714"
"72,7 : 0.714"
"7,73 : 0.5801"
"73,7 : 0.5801"
"7,74 : 0.6335"
"74,7 : 0.6335"
"7,75 : 0.211"
"75,7 : 0.211"
"7,76 : 0.7859"
"76,7 : 0.7859"
"7,77 : 0.1903"
"77,7 : 0.1903"
"7,78 : 0.6935"
"78,7 : 0.6935"
"7,79 : 0.6237"
"79,7 : 0.6237"
"7,80 : 0.6263"
"80,7 : 0.6263"
"7,81 : 0.1456"
"81,7 : 0.1456"
"7,82 : 0.5148"
"82,7 : 0.5148"
"7,83 : 0.4338"
"83,7 : 0.4338"
"7,84 : 0.8139"
"84,7 : 0.8139"
"7,85 : 0.07"
"85,7 : 0.07"
"7,86 : 0.4258"
"86,7 : 0.4258"
"7,87 : 0.3941"
"87,7 : 0.3941"
"7,88 : 0.6488"
"88,7 : 0.6488"
"7,89 : 0.3758"
"89,7 : 0.3758"
"7,90 : 0.0361"
"90,7 : 0.0361"
"7,91 : 0.4652"
"91,7 : 0.4652"
"7,92 : 0.1897"
"92,7 : 0.1897"
"7,93 : 0.4909"
"93,7 : 0.4909"
"7,94 : 0.0141"
"94,7 : 0.0141"
"7,95 : 0.6168"
"95,7 : 0.6168"
"7,96 : 0.1649"
"96,7 : 0.1649"
"7,97 : 0.7569"
"97,7 : 0.7569"
"7,98 : 0.1345"
"98,7 : 0.1345"
"7,99 : 0.6213"
"99,7 : 0.6213"
"8,9 : 0.5981"
"9,8 : 0.5981"
"8,10 : 0.8223"
"10,8 : 0.8223"
"8,11 : 0.7545"
"11,8 : 0.7545"
"8,12 : 0.6042"
"12,8 : 0.6042"
"8,13 : 0.1556"
"13,8 : 0.1556"
"8,14 : 0.2943"
"14,8 : 0.2943"
"8,15 : 0.7642"
"15,8 : 0.7642"
"8,16 : 0.6519"
"16,8 : 0.6519"
"8,17 : 0.7887"
"17,8 : 0.7887"
"8,18 : 0.4504"
"18,8 : 0.4504"
"8,19 : 0.478"
"19,8 : 0.478"
"8,20 : 0.3905"
"20,8 : 0.3905"
"8,21 : 0.5504"
"21,8 : 0.5504"
"8,22 : 0.5189"
"22,8 : 0.5189"
"8,23 : 0.653"
"23,8 : 0.653"
"8,24 : 0.6133"
"24,8 : 0.6133"
"8,25 : 0.6357"
"25,8 : 0.6357"
"8,26 : 0.2506"
"26,8 : 0.2506"
"8,27 : 0.3306"
"27,8 : 0.3306"
"8,28 : 0.2625"
"28,8 : 0.2625"
"8,29 : 0.0922"
"29,8 : 0.0922"
"8,30 : 0.2912"
"30,8 : 0.2912"
"8,31 : 0.8322"
"31,8 : 0.8322"
"8,32 : 0.609"
"32,8 : 0.609"
"8,33 : 0.3413"
"33,8 : 0.3413"
"8,34 : 0.3901"
"34,8 : 0.3901"
"8,35 : 0.6673"
"35,8 : 0.6673"
"8,36 : 0.2404"
"36,8 : 0.2404"
"8,37 : 0.8916"
"37,8 : 0.8916"
"8,38 : 0.0781"
"38,8 : 0.0781"
"8,39 : 0.7203"
"39,8 : 0.7203"
"8,40 : 0.3748"
"40,8 : 0.3748"
"8,41 : 0.58"
"41,8 : 0.58"
"8,42 : 0.6172"
"42,8 : 0.6172"
"8,43 : 0.3736"
"43,8 : 0.3736"
"8,44 : 0.3298"
"44,8 : 0.3298"
"8,45 : 0.7948"
"45,8 : 0.7948"
"8,46 : 0.3453"
"46,8 : 0.3453"
"8,47 : 0.8486"
"47,8 : 0.8486"
"8,48 : 0.8884"
"48,8 : 0.8884"
"8,49 : 0.5814"
"49,8 : 0.5814"
"8,50 : 0.9818"
"50,8 : 0.9818"
"8,51 : 0.29"
"51,8 : 0.29"
"8,52 : 0.6946"
"52,8 : 0.6946"
"8,53 : 0.5914"
"53,8 : 0.5914"
"8,54 : 0.4415"
"54,8 : 0.4415"
"8,55 : 0.1442"
"55,8 : 0.1442"
"8,56 : 0.5867"
"56,8 : 0.5867"
"8,57 : 0.4977"
"57,8 : 0.4977"
"8,58 : 0.507"
"58,8 : 0.507"
"8,59 : 0.5334"
"59,8 : 0.5334"
"8,60 : 0.3413"
"60,8 : 0.3413"
"8,61 : 1.03"
"61,8 : 1.03"
"8,62 : 0.25"
"62,8 : 0.25"
"8,63 : 0.3418"
"63,8 : 0.3418"
"8,64 : 0.8246"
"64,8 : 0.8246"
"8,65 : 0.5054"
"65,8 : 0.5054"
"8,66 : 0.4549"
"66,8 : 0.4549"
"8,67 : 0.8011"
"67,8 : 0.8011"
"8,68 : 0.1803"
"68,8 : 0.1803"
"8,69 : 0.8415"
"69,8 : 0.8415"
"8,70 : 0.536"
"70,8 : 0.536"
"8,71 : 0.7218"
"71,8 : 0.7218"
"8,72 : 0.559"
"72,8 : 0.559"
"8,73 : 0.46"
"73,8 : 0.46"
"8,74 : 0.1503"
"74,8 : 0.1503"
"8,75 : 0.365"
"75,8 : 0.365"
"8,76 : 0.3008"
"76,8 : 0.3008"
"8,77 : 0.3087"
"77,8 : 0.3087"
"8,78 : 0.9735"
"78,8 : 0.9735"
"8,79 : 0.593"
"79,8 : 0.593"
"8,80 : 0.3511"
"80,8 : 0.3511"
"8,81 : 0.4305"
"81,8 : 0.4305"
"8,82 : 0.064"
"82,8 : 0.064"
"8,83 : 0.5818"
"83,8 : 0.5818"
"8,84 : 0.3945"
"84,8 : 0.3945"
"8,85 : 0.5532"
"85,8 : 0.5532"
"8,86 : 0.1965"
"86,8 : 0.1965"
"8,87 : 0.186"
"87,8 : 0.186"
"8,88 : 0.408"
"88,8 : 0.408"
"8,89 : 0.5547"
"89,8 : 0.5547"
"8,90 : 0.4512"
"90,8 : 0.4512"
"8,91 : 0.0943"
"91,8 : 0.0943"
"8,92 : 0.3413"
"92,8 : 0.3413"
"8,93 : 0.3946"
"93,8 : 0.3946"
"8,94 : 0.4924"
"94,8 : 0.4924"
"8,95 : 0.3479"
"95,8 : 0.3479"
"8,96 : 0.5116"
"96,8 : 0.5116"
"8,97 : 0.272"
"97,8 : 0.272"
"8,98 : 0.3805"
"98,8 : 0.3805"
"8,99 : 0.17"
"99,8 : 0.17"
"9,10 : 0.4665"
"10,9 : 0.4665"
"9,11 : 0.8401"
"11,9 : 0.8401"
"9,12 : 0.4601"
"12,9 : 0.4601"
"9,13 : 0.6774"
"13,9 : 0.6774"
"9,14 : 0.7887"
"14,9 : 0.7887"
"9,15 : 0.3523"
"15,9 : 0.3523"
"9,16 : 0.5601"
"16,9 : 0.5601"
"9,17 : 0.7118"
"17,9 : 0.7118"
"9,18 : 0.2195"
"18,9 : 0.2195"
"9,19 : 0.197"
"19,9 : 0.197"
"9,20 : 0.255"
"20,9 : 0.255"
"9,21 : 0.2302"
"21,9 : 0.2302"
"9,22 : 0.0906"
"22,9 : 0.0906"
"9,23 : 0.5104"
"23,9 : 0.5104"
"9,24 : 0.04"
"24,9 : 0.04"
"9,25 : 0.8824"
"25,9 : 0.8824"
"9,26 : 0.4401"
"26,9 : 0.4401"
"9,27 : 0.5923"
"27,9 : 0.5923"
"9,28 : 0.4817"
"28,9 : 0.4817"
"9,29 : 0.653"
"29,9 : 0.653"
"9,30 : 0.4031"
"30,9 : 0.4031"
"9,31 : 0.5463"
"31,9 : 0.5463"
"9,32 : 0.7843"
"32,9 : 0.7843"
"9,33 : 0.3256"
"33,9 : 0.3256"
"9,34 : 0.8139"
"34,9 : 0.8139"
"9,35 : 0.8228"
"35,9 : 0.8228"
"9,36 : 0.3585"
"36,9 : 0.3585"
"9,37 : 0.2953"
"37,9 : 0.2953"
"9,38 : 0.5636"
"38,9 : 0.5636"
"9,39 : 0.1456"
"39,9 : 0.1456"
"9,40 : 0.7658"
"40,9 : 0.7658"
"9,41 : 0.65"
"41,9 : 0.65"
"9,42 : 0.8099"
"42,9 : 0.8099"
"9,43 : 0.6768"
"43,9 : 0.6768"
"9,44 : 0.4924"
"44,9 : 0.4924"
"9,45 : 0.5314"
"45,9 : 0.5314"
"9,46 : 0.7433"
"46,9 : 0.7433"
"9,47 : 0.2508"
"47,9 : 0.2508"
"9,48 : 0.6992"
"48,9 : 0.6992"
"9,49 : 0.4717"
"49,9 : 0.4717"
"9,50 : 0.7938"
"50,9 : 0.7938"
"9,51 : 0.3501"
"51,9 : 0.3501"
"9,52 : 0.8368"
"52,9 : 0.8368"
"9,53 : 0.4"
"53,9 : 0.4"
"9,54 : 0.7882"
"54,9 : 0.7882"
"9,55 : 0.527"
"55,9 : 0.527"
"9,56 : 0.0943"
"56,9 : 0.0943"
"9,57 : 0.7654"
"57,9 : 0.7654"
"9,58 : 0.0922"
"58,9 : 0.0922"
"9,59 : 0.1166"
"59,9 : 0.1166"
"9,60 : 0.6042"
"60,9 : 0.6042"
"9,61 : 0.8633"
"61,9 : 0.8633"
"9,62 : 0.4252"
"62,9 : 0.4252"
"9,63 : 0.408"
"63,9 : 0.408"
"9,64 : 0.7344"
"64,9 : 0.7344"
"9,65 : 0.4535"
"65,9 : 0.4535"
"9,66 : 0.6665"
"66,9 : 0.6665"
"9,67 : 0.2081"
"67,9 : 0.2081"
"9,68 : 0.7272"
"68,9 : 0.7272"
"9,69 : 0.3821"
"69,9 : 0.3821"
"9,70 : 0.9784"
"70,9 : 0.9784"
"9,71 : 0.7006"
"71,9 : 0.7006"
"9,72 : 0.1105"
"72,9 : 0.1105"
"9,73 : 0.2326"
"73,9 : 0.2326"
"9,74 : 0.5731"
"74,9 : 0.5731"
"9,75 : 0.8422"
"75,9 : 0.8422"
"9,76 : 0.645"
"76,9 : 0.645"
"9,77 : 0.6519"
"77,9 : 0.6519"
"9,78 : 0.7906"
"78,9 : 0.7906"
"9,79 : 0.2717"
"79,9 : 0.2717"
"9,80 : 0.247"
"80,9 : 0.247"
"9,81 : 0.8637"
"81,9 : 0.8637"
"9,82 : 0.5376"
"82,9 : 0.5376"
"9,83 : 0.4925"
"83,9 : 0.4925"
"9,84 : 0.3828"
"84,9 : 0.3828"
"9,85 : 0.8695"
"85,9 : 0.8695"
"9,86 : 0.4522"
"86,9 : 0.4522"
"9,87 : 0.7606"
"87,9 : 0.7606"
"9,88 : 0.1924"
"88,9 : 0.1924"
"9,89 : 0.5295"
"89,9 : 0.5295"
"9,90 : 0.7963"
"90,9 : 0.7963"
"9,91 : 0.6908"
"91,9 : 0.6908"
"9,92 : 0.628"
"92,9 : 0.628"
"9,93 : 0.3191"
"93,9 : 0.3191"
"9,94 : 0.8238"
"94,9 : 0.8238"
"9,95 : 0.2508"
"95,9 : 0.2508"
"9,96 : 0.9372"
"96,9 : 0.9372"
"9,97 : 0.642"
"97,9 : 0.642"
"9,98 : 0.7998"
"98,9 : 0.7998"
"9,99 : 0.4837"
"99,9 : 0.4837"
"10,11 : 0.5673"
"11,10 : 0.5673"
"10,12 : 0.2571"
"12,10 : 0.2571"
"10,13 : 0.9582"
"13,10 : 0.9582"
"10,14 : 0.8559"
"14,10 : 0.8559"
"10,15 : 0.117"
"15,10 : 0.117"
"10,16 : 0.2968"
"16,10 : 0.2968"
"10,17 : 0.3636"
"17,10 : 0.3636"
"10,18 : 0.4082"
"18,10 : 0.4082"
"10,19 : 0.6378"
"19,10 : 0.6378"
"10,20 : 0.4607"
"20,10 : 0.4607"
"10,21 : 0.3023"
"21,10 : 0.3023"
"10,22 : 0.5263"
"22,10 : 0.5263"
"10,23 : 0.246"
"23,10 : 0.246"
"10,24 : 0.5012"
"24,10 : 0.5012"
"10,25 : 0.7185"
"25,10 : 0.7185"
"10,26 : 0.794"
"26,10 : 0.794"
"10,27 : 0.971"
"27,10 : 0.971"
"10,28 : 0.8438"
"28,10 : 0.8438"
"10,29 : 0.8261"
"29,10 : 0.8261"
"10,30 : 0.5315"
"30,10 : 0.5315"
"10,31 : 0.102"
"31,10 : 0.102"
"10,32 : 0.6046"
"32,10 : 0.6046"
"10,33 : 0.487"
"33,10 : 0.487"
"10,34 : 0.8149"
"34,10 : 0.8149"
"10,35 : 0.6107"
"35,10 : 0.6107"
"10,36 : 0.6265"
"36,10 : 0.6265"
"10,37 : 0.5404"
"37,10 : 0.5404"
"10,38 : 0.7531"
"38,10 : 0.7531"
"10,39 : 0.3736"
"39,10 : 0.3736"
"10,40 : 0.7616"
"40,10 : 0.7616"
"10,41 : 0.4614"
"41,10 : 0.4614"
"10,42 : 0.6325"
"42,10 : 0.6325"
"10,43 : 1.0548"
"43,10 : 1.0548"
"10,44 : 0.8823"
"44,10 : 0.8823"
"10,45 : 0.1166"
"45,10 : 0.1166"
"10,46 : 0.755"
"46,10 : 0.755"
"10,47 : 0.5001"
"47,10 : 0.5001"
"10,48 : 0.2729"
"48,10 : 0.2729"
"10,49 : 0.2886"
"49,10 : 0.2886"
"10,50 : 0.3506"
"50,10 : 0.3506"
"10,51 : 0.7072"
"51,10 : 0.7072"
"10,52 : 0.6088"
"52,10 : 0.6088"
"10,53 : 0.24"
"53,10 : 0.24"
"10,54 : 0.74"
"54,10 : 0.74"
"10,55 : 0.6888"
"55,10 : 0.6888"
"10,56 : 0.5608"
"56,10 : 0.5608"
"10,57 : 0.6671"
"57,10 : 0.6671"
"10,58 : 0.5033"
"58,10 : 0.5033"
"10,59 : 0.572"
"59,10 : 0.572"
"10,60 : 0.9848"
"60,10 : 0.9848"
"10,61 : 0.4211"
"61,10 : 0.4211"
"10,62 : 0.5727"
"62,10 : 0.5727"
"10,63 : 0.4851"
"63,10 : 0.4851"
"10,64 : 0.3667"
"64,10 : 0.3667"
"10,65 : 0.3523"
"65,10 : 0.3523"
"10,66 : 0.5819"
"66,10 : 0.5819"
"10,67 : 0.5247"
"67,10 : 0.5247"
"10,68 : 0.8602"
"68,10 : 0.8602"
"10,69 : 0.1456"
"69,10 : 0.1456"
"10,70 : 0.9434"
"70,10 : 0.9434"
"10,71 : 0.4036"
"71,10 : 0.4036"
"10,72 : 0.3829"
"72,10 : 0.3829"
"10,73 : 0.3895"
"73,10 : 0.3895"
"10,74 : 0.8785"
"74,10 : 0.8785"
"10,75 : 0.8766"
"75,10 : 0.8766"
"10,76 : 1.0024"
"76,10 : 1.0024"
"10,77 : 0.676"
"77,10 : 0.676"
"10,78 : 0.3501"
"78,10 : 0.3501"
"10,79 : 0.247"
"79,10 : 0.247"
"10,80 : 0.563"
"80,10 : 0.563"
"10,81 : 0.8544"
"81,10 : 0.8544"
"10,82 : 0.7845"
"82,10 : 0.7845"
"10,83 : 0.3036"
"83,10 : 0.3036"
"10,84 : 0.8006"
"84,10 : 0.8006"
"10,85 : 0.7648"
"85,10 : 0.7648"
"10,86 : 0.6259"
"86,10 : 0.6259"
"10,87 : 0.9109"
"87,10 : 0.9109"
"10,88 : 0.514"
"88,10 : 0.514"
"10,89 : 0.3606"
"89,10 : 0.3606"
"10,90 : 0.7433"
"90,10 : 0.7433"
"10,91 : 0.8911"
"91,10 : 0.8911"
"10,92 : 0.628"
"92,10 : 0.628"
"10,93 : 0.4301"
"93,10 : 0.4301"
"10,94 : 0.7485"
"94,10 : 0.7485"
"10,95 : 0.5576"
"95,10 : 0.5576"
"10,96 : 0.8989"
"96,10 : 0.8989"
"10,97 : 0.9884"
"97,10 : 0.9884"
"10,98 : 0.8028"
"98,10 : 0.8028"
"10,99 : 0.7962"
"99,10 : 0.7962"
"11,12 : 0.389"
"12,11 : 0.389"
"11,13 : 0.908"
"13,11 : 0.908"
"11,14 : 0.5825"
"14,11 : 0.5825"
"11,15 : 0.6329"
"15,11 : 0.6329"
"11,16 : 0.2955"
"16,11 : 0.2955"
"11,17 : 0.2163"
"17,11 : 0.2163"
"11,18 : 0.6403"
"18,11 : 0.6403"
"11,19 : 0.9114"
"19,11 : 0.9114"
"11,20 : 0.6412"
"20,11 : 0.6412"
"11,21 : 0.6119"
"21,11 : 0.6119"
"11,22 : 0.841"
"22,11 : 0.841"
"11,23 : 0.3534"
"23,11 : 0.3534"
"11,24 : 0.8797"
"24,11 : 0.8797"
"11,25 : 0.2209"
"25,11 : 0.2209"
"11,26 : 0.8954"
"26,11 : 0.8954"
"11,27 : 1.0512"
"27,11 : 1.0512"
"11,28 : 0.9378"
"28,11 : 0.9378"
"11,29 : 0.6953"
"29,11 : 0.6953"
"11,30 : 0.5604"
"30,11 : 0.5604"
"11,31 : 0.481"
"31,11 : 0.481"
"11,32 : 0.1581"
"32,11 : 0.1581"
"11,33 : 0.5968"
"33,11 : 0.5968"
"11,34 : 0.4789"
"34,11 : 0.4789"
"11,35 : 0.1077"
"35,11 : 0.1077"
"11,36 : 0.7184"
"36,11 : 0.7184"
"11,37 : 1.0455"
"37,11 : 1.0455"
"11,38 : 0.6796"
"38,11 : 0.6796"
"11,39 : 0.8349"
"39,11 : 0.8349"
"11,40 : 0.4465"
"40,11 : 0.4465"
"11,41 : 0.2022"
"41,11 : 0.2022"
"11,42 : 0.1655"
"42,11 : 0.1655"
"11,43 : 1.1141"
"43,11 : 1.1141"
"11,44 : 1.003"
"44,11 : 1.003"
"11,45 : 0.4528"
"45,11 : 0.4528"
"11,46 : 0.464"
"46,11 : 0.464"
"11,47 : 0.9972"
"47,11 : 0.9972"
"11,48 : 0.3667"
"48,11 : 0.3667"
"11,49 : 0.3711"
"49,11 : 0.3711"
"11,50 : 0.3981"
"50,11 : 0.3981"
"11,51 : 0.849"
"51,11 : 0.849"
"11,52 : 0.0825"
"52,11 : 0.0825"
"11,53 : 0.4492"
"53,11 : 0.4492"
"11,54 : 0.3808"
"54,11 : 0.3808"
"11,55 : 0.6227"
"55,11 : 0.6227"
"11,56 : 0.9135"
"56,11 : 0.9135"
"11,57 : 0.2884"
"57,11 : 0.2884"
"11,58 : 0.811"
"58,11 : 0.811"
"11,59 : 0.8905"
"59,11 : 0.8905"
"11,60 : 1.0645"
"60,11 : 1.0645"
"11,61 : 0.4001"
"61,11 : 0.4001"
"11,62 : 0.5819"
"62,11 : 0.5819"
"11,63 : 0.512"
"63,11 : 0.512"
"11,64 : 0.2326"
"64,11 : 0.2326"
"11,65 : 0.3905"
"65,11 : 0.3905"
"11,66 : 0.3"
"66,11 : 0.3"
"11,67 : 0.9962"
"67,11 : 0.9962"
"11,68 : 0.6653"
"68,11 : 0.6653"
"11,69 : 0.7021"
"69,11 : 0.7021"
"11,70 : 0.5179"
"70,11 : 0.5179"
"11,71 : 0.164"
"71,11 : 0.164"
"11,72 : 0.7299"
"72,11 : 0.7299"
"11,73 : 0.6207"
"73,11 : 0.6207"
"11,74 : 0.8868"
"74,11 : 0.8868"
"11,75 : 0.5547"
"75,11 : 0.5547"
"11,76 : 1.0432"
"76,11 : 1.0432"
"11,77 : 0.4534"
"77,11 : 0.4534"
"11,78 : 0.3883"
"78,11 : 0.3883"
"11,79 : 0.5824"
"79,11 : 0.5824"
"11,80 : 0.7467"
"80,11 : 0.7467"
"11,81 : 0.4885"
"81,11 : 0.4885"
"11,82 : 0.7616"
"82,11 : 0.7616"
"11,83 : 0.3493"
"83,11 : 0.3493"
"11,84 : 0.9872"
"84,11 : 0.9872"
"11,85 : 0.3202"
"85,11 : 0.3202"
"11,86 : 0.6185"
"86,11 : 0.6185"
"11,87 : 0.7159"
"87,11 : 0.7159"
"11,88 : 0.7411"
"88,11 : 0.7411"
"11,89 : 0.3114"
"89,11 : 0.3114"
"11,90 : 0.3759"
"90,11 : 0.3759"
"11,91 : 0.7649"
"91,11 : 0.7649"
"11,92 : 0.414"
"92,11 : 0.414"
"11,93 : 0.5614"
"93,11 : 0.5614"
"11,94 : 0.3493"
"94,11 : 0.3493"
"11,95 : 0.7368"
"95,11 : 0.7368"
"11,96 : 0.4827"
"96,11 : 0.4827"
"11,97 : 1.0171"
"97,11 : 1.0171"
"11,98 : 0.4751"
"98,11 : 0.4751"
"11,99 : 0.8458"
"99,11 : 0.8458"
"12,13 : 0.7518"
"13,12 : 0.7518"
"12,14 : 0.6013"
"14,12 : 0.6013"
"12,15 : 0.2702"
"15,12 : 0.2702"
"12,16 : 0.1"
"16,12 : 0.1"
"12,17 : 0.2571"
"17,12 : 0.2571"
"12,18 : 0.2879"
"18,12 : 0.2879"
"12,19 : 0.5661"
"19,12 : 0.5661"
"12,20 : 0.3138"
"20,12 : 0.3138"
"12,21 : 0.23"
"21,12 : 0.23"
"12,22 : 0.4768"
"22,12 : 0.4768"
"12,23 : 0.0583"
"23,12 : 0.0583"
"12,24 : 0.5001"
"24,12 : 0.5001"
"12,25 : 0.488"
"25,12 : 0.488"
"12,26 : 0.637"
"26,12 : 0.637"
"12,27 : 0.8132"
"27,12 : 0.8132"
"12,28 : 0.6862"
"28,12 : 0.6862"
"12,29 : 0.592"
"29,12 : 0.592"
"12,30 : 0.3191"
"30,12 : 0.3191"
"12,31 : 0.2335"
"31,12 : 0.2335"
"12,32 : 0.3754"
"32,12 : 0.3754"
"12,33 : 0.3041"
"33,12 : 0.3041"
"12,34 : 0.5579"
"34,12 : 0.5579"
"12,35 : 0.3966"
"35,12 : 0.3966"
"12,36 : 0.4525"
"36,12 : 0.4525"
"12,37 : 0.658"
"37,12 : 0.658"
"12,38 : 0.5292"
"38,12 : 0.5292"
"12,39 : 0.446"
"39,12 : 0.446"
"12,40 : 0.5045"
"40,12 : 0.5045"
"12,41 : 0.2267"
"41,12 : 0.2267"
"12,42 : 0.4036"
"42,12 : 0.4036"
"12,43 : 0.8914"
"43,12 : 0.8914"
"12,44 : 0.7388"
"44,12 : 0.7388"
"12,45 : 0.1942"
"45,12 : 0.1942"
"12,46 : 0.4982"
"46,12 : 0.4982"
"12,47 : 0.6093"
"47,12 : 0.6093"
"12,48 : 0.297"
"48,12 : 0.297"
"12,49 : 0.0316"
"49,12 : 0.0316"
"12,50 : 0.3962"
"50,12 : 0.3962"
"12,51 : 0.564"
"51,12 : 0.564"
"12,52 : 0.4031"
"52,12 : 0.4031"
"12,53 : 0.0608"
"53,12 : 0.0608"
"12,54 : 0.4847"
"54,12 : 0.4847"
"12,55 : 0.4624"
"55,12 : 0.4624"
"12,56 : 0.5415"
"56,12 : 0.5415"
"12,57 : 0.4168"
"57,12 : 0.4168"
"12,58 : 0.4472"
"58,12 : 0.4472"
"12,59 : 0.5277"
"59,12 : 0.5277"
"12,60 : 0.8273"
"60,12 : 0.8273"
"12,61 : 0.4561"
"61,12 : 0.4561"
"12,62 : 0.3585"
"62,12 : 0.3585"
"12,63 : 0.2642"
"63,12 : 0.2642"
"12,64 : 0.2846"
"64,12 : 0.2846"
"12,65 : 0.102"
"65,12 : 0.102"
"12,66 : 0.327"
"66,12 : 0.327"
"12,67 : 0.6073"
"67,12 : 0.6073"
"12,68 : 0.6152"
"68,12 : 0.6152"
"12,69 : 0.3523"
"69,12 : 0.3523"
"12,70 : 0.6894"
"70,12 : 0.6894"
"12,71 : 0.2408"
"71,12 : 0.2408"
"12,72 : 0.35"
"72,12 : 0.35"
"12,73 : 0.2657"
"73,12 : 0.2657"
"12,74 : 0.6882"
"74,12 : 0.6882"
"12,75 : 0.6198"
"75,12 : 0.6198"
"12,76 : 0.8298"
"76,12 : 0.8298"
"12,77 : 0.4211"
"77,12 : 0.4211"
"12,78 : 0.3895"
"78,12 : 0.3895"
"12,79 : 0.1942"
"79,12 : 0.1942"
"12,80 : 0.4305"
"80,12 : 0.4305"
"12,81 : 0.5977"
"81,12 : 0.5977"
"12,82 : 0.578"
"82,12 : 0.578"
"12,83 : 0.05"
"83,12 : 0.05"
"12,84 : 0.686"
"84,12 : 0.686"
"12,85 : 0.5187"
"85,12 : 0.5187"
"12,86 : 0.4118"
"86,12 : 0.4118"
"12,87 : 0.6675"
"87,12 : 0.6675"
"12,88 : 0.4031"
"88,12 : 0.4031"
"12,89 : 0.1082"
"89,12 : 0.1082"
"12,90 : 0.4885"
"90,12 : 0.4885"
"12,91 : 0.661"
"91,12 : 0.661"
"12,92 : 0.3722"
"92,12 : 0.3722"
"12,93 : 0.2484"
"93,12 : 0.2484"
"12,94 : 0.4965"
"94,12 : 0.4965"
"12,95 : 0.4219"
"95,12 : 0.4219"
"12,96 : 0.6447"
"96,12 : 0.6447"
"12,97 : 0.8106"
"97,12 : 0.8106"
"12,98 : 0.5457"
"98,12 : 0.5457"
"12,99 : 0.6172"
"99,12 : 0.6172"
"13,14 : 0.4045"
"14,13 : 0.4045"
"13,15 : 0.8905"
"15,13 : 0.8905"
"13,16 : 0.8045"
"16,13 : 0.8045"
"13,17 : 0.9437"
"17,13 : 0.9437"
"13,18 : 0.5672"
"18,13 : 0.5672"
"13,19 : 0.522"
"19,13 : 0.522"
"13,20 : 0.508"
"20,13 : 0.508"
"13,21 : 0.6727"
"21,13 : 0.6727"
"13,22 : 0.5903"
"22,13 : 0.5903"
"13,23 : 0.8026"
"23,13 : 0.8026"
