x,y
0.22,0.98
0.92,0.48
0.74,0.45
0.11,0.77
0.24,0.69
0.53,0.63
0.75,0.27
0.27,0.71
0.34,0.33
0.49,0.69
0.1,0.1
0.27,0.76
0.23,0.13
0.22,0.4
0.31,0.78
0.13,0.93
0.44,0.46
0.6,0.5
0.73,0.25
0.5,0.86
0.44,0.55
0.02,0.07
0.24,0.37
0.64,0.61
0.05,0.95
0.01,0.96
0.11,0.3
0.82,0.83
0.55,0.85
0.35,0.18
0.48,0.77
0.91,0.26
0.59,0.77
0.52,0.15
0.22,0.86
0.41,0.84
0.18,0.0
0.32,0.62
0.45,0.03
0.41,0.23
0.82,0.28
0.24,0.25
0.86,0.85
0.03,0.05
0.25,0.09
0.53,0.08
0.37,0.81
0.99,0.77
0.86,0.22
0.74,0.08
0.86,0.36
0.68,0.7
0.26,0.12
0.78,0.99
0.74,0.81
0.5,0.01
0.73,0.64
0.89,0.27
0.77,0.25
0.58,0.05
0.45,0.31
0.71,0.13
0.22,0.72
0.75,0.74
0.41,0.32
0.51,0.29
0.5,0.81
0.98,0.18
0.95,0.6
0.67,0.56
0.99,0.82
0.81,0.45
0.91,0.36
0.31,0.96
0.05,0.79
0.82,0.28
0.16,0.03
0.32,0.46
0.88,0.95
0.88,0.58
0.17,0.61
0.23,0.09
0.66,0.25
0.18,0.7
0.14,0.97
0.86,0.26
0.99,0.18
0.23,0.71
0.59,0.73
0.14,0.12
0.35,0.14
0.29,0.32
0.29,0.03
0.79,0.04
0.48,0.33
0.95,0.28
0.8,0.16
0.36,0.02
0.01,0.12
1.0,0.47

Distanze
"0,1 : 0.8602"
"1,0 : 0.8602"
"0,2 : 0.7425"
"2,0 : 0.7425"
"0,3 : 0.2371"
"3,0 : 0.2371"
"0,4 : 0.2907"
"4,0 : 0.2907"
"0,5 : 0.4675"
"5,0 : 0.4675"
"0,6 : 0.886"
"6,0 : 0.886"
"0,7 : 0.2746"
"7,0 : 0.2746"
"0,8 : 0.661"
"8,0 : 0.661"
"0,9 : 0.3962"
"9,0 : 0.3962"
"0,10 : 0.8881"
"10,0 : 0.8881"
"0,11 : 0.2256"
"11,0 : 0.2256"
"0,12 : 0.8501"
"12,0 : 0.8501"
"0,13 : 0.58"
"13,0 : 0.58"
"0,14 : 0.2193"
"14,0 : 0.2193"
"0,15 : 0.103"
"15,0 : 0.103"
"0,16 : 0.5646"
"16,0 : 0.5646"
"0,17 : 0.6122"
"17,0 : 0.6122"
"0,18 : 0.8905"
"18,0 : 0.8905"
"0,19 : 0.3046"
"19,0 : 0.3046"
"0,20 : 0.483"
"20,0 : 0.483"
"0,21 : 0.9317"
"21,0 : 0.9317"
"0,22 : 0.6103"
"22,0 : 0.6103"
"0,23 : 0.5597"
"23,0 : 0.5597"
"0,24 : 0.1726"
"24,0 : 0.1726"
"0,25 : 0.211"
"25,0 : 0.211"
"0,26 : 0.6888"
"26,0 : 0.6888"
"0,27 : 0.6185"
"27,0 : 0.6185"
"0,28 : 0.3547"
"28,0 : 0.3547"
"0,29 : 0.8105"
"29,0 : 0.8105"
"0,30 : 0.3342"
"30,0 : 0.3342"
"0,31 : 0.9972"
"31,0 : 0.9972"
"0,32 : 0.4254"
"32,0 : 0.4254"
"0,33 : 0.8826"
"33,0 : 0.8826"
"0,34 : 0.12"
"34,0 : 0.12"
"0,35 : 0.236"
"35,0 : 0.236"
"0,36 : 0.9808"
"36,0 : 0.9808"
"0,37 : 0.3736"
"37,0 : 0.3736"
"0,38 : 0.9774"
"38,0 : 0.9774"
"0,39 : 0.7737"
"39,0 : 0.7737"
"0,40 : 0.922"
"40,0 : 0.922"
"0,41 : 0.7303"
"41,0 : 0.7303"
"0,42 : 0.6531"
"42,0 : 0.6531"
"0,43 : 0.9492"
"43,0 : 0.9492"
"0,44 : 0.8905"
"44,0 : 0.8905"
"0,45 : 0.9519"
"45,0 : 0.9519"
"0,46 : 0.2267"
"46,0 : 0.2267"
"0,47 : 0.7981"
"47,0 : 0.7981"
"0,48 : 0.9936"
"48,0 : 0.9936"
"0,49 : 1.0394"
"49,0 : 1.0394"
"0,50 : 0.8911"
"50,0 : 0.8911"
"0,51 : 0.5385"
"51,0 : 0.5385"
"0,52 : 0.8609"
"52,0 : 0.8609"
"0,53 : 0.5601"
"53,0 : 0.5601"
"0,54 : 0.5471"
"54,0 : 0.5471"
"0,55 : 1.0096"
"55,0 : 1.0096"
"0,56 : 0.6129"
"56,0 : 0.6129"
"0,57 : 0.9762"
"57,0 : 0.9762"
"0,58 : 0.914"
"58,0 : 0.914"
"0,59 : 0.9972"
"59,0 : 0.9972"
"0,60 : 0.7084"
"60,0 : 0.7084"
"0,61 : 0.9811"
"61,0 : 0.9811"
"0,62 : 0.26"
"62,0 : 0.26"
"0,63 : 0.5818"
"63,0 : 0.5818"
"0,64 : 0.6868"
"64,0 : 0.6868"
"0,65 : 0.7485"
"65,0 : 0.7485"
"0,66 : 0.3276"
"66,0 : 0.3276"
"0,67 : 1.1034"
"67,0 : 1.1034"
"0,68 : 0.823"
"68,0 : 0.823"
"0,69 : 0.6155"
"69,0 : 0.6155"
"0,70 : 0.7864"
"70,0 : 0.7864"
"0,71 : 0.7931"
"71,0 : 0.7931"
"0,72 : 0.9276"
"72,0 : 0.9276"
"0,73 : 0.0922"
"73,0 : 0.0922"
"0,74 : 0.255"
"74,0 : 0.255"
"0,75 : 0.922"
"75,0 : 0.922"
"0,76 : 0.9519"
"76,0 : 0.9519"
"0,77 : 0.5295"
"77,0 : 0.5295"
"0,78 : 0.6607"
"78,0 : 0.6607"
"0,79 : 0.7718"
"79,0 : 0.7718"
"0,80 : 0.3734"
"80,0 : 0.3734"
"0,81 : 0.8901"
"81,0 : 0.8901"
"0,82 : 0.8523"
"82,0 : 0.8523"
"0,83 : 0.2828"
"83,0 : 0.2828"
"0,84 : 0.0806"
"84,0 : 0.0806"
"0,85 : 0.9633"
"85,0 : 0.9633"
"0,86 : 1.1104"
"86,0 : 1.1104"
"0,87 : 0.2702"
"87,0 : 0.2702"
"0,88 : 0.4465"
"88,0 : 0.4465"
"0,89 : 0.8637"
"89,0 : 0.8637"
"0,90 : 0.85"
"90,0 : 0.85"
"0,91 : 0.6637"
"91,0 : 0.6637"
"0,92 : 0.9526"
"92,0 : 0.9526"
"0,93 : 1.0993"
"93,0 : 1.0993"
"0,94 : 0.7001"
"94,0 : 0.7001"
"0,95 : 1.0114"
"95,0 : 1.0114"
"0,96 : 1.0044"
"96,0 : 1.0044"
"0,97 : 0.9702"
"97,0 : 0.9702"
"0,98 : 0.8853"
"98,0 : 0.8853"
"0,99 : 0.9319"
"99,0 : 0.9319"
"1,2 : 0.1825"
"2,1 : 0.1825"
"1,3 : 0.8603"
"3,1 : 0.8603"
"1,4 : 0.7117"
"4,1 : 0.7117"
"1,5 : 0.4179"
"5,1 : 0.4179"
"1,6 : 0.2702"
"6,1 : 0.2702"
"1,7 : 0.6895"
"7,1 : 0.6895"
"1,8 : 0.5991"
"8,1 : 0.5991"
"1,9 : 0.4785"
"9,1 : 0.4785"
"1,10 : 0.9038"
"10,1 : 0.9038"
"1,11 : 0.7077"
"11,1 : 0.7077"
"1,12 : 0.7737"
"12,1 : 0.7737"
"1,13 : 0.7046"
"13,1 : 0.7046"
"1,14 : 0.6798"
"14,1 : 0.6798"
"1,15 : 0.9092"
"15,1 : 0.9092"
"1,16 : 0.4804"
"16,1 : 0.4804"
"1,17 : 0.3206"
"17,1 : 0.3206"
"1,18 : 0.2983"
"18,1 : 0.2983"
"1,19 : 0.5664"
"19,1 : 0.5664"
"1,20 : 0.4851"
"20,1 : 0.4851"
"1,21 : 0.989"
"21,1 : 0.989"
"1,22 : 0.6888"
"22,1 : 0.6888"
"1,23 : 0.3087"
"23,1 : 0.3087"
"1,24 : 0.9888"
"24,1 : 0.9888"
"1,25 : 1.0288"
"25,1 : 1.0288"
"1,26 : 0.8298"
"26,1 : 0.8298"
"1,27 : 0.364"
"27,1 : 0.364"
"1,28 : 0.5233"
"28,1 : 0.5233"
"1,29 : 0.6441"
"29,1 : 0.6441"
"1,30 : 0.527"
"30,1 : 0.527"
"1,31 : 0.2202"
"31,1 : 0.2202"
"1,32 : 0.4393"
"32,1 : 0.4393"
"1,33 : 0.5186"
"33,1 : 0.5186"
"1,34 : 0.7965"
"34,1 : 0.7965"
"1,35 : 0.6243"
"35,1 : 0.6243"
"1,36 : 0.882"
"36,1 : 0.882"
"1,37 : 0.6161"
"37,1 : 0.6161"
"1,38 : 0.6507"
"38,1 : 0.6507"
"1,39 : 0.568"
"39,1 : 0.568"
"1,40 : 0.2236"
"40,1 : 0.2236"
"1,41 : 0.7178"
"41,1 : 0.7178"
"1,42 : 0.3748"
"42,1 : 0.3748"
"1,43 : 0.9884"
"43,1 : 0.9884"
"1,44 : 0.7752"
"44,1 : 0.7752"
"1,45 : 0.5587"
"45,1 : 0.5587"
"1,46 : 0.6414"
"46,1 : 0.6414"
"1,47 : 0.2983"
"47,1 : 0.2983"
"1,48 : 0.2668"
"48,1 : 0.2668"
"1,49 : 0.4386"
"49,1 : 0.4386"
"1,50 : 0.1342"
"50,1 : 0.1342"
"1,51 : 0.3256"
"51,1 : 0.3256"
"1,52 : 0.7518"
"52,1 : 0.7518"
"1,53 : 0.5289"
"53,1 : 0.5289"
"1,54 : 0.3759"
"54,1 : 0.3759"
"1,55 : 0.6303"
"55,1 : 0.6303"
"1,56 : 0.2484"
"56,1 : 0.2484"
"1,57 : 0.2121"
"57,1 : 0.2121"
"1,58 : 0.2746"
"58,1 : 0.2746"
"1,59 : 0.5482"
"59,1 : 0.5482"
"1,60 : 0.4998"
"60,1 : 0.4998"
"1,61 : 0.4082"
"61,1 : 0.4082"
"1,62 : 0.74"
"62,1 : 0.74"
"1,63 : 0.3106"
"63,1 : 0.3106"
"1,64 : 0.5345"
"64,1 : 0.5345"
"1,65 : 0.4519"
"65,1 : 0.4519"
"1,66 : 0.5341"
"66,1 : 0.5341"
"1,67 : 0.3059"
"67,1 : 0.3059"
"1,68 : 0.1237"
"68,1 : 0.1237"
"1,69 : 0.2625"
"69,1 : 0.2625"
"1,70 : 0.3471"
"70,1 : 0.3471"
"1,71 : 0.114"
"71,1 : 0.114"
"1,72 : 0.1204"
"72,1 : 0.1204"
"1,73 : 0.7762"
"73,1 : 0.7762"
"1,74 : 0.9236"
"74,1 : 0.9236"
"1,75 : 0.2236"
"75,1 : 0.2236"
"1,76 : 0.8832"
"76,1 : 0.8832"
"1,77 : 0.6003"
"77,1 : 0.6003"
"1,78 : 0.4717"
"78,1 : 0.4717"
"1,79 : 0.1077"
"79,1 : 0.1077"
"1,80 : 0.7612"
"80,1 : 0.7612"
"1,81 : 0.7926"
"81,1 : 0.7926"
"1,82 : 0.3471"
"82,1 : 0.3471"
"1,83 : 0.772"
"83,1 : 0.772"
"1,84 : 0.9211"
"84,1 : 0.9211"
"1,85 : 0.228"
"85,1 : 0.228"
"1,86 : 0.3081"
"86,1 : 0.3081"
"1,87 : 0.7273"
"87,1 : 0.7273"
"1,88 : 0.414"
"88,1 : 0.414"
"1,89 : 0.8591"
"89,1 : 0.8591"
"1,90 : 0.6637"
"90,1 : 0.6637"
"1,91 : 0.65"
"91,1 : 0.65"
"1,92 : 0.7742"
"92,1 : 0.7742"
"1,93 : 0.4588"
"93,1 : 0.4588"
"1,94 : 0.4649"
"94,1 : 0.4649"
"1,95 : 0.2022"
"95,1 : 0.2022"
"1,96 : 0.3418"
"96,1 : 0.3418"
"1,97 : 0.7247"
"97,1 : 0.7247"
"1,98 : 0.9786"
"98,1 : 0.9786"
"1,99 : 0.0806"
"99,1 : 0.0806"
"2,3 : 0.7066"
"3,2 : 0.7066"
"2,4 : 0.5546"
"4,2 : 0.5546"
"2,5 : 0.2766"
"5,2 : 0.2766"
"2,6 : 0.1803"
"6,2 : 0.1803"
"2,7 : 0.5371"
"7,2 : 0.5371"
"2,8 : 0.4176"
"8,2 : 0.4176"
"2,9 : 0.3466"
"9,2 : 0.3466"
"2,10 : 0.7295"
"10,2 : 0.7295"
"2,11 : 0.563"
"11,2 : 0.563"
"2,12 : 0.6021"
"12,2 : 0.6021"
"2,13 : 0.5224"
"13,2 : 0.5224"
"2,14 : 0.542"
"14,2 : 0.542"
"2,15 : 0.7762"
"15,2 : 0.7762"
"2,16 : 0.3002"
"16,2 : 0.3002"
"2,17 : 0.1487"
"17,2 : 0.1487"
"2,18 : 0.2002"
"18,2 : 0.2002"
"2,19 : 0.4751"
"19,2 : 0.4751"
"2,20 : 0.3162"
"20,2 : 0.3162"
"2,21 : 0.8141"
"21,2 : 0.8141"
"2,22 : 0.5064"
"22,2 : 0.5064"
"2,23 : 0.1887"
"23,2 : 0.1887"
"2,24 : 0.8521"
"24,2 : 0.8521"
"2,25 : 0.8905"
"25,2 : 0.8905"
"2,26 : 0.6476"
"26,2 : 0.6476"
"2,27 : 0.3883"
"27,2 : 0.3883"
"2,28 : 0.4428"
"28,2 : 0.4428"
"2,29 : 0.4743"
"29,2 : 0.4743"
"2,30 : 0.4123"
"30,2 : 0.4123"
"2,31 : 0.255"
"31,2 : 0.255"
"2,32 : 0.3534"
"32,2 : 0.3534"
"2,33 : 0.372"
"33,2 : 0.372"
"2,34 : 0.6622"
"34,2 : 0.6622"
"2,35 : 0.5109"
"35,2 : 0.5109"
"2,36 : 0.7184"
"36,2 : 0.7184"
"2,37 : 0.4531"
"37,2 : 0.4531"
"2,38 : 0.5104"
"38,2 : 0.5104"
"2,39 : 0.3966"
"39,2 : 0.3966"
"2,40 : 0.1879"
"40,2 : 0.1879"
"2,41 : 0.5385"
"41,2 : 0.5385"
"2,42 : 0.4176"
"42,2 : 0.4176"
"2,43 : 0.8149"
"43,2 : 0.8149"
"2,44 : 0.608"
"44,2 : 0.608"
"2,45 : 0.4254"
"45,2 : 0.4254"
"2,46 : 0.5162"
"46,2 : 0.5162"
"2,47 : 0.4061"
"47,2 : 0.4061"
"2,48 : 0.2594"
"48,2 : 0.2594"
"2,49 : 0.37"
"49,2 : 0.37"
"2,50 : 0.15"
"50,2 : 0.15"
"2,51 : 0.2571"
"51,2 : 0.2571"
"2,52 : 0.5825"
"52,2 : 0.5825"
"2,53 : 0.5415"
"53,2 : 0.5415"
"2,54 : 0.36"
"54,2 : 0.36"
"2,55 : 0.5012"
"55,2 : 0.5012"
"2,56 : 0.1903"
"56,2 : 0.1903"
"2,57 : 0.2343"
"57,2 : 0.2343"
"2,58 : 0.2022"
"58,2 : 0.2022"
"2,59 : 0.4308"
"59,2 : 0.4308"
"2,60 : 0.322"
"60,2 : 0.322"
"2,61 : 0.3214"
"61,2 : 0.3214"
"2,62 : 0.5859"
"62,2 : 0.5859"
"2,63 : 0.2902"
"63,2 : 0.2902"
"2,64 : 0.3547"
"64,2 : 0.3547"
"2,65 : 0.2802"
"65,2 : 0.2802"
"2,66 : 0.4327"
"66,2 : 0.4327"
"2,67 : 0.3612"
"67,2 : 0.3612"
"2,68 : 0.2581"
"68,2 : 0.2581"
"2,69 : 0.1304"
"69,2 : 0.1304"
"2,70 : 0.4465"
"70,2 : 0.4465"
"2,71 : 0.07"
"71,2 : 0.07"
"2,72 : 0.1924"
"72,2 : 0.1924"
"2,73 : 0.6671"
"73,2 : 0.6671"
"2,74 : 0.7692"
"74,2 : 0.7692"
"2,75 : 0.1879"
"75,2 : 0.1879"
"2,76 : 0.7161"
"76,2 : 0.7161"
"2,77 : 0.4201"
"77,2 : 0.4201"
"2,78 : 0.5192"
"78,2 : 0.5192"
"2,79 : 0.191"
"79,2 : 0.191"
"2,80 : 0.592"
"80,2 : 0.592"
"2,81 : 0.6243"
"81,2 : 0.6243"
"2,82 : 0.2154"
"82,2 : 0.2154"
"2,83 : 0.6133"
"83,2 : 0.6133"
"2,84 : 0.794"
"84,2 : 0.794"
"2,85 : 0.2247"
"85,2 : 0.2247"
"2,86 : 0.368"
"86,2 : 0.368"
"2,87 : 0.5725"
"87,2 : 0.5725"
"2,88 : 0.3176"
"88,2 : 0.3176"
"2,89 : 0.6848"
"89,2 : 0.6848"
"2,90 : 0.4982"
"90,2 : 0.4982"
"2,91 : 0.4684"
"91,2 : 0.4684"
"2,92 : 0.6155"
"92,2 : 0.6155"
"2,93 : 0.413"
"93,2 : 0.413"
"2,94 : 0.2864"
"94,2 : 0.2864"
"2,95 : 0.2702"
"95,2 : 0.2702"
"2,96 : 0.2961"
"96,2 : 0.2961"
"2,97 : 0.5738"
"97,2 : 0.5738"
"2,98 : 0.8011"
"98,2 : 0.8011"
"2,99 : 0.2608"
"99,2 : 0.2608"
"3,4 : 0.1526"
"4,3 : 0.1526"
"3,5 : 0.4427"
"5,3 : 0.4427"
"3,6 : 0.8122"
"6,3 : 0.8122"
"3,7 : 0.1709"
"7,3 : 0.1709"
"3,8 : 0.4965"
"8,3 : 0.4965"
"3,9 : 0.3883"
"9,3 : 0.3883"
"3,10 : 0.6701"
"10,3 : 0.6701"
"3,11 : 0.1603"
"11,3 : 0.1603"
"3,12 : 0.6512"
"12,3 : 0.6512"
"3,13 : 0.386"
"13,3 : 0.386"
"3,14 : 0.2002"
"14,3 : 0.2002"
"3,15 : 0.1612"
"15,3 : 0.1612"
"3,16 : 0.4528"
"16,3 : 0.4528"
"3,17 : 0.5595"
"17,3 : 0.5595"
"3,18 : 0.8092"
"18,3 : 0.8092"
"3,19 : 0.4002"
"19,3 : 0.4002"
"3,20 : 0.3966"
"20,3 : 0.3966"
"3,21 : 0.7058"
"21,3 : 0.7058"
"3,22 : 0.4206"
"22,3 : 0.4206"
"3,23 : 0.5536"
"23,3 : 0.5536"
"3,24 : 0.1897"
"24,3 : 0.1897"
"3,25 : 0.2147"
"25,3 : 0.2147"
"3,26 : 0.47"
"26,3 : 0.47"
"3,27 : 0.7125"
"27,3 : 0.7125"
"3,28 : 0.4472"
"28,3 : 0.4472"
"3,29 : 0.6369"
"29,3 : 0.6369"
"3,30 : 0.37"
"30,3 : 0.37"
"3,31 : 0.9487"
"31,3 : 0.9487"
"3,32 : 0.48"
"32,3 : 0.48"
"3,33 : 0.7433"
"33,3 : 0.7433"
"3,34 : 0.1421"
"34,3 : 0.1421"
"3,35 : 0.3081"
"35,3 : 0.3081"
"3,36 : 0.7732"
"36,3 : 0.7732"
"3,37 : 0.2581"
"37,3 : 0.2581"
"3,38 : 0.8144"
"38,3 : 0.8144"
"3,39 : 0.6177"
"39,3 : 0.6177"
"3,40 : 0.8627"
"40,3 : 0.8627"
"3,41 : 0.536"
"41,3 : 0.536"
"3,42 : 0.7543"
"42,3 : 0.7543"
"3,43 : 0.7244"
"43,3 : 0.7244"
"3,44 : 0.6943"
"44,3 : 0.6943"
"3,45 : 0.8078"
"45,3 : 0.8078"
"3,46 : 0.2631"
"46,3 : 0.2631"
"3,47 : 0.88"
"47,3 : 0.88"
"3,48 : 0.9301"
"48,3 : 0.9301"
"3,49 : 0.9343"
"49,3 : 0.9343"
"3,50 : 0.8548"
"50,3 : 0.8548"
"3,51 : 0.5743"
"51,3 : 0.5743"
"3,52 : 0.6671"
"52,3 : 0.6671"
"3,53 : 0.7052"
"53,3 : 0.7052"
"3,54 : 0.6313"
"54,3 : 0.6313"
"3,55 : 0.8542"
"55,3 : 0.8542"
"3,56 : 0.6335"
"56,3 : 0.6335"
"3,57 : 0.9265"
"57,3 : 0.9265"
"3,58 : 0.8402"
"58,3 : 0.8402"
"3,59 : 0.8598"
"59,3 : 0.8598"
"3,60 : 0.572"
"60,3 : 0.572"
"3,61 : 0.8773"
"61,3 : 0.8773"
"3,62 : 0.1208"
"62,3 : 0.1208"
"3,63 : 0.6407"
"63,3 : 0.6407"
"3,64 : 0.5408"
"64,3 : 0.5408"
"3,65 : 0.6248"
"65,3 : 0.6248"
"3,66 : 0.392"
"66,3 : 0.392"
"3,67 : 1.0512"
"67,3 : 1.0512"
"3,68 : 0.857"
"68,3 : 0.857"
"3,69 : 0.5981"
"69,3 : 0.5981"
"3,70 : 0.8814"
"70,3 : 0.8814"
"3,71 : 0.7697"
"71,3 : 0.7697"
"3,72 : 0.8989"
"72,3 : 0.8989"
"3,73 : 0.2759"
"73,3 : 0.2759"
"3,74 : 0.0632"
"74,3 : 0.0632"
"3,75 : 0.8627"
"75,3 : 0.8627"
"3,76 : 0.7417"
"76,3 : 0.7417"
"3,77 : 0.3744"
"77,3 : 0.3744"
"3,78 : 0.7908"
"78,3 : 0.7908"
"3,79 : 0.7931"
"79,3 : 0.7931"
"3,80 : 0.1709"
"80,3 : 0.1709"
"3,81 : 0.6905"
"81,3 : 0.6905"
"3,82 : 0.7569"
"82,3 : 0.7569"
"3,83 : 0.099"
"83,3 : 0.099"
"3,84 : 0.2022"
"84,3 : 0.2022"
"3,85 : 0.907"
"85,3 : 0.907"
"3,86 : 1.0595"
"86,3 : 1.0595"
"3,87 : 0.1342"
"87,3 : 0.1342"
"3,88 : 0.4817"
"88,3 : 0.4817"
"3,89 : 0.6507"
"89,3 : 0.6507"
"3,90 : 0.6742"
"90,3 : 0.6742"
"3,91 : 0.4847"
"91,3 : 0.4847"
"3,92 : 0.7616"
"92,3 : 0.7616"
"3,93 : 0.9976"
"93,3 : 0.9976"
"3,94 : 0.5749"
"94,3 : 0.5749"
"3,95 : 0.9725"
"95,3 : 0.9725"
"3,96 : 0.921"
"96,3 : 0.921"
"3,97 : 0.7906"
"97,3 : 0.7906"
"3,98 : 0.6576"
"98,3 : 0.6576"
"3,99 : 0.9392"
"99,3 : 0.9392"
"4,5 : 0.2961"
"5,4 : 0.2961"
"4,6 : 0.6607"
"6,4 : 0.6607"
"4,7 : 0.0361"
"7,4 : 0.0361"
"4,8 : 0.3736"
"8,4 : 0.3736"
"4,9 : 0.25"
"9,4 : 0.25"
"4,10 : 0.6064"
"10,4 : 0.6064"
"4,11 : 0.0762"
"11,4 : 0.0762"
"4,12 : 0.5601"
"12,4 : 0.5601"
"4,13 : 0.2907"
"13,4 : 0.2907"
"4,14 : 0.114"
"14,4 : 0.114"
"4,15 : 0.264"
"15,4 : 0.264"
"4,16 : 0.3048"
"16,4 : 0.3048"
"4,17 : 0.4071"
"17,4 : 0.4071"
"4,18 : 0.6586"
"18,4 : 0.6586"
"4,19 : 0.3106"
"19,4 : 0.3106"
"4,20 : 0.2441"
"20,4 : 0.2441"
"4,21 : 0.6579"
"21,4 : 0.6579"
"4,22 : 0.32"
"22,4 : 0.32"
"4,23 : 0.4079"
"23,4 : 0.4079"
"4,24 : 0.322"
"24,4 : 0.322"
"4,25 : 0.3547"
"25,4 : 0.3547"
"4,26 : 0.4111"
"26,4 : 0.4111"
"4,27 : 0.5967"
"27,4 : 0.5967"
"4,28 : 0.3489"
"28,4 : 0.3489"
"4,29 : 0.5217"
"29,4 : 0.5217"
"4,30 : 0.253"
"30,4 : 0.253"
"4,31 : 0.7961"
"31,4 : 0.7961"
"4,32 : 0.359"
"32,4 : 0.359"
"4,33 : 0.6083"
"33,4 : 0.6083"
"4,34 : 0.1712"
"34,4 : 0.1712"
"4,35 : 0.2267"
"35,4 : 0.2267"
"4,36 : 0.6926"
"36,4 : 0.6926"
"4,37 : 0.1063"
"37,4 : 0.1063"
"4,38 : 0.6926"
"38,4 : 0.6926"
"4,39 : 0.4904"
"39,4 : 0.4904"
"4,40 : 0.7103"
"40,4 : 0.7103"
"4,41 : 0.44"
"41,4 : 0.44"
"4,42 : 0.6403"
"42,4 : 0.6403"
"4,43 : 0.6736"
"43,4 : 0.6736"
"4,44 : 0.6001"
"44,4 : 0.6001"
"4,45 : 0.6754"
"45,4 : 0.6754"
"4,46 : 0.1769"
"46,4 : 0.1769"
"4,47 : 0.7543"
"47,4 : 0.7543"
"4,48 : 0.778"
"48,4 : 0.778"
"4,49 : 0.7887"
"49,4 : 0.7887"
"4,50 : 0.7024"
"50,4 : 0.7024"
"4,51 : 0.4401"
"51,4 : 0.4401"
"4,52 : 0.5704"
"52,4 : 0.5704"
"4,53 : 0.6177"
"53,4 : 0.6177"
"4,54 : 0.5142"
"54,4 : 0.5142"
"4,55 : 0.728"
"55,4 : 0.728"
"4,56 : 0.4925"
"56,4 : 0.4925"
"4,57 : 0.7739"
"57,4 : 0.7739"
"4,58 : 0.6888"
"58,4 : 0.6888"
"4,59 : 0.7247"
"59,4 : 0.7247"
"4,60 : 0.4342"
"60,4 : 0.4342"
"4,61 : 0.7311"
"61,4 : 0.7311"
"4,62 : 0.0361"
"62,4 : 0.0361"
"4,63 : 0.5124"
"63,4 : 0.5124"
"4,64 : 0.4072"
"64,4 : 0.4072"
"4,65 : 0.4826"
"65,4 : 0.4826"
"4,66 : 0.2864"
"66,4 : 0.2864"
"4,67 : 0.8987"
"67,4 : 0.8987"
"4,68 : 0.7157"
"68,4 : 0.7157"
"4,69 : 0.4492"
"69,4 : 0.4492"
"4,70 : 0.7612"
"70,4 : 0.7612"
"4,71 : 0.6185"
"71,4 : 0.6185"
"4,72 : 0.7469"
"72,4 : 0.7469"
"4,73 : 0.2789"
"73,4 : 0.2789"
"4,74 : 0.2147"
"74,4 : 0.2147"
"4,75 : 0.7103"
"75,4 : 0.7103"
"4,76 : 0.6648"
"76,4 : 0.6648"
"4,77 : 0.2435"
"77,4 : 0.2435"
"4,78 : 0.6908"
"78,4 : 0.6908"
"4,79 : 0.6494"
"79,4 : 0.6494"
"4,80 : 0.1063"
"80,4 : 0.1063"
"4,81 : 0.6001"
"81,4 : 0.6001"
"4,82 : 0.6083"
"82,4 : 0.6083"
"4,83 : 0.0608"
"83,4 : 0.0608"
"4,84 : 0.2973"
"84,4 : 0.2973"
"4,85 : 0.7545"
"85,4 : 0.7545"
"4,86 : 0.907"
"86,4 : 0.907"
"4,87 : 0.0224"
"87,4 : 0.0224"
"4,88 : 0.3523"
"88,4 : 0.3523"
"4,89 : 0.5787"
"89,4 : 0.5787"
"4,90 : 0.5609"
"90,4 : 0.5609"
"4,91 : 0.3734"
"91,4 : 0.3734"
"4,92 : 0.6619"
"92,4 : 0.6619"
"4,93 : 0.8515"
"93,4 : 0.8515"
"4,94 : 0.4327"
"94,4 : 0.4327"
"4,95 : 0.8199"
"95,4 : 0.8199"
"4,96 : 0.771"
"96,4 : 0.771"
"4,97 : 0.6807"
"97,4 : 0.6807"
"4,98 : 0.6147"
"98,4 : 0.6147"
"4,99 : 0.7912"
"99,4 : 0.7912"
"5,6 : 0.4219"
"6,5 : 0.4219"
"5,7 : 0.272"
"7,5 : 0.272"
"5,8 : 0.3551"
"8,5 : 0.3551"
"5,9 : 0.0721"
"9,5 : 0.0721"
"5,10 : 0.6825"
"10,5 : 0.6825"
"5,11 : 0.2907"
"11,5 : 0.2907"
"5,12 : 0.5831"
"12,5 : 0.5831"
"5,13 : 0.386"
"13,5 : 0.386"
"5,14 : 0.2663"
"14,5 : 0.2663"
"5,15 : 0.5"
"15,5 : 0.5"
"5,16 : 0.1924"
"16,5 : 0.1924"
"5,17 : 0.1476"
"17,5 : 0.1476"
"5,18 : 0.4294"
"18,5 : 0.4294"
"5,19 : 0.2319"
"19,5 : 0.2319"
"5,20 : 0.1204"
"20,5 : 0.1204"
"5,21 : 0.7574"
"21,5 : 0.7574"
"5,22 : 0.3895"
"22,5 : 0.3895"
"5,23 : 0.1118"
"23,5 : 0.1118"
"5,24 : 0.5769"
"24,5 : 0.5769"
"5,25 : 0.6159"
"25,5 : 0.6159"
"5,26 : 0.5341"
"26,5 : 0.5341"
"5,27 : 0.3523"
"27,5 : 0.3523"
"5,28 : 0.2209"
"28,5 : 0.2209"
"5,29 : 0.4847"
"29,5 : 0.4847"
"5,30 : 0.1487"
"30,5 : 0.1487"
"5,31 : 0.5304"
"31,5 : 0.5304"
"5,32 : 0.1523"
"32,5 : 0.1523"
"5,33 : 0.4801"
"33,5 : 0.4801"
"5,34 : 0.386"
"34,5 : 0.386"
"5,35 : 0.2419"
"35,5 : 0.2419"
"5,36 : 0.7207"
"36,5 : 0.7207"
"5,37 : 0.2102"
"37,5 : 0.2102"
"5,38 : 0.6053"
"38,5 : 0.6053"
"5,39 : 0.4176"
"39,5 : 0.4176"
"5,40 : 0.4545"
"40,5 : 0.4545"
"5,41 : 0.478"
"41,5 : 0.478"
"5,42 : 0.3966"
"42,5 : 0.3966"
"5,43 : 0.7658"
"43,5 : 0.7658"
"5,44 : 0.6083"
"44,5 : 0.6083"
"5,45 : 0.55"
"45,5 : 0.55"
"5,46 : 0.2408"
"46,5 : 0.2408"
"5,47 : 0.4808"
"47,5 : 0.4808"
"5,48 : 0.5263"
"48,5 : 0.5263"
"5,49 : 0.5887"
"49,5 : 0.5887"
"5,50 : 0.4264"
"50,5 : 0.4264"
"5,51 : 0.1655"
"51,5 : 0.1655"
"5,52 : 0.5771"
"52,5 : 0.5771"
"5,53 : 0.4383"
"53,5 : 0.4383"
"5,54 : 0.2766"
"54,5 : 0.2766"
"5,55 : 0.6207"
"55,5 : 0.6207"
"5,56 : 0.2002"
"56,5 : 0.2002"
"5,57 : 0.5091"
"57,5 : 0.5091"
"5,58 : 0.4494"
"58,5 : 0.4494"
"5,59 : 0.5822"
"59,5 : 0.5822"
"5,60 : 0.3298"
"60,5 : 0.3298"
"5,61 : 0.5314"
"61,5 : 0.5314"
"5,62 : 0.3228"
"62,5 : 0.3228"
"5,63 : 0.246"
"63,5 : 0.246"
"5,64 : 0.3324"
"64,5 : 0.3324"
"5,65 : 0.3406"
"65,5 : 0.3406"
"5,66 : 0.1825"
"66,5 : 0.1825"
"5,67 : 0.6364"
"67,5 : 0.6364"
"5,68 : 0.4211"
"68,5 : 0.4211"
"5,69 : 0.1565"
"69,5 : 0.1565"
"5,70 : 0.4977"
"70,5 : 0.4977"
"5,71 : 0.3329"
"71,5 : 0.3329"
"5,72 : 0.4662"
"72,5 : 0.4662"
"5,73 : 0.3966"
"73,5 : 0.3966"
"5,74 : 0.506"
"74,5 : 0.506"
"5,75 : 0.4545"
"75,5 : 0.4545"
"5,76 : 0.7049"
"76,5 : 0.7049"
"5,77 : 0.2702"
"77,5 : 0.2702"
"5,78 : 0.4742"
"78,5 : 0.4742"
"5,79 : 0.3536"
"79,5 : 0.3536"
"5,80 : 0.3606"
"80,5 : 0.3606"
"5,81 : 0.6177"
"81,5 : 0.6177"
"5,82 : 0.4016"
"82,5 : 0.4016"
"5,83 : 0.3569"
"83,5 : 0.3569"
"5,84 : 0.5174"
"84,5 : 0.5174"
"5,85 : 0.4958"
"85,5 : 0.4958"
"5,86 : 0.6435"
"86,5 : 0.6435"
"5,87 : 0.3105"
"87,5 : 0.3105"
"5,88 : 0.1166"
"88,5 : 0.1166"
"5,89 : 0.642"
"89,5 : 0.642"
"5,90 : 0.522"
"90,5 : 0.522"
"5,91 : 0.392"
"91,5 : 0.392"
"5,92 : 0.6462"
"92,5 : 0.6462"
"5,93 : 0.6447"
"93,5 : 0.6447"
"5,94 : 0.3041"
"94,5 : 0.3041"
"5,95 : 0.5467"
"95,5 : 0.5467"
"5,96 : 0.542"
"96,5 : 0.542"
"5,97 : 0.6332"
"97,5 : 0.6332"
"5,98 : 0.7284"
"98,5 : 0.7284"
"5,99 : 0.4965"
"99,5 : 0.4965"
"6,7 : 0.6512"
"7,6 : 0.6512"
"6,8 : 0.4144"
"8,6 : 0.4144"
"6,9 : 0.494"
"9,6 : 0.494"
"6,10 : 0.6719"
"10,6 : 0.6719"
"6,11 : 0.6859"
"11,6 : 0.6859"
"6,12 : 0.5385"
"12,6 : 0.5385"
"6,13 : 0.5457"
"13,6 : 0.5457"
"6,14 : 0.6736"
"14,6 : 0.6736"
"6,15 : 0.9055"
"15,6 : 0.9055"
"6,16 : 0.3636"
"16,6 : 0.3636"
"6,17 : 0.2746"
"17,6 : 0.2746"
"6,18 : 0.0283"
"18,6 : 0.0283"
"6,19 : 0.6408"
"19,6 : 0.6408"
"6,20 : 0.4177"
"20,6 : 0.4177"
"6,21 : 0.7569"
"21,6 : 0.7569"
"6,22 : 0.5197"
"22,6 : 0.5197"
"6,23 : 0.3574"
"23,6 : 0.3574"
"6,24 : 0.9759"
"24,6 : 0.9759"
"6,25 : 1.0118"
"25,6 : 1.0118"
"6,26 : 0.6407"
"26,6 : 0.6407"
"6,27 : 0.5644"
"27,6 : 0.5644"
"6,28 : 0.6135"
"28,6 : 0.6135"
"6,29 : 0.41"
"29,6 : 0.41"
"6,30 : 0.5682"
"30,6 : 0.5682"
"6,31 : 0.1603"
"31,6 : 0.1603"
"6,32 : 0.525"
"32,6 : 0.525"
"6,33 : 0.2594"
"33,6 : 0.2594"
"6,34 : 0.7931"
"34,6 : 0.7931"
"6,35 : 0.6637"
"35,6 : 0.6637"
"6,36 : 0.6307"
"36,6 : 0.6307"
"6,37 : 0.5544"
"37,6 : 0.5544"
"6,38 : 0.3842"
"38,6 : 0.3842"
"6,39 : 0.3423"
"39,6 : 0.3423"
"6,40 : 0.0707"
"40,6 : 0.0707"
"6,41 : 0.5104"
"41,6 : 0.5104"
"6,42 : 0.5903"
"42,6 : 0.5903"
"6,43 : 0.7529"
"43,6 : 0.7529"
"6,44 : 0.5314"
"44,6 : 0.5314"
"6,45 : 0.2907"
"45,6 : 0.2907"
"6,46 : 0.6603"
"46,6 : 0.6603"
"6,47 : 0.5546"
"47,6 : 0.5546"
"6,48 : 0.1208"
"48,6 : 0.1208"
"6,49 : 0.1903"
"49,6 : 0.1903"
"6,50 : 0.1421"
"50,6 : 0.1421"
"6,51 : 0.4357"
"51,6 : 0.4357"
"6,52 : 0.5124"
"52,6 : 0.5124"
"6,53 : 0.7206"
"53,6 : 0.7206"
"6,54 : 0.5401"
"54,6 : 0.5401"
"6,55 : 0.3607"
"55,6 : 0.3607"
"6,56 : 0.3705"
"56,6 : 0.3705"
"6,57 : 0.14"
"57,6 : 0.14"
"6,58 : 0.0283"
"58,6 : 0.0283"
"6,59 : 0.278"
"59,6 : 0.278"
"6,60 : 0.3027"
"60,6 : 0.3027"
"6,61 : 0.1456"
"61,6 : 0.1456"
"6,62 : 0.6953"
"62,6 : 0.6953"
"6,63 : 0.47"
"63,6 : 0.47"
"6,64 : 0.3437"
"64,6 : 0.3437"
"6,65 : 0.2408"
"65,6 : 0.2408"
"6,66 : 0.5951"
"66,6 : 0.5951"
"6,67 : 0.247"
"67,6 : 0.247"
"6,68 : 0.3859"
"68,6 : 0.3859"
"6,69 : 0.3008"
"69,6 : 0.3008"
"6,70 : 0.6001"
"70,6 : 0.6001"
"6,71 : 0.1897"
"71,6 : 0.1897"
"6,72 : 0.1836"
"72,6 : 0.1836"
"6,73 : 0.8184"
"73,6 : 0.8184"
"6,74 : 0.872"
"74,6 : 0.872"
"6,75 : 0.0707"
"75,6 : 0.0707"
"6,76 : 0.6369"
"76,6 : 0.6369"
"6,77 : 0.4701"
"77,6 : 0.4701"
"6,78 : 0.6923"
"78,6 : 0.6923"
"6,79 : 0.3362"
"79,6 : 0.3362"
"6,80 : 0.6723"
"80,6 : 0.6723"
"6,81 : 0.5503"
"81,6 : 0.5503"
"6,82 : 0.0922"
"82,6 : 0.0922"
"6,83 : 0.714"
"83,6 : 0.714"
"6,84 : 0.9285"
"84,6 : 0.9285"
"6,85 : 0.1105"
"85,6 : 0.1105"
"6,86 : 0.2563"
"86,6 : 0.2563"
"6,87 : 0.6812"
"87,6 : 0.6812"
"6,88 : 0.487"
"88,6 : 0.487"
"6,89 : 0.6282"
"89,6 : 0.6282"
"6,90 : 0.4206"
"90,6 : 0.4206"
"6,91 : 0.4627"
"91,6 : 0.4627"
"6,92 : 0.5188"
"92,6 : 0.5188"
"6,93 : 0.2335"
"93,6 : 0.2335"
"6,94 : 0.2766"
"94,6 : 0.2766"
"6,95 : 0.2002"
"95,6 : 0.2002"
"6,96 : 0.1208"
"96,6 : 0.1208"
"6,97 : 0.4632"
"97,6 : 0.4632"
"6,98 : 0.755"
"98,6 : 0.755"
"6,99 : 0.3202"
"99,6 : 0.3202"
"7,8 : 0.3864"
"8,7 : 0.3864"
"7,9 : 0.2209"
"9,7 : 0.2209"
"7,10 : 0.6332"
"10,7 : 0.6332"
"7,11 : 0.05"
"11,7 : 0.05"
"7,12 : 0.5814"
"12,7 : 0.5814"
"7,13 : 0.314"
"13,7 : 0.314"
"7,14 : 0.0806"
"14,7 : 0.0806"
"7,15 : 0.2608"
"15,7 : 0.2608"
"7,16 : 0.3023"
"16,7 : 0.3023"
"7,17 : 0.3912"
"17,7 : 0.3912"
"7,18 : 0.6505"
"18,7 : 0.6505"
"7,19 : 0.2746"
"19,7 : 0.2746"
"7,20 : 0.2335"
"20,7 : 0.2335"
"7,21 : 0.6871"
"21,7 : 0.6871"
"7,22 : 0.3413"
"22,7 : 0.3413"
"7,23 : 0.3833"
"23,7 : 0.3833"
"7,24 : 0.3256"
"24,7 : 0.3256"
"7,25 : 0.3607"
"25,7 : 0.3607"
"7,26 : 0.4401"
"26,7 : 0.4401"
"7,27 : 0.5629"
"27,7 : 0.5629"
"7,28 : 0.313"
"28,7 : 0.313"
"7,29 : 0.536"
"29,7 : 0.536"
"7,30 : 0.2184"
"30,7 : 0.2184"
"7,31 : 0.7824"
"31,7 : 0.7824"
"7,32 : 0.3256"
"32,7 : 0.3256"
"7,33 : 0.6133"
"33,7 : 0.6133"
"7,34 : 0.1581"
"34,7 : 0.1581"
"7,35 : 0.191"
"35,7 : 0.191"
"7,36 : 0.7157"
"36,7 : 0.7157"
"7,37 : 0.103"
"37,7 : 0.103"
"7,38 : 0.7034"
"38,7 : 0.7034"
"7,39 : 0.5"
"39,7 : 0.5"
"7,40 : 0.6981"
"40,7 : 0.6981"
"7,41 : 0.461"
"41,7 : 0.461"
"7,42 : 0.6064"
"42,7 : 0.6064"
"7,43 : 0.7023"
"43,7 : 0.7023"
"7,44 : 0.6203"
"44,7 : 0.6203"
"7,45 : 0.6815"
"45,7 : 0.6815"
"7,46 : 0.1414"
"46,7 : 0.1414"
"7,47 : 0.7225"
"47,7 : 0.7225"
"7,48 : 0.7669"
"48,7 : 0.7669"
"7,49 : 0.786"
"49,7 : 0.786"
"7,50 : 0.686"
"50,7 : 0.686"
"7,51 : 0.4101"
"51,7 : 0.4101"
"7,52 : 0.5901"
"52,7 : 0.5901"
"7,53 : 0.5818"
"53,7 : 0.5818"
"7,54 : 0.4805"
"54,7 : 0.4805"
"7,55 : 0.7368"
"55,7 : 0.7368"
"7,56 : 0.4653"
"56,7 : 0.4653"
"7,57 : 0.7603"
"57,7 : 0.7603"
"7,58 : 0.6794"
"58,7 : 0.6794"
"7,59 : 0.7292"
"59,7 : 0.7292"
"7,60 : 0.4386"
"60,7 : 0.4386"
"7,61 : 0.728"
"61,7 : 0.728"
"7,62 : 0.051"
"62,7 : 0.051"
"7,63 : 0.4809"
"63,7 : 0.4809"
"7,64 : 0.4144"
"64,7 : 0.4144"
"7,65 : 0.4837"
"65,7 : 0.4837"
"7,66 : 0.2508"
"66,7 : 0.2508"
"7,67 : 0.886"
"67,7 : 0.886"
"7,68 : 0.6888"
"68,7 : 0.6888"
"7,69 : 0.4272"
"69,7 : 0.4272"
"7,70 : 0.7284"
"70,7 : 0.7284"
"7,71 : 0.5993"
"71,7 : 0.5993"
"7,72 : 0.7295"
"72,7 : 0.7295"
"7,73 : 0.2532"
"73,7 : 0.2532"
"7,74 : 0.2341"
"74,7 : 0.2341"
"7,75 : 0.6981"
"75,7 : 0.6981"
"7,76 : 0.6888"
"76,7 : 0.6888"
"7,77 : 0.255"
"77,7 : 0.255"
"7,78 : 0.6555"
"78,7 : 0.6555"
"7,79 : 0.6237"
"79,7 : 0.6237"
"7,80 : 0.1414"
"80,7 : 0.1414"
"7,81 : 0.6213"
"81,7 : 0.6213"
"7,82 : 0.6031"
"82,7 : 0.6031"
"7,83 : 0.0906"
"83,7 : 0.0906"
"7,84 : 0.2907"
"84,7 : 0.2907"
"7,85 : 0.742"
"85,7 : 0.742"
"7,86 : 0.894"
"86,7 : 0.894"
"7,87 : 0.04"
"87,7 : 0.04"
"7,88 : 0.3206"
"88,7 : 0.3206"
"7,89 : 0.6042"
"89,7 : 0.6042"
"7,90 : 0.5756"
"90,7 : 0.5756"
"7,91 : 0.3905"
"91,7 : 0.3905"
"7,92 : 0.6803"
"92,7 : 0.6803"
"7,93 : 0.8481"
"93,7 : 0.8481"
"7,94 : 0.4342"
"94,7 : 0.4342"
"7,95 : 0.8045"
"95,7 : 0.8045"
"7,96 : 0.7638"
"96,7 : 0.7638"
"7,97 : 0.6958"
"97,7 : 0.6958"
"7,98 : 0.6447"
"98,7 : 0.6447"
"7,99 : 0.7684"
"99,7 : 0.7684"
"8,9 : 0.39"
"9,8 : 0.39"
"8,10 : 0.3324"
"10,8 : 0.3324"
"8,11 : 0.4357"
"11,8 : 0.4357"
"8,12 : 0.2283"
"12,8 : 0.2283"
"8,13 : 0.1389"
"13,8 : 0.1389"
"8,14 : 0.451"
"14,8 : 0.451"
"8,15 : 0.6357"
"15,8 : 0.6357"
"8,16 : 0.164"
"16,8 : 0.164"
"8,17 : 0.3106"
"17,8 : 0.3106"
"8,18 : 0.3981"
"18,8 : 0.3981"
"8,19 : 0.5536"
"19,8 : 0.5536"
"8,20 : 0.2417"
"20,8 : 0.2417"
"8,21 : 0.4123"
"21,8 : 0.4123"
"8,22 : 0.1077"
"22,8 : 0.1077"
"8,23 : 0.4104"
"23,8 : 0.4104"
"8,24 : 0.6845"
"24,8 : 0.6845"
"8,25 : 0.7112"
"25,8 : 0.7112"
"8,26 : 0.2319"
"26,8 : 0.2319"
"8,27 : 0.6931"
"27,8 : 0.6931"
"8,28 : 0.5608"
"28,8 : 0.5608"
"8,29 : 0.1503"
"29,8 : 0.1503"
"8,30 : 0.4617"
"30,8 : 0.4617"
"8,31 : 0.5743"
"31,8 : 0.5743"
"8,32 : 0.5061"
"32,8 : 0.5061"
"8,33 : 0.2546"
"33,8 : 0.2546"
"8,34 : 0.5434"
"34,8 : 0.5434"
"8,35 : 0.5148"
"35,8 : 0.5148"
"8,36 : 0.3667"
"36,8 : 0.3667"
"8,37 : 0.2907"
"37,8 : 0.2907"
"8,38 : 0.3195"
"38,8 : 0.3195"
"8,39 : 0.1221"
"39,8 : 0.1221"
"8,40 : 0.4826"
"40,8 : 0.4826"
"8,41 : 0.1281"
"41,8 : 0.1281"
"8,42 : 0.7354"
"42,8 : 0.7354"
"8,43 : 0.4177"
"43,8 : 0.4177"
"8,44 : 0.2563"
"44,8 : 0.2563"
"8,45 : 0.314"
"45,8 : 0.314"
"8,46 : 0.4809"
"46,8 : 0.4809"
"8,47 : 0.7849"
"47,8 : 0.7849"
"8,48 : 0.5315"
"48,8 : 0.5315"
"8,49 : 0.4717"
"49,8 : 0.4717"
"8,50 : 0.5209"
"50,8 : 0.5209"
"8,51 : 0.5025"
"51,8 : 0.5025"
"8,52 : 0.2247"
"52,8 : 0.2247"
"8,53 : 0.7932"
"53,8 : 0.7932"
"8,54 : 0.6248"
"54,8 : 0.6248"
"8,55 : 0.3578"
"55,8 : 0.3578"
"8,56 : 0.4982"
"56,8 : 0.4982"
"8,57 : 0.5533"
"57,8 : 0.5533"
"8,58 : 0.4374"
"58,8 : 0.4374"
"8,59 : 0.3688"
"59,8 : 0.3688"
"8,60 : 0.1118"
"60,8 : 0.1118"
"8,61 : 0.4206"
"61,8 : 0.4206"
"8,62 : 0.408"
"62,8 : 0.408"
"8,63 : 0.5798"
"63,8 : 0.5798"
"8,64 : 0.0707"
"64,8 : 0.0707"
"8,65 : 0.1746"
"65,8 : 0.1746"
"8,66 : 0.506"
"66,8 : 0.506"
"8,67 : 0.6573"
"67,8 : 0.6573"
"8,68 : 0.6671"
"68,8 : 0.6671"
"8,69 : 0.4022"
"69,8 : 0.4022"
"8,70 : 0.814"
"70,8 : 0.814"
"8,71 : 0.4851"
"71,8 : 0.4851"
"8,72 : 0.5708"
"72,8 : 0.5708"
"8,73 : 0.6307"
"73,8 : 0.6307"
"8,74 : 0.5438"
"74,8 : 0.5438"
"8,75 : 0.4826"
"75,8 : 0.4826"
"8,76 : 0.3499"
"76,8 : 0.3499"
"8,77 : 0.1315"
"77,8 : 0.1315"
"8,78 : 0.8222"
"78,8 : 0.8222"
"8,79 : 0.5951"
"79,8 : 0.5951"
"8,80 : 0.3276"
"80,8 : 0.3276"
"8,81 : 0.264"
"81,8 : 0.264"
"8,82 : 0.3298"
"82,8 : 0.3298"
"8,83 : 0.4031"
"83,8 : 0.4031"
"8,84 : 0.6705"
"84,8 : 0.6705"
"8,85 : 0.5247"
"85,8 : 0.5247"
"8,86 : 0.6671"
"86,8 : 0.6671"
"8,87 : 0.3956"
"87,8 : 0.3956"
"8,88 : 0.4717"
"88,8 : 0.4717"
"8,89 : 0.29"
"89,8 : 0.29"
"8,90 : 0.1903"
"90,8 : 0.1903"
"8,91 : 0.051"
"91,8 : 0.051"
"8,92 : 0.3041"
"92,8 : 0.3041"
"8,93 : 0.5354"
"93,8 : 0.5354"
"8,94 : 0.14"
"94,8 : 0.14"
"8,95 : 0.612"
"95,8 : 0.612"
"8,96 : 0.4904"
"96,8 : 0.4904"
"8,97 : 0.3106"
"97,8 : 0.3106"
"8,98 : 0.3912"
"98,8 : 0.3912"
"8,99 : 0.6747"
"99,8 : 0.6747"
"9,10 : 0.7072"
"10,9 : 0.7072"
"9,11 : 0.2309"
"11,9 : 0.2309"
"9,12 : 0.6174"
"12,9 : 0.6174"
"9,13 : 0.3962"
"13,9 : 0.3962"
"9,14 : 0.2012"
"14,9 : 0.2012"
"9,15 : 0.4327"
"15,9 : 0.4327"
"9,16 : 0.2354"
"16,9 : 0.2354"
"9,17 : 0.2195"
"17,9 : 0.2195"
"9,18 : 0.5012"
"18,9 : 0.5012"
"9,19 : 0.1703"
"19,9 : 0.1703"
"9,20 : 0.1487"
"20,9 : 0.1487"
"9,21 : 0.778"
"21,9 : 0.778"
"9,22 : 0.4061"
"22,9 : 0.4061"
"9,23 : 0.17"
"23,9 : 0.17"
"9,24 : 0.5111"
"24,9 : 0.5111"
"9,25 : 0.5507"
"25,9 : 0.5507"
"9,26 : 0.5445"
"26,9 : 0.5445"
"9,27 : 0.3585"
"27,9 : 0.3585"
"9,28 : 0.1709"
"28,9 : 0.1709"
"9,29 : 0.5289"
"29,9 : 0.5289"
"9,30 : 0.0806"
"30,9 : 0.0806"
"9,31 : 0.6011"
"31,9 : 0.6011"
"9,32 : 0.1281"
"32,9 : 0.1281"
"9,33 : 0.5408"
"33,9 : 0.5408"
"9,34 : 0.3191"
"34,9 : 0.3191"
"9,35 : 0.17"
"35,9 : 0.17"
"9,36 : 0.7564"
"36,9 : 0.7564"
"9,37 : 0.1838"
"37,9 : 0.1838"
"9,38 : 0.6612"
"38,9 : 0.6612"
"9,39 : 0.4669"
"39,9 : 0.4669"
"9,40 : 0.5263"
"40,9 : 0.5263"
"9,41 : 0.5061"
"41,9 : 0.5061"
"9,42 : 0.4031"
"42,9 : 0.4031"
"9,43 : 0.7882"
"43,9 : 0.7882"
"9,44 : 0.6462"
"44,9 : 0.6462"
"9,45 : 0.6113"
"45,9 : 0.6113"
"9,46 : 0.1697"
"46,9 : 0.1697"
"9,47 : 0.5064"
"47,9 : 0.5064"
"9,48 : 0.5982"
"48,9 : 0.5982"
"9,49 : 0.6592"
"49,9 : 0.6592"
"9,50 : 0.4958"
"50,9 : 0.4958"
"9,51 : 0.1903"
"51,9 : 0.1903"
"9,52 : 0.6147"
"52,9 : 0.6147"
"9,53 : 0.4173"
"53,9 : 0.4173"
"9,54 : 0.2773"
"54,9 : 0.2773"
"9,55 : 0.6801"
"55,9 : 0.6801"
"9,56 : 0.2452"
"56,9 : 0.2452"
"9,57 : 0.58"
"57,9 : 0.58"
"9,58 : 0.5215"
"58,9 : 0.5215"
"9,59 : 0.6463"
"59,9 : 0.6463"
"9,60 : 0.3821"
"60,9 : 0.3821"
"9,61 : 0.6017"
"61,9 : 0.6017"
"9,62 : 0.2717"
"62,9 : 0.2717"
"9,63 : 0.2648"
"63,9 : 0.2648"
"9,64 : 0.3785"
"64,9 : 0.3785"
"9,65 : 0.4005"
"65,9 : 0.4005"
"9,66 : 0.1204"
"66,9 : 0.1204"
"9,67 : 0.7072"
"67,9 : 0.7072"
"9,68 : 0.4687"
"68,9 : 0.4687"
"9,69 : 0.222"
"69,9 : 0.222"
"9,70 : 0.5166"
"70,9 : 0.5166"
"9,71 : 0.4"
"71,9 : 0.4"
"9,72 : 0.5341"
"72,9 : 0.5341"
"9,73 : 0.3245"
"73,9 : 0.3245"
"9,74 : 0.4512"
"74,9 : 0.4512"
"9,75 : 0.5263"
"75,9 : 0.5263"
"9,76 : 0.7379"
"76,9 : 0.7379"
"9,77 : 0.286"
"77,9 : 0.286"
"9,78 : 0.4687"
"78,9 : 0.4687"
"9,79 : 0.4052"
"79,9 : 0.4052"
"9,80 : 0.3298"
"80,9 : 0.3298"
"9,81 : 0.6539"
"81,9 : 0.6539"
"9,82 : 0.4717"
"82,9 : 0.4717"
"9,83 : 0.3102"
"83,9 : 0.3102"
"9,84 : 0.4482"
"84,9 : 0.4482"
"9,85 : 0.5673"
"85,9 : 0.5673"
"9,86 : 0.7142"
"86,9 : 0.7142"
"9,87 : 0.2608"
"87,9 : 0.2608"
"9,88 : 0.1077"
"88,9 : 0.1077"
"9,89 : 0.6689"
"89,9 : 0.6689"
"9,90 : 0.5675"
"90,9 : 0.5675"
"9,91 : 0.4206"
"91,9 : 0.4206"
"9,92 : 0.6896"
"92,9 : 0.6896"
"9,93 : 0.7159"
"93,9 : 0.7159"
"9,94 : 0.3601"
"94,9 : 0.3601"
"9,95 : 0.6162"
"95,9 : 0.6162"
"9,96 : 0.614"
"96,9 : 0.614"
"9,97 : 0.6825"
"97,9 : 0.6825"
"9,98 : 0.7452"
"98,9 : 0.7452"
"9,99 : 0.5554"
"99,9 : 0.5554"
"10,11 : 0.6815"
"11,10 : 0.6815"
"10,12 : 0.1334"
"12,10 : 0.1334"
"10,13 : 0.3231"
"13,10 : 0.3231"
"10,14 : 0.7117"
"14,10 : 0.7117"
"10,15 : 0.8305"
"15,10 : 0.8305"
"10,16 : 0.4952"
"16,10 : 0.4952"
"10,17 : 0.6403"
"17,10 : 0.6403"
"10,18 : 0.6476"
"18,10 : 0.6476"
"10,19 : 0.8588"
"19,10 : 0.8588"
"10,20 : 0.564"
"20,10 : 0.564"
"10,21 : 0.0854"
"21,10 : 0.0854"
"10,22 : 0.3041"
"22,10 : 0.3041"
"10,23 : 0.7428"
"23,10 : 0.7428"
"10,24 : 0.8515"
"24,10 : 0.8515"
"10,25 : 0.8647"
"25,10 : 0.8647"
"10,26 : 0.2002"
"26,10 : 0.2002"
"10,27 : 1.0253"
"27,10 : 1.0253"
"10,28 : 0.8746"
"28,10 : 0.8746"
"10,29 : 0.2625"
"29,10 : 0.2625"
"10,30 : 0.7703"
"30,10 : 0.7703"
"10,31 : 0.8257"
"31,10 : 0.8257"
"10,32 : 0.8301"
"32,10 : 0.8301"
"10,33 : 0.423"
"33,10 : 0.423"
"10,34 : 0.7694"
"34,10 : 0.7694"
"10,35 : 0.8023"
"35,10 : 0.8023"
"10,36 : 0.1281"
"36,10 : 0.1281"
"10,37 : 0.5646"
"37,10 : 0.5646"
"10,38 : 0.3569"
"38,10 : 0.3569"
"10,39 : 0.3362"
"39,10 : 0.3362"
"10,40 : 0.7422"
"40,10 : 0.7422"
"10,41 : 0.2052"
"41,10 : 0.2052"
"10,42 : 1.0678"
"42,10 : 1.0678"
"10,43 : 0.086"
"43,10 : 0.086"
"10,44 : 0.1503"
"44,10 : 0.1503"
"10,45 : 0.4305"
"45,10 : 0.4305"
"10,46 : 0.7596"
"46,10 : 0.7596"
"10,47 : 1.114"
"47,10 : 1.114"
"10,48 : 0.7694"
"48,10 : 0.7694"
"10,49 : 0.6403"
"49,10 : 0.6403"
"10,50 : 0.8032"
"50,10 : 0.8032"
"10,51 : 0.8345"
"51,10 : 0.8345"
"10,52 : 0.1612"
"52,10 : 0.1612"
"10,53 : 1.12"
"53,10 : 1.12"
"10,54 : 0.9559"
"54,10 : 0.9559"
"10,55 : 0.41"
"55,10 : 0.41"
"10,56 : 0.8298"
"56,10 : 0.8298"
"10,57 : 0.8081"
"57,10 : 0.8081"
"10,58 : 0.6866"
"58,10 : 0.6866"
"10,59 : 0.4826"
"59,10 : 0.4826"
"10,60 : 0.4082"
"60,10 : 0.4082"
"10,61 : 0.6107"
"61,10 : 0.6107"
"10,62 : 0.6315"
"62,10 : 0.6315"
"10,63 : 0.9122"
"63,10 : 0.9122"
"10,64 : 0.3801"
"64,10 : 0.3801"
"10,65 : 0.4519"
"65,10 : 0.4519"
"10,66 : 0.8149"
"66,10 : 0.8149"
"10,67 : 0.8836"
"67,10 : 0.8836"
"10,68 : 0.9862"
"68,10 : 0.9862"
"10,69 : 0.7325"
"69,10 : 0.7325"
"10,70 : 1.1448"
"70,10 : 1.1448"
"10,71 : 0.7916"
"71,10 : 0.7916"
"10,72 : 0.8507"
"72,10 : 0.8507"
"10,73 : 0.8853"
"73,10 : 0.8853"
"10,74 : 0.6918"
"74,10 : 0.6918"
"10,75 : 0.7422"
"75,10 : 0.7422"
"10,76 : 0.0922"
"76,10 : 0.0922"
"10,77 : 0.4219"
"77,10 : 0.4219"
"10,78 : 1.1536"
"78,10 : 1.1536"
"10,79 : 0.9159"
"79,10 : 0.9159"
"10,80 : 0.5148"
"80,10 : 0.5148"
"10,81 : 0.1304"
"81,10 : 0.1304"
"10,82 : 0.5797"
"82,10 : 0.5797"
"10,83 : 0.6053"
"83,10 : 0.6053"
"10,84 : 0.8709"
"84,10 : 0.8709"
"10,85 : 0.7767"
"85,10 : 0.7767"
"10,86 : 0.8936"
"86,10 : 0.8936"
"10,87 : 0.6237"
"87,10 : 0.6237"
"10,88 : 0.7981"
"88,10 : 0.7981"
"10,89 : 0.0447"
"89,10 : 0.0447"
"10,90 : 0.2532"
"90,10 : 0.2532"
"10,91 : 0.2907"
"91,10 : 0.2907"
"10,92 : 0.2025"
"92,10 : 0.2025"
"10,93 : 0.6926"
"93,10 : 0.6926"
"10,94 : 0.4442"
"94,10 : 0.4442"
"10,95 : 0.8688"
"95,10 : 0.8688"
"10,96 : 0.7026"
"96,10 : 0.7026"
"10,97 : 0.272"
"97,10 : 0.272"
"10,98 : 0.0922"
"98,10 : 0.0922"
"10,99 : 0.9731"
"99,10 : 0.9731"
"11,12 : 0.6313"
"12,11 : 0.6313"
"11,13 : 0.3635"
"13,11 : 0.3635"
"11,14 : 0.0447"
"14,11 : 0.0447"
"11,15 : 0.2202"
"15,11 : 0.2202"
"11,16 : 0.3448"
"16,11 : 0.3448"
"11,17 : 0.4201"
"17,11 : 0.4201"
"11,18 : 0.6868"
"18,11 : 0.6868"
"11,19 : 0.2508"
"19,11 : 0.2508"
"11,20 : 0.2702"
"20,11 : 0.2702"
"11,21 : 0.7339"
"21,11 : 0.7339"
"11,22 : 0.3912"
"22,11 : 0.3912"
"11,23 : 0.3992"
"23,11 : 0.3992"
"11,24 : 0.2907"
"24,11 : 0.2907"
"11,25 : 0.328"
"25,11 : 0.328"
"11,26 : 0.487"
"26,11 : 0.487"
"11,27 : 0.5544"
"27,11 : 0.5544"
"11,28 : 0.2941"
"28,11 : 0.2941"
"11,29 : 0.5855"
"29,11 : 0.5855"
"11,30 : 0.2102"
"30,11 : 0.2102"
"11,31 : 0.8122"
"31,11 : 0.8122"
"11,32 : 0.3202"
"32,11 : 0.3202"
"11,33 : 0.6592"
"33,11 : 0.6592"
"11,34 : 0.1118"
"34,11 : 0.1118"
"11,35 : 0.1612"
"35,11 : 0.1612"
"11,36 : 0.7653"
"36,11 : 0.7653"
"11,37 : 0.1487"
"37,11 : 0.1487"
"11,38 : 0.7519"
"38,11 : 0.7519"
"11,39 : 0.5482"
"39,11 : 0.5482"
"11,40 : 0.73"
"40,11 : 0.73"
"11,41 : 0.5109"
"41,11 : 0.5109"
"11,42 : 0.5968"
"42,11 : 0.5968"
"11,43 : 0.7495"
"43,11 : 0.7495"
"11,44 : 0.6703"
"44,11 : 0.6703"
"11,45 : 0.728"
"45,11 : 0.728"
"11,46 : 0.1118"
"46,11 : 0.1118"
"11,47 : 0.7201"
"47,11 : 0.7201"
"11,48 : 0.7998"
"48,11 : 0.7998"
"11,49 : 0.8266"
"49,11 : 0.8266"
"11,50 : 0.7128"
"50,11 : 0.7128"
"11,51 : 0.4144"
"51,11 : 0.4144"
"11,52 : 0.6401"
"52,11 : 0.6401"
"11,53 : 0.5595"
"53,11 : 0.5595"
"11,54 : 0.4727"
"54,11 : 0.4727"
"11,55 : 0.7845"
"55,11 : 0.7845"
"11,56 : 0.4754"
"56,11 : 0.4754"
"11,57 : 0.7903"
"57,11 : 0.7903"
"11,58 : 0.7142"
"58,11 : 0.7142"
"11,59 : 0.7747"
"59,11 : 0.7747"
"11,60 : 0.4847"
"60,11 : 0.4847"
"11,61 : 0.7684"
"61,11 : 0.7684"
"11,62 : 0.064"
"62,11 : 0.064"
"11,63 : 0.4804"
"63,11 : 0.4804"
"11,64 : 0.4617"
"64,11 : 0.4617"
"11,65 : 0.5277"
"65,11 : 0.5277"
"11,66 : 0.2354"
"66,11 : 0.2354"
"11,67 : 0.9168"
"67,11 : 0.9168"
"11,68 : 0.6986"
"68,11 : 0.6986"
"11,69 : 0.4472"
"69,11 : 0.4472"
"11,70 : 0.7225"
"70,11 : 0.7225"
"11,71 : 0.6227"
"71,11 : 0.6227"
"11,72 : 0.7547"
"72,11 : 0.7547"
"11,73 : 0.204"
"73,11 : 0.204"
"11,74 : 0.222"
"74,11 : 0.222"
"11,75 : 0.73"
"75,11 : 0.73"
"11,76 : 0.7382"
"76,11 : 0.7382"
"11,77 : 0.3041"
"77,11 : 0.3041"
"11,78 : 0.6389"
"78,11 : 0.6389"
"11,79 : 0.636"
"79,11 : 0.636"
"11,80 : 0.1803"
"80,11 : 0.1803"
"11,81 : 0.6712"
"81,11 : 0.6712"
"11,82 : 0.642"
"82,11 : 0.642"
"11,83 : 0.1082"
"83,11 : 0.1082"
"11,84 : 0.247"
"84,11 : 0.247"
"11,85 : 0.7734"
"85,11 : 0.7734"
"11,86 : 0.9246"
"86,11 : 0.9246"
"11,87 : 0.064"
"87,11 : 0.064"
"11,88 : 0.3214"
"88,11 : 0.3214"
"11,89 : 0.6531"
"89,11 : 0.6531"
"11,90 : 0.6251"
"90,11 : 0.6251"
"11,91 : 0.4405"
"91,11 : 0.4405"
"11,92 : 0.7303"
"92,11 : 0.7303"
"11,93 : 0.8881"
"93,11 : 0.8881"
"11,94 : 0.4785"
"94,11 : 0.4785"
"11,95 : 0.8323"
"95,11 : 0.8323"
"11,96 : 0.8006"
"96,11 : 0.8006"
"11,97 : 0.7455"
"97,11 : 0.7455"
"11,98 : 0.6908"
"98,11 : 0.6908"
"11,99 : 0.7855"
"99,11 : 0.7855"
"12,13 : 0.2702"
"13,12 : 0.2702"
"12,14 : 0.6549"
"14,12 : 0.6549"
"12,15 : 0.8062"
"15,12 : 0.8062"
"12,16 : 0.3912"
"16,12 : 0.3912"
"12,17 : 0.5233"
"17,12 : 0.5233"
"12,18 : 0.5142"
"18,12 : 0.5142"
"12,19 : 0.7783"
"19,12 : 0.7783"
"12,20 : 0.4696"
"20,12 : 0.4696"
"12,21 : 0.2184"
"21,12 : 0.2184"
"12,22 : 0.2402"
"22,12 : 0.2402"
"12,23 : 0.6313"
"23,12 : 0.6313"
"12,24 : 0.8395"
"24,12 : 0.8395"
"12,25 : 0.8587"
"25,12 : 0.8587"
"12,26 : 0.2081"
"26,12 : 0.2081"
"12,27 : 0.9155"
"27,12 : 0.9155"
"12,28 : 0.7879"
"28,12 : 0.7879"
"12,29 : 0.13"
"29,12 : 0.13"
"12,30 : 0.6871"
"30,12 : 0.6871"
"12,31 : 0.6923"
"31,12 : 0.6923"
"12,32 : 0.7343"
"32,12 : 0.7343"
"12,33 : 0.2907"
"33,12 : 0.2907"
"12,34 : 0.7301"
"34,12 : 0.7301"
"12,35 : 0.7325"
"35,12 : 0.7325"
"12,36 : 0.1393"
"36,12 : 0.1393"
"12,37 : 0.4982"
"37,12 : 0.4982"
"12,38 : 0.2417"
"38,12 : 0.2417"
"12,39 : 0.2059"
"39,12 : 0.2059"
"12,40 : 0.6088"
"40,12 : 0.6088"
"12,41 : 0.1204"
"41,12 : 0.1204"
"12,42 : 0.9567"
"42,12 : 0.9567"
"12,43 : 0.2154"
"43,12 : 0.2154"
"12,44 : 0.0447"
"44,12 : 0.0447"
"12,45 : 0.3041"
"45,12 : 0.3041"
"12,46 : 0.6943"
"46,12 : 0.6943"
"12,47 : 0.9936"
"47,12 : 0.9936"
"12,48 : 0.6364"
"48,12 : 0.6364"
"12,49 : 0.5124"
"49,12 : 0.5124"
"12,50 : 0.6707"
"50,12 : 0.6707"
"12,51 : 0.7262"
"51,12 : 0.7262"
"12,52 : 0.0316"
"52,12 : 0.0316"
"12,53 : 1.0208"
"53,12 : 1.0208"
"12,54 : 0.85"
"54,12 : 0.85"
"12,55 : 0.2955"
"55,12 : 0.2955"
"12,56 : 0.7142"
"56,12 : 0.7142"
"12,57 : 0.6747"
"57,12 : 0.6747"
"12,58 : 0.5532"
"58,12 : 0.5532"
"12,59 : 0.359"
"59,12 : 0.359"
"12,60 : 0.2843"
"60,12 : 0.2843"
"12,61 : 0.48"
"61,12 : 0.48"
"12,62 : 0.5901"
"62,12 : 0.5901"
"12,63 : 0.8016"
"63,12 : 0.8016"
"12,64 : 0.2617"
"64,12 : 0.2617"
"12,65 : 0.3225"
"65,12 : 0.3225"
"12,66 : 0.7316"
"66,12 : 0.7316"
"12,67 : 0.7517"
"67,12 : 0.7517"
"12,68 : 0.8598"
"68,12 : 0.8598"
"12,69 : 0.6152"
"69,12 : 0.6152"
"12,70 : 1.0265"
"70,12 : 1.0265"
"12,71 : 0.6624"
"71,12 : 0.6624"
"12,72 : 0.7178"
"72,12 : 0.7178"
"12,73 : 0.8338"
"73,12 : 0.8338"
"12,74 : 0.6841"
"74,12 : 0.6841"
"12,75 : 0.6088"
"75,12 : 0.6088"
"12,76 : 0.1221"
"76,12 : 0.1221"
"12,77 : 0.3421"
"77,12 : 0.3421"
"12,78 : 1.0464"
"78,12 : 1.0464"
"12,79 : 0.7906"
"79,12 : 0.7906"
"12,80 : 0.4837"
"80,12 : 0.4837"
"12,81 : 0.04"
"81,12 : 0.04"
"12,82 : 0.4464"
"82,12 : 0.4464"
"12,83 : 0.5722"
"83,12 : 0.5722"
"12,84 : 0.8448"
"84,12 : 0.8448"
"12,85 : 0.6433"
"85,12 : 0.6433"
"12,86 : 0.7616"
"86,12 : 0.7616"
"12,87 : 0.58"
"87,12 : 0.58"
"12,88 : 0.6997"
"88,12 : 0.6997"
"12,89 : 0.0906"
"89,12 : 0.0906"
"12,90 : 0.1204"
"90,12 : 0.1204"
"12,91 : 0.1992"
"91,12 : 0.1992"
"12,92 : 0.1166"
"92,12 : 0.1166"
"12,93 : 0.5672"
"93,12 : 0.5672"
"12,94 : 0.3202"
"94,12 : 0.3202"
"12,95 : 0.7355"
"95,12 : 0.7355"
"12,96 : 0.5708"
"96,12 : 0.5708"
"12,97 : 0.1703"
"97,12 : 0.1703"
"12,98 : 0.2202"
"98,12 : 0.2202"
"12,99 : 0.8417"
"99,12 : 0.8417"
"13,14 : 0.3905"
"14,13 : 0.3905"
"13,15 : 0.5376"
"15,13 : 0.5376"
"13,16 : 0.228"
"16,13 : 0.228"
"13,17 : 0.3929"
"17,13 : 0.3929"
"13,18 : 0.5316"
"18,13 : 0.5316"
"13,19 : 0.5385"
"19,13 : 0.5385"
"13,20 : 0.2663"
"20,13 : 0.2663"
"13,21 : 0.3859"
