x,y
0.26,0.44
0.65,0.57
0.34,0.8
0.79,0.95
0.31,0.54
0.01,0.46
0.3,0.25
0.83,0.92
0.41,0.87
0.01,0.62
0.91,0.14
0.4,0.5
0.79,0.49
0.94,0.76
0.63,0.77
0.68,0.45
0.55,0.62
0.18,0.15
0.75,0.77
0.94,0.11
0.53,0.31
0.09,0.97
0.85,0.07
0.87,0.13
0.96,0.86
0.24,0.04
0.71,0.25
0.44,0.17
0.18,0.59
0.28,0.48
0.27,0.52
0.9,0.92
0.7,0.22
0.9,0.98
0.33,0.82
0.78,0.41
0.17,0.97
0.22,0.18
0.58,0.83
0.46,0.89
0.3,0.06
0.18,0.66
0.9,0.45
0.78,0.75
0.09,0.73
0.22,0.63
0.85,0.03
0.32,0.78
0.16,0.93
0.75,0.75
0.79,0.85
0.02,0.2
0.65,0.84
0.31,0.79
0.34,0.23
0.0,0.48
0.91,0.41
0.3,0.19
0.15,0.38
0.13,0.25
0.4,0.31
0.28,0.33
0.03,0.48
0.73,0.2
0.04,0.49
0.19,0.59
0.05,0.6
0.43,0.43
0.15,0.26
0.39,0.01
0.72,0.1
0.0,0.71
0.01,0.79
0.06,0.32
0.98,0.19
0.08,0.76
0.3,0.11
0.5,0.39
0.75,0.98
0.22,0.51
0.37,0.06
0.05,0.58
0.58,0.91
0.35,0.67
0.14,0.29
0.78,0.91
0.6,0.8
0.75,0.23
0.56,0.12
0.86,0.96
0.81,0.65
0.34,0.99
0.82,0.88
0.36,0.7
0.84,0.05
0.83,0.69
0.01,0.06
0.04,0.97
0.51,0.23
0.59,0.68

Distanze
"0,1 : 0.4111"
"1,0 : 0.4111"
"0,2 : 0.3688"
"2,0 : 0.3688"
"0,3 : 0.7355"
"3,0 : 0.7355"
"0,4 : 0.1118"
"4,0 : 0.1118"
"0,5 : 0.2508"
"5,0 : 0.2508"
"0,6 : 0.1942"
"6,0 : 0.1942"
"0,7 : 0.7452"
"7,0 : 0.7452"
"0,8 : 0.4554"
"8,0 : 0.4554"
"0,9 : 0.3081"
"9,0 : 0.3081"
"0,10 : 0.7159"
"10,0 : 0.7159"
"0,11 : 0.1523"
"11,0 : 0.1523"
"0,12 : 0.5324"
"12,0 : 0.5324"
"0,13 : 0.7515"
"13,0 : 0.7515"
"0,14 : 0.4958"
"14,0 : 0.4958"
"0,15 : 0.4201"
"15,0 : 0.4201"
"0,16 : 0.3413"
"16,0 : 0.3413"
"0,17 : 0.3008"
"17,0 : 0.3008"
"0,18 : 0.5908"
"18,0 : 0.5908"
"0,19 : 0.7558"
"19,0 : 0.7558"
"0,20 : 0.2997"
"20,0 : 0.2997"
"0,21 : 0.5566"
"21,0 : 0.5566"
"0,22 : 0.6964"
"22,0 : 0.6964"
"0,23 : 0.6843"
"23,0 : 0.6843"
"0,24 : 0.8163"
"24,0 : 0.8163"
"0,25 : 0.4005"
"25,0 : 0.4005"
"0,26 : 0.4885"
"26,0 : 0.4885"
"0,27 : 0.3245"
"27,0 : 0.3245"
"0,28 : 0.17"
"28,0 : 0.17"
"0,29 : 0.0447"
"29,0 : 0.0447"
"0,30 : 0.0806"
"30,0 : 0.0806"
"0,31 : 0.8"
"31,0 : 0.8"
"0,32 : 0.4919"
"32,0 : 0.4919"
"0,33 : 0.8374"
"33,0 : 0.8374"
"0,34 : 0.3864"
"34,0 : 0.3864"
"0,35 : 0.5209"
"35,0 : 0.5209"
"0,36 : 0.5376"
"36,0 : 0.5376"
"0,37 : 0.2631"
"37,0 : 0.2631"
"0,38 : 0.5045"
"38,0 : 0.5045"
"0,39 : 0.4924"
"39,0 : 0.4924"
"0,40 : 0.3821"
"40,0 : 0.3821"
"0,41 : 0.2341"
"41,0 : 0.2341"
"0,42 : 0.6401"
"42,0 : 0.6401"
"0,43 : 0.6054"
"43,0 : 0.6054"
"0,44 : 0.3362"
"44,0 : 0.3362"
"0,45 : 0.1942"
"45,0 : 0.1942"
"0,46 : 0.7185"
"46,0 : 0.7185"
"0,47 : 0.3453"
"47,0 : 0.3453"
"0,48 : 0.5001"
"48,0 : 0.5001"
"0,49 : 0.5798"
"49,0 : 0.5798"
"0,50 : 0.6701"
"50,0 : 0.6701"
"0,51 : 0.3394"
"51,0 : 0.3394"
"0,52 : 0.5587"
"52,0 : 0.5587"
"0,53 : 0.3536"
"53,0 : 0.3536"
"0,54 : 0.2247"
"54,0 : 0.2247"
"0,55 : 0.2631"
"55,0 : 0.2631"
"0,56 : 0.6507"
"56,0 : 0.6507"
"0,57 : 0.2532"
"57,0 : 0.2532"
"0,58 : 0.1253"
"58,0 : 0.1253"
"0,59 : 0.2302"
"59,0 : 0.2302"
"0,60 : 0.191"
"60,0 : 0.191"
"0,61 : 0.1118"
"61,0 : 0.1118"
"0,62 : 0.2335"
"62,0 : 0.2335"
"0,63 : 0.5277"
"63,0 : 0.5277"
"0,64 : 0.2256"
"64,0 : 0.2256"
"0,65 : 0.1655"
"65,0 : 0.1655"
"0,66 : 0.264"
"66,0 : 0.264"
"0,67 : 0.1703"
"67,0 : 0.1703"
"0,68 : 0.211"
"68,0 : 0.211"
"0,69 : 0.4492"
"69,0 : 0.4492"
"0,70 : 0.572"
"70,0 : 0.572"
"0,71 : 0.3748"
"71,0 : 0.3748"
"0,72 : 0.4301"
"72,0 : 0.4301"
"0,73 : 0.2332"
"73,0 : 0.2332"
"0,74 : 0.7622"
"74,0 : 0.7622"
"0,75 : 0.3672"
"75,0 : 0.3672"
"0,76 : 0.3324"
"76,0 : 0.3324"
"0,77 : 0.2452"
"77,0 : 0.2452"
"0,78 : 0.7292"
"78,0 : 0.7292"
"0,79 : 0.0806"
"79,0 : 0.0806"
"0,80 : 0.3956"
"80,0 : 0.3956"
"0,81 : 0.2524"
"81,0 : 0.2524"
"0,82 : 0.5686"
"82,0 : 0.5686"
"0,83 : 0.247"
"83,0 : 0.247"
"0,84 : 0.1921"
"84,0 : 0.1921"
"0,85 : 0.7009"
"85,0 : 0.7009"
"0,86 : 0.4952"
"86,0 : 0.4952"
"0,87 : 0.5331"
"87,0 : 0.5331"
"0,88 : 0.4386"
"88,0 : 0.4386"
"0,89 : 0.794"
"89,0 : 0.794"
"0,90 : 0.5887"
"90,0 : 0.5887"
"0,91 : 0.5558"
"91,0 : 0.5558"
"0,92 : 0.7122"
"92,0 : 0.7122"
"0,93 : 0.2786"
"93,0 : 0.2786"
"0,94 : 0.6989"
"94,0 : 0.6989"
"0,95 : 0.6224"
"95,0 : 0.6224"
"0,96 : 0.4549"
"96,0 : 0.4549"
"0,97 : 0.5738"
"97,0 : 0.5738"
"0,98 : 0.3265"
"98,0 : 0.3265"
"0,99 : 0.408"
"99,0 : 0.408"
"1,2 : 0.386"
"2,1 : 0.386"
"1,3 : 0.405"
"3,1 : 0.405"
"1,4 : 0.3413"
"4,1 : 0.3413"
"1,5 : 0.6494"
"5,1 : 0.6494"
"1,6 : 0.4742"
"6,1 : 0.4742"
"1,7 : 0.3936"
"7,1 : 0.3936"
"1,8 : 0.3842"
"8,1 : 0.3842"
"1,9 : 0.642"
"9,1 : 0.642"
"1,10 : 0.5025"
"10,1 : 0.5025"
"1,11 : 0.2596"
"11,1 : 0.2596"
"1,12 : 0.1612"
"12,1 : 0.1612"
"1,13 : 0.3467"
"13,1 : 0.3467"
"1,14 : 0.201"
"14,1 : 0.201"
"1,15 : 0.1237"
"15,1 : 0.1237"
"1,16 : 0.1118"
"16,1 : 0.1118"
"1,17 : 0.6303"
"17,1 : 0.6303"
"1,18 : 0.2236"
"18,1 : 0.2236"
"1,19 : 0.5438"
"19,1 : 0.5438"
"1,20 : 0.2864"
"20,1 : 0.2864"
"1,21 : 0.6882"
"21,1 : 0.6882"
"1,22 : 0.5385"
"22,1 : 0.5385"
"1,23 : 0.4919"
"23,1 : 0.4919"
"1,24 : 0.4245"
"24,1 : 0.4245"
"1,25 : 0.6701"
"25,1 : 0.6701"
"1,26 : 0.3256"
"26,1 : 0.3256"
"1,27 : 0.4518"
"27,1 : 0.4518"
"1,28 : 0.4704"
"28,1 : 0.4704"
"1,29 : 0.3808"
"29,1 : 0.3808"
"1,30 : 0.3833"
"30,1 : 0.3833"
"1,31 : 0.4301"
"31,1 : 0.4301"
"1,32 : 0.3536"
"32,1 : 0.3536"
"1,33 : 0.4802"
"33,1 : 0.4802"
"1,34 : 0.4061"
"34,1 : 0.4061"
"1,35 : 0.2062"
"35,1 : 0.2062"
"1,36 : 0.6248"
"36,1 : 0.6248"
"1,37 : 0.5805"
"37,1 : 0.5805"
"1,38 : 0.2693"
"38,1 : 0.2693"
"1,39 : 0.3722"
"39,1 : 0.3722"
"1,40 : 0.6185"
"40,1 : 0.6185"
"1,41 : 0.4785"
"41,1 : 0.4785"
"1,42 : 0.2773"
"42,1 : 0.2773"
"1,43 : 0.222"
"43,1 : 0.222"
"1,44 : 0.5824"
"44,1 : 0.5824"
"1,45 : 0.4342"
"45,1 : 0.4342"
"1,46 : 0.5758"
"46,1 : 0.5758"
"1,47 : 0.3912"
"47,1 : 0.3912"
"1,48 : 0.608"
"48,1 : 0.608"
"1,49 : 0.2059"
"49,1 : 0.2059"
"1,50 : 0.313"
"50,1 : 0.313"
"1,51 : 0.7306"
"51,1 : 0.7306"
"1,52 : 0.27"
"52,1 : 0.27"
"1,53 : 0.405"
"53,1 : 0.405"
"1,54 : 0.4601"
"54,1 : 0.4601"
"1,55 : 0.6562"
"55,1 : 0.6562"
"1,56 : 0.3053"
"56,1 : 0.3053"
"1,57 : 0.5166"
"57,1 : 0.5166"
"1,58 : 0.5349"
"58,1 : 0.5349"
"1,59 : 0.6106"
"59,1 : 0.6106"
"1,60 : 0.3607"
"60,1 : 0.3607"
"1,61 : 0.441"
"61,1 : 0.441"
"1,62 : 0.6265"
"62,1 : 0.6265"
"1,63 : 0.3785"
"63,1 : 0.3785"
"1,64 : 0.6152"
"64,1 : 0.6152"
"1,65 : 0.4604"
"65,1 : 0.4604"
"1,66 : 0.6007"
"66,1 : 0.6007"
"1,67 : 0.2608"
"67,1 : 0.2608"
"1,68 : 0.5883"
"68,1 : 0.5883"
"1,69 : 0.6174"
"69,1 : 0.6174"
"1,70 : 0.4752"
"70,1 : 0.4752"
"1,71 : 0.6649"
"71,1 : 0.6649"
"1,72 : 0.6768"
"72,1 : 0.6768"
"1,73 : 0.6408"
"73,1 : 0.6408"
"1,74 : 0.5033"
"74,1 : 0.5033"
"1,75 : 0.6008"
"75,1 : 0.6008"
"1,76 : 0.578"
"76,1 : 0.578"
"1,77 : 0.2343"
"77,1 : 0.2343"
"1,78 : 0.422"
"78,1 : 0.422"
"1,79 : 0.4342"
"79,1 : 0.4342"
"1,80 : 0.5818"
"80,1 : 0.5818"
"1,81 : 0.6001"
"81,1 : 0.6001"
"1,82 : 0.3471"
"82,1 : 0.3471"
"1,83 : 0.3162"
"83,1 : 0.3162"
"1,84 : 0.5818"
"84,1 : 0.5818"
"1,85 : 0.364"
"85,1 : 0.364"
"1,86 : 0.2354"
"86,1 : 0.2354"
"1,87 : 0.3544"
"87,1 : 0.3544"
"1,88 : 0.4589"
"88,1 : 0.4589"
"1,89 : 0.4429"
"89,1 : 0.4429"
"1,90 : 0.1789"
"90,1 : 0.1789"
"1,91 : 0.522"
"91,1 : 0.522"
"1,92 : 0.3536"
"92,1 : 0.3536"
"1,93 : 0.3178"
"93,1 : 0.3178"
"1,94 : 0.5536"
"94,1 : 0.5536"
"1,95 : 0.2163"
"95,1 : 0.2163"
"1,96 : 0.8184"
"96,1 : 0.8184"
"1,97 : 0.7295"
"97,1 : 0.7295"
"1,98 : 0.3677"
"98,1 : 0.3677"
"1,99 : 0.1253"
"99,1 : 0.1253"
"2,3 : 0.4743"
"3,2 : 0.4743"
"2,4 : 0.2617"
"4,2 : 0.2617"
"2,5 : 0.4738"
"5,2 : 0.4738"
"2,6 : 0.5515"
"6,2 : 0.5515"
"2,7 : 0.5045"
"7,2 : 0.5045"
"2,8 : 0.099"
"8,2 : 0.099"
"2,9 : 0.3759"
"9,2 : 0.3759"
"2,10 : 0.8721"
"10,2 : 0.8721"
"2,11 : 0.3059"
"11,2 : 0.3059"
"2,12 : 0.5464"
"12,2 : 0.5464"
"2,13 : 0.6013"
"13,2 : 0.6013"
"2,14 : 0.2915"
"14,2 : 0.2915"
"2,15 : 0.488"
"15,2 : 0.488"
"2,16 : 0.2766"
"16,2 : 0.2766"
"2,17 : 0.6694"
"17,2 : 0.6694"
"2,18 : 0.4111"
"18,2 : 0.4111"
"2,19 : 0.9144"
"19,2 : 0.9144"
"2,20 : 0.5255"
"20,2 : 0.5255"
"2,21 : 0.3023"
"21,2 : 0.3023"
"2,22 : 0.8905"
"22,2 : 0.8905"
"2,23 : 0.8543"
"23,2 : 0.8543"
"2,24 : 0.6229"
"24,2 : 0.6229"
"2,25 : 0.7666"
"25,2 : 0.7666"
"2,26 : 0.6629"
"26,2 : 0.6629"
"2,27 : 0.6379"
"27,2 : 0.6379"
"2,28 : 0.264"
"28,2 : 0.264"
"2,29 : 0.3256"
"29,2 : 0.3256"
"2,30 : 0.2886"
"30,2 : 0.2886"
"2,31 : 0.5727"
"31,2 : 0.5727"
"2,32 : 0.6826"
"32,2 : 0.6826"
"2,33 : 0.5882"
"33,2 : 0.5882"
"2,34 : 0.0224"
"34,2 : 0.0224"
"2,35 : 0.588"
"35,2 : 0.588"
"2,36 : 0.2404"
"36,2 : 0.2404"
"2,37 : 0.6315"
"37,2 : 0.6315"
"2,38 : 0.2419"
"38,2 : 0.2419"
"2,39 : 0.15"
"39,2 : 0.15"
"2,40 : 0.7411"
"40,2 : 0.7411"
"2,41 : 0.2126"
"41,2 : 0.2126"
"2,42 : 0.6604"
"42,2 : 0.6604"
"2,43 : 0.4428"
"43,2 : 0.4428"
"2,44 : 0.2596"
"44,2 : 0.2596"
"2,45 : 0.2081"
"45,2 : 0.2081"
"2,46 : 0.9236"
"46,2 : 0.9236"
"2,47 : 0.0283"
"47,2 : 0.0283"
"2,48 : 0.222"
"48,2 : 0.222"
"2,49 : 0.413"
"49,2 : 0.413"
"2,50 : 0.4528"
"50,2 : 0.4528"
"2,51 : 0.68"
"51,2 : 0.68"
"2,52 : 0.3126"
"52,2 : 0.3126"
"2,53 : 0.0316"
"53,2 : 0.0316"
"2,54 : 0.57"
"54,2 : 0.57"
"2,55 : 0.4669"
"55,2 : 0.4669"
"2,56 : 0.6907"
"56,2 : 0.6907"
"2,57 : 0.6113"
"57,2 : 0.6113"
"2,58 : 0.461"
"58,2 : 0.461"
"2,59 : 0.5887"
"59,2 : 0.5887"
"2,60 : 0.4937"
"60,2 : 0.4937"
"2,61 : 0.4738"
"61,2 : 0.4738"
"2,62 : 0.4455"
"62,2 : 0.4455"
"2,63 : 0.7156"
"63,2 : 0.7156"
"2,64 : 0.4314"
"64,2 : 0.4314"
"2,65 : 0.2581"
"65,2 : 0.2581"
"2,66 : 0.3523"
"66,2 : 0.3523"
"2,67 : 0.3808"
"67,2 : 0.3808"
"2,68 : 0.5725"
"68,2 : 0.5725"
"2,69 : 0.7916"
"69,2 : 0.7916"
"2,70 : 0.7965"
"70,2 : 0.7965"
"2,71 : 0.3517"
"71,2 : 0.3517"
"2,72 : 0.3302"
"72,2 : 0.3302"
"2,73 : 0.5557"
"73,2 : 0.5557"
"2,74 : 0.8841"
"74,2 : 0.8841"
"2,75 : 0.2631"
"75,2 : 0.2631"
"2,76 : 0.6912"
"76,2 : 0.6912"
"2,77 : 0.4401"
"77,2 : 0.4401"
"2,78 : 0.4478"
"78,2 : 0.4478"
"2,79 : 0.3138"
"79,2 : 0.3138"
"2,80 : 0.7406"
"80,2 : 0.7406"
"2,81 : 0.364"
"81,2 : 0.364"
"2,82 : 0.264"
"82,2 : 0.264"
"2,83 : 0.1304"
"83,2 : 0.1304"
"2,84 : 0.5478"
"84,2 : 0.5478"
"2,85 : 0.4535"
"85,2 : 0.4535"
"2,86 : 0.26"
"86,2 : 0.26"
"2,87 : 0.7021"
"87,2 : 0.7021"
"2,88 : 0.7147"
"88,2 : 0.7147"
"2,89 : 0.5441"
"89,2 : 0.5441"
"2,90 : 0.4934"
"90,2 : 0.4934"
"2,91 : 0.19"
"91,2 : 0.19"
"2,92 : 0.4866"
"92,2 : 0.4866"
"2,93 : 0.102"
"93,2 : 0.102"
"2,94 : 0.9014"
"94,2 : 0.9014"
"2,95 : 0.5022"
"95,2 : 0.5022"
"2,96 : 0.8102"
"96,2 : 0.8102"
"2,97 : 0.3448"
"97,2 : 0.3448"
"2,98 : 0.5948"
"98,2 : 0.5948"
"2,99 : 0.2773"
"99,2 : 0.2773"
"3,4 : 0.6313"
"4,3 : 0.6313"
"3,5 : 0.9211"
"5,3 : 0.9211"
"3,6 : 0.8545"
"6,3 : 0.8545"
"3,7 : 0.05"
"7,3 : 0.05"
"3,8 : 0.3883"
"8,3 : 0.3883"
"3,9 : 0.8469"
"9,3 : 0.8469"
"3,10 : 0.8188"
"10,3 : 0.8188"
"3,11 : 0.5955"
"11,3 : 0.5955"
"3,12 : 0.46"
"12,3 : 0.46"
"3,13 : 0.2421"
"13,3 : 0.2421"
"3,14 : 0.2408"
"14,3 : 0.2408"
"3,15 : 0.512"
"15,3 : 0.512"
"3,16 : 0.408"
"16,3 : 0.408"
"3,17 : 1.006"
"17,3 : 1.006"
"3,18 : 0.1844"
"18,3 : 0.1844"
"3,19 : 0.8533"
"19,3 : 0.8533"
"3,20 : 0.6908"
"20,3 : 0.6908"
"3,21 : 0.7003"
"21,3 : 0.7003"
"3,22 : 0.882"
"22,3 : 0.882"
"3,23 : 0.8239"
"23,3 : 0.8239"
"3,24 : 0.1924"
"24,3 : 0.1924"
"3,25 : 1.0633"
"25,3 : 1.0633"
"3,26 : 0.7046"
"26,3 : 0.7046"
"3,27 : 0.8549"
"27,3 : 0.8549"
"3,28 : 0.7083"
"28,3 : 0.7083"
"3,29 : 0.6935"
"29,3 : 0.6935"
"3,30 : 0.6748"
"30,3 : 0.6748"
"3,31 : 0.114"
"31,3 : 0.114"
"3,32 : 0.7355"
"32,3 : 0.7355"
"3,33 : 0.114"
"33,3 : 0.114"
"3,34 : 0.478"
"34,3 : 0.478"
"3,35 : 0.5401"
"35,3 : 0.5401"
"3,36 : 0.6203"
"36,3 : 0.6203"
"3,37 : 0.958"
"37,3 : 0.958"
"3,38 : 0.2419"
"38,3 : 0.2419"
"3,39 : 0.3354"
"39,3 : 0.3354"
"3,40 : 1.016"
"40,3 : 1.016"
"3,41 : 0.6754"
"41,3 : 0.6754"
"3,42 : 0.512"
"42,3 : 0.512"
"3,43 : 0.2002"
"43,3 : 0.2002"
"3,44 : 0.7338"
"44,3 : 0.7338"
"3,45 : 0.6537"
"45,3 : 0.6537"
"3,46 : 0.922"
"46,3 : 0.922"
"3,47 : 0.4998"
"47,3 : 0.4998"
"3,48 : 0.6303"
"48,3 : 0.6303"
"3,49 : 0.204"
"49,3 : 0.204"
"3,50 : 0.1"
"50,3 : 0.1"
"3,51 : 1.0749"
"51,3 : 1.0749"
"3,52 : 0.178"
"52,3 : 0.178"
"3,53 : 0.506"
"53,3 : 0.506"
"3,54 : 0.8491"
"54,3 : 0.8491"
"3,55 : 0.9192"
"55,3 : 0.9192"
"3,56 : 0.5532"
"56,3 : 0.5532"
"3,57 : 0.9043"
"57,3 : 0.9043"
"3,58 : 0.857"
"58,3 : 0.857"
"3,59 : 0.9621"
"59,3 : 0.9621"
"3,60 : 0.7495"
"60,3 : 0.7495"
"3,61 : 0.8028"
"61,3 : 0.8028"
"3,62 : 0.8936"
"62,3 : 0.8936"
"3,63 : 0.7524"
"63,3 : 0.7524"
"3,64 : 0.8798"
"64,3 : 0.8798"
"3,65 : 0.6997"
"65,3 : 0.6997"
"3,66 : 0.8186"
"66,3 : 0.8186"
"3,67 : 0.6325"
"67,3 : 0.6325"
"3,68 : 0.9411"
"68,3 : 0.9411"
"3,69 : 1.0216"
"69,3 : 1.0216"
"3,70 : 0.8529"
"70,3 : 0.8529"
"3,71 : 0.8257"
"71,3 : 0.8257"
"3,72 : 0.7962"
"72,3 : 0.7962"
"3,73 : 0.9643"
"73,3 : 0.9643"
"3,74 : 0.7834"
"74,3 : 0.7834"
"3,75 : 0.735"
"75,3 : 0.735"
"3,76 : 0.9725"
"76,3 : 0.9725"
"3,77 : 0.6306"
"77,3 : 0.6306"
"3,78 : 0.05"
"78,3 : 0.05"
"3,79 : 0.7201"
"79,3 : 0.7201"
"3,80 : 0.9841"
"80,3 : 0.9841"
"3,81 : 0.8273"
"81,3 : 0.8273"
"3,82 : 0.2138"
"82,3 : 0.2138"
"3,83 : 0.5215"
"83,3 : 0.5215"
"3,84 : 0.9263"
"84,3 : 0.9263"
"3,85 : 0.0412"
"85,3 : 0.0412"
"3,86 : 0.2421"
"86,3 : 0.2421"
"3,87 : 0.7211"
"87,3 : 0.7211"
"3,88 : 0.8613"
"88,3 : 0.8613"
"3,89 : 0.0707"
"89,3 : 0.0707"
"3,90 : 0.3007"
"90,3 : 0.3007"
"3,91 : 0.4518"
"91,3 : 0.4518"
"3,92 : 0.0762"
"92,3 : 0.0762"
"3,93 : 0.4974"
"93,3 : 0.4974"
"3,94 : 0.9014"
"94,3 : 0.9014"
"3,95 : 0.2631"
"95,3 : 0.2631"
"3,96 : 1.1834"
"96,3 : 1.1834"
"3,97 : 0.7503"
"97,3 : 0.7503"
"3,98 : 0.7725"
"98,3 : 0.7725"
"3,99 : 0.336"
"99,3 : 0.336"
"4,5 : 0.3105"
"5,4 : 0.3105"
"4,6 : 0.2902"
"6,4 : 0.2902"
"4,7 : 0.644"
"7,4 : 0.644"
"4,8 : 0.3448"
"8,4 : 0.3448"
"4,9 : 0.3105"
"9,4 : 0.3105"
"4,10 : 0.7211"
"10,4 : 0.7211"
"4,11 : 0.0985"
"11,4 : 0.0985"
"4,12 : 0.4826"
"12,4 : 0.4826"
"4,13 : 0.6673"
"13,4 : 0.6673"
"4,14 : 0.3941"
"14,4 : 0.3941"
"4,15 : 0.3808"
"15,4 : 0.3808"
"4,16 : 0.253"
"16,4 : 0.253"
"4,17 : 0.4111"
"17,4 : 0.4111"
"4,18 : 0.4965"
"18,4 : 0.4965"
"4,19 : 0.7628"
"19,4 : 0.7628"
"4,20 : 0.3183"
"20,4 : 0.3183"
"4,21 : 0.483"
"21,4 : 0.483"
"4,22 : 0.7159"
"22,4 : 0.7159"
"4,23 : 0.694"
"23,4 : 0.694"
"4,24 : 0.7245"
"24,4 : 0.7245"
"4,25 : 0.5049"
"25,4 : 0.5049"
"4,26 : 0.4941"
"26,4 : 0.4941"
"4,27 : 0.3922"
"27,4 : 0.3922"
"4,28 : 0.1393"
"28,4 : 0.1393"
"4,29 : 0.0671"
"29,4 : 0.0671"
"4,30 : 0.0447"
"30,4 : 0.0447"
"4,31 : 0.7018"
"31,4 : 0.7018"
"4,32 : 0.5045"
"32,4 : 0.5045"
"4,33 : 0.736"
"33,4 : 0.736"
"4,34 : 0.2807"
"34,4 : 0.2807"
"4,35 : 0.4876"
"35,4 : 0.4876"
"4,36 : 0.4522"
"36,4 : 0.4522"
"4,37 : 0.3711"
"37,4 : 0.3711"
"4,38 : 0.3962"
"38,4 : 0.3962"
"4,39 : 0.3808"
"39,4 : 0.3808"
"4,40 : 0.4801"
"40,4 : 0.4801"
"4,41 : 0.1769"
"41,4 : 0.1769"
"4,42 : 0.5968"
"42,4 : 0.5968"
"4,43 : 0.5148"
"43,4 : 0.5148"
"4,44 : 0.2907"
"44,4 : 0.2907"
"4,45 : 0.1273"
"45,4 : 0.1273"
"4,46 : 0.7428"
"46,4 : 0.7428"
"4,47 : 0.2402"
"47,4 : 0.2402"
"4,48 : 0.4179"
"48,4 : 0.4179"
"4,49 : 0.4875"
"49,4 : 0.4875"
"4,50 : 0.5714"
"50,4 : 0.5714"
"4,51 : 0.4469"
"51,4 : 0.4469"
"4,52 : 0.4534"
"52,4 : 0.4534"
"4,53 : 0.25"
"53,4 : 0.25"
"4,54 : 0.3114"
"54,4 : 0.3114"
"4,55 : 0.3158"
"55,4 : 0.3158"
"4,56 : 0.6139"
"56,4 : 0.6139"
"4,57 : 0.3501"
"57,4 : 0.3501"
"4,58 : 0.2263"
"58,4 : 0.2263"
"4,59 : 0.3413"
"59,4 : 0.3413"
"4,60 : 0.247"
"60,4 : 0.247"
"4,61 : 0.2121"
"61,4 : 0.2121"
"4,62 : 0.2864"
"62,4 : 0.2864"
"4,63 : 0.5404"
"63,4 : 0.5404"
"4,64 : 0.2746"
"64,4 : 0.2746"
"4,65 : 0.13"
"65,4 : 0.13"
"4,66 : 0.2668"
"66,4 : 0.2668"
"4,67 : 0.1628"
"67,4 : 0.1628"
"4,68 : 0.3225"
"68,4 : 0.3225"
"4,69 : 0.536"
"69,4 : 0.536"
"4,70 : 0.6014"
"70,4 : 0.6014"
"4,71 : 0.3536"
"71,4 : 0.3536"
"4,72 : 0.3905"
"72,4 : 0.3905"
"4,73 : 0.333"
"73,4 : 0.333"
"4,74 : 0.7559"
"74,4 : 0.7559"
"4,75 : 0.3183"
"75,4 : 0.3183"
"4,76 : 0.4301"
"76,4 : 0.4301"
"4,77 : 0.2421"
"77,4 : 0.2421"
"4,78 : 0.6223"
"78,4 : 0.6223"
"4,79 : 0.0949"
"79,4 : 0.0949"
"4,80 : 0.4837"
"80,4 : 0.4837"
"4,81 : 0.2631"
"81,4 : 0.2631"
"4,82 : 0.458"
"82,4 : 0.458"
"4,83 : 0.136"
"83,4 : 0.136"
"4,84 : 0.3023"
"84,4 : 0.3023"
"4,85 : 0.5982"
"85,4 : 0.5982"
"4,86 : 0.3895"
"86,4 : 0.3895"
"4,87 : 0.5382"
"87,4 : 0.5382"
"4,88 : 0.4888"
"88,4 : 0.4888"
"4,89 : 0.692"
"89,4 : 0.692"
"4,90 : 0.512"
"90,4 : 0.512"
"4,91 : 0.451"
"91,4 : 0.451"
"4,92 : 0.6129"
"92,4 : 0.6129"
"4,93 : 0.1676"
"93,4 : 0.1676"
"4,94 : 0.7218"
"94,4 : 0.7218"
"4,95 : 0.5412"
"95,4 : 0.5412"
"4,96 : 0.566"
"96,4 : 0.566"
"4,97 : 0.5077"
"97,4 : 0.5077"
"4,98 : 0.3689"
"98,4 : 0.3689"
"4,99 : 0.313"
"99,4 : 0.313"
"5,6 : 0.3581"
"6,5 : 0.3581"
"5,7 : 0.9402"
"7,5 : 0.9402"
"5,8 : 0.5728"
"8,5 : 0.5728"
"5,9 : 0.16"
"9,5 : 0.16"
"5,10 : 0.9552"
"10,5 : 0.9552"
"5,11 : 0.392"
"11,5 : 0.392"
"5,12 : 0.7806"
"12,5 : 0.7806"
"5,13 : 0.9772"
"13,5 : 0.9772"
"5,14 : 0.6932"
"14,5 : 0.6932"
"5,15 : 0.6701"
"15,5 : 0.6701"
"5,16 : 0.5632"
"16,5 : 0.5632"
"5,17 : 0.3536"
"17,5 : 0.3536"
"5,18 : 0.8023"
"18,5 : 0.8023"
"5,19 : 0.9937"
"19,5 : 0.9937"
"5,20 : 0.5412"
"20,5 : 0.5412"
"5,21 : 0.5162"
"21,5 : 0.5162"
"5,22 : 0.9261"
"22,5 : 0.9261"
"5,23 : 0.9211"
"23,5 : 0.9211"
"5,24 : 1.0308"
"24,5 : 1.0308"
"5,25 : 0.4789"
"25,5 : 0.4789"
"5,26 : 0.7308"
"26,5 : 0.7308"
"5,27 : 0.5187"
"27,5 : 0.5187"
"5,28 : 0.214"
"28,5 : 0.214"
"5,29 : 0.2707"
"29,5 : 0.2707"
"5,30 : 0.2668"
"30,5 : 0.2668"
"5,31 : 1.0018"
"31,5 : 1.0018"
"5,32 : 0.7305"
"32,5 : 0.7305"
"5,33 : 1.0308"
"33,5 : 1.0308"
"5,34 : 0.4817"
"34,5 : 0.4817"
"5,35 : 0.7716"
"35,5 : 0.7716"
"5,36 : 0.5345"
"36,5 : 0.5345"
"5,37 : 0.35"
"37,5 : 0.35"
"5,38 : 0.6796"
"38,5 : 0.6796"
"5,39 : 0.6224"
"39,5 : 0.6224"
"5,40 : 0.4941"
"40,5 : 0.4941"
"5,41 : 0.2625"
"41,5 : 0.2625"
"5,42 : 0.8901"
"42,5 : 0.8901"
"5,43 : 0.8228"
"43,5 : 0.8228"
"5,44 : 0.2816"
"44,5 : 0.2816"
"5,45 : 0.2702"
"45,5 : 0.2702"
"5,46 : 0.9437"
"46,5 : 0.9437"
"5,47 : 0.4455"
"47,5 : 0.4455"
"5,48 : 0.4934"
"48,5 : 0.4934"
"5,49 : 0.7948"
"49,5 : 0.7948"
"5,50 : 0.8721"
"50,5 : 0.8721"
"5,51 : 0.2602"
"51,5 : 0.2602"
"5,52 : 0.7443"
"52,5 : 0.7443"
"5,53 : 0.446"
"53,5 : 0.446"
"5,54 : 0.4022"
"54,5 : 0.4022"
"5,55 : 0.0224"
"55,5 : 0.0224"
"5,56 : 0.9014"
"56,5 : 0.9014"
"5,57 : 0.3962"
"57,5 : 0.3962"
"5,58 : 0.1612"
"58,5 : 0.1612"
"5,59 : 0.2419"
"59,5 : 0.2419"
"5,60 : 0.4179"
"60,5 : 0.4179"
"5,61 : 0.2997"
"61,5 : 0.2997"
"5,62 : 0.0283"
"62,5 : 0.0283"
"5,63 : 0.7655"
"63,5 : 0.7655"
"5,64 : 0.0424"
"64,5 : 0.0424"
"5,65 : 0.222"
"65,5 : 0.222"
"5,66 : 0.1456"
"66,5 : 0.1456"
"5,67 : 0.4211"
"67,5 : 0.4211"
"5,68 : 0.2441"
"68,5 : 0.2441"
"5,69 : 0.589"
"69,5 : 0.589"
"5,70 : 0.7961"
"70,5 : 0.7961"
"5,71 : 0.2502"
"71,5 : 0.2502"
"5,72 : 0.33"
"72,5 : 0.33"
"5,73 : 0.1487"
"73,5 : 0.1487"
"5,74 : 1.0069"
"74,5 : 1.0069"
"5,75 : 0.3081"
"75,5 : 0.3081"
"5,76 : 0.4545"
"76,5 : 0.4545"
"5,77 : 0.495"
"77,5 : 0.495"
"5,78 : 0.9044"
"78,5 : 0.9044"
"5,79 : 0.2159"
"79,5 : 0.2159"
"5,80 : 0.5381"
"80,5 : 0.5381"
"5,81 : 0.1265"
"81,5 : 0.1265"
"5,82 : 0.7262"
"82,5 : 0.7262"
"5,83 : 0.3996"
"83,5 : 0.3996"
"5,84 : 0.214"
"84,5 : 0.214"
"5,85 : 0.8919"
"85,5 : 0.8919"
"5,86 : 0.681"
"86,5 : 0.681"
"5,87 : 0.7749"
"87,5 : 0.7749"
"5,88 : 0.6466"
"88,5 : 0.6466"
"5,89 : 0.9862"
"89,5 : 0.9862"
"5,90 : 0.8223"
"90,5 : 0.8223"
"5,91 : 0.6243"
"91,5 : 0.6243"
"5,92 : 0.9124"
"92,5 : 0.9124"
"5,93 : 0.4244"
"93,5 : 0.4244"
"5,94 : 0.9257"
"94,5 : 0.9257"
"5,95 : 0.8516"
"95,5 : 0.8516"
"5,96 : 0.4"
"96,5 : 0.4"
"5,97 : 0.5109"
"97,5 : 0.5109"
"5,98 : 0.5504"
"98,5 : 0.5504"
"5,99 : 0.6203"
"99,5 : 0.6203"
"6,7 : 0.8543"
"7,6 : 0.8543"
"6,8 : 0.6297"
"8,6 : 0.6297"
"6,9 : 0.4701"
"9,6 : 0.4701"
"6,10 : 0.6198"
"10,6 : 0.6198"
"6,11 : 0.2693"
"11,6 : 0.2693"
"6,12 : 0.5456"
"12,6 : 0.5456"
"6,13 : 0.8184"
"13,6 : 0.8184"
"6,14 : 0.6159"
"14,6 : 0.6159"
"6,15 : 0.4294"
"15,6 : 0.4294"
"6,16 : 0.4465"
"16,6 : 0.4465"
"6,17 : 0.1562"
"17,6 : 0.1562"
"6,18 : 0.6877"
"18,6 : 0.6877"
"6,19 : 0.6551"
"19,6 : 0.6551"
"6,20 : 0.2377"
"20,6 : 0.2377"
"6,21 : 0.75"
"21,6 : 0.75"
"6,22 : 0.5787"
"22,6 : 0.5787"
"6,23 : 0.5825"
"23,6 : 0.5825"
"6,24 : 0.8987"
"24,6 : 0.8987"
"6,25 : 0.2184"
"25,6 : 0.2184"
"6,26 : 0.41"
"26,6 : 0.41"
"6,27 : 0.1612"
"27,6 : 0.1612"
"6,28 : 0.3606"
"28,6 : 0.3606"
"6,29 : 0.2309"
"29,6 : 0.2309"
"6,30 : 0.2717"
"30,6 : 0.2717"
"6,31 : 0.8994"
"31,6 : 0.8994"
"6,32 : 0.4011"
"32,6 : 0.4011"
"6,33 : 0.9449"
"33,6 : 0.9449"
"6,34 : 0.5708"
"34,6 : 0.5708"
"6,35 : 0.506"
"35,6 : 0.506"
"6,36 : 0.7316"
"36,6 : 0.7316"
"6,37 : 0.1063"
"37,6 : 0.1063"
"6,38 : 0.644"
"38,6 : 0.644"
"6,39 : 0.6597"
"39,6 : 0.6597"
"6,40 : 0.19"
"40,6 : 0.19"
"6,41 : 0.4272"
"41,6 : 0.4272"
"6,42 : 0.6325"
"42,6 : 0.6325"
"6,43 : 0.6931"
"43,6 : 0.6931"
"6,44 : 0.5239"
"44,6 : 0.5239"
"6,45 : 0.3883"
"45,6 : 0.3883"
"6,46 : 0.5924"
"46,6 : 0.5924"
"6,47 : 0.5304"
"47,6 : 0.5304"
"6,48 : 0.6943"
"48,6 : 0.6943"
"6,49 : 0.6727"
"49,6 : 0.6727"
"6,50 : 0.7747"
"50,6 : 0.7747"
"6,51 : 0.2844"
"51,6 : 0.2844"
"6,52 : 0.686"
"52,6 : 0.686"
"6,53 : 0.5401"
"53,6 : 0.5401"
"6,54 : 0.0447"
"54,6 : 0.0447"
"6,55 : 0.378"
"55,6 : 0.378"
"6,56 : 0.6306"
"56,6 : 0.6306"
"6,57 : 0.06"
"57,6 : 0.06"
"6,58 : 0.1985"
"58,6 : 0.1985"
"6,59 : 0.17"
"59,6 : 0.17"
"6,60 : 0.1166"
"60,6 : 0.1166"
"6,61 : 0.0825"
"61,6 : 0.0825"
"6,62 : 0.3547"
"62,6 : 0.3547"
"6,63 : 0.4329"
"63,6 : 0.4329"
"6,64 : 0.3538"
"64,6 : 0.3538"
"6,65 : 0.3574"
"65,6 : 0.3574"
"6,66 : 0.4301"
"66,6 : 0.4301"
"6,67 : 0.222"
"67,6 : 0.222"
"6,68 : 0.1503"
"68,6 : 0.1503"
"6,69 : 0.2563"
"69,6 : 0.2563"
"6,70 : 0.446"
"70,6 : 0.446"
"6,71 : 0.5492"
"71,6 : 0.5492"
"6,72 : 0.6129"
"72,6 : 0.6129"
"6,73 : 0.25"
"73,6 : 0.25"
"6,74 : 0.6826"
"74,6 : 0.6826"
"6,75 : 0.5554"
"75,6 : 0.5554"
"6,76 : 0.14"
"76,6 : 0.14"
"6,77 : 0.2441"
"77,6 : 0.2441"
"6,78 : 0.8576"
"78,6 : 0.8576"
"6,79 : 0.272"
"79,6 : 0.272"
"6,80 : 0.2025"
"80,6 : 0.2025"
"6,81 : 0.414"
"81,6 : 0.414"
"6,82 : 0.7169"
"82,6 : 0.7169"
"6,83 : 0.423"
"83,6 : 0.423"
"6,84 : 0.1649"
"84,6 : 0.1649"
"6,85 : 0.8161"
"85,6 : 0.8161"
"6,86 : 0.6265"
"86,6 : 0.6265"
"6,87 : 0.4504"
"87,6 : 0.4504"
"6,88 : 0.2907"
"88,6 : 0.2907"
"6,89 : 0.9043"
"89,6 : 0.9043"
"6,90 : 0.6482"
"90,6 : 0.6482"
"6,91 : 0.7411"
"91,6 : 0.7411"
"6,92 : 0.8169"
"92,6 : 0.8169"
"6,93 : 0.454"
"93,6 : 0.454"
"6,94 : 0.5758"
"94,6 : 0.5758"
"6,95 : 0.6888"
"95,6 : 0.6888"
"6,96 : 0.3467"
"96,6 : 0.3467"
"6,97 : 0.7655"
"97,6 : 0.7655"
"6,98 : 0.211"
"98,6 : 0.211"
"6,99 : 0.5187"
"99,6 : 0.5187"
"7,8 : 0.423"
"8,7 : 0.423"
"7,9 : 0.8732"
"9,7 : 0.8732"
"7,10 : 0.7841"
"10,7 : 0.7841"
"7,11 : 0.6011"
"11,7 : 0.6011"
"7,12 : 0.4319"
"12,7 : 0.4319"
"7,13 : 0.1942"
"13,7 : 0.1942"
"7,14 : 0.25"
"14,7 : 0.25"
"7,15 : 0.4934"
"15,7 : 0.4934"
"7,16 : 0.4104"
"16,7 : 0.4104"
"7,17 : 1.0077"
"17,7 : 1.0077"
"7,18 : 0.17"
"18,7 : 0.17"
"7,19 : 0.8174"
"19,7 : 0.8174"
"7,20 : 0.6798"
"20,7 : 0.6798"
"7,21 : 0.7417"
"21,7 : 0.7417"
"7,22 : 0.8502"
"22,7 : 0.8502"
"7,23 : 0.791"
"23,7 : 0.791"
"7,24 : 0.1432"
"24,7 : 0.1432"
"7,25 : 1.0595"
"25,7 : 1.0595"
"7,26 : 0.6807"
"26,7 : 0.6807"
"7,27 : 0.8453"
"27,7 : 0.8453"
"7,28 : 0.729"
"28,7 : 0.729"
"7,29 : 0.7043"
"29,7 : 0.7043"
"7,30 : 0.6882"
"30,7 : 0.6882"
"7,31 : 0.07"
"31,7 : 0.07"
"7,32 : 0.712"
"32,7 : 0.712"
"7,33 : 0.0922"
"33,7 : 0.0922"
"7,34 : 0.5099"
"34,7 : 0.5099"
"7,35 : 0.5124"
"35,7 : 0.5124"
"7,36 : 0.6619"
"36,7 : 0.6619"
"7,37 : 0.959"
"37,7 : 0.959"
"7,38 : 0.2657"
"38,7 : 0.2657"
"7,39 : 0.3712"
"39,7 : 0.3712"
"7,40 : 1.0102"
"40,7 : 1.0102"
"7,41 : 0.7001"
"41,7 : 0.7001"
"7,42 : 0.4752"
"42,7 : 0.4752"
"7,43 : 0.1772"
"43,7 : 0.1772"
"7,44 : 0.764"
"44,7 : 0.764"
"7,45 : 0.6754"
"45,7 : 0.6754"
"7,46 : 0.8902"
"46,7 : 0.8902"
"7,47 : 0.5289"
"47,7 : 0.5289"
"7,48 : 0.6701"
"48,7 : 0.6701"
"7,49 : 0.1879"
"49,7 : 0.1879"
"7,50 : 0.0806"
"50,7 : 0.0806"
"7,51 : 1.0837"
"51,7 : 1.0837"
"7,52 : 0.197"
"52,7 : 0.197"
"7,53 : 0.536"
"53,7 : 0.536"
"7,54 : 0.8463"
"54,7 : 0.8463"
"7,55 : 0.9394"
"55,7 : 0.9394"
"7,56 : 0.5162"
"56,7 : 0.5162"
"7,57 : 0.9021"
"57,7 : 0.9021"
"7,58 : 0.8683"
"58,7 : 0.8683"
"7,59 : 0.969"
"59,7 : 0.969"
"7,60 : 0.7463"
"60,7 : 0.7463"
"7,61 : 0.8066"
"61,7 : 0.8066"
"7,62 : 0.913"
"62,7 : 0.913"
"7,63 : 0.7269"
"63,7 : 0.7269"
"7,64 : 0.8994"
"64,7 : 0.8994"
"7,65 : 0.7201"
"65,7 : 0.7201"
"7,66 : 0.8431"
"66,7 : 0.8431"
"7,67 : 0.6325"
"67,7 : 0.6325"
"7,68 : 0.9476"
"68,7 : 0.9476"
"7,69 : 1.0108"
"69,7 : 1.0108"
"7,70 : 0.8273"
"70,7 : 0.8273"
"7,71 : 0.8562"
"71,7 : 0.8562"
"7,72 : 0.8302"
"72,7 : 0.8302"
"7,73 : 0.9762"
"73,7 : 0.9762"
"7,74 : 0.7453"
"74,7 : 0.7453"
"7,75 : 0.7669"
"75,7 : 0.7669"
"7,76 : 0.968"
"76,7 : 0.968"
"7,77 : 0.6243"
"77,7 : 0.6243"
"7,78 : 0.1"
"78,7 : 0.1"
"7,79 : 0.735"
"79,7 : 0.735"
"7,80 : 0.9753"
"80,7 : 0.9753"
"7,81 : 0.8509"
"81,7 : 0.8509"
"7,82 : 0.2502"
"82,7 : 0.2502"
"7,83 : 0.5412"
"83,7 : 0.5412"
"7,84 : 0.9343"
"84,7 : 0.9343"
"7,85 : 0.051"
"85,7 : 0.051"
"7,86 : 0.2594"
"86,7 : 0.2594"
"7,87 : 0.6946"
"87,7 : 0.6946"
"7,88 : 0.8443"
"88,7 : 0.8443"
"7,89 : 0.05"
"89,7 : 0.05"
"7,90 : 0.2707"
"90,7 : 0.2707"
"7,91 : 0.495"
"91,7 : 0.495"
"7,92 : 0.0412"
"92,7 : 0.0412"
"7,93 : 0.5189"
"93,7 : 0.5189"
"7,94 : 0.8701"
"94,7 : 0.8701"
"7,95 : 0.23"
"95,7 : 0.23"
"7,96 : 1.1883"
"96,7 : 1.1883"
"7,97 : 0.7916"
"97,7 : 0.7916"
"7,98 : 0.7606"
"98,7 : 0.7606"
"7,99 : 0.3394"
"99,7 : 0.3394"
"8,9 : 0.4717"
"9,8 : 0.4717"
"8,10 : 0.8848"
"10,8 : 0.8848"
"8,11 : 0.3701"
"11,8 : 0.3701"
"8,12 : 0.5374"
"12,8 : 0.5374"
"8,13 : 0.5413"
"13,8 : 0.5413"
"8,14 : 0.2417"
"14,8 : 0.2417"
"8,15 : 0.4993"
"15,8 : 0.4993"
"8,16 : 0.2865"
"16,8 : 0.2865"
"8,17 : 0.7558"
"17,8 : 0.7558"
"8,18 : 0.3544"
"18,8 : 0.3544"
"8,19 : 0.9266"
"19,8 : 0.9266"
"8,20 : 0.5727"
"20,8 : 0.5727"
"8,21 : 0.3353"
"21,8 : 0.3353"
"8,22 : 0.913"
"22,8 : 0.913"
"8,23 : 0.8713"
"23,8 : 0.8713"
"8,24 : 0.5501"
"24,8 : 0.5501"
"8,25 : 0.8472"
"25,8 : 0.8472"
"8,26 : 0.6888"
"26,8 : 0.6888"
"8,27 : 0.7006"
"27,8 : 0.7006"
"8,28 : 0.3624"
"28,8 : 0.3624"
"8,29 : 0.4111"
"29,8 : 0.4111"
"8,30 : 0.377"
"30,8 : 0.377"
"8,31 : 0.4925"
"31,8 : 0.4925"
"8,32 : 0.7118"
"32,8 : 0.7118"
"8,33 : 0.5022"
"33,8 : 0.5022"
"8,34 : 0.0943"
"34,8 : 0.0943"
"8,35 : 0.5903"
"35,8 : 0.5903"
"8,36 : 0.26"
"36,8 : 0.26"
"8,37 : 0.7157"
"37,8 : 0.7157"
"8,38 : 0.1746"
"38,8 : 0.1746"
"8,39 : 0.0539"
"39,8 : 0.0539"
"8,40 : 0.8174"
"40,8 : 0.8174"
"8,41 : 0.3114"
"41,8 : 0.3114"
"8,42 : 0.6454"
"42,8 : 0.6454"
"8,43 : 0.389"
"43,8 : 0.389"
"8,44 : 0.3493"
"44,8 : 0.3493"
"8,45 : 0.3061"
"45,8 : 0.3061"
"8,46 : 0.9483"
"46,8 : 0.9483"
"8,47 : 0.1273"
"47,8 : 0.1273"
"8,48 : 0.2571"
"48,8 : 0.2571"
"8,49 : 0.3606"
"49,8 : 0.3606"
"8,50 : 0.3805"
"50,8 : 0.3805"
"8,51 : 0.7752"
"51,8 : 0.7752"
"8,52 : 0.2419"
"52,8 : 0.2419"
"8,53 : 0.1281"
"53,8 : 0.1281"
"8,54 : 0.6438"
"54,8 : 0.6438"
"8,55 : 0.5659"
"55,8 : 0.5659"
"8,56 : 0.6794"
"56,8 : 0.6794"
"8,57 : 0.6888"
"57,8 : 0.6888"
"8,58 : 0.5547"
"58,8 : 0.5547"
"8,59 : 0.6803"
"59,8 : 0.6803"
"8,60 : 0.5601"
"60,8 : 0.5601"
"8,61 : 0.5554"
"61,8 : 0.5554"
"8,62 : 0.5445"
"62,8 : 0.5445"
"8,63 : 0.7425"
"63,8 : 0.7425"
"8,64 : 0.5304"
"64,8 : 0.5304"
"8,65 : 0.3561"
"65,8 : 0.3561"
"8,66 : 0.45"
"66,8 : 0.45"
"8,67 : 0.4405"
"67,8 : 0.4405"
"8,68 : 0.6631"
"68,8 : 0.6631"
"8,69 : 0.8602"
"69,8 : 0.8602"
"8,70 : 0.8301"
"70,8 : 0.8301"
"8,71 : 0.4401"
"71,8 : 0.4401"
"8,72 : 0.4079"
"72,8 : 0.4079"
"8,73 : 0.6519"
"73,8 : 0.6519"
"8,74 : 0.8873"
"74,8 : 0.8873"
"8,75 : 0.3479"
"75,8 : 0.3479"
"8,76 : 0.7679"
"76,8 : 0.7679"
"8,77 : 0.4884"
"77,8 : 0.4884"
"8,78 : 0.3574"
"78,8 : 0.3574"
"8,79 : 0.4071"
"79,8 : 0.4071"
"8,80 : 0.811"
"80,8 : 0.811"
"8,81 : 0.4623"
"81,8 : 0.4623"
"8,82 : 0.1746"
"82,8 : 0.1746"
"8,83 : 0.2088"
"83,8 : 0.2088"
"8,84 : 0.6398"
"84,8 : 0.6398"
"8,85 : 0.3722"
"85,8 : 0.3722"
"8,86 : 0.2025"
"86,8 : 0.2025"
"8,87 : 0.7247"
"87,8 : 0.7247"
"8,88 : 0.7649"
"88,8 : 0.7649"
"8,89 : 0.4589"
"89,8 : 0.4589"
"8,90 : 0.4565"
"90,8 : 0.4565"
"8,91 : 0.1389"
"91,8 : 0.1389"
"8,92 : 0.4101"
"92,8 : 0.4101"
"8,93 : 0.1772"
"93,8 : 0.1772"
"8,94 : 0.9259"
"94,8 : 0.9259"
"8,95 : 0.4569"
"95,8 : 0.4569"
"8,96 : 0.9034"
"96,8 : 0.9034"
"8,97 : 0.3833"
"97,8 : 0.3833"
"8,98 : 0.6478"
"98,8 : 0.6478"
"8,99 : 0.2617"
"99,8 : 0.2617"
"9,10 : 1.02"
"10,9 : 1.02"
"9,11 : 0.408"
"11,9 : 0.408"
"9,12 : 0.7908"
"12,9 : 0.7908"
"9,13 : 0.9405"
"13,9 : 0.9405"
"9,14 : 0.6379"
"14,9 : 0.6379"
"9,15 : 0.6912"
"15,9 : 0.6912"
"9,16 : 0.54"
"16,9 : 0.54"
"9,17 : 0.4998"
"17,9 : 0.4998"
"9,18 : 0.755"
"18,9 : 0.755"
"9,19 : 1.0607"
"19,9 : 1.0607"
"9,20 : 0.6054"
"20,9 : 0.6054"
"9,21 : 0.359"
"21,9 : 0.359"
"9,22 : 1.004"
"22,9 : 1.004"
"9,23 : 0.9898"
"23,9 : 0.9898"
"9,24 : 0.9798"
"24,9 : 0.9798"
"9,25 : 0.6239"
"25,9 : 0.6239"
"9,26 : 0.7918"
"26,9 : 0.7918"
"9,27 : 0.6224"
"27,9 : 0.6224"
"9,28 : 0.1726"
"28,9 : 0.1726"
"9,29 : 0.3041"
"29,9 : 0.3041"
"9,30 : 0.2786"
"30,9 : 0.2786"
"9,31 : 0.9392"
"31,9 : 0.9392"
"9,32 : 0.7976"
"32,9 : 0.7976"
"9,33 : 0.9601"
"33,9 : 0.9601"
"9,34 : 0.3774"
"34,9 : 0.3774"
"9,35 : 0.7981"
"35,9 : 0.7981"
"9,36 : 0.3848"
"36,9 : 0.3848"
"9,37 : 0.4875"
"37,9 : 0.4875"
"9,38 : 0.6075"
"38,9 : 0.6075"
"9,39 : 0.5248"
"39,9 : 0.5248"
"9,40 : 0.6306"
"40,9 : 0.6306"
"9,41 : 0.1746"
"41,9 : 0.1746"
"9,42 : 0.9061"
"42,9 : 0.9061"
"9,43 : 0.7809"
"43,9 : 0.7809"
"9,44 : 0.136"
"44,9 : 0.136"
"9,45 : 0.2102"
"45,9 : 0.2102"
"9,46 : 1.0265"
"46,9 : 1.0265"
"9,47 : 0.3489"
"47,9 : 0.3489"
"9,48 : 0.3444"
"48,9 : 0.3444"
"9,49 : 0.7513"
"49,9 : 0.7513"
"9,50 : 0.8132"
"50,9 : 0.8132"
"9,51 : 0.4201"
"51,9 : 0.4201"
"9,52 : 0.6768"
"52,9 : 0.6768"
"9,53 : 0.3448"
"53,9 : 0.3448"
"9,54 : 0.5109"
"54,9 : 0.5109"
"9,55 : 0.1404"
"55,9 : 0.1404"
"9,56 : 0.9242"
"56,9 : 0.9242"
"9,57 : 0.5187"
"57,9 : 0.5187"
"9,58 : 0.2778"
"58,9 : 0.2778"
"9,59 : 0.389"
"59,9 : 0.389"
"9,60 : 0.4982"
"60,9 : 0.4982"
"9,61 : 0.3962"
"61,9 : 0.3962"
"9,62 : 0.1414"
"62,9 : 0.1414"
"9,63 : 0.8335"
"63,9 : 0.8335"
"9,64 : 0.1334"
"64,9 : 0.1334"
"9,65 : 0.1825"
"65,9 : 0.1825"
"9,66 : 0.0447"
"66,9 : 0.0447"
"9,67 : 0.461"
"67,9 : 0.461"
"9,68 : 0.3863"
"68,9 : 0.3863"
"9,69 : 0.7187"
"69,9 : 0.7187"
"9,70 : 0.8801"
"70,9 : 0.8801"
"9,71 : 0.0906"
"71,9 : 0.0906"
"9,72 : 0.17"
"72,9 : 0.17"
"9,73 : 0.3041"
"73,9 : 0.3041"
"9,74 : 1.061"
"74,9 : 1.061"
"9,75 : 0.1565"
"75,9 : 0.1565"
"9,76 : 0.5867"
"76,9 : 0.5867"
"9,77 : 0.5413"
"77,9 : 0.5413"
"9,78 : 0.8229"
"78,9 : 0.8229"
"9,79 : 0.2371"
"79,9 : 0.2371"
"9,80 : 0.6657"
"80,9 : 0.6657"
"9,81 : 0.0566"
"81,9 : 0.0566"
"9,82 : 0.6395"
"82,9 : 0.6395"
"9,83 : 0.3437"
"83,9 : 0.3437"
"9,84 : 0.3547"
"84,9 : 0.3547"
"9,85 : 0.8228"
"85,9 : 0.8228"
"9,86 : 0.6168"
"86,9 : 0.6168"
"9,87 : 0.8365"
"87,9 : 0.8365"
"9,88 : 0.7433"
"88,9 : 0.7433"
"9,89 : 0.9155"
"89,9 : 0.9155"
"9,90 : 0.8006"
"90,9 : 0.8006"
"9,91 : 0.4958"
"91,9 : 0.4958"
"9,92 : 0.8507"
"92,9 : 0.8507"
"9,93 : 0.359"
"93,9 : 0.359"
"9,94 : 1.0069"
"94,9 : 1.0069"
"9,95 : 0.823"
"95,9 : 0.823"
"9,96 : 0.56"
"96,9 : 0.56"
"9,97 : 0.3513"
"97,9 : 0.3513"
"9,98 : 0.6341"
"98,9 : 0.6341"
"9,99 : 0.5831"
"99,9 : 0.5831"
"10,11 : 0.6243"
"11,10 : 0.6243"
"10,12 : 0.37"
"12,10 : 0.37"
"10,13 : 0.6207"
"13,10 : 0.6207"
"10,14 : 0.6894"
"14,10 : 0.6894"
"10,15 : 0.386"
"15,10 : 0.386"
"10,16 : 0.6"
"16,10 : 0.6"
"10,17 : 0.7301"
"17,10 : 0.7301"
"10,18 : 0.65"
"18,10 : 0.65"
"10,19 : 0.0424"
"19,10 : 0.0424"
"10,20 : 0.4163"
"20,10 : 0.4163"
"10,21 : 1.1667"
"21,10 : 1.1667"
"10,22 : 0.0922"
"22,10 : 0.0922"
"10,23 : 0.0412"
"23,10 : 0.0412"
"10,24 : 0.7217"
"24,10 : 0.7217"
"10,25 : 0.6774"
"25,10 : 0.6774"
"10,26 : 0.2283"
"26,10 : 0.2283"
"10,27 : 0.471"
"27,10 : 0.471"
"10,28 : 0.8576"
"28,10 : 0.8576"
"10,29 : 0.7159"
"29,10 : 0.7159"
"10,30 : 0.7443"
"30,10 : 0.7443"
"10,31 : 0.7801"
"31,10 : 0.7801"
"10,32 : 0.2247"
"32,10 : 0.2247"
"10,33 : 0.8401"
"33,10 : 0.8401"
"10,34 : 0.8938"
"34,10 : 0.8938"
"10,35 : 0.2997"
"35,10 : 0.2997"
"10,36 : 1.112"
"36,10 : 1.112"
"10,37 : 0.6912"
"37,10 : 0.6912"
"10,38 : 0.7649"
"38,10 : 0.7649"
"10,39 : 0.8746"
"39,10 : 0.8746"
"10,40 : 0.6152"
"40,10 : 0.6152"
"10,41 : 0.8963"
"41,10 : 0.8963"
"10,42 : 0.3102"
"42,10 : 0.3102"
"10,43 : 0.6237"
"43,10 : 0.6237"
"10,44 : 1.0102"
"44,10 : 1.0102"
"10,45 : 0.8463"
"45,10 : 0.8463"
"10,46 : 0.1253"
"46,10 : 0.1253"
"10,47 : 0.8705"
"47,10 : 0.8705"
"10,48 : 1.0893"
"48,10 : 1.0893"
"10,49 : 0.6306"
"49,10 : 0.6306"
"10,50 : 0.7201"
"50,10 : 0.7201"
"10,51 : 0.892"
"51,10 : 0.892"
"10,52 : 0.7467"
"52,10 : 0.7467"
"10,53 : 0.8846"
"53,10 : 0.8846"
"10,54 : 0.5771"
"54,10 : 0.5771"
"10,55 : 0.9714"
"55,10 : 0.9714"
"10,56 : 0.27"
"56,10 : 0.27"
"10,57 : 0.612"
"57,10 : 0.612"
"10,58 : 0.797"
"58,10 : 0.797"
"10,59 : 0.7877"
"59,10 : 0.7877"
"10,60 : 0.5376"
"60,10 : 0.5376"
"10,61 : 0.658"
"61,10 : 0.658"
"10,62 : 0.9434"
"62,10 : 0.9434"
"10,63 : 0.1897"
"63,10 : 0.1897"
"10,64 : 0.9378"
"64,10 : 0.9378"
"10,65 : 0.8491"
"65,10 : 0.8491"
"10,66 : 0.9753"
"66,10 : 0.9753"
"10,67 : 0.5608"
"67,10 : 0.5608"
"10,68 : 0.7694"
"68,10 : 0.7694"
"10,69 : 0.536"
"69,10 : 0.536"
"10,70 : 0.1942"
"70,10 : 0.1942"
"10,71 : 1.0738"
"71,10 : 1.0738"
"10,72 : 1.1102"
"72,10 : 1.1102"
"10,73 : 0.8688"
"73,10 : 0.8688"
"10,74 : 0.086"
"74,10 : 0.086"
"10,75 : 1.036"
"75,10 : 1.036"
"10,76 : 0.6107"
"76,10 : 0.6107"
"10,77 : 0.4802"
"77,10 : 0.4802"
"10,78 : 0.8551"
"78,10 : 0.8551"
"10,79 : 0.7829"
"79,10 : 0.7829"
"10,80 : 0.5459"
"80,10 : 0.5459"
"10,81 : 0.966"
"81,10 : 0.966"
"10,82 : 0.8377"
"82,10 : 0.8377"
"10,83 : 0.771"
"83,10 : 0.771"
"10,84 : 0.7845"
"84,10 : 0.7845"
"10,85 : 0.7809"
"85,10 : 0.7809"
"10,86 : 0.7292"
"86,10 : 0.7292"
"10,87 : 0.1836"
"87,10 : 0.1836"
"10,88 : 0.3506"
"88,10 : 0.3506"
"10,89 : 0.8215"
"89,10 : 0.8215"
"10,90 : 0.5197"
"90,10 : 0.5197"
"10,91 : 1.0234"
"91,10 : 1.0234"
"10,92 : 0.7455"
"92,10 : 0.7455"
"10,93 : 0.7849"
"93,10 : 0.7849"
"10,94 : 0.114"
"94,10 : 0.114"
"10,95 : 0.5558"
"95,10 : 0.5558"
"10,96 : 0.9035"
"96,10 : 0.9035"
"10,97 : 1.2024"
"97,10 : 1.2024"
"10,98 : 0.41"
"98,10 : 0.41"
"10,99 : 0.6277"
"99,10 : 0.6277"
"11,12 : 0.3901"
"12,11 : 0.3901"
"11,13 : 0.5993"
"13,11 : 0.5993"
"11,14 : 0.3547"
"14,11 : 0.3547"
"11,15 : 0.2844"
"15,11 : 0.2844"
"11,16 : 0.1921"
"16,11 : 0.1921"
"11,17 : 0.4134"
"17,11 : 0.4134"
"11,18 : 0.442"
"18,11 : 0.442"
"11,19 : 0.6661"
"19,11 : 0.6661"
"11,20 : 0.2302"
"20,11 : 0.2302"
"11,21 : 0.563"
"21,11 : 0.563"
"11,22 : 0.6224"
"22,11 : 0.6224"
"11,23 : 0.5982"
"23,11 : 0.5982"
"11,24 : 0.6657"
"24,11 : 0.6657"
"11,25 : 0.487"
"25,11 : 0.487"
"11,26 : 0.3982"
"26,11 : 0.3982"
"11,27 : 0.3324"
"27,11 : 0.3324"
"11,28 : 0.2377"
"28,11 : 0.2377"
"11,29 : 0.1217"
"29,11 : 0.1217"
"11,30 : 0.1315"
"30,11 : 0.1315"
"11,31 : 0.653"
"31,11 : 0.653"
"11,32 : 0.4104"
"32,11 : 0.4104"
"11,33 : 0.6931"
"33,11 : 0.6931"
"11,34 : 0.3276"
"34,11 : 0.3276"
"11,35 : 0.3905"
"35,11 : 0.3905"
"11,36 : 0.5233"
"36,11 : 0.5233"
"11,37 : 0.3672"
"37,11 : 0.3672"
"11,38 : 0.3759"
"38,11 : 0.3759"
"11,39 : 0.3946"
"39,11 : 0.3946"
"11,40 : 0.4512"
"40,11 : 0.4512"
"11,41 : 0.272"
"41,11 : 0.272"
"11,42 : 0.5025"
"42,11 : 0.5025"
"11,43 : 0.4549"
"43,11 : 0.4549"
"11,44 : 0.386"
"44,11 : 0.386"
"11,45 : 0.222"
"45,11 : 0.222"
"11,46 : 0.6507"
"46,11 : 0.6507"
"11,47 : 0.2912"
"47,11 : 0.2912"
"11,48 : 0.4924"
"48,11 : 0.4924"
"11,49 : 0.4301"
"49,11 : 0.4301"
"11,50 : 0.524"
"50,11 : 0.524"
"11,51 : 0.4841"
"51,11 : 0.4841"
"11,52 : 0.422"
"52,11 : 0.422"
"11,53 : 0.3036"
"53,11 : 0.3036"
"11,54 : 0.2766"
"54,11 : 0.2766"
"11,55 : 0.4005"
"55,11 : 0.4005"
"11,56 : 0.5179"
"56,11 : 0.5179"
"11,57 : 0.3257"
"57,11 : 0.3257"
"11,58 : 0.2773"
"58,11 : 0.2773"
"11,59 : 0.368"
"59,11 : 0.368"
"11,60 : 0.19"
"60,11 : 0.19"
"11,61 : 0.2081"
"61,11 : 0.2081"
"11,62 : 0.3705"
"62,11 : 0.3705"
"11,63 : 0.446"
"63,11 : 0.446"
"11,64 : 0.3601"
"64,11 : 0.3601"
"11,65 : 0.2285"
"65,11 : 0.2285"
"11,66 : 0.364"
"66,11 : 0.364"
"11,67 : 0.0762"
"67,11 : 0.0762"
"11,68 : 0.3466"
"68,11 : 0.3466"
"11,69 : 0.4901"
"69,11 : 0.4901"
"11,70 : 0.5122"
"70,11 : 0.5122"
"11,71 : 0.4518"
"71,11 : 0.4518"
"11,72 : 0.486"
"72,11 : 0.486"
"11,73 : 0.3847"
"73,11 : 0.3847"
"11,74 : 0.6576"
"74,11 : 0.6576"
"11,75 : 0.4123"
"75,11 : 0.4123"
"11,76 : 0.4026"
"76,11 : 0.4026"
"11,77 : 0.1487"
"77,11 : 0.1487"
"11,78 : 0.5941"
"78,11 : 0.5941"
"11,79 : 0.1803"
"79,11 : 0.1803"
"11,80 : 0.441"
"80,11 : 0.441"
"11,81 : 0.359"
"81,11 : 0.359"
"11,82 : 0.4478"
"82,11 : 0.4478"
"11,83 : 0.1772"
"83,11 : 0.1772"
"11,84 : 0.3342"
"84,11 : 0.3342"
"11,85 : 0.559"
"85,11 : 0.559"
"11,86 : 0.3606"
"86,11 : 0.3606"
"11,87 : 0.442"
"87,11 : 0.442"
"11,88 : 0.4123"
"88,11 : 0.4123"
"11,89 : 0.6505"
"89,11 : 0.6505"
"11,90 : 0.4366"
"90,11 : 0.4366"
"11,91 : 0.4937"
"91,11 : 0.4937"
"11,92 : 0.5664"
"92,11 : 0.5664"
"11,93 : 0.204"
"93,11 : 0.204"
"11,94 : 0.6294"
"94,11 : 0.6294"
"11,95 : 0.4701"
"95,11 : 0.4701"
"11,96 : 0.588"
"96,11 : 0.588"
"11,97 : 0.592"
"97,11 : 0.592"
"11,98 : 0.2915"
"98,11 : 0.2915"
"11,99 : 0.2617"
"99,11 : 0.2617"
"12,13 : 0.3089"
"13,12 : 0.3089"
"12,14 : 0.3225"
"14,12 : 0.3225"
"12,15 : 0.117"
"15,12 : 0.117"
"12,16 : 0.2729"
"16,12 : 0.2729"
"12,17 : 0.6984"
"17,12 : 0.6984"
"12,18 : 0.2828"
"18,12 : 0.2828"
"12,19 : 0.4085"
"19,12 : 0.4085"
"12,20 : 0.3162"
"20,12 : 0.3162"
"12,21 : 0.8488"
"21,12 : 0.8488"
"12,22 : 0.4243"
"22,12 : 0.4243"
"12,23 : 0.3688"
"23,12 : 0.3688"
"12,24 : 0.4072"
"24,12 : 0.4072"
"12,25 : 0.7106"
"25,12 : 0.7106"
"12,26 : 0.253"
"26,12 : 0.253"
"12,27 : 0.4742"
"27,12 : 0.4742"
"12,28 : 0.6181"
"28,12 : 0.6181"
"12,29 : 0.5101"
"29,12 : 0.5101"
"12,30 : 0.5209"
"30,12 : 0.5209"
"12,31 : 0.4438"
"31,12 : 0.4438"
"12,32 : 0.2846"
"32,12 : 0.2846"
"12,33 : 0.5022"
"33,12 : 0.5022"
"12,34 : 0.5661"
"34,12 : 0.5661"
"12,35 : 0.0806"
"35,12 : 0.0806"
"12,36 : 0.7841"
"36,12 : 0.7841"
"12,37 : 0.6488"
"37,12 : 0.6488"
"12,38 : 0.3996"
"38,12 : 0.3996"
"12,39 : 0.5186"
"39,12 : 0.5186"
"12,40 : 0.6519"
"40,12 : 0.6519"
"12,41 : 0.6332"
"41,12 : 0.6332"
"12,42 : 0.117"
"42,12 : 0.117"
"12,43 : 0.2602"
"43,12 : 0.2602"
"12,44 : 0.74"
"44,12 : 0.74"
"12,45 : 0.5869"
"45,12 : 0.5869"
"12,46 : 0.4639"
"46,12 : 0.4639"
"12,47 : 0.5523"
"47,12 : 0.5523"
"12,48 : 0.7684"
"48,12 : 0.7684"
"12,49 : 0.2631"
"49,12 : 0.2631"
"12,50 : 0.36"
"50,12 : 0.36"
"12,51 : 0.8228"
"51,12 : 0.8228"
"12,52 : 0.377"
"52,12 : 0.377"
"12,53 : 0.566"
"53,12 : 0.566"
"12,54 : 0.5197"
"54,12 : 0.5197"
"12,55 : 0.7901"
"55,12 : 0.7901"
"12,56 : 0.1442"
"56,12 : 0.1442"
"12,57 : 0.5745"
"57,12 : 0.5745"
"12,58 : 0.6494"
"58,12 : 0.6494"
"12,59 : 0.7023"
"59,12 : 0.7023"
"12,60 : 0.4295"
"60,12 : 0.4295"
"12,61 : 0.5345"
"61,12 : 0.5345"
"12,62 : 0.7601"
"62,12 : 0.7601"
"12,63 : 0.2961"
"63,12 : 0.2961"
"12,64 : 0.75"
"64,12 : 0.75"
"12,65 : 0.6083"
"65,12 : 0.6083"
"12,66 : 0.7481"
"66,12 : 0.7481"
"12,67 : 0.365"
"67,12 : 0.365"
"12,68 : 0.6801"
"68,12 : 0.6801"
"12,69 : 0.6248"
"69,12 : 0.6248"
"12,70 : 0.3962"
"70,12 : 0.3962"
"12,71 : 0.8201"
"71,12 : 0.8201"
"12,72 : 0.8357"
"72,12 : 0.8357"
"12,73 : 0.7495"
"73,12 : 0.7495"
"12,74 : 0.3551"
"74,12 : 0.3551"
"12,75 : 0.7596"
"75,12 : 0.7596"
"12,76 : 0.6201"
"76,12 : 0.6201"
"12,77 : 0.3068"
"77,12 : 0.3068"
"12,78 : 0.4916"
"78,12 : 0.4916"
"12,79 : 0.5704"
"79,12 : 0.5704"
"12,80 : 0.6011"
"80,12 : 0.6011"
"12,81 : 0.7455"
"81,12 : 0.7455"
"12,82 : 0.4696"
"82,12 : 0.4696"
"12,83 : 0.4754"
"83,12 : 0.4754"
"12,84 : 0.6801"
"84,12 : 0.6801"
"12,85 : 0.4201"
"85,12 : 0.4201"
"12,86 : 0.3636"
"86,12 : 0.3636"
"12,87 : 0.2631"
"87,12 : 0.2631"
"12,88 : 0.4357"
"88,12 : 0.4357"
"12,89 : 0.4752"
"89,12 : 0.4752"
"12,90 : 0.1612"
"90,12 : 0.1612"
"12,91 : 0.6727"
"91,12 : 0.6727"
"12,92 : 0.3912"
"92,12 : 0.3912"
"12,93 : 0.4785"
"93,12 : 0.4785"
"12,94 : 0.4428"
"94,12 : 0.4428"
"12,95 : 0.204"
"95,12 : 0.204"
"12,96 : 0.8907"
"96,12 : 0.8907"
"12,97 : 0.8904"
"97,12 : 0.8904"
"12,98 : 0.3821"
"98,12 : 0.3821"
"12,99 : 0.2759"
"99,12 : 0.2759"
"13,14 : 0.3102"
"14,13 : 0.3102"
"13,15 : 0.4046"
"15,13 : 0.4046"
"13,16 : 0.4144"
"16,13 : 0.4144"
"13,17 : 0.9745"
"17,13 : 0.9745"
"13,18 : 0.1903"
"18,13 : 0.1903"
"13,19 : 0.65"
"19,13 : 0.65"
"13,20 : 0.6088"
"20,13 : 0.6088"
"13,21 : 0.8756"
"21,13 : 0.8756"
"13,22 : 0.6958"
"22,13 : 0.6958"
"13,23 : 0.6339"
"23,13 : 0.6339"
"13,24 : 0.102"
"24,13 : 0.102"
