x,y
0.6,0.65
0.32,0.46
0.62,0.11
0.43,0.03
0.96,0.94
0.83,0.72
0.18,0.03
0.54,0.8
0.45,0.09
0.14,0.84
0.04,0.92
0.37,0.92
0.96,0.56
0.24,0.91
0.64,0.7
0.02,0.48
0.7,0.04
0.36,0.38
0.87,0.02
0.13,0.03
0.37,0.04
0.39,0.89
0.86,0.2
0.09,0.31
0.23,0.32
0.39,0.94
0.75,0.42
0.06,0.21
0.8,0.59
0.17,0.39
0.35,0.42
0.3,0.28
0.39,0.32
0.66,0.06
0.33,1.0
0.08,0.57
0.4,0.26
0.68,0.55
0.8,0.14
0.49,0.62
0.51,0.91
0.99,0.34
0.49,0.04
0.16,0.62
0.78,0.75
0.56,0.11
0.93,0.76
0.34,0.16
0.75,0.39
0.34,0.91
0.22,0.34
0.58,0.72
0.3,0.88
0.28,0.7
0.64,0.12
0.2,0.92
0.63,0.27
0.08,0.12
0.25,0.87
0.04,0.79
0.91,0.47
0.83,1.0
0.71,0.42
0.68,0.82
0.7,0.54
0.3,0.14
0.78,0.13
0.85,0.6
0.85,0.99
0.06,0.04
0.66,0.62
0.83,0.76
0.78,0.6
0.23,0.88
0.32,0.59
0.13,0.78
0.35,0.21
0.15,0.35
0.49,0.25
0.83,0.24
0.25,0.92
0.09,0.51
0.09,0.82
0.36,0.85
0.93,0.14
0.71,0.07
0.39,0.33
0.97,0.94
0.39,0.38
0.88,0.49
0.39,0.45
0.88,0.12
0.51,0.16
0.74,0.26
0.74,0.85
0.33,0.23
0.4,0.52
0.76,0.54
0.4,0.75
0.52,0.81

Distanze
"0,1 : 0.3384"
"1,0 : 0.3384"
"0,2 : 0.5404"
"2,0 : 0.5404"
"0,3 : 0.6429"
"3,0 : 0.6429"
"0,4 : 0.4623"
"4,0 : 0.4623"
"0,5 : 0.2404"
"5,0 : 0.2404"
"0,6 : 0.7489"
"6,0 : 0.7489"
"0,7 : 0.1616"
"7,0 : 0.1616"
"0,8 : 0.5797"
"8,0 : 0.5797"
"0,9 : 0.4977"
"9,0 : 0.4977"
"0,10 : 0.6217"
"10,0 : 0.6217"
"0,11 : 0.3547"
"11,0 : 0.3547"
"0,12 : 0.3711"
"12,0 : 0.3711"
"0,13 : 0.4441"
"13,0 : 0.4441"
"0,14 : 0.064"
"14,0 : 0.064"
"0,15 : 0.6044"
"15,0 : 0.6044"
"0,16 : 0.6181"
"16,0 : 0.6181"
"0,17 : 0.3612"
"17,0 : 0.3612"
"0,18 : 0.6854"
"18,0 : 0.6854"
"0,19 : 0.778"
"19,0 : 0.778"
"0,20 : 0.6519"
"20,0 : 0.6519"
"0,21 : 0.3189"
"21,0 : 0.3189"
"0,22 : 0.5197"
"22,0 : 0.5197"
"0,23 : 0.6129"
"23,0 : 0.6129"
"0,24 : 0.4958"
"24,0 : 0.4958"
"0,25 : 0.3581"
"25,0 : 0.3581"
"0,26 : 0.2746"
"26,0 : 0.2746"
"0,27 : 0.6966"
"27,0 : 0.6966"
"0,28 : 0.2088"
"28,0 : 0.2088"
"0,29 : 0.5025"
"29,0 : 0.5025"
"0,30 : 0.3397"
"30,0 : 0.3397"
"0,31 : 0.4763"
"31,0 : 0.4763"
"0,32 : 0.3912"
"32,0 : 0.3912"
"0,33 : 0.593"
"33,0 : 0.593"
"0,34 : 0.442"
"34,0 : 0.442"
"0,35 : 0.5261"
"35,0 : 0.5261"
"0,36 : 0.4383"
"36,0 : 0.4383"
"0,37 : 0.1281"
"37,0 : 0.1281"
"0,38 : 0.5478"
"38,0 : 0.5478"
"0,39 : 0.114"
"39,0 : 0.114"
"0,40 : 0.2751"
"40,0 : 0.2751"
"0,41 : 0.4982"
"41,0 : 0.4982"
"0,42 : 0.6198"
"42,0 : 0.6198"
"0,43 : 0.441"
"43,0 : 0.441"
"0,44 : 0.2059"
"44,0 : 0.2059"
"0,45 : 0.5415"
"45,0 : 0.5415"
"0,46 : 0.3479"
"46,0 : 0.3479"
"0,47 : 0.5547"
"47,0 : 0.5547"
"0,48 : 0.3002"
"48,0 : 0.3002"
"0,49 : 0.3677"
"49,0 : 0.3677"
"0,50 : 0.4904"
"50,0 : 0.4904"
"0,51 : 0.0728"
"51,0 : 0.0728"
"0,52 : 0.378"
"52,0 : 0.378"
"0,53 : 0.3239"
"53,0 : 0.3239"
"0,54 : 0.5315"
"54,0 : 0.5315"
"0,55 : 0.4826"
"55,0 : 0.4826"
"0,56 : 0.3812"
"56,0 : 0.3812"
"0,57 : 0.7425"
"57,0 : 0.7425"
"0,58 : 0.4134"
"58,0 : 0.4134"
"0,59 : 0.5772"
"59,0 : 0.5772"
"0,60 : 0.3585"
"60,0 : 0.3585"
"0,61 : 0.4188"
"61,0 : 0.4188"
"0,62 : 0.255"
"62,0 : 0.255"
"0,63 : 0.1879"
"63,0 : 0.1879"
"0,64 : 0.1487"
"64,0 : 0.1487"
"0,65 : 0.5917"
"65,0 : 0.5917"
"0,66 : 0.5503"
"66,0 : 0.5503"
"0,67 : 0.255"
"67,0 : 0.255"
"0,68 : 0.422"
"68,0 : 0.422"
"0,69 : 0.8147"
"69,0 : 0.8147"
"0,70 : 0.0671"
"70,0 : 0.0671"
"0,71 : 0.255"
"71,0 : 0.255"
"0,72 : 0.1868"
"72,0 : 0.1868"
"0,73 : 0.4357"
"73,0 : 0.4357"
"0,74 : 0.2864"
"74,0 : 0.2864"
"0,75 : 0.4876"
"75,0 : 0.4876"
"0,76 : 0.5061"
"76,0 : 0.5061"
"0,77 : 0.5408"
"77,0 : 0.5408"
"0,78 : 0.4148"
"78,0 : 0.4148"
"0,79 : 0.4701"
"79,0 : 0.4701"
"0,80 : 0.442"
"80,0 : 0.442"
"0,81 : 0.5289"
"81,0 : 0.5289"
"0,82 : 0.5376"
"82,0 : 0.5376"
"0,83 : 0.3124"
"83,0 : 0.3124"
"0,84 : 0.6075"
"84,0 : 0.6075"
"0,85 : 0.5903"
"85,0 : 0.5903"
"0,86 : 0.3828"
"86,0 : 0.3828"
"0,87 : 0.4701"
"87,0 : 0.4701"
"0,88 : 0.3421"
"88,0 : 0.3421"
"0,89 : 0.3225"
"89,0 : 0.3225"
"0,90 : 0.29"
"90,0 : 0.29"
"0,91 : 0.5994"
"91,0 : 0.5994"
"0,92 : 0.4982"
"92,0 : 0.4982"
"0,93 : 0.4144"
"93,0 : 0.4144"
"0,94 : 0.2441"
"94,0 : 0.2441"
"0,95 : 0.4993"
"95,0 : 0.4993"
"0,96 : 0.2385"
"96,0 : 0.2385"
"0,97 : 0.1942"
"97,0 : 0.1942"
"0,98 : 0.2236"
"98,0 : 0.2236"
"0,99 : 0.1789"
"99,0 : 0.1789"
"1,2 : 0.461"
"2,1 : 0.461"
"1,3 : 0.4438"
"3,1 : 0.4438"
"1,4 : 0.8"
"4,1 : 0.8"
"1,5 : 0.5725"
"5,1 : 0.5725"
"1,6 : 0.4522"
"6,1 : 0.4522"
"1,7 : 0.405"
"7,1 : 0.405"
"1,8 : 0.3922"
"8,1 : 0.3922"
"1,9 : 0.4205"
"9,1 : 0.4205"
"1,10 : 0.5385"
"10,1 : 0.5385"
"1,11 : 0.4627"
"11,1 : 0.4627"
"1,12 : 0.6478"
"12,1 : 0.6478"
"1,13 : 0.4571"
"13,1 : 0.4571"
"1,14 : 0.4"
"14,1 : 0.4"
"1,15 : 0.3007"
"15,1 : 0.3007"
"1,16 : 0.5664"
"16,1 : 0.5664"
"1,17 : 0.0894"
"17,1 : 0.0894"
"1,18 : 0.7043"
"18,1 : 0.7043"
"1,19 : 0.4701"
"19,1 : 0.4701"
"1,20 : 0.423"
"20,1 : 0.423"
"1,21 : 0.4357"
"21,1 : 0.4357"
"1,22 : 0.5993"
"22,1 : 0.5993"
"1,23 : 0.2746"
"23,1 : 0.2746"
"1,24 : 0.1664"
"24,1 : 0.1664"
"1,25 : 0.4851"
"25,1 : 0.4851"
"1,26 : 0.4319"
"26,1 : 0.4319"
"1,27 : 0.3607"
"27,1 : 0.3607"
"1,28 : 0.4973"
"28,1 : 0.4973"
"1,29 : 0.1655"
"29,1 : 0.1655"
"1,30 : 0.05"
"30,1 : 0.05"
"1,31 : 0.1811"
"31,1 : 0.1811"
"1,32 : 0.1565"
"32,1 : 0.1565"
"1,33 : 0.525"
"33,1 : 0.525"
"1,34 : 0.5401"
"34,1 : 0.5401"
"1,35 : 0.264"
"35,1 : 0.264"
"1,36 : 0.2154"
"36,1 : 0.2154"
"1,37 : 0.3711"
"37,1 : 0.3711"
"1,38 : 0.5769"
"38,1 : 0.5769"
"1,39 : 0.2335"
"39,1 : 0.2335"
"1,40 : 0.4885"
"40,1 : 0.4885"
"1,41 : 0.6807"
"41,1 : 0.6807"
"1,42 : 0.4531"
"42,1 : 0.4531"
"1,43 : 0.2263"
"43,1 : 0.2263"
"1,44 : 0.5438"
"44,1 : 0.5438"
"1,45 : 0.4244"
"45,1 : 0.4244"
"1,46 : 0.6798"
"46,1 : 0.6798"
"1,47 : 0.3007"
"47,1 : 0.3007"
"1,48 : 0.4357"
"48,1 : 0.4357"
"1,49 : 0.4504"
"49,1 : 0.4504"
"1,50 : 0.1562"
"50,1 : 0.1562"
"1,51 : 0.3677"
"51,1 : 0.3677"
"1,52 : 0.4205"
"52,1 : 0.4205"
"1,53 : 0.2433"
"53,1 : 0.2433"
"1,54 : 0.4669"
"54,1 : 0.4669"
"1,55 : 0.4754"
"55,1 : 0.4754"
"1,56 : 0.3636"
"56,1 : 0.3636"
"1,57 : 0.4162"
"57,1 : 0.4162"
"1,58 : 0.4159"
"58,1 : 0.4159"
"1,59 : 0.4328"
"59,1 : 0.4328"
"1,60 : 0.5901"
"60,1 : 0.5901"
"1,61 : 0.7428"
"61,1 : 0.7428"
"1,62 : 0.392"
"62,1 : 0.392"
"1,63 : 0.5091"
"63,1 : 0.5091"
"1,64 : 0.3883"
"64,1 : 0.3883"
"1,65 : 0.3206"
"65,1 : 0.3206"
"1,66 : 0.5661"
"66,1 : 0.5661"
"1,67 : 0.5482"
"67,1 : 0.5482"
"1,68 : 0.7495"
"68,1 : 0.7495"
"1,69 : 0.494"
"69,1 : 0.494"
"1,70 : 0.3758"
"70,1 : 0.3758"
"1,71 : 0.5917"
"71,1 : 0.5917"
"1,72 : 0.4808"
"72,1 : 0.4808"
"1,73 : 0.4295"
"73,1 : 0.4295"
"1,74 : 0.13"
"74,1 : 0.13"
"1,75 : 0.3722"
"75,1 : 0.3722"
"1,76 : 0.2518"
"76,1 : 0.2518"
"1,77 : 0.2025"
"77,1 : 0.2025"
"1,78 : 0.2702"
"78,1 : 0.2702"
"1,79 : 0.5554"
"79,1 : 0.5554"
"1,80 : 0.4653"
"80,1 : 0.4653"
"1,81 : 0.2354"
"81,1 : 0.2354"
"1,82 : 0.4272"
"82,1 : 0.4272"
"1,83 : 0.392"
"83,1 : 0.392"
"1,84 : 0.6888"
"84,1 : 0.6888"
"1,85 : 0.5515"
"85,1 : 0.5515"
"1,86 : 0.1476"
"86,1 : 0.1476"
"1,87 : 0.808"
"87,1 : 0.808"
"1,88 : 0.1063"
"88,1 : 0.1063"
"1,89 : 0.5608"
"89,1 : 0.5608"
"1,90 : 0.0707"
"90,1 : 0.0707"
"1,91 : 0.6551"
"91,1 : 0.6551"
"1,92 : 0.3551"
"92,1 : 0.3551"
"1,93 : 0.4652"
"93,1 : 0.4652"
"1,94 : 0.5731"
"94,1 : 0.5731"
"1,95 : 0.2302"
"95,1 : 0.2302"
"1,96 : 0.1"
"96,1 : 0.1"
"1,97 : 0.4472"
"97,1 : 0.4472"
"1,98 : 0.3008"
"98,1 : 0.3008"
"1,99 : 0.4031"
"99,1 : 0.4031"
"2,3 : 0.2062"
"3,2 : 0.2062"
"2,4 : 0.8969"
"4,2 : 0.8969"
"2,5 : 0.6451"
"5,2 : 0.6451"
"2,6 : 0.4472"
"6,2 : 0.4472"
"2,7 : 0.6946"
"7,2 : 0.6946"
"2,8 : 0.1712"
"8,2 : 0.1712"
"2,9 : 0.8737"
"9,2 : 0.8737"
"2,10 : 0.9962"
"10,2 : 0.9962"
"2,11 : 0.8477"
"11,2 : 0.8477"
"2,12 : 0.564"
"12,2 : 0.564"
"2,13 : 0.8857"
"13,2 : 0.8857"
"2,14 : 0.5903"
"14,2 : 0.5903"
"2,15 : 0.7049"
"15,2 : 0.7049"
"2,16 : 0.1063"
"16,2 : 0.1063"
"2,17 : 0.3748"
"17,2 : 0.3748"
"2,18 : 0.2657"
"18,2 : 0.2657"
"2,19 : 0.4965"
"19,2 : 0.4965"
"2,20 : 0.2596"
"20,2 : 0.2596"
"2,21 : 0.8132"
"21,2 : 0.8132"
"2,22 : 0.2563"
"22,2 : 0.2563"
"2,23 : 0.5665"
"23,2 : 0.5665"
"2,24 : 0.4429"
"24,2 : 0.4429"
"2,25 : 0.8613"
"25,2 : 0.8613"
"2,26 : 0.3362"
"26,2 : 0.3362"
"2,27 : 0.5689"
"27,2 : 0.5689"
"2,28 : 0.5126"
"28,2 : 0.5126"
"2,29 : 0.53"
"29,2 : 0.53"
"2,30 : 0.4111"
"30,2 : 0.4111"
"2,31 : 0.3624"
"31,2 : 0.3624"
"2,32 : 0.3114"
"32,2 : 0.3114"
"2,33 : 0.064"
"33,2 : 0.064"
"2,34 : 0.9361"
"34,2 : 0.9361"
"2,35 : 0.7094"
"35,2 : 0.7094"
"2,36 : 0.2663"
"36,2 : 0.2663"
"2,37 : 0.4441"
"37,2 : 0.4441"
"2,38 : 0.1825"
"38,2 : 0.1825"
"2,39 : 0.5263"
"39,2 : 0.5263"
"2,40 : 0.8075"
"40,2 : 0.8075"
"2,41 : 0.4357"
"41,2 : 0.4357"
"2,42 : 0.1476"
"42,2 : 0.1476"
"2,43 : 0.6868"
"43,2 : 0.6868"
"2,44 : 0.6597"
"44,2 : 0.6597"
"2,45 : 0.06"
"45,2 : 0.06"
"2,46 : 0.7201"
"46,2 : 0.7201"
"2,47 : 0.2844"
"47,2 : 0.2844"
"2,48 : 0.3087"
"48,2 : 0.3087"
"2,49 : 0.8476"
"49,2 : 0.8476"
"2,50 : 0.4614"
"50,2 : 0.4614"
"2,51 : 0.6113"
"51,2 : 0.6113"
"2,52 : 0.8338"
"52,2 : 0.8338"
"2,53 : 0.681"
"53,2 : 0.681"
"2,54 : 0.0224"
"54,2 : 0.0224"
"2,55 : 0.9124"
"55,2 : 0.9124"
"2,56 : 0.1603"
"56,2 : 0.1603"
"2,57 : 0.5401"
"57,2 : 0.5401"
"2,58 : 0.8453"
"58,2 : 0.8453"
"2,59 : 0.8938"
"59,2 : 0.8938"
"2,60 : 0.4623"
"60,2 : 0.4623"
"2,61 : 0.9144"
"61,2 : 0.9144"
"2,62 : 0.3228"
"62,2 : 0.3228"
"2,63 : 0.7125"
"63,2 : 0.7125"
"2,64 : 0.4374"
"64,2 : 0.4374"
"2,65 : 0.3214"
"65,2 : 0.3214"
"2,66 : 0.1612"
"66,2 : 0.1612"
"2,67 : 0.5413"
"67,2 : 0.5413"
"2,68 : 0.9096"
"68,2 : 0.9096"
"2,69 : 0.5644"
"69,2 : 0.5644"
"2,70 : 0.5116"
"70,2 : 0.5116"
"2,71 : 0.6831"
"71,2 : 0.6831"
"2,72 : 0.5155"
"72,2 : 0.5155"
"2,73 : 0.8631"
"73,2 : 0.8631"
"2,74 : 0.566"
"74,2 : 0.566"
"2,75 : 0.8301"
"75,2 : 0.8301"
"2,76 : 0.2879"
"76,2 : 0.2879"
"2,77 : 0.5277"
"77,2 : 0.5277"
"2,78 : 0.191"
"78,2 : 0.191"
"2,79 : 0.247"
"79,2 : 0.247"
"2,80 : 0.8905"
"80,2 : 0.8905"
"2,81 : 0.664"
"81,2 : 0.664"
"2,82 : 0.886"
"82,2 : 0.886"
"2,83 : 0.7843"
"83,2 : 0.7843"
"2,84 : 0.3114"
"84,2 : 0.3114"
"2,85 : 0.0985"
"85,2 : 0.0985"
"2,86 : 0.3183"
"86,2 : 0.3183"
"2,87 : 0.9008"
"87,2 : 0.9008"
"2,88 : 0.3547"
"88,2 : 0.3547"
"2,89 : 0.4604"
"89,2 : 0.4604"
"2,90 : 0.4105"
"90,2 : 0.4105"
"2,91 : 0.2602"
"91,2 : 0.2602"
"2,92 : 0.1208"
"92,2 : 0.1208"
"2,93 : 0.1921"
"93,2 : 0.1921"
"2,94 : 0.7497"
"94,2 : 0.7497"
"2,95 : 0.3138"
"95,2 : 0.3138"
"2,96 : 0.4653"
"96,2 : 0.4653"
"2,97 : 0.4522"
"97,2 : 0.4522"
"2,98 : 0.6768"
"98,2 : 0.6768"
"2,99 : 0.7071"
"99,2 : 0.7071"
"3,4 : 1.0531"
"4,3 : 1.0531"
"3,5 : 0.7976"
"5,3 : 0.7976"
"3,6 : 0.25"
"6,3 : 0.25"
"3,7 : 0.7778"
"7,3 : 0.7778"
"3,8 : 0.0632"
"8,3 : 0.0632"
"3,9 : 0.8603"
"9,3 : 0.8603"
"3,10 : 0.9717"
"10,3 : 0.9717"
"3,11 : 0.892"
"11,3 : 0.892"
"3,12 : 0.7495"
"12,3 : 0.7495"
"3,13 : 0.9003"
"13,3 : 0.9003"
"3,14 : 0.7021"
"14,3 : 0.7021"
"3,15 : 0.6088"
"15,3 : 0.6088"
"3,16 : 0.2702"
"16,3 : 0.2702"
"3,17 : 0.3569"
"17,3 : 0.3569"
"3,18 : 0.4401"
"18,3 : 0.4401"
"3,19 : 0.3"
"19,3 : 0.3"
"3,20 : 0.0608"
"20,3 : 0.0608"
"3,21 : 0.8609"
"21,3 : 0.8609"
"3,22 : 0.4624"
"22,3 : 0.4624"
"3,23 : 0.4405"
"23,3 : 0.4405"
"3,24 : 0.3523"
"24,3 : 0.3523"
"3,25 : 0.9109"
"25,3 : 0.9109"
"3,26 : 0.5045"
"26,3 : 0.5045"
"3,27 : 0.4115"
"27,3 : 0.4115"
"3,28 : 0.6712"
"28,3 : 0.6712"
"3,29 : 0.4441"
"29,3 : 0.4441"
"3,30 : 0.3981"
"30,3 : 0.3981"
"3,31 : 0.2818"
"31,3 : 0.2818"
"3,32 : 0.2927"
"32,3 : 0.2927"
"3,33 : 0.2319"
"33,3 : 0.2319"
"3,34 : 0.9751"
"34,3 : 0.9751"
"3,35 : 0.6435"
"35,3 : 0.6435"
"3,36 : 0.2319"
"36,3 : 0.2319"
"3,37 : 0.577"
"37,3 : 0.577"
"3,38 : 0.386"
"38,3 : 0.386"
"3,39 : 0.593"
"39,3 : 0.593"
"3,40 : 0.8836"
"40,3 : 0.8836"
"3,41 : 0.6401"
"41,3 : 0.6401"
"3,42 : 0.0608"
"42,3 : 0.0608"
"3,43 : 0.6488"
"43,3 : 0.6488"
"3,44 : 0.8006"
"44,3 : 0.8006"
"3,45 : 0.1526"
"45,3 : 0.1526"
"3,46 : 0.8848"
"46,3 : 0.8848"
"3,47 : 0.1581"
"47,3 : 0.1581"
"3,48 : 0.4817"
"48,3 : 0.4817"
"3,49 : 0.8846"
"49,3 : 0.8846"
"3,50 : 0.3744"
"50,3 : 0.3744"
"3,51 : 0.7061"
"51,3 : 0.7061"
"3,52 : 0.8599"
"52,3 : 0.8599"
"3,53 : 0.6866"
"53,3 : 0.6866"
"3,54 : 0.2285"
"54,3 : 0.2285"
"3,55 : 0.9192"
"55,3 : 0.9192"
"3,56 : 0.3124"
"56,3 : 0.3124"
"3,57 : 0.3614"
"57,3 : 0.3614"
"3,58 : 0.8591"
"58,3 : 0.8591"
"3,59 : 0.8542"
"59,3 : 0.8542"
"3,60 : 0.6512"
"60,3 : 0.6512"
"3,61 : 1.0492"
"61,3 : 1.0492"
"3,62 : 0.4801"
"62,3 : 0.4801"
"3,63 : 0.8286"
"63,3 : 0.8286"
"3,64 : 0.5771"
"64,3 : 0.5771"
"3,65 : 0.1703"
"65,3 : 0.1703"
"3,66 : 0.364"
"66,3 : 0.364"
"3,67 : 0.708"
"67,3 : 0.708"
"3,68 : 1.0479"
"68,3 : 1.0479"
"3,69 : 0.3701"
"69,3 : 0.3701"
"3,70 : 0.6332"
"70,3 : 0.6332"
"3,71 : 0.8324"
"71,3 : 0.8324"
"3,72 : 0.6689"
"72,3 : 0.6689"
"3,73 : 0.8732"
"73,3 : 0.8732"
"3,74 : 0.5707"
"74,3 : 0.5707"
"3,75 : 0.8078"
"75,3 : 0.8078"
"3,76 : 0.197"
"76,3 : 0.197"
"3,77 : 0.4252"
"77,3 : 0.4252"
"3,78 : 0.228"
"78,3 : 0.228"
"3,79 : 0.4518"
"79,3 : 0.4518"
"3,80 : 0.908"
"80,3 : 0.908"
"3,81 : 0.5882"
"81,3 : 0.5882"
"3,82 : 0.8601"
"82,3 : 0.8601"
"3,83 : 0.823"
"83,3 : 0.823"
"3,84 : 0.512"
"84,3 : 0.512"
"3,85 : 0.2828"
"85,3 : 0.2828"
"3,86 : 0.3027"
"86,3 : 0.3027"
"3,87 : 1.0582"
"87,3 : 1.0582"
"3,88 : 0.3523"
"88,3 : 0.3523"
"3,89 : 0.6435"
"89,3 : 0.6435"
"3,90 : 0.4219"
"90,3 : 0.4219"
"3,91 : 0.4589"
"91,3 : 0.4589"
"3,92 : 0.1526"
"92,3 : 0.1526"
"3,93 : 0.386"
"93,3 : 0.386"
"3,94 : 0.8766"
"94,3 : 0.8766"
"3,95 : 0.2236"
"95,3 : 0.2236"
"3,96 : 0.4909"
"96,3 : 0.4909"
"3,97 : 0.6075"
"97,3 : 0.6075"
"3,98 : 0.7206"
"98,3 : 0.7206"
"3,99 : 0.7852"
"99,3 : 0.7852"
"4,5 : 0.2555"
"5,4 : 0.2555"
"4,6 : 1.1985"
"6,4 : 1.1985"
"4,7 : 0.4427"
"7,4 : 0.4427"
"4,8 : 0.9913"
"8,4 : 0.9913"
"4,9 : 0.8261"
"9,4 : 0.8261"
"4,10 : 0.9202"
"10,4 : 0.9202"
"4,11 : 0.5903"
"11,4 : 0.5903"
"4,12 : 0.38"
"12,4 : 0.38"
"4,13 : 0.7206"
"13,4 : 0.7206"
"4,14 : 0.4"
"14,4 : 0.4"
"4,15 : 1.0465"
"15,4 : 1.0465"
"4,16 : 0.9368"
"16,4 : 0.9368"
"4,17 : 0.8207"
"17,4 : 0.8207"
"4,18 : 0.9244"
"18,4 : 0.9244"
"4,19 : 1.2317"
"19,4 : 1.2317"
"4,20 : 1.0762"
"20,4 : 1.0762"
"4,21 : 0.5722"
"21,4 : 0.5722"
"4,22 : 0.7467"
"22,4 : 0.7467"
"4,23 : 1.0742"
"23,4 : 1.0742"
"4,24 : 0.9578"
"24,4 : 0.9578"
"4,25 : 0.57"
"25,4 : 0.57"
"4,26 : 0.5608"
"26,4 : 0.5608"
"4,27 : 1.1588"
"27,4 : 1.1588"
"4,28 : 0.3848"
"28,4 : 0.3848"
"4,29 : 0.9626"
"29,4 : 0.9626"
"4,30 : 0.8016"
"30,4 : 0.8016"
"4,31 : 0.9334"
"31,4 : 0.9334"
"4,32 : 0.8422"
"32,4 : 0.8422"
"4,33 : 0.9297"
"33,4 : 0.9297"
"4,34 : 0.6329"
"34,4 : 0.6329"
"4,35 : 0.9546"
"35,4 : 0.9546"
"4,36 : 0.8809"
"36,4 : 0.8809"
"4,37 : 0.4801"
"37,4 : 0.4801"
"4,38 : 0.8158"
"38,4 : 0.8158"
"4,39 : 0.5686"
"39,4 : 0.5686"
"4,40 : 0.451"
"40,4 : 0.451"
"4,41 : 0.6007"
"41,4 : 0.6007"
"4,42 : 1.0153"
"42,4 : 1.0153"
"4,43 : 0.8616"
"43,4 : 0.8616"
"4,44 : 0.2617"
"44,4 : 0.2617"
"4,45 : 0.9214"
"45,4 : 0.9214"
"4,46 : 0.1825"
"46,4 : 0.1825"
"4,47 : 0.9964"
"47,4 : 0.9964"
"4,48 : 0.5887"
"48,4 : 0.5887"
"4,49 : 0.6207"
"49,4 : 0.6207"
"4,50 : 0.9527"
"50,4 : 0.9527"
"4,51 : 0.4391"
"51,4 : 0.4391"
"4,52 : 0.6627"
"52,4 : 0.6627"
"4,53 : 0.7211"
"53,4 : 0.7211"
"4,54 : 0.8802"
"54,4 : 0.8802"
"4,55 : 0.7603"
"55,4 : 0.7603"
"4,56 : 0.7469"
"56,4 : 0.7469"
"4,57 : 1.2028"
"57,4 : 1.2028"
"4,58 : 0.7134"
"58,4 : 0.7134"
"4,59 : 0.9321"
"59,4 : 0.9321"
"4,60 : 0.4727"
"60,4 : 0.4727"
"4,61 : 0.1432"
"61,4 : 0.1432"
"4,62 : 0.577"
"62,4 : 0.577"
"4,63 : 0.3046"
"63,4 : 0.3046"
"4,64 : 0.4771"
"64,4 : 0.4771"
"4,65 : 1.0371"
"65,4 : 1.0371"
"4,66 : 0.8298"
"66,4 : 0.8298"
"4,67 : 0.3574"
"67,4 : 0.3574"
"4,68 : 0.1208"
"68,4 : 0.1208"
"4,69 : 1.2728"
"69,4 : 1.2728"
"4,70 : 0.4386"
"70,4 : 0.4386"
"4,71 : 0.222"
"71,4 : 0.222"
"4,72 : 0.3847"
"72,4 : 0.3847"
"4,73 : 0.7325"
"73,4 : 0.7325"
"4,74 : 0.7295"
"74,4 : 0.7295"
"4,75 : 0.8453"
"75,4 : 0.8453"
"4,76 : 0.9513"
"76,4 : 0.9513"
"4,77 : 1.0021"
"77,4 : 1.0021"
"4,78 : 0.8349"
"78,4 : 0.8349"
"4,79 : 0.712"
"79,4 : 0.712"
"4,80 : 0.7103"
"80,4 : 0.7103"
"4,81 : 0.9705"
"81,4 : 0.9705"
"4,82 : 0.8782"
"82,4 : 0.8782"
"4,83 : 0.6067"
"83,4 : 0.6067"
"4,84 : 0.8006"
"84,4 : 0.8006"
"4,85 : 0.9052"
"85,4 : 0.9052"
"4,86 : 0.8349"
"86,4 : 0.8349"
"4,87 : 0.01"
"87,4 : 0.01"
"4,88 : 0.7991"
"88,4 : 0.7991"
"4,89 : 0.4571"
"89,4 : 0.4571"
"4,90 : 0.7517"
"90,4 : 0.7517"
"4,91 : 0.8239"
"91,4 : 0.8239"
"4,92 : 0.9005"
"92,4 : 0.9005"
"4,93 : 0.7147"
"93,4 : 0.7147"
"4,94 : 0.2377"
"94,4 : 0.2377"
"4,95 : 0.9492"
"95,4 : 0.9492"
"4,96 : 0.7"
"96,4 : 0.7"
"4,97 : 0.4472"
"97,4 : 0.4472"
"4,98 : 0.5914"
"98,4 : 0.5914"
"4,99 : 0.4588"
"99,4 : 0.4588"
"5,6 : 0.9479"
"6,5 : 0.9479"
"5,7 : 0.3008"
"7,5 : 0.3008"
"5,8 : 0.7357"
"8,5 : 0.7357"
"5,9 : 0.7004"
"9,5 : 0.7004"
"5,10 : 0.8149"
"10,5 : 0.8149"
"5,11 : 0.5016"
"11,5 : 0.5016"
"5,12 : 0.2062"
"12,5 : 0.2062"
"5,13 : 0.6198"
"13,5 : 0.6198"
"5,14 : 0.191"
"14,5 : 0.191"
"5,15 : 0.8448"
"15,5 : 0.8448"
"5,16 : 0.6923"
"16,5 : 0.6923"
"5,17 : 0.5801"
"17,5 : 0.5801"
"5,18 : 0.7011"
"18,5 : 0.7011"
"5,19 : 0.9829"
"19,5 : 0.9829"
"5,20 : 0.821"
"20,5 : 0.821"
"5,21 : 0.4717"
"21,5 : 0.4717"
"5,22 : 0.5209"
"22,5 : 0.5209"
"5,23 : 0.846"
"23,5 : 0.846"
"5,24 : 0.7211"
"24,5 : 0.7211"
"5,25 : 0.4919"
"25,5 : 0.4919"
"5,26 : 0.3105"
"26,5 : 0.3105"
"5,27 : 0.9236"
"27,5 : 0.9236"
"5,28 : 0.1334"
"28,5 : 0.1334"
"5,29 : 0.7379"
"29,5 : 0.7379"
"5,30 : 0.566"
"30,5 : 0.566"
"5,31 : 0.6888"
"31,5 : 0.6888"
"5,32 : 0.5946"
"32,5 : 0.5946"
"5,33 : 0.6815"
"33,5 : 0.6815"
"5,34 : 0.5731"
"34,5 : 0.5731"
"5,35 : 0.7649"
"35,5 : 0.7649"
"5,36 : 0.6297"
"36,5 : 0.6297"
"5,37 : 0.2267"
"37,5 : 0.2267"
"5,38 : 0.5808"
"38,5 : 0.5808"
"5,39 : 0.3544"
"39,5 : 0.3544"
"5,40 : 0.3722"
"40,5 : 0.3722"
"5,41 : 0.4123"
"41,5 : 0.4123"
"5,42 : 0.7603"
"42,5 : 0.7603"
"5,43 : 0.6774"
"43,5 : 0.6774"
"5,44 : 0.0583"
"44,5 : 0.0583"
"5,45 : 0.6671"
"45,5 : 0.6671"
"5,46 : 0.1077"
"46,5 : 0.1077"
"5,47 : 0.7441"
"47,5 : 0.7441"
"5,48 : 0.3396"
"48,5 : 0.3396"
"5,49 : 0.5255"
"49,5 : 0.5255"
"5,50 : 0.7187"
"50,5 : 0.7187"
"5,51 : 0.25"
"51,5 : 0.25"
"5,52 : 0.5536"
"52,5 : 0.5536"
"5,53 : 0.5504"
"53,5 : 0.5504"
"5,54 : 0.6294"
"54,5 : 0.6294"
"5,55 : 0.661"
"55,5 : 0.661"
"5,56 : 0.4924"
"56,5 : 0.4924"
"5,57 : 0.9605"
"57,5 : 0.9605"
"5,58 : 0.5991"
"58,5 : 0.5991"
"5,59 : 0.7931"
"59,5 : 0.7931"
"5,60 : 0.2625"
"60,5 : 0.2625"
"5,61 : 0.28"
"61,5 : 0.28"
"5,62 : 0.3231"
"62,5 : 0.3231"
"5,63 : 0.1803"
"63,5 : 0.1803"
"5,64 : 0.222"
"64,5 : 0.222"
"5,65 : 0.7857"
"65,5 : 0.7857"
"5,66 : 0.5921"
"66,5 : 0.5921"
"5,67 : 0.1217"
"67,5 : 0.1217"
"5,68 : 0.2707"
"68,5 : 0.2707"
"5,69 : 1.0273"
"69,5 : 1.0273"
"5,70 : 0.1972"
"70,5 : 0.1972"
"5,71 : 0.04"
"71,5 : 0.04"
"5,72 : 0.13"
"72,5 : 0.13"
"5,73 : 0.621"
"73,5 : 0.621"
"5,74 : 0.5263"
"74,5 : 0.5263"
"5,75 : 0.7026"
"75,5 : 0.7026"
"5,76 : 0.7004"
"76,5 : 0.7004"
"5,77 : 0.7741"
"77,5 : 0.7741"
"5,78 : 0.5801"
"78,5 : 0.5801"
"5,79 : 0.48"
"79,5 : 0.48"
"5,80 : 0.6135"
"80,5 : 0.6135"
"5,81 : 0.7692"
"81,5 : 0.7692"
"5,82 : 0.7467"
"82,5 : 0.7467"
"5,83 : 0.4876"
"83,5 : 0.4876"
"5,84 : 0.5886"
"84,5 : 0.5886"
"5,85 : 0.661"
"85,5 : 0.661"
"5,86 : 0.588"
"86,5 : 0.588"
"5,87 : 0.2608"
"87,5 : 0.2608"
"5,88 : 0.5561"
"88,5 : 0.5561"
"5,89 : 0.2354"
"89,5 : 0.2354"
"5,90 : 0.5162"
"90,5 : 0.5162"
"5,91 : 0.6021"
"91,5 : 0.6021"
"5,92 : 0.645"
"92,5 : 0.645"
"5,93 : 0.4687"
"93,5 : 0.4687"
"5,94 : 0.1581"
"94,5 : 0.1581"
"5,95 : 0.7001"
"95,5 : 0.7001"
"5,96 : 0.4742"
"96,5 : 0.4742"
"5,97 : 0.1931"
"97,5 : 0.1931"
"5,98 : 0.431"
"98,5 : 0.431"
"5,99 : 0.3228"
"99,5 : 0.3228"
"6,7 : 0.85"
"7,6 : 0.85"
"6,8 : 0.2766"
"8,6 : 0.2766"
"6,9 : 0.811"
"9,6 : 0.811"
"6,10 : 0.9009"
"10,6 : 0.9009"
"6,11 : 0.9101"
"11,6 : 0.9101"
"6,12 : 0.943"
"12,6 : 0.943"
"6,13 : 0.882"
"13,6 : 0.882"
"6,14 : 0.8127"
"14,6 : 0.8127"
"6,15 : 0.4776"
"15,6 : 0.4776"
"6,16 : 0.5201"
"16,6 : 0.5201"
"6,17 : 0.3936"
"17,6 : 0.3936"
"6,18 : 0.6901"
"18,6 : 0.6901"
"6,19 : 0.05"
"19,6 : 0.05"
"6,20 : 0.1903"
"20,6 : 0.1903"
"6,21 : 0.8853"
"21,6 : 0.8853"
"6,22 : 0.7009"
"22,6 : 0.7009"
"6,23 : 0.2941"
"23,6 : 0.2941"
"6,24 : 0.2943"
"24,6 : 0.2943"
"6,25 : 0.9339"
"25,6 : 0.9339"
"6,26 : 0.6907"
"26,6 : 0.6907"
"6,27 : 0.2163"
"27,6 : 0.2163"
"6,28 : 0.8355"
"28,6 : 0.8355"
"6,29 : 0.3601"
"29,6 : 0.3601"
"6,30 : 0.4254"
"30,6 : 0.4254"
"6,31 : 0.2773"
"31,6 : 0.2773"
"6,32 : 0.3581"
"32,6 : 0.3581"
"6,33 : 0.4809"
"33,6 : 0.4809"
"6,34 : 0.9815"
"34,6 : 0.9815"
"6,35 : 0.5492"
"35,6 : 0.5492"
"6,36 : 0.3183"
"36,6 : 0.3183"
"6,37 : 0.7214"
"37,6 : 0.7214"
"6,38 : 0.6297"
"38,6 : 0.6297"
"6,39 : 0.6665"
"39,6 : 0.6665"
"6,40 : 0.9398"
"40,6 : 0.9398"
"6,41 : 0.8673"
"41,6 : 0.8673"
"6,42 : 0.3102"
"42,6 : 0.3102"
"6,43 : 0.5903"
"43,6 : 0.5903"
"6,44 : 0.9372"
"44,6 : 0.9372"
"6,45 : 0.3883"
"45,6 : 0.3883"
"6,46 : 1.0466"
"46,6 : 1.0466"
"6,47 : 0.2062"
"47,6 : 0.2062"
"6,48 : 0.6742"
"48,6 : 0.6742"
"6,49 : 0.8944"
"49,6 : 0.8944"
"6,50 : 0.3126"
"50,6 : 0.3126"
"6,51 : 0.7976"
"51,6 : 0.7976"
"6,52 : 0.8584"
"52,6 : 0.8584"
"6,53 : 0.6774"
"53,6 : 0.6774"
"6,54 : 0.4687"
"54,6 : 0.4687"
"6,55 : 0.8902"
"55,6 : 0.8902"
"6,56 : 0.51"
"56,6 : 0.51"
"6,57 : 0.1345"
"57,6 : 0.1345"
"6,58 : 0.8429"
"58,6 : 0.8429"
"6,59 : 0.7728"
"59,6 : 0.7728"
"6,60 : 0.8523"
"60,6 : 0.8523"
"6,61 : 1.1676"
"61,6 : 1.1676"
"6,62 : 0.658"
"62,6 : 0.658"
"6,63 : 0.9349"
"63,6 : 0.9349"
"6,64 : 0.7284"
"64,6 : 0.7284"
"6,65 : 0.1628"
"65,6 : 0.1628"
"6,66 : 0.6083"
"66,6 : 0.6083"
"6,67 : 0.8797"
"67,6 : 0.8797"
"6,68 : 1.1707"
"68,6 : 1.1707"
"6,69 : 0.1204"
"69,6 : 0.1204"
"6,70 : 0.7606"
"70,6 : 0.7606"
"6,71 : 0.9774"
"71,6 : 0.9774"
"6,72 : 0.8276"
"72,6 : 0.8276"
"6,73 : 0.8515"
"73,6 : 0.8515"
"6,74 : 0.5772"
"74,6 : 0.5772"
"6,75 : 0.7517"
"75,6 : 0.7517"
"6,76 : 0.2476"
"76,6 : 0.2476"
"6,77 : 0.3214"
"77,6 : 0.3214"
"6,78 : 0.3801"
"78,6 : 0.3801"
"6,79 : 0.6831"
"79,6 : 0.6831"
"6,80 : 0.8927"
"80,6 : 0.8927"
"6,81 : 0.4884"
"81,6 : 0.4884"
"6,82 : 0.7951"
"82,6 : 0.7951"
"6,83 : 0.8395"
"83,6 : 0.8395"
"6,84 : 0.758"
"84,6 : 0.758"
"6,85 : 0.5315"
"85,6 : 0.5315"
"6,86 : 0.3662"
"86,6 : 0.3662"
"6,87 : 1.2051"
"87,6 : 1.2051"
"6,88 : 0.4082"
"88,6 : 0.4082"
"6,89 : 0.8376"
"89,6 : 0.8376"
"6,90 : 0.4696"
"90,6 : 0.4696"
"6,91 : 0.7058"
"91,6 : 0.7058"
"6,92 : 0.3547"
"92,6 : 0.3547"
"6,93 : 0.6054"
"93,6 : 0.6054"
"6,94 : 0.993"
"94,6 : 0.993"
"6,95 : 0.25"
"95,6 : 0.25"
"6,96 : 0.5371"
"96,6 : 0.5371"
"6,97 : 0.7723"
"97,6 : 0.7723"
"6,98 : 0.7529"
"98,6 : 0.7529"
"6,99 : 0.8509"
"99,6 : 0.8509"
"7,8 : 0.7157"
"8,7 : 0.7157"
"7,9 : 0.402"
"9,7 : 0.402"
"7,10 : 0.5142"
"10,7 : 0.5142"
"7,11 : 0.2081"
"11,7 : 0.2081"
"7,12 : 0.4837"
"12,7 : 0.4837"
"7,13 : 0.3195"
"13,7 : 0.3195"
"7,14 : 0.1414"
"14,7 : 0.1414"
"7,15 : 0.6106"
"15,7 : 0.6106"
"7,16 : 0.7767"
"16,7 : 0.7767"
"7,17 : 0.4569"
"17,7 : 0.4569"
"7,18 : 0.8469"
"18,7 : 0.8469"
"7,19 : 0.8724"
"19,7 : 0.8724"
"7,20 : 0.7788"
"20,7 : 0.7788"
"7,21 : 0.1749"
"21,7 : 0.1749"
"7,22 : 0.68"
"22,7 : 0.68"
"7,23 : 0.6653"
"23,7 : 0.6653"
"7,24 : 0.5714"
"24,7 : 0.5714"
"7,25 : 0.2052"
"25,7 : 0.2052"
"7,26 : 0.4342"
"26,7 : 0.4342"
"7,27 : 0.7606"
"27,7 : 0.7606"
"7,28 : 0.3342"
"28,7 : 0.3342"
"7,29 : 0.5523"
"29,7 : 0.5523"
"7,30 : 0.4249"
"30,7 : 0.4249"
"7,31 : 0.5727"
"31,7 : 0.5727"
"7,32 : 0.5029"
"32,7 : 0.5029"
"7,33 : 0.7497"
"33,7 : 0.7497"
"7,34 : 0.29"
"34,7 : 0.29"
"7,35 : 0.5143"
"35,7 : 0.5143"
"7,36 : 0.5579"
"36,7 : 0.5579"
"7,37 : 0.2865"
"37,7 : 0.2865"
"7,38 : 0.7094"
"38,7 : 0.7094"
"7,39 : 0.1868"
"39,7 : 0.1868"
"7,40 : 0.114"
"40,7 : 0.114"
"7,41 : 0.6435"
"41,7 : 0.6435"
"7,42 : 0.7616"
"42,7 : 0.7616"
"7,43 : 0.4205"
"43,7 : 0.4205"
"7,44 : 0.2452"
"44,7 : 0.2452"
"7,45 : 0.6903"
"45,7 : 0.6903"
"7,46 : 0.392"
"46,7 : 0.392"
"7,47 : 0.6705"
"47,7 : 0.6705"
"7,48 : 0.4607"
"48,7 : 0.4607"
"7,49 : 0.2283"
"49,7 : 0.2283"
"7,50 : 0.5604"
"50,7 : 0.5604"
"7,51 : 0.0894"
"51,7 : 0.0894"
"7,52 : 0.253"
"52,7 : 0.253"
"7,53 : 0.2786"
"53,7 : 0.2786"
"7,54 : 0.6873"
"54,7 : 0.6873"
"7,55 : 0.3606"
"55,7 : 0.3606"
"7,56 : 0.5376"
"56,7 : 0.5376"
"7,57 : 0.821"
"57,7 : 0.821"
"7,58 : 0.2983"
"58,7 : 0.2983"
"7,59 : 0.5001"
"59,7 : 0.5001"
"7,60 : 0.4958"
"60,7 : 0.4958"
"7,61 : 0.3523"
"61,7 : 0.3523"
"7,62 : 0.4163"
"62,7 : 0.4163"
"7,63 : 0.1414"
"63,7 : 0.1414"
"7,64 : 0.3053"
"64,7 : 0.3053"
"7,65 : 0.7023"
"65,7 : 0.7023"
"7,66 : 0.7117"
"66,7 : 0.7117"
"7,67 : 0.3689"
"67,7 : 0.3689"
"7,68 : 0.3636"
"68,7 : 0.3636"
"7,69 : 0.8989"
"69,7 : 0.8989"
"7,70 : 0.2163"
"70,7 : 0.2163"
"7,71 : 0.2927"
"71,7 : 0.2927"
"7,72 : 0.3124"
"72,7 : 0.3124"
"7,73 : 0.3202"
"73,7 : 0.3202"
"7,74 : 0.3041"
"74,7 : 0.3041"
"7,75 : 0.4105"
"75,7 : 0.4105"
"7,76 : 0.6198"
"76,7 : 0.6198"
"7,77 : 0.5955"
"77,7 : 0.5955"
"7,78 : 0.5523"
"78,7 : 0.5523"
"7,79 : 0.6306"
"79,7 : 0.6306"
"7,80 : 0.3138"
"80,7 : 0.3138"
"7,81 : 0.5354"
"81,7 : 0.5354"
"7,82 : 0.4504"
"82,7 : 0.4504"
"7,83 : 0.1868"
"83,7 : 0.1868"
"7,84 : 0.7666"
"84,7 : 0.7666"
"7,85 : 0.7495"
"85,7 : 0.7495"
"7,86 : 0.4934"
"86,7 : 0.4934"
"7,87 : 0.4522"
"87,7 : 0.4522"
"7,88 : 0.446"
"88,7 : 0.446"
"7,89 : 0.4601"
"89,7 : 0.4601"
"7,90 : 0.3808"
"90,7 : 0.3808"
"7,91 : 0.7603"
"91,7 : 0.7603"
"7,92 : 0.6407"
"92,7 : 0.6407"
"7,93 : 0.5758"
"93,7 : 0.5758"
"7,94 : 0.2062"
"94,7 : 0.2062"
"7,95 : 0.6075"
"95,7 : 0.6075"
"7,96 : 0.313"
"96,7 : 0.313"
"7,97 : 0.3406"
"97,7 : 0.3406"
"7,98 : 0.1487"
"98,7 : 0.1487"
"7,99 : 0.0224"
"99,7 : 0.0224"
"8,9 : 0.8115"
"9,8 : 0.8115"
"8,10 : 0.9257"
"10,8 : 0.9257"
"8,11 : 0.8338"
"11,8 : 0.8338"
"8,12 : 0.6935"
"12,8 : 0.6935"
"8,13 : 0.8465"
"13,8 : 0.8465"
"8,14 : 0.6389"
"14,8 : 0.6389"
"8,15 : 0.5805"
"15,8 : 0.5805"
"8,16 : 0.255"
"16,8 : 0.255"
"8,17 : 0.3036"
"17,8 : 0.3036"
"8,18 : 0.4258"
"18,8 : 0.4258"
"8,19 : 0.3256"
"19,8 : 0.3256"
"8,20 : 0.0943"
"20,8 : 0.0943"
"8,21 : 0.8022"
"21,8 : 0.8022"
"8,22 : 0.4245"
"22,8 : 0.4245"
"8,23 : 0.4219"
"23,8 : 0.4219"
"8,24 : 0.3183"
"24,8 : 0.3183"
"8,25 : 0.8521"
"25,8 : 0.8521"
"8,26 : 0.446"
"26,8 : 0.446"
"8,27 : 0.408"
"27,8 : 0.408"
"8,28 : 0.6103"
"28,8 : 0.6103"
"8,29 : 0.4104"
"29,8 : 0.4104"
"8,30 : 0.3448"
"30,8 : 0.3448"
"8,31 : 0.2421"
"31,8 : 0.2421"
"8,32 : 0.2377"
"32,8 : 0.2377"
"8,33 : 0.2121"
"33,8 : 0.2121"
"8,34 : 0.9179"
"34,8 : 0.9179"
"8,35 : 0.6061"
"35,8 : 0.6061"
"8,36 : 0.1772"
"36,8 : 0.1772"
"8,37 : 0.5143"
"37,8 : 0.5143"
"8,38 : 0.3536"
"38,8 : 0.3536"
"8,39 : 0.5315"
"39,8 : 0.5315"
"8,40 : 0.8222"
"40,8 : 0.8222"
"8,41 : 0.5951"
"41,8 : 0.5951"
"8,42 : 0.064"
"42,8 : 0.064"
"8,43 : 0.6042"
"43,8 : 0.6042"
"8,44 : 0.7379"
"44,8 : 0.7379"
"8,45 : 0.1118"
"45,8 : 0.1118"
"8,46 : 0.8242"
"46,8 : 0.8242"
"8,47 : 0.1304"
"47,8 : 0.1304"
"8,48 : 0.4243"
"48,8 : 0.4243"
"8,49 : 0.8273"
"49,8 : 0.8273"
"8,50 : 0.3397"
"50,8 : 0.3397"
"8,51 : 0.6433"
"51,8 : 0.6433"
"8,52 : 0.8041"
"52,8 : 0.8041"
"8,53 : 0.6332"
"53,8 : 0.6332"
"8,54 : 0.1924"
"54,8 : 0.1924"
"8,55 : 0.8668"
"55,8 : 0.8668"
"8,56 : 0.2546"
"56,8 : 0.2546"
"8,57 : 0.3712"
"57,8 : 0.3712"
"8,58 : 0.8052"
"58,8 : 0.8052"
"8,59 : 0.8112"
"59,8 : 0.8112"
"8,60 : 0.5967"
"60,8 : 0.5967"
"8,61 : 0.9862"
"61,8 : 0.9862"
"8,62 : 0.4201"
"62,8 : 0.4201"
"8,63 : 0.7654"
"63,8 : 0.7654"
"8,64 : 0.5148"
"64,8 : 0.5148"
"8,65 : 0.1581"
"65,8 : 0.1581"
"8,66 : 0.3324"
"66,8 : 0.3324"
"8,67 : 0.6482"
"67,8 : 0.6482"
"8,68 : 0.9849"
"68,8 : 0.9849"
"8,69 : 0.3932"
"69,8 : 0.3932"
"8,70 : 0.5701"
"70,8 : 0.5701"
"8,71 : 0.7703"
"71,8 : 0.7703"
"8,72 : 0.6075"
"72,8 : 0.6075"
"8,73 : 0.8201"
"73,8 : 0.8201"
"8,74 : 0.5166"
"74,8 : 0.5166"
"8,75 : 0.7606"
"75,8 : 0.7606"
"8,76 : 0.1562"
"76,8 : 0.1562"
"8,77 : 0.397"
"77,8 : 0.397"
"8,78 : 0.1649"
"78,8 : 0.1649"
"8,79 : 0.4085"
"79,8 : 0.4085"
"8,80 : 0.8538"
"80,8 : 0.8538"
"8,81 : 0.5532"
"81,8 : 0.5532"
"8,82 : 0.8139"
"82,8 : 0.8139"
"8,83 : 0.7653"
"83,8 : 0.7653"
"8,84 : 0.4826"
"84,8 : 0.4826"
"8,85 : 0.2608"
"85,8 : 0.2608"
"8,86 : 0.2474"
"86,8 : 0.2474"
"8,87 : 0.9964"
"87,8 : 0.9964"
"8,88 : 0.2961"
"88,8 : 0.2961"
"8,89 : 0.5873"
"89,8 : 0.5873"
"8,90 : 0.365"
"90,8 : 0.365"
"8,91 : 0.431"
"91,8 : 0.431"
"8,92 : 0.0922"
"92,8 : 0.0922"
"8,93 : 0.3362"
"93,8 : 0.3362"
"8,94 : 0.8134"
"94,8 : 0.8134"
"8,95 : 0.1844"
"95,8 : 0.1844"
"8,96 : 0.4329"
"96,8 : 0.4329"
"8,97 : 0.5464"
"97,8 : 0.5464"
"8,98 : 0.6619"
"98,8 : 0.6619"
"8,99 : 0.7234"
"99,8 : 0.7234"
"9,10 : 0.1281"
"10,9 : 0.1281"
"9,11 : 0.2435"
"11,9 : 0.2435"
"9,12 : 0.8665"
"12,9 : 0.8665"
"9,13 : 0.1221"
"13,9 : 0.1221"
"9,14 : 0.5192"
"14,9 : 0.5192"
"9,15 : 0.3795"
"15,9 : 0.3795"
"9,16 : 0.9765"
"16,9 : 0.9765"
"9,17 : 0.5099"
"17,9 : 0.5099"
"9,18 : 1.0979"
"18,9 : 1.0979"
"9,19 : 0.8101"
"19,9 : 0.8101"
"9,20 : 0.8324"
"20,9 : 0.8324"
"9,21 : 0.255"
"21,9 : 0.255"
"9,22 : 0.9633"
"22,9 : 0.9633"
"9,23 : 0.5324"
"23,9 : 0.5324"
"9,24 : 0.5277"
"24,9 : 0.5277"
"9,25 : 0.2693"
"25,9 : 0.2693"
"9,26 : 0.7406"
"26,9 : 0.7406"
"9,27 : 0.6351"
"27,9 : 0.6351"
"9,28 : 0.7058"
"28,9 : 0.7058"
"9,29 : 0.451"
"29,9 : 0.451"
"9,30 : 0.4696"
"30,9 : 0.4696"
"9,31 : 0.5824"
"31,9 : 0.5824"
"9,32 : 0.577"
"32,9 : 0.577"
"9,33 : 0.9374"
"33,9 : 0.9374"
"9,34 : 0.2484"
"34,9 : 0.2484"
"9,35 : 0.2766"
"35,9 : 0.2766"
"9,36 : 0.6356"
"36,9 : 0.6356"
"9,37 : 0.6129"
"37,9 : 0.6129"
"9,38 : 0.9621"
"38,9 : 0.9621"
"9,39 : 0.4134"
"39,9 : 0.4134"
"9,40 : 0.3766"
"40,9 : 0.3766"
"9,41 : 0.9862"
"41,9 : 0.9862"
"9,42 : 0.8732"
"42,9 : 0.8732"
"9,43 : 0.2209"
"43,9 : 0.2209"
"9,44 : 0.6463"
"44,9 : 0.6463"
"9,45 : 0.8422"
"45,9 : 0.8422"
"9,46 : 0.794"
"46,9 : 0.794"
"9,47 : 0.7088"
"47,9 : 0.7088"
"9,48 : 0.758"
"48,9 : 0.758"
"9,49 : 0.2119"
"49,9 : 0.2119"
"9,50 : 0.5064"
"50,9 : 0.5064"
"9,51 : 0.4561"
"51,9 : 0.4561"
"9,52 : 0.1649"
"52,9 : 0.1649"
"9,53 : 0.198"
"53,9 : 0.198"
"9,54 : 0.8766"
"54,9 : 0.8766"
"9,55 : 0.1"
"55,9 : 0.1"
"9,56 : 0.7517"
"56,9 : 0.7517"
"9,57 : 0.7225"
"57,9 : 0.7225"
"9,58 : 0.114"
"58,9 : 0.114"
"9,59 : 0.1118"
"59,9 : 0.1118"
"9,60 : 0.8543"
"60,9 : 0.8543"
"9,61 : 0.7083"
"61,9 : 0.7083"
"9,62 : 0.708"
"62,9 : 0.708"
"9,63 : 0.5404"
"63,9 : 0.5404"
"9,64 : 0.6353"
"64,9 : 0.6353"
"9,65 : 0.7181"
"65,9 : 0.7181"
"9,66 : 0.9559"
"66,9 : 0.9559"
"9,67 : 0.7495"
"67,9 : 0.7495"
"9,68 : 0.7257"
"68,9 : 0.7257"
"9,69 : 0.804"
"69,9 : 0.804"
"9,70 : 0.5646"
"70,9 : 0.5646"
"9,71 : 0.6946"
"71,9 : 0.6946"
"9,72 : 0.6835"
"72,9 : 0.6835"
"9,73 : 0.0985"
"73,9 : 0.0985"
"9,74 : 0.3081"
"74,9 : 0.3081"
"9,75 : 0.0608"
"75,9 : 0.0608"
"9,76 : 0.6641"
"76,9 : 0.6641"
"9,77 : 0.4901"
"77,9 : 0.4901"
"9,78 : 0.686"
"78,9 : 0.686"
"9,79 : 0.9144"
"79,9 : 0.9144"
"9,80 : 0.136"
"80,9 : 0.136"
"9,81 : 0.3338"
"81,9 : 0.3338"
"9,82 : 0.0539"
"82,9 : 0.0539"
"9,83 : 0.2202"
"83,9 : 0.2202"
"9,84 : 1.0555"
"84,9 : 1.0555"
"9,85 : 0.958"
"85,9 : 0.958"
"9,86 : 0.568"
"86,9 : 0.568"
"9,87 : 0.836"
"87,9 : 0.836"
"9,88 : 0.5235"
"88,9 : 0.5235"
"9,89 : 0.8186"
"89,9 : 0.8186"
"9,90 : 0.4632"
"90,9 : 0.4632"
"9,91 : 1.0325"
"91,9 : 1.0325"
"9,92 : 0.7741"
"92,9 : 0.7741"
"9,93 : 0.8345"
"93,9 : 0.8345"
"9,94 : 0.6001"
"94,9 : 0.6001"
"9,95 : 0.6389"
"95,9 : 0.6389"
"9,96 : 0.4123"
"96,9 : 0.4123"
"9,97 : 0.6888"
"97,9 : 0.6888"
"9,98 : 0.2751"
"98,9 : 0.2751"
"9,99 : 0.3812"
"99,9 : 0.3812"
"10,11 : 0.33"
"11,10 : 0.33"
"10,12 : 0.9879"
"12,10 : 0.9879"
"10,13 : 0.2002"
"13,10 : 0.2002"
"10,14 : 0.6391"
"14,10 : 0.6391"
"10,15 : 0.4405"
"15,10 : 0.4405"
"10,16 : 1.1"
"16,10 : 1.1"
"10,17 : 0.6277"
"17,10 : 0.6277"
"10,18 : 1.2243"
"18,10 : 1.2243"
"10,19 : 0.8945"
"19,10 : 0.8945"
"10,20 : 0.9398"
"20,10 : 0.9398"
"10,21 : 0.3513"
"21,10 : 0.3513"
"10,22 : 1.0912"
"22,10 : 1.0912"
"10,23 : 0.612"
"23,10 : 0.612"
"10,24 : 0.6294"
"24,10 : 0.6294"
"10,25 : 0.3506"
"25,10 : 0.3506"
"10,26 : 0.8684"
"26,10 : 0.8684"
"10,27 : 0.7103"
"27,10 : 0.7103"
"10,28 : 0.8286"
"28,10 : 0.8286"
"10,29 : 0.5457"
"29,10 : 0.5457"
"10,30 : 0.5883"
"30,10 : 0.5883"
"10,31 : 0.6908"
"31,10 : 0.6908"
"10,32 : 0.6946"
"32,10 : 0.6946"
"10,33 : 1.0602"
"33,10 : 1.0602"
"10,34 : 0.3008"
"34,10 : 0.3008"
"10,35 : 0.3523"
"35,10 : 0.3523"
"10,36 : 0.7518"
"36,10 : 0.7518"
"10,37 : 0.7393"
"37,10 : 0.7393"
"10,38 : 1.089"
"38,10 : 1.089"
"10,39 : 0.5408"
"39,10 : 0.5408"
"10,40 : 0.4701"
"40,10 : 0.4701"
"10,41 : 1.1131"
"41,10 : 1.1131"
"10,42 : 0.9884"
"42,10 : 0.9884"
"10,43 : 0.3231"
"43,10 : 0.3231"
"10,44 : 0.7593"
"44,10 : 0.7593"
"10,45 : 0.9625"
"45,10 : 0.9625"
"10,46 : 0.9043"
"46,10 : 0.9043"
"10,47 : 0.8171"
"47,10 : 0.8171"
"10,48 : 0.886"
"48,10 : 0.886"
"10,49 : 0.3002"
"49,10 : 0.3002"
"10,50 : 0.6073"
"50,10 : 0.6073"
"10,51 : 0.5758"
"51,10 : 0.5758"
"10,52 : 0.2631"
"52,10 : 0.2631"
"10,53 : 0.3256"
"53,10 : 0.3256"
"10,54 : 1.0"
"54,10 : 1.0"
"10,55 : 0.16"
"55,10 : 0.16"
"10,56 : 0.8778"
"56,10 : 0.8778"
"10,57 : 0.801"
"57,10 : 0.801"
"10,58 : 0.2159"
"58,10 : 0.2159"
"10,59 : 0.13"
"59,10 : 0.13"
"10,60 : 0.9795"
"60,10 : 0.9795"
"10,61 : 0.794"
"61,10 : 0.794"
"10,62 : 0.836"
"62,10 : 0.836"
"10,63 : 0.6478"
"63,10 : 0.6478"
"10,64 : 0.7616"
"64,10 : 0.7616"
"10,65 : 0.8222"
"65,10 : 0.8222"
"10,66 : 1.0825"
"66,10 : 1.0825"
"10,67 : 0.8709"
"67,10 : 0.8709"
"10,68 : 0.813"
"68,10 : 0.813"
"10,69 : 0.8802"
"69,10 : 0.8802"
"10,70 : 0.6888"
"70,10 : 0.6888"
"10,71 : 0.806"
"71,10 : 0.806"
"10,72 : 0.8062"
"72,10 : 0.8062"
"10,73 : 0.1942"
"73,10 : 0.1942"
"10,74 : 0.4328"
"74,10 : 0.4328"
"10,75 : 0.1664"
"75,10 : 0.1664"
"10,76 : 0.7747"
"76,10 : 0.7747"
"10,77 : 0.5805"
"77,10 : 0.5805"
"10,78 : 0.8071"
"78,10 : 0.8071"
"10,79 : 1.0424"
"79,10 : 1.0424"
"10,80 : 0.21"
"80,10 : 0.21"
"10,81 : 0.413"
"81,10 : 0.413"
"10,82 : 0.1118"
"82,10 : 0.1118"
"10,83 : 0.3276"
"83,10 : 0.3276"
"10,84 : 1.1834"
"84,10 : 1.1834"
"10,85 : 1.0823"
"85,10 : 1.0823"
"10,86 : 0.686"
"86,10 : 0.686"
"10,87 : 0.9302"
"87,10 : 0.9302"
"10,88 : 0.6435"
"88,10 : 0.6435"
"10,89 : 0.9437"
"89,10 : 0.9437"
"10,90 : 0.586"
"90,10 : 0.586"
"10,91 : 1.16"
"91,10 : 1.16"
"10,92 : 0.8936"
"92,10 : 0.8936"
"10,93 : 0.9621"
"93,10 : 0.9621"
"10,94 : 0.7035"
"94,10 : 0.7035"
"10,95 : 0.7485"
"95,10 : 0.7485"
"10,96 : 0.5381"
"96,10 : 0.5381"
"10,97 : 0.8141"
"97,10 : 0.8141"
"10,98 : 0.3981"
"98,10 : 0.3981"
"10,99 : 0.4924"
"99,10 : 0.4924"
"11,12 : 0.6912"
"12,11 : 0.6912"
"11,13 : 0.1304"
"13,11 : 0.1304"
"11,14 : 0.3483"
"14,11 : 0.3483"
"11,15 : 0.5622"
"15,11 : 0.5622"
"11,16 : 0.9398"
"16,11 : 0.9398"
"11,17 : 0.5401"
"17,11 : 0.5401"
"11,18 : 1.0296"
"18,11 : 1.0296"
"11,19 : 0.9218"
"19,11 : 0.9218"
"11,20 : 0.88"
"20,11 : 0.88"
"11,21 : 0.0361"
"21,11 : 0.0361"
"11,22 : 0.8709"
"22,11 : 0.8709"
"11,23 : 0.6712"
"23,11 : 0.6712"
"11,24 : 0.6161"
"24,11 : 0.6161"
"11,25 : 0.0283"
"25,11 : 0.0283"
"11,26 : 0.628"
"26,11 : 0.628"
"11,27 : 0.7747"
"27,11 : 0.7747"
"11,28 : 0.542"
"28,11 : 0.542"
"11,29 : 0.5665"
"29,11 : 0.5665"
"11,30 : 0.5004"
"30,11 : 0.5004"
"11,31 : 0.6438"
"31,11 : 0.6438"
"11,32 : 0.6003"
"32,11 : 0.6003"
"11,33 : 0.9076"
"33,11 : 0.9076"
"11,34 : 0.0894"
"34,11 : 0.0894"
"11,35 : 0.4545"
"35,11 : 0.4545"
"11,36 : 0.6607"
"36,11 : 0.6607"
"11,37 : 0.4827"
"37,11 : 0.4827"
"11,38 : 0.8907"
"38,11 : 0.8907"
"11,39 : 0.3231"
"39,11 : 0.3231"
"11,40 : 0.1404"
"40,11 : 0.1404"
"11,41 : 0.849"
"41,11 : 0.849"
"11,42 : 0.8881"
"42,11 : 0.8881"
"11,43 : 0.3662"
"43,11 : 0.3662"
"11,44 : 0.4438"
"44,11 : 0.4438"
"11,45 : 0.832"
"45,11 : 0.832"
"11,46 : 0.5824"
"46,11 : 0.5824"
"11,47 : 0.7606"
"47,11 : 0.7606"
"11,48 : 0.6522"
"48,11 : 0.6522"
"11,49 : 0.0316"
"49,11 : 0.0316"
"11,50 : 0.5991"
"50,11 : 0.5991"
"11,51 : 0.29"
"51,11 : 0.29"
"11,52 : 0.0806"
"52,11 : 0.0806"
"11,53 : 0.2377"
"53,11 : 0.2377"
"11,54 : 0.8443"
"54,11 : 0.8443"
"11,55 : 0.17"
"55,11 : 0.17"
"11,56 : 0.7001"
"56,11 : 0.7001"
"11,57 : 0.8509"
"57,11 : 0.8509"
"11,58 : 0.13"
"58,11 : 0.13"
"11,59 : 0.3547"
"59,11 : 0.3547"
"11,60 : 0.7029"
"60,11 : 0.7029"
"11,61 : 0.4669"
"61,11 : 0.4669"
"11,62 : 0.6046"
"62,11 : 0.6046"
"11,63 : 0.3257"
"63,11 : 0.3257"
"11,64 : 0.5033"
"64,11 : 0.5033"
"11,65 : 0.7831"
"65,11 : 0.7831"
"11,66 : 0.8901"
"66,11 : 0.8901"
"11,67 : 0.5769"
"67,11 : 0.5769"
"11,68 : 0.4851"
"68,11 : 0.4851"
"11,69 : 0.933"
"69,11 : 0.933"
"11,70 : 0.4173"
"70,11 : 0.4173"
"11,71 : 0.487"
"71,11 : 0.487"
"11,72 : 0.5201"
"72,11 : 0.5201"
"11,73 : 0.1456"
"73,11 : 0.1456"
"11,74 : 0.3338"
"74,11 : 0.3338"
"11,75 : 0.2778"
"75,11 : 0.2778"
"11,76 : 0.7103"
"76,11 : 0.7103"
"11,77 : 0.611"
"77,11 : 0.611"
"11,78 : 0.6807"
"78,11 : 0.6807"
"11,79 : 0.821"
"79,11 : 0.821"
"11,80 : 0.12"
"80,11 : 0.12"
"11,81 : 0.4965"
"81,11 : 0.4965"
"11,82 : 0.2973"
"82,11 : 0.2973"
"11,83 : 0.0707"
"83,11 : 0.0707"
"11,84 : 0.9602"
"84,11 : 0.9602"
"11,85 : 0.9155"
"85,11 : 0.9155"
"11,86 : 0.5903"
"86,11 : 0.5903"
"11,87 : 0.6003"
"87,11 : 0.6003"
"11,88 : 0.5404"
"88,11 : 0.5404"
"11,89 : 0.6671"
"89,11 : 0.6671"
"11,90 : 0.4704"
"90,11 : 0.4704"
"11,91 : 0.9487"
"91,11 : 0.9487"
"11,92 : 0.7728"
"92,11 : 0.7728"
"11,93 : 0.7566"
"93,11 : 0.7566"
"11,94 : 0.3766"
"94,11 : 0.3766"
"11,95 : 0.6912"
"95,11 : 0.6912"
"11,96 : 0.4011"
"96,11 : 0.4011"
"11,97 : 0.5445"
"97,11 : 0.5445"
"11,98 : 0.1726"
"98,11 : 0.1726"
"11,99 : 0.186"
"99,11 : 0.186"
"12,13 : 0.8006"
"13,12 : 0.8006"
"12,14 : 0.3493"
"14,12 : 0.3493"
"12,15 : 0.9434"
"15,12 : 0.9434"
"12,16 : 0.5814"
"16,12 : 0.5814"
"12,17 : 0.6264"
"17,12 : 0.6264"
"12,18 : 0.5474"
"18,12 : 0.5474"
"12,19 : 0.9848"
"19,12 : 0.9848"
"12,20 : 0.7864"
"20,12 : 0.7864"
"12,21 : 0.6586"
"21,12 : 0.6586"
"12,22 : 0.3736"
"22,12 : 0.3736"
"12,23 : 0.9052"
"23,12 : 0.9052"
"12,24 : 0.7684"
"24,12 : 0.7684"
"12,25 : 0.6851"
"25,12 : 0.6851"
"12,26 : 0.2524"
"26,12 : 0.2524"
"12,27 : 0.9657"
"27,12 : 0.9657"
"12,28 : 0.1628"
"28,12 : 0.1628"
"12,29 : 0.8081"
"29,12 : 0.8081"
"12,30 : 0.6259"
"30,12 : 0.6259"
"12,31 : 0.7169"
"31,12 : 0.7169"
"12,32 : 0.6185"
"32,12 : 0.6185"
"12,33 : 0.5831"
"33,12 : 0.5831"
"12,34 : 0.7684"
"34,12 : 0.7684"
"12,35 : 0.8801"
"35,12 : 0.8801"
"12,36 : 0.6353"
"36,12 : 0.6353"
"12,37 : 0.2802"
"37,12 : 0.2802"
"12,38 : 0.4494"
"38,12 : 0.4494"
"12,39 : 0.4738"
"39,12 : 0.4738"
"12,40 : 0.5701"
"40,12 : 0.5701"
"12,41 : 0.222"
"41,12 : 0.222"
"12,42 : 0.7009"
"42,12 : 0.7009"
"12,43 : 0.8022"
"43,12 : 0.8022"
"12,44 : 0.2617"
"44,12 : 0.2617"
"12,45 : 0.6021"
"45,12 : 0.6021"
"12,46 : 0.2022"
"46,12 : 0.2022"
"12,47 : 0.7378"
"47,12 : 0.7378"
"12,48 : 0.2702"
"48,12 : 0.2702"
"12,49 : 0.712"
"49,12 : 0.712"
"12,50 : 0.772"
"50,12 : 0.772"
"12,51 : 0.4123"
"51,12 : 0.4123"
"12,52 : 0.7335"
"52,12 : 0.7335"
"12,53 : 0.6943"
"53,12 : 0.6943"
"12,54 : 0.5441"
"54,12 : 0.5441"
"12,55 : 0.841"
"55,12 : 0.841"
"12,56 : 0.4393"
"56,12 : 0.4393"
"12,57 : 0.9839"
"57,12 : 0.9839"
"12,58 : 0.7747"
"58,12 : 0.7747"
"12,59 : 0.9483"
"59,12 : 0.9483"
"12,60 : 0.103"
"60,12 : 0.103"
"12,61 : 0.4588"
"61,12 : 0.4588"
"12,62 : 0.2865"
"62,12 : 0.2865"
"12,63 : 0.3821"
"63,12 : 0.3821"
"12,64 : 0.2608"
"64,12 : 0.2608"
"12,65 : 0.7823"
"65,12 : 0.7823"
"12,66 : 0.4662"
"66,12 : 0.4662"
"12,67 : 0.117"
"67,12 : 0.117"
"12,68 : 0.4438"
"68,12 : 0.4438"
"12,69 : 1.0394"
"69,12 : 1.0394"
"12,70 : 0.3059"
"70,12 : 0.3059"
"12,71 : 0.2385"
"71,12 : 0.2385"
"12,72 : 0.1844"
"72,12 : 0.1844"
"12,73 : 0.7971"
"73,12 : 0.7971"
"12,74 : 0.6407"
"74,12 : 0.6407"
"12,75 : 0.8587"
"75,12 : 0.8587"
"12,76 : 0.7033"
"76,12 : 0.7033"
"12,77 : 0.8368"
"77,12 : 0.8368"
"12,78 : 0.563"
"78,12 : 0.563"
"12,79 : 0.3454"
"79,12 : 0.3454"
"12,80 : 0.7961"
"80,12 : 0.7961"
"12,81 : 0.8714"
"81,12 : 0.8714"
"12,82 : 0.908"
"82,12 : 0.908"
"12,83 : 0.6664"
"83,12 : 0.6664"
"12,84 : 0.4211"
"84,12 : 0.4211"
"12,85 : 0.5501"
"85,12 : 0.5501"
"12,86 : 0.6147"
"86,12 : 0.6147"
"12,87 : 0.3801"
"87,12 : 0.3801"
"12,88 : 0.5977"
"88,12 : 0.5977"
"12,89 : 0.1063"
"89,12 : 0.1063"
"12,90 : 0.5805"
"90,12 : 0.5805"
"12,91 : 0.4472"
"91,12 : 0.4472"
"12,92 : 0.6021"
"92,12 : 0.6021"
"12,93 : 0.372"
"93,12 : 0.372"
"12,94 : 0.364"
"94,12 : 0.364"
"12,95 : 0.7112"
"95,12 : 0.7112"
"12,96 : 0.5614"
"96,12 : 0.5614"
"12,97 : 0.201"
"97,12 : 0.201"
"12,98 : 0.5914"
"98,12 : 0.5914"
"12,99 : 0.5061"
"99,12 : 0.5061"
"13,14 : 0.4518"
"14,13 : 0.4518"
"13,15 : 0.483"
"15,13 : 0.483"
"13,16 : 0.9841"
"16,13 : 0.9841"
"13,17 : 0.5434"
"17,13 : 0.5434"
"13,18 : 1.0904"
"18,13 : 1.0904"
"13,19 : 0.8868"
"19,13 : 0.8868"
"13,20 : 0.8797"
"20,13 : 0.8797"
"13,21 : 0.1513"
"21,13 : 0.1513"
"13,22 : 0.9426"
