x,y
0.08,0.23
0.06,0.1
0.38,0.37
0.46,0.28
0.6,0.38
0.16,0.83
0.24,0.62
0.38,0.31
0.84,0.18
0.87,0.85
0.77,0.06
0.86,0.42
0.71,0.78
0.72,0.65
0.8,0.61
0.17,0.48
0.08,0.98
0.08,0.56
0.41,0.03
0.18,0.42
0.05,0.83
0.86,0.23
0.41,0.38
0.81,0.32
0.68,0.47
0.75,0.71
0.32,0.11
0.89,0.58
0.81,0.92
0.51,0.55
0.2,0.14
0.22,0.45
0.81,0.93
0.12,0.52
0.74,0.23
0.63,0.33
0.86,0.76
0.36,0.94
0.59,0.18
0.15,0.85
0.93,0.72
0.64,0.12
0.92,0.34
0.41,0.89
0.11,0.7
0.26,0.38
0.91,0.34
0.38,0.94
0.82,0.53
0.78,0.51

Distanze
"0,1 : 0.1315"
"1,0 : 0.1315"
"0,2 : 0.3311"
"2,0 : 0.3311"
"0,3 : 0.3833"
"3,0 : 0.3833"
"0,4 : 0.5412"
"4,0 : 0.5412"
"0,5 : 0.6053"
"5,0 : 0.6053"
"0,6 : 0.4215"
"6,0 : 0.4215"
"0,7 : 0.3105"
"7,0 : 0.3105"
"0,8 : 0.7616"
"8,0 : 0.7616"
"0,9 : 1.0042"
"9,0 : 1.0042"
"0,10 : 0.7106"
"10,0 : 0.7106"
"0,11 : 0.8028"
"11,0 : 0.8028"
"0,12 : 0.8363"
"12,0 : 0.8363"
"0,13 : 0.7655"
"13,0 : 0.7655"
"0,14 : 0.8141"
"14,0 : 0.8141"
"0,15 : 0.2657"
"15,0 : 0.2657"
"0,16 : 0.75"
"16,0 : 0.75"
"0,17 : 0.33"
"17,0 : 0.33"
"0,18 : 0.3859"
"18,0 : 0.3859"
"0,19 : 0.2147"
"19,0 : 0.2147"
"0,20 : 0.6007"
"20,0 : 0.6007"
"0,21 : 0.78"
"21,0 : 0.78"
"0,22 : 0.3625"
"22,0 : 0.3625"
"0,23 : 0.7355"
"23,0 : 0.7355"
"0,24 : 0.6462"
"24,0 : 0.6462"
"0,25 : 0.8242"
"25,0 : 0.8242"
"0,26 : 0.2683"
"26,0 : 0.2683"
"0,27 : 0.8824"
"27,0 : 0.8824"
"0,28 : 1.0045"
"28,0 : 1.0045"
"0,29 : 0.536"
"29,0 : 0.536"
"0,30 : 0.15"
"30,0 : 0.15"
"0,31 : 0.2608"
"31,0 : 0.2608"
"0,32 : 1.0114"
"32,0 : 1.0114"
"0,33 : 0.2927"
"33,0 : 0.2927"
"0,34 : 0.66"
"34,0 : 0.66"
"0,35 : 0.559"
"35,0 : 0.559"
"0,36 : 0.943"
"36,0 : 0.943"
"0,37 : 0.7632"
"37,0 : 0.7632"
"0,38 : 0.5124"
"38,0 : 0.5124"
"0,39 : 0.6239"
"39,0 : 0.6239"
"0,40 : 0.9811"
"40,0 : 0.9811"
"0,41 : 0.5707"
"41,0 : 0.5707"
"0,42 : 0.8472"
"42,0 : 0.8472"
"0,43 : 0.7379"
"43,0 : 0.7379"
"0,44 : 0.471"
"44,0 : 0.471"
"0,45 : 0.2343"
"45,0 : 0.2343"
"0,46 : 0.8373"
"46,0 : 0.8373"
"0,47 : 0.7708"
"47,0 : 0.7708"
"0,48 : 0.7985"
"48,0 : 0.7985"
"0,49 : 0.7539"
"49,0 : 0.7539"
"1,2 : 0.4187"
"2,1 : 0.4187"
"1,3 : 0.4386"
"3,1 : 0.4386"
"1,4 : 0.6083"
"4,1 : 0.6083"
"1,5 : 0.7368"
"5,1 : 0.7368"
"1,6 : 0.5503"
"6,1 : 0.5503"
"1,7 : 0.3828"
"7,1 : 0.3828"
"1,8 : 0.7841"
"8,1 : 0.7841"
"1,9 : 1.1039"
"9,1 : 1.1039"
"1,10 : 0.7111"
"10,1 : 0.7111"
"1,11 : 0.8616"
"11,1 : 0.8616"
"1,12 : 0.9407"
"12,1 : 0.9407"
"1,13 : 0.8591"
"13,1 : 0.8591"
"1,14 : 0.8987"
"14,1 : 0.8987"
"1,15 : 0.3956"
"15,1 : 0.3956"
"1,16 : 0.8802"
"16,1 : 0.8802"
"1,17 : 0.4604"
"17,1 : 0.4604"
"1,18 : 0.3569"
"18,1 : 0.3569"
"1,19 : 0.3418"
"19,1 : 0.3418"
"1,20 : 0.7301"
"20,1 : 0.7301"
"1,21 : 0.8105"
"21,1 : 0.8105"
"1,22 : 0.4482"
"22,1 : 0.4482"
"1,23 : 0.7816"
"23,1 : 0.7816"
"1,24 : 0.722"
"24,1 : 0.722"
"1,25 : 0.921"
"25,1 : 0.921"
"1,26 : 0.2602"
"26,1 : 0.2602"
"1,27 : 0.9588"
"27,1 : 0.9588"
"1,28 : 1.1113"
"28,1 : 1.1113"
"1,29 : 0.6364"
"29,1 : 0.6364"
"1,30 : 0.1456"
"30,1 : 0.1456"
"1,31 : 0.3848"
"31,1 : 0.3848"
"1,32 : 1.1187"
"32,1 : 1.1187"
"1,33 : 0.4243"
"33,1 : 0.4243"
"1,34 : 0.6923"
"34,1 : 0.6923"
"1,35 : 0.6147"
"35,1 : 0.6147"
"1,36 : 1.0371"
"36,1 : 1.0371"
"1,37 : 0.892"
"37,1 : 0.892"
"1,38 : 0.536"
"38,1 : 0.536"
"1,39 : 0.7554"
"39,1 : 0.7554"
"1,40 : 1.0683"
"40,1 : 1.0683"
"1,41 : 0.5803"
"41,1 : 0.5803"
"1,42 : 0.8929"
"42,1 : 0.8929"
"1,43 : 0.8641"
"43,1 : 0.8641"
"1,44 : 0.6021"
"44,1 : 0.6021"
"1,45 : 0.3441"
"45,1 : 0.3441"
"1,46 : 0.8832"
"46,1 : 0.8832"
"1,47 : 0.8989"
"47,1 : 0.8989"
"1,48 : 0.8732"
"48,1 : 0.8732"
"1,49 : 0.8286"
"49,1 : 0.8286"
"2,3 : 0.1204"
"3,2 : 0.1204"
"2,4 : 0.2202"
"4,2 : 0.2202"
"2,5 : 0.5099"
"5,2 : 0.5099"
"2,6 : 0.2865"
"6,2 : 0.2865"
"2,7 : 0.06"
"7,2 : 0.06"
"2,8 : 0.4977"
"8,2 : 0.4977"
"2,9 : 0.6859"
"9,2 : 0.6859"
"2,10 : 0.4982"
"10,2 : 0.4982"
"2,11 : 0.4826"
"11,2 : 0.4826"
"2,12 : 0.5263"
"12,2 : 0.5263"
"2,13 : 0.4405"
"13,2 : 0.4405"
"2,14 : 0.4837"
"14,2 : 0.4837"
"2,15 : 0.2371"
"15,2 : 0.2371"
"2,16 : 0.6798"
"16,2 : 0.6798"
"2,17 : 0.3551"
"17,2 : 0.3551"
"2,18 : 0.3413"
"18,2 : 0.3413"
"2,19 : 0.2062"
"19,2 : 0.2062"
"2,20 : 0.5661"
"20,2 : 0.5661"
"2,21 : 0.5"
"21,2 : 0.5"
"2,22 : 0.0316"
"22,2 : 0.0316"
"2,23 : 0.4329"
"23,2 : 0.4329"
"2,24 : 0.3162"
"24,2 : 0.3162"
"2,25 : 0.5025"
"25,2 : 0.5025"
"2,26 : 0.2668"
"26,2 : 0.2668"
"2,27 : 0.5515"
"27,2 : 0.5515"
"2,28 : 0.6981"
"28,2 : 0.6981"
"2,29 : 0.222"
"29,2 : 0.222"
"2,30 : 0.2921"
"30,2 : 0.2921"
"2,31 : 0.1789"
"31,2 : 0.1789"
"2,32 : 0.706"
"32,2 : 0.706"
"2,33 : 0.3002"
"33,2 : 0.3002"
"2,34 : 0.3863"
"34,2 : 0.3863"
"2,35 : 0.2532"
"35,2 : 0.2532"
"2,36 : 0.6185"
"36,2 : 0.6185"
"2,37 : 0.5704"
"37,2 : 0.5704"
"2,38 : 0.2832"
"38,2 : 0.2832"
"2,39 : 0.5323"
"39,2 : 0.5323"
"2,40 : 0.6519"
"40,2 : 0.6519"
"2,41 : 0.3607"
"41,2 : 0.3607"
"2,42 : 0.5408"
"42,2 : 0.5408"
"2,43 : 0.5209"
"43,2 : 0.5209"
"2,44 : 0.4264"
"44,2 : 0.4264"
"2,45 : 0.1204"
"45,2 : 0.1204"
"2,46 : 0.5308"
"46,2 : 0.5308"
"2,47 : 0.57"
"47,2 : 0.57"
"2,48 : 0.4682"
"48,2 : 0.4682"
"2,49 : 0.4238"
"49,2 : 0.4238"
"3,4 : 0.172"
"4,3 : 0.172"
"3,5 : 0.6265"
"5,3 : 0.6265"
"3,6 : 0.405"
"6,3 : 0.405"
"3,7 : 0.0854"
"7,3 : 0.0854"
"3,8 : 0.3929"
"8,3 : 0.3929"
"3,9 : 0.7021"
"9,3 : 0.7021"
"3,10 : 0.3801"
"10,3 : 0.3801"
"3,11 : 0.4238"
"11,3 : 0.4238"
"3,12 : 0.559"
"12,3 : 0.559"
"3,13 : 0.4522"
"13,3 : 0.4522"
"3,14 : 0.4738"
"14,3 : 0.4738"
"3,15 : 0.3523"
"15,3 : 0.3523"
"3,16 : 0.7965"
"16,3 : 0.7965"
"3,17 : 0.472"
"17,3 : 0.472"
"3,18 : 0.255"
"18,3 : 0.255"
"3,19 : 0.313"
"19,3 : 0.313"
"3,20 : 0.686"
"20,3 : 0.686"
"3,21 : 0.4031"
"21,3 : 0.4031"
"3,22 : 0.1118"
"22,3 : 0.1118"
"3,23 : 0.3523"
"23,3 : 0.3523"
"3,24 : 0.2907"
"24,3 : 0.2907"
"3,25 : 0.5187"
"25,3 : 0.5187"
"3,26 : 0.2202"
"26,3 : 0.2202"
"3,27 : 0.5243"
"27,3 : 0.5243"
"3,28 : 0.7295"
"28,3 : 0.7295"
"3,29 : 0.2746"
"29,3 : 0.2746"
"3,30 : 0.2953"
"30,3 : 0.2953"
"3,31 : 0.2941"
"31,3 : 0.2941"
"3,32 : 0.7382"
"32,3 : 0.7382"
"3,33 : 0.4162"
"33,3 : 0.4162"
"3,34 : 0.2844"
"34,3 : 0.2844"
"3,35 : 0.1772"
"35,3 : 0.1772"
"3,36 : 0.6248"
"36,3 : 0.6248"
"3,37 : 0.6675"
"37,3 : 0.6675"
"3,38 : 0.164"
"38,3 : 0.164"
"3,39 : 0.6488"
"39,3 : 0.6488"
"3,40 : 0.6438"
"40,3 : 0.6438"
"3,41 : 0.2408"
"41,3 : 0.2408"
"3,42 : 0.4639"
"42,3 : 0.4639"
"3,43 : 0.612"
"43,3 : 0.612"
"3,44 : 0.5467"
"44,3 : 0.5467"
"3,45 : 0.2236"
"45,3 : 0.2236"
"3,46 : 0.454"
"46,3 : 0.454"
"3,47 : 0.6648"
"47,3 : 0.6648"
"3,48 : 0.4383"
"48,3 : 0.4383"
"3,49 : 0.3941"
"49,3 : 0.3941"
"4,5 : 0.6294"
"5,4 : 0.6294"
"4,6 : 0.4327"
"6,4 : 0.4327"
"4,7 : 0.2309"
"7,4 : 0.2309"
"4,8 : 0.3124"
"8,4 : 0.3124"
"4,9 : 0.542"
"9,4 : 0.542"
"4,10 : 0.3624"
"10,4 : 0.3624"
"4,11 : 0.2631"
"11,4 : 0.2631"
"4,12 : 0.4148"
"12,4 : 0.4148"
"4,13 : 0.2955"
"13,4 : 0.2955"
"4,14 : 0.3048"
"14,4 : 0.3048"
"4,15 : 0.4415"
"15,4 : 0.4415"
"4,16 : 0.794"
"16,4 : 0.794"
"4,17 : 0.5503"
"17,4 : 0.5503"
"4,18 : 0.3982"
"18,4 : 0.3982"
"4,19 : 0.4219"
"19,4 : 0.4219"
"4,20 : 0.7106"
"20,4 : 0.7106"
"4,21 : 0.3002"
"21,4 : 0.3002"
"4,22 : 0.19"
"22,4 : 0.19"
"4,23 : 0.2184"
"23,4 : 0.2184"
"4,24 : 0.1204"
"24,4 : 0.1204"
"4,25 : 0.3625"
"25,4 : 0.3625"
"4,26 : 0.389"
"26,4 : 0.389"
"4,27 : 0.3523"
"27,4 : 0.3523"
"4,28 : 0.5794"
"28,4 : 0.5794"
"4,29 : 0.1924"
"29,4 : 0.1924"
"4,30 : 0.4665"
"30,4 : 0.4665"
"4,31 : 0.3864"
"31,4 : 0.3864"
"4,32 : 0.5887"
"32,4 : 0.5887"
"4,33 : 0.5"
"33,4 : 0.5"
"4,34 : 0.2052"
"34,4 : 0.2052"
"4,35 : 0.0583"
"35,4 : 0.0583"
"4,36 : 0.4604"
"36,4 : 0.4604"
"4,37 : 0.6093"
"37,4 : 0.6093"
"4,38 : 0.2002"
"38,4 : 0.2002"
"4,39 : 0.6507"
"39,4 : 0.6507"
"4,40 : 0.4738"
"40,4 : 0.4738"
"4,41 : 0.2631"
"41,4 : 0.2631"
"4,42 : 0.3225"
"42,4 : 0.3225"
"4,43 : 0.5442"
"43,4 : 0.5442"
"4,44 : 0.5852"
"44,4 : 0.5852"
"4,45 : 0.34"
"45,4 : 0.34"
"4,46 : 0.3126"
"46,4 : 0.3126"
"4,47 : 0.6017"
"47,4 : 0.6017"
"4,48 : 0.2663"
"48,4 : 0.2663"
"4,49 : 0.222"
"49,4 : 0.222"
"5,6 : 0.2247"
"6,5 : 0.2247"
"5,7 : 0.5646"
"7,5 : 0.5646"
"5,8 : 0.9407"
"8,5 : 0.9407"
"5,9 : 0.7103"
"9,5 : 0.7103"
"5,10 : 0.9823"
"10,5 : 0.9823"
"5,11 : 0.8112"
"11,5 : 0.8112"
"5,12 : 0.5523"
"12,5 : 0.5523"
"5,13 : 0.5882"
"13,5 : 0.5882"
"5,14 : 0.6768"
"14,5 : 0.6768"
"5,15 : 0.3501"
"15,5 : 0.3501"
"5,16 : 0.17"
"16,5 : 0.17"
"5,17 : 0.2816"
"17,5 : 0.2816"
"5,18 : 0.8382"
"18,5 : 0.8382"
"5,19 : 0.4105"
"19,5 : 0.4105"
"5,20 : 0.11"
"20,5 : 0.11"
"5,21 : 0.922"
"21,5 : 0.922"
"5,22 : 0.5148"
"22,5 : 0.5148"
"5,23 : 0.8262"
"23,5 : 0.8262"
"5,24 : 0.6325"
"24,5 : 0.6325"
"5,25 : 0.6021"
"25,5 : 0.6021"
"5,26 : 0.7376"
"26,5 : 0.7376"
"5,27 : 0.7716"
"27,5 : 0.7716"
"5,28 : 0.6562"
"28,5 : 0.6562"
"5,29 : 0.4482"
"29,5 : 0.4482"
"5,30 : 0.6912"
"30,5 : 0.6912"
"5,31 : 0.3847"
"31,5 : 0.3847"
"5,32 : 0.6576"
"32,5 : 0.6576"
"5,33 : 0.3126"
"33,5 : 0.3126"
"5,34 : 0.8345"
"34,5 : 0.8345"
"5,35 : 0.6862"
"35,5 : 0.6862"
"5,36 : 0.7035"
"36,5 : 0.7035"
"5,37 : 0.2283"
"37,5 : 0.2283"
"5,38 : 0.7794"
"38,5 : 0.7794"
"5,39 : 0.0224"
"39,5 : 0.0224"
"5,40 : 0.7778"
"40,5 : 0.7778"
"5,41 : 0.857"
"41,5 : 0.857"
"5,42 : 0.9043"
"42,5 : 0.9043"
"5,43 : 0.2571"
"43,5 : 0.2571"
"5,44 : 0.1393"
"44,5 : 0.1393"
"5,45 : 0.461"
"45,5 : 0.461"
"5,46 : 0.8959"
"46,5 : 0.8959"
"5,47 : 0.246"
"47,5 : 0.246"
"5,48 : 0.725"
"48,5 : 0.725"
"5,49 : 0.6977"
"49,5 : 0.6977"
"6,7 : 0.3401"
"7,6 : 0.3401"
"6,8 : 0.744"
"8,6 : 0.744"
"6,9 : 0.6707"
"9,6 : 0.6707"
"6,10 : 0.771"
"10,6 : 0.771"
"6,11 : 0.6515"
"11,6 : 0.6515"
"6,12 : 0.4965"
"12,6 : 0.4965"
"6,13 : 0.4809"
"13,6 : 0.4809"
"6,14 : 0.5601"
"14,6 : 0.5601"
"6,15 : 0.1565"
"15,6 : 0.1565"
"6,16 : 0.394"
"16,6 : 0.394"
"6,17 : 0.1709"
"17,6 : 0.1709"
"6,18 : 0.614"
"18,6 : 0.614"
"6,19 : 0.2088"
"19,6 : 0.2088"
"6,20 : 0.2832"
"20,6 : 0.2832"
"6,21 : 0.7325"
"21,6 : 0.7325"
"6,22 : 0.2941"
"22,6 : 0.2941"
"6,23 : 0.6441"
"23,6 : 0.6441"
"6,24 : 0.4649"
"24,6 : 0.4649"
"6,25 : 0.5179"
"25,6 : 0.5179"
"6,26 : 0.5162"
"26,6 : 0.5162"
"6,27 : 0.6512"
"27,6 : 0.6512"
"6,28 : 0.6441"
"28,6 : 0.6441"
"6,29 : 0.2789"
"29,6 : 0.2789"
"6,30 : 0.4817"
"30,6 : 0.4817"
"6,31 : 0.1712"
"31,6 : 0.1712"
"6,32 : 0.6488"
"32,6 : 0.6488"
"6,33 : 0.1562"
"33,6 : 0.1562"
"6,34 : 0.6341"
"34,6 : 0.6341"
"6,35 : 0.486"
"35,6 : 0.486"
"6,36 : 0.6356"
"36,6 : 0.6356"
"6,37 : 0.3418"
"37,6 : 0.3418"
"6,38 : 0.5622"
"38,6 : 0.5622"
"6,39 : 0.247"
"39,6 : 0.247"
"6,40 : 0.6972"
"40,6 : 0.6972"
"6,41 : 0.6403"
"41,6 : 0.6403"
"6,42 : 0.7354"
"42,6 : 0.7354"
"6,43 : 0.3191"
"43,6 : 0.3191"
"6,44 : 0.1526"
"44,6 : 0.1526"
"6,45 : 0.2408"
"45,6 : 0.2408"
"6,46 : 0.7262"
"46,6 : 0.7262"
"6,47 : 0.3493"
"47,6 : 0.3493"
"6,48 : 0.5869"
"48,6 : 0.5869"
"6,49 : 0.5511"
"49,6 : 0.5511"
"7,8 : 0.478"
"8,7 : 0.478"
"7,9 : 0.7292"
"9,7 : 0.7292"
"7,10 : 0.4632"
"10,7 : 0.4632"
"7,11 : 0.4924"
"11,7 : 0.4924"
"7,12 : 0.5743"
"12,7 : 0.5743"
"7,13 : 0.4808"
"13,7 : 0.4808"
"7,14 : 0.5161"
"14,7 : 0.5161"
"7,15 : 0.2702"
"15,7 : 0.2702"
"7,16 : 0.7341"
"16,7 : 0.7341"
"7,17 : 0.3905"
"17,7 : 0.3905"
"7,18 : 0.2816"
"18,7 : 0.2816"
"7,19 : 0.2283"
"19,7 : 0.2283"
"7,20 : 0.6159"
"20,7 : 0.6159"
"7,21 : 0.4866"
"21,7 : 0.4866"
"7,22 : 0.0762"
"22,7 : 0.0762"
"7,23 : 0.4301"
"23,7 : 0.4301"
"7,24 : 0.34"
"24,7 : 0.34"
"7,25 : 0.5449"
"25,7 : 0.5449"
"7,26 : 0.2088"
"26,7 : 0.2088"
"7,27 : 0.5771"
"27,7 : 0.5771"
"7,28 : 0.7463"
"28,7 : 0.7463"
"7,29 : 0.2729"
"29,7 : 0.2729"
"7,30 : 0.2476"
"30,7 : 0.2476"
"7,31 : 0.2126"
"31,7 : 0.2126"
"7,32 : 0.7545"
"32,7 : 0.7545"
"7,33 : 0.3342"
"33,7 : 0.3342"
"7,34 : 0.3688"
"34,7 : 0.3688"
"7,35 : 0.2508"
"35,7 : 0.2508"
"7,36 : 0.658"
"36,7 : 0.658"
"7,37 : 0.6303"
"37,7 : 0.6303"
"7,38 : 0.247"
"38,7 : 0.247"
"7,39 : 0.5869"
"39,7 : 0.5869"
"7,40 : 0.686"
"40,7 : 0.686"
"7,41 : 0.322"
"41,7 : 0.322"
"7,42 : 0.5408"
"42,7 : 0.5408"
"7,43 : 0.5808"
"43,7 : 0.5808"
"7,44 : 0.4743"
"44,7 : 0.4743"
"7,45 : 0.1389"
"45,7 : 0.1389"
"7,46 : 0.5308"
"46,7 : 0.5308"
"7,47 : 0.63"
"47,7 : 0.63"
"7,48 : 0.4919"
"48,7 : 0.4919"
"7,49 : 0.4472"
"49,7 : 0.4472"
"8,9 : 0.6707"
"9,8 : 0.6707"
"8,10 : 0.1389"
"10,8 : 0.1389"
"8,11 : 0.2408"
"11,8 : 0.2408"
"8,12 : 0.6139"
"12,8 : 0.6139"
"8,13 : 0.4851"
"13,8 : 0.4851"
"8,14 : 0.4319"
"14,8 : 0.4319"
"8,15 : 0.7341"
"15,8 : 0.7341"
"8,16 : 1.1034"
"16,8 : 1.1034"
"8,17 : 0.8497"
"17,8 : 0.8497"
"8,18 : 0.4554"
"18,8 : 0.4554"
"8,19 : 0.7023"
"19,8 : 0.7023"
"8,20 : 1.023"
"20,8 : 1.023"
"8,21 : 0.0539"
"21,8 : 0.0539"
"8,22 : 0.4742"
"22,8 : 0.4742"
"8,23 : 0.1432"
"23,8 : 0.1432"
"8,24 : 0.3312"
"24,8 : 0.3312"
"8,25 : 0.5376"
"25,8 : 0.5376"
"8,26 : 0.5247"
"26,8 : 0.5247"
"8,27 : 0.4031"
"27,8 : 0.4031"
"8,28 : 0.7406"
"28,8 : 0.7406"
"8,29 : 0.4958"
"29,8 : 0.4958"
"8,30 : 0.6412"
"30,8 : 0.6412"
"8,31 : 0.6762"
"31,8 : 0.6762"
"8,32 : 0.7506"
"32,8 : 0.7506"
"8,33 : 0.7962"
"33,8 : 0.7962"
"8,34 : 0.1118"
"34,8 : 0.1118"
"8,35 : 0.2581"
"35,8 : 0.2581"
"8,36 : 0.5803"
"36,8 : 0.5803"
"8,37 : 0.8989"
"37,8 : 0.8989"
"8,38 : 0.25"
"38,8 : 0.25"
"8,39 : 0.9618"
"39,8 : 0.9618"
"8,40 : 0.5474"
"40,8 : 0.5474"
"8,41 : 0.2088"
"41,8 : 0.2088"
"8,42 : 0.1789"
"42,8 : 0.1789"
"8,43 : 0.8301"
"43,8 : 0.8301"
"8,44 : 0.8963"
"44,8 : 0.8963"
"8,45 : 0.6135"
"45,8 : 0.6135"
"8,46 : 0.1746"
"46,8 : 0.1746"
"8,47 : 0.8884"
"47,8 : 0.8884"
"8,48 : 0.3506"
"48,8 : 0.3506"
"8,49 : 0.3354"
"49,8 : 0.3354"
"9,10 : 0.7963"
"10,9 : 0.7963"
"9,11 : 0.4301"
"11,9 : 0.4301"
"9,12 : 0.1746"
"12,9 : 0.1746"
"9,13 : 0.25"
"13,9 : 0.25"
"9,14 : 0.25"
"14,9 : 0.25"
"9,15 : 0.7918"
"15,9 : 0.7918"
"9,16 : 0.8006"
"16,9 : 0.8006"
"9,17 : 0.8415"
"17,9 : 0.8415"
"9,18 : 0.9402"
"18,9 : 0.9402"
"9,19 : 0.813"
"19,9 : 0.813"
"9,20 : 0.8202"
"20,9 : 0.8202"
"9,21 : 0.6201"
"21,9 : 0.6201"
"9,22 : 0.6576"
"22,9 : 0.6576"
"9,23 : 0.5334"
"23,9 : 0.5334"
"9,24 : 0.4249"
"24,9 : 0.4249"
"9,25 : 0.1844"
"25,9 : 0.1844"
"9,26 : 0.922"
"26,9 : 0.922"
"9,27 : 0.2707"
"27,9 : 0.2707"
"9,28 : 0.0922"
"28,9 : 0.0922"
"9,29 : 0.4686"
"29,9 : 0.4686"
"9,30 : 0.9762"
"30,9 : 0.9762"
"9,31 : 0.7632"
"31,9 : 0.7632"
"9,32 : 0.1"
"32,9 : 0.1"
"9,33 : 0.8194"
"33,9 : 0.8194"
"9,34 : 0.6335"
"34,9 : 0.6335"
"9,35 : 0.5727"
"35,9 : 0.5727"
"9,36 : 0.0906"
"36,9 : 0.0906"
"9,37 : 0.5179"
"37,9 : 0.5179"
"9,38 : 0.7262"
"38,9 : 0.7262"
"9,39 : 0.72"
"39,9 : 0.72"
"9,40 : 0.1432"
"40,9 : 0.1432"
"9,41 : 0.7654"
"41,9 : 0.7654"
"9,42 : 0.5124"
"42,9 : 0.5124"
"9,43 : 0.4617"
"43,9 : 0.4617"
"9,44 : 0.7747"
"44,9 : 0.7747"
"9,45 : 0.7701"
"45,9 : 0.7701"
"9,46 : 0.5116"
"46,9 : 0.5116"
"9,47 : 0.4982"
"47,9 : 0.4982"
"9,48 : 0.3239"
"48,9 : 0.3239"
"9,49 : 0.3517"
"49,9 : 0.3517"
"10,11 : 0.3711"
"11,10 : 0.3711"
"10,12 : 0.7225"
"12,10 : 0.7225"
"10,13 : 0.5921"
"13,10 : 0.5921"
"10,14 : 0.5508"
"14,10 : 0.5508"
"10,15 : 0.7324"
"15,10 : 0.7324"
"10,16 : 1.15"
"16,10 : 1.15"
"10,17 : 0.8521"
"17,10 : 0.8521"
"10,18 : 0.3612"
"18,10 : 0.3612"
"10,19 : 0.6912"
"19,10 : 0.6912"
"10,20 : 1.0542"
"20,10 : 1.0542"
"10,21 : 0.1924"
"21,10 : 0.1924"
"10,22 : 0.4817"
"22,10 : 0.4817"
"10,23 : 0.2631"
"23,10 : 0.2631"
"10,24 : 0.4198"
"24,10 : 0.4198"
"10,25 : 0.6503"
"25,10 : 0.6503"
"10,26 : 0.4528"
"26,10 : 0.4528"
"10,27 : 0.5337"
"27,10 : 0.5337"
"10,28 : 0.8609"
"28,10 : 0.8609"
"10,29 : 0.5547"
"29,10 : 0.5547"
"10,30 : 0.5756"
"30,10 : 0.5756"
"10,31 : 0.6742"
"31,10 : 0.6742"
"10,32 : 0.8709"
"32,10 : 0.8709"
"10,33 : 0.7963"
"33,10 : 0.7963"
"10,34 : 0.1726"
"34,10 : 0.1726"
"10,35 : 0.3041"
"35,10 : 0.3041"
"10,36 : 0.7058"
"36,10 : 0.7058"
"10,37 : 0.9708"
"37,10 : 0.9708"
"10,38 : 0.2163"
"38,10 : 0.2163"
"10,39 : 1.0042"
"39,10 : 1.0042"
"10,40 : 0.6791"
"40,10 : 0.6791"
"10,41 : 0.1432"
"41,10 : 0.1432"
"10,42 : 0.3176"
"42,10 : 0.3176"
"10,43 : 0.9047"
"43,10 : 0.9047"
"10,44 : 0.9193"
"44,10 : 0.9193"
"10,45 : 0.6021"
"45,10 : 0.6021"
"10,46 : 0.313"
"46,10 : 0.313"
"10,47 : 0.9625"
"47,10 : 0.9625"
"10,48 : 0.4727"
"48,10 : 0.4727"
"10,49 : 0.4501"
"49,10 : 0.4501"
"11,12 : 0.39"
"12,11 : 0.39"
"11,13 : 0.2693"
"13,11 : 0.2693"
"11,14 : 0.1992"
"14,11 : 0.1992"
"11,15 : 0.6926"
"15,11 : 0.6926"
"11,16 : 0.9602"
"16,11 : 0.9602"
"11,17 : 0.7925"
"17,11 : 0.7925"
"11,18 : 0.5955"
"18,11 : 0.5955"
"11,19 : 0.68"
"19,11 : 0.68"
"11,20 : 0.9079"
"20,11 : 0.9079"
"11,21 : 0.19"
"21,11 : 0.19"
"11,22 : 0.4518"
"22,11 : 0.4518"
"11,23 : 0.1118"
"23,11 : 0.1118"
"11,24 : 0.1868"
"24,11 : 0.1868"
"11,25 : 0.3102"
"25,11 : 0.3102"
"11,26 : 0.6227"
"26,11 : 0.6227"
"11,27 : 0.1628"
"27,11 : 0.1628"
"11,28 : 0.5025"
"28,11 : 0.5025"
"11,29 : 0.3734"
"29,11 : 0.3734"
"11,30 : 0.7169"
"30,11 : 0.7169"
"11,31 : 0.6407"
"31,11 : 0.6407"
"11,32 : 0.5124"
"32,11 : 0.5124"
"11,33 : 0.7467"
"33,11 : 0.7467"
"11,34 : 0.2247"
"34,11 : 0.2247"
"11,35 : 0.247"
"35,11 : 0.247"
"11,36 : 0.34"
"36,11 : 0.34"
"11,37 : 0.7214"
"37,11 : 0.7214"
"11,38 : 0.3612"
"38,11 : 0.3612"
"11,39 : 0.8301"
"39,11 : 0.8301"
"11,40 : 0.3081"
"40,11 : 0.3081"
"11,41 : 0.372"
"41,11 : 0.372"
"11,42 : 0.1"
"42,11 : 0.1"
"11,43 : 0.6507"
"43,11 : 0.6507"
"11,44 : 0.8006"
"44,11 : 0.8006"
"11,45 : 0.6013"
"45,11 : 0.6013"
"11,46 : 0.0943"
"46,11 : 0.0943"
"11,47 : 0.7077"
"47,11 : 0.7077"
"11,48 : 0.117"
"48,11 : 0.117"
"11,49 : 0.1204"
"49,11 : 0.1204"
"12,13 : 0.1304"
"13,12 : 0.1304"
"12,14 : 0.1924"
"14,12 : 0.1924"
"12,15 : 0.6177"
"15,12 : 0.6177"
"12,16 : 0.661"
"16,12 : 0.661"
"12,17 : 0.6673"
"17,12 : 0.6673"
"12,18 : 0.8078"
"18,12 : 0.8078"
"12,19 : 0.6407"
"19,12 : 0.6407"
"12,20 : 0.6619"
"20,12 : 0.6619"
"12,21 : 0.5701"
"21,12 : 0.5701"
"12,22 : 0.5"
"22,12 : 0.5"
"12,23 : 0.4707"
"23,12 : 0.4707"
"12,24 : 0.3114"
"24,12 : 0.3114"
"12,25 : 0.0806"
"25,12 : 0.0806"
"12,26 : 0.7752"
"26,12 : 0.7752"
"12,27 : 0.2691"
"27,12 : 0.2691"
"12,28 : 0.172"
"28,12 : 0.172"
"12,29 : 0.3048"
"29,12 : 0.3048"
"12,30 : 0.8184"
"30,12 : 0.8184"
"12,31 : 0.5908"
"31,12 : 0.5908"
"12,32 : 0.1803"
"32,12 : 0.1803"
"12,33 : 0.6447"
"33,12 : 0.6447"
"12,34 : 0.5508"
"34,12 : 0.5508"
"12,35 : 0.4571"
"35,12 : 0.4571"
"12,36 : 0.1513"
"36,12 : 0.1513"
"12,37 : 0.3848"
"37,12 : 0.3848"
"12,38 : 0.6119"
"38,12 : 0.6119"
"12,39 : 0.5644"
"39,12 : 0.5644"
"12,40 : 0.228"
"40,12 : 0.228"
"12,41 : 0.6637"
"41,12 : 0.6637"
"12,42 : 0.4875"
"42,12 : 0.4875"
"12,43 : 0.3195"
"43,12 : 0.3195"
"12,44 : 0.6053"
"44,12 : 0.6053"
"12,45 : 0.6021"
"45,12 : 0.6021"
"12,46 : 0.4833"
"46,12 : 0.4833"
"12,47 : 0.3667"
"47,12 : 0.3667"
"12,48 : 0.2731"
"48,12 : 0.2731"
"12,49 : 0.2789"
"49,12 : 0.2789"
"13,14 : 0.0894"
"14,13 : 0.0894"
"13,15 : 0.5757"
"15,13 : 0.5757"
"13,16 : 0.7201"
"16,13 : 0.7201"
"13,17 : 0.6463"
"17,13 : 0.6463"
"13,18 : 0.6932"
"18,13 : 0.6932"
"13,19 : 0.5869"
"19,13 : 0.5869"
"13,20 : 0.6938"
"20,13 : 0.6938"
"13,21 : 0.4427"
"21,13 : 0.4427"
"13,22 : 0.4111"
"22,13 : 0.4111"
"13,23 : 0.3421"
"23,13 : 0.3421"
"13,24 : 0.1844"
"24,13 : 0.1844"
"13,25 : 0.0671"
"25,13 : 0.0671"
"13,26 : 0.672"
"26,13 : 0.672"
"13,27 : 0.1838"
"27,13 : 0.1838"
"13,28 : 0.2846"
"28,13 : 0.2846"
"13,29 : 0.2326"
"29,13 : 0.2326"
"13,30 : 0.7284"
"30,13 : 0.7284"
"13,31 : 0.5385"
"31,13 : 0.5385"
"13,32 : 0.2941"
"32,13 : 0.2941"
"13,33 : 0.6139"
"33,13 : 0.6139"
"13,34 : 0.4205"
"34,13 : 0.4205"
"13,35 : 0.3324"
"35,13 : 0.3324"
"13,36 : 0.178"
"36,13 : 0.178"
"13,37 : 0.4623"
"37,13 : 0.4623"
"13,38 : 0.4876"
"38,13 : 0.4876"
"13,39 : 0.6041"
"39,13 : 0.6041"
"13,40 : 0.2214"
"40,13 : 0.2214"
"13,41 : 0.536"
"41,13 : 0.536"
"13,42 : 0.3689"
"42,13 : 0.3689"
"13,43 : 0.392"
"43,13 : 0.392"
"13,44 : 0.612"
"44,13 : 0.612"
"13,45 : 0.5334"
"45,13 : 0.5334"
"13,46 : 0.3636"
"46,13 : 0.3636"
"13,47 : 0.4469"
"47,13 : 0.4469"
"13,48 : 0.1562"
"48,13 : 0.1562"
"13,49 : 0.1523"
"49,13 : 0.1523"
"14,15 : 0.6433"
"15,14 : 0.6433"
"14,16 : 0.8095"
"16,14 : 0.8095"
"14,17 : 0.7217"
"17,14 : 0.7217"
"14,18 : 0.6989"
"18,14 : 0.6989"
"14,19 : 0.6485"
"19,14 : 0.6485"
"14,20 : 0.7816"
"20,14 : 0.7816"
"14,21 : 0.3847"
"21,14 : 0.3847"
"14,22 : 0.4528"
"22,14 : 0.4528"
"14,23 : 0.2902"
"23,14 : 0.2902"
"14,24 : 0.1844"
"24,14 : 0.1844"
"14,25 : 0.1118"
"25,14 : 0.1118"
"14,26 : 0.6931"
"26,14 : 0.6931"
"14,27 : 0.0949"
"27,14 : 0.0949"
"14,28 : 0.3102"
"28,14 : 0.3102"
"14,29 : 0.2961"
"29,14 : 0.2961"
"14,30 : 0.7622"
"30,14 : 0.7622"
"14,31 : 0.6017"
"31,14 : 0.6017"
"14,32 : 0.3202"
"32,14 : 0.3202"
"14,33 : 0.6859"
"33,14 : 0.6859"
"14,34 : 0.3847"
"34,14 : 0.3847"
"14,35 : 0.3276"
"35,14 : 0.3276"
"14,36 : 0.1616"
"36,14 : 0.1616"
"14,37 : 0.55"
"37,14 : 0.55"
"14,38 : 0.4785"
"38,14 : 0.4785"
"14,39 : 0.6929"
"39,14 : 0.6929"
"14,40 : 0.1703"
"40,14 : 0.1703"
"14,41 : 0.5155"
"41,14 : 0.5155"
"14,42 : 0.2955"
"42,14 : 0.2955"
"14,43 : 0.4801"
"43,14 : 0.4801"
"14,44 : 0.6958"
"44,14 : 0.6958"
"14,45 : 0.5869"
"45,14 : 0.5869"
"14,46 : 0.2915"
"46,14 : 0.2915"
"14,47 : 0.5341"
"47,14 : 0.5341"
"14,48 : 0.0825"
"48,14 : 0.0825"
"14,49 : 0.102"
"49,14 : 0.102"
"15,16 : 0.508"
"16,15 : 0.508"
"15,17 : 0.1204"
"17,15 : 0.1204"
"15,18 : 0.51"
"18,15 : 0.51"
"15,19 : 0.0608"
"19,15 : 0.0608"
"15,20 : 0.37"
"20,15 : 0.37"
"15,21 : 0.7339"
"21,15 : 0.7339"
"15,22 : 0.26"
"22,15 : 0.26"
"15,23 : 0.6597"
"23,15 : 0.6597"
"15,24 : 0.5101"
"24,15 : 0.5101"
"15,25 : 0.6239"
"25,15 : 0.6239"
"15,26 : 0.3992"
"26,15 : 0.3992"
"15,27 : 0.7269"
"27,15 : 0.7269"
"15,28 : 0.7767"
"28,15 : 0.7767"
"15,29 : 0.3471"
"29,15 : 0.3471"
"15,30 : 0.3413"
"30,15 : 0.3413"
"15,31 : 0.0583"
"31,15 : 0.0583"
"15,32 : 0.7824"
"32,15 : 0.7824"
"15,33 : 0.064"
"33,15 : 0.064"
"15,34 : 0.6224"
"34,15 : 0.6224"
"15,35 : 0.4838"
"35,15 : 0.4838"
"15,36 : 0.7446"
"36,15 : 0.7446"
"15,37 : 0.4977"
"37,15 : 0.4977"
"15,38 : 0.5161"
"38,15 : 0.5161"
"15,39 : 0.3705"
"39,15 : 0.3705"
"15,40 : 0.797"
"40,15 : 0.797"
"15,41 : 0.592"
"41,15 : 0.592"
"15,42 : 0.763"
"42,15 : 0.763"
"15,43 : 0.4751"
"43,15 : 0.4751"
"15,44 : 0.228"
"44,15 : 0.228"
"15,45 : 0.1345"
"45,15 : 0.1345"
"15,46 : 0.7531"
"46,15 : 0.7531"
"15,47 : 0.5057"
"47,15 : 0.5057"
"15,48 : 0.6519"
"48,15 : 0.6519"
"15,49 : 0.6107"
"49,15 : 0.6107"
"16,17 : 0.42"
"17,16 : 0.42"
"16,18 : 1.0057"
"18,16 : 1.0057"
"16,19 : 0.5689"
"19,16 : 0.5689"
"16,20 : 0.153"
"20,16 : 0.153"
"16,21 : 1.0821"
"21,16 : 1.0821"
"16,22 : 0.6848"
"22,16 : 0.6848"
"16,23 : 0.9841"
"23,16 : 0.9841"
"16,24 : 0.7875"
"24,16 : 0.7875"
"16,25 : 0.7224"
"25,16 : 0.7224"
"16,26 : 0.9025"
"26,16 : 0.9025"
"16,27 : 0.9034"
"27,16 : 0.9034"
"16,28 : 0.7325"
"28,16 : 0.7325"
"16,29 : 0.6081"
"29,16 : 0.6081"
"16,30 : 0.8485"
"30,16 : 0.8485"
"16,31 : 0.5482"
"31,16 : 0.5482"
"16,32 : 0.7317"
"32,16 : 0.7317"
"16,33 : 0.4617"
"33,16 : 0.4617"
"16,34 : 0.999"
"34,16 : 0.999"
"16,35 : 0.8515"
"35,16 : 0.8515"
"16,36 : 0.8104"
"36,16 : 0.8104"
"16,37 : 0.2828"
"37,16 : 0.2828"
"16,38 : 0.9487"
"38,16 : 0.9487"
"16,39 : 0.1476"
"39,16 : 0.1476"
"16,40 : 0.8889"
"40,16 : 0.8889"
"16,41 : 1.0263"
"41,16 : 1.0263"
"16,42 : 1.056"
"42,16 : 1.056"
"16,43 : 0.3421"
"43,16 : 0.3421"
"16,44 : 0.2816"
"44,16 : 0.2816"
"16,45 : 0.6264"
"45,16 : 0.6264"
"16,46 : 1.0481"
"46,16 : 1.0481"
"16,47 : 0.3027"
"47,16 : 0.3027"
"16,48 : 0.8661"
"48,16 : 0.8661"
"16,49 : 0.8431"
"49,16 : 0.8431"
"17,18 : 0.6243"
"18,17 : 0.6243"
"17,19 : 0.172"
"19,17 : 0.172"
"17,20 : 0.2717"
"20,17 : 0.2717"
"17,21 : 0.8469"
"21,17 : 0.8469"
"17,22 : 0.3759"
"22,17 : 0.3759"
"17,23 : 0.7684"
"23,17 : 0.7684"
"17,24 : 0.6067"
"24,17 : 0.6067"
"17,25 : 0.6866"
"25,17 : 0.6866"
"17,26 : 0.51"
"26,17 : 0.51"
"17,27 : 0.8102"
"27,17 : 0.8102"
"17,28 : 0.8139"
"28,17 : 0.8139"
"17,29 : 0.4301"
"29,17 : 0.4301"
"17,30 : 0.4368"
"30,17 : 0.4368"
"17,31 : 0.178"
"31,17 : 0.178"
"17,32 : 0.8184"
"32,17 : 0.8184"
"17,33 : 0.0566"
"33,17 : 0.0566"
"17,34 : 0.7379"
"34,17 : 0.7379"
"17,35 : 0.5962"
"35,17 : 0.5962"
"17,36 : 0.8052"
"36,17 : 0.8052"
"17,37 : 0.472"
"37,17 : 0.472"
"17,38 : 0.636"
"38,17 : 0.636"
"17,39 : 0.2983"
"39,17 : 0.2983"
"17,40 : 0.8649"
"40,17 : 0.8649"
"17,41 : 0.7122"
"41,17 : 0.7122"
"17,42 : 0.8683"
"42,17 : 0.8683"
"17,43 : 0.4667"
"43,17 : 0.4667"
"17,44 : 0.1432"
"44,17 : 0.1432"
"17,45 : 0.2546"
"45,17 : 0.2546"
"17,46 : 0.8587"
"46,17 : 0.8587"
"17,47 : 0.4841"
"47,17 : 0.4841"
"17,48 : 0.7406"
"48,17 : 0.7406"
"17,49 : 0.7018"
"49,17 : 0.7018"
"18,19 : 0.4528"
"19,18 : 0.4528"
"18,20 : 0.8773"
"20,18 : 0.8773"
"18,21 : 0.4924"
"21,18 : 0.4924"
"18,22 : 0.35"
"22,18 : 0.35"
"18,23 : 0.4941"
"23,18 : 0.4941"
"18,24 : 0.5162"
"24,18 : 0.5162"
"18,25 : 0.7603"
"25,18 : 0.7603"
"18,26 : 0.1204"
"26,18 : 0.1204"
"18,27 : 0.73"
"27,18 : 0.73"
"18,28 : 0.9758"
"28,18 : 0.9758"
"18,29 : 0.5295"
"29,18 : 0.5295"
"18,30 : 0.2371"
"30,18 : 0.2371"
"18,31 : 0.461"
"31,18 : 0.461"
"18,32 : 0.9849"
"32,18 : 0.9849"
"18,33 : 0.5694"
"33,18 : 0.5694"
"18,34 : 0.3859"
"34,18 : 0.3859"
"18,35 : 0.372"
"35,18 : 0.372"
"18,36 : 0.8576"
"36,18 : 0.8576"
"18,37 : 0.9114"
"37,18 : 0.9114"
"18,38 : 0.2343"
"38,18 : 0.2343"
"18,39 : 0.8602"
"39,18 : 0.8602"
"18,40 : 0.864"
"40,18 : 0.864"
"18,41 : 0.247"
"41,18 : 0.247"
"18,42 : 0.5968"
"42,18 : 0.5968"
"18,43 : 0.86"
"43,18 : 0.86"
"18,44 : 0.7341"
"44,18 : 0.7341"
"18,45 : 0.3808"
"45,18 : 0.3808"
"18,46 : 0.5883"
"46,18 : 0.5883"
"18,47 : 0.9105"
"47,18 : 0.9105"
"18,48 : 0.6466"
"48,18 : 0.6466"
"18,49 : 0.6061"
"49,18 : 0.6061"
"19,20 : 0.4301"
"20,19 : 0.4301"
"19,21 : 0.706"
"21,19 : 0.706"
"19,22 : 0.2335"
"22,19 : 0.2335"
"19,23 : 0.6379"
"23,19 : 0.6379"
"19,24 : 0.5025"
"24,19 : 0.5025"
"19,25 : 0.6395"
"25,19 : 0.6395"
"19,26 : 0.3401"
"26,19 : 0.3401"
"19,27 : 0.7278"
"27,19 : 0.7278"
"19,28 : 0.8043"
"28,19 : 0.8043"
"19,29 : 0.3547"
"29,19 : 0.3547"
"19,30 : 0.2807"
"30,19 : 0.2807"
"19,31 : 0.05"
"31,19 : 0.05"
"19,32 : 0.8106"
"32,19 : 0.8106"
"19,33 : 0.1166"
"33,19 : 0.1166"
"19,34 : 0.5914"
"34,19 : 0.5914"
"19,35 : 0.4589"
"35,19 : 0.4589"
"19,36 : 0.7603"
"36,19 : 0.7603"
"19,37 : 0.5503"
"37,19 : 0.5503"
"19,38 : 0.4751"
"38,19 : 0.4751"
"19,39 : 0.431"
"39,19 : 0.431"
"19,40 : 0.8078"
"40,19 : 0.8078"
"19,41 : 0.5492"
"41,19 : 0.5492"
"19,42 : 0.7443"
"42,19 : 0.7443"
"19,43 : 0.5233"
"43,19 : 0.5233"
"19,44 : 0.2886"
"44,19 : 0.2886"
"19,45 : 0.0894"
"45,19 : 0.0894"
"19,46 : 0.7344"
"46,19 : 0.7344"
"19,47 : 0.5571"
"47,19 : 0.5571"
"19,48 : 0.6494"
"48,19 : 0.6494"
"19,49 : 0.6067"
"49,19 : 0.6067"
"20,21 : 1.008"
"21,20 : 1.008"
"20,22 : 0.5763"
"22,20 : 0.5763"
"20,23 : 0.9153"
"23,20 : 0.9153"
"20,24 : 0.7256"
"24,20 : 0.7256"
"20,25 : 0.7102"
"25,20 : 0.7102"
"20,26 : 0.769"
"26,20 : 0.769"
"20,27 : 0.8764"
"27,20 : 0.8764"
"20,28 : 0.7653"
"28,20 : 0.7653"
"20,29 : 0.5385"
"29,20 : 0.5385"
"20,30 : 0.7061"
"30,20 : 0.7061"
"20,31 : 0.4163"
"31,20 : 0.4163"
"20,32 : 0.7666"
"32,20 : 0.7666"
"20,33 : 0.3178"
"33,20 : 0.3178"
"20,34 : 0.9144"
"34,20 : 0.9144"
"20,35 : 0.7658"
"35,20 : 0.7658"
"20,36 : 0.813"
"36,20 : 0.813"
"20,37 : 0.3289"
"37,20 : 0.3289"
"20,38 : 0.845"
"38,20 : 0.845"
"20,39 : 0.102"
"39,20 : 0.102"
"20,40 : 0.8868"
"40,20 : 0.8868"
"20,41 : 0.9231"
"41,20 : 0.9231"
"20,42 : 0.9985"
"42,20 : 0.9985"
"20,43 : 0.365"
"43,20 : 0.365"
"20,44 : 0.1432"
"44,20 : 0.1432"
"20,45 : 0.4966"
"45,20 : 0.4966"
"20,46 : 0.9898"
"46,20 : 0.9898"
"20,47 : 0.3479"
"47,20 : 0.3479"
"20,48 : 0.8264"
"48,20 : 0.8264"
"20,49 : 0.7971"
"49,20 : 0.7971"
"21,22 : 0.4743"
"22,21 : 0.4743"
"21,23 : 0.103"
"23,21 : 0.103"
"21,24 : 0.3"
"24,21 : 0.3"
"21,25 : 0.4924"
"25,21 : 0.4924"
"21,26 : 0.5532"
"26,21 : 0.5532"
"21,27 : 0.3513"
"27,21 : 0.3513"
"21,28 : 0.6918"
"28,21 : 0.6918"
"21,29 : 0.4742"
"29,21 : 0.4742"
"21,30 : 0.6661"
"30,21 : 0.6661"
"21,31 : 0.6768"
"31,21 : 0.6768"
"21,32 : 0.7018"
"32,21 : 0.7018"
"21,33 : 0.7948"
"33,21 : 0.7948"
"21,34 : 0.12"
"34,21 : 0.12"
"21,35 : 0.2508"
"35,21 : 0.2508"
"21,36 : 0.53"
"36,21 : 0.53"
"21,37 : 0.8684"
"37,21 : 0.8684"
"21,38 : 0.2746"
"38,21 : 0.2746"
"21,39 : 0.9426"
"39,21 : 0.9426"
"21,40 : 0.495"
"40,21 : 0.495"
"21,41 : 0.246"
"41,21 : 0.246"
"21,42 : 0.1253"
"42,21 : 0.1253"
"21,43 : 0.7988"
"43,21 : 0.7988"
"21,44 : 0.8851"
"44,21 : 0.8851"
"21,45 : 0.6185"
"45,21 : 0.6185"
"21,46 : 0.1208"
"46,21 : 0.1208"
"21,47 : 0.857"
"47,21 : 0.857"
"21,48 : 0.3027"
"48,21 : 0.3027"
"21,49 : 0.2912"
"49,21 : 0.2912"
"22,23 : 0.4045"
"23,22 : 0.4045"
"22,24 : 0.2846"
"24,22 : 0.2846"
"22,25 : 0.4738"
"25,22 : 0.4738"
"22,26 : 0.2846"
"26,22 : 0.2846"
"22,27 : 0.52"
"27,22 : 0.52"
"22,28 : 0.672"
"28,22 : 0.672"
"22,29 : 0.1972"
"29,22 : 0.1972"
"22,30 : 0.3189"
"30,22 : 0.3189"
"22,31 : 0.2025"
"31,22 : 0.2025"
"22,32 : 0.6801"
"32,22 : 0.6801"
"22,33 : 0.322"
"33,22 : 0.322"
"22,34 : 0.3625"
"34,22 : 0.3625"
"22,35 : 0.2256"
"35,22 : 0.2256"
"22,36 : 0.589"
"36,22 : 0.589"
"22,37 : 0.5622"
"37,22 : 0.5622"
"22,38 : 0.2691"
"38,22 : 0.2691"
"22,39 : 0.5371"
"39,22 : 0.5371"
"22,40 : 0.6213"
"40,22 : 0.6213"
"22,41 : 0.3471"
"41,22 : 0.3471"
"22,42 : 0.5116"
"42,22 : 0.5116"
"22,43 : 0.51"
"43,22 : 0.51"
"22,44 : 0.4386"
"44,22 : 0.4386"
"22,45 : 0.15"
"45,22 : 0.15"
"22,46 : 0.5016"
"46,22 : 0.5016"
"22,47 : 0.5608"
"47,22 : 0.5608"
"22,48 : 0.4366"
"48,22 : 0.4366"
"22,49 : 0.3922"
"49,22 : 0.3922"
"23,24 : 0.1985"
"24,23 : 0.1985"
"23,25 : 0.3946"
"25,23 : 0.3946"
"23,26 : 0.5331"
"26,23 : 0.5331"
"23,27 : 0.272"
"27,23 : 0.272"
"23,28 : 0.6"
"28,23 : 0.6"
"23,29 : 0.378"
"29,23 : 0.378"
"23,30 : 0.636"
"30,23 : 0.636"
"23,31 : 0.6042"
"31,23 : 0.6042"
"23,32 : 0.61"
"32,23 : 0.61"
"23,33 : 0.7184"
"33,23 : 0.7184"
"23,34 : 0.114"
"34,23 : 0.114"
"23,35 : 0.1803"
"35,23 : 0.1803"
"23,36 : 0.4428"
"36,23 : 0.4428"
"23,37 : 0.7661"
"37,23 : 0.7661"
"23,38 : 0.2608"
"38,23 : 0.2608"
"23,39 : 0.8465"
"39,23 : 0.8465"
"23,40 : 0.4176"
"40,23 : 0.4176"
"23,41 : 0.2625"
"41,23 : 0.2625"
"23,42 : 0.1118"
"42,23 : 0.1118"
"23,43 : 0.6963"
"43,23 : 0.6963"
"23,44 : 0.7965"
"44,23 : 0.7965"
"23,45 : 0.5533"
"45,23 : 0.5533"
"23,46 : 0.102"
"46,23 : 0.102"
"23,47 : 0.7545"
"47,23 : 0.7545"
"23,48 : 0.2102"
"48,23 : 0.2102"
"23,49 : 0.1924"
"49,23 : 0.1924"
"24,25 : 0.25"
"25,24 : 0.25"
"24,26 : 0.5091"
"26,24 : 0.5091"
"24,27 : 0.2371"
"27,24 : 0.2371"
"24,28 : 0.4684"
"28,24 : 0.4684"
"24,29 : 0.1879"
"29,24 : 0.1879"
"24,30 : 0.5825"
"30,24 : 0.5825"
"24,31 : 0.4604"
"31,24 : 0.4604"
"24,32 : 0.478"
"32,24 : 0.478"
"24,33 : 0.5622"
"33,24 : 0.5622"
"24,34 : 0.2474"
"34,24 : 0.2474"
"24,35 : 0.1487"
"35,24 : 0.1487"
"24,36 : 0.3413"
"36,24 : 0.3413"
"24,37 : 0.5686"
"37,24 : 0.5686"
"24,38 : 0.3036"
"38,24 : 0.3036"
"24,39 : 0.6522"
"39,24 : 0.6522"
"24,40 : 0.3536"
"40,24 : 0.3536"
"24,41 : 0.3523"
"41,24 : 0.3523"
"24,42 : 0.2729"
"42,24 : 0.2729"
"24,43 : 0.4993"
"43,24 : 0.4993"
"24,44 : 0.6147"
"44,24 : 0.6147"
"24,45 : 0.4295"
"45,24 : 0.4295"
"24,46 : 0.2642"
"46,24 : 0.2642"
"24,47 : 0.5576"
"47,24 : 0.5576"
"24,48 : 0.1523"
"48,24 : 0.1523"
"24,49 : 0.1077"
"49,24 : 0.1077"
"25,26 : 0.7382"
"26,25 : 0.7382"
"25,27 : 0.191"
"27,25 : 0.191"
"25,28 : 0.2184"
"28,25 : 0.2184"
"25,29 : 0.2884"
"29,25 : 0.2884"
"25,30 : 0.7921"
"30,25 : 0.7921"
"25,31 : 0.5903"
"31,25 : 0.5903"
"25,32 : 0.228"
"32,25 : 0.228"
"25,33 : 0.658"
"33,25 : 0.658"
"25,34 : 0.4801"
"34,25 : 0.4801"
"25,35 : 0.3985"
"35,25 : 0.3985"
"25,36 : 0.1208"
"36,25 : 0.1208"
"25,37 : 0.4528"
"37,25 : 0.4528"
"25,38 : 0.5536"
"38,25 : 0.5536"
"25,39 : 0.6161"
"39,25 : 0.6161"
"25,40 : 0.1803"
"40,25 : 0.1803"
"25,41 : 0.6002"
"41,25 : 0.6002"
"25,42 : 0.4072"
"42,25 : 0.4072"
"25,43 : 0.3847"
"43,25 : 0.3847"
"25,44 : 0.6401"
"44,25 : 0.6401"
"25,45 : 0.5908"
"45,25 : 0.5908"
"25,46 : 0.4031"
"46,25 : 0.4031"
"25,47 : 0.4357"
"47,25 : 0.4357"
"25,48 : 0.1931"
"48,25 : 0.1931"
"25,49 : 0.2022"
"49,25 : 0.2022"
"26,27 : 0.7388"
"27,26 : 0.7388"
"26,28 : 0.9467"
"28,26 : 0.9467"
"26,29 : 0.4793"
"29,26 : 0.4793"
"26,30 : 0.1237"
"30,26 : 0.1237"
"26,31 : 0.3544"
"31,26 : 0.3544"
"26,32 : 0.9552"
"32,26 : 0.9552"
"26,33 : 0.4562"
"33,26 : 0.4562"
"26,34 : 0.4368"
"34,26 : 0.4368"
"26,35 : 0.3801"
"35,26 : 0.3801"
"26,36 : 0.845"
"36,26 : 0.845"
"26,37 : 0.831"
"37,26 : 0.831"
"26,38 : 0.2789"
"38,26 : 0.2789"
"26,39 : 0.7593"
"39,26 : 0.7593"
"26,40 : 0.8627"
"40,26 : 0.8627"
"26,41 : 0.3202"
"41,26 : 0.3202"
"26,42 : 0.6426"
"42,26 : 0.6426"
"26,43 : 0.7852"
"43,26 : 0.7852"
"26,44 : 0.6263"
"44,26 : 0.6263"
"26,45 : 0.2766"
"45,26 : 0.2766"
"26,46 : 0.6332"
"46,26 : 0.6332"
"26,47 : 0.8322"
"47,26 : 0.8322"
"26,48 : 0.653"
"48,26 : 0.653"
"26,49 : 0.6096"
"49,26 : 0.6096"
"27,28 : 0.3493"
"28,27 : 0.3493"
"27,29 : 0.3812"
"29,27 : 0.3812"
"27,30 : 0.8184"
"30,27 : 0.8184"
"27,31 : 0.6825"
"31,27 : 0.6825"
"27,32 : 0.359"
"32,27 : 0.359"
"27,33 : 0.7723"
"33,27 : 0.7723"
"27,34 : 0.3808"
"34,27 : 0.3808"
"27,35 : 0.3607"
"35,27 : 0.3607"
"27,36 : 0.1825"
"36,27 : 0.1825"
"27,37 : 0.6407"
"37,27 : 0.6407"
"27,38 : 0.5"
"38,27 : 0.5"
"27,39 : 0.7877"
"39,27 : 0.7877"
"27,40 : 0.1456"
"40,27 : 0.1456"
"27,41 : 0.5235"
"41,27 : 0.5235"
"27,42 : 0.2419"
"42,27 : 0.2419"
"27,43 : 0.5714"
"43,27 : 0.5714"
"27,44 : 0.7892"
"44,27 : 0.7892"
"27,45 : 0.661"
"45,27 : 0.661"
"27,46 : 0.2408"
"46,27 : 0.2408"
"27,47 : 0.6243"
"47,27 : 0.6243"
"27,48 : 0.086"
"48,27 : 0.086"
"27,49 : 0.1304"
"49,27 : 0.1304"
"28,29 : 0.4763"
"29,28 : 0.4763"
"28,30 : 0.9902"
"30,28 : 0.9902"
"28,31 : 0.7543"
"31,28 : 0.7543"
"28,32 : 0.01"
"32,28 : 0.01"
"28,33 : 0.7976"
"33,28 : 0.7976"
"28,34 : 0.6935"
"34,28 : 0.6935"
"28,35 : 0.6168"
"35,28 : 0.6168"
"28,36 : 0.1676"
"36,28 : 0.1676"
"28,37 : 0.4504"
"37,28 : 0.4504"
"28,38 : 0.772"
"38,28 : 0.772"
"28,39 : 0.6637"
"39,28 : 0.6637"
"28,40 : 0.2332"
"40,28 : 0.2332"
"28,41 : 0.8179"
"41,28 : 0.8179"
"28,42 : 0.5903"
"42,28 : 0.5903"
"28,43 : 0.4011"
"43,28 : 0.4011"
"28,44 : 0.7338"
"44,28 : 0.7338"
"28,45 : 0.7708"
"45,28 : 0.7708"
"28,46 : 0.5886"
"46,28 : 0.5886"
"28,47 : 0.4305"
"47,28 : 0.4305"
"28,48 : 0.3901"
"48,28 : 0.3901"
"28,49 : 0.4111"
"49,28 : 0.4111"
"29,30 : 0.514"
"30,29 : 0.514"
"29,31 : 0.3068"
"31,29 : 0.3068"
"29,32 : 0.4841"
"32,29 : 0.4841"
"29,33 : 0.3912"
"33,29 : 0.3912"
"29,34 : 0.3941"
"34,29 : 0.3941"
"29,35 : 0.2506"
"35,29 : 0.2506"
"29,36 : 0.4082"
"36,29 : 0.4082"
"29,37 : 0.4179"
"37,29 : 0.4179"
"29,38 : 0.3785"
"38,29 : 0.3785"
"29,39 : 0.4686"
"39,29 : 0.4686"
"29,40 : 0.4531"
"40,29 : 0.4531"
"29,41 : 0.4492"
"41,29 : 0.4492"
"29,42 : 0.4607"
"42,29 : 0.4607"
"29,43 : 0.3544"
"43,29 : 0.3544"
"29,44 : 0.4272"
"44,29 : 0.4272"
"29,45 : 0.3023"
"45,29 : 0.3023"
"29,46 : 0.4518"
"46,29 : 0.4518"
"29,47 : 0.4111"
"47,29 : 0.4111"
"29,48 : 0.3106"
"48,29 : 0.3106"
"29,49 : 0.2729"
"49,29 : 0.2729"
"30,31 : 0.3106"
"31,30 : 0.3106"
"30,32 : 0.9981"
"32,30 : 0.9981"
"30,33 : 0.3883"
"33,30 : 0.3883"
"30,34 : 0.5474"
"34,30 : 0.5474"
"30,35 : 0.4701"
"35,30 : 0.4701"
"30,36 : 0.9055"
"36,30 : 0.9055"
"30,37 : 0.8158"
"37,30 : 0.8158"
"30,38 : 0.392"
"38,30 : 0.392"
"30,39 : 0.7118"
"39,30 : 0.7118"
"30,40 : 0.9324"
"40,30 : 0.9324"
"30,41 : 0.4405"
"41,30 : 0.4405"
"30,42 : 0.7473"
"42,30 : 0.7473"
"30,43 : 0.7788"
"43,30 : 0.7788"
"30,44 : 0.5672"
"44,30 : 0.5672"
"30,45 : 0.2474"
"45,30 : 0.2474"
"30,46 : 0.7376"
"46,30 : 0.7376"
"30,47 : 0.82"
"47,30 : 0.82"
"30,48 : 0.7325"
"48,30 : 0.7325"
"30,49 : 0.688"
"49,30 : 0.688"
"31,32 : 0.7606"
"32,31 : 0.7606"
"31,33 : 0.1221"
"33,31 : 0.1221"
"31,34 : 0.5646"
"34,31 : 0.5646"
"31,35 : 0.4272"
"35,31 : 0.4272"
"31,36 : 0.7111"
"36,31 : 0.7111"
"31,37 : 0.5096"
"37,31 : 0.5096"
"31,38 : 0.458"
"38,31 : 0.458"
"31,39 : 0.4061"
"39,31 : 0.4061"
"31,40 : 0.7596"
"40,31 : 0.7596"
"31,41 : 0.5341"
"41,31 : 0.5341"
"31,42 : 0.7086"
"42,31 : 0.7086"
"31,43 : 0.4793"
"43,31 : 0.4793"
"31,44 : 0.2731"
"44,31 : 0.2731"
"31,45 : 0.0806"
"45,31 : 0.0806"
"31,46 : 0.6987"
"46,31 : 0.6987"
"31,47 : 0.5155"
"47,31 : 0.5155"
"31,48 : 0.6053"
"48,31 : 0.6053"
"31,49 : 0.5632"
"49,31 : 0.5632"
"32,33 : 0.8026"
"33,32 : 0.8026"
"32,34 : 0.7035"
"34,32 : 0.7035"
"32,35 : 0.6264"
"35,32 : 0.6264"
"32,36 : 0.1772"
"36,32 : 0.1772"
"32,37 : 0.4501"
"37,32 : 0.4501"
"32,38 : 0.7816"
"38,32 : 0.7816"
"32,39 : 0.6648"
"39,32 : 0.6648"
"32,40 : 0.2419"
"40,32 : 0.2419"
"32,41 : 0.8276"
"41,32 : 0.8276"
"32,42 : 0.6002"
"42,32 : 0.6002"
"32,43 : 0.402"
"43,32 : 0.402"
"32,44 : 0.7368"
"44,32 : 0.7368"
"32,45 : 0.7778"
"45,32 : 0.7778"
"32,46 : 0.5984"
"46,32 : 0.5984"
"32,47 : 0.4301"
"47,32 : 0.4301"
"32,48 : 0.4001"
"48,32 : 0.4001"
"32,49 : 0.4211"
"49,32 : 0.4211"
"33,34 : 0.6845"
"34,33 : 0.6845"
"33,35 : 0.5442"
"35,33 : 0.5442"
"33,36 : 0.7779"
"36,33 : 0.7779"
"33,37 : 0.4837"
"37,33 : 0.4837"
"33,38 : 0.5801"
"38,33 : 0.5801"
"33,39 : 0.3314"
"39,33 : 0.3314"
"33,40 : 0.8343"
"40,33 : 0.8343"
"33,41 : 0.656"
"41,33 : 0.656"
"33,42 : 0.82"
"42,33 : 0.82"
"33,43 : 0.4701"
"43,33 : 0.4701"
"33,44 : 0.1803"
"44,33 : 0.1803"
"33,45 : 0.198"
"45,33 : 0.198"
"33,46 : 0.8102"
"46,33 : 0.8102"
"33,47 : 0.494"
"47,33 : 0.494"
"33,48 : 0.7001"
"48,33 : 0.7001"
"33,49 : 0.6601"
"49,33 : 0.6601"
"34,35 : 0.1487"
"35,34 : 0.1487"
"34,36 : 0.5434"
"36,34 : 0.5434"
"34,37 : 0.8053"
"37,34 : 0.8053"
"34,38 : 0.1581"
"38,34 : 0.1581"
"34,39 : 0.8559"
"39,34 : 0.8559"
"34,40 : 0.5255"
"40,34 : 0.5255"
"34,41 : 0.1487"
"41,34 : 0.1487"
"34,42 : 0.211"
"42,34 : 0.211"
"34,43 : 0.7379"
"43,34 : 0.7379"
"34,44 : 0.786"
"44,34 : 0.786"
"34,45 : 0.5029"
"45,34 : 0.5029"
"34,46 : 0.2025"
"46,34 : 0.2025"
"34,47 : 0.7961"
"47,34 : 0.7961"
"34,48 : 0.3105"
"48,34 : 0.3105"
"34,49 : 0.2828"
"49,34 : 0.2828"
"35,36 : 0.4876"
"36,35 : 0.4876"
"35,37 : 0.6671"
"37,35 : 0.6671"
"35,38 : 0.1552"
"38,35 : 0.1552"
"35,39 : 0.7077"
"39,35 : 0.7077"
"35,40 : 0.492"
"40,35 : 0.492"
"35,41 : 0.2102"
"41,35 : 0.2102"
"35,42 : 0.2902"
"42,35 : 0.2902"
"35,43 : 0.6017"
"43,35 : 0.6017"
"35,44 : 0.6382"
"44,35 : 0.6382"
"35,45 : 0.3734"
"45,35 : 0.3734"
"35,46 : 0.2802"
"46,35 : 0.2802"
"35,47 : 0.6592"
"47,35 : 0.6592"
"35,48 : 0.2759"
"48,35 : 0.2759"
"35,49 : 0.2343"
"49,35 : 0.2343"
"36,37 : 0.5314"
"37,36 : 0.5314"
"36,38 : 0.6398"
"38,36 : 0.6398"
"36,39 : 0.7157"
"39,36 : 0.7157"
"36,40 : 0.0806"
"40,36 : 0.0806"
"36,41 : 0.6768"
"41,36 : 0.6768"
"36,42 : 0.4243"
"42,36 : 0.4243"
"36,43 : 0.4684"
"43,36 : 0.4684"
"36,44 : 0.7524"
"44,36 : 0.7524"
"36,45 : 0.7102"
"45,36 : 0.7102"
"36,46 : 0.423"
"46,36 : 0.423"
"36,47 : 0.5126"
"47,36 : 0.5126"
"36,48 : 0.2335"
"48,36 : 0.2335"
"36,49 : 0.2625"
"49,36 : 0.2625"
"37,38 : 0.794"
"38,37 : 0.794"
"37,39 : 0.2285"
"39,37 : 0.2285"
"37,40 : 0.611"
"40,37 : 0.611"
"37,41 : 0.8665"
"41,37 : 0.8665"
"37,42 : 0.8207"
"42,37 : 0.8207"
"37,43 : 0.0707"
"43,37 : 0.0707"
"37,44 : 0.3466"
"44,37 : 0.3466"
"37,45 : 0.5689"
"45,37 : 0.5689"
"37,46 : 0.8139"
"46,37 : 0.8139"
"37,47 : 0.02"
"47,37 : 0.02"
"37,48 : 0.6162"
"48,37 : 0.6162"
"37,49 : 0.6011"
"49,37 : 0.6011"
"38,39 : 0.8016"
"39,38 : 0.8016"
"38,40 : 0.6381"
"40,38 : 0.6381"
"38,41 : 0.0781"
"41,38 : 0.0781"
"38,42 : 0.3667"
"42,38 : 0.3667"
"38,43 : 0.7325"
"43,38 : 0.7325"
"38,44 : 0.7077"
"44,38 : 0.7077"
"38,45 : 0.3859"
"45,38 : 0.3859"
"38,46 : 0.3578"
"46,38 : 0.3578"
"38,47 : 0.7885"
"47,38 : 0.7885"
"38,48 : 0.4188"
"48,38 : 0.4188"
"38,49 : 0.3808"
"49,38 : 0.3808"
"39,40 : 0.7908"
"40,39 : 0.7908"
"39,41 : 0.8792"
"41,39 : 0.8792"
"39,42 : 0.9236"
"42,39 : 0.9236"
"39,43 : 0.2631"
"43,39 : 0.2631"
"39,44 : 0.1552"
"44,39 : 0.1552"
"39,45 : 0.4827"
"45,39 : 0.4827"
"39,46 : 0.9153"
"46,39 : 0.9153"
"39,47 : 0.247"
"47,39 : 0.247"
"39,48 : 0.7425"
"48,39 : 0.7425"
"39,49 : 0.7159"
"49,39 : 0.7159"
"40,41 : 0.6664"
"41,40 : 0.6664"
"40,42 : 0.3801"
"42,40 : 0.3801"
"40,43 : 0.5471"
"43,40 : 0.5471"
"40,44 : 0.8202"
"44,40 : 0.8202"
"40,45 : 0.7513"
"45,40 : 0.7513"
"40,46 : 0.3805"
"46,40 : 0.3805"
"40,47 : 0.5924"
"47,40 : 0.5924"
"40,48 : 0.2195"
"48,40 : 0.2195"
"40,49 : 0.2581"
"49,40 : 0.2581"
"41,42 : 0.3561"
"42,41 : 0.3561"
"41,43 : 0.8036"
"43,41 : 0.8036"
"41,44 : 0.7857"
"44,41 : 0.7857"
"41,45 : 0.4604"
"45,41 : 0.4604"
"41,46 : 0.3483"
"46,41 : 0.3483"
"41,47 : 0.8602"
"47,41 : 0.8602"
"41,48 : 0.4478"
"48,41 : 0.4478"
"41,49 : 0.4144"
"49,41 : 0.4144"
"42,43 : 0.7501"
"43,42 : 0.7501"
"42,44 : 0.8864"
"44,42 : 0.8864"
"42,45 : 0.6612"
"45,42 : 0.6612"
"42,46 : 0.01"
"46,42 : 0.01"
"42,47 : 0.8072"
"47,42 : 0.8072"
"42,48 : 0.2147"
"48,42 : 0.2147"
"42,49 : 0.2202"
