x,y
0.07,0.35
0.56,0.61
0.28,0.27
0.17,0.7
0.65,0.49
0.83,0.95
0.63,0.72
0.45,0.75
0.9,0.36
0.22,0.01
0.3,0.88
0.5,0.79
0.1,0.08
0.53,0.98
0.12,0.8
0.29,0.04
0.17,0.82
0.65,0.31
0.5,0.02
0.21,0.72
0.29,0.11
0.46,0.16
0.27,0.28
0.34,0.28
0.52,0.52
0.84,0.81
0.94,0.38
0.38,0.74
0.92,0.69
0.87,0.17
0.97,0.84
0.2,0.05
0.3,0.77
0.17,0.2
0.87,0.03
0.55,0.95
0.72,0.6
0.61,0.42
0.88,0.25
0.64,0.32
0.74,0.54
0.6,0.38
0.52,0.69
0.75,0.35
0.96,1.0
0.6,0.5
0.35,0.41
0.22,0.34
0.85,0.76
0.67,0.34

Distanze
"0,1 : 0.5547"
"1,0 : 0.5547"
"0,2 : 0.2247"
"2,0 : 0.2247"
"0,3 : 0.364"
"3,0 : 0.364"
"0,4 : 0.5967"
"4,0 : 0.5967"
"0,5 : 0.9683"
"5,0 : 0.9683"
"0,6 : 0.6712"
"6,0 : 0.6712"
"0,7 : 0.5517"
"7,0 : 0.5517"
"0,8 : 0.8301"
"8,0 : 0.8301"
"0,9 : 0.3716"
"9,0 : 0.3716"
"0,10 : 0.5778"
"10,0 : 0.5778"
"0,11 : 0.6152"
"11,0 : 0.6152"
"0,12 : 0.2717"
"12,0 : 0.2717"
"0,13 : 0.7801"
"13,0 : 0.7801"
"0,14 : 0.4528"
"14,0 : 0.4528"
"0,15 : 0.3801"
"15,0 : 0.3801"
"0,16 : 0.4805"
"16,0 : 0.4805"
"0,17 : 0.5814"
"17,0 : 0.5814"
"0,18 : 0.542"
"18,0 : 0.542"
"0,19 : 0.3956"
"19,0 : 0.3956"
"0,20 : 0.3256"
"20,0 : 0.3256"
"0,21 : 0.4338"
"21,0 : 0.4338"
"0,22 : 0.2119"
"22,0 : 0.2119"
"0,23 : 0.2789"
"23,0 : 0.2789"
"0,24 : 0.481"
"24,0 : 0.481"
"0,25 : 0.8969"
"25,0 : 0.8969"
"0,26 : 0.8705"
"26,0 : 0.8705"
"0,27 : 0.4982"
"27,0 : 0.4982"
"0,28 : 0.9155"
"28,0 : 0.9155"
"0,29 : 0.82"
"29,0 : 0.82"
"0,30 : 1.0247"
"30,0 : 1.0247"
"0,31 : 0.327"
"31,0 : 0.327"
"0,32 : 0.4789"
"32,0 : 0.4789"
"0,33 : 0.1803"
"33,0 : 0.1803"
"0,34 : 0.8616"
"34,0 : 0.8616"
"0,35 : 0.7684"
"35,0 : 0.7684"
"0,36 : 0.6964"
"36,0 : 0.6964"
"0,37 : 0.5445"
"37,0 : 0.5445"
"0,38 : 0.8161"
"38,0 : 0.8161"
"0,39 : 0.5708"
"39,0 : 0.5708"
"0,40 : 0.6964"
"40,0 : 0.6964"
"0,41 : 0.5308"
"41,0 : 0.5308"
"0,42 : 0.564"
"42,0 : 0.564"
"0,43 : 0.68"
"43,0 : 0.68"
"0,44 : 1.1021"
"44,0 : 1.1021"
"0,45 : 0.5508"
"45,0 : 0.5508"
"0,46 : 0.2864"
"46,0 : 0.2864"
"0,47 : 0.1503"
"47,0 : 0.1503"
"0,48 : 0.8812"
"48,0 : 0.8812"
"0,49 : 0.6001"
"49,0 : 0.6001"
"1,2 : 0.4405"
"2,1 : 0.4405"
"1,3 : 0.4002"
"3,1 : 0.4002"
"1,4 : 0.15"
"4,1 : 0.15"
"1,5 : 0.4342"
"5,1 : 0.4342"
"1,6 : 0.1304"
"6,1 : 0.1304"
"1,7 : 0.178"
"7,1 : 0.178"
"1,8 : 0.422"
"8,1 : 0.422"
"1,9 : 0.6896"
"9,1 : 0.6896"
"1,10 : 0.3748"
"10,1 : 0.3748"
"1,11 : 0.1897"
"11,1 : 0.1897"
"1,12 : 0.7018"
"12,1 : 0.7018"
"1,13 : 0.3712"
"13,1 : 0.3712"
"1,14 : 0.4793"
"14,1 : 0.4793"
"1,15 : 0.6307"
"15,1 : 0.6307"
"1,16 : 0.4429"
"16,1 : 0.4429"
"1,17 : 0.3132"
"17,1 : 0.3132"
"1,18 : 0.593"
"18,1 : 0.593"
"1,19 : 0.3669"
"19,1 : 0.3669"
"1,20 : 0.5682"
"20,1 : 0.5682"
"1,21 : 0.461"
"21,1 : 0.461"
"1,22 : 0.4393"
"22,1 : 0.4393"
"1,23 : 0.3966"
"23,1 : 0.3966"
"1,24 : 0.0985"
"24,1 : 0.0985"
"1,25 : 0.3441"
"25,1 : 0.3441"
"1,26 : 0.4442"
"26,1 : 0.4442"
"1,27 : 0.222"
"27,1 : 0.222"
"1,28 : 0.3688"
"28,1 : 0.3688"
"1,29 : 0.5382"
"29,1 : 0.5382"
"1,30 : 0.4701"
"30,1 : 0.4701"
"1,31 : 0.6657"
"31,1 : 0.6657"
"1,32 : 0.3053"
"32,1 : 0.3053"
"1,33 : 0.5659"
"33,1 : 0.5659"
"1,34 : 0.6576"
"34,1 : 0.6576"
"1,35 : 0.3401"
"35,1 : 0.3401"
"1,36 : 0.1603"
"36,1 : 0.1603"
"1,37 : 0.1965"
"37,1 : 0.1965"
"1,38 : 0.4817"
"38,1 : 0.4817"
"1,39 : 0.3008"
"39,1 : 0.3008"
"1,40 : 0.1931"
"40,1 : 0.1931"
"1,41 : 0.2335"
"41,1 : 0.2335"
"1,42 : 0.0894"
"42,1 : 0.0894"
"1,43 : 0.322"
"43,1 : 0.322"
"1,44 : 0.5587"
"44,1 : 0.5587"
"1,45 : 0.117"
"45,1 : 0.117"
"1,46 : 0.29"
"46,1 : 0.29"
"1,47 : 0.4342"
"47,1 : 0.4342"
"1,48 : 0.3265"
"48,1 : 0.3265"
"1,49 : 0.2915"
"49,1 : 0.2915"
"2,3 : 0.4438"
"3,2 : 0.4438"
"2,4 : 0.4305"
"4,2 : 0.4305"
"2,5 : 0.8746"
"5,2 : 0.8746"
"2,6 : 0.5701"
"6,2 : 0.5701"
"2,7 : 0.5092"
"7,2 : 0.5092"
"2,8 : 0.6265"
"8,2 : 0.6265"
"2,9 : 0.2668"
"9,2 : 0.2668"
"2,10 : 0.6103"
"10,2 : 0.6103"
"2,11 : 0.5646"
"11,2 : 0.5646"
"2,12 : 0.2617"
"12,2 : 0.2617"
"2,13 : 0.7527"
"13,2 : 0.7527"
"2,14 : 0.5536"
"14,2 : 0.5536"
"2,15 : 0.2302"
"15,2 : 0.2302"
"2,16 : 0.5609"
"16,2 : 0.5609"
"2,17 : 0.3722"
"17,2 : 0.3722"
"2,18 : 0.333"
"18,2 : 0.333"
"2,19 : 0.4554"
"19,2 : 0.4554"
"2,20 : 0.1603"
"20,2 : 0.1603"
"2,21 : 0.211"
"21,2 : 0.211"
"2,22 : 0.0141"
"22,2 : 0.0141"
"2,23 : 0.0608"
"23,2 : 0.0608"
"2,24 : 0.3466"
"24,2 : 0.3466"
"2,25 : 0.7779"
"25,2 : 0.7779"
"2,26 : 0.6691"
"26,2 : 0.6691"
"2,27 : 0.4805"
"27,2 : 0.4805"
"2,28 : 0.7655"
"28,2 : 0.7655"
"2,29 : 0.5984"
"29,2 : 0.5984"
"2,30 : 0.895"
"30,2 : 0.895"
"2,31 : 0.2341"
"31,2 : 0.2341"
"2,32 : 0.5004"
"32,2 : 0.5004"
"2,33 : 0.1304"
"33,2 : 0.1304"
"2,34 : 0.6369"
"34,2 : 0.6369"
"2,35 : 0.7316"
"35,2 : 0.7316"
"2,36 : 0.55"
"36,2 : 0.55"
"2,37 : 0.3625"
"37,2 : 0.3625"
"2,38 : 0.6003"
"38,2 : 0.6003"
"2,39 : 0.3635"
"39,2 : 0.3635"
"2,40 : 0.5334"
"40,2 : 0.5334"
"2,41 : 0.3384"
"41,2 : 0.3384"
"2,42 : 0.4837"
"42,2 : 0.4837"
"2,43 : 0.4768"
"43,2 : 0.4768"
"2,44 : 0.9976"
"44,2 : 0.9976"
"2,45 : 0.3941"
"45,2 : 0.3941"
"2,46 : 0.1565"
"46,2 : 0.1565"
"2,47 : 0.0922"
"47,2 : 0.0922"
"2,48 : 0.7517"
"48,2 : 0.7517"
"2,49 : 0.3962"
"49,2 : 0.3962"
"3,4 : 0.5239"
"4,3 : 0.5239"
"3,5 : 0.7058"
"5,3 : 0.7058"
"3,6 : 0.4604"
"6,3 : 0.4604"
"3,7 : 0.2844"
"7,3 : 0.2844"
"3,8 : 0.8053"
"8,3 : 0.8053"
"3,9 : 0.6918"
"9,3 : 0.6918"
"3,10 : 0.222"
"10,3 : 0.222"
"3,11 : 0.3421"
"11,3 : 0.3421"
"3,12 : 0.6239"
"12,3 : 0.6239"
"3,13 : 0.4561"
"13,3 : 0.4561"
"3,14 : 0.1118"
"14,3 : 0.1118"
"3,15 : 0.6708"
"15,3 : 0.6708"
"3,16 : 0.12"
"16,3 : 0.12"
"3,17 : 0.6185"
"17,3 : 0.6185"
"3,18 : 0.7558"
"18,3 : 0.7558"
"3,19 : 0.0447"
"19,3 : 0.0447"
"3,20 : 0.6021"
"20,3 : 0.6021"
"3,21 : 0.6129"
"21,3 : 0.6129"
"3,22 : 0.4317"
"22,3 : 0.4317"
"3,23 : 0.4531"
"23,3 : 0.4531"
"3,24 : 0.3936"
"24,3 : 0.3936"
"3,25 : 0.679"
"25,3 : 0.679"
"3,26 : 0.8338"
"26,3 : 0.8338"
"3,27 : 0.2138"
"27,3 : 0.2138"
"3,28 : 0.7501"
"28,3 : 0.7501"
"3,29 : 0.878"
"29,3 : 0.878"
"3,30 : 0.8122"
"30,3 : 0.8122"
"3,31 : 0.6507"
"31,3 : 0.6507"
"3,32 : 0.1476"
"32,3 : 0.1476"
"3,33 : 0.5"
"33,3 : 0.5"
"3,34 : 0.969"
"34,3 : 0.969"
"3,35 : 0.4549"
"35,3 : 0.4549"
"3,36 : 0.559"
"36,3 : 0.559"
"3,37 : 0.5215"
"37,3 : 0.5215"
"3,38 : 0.8406"
"38,3 : 0.8406"
"3,39 : 0.6044"
"39,3 : 0.6044"
"3,40 : 0.592"
"40,3 : 0.592"
"3,41 : 0.536"
"41,3 : 0.536"
"3,42 : 0.3501"
"42,3 : 0.3501"
"3,43 : 0.6774"
"43,3 : 0.6774"
"3,44 : 0.845"
"44,3 : 0.845"
"3,45 : 0.4742"
"45,3 : 0.4742"
"3,46 : 0.3413"
"46,3 : 0.3413"
"3,47 : 0.3635"
"47,3 : 0.3635"
"3,48 : 0.6826"
"48,3 : 0.6826"
"3,49 : 0.6161"
"49,3 : 0.6161"
"4,5 : 0.494"
"5,4 : 0.494"
"4,6 : 0.2309"
"6,4 : 0.2309"
"4,7 : 0.328"
"7,4 : 0.328"
"4,8 : 0.2818"
"8,4 : 0.2818"
"4,9 : 0.6444"
"9,4 : 0.6444"
"4,10 : 0.524"
"10,4 : 0.524"
"4,11 : 0.3354"
"11,4 : 0.3354"
"4,12 : 0.686"
"12,4 : 0.686"
"4,13 : 0.5045"
"13,4 : 0.5045"
"4,14 : 0.614"
"14,4 : 0.614"
"4,15 : 0.5763"
"15,4 : 0.5763"
"4,16 : 0.5825"
"16,4 : 0.5825"
"4,17 : 0.18"
"17,4 : 0.18"
"4,18 : 0.4934"
"18,4 : 0.4934"
"4,19 : 0.4965"
"19,4 : 0.4965"
"4,20 : 0.5235"
"20,4 : 0.5235"
"4,21 : 0.3808"
"21,4 : 0.3808"
"4,22 : 0.4342"
"22,4 : 0.4342"
"4,23 : 0.3744"
"23,4 : 0.3744"
"4,24 : 0.1334"
"24,4 : 0.1334"
"4,25 : 0.3722"
"25,4 : 0.3722"
"4,26 : 0.3102"
"26,4 : 0.3102"
"4,27 : 0.368"
"27,4 : 0.368"
"4,28 : 0.336"
"28,4 : 0.336"
"4,29 : 0.3883"
"29,4 : 0.3883"
"4,30 : 0.4742"
"30,4 : 0.4742"
"4,31 : 0.6294"
"31,4 : 0.6294"
"4,32 : 0.4482"
"32,4 : 0.4482"
"4,33 : 0.5608"
"33,4 : 0.5608"
"4,34 : 0.5099"
"34,4 : 0.5099"
"4,35 : 0.4707"
"35,4 : 0.4707"
"4,36 : 0.1304"
"36,4 : 0.1304"
"4,37 : 0.0806"
"37,4 : 0.0806"
"4,38 : 0.3324"
"38,4 : 0.3324"
"4,39 : 0.1703"
"39,4 : 0.1703"
"4,40 : 0.103"
"40,4 : 0.103"
"4,41 : 0.1208"
"41,4 : 0.1208"
"4,42 : 0.2385"
"42,4 : 0.2385"
"4,43 : 0.172"
"43,4 : 0.172"
"4,44 : 0.5968"
"44,4 : 0.5968"
"4,45 : 0.051"
"45,4 : 0.051"
"4,46 : 0.3105"
"46,4 : 0.3105"
"4,47 : 0.4554"
"47,4 : 0.4554"
"4,48 : 0.336"
"48,4 : 0.336"
"4,49 : 0.1513"
"49,4 : 0.1513"
"5,6 : 0.3048"
"6,5 : 0.3048"
"5,7 : 0.4294"
"7,5 : 0.4294"
"5,8 : 0.5941"
"8,5 : 0.5941"
"5,9 : 1.1206"
"9,5 : 1.1206"
"5,10 : 0.5346"
"10,5 : 0.5346"
"5,11 : 0.3667"
"11,5 : 0.3667"
"5,12 : 1.1357"
"12,5 : 1.1357"
"5,13 : 0.3015"
"13,5 : 0.3015"
"5,14 : 0.7257"
"14,5 : 0.7257"
"5,15 : 1.0582"
"15,5 : 1.0582"
"5,16 : 0.6727"
"16,5 : 0.6727"
"5,17 : 0.6648"
"17,5 : 0.6648"
"5,18 : 0.9868"
"18,5 : 0.9868"
"5,19 : 0.6613"
"19,5 : 0.6613"
"5,20 : 0.9986"
"20,5 : 0.9986"
"5,21 : 0.8724"
"21,5 : 0.8724"
"5,22 : 0.8732"
"22,5 : 0.8732"
"5,23 : 0.8301"
"23,5 : 0.8301"
"5,24 : 0.5301"
"24,5 : 0.5301"
"5,25 : 0.1404"
"25,5 : 0.1404"
"5,26 : 0.5805"
"26,5 : 0.5805"
"5,27 : 0.4966"
"27,5 : 0.4966"
"5,28 : 0.2751"
"28,5 : 0.2751"
"5,29 : 0.781"
"29,5 : 0.781"
"5,30 : 0.178"
"30,5 : 0.178"
"5,31 : 1.0986"
"31,5 : 1.0986"
"5,32 : 0.5597"
"32,5 : 0.5597"
"5,33 : 0.999"
"33,5 : 0.999"
"5,34 : 0.9209"
"34,5 : 0.9209"
"5,35 : 0.28"
"35,5 : 0.28"
"5,36 : 0.3669"
"36,5 : 0.3669"
"5,37 : 0.5738"
"37,5 : 0.5738"
"5,38 : 0.7018"
"38,5 : 0.7018"
"5,39 : 0.658"
"39,5 : 0.658"
"5,40 : 0.4198"
"40,5 : 0.4198"
"5,41 : 0.6147"
"41,5 : 0.6147"
"5,42 : 0.4046"
"42,5 : 0.4046"
"5,43 : 0.6053"
"43,5 : 0.6053"
"5,44 : 0.1393"
"44,5 : 0.1393"
"5,45 : 0.5054"
"45,5 : 0.5054"
"5,46 : 0.7225"
"46,5 : 0.7225"
"5,47 : 0.8627"
"47,5 : 0.8627"
"5,48 : 0.191"
"48,5 : 0.191"
"5,49 : 0.6306"
"49,5 : 0.6306"
"6,7 : 0.1825"
"7,6 : 0.1825"
"6,8 : 0.45"
"8,6 : 0.45"
"6,9 : 0.8199"
"9,6 : 0.8199"
"6,10 : 0.3667"
"10,6 : 0.3667"
"6,11 : 0.1476"
"11,6 : 0.1476"
"6,12 : 0.831"
"12,6 : 0.831"
"6,13 : 0.2786"
"13,6 : 0.2786"
"6,14 : 0.5162"
"14,6 : 0.5162"
"6,15 : 0.7603"
"15,6 : 0.7603"
"6,16 : 0.4707"
"16,6 : 0.4707"
"6,17 : 0.4105"
"17,6 : 0.4105"
"6,18 : 0.712"
"18,6 : 0.712"
"6,19 : 0.42"
"19,6 : 0.42"
"6,20 : 0.6984"
"20,6 : 0.6984"
"6,21 : 0.5852"
"21,6 : 0.5852"
"6,22 : 0.5685"
"22,6 : 0.5685"
"6,23 : 0.527"
"23,6 : 0.527"
"6,24 : 0.2283"
"24,6 : 0.2283"
"6,25 : 0.2285"
"25,6 : 0.2285"
"6,26 : 0.4601"
"26,6 : 0.4601"
"6,27 : 0.2508"
"27,6 : 0.2508"
"6,28 : 0.2915"
"28,6 : 0.2915"
"6,29 : 0.6001"
"29,6 : 0.6001"
"6,30 : 0.3606"
"30,6 : 0.3606"
"6,31 : 0.7961"
"31,6 : 0.7961"
"6,32 : 0.3338"
"32,6 : 0.3338"
"6,33 : 0.6943"
"33,6 : 0.6943"
"6,34 : 0.7305"
"34,6 : 0.7305"
"6,35 : 0.2435"
"35,6 : 0.2435"
"6,36 : 0.15"
"36,6 : 0.15"
"6,37 : 0.3007"
"37,6 : 0.3007"
"6,38 : 0.5324"
"38,6 : 0.5324"
"6,39 : 0.4001"
"39,6 : 0.4001"
"6,40 : 0.211"
"40,6 : 0.211"
"6,41 : 0.3413"
"41,6 : 0.3413"
"6,42 : 0.114"
"42,6 : 0.114"
"6,43 : 0.389"
"43,6 : 0.389"
"6,44 : 0.4328"
"44,6 : 0.4328"
"6,45 : 0.222"
"45,6 : 0.222"
"6,46 : 0.4177"
"46,6 : 0.4177"
"6,47 : 0.559"
"47,6 : 0.559"
"6,48 : 0.2236"
"48,6 : 0.2236"
"6,49 : 0.3821"
"49,6 : 0.3821"
"7,8 : 0.5955"
"8,7 : 0.5955"
"7,9 : 0.7749"
"9,7 : 0.7749"
"7,10 : 0.1985"
"10,7 : 0.1985"
"7,11 : 0.064"
"11,7 : 0.064"
"7,12 : 0.7559"
"12,7 : 0.7559"
"7,13 : 0.2435"
"13,7 : 0.2435"
"7,14 : 0.3338"
"14,7 : 0.3338"
"7,15 : 0.7278"
"15,7 : 0.7278"
"7,16 : 0.2886"
"16,7 : 0.2886"
"7,17 : 0.4833"
"17,7 : 0.4833"
"7,18 : 0.7317"
"18,7 : 0.7317"
"7,19 : 0.2419"
"19,7 : 0.2419"
"7,20 : 0.6597"
"20,7 : 0.6597"
"7,21 : 0.5901"
"21,7 : 0.5901"
"7,22 : 0.5033"
"22,7 : 0.5033"
"7,23 : 0.4827"
"23,7 : 0.4827"
"7,24 : 0.2404"
"24,7 : 0.2404"
"7,25 : 0.3946"
"25,7 : 0.3946"
"7,26 : 0.614"
"26,7 : 0.614"
"7,27 : 0.0707"
"27,7 : 0.0707"
"7,28 : 0.4738"
"28,7 : 0.4738"
"7,29 : 0.7161"
"29,7 : 0.7161"
"7,30 : 0.5277"
"30,7 : 0.5277"
"7,31 : 0.7433"
"31,7 : 0.7433"
"7,32 : 0.1513"
"32,7 : 0.1513"
"7,33 : 0.6172"
"33,7 : 0.6172"
"7,34 : 0.8335"
"34,7 : 0.8335"
"7,35 : 0.2236"
"35,7 : 0.2236"
"7,36 : 0.3089"
"36,7 : 0.3089"
"7,37 : 0.3667"
"37,7 : 0.3667"
"7,38 : 0.6595"
"38,7 : 0.6595"
"7,39 : 0.4701"
"39,7 : 0.4701"
"7,40 : 0.3581"
"40,7 : 0.3581"
"7,41 : 0.3992"
"41,7 : 0.3992"
"7,42 : 0.0922"
"42,7 : 0.0922"
"7,43 : 0.5"
"43,7 : 0.5"
"7,44 : 0.568"
"44,7 : 0.568"
"7,45 : 0.2915"
"45,7 : 0.2915"
"7,46 : 0.3544"
"46,7 : 0.3544"
"7,47 : 0.4701"
"47,7 : 0.4701"
"7,48 : 0.4001"
"48,7 : 0.4001"
"7,49 : 0.4653"
"49,7 : 0.4653"
"8,9 : 0.7648"
"9,8 : 0.7648"
"8,10 : 0.794"
"10,8 : 0.794"
"8,11 : 0.5873"
"11,8 : 0.5873"
"8,12 : 0.8476"
"12,8 : 0.8476"
"8,13 : 0.722"
"13,8 : 0.722"
"8,14 : 0.8955"
"14,8 : 0.8955"
"8,15 : 0.6888"
"15,8 : 0.6888"
"8,16 : 0.8628"
"16,8 : 0.8628"
"8,17 : 0.255"
"17,8 : 0.255"
"8,18 : 0.525"
"18,8 : 0.525"
"8,19 : 0.7783"
"19,8 : 0.7783"
"8,20 : 0.6592"
"20,8 : 0.6592"
"8,21 : 0.4833"
"21,8 : 0.4833"
"8,22 : 0.6351"
"22,8 : 0.6351"
"8,23 : 0.5657"
"23,8 : 0.5657"
"8,24 : 0.4123"
"24,8 : 0.4123"
"8,25 : 0.454"
"25,8 : 0.454"
"8,26 : 0.0447"
"26,8 : 0.0447"
"8,27 : 0.644"
"27,8 : 0.644"
"8,28 : 0.3306"
"28,8 : 0.3306"
"8,29 : 0.1924"
"29,8 : 0.1924"
"8,30 : 0.4851"
"30,8 : 0.4851"
"8,31 : 0.7656"
"31,8 : 0.7656"
"8,32 : 0.7267"
"32,8 : 0.7267"
"8,33 : 0.7473"
"33,8 : 0.7473"
"8,34 : 0.3314"
"34,8 : 0.3314"
"8,35 : 0.686"
"35,8 : 0.686"
"8,36 : 0.3"
"36,8 : 0.3"
"8,37 : 0.2961"
"37,8 : 0.2961"
"8,38 : 0.1118"
"38,8 : 0.1118"
"8,39 : 0.2631"
"39,8 : 0.2631"
"8,40 : 0.2408"
"40,8 : 0.2408"
"8,41 : 0.3007"
"41,8 : 0.3007"
"8,42 : 0.5033"
"42,8 : 0.5033"
"8,43 : 0.1503"
"43,8 : 0.1503"
"8,44 : 0.6428"
"44,8 : 0.6428"
"8,45 : 0.3311"
"45,8 : 0.3311"
"8,46 : 0.5523"
"46,8 : 0.5523"
"8,47 : 0.6803"
"47,8 : 0.6803"
"8,48 : 0.4031"
"48,8 : 0.4031"
"8,49 : 0.2309"
"49,8 : 0.2309"
"9,10 : 0.8737"
"10,9 : 0.8737"
"9,11 : 0.8287"
"11,9 : 0.8287"
"9,12 : 0.1389"
"12,9 : 0.1389"
"9,13 : 1.0183"
"13,9 : 1.0183"
"9,14 : 0.7963"
"14,9 : 0.7963"
"9,15 : 0.0762"
"15,9 : 0.0762"
"9,16 : 0.8115"
"16,9 : 0.8115"
"9,17 : 0.5243"
"17,9 : 0.5243"
"9,18 : 0.2802"
"18,9 : 0.2802"
"9,19 : 0.7101"
"19,9 : 0.7101"
"9,20 : 0.1221"
"20,9 : 0.1221"
"9,21 : 0.283"
"21,9 : 0.283"
"9,22 : 0.2746"
"22,9 : 0.2746"
"9,23 : 0.2955"
"23,9 : 0.2955"
"9,24 : 0.5917"
"24,9 : 0.5917"
"9,25 : 1.0121"
"25,9 : 1.0121"
"9,26 : 0.8095"
"26,9 : 0.8095"
"9,27 : 0.7473"
"27,9 : 0.7473"
"9,28 : 0.9759"
"28,9 : 0.9759"
"9,29 : 0.6694"
"29,9 : 0.6694"
"9,30 : 1.1187"
"30,9 : 1.1187"
"9,31 : 0.0447"
"31,9 : 0.0447"
"9,32 : 0.7642"
"32,9 : 0.7642"
"9,33 : 0.1965"
"33,9 : 0.1965"
"9,34 : 0.6503"
"34,9 : 0.6503"
"9,35 : 0.9962"
"35,9 : 0.9962"
"9,36 : 0.7734"
"36,9 : 0.7734"
"9,37 : 0.5659"
"37,9 : 0.5659"
"9,38 : 0.7023"
"38,9 : 0.7023"
"9,39 : 0.522"
"39,9 : 0.522"
"9,40 : 0.7425"
"40,9 : 0.7425"
"9,41 : 0.5304"
"41,9 : 0.5304"
"9,42 : 0.7432"
"42,9 : 0.7432"
"9,43 : 0.6297"
"43,9 : 0.6297"
"9,44 : 1.236"
"44,9 : 1.236"
"9,45 : 0.6201"
"45,9 : 0.6201"
"9,46 : 0.4206"
"46,9 : 0.4206"
"9,47 : 0.33"
"47,9 : 0.33"
"9,48 : 0.9795"
"48,9 : 0.9795"
"9,49 : 0.558"
"49,9 : 0.558"
"10,11 : 0.2193"
"11,10 : 0.2193"
"10,12 : 0.8246"
"12,10 : 0.8246"
"10,13 : 0.2508"
"13,10 : 0.2508"
"10,14 : 0.197"
"14,10 : 0.197"
"10,15 : 0.8401"
"15,10 : 0.8401"
"10,16 : 0.1432"
"16,10 : 0.1432"
"10,17 : 0.6689"
"17,10 : 0.6689"
"10,18 : 0.8829"
"18,10 : 0.8829"
"10,19 : 0.1836"
"19,10 : 0.1836"
"10,20 : 0.7701"
"20,10 : 0.7701"
"10,21 : 0.7376"
"21,10 : 0.7376"
"10,22 : 0.6007"
"22,10 : 0.6007"
"10,23 : 0.6013"
"23,10 : 0.6013"
"10,24 : 0.4219"
"24,10 : 0.4219"
"10,25 : 0.5445"
"25,10 : 0.5445"
"10,26 : 0.8122"
"26,10 : 0.8122"
"10,27 : 0.1612"
"27,10 : 0.1612"
"10,28 : 0.6485"
"28,10 : 0.6485"
"10,29 : 0.9105"
"29,10 : 0.9105"
"10,30 : 0.6712"
"30,10 : 0.6712"
"10,31 : 0.836"
"31,10 : 0.836"
"10,32 : 0.11"
"32,10 : 0.11"
"10,33 : 0.6923"
"33,10 : 0.6923"
"10,34 : 1.0234"
"34,10 : 1.0234"
"10,35 : 0.2596"
"35,10 : 0.2596"
"10,36 : 0.5048"
"36,10 : 0.5048"
"10,37 : 0.5547"
"37,10 : 0.5547"
"10,38 : 0.8563"
"38,10 : 0.8563"
"10,39 : 0.6551"
"39,10 : 0.6551"
"10,40 : 0.5561"
"40,10 : 0.5561"
"10,41 : 0.5831"
"41,10 : 0.5831"
"10,42 : 0.2907"
"42,10 : 0.2907"
"10,43 : 0.6953"
"43,10 : 0.6953"
"10,44 : 0.6708"
"44,10 : 0.6708"
"10,45 : 0.4841"
"45,10 : 0.4841"
"10,46 : 0.4727"
"46,10 : 0.4727"
"10,47 : 0.5459"
"47,10 : 0.5459"
"10,48 : 0.5629"
"48,10 : 0.5629"
"10,49 : 0.6546"
"49,10 : 0.6546"
"11,12 : 0.8149"
"12,11 : 0.8149"
"11,13 : 0.1924"
"13,11 : 0.1924"
"11,14 : 0.3801"
"14,11 : 0.3801"
"11,15 : 0.7788"
"15,11 : 0.7788"
"11,16 : 0.3314"
"16,11 : 0.3314"
"11,17 : 0.5029"
"17,11 : 0.5029"
"11,18 : 0.77"
"18,11 : 0.77"
"11,19 : 0.2983"
"19,11 : 0.2983"
"11,20 : 0.7117"
"20,11 : 0.7117"
"11,21 : 0.6313"
"21,11 : 0.6313"
"11,22 : 0.5595"
"22,11 : 0.5595"
"11,23 : 0.5345"
"23,11 : 0.5345"
"11,24 : 0.2707"
"24,11 : 0.2707"
"11,25 : 0.3406"
"25,11 : 0.3406"
"11,26 : 0.6014"
"26,11 : 0.6014"
"11,27 : 0.13"
"27,11 : 0.13"
"11,28 : 0.4317"
"28,11 : 0.4317"
"11,29 : 0.722"
"29,11 : 0.722"
"11,30 : 0.4727"
"30,11 : 0.4727"
"11,31 : 0.7985"
"31,11 : 0.7985"
"11,32 : 0.201"
"32,11 : 0.201"
"11,33 : 0.676"
"33,11 : 0.676"
"11,34 : 0.8453"
"34,11 : 0.8453"
"11,35 : 0.1676"
"35,11 : 0.1676"
"11,36 : 0.2907"
"36,11 : 0.2907"
"11,37 : 0.386"
"37,11 : 0.386"
"11,38 : 0.6603"
"38,11 : 0.6603"
"11,39 : 0.4904"
"39,11 : 0.4904"
"11,40 : 0.3466"
"40,11 : 0.3466"
"11,41 : 0.422"
"41,11 : 0.422"
"11,42 : 0.102"
"42,11 : 0.102"
"11,43 : 0.5061"
"43,11 : 0.5061"
"11,44 : 0.5057"
"44,11 : 0.5057"
"11,45 : 0.3068"
"45,11 : 0.3068"
"11,46 : 0.4085"
"46,11 : 0.4085"
"11,47 : 0.53"
"47,11 : 0.53"
"11,48 : 0.3513"
"48,11 : 0.3513"
"11,49 : 0.481"
"49,11 : 0.481"
"12,13 : 0.9974"
"13,12 : 0.9974"
"12,14 : 0.7203"
"14,12 : 0.7203"
"12,15 : 0.1942"
"15,12 : 0.1942"
"12,16 : 0.7433"
"16,12 : 0.7433"
"12,17 : 0.5962"
"17,12 : 0.5962"
"12,18 : 0.4045"
"18,12 : 0.4045"
"12,19 : 0.6494"
"19,12 : 0.6494"
"12,20 : 0.1924"
"20,12 : 0.1924"
"12,21 : 0.3688"
"21,12 : 0.3688"
"12,22 : 0.2625"
"22,12 : 0.2625"
"12,23 : 0.3124"
"23,12 : 0.3124"
"12,24 : 0.6083"
"24,12 : 0.6083"
"12,25 : 1.0395"
"25,12 : 1.0395"
"12,26 : 0.892"
"26,12 : 0.892"
"12,27 : 0.7169"
"27,12 : 0.7169"
"12,28 : 1.022"
"28,12 : 1.022"
"12,29 : 0.7752"
"29,12 : 0.7752"
"12,30 : 1.1552"
"30,12 : 1.1552"
"12,31 : 0.1044"
"31,12 : 0.1044"
"12,32 : 0.7184"
"32,12 : 0.7184"
"12,33 : 0.1389"
"33,12 : 0.1389"
"12,34 : 0.7716"
"34,12 : 0.7716"
"12,35 : 0.9795"
"35,12 : 0.9795"
"12,36 : 0.8092"
"36,12 : 0.8092"
"12,37 : 0.6129"
"37,12 : 0.6129"
"12,38 : 0.7983"
"38,12 : 0.7983"
"12,39 : 0.5909"
"39,12 : 0.5909"
"12,40 : 0.7882"
"40,12 : 0.7882"
"12,41 : 0.5831"
"41,12 : 0.5831"
"12,42 : 0.7406"
"42,12 : 0.7406"
"12,43 : 0.7038"
"43,12 : 0.7038"
"12,44 : 1.2594"
"44,12 : 1.2594"
"12,45 : 0.653"
"45,12 : 0.653"
"12,46 : 0.414"
"46,12 : 0.414"
"12,47 : 0.2864"
"47,12 : 0.2864"
"12,48 : 1.0124"
"48,12 : 1.0124"
"12,49 : 0.6265"
"49,12 : 0.6265"
"13,14 : 0.4478"
"14,13 : 0.4478"
"13,15 : 0.9702"
"15,13 : 0.9702"
"13,16 : 0.394"
"16,13 : 0.394"
"13,17 : 0.6807"
"17,13 : 0.6807"
"13,18 : 0.9605"
"18,13 : 0.9605"
"13,19 : 0.4123"
"19,13 : 0.4123"
"13,20 : 0.9025"
"20,13 : 0.9025"
"13,21 : 0.823"
"21,13 : 0.823"
"13,22 : 0.7467"
"22,13 : 0.7467"
"13,23 : 0.7253"
"23,13 : 0.7253"
"13,24 : 0.4601"
"24,13 : 0.4601"
"13,25 : 0.3536"
"25,13 : 0.3536"
"13,26 : 0.7267"
"26,13 : 0.7267"
"13,27 : 0.283"
"27,13 : 0.283"
"13,28 : 0.486"
"28,13 : 0.486"
"13,29 : 0.8785"
"29,13 : 0.8785"
"13,30 : 0.4617"
"30,13 : 0.4617"
"13,31 : 0.9868"
"31,13 : 0.9868"
"13,32 : 0.3114"
"32,13 : 0.3114"
"13,33 : 0.8591"
"33,13 : 0.8591"
"13,34 : 1.009"
"34,13 : 1.009"
"13,35 : 0.0361"
"35,13 : 0.0361"
"13,36 : 0.4249"
"36,13 : 0.4249"
"13,37 : 0.5657"
"37,13 : 0.5657"
"13,38 : 0.8096"
"38,13 : 0.8096"
"13,39 : 0.6691"
"39,13 : 0.6691"
"13,40 : 0.4875"
"40,13 : 0.4875"
"13,41 : 0.6041"
"41,13 : 0.6041"
"13,42 : 0.2902"
"42,13 : 0.2902"
"13,43 : 0.6673"
"43,13 : 0.6673"
"13,44 : 0.4305"
"44,13 : 0.4305"
"13,45 : 0.4851"
"45,13 : 0.4851"
"13,46 : 0.5977"
"46,13 : 0.5977"
"13,47 : 0.7111"
"47,13 : 0.7111"
"13,48 : 0.3883"
"48,13 : 0.3883"
"13,49 : 0.6551"
"49,13 : 0.6551"
"14,15 : 0.7788"
"15,14 : 0.7788"
"14,16 : 0.0539"
"16,14 : 0.0539"
"14,17 : 0.7218"
"17,14 : 0.7218"
"14,18 : 0.8676"
"18,14 : 0.8676"
"14,19 : 0.1204"
"19,14 : 0.1204"
"14,20 : 0.7106"
"20,14 : 0.7106"
"14,21 : 0.7247"
"21,14 : 0.7247"
"14,22 : 0.5412"
"22,14 : 0.5412"
"14,23 : 0.5646"
"23,14 : 0.5646"
"14,24 : 0.4883"
"24,14 : 0.4883"
"14,25 : 0.7201"
"25,14 : 0.7201"
"14,26 : 0.9213"
"26,14 : 0.9213"
"14,27 : 0.2668"
"27,14 : 0.2668"
"14,28 : 0.8075"
"28,14 : 0.8075"
"14,29 : 0.9795"
"29,14 : 0.9795"
"14,30 : 0.8509"
"30,14 : 0.8509"
"14,31 : 0.7543"
"31,14 : 0.7543"
"14,32 : 0.1825"
"32,14 : 0.1825"
"14,33 : 0.6021"
"33,14 : 0.6021"
"14,34 : 1.0749"
"34,14 : 1.0749"
"14,35 : 0.4554"
"35,14 : 0.4554"
"14,36 : 0.6325"
"36,14 : 0.6325"
"14,37 : 0.6201"
"37,14 : 0.6201"
"14,38 : 0.9381"
"38,14 : 0.9381"
"14,39 : 0.7077"
"39,14 : 0.7077"
"14,40 : 0.6723"
"40,14 : 0.6723"
"14,41 : 0.6378"
"41,14 : 0.6378"
"14,42 : 0.4148"
"42,14 : 0.4148"
"14,43 : 0.7742"
"43,14 : 0.7742"
"14,44 : 0.8635"
"44,14 : 0.8635"
"14,45 : 0.566"
"45,14 : 0.566"
"14,46 : 0.4528"
"46,14 : 0.4528"
"14,47 : 0.4707"
"47,14 : 0.4707"
"14,48 : 0.7311"
"48,14 : 0.7311"
"14,49 : 0.717"
"49,14 : 0.717"
"15,16 : 0.7892"
"16,15 : 0.7892"
"15,17 : 0.45"
"17,15 : 0.45"
"15,18 : 0.211"
"18,15 : 0.211"
"15,19 : 0.6847"
"19,15 : 0.6847"
"15,20 : 0.07"
"20,15 : 0.07"
"15,21 : 0.2081"
"21,15 : 0.2081"
"15,22 : 0.2408"
"22,15 : 0.2408"
"15,23 : 0.2452"
"23,15 : 0.2452"
"15,24 : 0.5323"
"24,15 : 0.5323"
"15,25 : 0.9463"
"25,15 : 0.9463"
"15,26 : 0.7336"
"26,15 : 0.7336"
"15,27 : 0.7058"
"27,15 : 0.7058"
"15,28 : 0.9052"
"28,15 : 0.9052"
"15,29 : 0.5944"
"29,15 : 0.5944"
"15,30 : 1.05"
"30,15 : 1.05"
"15,31 : 0.0906"
"31,15 : 0.0906"
"15,32 : 0.7301"
"32,15 : 0.7301"
"15,33 : 0.2"
"33,15 : 0.2"
"15,34 : 0.5801"
"34,15 : 0.5801"
"15,35 : 0.9464"
"35,15 : 0.9464"
"15,36 : 0.706"
"36,15 : 0.706"
"15,37 : 0.4968"
"37,15 : 0.4968"
"15,38 : 0.6263"
"38,15 : 0.6263"
"15,39 : 0.4482"
"39,15 : 0.4482"
"15,40 : 0.6727"
"40,15 : 0.6727"
"15,41 : 0.4601"
"41,15 : 0.4601"
"15,42 : 0.6895"
"42,15 : 0.6895"
"15,43 : 0.5547"
"43,15 : 0.5547"
"15,44 : 1.1707"
"44,15 : 1.1707"
"15,45 : 0.5547"
"45,15 : 0.5547"
"15,46 : 0.3748"
"46,15 : 0.3748"
"15,47 : 0.3081"
"47,15 : 0.3081"
"15,48 : 0.9121"
"48,15 : 0.9121"
"15,49 : 0.4841"
"49,15 : 0.4841"
"16,17 : 0.7004"
"17,16 : 0.7004"
"16,18 : 0.8654"
"18,16 : 0.8654"
"16,19 : 0.1077"
"19,16 : 0.1077"
"16,20 : 0.7201"
"20,16 : 0.7201"
"16,21 : 0.7209"
"21,16 : 0.7209"
"16,22 : 0.5492"
"22,16 : 0.5492"
"16,23 : 0.5661"
"23,16 : 0.5661"
"16,24 : 0.461"
"24,16 : 0.461"
"16,25 : 0.6701"
"25,16 : 0.6701"
"16,26 : 0.8868"
"26,16 : 0.8868"
"16,27 : 0.2247"
"27,16 : 0.2247"
"16,28 : 0.7612"
"28,16 : 0.7612"
"16,29 : 0.9552"
"29,16 : 0.9552"
"16,30 : 0.8002"
"30,16 : 0.8002"
"16,31 : 0.7706"
"31,16 : 0.7706"
"16,32 : 0.1393"
"32,16 : 0.1393"
"16,33 : 0.62"
"33,16 : 0.62"
"16,34 : 1.0555"
"34,16 : 1.0555"
"16,35 : 0.4016"
"35,16 : 0.4016"
"16,36 : 0.5924"
"36,16 : 0.5924"
"16,37 : 0.5946"
"37,16 : 0.5946"
"16,38 : 0.9105"
"38,16 : 0.9105"
"16,39 : 0.6862"
"39,16 : 0.6862"
"16,40 : 0.6351"
"40,16 : 0.6351"
"16,41 : 0.6152"
"41,16 : 0.6152"
"16,42 : 0.3734"
"42,16 : 0.3734"
"16,43 : 0.7465"
"43,16 : 0.7465"
"16,44 : 0.8102"
"44,16 : 0.8102"
"16,45 : 0.536"
"45,16 : 0.536"
"16,46 : 0.4478"
"46,16 : 0.4478"
"16,47 : 0.4826"
"47,16 : 0.4826"
"16,48 : 0.6826"
"48,16 : 0.6826"
"16,49 : 0.6931"
"49,16 : 0.6931"
"17,18 : 0.3265"
"18,17 : 0.3265"
"17,19 : 0.6014"
"19,17 : 0.6014"
"17,20 : 0.4118"
"20,17 : 0.4118"
"17,21 : 0.2421"
"21,17 : 0.2421"
"17,22 : 0.3812"
"22,17 : 0.3812"
"17,23 : 0.3114"
"23,17 : 0.3114"
"17,24 : 0.247"
"24,17 : 0.247"
"17,25 : 0.5349"
"25,17 : 0.5349"
"17,26 : 0.2983"
"26,17 : 0.2983"
"17,27 : 0.5077"
"27,17 : 0.5077"
"17,28 : 0.4662"
"28,17 : 0.4662"
"17,29 : 0.2608"
"29,17 : 0.2608"
"17,30 : 0.6191"
"30,17 : 0.6191"
"17,31 : 0.5197"
"31,17 : 0.5197"
"17,32 : 0.578"
"32,17 : 0.578"
"17,33 : 0.4924"
"33,17 : 0.4924"
"17,34 : 0.3561"
"34,17 : 0.3561"
"17,35 : 0.6478"
"35,17 : 0.6478"
"17,36 : 0.2983"
"36,17 : 0.2983"
"17,37 : 0.117"
"37,17 : 0.117"
"17,38 : 0.2377"
"38,17 : 0.2377"
"17,39 : 0.0141"
"39,17 : 0.0141"
"17,40 : 0.247"
"40,17 : 0.247"
"17,41 : 0.086"
"41,17 : 0.086"
"17,42 : 0.4016"
"42,17 : 0.4016"
"17,43 : 0.1077"
"43,17 : 0.1077"
"17,44 : 0.7564"
"44,17 : 0.7564"
"17,45 : 0.1965"
"45,17 : 0.1965"
"17,46 : 0.3162"
"46,17 : 0.3162"
"17,47 : 0.431"
"47,17 : 0.431"
"17,48 : 0.4924"
"48,17 : 0.4924"
"17,49 : 0.0361"
"49,17 : 0.0361"
"18,19 : 0.7577"
"19,18 : 0.7577"
"18,20 : 0.2285"
"20,18 : 0.2285"
"18,21 : 0.1456"
"21,18 : 0.1456"
"18,22 : 0.3471"
"22,18 : 0.3471"
"18,23 : 0.3053"
"23,18 : 0.3053"
"18,24 : 0.5004"
"24,18 : 0.5004"
"18,25 : 0.8601"
"25,18 : 0.8601"
"18,26 : 0.5685"
"26,18 : 0.5685"
"18,27 : 0.7299"
"27,18 : 0.7299"
"18,28 : 0.7908"
"28,18 : 0.7908"
"18,29 : 0.3992"
"29,18 : 0.3992"
"18,30 : 0.9451"
"30,18 : 0.9451"
"18,31 : 0.3015"
"31,18 : 0.3015"
"18,32 : 0.7762"
"32,18 : 0.7762"
"18,33 : 0.3759"
"33,18 : 0.3759"
"18,34 : 0.3701"
"34,18 : 0.3701"
"18,35 : 0.9313"
"35,18 : 0.9313"
"18,36 : 0.6203"
"36,18 : 0.6203"
"18,37 : 0.4148"
"37,18 : 0.4148"
"18,38 : 0.4442"
"38,18 : 0.4442"
"18,39 : 0.3311"
"39,18 : 0.3311"
"18,40 : 0.5727"
"40,18 : 0.5727"
"18,41 : 0.3736"
"41,18 : 0.3736"
"18,42 : 0.6703"
"42,18 : 0.6703"
"18,43 : 0.414"
"43,18 : 0.414"
"18,44 : 1.0826"
"44,18 : 1.0826"
"18,45 : 0.4903"
"45,18 : 0.4903"
"18,46 : 0.4179"
"46,18 : 0.4179"
"18,47 : 0.4252"
"47,18 : 0.4252"
"18,48 : 0.8186"
"48,18 : 0.8186"
"18,49 : 0.3624"
"49,18 : 0.3624"
"19,20 : 0.6152"
"20,19 : 0.6152"
"19,21 : 0.6133"
"21,19 : 0.6133"
"19,22 : 0.4441"
"22,19 : 0.4441"
"19,23 : 0.4588"
"23,19 : 0.4588"
"19,24 : 0.3689"
"24,19 : 0.3689"
"19,25 : 0.6364"
"25,19 : 0.6364"
"19,26 : 0.8053"
"26,19 : 0.8053"
"19,27 : 0.1712"
"27,19 : 0.1712"
"19,28 : 0.7106"
"28,19 : 0.7106"
"19,29 : 0.8591"
"29,19 : 0.8591"
"19,30 : 0.7694"
"30,19 : 0.7694"
"19,31 : 0.6701"
"31,19 : 0.6701"
"19,32 : 0.103"
"32,19 : 0.103"
"19,33 : 0.5215"
"33,19 : 0.5215"
"19,34 : 0.9548"
"34,19 : 0.9548"
"19,35 : 0.4105"
"35,19 : 0.4105"
"19,36 : 0.5239"
"36,19 : 0.5239"
"19,37 : 0.5"
"37,19 : 0.5"
"19,38 : 0.8184"
"38,19 : 0.8184"
"19,39 : 0.5873"
"39,19 : 0.5873"
"19,40 : 0.5597"
"40,19 : 0.5597"
"19,41 : 0.5174"
"41,19 : 0.5174"
"19,42 : 0.3114"
"42,19 : 0.3114"
"19,43 : 0.6546"
"43,19 : 0.6546"
"19,44 : 0.8006"
"44,19 : 0.8006"
"19,45 : 0.4478"
"45,19 : 0.4478"
"19,46 : 0.3401"
"46,19 : 0.3401"
"19,47 : 0.3801"
"47,19 : 0.3801"
"19,48 : 0.6412"
"48,19 : 0.6412"
"19,49 : 0.5967"
"49,19 : 0.5967"
"20,21 : 0.1772"
"21,20 : 0.1772"
"20,22 : 0.1712"
"22,20 : 0.1712"
"20,23 : 0.1772"
"23,20 : 0.1772"
"20,24 : 0.4701"
"24,20 : 0.4701"
"20,25 : 0.8902"
"25,20 : 0.8902"
"20,26 : 0.7038"
"26,20 : 0.7038"
"20,27 : 0.6364"
"27,20 : 0.6364"
"20,28 : 0.8563"
"28,20 : 0.8563"
"20,29 : 0.5831"
"29,20 : 0.5831"
"20,30 : 0.9976"
"30,20 : 0.9976"
"20,31 : 0.1082"
"31,20 : 0.1082"
"20,32 : 0.6601"
"32,20 : 0.6601"
"20,33 : 0.15"
"33,20 : 0.15"
"20,34 : 0.5855"
"34,20 : 0.5855"
"20,35 : 0.8793"
"35,20 : 0.8793"
"20,36 : 0.6519"
"36,20 : 0.6519"
"20,37 : 0.4455"
"37,20 : 0.4455"
"20,38 : 0.6064"
"38,20 : 0.6064"
"20,39 : 0.4082"
"39,20 : 0.4082"
"20,40 : 0.6224"
"40,20 : 0.6224"
"20,41 : 0.4111"
"41,20 : 0.4111"
"20,42 : 0.6239"
"42,20 : 0.6239"
"20,43 : 0.5188"
"43,20 : 0.5188"
"20,44 : 1.114"
"44,20 : 1.114"
"20,45 : 0.4982"
"45,20 : 0.4982"
"20,46 : 0.3059"
"46,20 : 0.3059"
"20,47 : 0.2404"
"47,20 : 0.2404"
"20,48 : 0.858"
"48,20 : 0.858"
"20,49 : 0.4442"
"49,20 : 0.4442"
"21,22 : 0.2247"
"22,21 : 0.2247"
"21,23 : 0.1697"
"23,21 : 0.1697"
"21,24 : 0.365"
"24,21 : 0.365"
"21,25 : 0.7529"
"25,21 : 0.7529"
"21,26 : 0.528"
"26,21 : 0.528"
"21,27 : 0.5855"
"27,21 : 0.5855"
"21,28 : 0.7018"
"28,21 : 0.7018"
"21,29 : 0.4101"
"29,21 : 0.4101"
"21,30 : 0.85"
"30,21 : 0.85"
"21,31 : 0.2823"
"31,21 : 0.2823"
"21,32 : 0.6306"
"32,21 : 0.6306"
"21,33 : 0.2927"
"33,21 : 0.2927"
"21,34 : 0.4301"
"34,21 : 0.4301"
"21,35 : 0.7951"
"35,21 : 0.7951"
"21,36 : 0.5111"
"36,21 : 0.5111"
"21,37 : 0.3002"
"37,21 : 0.3002"
"21,38 : 0.4295"
"38,21 : 0.4295"
"21,39 : 0.2408"
"39,21 : 0.2408"
"21,40 : 0.472"
"40,21 : 0.472"
"21,41 : 0.2608"
"41,21 : 0.2608"
"21,42 : 0.5334"
"42,21 : 0.5334"
"21,43 : 0.3467"
"43,21 : 0.3467"
"21,44 : 0.9775"
"44,21 : 0.9775"
"21,45 : 0.3677"
"45,21 : 0.3677"
"21,46 : 0.2731"
"46,21 : 0.2731"
"21,47 : 0.3"
"47,21 : 0.3"
"21,48 : 0.7156"
"48,21 : 0.7156"
"21,49 : 0.2766"
"49,21 : 0.2766"
"22,23 : 0.07"
"23,22 : 0.07"
"22,24 : 0.3466"
"24,22 : 0.3466"
"22,25 : 0.7783"
"25,22 : 0.7783"
"22,26 : 0.6774"
"26,22 : 0.6774"
"22,27 : 0.473"
"27,22 : 0.473"
"22,28 : 0.7685"
"28,22 : 0.7685"
"22,29 : 0.61"
"29,22 : 0.61"
"22,30 : 0.8964"
"30,22 : 0.8964"
"22,31 : 0.2404"
"31,22 : 0.2404"
"22,32 : 0.4909"
"32,22 : 0.4909"
"22,33 : 0.1281"
"33,22 : 0.1281"
"22,34 : 0.65"
"34,22 : 0.65"
"22,35 : 0.7262"
"35,22 : 0.7262"
"22,36 : 0.5522"
"36,22 : 0.5522"
"22,37 : 0.3677"
"37,22 : 0.3677"
"22,38 : 0.6107"
"38,22 : 0.6107"
"22,39 : 0.3722"
"39,22 : 0.3722"
"22,40 : 0.5371"
"40,22 : 0.5371"
"22,41 : 0.3448"
"41,22 : 0.3448"
"22,42 : 0.4802"
"42,22 : 0.4802"
"22,43 : 0.4851"
"43,22 : 0.4851"
"22,44 : 0.9972"
"44,22 : 0.9972"
"22,45 : 0.3966"
"45,22 : 0.3966"
"22,46 : 0.1526"
"46,22 : 0.1526"
"22,47 : 0.0781"
"47,22 : 0.0781"
"22,48 : 0.7529"
"48,22 : 0.7529"
"22,49 : 0.4045"
"49,22 : 0.4045"
"23,24 : 0.3"
"24,23 : 0.3"
"23,25 : 0.7286"
"25,23 : 0.7286"
"23,26 : 0.6083"
"26,23 : 0.6083"
"23,27 : 0.4617"
"27,23 : 0.4617"
"23,28 : 0.7103"
"28,23 : 0.7103"
"23,29 : 0.5413"
"29,23 : 0.5413"
"23,30 : 0.8429"
"30,23 : 0.8429"
"23,31 : 0.2693"
"31,23 : 0.2693"
"23,32 : 0.4916"
"32,23 : 0.4916"
"23,33 : 0.1879"
"33,23 : 0.1879"
"23,34 : 0.586"
"34,23 : 0.586"
"23,35 : 0.7021"
"35,23 : 0.7021"
"23,36 : 0.4968"
"36,23 : 0.4968"
"23,37 : 0.3041"
"37,23 : 0.3041"
"23,38 : 0.5408"
"38,23 : 0.5408"
"23,39 : 0.3027"
"39,23 : 0.3027"
"23,40 : 0.4771"
"40,23 : 0.4771"
"23,41 : 0.2786"
"41,23 : 0.2786"
"23,42 : 0.4478"
"42,23 : 0.4478"
"23,43 : 0.4159"
"43,23 : 0.4159"
"23,44 : 0.9502"
"44,23 : 0.9502"
"23,45 : 0.3406"
"45,23 : 0.3406"
"23,46 : 0.1304"
"46,23 : 0.1304"
"23,47 : 0.1342"
"47,23 : 0.1342"
"23,48 : 0.7004"
"48,23 : 0.7004"
"23,49 : 0.3354"
"49,23 : 0.3354"
"24,25 : 0.4319"
"25,24 : 0.4319"
"24,26 : 0.4427"
"26,24 : 0.4427"
"24,27 : 0.2608"
"27,24 : 0.2608"
"24,28 : 0.4346"
"28,24 : 0.4346"
"24,29 : 0.495"
"29,24 : 0.495"
"24,30 : 0.5522"
"30,24 : 0.5522"
"24,31 : 0.5686"
"31,24 : 0.5686"
"24,32 : 0.333"
"32,24 : 0.333"
"24,33 : 0.4742"
"33,24 : 0.4742"
"24,34 : 0.6022"
"34,24 : 0.6022"
"24,35 : 0.431"
"35,24 : 0.431"
"24,36 : 0.2154"
"36,24 : 0.2154"
"24,37 : 0.1345"
"37,24 : 0.1345"
"24,38 : 0.45"
"38,24 : 0.45"
"24,39 : 0.2332"
"39,24 : 0.2332"
"24,40 : 0.2209"
"40,24 : 0.2209"
"24,41 : 0.1612"
"41,24 : 0.1612"
"24,42 : 0.17"
"42,24 : 0.17"
"24,43 : 0.286"
"43,24 : 0.286"
"24,44 : 0.6512"
"44,24 : 0.6512"
"24,45 : 0.0825"
"45,24 : 0.0825"
"24,46 : 0.2025"
"46,24 : 0.2025"
"24,47 : 0.3499"
"47,24 : 0.3499"
"24,48 : 0.408"
"48,24 : 0.408"
"24,49 : 0.2343"
"49,24 : 0.2343"
"25,26 : 0.4415"
"26,25 : 0.4415"
"25,27 : 0.4653"
"27,25 : 0.4653"
"25,28 : 0.1442"
"28,25 : 0.1442"
"25,29 : 0.6407"
"29,25 : 0.6407"
"25,30 : 0.1334"
"30,25 : 0.1334"
"25,31 : 0.9936"
"31,25 : 0.9936"
"25,32 : 0.5415"
"32,25 : 0.5415"
"25,33 : 0.9061"
"33,25 : 0.9061"
"25,34 : 0.7806"
"34,25 : 0.7806"
"25,35 : 0.322"
"35,25 : 0.322"
"25,36 : 0.2419"
"36,25 : 0.2419"
"25,37 : 0.4528"
"37,25 : 0.4528"
"25,38 : 0.5614"
"38,25 : 0.5614"
"25,39 : 0.5292"
"39,25 : 0.5292"
"25,40 : 0.2879"
"40,25 : 0.2879"
"25,41 : 0.4924"
"41,25 : 0.4924"
"25,42 : 0.3418"
"42,25 : 0.3418"
"25,43 : 0.4687"
"43,25 : 0.4687"
"25,44 : 0.2247"
"44,25 : 0.2247"
"25,45 : 0.392"
"45,25 : 0.392"
"25,46 : 0.6325"
"46,25 : 0.6325"
"25,47 : 0.778"
"47,25 : 0.778"
"25,48 : 0.051"
"48,25 : 0.051"
"25,49 : 0.4998"
"49,25 : 0.4998"
"26,27 : 0.6657"
"27,26 : 0.6657"
"26,28 : 0.3106"
"28,26 : 0.3106"
"26,29 : 0.2214"
"29,26 : 0.2214"
"26,30 : 0.461"
"30,26 : 0.461"
"26,31 : 0.8102"
"31,26 : 0.8102"
"26,32 : 0.7495"
"32,26 : 0.7495"
"26,33 : 0.7908"
"33,26 : 0.7908"
"26,34 : 0.3569"
"34,26 : 0.3569"
"26,35 : 0.6907"
"35,26 : 0.6907"
"26,36 : 0.3111"
"36,26 : 0.3111"
"26,37 : 0.3324"
"37,26 : 0.3324"
"26,38 : 0.1432"
"38,26 : 0.1432"
"26,39 : 0.3059"
"39,26 : 0.3059"
"26,40 : 0.2561"
"40,26 : 0.2561"
"26,41 : 0.34"
"41,26 : 0.34"
"26,42 : 0.522"
"42,26 : 0.522"
"26,43 : 0.1924"
"43,26 : 0.1924"
"26,44 : 0.6203"
"44,26 : 0.6203"
"26,45 : 0.3606"
"45,26 : 0.3606"
"26,46 : 0.5908"
"46,26 : 0.5908"
"26,47 : 0.7211"
"47,26 : 0.7211"
"26,48 : 0.3905"
"48,26 : 0.3905"
"26,49 : 0.2729"
"49,26 : 0.2729"
"27,28 : 0.5423"
"28,27 : 0.5423"
"27,29 : 0.7517"
"29,27 : 0.7517"
"27,30 : 0.5984"
"30,27 : 0.5984"
"27,31 : 0.7131"
"31,27 : 0.7131"
"27,32 : 0.0854"
"32,27 : 0.0854"
"27,33 : 0.5794"
"33,27 : 0.5794"
"27,34 : 0.8627"
"34,27 : 0.8627"
"27,35 : 0.2702"
"35,27 : 0.2702"
"27,36 : 0.3677"
"36,27 : 0.3677"
"27,37 : 0.3941"
"37,27 : 0.3941"
"27,38 : 0.7001"
"38,27 : 0.7001"
"27,39 : 0.494"
"39,27 : 0.494"
"27,40 : 0.4118"
"40,27 : 0.4118"
"27,41 : 0.4219"
"41,27 : 0.4219"
"27,42 : 0.1487"
"42,27 : 0.1487"
"27,43 : 0.5376"
"43,27 : 0.5376"
"27,44 : 0.6356"
"44,27 : 0.6356"
"27,45 : 0.3256"
"45,27 : 0.3256"
"27,46 : 0.3314"
"46,27 : 0.3314"
"27,47 : 0.4308"
"47,27 : 0.4308"
"27,48 : 0.4704"
"48,27 : 0.4704"
"27,49 : 0.4941"
"49,27 : 0.4941"
"28,29 : 0.5224"
"29,28 : 0.5224"
"28,30 : 0.1581"
"30,28 : 0.1581"
"28,31 : 0.9633"
"31,28 : 0.9633"
"28,32 : 0.6251"
"32,28 : 0.6251"
"28,33 : 0.8959"
"33,28 : 0.8959"
"28,34 : 0.6619"
"34,28 : 0.6619"
"28,35 : 0.4522"
"35,28 : 0.4522"
"28,36 : 0.2193"
"36,28 : 0.2193"
"28,37 : 0.4111"
"37,28 : 0.4111"
"28,38 : 0.4418"
"38,28 : 0.4418"
"28,39 : 0.464"
"39,28 : 0.464"
"28,40 : 0.2343"
"40,28 : 0.2343"
"28,41 : 0.4455"
"41,28 : 0.4455"
"28,42 : 0.4"
"42,28 : 0.4"
"28,43 : 0.3801"
"43,28 : 0.3801"
"28,44 : 0.3126"
"44,28 : 0.3126"
"28,45 : 0.3722"
"45,28 : 0.3722"
"28,46 : 0.6351"
"46,28 : 0.6351"
"28,47 : 0.7826"
"47,28 : 0.7826"
"28,48 : 0.099"
"48,28 : 0.099"
"28,49 : 0.4301"
"49,28 : 0.4301"
"29,30 : 0.6774"
"30,29 : 0.6774"
"29,31 : 0.6807"
"31,29 : 0.6807"
"29,32 : 0.8276"
"32,29 : 0.8276"
"29,33 : 0.7006"
"33,29 : 0.7006"
"29,34 : 0.14"
"34,29 : 0.14"
"29,35 : 0.8431"
"35,29 : 0.8431"
"29,36 : 0.4554"
"36,29 : 0.4554"
"29,37 : 0.3607"
"37,29 : 0.3607"
"29,38 : 0.0806"
"38,29 : 0.0806"
"29,39 : 0.2746"
"39,29 : 0.2746"
"29,40 : 0.3922"
"40,29 : 0.3922"
"29,41 : 0.3421"
"41,29 : 0.3421"
"29,42 : 0.6268"
"42,29 : 0.6268"
"29,43 : 0.2163"
"43,29 : 0.2163"
"29,44 : 0.8349"
"44,29 : 0.8349"
"29,45 : 0.4264"
"45,29 : 0.4264"
"29,46 : 0.5727"
"46,29 : 0.5727"
"29,47 : 0.6719"
"47,29 : 0.6719"
"29,48 : 0.5903"
"48,29 : 0.5903"
"29,49 : 0.2625"
"49,29 : 0.2625"
"30,31 : 1.1032"
"31,30 : 1.1032"
"30,32 : 0.6736"
"32,30 : 0.6736"
"30,33 : 1.0245"
"33,30 : 1.0245"
"30,34 : 0.8161"
"34,30 : 0.8161"
"30,35 : 0.4342"
"35,30 : 0.4342"
"30,36 : 0.3466"
"36,30 : 0.3466"
"30,37 : 0.5532"
"37,30 : 0.5532"
"30,38 : 0.5968"
"38,30 : 0.5968"
"30,39 : 0.6159"
"39,30 : 0.6159"
"30,40 : 0.378"
"40,30 : 0.378"
"30,41 : 0.5903"
"41,30 : 0.5903"
"30,42 : 0.4743"
"42,30 : 0.4743"
"30,43 : 0.5371"
"43,30 : 0.5371"
"30,44 : 0.1603"
"44,30 : 0.1603"
"30,45 : 0.5025"
"45,30 : 0.5025"
"30,46 : 0.7545"
"46,30 : 0.7545"
"30,47 : 0.9014"
"47,30 : 0.9014"
"30,48 : 0.1442"
"48,30 : 0.1442"
"30,49 : 0.5831"
"49,30 : 0.5831"
"31,32 : 0.7269"
"32,31 : 0.7269"
"31,33 : 0.153"
"33,31 : 0.153"
"31,34 : 0.6703"
"34,31 : 0.6703"
"31,35 : 0.9657"
"35,31 : 0.9657"
"31,36 : 0.7569"
"36,31 : 0.7569"
"31,37 : 0.5523"
"37,31 : 0.5523"
"31,38 : 0.7088"
"38,31 : 0.7088"
"31,39 : 0.5162"
"39,31 : 0.5162"
"31,40 : 0.7292"
"40,31 : 0.7292"
"31,41 : 0.5186"
"41,31 : 0.5186"
"31,42 : 0.7155"
"42,31 : 0.7155"
"31,43 : 0.6265"
"43,31 : 0.6265"
"31,44 : 1.2166"
"44,31 : 1.2166"
"31,45 : 0.6021"
"45,31 : 0.6021"
"31,46 : 0.39"
"46,31 : 0.39"
"31,47 : 0.2907"
"47,31 : 0.2907"
"31,48 : 0.9626"
"48,31 : 0.9626"
"31,49 : 0.5523"
"49,31 : 0.5523"
"32,33 : 0.5846"
"33,32 : 0.5846"
"32,34 : 0.9341"
"34,32 : 0.9341"
"32,35 : 0.3081"
"35,32 : 0.3081"
"32,36 : 0.4531"
"36,32 : 0.4531"
"32,37 : 0.4675"
"37,32 : 0.4675"
"32,38 : 0.779"
"38,32 : 0.779"
"32,39 : 0.564"
"39,32 : 0.564"
"32,40 : 0.4965"
"40,32 : 0.4965"
"32,41 : 0.492"
"41,32 : 0.492"
"32,42 : 0.2341"
"42,32 : 0.2341"
"32,43 : 0.6155"
"43,32 : 0.6155"
"32,44 : 0.6989"
"44,32 : 0.6989"
"32,45 : 0.4036"
"45,32 : 0.4036"
"32,46 : 0.3635"
"46,32 : 0.3635"
"32,47 : 0.4374"
"47,32 : 0.4374"
"32,48 : 0.5501"
"48,32 : 0.5501"
"32,49 : 0.5673"
"49,32 : 0.5673"
"33,34 : 0.7203"
"34,33 : 0.7203"
"33,35 : 0.8408"
"35,33 : 0.8408"
"33,36 : 0.6801"
"36,33 : 0.6801"
"33,37 : 0.4919"
"37,33 : 0.4919"
"33,38 : 0.7118"
"38,33 : 0.7118"
"33,39 : 0.4851"
"39,33 : 0.4851"
"33,40 : 0.6637"
"40,33 : 0.6637"
"33,41 : 0.4662"
"41,33 : 0.4662"
"33,42 : 0.6022"
"42,33 : 0.6022"
"33,43 : 0.5991"
"43,33 : 0.5991"
"33,44 : 1.1243"
"44,33 : 1.1243"
"33,45 : 0.5243"
"45,33 : 0.5243"
"33,46 : 0.2766"
"46,33 : 0.2766"
"33,47 : 0.1487"
"47,33 : 0.1487"
"33,48 : 0.8809"
"48,33 : 0.8809"
"33,49 : 0.5192"
"49,33 : 0.5192"
"34,35 : 0.9741"
"35,34 : 0.9741"
"34,36 : 0.5894"
"36,34 : 0.5894"
"34,37 : 0.4687"
"37,34 : 0.4687"
"34,38 : 0.2202"
"38,34 : 0.2202"
"34,39 : 0.3701"
"39,34 : 0.3701"
"34,40 : 0.5263"
"40,34 : 0.5263"
"34,41 : 0.442"
"41,34 : 0.442"
"34,42 : 0.7471"
"42,34 : 0.7471"
"34,43 : 0.3418"
"43,34 : 0.3418"
"34,44 : 0.9742"
"44,34 : 0.9742"
"34,45 : 0.542"
"45,34 : 0.542"
"34,46 : 0.644"
"46,34 : 0.644"
"34,47 : 0.7201"
"47,34 : 0.7201"
"34,48 : 0.7303"
"48,34 : 0.7303"
"34,49 : 0.3689"
"49,34 : 0.3689"
"35,36 : 0.3891"
"36,35 : 0.3891"
"35,37 : 0.5334"
"37,35 : 0.5334"
"35,38 : 0.7739"
"38,35 : 0.7739"
"35,39 : 0.6364"
"39,35 : 0.6364"
"35,40 : 0.4519"
"40,35 : 0.4519"
"35,41 : 0.5722"
"41,35 : 0.5722"
"35,42 : 0.2617"
"42,35 : 0.2617"
"35,43 : 0.6325"
"43,35 : 0.6325"
"35,44 : 0.413"
"44,35 : 0.413"
"35,45 : 0.4528"
"45,35 : 0.4528"
"35,46 : 0.5758"
"46,35 : 0.5758"
"35,47 : 0.6935"
"47,35 : 0.6935"
"35,48 : 0.3551"
"48,35 : 0.3551"
"35,49 : 0.6217"
"49,35 : 0.6217"
"36,37 : 0.211"
"37,36 : 0.211"
"36,38 : 0.3848"
"38,36 : 0.3848"
"36,39 : 0.2912"
"39,36 : 0.2912"
"36,40 : 0.0632"
"40,36 : 0.0632"
"36,41 : 0.2506"
"41,36 : 0.2506"
"36,42 : 0.2193"
"42,36 : 0.2193"
"36,43 : 0.2518"
"43,36 : 0.2518"
"36,44 : 0.4665"
"44,36 : 0.4665"
"36,45 : 0.1562"
"45,36 : 0.1562"
"36,46 : 0.4159"
"46,36 : 0.4159"
"36,47 : 0.5636"
"47,36 : 0.5636"
"36,48 : 0.2062"
"48,36 : 0.2062"
"36,49 : 0.2648"
"49,36 : 0.2648"
"37,38 : 0.3191"
"38,37 : 0.3191"
"37,39 : 0.1044"
"39,37 : 0.1044"
"37,40 : 0.1769"
"40,37 : 0.1769"
"37,41 : 0.0412"
"41,37 : 0.0412"
"37,42 : 0.2846"
"42,37 : 0.2846"
"37,43 : 0.1565"
"43,37 : 0.1565"
"37,44 : 0.6774"
"44,37 : 0.6774"
"37,45 : 0.0806"
"45,37 : 0.0806"
"37,46 : 0.2602"
"46,37 : 0.2602"
"37,47 : 0.3981"
"47,37 : 0.3981"
"37,48 : 0.4162"
"48,37 : 0.4162"
"37,49 : 0.1"
"49,37 : 0.1"
"38,39 : 0.25"
"39,38 : 0.25"
"38,40 : 0.322"
"40,38 : 0.322"
"38,41 : 0.3087"
"41,38 : 0.3087"
"38,42 : 0.5685"
"42,38 : 0.5685"
"38,43 : 0.164"
"43,38 : 0.164"
"38,44 : 0.7543"
"44,38 : 0.7543"
"38,45 : 0.3754"
"45,38 : 0.3754"
"38,46 : 0.5536"
"46,38 : 0.5536"
"38,47 : 0.6661"
"47,38 : 0.6661"
"38,48 : 0.5109"
"48,38 : 0.5109"
"38,49 : 0.2285"
"49,38 : 0.2285"
"39,40 : 0.2417"
"40,39 : 0.2417"
"39,41 : 0.0721"
"41,39 : 0.0721"
"39,42 : 0.389"
"42,39 : 0.389"
"39,43 : 0.114"
"43,39 : 0.114"
"39,44 : 0.7515"
"44,39 : 0.7515"
"39,45 : 0.1844"
"45,39 : 0.1844"
"39,46 : 0.3036"
"46,39 : 0.3036"
"39,47 : 0.4205"
"47,39 : 0.4205"
"39,48 : 0.4875"
"48,39 : 0.4875"
"39,49 : 0.0361"
"49,39 : 0.0361"
"40,41 : 0.2126"
"41,40 : 0.2126"
"40,42 : 0.2663"
"42,40 : 0.2663"
"40,43 : 0.1903"
"43,40 : 0.1903"
"40,44 : 0.5099"
"44,40 : 0.5099"
"40,45 : 0.1456"
"45,40 : 0.1456"
"40,46 : 0.4111"
"46,40 : 0.4111"
"40,47 : 0.5571"
"47,40 : 0.5571"
"40,48 : 0.246"
"48,40 : 0.246"
"40,49 : 0.2119"
"49,40 : 0.2119"
"41,42 : 0.3202"
"42,41 : 0.3202"
"41,43 : 0.153"
"43,41 : 0.153"
"41,44 : 0.7169"
"44,41 : 0.7169"
"41,45 : 0.12"
"45,41 : 0.12"
"41,46 : 0.2518"
"46,41 : 0.2518"
"41,47 : 0.3821"
"47,41 : 0.3821"
"41,48 : 0.4549"
"48,41 : 0.4549"
"41,49 : 0.0806"
"49,41 : 0.0806"
"42,43 : 0.4105"
"43,42 : 0.4105"
"42,44 : 0.5382"
"44,42 : 0.5382"
"42,45 : 0.2062"
"45,42 : 0.2062"
"42,46 : 0.3276"
"46,42 : 0.3276"
"42,47 : 0.461"
"47,42 : 0.461"
"42,48 : 0.3373"
"48,42 : 0.3373"
"42,49 : 0.3808"
