x,y
0.23,0.55
0.61,0.22
0.81,0.29
0.93,0.28
0.65,0.75
0.85,0.37
0.14,0.92
0.81,0.54
0.12,0.46
0.72,0.49
0.42,0.52
0.69,0.94
0.07,0.92
0.78,0.09
0.84,0.87
0.17,0.14
0.95,0.87
0.03,0.26
0.92,0.99
0.49,0.8
0.8,0.61
0.19,0.04
0.3,0.7
0.98,0.51
0.97,0.18
0.86,0.11
0.97,0.3
0.82,0.3
0.99,0.87
0.43,0.05
0.58,0.49
0.66,0.35
0.35,0.47
0.19,0.15
0.22,0.81
0.55,0.19
0.83,0.03
0.11,0.87
0.72,0.49
0.16,0.69
0.26,0.37
0.61,0.05
0.61,0.29
0.56,0.57
0.41,0.81
0.89,0.61
0.68,0.4
0.89,0.11
0.63,0.47
0.14,0.18

Distanze
"0,1 : 0.5033"
"1,0 : 0.5033"
"0,2 : 0.6356"
"2,0 : 0.6356"
"0,3 : 0.7503"
"3,0 : 0.7503"
"0,4 : 0.4652"
"4,0 : 0.4652"
"0,5 : 0.6456"
"5,0 : 0.6456"
"0,6 : 0.3808"
"6,0 : 0.3808"
"0,7 : 0.5801"
"7,0 : 0.5801"
"0,8 : 0.1421"
"8,0 : 0.1421"
"0,9 : 0.4937"
"9,0 : 0.4937"
"0,10 : 0.1924"
"10,0 : 0.1924"
"0,11 : 0.6031"
"11,0 : 0.6031"
"0,12 : 0.4031"
"12,0 : 0.4031"
"0,13 : 0.717"
"13,0 : 0.717"
"0,14 : 0.6888"
"14,0 : 0.6888"
"0,15 : 0.4144"
"15,0 : 0.4144"
"0,16 : 0.7879"
"16,0 : 0.7879"
"0,17 : 0.3523"
"17,0 : 0.3523"
"0,18 : 0.8184"
"18,0 : 0.8184"
"0,19 : 0.3607"
"19,0 : 0.3607"
"0,20 : 0.5731"
"20,0 : 0.5731"
"0,21 : 0.5116"
"21,0 : 0.5116"
"0,22 : 0.1655"
"22,0 : 0.1655"
"0,23 : 0.7511"
"23,0 : 0.7511"
"0,24 : 0.8273"
"24,0 : 0.8273"
"0,25 : 0.7684"
"25,0 : 0.7684"
"0,26 : 0.7811"
"26,0 : 0.7811"
"0,27 : 0.6408"
"27,0 : 0.6408"
"0,28 : 0.8246"
"28,0 : 0.8246"
"0,29 : 0.5385"
"29,0 : 0.5385"
"0,30 : 0.3551"
"30,0 : 0.3551"
"0,31 : 0.4742"
"31,0 : 0.4742"
"0,32 : 0.1442"
"32,0 : 0.1442"
"0,33 : 0.402"
"33,0 : 0.402"
"0,34 : 0.2602"
"34,0 : 0.2602"
"0,35 : 0.4817"
"35,0 : 0.4817"
"0,36 : 0.794"
"36,0 : 0.794"
"0,37 : 0.3418"
"37,0 : 0.3418"
"0,38 : 0.4937"
"38,0 : 0.4937"
"0,39 : 0.1565"
"39,0 : 0.1565"
"0,40 : 0.1825"
"40,0 : 0.1825"
"0,41 : 0.628"
"41,0 : 0.628"
"0,42 : 0.4604"
"42,0 : 0.4604"
"0,43 : 0.3306"
"43,0 : 0.3306"
"0,44 : 0.3162"
"44,0 : 0.3162"
"0,45 : 0.6627"
"45,0 : 0.6627"
"0,46 : 0.4743"
"46,0 : 0.4743"
"0,47 : 0.7932"
"47,0 : 0.7932"
"0,48 : 0.4079"
"48,0 : 0.4079"
"0,49 : 0.3808"
"49,0 : 0.3808"
"1,2 : 0.2119"
"2,1 : 0.2119"
"1,3 : 0.3256"
"3,1 : 0.3256"
"1,4 : 0.5315"
"4,1 : 0.5315"
"1,5 : 0.283"
"5,1 : 0.283"
"1,6 : 0.8431"
"6,1 : 0.8431"
"1,7 : 0.3774"
"7,1 : 0.3774"
"1,8 : 0.5456"
"8,1 : 0.5456"
"1,9 : 0.2915"
"9,1 : 0.2915"
"1,10 : 0.3551"
"10,1 : 0.3551"
"1,11 : 0.7244"
"11,1 : 0.7244"
"1,12 : 0.8841"
"12,1 : 0.8841"
"1,13 : 0.214"
"13,1 : 0.214"
"1,14 : 0.6895"
"14,1 : 0.6895"
"1,15 : 0.4472"
"15,1 : 0.4472"
"1,16 : 0.7336"
"16,1 : 0.7336"
"1,17 : 0.5814"
"17,1 : 0.5814"
"1,18 : 0.8301"
"18,1 : 0.8301"
"1,19 : 0.5923"
"19,1 : 0.5923"
"1,20 : 0.4338"
"20,1 : 0.4338"
"1,21 : 0.4569"
"21,1 : 0.4569"
"1,22 : 0.5714"
"22,1 : 0.5714"
"1,23 : 0.4701"
"23,1 : 0.4701"
"1,24 : 0.3622"
"24,1 : 0.3622"
"1,25 : 0.2731"
"25,1 : 0.2731"
"1,26 : 0.3688"
"26,1 : 0.3688"
"1,27 : 0.2247"
"27,1 : 0.2247"
"1,28 : 0.7529"
"28,1 : 0.7529"
"1,29 : 0.2476"
"29,1 : 0.2476"
"1,30 : 0.2717"
"30,1 : 0.2717"
"1,31 : 0.1393"
"31,1 : 0.1393"
"1,32 : 0.3607"
"32,1 : 0.3607"
"1,33 : 0.4258"
"33,1 : 0.4258"
"1,34 : 0.7072"
"34,1 : 0.7072"
"1,35 : 0.0671"
"35,1 : 0.0671"
"1,36 : 0.2907"
"36,1 : 0.2907"
"1,37 : 0.8201"
"37,1 : 0.8201"
"1,38 : 0.2915"
"38,1 : 0.2915"
"1,39 : 0.6507"
"39,1 : 0.6507"
"1,40 : 0.3808"
"40,1 : 0.3808"
"1,41 : 0.17"
"41,1 : 0.17"
"1,42 : 0.07"
"42,1 : 0.07"
"1,43 : 0.3536"
"43,1 : 0.3536"
"1,44 : 0.623"
"44,1 : 0.623"
"1,45 : 0.4801"
"45,1 : 0.4801"
"1,46 : 0.1931"
"46,1 : 0.1931"
"1,47 : 0.3008"
"47,1 : 0.3008"
"1,48 : 0.2508"
"48,1 : 0.2508"
"1,49 : 0.4717"
"49,1 : 0.4717"
"2,3 : 0.1204"
"3,2 : 0.1204"
"2,4 : 0.487"
"4,2 : 0.487"
"2,5 : 0.0894"
"5,2 : 0.0894"
"2,6 : 0.9197"
"6,2 : 0.9197"
"2,7 : 0.25"
"7,2 : 0.25"
"2,8 : 0.7106"
"8,2 : 0.7106"
"2,9 : 0.2193"
"9,2 : 0.2193"
"2,10 : 0.4528"
"10,2 : 0.4528"
"2,11 : 0.661"
"11,2 : 0.661"
"2,12 : 0.9719"
"12,2 : 0.9719"
"2,13 : 0.2022"
"13,2 : 0.2022"
"2,14 : 0.5808"
"14,2 : 0.5808"
"2,15 : 0.6573"
"15,2 : 0.6573"
"2,16 : 0.5967"
"16,2 : 0.5967"
"2,17 : 0.7806"
"17,2 : 0.7806"
"2,18 : 0.7086"
"18,2 : 0.7086"
"2,19 : 0.6021"
"19,2 : 0.6021"
"2,20 : 0.3202"
"20,2 : 0.3202"
"2,21 : 0.6685"
"21,2 : 0.6685"
"2,22 : 0.6544"
"22,2 : 0.6544"
"2,23 : 0.278"
"23,2 : 0.278"
"2,24 : 0.1942"
"24,2 : 0.1942"
"2,25 : 0.1868"
"25,2 : 0.1868"
"2,26 : 0.1603"
"26,2 : 0.1603"
"2,27 : 0.0141"
"27,2 : 0.0141"
"2,28 : 0.6073"
"28,2 : 0.6073"
"2,29 : 0.4494"
"29,2 : 0.4494"
"2,30 : 0.3048"
"30,2 : 0.3048"
"2,31 : 0.1616"
"31,2 : 0.1616"
"2,32 : 0.494"
"32,2 : 0.494"
"2,33 : 0.6356"
"33,2 : 0.6356"
"2,34 : 0.7864"
"34,2 : 0.7864"
"2,35 : 0.2786"
"35,2 : 0.2786"
"2,36 : 0.2608"
"36,2 : 0.2608"
"2,37 : 0.9091"
"37,2 : 0.9091"
"2,38 : 0.2193"
"38,2 : 0.2193"
"2,39 : 0.7632"
"39,2 : 0.7632"
"2,40 : 0.5558"
"40,2 : 0.5558"
"2,41 : 0.3124"
"41,2 : 0.3124"
"2,42 : 0.2"
"42,2 : 0.2"
"2,43 : 0.3754"
"43,2 : 0.3754"
"2,44 : 0.656"
"44,2 : 0.656"
"2,45 : 0.3298"
"45,2 : 0.3298"
"2,46 : 0.1703"
"46,2 : 0.1703"
"2,47 : 0.197"
"47,2 : 0.197"
"2,48 : 0.2546"
"48,2 : 0.2546"
"2,49 : 0.679"
"49,2 : 0.679"
"3,4 : 0.5471"
"4,3 : 0.5471"
"3,5 : 0.1204"
"5,3 : 0.1204"
"3,6 : 1.0167"
"6,3 : 1.0167"
"3,7 : 0.2864"
"7,3 : 0.2864"
"3,8 : 0.8298"
"8,3 : 0.8298"
"3,9 : 0.297"
"9,3 : 0.297"
"3,10 : 0.5636"
"10,3 : 0.5636"
"3,11 : 0.7023"
"11,3 : 0.7023"
"3,12 : 1.072"
"12,3 : 1.072"
"3,13 : 0.2421"
"13,3 : 0.2421"
"3,14 : 0.5968"
"14,3 : 0.5968"
"3,15 : 0.7728"
"15,3 : 0.7728"
"3,16 : 0.5903"
"16,3 : 0.5903"
"3,17 : 0.9002"
"17,3 : 0.9002"
"3,18 : 0.7101"
"18,3 : 0.7101"
"3,19 : 0.6812"
"19,3 : 0.6812"
"3,20 : 0.3547"
"20,3 : 0.3547"
"3,21 : 0.7779"
"21,3 : 0.7779"
"3,22 : 0.7572"
"22,3 : 0.7572"
"3,23 : 0.2354"
"23,3 : 0.2354"
"3,24 : 0.1077"
"24,3 : 0.1077"
"3,25 : 0.1838"
"25,3 : 0.1838"
"3,26 : 0.0447"
"26,3 : 0.0447"
"3,27 : 0.1118"
"27,3 : 0.1118"
"3,28 : 0.593"
"28,3 : 0.593"
"3,29 : 0.5504"
"29,3 : 0.5504"
"3,30 : 0.4082"
"30,3 : 0.4082"
"3,31 : 0.2789"
"31,3 : 0.2789"
"3,32 : 0.6103"
"32,3 : 0.6103"
"3,33 : 0.7513"
"33,3 : 0.7513"
"3,34 : 0.886"
"34,3 : 0.886"
"3,35 : 0.3905"
"35,3 : 0.3905"
"3,36 : 0.2693"
"36,3 : 0.2693"
"3,37 : 1.0102"
"37,3 : 1.0102"
"3,38 : 0.297"
"38,3 : 0.297"
"3,39 : 0.8724"
"39,3 : 0.8724"
"3,40 : 0.676"
"40,3 : 0.676"
"3,41 : 0.3941"
"41,3 : 0.3941"
"3,42 : 0.3202"
"42,3 : 0.3202"
"3,43 : 0.4701"
"43,3 : 0.4701"
"3,44 : 0.7425"
"44,3 : 0.7425"
"3,45 : 0.3324"
"45,3 : 0.3324"
"3,46 : 0.2773"
"46,3 : 0.2773"
"3,47 : 0.1746"
"47,3 : 0.1746"
"3,48 : 0.3551"
"48,3 : 0.3551"
"3,49 : 0.7963"
"49,3 : 0.7963"
"4,5 : 0.4294"
"5,4 : 0.4294"
"4,6 : 0.5376"
"6,4 : 0.5376"
"4,7 : 0.264"
"7,4 : 0.264"
"4,8 : 0.6042"
"8,4 : 0.6042"
"4,9 : 0.2693"
"9,4 : 0.2693"
"4,10 : 0.3253"
"10,4 : 0.3253"
"4,11 : 0.1942"
"11,4 : 0.1942"
"4,12 : 0.6044"
"12,4 : 0.6044"
"4,13 : 0.6727"
"13,4 : 0.6727"
"4,14 : 0.2247"
"14,4 : 0.2247"
"4,15 : 0.7762"
"15,4 : 0.7762"
"4,16 : 0.3231"
"16,4 : 0.3231"
"4,17 : 0.7903"
"17,4 : 0.7903"
"4,18 : 0.3612"
"18,4 : 0.3612"
"4,19 : 0.1676"
"19,4 : 0.1676"
"4,20 : 0.2052"
"20,4 : 0.2052"
"4,21 : 0.846"
"21,4 : 0.846"
"4,22 : 0.3536"
"22,4 : 0.3536"
"4,23 : 0.408"
"23,4 : 0.408"
"4,24 : 0.6537"
"24,4 : 0.6537"
"4,25 : 0.6736"
"25,4 : 0.6736"
"4,26 : 0.5522"
"26,4 : 0.5522"
"4,27 : 0.481"
"27,4 : 0.481"
"4,28 : 0.3606"
"28,4 : 0.3606"
"4,29 : 0.7338"
"29,4 : 0.7338"
"4,30 : 0.2693"
"30,4 : 0.2693"
"4,31 : 0.4001"
"31,4 : 0.4001"
"4,32 : 0.4104"
"32,4 : 0.4104"
"4,33 : 0.756"
"33,4 : 0.756"
"4,34 : 0.4342"
"34,4 : 0.4342"
"4,35 : 0.5689"
"35,4 : 0.5689"
"4,36 : 0.7422"
"36,4 : 0.7422"
"4,37 : 0.5532"
"37,4 : 0.5532"
"4,38 : 0.2693"
"38,4 : 0.2693"
"4,39 : 0.4937"
"39,4 : 0.4937"
"4,40 : 0.5445"
"40,4 : 0.5445"
"4,41 : 0.7011"
"41,4 : 0.7011"
"4,42 : 0.4617"
"42,4 : 0.4617"
"4,43 : 0.2012"
"43,4 : 0.2012"
"4,44 : 0.2474"
"44,4 : 0.2474"
"4,45 : 0.2778"
"45,4 : 0.2778"
"4,46 : 0.3513"
"46,4 : 0.3513"
"4,47 : 0.6835"
"47,4 : 0.6835"
"4,48 : 0.2807"
"48,4 : 0.2807"
"4,49 : 0.7649"
"49,4 : 0.7649"
"5,6 : 0.8981"
"6,5 : 0.8981"
"5,7 : 0.1746"
"7,5 : 0.1746"
"5,8 : 0.7355"
"8,5 : 0.7355"
"5,9 : 0.1769"
"9,5 : 0.1769"
"5,10 : 0.4554"
"10,5 : 0.4554"
"5,11 : 0.592"
"11,5 : 0.592"
"5,12 : 0.9544"
"12,5 : 0.9544"
"5,13 : 0.2886"
"13,5 : 0.2886"
"5,14 : 0.5001"
"14,5 : 0.5001"
"5,15 : 0.7178"
"15,5 : 0.7178"
"5,16 : 0.5099"
"16,5 : 0.5099"
"5,17 : 0.8273"
"17,5 : 0.8273"
"5,18 : 0.6239"
"18,5 : 0.6239"
"5,19 : 0.5608"
"19,5 : 0.5608"
"5,20 : 0.2452"
"20,5 : 0.2452"
"5,21 : 0.7379"
"21,5 : 0.7379"
"5,22 : 0.6414"
"22,5 : 0.6414"
"5,23 : 0.191"
"23,5 : 0.191"
"5,24 : 0.2247"
"24,5 : 0.2247"
"5,25 : 0.2602"
"25,5 : 0.2602"
"5,26 : 0.1389"
"26,5 : 0.1389"
"5,27 : 0.0762"
"27,5 : 0.0762"
"5,28 : 0.5192"
"28,5 : 0.5192"
"5,29 : 0.528"
"29,5 : 0.528"
"5,30 : 0.2955"
"30,5 : 0.2955"
"5,31 : 0.191"
"31,5 : 0.191"
"5,32 : 0.5099"
"32,5 : 0.5099"
"5,33 : 0.6957"
"33,5 : 0.6957"
"5,34 : 0.7684"
"34,5 : 0.7684"
"5,35 : 0.3499"
"35,5 : 0.3499"
"5,36 : 0.3406"
"36,5 : 0.3406"
"5,37 : 0.8931"
"37,5 : 0.8931"
"5,38 : 0.1769"
"38,5 : 0.1769"
"5,39 : 0.7606"
"39,5 : 0.7606"
"5,40 : 0.59"
"40,5 : 0.59"
"5,41 : 0.4"
"41,5 : 0.4"
"5,42 : 0.253"
"42,5 : 0.253"
"5,43 : 0.3523"
"43,5 : 0.3523"
"5,44 : 0.6223"
"44,5 : 0.6223"
"5,45 : 0.2433"
"45,5 : 0.2433"
"5,46 : 0.1726"
"46,5 : 0.1726"
"5,47 : 0.2631"
"47,5 : 0.2631"
"5,48 : 0.2417"
"48,5 : 0.2417"
"5,49 : 0.735"
"49,5 : 0.735"
"6,7 : 0.7703"
"7,6 : 0.7703"
"6,8 : 0.4604"
"8,6 : 0.4604"
"6,9 : 0.722"
"9,6 : 0.722"
"6,10 : 0.4883"
"10,6 : 0.4883"
"6,11 : 0.5504"
"11,6 : 0.5504"
"6,12 : 0.07"
"12,6 : 0.07"
"6,13 : 1.0481"
"13,6 : 1.0481"
"6,14 : 0.7018"
"14,6 : 0.7018"
"6,15 : 0.7806"
"15,6 : 0.7806"
"6,16 : 0.8115"
"16,6 : 0.8115"
"6,17 : 0.6691"
"17,6 : 0.6691"
"6,18 : 0.7831"
"18,6 : 0.7831"
"6,19 : 0.37"
"19,6 : 0.37"
"6,20 : 0.7292"
"20,6 : 0.7292"
"6,21 : 0.8814"
"21,6 : 0.8814"
"6,22 : 0.272"
"22,6 : 0.272"
"6,23 : 0.9347"
"23,6 : 0.9347"
"6,24 : 1.112"
"24,6 : 1.112"
"6,25 : 1.0837"
"25,6 : 1.0837"
"6,26 : 1.036"
"26,6 : 1.036"
"6,27 : 0.9202"
"27,6 : 0.9202"
"6,28 : 0.8515"
"28,6 : 0.8515"
"6,29 : 0.9171"
"29,6 : 0.9171"
"6,30 : 0.6152"
"30,6 : 0.6152"
"6,31 : 0.7716"
"31,6 : 0.7716"
"6,32 : 0.4966"
"32,6 : 0.4966"
"6,33 : 0.7716"
"33,6 : 0.7716"
"6,34 : 0.136"
"34,6 : 0.136"
"6,35 : 0.8373"
"35,6 : 0.8373"
"6,36 : 1.1261"
"36,6 : 1.1261"
"6,37 : 0.0583"
"37,6 : 0.0583"
"6,38 : 0.722"
"38,6 : 0.722"
"6,39 : 0.2309"
"39,6 : 0.2309"
"6,40 : 0.5629"
"40,6 : 0.5629"
"6,41 : 0.9888"
"41,6 : 0.9888"
"6,42 : 0.786"
"42,6 : 0.786"
"6,43 : 0.5467"
"43,6 : 0.5467"
"6,44 : 0.2915"
"44,6 : 0.2915"
"6,45 : 0.8115"
"45,6 : 0.8115"
"6,46 : 0.7497"
"46,6 : 0.7497"
"6,47 : 1.1039"
"47,6 : 1.1039"
"6,48 : 0.6653"
"48,6 : 0.6653"
"6,49 : 0.74"
"49,6 : 0.74"
"7,8 : 0.6946"
"8,7 : 0.6946"
"7,9 : 0.103"
"9,7 : 0.103"
"7,10 : 0.3905"
"10,7 : 0.3905"
"7,11 : 0.4176"
"11,7 : 0.4176"
"7,12 : 0.8319"
"12,7 : 0.8319"
"7,13 : 0.451"
"13,7 : 0.451"
"7,14 : 0.3314"
"14,7 : 0.3314"
"7,15 : 0.7547"
"15,7 : 0.7547"
"7,16 : 0.3585"
"16,7 : 0.3585"
"7,17 : 0.8287"
"17,7 : 0.8287"
"7,18 : 0.4632"
"18,7 : 0.4632"
"7,19 : 0.4123"
"19,7 : 0.4123"
"7,20 : 0.0707"
"20,7 : 0.0707"
"7,21 : 0.7965"
"21,7 : 0.7965"
"7,22 : 0.5345"
"22,7 : 0.5345"
"7,23 : 0.1726"
"23,7 : 0.1726"
"7,24 : 0.394"
"24,7 : 0.394"
"7,25 : 0.4329"
"25,7 : 0.4329"
"7,26 : 0.2884"
"26,7 : 0.2884"
"7,27 : 0.2402"
"27,7 : 0.2402"
"7,28 : 0.3759"
"28,7 : 0.3759"
"7,29 : 0.6201"
"29,7 : 0.6201"
"7,30 : 0.2354"
"30,7 : 0.2354"
"7,31 : 0.2421"
"31,7 : 0.2421"
"7,32 : 0.4653"
"32,7 : 0.4653"
"7,33 : 0.7325"
"33,7 : 0.7325"
"7,34 : 0.6488"
"34,7 : 0.6488"
"7,35 : 0.436"
"35,7 : 0.436"
"7,36 : 0.5104"
"36,7 : 0.5104"
"7,37 : 0.7739"
"37,7 : 0.7739"
"7,38 : 0.103"
"38,7 : 0.103"
"7,39 : 0.6671"
"39,7 : 0.6671"
"7,40 : 0.5757"
"40,7 : 0.5757"
"7,41 : 0.5292"
"41,7 : 0.5292"
"7,42 : 0.3202"
"42,7 : 0.3202"
"7,43 : 0.2518"
"43,7 : 0.2518"
"7,44 : 0.4826"
"44,7 : 0.4826"
"7,45 : 0.1063"
"45,7 : 0.1063"
"7,46 : 0.191"
"46,7 : 0.191"
"7,47 : 0.4374"
"47,7 : 0.4374"
"7,48 : 0.1931"
"48,7 : 0.1931"
"7,49 : 0.7606"
"49,7 : 0.7606"
"8,9 : 0.6007"
"9,8 : 0.6007"
"8,10 : 0.3059"
"10,8 : 0.3059"
"8,11 : 0.7452"
"11,8 : 0.7452"
"8,12 : 0.4627"
"12,8 : 0.4627"
"8,13 : 0.7566"
"13,8 : 0.7566"
"8,14 : 0.8286"
"14,8 : 0.8286"
"8,15 : 0.3239"
"15,8 : 0.3239"
"8,16 : 0.9257"
"16,8 : 0.9257"
"8,17 : 0.2193"
"17,8 : 0.2193"
"8,18 : 0.9596"
"18,8 : 0.9596"
"8,19 : 0.5025"
"19,8 : 0.5025"
"8,20 : 0.6963"
"20,8 : 0.6963"
"8,21 : 0.4258"
"21,8 : 0.4258"
"8,22 : 0.3"
"22,8 : 0.3"
"8,23 : 0.8615"
"23,8 : 0.8615"
"8,24 : 0.8949"
"24,8 : 0.8949"
"8,25 : 0.8186"
"25,8 : 0.8186"
"8,26 : 0.8649"
"26,8 : 0.8649"
"8,27 : 0.7181"
"27,8 : 0.7181"
"8,28 : 0.9618"
"28,8 : 0.9618"
"8,29 : 0.514"
"29,8 : 0.514"
"8,30 : 0.461"
"30,8 : 0.461"
"8,31 : 0.5511"
"31,8 : 0.5511"
"8,32 : 0.2302"
"32,8 : 0.2302"
"8,33 : 0.3178"
"33,8 : 0.3178"
"8,34 : 0.364"
"34,8 : 0.364"
"8,35 : 0.5077"
"35,8 : 0.5077"
"8,36 : 0.8301"
"36,8 : 0.8301"
"8,37 : 0.4101"
"37,8 : 0.4101"
"8,38 : 0.6007"
"38,8 : 0.6007"
"8,39 : 0.2335"
"39,8 : 0.2335"
"8,40 : 0.1664"
"40,8 : 0.1664"
"8,41 : 0.6389"
"41,8 : 0.6389"
"8,42 : 0.5187"
"42,8 : 0.5187"
"8,43 : 0.4535"
"43,8 : 0.4535"
"8,44 : 0.4545"
"44,8 : 0.4545"
"8,45 : 0.7845"
"45,8 : 0.7845"
"8,46 : 0.5632"
"46,8 : 0.5632"
"8,47 : 0.8458"
"47,8 : 0.8458"
"8,48 : 0.5101"
"48,8 : 0.5101"
"8,49 : 0.2807"
"49,8 : 0.2807"
"9,10 : 0.3015"
"10,9 : 0.3015"
"9,11 : 0.451"
"11,9 : 0.451"
"9,12 : 0.7794"
"12,9 : 0.7794"
"9,13 : 0.4045"
"13,9 : 0.4045"
"9,14 : 0.3985"
"14,9 : 0.3985"
"9,15 : 0.6519"
"15,9 : 0.6519"
"9,16 : 0.4442"
"16,9 : 0.4442"
"9,17 : 0.7273"
"17,9 : 0.7273"
"9,18 : 0.5385"
"18,9 : 0.5385"
"9,19 : 0.386"
"19,9 : 0.386"
"9,20 : 0.1442"
"20,9 : 0.1442"
"9,21 : 0.6953"
"21,9 : 0.6953"
"9,22 : 0.4696"
"22,9 : 0.4696"
"9,23 : 0.2608"
"23,9 : 0.2608"
"9,24 : 0.3982"
"24,9 : 0.3982"
"9,25 : 0.405"
"25,9 : 0.405"
"9,26 : 0.314"
"26,9 : 0.314"
"9,27 : 0.2147"
"27,9 : 0.2147"
"9,28 : 0.4662"
"28,9 : 0.4662"
"9,29 : 0.527"
"29,9 : 0.527"
"9,30 : 0.14"
"30,9 : 0.14"
"9,31 : 0.1523"
"31,9 : 0.1523"
"9,32 : 0.3705"
"32,9 : 0.3705"
"9,33 : 0.6297"
"33,9 : 0.6297"
"9,34 : 0.5936"
"34,9 : 0.5936"
"9,35 : 0.3448"
"35,9 : 0.3448"
"9,36 : 0.473"
"36,9 : 0.473"
"9,37 : 0.7187"
"37,9 : 0.7187"
"9,38 : 0.0"
"38,9 : 0.0"
"9,39 : 0.5946"
"39,9 : 0.5946"
"9,40 : 0.4754"
"40,9 : 0.4754"
"9,41 : 0.4535"
"41,9 : 0.4535"
"9,42 : 0.2283"
"42,9 : 0.2283"
"9,43 : 0.1789"
"43,9 : 0.1789"
"9,44 : 0.4455"
"44,9 : 0.4455"
"9,45 : 0.2081"
"45,9 : 0.2081"
"9,46 : 0.0985"
"46,9 : 0.0985"
"9,47 : 0.4163"
"47,9 : 0.4163"
"9,48 : 0.0922"
"48,9 : 0.0922"
"9,49 : 0.6576"
"49,9 : 0.6576"
"10,11 : 0.4993"
"11,10 : 0.4993"
"10,12 : 0.5315"
"12,10 : 0.5315"
"10,13 : 0.5608"
"13,10 : 0.5608"
"10,14 : 0.5467"
"14,10 : 0.5467"
"10,15 : 0.4549"
"15,10 : 0.4549"
"10,16 : 0.6351"
"16,10 : 0.6351"
"10,17 : 0.4687"
"17,10 : 0.4687"
"10,18 : 0.6862"
"18,10 : 0.6862"
"10,19 : 0.2886"
"19,10 : 0.2886"
"10,20 : 0.3905"
"20,10 : 0.3905"
"10,21 : 0.5323"
"21,10 : 0.5323"
"10,22 : 0.2163"
"22,10 : 0.2163"
"10,23 : 0.5601"
"23,10 : 0.5601"
"10,24 : 0.6466"
"24,10 : 0.6466"
"10,25 : 0.6014"
"25,10 : 0.6014"
"10,26 : 0.5924"
"26,10 : 0.5924"
"10,27 : 0.4565"
"27,10 : 0.4565"
"10,28 : 0.6689"
"28,10 : 0.6689"
"10,29 : 0.4701"
"29,10 : 0.4701"
"10,30 : 0.1628"
"30,10 : 0.1628"
"10,31 : 0.2941"
"31,10 : 0.2941"
"10,32 : 0.086"
"32,10 : 0.086"
"10,33 : 0.4357"
"33,10 : 0.4357"
"10,34 : 0.3523"
"34,10 : 0.3523"
"10,35 : 0.3547"
"35,10 : 0.3547"
"10,36 : 0.6389"
"36,10 : 0.6389"
"10,37 : 0.4675"
"37,10 : 0.4675"
"10,38 : 0.3015"
"38,10 : 0.3015"
"10,39 : 0.3106"
"39,10 : 0.3106"
"10,40 : 0.2193"
"40,10 : 0.2193"
"10,41 : 0.507"
"41,10 : 0.507"
"10,42 : 0.2983"
"42,10 : 0.2983"
"10,43 : 0.1487"
"43,10 : 0.1487"
"10,44 : 0.2902"
"44,10 : 0.2902"
"10,45 : 0.4785"
"45,10 : 0.4785"
"10,46 : 0.2864"
"46,10 : 0.2864"
"10,47 : 0.6237"
"47,10 : 0.6237"
"10,48 : 0.2159"
"48,10 : 0.2159"
"10,49 : 0.4405"
"49,10 : 0.4405"
"11,12 : 0.6203"
"12,11 : 0.6203"
"11,13 : 0.8548"
"13,11 : 0.8548"
"11,14 : 0.1655"
"14,11 : 0.1655"
"11,15 : 0.9541"
"15,11 : 0.9541"
"11,16 : 0.2693"
"16,11 : 0.2693"
"11,17 : 0.9476"
"17,11 : 0.9476"
"11,18 : 0.2354"
"18,11 : 0.2354"
"11,19 : 0.2441"
"19,11 : 0.2441"
"11,20 : 0.3479"
"20,11 : 0.3479"
"11,21 : 1.0296"
"21,11 : 1.0296"
"11,22 : 0.4579"
"22,11 : 0.4579"
"11,23 : 0.5187"
"23,11 : 0.5187"
"11,24 : 0.8099"
"24,11 : 0.8099"
"11,25 : 0.8472"
"25,11 : 0.8472"
"11,26 : 0.6986"
"26,11 : 0.6986"
"11,27 : 0.6531"
"27,11 : 0.6531"
"11,28 : 0.3081"
"28,11 : 0.3081"
"11,29 : 0.9272"
"29,11 : 0.9272"
"11,30 : 0.4632"
"30,11 : 0.4632"
"11,31 : 0.5908"
"31,11 : 0.5908"
"11,32 : 0.5801"
"32,11 : 0.5801"
"11,33 : 0.9349"
"33,11 : 0.9349"
"11,34 : 0.4876"
"34,11 : 0.4876"
"11,35 : 0.763"
"35,11 : 0.763"
"11,36 : 0.9207"
"36,11 : 0.9207"
"11,37 : 0.5842"
"37,11 : 0.5842"
"11,38 : 0.451"
"38,11 : 0.451"
"11,39 : 0.586"
"39,11 : 0.586"
"11,40 : 0.714"
"40,11 : 0.714"
"11,41 : 0.8936"
"41,11 : 0.8936"
"11,42 : 0.6549"
"42,11 : 0.6549"
"11,43 : 0.3922"
"43,11 : 0.3922"
"11,44 : 0.3087"
"44,11 : 0.3087"
"11,45 : 0.3859"
"45,11 : 0.3859"
"11,46 : 0.5401"
"46,11 : 0.5401"
"11,47 : 0.8538"
"47,11 : 0.8538"
"11,48 : 0.4738"
"48,11 : 0.4738"
"11,49 : 0.9381"
"49,11 : 0.9381"
"12,13 : 1.0922"
"13,12 : 1.0922"
"12,14 : 0.7716"
"14,12 : 0.7716"
"12,15 : 0.7864"
"15,12 : 0.7864"
"12,16 : 0.8814"
"16,12 : 0.8814"
"12,17 : 0.6612"
"17,12 : 0.6612"
"12,18 : 0.8529"
"18,12 : 0.8529"
"12,19 : 0.4368"
"19,12 : 0.4368"
"12,20 : 0.7931"
"20,12 : 0.7931"
"12,21 : 0.8881"
"21,12 : 0.8881"
"12,22 : 0.3183"
"22,12 : 0.3183"
"12,23 : 0.9981"
"23,12 : 0.9981"
"12,24 : 1.1652"
"24,12 : 1.1652"
"12,25 : 1.1315"
"25,12 : 1.1315"
"12,26 : 1.0929"
"26,12 : 1.0929"
"12,27 : 0.9731"
"27,12 : 0.9731"
"12,28 : 0.9214"
"28,12 : 0.9214"
"12,29 : 0.9415"
"29,12 : 0.9415"
"12,30 : 0.6671"
"30,12 : 0.6671"
"12,31 : 0.8204"
"31,12 : 0.8204"
"12,32 : 0.53"
"32,12 : 0.53"
"12,33 : 0.7793"
"33,12 : 0.7793"
"12,34 : 0.186"
"34,12 : 0.186"
"12,35 : 0.8737"
"35,12 : 0.8737"
"12,36 : 1.1703"
"36,12 : 1.1703"
"12,37 : 0.064"
"37,12 : 0.064"
"12,38 : 0.7794"
"38,12 : 0.7794"
"12,39 : 0.247"
"39,12 : 0.247"
"12,40 : 0.5819"
"40,12 : 0.5819"
"12,41 : 1.024"
"41,12 : 1.024"
"12,42 : 0.8298"
"42,12 : 0.8298"
"12,43 : 0.6022"
"43,12 : 0.6022"
"12,44 : 0.3574"
"44,12 : 0.3574"
"12,45 : 0.8766"
"45,12 : 0.8766"
"12,46 : 0.8016"
"46,12 : 0.8016"
"12,47 : 1.1526"
"47,12 : 1.1526"
"12,48 : 0.7184"
"48,12 : 0.7184"
"12,49 : 0.7433"
"49,12 : 0.7433"
"13,14 : 0.7823"
"14,13 : 0.7823"
"13,15 : 0.612"
"15,13 : 0.612"
"13,16 : 0.7983"
"16,13 : 0.7983"
"13,17 : 0.769"
"17,13 : 0.769"
"13,18 : 0.9108"
"18,13 : 0.9108"
"13,19 : 0.7669"
"19,13 : 0.7669"
"13,20 : 0.5204"
"20,13 : 0.5204"
"13,21 : 0.5921"
"21,13 : 0.5921"
"13,22 : 0.7762"
"22,13 : 0.7762"
"13,23 : 0.4652"
"23,13 : 0.4652"
"13,24 : 0.2102"
"24,13 : 0.2102"
"13,25 : 0.0825"
"25,13 : 0.0825"
"13,26 : 0.2832"
"26,13 : 0.2832"
"13,27 : 0.2138"
"27,13 : 0.2138"
"13,28 : 0.8078"
"28,13 : 0.8078"
"13,29 : 0.3523"
"29,13 : 0.3523"
"13,30 : 0.4472"
"30,13 : 0.4472"
"13,31 : 0.2864"
"31,13 : 0.2864"
"13,32 : 0.5738"
"32,13 : 0.5738"
"13,33 : 0.593"
"33,13 : 0.593"
"13,34 : 0.9121"
"34,13 : 0.9121"
"13,35 : 0.2508"
"35,13 : 0.2508"
"13,36 : 0.0781"
"36,13 : 0.0781"
"13,37 : 1.0283"
"37,13 : 1.0283"
"13,38 : 0.4045"
"38,13 : 0.4045"
"13,39 : 0.8628"
"39,13 : 0.8628"
"13,40 : 0.5906"
"40,13 : 0.5906"
"13,41 : 0.1746"
"41,13 : 0.1746"
"13,42 : 0.2625"
"42,13 : 0.2625"
"13,43 : 0.528"
"43,13 : 0.528"
"13,44 : 0.8095"
"44,13 : 0.8095"
"13,45 : 0.5315"
"45,13 : 0.5315"
"13,46 : 0.3257"
"46,13 : 0.3257"
"13,47 : 0.1118"
"47,13 : 0.1118"
"13,48 : 0.4085"
"48,13 : 0.4085"
"13,49 : 0.6463"
"49,13 : 0.6463"
"14,15 : 0.9909"
"15,14 : 0.9909"
"14,16 : 0.11"
"16,14 : 0.11"
"14,17 : 1.014"
"17,14 : 1.014"
"14,18 : 0.1442"
"18,14 : 0.1442"
"14,19 : 0.3569"
"19,14 : 0.3569"
"14,20 : 0.2631"
"20,14 : 0.2631"
"14,21 : 1.0542"
"21,14 : 1.0542"
"14,22 : 0.5661"
"22,14 : 0.5661"
"14,23 : 0.3863"
"23,14 : 0.3863"
"14,24 : 0.7021"
"24,14 : 0.7021"
"14,25 : 0.7603"
"25,14 : 0.7603"
"14,26 : 0.5846"
"26,14 : 0.5846"
"14,27 : 0.5704"
"27,14 : 0.5704"
"14,28 : 0.15"
"28,14 : 0.15"
"14,29 : 0.9168"
"29,14 : 0.9168"
"14,30 : 0.4604"
"30,14 : 0.4604"
"14,31 : 0.5503"
"31,14 : 0.5503"
"14,32 : 0.6325"
"32,14 : 0.6325"
"14,33 : 0.97"
"33,14 : 0.97"
"14,34 : 0.6229"
"34,14 : 0.6229"
"14,35 : 0.7393"
"35,14 : 0.7393"
"14,36 : 0.8401"
"36,14 : 0.8401"
"14,37 : 0.73"
"37,14 : 0.73"
"14,38 : 0.3985"
"38,14 : 0.3985"
"14,39 : 0.7034"
"39,14 : 0.7034"
"14,40 : 0.7658"
"40,14 : 0.7658"
"14,41 : 0.8516"
"41,14 : 0.8516"
"14,42 : 0.6239"
"42,14 : 0.6239"
"14,43 : 0.4104"
"43,14 : 0.4104"
"14,44 : 0.4342"
"44,14 : 0.4342"
"14,45 : 0.2648"
"45,14 : 0.2648"
"14,46 : 0.4965"
"46,14 : 0.4965"
"14,47 : 0.7616"
"47,14 : 0.7616"
"14,48 : 0.4518"
"48,14 : 0.4518"
"14,49 : 0.9829"
"49,14 : 0.9829"
"15,16 : 1.0683"
"16,15 : 1.0683"
"15,17 : 0.1844"
"17,15 : 0.1844"
"15,18 : 1.1336"
"18,15 : 1.1336"
"15,19 : 0.7335"
"19,15 : 0.7335"
"15,20 : 0.786"
"20,15 : 0.786"
"15,21 : 0.102"
"21,15 : 0.102"
"15,22 : 0.5749"
"22,15 : 0.5749"
"15,23 : 0.8905"
"23,15 : 0.8905"
"15,24 : 0.801"
"24,15 : 0.801"
"15,25 : 0.6907"
"25,15 : 0.6907"
"15,26 : 0.8158"
"26,15 : 0.8158"
"15,27 : 0.6694"
"27,15 : 0.6694"
"15,28 : 1.0979"
"28,15 : 1.0979"
"15,29 : 0.2751"
"29,15 : 0.2751"
"15,30 : 0.5391"
"30,15 : 0.5391"
"15,31 : 0.5331"
"31,15 : 0.5331"
"15,32 : 0.3759"
"32,15 : 0.3759"
"15,33 : 0.0224"
"33,15 : 0.0224"
"15,34 : 0.6719"
"34,15 : 0.6719"
"15,35 : 0.3833"
"35,15 : 0.3833"
"15,36 : 0.6691"
"36,15 : 0.6691"
"15,37 : 0.7325"
"37,15 : 0.7325"
"15,38 : 0.6519"
"38,15 : 0.6519"
"15,39 : 0.5501"
"39,15 : 0.5501"
"15,40 : 0.247"
"40,15 : 0.247"
"15,41 : 0.4491"
"41,15 : 0.4491"
"15,42 : 0.4649"
"42,15 : 0.4649"
"15,43 : 0.5805"
"43,15 : 0.5805"
"15,44 : 0.7117"
"44,15 : 0.7117"
"15,45 : 0.8598"
"45,15 : 0.8598"
"15,46 : 0.5725"
"46,15 : 0.5725"
"15,47 : 0.7206"
"47,15 : 0.7206"
"15,48 : 0.5661"
"48,15 : 0.5661"
"15,49 : 0.05"
"49,15 : 0.05"
"16,17 : 1.1039"
"17,16 : 1.1039"
"16,18 : 0.1237"
"18,16 : 0.1237"
"16,19 : 0.4653"
"19,16 : 0.4653"
"16,20 : 0.3002"
"20,16 : 0.3002"
"16,21 : 1.1254"
"21,16 : 1.1254"
"16,22 : 0.6719"
"22,16 : 0.6719"
"16,23 : 0.3612"
"23,16 : 0.3612"
"16,24 : 0.6903"
"24,16 : 0.6903"
"16,25 : 0.7653"
"25,16 : 0.7653"
"16,26 : 0.5704"
"26,16 : 0.5704"
"16,27 : 0.5846"
"27,16 : 0.5846"
"16,28 : 0.04"
"28,16 : 0.04"
"16,29 : 0.971"
"29,16 : 0.971"
"16,30 : 0.5304"
"30,16 : 0.5304"
"16,31 : 0.5954"
"31,16 : 0.5954"
"16,32 : 0.7211"
"32,16 : 0.7211"
"16,33 : 1.0469"
"33,16 : 1.0469"
"16,34 : 0.7325"
"34,16 : 0.7325"
"16,35 : 0.7889"
"35,16 : 0.7889"
"16,36 : 0.8485"
"36,16 : 0.8485"
"16,37 : 0.84"
"37,16 : 0.84"
"16,38 : 0.4442"
"38,16 : 0.4442"
"16,39 : 0.8102"
"39,16 : 0.8102"
"16,40 : 0.8521"
"40,16 : 0.8521"
"16,41 : 0.8877"
"41,16 : 0.8877"
"16,42 : 0.6723"
"42,16 : 0.6723"
"16,43 : 0.492"
"43,16 : 0.492"
"16,44 : 0.5433"
"44,16 : 0.5433"
"16,45 : 0.2668"
"45,16 : 0.2668"
"16,46 : 0.542"
"46,16 : 0.542"
"16,47 : 0.7624"
"47,16 : 0.7624"
"16,48 : 0.5122"
"48,16 : 0.5122"
"16,49 : 1.064"
"49,16 : 1.064"
"17,18 : 1.1511"
"18,17 : 1.1511"
"17,19 : 0.7094"
"19,17 : 0.7094"
"17,20 : 0.8458"
"20,17 : 0.8458"
"17,21 : 0.272"
"21,17 : 0.272"
"17,22 : 0.5162"
"22,17 : 0.5162"
"17,23 : 0.9823"
"23,17 : 0.9823"
"17,24 : 0.9434"
"24,17 : 0.9434"
"17,25 : 0.8434"
"25,17 : 0.8434"
"17,26 : 0.9409"
"26,17 : 0.9409"
"17,27 : 0.791"
"27,17 : 0.791"
"17,28 : 1.1374"
"28,17 : 1.1374"
"17,29 : 0.4518"
"29,17 : 0.4518"
"17,30 : 0.5962"
"30,17 : 0.5962"
"17,31 : 0.6364"
"31,17 : 0.6364"
"17,32 : 0.3828"
"32,17 : 0.3828"
"17,33 : 0.1942"
"33,17 : 0.1942"
"17,34 : 0.5819"
"34,17 : 0.5819"
"17,35 : 0.5247"
"35,17 : 0.5247"
"17,36 : 0.8324"
"36,17 : 0.8324"
"17,37 : 0.6152"
"37,17 : 0.6152"
"17,38 : 0.7273"
"38,17 : 0.7273"
"17,39 : 0.4492"
"39,17 : 0.4492"
"17,40 : 0.255"
"40,17 : 0.255"
"17,41 : 0.6168"
"41,17 : 0.6168"
"17,42 : 0.5808"
"42,17 : 0.5808"
"17,43 : 0.614"
"43,17 : 0.614"
"17,44 : 0.6685"
"44,17 : 0.6685"
"17,45 : 0.9285"
"45,17 : 0.9285"
"17,46 : 0.6649"
"46,17 : 0.6649"
"17,47 : 0.873"
"47,17 : 0.873"
"17,48 : 0.6357"
"48,17 : 0.6357"
"17,49 : 0.136"
"49,17 : 0.136"
"18,19 : 0.4701"
"19,18 : 0.4701"
"18,20 : 0.3985"
"20,18 : 0.3985"
"18,21 : 1.1981"
"21,18 : 1.1981"
"18,22 : 0.6845"
"22,18 : 0.6845"
"18,23 : 0.4837"
"23,18 : 0.4837"
"18,24 : 0.8115"
"24,18 : 0.8115"
"18,25 : 0.882"
"25,18 : 0.882"
"18,26 : 0.6918"
"26,18 : 0.6918"
"18,27 : 0.6972"
"27,18 : 0.6972"
"18,28 : 0.1389"
"28,18 : 0.1389"
"18,29 : 1.06"
"29,18 : 1.06"
"18,30 : 0.6046"
"30,18 : 0.6046"
"18,31 : 0.6908"
"31,18 : 0.6908"
"18,32 : 0.7716"
"32,18 : 0.7716"
"18,33 : 1.1129"
"33,18 : 1.1129"
"18,34 : 0.7228"
"34,18 : 0.7228"
"18,35 : 0.8814"
"35,18 : 0.8814"
"18,36 : 0.9642"
"36,18 : 0.9642"
"18,37 : 0.8188"
"37,18 : 0.8188"
"18,38 : 0.5385"
"38,18 : 0.5385"
"18,39 : 0.8171"
"39,18 : 0.8171"
"18,40 : 0.9055"
"40,18 : 0.9055"
"18,41 : 0.9898"
"41,18 : 0.9898"
"18,42 : 0.7656"
"42,18 : 0.7656"
"18,43 : 0.5532"
"43,18 : 0.5532"
"18,44 : 0.5408"
"44,18 : 0.5408"
"18,45 : 0.3812"
"45,18 : 0.3812"
"18,46 : 0.6369"
"46,18 : 0.6369"
"18,47 : 0.8805"
"47,18 : 0.8805"
"18,48 : 0.5954"
"48,18 : 0.5954"
"18,49 : 1.1245"
"49,18 : 1.1245"
"19,20 : 0.3636"
"20,19 : 0.3636"
"19,21 : 0.8171"
"21,19 : 0.8171"
"19,22 : 0.2147"
"22,19 : 0.2147"
"19,23 : 0.5694"
"23,19 : 0.5694"
"19,24 : 0.7841"
"24,19 : 0.7841"
"19,25 : 0.7829"
"25,19 : 0.7829"
"19,26 : 0.6931"
"26,19 : 0.6931"
"19,27 : 0.5991"
"27,19 : 0.5991"
"19,28 : 0.5049"
"28,19 : 0.5049"
"19,29 : 0.7524"
"29,19 : 0.7524"
"19,30 : 0.3228"
"30,19 : 0.3228"
"19,31 : 0.481"
"31,19 : 0.481"
"19,32 : 0.3585"
"32,19 : 0.3585"
"19,33 : 0.7159"
"33,19 : 0.7159"
"19,34 : 0.2702"
"34,19 : 0.2702"
"19,35 : 0.6129"
"35,19 : 0.6129"
"19,36 : 0.8417"
"36,19 : 0.8417"
"19,37 : 0.3864"
"37,19 : 0.3864"
"19,38 : 0.386"
"38,19 : 0.386"
"19,39 : 0.3479"
"39,19 : 0.3479"
"19,40 : 0.4876"
"40,19 : 0.4876"
"19,41 : 0.7595"
"41,19 : 0.7595"
"19,42 : 0.5239"
"42,19 : 0.5239"
"19,43 : 0.2404"
"43,19 : 0.2404"
"19,44 : 0.0806"
"44,19 : 0.0806"
"19,45 : 0.4428"
"45,19 : 0.4428"
"19,46 : 0.4428"
"46,19 : 0.4428"
"19,47 : 0.7976"
"47,19 : 0.7976"
"19,48 : 0.3585"
"48,19 : 0.3585"
"19,49 : 0.712"
"49,19 : 0.712"
"20,21 : 0.8349"
"21,20 : 0.8349"
"20,22 : 0.508"
"22,20 : 0.508"
"20,23 : 0.2059"
"23,20 : 0.2059"
"20,24 : 0.4624"
"24,20 : 0.4624"
"20,25 : 0.5036"
"25,20 : 0.5036"
"20,26 : 0.3536"
"26,20 : 0.3536"
"20,27 : 0.3106"
"27,20 : 0.3106"
"20,28 : 0.322"
"28,20 : 0.322"
"20,29 : 0.6712"
"29,20 : 0.6712"
"20,30 : 0.2506"
"30,20 : 0.2506"
"20,31 : 0.2953"
"31,20 : 0.2953"
"20,32 : 0.4713"
"32,20 : 0.4713"
"20,33 : 0.764"
"33,20 : 0.764"
"20,34 : 0.6135"
"34,20 : 0.6135"
"20,35 : 0.4888"
"35,20 : 0.4888"
"20,36 : 0.5808"
"36,20 : 0.5808"
"20,37 : 0.7374"
"37,20 : 0.7374"
"20,38 : 0.1442"
"38,20 : 0.1442"
"20,39 : 0.645"
"39,20 : 0.645"
"20,40 : 0.5909"
"40,20 : 0.5909"
"20,41 : 0.5914"
"41,20 : 0.5914"
"20,42 : 0.3722"
"42,20 : 0.3722"
"20,43 : 0.2433"
"43,20 : 0.2433"
"20,44 : 0.4383"
"44,20 : 0.4383"
"20,45 : 0.09"
"45,20 : 0.09"
"20,46 : 0.2419"
"46,20 : 0.2419"
"20,47 : 0.508"
"47,20 : 0.508"
"20,48 : 0.2202"
"48,20 : 0.2202"
"20,49 : 0.7877"
"49,20 : 0.7877"
"21,22 : 0.6691"
"22,21 : 0.6691"
"21,23 : 0.9192"
"23,21 : 0.9192"
"21,24 : 0.7925"
"24,21 : 0.7925"
"21,25 : 0.6736"
"25,21 : 0.6736"
"21,26 : 0.8222"
"26,21 : 0.8222"
"21,27 : 0.6815"
"27,21 : 0.6815"
"21,28 : 1.1528"
"28,21 : 1.1528"
"21,29 : 0.2402"
"29,21 : 0.2402"
"21,30 : 0.5955"
"30,21 : 0.5955"
"21,31 : 0.563"
"31,21 : 0.563"
"21,32 : 0.4588"
"32,21 : 0.4588"
"21,33 : 0.11"
"33,21 : 0.11"
"21,34 : 0.7706"
"34,21 : 0.7706"
"21,35 : 0.39"
"35,21 : 0.39"
"21,36 : 0.6401"
"36,21 : 0.6401"
"21,37 : 0.8338"
"37,21 : 0.8338"
"21,38 : 0.6953"
"38,21 : 0.6953"
"21,39 : 0.6507"
"39,21 : 0.6507"
"21,40 : 0.3373"
"40,21 : 0.3373"
"21,41 : 0.4201"
"41,21 : 0.4201"
"21,42 : 0.4888"
"42,21 : 0.4888"
"21,43 : 0.6464"
"43,21 : 0.6464"
"21,44 : 0.8008"
"44,21 : 0.8008"
"21,45 : 0.9027"
"45,21 : 0.9027"
"21,46 : 0.608"
"46,21 : 0.608"
"21,47 : 0.7035"
"47,21 : 0.7035"
"21,48 : 0.6152"
"48,21 : 0.6152"
"21,49 : 0.1487"
"49,21 : 0.1487"
"22,23 : 0.706"
"23,22 : 0.706"
"22,24 : 0.8481"
"24,22 : 0.8481"
"22,25 : 0.8134"
"25,22 : 0.8134"
"22,26 : 0.7803"
"26,22 : 0.7803"
"22,27 : 0.656"
"27,22 : 0.656"
"22,28 : 0.7106"
"28,22 : 0.7106"
"22,29 : 0.6629"
"29,22 : 0.6629"
"22,30 : 0.35"
"30,22 : 0.35"
"22,31 : 0.5021"
"31,22 : 0.5021"
"22,32 : 0.2354"
"32,22 : 0.2354"
"22,33 : 0.5609"
"33,22 : 0.5609"
"22,34 : 0.136"
"34,22 : 0.136"
"22,35 : 0.568"
"35,22 : 0.568"
"22,36 : 0.8543"
"36,22 : 0.8543"
"22,37 : 0.255"
"37,22 : 0.255"
"22,38 : 0.4696"
"38,22 : 0.4696"
"22,39 : 0.1404"
"39,22 : 0.1404"
"22,40 : 0.3324"
"40,22 : 0.3324"
"22,41 : 0.7201"
"41,22 : 0.7201"
"22,42 : 0.514"
"42,22 : 0.514"
"22,43 : 0.2907"
"43,22 : 0.2907"
"22,44 : 0.1556"
"44,22 : 0.1556"
"22,45 : 0.5968"
"45,22 : 0.5968"
"22,46 : 0.4841"
"46,22 : 0.4841"
"22,47 : 0.8344"
"47,22 : 0.8344"
"22,48 : 0.4022"
"48,22 : 0.4022"
"22,49 : 0.5441"
"49,22 : 0.5441"
"23,24 : 0.3302"
"24,23 : 0.3302"
"23,25 : 0.4176"
"25,23 : 0.4176"
"23,26 : 0.2102"
"26,23 : 0.2102"
"23,27 : 0.264"
"27,23 : 0.264"
"23,28 : 0.3601"
"28,23 : 0.3601"
"23,29 : 0.717"
"29,23 : 0.717"
"23,30 : 0.4005"
"30,23 : 0.4005"
"23,31 : 0.3578"
"31,23 : 0.3578"
"23,32 : 0.6313"
"32,23 : 0.6313"
"23,33 : 0.8682"
"33,23 : 0.8682"
"23,34 : 0.8171"
"34,23 : 0.8171"
"23,35 : 0.536"
"35,23 : 0.536"
"23,36 : 0.5029"
"36,23 : 0.5029"
"23,37 : 0.9415"
"37,23 : 0.9415"
"23,38 : 0.2608"
"38,23 : 0.2608"
"23,39 : 0.8395"
"39,23 : 0.8395"
"23,40 : 0.7335"
"40,23 : 0.7335"
"23,41 : 0.5903"
"41,23 : 0.5903"
"23,42 : 0.4305"
"42,23 : 0.4305"
"23,43 : 0.4243"
"43,23 : 0.4243"
"23,44 : 0.6441"
"44,23 : 0.6441"
"23,45 : 0.1345"
"45,23 : 0.1345"
"23,46 : 0.3195"
"46,23 : 0.3195"
"23,47 : 0.41"
"47,23 : 0.41"
"23,48 : 0.3523"
"48,23 : 0.3523"
"23,49 : 0.9025"
"49,23 : 0.9025"
"24,25 : 0.1304"
"25,24 : 0.1304"
"24,26 : 0.12"
"26,24 : 0.12"
"24,27 : 0.1921"
"27,24 : 0.1921"
"24,28 : 0.6903"
"28,24 : 0.6903"
"24,29 : 0.5554"
"29,24 : 0.5554"
"24,30 : 0.4982"
"30,24 : 0.4982"
"24,31 : 0.3536"
"31,24 : 0.3536"
"24,32 : 0.6845"
"32,24 : 0.6845"
"24,33 : 0.7806"
"33,24 : 0.7806"
"24,34 : 0.9795"
"34,24 : 0.9795"
"24,35 : 0.4201"
"35,24 : 0.4201"
"24,36 : 0.2052"
"36,24 : 0.2052"
"24,37 : 1.1026"
"37,24 : 1.1026"
"24,38 : 0.3982"
"38,24 : 0.3982"
"24,39 : 0.9572"
"39,24 : 0.9572"
"24,40 : 0.735"
"40,24 : 0.735"
"24,41 : 0.3828"
"41,24 : 0.3828"
"24,42 : 0.3764"
"42,24 : 0.3764"
"24,43 : 0.5659"
"43,24 : 0.5659"
"24,44 : 0.8429"
"44,24 : 0.8429"
"24,45 : 0.4374"
"45,24 : 0.4374"
"24,46 : 0.364"
"46,24 : 0.364"
"24,47 : 0.1063"
"47,24 : 0.1063"
"24,48 : 0.4469"
"48,24 : 0.4469"
"24,49 : 0.83"
"49,24 : 0.83"
"25,26 : 0.2195"
"26,25 : 0.2195"
"25,27 : 0.1942"
"27,25 : 0.1942"
"25,28 : 0.771"
"28,25 : 0.771"
"25,29 : 0.4342"
"29,25 : 0.4342"
"25,30 : 0.472"
"30,25 : 0.472"
"25,31 : 0.3124"
"31,25 : 0.3124"
"25,32 : 0.6243"
"32,25 : 0.6243"
"25,33 : 0.6712"
"33,25 : 0.6712"
"25,34 : 0.9485"
"34,25 : 0.9485"
"25,35 : 0.3202"
"35,25 : 0.3202"
"25,36 : 0.0854"
"36,25 : 0.0854"
"25,37 : 1.0678"
"37,25 : 1.0678"
"25,38 : 0.405"
"38,25 : 0.405"
"25,39 : 0.9091"
"39,25 : 0.9091"
"25,40 : 0.6539"
"40,25 : 0.6539"
"25,41 : 0.2571"
"41,25 : 0.2571"
"25,42 : 0.3081"
"42,25 : 0.3081"
"25,43 : 0.5492"
"43,25 : 0.5492"
"25,44 : 0.8322"
"44,25 : 0.8322"
"25,45 : 0.5009"
"45,25 : 0.5009"
"25,46 : 0.3413"
"46,25 : 0.3413"
"25,47 : 0.03"
"47,25 : 0.03"
"25,48 : 0.4272"
"48,25 : 0.4272"
"25,49 : 0.7234"
"49,25 : 0.7234"
"26,27 : 0.15"
"27,26 : 0.15"
"26,28 : 0.5704"
"28,26 : 0.5704"
"26,29 : 0.5951"
"29,26 : 0.5951"
"26,30 : 0.4338"
"30,26 : 0.4338"
"26,31 : 0.314"
"31,26 : 0.314"
"26,32 : 0.6429"
"32,26 : 0.6429"
"26,33 : 0.7943"
"33,26 : 0.7943"
"26,34 : 0.907"
"34,26 : 0.907"
"26,35 : 0.4342"
"35,26 : 0.4342"
"26,36 : 0.3041"
"36,26 : 0.3041"
"26,37 : 1.0317"
"37,26 : 1.0317"
"26,38 : 0.314"
"38,26 : 0.314"
"26,39 : 0.899"
"39,26 : 0.899"
"26,40 : 0.7134"
"40,26 : 0.7134"
"26,41 : 0.4383"
"41,26 : 0.4383"
"26,42 : 0.3601"
"42,26 : 0.3601"
"26,43 : 0.4909"
"43,26 : 0.4909"
"26,44 : 0.7574"
"44,26 : 0.7574"
"26,45 : 0.3202"
"45,26 : 0.3202"
"26,46 : 0.3068"
"46,26 : 0.3068"
"26,47 : 0.2062"
"47,26 : 0.2062"
"26,48 : 0.3801"
"48,26 : 0.3801"
"26,49 : 0.8386"
"49,26 : 0.8386"
"27,28 : 0.5948"
"28,27 : 0.5948"
"27,29 : 0.4632"
"29,27 : 0.4632"
"27,30 : 0.3061"
"30,27 : 0.3061"
"27,31 : 0.1676"
"31,27 : 0.1676"
"27,32 : 0.4998"
"32,27 : 0.4998"
"27,33 : 0.6476"
"33,27 : 0.6476"
"27,34 : 0.7875"
"34,27 : 0.7875"
"27,35 : 0.2915"
"35,27 : 0.2915"
"27,36 : 0.2702"
"36,27 : 0.2702"
"27,37 : 0.9105"
"37,27 : 0.9105"
"27,38 : 0.2147"
"38,27 : 0.2147"
"27,39 : 0.7666"
"39,27 : 0.7666"
"27,40 : 0.5644"
"40,27 : 0.5644"
"27,41 : 0.3265"
"41,27 : 0.3265"
"27,42 : 0.2102"
"42,27 : 0.2102"
"27,43 : 0.3748"
"43,27 : 0.3748"
"27,44 : 0.6544"
"44,27 : 0.6544"
"27,45 : 0.3178"
"45,27 : 0.3178"
"27,46 : 0.172"
"46,27 : 0.172"
"27,47 : 0.2025"
"47,27 : 0.2025"
"27,48 : 0.255"
"48,27 : 0.255"
"27,49 : 0.6905"
"49,27 : 0.6905"
"28,29 : 0.993"
"29,28 : 0.993"
"28,30 : 0.559"
"30,28 : 0.559"
"28,31 : 0.6159"
"31,28 : 0.6159"
"28,32 : 0.7547"
"32,28 : 0.7547"
"28,33 : 1.0763"
"33,28 : 1.0763"
"28,34 : 0.7723"
"34,28 : 0.7723"
"28,35 : 0.8099"
"35,28 : 0.8099"
"28,36 : 0.8551"
"36,28 : 0.8551"
"28,37 : 0.88"
"37,28 : 0.88"
"28,38 : 0.4662"
"38,28 : 0.4662"
"28,39 : 0.8493"
"39,28 : 0.8493"
"28,40 : 0.8848"
"40,28 : 0.8848"
"28,41 : 0.9038"
"41,28 : 0.9038"
"28,42 : 0.6934"
"42,28 : 0.6934"
"28,43 : 0.5243"
"43,28 : 0.5243"
"28,44 : 0.5831"
"44,28 : 0.5831"
"28,45 : 0.2786"
"45,28 : 0.2786"
"28,46 : 0.563"
"46,28 : 0.563"
"28,47 : 0.7666"
"47,28 : 0.7666"
"28,48 : 0.5381"
"48,28 : 0.5381"
"28,49 : 1.0948"
"49,28 : 1.0948"
"29,30 : 0.4649"
"30,29 : 0.4649"
"29,31 : 0.378"
"31,29 : 0.378"
"29,32 : 0.4276"
"32,29 : 0.4276"
"29,33 : 0.26"
"33,29 : 0.26"
"29,34 : 0.7885"
"34,29 : 0.7885"
"29,35 : 0.1844"
"35,29 : 0.1844"
"29,36 : 0.4005"
"36,29 : 0.4005"
"29,37 : 0.8802"
"37,29 : 0.8802"
"29,38 : 0.527"
"38,29 : 0.527"
"29,39 : 0.6946"
"39,29 : 0.6946"
"29,40 : 0.3624"
"40,29 : 0.3624"
"29,41 : 0.18"
"41,29 : 0.18"
"29,42 : 0.3"
"42,29 : 0.3"
"29,43 : 0.536"
"43,29 : 0.536"
"29,44 : 0.7603"
"44,29 : 0.7603"
"29,45 : 0.7247"
"45,29 : 0.7247"
"29,46 : 0.4301"
"46,29 : 0.4301"
"29,47 : 0.4639"
"47,29 : 0.4639"
"29,48 : 0.4652"
"48,29 : 0.4652"
"29,49 : 0.3178"
"49,29 : 0.3178"
"30,31 : 0.1612"
"31,30 : 0.1612"
"30,32 : 0.2309"
"32,30 : 0.2309"
"30,33 : 0.5174"
"33,30 : 0.5174"
"30,34 : 0.4817"
"34,30 : 0.4817"
"30,35 : 0.3015"
"35,30 : 0.3015"
"30,36 : 0.5235"
"36,30 : 0.5235"
"30,37 : 0.6044"
"37,30 : 0.6044"
"30,38 : 0.14"
"38,30 : 0.14"
"30,39 : 0.4652"
"39,30 : 0.4652"
"30,40 : 0.3418"
"40,30 : 0.3418"
"30,41 : 0.441"
"41,30 : 0.441"
"30,42 : 0.2022"
"42,30 : 0.2022"
"30,43 : 0.0825"
"43,30 : 0.0825"
"30,44 : 0.3624"
"44,30 : 0.3624"
"30,45 : 0.3324"
"45,30 : 0.3324"
"30,46 : 0.1345"
"46,30 : 0.1345"
"30,47 : 0.4904"
"47,30 : 0.4904"
"30,48 : 0.0539"
"48,30 : 0.0539"
"30,49 : 0.5382"
"49,30 : 0.5382"
"31,32 : 0.3324"
"32,31 : 0.3324"
"31,33 : 0.5108"
"33,31 : 0.5108"
"31,34 : 0.6366"
"34,31 : 0.6366"
"31,35 : 0.1942"
"35,31 : 0.1942"
"31,36 : 0.3624"
"36,31 : 0.3624"
"31,37 : 0.7569"
"37,31 : 0.7569"
"31,38 : 0.1523"
"38,31 : 0.1523"
"31,39 : 0.6046"
"39,31 : 0.6046"
"31,40 : 0.4005"
"40,31 : 0.4005"
"31,41 : 0.3041"
"41,31 : 0.3041"
"31,42 : 0.0781"
"42,31 : 0.0781"
"31,43 : 0.2417"
"43,31 : 0.2417"
"31,44 : 0.5235"
"44,31 : 0.5235"
"31,45 : 0.3471"
"45,31 : 0.3471"
"31,46 : 0.0539"
"46,31 : 0.0539"
"31,47 : 0.3324"
"47,31 : 0.3324"
"31,48 : 0.1237"
"48,31 : 0.1237"
"31,49 : 0.5471"
"49,31 : 0.5471"
"32,33 : 0.3578"
"33,32 : 0.3578"
"32,34 : 0.364"
"34,32 : 0.364"
"32,35 : 0.3441"
"35,32 : 0.3441"
"32,36 : 0.6512"
"36,32 : 0.6512"
"32,37 : 0.4665"
"37,32 : 0.4665"
"32,38 : 0.3705"
"38,32 : 0.3705"
"32,39 : 0.2907"
"39,32 : 0.2907"
"32,40 : 0.1345"
"40,32 : 0.1345"
"32,41 : 0.494"
"41,32 : 0.494"
"32,42 : 0.3162"
"42,32 : 0.3162"
"32,43 : 0.2326"
"43,32 : 0.2326"
"32,44 : 0.3453"
"44,32 : 0.3453"
"32,45 : 0.5579"
"45,32 : 0.5579"
"32,46 : 0.3373"
"46,32 : 0.3373"
"32,47 : 0.649"
"47,32 : 0.649"
"32,48 : 0.28"
"48,32 : 0.28"
"32,49 : 0.3581"
"49,32 : 0.3581"
"33,34 : 0.6607"
"34,33 : 0.6607"
"33,35 : 0.3622"
"35,33 : 0.3622"
"33,36 : 0.6512"
"36,33 : 0.6512"
"33,37 : 0.7244"
"37,33 : 0.7244"
"33,38 : 0.6297"
"38,33 : 0.6297"
"33,39 : 0.5408"
"39,33 : 0.5408"
"33,40 : 0.2309"
"40,33 : 0.2309"
"33,41 : 0.4317"
"41,33 : 0.4317"
"33,42 : 0.4427"
"42,33 : 0.4427"
"33,43 : 0.5597"
"43,33 : 0.5597"
"33,44 : 0.6957"
"44,33 : 0.6957"
"33,45 : 0.8376"
"45,33 : 0.8376"
"33,46 : 0.5501"
"46,33 : 0.5501"
"33,47 : 0.7011"
"47,33 : 0.7011"
"33,48 : 0.5441"
"48,33 : 0.5441"
"33,49 : 0.0583"
"49,33 : 0.0583"
"34,35 : 0.7024"
"35,34 : 0.7024"
"34,36 : 0.9902"
"36,34 : 0.9902"
"34,37 : 0.1253"
"37,34 : 0.1253"
"34,38 : 0.5936"
"38,34 : 0.5936"
"34,39 : 0.1342"
"39,34 : 0.1342"
"34,40 : 0.4418"
"40,34 : 0.4418"
"34,41 : 0.8542"
"41,34 : 0.8542"
"34,42 : 0.65"
"42,34 : 0.65"
"34,43 : 0.4162"
"43,34 : 0.4162"
"34,44 : 0.19"
"44,34 : 0.19"
"34,45 : 0.6992"
"45,34 : 0.6992"
"34,46 : 0.6162"
"46,34 : 0.6162"
"34,47 : 0.969"
"47,34 : 0.969"
"34,48 : 0.5326"
"48,34 : 0.5326"
"34,49 : 0.6351"
"49,34 : 0.6351"
"35,36 : 0.3225"
"36,35 : 0.3225"
"35,37 : 0.8099"
"37,35 : 0.8099"
"35,38 : 0.3448"
"38,35 : 0.3448"
"35,39 : 0.6341"
"39,35 : 0.6341"
"35,40 : 0.3413"
"40,35 : 0.3413"
"35,41 : 0.1523"
"41,35 : 0.1523"
"35,42 : 0.1166"
"42,35 : 0.1166"
"35,43 : 0.3801"
"43,35 : 0.3801"
"35,44 : 0.6356"
"44,35 : 0.6356"
"35,45 : 0.5404"
"45,35 : 0.5404"
"35,46 : 0.247"
"46,35 : 0.247"
"35,47 : 0.3493"
"47,35 : 0.3493"
"35,48 : 0.2912"
"48,35 : 0.2912"
"35,49 : 0.4101"
"49,35 : 0.4101"
"36,37 : 1.1063"
"37,36 : 1.1063"
"36,38 : 0.473"
"38,36 : 0.473"
"36,39 : 0.9405"
"39,36 : 0.9405"
"36,40 : 0.6637"
"40,36 : 0.6637"
"36,41 : 0.2209"
"41,36 : 0.2209"
"36,42 : 0.3406"
"42,36 : 0.3406"
"36,43 : 0.6037"
"43,36 : 0.6037"
"36,44 : 0.8859"
"44,36 : 0.8859"
"36,45 : 0.5831"
"45,36 : 0.5831"
"36,46 : 0.3992"
"46,36 : 0.3992"
"36,47 : 0.1"
"47,36 : 0.1"
"36,48 : 0.4833"
"48,36 : 0.4833"
"36,49 : 0.7061"
"49,36 : 0.7061"
"37,38 : 0.7187"
"38,37 : 0.7187"
"37,39 : 0.1868"
"39,37 : 0.1868"
"37,40 : 0.522"
"40,37 : 0.522"
"37,41 : 0.9604"
"41,37 : 0.9604"
"37,42 : 0.7658"
"42,37 : 0.7658"
"37,43 : 0.5408"
"43,37 : 0.5408"
"37,44 : 0.3059"
"44,37 : 0.3059"
"37,45 : 0.8222"
"45,37 : 0.8222"
"37,46 : 0.7388"
"46,37 : 0.7388"
"37,47 : 1.089"
"47,37 : 1.089"
"37,48 : 0.656"
"48,37 : 0.656"
"37,49 : 0.6907"
"49,37 : 0.6907"
"38,39 : 0.5946"
"39,38 : 0.5946"
"38,40 : 0.4754"
"40,38 : 0.4754"
"38,41 : 0.4535"
"41,38 : 0.4535"
"38,42 : 0.2283"
"42,38 : 0.2283"
"38,43 : 0.1789"
"43,38 : 0.1789"
"38,44 : 0.4455"
"44,38 : 0.4455"
"38,45 : 0.2081"
"45,38 : 0.2081"
"38,46 : 0.0985"
"46,38 : 0.0985"
"38,47 : 0.4163"
"47,38 : 0.4163"
"38,48 : 0.0922"
"48,38 : 0.0922"
"38,49 : 0.6576"
"49,38 : 0.6576"
"39,40 : 0.3353"
"40,39 : 0.3353"
"39,41 : 0.7824"
"41,39 : 0.7824"
"39,42 : 0.6021"
"42,39 : 0.6021"
"39,43 : 0.4176"
"43,39 : 0.4176"
"39,44 : 0.2773"
"44,39 : 0.2773"
"39,45 : 0.7344"
"45,39 : 0.7344"
"39,46 : 0.5954"
"46,39 : 0.5954"
"39,47 : 0.9324"
"47,39 : 0.9324"
"39,48 : 0.5189"
"48,39 : 0.5189"
"39,49 : 0.5104"
"49,39 : 0.5104"
"40,41 : 0.4742"
"41,40 : 0.4742"
"40,42 : 0.359"
"42,40 : 0.359"
"40,43 : 0.3606"
"43,40 : 0.3606"
"40,44 : 0.4649"
"44,40 : 0.4649"
"40,45 : 0.6742"
"45,40 : 0.6742"
"40,46 : 0.4211"
"46,40 : 0.4211"
"40,47 : 0.6815"
"47,40 : 0.6815"
"40,48 : 0.3833"
"48,40 : 0.3833"
"40,49 : 0.2247"
"49,40 : 0.2247"
"41,42 : 0.24"
"42,41 : 0.24"
"41,43 : 0.5224"
"43,41 : 0.5224"
"41,44 : 0.7859"
"44,41 : 0.7859"
"41,45 : 0.6261"
"45,41 : 0.6261"
"41,46 : 0.3569"
"46,41 : 0.3569"
"41,47 : 0.2864"
"47,41 : 0.2864"
"41,48 : 0.4205"
"48,41 : 0.4205"
"41,49 : 0.4876"
"49,41 : 0.4876"
"42,43 : 0.2844"
"43,42 : 0.2844"
"42,44 : 0.5571"
"44,42 : 0.5571"
"42,45 : 0.4252"
"45,42 : 0.4252"
"42,46 : 0.1304"
"46,42 : 0.1304"
"42,47 : 0.3329"
"47,42 : 0.3329"
"42,48 : 0.1811"
"48,42 : 0.1811"
