x,y
0.42,0.66
0.36,0.47
0.07,0.78
0.45,0.15
0.57,0.08
0.07,0.01
0.29,0.86
0.92,0.43
0.85,0.18
0.36,0.13
0.46,0.66
0.98,0.36
0.13,0.03
0.01,0.22
0.59,0.22
0.16,0.82
0.93,0.78
0.54,0.79
0.92,0.01
0.27,0.0
0.48,0.47
0.73,0.89
0.79,0.41
0.34,0.04
0.04,0.98
0.32,0.14
0.71,0.59
0.09,0.58
0.68,0.99
0.11,0.68
0.2,0.44
0.87,0.7
0.03,0.46
0.77,0.83
0.88,0.3
0.34,0.29
0.08,0.63
0.64,0.08
0.23,0.03
0.57,0.75
0.84,0.63
0.59,0.87
0.64,0.24
0.43,0.76
0.58,0.01
0.03,0.3
0.49,0.27
0.23,0.54
0.47,0.83
0.47,0.77

Distanze
"0,1 : 0.1992"
"1,0 : 0.1992"
"0,2 : 0.37"
"2,0 : 0.37"
"0,3 : 0.5109"
"3,0 : 0.5109"
"0,4 : 0.5991"
"4,0 : 0.5991"
"0,5 : 0.7382"
"5,0 : 0.7382"
"0,6 : 0.2385"
"6,0 : 0.2385"
"0,7 : 0.5504"
"7,0 : 0.5504"
"0,8 : 0.6444"
"8,0 : 0.6444"
"0,9 : 0.5334"
"9,0 : 0.5334"
"0,10 : 0.04"
"10,0 : 0.04"
"0,11 : 0.6353"
"11,0 : 0.6353"
"0,12 : 0.6935"
"12,0 : 0.6935"
"0,13 : 0.6014"
"13,0 : 0.6014"
"0,14 : 0.4717"
"14,0 : 0.4717"
"0,15 : 0.3053"
"15,0 : 0.3053"
"0,16 : 0.5239"
"16,0 : 0.5239"
"0,17 : 0.1769"
"17,0 : 0.1769"
"0,18 : 0.8201"
"18,0 : 0.8201"
"0,19 : 0.6768"
"19,0 : 0.6768"
"0,20 : 0.1992"
"20,0 : 0.1992"
"0,21 : 0.386"
"21,0 : 0.386"
"0,22 : 0.4465"
"22,0 : 0.4465"
"0,23 : 0.6251"
"23,0 : 0.6251"
"0,24 : 0.4968"
"24,0 : 0.4968"
"0,25 : 0.5295"
"25,0 : 0.5295"
"0,26 : 0.2983"
"26,0 : 0.2983"
"0,27 : 0.3396"
"27,0 : 0.3396"
"0,28 : 0.4201"
"28,0 : 0.4201"
"0,29 : 0.3106"
"29,0 : 0.3106"
"0,30 : 0.3111"
"30,0 : 0.3111"
"0,31 : 0.4518"
"31,0 : 0.4518"
"0,32 : 0.4383"
"32,0 : 0.4383"
"0,33 : 0.3891"
"33,0 : 0.3891"
"0,34 : 0.5841"
"34,0 : 0.5841"
"0,35 : 0.3785"
"35,0 : 0.3785"
"0,36 : 0.3413"
"36,0 : 0.3413"
"0,37 : 0.6203"
"37,0 : 0.6203"
"0,38 : 0.658"
"38,0 : 0.658"
"0,39 : 0.1749"
"39,0 : 0.1749"
"0,40 : 0.4211"
"40,0 : 0.4211"
"0,41 : 0.2702"
"41,0 : 0.2702"
"0,42 : 0.4741"
"42,0 : 0.4741"
"0,43 : 0.1005"
"43,0 : 0.1005"
"0,44 : 0.6694"
"44,0 : 0.6694"
"0,45 : 0.5308"
"45,0 : 0.5308"
"0,46 : 0.3962"
"46,0 : 0.3962"
"0,47 : 0.2247"
"47,0 : 0.2247"
"0,48 : 0.1772"
"48,0 : 0.1772"
"0,49 : 0.1208"
"49,0 : 0.1208"
"1,2 : 0.4245"
"2,1 : 0.4245"
"1,3 : 0.3324"
"3,1 : 0.3324"
"1,4 : 0.4429"
"4,1 : 0.4429"
"1,5 : 0.5438"
"5,1 : 0.5438"
"1,6 : 0.3962"
"6,1 : 0.3962"
"1,7 : 0.5614"
"7,1 : 0.5614"
"1,8 : 0.5694"
"8,1 : 0.5694"
"1,9 : 0.34"
"9,1 : 0.34"
"1,10 : 0.2147"
"10,1 : 0.2147"
"1,11 : 0.6297"
"11,1 : 0.6297"
"1,12 : 0.4965"
"12,1 : 0.4965"
"1,13 : 0.4301"
"13,1 : 0.4301"
"1,14 : 0.3397"
"14,1 : 0.3397"
"1,15 : 0.4031"
"15,1 : 0.4031"
"1,16 : 0.6488"
"16,1 : 0.6488"
"1,17 : 0.3672"
"17,1 : 0.3672"
"1,18 : 0.7247"
"18,1 : 0.7247"
"1,19 : 0.4785"
"19,1 : 0.4785"
"1,20 : 0.12"
"20,1 : 0.12"
"1,21 : 0.5597"
"21,1 : 0.5597"
"1,22 : 0.4342"
"22,1 : 0.4342"
"1,23 : 0.4305"
"23,1 : 0.4305"
"1,24 : 0.6021"
"24,1 : 0.6021"
"1,25 : 0.3324"
"25,1 : 0.3324"
"1,26 : 0.37"
"26,1 : 0.37"
"1,27 : 0.2915"
"27,1 : 0.2915"
"1,28 : 0.6106"
"28,1 : 0.6106"
"1,29 : 0.3265"
"29,1 : 0.3265"
"1,30 : 0.1628"
"30,1 : 0.1628"
"1,31 : 0.5595"
"31,1 : 0.5595"
"1,32 : 0.3302"
"32,1 : 0.3302"
"1,33 : 0.5456"
"33,1 : 0.5456"
"1,34 : 0.5471"
"34,1 : 0.5471"
"1,35 : 0.1811"
"35,1 : 0.1811"
"1,36 : 0.3225"
"36,1 : 0.3225"
"1,37 : 0.4801"
"37,1 : 0.4801"
"1,38 : 0.4588"
"38,1 : 0.4588"
"1,39 : 0.35"
"39,1 : 0.35"
"1,40 : 0.506"
"40,1 : 0.506"
"1,41 : 0.4614"
"41,1 : 0.4614"
"1,42 : 0.3624"
"42,1 : 0.3624"
"1,43 : 0.2983"
"43,1 : 0.2983"
"1,44 : 0.5099"
"44,1 : 0.5099"
"1,45 : 0.3712"
"45,1 : 0.3712"
"1,46 : 0.2385"
"46,1 : 0.2385"
"1,47 : 0.1476"
"47,1 : 0.1476"
"1,48 : 0.3764"
"48,1 : 0.3764"
"1,49 : 0.3195"
"49,1 : 0.3195"
"2,3 : 0.7357"
"3,2 : 0.7357"
"2,4 : 0.8602"
"4,2 : 0.8602"
"2,5 : 0.77"
"5,2 : 0.77"
"2,6 : 0.2341"
"6,2 : 0.2341"
"2,7 : 0.9192"
"7,2 : 0.9192"
"2,8 : 0.9841"
"8,2 : 0.9841"
"2,9 : 0.7118"
"9,2 : 0.7118"
"2,10 : 0.408"
"10,2 : 0.408"
"2,11 : 1.0022"
"11,2 : 1.0022"
"2,12 : 0.7524"
"12,2 : 0.7524"
"2,13 : 0.5632"
"13,2 : 0.5632"
"2,14 : 0.7642"
"14,2 : 0.7642"
"2,15 : 0.0985"
"15,2 : 0.0985"
"2,16 : 0.86"
"16,2 : 0.86"
"2,17 : 0.4701"
"17,2 : 0.4701"
"2,18 : 1.1469"
"18,2 : 1.1469"
"2,19 : 0.8052"
"19,2 : 0.8052"
"2,20 : 0.514"
"20,2 : 0.514"
"2,21 : 0.6691"
"21,2 : 0.6691"
"2,22 : 0.8095"
"22,2 : 0.8095"
"2,23 : 0.7877"
"23,2 : 0.7877"
"2,24 : 0.2022"
"24,2 : 0.2022"
"2,25 : 0.6871"
"25,2 : 0.6871"
"2,26 : 0.6676"
"26,2 : 0.6676"
"2,27 : 0.201"
"27,2 : 0.201"
"2,28 : 0.6451"
"28,2 : 0.6451"
"2,29 : 0.1077"
"29,2 : 0.1077"
"2,30 : 0.364"
"30,2 : 0.364"
"2,31 : 0.804"
"31,2 : 0.804"
"2,32 : 0.3225"
"32,2 : 0.3225"
"2,33 : 0.7018"
"33,2 : 0.7018"
"2,34 : 0.9415"
"34,2 : 0.9415"
"2,35 : 0.5595"
"35,2 : 0.5595"
"2,36 : 0.1503"
"36,2 : 0.1503"
"2,37 : 0.9027"
"37,2 : 0.9027"
"2,38 : 0.7669"
"38,2 : 0.7669"
"2,39 : 0.5009"
"39,2 : 0.5009"
"2,40 : 0.7845"
"40,2 : 0.7845"
"2,41 : 0.5277"
"41,2 : 0.5277"
"2,42 : 0.7852"
"42,2 : 0.7852"
"2,43 : 0.3606"
"43,2 : 0.3606"
"2,44 : 0.9236"
"44,2 : 0.9236"
"2,45 : 0.4817"
"45,2 : 0.4817"
"2,46 : 0.6607"
"46,2 : 0.6607"
"2,47 : 0.2884"
"47,2 : 0.2884"
"2,48 : 0.4031"
"48,2 : 0.4031"
"2,49 : 0.4001"
"49,2 : 0.4001"
"3,4 : 0.1389"
"4,3 : 0.1389"
"3,5 : 0.405"
"5,3 : 0.405"
"3,6 : 0.7278"
"6,3 : 0.7278"
"3,7 : 0.5471"
"7,3 : 0.5471"
"3,8 : 0.4011"
"8,3 : 0.4011"
"3,9 : 0.0922"
"9,3 : 0.0922"
"3,10 : 0.5101"
"10,3 : 0.5101"
"3,11 : 0.5701"
"11,3 : 0.5701"
"3,12 : 0.3418"
"12,3 : 0.3418"
"3,13 : 0.4455"
"13,3 : 0.4455"
"3,14 : 0.1565"
"14,3 : 0.1565"
"3,15 : 0.7301"
"15,3 : 0.7301"
"3,16 : 0.792"
"16,3 : 0.792"
"3,17 : 0.6463"
"17,3 : 0.6463"
"3,18 : 0.4904"
"18,3 : 0.4904"
"3,19 : 0.2343"
"19,3 : 0.2343"
"3,20 : 0.3214"
"20,3 : 0.3214"
"3,21 : 0.7912"
"21,3 : 0.7912"
"3,22 : 0.428"
"22,3 : 0.428"
"3,23 : 0.1556"
"23,3 : 0.1556"
"3,24 : 0.9257"
"24,3 : 0.9257"
"3,25 : 0.1304"
"25,3 : 0.1304"
"3,26 : 0.5111"
"26,3 : 0.5111"
"3,27 : 0.5608"
"27,3 : 0.5608"
"3,28 : 0.8709"
"28,3 : 0.8709"
"3,29 : 0.6297"
"29,3 : 0.6297"
"3,30 : 0.3829"
"30,3 : 0.3829"
"3,31 : 0.692"
"31,3 : 0.692"
"3,32 : 0.522"
"32,3 : 0.522"
"3,33 : 0.7515"
"33,3 : 0.7515"
"3,34 : 0.4554"
"34,3 : 0.4554"
"3,35 : 0.178"
"35,3 : 0.178"
"3,36 : 0.6061"
"36,3 : 0.6061"
"3,37 : 0.2025"
"37,3 : 0.2025"
"3,38 : 0.2506"
"38,3 : 0.2506"
"3,39 : 0.6119"
"39,3 : 0.6119"
"3,40 : 0.6185"
"40,3 : 0.6185"
"3,41 : 0.7335"
"41,3 : 0.7335"
"3,42 : 0.2102"
"42,3 : 0.2102"
"3,43 : 0.6103"
"43,3 : 0.6103"
"3,44 : 0.191"
"44,3 : 0.191"
"3,45 : 0.446"
"45,3 : 0.446"
"3,46 : 0.1265"
"46,3 : 0.1265"
"3,47 : 0.4478"
"47,3 : 0.4478"
"3,48 : 0.6803"
"48,3 : 0.6803"
"3,49 : 0.6203"
"49,3 : 0.6203"
"4,5 : 0.5049"
"5,4 : 0.5049"
"4,6 : 0.8287"
"6,4 : 0.8287"
"4,7 : 0.495"
"7,4 : 0.495"
"4,8 : 0.2973"
"8,4 : 0.2973"
"4,9 : 0.2159"
"9,4 : 0.2159"
"4,10 : 0.5903"
"10,4 : 0.5903"
"4,11 : 0.4965"
"11,4 : 0.4965"
"4,12 : 0.4428"
"12,4 : 0.4428"
"4,13 : 0.5772"
"13,4 : 0.5772"
"4,14 : 0.1414"
"14,4 : 0.1414"
"4,15 : 0.846"
"15,4 : 0.846"
"4,16 : 0.7871"
"16,4 : 0.7871"
"4,17 : 0.7106"
"17,4 : 0.7106"
"4,18 : 0.3569"
"18,4 : 0.3569"
"4,19 : 0.3105"
"19,4 : 0.3105"
"4,20 : 0.4002"
"20,4 : 0.4002"
"4,21 : 0.8257"
"21,4 : 0.8257"
"4,22 : 0.3966"
"22,4 : 0.3966"
"4,23 : 0.2335"
"23,4 : 0.2335"
"4,24 : 1.0445"
"24,4 : 1.0445"
"4,25 : 0.2571"
"25,4 : 0.2571"
"4,26 : 0.5289"
"26,4 : 0.5289"
"4,27 : 0.6931"
"27,4 : 0.6931"
"4,28 : 0.9166"
"28,4 : 0.9166"
"4,29 : 0.756"
"29,4 : 0.756"
"4,30 : 0.5162"
"30,4 : 0.5162"
"4,31 : 0.6888"
"31,4 : 0.6888"
"4,32 : 0.6603"
"32,4 : 0.6603"
"4,33 : 0.7762"
"33,4 : 0.7762"
"4,34 : 0.3801"
"34,4 : 0.3801"
"4,35 : 0.3114"
"35,4 : 0.3114"
"4,36 : 0.7366"
"36,4 : 0.7366"
"4,37 : 0.07"
"37,4 : 0.07"
"4,38 : 0.3437"
"38,4 : 0.3437"
"4,39 : 0.67"
"39,4 : 0.67"
"4,40 : 0.6127"
"40,4 : 0.6127"
"4,41 : 0.7903"
"41,4 : 0.7903"
"4,42 : 0.1746"
"42,4 : 0.1746"
"4,43 : 0.6943"
"43,4 : 0.6943"
"4,44 : 0.0707"
"44,4 : 0.0707"
"4,45 : 0.5831"
"45,4 : 0.5831"
"4,46 : 0.2062"
"46,4 : 0.2062"
"4,47 : 0.572"
"47,4 : 0.572"
"4,48 : 0.7566"
"48,4 : 0.7566"
"4,49 : 0.6972"
"49,4 : 0.6972"
"5,6 : 0.878"
"6,5 : 0.878"
"5,7 : 0.9481"
"7,5 : 0.9481"
"5,8 : 0.7983"
"8,5 : 0.7983"
"5,9 : 0.3138"
"9,5 : 0.3138"
"5,10 : 0.758"
"10,5 : 0.758"
"5,11 : 0.975"
"11,5 : 0.975"
"5,12 : 0.0632"
"12,5 : 0.0632"
"5,13 : 0.2184"
"13,5 : 0.2184"
"5,14 : 0.5608"
"14,5 : 0.5608"
"5,15 : 0.815"
"15,5 : 0.815"
"5,16 : 1.1543"
"16,5 : 1.1543"
"5,17 : 0.9107"
"17,5 : 0.9107"
"5,18 : 0.85"
"18,5 : 0.85"
"5,19 : 0.2002"
"19,5 : 0.2002"
"5,20 : 0.6162"
"20,5 : 0.6162"
"5,21 : 1.1"
"21,5 : 1.1"
"5,22 : 0.8237"
"22,5 : 0.8237"
"5,23 : 0.2717"
"23,5 : 0.2717"
"5,24 : 0.9705"
"24,5 : 0.9705"
"5,25 : 0.2818"
"25,5 : 0.2818"
"5,26 : 0.8637"
"26,5 : 0.8637"
"5,27 : 0.5704"
"27,5 : 0.5704"
"5,28 : 1.1543"
"28,5 : 1.1543"
"5,29 : 0.6712"
"29,5 : 0.6712"
"5,30 : 0.4492"
"30,5 : 0.4492"
"5,31 : 1.0565"
"31,5 : 1.0565"
"5,32 : 0.4518"
"32,5 : 0.4518"
"5,33 : 1.0781"
"33,5 : 1.0781"
"5,34 : 0.8603"
"34,5 : 0.8603"
"5,35 : 0.389"
"35,5 : 0.389"
"5,36 : 0.6201"
"36,5 : 0.6201"
"5,37 : 0.5743"
"37,5 : 0.5743"
"5,38 : 0.1612"
"38,5 : 0.1612"
"5,39 : 0.8931"
"39,5 : 0.8931"
"5,40 : 0.9886"
"40,5 : 0.9886"
"5,41 : 1.005"
"41,5 : 1.005"
"5,42 : 0.6147"
"42,5 : 0.6147"
"5,43 : 0.8319"
"43,5 : 0.8319"
"5,44 : 0.51"
"44,5 : 0.51"
"5,45 : 0.2927"
"45,5 : 0.2927"
"5,46 : 0.494"
"46,5 : 0.494"
"5,47 : 0.5536"
"47,5 : 0.5536"
"5,48 : 0.9124"
"48,5 : 0.9124"
"5,49 : 0.8588"
"49,5 : 0.8588"
"6,7 : 0.7628"
"7,6 : 0.7628"
"6,8 : 0.8809"
"8,6 : 0.8809"
"6,9 : 0.7333"
"9,6 : 0.7333"
"6,10 : 0.2625"
"10,6 : 0.2625"
"6,11 : 0.8521"
"11,6 : 0.8521"
"6,12 : 0.8453"
"12,6 : 0.8453"
"6,13 : 0.6986"
"13,6 : 0.6986"
"6,14 : 0.7068"
"14,6 : 0.7068"
"6,15 : 0.136"
"15,6 : 0.136"
"6,16 : 0.645"
"16,6 : 0.645"
"6,17 : 0.2596"
"17,6 : 0.2596"
"6,18 : 1.058"
"18,6 : 1.058"
"6,19 : 0.8602"
"19,6 : 0.8602"
"6,20 : 0.4338"
"20,6 : 0.4338"
"6,21 : 0.441"
"21,6 : 0.441"
"6,22 : 0.6727"
"22,6 : 0.6727"
"6,23 : 0.8215"
"23,6 : 0.8215"
"6,24 : 0.2773"
"24,6 : 0.2773"
"6,25 : 0.7206"
"25,6 : 0.7206"
"6,26 : 0.4993"
"26,6 : 0.4993"
"6,27 : 0.3441"
"27,6 : 0.3441"
"6,28 : 0.4111"
"28,6 : 0.4111"
"6,29 : 0.2546"
"29,6 : 0.2546"
"6,30 : 0.4295"
"30,6 : 0.4295"
"6,31 : 0.6017"
"31,6 : 0.6017"
"6,32 : 0.4771"
"32,6 : 0.4771"
"6,33 : 0.4809"
"33,6 : 0.4809"
"6,34 : 0.8134"
"34,6 : 0.8134"
"6,35 : 0.5722"
"35,6 : 0.5722"
"6,36 : 0.3114"
"36,6 : 0.3114"
"6,37 : 0.8549"
"37,6 : 0.8549"
"6,38 : 0.8322"
"38,6 : 0.8322"
"6,39 : 0.3008"
"39,6 : 0.3008"
"6,40 : 0.5962"
"40,6 : 0.5962"
"6,41 : 0.3002"
"41,6 : 0.3002"
"6,42 : 0.712"
"42,6 : 0.712"
"6,43 : 0.172"
"43,6 : 0.172"
"6,44 : 0.8981"
"44,6 : 0.8981"
"6,45 : 0.6174"
"45,6 : 0.6174"
"6,46 : 0.623"
"46,6 : 0.623"
"6,47 : 0.3256"
"47,6 : 0.3256"
"6,48 : 0.1825"
"48,6 : 0.1825"
"6,49 : 0.2012"
"49,6 : 0.2012"
"7,8 : 0.2596"
"8,7 : 0.2596"
"7,9 : 0.6353"
"9,7 : 0.6353"
"7,10 : 0.5143"
"10,7 : 0.5143"
"7,11 : 0.0922"
"11,7 : 0.0922"
"7,12 : 0.8855"
"12,7 : 0.8855"
"7,13 : 0.9339"
"13,7 : 0.9339"
"7,14 : 0.3912"
"14,7 : 0.3912"
"7,15 : 0.8542"
"15,7 : 0.8542"
"7,16 : 0.3501"
"16,7 : 0.3501"
"7,17 : 0.5235"
"17,7 : 0.5235"
"7,18 : 0.42"
"18,7 : 0.42"
"7,19 : 0.7794"
"19,7 : 0.7794"
"7,20 : 0.4418"
"20,7 : 0.4418"
"7,21 : 0.4977"
"21,7 : 0.4977"
"7,22 : 0.1315"
"22,7 : 0.1315"
"7,23 : 0.6989"
"23,7 : 0.6989"
"7,24 : 1.0377"
"24,7 : 1.0377"
"7,25 : 0.6664"
"25,7 : 0.6664"
"7,26 : 0.264"
"26,7 : 0.264"
"7,27 : 0.8434"
"27,7 : 0.8434"
"7,28 : 0.6093"
"28,7 : 0.6093"
"7,29 : 0.8477"
"29,7 : 0.8477"
"7,30 : 0.7201"
"30,7 : 0.7201"
"7,31 : 0.2746"
"31,7 : 0.2746"
"7,32 : 0.8905"
"32,7 : 0.8905"
"7,33 : 0.4272"
"33,7 : 0.4272"
"7,34 : 0.136"
"34,7 : 0.136"
"7,35 : 0.5967"
"35,7 : 0.5967"
"7,36 : 0.8635"
"36,7 : 0.8635"
"7,37 : 0.4482"
"37,7 : 0.4482"
"7,38 : 0.7976"
"38,7 : 0.7976"
"7,39 : 0.4742"
"39,7 : 0.4742"
"7,40 : 0.2154"
"40,7 : 0.2154"
"7,41 : 0.55"
"41,7 : 0.55"
"7,42 : 0.3384"
"42,7 : 0.3384"
"7,43 : 0.5908"
"43,7 : 0.5908"
"7,44 : 0.5404"
"44,7 : 0.5404"
"7,45 : 0.8994"
"45,7 : 0.8994"
"7,46 : 0.4588"
"46,7 : 0.4588"
"7,47 : 0.6987"
"47,7 : 0.6987"
"7,48 : 0.6021"
"48,7 : 0.6021"
"7,49 : 0.564"
"49,7 : 0.564"
"8,9 : 0.4925"
"9,8 : 0.4925"
"8,10 : 0.6185"
"10,8 : 0.6185"
"8,11 : 0.222"
"11,8 : 0.222"
"8,12 : 0.7355"
"12,8 : 0.7355"
"8,13 : 0.841"
"13,8 : 0.841"
"8,14 : 0.2631"
"14,8 : 0.2631"
"8,15 : 0.9411"
"15,8 : 0.9411"
"8,16 : 0.6053"
"16,8 : 0.6053"
"8,17 : 0.6843"
"17,8 : 0.6843"
"8,18 : 0.1838"
"18,8 : 0.1838"
"8,19 : 0.6073"
"19,8 : 0.6073"
"8,20 : 0.4701"
"20,8 : 0.4701"
"8,21 : 0.7201"
"21,8 : 0.7201"
"8,22 : 0.2377"
"22,8 : 0.2377"
"8,23 : 0.5289"
"23,8 : 0.5289"
"8,24 : 1.1385"
"24,8 : 1.1385"
"8,25 : 0.5315"
"25,8 : 0.5315"
"8,26 : 0.4332"
"26,8 : 0.4332"
"8,27 : 0.8588"
"27,8 : 0.8588"
"8,28 : 0.8276"
"28,8 : 0.8276"
"8,29 : 0.8931"
"29,8 : 0.8931"
"8,30 : 0.7001"
"30,8 : 0.7001"
"8,31 : 0.5204"
"31,8 : 0.5204"
"8,32 : 0.8665"
"32,8 : 0.8665"
"8,33 : 0.6549"
"33,8 : 0.6549"
"8,34 : 0.1237"
"34,8 : 0.1237"
"8,35 : 0.5217"
"35,8 : 0.5217"
"8,36 : 0.8919"
"36,8 : 0.8919"
"8,37 : 0.2326"
"37,8 : 0.2326"
"8,38 : 0.6379"
"38,8 : 0.6379"
"8,39 : 0.6351"
"39,8 : 0.6351"
"8,40 : 0.4501"
"40,8 : 0.4501"
"8,41 : 0.7374"
"41,8 : 0.7374"
"8,42 : 0.2184"
"42,8 : 0.2184"
"8,43 : 0.7161"
"43,8 : 0.7161"
"8,44 : 0.3191"
"44,8 : 0.3191"
"8,45 : 0.8287"
"45,8 : 0.8287"
"8,46 : 0.3711"
"46,8 : 0.3711"
"8,47 : 0.7169"
"47,8 : 0.7169"
"8,48 : 0.7529"
"48,8 : 0.7529"
"8,49 : 0.7018"
"49,8 : 0.7018"
"9,10 : 0.5394"
"10,9 : 0.5394"
"9,11 : 0.6613"
"11,9 : 0.6613"
"9,12 : 0.2508"
"12,9 : 0.2508"
"9,13 : 0.3614"
"13,9 : 0.3614"
"9,14 : 0.247"
"14,9 : 0.247"
"9,15 : 0.7184"
"15,9 : 0.7184"
"9,16 : 0.8645"
"16,9 : 0.8645"
"9,17 : 0.6841"
"17,9 : 0.6841"
"9,18 : 0.5727"
"18,9 : 0.5727"
"9,19 : 0.1581"
"19,9 : 0.1581"
"9,20 : 0.3606"
"20,9 : 0.3606"
"9,21 : 0.8453"
"21,9 : 0.8453"
"9,22 : 0.5131"
"22,9 : 0.5131"
"9,23 : 0.0922"
"23,9 : 0.0922"
"9,24 : 0.9082"
"24,9 : 0.9082"
"9,25 : 0.0412"
"25,9 : 0.0412"
"9,26 : 0.578"
"26,9 : 0.578"
"9,27 : 0.5248"
"27,9 : 0.5248"
"9,28 : 0.9176"
"28,9 : 0.9176"
"9,29 : 0.6042"
"29,9 : 0.6042"
"9,30 : 0.3489"
"30,9 : 0.3489"
"9,31 : 0.7649"
"31,9 : 0.7649"
"9,32 : 0.4667"
"32,9 : 0.4667"
"9,33 : 0.8112"
"33,9 : 0.8112"
"9,34 : 0.5471"
"34,9 : 0.5471"
"9,35 : 0.1612"
"35,9 : 0.1612"
"9,36 : 0.5731"
"36,9 : 0.5731"
"9,37 : 0.2844"
"37,9 : 0.2844"
"9,38 : 0.164"
"38,9 : 0.164"
"9,39 : 0.6546"
"39,9 : 0.6546"
"9,40 : 0.6931"
"40,9 : 0.6931"
"9,41 : 0.7749"
"41,9 : 0.7749"
"9,42 : 0.3008"
"42,9 : 0.3008"
"9,43 : 0.6339"
"43,9 : 0.6339"
"9,44 : 0.2506"
"44,9 : 0.2506"
"9,45 : 0.3712"
"45,9 : 0.3712"
"9,46 : 0.191"
"46,9 : 0.191"
"9,47 : 0.4301"
"47,9 : 0.4301"
"9,48 : 0.7086"
"48,9 : 0.7086"
"9,49 : 0.6494"
"49,9 : 0.6494"
"10,11 : 0.6003"
"11,10 : 0.6003"
"10,12 : 0.7112"
"12,10 : 0.7112"
"10,13 : 0.6294"
"13,10 : 0.6294"
"10,14 : 0.4588"
"14,10 : 0.4588"
"10,15 : 0.34"
"15,10 : 0.34"
"10,16 : 0.4851"
"16,10 : 0.4851"
"10,17 : 0.1526"
"17,10 : 0.1526"
"10,18 : 0.7963"
"18,10 : 0.7963"
"10,19 : 0.6868"
"19,10 : 0.6868"
"10,20 : 0.191"
"20,10 : 0.191"
"10,21 : 0.3547"
"21,10 : 0.3547"
"10,22 : 0.414"
"22,10 : 0.414"
"10,23 : 0.6315"
"23,10 : 0.6315"
"10,24 : 0.528"
"24,10 : 0.528"
"10,25 : 0.5385"
"25,10 : 0.5385"
"10,26 : 0.2596"
"26,10 : 0.2596"
"10,27 : 0.3785"
"27,10 : 0.3785"
"10,28 : 0.3966"
"28,10 : 0.3966"
"10,29 : 0.3506"
"29,10 : 0.3506"
"10,30 : 0.3406"
"30,10 : 0.3406"
"10,31 : 0.4119"
"31,10 : 0.4119"
"10,32 : 0.4742"
"32,10 : 0.4742"
"10,33 : 0.3536"
"33,10 : 0.3536"
"10,34 : 0.5532"
"34,10 : 0.5532"
"10,35 : 0.389"
"35,10 : 0.389"
"10,36 : 0.3812"
"36,10 : 0.3812"
"10,37 : 0.6073"
"37,10 : 0.6073"
"10,38 : 0.6707"
"38,10 : 0.6707"
"10,39 : 0.1421"
"39,10 : 0.1421"
"10,40 : 0.3812"
"40,10 : 0.3812"
"10,41 : 0.247"
"41,10 : 0.247"
"10,42 : 0.4569"
"42,10 : 0.4569"
"10,43 : 0.1044"
"43,10 : 0.1044"
"10,44 : 0.661"
"44,10 : 0.661"
"10,45 : 0.5608"
"45,10 : 0.5608"
"10,46 : 0.3912"
"46,10 : 0.3912"
"10,47 : 0.2594"
"47,10 : 0.2594"
"10,48 : 0.1703"
"48,10 : 0.1703"
"10,49 : 0.1105"
"49,10 : 0.1105"
"11,12 : 0.9118"
"12,11 : 0.9118"
"11,13 : 0.9801"
"13,11 : 0.9801"
"11,14 : 0.4144"
"14,11 : 0.4144"
"11,15 : 0.9402"
"15,11 : 0.9402"
"11,16 : 0.423"
"16,11 : 0.423"
"11,17 : 0.6152"
"17,11 : 0.6152"
"11,18 : 0.3551"
"18,11 : 0.3551"
"11,19 : 0.7961"
"19,11 : 0.7961"
"11,20 : 0.512"
"20,11 : 0.512"
"11,21 : 0.586"
"21,11 : 0.586"
"11,22 : 0.1965"
"22,11 : 0.1965"
"11,23 : 0.7155"
"23,11 : 0.7155"
"11,24 : 1.1261"
"24,11 : 1.1261"
"11,25 : 0.6957"
"25,11 : 0.6957"
"11,26 : 0.3547"
"26,11 : 0.3547"
"11,27 : 0.9168"
"27,11 : 0.9168"
"11,28 : 0.6978"
"28,11 : 0.6978"
"11,29 : 0.927"
"29,11 : 0.927"
"11,30 : 0.7841"
"30,11 : 0.7841"
"11,31 : 0.3574"
"31,11 : 0.3574"
"11,32 : 0.9552"
"32,11 : 0.9552"
"11,33 : 0.5148"
"33,11 : 0.5148"
"11,34 : 0.1166"
"34,11 : 0.1166"
"11,35 : 0.6438"
"35,11 : 0.6438"
"11,36 : 0.9396"
"36,11 : 0.9396"
"11,37 : 0.4405"
"37,11 : 0.4405"
"11,38 : 0.8194"
"38,11 : 0.8194"
"11,39 : 0.5659"
"39,11 : 0.5659"
"11,40 : 0.3041"
"40,11 : 0.3041"
"11,41 : 0.642"
"41,11 : 0.642"
"11,42 : 0.3606"
"42,11 : 0.3606"
"11,43 : 0.6801"
"43,11 : 0.6801"
"11,44 : 0.5315"
"44,11 : 0.5315"
"11,45 : 0.9519"
"45,11 : 0.9519"
"11,46 : 0.4982"
"46,11 : 0.4982"
"11,47 : 0.7713"
"47,11 : 0.7713"
"11,48 : 0.6935"
"48,11 : 0.6935"
"11,49 : 0.6544"
"49,11 : 0.6544"
"12,13 : 0.2247"
"13,12 : 0.2247"
"12,14 : 0.4977"
"14,12 : 0.4977"
"12,15 : 0.7906"
"15,12 : 0.7906"
"12,16 : 1.0966"
"16,12 : 1.0966"
"12,17 : 0.8635"
"17,12 : 0.8635"
"12,18 : 0.7903"
"18,12 : 0.7903"
"12,19 : 0.1432"
"19,12 : 0.1432"
"12,20 : 0.5622"
"20,12 : 0.5622"
"12,21 : 1.0486"
"21,12 : 1.0486"
"12,22 : 0.7616"
"22,12 : 0.7616"
"12,23 : 0.2102"
"23,12 : 0.2102"
"12,24 : 0.9543"
"24,12 : 0.9543"
"12,25 : 0.2195"
"25,12 : 0.2195"
"12,26 : 0.8062"
"26,12 : 0.8062"
"12,27 : 0.5515"
"27,12 : 0.5515"
"12,28 : 1.1064"
"28,12 : 1.1064"
"12,29 : 0.6503"
"29,12 : 0.6503"
"12,30 : 0.4159"
"30,12 : 0.4159"
"12,31 : 0.9982"
"31,12 : 0.9982"
"12,32 : 0.4415"
"32,12 : 0.4415"
"12,33 : 1.0245"
"33,12 : 1.0245"
"12,34 : 0.7971"
"34,12 : 0.7971"
"12,35 : 0.3342"
"35,12 : 0.3342"
"12,36 : 0.6021"
"36,12 : 0.6021"
"12,37 : 0.5124"
"37,12 : 0.5124"
"12,38 : 0.1"
"38,12 : 0.1"
"12,39 : 0.8438"
"39,12 : 0.8438"
"12,40 : 0.9296"
"40,12 : 0.9296"
"12,41 : 0.9577"
"41,12 : 0.9577"
"12,42 : 0.5515"
"42,12 : 0.5515"
"12,43 : 0.7892"
"43,12 : 0.7892"
"12,44 : 0.4504"
"44,12 : 0.4504"
"12,45 : 0.2879"
"45,12 : 0.2879"
"12,46 : 0.4327"
"46,12 : 0.4327"
"12,47 : 0.5197"
"47,12 : 0.5197"
"12,48 : 0.8693"
"48,12 : 0.8693"
"12,49 : 0.8144"
"49,12 : 0.8144"
"13,14 : 0.58"
"14,13 : 0.58"
"13,15 : 0.6185"
"15,13 : 0.6185"
"13,16 : 1.077"
"16,13 : 1.077"
"13,17 : 0.7783"
"17,13 : 0.7783"
"13,18 : 0.9339"
"18,13 : 0.9339"
"13,19 : 0.3406"
"19,13 : 0.3406"
"13,20 : 0.5324"
"20,13 : 0.5324"
"13,21 : 0.9835"
"21,13 : 0.9835"
"13,22 : 0.8028"
"22,13 : 0.8028"
"13,23 : 0.3759"
"23,13 : 0.3759"
"13,24 : 0.7606"
"24,13 : 0.7606"
"13,25 : 0.3202"
"25,13 : 0.3202"
"13,26 : 0.7918"
"26,13 : 0.7918"
"13,27 : 0.3688"
"27,13 : 0.3688"
"13,28 : 1.0207"
"28,13 : 1.0207"
"13,29 : 0.4707"
"29,13 : 0.4707"
"13,30 : 0.2907"
"30,13 : 0.2907"
"13,31 : 0.9849"
"31,13 : 0.9849"
"13,32 : 0.2408"
"32,13 : 0.2408"
"13,33 : 0.9745"
"33,13 : 0.9745"
"13,34 : 0.8737"
"34,13 : 0.8737"
"13,35 : 0.3373"
"35,13 : 0.3373"
"13,36 : 0.4159"
"36,13 : 0.4159"
"13,37 : 0.6454"
"37,13 : 0.6454"
"13,38 : 0.2907"
"38,13 : 0.2907"
"13,39 : 0.771"
"39,13 : 0.771"
"13,40 : 0.9257"
"40,13 : 0.9257"
"13,41 : 0.8711"
"41,13 : 0.8711"
"13,42 : 0.6303"
"42,13 : 0.6303"
"13,43 : 0.6841"
"43,13 : 0.6841"
"13,44 : 0.6075"
"44,13 : 0.6075"
"13,45 : 0.0825"
"45,13 : 0.0825"
"13,46 : 0.4826"
"46,13 : 0.4826"
"13,47 : 0.3883"
"47,13 : 0.3883"
"13,48 : 0.764"
"48,13 : 0.764"
"13,49 : 0.717"
"49,13 : 0.717"
"14,15 : 0.7382"
"15,14 : 0.7382"
"14,16 : 0.6551"
"16,14 : 0.6551"
"14,17 : 0.5722"
"17,14 : 0.5722"
"14,18 : 0.3912"
"18,14 : 0.3912"
"14,19 : 0.3883"
"19,14 : 0.3883"
"14,20 : 0.2731"
"20,14 : 0.2731"
"14,21 : 0.6845"
"21,14 : 0.6845"
"14,22 : 0.2759"
"22,14 : 0.2759"
"14,23 : 0.3081"
"23,14 : 0.3081"
"14,24 : 0.9381"
"24,14 : 0.9381"
"14,25 : 0.2816"
"25,14 : 0.2816"
"14,26 : 0.389"
"26,14 : 0.389"
"14,27 : 0.6161"
"27,14 : 0.6161"
"14,28 : 0.7752"
"28,14 : 0.7752"
"14,29 : 0.6648"
"29,14 : 0.6648"
"14,30 : 0.4478"
"30,14 : 0.4478"
"14,31 : 0.5557"
"31,14 : 0.5557"
"14,32 : 0.6093"
"32,14 : 0.6093"
"14,33 : 0.636"
"33,14 : 0.636"
"14,34 : 0.3008"
"34,14 : 0.3008"
"14,35 : 0.2596"
"35,14 : 0.2596"
"14,36 : 0.6544"
"36,14 : 0.6544"
"14,37 : 0.1487"
"37,14 : 0.1487"
"14,38 : 0.4071"
"38,14 : 0.4071"
"14,39 : 0.5304"
"39,14 : 0.5304"
"14,40 : 0.4802"
"40,14 : 0.4802"
"14,41 : 0.65"
"41,14 : 0.65"
"14,42 : 0.0539"
"42,14 : 0.0539"
"14,43 : 0.5632"
"43,14 : 0.5632"
"14,44 : 0.2102"
"44,14 : 0.2102"
"14,45 : 0.5657"
"45,14 : 0.5657"
"14,46 : 0.1118"
"46,14 : 0.1118"
"14,47 : 0.4817"
"47,14 : 0.4817"
"14,48 : 0.6217"
"48,14 : 0.6217"
"14,49 : 0.5629"
"49,14 : 0.5629"
"15,16 : 0.771"
"16,15 : 0.771"
"15,17 : 0.3812"
"17,15 : 0.3812"
"15,18 : 1.1107"
"18,15 : 1.1107"
"15,19 : 0.8273"
"19,15 : 0.8273"
"15,20 : 0.4742"
"20,15 : 0.4742"
"15,21 : 0.5743"
"21,15 : 0.5743"
"15,22 : 0.7517"
"22,15 : 0.7517"
"15,23 : 0.8005"
"23,15 : 0.8005"
"15,24 : 0.2"
"24,15 : 0.2"
"15,25 : 0.6986"
"25,15 : 0.6986"
"15,26 : 0.5962"
"26,15 : 0.5962"
"15,27 : 0.25"
"27,15 : 0.25"
"15,28 : 0.5471"
"28,15 : 0.5471"
"15,29 : 0.1487"
"29,15 : 0.1487"
"15,30 : 0.3821"
"30,15 : 0.3821"
"15,31 : 0.7201"
"31,15 : 0.7201"
"15,32 : 0.3828"
"32,15 : 0.3828"
"15,33 : 0.6101"
"33,15 : 0.6101"
"15,34 : 0.8881"
"34,15 : 0.8881"
"15,35 : 0.5597"
"35,15 : 0.5597"
"15,36 : 0.2062"
"36,15 : 0.2062"
"15,37 : 0.882"
"37,15 : 0.882"
"15,38 : 0.7931"
"38,15 : 0.7931"
"15,39 : 0.4159"
"39,15 : 0.4159"
"15,40 : 0.706"
"40,15 : 0.706"
"15,41 : 0.4329"
"41,15 : 0.4329"
"15,42 : 0.7529"
"42,15 : 0.7529"
"15,43 : 0.2766"
"43,15 : 0.2766"
"15,44 : 0.9124"
"44,15 : 0.9124"
"15,45 : 0.536"
"45,15 : 0.536"
"15,46 : 0.6414"
"46,15 : 0.6414"
"15,47 : 0.2886"
"47,15 : 0.2886"
"15,48 : 0.3102"
"48,15 : 0.3102"
"15,49 : 0.314"
"49,15 : 0.314"
"16,17 : 0.3901"
"17,16 : 0.3901"
"16,18 : 0.7701"
"18,16 : 0.7701"
"16,19 : 1.0218"
"19,16 : 1.0218"
"16,20 : 0.5464"
"20,16 : 0.5464"
"16,21 : 0.2283"
"21,16 : 0.2283"
"16,22 : 0.3956"
"22,16 : 0.3956"
"16,23 : 0.9464"
"23,16 : 0.9464"
"16,24 : 0.9122"
"24,16 : 0.9122"
"16,25 : 0.8841"
"25,16 : 0.8841"
"16,26 : 0.2907"
"26,16 : 0.2907"
"16,27 : 0.8635"
"27,16 : 0.8635"
"16,28 : 0.3265"
"28,16 : 0.3265"
"16,29 : 0.8261"
"29,16 : 0.8261"
"16,30 : 0.8053"
"30,16 : 0.8053"
"16,31 : 0.1"
"31,16 : 0.1"
"16,32 : 0.9552"
"32,16 : 0.9552"
"16,33 : 0.1676"
"33,16 : 0.1676"
"16,34 : 0.4826"
"34,16 : 0.4826"
"16,35 : 0.7669"
"35,16 : 0.7669"
"16,36 : 0.8631"
"36,16 : 0.8631"
"16,37 : 0.7577"
"37,16 : 0.7577"
"16,38 : 1.0259"
"38,16 : 1.0259"
"16,39 : 0.3612"
"39,16 : 0.3612"
"16,40 : 0.1749"
"40,16 : 0.1749"
"16,41 : 0.3517"
"41,16 : 0.3517"
"16,42 : 0.6129"
"42,16 : 0.6129"
"16,43 : 0.5004"
"43,16 : 0.5004"
"16,44 : 0.8458"
"44,16 : 0.8458"
"16,45 : 1.02"
"45,16 : 1.02"
"16,46 : 0.6736"
"46,16 : 0.6736"
"16,47 : 0.74"
"47,16 : 0.74"
"16,48 : 0.4627"
"48,16 : 0.4627"
"16,49 : 0.4601"
"49,16 : 0.4601"
"17,18 : 0.8676"
"18,17 : 0.8676"
"17,19 : 0.8349"
"19,17 : 0.8349"
"17,20 : 0.3256"
"20,17 : 0.3256"
"17,21 : 0.2147"
"21,17 : 0.2147"
"17,22 : 0.4549"
"22,17 : 0.4549"
"17,23 : 0.7762"
"23,17 : 0.7762"
"17,24 : 0.5349"
"24,17 : 0.5349"
"17,25 : 0.6862"
"25,17 : 0.6862"
"17,26 : 0.2625"
"26,17 : 0.2625"
"17,27 : 0.4966"
"27,17 : 0.4966"
"17,28 : 0.2441"
"28,17 : 0.2441"
"17,29 : 0.4438"
"29,17 : 0.4438"
"17,30 : 0.488"
"30,17 : 0.488"
"17,31 : 0.3421"
"31,17 : 0.3421"
"17,32 : 0.6075"
"32,17 : 0.6075"
"17,33 : 0.2335"
"33,17 : 0.2335"
"17,34 : 0.5964"
"34,17 : 0.5964"
"17,35 : 0.5385"
"35,17 : 0.5385"
"17,36 : 0.487"
"36,17 : 0.487"
"17,37 : 0.717"
"37,17 : 0.717"
"17,38 : 0.8208"
"38,17 : 0.8208"
"17,39 : 0.05"
"39,17 : 0.05"
"17,40 : 0.34"
"40,17 : 0.34"
"17,41 : 0.0943"
"41,17 : 0.0943"
"17,42 : 0.559"
"42,17 : 0.559"
"17,43 : 0.114"
"43,17 : 0.114"
"17,44 : 0.781"
"44,17 : 0.781"
"17,45 : 0.7072"
"45,17 : 0.7072"
"17,46 : 0.5224"
"46,17 : 0.5224"
"17,47 : 0.3982"
"47,17 : 0.3982"
"17,48 : 0.0806"
"48,17 : 0.0806"
"17,49 : 0.0728"
"49,17 : 0.0728"
"18,19 : 0.6501"
"19,18 : 0.6501"
"18,20 : 0.6366"
"20,18 : 0.6366"
"18,21 : 0.9003"
"21,18 : 0.9003"
"18,22 : 0.4206"
"22,18 : 0.4206"
"18,23 : 0.5808"
"23,18 : 0.5808"
"18,24 : 1.3097"
"24,18 : 1.3097"
"18,25 : 0.6139"
"25,18 : 0.6139"
"18,26 : 0.6168"
"26,18 : 0.6168"
"18,27 : 1.0069"
"27,18 : 1.0069"
"18,28 : 1.009"
"28,18 : 1.009"
"18,29 : 1.0512"
"29,18 : 1.0512"
"18,30 : 0.8386"
"30,18 : 0.8386"
"18,31 : 0.6918"
"31,18 : 0.6918"
"18,32 : 0.9973"
"32,18 : 0.9973"
"18,33 : 0.8336"
"33,18 : 0.8336"
"18,34 : 0.2927"
"34,18 : 0.2927"
"18,35 : 0.644"
"35,18 : 0.644"
"18,36 : 1.044"
"36,18 : 1.044"
"18,37 : 0.2886"
"37,18 : 0.2886"
"18,38 : 0.6903"
"38,18 : 0.6903"
"18,39 : 0.8186"
"39,18 : 0.8186"
"18,40 : 0.6251"
"40,18 : 0.6251"
"18,41 : 0.9211"
"41,18 : 0.9211"
"18,42 : 0.3624"
"42,18 : 0.3624"
"18,43 : 0.8959"
"43,18 : 0.8959"
"18,44 : 0.34"
"44,18 : 0.34"
"18,45 : 0.9361"
"45,18 : 0.9361"
"18,46 : 0.5025"
"46,18 : 0.5025"
"18,47 : 0.8701"
"47,18 : 0.8701"
"18,48 : 0.9354"
"48,18 : 0.9354"
"18,49 : 0.8832"
"49,18 : 0.8832"
"19,20 : 0.5148"
"20,19 : 0.5148"
"19,21 : 1.0018"
"21,19 : 1.0018"
"19,22 : 0.6622"
"22,19 : 0.6622"
"19,23 : 0.0806"
"23,19 : 0.0806"
"19,24 : 1.0066"
"24,19 : 1.0066"
"19,25 : 0.1487"
"25,19 : 0.1487"
"19,26 : 0.736"
"26,19 : 0.736"
"19,27 : 0.6073"
"27,19 : 0.6073"
"19,28 : 1.0715"
"28,19 : 1.0715"
"19,29 : 0.6986"
"29,19 : 0.6986"
"19,30 : 0.4455"
"30,19 : 0.4455"
"19,31 : 0.922"
"31,19 : 0.922"
"19,32 : 0.5188"
"32,19 : 0.5188"
"19,33 : 0.969"
"33,19 : 0.969"
"19,34 : 0.6798"
"34,19 : 0.6798"
"19,35 : 0.2983"
"35,19 : 0.2983"
"19,36 : 0.658"
"36,19 : 0.658"
"19,37 : 0.3785"
"37,19 : 0.3785"
"19,38 : 0.05"
"38,19 : 0.05"
"19,39 : 0.8078"
"39,19 : 0.8078"
"19,40 : 0.8496"
"40,19 : 0.8496"
"19,41 : 0.927"
"41,19 : 0.927"
"19,42 : 0.441"
"42,19 : 0.441"
"19,43 : 0.7767"
"43,19 : 0.7767"
"19,44 : 0.3102"
"44,19 : 0.3102"
"19,45 : 0.3842"
"45,19 : 0.3842"
"19,46 : 0.3483"
"46,19 : 0.3483"
"19,47 : 0.5415"
"47,19 : 0.5415"
"19,48 : 0.8538"
"48,19 : 0.8538"
"19,49 : 0.7956"
"49,19 : 0.7956"
"20,21 : 0.4888"
"21,20 : 0.4888"
"20,22 : 0.3158"
"22,20 : 0.3158"
"20,23 : 0.4522"
"23,20 : 0.4522"
"20,24 : 0.6736"
"24,20 : 0.6736"
"20,25 : 0.3667"
"25,20 : 0.3667"
"20,26 : 0.2594"
"26,20 : 0.2594"
"20,27 : 0.4052"
"27,20 : 0.4052"
"20,28 : 0.5571"
"28,20 : 0.5571"
"20,29 : 0.4254"
"29,20 : 0.4254"
"20,30 : 0.2816"
"30,20 : 0.2816"
"20,31 : 0.4528"
"31,20 : 0.4528"
"20,32 : 0.4501"
"32,20 : 0.4501"
"20,33 : 0.4623"
"33,20 : 0.4623"
"20,34 : 0.4346"
"34,20 : 0.4346"
"20,35 : 0.228"
"35,20 : 0.228"
"20,36 : 0.4308"
"36,20 : 0.4308"
"20,37 : 0.4215"
"37,20 : 0.4215"
"20,38 : 0.5061"
"38,20 : 0.5061"
"20,39 : 0.2941"
"39,20 : 0.2941"
"20,40 : 0.394"
"40,20 : 0.394"
"20,41 : 0.4148"
"41,20 : 0.4148"
"20,42 : 0.2802"
"42,20 : 0.2802"
"20,43 : 0.2943"
"43,20 : 0.2943"
"20,44 : 0.4707"
"44,20 : 0.4707"
"20,45 : 0.481"
"45,20 : 0.481"
"20,46 : 0.2002"
"46,20 : 0.2002"
"20,47 : 0.2596"
"47,20 : 0.2596"
"20,48 : 0.3601"
"48,20 : 0.3601"
"20,49 : 0.3002"
"49,20 : 0.3002"
"21,22 : 0.4837"
"22,21 : 0.4837"
"21,23 : 0.9352"
"23,21 : 0.9352"
"21,24 : 0.6958"
"24,21 : 0.6958"
"21,25 : 0.8548"
"25,21 : 0.8548"
"21,26 : 0.3007"
"26,21 : 0.3007"
"21,27 : 0.7111"
"27,21 : 0.7111"
"21,28 : 0.1118"
"28,21 : 0.1118"
"21,29 : 0.6546"
"29,21 : 0.6546"
"21,30 : 0.6953"
"30,21 : 0.6953"
"21,31 : 0.236"
"31,21 : 0.236"
"21,32 : 0.8215"
"32,21 : 0.8215"
"21,33 : 0.0721"
"33,21 : 0.0721"
"21,34 : 0.6088"
"34,21 : 0.6088"
"21,35 : 0.7156"
"35,21 : 0.7156"
"21,36 : 0.7001"
"36,21 : 0.7001"
"21,37 : 0.815"
"37,21 : 0.815"
"21,38 : 0.9948"
"38,21 : 0.9948"
"21,39 : 0.2126"
"39,21 : 0.2126"
"21,40 : 0.2823"
"40,21 : 0.2823"
"21,41 : 0.1414"
"41,21 : 0.1414"
"21,42 : 0.6562"
"42,21 : 0.6562"
"21,43 : 0.327"
"43,21 : 0.327"
"21,44 : 0.8927"
"44,21 : 0.8927"
"21,45 : 0.9155"
"45,21 : 0.9155"
"21,46 : 0.6648"
"46,21 : 0.6648"
"21,47 : 0.6103"
"47,21 : 0.6103"
"21,48 : 0.2668"
"48,21 : 0.2668"
"21,49 : 0.2864"
"49,21 : 0.2864"
"22,23 : 0.5826"
"23,22 : 0.5826"
"22,24 : 0.942"
"24,22 : 0.942"
"22,25 : 0.542"
"25,22 : 0.542"
"22,26 : 0.197"
"26,22 : 0.197"
"22,27 : 0.7203"
"27,22 : 0.7203"
"22,28 : 0.5903"
"28,22 : 0.5903"
"22,29 : 0.7316"
"29,22 : 0.7316"
"22,30 : 0.5908"
"30,22 : 0.5908"
"22,31 : 0.3008"
"31,22 : 0.3008"
"22,32 : 0.7616"
"32,22 : 0.7616"
"22,33 : 0.4205"
"33,22 : 0.4205"
"22,34 : 0.1421"
"34,22 : 0.1421"
"22,35 : 0.4657"
"35,22 : 0.4657"
"22,36 : 0.7433"
"36,22 : 0.7433"
"22,37 : 0.3625"
"37,22 : 0.3625"
"22,38 : 0.6768"
"38,22 : 0.6768"
"22,39 : 0.405"
"39,22 : 0.405"
"22,40 : 0.2256"
"40,22 : 0.2256"
"22,41 : 0.5016"
"41,22 : 0.5016"
"22,42 : 0.2267"
"42,22 : 0.2267"
"22,43 : 0.5021"
"43,22 : 0.5021"
"22,44 : 0.4518"
"44,22 : 0.4518"
"22,45 : 0.7679"
"45,22 : 0.7679"
"22,46 : 0.3311"
"46,22 : 0.3311"
"22,47 : 0.5749"
"47,22 : 0.5749"
"22,48 : 0.528"
"48,22 : 0.528"
"22,49 : 0.4817"
"49,22 : 0.4817"
"23,24 : 0.9867"
"24,23 : 0.9867"
"23,25 : 0.102"
"25,23 : 0.102"
"23,26 : 0.6629"
"26,23 : 0.6629"
"23,27 : 0.5951"
"27,23 : 0.5951"
"23,28 : 1.009"
"28,23 : 1.009"
"23,29 : 0.6801"
"29,23 : 0.6801"
"23,30 : 0.4238"
"30,23 : 0.4238"
"23,31 : 0.8465"
"31,23 : 0.8465"
"23,32 : 0.522"
"32,23 : 0.522"
"23,33 : 0.8994"
"33,23 : 0.8994"
"23,34 : 0.5993"
"34,23 : 0.5993"
"23,35 : 0.25"
"35,23 : 0.25"
"23,36 : 0.6447"
"36,23 : 0.6447"
"23,37 : 0.3027"
"37,23 : 0.3027"
"23,38 : 0.1105"
"38,23 : 0.1105"
"23,39 : 0.7463"
"39,23 : 0.7463"
"23,40 : 0.7734"
"40,23 : 0.7734"
"23,41 : 0.8668"
"41,23 : 0.8668"
"23,42 : 0.3606"
"42,23 : 0.3606"
"23,43 : 0.7256"
"43,23 : 0.7256"
"23,44 : 0.2419"
"44,23 : 0.2419"
"23,45 : 0.4046"
"45,23 : 0.4046"
"23,46 : 0.2746"
"46,23 : 0.2746"
"23,47 : 0.512"
"47,23 : 0.512"
"23,48 : 0.8006"
"48,23 : 0.8006"
"23,49 : 0.7415"
"49,23 : 0.7415"
"24,25 : 0.8854"
"25,24 : 0.8854"
"24,26 : 0.7752"
"26,24 : 0.7752"
"24,27 : 0.4031"
"27,24 : 0.4031"
"24,28 : 0.6401"
"28,24 : 0.6401"
"24,29 : 0.3081"
"29,24 : 0.3081"
"24,30 : 0.5632"
"30,24 : 0.5632"
"24,31 : 0.876"
"31,24 : 0.876"
"24,32 : 0.5201"
"32,24 : 0.5201"
"24,33 : 0.7453"
"33,24 : 0.7453"
"24,34 : 1.0807"
"34,24 : 1.0807"
"24,35 : 0.7524"
"35,24 : 0.7524"
"24,36 : 0.3523"
"36,24 : 0.3523"
"24,37 : 1.0817"
"37,24 : 1.0817"
"24,38 : 0.9688"
"38,24 : 0.9688"
"24,39 : 0.5778"
"39,24 : 0.5778"
"24,40 : 0.8732"
"40,24 : 0.8732"
"24,41 : 0.5609"
"41,24 : 0.5609"
"24,42 : 0.9527"
"42,24 : 0.9527"
"24,43 : 0.4478"
"43,24 : 0.4478"
"24,44 : 1.1102"
"44,24 : 1.1102"
"24,45 : 0.6801"
"45,24 : 0.6801"
"24,46 : 0.8406"
"46,24 : 0.8406"
"24,47 : 0.4793"
"47,24 : 0.4793"
"24,48 : 0.4554"
"48,24 : 0.4554"
"24,49 : 0.4785"
"49,24 : 0.4785"
"25,26 : 0.5955"
"26,25 : 0.5955"
"25,27 : 0.4965"
"27,25 : 0.4965"
"25,28 : 0.9231"
"28,25 : 0.9231"
"25,29 : 0.5794"
"29,25 : 0.5794"
"25,30 : 0.3231"
"30,25 : 0.3231"
"25,31 : 0.7849"
"31,25 : 0.7849"
"25,32 : 0.4319"
"32,25 : 0.4319"
"25,33 : 0.8238"
"33,25 : 0.8238"
"25,34 : 0.5824"
"34,25 : 0.5824"
"25,35 : 0.1513"
"35,25 : 0.1513"
"25,36 : 0.5456"
"36,25 : 0.5456"
"25,37 : 0.3256"
"37,25 : 0.3256"
"25,38 : 0.1421"
"38,25 : 0.1421"
"25,39 : 0.6592"
"39,25 : 0.6592"
"25,40 : 0.7145"
"40,25 : 0.7145"
"25,41 : 0.7783"
"41,25 : 0.7783"
"25,42 : 0.3353"
"42,25 : 0.3353"
"25,43 : 0.6297"
"43,25 : 0.6297"
"25,44 : 0.2907"
"44,25 : 0.2907"
"25,45 : 0.3312"
"45,25 : 0.3312"
"25,46 : 0.214"
"46,25 : 0.214"
"25,47 : 0.41"
"47,25 : 0.41"
"25,48 : 0.7061"
"48,25 : 0.7061"
"25,49 : 0.6476"
"49,25 : 0.6476"
"26,27 : 0.6201"
"27,26 : 0.6201"
"26,28 : 0.4011"
"28,26 : 0.4011"
"26,29 : 0.6067"
"29,26 : 0.6067"
"26,30 : 0.5316"
"30,26 : 0.5316"
"26,31 : 0.1942"
"31,26 : 0.1942"
"26,32 : 0.6923"
"32,26 : 0.6923"
"26,33 : 0.2474"
"33,26 : 0.2474"
"26,34 : 0.3362"
"34,26 : 0.3362"
"26,35 : 0.4763"
"35,26 : 0.4763"
"26,36 : 0.6313"
"36,26 : 0.6313"
"26,37 : 0.5148"
"37,26 : 0.5148"
"26,38 : 0.7376"
"38,26 : 0.7376"
"26,39 : 0.2126"
"39,26 : 0.2126"
"26,40 : 0.136"
"40,26 : 0.136"
"26,41 : 0.3046"
"41,26 : 0.3046"
"26,42 : 0.3569"
"42,26 : 0.3569"
"26,43 : 0.3276"
"43,26 : 0.3276"
"26,44 : 0.5944"
"44,26 : 0.5944"
"26,45 : 0.7393"
"45,26 : 0.7393"
"26,46 : 0.3883"
"46,26 : 0.3883"
"26,47 : 0.4826"
"47,26 : 0.4826"
"26,48 : 0.3394"
"48,26 : 0.3394"
"26,49 : 0.3"
"49,26 : 0.3"
"27,28 : 0.7185"
"28,27 : 0.7185"
"27,29 : 0.102"
"29,27 : 0.102"
"27,30 : 0.178"
"30,27 : 0.178"
"27,31 : 0.7892"
"31,27 : 0.7892"
"27,32 : 0.1342"
"32,27 : 0.1342"
"27,33 : 0.7245"
"33,27 : 0.7245"
"27,34 : 0.8382"
"34,27 : 0.8382"
"27,35 : 0.3829"
"35,27 : 0.3829"
"27,36 : 0.051"
"36,27 : 0.051"
"27,37 : 0.7433"
"37,27 : 0.7433"
"27,38 : 0.5675"
"38,27 : 0.5675"
"27,39 : 0.5092"
"39,27 : 0.5092"
"27,40 : 0.7517"
"40,27 : 0.7517"
"27,41 : 0.578"
"41,27 : 0.578"
"27,42 : 0.6466"
"42,27 : 0.6466"
"27,43 : 0.3847"
"43,27 : 0.3847"
"27,44 : 0.7517"
"44,27 : 0.7517"
"27,45 : 0.2864"
"45,27 : 0.2864"
"27,46 : 0.5061"
"46,27 : 0.5061"
"27,47 : 0.1456"
"47,27 : 0.1456"
"27,48 : 0.4549"
"48,27 : 0.4549"
"27,49 : 0.4249"
"49,27 : 0.4249"
"28,29 : 0.6488"
"29,28 : 0.6488"
"28,30 : 0.73"
"30,28 : 0.73"
"28,31 : 0.3467"
"31,28 : 0.3467"
"28,32 : 0.8387"
"32,28 : 0.8387"
"28,33 : 0.1836"
"33,28 : 0.1836"
"28,34 : 0.7184"
"34,28 : 0.7184"
"28,35 : 0.7782"
"35,28 : 0.7782"
"28,36 : 0.6997"
"36,28 : 0.6997"
"28,37 : 0.9109"
"37,28 : 0.9109"
"28,38 : 1.0602"
"38,28 : 1.0602"
"28,39 : 0.264"
"39,28 : 0.264"
"28,40 : 0.394"
"40,28 : 0.394"
"28,41 : 0.15"
"41,28 : 0.15"
"28,42 : 0.7511"
"42,28 : 0.7511"
"28,43 : 0.3397"
"43,28 : 0.3397"
"28,44 : 0.9851"
"44,28 : 0.9851"
"28,45 : 0.9479"
"45,28 : 0.9479"
"28,46 : 0.7446"
"46,28 : 0.7446"
"28,47 : 0.6364"
"47,28 : 0.6364"
"28,48 : 0.264"
"48,28 : 0.264"
"28,49 : 0.3041"
"49,28 : 0.3041"
"29,30 : 0.2563"
"30,29 : 0.2563"
"29,31 : 0.7603"
"31,29 : 0.7603"
"29,32 : 0.2341"
"32,29 : 0.2341"
"29,33 : 0.6768"
"33,29 : 0.6768"
"29,34 : 0.8587"
"34,29 : 0.8587"
"29,35 : 0.4528"
"35,29 : 0.4528"
"29,36 : 0.0583"
"36,29 : 0.0583"
"29,37 : 0.8006"
"37,29 : 0.8006"
"29,38 : 0.661"
"38,29 : 0.661"
"29,39 : 0.4653"
"39,29 : 0.4653"
"29,40 : 0.7317"
"40,29 : 0.7317"
"29,41 : 0.5162"
"41,29 : 0.5162"
"29,42 : 0.6888"
"42,29 : 0.6888"
"29,43 : 0.3298"
"43,29 : 0.3298"
"29,44 : 0.8184"
"44,29 : 0.8184"
"29,45 : 0.3883"
"45,29 : 0.3883"
"29,46 : 0.559"
"46,29 : 0.559"
"29,47 : 0.1844"
"47,29 : 0.1844"
"29,48 : 0.39"
"48,29 : 0.39"
"29,49 : 0.3711"
"49,29 : 0.3711"
"30,31 : 0.7187"
"31,30 : 0.7187"
"30,32 : 0.1712"
"32,30 : 0.1712"
"30,33 : 0.6907"
"33,30 : 0.6907"
"30,34 : 0.6943"
"34,30 : 0.6943"
"30,35 : 0.2052"
"35,30 : 0.2052"
"30,36 : 0.2247"
"36,30 : 0.2247"
"30,37 : 0.5685"
"37,30 : 0.5685"
"30,38 : 0.4111"
"38,30 : 0.4111"
"30,39 : 0.4827"
"39,30 : 0.4827"
"30,40 : 0.6676"
"40,30 : 0.6676"
"30,41 : 0.5805"
"41,30 : 0.5805"
"30,42 : 0.4833"
"42,30 : 0.4833"
"30,43 : 0.3941"
"43,30 : 0.3941"
"30,44 : 0.5738"
"44,30 : 0.5738"
"30,45 : 0.2202"
"45,30 : 0.2202"
"30,46 : 0.3362"
"46,30 : 0.3362"
"30,47 : 0.1044"
"47,30 : 0.1044"
"30,48 : 0.4743"
"48,30 : 0.4743"
"30,49 : 0.4264"
"49,30 : 0.4264"
"31,32 : 0.8736"
"32,31 : 0.8736"
"31,33 : 0.164"
"33,31 : 0.164"
"31,34 : 0.4001"
"34,31 : 0.4001"
"31,35 : 0.6701"
"35,31 : 0.6701"
"31,36 : 0.7931"
"36,31 : 0.7931"
"31,37 : 0.6613"
"37,31 : 0.6613"
"31,38 : 0.9266"
"38,31 : 0.9266"
"31,39 : 0.3041"
"39,31 : 0.3041"
"31,40 : 0.0762"
"40,31 : 0.0762"
"31,41 : 0.3276"
"41,31 : 0.3276"
"31,42 : 0.5143"
"42,31 : 0.5143"
"31,43 : 0.4441"
"43,31 : 0.4441"
"31,44 : 0.7485"
"44,31 : 0.7485"
"31,45 : 0.9304"
"45,31 : 0.9304"
"31,46 : 0.5738"
"46,31 : 0.5738"
"31,47 : 0.6597"
"47,31 : 0.6597"
"31,48 : 0.4206"
"48,31 : 0.4206"
"31,49 : 0.4061"
"49,31 : 0.4061"
"32,33 : 0.8273"
"33,32 : 0.8273"
"32,34 : 0.8649"
"34,32 : 0.8649"
"32,35 : 0.3536"
"35,32 : 0.3536"
"32,36 : 0.1772"
"36,32 : 0.1772"
"32,37 : 0.7187"
"37,32 : 0.7187"
"32,38 : 0.4742"
"38,32 : 0.4742"
"32,39 : 0.6129"
"39,32 : 0.6129"
"32,40 : 0.8276"
"40,32 : 0.8276"
"32,41 : 0.694"
"41,32 : 0.694"
"32,42 : 0.6485"
"42,32 : 0.6485"
"32,43 : 0.5"
"43,32 : 0.5"
"32,44 : 0.7106"
"44,32 : 0.7106"
"32,45 : 0.16"
"45,32 : 0.16"
"32,46 : 0.4977"
"46,32 : 0.4977"
"32,47 : 0.2154"
"47,32 : 0.2154"
"32,48 : 0.5749"
"48,32 : 0.5749"
"32,49 : 0.5382"
"49,32 : 0.5382"
"33,34 : 0.5413"
"34,33 : 0.5413"
"33,35 : 0.6903"
"35,33 : 0.6903"
"33,36 : 0.7184"
"36,33 : 0.7184"
"33,37 : 0.7612"
"37,33 : 0.7612"
"33,38 : 0.9652"
"38,33 : 0.9652"
"33,39 : 0.2154"
"39,33 : 0.2154"
"33,40 : 0.2119"
"40,33 : 0.2119"
"33,41 : 0.1844"
"41,33 : 0.1844"
"33,42 : 0.6042"
"42,33 : 0.6042"
"33,43 : 0.3471"
"43,33 : 0.3471"
"33,44 : 0.8417"
"44,33 : 0.8417"
"33,45 : 0.9102"
"45,33 : 0.9102"
"33,46 : 0.6261"
"46,33 : 0.6261"
"33,47 : 0.6129"
"47,33 : 0.6129"
"33,48 : 0.3"
"48,33 : 0.3"
"33,49 : 0.3059"
"49,33 : 0.3059"
"34,35 : 0.5401"
"35,34 : 0.5401"
"34,36 : 0.8654"
"36,34 : 0.8654"
"34,37 : 0.3256"
"37,34 : 0.3256"
"34,38 : 0.7038"
"38,34 : 0.7038"
"34,39 : 0.5464"
"39,34 : 0.5464"
"34,40 : 0.3324"
"40,34 : 0.3324"
"34,41 : 0.6395"
"41,34 : 0.6395"
"34,42 : 0.2474"
"42,34 : 0.2474"
"34,43 : 0.6435"
"43,34 : 0.6435"
"34,44 : 0.4173"
"44,34 : 0.4173"
"34,45 : 0.85"
"45,34 : 0.85"
"34,46 : 0.3912"
"46,34 : 0.3912"
"34,47 : 0.6929"
"47,34 : 0.6929"
"34,48 : 0.6701"
"48,34 : 0.6701"
"34,49 : 0.6237"
"49,34 : 0.6237"
"35,36 : 0.428"
"36,35 : 0.428"
"35,37 : 0.3662"
"37,35 : 0.3662"
"35,38 : 0.2823"
"38,35 : 0.2823"
"35,39 : 0.5143"
"39,35 : 0.5143"
"35,40 : 0.6046"
"40,35 : 0.6046"
"35,41 : 0.6316"
"41,35 : 0.6316"
"35,42 : 0.3041"
"42,35 : 0.3041"
"35,43 : 0.4785"
"43,35 : 0.4785"
"35,44 : 0.3688"
"44,35 : 0.3688"
"35,45 : 0.3102"
"45,35 : 0.3102"
"35,46 : 0.1513"
"46,35 : 0.1513"
"35,47 : 0.2731"
"47,35 : 0.2731"
"35,48 : 0.5554"
"48,35 : 0.5554"
"35,49 : 0.4973"
"49,35 : 0.4973"
"36,37 : 0.7849"
"37,36 : 0.7849"
"36,38 : 0.6185"
"38,36 : 0.6185"
"36,39 : 0.5045"
"39,36 : 0.5045"
"36,40 : 0.76"
"40,36 : 0.76"
"36,41 : 0.5636"
"41,36 : 0.5636"
"36,42 : 0.6824"
"42,36 : 0.6824"
"36,43 : 0.3734"
"43,36 : 0.3734"
"36,44 : 0.7965"
"44,36 : 0.7965"
"36,45 : 0.3338"
"45,36 : 0.3338"
"36,46 : 0.5456"
"46,36 : 0.5456"
"36,47 : 0.1749"
"47,36 : 0.1749"
"36,48 : 0.4383"
"48,36 : 0.4383"
"36,49 : 0.4144"
"49,36 : 0.4144"
"37,38 : 0.413"
"38,37 : 0.413"
"37,39 : 0.6736"
"39,37 : 0.6736"
"37,40 : 0.5852"
"40,37 : 0.5852"
"37,41 : 0.7916"
"41,37 : 0.7916"
"37,42 : 0.16"
"42,37 : 0.16"
"37,43 : 0.7117"
"43,37 : 0.7117"
"37,44 : 0.0922"
"44,37 : 0.0922"
"37,45 : 0.6485"
"45,37 : 0.6485"
"37,46 : 0.2421"
"46,37 : 0.2421"
"37,47 : 0.6162"
"47,37 : 0.6162"
"37,48 : 0.769"
"48,37 : 0.769"
"37,49 : 0.7106"
"49,37 : 0.7106"
"38,39 : 0.7962"
"39,38 : 0.7962"
"38,40 : 0.8556"
"40,38 : 0.8556"
"38,41 : 0.9139"
"41,38 : 0.9139"
"38,42 : 0.4607"
"42,38 : 0.4607"
"38,43 : 0.7569"
"43,38 : 0.7569"
"38,44 : 0.3506"
"44,38 : 0.3506"
"38,45 : 0.336"
"45,38 : 0.336"
"38,46 : 0.3538"
"46,38 : 0.3538"
"38,47 : 0.51"
"47,38 : 0.51"
"38,48 : 0.8352"
"48,38 : 0.8352"
"38,49 : 0.7779"
"49,38 : 0.7779"
"39,40 : 0.2955"
"40,39 : 0.2955"
"39,41 : 0.1217"
"41,39 : 0.1217"
"39,42 : 0.5148"
"42,39 : 0.5148"
"39,43 : 0.1404"
"43,39 : 0.1404"
"39,44 : 0.7401"
"44,39 : 0.7401"
"39,45 : 0.7029"
"45,39 : 0.7029"
"39,46 : 0.4866"
"46,39 : 0.4866"
"39,47 : 0.3996"
"47,39 : 0.3996"
"39,48 : 0.1281"
"48,39 : 0.1281"
"39,49 : 0.102"
"49,39 : 0.102"
"40,41 : 0.3466"
"41,40 : 0.3466"
"40,42 : 0.4383"
"42,40 : 0.4383"
"40,43 : 0.4301"
"43,40 : 0.4301"
"40,44 : 0.6723"
"44,40 : 0.6723"
"40,45 : 0.8746"
"45,40 : 0.8746"
"40,46 : 0.5021"
"46,40 : 0.5021"
"40,47 : 0.6166"
"47,40 : 0.6166"
"40,48 : 0.4206"
"48,40 : 0.4206"
"40,49 : 0.3956"
"49,40 : 0.3956"
"41,42 : 0.632"
"42,41 : 0.632"
"41,43 : 0.1942"
"43,41 : 0.1942"
"41,44 : 0.8601"
"44,41 : 0.8601"
"41,45 : 0.7991"
"45,41 : 0.7991"
"41,46 : 0.6083"
"46,41 : 0.6083"
"41,47 : 0.4884"
"47,41 : 0.4884"
"41,48 : 0.1265"
"48,41 : 0.1265"
"41,49 : 0.1562"
"49,41 : 0.1562"
"42,43 : 0.5608"
"43,42 : 0.5608"
"42,44 : 0.2377"
"44,42 : 0.2377"
"42,45 : 0.6129"
"45,42 : 0.6129"
"42,46 : 0.153"
"46,42 : 0.153"
"42,47 : 0.508"
"47,42 : 0.508"
