x,y
0.02,0.69
0.41,0.53
0.28,0.65
0.33,0.78
0.7,0.08
0.57,0.74
0.67,0.38
0.89,0.85
0.39,0.18
0.05,0.05
0.52,0.94
0.11,0.62
0.25,0.15
0.68,0.22
0.13,0.3
0.32,0.33
0.02,0.13
0.56,0.75
0.38,0.25
0.79,0.52
0.81,0.48
0.23,0.27
0.88,0.01
0.57,0.51
0.17,0.21
0.28,0.09
0.65,0.88
0.79,0.06
0.49,0.06
0.25,1.0
0.18,0.71
0.67,0.19
0.6,0.02
0.56,0.79
0.23,0.52
0.15,0.51
0.51,0.29
0.16,0.98
0.96,0.94
0.84,0.73
0.63,0.15
0.38,0.84
0.66,0.67
0.76,0.48
0.54,0.62
0.48,0.05
0.91,0.96
0.08,0.6
0.37,0.25
0.46,0.42

Distanze
"0,1 : 0.4215"
"1,0 : 0.4215"
"0,2 : 0.2631"
"2,0 : 0.2631"
"0,3 : 0.3228"
"3,0 : 0.3228"
"0,4 : 0.9135"
"4,0 : 0.9135"
"0,5 : 0.5523"
"5,0 : 0.5523"
"0,6 : 0.7201"
"6,0 : 0.7201"
"0,7 : 0.8846"
"7,0 : 0.8846"
"0,8 : 0.6301"
"8,0 : 0.6301"
"0,9 : 0.6407"
"9,0 : 0.6407"
"0,10 : 0.559"
"10,0 : 0.559"
"0,11 : 0.114"
"11,0 : 0.114"
"0,12 : 0.5869"
"12,0 : 0.5869"
"0,13 : 0.8102"
"13,0 : 0.8102"
"0,14 : 0.4052"
"14,0 : 0.4052"
"0,15 : 0.4686"
"15,0 : 0.4686"
"0,16 : 0.56"
"16,0 : 0.56"
"0,17 : 0.5433"
"17,0 : 0.5433"
"0,18 : 0.5685"
"18,0 : 0.5685"
"0,19 : 0.7885"
"19,0 : 0.7885"
"0,20 : 0.8174"
"20,0 : 0.8174"
"0,21 : 0.4696"
"21,0 : 0.4696"
"0,22 : 1.0964"
"22,0 : 1.0964"
"0,23 : 0.5787"
"23,0 : 0.5787"
"0,24 : 0.5029"
"24,0 : 0.5029"
"0,25 : 0.6539"
"25,0 : 0.6539"
"0,26 : 0.658"
"26,0 : 0.658"
"0,27 : 0.9949"
"27,0 : 0.9949"
"0,28 : 0.786"
"28,0 : 0.786"
"0,29 : 0.386"
"29,0 : 0.386"
"0,30 : 0.1612"
"30,0 : 0.1612"
"0,31 : 0.8201"
"31,0 : 0.8201"
"0,32 : 0.8862"
"32,0 : 0.8862"
"0,33 : 0.5492"
"33,0 : 0.5492"
"0,34 : 0.2702"
"34,0 : 0.2702"
"0,35 : 0.222"
"35,0 : 0.222"
"0,36 : 0.6325"
"36,0 : 0.6325"
"0,37 : 0.322"
"37,0 : 0.322"
"0,38 : 0.9727"
"38,0 : 0.9727"
"0,39 : 0.821"
"39,0 : 0.821"
"0,40 : 0.8147"
"40,0 : 0.8147"
"0,41 : 0.39"
"41,0 : 0.39"
"0,42 : 0.6403"
"42,0 : 0.6403"
"0,43 : 0.7692"
"43,0 : 0.7692"
"0,44 : 0.5247"
"44,0 : 0.5247"
"0,45 : 0.7882"
"45,0 : 0.7882"
"0,46 : 0.9301"
"46,0 : 0.9301"
"0,47 : 0.1082"
"47,0 : 0.1082"
"0,48 : 0.5622"
"48,0 : 0.5622"
"0,49 : 0.5162"
"49,0 : 0.5162"
"1,2 : 0.1769"
"2,1 : 0.1769"
"1,3 : 0.2625"
"3,1 : 0.2625"
"1,4 : 0.5354"
"4,1 : 0.5354"
"1,5 : 0.264"
"5,1 : 0.264"
"1,6 : 0.3002"
"6,1 : 0.3002"
"1,7 : 0.5769"
"7,1 : 0.5769"
"1,8 : 0.3506"
"8,1 : 0.3506"
"1,9 : 0.6"
"9,1 : 0.6"
"1,10 : 0.4245"
"10,1 : 0.4245"
"1,11 : 0.3132"
"11,1 : 0.3132"
"1,12 : 0.4123"
"12,1 : 0.4123"
"1,13 : 0.4111"
"13,1 : 0.4111"
"1,14 : 0.3624"
"14,1 : 0.3624"
"1,15 : 0.2193"
"15,1 : 0.2193"
"1,16 : 0.5587"
"16,1 : 0.5587"
"1,17 : 0.2663"
"17,1 : 0.2663"
"1,18 : 0.2816"
"18,1 : 0.2816"
"1,19 : 0.3801"
"19,1 : 0.3801"
"1,20 : 0.4031"
"20,1 : 0.4031"
"1,21 : 0.3162"
"21,1 : 0.3162"
"1,22 : 0.7009"
"22,1 : 0.7009"
"1,23 : 0.1612"
"23,1 : 0.1612"
"1,24 : 0.4"
"24,1 : 0.4"
"1,25 : 0.4588"
"25,1 : 0.4588"
"1,26 : 0.4244"
"26,1 : 0.4244"
"1,27 : 0.6044"
"27,1 : 0.6044"
"1,28 : 0.4768"
"28,1 : 0.4768"
"1,29 : 0.4965"
"29,1 : 0.4965"
"1,30 : 0.2921"
"30,1 : 0.2921"
"1,31 : 0.428"
"31,1 : 0.428"
"1,32 : 0.5442"
"32,1 : 0.5442"
"1,33 : 0.3002"
"33,1 : 0.3002"
"1,34 : 0.1803"
"34,1 : 0.1803"
"1,35 : 0.2608"
"35,1 : 0.2608"
"1,36 : 0.26"
"36,1 : 0.26"
"1,37 : 0.5148"
"37,1 : 0.5148"
"1,38 : 0.686"
"38,1 : 0.686"
"1,39 : 0.4742"
"39,1 : 0.4742"
"1,40 : 0.4391"
"40,1 : 0.4391"
"1,41 : 0.3114"
"41,1 : 0.3114"
"1,42 : 0.2865"
"42,1 : 0.2865"
"1,43 : 0.3536"
"43,1 : 0.3536"
"1,44 : 0.1581"
"44,1 : 0.1581"
"1,45 : 0.4851"
"45,1 : 0.4851"
"1,46 : 0.6595"
"46,1 : 0.6595"
"1,47 : 0.3373"
"47,1 : 0.3373"
"1,48 : 0.2828"
"48,1 : 0.2828"
"1,49 : 0.1208"
"49,1 : 0.1208"
"2,3 : 0.1393"
"3,2 : 0.1393"
"2,4 : 0.708"
"4,2 : 0.708"
"2,5 : 0.3036"
"5,2 : 0.3036"
"2,6 : 0.4743"
"6,2 : 0.4743"
"2,7 : 0.642"
"7,2 : 0.642"
"2,8 : 0.4827"
"8,2 : 0.4827"
"2,9 : 0.6426"
"9,2 : 0.6426"
"2,10 : 0.3764"
"10,2 : 0.3764"
"2,11 : 0.1726"
"11,2 : 0.1726"
"2,12 : 0.5009"
"12,2 : 0.5009"
"2,13 : 0.5873"
"13,2 : 0.5873"
"2,14 : 0.3808"
"14,2 : 0.3808"
"2,15 : 0.3225"
"15,2 : 0.3225"
"2,16 : 0.5814"
"16,2 : 0.5814"
"2,17 : 0.2973"
"17,2 : 0.2973"
"2,18 : 0.4123"
"18,2 : 0.4123"
"2,19 : 0.5263"
"19,2 : 0.5263"
"2,20 : 0.5566"
"20,2 : 0.5566"
"2,21 : 0.3833"
"21,2 : 0.3833"
"2,22 : 0.8773"
"22,2 : 0.8773"
"2,23 : 0.322"
"23,2 : 0.322"
"2,24 : 0.4535"
"24,2 : 0.4535"
"2,25 : 0.56"
"25,2 : 0.56"
"2,26 : 0.4357"
"26,2 : 0.4357"
"2,27 : 0.7799"
"27,2 : 0.7799"
"2,28 : 0.6263"
"28,2 : 0.6263"
"2,29 : 0.3513"
"29,2 : 0.3513"
"2,30 : 0.1166"
"30,2 : 0.1166"
"2,31 : 0.6031"
"31,2 : 0.6031"
"2,32 : 0.7066"
"32,2 : 0.7066"
"2,33 : 0.313"
"33,2 : 0.313"
"2,34 : 0.1393"
"34,2 : 0.1393"
"2,35 : 0.191"
"35,2 : 0.191"
"2,36 : 0.4272"
"36,2 : 0.4272"
"2,37 : 0.3511"
"37,2 : 0.3511"
"2,38 : 0.7393"
"38,2 : 0.7393"
"2,39 : 0.5657"
"39,2 : 0.5657"
"2,40 : 0.6103"
"40,2 : 0.6103"
"2,41 : 0.2147"
"41,2 : 0.2147"
"2,42 : 0.3805"
"42,2 : 0.3805"
"2,43 : 0.5092"
"43,2 : 0.5092"
"2,44 : 0.2617"
"44,2 : 0.2617"
"2,45 : 0.6325"
"45,2 : 0.6325"
"2,46 : 0.7021"
"46,2 : 0.7021"
"2,47 : 0.2062"
"47,2 : 0.2062"
"2,48 : 0.41"
"48,2 : 0.41"
"2,49 : 0.2921"
"49,2 : 0.2921"
"3,4 : 0.7918"
"4,3 : 0.7918"
"3,5 : 0.2433"
"5,3 : 0.2433"
"3,6 : 0.525"
"6,3 : 0.525"
"3,7 : 0.5644"
"7,3 : 0.5644"
"3,8 : 0.603"
"8,3 : 0.603"
"3,9 : 0.7819"
"9,3 : 0.7819"
"3,10 : 0.2484"
"10,3 : 0.2484"
"3,11 : 0.272"
"11,3 : 0.272"
"3,12 : 0.6351"
"12,3 : 0.6351"
"3,13 : 0.6604"
"13,3 : 0.6604"
"3,14 : 0.52"
"14,3 : 0.52"
"3,15 : 0.4501"
"15,3 : 0.4501"
"3,16 : 0.7201"
"16,3 : 0.7201"
"3,17 : 0.2319"
"17,3 : 0.2319"
"3,18 : 0.5324"
"18,3 : 0.5324"
"3,19 : 0.5284"
"19,3 : 0.5284"
"3,20 : 0.566"
"20,3 : 0.566"
"3,21 : 0.5197"
"21,3 : 0.5197"
"3,22 : 0.9463"
"22,3 : 0.9463"
"3,23 : 0.3612"
"23,3 : 0.3612"
"3,24 : 0.592"
"24,3 : 0.592"
"3,25 : 0.6918"
"25,3 : 0.6918"
"3,26 : 0.3353"
"26,3 : 0.3353"
"3,27 : 0.8544"
"27,3 : 0.8544"
"3,28 : 0.7376"
"28,3 : 0.7376"
"3,29 : 0.2341"
"29,3 : 0.2341"
"3,30 : 0.1655"
"30,3 : 0.1655"
"3,31 : 0.681"
"31,3 : 0.681"
"3,32 : 0.8065"
"32,3 : 0.8065"
"3,33 : 0.2302"
"33,3 : 0.2302"
"3,34 : 0.2786"
"34,3 : 0.2786"
"3,35 : 0.3245"
"35,3 : 0.3245"
"3,36 : 0.522"
"36,3 : 0.522"
"3,37 : 0.2625"
"37,3 : 0.2625"
"3,38 : 0.65"
"38,3 : 0.65"
"3,39 : 0.5124"
"39,3 : 0.5124"
"3,40 : 0.6978"
"40,3 : 0.6978"
"3,41 : 0.0781"
"41,3 : 0.0781"
"3,42 : 0.3479"
"42,3 : 0.3479"
"3,43 : 0.5243"
"43,3 : 0.5243"
"3,44 : 0.264"
"44,3 : 0.264"
"3,45 : 0.7453"
"45,3 : 0.7453"
"3,46 : 0.6073"
"46,3 : 0.6073"
"3,47 : 0.3081"
"47,3 : 0.3081"
"3,48 : 0.5315"
"48,3 : 0.5315"
"3,49 : 0.3828"
"49,3 : 0.3828"
"4,5 : 0.6727"
"5,4 : 0.6727"
"4,6 : 0.3015"
"6,4 : 0.3015"
"4,7 : 0.7931"
"7,4 : 0.7931"
"4,8 : 0.3257"
"8,4 : 0.3257"
"4,9 : 0.6507"
"9,4 : 0.6507"
"4,10 : 0.8786"
"10,4 : 0.8786"
"4,11 : 0.7998"
"11,4 : 0.7998"
"4,12 : 0.4554"
"12,4 : 0.4554"
"4,13 : 0.1414"
"13,4 : 0.1414"
"4,14 : 0.611"
"14,4 : 0.611"
"4,15 : 0.4549"
"15,4 : 0.4549"
"4,16 : 0.6818"
"16,4 : 0.6818"
"4,17 : 0.6845"
"17,4 : 0.6845"
"4,18 : 0.3624"
"18,4 : 0.3624"
"4,19 : 0.4491"
"19,4 : 0.4491"
"4,20 : 0.4148"
"20,4 : 0.4148"
"4,21 : 0.507"
"21,4 : 0.507"
"4,22 : 0.1931"
"22,4 : 0.1931"
"4,23 : 0.4492"
"23,4 : 0.4492"
"4,24 : 0.5457"
"24,4 : 0.5457"
"4,25 : 0.4201"
"25,4 : 0.4201"
"4,26 : 0.8016"
"26,4 : 0.8016"
"4,27 : 0.0922"
"27,4 : 0.0922"
"4,28 : 0.211"
"28,4 : 0.211"
"4,29 : 1.0242"
"29,4 : 1.0242"
"4,30 : 0.8169"
"30,4 : 0.8169"
"4,31 : 0.114"
"31,4 : 0.114"
"4,32 : 0.1166"
"32,4 : 0.1166"
"4,33 : 0.7237"
"33,4 : 0.7237"
"4,34 : 0.6438"
"34,4 : 0.6438"
"4,35 : 0.6981"
"35,4 : 0.6981"
"4,36 : 0.2832"
"36,4 : 0.2832"
"4,37 : 1.0496"
"37,4 : 1.0496"
"4,38 : 0.8984"
"38,4 : 0.8984"
"4,39 : 0.6649"
"39,4 : 0.6649"
"4,40 : 0.099"
"40,4 : 0.099"
"4,41 : 0.8246"
"41,4 : 0.8246"
"4,42 : 0.5914"
"42,4 : 0.5914"
"4,43 : 0.4045"
"43,4 : 0.4045"
"4,44 : 0.5632"
"44,4 : 0.5632"
"4,45 : 0.222"
"45,4 : 0.222"
"4,46 : 0.9047"
"46,4 : 0.9047"
"4,47 : 0.8092"
"47,4 : 0.8092"
"4,48 : 0.3712"
"48,4 : 0.3712"
"4,49 : 0.4162"
"49,4 : 0.4162"
"5,6 : 0.3736"
"6,5 : 0.3736"
"5,7 : 0.3384"
"7,5 : 0.3384"
"5,8 : 0.5882"
"8,5 : 0.5882"
"5,9 : 0.864"
"9,5 : 0.864"
"5,10 : 0.2062"
"10,5 : 0.2062"
"5,11 : 0.4754"
"11,5 : 0.4754"
"5,12 : 0.6712"
"12,5 : 0.6712"
"5,13 : 0.5315"
"13,5 : 0.5315"
"5,14 : 0.6223"
"14,5 : 0.6223"
"5,15 : 0.4802"
"15,5 : 0.4802"
"5,16 : 0.8213"
"16,5 : 0.8213"
"5,17 : 0.0141"
"17,5 : 0.0141"
"5,18 : 0.5255"
"18,5 : 0.5255"
"5,19 : 0.3111"
"19,5 : 0.3111"
"5,20 : 0.3538"
"20,5 : 0.3538"
"5,21 : 0.5801"
"21,5 : 0.5801"
"5,22 : 0.7931"
"22,5 : 0.7931"
"5,23 : 0.23"
"23,5 : 0.23"
"5,24 : 0.664"
"24,5 : 0.664"
"5,25 : 0.7118"
"25,5 : 0.7118"
"5,26 : 0.1612"
"26,5 : 0.1612"
"5,27 : 0.7147"
"27,5 : 0.7147"
"5,28 : 0.6847"
"28,5 : 0.6847"
"5,29 : 0.4123"
"29,5 : 0.4123"
"5,30 : 0.3912"
"30,5 : 0.3912"
"5,31 : 0.559"
"31,5 : 0.559"
"5,32 : 0.7206"
"32,5 : 0.7206"
"5,33 : 0.051"
"33,5 : 0.051"
"5,34 : 0.405"
"34,5 : 0.405"
"5,35 : 0.4789"
"35,5 : 0.4789"
"5,36 : 0.454"
"36,5 : 0.454"
"5,37 : 0.4751"
"37,5 : 0.4751"
"5,38 : 0.4383"
"38,5 : 0.4383"
"5,39 : 0.2702"
"39,5 : 0.2702"
"5,40 : 0.593"
"40,5 : 0.593"
"5,41 : 0.2147"
"41,5 : 0.2147"
"5,42 : 0.114"
"42,5 : 0.114"
"5,43 : 0.322"
"43,5 : 0.322"
"5,44 : 0.1237"
"44,5 : 0.1237"
"5,45 : 0.6958"
"45,5 : 0.6958"
"5,46 : 0.405"
"46,5 : 0.405"
"5,47 : 0.5096"
"47,5 : 0.5096"
"5,48 : 0.5292"
"48,5 : 0.5292"
"5,49 : 0.3384"
"49,5 : 0.3384"
"6,7 : 0.5189"
"7,6 : 0.5189"
"6,8 : 0.3441"
"8,6 : 0.3441"
"6,9 : 0.7024"
"9,6 : 0.7024"
"6,10 : 0.5797"
"10,6 : 0.5797"
"6,11 : 0.6093"
"11,6 : 0.6093"
"6,12 : 0.4789"
"12,6 : 0.4789"
"6,13 : 0.1603"
"13,6 : 0.1603"
"6,14 : 0.5459"
"14,6 : 0.5459"
"6,15 : 0.3536"
"15,6 : 0.3536"
"6,16 : 0.6964"
"16,6 : 0.6964"
"6,17 : 0.386"
"17,6 : 0.386"
"6,18 : 0.3178"
"18,6 : 0.3178"
"6,19 : 0.1844"
"19,6 : 0.1844"
"6,20 : 0.172"
"20,6 : 0.172"
"6,21 : 0.4535"
"21,6 : 0.4535"
"6,22 : 0.4254"
"22,6 : 0.4254"
"6,23 : 0.164"
"23,6 : 0.164"
"6,24 : 0.5281"
"24,6 : 0.5281"
"6,25 : 0.486"
"25,6 : 0.486"
"6,26 : 0.5004"
"26,6 : 0.5004"
"6,27 : 0.3418"
"27,6 : 0.3418"
"6,28 : 0.3672"
"28,6 : 0.3672"
"6,29 : 0.7489"
"29,6 : 0.7489"
"6,30 : 0.5908"
"30,6 : 0.5908"
"6,31 : 0.19"
"31,6 : 0.19"
"6,32 : 0.3667"
"32,6 : 0.3667"
"6,33 : 0.4245"
"33,6 : 0.4245"
"6,34 : 0.4617"
"34,6 : 0.4617"
"6,35 : 0.536"
"35,6 : 0.536"
"6,36 : 0.1836"
"36,6 : 0.1836"
"6,37 : 0.7875"
"37,6 : 0.7875"
"6,38 : 0.6306"
"38,6 : 0.6306"
"6,39 : 0.3891"
"39,6 : 0.3891"
"6,40 : 0.2335"
"40,6 : 0.2335"
"6,41 : 0.5438"
"41,6 : 0.5438"
"6,42 : 0.2902"
"42,6 : 0.2902"
"6,43 : 0.1345"
"43,6 : 0.1345"
"6,44 : 0.2729"
"44,6 : 0.2729"
"6,45 : 0.3808"
"45,6 : 0.3808"
"6,46 : 0.6277"
"46,6 : 0.6277"
"6,47 : 0.6297"
"47,6 : 0.6297"
"6,48 : 0.327"
"48,6 : 0.327"
"6,49 : 0.2138"
"49,6 : 0.2138"
"7,8 : 0.836"
"8,7 : 0.836"
"7,9 : 1.16"
"9,7 : 1.16"
"7,10 : 0.3808"
"10,7 : 0.3808"
"7,11 : 0.8132"
"11,7 : 0.8132"
"7,12 : 0.9485"
"12,7 : 0.9485"
"7,13 : 0.6641"
"13,7 : 0.6641"
"7,14 : 0.9381"
"14,7 : 0.9381"
"7,15 : 0.7716"
"15,7 : 0.7716"
"7,16 : 1.1293"
"16,7 : 1.1293"
"7,17 : 0.3448"
"17,7 : 0.3448"
"7,18 : 0.7875"
"18,7 : 0.7875"
"7,19 : 0.3448"
"19,7 : 0.3448"
"7,20 : 0.3785"
"20,7 : 0.3785"
"7,21 : 0.8786"
"21,7 : 0.8786"
"7,22 : 0.8401"
"22,7 : 0.8401"
"7,23 : 0.4669"
"23,7 : 0.4669"
"7,24 : 0.9633"
"24,7 : 0.9633"
"7,25 : 0.9745"
"25,7 : 0.9745"
"7,26 : 0.2419"
"26,7 : 0.2419"
"7,27 : 0.7963"
"27,7 : 0.7963"
"7,28 : 0.8855"
"28,7 : 0.8855"
"7,29 : 0.6573"
"29,7 : 0.6573"
"7,30 : 0.7237"
"30,7 : 0.7237"
"7,31 : 0.6957"
"31,7 : 0.6957"
"7,32 : 0.8792"
"32,7 : 0.8792"
"7,33 : 0.3354"
"33,7 : 0.3354"
"7,34 : 0.7379"
"34,7 : 0.7379"
"7,35 : 0.8144"
"35,7 : 0.8144"
"7,36 : 0.6768"
"36,7 : 0.6768"
"7,37 : 0.7415"
"37,7 : 0.7415"
"7,38 : 0.114"
"38,7 : 0.114"
"7,39 : 0.13"
"39,7 : 0.13"
"7,40 : 0.7467"
"40,7 : 0.7467"
"7,41 : 0.5101"
"41,7 : 0.5101"
"7,42 : 0.2921"
"42,7 : 0.2921"
"7,43 : 0.3922"
"43,7 : 0.3922"
"7,44 : 0.4188"
"44,7 : 0.4188"
"7,45 : 0.8989"
"45,7 : 0.8989"
"7,46 : 0.1118"
"46,7 : 0.1118"
"7,47 : 0.8477"
"47,7 : 0.8477"
"7,48 : 0.794"
"48,7 : 0.794"
"7,49 : 0.6081"
"49,7 : 0.6081"
"8,9 : 0.364"
"9,8 : 0.364"
"8,10 : 0.771"
"10,8 : 0.771"
"8,11 : 0.5215"
"11,8 : 0.5215"
"8,12 : 0.1432"
"12,8 : 0.1432"
"8,13 : 0.2927"
"13,8 : 0.2927"
"8,14 : 0.2864"
"14,8 : 0.2864"
"8,15 : 0.1655"
"15,8 : 0.1655"
"8,16 : 0.3734"
"16,8 : 0.3734"
"8,17 : 0.5948"
"17,8 : 0.5948"
"8,18 : 0.0707"
"18,8 : 0.0707"
"8,19 : 0.525"
"19,8 : 0.525"
"8,20 : 0.5161"
"20,8 : 0.5161"
"8,21 : 0.1836"
"21,8 : 0.1836"
"8,22 : 0.5187"
"22,8 : 0.5187"
"8,23 : 0.3759"
"23,8 : 0.3759"
"8,24 : 0.222"
"24,8 : 0.222"
"8,25 : 0.1421"
"25,8 : 0.1421"
"8,26 : 0.7467"
"26,8 : 0.7467"
"8,27 : 0.4176"
"27,8 : 0.4176"
"8,28 : 0.1562"
"28,8 : 0.1562"
"8,29 : 0.8319"
"29,8 : 0.8319"
"8,30 : 0.5701"
"30,8 : 0.5701"
"8,31 : 0.2802"
"31,8 : 0.2802"
"8,32 : 0.264"
"32,8 : 0.264"
"8,33 : 0.6332"
"33,8 : 0.6332"
"8,34 : 0.3758"
"34,8 : 0.3758"
"8,35 : 0.408"
"35,8 : 0.408"
"8,36 : 0.1628"
"36,8 : 0.1628"
"8,37 : 0.8324"
"37,8 : 0.8324"
"8,38 : 0.95"
"38,8 : 0.95"
"8,39 : 0.7106"
"39,8 : 0.7106"
"8,40 : 0.2419"
"40,8 : 0.2419"
"8,41 : 0.6601"
"41,8 : 0.6601"
"8,42 : 0.5595"
"42,8 : 0.5595"
"8,43 : 0.4763"
"43,8 : 0.4763"
"8,44 : 0.4649"
"44,8 : 0.4649"
"8,45 : 0.1581"
"45,8 : 0.1581"
"8,46 : 0.9374"
"46,8 : 0.9374"
"8,47 : 0.522"
"47,8 : 0.522"
"8,48 : 0.0728"
"48,8 : 0.0728"
"8,49 : 0.25"
"49,8 : 0.25"
"9,10 : 1.0065"
"10,9 : 1.0065"
"9,11 : 0.5731"
"11,9 : 0.5731"
"9,12 : 0.2236"
"12,9 : 0.2236"
"9,13 : 0.6525"
"13,9 : 0.6525"
"9,14 : 0.2625"
"14,9 : 0.2625"
"9,15 : 0.389"
"15,9 : 0.389"
"9,16 : 0.0854"
"16,9 : 0.0854"
"9,17 : 0.8661"
"17,9 : 0.8661"
"9,18 : 0.3859"
"18,9 : 0.3859"
"9,19 : 0.8766"
"19,9 : 0.8766"
"9,20 : 0.8732"
"20,9 : 0.8732"
"9,21 : 0.2843"
"21,9 : 0.2843"
"9,22 : 0.831"
"22,9 : 0.831"
"9,23 : 0.6943"
"23,9 : 0.6943"
"9,24 : 0.2"
"24,9 : 0.2"
"9,25 : 0.2335"
"25,9 : 0.2335"
"9,26 : 1.0242"
"26,9 : 1.0242"
"9,27 : 0.7401"
"27,9 : 0.7401"
"9,28 : 0.4401"
"28,9 : 0.4401"
"9,29 : 0.9708"
"29,9 : 0.9708"
"9,30 : 0.6727"
"30,9 : 0.6727"
"9,31 : 0.6356"
"31,9 : 0.6356"
"9,32 : 0.5508"
"32,9 : 0.5508"
"9,33 : 0.8987"
"33,9 : 0.8987"
"9,34 : 0.5033"
"34,9 : 0.5033"
"9,35 : 0.4707"
"35,9 : 0.4707"
"9,36 : 0.5188"
"36,9 : 0.5188"
"9,37 : 0.9365"
"37,9 : 0.9365"
"9,38 : 1.2729"
"38,9 : 1.2729"
"9,39 : 1.0424"
"39,9 : 1.0424"
"9,40 : 0.5886"
"40,9 : 0.5886"
"9,41 : 0.8562"
"41,9 : 0.8562"
"9,42 : 0.8698"
"42,9 : 0.8698"
"9,43 : 0.8301"
"43,9 : 0.8301"
"9,44 : 0.7517"
"44,9 : 0.7517"
"9,45 : 0.43"
"45,9 : 0.43"
"9,46 : 1.2521"
"46,9 : 1.2521"
"9,47 : 0.5508"
"47,9 : 0.5508"
"9,48 : 0.3774"
"48,9 : 0.3774"
"9,49 : 0.5523"
"49,9 : 0.5523"
"10,11 : 0.5201"
"11,10 : 0.5201"
"10,12 : 0.8349"
"12,10 : 0.8349"
"10,13 : 0.7376"
"13,10 : 0.7376"
"10,14 : 0.7495"
"14,10 : 0.7495"
"10,15 : 0.642"
"15,10 : 0.642"
"10,16 : 0.9519"
"16,10 : 0.9519"
"10,17 : 0.1942"
"17,10 : 0.1942"
"10,18 : 0.7041"
"18,10 : 0.7041"
"10,19 : 0.4993"
"19,10 : 0.4993"
"10,20 : 0.5438"
"20,10 : 0.5438"
"10,21 : 0.7301"
"21,10 : 0.7301"
"10,22 : 0.9972"
"22,10 : 0.9972"
"10,23 : 0.4329"
"23,10 : 0.4329"
"10,24 : 0.8096"
"24,10 : 0.8096"
"10,25 : 0.8832"
"25,10 : 0.8832"
"10,26 : 0.1432"
"26,10 : 0.1432"
"10,27 : 0.9205"
"27,10 : 0.9205"
"10,28 : 0.8805"
"28,10 : 0.8805"
"10,29 : 0.2766"
"29,10 : 0.2766"
"10,30 : 0.4105"
"30,10 : 0.4105"
"10,31 : 0.7649"
"31,10 : 0.7649"
"10,32 : 0.9235"
"32,10 : 0.9235"
"10,33 : 0.1552"
"33,10 : 0.1552"
"10,34 : 0.5104"
"34,10 : 0.5104"
"10,35 : 0.5673"
"35,10 : 0.5673"
"10,36 : 0.6501"
"36,10 : 0.6501"
"10,37 : 0.3622"
"37,10 : 0.3622"
"10,38 : 0.44"
"38,10 : 0.44"
"10,39 : 0.3828"
"39,10 : 0.3828"
"10,40 : 0.7976"
"40,10 : 0.7976"
"10,41 : 0.172"
"41,10 : 0.172"
"10,42 : 0.3041"
"42,10 : 0.3041"
"10,43 : 0.5188"
"43,10 : 0.5188"
"10,44 : 0.3206"
"44,10 : 0.3206"
"10,45 : 0.8909"
"45,10 : 0.8909"
"10,46 : 0.3905"
"46,10 : 0.3905"
"10,47 : 0.5561"
"47,10 : 0.5561"
"10,48 : 0.7061"
"48,10 : 0.7061"
"10,49 : 0.5235"
"49,10 : 0.5235"
"11,12 : 0.4904"
"12,11 : 0.4904"
"11,13 : 0.6963"
"13,11 : 0.6963"
"11,14 : 0.3206"
"14,11 : 0.3206"
"11,15 : 0.3581"
"15,11 : 0.3581"
"11,16 : 0.4982"
"16,11 : 0.4982"
"11,17 : 0.4684"
"17,11 : 0.4684"
"11,18 : 0.458"
"18,11 : 0.458"
"11,19 : 0.6873"
"19,11 : 0.6873"
"11,20 : 0.7139"
"20,11 : 0.7139"
"11,21 : 0.37"
"21,11 : 0.37"
"11,22 : 0.9823"
"22,11 : 0.9823"
"11,23 : 0.473"
"23,11 : 0.473"
"11,24 : 0.4144"
"24,11 : 0.4144"
"11,25 : 0.5566"
"25,11 : 0.5566"
"11,26 : 0.5993"
"26,11 : 0.5993"
"11,27 : 0.8809"
"27,11 : 0.8809"
"11,28 : 0.6768"
"28,11 : 0.6768"
"11,29 : 0.405"
"29,11 : 0.405"
"11,30 : 0.114"
"30,11 : 0.114"
"11,31 : 0.706"
"31,11 : 0.706"
"11,32 : 0.7747"
"32,11 : 0.7747"
"11,33 : 0.481"
"33,11 : 0.481"
"11,34 : 0.1562"
"34,11 : 0.1562"
"11,35 : 0.117"
"35,11 : 0.117"
"11,36 : 0.5186"
"36,11 : 0.5186"
"11,37 : 0.3635"
"37,11 : 0.3635"
"11,38 : 0.9082"
"38,11 : 0.9082"
"11,39 : 0.7382"
"39,11 : 0.7382"
"11,40 : 0.7009"
"40,11 : 0.7009"
"11,41 : 0.3483"
"41,11 : 0.3483"
"11,42 : 0.5523"
"42,11 : 0.5523"
"11,43 : 0.6649"
"43,11 : 0.6649"
"11,44 : 0.43"
"44,11 : 0.43"
"11,45 : 0.6796"
"45,11 : 0.6796"
"11,46 : 0.8693"
"46,11 : 0.8693"
"11,47 : 0.0361"
"47,11 : 0.0361"
"11,48 : 0.4522"
"48,11 : 0.4522"
"11,49 : 0.4031"
"49,11 : 0.4031"
"12,13 : 0.4357"
"13,12 : 0.4357"
"12,14 : 0.1921"
"14,12 : 0.1921"
"12,15 : 0.1931"
"15,12 : 0.1931"
"12,16 : 0.2309"
"16,12 : 0.2309"
"12,17 : 0.6754"
"17,12 : 0.6754"
"12,18 : 0.164"
"18,12 : 0.164"
"12,19 : 0.6546"
"19,12 : 0.6546"
"12,20 : 0.65"
"20,12 : 0.65"
"12,21 : 0.1217"
"21,12 : 0.1217"
"12,22 : 0.6454"
"22,12 : 0.6454"
"12,23 : 0.4817"
"23,12 : 0.4817"
"12,24 : 0.1"
"24,12 : 0.1"
"12,25 : 0.0671"
"25,12 : 0.0671"
"12,26 : 0.8324"
"26,12 : 0.8324"
"12,27 : 0.5474"
"27,12 : 0.5474"
"12,28 : 0.2563"
"28,12 : 0.2563"
"12,29 : 0.85"
"29,12 : 0.85"
"12,30 : 0.5644"
"30,12 : 0.5644"
"12,31 : 0.4219"
"31,12 : 0.4219"
"12,32 : 0.3734"
"32,12 : 0.3734"
"12,33 : 0.7111"
"33,12 : 0.7111"
"12,34 : 0.3705"
"34,12 : 0.3705"
"12,35 : 0.3736"
"35,12 : 0.3736"
"12,36 : 0.2953"
"36,12 : 0.2953"
"12,37 : 0.8349"
"37,12 : 0.8349"
"12,38 : 1.0622"
"38,12 : 1.0622"
"12,39 : 0.8273"
"39,12 : 0.8273"
"12,40 : 0.38"
"40,12 : 0.38"
"12,41 : 0.7021"
"41,12 : 0.7021"
"12,42 : 0.6622"
"42,12 : 0.6622"
"12,43 : 0.6075"
"43,12 : 0.6075"
"12,44 : 0.5523"
"44,12 : 0.5523"
"12,45 : 0.2508"
"45,12 : 0.2508"
"12,46 : 1.0448"
"46,12 : 1.0448"
"12,47 : 0.481"
"47,12 : 0.481"
"12,48 : 0.1562"
"48,12 : 0.1562"
"12,49 : 0.3421"
"49,12 : 0.3421"
"13,14 : 0.5558"
"14,13 : 0.5558"
"13,15 : 0.3764"
"15,13 : 0.3764"
"13,16 : 0.6661"
"16,13 : 0.6661"
"13,17 : 0.5434"
"17,13 : 0.5434"
"13,18 : 0.3015"
"18,13 : 0.3015"
"13,19 : 0.3195"
"19,13 : 0.3195"
"13,20 : 0.2907"
"20,13 : 0.2907"
"13,21 : 0.4528"
"21,13 : 0.4528"
"13,22 : 0.29"
"22,13 : 0.29"
"13,23 : 0.3102"
"23,13 : 0.3102"
"13,24 : 0.5101"
"24,13 : 0.5101"
"13,25 : 0.4206"
"25,13 : 0.4206"
"13,26 : 0.6607"
"26,13 : 0.6607"
"13,27 : 0.1942"
"27,13 : 0.1942"
"13,28 : 0.2484"
"28,13 : 0.2484"
"13,29 : 0.8907"
"29,13 : 0.8907"
"13,30 : 0.7001"
"30,13 : 0.7001"
"13,31 : 0.0316"
"31,13 : 0.0316"
"13,32 : 0.2154"
"32,13 : 0.2154"
"13,33 : 0.5825"
"33,13 : 0.5825"
"13,34 : 0.5408"
"34,13 : 0.5408"
"13,35 : 0.6042"
"35,13 : 0.6042"
"13,36 : 0.1838"
"36,13 : 0.1838"
"13,37 : 0.9209"
"37,13 : 0.9209"
"13,38 : 0.7725"
"38,13 : 0.7725"
"13,39 : 0.5345"
"39,13 : 0.5345"
"13,40 : 0.086"
"40,13 : 0.086"
"13,41 : 0.6888"
"41,13 : 0.6888"
"13,42 : 0.4504"
"42,13 : 0.4504"
"13,43 : 0.272"
"43,13 : 0.272"
"13,44 : 0.4238"
"44,13 : 0.4238"
"13,45 : 0.2625"
"45,13 : 0.2625"
"13,46 : 0.7749"
"46,13 : 0.7749"
"13,47 : 0.7102"
"47,13 : 0.7102"
"13,48 : 0.3114"
"48,13 : 0.3114"
"13,49 : 0.2973"
"49,13 : 0.2973"
"14,15 : 0.1924"
"15,14 : 0.1924"
"14,16 : 0.2025"
"16,14 : 0.2025"
"14,17 : 0.6224"
"17,14 : 0.6224"
"14,18 : 0.255"
"18,14 : 0.255"
"14,19 : 0.6957"
"19,14 : 0.6957"
"14,20 : 0.7034"
"20,14 : 0.7034"
"14,21 : 0.1044"
"21,14 : 0.1044"
"14,22 : 0.8041"
"22,14 : 0.8041"
"14,23 : 0.4875"
"23,14 : 0.4875"
"14,24 : 0.0985"
"24,14 : 0.0985"
"14,25 : 0.2581"
"25,14 : 0.2581"
"14,26 : 0.779"
"26,14 : 0.779"
"14,27 : 0.7023"
"27,14 : 0.7023"
"14,28 : 0.4327"
"28,14 : 0.4327"
"14,29 : 0.7102"
"29,14 : 0.7102"
"14,30 : 0.413"
"30,14 : 0.413"
"14,31 : 0.5511"
"31,14 : 0.5511"
"14,32 : 0.5471"
"32,14 : 0.5471"
"14,33 : 0.6519"
"33,14 : 0.6519"
"14,34 : 0.2417"
"34,14 : 0.2417"
"14,35 : 0.211"
"35,14 : 0.211"
"14,36 : 0.3801"
"36,14 : 0.3801"
"14,37 : 0.6807"
"37,14 : 0.6807"
"14,38 : 1.0481"
"38,14 : 1.0481"
"14,39 : 0.8301"
"39,14 : 0.8301"
"14,40 : 0.522"
"40,14 : 0.522"
"14,41 : 0.5951"
"41,14 : 0.5951"
"14,42 : 0.6464"
"42,14 : 0.6464"
"14,43 : 0.6552"
"43,14 : 0.6552"
"14,44 : 0.5201"
"44,14 : 0.5201"
"14,45 : 0.4301"
"45,14 : 0.4301"
"14,46 : 1.0218"
"46,14 : 1.0218"
"14,47 : 0.3041"
"47,14 : 0.3041"
"14,48 : 0.2452"
"48,14 : 0.2452"
"14,49 : 0.3511"
"49,14 : 0.3511"
"15,16 : 0.3606"
"16,15 : 0.3606"
"15,17 : 0.4837"
"17,15 : 0.4837"
"15,18 : 0.1"
"18,15 : 0.1"
"15,19 : 0.507"
"19,15 : 0.507"
"15,20 : 0.5124"
"20,15 : 0.5124"
"15,21 : 0.1082"
"21,15 : 0.1082"
"15,22 : 0.645"
"22,15 : 0.645"
"15,23 : 0.3081"
"23,15 : 0.3081"
"15,24 : 0.1921"
"24,15 : 0.1921"
"15,25 : 0.2433"
"25,15 : 0.2433"
"15,26 : 0.6414"
"26,15 : 0.6414"
"15,27 : 0.542"
"27,15 : 0.542"
"15,28 : 0.3191"
"28,15 : 0.3191"
"15,29 : 0.6736"
"29,15 : 0.6736"
"15,30 : 0.405"
"30,15 : 0.405"
"15,31 : 0.377"
"31,15 : 0.377"
"15,32 : 0.4177"
"32,15 : 0.4177"
"15,33 : 0.5188"
"33,15 : 0.5188"
"15,34 : 0.2102"
"34,15 : 0.2102"
"15,35 : 0.2476"
"35,15 : 0.2476"
"15,36 : 0.1942"
"36,15 : 0.1942"
"15,37 : 0.6694"
"37,15 : 0.6694"
"15,38 : 0.8841"
"38,15 : 0.8841"
"15,39 : 0.656"
"39,15 : 0.656"
"15,40 : 0.3585"
"40,15 : 0.3585"
"15,41 : 0.5135"
"41,15 : 0.5135"
"15,42 : 0.4808"
"42,15 : 0.4808"
"15,43 : 0.4649"
"43,15 : 0.4649"
"15,44 : 0.364"
"44,15 : 0.364"
"15,45 : 0.3225"
"45,15 : 0.3225"
"15,46 : 0.8631"
"46,15 : 0.8631"
"15,47 : 0.3612"
"47,15 : 0.3612"
"15,48 : 0.0943"
"48,15 : 0.0943"
"15,49 : 0.1664"
"49,15 : 0.1664"
"16,17 : 0.8222"
"17,16 : 0.8222"
"16,18 : 0.3795"
"18,16 : 0.3795"
"16,19 : 0.8631"
"19,16 : 0.8631"
"16,20 : 0.8641"
"20,16 : 0.8641"
"16,21 : 0.2524"
"21,16 : 0.2524"
"16,22 : 0.8683"
"22,16 : 0.8683"
"16,23 : 0.6685"
"23,16 : 0.6685"
"16,24 : 0.17"
"24,16 : 0.17"
"16,25 : 0.2631"
"25,16 : 0.2631"
"16,26 : 0.9795"
"26,16 : 0.9795"
"16,27 : 0.7732"
"27,16 : 0.7732"
"16,28 : 0.4752"
"28,16 : 0.4752"
"16,29 : 0.8999"
"29,16 : 0.8999"
"16,30 : 0.6017"
"30,16 : 0.6017"
"16,31 : 0.6528"
"31,16 : 0.6528"
"16,32 : 0.5903"
"32,16 : 0.5903"
"16,33 : 0.8528"
"33,16 : 0.8528"
"16,34 : 0.4429"
"34,16 : 0.4429"
"16,35 : 0.4016"
"35,16 : 0.4016"
"16,36 : 0.5155"
"36,16 : 0.5155"
"16,37 : 0.8615"
"37,16 : 0.8615"
"16,38 : 1.2408"
"38,16 : 1.2408"
"16,39 : 1.0161"
"39,16 : 1.0161"
"16,40 : 0.6103"
"40,16 : 0.6103"
"16,41 : 0.7961"
"41,16 : 0.7961"
"16,42 : 0.8374"
"42,16 : 0.8374"
"16,43 : 0.8186"
"43,16 : 0.8186"
"16,44 : 0.7145"
"44,16 : 0.7145"
"16,45 : 0.4669"
"45,16 : 0.4669"
"16,46 : 1.217"
"46,16 : 1.217"
"16,47 : 0.4738"
"47,16 : 0.4738"
"16,48 : 0.37"
"48,16 : 0.37"
"16,49 : 0.527"
"49,16 : 0.527"
"17,18 : 0.5314"
"18,17 : 0.5314"
"17,19 : 0.3253"
"19,17 : 0.3253"
"17,20 : 0.368"
"20,17 : 0.368"
"17,21 : 0.5825"
"21,17 : 0.5825"
"17,22 : 0.8062"
"22,17 : 0.8062"
"17,23 : 0.2402"
"23,17 : 0.2402"
"17,24 : 0.6661"
"24,17 : 0.6661"
"17,25 : 0.7169"
"25,17 : 0.7169"
"17,26 : 0.1581"
"26,17 : 0.1581"
"17,27 : 0.7273"
"27,17 : 0.7273"
"17,28 : 0.6935"
"28,17 : 0.6935"
"17,29 : 0.3982"
"29,17 : 0.3982"
"17,30 : 0.3821"
"30,17 : 0.3821"
"17,31 : 0.5707"
"31,17 : 0.5707"
"17,32 : 0.7311"
"32,17 : 0.7311"
"17,33 : 0.04"
"33,17 : 0.04"
"17,34 : 0.4022"
"34,17 : 0.4022"
"17,35 : 0.4751"
"35,17 : 0.4751"
"17,36 : 0.4627"
"36,17 : 0.4627"
"17,37 : 0.4614"
"37,17 : 0.4614"
"17,38 : 0.4428"
"38,17 : 0.4428"
"17,39 : 0.2807"
"39,17 : 0.2807"
"17,40 : 0.6041"
"40,17 : 0.6041"
"17,41 : 0.2012"
"41,17 : 0.2012"
"17,42 : 0.1281"
"42,17 : 0.1281"
"17,43 : 0.336"
"43,17 : 0.336"
"17,44 : 0.1315"
"44,17 : 0.1315"
"17,45 : 0.7046"
"45,17 : 0.7046"
"17,46 : 0.4082"
"46,17 : 0.4082"
"17,47 : 0.5029"
"47,17 : 0.5029"
"17,48 : 0.5349"
"48,17 : 0.5349"
"17,49 : 0.3448"
"49,17 : 0.3448"
"18,19 : 0.4909"
"19,18 : 0.4909"
"18,20 : 0.4876"
"20,18 : 0.4876"
"18,21 : 0.1513"
"21,18 : 0.1513"
"18,22 : 0.5546"
"22,18 : 0.5546"
"18,23 : 0.322"
"23,18 : 0.322"
"18,24 : 0.2138"
"24,18 : 0.2138"
"18,25 : 0.1887"
"25,18 : 0.1887"
"18,26 : 0.6854"
"26,18 : 0.6854"
"18,27 : 0.4519"
"27,18 : 0.4519"
"18,28 : 0.2195"
"28,18 : 0.2195"
"18,29 : 0.7612"
"29,18 : 0.7612"
"18,30 : 0.5016"
"30,18 : 0.5016"
"18,31 : 0.2961"
"31,18 : 0.2961"
"18,32 : 0.3183"
"32,18 : 0.3183"
"18,33 : 0.5692"
"33,18 : 0.5692"
"18,34 : 0.3089"
"34,18 : 0.3089"
"18,35 : 0.3471"
"35,18 : 0.3471"
"18,36 : 0.136"
"36,18 : 0.136"
"18,37 : 0.7624"
"37,18 : 0.7624"
"18,38 : 0.9014"
"38,18 : 0.9014"
"18,39 : 0.6648"
"39,18 : 0.6648"
"18,40 : 0.2693"
"40,18 : 0.2693"
"18,41 : 0.59"
"41,18 : 0.59"
"18,42 : 0.5048"
"42,18 : 0.5048"
"18,43 : 0.4442"
"43,18 : 0.4442"
"18,44 : 0.4031"
"44,18 : 0.4031"
"18,45 : 0.2236"
"45,18 : 0.2236"
"18,46 : 0.886"
"46,18 : 0.886"
"18,47 : 0.461"
"47,18 : 0.461"
"18,48 : 0.01"
"48,18 : 0.01"
"18,49 : 0.1879"
"49,18 : 0.1879"
"19,20 : 0.0447"
"20,19 : 0.0447"
"19,21 : 0.6133"
"21,19 : 0.6133"
"19,22 : 0.5179"
"22,19 : 0.5179"
"19,23 : 0.2202"
"23,19 : 0.2202"
"19,24 : 0.6932"
"24,19 : 0.6932"
"19,25 : 0.6671"
"25,19 : 0.6671"
"19,26 : 0.3863"
"26,19 : 0.3863"
"19,27 : 0.46"
"27,19 : 0.46"
"19,28 : 0.5492"
"28,19 : 0.5492"
"19,29 : 0.7225"
"29,19 : 0.7225"
"19,30 : 0.6389"
"30,19 : 0.6389"
"19,31 : 0.3511"
"31,19 : 0.3511"
"19,32 : 0.5349"
"32,19 : 0.5349"
"19,33 : 0.3547"
"33,19 : 0.3547"
"19,34 : 0.56"
"34,19 : 0.56"
"19,35 : 0.6401"
"35,19 : 0.6401"
"19,36 : 0.3624"
"36,19 : 0.3624"
"19,37 : 0.7801"
"37,19 : 0.7801"
"19,38 : 0.4531"
"38,19 : 0.4531"
"19,39 : 0.2159"
"39,19 : 0.2159"
"19,40 : 0.4031"
"40,19 : 0.4031"
"19,41 : 0.5201"
"41,19 : 0.5201"
"19,42 : 0.1985"
"42,19 : 0.1985"
"19,43 : 0.05"
"43,19 : 0.05"
"19,44 : 0.2693"
"44,19 : 0.2693"
"19,45 : 0.563"
"45,19 : 0.563"
"19,46 : 0.4561"
"46,19 : 0.4561"
"19,47 : 0.7145"
"47,19 : 0.7145"
"19,48 : 0.4993"
"48,19 : 0.4993"
"19,49 : 0.3448"
"49,19 : 0.3448"
"20,21 : 0.6168"
"21,20 : 0.6168"
"20,22 : 0.4752"
"22,20 : 0.4752"
"20,23 : 0.2419"
"23,20 : 0.2419"
"20,24 : 0.6946"
"24,20 : 0.6946"
"20,25 : 0.658"
"25,20 : 0.658"
"20,26 : 0.4308"
"26,20 : 0.4308"
"20,27 : 0.4205"
"27,20 : 0.4205"
"20,28 : 0.528"
"28,20 : 0.528"
"20,29 : 0.7642"
"29,20 : 0.7642"
"20,30 : 0.6707"
"30,20 : 0.6707"
"20,31 : 0.322"
"31,20 : 0.322"
"20,32 : 0.5057"
"32,20 : 0.5057"
"20,33 : 0.3982"
"33,20 : 0.3982"
"20,34 : 0.5814"
"34,20 : 0.5814"
"20,35 : 0.6607"
"35,20 : 0.6607"
"20,36 : 0.3551"
"36,20 : 0.3551"
"20,37 : 0.8201"
"37,20 : 0.8201"
"20,38 : 0.4838"
"38,20 : 0.4838"
"20,39 : 0.2518"
"39,20 : 0.2518"
"20,40 : 0.3759"
"40,20 : 0.3759"
"20,41 : 0.5608"
"41,20 : 0.5608"
"20,42 : 0.2421"
"42,20 : 0.2421"
"20,43 : 0.05"
"43,20 : 0.05"
"20,44 : 0.3041"
"44,20 : 0.3041"
"20,45 : 0.542"
"45,20 : 0.542"
"20,46 : 0.4903"
"46,20 : 0.4903"
"20,47 : 0.7398"
"47,20 : 0.7398"
"20,48 : 0.4965"
"48,20 : 0.4965"
"20,49 : 0.3551"
"49,20 : 0.3551"
"21,22 : 0.7001"
"22,21 : 0.7001"
"21,23 : 0.4162"
"23,21 : 0.4162"
"21,24 : 0.0849"
"24,21 : 0.0849"
"21,25 : 0.1868"
"25,21 : 0.1868"
"21,26 : 0.7406"
"26,21 : 0.7406"
"21,27 : 0.5981"
"27,21 : 0.5981"
"21,28 : 0.3342"
"28,21 : 0.3342"
"21,29 : 0.7303"
"29,21 : 0.7303"
"21,30 : 0.4428"
"30,21 : 0.4428"
"21,31 : 0.4472"
"31,21 : 0.4472"
"21,32 : 0.4465"
"32,21 : 0.4465"
"21,33 : 0.6159"
"33,21 : 0.6159"
"21,34 : 0.25"
"34,21 : 0.25"
"21,35 : 0.253"
"35,21 : 0.253"
"21,36 : 0.2807"
"36,21 : 0.2807"
"21,37 : 0.7134"
"37,21 : 0.7134"
"21,38 : 0.9909"
"38,21 : 0.9909"
"21,39 : 0.764"
"39,21 : 0.764"
"21,40 : 0.4176"
"40,21 : 0.4176"
"21,41 : 0.5894"
"41,21 : 0.5894"
"21,42 : 0.5873"
"42,21 : 0.5873"
"21,43 : 0.5701"
"43,21 : 0.5701"
"21,44 : 0.4675"
"44,21 : 0.4675"
"21,45 : 0.333"
"45,21 : 0.333"
"21,46 : 0.9688"
"46,21 : 0.9688"
"21,47 : 0.3625"
"47,21 : 0.3625"
"21,48 : 0.1414"
"48,21 : 0.1414"
"21,49 : 0.2746"
"49,21 : 0.2746"
"22,23 : 0.5883"
"23,22 : 0.5883"
"22,24 : 0.7376"
"24,22 : 0.7376"
"22,25 : 0.6053"
"25,22 : 0.6053"
"22,26 : 0.8999"
"26,22 : 0.8999"
"22,27 : 0.103"
"27,22 : 0.103"
"22,28 : 0.3932"
"28,22 : 0.3932"
"22,29 : 1.1735"
"29,22 : 1.1735"
"22,30 : 0.9899"
"30,22 : 0.9899"
"22,31 : 0.2766"
"31,22 : 0.2766"
"22,32 : 0.2802"
"32,22 : 0.2802"
"22,33 : 0.8431"
"33,22 : 0.8431"
"22,34 : 0.8262"
"34,22 : 0.8262"
"22,35 : 0.8848"
"35,22 : 0.8848"
"22,36 : 0.464"
"36,22 : 0.464"
"22,37 : 1.208"
"37,22 : 1.208"
"22,38 : 0.9334"
"38,22 : 0.9334"
"22,39 : 0.7211"
"39,22 : 0.7211"
"22,40 : 0.2865"
"40,22 : 0.2865"
"22,41 : 0.969"
"41,22 : 0.969"
"22,42 : 0.6957"
"42,22 : 0.6957"
"22,43 : 0.4851"
"43,22 : 0.4851"
"22,44 : 0.6984"
"44,22 : 0.6984"
"22,45 : 0.402"
"45,22 : 0.402"
"22,46 : 0.9505"
"46,22 : 0.9505"
"22,47 : 0.994"
"47,22 : 0.994"
"22,48 : 0.5636"
"48,22 : 0.5636"
"22,49 : 0.5869"
"49,22 : 0.5869"
"23,24 : 0.5"
"24,23 : 0.5"
"23,25 : 0.5104"
"25,23 : 0.5104"
"23,26 : 0.3785"
"26,23 : 0.3785"
"23,27 : 0.5009"
"27,23 : 0.5009"
"23,28 : 0.4571"
"28,23 : 0.4571"
"23,29 : 0.5852"
"29,23 : 0.5852"
"23,30 : 0.4383"
"30,23 : 0.4383"
"23,31 : 0.3353"
"31,23 : 0.3353"
"23,32 : 0.4909"
"32,23 : 0.4909"
"23,33 : 0.2802"
"33,23 : 0.2802"
"23,34 : 0.3401"
"34,23 : 0.3401"
"23,35 : 0.42"
"35,23 : 0.42"
"23,36 : 0.228"
"36,23 : 0.228"
"23,37 : 0.6237"
"37,23 : 0.6237"
"23,38 : 0.5805"
"38,23 : 0.5805"
"23,39 : 0.3483"
"39,23 : 0.3483"
"23,40 : 0.365"
"40,23 : 0.365"
"23,41 : 0.3808"
"41,23 : 0.3808"
"23,42 : 0.1836"
"42,23 : 0.1836"
"23,43 : 0.1924"
"43,23 : 0.1924"
"23,44 : 0.114"
"44,23 : 0.114"
"23,45 : 0.4687"
"45,23 : 0.4687"
"23,46 : 0.564"
"46,23 : 0.564"
"23,47 : 0.4982"
"47,23 : 0.4982"
"23,48 : 0.328"
"48,23 : 0.328"
"23,49 : 0.1421"
"49,23 : 0.1421"
"24,25 : 0.1628"
"25,24 : 0.1628"
"24,26 : 0.8242"
"26,24 : 0.8242"
"24,27 : 0.6379"
"27,24 : 0.6379"
"24,28 : 0.3534"
"28,24 : 0.3534"
"24,29 : 0.794"
"29,24 : 0.794"
"24,30 : 0.5001"
"30,24 : 0.5001"
"24,31 : 0.5004"
"31,24 : 0.5004"
"24,32 : 0.4701"
"32,24 : 0.4701"
"24,33 : 0.6989"
"33,24 : 0.6989"
"24,34 : 0.3158"
"34,24 : 0.3158"
"24,35 : 0.3007"
"35,24 : 0.3007"
"24,36 : 0.3493"
"36,24 : 0.3493"
"24,37 : 0.7701"
"37,24 : 0.7701"
"24,38 : 1.0756"
"38,24 : 1.0756"
"24,39 : 0.8481"
"39,24 : 0.8481"
"24,40 : 0.4639"
"40,24 : 0.4639"
"24,41 : 0.6641"
"41,24 : 0.6641"
"24,42 : 0.6721"
"42,24 : 0.6721"
"24,43 : 0.6488"
"43,24 : 0.6488"
"24,44 : 0.5523"
"44,24 : 0.5523"
"24,45 : 0.3489"
"45,24 : 0.3489"
"24,46 : 1.0536"
"46,24 : 1.0536"
"24,47 : 0.4002"
"47,24 : 0.4002"
"24,48 : 0.204"
"48,24 : 0.204"
"24,49 : 0.3581"
"49,24 : 0.3581"
"25,26 : 0.8724"
"26,25 : 0.8724"
"25,27 : 0.5109"
"27,25 : 0.5109"
"25,28 : 0.2121"
"28,25 : 0.2121"
"25,29 : 0.9105"
"29,25 : 0.9105"
"25,30 : 0.628"
"30,25 : 0.628"
"25,31 : 0.4026"
"31,25 : 0.4026"
"25,32 : 0.3276"
"32,25 : 0.3276"
"25,33 : 0.7539"
"33,25 : 0.7539"
"25,34 : 0.4329"
"34,25 : 0.4329"
"25,35 : 0.4397"
"35,25 : 0.4397"
"25,36 : 0.3048"
"36,25 : 0.3048"
"25,37 : 0.8981"
"37,25 : 0.8981"
"25,38 : 1.0885"
"38,25 : 1.0885"
"25,39 : 0.8504"
"39,25 : 0.8504"
"25,40 : 0.3551"
"40,25 : 0.3551"
"25,41 : 0.7566"
"41,25 : 0.7566"
"25,42 : 0.6934"
"42,25 : 0.6934"
"25,43 : 0.6185"
"43,25 : 0.6185"
"25,44 : 0.5903"
"44,25 : 0.5903"
"25,45 : 0.204"
"45,25 : 0.204"
"25,46 : 1.0742"
"46,25 : 1.0742"
"25,47 : 0.5478"
"47,25 : 0.5478"
"25,48 : 0.1836"
"48,25 : 0.1836"
"25,49 : 0.3759"
"49,25 : 0.3759"
"26,27 : 0.8319"
"27,26 : 0.8319"
"26,28 : 0.8355"
"28,26 : 0.8355"
"26,29 : 0.4176"
"29,26 : 0.4176"
"26,30 : 0.4998"
"30,26 : 0.4998"
"26,31 : 0.6903"
"31,26 : 0.6903"
"26,32 : 0.8615"
"32,26 : 0.8615"
"26,33 : 0.1273"
"33,26 : 0.1273"
"26,34 : 0.5532"
"34,26 : 0.5532"
"26,35 : 0.622"
"35,26 : 0.622"
"26,36 : 0.6064"
"36,26 : 0.6064"
"26,37 : 0.5001"
"37,26 : 0.5001"
"26,38 : 0.3158"
"38,26 : 0.3158"
"26,39 : 0.2421"
"39,26 : 0.2421"
"26,40 : 0.7303"
"40,26 : 0.7303"
"26,41 : 0.2729"
"41,26 : 0.2729"
"26,42 : 0.2102"
"42,26 : 0.2102"
"26,43 : 0.4148"
"43,26 : 0.4148"
"26,44 : 0.2823"
"44,26 : 0.2823"
"26,45 : 0.8472"
"45,26 : 0.8472"
"26,46 : 0.272"
"46,26 : 0.272"
"26,47 : 0.6351"
"47,26 : 0.6351"
"26,48 : 0.6894"
"48,26 : 0.6894"
"26,49 : 0.4977"
"49,26 : 0.4977"
"27,28 : 0.3"
"28,27 : 0.3"
"27,29 : 1.0841"
"29,27 : 1.0841"
"27,30 : 0.8914"
"30,27 : 0.8914"
"27,31 : 0.1769"
"31,27 : 0.1769"
"27,32 : 0.1942"
"32,27 : 0.1942"
"27,33 : 0.7654"
"33,27 : 0.7654"
"27,34 : 0.7247"
"34,27 : 0.7247"
"27,35 : 0.7824"
"35,27 : 0.7824"
"27,36 : 0.3624"
"36,27 : 0.3624"
"27,37 : 1.115"
"37,27 : 1.115"
"27,38 : 0.8963"
"38,27 : 0.8963"
"27,39 : 0.6719"
"39,27 : 0.6719"
"27,40 : 0.1836"
"40,27 : 0.1836"
"27,41 : 0.8812"
"41,27 : 0.8812"
"27,42 : 0.6237"
"42,27 : 0.6237"
"27,43 : 0.4211"
"43,27 : 0.4211"
"27,44 : 0.6133"
"44,27 : 0.6133"
"27,45 : 0.3102"
"45,27 : 0.3102"
"27,46 : 0.908"
"46,27 : 0.908"
"27,47 : 0.892"
"47,27 : 0.892"
"27,48 : 0.461"
"48,27 : 0.461"
"27,49 : 0.4884"
"49,27 : 0.4884"
"28,29 : 0.9702"
"29,28 : 0.9702"
"28,30 : 0.7201"
"30,28 : 0.7201"
"28,31 : 0.222"
"31,28 : 0.222"
"28,32 : 0.117"
"32,28 : 0.117"
"28,33 : 0.7333"
"33,28 : 0.7333"
"28,34 : 0.5284"
"34,28 : 0.5284"
"28,35 : 0.564"
"35,28 : 0.564"
"28,36 : 0.2309"
"36,28 : 0.2309"
"28,37 : 0.9774"
"37,28 : 0.9774"
"28,38 : 0.9976"
"38,28 : 0.9976"
"28,39 : 0.7559"
"39,28 : 0.7559"
"28,40 : 0.1664"
"40,28 : 0.1664"
"28,41 : 0.7877"
"41,28 : 0.7877"
"28,42 : 0.6332"
"42,28 : 0.6332"
"28,43 : 0.4993"
"43,28 : 0.4993"
"28,44 : 0.5622"
"44,28 : 0.5622"
"28,45 : 0.0141"
"45,28 : 0.0141"
"28,46 : 0.9932"
"46,28 : 0.9932"
"28,47 : 0.678"
"47,28 : 0.678"
"28,48 : 0.2247"
"48,28 : 0.2247"
"28,49 : 0.3612"
"49,28 : 0.3612"
"29,30 : 0.2983"
"30,29 : 0.2983"
"29,31 : 0.9124"
"31,29 : 0.9124"
"29,32 : 1.0406"
"32,29 : 1.0406"
"29,33 : 0.3744"
"33,29 : 0.3744"
"29,34 : 0.4804"
"34,29 : 0.4804"
"29,35 : 0.5001"
"35,29 : 0.5001"
"29,36 : 0.7561"
"36,29 : 0.7561"
"29,37 : 0.0922"
"37,29 : 0.0922"
"29,38 : 0.7125"
"38,29 : 0.7125"
"29,39 : 0.6488"
"39,29 : 0.6488"
"29,40 : 0.9311"
"40,29 : 0.9311"
"29,41 : 0.2062"
"41,29 : 0.2062"
"29,42 : 0.5263"
"42,29 : 0.5263"
"29,43 : 0.7284"
"43,29 : 0.7284"
"29,44 : 0.478"
"44,29 : 0.478"
"29,45 : 0.9774"
"45,29 : 0.9774"
"29,46 : 0.6612"
"46,29 : 0.6612"
"29,47 : 0.4346"
"47,29 : 0.4346"
"29,48 : 0.7595"
"48,29 : 0.7595"
"29,49 : 0.6168"
"49,29 : 0.6168"
"30,31 : 0.7145"
"31,30 : 0.7145"
"30,32 : 0.8078"
"32,30 : 0.8078"
"30,33 : 0.3883"
"33,30 : 0.3883"
"30,34 : 0.1965"
"34,30 : 0.1965"
"30,35 : 0.2022"
"35,30 : 0.2022"
"30,36 : 0.5341"
"36,30 : 0.5341"
"30,37 : 0.2707"
"37,30 : 0.2707"
"30,38 : 0.8132"
"38,30 : 0.8132"
"30,39 : 0.6603"
"39,30 : 0.6603"
"30,40 : 0.7184"
"40,30 : 0.7184"
"30,41 : 0.2385"
"41,30 : 0.2385"
"30,42 : 0.4817"
"42,30 : 0.4817"
"30,43 : 0.6239"
"43,30 : 0.6239"
"30,44 : 0.3711"
"44,30 : 0.3711"
"30,45 : 0.725"
"45,30 : 0.725"
"30,46 : 0.7716"
"46,30 : 0.7716"
"30,47 : 0.1487"
"47,30 : 0.1487"
"30,48 : 0.4977"
"48,30 : 0.4977"
"30,49 : 0.4031"
"49,30 : 0.4031"
"31,32 : 0.1838"
"32,31 : 0.1838"
"31,33 : 0.61"
"33,31 : 0.61"
"31,34 : 0.55"
"34,31 : 0.55"
"31,35 : 0.6106"
"35,31 : 0.6106"
"31,36 : 0.1887"
"36,31 : 0.1887"
"31,37 : 0.9403"
"37,31 : 0.9403"
"31,38 : 0.8041"
"38,31 : 0.8041"
"31,39 : 0.5661"
"39,31 : 0.5661"
"31,40 : 0.0566"
"40,31 : 0.0566"
"31,41 : 0.7118"
"41,31 : 0.7118"
"31,42 : 0.4801"
"42,31 : 0.4801"
"31,43 : 0.3036"
"43,31 : 0.3036"
"31,44 : 0.4492"
"44,31 : 0.4492"
"31,45 : 0.236"
"45,31 : 0.236"
"31,46 : 0.8065"
"46,31 : 0.8065"
"31,47 : 0.7185"
"47,31 : 0.7185"
"31,48 : 0.3059"
"48,31 : 0.3059"
"31,49 : 0.3114"
"49,31 : 0.3114"
"32,33 : 0.771"
"33,32 : 0.771"
"32,34 : 0.622"
"34,32 : 0.622"
"32,35 : 0.6653"
"35,32 : 0.6653"
"32,36 : 0.2846"
"36,32 : 0.2846"
"32,37 : 1.056"
"37,32 : 1.056"
"32,38 : 0.9879"
"38,32 : 0.9879"
"32,39 : 0.7495"
"39,32 : 0.7495"
"32,40 : 0.1334"
"40,32 : 0.1334"
"32,41 : 0.849"
"41,32 : 0.849"
"32,42 : 0.6528"
"42,32 : 0.6528"
"32,43 : 0.487"
"43,32 : 0.487"
"32,44 : 0.603"
"44,32 : 0.603"
"32,45 : 0.1237"
"45,32 : 0.1237"
"32,46 : 0.9898"
"46,32 : 0.9898"
"32,47 : 0.779"
"47,32 : 0.779"
"32,48 : 0.3253"
"48,32 : 0.3253"
"32,49 : 0.4238"
"49,32 : 0.4238"
"33,34 : 0.4264"
"34,33 : 0.4264"
"33,35 : 0.4965"
"35,33 : 0.4965"
"33,36 : 0.5025"
"36,33 : 0.5025"
"33,37 : 0.4428"
"37,33 : 0.4428"
"33,38 : 0.4272"
"38,33 : 0.4272"
"33,39 : 0.2864"
"39,33 : 0.2864"
"33,40 : 0.6438"
"40,33 : 0.6438"
"33,41 : 0.1868"
"41,33 : 0.1868"
"33,42 : 0.1562"
"42,33 : 0.1562"
"33,43 : 0.3689"
"43,33 : 0.3689"
"33,44 : 0.1712"
"44,33 : 0.1712"
"33,45 : 0.7443"
"45,33 : 0.7443"
"33,46 : 0.3891"
"46,33 : 0.3891"
"33,47 : 0.5162"
"47,33 : 0.5162"
"33,48 : 0.5725"
"48,33 : 0.5725"
"33,49 : 0.3833"
"49,33 : 0.3833"
"34,35 : 0.0806"
"35,34 : 0.0806"
"34,36 : 0.3624"
"36,34 : 0.3624"
"34,37 : 0.4653"
"37,34 : 0.4653"
"34,38 : 0.8422"
"38,34 : 0.8422"
"34,39 : 0.6451"
"39,34 : 0.6451"
"34,40 : 0.5449"
"40,34 : 0.5449"
"34,41 : 0.3534"
"41,34 : 0.3534"
"34,42 : 0.4554"
"42,34 : 0.4554"
"34,43 : 0.5315"
"43,34 : 0.5315"
"34,44 : 0.3257"
"44,34 : 0.3257"
"34,45 : 0.5324"
"45,34 : 0.5324"
"34,46 : 0.8099"
"46,34 : 0.8099"
"34,47 : 0.17"
"47,34 : 0.17"
"34,48 : 0.3041"
"48,34 : 0.3041"
"34,49 : 0.2508"
"49,34 : 0.2508"
"35,36 : 0.4219"
"36,35 : 0.4219"
"35,37 : 0.4701"
"37,35 : 0.4701"
"35,38 : 0.9171"
"38,35 : 0.9171"
"35,39 : 0.7242"
"39,35 : 0.7242"
"35,40 : 0.6"
"40,35 : 0.6"
"35,41 : 0.4022"
"41,35 : 0.4022"
"35,42 : 0.5345"
"42,35 : 0.5345"
"35,43 : 0.6107"
"43,35 : 0.6107"
"35,44 : 0.4052"
"44,35 : 0.4052"
"35,45 : 0.5661"
"45,35 : 0.5661"
"35,46 : 0.8832"
"46,35 : 0.8832"
"35,47 : 0.114"
"47,35 : 0.114"
"35,48 : 0.3406"
"48,35 : 0.3406"
"35,49 : 0.3228"
"49,35 : 0.3228"
"36,37 : 0.7737"
"37,36 : 0.7737"
"36,38 : 0.7906"
"38,36 : 0.7906"
"36,39 : 0.55"
"39,36 : 0.55"
"36,40 : 0.1844"
"40,36 : 0.1844"
"36,41 : 0.5652"
"41,36 : 0.5652"
"36,42 : 0.4085"
"42,36 : 0.4085"
"36,43 : 0.314"
"43,36 : 0.314"
"36,44 : 0.3314"
"44,36 : 0.3314"
"36,45 : 0.2419"
"45,36 : 0.2419"
"36,46 : 0.7803"
"46,36 : 0.7803"
"36,47 : 0.5301"
"47,36 : 0.5301"
"36,48 : 0.1456"
"48,36 : 0.1456"
"36,49 : 0.1393"
"49,36 : 0.1393"
"37,38 : 0.801"
"38,37 : 0.801"
"37,39 : 0.7245"
"39,37 : 0.7245"
"37,40 : 0.9538"
"40,37 : 0.9538"
"37,41 : 0.2608"
"41,37 : 0.2608"
"37,42 : 0.5883"
"42,37 : 0.5883"
"37,43 : 0.781"
"43,37 : 0.781"
"37,44 : 0.5235"
"44,37 : 0.5235"
"37,45 : 0.9835"
"45,37 : 0.9835"
"37,46 : 0.7503"
"46,37 : 0.7503"
"37,47 : 0.3883"
"47,37 : 0.3883"
"37,48 : 0.7596"
"48,37 : 0.7596"
"37,49 : 0.6353"
"49,37 : 0.6353"
"38,39 : 0.2419"
"39,38 : 0.2419"
"38,40 : 0.8562"
"40,38 : 0.8562"
"38,41 : 0.5886"
"41,38 : 0.5886"
"38,42 : 0.4036"
"42,38 : 0.4036"
"38,43 : 0.5016"
"43,38 : 0.5016"
"38,44 : 0.528"
"44,38 : 0.528"
"38,45 : 1.0112"
"45,38 : 1.0112"
"38,46 : 0.0539"
"46,38 : 0.0539"
"38,47 : 0.9434"
"47,38 : 0.9434"
"38,48 : 0.9079"
"48,38 : 0.9079"
"38,49 : 0.7214"
"49,38 : 0.7214"
"39,40 : 0.6168"
"40,39 : 0.6168"
"39,41 : 0.473"
"41,39 : 0.473"
"39,42 : 0.1897"
"42,39 : 0.1897"
"39,43 : 0.2625"
"43,39 : 0.2625"
"39,44 : 0.3195"
"44,39 : 0.3195"
"39,45 : 0.7694"
"45,39 : 0.7694"
"39,46 : 0.2404"
"46,39 : 0.2404"
"39,47 : 0.771"
"47,39 : 0.771"
"39,48 : 0.6718"
"48,39 : 0.6718"
"39,49 : 0.4904"
"49,39 : 0.4904"
"40,41 : 0.7339"
"41,40 : 0.7339"
"40,42 : 0.5209"
"42,40 : 0.5209"
"40,43 : 0.3547"
"43,40 : 0.3547"
"40,44 : 0.4785"
"44,40 : 0.4785"
"40,45 : 0.1803"
"45,40 : 0.1803"
"40,46 : 0.857"
"46,40 : 0.857"
"40,47 : 0.7106"
"47,40 : 0.7106"
"40,48 : 0.2786"
"48,40 : 0.2786"
"40,49 : 0.3191"
"49,40 : 0.3191"
"41,42 : 0.3276"
"42,41 : 0.3276"
"41,43 : 0.5235"
"43,41 : 0.5235"
"41,44 : 0.272"
"44,41 : 0.272"
"41,45 : 0.7963"
"45,41 : 0.7963"
"41,46 : 0.5434"
"46,41 : 0.5434"
"41,47 : 0.3842"
"47,41 : 0.3842"
"41,48 : 0.5901"
"48,41 : 0.5901"
"41,49 : 0.4276"
"49,41 : 0.4276"
"42,43 : 0.2147"
"43,42 : 0.2147"
"42,44 : 0.13"
"44,42 : 0.13"
"42,45 : 0.6456"
"45,42 : 0.6456"
"42,46 : 0.3829"
"46,42 : 0.3829"
"42,47 : 0.5842"
"47,42 : 0.5842"
"42,48 : 0.5104"
"48,42 : 0.5104"
"42,49 : 0.3202"
"49,42 : 0.3202"
"43,44 : 0.2608"
