x,y
0.51,0.69
0.07,0.73
0.99,0.16
0.88,0.76
0.72,0.68
0.8,0.35
0.5,0.32
0.51,0.48
0.93,0.06
0.56,0.48
0.07,1.0
0.96,0.96
0.23,0.73
0.68,0.24
0.6,0.31
0.15,0.97
0.81,0.1
0.5,0.09
0.36,0.71
0.06,0.36
0.53,0.53
0.88,0.0
0.98,0.66
0.77,0.5
0.76,0.63
0.88,0.41
0.7,0.29
0.68,0.25
0.15,0.0
0.38,0.72
0.74,0.56
0.42,0.72
0.4,0.79
0.6,0.82
0.11,0.35
0.02,0.7
0.9,0.18
0.16,0.14
0.39,0.17
0.58,0.22
0.2,0.57
0.42,0.31
0.55,0.96
0.93,0.92
0.47,0.14
0.85,0.81
0.92,0.06
0.63,0.43
0.75,0.98
0.07,0.62

Distanze
"0,1 : 0.4418"
"1,0 : 0.4418"
"0,2 : 0.7151"
"2,0 : 0.7151"
"0,3 : 0.3766"
"3,0 : 0.3766"
"0,4 : 0.2102"
"4,0 : 0.2102"
"0,5 : 0.4469"
"5,0 : 0.4469"
"0,6 : 0.3701"
"6,0 : 0.3701"
"0,7 : 0.21"
"7,0 : 0.21"
"0,8 : 0.7572"
"8,0 : 0.7572"
"0,9 : 0.2159"
"9,0 : 0.2159"
"0,10 : 0.5382"
"10,0 : 0.5382"
"0,11 : 0.5248"
"11,0 : 0.5248"
"0,12 : 0.2828"
"12,0 : 0.2828"
"0,13 : 0.481"
"13,0 : 0.481"
"0,14 : 0.3905"
"14,0 : 0.3905"
"0,15 : 0.4561"
"15,0 : 0.4561"
"0,16 : 0.6619"
"16,0 : 0.6619"
"0,17 : 0.6001"
"17,0 : 0.6001"
"0,18 : 0.1513"
"18,0 : 0.1513"
"0,19 : 0.558"
"19,0 : 0.558"
"0,20 : 0.1612"
"20,0 : 0.1612"
"0,21 : 0.7829"
"21,0 : 0.7829"
"0,22 : 0.471"
"22,0 : 0.471"
"0,23 : 0.322"
"23,0 : 0.322"
"0,24 : 0.2571"
"24,0 : 0.2571"
"0,25 : 0.464"
"25,0 : 0.464"
"0,26 : 0.4428"
"26,0 : 0.4428"
"0,27 : 0.4717"
"27,0 : 0.4717"
"0,28 : 0.7783"
"28,0 : 0.7783"
"0,29 : 0.1334"
"29,0 : 0.1334"
"0,30 : 0.2642"
"30,0 : 0.2642"
"0,31 : 0.0949"
"31,0 : 0.0949"
"0,32 : 0.1487"
"32,0 : 0.1487"
"0,33 : 0.1581"
"33,0 : 0.1581"
"0,34 : 0.525"
"34,0 : 0.525"
"0,35 : 0.4901"
"35,0 : 0.4901"
"0,36 : 0.642"
"36,0 : 0.642"
"0,37 : 0.6519"
"37,0 : 0.6519"
"0,38 : 0.5337"
"38,0 : 0.5337"
"0,39 : 0.4752"
"39,0 : 0.4752"
"0,40 : 0.3324"
"40,0 : 0.3324"
"0,41 : 0.3905"
"41,0 : 0.3905"
"0,42 : 0.2729"
"42,0 : 0.2729"
"0,43 : 0.4789"
"43,0 : 0.4789"
"0,44 : 0.5515"
"44,0 : 0.5515"
"0,45 : 0.3606"
"45,0 : 0.3606"
"0,46 : 0.7517"
"46,0 : 0.7517"
"0,47 : 0.2864"
"47,0 : 0.2864"
"0,48 : 0.3764"
"48,0 : 0.3764"
"0,49 : 0.4455"
"49,0 : 0.4455"
"1,2 : 1.0823"
"2,1 : 1.0823"
"1,3 : 0.8106"
"3,1 : 0.8106"
"1,4 : 0.6519"
"4,1 : 0.6519"
"1,5 : 0.823"
"5,1 : 0.823"
"1,6 : 0.5941"
"6,1 : 0.5941"
"1,7 : 0.5061"
"7,1 : 0.5061"
"1,8 : 1.0902"
"8,1 : 1.0902"
"1,9 : 0.5501"
"9,1 : 0.5501"
"1,10 : 0.27"
"10,1 : 0.27"
"1,11 : 0.9192"
"11,1 : 0.9192"
"1,12 : 0.16"
"12,1 : 0.16"
"1,13 : 0.7824"
"13,1 : 0.7824"
"1,14 : 0.6762"
"14,1 : 0.6762"
"1,15 : 0.253"
"15,1 : 0.253"
"1,16 : 0.9719"
"16,1 : 0.9719"
"1,17 : 0.771"
"17,1 : 0.771"
"1,18 : 0.2907"
"18,1 : 0.2907"
"1,19 : 0.3701"
"19,1 : 0.3701"
"1,20 : 0.5016"
"20,1 : 0.5016"
"1,21 : 1.0904"
"21,1 : 1.0904"
"1,22 : 0.9127"
"22,1 : 0.9127"
"1,23 : 0.7368"
"23,1 : 0.7368"
"1,24 : 0.6972"
"24,1 : 0.6972"
"1,25 : 0.8709"
"25,1 : 0.8709"
"1,26 : 0.7684"
"26,1 : 0.7684"
"1,27 : 0.7762"
"27,1 : 0.7762"
"1,28 : 0.7344"
"28,1 : 0.7344"
"1,29 : 0.3102"
"29,1 : 0.3102"
"1,30 : 0.6912"
"30,1 : 0.6912"
"1,31 : 0.3501"
"31,1 : 0.3501"
"1,32 : 0.3354"
"32,1 : 0.3354"
"1,33 : 0.5376"
"33,1 : 0.5376"
"1,34 : 0.3821"
"34,1 : 0.3821"
"1,35 : 0.0583"
"35,1 : 0.0583"
"1,36 : 0.9957"
"36,1 : 0.9957"
"1,37 : 0.5968"
"37,1 : 0.5968"
"1,38 : 0.645"
"38,1 : 0.645"
"1,39 : 0.7212"
"39,1 : 0.7212"
"1,40 : 0.2062"
"40,1 : 0.2062"
"1,41 : 0.5467"
"41,1 : 0.5467"
"1,42 : 0.5323"
"42,1 : 0.5323"
"1,43 : 0.8807"
"43,1 : 0.8807"
"1,44 : 0.7128"
"44,1 : 0.7128"
"1,45 : 0.7841"
"45,1 : 0.7841"
"1,46 : 1.0823"
"46,1 : 1.0823"
"1,47 : 0.6353"
"47,1 : 0.6353"
"1,48 : 0.7245"
"48,1 : 0.7245"
"1,49 : 0.11"
"49,1 : 0.11"
"2,3 : 0.61"
"3,2 : 0.61"
"2,4 : 0.5859"
"4,2 : 0.5859"
"2,5 : 0.2687"
"5,2 : 0.2687"
"2,6 : 0.5155"
"6,2 : 0.5155"
"2,7 : 0.5769"
"7,2 : 0.5769"
"2,8 : 0.1166"
"8,2 : 0.1166"
"2,9 : 0.536"
"9,2 : 0.536"
"2,10 : 1.2458"
"10,2 : 1.2458"
"2,11 : 0.8006"
"11,2 : 0.8006"
"2,12 : 0.95"
"12,2 : 0.95"
"2,13 : 0.3202"
"13,2 : 0.3202"
"2,14 : 0.4179"
"14,2 : 0.4179"
"2,15 : 1.1669"
"15,2 : 1.1669"
"2,16 : 0.1897"
"16,2 : 0.1897"
"2,17 : 0.495"
"17,2 : 0.495"
"2,18 : 0.8363"
"18,2 : 0.8363"
"2,19 : 0.9513"
"19,2 : 0.9513"
"2,20 : 0.5903"
"20,2 : 0.5903"
"2,21 : 0.1942"
"21,2 : 0.1942"
"2,22 : 0.5001"
"22,2 : 0.5001"
"2,23 : 0.405"
"23,2 : 0.405"
"2,24 : 0.5233"
"24,2 : 0.5233"
"2,25 : 0.2731"
"25,2 : 0.2731"
"2,26 : 0.3178"
"26,2 : 0.3178"
"2,27 : 0.3228"
"27,2 : 0.3228"
"2,28 : 0.8551"
"28,2 : 0.8551"
"2,29 : 0.8281"
"29,2 : 0.8281"
"2,30 : 0.4717"
"30,2 : 0.4717"
"2,31 : 0.7991"
"31,2 : 0.7991"
"2,32 : 0.8631"
"32,2 : 0.8631"
"2,33 : 0.7666"
"33,2 : 0.7666"
"2,34 : 0.9003"
"34,2 : 0.9003"
"2,35 : 1.1102"
"35,2 : 1.1102"
"2,36 : 0.0922"
"36,2 : 0.0922"
"2,37 : 0.8302"
"37,2 : 0.8302"
"2,38 : 0.6001"
"38,2 : 0.6001"
"2,39 : 0.4144"
"39,2 : 0.4144"
"2,40 : 0.8901"
"40,2 : 0.8901"
"2,41 : 0.5894"
"41,2 : 0.5894"
"2,42 : 0.913"
"42,2 : 0.913"
"2,43 : 0.7624"
"43,2 : 0.7624"
"2,44 : 0.5204"
"44,2 : 0.5204"
"2,45 : 0.6649"
"45,2 : 0.6649"
"2,46 : 0.1221"
"46,2 : 0.1221"
"2,47 : 0.45"
"47,2 : 0.45"
"2,48 : 0.8544"
"48,2 : 0.8544"
"2,49 : 1.0286"
"49,2 : 1.0286"
"3,4 : 0.1789"
"4,3 : 0.1789"
"3,5 : 0.4177"
"5,3 : 0.4177"
"3,6 : 0.5814"
"6,3 : 0.5814"
"3,7 : 0.464"
"7,3 : 0.464"
"3,8 : 0.7018"
"8,3 : 0.7018"
"3,9 : 0.4252"
"9,3 : 0.4252"
"3,10 : 0.8448"
"10,3 : 0.8448"
"3,11 : 0.2154"
"11,3 : 0.2154"
"3,12 : 0.6507"
"12,3 : 0.6507"
"3,13 : 0.5571"
"13,3 : 0.5571"
"3,14 : 0.53"
"14,3 : 0.53"
"3,15 : 0.7596"
"15,3 : 0.7596"
"3,16 : 0.6637"
"16,3 : 0.6637"
"3,17 : 0.7703"
"17,3 : 0.7703"
"3,18 : 0.5224"
"18,3 : 0.5224"
"3,19 : 0.9124"
"19,3 : 0.9124"
"3,20 : 0.4188"
"20,3 : 0.4188"
"3,21 : 0.76"
"21,3 : 0.76"
"3,22 : 0.1414"
"22,3 : 0.1414"
"3,23 : 0.2823"
"23,3 : 0.2823"
"3,24 : 0.1769"
"24,3 : 0.1769"
"3,25 : 0.35"
"25,3 : 0.35"
"3,26 : 0.5033"
"26,3 : 0.5033"
"3,27 : 0.5478"
"27,3 : 0.5478"
"3,28 : 1.0538"
"28,3 : 1.0538"
"3,29 : 0.5016"
"29,3 : 0.5016"
"3,30 : 0.2441"
"30,3 : 0.2441"
"3,31 : 0.4617"
"31,3 : 0.4617"
"3,32 : 0.4809"
"32,3 : 0.4809"
"3,33 : 0.2864"
"33,3 : 0.2864"
"3,34 : 0.8724"
"34,3 : 0.8724"
"3,35 : 0.8621"
"35,3 : 0.8621"
"3,36 : 0.5803"
"36,3 : 0.5803"
"3,37 : 0.9502"
"37,3 : 0.9502"
"3,38 : 0.7669"
"38,3 : 0.7669"
"3,39 : 0.6177"
"39,3 : 0.6177"
"3,40 : 0.706"
"40,3 : 0.706"
"3,41 : 0.6435"
"41,3 : 0.6435"
"3,42 : 0.3859"
"42,3 : 0.3859"
"3,43 : 0.1676"
"43,3 : 0.1676"
"3,44 : 0.7433"
"44,3 : 0.7433"
"3,45 : 0.0583"
"45,3 : 0.0583"
"3,46 : 0.7011"
"46,3 : 0.7011"
"3,47 : 0.414"
"47,3 : 0.414"
"3,48 : 0.2555"
"48,3 : 0.2555"
"3,49 : 0.822"
"49,3 : 0.822"
"4,5 : 0.3396"
"5,4 : 0.3396"
"4,6 : 0.4219"
"6,4 : 0.4219"
"4,7 : 0.29"
"7,4 : 0.29"
"4,8 : 0.6546"
"8,4 : 0.6546"
"4,9 : 0.2561"
"9,4 : 0.2561"
"4,10 : 0.7245"
"10,4 : 0.7245"
"4,11 : 0.3688"
"11,4 : 0.3688"
"4,12 : 0.4925"
"12,4 : 0.4925"
"4,13 : 0.4418"
"13,4 : 0.4418"
"4,14 : 0.389"
"14,4 : 0.389"
"4,15 : 0.6395"
"15,4 : 0.6395"
"4,16 : 0.5869"
"16,4 : 0.5869"
"4,17 : 0.6297"
"17,4 : 0.6297"
"4,18 : 0.3612"
"18,4 : 0.3612"
"4,19 : 0.7335"
"19,4 : 0.7335"
"4,20 : 0.2421"
"20,4 : 0.2421"
"4,21 : 0.6986"
"21,4 : 0.6986"
"4,22 : 0.2608"
"22,4 : 0.2608"
"4,23 : 0.1868"
"23,4 : 0.1868"
"4,24 : 0.064"
"24,4 : 0.064"
"4,25 : 0.3138"
"25,4 : 0.3138"
"4,26 : 0.3905"
"26,4 : 0.3905"
"4,27 : 0.4319"
"27,4 : 0.4319"
"4,28 : 0.8873"
"28,4 : 0.8873"
"4,29 : 0.3423"
"29,4 : 0.3423"
"4,30 : 0.1217"
"30,4 : 0.1217"
"4,31 : 0.3027"
"31,4 : 0.3027"
"4,32 : 0.3384"
"32,4 : 0.3384"
"4,33 : 0.1844"
"33,4 : 0.1844"
"4,34 : 0.6935"
"34,4 : 0.6935"
"4,35 : 0.7003"
"35,4 : 0.7003"
"4,36 : 0.5314"
"36,4 : 0.5314"
"4,37 : 0.7779"
"37,4 : 0.7779"
"4,38 : 0.6075"
"38,4 : 0.6075"
"4,39 : 0.4808"
"39,4 : 0.4808"
"4,40 : 0.5315"
"40,4 : 0.5315"
"4,41 : 0.4763"
"41,4 : 0.4763"
"4,42 : 0.3276"
"42,4 : 0.3276"
"4,43 : 0.3189"
"43,4 : 0.3189"
"4,44 : 0.5951"
"44,4 : 0.5951"
"4,45 : 0.1838"
"45,4 : 0.1838"
"4,46 : 0.6515"
"46,4 : 0.6515"
"4,47 : 0.2657"
"47,4 : 0.2657"
"4,48 : 0.3015"
"48,4 : 0.3015"
"4,49 : 0.6528"
"49,4 : 0.6528"
"5,6 : 0.3015"
"6,5 : 0.3015"
"5,7 : 0.3178"
"7,5 : 0.3178"
"5,8 : 0.3178"
"8,5 : 0.3178"
"5,9 : 0.2729"
"9,5 : 0.2729"
"5,10 : 0.9774"
"10,5 : 0.9774"
"5,11 : 0.6306"
"11,5 : 0.6306"
"5,12 : 0.6851"
"12,5 : 0.6851"
"5,13 : 0.1628"
"13,5 : 0.1628"
"5,14 : 0.204"
"14,5 : 0.204"
"5,15 : 0.8983"
"15,5 : 0.8983"
"5,16 : 0.2502"
"16,5 : 0.2502"
"5,17 : 0.397"
"17,5 : 0.397"
"5,18 : 0.5685"
"18,5 : 0.5685"
"5,19 : 0.7401"
"19,5 : 0.7401"
"5,20 : 0.3245"
"20,5 : 0.3245"
"5,21 : 0.359"
"21,5 : 0.359"
"5,22 : 0.3585"
"22,5 : 0.3585"
"5,23 : 0.153"
"23,5 : 0.153"
"5,24 : 0.2828"
"24,5 : 0.2828"
"5,25 : 0.1"
"25,5 : 0.1"
"5,26 : 0.1166"
"26,5 : 0.1166"
"5,27 : 0.1562"
"27,5 : 0.1562"
"5,28 : 0.7382"
"28,5 : 0.7382"
"5,29 : 0.5597"
"29,5 : 0.5597"
"5,30 : 0.2184"
"30,5 : 0.2184"
"5,31 : 0.5304"
"31,5 : 0.5304"
"5,32 : 0.5946"
"32,5 : 0.5946"
"5,33 : 0.5108"
"33,5 : 0.5108"
"5,34 : 0.69"
"34,5 : 0.69"
"5,35 : 0.8549"
"35,5 : 0.8549"
"5,36 : 0.1972"
"36,5 : 0.1972"
"5,37 : 0.6736"
"37,5 : 0.6736"
"5,38 : 0.4478"
"38,5 : 0.4478"
"5,39 : 0.2555"
"39,5 : 0.2555"
"5,40 : 0.6391"
"40,5 : 0.6391"
"5,41 : 0.3821"
"41,5 : 0.3821"
"5,42 : 0.6592"
"42,5 : 0.6592"
"5,43 : 0.5846"
"43,5 : 0.5846"
"5,44 : 0.3912"
"44,5 : 0.3912"
"5,45 : 0.4627"
"45,5 : 0.4627"
"5,46 : 0.3138"
"46,5 : 0.3138"
"5,47 : 0.1879"
"47,5 : 0.1879"
"5,48 : 0.632"
"48,5 : 0.632"
"5,49 : 0.7783"
"49,5 : 0.7783"
"6,7 : 0.1603"
"7,6 : 0.1603"
"6,8 : 0.5025"
"8,6 : 0.5025"
"6,9 : 0.1709"
"9,6 : 0.1709"
"6,10 : 0.8045"
"10,6 : 0.8045"
"6,11 : 0.7882"
"11,6 : 0.7882"
"6,12 : 0.4909"
"12,6 : 0.4909"
"6,13 : 0.197"
"13,6 : 0.197"
"6,14 : 0.1005"
"14,6 : 0.1005"
"6,15 : 0.7382"
"15,6 : 0.7382"
"6,16 : 0.3801"
"16,6 : 0.3801"
"6,17 : 0.23"
"17,6 : 0.23"
"6,18 : 0.4144"
"18,6 : 0.4144"
"6,19 : 0.4418"
"19,6 : 0.4418"
"6,20 : 0.2121"
"20,6 : 0.2121"
"6,21 : 0.4968"
"21,6 : 0.4968"
"6,22 : 0.5882"
"22,6 : 0.5882"
"6,23 : 0.3245"
"23,6 : 0.3245"
"6,24 : 0.4046"
"24,6 : 0.4046"
"6,25 : 0.3905"
"25,6 : 0.3905"
"6,26 : 0.2022"
"26,6 : 0.2022"
"6,27 : 0.1931"
"27,6 : 0.1931"
"6,28 : 0.4742"
"28,6 : 0.4742"
"6,29 : 0.4176"
"29,6 : 0.4176"
"6,30 : 0.3394"
"30,6 : 0.3394"
"6,31 : 0.4079"
"31,6 : 0.4079"
"6,32 : 0.4805"
"32,6 : 0.4805"
"6,33 : 0.5099"
"33,6 : 0.5099"
"6,34 : 0.3912"
"34,6 : 0.3912"
"6,35 : 0.6122"
"35,6 : 0.6122"
"6,36 : 0.4238"
"36,6 : 0.4238"
"6,37 : 0.3847"
"37,6 : 0.3847"
"6,38 : 0.186"
"38,6 : 0.186"
"6,39 : 0.1281"
"39,6 : 0.1281"
"6,40 : 0.3905"
"40,6 : 0.3905"
"6,41 : 0.0806"
"41,6 : 0.0806"
"6,42 : 0.642"
"42,6 : 0.642"
"6,43 : 0.7382"
"43,6 : 0.7382"
"6,44 : 0.1825"
"44,6 : 0.1825"
"6,45 : 0.6022"
"45,6 : 0.6022"
"6,46 : 0.494"
"46,6 : 0.494"
"6,47 : 0.1703"
"47,6 : 0.1703"
"6,48 : 0.7058"
"48,6 : 0.7058"
"6,49 : 0.5243"
"49,6 : 0.5243"
"7,8 : 0.594"
"8,7 : 0.594"
"7,9 : 0.05"
"9,7 : 0.05"
"7,10 : 0.6812"
"10,7 : 0.6812"
"7,11 : 0.658"
"11,7 : 0.658"
"7,12 : 0.3754"
"12,7 : 0.3754"
"7,13 : 0.2941"
"13,7 : 0.2941"
"7,14 : 0.1924"
"14,7 : 0.1924"
"7,15 : 0.608"
"15,7 : 0.608"
"7,16 : 0.4841"
"16,7 : 0.4841"
"7,17 : 0.3901"
"17,7 : 0.3901"
"7,18 : 0.2746"
"18,7 : 0.2746"
"7,19 : 0.4657"
"19,7 : 0.4657"
"7,20 : 0.0539"
"20,7 : 0.0539"
"7,21 : 0.6061"
"21,7 : 0.6061"
"7,22 : 0.5033"
"22,7 : 0.5033"
"7,23 : 0.2608"
"23,7 : 0.2608"
"7,24 : 0.2915"
"24,7 : 0.2915"
"7,25 : 0.3766"
"25,7 : 0.3766"
"7,26 : 0.2687"
"26,7 : 0.2687"
"7,27 : 0.286"
"27,7 : 0.286"
"7,28 : 0.6"
"28,7 : 0.6"
"7,29 : 0.2729"
"29,7 : 0.2729"
"7,30 : 0.2435"
"30,7 : 0.2435"
"7,31 : 0.2563"
"31,7 : 0.2563"
"7,32 : 0.3289"
"32,7 : 0.3289"
"7,33 : 0.3517"
"33,7 : 0.3517"
"7,34 : 0.4206"
"34,7 : 0.4206"
"7,35 : 0.5371"
"35,7 : 0.5371"
"7,36 : 0.492"
"36,7 : 0.492"
"7,37 : 0.488"
"37,7 : 0.488"
"7,38 : 0.3324"
"38,7 : 0.3324"
"7,39 : 0.2693"
"39,7 : 0.2693"
"7,40 : 0.3228"
"40,7 : 0.3228"
"7,41 : 0.1924"
"41,7 : 0.1924"
"7,42 : 0.4817"
"42,7 : 0.4817"
"7,43 : 0.6083"
"43,7 : 0.6083"
"7,44 : 0.3423"
"44,7 : 0.3423"
"7,45 : 0.4738"
"45,7 : 0.4738"
"7,46 : 0.5869"
"46,7 : 0.5869"
"7,47 : 0.13"
"47,7 : 0.13"
"7,48 : 0.5546"
"48,7 : 0.5546"
"7,49 : 0.4617"
"49,7 : 0.4617"
"8,9 : 0.5597"
"9,8 : 0.5597"
"8,10 : 1.274"
"10,8 : 1.274"
"8,11 : 0.9005"
"11,8 : 0.9005"
"8,12 : 0.969"
"12,8 : 0.969"
"8,13 : 0.3081"
"13,8 : 0.3081"
"8,14 : 0.414"
"14,8 : 0.414"
"8,15 : 1.1985"
"15,8 : 1.1985"
"8,16 : 0.1265"
"16,8 : 0.1265"
"8,17 : 0.431"
"17,8 : 0.431"
"8,18 : 0.8645"
"18,8 : 0.8645"
"8,19 : 0.9203"
"19,8 : 0.9203"
"8,20 : 0.6172"
"20,8 : 0.6172"
"8,21 : 0.0781"
"21,8 : 0.0781"
"8,22 : 0.6021"
"22,8 : 0.6021"
"8,23 : 0.4682"
"23,8 : 0.4682"
"8,24 : 0.5948"
"24,8 : 0.5948"
"8,25 : 0.3536"
"25,8 : 0.3536"
"8,26 : 0.3253"
"26,8 : 0.3253"
"8,27 : 0.314"
"27,8 : 0.314"
"8,28 : 0.7823"
"28,8 : 0.7823"
"8,29 : 0.8591"
"29,8 : 0.8591"
"8,30 : 0.5349"
"30,8 : 0.5349"
"8,31 : 0.8341"
"31,8 : 0.8341"
"8,32 : 0.9021"
"32,8 : 0.9021"
"8,33 : 0.8286"
"33,8 : 0.8286"
"8,34 : 0.8698"
"34,8 : 0.8698"
"8,35 : 1.1125"
"35,8 : 1.1125"
"8,36 : 0.1237"
"36,8 : 0.1237"
"8,37 : 0.7741"
"37,8 : 0.7741"
"8,38 : 0.5511"
"38,8 : 0.5511"
"8,39 : 0.3848"
"39,8 : 0.3848"
"8,40 : 0.8905"
"40,8 : 0.8905"
"8,41 : 0.568"
"41,8 : 0.568"
"8,42 : 0.9769"
"42,8 : 0.9769"
"8,43 : 0.86"
"43,8 : 0.86"
"8,44 : 0.4669"
"44,8 : 0.4669"
"8,45 : 0.7543"
"45,8 : 0.7543"
"8,46 : 0.01"
"46,8 : 0.01"
"8,47 : 0.4763"
"47,8 : 0.4763"
"8,48 : 0.9374"
"48,8 : 0.9374"
"8,49 : 1.0263"
"49,8 : 1.0263"
"9,10 : 0.7145"
"10,9 : 0.7145"
"9,11 : 0.6248"
"11,9 : 0.6248"
"9,12 : 0.414"
"12,9 : 0.414"
"9,13 : 0.2683"
"13,9 : 0.2683"
"9,14 : 0.1746"
"14,9 : 0.1746"
"9,15 : 0.6389"
"15,9 : 0.6389"
"9,16 : 0.4549"
"16,9 : 0.4549"
"9,17 : 0.3946"
"17,9 : 0.3946"
"9,18 : 0.3048"
"18,9 : 0.3048"
"9,19 : 0.5142"
"19,9 : 0.5142"
"9,20 : 0.0583"
"20,9 : 0.0583"
"9,21 : 0.5769"
"21,9 : 0.5769"
"9,22 : 0.4569"
"22,9 : 0.4569"
"9,23 : 0.211"
"23,9 : 0.211"
"9,24 : 0.25"
"24,9 : 0.25"
"9,25 : 0.3276"
"25,9 : 0.3276"
"9,26 : 0.236"
"26,9 : 0.236"
"9,27 : 0.2594"
"27,9 : 0.2594"
"9,28 : 0.6313"
"28,9 : 0.6313"
"9,29 : 0.3"
"29,9 : 0.3"
"9,30 : 0.197"
"30,9 : 0.197"
"9,31 : 0.2778"
"31,9 : 0.2778"
"9,32 : 0.3489"
"32,9 : 0.3489"
"9,33 : 0.3423"
"33,9 : 0.3423"
"9,34 : 0.4684"
"34,9 : 0.4684"
"9,35 : 0.5831"
"35,9 : 0.5831"
"9,36 : 0.4534"
"36,9 : 0.4534"
"9,37 : 0.525"
"37,9 : 0.525"
"9,38 : 0.3536"
"38,9 : 0.3536"
"9,39 : 0.2608"
"39,9 : 0.2608"
"9,40 : 0.3711"
"40,9 : 0.3711"
"9,41 : 0.2202"
"41,9 : 0.2202"
"9,42 : 0.4801"
"42,9 : 0.4801"
"9,43 : 0.5749"
"43,9 : 0.5749"
"9,44 : 0.3517"
"44,9 : 0.3517"
"9,45 : 0.4393"
"45,9 : 0.4393"
"9,46 : 0.5532"
"46,9 : 0.5532"
"9,47 : 0.086"
"47,9 : 0.086"
"9,48 : 0.5349"
"48,9 : 0.5349"
"9,49 : 0.5096"
"49,9 : 0.5096"
"10,11 : 0.8909"
"11,10 : 0.8909"
"10,12 : 0.3138"
"12,10 : 0.3138"
"10,13 : 0.9745"
"13,10 : 0.9745"
"10,14 : 0.8701"
"14,10 : 0.8701"
"10,15 : 0.0854"
"15,10 : 0.0854"
"10,16 : 1.1652"
"16,10 : 1.1652"
"10,17 : 1.0065"
"17,10 : 1.0065"
"10,18 : 0.4101"
"18,10 : 0.4101"
"10,19 : 0.6401"
"19,10 : 0.6401"
"10,20 : 0.6576"
"20,10 : 0.6576"
"10,21 : 1.2869"
"21,10 : 1.2869"
"10,22 : 0.9714"
"22,10 : 0.9714"
"10,23 : 0.8602"
"23,10 : 0.8602"
"10,24 : 0.7829"
"24,10 : 0.7829"
"10,25 : 1.0021"
"25,10 : 1.0021"
"10,26 : 0.9492"
"26,10 : 0.9492"
"10,27 : 0.9667"
"27,10 : 0.9667"
"10,28 : 1.0032"
"28,10 : 1.0032"
"10,29 : 0.4177"
"29,10 : 0.4177"
"10,30 : 0.8016"
"30,10 : 0.8016"
"10,31 : 0.4482"
"31,10 : 0.4482"
"10,32 : 0.3912"
"32,10 : 0.3912"
"10,33 : 0.5597"
"33,10 : 0.5597"
"10,34 : 0.6512"
"34,10 : 0.6512"
"10,35 : 0.3041"
"35,10 : 0.3041"
"10,36 : 1.1667"
"36,10 : 1.1667"
"10,37 : 0.8647"
"37,10 : 0.8647"
"10,38 : 0.8896"
"38,10 : 0.8896"
"10,39 : 0.9319"
"39,10 : 0.9319"
"10,40 : 0.4492"
"40,10 : 0.4492"
"10,41 : 0.7737"
"41,10 : 0.7737"
"10,42 : 0.4817"
"42,10 : 0.4817"
"10,43 : 0.8637"
"43,10 : 0.8637"
"10,44 : 0.9485"
"44,10 : 0.9485"
"10,45 : 0.8028"
"45,10 : 0.8028"
"10,46 : 1.2673"
"46,10 : 1.2673"
"10,47 : 0.7991"
"47,10 : 0.7991"
"10,48 : 0.6803"
"48,10 : 0.6803"
"10,49 : 0.38"
"49,10 : 0.38"
"11,12 : 0.7654"
"12,11 : 0.7654"
"11,13 : 0.7725"
"13,11 : 0.7725"
"11,14 : 0.743"
"14,11 : 0.743"
"11,15 : 0.8101"
"15,11 : 0.8101"
"11,16 : 0.873"
"16,11 : 0.873"
"11,17 : 0.9841"
"17,11 : 0.9841"
"11,18 : 0.65"
"18,11 : 0.65"
"11,19 : 1.0817"
"19,11 : 1.0817"
"11,20 : 0.6081"
"20,11 : 0.6081"
"11,21 : 0.9633"
"21,11 : 0.9633"
"11,22 : 0.3007"
"22,11 : 0.3007"
"11,23 : 0.4977"
"23,11 : 0.4977"
"11,24 : 0.3859"
"24,11 : 0.3859"
"11,25 : 0.5558"
"25,11 : 0.5558"
"11,26 : 0.7187"
"26,11 : 0.7187"
"11,27 : 0.7632"
"27,11 : 0.7632"
"11,28 : 1.2561"
"28,11 : 1.2561"
"11,29 : 0.6277"
"29,11 : 0.6277"
"11,30 : 0.4565"
"30,11 : 0.4565"
"11,31 : 0.5909"
"31,11 : 0.5909"
"11,32 : 0.5852"
"32,11 : 0.5852"
"11,33 : 0.3863"
"33,11 : 0.3863"
"11,34 : 1.0462"
"34,11 : 1.0462"
"11,35 : 0.9753"
"35,11 : 0.9753"
"11,36 : 0.7823"
"36,11 : 0.7823"
"11,37 : 1.1456"
"37,11 : 1.1456"
"11,38 : 0.9742"
"38,11 : 0.9742"
"11,39 : 0.8319"
"39,11 : 0.8319"
"11,40 : 0.8542"
"40,11 : 0.8542"
"11,41 : 0.845"
"41,11 : 0.845"
"11,42 : 0.41"
"42,11 : 0.41"
"11,43 : 0.05"
"43,11 : 0.05"
"11,44 : 0.9552"
"44,11 : 0.9552"
"11,45 : 0.186"
"45,11 : 0.186"
"11,46 : 0.9009"
"46,11 : 0.9009"
"11,47 : 0.6243"
"47,11 : 0.6243"
"11,48 : 0.211"
"48,11 : 0.211"
"11,49 : 0.9527"
"49,11 : 0.9527"
"12,13 : 0.6653"
"13,12 : 0.6653"
"12,14 : 0.5597"
"14,12 : 0.5597"
"12,15 : 0.253"
"15,12 : 0.253"
"12,16 : 0.8563"
"16,12 : 0.8563"
"12,17 : 0.6946"
"17,12 : 0.6946"
"12,18 : 0.1315"
"18,12 : 0.1315"
"12,19 : 0.4072"
"19,12 : 0.4072"
"12,20 : 0.3606"
"20,12 : 0.3606"
"12,21 : 0.9774"
"21,12 : 0.9774"
"12,22 : 0.7533"
"22,12 : 0.7533"
"12,23 : 0.5869"
"23,12 : 0.5869"
"12,24 : 0.5394"
"24,12 : 0.5394"
"12,25 : 0.7245"
"25,12 : 0.7245"
"12,26 : 0.6438"
"26,12 : 0.6438"
"12,27 : 0.658"
"27,12 : 0.658"
"12,28 : 0.7344"
"28,12 : 0.7344"
"12,29 : 0.1503"
"29,12 : 0.1503"
"12,30 : 0.5376"
"30,12 : 0.5376"
"12,31 : 0.1903"
"31,12 : 0.1903"
"12,32 : 0.1803"
"32,12 : 0.1803"
"12,33 : 0.3808"
"33,12 : 0.3808"
"12,34 : 0.3985"
"34,12 : 0.3985"
"12,35 : 0.2121"
"35,12 : 0.2121"
"12,36 : 0.8668"
"36,12 : 0.8668"
"12,37 : 0.5941"
"37,12 : 0.5941"
"12,38 : 0.5824"
"38,12 : 0.5824"
"12,39 : 0.6185"
"39,12 : 0.6185"
"12,40 : 0.1628"
"40,12 : 0.1628"
"12,41 : 0.461"
"41,12 : 0.461"
"12,42 : 0.3941"
"42,12 : 0.3941"
"12,43 : 0.7253"
"43,12 : 0.7253"
"12,44 : 0.6369"
"44,12 : 0.6369"
"12,45 : 0.6251"
"45,12 : 0.6251"
"12,46 : 0.9618"
"46,12 : 0.9618"
"12,47 : 0.5"
"47,12 : 0.5"
"12,48 : 0.577"
"48,12 : 0.577"
"12,49 : 0.1942"
"49,12 : 0.1942"
"13,14 : 0.1063"
"14,13 : 0.1063"
"13,15 : 0.9021"
"15,13 : 0.9021"
"13,16 : 0.191"
"16,13 : 0.191"
"13,17 : 0.2343"
"17,13 : 0.2343"
"13,18 : 0.5686"
"18,13 : 0.5686"
"13,19 : 0.6315"
"19,13 : 0.6315"
"13,20 : 0.3265"
"20,13 : 0.3265"
"13,21 : 0.3124"
"21,13 : 0.3124"
"13,22 : 0.5161"
"22,13 : 0.5161"
"13,23 : 0.2751"
"23,13 : 0.2751"
"13,24 : 0.3981"
"24,13 : 0.3981"
"13,25 : 0.2625"
"25,13 : 0.2625"
"13,26 : 0.0539"
"26,13 : 0.0539"
"13,27 : 0.01"
"27,13 : 0.01"
"13,28 : 0.5818"
"28,13 : 0.5818"
"13,29 : 0.566"
"29,13 : 0.566"
"13,30 : 0.3256"
"30,13 : 0.3256"
"13,31 : 0.5459"
"31,13 : 0.5459"
"13,32 : 0.6172"
"32,13 : 0.6172"
"13,33 : 0.5855"
"33,13 : 0.5855"
"13,34 : 0.5805"
"34,13 : 0.5805"
"13,35 : 0.8045"
"35,13 : 0.8045"
"13,36 : 0.228"
"36,13 : 0.228"
"13,37 : 0.5295"
"37,13 : 0.5295"
"13,38 : 0.2983"
"38,13 : 0.2983"
"13,39 : 0.102"
"39,13 : 0.102"
"13,40 : 0.5825"
"40,13 : 0.5825"
"13,41 : 0.2693"
"41,13 : 0.2693"
"13,42 : 0.7316"
"42,13 : 0.7316"
"13,43 : 0.7245"
"43,13 : 0.7245"
"13,44 : 0.2326"
"44,13 : 0.2326"
"13,45 : 0.5948"
"45,13 : 0.5948"
"13,46 : 0.3"
"46,13 : 0.3"
"13,47 : 0.1965"
"47,13 : 0.1965"
"13,48 : 0.7433"
"48,13 : 0.7433"
"13,49 : 0.7187"
"49,13 : 0.7187"
"14,15 : 0.7988"
"15,14 : 0.7988"
"14,16 : 0.297"
"16,14 : 0.297"
"14,17 : 0.2417"
"17,14 : 0.2417"
"14,18 : 0.4665"
"18,14 : 0.4665"
"14,19 : 0.5423"
"19,14 : 0.5423"
"14,20 : 0.2309"
"20,14 : 0.2309"
"14,21 : 0.4177"
"21,14 : 0.4177"
"14,22 : 0.5166"
"22,14 : 0.5166"
"14,23 : 0.255"
"23,14 : 0.255"
"14,24 : 0.3578"
"24,14 : 0.3578"
"14,25 : 0.2973"
"25,14 : 0.2973"
"14,26 : 0.102"
"26,14 : 0.102"
"14,27 : 0.1"
"27,14 : 0.1"
"14,28 : 0.5464"
"28,14 : 0.5464"
"14,29 : 0.4653"
"29,14 : 0.4653"
"14,30 : 0.2865"
"30,14 : 0.2865"
"14,31 : 0.4478"
"31,14 : 0.4478"
"14,32 : 0.52"
"32,14 : 0.52"
"14,33 : 0.51"
"33,14 : 0.51"
"14,34 : 0.4916"
"34,14 : 0.4916"
"14,35 : 0.6989"
"35,14 : 0.6989"
"14,36 : 0.327"
"36,14 : 0.327"
"14,37 : 0.4717"
"37,14 : 0.4717"
"14,38 : 0.2524"
"38,14 : 0.2524"
"14,39 : 0.0922"
"39,14 : 0.0922"
"14,40 : 0.4771"
"40,14 : 0.4771"
"14,41 : 0.18"
"41,14 : 0.18"
"14,42 : 0.6519"
"42,14 : 0.6519"
"14,43 : 0.6935"
"43,14 : 0.6935"
"14,44 : 0.214"
"44,14 : 0.214"
"14,45 : 0.559"
"45,14 : 0.559"
"14,46 : 0.4061"
"46,14 : 0.4061"
"14,47 : 0.1237"
"47,14 : 0.1237"
"14,48 : 0.6866"
"48,14 : 0.6866"
"14,49 : 0.614"
"49,14 : 0.614"
"15,16 : 1.092"
"16,15 : 1.092"
"15,17 : 0.947"
"17,15 : 0.947"
"15,18 : 0.3342"
"18,15 : 0.3342"
"15,19 : 0.6166"
"19,15 : 0.6166"
"15,20 : 0.5814"
"20,15 : 0.5814"
"15,21 : 1.214"
"21,15 : 1.214"
"15,22 : 0.886"
"22,15 : 0.886"
"15,23 : 0.778"
"23,15 : 0.778"
"15,24 : 0.6984"
"24,15 : 0.6984"
"15,25 : 0.9201"
"25,15 : 0.9201"
"15,26 : 0.8746"
"26,15 : 0.8746"
"15,27 : 0.894"
"27,15 : 0.894"
"15,28 : 0.97"
"28,15 : 0.97"
"15,29 : 0.3397"
"29,15 : 0.3397"
"15,30 : 0.7185"
"30,15 : 0.7185"
"15,31 : 0.368"
"31,15 : 0.368"
"15,32 : 0.3081"
"32,15 : 0.3081"
"15,33 : 0.4743"
"33,15 : 0.4743"
"15,34 : 0.6213"
"34,15 : 0.6213"
"15,35 : 0.2997"
"35,15 : 0.2997"
"15,36 : 1.0893"
"36,15 : 1.0893"
"15,37 : 0.8301"
"37,15 : 0.8301"
"15,38 : 0.8352"
"38,15 : 0.8352"
"15,39 : 0.8645"
"39,15 : 0.8645"
"15,40 : 0.4031"
"40,15 : 0.4031"
"15,41 : 0.7131"
"41,15 : 0.7131"
"15,42 : 0.4001"
"42,15 : 0.4001"
"15,43 : 0.7816"
"43,15 : 0.7816"
"15,44 : 0.8896"
"44,15 : 0.8896"
"15,45 : 0.7181"
"45,15 : 0.7181"
"15,46 : 1.1921"
"46,15 : 1.1921"
"15,47 : 0.7225"
"47,15 : 0.7225"
"15,48 : 0.6001"
"48,15 : 0.6001"
"15,49 : 0.359"
"49,15 : 0.359"
"16,17 : 0.3102"
"17,16 : 0.3102"
"16,18 : 0.758"
"18,16 : 0.758"
"16,19 : 0.7938"
"19,16 : 0.7938"
"16,20 : 0.5131"
"20,16 : 0.5131"
"16,21 : 0.1221"
"21,16 : 0.1221"
"16,22 : 0.5852"
"22,16 : 0.5852"
"16,23 : 0.402"
"23,16 : 0.402"
"16,24 : 0.5324"
"24,16 : 0.5324"
"16,25 : 0.3178"
"25,16 : 0.3178"
"16,26 : 0.2195"
"26,16 : 0.2195"
"16,27 : 0.1985"
"27,16 : 0.1985"
"16,28 : 0.6675"
"28,16 : 0.6675"
"16,29 : 0.7545"
"29,16 : 0.7545"
"16,30 : 0.4653"
"30,16 : 0.4653"
"16,31 : 0.7325"
"31,16 : 0.7325"
"16,32 : 0.8026"
"32,16 : 0.8026"
"16,33 : 0.75"
"33,16 : 0.75"
"16,34 : 0.7433"
"34,16 : 0.7433"
"16,35 : 0.992"
"35,16 : 0.992"
"16,36 : 0.1204"
"36,16 : 0.1204"
"16,37 : 0.6512"
"37,16 : 0.6512"
"16,38 : 0.4258"
"38,16 : 0.4258"
"16,39 : 0.2594"
"39,16 : 0.2594"
"16,40 : 0.7701"
"40,16 : 0.7701"
"16,41 : 0.4429"
"41,16 : 0.4429"
"16,42 : 0.8984"
"42,16 : 0.8984"
"16,43 : 0.8287"
"43,16 : 0.8287"
"16,44 : 0.3423"
"44,16 : 0.3423"
"16,45 : 0.7111"
"45,16 : 0.7111"
"16,46 : 0.117"
"46,16 : 0.117"
"16,47 : 0.3759"
"47,16 : 0.3759"
"16,48 : 0.882"
"48,16 : 0.882"
"16,49 : 0.9044"
"49,16 : 0.9044"
"17,18 : 0.6356"
"18,17 : 0.6356"
"17,19 : 0.5162"
"19,17 : 0.5162"
"17,20 : 0.441"
"20,17 : 0.441"
"17,21 : 0.3905"
"21,17 : 0.3905"
"17,22 : 0.7452"
"22,17 : 0.7452"
"17,23 : 0.4909"
"23,17 : 0.4909"
"17,24 : 0.5993"
"24,17 : 0.5993"
"17,25 : 0.4968"
"25,17 : 0.4968"
"17,26 : 0.2828"
"26,17 : 0.2828"
"17,27 : 0.2408"
"27,17 : 0.2408"
"17,28 : 0.3614"
"28,17 : 0.3614"
"17,29 : 0.6413"
"29,17 : 0.6413"
"17,30 : 0.5277"
"30,17 : 0.5277"
"17,31 : 0.6351"
"31,17 : 0.6351"
"17,32 : 0.7071"
"32,17 : 0.7071"
"17,33 : 0.7368"
"33,17 : 0.7368"
"17,34 : 0.4687"
"34,17 : 0.4687"
"17,35 : 0.7762"
"35,17 : 0.7762"
"17,36 : 0.41"
"36,17 : 0.41"
"17,37 : 0.3437"
"37,17 : 0.3437"
"17,38 : 0.136"
"38,17 : 0.136"
"17,39 : 0.1526"
"39,17 : 0.1526"
"17,40 : 0.566"
"40,17 : 0.566"
"17,41 : 0.2341"
"41,17 : 0.2341"
"17,42 : 0.8714"
"42,17 : 0.8714"
"17,43 : 0.9348"
"43,17 : 0.9348"
"17,44 : 0.0583"
"44,17 : 0.0583"
"17,45 : 0.8006"
"45,17 : 0.8006"
"17,46 : 0.4211"
"46,17 : 0.4211"
"17,47 : 0.364"
"47,17 : 0.364"
"17,48 : 0.9244"
"48,17 : 0.9244"
"17,49 : 0.6825"
"49,17 : 0.6825"
"18,19 : 0.461"
"19,18 : 0.461"
"18,20 : 0.2476"
"20,18 : 0.2476"
"18,21 : 0.8801"
"21,18 : 0.8801"
"18,22 : 0.622"
"22,18 : 0.622"
"18,23 : 0.4607"
"23,18 : 0.4607"
"18,24 : 0.4079"
"24,18 : 0.4079"
"18,25 : 0.6003"
"25,18 : 0.6003"
"18,26 : 0.5404"
"26,18 : 0.5404"
"18,27 : 0.5604"
"27,18 : 0.5604"
"18,28 : 0.7404"
"28,18 : 0.7404"
"18,29 : 0.0224"
"29,18 : 0.0224"
"18,30 : 0.4085"
"30,18 : 0.4085"
"18,31 : 0.0608"
"31,18 : 0.0608"
"18,32 : 0.0894"
"32,18 : 0.0894"
"18,33 : 0.264"
"33,18 : 0.264"
"18,34 : 0.4383"
"34,18 : 0.4383"
"18,35 : 0.3401"
"35,18 : 0.3401"
"18,36 : 0.7566"
"36,18 : 0.7566"
"18,37 : 0.6041"
"37,18 : 0.6041"
"18,38 : 0.5408"
"38,18 : 0.5408"
"18,39 : 0.5371"
"39,18 : 0.5371"
"18,40 : 0.2126"
"40,18 : 0.2126"
"18,41 : 0.4045"
"41,18 : 0.4045"
"18,42 : 0.314"
"42,18 : 0.314"
"18,43 : 0.6075"
"43,18 : 0.6075"
"18,44 : 0.5805"
"44,18 : 0.5805"
"18,45 : 0.5001"
"45,18 : 0.5001"
"18,46 : 0.858"
"46,18 : 0.858"
"18,47 : 0.389"
"47,18 : 0.389"
"18,48 : 0.4743"
"48,18 : 0.4743"
"18,49 : 0.3036"
"49,18 : 0.3036"
"19,20 : 0.4998"
"20,19 : 0.4998"
"19,21 : 0.8955"
"21,19 : 0.8955"
"19,22 : 0.9677"
"22,19 : 0.9677"
"19,23 : 0.7237"
"23,19 : 0.7237"
"19,24 : 0.7503"
"24,19 : 0.7503"
"19,25 : 0.8215"
"25,19 : 0.8215"
"19,26 : 0.6438"
"26,19 : 0.6438"
"19,27 : 0.6297"
"27,19 : 0.6297"
"19,28 : 0.3711"
"28,19 : 0.3711"
"19,29 : 0.4817"
"29,19 : 0.4817"
"19,30 : 0.7088"
"30,19 : 0.7088"
"19,31 : 0.5091"
"31,19 : 0.5091"
"19,32 : 0.5482"
"32,19 : 0.5482"
"19,33 : 0.7094"
"33,19 : 0.7094"
"19,34 : 0.051"
"34,19 : 0.051"
"19,35 : 0.3423"
"35,19 : 0.3423"
"19,36 : 0.8591"
"36,19 : 0.8591"
"19,37 : 0.2417"
"37,19 : 0.2417"
"19,38 : 0.3808"
"38,19 : 0.3808"
"19,39 : 0.5385"
"39,19 : 0.5385"
"19,40 : 0.2524"
"40,19 : 0.2524"
"19,41 : 0.3635"
"41,19 : 0.3635"
"19,42 : 0.7747"
"42,19 : 0.7747"
"19,43 : 1.0346"
"43,19 : 1.0346"
"19,44 : 0.4653"
"44,19 : 0.4653"
"19,45 : 0.9092"
"45,19 : 0.9092"
"19,46 : 0.9108"
"46,19 : 0.9108"
"19,47 : 0.5743"
"47,19 : 0.5743"
"19,48 : 0.9276"
"48,19 : 0.9276"
"19,49 : 0.2602"
"49,19 : 0.2602"
"20,21 : 0.6351"
"21,20 : 0.6351"
"20,22 : 0.4684"
"22,20 : 0.4684"
"20,23 : 0.2419"
"23,20 : 0.2419"
"20,24 : 0.2508"
"24,20 : 0.2508"
"20,25 : 0.37"
"25,20 : 0.37"
"20,26 : 0.2941"
"26,20 : 0.2941"
"20,27 : 0.3176"
"27,20 : 0.3176"
"20,28 : 0.6522"
"28,20 : 0.6522"
"20,29 : 0.2421"
"29,20 : 0.2421"
"20,30 : 0.2121"
"30,20 : 0.2121"
"20,31 : 0.2195"
"31,20 : 0.2195"
"20,32 : 0.2907"
"32,20 : 0.2907"
"20,33 : 0.2983"
"33,20 : 0.2983"
"20,34 : 0.4569"
"34,20 : 0.4569"
"20,35 : 0.5376"
"35,20 : 0.5376"
"20,36 : 0.5093"
"36,20 : 0.5093"
"20,37 : 0.5376"
"37,20 : 0.5376"
"20,38 : 0.3863"
"38,20 : 0.3863"
"20,39 : 0.314"
"39,20 : 0.314"
"20,40 : 0.3324"
"40,20 : 0.3324"
"20,41 : 0.246"
"41,20 : 0.246"
"20,42 : 0.4305"
"42,20 : 0.4305"
"20,43 : 0.5587"
"43,20 : 0.5587"
"20,44 : 0.3946"
"44,20 : 0.3946"
"20,45 : 0.4252"
"45,20 : 0.4252"
"20,46 : 0.6107"
"46,20 : 0.6107"
"20,47 : 0.1414"
"47,20 : 0.1414"
"20,48 : 0.5009"
"48,20 : 0.5009"
"20,49 : 0.4687"
"49,20 : 0.4687"
"21,22 : 0.6675"
"22,21 : 0.6675"
"21,23 : 0.512"
"23,21 : 0.512"
"21,24 : 0.6413"
"24,21 : 0.6413"
"21,25 : 0.41"
"25,21 : 0.41"
"21,26 : 0.3413"
"26,21 : 0.3413"
"21,27 : 0.3202"
"27,21 : 0.3202"
"21,28 : 0.73"
"28,21 : 0.73"
"21,29 : 0.8766"
"29,21 : 0.8766"
"21,30 : 0.5772"
"30,21 : 0.5772"
"21,31 : 0.8544"
"31,21 : 0.8544"
"21,32 : 0.9244"
"32,21 : 0.9244"
"21,33 : 0.8665"
"33,21 : 0.8665"
"21,34 : 0.8458"
"34,21 : 0.8458"
"21,35 : 1.1089"
"35,21 : 1.1089"
"21,36 : 0.1811"
"36,21 : 0.1811"
"21,37 : 0.7335"
"37,21 : 0.7335"
"21,38 : 0.5187"
"38,21 : 0.5187"
"21,39 : 0.372"
"39,21 : 0.372"
"21,40 : 0.8873"
"40,21 : 0.8873"
"21,41 : 0.5547"
"41,21 : 0.5547"
"21,42 : 1.0151"
"42,21 : 1.0151"
"21,43 : 0.9214"
"43,21 : 0.9214"
"21,44 : 0.4332"
"44,21 : 0.4332"
"21,45 : 0.8106"
"45,21 : 0.8106"
"21,46 : 0.0721"
"46,21 : 0.0721"
"21,47 : 0.4974"
"47,21 : 0.4974"
"21,48 : 0.9886"
"48,21 : 0.9886"
"21,49 : 1.02"
"49,21 : 1.02"
"22,23 : 0.264"
"23,22 : 0.264"
"22,24 : 0.222"
"24,22 : 0.222"
"22,25 : 0.2693"
"25,22 : 0.2693"
"22,26 : 0.464"
"26,22 : 0.464"
"22,27 : 0.508"
"27,22 : 0.508"
"22,28 : 1.0604"
"28,22 : 1.0604"
"22,29 : 0.603"
"29,22 : 0.603"
"22,30 : 0.26"
"30,22 : 0.26"
"22,31 : 0.5632"
"31,22 : 0.5632"
"22,32 : 0.5944"
"32,22 : 0.5944"
"22,33 : 0.4123"
"33,22 : 0.4123"
"22,34 : 0.9236"
"34,22 : 0.9236"
"22,35 : 0.9608"
"35,22 : 0.9608"
"22,36 : 0.4866"
"36,22 : 0.4866"
"22,37 : 0.971"
"37,22 : 0.971"
"22,38 : 0.7669"
"38,22 : 0.7669"
"22,39 : 0.5946"
"39,22 : 0.5946"
"22,40 : 0.7852"
"40,22 : 0.7852"
"22,41 : 0.6604"
"41,22 : 0.6604"
"22,42 : 0.5243"
"42,22 : 0.5243"
"22,43 : 0.2648"
"43,22 : 0.2648"
"22,44 : 0.7284"
"44,22 : 0.7284"
"22,45 : 0.1985"
"45,22 : 0.1985"
"22,46 : 0.603"
"46,22 : 0.603"
"22,47 : 0.4188"
"47,22 : 0.4188"
"22,48 : 0.3941"
"48,22 : 0.3941"
"22,49 : 0.9109"
"49,22 : 0.9109"
"23,24 : 0.1304"
"24,23 : 0.1304"
"23,25 : 0.1421"
"25,23 : 0.1421"
"23,26 : 0.2214"
"26,23 : 0.2214"
"23,27 : 0.2657"
"27,23 : 0.2657"
"23,28 : 0.7965"
"28,23 : 0.7965"
"23,29 : 0.4478"
"29,23 : 0.4478"
"23,30 : 0.0671"
"30,23 : 0.0671"
"23,31 : 0.4134"
"31,23 : 0.4134"
"23,32 : 0.4701"
"32,23 : 0.4701"
"23,33 : 0.3624"
"33,23 : 0.3624"
"23,34 : 0.6768"
"34,23 : 0.6768"
"23,35 : 0.7762"
"35,23 : 0.7762"
"23,36 : 0.3454"
"36,23 : 0.3454"
"23,37 : 0.7083"
"37,23 : 0.7083"
"23,38 : 0.5033"
"38,23 : 0.5033"
"23,39 : 0.3384"
"39,23 : 0.3384"
"23,40 : 0.5743"
"40,23 : 0.5743"
"23,41 : 0.3982"
"41,23 : 0.3982"
"23,42 : 0.5099"
"42,23 : 0.5099"
"23,43 : 0.4494"
"43,23 : 0.4494"
"23,44 : 0.4686"
"44,23 : 0.4686"
"23,45 : 0.3202"
"45,23 : 0.3202"
"23,46 : 0.4649"
"46,23 : 0.4649"
"23,47 : 0.1565"
"47,23 : 0.1565"
"23,48 : 0.4804"
"48,23 : 0.4804"
"23,49 : 0.7102"
"49,23 : 0.7102"
"24,25 : 0.2506"
"25,24 : 0.2506"
"24,26 : 0.3453"
"26,24 : 0.3453"
"24,27 : 0.3883"
"27,24 : 0.3883"
"24,28 : 0.8769"
"28,24 : 0.8769"
"24,29 : 0.3905"
"29,24 : 0.3905"
"24,30 : 0.0728"
"30,24 : 0.0728"
"24,31 : 0.3517"
"31,24 : 0.3517"
"24,32 : 0.394"
"32,24 : 0.394"
"24,33 : 0.2484"
"33,24 : 0.2484"
"24,34 : 0.7077"
"34,24 : 0.7077"
"24,35 : 0.7433"
"35,24 : 0.7433"
"24,36 : 0.4713"
"36,24 : 0.4713"
"24,37 : 0.7747"
"37,24 : 0.7747"
"24,38 : 0.5903"
"38,24 : 0.5903"
"24,39 : 0.4478"
"39,24 : 0.4478"
"24,40 : 0.5632"
"40,24 : 0.5632"
"24,41 : 0.4669"
"41,24 : 0.4669"
"24,42 : 0.3912"
"42,24 : 0.3912"
"24,43 : 0.3362"
"43,24 : 0.3362"
"24,44 : 0.5694"
"44,24 : 0.5694"
"24,45 : 0.2012"
"45,24 : 0.2012"
"24,46 : 0.592"
"46,24 : 0.592"
"24,47 : 0.2385"
"47,24 : 0.2385"
"24,48 : 0.3501"
"48,24 : 0.3501"
"24,49 : 0.6901"
"49,24 : 0.6901"
"25,26 : 0.2163"
"26,25 : 0.2163"
"25,27 : 0.2561"
"27,25 : 0.2561"
"25,28 : 0.8373"
"28,25 : 0.8373"
"25,29 : 0.5883"
"29,25 : 0.5883"
"25,30 : 0.2052"
"30,25 : 0.2052"
"25,31 : 0.5547"
"31,25 : 0.5547"
"25,32 : 0.6122"
"32,25 : 0.6122"
"25,33 : 0.4965"
"33,25 : 0.4965"
"25,34 : 0.7723"
"34,25 : 0.7723"
"25,35 : 0.9076"
"35,25 : 0.9076"
"25,36 : 0.2309"
"36,25 : 0.2309"
"25,37 : 0.769"
"37,25 : 0.769"
"25,38 : 0.5456"
"38,25 : 0.5456"
"25,39 : 0.3551"
"39,25 : 0.3551"
"25,40 : 0.6986"
"40,25 : 0.6986"
"25,41 : 0.4707"
"41,25 : 0.4707"
"25,42 : 0.6414"
"42,25 : 0.6414"
"25,43 : 0.5124"
"43,25 : 0.5124"
"25,44 : 0.4909"
"44,25 : 0.4909"
"25,45 : 0.4011"
"45,25 : 0.4011"
"25,46 : 0.3523"
"46,25 : 0.3523"
"25,47 : 0.2508"
"47,25 : 0.2508"
"25,48 : 0.5846"
"48,25 : 0.5846"
"25,49 : 0.8368"
"49,25 : 0.8368"
"26,27 : 0.0447"
"27,26 : 0.0447"
"26,28 : 0.6218"
"28,26 : 0.6218"
"26,29 : 0.536"
"29,26 : 0.536"
"26,30 : 0.2729"
"30,26 : 0.2729"
"26,31 : 0.5131"
"31,26 : 0.5131"
"26,32 : 0.5831"
"32,26 : 0.5831"
"26,33 : 0.5394"
"33,26 : 0.5394"
"26,34 : 0.593"
"34,26 : 0.593"
"26,35 : 0.794"
"35,26 : 0.794"
"26,36 : 0.2283"
"36,26 : 0.2283"
"26,37 : 0.5604"
"37,26 : 0.5604"
"26,38 : 0.3324"
"38,26 : 0.3324"
"26,39 : 0.1389"
"39,26 : 0.1389"
"26,40 : 0.5731"
"40,26 : 0.5731"
"26,41 : 0.2807"
"41,26 : 0.2807"
"26,42 : 0.6866"
"42,26 : 0.6866"
"26,43 : 0.6707"
"43,26 : 0.6707"
"26,44 : 0.2746"
"44,26 : 0.2746"
"26,45 : 0.5412"
"45,26 : 0.5412"
"26,46 : 0.3183"
"46,26 : 0.3183"
"26,47 : 0.1565"
"47,26 : 0.1565"
"26,48 : 0.6918"
"48,26 : 0.6918"
"26,49 : 0.7112"
"49,26 : 0.7112"
"27,28 : 0.586"
"28,27 : 0.586"
"27,29 : 0.5576"
"29,27 : 0.5576"
"27,30 : 0.3158"
"30,27 : 0.3158"
"27,31 : 0.5371"
"31,27 : 0.5371"
"27,32 : 0.6083"
"32,27 : 0.6083"
"27,33 : 0.5756"
"33,27 : 0.5756"
"27,34 : 0.5787"
"34,27 : 0.5787"
"27,35 : 0.7988"
"35,27 : 0.7988"
"27,36 : 0.2309"
"36,27 : 0.2309"
"27,37 : 0.5315"
"37,27 : 0.5315"
"27,38 : 0.3008"
"38,27 : 0.3008"
"27,39 : 0.1044"
"39,27 : 0.1044"
"27,40 : 0.5769"
"40,27 : 0.5769"
"27,41 : 0.2668"
"41,27 : 0.2668"
"27,42 : 0.7218"
"42,27 : 0.7218"
"27,43 : 0.7151"
"43,27 : 0.7151"
"27,44 : 0.2371"
"44,27 : 0.2371"
"27,45 : 0.5852"
"45,27 : 0.5852"
"27,46 : 0.3061"
"46,27 : 0.3061"
"27,47 : 0.1868"
"47,27 : 0.1868"
"27,48 : 0.7333"
"48,27 : 0.7333"
"27,49 : 0.7134"
"49,27 : 0.7134"
"28,29 : 0.7558"
"29,28 : 0.7558"
"28,30 : 0.8134"
"30,28 : 0.8134"
"28,31 : 0.769"
"31,28 : 0.769"
"28,32 : 0.8286"
"32,28 : 0.8286"
"28,33 : 0.9354"
"33,28 : 0.9354"
"28,34 : 0.3523"
"34,28 : 0.3523"
"28,35 : 0.712"
"35,28 : 0.712"
"28,36 : 0.7713"
"36,28 : 0.7713"
"28,37 : 0.1404"
"37,28 : 0.1404"
"28,38 : 0.2941"
"38,28 : 0.2941"
"28,39 : 0.483"
"39,28 : 0.483"
"28,40 : 0.5722"
"40,28 : 0.5722"
"28,41 : 0.4111"
"41,28 : 0.4111"
"28,42 : 1.04"
"42,28 : 1.04"
"28,43 : 1.2062"
"43,28 : 1.2062"
"28,44 : 0.3493"
"44,28 : 0.3493"
"28,45 : 1.0706"
"45,28 : 1.0706"
"28,46 : 0.7723"
"46,28 : 0.7723"
"28,47 : 0.6444"
"47,28 : 0.6444"
"28,48 : 1.1491"
"48,28 : 1.1491"
"28,49 : 0.6251"
"49,28 : 0.6251"
"29,30 : 0.394"
"30,29 : 0.394"
"29,31 : 0.04"
"31,29 : 0.04"
"29,32 : 0.0728"
"32,29 : 0.0728"
"29,33 : 0.2417"
"33,29 : 0.2417"
"29,34 : 0.458"
"34,29 : 0.458"
"29,35 : 0.3606"
"35,29 : 0.3606"
"29,36 : 0.7497"
"36,29 : 0.7497"
"29,37 : 0.6203"
"37,29 : 0.6203"
"29,38 : 0.5501"
"38,29 : 0.5501"
"29,39 : 0.5385"
"39,29 : 0.5385"
"29,40 : 0.2343"
"40,29 : 0.2343"
"29,41 : 0.4119"
"41,29 : 0.4119"
"29,42 : 0.2941"
"42,29 : 0.2941"
"29,43 : 0.5852"
"43,29 : 0.5852"
"29,44 : 0.5869"
"44,29 : 0.5869"
"29,45 : 0.4785"
"45,29 : 0.4785"
"29,46 : 0.8528"
"46,29 : 0.8528"
"29,47 : 0.3829"
"47,29 : 0.3829"
"29,48 : 0.4522"
"48,29 : 0.4522"
"29,49 : 0.3257"
"49,29 : 0.3257"
"30,31 : 0.3578"
"31,30 : 0.3578"
"30,32 : 0.4105"
"32,30 : 0.4105"
"30,33 : 0.2953"
"33,30 : 0.2953"
"30,34 : 0.6641"
"34,30 : 0.6641"
"30,35 : 0.7335"
"35,30 : 0.7335"
"30,36 : 0.4123"
"36,30 : 0.4123"
"30,37 : 0.7161"
"37,30 : 0.7161"
"30,38 : 0.524"
"38,30 : 0.524"
"30,39 : 0.3758"
"39,30 : 0.3758"
"30,40 : 0.5401"
"40,30 : 0.5401"
"30,41 : 0.4061"
"41,30 : 0.4061"
"30,42 : 0.4428"
"42,30 : 0.4428"
"30,43 : 0.4071"
"43,30 : 0.4071"
"30,44 : 0.4993"
"44,30 : 0.4993"
"30,45 : 0.2731"
"45,30 : 0.2731"
"30,46 : 0.5314"
"46,30 : 0.5314"
"30,47 : 0.1703"
"47,30 : 0.1703"
"30,48 : 0.4201"
"48,30 : 0.4201"
"30,49 : 0.6727"
"49,30 : 0.6727"
"31,32 : 0.0728"
"32,31 : 0.0728"
"31,33 : 0.2059"
"33,31 : 0.2059"
"31,34 : 0.4827"
"34,31 : 0.4827"
"31,35 : 0.4005"
"35,31 : 0.4005"
"31,36 : 0.7225"
"36,31 : 0.7225"
"31,37 : 0.6356"
"37,31 : 0.6356"
"31,38 : 0.5508"
"38,31 : 0.5508"
"31,39 : 0.525"
"39,31 : 0.525"
"31,40 : 0.2663"
"40,31 : 0.2663"
"31,41 : 0.41"
"41,31 : 0.41"
"31,42 : 0.2729"
"42,31 : 0.2729"
"31,43 : 0.5478"
"43,31 : 0.5478"
"31,44 : 0.5822"
"44,31 : 0.5822"
"31,45 : 0.4393"
"45,31 : 0.4393"
"31,46 : 0.828"
"46,31 : 0.828"
"31,47 : 0.3581"
"47,31 : 0.3581"
"31,48 : 0.4201"
"48,31 : 0.4201"
"31,49 : 0.364"
"49,31 : 0.364"
"32,33 : 0.2022"
"33,32 : 0.2022"
"32,34 : 0.527"
"34,32 : 0.527"
"32,35 : 0.3905"
"35,32 : 0.3905"
"32,36 : 0.7887"
"36,32 : 0.7887"
"32,37 : 0.6929"
"37,32 : 0.6929"
"32,38 : 0.6201"
"38,32 : 0.6201"
"32,39 : 0.5977"
"39,32 : 0.5977"
"32,40 : 0.2973"
"40,32 : 0.2973"
"32,41 : 0.4804"
"41,32 : 0.4804"
"32,42 : 0.2267"
"42,32 : 0.2267"
"32,43 : 0.5457"
"43,32 : 0.5457"
"32,44 : 0.6538"
"44,32 : 0.6538"
"32,45 : 0.4504"
"45,32 : 0.4504"
"32,46 : 0.8963"
"46,32 : 0.8963"
"32,47 : 0.4272"
"47,32 : 0.4272"
"32,48 : 0.3982"
"48,32 : 0.3982"
"32,49 : 0.3712"
"49,32 : 0.3712"
"33,34 : 0.679"
"34,33 : 0.679"
"33,35 : 0.5923"
"35,33 : 0.5923"
"33,36 : 0.7068"
"36,33 : 0.7068"
"33,37 : 0.8099"
"37,33 : 0.8099"
"33,38 : 0.6831"
"38,33 : 0.6831"
"33,39 : 0.6003"
"39,33 : 0.6003"
"33,40 : 0.4717"
"40,33 : 0.4717"
"33,41 : 0.5408"
"41,33 : 0.5408"
"33,42 : 0.1487"
"42,33 : 0.1487"
"33,43 : 0.3448"
"43,33 : 0.3448"
"33,44 : 0.6923"
"44,33 : 0.6923"
"33,45 : 0.2502"
"45,33 : 0.2502"
"33,46 : 0.8246"
"46,33 : 0.8246"
"33,47 : 0.3912"
"47,33 : 0.3912"
"33,48 : 0.2193"
"48,33 : 0.2193"
"33,49 : 0.5665"
"49,33 : 0.5665"
"34,35 : 0.3614"
"35,34 : 0.3614"
"34,36 : 0.8081"
"36,34 : 0.8081"
"34,37 : 0.2159"
"37,34 : 0.2159"
"34,38 : 0.3329"
"38,34 : 0.3329"
"34,39 : 0.4876"
"39,34 : 0.4876"
"34,40 : 0.2377"
"40,34 : 0.2377"
"34,41 : 0.3126"
"41,34 : 0.3126"
"34,42 : 0.7521"
"42,34 : 0.7521"
"34,43 : 0.9986"
"43,34 : 0.9986"
"34,44 : 0.4168"
"44,34 : 0.4168"
"34,45 : 0.8713"
"45,34 : 0.8713"
"34,46 : 0.8603"
"46,34 : 0.8603"
"34,47 : 0.5261"
"47,34 : 0.5261"
"34,48 : 0.8981"
"48,34 : 0.8981"
"34,49 : 0.2729"
"49,34 : 0.2729"
"35,36 : 1.0222"
"36,35 : 1.0222"
"35,37 : 0.5772"
"37,35 : 0.5772"
"35,38 : 0.6464"
"38,35 : 0.6464"
"35,39 : 0.7376"
"39,35 : 0.7376"
"35,40 : 0.222"
"40,35 : 0.222"
"35,41 : 0.5587"
"41,35 : 0.5587"
"35,42 : 0.5903"
"42,35 : 0.5903"
"35,43 : 0.9362"
"43,35 : 0.9362"
"35,44 : 0.7184"
"44,35 : 0.7184"
"35,45 : 0.8373"
"45,35 : 0.8373"
"35,46 : 1.1044"
"46,35 : 1.1044"
"35,47 : 0.6671"
"47,35 : 0.6671"
"35,48 : 0.7819"
"48,35 : 0.7819"
"35,49 : 0.0943"
"49,35 : 0.0943"
"36,37 : 0.7411"
"37,36 : 0.7411"
"36,38 : 0.5101"
"38,36 : 0.5101"
"36,39 : 0.3225"
"39,36 : 0.3225"
"36,40 : 0.8013"
"40,36 : 0.8013"
"36,41 : 0.4973"
"41,36 : 0.4973"
"36,42 : 0.8549"
"42,36 : 0.8549"
"36,43 : 0.7406"
"43,36 : 0.7406"
"36,44 : 0.4319"
"44,36 : 0.4319"
"36,45 : 0.632"
"45,36 : 0.632"
"36,46 : 0.1217"
"46,36 : 0.1217"
"36,47 : 0.368"
"47,36 : 0.368"
"36,48 : 0.8139"
"48,36 : 0.8139"
"36,49 : 0.9394"
"49,36 : 0.9394"
"37,38 : 0.2319"
"38,37 : 0.2319"
"37,39 : 0.4276"
"39,37 : 0.4276"
"37,40 : 0.4319"
"40,37 : 0.4319"
"37,41 : 0.3106"
"41,37 : 0.3106"
"37,42 : 0.908"
"42,37 : 0.908"
"37,43 : 1.096"
"43,37 : 1.096"
"37,44 : 0.31"
"44,37 : 0.31"
"37,45 : 0.9618"
"45,37 : 0.9618"
"37,46 : 0.7642"
"46,37 : 0.7642"
"37,47 : 0.5523"
"47,37 : 0.5523"
"37,48 : 1.0265"
"48,37 : 1.0265"
"37,49 : 0.4884"
"49,37 : 0.4884"
"38,39 : 0.1965"
"39,38 : 0.1965"
"38,40 : 0.4428"
"40,38 : 0.4428"
"38,41 : 0.1432"
"41,38 : 0.1432"
"38,42 : 0.806"
"42,38 : 0.806"
"38,43 : 0.9242"
"43,38 : 0.9242"
"38,44 : 0.0854"
"44,38 : 0.0854"
"38,45 : 0.7882"
"45,38 : 0.7882"
"38,46 : 0.5413"
"46,38 : 0.5413"
"38,47 : 0.3538"
"47,38 : 0.3538"
"38,48 : 0.8864"
"48,38 : 0.8864"
"38,49 : 0.5522"
"49,38 : 0.5522"
"39,40 : 0.5166"
"40,39 : 0.5166"
"39,41 : 0.1836"
"41,39 : 0.1836"
"39,42 : 0.7406"
"42,39 : 0.7406"
"39,43 : 0.7826"
"43,39 : 0.7826"
"39,44 : 0.136"
"44,39 : 0.136"
"39,45 : 0.6488"
"45,39 : 0.6488"
"39,46 : 0.3758"
"46,39 : 0.3758"
"39,47 : 0.2159"
"47,39 : 0.2159"
"39,48 : 0.7788"
"48,39 : 0.7788"
"39,49 : 0.6482"
"49,39 : 0.6482"
"40,41 : 0.3406"
"41,40 : 0.3406"
"40,42 : 0.524"
"42,40 : 0.524"
"40,43 : 0.8096"
"43,40 : 0.8096"
"40,44 : 0.5077"
"44,40 : 0.5077"
"40,45 : 0.6929"
"45,40 : 0.6929"
"40,46 : 0.8823"
"46,40 : 0.8823"
"40,47 : 0.4522"
"47,40 : 0.4522"
"40,48 : 0.686"
"48,40 : 0.686"
"40,49 : 0.1393"
"49,40 : 0.1393"
"41,42 : 0.6629"
"42,41 : 0.6629"
"41,43 : 0.7951"
"43,41 : 0.7951"
"41,44 : 0.1772"
"44,41 : 0.1772"
"41,45 : 0.6595"
"45,41 : 0.6595"
"41,46 : 0.559"
"46,41 : 0.559"
"41,47 : 0.2419"
"47,41 : 0.2419"
"41,48 : 0.7469"
"48,41 : 0.7469"
"41,49 : 0.4675"
"49,41 : 0.4675"
"42,43 : 0.3821"
"43,42 : 0.3821"
"42,44 : 0.8239"
"44,42 : 0.8239"
"42,45 : 0.3354"
"45,42 : 0.3354"
"42,46 : 0.9731"
"46,42 : 0.9731"
"42,47 : 0.536"
"47,42 : 0.536"
"42,48 : 0.201"
"48,42 : 0.201"
"42,49 : 0.5882"
