x,y
0.79,0.9
0.76,0.24
0.29,0.87
0.2,0.51
0.85,0.46
0.25,0.09
0.9,0.49
0.95,0.57
0.38,0.52
0.56,0.37
0.17,0.18
0.43,0.72
0.49,0.93
0.77,0.93
0.84,0.88
0.34,0.57
0.98,0.92
0.32,0.0
0.83,0.1
0.82,0.36
0.28,0.38
0.29,0.0
0.91,0.16
0.42,0.8
0.03,0.58
0.58,0.1
0.34,0.74
0.93,0.56
0.27,0.67
0.59,0.88
0.02,0.86
0.8,0.02
0.35,0.93
0.91,0.99
0.55,0.03
0.94,0.39
0.21,0.43
0.57,0.48
0.54,0.72
0.09,0.87
0.75,0.66
0.41,0.2
0.68,0.77
0.01,0.84
0.01,0.47
0.73,0.66
0.91,0.09
0.02,0.35
0.3,0.96
0.63,0.92

Distanze
"0,1 : 0.6607"
"1,0 : 0.6607"
"0,2 : 0.5009"
"2,0 : 0.5009"
"0,3 : 0.7072"
"3,0 : 0.7072"
"0,4 : 0.4441"
"4,0 : 0.4441"
"0,5 : 0.9735"
"5,0 : 0.9735"
"0,6 : 0.4245"
"6,0 : 0.4245"
"0,7 : 0.3667"
"7,0 : 0.3667"
"0,8 : 0.559"
"8,0 : 0.559"
"0,9 : 0.5778"
"9,0 : 0.5778"
"0,10 : 0.9502"
"10,0 : 0.9502"
"0,11 : 0.4025"
"11,0 : 0.4025"
"0,12 : 0.3015"
"12,0 : 0.3015"
"0,13 : 0.0361"
"13,0 : 0.0361"
"0,14 : 0.0539"
"14,0 : 0.0539"
"0,15 : 0.558"
"15,0 : 0.558"
"0,16 : 0.191"
"16,0 : 0.191"
"0,17 : 1.0153"
"17,0 : 1.0153"
"0,18 : 0.801"
"18,0 : 0.801"
"0,19 : 0.5408"
"19,0 : 0.5408"
"0,20 : 0.7284"
"20,0 : 0.7284"
"0,21 : 1.0296"
"21,0 : 1.0296"
"0,22 : 0.7497"
"22,0 : 0.7497"
"0,23 : 0.3833"
"23,0 : 0.3833"
"0,24 : 0.8246"
"24,0 : 0.8246"
"0,25 : 0.8271"
"25,0 : 0.8271"
"0,26 : 0.4776"
"26,0 : 0.4776"
"0,27 : 0.3677"
"27,0 : 0.3677"
"0,28 : 0.5686"
"28,0 : 0.5686"
"0,29 : 0.201"
"29,0 : 0.201"
"0,30 : 0.771"
"30,0 : 0.771"
"0,31 : 0.8801"
"31,0 : 0.8801"
"0,32 : 0.441"
"32,0 : 0.441"
"0,33 : 0.15"
"33,0 : 0.15"
"0,34 : 0.9025"
"34,0 : 0.9025"
"0,35 : 0.5316"
"35,0 : 0.5316"
"0,36 : 0.7465"
"36,0 : 0.7465"
"0,37 : 0.4741"
"37,0 : 0.4741"
"0,38 : 0.3081"
"38,0 : 0.3081"
"0,39 : 0.7006"
"39,0 : 0.7006"
"0,40 : 0.2433"
"40,0 : 0.2433"
"0,41 : 0.7965"
"41,0 : 0.7965"
"0,42 : 0.1703"
"42,0 : 0.1703"
"0,43 : 0.7823"
"43,0 : 0.7823"
"0,44 : 0.8907"
"44,0 : 0.8907"
"0,45 : 0.2474"
"45,0 : 0.2474"
"0,46 : 0.8188"
"46,0 : 0.8188"
"0,47 : 0.9463"
"47,0 : 0.9463"
"0,48 : 0.4937"
"48,0 : 0.4937"
"0,49 : 0.1612"
"49,0 : 0.1612"
"1,2 : 0.786"
"2,1 : 0.786"
"1,3 : 0.6217"
"3,1 : 0.6217"
"1,4 : 0.2377"
"4,1 : 0.2377"
"1,5 : 0.5316"
"5,1 : 0.5316"
"1,6 : 0.2865"
"6,1 : 0.2865"
"1,7 : 0.3808"
"7,1 : 0.3808"
"1,8 : 0.472"
"8,1 : 0.472"
"1,9 : 0.2385"
"9,1 : 0.2385"
"1,10 : 0.593"
"10,1 : 0.593"
"1,11 : 0.5825"
"11,1 : 0.5825"
"1,12 : 0.7409"
"12,1 : 0.7409"
"1,13 : 0.6901"
"13,1 : 0.6901"
"1,14 : 0.645"
"14,1 : 0.645"
"1,15 : 0.5341"
"15,1 : 0.5341"
"1,16 : 0.7147"
"16,1 : 0.7147"
"1,17 : 0.5012"
"17,1 : 0.5012"
"1,18 : 0.1565"
"18,1 : 0.1565"
"1,19 : 0.1342"
"19,1 : 0.1342"
"1,20 : 0.5"
"20,1 : 0.5"
"1,21 : 0.5277"
"21,1 : 0.5277"
"1,22 : 0.17"
"22,1 : 0.17"
"1,23 : 0.6551"
"23,1 : 0.6551"
"1,24 : 0.8053"
"24,1 : 0.8053"
"1,25 : 0.228"
"25,1 : 0.228"
"1,26 : 0.653"
"26,1 : 0.653"
"1,27 : 0.3624"
"27,1 : 0.3624"
"1,28 : 0.6519"
"28,1 : 0.6519"
"1,29 : 0.6622"
"29,1 : 0.6622"
"1,30 : 0.9654"
"30,1 : 0.9654"
"1,31 : 0.2236"
"31,1 : 0.2236"
"1,32 : 0.8026"
"32,1 : 0.8026"
"1,33 : 0.7649"
"33,1 : 0.7649"
"1,34 : 0.297"
"34,1 : 0.297"
"1,35 : 0.2343"
"35,1 : 0.2343"
"1,36 : 0.5819"
"36,1 : 0.5819"
"1,37 : 0.3061"
"37,1 : 0.3061"
"1,38 : 0.528"
"38,1 : 0.528"
"1,39 : 0.9197"
"39,1 : 0.9197"
"1,40 : 0.4201"
"40,1 : 0.4201"
"1,41 : 0.3523"
"41,1 : 0.3523"
"1,42 : 0.536"
"42,1 : 0.536"
"1,43 : 0.9605"
"43,1 : 0.9605"
"1,44 : 0.7845"
"44,1 : 0.7845"
"1,45 : 0.4211"
"45,1 : 0.4211"
"1,46 : 0.2121"
"46,1 : 0.2121"
"1,47 : 0.7481"
"47,1 : 0.7481"
"1,48 : 0.8544"
"48,1 : 0.8544"
"1,49 : 0.6923"
"49,1 : 0.6923"
"2,3 : 0.3711"
"3,2 : 0.3711"
"2,4 : 0.694"
"4,2 : 0.694"
"2,5 : 0.781"
"5,2 : 0.781"
"2,6 : 0.7187"
"6,2 : 0.7187"
"2,7 : 0.725"
"7,2 : 0.725"
"2,8 : 0.3614"
"8,2 : 0.3614"
"2,9 : 0.5682"
"9,2 : 0.5682"
"2,10 : 0.7004"
"10,2 : 0.7004"
"2,11 : 0.2052"
"11,2 : 0.2052"
"2,12 : 0.2088"
"12,2 : 0.2088"
"2,13 : 0.4837"
"13,2 : 0.4837"
"2,14 : 0.5501"
"14,2 : 0.5501"
"2,15 : 0.3041"
"15,2 : 0.3041"
"2,16 : 0.6918"
"16,2 : 0.6918"
"2,17 : 0.8705"
"17,2 : 0.8705"
"2,18 : 0.9405"
"18,2 : 0.9405"
"2,19 : 0.7355"
"19,2 : 0.7355"
"2,20 : 0.4901"
"20,2 : 0.4901"
"2,21 : 0.87"
"21,2 : 0.87"
"2,22 : 0.9426"
"22,2 : 0.9426"
"2,23 : 0.1476"
"23,2 : 0.1476"
"2,24 : 0.3895"
"24,2 : 0.3895"
"2,25 : 0.8228"
"25,2 : 0.8228"
"2,26 : 0.1393"
"26,2 : 0.1393"
"2,27 : 0.7111"
"27,2 : 0.7111"
"2,28 : 0.201"
"28,2 : 0.201"
"2,29 : 0.3002"
"29,2 : 0.3002"
"2,30 : 0.2702"
"30,2 : 0.2702"
"2,31 : 0.9913"
"31,2 : 0.9913"
"2,32 : 0.0849"
"32,2 : 0.0849"
"2,33 : 0.6315"
"33,2 : 0.6315"
"2,34 : 0.8793"
"34,2 : 0.8793"
"2,35 : 0.808"
"35,2 : 0.808"
"2,36 : 0.4472"
"36,2 : 0.4472"
"2,37 : 0.4801"
"37,2 : 0.4801"
"2,38 : 0.2915"
"38,2 : 0.2915"
"2,39 : 0.2"
"39,2 : 0.2"
"2,40 : 0.5057"
"40,2 : 0.5057"
"2,41 : 0.6807"
"41,2 : 0.6807"
"2,42 : 0.4026"
"42,2 : 0.4026"
"2,43 : 0.2816"
"43,2 : 0.2816"
"2,44 : 0.4883"
"44,2 : 0.4883"
"2,45 : 0.4875"
"45,2 : 0.4875"
"2,46 : 0.9964"
"46,2 : 0.9964"
"2,47 : 0.5859"
"47,2 : 0.5859"
"2,48 : 0.0906"
"48,2 : 0.0906"
"2,49 : 0.3437"
"49,2 : 0.3437"
"3,4 : 0.6519"
"4,3 : 0.6519"
"3,5 : 0.423"
"5,3 : 0.423"
"3,6 : 0.7003"
"6,3 : 0.7003"
"3,7 : 0.7524"
"7,3 : 0.7524"
"3,8 : 0.1803"
"8,3 : 0.1803"
"3,9 : 0.3863"
"9,3 : 0.3863"
"3,10 : 0.3314"
"10,3 : 0.3314"
"3,11 : 0.3114"
"11,3 : 0.3114"
"3,12 : 0.5104"
"12,3 : 0.5104"
"3,13 : 0.708"
"13,3 : 0.708"
"3,14 : 0.7393"
"14,3 : 0.7393"
"3,15 : 0.1523"
"15,3 : 0.1523"
"3,16 : 0.8812"
"16,3 : 0.8812"
"3,17 : 0.5239"
"17,3 : 0.5239"
"3,18 : 0.7517"
"18,3 : 0.7517"
"3,19 : 0.6379"
"19,3 : 0.6379"
"3,20 : 0.1526"
"20,3 : 0.1526"
"3,21 : 0.5179"
"21,3 : 0.5179"
"3,22 : 0.7916"
"22,3 : 0.7916"
"3,23 : 0.364"
"23,3 : 0.364"
"3,24 : 0.1838"
"24,3 : 0.1838"
"3,25 : 0.559"
"25,3 : 0.559"
"3,26 : 0.2693"
"26,3 : 0.2693"
"3,27 : 0.7317"
"27,3 : 0.7317"
"3,28 : 0.1746"
"28,3 : 0.1746"
"3,29 : 0.5376"
"29,3 : 0.5376"
"3,30 : 0.3936"
"30,3 : 0.3936"
"3,31 : 0.7747"
"31,3 : 0.7747"
"3,32 : 0.446"
"32,3 : 0.446"
"3,33 : 0.857"
"33,3 : 0.857"
"3,34 : 0.5941"
"34,3 : 0.5941"
"3,35 : 0.7497"
"35,3 : 0.7497"
"3,36 : 0.0806"
"36,3 : 0.0806"
"3,37 : 0.3712"
"37,3 : 0.3712"
"3,38 : 0.3996"
"38,3 : 0.3996"
"3,39 : 0.3764"
"39,3 : 0.3764"
"3,40 : 0.5701"
"40,3 : 0.5701"
"3,41 : 0.3744"
"41,3 : 0.3744"
"3,42 : 0.5459"
"42,3 : 0.5459"
"3,43 : 0.3808"
"43,3 : 0.3808"
"3,44 : 0.1942"
"44,3 : 0.1942"
"3,45 : 0.5508"
"45,3 : 0.5508"
"3,46 : 0.8249"
"46,3 : 0.8249"
"3,47 : 0.2408"
"47,3 : 0.2408"
"3,48 : 0.461"
"48,3 : 0.461"
"3,49 : 0.5941"
"49,3 : 0.5941"
"4,5 : 0.7049"
"5,4 : 0.7049"
"4,6 : 0.0583"
"6,4 : 0.0583"
"4,7 : 0.1487"
"7,4 : 0.1487"
"4,8 : 0.4738"
"8,4 : 0.4738"
"4,9 : 0.3036"
"9,4 : 0.3036"
"4,10 : 0.7354"
"10,4 : 0.7354"
"4,11 : 0.494"
"11,4 : 0.494"
"4,12 : 0.592"
"12,4 : 0.592"
"4,13 : 0.4768"
"13,4 : 0.4768"
"4,14 : 0.4201"
"14,4 : 0.4201"
"4,15 : 0.5217"
"15,4 : 0.5217"
"4,16 : 0.478"
"16,4 : 0.478"
"4,17 : 0.7018"
"17,4 : 0.7018"
"4,18 : 0.3606"
"18,4 : 0.3606"
"4,19 : 0.1044"
"19,4 : 0.1044"
"4,20 : 0.5756"
"20,4 : 0.5756"
"4,21 : 0.7247"
"21,4 : 0.7247"
"4,22 : 0.3059"
"22,4 : 0.3059"
"4,23 : 0.5482"
"23,4 : 0.5482"
"4,24 : 0.8287"
"24,4 : 0.8287"
"4,25 : 0.45"
"25,4 : 0.45"
"4,26 : 0.5818"
"26,4 : 0.5818"
"4,27 : 0.1281"
"27,4 : 0.1281"
"4,28 : 0.6168"
"28,4 : 0.6168"
"4,29 : 0.494"
"29,4 : 0.494"
"4,30 : 0.9214"
"30,4 : 0.9214"
"4,31 : 0.4428"
"31,4 : 0.4428"
"4,32 : 0.6862"
"32,4 : 0.6862"
"4,33 : 0.5334"
"33,4 : 0.5334"
"4,34 : 0.5243"
"34,4 : 0.5243"
"4,35 : 0.114"
"35,4 : 0.114"
"4,36 : 0.6407"
"36,4 : 0.6407"
"4,37 : 0.2807"
"37,4 : 0.2807"
"4,38 : 0.4046"
"38,4 : 0.4046"
"4,39 : 0.8635"
"39,4 : 0.8635"
"4,40 : 0.2236"
"40,4 : 0.2236"
"4,41 : 0.5111"
"41,4 : 0.5111"
"4,42 : 0.3536"
"42,4 : 0.3536"
"4,43 : 0.922"
"43,4 : 0.922"
"4,44 : 0.8401"
"44,4 : 0.8401"
"4,45 : 0.2332"
"45,4 : 0.2332"
"4,46 : 0.3748"
"46,4 : 0.3748"
"4,47 : 0.8373"
"47,4 : 0.8373"
"4,48 : 0.7433"
"48,4 : 0.7433"
"4,49 : 0.5099"
"49,4 : 0.5099"
"5,6 : 0.7632"
"6,5 : 0.7632"
"5,7 : 0.8488"
"7,5 : 0.8488"
"5,8 : 0.4492"
"8,5 : 0.4492"
"5,9 : 0.4177"
"9,5 : 0.4177"
"5,10 : 0.1204"
"10,5 : 0.1204"
"5,11 : 0.6552"
"11,5 : 0.6552"
"5,12 : 0.8736"
"12,5 : 0.8736"
"5,13 : 0.9879"
"13,5 : 0.9879"
"5,14 : 0.986"
"14,5 : 0.986"
"5,15 : 0.4884"
"15,5 : 0.4884"
"5,16 : 1.1054"
"16,5 : 1.1054"
"5,17 : 0.114"
"17,5 : 0.114"
"5,18 : 0.5801"
"18,5 : 0.5801"
"5,19 : 0.6307"
"19,5 : 0.6307"
"5,20 : 0.2915"
"20,5 : 0.2915"
"5,21 : 0.0985"
"21,5 : 0.0985"
"5,22 : 0.6637"
"22,5 : 0.6637"
"5,23 : 0.7301"
"23,5 : 0.7301"
"5,24 : 0.5371"
"24,5 : 0.5371"
"5,25 : 0.3302"
"25,5 : 0.3302"
"5,26 : 0.6562"
"26,5 : 0.6562"
"5,27 : 0.8266"
"27,5 : 0.8266"
"5,28 : 0.5803"
"28,5 : 0.5803"
"5,29 : 0.8601"
"29,5 : 0.8601"
"5,30 : 0.8036"
"30,5 : 0.8036"
"5,31 : 0.5544"
"31,5 : 0.5544"
"5,32 : 0.8459"
"32,5 : 0.8459"
"5,33 : 1.1161"
"33,5 : 1.1161"
"5,34 : 0.3059"
"34,5 : 0.3059"
"5,35 : 0.7524"
"35,5 : 0.7524"
"5,36 : 0.3423"
"36,5 : 0.3423"
"5,37 : 0.5045"
"37,5 : 0.5045"
"5,38 : 0.6935"
"38,5 : 0.6935"
"5,39 : 0.7962"
"39,5 : 0.7962"
"5,40 : 0.7582"
"40,5 : 0.7582"
"5,41 : 0.1942"
"41,5 : 0.1942"
"5,42 : 0.8045"
"42,5 : 0.8045"
"5,43 : 0.7875"
"43,5 : 0.7875"
"5,44 : 0.4494"
"44,5 : 0.4494"
"5,45 : 0.7452"
"45,5 : 0.7452"
"5,46 : 0.66"
"46,5 : 0.66"
"5,47 : 0.3471"
"47,5 : 0.3471"
"5,48 : 0.8714"
"48,5 : 0.8714"
"5,49 : 0.9129"
"49,5 : 0.9129"
"6,7 : 0.0943"
"7,6 : 0.0943"
"6,8 : 0.5209"
"8,6 : 0.5209"
"6,9 : 0.3606"
"9,6 : 0.3606"
"6,10 : 0.7931"
"10,6 : 0.7931"
"6,11 : 0.5233"
"11,6 : 0.5233"
"6,12 : 0.6014"
"12,6 : 0.6014"
"6,13 : 0.4588"
"13,6 : 0.4588"
"6,14 : 0.3946"
"14,6 : 0.3946"
"6,15 : 0.5657"
"15,6 : 0.5657"
"6,16 : 0.4374"
"16,6 : 0.4374"
"6,17 : 0.7593"
"17,6 : 0.7593"
"6,18 : 0.3962"
"18,6 : 0.3962"
"6,19 : 0.1526"
"19,6 : 0.1526"
"6,20 : 0.6297"
"20,6 : 0.6297"
"6,21 : 0.7824"
"21,6 : 0.7824"
"6,22 : 0.3302"
"22,6 : 0.3302"
"6,23 : 0.5714"
"23,6 : 0.5714"
"6,24 : 0.8746"
"24,6 : 0.8746"
"6,25 : 0.5045"
"25,6 : 0.5045"
"6,26 : 0.6133"
"26,6 : 0.6133"
"6,27 : 0.0762"
"27,6 : 0.0762"
"6,28 : 0.6552"
"28,6 : 0.6552"
"6,29 : 0.4982"
"29,6 : 0.4982"
"6,30 : 0.9546"
"30,6 : 0.9546"
"6,31 : 0.4805"
"31,6 : 0.4805"
"6,32 : 0.7043"
"32,6 : 0.7043"
"6,33 : 0.5001"
"33,6 : 0.5001"
"6,34 : 0.578"
"34,6 : 0.578"
"6,35 : 0.1077"
"35,6 : 0.1077"
"6,36 : 0.6926"
"36,6 : 0.6926"
"6,37 : 0.3302"
"37,6 : 0.3302"
"6,38 : 0.4272"
"38,6 : 0.4272"
"6,39 : 0.8947"
"39,6 : 0.8947"
"6,40 : 0.2267"
"40,6 : 0.2267"
"6,41 : 0.5694"
"41,6 : 0.5694"
"6,42 : 0.3561"
"42,6 : 0.3561"
"6,43 : 0.9563"
"43,6 : 0.9563"
"6,44 : 0.8902"
"44,6 : 0.8902"
"6,45 : 0.2404"
"45,6 : 0.2404"
"6,46 : 0.4001"
"46,6 : 0.4001"
"6,47 : 0.8911"
"47,6 : 0.8911"
"6,48 : 0.7622"
"48,6 : 0.7622"
"6,49 : 0.5077"
"49,6 : 0.5077"
"7,8 : 0.5722"
"8,7 : 0.5722"
"7,9 : 0.4383"
"9,7 : 0.4383"
"7,10 : 0.8721"
"10,7 : 0.8721"
"7,11 : 0.5412"
"11,7 : 0.5412"
"7,12 : 0.5841"
"12,7 : 0.5841"
"7,13 : 0.4025"
"13,7 : 0.4025"
"7,14 : 0.3289"
"14,7 : 0.3289"
"7,15 : 0.61"
"15,7 : 0.61"
"7,16 : 0.3513"
"16,7 : 0.3513"
"7,17 : 0.8496"
"17,7 : 0.8496"
"7,18 : 0.4851"
"18,7 : 0.4851"
"7,19 : 0.247"
"19,7 : 0.247"
"7,20 : 0.6964"
"20,7 : 0.6964"
"7,21 : 0.8721"
"21,7 : 0.8721"
"7,22 : 0.4119"
"22,7 : 0.4119"
"7,23 : 0.5778"
"23,7 : 0.5778"
"7,24 : 0.9201"
"24,7 : 0.9201"
"7,25 : 0.5982"
"25,7 : 0.5982"
"7,26 : 0.6332"
"26,7 : 0.6332"
"7,27 : 0.0224"
"27,7 : 0.0224"
"7,28 : 0.6873"
"28,7 : 0.6873"
"7,29 : 0.4751"
"29,7 : 0.4751"
"7,30 : 0.9742"
"30,7 : 0.9742"
"7,31 : 0.5701"
"31,7 : 0.5701"
"7,32 : 0.6997"
"32,7 : 0.6997"
"7,33 : 0.4219"
"33,7 : 0.4219"
"7,34 : 0.672"
"34,7 : 0.672"
"7,35 : 0.1803"
"35,7 : 0.1803"
"7,36 : 0.7531"
"36,7 : 0.7531"
"7,37 : 0.3905"
"37,7 : 0.3905"
"7,38 : 0.4366"
"38,7 : 0.4366"
"7,39 : 0.9108"
"39,7 : 0.9108"
"7,40 : 0.2193"
"40,7 : 0.2193"
"7,41 : 0.6546"
"41,7 : 0.6546"
"7,42 : 0.336"
"42,7 : 0.336"
"7,43 : 0.978"
"43,7 : 0.978"
"7,44 : 0.9453"
"44,7 : 0.9453"
"7,45 : 0.2377"
"45,7 : 0.2377"
"7,46 : 0.4817"
"46,7 : 0.4817"
"7,47 : 0.9557"
"47,7 : 0.9557"
"7,48 : 0.758"
"48,7 : 0.758"
"7,49 : 0.4742"
"49,7 : 0.4742"
"8,9 : 0.2343"
"9,8 : 0.2343"
"8,10 : 0.3996"
"10,8 : 0.3996"
"8,11 : 0.2062"
"11,8 : 0.2062"
"8,12 : 0.4245"
"12,8 : 0.4245"
"8,13 : 0.5659"
"13,8 : 0.5659"
"8,14 : 0.5841"
"14,8 : 0.5841"
"8,15 : 0.064"
"15,8 : 0.064"
"8,16 : 0.7211"
"16,8 : 0.7211"
"8,17 : 0.5235"
"17,8 : 0.5235"
"8,18 : 0.6155"
"18,8 : 0.6155"
"8,19 : 0.4682"
"19,8 : 0.4682"
"8,20 : 0.172"
"20,8 : 0.172"
"8,21 : 0.5277"
"21,8 : 0.5277"
"8,22 : 0.6407"
"22,8 : 0.6407"
"8,23 : 0.2828"
"23,8 : 0.2828"
"8,24 : 0.3551"
"24,8 : 0.3551"
"8,25 : 0.4652"
"25,8 : 0.4652"
"8,26 : 0.2236"
"26,8 : 0.2236"
"8,27 : 0.5515"
"27,8 : 0.5515"
"8,28 : 0.186"
"28,8 : 0.186"
"8,29 : 0.4168"
"29,8 : 0.4168"
"8,30 : 0.4952"
"30,8 : 0.4952"
"8,31 : 0.653"
"31,8 : 0.653"
"8,32 : 0.4111"
"32,8 : 0.4111"
"8,33 : 0.7084"
"33,8 : 0.7084"
"8,34 : 0.5187"
"34,8 : 0.5187"
"8,35 : 0.5749"
"35,8 : 0.5749"
"8,36 : 0.1924"
"36,8 : 0.1924"
"8,37 : 0.1942"
"37,8 : 0.1942"
"8,38 : 0.2561"
"38,8 : 0.2561"
"8,39 : 0.4545"
"39,8 : 0.4545"
"8,40 : 0.3956"
"40,8 : 0.3956"
"8,41 : 0.3214"
"41,8 : 0.3214"
"8,42 : 0.3905"
"42,8 : 0.3905"
"8,43 : 0.4892"
"43,8 : 0.4892"
"8,44 : 0.3734"
"44,8 : 0.3734"
"8,45 : 0.377"
"45,8 : 0.377"
"8,46 : 0.6825"
"46,8 : 0.6825"
"8,47 : 0.3981"
"47,8 : 0.3981"
"8,48 : 0.4472"
"48,8 : 0.4472"
"8,49 : 0.4717"
"49,8 : 0.4717"
"9,10 : 0.4338"
"10,9 : 0.4338"
"9,11 : 0.3734"
"11,9 : 0.3734"
"9,12 : 0.5644"
"12,9 : 0.5644"
"9,13 : 0.5981"
"13,9 : 0.5981"
"9,14 : 0.5818"
"14,9 : 0.5818"
"9,15 : 0.2973"
"15,9 : 0.2973"
"9,16 : 0.692"
"16,9 : 0.692"
"9,17 : 0.441"
"17,9 : 0.441"
"9,18 : 0.3818"
"18,9 : 0.3818"
"9,19 : 0.2602"
"19,9 : 0.2602"
"9,20 : 0.2802"
"20,9 : 0.2802"
"9,21 : 0.458"
"21,9 : 0.458"
"9,22 : 0.4082"
"22,9 : 0.4082"
"9,23 : 0.4522"
"23,9 : 0.4522"
"9,24 : 0.5701"
"24,9 : 0.5701"
"9,25 : 0.2707"
"25,9 : 0.2707"
"9,26 : 0.4305"
"26,9 : 0.4305"
"9,27 : 0.4159"
"27,9 : 0.4159"
"9,28 : 0.4173"
"28,9 : 0.4173"
"9,29 : 0.5109"
"29,9 : 0.5109"
"9,30 : 0.7292"
"30,9 : 0.7292"
"9,31 : 0.4244"
"31,9 : 0.4244"
"9,32 : 0.5981"
"32,9 : 0.5981"
"9,33 : 0.712"
"33,9 : 0.712"
"9,34 : 0.3401"
"34,9 : 0.3401"
"9,35 : 0.3805"
"35,9 : 0.3805"
"9,36 : 0.3551"
"36,9 : 0.3551"
"9,37 : 0.1105"
"37,9 : 0.1105"
"9,38 : 0.3506"
"38,9 : 0.3506"
"9,39 : 0.6862"
"39,9 : 0.6862"
"9,40 : 0.3467"
"40,9 : 0.3467"
"9,41 : 0.2267"
"41,9 : 0.2267"
"9,42 : 0.4176"
"42,9 : 0.4176"
"9,43 : 0.7235"
"43,9 : 0.7235"
"9,44 : 0.559"
"44,9 : 0.559"
"9,45 : 0.3362"
"45,9 : 0.3362"
"9,46 : 0.4482"
"46,9 : 0.4482"
"9,47 : 0.5404"
"47,9 : 0.5404"
"9,48 : 0.6447"
"48,9 : 0.6447"
"9,49 : 0.5544"
"49,9 : 0.5544"
"10,11 : 0.5993"
"11,10 : 0.5993"
"10,12 : 0.8154"
"12,10 : 0.8154"
"10,13 : 0.9605"
"13,10 : 0.9605"
"10,14 : 0.969"
"14,10 : 0.969"
"10,15 : 0.4254"
"15,10 : 0.4254"
"10,16 : 1.0971"
"16,10 : 1.0971"
"10,17 : 0.2343"
"17,10 : 0.2343"
"10,18 : 0.6648"
"18,10 : 0.6648"
"10,19 : 0.6745"
"19,10 : 0.6745"
"10,20 : 0.2283"
"20,10 : 0.2283"
"10,21 : 0.2163"
"21,10 : 0.2163"
"10,22 : 0.7403"
"22,10 : 0.7403"
"10,23 : 0.6685"
"23,10 : 0.6685"
"10,24 : 0.4238"
"24,10 : 0.4238"
"10,25 : 0.4177"
"25,10 : 0.4177"
"10,26 : 0.5852"
"26,10 : 0.5852"
"10,27 : 0.8497"
"27,10 : 0.8497"
"10,28 : 0.5001"
"28,10 : 0.5001"
"10,29 : 0.8163"
"29,10 : 0.8163"
"10,30 : 0.6963"
"30,10 : 0.6963"
"10,31 : 0.65"
"31,10 : 0.65"
"10,32 : 0.7713"
"32,10 : 0.7713"
"10,33 : 1.0971"
"33,10 : 1.0971"
"10,34 : 0.4085"
"34,10 : 0.4085"
"10,35 : 0.7981"
"35,10 : 0.7981"
"10,36 : 0.2532"
"36,10 : 0.2532"
"10,37 : 0.5"
"37,10 : 0.5"
"10,38 : 0.6546"
"38,10 : 0.6546"
"10,39 : 0.6946"
"39,10 : 0.6946"
"10,40 : 0.7529"
"40,10 : 0.7529"
"10,41 : 0.2408"
"41,10 : 0.2408"
"10,42 : 0.7799"
"42,10 : 0.7799"
"10,43 : 0.6791"
"43,10 : 0.6791"
"10,44 : 0.3312"
"44,10 : 0.3312"
"10,45 : 0.7376"
"45,10 : 0.7376"
"10,46 : 0.7455"
"46,10 : 0.7455"
"10,47 : 0.2267"
"47,10 : 0.2267"
"10,48 : 0.7908"
"48,10 : 0.7908"
"10,49 : 0.8713"
"49,10 : 0.8713"
"11,12 : 0.2184"
"12,11 : 0.2184"
"11,13 : 0.3996"
"13,11 : 0.3996"
"11,14 : 0.4401"
"14,11 : 0.4401"
"11,15 : 0.1749"
"15,11 : 0.1749"
"11,16 : 0.5852"
"16,11 : 0.5852"
"11,17 : 0.7284"
"17,11 : 0.7284"
"11,18 : 0.7378"
"18,11 : 0.7378"
"11,19 : 0.5308"
"19,11 : 0.5308"
"11,20 : 0.3716"
"20,11 : 0.3716"
"11,21 : 0.7335"
"21,11 : 0.7335"
"11,22 : 0.7376"
"22,11 : 0.7376"
"11,23 : 0.0806"
"23,11 : 0.0806"
"11,24 : 0.4238"
"24,11 : 0.4238"
"11,25 : 0.6379"
"25,11 : 0.6379"
"11,26 : 0.0922"
"26,11 : 0.0922"
"11,27 : 0.525"
"27,11 : 0.525"
"11,28 : 0.1676"
"28,11 : 0.1676"
"11,29 : 0.2263"
"29,11 : 0.2263"
"11,30 : 0.4332"
"30,11 : 0.4332"
"11,31 : 0.7918"
"31,11 : 0.7918"
"11,32 : 0.2247"
"32,11 : 0.2247"
"11,33 : 0.5507"
"33,11 : 0.5507"
"11,34 : 0.7004"
"34,11 : 0.7004"
"11,35 : 0.6075"
"35,11 : 0.6075"
"11,36 : 0.364"
"36,11 : 0.364"
"11,37 : 0.2778"
"37,11 : 0.2778"
"11,38 : 0.11"
"38,11 : 0.11"
"11,39 : 0.3716"
"39,11 : 0.3716"
"11,40 : 0.3256"
"40,11 : 0.3256"
"11,41 : 0.5204"
"41,11 : 0.5204"
"11,42 : 0.255"
"42,11 : 0.255"
"11,43 : 0.4368"
"43,11 : 0.4368"
"11,44 : 0.4888"
"44,11 : 0.4888"
"11,45 : 0.3059"
"45,11 : 0.3059"
"11,46 : 0.792"
"46,11 : 0.792"
"11,47 : 0.5523"
"47,11 : 0.5523"
"11,48 : 0.2729"
"48,11 : 0.2729"
"11,49 : 0.2828"
"49,11 : 0.2828"
"12,13 : 0.28"
"13,12 : 0.28"
"12,14 : 0.3536"
"14,12 : 0.3536"
"12,15 : 0.39"
"15,12 : 0.39"
"12,16 : 0.4901"
"16,12 : 0.4901"
"12,17 : 0.9454"
"17,12 : 0.9454"
"12,18 : 0.8969"
"18,12 : 0.8969"
"12,19 : 0.6586"
"19,12 : 0.6586"
"12,20 : 0.5887"
"20,12 : 0.5887"
"12,21 : 0.9513"
"21,12 : 0.9513"
"12,22 : 0.8771"
"22,12 : 0.8771"
"12,23 : 0.1476"
"23,12 : 0.1476"
"12,24 : 0.578"
"24,12 : 0.578"
"12,25 : 0.8349"
"25,12 : 0.8349"
"12,26 : 0.2421"
"26,12 : 0.2421"
"12,27 : 0.5749"
"27,12 : 0.5749"
"12,28 : 0.3406"
"28,12 : 0.3406"
"12,29 : 0.1118"
"29,12 : 0.1118"
"12,30 : 0.4752"
"30,12 : 0.4752"
"12,31 : 0.9614"
"31,12 : 0.9614"
"12,32 : 0.14"
"32,12 : 0.14"
"12,33 : 0.4243"
"33,12 : 0.4243"
"12,34 : 0.902"
"34,12 : 0.902"
"12,35 : 0.7029"
"35,12 : 0.7029"
"12,36 : 0.5731"
"36,12 : 0.5731"
"12,37 : 0.4571"
"37,12 : 0.4571"
"12,38 : 0.2159"
"38,12 : 0.2159"
"12,39 : 0.4045"
"39,12 : 0.4045"
"12,40 : 0.3748"
"40,12 : 0.3748"
"12,41 : 0.7344"
"41,12 : 0.7344"
"12,42 : 0.2484"
"42,12 : 0.2484"
"12,43 : 0.4884"
"43,12 : 0.4884"
"12,44 : 0.6648"
"44,12 : 0.6648"
"12,45 : 0.3612"
"45,12 : 0.3612"
"12,46 : 0.9391"
"46,12 : 0.9391"
"12,47 : 0.7465"
"47,12 : 0.7465"
"12,48 : 0.1924"
"48,12 : 0.1924"
"12,49 : 0.1404"
"49,12 : 0.1404"
"13,14 : 0.086"
"14,13 : 0.086"
"13,15 : 0.5608"
"15,13 : 0.5608"
"13,16 : 0.2102"
"16,13 : 0.2102"
"13,17 : 1.0332"
"17,13 : 1.0332"
"13,18 : 0.8322"
"18,13 : 0.8322"
"13,19 : 0.5722"
"19,13 : 0.5722"
"13,20 : 0.7366"
"20,13 : 0.7366"
"13,21 : 1.0466"
"21,13 : 1.0466"
"13,22 : 0.7826"
"22,13 : 0.7826"
"13,23 : 0.3734"
"23,13 : 0.3734"
"13,24 : 0.8186"
"24,13 : 0.8186"
"13,25 : 0.8515"
"25,13 : 0.8515"
"13,26 : 0.4701"
"26,13 : 0.4701"
"13,27 : 0.4031"
"27,13 : 0.4031"
"13,28 : 0.5636"
"28,13 : 0.5636"
"13,29 : 0.1868"
"29,13 : 0.1868"
"13,30 : 0.7533"
"30,13 : 0.7533"
"13,31 : 0.9105"
"31,13 : 0.9105"
"13,32 : 0.42"
"32,13 : 0.42"
"13,33 : 0.1523"
"33,13 : 0.1523"
"13,34 : 0.9265"
"34,13 : 0.9265"
"13,35 : 0.5661"
"35,13 : 0.5661"
"13,36 : 0.7507"
"36,13 : 0.7507"
"13,37 : 0.4924"
"37,13 : 0.4924"
"13,38 : 0.3114"
"38,13 : 0.3114"
"13,39 : 0.6826"
"39,13 : 0.6826"
"13,40 : 0.2707"
"40,13 : 0.2707"
"13,41 : 0.8139"
"41,13 : 0.8139"
"13,42 : 0.1836"
"42,13 : 0.1836"
"13,43 : 0.7653"
"43,13 : 0.7653"
"13,44 : 0.8884"
"44,13 : 0.8884"
"13,45 : 0.2729"
"45,13 : 0.2729"
"13,46 : 0.8516"
"46,13 : 0.8516"
"13,47 : 0.9481"
"47,13 : 0.9481"
"13,48 : 0.471"
"48,13 : 0.471"
"13,49 : 0.1404"
"49,13 : 0.1404"
"14,15 : 0.5883"
"15,14 : 0.5883"
"14,16 : 0.1456"
"16,14 : 0.1456"
"14,17 : 1.0222"
"17,14 : 1.0222"
"14,18 : 0.7801"
"18,14 : 0.7801"
"14,19 : 0.5204"
"19,14 : 0.5204"
"14,20 : 0.7507"
"20,14 : 0.7507"
"14,21 : 1.0377"
"21,14 : 1.0377"
"14,22 : 0.7234"
"22,14 : 0.7234"
"14,23 : 0.4276"
"23,14 : 0.4276"
"14,24 : 0.8638"
"24,14 : 0.8638"
"14,25 : 0.8222"
"25,14 : 0.8222"
"14,26 : 0.5192"
"26,14 : 0.5192"
"14,27 : 0.3324"
"27,14 : 0.3324"
"14,28 : 0.6075"
"28,14 : 0.6075"
"14,29 : 0.25"
"29,14 : 0.25"
"14,30 : 0.8202"
"30,14 : 0.8202"
"14,31 : 0.8609"
"31,14 : 0.8609"
"14,32 : 0.4925"
"32,14 : 0.4925"
"14,33 : 0.1304"
"33,14 : 0.1304"
"14,34 : 0.8981"
"34,14 : 0.8981"
"14,35 : 0.5001"
"35,14 : 0.5001"
"14,36 : 0.7742"
"36,14 : 0.7742"
"14,37 : 0.4826"
"37,14 : 0.4826"
"14,38 : 0.34"
"38,14 : 0.34"
"14,39 : 0.7501"
"39,14 : 0.7501"
"14,40 : 0.2377"
"40,14 : 0.2377"
"14,41 : 0.8045"
"41,14 : 0.8045"
"14,42 : 0.1942"
"42,14 : 0.1942"
"14,43 : 0.831"
"43,14 : 0.831"
"14,44 : 0.9257"
"44,14 : 0.9257"
"14,45 : 0.246"
"45,14 : 0.246"
"14,46 : 0.7931"
"46,14 : 0.7931"
"14,47 : 0.9764"
"47,14 : 0.9764"
"14,48 : 0.5459"
"48,14 : 0.5459"
"14,49 : 0.2138"
"49,14 : 0.2138"
"15,16 : 0.7295"
"16,15 : 0.7295"
"15,17 : 0.5704"
"17,15 : 0.5704"
"15,18 : 0.679"
"18,15 : 0.679"
"15,19 : 0.5239"
"19,15 : 0.5239"
"15,20 : 0.1992"
"20,15 : 0.1992"
"15,21 : 0.5722"
"21,15 : 0.5722"
"15,22 : 0.7021"
"22,15 : 0.7021"
"15,23 : 0.2435"
"23,15 : 0.2435"
"15,24 : 0.3102"
"24,15 : 0.3102"
"15,25 : 0.5277"
"25,15 : 0.5277"
"15,26 : 0.17"
"26,15 : 0.17"
"15,27 : 0.5901"
"27,15 : 0.5901"
"15,28 : 0.1221"
"28,15 : 0.1221"
"15,29 : 0.3982"
"29,15 : 0.3982"
"15,30 : 0.4319"
"30,15 : 0.4319"
"15,31 : 0.717"
"31,15 : 0.717"
"15,32 : 0.3601"
"32,15 : 0.3601"
"15,33 : 0.708"
"33,15 : 0.708"
"15,34 : 0.5794"
"34,15 : 0.5794"
"15,35 : 0.6264"
"35,15 : 0.6264"
"15,36 : 0.191"
"36,15 : 0.191"
"15,37 : 0.247"
"37,15 : 0.247"
"15,38 : 0.25"
"38,15 : 0.25"
"15,39 : 0.3905"
"39,15 : 0.3905"
"15,40 : 0.4198"
"40,15 : 0.4198"
"15,41 : 0.3766"
"41,15 : 0.3766"
"15,42 : 0.3945"
"42,15 : 0.3945"
"15,43 : 0.4264"
"43,15 : 0.4264"
"15,44 : 0.3448"
"44,15 : 0.3448"
"15,45 : 0.4002"
"45,15 : 0.4002"
"15,46 : 0.7452"
"46,15 : 0.7452"
"15,47 : 0.3883"
"47,15 : 0.3883"
"15,48 : 0.392"
"48,15 : 0.392"
"15,49 : 0.4545"
"49,15 : 0.4545"
"16,17 : 1.1323"
"17,16 : 1.1323"
"16,18 : 0.8336"
"18,16 : 0.8336"
"16,19 : 0.5824"
"19,16 : 0.5824"
"16,20 : 0.8841"
"20,16 : 0.8841"
"16,21 : 1.15"
"21,16 : 1.15"
"16,22 : 0.7632"
"22,16 : 0.7632"
"16,23 : 0.5727"
"23,16 : 0.5727"
"16,24 : 1.009"
"24,16 : 1.009"
"16,25 : 0.9124"
"25,16 : 0.9124"
"16,26 : 0.6648"
"26,16 : 0.6648"
"16,27 : 0.3635"
"27,16 : 0.3635"
"16,28 : 0.7527"
"28,16 : 0.7527"
"16,29 : 0.392"
"29,16 : 0.392"
"16,30 : 0.9619"
"30,16 : 0.9619"
"16,31 : 0.9178"
"31,16 : 0.9178"
"16,32 : 0.6301"
"32,16 : 0.6301"
"16,33 : 0.099"
"33,16 : 0.099"
"16,34 : 0.9884"
"34,16 : 0.9884"
"16,35 : 0.5315"
"35,16 : 0.5315"
"16,36 : 0.9127"
"36,16 : 0.9127"
"16,37 : 0.6014"
"37,16 : 0.6014"
"16,38 : 0.4833"
"38,16 : 0.4833"
"16,39 : 0.8914"
"39,16 : 0.8914"
"16,40 : 0.3471"
"40,16 : 0.3471"
"16,41 : 0.9183"
"41,16 : 0.9183"
"16,42 : 0.3354"
"42,16 : 0.3354"
"16,43 : 0.9733"
"43,16 : 0.9733"
"16,44 : 1.0693"
"44,16 : 1.0693"
"16,45 : 0.3607"
"45,16 : 0.3607"
"16,46 : 0.8329"
"46,16 : 0.8329"
"16,47 : 1.1165"
"47,16 : 1.1165"
"16,48 : 0.6812"
"48,16 : 0.6812"
"16,49 : 0.35"
"49,16 : 0.35"
"17,18 : 0.5197"
"18,17 : 0.5197"
"17,19 : 0.6161"
"19,17 : 0.6161"
"17,20 : 0.3821"
"20,17 : 0.3821"
"17,21 : 0.03"
"21,17 : 0.03"
"17,22 : 0.6113"
"22,17 : 0.6113"
"17,23 : 0.8062"
"23,17 : 0.8062"
"17,24 : 0.6485"
"24,17 : 0.6485"
"17,25 : 0.2786"
"25,17 : 0.2786"
"17,26 : 0.7403"
"26,17 : 0.7403"
"17,27 : 0.8281"
"27,17 : 0.8281"
"17,28 : 0.6719"
"28,17 : 0.6719"
"17,29 : 0.9205"
"29,17 : 0.9205"
"17,30 : 0.9108"
"30,17 : 0.9108"
"17,31 : 0.4804"
"31,17 : 0.4804"
"17,32 : 0.9305"
"32,17 : 0.9305"
"17,33 : 1.1525"
"33,17 : 1.1525"
"17,34 : 0.2319"
"34,17 : 0.2319"
"17,35 : 0.7325"
"35,17 : 0.7325"
"17,36 : 0.4438"
"36,17 : 0.4438"
"17,37 : 0.5412"
"37,17 : 0.5412"
"17,38 : 0.7529"
"38,17 : 0.7529"
"17,39 : 0.8999"
"39,17 : 0.8999"
"17,40 : 0.7877"
"40,17 : 0.7877"
"17,41 : 0.2193"
"41,17 : 0.2193"
"17,42 : 0.85"
"42,17 : 0.85"
"17,43 : 0.8954"
"43,17 : 0.8954"
"17,44 : 0.563"
"44,17 : 0.563"
"17,45 : 0.777"
"45,17 : 0.777"
"17,46 : 0.5968"
"46,17 : 0.5968"
"17,47 : 0.461"
"47,17 : 0.461"
"17,48 : 0.9602"
"48,17 : 0.9602"
"17,49 : 0.9708"
"49,17 : 0.9708"
"18,19 : 0.2602"
"19,18 : 0.2602"
"18,20 : 0.6172"
"20,18 : 0.6172"
"18,21 : 0.5492"
"21,18 : 0.5492"
"18,22 : 0.1"
"22,18 : 0.1"
"18,23 : 0.8112"
"23,18 : 0.8112"
"18,24 : 0.933"
"24,18 : 0.933"
"18,25 : 0.25"
"25,18 : 0.25"
"18,26 : 0.806"
"26,18 : 0.806"
"18,27 : 0.4707"
"27,18 : 0.4707"
"18,28 : 0.7991"
"28,18 : 0.7991"
"18,29 : 0.8161"
"29,18 : 0.8161"
"18,30 : 1.1107"
"30,18 : 1.1107"
"18,31 : 0.0854"
"31,18 : 0.0854"
"18,32 : 0.9588"
"32,18 : 0.9588"
"18,33 : 0.8936"
"33,18 : 0.8936"
"18,34 : 0.2886"
"34,18 : 0.2886"
"18,35 : 0.3102"
"35,18 : 0.3102"
"18,36 : 0.7024"
"36,18 : 0.7024"
"18,37 : 0.4604"
"37,18 : 0.4604"
"18,38 : 0.6845"
"38,18 : 0.6845"
"18,39 : 1.0679"
"39,18 : 1.0679"
"18,40 : 0.5657"
"40,18 : 0.5657"
"18,41 : 0.4317"
"41,18 : 0.4317"
"18,42 : 0.6866"
"42,18 : 0.6866"
"18,43 : 1.1045"
"43,18 : 1.1045"
"18,44 : 0.8996"
"44,18 : 0.8996"
"18,45 : 0.5689"
"45,18 : 0.5689"
"18,46 : 0.0806"
"46,18 : 0.0806"
"18,47 : 0.8477"
"47,18 : 0.8477"
"18,48 : 1.0102"
"48,18 : 1.0102"
"18,49 : 0.844"
"49,18 : 0.844"
"19,20 : 0.5404"
"20,19 : 0.5404"
"19,21 : 0.6407"
"21,19 : 0.6407"
"19,22 : 0.2193"
"22,19 : 0.2193"
"19,23 : 0.5946"
"23,19 : 0.5946"
"19,24 : 0.8201"
"24,19 : 0.8201"
"19,25 : 0.3538"
"25,19 : 0.3538"
"19,26 : 0.6122"
"26,19 : 0.6122"
"19,27 : 0.2283"
"27,19 : 0.2283"
"19,28 : 0.6313"
"28,19 : 0.6313"
"19,29 : 0.5686"
"29,19 : 0.5686"
"19,30 : 0.9434"
"30,19 : 0.9434"
"19,31 : 0.3406"
"31,19 : 0.3406"
"19,32 : 0.7388"
"32,19 : 0.7388"
"19,33 : 0.6364"
"33,19 : 0.6364"
"19,34 : 0.4264"
"34,19 : 0.4264"
"19,35 : 0.1237"
"35,19 : 0.1237"
"19,36 : 0.614"
"36,19 : 0.614"
"19,37 : 0.2773"
"37,19 : 0.2773"
"19,38 : 0.4561"
"38,19 : 0.4561"
"19,39 : 0.8905"
"39,19 : 0.8905"
"19,40 : 0.3081"
"40,19 : 0.3081"
"19,41 : 0.4401"
"41,19 : 0.4401"
"19,42 : 0.4332"
"42,19 : 0.4332"
"19,43 : 0.9415"
"43,19 : 0.9415"
"19,44 : 0.8174"
"44,19 : 0.8174"
"19,45 : 0.3132"
"45,19 : 0.3132"
"19,46 : 0.2846"
"46,19 : 0.2846"
"19,47 : 0.8001"
"47,19 : 0.8001"
"19,48 : 0.794"
"48,19 : 0.794"
"19,49 : 0.5914"
"49,19 : 0.5914"
"20,21 : 0.3801"
"21,20 : 0.3801"
"20,22 : 0.6673"
"22,20 : 0.6673"
"20,23 : 0.4427"
"23,20 : 0.4427"
"20,24 : 0.3202"
"24,20 : 0.3202"
"20,25 : 0.4104"
"25,20 : 0.4104"
"20,26 : 0.365"
"26,20 : 0.365"
"20,27 : 0.6745"
"27,20 : 0.6745"
"20,28 : 0.2902"
"28,20 : 0.2902"
"20,29 : 0.5883"
"29,20 : 0.5883"
"20,30 : 0.5459"
"30,20 : 0.5459"
"20,31 : 0.6325"
"31,20 : 0.6325"
"20,32 : 0.5544"
"32,20 : 0.5544"
"20,33 : 0.8769"
"33,20 : 0.8769"
"20,34 : 0.442"
"34,20 : 0.442"
"20,35 : 0.6601"
"35,20 : 0.6601"
"20,36 : 0.086"
"36,20 : 0.086"
"20,37 : 0.3068"
"37,20 : 0.3068"
"20,38 : 0.428"
"38,20 : 0.428"
"20,39 : 0.5255"
"39,20 : 0.5255"
"20,40 : 0.5471"
"40,20 : 0.5471"
"20,41 : 0.222"
"41,20 : 0.222"
"20,42 : 0.5587"
"42,20 : 0.5587"
"20,43 : 0.5334"
"43,20 : 0.5334"
"20,44 : 0.2846"
"44,20 : 0.2846"
"20,45 : 0.53"
"45,20 : 0.53"
"20,46 : 0.6935"
"46,20 : 0.6935"
"20,47 : 0.2617"
"47,20 : 0.2617"
"20,48 : 0.5803"
"48,20 : 0.5803"
"20,49 : 0.6435"
"49,20 : 0.6435"
"21,22 : 0.6403"
"22,21 : 0.6403"
"21,23 : 0.8105"
"23,21 : 0.8105"
"21,24 : 0.6356"
"24,21 : 0.6356"
"21,25 : 0.3068"
"25,21 : 0.3068"
"21,26 : 0.7417"
"26,21 : 0.7417"
"21,27 : 0.8504"
"27,21 : 0.8504"
"21,28 : 0.6703"
"28,21 : 0.6703"
"21,29 : 0.9297"
"29,21 : 0.9297"
"21,30 : 0.9014"
"30,21 : 0.9014"
"21,31 : 0.5104"
"31,21 : 0.5104"
"21,32 : 0.9319"
"32,21 : 0.9319"
"21,33 : 1.1681"
"33,21 : 1.1681"
"21,34 : 0.2617"
"34,21 : 0.2617"
"21,35 : 0.758"
"35,21 : 0.758"
"21,36 : 0.4374"
"36,21 : 0.4374"
"21,37 : 0.5557"
"37,21 : 0.5557"
"21,38 : 0.7622"
"38,21 : 0.7622"
"21,39 : 0.8927"
"39,21 : 0.8927"
"21,40 : 0.8045"
"40,21 : 0.8045"
"21,41 : 0.2332"
"41,21 : 0.2332"
"21,42 : 0.8631"
"42,21 : 0.8631"
"21,43 : 0.8854"
"43,21 : 0.8854"
"21,44 : 0.5471"
"44,21 : 0.5471"
"21,45 : 0.7932"
"45,21 : 0.7932"
"21,46 : 0.6265"
"46,21 : 0.6265"
"21,47 : 0.442"
"47,21 : 0.442"
"21,48 : 0.9601"
"48,21 : 0.9601"
"21,49 : 0.9808"
"49,21 : 0.9808"
"22,23 : 0.806"
"23,22 : 0.806"
"22,24 : 0.9751"
"24,22 : 0.9751"
"22,25 : 0.3354"
"25,22 : 0.3354"
"22,26 : 0.8132"
"26,22 : 0.8132"
"22,27 : 0.4005"
"27,22 : 0.4005"
"22,28 : 0.8184"
"28,22 : 0.8184"
"22,29 : 0.7879"
"29,22 : 0.7879"
"22,30 : 1.1323"
"30,22 : 1.1323"
"22,31 : 0.178"
"31,22 : 0.178"
"22,32 : 0.9521"
"32,22 : 0.9521"
"22,33 : 0.83"
"33,22 : 0.83"
"22,34 : 0.3828"
"34,22 : 0.3828"
"22,35 : 0.2319"
"35,22 : 0.2319"
"22,36 : 0.7503"
"36,22 : 0.7503"
"22,37 : 0.4669"
"37,22 : 0.4669"
"22,38 : 0.6712"
"38,22 : 0.6712"
"22,39 : 1.0847"
"39,22 : 1.0847"
"22,40 : 0.525"
"40,22 : 0.525"
"22,41 : 0.5016"
"41,22 : 0.5016"
"22,42 : 0.6519"
"42,22 : 0.6519"
"22,43 : 1.128"
"43,22 : 1.128"
"22,44 : 0.9519"
"44,22 : 0.9519"
"22,45 : 0.5314"
"45,22 : 0.5314"
"22,46 : 0.07"
"46,22 : 0.07"
"22,47 : 0.9101"
"47,22 : 0.9101"
"22,48 : 1.006"
"48,22 : 1.006"
"22,49 : 0.8099"
"49,22 : 0.8099"
"23,24 : 0.4478"
"24,23 : 0.4478"
"23,25 : 0.7181"
"25,23 : 0.7181"
"23,26 : 0.1"
"26,23 : 0.1"
"23,27 : 0.5636"
"27,23 : 0.5636"
"23,28 : 0.1985"
"28,23 : 0.1985"
"23,29 : 0.1879"
"29,23 : 0.1879"
"23,30 : 0.4045"
"30,23 : 0.4045"
"23,31 : 0.8676"
"31,23 : 0.8676"
"23,32 : 0.1476"
"32,23 : 0.1476"
"23,33 : 0.5255"
"33,23 : 0.5255"
"23,34 : 0.7809"
"34,23 : 0.7809"
"23,35 : 0.6622"
"35,23 : 0.6622"
"23,36 : 0.4254"
"36,23 : 0.4254"
"23,37 : 0.3534"
"37,23 : 0.3534"
"23,38 : 0.1442"
"38,23 : 0.1442"
"23,39 : 0.3373"
"39,23 : 0.3373"
"23,40 : 0.3585"
"40,23 : 0.3585"
"23,41 : 0.6001"
"41,23 : 0.6001"
"23,42 : 0.2617"
"42,23 : 0.2617"
"23,43 : 0.4119"
"43,23 : 0.4119"
"23,44 : 0.5263"
"44,23 : 0.5263"
"23,45 : 0.3401"
"45,23 : 0.3401"
"23,46 : 0.8627"
"46,23 : 0.8627"
"23,47 : 0.6021"
"47,23 : 0.6021"
"23,48 : 0.2"
"48,23 : 0.2"
"23,49 : 0.2419"
"49,23 : 0.2419"
"24,25 : 0.73"
"25,24 : 0.73"
"24,26 : 0.3489"
"26,24 : 0.3489"
"24,27 : 0.9002"
"27,24 : 0.9002"
"24,28 : 0.2563"
"28,24 : 0.2563"
"24,29 : 0.6353"
"29,24 : 0.6353"
"24,30 : 0.2802"
"30,24 : 0.2802"
"24,31 : 0.9521"
"31,24 : 0.9521"
"24,32 : 0.4742"
"32,24 : 0.4742"
"24,33 : 0.9708"
"33,24 : 0.9708"
"24,34 : 0.7569"
"34,24 : 0.7569"
"24,35 : 0.9296"
"35,24 : 0.9296"
"24,36 : 0.2343"
"36,24 : 0.2343"
"24,37 : 0.5492"
"37,24 : 0.5492"
"24,38 : 0.5289"
"38,24 : 0.5289"
"24,39 : 0.2961"
"39,24 : 0.2961"
"24,40 : 0.7244"
"40,24 : 0.7244"
"24,41 : 0.5374"
"41,24 : 0.5374"
"24,42 : 0.6772"
"42,24 : 0.6772"
"24,43 : 0.2608"
"43,24 : 0.2608"
"24,44 : 0.1118"
"44,24 : 0.1118"
"24,45 : 0.7046"
"45,24 : 0.7046"
"24,46 : 1.0072"
"46,24 : 1.0072"
"24,47 : 0.2302"
"47,24 : 0.2302"
"24,48 : 0.4662"
"48,24 : 0.4662"
"24,49 : 0.6896"
"49,24 : 0.6896"
"25,26 : 0.6835"
"26,25 : 0.6835"
"25,27 : 0.578"
"27,25 : 0.578"
"25,28 : 0.6488"
"28,25 : 0.6488"
"25,29 : 0.7801"
"29,25 : 0.7801"
"25,30 : 0.944"
"30,25 : 0.944"
"25,31 : 0.2341"
"31,25 : 0.2341"
"25,32 : 0.8613"
"32,25 : 0.8613"
"25,33 : 0.9492"
"33,25 : 0.9492"
"25,34 : 0.0762"
"34,25 : 0.0762"
"25,35 : 0.4623"
"35,25 : 0.4623"
"25,36 : 0.4958"
"36,25 : 0.4958"
"25,37 : 0.3801"
"37,25 : 0.3801"
"25,38 : 0.6213"
"38,25 : 0.6213"
"25,39 : 0.9127"
"39,25 : 0.9127"
"25,40 : 0.5852"
"40,25 : 0.5852"
"25,41 : 0.1972"
"41,25 : 0.1972"
"25,42 : 0.6774"
"42,25 : 0.6774"
"25,43 : 0.9341"
"43,25 : 0.9341"
"25,44 : 0.6796"
"44,25 : 0.6796"
"25,45 : 0.5797"
"45,25 : 0.5797"
"25,46 : 0.3302"
"46,25 : 0.3302"
"25,47 : 0.6133"
"47,25 : 0.6133"
"25,48 : 0.9044"
"48,25 : 0.9044"
"25,49 : 0.8215"
"49,25 : 0.8215"
"26,27 : 0.6168"
"27,26 : 0.6168"
"26,28 : 0.099"
"28,26 : 0.099"
"26,29 : 0.2865"
"29,26 : 0.2865"
"26,30 : 0.3418"
"30,26 : 0.3418"
"26,31 : 0.8544"
"31,26 : 0.8544"
"26,32 : 0.1903"
"32,26 : 0.1903"
"26,33 : 0.6224"
"33,26 : 0.6224"
"26,34 : 0.7404"
"34,26 : 0.7404"
"26,35 : 0.6946"
"35,26 : 0.6946"
"26,36 : 0.3362"
"36,26 : 0.3362"
"26,37 : 0.3471"
"37,26 : 0.3471"
"26,38 : 0.201"
"38,26 : 0.201"
"26,39 : 0.2818"
"39,26 : 0.2818"
"26,40 : 0.4177"
"40,26 : 0.4177"
"26,41 : 0.5445"
"41,26 : 0.5445"
"26,42 : 0.3413"
"42,26 : 0.3413"
"26,43 : 0.3448"
"43,26 : 0.3448"
"26,44 : 0.4264"
"44,26 : 0.4264"
"26,45 : 0.3981"
"45,26 : 0.3981"
"26,46 : 0.8645"
"46,26 : 0.8645"
"26,47 : 0.5045"
"47,26 : 0.5045"
"26,48 : 0.2236"
"48,26 : 0.2236"
"26,49 : 0.3413"
"49,26 : 0.3413"
"27,28 : 0.6691"
"28,27 : 0.6691"
"27,29 : 0.4669"
"29,27 : 0.4669"
"27,30 : 0.9582"
"30,27 : 0.9582"
"27,31 : 0.5554"
"31,27 : 0.5554"
"27,32 : 0.688"
"32,27 : 0.688"
"27,33 : 0.4305"
"33,27 : 0.4305"
"27,34 : 0.6522"
"34,27 : 0.6522"
"27,35 : 0.1703"
"35,27 : 0.1703"
"27,36 : 0.7316"
"36,27 : 0.7316"
"27,37 : 0.3688"
"37,27 : 0.3688"
"27,38 : 0.4215"
"38,27 : 0.4215"
"27,39 : 0.8954"
"39,27 : 0.8954"
"27,40 : 0.2059"
"40,27 : 0.2059"
"27,41 : 0.6325"
"41,27 : 0.6325"
"27,42 : 0.3265"
"42,27 : 0.3265"
"27,43 : 0.9617"
"43,27 : 0.9617"
"27,44 : 0.9244"
"44,27 : 0.9244"
"27,45 : 0.2236"
"45,27 : 0.2236"
"27,46 : 0.4704"
"46,27 : 0.4704"
"27,47 : 0.9339"
"47,27 : 0.9339"
"27,48 : 0.7463"
"48,27 : 0.7463"
"27,49 : 0.4686"
"49,27 : 0.4686"
"28,29 : 0.3828"
"29,28 : 0.3828"
"28,30 : 0.314"
"30,28 : 0.314"
"28,31 : 0.8387"
"31,28 : 0.8387"
"28,32 : 0.272"
"32,28 : 0.272"
"28,33 : 0.7155"
"33,28 : 0.7155"
"28,34 : 0.6986"
"34,28 : 0.6986"
"28,35 : 0.7262"
"35,28 : 0.7262"
"28,36 : 0.2474"
"36,28 : 0.2474"
"28,37 : 0.3551"
"37,28 : 0.3551"
"28,38 : 0.2746"
"38,28 : 0.2746"
"28,39 : 0.2691"
"39,28 : 0.2691"
"28,40 : 0.4801"
"40,28 : 0.4801"
"28,41 : 0.4904"
"41,28 : 0.4904"
"28,42 : 0.422"
"42,28 : 0.422"
"28,43 : 0.3106"
"43,28 : 0.3106"
"28,44 : 0.328"
"44,28 : 0.328"
"28,45 : 0.4601"
"45,28 : 0.4601"
"28,46 : 0.8637"
"46,28 : 0.8637"
"28,47 : 0.4061"
"47,28 : 0.4061"
"28,48 : 0.2915"
"48,28 : 0.2915"
"28,49 : 0.4383"
"49,28 : 0.4383"
"29,30 : 0.5704"
"30,29 : 0.5704"
"29,31 : 0.8853"
"31,29 : 0.8853"
"29,32 : 0.2452"
"32,29 : 0.2452"
"29,33 : 0.3384"
"33,29 : 0.3384"
"29,34 : 0.8509"
"34,29 : 0.8509"
"29,35 : 0.6022"
"35,29 : 0.6022"
"29,36 : 0.589"
"36,29 : 0.589"
"29,37 : 0.4005"
"37,29 : 0.4005"
"29,38 : 0.1676"
"38,29 : 0.1676"
"29,39 : 0.5001"
"39,29 : 0.5001"
"29,40 : 0.272"
"40,29 : 0.272"
"29,41 : 0.7034"
"41,29 : 0.7034"
"29,42 : 0.1421"
"42,29 : 0.1421"
"29,43 : 0.5814"
"43,29 : 0.5814"
"29,44 : 0.7103"
"44,29 : 0.7103"
"29,45 : 0.2608"
"45,29 : 0.2608"
"29,46 : 0.8523"
"46,29 : 0.8523"
"29,47 : 0.7783"
"47,29 : 0.7783"
"29,48 : 0.3008"
"48,29 : 0.3008"
"29,49 : 0.0566"
"49,29 : 0.0566"
"30,31 : 1.1463"
"31,30 : 1.1463"
"30,32 : 0.3373"
"32,30 : 0.3373"
"30,33 : 0.8994"
"33,30 : 0.8994"
"30,34 : 0.9848"
"34,30 : 0.9848"
"30,35 : 1.0331"
"35,30 : 1.0331"
"30,36 : 0.4701"
"36,30 : 0.4701"
"30,37 : 0.6685"
"37,30 : 0.6685"
"30,38 : 0.5385"
"38,30 : 0.5385"
"30,39 : 0.0707"
"39,30 : 0.0707"
"30,40 : 0.7569"
"40,30 : 0.7569"
"30,41 : 0.7666"
"41,30 : 0.7666"
"30,42 : 0.6661"
"42,30 : 0.6661"
"30,43 : 0.0224"
"43,30 : 0.0224"
"30,44 : 0.3901"
"44,30 : 0.3901"
"30,45 : 0.7376"
"45,30 : 0.7376"
"30,46 : 1.1769"
"46,30 : 1.1769"
"30,47 : 0.51"
"47,30 : 0.51"
"30,48 : 0.2973"
"48,30 : 0.2973"
"30,49 : 0.6129"
"49,30 : 0.6129"
"31,32 : 1.0152"
"32,31 : 1.0152"
"31,33 : 0.9762"
"33,31 : 0.9762"
"31,34 : 0.2502"
"34,31 : 0.2502"
"31,35 : 0.3956"
"35,31 : 0.3956"
"31,36 : 0.7185"
"36,31 : 0.7185"
"31,37 : 0.5143"
"37,31 : 0.5143"
"31,38 : 0.7467"
"38,31 : 0.7467"
"31,39 : 1.1075"
"39,31 : 1.1075"
"31,40 : 0.642"
"40,31 : 0.642"
"31,41 : 0.4295"
"41,31 : 0.4295"
"31,42 : 0.7595"
"42,31 : 0.7595"
"31,43 : 1.1386"
"43,31 : 1.1386"
"31,44 : 0.9092"
"44,31 : 0.9092"
"31,45 : 0.6438"
"45,31 : 0.6438"
"31,46 : 0.1304"
"46,31 : 0.1304"
"31,47 : 0.8469"
"47,31 : 0.8469"
"31,48 : 1.0647"
"48,31 : 1.0647"
"31,49 : 0.9159"
"49,31 : 0.9159"
"32,33 : 0.5632"
"33,32 : 0.5632"
"32,34 : 0.922"
"34,32 : 0.922"
"32,35 : 0.7998"
"35,32 : 0.7998"
"32,36 : 0.5192"
"36,32 : 0.5192"
"32,37 : 0.5009"
"37,32 : 0.5009"
"32,38 : 0.2832"
"38,32 : 0.2832"
"32,39 : 0.2668"
"39,32 : 0.2668"
"32,40 : 0.4826"
"40,32 : 0.4826"
"32,41 : 0.7325"
"41,32 : 0.7325"
"32,42 : 0.3667"
"42,32 : 0.3667"
"32,43 : 0.3517"
"43,32 : 0.3517"
"32,44 : 0.572"
"44,32 : 0.572"
"32,45 : 0.4662"
"45,32 : 0.4662"
"32,46 : 1.0096"
"46,32 : 1.0096"
"32,47 : 0.6673"
"47,32 : 0.6673"
"32,48 : 0.0583"
"48,32 : 0.0583"
"32,49 : 0.2802"
"49,32 : 0.2802"
"33,34 : 1.0253"
"34,33 : 1.0253"
"33,35 : 0.6007"
"35,33 : 0.6007"
"33,36 : 0.8964"
"36,33 : 0.8964"
"33,37 : 0.6129"
"37,33 : 0.6129"
"33,38 : 0.458"
"38,33 : 0.458"
"33,39 : 0.8287"
"39,33 : 0.8287"
"33,40 : 0.3667"
"40,33 : 0.3667"
"33,41 : 0.9349"
"41,33 : 0.9349"
"33,42 : 0.3183"
"42,33 : 0.3183"
"33,43 : 0.9124"
"43,33 : 0.9124"
"33,44 : 1.0394"
"44,33 : 1.0394"
"33,45 : 0.3759"
"45,33 : 0.3759"
"33,46 : 0.9"
"46,33 : 0.9"
"33,47 : 1.0962"
"47,33 : 1.0962"
"33,48 : 0.6107"
"48,33 : 0.6107"
"33,49 : 0.2886"
"49,33 : 0.2886"
"34,35 : 0.5308"
"35,34 : 0.5308"
"34,36 : 0.525"
"36,34 : 0.525"
"34,37 : 0.4504"
"37,34 : 0.4504"
"34,38 : 0.6901"
"38,34 : 0.6901"
"34,39 : 0.9577"
"39,34 : 0.9577"
"34,40 : 0.661"
"40,34 : 0.661"
"34,41 : 0.2202"
"41,34 : 0.2202"
"34,42 : 0.7513"
"42,34 : 0.7513"
"34,43 : 0.9735"
"43,34 : 0.9735"
"34,44 : 0.6966"
"44,34 : 0.6966"
"34,45 : 0.6552"
"45,34 : 0.6552"
"34,46 : 0.365"
"46,34 : 0.365"
"34,47 : 0.6191"
"47,34 : 0.6191"
"34,48 : 0.963"
"48,34 : 0.963"
"34,49 : 0.8936"
"49,34 : 0.8936"
"35,36 : 0.7311"
"36,35 : 0.7311"
"35,37 : 0.3808"
"37,35 : 0.3808"
"35,38 : 0.5186"
"38,35 : 0.5186"
"35,39 : 0.9762"
"39,35 : 0.9762"
"35,40 : 0.3302"
"40,35 : 0.3302"
"35,41 : 0.563"
"41,35 : 0.563"
"35,42 : 0.4604"
"42,35 : 0.4604"
"35,43 : 1.0332"
"43,35 : 1.0332"
"35,44 : 0.9334"
"44,35 : 0.9334"
"35,45 : 0.3421"
"45,35 : 0.3421"
"35,46 : 0.3015"
"46,35 : 0.3015"
"35,47 : 0.9209"
"47,35 : 0.9209"
"35,48 : 0.857"
"48,35 : 0.857"
"35,49 : 0.614"
"49,35 : 0.614"
"36,37 : 0.3635"
"37,36 : 0.3635"
"36,38 : 0.4393"
"38,36 : 0.4393"
"36,39 : 0.4561"
"39,36 : 0.4561"
"36,40 : 0.5869"
"40,36 : 0.5869"
"36,41 : 0.3048"
"41,36 : 0.3048"
"36,42 : 0.5801"
"42,36 : 0.5801"
"36,43 : 0.4562"
"43,36 : 0.4562"
"36,44 : 0.204"
"44,36 : 0.204"
"36,45 : 0.5686"
"45,36 : 0.5686"
"36,46 : 0.7782"
"46,36 : 0.7782"
"36,47 : 0.2062"
"47,36 : 0.2062"
"36,48 : 0.5376"
"48,36 : 0.5376"
"36,49 : 0.6454"
"49,36 : 0.6454"
"37,38 : 0.2419"
"38,37 : 0.2419"
"37,39 : 0.6185"
"39,37 : 0.6185"
"37,40 : 0.2546"
"40,37 : 0.2546"
"37,41 : 0.3225"
"41,37 : 0.3225"
"37,42 : 0.3102"
"42,37 : 0.3102"
"37,43 : 0.6657"
"43,37 : 0.6657"
"37,44 : 0.5601"
"44,37 : 0.5601"
"37,45 : 0.2408"
"45,37 : 0.2408"
"37,46 : 0.5174"
"46,37 : 0.5174"
"37,47 : 0.5652"
"47,37 : 0.5652"
"37,48 : 0.5507"
"48,37 : 0.5507"
"37,49 : 0.4441"
"49,37 : 0.4441"
"38,39 : 0.4743"
"39,38 : 0.4743"
"38,40 : 0.2184"
"40,38 : 0.2184"
"38,41 : 0.536"
"41,38 : 0.536"
"38,42 : 0.1487"
"42,38 : 0.1487"
"38,43 : 0.5434"
"43,38 : 0.5434"
"38,44 : 0.586"
"44,38 : 0.586"
"38,45 : 0.1992"
"45,38 : 0.1992"
"38,46 : 0.7306"
"46,38 : 0.7306"
"38,47 : 0.6382"
"47,38 : 0.6382"
"38,48 : 0.3394"
"48,38 : 0.3394"
"38,49 : 0.2193"
"49,38 : 0.2193"
"39,40 : 0.6926"
"40,39 : 0.6926"
"39,41 : 0.7425"
"41,39 : 0.7425"
"39,42 : 0.5984"
"42,39 : 0.5984"
"39,43 : 0.0854"
"43,39 : 0.0854"
"39,44 : 0.4079"
"44,39 : 0.4079"
"39,45 : 0.6736"
"45,39 : 0.6736"
"39,46 : 1.1317"
"46,39 : 1.1317"
"39,47 : 0.5247"
"47,39 : 0.5247"
"39,48 : 0.2285"
"48,39 : 0.2285"
"39,49 : 0.5423"
"49,39 : 0.5423"
"40,41 : 0.572"
"41,40 : 0.572"
"40,42 : 0.1304"
"42,40 : 0.1304"
"40,43 : 0.7616"
"43,40 : 0.7616"
"40,44 : 0.764"
"44,40 : 0.764"
"40,45 : 0.02"
"45,40 : 0.02"
"40,46 : 0.592"
"46,40 : 0.592"
"40,47 : 0.7931"
"47,40 : 0.7931"
"40,48 : 0.5408"
"48,40 : 0.5408"
"40,49 : 0.2864"
"49,40 : 0.2864"
"41,42 : 0.6307"
"42,41 : 0.6307"
"41,43 : 0.7547"
"43,41 : 0.7547"
"41,44 : 0.4826"
"44,41 : 0.4826"
"41,45 : 0.5604"
"45,41 : 0.5604"
"41,46 : 0.512"
"46,41 : 0.512"
"41,47 : 0.4179"
"47,41 : 0.4179"
"41,48 : 0.7679"
"48,41 : 0.7679"
"41,49 : 0.7529"
"49,41 : 0.7529"
"42,43 : 0.6736"
"43,42 : 0.6736"
"42,44 : 0.7341"
"44,42 : 0.7341"
"42,45 : 0.1208"
"45,42 : 0.1208"
"42,46 : 0.7178"
"46,42 : 0.7178"
"42,47 : 0.7823"
"47,42 : 0.7823"
