x,y
0.26,0.34
0.32,0.99
0.51,0.92
0.7,0.65
0.91,0.03
0.22,0.57
0.41,0.51
0.97,0.21
0.15,0.23
0.18,0.13
0.11,0.31
0.91,0.4
0.38,0.25
0.77,0.81
0.23,0.12
0.74,0.36
0.45,0.09
0.08,0.37
0.25,0.38
0.84,0.08
0.81,0.55
0.17,0.48
0.6,0.73
0.97,0.1
0.97,0.65
0.44,0.01
0.54,0.57
0.34,0.74
0.29,0.46
0.68,0.37
0.32,0.95
0.88,0.06
0.01,0.58
0.48,0.49
0.82,0.94
0.57,0.65
0.43,0.66
0.48,0.6
0.69,0.06
0.53,0.97
0.96,0.52
0.2,0.07
0.19,0.26
0.82,0.81
0.0,0.77
0.75,0.4
0.89,0.08
0.79,0.8
0.54,0.96
0.36,0.31

Distanze
"0,1 : 0.6528"
"1,0 : 0.6528"
"0,2 : 0.6316"
"2,0 : 0.6316"
"0,3 : 0.5382"
"3,0 : 0.5382"
"0,4 : 0.7201"
"4,0 : 0.7201"
"0,5 : 0.2335"
"5,0 : 0.2335"
"0,6 : 0.2267"
"6,0 : 0.2267"
"0,7 : 0.7218"
"7,0 : 0.7218"
"0,8 : 0.1556"
"8,0 : 0.1556"
"0,9 : 0.2247"
"9,0 : 0.2247"
"0,10 : 0.153"
"10,0 : 0.153"
"0,11 : 0.6528"
"11,0 : 0.6528"
"0,12 : 0.15"
"12,0 : 0.15"
"0,13 : 0.6935"
"13,0 : 0.6935"
"0,14 : 0.222"
"14,0 : 0.222"
"0,15 : 0.4804"
"15,0 : 0.4804"
"0,16 : 0.314"
"16,0 : 0.314"
"0,17 : 0.1825"
"17,0 : 0.1825"
"0,18 : 0.0412"
"18,0 : 0.0412"
"0,19 : 0.6356"
"19,0 : 0.6356"
"0,20 : 0.5887"
"20,0 : 0.5887"
"0,21 : 0.1664"
"21,0 : 0.1664"
"0,22 : 0.5174"
"22,0 : 0.5174"
"0,23 : 0.7495"
"23,0 : 0.7495"
"0,24 : 0.7747"
"24,0 : 0.7747"
"0,25 : 0.3759"
"25,0 : 0.3759"
"0,26 : 0.3624"
"26,0 : 0.3624"
"0,27 : 0.4079"
"27,0 : 0.4079"
"0,28 : 0.1237"
"28,0 : 0.1237"
"0,29 : 0.4211"
"29,0 : 0.4211"
"0,30 : 0.6129"
"30,0 : 0.6129"
"0,31 : 0.6803"
"31,0 : 0.6803"
"0,32 : 0.3466"
"32,0 : 0.3466"
"0,33 : 0.2663"
"33,0 : 0.2663"
"0,34 : 0.8207"
"34,0 : 0.8207"
"0,35 : 0.4384"
"35,0 : 0.4384"
"0,36 : 0.3624"
"36,0 : 0.3624"
"0,37 : 0.3406"
"37,0 : 0.3406"
"0,38 : 0.5131"
"38,0 : 0.5131"
"0,39 : 0.6854"
"39,0 : 0.6854"
"0,40 : 0.7228"
"40,0 : 0.7228"
"0,41 : 0.2766"
"41,0 : 0.2766"
"0,42 : 0.1063"
"42,0 : 0.1063"
"0,43 : 0.7311"
"43,0 : 0.7311"
"0,44 : 0.5025"
"44,0 : 0.5025"
"0,45 : 0.4937"
"45,0 : 0.4937"
"0,46 : 0.6815"
"46,0 : 0.6815"
"0,47 : 0.7018"
"47,0 : 0.7018"
"0,48 : 0.6803"
"48,0 : 0.6803"
"0,49 : 0.1044"
"49,0 : 0.1044"
"1,2 : 0.2025"
"2,1 : 0.2025"
"1,3 : 0.5099"
"3,1 : 0.5099"
"1,4 : 1.1268"
"4,1 : 1.1268"
"1,5 : 0.4317"
"5,1 : 0.4317"
"1,6 : 0.4884"
"6,1 : 0.4884"
"1,7 : 1.0153"
"7,1 : 1.0153"
"1,8 : 0.7788"
"8,1 : 0.7788"
"1,9 : 0.8713"
"9,1 : 0.8713"
"1,10 : 0.7117"
"10,1 : 0.7117"
"1,11 : 0.8344"
"11,1 : 0.8344"
"1,12 : 0.7424"
"12,1 : 0.7424"
"1,13 : 0.4847"
"13,1 : 0.4847"
"1,14 : 0.8746"
"14,1 : 0.8746"
"1,15 : 0.7572"
"15,1 : 0.7572"
"1,16 : 0.9093"
"16,1 : 0.9093"
"1,17 : 0.6648"
"17,1 : 0.6648"
"1,18 : 0.614"
"18,1 : 0.614"
"1,19 : 1.0481"
"19,1 : 1.0481"
"1,20 : 0.6586"
"20,1 : 0.6586"
"1,21 : 0.5316"
"21,1 : 0.5316"
"1,22 : 0.3821"
"22,1 : 0.3821"
"1,23 : 1.1021"
"23,1 : 1.1021"
"1,24 : 0.7336"
"24,1 : 0.7336"
"1,25 : 0.9873"
"25,1 : 0.9873"
"1,26 : 0.4741"
"26,1 : 0.4741"
"1,27 : 0.2508"
"27,1 : 0.2508"
"1,28 : 0.5308"
"28,1 : 0.5308"
"1,29 : 0.7169"
"29,1 : 0.7169"
"1,30 : 0.04"
"30,1 : 0.04"
"1,31 : 1.0856"
"31,1 : 1.0856"
"1,32 : 0.514"
"32,1 : 0.514"
"1,33 : 0.525"
"33,1 : 0.525"
"1,34 : 0.5025"
"34,1 : 0.5025"
"1,35 : 0.422"
"35,1 : 0.422"
"1,36 : 0.3479"
"36,1 : 0.3479"
"1,37 : 0.4215"
"37,1 : 0.4215"
"1,38 : 1.0009"
"38,1 : 1.0009"
"1,39 : 0.211"
"39,1 : 0.211"
"1,40 : 0.794"
"40,1 : 0.794"
"1,41 : 0.9278"
"41,1 : 0.9278"
"1,42 : 0.7415"
"42,1 : 0.7415"
"1,43 : 0.5314"
"43,1 : 0.5314"
"1,44 : 0.3883"
"44,1 : 0.3883"
"1,45 : 0.7301"
"45,1 : 0.7301"
"1,46 : 1.0738"
"46,1 : 1.0738"
"1,47 : 0.507"
"47,1 : 0.507"
"1,48 : 0.222"
"48,1 : 0.222"
"1,49 : 0.6812"
"49,1 : 0.6812"
"2,3 : 0.3302"
"3,2 : 0.3302"
"2,4 : 0.9758"
"4,2 : 0.9758"
"2,5 : 0.4545"
"5,2 : 0.4545"
"2,6 : 0.422"
"6,2 : 0.422"
"2,7 : 0.846"
"7,2 : 0.846"
"2,8 : 0.7783"
"8,2 : 0.7783"
"2,9 : 0.8562"
"9,2 : 0.8562"
"2,10 : 0.7295"
"10,2 : 0.7295"
"2,11 : 0.656"
"11,2 : 0.656"
"2,12 : 0.6825"
"12,2 : 0.6825"
"2,13 : 0.2823"
"13,2 : 0.2823"
"2,14 : 0.8476"
"14,2 : 0.8476"
"2,15 : 0.6054"
"15,2 : 0.6054"
"2,16 : 0.8322"
"16,2 : 0.8322"
"2,17 : 0.6981"
"17,2 : 0.6981"
"2,18 : 0.5993"
"18,2 : 0.5993"
"2,19 : 0.9025"
"19,2 : 0.9025"
"2,20 : 0.4763"
"20,2 : 0.4763"
"2,21 : 0.5561"
"21,2 : 0.5561"
"2,22 : 0.2102"
"22,2 : 0.2102"
"2,23 : 0.9402"
"23,2 : 0.9402"
"2,24 : 0.5334"
"24,2 : 0.5334"
"2,25 : 0.9127"
"25,2 : 0.9127"
"2,26 : 0.3513"
"26,2 : 0.3513"
"2,27 : 0.2476"
"27,2 : 0.2476"
"2,28 : 0.5099"
"28,2 : 0.5099"
"2,29 : 0.5757"
"29,2 : 0.5757"
"2,30 : 0.1924"
"30,2 : 0.1924"
"2,31 : 0.9362"
"31,2 : 0.9362"
"2,32 : 0.6046"
"32,2 : 0.6046"
"2,33 : 0.431"
"33,2 : 0.431"
"2,34 : 0.3106"
"34,2 : 0.3106"
"2,35 : 0.2766"
"35,2 : 0.2766"
"2,36 : 0.272"
"36,2 : 0.272"
"2,37 : 0.3214"
"37,2 : 0.3214"
"2,38 : 0.8786"
"38,2 : 0.8786"
"2,39 : 0.0539"
"39,2 : 0.0539"
"2,40 : 0.6021"
"40,2 : 0.6021"
"2,41 : 0.9048"
"41,2 : 0.9048"
"2,42 : 0.7335"
"42,2 : 0.7335"
"2,43 : 0.3289"
"43,2 : 0.3289"
"2,44 : 0.5316"
"44,2 : 0.5316"
"2,45 : 0.5727"
"45,2 : 0.5727"
"2,46 : 0.922"
"46,2 : 0.922"
"2,47 : 0.3046"
"47,2 : 0.3046"
"2,48 : 0.05"
"48,2 : 0.05"
"2,49 : 0.6282"
"49,2 : 0.6282"
"3,4 : 0.6546"
"4,3 : 0.6546"
"3,5 : 0.4866"
"5,3 : 0.4866"
"3,6 : 0.322"
"6,3 : 0.322"
"3,7 : 0.5162"
"7,3 : 0.5162"
"3,8 : 0.692"
"8,3 : 0.692"
"3,9 : 0.7354"
"9,3 : 0.7354"
"3,10 : 0.681"
"10,3 : 0.681"
"3,11 : 0.3265"
"11,3 : 0.3265"
"3,12 : 0.5122"
"12,3 : 0.5122"
"3,13 : 0.1746"
"13,3 : 0.1746"
"3,14 : 0.7084"
"14,3 : 0.7084"
"3,15 : 0.2927"
"15,3 : 0.2927"
"3,16 : 0.6133"
"16,3 : 0.6133"
"3,17 : 0.6803"
"17,3 : 0.6803"
"3,18 : 0.5248"
"18,3 : 0.5248"
"3,19 : 0.5869"
"19,3 : 0.5869"
"3,20 : 0.1487"
"20,3 : 0.1487"
"3,21 : 0.5566"
"21,3 : 0.5566"
"3,22 : 0.1281"
"22,3 : 0.1281"
"3,23 : 0.6127"
"23,3 : 0.6127"
"3,24 : 0.27"
"24,3 : 0.27"
"3,25 : 0.6908"
"25,3 : 0.6908"
"3,26 : 0.1789"
"26,3 : 0.1789"
"3,27 : 0.3711"
"27,3 : 0.3711"
"3,28 : 0.4519"
"28,3 : 0.4519"
"3,29 : 0.2807"
"29,3 : 0.2807"
"3,30 : 0.4841"
"30,3 : 0.4841"
"3,31 : 0.6168"
"31,3 : 0.6168"
"3,32 : 0.6935"
"32,3 : 0.6935"
"3,33 : 0.272"
"33,3 : 0.272"
"3,34 : 0.3138"
"34,3 : 0.3138"
"3,35 : 0.13"
"35,3 : 0.13"
"3,36 : 0.2702"
"36,3 : 0.2702"
"3,37 : 0.2256"
"37,3 : 0.2256"
"3,38 : 0.5901"
"38,3 : 0.5901"
"3,39 : 0.3624"
"39,3 : 0.3624"
"3,40 : 0.2907"
"40,3 : 0.2907"
"3,41 : 0.7658"
"41,3 : 0.7658"
"3,42 : 0.642"
"42,3 : 0.642"
"3,43 : 0.2"
"43,3 : 0.2"
"3,44 : 0.7102"
"44,3 : 0.7102"
"3,45 : 0.255"
"45,3 : 0.255"
"3,46 : 0.6008"
"46,3 : 0.6008"
"3,47 : 0.1749"
"47,3 : 0.1749"
"3,48 : 0.3489"
"48,3 : 0.3489"
"3,49 : 0.4808"
"49,3 : 0.4808"
"4,5 : 0.8762"
"5,4 : 0.8762"
"4,6 : 0.6931"
"6,4 : 0.6931"
"4,7 : 0.1897"
"7,4 : 0.1897"
"4,8 : 0.7859"
"8,4 : 0.7859"
"4,9 : 0.7368"
"9,4 : 0.7368"
"4,10 : 0.8476"
"10,4 : 0.8476"
"4,11 : 0.37"
"11,4 : 0.37"
"4,12 : 0.5738"
"12,4 : 0.5738"
"4,13 : 0.7925"
"13,4 : 0.7925"
"4,14 : 0.6859"
"14,4 : 0.6859"
"4,15 : 0.3712"
"15,4 : 0.3712"
"4,16 : 0.4639"
"16,4 : 0.4639"
"4,17 : 0.8969"
"17,4 : 0.8969"
"4,18 : 0.7471"
"18,4 : 0.7471"
"4,19 : 0.086"
"19,4 : 0.086"
"4,20 : 0.5295"
"20,4 : 0.5295"
"4,21 : 0.8661"
"21,4 : 0.8661"
"4,22 : 0.7656"
"22,4 : 0.7656"
"4,23 : 0.0922"
"23,4 : 0.0922"
"4,24 : 0.6229"
"24,4 : 0.6229"
"4,25 : 0.4704"
"25,4 : 0.4704"
"4,26 : 0.6546"
"26,4 : 0.6546"
"4,27 : 0.9105"
"27,4 : 0.9105"
"4,28 : 0.7545"
"28,4 : 0.7545"
"4,29 : 0.4105"
"29,4 : 0.4105"
"4,30 : 1.0929"
"30,4 : 1.0929"
"4,31 : 0.0424"
"31,4 : 0.0424"
"4,32 : 1.0548"
"32,4 : 1.0548"
"4,33 : 0.6297"
"33,4 : 0.6297"
"4,34 : 0.9144"
"34,4 : 0.9144"
"4,35 : 0.7071"
"35,4 : 0.7071"
"4,36 : 0.792"
"36,4 : 0.792"
"4,37 : 0.714"
"37,4 : 0.714"
"4,38 : 0.222"
"38,4 : 0.222"
"4,39 : 1.0139"
"39,4 : 1.0139"
"4,40 : 0.4925"
"40,4 : 0.4925"
"4,41 : 0.7111"
"41,4 : 0.7111"
"4,42 : 0.7558"
"42,4 : 0.7558"
"4,43 : 0.7852"
"43,4 : 0.7852"
"4,44 : 1.1729"
"44,4 : 1.1729"
"4,45 : 0.4031"
"45,4 : 0.4031"
"4,46 : 0.0539"
"46,4 : 0.0539"
"4,47 : 0.7793"
"47,4 : 0.7793"
"4,48 : 1.0009"
"48,4 : 1.0009"
"4,49 : 0.6172"
"49,4 : 0.6172"
"5,6 : 0.1992"
"6,5 : 0.1992"
"5,7 : 0.8319"
"7,5 : 0.8319"
"5,8 : 0.3471"
"8,5 : 0.3471"
"5,9 : 0.4418"
"9,5 : 0.4418"
"5,10 : 0.2823"
"10,5 : 0.2823"
"5,11 : 0.7106"
"11,5 : 0.7106"
"5,12 : 0.3578"
"12,5 : 0.3578"
"5,13 : 0.6001"
"13,5 : 0.6001"
"5,14 : 0.4501"
"14,5 : 0.4501"
"5,15 : 0.5608"
"15,5 : 0.5608"
"5,16 : 0.5323"
"16,5 : 0.5323"
"5,17 : 0.2441"
"17,5 : 0.2441"
"5,18 : 0.1924"
"18,5 : 0.1924"
"5,19 : 0.7903"
"19,5 : 0.7903"
"5,20 : 0.5903"
"20,5 : 0.5903"
"5,21 : 0.103"
"21,5 : 0.103"
"5,22 : 0.4123"
"22,5 : 0.4123"
"5,23 : 0.8851"
"23,5 : 0.8851"
"5,24 : 0.7543"
"24,5 : 0.7543"
"5,25 : 0.6017"
"25,5 : 0.6017"
"5,26 : 0.32"
"26,5 : 0.32"
"5,27 : 0.2081"
"27,5 : 0.2081"
"5,28 : 0.1304"
"28,5 : 0.1304"
"5,29 : 0.5016"
"29,5 : 0.5016"
"5,30 : 0.3929"
"30,5 : 0.3929"
"5,31 : 0.8341"
"31,5 : 0.8341"
"5,32 : 0.2102"
"32,5 : 0.2102"
"5,33 : 0.272"
"33,5 : 0.272"
"5,34 : 0.7049"
"34,5 : 0.7049"
"5,35 : 0.359"
"35,5 : 0.359"
"5,36 : 0.2285"
"36,5 : 0.2285"
"5,37 : 0.2617"
"37,5 : 0.2617"
"5,38 : 0.6935"
"38,5 : 0.6935"
"5,39 : 0.5061"
"39,5 : 0.5061"
"5,40 : 0.7417"
"40,5 : 0.7417"
"5,41 : 0.5004"
"41,5 : 0.5004"
"5,42 : 0.3114"
"42,5 : 0.3114"
"5,43 : 0.6462"
"43,5 : 0.6462"
"5,44 : 0.2973"
"44,5 : 0.2973"
"5,45 : 0.5566"
"45,5 : 0.5566"
"5,46 : 0.8301"
"46,5 : 0.8301"
"5,47 : 0.6147"
"47,5 : 0.6147"
"5,48 : 0.5045"
"48,5 : 0.5045"
"5,49 : 0.2953"
"49,5 : 0.2953"
"6,7 : 0.6353"
"7,6 : 0.6353"
"6,8 : 0.3821"
"8,6 : 0.3821"
"6,9 : 0.4442"
"9,6 : 0.4442"
"6,10 : 0.3606"
"10,6 : 0.3606"
"6,11 : 0.512"
"11,6 : 0.512"
"6,12 : 0.2617"
"12,6 : 0.2617"
"6,13 : 0.4686"
"13,6 : 0.4686"
"6,14 : 0.4295"
"14,6 : 0.4295"
"6,15 : 0.3625"
"15,6 : 0.3625"
"6,16 : 0.4219"
"16,6 : 0.4219"
"6,17 : 0.3585"
"17,6 : 0.3585"
"6,18 : 0.2062"
"18,6 : 0.2062"
"6,19 : 0.6081"
"19,6 : 0.6081"
"6,20 : 0.402"
"20,6 : 0.402"
"6,21 : 0.2419"
"21,6 : 0.2419"
"6,22 : 0.2907"
"22,6 : 0.2907"
"6,23 : 0.694"
"23,6 : 0.694"
"6,24 : 0.5772"
"24,6 : 0.5772"
"6,25 : 0.5009"
"25,6 : 0.5009"
"6,26 : 0.1432"
"26,6 : 0.1432"
"6,27 : 0.2404"
"27,6 : 0.2404"
"6,28 : 0.13"
"28,6 : 0.13"
"6,29 : 0.3041"
"29,6 : 0.3041"
"6,30 : 0.4491"
"30,6 : 0.4491"
"6,31 : 0.6507"
"31,6 : 0.6507"
"6,32 : 0.4061"
"32,6 : 0.4061"
"6,33 : 0.0728"
"33,6 : 0.0728"
"6,34 : 0.5941"
"34,6 : 0.5941"
"6,35 : 0.2126"
"35,6 : 0.2126"
"6,36 : 0.1513"
"36,6 : 0.1513"
"6,37 : 0.114"
"37,6 : 0.114"
"6,38 : 0.53"
"38,6 : 0.53"
"6,39 : 0.4754"
"39,6 : 0.4754"
"6,40 : 0.5501"
"40,6 : 0.5501"
"6,41 : 0.4875"
"41,6 : 0.4875"
"6,42 : 0.333"
"42,6 : 0.333"
"6,43 : 0.508"
"43,6 : 0.508"
"6,44 : 0.4855"
"44,6 : 0.4855"
"6,45 : 0.3574"
"45,6 : 0.3574"
"6,46 : 0.6444"
"46,6 : 0.6444"
"6,47 : 0.478"
"47,6 : 0.478"
"6,48 : 0.4684"
"48,6 : 0.4684"
"6,49 : 0.2062"
"49,6 : 0.2062"
"7,8 : 0.8202"
"8,7 : 0.8202"
"7,9 : 0.794"
"9,7 : 0.794"
"7,10 : 0.8658"
"10,7 : 0.8658"
"7,11 : 0.1992"
"11,7 : 0.1992"
"7,12 : 0.5914"
"12,7 : 0.5914"
"7,13 : 0.6325"
"13,7 : 0.6325"
"7,14 : 0.7455"
"14,7 : 0.7455"
"7,15 : 0.2746"
"15,7 : 0.2746"
"7,16 : 0.5337"
"16,7 : 0.5337"
"7,17 : 0.9043"
"17,7 : 0.9043"
"7,18 : 0.7398"
"18,7 : 0.7398"
"7,19 : 0.1838"
"19,7 : 0.1838"
"7,20 : 0.3758"
"20,7 : 0.3758"
"7,21 : 0.8443"
"21,7 : 0.8443"
"7,22 : 0.6382"
"22,7 : 0.6382"
"7,23 : 0.11"
"23,7 : 0.11"
"7,24 : 0.44"
"24,7 : 0.44"
"7,25 : 0.5665"
"25,7 : 0.5665"
"7,26 : 0.5608"
"26,7 : 0.5608"
"7,27 : 0.8233"
"27,7 : 0.8233"
"7,28 : 0.7245"
"28,7 : 0.7245"
"7,29 : 0.3312"
"29,7 : 0.3312"
"7,30 : 0.9849"
"30,7 : 0.9849"
"7,31 : 0.1749"
"31,7 : 0.1749"
"7,32 : 1.0288"
"32,7 : 1.0288"
"7,33 : 0.5644"
"33,7 : 0.5644"
"7,34 : 0.7453"
"34,7 : 0.7453"
"7,35 : 0.5946"
"35,7 : 0.5946"
"7,36 : 0.7029"
"36,7 : 0.7029"
"7,37 : 0.6263"
"37,7 : 0.6263"
"7,38 : 0.3176"
"38,7 : 0.3176"
"7,39 : 0.8782"
"39,7 : 0.8782"
"7,40 : 0.3102"
"40,7 : 0.3102"
"7,41 : 0.7826"
"41,7 : 0.7826"
"7,42 : 0.7816"
"42,7 : 0.7816"
"7,43 : 0.6185"
"43,7 : 0.6185"
"7,44 : 1.12"
"44,7 : 1.12"
"7,45 : 0.2907"
"45,7 : 0.2907"
"7,46 : 0.1526"
"46,7 : 0.1526"
"7,47 : 0.6168"
"47,7 : 0.6168"
"7,48 : 0.8645"
"48,7 : 0.8645"
"7,49 : 0.6181"
"49,7 : 0.6181"
"8,9 : 0.1044"
"9,8 : 0.1044"
"8,10 : 0.0894"
"10,8 : 0.0894"
"8,11 : 0.7788"
"11,8 : 0.7788"
"8,12 : 0.2309"
"12,8 : 0.2309"
"8,13 : 0.849"
"13,8 : 0.849"
"8,14 : 0.136"
"14,8 : 0.136"
"8,15 : 0.6042"
"15,8 : 0.6042"
"8,16 : 0.3311"
"16,8 : 0.3311"
"8,17 : 0.1565"
"17,8 : 0.1565"
"8,18 : 0.1803"
"18,8 : 0.1803"
"8,19 : 0.7061"
"19,8 : 0.7061"
"8,20 : 0.7335"
"20,8 : 0.7335"
"8,21 : 0.2508"
"21,8 : 0.2508"
"8,22 : 0.6727"
"22,8 : 0.6727"
"8,23 : 0.8302"
"23,8 : 0.8302"
"8,24 : 0.9213"
"24,8 : 0.9213"
"8,25 : 0.364"
"25,8 : 0.364"
"8,26 : 0.5174"
"26,8 : 0.5174"
"8,27 : 0.5442"
"27,8 : 0.5442"
"8,28 : 0.2693"
"28,8 : 0.2693"
"8,29 : 0.5482"
"29,8 : 0.5482"
"8,30 : 0.7398"
"30,8 : 0.7398"
"8,31 : 0.7495"
"31,8 : 0.7495"
"8,32 : 0.377"
"32,8 : 0.377"
"8,33 : 0.4201"
"33,8 : 0.4201"
"8,34 : 0.9762"
"34,8 : 0.9762"
"8,35 : 0.594"
"35,8 : 0.594"
"8,36 : 0.5131"
"36,8 : 0.5131"
"8,37 : 0.4958"
"37,8 : 0.4958"
"8,38 : 0.5661"
"38,8 : 0.5661"
"8,39 : 0.8319"
"39,8 : 0.8319"
"8,40 : 0.8603"
"40,8 : 0.8603"
"8,41 : 0.1676"
"41,8 : 0.1676"
"8,42 : 0.05"
"42,8 : 0.05"
"8,43 : 0.8862"
"43,8 : 0.8862"
"8,44 : 0.5604"
"44,8 : 0.5604"
"8,45 : 0.6236"
"45,8 : 0.6236"
"8,46 : 0.755"
"46,8 : 0.755"
"8,47 : 0.857"
"47,8 : 0.857"
"8,48 : 0.8276"
"48,8 : 0.8276"
"8,49 : 0.2247"
"49,8 : 0.2247"
"9,10 : 0.1931"
"10,9 : 0.1931"
"9,11 : 0.7783"
"11,9 : 0.7783"
"9,12 : 0.2332"
"12,9 : 0.2332"
"9,13 : 0.9003"
"13,9 : 0.9003"
"9,14 : 0.051"
"14,9 : 0.051"
"9,15 : 0.6054"
"15,9 : 0.6054"
"9,16 : 0.2729"
"16,9 : 0.2729"
"9,17 : 0.26"
"17,9 : 0.26"
"9,18 : 0.2596"
"18,9 : 0.2596"
"9,19 : 0.6619"
"19,9 : 0.6619"
"9,20 : 0.7572"
"20,9 : 0.7572"
"9,21 : 0.3501"
"21,9 : 0.3501"
"9,22 : 0.7324"
"22,9 : 0.7324"
"9,23 : 0.7906"
"23,9 : 0.7906"
"9,24 : 0.9458"
"24,9 : 0.9458"
"9,25 : 0.2864"
"25,9 : 0.2864"
"9,26 : 0.5685"
"26,9 : 0.5685"
"9,27 : 0.6306"
"27,9 : 0.6306"
"9,28 : 0.3479"
"28,9 : 0.3479"
"9,29 : 0.5546"
"29,9 : 0.5546"
"9,30 : 0.8319"
"30,9 : 0.8319"
"9,31 : 0.7035"
"31,9 : 0.7035"
"9,32 : 0.481"
"32,9 : 0.481"
"9,33 : 0.4686"
"33,9 : 0.4686"
"9,34 : 1.0323"
"34,9 : 1.0323"
"9,35 : 0.65"
"35,9 : 0.65"
"9,36 : 0.586"
"36,9 : 0.586"
"9,37 : 0.5576"
"37,9 : 0.5576"
"9,38 : 0.5148"
"38,9 : 0.5148"
"9,39 : 0.91"
"39,9 : 0.91"
"9,40 : 0.8721"
"40,9 : 0.8721"
"9,41 : 0.0632"
"41,9 : 0.0632"
"9,42 : 0.1304"
"42,9 : 0.1304"
"9,43 : 0.9338"
"43,9 : 0.9338"
"9,44 : 0.6648"
"44,9 : 0.6648"
"9,45 : 0.6307"
"45,9 : 0.6307"
"9,46 : 0.7118"
"46,9 : 0.7118"
"9,47 : 0.9061"
"47,9 : 0.9061"
"9,48 : 0.9047"
"48,9 : 0.9047"
"9,49 : 0.2546"
"49,9 : 0.2546"
"10,11 : 0.805"
"11,10 : 0.805"
"10,12 : 0.2766"
"12,10 : 0.2766"
"10,13 : 0.828"
"13,10 : 0.828"
"10,14 : 0.2247"
"14,10 : 0.2247"
"10,15 : 0.632"
"15,10 : 0.632"
"10,16 : 0.405"
"16,10 : 0.405"
"10,17 : 0.0671"
"17,10 : 0.0671"
"10,18 : 0.1565"
"18,10 : 0.1565"
"10,19 : 0.7654"
"19,10 : 0.7654"
"10,20 : 0.74"
"20,10 : 0.74"
"10,21 : 0.1803"
"21,10 : 0.1803"
"10,22 : 0.6454"
"22,10 : 0.6454"
"10,23 : 0.8853"
"23,10 : 0.8853"
"10,24 : 0.9248"
"24,10 : 0.9248"
"10,25 : 0.446"
"25,10 : 0.446"
"10,26 : 0.5025"
"26,10 : 0.5025"
"10,27 : 0.4876"
"27,10 : 0.4876"
"10,28 : 0.2343"
"28,10 : 0.2343"
"10,29 : 0.5731"
"29,10 : 0.5731"
"10,30 : 0.6736"
"30,10 : 0.6736"
"10,31 : 0.8096"
"31,10 : 0.8096"
"10,32 : 0.2879"
"32,10 : 0.2879"
"10,33 : 0.4115"
"33,10 : 0.4115"
"10,34 : 0.9492"
"34,10 : 0.9492"
"10,35 : 0.572"
"35,10 : 0.572"
"10,36 : 0.4742"
"36,10 : 0.4742"
"10,37 : 0.4701"
"37,10 : 0.4701"
"10,38 : 0.6316"
"38,10 : 0.6316"
"10,39 : 0.7823"
"39,10 : 0.7823"
"10,40 : 0.8756"
"40,10 : 0.8756"
"10,41 : 0.2563"
"41,10 : 0.2563"
"10,42 : 0.0943"
"42,10 : 0.0943"
"10,43 : 0.8684"
"43,10 : 0.8684"
"10,44 : 0.473"
"44,10 : 0.473"
"10,45 : 0.6463"
"45,10 : 0.6463"
"10,46 : 0.8132"
"46,10 : 0.8132"
"10,47 : 0.8382"
"47,10 : 0.8382"
"10,48 : 0.7794"
"48,10 : 0.7794"
"10,49 : 0.25"
"49,10 : 0.25"
"11,12 : 0.5508"
"12,11 : 0.5508"
"11,13 : 0.4332"
"13,11 : 0.4332"
"11,14 : 0.7354"
"14,11 : 0.7354"
"11,15 : 0.1746"
"15,11 : 0.1746"
"11,16 : 0.5547"
"16,11 : 0.5547"
"11,17 : 0.8305"
"17,11 : 0.8305"
"11,18 : 0.6603"
"18,11 : 0.6603"
"11,19 : 0.3276"
"19,11 : 0.3276"
"11,20 : 0.1803"
"20,11 : 0.1803"
"11,21 : 0.7443"
"21,11 : 0.7443"
"11,22 : 0.4528"
"22,11 : 0.4528"
"11,23 : 0.3059"
"23,11 : 0.3059"
"11,24 : 0.2571"
"24,11 : 0.2571"
"11,25 : 0.6107"
"25,11 : 0.6107"
"11,26 : 0.4072"
"26,11 : 0.4072"
"11,27 : 0.6637"
"27,11 : 0.6637"
"11,28 : 0.6229"
"28,11 : 0.6229"
"11,29 : 0.2319"
"29,11 : 0.2319"
"11,30 : 0.8066"
"30,11 : 0.8066"
"11,31 : 0.3413"
"31,11 : 0.3413"
"11,32 : 0.9178"
"32,11 : 0.9178"
"11,33 : 0.4393"
"33,11 : 0.4393"
"11,34 : 0.5474"
"34,11 : 0.5474"
"11,35 : 0.422"
"35,11 : 0.422"
"11,36 : 0.5459"
"36,11 : 0.5459"
"11,37 : 0.4742"
"37,11 : 0.4742"
"11,38 : 0.405"
"38,11 : 0.405"
"11,39 : 0.6851"
"39,11 : 0.6851"
"11,40 : 0.13"
"40,11 : 0.13"
"11,41 : 0.7829"
"41,11 : 0.7829"
"11,42 : 0.7335"
"42,11 : 0.7335"
"11,43 : 0.4198"
"43,11 : 0.4198"
"11,44 : 0.9823"
"44,11 : 0.9823"
"11,45 : 0.16"
"45,11 : 0.16"
"11,46 : 0.3206"
"46,11 : 0.3206"
"11,47 : 0.4176"
"47,11 : 0.4176"
"11,48 : 0.6712"
"48,11 : 0.6712"
"11,49 : 0.5573"
"49,11 : 0.5573"
"12,13 : 0.6824"
"13,12 : 0.6824"
"12,14 : 0.1985"
"14,12 : 0.1985"
"12,15 : 0.3764"
"15,12 : 0.3764"
"12,16 : 0.1746"
"16,12 : 0.1746"
"12,17 : 0.3231"
"17,12 : 0.3231"
"12,18 : 0.1838"
"18,12 : 0.1838"
"12,19 : 0.4904"
"19,12 : 0.4904"
"12,20 : 0.5243"
"20,12 : 0.5243"
"12,21 : 0.3114"
"21,12 : 0.3114"
"12,22 : 0.528"
"22,12 : 0.528"
"12,23 : 0.6088"
"23,12 : 0.6088"
"12,24 : 0.7128"
"24,12 : 0.7128"
"12,25 : 0.2474"
"25,12 : 0.2474"
"12,26 : 0.3578"
"26,12 : 0.3578"
"12,27 : 0.4916"
"27,12 : 0.4916"
"12,28 : 0.2285"
"28,12 : 0.2285"
"12,29 : 0.3231"
"29,12 : 0.3231"
"12,30 : 0.7026"
"30,12 : 0.7026"
"12,31 : 0.5349"
"31,12 : 0.5349"
"12,32 : 0.4958"
"32,12 : 0.4958"
"12,33 : 0.26"
"33,12 : 0.26"
"12,34 : 0.8184"
"34,12 : 0.8184"
"12,35 : 0.4428"
"35,12 : 0.4428"
"12,36 : 0.413"
"36,12 : 0.413"
"12,37 : 0.364"
"37,12 : 0.364"
"12,38 : 0.3636"
"38,12 : 0.3636"
"12,39 : 0.7355"
"39,12 : 0.7355"
"12,40 : 0.6398"
"40,12 : 0.6398"
"12,41 : 0.2546"
"41,12 : 0.2546"
"12,42 : 0.1903"
"42,12 : 0.1903"
"12,43 : 0.7122"
"43,12 : 0.7122"
"12,44 : 0.644"
"44,12 : 0.644"
"12,45 : 0.3992"
"45,12 : 0.3992"
"12,46 : 0.5376"
"46,12 : 0.5376"
"12,47 : 0.686"
"47,12 : 0.686"
"12,48 : 0.7278"
"48,12 : 0.7278"
"12,49 : 0.0632"
"49,12 : 0.0632"
"13,14 : 0.8762"
"14,13 : 0.8762"
"13,15 : 0.451"
"15,13 : 0.451"
"13,16 : 0.7879"
"16,13 : 0.7879"
"13,17 : 0.8184"
"17,13 : 0.8184"
"13,18 : 0.6748"
"18,13 : 0.6748"
"13,19 : 0.7333"
"19,13 : 0.7333"
"13,20 : 0.2631"
"20,13 : 0.2631"
"13,21 : 0.6848"
"21,13 : 0.6848"
"13,22 : 0.1879"
"22,13 : 0.1879"
"13,23 : 0.7376"
"23,13 : 0.7376"
"13,24 : 0.2561"
"24,13 : 0.2561"
"13,25 : 0.8654"
"25,13 : 0.8654"
"13,26 : 0.3324"
"26,13 : 0.3324"
"13,27 : 0.4357"
"27,13 : 0.4357"
"13,28 : 0.5941"
"28,13 : 0.5941"
"13,29 : 0.4491"
"29,13 : 0.4491"
"13,30 : 0.4713"
"30,13 : 0.4713"
"13,31 : 0.758"
"31,13 : 0.758"
"13,32 : 0.794"
"32,13 : 0.794"
"13,33 : 0.4319"
"33,13 : 0.4319"
"13,34 : 0.1393"
"34,13 : 0.1393"
"13,35 : 0.2561"
"35,13 : 0.2561"
"13,36 : 0.3716"
"36,13 : 0.3716"
"13,37 : 0.3581"
"37,13 : 0.3581"
"13,38 : 0.7543"
"38,13 : 0.7543"
"13,39 : 0.2884"
"39,13 : 0.2884"
"13,40 : 0.3467"
"40,13 : 0.3467"
"13,41 : 0.9341"
"41,13 : 0.9341"
"13,42 : 0.7993"
"42,13 : 0.7993"
"13,43 : 0.05"
"43,13 : 0.05"
"13,44 : 0.771"
"44,13 : 0.771"
"13,45 : 0.4105"
"45,13 : 0.4105"
"13,46 : 0.7398"
"46,13 : 0.7398"
"13,47 : 0.0224"
"47,13 : 0.0224"
"13,48 : 0.2746"
"48,13 : 0.2746"
"13,49 : 0.6466"
"49,13 : 0.6466"
"14,15 : 0.5636"
"15,14 : 0.5636"
"14,16 : 0.222"
"16,14 : 0.222"
"14,17 : 0.2915"
"17,14 : 0.2915"
"14,18 : 0.2608"
"18,14 : 0.2608"
"14,19 : 0.6113"
"19,14 : 0.6113"
"14,20 : 0.722"
"20,14 : 0.722"
"14,21 : 0.365"
"21,14 : 0.365"
"14,22 : 0.7134"
"22,14 : 0.7134"
"14,23 : 0.7403"
"23,14 : 0.7403"
"14,24 : 0.9102"
"24,14 : 0.9102"
"14,25 : 0.2371"
"25,14 : 0.2371"
"14,26 : 0.5464"
"26,14 : 0.5464"
"14,27 : 0.6297"
"27,14 : 0.6297"
"14,28 : 0.3453"
"28,14 : 0.3453"
"14,29 : 0.5148"
"29,14 : 0.5148"
"14,30 : 0.8349"
"30,14 : 0.8349"
"14,31 : 0.6528"
"31,14 : 0.6528"
"14,32 : 0.5099"
"32,14 : 0.5099"
"14,33 : 0.4465"
"33,14 : 0.4465"
"14,34 : 1.0102"
"34,14 : 1.0102"
"14,35 : 0.6297"
"35,14 : 0.6297"
"14,36 : 0.5758"
"36,14 : 0.5758"
"14,37 : 0.5412"
"37,14 : 0.5412"
"14,38 : 0.4639"
"38,14 : 0.4639"
"14,39 : 0.9014"
"39,14 : 0.9014"
"14,40 : 0.8324"
"40,14 : 0.8324"
"14,41 : 0.0583"
"41,14 : 0.0583"
"14,42 : 0.1456"
"42,14 : 0.1456"
"14,43 : 0.9079"
"43,14 : 0.9079"
"14,44 : 0.6895"
"44,14 : 0.6895"
"14,45 : 0.5906"
"45,14 : 0.5906"
"14,46 : 0.6612"
"46,14 : 0.6612"
"14,47 : 0.8809"
"47,14 : 0.8809"
"14,48 : 0.8954"
"48,14 : 0.8954"
"14,49 : 0.2302"
"49,14 : 0.2302"
"15,16 : 0.3962"
"16,15 : 0.3962"
"15,17 : 0.6601"
"17,15 : 0.6601"
"15,18 : 0.4904"
"18,15 : 0.4904"
"15,19 : 0.2973"
"19,15 : 0.2973"
"15,20 : 0.2025"
"20,15 : 0.2025"
"15,21 : 0.5825"
"21,15 : 0.5825"
"15,22 : 0.3956"
"22,15 : 0.3956"
"15,23 : 0.3471"
"23,15 : 0.3471"
"15,24 : 0.3701"
"24,15 : 0.3701"
"15,25 : 0.461"
"25,15 : 0.461"
"15,26 : 0.29"
"26,15 : 0.29"
"15,27 : 0.5517"
"27,15 : 0.5517"
"15,28 : 0.461"
"28,15 : 0.461"
"15,29 : 0.0608"
"29,15 : 0.0608"
"15,30 : 0.7242"
"30,15 : 0.7242"
"15,31 : 0.3311"
"31,15 : 0.3311"
"15,32 : 0.7624"
"32,15 : 0.7624"
"15,33 : 0.2907"
"33,15 : 0.2907"
"15,34 : 0.5855"
"34,15 : 0.5855"
"15,35 : 0.3362"
"35,15 : 0.3362"
"15,36 : 0.4314"
"36,15 : 0.4314"
"15,37 : 0.3538"
"37,15 : 0.3538"
"15,38 : 0.3041"
"38,15 : 0.3041"
"15,39 : 0.6451"
"39,15 : 0.6451"
"15,40 : 0.272"
"40,15 : 0.272"
"15,41 : 0.6129"
"41,15 : 0.6129"
"15,42 : 0.559"
"42,15 : 0.559"
"15,43 : 0.4571"
"43,15 : 0.4571"
"15,44 : 0.846"
"44,15 : 0.846"
"15,45 : 0.0412"
"45,15 : 0.0412"
"15,46 : 0.3176"
"46,15 : 0.3176"
"15,47 : 0.4428"
"47,15 : 0.4428"
"15,48 : 0.6325"
"48,15 : 0.6325"
"15,49 : 0.3833"
"49,15 : 0.3833"
"16,17 : 0.464"
"17,16 : 0.464"
"16,18 : 0.3523"
"18,16 : 0.3523"
"16,19 : 0.3901"
"19,16 : 0.3901"
"16,20 : 0.5841"
"20,16 : 0.5841"
"16,21 : 0.4801"
"21,16 : 0.4801"
"16,22 : 0.6573"
"22,16 : 0.6573"
"16,23 : 0.5201"
"23,16 : 0.5201"
"16,24 : 0.7642"
"24,16 : 0.7642"
"16,25 : 0.0806"
"25,16 : 0.0806"
"16,26 : 0.4884"
"26,16 : 0.4884"
"16,27 : 0.6592"
"27,16 : 0.6592"
"16,28 : 0.4031"
"28,16 : 0.4031"
"16,29 : 0.3624"
"29,16 : 0.3624"
"16,30 : 0.8698"
"30,16 : 0.8698"
"16,31 : 0.431"
"31,16 : 0.431"
"16,32 : 0.6586"
"32,16 : 0.6586"
"16,33 : 0.4011"
"33,16 : 0.4011"
"16,34 : 0.927"
"34,16 : 0.927"
"16,35 : 0.5727"
"35,16 : 0.5727"
"16,36 : 0.5704"
"36,16 : 0.5704"
"16,37 : 0.5109"
"37,16 : 0.5109"
"16,38 : 0.2419"
"38,16 : 0.2419"
"16,39 : 0.8836"
"39,16 : 0.8836"
"16,40 : 0.6671"
"40,16 : 0.6671"
"16,41 : 0.2508"
"41,16 : 0.2508"
"16,42 : 0.3106"
"42,16 : 0.3106"
"16,43 : 0.8095"
"43,16 : 0.8095"
"16,44 : 0.8154"
"44,16 : 0.8154"
"16,45 : 0.4314"
"45,16 : 0.4314"
"16,46 : 0.4401"
"46,16 : 0.4401"
"16,47 : 0.7872"
"47,16 : 0.7872"
"16,48 : 0.8746"
"48,16 : 0.8746"
"16,49 : 0.2377"
"49,16 : 0.2377"
"17,18 : 0.1703"
"18,17 : 0.1703"
"17,19 : 0.8134"
"19,17 : 0.8134"
"17,20 : 0.7519"
"20,17 : 0.7519"
"17,21 : 0.1421"
"21,17 : 0.1421"
"17,22 : 0.6325"
"22,17 : 0.6325"
"17,23 : 0.9301"
"23,17 : 0.9301"
"17,24 : 0.933"
"24,17 : 0.933"
"17,25 : 0.5091"
"25,17 : 0.5091"
"17,26 : 0.5016"
"26,17 : 0.5016"
"17,27 : 0.4522"
"27,17 : 0.4522"
"17,28 : 0.2285"
"28,17 : 0.2285"
"17,29 : 0.6"
"29,17 : 0.6"
"17,30 : 0.6277"
"30,17 : 0.6277"
"17,31 : 0.858"
"31,17 : 0.858"
"17,32 : 0.2214"
"32,17 : 0.2214"
"17,33 : 0.4176"
"33,17 : 0.4176"
"17,34 : 0.9341"
"34,17 : 0.9341"
"17,35 : 0.5644"
"35,17 : 0.5644"
"17,36 : 0.4545"
"36,17 : 0.4545"
"17,37 : 0.4614"
"37,17 : 0.4614"
"17,38 : 0.6843"
"38,17 : 0.6843"
"17,39 : 0.75"
"39,17 : 0.75"
"17,40 : 0.8927"
"40,17 : 0.8927"
"17,41 : 0.3231"
"41,17 : 0.3231"
"17,42 : 0.1556"
"42,17 : 0.1556"
"17,43 : 0.8609"
"43,17 : 0.8609"
"17,44 : 0.4079"
"44,17 : 0.4079"
"17,45 : 0.6707"
"45,17 : 0.6707"
"17,46 : 0.8603"
"46,17 : 0.8603"
"17,47 : 0.8301"
"47,17 : 0.8301"
"17,48 : 0.7481"
"48,17 : 0.7481"
"17,49 : 0.2864"
"49,17 : 0.2864"
"18,19 : 0.6619"
"19,18 : 0.6619"
"18,20 : 0.5852"
"20,18 : 0.5852"
"18,21 : 0.1281"
"21,18 : 0.1281"
"18,22 : 0.495"
"22,18 : 0.495"
"18,23 : 0.7725"
"23,18 : 0.7725"
"18,24 : 0.769"
"24,18 : 0.769"
"18,25 : 0.4159"
"25,18 : 0.4159"
"18,26 : 0.3467"
"26,18 : 0.3467"
"18,27 : 0.3711"
"27,18 : 0.3711"
"18,28 : 0.0894"
"28,18 : 0.0894"
"18,29 : 0.4301"
"29,18 : 0.4301"
"18,30 : 0.5743"
"30,18 : 0.5743"
"18,31 : 0.7066"
"31,18 : 0.7066"
"18,32 : 0.3124"
"32,18 : 0.3124"
"18,33 : 0.255"
"33,18 : 0.255"
"18,34 : 0.7991"
"34,18 : 0.7991"
"18,35 : 0.4187"
"35,18 : 0.4187"
"18,36 : 0.3329"
"36,18 : 0.3329"
"18,37 : 0.3183"
"37,18 : 0.3183"
"18,38 : 0.5441"
"38,18 : 0.5441"
"18,39 : 0.6531"
"39,18 : 0.6531"
"18,40 : 0.7237"
"40,18 : 0.7237"
"18,41 : 0.314"
"41,18 : 0.314"
"18,42 : 0.1342"
"42,18 : 0.1342"
"18,43 : 0.714"
"43,18 : 0.714"
"18,44 : 0.4632"
"44,18 : 0.4632"
"18,45 : 0.5004"
"45,18 : 0.5004"
"18,46 : 0.7068"
"46,18 : 0.7068"
"18,47 : 0.6841"
"47,18 : 0.6841"
"18,48 : 0.6485"
"48,18 : 0.6485"
"18,49 : 0.1304"
"49,18 : 0.1304"
"19,20 : 0.471"
"20,19 : 0.471"
"19,21 : 0.7803"
"21,19 : 0.7803"
"19,22 : 0.6929"
"22,19 : 0.6929"
"19,23 : 0.1315"
"23,19 : 0.1315"
"19,24 : 0.5846"
"24,19 : 0.5846"
"19,25 : 0.4061"
"25,19 : 0.4061"
"19,26 : 0.5745"
"26,19 : 0.5745"
"19,27 : 0.828"
"27,19 : 0.828"
"19,28 : 0.6685"
"28,19 : 0.6685"
"19,29 : 0.3312"
"29,19 : 0.3312"
"19,30 : 1.0136"
"30,19 : 1.0136"
"19,31 : 0.0447"
"31,19 : 0.0447"
"19,32 : 0.969"
"32,19 : 0.969"
"19,33 : 0.5456"
"33,19 : 0.5456"
"19,34 : 0.8602"
"34,19 : 0.8602"
"19,35 : 0.6307"
"35,19 : 0.6307"
"19,36 : 0.7103"
"36,19 : 0.7103"
"19,37 : 0.6325"
"37,19 : 0.6325"
"19,38 : 0.1513"
"38,19 : 0.1513"
"19,39 : 0.9424"
"39,19 : 0.9424"
"19,40 : 0.4561"
"40,19 : 0.4561"
"19,41 : 0.6401"
"41,19 : 0.6401"
"19,42 : 0.6745"
"42,19 : 0.6745"
"19,43 : 0.7303"
"43,19 : 0.7303"
"19,44 : 1.0871"
"44,19 : 1.0871"
"19,45 : 0.3324"
"45,19 : 0.3324"
"19,46 : 0.05"
"46,19 : 0.05"
"19,47 : 0.7217"
"47,19 : 0.7217"
"19,48 : 0.9297"
"48,19 : 0.9297"
"19,49 : 0.5323"
"49,19 : 0.5323"
"20,21 : 0.6438"
"21,20 : 0.6438"
"20,22 : 0.2766"
"22,20 : 0.2766"
"20,23 : 0.4776"
"23,20 : 0.4776"
"20,24 : 0.1887"
"24,20 : 0.1887"
"20,25 : 0.6546"
"25,20 : 0.6546"
"20,26 : 0.2707"
"26,20 : 0.2707"
"20,27 : 0.507"
"27,20 : 0.507"
"20,28 : 0.5277"
"28,20 : 0.5277"
"20,29 : 0.222"
"29,20 : 0.222"
"20,30 : 0.6325"
"30,20 : 0.6325"
"20,31 : 0.495"
"31,20 : 0.495"
"20,32 : 0.8006"
"32,20 : 0.8006"
"20,33 : 0.3354"
"33,20 : 0.3354"
"20,34 : 0.3901"
"34,20 : 0.3901"
"20,35 : 0.26"
"35,20 : 0.26"
"20,36 : 0.3956"
"36,20 : 0.3956"
"20,37 : 0.3338"
"37,20 : 0.3338"
"20,38 : 0.5045"
"38,20 : 0.5045"
"20,39 : 0.5048"
"39,20 : 0.5048"
"20,40 : 0.153"
"40,20 : 0.153"
"20,41 : 0.7762"
"41,20 : 0.7762"
"20,42 : 0.6845"
"42,20 : 0.6845"
"20,43 : 0.2602"
"43,20 : 0.2602"
"20,44 : 0.8393"
"44,20 : 0.8393"
"20,45 : 0.1616"
"45,20 : 0.1616"
"20,46 : 0.4768"
"46,20 : 0.4768"
"20,47 : 0.2508"
"47,20 : 0.2508"
"20,48 : 0.4909"
"48,20 : 0.4909"
"20,49 : 0.51"
"49,20 : 0.51"
"21,22 : 0.4974"
"22,21 : 0.4974"
"21,23 : 0.8857"
"23,21 : 0.8857"
"21,24 : 0.8179"
"24,21 : 0.8179"
"21,25 : 0.542"
"25,21 : 0.542"
"21,26 : 0.3808"
"26,21 : 0.3808"
"21,27 : 0.3106"
"27,21 : 0.3106"
"21,28 : 0.1217"
"28,21 : 0.1217"
"21,29 : 0.5217"
"29,21 : 0.5217"
"21,30 : 0.4934"
"30,21 : 0.4934"
"21,31 : 0.8249"
"31,21 : 0.8249"
"21,32 : 0.1887"
"32,21 : 0.1887"
"21,33 : 0.3102"
"33,21 : 0.3102"
"21,34 : 0.7963"
"34,21 : 0.7963"
"21,35 : 0.4346"
"35,21 : 0.4346"
"21,36 : 0.3162"
"36,21 : 0.3162"
"21,37 : 0.3324"
"37,21 : 0.3324"
"21,38 : 0.6684"
"38,21 : 0.6684"
"21,39 : 0.608"
"39,21 : 0.608"
"21,40 : 0.791"
"40,21 : 0.791"
"21,41 : 0.4111"
"41,21 : 0.4111"
"21,42 : 0.2209"
"42,21 : 0.2209"
"21,43 : 0.729"
"43,21 : 0.729"
"21,44 : 0.3362"
"44,21 : 0.3362"
"21,45 : 0.5855"
"45,21 : 0.5855"
"21,46 : 0.8237"
"46,21 : 0.8237"
"21,47 : 0.6977"
"47,21 : 0.6977"
"21,48 : 0.6061"
"48,21 : 0.6061"
"21,49 : 0.255"
"49,21 : 0.255"
"22,23 : 0.7306"
"23,22 : 0.7306"
"22,24 : 0.3785"
"24,22 : 0.3785"
"22,25 : 0.7376"
"25,22 : 0.7376"
"22,26 : 0.1709"
"26,22 : 0.1709"
"22,27 : 0.2602"
"27,22 : 0.2602"
"22,28 : 0.4111"
"28,22 : 0.4111"
"22,29 : 0.3688"
"29,22 : 0.3688"
"22,30 : 0.3561"
"30,22 : 0.3561"
"22,31 : 0.7262"
"31,22 : 0.7262"
"22,32 : 0.6088"
"32,22 : 0.6088"
"22,33 : 0.2683"
"33,22 : 0.2683"
"22,34 : 0.3041"
"34,22 : 0.3041"
"22,35 : 0.0854"
"35,22 : 0.0854"
"22,36 : 0.1838"
"36,22 : 0.1838"
"22,37 : 0.1769"
"37,22 : 0.1769"
"22,38 : 0.676"
"38,22 : 0.676"
"22,39 : 0.25"
"39,22 : 0.25"
"22,40 : 0.4168"
"40,22 : 0.4168"
"22,41 : 0.7718"
"41,22 : 0.7718"
"22,42 : 0.6237"
"42,22 : 0.6237"
"22,43 : 0.2341"
"43,22 : 0.2341"
"22,44 : 0.6013"
"44,22 : 0.6013"
"22,45 : 0.3625"
"45,22 : 0.3625"
"22,46 : 0.7118"
"46,22 : 0.7118"
"22,47 : 0.2025"
"47,22 : 0.2025"
"22,48 : 0.2377"
"48,22 : 0.2377"
"22,49 : 0.4837"
"49,22 : 0.4837"
"23,24 : 0.55"
"24,23 : 0.55"
"23,25 : 0.5376"
"25,23 : 0.5376"
"23,26 : 0.637"
"26,23 : 0.637"
"23,27 : 0.8981"
"27,23 : 0.8981"
"23,28 : 0.7694"
"28,23 : 0.7694"
"23,29 : 0.3962"
"29,23 : 0.3962"
"23,30 : 1.07"
"30,23 : 1.07"
"23,31 : 0.0985"
"31,23 : 0.0985"
"23,32 : 1.0733"
"32,23 : 1.0733"
"23,33 : 0.6263"
"33,23 : 0.6263"
"23,34 : 0.8533"
"34,23 : 0.8533"
"23,35 : 0.6801"
"35,23 : 0.6801"
"23,36 : 0.7779"
"36,23 : 0.7779"
"23,37 : 0.7001"
"37,23 : 0.7001"
"23,38 : 0.2828"
"38,23 : 0.2828"
"23,39 : 0.9749"
"39,23 : 0.9749"
"23,40 : 0.4201"
"40,23 : 0.4201"
"23,41 : 0.7706"
"41,23 : 0.7706"
"23,42 : 0.7962"
"42,23 : 0.7962"
"23,43 : 0.7257"
"43,23 : 0.7257"
"23,44 : 1.1789"
"44,23 : 1.1789"
"23,45 : 0.372"
"45,23 : 0.372"
"23,46 : 0.0825"
"46,23 : 0.0825"
"23,47 : 0.7228"
"47,23 : 0.7228"
"23,48 : 0.9615"
"48,23 : 0.9615"
"23,49 : 0.6451"
"49,23 : 0.6451"
"24,25 : 0.831"
"25,24 : 0.831"
"24,26 : 0.4374"
"26,24 : 0.4374"
"24,27 : 0.6364"
"27,24 : 0.6364"
"24,28 : 0.706"
"28,24 : 0.706"
"24,29 : 0.4031"
"29,24 : 0.4031"
"24,30 : 0.7159"
"30,24 : 0.7159"
"24,31 : 0.5968"
"31,24 : 0.5968"
"24,32 : 0.9625"
"32,24 : 0.9625"
"24,33 : 0.5155"
"33,24 : 0.5155"
"24,34 : 0.3265"
"34,24 : 0.3265"
"24,35 : 0.4"
"35,24 : 0.4"
"24,36 : 0.5401"
"36,24 : 0.5401"
"24,37 : 0.4925"
"37,24 : 0.4925"
"24,38 : 0.6531"
"38,24 : 0.6531"
"24,39 : 0.5441"
"39,24 : 0.5441"
"24,40 : 0.1304"
"40,24 : 0.1304"
"24,41 : 0.964"
"41,24 : 0.964"
"24,42 : 0.8721"
"42,24 : 0.8721"
"24,43 : 0.2193"
"43,24 : 0.2193"
"24,44 : 0.9774"
"44,24 : 0.9774"
"24,45 : 0.333"
"45,24 : 0.333"
"24,46 : 0.5756"
"46,24 : 0.5756"
"24,47 : 0.2343"
"47,24 : 0.2343"
"24,48 : 0.5301"
"48,24 : 0.5301"
"24,49 : 0.6984"
"49,24 : 0.6984"
"25,26 : 0.5689"
"26,25 : 0.5689"
"25,27 : 0.7368"
"27,25 : 0.7368"
"25,28 : 0.4743"
"28,25 : 0.4743"
"25,29 : 0.4327"
"29,25 : 0.4327"
"25,30 : 0.9476"
"30,25 : 0.9476"
"25,31 : 0.4428"
"31,25 : 0.4428"
"25,32 : 0.714"
"32,25 : 0.714"
"25,33 : 0.4817"
"33,25 : 0.4817"
"25,34 : 1.0046"
"34,25 : 1.0046"
"25,35 : 0.6531"
"35,25 : 0.6531"
"25,36 : 0.6501"
"36,25 : 0.6501"
"25,37 : 0.5914"
"37,25 : 0.5914"
"25,38 : 0.255"
"38,25 : 0.255"
"25,39 : 0.9642"
"39,25 : 0.9642"
"25,40 : 0.7284"
"40,25 : 0.7284"
"25,41 : 0.2474"
"41,25 : 0.2474"
"25,42 : 0.3536"
"42,25 : 0.3536"
"25,43 : 0.8857"
"43,25 : 0.8857"
"25,44 : 0.8782"
"44,25 : 0.8782"
"25,45 : 0.4982"
"45,25 : 0.4982"
"25,46 : 0.4554"
"46,25 : 0.4554"
"25,47 : 0.8641"
"47,25 : 0.8641"
"25,48 : 0.9552"
"48,25 : 0.9552"
"25,49 : 0.3105"
"49,25 : 0.3105"
"26,27 : 0.2625"
"27,26 : 0.2625"
"26,28 : 0.2731"
"28,26 : 0.2731"
"26,29 : 0.2441"
"29,26 : 0.2441"
"26,30 : 0.4391"
"30,26 : 0.4391"
"26,31 : 0.6129"
"31,26 : 0.6129"
"26,32 : 0.5301"
"32,26 : 0.5301"
"26,33 : 0.1"
"33,26 : 0.1"
"26,34 : 0.464"
"34,26 : 0.464"
"26,35 : 0.0854"
"35,26 : 0.0854"
"26,36 : 0.1421"
"36,26 : 0.1421"
"26,37 : 0.0671"
"37,26 : 0.0671"
"26,38 : 0.5316"
"38,26 : 0.5316"
"26,39 : 0.4001"
"39,26 : 0.4001"
"26,40 : 0.423"
"40,26 : 0.423"
"26,41 : 0.6046"
"41,26 : 0.6046"
"26,42 : 0.4675"
"42,26 : 0.4675"
"26,43 : 0.3688"
"43,26 : 0.3688"
"26,44 : 0.5758"
"44,26 : 0.5758"
"26,45 : 0.2702"
"45,26 : 0.2702"
"26,46 : 0.6022"
"46,26 : 0.6022"
"26,47 : 0.3397"
"47,26 : 0.3397"
"26,48 : 0.39"
"48,26 : 0.39"
"26,49 : 0.3162"
"49,26 : 0.3162"
"27,28 : 0.2844"
"28,27 : 0.2844"
"27,29 : 0.5025"
"29,27 : 0.5025"
"27,30 : 0.211"
"30,27 : 0.211"
"27,31 : 0.8683"
"31,27 : 0.8683"
"27,32 : 0.3667"
"32,27 : 0.3667"
"27,33 : 0.2865"
"33,27 : 0.2865"
"27,34 : 0.52"
"34,27 : 0.52"
"27,35 : 0.247"
"35,27 : 0.247"
"27,36 : 0.1204"
"36,27 : 0.1204"
"27,37 : 0.198"
"37,27 : 0.198"
"27,38 : 0.7648"
"38,27 : 0.7648"
"27,39 : 0.2983"
"39,27 : 0.2983"
"27,40 : 0.6579"
"40,27 : 0.6579"
"27,41 : 0.6845"
"41,27 : 0.6845"
"27,42 : 0.5029"
"42,27 : 0.5029"
"27,43 : 0.4851"
"43,27 : 0.4851"
"27,44 : 0.3413"
"44,27 : 0.3413"
"27,45 : 0.5326"
"45,27 : 0.5326"
"27,46 : 0.8591"
"46,27 : 0.8591"
"27,47 : 0.454"
"47,27 : 0.454"
"27,48 : 0.2973"
"48,27 : 0.2973"
"27,49 : 0.4305"
"49,27 : 0.4305"
"28,29 : 0.4002"
"29,28 : 0.4002"
"28,30 : 0.4909"
"30,28 : 0.4909"
"28,31 : 0.7128"
"31,28 : 0.7128"
"28,32 : 0.3046"
"32,28 : 0.3046"
"28,33 : 0.1924"
"33,28 : 0.1924"
"28,34 : 0.7151"
"34,28 : 0.7151"
"28,35 : 0.3384"
"35,28 : 0.3384"
"28,36 : 0.2441"
"36,28 : 0.2441"
"28,37 : 0.236"
"37,28 : 0.236"
"28,38 : 0.5657"
"38,28 : 0.5657"
"28,39 : 0.5636"
"39,28 : 0.5636"
"28,40 : 0.6727"
"40,28 : 0.6727"
"28,41 : 0.4002"
"41,28 : 0.4002"
"28,42 : 0.2236"
"42,28 : 0.2236"
"28,43 : 0.6351"
"43,28 : 0.6351"
"28,44 : 0.4245"
"44,28 : 0.4245"
"28,45 : 0.4639"
"45,28 : 0.4639"
"28,46 : 0.7102"
"46,28 : 0.7102"
"28,47 : 0.6046"
"47,28 : 0.6046"
"28,48 : 0.559"
"48,28 : 0.559"
"28,49 : 0.1655"
"49,28 : 0.1655"
"29,30 : 0.6826"
"30,29 : 0.6826"
"29,31 : 0.3689"
"31,29 : 0.3689"
"29,32 : 0.7021"
"32,29 : 0.7021"
"29,33 : 0.2332"
"33,29 : 0.2332"
"29,34 : 0.5869"
"34,29 : 0.5869"
"29,35 : 0.3008"
"35,29 : 0.3008"
"29,36 : 0.3829"
"36,29 : 0.3829"
"29,37 : 0.3048"
"37,29 : 0.3048"
"29,38 : 0.3102"
"38,29 : 0.3102"
"29,39 : 0.6185"
"39,29 : 0.6185"
"29,40 : 0.3176"
"40,29 : 0.3176"
"29,41 : 0.566"
"41,29 : 0.566"
"29,42 : 0.5022"
"42,29 : 0.5022"
"29,43 : 0.4617"
"43,29 : 0.4617"
"29,44 : 0.7889"
"44,29 : 0.7889"
"29,45 : 0.0762"
"45,29 : 0.0762"
"29,46 : 0.3581"
"46,29 : 0.3581"
"29,47 : 0.4438"
"47,29 : 0.4438"
"29,48 : 0.6064"
"48,29 : 0.6064"
"29,49 : 0.3256"
"49,29 : 0.3256"
"30,31 : 1.0515"
"31,30 : 1.0515"
"30,32 : 0.4827"
"32,30 : 0.4827"
"30,33 : 0.487"
"33,30 : 0.487"
"30,34 : 0.5001"
"34,30 : 0.5001"
"30,35 : 0.3905"
"35,30 : 0.3905"
"30,36 : 0.3102"
"36,30 : 0.3102"
"30,37 : 0.3848"
"37,30 : 0.3848"
"30,38 : 0.9638"
"38,30 : 0.9638"
"30,39 : 0.211"
"39,30 : 0.211"
"30,40 : 0.771"
"40,30 : 0.771"
"30,41 : 0.8881"
"41,30 : 0.8881"
"30,42 : 0.7021"
"42,30 : 0.7021"
"30,43 : 0.5192"
"43,30 : 0.5192"
"30,44 : 0.3672"
"44,30 : 0.3672"
"30,45 : 0.6981"
"45,30 : 0.6981"
"30,46 : 1.0401"
"46,30 : 1.0401"
"30,47 : 0.4934"
"47,30 : 0.4934"
"30,48 : 0.2202"
"48,30 : 0.2202"
"30,49 : 0.6412"
"49,30 : 0.6412"
"31,32 : 1.0136"
"32,31 : 1.0136"
"31,33 : 0.5873"
"33,31 : 0.5873"
"31,34 : 0.882"
"34,31 : 0.882"
"31,35 : 0.6665"
"35,31 : 0.6665"
"31,36 : 0.75"
"36,31 : 0.75"
"31,37 : 0.672"
"37,31 : 0.672"
"31,38 : 0.19"
"38,31 : 0.19"
"31,39 : 0.975"
"39,31 : 0.975"
"31,40 : 0.4669"
"40,31 : 0.4669"
"31,41 : 0.6801"
"41,31 : 0.6801"
"31,42 : 0.7184"
"42,31 : 0.7184"
"31,43 : 0.7524"
"43,31 : 0.7524"
"31,44 : 1.1307"
"44,31 : 1.1307"
"31,45 : 0.364"
"45,31 : 0.364"
"31,46 : 0.0224"
"46,31 : 0.0224"
"31,47 : 0.7455"
"47,31 : 0.7455"
"31,48 : 0.9621"
"48,31 : 0.9621"
"31,49 : 0.577"
"49,31 : 0.577"
"32,33 : 0.4785"
"33,32 : 0.4785"
"32,34 : 0.8864"
"34,32 : 0.8864"
"32,35 : 0.5644"
"35,32 : 0.5644"
"32,36 : 0.4276"
"36,32 : 0.4276"
"32,37 : 0.4704"
"37,32 : 0.4704"
"32,38 : 0.856"
"38,32 : 0.856"
"32,39 : 0.65"
"39,32 : 0.65"
"32,40 : 0.9519"
"40,32 : 0.9519"
"32,41 : 0.5442"
"41,32 : 0.5442"
"32,42 : 0.3672"
"42,32 : 0.3672"
"32,43 : 0.842"
"43,32 : 0.842"
"32,44 : 0.1903"
"44,32 : 0.1903"
"32,45 : 0.7616"
"45,32 : 0.7616"
"32,46 : 1.0121"
"46,32 : 1.0121"
"32,47 : 0.8104"
"47,32 : 0.8104"
"32,48 : 0.6522"
"48,32 : 0.6522"
"32,49 : 0.442"
"49,32 : 0.442"
"33,34 : 0.564"
"34,33 : 0.564"
"33,35 : 0.1836"
"35,33 : 0.1836"
"33,36 : 0.1772"
"36,33 : 0.1772"
"33,37 : 0.11"
"37,33 : 0.11"
"33,38 : 0.4785"
"38,33 : 0.4785"
"33,39 : 0.4826"
"39,33 : 0.4826"
"33,40 : 0.4809"
"40,33 : 0.4809"
"33,41 : 0.5048"
"41,33 : 0.5048"
"33,42 : 0.3701"
"42,33 : 0.3701"
"33,43 : 0.4669"
"43,33 : 0.4669"
"33,44 : 0.5557"
"44,33 : 0.5557"
"33,45 : 0.2846"
"45,33 : 0.2846"
"33,46 : 0.5798"
"46,33 : 0.5798"
"33,47 : 0.4384"
"47,33 : 0.4384"
"33,48 : 0.4738"
"48,33 : 0.4738"
"33,49 : 0.2163"
"49,33 : 0.2163"
"34,35 : 0.3829"
"35,34 : 0.3829"
"34,36 : 0.4801"
"36,34 : 0.4801"
"34,37 : 0.4808"
"37,34 : 0.4808"
"34,38 : 0.8896"
"38,34 : 0.8896"
"34,39 : 0.2915"
"39,34 : 0.2915"
"34,40 : 0.4427"
"40,34 : 0.4427"
"34,41 : 1.0683"
"41,34 : 1.0683"
"34,42 : 0.927"
"42,34 : 0.927"
"34,43 : 0.13"
"43,34 : 0.13"
"34,44 : 0.8374"
"44,34 : 0.8374"
"34,45 : 0.5445"
"45,34 : 0.5445"
"34,46 : 0.8628"
"46,34 : 0.8628"
"34,47 : 0.1432"
"47,34 : 0.1432"
"34,48 : 0.2807"
"48,34 : 0.2807"
"34,49 : 0.7801"
"49,34 : 0.7801"
"35,36 : 0.1404"
"36,35 : 0.1404"
"35,37 : 0.103"
"37,35 : 0.103"
"35,38 : 0.6021"
"38,35 : 0.6021"
"35,39 : 0.3225"
"39,35 : 0.3225"
"35,40 : 0.4111"
"40,35 : 0.4111"
"35,41 : 0.688"
"41,35 : 0.688"
"35,42 : 0.5445"
"42,35 : 0.5445"
"35,43 : 0.2968"
"43,35 : 0.2968"
"35,44 : 0.5825"
"44,35 : 0.5825"
"35,45 : 0.3081"
"45,35 : 0.3081"
"35,46 : 0.6537"
"46,35 : 0.6537"
"35,47 : 0.2663"
"47,35 : 0.2663"
"35,48 : 0.3114"
"48,35 : 0.3114"
"35,49 : 0.3996"
"49,35 : 0.3996"
"36,37 : 0.0781"
"37,36 : 0.0781"
"36,38 : 0.6539"
"38,36 : 0.6539"
"36,39 : 0.3257"
"39,36 : 0.3257"
"36,40 : 0.5482"
"40,36 : 0.5482"
"36,41 : 0.6332"
"41,36 : 0.6332"
"36,42 : 0.4665"
"42,36 : 0.4665"
"36,43 : 0.4179"
"43,36 : 0.4179"
"36,44 : 0.4438"
"44,36 : 0.4438"
"36,45 : 0.4123"
"45,36 : 0.4123"
"36,46 : 0.7403"
"46,36 : 0.7403"
"36,47 : 0.3863"
"47,36 : 0.3863"
"36,48 : 0.3195"
"48,36 : 0.3195"
"36,49 : 0.3569"
"49,36 : 0.3569"
"37,38 : 0.5794"
"38,37 : 0.5794"
"37,39 : 0.3734"
"39,37 : 0.3734"
"37,40 : 0.4866"
"40,37 : 0.4866"
"37,41 : 0.5994"
"41,37 : 0.5994"
"37,42 : 0.4469"
"42,37 : 0.4469"
"37,43 : 0.3996"
"43,37 : 0.3996"
"37,44 : 0.5092"
"44,37 : 0.5092"
"37,45 : 0.336"
"45,37 : 0.336"
"37,46 : 0.6622"
"46,37 : 0.6622"
"37,47 : 0.3689"
"47,37 : 0.3689"
"37,48 : 0.365"
"48,37 : 0.365"
"37,49 : 0.3138"
"49,37 : 0.3138"
"38,39 : 0.924"
"39,38 : 0.924"
"38,40 : 0.5334"
"40,38 : 0.5334"
"38,41 : 0.4901"
"41,38 : 0.4901"
"38,42 : 0.5385"
"42,38 : 0.5385"
"38,43 : 0.7612"
"43,38 : 0.7612"
"38,44 : 0.9901"
"44,38 : 0.9901"
"38,45 : 0.3453"
"45,38 : 0.3453"
"38,46 : 0.201"
"46,38 : 0.201"
"38,47 : 0.7467"
"47,38 : 0.7467"
"38,48 : 0.9124"
"48,38 : 0.9124"
"38,49 : 0.414"
"49,38 : 0.414"
"39,40 : 0.6224"
"40,39 : 0.6224"
"39,41 : 0.9586"
"41,39 : 0.9586"
"39,42 : 0.7872"
"42,39 : 0.7872"
"39,43 : 0.3312"
"43,39 : 0.3312"
"39,44 : 0.5665"
"44,39 : 0.5665"
"39,45 : 0.611"
"45,39 : 0.611"
"39,46 : 0.9601"
"46,39 : 0.9601"
"39,47 : 0.3106"
"47,39 : 0.3106"
"39,48 : 0.0141"
"48,39 : 0.0141"
"39,49 : 0.6815"
"49,39 : 0.6815"
"40,41 : 0.8832"
"41,40 : 0.8832"
"40,42 : 0.8127"
"42,40 : 0.8127"
"40,43 : 0.322"
"43,40 : 0.322"
"40,44 : 0.992"
"44,40 : 0.992"
"40,45 : 0.2419"
"45,40 : 0.2419"
"40,46 : 0.4455"
"46,40 : 0.4455"
"40,47 : 0.3276"
"47,40 : 0.3276"
"40,48 : 0.6083"
"48,40 : 0.6083"
"40,49 : 0.6357"
"49,40 : 0.6357"
"41,42 : 0.1903"
"42,41 : 0.1903"
"41,43 : 0.9654"
"43,41 : 0.9654"
"41,44 : 0.728"
"44,41 : 0.728"
"41,45 : 0.6414"
"45,41 : 0.6414"
"41,46 : 0.6901"
"46,41 : 0.6901"
"41,47 : 0.9386"
"47,41 : 0.9386"
"41,48 : 0.9527"
"48,41 : 0.9527"
"41,49 : 0.2884"
"49,41 : 0.2884"
"42,43 : 0.8363"
"43,42 : 0.8363"
"42,44 : 0.5442"
"44,42 : 0.5442"
"42,45 : 0.5772"
"45,42 : 0.5772"
"42,46 : 0.7228"
"46,42 : 0.7228"
"42,47 : 0.8072"
"47,42 : 0.8072"
"42,48 : 0.7826"
"48,42 : 0.7826"
"42,49 : 0.1772"
