x,y
0.97,0.0
0.22,0.62
0.43,0.81
0.27,0.75
0.35,0.3
0.76,0.26
0.83,0.55
0.79,0.46
0.02,0.78
0.11,0.38
0.05,0.34
0.27,0.54
0.73,0.79
0.3,0.87
0.02,0.59
0.14,0.79
0.84,0.29
0.69,0.6
0.77,0.15
0.74,0.9
0.98,0.61
0.53,0.43
0.74,0.13
0.58,0.67
0.97,0.03
0.07,0.85
0.87,0.63
0.03,0.3
0.36,0.17
0.03,0.08
0.23,0.88
0.52,0.36
0.84,0.83
0.5,0.83
0.94,0.36
0.06,0.12
0.32,0.01
0.76,0.93
0.62,0.6
0.96,0.18
0.43,0.07
0.11,0.77
0.92,0.13
0.99,0.24
0.38,0.83
0.9,0.17
0.87,0.47
0.51,0.95
0.83,0.72
0.37,0.54

Distanze
"0,1 : 0.9731"
"1,0 : 0.9731"
"0,2 : 0.9735"
"2,0 : 0.9735"
"0,3 : 1.0259"
"3,0 : 1.0259"
"0,4 : 0.6888"
"4,0 : 0.6888"
"0,5 : 0.3342"
"5,0 : 0.3342"
"0,6 : 0.5675"
"6,0 : 0.5675"
"0,7 : 0.494"
"7,0 : 0.494"
"0,8 : 1.2292"
"8,0 : 1.2292"
"0,9 : 0.9402"
"9,0 : 0.9402"
"0,10 : 0.9808"
"10,0 : 0.9808"
"0,11 : 0.8841"
"11,0 : 0.8841"
"0,12 : 0.8257"
"12,0 : 0.8257"
"0,13 : 1.0981"
"13,0 : 1.0981"
"0,14 : 1.1183"
"14,0 : 1.1183"
"0,15 : 1.1459"
"15,0 : 1.1459"
"0,16 : 0.3178"
"16,0 : 0.3178"
"0,17 : 0.6621"
"17,0 : 0.6621"
"0,18 : 0.25"
"18,0 : 0.25"
"0,19 : 0.9289"
"19,0 : 0.9289"
"0,20 : 0.6101"
"20,0 : 0.6101"
"0,21 : 0.6152"
"21,0 : 0.6152"
"0,22 : 0.2642"
"22,0 : 0.2642"
"0,23 : 0.7752"
"23,0 : 0.7752"
"0,24 : 0.03"
"24,0 : 0.03"
"0,25 : 1.2379"
"25,0 : 1.2379"
"0,26 : 0.6379"
"26,0 : 0.6379"
"0,27 : 0.9867"
"27,0 : 0.9867"
"0,28 : 0.6332"
"28,0 : 0.6332"
"0,29 : 0.9434"
"29,0 : 0.9434"
"0,30 : 1.1498"
"30,0 : 1.1498"
"0,31 : 0.5763"
"31,0 : 0.5763"
"0,32 : 0.8401"
"32,0 : 0.8401"
"0,33 : 0.9538"
"33,0 : 0.9538"
"0,34 : 0.3612"
"34,0 : 0.3612"
"0,35 : 0.9179"
"35,0 : 0.9179"
"0,36 : 0.6501"
"36,0 : 0.6501"
"0,37 : 0.9534"
"37,0 : 0.9534"
"0,38 : 0.6946"
"38,0 : 0.6946"
"0,39 : 0.1803"
"39,0 : 0.1803"
"0,40 : 0.5445"
"40,0 : 0.5445"
"0,41 : 1.1543"
"41,0 : 1.1543"
"0,42 : 0.1393"
"42,0 : 0.1393"
"0,43 : 0.2408"
"43,0 : 0.2408"
"0,44 : 1.0183"
"44,0 : 1.0183"
"0,45 : 0.1838"
"45,0 : 0.1838"
"0,46 : 0.4805"
"46,0 : 0.4805"
"0,47 : 1.0555"
"47,0 : 1.0555"
"0,48 : 0.7335"
"48,0 : 0.7335"
"0,49 : 0.8072"
"49,0 : 0.8072"
"1,2 : 0.2832"
"2,1 : 0.2832"
"1,3 : 0.1393"
"3,1 : 0.1393"
"1,4 : 0.3454"
"4,1 : 0.3454"
"1,5 : 0.649"
"5,1 : 0.649"
"1,6 : 0.614"
"6,1 : 0.614"
"1,7 : 0.592"
"7,1 : 0.592"
"1,8 : 0.2561"
"8,1 : 0.2561"
"1,9 : 0.264"
"9,1 : 0.264"
"1,10 : 0.3276"
"10,1 : 0.3276"
"1,11 : 0.0943"
"11,1 : 0.0943"
"1,12 : 0.5376"
"12,1 : 0.5376"
"1,13 : 0.2625"
"13,1 : 0.2625"
"1,14 : 0.2022"
"14,1 : 0.2022"
"1,15 : 0.1879"
"15,1 : 0.1879"
"1,16 : 0.7024"
"16,1 : 0.7024"
"1,17 : 0.4704"
"17,1 : 0.4704"
"1,18 : 0.7235"
"18,1 : 0.7235"
"1,19 : 0.5906"
"19,1 : 0.5906"
"1,20 : 0.7601"
"20,1 : 0.7601"
"1,21 : 0.3636"
"21,1 : 0.3636"
"1,22 : 0.7145"
"22,1 : 0.7145"
"1,23 : 0.3635"
"23,1 : 0.3635"
"1,24 : 0.9543"
"24,1 : 0.9543"
"1,25 : 0.2746"
"25,1 : 0.2746"
"1,26 : 0.6501"
"26,1 : 0.6501"
"1,27 : 0.3722"
"27,1 : 0.3722"
"1,28 : 0.4713"
"28,1 : 0.4713"
"1,29 : 0.5725"
"29,1 : 0.5725"
"1,30 : 0.2602"
"30,1 : 0.2602"
"1,31 : 0.397"
"31,1 : 0.397"
"1,32 : 0.6546"
"32,1 : 0.6546"
"1,33 : 0.35"
"33,1 : 0.35"
"1,34 : 0.7655"
"34,1 : 0.7655"
"1,35 : 0.525"
"35,1 : 0.525"
"1,36 : 0.6181"
"36,1 : 0.6181"
"1,37 : 0.6227"
"37,1 : 0.6227"
"1,38 : 0.4005"
"38,1 : 0.4005"
"1,39 : 0.8609"
"39,1 : 0.8609"
"1,40 : 0.5887"
"40,1 : 0.5887"
"1,41 : 0.186"
"41,1 : 0.186"
"1,42 : 0.8545"
"42,1 : 0.8545"
"1,43 : 0.8587"
"43,1 : 0.8587"
"1,44 : 0.264"
"44,1 : 0.264"
"1,45 : 0.8154"
"45,1 : 0.8154"
"1,46 : 0.6671"
"46,1 : 0.6671"
"1,47 : 0.4393"
"47,1 : 0.4393"
"1,48 : 0.6181"
"48,1 : 0.6181"
"1,49 : 0.17"
"49,1 : 0.17"
"2,3 : 0.1709"
"3,2 : 0.1709"
"2,4 : 0.5162"
"4,2 : 0.5162"
"2,5 : 0.6414"
"5,2 : 0.6414"
"2,6 : 0.4771"
"6,2 : 0.4771"
"2,7 : 0.5021"
"7,2 : 0.5021"
"2,8 : 0.4111"
"8,2 : 0.4111"
"2,9 : 0.536"
"9,2 : 0.536"
"2,10 : 0.6044"
"10,2 : 0.6044"
"2,11 : 0.3138"
"11,2 : 0.3138"
"2,12 : 0.3007"
"12,2 : 0.3007"
"2,13 : 0.1432"
"13,2 : 0.1432"
"2,14 : 0.4653"
"14,2 : 0.4653"
"2,15 : 0.2907"
"15,2 : 0.2907"
"2,16 : 0.6622"
"16,2 : 0.6622"
"2,17 : 0.3342"
"17,2 : 0.3342"
"2,18 : 0.7424"
"18,2 : 0.7424"
"2,19 : 0.3228"
"19,2 : 0.3228"
"2,20 : 0.5852"
"20,2 : 0.5852"
"2,21 : 0.3929"
"21,2 : 0.3929"
"2,22 : 0.7473"
"22,2 : 0.7473"
"2,23 : 0.2052"
"23,2 : 0.2052"
"2,24 : 0.9487"
"24,2 : 0.9487"
"2,25 : 0.3622"
"25,2 : 0.3622"
"2,26 : 0.4754"
"26,2 : 0.4754"
"2,27 : 0.6482"
"27,2 : 0.6482"
"2,28 : 0.6438"
"28,2 : 0.6438"
"2,29 : 0.8324"
"29,2 : 0.8324"
"2,30 : 0.2119"
"30,2 : 0.2119"
"2,31 : 0.4589"
"31,2 : 0.4589"
"2,32 : 0.4105"
"32,2 : 0.4105"
"2,33 : 0.0728"
"33,2 : 0.0728"
"2,34 : 0.6801"
"34,2 : 0.6801"
"2,35 : 0.7829"
"35,2 : 0.7829"
"2,36 : 0.8075"
"36,2 : 0.8075"
"2,37 : 0.3511"
"37,2 : 0.3511"
"2,38 : 0.2832"
"38,2 : 0.2832"
"2,39 : 0.8233"
"39,2 : 0.8233"
"2,40 : 0.74"
"40,2 : 0.74"
"2,41 : 0.3225"
"41,2 : 0.3225"
"2,42 : 0.8382"
"42,2 : 0.8382"
"2,43 : 0.7991"
"43,2 : 0.7991"
"2,44 : 0.0539"
"44,2 : 0.0539"
"2,45 : 0.794"
"45,2 : 0.794"
"2,46 : 0.5561"
"46,2 : 0.5561"
"2,47 : 0.1612"
"47,2 : 0.1612"
"2,48 : 0.41"
"48,2 : 0.41"
"2,49 : 0.2766"
"49,2 : 0.2766"
"3,4 : 0.4571"
"4,3 : 0.4571"
"3,5 : 0.693"
"5,3 : 0.693"
"3,6 : 0.5946"
"6,3 : 0.5946"
"3,7 : 0.5954"
"7,3 : 0.5954"
"3,8 : 0.2518"
"8,3 : 0.2518"
"3,9 : 0.4031"
"9,3 : 0.4031"
"3,10 : 0.4653"
"10,3 : 0.4653"
"3,11 : 0.21"
"11,3 : 0.21"
"3,12 : 0.4617"
"12,3 : 0.4617"
"3,13 : 0.1237"
"13,3 : 0.1237"
"3,14 : 0.2968"
"14,3 : 0.2968"
"3,15 : 0.136"
"15,3 : 0.136"
"3,16 : 0.7325"
"16,3 : 0.7325"
"3,17 : 0.446"
"17,3 : 0.446"
"3,18 : 0.781"
"18,3 : 0.781"
"3,19 : 0.4934"
"19,3 : 0.4934"
"3,20 : 0.7237"
"20,3 : 0.7237"
"3,21 : 0.4123"
"21,3 : 0.4123"
"3,22 : 0.778"
"22,3 : 0.778"
"3,23 : 0.3202"
"23,3 : 0.3202"
"3,24 : 1.0042"
"24,3 : 1.0042"
"3,25 : 0.2236"
"25,3 : 0.2236"
"3,26 : 0.6119"
"26,3 : 0.6119"
"3,27 : 0.51"
"27,3 : 0.51"
"3,28 : 0.5869"
"28,3 : 0.5869"
"3,29 : 0.7117"
"29,3 : 0.7117"
"3,30 : 0.136"
"30,3 : 0.136"
"3,31 : 0.4632"
"31,3 : 0.4632"
"3,32 : 0.5756"
"32,3 : 0.5756"
"3,33 : 0.2435"
"33,3 : 0.2435"
"3,34 : 0.7752"
"34,3 : 0.7752"
"3,35 : 0.6641"
"35,3 : 0.6641"
"3,36 : 0.7417"
"36,3 : 0.7417"
"3,37 : 0.522"
"37,3 : 0.522"
"3,38 : 0.3808"
"38,3 : 0.3808"
"3,39 : 0.895"
"39,3 : 0.895"
"3,40 : 0.6986"
"40,3 : 0.6986"
"3,41 : 0.1612"
"41,3 : 0.1612"
"3,42 : 0.8983"
"42,3 : 0.8983"
"3,43 : 0.8823"
"43,3 : 0.8823"
"3,44 : 0.136"
"44,3 : 0.136"
"3,45 : 0.8563"
"45,3 : 0.8563"
"3,46 : 0.6621"
"46,3 : 0.6621"
"3,47 : 0.3124"
"47,3 : 0.3124"
"3,48 : 0.5608"
"48,3 : 0.5608"
"3,49 : 0.2326"
"49,3 : 0.2326"
"4,5 : 0.4119"
"5,4 : 0.4119"
"4,6 : 0.5412"
"6,4 : 0.5412"
"4,7 : 0.4682"
"7,4 : 0.4682"
"4,8 : 0.5825"
"8,4 : 0.5825"
"4,9 : 0.253"
"9,4 : 0.253"
"4,10 : 0.3027"
"10,4 : 0.3027"
"4,11 : 0.253"
"11,4 : 0.253"
"4,12 : 0.6201"
"12,4 : 0.6201"
"4,13 : 0.5722"
"13,4 : 0.5722"
"4,14 : 0.4393"
"14,4 : 0.4393"
"4,15 : 0.5331"
"15,4 : 0.5331"
"4,16 : 0.4901"
"16,4 : 0.4901"
"4,17 : 0.4534"
"17,4 : 0.4534"
"4,18 : 0.446"
"18,4 : 0.446"
"4,19 : 0.7156"
"19,4 : 0.7156"
"4,20 : 0.7021"
"20,4 : 0.7021"
"4,21 : 0.222"
"21,4 : 0.222"
"4,22 : 0.4254"
"22,4 : 0.4254"
"4,23 : 0.4357"
"23,4 : 0.4357"
"4,24 : 0.6762"
"24,4 : 0.6762"
"4,25 : 0.6172"
"25,4 : 0.6172"
"4,26 : 0.6159"
"26,4 : 0.6159"
"4,27 : 0.32"
"27,4 : 0.32"
"4,28 : 0.1304"
"28,4 : 0.1304"
"4,29 : 0.3883"
"29,4 : 0.3883"
"4,30 : 0.5923"
"30,4 : 0.5923"
"4,31 : 0.1803"
"31,4 : 0.1803"
"4,32 : 0.7218"
"32,4 : 0.7218"
"4,33 : 0.5508"
"33,4 : 0.5508"
"4,34 : 0.593"
"34,4 : 0.593"
"4,35 : 0.3413"
"35,4 : 0.3413"
"4,36 : 0.2915"
"36,4 : 0.2915"
"4,37 : 0.7517"
"37,4 : 0.7517"
"4,38 : 0.4036"
"38,4 : 0.4036"
"4,39 : 0.6217"
"39,4 : 0.6217"
"4,40 : 0.2435"
"40,4 : 0.2435"
"4,41 : 0.5277"
"41,4 : 0.5277"
"4,42 : 0.5948"
"42,4 : 0.5948"
"4,43 : 0.6428"
"43,4 : 0.6428"
"4,44 : 0.5308"
"44,4 : 0.5308"
"4,45 : 0.5652"
"45,4 : 0.5652"
"4,46 : 0.5471"
"46,4 : 0.5471"
"4,47 : 0.6694"
"47,4 : 0.6694"
"4,48 : 0.6378"
"48,4 : 0.6378"
"4,49 : 0.2408"
"49,4 : 0.2408"
"5,6 : 0.2983"
"6,5 : 0.2983"
"5,7 : 0.2022"
"7,5 : 0.2022"
"5,8 : 0.9044"
"8,5 : 0.9044"
"5,9 : 0.661"
"9,5 : 0.661"
"5,10 : 0.7145"
"10,5 : 0.7145"
"5,11 : 0.5644"
"11,5 : 0.5644"
"5,12 : 0.5308"
"12,5 : 0.5308"
"5,13 : 0.764"
"13,5 : 0.764"
"5,14 : 0.8102"
"14,5 : 0.8102"
"5,15 : 0.8157"
"15,5 : 0.8157"
"5,16 : 0.0854"
"16,5 : 0.0854"
"5,17 : 0.3471"
"17,5 : 0.3471"
"5,18 : 0.1105"
"18,5 : 0.1105"
"5,19 : 0.6403"
"19,5 : 0.6403"
"5,20 : 0.4134"
"20,5 : 0.4134"
"5,21 : 0.286"
"21,5 : 0.286"
"5,22 : 0.1315"
"22,5 : 0.1315"
"5,23 : 0.4478"
"23,5 : 0.4478"
"5,24 : 0.3114"
"24,5 : 0.3114"
"5,25 : 0.9079"
"25,5 : 0.9079"
"5,26 : 0.386"
"26,5 : 0.386"
"5,27 : 0.7311"
"27,5 : 0.7311"
"5,28 : 0.41"
"28,5 : 0.41"
"5,29 : 0.7519"
"29,5 : 0.7519"
"5,30 : 0.8157"
"30,5 : 0.8157"
"5,31 : 0.26"
"31,5 : 0.26"
"5,32 : 0.5756"
"32,5 : 0.5756"
"5,33 : 0.6265"
"33,5 : 0.6265"
"5,34 : 0.2059"
"34,5 : 0.2059"
"5,35 : 0.7139"
"35,5 : 0.7139"
"5,36 : 0.5061"
"36,5 : 0.5061"
"5,37 : 0.67"
"37,5 : 0.67"
"5,38 : 0.3677"
"38,5 : 0.3677"
"5,39 : 0.2154"
"39,5 : 0.2154"
"5,40 : 0.3808"
"40,5 : 0.3808"
"5,41 : 0.8262"
"41,5 : 0.8262"
"5,42 : 0.2062"
"42,5 : 0.2062"
"5,43 : 0.2309"
"43,5 : 0.2309"
"5,44 : 0.6851"
"44,5 : 0.6851"
"5,45 : 0.1664"
"45,5 : 0.1664"
"5,46 : 0.2371"
"46,5 : 0.2371"
"5,47 : 0.7339"
"47,5 : 0.7339"
"5,48 : 0.4653"
"48,5 : 0.4653"
"5,49 : 0.4801"
"49,5 : 0.4801"
"6,7 : 0.0985"
"7,6 : 0.0985"
"6,8 : 0.842"
"8,6 : 0.842"
"6,9 : 0.7398"
"9,6 : 0.7398"
"6,10 : 0.8078"
"10,6 : 0.8078"
"6,11 : 0.5601"
"11,6 : 0.5601"
"6,12 : 0.26"
"12,6 : 0.26"
"6,13 : 0.6191"
"13,6 : 0.6191"
"6,14 : 0.811"
"14,6 : 0.811"
"6,15 : 0.7305"
"15,6 : 0.7305"
"6,16 : 0.2602"
"16,6 : 0.2602"
"6,17 : 0.1487"
"17,6 : 0.1487"
"6,18 : 0.4045"
"18,6 : 0.4045"
"6,19 : 0.3614"
"19,6 : 0.3614"
"6,20 : 0.1616"
"20,6 : 0.1616"
"6,21 : 0.3231"
"21,6 : 0.3231"
"6,22 : 0.4295"
"22,6 : 0.4295"
"6,23 : 0.2773"
"23,6 : 0.2773"
"6,24 : 0.5385"
"24,6 : 0.5385"
"6,25 : 0.8171"
"25,6 : 0.8171"
"6,26 : 0.0894"
"26,6 : 0.0894"
"6,27 : 0.8382"
"27,6 : 0.8382"
"6,28 : 0.6044"
"28,6 : 0.6044"
"6,29 : 0.9278"
"29,6 : 0.9278"
"6,30 : 0.6848"
"30,6 : 0.6848"
"6,31 : 0.3636"
"31,6 : 0.3636"
"6,32 : 0.2802"
"32,6 : 0.2802"
"6,33 : 0.4328"
"33,6 : 0.4328"
"6,34 : 0.2195"
"34,6 : 0.2195"
"6,35 : 0.8819"
"35,6 : 0.8819"
"6,36 : 0.7428"
"36,6 : 0.7428"
"6,37 : 0.3864"
"37,6 : 0.3864"
"6,38 : 0.2159"
"38,6 : 0.2159"
"6,39 : 0.3922"
"39,6 : 0.3922"
"6,40 : 0.6248"
"40,6 : 0.6248"
"6,41 : 0.7529"
"41,6 : 0.7529"
"6,42 : 0.4295"
"42,6 : 0.4295"
"6,43 : 0.3489"
"43,6 : 0.3489"
"6,44 : 0.53"
"44,6 : 0.53"
"6,45 : 0.3864"
"45,6 : 0.3864"
"6,46 : 0.0894"
"46,6 : 0.0894"
"6,47 : 0.5122"
"47,6 : 0.5122"
"6,48 : 0.17"
"48,6 : 0.17"
"6,49 : 0.4601"
"49,6 : 0.4601"
"7,8 : 0.8338"
"8,7 : 0.8338"
"7,9 : 0.6847"
"9,7 : 0.6847"
"7,10 : 0.7497"
"10,7 : 0.7497"
"7,11 : 0.5261"
"11,7 : 0.5261"
"7,12 : 0.3354"
"12,7 : 0.3354"
"7,13 : 0.6389"
"13,7 : 0.6389"
"7,14 : 0.7809"
"14,7 : 0.7809"
"7,15 : 0.729"
"15,7 : 0.729"
"7,16 : 0.1772"
"16,7 : 0.1772"
"7,17 : 0.172"
"17,7 : 0.172"
"7,18 : 0.3106"
"18,7 : 0.3106"
"7,19 : 0.4428"
"19,7 : 0.4428"
"7,20 : 0.2421"
"20,7 : 0.2421"
"7,21 : 0.2617"
"21,7 : 0.2617"
"7,22 : 0.3338"
"22,7 : 0.3338"
"7,23 : 0.297"
"23,7 : 0.297"
"7,24 : 0.4662"
"24,7 : 0.4662"
"7,25 : 0.8188"
"25,7 : 0.8188"
"7,26 : 0.1879"
"26,7 : 0.1879"
"7,27 : 0.7767"
"27,7 : 0.7767"
"7,28 : 0.5187"
"28,7 : 0.5187"
"7,29 : 0.8497"
"29,7 : 0.8497"
"7,30 : 0.7"
"30,7 : 0.7"
"7,31 : 0.2879"
"31,7 : 0.2879"
"7,32 : 0.3734"
"32,7 : 0.3734"
"7,33 : 0.4701"
"33,7 : 0.4701"
"7,34 : 0.1803"
"34,7 : 0.1803"
"7,35 : 0.8053"
"35,7 : 0.8053"
"7,36 : 0.6507"
"36,7 : 0.6507"
"7,37 : 0.471"
"37,7 : 0.471"
"7,38 : 0.2202"
"38,7 : 0.2202"
"7,39 : 0.3276"
"39,7 : 0.3276"
"7,40 : 0.5308"
"40,7 : 0.5308"
"7,41 : 0.7473"
"41,7 : 0.7473"
"7,42 : 0.3547"
"42,7 : 0.3547"
"7,43 : 0.2973"
"43,7 : 0.2973"
"7,44 : 0.5523"
"44,7 : 0.5523"
"7,45 : 0.3102"
"45,7 : 0.3102"
"7,46 : 0.0806"
"46,7 : 0.0806"
"7,47 : 0.5644"
"47,7 : 0.5644"
"7,48 : 0.2631"
"48,7 : 0.2631"
"7,49 : 0.4276"
"49,7 : 0.4276"
"8,9 : 0.41"
"9,8 : 0.41"
"8,10 : 0.441"
"10,8 : 0.441"
"8,11 : 0.3466"
"11,8 : 0.3466"
"8,12 : 0.7101"
"12,8 : 0.7101"
"8,13 : 0.2941"
"13,8 : 0.2941"
"8,14 : 0.19"
"14,8 : 0.19"
"8,15 : 0.1204"
"15,8 : 0.1204"
"8,16 : 0.9552"
"16,8 : 0.9552"
"8,17 : 0.6938"
"17,8 : 0.6938"
"8,18 : 0.9795"
"18,8 : 0.9795"
"8,19 : 0.7299"
"19,8 : 0.7299"
"8,20 : 0.9749"
"20,8 : 0.9749"
"8,21 : 0.6185"
"21,8 : 0.6185"
"8,22 : 0.97"
"22,8 : 0.97"
"8,23 : 0.5707"
"23,8 : 0.5707"
"8,24 : 1.2104"
"24,8 : 1.2104"
"8,25 : 0.086"
"25,8 : 0.086"
"8,26 : 0.8631"
"26,8 : 0.8631"
"8,27 : 0.4801"
"27,8 : 0.4801"
"8,28 : 0.6984"
"28,8 : 0.6984"
"8,29 : 0.7001"
"29,8 : 0.7001"
"8,30 : 0.2326"
"30,8 : 0.2326"
"8,31 : 0.653"
"31,8 : 0.653"
"8,32 : 0.8215"
"32,8 : 0.8215"
"8,33 : 0.4826"
"33,8 : 0.4826"
"8,34 : 1.0113"
"34,8 : 1.0113"
"8,35 : 0.6612"
"35,8 : 0.6612"
"8,36 : 0.8264"
"36,8 : 0.8264"
"8,37 : 0.755"
"37,8 : 0.755"
"8,38 : 0.6264"
"38,8 : 0.6264"
"8,39 : 1.1152"
"39,8 : 1.1152"
"8,40 : 0.8199"
"40,8 : 0.8199"
"8,41 : 0.0906"
"41,8 : 0.0906"
"8,42 : 1.1102"
"42,8 : 1.1102"
"8,43 : 1.1102"
"43,8 : 1.1102"
"8,44 : 0.3635"
"44,8 : 0.3635"
"8,45 : 1.0707"
"45,8 : 1.0707"
"8,46 : 0.9048"
"46,8 : 0.9048"
"8,47 : 0.5187"
"47,8 : 0.5187"
"8,48 : 0.8122"
"48,8 : 0.8122"
"8,49 : 0.4244"
"49,8 : 0.4244"
"9,10 : 0.0721"
"10,9 : 0.0721"
"9,11 : 0.2263"
"11,9 : 0.2263"
"9,12 : 0.7433"
"12,9 : 0.7433"
"9,13 : 0.5255"
"13,9 : 0.5255"
"9,14 : 0.2285"
"14,9 : 0.2285"
"9,15 : 0.4111"
"15,9 : 0.4111"
"9,16 : 0.7355"
"16,9 : 0.7355"
"9,17 : 0.6203"
"17,9 : 0.6203"
"9,18 : 0.6989"
"18,9 : 0.6989"
"9,19 : 0.8169"
"19,9 : 0.8169"
"9,20 : 0.8999"
"20,9 : 0.8999"
"9,21 : 0.423"
"21,9 : 0.423"
"9,22 : 0.6778"
"22,9 : 0.6778"
"9,23 : 0.5523"
"23,9 : 0.5523"
"9,24 : 0.9285"
"24,9 : 0.9285"
"9,25 : 0.4717"
"25,9 : 0.4717"
"9,26 : 0.8001"
"26,9 : 0.8001"
"9,27 : 0.1131"
"27,9 : 0.1131"
"9,28 : 0.3265"
"28,9 : 0.3265"
"9,29 : 0.3105"
"29,9 : 0.3105"
"9,30 : 0.5142"
"30,9 : 0.5142"
"9,31 : 0.4105"
"31,9 : 0.4105"
"9,32 : 0.8576"
"32,9 : 0.8576"
"9,33 : 0.5955"
"33,9 : 0.5955"
"9,34 : 0.8302"
"34,9 : 0.8302"
"9,35 : 0.2648"
"35,9 : 0.2648"
"9,36 : 0.4254"
"36,9 : 0.4254"
"9,37 : 0.8515"
"37,9 : 0.8515"
"9,38 : 0.5554"
"38,9 : 0.5554"
"9,39 : 0.8732"
"39,9 : 0.8732"
"9,40 : 0.4455"
"40,9 : 0.4455"
"9,41 : 0.39"
"41,9 : 0.39"
"9,42 : 0.8477"
"42,9 : 0.8477"
"9,43 : 0.8911"
"43,9 : 0.8911"
"9,44 : 0.5248"
"44,9 : 0.5248"
"9,45 : 0.8174"
"45,9 : 0.8174"
"9,46 : 0.7653"
"46,9 : 0.7653"
"9,47 : 0.6963"
"47,9 : 0.6963"
"9,48 : 0.7962"
"48,9 : 0.7962"
"9,49 : 0.3053"
"49,9 : 0.3053"
"10,11 : 0.2973"
"11,10 : 0.2973"
"10,12 : 0.8154"
"12,10 : 0.8154"
"10,13 : 0.586"
"13,10 : 0.586"
"10,14 : 0.2518"
"14,10 : 0.2518"
"10,15 : 0.4589"
"15,10 : 0.4589"
"10,16 : 0.7916"
"16,10 : 0.7916"
"10,17 : 0.6908"
"17,10 : 0.6908"
"10,18 : 0.7446"
"18,10 : 0.7446"
"10,19 : 0.8887"
"19,10 : 0.8887"
"10,20 : 0.9684"
"20,10 : 0.9684"
"10,21 : 0.4884"
"21,10 : 0.4884"
"10,22 : 0.7212"
"22,10 : 0.7212"
"10,23 : 0.6243"
"23,10 : 0.6243"
"10,24 : 0.9708"
"24,10 : 0.9708"
"10,25 : 0.5104"
"25,10 : 0.5104"
"10,26 : 0.8698"
"26,10 : 0.8698"
"10,27 : 0.0447"
"27,10 : 0.0447"
"10,28 : 0.3536"
"28,10 : 0.3536"
"10,29 : 0.2608"
"29,10 : 0.2608"
"10,30 : 0.5692"
"30,10 : 0.5692"
"10,31 : 0.4704"
"31,10 : 0.4704"
"10,32 : 0.9296"
"32,10 : 0.9296"
"10,33 : 0.6653"
"33,10 : 0.6653"
"10,34 : 0.8902"
"34,10 : 0.8902"
"10,35 : 0.2202"
"35,10 : 0.2202"
"10,36 : 0.4264"
"36,10 : 0.4264"
"10,37 : 0.9231"
"37,10 : 0.9231"
"10,38 : 0.6265"
"38,10 : 0.6265"
"10,39 : 0.924"
"39,10 : 0.924"
"10,40 : 0.4662"
"40,10 : 0.4662"
"10,41 : 0.4342"
"41,10 : 0.4342"
"10,42 : 0.895"
"42,10 : 0.895"
"10,43 : 0.9453"
"43,10 : 0.9453"
"10,44 : 0.5908"
"44,10 : 0.5908"
"10,45 : 0.8668"
"45,10 : 0.8668"
"10,46 : 0.8302"
"46,10 : 0.8302"
"10,47 : 0.764"
"47,10 : 0.764"
"10,48 : 0.8676"
"48,10 : 0.8676"
"10,49 : 0.3774"
"49,10 : 0.3774"
"11,12 : 0.5235"
"12,11 : 0.5235"
"11,13 : 0.3314"
"13,11 : 0.3314"
"11,14 : 0.255"
"14,11 : 0.255"
"11,15 : 0.2818"
"15,11 : 0.2818"
"11,16 : 0.6224"
"16,11 : 0.6224"
"11,17 : 0.4243"
"17,11 : 0.4243"
"11,18 : 0.6341"
"18,11 : 0.6341"
"11,19 : 0.592"
"19,11 : 0.592"
"11,20 : 0.7134"
"20,11 : 0.7134"
"11,21 : 0.2823"
"21,11 : 0.2823"
"11,22 : 0.6237"
"22,11 : 0.6237"
"11,23 : 0.3362"
"23,11 : 0.3362"
"11,24 : 0.8661"
"24,11 : 0.8661"
"11,25 : 0.3689"
"25,11 : 0.3689"
"11,26 : 0.6067"
"26,11 : 0.6067"
"11,27 : 0.3394"
"27,11 : 0.3394"
"11,28 : 0.3808"
"28,11 : 0.3808"
"11,29 : 0.5188"
"29,11 : 0.5188"
"11,30 : 0.3423"
"30,11 : 0.3423"
"11,31 : 0.3081"
"31,11 : 0.3081"
"11,32 : 0.6395"
"32,11 : 0.6395"
"11,33 : 0.3701"
"33,11 : 0.3701"
"11,34 : 0.6938"
"34,11 : 0.6938"
"11,35 : 0.4696"
"35,11 : 0.4696"
"11,36 : 0.5324"
"36,11 : 0.5324"
"11,37 : 0.6263"
"37,11 : 0.6263"
"11,38 : 0.3551"
"38,11 : 0.3551"
"11,39 : 0.7783"
"39,11 : 0.7783"
"11,40 : 0.4965"
"40,11 : 0.4965"
"11,41 : 0.2802"
"41,11 : 0.2802"
"11,42 : 0.7685"
"42,11 : 0.7685"
"11,43 : 0.78"
"43,11 : 0.78"
"11,44 : 0.3102"
"44,11 : 0.3102"
"11,45 : 0.7306"
"45,11 : 0.7306"
"11,46 : 0.6041"
"46,11 : 0.6041"
"11,47 : 0.4751"
"47,11 : 0.4751"
"11,48 : 0.5882"
"48,11 : 0.5882"
"11,49 : 0.1"
"49,11 : 0.1"
"12,13 : 0.4374"
"13,12 : 0.4374"
"12,14 : 0.7376"
"14,12 : 0.7376"
"12,15 : 0.59"
"15,12 : 0.59"
"12,16 : 0.512"
"16,12 : 0.512"
"12,17 : 0.1942"
"17,12 : 0.1942"
"12,18 : 0.6412"
"18,12 : 0.6412"
"12,19 : 0.1105"
"19,12 : 0.1105"
"12,20 : 0.3081"
"20,12 : 0.3081"
"12,21 : 0.4118"
"21,12 : 0.4118"
"12,22 : 0.6601"
"22,12 : 0.6601"
"12,23 : 0.1921"
"23,12 : 0.1921"
"12,24 : 0.797"
"24,12 : 0.797"
"12,25 : 0.6627"
"25,12 : 0.6627"
"12,26 : 0.2126"
"26,12 : 0.2126"
"12,27 : 0.8545"
"27,12 : 0.8545"
"12,28 : 0.722"
"28,12 : 0.722"
"12,29 : 0.997"
"29,12 : 0.997"
"12,30 : 0.508"
"30,12 : 0.508"
"12,31 : 0.4785"
"31,12 : 0.4785"
"12,32 : 0.117"
"32,12 : 0.117"
"12,33 : 0.2335"
"33,12 : 0.2335"
"12,34 : 0.4785"
"34,12 : 0.4785"
"12,35 : 0.9475"
"35,12 : 0.9475"
"12,36 : 0.8812"
"36,12 : 0.8812"
"12,37 : 0.1432"
"37,12 : 0.1432"
"12,38 : 0.2195"
"38,12 : 0.2195"
"12,39 : 0.6519"
"39,12 : 0.6519"
"12,40 : 0.78"
"40,12 : 0.78"
"12,41 : 0.6203"
"41,12 : 0.6203"
"12,42 : 0.6868"
"42,12 : 0.6868"
"12,43 : 0.6084"
"43,12 : 0.6084"
"12,44 : 0.3523"
"44,12 : 0.3523"
"12,45 : 0.6429"
"45,12 : 0.6429"
"12,46 : 0.3493"
"46,12 : 0.3493"
"12,47 : 0.272"
"47,12 : 0.272"
"12,48 : 0.1221"
"48,12 : 0.1221"
"12,49 : 0.4383"
"49,12 : 0.4383"
"13,14 : 0.396"
"14,13 : 0.396"
"13,15 : 0.1789"
"15,13 : 0.1789"
"13,16 : 0.7925"
"16,13 : 0.7925"
"13,17 : 0.4743"
"17,13 : 0.4743"
"13,18 : 0.8598"
"18,13 : 0.8598"
"13,19 : 0.441"
"19,13 : 0.441"
"13,20 : 0.728"
"20,13 : 0.728"
"13,21 : 0.4965"
"21,13 : 0.4965"
"13,22 : 0.8609"
"22,13 : 0.8609"
"13,23 : 0.3441"
"23,13 : 0.3441"
"13,24 : 1.0745"
"24,13 : 1.0745"
"13,25 : 0.2309"
"25,13 : 0.2309"
"13,26 : 0.6185"
"26,13 : 0.6185"
"13,27 : 0.6307"
"27,13 : 0.6307"
"13,28 : 0.7026"
"28,13 : 0.7026"
"13,29 : 0.8349"
"29,13 : 0.8349"
"13,30 : 0.0707"
"30,13 : 0.0707"
"13,31 : 0.5554"
"31,13 : 0.5554"
"13,32 : 0.5415"
"32,13 : 0.5415"
"13,33 : 0.204"
"33,13 : 0.204"
"13,34 : 0.8184"
"34,13 : 0.8184"
"13,35 : 0.7875"
"35,13 : 0.7875"
"13,36 : 0.8602"
"36,13 : 0.8602"
"13,37 : 0.4639"
"37,13 : 0.4639"
"13,38 : 0.4187"
"38,13 : 0.4187"
"13,39 : 0.9548"
"39,13 : 0.9548"
"13,40 : 0.8105"
"40,13 : 0.8105"
"13,41 : 0.2147"
"41,13 : 0.2147"
"13,42 : 0.9654"
"42,13 : 0.9654"
"13,43 : 0.9343"
"43,13 : 0.9343"
"13,44 : 0.0894"
"44,13 : 0.0894"
"13,45 : 0.922"
"45,13 : 0.922"
"13,46 : 0.6963"
"46,13 : 0.6963"
"13,47 : 0.2247"
"47,13 : 0.2247"
"13,48 : 0.5508"
"48,13 : 0.5508"
"13,49 : 0.3373"
"49,13 : 0.3373"
"14,15 : 0.2332"
"15,14 : 0.2332"
"14,16 : 0.8732"
"16,14 : 0.8732"
"14,17 : 0.6701"
"17,14 : 0.6701"
"14,18 : 0.8695"
"18,14 : 0.8695"
"14,19 : 0.7839"
"19,14 : 0.7839"
"14,20 : 0.9602"
"20,14 : 0.9602"
"14,21 : 0.5345"
"21,14 : 0.5345"
"14,22 : 0.8544"
"22,14 : 0.8544"
"14,23 : 0.5657"
"23,14 : 0.5657"
"14,24 : 1.1028"
"24,14 : 1.1028"
"14,25 : 0.2648"
"25,14 : 0.2648"
"14,26 : 0.8509"
"26,14 : 0.8509"
"14,27 : 0.2902"
"27,14 : 0.2902"
"14,28 : 0.5404"
"28,14 : 0.5404"
"14,29 : 0.5101"
"29,14 : 0.5101"
"14,30 : 0.3581"
"30,14 : 0.3581"
"14,31 : 0.5504"
"31,14 : 0.5504"
"14,32 : 0.8544"
"32,14 : 0.8544"
"14,33 : 0.5367"
"33,14 : 0.5367"
"14,34 : 0.9483"
"34,14 : 0.9483"
"14,35 : 0.4717"
"35,14 : 0.4717"
"14,36 : 0.653"
"36,14 : 0.653"
"14,37 : 0.8144"
"37,14 : 0.8144"
"14,38 : 0.6001"
"38,14 : 0.6001"
"14,39 : 1.0255"
"39,14 : 1.0255"
"14,40 : 0.6622"
"40,14 : 0.6622"
"14,41 : 0.2012"
"41,14 : 0.2012"
"14,42 : 1.0107"
"42,14 : 1.0107"
"14,43 : 1.0312"
"43,14 : 1.0312"
"14,44 : 0.4327"
"44,14 : 0.4327"
"14,45 : 0.9751"
"45,14 : 0.9751"
"14,46 : 0.8584"
"46,14 : 0.8584"
"14,47 : 0.608"
"47,14 : 0.608"
"14,48 : 0.8204"
"48,14 : 0.8204"
"14,49 : 0.3536"
"49,14 : 0.3536"
"15,16 : 0.8602"
"16,15 : 0.8602"
"15,17 : 0.5819"
"17,15 : 0.5819"
"15,18 : 0.8981"
"18,15 : 0.8981"
"15,19 : 0.61"
"19,15 : 0.61"
"15,20 : 0.8591"
"20,15 : 0.8591"
"15,21 : 0.5308"
"21,15 : 0.5308"
"15,22 : 0.892"
"22,15 : 0.892"
"15,23 : 0.4561"
"23,15 : 0.4561"
"15,24 : 1.1254"
"24,15 : 1.1254"
"15,25 : 0.0922"
"25,15 : 0.0922"
"15,26 : 0.7473"
"26,15 : 0.7473"
"15,27 : 0.5022"
"27,15 : 0.5022"
"15,28 : 0.6579"
"28,15 : 0.6579"
"15,29 : 0.7185"
"29,15 : 0.7185"
"15,30 : 0.1273"
"30,15 : 0.1273"
"15,31 : 0.5738"
"31,15 : 0.5738"
"15,32 : 0.7011"
"32,15 : 0.7011"
"15,33 : 0.3622"
"33,15 : 0.3622"
"15,34 : 0.9082"
"34,15 : 0.9082"
"15,35 : 0.6748"
"35,15 : 0.6748"
"15,36 : 0.8005"
"36,15 : 0.8005"
"15,37 : 0.6356"
"37,15 : 0.6356"
"15,38 : 0.5162"
"38,15 : 0.5162"
"15,39 : 1.022"
"39,15 : 1.022"
"15,40 : 0.7762"
"40,15 : 0.7762"
"15,41 : 0.0361"
"41,15 : 0.0361"
"15,42 : 1.0218"
"42,15 : 1.0218"
"15,43 : 1.0124"
"43,15 : 1.0124"
"15,44 : 0.2433"
"44,15 : 0.2433"
"15,45 : 0.9808"
"45,15 : 0.9808"
"15,46 : 0.7971"
"46,15 : 0.7971"
"15,47 : 0.4031"
"47,15 : 0.4031"
"15,48 : 0.6935"
"48,15 : 0.6935"
"15,49 : 0.3397"
"49,15 : 0.3397"
"16,17 : 0.3444"
"17,16 : 0.3444"
"16,18 : 0.1565"
"18,16 : 0.1565"
"16,19 : 0.6181"
"19,16 : 0.6181"
"16,20 : 0.3493"
"20,16 : 0.3493"
"16,21 : 0.3401"
"21,16 : 0.3401"
"16,22 : 0.1887"
"22,16 : 0.1887"
"16,23 : 0.4604"
"23,16 : 0.4604"
"16,24 : 0.2907"
"24,16 : 0.2907"
"16,25 : 0.9521"
"25,16 : 0.9521"
"16,26 : 0.3413"
"26,16 : 0.3413"
"16,27 : 0.8101"
"27,16 : 0.8101"
"16,28 : 0.4948"
"28,16 : 0.4948"
"16,29 : 0.8368"
"29,16 : 0.8368"
"16,30 : 0.8486"
"30,16 : 0.8486"
"16,31 : 0.3276"
"31,16 : 0.3276"
"16,32 : 0.54"
"32,16 : 0.54"
"16,33 : 0.6381"
"33,16 : 0.6381"
"16,34 : 0.1221"
"34,16 : 0.1221"
"16,35 : 0.7983"
"35,16 : 0.7983"
"16,36 : 0.5906"
"36,16 : 0.5906"
"16,37 : 0.645"
"37,16 : 0.645"
"16,38 : 0.3801"
"38,16 : 0.3801"
"16,39 : 0.1628"
"39,16 : 0.1628"
"16,40 : 0.4653"
"40,16 : 0.4653"
"16,41 : 0.8737"
"41,16 : 0.8737"
"16,42 : 0.1789"
"42,16 : 0.1789"
"16,43 : 0.1581"
"43,16 : 0.1581"
"16,44 : 0.7094"
"44,16 : 0.7094"
"16,45 : 0.1342"
"45,16 : 0.1342"
"16,46 : 0.1825"
"46,16 : 0.1825"
"16,47 : 0.7379"
"47,16 : 0.7379"
"16,48 : 0.4301"
"48,16 : 0.4301"
"16,49 : 0.5324"
"49,16 : 0.5324"
"17,18 : 0.4571"
"18,17 : 0.4571"
"17,19 : 0.3041"
"19,17 : 0.3041"
"17,20 : 0.2902"
"20,17 : 0.2902"
"17,21 : 0.2335"
"21,17 : 0.2335"
"17,22 : 0.4727"
"22,17 : 0.4727"
"17,23 : 0.1304"
"23,17 : 0.1304"
"17,24 : 0.6351"
"24,17 : 0.6351"
"17,25 : 0.6685"
"25,17 : 0.6685"
"17,26 : 0.1825"
"26,17 : 0.1825"
"17,27 : 0.725"
"27,17 : 0.725"
"17,28 : 0.542"
"28,17 : 0.542"
"17,29 : 0.8402"
"29,17 : 0.8402"
"17,30 : 0.5385"
"30,17 : 0.5385"
"17,31 : 0.2941"
"31,17 : 0.2941"
"17,32 : 0.2746"
"32,17 : 0.2746"
"17,33 : 0.2983"
"33,17 : 0.2983"
"17,34 : 0.3466"
"34,17 : 0.3466"
"17,35 : 0.792"
"35,17 : 0.792"
"17,36 : 0.6964"
"36,17 : 0.6964"
"17,37 : 0.3373"
"37,17 : 0.3373"
"17,38 : 0.07"
"38,17 : 0.07"
"17,39 : 0.4993"
"39,17 : 0.4993"
"17,40 : 0.5903"
"40,17 : 0.5903"
"17,41 : 0.6044"
"41,17 : 0.6044"
"17,42 : 0.5233"
"42,17 : 0.5233"
"17,43 : 0.4686"
"43,17 : 0.4686"
"17,44 : 0.386"
"44,17 : 0.386"
"17,45 : 0.4785"
"45,17 : 0.4785"
"17,46 : 0.222"
"46,17 : 0.222"
"17,47 : 0.3936"
"47,17 : 0.3936"
"17,48 : 0.1844"
"48,17 : 0.1844"
"17,49 : 0.3256"
"49,17 : 0.3256"
"18,19 : 0.7506"
"19,18 : 0.7506"
"18,20 : 0.5057"
"20,18 : 0.5057"
"18,21 : 0.3688"
"21,18 : 0.3688"
"18,22 : 0.0361"
"22,18 : 0.0361"
"18,23 : 0.5536"
"23,18 : 0.5536"
"18,24 : 0.2332"
"24,18 : 0.2332"
"18,25 : 0.9899"
"25,18 : 0.9899"
"18,26 : 0.4903"
"26,18 : 0.4903"
"18,27 : 0.755"
"27,18 : 0.755"
"18,28 : 0.4105"
"28,18 : 0.4105"
"18,29 : 0.7433"
"29,18 : 0.7433"
"18,30 : 0.908"
"30,18 : 0.908"
"18,31 : 0.3265"
"31,18 : 0.3265"
"18,32 : 0.6836"
"32,18 : 0.6836"
"18,33 : 0.7316"
"33,18 : 0.7316"
"18,34 : 0.2702"
"34,18 : 0.2702"
"18,35 : 0.7106"
"35,18 : 0.7106"
"18,36 : 0.4713"
"36,18 : 0.4713"
"18,37 : 0.7801"
"37,18 : 0.7801"
"18,38 : 0.4743"
"38,18 : 0.4743"
"18,39 : 0.1924"
"39,18 : 0.1924"
"18,40 : 0.3493"
"40,18 : 0.3493"
"18,41 : 0.9055"
"41,18 : 0.9055"
"18,42 : 0.1513"
"42,18 : 0.1513"
"18,43 : 0.2377"
"43,18 : 0.2377"
"18,44 : 0.7839"
"44,18 : 0.7839"
"18,45 : 0.1315"
"45,18 : 0.1315"
"18,46 : 0.3353"
"46,18 : 0.3353"
"18,47 : 0.8412"
"47,18 : 0.8412"
"18,48 : 0.5731"
"48,18 : 0.5731"
"18,49 : 0.5587"
"49,18 : 0.5587"
"19,20 : 0.3764"
"20,19 : 0.3764"
"19,21 : 0.5148"
"21,19 : 0.5148"
"19,22 : 0.77"
"22,19 : 0.77"
"19,23 : 0.2802"
"23,19 : 0.2802"
"19,24 : 0.8999"
"24,19 : 0.8999"
"19,25 : 0.6719"
"25,19 : 0.6719"
"19,26 : 0.2997"
"26,19 : 0.2997"
"19,27 : 0.9296"
"27,19 : 0.9296"
"19,28 : 0.823"
"28,19 : 0.823"
"19,29 : 1.0847"
"29,19 : 1.0847"
"19,30 : 0.5104"
"30,19 : 0.5104"
"19,31 : 0.5831"
"31,19 : 0.5831"
"19,32 : 0.1221"
"32,19 : 0.1221"
"19,33 : 0.25"
"33,19 : 0.25"
"19,34 : 0.5758"
"34,19 : 0.5758"
"19,35 : 1.0348"
"35,19 : 1.0348"
"19,36 : 0.9841"
"36,19 : 0.9841"
"19,37 : 0.0361"
"37,19 : 0.0361"
"19,38 : 0.3231"
"38,19 : 0.3231"
"19,39 : 0.7529"
"39,19 : 0.7529"
"19,40 : 0.886"
"40,19 : 0.886"
"19,41 : 0.6433"
"41,19 : 0.6433"
"19,42 : 0.7908"
"42,19 : 0.7908"
"19,43 : 0.7058"
"43,19 : 0.7058"
"19,44 : 0.3667"
"44,19 : 0.3667"
"19,45 : 0.7473"
"45,19 : 0.7473"
"19,46 : 0.4492"
"46,19 : 0.4492"
"19,47 : 0.2354"
"47,19 : 0.2354"
"19,48 : 0.2012"
"48,19 : 0.2012"
"19,49 : 0.5162"
"49,19 : 0.5162"
"20,21 : 0.4847"
"21,20 : 0.4847"
"20,22 : 0.5367"
"22,20 : 0.5367"
"20,23 : 0.4045"
"23,20 : 0.4045"
"20,24 : 0.5801"
"24,20 : 0.5801"
"20,25 : 0.9411"
"25,20 : 0.9411"
"20,26 : 0.1118"
"26,20 : 0.1118"
"20,27 : 0.9993"
"27,20 : 0.9993"
"20,28 : 0.7603"
"28,20 : 0.7603"
"20,29 : 1.0878"
"29,20 : 1.0878"
"20,30 : 0.7971"
"30,20 : 0.7971"
"20,31 : 0.5235"
"31,20 : 0.5235"
"20,32 : 0.2608"
"32,20 : 0.2608"
"20,33 : 0.528"
"33,20 : 0.528"
"20,34 : 0.2532"
"34,20 : 0.2532"
"20,35 : 1.0424"
"35,20 : 1.0424"
"20,36 : 0.892"
"36,20 : 0.892"
"20,37 : 0.3883"
"37,20 : 0.3883"
"20,38 : 0.3601"
"38,20 : 0.3601"
"20,39 : 0.4305"
"39,20 : 0.4305"
"20,40 : 0.7708"
"40,20 : 0.7708"
"20,41 : 0.8846"
"41,20 : 0.8846"
"20,42 : 0.4837"
"42,20 : 0.4837"
"20,43 : 0.3701"
"43,20 : 0.3701"
"20,44 : 0.6391"
"44,20 : 0.6391"
"20,45 : 0.4472"
"45,20 : 0.4472"
"20,46 : 0.178"
"46,20 : 0.178"
"20,47 : 0.5801"
"47,20 : 0.5801"
"20,48 : 0.186"
"48,20 : 0.186"
"20,49 : 0.614"
"49,20 : 0.614"
"21,22 : 0.3662"
"22,21 : 0.3662"
"21,23 : 0.2452"
"23,21 : 0.2452"
"21,24 : 0.5946"
"24,21 : 0.5946"
"21,25 : 0.6229"
"25,21 : 0.6229"
"21,26 : 0.3945"
"26,21 : 0.3945"
"21,27 : 0.5166"
"27,21 : 0.5166"
"21,28 : 0.3106"
"28,21 : 0.3106"
"21,29 : 0.6103"
"29,21 : 0.6103"
"21,30 : 0.5408"
"30,21 : 0.5408"
"21,31 : 0.0707"
"31,21 : 0.0707"
"21,32 : 0.5061"
"32,21 : 0.5061"
"21,33 : 0.4011"
"33,21 : 0.4011"
"21,34 : 0.4159"
"34,21 : 0.4159"
"21,35 : 0.563"
"35,21 : 0.563"
"21,36 : 0.4696"
"36,21 : 0.4696"
"21,37 : 0.5504"
"37,21 : 0.5504"
"21,38 : 0.1924"
"38,21 : 0.1924"
"21,39 : 0.4974"
"39,21 : 0.4974"
"21,40 : 0.3736"
"40,21 : 0.3736"
"21,41 : 0.5404"
"41,21 : 0.5404"
"21,42 : 0.492"
"42,21 : 0.492"
"21,43 : 0.4977"
"43,21 : 0.4977"
"21,44 : 0.4272"
"44,21 : 0.4272"
"21,45 : 0.4522"
"45,21 : 0.4522"
"21,46 : 0.3423"
"46,21 : 0.3423"
"21,47 : 0.5204"
"47,21 : 0.5204"
"21,48 : 0.4173"
"48,21 : 0.4173"
"21,49 : 0.1942"
"49,21 : 0.1942"
"22,23 : 0.5632"
"23,22 : 0.5632"
"22,24 : 0.2508"
"24,22 : 0.2508"
"22,25 : 0.9835"
"25,22 : 0.9835"
"22,26 : 0.5166"
"26,22 : 0.5166"
"22,27 : 0.7301"
"27,22 : 0.7301"
"22,28 : 0.3821"
"28,22 : 0.3821"
"22,29 : 0.7118"
"29,22 : 0.7118"
"22,30 : 0.907"
"30,22 : 0.907"
"22,31 : 0.3183"
"31,22 : 0.3183"
"22,32 : 0.7071"
"32,22 : 0.7071"
"22,33 : 0.74"
"33,22 : 0.74"
"22,34 : 0.3048"
"34,22 : 0.3048"
"22,35 : 0.6801"
"35,22 : 0.6801"
"22,36 : 0.4368"
"36,22 : 0.4368"
"22,37 : 0.8002"
"37,22 : 0.8002"
"22,38 : 0.4851"
"38,22 : 0.4851"
"22,39 : 0.2256"
"39,22 : 0.2256"
"22,40 : 0.3158"
"40,22 : 0.3158"
"22,41 : 0.8981"
"41,22 : 0.8981"
"22,42 : 0.18"
"42,22 : 0.18"
"22,43 : 0.2731"
"43,22 : 0.2731"
"22,44 : 0.7871"
"44,22 : 0.7871"
"22,45 : 0.1649"
"45,22 : 0.1649"
"22,46 : 0.364"
"46,22 : 0.364"
"22,47 : 0.8516"
"47,22 : 0.8516"
"22,48 : 0.5968"
"48,22 : 0.5968"
"22,49 : 0.5523"
"49,22 : 0.5523"
"23,24 : 0.7495"
"24,23 : 0.7495"
"23,25 : 0.5408"
"25,23 : 0.5408"
"23,26 : 0.2927"
"26,23 : 0.2927"
"23,27 : 0.6629"
"27,23 : 0.6629"
"23,28 : 0.5463"
"28,23 : 0.5463"
"23,29 : 0.8066"
"29,23 : 0.8066"
"23,30 : 0.4082"
"30,23 : 0.4082"
"23,31 : 0.3158"
"31,23 : 0.3158"
"23,32 : 0.3053"
"32,23 : 0.3053"
"23,33 : 0.1789"
"33,23 : 0.1789"
"23,34 : 0.4751"
"34,23 : 0.4751"
"23,35 : 0.7569"
"35,23 : 0.7569"
"23,36 : 0.7094"
"36,23 : 0.7094"
"23,37 : 0.3162"
"37,23 : 0.3162"
"23,38 : 0.0806"
"38,23 : 0.0806"
"23,39 : 0.6201"
"39,23 : 0.6201"
"23,40 : 0.6185"
"40,23 : 0.6185"
"23,41 : 0.4805"
"41,23 : 0.4805"
"23,42 : 0.6381"
"42,23 : 0.6381"
"23,43 : 0.5941"
"43,23 : 0.5941"
"23,44 : 0.2561"
"44,23 : 0.2561"
"23,45 : 0.5936"
"45,23 : 0.5936"
"23,46 : 0.3523"
"46,23 : 0.3523"
"23,47 : 0.2886"
"47,23 : 0.2886"
"23,48 : 0.255"
"48,23 : 0.255"
"23,49 : 0.247"
"49,23 : 0.247"
"24,25 : 1.2175"
"25,24 : 1.2175"
"24,26 : 0.6083"
"26,24 : 0.6083"
"24,27 : 0.978"
"27,24 : 0.978"
"24,28 : 0.6259"
"28,24 : 0.6259"
"24,29 : 0.9413"
"29,24 : 0.9413"
"24,30 : 1.127"
"30,24 : 1.127"
"24,31 : 0.558"
"31,24 : 0.558"
"24,32 : 0.8105"
"32,24 : 0.8105"
"24,33 : 0.9278"
"33,24 : 0.9278"
"24,34 : 0.3314"
"34,24 : 0.3314"
"24,35 : 0.9144"
"35,24 : 0.9144"
"24,36 : 0.6503"
"36,24 : 0.6503"
"24,37 : 0.9242"
"37,24 : 0.9242"
"24,38 : 0.6689"
"38,24 : 0.6689"
"24,39 : 0.1503"
"39,24 : 0.1503"
"24,40 : 0.5415"
"40,24 : 0.5415"
"24,41 : 1.1345"
"41,24 : 1.1345"
"24,42 : 0.1118"
"42,24 : 0.1118"
"24,43 : 0.211"
"43,24 : 0.211"
"24,44 : 0.994"
"44,24 : 0.994"
"24,45 : 0.1565"
"45,24 : 0.1565"
"24,46 : 0.4512"
"46,24 : 0.4512"
"24,47 : 1.0286"
"47,24 : 1.0286"
"24,48 : 0.7041"
"48,24 : 0.7041"
"24,49 : 0.7875"
"49,24 : 0.7875"
"25,26 : 0.8297"
"26,25 : 0.8297"
"25,27 : 0.5515"
"27,25 : 0.5515"
"25,28 : 0.7393"
"28,25 : 0.7393"
"25,29 : 0.771"
"29,25 : 0.771"
"25,30 : 0.1628"
"30,25 : 0.1628"
"25,31 : 0.6653"
"31,25 : 0.6653"
"25,32 : 0.7703"
"32,25 : 0.7703"
"25,33 : 0.4305"
"33,25 : 0.4305"
"25,34 : 0.9985"
"34,25 : 0.9985"
"25,35 : 0.7301"
"35,25 : 0.7301"
"25,36 : 0.8764"
"36,25 : 0.8764"
"25,37 : 0.6946"
"37,25 : 0.6946"
"25,38 : 0.6042"
"38,25 : 0.6042"
"25,39 : 1.114"
"39,25 : 1.114"
"25,40 : 0.8591"
"40,25 : 0.8591"
"25,41 : 0.0894"
"41,25 : 0.0894"
"25,42 : 1.114"
"42,25 : 1.114"
"25,43 : 1.1039"
"43,25 : 1.1039"
"25,44 : 0.3106"
"44,25 : 0.3106"
"25,45 : 1.073"
"45,25 : 1.073"
"25,46 : 0.8857"
"46,25 : 0.8857"
"25,47 : 0.4512"
"47,25 : 0.4512"
"25,48 : 0.771"
"48,25 : 0.771"
"25,49 : 0.4314"
"49,25 : 0.4314"
"26,27 : 0.9025"
"27,26 : 0.9025"
"26,28 : 0.6868"
"28,26 : 0.6868"
"26,29 : 1.004"
"29,26 : 1.004"
"26,30 : 0.6871"
"30,26 : 0.6871"
"26,31 : 0.442"
"31,26 : 0.442"
"26,32 : 0.2022"
"32,26 : 0.2022"
"26,33 : 0.4206"
"33,26 : 0.4206"
"26,34 : 0.2789"
"34,26 : 0.2789"
"26,35 : 0.9572"
"35,26 : 0.9572"
"26,36 : 0.8288"
"36,26 : 0.8288"
"26,37 : 0.3195"
"37,26 : 0.3195"
"26,38 : 0.2518"
"38,26 : 0.2518"
"26,39 : 0.4589"
"39,26 : 0.4589"
"26,40 : 0.7122"
"40,26 : 0.7122"
"26,41 : 0.7728"
"41,26 : 0.7728"
"26,42 : 0.5025"
"42,26 : 0.5025"
"26,43 : 0.408"
"43,26 : 0.408"
"26,44 : 0.5292"
"44,26 : 0.5292"
"26,45 : 0.461"
"45,26 : 0.461"
"26,46 : 0.16"
"46,26 : 0.16"
"26,47 : 0.4817"
"47,26 : 0.4817"
"26,48 : 0.0985"
"48,26 : 0.0985"
"26,49 : 0.508"
"49,26 : 0.508"
"27,28 : 0.3547"
"28,27 : 0.3547"
"27,29 : 0.22"
"29,27 : 0.22"
"27,30 : 0.6135"
"30,27 : 0.6135"
"27,31 : 0.4937"
"31,27 : 0.4937"
"27,32 : 0.968"
"32,27 : 0.968"
"27,33 : 0.7084"
"33,27 : 0.7084"
"27,34 : 0.912"
"34,27 : 0.912"
"27,35 : 0.1825"
"35,27 : 0.1825"
"27,36 : 0.4101"
"36,27 : 0.4101"
"27,37 : 0.9643"
"37,27 : 0.9643"
"27,38 : 0.6619"
"38,27 : 0.6619"
"27,39 : 0.9377"
"39,27 : 0.9377"
"27,40 : 0.4614"
"40,27 : 0.4614"
"27,41 : 0.4768"
"41,27 : 0.4768"
"27,42 : 0.9061"
"42,27 : 0.9061"
"27,43 : 0.9619"
"43,27 : 0.9619"
"27,44 : 0.6351"
"44,27 : 0.6351"
"27,45 : 0.8797"
"45,27 : 0.8797"
"27,46 : 0.857"
"46,27 : 0.857"
"27,47 : 0.808"
"47,27 : 0.808"
"27,48 : 0.9035"
"48,27 : 0.9035"
"27,49 : 0.4162"
"49,27 : 0.4162"
"28,29 : 0.3421"
"29,28 : 0.3421"
"28,30 : 0.7218"
"30,28 : 0.7218"
"28,31 : 0.2484"
"31,28 : 0.2484"
"28,32 : 0.8161"
"32,28 : 0.8161"
"28,33 : 0.6747"
"33,28 : 0.6747"
"28,34 : 0.6103"
"34,28 : 0.6103"
"28,35 : 0.3041"
"35,28 : 0.3041"
"28,36 : 0.1649"
"36,28 : 0.1649"
"28,37 : 0.8588"
"37,28 : 0.8588"
"28,38 : 0.5025"
"38,28 : 0.5025"
"28,39 : 0.6001"
"39,28 : 0.6001"
"28,40 : 0.1221"
"40,28 : 0.1221"
"28,41 : 0.65"
"41,28 : 0.65"
"28,42 : 0.5614"
"42,28 : 0.5614"
"28,43 : 0.6339"
"43,28 : 0.6339"
"28,44 : 0.6603"
"44,28 : 0.6603"
"28,45 : 0.54"
"45,28 : 0.54"
"28,46 : 0.5917"
"46,28 : 0.5917"
"28,47 : 0.7943"
"47,28 : 0.7943"
"28,48 : 0.7235"
"48,28 : 0.7235"
"28,49 : 0.3701"
"49,28 : 0.3701"
"29,30 : 0.8246"
"30,29 : 0.8246"
"29,31 : 0.5644"
"31,29 : 0.5644"
"29,32 : 1.1039"
"32,29 : 1.1039"
"29,33 : 0.8851"
"33,29 : 0.8851"
"29,34 : 0.9521"
"34,29 : 0.9521"
"29,35 : 0.05"
"35,29 : 0.05"
"29,36 : 0.2983"
"36,29 : 0.2983"
"29,37 : 1.1204"
"37,29 : 1.1204"
"29,38 : 0.7864"
"38,29 : 0.7864"
"29,39 : 0.9354"
"39,29 : 0.9354"
"29,40 : 0.4001"
"40,29 : 0.4001"
"29,41 : 0.6946"
"41,29 : 0.6946"
"29,42 : 0.8914"
"42,29 : 0.8914"
"29,43 : 0.9732"
"43,29 : 0.9732"
"29,44 : 0.8276"
"44,29 : 0.8276"
"29,45 : 0.8746"
"45,29 : 0.8746"
"29,46 : 0.9261"
"46,29 : 0.9261"
"29,47 : 0.9936"
"47,29 : 0.9936"
"29,48 : 1.0245"
"48,29 : 1.0245"
"29,49 : 0.572"
"49,29 : 0.572"
"30,31 : 0.5954"
"31,30 : 0.5954"
"30,32 : 0.612"
"32,30 : 0.612"
"30,33 : 0.2746"
"33,30 : 0.2746"
"30,34 : 0.8801"
"34,30 : 0.8801"
"30,35 : 0.7788"
"35,30 : 0.7788"
"30,36 : 0.8746"
"36,30 : 0.8746"
"30,37 : 0.5324"
"37,30 : 0.5324"
"30,38 : 0.4801"
"38,30 : 0.4801"
"30,39 : 1.0114"
"39,30 : 1.0114"
"30,40 : 0.8343"
"40,30 : 0.8343"
"30,41 : 0.1628"
"41,30 : 0.1628"
"30,42 : 1.0191"
"42,30 : 1.0191"
"30,43 : 0.9936"
"43,30 : 0.9936"
"30,44 : 0.1581"
"44,30 : 0.1581"
"30,45 : 0.9762"
"45,30 : 0.9762"
"30,46 : 0.7601"
"46,30 : 0.7601"
"30,47 : 0.2886"
"47,30 : 0.2886"
"30,48 : 0.621"
"48,30 : 0.621"
"30,49 : 0.3677"
"49,30 : 0.3677"
"31,32 : 0.5686"
"32,31 : 0.5686"
"31,33 : 0.4704"
"33,31 : 0.4704"
"31,34 : 0.42"
"34,31 : 0.42"
"31,35 : 0.5188"
"35,31 : 0.5188"
"31,36 : 0.4031"
"36,31 : 0.4031"
"31,37 : 0.6185"
"37,31 : 0.6185"
"31,38 : 0.26"
"38,31 : 0.26"
"31,39 : 0.4754"
"39,31 : 0.4754"
"31,40 : 0.3036"
"40,31 : 0.3036"
"31,41 : 0.5798"
"41,31 : 0.5798"
"31,42 : 0.4614"
"42,31 : 0.4614"
"31,43 : 0.4851"
"43,31 : 0.4851"
"31,44 : 0.4904"
"44,31 : 0.4904"
"31,45 : 0.4249"
"45,31 : 0.4249"
"31,46 : 0.3669"
"46,31 : 0.3669"
"31,47 : 0.5901"
"47,31 : 0.5901"
"31,48 : 0.4751"
"48,31 : 0.4751"
"31,49 : 0.2343"
"49,31 : 0.2343"
"32,33 : 0.34"
"33,32 : 0.34"
"32,34 : 0.4805"
"34,32 : 0.4805"
"32,35 : 1.0548"
"35,32 : 1.0548"
"32,36 : 0.971"
"36,32 : 0.971"
"32,37 : 0.1281"
"37,32 : 0.1281"
"32,38 : 0.3183"
"38,32 : 0.3183"
"32,39 : 0.661"
"39,32 : 0.661"
"32,40 : 0.8635"
"40,32 : 0.8635"
"32,41 : 0.7325"
"41,32 : 0.7325"
"32,42 : 0.7046"
"42,32 : 0.7046"
"32,43 : 0.6088"
"43,32 : 0.6088"
"32,44 : 0.46"
"44,32 : 0.46"
"32,45 : 0.6627"
"45,32 : 0.6627"
"32,46 : 0.3612"
"46,32 : 0.3612"
"32,47 : 0.3511"
"47,32 : 0.3511"
"32,48 : 0.1105"
"48,32 : 0.1105"
"32,49 : 0.5523"
"49,32 : 0.5523"
"33,34 : 0.6438"
"34,33 : 0.6438"
"33,35 : 0.8353"
"35,33 : 0.8353"
"33,36 : 0.8395"
"36,33 : 0.8395"
"33,37 : 0.2786"
"37,33 : 0.2786"
"33,38 : 0.2594"
"38,33 : 0.2594"
"33,39 : 0.7963"
"39,33 : 0.7963"
"33,40 : 0.7632"
"40,33 : 0.7632"
"33,41 : 0.3946"
"41,33 : 0.3946"
"33,42 : 0.8163"
"42,33 : 0.8163"
"33,43 : 0.7669"
"43,33 : 0.7669"
"33,44 : 0.12"
"44,33 : 0.12"
"33,45 : 0.7718"
"45,33 : 0.7718"
"33,46 : 0.5162"
"46,33 : 0.5162"
"33,47 : 0.1204"
"47,33 : 0.1204"
"33,48 : 0.3479"
"48,33 : 0.3479"
"33,49 : 0.3178"
"49,33 : 0.3178"
"34,35 : 0.9121"
"35,34 : 0.9121"
"34,36 : 0.712"
"36,34 : 0.712"
"34,37 : 0.5977"
"37,34 : 0.5977"
"34,38 : 0.4"
"38,34 : 0.4"
"34,39 : 0.1811"
"39,34 : 0.1811"
"34,40 : 0.5867"
"40,34 : 0.5867"
"34,41 : 0.9257"
"41,34 : 0.9257"
"34,42 : 0.2309"
"42,34 : 0.2309"
"34,43 : 0.13"
"43,34 : 0.13"
"34,44 : 0.7311"
"44,34 : 0.7311"
"34,45 : 0.1942"
"45,34 : 0.1942"
"34,46 : 0.1304"
"46,34 : 0.1304"
"34,47 : 0.7301"
"47,34 : 0.7301"
"34,48 : 0.3764"
"48,34 : 0.3764"
"34,49 : 0.5977"
"49,34 : 0.5977"
"35,36 : 0.2823"
"36,35 : 0.2823"
"35,37 : 1.0706"
"37,35 : 1.0706"
"35,38 : 0.7376"
"38,35 : 0.7376"
"35,39 : 0.902"
"39,35 : 0.902"
"35,40 : 0.3734"
"40,35 : 0.3734"
"35,41 : 0.6519"
"41,35 : 0.6519"
"35,42 : 0.8601"
"42,35 : 0.8601"
"35,43 : 0.9377"
"43,35 : 0.9377"
"35,44 : 0.7788"
"44,35 : 0.7788"
"35,45 : 0.8415"
"45,35 : 0.8415"
"35,46 : 0.8824"
"46,35 : 0.8824"
"35,47 : 0.9441"
"47,35 : 0.9441"
"35,48 : 0.9762"
"48,35 : 0.9762"
"35,49 : 0.522"
"49,35 : 0.522"
"36,37 : 1.0198"
"37,36 : 1.0198"
"36,38 : 0.6619"
"38,36 : 0.6619"
"36,39 : 0.6622"
"39,36 : 0.6622"
"36,40 : 0.1253"
"40,36 : 0.1253"
"36,41 : 0.7885"
"41,36 : 0.7885"
"36,42 : 0.6119"
"42,36 : 0.6119"
"36,43 : 0.7084"
"43,36 : 0.7084"
"36,44 : 0.8222"
"44,36 : 0.8222"
"36,45 : 0.6017"
"45,36 : 0.6017"
"36,46 : 0.717"
"46,36 : 0.717"
"36,47 : 0.959"
"47,36 : 0.959"
"36,48 : 0.8742"
"48,36 : 0.8742"
"36,49 : 0.5324"
"49,36 : 0.5324"
"37,38 : 0.3585"
"38,37 : 0.3585"
"37,39 : 0.7762"
"39,37 : 0.7762"
"37,40 : 0.9211"
"40,37 : 0.9211"
"37,41 : 0.6694"
"41,37 : 0.6694"
"37,42 : 0.8158"
"42,37 : 0.8158"
"37,43 : 0.7273"
"43,37 : 0.7273"
"37,44 : 0.3929"
"44,37 : 0.3929"
"37,45 : 0.7728"
"45,37 : 0.7728"
"37,46 : 0.473"
"46,37 : 0.473"
"37,47 : 0.2508"
"47,37 : 0.2508"
"37,48 : 0.2214"
"48,37 : 0.2214"
"37,49 : 0.5515"
"49,37 : 0.5515"
"38,39 : 0.5404"
"39,38 : 0.5404"
"38,40 : 0.563"
"40,38 : 0.563"
"38,41 : 0.5376"
"41,38 : 0.5376"
"38,42 : 0.5576"
"42,38 : 0.5576"
"38,43 : 0.5162"
"43,38 : 0.5162"
"38,44 : 0.3324"
"44,38 : 0.3324"
"38,45 : 0.5131"
"45,38 : 0.5131"
"38,46 : 0.2818"
"46,38 : 0.2818"
"38,47 : 0.3669"
"47,38 : 0.3669"
"38,48 : 0.2419"
"48,38 : 0.2419"
"38,49 : 0.2571"
"49,38 : 0.2571"
"39,40 : 0.5413"
"40,39 : 0.5413"
"39,41 : 1.0347"
"41,39 : 1.0347"
"39,42 : 0.064"
"42,39 : 0.064"
"39,43 : 0.0671"
"43,39 : 0.0671"
"39,44 : 0.8711"
"44,39 : 0.8711"
"39,45 : 0.0608"
"45,39 : 0.0608"
"39,46 : 0.3036"
"46,39 : 0.3036"
"39,47 : 0.8919"
"47,39 : 0.8919"
"39,48 : 0.5554"
"48,39 : 0.5554"
"39,49 : 0.6912"
"49,39 : 0.6912"
"40,41 : 0.7697"
"41,40 : 0.7697"
"40,42 : 0.4937"
"42,40 : 0.4937"
"40,43 : 0.5852"
"43,40 : 0.5852"
"40,44 : 0.7616"
"44,40 : 0.7616"
"40,45 : 0.4805"
"45,40 : 0.4805"
"40,46 : 0.5946"
"46,40 : 0.5946"
"40,47 : 0.8836"
"47,40 : 0.8836"
"40,48 : 0.7632"
"48,40 : 0.7632"
"40,49 : 0.4738"
"49,40 : 0.4738"
"41,42 : 1.0323"
"42,41 : 1.0323"
"41,43 : 1.0273"
"43,41 : 1.0273"
"41,44 : 0.2766"
"44,41 : 0.2766"
"41,45 : 0.992"
"45,41 : 0.992"
"41,46 : 0.8171"
"46,41 : 0.8171"
"41,47 : 0.4386"
"47,41 : 0.4386"
"41,48 : 0.7217"
"48,41 : 0.7217"
"41,49 : 0.3471"
"49,41 : 0.3471"
"42,43 : 0.1304"
"43,42 : 0.1304"
"42,44 : 0.8841"
"44,42 : 0.8841"
"42,45 : 0.0447"
"45,42 : 0.0447"
"42,46 : 0.3437"
"46,42 : 0.3437"
"42,47 : 0.9168"
"47,42 : 0.9168"
"42,48 : 0.5968"
