x,y
0.68,0.48
0.91,0.72
0.52,0.23
0.66,0.27
0.64,0.39
0.44,0.53
0.29,0.34
0.21,0.31
0.51,0.31
0.69,0.56
0.01,0.22
0.34,0.11
0.75,0.54
0.43,0.74
0.77,0.33
0.2,0.44
0.39,0.93
0.4,0.69
0.75,0.83
0.27,0.58
0.86,0.18
0.88,0.32
0.37,0.19
0.28,0.94
0.27,0.38
0.27,0.52
0.13,0.55
0.65,1.0
0.51,0.36
0.21,0.11
0.4,0.17
0.4,0.9
0.6,0.48
0.05,0.19
0.81,0.04
0.26,0.67
0.25,0.97
0.17,0.87
0.29,0.54
0.76,0.71
0.68,0.83
0.63,0.09
0.7,0.46
0.21,0.41
0.93,0.61
0.27,0.39
0.3,0.8
0.18,0.84
0.7,0.02
0.56,0.53

Distanze
"0,1 : 0.3324"
"1,0 : 0.3324"
"0,2 : 0.2968"
"2,0 : 0.2968"
"0,3 : 0.211"
"3,0 : 0.211"
"0,4 : 0.0985"
"4,0 : 0.0985"
"0,5 : 0.2452"
"5,0 : 0.2452"
"0,6 : 0.4144"
"6,0 : 0.4144"
"0,7 : 0.4998"
"7,0 : 0.4998"
"0,8 : 0.2404"
"8,0 : 0.2404"
"0,9 : 0.0806"
"9,0 : 0.0806"
"0,10 : 0.7187"
"10,0 : 0.7187"
"0,11 : 0.5025"
"11,0 : 0.5025"
"0,12 : 0.0922"
"12,0 : 0.0922"
"0,13 : 0.3607"
"13,0 : 0.3607"
"0,14 : 0.1749"
"14,0 : 0.1749"
"0,15 : 0.4817"
"15,0 : 0.4817"
"0,16 : 0.5354"
"16,0 : 0.5354"
"0,17 : 0.35"
"17,0 : 0.35"
"0,18 : 0.3569"
"18,0 : 0.3569"
"0,19 : 0.422"
"19,0 : 0.422"
"0,20 : 0.3499"
"20,0 : 0.3499"
"0,21 : 0.2561"
"21,0 : 0.2561"
"0,22 : 0.4245"
"22,0 : 0.4245"
"0,23 : 0.6096"
"23,0 : 0.6096"
"0,24 : 0.422"
"24,0 : 0.422"
"0,25 : 0.4119"
"25,0 : 0.4119"
"0,26 : 0.5544"
"26,0 : 0.5544"
"0,27 : 0.5209"
"27,0 : 0.5209"
"0,28 : 0.2081"
"28,0 : 0.2081"
"0,29 : 0.5982"
"29,0 : 0.5982"
"0,30 : 0.4177"
"30,0 : 0.4177"
"0,31 : 0.5048"
"31,0 : 0.5048"
"0,32 : 0.08"
"32,0 : 0.08"
"0,33 : 0.6935"
"33,0 : 0.6935"
"0,34 : 0.4588"
"34,0 : 0.4588"
"0,35 : 0.461"
"35,0 : 0.461"
"0,36 : 0.6519"
"36,0 : 0.6519"
"0,37 : 0.642"
"37,0 : 0.642"
"0,38 : 0.3946"
"38,0 : 0.3946"
"0,39 : 0.2435"
"39,0 : 0.2435"
"0,40 : 0.35"
"40,0 : 0.35"
"0,41 : 0.3932"
"41,0 : 0.3932"
"0,42 : 0.0283"
"42,0 : 0.0283"
"0,43 : 0.4752"
"43,0 : 0.4752"
"0,44 : 0.2818"
"44,0 : 0.2818"
"0,45 : 0.4198"
"45,0 : 0.4198"
"0,46 : 0.4968"
"46,0 : 0.4968"
"0,47 : 0.6161"
"47,0 : 0.6161"
"0,48 : 0.4604"
"48,0 : 0.4604"
"0,49 : 0.13"
"49,0 : 0.13"
"1,2 : 0.6263"
"2,1 : 0.6263"
"1,3 : 0.5148"
"3,1 : 0.5148"
"1,4 : 0.4264"
"4,1 : 0.4264"
"1,5 : 0.507"
"5,1 : 0.507"
"1,6 : 0.7272"
"6,1 : 0.7272"
"1,7 : 0.8112"
"7,1 : 0.8112"
"1,8 : 0.5728"
"8,1 : 0.5728"
"1,9 : 0.272"
"9,1 : 0.272"
"1,10 : 1.0296"
"10,1 : 1.0296"
"1,11 : 0.8349"
"11,1 : 0.8349"
"1,12 : 0.2408"
"12,1 : 0.2408"
"1,13 : 0.4804"
"13,1 : 0.4804"
"1,14 : 0.4144"
"14,1 : 0.4144"
"1,15 : 0.7632"
"15,1 : 0.7632"
"1,16 : 0.5608"
"16,1 : 0.5608"
"1,17 : 0.5109"
"17,1 : 0.5109"
"1,18 : 0.1942"
"18,1 : 0.1942"
"1,19 : 0.6551"
"19,1 : 0.6551"
"1,20 : 0.5423"
"20,1 : 0.5423"
"1,21 : 0.4011"
"21,1 : 0.4011"
"1,22 : 0.7566"
"22,1 : 0.7566"
"1,23 : 0.6673"
"23,1 : 0.6673"
"1,24 : 0.7247"
"24,1 : 0.7247"
"1,25 : 0.6705"
"25,1 : 0.6705"
"1,26 : 0.7983"
"26,1 : 0.7983"
"1,27 : 0.3821"
"27,1 : 0.3821"
"1,28 : 0.5381"
"28,1 : 0.5381"
"1,29 : 0.9285"
"29,1 : 0.9285"
"1,30 : 0.7501"
"30,1 : 0.7501"
"1,31 : 0.5408"
"31,1 : 0.5408"
"1,32 : 0.392"
"32,1 : 0.392"
"1,33 : 1.0102"
"33,1 : 1.0102"
"1,34 : 0.6873"
"34,1 : 0.6873"
"1,35 : 0.6519"
"35,1 : 0.6519"
"1,36 : 0.7058"
"36,1 : 0.7058"
"1,37 : 0.755"
"37,1 : 0.755"
"1,38 : 0.6456"
"38,1 : 0.6456"
"1,39 : 0.1503"
"39,1 : 0.1503"
"1,40 : 0.255"
"40,1 : 0.255"
"1,41 : 0.6894"
"41,1 : 0.6894"
"1,42 : 0.3342"
"42,1 : 0.3342"
"1,43 : 0.7656"
"43,1 : 0.7656"
"1,44 : 0.1118"
"44,1 : 0.1118"
"1,45 : 0.7201"
"45,1 : 0.7201"
"1,46 : 0.6152"
"46,1 : 0.6152"
"1,47 : 0.7398"
"47,1 : 0.7398"
"1,48 : 0.7308"
"48,1 : 0.7308"
"1,49 : 0.3982"
"49,1 : 0.3982"
"2,3 : 0.1456"
"3,2 : 0.1456"
"2,4 : 0.2"
"4,2 : 0.2"
"2,5 : 0.3105"
"5,2 : 0.3105"
"2,6 : 0.255"
"6,2 : 0.255"
"2,7 : 0.3202"
"7,2 : 0.3202"
"2,8 : 0.0806"
"8,2 : 0.0806"
"2,9 : 0.3712"
"9,2 : 0.3712"
"2,10 : 0.5101"
"10,2 : 0.5101"
"2,11 : 0.2163"
"11,2 : 0.2163"
"2,12 : 0.386"
"12,2 : 0.386"
"2,13 : 0.5179"
"13,2 : 0.5179"
"2,14 : 0.2693"
"14,2 : 0.2693"
"2,15 : 0.3828"
"15,2 : 0.3828"
"2,16 : 0.712"
"16,2 : 0.712"
"2,17 : 0.4754"
"17,2 : 0.4754"
"2,18 : 0.6426"
"18,2 : 0.6426"
"2,19 : 0.4301"
"19,2 : 0.4301"
"2,20 : 0.3437"
"20,2 : 0.3437"
"2,21 : 0.3711"
"21,2 : 0.3711"
"2,22 : 0.1552"
"22,2 : 0.1552"
"2,23 : 0.7495"
"23,2 : 0.7495"
"2,24 : 0.2915"
"24,2 : 0.2915"
"2,25 : 0.3829"
"25,2 : 0.3829"
"2,26 : 0.5045"
"26,2 : 0.5045"
"2,27 : 0.7809"
"27,2 : 0.7809"
"2,28 : 0.1304"
"28,2 : 0.1304"
"2,29 : 0.3324"
"29,2 : 0.3324"
"2,30 : 0.1342"
"30,2 : 0.1342"
"2,31 : 0.6807"
"31,2 : 0.6807"
"2,32 : 0.2625"
"32,2 : 0.2625"
"2,33 : 0.4717"
"33,2 : 0.4717"
"2,34 : 0.3467"
"34,2 : 0.3467"
"2,35 : 0.5111"
"35,2 : 0.5111"
"2,36 : 0.7877"
"36,2 : 0.7877"
"2,37 : 0.7295"
"37,2 : 0.7295"
"2,38 : 0.386"
"38,2 : 0.386"
"2,39 : 0.5367"
"39,2 : 0.5367"
"2,40 : 0.621"
"40,2 : 0.621"
"2,41 : 0.178"
"41,2 : 0.178"
"2,42 : 0.2921"
"42,2 : 0.2921"
"2,43 : 0.3585"
"43,2 : 0.3585"
"2,44 : 0.559"
"44,2 : 0.559"
"2,45 : 0.2968"
"45,2 : 0.2968"
"2,46 : 0.611"
"46,2 : 0.611"
"2,47 : 0.6984"
"47,2 : 0.6984"
"2,48 : 0.2766"
"48,2 : 0.2766"
"2,49 : 0.3027"
"49,2 : 0.3027"
"3,4 : 0.1217"
"4,3 : 0.1217"
"3,5 : 0.3406"
"5,3 : 0.3406"
"3,6 : 0.3766"
"6,3 : 0.3766"
"3,7 : 0.4518"
"7,3 : 0.4518"
"3,8 : 0.1552"
"8,3 : 0.1552"
"3,9 : 0.2915"
"9,3 : 0.2915"
"3,10 : 0.6519"
"10,3 : 0.6519"
"3,11 : 0.3578"
"11,3 : 0.3578"
"3,12 : 0.2846"
"12,3 : 0.2846"
"3,13 : 0.5233"
"13,3 : 0.5233"
"3,14 : 0.1253"
"14,3 : 0.1253"
"3,15 : 0.4904"
"15,3 : 0.4904"
"3,16 : 0.7131"
"16,3 : 0.7131"
"3,17 : 0.494"
"17,3 : 0.494"
"3,18 : 0.5672"
"18,3 : 0.5672"
"3,19 : 0.4982"
"19,3 : 0.4982"
"3,20 : 0.2193"
"20,3 : 0.2193"
"3,21 : 0.2256"
"21,3 : 0.2256"
"3,22 : 0.3008"
"22,3 : 0.3008"
"3,23 : 0.7703"
"23,3 : 0.7703"
"3,24 : 0.4052"
"24,3 : 0.4052"
"3,25 : 0.4632"
"25,3 : 0.4632"
"3,26 : 0.5994"
"26,3 : 0.5994"
"3,27 : 0.7301"
"27,3 : 0.7301"
"3,28 : 0.1749"
"28,3 : 0.1749"
"3,29 : 0.4776"
"29,3 : 0.4776"
"3,30 : 0.2786"
"30,3 : 0.2786"
"3,31 : 0.6815"
"31,3 : 0.6815"
"3,32 : 0.2184"
"32,3 : 0.2184"
"3,33 : 0.6152"
"33,3 : 0.6152"
"3,34 : 0.2746"
"34,3 : 0.2746"
"3,35 : 0.5657"
"35,3 : 0.5657"
"3,36 : 0.8112"
"36,3 : 0.8112"
"3,37 : 0.7747"
"37,3 : 0.7747"
"3,38 : 0.458"
"38,3 : 0.458"
"3,39 : 0.4512"
"39,3 : 0.4512"
"3,40 : 0.5604"
"40,3 : 0.5604"
"3,41 : 0.1825"
"41,3 : 0.1825"
"3,42 : 0.1942"
"42,3 : 0.1942"
"3,43 : 0.4713"
"43,3 : 0.4713"
"3,44 : 0.4342"
"44,3 : 0.4342"
"3,45 : 0.408"
"45,3 : 0.408"
"3,46 : 0.6407"
"46,3 : 0.6407"
"3,47 : 0.7452"
"47,3 : 0.7452"
"3,48 : 0.2532"
"48,3 : 0.2532"
"3,49 : 0.2786"
"49,3 : 0.2786"
"4,5 : 0.2441"
"5,4 : 0.2441"
"4,6 : 0.3536"
"6,4 : 0.3536"
"4,7 : 0.4374"
"7,4 : 0.4374"
"4,8 : 0.1526"
"8,4 : 0.1526"
"4,9 : 0.1772"
"9,4 : 0.1772"
"4,10 : 0.6525"
"10,4 : 0.6525"
"4,11 : 0.4104"
"11,4 : 0.4104"
"4,12 : 0.186"
"12,4 : 0.186"
"4,13 : 0.4082"
"13,4 : 0.4082"
"4,14 : 0.1432"
"14,4 : 0.1432"
"4,15 : 0.4428"
"15,4 : 0.4428"
"4,16 : 0.5951"
"16,4 : 0.5951"
"4,17 : 0.3842"
"17,4 : 0.3842"
"4,18 : 0.4535"
"18,4 : 0.4535"
"4,19 : 0.4159"
"19,4 : 0.4159"
"4,20 : 0.3041"
"20,4 : 0.3041"
"4,21 : 0.25"
"21,4 : 0.25"
"4,22 : 0.336"
"22,4 : 0.336"
"4,23 : 0.6573"
"23,4 : 0.6573"
"4,24 : 0.3701"
"24,4 : 0.3701"
"4,25 : 0.3922"
"25,4 : 0.3922"
"4,26 : 0.5345"
"26,4 : 0.5345"
"4,27 : 0.6101"
"27,4 : 0.6101"
"4,28 : 0.1334"
"28,4 : 0.1334"
"4,29 : 0.5131"
"29,4 : 0.5131"
"4,30 : 0.3256"
"30,4 : 0.3256"
"4,31 : 0.5636"
"31,4 : 0.5636"
"4,32 : 0.0985"
"32,4 : 0.0985"
"4,33 : 0.623"
"33,4 : 0.623"
"4,34 : 0.3891"
"34,4 : 0.3891"
"4,35 : 0.472"
"35,4 : 0.472"
"4,36 : 0.6989"
"36,4 : 0.6989"
"4,37 : 0.6718"
"37,4 : 0.6718"
"4,38 : 0.3808"
"38,4 : 0.3808"
"4,39 : 0.3418"
"39,4 : 0.3418"
"4,40 : 0.4418"
"40,4 : 0.4418"
"4,41 : 0.3002"
"41,4 : 0.3002"
"4,42 : 0.0922"
"42,4 : 0.0922"
"4,43 : 0.4305"
"43,4 : 0.4305"
"4,44 : 0.364"
"44,4 : 0.364"
"4,45 : 0.37"
"45,4 : 0.37"
"4,46 : 0.5326"
"46,4 : 0.5326"
"4,47 : 0.6435"
"47,4 : 0.6435"
"4,48 : 0.3748"
"48,4 : 0.3748"
"4,49 : 0.1612"
"49,4 : 0.1612"
"5,6 : 0.2421"
"6,5 : 0.2421"
"5,7 : 0.3183"
"7,5 : 0.3183"
"5,8 : 0.2309"
"8,5 : 0.2309"
"5,9 : 0.2518"
"9,5 : 0.2518"
"5,10 : 0.5301"
"10,5 : 0.5301"
"5,11 : 0.4317"
"11,5 : 0.4317"
"5,12 : 0.3102"
"12,5 : 0.3102"
"5,13 : 0.2102"
"13,5 : 0.2102"
"5,14 : 0.3859"
"14,5 : 0.3859"
"5,15 : 0.2563"
"15,5 : 0.2563"
"5,16 : 0.4031"
"16,5 : 0.4031"
"5,17 : 0.1649"
"17,5 : 0.1649"
"5,18 : 0.4314"
"18,5 : 0.4314"
"5,19 : 0.1772"
"19,5 : 0.1772"
"5,20 : 0.5467"
"20,5 : 0.5467"
"5,21 : 0.4875"
"21,5 : 0.4875"
"5,22 : 0.3471"
"22,5 : 0.3471"
"5,23 : 0.4401"
"23,5 : 0.4401"
"5,24 : 0.2267"
"24,5 : 0.2267"
"5,25 : 0.1703"
"25,5 : 0.1703"
"5,26 : 0.3106"
"26,5 : 0.3106"
"5,27 : 0.5148"
"27,5 : 0.5148"
"5,28 : 0.1838"
"28,5 : 0.1838"
"5,29 : 0.4789"
"29,5 : 0.4789"
"5,30 : 0.3622"
"30,5 : 0.3622"
"5,31 : 0.3722"
"31,5 : 0.3722"
"5,32 : 0.1676"
"32,5 : 0.1676"
"5,33 : 0.5174"
"33,5 : 0.5174"
"5,34 : 0.614"
"34,5 : 0.614"
"5,35 : 0.228"
"35,5 : 0.228"
"5,36 : 0.4793"
"36,5 : 0.4793"
"5,37 : 0.4342"
"37,5 : 0.4342"
"5,38 : 0.1503"
"38,5 : 0.1503"
"5,39 : 0.3672"
"39,5 : 0.3672"
"5,40 : 0.3842"
"40,5 : 0.3842"
"5,41 : 0.4793"
"41,5 : 0.4793"
"5,42 : 0.2693"
"42,5 : 0.2693"
"5,43 : 0.2594"
"43,5 : 0.2594"
"5,44 : 0.4965"
"44,5 : 0.4965"
"5,45 : 0.2202"
"45,5 : 0.2202"
"5,46 : 0.3041"
"46,5 : 0.3041"
"5,47 : 0.4046"
"47,5 : 0.4046"
"5,48 : 0.5725"
"48,5 : 0.5725"
"5,49 : 0.12"
"49,5 : 0.12"
"6,7 : 0.0854"
"7,6 : 0.0854"
"6,8 : 0.222"
"8,6 : 0.222"
"6,9 : 0.4565"
"9,6 : 0.4565"
"6,10 : 0.3046"
"10,6 : 0.3046"
"6,11 : 0.2354"
"11,6 : 0.2354"
"6,12 : 0.5016"
"12,6 : 0.5016"
"6,13 : 0.4238"
"13,6 : 0.4238"
"6,14 : 0.4801"
"14,6 : 0.4801"
"6,15 : 0.1345"
"15,6 : 0.1345"
"6,16 : 0.5984"
"16,6 : 0.5984"
"6,17 : 0.3669"
"17,6 : 0.3669"
"6,18 : 0.6721"
"18,6 : 0.6721"
"6,19 : 0.2408"
"19,6 : 0.2408"
"6,20 : 0.592"
"20,6 : 0.592"
"6,21 : 0.5903"
"21,6 : 0.5903"
"6,22 : 0.17"
"22,6 : 0.17"
"6,23 : 0.6001"
"23,6 : 0.6001"
"6,24 : 0.0447"
"24,6 : 0.0447"
"6,25 : 0.1811"
"25,6 : 0.1811"
"6,26 : 0.264"
"26,6 : 0.264"
"6,27 : 0.7518"
"27,6 : 0.7518"
"6,28 : 0.2209"
"28,6 : 0.2209"
"6,29 : 0.2435"
"29,6 : 0.2435"
"6,30 : 0.2025"
"30,6 : 0.2025"
"6,31 : 0.5707"
"31,6 : 0.5707"
"6,32 : 0.3401"
"32,6 : 0.3401"
"6,33 : 0.283"
"33,6 : 0.283"
"6,34 : 0.6003"
"34,6 : 0.6003"
"6,35 : 0.3314"
"35,6 : 0.3314"
"6,36 : 0.6313"
"36,6 : 0.6313"
"6,37 : 0.5434"
"37,6 : 0.5434"
"6,38 : 0.2"
"38,6 : 0.2"
"6,39 : 0.5982"
"39,6 : 0.5982"
"6,40 : 0.6263"
"40,6 : 0.6263"
"6,41 : 0.422"
"41,6 : 0.422"
"6,42 : 0.4272"
"42,6 : 0.4272"
"6,43 : 0.1063"
"43,6 : 0.1063"
"6,44 : 0.6946"
"44,6 : 0.6946"
"6,45 : 0.0539"
"45,6 : 0.0539"
"6,46 : 0.4601"
"46,6 : 0.4601"
"6,47 : 0.512"
"47,6 : 0.512"
"6,48 : 0.5201"
"48,6 : 0.5201"
"6,49 : 0.3302"
"49,6 : 0.3302"
"7,8 : 0.3"
"8,7 : 0.3"
"7,9 : 0.5412"
"9,7 : 0.5412"
"7,10 : 0.2193"
"10,7 : 0.2193"
"7,11 : 0.2385"
"11,7 : 0.2385"
"7,12 : 0.5869"
"12,7 : 0.5869"
"7,13 : 0.483"
"13,7 : 0.483"
"7,14 : 0.5604"
"14,7 : 0.5604"
"7,15 : 0.1304"
"15,7 : 0.1304"
"7,16 : 0.6456"
"16,7 : 0.6456"
"7,17 : 0.4249"
"17,7 : 0.4249"
"7,18 : 0.7497"
"18,7 : 0.7497"
"7,19 : 0.2766"
"19,7 : 0.2766"
"7,20 : 0.6629"
"20,7 : 0.6629"
"7,21 : 0.6701"
"21,7 : 0.6701"
"7,22 : 0.2"
"22,7 : 0.2"
"7,23 : 0.6339"
"23,7 : 0.6339"
"7,24 : 0.0922"
"24,7 : 0.0922"
"7,25 : 0.2184"
"25,7 : 0.2184"
"7,26 : 0.253"
"26,7 : 0.253"
"7,27 : 0.8184"
"27,7 : 0.8184"
"7,28 : 0.3041"
"28,7 : 0.3041"
"7,29 : 0.2"
"29,7 : 0.2"
"7,30 : 0.236"
"30,7 : 0.236"
"7,31 : 0.6198"
"31,7 : 0.6198"
"7,32 : 0.4254"
"32,7 : 0.4254"
"7,33 : 0.2"
"33,7 : 0.2"
"7,34 : 0.658"
"34,7 : 0.658"
"7,35 : 0.3635"
"35,7 : 0.3635"
"7,36 : 0.6612"
"36,7 : 0.6612"
"7,37 : 0.5614"
"37,7 : 0.5614"
"7,38 : 0.2435"
"38,7 : 0.2435"
"7,39 : 0.6801"
"39,7 : 0.6801"
"7,40 : 0.7009"
"40,7 : 0.7009"
"7,41 : 0.4741"
"41,7 : 0.4741"
"7,42 : 0.5124"
"42,7 : 0.5124"
"7,43 : 0.1"
"43,7 : 0.1"
"7,44 : 0.78"
"44,7 : 0.78"
"7,45 : 0.1"
"45,7 : 0.1"
"7,46 : 0.4982"
"46,7 : 0.4982"
"7,47 : 0.5308"
"47,7 : 0.5308"
"7,48 : 0.5694"
"48,7 : 0.5694"
"7,49 : 0.4134"
"49,7 : 0.4134"
"8,9 : 0.3081"
"9,8 : 0.3081"
"8,10 : 0.508"
"10,8 : 0.508"
"8,11 : 0.2625"
"11,8 : 0.2625"
"8,12 : 0.3324"
"12,8 : 0.3324"
"8,13 : 0.4374"
"13,8 : 0.4374"
"8,14 : 0.2608"
"14,8 : 0.2608"
"8,15 : 0.3362"
"15,8 : 0.3362"
"8,16 : 0.6315"
"16,8 : 0.6315"
"8,17 : 0.3956"
"17,8 : 0.3956"
"8,18 : 0.5727"
"18,8 : 0.5727"
"8,19 : 0.3612"
"19,8 : 0.3612"
"8,20 : 0.3734"
"20,8 : 0.3734"
"8,21 : 0.3701"
"21,8 : 0.3701"
"8,22 : 0.1844"
"22,8 : 0.1844"
"8,23 : 0.6707"
"23,8 : 0.6707"
"8,24 : 0.25"
"24,8 : 0.25"
"8,25 : 0.3189"
"25,8 : 0.3189"
"8,26 : 0.4494"
"26,8 : 0.4494"
"8,27 : 0.7041"
"27,8 : 0.7041"
"8,28 : 0.05"
"28,8 : 0.05"
"8,29 : 0.3606"
"29,8 : 0.3606"
"8,30 : 0.178"
"30,8 : 0.178"
"8,31 : 0.6002"
"31,8 : 0.6002"
"8,32 : 0.1924"
"32,8 : 0.1924"
"8,33 : 0.4754"
"33,8 : 0.4754"
"8,34 : 0.4036"
"34,8 : 0.4036"
"8,35 : 0.4383"
"35,8 : 0.4383"
"8,36 : 0.7094"
"36,8 : 0.7094"
"8,37 : 0.6551"
"37,8 : 0.6551"
"8,38 : 0.3183"
"38,8 : 0.3183"
"8,39 : 0.4717"
"39,8 : 0.4717"
"8,40 : 0.5471"
"40,8 : 0.5471"
"8,41 : 0.2506"
"41,8 : 0.2506"
"8,42 : 0.2421"
"42,8 : 0.2421"
"8,43 : 0.3162"
"43,8 : 0.3162"
"8,44 : 0.5161"
"44,8 : 0.5161"
"8,45 : 0.253"
"45,8 : 0.253"
"8,46 : 0.5331"
"46,8 : 0.5331"
"8,47 : 0.6243"
"47,8 : 0.6243"
"8,48 : 0.3467"
"48,8 : 0.3467"
"8,49 : 0.2256"
"49,8 : 0.2256"
"9,10 : 0.7603"
"10,9 : 0.7603"
"9,11 : 0.5701"
"11,9 : 0.5701"
"9,12 : 0.0632"
"12,9 : 0.0632"
"9,13 : 0.3162"
"13,9 : 0.3162"
"9,14 : 0.2435"
"14,9 : 0.2435"
"9,15 : 0.5045"
"15,9 : 0.5045"
"9,16 : 0.4763"
"16,9 : 0.4763"
"9,17 : 0.3178"
"17,9 : 0.3178"
"9,18 : 0.2766"
"18,9 : 0.2766"
"9,19 : 0.4205"
"19,9 : 0.4205"
"9,20 : 0.4163"
"20,9 : 0.4163"
"9,21 : 0.3061"
"21,9 : 0.3061"
"9,22 : 0.4892"
"22,9 : 0.4892"
"9,23 : 0.559"
"23,9 : 0.559"
"9,24 : 0.4569"
"24,9 : 0.4569"
"9,25 : 0.4219"
"25,9 : 0.4219"
"9,26 : 0.5601"
"26,9 : 0.5601"
"9,27 : 0.4418"
"27,9 : 0.4418"
"9,28 : 0.2691"
"28,9 : 0.2691"
"9,29 : 0.658"
"29,9 : 0.658"
"9,30 : 0.486"
"30,9 : 0.486"
"9,31 : 0.4469"
"31,9 : 0.4469"
"9,32 : 0.1204"
"32,9 : 0.1204"
"9,33 : 0.7393"
"33,9 : 0.7393"
"9,34 : 0.5337"
"34,9 : 0.5337"
"9,35 : 0.4438"
"35,9 : 0.4438"
"9,36 : 0.6014"
"36,9 : 0.6014"
"9,37 : 0.6054"
"37,9 : 0.6054"
"9,38 : 0.4005"
"38,9 : 0.4005"
"9,39 : 0.1655"
"39,9 : 0.1655"
"9,40 : 0.2702"
"40,9 : 0.2702"
"9,41 : 0.4738"
"41,9 : 0.4738"
"9,42 : 0.1005"
"42,9 : 0.1005"
"9,43 : 0.5029"
"43,9 : 0.5029"
"9,44 : 0.2452"
"44,9 : 0.2452"
"9,45 : 0.4531"
"45,9 : 0.4531"
"9,46 : 0.4579"
"46,9 : 0.4579"
"9,47 : 0.5818"
"47,9 : 0.5818"
"9,48 : 0.5401"
"48,9 : 0.5401"
"9,49 : 0.1334"
"49,9 : 0.1334"
"10,11 : 0.3479"
"11,10 : 0.3479"
"10,12 : 0.8062"
"12,10 : 0.8062"
"10,13 : 0.6684"
"13,10 : 0.6684"
"10,14 : 0.7679"
"14,10 : 0.7679"
"10,15 : 0.2907"
"15,10 : 0.2907"
"10,16 : 0.8053"
"16,10 : 0.8053"
"10,17 : 0.6107"
"17,10 : 0.6107"
"10,18 : 0.959"
"18,10 : 0.959"
"10,19 : 0.4441"
"19,10 : 0.4441"
"10,20 : 0.8509"
"20,10 : 0.8509"
"10,21 : 0.8757"
"21,10 : 0.8757"
"10,22 : 0.3612"
"22,10 : 0.3612"
"10,23 : 0.769"
"23,10 : 0.769"
"10,24 : 0.3053"
"24,10 : 0.3053"
"10,25 : 0.397"
"25,10 : 0.397"
"10,26 : 0.3511"
"26,10 : 0.3511"
"10,27 : 1.009"
"27,10 : 1.009"
"10,28 : 0.5192"
"28,10 : 0.5192"
"10,29 : 0.2283"
"29,10 : 0.2283"
"10,30 : 0.3932"
"30,10 : 0.3932"
"10,31 : 0.7839"
"31,10 : 0.7839"
"10,32 : 0.6447"
"32,10 : 0.6447"
"10,33 : 0.05"
"33,10 : 0.05"
"10,34 : 0.82"
"34,10 : 0.82"
"10,35 : 0.5148"
"35,10 : 0.5148"
"10,36 : 0.7875"
"36,10 : 0.7875"
"10,37 : 0.6694"
"37,10 : 0.6694"
"10,38 : 0.4252"
"38,10 : 0.4252"
"10,39 : 0.8959"
"39,10 : 0.8959"
"10,40 : 0.9061"
"40,10 : 0.9061"
"10,41 : 0.6335"
"41,10 : 0.6335"
"10,42 : 0.7305"
"42,10 : 0.7305"
"10,43 : 0.2759"
"43,10 : 0.2759"
"10,44 : 0.9992"
"44,10 : 0.9992"
"10,45 : 0.3106"
"45,10 : 0.3106"
"10,46 : 0.6485"
"46,10 : 0.6485"
"10,47 : 0.6429"
"47,10 : 0.6429"
"10,48 : 0.7184"
"48,10 : 0.7184"
"10,49 : 0.6313"
"49,10 : 0.6313"
"11,12 : 0.5941"
"12,11 : 0.5941"
"11,13 : 0.6364"
"13,11 : 0.6364"
"11,14 : 0.483"
"14,11 : 0.483"
"11,15 : 0.3585"
"15,11 : 0.3585"
"11,16 : 0.8215"
"16,11 : 0.8215"
"11,17 : 0.5831"
"17,11 : 0.5831"
"11,18 : 0.8286"
"18,11 : 0.8286"
"11,19 : 0.4752"
"19,11 : 0.4752"
"11,20 : 0.5247"
"20,11 : 0.5247"
"11,21 : 0.5794"
"21,11 : 0.5794"
"11,22 : 0.0854"
"22,11 : 0.0854"
"11,23 : 0.8322"
"23,11 : 0.8322"
"11,24 : 0.2789"
"24,11 : 0.2789"
"11,25 : 0.4159"
"25,11 : 0.4159"
"11,26 : 0.4875"
"26,11 : 0.4875"
"11,27 : 0.9424"
"27,11 : 0.9424"
"11,28 : 0.3023"
"28,11 : 0.3023"
"11,29 : 0.13"
"29,11 : 0.13"
"11,30 : 0.0849"
"30,11 : 0.0849"
"11,31 : 0.7923"
"31,11 : 0.7923"
"11,32 : 0.4522"
"32,11 : 0.4522"
"11,33 : 0.3008"
"33,11 : 0.3008"
"11,34 : 0.4752"
"34,11 : 0.4752"
"11,35 : 0.5657"
"35,11 : 0.5657"
"11,36 : 0.8647"
"36,11 : 0.8647"
"11,37 : 0.7788"
"37,11 : 0.7788"
"11,38 : 0.4329"
"38,11 : 0.4329"
"11,39 : 0.7324"
"39,11 : 0.7324"
"11,40 : 0.7962"
"40,11 : 0.7962"
"11,41 : 0.2907"
"41,11 : 0.2907"
"11,42 : 0.5021"
"42,11 : 0.5021"
"11,43 : 0.327"
"43,11 : 0.327"
"11,44 : 0.7734"
"44,11 : 0.7734"
"11,45 : 0.2886"
"45,11 : 0.2886"
"11,46 : 0.6912"
"46,11 : 0.6912"
"11,47 : 0.7473"
"47,11 : 0.7473"
"11,48 : 0.3711"
"48,11 : 0.3711"
"11,49 : 0.4741"
"49,11 : 0.4741"
"12,13 : 0.3774"
"13,12 : 0.3774"
"12,14 : 0.211"
"14,12 : 0.211"
"12,15 : 0.559"
"15,12 : 0.559"
"12,16 : 0.5308"
"16,12 : 0.5308"
"12,17 : 0.3808"
"17,12 : 0.3808"
"12,18 : 0.29"
"18,12 : 0.29"
"12,19 : 0.4817"
"19,12 : 0.4817"
"12,20 : 0.3764"
"20,12 : 0.3764"
"12,21 : 0.2555"
"21,12 : 0.2555"
"12,22 : 0.5166"
"22,12 : 0.5166"
"12,23 : 0.6172"
"23,12 : 0.6172"
"12,24 : 0.506"
"24,12 : 0.506"
"12,25 : 0.4804"
"25,12 : 0.4804"
"12,26 : 0.6201"
"26,12 : 0.6201"
"12,27 : 0.4707"
"27,12 : 0.4707"
"12,28 : 0.3"
"28,12 : 0.3"
"12,29 : 0.6903"
"29,12 : 0.6903"
"12,30 : 0.5093"
"30,12 : 0.5093"
"12,31 : 0.5021"
"31,12 : 0.5021"
"12,32 : 0.1616"
"32,12 : 0.1616"
"12,33 : 0.7826"
"33,12 : 0.7826"
"12,34 : 0.5036"
"34,12 : 0.5036"
"12,35 : 0.507"
"35,12 : 0.507"
"12,36 : 0.6595"
"36,12 : 0.6595"
"12,37 : 0.6673"
"37,12 : 0.6673"
"12,38 : 0.46"
"38,12 : 0.46"
"12,39 : 0.1703"
"39,12 : 0.1703"
"12,40 : 0.2983"
"40,12 : 0.2983"
"12,41 : 0.4657"
"41,12 : 0.4657"
"12,42 : 0.0943"
"42,12 : 0.0943"
"12,43 : 0.5554"
"43,12 : 0.5554"
"12,44 : 0.1931"
"44,12 : 0.1931"
"12,45 : 0.5029"
"45,12 : 0.5029"
"12,46 : 0.5197"
"46,12 : 0.5197"
"12,47 : 0.6441"
"47,12 : 0.6441"
"12,48 : 0.5224"
"48,12 : 0.5224"
"12,49 : 0.1903"
"49,12 : 0.1903"
"13,14 : 0.5326"
"14,13 : 0.5326"
"13,15 : 0.378"
"15,13 : 0.378"
"13,16 : 0.1942"
"16,13 : 0.1942"
"13,17 : 0.0583"
"17,13 : 0.0583"
"13,18 : 0.3324"
"18,13 : 0.3324"
"13,19 : 0.2263"
"19,13 : 0.2263"
"13,20 : 0.706"
"20,13 : 0.706"
"13,21 : 0.6155"
"21,13 : 0.6155"
"13,22 : 0.5533"
"22,13 : 0.5533"
"13,23 : 0.25"
"23,13 : 0.25"
"13,24 : 0.394"
"24,13 : 0.394"
"13,25 : 0.272"
"25,13 : 0.272"
"13,26 : 0.3551"
"26,13 : 0.3551"
"13,27 : 0.3406"
"27,13 : 0.3406"
"13,28 : 0.3883"
"28,13 : 0.3883"
"13,29 : 0.6673"
"29,13 : 0.6673"
"13,30 : 0.5708"
"30,13 : 0.5708"
"13,31 : 0.1628"
"31,13 : 0.1628"
"13,32 : 0.3106"
"32,13 : 0.3106"
"13,33 : 0.6685"
"33,13 : 0.6685"
"13,34 : 0.7965"
"34,13 : 0.7965"
"13,35 : 0.1838"
"35,13 : 0.1838"
"13,36 : 0.2921"
"36,13 : 0.2921"
"13,37 : 0.2907"
"37,13 : 0.2907"
"13,38 : 0.2441"
"38,13 : 0.2441"
"13,39 : 0.3314"
"39,13 : 0.3314"
"13,40 : 0.2657"
"40,13 : 0.2657"
"13,41 : 0.6801"
"41,13 : 0.6801"
"13,42 : 0.389"
"42,13 : 0.389"
"13,43 : 0.3966"
"43,13 : 0.3966"
"13,44 : 0.5166"
"44,13 : 0.5166"
"13,45 : 0.3848"
"45,13 : 0.3848"
"13,46 : 0.1432"
"46,13 : 0.1432"
"13,47 : 0.2693"
"47,13 : 0.2693"
"13,48 : 0.769"
"48,13 : 0.769"
"13,49 : 0.247"
"49,13 : 0.247"
"14,15 : 0.5805"
"15,14 : 0.5805"
"14,16 : 0.7102"
"16,14 : 0.7102"
"14,17 : 0.5162"
"17,14 : 0.5162"
"14,18 : 0.5004"
"18,14 : 0.5004"
"14,19 : 0.559"
"19,14 : 0.559"
"14,20 : 0.1749"
"20,14 : 0.1749"
"14,21 : 0.1105"
"21,14 : 0.1105"
"14,22 : 0.4238"
"22,14 : 0.4238"
"14,23 : 0.7824"
"23,14 : 0.7824"
"14,24 : 0.5025"
"24,14 : 0.5025"
"14,25 : 0.5349"
"25,14 : 0.5349"
"14,26 : 0.6768"
"26,14 : 0.6768"
"14,27 : 0.6807"
"27,14 : 0.6807"
"14,28 : 0.2617"
"28,14 : 0.2617"
"14,29 : 0.6017"
"29,14 : 0.6017"
"14,30 : 0.4031"
"30,14 : 0.4031"
"14,31 : 0.6796"
"31,14 : 0.6796"
"14,32 : 0.2267"
"32,14 : 0.2267"
"14,33 : 0.7335"
"33,14 : 0.7335"
"14,34 : 0.2927"
"34,14 : 0.2927"
"14,35 : 0.6129"
"35,14 : 0.6129"
"14,36 : 0.8246"
"36,14 : 0.8246"
"14,37 : 0.8072"
"37,14 : 0.8072"
"14,38 : 0.5239"
"38,14 : 0.5239"
"14,39 : 0.3801"
"39,14 : 0.3801"
"14,40 : 0.508"
"40,14 : 0.508"
"14,41 : 0.2778"
"41,14 : 0.2778"
"14,42 : 0.1476"
"42,14 : 0.1476"
"14,43 : 0.5657"
"43,14 : 0.5657"
"14,44 : 0.3225"
"44,14 : 0.3225"
"14,45 : 0.5036"
"45,14 : 0.5036"
"14,46 : 0.6647"
"46,14 : 0.6647"
"14,47 : 0.7799"
"47,14 : 0.7799"
"14,48 : 0.3178"
"48,14 : 0.3178"
"14,49 : 0.29"
"49,14 : 0.29"
"15,16 : 0.5255"
"16,15 : 0.5255"
"15,17 : 0.3202"
"17,15 : 0.3202"
"15,18 : 0.6742"
"18,15 : 0.6742"
"15,19 : 0.1565"
"19,15 : 0.1565"
"15,20 : 0.7094"
"20,15 : 0.7094"
"15,21 : 0.6905"
"21,15 : 0.6905"
"15,22 : 0.3023"
"22,15 : 0.3023"
"15,23 : 0.5064"
"23,15 : 0.5064"
"15,24 : 0.0922"
"24,15 : 0.0922"
"15,25 : 0.1063"
"25,15 : 0.1063"
"15,26 : 0.1304"
"26,15 : 0.1304"
"15,27 : 0.7184"
"27,15 : 0.7184"
"15,28 : 0.3202"
"28,15 : 0.3202"
"15,29 : 0.3302"
"29,15 : 0.3302"
"15,30 : 0.336"
"30,15 : 0.336"
"15,31 : 0.5016"
"31,15 : 0.5016"
"15,32 : 0.402"
"32,15 : 0.402"
"15,33 : 0.2915"
"33,15 : 0.2915"
"15,34 : 0.7295"
"34,15 : 0.7295"
"15,35 : 0.2377"
"35,15 : 0.2377"
"15,36 : 0.5324"
"36,15 : 0.5324"
"15,37 : 0.431"
"37,15 : 0.431"
"15,38 : 0.1345"
"38,15 : 0.1345"
"15,39 : 0.6217"
"39,15 : 0.6217"
"15,40 : 0.6185"
"40,15 : 0.6185"
"15,41 : 0.5544"
"41,15 : 0.5544"
"15,42 : 0.5004"
"42,15 : 0.5004"
"15,43 : 0.0316"
"43,15 : 0.0316"
"15,44 : 0.7495"
"44,15 : 0.7495"
"15,45 : 0.086"
"45,15 : 0.086"
"15,46 : 0.3736"
"46,15 : 0.3736"
"15,47 : 0.4005"
"47,15 : 0.4005"
"15,48 : 0.653"
"48,15 : 0.653"
"15,49 : 0.3711"
"49,15 : 0.3711"
"16,17 : 0.2402"
"17,16 : 0.2402"
"16,18 : 0.3736"
"18,16 : 0.3736"
"16,19 : 0.37"
"19,16 : 0.37"
"16,20 : 0.8851"
"20,16 : 0.8851"
"16,21 : 0.7824"
"21,16 : 0.7824"
"16,22 : 0.7403"
"22,16 : 0.7403"
"16,23 : 0.1105"
"23,16 : 0.1105"
"16,24 : 0.5629"
"24,16 : 0.5629"
"16,25 : 0.4272"
"25,16 : 0.4272"
"16,26 : 0.4604"
"26,16 : 0.4604"
"16,27 : 0.2693"
"27,16 : 0.2693"
"16,28 : 0.5825"
"28,16 : 0.5825"
"16,29 : 0.8395"
"29,16 : 0.8395"
"16,30 : 0.7601"
"30,16 : 0.7601"
"16,31 : 0.0316"
"31,16 : 0.0316"
"16,32 : 0.4966"
"32,16 : 0.4966"
"16,33 : 0.8144"
"33,16 : 0.8144"
"16,34 : 0.9841"
"34,16 : 0.9841"
"16,35 : 0.2907"
"35,16 : 0.2907"
"16,36 : 0.1456"
"36,16 : 0.1456"
"16,37 : 0.228"
"37,16 : 0.228"
"16,38 : 0.4026"
"38,16 : 0.4026"
"16,39 : 0.4305"
"39,16 : 0.4305"
"16,40 : 0.3068"
"40,16 : 0.3068"
"16,41 : 0.8736"
"41,16 : 0.8736"
"16,42 : 0.563"
"42,16 : 0.563"
"16,43 : 0.5503"
"43,16 : 0.5503"
"16,44 : 0.6277"
"44,16 : 0.6277"
"16,45 : 0.5532"
"45,16 : 0.5532"
"16,46 : 0.1581"
"46,16 : 0.1581"
"16,47 : 0.2285"
"47,16 : 0.2285"
"16,48 : 0.9614"
"48,16 : 0.9614"
"16,49 : 0.4346"
"49,16 : 0.4346"
"17,18 : 0.377"
"18,17 : 0.377"
"17,19 : 0.1703"
"19,17 : 0.1703"
"17,20 : 0.6868"
"20,17 : 0.6868"
"17,21 : 0.6061"
"21,17 : 0.6061"
"17,22 : 0.5009"
"22,17 : 0.5009"
"17,23 : 0.2773"
"23,17 : 0.2773"
"17,24 : 0.3362"
"24,17 : 0.3362"
"17,25 : 0.214"
"25,17 : 0.214"
"17,26 : 0.3041"
"26,17 : 0.3041"
"17,27 : 0.3982"
"27,17 : 0.3982"
"17,28 : 0.3479"
"28,17 : 0.3479"
"17,29 : 0.6103"
"29,17 : 0.6103"
"17,30 : 0.52"
"30,17 : 0.52"
"17,31 : 0.21"
"31,17 : 0.21"
"17,32 : 0.29"
"32,17 : 0.29"
"17,33 : 0.6103"
"33,17 : 0.6103"
"17,34 : 0.7685"
"34,17 : 0.7685"
"17,35 : 0.1414"
"35,17 : 0.1414"
"17,36 : 0.3176"
"36,17 : 0.3176"
"17,37 : 0.2921"
"37,17 : 0.2921"
"17,38 : 0.186"
"38,17 : 0.186"
"17,39 : 0.3606"
"39,17 : 0.3606"
"17,40 : 0.313"
"40,17 : 0.313"
"17,41 : 0.6426"
"41,17 : 0.6426"
"17,42 : 0.378"
"42,17 : 0.378"
"17,43 : 0.3384"
"43,17 : 0.3384"
"17,44 : 0.536"
"44,17 : 0.536"
"17,45 : 0.327"
"45,17 : 0.327"
"17,46 : 0.1487"
"46,17 : 0.1487"
"17,47 : 0.2663"
"47,17 : 0.2663"
"17,48 : 0.7341"
"48,17 : 0.7341"
"17,49 : 0.2263"
"49,17 : 0.2263"
"18,19 : 0.5412"
"19,18 : 0.5412"
"18,20 : 0.6592"
"20,18 : 0.6592"
"18,21 : 0.5263"
"21,18 : 0.5263"
"18,22 : 0.7443"
"22,18 : 0.7443"
"18,23 : 0.4827"
"23,18 : 0.4827"
"18,24 : 0.658"
"24,18 : 0.658"
"18,25 : 0.5714"
"25,18 : 0.5714"
"18,26 : 0.6803"
"26,18 : 0.6803"
"18,27 : 0.1972"
"27,18 : 0.1972"
"18,28 : 0.5277"
"28,18 : 0.5277"
"18,29 : 0.9"
"29,18 : 0.9"
"18,30 : 0.7471"
"30,18 : 0.7471"
"18,31 : 0.3569"
"31,18 : 0.3569"
"18,32 : 0.3808"
"32,18 : 0.3808"
"18,33 : 0.9485"
"33,18 : 0.9485"
"18,34 : 0.7923"
"34,18 : 0.7923"
"18,35 : 0.5155"
"35,18 : 0.5155"
"18,36 : 0.5192"
"36,18 : 0.5192"
"18,37 : 0.5814"
"37,18 : 0.5814"
"18,38 : 0.5438"
"38,18 : 0.5438"
"18,39 : 0.1204"
"39,18 : 0.1204"
"18,40 : 0.07"
"40,18 : 0.07"
"18,41 : 0.7497"
"41,18 : 0.7497"
"18,42 : 0.3734"
"42,18 : 0.3734"
"18,43 : 0.6841"
"43,18 : 0.6841"
"18,44 : 0.2843"
"44,18 : 0.2843"
"18,45 : 0.6512"
"45,18 : 0.6512"
"18,46 : 0.451"
"46,18 : 0.451"
"18,47 : 0.5701"
"47,18 : 0.5701"
"18,48 : 0.8115"
"48,18 : 0.8115"
"18,49 : 0.3551"
"49,18 : 0.3551"
"19,20 : 0.7128"
"20,19 : 0.7128"
"19,21 : 0.6631"
"21,19 : 0.6631"
"19,22 : 0.4026"
"22,19 : 0.4026"
"19,23 : 0.3601"
"23,19 : 0.3601"
"19,24 : 0.2"
"24,19 : 0.2"
"19,25 : 0.06"
"25,19 : 0.06"
"19,26 : 0.1432"
"26,19 : 0.1432"
"19,27 : 0.5664"
"27,19 : 0.5664"
"19,28 : 0.3256"
"28,19 : 0.3256"
"19,29 : 0.4738"
"29,19 : 0.4738"
"19,30 : 0.4301"
"30,19 : 0.4301"
"19,31 : 0.3454"
"31,19 : 0.3454"
"19,32 : 0.3448"
"32,19 : 0.3448"
"19,33 : 0.4478"
"33,19 : 0.4478"
"19,34 : 0.7637"
"34,19 : 0.7637"
"19,35 : 0.0906"
"35,19 : 0.0906"
"19,36 : 0.3905"
"36,19 : 0.3905"
"19,37 : 0.3068"
"37,19 : 0.3068"
"19,38 : 0.0447"
"38,19 : 0.0447"
"19,39 : 0.507"
"39,19 : 0.507"
"19,40 : 0.4802"
"40,19 : 0.4802"
"19,41 : 0.608"
"41,19 : 0.608"
"19,42 : 0.4464"
"42,19 : 0.4464"
"19,43 : 0.1803"
"43,19 : 0.1803"
"19,44 : 0.6607"
"44,19 : 0.6607"
"19,45 : 0.19"
"45,19 : 0.19"
"19,46 : 0.222"
"46,19 : 0.222"
"19,47 : 0.2751"
"47,19 : 0.2751"
"19,48 : 0.706"
"48,19 : 0.706"
"19,49 : 0.2943"
"49,19 : 0.2943"
"20,21 : 0.1414"
"21,20 : 0.1414"
"20,22 : 0.4901"
"22,20 : 0.4901"
"20,23 : 0.956"
"23,20 : 0.956"
"20,24 : 0.623"
"24,20 : 0.623"
"20,25 : 0.681"
"25,20 : 0.681"
"20,26 : 0.8184"
"26,20 : 0.8184"
"20,27 : 0.8465"
"27,20 : 0.8465"
"20,28 : 0.3936"
"28,20 : 0.3936"
"20,29 : 0.6538"
"29,20 : 0.6538"
"20,30 : 0.4601"
"30,20 : 0.4601"
"20,31 : 0.8544"
"31,20 : 0.8544"
"20,32 : 0.397"
"32,20 : 0.397"
"20,33 : 0.8101"
"33,20 : 0.8101"
"20,34 : 0.1487"
"34,20 : 0.1487"
"20,35 : 0.7747"
"35,20 : 0.7747"
"20,36 : 0.9981"
"36,20 : 0.9981"
"20,37 : 0.9758"
"37,20 : 0.9758"
"20,38 : 0.6742"
"38,20 : 0.6742"
"20,39 : 0.5394"
"39,20 : 0.5394"
"20,40 : 0.6745"
"40,20 : 0.6745"
"20,41 : 0.247"
"41,20 : 0.247"
"20,42 : 0.3225"
"42,20 : 0.3225"
"20,43 : 0.6895"
"43,20 : 0.6895"
"20,44 : 0.4357"
"44,20 : 0.4357"
"20,45 : 0.6263"
"45,20 : 0.6263"
"20,46 : 0.8355"
"46,20 : 0.8355"
"20,47 : 0.9476"
"47,20 : 0.9476"
"20,48 : 0.2263"
"48,20 : 0.2263"
"20,49 : 0.461"
"49,20 : 0.461"
"21,22 : 0.5263"
"22,21 : 0.5263"
"21,23 : 0.8628"
"23,21 : 0.8628"
"21,24 : 0.6129"
"24,21 : 0.6129"
"21,25 : 0.642"
"25,21 : 0.642"
"21,26 : 0.7845"
"26,21 : 0.7845"
"21,27 : 0.7178"
"27,21 : 0.7178"
"21,28 : 0.3722"
"28,21 : 0.3722"
"21,29 : 0.7021"
"29,21 : 0.7021"
"21,30 : 0.5029"
"30,21 : 0.5029"
"21,31 : 0.7529"
"31,21 : 0.7529"
"21,32 : 0.3225"
"32,21 : 0.3225"
"21,33 : 0.8401"
"33,21 : 0.8401"
"21,34 : 0.2886"
"34,21 : 0.2886"
"21,35 : 0.712"
"35,21 : 0.712"
"21,36 : 0.9052"
"36,21 : 0.9052"
"21,37 : 0.8981"
"37,21 : 0.8981"
"21,38 : 0.6297"
"38,21 : 0.6297"
"21,39 : 0.408"
"39,21 : 0.408"
"21,40 : 0.5478"
"40,21 : 0.5478"
"21,41 : 0.3397"
"41,21 : 0.3397"
"21,42 : 0.228"
"42,21 : 0.228"
"21,43 : 0.676"
"43,21 : 0.676"
"21,44 : 0.2943"
"44,21 : 0.2943"
"21,45 : 0.614"
"45,21 : 0.614"
"21,46 : 0.7529"
"46,21 : 0.7529"
"21,47 : 0.872"
"47,21 : 0.872"
"21,48 : 0.3499"
"48,21 : 0.3499"
"21,49 : 0.3828"
"49,21 : 0.3828"
"22,23 : 0.7554"
"23,22 : 0.7554"
"22,24 : 0.2147"
"24,22 : 0.2147"
"22,25 : 0.3448"
"25,22 : 0.3448"
"22,26 : 0.4327"
"26,22 : 0.4327"
"22,27 : 0.857"
"27,22 : 0.857"
"22,28 : 0.2202"
"28,22 : 0.2202"
"22,29 : 0.1789"
"29,22 : 0.1789"
"22,30 : 0.0361"
"30,22 : 0.0361"
"22,31 : 0.7106"
"31,22 : 0.7106"
"22,32 : 0.3701"
"32,22 : 0.3701"
"22,33 : 0.32"
"33,22 : 0.32"
"22,34 : 0.4649"
"34,22 : 0.4649"
"22,35 : 0.4924"
"35,22 : 0.4924"
"22,36 : 0.7892"
"36,22 : 0.7892"
"22,37 : 0.7088"
"37,22 : 0.7088"
"22,38 : 0.359"
"38,22 : 0.359"
"22,39 : 0.65"
"39,22 : 0.65"
"22,40 : 0.7111"
"40,22 : 0.7111"
"22,41 : 0.2786"
"41,22 : 0.2786"
"22,42 : 0.4264"
"42,22 : 0.4264"
"22,43 : 0.272"
"43,22 : 0.272"
"22,44 : 0.7"
"44,22 : 0.7"
"22,45 : 0.2236"
"45,22 : 0.2236"
"22,46 : 0.614"
"46,22 : 0.614"
"22,47 : 0.6772"
"47,22 : 0.6772"
"22,48 : 0.3712"
"48,22 : 0.3712"
"22,49 : 0.3895"
"49,22 : 0.3895"
"23,24 : 0.5601"
"24,23 : 0.5601"
"23,25 : 0.4201"
"25,23 : 0.4201"
"23,26 : 0.4179"
"26,23 : 0.4179"
"23,27 : 0.3748"
"27,23 : 0.3748"
"23,28 : 0.6239"
"28,23 : 0.6239"
"23,29 : 0.8329"
"29,23 : 0.8329"
"23,30 : 0.7793"
"30,23 : 0.7793"
"23,31 : 0.1265"
"31,23 : 0.1265"
"23,32 : 0.5604"
"32,23 : 0.5604"
"23,33 : 0.7845"
"33,23 : 0.7845"
"23,34 : 1.0445"
"34,23 : 1.0445"
"23,35 : 0.2707"
"35,23 : 0.2707"
"23,36 : 0.0424"
"36,23 : 0.0424"
"23,37 : 0.1304"
"37,23 : 0.1304"
"23,38 : 0.4001"
"38,23 : 0.4001"
"23,39 : 0.5323"
"39,23 : 0.5323"
"23,40 : 0.4148"
"40,23 : 0.4148"
"23,41 : 0.9192"
"41,23 : 0.9192"
"23,42 : 0.6378"
"42,23 : 0.6378"
"23,43 : 0.5346"
"43,23 : 0.5346"
"23,44 : 0.729"
"44,23 : 0.729"
"23,45 : 0.5501"
"45,23 : 0.5501"
"23,46 : 0.1414"
"46,23 : 0.1414"
"23,47 : 0.1414"
"47,23 : 0.1414"
"23,48 : 1.0113"
"48,23 : 1.0113"
"23,49 : 0.4965"
"49,23 : 0.4965"
"24,25 : 0.14"
"25,24 : 0.14"
"24,26 : 0.2202"
"26,24 : 0.2202"
"24,27 : 0.7272"
"27,24 : 0.7272"
"24,28 : 0.2408"
"28,24 : 0.2408"
"24,29 : 0.2766"
"29,24 : 0.2766"
"24,30 : 0.247"
"30,24 : 0.247"
"24,31 : 0.536"
"31,24 : 0.536"
"24,32 : 0.3448"
"32,24 : 0.3448"
"24,33 : 0.2907"
"33,24 : 0.2907"
"24,34 : 0.6381"
"34,24 : 0.6381"
"24,35 : 0.2902"
"35,24 : 0.2902"
"24,36 : 0.5903"
"36,24 : 0.5903"
"24,37 : 0.5001"
"37,24 : 0.5001"
"24,38 : 0.1612"
"38,24 : 0.1612"
"24,39 : 0.5908"
"39,24 : 0.5908"
"24,40 : 0.6088"
"40,24 : 0.6088"
"24,41 : 0.4623"
"41,24 : 0.4623"
"24,42 : 0.4374"
"42,24 : 0.4374"
"24,43 : 0.0671"
"43,24 : 0.0671"
"24,44 : 0.6989"
"44,24 : 0.6989"
"24,45 : 0.01"
"45,24 : 0.01"
"24,46 : 0.4211"
"46,24 : 0.4211"
"24,47 : 0.4687"
"47,24 : 0.4687"
"24,48 : 0.5608"
"48,24 : 0.5608"
"24,49 : 0.3265"
"49,24 : 0.3265"
"25,26 : 0.1432"
"26,25 : 0.1432"
"25,27 : 0.6122"
"27,25 : 0.6122"
"25,28 : 0.2884"
"28,25 : 0.2884"
"25,29 : 0.4144"
"29,25 : 0.4144"
"25,30 : 0.3734"
"30,25 : 0.3734"
"25,31 : 0.4016"
"31,25 : 0.4016"
"25,32 : 0.3324"
"32,25 : 0.3324"
"25,33 : 0.3966"
"33,25 : 0.3966"
"25,34 : 0.7225"
"34,25 : 0.7225"
"25,35 : 0.1503"
"35,25 : 0.1503"
"25,36 : 0.4504"
"36,25 : 0.4504"
"25,37 : 0.364"
"37,25 : 0.364"
"25,38 : 0.0283"
"38,25 : 0.0283"
"25,39 : 0.5255"
"39,25 : 0.5255"
"25,40 : 0.514"
"40,25 : 0.514"
"25,41 : 0.5608"
"41,25 : 0.5608"
"25,42 : 0.4342"
"42,25 : 0.4342"
"25,43 : 0.1253"
"43,25 : 0.1253"
"25,44 : 0.6661"
"44,25 : 0.6661"
"25,45 : 0.13"
"45,25 : 0.13"
"25,46 : 0.2816"
"46,25 : 0.2816"
"25,47 : 0.3324"
"47,25 : 0.3324"
"25,48 : 0.6595"
"48,25 : 0.6595"
"25,49 : 0.2902"
"49,25 : 0.2902"
"26,27 : 0.6877"
"27,26 : 0.6877"
"26,28 : 0.4249"
"28,26 : 0.4249"
"26,29 : 0.4472"
"29,26 : 0.4472"
"26,30 : 0.4662"
"30,26 : 0.4662"
"26,31 : 0.442"
"31,26 : 0.442"
"26,32 : 0.4752"
"32,26 : 0.4752"
"26,33 : 0.3688"
"33,26 : 0.3688"
"26,34 : 0.85"
"34,26 : 0.85"
"26,35 : 0.1769"
"35,26 : 0.1769"
"26,36 : 0.4368"
"36,26 : 0.4368"
"26,37 : 0.3225"
"37,26 : 0.3225"
"26,38 : 0.1603"
"38,26 : 0.1603"
"26,39 : 0.65"
"39,26 : 0.65"
"26,40 : 0.6172"
"40,26 : 0.6172"
"26,41 : 0.6794"
"41,26 : 0.6794"
"26,42 : 0.5771"
"42,26 : 0.5771"
"26,43 : 0.1612"
"43,26 : 0.1612"
"26,44 : 0.8022"
"44,26 : 0.8022"
"26,45 : 0.2126"
"45,26 : 0.2126"
"26,46 : 0.3023"
"46,26 : 0.3023"
"26,47 : 0.2943"
"47,26 : 0.2943"
"26,48 : 0.7783"
"48,26 : 0.7783"
"26,49 : 0.4305"
"49,26 : 0.4305"
"27,28 : 0.6551"
"28,27 : 0.6551"
"27,29 : 0.9928"
"29,27 : 0.9928"
"27,30 : 0.8668"
"30,27 : 0.8668"
"27,31 : 0.2693"
"31,27 : 0.2693"
"27,32 : 0.5224"
"32,27 : 0.5224"
"27,33 : 1.008"
"33,27 : 1.008"
"27,34 : 0.9732"
"34,27 : 0.9732"
"27,35 : 0.5109"
"35,27 : 0.5109"
"27,36 : 0.4011"
"36,27 : 0.4011"
"27,37 : 0.4973"
"37,27 : 0.4973"
"27,38 : 0.5841"
"38,27 : 0.5841"
"27,39 : 0.3102"
"39,27 : 0.3102"
"27,40 : 0.1726"
"40,27 : 0.1726"
"27,41 : 0.9102"
"41,27 : 0.9102"
"27,42 : 0.5423"
"42,27 : 0.5423"
"27,43 : 0.736"
"43,27 : 0.736"
"27,44 : 0.4801"
"44,27 : 0.4801"
"27,45 : 0.7187"
"45,27 : 0.7187"
"27,46 : 0.4031"
"46,27 : 0.4031"
"27,47 : 0.4965"
"47,27 : 0.4965"
"27,48 : 0.9813"
"48,27 : 0.9813"
"27,49 : 0.4785"
"49,27 : 0.4785"
"28,29 : 0.3905"
"29,28 : 0.3905"
"28,30 : 0.2195"
"30,28 : 0.2195"
"28,31 : 0.5511"
"31,28 : 0.5511"
"28,32 : 0.15"
"32,28 : 0.15"
"28,33 : 0.4904"
"33,28 : 0.4904"
"28,34 : 0.4386"
"34,28 : 0.4386"
"28,35 : 0.3982"
"35,28 : 0.3982"
"28,36 : 0.6631"
"36,28 : 0.6631"
"28,37 : 0.6129"
"37,28 : 0.6129"
"28,38 : 0.2843"
"38,28 : 0.2843"
"28,39 : 0.4301"
"39,28 : 0.4301"
"28,40 : 0.4998"
"40,28 : 0.4998"
"28,41 : 0.2955"
"41,28 : 0.2955"
"28,42 : 0.2147"
"42,28 : 0.2147"
"28,43 : 0.3041"
"43,28 : 0.3041"
"28,44 : 0.4888"
"44,28 : 0.4888"
"28,45 : 0.2419"
"45,28 : 0.2419"
"28,46 : 0.4875"
"46,28 : 0.4875"
"28,47 : 0.5825"
"47,28 : 0.5825"
"28,48 : 0.3895"
"48,28 : 0.3895"
"28,49 : 0.1772"
"49,28 : 0.1772"
"29,30 : 0.1992"
"30,29 : 0.1992"
"29,31 : 0.8125"
"31,29 : 0.8125"
"29,32 : 0.5376"
"32,29 : 0.5376"
"29,33 : 0.1789"
"33,29 : 0.1789"
"29,34 : 0.6041"
"34,29 : 0.6041"
"29,35 : 0.5622"
"35,29 : 0.5622"
"29,36 : 0.8609"
"36,29 : 0.8609"
"29,37 : 0.7611"
"37,29 : 0.7611"
"29,38 : 0.4374"
"38,29 : 0.4374"
"29,39 : 0.8139"
"39,29 : 0.8139"
"29,40 : 0.8598"
"40,29 : 0.8598"
"29,41 : 0.4205"
"41,29 : 0.4205"
"29,42 : 0.6022"
"42,29 : 0.6022"
"29,43 : 0.3"
"43,29 : 0.3"
"29,44 : 0.8766"
"44,29 : 0.8766"
"29,45 : 0.2864"
"45,29 : 0.2864"
"29,46 : 0.6958"
"46,29 : 0.6958"
"29,47 : 0.7306"
"47,29 : 0.7306"
"29,48 : 0.4982"
"48,29 : 0.4982"
"29,49 : 0.5467"
"49,29 : 0.5467"
"30,31 : 0.73"
"31,30 : 0.73"
"30,32 : 0.3689"
"32,30 : 0.3689"
"30,33 : 0.3506"
"33,30 : 0.3506"
"30,34 : 0.4301"
"34,30 : 0.4301"
"30,35 : 0.5192"
"35,30 : 0.5192"
"30,36 : 0.8139"
"36,30 : 0.8139"
"30,37 : 0.7368"
"37,30 : 0.7368"
"30,38 : 0.386"
"38,30 : 0.386"
"30,39 : 0.649"
"39,30 : 0.649"
"30,40 : 0.7169"
"40,30 : 0.7169"
"30,41 : 0.2435"
"41,30 : 0.2435"
"30,42 : 0.4173"
"42,30 : 0.4173"
"30,43 : 0.3061"
"43,30 : 0.3061"
"30,44 : 0.6888"
"44,30 : 0.6888"
"30,45 : 0.2555"
"45,30 : 0.2555"
"30,46 : 0.6379"
"46,30 : 0.6379"
"30,47 : 0.7052"
"47,30 : 0.7052"
"30,48 : 0.3354"
"48,30 : 0.3354"
"30,49 : 0.394"
"49,30 : 0.394"
"31,32 : 0.4652"
"32,31 : 0.4652"
"31,33 : 0.7916"
"33,31 : 0.7916"
"31,34 : 0.9527"
"34,31 : 0.9527"
"31,35 : 0.2693"
"35,31 : 0.2693"
"31,36 : 0.1655"
"36,31 : 0.1655"
"31,37 : 0.2319"
"37,31 : 0.2319"
"31,38 : 0.3764"
"38,31 : 0.3764"
"31,39 : 0.4071"
"39,31 : 0.4071"
"31,40 : 0.2886"
"40,31 : 0.2886"
"31,41 : 0.842"
"41,31 : 0.842"
"31,42 : 0.5325"
"42,31 : 0.5325"
"31,43 : 0.5255"
"43,31 : 0.5255"
"31,44 : 0.6042"
"44,31 : 0.6042"
"31,45 : 0.5263"
"45,31 : 0.5263"
"31,46 : 0.1414"
"46,31 : 0.1414"
"31,47 : 0.228"
"47,31 : 0.228"
"31,48 : 0.9297"
"48,31 : 0.9297"
"31,49 : 0.4031"
"49,31 : 0.4031"
"32,33 : 0.6218"
"33,32 : 0.6218"
"32,34 : 0.4875"
"34,32 : 0.4875"
"32,35 : 0.3895"
"35,32 : 0.3895"
"32,36 : 0.6022"
"36,32 : 0.6022"
"32,37 : 0.5805"
"37,32 : 0.5805"
"32,38 : 0.3158"
"38,32 : 0.3158"
"32,39 : 0.2802"
"39,32 : 0.2802"
"32,40 : 0.359"
"40,32 : 0.359"
"32,41 : 0.3912"
"41,32 : 0.3912"
"32,42 : 0.102"
"42,32 : 0.102"
"32,43 : 0.3962"
"43,32 : 0.3962"
"32,44 : 0.3547"
"44,32 : 0.3547"
"32,45 : 0.3421"
"45,32 : 0.3421"
"32,46 : 0.4386"
"46,32 : 0.4386"
"32,47 : 0.5532"
"47,32 : 0.5532"
"32,48 : 0.4707"
"48,32 : 0.4707"
"32,49 : 0.064"
"49,32 : 0.064"
"33,34 : 0.7747"
"34,33 : 0.7747"
"33,35 : 0.5239"
"35,33 : 0.5239"
"33,36 : 0.8052"
"36,33 : 0.8052"
"33,37 : 0.6905"
"37,33 : 0.6905"
"33,38 : 0.4244"
"38,33 : 0.4244"
"33,39 : 0.8801"
"39,33 : 0.8801"
"33,40 : 0.8981"
"40,33 : 0.8981"
"33,41 : 0.5886"
"41,33 : 0.5886"
"33,42 : 0.7038"
"42,33 : 0.7038"
"33,43 : 0.272"
"43,33 : 0.272"
"33,44 : 0.9751"
"44,33 : 0.9751"
"33,45 : 0.2973"
"45,33 : 0.2973"
"33,46 : 0.6592"
"46,33 : 0.6592"
"33,47 : 0.6629"
"47,33 : 0.6629"
"33,48 : 0.6719"
"48,33 : 0.6719"
"33,49 : 0.6129"
"49,33 : 0.6129"
"34,35 : 0.8363"
"35,34 : 0.8363"
"34,36 : 1.0856"
"36,34 : 1.0856"
"34,37 : 1.0481"
"37,34 : 1.0481"
"34,38 : 0.7214"
"38,34 : 0.7214"
"34,39 : 0.6719"
"39,34 : 0.6719"
"34,40 : 0.8006"
"40,34 : 0.8006"
"34,41 : 0.1868"
"41,34 : 0.1868"
"34,42 : 0.4342"
"42,34 : 0.4342"
"34,43 : 0.7049"
"43,34 : 0.7049"
"34,44 : 0.5825"
"44,34 : 0.5825"
"34,45 : 0.6435"
"45,34 : 0.6435"
"34,46 : 0.9153"
"46,34 : 0.9153"
"34,47 : 1.0183"
"47,34 : 1.0183"
"34,48 : 0.1118"
"48,34 : 0.1118"
"34,49 : 0.5501"
"49,34 : 0.5501"
"35,36 : 0.3002"
"36,35 : 0.3002"
"35,37 : 0.2193"
"37,35 : 0.2193"
"35,38 : 0.1334"
"38,35 : 0.1334"
"35,39 : 0.5016"
"39,35 : 0.5016"
"35,40 : 0.4494"
"40,35 : 0.4494"
"35,41 : 0.688"
"41,35 : 0.688"
"35,42 : 0.4875"
"42,35 : 0.4875"
"35,43 : 0.2648"
"43,35 : 0.2648"
"35,44 : 0.6727"
"44,35 : 0.6727"
"35,45 : 0.2802"
"45,35 : 0.2802"
"35,46 : 0.136"
"46,35 : 0.136"
"35,47 : 0.1879"
"47,35 : 0.1879"
"35,48 : 0.7849"
"48,35 : 0.7849"
"35,49 : 0.3311"
"49,35 : 0.3311"
"36,37 : 0.1281"
"37,36 : 0.1281"
"36,38 : 0.4319"
"38,36 : 0.4319"
"36,39 : 0.5725"
"39,36 : 0.5725"
"36,40 : 0.4522"
"40,36 : 0.4522"
"36,41 : 0.9585"
"41,36 : 0.9585"
"36,42 : 0.6801"
"42,36 : 0.6801"
"36,43 : 0.5614"
"43,36 : 0.5614"
"36,44 : 0.7694"
"44,36 : 0.7694"
"36,45 : 0.5803"
"45,36 : 0.5803"
"36,46 : 0.1772"
"46,36 : 0.1772"
"36,47 : 0.1476"
"47,36 : 0.1476"
"36,48 : 1.0512"
"48,36 : 1.0512"
"36,49 : 0.5382"
"49,36 : 0.5382"
"37,38 : 0.3511"
"38,37 : 0.3511"
"37,39 : 0.6113"
"39,37 : 0.6113"
"37,40 : 0.5116"
"40,37 : 0.5116"
"37,41 : 0.9055"
"41,37 : 0.9055"
"37,42 : 0.6701"
"42,37 : 0.6701"
"37,43 : 0.4617"
"43,37 : 0.4617"
"37,44 : 0.8032"
"44,37 : 0.8032"
"37,45 : 0.4903"
"45,37 : 0.4903"
"37,46 : 0.1476"
"46,37 : 0.1476"
"37,47 : 0.0316"
"47,37 : 0.0316"
"37,48 : 1.0017"
"48,37 : 1.0017"
"37,49 : 0.5174"
"49,37 : 0.5174"
"38,39 : 0.4998"
"39,38 : 0.4998"
"38,40 : 0.486"
"40,38 : 0.486"
"38,41 : 0.564"
"41,38 : 0.564"
"38,42 : 0.4177"
"42,38 : 0.4177"
"38,43 : 0.1526"
"43,38 : 0.1526"
"38,44 : 0.6438"
"44,38 : 0.6438"
"38,45 : 0.1513"
"45,38 : 0.1513"
"38,46 : 0.2602"
"46,38 : 0.2602"
"38,47 : 0.3195"
"47,38 : 0.3195"
"38,48 : 0.6622"
"48,38 : 0.6622"
"38,49 : 0.2702"
"49,38 : 0.2702"
"39,40 : 0.1442"
"40,39 : 0.1442"
"39,41 : 0.6335"
"41,39 : 0.6335"
"39,42 : 0.2571"
"42,39 : 0.2571"
"39,43 : 0.6265"
"43,39 : 0.6265"
"39,44 : 0.1972"
"44,39 : 0.1972"
"39,45 : 0.5852"
"45,39 : 0.5852"
"39,46 : 0.4687"
"46,39 : 0.4687"
"39,47 : 0.5944"
"47,39 : 0.5944"
"39,48 : 0.6926"
"48,39 : 0.6926"
"39,49 : 0.2691"
"49,39 : 0.2691"
"40,41 : 0.7417"
"41,40 : 0.7417"
"40,42 : 0.3705"
"42,40 : 0.3705"
"40,43 : 0.6303"
"43,40 : 0.6303"
"40,44 : 0.333"
"44,40 : 0.333"
"40,45 : 0.6014"
"45,40 : 0.6014"
"40,46 : 0.3812"
"46,40 : 0.3812"
"40,47 : 0.5001"
"47,40 : 0.5001"
"40,48 : 0.8102"
"48,40 : 0.8102"
"40,49 : 0.3231"
"49,40 : 0.3231"
"41,42 : 0.3766"
"42,41 : 0.3766"
"41,43 : 0.528"
"43,41 : 0.528"
"41,44 : 0.6003"
"44,41 : 0.6003"
"41,45 : 0.4686"
"45,41 : 0.4686"
"41,46 : 0.7829"
"46,41 : 0.7829"
"41,47 : 0.8746"
"47,41 : 0.8746"
"41,48 : 0.099"
"48,41 : 0.099"
"41,49 : 0.4455"
"49,41 : 0.4455"
"42,43 : 0.4925"
"43,42 : 0.4925"
"42,44 : 0.2746"
"44,42 : 0.2746"
"42,45 : 0.4357"
"45,42 : 0.4357"
"42,46 : 0.525"
"46,42 : 0.525"
"42,47 : 0.644"
"47,42 : 0.644"
"42,48 : 0.44"
"48,42 : 0.44"
"42,49 : 0.1565"
"49,42 : 0.1565"
