x,y
0.28,0.71
0.35,0.39
0.65,0.98
0.52,0.62
0.33,0.18
0.31,0.61
0.17,0.55
0.15,0.2
0.34,0.6
0.47,0.42
0.53,0.93
0.13,0.07
0.57,0.7
0.9,0.46
0.06,0.83
0.09,0.2
0.68,0.47
0.62,0.62
0.84,0.34
0.26,0.3
0.44,0.57
0.41,0.74
0.01,0.48
0.63,1.0
0.11,0.73
0.92,0.34
0.07,0.7
0.12,0.41
0.8,0.68
0.74,0.05
0.79,0.87
0.71,0.48
0.57,0.28
0.8,0.55
0.8,0.3
0.26,0.58
0.55,0.57
0.74,0.52
0.43,0.73
0.6,0.84
0.19,0.04
0.95,0.6
0.31,0.46
0.68,0.05
0.55,0.48
0.95,0.99
0.48,0.52
0.09,0.43
0.96,0.76
0.84,0.15

Distanze
"0,1 : 0.3276"
"1,0 : 0.3276"
"0,2 : 0.458"
"2,0 : 0.458"
"0,3 : 0.2563"
"3,0 : 0.2563"
"0,4 : 0.5324"
"4,0 : 0.5324"
"0,5 : 0.1044"
"5,0 : 0.1044"
"0,6 : 0.1942"
"6,0 : 0.1942"
"0,7 : 0.5263"
"7,0 : 0.5263"
"0,8 : 0.1253"
"8,0 : 0.1253"
"0,9 : 0.3467"
"9,0 : 0.3467"
"0,10 : 0.333"
"10,0 : 0.333"
"0,11 : 0.6573"
"11,0 : 0.6573"
"0,12 : 0.2902"
"12,0 : 0.2902"
"0,13 : 0.6685"
"13,0 : 0.6685"
"0,14 : 0.2506"
"14,0 : 0.2506"
"0,15 : 0.5442"
"15,0 : 0.5442"
"0,16 : 0.4665"
"16,0 : 0.4665"
"0,17 : 0.3517"
"17,0 : 0.3517"
"0,18 : 0.6712"
"18,0 : 0.6712"
"0,19 : 0.4105"
"19,0 : 0.4105"
"0,20 : 0.2126"
"20,0 : 0.2126"
"0,21 : 0.1334"
"21,0 : 0.1334"
"0,22 : 0.3547"
"22,0 : 0.3547"
"0,23 : 0.4545"
"23,0 : 0.4545"
"0,24 : 0.1712"
"24,0 : 0.1712"
"0,25 : 0.7393"
"25,0 : 0.7393"
"0,26 : 0.2102"
"26,0 : 0.2102"
"0,27 : 0.34"
"27,0 : 0.34"
"0,28 : 0.5209"
"28,0 : 0.5209"
"0,29 : 0.8045"
"29,0 : 0.8045"
"0,30 : 0.5345"
"30,0 : 0.5345"
"0,31 : 0.4876"
"31,0 : 0.4876"
"0,32 : 0.5187"
"32,0 : 0.5187"
"0,33 : 0.5441"
"33,0 : 0.5441"
"0,34 : 0.6622"
"34,0 : 0.6622"
"0,35 : 0.1315"
"35,0 : 0.1315"
"0,36 : 0.3041"
"36,0 : 0.3041"
"0,37 : 0.4977"
"37,0 : 0.4977"
"0,38 : 0.1513"
"38,0 : 0.1513"
"0,39 : 0.3454"
"39,0 : 0.3454"
"0,40 : 0.676"
"40,0 : 0.676"
"0,41 : 0.679"
"41,0 : 0.679"
"0,42 : 0.2518"
"42,0 : 0.2518"
"0,43 : 0.7718"
"43,0 : 0.7718"
"0,44 : 0.3547"
"44,0 : 0.3547"
"0,45 : 0.7262"
"45,0 : 0.7262"
"0,46 : 0.2759"
"46,0 : 0.2759"
"0,47 : 0.3384"
"47,0 : 0.3384"
"0,48 : 0.6818"
"48,0 : 0.6818"
"0,49 : 0.792"
"49,0 : 0.792"
"1,2 : 0.6619"
"2,1 : 0.6619"
"1,3 : 0.286"
"3,1 : 0.286"
"1,4 : 0.211"
"4,1 : 0.211"
"1,5 : 0.2236"
"5,1 : 0.2236"
"1,6 : 0.2408"
"6,1 : 0.2408"
"1,7 : 0.2759"
"7,1 : 0.2759"
"1,8 : 0.2102"
"8,1 : 0.2102"
"1,9 : 0.1237"
"9,1 : 0.1237"
"1,10 : 0.5692"
"10,1 : 0.5692"
"1,11 : 0.3883"
"11,1 : 0.3883"
"1,12 : 0.3801"
"12,1 : 0.3801"
"1,13 : 0.5544"
"13,1 : 0.5544"
"1,14 : 0.527"
"14,1 : 0.527"
"1,15 : 0.322"
"15,1 : 0.322"
"1,16 : 0.3396"
"16,1 : 0.3396"
"1,17 : 0.3547"
"17,1 : 0.3547"
"1,18 : 0.4925"
"18,1 : 0.4925"
"1,19 : 0.1273"
"19,1 : 0.1273"
"1,20 : 0.2012"
"20,1 : 0.2012"
"1,21 : 0.3551"
"21,1 : 0.3551"
"1,22 : 0.3517"
"22,1 : 0.3517"
"1,23 : 0.6712"
"23,1 : 0.6712"
"1,24 : 0.4162"
"24,1 : 0.4162"
"1,25 : 0.5722"
"25,1 : 0.5722"
"1,26 : 0.4177"
"26,1 : 0.4177"
"1,27 : 0.2309"
"27,1 : 0.2309"
"1,28 : 0.5354"
"28,1 : 0.5354"
"1,29 : 0.5174"
"29,1 : 0.5174"
"1,30 : 0.6512"
"30,1 : 0.6512"
"1,31 : 0.3711"
"31,1 : 0.3711"
"1,32 : 0.246"
"32,1 : 0.246"
"1,33 : 0.4776"
"33,1 : 0.4776"
"1,34 : 0.4589"
"34,1 : 0.4589"
"1,35 : 0.2102"
"35,1 : 0.2102"
"1,36 : 0.2691"
"36,1 : 0.2691"
"1,37 : 0.4111"
"37,1 : 0.4111"
"1,38 : 0.3493"
"38,1 : 0.3493"
"1,39 : 0.5148"
"39,1 : 0.5148"
"1,40 : 0.3848"
"40,1 : 0.3848"
"1,41 : 0.6357"
"41,1 : 0.6357"
"1,42 : 0.0806"
"42,1 : 0.0806"
"1,43 : 0.4738"
"43,1 : 0.4738"
"1,44 : 0.2193"
"44,1 : 0.2193"
"1,45 : 0.8485"
"45,1 : 0.8485"
"1,46 : 0.1838"
"46,1 : 0.1838"
"1,47 : 0.2631"
"47,1 : 0.2631"
"1,48 : 0.7134"
"48,1 : 0.7134"
"1,49 : 0.5456"
"49,1 : 0.5456"
"2,3 : 0.3828"
"3,2 : 0.3828"
"2,4 : 0.8616"
"4,2 : 0.8616"
"2,5 : 0.5025"
"5,2 : 0.5025"
"2,6 : 0.6444"
"6,2 : 0.6444"
"2,7 : 0.9265"
"7,2 : 0.9265"
"2,8 : 0.4904"
"8,2 : 0.4904"
"2,9 : 0.5882"
"9,2 : 0.5882"
"2,10 : 0.13"
"10,2 : 0.13"
"2,11 : 1.0481"
"11,2 : 1.0481"
"2,12 : 0.2912"
"12,2 : 0.2912"
"2,13 : 0.577"
"13,2 : 0.577"
"2,14 : 0.6088"
"14,2 : 0.6088"
"2,15 : 0.9602"
"15,2 : 0.9602"
"2,16 : 0.5109"
"16,2 : 0.5109"
"2,17 : 0.3612"
"17,2 : 0.3612"
"2,18 : 0.6676"
"18,2 : 0.6676"
"2,19 : 0.7839"
"19,2 : 0.7839"
"2,20 : 0.4607"
"20,2 : 0.4607"
"2,21 : 0.3394"
"21,2 : 0.3394"
"2,22 : 0.8122"
"22,2 : 0.8122"
"2,23 : 0.0283"
"23,2 : 0.0283"
"2,24 : 0.5951"
"24,2 : 0.5951"
"2,25 : 0.6946"
"25,2 : 0.6946"
"2,26 : 0.644"
"26,2 : 0.644"
"2,27 : 0.7783"
"27,2 : 0.7783"
"2,28 : 0.3354"
"28,2 : 0.3354"
"2,29 : 0.9343"
"29,2 : 0.9343"
"2,30 : 0.178"
"30,2 : 0.178"
"2,31 : 0.5036"
"31,2 : 0.5036"
"2,32 : 0.7046"
"32,2 : 0.7046"
"2,33 : 0.4554"
"33,2 : 0.4554"
"2,34 : 0.6963"
"34,2 : 0.6963"
"2,35 : 0.5587"
"35,2 : 0.5587"
"2,36 : 0.422"
"36,2 : 0.422"
"2,37 : 0.4687"
"37,2 : 0.4687"
"2,38 : 0.333"
"38,2 : 0.333"
"2,39 : 0.1487"
"39,2 : 0.1487"
"2,40 : 1.0465"
"40,2 : 1.0465"
"2,41 : 0.4841"
"41,2 : 0.4841"
"2,42 : 0.6213"
"42,2 : 0.6213"
"2,43 : 0.9305"
"43,2 : 0.9305"
"2,44 : 0.5099"
"44,2 : 0.5099"
"2,45 : 0.3002"
"45,2 : 0.3002"
"2,46 : 0.4904"
"46,2 : 0.4904"
"2,47 : 0.7849"
"47,2 : 0.7849"
"2,48 : 0.3801"
"48,2 : 0.3801"
"2,49 : 0.8515"
"49,2 : 0.8515"
"3,4 : 0.4793"
"4,3 : 0.4793"
"3,5 : 0.2102"
"5,3 : 0.2102"
"3,6 : 0.3569"
"6,3 : 0.3569"
"3,7 : 0.5597"
"7,3 : 0.5597"
"3,8 : 0.1811"
"8,3 : 0.1811"
"3,9 : 0.2062"
"9,3 : 0.2062"
"3,10 : 0.3102"
"10,3 : 0.3102"
"3,11 : 0.6742"
"11,3 : 0.6742"
"3,12 : 0.0943"
"12,3 : 0.0943"
"3,13 : 0.4123"
"13,3 : 0.4123"
"3,14 : 0.5057"
"14,3 : 0.5057"
"3,15 : 0.6011"
"15,3 : 0.6011"
"3,16 : 0.2193"
"16,3 : 0.2193"
"3,17 : 0.1"
"17,3 : 0.1"
"3,18 : 0.4252"
"18,3 : 0.4252"
"3,19 : 0.4123"
"19,3 : 0.4123"
"3,20 : 0.0943"
"20,3 : 0.0943"
"3,21 : 0.1628"
"21,3 : 0.1628"
"3,22 : 0.5289"
"22,3 : 0.5289"
"3,23 : 0.3956"
"23,3 : 0.3956"
"3,24 : 0.4245"
"24,3 : 0.4245"
"3,25 : 0.4883"
"25,3 : 0.4883"
"3,26 : 0.4571"
"26,3 : 0.4571"
"3,27 : 0.4518"
"27,3 : 0.4518"
"3,28 : 0.2864"
"28,3 : 0.2864"
"3,29 : 0.611"
"29,3 : 0.611"
"3,30 : 0.368"
"30,3 : 0.368"
"3,31 : 0.236"
"31,3 : 0.236"
"3,32 : 0.3437"
"32,3 : 0.3437"
"3,33 : 0.2886"
"33,3 : 0.2886"
"3,34 : 0.4252"
"34,3 : 0.4252"
"3,35 : 0.2631"
"35,3 : 0.2631"
"3,36 : 0.0583"
"36,3 : 0.0583"
"3,37 : 0.2417"
"37,3 : 0.2417"
"3,38 : 0.1421"
"38,3 : 0.1421"
"3,39 : 0.2341"
"39,3 : 0.2341"
"3,40 : 0.6673"
"40,3 : 0.6673"
"3,41 : 0.4305"
"41,3 : 0.4305"
"3,42 : 0.264"
"42,3 : 0.264"
"3,43 : 0.592"
"43,3 : 0.592"
"3,44 : 0.1432"
"44,3 : 0.1432"
"3,45 : 0.5673"
"45,3 : 0.5673"
"3,46 : 0.1077"
"46,3 : 0.1077"
"3,47 : 0.4701"
"47,3 : 0.4701"
"3,48 : 0.4617"
"48,3 : 0.4617"
"3,49 : 0.5686"
"49,3 : 0.5686"
"4,5 : 0.4305"
"5,4 : 0.4305"
"4,6 : 0.4031"
"6,4 : 0.4031"
"4,7 : 0.1811"
"7,4 : 0.1811"
"4,8 : 0.4201"
"8,4 : 0.4201"
"4,9 : 0.2778"
"9,4 : 0.2778"
"4,10 : 0.7762"
"10,4 : 0.7762"
"4,11 : 0.2283"
"11,4 : 0.2283"
"4,12 : 0.5727"
"12,4 : 0.5727"
"4,13 : 0.6351"
"13,4 : 0.6351"
"4,14 : 0.7038"
"14,4 : 0.7038"
"4,15 : 0.2408"
"15,4 : 0.2408"
"4,16 : 0.4545"
"16,4 : 0.4545"
"4,17 : 0.527"
"17,4 : 0.527"
"4,18 : 0.5345"
"18,4 : 0.5345"
"4,19 : 0.1389"
"19,4 : 0.1389"
"4,20 : 0.4052"
"20,4 : 0.4052"
"4,21 : 0.5657"
"21,4 : 0.5657"
"4,22 : 0.4386"
"22,4 : 0.4386"
"4,23 : 0.8732"
"23,4 : 0.8732"
"4,24 : 0.5924"
"24,4 : 0.5924"
"4,25 : 0.6113"
"25,4 : 0.6113"
"4,26 : 0.5814"
"26,4 : 0.5814"
"4,27 : 0.3114"
"27,4 : 0.3114"
"4,28 : 0.6862"
"28,4 : 0.6862"
"4,29 : 0.4301"
"29,4 : 0.4301"
"4,30 : 0.8293"
"30,4 : 0.8293"
"4,31 : 0.4841"
"31,4 : 0.4841"
"4,32 : 0.26"
"32,4 : 0.26"
"4,33 : 0.5982"
"33,4 : 0.5982"
"4,34 : 0.4851"
"34,4 : 0.4851"
"4,35 : 0.4061"
"35,4 : 0.4061"
"4,36 : 0.4478"
"36,4 : 0.4478"
"4,37 : 0.5326"
"37,4 : 0.5326"
"4,38 : 0.559"
"38,4 : 0.559"
"4,39 : 0.7131"
"39,4 : 0.7131"
"4,40 : 0.198"
"40,4 : 0.198"
"4,41 : 0.7489"
"41,4 : 0.7489"
"4,42 : 0.2807"
"42,4 : 0.2807"
"4,43 : 0.3734"
"43,4 : 0.3734"
"4,44 : 0.372"
"44,4 : 0.372"
"4,45 : 1.02"
"45,4 : 1.02"
"4,46 : 0.3716"
"46,4 : 0.3716"
"4,47 : 0.3466"
"47,4 : 0.3466"
"4,48 : 0.8563"
"48,4 : 0.8563"
"4,49 : 0.5109"
"49,4 : 0.5109"
"5,6 : 0.1523"
"6,5 : 0.1523"
"5,7 : 0.4401"
"7,5 : 0.4401"
"5,8 : 0.0316"
"8,5 : 0.0316"
"5,9 : 0.2484"
"9,5 : 0.2484"
"5,10 : 0.3883"
"10,5 : 0.3883"
"5,11 : 0.5692"
"11,5 : 0.5692"
"5,12 : 0.2751"
"12,5 : 0.2751"
"5,13 : 0.6088"
"13,5 : 0.6088"
"5,14 : 0.333"
"14,5 : 0.333"
"5,15 : 0.4653"
"15,5 : 0.4653"
"5,16 : 0.3956"
"16,5 : 0.3956"
"5,17 : 0.3102"
"17,5 : 0.3102"
"5,18 : 0.5948"
"18,5 : 0.5948"
"5,19 : 0.314"
"19,5 : 0.314"
"5,20 : 0.136"
"20,5 : 0.136"
"5,21 : 0.164"
"21,5 : 0.164"
"5,22 : 0.327"
"22,5 : 0.327"
"5,23 : 0.5045"
"23,5 : 0.5045"
"5,24 : 0.2332"
"24,5 : 0.2332"
"5,25 : 0.6671"
"25,5 : 0.6671"
"5,26 : 0.2563"
"26,5 : 0.2563"
"5,27 : 0.2759"
"27,5 : 0.2759"
"5,28 : 0.495"
"28,5 : 0.495"
"5,29 : 0.706"
"29,5 : 0.706"
"5,30 : 0.5459"
"30,5 : 0.5459"
"5,31 : 0.4206"
"31,5 : 0.4206"
"5,32 : 0.4201"
"32,5 : 0.4201"
"5,33 : 0.4937"
"33,5 : 0.4937"
"5,34 : 0.5798"
"34,5 : 0.5798"
"5,35 : 0.0583"
"35,5 : 0.0583"
"5,36 : 0.2433"
"36,5 : 0.2433"
"5,37 : 0.4393"
"37,5 : 0.4393"
"5,38 : 0.1697"
"38,5 : 0.1697"
"5,39 : 0.3701"
"39,5 : 0.3701"
"5,40 : 0.5825"
"40,5 : 0.5825"
"5,41 : 0.6401"
"41,5 : 0.6401"
"5,42 : 0.15"
"42,5 : 0.15"
"5,43 : 0.6712"
"43,5 : 0.6712"
"5,44 : 0.2729"
"44,5 : 0.2729"
"5,45 : 0.7443"
"45,5 : 0.7443"
"5,46 : 0.1924"
"46,5 : 0.1924"
"5,47 : 0.2843"
"47,5 : 0.2843"
"5,48 : 0.6671"
"48,5 : 0.6671"
"5,49 : 0.7018"
"49,5 : 0.7018"
"6,7 : 0.3506"
"7,6 : 0.3506"
"6,8 : 0.1772"
"8,6 : 0.1772"
"6,9 : 0.327"
"9,6 : 0.327"
"6,10 : 0.5235"
"10,6 : 0.5235"
"6,11 : 0.4817"
"11,6 : 0.4817"
"6,12 : 0.4272"
"12,6 : 0.4272"
"6,13 : 0.7355"
"13,6 : 0.7355"
"6,14 : 0.3008"
"14,6 : 0.3008"
"6,15 : 0.359"
"15,6 : 0.359"
"6,16 : 0.5162"
"16,6 : 0.5162"
"6,17 : 0.4554"
"17,6 : 0.4554"
"6,18 : 0.7021"
"18,6 : 0.7021"
"6,19 : 0.2657"
"19,6 : 0.2657"
"6,20 : 0.2707"
"20,6 : 0.2707"
"6,21 : 0.3061"
"21,6 : 0.3061"
"6,22 : 0.1746"
"22,6 : 0.1746"
"6,23 : 0.6435"
"23,6 : 0.6435"
"6,24 : 0.1897"
"24,6 : 0.1897"
"6,25 : 0.7788"
"25,6 : 0.7788"
"6,26 : 0.1803"
"26,6 : 0.1803"
"6,27 : 0.1487"
"27,6 : 0.1487"
"6,28 : 0.6433"
"28,6 : 0.6433"
"6,29 : 0.7582"
"29,6 : 0.7582"
"6,30 : 0.6977"
"30,6 : 0.6977"
"6,31 : 0.5445"
"31,6 : 0.5445"
"6,32 : 0.4826"
"32,6 : 0.4826"
"6,33 : 0.63"
"33,6 : 0.63"
"6,34 : 0.6778"
"34,6 : 0.6778"
"6,35 : 0.0949"
"35,6 : 0.0949"
"6,36 : 0.3805"
"36,6 : 0.3805"
"6,37 : 0.5708"
"37,6 : 0.5708"
"6,38 : 0.3162"
"38,6 : 0.3162"
"6,39 : 0.5187"
"39,6 : 0.5187"
"6,40 : 0.5104"
"40,6 : 0.5104"
"6,41 : 0.7816"
"41,6 : 0.7816"
"6,42 : 0.1664"
"42,6 : 0.1664"
"6,43 : 0.7142"
"43,6 : 0.7142"
"6,44 : 0.3864"
"44,6 : 0.3864"
"6,45 : 0.8955"
"45,6 : 0.8955"
"6,46 : 0.3114"
"46,6 : 0.3114"
"6,47 : 0.1442"
"47,6 : 0.1442"
"6,48 : 0.8174"
"48,6 : 0.8174"
"6,49 : 0.7803"
"49,6 : 0.7803"
"7,8 : 0.4428"
"8,7 : 0.4428"
"7,9 : 0.3883"
"9,7 : 0.3883"
"7,10 : 0.823"
"10,7 : 0.823"
"7,11 : 0.1315"
"11,7 : 0.1315"
"7,12 : 0.653"
"12,7 : 0.653"
"7,13 : 0.7938"
"13,7 : 0.7938"
"7,14 : 0.6364"
"14,7 : 0.6364"
"7,15 : 0.06"
"15,7 : 0.06"
"7,16 : 0.5948"
"16,7 : 0.5948"
"7,17 : 0.6303"
"17,7 : 0.6303"
"7,18 : 0.7041"
"18,7 : 0.7041"
"7,19 : 0.1487"
"19,7 : 0.1487"
"7,20 : 0.4701"
"20,7 : 0.4701"
"7,21 : 0.5993"
"21,7 : 0.5993"
"7,22 : 0.313"
"22,7 : 0.313"
"7,23 : 0.933"
"23,7 : 0.933"
"7,24 : 0.5315"
"24,7 : 0.5315"
"7,25 : 0.7826"
"25,7 : 0.7826"
"7,26 : 0.5064"
"26,7 : 0.5064"
"7,27 : 0.2121"
"27,7 : 0.2121"
"7,28 : 0.808"
"28,7 : 0.808"
"7,29 : 0.6088"
"29,7 : 0.6088"
"7,30 : 0.9266"
"30,7 : 0.9266"
"7,31 : 0.6261"
"31,7 : 0.6261"
"7,32 : 0.4276"
"32,7 : 0.4276"
"7,33 : 0.7382"
"33,7 : 0.7382"
"7,34 : 0.6576"
"34,7 : 0.6576"
"7,35 : 0.3956"
"35,7 : 0.3956"
"7,36 : 0.5449"
"36,7 : 0.5449"
"7,37 : 0.6712"
"37,7 : 0.6712"
"7,38 : 0.5994"
"38,7 : 0.5994"
"7,39 : 0.7824"
"39,7 : 0.7824"
"7,40 : 0.1649"
"40,7 : 0.1649"
"7,41 : 0.8944"
"41,7 : 0.8944"
"7,42 : 0.3053"
"42,7 : 0.3053"
"7,43 : 0.5508"
"43,7 : 0.5508"
"7,44 : 0.4883"
"44,7 : 0.4883"
"7,45 : 1.1243"
"45,7 : 1.1243"
"7,46 : 0.4597"
"46,7 : 0.4597"
"7,47 : 0.2377"
"47,7 : 0.2377"
"7,48 : 0.9847"
"48,7 : 0.9847"
"7,49 : 0.6918"
"49,7 : 0.6918"
"8,9 : 0.222"
"9,8 : 0.222"
"8,10 : 0.3808"
"10,8 : 0.3808"
"8,11 : 0.5701"
"11,8 : 0.5701"
"8,12 : 0.2508"
"12,8 : 0.2508"
"8,13 : 0.5772"
"13,8 : 0.5772"
"8,14 : 0.3624"
"14,8 : 0.3624"
"8,15 : 0.4717"
"15,8 : 0.4717"
"8,16 : 0.364"
"16,8 : 0.364"
"8,17 : 0.2807"
"17,8 : 0.2807"
"8,18 : 0.5636"
"18,8 : 0.5636"
"8,19 : 0.3105"
"19,8 : 0.3105"
"8,20 : 0.1044"
"20,8 : 0.1044"
"8,21 : 0.1565"
"21,8 : 0.1565"
"8,22 : 0.3511"
"22,8 : 0.3511"
"8,23 : 0.4941"
"23,8 : 0.4941"
"8,24 : 0.2642"
"24,8 : 0.2642"
"8,25 : 0.6356"
"25,8 : 0.6356"
"8,26 : 0.2879"
"26,8 : 0.2879"
"8,27 : 0.2907"
"27,8 : 0.2907"
"8,28 : 0.4669"
"28,8 : 0.4669"
"8,29 : 0.6801"
"29,8 : 0.6801"
"8,30 : 0.5248"
"30,8 : 0.5248"
"8,31 : 0.389"
"31,8 : 0.389"
"8,32 : 0.3941"
"32,8 : 0.3941"
"8,33 : 0.4627"
"33,8 : 0.4627"
"8,34 : 0.5492"
"34,8 : 0.5492"
"8,35 : 0.0825"
"35,8 : 0.0825"
"8,36 : 0.2121"
"36,8 : 0.2121"
"8,37 : 0.4079"
"37,8 : 0.4079"
"8,38 : 0.1581"
"38,8 : 0.1581"
"8,39 : 0.3538"
"39,8 : 0.3538"
"8,40 : 0.5797"
"40,8 : 0.5797"
"8,41 : 0.61"
"41,8 : 0.61"
"8,42 : 0.1432"
"42,8 : 0.1432"
"8,43 : 0.6466"
"43,8 : 0.6466"
"8,44 : 0.2419"
"44,8 : 0.2419"
"8,45 : 0.724"
"45,8 : 0.724"
"8,46 : 0.1612"
"46,8 : 0.1612"
"8,47 : 0.3023"
"47,8 : 0.3023"
"8,48 : 0.6403"
"48,8 : 0.6403"
"8,49 : 0.6727"
"49,8 : 0.6727"
"9,10 : 0.5135"
"10,9 : 0.5135"
"9,11 : 0.488"
"11,9 : 0.488"
"9,12 : 0.2973"
"12,9 : 0.2973"
"9,13 : 0.4319"
"13,9 : 0.4319"
"9,14 : 0.5798"
"14,9 : 0.5798"
"9,15 : 0.4391"
"15,9 : 0.4391"
"9,16 : 0.2159"
"16,9 : 0.2159"
"9,17 : 0.25"
"17,9 : 0.25"
"9,18 : 0.3785"
"18,9 : 0.3785"
"9,19 : 0.2419"
"19,9 : 0.2419"
"9,20 : 0.153"
"20,9 : 0.153"
"9,21 : 0.3256"
"21,9 : 0.3256"
"9,22 : 0.4639"
"22,9 : 0.4639"
"9,23 : 0.6017"
"23,9 : 0.6017"
"9,24 : 0.4751"
"24,9 : 0.4751"
"9,25 : 0.4571"
"25,9 : 0.4571"
"9,26 : 0.4883"
"26,9 : 0.4883"
"9,27 : 0.3501"
"27,9 : 0.3501"
"9,28 : 0.4201"
"28,9 : 0.4201"
"9,29 : 0.458"
"29,9 : 0.458"
"9,30 : 0.5522"
"30,9 : 0.5522"
"9,31 : 0.2474"
"31,9 : 0.2474"
"9,32 : 0.172"
"32,9 : 0.172"
"9,33 : 0.3547"
"33,9 : 0.3547"
"9,34 : 0.3511"
"34,9 : 0.3511"
"9,35 : 0.264"
"35,9 : 0.264"
"9,36 : 0.17"
"36,9 : 0.17"
"9,37 : 0.2879"
"37,9 : 0.2879"
"9,38 : 0.3126"
"38,9 : 0.3126"
"9,39 : 0.4397"
"39,9 : 0.4397"
"9,40 : 0.472"
"40,9 : 0.472"
"9,41 : 0.5126"
"41,9 : 0.5126"
"9,42 : 0.1649"
"42,9 : 0.1649"
"9,43 : 0.4254"
"43,9 : 0.4254"
"9,44 : 0.1"
"44,9 : 0.1"
"9,45 : 0.7452"
"45,9 : 0.7452"
"9,46 : 0.1005"
"46,9 : 0.1005"
"9,47 : 0.3801"
"47,9 : 0.3801"
"9,48 : 0.5964"
"48,9 : 0.5964"
"9,49 : 0.458"
"49,9 : 0.458"
"10,11 : 0.9485"
"11,10 : 0.9485"
"10,12 : 0.2335"
"12,10 : 0.2335"
"10,13 : 0.5982"
"13,10 : 0.5982"
"10,14 : 0.4805"
"14,10 : 0.4805"
"10,15 : 0.8523"
"15,10 : 0.8523"
"10,16 : 0.4838"
"16,10 : 0.4838"
"10,17 : 0.3228"
"17,10 : 0.3228"
"10,18 : 0.6665"
"18,10 : 0.6665"
"10,19 : 0.6854"
"19,10 : 0.6854"
"10,20 : 0.3711"
"20,10 : 0.3711"
"10,21 : 0.2247"
"21,10 : 0.2247"
"10,22 : 0.6877"
"22,10 : 0.6877"
"10,23 : 0.1221"
"23,10 : 0.1221"
"10,24 : 0.4652"
"24,10 : 0.4652"
"10,25 : 0.7072"
"25,10 : 0.7072"
"10,26 : 0.5143"
"26,10 : 0.5143"
"10,27 : 0.6622"
"27,10 : 0.6622"
"10,28 : 0.368"
"28,10 : 0.368"
"10,29 : 0.9047"
"29,10 : 0.9047"
"10,30 : 0.2668"
"30,10 : 0.2668"
"10,31 : 0.4847"
"31,10 : 0.4847"
"10,32 : 0.6512"
"32,10 : 0.6512"
"10,33 : 0.4662"
"33,10 : 0.4662"
"10,34 : 0.6854"
"34,10 : 0.6854"
"10,35 : 0.442"
"35,10 : 0.442"
"10,36 : 0.3606"
"36,10 : 0.3606"
"10,37 : 0.4607"
"37,10 : 0.4607"
"10,38 : 0.2236"
"38,10 : 0.2236"
"10,39 : 0.114"
"39,10 : 0.114"
"10,40 : 0.9527"
"40,10 : 0.9527"
"10,41 : 0.5341"
"41,10 : 0.5341"
"10,42 : 0.5189"
"42,10 : 0.5189"
"10,43 : 0.8927"
"43,10 : 0.8927"
"10,44 : 0.4504"
"44,10 : 0.4504"
"10,45 : 0.4243"
"45,10 : 0.4243"
"10,46 : 0.413"
"46,10 : 0.413"
"10,47 : 0.666"
"47,10 : 0.666"
"10,48 : 0.4624"
"48,10 : 0.4624"
"10,49 : 0.8393"
"49,10 : 0.8393"
"11,12 : 0.7684"
"12,11 : 0.7684"
"11,13 : 0.8631"
"13,11 : 0.8631"
"11,14 : 0.7632"
"14,11 : 0.7632"
"11,15 : 0.136"
"15,11 : 0.136"
"11,16 : 0.6801"
"16,11 : 0.6801"
"11,17 : 0.7366"
"17,11 : 0.7366"
"11,18 : 0.7596"
"18,11 : 0.7596"
"11,19 : 0.2642"
"19,11 : 0.2642"
"11,20 : 0.5883"
"20,11 : 0.5883"
"11,21 : 0.7262"
"21,11 : 0.7262"
"11,22 : 0.4272"
"22,11 : 0.4272"
"11,23 : 1.0559"
"23,11 : 1.0559"
"11,24 : 0.6603"
"24,11 : 0.6603"
"11,25 : 0.8349"
"25,11 : 0.8349"
"11,26 : 0.6329"
"26,11 : 0.6329"
"11,27 : 0.3401"
"27,11 : 0.3401"
"11,28 : 0.9061"
"28,11 : 0.9061"
"11,29 : 0.6103"
"29,11 : 0.6103"
"11,30 : 1.0371"
"30,11 : 1.0371"
"11,31 : 0.7103"
"31,11 : 0.7103"
"11,32 : 0.4875"
"32,11 : 0.4875"
"11,33 : 0.8242"
"33,11 : 0.8242"
"11,34 : 0.7084"
"34,11 : 0.7084"
"11,35 : 0.5263"
"35,11 : 0.5263"
"11,36 : 0.653"
"36,11 : 0.653"
"11,37 : 0.758"
"37,11 : 0.758"
"11,38 : 0.725"
"38,11 : 0.725"
"11,39 : 0.9021"
"39,11 : 0.9021"
"11,40 : 0.0671"
"40,11 : 0.0671"
"11,41 : 0.9764"
"41,11 : 0.9764"
"11,42 : 0.4295"
"42,11 : 0.4295"
"11,43 : 0.5504"
"43,11 : 0.5504"
"11,44 : 0.5869"
"44,11 : 0.5869"
"11,45 : 1.2324"
"45,11 : 1.2324"
"11,46 : 0.5701"
"46,11 : 0.5701"
"11,47 : 0.3622"
"47,11 : 0.3622"
"11,48 : 1.0794"
"48,11 : 1.0794"
"11,49 : 0.7145"
"49,11 : 0.7145"
"12,13 : 0.408"
"13,12 : 0.408"
"12,14 : 0.5263"
"14,12 : 0.5263"
"12,15 : 0.6931"
"15,12 : 0.6931"
"12,16 : 0.255"
"16,12 : 0.255"
"12,17 : 0.0943"
"17,12 : 0.0943"
"12,18 : 0.45"
"18,12 : 0.45"
"12,19 : 0.5061"
"19,12 : 0.5061"
"12,20 : 0.1838"
"20,12 : 0.1838"
"12,21 : 0.1649"
"21,12 : 0.1649"
"12,22 : 0.6017"
"22,12 : 0.6017"
"12,23 : 0.3059"
"23,12 : 0.3059"
"12,24 : 0.461"
"24,12 : 0.461"
"12,25 : 0.5021"
"25,12 : 0.5021"
"12,26 : 0.5"
"26,12 : 0.5"
"12,27 : 0.5354"
"27,12 : 0.5354"
"12,28 : 0.2309"
"28,12 : 0.2309"
"12,29 : 0.6719"
"29,12 : 0.6719"
"12,30 : 0.278"
"30,12 : 0.278"
"12,31 : 0.2608"
"31,12 : 0.2608"
"12,32 : 0.42"
"32,12 : 0.42"
"12,33 : 0.2746"
"33,12 : 0.2746"
"12,34 : 0.4614"
"34,12 : 0.4614"
"12,35 : 0.3324"
"35,12 : 0.3324"
"12,36 : 0.1315"
"36,12 : 0.1315"
"12,37 : 0.2476"
"37,12 : 0.2476"
"12,38 : 0.1432"
"38,12 : 0.1432"
"12,39 : 0.1432"
"39,12 : 0.1432"
"12,40 : 0.7616"
"40,12 : 0.7616"
"12,41 : 0.3929"
"41,12 : 0.3929"
"12,42 : 0.3538"
"42,12 : 0.3538"
"12,43 : 0.6592"
"43,12 : 0.6592"
"12,44 : 0.2209"
"44,12 : 0.2209"
"12,45 : 0.478"
"45,12 : 0.478"
"12,46 : 0.2012"
"46,12 : 0.2012"
"12,47 : 0.5507"
"47,12 : 0.5507"
"12,48 : 0.3946"
"48,12 : 0.3946"
"12,49 : 0.6127"
"49,12 : 0.6127"
"13,14 : 0.9179"
"14,13 : 0.9179"
"13,15 : 0.8507"
"15,13 : 0.8507"
"13,16 : 0.2202"
"16,13 : 0.2202"
"13,17 : 0.3225"
"17,13 : 0.3225"
"13,18 : 0.1342"
"18,13 : 0.1342"
"13,19 : 0.6597"
"19,13 : 0.6597"
"13,20 : 0.473"
"20,13 : 0.473"
"13,21 : 0.5644"
"21,13 : 0.5644"
"13,22 : 0.8902"
"22,13 : 0.8902"
"13,23 : 0.6037"
"23,13 : 0.6037"
"13,24 : 0.8349"
"24,13 : 0.8349"
"13,25 : 0.1217"
"25,13 : 0.1217"
"13,26 : 0.864"
"26,13 : 0.864"
"13,27 : 0.7816"
"27,13 : 0.7816"
"13,28 : 0.2417"
"28,13 : 0.2417"
"13,29 : 0.4401"
"29,13 : 0.4401"
"13,30 : 0.4245"
"30,13 : 0.4245"
"13,31 : 0.191"
"31,13 : 0.191"
"13,32 : 0.3759"
"32,13 : 0.3759"
"13,33 : 0.1345"
"33,13 : 0.1345"
"13,34 : 0.1887"
"34,13 : 0.1887"
"13,35 : 0.6512"
"35,13 : 0.6512"
"13,36 : 0.3669"
"36,13 : 0.3669"
"13,37 : 0.1709"
"37,13 : 0.1709"
"13,38 : 0.542"
"38,13 : 0.542"
"13,39 : 0.4841"
"39,13 : 0.4841"
"13,40 : 0.8249"
"40,13 : 0.8249"
"13,41 : 0.1487"
"41,13 : 0.1487"
"13,42 : 0.59"
"42,13 : 0.59"
"13,43 : 0.4653"
"43,13 : 0.4653"
"13,44 : 0.3506"
"44,13 : 0.3506"
"13,45 : 0.5324"
"45,13 : 0.5324"
"13,46 : 0.4243"
"46,13 : 0.4243"
"13,47 : 0.8106"
"47,13 : 0.8106"
"13,48 : 0.3059"
"48,13 : 0.3059"
"13,49 : 0.3158"
"49,13 : 0.3158"
"14,15 : 0.6307"
"15,14 : 0.6307"
"14,16 : 0.7169"
"16,14 : 0.7169"
"14,17 : 0.5981"
"17,14 : 0.5981"
"14,18 : 0.9211"
"18,14 : 0.9211"
"14,19 : 0.5665"
"19,14 : 0.5665"
"14,20 : 0.4604"
"20,14 : 0.4604"
"14,21 : 0.3614"
"21,14 : 0.3614"
"14,22 : 0.3536"
"22,14 : 0.3536"
"14,23 : 0.5948"
"23,14 : 0.5948"
"14,24 : 0.1118"
"24,14 : 0.1118"
"14,25 : 0.9898"
"25,14 : 0.9898"
"14,26 : 0.1304"
"26,14 : 0.1304"
"14,27 : 0.4243"
"27,14 : 0.4243"
"14,28 : 0.755"
"28,14 : 0.755"
"14,29 : 1.0348"
"29,14 : 1.0348"
"14,30 : 0.7311"
"30,14 : 0.7311"
"14,31 : 0.7382"
"31,14 : 0.7382"
"14,32 : 0.7501"
"32,14 : 0.7501"
"14,33 : 0.7912"
"33,14 : 0.7912"
"14,34 : 0.9102"
"34,14 : 0.9102"
"14,35 : 0.3202"
"35,14 : 0.3202"
"14,36 : 0.5547"
"36,14 : 0.5547"
"14,37 : 0.7473"
"37,14 : 0.7473"
"14,38 : 0.3833"
"38,14 : 0.3833"
"14,39 : 0.5401"
"39,14 : 0.5401"
"14,40 : 0.8006"
"40,14 : 0.8006"
"14,41 : 0.9192"
"41,14 : 0.9192"
"14,42 : 0.4465"
"42,14 : 0.4465"
"14,43 : 0.9964"
"43,14 : 0.9964"
"14,44 : 0.6022"
"44,14 : 0.6022"
"14,45 : 0.9043"
"45,14 : 0.9043"
"14,46 : 0.522"
"46,14 : 0.522"
"14,47 : 0.4011"
"47,14 : 0.4011"
"14,48 : 0.9027"
"48,14 : 0.9027"
"14,49 : 1.0348"
"49,14 : 1.0348"
"15,16 : 0.6488"
"16,15 : 0.6488"
"15,17 : 0.6762"
"17,15 : 0.6762"
"15,18 : 0.763"
"18,15 : 0.763"
"15,19 : 0.1972"
"19,15 : 0.1972"
"15,20 : 0.5093"
"20,15 : 0.5093"
"15,21 : 0.6277"
"21,15 : 0.6277"
"15,22 : 0.2912"
"22,15 : 0.2912"
"15,23 : 0.9652"
"23,15 : 0.9652"
"15,24 : 0.5304"
"24,15 : 0.5304"
"15,25 : 0.8417"
"25,15 : 0.8417"
"15,26 : 0.5004"
"26,15 : 0.5004"
"15,27 : 0.2121"
"27,15 : 0.2121"
"15,28 : 0.857"
"28,15 : 0.857"
"15,29 : 0.6671"
"29,15 : 0.6671"
"15,30 : 0.969"
"30,15 : 0.969"
"15,31 : 0.6803"
"31,15 : 0.6803"
"15,32 : 0.4866"
"32,15 : 0.4866"
"15,33 : 0.7916"
"33,15 : 0.7916"
"15,34 : 0.717"
"34,15 : 0.717"
"15,35 : 0.4163"
"35,15 : 0.4163"
"15,36 : 0.5903"
"36,15 : 0.5903"
"15,37 : 0.7245"
"37,15 : 0.7245"
"15,38 : 0.6297"
"38,15 : 0.6297"
"15,39 : 0.8184"
"39,15 : 0.8184"
"15,40 : 0.1887"
"40,15 : 0.1887"
"15,41 : 0.9485"
"41,15 : 0.9485"
"15,42 : 0.3406"
"42,15 : 0.3406"
"15,43 : 0.6088"
"43,15 : 0.6088"
"15,44 : 0.5385"
"44,15 : 0.5385"
"15,45 : 1.1678"
"45,15 : 1.1678"
"15,46 : 0.5045"
"46,15 : 0.5045"
"15,47 : 0.23"
"47,15 : 0.23"
"15,48 : 1.0346"
"48,15 : 1.0346"
"15,49 : 0.7517"
"49,15 : 0.7517"
"16,17 : 0.1616"
"17,16 : 0.1616"
"16,18 : 0.2062"
"18,16 : 0.2062"
"16,19 : 0.4531"
"19,16 : 0.4531"
"16,20 : 0.26"
"20,16 : 0.26"
"16,21 : 0.3818"
"21,16 : 0.3818"
"16,22 : 0.6701"
"22,16 : 0.6701"
"16,23 : 0.5324"
"23,16 : 0.5324"
"16,24 : 0.6265"
"24,16 : 0.6265"
"16,25 : 0.2729"
"25,16 : 0.2729"
"16,26 : 0.6519"
"26,16 : 0.6519"
"16,27 : 0.5632"
"27,16 : 0.5632"
"16,28 : 0.2419"
"28,16 : 0.2419"
"16,29 : 0.4243"
"29,16 : 0.4243"
"16,30 : 0.4148"
"30,16 : 0.4148"
"16,31 : 0.0316"
"31,16 : 0.0316"
"16,32 : 0.2195"
"32,16 : 0.2195"
"16,33 : 0.1442"
"33,16 : 0.1442"
"16,34 : 0.2081"
"34,16 : 0.2081"
"16,35 : 0.4342"
"35,16 : 0.4342"
"16,36 : 0.164"
"36,16 : 0.164"
"16,37 : 0.0781"
"37,16 : 0.0781"
"16,38 : 0.3607"
"38,16 : 0.3607"
"16,39 : 0.3785"
"39,16 : 0.3785"
"16,40 : 0.6519"
"40,16 : 0.6519"
"16,41 : 0.2997"
"41,16 : 0.2997"
"16,42 : 0.3701"
"42,16 : 0.3701"
"16,43 : 0.42"
"43,16 : 0.42"
"16,44 : 0.1304"
"44,16 : 0.1304"
"16,45 : 0.5859"
"45,16 : 0.5859"
"16,46 : 0.2062"
"46,16 : 0.2062"
"16,47 : 0.5914"
"47,16 : 0.5914"
"16,48 : 0.4031"
"48,16 : 0.4031"
"16,49 : 0.3578"
"49,16 : 0.3578"
"17,18 : 0.3561"
"18,17 : 0.3561"
"17,19 : 0.4817"
"19,17 : 0.4817"
"17,20 : 0.1868"
"20,17 : 0.1868"
"17,21 : 0.2419"
"21,17 : 0.2419"
"17,22 : 0.6259"
"22,17 : 0.6259"
"17,23 : 0.3801"
"23,17 : 0.3801"
"17,24 : 0.5217"
"24,17 : 0.5217"
"17,25 : 0.4104"
"25,17 : 0.4104"
"17,26 : 0.5558"
"26,17 : 0.5558"
"17,27 : 0.5423"
"27,17 : 0.5423"
"17,28 : 0.1897"
"28,17 : 0.1897"
"17,29 : 0.5825"
"29,17 : 0.5825"
"17,30 : 0.3023"
"30,17 : 0.3023"
"17,31 : 0.1664"
"31,17 : 0.1664"
"17,32 : 0.3437"
"32,17 : 0.3437"
"17,33 : 0.1931"
"33,17 : 0.1931"
"17,34 : 0.3672"
"34,17 : 0.3672"
"17,35 : 0.3622"
"35,17 : 0.3622"
"17,36 : 0.086"
"36,17 : 0.086"
"17,37 : 0.1562"
"37,17 : 0.1562"
"17,38 : 0.2195"
"38,17 : 0.2195"
"17,39 : 0.2209"
"39,17 : 0.2209"
"17,40 : 0.722"
"40,17 : 0.722"
"17,41 : 0.3306"
"41,17 : 0.3306"
"17,42 : 0.3489"
"42,17 : 0.3489"
"17,43 : 0.5731"
"43,17 : 0.5731"
"17,44 : 0.1565"
"44,17 : 0.1565"
"17,45 : 0.4958"
"45,17 : 0.4958"
"17,46 : 0.172"
"46,17 : 0.172"
"17,47 : 0.563"
"47,17 : 0.563"
"17,48 : 0.3677"
"48,17 : 0.3677"
"17,49 : 0.5189"
"49,17 : 0.5189"
"18,19 : 0.5814"
"19,18 : 0.5814"
"18,20 : 0.4614"
"20,18 : 0.4614"
"18,21 : 0.5873"
"21,18 : 0.5873"
"18,22 : 0.8417"
"22,18 : 0.8417"
"18,23 : 0.6926"
"23,18 : 0.6926"
"18,24 : 0.8276"
"24,18 : 0.8276"
"18,25 : 0.08"
"25,18 : 0.08"
"18,26 : 0.85"
"26,18 : 0.85"
"18,27 : 0.7234"
"27,18 : 0.7234"
"18,28 : 0.3423"
"28,18 : 0.3423"
"18,29 : 0.3068"
"29,18 : 0.3068"
"18,30 : 0.5324"
"30,18 : 0.5324"
"18,31 : 0.191"
"31,18 : 0.191"
"18,32 : 0.2766"
"32,18 : 0.2766"
"18,33 : 0.2138"
"33,18 : 0.2138"
"18,34 : 0.0566"
"34,18 : 0.0566"
"18,35 : 0.6277"
"35,18 : 0.6277"
"18,36 : 0.3701"
"36,18 : 0.3701"
"18,37 : 0.2059"
"37,18 : 0.2059"
"18,38 : 0.5659"
"38,18 : 0.5659"
"18,39 : 0.5546"
"39,18 : 0.5546"
"18,40 : 0.7159"
"40,18 : 0.7159"
"18,41 : 0.2823"
"41,18 : 0.2823"
"18,42 : 0.5434"
"42,18 : 0.5434"
"18,43 : 0.3312"
"43,18 : 0.3312"
"18,44 : 0.322"
"44,18 : 0.322"
"18,45 : 0.6592"
"45,18 : 0.6592"
"18,46 : 0.4025"
"46,18 : 0.4025"
"18,47 : 0.7554"
"47,18 : 0.7554"
"18,48 : 0.4368"
"48,18 : 0.4368"
"18,49 : 0.19"
"49,18 : 0.19"
"19,20 : 0.3245"
"20,19 : 0.3245"
"19,21 : 0.4649"
"21,19 : 0.4649"
"19,22 : 0.3081"
"22,19 : 0.3081"
"19,23 : 0.7918"
"23,19 : 0.7918"
"19,24 : 0.4554"
"24,19 : 0.4554"
"19,25 : 0.6612"
"25,19 : 0.6612"
"19,26 : 0.4428"
"26,19 : 0.4428"
"19,27 : 0.178"
"27,19 : 0.178"
"19,28 : 0.6603"
"28,19 : 0.6603"
"19,29 : 0.5412"
"29,19 : 0.5412"
"19,30 : 0.7783"
"30,19 : 0.7783"
"19,31 : 0.4847"
"31,19 : 0.4847"
"19,32 : 0.3106"
"32,19 : 0.3106"
"19,33 : 0.5951"
"33,19 : 0.5951"
"19,34 : 0.54"
"34,19 : 0.54"
"19,35 : 0.28"
"35,19 : 0.28"
"19,36 : 0.3962"
"36,19 : 0.3962"
"19,37 : 0.528"
"37,19 : 0.528"
"19,38 : 0.4624"
"38,19 : 0.4624"
"19,39 : 0.6381"
"39,19 : 0.6381"
"19,40 : 0.2693"
"40,19 : 0.2693"
"19,41 : 0.7524"
"41,19 : 0.7524"
"19,42 : 0.1676"
"42,19 : 0.1676"
"19,43 : 0.4888"
"43,19 : 0.4888"
"19,44 : 0.3413"
"44,19 : 0.3413"
"19,45 : 0.9758"
"45,19 : 0.9758"
"19,46 : 0.3111"
"46,19 : 0.3111"
"19,47 : 0.214"
"47,19 : 0.214"
"19,48 : 0.8376"
"48,19 : 0.8376"
"19,49 : 0.5991"
"49,19 : 0.5991"
"20,21 : 0.1726"
"21,20 : 0.1726"
"20,22 : 0.4393"
"22,20 : 0.4393"
"20,23 : 0.4701"
"23,20 : 0.4701"
"20,24 : 0.3667"
"24,20 : 0.3667"
"20,25 : 0.5323"
"25,20 : 0.5323"
"20,26 : 0.3922"
"26,20 : 0.3922"
"20,27 : 0.3578"
"27,20 : 0.3578"
"20,28 : 0.3764"
"28,20 : 0.3764"
"20,29 : 0.6003"
"29,20 : 0.6003"
"20,30 : 0.461"
"30,20 : 0.461"
"20,31 : 0.2846"
"31,20 : 0.2846"
"20,32 : 0.3178"
"32,20 : 0.3178"
"20,33 : 0.3606"
"33,20 : 0.3606"
"20,34 : 0.45"
"34,20 : 0.45"
"20,35 : 0.1803"
"35,20 : 0.1803"
"20,36 : 0.11"
"36,20 : 0.11"
"20,37 : 0.3041"
"37,20 : 0.3041"
"20,38 : 0.1603"
"38,20 : 0.1603"
"20,39 : 0.3138"
"39,20 : 0.3138"
"20,40 : 0.586"
"40,20 : 0.586"
"20,41 : 0.5109"
"41,20 : 0.5109"
"20,42 : 0.1703"
"42,20 : 0.1703"
"20,43 : 0.5727"
"43,20 : 0.5727"
"20,44 : 0.1421"
"44,20 : 0.1421"
"20,45 : 0.6607"
"45,20 : 0.6607"
"20,46 : 0.064"
"46,20 : 0.064"
"20,47 : 0.377"
"47,20 : 0.377"
"20,48 : 0.5536"
"48,20 : 0.5536"
"20,49 : 0.58"
"49,20 : 0.58"
"21,22 : 0.4771"
"22,21 : 0.4771"
"21,23 : 0.3406"
"23,21 : 0.3406"
"21,24 : 0.3002"
"24,21 : 0.3002"
"21,25 : 0.6482"
"25,21 : 0.6482"
"21,26 : 0.3423"
"26,21 : 0.3423"
"21,27 : 0.4393"
"27,21 : 0.4393"
"21,28 : 0.3946"
"28,21 : 0.3946"
"21,29 : 0.7649"
"29,21 : 0.7649"
"21,30 : 0.4016"
"30,21 : 0.4016"
"21,31 : 0.397"
"31,21 : 0.397"
"21,32 : 0.487"
"32,21 : 0.487"
"21,33 : 0.4338"
"33,21 : 0.4338"
"21,34 : 0.588"
"34,21 : 0.588"
"21,35 : 0.2193"
"35,21 : 0.2193"
"21,36 : 0.2202"
"36,21 : 0.2202"
"21,37 : 0.3966"
"37,21 : 0.3966"
"21,38 : 0.0224"
"38,21 : 0.0224"
"21,39 : 0.2147"
"39,21 : 0.2147"
"21,40 : 0.7338"
"40,21 : 0.7338"
"21,41 : 0.5579"
"41,21 : 0.5579"
"21,42 : 0.2973"
"42,21 : 0.2973"
"21,43 : 0.7409"
"43,21 : 0.7409"
"21,44 : 0.2953"
"44,21 : 0.2953"
"21,45 : 0.5951"
"45,21 : 0.5951"
"21,46 : 0.2309"
"46,21 : 0.2309"
"21,47 : 0.4455"
"47,21 : 0.4455"
"21,48 : 0.5504"
"48,21 : 0.5504"
"21,49 : 0.7301"
"49,21 : 0.7301"
"22,23 : 0.8092"
"23,22 : 0.8092"
"22,24 : 0.2693"
"24,22 : 0.2693"
"22,25 : 0.9207"
"25,22 : 0.9207"
"22,26 : 0.228"
"26,22 : 0.228"
"22,27 : 0.1304"
"27,22 : 0.1304"
"22,28 : 0.8149"
"28,22 : 0.8149"
"22,29 : 0.8472"
"29,22 : 0.8472"
"22,30 : 0.8721"
"30,22 : 0.8721"
"22,31 : 0.7"
"31,22 : 0.7"
"22,32 : 0.5946"
"32,22 : 0.5946"
"22,33 : 0.7931"
"33,22 : 0.7931"
"22,34 : 0.8102"
"34,22 : 0.8102"
"22,35 : 0.2693"
"35,22 : 0.2693"
"22,36 : 0.5474"
"36,22 : 0.5474"
"22,37 : 0.7311"
"37,22 : 0.7311"
"22,38 : 0.4888"
"38,22 : 0.4888"
"22,39 : 0.6912"
"39,22 : 0.6912"
"22,40 : 0.4754"
"40,22 : 0.4754"
"22,41 : 0.9476"
"41,22 : 0.9476"
"22,42 : 0.3007"
"42,22 : 0.3007"
"22,43 : 0.7961"
"43,22 : 0.7961"
"22,44 : 0.54"
"44,22 : 0.54"
"22,45 : 1.0694"
"45,22 : 1.0694"
"22,46 : 0.4717"
"46,22 : 0.4717"
"22,47 : 0.0943"
"47,22 : 0.0943"
"22,48 : 0.9904"
"48,22 : 0.9904"
"22,49 : 0.8932"
"49,22 : 0.8932"
"23,24 : 0.5859"
"24,23 : 0.5859"
"23,25 : 0.7209"
"25,23 : 0.7209"
"23,26 : 0.6353"
"26,23 : 0.6353"
"23,27 : 0.7799"
"27,23 : 0.7799"
"23,28 : 0.3624"
"28,23 : 0.3624"
"23,29 : 0.9563"
"29,23 : 0.9563"
"23,30 : 0.2062"
"30,23 : 0.2062"
"23,31 : 0.5261"
"31,23 : 0.5261"
"23,32 : 0.7225"
"32,23 : 0.7225"
"23,33 : 0.481"
"33,23 : 0.481"
"23,34 : 0.7203"
"34,23 : 0.7203"
"23,35 : 0.5597"
"35,23 : 0.5597"
"23,36 : 0.4374"
"36,23 : 0.4374"
"23,37 : 0.4924"
"37,23 : 0.4924"
"23,38 : 0.336"
"38,23 : 0.336"
"23,39 : 0.1628"
"39,23 : 0.1628"
"23,40 : 1.056"
"40,23 : 1.056"
"23,41 : 0.5122"
"41,23 : 0.5122"
"23,42 : 0.6277"
"42,23 : 0.6277"
"23,43 : 0.9513"
"43,23 : 0.9513"
"23,44 : 0.5261"
"44,23 : 0.5261"
"23,45 : 0.3202"
"45,23 : 0.3202"
"23,46 : 0.5029"
"46,23 : 0.5029"
"23,47 : 0.7852"
"47,23 : 0.7852"
"23,48 : 0.408"
"48,23 : 0.408"
"23,49 : 0.8756"
"49,23 : 0.8756"
"24,25 : 0.899"
"25,24 : 0.899"
"24,26 : 0.05"
"26,24 : 0.05"
"24,27 : 0.3202"
"27,24 : 0.3202"
"24,28 : 0.6918"
"28,24 : 0.6918"
"24,29 : 0.927"
"29,24 : 0.927"
"24,30 : 0.6943"
"30,24 : 0.6943"
"24,31 : 0.65"
"31,24 : 0.65"
"24,32 : 0.6435"
"32,24 : 0.6435"
"24,33 : 0.7131"
"33,24 : 0.7131"
"24,34 : 0.813"
"34,24 : 0.813"
"24,35 : 0.2121"
"35,24 : 0.2121"
"24,36 : 0.4682"
"36,24 : 0.4682"
"24,37 : 0.6641"
"37,24 : 0.6641"
"24,38 : 0.32"
"38,24 : 0.32"
"24,39 : 0.5022"
"39,24 : 0.5022"
"24,40 : 0.6946"
"40,24 : 0.6946"
"24,41 : 0.85"
"41,24 : 0.85"
"24,42 : 0.336"
"42,24 : 0.336"
"24,43 : 0.8873"
"43,24 : 0.8873"
"24,44 : 0.5061"
"44,24 : 0.5061"
"24,45 : 0.8793"
"45,24 : 0.8793"
"24,46 : 0.4254"
"46,24 : 0.4254"
"24,47 : 0.3007"
"47,24 : 0.3007"
"24,48 : 0.8505"
"48,24 : 0.8505"
"24,49 : 0.9324"
"49,24 : 0.9324"
"25,26 : 0.9231"
"26,25 : 0.9231"
"25,27 : 0.8031"
"27,25 : 0.8031"
"25,28 : 0.3606"
"28,25 : 0.3606"
"25,29 : 0.3413"
"29,25 : 0.3413"
"25,30 : 0.5457"
"30,25 : 0.5457"
"25,31 : 0.2524"
"31,25 : 0.2524"
"25,32 : 0.3551"
"32,25 : 0.3551"
"25,33 : 0.2419"
"33,25 : 0.2419"
"25,34 : 0.1265"
"34,25 : 0.1265"
"25,35 : 0.7023"
"35,25 : 0.7023"
"25,36 : 0.4357"
"36,25 : 0.4357"
"25,37 : 0.2546"
"37,25 : 0.2546"
"25,38 : 0.6263"
"38,25 : 0.6263"
"25,39 : 0.5936"
"39,25 : 0.5936"
"25,40 : 0.7892"
"40,25 : 0.7892"
"25,41 : 0.2617"
"41,25 : 0.2617"
"25,42 : 0.6217"
"42,25 : 0.6217"
"25,43 : 0.3764"
"43,25 : 0.3764"
"25,44 : 0.3956"
"44,25 : 0.3956"
"25,45 : 0.6507"
"45,25 : 0.6507"
"25,46 : 0.4754"
"46,25 : 0.4754"
"25,47 : 0.8349"
"47,25 : 0.8349"
"25,48 : 0.4219"
"48,25 : 0.4219"
"25,49 : 0.2062"
"49,25 : 0.2062"
"26,27 : 0.2943"
"27,26 : 0.2943"
"26,28 : 0.7303"
"28,26 : 0.7303"
"26,29 : 0.9335"
"29,26 : 0.9335"
"26,30 : 0.7398"
"30,26 : 0.7398"
"26,31 : 0.6768"
"31,26 : 0.6768"
"26,32 : 0.653"
"32,26 : 0.653"
"26,33 : 0.7453"
"33,26 : 0.7453"
"26,34 : 0.8324"
"34,26 : 0.8324"
"26,35 : 0.2247"
"35,26 : 0.2247"
"26,36 : 0.4973"
"36,26 : 0.4973"
"26,37 : 0.6938"
"37,26 : 0.6938"
"26,38 : 0.3612"
"38,26 : 0.3612"
"26,39 : 0.5482"
"39,26 : 0.5482"
"26,40 : 0.6708"
"40,26 : 0.6708"
"26,41 : 0.8857"
"41,26 : 0.8857"
"26,42 : 0.3394"
"42,26 : 0.3394"
"26,43 : 0.8914"
"43,26 : 0.8914"
"26,44 : 0.528"
"44,26 : 0.528"
"26,45 : 0.9266"
"45,26 : 0.9266"
"26,46 : 0.4478"
"46,26 : 0.4478"
"26,47 : 0.2707"
"47,26 : 0.2707"
"26,48 : 0.892"
"48,26 : 0.892"
"26,49 : 0.9463"
"49,26 : 0.9463"
"27,28 : 0.7316"
"28,27 : 0.7316"
"27,29 : 0.7169"
"29,27 : 0.7169"
"27,30 : 0.8127"
"30,27 : 0.8127"
"27,31 : 0.5941"
"31,27 : 0.5941"
"27,32 : 0.4684"
"32,27 : 0.4684"
"27,33 : 0.6943"
"33,27 : 0.6943"
"27,34 : 0.6888"
"34,27 : 0.6888"
"27,35 : 0.2202"
"35,27 : 0.2202"
"27,36 : 0.4588"
"36,27 : 0.4588"
"27,37 : 0.6297"
"37,27 : 0.6297"
"27,38 : 0.4455"
"38,27 : 0.4455"
"27,39 : 0.6444"
"39,27 : 0.6444"
"27,40 : 0.3766"
"40,27 : 0.3766"
"27,41 : 0.8515"
"41,27 : 0.8515"
"27,42 : 0.1965"
"42,27 : 0.1965"
"27,43 : 0.6657"
"43,27 : 0.6657"
"27,44 : 0.4357"
"44,27 : 0.4357"
"27,45 : 1.0126"
"45,27 : 1.0126"
"27,46 : 0.3764"
"46,27 : 0.3764"
"27,47 : 0.0361"
"47,27 : 0.0361"
"27,48 : 0.91"
"48,27 : 0.91"
"27,49 : 0.7655"
"49,27 : 0.7655"
"28,29 : 0.6329"
"29,28 : 0.6329"
"28,30 : 0.1903"
"30,28 : 0.1903"
"28,31 : 0.2193"
"31,28 : 0.2193"
"28,32 : 0.4614"
"32,28 : 0.4614"
"28,33 : 0.13"
"33,28 : 0.13"
"28,34 : 0.38"
"34,28 : 0.38"
"28,35 : 0.5492"
"35,28 : 0.5492"
"28,36 : 0.2731"
"36,28 : 0.2731"
"28,37 : 0.1709"
"37,28 : 0.1709"
"28,38 : 0.3734"
"38,28 : 0.3734"
"28,39 : 0.2561"
"39,28 : 0.2561"
"28,40 : 0.8841"
"40,28 : 0.8841"
"28,41 : 0.17"
"41,28 : 0.17"
"28,42 : 0.5371"
"42,28 : 0.5371"
"28,43 : 0.6413"
"43,28 : 0.6413"
"28,44 : 0.3202"
"44,28 : 0.3202"
"28,45 : 0.3444"
"45,28 : 0.3444"
"28,46 : 0.3578"
"46,28 : 0.3578"
"28,47 : 0.7527"
"47,28 : 0.7527"
"28,48 : 0.1789"
"48,28 : 0.1789"
"28,49 : 0.5315"
"49,28 : 0.5315"
"29,30 : 0.8215"
"30,29 : 0.8215"
"29,31 : 0.431"
"31,29 : 0.431"
"29,32 : 0.286"
"32,29 : 0.286"
"29,33 : 0.5036"
"33,29 : 0.5036"
"29,34 : 0.2571"
"34,29 : 0.2571"
"29,35 : 0.7151"
"35,29 : 0.7151"
"29,36 : 0.5536"
"36,29 : 0.5536"
"29,37 : 0.47"
"37,29 : 0.47"
"29,38 : 0.7473"
"38,29 : 0.7473"
"29,39 : 0.8023"
"39,29 : 0.8023"
"29,40 : 0.5501"
"40,29 : 0.5501"
"29,41 : 0.5887"
"41,29 : 0.5887"
"29,42 : 0.5941"
"42,29 : 0.5941"
"29,43 : 0.06"
"43,29 : 0.06"
"29,44 : 0.4701"
"44,29 : 0.4701"
"29,45 : 0.9632"
"45,29 : 0.9632"
"29,46 : 0.5371"
"46,29 : 0.5371"
"29,47 : 0.7529"
"47,29 : 0.7529"
"29,48 : 0.7433"
"48,29 : 0.7433"
"29,49 : 0.1414"
"49,29 : 0.1414"
"30,31 : 0.3981"
"31,30 : 0.3981"
"30,32 : 0.6297"
"32,30 : 0.6297"
"30,33 : 0.3202"
"33,30 : 0.3202"
"30,34 : 0.5701"
"34,30 : 0.5701"
"30,35 : 0.6042"
"35,30 : 0.6042"
"30,36 : 0.3842"
"36,30 : 0.3842"
"30,37 : 0.3536"
"37,30 : 0.3536"
"30,38 : 0.3863"
"38,30 : 0.3863"
"30,39 : 0.1924"
"39,30 : 0.1924"
"30,40 : 1.0242"
"40,30 : 1.0242"
"30,41 : 0.3138"
"41,30 : 0.3138"
"30,42 : 0.6313"
"42,30 : 0.6313"
"30,43 : 0.8273"
"43,30 : 0.8273"
"30,44 : 0.4579"
"44,30 : 0.4579"
"30,45 : 0.2"
"45,30 : 0.2"
"30,46 : 0.4675"
"46,30 : 0.4675"
"30,47 : 0.8268"
"47,30 : 0.8268"
"30,48 : 0.2025"
"48,30 : 0.2025"
"30,49 : 0.7217"
"49,30 : 0.7217"
"31,32 : 0.2441"
"32,31 : 0.2441"
"31,33 : 0.114"
"33,31 : 0.114"
"31,34 : 0.2012"
"34,31 : 0.2012"
"31,35 : 0.461"
"35,31 : 0.461"
"31,36 : 0.1836"
"36,31 : 0.1836"
"31,37 : 0.05"
"37,31 : 0.05"
"31,38 : 0.3754"
"38,31 : 0.3754"
"31,39 : 0.3764"
"39,31 : 0.3764"
"31,40 : 0.6812"
"40,31 : 0.6812"
"31,41 : 0.2683"
"41,31 : 0.2683"
"31,42 : 0.4005"
"42,31 : 0.4005"
"31,43 : 0.431"
"43,31 : 0.431"
"31,44 : 0.16"
"44,31 : 0.16"
"31,45 : 0.5636"
"45,31 : 0.5636"
"31,46 : 0.2335"
"46,31 : 0.2335"
"31,47 : 0.622"
"47,31 : 0.622"
"31,48 : 0.3754"
"48,31 : 0.3754"
"31,49 : 0.3547"
"49,31 : 0.3547"
"32,33 : 0.3547"
"33,32 : 0.3547"
"32,34 : 0.2309"
"34,32 : 0.2309"
"32,35 : 0.4314"
"35,32 : 0.4314"
"32,36 : 0.2907"
"36,32 : 0.2907"
"32,37 : 0.2941"
"37,32 : 0.2941"
"32,38 : 0.4713"
"38,32 : 0.4713"
"32,39 : 0.5608"
"39,32 : 0.5608"
"32,40 : 0.4494"
"40,32 : 0.4494"
"32,41 : 0.4968"
"41,32 : 0.4968"
"32,42 : 0.3162"
"42,32 : 0.3162"
"32,43 : 0.255"
"43,32 : 0.255"
"32,44 : 0.201"
"44,32 : 0.201"
"32,45 : 0.8053"
"45,32 : 0.8053"
"32,46 : 0.2563"
"46,32 : 0.2563"
"32,47 : 0.5029"
"47,32 : 0.5029"
"32,48 : 0.6185"
"48,32 : 0.6185"
"32,49 : 0.2997"
"49,32 : 0.2997"
"33,34 : 0.25"
"34,33 : 0.25"
"33,35 : 0.5408"
"35,33 : 0.5408"
"33,36 : 0.2508"
"36,33 : 0.2508"
"33,37 : 0.0671"
"37,33 : 0.0671"
"33,38 : 0.4115"
"38,33 : 0.4115"
"33,39 : 0.3523"
"39,33 : 0.3523"
"33,40 : 0.7951"
"40,33 : 0.7951"
"33,41 : 0.1581"
"41,33 : 0.1581"
"33,42 : 0.4982"
"42,33 : 0.4982"
"33,43 : 0.5142"
"43,33 : 0.5142"
"33,44 : 0.2596"
"44,33 : 0.2596"
"33,45 : 0.4649"
"45,33 : 0.4649"
"33,46 : 0.3214"
"46,33 : 0.3214"
"33,47 : 0.7201"
"47,33 : 0.7201"
"33,48 : 0.264"
"48,33 : 0.264"
"33,49 : 0.402"
"49,33 : 0.402"
"34,35 : 0.6083"
"35,34 : 0.6083"
"34,36 : 0.368"
"36,34 : 0.368"
"34,37 : 0.228"
"37,34 : 0.228"
"34,38 : 0.5673"
"38,34 : 0.5673"
"34,39 : 0.5758"
"39,34 : 0.5758"
"34,40 : 0.6631"
"40,34 : 0.6631"
"34,41 : 0.3354"
"41,34 : 0.3354"
"34,42 : 0.5155"
"42,34 : 0.5155"
"34,43 : 0.2773"
"43,34 : 0.2773"
"34,44 : 0.3081"
"44,34 : 0.3081"
"34,45 : 0.7061"
"45,34 : 0.7061"
"34,46 : 0.3883"
"46,34 : 0.3883"
"34,47 : 0.7218"
"47,34 : 0.7218"
"34,48 : 0.487"
"48,34 : 0.487"
"34,49 : 0.1552"
"49,34 : 0.1552"
"35,36 : 0.2902"
"36,35 : 0.2902"
"35,37 : 0.4837"
"37,35 : 0.4837"
"35,38 : 0.2267"
"38,35 : 0.2267"
"35,39 : 0.428"
"39,35 : 0.428"
"35,40 : 0.5445"
"40,35 : 0.5445"
"35,41 : 0.6903"
"41,35 : 0.6903"
"35,42 : 0.13"
"42,35 : 0.13"
"35,43 : 0.6762"
"43,35 : 0.6762"
"35,44 : 0.3068"
"44,35 : 0.3068"
"35,45 : 0.8026"
"45,35 : 0.8026"
"35,46 : 0.228"
"46,35 : 0.228"
"35,47 : 0.2267"
"47,35 : 0.2267"
"35,48 : 0.7228"
"48,35 : 0.7228"
"35,49 : 0.722"
"49,35 : 0.722"
"36,37 : 0.1965"
"37,36 : 0.1965"
"36,38 : 0.2"
"38,36 : 0.2"
"36,39 : 0.2746"
"39,36 : 0.2746"
"36,40 : 0.6407"
"40,36 : 0.6407"
"36,41 : 0.4011"
"41,36 : 0.4011"
"36,42 : 0.264"
"42,36 : 0.264"
"36,43 : 0.536"
"43,36 : 0.536"
"36,44 : 0.09"
"44,36 : 0.09"
"36,45 : 0.58"
"45,36 : 0.58"
"36,46 : 0.086"
"46,36 : 0.086"
"36,47 : 0.4808"
"47,36 : 0.4808"
"36,48 : 0.4519"
"48,36 : 0.4519"
"36,49 : 0.5104"
"49,36 : 0.5104"
"37,38 : 0.3744"
"38,37 : 0.3744"
"37,39 : 0.3493"
"39,37 : 0.3493"
"37,40 : 0.73"
"40,37 : 0.73"
"37,41 : 0.2247"
"41,37 : 0.2247"
"37,42 : 0.4342"
"42,37 : 0.4342"
"37,43 : 0.4738"
"43,37 : 0.4738"
"37,44 : 0.1942"
"44,37 : 0.1942"
"37,45 : 0.5148"
"45,37 : 0.5148"
"37,46 : 0.26"
"46,37 : 0.26"
"37,47 : 0.6562"
"47,37 : 0.6562"
"37,48 : 0.3256"
"48,37 : 0.3256"
"37,49 : 0.3833"
"49,37 : 0.3833"
"38,39 : 0.2025"
"39,38 : 0.2025"
"38,40 : 0.7305"
"40,38 : 0.7305"
"38,41 : 0.536"
"41,38 : 0.536"
"38,42 : 0.2955"
"42,38 : 0.2955"
"38,43 : 0.7245"
"43,38 : 0.7245"
"38,44 : 0.2773"
"44,38 : 0.2773"
"38,45 : 0.5814"
"45,38 : 0.5814"
"38,46 : 0.2159"
"46,38 : 0.2159"
"38,47 : 0.4534"
"47,38 : 0.4534"
"38,48 : 0.5308"
"48,38 : 0.5308"
"38,49 : 0.7103"
"49,38 : 0.7103"
"39,40 : 0.8989"
"40,39 : 0.8989"
"39,41 : 0.4244"
"41,39 : 0.4244"
"39,42 : 0.478"
"42,39 : 0.478"
"39,43 : 0.794"
"43,39 : 0.794"
"39,44 : 0.3635"
"44,39 : 0.3635"
"39,45 : 0.3808"
"45,39 : 0.3808"
"39,46 : 0.3418"
"46,39 : 0.3418"
"39,47 : 0.6544"
"47,39 : 0.6544"
"39,48 : 0.3688"
"48,39 : 0.3688"
"39,49 : 0.7305"
"49,39 : 0.7305"
"40,41 : 0.944"
"41,40 : 0.944"
"40,42 : 0.4368"
"42,40 : 0.4368"
"40,43 : 0.4901"
"43,40 : 0.4901"
"40,44 : 0.5685"
"44,40 : 0.5685"
"40,45 : 1.2166"
"45,40 : 1.2166"
"40,46 : 0.5608"
"46,40 : 0.5608"
"40,47 : 0.4026"
"47,40 : 0.4026"
"40,48 : 1.0542"
"48,40 : 1.0542"
"40,49 : 0.6592"
"49,40 : 0.6592"
"41,42 : 0.6551"
"42,41 : 0.6551"
"41,43 : 0.6127"
"43,41 : 0.6127"
"41,44 : 0.4176"
"44,41 : 0.4176"
"41,45 : 0.39"
"45,41 : 0.39"
"41,46 : 0.4768"
"46,41 : 0.4768"
"41,47 : 0.8766"
"47,41 : 0.8766"
"41,48 : 0.1603"
"48,41 : 0.1603"
"41,49 : 0.4632"
"49,41 : 0.4632"
"42,43 : 0.5523"
"43,42 : 0.5523"
"42,44 : 0.2408"
"44,42 : 0.2408"
"42,45 : 0.831"
"45,42 : 0.831"
"42,46 : 0.1803"
"46,42 : 0.1803"
"42,47 : 0.222"
"47,42 : 0.222"
"42,48 : 0.7159"
"48,42 : 0.7159"
"42,49 : 0.614"
"49,42 : 0.614"
