x,y
0.63,0.85
0.18,0.13
0.57,0.74
0.41,0.79
0.49,0.11
0.77,0.4
0.04,0.68
0.86,0.51
0.26,0.34
0.21,0.59
0.22,0.35
0.98,0.19
0.57,0.59
0.53,0.37
0.3,0.5
0.4,0.86
0.88,0.25
0.25,0.86
0.67,0.7
0.86,0.72
0.67,0.54
0.99,0.95
0.63,0.14
0.98,0.07
0.83,0.06
0.02,0.24
0.72,0.84
0.79,0.17
0.94,0.54
0.13,0.13
0.95,0.71
0.43,0.61
0.32,0.14
0.65,0.64
0.31,0.66
0.73,0.18
0.05,0.52
0.18,0.0
0.46,0.4
0.17,0.3
0.75,0.61
0.14,0.16
0.39,0.06
0.7,0.97
0.5,0.03
0.11,0.52
0.64,0.51
0.58,0.7
0.7,0.45
0.96,0.6

Distanze
"0,1 : 0.8491"
"1,0 : 0.8491"
"0,2 : 0.1253"
"2,0 : 0.1253"
"0,3 : 0.228"
"3,0 : 0.228"
"0,4 : 0.7531"
"4,0 : 0.7531"
"0,5 : 0.4713"
"5,0 : 0.4713"
"0,6 : 0.614"
"6,0 : 0.614"
"0,7 : 0.4105"
"7,0 : 0.4105"
"0,8 : 0.6301"
"8,0 : 0.6301"
"0,9 : 0.494"
"9,0 : 0.494"
"0,10 : 0.6466"
"10,0 : 0.6466"
"0,11 : 0.7471"
"11,0 : 0.7471"
"0,12 : 0.2668"
"12,0 : 0.2668"
"0,13 : 0.4903"
"13,0 : 0.4903"
"0,14 : 0.481"
"14,0 : 0.481"
"0,15 : 0.2302"
"15,0 : 0.2302"
"0,16 : 0.65"
"16,0 : 0.65"
"0,17 : 0.3801"
"17,0 : 0.3801"
"0,18 : 0.1552"
"18,0 : 0.1552"
"0,19 : 0.2642"
"19,0 : 0.2642"
"0,20 : 0.3126"
"20,0 : 0.3126"
"0,21 : 0.3736"
"21,0 : 0.3736"
"0,22 : 0.71"
"22,0 : 0.71"
"0,23 : 0.8549"
"23,0 : 0.8549"
"0,24 : 0.8149"
"24,0 : 0.8149"
"0,25 : 0.8627"
"25,0 : 0.8627"
"0,26 : 0.0906"
"26,0 : 0.0906"
"0,27 : 0.6986"
"27,0 : 0.6986"
"0,28 : 0.4384"
"28,0 : 0.4384"
"0,29 : 0.8766"
"29,0 : 0.8766"
"0,30 : 0.3493"
"30,0 : 0.3493"
"0,31 : 0.3124"
"31,0 : 0.3124"
"0,32 : 0.7747"
"32,0 : 0.7747"
"0,33 : 0.211"
"33,0 : 0.211"
"0,34 : 0.3722"
"34,0 : 0.3722"
"0,35 : 0.6774"
"35,0 : 0.6774"
"0,36 : 0.6673"
"36,0 : 0.6673"
"0,37 : 0.9618"
"37,0 : 0.9618"
"0,38 : 0.481"
"38,0 : 0.481"
"0,39 : 0.717"
"39,0 : 0.717"
"0,40 : 0.2683"
"40,0 : 0.2683"
"0,41 : 0.8463"
"41,0 : 0.8463"
"0,42 : 0.8257"
"42,0 : 0.8257"
"0,43 : 0.1389"
"43,0 : 0.1389"
"0,44 : 0.8302"
"44,0 : 0.8302"
"0,45 : 0.6159"
"45,0 : 0.6159"
"0,46 : 0.3401"
"46,0 : 0.3401"
"0,47 : 0.1581"
"47,0 : 0.1581"
"0,48 : 0.4061"
"48,0 : 0.4061"
"0,49 : 0.414"
"49,0 : 0.414"
"1,2 : 0.724"
"2,1 : 0.724"
"1,3 : 0.6989"
"3,1 : 0.6989"
"1,4 : 0.3106"
"4,1 : 0.3106"
"1,5 : 0.6488"
"5,1 : 0.6488"
"1,6 : 0.5675"
"6,1 : 0.5675"
"1,7 : 0.779"
"7,1 : 0.779"
"1,8 : 0.2247"
"8,1 : 0.2247"
"1,9 : 0.461"
"9,1 : 0.461"
"1,10 : 0.2236"
"10,1 : 0.2236"
"1,11 : 0.8022"
"11,1 : 0.8022"
"1,12 : 0.6031"
"12,1 : 0.6031"
"1,13 : 0.4244"
"13,1 : 0.4244"
"1,14 : 0.389"
"14,1 : 0.389"
"1,15 : 0.7624"
"15,1 : 0.7624"
"1,16 : 0.7102"
"16,1 : 0.7102"
"1,17 : 0.7333"
"17,1 : 0.7333"
"1,18 : 0.7517"
"18,1 : 0.7517"
"1,19 : 0.9003"
"19,1 : 0.9003"
"1,20 : 0.6389"
"20,1 : 0.6389"
"1,21 : 1.1526"
"21,1 : 1.1526"
"1,22 : 0.4501"
"22,1 : 0.4501"
"1,23 : 0.8022"
"23,1 : 0.8022"
"1,24 : 0.6538"
"24,1 : 0.6538"
"1,25 : 0.1942"
"25,1 : 0.1942"
"1,26 : 0.892"
"26,1 : 0.892"
"1,27 : 0.6113"
"27,1 : 0.6113"
"1,28 : 0.8635"
"28,1 : 0.8635"
"1,29 : 0.05"
"29,1 : 0.05"
"1,30 : 0.964"
"30,1 : 0.964"
"1,31 : 0.5412"
"31,1 : 0.5412"
"1,32 : 0.1404"
"32,1 : 0.1404"
"1,33 : 0.6935"
"33,1 : 0.6935"
"1,34 : 0.5457"
"34,1 : 0.5457"
"1,35 : 0.5523"
"35,1 : 0.5523"
"1,36 : 0.4111"
"36,1 : 0.4111"
"1,37 : 0.13"
"37,1 : 0.13"
"1,38 : 0.389"
"38,1 : 0.389"
"1,39 : 0.1703"
"39,1 : 0.1703"
"1,40 : 0.7452"
"40,1 : 0.7452"
"1,41 : 0.05"
"41,1 : 0.05"
"1,42 : 0.2214"
"42,1 : 0.2214"
"1,43 : 0.9879"
"43,1 : 0.9879"
"1,44 : 0.3353"
"44,1 : 0.3353"
"1,45 : 0.3962"
"45,1 : 0.3962"
"1,46 : 0.5967"
"46,1 : 0.5967"
"1,47 : 0.6963"
"47,1 : 0.6963"
"1,48 : 0.6106"
"48,1 : 0.6106"
"1,49 : 0.9107"
"49,1 : 0.9107"
"2,3 : 0.1676"
"3,2 : 0.1676"
"2,4 : 0.6351"
"4,2 : 0.6351"
"2,5 : 0.3945"
"5,2 : 0.3945"
"2,6 : 0.5334"
"6,2 : 0.5334"
"2,7 : 0.3701"
"7,2 : 0.3701"
"2,8 : 0.5061"
"8,2 : 0.5061"
"2,9 : 0.39"
"9,2 : 0.39"
"2,10 : 0.524"
"10,2 : 0.524"
"2,11 : 0.686"
"11,2 : 0.686"
"2,12 : 0.15"
"12,2 : 0.15"
"2,13 : 0.3722"
"13,2 : 0.3722"
"2,14 : 0.3612"
"14,2 : 0.3612"
"2,15 : 0.2081"
"15,2 : 0.2081"
"2,16 : 0.5798"
"16,2 : 0.5798"
"2,17 : 0.3418"
"17,2 : 0.3418"
"2,18 : 0.1077"
"18,2 : 0.1077"
"2,19 : 0.2907"
"19,2 : 0.2907"
"2,20 : 0.2236"
"20,2 : 0.2236"
"2,21 : 0.4696"
"21,2 : 0.4696"
"2,22 : 0.603"
"22,2 : 0.603"
"2,23 : 0.7855"
"23,2 : 0.7855"
"2,24 : 0.728"
"24,2 : 0.728"
"2,25 : 0.7433"
"25,2 : 0.7433"
"2,26 : 0.1803"
"26,2 : 0.1803"
"2,27 : 0.611"
"27,2 : 0.611"
"2,28 : 0.4206"
"28,2 : 0.4206"
"2,29 : 0.7521"
"29,2 : 0.7521"
"2,30 : 0.3812"
"30,2 : 0.3812"
"2,31 : 0.191"
"31,2 : 0.191"
"2,32 : 0.65"
"32,2 : 0.65"
"2,33 : 0.1281"
"33,2 : 0.1281"
"2,34 : 0.272"
"34,2 : 0.272"
"2,35 : 0.5824"
"35,2 : 0.5824"
"2,36 : 0.5646"
"36,2 : 0.5646"
"2,37 : 0.8365"
"37,2 : 0.8365"
"2,38 : 0.3574"
"38,2 : 0.3574"
"2,39 : 0.5946"
"39,2 : 0.5946"
"2,40 : 0.222"
"40,2 : 0.222"
"2,41 : 0.722"
"41,2 : 0.722"
"2,42 : 0.7034"
"42,2 : 0.7034"
"2,43 : 0.2642"
"43,2 : 0.2642"
"2,44 : 0.7134"
"44,2 : 0.7134"
"2,45 : 0.5099"
"45,2 : 0.5099"
"2,46 : 0.2404"
"46,2 : 0.2404"
"2,47 : 0.0412"
"47,2 : 0.0412"
"2,48 : 0.3178"
"48,2 : 0.3178"
"2,49 : 0.4144"
"49,2 : 0.4144"
"3,4 : 0.6847"
"4,3 : 0.6847"
"3,5 : 0.5308"
"5,3 : 0.5308"
"3,6 : 0.386"
"6,3 : 0.386"
"3,7 : 0.53"
"7,3 : 0.53"
"3,8 : 0.4743"
"8,3 : 0.4743"
"3,9 : 0.2828"
"9,3 : 0.2828"
"3,10 : 0.4793"
"10,3 : 0.4793"
"3,11 : 0.8276"
"11,3 : 0.8276"
"3,12 : 0.2561"
"12,3 : 0.2561"
"3,13 : 0.4368"
"13,3 : 0.4368"
"3,14 : 0.3102"
"14,3 : 0.3102"
"3,15 : 0.0707"
"15,3 : 0.0707"
"3,16 : 0.7159"
"16,3 : 0.7159"
"3,17 : 0.1746"
"17,3 : 0.1746"
"3,18 : 0.2751"
"18,3 : 0.2751"
"3,19 : 0.4554"
"19,3 : 0.4554"
"3,20 : 0.3607"
"20,3 : 0.3607"
"3,21 : 0.6017"
"21,3 : 0.6017"
"3,22 : 0.6862"
"22,3 : 0.6862"
"3,23 : 0.9183"
"23,3 : 0.9183"
"3,24 : 0.8422"
"24,3 : 0.8422"
"3,25 : 0.6742"
"25,3 : 0.6742"
"3,26 : 0.314"
"26,3 : 0.314"
"3,27 : 0.7272"
"27,3 : 0.7272"
"3,28 : 0.586"
"28,3 : 0.586"
"3,29 : 0.7169"
"29,3 : 0.7169"
"3,30 : 0.5459"
"30,3 : 0.5459"
"3,31 : 0.1811"
"31,3 : 0.1811"
"3,32 : 0.6562"
"32,3 : 0.6562"
"3,33 : 0.283"
"33,3 : 0.283"
"3,34 : 0.164"
"34,3 : 0.164"
"3,35 : 0.6888"
"35,3 : 0.6888"
"3,36 : 0.45"
"36,3 : 0.45"
"3,37 : 0.8228"
"37,3 : 0.8228"
"3,38 : 0.3932"
"38,3 : 0.3932"
"3,39 : 0.5456"
"39,3 : 0.5456"
"3,40 : 0.3847"
"40,3 : 0.3847"
"3,41 : 0.6854"
"41,3 : 0.6854"
"3,42 : 0.7303"
"42,3 : 0.7303"
"3,43 : 0.3413"
"43,3 : 0.3413"
"3,44 : 0.7653"
"44,3 : 0.7653"
"3,45 : 0.4036"
"45,3 : 0.4036"
"3,46 : 0.3624"
"46,3 : 0.3624"
"3,47 : 0.1924"
"47,3 : 0.1924"
"3,48 : 0.4469"
"48,3 : 0.4469"
"3,49 : 0.5819"
"49,3 : 0.5819"
"4,5 : 0.4031"
"5,4 : 0.4031"
"4,6 : 0.7262"
"6,4 : 0.7262"
"4,7 : 0.5449"
"7,4 : 0.5449"
"4,8 : 0.3253"
"8,4 : 0.3253"
"4,9 : 0.5557"
"9,4 : 0.5557"
"4,10 : 0.3612"
"10,4 : 0.3612"
"4,11 : 0.4965"
"11,4 : 0.4965"
"4,12 : 0.4866"
"12,4 : 0.4866"
"4,13 : 0.2631"
"13,4 : 0.2631"
"4,14 : 0.4338"
"14,4 : 0.4338"
"4,15 : 0.7554"
"15,4 : 0.7554"
"4,16 : 0.4144"
"16,4 : 0.4144"
"4,17 : 0.7875"
"17,4 : 0.7875"
"4,18 : 0.6168"
"18,4 : 0.6168"
"4,19 : 0.7134"
"19,4 : 0.7134"
"4,20 : 0.4662"
"20,4 : 0.4662"
"4,21 : 0.9775"
"21,4 : 0.9775"
"4,22 : 0.1432"
"22,4 : 0.1432"
"4,23 : 0.4916"
"23,4 : 0.4916"
"4,24 : 0.3437"
"24,4 : 0.3437"
"4,25 : 0.4876"
"25,4 : 0.4876"
"4,26 : 0.7654"
"26,4 : 0.7654"
"4,27 : 0.3059"
"27,4 : 0.3059"
"4,28 : 0.6224"
"28,4 : 0.6224"
"4,29 : 0.3606"
"29,4 : 0.3606"
"4,30 : 0.756"
"30,4 : 0.756"
"4,31 : 0.5036"
"31,4 : 0.5036"
"4,32 : 0.1726"
"32,4 : 0.1726"
"4,33 : 0.5536"
"33,4 : 0.5536"
"4,34 : 0.5787"
"34,4 : 0.5787"
"4,35 : 0.25"
"35,4 : 0.25"
"4,36 : 0.6014"
"36,4 : 0.6014"
"4,37 : 0.3289"
"37,4 : 0.3289"
"4,38 : 0.2915"
"38,4 : 0.2915"
"4,39 : 0.3722"
"39,4 : 0.3722"
"4,40 : 0.5636"
"40,4 : 0.5636"
"4,41 : 0.3536"
"41,4 : 0.3536"
"4,42 : 0.1118"
"42,4 : 0.1118"
"4,43 : 0.8853"
"43,4 : 0.8853"
"4,44 : 0.0806"
"44,4 : 0.0806"
"4,45 : 0.559"
"45,4 : 0.559"
"4,46 : 0.4272"
"46,4 : 0.4272"
"4,47 : 0.5968"
"47,4 : 0.5968"
"4,48 : 0.3996"
"48,4 : 0.3996"
"4,49 : 0.679"
"49,4 : 0.679"
"5,6 : 0.7819"
"6,5 : 0.7819"
"5,7 : 0.1421"
"7,5 : 0.1421"
"5,8 : 0.5135"
"8,5 : 0.5135"
"5,9 : 0.5914"
"9,5 : 0.5914"
"5,10 : 0.5523"
"10,5 : 0.5523"
"5,11 : 0.297"
"11,5 : 0.297"
"5,12 : 0.2759"
"12,5 : 0.2759"
"5,13 : 0.2419"
"13,5 : 0.2419"
"5,14 : 0.4805"
"14,5 : 0.4805"
"5,15 : 0.5903"
"15,5 : 0.5903"
"5,16 : 0.186"
"16,5 : 0.186"
"5,17 : 0.6943"
"17,5 : 0.6943"
"5,18 : 0.3162"
"18,5 : 0.3162"
"5,19 : 0.3324"
"19,5 : 0.3324"
"5,20 : 0.172"
"20,5 : 0.172"
"5,21 : 0.5924"
"21,5 : 0.5924"
"5,22 : 0.2953"
"22,5 : 0.2953"
"5,23 : 0.3912"
"23,5 : 0.3912"
"5,24 : 0.3453"
"24,5 : 0.3453"
"5,25 : 0.7669"
"25,5 : 0.7669"
"5,26 : 0.4428"
"26,5 : 0.4428"
"5,27 : 0.2309"
"27,5 : 0.2309"
"5,28 : 0.2202"
"28,5 : 0.2202"
"5,29 : 0.6946"
"29,5 : 0.6946"
"5,30 : 0.3585"
"30,5 : 0.3585"
"5,31 : 0.3996"
"31,5 : 0.3996"
"5,32 : 0.5197"
"32,5 : 0.5197"
"5,33 : 0.2683"
"33,5 : 0.2683"
"5,34 : 0.5284"
"34,5 : 0.5284"
"5,35 : 0.2236"
"35,5 : 0.2236"
"5,36 : 0.7299"
"36,5 : 0.7299"
"5,37 : 0.7128"
"37,5 : 0.7128"
"5,38 : 0.31"
"38,5 : 0.31"
"5,39 : 0.6083"
"39,5 : 0.6083"
"5,40 : 0.211"
"40,5 : 0.211"
"5,41 : 0.6742"
"41,5 : 0.6742"
"5,42 : 0.5099"
"42,5 : 0.5099"
"5,43 : 0.5743"
"43,5 : 0.5743"
"5,44 : 0.458"
"44,5 : 0.458"
"5,45 : 0.6708"
"45,5 : 0.6708"
"5,46 : 0.1703"
"46,5 : 0.1703"
"5,47 : 0.3551"
"47,5 : 0.3551"
"5,48 : 0.086"
"48,5 : 0.086"
"5,49 : 0.2759"
"49,5 : 0.2759"
"6,7 : 0.8374"
"7,6 : 0.8374"
"6,8 : 0.405"
"8,6 : 0.405"
"6,9 : 0.1924"
"9,6 : 0.1924"
"6,10 : 0.3759"
"10,6 : 0.3759"
"6,11 : 1.06"
"11,6 : 1.06"
"6,12 : 0.5376"
"12,6 : 0.5376"
"6,13 : 0.5798"
"13,6 : 0.5798"
"6,14 : 0.3162"
"14,6 : 0.3162"
"6,15 : 0.4025"
"15,6 : 0.4025"
"6,16 : 0.9437"
"16,6 : 0.9437"
"6,17 : 0.2766"
"17,6 : 0.2766"
"6,18 : 0.6303"
"18,6 : 0.6303"
"6,19 : 0.821"
"19,6 : 0.821"
"6,20 : 0.6454"
"20,6 : 0.6454"
"6,21 : 0.9876"
"21,6 : 0.9876"
"6,22 : 0.7998"
"22,6 : 0.7998"
"6,23 : 1.1206"
"23,6 : 1.1206"
"6,24 : 1.0042"
"24,6 : 1.0042"
"6,25 : 0.4405"
"25,6 : 0.4405"
"6,26 : 0.6986"
"26,6 : 0.6986"
"6,27 : 0.907"
"27,6 : 0.907"
"6,28 : 0.9108"
"28,6 : 0.9108"
"6,29 : 0.5573"
"29,6 : 0.5573"
"6,30 : 0.9105"
"30,6 : 0.9105"
"6,31 : 0.3962"
"31,6 : 0.3962"
"6,32 : 0.6083"
"32,6 : 0.6083"
"6,33 : 0.6113"
"33,6 : 0.6113"
"6,34 : 0.2707"
"34,6 : 0.2707"
"6,35 : 0.8521"
"35,6 : 0.8521"
"6,36 : 0.1603"
"36,6 : 0.1603"
"6,37 : 0.6943"
"37,6 : 0.6943"
"6,38 : 0.5048"
"38,6 : 0.5048"
"6,39 : 0.4016"
"39,6 : 0.4016"
"6,40 : 0.7134"
"40,6 : 0.7134"
"6,41 : 0.5295"
"41,6 : 0.5295"
"6,42 : 0.712"
"42,6 : 0.712"
"6,43 : 0.7209"
"43,6 : 0.7209"
"6,44 : 0.7963"
"44,6 : 0.7963"
"6,45 : 0.1746"
"45,6 : 0.1746"
"6,46 : 0.6236"
"46,6 : 0.6236"
"6,47 : 0.5404"
"47,6 : 0.5404"
"6,48 : 0.6989"
"48,6 : 0.6989"
"6,49 : 0.9235"
"49,6 : 0.9235"
"7,8 : 0.6236"
"8,7 : 0.6236"
"7,9 : 0.6549"
"9,7 : 0.6549"
"7,10 : 0.6597"
"10,7 : 0.6597"
"7,11 : 0.3418"
"11,7 : 0.3418"
"7,12 : 0.3008"
"12,7 : 0.3008"
"7,13 : 0.3585"
"13,7 : 0.3585"
"7,14 : 0.5601"
"14,7 : 0.5601"
"7,15 : 0.578"
"15,7 : 0.578"
"7,16 : 0.2608"
"16,7 : 0.2608"
"7,17 : 0.7033"
"17,7 : 0.7033"
"7,18 : 0.2687"
"18,7 : 0.2687"
"7,19 : 0.21"
"19,7 : 0.21"
"7,20 : 0.1924"
"20,7 : 0.1924"
"7,21 : 0.4588"
"21,7 : 0.4588"
"7,22 : 0.4357"
"22,7 : 0.4357"
"7,23 : 0.4561"
"23,7 : 0.4561"
"7,24 : 0.451"
"24,7 : 0.451"
"7,25 : 0.8823"
"25,7 : 0.8823"
"7,26 : 0.3585"
"26,7 : 0.3585"
"7,27 : 0.3471"
"27,7 : 0.3471"
"7,28 : 0.0854"
"28,7 : 0.0854"
"7,29 : 0.823"
"29,7 : 0.823"
"7,30 : 0.2193"
"30,7 : 0.2193"
"7,31 : 0.4415"
"31,7 : 0.4415"
"7,32 : 0.6546"
"32,7 : 0.6546"
"7,33 : 0.247"
"33,7 : 0.247"
"7,34 : 0.5701"
"34,7 : 0.5701"
"7,35 : 0.3547"
"35,7 : 0.3547"
"7,36 : 0.8101"
"36,7 : 0.8101"
"7,37 : 0.85"
"37,7 : 0.85"
"7,38 : 0.4148"
"38,7 : 0.4148"
"7,39 : 0.7212"
"39,7 : 0.7212"
"7,40 : 0.1487"
"40,7 : 0.1487"
"7,41 : 0.8006"
"41,7 : 0.8006"
"7,42 : 0.6507"
"42,7 : 0.6507"
"7,43 : 0.487"
"43,7 : 0.487"
"7,44 : 0.6"
"44,7 : 0.6"
"7,45 : 0.7501"
"45,7 : 0.7501"
"7,46 : 0.22"
"46,7 : 0.22"
"7,47 : 0.3384"
"47,7 : 0.3384"
"7,48 : 0.1709"
"48,7 : 0.1709"
"7,49 : 0.1345"
"49,7 : 0.1345"
"8,9 : 0.255"
"9,8 : 0.255"
"8,10 : 0.0412"
"10,8 : 0.0412"
"8,11 : 0.7355"
"11,8 : 0.7355"
"8,12 : 0.3982"
"12,8 : 0.3982"
"8,13 : 0.2717"
"13,8 : 0.2717"
"8,14 : 0.1649"
"14,8 : 0.1649"
"8,15 : 0.5385"
"15,8 : 0.5385"
"8,16 : 0.6265"
"16,8 : 0.6265"
"8,17 : 0.5201"
"17,8 : 0.5201"
"8,18 : 0.5456"
"18,8 : 0.5456"
"8,19 : 0.7102"
"19,8 : 0.7102"
"8,20 : 0.4562"
"20,8 : 0.4562"
"8,21 : 0.9513"
"21,8 : 0.9513"
"8,22 : 0.4206"
"22,8 : 0.4206"
"8,23 : 0.769"
"23,8 : 0.769"
"8,24 : 0.6351"
"24,8 : 0.6351"
"8,25 : 0.26"
"25,8 : 0.26"
"8,26 : 0.6794"
"26,8 : 0.6794"
"8,27 : 0.5566"
"27,8 : 0.5566"
"8,28 : 0.7088"
"28,8 : 0.7088"
"8,29 : 0.247"
"29,8 : 0.247"
"8,30 : 0.7829"
"30,8 : 0.7829"
"8,31 : 0.3191"
"31,8 : 0.3191"
"8,32 : 0.2088"
"32,8 : 0.2088"
"8,33 : 0.492"
"33,8 : 0.492"
"8,34 : 0.3239"
"34,8 : 0.3239"
"8,35 : 0.4965"
"35,8 : 0.4965"
"8,36 : 0.2766"
"36,8 : 0.2766"
"8,37 : 0.3493"
"37,8 : 0.3493"
"8,38 : 0.2088"
"38,8 : 0.2088"
"8,39 : 0.0985"
"39,8 : 0.0985"
"8,40 : 0.5595"
"40,8 : 0.5595"
"8,41 : 0.2163"
"41,8 : 0.2163"
"8,42 : 0.3087"
"42,8 : 0.3087"
"8,43 : 0.7684"
"43,8 : 0.7684"
"8,44 : 0.392"
"44,8 : 0.392"
"8,45 : 0.2343"
"45,8 : 0.2343"
"8,46 : 0.4163"
"46,8 : 0.4163"
"8,47 : 0.4817"
"47,8 : 0.4817"
"8,48 : 0.4535"
"48,8 : 0.4535"
"8,49 : 0.7467"
"49,8 : 0.7467"
"9,10 : 0.2402"
"10,9 : 0.2402"
"9,11 : 0.8677"
"11,9 : 0.8677"
"9,12 : 0.36"
"12,9 : 0.36"
"9,13 : 0.3883"
"13,9 : 0.3883"
"9,14 : 0.1273"
"14,9 : 0.1273"
"9,15 : 0.3302"
"15,9 : 0.3302"
"9,16 : 0.7513"
"16,9 : 0.7513"
"9,17 : 0.2729"
"17,9 : 0.2729"
"9,18 : 0.473"
"18,9 : 0.473"
"9,19 : 0.6629"
"19,9 : 0.6629"
"9,20 : 0.4627"
"20,9 : 0.4627"
"9,21 : 0.8591"
"21,9 : 0.8591"
"9,22 : 0.6155"
"22,9 : 0.6155"
"9,23 : 0.9291"
"23,9 : 0.9291"
"9,24 : 0.8157"
"24,9 : 0.8157"
"9,25 : 0.3982"
"25,9 : 0.3982"
"9,26 : 0.568"
"26,9 : 0.568"
"9,27 : 0.7161"
"27,9 : 0.7161"
"9,28 : 0.7317"
"28,9 : 0.7317"
"9,29 : 0.4669"
"29,9 : 0.4669"
"9,30 : 0.7497"
"30,9 : 0.7497"
"9,31 : 0.2209"
"31,9 : 0.2209"
"9,32 : 0.4632"
"32,9 : 0.4632"
"9,33 : 0.4428"
"33,9 : 0.4428"
"9,34 : 0.1221"
"34,9 : 0.1221"
"9,35 : 0.6622"
"35,9 : 0.6622"
"9,36 : 0.1746"
"36,9 : 0.1746"
"9,37 : 0.5908"
"37,9 : 0.5908"
"9,38 : 0.314"
"38,9 : 0.314"
"9,39 : 0.2927"
"39,9 : 0.2927"
"9,40 : 0.5404"
"40,9 : 0.5404"
"9,41 : 0.4357"
"41,9 : 0.4357"
"9,42 : 0.5597"
"42,9 : 0.5597"
"9,43 : 0.6201"
"43,9 : 0.6201"
"9,44 : 0.6306"
"44,9 : 0.6306"
"9,45 : 0.1221"
"45,9 : 0.1221"
"9,46 : 0.4374"
"46,9 : 0.4374"
"9,47 : 0.386"
"47,9 : 0.386"
"9,48 : 0.5096"
"48,9 : 0.5096"
"9,49 : 0.7501"
"49,9 : 0.7501"
"10,11 : 0.7767"
"11,10 : 0.7767"
"10,12 : 0.4244"
"12,10 : 0.4244"
"10,13 : 0.3106"
"13,10 : 0.3106"
"10,14 : 0.17"
"14,10 : 0.17"
"10,15 : 0.5408"
"15,10 : 0.5408"
"10,16 : 0.6675"
"16,10 : 0.6675"
"10,17 : 0.5109"
"17,10 : 0.5109"
"10,18 : 0.5701"
"18,10 : 0.5701"
"10,19 : 0.7393"
"19,10 : 0.7393"
"10,20 : 0.4885"
"20,10 : 0.4885"
"10,21 : 0.9762"
"21,10 : 0.9762"
"10,22 : 0.4607"
"22,10 : 0.4607"
"10,23 : 0.8099"
"23,10 : 0.8099"
"10,24 : 0.6754"
"24,10 : 0.6754"
"10,25 : 0.2283"
"25,10 : 0.2283"
"10,26 : 0.7001"
"26,10 : 0.7001"
"10,27 : 0.5977"
"27,10 : 0.5977"
"10,28 : 0.7446"
"28,10 : 0.7446"
"10,29 : 0.2377"
"29,10 : 0.2377"
"10,30 : 0.8139"
"30,10 : 0.8139"
"10,31 : 0.3342"
"31,10 : 0.3342"
"10,32 : 0.2326"
"32,10 : 0.2326"
"10,33 : 0.5187"
"33,10 : 0.5187"
"10,34 : 0.3228"
"34,10 : 0.3228"
"10,35 : 0.5376"
"35,10 : 0.5376"
"10,36 : 0.2404"
"36,10 : 0.2404"
"10,37 : 0.3523"
"37,10 : 0.3523"
"10,38 : 0.2452"
"38,10 : 0.2452"
"10,39 : 0.0707"
"39,10 : 0.0707"
"10,40 : 0.5903"
"40,10 : 0.5903"
"10,41 : 0.2062"
"41,10 : 0.2062"
"10,42 : 0.3362"
"42,10 : 0.3362"
"10,43 : 0.7841"
"43,10 : 0.7841"
"10,44 : 0.4252"
"44,10 : 0.4252"
"10,45 : 0.2025"
"45,10 : 0.2025"
"10,46 : 0.4494"
"46,10 : 0.4494"
"10,47 : 0.5021"
"47,10 : 0.5021"
"10,48 : 0.4903"
"48,10 : 0.4903"
"10,49 : 0.7811"
"49,10 : 0.7811"
"11,12 : 0.5728"
"12,11 : 0.5728"
"11,13 : 0.4847"
"13,11 : 0.4847"
"11,14 : 0.7473"
"14,11 : 0.7473"
"11,15 : 0.8862"
"15,11 : 0.8862"
"11,16 : 0.1166"
"16,11 : 0.1166"
"11,17 : 0.9909"
"17,11 : 0.9909"
"11,18 : 0.5968"
"18,11 : 0.5968"
"11,19 : 0.5434"
"19,11 : 0.5434"
"11,20 : 0.4675"
"20,11 : 0.4675"
"11,21 : 0.7601"
"21,11 : 0.7601"
"11,22 : 0.3536"
"22,11 : 0.3536"
"11,23 : 0.12"
"23,11 : 0.12"
"11,24 : 0.1985"
"24,11 : 0.1985"
"11,25 : 0.9613"
"25,11 : 0.9613"
"11,26 : 0.7001"
"26,11 : 0.7001"
"11,27 : 0.191"
"27,11 : 0.191"
"11,28 : 0.3523"
"28,11 : 0.3523"
"11,29 : 0.8521"
"29,11 : 0.8521"
"11,30 : 0.5209"
"30,11 : 0.5209"
"11,31 : 0.692"
"31,11 : 0.692"
"11,32 : 0.6619"
"32,11 : 0.6619"
"11,33 : 0.558"
"33,11 : 0.558"
"11,34 : 0.8184"
"34,11 : 0.8184"
"11,35 : 0.2502"
"35,11 : 0.2502"
"11,36 : 0.9868"
"36,11 : 0.9868"
"11,37 : 0.8223"
"37,11 : 0.8223"
"11,38 : 0.5608"
"38,11 : 0.5608"
"11,39 : 0.8174"
"39,11 : 0.8174"
"11,40 : 0.4789"
"40,11 : 0.4789"
"11,41 : 0.8405"
"41,11 : 0.8405"
"11,42 : 0.6042"
"42,11 : 0.6042"
"11,43 : 0.8287"
"43,11 : 0.8287"
"11,44 : 0.506"
"44,11 : 0.506"
"11,45 : 0.9305"
"45,11 : 0.9305"
"11,46 : 0.4669"
"46,11 : 0.4669"
"11,47 : 0.6482"
"47,11 : 0.6482"
"11,48 : 0.3821"
"48,11 : 0.3821"
"11,49 : 0.4105"
"49,11 : 0.4105"
"12,13 : 0.2236"
"13,12 : 0.2236"
"12,14 : 0.2846"
"14,12 : 0.2846"
"12,15 : 0.3191"
"15,12 : 0.3191"
"12,16 : 0.4601"
"16,12 : 0.4601"
"12,17 : 0.4187"
"17,12 : 0.4187"
"12,18 : 0.1487"
"18,12 : 0.1487"
"12,19 : 0.3178"
"19,12 : 0.3178"
"12,20 : 0.1118"
"20,12 : 0.1118"
"12,21 : 0.5532"
"21,12 : 0.5532"
"12,22 : 0.454"
"22,12 : 0.454"
"12,23 : 0.6622"
"23,12 : 0.6622"
"12,24 : 0.5903"
"24,12 : 0.5903"
"12,25 : 0.6519"
"25,12 : 0.6519"
"12,26 : 0.2915"
"26,12 : 0.2915"
"12,27 : 0.4741"
"27,12 : 0.4741"
"12,28 : 0.3734"
"28,12 : 0.3734"
"12,29 : 0.6366"
"29,12 : 0.6366"
"12,30 : 0.3985"
"30,12 : 0.3985"
"12,31 : 0.1414"
"31,12 : 0.1414"
"12,32 : 0.5148"
"32,12 : 0.5148"
"12,33 : 0.0943"
"33,12 : 0.0943"
"12,34 : 0.2693"
"34,12 : 0.2693"
"12,35 : 0.4401"
"35,12 : 0.4401"
"12,36 : 0.5247"
"36,12 : 0.5247"
"12,37 : 0.7072"
"37,12 : 0.7072"
"12,38 : 0.2195"
"38,12 : 0.2195"
"12,39 : 0.4941"
"39,12 : 0.4941"
"12,40 : 0.1811"
"40,12 : 0.1811"
"12,41 : 0.6081"
"41,12 : 0.6081"
"12,42 : 0.5597"
"42,12 : 0.5597"
"12,43 : 0.4016"
"43,12 : 0.4016"
"12,44 : 0.5644"
"44,12 : 0.5644"
"12,45 : 0.4653"
"45,12 : 0.4653"
"12,46 : 0.1063"
"46,12 : 0.1063"
"12,47 : 0.1105"
"47,12 : 0.1105"
"12,48 : 0.191"
"48,12 : 0.191"
"12,49 : 0.3901"
"49,12 : 0.3901"
"13,14 : 0.2642"
"14,13 : 0.2642"
"13,15 : 0.507"
"15,13 : 0.507"
"13,16 : 0.37"
"16,13 : 0.37"
"13,17 : 0.5644"
"17,13 : 0.5644"
"13,18 : 0.3585"
"18,13 : 0.3585"
"13,19 : 0.481"
"19,13 : 0.481"
"13,20 : 0.2202"
"20,13 : 0.2202"
"13,21 : 0.7403"
"21,13 : 0.7403"
"13,22 : 0.2508"
"22,13 : 0.2508"
"13,23 : 0.5408"
"23,13 : 0.5408"
"13,24 : 0.4314"
"24,13 : 0.4314"
"13,25 : 0.5263"
"25,13 : 0.5263"
"13,26 : 0.507"
"26,13 : 0.507"
"13,27 : 0.328"
"27,13 : 0.328"
"13,28 : 0.4438"
"28,13 : 0.4438"
"13,29 : 0.4665"
"29,13 : 0.4665"
"13,30 : 0.5404"
"30,13 : 0.5404"
"13,31 : 0.26"
"31,13 : 0.26"
"13,32 : 0.3114"
"32,13 : 0.3114"
"13,33 : 0.2955"
"33,13 : 0.2955"
"13,34 : 0.364"
"34,13 : 0.364"
"13,35 : 0.2759"
"35,13 : 0.2759"
"13,36 : 0.5029"
"36,13 : 0.5029"
"13,37 : 0.5093"
"37,13 : 0.5093"
"13,38 : 0.0762"
"38,13 : 0.0762"
"13,39 : 0.3667"
"39,13 : 0.3667"
"13,40 : 0.3256"
"40,13 : 0.3256"
"13,41 : 0.4429"
"41,13 : 0.4429"
"13,42 : 0.3401"
"42,13 : 0.3401"
"13,43 : 0.6236"
"43,13 : 0.6236"
"13,44 : 0.3413"
"44,13 : 0.3413"
"13,45 : 0.446"
"45,13 : 0.446"
"13,46 : 0.178"
"46,13 : 0.178"
"13,47 : 0.3338"
"47,13 : 0.3338"
"13,48 : 0.1879"
"48,13 : 0.1879"
"13,49 : 0.4876"
"49,13 : 0.4876"
"14,15 : 0.3736"
"15,14 : 0.3736"
"14,16 : 0.6316"
"16,14 : 0.6316"
"14,17 : 0.3635"
"17,14 : 0.3635"
"14,18 : 0.4206"
"18,14 : 0.4206"
"14,19 : 0.6017"
"19,14 : 0.6017"
"14,20 : 0.3722"
"20,14 : 0.3722"
"14,21 : 0.8238"
"21,14 : 0.8238"
"14,22 : 0.4884"
"22,14 : 0.4884"
"14,23 : 0.8045"
"23,14 : 0.8045"
"14,24 : 0.6888"
"24,14 : 0.6888"
"14,25 : 0.3821"
"25,14 : 0.3821"
"14,26 : 0.5404"
"26,14 : 0.5404"
"14,27 : 0.5908"
"27,14 : 0.5908"
"14,28 : 0.6412"
"28,14 : 0.6412"
"14,29 : 0.4072"
"29,14 : 0.4072"
"14,30 : 0.6831"
"30,14 : 0.6831"
"14,31 : 0.1703"
"31,14 : 0.1703"
"14,32 : 0.3606"
"32,14 : 0.3606"
"14,33 : 0.377"
"33,14 : 0.377"
"14,34 : 0.1603"
"34,14 : 0.1603"
"14,35 : 0.536"
"35,14 : 0.536"
"14,36 : 0.2508"
"36,14 : 0.2508"
"14,37 : 0.5142"
"37,14 : 0.5142"
"14,38 : 0.1887"
"38,14 : 0.1887"
"14,39 : 0.2385"
"39,14 : 0.2385"
"14,40 : 0.4632"
"40,14 : 0.4632"
"14,41 : 0.3758"
"41,14 : 0.3758"
"14,42 : 0.4491"
"42,14 : 0.4491"
"14,43 : 0.6172"
"43,14 : 0.6172"
"14,44 : 0.5108"
"44,14 : 0.5108"
"14,45 : 0.191"
"45,14 : 0.191"
"14,46 : 0.3401"
"46,14 : 0.3401"
"14,47 : 0.3441"
"47,14 : 0.3441"
"14,48 : 0.4031"
"48,14 : 0.4031"
"14,49 : 0.6675"
"49,14 : 0.6675"
"15,16 : 0.7762"
"16,15 : 0.7762"
"15,17 : 0.15"
"17,15 : 0.15"
"15,18 : 0.3138"
"18,15 : 0.3138"
"15,19 : 0.4808"
"19,15 : 0.4808"
"15,20 : 0.4187"
"20,15 : 0.4187"
"15,21 : 0.5968"
"21,15 : 0.5968"
"15,22 : 0.7558"
"22,15 : 0.7558"
"15,23 : 0.9801"
"23,15 : 0.9801"
"15,24 : 0.9082"
"24,15 : 0.9082"
"15,25 : 0.7272"
"25,15 : 0.7272"
"15,26 : 0.3206"
"26,15 : 0.3206"
"15,27 : 0.7926"
"27,15 : 0.7926"
"15,28 : 0.6277"
"28,15 : 0.6277"
"15,29 : 0.7783"
"29,15 : 0.7783"
"15,30 : 0.5701"
"30,15 : 0.5701"
"15,31 : 0.2518"
"31,15 : 0.2518"
"15,32 : 0.7244"
"32,15 : 0.7244"
"15,33 : 0.333"
"33,15 : 0.333"
"15,34 : 0.2193"
"34,15 : 0.2193"
"15,35 : 0.7558"
"35,15 : 0.7558"
"15,36 : 0.488"
"36,15 : 0.488"
"15,37 : 0.8877"
"37,15 : 0.8877"
"15,38 : 0.4639"
"38,15 : 0.4639"
"15,39 : 0.6054"
"39,15 : 0.6054"
"15,40 : 0.4301"
"40,15 : 0.4301"
"15,41 : 0.7467"
"41,15 : 0.7467"
"15,42 : 0.8001"
"42,15 : 0.8001"
"15,43 : 0.3195"
"43,15 : 0.3195"
"15,44 : 0.836"
"44,15 : 0.836"
"15,45 : 0.4469"
"45,15 : 0.4469"
"15,46 : 0.4244"
"46,15 : 0.4244"
"15,47 : 0.2408"
"47,15 : 0.2408"
"15,48 : 0.508"
"48,15 : 0.508"
"15,49 : 0.6174"
"49,15 : 0.6174"
"16,17 : 0.8769"
"17,16 : 0.8769"
"16,18 : 0.4966"
"18,16 : 0.4966"
"16,19 : 0.4704"
"19,16 : 0.4704"
"16,20 : 0.3581"
"20,16 : 0.3581"
"16,21 : 0.7086"
"21,16 : 0.7086"
"16,22 : 0.2731"
"22,16 : 0.2731"
"16,23 : 0.2059"
"23,16 : 0.2059"
"16,24 : 0.1965"
"24,16 : 0.1965"
"16,25 : 0.8601"
"25,16 : 0.8601"
"16,26 : 0.6113"
"26,16 : 0.6113"
"16,27 : 0.1204"
"27,16 : 0.1204"
"16,28 : 0.2961"
"28,16 : 0.2961"
"16,29 : 0.7595"
"29,16 : 0.7595"
"16,30 : 0.4653"
"30,16 : 0.4653"
"16,31 : 0.5763"
"31,16 : 0.5763"
"16,32 : 0.5707"
"32,16 : 0.5707"
"16,33 : 0.4528"
"33,16 : 0.4528"
"16,34 : 0.7021"
"34,16 : 0.7021"
"16,35 : 0.1655"
"35,16 : 0.1655"
"16,36 : 0.8728"
"36,16 : 0.8728"
"16,37 : 0.7433"
"37,16 : 0.7433"
"16,38 : 0.446"
"38,16 : 0.446"
"16,39 : 0.7118"
"39,16 : 0.7118"
"16,40 : 0.3828"
"40,16 : 0.3828"
"16,41 : 0.7455"
"41,16 : 0.7455"
"16,42 : 0.5255"
"42,16 : 0.5255"
"16,43 : 0.7422"
"43,16 : 0.7422"
"16,44 : 0.4391"
"44,16 : 0.4391"
"16,45 : 0.816"
"45,16 : 0.816"
"16,46 : 0.3538"
"46,16 : 0.3538"
"16,47 : 0.5408"
"47,16 : 0.5408"
"16,48 : 0.2691"
"48,16 : 0.2691"
"16,49 : 0.359"
"49,16 : 0.359"
"17,18 : 0.4494"
"18,17 : 0.4494"
"17,19 : 0.6259"
"19,17 : 0.6259"
"17,20 : 0.528"
"20,17 : 0.528"
"17,21 : 0.7455"
"21,17 : 0.7455"
"17,22 : 0.8141"
"22,17 : 0.8141"
"17,23 : 1.0756"
"23,17 : 1.0756"
"17,24 : 0.9881"
"24,17 : 0.9881"
"17,25 : 0.6613"
"25,17 : 0.6613"
"17,26 : 0.4704"
"26,17 : 0.4704"
"17,27 : 0.8762"
"27,17 : 0.8762"
"17,28 : 0.7606"
"28,17 : 0.7606"
"17,29 : 0.7398"
"29,17 : 0.7398"
"17,30 : 0.7159"
"30,17 : 0.7159"
"17,31 : 0.3081"
"31,17 : 0.3081"
"17,32 : 0.7234"
"32,17 : 0.7234"
"17,33 : 0.4565"
"33,17 : 0.4565"
"17,34 : 0.2088"
"34,17 : 0.2088"
"17,35 : 0.8323"
"35,17 : 0.8323"
"17,36 : 0.3945"
"36,17 : 0.3945"
"17,37 : 0.8628"
"37,17 : 0.8628"
"17,38 : 0.5057"
"38,17 : 0.5057"
"17,39 : 0.5657"
"39,17 : 0.5657"
"17,40 : 0.559"
"40,17 : 0.559"
"17,41 : 0.7086"
"41,17 : 0.7086"
"17,42 : 0.8122"
"42,17 : 0.8122"
"17,43 : 0.4632"
"43,17 : 0.4632"
"17,44 : 0.8668"
"44,17 : 0.8668"
"17,45 : 0.3677"
"45,17 : 0.3677"
"17,46 : 0.524"
"46,17 : 0.524"
"17,47 : 0.3667"
"47,17 : 0.3667"
"17,48 : 0.6088"
"48,17 : 0.6088"
"17,49 : 0.7561"
"49,17 : 0.7561"
"18,19 : 0.191"
"19,18 : 0.191"
"18,20 : 0.16"
"20,18 : 0.16"
"18,21 : 0.4061"
"21,18 : 0.4061"
"18,22 : 0.5614"
"22,18 : 0.5614"
"18,23 : 0.7021"
"23,18 : 0.7021"
"18,24 : 0.6597"
"24,18 : 0.6597"
"18,25 : 0.7963"
"25,18 : 0.7963"
"18,26 : 0.1487"
"26,18 : 0.1487"
"18,27 : 0.5434"
"27,18 : 0.5434"
"18,28 : 0.3138"
"28,18 : 0.3138"
"18,29 : 0.7852"
"29,18 : 0.7852"
"18,30 : 0.2802"
"30,18 : 0.2802"
"18,31 : 0.2563"
"31,18 : 0.2563"
"18,32 : 0.6604"
"32,18 : 0.6604"
"18,33 : 0.0632"
"33,18 : 0.0632"
"18,34 : 0.3622"
"34,18 : 0.3622"
"18,35 : 0.5235"
"35,18 : 0.5235"
"18,36 : 0.6456"
"36,18 : 0.6456"
"18,37 : 0.8545"
"37,18 : 0.8545"
"18,38 : 0.3662"
"38,18 : 0.3662"
"18,39 : 0.6403"
"39,18 : 0.6403"
"18,40 : 0.1204"
"40,18 : 0.1204"
"18,41 : 0.7566"
"41,18 : 0.7566"
"18,42 : 0.6986"
"42,18 : 0.6986"
"18,43 : 0.2717"
"43,18 : 0.2717"
"18,44 : 0.6912"
"44,18 : 0.6912"
"18,45 : 0.5882"
"45,18 : 0.5882"
"18,46 : 0.1924"
"46,18 : 0.1924"
"18,47 : 0.09"
"47,18 : 0.09"
"18,48 : 0.2518"
"48,18 : 0.2518"
"18,49 : 0.3068"
"49,18 : 0.3068"
"19,20 : 0.2617"
"20,19 : 0.2617"
"19,21 : 0.2642"
"21,19 : 0.2642"
"19,22 : 0.6239"
"22,19 : 0.6239"
"19,23 : 0.661"
"23,19 : 0.661"
"19,24 : 0.6607"
"24,19 : 0.6607"
"19,25 : 0.9675"
"25,19 : 0.9675"
"19,26 : 0.1844"
"26,19 : 0.1844"
"19,27 : 0.5544"
"27,19 : 0.5544"
"19,28 : 0.197"
"28,19 : 0.197"
"19,29 : 0.9386"
"29,19 : 0.9386"
"19,30 : 0.0906"
"30,19 : 0.0906"
"19,31 : 0.4438"
"31,19 : 0.4438"
"19,32 : 0.7925"
"32,19 : 0.7925"
"19,33 : 0.2247"
"33,19 : 0.2247"
"19,34 : 0.5533"
"34,19 : 0.5533"
"19,35 : 0.5554"
"35,19 : 0.5554"
"19,36 : 0.8343"
"36,19 : 0.8343"
"19,37 : 0.9904"
"37,19 : 0.9904"
"19,38 : 0.5122"
"38,19 : 0.5122"
"19,39 : 0.8078"
"39,19 : 0.8078"
"19,40 : 0.1556"
"40,19 : 0.1556"
"19,41 : 0.9121"
"41,19 : 0.9121"
"19,42 : 0.8102"
"42,19 : 0.8102"
"19,43 : 0.2968"
"43,19 : 0.2968"
"19,44 : 0.7783"
"44,19 : 0.7783"
"19,45 : 0.7762"
"45,19 : 0.7762"
"19,46 : 0.3041"
"46,19 : 0.3041"
"19,47 : 0.2807"
"47,19 : 0.2807"
"19,48 : 0.3138"
"48,19 : 0.3138"
"19,49 : 0.1562"
"49,19 : 0.1562"
"20,21 : 0.5201"
"21,20 : 0.5201"
"20,22 : 0.402"
"22,20 : 0.402"
"20,23 : 0.563"
"23,20 : 0.563"
"20,24 : 0.506"
"24,20 : 0.506"
"20,25 : 0.7159"
"25,20 : 0.7159"
"20,26 : 0.3041"
"26,20 : 0.3041"
"20,27 : 0.389"
"27,20 : 0.389"
"20,28 : 0.27"
"28,20 : 0.27"
"20,29 : 0.678"
"29,20 : 0.678"
"20,30 : 0.3276"
"30,20 : 0.3276"
"20,31 : 0.25"
"31,20 : 0.25"
"20,32 : 0.5315"
"32,20 : 0.5315"
"20,33 : 0.102"
"33,20 : 0.102"
"20,34 : 0.3795"
"34,20 : 0.3795"
"20,35 : 0.365"
"35,20 : 0.365"
"20,36 : 0.6203"
"36,20 : 0.6203"
"20,37 : 0.7292"
"37,20 : 0.7292"
"20,38 : 0.2524"
"38,20 : 0.2524"
"20,39 : 0.5546"
"39,20 : 0.5546"
"20,40 : 0.1063"
"40,20 : 0.1063"
"20,41 : 0.6522"
"41,20 : 0.6522"
"20,42 : 0.5557"
"42,20 : 0.5557"
"20,43 : 0.431"
"43,20 : 0.431"
"20,44 : 0.5376"
"44,20 : 0.5376"
"20,45 : 0.5604"
"45,20 : 0.5604"
"20,46 : 0.0424"
"46,20 : 0.0424"
"20,47 : 0.1836"
"47,20 : 0.1836"
"20,48 : 0.0949"
"48,20 : 0.0949"
"20,49 : 0.2961"
"49,20 : 0.2961"
"21,22 : 0.8864"
"22,21 : 0.8864"
"21,23 : 0.8801"
"23,21 : 0.8801"
"21,24 : 0.9043"
"24,21 : 0.9043"
"21,25 : 1.2021"
"25,21 : 1.2021"
"21,26 : 0.2915"
"26,21 : 0.2915"
"21,27 : 0.8052"
"27,21 : 0.8052"
"21,28 : 0.413"
"28,21 : 0.413"
"21,29 : 1.1883"
"29,21 : 1.1883"
"21,30 : 0.2433"
"30,21 : 0.2433"
"21,31 : 0.6551"
"31,21 : 0.6551"
"21,32 : 1.0512"
"32,21 : 1.0512"
"21,33 : 0.4601"
"33,21 : 0.4601"
"21,34 : 0.7393"
"34,21 : 0.7393"
"21,35 : 0.8127"
"35,21 : 0.8127"
"21,36 : 1.0337"
"36,21 : 1.0337"
"21,37 : 1.2484"
"37,21 : 1.2484"
"21,38 : 0.7638"
"38,21 : 0.7638"
"21,39 : 1.0464"
"39,21 : 1.0464"
"21,40 : 0.4162"
"40,21 : 0.4162"
"21,41 : 1.1604"
"41,21 : 1.1604"
"21,42 : 1.0734"
"42,21 : 1.0734"
"21,43 : 0.2907"
"43,21 : 0.2907"
"21,44 : 1.0424"
"44,21 : 1.0424"
"21,45 : 0.9794"
"45,21 : 0.9794"
"21,46 : 0.5622"
"46,21 : 0.5622"
"21,47 : 0.4802"
"47,21 : 0.4802"
"21,48 : 0.578"
"48,21 : 0.578"
"21,49 : 0.3513"
"49,21 : 0.3513"
"22,23 : 0.3569"
"23,22 : 0.3569"
"22,24 : 0.2154"
"24,22 : 0.2154"
"22,25 : 0.6181"
"25,22 : 0.6181"
"22,26 : 0.7058"
"26,22 : 0.7058"
"22,27 : 0.1628"
"27,22 : 0.1628"
"22,28 : 0.5061"
"28,22 : 0.5061"
"22,29 : 0.5001"
"29,22 : 0.5001"
"22,30 : 0.6537"
"30,22 : 0.6537"
"22,31 : 0.5108"
"31,22 : 0.5108"
"22,32 : 0.31"
"32,22 : 0.31"
"22,33 : 0.5004"
"33,22 : 0.5004"
"22,34 : 0.6106"
"34,22 : 0.6106"
"22,35 : 0.1077"
"35,22 : 0.1077"
"22,36 : 0.6934"
"36,22 : 0.6934"
"22,37 : 0.4713"
"37,22 : 0.4713"
"22,38 : 0.3106"
"38,22 : 0.3106"
"22,39 : 0.487"
"39,22 : 0.487"
"22,40 : 0.4851"
"40,22 : 0.4851"
"22,41 : 0.4904"
"41,22 : 0.4904"
"22,42 : 0.253"
"42,22 : 0.253"
"22,43 : 0.8329"
"43,22 : 0.8329"
"22,44 : 0.1703"
"44,22 : 0.1703"
"22,45 : 0.644"
"45,22 : 0.644"
"22,46 : 0.3701"
"46,22 : 0.3701"
"22,47 : 0.5622"
"47,22 : 0.5622"
"22,48 : 0.3178"
"48,22 : 0.3178"
"22,49 : 0.5661"
"49,22 : 0.5661"
"23,24 : 0.1503"
"24,23 : 0.1503"
"23,25 : 0.9749"
"25,23 : 0.9749"
"23,26 : 0.8127"
"26,23 : 0.8127"
"23,27 : 0.2147"
"27,23 : 0.2147"
"23,28 : 0.4717"
"28,23 : 0.4717"
"23,29 : 0.8521"
"29,23 : 0.8521"
"23,30 : 0.6407"
"30,23 : 0.6407"
"23,31 : 0.7708"
"31,23 : 0.7708"
"23,32 : 0.6637"
"32,23 : 0.6637"
"23,33 : 0.6586"
"33,23 : 0.6586"
"23,34 : 0.8927"
"34,23 : 0.8927"
"23,35 : 0.2731"
"35,23 : 0.2731"
"23,36 : 1.0332"
"36,23 : 1.0332"
"23,37 : 0.8031"
"37,23 : 0.8031"
"23,38 : 0.6159"
"38,23 : 0.6159"
"23,39 : 0.842"
"39,23 : 0.842"
"23,40 : 0.5869"
"40,23 : 0.5869"
"23,41 : 0.8448"
"41,23 : 0.8448"
"23,42 : 0.5901"
"42,23 : 0.5901"
"23,43 : 0.9425"
"43,23 : 0.9425"
"23,44 : 0.4817"
"44,23 : 0.4817"
"23,45 : 0.9795"
"45,23 : 0.9795"
"23,46 : 0.5561"
"46,23 : 0.5561"
"23,47 : 0.7463"
"47,23 : 0.7463"
"23,48 : 0.472"
"48,23 : 0.472"
"23,49 : 0.5304"
"49,23 : 0.5304"
"24,25 : 0.8298"
"25,24 : 0.8298"
"24,26 : 0.7877"
"26,24 : 0.7877"
"24,27 : 0.117"
"27,24 : 0.117"
"24,28 : 0.4924"
"28,24 : 0.4924"
"24,29 : 0.7035"
"29,24 : 0.7035"
"24,30 : 0.661"
"30,24 : 0.661"
"24,31 : 0.6801"
"31,24 : 0.6801"
"24,32 : 0.5162"
"32,24 : 0.5162"
"24,33 : 0.6073"
"33,24 : 0.6073"
"24,34 : 0.794"
"34,24 : 0.794"
"24,35 : 0.1562"
"35,24 : 0.1562"
"24,36 : 0.9055"
"36,24 : 0.9055"
"24,37 : 0.6528"
"37,24 : 0.6528"
"24,38 : 0.5025"
"38,24 : 0.5025"
"24,39 : 0.7023"
"39,24 : 0.7023"
"24,40 : 0.5558"
"40,24 : 0.5558"
"24,41 : 0.6972"
"41,24 : 0.6972"
"24,42 : 0.44"
"42,24 : 0.44"
"24,43 : 0.9192"
"43,24 : 0.9192"
"24,44 : 0.3314"
"44,24 : 0.3314"
"24,45 : 0.8544"
"45,24 : 0.8544"
"24,46 : 0.4885"
"46,24 : 0.4885"
"24,47 : 0.6871"
"47,24 : 0.6871"
"24,48 : 0.4111"
"48,24 : 0.4111"
"24,49 : 0.5554"
"49,24 : 0.5554"
"25,26 : 0.922"
"26,25 : 0.922"
"25,27 : 0.7732"
"27,25 : 0.7732"
"25,28 : 0.9677"
"28,25 : 0.9677"
"25,29 : 0.1556"
"29,25 : 0.1556"
"25,30 : 1.042"
"30,25 : 1.042"
"25,31 : 0.5523"
"31,25 : 0.5523"
"25,32 : 0.3162"
"32,25 : 0.3162"
"25,33 : 0.7463"
"33,25 : 0.7463"
"25,34 : 0.5104"
"34,25 : 0.5104"
"25,35 : 0.7125"
"35,25 : 0.7125"
"25,36 : 0.2816"
"36,25 : 0.2816"
"25,37 : 0.2884"
"37,25 : 0.2884"
"25,38 : 0.4682"
"38,25 : 0.4682"
"25,39 : 0.1616"
"39,25 : 0.1616"
"25,40 : 0.8184"
"40,25 : 0.8184"
"25,41 : 0.1442"
"41,25 : 0.1442"
"25,42 : 0.4115"
"42,25 : 0.4115"
"25,43 : 0.9976"
"43,25 : 0.9976"
"25,44 : 0.5239"
"44,25 : 0.5239"
"25,45 : 0.2941"
"45,25 : 0.2941"
"25,46 : 0.6762"
"46,25 : 0.6762"
"25,47 : 0.7247"
"47,25 : 0.7247"
"25,48 : 0.7117"
"48,25 : 0.7117"
"25,49 : 1.0066"
"49,25 : 1.0066"
"26,27 : 0.6736"
"27,26 : 0.6736"
"26,28 : 0.372"
"28,26 : 0.372"
"26,29 : 0.9231"
"29,26 : 0.9231"
"26,30 : 0.2642"
"30,26 : 0.2642"
"26,31 : 0.3701"
"31,26 : 0.3701"
"26,32 : 0.8062"
"32,26 : 0.8062"
"26,33 : 0.2119"
"33,26 : 0.2119"
"26,34 : 0.4478"
"34,26 : 0.4478"
"26,35 : 0.6601"
"35,26 : 0.6601"
"26,36 : 0.7425"
"36,26 : 0.7425"
"26,37 : 0.9986"
"37,26 : 0.9986"
"26,38 : 0.5111"
"38,26 : 0.5111"
"26,39 : 0.7708"
"39,26 : 0.7708"
"26,40 : 0.2319"
"40,26 : 0.2319"
"26,41 : 0.8938"
"41,26 : 0.8938"
"26,42 : 0.8469"
"42,26 : 0.8469"
"26,43 : 0.1315"
"43,26 : 0.1315"
"26,44 : 0.8393"
"44,26 : 0.8393"
"26,45 : 0.6888"
"45,26 : 0.6888"
"26,46 : 0.3396"
"46,26 : 0.3396"
"26,47 : 0.198"
"47,26 : 0.198"
"26,48 : 0.3905"
"48,26 : 0.3905"
"26,49 : 0.3394"
"49,26 : 0.3394"
"27,28 : 0.3992"
"28,27 : 0.3992"
"27,29 : 0.6612"
"29,27 : 0.6612"
"27,30 : 0.5632"
"30,27 : 0.5632"
"27,31 : 0.5685"
"31,27 : 0.5685"
"27,32 : 0.471"
"32,27 : 0.471"
"27,33 : 0.4904"
"33,27 : 0.4904"
"27,34 : 0.6859"
"34,27 : 0.6859"
"27,35 : 0.0608"
"35,27 : 0.0608"
"27,36 : 0.8186"
"36,27 : 0.8186"
"27,37 : 0.6332"
"37,27 : 0.6332"
"27,38 : 0.4022"
"38,27 : 0.4022"
"27,39 : 0.6335"
"39,27 : 0.6335"
"27,40 : 0.4418"
"40,27 : 0.4418"
"27,41 : 0.6501"
"41,27 : 0.6501"
"27,42 : 0.4148"
"42,27 : 0.4148"
"27,43 : 0.805"
"43,27 : 0.805"
"27,44 : 0.322"
"44,27 : 0.322"
"27,45 : 0.7648"
"45,27 : 0.7648"
"27,46 : 0.3716"
"46,27 : 0.3716"
"27,47 : 0.5701"
"47,27 : 0.5701"
"27,48 : 0.2941"
"48,27 : 0.2941"
"27,49 : 0.4624"
"49,27 : 0.4624"
"28,29 : 0.9079"
"29,28 : 0.9079"
"28,30 : 0.1703"
"30,28 : 0.1703"
"28,31 : 0.5148"
"31,28 : 0.5148"
"28,32 : 0.7378"
"32,28 : 0.7378"
"28,33 : 0.3068"
"33,28 : 0.3068"
"28,34 : 0.6413"
"34,28 : 0.6413"
"28,35 : 0.4168"
"35,28 : 0.4168"
"28,36 : 0.8902"
"36,28 : 0.8902"
"28,37 : 0.9323"
"37,28 : 0.9323"
"28,38 : 0.5"
"38,28 : 0.5"
"28,39 : 0.8065"
"39,28 : 0.8065"
"28,40 : 0.2025"
"40,28 : 0.2025"
"28,41 : 0.8857"
"41,28 : 0.8857"
"28,42 : 0.73"
"42,28 : 0.73"
"28,43 : 0.4924"
"43,28 : 0.4924"
"28,44 : 0.6736"
"44,28 : 0.6736"
"28,45 : 0.8302"
"45,28 : 0.8302"
"28,46 : 0.3015"
"46,28 : 0.3015"
"28,47 : 0.394"
"47,28 : 0.394"
"28,48 : 0.2563"
"48,28 : 0.2563"
"28,49 : 0.0632"
"49,28 : 0.0632"
"29,30 : 1.0044"
"30,29 : 1.0044"
"29,31 : 0.566"
"31,29 : 0.566"
"29,32 : 0.1903"
"32,29 : 0.1903"
"29,33 : 0.7284"
"33,29 : 0.7284"
"29,34 : 0.5597"
"34,29 : 0.5597"
"29,35 : 0.6021"
"35,29 : 0.6021"
"29,36 : 0.3981"
"36,29 : 0.3981"
"29,37 : 0.1393"
"37,29 : 0.1393"
"29,38 : 0.4264"
"38,29 : 0.4264"
"29,39 : 0.1746"
"39,29 : 0.1746"
"29,40 : 0.7841"
"40,29 : 0.7841"
"29,41 : 0.0316"
"41,29 : 0.0316"
"29,42 : 0.2693"
"42,29 : 0.2693"
"29,43 : 1.0151"
"43,29 : 1.0151"
"29,44 : 0.3833"
"44,29 : 0.3833"
"29,45 : 0.3905"
"45,29 : 0.3905"
"29,46 : 0.636"
"46,29 : 0.636"
"29,47 : 0.7262"
"47,29 : 0.7262"
"29,48 : 0.6537"
"48,29 : 0.6537"
"29,49 : 0.9538"
"49,29 : 0.9538"
"30,31 : 0.5295"
"31,30 : 0.5295"
"30,32 : 0.8496"
"32,30 : 0.8496"
"30,33 : 0.3081"
"33,30 : 0.3081"
"30,34 : 0.642"
"34,30 : 0.642"
"30,35 : 0.5738"
"35,30 : 0.5738"
"30,36 : 0.9198"
"36,30 : 0.9198"
"30,37 : 1.0474"
"37,30 : 1.0474"
"30,38 : 0.5798"
"38,30 : 0.5798"
"30,39 : 0.8812"
"39,30 : 0.8812"
"30,40 : 0.2236"
"40,30 : 0.2236"
"30,41 : 0.9791"
"41,30 : 0.9791"
"30,42 : 0.858"
"42,30 : 0.858"
"30,43 : 0.3607"
"43,30 : 0.3607"
"30,44 : 0.8154"
"44,30 : 0.8154"
"30,45 : 0.8612"
"45,30 : 0.8612"
"30,46 : 0.3689"
"46,30 : 0.3689"
"30,47 : 0.3701"
"47,30 : 0.3701"
"30,48 : 0.3607"
"48,30 : 0.3607"
"30,49 : 0.1105"
"49,30 : 0.1105"
"31,32 : 0.4827"
"32,31 : 0.4827"
"31,33 : 0.222"
"33,31 : 0.222"
"31,34 : 0.13"
"34,31 : 0.13"
"31,35 : 0.5243"
"35,31 : 0.5243"
"31,36 : 0.3905"
"36,31 : 0.3905"
"31,37 : 0.6592"
"37,31 : 0.6592"
"31,38 : 0.2121"
"38,31 : 0.2121"
"31,39 : 0.4046"
"39,31 : 0.4046"
"31,40 : 0.32"
"40,31 : 0.32"
"31,41 : 0.5354"
"41,31 : 0.5354"
"31,42 : 0.5515"
"42,31 : 0.5515"
"31,43 : 0.45"
"43,31 : 0.45"
"31,44 : 0.5842"
"44,31 : 0.5842"
"31,45 : 0.3324"
"45,31 : 0.3324"
"31,46 : 0.2326"
"46,31 : 0.2326"
"31,47 : 0.1749"
"47,31 : 0.1749"
"31,48 : 0.3138"
"48,31 : 0.3138"
"31,49 : 0.5301"
"49,31 : 0.5301"
"32,33 : 0.5991"
"33,32 : 0.5991"
"32,34 : 0.5201"
"34,32 : 0.5201"
"32,35 : 0.4119"
"35,32 : 0.4119"
"32,36 : 0.4662"
"36,32 : 0.4662"
"32,37 : 0.198"
"37,32 : 0.198"
"32,38 : 0.2953"
"38,32 : 0.2953"
"32,39 : 0.2193"
"39,32 : 0.2193"
"32,40 : 0.637"
"40,32 : 0.637"
"32,41 : 0.1811"
"41,32 : 0.1811"
"32,42 : 0.1063"
"42,32 : 0.1063"
"32,43 : 0.9129"
"43,32 : 0.9129"
"32,44 : 0.211"
"44,32 : 0.211"
"32,45 : 0.4342"
"45,32 : 0.4342"
"32,46 : 0.4892"
"46,32 : 0.4892"
"32,47 : 0.6174"
"47,32 : 0.6174"
"32,48 : 0.4904"
"48,32 : 0.4904"
"32,49 : 0.7882"
"49,32 : 0.7882"
"33,34 : 0.3406"
"34,33 : 0.3406"
"33,35 : 0.4669"
"35,33 : 0.4669"
"33,36 : 0.6119"
"36,33 : 0.6119"
"33,37 : 0.794"
"37,33 : 0.794"
"33,38 : 0.3061"
"38,33 : 0.3061"
"33,39 : 0.5882"
"39,33 : 0.5882"
"33,40 : 0.1044"
"40,33 : 0.1044"
"33,41 : 0.7004"
"41,33 : 0.7004"
"33,42 : 0.6356"
"42,33 : 0.6356"
"33,43 : 0.3338"
"43,33 : 0.3338"
"33,44 : 0.6282"
"44,33 : 0.6282"
"33,45 : 0.5532"
"45,33 : 0.5532"
"33,46 : 0.1304"
"46,33 : 0.1304"
"33,47 : 0.0922"
"47,33 : 0.0922"
"33,48 : 0.1965"
"48,33 : 0.1965"
"33,49 : 0.3126"
"49,33 : 0.3126"
"34,35 : 0.6378"
"35,34 : 0.6378"
"34,36 : 0.2953"
"36,34 : 0.2953"
"34,37 : 0.6727"
"37,34 : 0.6727"
"34,38 : 0.3002"
"38,34 : 0.3002"
"34,39 : 0.3863"
"39,34 : 0.3863"
"34,40 : 0.4428"
"40,34 : 0.4428"
"34,41 : 0.5281"
"41,34 : 0.5281"
"34,42 : 0.6053"
"42,34 : 0.6053"
"34,43 : 0.4982"
"43,34 : 0.4982"
"34,44 : 0.658"
"44,34 : 0.658"
"34,45 : 0.2441"
"45,34 : 0.2441"
"34,46 : 0.3625"
"46,34 : 0.3625"
"34,47 : 0.2729"
"47,34 : 0.2729"
"34,48 : 0.4429"
"48,34 : 0.4429"
"34,49 : 0.6528"
"49,34 : 0.6528"
"35,36 : 0.7603"
"36,35 : 0.7603"
"35,37 : 0.5787"
"37,35 : 0.5787"
"35,38 : 0.3483"
"38,35 : 0.3483"
"35,39 : 0.5727"
"39,35 : 0.5727"
"35,40 : 0.4305"
"40,35 : 0.4305"
"35,41 : 0.5903"
"41,35 : 0.5903"
"35,42 : 0.3606"
"42,35 : 0.3606"
"35,43 : 0.7906"
"43,35 : 0.7906"
"35,44 : 0.2746"
"44,35 : 0.2746"
"35,45 : 0.7071"
"45,35 : 0.7071"
"35,46 : 0.3421"
"46,35 : 0.3421"
"35,47 : 0.5412"
"47,35 : 0.5412"
"35,48 : 0.2717"
"48,35 : 0.2717"
"35,49 : 0.4789"
"49,35 : 0.4789"
"36,37 : 0.536"
"37,36 : 0.536"
"36,38 : 0.4272"
"38,36 : 0.4272"
"36,39 : 0.2506"
"39,36 : 0.2506"
"36,40 : 0.7058"
"40,36 : 0.7058"
"36,41 : 0.3711"
"41,36 : 0.3711"
"36,42 : 0.572"
"42,36 : 0.572"
"36,43 : 0.7906"
"43,36 : 0.7906"
"36,44 : 0.6653"
"44,36 : 0.6653"
"36,45 : 0.06"
"45,36 : 0.06"
"36,46 : 0.5901"
"46,36 : 0.5901"
"36,47 : 0.5597"
"47,36 : 0.5597"
"36,48 : 0.6538"
"48,36 : 0.6538"
"36,49 : 0.9135"
"49,36 : 0.9135"
"37,38 : 0.4883"
"38,37 : 0.4883"
"37,39 : 0.3002"
"39,37 : 0.3002"
"37,40 : 0.8349"
"40,37 : 0.8349"
"37,41 : 0.1649"
"41,37 : 0.1649"
"37,42 : 0.2184"
"42,37 : 0.2184"
"37,43 : 1.1006"
"43,37 : 1.1006"
"37,44 : 0.3214"
"44,37 : 0.3214"
"37,45 : 0.5247"
"45,37 : 0.5247"
"37,46 : 0.6868"
"46,37 : 0.6868"
"37,47 : 0.8062"
"47,37 : 0.8062"
"37,48 : 0.6877"
"48,37 : 0.6877"
"37,49 : 0.9841"
"49,37 : 0.9841"
"38,39 : 0.3068"
"39,38 : 0.3068"
"38,40 : 0.3581"
"40,38 : 0.3581"
"38,41 : 0.4"
"41,38 : 0.4"
"38,42 : 0.3471"
"42,38 : 0.3471"
"38,43 : 0.6185"
"43,38 : 0.6185"
"38,44 : 0.3722"
"44,38 : 0.3722"
"38,45 : 0.37"
"45,38 : 0.37"
"38,46 : 0.211"
"46,38 : 0.211"
"38,47 : 0.3231"
"47,38 : 0.3231"
"38,48 : 0.2452"
"48,38 : 0.2452"
"38,49 : 0.5385"
"49,38 : 0.5385"
"39,40 : 0.6576"
"40,39 : 0.6576"
"39,41 : 0.1432"
"41,39 : 0.1432"
"39,42 : 0.3256"
"42,39 : 0.3256"
"39,43 : 0.8543"
"43,39 : 0.8543"
"39,44 : 0.4264"
"44,39 : 0.4264"
"39,45 : 0.228"
"45,39 : 0.228"
"39,46 : 0.5148"
"46,39 : 0.5148"
"39,47 : 0.5728"
"47,39 : 0.5728"
"39,48 : 0.5508"
"48,39 : 0.5508"
"39,49 : 0.845"
"49,39 : 0.845"
"40,41 : 0.758"
"41,40 : 0.758"
"40,42 : 0.6573"
"42,40 : 0.6573"
"40,43 : 0.3635"
"43,40 : 0.3635"
"40,44 : 0.6316"
"44,40 : 0.6316"
"40,45 : 0.6463"
"45,40 : 0.6463"
"40,46 : 0.1487"
"46,40 : 0.1487"
"40,47 : 0.1924"
"47,40 : 0.1924"
"40,48 : 0.1676"
"48,40 : 0.1676"
"40,49 : 0.2102"
"49,40 : 0.2102"
"41,42 : 0.2693"
"42,41 : 0.2693"
"41,43 : 0.9847"
"43,41 : 0.9847"
"41,44 : 0.3828"
"44,41 : 0.3828"
"41,45 : 0.3612"
"45,41 : 0.3612"
"41,46 : 0.6103"
"46,41 : 0.6103"
"41,47 : 0.6966"
"47,41 : 0.6966"
"41,48 : 0.6306"
"48,41 : 0.6306"
"41,49 : 0.9306"
"49,41 : 0.9306"
"42,43 : 0.9614"
"43,42 : 0.9614"
"42,44 : 0.114"
"44,42 : 0.114"
"42,45 : 0.5385"
"45,42 : 0.5385"
"42,46 : 0.5148"
"46,42 : 0.5148"
"42,47 : 0.6676"
"47,42 : 0.6676"
"42,48 : 0.4982"
