x,y
0.88,0.32
0.31,0.96
0.58,0.38
0.4,0.78
0.61,0.74
0.98,0.45
0.03,1.0
0.19,0.87
0.17,0.19
0.7,0.71
0.6,0.29
0.94,0.59
0.37,0.84
0.4,0.03
0.34,0.28
0.23,0.68
0.32,0.94
0.27,0.29
0.39,0.25
0.57,0.13
0.82,0.64
0.7,0.31
0.13,0.58
0.79,0.56
0.29,0.43
0.21,0.22
0.5,0.22
0.36,0.24
0.96,0.22
0.3,0.51
0.26,0.89
0.18,0.88
0.67,0.35
0.75,0.62
0.67,0.53
0.64,0.16
0.06,0.41
0.01,0.05
0.0,0.15
0.57,0.73
0.76,0.2
0.94,0.34
0.82,0.38
0.71,0.14
0.32,0.57
0.61,0.7
0.14,0.88
0.48,0.51
0.52,0.85
0.46,0.97

Distanze
"0,1 : 0.857"
"1,0 : 0.857"
"0,2 : 0.3059"
"2,0 : 0.3059"
"0,3 : 0.6648"
"3,0 : 0.6648"
"0,4 : 0.4993"
"4,0 : 0.4993"
"0,5 : 0.164"
"5,0 : 0.164"
"0,6 : 1.0885"
"6,0 : 1.0885"
"0,7 : 0.8824"
"7,0 : 0.8824"
"0,8 : 0.7218"
"8,0 : 0.7218"
"0,9 : 0.4295"
"9,0 : 0.4295"
"0,10 : 0.2816"
"10,0 : 0.2816"
"0,11 : 0.2766"
"11,0 : 0.2766"
"0,12 : 0.7284"
"12,0 : 0.7284"
"0,13 : 0.5608"
"13,0 : 0.5608"
"0,14 : 0.5415"
"14,0 : 0.5415"
"0,15 : 0.743"
"15,0 : 0.743"
"0,16 : 0.8355"
"16,0 : 0.8355"
"0,17 : 0.6107"
"17,0 : 0.6107"
"0,18 : 0.495"
"18,0 : 0.495"
"0,19 : 0.3636"
"19,0 : 0.3636"
"0,20 : 0.3256"
"20,0 : 0.3256"
"0,21 : 0.1803"
"21,0 : 0.1803"
"0,22 : 0.7938"
"22,0 : 0.7938"
"0,23 : 0.2563"
"23,0 : 0.2563"
"0,24 : 0.6002"
"24,0 : 0.6002"
"0,25 : 0.6774"
"25,0 : 0.6774"
"0,26 : 0.3929"
"26,0 : 0.3929"
"0,27 : 0.5261"
"27,0 : 0.5261"
"0,28 : 0.1281"
"28,0 : 0.1281"
"0,29 : 0.6103"
"29,0 : 0.6103"
"0,30 : 0.8422"
"30,0 : 0.8422"
"0,31 : 0.8964"
"31,0 : 0.8964"
"0,32 : 0.2121"
"32,0 : 0.2121"
"0,33 : 0.327"
"33,0 : 0.327"
"0,34 : 0.297"
"34,0 : 0.297"
"0,35 : 0.2884"
"35,0 : 0.2884"
"0,36 : 0.8249"
"36,0 : 0.8249"
"0,37 : 0.9109"
"37,0 : 0.9109"
"0,38 : 0.8963"
"38,0 : 0.8963"
"0,39 : 0.514"
"39,0 : 0.514"
"0,40 : 0.1697"
"40,0 : 0.1697"
"0,41 : 0.0632"
"41,0 : 0.0632"
"0,42 : 0.0849"
"42,0 : 0.0849"
"0,43 : 0.2476"
"43,0 : 0.2476"
"0,44 : 0.6133"
"44,0 : 0.6133"
"0,45 : 0.4662"
"45,0 : 0.4662"
"0,46 : 0.928"
"46,0 : 0.928"
"0,47 : 0.4428"
"47,0 : 0.4428"
"0,48 : 0.6407"
"48,0 : 0.6407"
"0,49 : 0.7739"
"49,0 : 0.7739"
"1,2 : 0.6398"
"2,1 : 0.6398"
"1,3 : 0.2012"
"3,1 : 0.2012"
"1,4 : 0.372"
"4,1 : 0.372"
"1,5 : 0.842"
"5,1 : 0.842"
"1,6 : 0.2828"
"6,1 : 0.2828"
"1,7 : 0.15"
"7,1 : 0.15"
"1,8 : 0.7826"
"8,1 : 0.7826"
"1,9 : 0.4632"
"9,1 : 0.4632"
"1,10 : 0.7301"
"10,1 : 0.7301"
"1,11 : 0.7306"
"11,1 : 0.7306"
"1,12 : 0.1342"
"12,1 : 0.1342"
"1,13 : 0.9343"
"13,1 : 0.9343"
"1,14 : 0.6807"
"14,1 : 0.6807"
"1,15 : 0.2912"
"15,1 : 0.2912"
"1,16 : 0.0224"
"16,1 : 0.0224"
"1,17 : 0.6712"
"17,1 : 0.6712"
"1,18 : 0.7145"
"18,1 : 0.7145"
"1,19 : 0.8698"
"19,1 : 0.8698"
"1,20 : 0.6021"
"20,1 : 0.6021"
"1,21 : 0.758"
"21,1 : 0.758"
"1,22 : 0.4205"
"22,1 : 0.4205"
"1,23 : 0.6248"
"23,1 : 0.6248"
"1,24 : 0.5304"
"24,1 : 0.5304"
"1,25 : 0.7467"
"25,1 : 0.7467"
"1,26 : 0.764"
"26,1 : 0.764"
"1,27 : 0.7217"
"27,1 : 0.7217"
"1,28 : 0.9849"
"28,1 : 0.9849"
"1,29 : 0.4501"
"29,1 : 0.4501"
"1,30 : 0.086"
"30,1 : 0.086"
"1,31 : 0.1526"
"31,1 : 0.1526"
"1,32 : 0.7083"
"32,1 : 0.7083"
"1,33 : 0.5561"
"33,1 : 0.5561"
"1,34 : 0.5608"
"34,1 : 0.5608"
"1,35 : 0.8654"
"35,1 : 0.8654"
"1,36 : 0.6042"
"36,1 : 0.6042"
"1,37 : 0.9582"
"37,1 : 0.9582"
"1,38 : 0.8673"
"38,1 : 0.8673"
"1,39 : 0.3471"
"39,1 : 0.3471"
"1,40 : 0.8832"
"40,1 : 0.8832"
"1,41 : 0.8839"
"41,1 : 0.8839"
"1,42 : 0.7723"
"42,1 : 0.7723"
"1,43 : 0.9124"
"43,1 : 0.9124"
"1,44 : 0.3901"
"44,1 : 0.3901"
"1,45 : 0.397"
"45,1 : 0.397"
"1,46 : 0.1879"
"46,1 : 0.1879"
"1,47 : 0.481"
"47,1 : 0.481"
"1,48 : 0.2371"
"48,1 : 0.2371"
"1,49 : 0.1503"
"49,1 : 0.1503"
"2,3 : 0.4386"
"3,2 : 0.4386"
"2,4 : 0.3612"
"4,2 : 0.3612"
"2,5 : 0.4061"
"5,2 : 0.4061"
"2,6 : 0.8288"
"6,2 : 0.8288"
"2,7 : 0.6263"
"7,2 : 0.6263"
"2,8 : 0.4519"
"8,2 : 0.4519"
"2,9 : 0.3511"
"9,2 : 0.3511"
"2,10 : 0.0922"
"10,2 : 0.0922"
"2,11 : 0.4168"
"11,2 : 0.4168"
"2,12 : 0.5057"
"12,2 : 0.5057"
"2,13 : 0.3936"
"13,2 : 0.3936"
"2,14 : 0.26"
"14,2 : 0.26"
"2,15 : 0.461"
"15,2 : 0.461"
"2,16 : 0.6174"
"16,2 : 0.6174"
"2,17 : 0.3228"
"17,2 : 0.3228"
"2,18 : 0.2302"
"18,2 : 0.2302"
"2,19 : 0.2502"
"19,2 : 0.2502"
"2,20 : 0.3538"
"20,2 : 0.3538"
"2,21 : 0.1389"
"21,2 : 0.1389"
"2,22 : 0.4924"
"22,2 : 0.4924"
"2,23 : 0.2766"
"23,2 : 0.2766"
"2,24 : 0.2943"
"24,2 : 0.2943"
"2,25 : 0.4031"
"25,2 : 0.4031"
"2,26 : 0.1789"
"26,2 : 0.1789"
"2,27 : 0.2608"
"27,2 : 0.2608"
"2,28 : 0.4123"
"28,2 : 0.4123"
"2,29 : 0.3087"
"29,2 : 0.3087"
"2,30 : 0.6021"
"30,2 : 0.6021"
"2,31 : 0.6403"
"31,2 : 0.6403"
"2,32 : 0.0949"
"32,2 : 0.0949"
"2,33 : 0.2941"
"33,2 : 0.2941"
"2,34 : 0.1749"
"34,2 : 0.1749"
"2,35 : 0.228"
"35,2 : 0.228"
"2,36 : 0.5209"
"36,2 : 0.5209"
"2,37 : 0.6586"
"37,2 : 0.6586"
"2,38 : 0.6239"
"38,2 : 0.6239"
"2,39 : 0.3501"
"39,2 : 0.3501"
"2,40 : 0.2546"
"40,2 : 0.2546"
"2,41 : 0.3622"
"41,2 : 0.3622"
"2,42 : 0.24"
"42,2 : 0.24"
"2,43 : 0.2729"
"43,2 : 0.2729"
"2,44 : 0.322"
"44,2 : 0.322"
"2,45 : 0.3214"
"45,2 : 0.3214"
"2,46 : 0.666"
"46,2 : 0.666"
"2,47 : 0.164"
"47,2 : 0.164"
"2,48 : 0.4738"
"48,2 : 0.4738"
"2,49 : 0.6021"
"49,2 : 0.6021"
"3,4 : 0.2138"
"4,3 : 0.2138"
"3,5 : 0.6673"
"5,3 : 0.6673"
"3,6 : 0.4305"
"6,3 : 0.4305"
"3,7 : 0.2285"
"7,3 : 0.2285"
"3,8 : 0.6332"
"8,3 : 0.6332"
"3,9 : 0.3081"
"9,3 : 0.3081"
"3,10 : 0.5292"
"10,3 : 0.5292"
"3,11 : 0.5725"
"11,3 : 0.5725"
"3,12 : 0.0671"
"12,3 : 0.0671"
"3,13 : 0.75"
"13,3 : 0.75"
"3,14 : 0.5036"
"14,3 : 0.5036"
"3,15 : 0.1972"
"15,3 : 0.1972"
"3,16 : 0.1789"
"16,3 : 0.1789"
"3,17 : 0.507"
"17,3 : 0.507"
"3,18 : 0.5301"
"18,3 : 0.5301"
"3,19 : 0.6719"
"19,3 : 0.6719"
"3,20 : 0.4427"
"20,3 : 0.4427"
"3,21 : 0.5576"
"21,3 : 0.5576"
"3,22 : 0.336"
"22,3 : 0.336"
"3,23 : 0.4478"
"23,3 : 0.4478"
"3,24 : 0.3669"
"24,3 : 0.3669"
"3,25 : 0.5914"
"25,3 : 0.5914"
"3,26 : 0.5689"
"26,3 : 0.5689"
"3,27 : 0.5415"
"27,3 : 0.5415"
"3,28 : 0.792"
"28,3 : 0.792"
"3,29 : 0.2879"
"29,3 : 0.2879"
"3,30 : 0.178"
"30,3 : 0.178"
"3,31 : 0.2417"
"31,3 : 0.2417"
"3,32 : 0.5077"
"32,3 : 0.5077"
"3,33 : 0.3848"
"33,3 : 0.3848"
"3,34 : 0.368"
"34,3 : 0.368"
"3,35 : 0.6648"
"35,3 : 0.6648"
"3,36 : 0.5025"
"36,3 : 0.5025"
"3,37 : 0.8276"
"37,3 : 0.8276"
"3,38 : 0.7463"
"38,3 : 0.7463"
"3,39 : 0.1772"
"39,3 : 0.1772"
"3,40 : 0.6826"
"40,3 : 0.6826"
"3,41 : 0.6966"
"41,3 : 0.6966"
"3,42 : 0.58"
"42,3 : 0.58"
"3,43 : 0.7111"
"43,3 : 0.7111"
"3,44 : 0.2247"
"44,3 : 0.2247"
"3,45 : 0.2247"
"45,3 : 0.2247"
"3,46 : 0.2786"
"46,3 : 0.2786"
"3,47 : 0.2816"
"47,3 : 0.2816"
"3,48 : 0.1389"
"48,3 : 0.1389"
"3,49 : 0.1992"
"49,3 : 0.1992"
"4,5 : 0.4701"
"5,4 : 0.4701"
"4,6 : 0.6356"
"6,4 : 0.6356"
"4,7 : 0.4397"
"7,4 : 0.4397"
"4,8 : 0.7043"
"8,4 : 0.7043"
"4,9 : 0.0949"
"9,4 : 0.0949"
"4,10 : 0.4501"
"10,4 : 0.4501"
"4,11 : 0.3625"
"11,4 : 0.3625"
"4,12 : 0.26"
"12,4 : 0.26"
"4,13 : 0.7404"
"13,4 : 0.7404"
"4,14 : 0.5334"
"14,4 : 0.5334"
"4,15 : 0.3847"
"15,4 : 0.3847"
"4,16 : 0.3523"
"16,4 : 0.3523"
"4,17 : 0.564"
"17,4 : 0.564"
"4,18 : 0.5371"
"18,4 : 0.5371"
"4,19 : 0.6113"
"19,4 : 0.6113"
"4,20 : 0.2326"
"20,4 : 0.2326"
"4,21 : 0.4393"
"21,4 : 0.4393"
"4,22 : 0.506"
"22,4 : 0.506"
"4,23 : 0.2546"
"23,4 : 0.2546"
"4,24 : 0.4455"
"24,4 : 0.4455"
"4,25 : 0.656"
"25,4 : 0.656"
"4,26 : 0.5315"
"26,4 : 0.5315"
"4,27 : 0.559"
"27,4 : 0.559"
"4,28 : 0.6268"
"28,4 : 0.6268"
"4,29 : 0.386"
"29,4 : 0.386"
"4,30 : 0.3808"
"30,4 : 0.3808"
"4,31 : 0.4522"
"31,4 : 0.4522"
"4,32 : 0.3946"
"32,4 : 0.3946"
"4,33 : 0.1844"
"33,4 : 0.1844"
"4,34 : 0.2184"
"34,4 : 0.2184"
"4,35 : 0.5808"
"35,4 : 0.5808"
"4,36 : 0.6414"
"36,4 : 0.6414"
"4,37 : 0.9144"
"37,4 : 0.9144"
"4,38 : 0.8486"
"38,4 : 0.8486"
"4,39 : 0.0412"
"39,4 : 0.0412"
"4,40 : 0.5604"
"40,4 : 0.5604"
"4,41 : 0.5186"
"41,4 : 0.5186"
"4,42 : 0.4168"
"42,4 : 0.4168"
"4,43 : 0.6083"
"43,4 : 0.6083"
"4,44 : 0.3362"
"44,4 : 0.3362"
"4,45 : 0.04"
"45,4 : 0.04"
"4,46 : 0.4904"
"46,4 : 0.4904"
"4,47 : 0.2642"
"47,4 : 0.2642"
"4,48 : 0.1421"
"48,4 : 0.1421"
"4,49 : 0.2746"
"49,4 : 0.2746"
"5,6 : 1.0977"
"6,5 : 1.0977"
"5,7 : 0.8947"
"7,5 : 0.8947"
"5,8 : 0.8507"
"8,5 : 0.8507"
"5,9 : 0.3821"
"9,5 : 0.3821"
"5,10 : 0.4123"
"10,5 : 0.4123"
"5,11 : 0.1456"
"11,5 : 0.1456"
"5,12 : 0.724"
"12,5 : 0.724"
"5,13 : 0.7161"
"13,5 : 0.7161"
"5,14 : 0.6622"
"14,5 : 0.6622"
"5,15 : 0.7845"
"15,5 : 0.7845"
"5,16 : 0.822"
"16,5 : 0.822"
"5,17 : 0.7278"
"17,5 : 0.7278"
"5,18 : 0.623"
"18,5 : 0.623"
"5,19 : 0.5201"
"19,5 : 0.5201"
"5,20 : 0.2484"
"20,5 : 0.2484"
"5,21 : 0.313"
"21,5 : 0.313"
"5,22 : 0.8599"
"22,5 : 0.8599"
"5,23 : 0.2195"
"23,5 : 0.2195"
"5,24 : 0.6903"
"24,5 : 0.6903"
"5,25 : 0.8036"
"25,5 : 0.8036"
"5,26 : 0.5323"
"26,5 : 0.5323"
"5,27 : 0.6546"
"27,5 : 0.6546"
"5,28 : 0.2309"
"28,5 : 0.2309"
"5,29 : 0.6826"
"29,5 : 0.6826"
"5,30 : 0.8438"
"30,5 : 0.8438"
"5,31 : 0.9082"
"31,5 : 0.9082"
"5,32 : 0.3257"
"32,5 : 0.3257"
"5,33 : 0.286"
"33,5 : 0.286"
"5,34 : 0.3202"
"34,5 : 0.3202"
"5,35 : 0.4469"
"35,5 : 0.4469"
"5,36 : 0.9209"
"36,5 : 0.9209"
"5,37 : 1.0492"
"37,5 : 1.0492"
"5,38 : 1.0249"
"38,5 : 1.0249"
"5,39 : 0.4965"
"39,5 : 0.4965"
"5,40 : 0.333"
"40,5 : 0.333"
"5,41 : 0.117"
"41,5 : 0.117"
"5,42 : 0.1746"
"42,5 : 0.1746"
"5,43 : 0.4111"
"43,5 : 0.4111"
"5,44 : 0.6708"
"44,5 : 0.6708"
"5,45 : 0.4465"
"45,5 : 0.4465"
"5,46 : 0.9437"
"46,5 : 0.9437"
"5,47 : 0.5036"
"47,5 : 0.5036"
"5,48 : 0.6096"
"48,5 : 0.6096"
"5,49 : 0.7354"
"49,5 : 0.7354"
"6,7 : 0.2062"
"7,6 : 0.2062"
"6,8 : 0.822"
"8,6 : 0.822"
"6,9 : 0.7301"
"9,6 : 0.7301"
"6,10 : 0.9105"
"10,6 : 0.9105"
"6,11 : 0.9981"
"11,6 : 0.9981"
"6,12 : 0.3758"
"12,6 : 0.3758"
"6,13 : 1.0382"
"13,6 : 1.0382"
"6,14 : 0.7839"
"14,6 : 0.7839"
"6,15 : 0.3774"
"15,6 : 0.3774"
"6,16 : 0.2961"
"16,6 : 0.2961"
"6,17 : 0.7495"
"17,6 : 0.7495"
"6,18 : 0.8319"
"18,6 : 0.8319"
"6,19 : 1.024"
"19,6 : 1.024"
"6,20 : 0.8682"
"20,6 : 0.8682"
"6,21 : 0.9618"
"21,6 : 0.9618"
"6,22 : 0.4317"
"22,6 : 0.4317"
"6,23 : 0.8782"
"23,6 : 0.8782"
"6,24 : 0.6265"
"24,6 : 0.6265"
"6,25 : 0.8005"
"25,6 : 0.8005"
"6,26 : 0.9107"
"26,6 : 0.9107"
"6,27 : 0.8286"
"27,6 : 0.8286"
"6,28 : 1.2138"
"28,6 : 1.2138"
"6,29 : 0.5595"
"29,6 : 0.5595"
"6,30 : 0.255"
"30,6 : 0.255"
"6,31 : 0.1921"
"31,6 : 0.1921"
"6,32 : 0.9122"
"32,6 : 0.9122"
"6,33 : 0.8141"
"33,6 : 0.8141"
"6,34 : 0.794"
"34,6 : 0.794"
"6,35 : 1.0381"
"35,6 : 1.0381"
"6,36 : 0.5908"
"36,6 : 0.5908"
"6,37 : 0.9502"
"37,6 : 0.9502"
"6,38 : 0.8505"
"38,6 : 0.8505"
"6,39 : 0.6037"
"39,6 : 0.6037"
"6,40 : 1.083"
"40,6 : 1.083"
"6,41 : 1.1241"
"41,6 : 1.1241"
"6,42 : 1.0042"
"42,6 : 1.0042"
"6,43 : 1.0964"
"43,6 : 1.0964"
"6,44 : 0.5187"
"44,6 : 0.5187"
"6,45 : 0.653"
"45,6 : 0.653"
"6,46 : 0.1628"
"46,6 : 0.1628"
"6,47 : 0.6653"
"47,6 : 0.6653"
"6,48 : 0.5124"
"48,6 : 0.5124"
"6,49 : 0.431"
"49,6 : 0.431"
"7,8 : 0.6803"
"8,7 : 0.6803"
"7,9 : 0.5345"
"9,7 : 0.5345"
"7,10 : 0.7103"
"10,7 : 0.7103"
"7,11 : 0.8006"
"11,7 : 0.8006"
"7,12 : 0.1825"
"12,7 : 0.1825"
"7,13 : 0.8659"
"13,7 : 0.8659"
"7,14 : 0.6088"
"14,7 : 0.6088"
"7,15 : 0.1942"
"15,7 : 0.1942"
"7,16 : 0.1476"
"16,7 : 0.1476"
"7,17 : 0.5855"
"17,7 : 0.5855"
"7,18 : 0.6515"
"18,7 : 0.6515"
"7,19 : 0.8319"
"19,7 : 0.8319"
"7,20 : 0.6707"
"20,7 : 0.6707"
"7,21 : 0.7574"
"21,7 : 0.7574"
"7,22 : 0.2961"
"22,7 : 0.2961"
"7,23 : 0.6754"
"23,7 : 0.6754"
"7,24 : 0.4512"
"24,7 : 0.4512"
"7,25 : 0.6503"
"25,7 : 0.6503"
"7,26 : 0.7201"
"26,7 : 0.7201"
"7,27 : 0.6525"
"27,7 : 0.6525"
"7,28 : 1.0077"
"28,7 : 1.0077"
"7,29 : 0.3764"
"29,7 : 0.3764"
"7,30 : 0.0728"
"30,7 : 0.0728"
"7,31 : 0.0141"
"31,7 : 0.0141"
"7,32 : 0.7077"
"32,7 : 0.7077"
"7,33 : 0.6133"
"33,7 : 0.6133"
"7,34 : 0.5882"
"34,7 : 0.5882"
"7,35 : 0.8406"
"35,7 : 0.8406"
"7,36 : 0.478"
"36,7 : 0.478"
"7,37 : 0.8395"
"37,7 : 0.8395"
"7,38 : 0.7446"
"38,7 : 0.7446"
"7,39 : 0.405"
"39,7 : 0.405"
"7,40 : 0.8797"
"40,7 : 0.8797"
"7,41 : 0.9184"
"41,7 : 0.9184"
"7,42 : 0.7981"
"42,7 : 0.7981"
"7,43 : 0.8963"
"43,7 : 0.8963"
"7,44 : 0.327"
"44,7 : 0.327"
"7,45 : 0.4531"
"45,7 : 0.4531"
"7,46 : 0.051"
"46,7 : 0.051"
"7,47 : 0.4623"
"47,7 : 0.4623"
"7,48 : 0.3306"
"48,7 : 0.3306"
"7,49 : 0.2879"
"49,7 : 0.2879"
"8,9 : 0.7425"
"9,8 : 0.7425"
"8,10 : 0.4415"
"10,8 : 0.4415"
"8,11 : 0.8677"
"11,8 : 0.8677"
"8,12 : 0.6801"
"12,8 : 0.6801"
"8,13 : 0.2802"
"13,8 : 0.2802"
"8,14 : 0.1924"
"14,8 : 0.1924"
"8,15 : 0.4937"
"15,8 : 0.4937"
"8,16 : 0.7649"
"16,8 : 0.7649"
"8,17 : 0.1414"
"17,8 : 0.1414"
"8,18 : 0.228"
"18,8 : 0.228"
"8,19 : 0.4045"
"19,8 : 0.4045"
"8,20 : 0.7906"
"20,8 : 0.7906"
"8,21 : 0.5434"
"21,8 : 0.5434"
"8,22 : 0.392"
"22,8 : 0.392"
"8,23 : 0.722"
"23,8 : 0.722"
"8,24 : 0.2683"
"24,8 : 0.2683"
"8,25 : 0.05"
"25,8 : 0.05"
"8,26 : 0.3314"
"26,8 : 0.3314"
"8,27 : 0.1965"
"27,8 : 0.1965"
"8,28 : 0.7906"
"28,8 : 0.7906"
"8,29 : 0.3454"
"29,8 : 0.3454"
"8,30 : 0.7058"
"30,8 : 0.7058"
"8,31 : 0.6901"
"31,8 : 0.6901"
"8,32 : 0.525"
"32,8 : 0.525"
"8,33 : 0.722"
"33,8 : 0.722"
"8,34 : 0.6046"
"34,8 : 0.6046"
"8,35 : 0.471"
"35,8 : 0.471"
"8,36 : 0.246"
"36,8 : 0.246"
"8,37 : 0.2126"
"37,8 : 0.2126"
"8,38 : 0.1746"
"38,8 : 0.1746"
"8,39 : 0.672"
"39,8 : 0.672"
"8,40 : 0.5901"
"40,8 : 0.5901"
"8,41 : 0.7845"
"41,8 : 0.7845"
"8,42 : 0.6772"
"42,8 : 0.6772"
"8,43 : 0.5423"
"43,8 : 0.5423"
"8,44 : 0.4085"
"44,8 : 0.4085"
"8,45 : 0.6736"
"45,8 : 0.6736"
"8,46 : 0.6907"
"46,8 : 0.6907"
"8,47 : 0.4455"
"47,8 : 0.4455"
"8,48 : 0.7471"
"48,8 : 0.7471"
"8,49 : 0.8322"
"49,8 : 0.8322"
"9,10 : 0.4317"
"10,9 : 0.4317"
"9,11 : 0.2683"
"11,9 : 0.2683"
"9,12 : 0.3547"
"12,9 : 0.3547"
"9,13 : 0.7432"
"13,9 : 0.7432"
"9,14 : 0.5608"
"14,9 : 0.5608"
"9,15 : 0.471"
"15,9 : 0.471"
"9,16 : 0.4442"
"16,9 : 0.4442"
"9,17 : 0.6011"
"17,9 : 0.6011"
"9,18 : 0.5547"
"18,9 : 0.5547"
"9,19 : 0.5944"
"19,9 : 0.5944"
"9,20 : 0.1389"
"20,9 : 0.1389"
"9,21 : 0.4"
"21,9 : 0.4"
"9,22 : 0.5846"
"22,9 : 0.5846"
"9,23 : 0.1749"
"23,9 : 0.1749"
"9,24 : 0.4965"
"24,9 : 0.4965"
"9,25 : 0.693"
"25,9 : 0.693"
"9,26 : 0.5292"
"26,9 : 0.5292"
"9,27 : 0.5801"
"27,9 : 0.5801"
"9,28 : 0.5547"
"28,9 : 0.5547"
"9,29 : 0.4472"
"29,9 : 0.4472"
"9,30 : 0.4754"
"30,9 : 0.4754"
"9,31 : 0.5471"
"31,9 : 0.5471"
"9,32 : 0.3612"
"32,9 : 0.3612"
"9,33 : 0.103"
"33,9 : 0.103"
"9,34 : 0.1825"
"34,9 : 0.1825"
"9,35 : 0.5533"
"35,9 : 0.5533"
"9,36 : 0.7068"
"36,9 : 0.7068"
"9,37 : 0.9548"
"37,9 : 0.9548"
"9,38 : 0.8964"
"38,9 : 0.8964"
"9,39 : 0.1315"
"39,9 : 0.1315"
"9,40 : 0.5135"
"40,9 : 0.5135"
"9,41 : 0.441"
"41,9 : 0.441"
"9,42 : 0.3511"
"42,9 : 0.3511"
"9,43 : 0.5701"
"43,9 : 0.5701"
"9,44 : 0.405"
"44,9 : 0.405"
"9,45 : 0.0906"
"45,9 : 0.0906"
"9,46 : 0.5852"
"46,9 : 0.5852"
"9,47 : 0.2973"
"47,9 : 0.2973"
"9,48 : 0.228"
"48,9 : 0.228"
"9,49 : 0.3538"
"49,9 : 0.3538"
"10,11 : 0.4534"
"11,10 : 0.4534"
"10,12 : 0.5962"
"12,10 : 0.5962"
"10,13 : 0.328"
"13,10 : 0.328"
"10,14 : 0.2602"
"14,10 : 0.2602"
"10,15 : 0.5376"
"15,10 : 0.5376"
"10,16 : 0.7077"
"16,10 : 0.7077"
"10,17 : 0.33"
"17,10 : 0.33"
"10,18 : 0.2138"
"18,10 : 0.2138"
"10,19 : 0.1628"
"19,10 : 0.1628"
"10,20 : 0.4134"
"20,10 : 0.4134"
"10,21 : 0.102"
"21,10 : 0.102"
"10,22 : 0.5523"
"22,10 : 0.5523"
"10,23 : 0.3302"
"23,10 : 0.3302"
"10,24 : 0.3401"
"24,10 : 0.3401"
"10,25 : 0.3962"
"25,10 : 0.3962"
"10,26 : 0.1221"
"26,10 : 0.1221"
"10,27 : 0.2452"
"27,10 : 0.2452"
"10,28 : 0.3667"
"28,10 : 0.3667"
"10,29 : 0.372"
"29,10 : 0.372"
"10,30 : 0.6896"
"30,10 : 0.6896"
"10,31 : 0.7242"
"31,10 : 0.7242"
"10,32 : 0.0922"
"32,10 : 0.0922"
"10,33 : 0.3625"
"33,10 : 0.3625"
"10,34 : 0.25"
"34,10 : 0.25"
"10,35 : 0.136"
"35,10 : 0.136"
"10,36 : 0.5532"
"36,10 : 0.5532"
"10,37 : 0.6369"
"37,10 : 0.6369"
"10,38 : 0.6161"
"38,10 : 0.6161"
"10,39 : 0.441"
"39,10 : 0.441"
"10,40 : 0.1836"
"40,10 : 0.1836"
"10,41 : 0.3437"
"41,10 : 0.3437"
"10,42 : 0.2377"
"42,10 : 0.2377"
"10,43 : 0.186"
"43,10 : 0.186"
"10,44 : 0.396"
"44,10 : 0.396"
"10,45 : 0.4101"
"45,10 : 0.4101"
"10,46 : 0.7481"
"46,10 : 0.7481"
"10,47 : 0.2506"
"47,10 : 0.2506"
"10,48 : 0.5657"
"48,10 : 0.5657"
"10,49 : 0.6943"
"49,10 : 0.6943"
"11,12 : 0.6224"
"12,11 : 0.6224"
"11,13 : 0.7779"
"13,11 : 0.7779"
"11,14 : 0.6754"
"14,11 : 0.6754"
"11,15 : 0.7157"
"15,11 : 0.7157"
"11,16 : 0.712"
"16,11 : 0.712"
"11,17 : 0.7341"
"17,11 : 0.7341"
"11,18 : 0.6466"
"18,11 : 0.6466"
"11,19 : 0.5903"
"19,11 : 0.5903"
"11,20 : 0.13"
"20,11 : 0.13"
"11,21 : 0.3688"
"21,11 : 0.3688"
"11,22 : 0.8101"
"22,11 : 0.8101"
"11,23 : 0.153"
"23,11 : 0.153"
"11,24 : 0.6694"
"24,11 : 0.6694"
"11,25 : 0.8184"
"25,11 : 0.8184"
"11,26 : 0.5749"
"26,11 : 0.5749"
"11,27 : 0.6774"
"27,11 : 0.6774"
"11,28 : 0.3705"
"28,11 : 0.3705"
"11,29 : 0.645"
"29,11 : 0.645"
"11,30 : 0.7432"
"30,11 : 0.7432"
"11,31 : 0.8134"
"31,11 : 0.8134"
"11,32 : 0.3612"
"32,11 : 0.3612"
"11,33 : 0.1924"
"33,11 : 0.1924"
"11,34 : 0.2766"
"34,11 : 0.2766"
"11,35 : 0.5243"
"35,11 : 0.5243"
"11,36 : 0.8982"
"36,11 : 0.8982"
"11,37 : 1.0754"
"37,11 : 1.0754"
"11,38 : 1.0379"
"38,11 : 1.0379"
"11,39 : 0.3956"
"39,11 : 0.3956"
"11,40 : 0.4295"
"40,11 : 0.4295"
"11,41 : 0.25"
"41,11 : 0.25"
"11,42 : 0.2419"
"42,11 : 0.2419"
"11,43 : 0.5054"
"43,11 : 0.5054"
"11,44 : 0.6203"
"44,11 : 0.6203"
"11,45 : 0.3479"
"45,11 : 0.3479"
"11,46 : 0.8509"
"46,11 : 0.8509"
"11,47 : 0.4669"
"47,11 : 0.4669"
"11,48 : 0.494"
"48,11 : 0.494"
"11,49 : 0.6122"
"49,11 : 0.6122"
"12,13 : 0.8106"
"13,12 : 0.8106"
"12,14 : 0.5608"
"14,12 : 0.5608"
"12,15 : 0.2126"
"15,12 : 0.2126"
"12,16 : 0.1118"
"16,12 : 0.1118"
"12,17 : 0.559"
"17,12 : 0.559"
"12,18 : 0.5903"
"18,12 : 0.5903"
"12,19 : 0.7376"
"19,12 : 0.7376"
"12,20 : 0.4924"
"20,12 : 0.4924"
"12,21 : 0.6243"
"21,12 : 0.6243"
"12,22 : 0.3538"
"22,12 : 0.3538"
"12,23 : 0.5048"
"23,12 : 0.5048"
"12,24 : 0.4177"
"24,12 : 0.4177"
"12,25 : 0.6403"
"25,12 : 0.6403"
"12,26 : 0.6335"
"26,12 : 0.6335"
"12,27 : 0.6001"
"27,12 : 0.6001"
"12,28 : 0.8559"
"28,12 : 0.8559"
"12,29 : 0.3373"
"29,12 : 0.3373"
"12,30 : 0.1208"
"30,12 : 0.1208"
"12,31 : 0.1942"
"31,12 : 0.1942"
"12,32 : 0.5745"
"32,12 : 0.5745"
"12,33 : 0.4391"
"33,12 : 0.4391"
"12,34 : 0.4314"
"34,12 : 0.4314"
"12,35 : 0.7316"
"35,12 : 0.7316"
"12,36 : 0.5301"
"36,12 : 0.5301"
"12,37 : 0.8682"
"37,12 : 0.8682"
"12,38 : 0.7829"
"38,12 : 0.7829"
"12,39 : 0.2283"
"39,12 : 0.2283"
"12,40 : 0.7495"
"40,12 : 0.7495"
"12,41 : 0.7582"
"41,12 : 0.7582"
"12,42 : 0.6435"
"42,12 : 0.6435"
"12,43 : 0.7782"
"43,12 : 0.7782"
"12,44 : 0.2746"
"44,12 : 0.2746"
"12,45 : 0.2778"
"45,12 : 0.2778"
"12,46 : 0.2335"
"46,12 : 0.2335"
"12,47 : 0.3479"
"47,12 : 0.3479"
"12,48 : 0.1503"
"48,12 : 0.1503"
"12,49 : 0.1581"
"49,12 : 0.1581"
"13,14 : 0.2571"
"14,13 : 0.2571"
"13,15 : 0.6719"
"15,13 : 0.6719"
"13,16 : 0.9135"
"16,13 : 0.9135"
"13,17 : 0.2907"
"17,13 : 0.2907"
"13,18 : 0.2202"
"18,13 : 0.2202"
"13,19 : 0.1972"
"19,13 : 0.1972"
"13,20 : 0.7406"
"20,13 : 0.7406"
"13,21 : 0.4104"
"21,13 : 0.4104"
"13,22 : 0.6127"
"22,13 : 0.6127"
"13,23 : 0.658"
"23,13 : 0.658"
"13,24 : 0.4148"
"24,13 : 0.4148"
"13,25 : 0.2687"
"25,13 : 0.2687"
"13,26 : 0.2147"
"26,13 : 0.2147"
"13,27 : 0.2138"
"27,13 : 0.2138"
"13,28 : 0.5914"
"28,13 : 0.5914"
"13,29 : 0.4903"
"29,13 : 0.4903"
"13,30 : 0.8713"
"30,13 : 0.8713"
"13,31 : 0.878"
"31,13 : 0.878"
"13,32 : 0.4187"
"32,13 : 0.4187"
"13,33 : 0.686"
"33,13 : 0.686"
"13,34 : 0.5682"
"34,13 : 0.5682"
"13,35 : 0.2729"
"35,13 : 0.2729"
"13,36 : 0.5099"
"36,13 : 0.5099"
"13,37 : 0.3905"
"37,13 : 0.3905"
"13,38 : 0.4176"
"38,13 : 0.4176"
"13,39 : 0.7203"
"39,13 : 0.7203"
"13,40 : 0.3981"
"40,13 : 0.3981"
"13,41 : 0.6227"
"41,13 : 0.6227"
"13,42 : 0.5467"
"42,13 : 0.5467"
"13,43 : 0.3289"
"43,13 : 0.3289"
"13,44 : 0.5459"
"44,13 : 0.5459"
"13,45 : 0.7021"
"45,13 : 0.7021"
"13,46 : 0.8889"
"46,13 : 0.8889"
"13,47 : 0.4866"
"47,13 : 0.4866"
"13,48 : 0.8287"
"48,13 : 0.8287"
"13,49 : 0.9419"
"49,13 : 0.9419"
"14,15 : 0.4148"
"15,14 : 0.4148"
"14,16 : 0.6603"
"16,14 : 0.6603"
"14,17 : 0.0707"
"17,14 : 0.0707"
"14,18 : 0.0583"
"18,14 : 0.0583"
"14,19 : 0.2746"
"19,14 : 0.2746"
"14,20 : 0.6"
"20,14 : 0.6"
"14,21 : 0.3612"
"21,14 : 0.3612"
"14,22 : 0.3662"
"22,14 : 0.3662"
"14,23 : 0.53"
"23,14 : 0.53"
"14,24 : 0.1581"
"24,14 : 0.1581"
"14,25 : 0.1432"
"25,14 : 0.1432"
"14,26 : 0.1709"
"26,14 : 0.1709"
"14,27 : 0.0447"
"27,14 : 0.0447"
"14,28 : 0.6229"
"28,14 : 0.6229"
"14,29 : 0.2335"
"29,14 : 0.2335"
"14,30 : 0.6152"
"30,14 : 0.6152"
"14,31 : 0.621"
"31,14 : 0.621"
"14,32 : 0.3373"
"32,14 : 0.3373"
"14,33 : 0.5326"
"33,14 : 0.5326"
"14,34 : 0.414"
"34,14 : 0.414"
"14,35 : 0.3231"
"35,14 : 0.3231"
"14,36 : 0.3087"
"36,14 : 0.3087"
"14,37 : 0.4022"
"37,14 : 0.4022"
"14,38 : 0.364"
"38,14 : 0.364"
"14,39 : 0.5054"
"39,14 : 0.5054"
"14,40 : 0.4276"
"40,14 : 0.4276"
"14,41 : 0.603"
"41,14 : 0.603"
"14,42 : 0.4903"
"42,14 : 0.4903"
"14,43 : 0.3956"
"43,14 : 0.3956"
"14,44 : 0.2907"
"44,14 : 0.2907"
"14,45 : 0.4993"
"45,14 : 0.4993"
"14,46 : 0.6325"
"46,14 : 0.6325"
"14,47 : 0.2693"
"47,14 : 0.2693"
"14,48 : 0.5977"
"48,14 : 0.5977"
"14,49 : 0.7004"
"49,14 : 0.7004"
"15,16 : 0.2751"
"16,15 : 0.2751"
"15,17 : 0.392"
"17,15 : 0.392"
"15,18 : 0.4588"
"18,15 : 0.4588"
"15,19 : 0.6466"
"19,15 : 0.6466"
"15,20 : 0.5914"
"20,15 : 0.5914"
"15,21 : 0.5982"
"21,15 : 0.5982"
"15,22 : 0.1414"
"22,15 : 0.1414"
"15,23 : 0.5727"
"23,15 : 0.5727"
"15,24 : 0.2571"
"24,15 : 0.2571"
"15,25 : 0.4604"
"25,15 : 0.4604"
"15,26 : 0.5334"
"26,15 : 0.5334"
"15,27 : 0.4588"
"27,15 : 0.4588"
"15,28 : 0.8628"
"28,15 : 0.8628"
"15,29 : 0.1838"
"29,15 : 0.1838"
"15,30 : 0.2121"
"30,15 : 0.2121"
"15,31 : 0.2062"
"31,15 : 0.2062"
"15,32 : 0.55"
"32,15 : 0.55"
"15,33 : 0.5235"
"33,15 : 0.5235"
"15,34 : 0.4649"
"34,15 : 0.4649"
"15,35 : 0.6622"
"35,15 : 0.6622"
"15,36 : 0.3191"
"36,15 : 0.3191"
"15,37 : 0.6673"
"37,15 : 0.6673"
"15,38 : 0.5778"
"38,15 : 0.5778"
"15,39 : 0.3437"
"39,15 : 0.3437"
"15,40 : 0.7151"
"40,15 : 0.7151"
"15,41 : 0.7872"
"41,15 : 0.7872"
"15,42 : 0.6619"
"42,15 : 0.6619"
"15,43 : 0.7225"
"43,15 : 0.7225"
"15,44 : 0.1421"
"44,15 : 0.1421"
"15,45 : 0.3805"
"45,15 : 0.3805"
"15,46 : 0.2193"
"46,15 : 0.2193"
"15,47 : 0.3023"
"47,15 : 0.3023"
"15,48 : 0.3362"
"48,15 : 0.3362"
"15,49 : 0.3701"
"49,15 : 0.3701"
"16,17 : 0.6519"
"17,16 : 0.6519"
"16,18 : 0.6935"
"18,16 : 0.6935"
"16,19 : 0.8477"
"19,16 : 0.8477"
"16,20 : 0.5831"
"20,16 : 0.5831"
"16,21 : 0.7357"
"21,16 : 0.7357"
"16,22 : 0.4071"
"22,16 : 0.4071"
"16,23 : 0.6044"
"23,16 : 0.6044"
"16,24 : 0.5109"
"24,16 : 0.5109"
"16,25 : 0.7284"
"25,16 : 0.7284"
"16,26 : 0.7422"
"26,16 : 0.7422"
"16,27 : 0.7011"
"27,16 : 0.7011"
"16,28 : 0.9633"
"28,16 : 0.9633"
"16,29 : 0.4305"
"29,16 : 0.4305"
"16,30 : 0.0781"
"30,16 : 0.0781"
"16,31 : 0.1523"
"31,16 : 0.1523"
"16,32 : 0.686"
"32,16 : 0.686"
"16,33 : 0.536"
"33,16 : 0.536"
"16,34 : 0.5391"
"34,16 : 0.5391"
"16,35 : 0.8431"
"35,16 : 0.8431"
"16,36 : 0.5903"
"36,16 : 0.5903"
"16,37 : 0.9424"
"37,16 : 0.9424"
"16,38 : 0.8523"
"38,16 : 0.8523"
"16,39 : 0.3265"
"39,16 : 0.3265"
"16,40 : 0.8609"
"40,16 : 0.8609"
"16,41 : 0.8628"
"41,16 : 0.8628"
"16,42 : 0.7507"
"42,16 : 0.7507"
"16,43 : 0.89"
"43,16 : 0.89"
"16,44 : 0.37"
"44,16 : 0.37"
"16,45 : 0.3764"
"45,16 : 0.3764"
"16,46 : 0.1897"
"46,16 : 0.1897"
"16,47 : 0.4588"
"47,16 : 0.4588"
"16,48 : 0.2193"
"48,16 : 0.2193"
"16,49 : 0.1432"
"49,16 : 0.1432"
"17,18 : 0.1265"
"18,17 : 0.1265"
"17,19 : 0.34"
"19,17 : 0.34"
"17,20 : 0.6519"
"20,17 : 0.6519"
"17,21 : 0.4305"
"21,17 : 0.4305"
"17,22 : 0.322"
"22,17 : 0.322"
"17,23 : 0.5859"
"23,17 : 0.5859"
"17,24 : 0.1414"
"24,17 : 0.1414"
"17,25 : 0.0922"
"25,17 : 0.0922"
"17,26 : 0.2404"
"26,17 : 0.2404"
"17,27 : 0.103"
"27,17 : 0.103"
"17,28 : 0.6935"
"28,17 : 0.6935"
"17,29 : 0.222"
"29,17 : 0.222"
"17,30 : 0.6001"
"30,17 : 0.6001"
"17,31 : 0.5968"
"31,17 : 0.5968"
"17,32 : 0.4045"
"32,17 : 0.4045"
"17,33 : 0.5825"
"33,17 : 0.5825"
"17,34 : 0.4665"
"34,17 : 0.4665"
"17,35 : 0.3922"
"35,17 : 0.3922"
"17,36 : 0.2419"
"36,17 : 0.2419"
"17,37 : 0.3538"
"37,17 : 0.3538"
"17,38 : 0.3041"
"38,17 : 0.3041"
"17,39 : 0.5325"
"39,17 : 0.5325"
"17,40 : 0.4982"
"40,17 : 0.4982"
"17,41 : 0.6719"
"41,17 : 0.6719"
"17,42 : 0.5573"
"42,17 : 0.5573"
"17,43 : 0.4649"
"43,17 : 0.4649"
"17,44 : 0.2844"
"44,17 : 0.2844"
"17,45 : 0.5326"
"45,17 : 0.5326"
"17,46 : 0.6042"
"46,17 : 0.6042"
"17,47 : 0.3041"
"47,17 : 0.3041"
"17,48 : 0.6133"
"48,17 : 0.6133"
"17,49 : 0.706"
"49,17 : 0.706"
"18,19 : 0.2163"
"19,18 : 0.2163"
"18,20 : 0.5805"
"20,18 : 0.5805"
"18,21 : 0.3158"
"21,18 : 0.3158"
"18,22 : 0.4201"
"22,18 : 0.4201"
"18,23 : 0.5061"
"23,18 : 0.5061"
"18,24 : 0.2059"
"24,18 : 0.2059"
"18,25 : 0.1825"
"25,18 : 0.1825"
"18,26 : 0.114"
"26,18 : 0.114"
"18,27 : 0.0316"
"27,18 : 0.0316"
"18,28 : 0.5708"
"28,18 : 0.5708"
"18,29 : 0.2751"
"29,18 : 0.2751"
"18,30 : 0.6531"
"30,18 : 0.6531"
"18,31 : 0.6641"
"31,18 : 0.6641"
"18,32 : 0.2973"
"32,18 : 0.2973"
"18,33 : 0.5162"
"33,18 : 0.5162"
"18,34 : 0.396"
"34,18 : 0.396"
"18,35 : 0.2657"
"35,18 : 0.2657"
"18,36 : 0.3667"
"36,18 : 0.3667"
"18,37 : 0.4294"
"37,18 : 0.4294"
"18,38 : 0.4026"
"38,18 : 0.4026"
"18,39 : 0.5126"
"39,18 : 0.5126"
"18,40 : 0.3734"
"40,18 : 0.3734"
"18,41 : 0.5573"
"41,18 : 0.5573"
"18,42 : 0.4492"
"42,18 : 0.4492"
"18,43 : 0.3384"
"43,18 : 0.3384"
"18,44 : 0.3276"
"44,18 : 0.3276"
"18,45 : 0.5009"
"45,18 : 0.5009"
"18,46 : 0.6778"
"46,18 : 0.6778"
"18,47 : 0.2751"
"47,18 : 0.2751"
"18,48 : 0.6139"
"48,18 : 0.6139"
"18,49 : 0.7234"
"49,18 : 0.7234"
"19,20 : 0.568"
"20,19 : 0.568"
"19,21 : 0.222"
"21,19 : 0.222"
"19,22 : 0.6294"
"22,19 : 0.6294"
"19,23 : 0.483"
"23,19 : 0.483"
"19,24 : 0.4104"
"24,19 : 0.4104"
"19,25 : 0.3711"
"25,19 : 0.3711"
"19,26 : 0.114"
"26,19 : 0.114"
"19,27 : 0.2371"
"27,19 : 0.2371"
"19,28 : 0.4002"
"28,19 : 0.4002"
"19,29 : 0.4662"
"29,19 : 0.4662"
"19,30 : 0.8208"
"30,19 : 0.8208"
"19,31 : 0.8453"
"31,19 : 0.8453"
"19,32 : 0.2417"
"32,19 : 0.2417"
"19,33 : 0.522"
"33,19 : 0.522"
"19,34 : 0.4123"
"34,19 : 0.4123"
"19,35 : 0.0762"
"35,19 : 0.0762"
"19,36 : 0.5818"
"36,19 : 0.5818"
"19,37 : 0.5657"
"37,19 : 0.5657"
"19,38 : 0.5704"
"38,19 : 0.5704"
"19,39 : 0.6"
"39,19 : 0.6"
"19,40 : 0.2025"
"40,19 : 0.2025"
"19,41 : 0.4254"
"41,19 : 0.4254"
"19,42 : 0.3536"
"42,19 : 0.3536"
"19,43 : 0.1404"
"43,19 : 0.1404"
"19,44 : 0.5061"
"44,19 : 0.5061"
"19,45 : 0.5714"
"45,19 : 0.5714"
"19,46 : 0.8645"
"46,19 : 0.8645"
"19,47 : 0.3905"
"47,19 : 0.3905"
"19,48 : 0.7217"
"48,19 : 0.7217"
"19,49 : 0.8472"
"49,19 : 0.8472"
"20,21 : 0.3511"
"21,20 : 0.3511"
"20,22 : 0.6926"
"22,20 : 0.6926"
"20,23 : 0.0854"
"23,20 : 0.0854"
"20,24 : 0.5701"
"24,20 : 0.5701"
"20,25 : 0.7406"
"25,20 : 0.7406"
"20,26 : 0.528"
"26,20 : 0.528"
"20,27 : 0.6096"
"27,20 : 0.6096"
"20,28 : 0.4427"
"28,20 : 0.4427"
"20,29 : 0.536"
"29,20 : 0.536"
"20,30 : 0.6133"
"30,20 : 0.6133"
"20,31 : 0.6835"
"31,20 : 0.6835"
"20,32 : 0.3265"
"32,20 : 0.3265"
"20,33 : 0.0728"
"33,20 : 0.0728"
"20,34 : 0.186"
"34,20 : 0.186"
"20,35 : 0.5126"
"35,20 : 0.5126"
"20,36 : 0.794"
"36,20 : 0.794"
"20,37 : 1.0021"
"37,20 : 1.0021"
"20,38 : 0.9552"
"38,20 : 0.9552"
"20,39 : 0.2657"
"39,20 : 0.2657"
"20,40 : 0.4441"
"40,20 : 0.4441"
"20,41 : 0.3231"
"41,20 : 0.3231"
"20,42 : 0.26"
"42,20 : 0.26"
"20,43 : 0.512"
"43,20 : 0.512"
"20,44 : 0.5049"
"44,20 : 0.5049"
"20,45 : 0.2184"
"45,20 : 0.2184"
"20,46 : 0.7211"
"46,20 : 0.7211"
"20,47 : 0.364"
"47,20 : 0.364"
"20,48 : 0.3662"
"48,20 : 0.3662"
"20,49 : 0.4884"
"49,20 : 0.4884"
"21,22 : 0.6307"
"22,21 : 0.6307"
"21,23 : 0.2657"
"23,21 : 0.2657"
"21,24 : 0.4272"
"24,21 : 0.4272"
"21,25 : 0.4982"
"25,21 : 0.4982"
"21,26 : 0.2193"
"26,21 : 0.2193"
"21,27 : 0.3471"
"27,21 : 0.3471"
"21,28 : 0.2751"
"28,21 : 0.2751"
"21,29 : 0.4472"
"29,21 : 0.4472"
"21,30 : 0.728"
"30,21 : 0.728"
"21,31 : 0.7716"
"31,21 : 0.7716"
"21,32 : 0.05"
"32,21 : 0.05"
"21,33 : 0.314"
"33,21 : 0.314"
"21,34 : 0.222"
"34,21 : 0.222"
"21,35 : 0.1616"
"35,21 : 0.1616"
"21,36 : 0.6478"
"36,21 : 0.6478"
"21,37 : 0.7374"
"37,21 : 0.7374"
"21,38 : 0.7181"
"38,21 : 0.7181"
"21,39 : 0.4397"
"39,21 : 0.4397"
"21,40 : 0.1253"
"40,21 : 0.1253"
"21,41 : 0.2419"
"41,21 : 0.2419"
"21,42 : 0.1389"
"42,21 : 0.1389"
"21,43 : 0.1703"
"43,21 : 0.1703"
"21,44 : 0.4604"
"44,21 : 0.4604"
"21,45 : 0.4002"
"45,21 : 0.4002"
"21,46 : 0.7991"
"46,21 : 0.7991"
"21,47 : 0.2973"
"47,21 : 0.2973"
"21,48 : 0.5692"
"48,21 : 0.5692"
"21,49 : 0.7023"
"49,21 : 0.7023"
"22,23 : 0.6603"
"23,22 : 0.6603"
"22,24 : 0.2193"
"24,22 : 0.2193"
"22,25 : 0.3688"
"25,22 : 0.3688"
"22,26 : 0.5162"
"26,22 : 0.5162"
"22,27 : 0.4105"
"27,22 : 0.4105"
"22,28 : 0.9047"
"28,22 : 0.9047"
"22,29 : 0.1838"
"29,22 : 0.1838"
"22,30 : 0.3362"
"30,22 : 0.3362"
"22,31 : 0.3041"
"31,22 : 0.3041"
"22,32 : 0.5869"
"32,22 : 0.5869"
"22,33 : 0.6213"
"33,22 : 0.6213"
"22,34 : 0.5423"
"34,22 : 0.5423"
"22,35 : 0.6607"
"35,22 : 0.6607"
"22,36 : 0.1838"
"36,22 : 0.1838"
"22,37 : 0.5434"
"37,22 : 0.5434"
"22,38 : 0.4492"
"38,22 : 0.4492"
"22,39 : 0.4649"
"39,22 : 0.4649"
"22,40 : 0.7357"
"40,22 : 0.7357"
"22,41 : 0.8448"
"41,22 : 0.8448"
"22,42 : 0.7184"
"42,22 : 0.7184"
"22,43 : 0.728"
"43,22 : 0.728"
"22,44 : 0.1903"
"44,22 : 0.1903"
"22,45 : 0.4948"
"45,22 : 0.4948"
"22,46 : 0.3002"
"46,22 : 0.3002"
"22,47 : 0.3569"
"47,22 : 0.3569"
"22,48 : 0.4743"
"48,22 : 0.4743"
"22,49 : 0.5109"
"49,22 : 0.5109"
"23,24 : 0.5166"
"24,23 : 0.5166"
"23,25 : 0.6723"
"25,23 : 0.6723"
"23,26 : 0.4469"
"26,23 : 0.4469"
"23,27 : 0.536"
"27,23 : 0.536"
"23,28 : 0.3801"
"28,23 : 0.3801"
"23,29 : 0.4925"
"29,23 : 0.4925"
"23,30 : 0.6243"
"30,23 : 0.6243"
"23,31 : 0.6888"
"31,23 : 0.6888"
"23,32 : 0.2419"
"32,23 : 0.2419"
"23,33 : 0.0721"
"33,23 : 0.0721"
"23,34 : 0.1237"
"34,23 : 0.1237"
"23,35 : 0.4272"
"35,23 : 0.4272"
"23,36 : 0.7453"
"36,23 : 0.7453"
"23,37 : 0.9319"
"37,23 : 0.9319"
"23,38 : 0.8901"
"38,23 : 0.8901"
"23,39 : 0.278"
"39,23 : 0.278"
"23,40 : 0.3612"
"40,23 : 0.3612"
"23,41 : 0.2663"
"41,23 : 0.2663"
"23,42 : 0.1825"
"42,23 : 0.1825"
"23,43 : 0.4276"
"43,23 : 0.4276"
"23,44 : 0.4701"
"44,23 : 0.4701"
"23,45 : 0.228"
"45,23 : 0.228"
"23,46 : 0.7245"
"46,23 : 0.7245"
"23,47 : 0.314"
"47,23 : 0.314"
"23,48 : 0.3962"
"48,23 : 0.3962"
"23,49 : 0.5263"
"49,23 : 0.5263"
"24,25 : 0.2247"
"25,24 : 0.2247"
"24,26 : 0.297"
"26,24 : 0.297"
"24,27 : 0.2025"
"27,24 : 0.2025"
"24,28 : 0.7021"
"28,24 : 0.7021"
"24,29 : 0.0806"
"29,24 : 0.0806"
"24,30 : 0.461"
"30,24 : 0.461"
"24,31 : 0.4632"
"31,24 : 0.4632"
"24,32 : 0.3883"
"32,24 : 0.3883"
"24,33 : 0.4977"
"33,24 : 0.4977"
"24,34 : 0.3929"
"34,24 : 0.3929"
"24,35 : 0.442"
"35,24 : 0.442"
"24,36 : 0.2309"
"36,24 : 0.2309"
"24,37 : 0.472"
"37,24 : 0.472"
"24,38 : 0.4031"
"38,24 : 0.4031"
"24,39 : 0.4104"
"39,24 : 0.4104"
"24,40 : 0.5233"
"40,24 : 0.5233"
"24,41 : 0.6562"
"41,24 : 0.6562"
"24,42 : 0.5324"
"42,24 : 0.5324"
"24,43 : 0.5104"
"43,24 : 0.5104"
"24,44 : 0.1432"
"44,24 : 0.1432"
"24,45 : 0.4187"
"45,24 : 0.4187"
"24,46 : 0.4743"
"46,24 : 0.4743"
"24,47 : 0.2062"
"47,24 : 0.2062"
"24,48 : 0.4789"
"48,24 : 0.4789"
"24,49 : 0.5661"
"49,24 : 0.5661"
"25,26 : 0.29"
"26,25 : 0.29"
"25,27 : 0.1513"
"27,25 : 0.1513"
"25,28 : 0.75"
"28,25 : 0.75"
"25,29 : 0.3036"
"29,25 : 0.3036"
"25,30 : 0.6719"
"30,25 : 0.6719"
"25,31 : 0.6607"
"31,25 : 0.6607"
"25,32 : 0.478"
"32,25 : 0.478"
"25,33 : 0.672"
"33,25 : 0.672"
"25,34 : 0.5547"
"34,25 : 0.5547"
"25,35 : 0.4342"
"35,25 : 0.4342"
"25,36 : 0.2421"
"36,25 : 0.2421"
"25,37 : 0.2625"
"37,25 : 0.2625"
"25,38 : 0.2214"
"38,25 : 0.2214"
"25,39 : 0.6243"
"39,25 : 0.6243"
"25,40 : 0.5504"
"40,25 : 0.5504"
"25,41 : 0.7398"
"41,25 : 0.7398"
"25,42 : 0.6306"
"42,25 : 0.6306"
"25,43 : 0.5064"
"43,25 : 0.5064"
"25,44 : 0.3669"
"44,25 : 0.3669"
"25,45 : 0.6248"
"45,25 : 0.6248"
"25,46 : 0.6637"
"46,25 : 0.6637"
"25,47 : 0.3962"
"47,25 : 0.3962"
"25,48 : 0.7021"
"48,25 : 0.7021"
"25,49 : 0.7906"
"49,25 : 0.7906"
"26,27 : 0.1414"
"27,26 : 0.1414"
"26,28 : 0.46"
"28,26 : 0.46"
"26,29 : 0.3523"
"29,26 : 0.3523"
"26,30 : 0.7117"
"30,26 : 0.7117"
"26,31 : 0.7335"
"31,26 : 0.7335"
"26,32 : 0.214"
"32,26 : 0.214"
"26,33 : 0.4717"
"33,26 : 0.4717"
"26,34 : 0.3536"
"34,26 : 0.3536"
"26,35 : 0.1523"
"35,26 : 0.1523"
"26,36 : 0.4793"
"36,26 : 0.4793"
"26,37 : 0.5187"
"37,26 : 0.5187"
"26,38 : 0.5049"
"38,26 : 0.5049"
"26,39 : 0.5148"
"39,26 : 0.5148"
"26,40 : 0.2608"
"40,26 : 0.2608"
"26,41 : 0.4561"
"41,26 : 0.4561"
"26,42 : 0.3578"
"42,26 : 0.3578"
"26,43 : 0.2247"
"43,26 : 0.2247"
"26,44 : 0.3936"
"44,26 : 0.3936"
"26,45 : 0.4924"
"45,26 : 0.4924"
"26,46 : 0.7518"
"46,26 : 0.7518"
"26,47 : 0.2907"
"47,26 : 0.2907"
"26,48 : 0.6303"
"48,26 : 0.6303"
"26,49 : 0.7511"
"49,26 : 0.7511"
"27,28 : 0.6003"
"28,27 : 0.6003"
"27,29 : 0.2766"
"29,27 : 0.2766"
"27,30 : 0.6576"
"30,27 : 0.6576"
"27,31 : 0.6648"
"31,27 : 0.6648"
"27,32 : 0.3289"
"32,27 : 0.3289"
"27,33 : 0.5445"
"33,27 : 0.5445"
"27,34 : 0.4245"
"34,27 : 0.4245"
"27,35 : 0.2912"
"35,27 : 0.2912"
"27,36 : 0.3448"
"36,27 : 0.3448"
"27,37 : 0.3982"
"37,27 : 0.3982"
"27,38 : 0.3711"
"38,27 : 0.3711"
"27,39 : 0.5331"
"39,27 : 0.5331"
"27,40 : 0.402"
"40,27 : 0.402"
"27,41 : 0.5886"
"41,27 : 0.5886"
"27,42 : 0.4808"
"42,27 : 0.4808"
"27,43 : 0.364"
"43,27 : 0.364"
"27,44 : 0.3324"
"44,27 : 0.3324"
"27,45 : 0.5235"
"45,27 : 0.5235"
"27,46 : 0.6768"
"46,27 : 0.6768"
"27,47 : 0.2955"
"47,27 : 0.2955"
"27,48 : 0.6306"
"48,27 : 0.6306"
"27,49 : 0.7368"
"49,27 : 0.7368"
"28,29 : 0.7209"
"29,28 : 0.7209"
"28,30 : 0.969"
"30,28 : 0.969"
"28,31 : 1.0218"
"31,28 : 1.0218"
"28,32 : 0.3178"
"32,28 : 0.3178"
"28,33 : 0.4518"
"33,28 : 0.4518"
"28,34 : 0.4245"
"34,28 : 0.4245"
"28,35 : 0.3256"
"35,28 : 0.3256"
"28,36 : 0.9198"
"36,28 : 0.9198"
"28,37 : 0.9651"
"37,28 : 0.9651"
"28,38 : 0.9625"
"38,28 : 0.9625"
"28,39 : 0.642"
"39,28 : 0.642"
"28,40 : 0.201"
"40,28 : 0.201"
"28,41 : 0.1217"
"41,28 : 0.1217"
"28,42 : 0.2126"
"42,28 : 0.2126"
"28,43 : 0.2625"
"43,28 : 0.2625"
"28,44 : 0.7295"
"44,28 : 0.7295"
"28,45 : 0.5941"
"45,28 : 0.5941"
"28,46 : 1.0526"
"46,28 : 1.0526"
"28,47 : 0.5608"
"47,28 : 0.5608"
"28,48 : 0.7684"
"48,28 : 0.7684"
"28,49 : 0.9014"
"49,28 : 0.9014"
"29,30 : 0.3821"
"30,29 : 0.3821"
"29,31 : 0.389"
"31,29 : 0.389"
"29,32 : 0.4031"
"32,29 : 0.4031"
"29,33 : 0.4632"
"33,29 : 0.4632"
"29,34 : 0.3705"
"34,29 : 0.3705"
"29,35 : 0.488"
"35,29 : 0.488"
"29,36 : 0.26"
"36,29 : 0.26"
"29,37 : 0.5438"
"37,29 : 0.5438"
"29,38 : 0.4686"
"38,29 : 0.4686"
"29,39 : 0.3483"
"39,29 : 0.3483"
"29,40 : 0.5547"
"40,29 : 0.5547"
"29,41 : 0.6622"
"41,29 : 0.6622"
"29,42 : 0.536"
"42,29 : 0.536"
"29,43 : 0.5523"
"43,29 : 0.5523"
"29,44 : 0.0632"
"44,29 : 0.0632"
"29,45 : 0.3636"
"45,29 : 0.3636"
"29,46 : 0.4031"
"46,29 : 0.4031"
"29,47 : 0.18"
"47,29 : 0.18"
"29,48 : 0.405"
"48,29 : 0.405"
"29,49 : 0.487"
"49,29 : 0.487"
"30,31 : 0.0806"
"31,30 : 0.0806"
"30,32 : 0.678"
"32,30 : 0.678"
"30,33 : 0.5595"
"33,30 : 0.5595"
"30,34 : 0.5456"
"34,30 : 0.5456"
"30,35 : 0.823"
"35,30 : 0.823"
"30,36 : 0.52"
"36,30 : 0.52"
"30,37 : 0.8764"
"37,30 : 0.8764"
"30,38 : 0.7843"
"38,30 : 0.7843"
"30,39 : 0.3489"
"39,30 : 0.3489"
"30,40 : 0.8521"
"40,30 : 0.8521"
"30,41 : 0.8746"
"41,30 : 0.8746"
"30,42 : 0.7574"
"42,30 : 0.7574"
"30,43 : 0.8746"
"43,30 : 0.8746"
"30,44 : 0.3256"
"44,30 : 0.3256"
"30,45 : 0.3982"
"45,30 : 0.3982"
"30,46 : 0.1204"
"46,30 : 0.1204"
"30,47 : 0.4391"
"47,30 : 0.4391"
"30,48 : 0.2631"
"48,30 : 0.2631"
"30,49 : 0.2154"
"49,30 : 0.2154"
"31,32 : 0.7218"
"32,31 : 0.7218"
"31,33 : 0.6265"
"33,31 : 0.6265"
"31,34 : 0.6022"
"34,31 : 0.6022"
"31,35 : 0.8544"
"35,31 : 0.8544"
"31,36 : 0.4851"
"36,31 : 0.4851"
"31,37 : 0.8472"
"37,31 : 0.8472"
"31,38 : 0.7519"
"38,31 : 0.7519"
"31,39 : 0.4179"
"39,31 : 0.4179"
"31,40 : 0.8938"
"40,31 : 0.8938"
"31,41 : 0.9323"
"41,31 : 0.9323"
"31,42 : 0.8122"
"42,31 : 0.8122"
"31,43 : 0.9102"
"43,31 : 0.9102"
"31,44 : 0.3401"
"44,31 : 0.3401"
"31,45 : 0.4662"
"45,31 : 0.4662"
"31,46 : 0.04"
"46,31 : 0.04"
"31,47 : 0.4763"
"47,31 : 0.4763"
"31,48 : 0.3413"
"48,31 : 0.3413"
"31,49 : 0.2941"
"49,31 : 0.2941"
"32,33 : 0.2816"
"33,32 : 0.2816"
"32,34 : 0.18"
"34,32 : 0.18"
"32,35 : 0.1924"
"35,32 : 0.1924"
"32,36 : 0.6129"
"36,32 : 0.6129"
"32,37 : 0.725"
"37,32 : 0.725"
"32,38 : 0.6992"
"38,32 : 0.6992"
"32,39 : 0.3929"
"39,32 : 0.3929"
"32,40 : 0.1749"
"40,32 : 0.1749"
"32,41 : 0.2702"
"41,32 : 0.2702"
"32,42 : 0.153"
"42,32 : 0.153"
"32,43 : 0.2138"
"43,32 : 0.2138"
"32,44 : 0.4134"
"44,32 : 0.4134"
"32,45 : 0.3551"
"45,32 : 0.3551"
"32,46 : 0.7495"
"46,32 : 0.7495"
"32,47 : 0.2484"
"47,32 : 0.2484"
"32,48 : 0.522"
"48,32 : 0.522"
"32,49 : 0.6546"
"49,32 : 0.6546"
"33,34 : 0.1204"
"34,33 : 0.1204"
"33,35 : 0.473"
"35,33 : 0.473"
"33,36 : 0.7212"
"36,33 : 0.7212"
"33,37 : 0.9341"
"37,33 : 0.9341"
"33,38 : 0.8851"
"38,33 : 0.8851"
"33,39 : 0.211"
"39,33 : 0.211"
"33,40 : 0.4201"
"40,33 : 0.4201"
"33,41 : 0.3384"
"41,33 : 0.3384"
"33,42 : 0.25"
"42,33 : 0.25"
"33,43 : 0.4817"
"43,33 : 0.4817"
"33,44 : 0.4329"
"44,33 : 0.4329"
"33,45 : 0.1612"
"45,33 : 0.1612"
"33,46 : 0.6631"
"46,33 : 0.6631"
"33,47 : 0.2915"
"47,33 : 0.2915"
"33,48 : 0.3253"
"48,33 : 0.3253"
"33,49 : 0.4545"
"49,33 : 0.4545"
"34,35 : 0.3712"
"35,34 : 0.3712"
"34,36 : 0.6217"
"36,34 : 0.6217"
"34,37 : 0.8161"
"37,34 : 0.8161"
"34,38 : 0.7703"
"38,34 : 0.7703"
"34,39 : 0.2236"
"39,34 : 0.2236"
"34,40 : 0.3421"
"40,34 : 0.3421"
"34,41 : 0.3302"
"41,34 : 0.3302"
"34,42 : 0.2121"
"42,34 : 0.2121"
"34,43 : 0.392"
"43,34 : 0.392"
"34,44 : 0.3523"
"44,34 : 0.3523"
"34,45 : 0.1803"
"45,34 : 0.1803"
"34,46 : 0.6351"
"46,34 : 0.6351"
"34,47 : 0.191"
"47,34 : 0.191"
"34,48 : 0.3534"
"48,34 : 0.3534"
"34,49 : 0.4875"
"49,34 : 0.4875"
"35,36 : 0.6316"
"36,35 : 0.6316"
"35,37 : 0.6395"
"37,35 : 0.6395"
"35,38 : 0.6401"
"38,35 : 0.6401"
"35,39 : 0.5743"
"39,35 : 0.5743"
"35,40 : 0.1265"
"40,35 : 0.1265"
"35,41 : 0.3499"
"41,35 : 0.3499"
"35,42 : 0.2843"
"42,35 : 0.2843"
"35,43 : 0.0728"
"43,35 : 0.0728"
"35,44 : 0.5201"
"44,35 : 0.5201"
"35,45 : 0.5408"
"45,35 : 0.5408"
"35,46 : 0.8766"
"46,35 : 0.8766"
"35,47 : 0.3848"
"47,35 : 0.3848"
"35,48 : 0.7004"
"48,35 : 0.7004"
"35,49 : 0.8298"
"49,35 : 0.8298"
"36,37 : 0.3635"
"37,36 : 0.3635"
"36,38 : 0.2668"
"38,36 : 0.2668"
"36,39 : 0.6021"
"39,36 : 0.6021"
"36,40 : 0.7308"
"40,36 : 0.7308"
"36,41 : 0.8828"
"41,36 : 0.8828"
"36,42 : 0.7606"
"42,36 : 0.7606"
"36,43 : 0.7038"
"43,36 : 0.7038"
"36,44 : 0.3053"
"44,36 : 0.3053"
"36,45 : 0.6218"
"45,36 : 0.6218"
"36,46 : 0.4768"
"46,36 : 0.4768"
"36,47 : 0.4317"
"47,36 : 0.4317"
"36,48 : 0.6366"
"48,36 : 0.6366"
"36,49 : 0.6882"
"49,36 : 0.6882"
"37,38 : 0.1005"
"38,37 : 0.1005"
"37,39 : 0.8809"
"39,37 : 0.8809"
"37,40 : 0.7649"
"40,37 : 0.7649"
"37,41 : 0.9742"
"41,37 : 0.9742"
"37,42 : 0.8746"
"42,37 : 0.8746"
"37,43 : 0.7058"
"43,37 : 0.7058"
"37,44 : 0.6054"
"44,37 : 0.6054"
"37,45 : 0.8846"
"45,37 : 0.8846"
"37,46 : 0.8401"
"46,37 : 0.8401"
"37,47 : 0.6576"
"47,37 : 0.6576"
"37,48 : 0.9487"
"48,37 : 0.9487"
"37,49 : 1.0242"
"49,37 : 1.0242"
"38,39 : 0.8132"
"39,38 : 0.8132"
"38,40 : 0.7616"
"40,38 : 0.7616"
"38,41 : 0.959"
"41,38 : 0.959"
"38,42 : 0.8516"
"42,38 : 0.8516"
"38,43 : 0.7101"
"43,38 : 0.7101"
"38,44 : 0.528"
"44,38 : 0.528"
"38,45 : 0.8213"
"45,38 : 0.8213"
"38,46 : 0.7433"
"46,38 : 0.7433"
"38,47 : 0.6"
"47,38 : 0.6"
"38,48 : 0.872"
"48,38 : 0.872"
"38,49 : 0.9402"
"49,38 : 0.9402"
"39,40 : 0.563"
"40,39 : 0.563"
"39,41 : 0.5376"
"41,39 : 0.5376"
"39,42 : 0.4301"
"42,39 : 0.4301"
"39,43 : 0.6064"
"43,39 : 0.6064"
"39,44 : 0.2968"
"44,39 : 0.2968"
"39,45 : 0.05"
"45,39 : 0.05"
"39,46 : 0.4554"
"46,39 : 0.4554"
"39,47 : 0.2377"
"47,39 : 0.2377"
"39,48 : 0.13"
"48,39 : 0.13"
"39,49 : 0.264"
"49,39 : 0.264"
"40,41 : 0.228"
"41,40 : 0.228"
"40,42 : 0.1897"
"42,40 : 0.1897"
"40,43 : 0.0781"
"43,40 : 0.0781"
"40,44 : 0.5749"
"44,40 : 0.5749"
"40,45 : 0.522"
"45,40 : 0.522"
"40,46 : 0.9202"
"46,40 : 0.9202"
"40,47 : 0.4177"
"47,40 : 0.4177"
"40,48 : 0.6929"
"48,40 : 0.6929"
"40,49 : 0.8264"
"49,40 : 0.8264"
"41,42 : 0.1265"
"42,41 : 0.1265"
"41,43 : 0.3048"
"43,41 : 0.3048"
"41,44 : 0.6613"
"44,41 : 0.6613"
"41,45 : 0.4884"
"45,41 : 0.4884"
"41,46 : 0.9652"
"46,41 : 0.9652"
"41,47 : 0.4904"
"47,41 : 0.4904"
"41,48 : 0.6607"
"48,41 : 0.6607"
"41,49 : 0.792"
"49,41 : 0.792"
"42,43 : 0.264"
"43,42 : 0.264"
"42,44 : 0.5349"
"44,42 : 0.5349"
"42,45 : 0.3828"
"45,42 : 0.3828"
"42,46 : 0.844"
"46,42 : 0.844"
"42,47 : 0.364"
"47,42 : 0.364"
"42,48 : 0.5576"
"48,42 : 0.5576"
