x,y
0.83,0.49
0.38,0.53
0.59,0.38
0.41,0.33
0.51,0.77
0.65,0.03
0.52,0.67
0.54,0.34
0.73,0.64
0.66,0.12
0.91,0.93
0.05,0.25
0.47,0.07
0.06,0.07
0.71,0.61
0.36,0.4
0.96,0.6
0.37,0.0
0.09,0.34
0.8,0.28
0.62,0.62
0.97,0.86
0.67,0.81
0.86,0.14
0.51,0.12
0.09,0.17
0.75,0.62
0.4,0.2
0.43,0.79
0.04,0.24
0.91,0.21
0.5,0.35
0.61,0.43
0.86,1.0
0.32,1.0
0.06,0.54
0.86,0.2
0.71,0.22
0.04,0.04
0.57,0.06
0.36,0.62
0.14,0.29
0.88,0.35
0.25,1.0
0.37,0.31
0.93,0.4
0.47,0.62
0.5,0.78
0.88,0.44
0.46,0.82

Distanze
"0,1 : 0.4518"
"1,0 : 0.4518"
"0,2 : 0.264"
"2,0 : 0.264"
"0,3 : 0.4494"
"3,0 : 0.4494"
"0,4 : 0.4252"
"4,0 : 0.4252"
"0,5 : 0.494"
"5,0 : 0.494"
"0,6 : 0.3585"
"6,0 : 0.3585"
"0,7 : 0.3265"
"7,0 : 0.3265"
"0,8 : 0.1803"
"8,0 : 0.1803"
"0,9 : 0.4072"
"9,0 : 0.4072"
"0,10 : 0.4472"
"10,0 : 0.4472"
"0,11 : 0.8161"
"11,0 : 0.8161"
"0,12 : 0.5532"
"12,0 : 0.5532"
"0,13 : 0.8771"
"13,0 : 0.8771"
"0,14 : 0.1697"
"14,0 : 0.1697"
"0,15 : 0.4785"
"15,0 : 0.4785"
"0,16 : 0.1703"
"16,0 : 0.1703"
"0,17 : 0.6721"
"17,0 : 0.6721"
"0,18 : 0.755"
"18,0 : 0.755"
"0,19 : 0.2121"
"19,0 : 0.2121"
"0,20 : 0.247"
"20,0 : 0.247"
"0,21 : 0.3956"
"21,0 : 0.3956"
"0,22 : 0.3578"
"22,0 : 0.3578"
"0,23 : 0.3513"
"23,0 : 0.3513"
"0,24 : 0.4892"
"24,0 : 0.4892"
"0,25 : 0.8062"
"25,0 : 0.8062"
"0,26 : 0.1526"
"26,0 : 0.1526"
"0,27 : 0.5187"
"27,0 : 0.5187"
"0,28 : 0.5"
"28,0 : 0.5"
"0,29 : 0.8286"
"29,0 : 0.8286"
"0,30 : 0.2912"
"30,0 : 0.2912"
"0,31 : 0.3585"
"31,0 : 0.3585"
"0,32 : 0.228"
"32,0 : 0.228"
"0,33 : 0.5109"
"33,0 : 0.5109"
"0,34 : 0.7212"
"34,0 : 0.7212"
"0,35 : 0.7716"
"35,0 : 0.7716"
"0,36 : 0.2915"
"36,0 : 0.2915"
"0,37 : 0.2955"
"37,0 : 0.2955"
"0,38 : 0.9092"
"38,0 : 0.9092"
"0,39 : 0.5025"
"39,0 : 0.5025"
"0,40 : 0.4876"
"40,0 : 0.4876"
"0,41 : 0.7184"
"41,0 : 0.7184"
"0,42 : 0.1487"
"42,0 : 0.1487"
"0,43 : 0.7723"
"43,0 : 0.7723"
"0,44 : 0.494"
"44,0 : 0.494"
"0,45 : 0.1345"
"45,0 : 0.1345"
"0,46 : 0.3828"
"46,0 : 0.3828"
"0,47 : 0.4393"
"47,0 : 0.4393"
"0,48 : 0.0707"
"48,0 : 0.0707"
"0,49 : 0.4958"
"49,0 : 0.4958"
"1,2 : 0.2581"
"2,1 : 0.2581"
"1,3 : 0.2022"
"3,1 : 0.2022"
"1,4 : 0.2729"
"4,1 : 0.2729"
"1,5 : 0.5682"
"5,1 : 0.5682"
"1,6 : 0.198"
"6,1 : 0.198"
"1,7 : 0.2484"
"7,1 : 0.2484"
"1,8 : 0.3669"
"8,1 : 0.3669"
"1,9 : 0.4965"
"9,1 : 0.4965"
"1,10 : 0.664"
"10,1 : 0.664"
"1,11 : 0.4328"
"11,1 : 0.4328"
"1,12 : 0.4687"
"12,1 : 0.4687"
"1,13 : 0.5604"
"13,1 : 0.5604"
"1,14 : 0.3396"
"14,1 : 0.3396"
"1,15 : 0.1315"
"15,1 : 0.1315"
"1,16 : 0.5842"
"16,1 : 0.5842"
"1,17 : 0.5301"
"17,1 : 0.5301"
"1,18 : 0.3467"
"18,1 : 0.3467"
"1,19 : 0.4888"
"19,1 : 0.4888"
"1,20 : 0.2563"
"20,1 : 0.2563"
"1,21 : 0.676"
"21,1 : 0.676"
"1,22 : 0.4031"
"22,1 : 0.4031"
"1,23 : 0.6185"
"23,1 : 0.6185"
"1,24 : 0.4301"
"24,1 : 0.4301"
"1,25 : 0.4623"
"25,1 : 0.4623"
"1,26 : 0.3808"
"26,1 : 0.3808"
"1,27 : 0.3306"
"27,1 : 0.3306"
"1,28 : 0.2648"
"28,1 : 0.2648"
"1,29 : 0.4469"
"29,1 : 0.4469"
"1,30 : 0.6191"
"30,1 : 0.6191"
"1,31 : 0.2163"
"31,1 : 0.2163"
"1,32 : 0.2508"
"32,1 : 0.2508"
"1,33 : 0.6718"
"33,1 : 0.6718"
"1,34 : 0.4738"
"34,1 : 0.4738"
"1,35 : 0.3202"
"35,1 : 0.3202"
"1,36 : 0.5825"
"36,1 : 0.5825"
"1,37 : 0.4528"
"37,1 : 0.4528"
"1,38 : 0.5964"
"38,1 : 0.5964"
"1,39 : 0.507"
"39,1 : 0.507"
"1,40 : 0.0922"
"40,1 : 0.0922"
"1,41 : 0.3394"
"41,1 : 0.3394"
"1,42 : 0.5314"
"42,1 : 0.5314"
"1,43 : 0.4876"
"43,1 : 0.4876"
"1,44 : 0.2202"
"44,1 : 0.2202"
"1,45 : 0.5652"
"45,1 : 0.5652"
"1,46 : 0.1273"
"46,1 : 0.1273"
"1,47 : 0.2773"
"47,1 : 0.2773"
"1,48 : 0.508"
"48,1 : 0.508"
"1,49 : 0.3008"
"49,1 : 0.3008"
"2,3 : 0.1868"
"3,2 : 0.1868"
"2,4 : 0.3981"
"4,2 : 0.3981"
"2,5 : 0.3551"
"5,2 : 0.3551"
"2,6 : 0.2983"
"6,2 : 0.2983"
"2,7 : 0.064"
"7,2 : 0.064"
"2,8 : 0.2953"
"8,2 : 0.2953"
"2,9 : 0.2693"
"9,2 : 0.2693"
"2,10 : 0.6363"
"10,2 : 0.6363"
"2,11 : 0.5554"
"11,2 : 0.5554"
"2,12 : 0.3324"
"12,2 : 0.3324"
"2,13 : 0.614"
"13,2 : 0.614"
"2,14 : 0.2594"
"14,2 : 0.2594"
"2,15 : 0.2309"
"15,2 : 0.2309"
"2,16 : 0.4305"
"16,2 : 0.4305"
"2,17 : 0.4391"
"17,2 : 0.4391"
"2,18 : 0.5016"
"18,2 : 0.5016"
"2,19 : 0.2326"
"19,2 : 0.2326"
"2,20 : 0.2419"
"20,2 : 0.2419"
"2,21 : 0.6122"
"21,2 : 0.6122"
"2,22 : 0.4374"
"22,2 : 0.4374"
"2,23 : 0.3612"
"23,2 : 0.3612"
"2,24 : 0.272"
"24,2 : 0.272"
"2,25 : 0.5423"
"25,2 : 0.5423"
"2,26 : 0.2884"
"26,2 : 0.2884"
"2,27 : 0.2617"
"27,2 : 0.2617"
"2,28 : 0.4401"
"28,2 : 0.4401"
"2,29 : 0.5675"
"29,2 : 0.5675"
"2,30 : 0.3624"
"30,2 : 0.3624"
"2,31 : 0.0949"
"31,2 : 0.0949"
"2,32 : 0.0539"
"32,2 : 0.0539"
"2,33 : 0.6762"
"33,2 : 0.6762"
"2,34 : 0.6762"
"34,2 : 0.6762"
"2,35 : 0.5536"
"35,2 : 0.5536"
"2,36 : 0.3245"
"36,2 : 0.3245"
"2,37 : 0.2"
"37,2 : 0.2"
"2,38 : 0.6466"
"38,2 : 0.6466"
"2,39 : 0.3206"
"39,2 : 0.3206"
"2,40 : 0.3324"
"40,2 : 0.3324"
"2,41 : 0.4589"
"41,2 : 0.4589"
"2,42 : 0.2915"
"42,2 : 0.2915"
"2,43 : 0.7071"
"43,2 : 0.7071"
"2,44 : 0.2309"
"44,2 : 0.2309"
"2,45 : 0.3406"
"45,2 : 0.3406"
"2,46 : 0.2683"
"46,2 : 0.2683"
"2,47 : 0.41"
"47,2 : 0.41"
"2,48 : 0.2961"
"48,2 : 0.2961"
"2,49 : 0.4588"
"49,2 : 0.4588"
"3,4 : 0.4512"
"4,3 : 0.4512"
"3,5 : 0.3842"
"5,3 : 0.3842"
"3,6 : 0.3574"
"6,3 : 0.3574"
"3,7 : 0.1304"
"7,3 : 0.1304"
"3,8 : 0.4455"
"8,3 : 0.4455"
"3,9 : 0.3265"
"9,3 : 0.3265"
"3,10 : 0.781"
"10,3 : 0.781"
"3,11 : 0.3688"
"11,3 : 0.3688"
"3,12 : 0.2668"
"12,3 : 0.2668"
"3,13 : 0.436"
"13,3 : 0.436"
"3,14 : 0.4104"
"14,3 : 0.4104"
"3,15 : 0.086"
"15,3 : 0.086"
"3,16 : 0.6127"
"16,3 : 0.6127"
"3,17 : 0.3324"
"17,3 : 0.3324"
"3,18 : 0.3202"
"18,3 : 0.3202"
"3,19 : 0.3932"
"19,3 : 0.3932"
"3,20 : 0.3581"
"20,3 : 0.3581"
"3,21 : 0.771"
"21,3 : 0.771"
"3,22 : 0.5459"
"22,3 : 0.5459"
"3,23 : 0.4885"
"23,3 : 0.4885"
"3,24 : 0.2326"
"24,3 : 0.2326"
"3,25 : 0.3578"
"25,3 : 0.3578"
"3,26 : 0.4469"
"26,3 : 0.4469"
"3,27 : 0.1304"
"27,3 : 0.1304"
"3,28 : 0.4604"
"28,3 : 0.4604"
"3,29 : 0.3808"
"29,3 : 0.3808"
"3,30 : 0.5142"
"30,3 : 0.5142"
"3,31 : 0.0922"
"31,3 : 0.0922"
"3,32 : 0.2236"
"32,3 : 0.2236"
"3,33 : 0.8071"
"33,3 : 0.8071"
"3,34 : 0.676"
"34,3 : 0.676"
"3,35 : 0.4082"
"35,3 : 0.4082"
"3,36 : 0.4684"
"36,3 : 0.4684"
"3,37 : 0.3195"
"37,3 : 0.3195"
"3,38 : 0.4701"
"38,3 : 0.4701"
"3,39 : 0.3138"
"39,3 : 0.3138"
"3,40 : 0.2943"
"40,3 : 0.2943"
"3,41 : 0.2729"
"41,3 : 0.2729"
"3,42 : 0.4704"
"42,3 : 0.4704"
"3,43 : 0.6888"
"43,3 : 0.6888"
"3,44 : 0.0447"
"44,3 : 0.0447"
"3,45 : 0.5247"
"45,3 : 0.5247"
"3,46 : 0.2961"
"46,3 : 0.2961"
"3,47 : 0.4589"
"47,3 : 0.4589"
"3,48 : 0.4827"
"48,3 : 0.4827"
"3,49 : 0.4925"
"49,3 : 0.4925"
"4,5 : 0.7531"
"5,4 : 0.7531"
"4,6 : 0.1005"
"6,4 : 0.1005"
"4,7 : 0.431"
"7,4 : 0.431"
"4,8 : 0.2555"
"8,4 : 0.2555"
"4,9 : 0.6671"
"9,4 : 0.6671"
"4,10 : 0.4308"
"10,4 : 0.4308"
"4,11 : 0.6943"
"11,4 : 0.6943"
"4,12 : 0.7011"
"12,4 : 0.7011"
"4,13 : 0.8322"
"13,4 : 0.8322"
"4,14 : 0.2561"
"14,4 : 0.2561"
"4,15 : 0.3992"
"15,4 : 0.3992"
"4,16 : 0.481"
"16,4 : 0.481"
"4,17 : 0.7826"
"17,4 : 0.7826"
"4,18 : 0.6011"
"18,4 : 0.6011"
"4,19 : 0.5694"
"19,4 : 0.5694"
"4,20 : 0.186"
"20,4 : 0.186"
"4,21 : 0.4687"
"21,4 : 0.4687"
"4,22 : 0.1649"
"22,4 : 0.1649"
"4,23 : 0.7207"
"23,4 : 0.7207"
"4,24 : 0.65"
"24,4 : 0.65"
"4,25 : 0.7324"
"25,4 : 0.7324"
"4,26 : 0.283"
"26,4 : 0.283"
"4,27 : 0.5805"
"27,4 : 0.5805"
"4,28 : 0.0825"
"28,4 : 0.0825"
"4,29 : 0.7084"
"29,4 : 0.7084"
"4,30 : 0.6882"
"30,4 : 0.6882"
"4,31 : 0.4201"
"31,4 : 0.4201"
"4,32 : 0.3544"
"32,4 : 0.3544"
"4,33 : 0.4188"
"33,4 : 0.4188"
"4,34 : 0.2983"
"34,4 : 0.2983"
"4,35 : 0.5054"
"35,4 : 0.5054"
"4,36 : 0.6689"
"36,4 : 0.6689"
"4,37 : 0.5852"
"37,4 : 0.5852"
"4,38 : 0.8682"
"38,4 : 0.8682"
"4,39 : 0.7125"
"39,4 : 0.7125"
"4,40 : 0.2121"
"40,4 : 0.2121"
"4,41 : 0.6061"
"41,4 : 0.6061"
"4,42 : 0.5597"
"42,4 : 0.5597"
"4,43 : 0.3471"
"43,4 : 0.3471"
"4,44 : 0.4808"
"44,4 : 0.4808"
"4,45 : 0.5597"
"45,4 : 0.5597"
"4,46 : 0.1552"
"46,4 : 0.1552"
"4,47 : 0.0141"
"47,4 : 0.0141"
"4,48 : 0.4958"
"48,4 : 0.4958"
"4,49 : 0.0707"
"49,4 : 0.0707"
"5,6 : 0.6531"
"6,5 : 0.6531"
"5,7 : 0.3289"
"7,5 : 0.3289"
"5,8 : 0.6152"
"8,5 : 0.6152"
"5,9 : 0.0906"
"9,5 : 0.0906"
"5,10 : 0.9368"
"10,5 : 0.9368"
"5,11 : 0.6391"
"11,5 : 0.6391"
"5,12 : 0.1844"
"12,5 : 0.1844"
"5,13 : 0.5914"
"13,5 : 0.5914"
"5,14 : 0.5831"
"14,5 : 0.5831"
"5,15 : 0.4701"
"15,5 : 0.4701"
"5,16 : 0.6488"
"16,5 : 0.6488"
"5,17 : 0.2816"
"17,5 : 0.2816"
"5,18 : 0.6401"
"18,5 : 0.6401"
"5,19 : 0.2915"
"19,5 : 0.2915"
"5,20 : 0.5908"
"20,5 : 0.5908"
"5,21 : 0.8896"
"21,5 : 0.8896"
"5,22 : 0.7803"
"22,5 : 0.7803"
"5,23 : 0.2371"
"23,5 : 0.2371"
"5,24 : 0.1664"
"24,5 : 0.1664"
"5,25 : 0.5772"
"25,5 : 0.5772"
"5,26 : 0.5984"
"26,5 : 0.5984"
"5,27 : 0.3023"
"27,5 : 0.3023"
"5,28 : 0.7912"
"28,5 : 0.7912"
"5,29 : 0.6451"
"29,5 : 0.6451"
"5,30 : 0.3162"
"30,5 : 0.3162"
"5,31 : 0.3534"
"31,5 : 0.3534"
"5,32 : 0.402"
"32,5 : 0.402"
"5,33 : 0.9925"
"33,5 : 0.9925"
"5,34 : 1.0246"
"34,5 : 1.0246"
"5,35 : 0.7799"
"35,5 : 0.7799"
"5,36 : 0.2702"
"36,5 : 0.2702"
"5,37 : 0.1992"
"37,5 : 0.1992"
"5,38 : 0.6101"
"38,5 : 0.6101"
"5,39 : 0.0854"
"39,5 : 0.0854"
"5,40 : 0.6574"
"40,5 : 0.6574"
"5,41 : 0.5725"
"41,5 : 0.5725"
"5,42 : 0.3941"
"42,5 : 0.3941"
"5,43 : 1.0492"
"43,5 : 1.0492"
"5,44 : 0.396"
"44,5 : 0.396"
"5,45 : 0.464"
"45,5 : 0.464"
"5,46 : 0.6168"
"46,5 : 0.6168"
"5,47 : 0.7649"
"47,5 : 0.7649"
"5,48 : 0.4701"
"48,5 : 0.4701"
"5,49 : 0.8125"
"49,5 : 0.8125"
"6,7 : 0.3306"
"7,6 : 0.3306"
"6,8 : 0.2121"
"8,6 : 0.2121"
"6,9 : 0.5675"
"9,6 : 0.5675"
"6,10 : 0.4687"
"10,6 : 0.4687"
"6,11 : 0.6303"
"11,6 : 0.6303"
"6,12 : 0.6021"
"12,6 : 0.6021"
"6,13 : 0.756"
"13,6 : 0.756"
"6,14 : 0.1992"
"14,6 : 0.1992"
"6,15 : 0.3138"
"15,6 : 0.3138"
"6,16 : 0.4455"
"16,6 : 0.4455"
"6,17 : 0.6866"
"17,6 : 0.6866"
"6,18 : 0.542"
"18,6 : 0.542"
"6,19 : 0.4801"
"19,6 : 0.4801"
"6,20 : 0.1118"
"20,6 : 0.1118"
"6,21 : 0.4885"
"21,6 : 0.4885"
"6,22 : 0.2052"
"22,6 : 0.2052"
"6,23 : 0.6297"
"23,6 : 0.6297"
"6,24 : 0.5501"
"24,6 : 0.5501"
"6,25 : 0.6595"
"25,6 : 0.6595"
"6,26 : 0.2354"
"26,6 : 0.2354"
"6,27 : 0.4851"
"27,6 : 0.4851"
"6,28 : 0.15"
"28,6 : 0.15"
"6,29 : 0.6444"
"29,6 : 0.6444"
"6,30 : 0.6031"
"30,6 : 0.6031"
"6,31 : 0.3206"
"31,6 : 0.3206"
"6,32 : 0.2563"
"32,6 : 0.2563"
"6,33 : 0.4738"
"33,6 : 0.4738"
"6,34 : 0.3859"
"34,6 : 0.3859"
"6,35 : 0.478"
"35,6 : 0.478"
"6,36 : 0.5801"
"36,6 : 0.5801"
"6,37 : 0.4885"
"37,6 : 0.4885"
"6,38 : 0.792"
"38,6 : 0.792"
"6,39 : 0.612"
"39,6 : 0.612"
"6,40 : 0.1676"
"40,6 : 0.1676"
"6,41 : 0.5374"
"41,6 : 0.5374"
"6,42 : 0.4817"
"42,6 : 0.4817"
"6,43 : 0.4264"
"43,6 : 0.4264"
"6,44 : 0.39"
"44,6 : 0.39"
"6,45 : 0.4909"
"45,6 : 0.4909"
"6,46 : 0.0707"
"46,6 : 0.0707"
"6,47 : 0.1118"
"47,6 : 0.1118"
"6,48 : 0.4272"
"48,6 : 0.4272"
"6,49 : 0.1616"
"49,6 : 0.1616"
"7,8 : 0.3551"
"8,7 : 0.3551"
"7,9 : 0.2506"
"9,7 : 0.2506"
"7,10 : 0.6964"
"10,7 : 0.6964"
"7,11 : 0.4982"
"11,7 : 0.4982"
"7,12 : 0.2789"
"12,7 : 0.2789"
"7,13 : 0.5507"
"13,7 : 0.5507"
"7,14 : 0.3191"
"14,7 : 0.3191"
"7,15 : 0.1897"
"15,7 : 0.1897"
"7,16 : 0.494"
"16,7 : 0.494"
"7,17 : 0.3801"
"17,7 : 0.3801"
"7,18 : 0.45"
"18,7 : 0.45"
"7,19 : 0.2668"
"19,7 : 0.2668"
"7,20 : 0.2912"
"20,7 : 0.2912"
"7,21 : 0.6748"
"21,7 : 0.6748"
"7,22 : 0.4876"
"22,7 : 0.4876"
"7,23 : 0.3774"
"23,7 : 0.3774"
"7,24 : 0.222"
"24,7 : 0.222"
"7,25 : 0.481"
"25,7 : 0.481"
"7,26 : 0.35"
"26,7 : 0.35"
"7,27 : 0.198"
"27,7 : 0.198"
"7,28 : 0.4632"
"28,7 : 0.4632"
"7,29 : 0.5099"
"29,7 : 0.5099"
"7,30 : 0.3922"
"30,7 : 0.3922"
"7,31 : 0.0412"
"31,7 : 0.0412"
"7,32 : 0.114"
"32,7 : 0.114"
"7,33 : 0.7335"
"33,7 : 0.7335"
"7,34 : 0.6957"
"34,7 : 0.6957"
"7,35 : 0.52"
"35,7 : 0.52"
"7,36 : 0.3493"
"36,7 : 0.3493"
"7,37 : 0.2081"
"37,7 : 0.2081"
"7,38 : 0.5831"
"38,7 : 0.5831"
"7,39 : 0.2816"
"39,7 : 0.2816"
"7,40 : 0.3329"
"40,7 : 0.3329"
"7,41 : 0.4031"
"41,7 : 0.4031"
"7,42 : 0.3401"
"42,7 : 0.3401"
"7,43 : 0.7209"
"43,7 : 0.7209"
"7,44 : 0.1726"
"44,7 : 0.1726"
"7,45 : 0.3946"
"45,7 : 0.3946"
"7,46 : 0.2886"
"46,7 : 0.2886"
"7,47 : 0.4418"
"47,7 : 0.4418"
"7,48 : 0.3544"
"48,7 : 0.3544"
"7,49 : 0.4866"
"49,7 : 0.4866"
"8,9 : 0.5247"
"9,8 : 0.5247"
"8,10 : 0.3413"
"10,8 : 0.3413"
"8,11 : 0.7839"
"11,8 : 0.7839"
"8,12 : 0.6265"
"12,8 : 0.6265"
"8,13 : 0.8797"
"13,8 : 0.8797"
"8,14 : 0.0361"
"14,8 : 0.0361"
"8,15 : 0.441"
"15,8 : 0.441"
"8,16 : 0.2335"
"16,8 : 0.2335"
"8,17 : 0.7343"
"17,8 : 0.7343"
"8,18 : 0.7068"
"18,8 : 0.7068"
"8,19 : 0.3667"
"19,8 : 0.3667"
"8,20 : 0.1118"
"20,8 : 0.1118"
"8,21 : 0.3256"
"21,8 : 0.3256"
"8,22 : 0.1803"
"22,8 : 0.1803"
"8,23 : 0.5166"
"23,8 : 0.5166"
"8,24 : 0.5646"
"24,8 : 0.5646"
"8,25 : 0.794"
"25,8 : 0.794"
"8,26 : 0.0283"
"26,8 : 0.0283"
"8,27 : 0.55"
"27,8 : 0.55"
"8,28 : 0.3354"
"28,8 : 0.3354"
"8,29 : 0.7976"
"29,8 : 0.7976"
"8,30 : 0.4662"
"30,8 : 0.4662"
"8,31 : 0.3701"
"31,8 : 0.3701"
"8,32 : 0.2419"
"32,8 : 0.2419"
"8,33 : 0.3828"
"33,8 : 0.3828"
"8,34 : 0.5456"
"34,8 : 0.5456"
"8,35 : 0.6774"
"35,8 : 0.6774"
"8,36 : 0.4588"
"36,8 : 0.4588"
"8,37 : 0.4205"
"37,8 : 0.4205"
"8,38 : 0.9144"
"38,8 : 0.9144"
"8,39 : 0.6017"
"39,8 : 0.6017"
"8,40 : 0.3705"
"40,8 : 0.3705"
"8,41 : 0.686"
"41,8 : 0.686"
"8,42 : 0.3265"
"42,8 : 0.3265"
"8,43 : 0.6"
"43,8 : 0.6"
"8,44 : 0.4884"
"44,8 : 0.4884"
"8,45 : 0.3124"
"45,8 : 0.3124"
"8,46 : 0.2608"
"46,8 : 0.2608"
"8,47 : 0.2693"
"47,8 : 0.2693"
"8,48 : 0.25"
"48,8 : 0.25"
"8,49 : 0.3245"
"49,8 : 0.3245"
"9,10 : 0.8477"
"10,9 : 0.8477"
"9,11 : 0.6237"
"11,9 : 0.6237"
"9,12 : 0.1965"
"12,9 : 0.1965"
"9,13 : 0.6021"
"13,9 : 0.6021"
"9,14 : 0.4925"
"14,9 : 0.4925"
"9,15 : 0.4104"
"15,9 : 0.4104"
"9,16 : 0.566"
"16,9 : 0.566"
"9,17 : 0.3138"
"17,9 : 0.3138"
"9,18 : 0.611"
"18,9 : 0.611"
"9,19 : 0.2126"
"19,9 : 0.2126"
"9,20 : 0.5016"
"20,9 : 0.5016"
"9,21 : 0.8023"
"21,9 : 0.8023"
"9,22 : 0.6901"
"22,9 : 0.6901"
"9,23 : 0.201"
"23,9 : 0.201"
"9,24 : 0.15"
"24,9 : 0.15"
"9,25 : 0.5722"
"25,9 : 0.5722"
"9,26 : 0.508"
"26,9 : 0.508"
"9,27 : 0.272"
"27,9 : 0.272"
"9,28 : 0.7084"
"28,9 : 0.7084"
"9,29 : 0.6315"
"29,9 : 0.6315"
"9,30 : 0.2657"
"30,9 : 0.2657"
"9,31 : 0.2802"
"31,9 : 0.2802"
"9,32 : 0.314"
"32,9 : 0.314"
"9,33 : 0.9024"
"33,9 : 0.9024"
"9,34 : 0.9434"
"34,9 : 0.9434"
"9,35 : 0.7324"
"35,9 : 0.7324"
"9,36 : 0.2154"
"36,9 : 0.2154"
"9,37 : 0.1118"
"37,9 : 0.1118"
"9,38 : 0.6251"
"38,9 : 0.6251"
"9,39 : 0.1082"
"39,9 : 0.1082"
"9,40 : 0.5831"
"40,9 : 0.5831"
"9,41 : 0.5471"
"41,9 : 0.5471"
"9,42 : 0.3183"
"42,9 : 0.3183"
"9,43 : 0.9708"
"43,9 : 0.9708"
"9,44 : 0.3467"
"44,9 : 0.3467"
"9,45 : 0.389"
"45,9 : 0.389"
"9,46 : 0.5349"
"46,9 : 0.5349"
"9,47 : 0.6791"
"47,9 : 0.6791"
"9,48 : 0.3883"
"48,9 : 0.3883"
"9,49 : 0.728"
"49,9 : 0.728"
"10,11 : 1.0964"
"11,10 : 1.0964"
"10,12 : 0.966"
"12,10 : 0.966"
"10,13 : 1.2092"
"13,10 : 1.2092"
"10,14 : 0.3774"
"14,10 : 0.3774"
"10,15 : 0.7638"
"15,10 : 0.7638"
"10,16 : 0.3338"
"16,10 : 0.3338"
"10,17 : 1.0754"
"17,10 : 1.0754"
"10,18 : 1.0102"
"18,10 : 1.0102"
"10,19 : 0.6592"
"19,10 : 0.6592"
"10,20 : 0.4245"
"20,10 : 0.4245"
"10,21 : 0.0922"
"21,10 : 0.0922"
"10,22 : 0.2683"
"22,10 : 0.2683"
"10,23 : 0.7916"
"23,10 : 0.7916"
"10,24 : 0.9034"
"24,10 : 0.9034"
"10,25 : 1.118"
"25,10 : 1.118"
"10,26 : 0.3489"
"26,10 : 0.3489"
"10,27 : 0.8905"
"27,10 : 0.8905"
"10,28 : 0.5"
"28,10 : 0.5"
"10,29 : 1.1104"
"29,10 : 1.1104"
"10,30 : 0.72"
"30,10 : 0.72"
"10,31 : 0.7103"
"31,10 : 0.7103"
"10,32 : 0.5831"
"32,10 : 0.5831"
"10,33 : 0.086"
"33,10 : 0.086"
"10,34 : 0.5941"
"34,10 : 0.5941"
"10,35 : 0.9352"
"35,10 : 0.9352"
"10,36 : 0.7317"
"36,10 : 0.7317"
"10,37 : 0.7376"
"37,10 : 0.7376"
"10,38 : 1.2446"
"38,10 : 1.2446"
"10,39 : 0.9341"
"39,10 : 0.9341"
"10,40 : 0.6313"
"40,10 : 0.6313"
"10,41 : 1.0012"
"41,10 : 1.0012"
"10,42 : 0.5808"
"42,10 : 0.5808"
"10,43 : 0.6637"
"43,10 : 0.6637"
"10,44 : 0.8222"
"44,10 : 0.8222"
"10,45 : 0.5304"
"45,10 : 0.5304"
"10,46 : 0.5382"
"46,10 : 0.5382"
"10,47 : 0.4366"
"47,10 : 0.4366"
"10,48 : 0.4909"
"48,10 : 0.4909"
"10,49 : 0.4632"
"49,10 : 0.4632"
"11,12 : 0.4569"
"12,11 : 0.4569"
"11,13 : 0.1803"
"13,11 : 0.1803"
"11,14 : 0.7518"
"14,11 : 0.7518"
"11,15 : 0.3444"
"15,11 : 0.3444"
"11,16 : 0.975"
"16,11 : 0.975"
"11,17 : 0.4061"
"17,11 : 0.4061"
"11,18 : 0.0985"
"18,11 : 0.0985"
"11,19 : 0.7506"
"19,11 : 0.7506"
"11,20 : 0.6796"
"20,11 : 0.6796"
"11,21 : 1.1039"
"21,11 : 1.1039"
"11,22 : 0.8355"
"22,11 : 0.8355"
"11,23 : 0.8174"
"23,11 : 0.8174"
"11,24 : 0.478"
"24,11 : 0.478"
"11,25 : 0.0894"
"25,11 : 0.0894"
"11,26 : 0.7918"
"26,11 : 0.7918"
"11,27 : 0.3536"
"27,11 : 0.3536"
"11,28 : 0.6603"
"28,11 : 0.6603"
"11,29 : 0.0141"
"29,11 : 0.0141"
"11,30 : 0.8609"
"30,11 : 0.8609"
"11,31 : 0.461"
"31,11 : 0.461"
"11,32 : 0.5882"
"32,11 : 0.5882"
"11,33 : 1.1039"
"33,11 : 1.1039"
"11,34 : 0.7971"
"34,11 : 0.7971"
"11,35 : 0.2902"
"35,11 : 0.2902"
"11,36 : 0.8115"
"36,11 : 0.8115"
"11,37 : 0.6607"
"37,11 : 0.6607"
"11,38 : 0.2102"
"38,11 : 0.2102"
"11,39 : 0.5536"
"39,11 : 0.5536"
"11,40 : 0.4827"
"40,11 : 0.4827"
"11,41 : 0.0985"
"41,11 : 0.0985"
"11,42 : 0.836"
"42,11 : 0.836"
"11,43 : 0.7762"
"43,11 : 0.7762"
"11,44 : 0.3256"
"44,11 : 0.3256"
"11,45 : 0.8927"
"45,11 : 0.8927"
"11,46 : 0.5597"
"46,11 : 0.5597"
"11,47 : 0.6953"
"47,11 : 0.6953"
"11,48 : 0.8515"
"48,11 : 0.8515"
"11,49 : 0.7021"
"49,11 : 0.7021"
"12,13 : 0.41"
"13,12 : 0.41"
"12,14 : 0.5909"
"14,12 : 0.5909"
"12,15 : 0.3479"
"15,12 : 0.3479"
"12,16 : 0.7218"
"16,12 : 0.7218"
"12,17 : 0.1221"
"17,12 : 0.1221"
"12,18 : 0.4662"
"18,12 : 0.4662"
"12,19 : 0.3912"
"19,12 : 0.3912"
"12,20 : 0.5701"
"20,12 : 0.5701"
"12,21 : 0.9349"
"21,12 : 0.9349"
"12,22 : 0.7666"
"22,12 : 0.7666"
"12,23 : 0.3962"
"23,12 : 0.3962"
"12,24 : 0.064"
"24,12 : 0.064"
"12,25 : 0.3929"
"25,12 : 0.3929"
"12,26 : 0.6172"
"26,12 : 0.6172"
"12,27 : 0.1476"
"27,12 : 0.1476"
"12,28 : 0.7211"
"28,12 : 0.7211"
"12,29 : 0.4624"
"29,12 : 0.4624"
"12,30 : 0.4617"
"30,12 : 0.4617"
"12,31 : 0.2816"
"31,12 : 0.2816"
"12,32 : 0.3863"
"32,12 : 0.3863"
"12,33 : 1.0085"
"33,12 : 1.0085"
"12,34 : 0.942"
"34,12 : 0.942"
"12,35 : 0.6237"
"35,12 : 0.6237"
"12,36 : 0.4111"
"36,12 : 0.4111"
"12,37 : 0.283"
"37,12 : 0.283"
"12,38 : 0.431"
"38,12 : 0.431"
"12,39 : 0.1005"
"39,12 : 0.1005"
"12,40 : 0.5609"
"40,12 : 0.5609"
"12,41 : 0.3966"
"41,12 : 0.3966"
"12,42 : 0.4965"
"42,12 : 0.4965"
"12,43 : 0.9557"
"43,12 : 0.9557"
"12,44 : 0.26"
"44,12 : 0.26"
"12,45 : 0.5661"
"45,12 : 0.5661"
"12,46 : 0.55"
"46,12 : 0.55"
"12,47 : 0.7106"
"47,12 : 0.7106"
"12,48 : 0.5523"
"48,12 : 0.5523"
"12,49 : 0.7501"
"49,12 : 0.7501"
"13,14 : 0.845"
"14,13 : 0.845"
"13,15 : 0.446"
"15,13 : 0.446"
"13,16 : 1.0445"
"16,13 : 1.0445"
"13,17 : 0.3178"
"17,13 : 0.3178"
"13,18 : 0.2717"
"18,13 : 0.2717"
"13,19 : 0.7692"
"19,13 : 0.7692"
"13,20 : 0.7849"
"20,13 : 0.7849"
"13,21 : 1.2051"
"21,13 : 1.2051"
"13,22 : 0.959"
"22,13 : 0.959"
"13,23 : 0.8031"
"23,13 : 0.8031"
"13,24 : 0.4528"
"24,13 : 0.4528"
"13,25 : 0.1044"
"25,13 : 0.1044"
"13,26 : 0.8824"
"26,13 : 0.8824"
"13,27 : 0.364"
"27,13 : 0.364"
"13,28 : 0.8095"
"28,13 : 0.8095"
"13,29 : 0.1712"
"29,13 : 0.1712"
"13,30 : 0.8615"
"30,13 : 0.8615"
"13,31 : 0.5215"
"31,13 : 0.5215"
"13,32 : 0.6573"
"32,13 : 0.6573"
"13,33 : 1.2267"
"33,13 : 1.2267"
"13,34 : 0.9657"
"34,13 : 0.9657"
"13,35 : 0.47"
"35,13 : 0.47"
"13,36 : 0.8105"
"36,13 : 0.8105"
"13,37 : 0.6671"
"37,13 : 0.6671"
"13,38 : 0.0361"
"38,13 : 0.0361"
"13,39 : 0.5101"
"39,13 : 0.5101"
"13,40 : 0.6265"
"40,13 : 0.6265"
"13,41 : 0.2341"
"41,13 : 0.2341"
"13,42 : 0.8665"
"42,13 : 0.8665"
"13,43 : 0.9492"
"43,13 : 0.9492"
"13,44 : 0.392"
"44,13 : 0.392"
"13,45 : 0.9305"
"45,13 : 0.9305"
"13,46 : 0.686"
"46,13 : 0.686"
"13,47 : 0.8353"
"47,13 : 0.8353"
"13,48 : 0.8996"
"48,13 : 0.8996"
"13,49 : 0.85"
"49,13 : 0.85"
"14,15 : 0.4082"
"15,14 : 0.4082"
"14,16 : 0.2502"
"16,14 : 0.2502"
"14,17 : 0.6984"
"17,14 : 0.6984"
"14,18 : 0.6762"
"18,14 : 0.6762"
"14,19 : 0.3421"
"19,14 : 0.3421"
"14,20 : 0.0906"
"20,14 : 0.0906"
"14,21 : 0.3607"
"21,14 : 0.3607"
"14,22 : 0.204"
"22,14 : 0.204"
"14,23 : 0.4934"
"23,14 : 0.4934"
"14,24 : 0.5292"
"24,14 : 0.5292"
"14,25 : 0.7603"
"25,14 : 0.7603"
"14,26 : 0.0412"
"26,14 : 0.0412"
"14,27 : 0.514"
"27,14 : 0.514"
"14,28 : 0.3329"
"28,14 : 0.3329"
"14,29 : 0.7654"
"29,14 : 0.7654"
"14,30 : 0.4472"
"30,14 : 0.4472"
"14,31 : 0.3342"
"31,14 : 0.3342"
"14,32 : 0.2059"
"32,14 : 0.2059"
"14,33 : 0.4179"
"33,14 : 0.4179"
"14,34 : 0.5515"
"34,14 : 0.5515"
"14,35 : 0.6538"
"35,14 : 0.6538"
"14,36 : 0.4366"
"36,14 : 0.4366"
"14,37 : 0.39"
"37,14 : 0.39"
"14,38 : 0.8797"
"38,14 : 0.8797"
"14,39 : 0.5675"
"39,14 : 0.5675"
"14,40 : 0.3501"
"40,14 : 0.3501"
"14,41 : 0.6537"
"41,14 : 0.6537"
"14,42 : 0.3106"
"42,14 : 0.3106"
"14,43 : 0.6031"
"43,14 : 0.6031"
"14,44 : 0.4534"
"44,14 : 0.4534"
"14,45 : 0.3041"
"45,14 : 0.3041"
"14,46 : 0.2402"
"46,14 : 0.2402"
"14,47 : 0.2702"
"47,14 : 0.2702"
"14,48 : 0.2404"
"48,14 : 0.2404"
"14,49 : 0.3265"
"49,14 : 0.3265"
"15,16 : 0.6325"
"16,15 : 0.6325"
"15,17 : 0.4001"
"17,15 : 0.4001"
"15,18 : 0.2766"
"18,15 : 0.2766"
"15,19 : 0.4561"
"19,15 : 0.4561"
"15,20 : 0.3406"
"20,15 : 0.3406"
"15,21 : 0.764"
"21,15 : 0.764"
"15,22 : 0.514"
"22,15 : 0.514"
"15,23 : 0.5636"
"23,15 : 0.5636"
"15,24 : 0.3176"
"24,15 : 0.3176"
"15,25 : 0.3547"
"25,15 : 0.3547"
"15,26 : 0.4478"
"26,15 : 0.4478"
"15,27 : 0.204"
"27,15 : 0.204"
"15,28 : 0.3962"
"28,15 : 0.3962"
"15,29 : 0.3578"
"29,15 : 0.3578"
"15,30 : 0.5819"
"30,15 : 0.5819"
"15,31 : 0.1487"
"31,15 : 0.1487"
"15,32 : 0.2518"
"32,15 : 0.2518"
"15,33 : 0.781"
"33,15 : 0.781"
"15,34 : 0.6013"
"34,15 : 0.6013"
"15,35 : 0.3311"
"35,15 : 0.3311"
"15,36 : 0.5385"
"36,15 : 0.5385"
"15,37 : 0.3936"
"37,15 : 0.3936"
"15,38 : 0.4817"
"38,15 : 0.4817"
"15,39 : 0.3996"
"39,15 : 0.3996"
"15,40 : 0.22"
"40,15 : 0.22"
"15,41 : 0.246"
"41,15 : 0.246"
"15,42 : 0.5224"
"42,15 : 0.5224"
"15,43 : 0.61"
"43,15 : 0.61"
"15,44 : 0.0906"
"44,15 : 0.0906"
"15,45 : 0.57"
"45,15 : 0.57"
"15,46 : 0.246"
"46,15 : 0.246"
"15,47 : 0.405"
"47,15 : 0.405"
"15,48 : 0.5215"
"48,15 : 0.5215"
"15,49 : 0.4317"
"49,15 : 0.4317"
"16,17 : 0.8415"
"17,16 : 0.8415"
"16,18 : 0.908"
"18,16 : 0.908"
"16,19 : 0.3578"
"19,16 : 0.3578"
"16,20 : 0.3406"
"20,16 : 0.3406"
"16,21 : 0.2602"
"21,16 : 0.2602"
"16,22 : 0.3581"
"22,16 : 0.3581"
"16,23 : 0.4707"
"23,16 : 0.4707"
"16,24 : 0.658"
"24,16 : 0.658"
"16,25 : 0.9705"
"25,16 : 0.9705"
"16,26 : 0.211"
"26,16 : 0.211"
"16,27 : 0.6882"
"27,16 : 0.6882"
"16,28 : 0.563"
"28,16 : 0.563"
"16,29 : 0.9879"
"29,16 : 0.9879"
"16,30 : 0.3932"
"30,16 : 0.3932"
"16,31 : 0.5235"
"31,16 : 0.5235"
"16,32 : 0.3891"
"32,16 : 0.3891"
"16,33 : 0.4123"
"33,16 : 0.4123"
"16,34 : 0.7547"
"34,16 : 0.7547"
"16,35 : 0.902"
"35,16 : 0.902"
"16,36 : 0.4123"
"36,16 : 0.4123"
"16,37 : 0.4549"
"37,16 : 0.4549"
"16,38 : 1.077"
"38,16 : 1.077"
"16,39 : 0.6661"
"39,16 : 0.6661"
"16,40 : 0.6003"
"40,16 : 0.6003"
"16,41 : 0.8766"
"41,16 : 0.8766"
"16,42 : 0.2625"
"42,16 : 0.2625"
"16,43 : 0.8149"
"43,16 : 0.8149"
"16,44 : 0.6574"
"44,16 : 0.6574"
"16,45 : 0.2022"
"45,16 : 0.2022"
"16,46 : 0.4904"
"46,16 : 0.4904"
"16,47 : 0.494"
"47,16 : 0.494"
"16,48 : 0.1789"
"48,16 : 0.1789"
"16,49 : 0.5463"
"49,16 : 0.5463"
"17,18 : 0.4405"
"18,17 : 0.4405"
"17,19 : 0.5131"
"19,17 : 0.5131"
"17,20 : 0.6685"
"20,17 : 0.6685"
"17,21 : 1.0486"
"21,17 : 1.0486"
"17,22 : 0.8638"
"22,17 : 0.8638"
"17,23 : 0.5096"
"23,17 : 0.5096"
"17,24 : 0.1844"
"24,17 : 0.1844"
"17,25 : 0.3276"
"25,17 : 0.3276"
"17,26 : 0.7272"
"26,17 : 0.7272"
"17,27 : 0.2022"
"27,17 : 0.2022"
"17,28 : 0.7923"
"28,17 : 0.7923"
"17,29 : 0.408"
"29,17 : 0.408"
"17,30 : 0.5794"
"30,17 : 0.5794"
"17,31 : 0.3734"
"31,17 : 0.3734"
"17,32 : 0.4924"
"32,17 : 0.4924"
"17,33 : 1.1136"
"33,17 : 1.1136"
"17,34 : 1.0012"
"34,17 : 1.0012"
"17,35 : 0.6227"
"35,17 : 0.6227"
"17,36 : 0.5292"
"36,17 : 0.5292"
"17,37 : 0.405"
"37,17 : 0.405"
"17,38 : 0.3324"
"38,17 : 0.3324"
"17,39 : 0.2088"
"39,17 : 0.2088"
"17,40 : 0.6201"
"40,17 : 0.6201"
"17,41 : 0.3701"
"41,17 : 0.3701"
"17,42 : 0.6185"
"42,17 : 0.6185"
"17,43 : 1.0072"
"43,17 : 1.0072"
"17,44 : 0.31"
"44,17 : 0.31"
"17,45 : 0.6882"
"45,17 : 0.6882"
"17,46 : 0.628"
"46,17 : 0.628"
"17,47 : 0.7908"
"47,17 : 0.7908"
"17,48 : 0.6736"
"48,17 : 0.6736"
"17,49 : 0.8249"
"49,17 : 0.8249"
"18,19 : 0.7125"
"19,18 : 0.7125"
"18,20 : 0.5994"
"20,18 : 0.5994"
"18,21 : 1.0222"
"21,18 : 1.0222"
"18,22 : 0.7465"
"22,18 : 0.7465"
"18,23 : 0.7956"
"23,18 : 0.7956"
"18,24 : 0.4741"
"24,18 : 0.4741"
"18,25 : 0.17"
"25,18 : 0.17"
"18,26 : 0.7169"
"26,18 : 0.7169"
"18,27 : 0.3401"
"27,18 : 0.3401"
"18,28 : 0.564"
"28,18 : 0.564"
"18,29 : 0.1118"
"29,18 : 0.1118"
"18,30 : 0.8302"
"30,18 : 0.8302"
"18,31 : 0.4101"
"31,18 : 0.4101"
"18,32 : 0.5277"
"32,18 : 0.5277"
"18,33 : 1.0141"
"33,18 : 1.0141"
"18,34 : 0.6989"
"34,18 : 0.6989"
"18,35 : 0.2022"
"35,18 : 0.2022"
"18,36 : 0.7826"
"36,18 : 0.7826"
"18,37 : 0.6315"
"37,18 : 0.6315"
"18,38 : 0.3041"
"38,18 : 0.3041"
"18,39 : 0.5557"
"39,18 : 0.5557"
"18,40 : 0.389"
"40,18 : 0.389"
"18,41 : 0.0707"
"41,18 : 0.0707"
"18,42 : 0.7901"
"42,18 : 0.7901"
"18,43 : 0.6791"
"43,18 : 0.6791"
"18,44 : 0.2816"
"44,18 : 0.2816"
"18,45 : 0.8421"
"45,18 : 0.8421"
"18,46 : 0.472"
"46,18 : 0.472"
"18,47 : 0.6014"
"47,18 : 0.6014"
"18,48 : 0.7963"
"48,18 : 0.7963"
"18,49 : 0.6061"
"49,18 : 0.6061"
"19,20 : 0.3847"
"20,19 : 0.3847"
"19,21 : 0.6044"
"21,19 : 0.6044"
"19,22 : 0.5457"
"22,19 : 0.5457"
"19,23 : 0.1523"
"23,19 : 0.1523"
"19,24 : 0.3312"
"24,19 : 0.3312"
"19,25 : 0.7185"
"25,19 : 0.7185"
"19,26 : 0.3437"
"26,19 : 0.3437"
"19,27 : 0.4079"
"27,19 : 0.4079"
"19,28 : 0.6301"
"28,19 : 0.6301"
"19,29 : 0.7611"
"29,19 : 0.7611"
"19,30 : 0.1304"
"30,19 : 0.1304"
"19,31 : 0.3081"
"31,19 : 0.3081"
"19,32 : 0.2421"
"32,19 : 0.2421"
"19,33 : 0.7225"
"33,19 : 0.7225"
"19,34 : 0.8653"
"34,19 : 0.8653"
"19,35 : 0.7843"
"35,19 : 0.7843"
"19,36 : 0.1"
"36,19 : 0.1"
"19,37 : 0.1082"
"37,19 : 0.1082"
"19,38 : 0.797"
"38,19 : 0.797"
"19,39 : 0.3183"
"39,19 : 0.3183"
"19,40 : 0.5561"
"40,19 : 0.5561"
"19,41 : 0.6601"
"41,19 : 0.6601"
"19,42 : 0.1063"
"42,19 : 0.1063"
"19,43 : 0.906"
"43,19 : 0.906"
"19,44 : 0.431"
"44,19 : 0.431"
"19,45 : 0.1769"
"45,19 : 0.1769"
"19,46 : 0.4738"
"46,19 : 0.4738"
"19,47 : 0.5831"
"47,19 : 0.5831"
"19,48 : 0.1789"
"48,19 : 0.1789"
"19,49 : 0.6381"
"49,19 : 0.6381"
"20,21 : 0.4244"
"21,20 : 0.4244"
"20,22 : 0.1965"
"22,20 : 0.1965"
"20,23 : 0.5367"
"23,20 : 0.5367"
"20,24 : 0.512"
"24,20 : 0.512"
"20,25 : 0.6953"
"25,20 : 0.6953"
"20,26 : 0.13"
"26,20 : 0.13"
"20,27 : 0.4741"
"27,20 : 0.4741"
"20,28 : 0.255"
"28,20 : 0.255"
"20,29 : 0.6934"
"29,20 : 0.6934"
"20,30 : 0.5022"
"30,20 : 0.5022"
"20,31 : 0.2955"
"31,20 : 0.2955"
"20,32 : 0.1903"
"32,20 : 0.1903"
"20,33 : 0.4494"
"33,20 : 0.4494"
"20,34 : 0.4841"
"34,20 : 0.4841"
"20,35 : 0.5657"
"35,20 : 0.5657"
"20,36 : 0.4837"
"36,20 : 0.4837"
"20,37 : 0.41"
"37,20 : 0.41"
"20,38 : 0.8202"
"38,20 : 0.8202"
"20,39 : 0.5622"
"39,20 : 0.5622"
"20,40 : 0.26"
"40,20 : 0.26"
"20,41 : 0.5825"
"41,20 : 0.5825"
"20,42 : 0.3748"
"42,20 : 0.3748"
"20,43 : 0.5304"
"43,20 : 0.5304"
"20,44 : 0.3982"
"44,20 : 0.3982"
"20,45 : 0.3801"
"45,20 : 0.3801"
"20,46 : 0.15"
"46,20 : 0.15"
"20,47 : 0.2"
"47,20 : 0.2"
"20,48 : 0.3162"
"48,20 : 0.3162"
"20,49 : 0.2561"
"49,20 : 0.2561"
"21,22 : 0.3041"
"22,21 : 0.3041"
"21,23 : 0.7284"
"23,21 : 0.7284"
"21,24 : 0.8713"
"24,21 : 0.8713"
"21,25 : 1.1183"
"25,21 : 1.1183"
"21,26 : 0.3256"
"26,21 : 0.3256"
"21,27 : 0.8721"
"27,21 : 0.8721"
"21,28 : 0.5445"
"28,21 : 0.5445"
"21,29 : 1.1177"
"29,21 : 1.1177"
"21,30 : 0.6528"
"30,21 : 0.6528"
"21,31 : 0.6935"
"31,21 : 0.6935"
"21,32 : 0.5608"
"32,21 : 0.5608"
"21,33 : 0.178"
"33,21 : 0.178"
"21,34 : 0.6649"
"34,21 : 0.6649"
"21,35 : 0.9646"
"35,21 : 0.9646"
"21,36 : 0.6691"
"36,21 : 0.6691"
"21,37 : 0.6908"
"37,21 : 0.6908"
"21,38 : 1.2399"
"38,21 : 1.2399"
"21,39 : 0.8944"
"39,21 : 0.8944"
"21,40 : 0.6555"
"40,21 : 0.6555"
"21,41 : 1.0069"
"41,21 : 1.0069"
"21,42 : 0.5179"
"42,21 : 0.5179"
"21,43 : 0.7335"
"43,21 : 0.7335"
"21,44 : 0.8139"
"44,21 : 0.8139"
"21,45 : 0.4617"
"45,21 : 0.4617"
"21,46 : 0.5546"
"46,21 : 0.5546"
"21,47 : 0.4768"
"47,21 : 0.4768"
"21,48 : 0.4295"
"48,21 : 0.4295"
"21,49 : 0.5116"
"49,21 : 0.5116"
"22,23 : 0.6964"
"23,22 : 0.6964"
"22,24 : 0.7083"
"24,22 : 0.7083"
"22,25 : 0.8637"
"25,22 : 0.8637"
"22,26 : 0.2062"
"26,22 : 0.2062"
"22,27 : 0.6671"
"27,22 : 0.6671"
"22,28 : 0.2408"
"28,22 : 0.2408"
"22,29 : 0.8496"
"29,22 : 0.8496"
"22,30 : 0.6462"
"30,22 : 0.6462"
"22,31 : 0.4904"
"31,22 : 0.4904"
"22,32 : 0.3847"
"32,22 : 0.3847"
"22,33 : 0.2687"
"33,22 : 0.2687"
"22,34 : 0.3982"
"34,22 : 0.3982"
"22,35 : 0.6671"
"35,22 : 0.6671"
"22,36 : 0.6389"
"36,22 : 0.6389"
"22,37 : 0.5914"
"37,22 : 0.5914"
"22,38 : 0.9949"
"38,22 : 0.9949"
"22,39 : 0.7566"
"39,22 : 0.7566"
"22,40 : 0.3636"
"40,22 : 0.3636"
"22,41 : 0.7425"
"41,22 : 0.7425"
"22,42 : 0.5057"
"42,22 : 0.5057"
"22,43 : 0.461"
"43,22 : 0.461"
"22,44 : 0.5831"
"44,22 : 0.5831"
"22,45 : 0.4855"
"45,22 : 0.4855"
"22,46 : 0.2759"
"46,22 : 0.2759"
"22,47 : 0.1726"
"47,22 : 0.1726"
"22,48 : 0.4254"
"48,22 : 0.4254"
"22,49 : 0.2102"
"49,22 : 0.2102"
"23,24 : 0.3506"
"24,23 : 0.3506"
"23,25 : 0.7706"
"25,23 : 0.7706"
"23,26 : 0.4924"
"26,23 : 0.4924"
"23,27 : 0.4639"
"27,23 : 0.4639"
"23,28 : 0.7794"
"28,23 : 0.7794"
"23,29 : 0.8261"
"29,23 : 0.8261"
"23,30 : 0.086"
"30,23 : 0.086"
"23,31 : 0.4168"
"31,23 : 0.4168"
"23,32 : 0.3829"
"32,23 : 0.3829"
"23,33 : 0.86"
"33,23 : 0.86"
"23,34 : 1.0155"
"34,23 : 1.0155"
"23,35 : 0.8944"
"35,23 : 0.8944"
"23,36 : 0.06"
"36,23 : 0.06"
"23,37 : 0.17"
"37,23 : 0.17"
"23,38 : 0.8261"
"38,23 : 0.8261"
"23,39 : 0.3008"
"39,23 : 0.3008"
"23,40 : 0.6931"
"40,23 : 0.6931"
"23,41 : 0.7355"
"41,23 : 0.7355"
"23,42 : 0.211"
"42,23 : 0.211"
"23,43 : 1.0544"
"43,23 : 1.0544"
"23,44 : 0.5187"
"44,23 : 0.5187"
"23,45 : 0.2693"
"45,23 : 0.2693"
"23,46 : 0.6185"
"46,23 : 0.6185"
"23,47 : 0.7343"
"47,23 : 0.7343"
"23,48 : 0.3007"
"48,23 : 0.3007"
"23,49 : 0.7889"
"49,23 : 0.7889"
"24,25 : 0.423"
"25,24 : 0.423"
"24,26 : 0.5546"
"26,24 : 0.5546"
"24,27 : 0.136"
"27,24 : 0.136"
"24,28 : 0.6748"
"28,24 : 0.6748"
"24,29 : 0.4851"
"29,24 : 0.4851"
"24,30 : 0.41"
"30,24 : 0.41"
"24,31 : 0.2302"
"31,24 : 0.2302"
"24,32 : 0.3257"
"32,24 : 0.3257"
"24,33 : 0.947"
"33,24 : 0.947"
"24,34 : 0.9003"
"34,24 : 0.9003"
"24,35 : 0.6155"
"35,24 : 0.6155"
"24,36 : 0.359"
"36,24 : 0.359"
"24,37 : 0.2236"
"37,24 : 0.2236"
"24,38 : 0.4768"
"38,24 : 0.4768"
"24,39 : 0.0849"
"39,24 : 0.0849"
"24,40 : 0.522"
"40,24 : 0.522"
"24,41 : 0.4072"
"41,24 : 0.4072"
"24,42 : 0.4357"
"42,24 : 0.4357"
"24,43 : 0.9176"
"43,24 : 0.9176"
"24,44 : 0.236"
"44,24 : 0.236"
"24,45 : 0.5048"
"45,24 : 0.5048"
"24,46 : 0.5016"
"46,24 : 0.5016"
"24,47 : 0.6601"
"47,24 : 0.6601"
"24,48 : 0.4892"
"48,24 : 0.4892"
"24,49 : 0.7018"
"49,24 : 0.7018"
"25,26 : 0.7988"
"26,25 : 0.7988"
"25,27 : 0.3114"
"27,25 : 0.3114"
"25,28 : 0.7071"
"28,25 : 0.7071"
"25,29 : 0.086"
"29,25 : 0.086"
"25,30 : 0.821"
"30,25 : 0.821"
"25,31 : 0.4478"
"31,25 : 0.4478"
"25,32 : 0.5814"
"32,25 : 0.5814"
"25,33 : 1.1322"
"33,25 : 1.1322"
"25,34 : 0.8613"
"34,25 : 0.8613"
"25,35 : 0.3712"
"35,25 : 0.3712"
"25,36 : 0.7706"
"36,25 : 0.7706"
"25,37 : 0.622"
"37,25 : 0.622"
"25,38 : 0.1393"
"38,25 : 0.1393"
"25,39 : 0.4924"
"39,25 : 0.4924"
"25,40 : 0.5248"
"40,25 : 0.5248"
"25,41 : 0.13"
"41,25 : 0.13"
"25,42 : 0.8102"
"42,25 : 0.8102"
"25,43 : 0.8453"
"43,25 : 0.8453"
"25,44 : 0.313"
"44,25 : 0.313"
"25,45 : 0.8709"
"45,25 : 0.8709"
"25,46 : 0.589"
"46,25 : 0.589"
"25,47 : 0.735"
"47,25 : 0.735"
"25,48 : 0.8349"
"48,25 : 0.8349"
"25,49 : 0.7479"
"49,25 : 0.7479"
"26,27 : 0.5467"
"27,26 : 0.5467"
"26,28 : 0.3624"
"28,26 : 0.3624"
"26,29 : 0.8053"
"29,26 : 0.8053"
"26,30 : 0.4401"
"30,26 : 0.4401"
"26,31 : 0.368"
"31,26 : 0.368"
"26,32 : 0.236"
"32,26 : 0.236"
"26,33 : 0.3956"
"33,26 : 0.3956"
"26,34 : 0.5738"
"34,26 : 0.5738"
"26,35 : 0.6946"
"35,26 : 0.6946"
"26,36 : 0.4342"
"36,26 : 0.4342"
"26,37 : 0.402"
"37,26 : 0.402"
"26,38 : 0.9168"
"38,26 : 0.9168"
"26,39 : 0.5882"
"39,26 : 0.5882"
"26,40 : 0.39"
"40,26 : 0.39"
"26,41 : 0.6935"
"41,26 : 0.6935"
"26,42 : 0.2997"
"42,26 : 0.2997"
"26,43 : 0.628"
"43,26 : 0.628"
"26,44 : 0.4904"
"44,26 : 0.4904"
"26,45 : 0.2843"
"45,26 : 0.2843"
"26,46 : 0.28"
"46,26 : 0.28"
"26,47 : 0.2968"
"47,26 : 0.2968"
"26,48 : 0.222"
"48,26 : 0.222"
"26,49 : 0.3523"
"49,26 : 0.3523"
"27,28 : 0.5908"
"28,27 : 0.5908"
"27,29 : 0.3622"
"29,27 : 0.3622"
"27,30 : 0.5101"
"30,27 : 0.5101"
"27,31 : 0.1803"
"31,27 : 0.1803"
"27,32 : 0.3114"
"32,27 : 0.3114"
"27,33 : 0.9228"
"33,27 : 0.9228"
"27,34 : 0.804"
"34,27 : 0.804"
"27,35 : 0.4808"
"35,27 : 0.4808"
"27,36 : 0.46"
"36,27 : 0.46"
"27,37 : 0.3106"
"37,27 : 0.3106"
"27,38 : 0.394"
"38,27 : 0.394"
"27,39 : 0.2202"
"39,27 : 0.2202"
"27,40 : 0.4219"
"40,27 : 0.4219"
"27,41 : 0.2751"
"41,27 : 0.2751"
"27,42 : 0.5029"
"42,27 : 0.5029"
"27,43 : 0.8139"
"43,27 : 0.8139"
"27,44 : 0.114"
"44,27 : 0.114"
"27,45 : 0.5665"
"45,27 : 0.5665"
"27,46 : 0.4258"
"46,27 : 0.4258"
"27,47 : 0.5886"
"47,27 : 0.5886"
"27,48 : 0.5367"
"48,27 : 0.5367"
"27,49 : 0.6229"
"49,27 : 0.6229"
"28,29 : 0.6742"
"29,28 : 0.6742"
"28,30 : 0.7529"
"30,28 : 0.7529"
"28,31 : 0.4455"
"31,28 : 0.4455"
"28,32 : 0.4025"
"32,28 : 0.4025"
"28,33 : 0.4785"
"33,28 : 0.4785"
"28,34 : 0.2371"
"34,28 : 0.2371"
"28,35 : 0.4465"
"35,28 : 0.4465"
"28,36 : 0.7301"
"36,28 : 0.7301"
"28,37 : 0.6351"
"37,28 : 0.6351"
"28,38 : 0.8453"
"38,28 : 0.8453"
"28,39 : 0.7433"
"39,28 : 0.7433"
"28,40 : 0.1838"
"40,28 : 0.1838"
"28,41 : 0.578"
"41,28 : 0.578"
"28,42 : 0.6294"
"42,28 : 0.6294"
"28,43 : 0.2766"
"43,28 : 0.2766"
"28,44 : 0.4837"
"44,28 : 0.4837"
"28,45 : 0.6341"
"45,28 : 0.6341"
"28,46 : 0.1746"
"46,28 : 0.1746"
"28,47 : 0.0707"
"47,28 : 0.0707"
"28,48 : 0.5701"
"48,28 : 0.5701"
"28,49 : 0.0424"
"49,28 : 0.0424"
"29,30 : 0.8705"
"30,29 : 0.8705"
"29,31 : 0.473"
"31,29 : 0.473"
"29,32 : 0.6008"
"32,29 : 0.6008"
"29,33 : 1.118"
"33,29 : 1.118"
"29,34 : 0.8099"
"34,29 : 0.8099"
"29,35 : 0.3007"
"35,29 : 0.3007"
"29,36 : 0.821"
"36,29 : 0.821"
"29,37 : 0.6703"
"37,29 : 0.6703"
"29,38 : 0.2"
"38,29 : 0.2"
"29,39 : 0.5597"
"39,29 : 0.5597"
"29,40 : 0.4968"
"40,29 : 0.4968"
"29,41 : 0.1118"
"41,29 : 0.1118"
"29,42 : 0.8472"
"42,29 : 0.8472"
"29,43 : 0.7885"
"43,29 : 0.7885"
"29,44 : 0.3373"
"44,29 : 0.3373"
"29,45 : 0.9043"
"45,29 : 0.9043"
"29,46 : 0.5738"
"46,29 : 0.5738"
"29,47 : 0.7094"
"47,29 : 0.7094"
"29,48 : 0.8635"
"48,29 : 0.8635"
"29,49 : 0.7161"
"49,29 : 0.7161"
"30,31 : 0.4332"
"31,30 : 0.4332"
"30,32 : 0.372"
"32,30 : 0.372"
"30,33 : 0.7916"
"33,30 : 0.7916"
"30,34 : 0.986"
"34,30 : 0.986"
"30,35 : 0.9118"
"35,30 : 0.9118"
"30,36 : 0.051"
"36,30 : 0.051"
"30,37 : 0.2002"
"37,30 : 0.2002"
"30,38 : 0.8865"
"38,30 : 0.8865"
"30,39 : 0.3716"
"39,30 : 0.3716"
"30,40 : 0.686"
"40,30 : 0.686"
"30,41 : 0.7741"
"41,30 : 0.7741"
"30,42 : 0.1432"
"42,30 : 0.1432"
"30,43 : 1.0294"
"43,30 : 1.0294"
"30,44 : 0.5492"
"44,30 : 0.5492"
"30,45 : 0.191"
"45,30 : 0.191"
"30,46 : 0.6014"
"46,30 : 0.6014"
"30,47 : 0.7021"
"47,30 : 0.7021"
"30,48 : 0.2319"
"48,30 : 0.2319"
"30,49 : 0.758"
"49,30 : 0.758"
"31,32 : 0.136"
"32,31 : 0.136"
"31,33 : 0.743"
"33,31 : 0.743"
"31,34 : 0.6745"
"34,31 : 0.6745"
"31,35 : 0.4793"
"35,31 : 0.4793"
"31,36 : 0.39"
"36,31 : 0.39"
"31,37 : 0.247"
"37,31 : 0.247"
"31,38 : 0.5547"
"38,31 : 0.5547"
"31,39 : 0.2983"
"39,31 : 0.2983"
"31,40 : 0.3041"
"40,31 : 0.3041"
"31,41 : 0.365"
"41,31 : 0.365"
"31,42 : 0.38"
"42,31 : 0.38"
"31,43 : 0.6964"
"43,31 : 0.6964"
"31,44 : 0.136"
"44,31 : 0.136"
"31,45 : 0.4329"
"45,31 : 0.4329"
"31,46 : 0.2717"
"46,31 : 0.2717"
"31,47 : 0.43"
"47,31 : 0.43"
"31,48 : 0.3905"
"48,31 : 0.3905"
"31,49 : 0.4717"
"49,31 : 0.4717"
"32,33 : 0.6224"
"33,32 : 0.6224"
"32,34 : 0.6395"
"34,32 : 0.6395"
"32,35 : 0.5609"
"35,32 : 0.5609"
"32,36 : 0.3397"
"36,32 : 0.3397"
"32,37 : 0.2326"
"37,32 : 0.2326"
"32,38 : 0.6907"
"38,32 : 0.6907"
"32,39 : 0.3722"
"39,32 : 0.3722"
"32,40 : 0.314"
"40,32 : 0.314"
"32,41 : 0.4904"
"41,32 : 0.4904"
"32,42 : 0.2816"
"42,32 : 0.2816"
"32,43 : 0.6742"
"43,32 : 0.6742"
"32,44 : 0.2683"
"44,32 : 0.2683"
"32,45 : 0.3214"
"45,32 : 0.3214"
"32,46 : 0.236"
"46,32 : 0.236"
"32,47 : 0.3669"
"47,32 : 0.3669"
"32,48 : 0.2702"
"48,32 : 0.2702"
"32,49 : 0.4179"
"49,32 : 0.4179"
"33,34 : 0.54"
"34,33 : 0.54"
"33,35 : 0.9228"
"35,33 : 0.9228"
"33,36 : 0.8"
"36,33 : 0.8"
"33,37 : 0.7943"
"37,33 : 0.7943"
"33,38 : 1.2625"
"38,33 : 1.2625"
"33,39 : 0.9837"
"39,33 : 0.9837"
"33,40 : 0.628"
"40,33 : 0.628"
"33,41 : 1.0112"
"41,33 : 1.0112"
"33,42 : 0.6503"
"42,33 : 0.6503"
"33,43 : 0.61"
"43,33 : 0.61"
"33,44 : 0.8463"
"44,33 : 0.8463"
"33,45 : 0.6041"
"45,33 : 0.6041"
"33,46 : 0.5445"
"46,33 : 0.5445"
"33,47 : 0.4219"
"47,33 : 0.4219"
"33,48 : 0.5604"
"48,33 : 0.5604"
"33,49 : 0.4386"
"49,33 : 0.4386"
"34,35 : 0.5284"
"35,34 : 0.5284"
"34,36 : 0.9652"
"36,34 : 0.9652"
"34,37 : 0.8721"
"37,34 : 0.8721"
"34,38 : 1.0"
"38,34 : 1.0"
"34,39 : 0.9727"
"39,34 : 0.9727"
"34,40 : 0.3821"
"40,34 : 0.3821"
"34,41 : 0.7325"
"41,34 : 0.7325"
"34,42 : 0.858"
"42,34 : 0.858"
"34,43 : 0.07"
"43,34 : 0.07"
"34,44 : 0.6918"
"44,34 : 0.6918"
"34,45 : 0.8556"
"45,34 : 0.8556"
"34,46 : 0.4085"
"46,34 : 0.4085"
"34,47 : 0.2843"
"47,34 : 0.2843"
"34,48 : 0.792"
"48,34 : 0.792"
"34,49 : 0.228"
"49,34 : 0.228"
"35,36 : 0.8693"
"36,35 : 0.8693"
"35,37 : 0.7245"
"37,35 : 0.7245"
"35,38 : 0.5004"
"38,35 : 0.5004"
"35,39 : 0.7004"
"39,35 : 0.7004"
"35,40 : 0.3105"
"40,35 : 0.3105"
"35,41 : 0.2625"
"41,35 : 0.2625"
"35,42 : 0.8417"
"42,35 : 0.8417"
"35,43 : 0.4977"
"43,35 : 0.4977"
"35,44 : 0.386"
"44,35 : 0.386"
"35,45 : 0.8812"
"45,35 : 0.8812"
"35,46 : 0.4177"
"46,35 : 0.4177"
"35,47 : 0.5012"
"47,35 : 0.5012"
"35,48 : 0.8261"
"48,35 : 0.8261"
"35,49 : 0.4883"
"49,35 : 0.4883"
"36,37 : 0.1513"
"37,36 : 0.1513"
"36,38 : 0.8355"
"38,36 : 0.8355"
"36,39 : 0.322"
"39,36 : 0.322"
"36,40 : 0.653"
"40,36 : 0.653"
"36,41 : 0.7256"
"41,36 : 0.7256"
"36,42 : 0.1513"
"42,36 : 0.1513"
"36,43 : 1.006"
"43,36 : 1.006"
"36,44 : 0.5022"
"44,36 : 0.5022"
"36,45 : 0.2119"
"45,36 : 0.2119"
"36,46 : 0.5731"
"46,36 : 0.5731"
"36,47 : 0.6826"
"47,36 : 0.6826"
"36,48 : 0.2408"
"48,36 : 0.2408"
"36,49 : 0.7378"
"49,36 : 0.7378"
"37,38 : 0.6938"
"38,37 : 0.6938"
"37,39 : 0.2126"
"39,37 : 0.2126"
"37,40 : 0.5315"
"40,37 : 0.5315"
"37,41 : 0.5743"
"41,37 : 0.5743"
"37,42 : 0.214"
"42,37 : 0.214"
"37,43 : 0.9055"
"43,37 : 0.9055"
"37,44 : 0.3517"
"44,37 : 0.3517"
"37,45 : 0.2843"
"45,37 : 0.2843"
"37,46 : 0.4665"
"46,37 : 0.4665"
"37,47 : 0.5981"
"47,37 : 0.5981"
"37,48 : 0.278"
"48,37 : 0.278"
"37,49 : 0.65"
"49,37 : 0.65"
"38,39 : 0.5304"
"39,38 : 0.5304"
"38,40 : 0.6624"
"40,38 : 0.6624"
"38,41 : 0.2693"
"41,38 : 0.2693"
"38,42 : 0.8954"
"42,38 : 0.8954"
"38,43 : 0.9827"
"43,38 : 0.9827"
"38,44 : 0.4264"
"44,38 : 0.4264"
"38,45 : 0.9601"
"45,38 : 0.9601"
"38,46 : 0.722"
"46,38 : 0.722"
"38,47 : 0.8713"
"47,38 : 0.8713"
"38,48 : 0.9304"
"48,38 : 0.9304"
"38,49 : 0.8859"
"49,38 : 0.8859"
"39,40 : 0.5981"
"40,39 : 0.5981"
"39,41 : 0.4876"
"41,39 : 0.4876"
"39,42 : 0.4245"
"42,39 : 0.4245"
"39,43 : 0.993"
"43,39 : 0.993"
"39,44 : 0.3202"
"44,39 : 0.3202"
"39,45 : 0.4952"
"45,39 : 0.4952"
"39,46 : 0.5689"
"46,39 : 0.5689"
"39,47 : 0.7234"
"47,39 : 0.7234"
"39,48 : 0.4904"
"48,39 : 0.4904"
"39,49 : 0.7679"
"49,39 : 0.7679"
"40,41 : 0.3966"
"41,40 : 0.3966"
"40,42 : 0.5859"
"42,40 : 0.5859"
"40,43 : 0.3956"
"43,40 : 0.3956"
"40,44 : 0.3102"
"44,40 : 0.3102"
"40,45 : 0.611"
"45,40 : 0.611"
"40,46 : 0.11"
"46,40 : 0.11"
"40,47 : 0.2126"
"47,40 : 0.2126"
"40,48 : 0.5503"
"48,40 : 0.5503"
"40,49 : 0.2236"
"49,40 : 0.2236"
"41,42 : 0.7424"
"42,41 : 0.7424"
"41,43 : 0.7185"
"43,41 : 0.7185"
"41,44 : 0.2309"
"44,41 : 0.2309"
"41,45 : 0.7976"
"45,41 : 0.7976"
"41,46 : 0.4667"
"46,41 : 0.4667"
"41,47 : 0.608"
"47,41 : 0.608"
"41,48 : 0.755"
"48,41 : 0.755"
"41,49 : 0.6191"
"49,41 : 0.6191"
"42,43 : 0.9052"
"43,42 : 0.9052"
"42,44 : 0.5116"
"44,42 : 0.5116"
"42,45 : 0.0707"
"45,42 : 0.0707"
"42,46 : 0.4909"
"46,42 : 0.4909"
"42,47 : 0.5738"
"47,42 : 0.5738"
"42,48 : 0.09"
"48,42 : 0.09"
"42,49 : 0.6303"
"49,42 : 0.6303"
"43,44 : 0.7004"
"44,43 : 0.7004"
"43,45 : 0.9069"
