x,y
0.97,0.56
0.82,0.26
0.97,0.2
0.1,0.75
0.23,0.67
0.31,0.85
0.86,0.25
0.36,0.91
0.82,0.46
0.64,0.97
0.04,0.66
0.72,0.8
0.08,0.46
0.65,0.92
0.14,0.38
0.64,0.21
0.08,0.66
0.42,0.29
0.13,0.96
0.42,0.23
0.19,0.32
0.31,0.27
0.7,0.51
0.41,0.57
0.07,0.48
0.57,0.47
0.43,0.28
0.57,0.62
0.04,0.44
0.64,0.42
0.25,0.89
0.71,0.98
0.3,0.92
0.38,0.83
0.99,0.24
0.18,0.53
0.25,0.96
0.53,0.42
0.1,0.32
0.62,0.05
0.37,0.32
0.61,0.06
0.44,0.29
0.64,0.22
0.76,0.94
0.03,0.13
0.08,0.87
0.57,0.2
0.54,0.67
0.73,0.28

Distanze
"0,1 : 0.3354"
"1,0 : 0.3354"
"0,2 : 0.36"
"2,0 : 0.36"
"0,3 : 0.8905"
"3,0 : 0.8905"
"0,4 : 0.7481"
"4,0 : 0.7481"
"0,5 : 0.7209"
"5,0 : 0.7209"
"0,6 : 0.3289"
"6,0 : 0.3289"
"0,7 : 0.7033"
"7,0 : 0.7033"
"0,8 : 0.1803"
"8,0 : 0.1803"
"0,9 : 0.5263"
"9,0 : 0.5263"
"0,10 : 0.9354"
"10,0 : 0.9354"
"0,11 : 0.3466"
"11,0 : 0.3466"
"0,12 : 0.8956"
"12,0 : 0.8956"
"0,13 : 0.4817"
"13,0 : 0.4817"
"0,14 : 0.8493"
"14,0 : 0.8493"
"0,15 : 0.481"
"15,0 : 0.481"
"0,16 : 0.8956"
"16,0 : 0.8956"
"0,17 : 0.6127"
"17,0 : 0.6127"
"0,18 : 0.9304"
"18,0 : 0.9304"
"0,19 : 0.6414"
"19,0 : 0.6414"
"0,20 : 0.8161"
"20,0 : 0.8161"
"0,21 : 0.7209"
"21,0 : 0.7209"
"0,22 : 0.2746"
"22,0 : 0.2746"
"0,23 : 0.5601"
"23,0 : 0.5601"
"0,24 : 0.9035"
"24,0 : 0.9035"
"0,25 : 0.41"
"25,0 : 0.41"
"0,26 : 0.6083"
"26,0 : 0.6083"
"0,27 : 0.4045"
"27,0 : 0.4045"
"0,28 : 0.9377"
"28,0 : 0.9377"
"0,29 : 0.3585"
"29,0 : 0.3585"
"0,30 : 0.792"
"30,0 : 0.792"
"0,31 : 0.494"
"31,0 : 0.494"
"0,32 : 0.7606"
"32,0 : 0.7606"
"0,33 : 0.6488"
"33,0 : 0.6488"
"0,34 : 0.3206"
"34,0 : 0.3206"
"0,35 : 0.7906"
"35,0 : 0.7906"
"0,36 : 0.8237"
"36,0 : 0.8237"
"0,37 : 0.4617"
"37,0 : 0.4617"
"0,38 : 0.9025"
"38,0 : 0.9025"
"0,39 : 0.6185"
"39,0 : 0.6185"
"0,40 : 0.6462"
"40,0 : 0.6462"
"0,41 : 0.6161"
"41,0 : 0.6161"
"0,42 : 0.5948"
"42,0 : 0.5948"
"0,43 : 0.4738"
"43,0 : 0.4738"
"0,44 : 0.4342"
"44,0 : 0.4342"
"0,45 : 1.0337"
"45,0 : 1.0337"
"0,46 : 0.9424"
"46,0 : 0.9424"
"0,47 : 0.5381"
"47,0 : 0.5381"
"0,48 : 0.4438"
"48,0 : 0.4438"
"0,49 : 0.3688"
"49,0 : 0.3688"
"1,2 : 0.1616"
"2,1 : 0.1616"
"1,3 : 0.8709"
"3,1 : 0.8709"
"1,4 : 0.7185"
"4,1 : 0.7185"
"1,5 : 0.7799"
"5,1 : 0.7799"
"1,6 : 0.0412"
"6,1 : 0.0412"
"1,7 : 0.7963"
"7,1 : 0.7963"
"1,8 : 0.2"
"8,1 : 0.2"
"1,9 : 0.7325"
"9,1 : 0.7325"
"1,10 : 0.8766"
"10,1 : 0.8766"
"1,11 : 0.5492"
"11,1 : 0.5492"
"1,12 : 0.7666"
"12,1 : 0.7666"
"1,13 : 0.6815"
"13,1 : 0.6815"
"1,14 : 0.6905"
"14,1 : 0.6905"
"1,15 : 0.1868"
"15,1 : 0.1868"
"1,16 : 0.8412"
"16,1 : 0.8412"
"1,17 : 0.4011"
"17,1 : 0.4011"
"1,18 : 0.9829"
"18,1 : 0.9829"
"1,19 : 0.4011"
"19,1 : 0.4011"
"1,20 : 0.6329"
"20,1 : 0.6329"
"1,21 : 0.5101"
"21,1 : 0.5101"
"1,22 : 0.2773"
"22,1 : 0.2773"
"1,23 : 0.514"
"23,1 : 0.514"
"1,24 : 0.7816"
"24,1 : 0.7816"
"1,25 : 0.3265"
"25,1 : 0.3265"
"1,26 : 0.3905"
"26,1 : 0.3905"
"1,27 : 0.4383"
"27,1 : 0.4383"
"1,28 : 0.8005"
"28,1 : 0.8005"
"1,29 : 0.2408"
"29,1 : 0.2408"
"1,30 : 0.8496"
"30,1 : 0.8496"
"1,31 : 0.7284"
"31,1 : 0.7284"
"1,32 : 0.8402"
"32,1 : 0.8402"
"1,33 : 0.7201"
"33,1 : 0.7201"
"1,34 : 0.1712"
"34,1 : 0.1712"
"1,35 : 0.6946"
"35,1 : 0.6946"
"1,36 : 0.9027"
"36,1 : 0.9027"
"1,37 : 0.3312"
"37,1 : 0.3312"
"1,38 : 0.7225"
"38,1 : 0.7225"
"1,39 : 0.29"
"39,1 : 0.29"
"1,40 : 0.454"
"40,1 : 0.454"
"1,41 : 0.29"
"41,1 : 0.29"
"1,42 : 0.3812"
"42,1 : 0.3812"
"1,43 : 0.1844"
"43,1 : 0.1844"
"1,44 : 0.6826"
"44,1 : 0.6826"
"1,45 : 0.8006"
"45,1 : 0.8006"
"1,46 : 0.959"
"46,1 : 0.959"
"1,47 : 0.2571"
"47,1 : 0.2571"
"1,48 : 0.4965"
"48,1 : 0.4965"
"1,49 : 0.0922"
"49,1 : 0.0922"
"2,3 : 1.0293"
"3,2 : 1.0293"
"2,4 : 0.8766"
"4,2 : 0.8766"
"2,5 : 0.9263"
"5,2 : 0.9263"
"2,6 : 0.1208"
"6,2 : 0.1208"
"2,7 : 0.9361"
"7,2 : 0.9361"
"2,8 : 0.3002"
"8,2 : 0.3002"
"2,9 : 0.8377"
"9,2 : 0.8377"
"2,10 : 1.0375"
"10,2 : 1.0375"
"2,11 : 0.65"
"11,2 : 0.65"
"2,12 : 0.9272"
"12,2 : 0.9272"
"2,13 : 0.7879"
"13,2 : 0.7879"
"2,14 : 0.8493"
"14,2 : 0.8493"
"2,15 : 0.3302"
"15,2 : 0.3302"
"2,16 : 1.0018"
"16,2 : 1.0018"
"2,17 : 0.5573"
"17,2 : 0.5573"
"2,18 : 1.1328"
"18,2 : 1.1328"
"2,19 : 0.5508"
"19,2 : 0.5508"
"2,20 : 0.7892"
"20,2 : 0.7892"
"2,21 : 0.6637"
"21,2 : 0.6637"
"2,22 : 0.4111"
"22,2 : 0.4111"
"2,23 : 0.6712"
"23,2 : 0.6712"
"2,24 : 0.9425"
"24,2 : 0.9425"
"2,25 : 0.4826"
"25,2 : 0.4826"
"2,26 : 0.5459"
"26,2 : 0.5459"
"2,27 : 0.58"
"27,2 : 0.58"
"2,28 : 0.9605"
"28,2 : 0.9605"
"2,29 : 0.3966"
"29,2 : 0.3966"
"2,30 : 0.9972"
"30,2 : 0.9972"
"2,31 : 0.8222"
"31,2 : 0.8222"
"2,32 : 0.9835"
"32,2 : 0.9835"
"2,33 : 0.8631"
"33,2 : 0.8631"
"2,34 : 0.0447"
"34,2 : 0.0447"
"2,35 : 0.8562"
"35,2 : 0.8562"
"2,36 : 1.0469"
"36,2 : 1.0469"
"2,37 : 0.4919"
"37,2 : 0.4919"
"2,38 : 0.8782"
"38,2 : 0.8782"
"2,39 : 0.3808"
"39,2 : 0.3808"
"2,40 : 0.6119"
"40,2 : 0.6119"
"2,41 : 0.3863"
"41,2 : 0.3863"
"2,42 : 0.5376"
"42,2 : 0.5376"
"2,43 : 0.3306"
"43,2 : 0.3306"
"2,44 : 0.7692"
"44,2 : 0.7692"
"2,45 : 0.9426"
"45,2 : 0.9426"
"2,46 : 1.114"
"46,2 : 1.114"
"2,47 : 0.4"
"47,2 : 0.4"
"2,48 : 0.637"
"48,2 : 0.637"
"2,49 : 0.253"
"49,2 : 0.253"
"3,4 : 0.1526"
"4,3 : 0.1526"
"3,5 : 0.2326"
"5,3 : 0.2326"
"3,6 : 0.9097"
"6,3 : 0.9097"
"3,7 : 0.3053"
"7,3 : 0.3053"
"3,8 : 0.7762"
"8,3 : 0.7762"
"3,9 : 0.5831"
"9,3 : 0.5831"
"3,10 : 0.1082"
"10,3 : 0.1082"
"3,11 : 0.622"
"11,3 : 0.622"
"3,12 : 0.2907"
"12,3 : 0.2907"
"3,13 : 0.5757"
"13,3 : 0.5757"
"3,14 : 0.3722"
"14,3 : 0.3722"
"3,15 : 0.7637"
"15,3 : 0.7637"
"3,16 : 0.0922"
"16,3 : 0.0922"
"3,17 : 0.5604"
"17,3 : 0.5604"
"3,18 : 0.2121"
"18,3 : 0.2121"
"3,19 : 0.6106"
"19,3 : 0.6106"
"3,20 : 0.4393"
"20,3 : 0.4393"
"3,21 : 0.5239"
"21,3 : 0.5239"
"3,22 : 0.6462"
"22,3 : 0.6462"
"3,23 : 0.3585"
"23,3 : 0.3585"
"3,24 : 0.2717"
"24,3 : 0.2717"
"3,25 : 0.5471"
"25,3 : 0.5471"
"3,26 : 0.5743"
"26,3 : 0.5743"
"3,27 : 0.4876"
"27,3 : 0.4876"
"3,28 : 0.3158"
"28,3 : 0.3158"
"3,29 : 0.6329"
"29,3 : 0.6329"
"3,30 : 0.2052"
"30,3 : 0.2052"
"3,31 : 0.6519"
"31,3 : 0.6519"
"3,32 : 0.2625"
"32,3 : 0.2625"
"3,33 : 0.2912"
"33,3 : 0.2912"
"3,34 : 1.0258"
"34,3 : 1.0258"
"3,35 : 0.2341"
"35,3 : 0.2341"
"3,36 : 0.2581"
"36,3 : 0.2581"
"3,37 : 0.542"
"37,3 : 0.542"
"3,38 : 0.43"
"38,3 : 0.43"
"3,39 : 0.872"
"39,3 : 0.872"
"3,40 : 0.5077"
"40,3 : 0.5077"
"3,41 : 0.858"
"41,3 : 0.858"
"3,42 : 0.572"
"42,3 : 0.572"
"3,43 : 0.7566"
"43,3 : 0.7566"
"3,44 : 0.6868"
"44,3 : 0.6868"
"3,45 : 0.6239"
"45,3 : 0.6239"
"3,46 : 0.1217"
"46,3 : 0.1217"
"3,47 : 0.7235"
"47,3 : 0.7235"
"3,48 : 0.4472"
"48,3 : 0.4472"
"3,49 : 0.786"
"49,3 : 0.786"
"4,5 : 0.197"
"5,4 : 0.197"
"4,6 : 0.7572"
"6,4 : 0.7572"
"4,7 : 0.2729"
"7,4 : 0.2729"
"4,8 : 0.6263"
"8,4 : 0.6263"
"4,9 : 0.508"
"9,4 : 0.508"
"4,10 : 0.1903"
"10,4 : 0.1903"
"4,11 : 0.507"
"11,4 : 0.507"
"4,12 : 0.2581"
"12,4 : 0.2581"
"4,13 : 0.4888"
"13,4 : 0.4888"
"4,14 : 0.3036"
"14,4 : 0.3036"
"4,15 : 0.6162"
"15,4 : 0.6162"
"4,16 : 0.1503"
"16,4 : 0.1503"
"4,17 : 0.4249"
"17,4 : 0.4249"
"4,18 : 0.3068"
"18,4 : 0.3068"
"4,19 : 0.4793"
"19,4 : 0.4793"
"4,20 : 0.3523"
"20,4 : 0.3523"
"4,21 : 0.4079"
"21,4 : 0.4079"
"4,22 : 0.4965"
"22,4 : 0.4965"
"4,23 : 0.2059"
"23,4 : 0.2059"
"4,24 : 0.2484"
"24,4 : 0.2484"
"4,25 : 0.3945"
"25,4 : 0.3945"
"4,26 : 0.4383"
"26,4 : 0.4383"
"4,27 : 0.3437"
"27,4 : 0.3437"
"4,28 : 0.2983"
"28,4 : 0.2983"
"4,29 : 0.4802"
"29,4 : 0.4802"
"4,30 : 0.2209"
"30,4 : 0.2209"
"4,31 : 0.5714"
"31,4 : 0.5714"
"4,32 : 0.2596"
"32,4 : 0.2596"
"4,33 : 0.2193"
"33,4 : 0.2193"
"4,34 : 0.8732"
"34,4 : 0.8732"
"4,35 : 0.1487"
"35,4 : 0.1487"
"4,36 : 0.2907"
"36,4 : 0.2907"
"4,37 : 0.3905"
"37,4 : 0.3905"
"4,38 : 0.3734"
"38,4 : 0.3734"
"4,39 : 0.7325"
"39,4 : 0.7325"
"4,40 : 0.377"
"40,4 : 0.377"
"4,41 : 0.7187"
"41,4 : 0.7187"
"4,42 : 0.4342"
"42,4 : 0.4342"
"4,43 : 0.6088"
"43,4 : 0.6088"
"4,44 : 0.5948"
"44,4 : 0.5948"
"4,45 : 0.5758"
"45,4 : 0.5758"
"4,46 : 0.25"
"46,4 : 0.25"
"4,47 : 0.5801"
"47,4 : 0.5801"
"4,48 : 0.31"
"48,4 : 0.31"
"4,49 : 0.6341"
"49,4 : 0.6341"
"5,6 : 0.8139"
"6,5 : 0.8139"
"5,7 : 0.0781"
"7,5 : 0.0781"
"5,8 : 0.642"
"8,5 : 0.642"
"5,9 : 0.3511"
"9,5 : 0.3511"
"5,10 : 0.3302"
"10,5 : 0.3302"
"5,11 : 0.413"
"11,5 : 0.413"
"5,12 : 0.4528"
"12,5 : 0.4528"
"5,13 : 0.3471"
"13,5 : 0.3471"
"5,14 : 0.4998"
"14,5 : 0.4998"
"5,15 : 0.7201"
"15,5 : 0.7201"
"5,16 : 0.2983"
"16,5 : 0.2983"
"5,17 : 0.5707"
"17,5 : 0.5707"
"5,18 : 0.211"
"18,5 : 0.211"
"5,19 : 0.6297"
"19,5 : 0.6297"
"5,20 : 0.5434"
"20,5 : 0.5434"
"5,21 : 0.58"
"21,5 : 0.58"
"5,22 : 0.5174"
"22,5 : 0.5174"
"5,23 : 0.2973"
"23,5 : 0.2973"
"5,24 : 0.441"
"24,5 : 0.441"
"5,25 : 0.4604"
"25,5 : 0.4604"
"5,26 : 0.5825"
"26,5 : 0.5825"
"5,27 : 0.3471"
"27,5 : 0.3471"
"5,28 : 0.4909"
"28,5 : 0.4909"
"5,29 : 0.542"
"29,5 : 0.542"
"5,30 : 0.0721"
"30,5 : 0.0721"
"5,31 : 0.4206"
"31,5 : 0.4206"
"5,32 : 0.0707"
"32,5 : 0.0707"
"5,33 : 0.0728"
"33,5 : 0.0728"
"5,34 : 0.9135"
"34,5 : 0.9135"
"5,35 : 0.3454"
"35,5 : 0.3454"
"5,36 : 0.1253"
"36,5 : 0.1253"
"5,37 : 0.483"
"37,5 : 0.483"
"5,38 : 0.5701"
"38,5 : 0.5701"
"5,39 : 0.858"
"39,5 : 0.858"
"5,40 : 0.5334"
"40,5 : 0.5334"
"5,41 : 0.845"
"41,5 : 0.845"
"5,42 : 0.5749"
"42,5 : 0.5749"
"5,43 : 0.7112"
"43,5 : 0.7112"
"5,44 : 0.4589"
"44,5 : 0.4589"
"5,45 : 0.7725"
"45,5 : 0.7725"
"5,46 : 0.2309"
"46,5 : 0.2309"
"5,47 : 0.7001"
"47,5 : 0.7001"
"5,48 : 0.2921"
"48,5 : 0.2921"
"5,49 : 0.708"
"49,5 : 0.708"
"6,7 : 0.828"
"7,6 : 0.828"
"6,8 : 0.2138"
"8,6 : 0.2138"
"6,9 : 0.7529"
"9,6 : 0.7529"
"6,10 : 0.9168"
"10,6 : 0.9168"
"6,11 : 0.5675"
"11,6 : 0.5675"
"6,12 : 0.8078"
"12,6 : 0.8078"
"6,13 : 0.7021"
"13,6 : 0.7021"
"6,14 : 0.7316"
"14,6 : 0.7316"
"6,15 : 0.2236"
"15,6 : 0.2236"
"6,16 : 0.8812"
"16,6 : 0.8812"
"6,17 : 0.4418"
"17,6 : 0.4418"
"6,18 : 1.0183"
"18,6 : 1.0183"
"6,19 : 0.4405"
"19,6 : 0.4405"
"6,20 : 0.6736"
"20,6 : 0.6736"
"6,21 : 0.5504"
"21,6 : 0.5504"
"6,22 : 0.3053"
"22,6 : 0.3053"
"6,23 : 0.5522"
"23,6 : 0.5522"
"6,24 : 0.8228"
"24,6 : 0.8228"
"6,25 : 0.364"
"25,6 : 0.364"
"6,26 : 0.431"
"26,6 : 0.431"
"6,27 : 0.4701"
"27,6 : 0.4701"
"6,28 : 0.8417"
"28,6 : 0.8417"
"6,29 : 0.278"
"29,6 : 0.278"
"6,30 : 0.8841"
"30,6 : 0.8841"
"6,31 : 0.7453"
"31,6 : 0.7453"
"6,32 : 0.8732"
"32,6 : 0.8732"
"6,33 : 0.7529"
"33,6 : 0.7529"
"6,34 : 0.1304"
"34,6 : 0.1304"
"6,35 : 0.7354"
"35,6 : 0.7354"
"6,36 : 0.9361"
"36,6 : 0.9361"
"6,37 : 0.3712"
"37,6 : 0.3712"
"6,38 : 0.7632"
"38,6 : 0.7632"
"6,39 : 0.3124"
"39,6 : 0.3124"
"6,40 : 0.495"
"40,6 : 0.495"
"6,41 : 0.314"
"41,6 : 0.314"
"6,42 : 0.4219"
"42,6 : 0.4219"
"6,43 : 0.222"
"43,6 : 0.222"
"6,44 : 0.6972"
"44,6 : 0.6972"
"6,45 : 0.8386"
"45,6 : 0.8386"
"6,46 : 0.9964"
"46,6 : 0.9964"
"6,47 : 0.2943"
"47,6 : 0.2943"
"6,48 : 0.528"
"48,6 : 0.528"
"6,49 : 0.1334"
"49,6 : 0.1334"
"7,8 : 0.6435"
"8,7 : 0.6435"
"7,9 : 0.2864"
"9,7 : 0.2864"
"7,10 : 0.4061"
"10,7 : 0.4061"
"7,11 : 0.3764"
"11,7 : 0.3764"
"7,12 : 0.53"
"12,7 : 0.53"
"7,13 : 0.2902"
"13,7 : 0.2902"
"7,14 : 0.5738"
"14,7 : 0.5738"
"7,15 : 0.7539"
"15,7 : 0.7539"
"7,16 : 0.3754"
"16,7 : 0.3754"
"7,17 : 0.6229"
"17,7 : 0.6229"
"7,18 : 0.2354"
"18,7 : 0.2354"
"7,19 : 0.6826"
"19,7 : 0.6826"
"7,20 : 0.614"
"20,7 : 0.614"
"7,21 : 0.642"
"21,7 : 0.642"
"7,22 : 0.525"
"22,7 : 0.525"
"7,23 : 0.3437"
"23,7 : 0.3437"
"7,24 : 0.5187"
"24,7 : 0.5187"
"7,25 : 0.4875"
"25,7 : 0.4875"
"7,26 : 0.6339"
"26,7 : 0.6339"
"7,27 : 0.3581"
"27,7 : 0.3581"
"7,28 : 0.5686"
"28,7 : 0.5686"
"7,29 : 0.5644"
"29,7 : 0.5644"
"7,30 : 0.1118"
"30,7 : 0.1118"
"7,31 : 0.3569"
"31,7 : 0.3569"
"7,32 : 0.0608"
"32,7 : 0.0608"
"7,33 : 0.0825"
"33,7 : 0.0825"
"7,34 : 0.9197"
"34,7 : 0.9197"
"7,35 : 0.4205"
"35,7 : 0.4205"
"7,36 : 0.1208"
"36,7 : 0.1208"
"7,37 : 0.5187"
"37,7 : 0.5187"
"7,38 : 0.6447"
"38,7 : 0.6447"
"7,39 : 0.8984"
"39,7 : 0.8984"
"7,40 : 0.5901"
"40,7 : 0.5901"
"7,41 : 0.886"
"41,7 : 0.886"
"7,42 : 0.6251"
"42,7 : 0.6251"
"7,43 : 0.7446"
"43,7 : 0.7446"
"7,44 : 0.4011"
"44,7 : 0.4011"
"7,45 : 0.8469"
"45,7 : 0.8469"
"7,46 : 0.2828"
"46,7 : 0.2828"
"7,47 : 0.7404"
"47,7 : 0.7404"
"7,48 : 0.3"
"48,7 : 0.3"
"7,49 : 0.7306"
"49,7 : 0.7306"
"8,9 : 0.5408"
"9,8 : 0.5408"
"8,10 : 0.8052"
"10,8 : 0.8052"
"8,11 : 0.3544"
"11,8 : 0.3544"
"8,12 : 0.74"
"12,8 : 0.74"
"8,13 : 0.4904"
"13,8 : 0.4904"
"8,14 : 0.6847"
"14,8 : 0.6847"
"8,15 : 0.3081"
"15,8 : 0.3081"
"8,16 : 0.7666"
"16,8 : 0.7666"
"8,17 : 0.4346"
"17,8 : 0.4346"
"8,18 : 0.8521"
"18,8 : 0.8521"
"8,19 : 0.4614"
"19,8 : 0.4614"
"8,20 : 0.6454"
"20,8 : 0.6454"
"8,21 : 0.5442"
"21,8 : 0.5442"
"8,22 : 0.13"
"22,8 : 0.13"
"8,23 : 0.4245"
"23,8 : 0.4245"
"8,24 : 0.7503"
"24,8 : 0.7503"
"8,25 : 0.2502"
"25,8 : 0.2502"
"8,26 : 0.4295"
"26,8 : 0.4295"
"8,27 : 0.2968"
"27,8 : 0.2968"
"8,28 : 0.7803"
"28,8 : 0.7803"
"8,29 : 0.1844"
"29,8 : 0.1844"
"8,30 : 0.714"
"30,8 : 0.714"
"8,31 : 0.5315"
"31,8 : 0.5315"
"8,32 : 0.6943"
"32,8 : 0.6943"
"8,33 : 0.5749"
"33,8 : 0.5749"
"8,34 : 0.278"
"34,8 : 0.278"
"8,35 : 0.6438"
"35,8 : 0.6438"
"8,36 : 0.7582"
"36,8 : 0.7582"
"8,37 : 0.2927"
"37,8 : 0.2927"
"8,38 : 0.7335"
"38,8 : 0.7335"
"8,39 : 0.4562"
"39,8 : 0.4562"
"8,40 : 0.4713"
"40,8 : 0.4713"
"8,41 : 0.4518"
"41,8 : 0.4518"
"8,42 : 0.4163"
"42,8 : 0.4163"
"8,43 : 0.3"
"43,8 : 0.3"
"8,44 : 0.4837"
"44,8 : 0.4837"
"8,45 : 0.8562"
"45,8 : 0.8562"
"8,46 : 0.846"
"46,8 : 0.846"
"8,47 : 0.3607"
"47,8 : 0.3607"
"8,48 : 0.35"
"48,8 : 0.35"
"8,49 : 0.2012"
"49,8 : 0.2012"
"9,10 : 0.6754"
"10,9 : 0.6754"
"9,11 : 0.1879"
"11,9 : 0.1879"
"9,12 : 0.7574"
"12,9 : 0.7574"
"9,13 : 0.051"
"13,9 : 0.051"
"9,14 : 0.7734"
"14,9 : 0.7734"
"9,15 : 0.76"
"15,9 : 0.76"
"9,16 : 0.6401"
"16,9 : 0.6401"
"9,17 : 0.7147"
"17,9 : 0.7147"
"9,18 : 0.5101"
"18,9 : 0.5101"
"9,19 : 0.772"
"19,9 : 0.772"
"9,20 : 0.7906"
"20,9 : 0.7906"
"9,21 : 0.7739"
"21,9 : 0.7739"
"9,22 : 0.4639"
"22,9 : 0.4639"
"9,23 : 0.4614"
"23,9 : 0.4614"
"9,24 : 0.7517"
"24,9 : 0.7517"
"9,25 : 0.5049"
"25,9 : 0.5049"
"9,26 : 0.7212"
"26,9 : 0.7212"
"9,27 : 0.3569"
"27,9 : 0.3569"
"9,28 : 0.8006"
"28,9 : 0.8006"
"9,29 : 0.55"
"29,9 : 0.55"
"9,30 : 0.3981"
"30,9 : 0.3981"
"9,31 : 0.0707"
"31,9 : 0.0707"
"9,32 : 0.3437"
"32,9 : 0.3437"
"9,33 : 0.2953"
"33,9 : 0.2953"
"9,34 : 0.8096"
"34,9 : 0.8096"
"9,35 : 0.6366"
"35,9 : 0.6366"
"9,36 : 0.3901"
"36,9 : 0.3901"
"9,37 : 0.5609"
"37,9 : 0.5609"
"9,38 : 0.845"
"38,9 : 0.845"
"9,39 : 0.9202"
"39,9 : 0.9202"
"9,40 : 0.7038"
"40,9 : 0.7038"
"9,41 : 0.9105"
"41,9 : 0.9105"
"9,42 : 0.7088"
"42,9 : 0.7088"
"9,43 : 0.75"
"43,9 : 0.75"
"9,44 : 0.1237"
"44,9 : 0.1237"
"9,45 : 1.0381"
"45,9 : 1.0381"
"9,46 : 0.5689"
"46,9 : 0.5689"
"9,47 : 0.7732"
"47,9 : 0.7732"
"9,48 : 0.3162"
"48,9 : 0.3162"
"9,49 : 0.6958"
"49,9 : 0.6958"
"10,11 : 0.6943"
"11,10 : 0.6943"
"10,12 : 0.204"
"12,10 : 0.204"
"10,13 : 0.6631"
"13,10 : 0.6631"
"10,14 : 0.2973"
"14,10 : 0.2973"
"10,15 : 0.75"
"15,10 : 0.75"
"10,16 : 0.04"
"16,10 : 0.04"
"10,17 : 0.5304"
"17,10 : 0.5304"
"10,18 : 0.3132"
"18,10 : 0.3132"
"10,19 : 0.5738"
"19,10 : 0.5738"
"10,20 : 0.3716"
"20,10 : 0.3716"
"10,21 : 0.4743"
"21,10 : 0.4743"
"10,22 : 0.6768"
"22,10 : 0.6768"
"10,23 : 0.3808"
"23,10 : 0.3808"
"10,24 : 0.1825"
"24,10 : 0.1825"
"10,25 : 0.563"
"25,10 : 0.563"
"10,26 : 0.5445"
"26,10 : 0.5445"
"10,27 : 0.5315"
"27,10 : 0.5315"
"10,28 : 0.22"
"28,10 : 0.22"
"10,29 : 0.6462"
"29,10 : 0.6462"
"10,30 : 0.3114"
"30,10 : 0.3114"
"10,31 : 0.7425"
"31,10 : 0.7425"
"10,32 : 0.3677"
"32,10 : 0.3677"
"10,33 : 0.3801"
"33,10 : 0.3801"
"10,34 : 1.0387"
"34,10 : 1.0387"
"10,35 : 0.191"
"35,10 : 0.191"
"10,36 : 0.3662"
"36,10 : 0.3662"
"10,37 : 0.5456"
"37,10 : 0.5456"
"10,38 : 0.3453"
"38,10 : 0.3453"
"10,39 : 0.8417"
"39,10 : 0.8417"
"10,40 : 0.4738"
"40,10 : 0.4738"
"10,41 : 0.8276"
"41,10 : 0.8276"
"10,42 : 0.5449"
"42,10 : 0.5449"
"10,43 : 0.744"
"43,10 : 0.744"
"10,44 : 0.7725"
"44,10 : 0.7725"
"10,45 : 0.5301"
"45,10 : 0.5301"
"10,46 : 0.2138"
"46,10 : 0.2138"
"10,47 : 0.7018"
"47,10 : 0.7018"
"10,48 : 0.5001"
"48,10 : 0.5001"
"10,49 : 0.7877"
"49,10 : 0.7877"
"11,12 : 0.7247"
"12,11 : 0.7247"
"11,13 : 0.1389"
"13,11 : 0.1389"
"11,14 : 0.7161"
"14,11 : 0.7161"
"11,15 : 0.5954"
"15,11 : 0.5954"
"11,16 : 0.6551"
"16,11 : 0.6551"
"11,17 : 0.5917"
"17,11 : 0.5917"
"11,18 : 0.6113"
"18,11 : 0.6113"
"11,19 : 0.6441"
"19,11 : 0.6441"
"11,20 : 0.7151"
"20,11 : 0.7151"
"11,21 : 0.6701"
"21,11 : 0.6701"
"11,22 : 0.2907"
"22,11 : 0.2907"
"11,23 : 0.386"
"23,11 : 0.386"
"11,24 : 0.7245"
"24,11 : 0.7245"
"11,25 : 0.3625"
"25,11 : 0.3625"
"11,26 : 0.5954"
"26,11 : 0.5954"
"11,27 : 0.2343"
"27,11 : 0.2343"
"11,28 : 0.7694"
"28,11 : 0.7694"
"11,29 : 0.3883"
"29,11 : 0.3883"
"11,30 : 0.4785"
"30,11 : 0.4785"
"11,31 : 0.1803"
"31,11 : 0.1803"
"11,32 : 0.4368"
"32,11 : 0.4368"
"11,33 : 0.3413"
"33,11 : 0.3413"
"11,34 : 0.6217"
"34,11 : 0.6217"
"11,35 : 0.6037"
"35,11 : 0.6037"
"11,36 : 0.4965"
"36,11 : 0.4965"
"11,37 : 0.4249"
"37,11 : 0.4249"
"11,38 : 0.7841"
"38,11 : 0.7841"
"11,39 : 0.7566"
"39,11 : 0.7566"
"11,40 : 0.5941"
"40,11 : 0.5941"
"11,41 : 0.7481"
"41,11 : 0.7481"
"11,42 : 0.5818"
"42,11 : 0.5818"
"11,43 : 0.5855"
"43,11 : 0.5855"
"11,44 : 0.1456"
"44,11 : 0.1456"
"11,45 : 0.9618"
"45,11 : 0.9618"
"11,46 : 0.6438"
"46,11 : 0.6438"
"11,47 : 0.6185"
"47,11 : 0.6185"
"11,48 : 0.222"
"48,11 : 0.222"
"11,49 : 0.5201"
"49,11 : 0.5201"
"12,13 : 0.7325"
"13,12 : 0.7325"
"12,14 : 0.1"
"14,12 : 0.1"
"12,15 : 0.6133"
"15,12 : 0.6133"
"12,16 : 0.2"
"16,12 : 0.2"
"12,17 : 0.3801"
"17,12 : 0.3801"
"12,18 : 0.5025"
"18,12 : 0.5025"
"12,19 : 0.4105"
"19,12 : 0.4105"
"12,20 : 0.178"
"20,12 : 0.178"
"12,21 : 0.2983"
"21,12 : 0.2983"
"12,22 : 0.622"
"22,12 : 0.622"
"12,23 : 0.3479"
"23,12 : 0.3479"
"12,24 : 0.0224"
"24,12 : 0.0224"
"12,25 : 0.4901"
"25,12 : 0.4901"
"12,26 : 0.3936"
"26,12 : 0.3936"
"12,27 : 0.5155"
"27,12 : 0.5155"
"12,28 : 0.0447"
"28,12 : 0.0447"
"12,29 : 0.5614"
"29,12 : 0.5614"
"12,30 : 0.4624"
"30,12 : 0.4624"
"12,31 : 0.8169"
"31,12 : 0.8169"
"12,32 : 0.5099"
"32,12 : 0.5099"
"12,33 : 0.4763"
"33,12 : 0.4763"
"12,34 : 0.9362"
"34,12 : 0.9362"
"12,35 : 0.1221"
"35,12 : 0.1221"
"12,36 : 0.5281"
"36,12 : 0.5281"
"12,37 : 0.4518"
"37,12 : 0.4518"
"12,38 : 0.1414"
"38,12 : 0.1414"
"12,39 : 0.678"
"39,12 : 0.678"
"12,40 : 0.322"
"40,12 : 0.322"
"12,41 : 0.664"
"41,12 : 0.664"
"12,42 : 0.3981"
"42,12 : 0.3981"
"12,43 : 0.6093"
"43,12 : 0.6093"
"12,44 : 0.8323"
"44,12 : 0.8323"
"12,45 : 0.3338"
"45,12 : 0.3338"
"12,46 : 0.41"
"46,12 : 0.41"
"12,47 : 0.5547"
"47,12 : 0.5547"
"12,48 : 0.5057"
"48,12 : 0.5057"
"12,49 : 0.6745"
"49,12 : 0.6745"
"13,14 : 0.7428"
"14,13 : 0.7428"
"13,15 : 0.7101"
"15,13 : 0.7101"
"13,16 : 0.6265"
"16,13 : 0.6265"
"13,17 : 0.6707"
"17,13 : 0.6707"
"13,18 : 0.5215"
"18,13 : 0.5215"
"13,19 : 0.7273"
"19,13 : 0.7273"
"13,20 : 0.756"
"20,13 : 0.756"
"13,21 : 0.7336"
"21,13 : 0.7336"
"13,22 : 0.413"
"22,13 : 0.413"
"13,23 : 0.4244"
"23,13 : 0.4244"
"13,24 : 0.728"
"24,13 : 0.728"
"13,25 : 0.4571"
"25,13 : 0.4571"
"13,26 : 0.6768"
"26,13 : 0.6768"
"13,27 : 0.3105"
"27,13 : 0.3105"
"13,28 : 0.7762"
"28,13 : 0.7762"
"13,29 : 0.5001"
"29,13 : 0.5001"
"13,30 : 0.4011"
"30,13 : 0.4011"
"13,31 : 0.0849"
"31,13 : 0.0849"
"13,32 : 0.35"
"32,13 : 0.35"
"13,33 : 0.2846"
"33,13 : 0.2846"
"13,34 : 0.7603"
"34,13 : 0.7603"
"13,35 : 0.6107"
"35,13 : 0.6107"
"13,36 : 0.402"
"36,13 : 0.402"
"13,37 : 0.5142"
"37,13 : 0.5142"
"13,38 : 0.8139"
"38,13 : 0.8139"
"13,39 : 0.8705"
"39,13 : 0.8705"
"13,40 : 0.6621"
"40,13 : 0.6621"
"13,41 : 0.8609"
"41,13 : 0.8609"
"13,42 : 0.6641"
"42,13 : 0.6641"
"13,43 : 0.7001"
"43,13 : 0.7001"
"13,44 : 0.1118"
"44,13 : 0.1118"
"13,45 : 1.0042"
"45,13 : 1.0042"
"13,46 : 0.5722"
"46,13 : 0.5722"
"13,47 : 0.7244"
"47,13 : 0.7244"
"13,48 : 0.2731"
"48,13 : 0.2731"
"13,49 : 0.645"
"49,13 : 0.645"
"14,15 : 0.5281"
"15,14 : 0.5281"
"14,16 : 0.2864"
"16,14 : 0.2864"
"14,17 : 0.2941"
"17,14 : 0.2941"
"14,18 : 0.5801"
"18,14 : 0.5801"
"14,19 : 0.3176"
"19,14 : 0.3176"
"14,20 : 0.0781"
"20,14 : 0.0781"
"14,21 : 0.2025"
"21,14 : 0.2025"
"14,22 : 0.5749"
"22,14 : 0.5749"
"14,23 : 0.3302"
"23,14 : 0.3302"
"14,24 : 0.1221"
"24,14 : 0.1221"
"14,25 : 0.4393"
"25,14 : 0.4393"
"14,26 : 0.3068"
"26,14 : 0.3068"
"14,27 : 0.4924"
"27,14 : 0.4924"
"14,28 : 0.1166"
"28,14 : 0.1166"
"14,29 : 0.5016"
"29,14 : 0.5016"
"14,30 : 0.5217"
"30,14 : 0.5217"
"14,31 : 0.8276"
"31,14 : 0.8276"
"14,32 : 0.5632"
"32,14 : 0.5632"
"14,33 : 0.51"
"33,14 : 0.51"
"14,34 : 0.8615"
"34,14 : 0.8615"
"14,35 : 0.1552"
"35,14 : 0.1552"
"14,36 : 0.5903"
"36,14 : 0.5903"
"14,37 : 0.392"
"37,14 : 0.392"
"14,38 : 0.0721"
"38,14 : 0.0721"
"14,39 : 0.5825"
"39,14 : 0.5825"
"14,40 : 0.2377"
"40,14 : 0.2377"
"14,41 : 0.5686"
"41,14 : 0.5686"
"14,42 : 0.3132"
"42,14 : 0.3132"
"14,43 : 0.525"
"43,14 : 0.525"
"14,44 : 0.8355"
"44,14 : 0.8355"
"14,45 : 0.2731"
"45,14 : 0.2731"
"14,46 : 0.4937"
"46,14 : 0.4937"
"14,47 : 0.4662"
"47,14 : 0.4662"
"14,48 : 0.4941"
"48,14 : 0.4941"
"14,49 : 0.5984"
"49,14 : 0.5984"
"15,16 : 0.7184"
"16,15 : 0.7184"
"15,17 : 0.2341"
"17,15 : 0.2341"
"15,18 : 0.907"
"18,15 : 0.907"
"15,19 : 0.2209"
"19,15 : 0.2209"
"15,20 : 0.4632"
"20,15 : 0.4632"
"15,21 : 0.3354"
"21,15 : 0.3354"
"15,22 : 0.3059"
"22,15 : 0.3059"
"15,23 : 0.4272"
"23,15 : 0.4272"
"15,24 : 0.6307"
"24,15 : 0.6307"
"15,25 : 0.2693"
"25,15 : 0.2693"
"15,26 : 0.2214"
"26,15 : 0.2214"
"15,27 : 0.4159"
"27,15 : 0.4159"
"15,28 : 0.6426"
"28,15 : 0.6426"
"15,29 : 0.21"
"29,15 : 0.21"
"15,30 : 0.7839"
"30,15 : 0.7839"
"15,31 : 0.7732"
"31,15 : 0.7732"
"15,32 : 0.7872"
"32,15 : 0.7872"
"15,33 : 0.6723"
"33,15 : 0.6723"
"15,34 : 0.3513"
"34,15 : 0.3513"
"15,35 : 0.5604"
"35,15 : 0.5604"
"15,36 : 0.8453"
"36,15 : 0.8453"
"15,37 : 0.2371"
"37,15 : 0.2371"
"15,38 : 0.5511"
"38,15 : 0.5511"
"15,39 : 0.1612"
"39,15 : 0.1612"
"15,40 : 0.2915"
"40,15 : 0.2915"
"15,41 : 0.153"
"41,15 : 0.153"
"15,42 : 0.2154"
"42,15 : 0.2154"
"15,43 : 0.01"
"43,15 : 0.01"
"15,44 : 0.7398"
"44,15 : 0.7398"
"15,45 : 0.6152"
"45,15 : 0.6152"
"15,46 : 0.8656"
"46,15 : 0.8656"
"15,47 : 0.0707"
"47,15 : 0.0707"
"15,48 : 0.4707"
"48,15 : 0.4707"
"15,49 : 0.114"
"49,15 : 0.114"
"16,17 : 0.5025"
"17,16 : 0.5025"
"16,18 : 0.3041"
"18,16 : 0.3041"
"16,19 : 0.5482"
"19,16 : 0.5482"
"16,20 : 0.3574"
"20,16 : 0.3574"
"16,21 : 0.4528"
"21,16 : 0.4528"
"16,22 : 0.6379"
"22,16 : 0.6379"
"16,23 : 0.3421"
"23,16 : 0.3421"
"16,24 : 0.1803"
"24,16 : 0.1803"
"16,25 : 0.5255"
"25,16 : 0.5255"
"16,26 : 0.5166"
"26,16 : 0.5166"
"16,27 : 0.4916"
"27,16 : 0.4916"
"16,28 : 0.2236"
"28,16 : 0.2236"
"16,29 : 0.6093"
"29,16 : 0.6093"
"16,30 : 0.286"
"30,16 : 0.286"
"16,31 : 0.7066"
"31,16 : 0.7066"
"16,32 : 0.3406"
"32,16 : 0.3406"
"16,33 : 0.3448"
"33,16 : 0.3448"
"16,34 : 1.0022"
"34,16 : 1.0022"
"16,35 : 0.164"
"35,16 : 0.164"
"16,36 : 0.3448"
"36,16 : 0.3448"
"16,37 : 0.51"
"37,16 : 0.51"
"16,38 : 0.3406"
"38,16 : 0.3406"
"16,39 : 0.8147"
"39,16 : 0.8147"
"16,40 : 0.4469"
"40,16 : 0.4469"
"16,41 : 0.8006"
"41,16 : 0.8006"
"16,42 : 0.5162"
"42,16 : 0.5162"
"16,43 : 0.7122"
"43,16 : 0.7122"
"16,44 : 0.7354"
"44,16 : 0.7354"
"16,45 : 0.5324"
"45,16 : 0.5324"
"16,46 : 0.21"
"46,16 : 0.21"
"16,47 : 0.6721"
"47,16 : 0.6721"
"16,48 : 0.4601"
"48,16 : 0.4601"
"16,49 : 0.7529"
"49,16 : 0.7529"
"17,18 : 0.7301"
"18,17 : 0.7301"
"17,19 : 0.06"
"19,17 : 0.06"
"17,20 : 0.2319"
"20,17 : 0.2319"
"17,21 : 0.1118"
"21,17 : 0.1118"
"17,22 : 0.3561"
"22,17 : 0.3561"
"17,23 : 0.2802"
"23,17 : 0.2802"
"17,24 : 0.3982"
"24,17 : 0.3982"
"17,25 : 0.2343"
"25,17 : 0.2343"
"17,26 : 0.0141"
"26,17 : 0.0141"
"17,27 : 0.3625"
"27,17 : 0.3625"
"17,28 : 0.4085"
"28,17 : 0.4085"
"17,29 : 0.2555"
"29,17 : 0.2555"
"17,30 : 0.6236"
"30,17 : 0.6236"
"17,31 : 0.7485"
"31,17 : 0.7485"
"17,32 : 0.6413"
"32,17 : 0.6413"
"17,33 : 0.5415"
"33,17 : 0.5415"
"17,34 : 0.5722"
"34,17 : 0.5722"
"17,35 : 0.3394"
"35,17 : 0.3394"
"17,36 : 0.6912"
"36,17 : 0.6912"
"17,37 : 0.1703"
"37,17 : 0.1703"
"17,38 : 0.3214"
"38,17 : 0.3214"
"17,39 : 0.3124"
"39,17 : 0.3124"
"17,40 : 0.0583"
"40,17 : 0.0583"
"17,41 : 0.2983"
"41,17 : 0.2983"
"17,42 : 0.02"
"42,17 : 0.02"
"17,43 : 0.2309"
"43,17 : 0.2309"
"17,44 : 0.7336"
"44,17 : 0.7336"
"17,45 : 0.4215"
"45,17 : 0.4215"
"17,46 : 0.6723"
"46,17 : 0.6723"
"17,47 : 0.1749"
"47,17 : 0.1749"
"17,48 : 0.3985"
"48,17 : 0.3985"
"17,49 : 0.3102"
"49,17 : 0.3102"
"18,19 : 0.7855"
"19,18 : 0.7855"
"18,20 : 0.6428"
"20,18 : 0.6428"
"18,21 : 0.7131"
"21,18 : 0.7131"
"18,22 : 0.7262"
"22,18 : 0.7262"
"18,23 : 0.4801"
"23,18 : 0.4801"
"18,24 : 0.4837"
"24,18 : 0.4837"
"18,25 : 0.6586"
"25,18 : 0.6586"
"18,26 : 0.7432"
"26,18 : 0.7432"
"18,27 : 0.5561"
"27,18 : 0.5561"
"18,28 : 0.5277"
"28,18 : 0.5277"
"18,29 : 0.7428"
"29,18 : 0.7428"
"18,30 : 0.1389"
"30,18 : 0.1389"
"18,31 : 0.5803"
"31,18 : 0.5803"
"18,32 : 0.1746"
"32,18 : 0.1746"
"18,33 : 0.2818"
"33,18 : 0.2818"
"18,34 : 1.1216"
"34,18 : 1.1216"
"18,35 : 0.4329"
"35,18 : 0.4329"
"18,36 : 0.12"
"36,18 : 0.12"
"18,37 : 0.672"
"37,18 : 0.672"
"18,38 : 0.6407"
"38,18 : 0.6407"
"18,39 : 1.0335"
"39,18 : 1.0335"
"18,40 : 0.6835"
"40,18 : 0.6835"
"18,41 : 1.02"
"41,18 : 1.02"
"18,42 : 0.7382"
"42,18 : 0.7382"
"18,43 : 0.8987"
"43,18 : 0.8987"
"18,44 : 0.6303"
"44,18 : 0.6303"
"18,45 : 0.836"
"45,18 : 0.836"
"18,46 : 0.103"
"46,18 : 0.103"
"18,47 : 0.8782"
"47,18 : 0.8782"
"18,48 : 0.5022"
"48,18 : 0.5022"
"18,49 : 0.9069"
"49,18 : 0.9069"
"19,20 : 0.247"
"20,19 : 0.247"
"19,21 : 0.117"
"21,19 : 0.117"
"19,22 : 0.396"
"22,19 : 0.396"
"19,23 : 0.3401"
"23,19 : 0.3401"
"19,24 : 0.4301"
"24,19 : 0.4301"
"19,25 : 0.283"
"25,19 : 0.283"
"19,26 : 0.051"
"26,19 : 0.051"
"19,27 : 0.4179"
"27,19 : 0.4179"
"19,28 : 0.4342"
"28,19 : 0.4342"
"19,29 : 0.2907"
"29,19 : 0.2907"
"19,30 : 0.6815"
"30,19 : 0.6815"
"19,31 : 0.8041"
"31,19 : 0.8041"
"19,32 : 0.7004"
"32,19 : 0.7004"
"19,33 : 0.6013"
"33,19 : 0.6013"
"19,34 : 0.5701"
"34,19 : 0.5701"
"19,35 : 0.3842"
"35,19 : 0.3842"
"19,36 : 0.7495"
"36,19 : 0.7495"
"19,37 : 0.2195"
"37,19 : 0.2195"
"19,38 : 0.3324"
"38,19 : 0.3324"
"19,39 : 0.2691"
"39,19 : 0.2691"
"19,40 : 0.103"
"40,19 : 0.103"
"19,41 : 0.255"
"41,19 : 0.255"
"19,42 : 0.0632"
"42,19 : 0.0632"
"19,43 : 0.2202"
"43,19 : 0.2202"
"19,44 : 0.7872"
"44,19 : 0.7872"
"19,45 : 0.4026"
"45,19 : 0.4026"
"19,46 : 0.7247"
"46,19 : 0.7247"
"19,47 : 0.153"
"47,19 : 0.153"
"19,48 : 0.4561"
"48,19 : 0.4561"
"19,49 : 0.314"
"49,19 : 0.314"
"20,21 : 0.13"
"21,20 : 0.13"
"20,22 : 0.5442"
"22,20 : 0.5442"
"20,23 : 0.333"
"23,20 : 0.333"
"20,24 : 0.2"
"24,20 : 0.2"
"20,25 : 0.4085"
"25,20 : 0.4085"
"20,26 : 0.2433"
"26,20 : 0.2433"
"20,27 : 0.4841"
"27,20 : 0.4841"
"20,28 : 0.1921"
"28,20 : 0.1921"
"20,29 : 0.461"
"29,20 : 0.461"
"20,30 : 0.5731"
"30,20 : 0.5731"
"20,31 : 0.8402"
"31,20 : 0.8402"
"20,32 : 0.61"
"32,20 : 0.61"
"20,33 : 0.5442"
"33,20 : 0.5442"
"20,34 : 0.804"
"34,20 : 0.804"
"20,35 : 0.2102"
"35,20 : 0.2102"
"20,36 : 0.6428"
"36,20 : 0.6428"
"20,37 : 0.3544"
"37,20 : 0.3544"
"20,38 : 0.09"
"38,20 : 0.09"
"20,39 : 0.5077"
"39,20 : 0.5077"
"20,40 : 0.18"
"40,20 : 0.18"
"20,41 : 0.494"
"41,20 : 0.494"
"20,42 : 0.2518"
"42,20 : 0.2518"
"20,43 : 0.461"
"43,20 : 0.461"
"20,44 : 0.8422"
"44,20 : 0.8422"
"20,45 : 0.2484"
"45,20 : 0.2484"
"20,46 : 0.5609"
"46,20 : 0.5609"
"20,47 : 0.3985"
"47,20 : 0.3985"
"20,48 : 0.495"
"48,20 : 0.495"
"20,49 : 0.5415"
"49,20 : 0.5415"
"21,22 : 0.4579"
"22,21 : 0.4579"
"21,23 : 0.3162"
"23,21 : 0.3162"
"21,24 : 0.3189"
"24,21 : 0.3189"
"21,25 : 0.328"
"25,21 : 0.328"
"21,26 : 0.1204"
"26,21 : 0.1204"
"21,27 : 0.436"
"27,21 : 0.436"
"21,28 : 0.3191"
"28,21 : 0.3191"
"21,29 : 0.3625"
"29,21 : 0.3625"
"21,30 : 0.6229"
"30,21 : 0.6229"
"21,31 : 0.8149"
"31,21 : 0.8149"
"21,32 : 0.6501"
"32,21 : 0.6501"
"21,33 : 0.5644"
"33,21 : 0.5644"
"21,34 : 0.6807"
"34,21 : 0.6807"
"21,35 : 0.2907"
"35,21 : 0.2907"
"21,36 : 0.6926"
"36,21 : 0.6926"
"21,37 : 0.2663"
"37,21 : 0.2663"
"21,38 : 0.2159"
"38,21 : 0.2159"
"21,39 : 0.3801"
"39,21 : 0.3801"
"21,40 : 0.0781"
"40,21 : 0.0781"
"21,41 : 0.3662"
"41,21 : 0.3662"
"21,42 : 0.1315"
"42,21 : 0.1315"
"21,43 : 0.3338"
"43,21 : 0.3338"
"21,44 : 0.8071"
"44,21 : 0.8071"
"21,45 : 0.313"
"45,21 : 0.313"
"21,46 : 0.6426"
"46,21 : 0.6426"
"21,47 : 0.2693"
"47,21 : 0.2693"
"21,48 : 0.4614"
"48,21 : 0.4614"
"21,49 : 0.4201"
"49,21 : 0.4201"
"22,23 : 0.2961"
"23,22 : 0.2961"
"22,24 : 0.6307"
"24,22 : 0.6307"
"22,25 : 0.136"
"25,22 : 0.136"
"22,26 : 0.3547"
"26,22 : 0.3547"
"22,27 : 0.1703"
"27,22 : 0.1703"
"22,28 : 0.6637"
"28,22 : 0.6637"
"22,29 : 0.1082"
"29,22 : 0.1082"
"22,30 : 0.589"
"30,22 : 0.589"
"22,31 : 0.4701"
"31,22 : 0.4701"
"22,32 : 0.5728"
"32,22 : 0.5728"
"22,33 : 0.4525"
"33,22 : 0.4525"
"22,34 : 0.3962"
"34,22 : 0.3962"
"22,35 : 0.5204"
"35,22 : 0.5204"
"22,36 : 0.6364"
"36,22 : 0.6364"
"22,37 : 0.1924"
"37,22 : 0.1924"
"22,38 : 0.6294"
"38,22 : 0.6294"
"22,39 : 0.4669"
"39,22 : 0.4669"
"22,40 : 0.3808"
"40,22 : 0.3808"
"22,41 : 0.4589"
"41,22 : 0.4589"
"22,42 : 0.3406"
"42,22 : 0.3406"
"22,43 : 0.2961"
"43,22 : 0.2961"
"22,44 : 0.4342"
"44,22 : 0.4342"
"22,45 : 0.7703"
"45,22 : 0.7703"
"22,46 : 0.7169"
"46,22 : 0.7169"
"22,47 : 0.3362"
"47,22 : 0.3362"
"22,48 : 0.2263"
"48,22 : 0.2263"
"22,49 : 0.2319"
"49,22 : 0.2319"
"23,24 : 0.3517"
"24,23 : 0.3517"
"23,25 : 0.1887"
"25,23 : 0.1887"
"23,26 : 0.2907"
"26,23 : 0.2907"
"23,27 : 0.1676"
"27,23 : 0.1676"
"23,28 : 0.3922"
"28,23 : 0.3922"
"23,29 : 0.2746"
"29,23 : 0.2746"
"23,30 : 0.3578"
"30,23 : 0.3578"
"23,31 : 0.508"
"31,23 : 0.508"
"23,32 : 0.3669"
"32,23 : 0.3669"
"23,33 : 0.2617"
"33,23 : 0.2617"
"23,34 : 0.6673"
"34,23 : 0.6673"
"23,35 : 0.2335"
"35,23 : 0.2335"
"23,36 : 0.4215"
"36,23 : 0.4215"
"23,37 : 0.1921"
"37,23 : 0.1921"
"23,38 : 0.3982"
"38,23 : 0.3982"
"23,39 : 0.5608"
"39,23 : 0.5608"
"23,40 : 0.2532"
"40,23 : 0.2532"
"23,41 : 0.5478"
"41,23 : 0.5478"
"23,42 : 0.2816"
"42,23 : 0.2816"
"23,43 : 0.4188"
"43,23 : 0.4188"
"23,44 : 0.5093"
"44,23 : 0.5093"
"23,45 : 0.5814"
"45,23 : 0.5814"
"23,46 : 0.446"
"46,23 : 0.446"
"23,47 : 0.4031"
"47,23 : 0.4031"
"23,48 : 0.164"
"48,23 : 0.164"
"23,49 : 0.4319"
"49,23 : 0.4319"
"24,25 : 0.5001"
"25,24 : 0.5001"
"24,26 : 0.4118"
"26,24 : 0.4118"
"24,27 : 0.5192"
"27,24 : 0.5192"
"24,28 : 0.05"
"28,24 : 0.05"
"24,29 : 0.5731"
"29,24 : 0.5731"
"24,30 : 0.4478"
"30,24 : 0.4478"
"24,31 : 0.8122"
"31,24 : 0.8122"
"24,32 : 0.4965"
"32,24 : 0.4965"
"24,33 : 0.4675"
"33,24 : 0.4675"
"24,34 : 0.9508"
"34,24 : 0.9508"
"24,35 : 0.1208"
"35,24 : 0.1208"
"24,36 : 0.5126"
"36,24 : 0.5126"
"24,37 : 0.4639"
"37,24 : 0.4639"
"24,38 : 0.1628"
"38,24 : 0.1628"
"24,39 : 0.6981"
"39,24 : 0.6981"
"24,40 : 0.34"
"40,24 : 0.34"
"24,41 : 0.6841"
"41,24 : 0.6841"
"24,42 : 0.4159"
"42,24 : 0.4159"
"24,43 : 0.6265"
"43,24 : 0.6265"
"24,44 : 0.8293"
"44,24 : 0.8293"
"24,45 : 0.3523"
"45,24 : 0.3523"
"24,46 : 0.3901"
"46,24 : 0.3901"
"24,47 : 0.5731"
"47,24 : 0.5731"
"24,48 : 0.507"
"48,24 : 0.507"
"24,49 : 0.6896"
"49,24 : 0.6896"
"25,26 : 0.236"
"26,25 : 0.236"
"25,27 : 0.15"
"27,25 : 0.15"
"25,28 : 0.5308"
"28,25 : 0.5308"
"25,29 : 0.086"
"29,25 : 0.086"
"25,30 : 0.528"
"30,25 : 0.528"
"25,31 : 0.5289"
"31,25 : 0.5289"
"25,32 : 0.5248"
"32,25 : 0.5248"
"25,33 : 0.4071"
"33,25 : 0.4071"
"25,34 : 0.4789"
"34,25 : 0.4789"
"25,35 : 0.3946"
"35,25 : 0.3946"
"25,36 : 0.5852"
"36,25 : 0.5852"
"25,37 : 0.064"
"37,25 : 0.064"
"25,38 : 0.4934"
"38,25 : 0.4934"
"25,39 : 0.423"
"39,25 : 0.423"
"25,40 : 0.25"
"40,25 : 0.25"
"25,41 : 0.4119"
"41,25 : 0.4119"
"25,42 : 0.222"
"42,25 : 0.222"
"25,43 : 0.2596"
"43,25 : 0.2596"
"25,44 : 0.507"
"44,25 : 0.507"
"25,45 : 0.6381"
"45,25 : 0.6381"
"25,46 : 0.6325"
"46,25 : 0.6325"
"25,47 : 0.27"
"47,25 : 0.27"
"25,48 : 0.2022"
"48,25 : 0.2022"
"25,49 : 0.2484"
"49,25 : 0.2484"
"26,27 : 0.3677"
"27,26 : 0.3677"
"26,28 : 0.4215"
"28,26 : 0.4215"
"26,29 : 0.2524"
"29,26 : 0.2524"
"26,30 : 0.636"
"30,26 : 0.636"
"26,31 : 0.7539"
"31,26 : 0.7539"
"26,32 : 0.6531"
"32,26 : 0.6531"
"26,33 : 0.5523"
"33,26 : 0.5523"
"26,34 : 0.5614"
"34,26 : 0.5614"
"26,35 : 0.3536"
"35,26 : 0.3536"
"26,36 : 0.7034"
"36,26 : 0.7034"
"26,37 : 0.172"
"37,26 : 0.172"
"26,38 : 0.3324"
"38,26 : 0.3324"
"26,39 : 0.2983"
"39,26 : 0.2983"
"26,40 : 0.0721"
"40,26 : 0.0721"
"26,41 : 0.2843"
"41,26 : 0.2843"
"26,42 : 0.0141"
"42,26 : 0.0141"
"26,43 : 0.2184"
"43,26 : 0.2184"
"26,44 : 0.7379"
"44,26 : 0.7379"
"26,45 : 0.4272"
"45,26 : 0.4272"
"26,46 : 0.686"
"46,26 : 0.686"
"26,47 : 0.1612"
"47,26 : 0.1612"
"26,48 : 0.4052"
"48,26 : 0.4052"
"26,49 : 0.3"
"49,26 : 0.3"
"27,28 : 0.5597"
"28,27 : 0.5597"
"27,29 : 0.2119"
"29,27 : 0.2119"
"27,30 : 0.4187"
"30,27 : 0.4187"
"27,31 : 0.3863"
"31,27 : 0.3863"
"27,32 : 0.4036"
"32,27 : 0.4036"
"27,33 : 0.2832"
"33,27 : 0.2832"
"27,34 : 0.5664"
"34,27 : 0.5664"
"27,35 : 0.4002"
"35,27 : 0.4002"
"27,36 : 0.4669"
"36,27 : 0.4669"
"27,37 : 0.204"
"37,27 : 0.204"
"27,38 : 0.5576"
"38,27 : 0.5576"
"27,39 : 0.5722"
"39,27 : 0.5722"
"27,40 : 0.3606"
"40,27 : 0.3606"
"27,41 : 0.5614"
"41,27 : 0.5614"
"27,42 : 0.3547"
"42,27 : 0.3547"
"27,43 : 0.4061"
"43,27 : 0.4061"
"27,44 : 0.3722"
"44,27 : 0.3722"
"27,45 : 0.7292"
"45,27 : 0.7292"
"27,46 : 0.5501"
"46,27 : 0.5501"
"27,47 : 0.42"
"47,27 : 0.42"
"27,48 : 0.0583"
"48,27 : 0.0583"
"27,49 : 0.3758"
"49,27 : 0.3758"
"28,29 : 0.6003"
"29,28 : 0.6003"
"28,30 : 0.4966"
"30,28 : 0.4966"
"28,31 : 0.8605"
"31,28 : 0.8605"
"28,32 : 0.5459"
"32,28 : 0.5459"
"28,33 : 0.5174"
"33,28 : 0.5174"
"28,34 : 0.9708"
"34,28 : 0.9708"
"28,35 : 0.1664"
"35,28 : 0.1664"
"28,36 : 0.5608"
"36,28 : 0.5608"
"28,37 : 0.4904"
"37,28 : 0.4904"
"28,38 : 0.1342"
"38,28 : 0.1342"
"28,39 : 0.6989"
"39,28 : 0.6989"
"28,40 : 0.3511"
"40,28 : 0.3511"
"28,41 : 0.6851"
"41,28 : 0.6851"
"28,42 : 0.4272"
"42,28 : 0.4272"
"28,43 : 0.6391"
"43,28 : 0.6391"
"28,44 : 0.8766"
"44,28 : 0.8766"
"28,45 : 0.3102"
"45,28 : 0.3102"
"28,46 : 0.4319"
"46,28 : 0.4319"
"28,47 : 0.5818"
"47,28 : 0.5818"
"28,48 : 0.5504"
"48,28 : 0.5504"
"28,49 : 0.7083"
"49,28 : 0.7083"
"29,30 : 0.6107"
"30,29 : 0.6107"
"29,31 : 0.5644"
"31,29 : 0.5644"
"29,32 : 0.6046"
"32,29 : 0.6046"
"29,33 : 0.4855"
"33,29 : 0.4855"
"29,34 : 0.3936"
"34,29 : 0.3936"
"29,35 : 0.473"
"35,29 : 0.473"
"29,36 : 0.6661"
"36,29 : 0.6661"
"29,37 : 0.11"
"37,29 : 0.11"
"29,38 : 0.5492"
"38,29 : 0.5492"
"29,39 : 0.3705"
"39,29 : 0.3705"
"29,40 : 0.2879"
"40,29 : 0.2879"
"29,41 : 0.3612"
"41,29 : 0.3612"
"29,42 : 0.2385"
"42,29 : 0.2385"
"29,43 : 0.2"
"43,29 : 0.2"
"29,44 : 0.5337"
"44,29 : 0.5337"
"29,45 : 0.6754"
"45,29 : 0.6754"
"29,46 : 0.7184"
"46,29 : 0.7184"
"29,47 : 0.2309"
"47,29 : 0.2309"
"29,48 : 0.2693"
"48,29 : 0.2693"
"29,49 : 0.1664"
"49,29 : 0.1664"
"30,31 : 0.4687"
"31,30 : 0.4687"
"30,32 : 0.0583"
"32,30 : 0.0583"
"30,33 : 0.1432"
"33,30 : 0.1432"
"30,34 : 0.9849"
"34,30 : 0.9849"
"30,35 : 0.3667"
"35,30 : 0.3667"
"30,36 : 0.07"
"36,30 : 0.07"
"30,37 : 0.5471"
"37,30 : 0.5471"
"30,38 : 0.5894"
"38,30 : 0.5894"
"30,39 : 0.9179"
"39,30 : 0.9179"
"30,40 : 0.5825"
"40,30 : 0.5825"
"30,41 : 0.9047"
"41,30 : 0.9047"
"30,42 : 0.6294"
"42,30 : 0.6294"
"30,43 : 0.7752"
"43,30 : 0.7752"
"30,44 : 0.5124"
"44,30 : 0.5124"
"30,45 : 0.7912"
"45,30 : 0.7912"
"30,46 : 0.1712"
"46,30 : 0.1712"
"30,47 : 0.7606"
"47,30 : 0.7606"
"30,48 : 0.364"
"48,30 : 0.364"
"30,49 : 0.7762"
"49,30 : 0.7762"
"31,32 : 0.4144"
"32,31 : 0.4144"
"31,33 : 0.3625"
"33,31 : 0.3625"
"31,34 : 0.7912"
"34,31 : 0.7912"
"31,35 : 0.6953"
"35,31 : 0.6953"
"31,36 : 0.4604"
"36,31 : 0.4604"
"31,37 : 0.5882"
"37,31 : 0.5882"
"31,38 : 0.8987"
"38,31 : 0.8987"
"31,39 : 0.9343"
"39,31 : 0.9343"
"31,40 : 0.7424"
"40,31 : 0.7424"
"31,41 : 0.9254"
"41,31 : 0.9254"
"31,42 : 0.7409"
"42,31 : 0.7409"
"31,43 : 0.7632"
"43,31 : 0.7632"
"31,44 : 0.064"
"44,31 : 0.064"
"31,45 : 1.0885"
"45,31 : 1.0885"
"31,46 : 0.6395"
"46,31 : 0.6395"
"31,47 : 0.7925"
"47,31 : 0.7925"
"31,48 : 0.3536"
"48,31 : 0.3536"
"31,49 : 0.7003"
"49,31 : 0.7003"
"32,33 : 0.1204"
"33,32 : 0.1204"
"32,34 : 0.9688"
"34,32 : 0.9688"
"32,35 : 0.408"
"35,32 : 0.408"
"32,36 : 0.064"
"36,32 : 0.064"
"32,37 : 0.5504"
"37,32 : 0.5504"
"32,38 : 0.6325"
"38,32 : 0.6325"
"32,39 : 0.927"
"39,32 : 0.927"
"32,40 : 0.6041"
"40,32 : 0.6041"
"32,41 : 0.9142"
"41,32 : 0.9142"
"32,42 : 0.6454"
"42,32 : 0.6454"
"32,43 : 0.7782"
"43,32 : 0.7782"
"32,44 : 0.4604"
"44,32 : 0.4604"
"32,45 : 0.8349"
"45,32 : 0.8349"
"32,46 : 0.2256"
"46,32 : 0.2256"
"32,47 : 0.769"
"47,32 : 0.769"
"32,48 : 0.3466"
"48,32 : 0.3466"
"32,49 : 0.771"
"49,32 : 0.771"
"33,34 : 0.8486"
"34,33 : 0.8486"
"33,35 : 0.3606"
"35,33 : 0.3606"
"33,36 : 0.1838"
"36,33 : 0.1838"
"33,37 : 0.4366"
"37,33 : 0.4366"
"33,38 : 0.5818"
"38,33 : 0.5818"
"33,39 : 0.8161"
"39,33 : 0.8161"
"33,40 : 0.5101"
"40,33 : 0.5101"
"33,41 : 0.8036"
"41,33 : 0.8036"
"33,42 : 0.5433"
"42,33 : 0.5433"
"33,43 : 0.6631"
"43,33 : 0.6631"
"33,44 : 0.3956"
"44,33 : 0.3956"
"33,45 : 0.7826"
"45,33 : 0.7826"
"33,46 : 0.3027"
"46,33 : 0.3027"
"33,47 : 0.658"
"47,33 : 0.658"
"33,48 : 0.2263"
"48,33 : 0.2263"
"33,49 : 0.6519"
"49,33 : 0.6519"
"34,35 : 0.8603"
"35,34 : 0.8603"
"34,36 : 1.0325"
"36,34 : 1.0325"
"34,37 : 0.494"
"37,34 : 0.494"
"34,38 : 0.8936"
"38,34 : 0.8936"
"34,39 : 0.4159"
"39,34 : 0.4159"
"34,40 : 0.6251"
"40,34 : 0.6251"
"34,41 : 0.4205"
"41,34 : 0.4205"
"34,42 : 0.5523"
"42,34 : 0.5523"
"34,43 : 0.3506"
"43,34 : 0.3506"
"34,44 : 0.7368"
"44,34 : 0.7368"
"34,45 : 0.9663"
"45,34 : 0.9663"
"34,46 : 1.1068"
"46,34 : 1.1068"
"34,47 : 0.4219"
"47,34 : 0.4219"
"34,48 : 0.6224"
"48,34 : 0.6224"
"34,49 : 0.2631"
"49,34 : 0.2631"
"35,36 : 0.4357"
"36,35 : 0.4357"
"35,37 : 0.3669"
"37,35 : 0.3669"
"35,38 : 0.2247"
"38,35 : 0.2247"
"35,39 : 0.6512"
"39,35 : 0.6512"
"35,40 : 0.2832"
"40,35 : 0.2832"
"35,41 : 0.637"
"41,35 : 0.637"
"35,42 : 0.3538"
"42,35 : 0.3538"
"35,43 : 0.5547"
"43,35 : 0.5547"
"35,44 : 0.7103"
"44,35 : 0.7103"
"35,45 : 0.4272"
"45,35 : 0.4272"
"35,46 : 0.3544"
"46,35 : 0.3544"
"35,47 : 0.5109"
"47,35 : 0.5109"
"35,48 : 0.3863"
"48,35 : 0.3863"
"35,49 : 0.6042"
"49,35 : 0.6042"
"36,37 : 0.6083"
"37,36 : 0.6083"
"36,38 : 0.6573"
"38,36 : 0.6573"
"36,39 : 0.9823"
"39,36 : 0.9823"
"36,40 : 0.6512"
"40,36 : 0.6512"
"36,41 : 0.9693"
"41,36 : 0.9693"
"36,42 : 0.6964"
"42,36 : 0.6964"
"36,43 : 0.8365"
"43,36 : 0.8365"
"36,44 : 0.5104"
"44,36 : 0.5104"
"36,45 : 0.8587"
"45,36 : 0.8587"
"36,46 : 0.1924"
"46,36 : 0.1924"
"36,47 : 0.8246"
"47,36 : 0.8246"
"36,48 : 0.4101"
"48,36 : 0.4101"
"36,49 : 0.8323"
"49,36 : 0.8323"
"37,38 : 0.4415"
"38,37 : 0.4415"
"37,39 : 0.3808"
"39,37 : 0.3808"
"37,40 : 0.1887"
"40,37 : 0.1887"
"37,41 : 0.3688"
"41,37 : 0.3688"
"37,42 : 0.1581"
"42,37 : 0.1581"
"37,43 : 0.2283"
"43,37 : 0.2283"
"37,44 : 0.5686"
"44,37 : 0.5686"
"37,45 : 0.578"
"45,37 : 0.578"
"37,46 : 0.6364"
"46,37 : 0.6364"
"37,47 : 0.2236"
"47,37 : 0.2236"
"37,48 : 0.2502"
"48,37 : 0.2502"
"37,49 : 0.2441"
"49,37 : 0.2441"
"38,39 : 0.5859"
"39,38 : 0.5859"
"38,40 : 0.27"
"40,38 : 0.27"
"38,41 : 0.5725"
"41,38 : 0.5725"
"38,42 : 0.3413"
"42,38 : 0.3413"
"38,43 : 0.5492"
"43,38 : 0.5492"
"38,44 : 0.9055"
"44,38 : 0.9055"
"38,45 : 0.2025"
"45,38 : 0.2025"
"38,46 : 0.5504"
"46,38 : 0.5504"
"38,47 : 0.4851"
"47,38 : 0.4851"
"38,48 : 0.5622"
"48,38 : 0.5622"
"38,49 : 0.6313"
"49,38 : 0.6313"
"39,40 : 0.368"
"40,39 : 0.368"
"39,41 : 0.0141"
"41,39 : 0.0141"
"39,42 : 0.3"
"42,39 : 0.3"
"39,43 : 0.1712"
"43,39 : 0.1712"
"39,44 : 0.9009"
"44,39 : 0.9009"
"39,45 : 0.5954"
"45,39 : 0.5954"
"39,46 : 0.9818"
"46,39 : 0.9818"
"39,47 : 0.1581"
"47,39 : 0.1581"
"39,48 : 0.6251"
"48,39 : 0.6251"
"39,49 : 0.255"
"49,39 : 0.255"
"40,41 : 0.3538"
"41,40 : 0.3538"
"40,42 : 0.0762"
"42,40 : 0.0762"
"40,43 : 0.2879"
"43,40 : 0.2879"
"40,44 : 0.7325"
"44,40 : 0.7325"
"40,45 : 0.3895"
"45,40 : 0.3895"
"40,46 : 0.6218"
"46,40 : 0.6218"
"40,47 : 0.2332"
"47,40 : 0.2332"
"40,48 : 0.3891"
"48,40 : 0.3891"
"40,49 : 0.3622"
"49,40 : 0.3622"
"41,42 : 0.286"
"42,41 : 0.286"
"41,43 : 0.1628"
"43,41 : 0.1628"
"41,44 : 0.8927"
"44,41 : 0.8927"
"41,45 : 0.5842"
"45,41 : 0.5842"
"41,46 : 0.968"
"46,41 : 0.968"
"41,47 : 0.1456"
"47,41 : 0.1456"
"41,48 : 0.614"
"48,41 : 0.614"
"41,49 : 0.2506"
"49,41 : 0.2506"
"42,43 : 0.2119"
"43,42 : 0.2119"
"42,44 : 0.7245"
"44,42 : 0.7245"
"42,45 : 0.4401"
"45,42 : 0.4401"
"42,46 : 0.6826"
"46,42 : 0.6826"
"42,47 : 0.1581"
"47,42 : 0.1581"
"42,48 : 0.3929"
"48,42 : 0.3929"
"42,49 : 0.2902"
"49,42 : 0.2902"
"43,44 : 0.7299"
