x,y
0.21,0.82
0.48,0.53
0.51,0.61
0.81,0.59
0.9,0.15
0.16,0.86
0.48,0.55
0.5,0.35
0.7,0.12
0.63,0.66
0.38,0.0
0.82,0.61
0.06,0.23
0.08,0.01
0.35,0.75
0.41,0.04
0.45,0.63
0.82,0.16
0.51,0.21
0.86,0.43
0.04,0.9
0.49,0.85
0.48,0.63
0.63,0.26
0.69,0.72
0.3,0.13
0.13,0.73
0.32,0.07
0.69,0.77
0.4,0.5
0.75,0.33
0.45,0.69
0.45,0.63
0.87,0.54
0.28,0.74
0.95,0.11
1.0,0.9
0.58,0.46
0.5,0.37
0.79,0.96
0.61,0.84
0.1,0.68
0.87,0.74
0.55,0.52
0.96,0.68
0.07,0.97
0.02,0.3
0.67,0.51
0.56,0.62
0.03,0.12

Distanze
"0,1 : 0.3962"
"1,0 : 0.3962"
"0,2 : 0.3662"
"2,0 : 0.3662"
"0,3 : 0.6426"
"3,0 : 0.6426"
"0,4 : 0.9618"
"4,0 : 0.9618"
"0,5 : 0.064"
"5,0 : 0.064"
"0,6 : 0.3818"
"6,0 : 0.3818"
"0,7 : 0.5523"
"7,0 : 0.5523"
"0,8 : 0.8545"
"8,0 : 0.8545"
"0,9 : 0.4494"
"9,0 : 0.4494"
"0,10 : 0.8374"
"10,0 : 0.8374"
"0,11 : 0.6451"
"11,0 : 0.6451"
"0,12 : 0.6088"
"12,0 : 0.6088"
"0,13 : 0.8204"
"13,0 : 0.8204"
"0,14 : 0.1565"
"14,0 : 0.1565"
"0,15 : 0.8052"
"15,0 : 0.8052"
"0,16 : 0.3061"
"16,0 : 0.3061"
"0,17 : 0.8987"
"17,0 : 0.8987"
"0,18 : 0.6798"
"18,0 : 0.6798"
"0,19 : 0.758"
"19,0 : 0.758"
"0,20 : 0.1879"
"20,0 : 0.1879"
"0,21 : 0.2816"
"21,0 : 0.2816"
"0,22 : 0.3302"
"22,0 : 0.3302"
"0,23 : 0.7"
"23,0 : 0.7"
"0,24 : 0.4903"
"24,0 : 0.4903"
"0,25 : 0.6958"
"25,0 : 0.6958"
"0,26 : 0.1204"
"26,0 : 0.1204"
"0,27 : 0.758"
"27,0 : 0.758"
"0,28 : 0.4826"
"28,0 : 0.4826"
"0,29 : 0.3722"
"29,0 : 0.3722"
"0,30 : 0.7292"
"30,0 : 0.7292"
"0,31 : 0.2729"
"31,0 : 0.2729"
"0,32 : 0.3061"
"32,0 : 0.3061"
"0,33 : 0.7169"
"33,0 : 0.7169"
"0,34 : 0.1063"
"34,0 : 0.1063"
"0,35 : 1.0255"
"35,0 : 1.0255"
"0,36 : 0.794"
"36,0 : 0.794"
"0,37 : 0.5162"
"37,0 : 0.5162"
"0,38 : 0.5354"
"38,0 : 0.5354"
"0,39 : 0.5967"
"39,0 : 0.5967"
"0,40 : 0.4005"
"40,0 : 0.4005"
"0,41 : 0.178"
"41,0 : 0.178"
"0,42 : 0.6648"
"42,0 : 0.6648"
"0,43 : 0.4534"
"43,0 : 0.4534"
"0,44 : 0.763"
"44,0 : 0.763"
"0,45 : 0.2052"
"45,0 : 0.2052"
"0,46 : 0.5536"
"46,0 : 0.5536"
"0,47 : 0.5547"
"47,0 : 0.5547"
"0,48 : 0.4031"
"48,0 : 0.4031"
"0,49 : 0.7228"
"49,0 : 0.7228"
"1,2 : 0.0854"
"2,1 : 0.0854"
"1,3 : 0.3354"
"3,1 : 0.3354"
"1,4 : 0.5664"
"4,1 : 0.5664"
"1,5 : 0.4597"
"5,1 : 0.4597"
"1,6 : 0.02"
"6,1 : 0.02"
"1,7 : 0.1811"
"7,1 : 0.1811"
"1,8 : 0.4653"
"8,1 : 0.4653"
"1,9 : 0.1985"
"9,1 : 0.1985"
"1,10 : 0.5394"
"10,1 : 0.5394"
"1,11 : 0.3493"
"11,1 : 0.3493"
"1,12 : 0.5161"
"12,1 : 0.5161"
"1,13 : 0.656"
"13,1 : 0.656"
"1,14 : 0.2555"
"14,1 : 0.2555"
"1,15 : 0.495"
"15,1 : 0.495"
"1,16 : 0.1044"
"16,1 : 0.1044"
"1,17 : 0.5025"
"17,1 : 0.5025"
"1,18 : 0.3214"
"18,1 : 0.3214"
"1,19 : 0.3929"
"19,1 : 0.3929"
"1,20 : 0.5749"
"20,1 : 0.5749"
"1,21 : 0.3202"
"21,1 : 0.3202"
"1,22 : 0.1"
"22,1 : 0.1"
"1,23 : 0.3089"
"23,1 : 0.3089"
"1,24 : 0.2832"
"24,1 : 0.2832"
"1,25 : 0.4386"
"25,1 : 0.4386"
"1,26 : 0.4031"
"26,1 : 0.4031"
"1,27 : 0.487"
"27,1 : 0.487"
"1,28 : 0.3189"
"28,1 : 0.3189"
"1,29 : 0.0854"
"29,1 : 0.0854"
"1,30 : 0.336"
"30,1 : 0.336"
"1,31 : 0.1628"
"31,1 : 0.1628"
"1,32 : 0.1044"
"32,1 : 0.1044"
"1,33 : 0.3901"
"33,1 : 0.3901"
"1,34 : 0.29"
"34,1 : 0.29"
"1,35 : 0.6303"
"35,1 : 0.6303"
"1,36 : 0.6382"
"36,1 : 0.6382"
"1,37 : 0.1221"
"37,1 : 0.1221"
"1,38 : 0.1612"
"38,1 : 0.1612"
"1,39 : 0.5301"
"39,1 : 0.5301"
"1,40 : 0.3362"
"40,1 : 0.3362"
"1,41 : 0.4085"
"41,1 : 0.4085"
"1,42 : 0.4429"
"42,1 : 0.4429"
"1,43 : 0.0707"
"43,1 : 0.0707"
"1,44 : 0.5029"
"44,1 : 0.5029"
"1,45 : 0.6014"
"45,1 : 0.6014"
"1,46 : 0.5143"
"46,1 : 0.5143"
"1,47 : 0.191"
"47,1 : 0.191"
"1,48 : 0.1204"
"48,1 : 0.1204"
"1,49 : 0.6088"
"49,1 : 0.6088"
"2,3 : 0.3007"
"3,2 : 0.3007"
"2,4 : 0.6031"
"4,2 : 0.6031"
"2,5 : 0.4301"
"5,2 : 0.4301"
"2,6 : 0.0671"
"6,2 : 0.0671"
"2,7 : 0.2602"
"7,2 : 0.2602"
"2,8 : 0.5255"
"8,2 : 0.5255"
"2,9 : 0.13"
"9,2 : 0.13"
"2,10 : 0.6237"
"10,2 : 0.6237"
"2,11 : 0.31"
"11,2 : 0.31"
"2,12 : 0.589"
"12,2 : 0.589"
"2,13 : 0.7382"
"13,2 : 0.7382"
"2,14 : 0.2126"
"14,2 : 0.2126"
"2,15 : 0.5787"
"15,2 : 0.5787"
"2,16 : 0.0632"
"16,2 : 0.0632"
"2,17 : 0.5464"
"17,2 : 0.5464"
"2,18 : 0.4"
"18,2 : 0.4"
"2,19 : 0.3936"
"19,2 : 0.3936"
"2,20 : 0.5523"
"20,2 : 0.5523"
"2,21 : 0.2408"
"21,2 : 0.2408"
"2,22 : 0.0361"
"22,2 : 0.0361"
"2,23 : 0.37"
"23,2 : 0.37"
"2,24 : 0.211"
"24,2 : 0.211"
"2,25 : 0.5239"
"25,2 : 0.5239"
"2,26 : 0.3985"
"26,2 : 0.3985"
"2,27 : 0.5725"
"27,2 : 0.5725"
"2,28 : 0.2408"
"28,2 : 0.2408"
"2,29 : 0.1556"
"29,2 : 0.1556"
"2,30 : 0.3688"
"30,2 : 0.3688"
"2,31 : 0.1"
"31,2 : 0.1"
"2,32 : 0.0632"
"32,2 : 0.0632"
"2,33 : 0.3667"
"33,2 : 0.3667"
"2,34 : 0.2642"
"34,2 : 0.2642"
"2,35 : 0.666"
"35,2 : 0.666"
"2,36 : 0.5694"
"36,2 : 0.5694"
"2,37 : 0.1655"
"37,2 : 0.1655"
"2,38 : 0.2402"
"38,2 : 0.2402"
"2,39 : 0.4482"
"39,2 : 0.4482"
"2,40 : 0.2508"
"40,2 : 0.2508"
"2,41 : 0.4159"
"41,2 : 0.4159"
"2,42 : 0.3828"
"42,2 : 0.3828"
"2,43 : 0.0985"
"43,2 : 0.0985"
"2,44 : 0.4554"
"44,2 : 0.4554"
"2,45 : 0.5685"
"45,2 : 0.5685"
"2,46 : 0.5798"
"46,2 : 0.5798"
"2,47 : 0.1887"
"47,2 : 0.1887"
"2,48 : 0.051"
"48,2 : 0.051"
"2,49 : 0.6859"
"49,2 : 0.6859"
"3,4 : 0.4491"
"4,3 : 0.4491"
"3,5 : 0.7038"
"5,3 : 0.7038"
"3,6 : 0.3324"
"6,3 : 0.3324"
"3,7 : 0.392"
"7,3 : 0.392"
"3,8 : 0.4827"
"8,3 : 0.4827"
"3,9 : 0.1931"
"9,3 : 0.1931"
"3,10 : 0.7301"
"10,3 : 0.7301"
"3,11 : 0.0224"
"11,3 : 0.0224"
"3,12 : 0.8319"
"12,3 : 0.8319"
"3,13 : 0.9324"
"13,3 : 0.9324"
"3,14 : 0.487"
"14,3 : 0.487"
"3,15 : 0.6801"
"15,3 : 0.6801"
"3,16 : 0.3622"
"16,3 : 0.3622"
"3,17 : 0.4301"
"17,3 : 0.4301"
"3,18 : 0.4841"
"18,3 : 0.4841"
"3,19 : 0.1676"
"19,3 : 0.1676"
"3,20 : 0.8301"
"20,3 : 0.8301"
"3,21 : 0.4123"
"21,3 : 0.4123"
"3,22 : 0.3324"
"22,3 : 0.3324"
"3,23 : 0.3759"
"23,3 : 0.3759"
"3,24 : 0.1769"
"24,3 : 0.1769"
"3,25 : 0.6868"
"25,3 : 0.6868"
"3,26 : 0.6943"
"26,3 : 0.6943"
"3,27 : 0.7145"
"27,3 : 0.7145"
"3,28 : 0.2163"
"28,3 : 0.2163"
"3,29 : 0.4198"
"29,3 : 0.4198"
"3,30 : 0.2668"
"30,3 : 0.2668"
"3,31 : 0.3736"
"31,3 : 0.3736"
"3,32 : 0.3622"
"32,3 : 0.3622"
"3,33 : 0.0781"
"33,3 : 0.0781"
"3,34 : 0.5508"
"34,3 : 0.5508"
"3,35 : 0.5"
"35,3 : 0.5"
"3,36 : 0.3636"
"36,3 : 0.3636"
"3,37 : 0.2642"
"37,3 : 0.2642"
"3,38 : 0.3801"
"38,3 : 0.3801"
"3,39 : 0.3705"
"39,3 : 0.3705"
"3,40 : 0.3202"
"40,3 : 0.3202"
"3,41 : 0.7157"
"41,3 : 0.7157"
"3,42 : 0.1616"
"42,3 : 0.1616"
"3,43 : 0.2693"
"43,3 : 0.2693"
"3,44 : 0.1749"
"44,3 : 0.1749"
"3,45 : 0.8319"
"45,3 : 0.8319"
"3,46 : 0.8415"
"46,3 : 0.8415"
"3,47 : 0.1612"
"47,3 : 0.1612"
"3,48 : 0.2518"
"48,3 : 0.2518"
"3,49 : 0.9107"
"49,3 : 0.9107"
"4,5 : 1.0255"
"5,4 : 1.0255"
"4,6 : 0.58"
"6,4 : 0.58"
"4,7 : 0.4472"
"7,4 : 0.4472"
"4,8 : 0.2022"
"8,4 : 0.2022"
"4,9 : 0.5771"
"9,4 : 0.5771"
"4,10 : 0.5412"
"10,4 : 0.5412"
"4,11 : 0.4669"
"11,4 : 0.4669"
"4,12 : 0.8438"
"12,4 : 0.8438"
"4,13 : 0.8319"
"13,4 : 0.8319"
"4,14 : 0.8139"
"14,4 : 0.8139"
"4,15 : 0.5022"
"15,4 : 0.5022"
"4,16 : 0.658"
"16,4 : 0.658"
"4,17 : 0.0806"
"17,4 : 0.0806"
"4,18 : 0.3946"
"18,4 : 0.3946"
"4,19 : 0.2828"
"19,4 : 0.2828"
"4,20 : 1.1411"
"20,4 : 1.1411"
"4,21 : 0.8112"
"21,4 : 0.8112"
"4,22 : 0.6378"
"22,4 : 0.6378"
"4,23 : 0.2915"
"23,4 : 0.2915"
"4,24 : 0.6075"
"24,4 : 0.6075"
"4,25 : 0.6003"
"25,4 : 0.6003"
"4,26 : 0.964"
"26,4 : 0.964"
"4,27 : 0.5855"
"27,4 : 0.5855"
"4,28 : 0.6546"
"28,4 : 0.6546"
"4,29 : 0.6103"
"29,4 : 0.6103"
"4,30 : 0.2343"
"30,4 : 0.2343"
"4,31 : 0.7029"
"31,4 : 0.7029"
"4,32 : 0.658"
"32,4 : 0.658"
"4,33 : 0.3912"
"33,4 : 0.3912"
"4,34 : 0.8559"
"34,4 : 0.8559"
"4,35 : 0.064"
"35,4 : 0.064"
"4,36 : 0.7566"
"36,4 : 0.7566"
"4,37 : 0.4455"
"37,4 : 0.4455"
"4,38 : 0.4565"
"38,4 : 0.4565"
"4,39 : 0.8174"
"39,4 : 0.8174"
"4,40 : 0.7485"
"40,4 : 0.7485"
"4,41 : 0.9596"
"41,4 : 0.9596"
"4,42 : 0.5908"
"42,4 : 0.5908"
"4,43 : 0.5093"
"43,4 : 0.5093"
"4,44 : 0.5334"
"44,4 : 0.5334"
"4,45 : 1.1667"
"45,4 : 1.1667"
"4,46 : 0.8927"
"46,4 : 0.8927"
"4,47 : 0.4272"
"47,4 : 0.4272"
"4,48 : 0.5801"
"48,4 : 0.5801"
"4,49 : 0.8705"
"49,4 : 0.8705"
"5,6 : 0.4455"
"6,5 : 0.4455"
"5,7 : 0.6129"
"7,5 : 0.6129"
"5,8 : 0.9161"
"8,5 : 0.9161"
"5,9 : 0.5108"
"9,5 : 0.5108"
"5,10 : 0.8877"
"10,5 : 0.8877"
"5,11 : 0.7058"
"11,5 : 0.7058"
"5,12 : 0.6379"
"12,5 : 0.6379"
"5,13 : 0.8538"
"13,5 : 0.8538"
"5,14 : 0.2195"
"14,5 : 0.2195"
"5,15 : 0.8573"
"15,5 : 0.8573"
"5,16 : 0.3701"
"16,5 : 0.3701"
"5,17 : 0.9621"
"17,5 : 0.9621"
"5,18 : 0.7382"
"18,5 : 0.7382"
"5,19 : 0.8215"
"19,5 : 0.8215"
"5,20 : 0.1265"
"20,5 : 0.1265"
"5,21 : 0.3302"
"21,5 : 0.3302"
"5,22 : 0.3941"
"22,5 : 0.3941"
"5,23 : 0.7622"
"23,5 : 0.7622"
"5,24 : 0.5482"
"24,5 : 0.5482"
"5,25 : 0.7433"
"25,5 : 0.7433"
"5,26 : 0.1334"
"26,5 : 0.1334"
"5,27 : 0.806"
"27,5 : 0.806"
"5,28 : 0.5376"
"28,5 : 0.5376"
"5,29 : 0.4327"
"29,5 : 0.4327"
"5,30 : 0.7931"
"30,5 : 0.7931"
"5,31 : 0.3362"
"31,5 : 0.3362"
"5,32 : 0.3701"
"32,5 : 0.3701"
"5,33 : 0.7788"
"33,5 : 0.7788"
"5,34 : 0.1697"
"34,5 : 0.1697"
"5,35 : 1.0893"
"35,5 : 1.0893"
"5,36 : 0.841"
"36,5 : 0.841"
"5,37 : 0.58"
"37,5 : 0.58"
"5,38 : 0.5964"
"38,5 : 0.5964"
"5,39 : 0.6379"
"39,5 : 0.6379"
"5,40 : 0.4504"
"40,5 : 0.4504"
"5,41 : 0.1897"
"41,5 : 0.1897"
"5,42 : 0.7201"
"42,5 : 0.7201"
"5,43 : 0.5174"
"43,5 : 0.5174"
"5,44 : 0.82"
"44,5 : 0.82"
"5,45 : 0.1421"
"45,5 : 0.1421"
"5,46 : 0.5772"
"46,5 : 0.5772"
"5,47 : 0.6185"
"47,5 : 0.6185"
"5,48 : 0.4665"
"48,5 : 0.4665"
"5,49 : 0.7513"
"49,5 : 0.7513"
"6,7 : 0.201"
"7,6 : 0.201"
"6,8 : 0.483"
"8,6 : 0.483"
"6,9 : 0.186"
"9,6 : 0.186"
"6,10 : 0.559"
"10,6 : 0.559"
"6,11 : 0.3453"
"11,6 : 0.3453"
"6,12 : 0.528"
"12,6 : 0.528"
"6,13 : 0.672"
"13,6 : 0.672"
"6,14 : 0.2385"
"14,6 : 0.2385"
"6,15 : 0.5148"
"15,6 : 0.5148"
"6,16 : 0.0854"
"16,6 : 0.0854"
"6,17 : 0.5174"
"17,6 : 0.5174"
"6,18 : 0.3413"
"18,6 : 0.3413"
"6,19 : 0.3985"
"19,6 : 0.3985"
"6,20 : 0.5622"
"20,6 : 0.5622"
"6,21 : 0.3002"
"21,6 : 0.3002"
"6,22 : 0.08"
"22,6 : 0.08"
"6,23 : 0.3265"
"23,6 : 0.3265"
"6,24 : 0.2702"
"24,6 : 0.2702"
"6,25 : 0.4569"
"25,6 : 0.4569"
"6,26 : 0.3936"
"26,6 : 0.3936"
"6,27 : 0.506"
"27,6 : 0.506"
"6,28 : 0.3041"
"28,6 : 0.3041"
"6,29 : 0.0943"
"29,6 : 0.0943"
"6,30 : 0.3483"
"30,6 : 0.3483"
"6,31 : 0.1432"
"31,6 : 0.1432"
"6,32 : 0.0854"
"32,6 : 0.0854"
"6,33 : 0.3901"
"33,6 : 0.3901"
"6,34 : 0.2759"
"34,6 : 0.2759"
"6,35 : 0.6438"
"35,6 : 0.6438"
"6,36 : 0.6268"
"36,6 : 0.6268"
"6,37 : 0.1345"
"37,6 : 0.1345"
"6,38 : 0.1811"
"38,6 : 0.1811"
"6,39 : 0.514"
"39,6 : 0.514"
"6,40 : 0.3178"
"40,6 : 0.3178"
"6,41 : 0.4016"
"41,6 : 0.4016"
"6,42 : 0.4338"
"42,6 : 0.4338"
"6,43 : 0.0762"
"43,6 : 0.0762"
"6,44 : 0.4973"
"44,6 : 0.4973"
"6,45 : 0.5869"
"45,6 : 0.5869"
"6,46 : 0.5235"
"46,6 : 0.5235"
"6,47 : 0.1942"
"47,6 : 0.1942"
"6,48 : 0.1063"
"48,6 : 0.1063"
"6,49 : 0.6224"
"49,6 : 0.6224"
"7,8 : 0.3048"
"8,7 : 0.3048"
"7,9 : 0.3362"
"9,7 : 0.3362"
"7,10 : 0.37"
"10,7 : 0.37"
"7,11 : 0.4123"
"11,7 : 0.4123"
"7,12 : 0.4561"
"12,7 : 0.4561"
"7,13 : 0.5404"
"13,7 : 0.5404"
"7,14 : 0.4272"
"14,7 : 0.4272"
"7,15 : 0.3228"
"15,7 : 0.3228"
"7,16 : 0.2844"
"16,7 : 0.2844"
"7,17 : 0.3722"
"17,7 : 0.3722"
"7,18 : 0.1404"
"18,7 : 0.1404"
"7,19 : 0.3688"
"19,7 : 0.3688"
"7,20 : 0.717"
"20,7 : 0.717"
"7,21 : 0.5001"
"21,7 : 0.5001"
"7,22 : 0.2807"
"22,7 : 0.2807"
"7,23 : 0.1581"
"23,7 : 0.1581"
"7,24 : 0.4159"
"24,7 : 0.4159"
"7,25 : 0.2973"
"25,7 : 0.2973"
"7,26 : 0.5304"
"26,7 : 0.5304"
"7,27 : 0.3329"
"27,7 : 0.3329"
"7,28 : 0.461"
"28,7 : 0.461"
"7,29 : 0.1803"
"29,7 : 0.1803"
"7,30 : 0.2508"
"30,7 : 0.2508"
"7,31 : 0.3437"
"31,7 : 0.3437"
"7,32 : 0.2844"
"32,7 : 0.2844"
"7,33 : 0.4159"
"33,7 : 0.4159"
"7,34 : 0.4478"
"34,7 : 0.4478"
"7,35 : 0.51"
"35,7 : 0.51"
"7,36 : 0.7433"
"36,7 : 0.7433"
"7,37 : 0.136"
"37,7 : 0.136"
"7,38 : 0.02"
"38,7 : 0.02"
"7,39 : 0.6754"
"39,7 : 0.6754"
"7,40 : 0.5022"
"40,7 : 0.5022"
"7,41 : 0.5186"
"41,7 : 0.5186"
"7,42 : 0.5376"
"42,7 : 0.5376"
"7,43 : 0.1772"
"43,7 : 0.1772"
"7,44 : 0.5661"
"44,7 : 0.5661"
"7,45 : 0.7545"
"45,7 : 0.7545"
"7,46 : 0.4826"
"46,7 : 0.4826"
"7,47 : 0.2335"
"47,7 : 0.2335"
"7,48 : 0.2766"
"48,7 : 0.2766"
"7,49 : 0.5233"
"49,7 : 0.5233"
"8,9 : 0.5445"
"9,8 : 0.5445"
"8,10 : 0.3418"
"10,8 : 0.3418"
"8,11 : 0.5045"
"11,8 : 0.5045"
"8,12 : 0.6494"
"12,8 : 0.6494"
"8,13 : 0.6297"
"13,8 : 0.6297"
"8,14 : 0.7207"
"14,8 : 0.7207"
"8,15 : 0.3008"
"15,8 : 0.3008"
"8,16 : 0.568"
"16,8 : 0.568"
"8,17 : 0.1265"
"17,8 : 0.1265"
"8,18 : 0.2102"
"18,8 : 0.2102"
"8,19 : 0.3489"
"19,8 : 0.3489"
"8,20 : 1.0218"
"20,8 : 1.0218"
"8,21 : 0.7596"
"21,8 : 0.7596"
"8,22 : 0.5554"
"22,8 : 0.5554"
"8,23 : 0.1565"
"23,8 : 0.1565"
"8,24 : 0.6001"
"24,8 : 0.6001"
"8,25 : 0.4001"
"25,8 : 0.4001"
"8,26 : 0.8349"
"26,8 : 0.8349"
"8,27 : 0.3833"
"27,8 : 0.3833"
"8,28 : 0.6501"
"28,8 : 0.6501"
"8,29 : 0.4841"
"29,8 : 0.4841"
"8,30 : 0.2159"
"30,8 : 0.2159"
"8,31 : 0.6224"
"31,8 : 0.6224"
"8,32 : 0.568"
"32,8 : 0.568"
"8,33 : 0.4531"
"33,8 : 0.4531"
"8,34 : 0.7489"
"34,8 : 0.7489"
"8,35 : 0.2502"
"35,8 : 0.2502"
"8,36 : 0.8357"
"36,8 : 0.8357"
"8,37 : 0.3606"
"37,8 : 0.3606"
"8,38 : 0.3202"
"38,8 : 0.3202"
"8,39 : 0.8448"
"39,8 : 0.8448"
"8,40 : 0.7256"
"40,8 : 0.7256"
"8,41 : 0.8207"
"41,8 : 0.8207"
"8,42 : 0.6429"
"42,8 : 0.6429"
"8,43 : 0.4272"
"43,8 : 0.4272"
"8,44 : 0.6174"
"44,8 : 0.6174"
"8,45 : 1.058"
"45,8 : 1.058"
"8,46 : 0.7034"
"46,8 : 0.7034"
"8,47 : 0.3912"
"47,8 : 0.3912"
"8,48 : 0.5192"
"48,8 : 0.5192"
"8,49 : 0.67"
"49,8 : 0.67"
"9,10 : 0.7058"
"10,9 : 0.7058"
"9,11 : 0.1965"
"11,9 : 0.1965"
"9,12 : 0.714"
"12,9 : 0.714"
"9,13 : 0.8515"
"13,9 : 0.8515"
"9,14 : 0.2941"
"14,9 : 0.2941"
"9,15 : 0.6579"
"15,9 : 0.6579"
"9,16 : 0.1825"
"16,9 : 0.1825"
"9,17 : 0.5349"
"17,9 : 0.5349"
"9,18 : 0.4657"
"18,9 : 0.4657"
"9,19 : 0.3253"
"19,9 : 0.3253"
"9,20 : 0.6369"
"20,9 : 0.6369"
"9,21 : 0.236"
"21,9 : 0.236"
"9,22 : 0.153"
"22,9 : 0.153"
"9,23 : 0.4"
"23,9 : 0.4"
"9,24 : 0.0849"
"24,9 : 0.0849"
"9,25 : 0.6243"
"25,9 : 0.6243"
"9,26 : 0.5049"
"26,9 : 0.5049"
"9,27 : 0.6665"
"27,9 : 0.6665"
"9,28 : 0.1253"
"28,9 : 0.1253"
"9,29 : 0.2802"
"29,9 : 0.2802"
"9,30 : 0.3511"
"30,9 : 0.3511"
"9,31 : 0.1825"
"31,9 : 0.1825"
"9,32 : 0.1825"
"32,9 : 0.1825"
"9,33 : 0.2683"
"33,9 : 0.2683"
"9,34 : 0.359"
"34,9 : 0.359"
"9,35 : 0.6363"
"35,9 : 0.6363"
"9,36 : 0.441"
"36,9 : 0.441"
"9,37 : 0.2062"
"37,9 : 0.2062"
"9,38 : 0.3178"
"38,9 : 0.3178"
"9,39 : 0.34"
"39,9 : 0.34"
"9,40 : 0.1811"
"40,9 : 0.1811"
"9,41 : 0.5304"
"41,9 : 0.5304"
"9,42 : 0.253"
"42,9 : 0.253"
"9,43 : 0.1612"
"43,9 : 0.1612"
"9,44 : 0.3306"
"44,9 : 0.3306"
"9,45 : 0.6401"
"45,9 : 0.6401"
"9,46 : 0.7083"
"46,9 : 0.7083"
"9,47 : 0.1552"
"47,9 : 0.1552"
"9,48 : 0.0806"
"48,9 : 0.0806"
"9,49 : 0.8072"
"49,9 : 0.8072"
"10,11 : 0.7521"
"11,10 : 0.7521"
"10,12 : 0.3941"
"12,10 : 0.3941"
"10,13 : 0.3002"
"13,10 : 0.3002"
"10,14 : 0.7506"
"14,10 : 0.7506"
"10,15 : 0.05"
"15,10 : 0.05"
"10,16 : 0.6339"
"16,10 : 0.6339"
"10,17 : 0.4682"
"17,10 : 0.4682"
"10,18 : 0.247"
"18,10 : 0.247"
"10,19 : 0.6444"
"19,10 : 0.6444"
"10,20 : 0.9621"
"20,10 : 0.9621"
"10,21 : 0.8571"
"21,10 : 0.8571"
"10,22 : 0.6379"
"22,10 : 0.6379"
"10,23 : 0.3607"
"23,10 : 0.3607"
"10,24 : 0.7839"
"24,10 : 0.7839"
"10,25 : 0.1526"
"25,10 : 0.1526"
"10,26 : 0.7716"
"26,10 : 0.7716"
"10,27 : 0.0922"
"27,10 : 0.0922"
"10,28 : 0.8301"
"28,10 : 0.8301"
"10,29 : 0.5004"
"29,10 : 0.5004"
"10,30 : 0.4958"
"30,10 : 0.4958"
"10,31 : 0.6935"
"31,10 : 0.6935"
"10,32 : 0.6339"
"32,10 : 0.6339"
"10,33 : 0.7292"
"33,10 : 0.7292"
"10,34 : 0.7467"
"34,10 : 0.7467"
"10,35 : 0.5805"
"35,10 : 0.5805"
"10,36 : 1.0929"
"36,10 : 1.0929"
"10,37 : 0.5016"
"37,10 : 0.5016"
"10,38 : 0.389"
"38,10 : 0.389"
"10,39 : 1.0439"
"39,10 : 1.0439"
"10,40 : 0.8709"
"40,10 : 0.8709"
"10,41 : 0.7354"
"41,10 : 0.7354"
"10,42 : 0.8875"
"42,10 : 0.8875"
"10,43 : 0.5471"
"43,10 : 0.5471"
"10,44 : 0.8938"
"44,10 : 0.8938"
"10,45 : 1.0183"
"45,10 : 1.0183"
"10,46 : 0.4686"
"46,10 : 0.4686"
"10,47 : 0.5867"
"47,10 : 0.5867"
"10,48 : 0.6456"
"48,10 : 0.6456"
"10,49 : 0.37"
"49,10 : 0.37"
"11,12 : 0.8497"
"12,11 : 0.8497"
"11,13 : 0.9527"
"13,11 : 0.9527"
"11,14 : 0.4904"
"14,11 : 0.4904"
"11,15 : 0.7021"
"15,11 : 0.7021"
"11,16 : 0.3705"
"16,11 : 0.3705"
"11,17 : 0.45"
"17,11 : 0.45"
"11,18 : 0.5061"
"18,11 : 0.5061"
"11,19 : 0.1844"
"19,11 : 0.1844"
"11,20 : 0.8322"
"20,11 : 0.8322"
"11,21 : 0.408"
"21,11 : 0.408"
"11,22 : 0.3406"
"22,11 : 0.3406"
"11,23 : 0.3982"
"23,11 : 0.3982"
"11,24 : 0.1703"
"24,11 : 0.1703"
"11,25 : 0.7077"
"25,11 : 0.7077"
"11,26 : 0.7004"
"26,11 : 0.7004"
"11,27 : 0.7359"
"27,11 : 0.7359"
"11,28 : 0.2062"
"28,11 : 0.2062"
"11,29 : 0.4342"
"29,11 : 0.4342"
"11,30 : 0.2886"
"30,11 : 0.2886"
"11,31 : 0.3785"
"31,11 : 0.3785"
"11,32 : 0.3705"
"32,11 : 0.3705"
"11,33 : 0.086"
"33,11 : 0.086"
"11,34 : 0.5554"
"34,11 : 0.5554"
"11,35 : 0.5166"
"35,11 : 0.5166"
"11,36 : 0.3413"
"36,11 : 0.3413"
"11,37 : 0.283"
"37,11 : 0.283"
"11,38 : 0.4"
"38,11 : 0.4"
"11,39 : 0.3513"
"39,11 : 0.3513"
"11,40 : 0.3114"
"40,11 : 0.3114"
"11,41 : 0.7234"
"41,11 : 0.7234"
"11,42 : 0.1393"
"42,11 : 0.1393"
"11,43 : 0.2846"
"43,11 : 0.2846"
"11,44 : 0.1565"
"44,11 : 0.1565"
"11,45 : 0.8319"
"45,11 : 0.8319"
"11,46 : 0.858"
"46,11 : 0.858"
"11,47 : 0.1803"
"47,11 : 0.1803"
"11,48 : 0.2602"
"48,11 : 0.2602"
"11,49 : 0.9296"
"49,11 : 0.9296"
"12,13 : 0.2209"
"13,12 : 0.2209"
"12,14 : 0.5954"
"14,12 : 0.5954"
"12,15 : 0.3982"
"15,12 : 0.3982"
"12,16 : 0.5587"
"16,12 : 0.5587"
"12,17 : 0.7632"
"17,12 : 0.7632"
"12,18 : 0.4504"
"18,12 : 0.4504"
"12,19 : 0.8246"
"19,12 : 0.8246"
"12,20 : 0.6703"
"20,12 : 0.6703"
"12,21 : 0.7545"
"21,12 : 0.7545"
"12,22 : 0.58"
"22,12 : 0.58"
"12,23 : 0.5708"
"23,12 : 0.5708"
"12,24 : 0.7981"
"24,12 : 0.7981"
"12,25 : 0.26"
"25,12 : 0.26"
"12,26 : 0.5049"
"26,12 : 0.5049"
"12,27 : 0.3053"
"27,12 : 0.3053"
"12,28 : 0.8298"
"28,12 : 0.8298"
"12,29 : 0.4342"
"29,12 : 0.4342"
"12,30 : 0.6972"
"30,12 : 0.6972"
"12,31 : 0.6031"
"31,12 : 0.6031"
"12,32 : 0.5587"
"32,12 : 0.5587"
"12,33 : 0.8673"
"33,12 : 0.8673"
"12,34 : 0.5554"
"34,12 : 0.5554"
"12,35 : 0.8981"
"35,12 : 0.8981"
"12,36 : 1.1543"
"36,12 : 1.1543"
"12,37 : 0.5686"
"37,12 : 0.5686"
"12,38 : 0.4617"
"38,12 : 0.4617"
"12,39 : 1.0324"
"39,12 : 1.0324"
"12,40 : 0.8213"
"40,12 : 0.8213"
"12,41 : 0.4518"
"41,12 : 0.4518"
"12,42 : 0.9572"
"42,12 : 0.9572"
"12,43 : 0.5694"
"43,12 : 0.5694"
"12,44 : 1.0062"
"44,12 : 1.0062"
"12,45 : 0.7401"
"45,12 : 0.7401"
"12,46 : 0.0806"
"46,12 : 0.0806"
"12,47 : 0.6712"
"47,12 : 0.6712"
"12,48 : 0.6341"
"48,12 : 0.6341"
"12,49 : 0.114"
"49,12 : 0.114"
"13,14 : 0.7877"
"14,13 : 0.7877"
"13,15 : 0.3314"
"15,13 : 0.3314"
"13,16 : 0.722"
"16,13 : 0.722"
"13,17 : 0.755"
"17,13 : 0.755"
"13,18 : 0.4742"
"18,13 : 0.4742"
"13,19 : 0.8859"
"19,13 : 0.8859"
"13,20 : 0.8909"
"20,13 : 0.8909"
"13,21 : 0.9347"
"21,13 : 0.9347"
"13,22 : 0.7378"
"22,13 : 0.7378"
"13,23 : 0.6042"
"23,13 : 0.6042"
"13,24 : 0.9361"
"24,13 : 0.9361"
"13,25 : 0.2506"
"25,13 : 0.2506"
"13,26 : 0.7217"
"26,13 : 0.7217"
"13,27 : 0.2474"
"27,13 : 0.2474"
"13,28 : 0.9745"
"28,13 : 0.9745"
"13,29 : 0.5852"
"29,13 : 0.5852"
"13,30 : 0.7425"
"30,13 : 0.7425"
"13,31 : 0.7741"
"31,13 : 0.7741"
"13,32 : 0.722"
"32,13 : 0.722"
"13,33 : 0.9513"
"33,13 : 0.9513"
"13,34 : 0.7569"
"34,13 : 0.7569"
"13,35 : 0.8757"
"35,13 : 0.8757"
"13,36 : 1.28"
"36,13 : 1.28"
"13,37 : 0.6727"
"37,13 : 0.6727"
"13,38 : 0.5532"
"38,13 : 0.5532"
"13,39 : 1.186"
"39,13 : 1.186"
"13,40 : 0.9848"
"40,13 : 0.9848"
"13,41 : 0.6703"
"41,13 : 0.6703"
"13,42 : 1.0756"
"42,13 : 1.0756"
"13,43 : 0.6935"
"43,13 : 0.6935"
"13,44 : 1.106"
"44,13 : 1.106"
"13,45 : 0.9601"
"45,13 : 0.9601"
"13,46 : 0.2961"
"46,13 : 0.2961"
"13,47 : 0.7734"
"47,13 : 0.7734"
"13,48 : 0.7762"
"48,13 : 0.7762"
"13,49 : 0.1208"
"49,13 : 0.1208"
"14,15 : 0.7125"
"15,14 : 0.7125"
"14,16 : 0.1562"
"16,14 : 0.1562"
"14,17 : 0.7543"
"17,14 : 0.7543"
"14,18 : 0.5632"
"18,14 : 0.5632"
"14,19 : 0.6021"
"19,14 : 0.6021"
"14,20 : 0.3444"
"20,14 : 0.3444"
"14,21 : 0.172"
"21,14 : 0.172"
"14,22 : 0.1769"
"22,14 : 0.1769"
"14,23 : 0.5644"
"23,14 : 0.5644"
"14,24 : 0.3413"
"24,14 : 0.3413"
"14,25 : 0.622"
"25,14 : 0.622"
"14,26 : 0.2209"
"26,14 : 0.2209"
"14,27 : 0.6807"
"27,14 : 0.6807"
"14,28 : 0.3406"
"28,14 : 0.3406"
"14,29 : 0.255"
"29,14 : 0.255"
"14,30 : 0.58"
"30,14 : 0.58"
"14,31 : 0.1166"
"31,14 : 0.1166"
"14,32 : 0.1562"
"32,14 : 0.1562"
"14,33 : 0.5608"
"33,14 : 0.5608"
"14,34 : 0.0707"
"34,14 : 0.0707"
"14,35 : 0.8773"
"35,14 : 0.8773"
"14,36 : 0.6671"
"36,14 : 0.6671"
"14,37 : 0.3701"
"37,14 : 0.3701"
"14,38 : 0.4085"
"38,14 : 0.4085"
"14,39 : 0.4875"
"39,14 : 0.4875"
"14,40 : 0.2751"
"40,14 : 0.2751"
"14,41 : 0.2596"
"41,14 : 0.2596"
"14,42 : 0.5201"
"42,14 : 0.5201"
"14,43 : 0.3048"
"43,14 : 0.3048"
"14,44 : 0.614"
"44,14 : 0.614"
"14,45 : 0.3561"
"45,14 : 0.3561"
"14,46 : 0.558"
"46,14 : 0.558"
"14,47 : 0.4"
"47,14 : 0.4"
"14,48 : 0.247"
"48,14 : 0.247"
"14,49 : 0.7066"
"49,14 : 0.7066"
"15,16 : 0.5914"
"16,15 : 0.5914"
"15,17 : 0.4272"
"17,15 : 0.4272"
"15,18 : 0.1972"
"18,15 : 0.1972"
"15,19 : 0.5955"
"19,15 : 0.5955"
"15,20 : 0.9362"
"20,15 : 0.9362"
"15,21 : 0.8139"
"21,15 : 0.8139"
"15,22 : 0.5941"
"22,15 : 0.5941"
"15,23 : 0.3111"
"23,15 : 0.3111"
"15,24 : 0.7354"
"24,15 : 0.7354"
"15,25 : 0.1421"
"25,15 : 0.1421"
"15,26 : 0.7446"
"26,15 : 0.7446"
"15,27 : 0.0949"
"27,15 : 0.0949"
"15,28 : 0.7819"
"28,15 : 0.7819"
"15,29 : 0.4601"
"29,15 : 0.4601"
"15,30 : 0.4469"
"30,15 : 0.4469"
"15,31 : 0.6512"
"31,15 : 0.6512"
"15,32 : 0.5914"
"32,15 : 0.5914"
"15,33 : 0.6794"
"33,15 : 0.6794"
"15,34 : 0.712"
"34,15 : 0.712"
"15,35 : 0.5445"
"35,15 : 0.5445"
"15,36 : 1.0429"
"36,15 : 1.0429"
"15,37 : 0.4531"
"37,15 : 0.4531"
"15,38 : 0.3421"
"38,15 : 0.3421"
"15,39 : 0.9954"
"39,15 : 0.9954"
"15,40 : 0.8246"
"40,15 : 0.8246"
"15,41 : 0.7111"
"41,15 : 0.7111"
"15,42 : 0.8376"
"42,15 : 0.8376"
"15,43 : 0.5"
"43,15 : 0.5"
"15,44 : 0.8439"
"44,15 : 0.8439"
"15,45 : 0.9902"
"45,15 : 0.9902"
"15,46 : 0.4687"
"46,15 : 0.4687"
"15,47 : 0.5371"
"47,15 : 0.5371"
"15,48 : 0.5991"
"48,15 : 0.5991"
"15,49 : 0.3883"
"49,15 : 0.3883"
"16,17 : 0.5982"
"17,16 : 0.5982"
"16,18 : 0.4243"
"18,16 : 0.4243"
"16,19 : 0.4562"
"19,16 : 0.4562"
"16,20 : 0.4909"
"20,16 : 0.4909"
"16,21 : 0.2236"
"21,16 : 0.2236"
"16,22 : 0.03"
"22,16 : 0.03"
"16,23 : 0.4115"
"23,16 : 0.4115"
"16,24 : 0.2563"
"24,16 : 0.2563"
"16,25 : 0.522"
"25,16 : 0.522"
"16,26 : 0.3353"
"26,16 : 0.3353"
"16,27 : 0.5749"
"27,16 : 0.5749"
"16,28 : 0.2778"
"28,16 : 0.2778"
"16,29 : 0.1393"
"29,16 : 0.1393"
"16,30 : 0.4243"
"30,16 : 0.4243"
"16,31 : 0.06"
"31,16 : 0.06"
"16,32 : 0.0"
"32,16 : 0.0"
"16,33 : 0.4295"
"33,16 : 0.4295"
"16,34 : 0.2025"
"34,16 : 0.2025"
"16,35 : 0.7214"
"35,16 : 0.7214"
"16,36 : 0.6127"
"36,16 : 0.6127"
"16,37 : 0.214"
"37,16 : 0.214"
"16,38 : 0.2648"
"38,16 : 0.2648"
"16,39 : 0.4738"
"39,16 : 0.4738"
"16,40 : 0.264"
"40,16 : 0.264"
"16,41 : 0.3536"
"41,16 : 0.3536"
"16,42 : 0.4342"
"42,16 : 0.4342"
"16,43 : 0.1487"
"43,16 : 0.1487"
"16,44 : 0.5124"
"44,16 : 0.5124"
"16,45 : 0.5099"
"45,16 : 0.5099"
"16,46 : 0.542"
"46,16 : 0.542"
"16,47 : 0.2506"
"47,16 : 0.2506"
"16,48 : 0.1105"
"48,16 : 0.1105"
"16,49 : 0.6607"
"49,16 : 0.6607"
"17,18 : 0.314"
"18,17 : 0.314"
"17,19 : 0.2729"
"19,17 : 0.2729"
"17,20 : 1.0752"
"20,17 : 1.0752"
"17,21 : 0.7649"
"21,17 : 0.7649"
"17,22 : 0.5801"
"22,17 : 0.5801"
"17,23 : 0.2147"
"23,17 : 0.2147"
"17,24 : 0.5749"
"24,17 : 0.5749"
"17,25 : 0.5209"
"25,17 : 0.5209"
"17,26 : 0.895"
"26,17 : 0.895"
"17,27 : 0.508"
"27,17 : 0.508"
"17,28 : 0.6237"
"28,17 : 0.6237"
"17,29 : 0.5404"
"29,17 : 0.5404"
"17,30 : 0.1838"
"30,17 : 0.1838"
"17,31 : 0.6464"
"31,17 : 0.6464"
"17,32 : 0.5982"
"32,17 : 0.5982"
"17,33 : 0.3833"
"33,17 : 0.3833"
"17,34 : 0.7925"
"34,17 : 0.7925"
"17,35 : 0.1393"
"35,17 : 0.1393"
"17,36 : 0.7616"
"36,17 : 0.7616"
"17,37 : 0.3842"
"37,17 : 0.3842"
"17,38 : 0.3828"
"38,17 : 0.3828"
"17,39 : 0.8006"
"39,17 : 0.8006"
"17,40 : 0.7117"
"40,17 : 0.7117"
"17,41 : 0.8881"
"41,17 : 0.8881"
"17,42 : 0.5822"
"42,17 : 0.5822"
"17,43 : 0.45"
"43,17 : 0.45"
"17,44 : 0.5385"
"44,17 : 0.5385"
"17,45 : 1.1039"
"45,17 : 1.1039"
"17,46 : 0.8122"
"46,17 : 0.8122"
"17,47 : 0.3808"
"47,17 : 0.3808"
"17,48 : 0.5284"
"48,17 : 0.5284"
"17,49 : 0.791"
"49,17 : 0.791"
"18,19 : 0.4134"
"19,18 : 0.4134"
"18,20 : 0.8349"
"20,18 : 0.8349"
"18,21 : 0.6403"
"21,18 : 0.6403"
"18,22 : 0.4211"
"22,18 : 0.4211"
"18,23 : 0.13"
"23,18 : 0.13"
"18,24 : 0.5408"
"24,18 : 0.5408"
"18,25 : 0.2247"
"25,18 : 0.2247"
"18,26 : 0.644"
"26,18 : 0.644"
"18,27 : 0.236"
"27,18 : 0.236"
"18,28 : 0.5882"
"28,18 : 0.5882"
"18,29 : 0.3102"
"29,18 : 0.3102"
"18,30 : 0.2683"
"30,18 : 0.2683"
"18,31 : 0.4837"
"31,18 : 0.4837"
"18,32 : 0.4243"
"32,18 : 0.4243"
"18,33 : 0.4884"
"33,18 : 0.4884"
"18,34 : 0.5778"
"34,18 : 0.5778"
"18,35 : 0.4512"
"35,18 : 0.4512"
"18,36 : 0.8463"
"36,18 : 0.8463"
"18,37 : 0.2596"
"37,18 : 0.2596"
"18,38 : 0.1603"
"38,18 : 0.1603"
"18,39 : 0.8006"
"39,18 : 0.8006"
"18,40 : 0.6379"
"40,18 : 0.6379"
"18,41 : 0.6237"
"41,18 : 0.6237"
"18,42 : 0.6407"
"42,18 : 0.6407"
"18,43 : 0.3126"
"43,18 : 0.3126"
"18,44 : 0.6507"
"44,18 : 0.6507"
"18,45 : 0.8782"
"45,18 : 0.8782"
"18,46 : 0.4982"
"46,18 : 0.4982"
"18,47 : 0.34"
"47,18 : 0.34"
"18,48 : 0.413"
"48,18 : 0.413"
"18,49 : 0.4884"
"49,18 : 0.4884"
"19,20 : 0.9451"
"20,19 : 0.9451"
"19,21 : 0.5597"
"21,19 : 0.5597"
"19,22 : 0.4294"
"22,19 : 0.4294"
"19,23 : 0.286"
"23,19 : 0.286"
"19,24 : 0.3362"
"24,19 : 0.3362"
"19,25 : 0.6353"
"25,19 : 0.6353"
"19,26 : 0.7892"
"26,19 : 0.7892"
"19,27 : 0.649"
"27,19 : 0.649"
"19,28 : 0.3801"
"28,19 : 0.3801"
"19,29 : 0.4653"
"29,19 : 0.4653"
"19,30 : 0.1487"
"30,19 : 0.1487"
"19,31 : 0.4855"
"31,19 : 0.4855"
"19,32 : 0.4562"
"32,19 : 0.4562"
"19,33 : 0.1105"
"33,19 : 0.1105"
"19,34 : 0.6576"
"34,19 : 0.6576"
"19,35 : 0.3324"
"35,19 : 0.3324"
"19,36 : 0.4904"
"36,19 : 0.4904"
"19,37 : 0.2816"
"37,19 : 0.2816"
"19,38 : 0.365"
"38,19 : 0.365"
"19,39 : 0.5346"
"39,19 : 0.5346"
"19,40 : 0.4802"
"40,19 : 0.4802"
"19,41 : 0.8001"
"41,19 : 0.8001"
"19,42 : 0.3102"
"42,19 : 0.3102"
"19,43 : 0.3228"
"43,19 : 0.3228"
"19,44 : 0.2693"
"44,19 : 0.2693"
"19,45 : 0.9569"
"45,19 : 0.9569"
"19,46 : 0.85"
"46,19 : 0.85"
"19,47 : 0.2062"
"47,19 : 0.2062"
"19,48 : 0.3551"
"48,19 : 0.3551"
"19,49 : 0.886"
"49,19 : 0.886"
"20,21 : 0.4528"
"21,20 : 0.4528"
"20,22 : 0.5162"
"22,20 : 0.5162"
"20,23 : 0.8705"
"23,20 : 0.8705"
"20,24 : 0.6745"
"24,20 : 0.6745"
"20,25 : 0.8127"
"25,20 : 0.8127"
"20,26 : 0.1924"
"26,20 : 0.1924"
"20,27 : 0.876"
"27,20 : 0.876"
"20,28 : 0.6629"
"28,20 : 0.6629"
"20,29 : 0.5381"
"29,20 : 0.5381"
"20,30 : 0.9105"
"30,20 : 0.9105"
"20,31 : 0.4607"
"31,20 : 0.4607"
"20,32 : 0.4909"
"32,20 : 0.4909"
"20,33 : 0.9047"
"33,20 : 0.9047"
"20,34 : 0.2884"
"34,20 : 0.2884"
"20,35 : 1.2051"
"35,20 : 1.2051"
"20,36 : 0.96"
"36,20 : 0.96"
"20,37 : 0.6966"
"37,20 : 0.6966"
"20,38 : 0.7018"
"38,20 : 0.7018"
"20,39 : 0.7524"
"39,20 : 0.7524"
"20,40 : 0.5731"
"40,20 : 0.5731"
"20,41 : 0.228"
"41,20 : 0.228"
"20,42 : 0.8453"
"42,20 : 0.8453"
"20,43 : 0.636"
"43,20 : 0.636"
"20,44 : 0.9459"
"44,20 : 0.9459"
"20,45 : 0.0762"
"45,20 : 0.0762"
"20,46 : 0.6003"
"46,20 : 0.6003"
"20,47 : 0.7409"
"47,20 : 0.7409"
"20,48 : 0.5906"
"48,20 : 0.5906"
"20,49 : 0.7801"
"49,20 : 0.7801"
"21,22 : 0.2202"
"22,21 : 0.2202"
"21,23 : 0.6064"
"23,21 : 0.6064"
"21,24 : 0.2385"
"24,21 : 0.2385"
"21,25 : 0.7446"
"25,21 : 0.7446"
"21,26 : 0.3795"
"26,21 : 0.3795"
"21,27 : 0.7983"
"27,21 : 0.7983"
"21,28 : 0.2154"
"28,21 : 0.2154"
"21,29 : 0.3614"
"29,21 : 0.3614"
"21,30 : 0.5814"
"30,21 : 0.5814"
"21,31 : 0.1649"
"31,21 : 0.1649"
"21,32 : 0.2236"
"32,21 : 0.2236"
"21,33 : 0.4904"
"33,21 : 0.4904"
"21,34 : 0.2371"
"34,21 : 0.2371"
"21,35 : 0.8713"
"35,21 : 0.8713"
"21,36 : 0.5124"
"36,21 : 0.5124"
"21,37 : 0.4002"
"37,21 : 0.4002"
"21,38 : 0.4801"
"38,21 : 0.4801"
"21,39 : 0.3195"
"39,21 : 0.3195"
"21,40 : 0.1204"
"40,21 : 0.1204"
"21,41 : 0.4254"
"41,21 : 0.4254"
"21,42 : 0.3956"
"42,21 : 0.3956"
"21,43 : 0.3354"
"43,21 : 0.3354"
"21,44 : 0.4998"
"44,21 : 0.4998"
"21,45 : 0.4368"
"45,21 : 0.4368"
"21,46 : 0.7235"
"46,21 : 0.7235"
"21,47 : 0.3847"
"47,21 : 0.3847"
"21,48 : 0.2404"
"48,21 : 0.2404"
"21,49 : 0.8628"
"49,21 : 0.8628"
"22,23 : 0.3992"
"23,22 : 0.3992"
"22,24 : 0.2285"
"24,22 : 0.2285"
"22,25 : 0.5314"
"25,22 : 0.5314"
"22,26 : 0.364"
"26,22 : 0.364"
"22,27 : 0.5824"
"27,22 : 0.5824"
"22,28 : 0.2524"
"28,22 : 0.2524"
"22,29 : 0.1526"
"29,22 : 0.1526"
"22,30 : 0.4036"
"30,22 : 0.4036"
"22,31 : 0.0671"
"31,22 : 0.0671"
"22,32 : 0.03"
"32,22 : 0.03"
"22,33 : 0.4002"
"33,22 : 0.4002"
"22,34 : 0.2283"
"34,22 : 0.2283"
"22,35 : 0.7009"
"35,22 : 0.7009"
"22,36 : 0.5859"
"36,22 : 0.5859"
"22,37 : 0.1972"
"37,22 : 0.1972"
"22,38 : 0.2608"
"38,22 : 0.2608"
"22,39 : 0.4528"
"39,22 : 0.4528"
"22,40 : 0.247"
"40,22 : 0.247"
"22,41 : 0.3833"
"41,22 : 0.3833"
"22,42 : 0.4052"
"42,22 : 0.4052"
"22,43 : 0.1304"
"43,22 : 0.1304"
"22,44 : 0.4826"
"44,22 : 0.4826"
"22,45 : 0.5326"
"45,22 : 0.5326"
"22,46 : 0.5661"
"46,22 : 0.5661"
"22,47 : 0.2247"
"47,22 : 0.2247"
"22,48 : 0.0806"
"48,22 : 0.0806"
"22,49 : 0.6801"
"49,22 : 0.6801"
"23,24 : 0.4639"
"24,23 : 0.4639"
"23,25 : 0.3547"
"25,23 : 0.3547"
"23,26 : 0.6862"
"26,23 : 0.6862"
"23,27 : 0.3636"
"27,23 : 0.3636"
"23,28 : 0.5135"
"28,23 : 0.5135"
"23,29 : 0.3324"
"29,23 : 0.3324"
"23,30 : 0.1389"
"30,23 : 0.1389"
"23,31 : 0.4662"
"31,23 : 0.4662"
"23,32 : 0.4115"
"32,23 : 0.4115"
"23,33 : 0.3688"
"33,23 : 0.3688"
"23,34 : 0.5941"
"34,23 : 0.5941"
"23,35 : 0.3534"
"35,23 : 0.3534"
"23,36 : 0.7393"
"36,23 : 0.7393"
"23,37 : 0.2062"
"37,23 : 0.2062"
"23,38 : 0.1703"
"38,23 : 0.1703"
"23,39 : 0.7181"
"39,23 : 0.7181"
"23,40 : 0.5803"
"40,23 : 0.5803"
"23,41 : 0.6762"
"41,23 : 0.6762"
"23,42 : 0.5367"
"42,23 : 0.5367"
"23,43 : 0.272"
"43,23 : 0.272"
"23,44 : 0.5341"
"44,23 : 0.5341"
"23,45 : 0.9043"
"45,23 : 0.9043"
"23,46 : 0.6113"
"46,23 : 0.6113"
"23,47 : 0.2532"
"47,23 : 0.2532"
"23,48 : 0.3667"
"48,23 : 0.3667"
"23,49 : 0.6161"
"49,23 : 0.6161"
"24,25 : 0.7072"
"25,24 : 0.7072"
"24,26 : 0.5601"
"26,24 : 0.5601"
"24,27 : 0.7479"
"27,24 : 0.7479"
"24,28 : 0.05"
"28,24 : 0.05"
"24,29 : 0.364"
"29,24 : 0.364"
"24,30 : 0.3946"
"30,24 : 0.3946"
"24,31 : 0.2419"
"31,24 : 0.2419"
"24,32 : 0.2563"
"32,24 : 0.2563"
"24,33 : 0.2546"
"33,24 : 0.2546"
"24,34 : 0.4105"
"34,24 : 0.4105"
"24,35 : 0.6631"
"35,24 : 0.6631"
"24,36 : 0.3585"
"36,24 : 0.3585"
"24,37 : 0.2823"
"37,24 : 0.2823"
"24,38 : 0.3982"
"38,24 : 0.3982"
"24,39 : 0.26"
"39,24 : 0.26"
"24,40 : 0.1442"
"40,24 : 0.1442"
"24,41 : 0.5914"
"41,24 : 0.5914"
"24,42 : 0.1811"
"42,24 : 0.1811"
"24,43 : 0.2441"
"43,24 : 0.2441"
"24,44 : 0.2729"
"44,24 : 0.2729"
"24,45 : 0.6685"
"45,24 : 0.6685"
"24,46 : 0.7908"
"46,24 : 0.7908"
"24,47 : 0.211"
"47,24 : 0.211"
"24,48 : 0.164"
"48,24 : 0.164"
"24,49 : 0.892"
"49,24 : 0.892"
"25,26 : 0.6236"
"26,25 : 0.6236"
"25,27 : 0.0632"
"27,25 : 0.0632"
"25,28 : 0.7495"
"28,25 : 0.7495"
"25,29 : 0.3833"
"29,25 : 0.3833"
"25,30 : 0.4924"
"30,25 : 0.4924"
"25,31 : 0.5797"
"31,25 : 0.5797"
"25,32 : 0.522"
"32,25 : 0.522"
"25,33 : 0.7021"
"33,25 : 0.7021"
"25,34 : 0.6103"
"34,25 : 0.6103"
"25,35 : 0.6503"
"35,25 : 0.6503"
"25,36 : 1.0406"
"36,25 : 1.0406"
"25,37 : 0.4328"
"37,25 : 0.4328"
"25,38 : 0.3124"
"38,25 : 0.3124"
"25,39 : 0.9638"
"39,25 : 0.9638"
"25,40 : 0.7747"
"40,25 : 0.7747"
"25,41 : 0.5852"
"41,25 : 0.5852"
"25,42 : 0.8349"
"42,25 : 0.8349"
"25,43 : 0.4632"
"43,25 : 0.4632"
"25,44 : 0.8591"
"44,25 : 0.8591"
"25,45 : 0.8709"
"45,25 : 0.8709"
"25,46 : 0.3276"
"46,25 : 0.3276"
"25,47 : 0.5304"
"47,25 : 0.5304"
"25,48 : 0.5547"
"48,25 : 0.5547"
"25,49 : 0.2702"
"49,25 : 0.2702"
"26,27 : 0.6868"
"27,26 : 0.6868"
"26,28 : 0.5614"
"28,26 : 0.5614"
"26,29 : 0.3547"
"29,26 : 0.3547"
"26,30 : 0.7378"
"30,26 : 0.7378"
"26,31 : 0.3225"
"31,26 : 0.3225"
"26,32 : 0.3353"
"32,26 : 0.3353"
"26,33 : 0.764"
"33,26 : 0.764"
"26,34 : 0.1503"
"34,26 : 0.1503"
"26,35 : 1.028"
"35,26 : 1.028"
"26,36 : 0.8865"
"36,26 : 0.8865"
"26,37 : 0.5248"
"37,26 : 0.5248"
"26,38 : 0.5162"
"38,26 : 0.5162"
"26,39 : 0.6989"
"39,26 : 0.6989"
"26,40 : 0.4924"
"40,26 : 0.4924"
"26,41 : 0.0583"
"41,26 : 0.0583"
"26,42 : 0.7401"
"42,26 : 0.7401"
"26,43 : 0.4696"
"43,26 : 0.4696"
"26,44 : 0.8315"
"44,26 : 0.8315"
"26,45 : 0.2474"
"45,26 : 0.2474"
"26,46 : 0.4438"
"46,26 : 0.4438"
"26,47 : 0.5831"
"47,26 : 0.5831"
"26,48 : 0.4438"
"48,26 : 0.4438"
"26,49 : 0.6181"
"49,26 : 0.6181"
"27,28 : 0.7918"
"28,27 : 0.7918"
"27,29 : 0.4374"
"29,27 : 0.4374"
"27,30 : 0.5025"
"30,27 : 0.5025"
"27,31 : 0.6335"
"31,27 : 0.6335"
"27,32 : 0.5749"
"32,27 : 0.5749"
"27,33 : 0.7235"
"33,27 : 0.7235"
"27,34 : 0.6712"
"34,27 : 0.6712"
"27,35 : 0.6313"
"35,27 : 0.6313"
"27,36 : 1.073"
"36,27 : 1.073"
"27,37 : 0.4687"
"37,27 : 0.4687"
"27,38 : 0.3499"
"38,27 : 0.3499"
"27,39 : 1.0065"
"39,27 : 1.0065"
"27,40 : 0.8228"
"40,27 : 0.8228"
"27,41 : 0.6485"
"41,27 : 0.6485"
"27,42 : 0.8668"
"42,27 : 0.8668"
"27,43 : 0.5054"
"43,27 : 0.5054"
"27,44 : 0.8841"
"44,27 : 0.8841"
"27,45 : 0.9341"
"45,27 : 0.9341"
"27,46 : 0.378"
"46,27 : 0.378"
"27,47 : 0.5622"
"47,27 : 0.5622"
"27,48 : 0.6001"
"48,27 : 0.6001"
"27,49 : 0.2943"
"49,27 : 0.2943"
"28,29 : 0.3962"
"29,28 : 0.3962"
"28,30 : 0.4441"
"30,28 : 0.4441"
"28,31 : 0.253"
"31,28 : 0.253"
"28,32 : 0.2778"
"32,28 : 0.2778"
"28,33 : 0.2921"
"33,28 : 0.2921"
"28,34 : 0.4111"
"34,28 : 0.4111"
"28,35 : 0.7094"
"35,28 : 0.7094"
"28,36 : 0.3362"
"36,28 : 0.3362"
"28,37 : 0.3289"
"37,28 : 0.3289"
"28,38 : 0.4428"
"38,28 : 0.4428"
"28,39 : 0.2147"
"39,28 : 0.2147"
"28,40 : 0.1063"
"40,28 : 0.1063"
"28,41 : 0.5968"
"41,28 : 0.5968"
"28,42 : 0.1825"
"42,28 : 0.1825"
"28,43 : 0.2865"
"43,28 : 0.2865"
"28,44 : 0.2846"
"44,28 : 0.2846"
"28,45 : 0.6515"
"45,28 : 0.6515"
"28,46 : 0.8184"
"46,28 : 0.8184"
"28,47 : 0.2608"
"47,28 : 0.2608"
"28,48 : 0.1985"
"48,28 : 0.1985"
"28,49 : 0.9263"
"49,28 : 0.9263"
"29,30 : 0.3891"
"30,29 : 0.3891"
"29,31 : 0.1965"
"31,29 : 0.1965"
"29,32 : 0.1393"
"32,29 : 0.1393"
"29,33 : 0.4717"
"33,29 : 0.4717"
"29,34 : 0.2683"
"34,29 : 0.2683"
"29,35 : 0.6742"
"35,29 : 0.6742"
"29,36 : 0.7211"
"36,29 : 0.7211"
"29,37 : 0.1844"
"37,29 : 0.1844"
"29,38 : 0.164"
"38,29 : 0.164"
"29,39 : 0.6031"
"39,29 : 0.6031"
"29,40 : 0.3996"
"40,29 : 0.3996"
"29,41 : 0.3499"
"41,29 : 0.3499"
"29,42 : 0.5277"
"42,29 : 0.5277"
"29,43 : 0.1513"
"43,29 : 0.1513"
"29,44 : 0.5882"
"44,29 : 0.5882"
"29,45 : 0.5743"
"45,29 : 0.5743"
"29,46 : 0.4294"
"46,29 : 0.4294"
"29,47 : 0.2702"
"47,29 : 0.2702"
"29,48 : 0.2"
"48,29 : 0.2"
"29,49 : 0.5304"
"49,29 : 0.5304"
"30,31 : 0.4686"
"31,30 : 0.4686"
"30,32 : 0.4243"
"32,30 : 0.4243"
"30,33 : 0.2419"
"33,30 : 0.2419"
"30,34 : 0.6237"
"34,30 : 0.6237"
"30,35 : 0.2973"
"35,30 : 0.2973"
"30,36 : 0.6224"
"36,30 : 0.6224"
"30,37 : 0.214"
"37,30 : 0.214"
"30,38 : 0.2532"
"38,30 : 0.2532"
"30,39 : 0.6313"
"39,30 : 0.6313"
"30,40 : 0.5289"
"40,30 : 0.5289"
"30,41 : 0.7382"
"41,30 : 0.7382"
"30,42 : 0.4272"
"42,30 : 0.4272"
"30,43 : 0.2759"
"43,30 : 0.2759"
"30,44 : 0.4082"
"44,30 : 0.4082"
"30,45 : 0.9338"
"45,30 : 0.9338"
"30,46 : 0.7306"
"46,30 : 0.7306"
"30,47 : 0.197"
"47,30 : 0.197"
"30,48 : 0.3467"
"48,30 : 0.3467"
"30,49 : 0.75"
"49,30 : 0.75"
"31,32 : 0.06"
"32,31 : 0.06"
"31,33 : 0.446"
"33,31 : 0.446"
"31,34 : 0.1772"
"34,31 : 0.1772"
"31,35 : 0.7658"
"35,31 : 0.7658"
"31,36 : 0.5887"
"36,31 : 0.5887"
"31,37 : 0.2642"
"37,31 : 0.2642"
"31,38 : 0.3239"
"38,31 : 0.3239"
"31,39 : 0.4342"
"39,31 : 0.4342"
"31,40 : 0.2193"
"40,31 : 0.2193"
"31,41 : 0.3501"
"41,31 : 0.3501"
"31,42 : 0.423"
"42,31 : 0.423"
"31,43 : 0.1972"
"43,31 : 0.1972"
"31,44 : 0.5101"
"44,31 : 0.5101"
"31,45 : 0.472"
"45,31 : 0.472"
"31,46 : 0.5805"
"46,31 : 0.5805"
"31,47 : 0.2843"
"47,31 : 0.2843"
"31,48 : 0.1304"
"48,31 : 0.1304"
"31,49 : 0.708"
"49,31 : 0.708"
"32,33 : 0.4295"
"33,32 : 0.4295"
"32,34 : 0.2025"
"34,32 : 0.2025"
"32,35 : 0.7214"
"35,32 : 0.7214"
"32,36 : 0.6127"
"36,32 : 0.6127"
"32,37 : 0.214"
"37,32 : 0.214"
"32,38 : 0.2648"
"38,32 : 0.2648"
"32,39 : 0.4738"
"39,32 : 0.4738"
"32,40 : 0.264"
"40,32 : 0.264"
"32,41 : 0.3536"
"41,32 : 0.3536"
"32,42 : 0.4342"
"42,32 : 0.4342"
"32,43 : 0.1487"
"43,32 : 0.1487"
"32,44 : 0.5124"
"44,32 : 0.5124"
"32,45 : 0.5099"
"45,32 : 0.5099"
"32,46 : 0.542"
"46,32 : 0.542"
"32,47 : 0.2506"
"47,32 : 0.2506"
"32,48 : 0.1105"
"48,32 : 0.1105"
"32,49 : 0.6607"
"49,32 : 0.6607"
"33,34 : 0.623"
"34,33 : 0.623"
"33,35 : 0.4374"
"35,33 : 0.4374"
"33,36 : 0.3828"
"36,33 : 0.3828"
"33,37 : 0.3008"
"37,33 : 0.3008"
"33,38 : 0.4072"
"38,33 : 0.4072"
"33,39 : 0.4276"
"39,33 : 0.4276"
"33,40 : 0.397"
"40,33 : 0.397"
"33,41 : 0.7826"
"41,33 : 0.7826"
"33,42 : 0.2"
"42,33 : 0.2"
"33,43 : 0.3206"
"43,33 : 0.3206"
"33,44 : 0.1664"
"44,33 : 0.1664"
"33,45 : 0.9082"
"45,33 : 0.9082"
"33,46 : 0.8832"
"46,33 : 0.8832"
"33,47 : 0.2022"
"47,33 : 0.2022"
"33,48 : 0.3202"
"48,33 : 0.3202"
"33,49 : 0.9391"
"49,33 : 0.9391"
"34,35 : 0.9197"
"35,34 : 0.9197"
"34,36 : 0.7376"
"36,34 : 0.7376"
"34,37 : 0.4104"
"37,34 : 0.4104"
"34,38 : 0.4305"
"38,34 : 0.4305"
"34,39 : 0.5554"
"39,34 : 0.5554"
"34,40 : 0.3448"
"40,34 : 0.3448"
"34,41 : 0.1897"
"41,34 : 0.1897"
"34,42 : 0.59"
"42,34 : 0.59"
"34,43 : 0.3483"
"43,34 : 0.3483"
"34,44 : 0.6826"
"44,34 : 0.6826"
"34,45 : 0.3114"
"45,34 : 0.3114"
"34,46 : 0.5111"
"46,34 : 0.5111"
"34,47 : 0.4528"
"47,34 : 0.4528"
"34,48 : 0.3046"
"48,34 : 0.3046"
"34,49 : 0.6685"
"49,34 : 0.6685"
"35,36 : 0.7916"
"36,35 : 0.7916"
"35,37 : 0.5093"
"37,35 : 0.5093"
"35,38 : 0.5197"
"38,35 : 0.5197"
"35,39 : 0.8649"
"39,35 : 0.8649"
"35,40 : 0.8053"
"40,35 : 0.8053"
"35,41 : 1.0234"
"41,35 : 1.0234"
"35,42 : 0.6351"
"42,35 : 0.6351"
"35,43 : 0.5728"
"43,35 : 0.5728"
"35,44 : 0.5701"
"44,35 : 0.5701"
"35,45 : 1.2304"
"45,35 : 1.2304"
"35,46 : 0.9492"
"46,35 : 0.9492"
"35,47 : 0.4883"
"47,35 : 0.4883"
"35,48 : 0.642"
"48,35 : 0.642"
"35,49 : 0.9201"
"49,35 : 0.9201"
"36,37 : 0.6083"
"37,36 : 0.6083"
"36,38 : 0.7286"
"38,36 : 0.7286"
"36,39 : 0.2184"
"39,36 : 0.2184"
"36,40 : 0.3946"
"40,36 : 0.3946"
"36,41 : 0.9265"
"41,36 : 0.9265"
"36,42 : 0.2062"
"42,36 : 0.2062"
"36,43 : 0.589"
"43,36 : 0.589"
"36,44 : 0.2236"
"44,36 : 0.2236"
"36,45 : 0.9326"
"45,36 : 0.9326"
"36,46 : 1.1491"
"46,36 : 1.1491"
"36,47 : 0.5109"
"47,36 : 0.5109"
"36,48 : 0.5215"
"48,36 : 0.5215"
"36,49 : 1.2447"
"49,36 : 1.2447"
"37,38 : 0.1204"
"38,37 : 0.1204"
"37,39 : 0.5423"
"39,37 : 0.5423"
"37,40 : 0.3812"
"40,37 : 0.3812"
"37,41 : 0.528"
"41,37 : 0.528"
"37,42 : 0.4031"
"42,37 : 0.4031"
"37,43 : 0.0671"
"43,37 : 0.0671"
"37,44 : 0.4391"
"44,37 : 0.4391"
"37,45 : 0.7212"
"45,37 : 0.7212"
"37,46 : 0.5824"
"46,37 : 0.5824"
"37,47 : 0.103"
"47,37 : 0.103"
"37,48 : 0.1612"
"48,37 : 0.1612"
"37,49 : 0.6466"
"49,37 : 0.6466"
"38,39 : 0.6574"
"39,38 : 0.6574"
"38,40 : 0.4827"
"40,38 : 0.4827"
"38,41 : 0.5061"
"41,38 : 0.5061"
"38,42 : 0.5233"
"42,38 : 0.5233"
"38,43 : 0.1581"
"43,38 : 0.1581"
"38,44 : 0.5547"
"44,38 : 0.5547"
"38,45 : 0.7382"
"45,38 : 0.7382"
"38,46 : 0.4851"
"46,38 : 0.4851"
"38,47 : 0.2202"
"47,38 : 0.2202"
"38,48 : 0.2571"
"48,38 : 0.2571"
"38,49 : 0.5324"
"49,38 : 0.5324"
"39,40 : 0.2163"
"40,39 : 0.2163"
"39,41 : 0.7446"
"41,39 : 0.7446"
"39,42 : 0.2341"
"42,39 : 0.2341"
"39,43 : 0.5012"
"43,39 : 0.5012"
"39,44 : 0.3276"
"44,39 : 0.3276"
"39,45 : 0.7201"
"45,39 : 0.7201"
"39,46 : 1.0141"
"46,39 : 1.0141"
"39,47 : 0.4657"
"47,39 : 0.4657"
"39,48 : 0.4105"
"48,39 : 0.4105"
"39,49 : 1.1328"
"49,39 : 1.1328"
"40,41 : 0.5345"
"41,40 : 0.5345"
"40,42 : 0.2786"
"42,40 : 0.2786"
"40,43 : 0.3256"
"43,40 : 0.3256"
"40,44 : 0.3848"
"44,40 : 0.3848"
"40,45 : 0.5554"
"45,40 : 0.5554"
"40,46 : 0.7998"
"46,40 : 0.7998"
"40,47 : 0.3354"
"47,40 : 0.3354"
"40,48 : 0.2256"
"48,40 : 0.2256"
"40,49 : 0.9246"
"49,40 : 0.9246"
"41,42 : 0.7723"
"42,41 : 0.7723"
"41,43 : 0.4776"
"43,41 : 0.4776"
"41,44 : 0.86"
"44,41 : 0.86"
"41,45 : 0.2915"
"45,41 : 0.2915"
"41,46 : 0.3883"
"46,41 : 0.3883"
"41,47 : 0.5948"
"47,41 : 0.5948"
"41,48 : 0.4639"
"48,41 : 0.4639"
"41,49 : 0.5644"
"49,41 : 0.5644"
"42,43 : 0.3883"
"43,42 : 0.3883"
"42,44 : 0.1082"
"44,42 : 0.1082"
"42,45 : 0.8324"
"45,42 : 0.8324"
"42,46 : 0.9571"
"46,42 : 0.9571"
"42,47 : 0.3048"
"47,42 : 0.3048"
"42,48 : 0.3324"
"48,42 : 0.3324"
