x,y
0.26,0.66
0.87,0.37
0.96,0.62
0.22,0.46
0.76,0.21
0.06,0.7
0.47,0.01
0.14,0.2
0.94,0.71
0.4,0.58
0.65,0.11
0.76,0.39
0.27,0.48
0.47,0.37
0.04,0.09
0.34,0.59
0.07,0.18
0.02,0.12
0.98,0.34
0.34,0.41
0.43,0.72
0.17,0.86
0.52,0.76
0.13,0.33
0.57,0.28
0.02,0.59
0.96,0.02
0.03,0.39
0.78,0.26
0.01,0.98
0.99,0.31
0.54,0.77
0.21,0.18
0.55,0.95
0.6,0.14
0.79,0.4
0.62,0.37
0.91,0.98
0.92,0.3
0.69,0.02
0.83,0.63
0.79,0.38
0.73,0.13
0.36,0.98
0.45,0.01
0.76,0.36
0.3,0.15
0.8,0.07
0.38,0.19
0.24,0.43

Distanze
"0,1 : 0.6754"
"1,0 : 0.6754"
"0,2 : 0.7011"
"2,0 : 0.7011"
"0,3 : 0.204"
"3,0 : 0.204"
"0,4 : 0.6727"
"4,0 : 0.6727"
"0,5 : 0.204"
"5,0 : 0.204"
"0,6 : 0.6831"
"6,0 : 0.6831"
"0,7 : 0.4754"
"7,0 : 0.4754"
"0,8 : 0.6818"
"8,0 : 0.6818"
"0,9 : 0.1612"
"9,0 : 0.1612"
"0,10 : 0.6742"
"10,0 : 0.6742"
"0,11 : 0.5682"
"11,0 : 0.5682"
"0,12 : 0.1803"
"12,0 : 0.1803"
"0,13 : 0.3581"
"13,0 : 0.3581"
"0,14 : 0.611"
"14,0 : 0.611"
"0,15 : 0.1063"
"15,0 : 0.1063"
"0,16 : 0.5162"
"16,0 : 0.5162"
"0,17 : 0.5909"
"17,0 : 0.5909"
"0,18 : 0.7879"
"18,0 : 0.7879"
"0,19 : 0.2625"
"19,0 : 0.2625"
"0,20 : 0.1803"
"20,0 : 0.1803"
"0,21 : 0.2193"
"21,0 : 0.2193"
"0,22 : 0.2786"
"22,0 : 0.2786"
"0,23 : 0.3547"
"23,0 : 0.3547"
"0,24 : 0.4904"
"24,0 : 0.4904"
"0,25 : 0.25"
"25,0 : 0.25"
"0,26 : 0.9485"
"26,0 : 0.9485"
"0,27 : 0.3547"
"27,0 : 0.3547"
"0,28 : 0.656"
"28,0 : 0.656"
"0,29 : 0.4061"
"29,0 : 0.4061"
"0,30 : 0.8096"
"30,0 : 0.8096"
"0,31 : 0.3008"
"31,0 : 0.3008"
"0,32 : 0.4826"
"32,0 : 0.4826"
"0,33 : 0.4101"
"33,0 : 0.4101"
"0,34 : 0.6213"
"34,0 : 0.6213"
"0,35 : 0.5903"
"35,0 : 0.5903"
"0,36 : 0.4623"
"36,0 : 0.4623"
"0,37 : 0.7245"
"37,0 : 0.7245"
"0,38 : 0.7518"
"38,0 : 0.7518"
"0,39 : 0.771"
"39,0 : 0.771"
"0,40 : 0.5708"
"40,0 : 0.5708"
"0,41 : 0.5994"
"41,0 : 0.5994"
"0,42 : 0.7084"
"42,0 : 0.7084"
"0,43 : 0.3353"
"43,0 : 0.3353"
"0,44 : 0.6772"
"44,0 : 0.6772"
"0,45 : 0.5831"
"45,0 : 0.5831"
"0,46 : 0.5116"
"46,0 : 0.5116"
"0,47 : 0.7998"
"47,0 : 0.7998"
"0,48 : 0.4851"
"48,0 : 0.4851"
"0,49 : 0.2309"
"49,0 : 0.2309"
"1,2 : 0.2657"
"2,1 : 0.2657"
"1,3 : 0.6562"
"3,1 : 0.6562"
"1,4 : 0.1942"
"4,1 : 0.1942"
"1,5 : 0.8746"
"5,1 : 0.8746"
"1,6 : 0.5381"
"6,1 : 0.5381"
"1,7 : 0.7495"
"7,1 : 0.7495"
"1,8 : 0.3471"
"8,1 : 0.3471"
"1,9 : 0.5148"
"9,1 : 0.5148"
"1,10 : 0.3406"
"10,1 : 0.3406"
"1,11 : 0.1118"
"11,1 : 0.1118"
"1,12 : 0.61"
"12,1 : 0.61"
"1,13 : 0.4"
"13,1 : 0.4"
"1,14 : 0.876"
"14,1 : 0.876"
"1,15 : 0.5738"
"15,1 : 0.5738"
"1,16 : 0.8223"
"16,1 : 0.8223"
"1,17 : 0.886"
"17,1 : 0.886"
"1,18 : 0.114"
"18,1 : 0.114"
"1,19 : 0.5315"
"19,1 : 0.5315"
"1,20 : 0.5622"
"20,1 : 0.5622"
"1,21 : 0.8545"
"21,1 : 0.8545"
"1,22 : 0.524"
"22,1 : 0.524"
"1,23 : 0.7411"
"23,1 : 0.7411"
"1,24 : 0.3132"
"24,1 : 0.3132"
"1,25 : 0.878"
"25,1 : 0.878"
"1,26 : 0.3614"
"26,1 : 0.3614"
"1,27 : 0.8402"
"27,1 : 0.8402"
"1,28 : 0.1421"
"28,1 : 0.1421"
"1,29 : 1.0544"
"29,1 : 1.0544"
"1,30 : 0.1342"
"30,1 : 0.1342"
"1,31 : 0.5186"
"31,1 : 0.5186"
"1,32 : 0.6868"
"32,1 : 0.6868"
"1,33 : 0.6624"
"33,1 : 0.6624"
"1,34 : 0.3547"
"34,1 : 0.3547"
"1,35 : 0.0854"
"35,1 : 0.0854"
"1,36 : 0.25"
"36,1 : 0.25"
"1,37 : 0.6113"
"37,1 : 0.6113"
"1,38 : 0.086"
"38,1 : 0.086"
"1,39 : 0.3936"
"39,1 : 0.3936"
"1,40 : 0.2631"
"40,1 : 0.2631"
"1,41 : 0.0806"
"41,1 : 0.0806"
"1,42 : 0.2778"
"42,1 : 0.2778"
"1,43 : 0.7951"
"43,1 : 0.7951"
"1,44 : 0.5532"
"44,1 : 0.5532"
"1,45 : 0.1105"
"45,1 : 0.1105"
"1,46 : 0.611"
"46,1 : 0.611"
"1,47 : 0.3081"
"47,1 : 0.3081"
"1,48 : 0.522"
"48,1 : 0.522"
"1,49 : 0.6329"
"49,1 : 0.6329"
"2,3 : 0.7571"
"3,2 : 0.7571"
"2,4 : 0.4562"
"4,2 : 0.4562"
"2,5 : 0.9035"
"5,2 : 0.9035"
"2,6 : 0.7824"
"6,2 : 0.7824"
"2,7 : 0.9213"
"7,2 : 0.9213"
"2,8 : 0.0922"
"8,2 : 0.0922"
"2,9 : 0.5614"
"9,2 : 0.5614"
"2,10 : 0.5968"
"10,2 : 0.5968"
"2,11 : 0.3048"
"11,2 : 0.3048"
"2,12 : 0.7041"
"12,2 : 0.7041"
"2,13 : 0.5501"
"13,2 : 0.5501"
"2,14 : 1.0617"
"14,2 : 1.0617"
"2,15 : 0.6207"
"15,2 : 0.6207"
"2,16 : 0.9928"
"16,2 : 0.9928"
"2,17 : 1.0647"
"17,2 : 1.0647"
"2,18 : 0.2807"
"18,2 : 0.2807"
"2,19 : 0.6546"
"19,2 : 0.6546"
"2,20 : 0.5394"
"20,2 : 0.5394"
"2,21 : 0.8257"
"21,2 : 0.8257"
"2,22 : 0.4617"
"22,2 : 0.4617"
"2,23 : 0.8792"
"23,2 : 0.8792"
"2,24 : 0.5174"
"24,2 : 0.5174"
"2,25 : 0.9405"
"25,2 : 0.9405"
"2,26 : 0.6"
"26,2 : 0.6"
"2,27 : 0.958"
"27,2 : 0.958"
"2,28 : 0.4025"
"28,2 : 0.4025"
"2,29 : 1.0159"
"29,2 : 1.0159"
"2,30 : 0.3114"
"30,2 : 0.3114"
"2,31 : 0.446"
"31,2 : 0.446"
"2,32 : 0.8695"
"32,2 : 0.8695"
"2,33 : 0.5263"
"33,2 : 0.5263"
"2,34 : 0.6"
"34,2 : 0.6"
"2,35 : 0.278"
"35,2 : 0.278"
"2,36 : 0.422"
"36,2 : 0.422"
"2,37 : 0.3635"
"37,2 : 0.3635"
"2,38 : 0.3225"
"38,2 : 0.3225"
"2,39 : 0.658"
"39,2 : 0.658"
"2,40 : 0.1304"
"40,2 : 0.1304"
"2,41 : 0.2941"
"41,2 : 0.2941"
"2,42 : 0.5413"
"42,2 : 0.5413"
"2,43 : 0.6997"
"43,2 : 0.6997"
"2,44 : 0.7951"
"44,2 : 0.7951"
"2,45 : 0.328"
"45,2 : 0.328"
"2,46 : 0.8102"
"46,2 : 0.8102"
"2,47 : 0.5728"
"47,2 : 0.5728"
"2,48 : 0.722"
"48,2 : 0.722"
"2,49 : 0.7446"
"49,2 : 0.7446"
"3,4 : 0.5951"
"4,3 : 0.5951"
"3,5 : 0.2884"
"5,3 : 0.2884"
"3,6 : 0.5148"
"6,3 : 0.5148"
"3,7 : 0.272"
"7,3 : 0.272"
"3,8 : 0.7622"
"8,3 : 0.7622"
"3,9 : 0.2163"
"9,3 : 0.2163"
"3,10 : 0.5544"
"10,3 : 0.5544"
"3,11 : 0.5445"
"11,3 : 0.5445"
"3,12 : 0.0539"
"12,3 : 0.0539"
"3,13 : 0.2657"
"13,3 : 0.2657"
"3,14 : 0.4115"
"14,3 : 0.4115"
"3,15 : 0.1769"
"15,3 : 0.1769"
"3,16 : 0.3176"
"16,3 : 0.3176"
"3,17 : 0.3945"
"17,3 : 0.3945"
"3,18 : 0.7694"
"18,3 : 0.7694"
"3,19 : 0.13"
"19,3 : 0.13"
"3,20 : 0.3342"
"20,3 : 0.3342"
"3,21 : 0.4031"
"21,3 : 0.4031"
"3,22 : 0.4243"
"22,3 : 0.4243"
"3,23 : 0.1581"
"23,3 : 0.1581"
"3,24 : 0.3936"
"24,3 : 0.3936"
"3,25 : 0.2385"
"25,3 : 0.2385"
"3,26 : 0.8609"
"26,3 : 0.8609"
"3,27 : 0.2025"
"27,3 : 0.2025"
"3,28 : 0.5946"
"28,3 : 0.5946"
"3,29 : 0.5608"
"29,3 : 0.5608"
"3,30 : 0.7845"
"30,3 : 0.7845"
"3,31 : 0.4455"
"31,3 : 0.4455"
"3,32 : 0.2802"
"32,3 : 0.2802"
"3,33 : 0.5908"
"33,3 : 0.5908"
"3,34 : 0.4968"
"34,3 : 0.4968"
"3,35 : 0.5731"
"35,3 : 0.5731"
"3,36 : 0.41"
"36,3 : 0.41"
"3,37 : 0.864"
"37,3 : 0.864"
"3,38 : 0.7181"
"38,3 : 0.7181"
"3,39 : 0.6438"
"39,3 : 0.6438"
"3,40 : 0.6332"
"40,3 : 0.6332"
"3,41 : 0.5756"
"41,3 : 0.5756"
"3,42 : 0.6075"
"42,3 : 0.6075"
"3,43 : 0.5385"
"43,3 : 0.5385"
"3,44 : 0.5054"
"44,3 : 0.5054"
"3,45 : 0.5492"
"45,3 : 0.5492"
"3,46 : 0.3202"
"46,3 : 0.3202"
"3,47 : 0.6989"
"47,3 : 0.6989"
"3,48 : 0.3138"
"48,3 : 0.3138"
"3,49 : 0.0361"
"49,3 : 0.0361"
"4,5 : 0.8545"
"5,4 : 0.8545"
"4,6 : 0.3523"
"6,4 : 0.3523"
"4,7 : 0.6201"
"7,4 : 0.6201"
"4,8 : 0.5314"
"8,4 : 0.5314"
"4,9 : 0.5162"
"9,4 : 0.5162"
"4,10 : 0.1487"
"10,4 : 0.1487"
"4,11 : 0.18"
"11,4 : 0.18"
"4,12 : 0.5595"
"12,4 : 0.5595"
"4,13 : 0.3312"
"13,4 : 0.3312"
"4,14 : 0.7299"
"14,4 : 0.7299"
"4,15 : 0.5664"
"15,4 : 0.5664"
"4,16 : 0.6907"
"16,4 : 0.6907"
"4,17 : 0.7455"
"17,4 : 0.7455"
"4,18 : 0.2555"
"18,4 : 0.2555"
"4,19 : 0.4652"
"19,4 : 0.4652"
"4,20 : 0.6075"
"20,4 : 0.6075"
"4,21 : 0.8778"
"21,4 : 0.8778"
"4,22 : 0.6001"
"22,4 : 0.6001"
"4,23 : 0.6413"
"23,4 : 0.6413"
"4,24 : 0.2025"
"24,4 : 0.2025"
"4,25 : 0.8319"
"25,4 : 0.8319"
"4,26 : 0.2759"
"26,4 : 0.2759"
"4,27 : 0.7519"
"27,4 : 0.7519"
"4,28 : 0.0539"
"28,4 : 0.0539"
"4,29 : 1.0749"
"29,4 : 1.0749"
"4,30 : 0.2508"
"30,4 : 0.2508"
"4,31 : 0.6017"
"31,4 : 0.6017"
"4,32 : 0.5508"
"32,4 : 0.5508"
"4,33 : 0.7692"
"33,4 : 0.7692"
"4,34 : 0.1746"
"34,4 : 0.1746"
"4,35 : 0.1924"
"35,4 : 0.1924"
"4,36 : 0.2126"
"36,4 : 0.2126"
"4,37 : 0.7845"
"37,4 : 0.7845"
"4,38 : 0.1836"
"38,4 : 0.1836"
"4,39 : 0.2025"
"39,4 : 0.2025"
"4,40 : 0.4258"
"40,4 : 0.4258"
"4,41 : 0.1726"
"41,4 : 0.1726"
"4,42 : 0.0854"
"42,4 : 0.0854"
"4,43 : 0.8677"
"43,4 : 0.8677"
"4,44 : 0.3689"
"44,4 : 0.3689"
"4,45 : 0.15"
"45,4 : 0.15"
"4,46 : 0.4639"
"46,4 : 0.4639"
"4,47 : 0.1456"
"47,4 : 0.1456"
"4,48 : 0.3805"
"48,4 : 0.3805"
"4,49 : 0.5646"
"49,4 : 0.5646"
"5,6 : 0.8026"
"6,5 : 0.8026"
"5,7 : 0.5064"
"7,5 : 0.5064"
"5,8 : 0.8801"
"8,5 : 0.8801"
"5,9 : 0.3606"
"9,5 : 0.3606"
"5,10 : 0.8344"
"10,5 : 0.8344"
"5,11 : 0.7656"
"11,5 : 0.7656"
"5,12 : 0.3041"
"12,5 : 0.3041"
"5,13 : 0.5263"
"13,5 : 0.5263"
"5,14 : 0.6103"
"14,5 : 0.6103"
"5,15 : 0.3008"
"15,5 : 0.3008"
"5,16 : 0.5201"
"16,5 : 0.5201"
"5,17 : 0.5814"
"17,5 : 0.5814"
"5,18 : 0.9879"
"18,5 : 0.9879"
"5,19 : 0.4031"
"19,5 : 0.4031"
"5,20 : 0.3705"
"20,5 : 0.3705"
"5,21 : 0.1942"
"21,5 : 0.1942"
"5,22 : 0.4639"
"22,5 : 0.4639"
"5,23 : 0.3766"
"23,5 : 0.3766"
"5,24 : 0.6607"
"24,5 : 0.6607"
"5,25 : 0.117"
"25,5 : 0.117"
"5,26 : 1.128"
"26,5 : 1.128"
"5,27 : 0.3114"
"27,5 : 0.3114"
"5,28 : 0.8438"
"28,5 : 0.8438"
"5,29 : 0.2844"
"29,5 : 0.2844"
"5,30 : 1.0085"
"30,5 : 1.0085"
"5,31 : 0.4851"
"31,5 : 0.4851"
"5,32 : 0.5412"
"32,5 : 0.5412"
"5,33 : 0.5501"
"33,5 : 0.5501"
"5,34 : 0.7779"
"34,5 : 0.7779"
"5,35 : 0.7892"
"35,5 : 0.7892"
"5,36 : 0.65"
"36,5 : 0.65"
"5,37 : 0.8949"
"37,5 : 0.8949"
"5,38 : 0.9485"
"38,5 : 0.9485"
"5,39 : 0.927"
"39,5 : 0.927"
"5,40 : 0.7732"
"40,5 : 0.7732"
"5,41 : 0.7971"
"41,5 : 0.7971"
"5,42 : 0.8797"
"42,5 : 0.8797"
"5,43 : 0.4104"
"43,5 : 0.4104"
"5,44 : 0.7926"
"44,5 : 0.7926"
"5,45 : 0.7782"
"45,5 : 0.7782"
"5,46 : 0.6001"
"46,5 : 0.6001"
"5,47 : 0.9719"
"47,5 : 0.9719"
"5,48 : 0.6021"
"48,5 : 0.6021"
"5,49 : 0.3245"
"49,5 : 0.3245"
"6,7 : 0.3808"
"7,6 : 0.3808"
"6,8 : 0.8431"
"8,6 : 0.8431"
"6,9 : 0.5743"
"9,6 : 0.5743"
"6,10 : 0.2059"
"10,6 : 0.2059"
"6,11 : 0.478"
"11,6 : 0.478"
"6,12 : 0.5108"
"12,6 : 0.5108"
"6,13 : 0.36"
"13,6 : 0.36"
"6,14 : 0.4374"
"14,6 : 0.4374"
"6,15 : 0.5944"
"15,6 : 0.5944"
"6,16 : 0.4346"
"16,6 : 0.4346"
"6,17 : 0.4632"
"17,6 : 0.4632"
"6,18 : 0.6075"
"18,6 : 0.6075"
"6,19 : 0.4206"
"19,6 : 0.4206"
"6,20 : 0.7111"
"20,6 : 0.7111"
"6,21 : 0.9014"
"21,6 : 0.9014"
"6,22 : 0.7517"
"22,6 : 0.7517"
"6,23 : 0.4669"
"23,6 : 0.4669"
"6,24 : 0.2879"
"24,6 : 0.2879"
"6,25 : 0.7341"
"25,6 : 0.7341"
"6,26 : 0.4901"
"26,6 : 0.4901"
"6,27 : 0.5814"
"27,6 : 0.5814"
"6,28 : 0.3982"
"28,6 : 0.3982"
"6,29 : 1.0735"
"29,6 : 1.0735"
"6,30 : 0.6003"
"30,6 : 0.6003"
"6,31 : 0.7632"
"31,6 : 0.7632"
"6,32 : 0.3106"
"32,6 : 0.3106"
"6,33 : 0.9434"
"33,6 : 0.9434"
"6,34 : 0.1838"
"34,6 : 0.1838"
"6,35 : 0.5045"
"35,6 : 0.5045"
"6,36 : 0.39"
"36,6 : 0.39"
"6,37 : 1.0651"
"37,6 : 1.0651"
"6,38 : 0.5354"
"38,6 : 0.5354"
"6,39 : 0.2202"
"39,6 : 0.2202"
"6,40 : 0.7169"
"40,6 : 0.7169"
"6,41 : 0.4892"
"41,6 : 0.4892"
"6,42 : 0.2864"
"42,6 : 0.2864"
"6,43 : 0.9762"
"43,6 : 0.9762"
"6,44 : 0.02"
"44,6 : 0.02"
"6,45 : 0.4545"
"45,6 : 0.4545"
"6,46 : 0.2202"
"46,6 : 0.2202"
"6,47 : 0.3354"
"47,6 : 0.3354"
"6,48 : 0.2012"
"48,6 : 0.2012"
"6,49 : 0.4789"
"49,6 : 0.4789"
"7,8 : 0.9487"
"8,7 : 0.9487"
"7,9 : 0.4604"
"9,7 : 0.4604"
"7,10 : 0.5179"
"10,7 : 0.5179"
"7,11 : 0.6485"
"11,7 : 0.6485"
"7,12 : 0.3087"
"12,7 : 0.3087"
"7,13 : 0.3712"
"13,7 : 0.3712"
"7,14 : 0.1487"
"14,7 : 0.1487"
"7,15 : 0.4383"
"15,7 : 0.4383"
"7,16 : 0.0728"
"16,7 : 0.0728"
"7,17 : 0.1442"
"17,7 : 0.1442"
"7,18 : 0.8516"
"18,7 : 0.8516"
"7,19 : 0.29"
"19,7 : 0.29"
"7,20 : 0.5954"
"20,7 : 0.5954"
"7,21 : 0.6607"
"21,7 : 0.6607"
"7,22 : 0.6768"
"22,7 : 0.6768"
"7,23 : 0.1304"
"23,7 : 0.1304"
"7,24 : 0.4374"
"24,7 : 0.4374"
"7,25 : 0.408"
"25,7 : 0.408"
"7,26 : 0.8395"
"26,7 : 0.8395"
"7,27 : 0.2195"
"27,7 : 0.2195"
"7,28 : 0.6428"
"28,7 : 0.6428"
"7,29 : 0.7908"
"29,7 : 0.7908"
"7,30 : 0.8571"
"30,7 : 0.8571"
"7,31 : 0.6963"
"31,7 : 0.6963"
"7,32 : 0.0728"
"32,7 : 0.0728"
"7,33 : 0.8548"
"33,7 : 0.8548"
"7,34 : 0.4639"
"34,7 : 0.4639"
"7,35 : 0.6801"
"35,7 : 0.6801"
"7,36 : 0.5092"
"36,7 : 0.5092"
"7,37 : 1.096"
"37,7 : 1.096"
"7,38 : 0.7864"
"38,7 : 0.7864"
"7,39 : 0.5787"
"39,7 : 0.5787"
"7,40 : 0.813"
"40,7 : 0.813"
"7,41 : 0.6745"
"41,7 : 0.6745"
"7,42 : 0.5941"
"42,7 : 0.5941"
"7,43 : 0.8104"
"43,7 : 0.8104"
"7,44 : 0.3636"
"44,7 : 0.3636"
"7,45 : 0.6403"
"45,7 : 0.6403"
"7,46 : 0.1676"
"46,7 : 0.1676"
"7,47 : 0.6727"
"47,7 : 0.6727"
"7,48 : 0.2402"
"48,7 : 0.2402"
"7,49 : 0.2508"
"49,7 : 0.2508"
"8,9 : 0.5554"
"9,8 : 0.5554"
"8,10 : 0.6664"
"10,8 : 0.6664"
"8,11 : 0.3672"
"11,8 : 0.3672"
"8,12 : 0.7084"
"12,8 : 0.7084"
"8,13 : 0.5801"
"13,8 : 0.5801"
"8,14 : 1.0929"
"14,8 : 1.0929"
"8,15 : 0.6119"
"15,8 : 0.6119"
"8,16 : 1.0187"
"16,8 : 1.0187"
"8,17 : 1.0929"
"17,8 : 1.0929"
"8,18 : 0.3722"
"18,8 : 0.3722"
"8,19 : 0.6708"
"19,8 : 0.6708"
"8,20 : 0.5101"
"20,8 : 0.5101"
"8,21 : 0.7845"
"21,8 : 0.7845"
"8,22 : 0.423"
"22,8 : 0.423"
"8,23 : 0.8947"
"23,8 : 0.8947"
"8,24 : 0.5673"
"24,8 : 0.5673"
"8,25 : 0.9278"
"25,8 : 0.9278"
"8,26 : 0.6903"
"26,8 : 0.6903"
"8,27 : 0.9646"
"27,8 : 0.9646"
"8,28 : 0.4776"
"28,8 : 0.4776"
"8,29 : 0.9684"
"29,8 : 0.9684"
"8,30 : 0.4031"
"30,8 : 0.4031"
"8,31 : 0.4045"
"31,8 : 0.4045"
"8,32 : 0.9021"
"32,8 : 0.9021"
"8,33 : 0.4579"
"33,8 : 0.4579"
"8,34 : 0.6637"
"34,8 : 0.6637"
"8,35 : 0.3444"
"35,8 : 0.3444"
"8,36 : 0.4669"
"36,8 : 0.4669"
"8,37 : 0.2717"
"37,8 : 0.2717"
"8,38 : 0.4105"
"38,8 : 0.4105"
"8,39 : 0.7339"
"39,8 : 0.7339"
"8,40 : 0.136"
"40,8 : 0.136"
"8,41 : 0.3625"
"41,8 : 0.3625"
"8,42 : 0.6168"
"42,8 : 0.6168"
"8,43 : 0.6398"
"43,8 : 0.6398"
"8,44 : 0.8545"
"44,8 : 0.8545"
"8,45 : 0.3936"
"45,8 : 0.3936"
"8,46 : 0.8504"
"46,8 : 0.8504"
"8,47 : 0.6551"
"47,8 : 0.6551"
"8,48 : 0.7642"
"48,8 : 0.7642"
"8,49 : 0.7539"
"49,8 : 0.7539"
"9,10 : 0.5324"
"10,9 : 0.5324"
"9,11 : 0.4071"
"11,9 : 0.4071"
"9,12 : 0.164"
"12,9 : 0.164"
"9,13 : 0.2214"
"13,9 : 0.2214"
"9,14 : 0.608"
"14,9 : 0.608"
"9,15 : 0.0608"
"15,9 : 0.0608"
"9,16 : 0.5186"
"16,9 : 0.5186"
"9,17 : 0.5967"
"17,9 : 0.5967"
"9,18 : 0.6277"
"18,9 : 0.6277"
"9,19 : 0.1803"
"19,9 : 0.1803"
"9,20 : 0.1432"
"20,9 : 0.1432"
"9,21 : 0.3624"
"21,9 : 0.3624"
"9,22 : 0.2163"
"22,9 : 0.2163"
"9,23 : 0.368"
"23,9 : 0.368"
"9,24 : 0.3448"
"24,9 : 0.3448"
"9,25 : 0.3801"
"25,9 : 0.3801"
"9,26 : 0.792"
"26,9 : 0.792"
"9,27 : 0.4159"
"27,9 : 0.4159"
"9,28 : 0.4968"
"28,9 : 0.4968"
"9,29 : 0.5587"
"29,9 : 0.5587"
"9,30 : 0.6488"
"30,9 : 0.6488"
"9,31 : 0.236"
"31,9 : 0.236"
"9,32 : 0.4428"
"32,9 : 0.4428"
"9,33 : 0.3992"
"33,9 : 0.3992"
"9,34 : 0.4833"
"34,9 : 0.4833"
"9,35 : 0.4295"
"35,9 : 0.4295"
"9,36 : 0.3041"
"36,9 : 0.3041"
"9,37 : 0.6482"
"37,9 : 0.6482"
"9,38 : 0.5906"
"38,9 : 0.5906"
"9,39 : 0.6306"
"39,9 : 0.6306"
"9,40 : 0.4329"
"40,9 : 0.4329"
"9,41 : 0.4383"
"41,9 : 0.4383"
"9,42 : 0.558"
"42,9 : 0.558"
"9,43 : 0.402"
"43,9 : 0.402"
"9,44 : 0.5722"
"44,9 : 0.5722"
"9,45 : 0.4219"
"45,9 : 0.4219"
"9,46 : 0.4415"
"46,9 : 0.4415"
"9,47 : 0.6482"
"47,9 : 0.6482"
"9,48 : 0.3905"
"48,9 : 0.3905"
"9,49 : 0.2193"
"49,9 : 0.2193"
"10,11 : 0.3008"
"11,10 : 0.3008"
"10,12 : 0.5304"
"12,10 : 0.5304"
"10,13 : 0.3162"
"13,10 : 0.3162"
"10,14 : 0.6103"
"14,10 : 0.6103"
"10,15 : 0.5714"
"15,10 : 0.5714"
"10,16 : 0.5842"
"16,10 : 0.5842"
"10,17 : 0.6301"
"17,10 : 0.6301"
"10,18 : 0.4022"
"18,10 : 0.4022"
"10,19 : 0.4314"
"19,10 : 0.4314"
"10,20 : 0.6485"
"20,10 : 0.6485"
"10,21 : 0.8904"
"21,10 : 0.8904"
"10,22 : 0.6629"
"22,10 : 0.6629"
"10,23 : 0.5646"
"23,10 : 0.5646"
"10,24 : 0.1879"
"24,10 : 0.1879"
"10,25 : 0.792"
"25,10 : 0.792"
"10,26 : 0.3228"
"26,10 : 0.3228"
"10,27 : 0.6803"
"27,10 : 0.6803"
"10,28 : 0.1985"
"28,10 : 0.1985"
"10,29 : 1.08"
"29,10 : 1.08"
"10,30 : 0.3945"
"30,10 : 0.3945"
"10,31 : 0.6691"
"31,10 : 0.6691"
"10,32 : 0.4455"
"32,10 : 0.4455"
"10,33 : 0.8459"
"33,10 : 0.8459"
"10,34 : 0.0583"
"34,10 : 0.0583"
"10,35 : 0.322"
"35,10 : 0.322"
"10,36 : 0.2617"
"36,10 : 0.2617"
"10,37 : 0.908"
"37,10 : 0.908"
"10,38 : 0.3302"
"38,10 : 0.3302"
"10,39 : 0.0985"
"39,10 : 0.0985"
"10,40 : 0.5503"
"40,10 : 0.5503"
"10,41 : 0.3041"
"41,10 : 0.3041"
"10,42 : 0.0825"
"42,10 : 0.0825"
"10,43 : 0.9171"
"43,10 : 0.9171"
"10,44 : 0.2236"
"44,10 : 0.2236"
"10,45 : 0.2731"
"45,10 : 0.2731"
"10,46 : 0.3523"
"46,10 : 0.3523"
"10,47 : 0.1552"
"47,10 : 0.1552"
"10,48 : 0.2816"
"48,10 : 0.2816"
"10,49 : 0.5201"
"49,10 : 0.5201"
"11,12 : 0.4982"
"12,11 : 0.4982"
"11,13 : 0.2907"
"13,11 : 0.2907"
"11,14 : 0.78"
"14,11 : 0.78"
"11,15 : 0.4652"
"15,11 : 0.4652"
"11,16 : 0.7212"
"16,11 : 0.7212"
"11,17 : 0.7877"
"17,11 : 0.7877"
"11,18 : 0.2256"
"18,11 : 0.2256"
"11,19 : 0.4205"
"19,11 : 0.4205"
"11,20 : 0.4667"
"20,11 : 0.4667"
"11,21 : 0.7543"
"21,11 : 0.7543"
"11,22 : 0.441"
"22,11 : 0.441"
"11,23 : 0.6329"
"23,11 : 0.6329"
"11,24 : 0.2195"
"24,11 : 0.2195"
"11,25 : 0.7666"
"25,11 : 0.7666"
"11,26 : 0.4206"
"26,11 : 0.4206"
"11,27 : 0.73"
"27,11 : 0.73"
"11,28 : 0.1315"
"28,11 : 0.1315"
"11,29 : 0.9543"
"29,11 : 0.9543"
"11,30 : 0.2435"
"30,11 : 0.2435"
"11,31 : 0.4391"
"31,11 : 0.4391"
"11,32 : 0.5887"
"32,11 : 0.5887"
"11,33 : 0.5981"
"33,11 : 0.5981"
"11,34 : 0.2968"
"34,11 : 0.2968"
"11,35 : 0.0316"
"35,11 : 0.0316"
"11,36 : 0.1414"
"36,11 : 0.1414"
"11,37 : 0.6088"
"37,11 : 0.6088"
"11,38 : 0.1836"
"38,11 : 0.1836"
"11,39 : 0.3766"
"39,11 : 0.3766"
"11,40 : 0.25"
"40,11 : 0.25"
"11,41 : 0.0316"
"41,11 : 0.0316"
"11,42 : 0.2617"
"42,11 : 0.2617"
"11,43 : 0.7128"
"43,11 : 0.7128"
"11,44 : 0.4904"
"44,11 : 0.4904"
"11,45 : 0.03"
"45,11 : 0.03"
"11,46 : 0.5188"
"46,11 : 0.5188"
"11,47 : 0.3225"
"47,11 : 0.3225"
"11,48 : 0.4294"
"48,11 : 0.4294"
"11,49 : 0.5215"
"49,11 : 0.5215"
"12,13 : 0.2283"
"13,12 : 0.2283"
"12,14 : 0.4528"
"14,12 : 0.4528"
"12,15 : 0.1304"
"15,12 : 0.1304"
"12,16 : 0.3606"
"16,12 : 0.3606"
"12,17 : 0.4383"
"17,12 : 0.4383"
"12,18 : 0.7237"
"18,12 : 0.7237"
"12,19 : 0.099"
"19,12 : 0.099"
"12,20 : 0.2884"
"20,12 : 0.2884"
"12,21 : 0.3929"
"21,12 : 0.3929"
"12,22 : 0.3754"
"22,12 : 0.3754"
"12,23 : 0.2052"
"23,12 : 0.2052"
"12,24 : 0.3606"
"24,12 : 0.3606"
"12,25 : 0.2731"
"25,12 : 0.2731"
"12,26 : 0.8293"
"26,12 : 0.8293"
"12,27 : 0.2563"
"27,12 : 0.2563"
"12,28 : 0.5554"
"28,12 : 0.5554"
"12,29 : 0.5636"
"29,12 : 0.5636"
"12,30 : 0.7398"
"30,12 : 0.7398"
"12,31 : 0.3962"
"31,12 : 0.3962"
"12,32 : 0.3059"
"32,12 : 0.3059"
"12,33 : 0.5471"
"33,12 : 0.5471"
"12,34 : 0.4738"
"34,12 : 0.4738"
"12,35 : 0.5261"
"35,12 : 0.5261"
"12,36 : 0.3669"
"36,12 : 0.3669"
"12,37 : 0.8122"
"37,12 : 0.8122"
"12,38 : 0.6745"
"38,12 : 0.6745"
"12,39 : 0.6229"
"39,12 : 0.6229"
"12,40 : 0.5797"
"40,12 : 0.5797"
"12,41 : 0.5295"
"41,12 : 0.5295"
"12,42 : 0.578"
"42,12 : 0.578"
"12,43 : 0.508"
"43,12 : 0.508"
"12,44 : 0.5033"
"44,12 : 0.5033"
"12,45 : 0.5045"
"45,12 : 0.5045"
"12,46 : 0.3314"
"46,12 : 0.3314"
"12,47 : 0.6701"
"47,12 : 0.6701"
"12,48 : 0.3102"
"48,12 : 0.3102"
"12,49 : 0.0583"
"49,12 : 0.0583"
"13,14 : 0.5131"
"14,13 : 0.5131"
"13,15 : 0.2555"
"15,13 : 0.2555"
"13,16 : 0.4428"
"16,13 : 0.4428"
"13,17 : 0.5148"
"17,13 : 0.5148"
"13,18 : 0.5109"
"18,13 : 0.5109"
"13,19 : 0.136"
"19,13 : 0.136"
"13,20 : 0.3523"
"20,13 : 0.3523"
"13,21 : 0.5745"
"21,13 : 0.5745"
"13,22 : 0.3932"
"22,13 : 0.3932"
"13,23 : 0.3423"
"23,13 : 0.3423"
"13,24 : 0.1345"
"24,13 : 0.1345"
"13,25 : 0.5009"
"25,13 : 0.5009"
"13,26 : 0.6022"
"26,13 : 0.6022"
"13,27 : 0.4405"
"27,13 : 0.4405"
"13,28 : 0.3289"
"28,13 : 0.3289"
"13,29 : 0.764"
"29,13 : 0.764"
"13,30 : 0.5235"
"30,13 : 0.5235"
"13,31 : 0.4061"
"31,13 : 0.4061"
"13,32 : 0.322"
"32,13 : 0.322"
"13,33 : 0.5855"
"33,13 : 0.5855"
"13,34 : 0.2642"
"34,13 : 0.2642"
"13,35 : 0.3214"
"35,13 : 0.3214"
"13,36 : 0.15"
"36,13 : 0.15"
"13,37 : 0.7521"
"37,13 : 0.7521"
"13,38 : 0.4554"
"38,13 : 0.4554"
"13,39 : 0.4134"
"39,13 : 0.4134"
"13,40 : 0.4441"
"40,13 : 0.4441"
"13,41 : 0.3202"
"41,13 : 0.3202"
"13,42 : 0.3538"
"42,13 : 0.3538"
"13,43 : 0.6198"
"43,13 : 0.6198"
"13,44 : 0.3606"
"44,13 : 0.3606"
"13,45 : 0.2902"
"45,13 : 0.2902"
"13,46 : 0.278"
"46,13 : 0.278"
"13,47 : 0.446"
"47,13 : 0.446"
"13,48 : 0.2012"
"48,13 : 0.2012"
"13,49 : 0.2377"
"49,13 : 0.2377"
"14,15 : 0.5831"
"15,14 : 0.5831"
"14,16 : 0.0949"
"16,14 : 0.0949"
"14,17 : 0.0361"
"17,14 : 0.0361"
"14,18 : 0.9727"
"18,14 : 0.9727"
"14,19 : 0.4386"
"19,14 : 0.4386"
"14,20 : 0.7409"
"20,14 : 0.7409"
"14,21 : 0.7809"
"21,14 : 0.7809"
"14,22 : 0.8242"
"22,14 : 0.8242"
"14,23 : 0.2563"
"23,14 : 0.2563"
"14,24 : 0.563"
"24,14 : 0.563"
"14,25 : 0.5004"
"25,14 : 0.5004"
"14,26 : 0.9227"
"26,14 : 0.9227"
"14,27 : 0.3002"
"27,14 : 0.3002"
"14,28 : 0.7593"
"28,14 : 0.7593"
"14,29 : 0.8905"
"29,14 : 0.8905"
"14,30 : 0.9751"
"30,14 : 0.9751"
"14,31 : 0.844"
"31,14 : 0.844"
"14,32 : 0.1924"
"32,14 : 0.1924"
"14,33 : 0.9998"
"33,14 : 0.9998"
"14,34 : 0.5622"
"34,14 : 0.5622"
"14,35 : 0.8115"
"35,14 : 0.8115"
"14,36 : 0.644"
"36,14 : 0.644"
"14,37 : 1.2446"
"37,14 : 1.2446"
"14,38 : 0.9047"
"38,14 : 0.9047"
"14,39 : 0.6538"
"39,14 : 0.6538"
"14,40 : 0.9569"
"40,14 : 0.9569"
"14,41 : 0.8041"
"41,14 : 0.8041"
"14,42 : 0.6912"
"42,14 : 0.6912"
"14,43 : 0.9458"
"43,14 : 0.9458"
"14,44 : 0.4177"
"44,14 : 0.4177"
"14,45 : 0.769"
"45,14 : 0.769"
"14,46 : 0.2668"
"46,14 : 0.2668"
"14,47 : 0.7603"
"47,14 : 0.7603"
"14,48 : 0.3544"
"48,14 : 0.3544"
"14,49 : 0.3945"
"49,14 : 0.3945"
"15,16 : 0.4909"
"16,15 : 0.4909"
"15,17 : 0.5686"
"17,15 : 0.5686"
"15,18 : 0.6871"
"18,15 : 0.6871"
"15,19 : 0.18"
"19,15 : 0.18"
"15,20 : 0.1581"
"20,15 : 0.1581"
"15,21 : 0.3191"
"21,15 : 0.3191"
"15,22 : 0.2476"
"22,15 : 0.2476"
"15,23 : 0.3342"
"23,15 : 0.3342"
"15,24 : 0.386"
"24,15 : 0.386"
"15,25 : 0.32"
"25,15 : 0.32"
"15,26 : 0.8422"
"26,15 : 0.8422"
"15,27 : 0.3689"
"27,15 : 0.3689"
"15,28 : 0.55"
"28,15 : 0.55"
"15,29 : 0.5109"
"29,15 : 0.5109"
"15,30 : 0.7077"
"30,15 : 0.7077"
"15,31 : 0.2691"
"31,15 : 0.2691"
"15,32 : 0.4301"
"32,15 : 0.4301"
"15,33 : 0.4168"
"33,15 : 0.4168"
"15,34 : 0.5197"
"34,15 : 0.5197"
"15,35 : 0.4885"
"35,15 : 0.4885"
"15,36 : 0.3561"
"36,15 : 0.3561"
"15,37 : 0.6907"
"37,15 : 0.6907"
"15,38 : 0.6485"
"38,15 : 0.6485"
"15,39 : 0.6689"
"39,15 : 0.6689"
"15,40 : 0.4916"
"40,15 : 0.4916"
"15,41 : 0.4966"
"41,15 : 0.4966"
"15,42 : 0.6031"
"42,15 : 0.6031"
"15,43 : 0.3905"
"43,15 : 0.3905"
"15,44 : 0.5903"
"44,15 : 0.5903"
"15,45 : 0.4789"
"45,15 : 0.4789"
"15,46 : 0.4418"
"46,15 : 0.4418"
"15,47 : 0.6943"
"47,15 : 0.6943"
"15,48 : 0.402"
"48,15 : 0.402"
"15,49 : 0.1887"
"49,15 : 0.1887"
"16,17 : 0.0781"
"17,16 : 0.0781"
"16,18 : 0.924"
"18,16 : 0.924"
"16,19 : 0.3547"
"19,16 : 0.3547"
"16,20 : 0.649"
"20,16 : 0.649"
"16,21 : 0.6873"
"21,16 : 0.6873"
"16,22 : 0.7341"
"22,16 : 0.7341"
"16,23 : 0.1616"
"23,16 : 0.1616"
"16,24 : 0.5099"
"24,16 : 0.5099"
"16,25 : 0.413"
"25,16 : 0.413"
"16,26 : 0.9043"
"26,16 : 0.9043"
"16,27 : 0.2138"
"27,16 : 0.2138"
"16,28 : 0.7145"
"28,16 : 0.7145"
"16,29 : 0.8022"
"29,16 : 0.8022"
"16,30 : 0.9291"
"30,16 : 0.9291"
"16,31 : 0.7543"
"31,16 : 0.7543"
"16,32 : 0.14"
"32,16 : 0.14"
"16,33 : 0.9074"
"33,16 : 0.9074"
"16,34 : 0.5315"
"34,16 : 0.5315"
"16,35 : 0.7529"
"35,16 : 0.7529"
"16,36 : 0.5819"
"36,16 : 0.5819"
"16,37 : 1.16"
"37,16 : 1.16"
"16,38 : 0.8584"
"38,16 : 0.8584"
"16,39 : 0.6403"
"39,16 : 0.6403"
"16,40 : 0.8832"
"40,16 : 0.8832"
"16,41 : 0.7473"
"41,16 : 0.7473"
"16,42 : 0.6619"
"42,16 : 0.6619"
"16,43 : 0.8509"
"43,16 : 0.8509"
"16,44 : 0.4163"
"44,16 : 0.4163"
"16,45 : 0.7131"
"45,16 : 0.7131"
"16,46 : 0.2319"
"46,16 : 0.2319"
"16,47 : 0.7382"
"47,16 : 0.7382"
"16,48 : 0.3102"
"48,16 : 0.3102"
"16,49 : 0.3023"
"49,16 : 0.3023"
"17,18 : 0.9849"
"18,17 : 0.9849"
"17,19 : 0.4319"
"19,17 : 0.4319"
"17,20 : 0.7267"
"20,17 : 0.7267"
"17,21 : 0.755"
"21,17 : 0.755"
"17,22 : 0.8122"
"22,17 : 0.8122"
"17,23 : 0.2371"
"23,17 : 0.2371"
"17,24 : 0.5728"
"24,17 : 0.5728"
"17,25 : 0.47"
"25,17 : 0.47"
"17,26 : 0.9453"
"26,17 : 0.9453"
"17,27 : 0.2702"
"27,17 : 0.2702"
"17,28 : 0.7728"
"28,17 : 0.7728"
"17,29 : 0.8601"
"29,17 : 0.8601"
"17,30 : 0.9884"
"30,17 : 0.9884"
"17,31 : 0.8324"
"31,17 : 0.8324"
"17,32 : 0.1992"
"32,17 : 0.1992"
"17,33 : 0.9848"
"33,17 : 0.9848"
"17,34 : 0.5803"
"34,17 : 0.5803"
"17,35 : 0.8193"
"35,17 : 0.8193"
"17,36 : 0.65"
"36,17 : 0.65"
"17,37 : 1.2376"
"37,17 : 1.2376"
"17,38 : 0.9178"
"38,17 : 0.9178"
"17,39 : 0.6774"
"39,17 : 0.6774"
"17,40 : 0.9572"
"40,17 : 0.9572"
"17,41 : 0.8127"
"41,17 : 0.8127"
"17,42 : 0.7101"
"42,17 : 0.7101"
"17,43 : 0.9248"
"43,17 : 0.9248"
"17,44 : 0.4438"
"44,17 : 0.4438"
"17,45 : 0.7779"
"45,17 : 0.7779"
"17,46 : 0.2816"
"46,17 : 0.2816"
"17,47 : 0.7816"
"47,17 : 0.7816"
"17,48 : 0.3667"
"48,17 : 0.3667"
"17,49 : 0.3801"
"49,17 : 0.3801"
"18,19 : 0.6438"
"19,18 : 0.6438"
"18,20 : 0.6685"
"20,18 : 0.6685"
"18,21 : 0.9625"
"21,18 : 0.9625"
"18,22 : 0.6229"
"22,18 : 0.6229"
"18,23 : 0.8501"
"23,18 : 0.8501"
"18,24 : 0.4144"
"24,18 : 0.4144"
"18,25 : 0.992"
"25,18 : 0.992"
"18,26 : 0.3206"
"26,18 : 0.3206"
"18,27 : 0.9513"
"27,18 : 0.9513"
"18,28 : 0.2154"
"28,18 : 0.2154"
"18,29 : 1.1621"
"29,18 : 1.1621"
"18,30 : 0.0316"
"30,18 : 0.0316"
"18,31 : 0.6152"
"31,18 : 0.6152"
"18,32 : 0.7864"
"32,18 : 0.7864"
"18,33 : 0.7463"
"33,18 : 0.7463"
"18,34 : 0.4294"
"34,18 : 0.4294"
"18,35 : 0.1992"
"35,18 : 0.1992"
"18,36 : 0.3612"
"36,18 : 0.3612"
"18,37 : 0.6438"
"37,18 : 0.6438"
"18,38 : 0.0721"
"38,18 : 0.0721"
"18,39 : 0.4319"
"39,18 : 0.4319"
"18,40 : 0.3265"
"40,18 : 0.3265"
"18,41 : 0.1942"
"41,18 : 0.1942"
"18,42 : 0.3265"
"42,18 : 0.3265"
"18,43 : 0.8911"
"43,18 : 0.8911"
"18,44 : 0.6243"
"44,18 : 0.6243"
"18,45 : 0.2209"
"45,18 : 0.2209"
"18,46 : 0.706"
"46,18 : 0.706"
"18,47 : 0.3245"
"47,18 : 0.3245"
"18,48 : 0.6185"
"48,18 : 0.6185"
"18,49 : 0.7455"
"49,18 : 0.7455"
"19,20 : 0.3228"
"20,19 : 0.3228"
"19,21 : 0.481"
"21,19 : 0.481"
"19,22 : 0.3936"
"22,19 : 0.3936"
"19,23 : 0.2247"
"23,19 : 0.2247"
"19,24 : 0.2642"
"24,19 : 0.2642"
"19,25 : 0.3672"
"25,19 : 0.3672"
"19,26 : 0.7325"
"26,19 : 0.7325"
"19,27 : 0.3106"
"27,19 : 0.3106"
"19,28 : 0.4649"
"28,19 : 0.4649"
"19,29 : 0.6586"
"29,19 : 0.6586"
"19,30 : 0.6576"
"30,19 : 0.6576"
"19,31 : 0.4118"
"31,19 : 0.4118"
"19,32 : 0.2642"
"32,19 : 0.2642"
"19,33 : 0.5794"
"33,19 : 0.5794"
"19,34 : 0.3748"
"34,19 : 0.3748"
"19,35 : 0.4501"
"35,19 : 0.4501"
"19,36 : 0.2828"
"36,19 : 0.2828"
"19,37 : 0.8061"
"37,19 : 0.8061"
"19,38 : 0.5903"
"38,19 : 0.5903"
"19,39 : 0.524"
"39,19 : 0.524"
"19,40 : 0.5371"
"40,19 : 0.5371"
"19,41 : 0.451"
"41,19 : 0.451"
"19,42 : 0.4801"
"42,19 : 0.4801"
"19,43 : 0.5704"
"43,19 : 0.5704"
"19,44 : 0.4148"
"44,19 : 0.4148"
"19,45 : 0.423"
"45,19 : 0.423"
"19,46 : 0.2631"
"46,19 : 0.2631"
"19,47 : 0.572"
"47,19 : 0.572"
"19,48 : 0.2236"
"48,19 : 0.2236"
"19,49 : 0.102"
"49,19 : 0.102"
"20,21 : 0.2953"
"21,20 : 0.2953"
"20,22 : 0.0985"
"22,20 : 0.0985"
"20,23 : 0.492"
"23,20 : 0.492"
"20,24 : 0.4617"
"24,20 : 0.4617"
"20,25 : 0.4301"
"25,20 : 0.4301"
"20,26 : 0.878"
"26,20 : 0.878"
"20,27 : 0.5186"
"27,20 : 0.5186"
"20,28 : 0.578"
"28,20 : 0.578"
"20,29 : 0.494"
"29,20 : 0.494"
"20,30 : 0.694"
"30,20 : 0.694"
"20,31 : 0.1208"
"31,20 : 0.1208"
"20,32 : 0.5831"
"32,20 : 0.5831"
"20,33 : 0.2594"
"33,20 : 0.2594"
"20,34 : 0.6044"
"34,20 : 0.6044"
"20,35 : 0.4817"
"35,20 : 0.4817"
"20,36 : 0.3982"
"36,20 : 0.3982"
"20,37 : 0.5459"
"37,20 : 0.5459"
"20,38 : 0.6454"
"38,20 : 0.6454"
"20,39 : 0.7467"
"39,20 : 0.7467"
"20,40 : 0.41"
"40,20 : 0.41"
"20,41 : 0.4952"
"41,20 : 0.4952"
"20,42 : 0.6619"
"42,20 : 0.6619"
"20,43 : 0.2693"
"43,20 : 0.2693"
"20,44 : 0.7103"
"44,20 : 0.7103"
"20,45 : 0.4884"
"45,20 : 0.4884"
"20,46 : 0.5846"
"46,20 : 0.5846"
"20,47 : 0.7479"
"47,20 : 0.7479"
"20,48 : 0.5324"
"48,20 : 0.5324"
"20,49 : 0.3467"
"49,20 : 0.3467"
"21,22 : 0.364"
"22,21 : 0.364"
"21,23 : 0.5315"
"23,21 : 0.5315"
"21,24 : 0.7046"
"24,21 : 0.7046"
"21,25 : 0.3089"
"25,21 : 0.3089"
"21,26 : 1.1531"
"26,21 : 1.1531"
"21,27 : 0.4904"
"27,21 : 0.4904"
"21,28 : 0.8556"
"28,21 : 0.8556"
"21,29 : 0.2"
"29,21 : 0.2"
"21,30 : 0.9874"
"30,21 : 0.9874"
"21,31 : 0.3808"
"31,21 : 0.3808"
"21,32 : 0.6812"
"32,21 : 0.6812"
"21,33 : 0.3905"
"33,21 : 0.3905"
"21,34 : 0.8386"
"34,21 : 0.8386"
"21,35 : 0.772"
"35,21 : 0.772"
"21,36 : 0.6653"
"36,21 : 0.6653"
"21,37 : 0.7497"
"37,21 : 0.7497"
"21,38 : 0.936"
"38,21 : 0.936"
"21,39 : 0.9879"
"39,21 : 0.9879"
"21,40 : 0.6989"
"40,21 : 0.6989"
"21,41 : 0.7841"
"41,21 : 0.7841"
"21,42 : 0.9201"
"42,21 : 0.9201"
"21,43 : 0.2247"
"43,21 : 0.2247"
"21,44 : 0.8949"
"44,21 : 0.8949"
"21,45 : 0.7734"
"45,21 : 0.7734"
"21,46 : 0.7218"
"46,21 : 0.7218"
"21,47 : 1.0104"
"47,21 : 1.0104"
"21,48 : 0.7021"
"48,21 : 0.7021"
"21,49 : 0.4357"
"49,21 : 0.4357"
"22,23 : 0.5805"
"23,22 : 0.5805"
"22,24 : 0.4826"
"24,22 : 0.4826"
"22,25 : 0.5281"
"25,22 : 0.5281"
"22,26 : 0.8609"
"26,22 : 0.8609"
"22,27 : 0.614"
"27,22 : 0.614"
"22,28 : 0.5636"
"28,22 : 0.5636"
"22,29 : 0.5554"
"29,22 : 0.5554"
"22,30 : 0.6507"
"30,22 : 0.6507"
"22,31 : 0.0224"
"31,22 : 0.0224"
"22,32 : 0.6576"
"32,22 : 0.6576"
"22,33 : 0.1924"
"33,22 : 0.1924"
"22,34 : 0.6251"
"34,22 : 0.6251"
"22,35 : 0.45"
"35,22 : 0.45"
"22,36 : 0.4026"
"36,22 : 0.4026"
"22,37 : 0.4478"
"37,22 : 0.4478"
"22,38 : 0.6096"
"38,22 : 0.6096"
"22,39 : 0.7593"
"39,22 : 0.7593"
"22,40 : 0.3362"
"40,22 : 0.3362"
"22,41 : 0.4662"
"41,22 : 0.4662"
"22,42 : 0.6641"
"42,22 : 0.6641"
"22,43 : 0.272"
"43,22 : 0.272"
"22,44 : 0.7533"
"44,22 : 0.7533"
"22,45 : 0.4665"
"45,22 : 0.4665"
"22,46 : 0.6485"
"46,22 : 0.6485"
"22,47 : 0.7446"
"47,22 : 0.7446"
"22,48 : 0.5869"
"48,22 : 0.5869"
"22,49 : 0.4328"
"49,22 : 0.4328"
"23,24 : 0.4428"
"24,23 : 0.4428"
"23,25 : 0.2823"
"25,23 : 0.2823"
"23,26 : 0.886"
"26,23 : 0.886"
"23,27 : 0.1166"
"27,23 : 0.1166"
"23,28 : 0.6538"
"28,23 : 0.6538"
"23,29 : 0.661"
"29,23 : 0.661"
"23,30 : 0.8602"
"30,23 : 0.8602"
"23,31 : 0.6014"
"31,23 : 0.6014"
"23,32 : 0.17"
"32,23 : 0.17"
"23,33 : 0.7489"
"33,23 : 0.7489"
"23,34 : 0.507"
"34,23 : 0.507"
"23,35 : 0.6637"
"35,23 : 0.6637"
"23,36 : 0.4916"
"36,23 : 0.4916"
"23,37 : 1.0153"
"37,23 : 1.0153"
"23,38 : 0.7906"
"38,23 : 0.7906"
"23,39 : 0.6401"
"39,23 : 0.6401"
"23,40 : 0.7616"
"40,23 : 0.7616"
"23,41 : 0.6619"
"41,23 : 0.6619"
"23,42 : 0.6325"
"42,23 : 0.6325"
"23,43 : 0.6895"
"43,23 : 0.6895"
"23,44 : 0.4525"
"44,23 : 0.4525"
"23,45 : 0.6307"
"45,23 : 0.6307"
"23,46 : 0.2476"
"46,23 : 0.2476"
"23,47 : 0.7187"
"47,23 : 0.7187"
"23,48 : 0.2865"
"48,23 : 0.2865"
"23,49 : 0.1487"
"49,23 : 0.1487"
"24,25 : 0.6313"
"25,24 : 0.6313"
"24,26 : 0.4687"
"26,24 : 0.4687"
"24,27 : 0.5511"
"27,24 : 0.5511"
"24,28 : 0.211"
"28,24 : 0.211"
"24,29 : 0.8964"
"29,24 : 0.8964"
"24,30 : 0.4211"
"30,24 : 0.4211"
"24,31 : 0.4909"
"31,24 : 0.4909"
"24,32 : 0.3736"
"32,24 : 0.3736"
"24,33 : 0.6703"
"33,24 : 0.6703"
"24,34 : 0.1432"
"34,24 : 0.1432"
"24,35 : 0.2506"
"35,24 : 0.2506"
"24,36 : 0.103"
"36,24 : 0.103"
"24,37 : 0.7782"
"37,24 : 0.7782"
"24,38 : 0.3506"
"38,24 : 0.3506"
"24,39 : 0.2864"
"39,24 : 0.2864"
"24,40 : 0.436"
"40,24 : 0.436"
"24,41 : 0.2417"
"41,24 : 0.2417"
"24,42 : 0.2193"
"42,24 : 0.2193"
"24,43 : 0.7308"
"43,24 : 0.7308"
"24,44 : 0.2955"
"44,24 : 0.2955"
"24,45 : 0.2062"
"45,24 : 0.2062"
"24,46 : 0.2997"
"46,24 : 0.2997"
"24,47 : 0.3114"
"47,24 : 0.3114"
"24,48 : 0.2102"
"48,24 : 0.2102"
"24,49 : 0.3625"
"49,24 : 0.3625"
"25,26 : 1.0993"
"26,25 : 1.0993"
"25,27 : 0.2002"
"27,25 : 0.2002"
"25,28 : 0.8286"
"28,25 : 0.8286"
"25,29 : 0.3901"
"29,25 : 0.3901"
"25,30 : 1.0096"
"30,25 : 1.0096"
"25,31 : 0.5503"
"31,25 : 0.5503"
"25,32 : 0.4519"
"32,25 : 0.4519"
"25,33 : 0.6407"
"33,25 : 0.6407"
"25,34 : 0.7341"
"34,25 : 0.7341"
"25,35 : 0.7931"
"35,25 : 0.7931"
"25,36 : 0.6391"
"36,25 : 0.6391"
"25,37 : 0.9717"
"37,25 : 0.9717"
"25,38 : 0.9456"
"38,25 : 0.9456"
"25,39 : 0.8797"
"39,25 : 0.8797"
"25,40 : 0.811"
"40,25 : 0.811"
"25,41 : 0.7981"
"41,25 : 0.7981"
"25,42 : 0.846"
"42,25 : 0.846"
"25,43 : 0.5174"
"43,25 : 0.5174"
"25,44 : 0.722"
"44,25 : 0.722"
"25,45 : 0.7749"
"45,25 : 0.7749"
"25,46 : 0.5215"
"46,25 : 0.5215"
"25,47 : 0.9374"
"47,25 : 0.9374"
"25,48 : 0.5381"
"48,25 : 0.5381"
"25,49 : 0.272"
"49,25 : 0.272"
"26,27 : 1.0009"
"27,26 : 1.0009"
"26,28 : 0.3"
"28,26 : 0.3"
"26,29 : 1.3506"
"29,26 : 1.3506"
"26,30 : 0.2915"
"30,26 : 0.2915"
"26,31 : 0.8596"
"31,26 : 0.8596"
"26,32 : 0.7669"
"32,26 : 0.7669"
"26,33 : 1.0164"
"33,26 : 1.0164"
"26,34 : 0.3795"
"34,26 : 0.3795"
"26,35 : 0.4163"
"35,26 : 0.4163"
"26,36 : 0.488"
"36,26 : 0.488"
"26,37 : 0.9613"
"37,26 : 0.9613"
"26,38 : 0.2828"
"38,26 : 0.2828"
"26,39 : 0.27"
"39,26 : 0.27"
"26,40 : 0.6237"
"40,26 : 0.6237"
"26,41 : 0.3981"
"41,26 : 0.3981"
"26,42 : 0.255"
"42,26 : 0.255"
"26,43 : 1.1321"
"43,26 : 1.1321"
"26,44 : 0.5101"
"44,26 : 0.5101"
"26,45 : 0.3945"
"45,26 : 0.3945"
"26,46 : 0.6727"
"46,26 : 0.6727"
"26,47 : 0.1676"
"47,26 : 0.1676"
"26,48 : 0.6044"
"48,26 : 0.6044"
"26,49 : 0.8286"
"49,26 : 0.8286"
"27,28 : 0.7612"
"28,27 : 0.7612"
"27,29 : 0.5903"
"29,27 : 0.5903"
"27,30 : 0.9633"
"30,27 : 0.9633"
"27,31 : 0.636"
"31,27 : 0.636"
"27,32 : 0.2766"
"32,27 : 0.2766"
"27,33 : 0.7642"
"33,27 : 0.7642"
"27,34 : 0.6224"
"34,27 : 0.6224"
"27,35 : 0.7601"
"35,27 : 0.7601"
"27,36 : 0.5903"
"36,27 : 0.5903"
"27,37 : 1.0595"
"37,27 : 1.0595"
"27,38 : 0.8945"
"38,27 : 0.8945"
"27,39 : 0.7566"
"39,27 : 0.7566"
"27,40 : 0.8352"
"40,27 : 0.8352"
"27,41 : 0.7601"
"41,27 : 0.7601"
"27,42 : 0.7467"
"42,27 : 0.7467"
"27,43 : 0.676"
"43,27 : 0.676"
"27,44 : 0.5664"
"44,27 : 0.5664"
"27,45 : 0.7306"
"45,27 : 0.7306"
"27,46 : 0.3612"
"46,27 : 0.3612"
"27,47 : 0.8338"
"47,27 : 0.8338"
"27,48 : 0.4031"
"48,27 : 0.4031"
"27,49 : 0.2138"
"49,27 : 0.2138"
"28,29 : 1.0542"
"29,28 : 1.0542"
"28,30 : 0.2159"
"30,28 : 0.2159"
"28,31 : 0.5636"
"31,28 : 0.5636"
"28,32 : 0.5756"
"32,28 : 0.5756"
"28,33 : 0.7273"
"33,28 : 0.7273"
"28,34 : 0.2163"
"34,28 : 0.2163"
"28,35 : 0.1404"
"35,28 : 0.1404"
"28,36 : 0.1942"
"36,28 : 0.1942"
"28,37 : 0.7316"
"37,28 : 0.7316"
"28,38 : 0.1456"
"38,28 : 0.1456"
"28,39 : 0.2563"
"39,28 : 0.2563"
"28,40 : 0.3734"
"40,28 : 0.3734"
"28,41 : 0.1204"
"41,28 : 0.1204"
"28,42 : 0.1393"
"42,28 : 0.1393"
"28,43 : 0.8335"
"43,28 : 0.8335"
"28,44 : 0.414"
"44,28 : 0.414"
"28,45 : 0.102"
"45,28 : 0.102"
"28,46 : 0.4924"
"46,28 : 0.4924"
"28,47 : 0.191"
"47,28 : 0.191"
"28,48 : 0.4061"
"48,28 : 0.4061"
"28,49 : 0.5661"
"49,28 : 0.5661"
"29,30 : 1.1871"
"30,29 : 1.1871"
"29,31 : 0.5701"
"31,29 : 0.5701"
"29,32 : 0.8246"
"32,29 : 0.8246"
"29,33 : 0.5408"
"33,29 : 0.5408"
"29,34 : 1.0265"
"34,29 : 1.0265"
"29,35 : 0.972"
"35,29 : 0.972"
"29,36 : 0.8627"
"36,29 : 0.8627"
"29,37 : 0.9"
"37,29 : 0.9"
"29,38 : 1.136"
"38,29 : 1.136"
"29,39 : 1.1764"
"39,29 : 1.1764"
"29,40 : 0.8916"
"40,29 : 0.8916"
"29,41 : 0.9841"
"41,29 : 0.9841"
"29,42 : 1.114"
"42,29 : 1.114"
"29,43 : 0.35"
"43,29 : 0.35"
"29,44 : 1.0651"
"44,29 : 1.0651"
"29,45 : 0.9731"
"45,29 : 0.9731"
"29,46 : 0.8792"
"46,29 : 0.8792"
"29,47 : 1.2051"
"47,29 : 1.2051"
"29,48 : 0.8724"
"48,29 : 0.8724"
"29,49 : 0.5962"
"49,29 : 0.5962"
"30,31 : 0.6435"
"31,30 : 0.6435"
"30,32 : 0.7908"
"32,30 : 0.7908"
"30,33 : 0.7767"
"33,30 : 0.7767"
"30,34 : 0.4254"
"34,30 : 0.4254"
"30,35 : 0.2193"
"35,30 : 0.2193"
"30,36 : 0.3748"
"36,30 : 0.3748"
"30,37 : 0.6748"
"37,30 : 0.6748"
"30,38 : 0.0707"
"38,30 : 0.0707"
"30,39 : 0.4173"
"39,30 : 0.4173"
"30,40 : 0.3578"
"40,30 : 0.3578"
"30,41 : 0.2119"
"41,30 : 0.2119"
"30,42 : 0.3162"
"42,30 : 0.3162"
"30,43 : 0.9197"
"43,30 : 0.9197"
"30,44 : 0.6177"
"44,30 : 0.6177"
"30,45 : 0.2354"
"45,30 : 0.2354"
"30,46 : 0.7083"
"46,30 : 0.7083"
"30,47 : 0.3061"
"47,30 : 0.3061"
"30,48 : 0.6217"
"48,30 : 0.6217"
"30,49 : 0.7595"
"49,30 : 0.7595"
"31,32 : 0.676"
"32,31 : 0.676"
"31,33 : 0.1803"
"33,31 : 0.1803"
"31,34 : 0.6329"
"34,31 : 0.6329"
"31,35 : 0.4465"
"35,31 : 0.4465"
"31,36 : 0.4079"
"36,31 : 0.4079"
"31,37 : 0.4254"
"37,31 : 0.4254"
"31,38 : 0.6044"
"38,31 : 0.6044"
"31,39 : 0.7649"
"39,31 : 0.7649"
"31,40 : 0.322"
"40,31 : 0.322"
"31,41 : 0.4632"
"41,31 : 0.4632"
"31,42 : 0.6676"
"42,31 : 0.6676"
"31,43 : 0.2766"
"43,31 : 0.2766"
"31,44 : 0.7653"
"44,31 : 0.7653"
"31,45 : 0.4653"
"45,31 : 0.4653"
"31,46 : 0.6648"
"46,31 : 0.6648"
"31,47 : 0.7467"
"47,31 : 0.7467"
"31,48 : 0.6017"
"48,31 : 0.6017"
"31,49 : 0.4534"
"49,31 : 0.4534"
"32,33 : 0.8417"
"33,32 : 0.8417"
"32,34 : 0.392"
"34,32 : 0.392"
"32,35 : 0.6203"
"35,32 : 0.6203"
"32,36 : 0.4519"
"36,32 : 0.4519"
"32,37 : 1.063"
"37,32 : 1.063"
"32,38 : 0.7201"
"38,32 : 0.7201"
"32,39 : 0.506"
"39,32 : 0.506"
"32,40 : 0.7661"
"40,32 : 0.7661"
"32,41 : 0.6135"
"41,32 : 0.6135"
"32,42 : 0.5224"
"42,32 : 0.5224"
"32,43 : 0.8139"
"43,32 : 0.8139"
"32,44 : 0.2941"
"44,32 : 0.2941"
"32,45 : 0.5787"
"45,32 : 0.5787"
"32,46 : 0.0949"
"46,32 : 0.0949"
"32,47 : 0.6002"
"47,32 : 0.6002"
"32,48 : 0.1703"
"48,32 : 0.1703"
"32,49 : 0.2518"
"49,32 : 0.2518"
"33,34 : 0.8115"
"34,33 : 0.8115"
"33,35 : 0.6001"
"35,33 : 0.6001"
"33,36 : 0.5842"
"36,33 : 0.5842"
"33,37 : 0.3612"
"37,33 : 0.3612"
"33,38 : 0.7479"
"38,33 : 0.7479"
"33,39 : 0.9405"
"39,33 : 0.9405"
"33,40 : 0.4252"
"40,33 : 0.4252"
"33,41 : 0.6185"
"41,33 : 0.6185"
"33,42 : 0.8395"
"42,33 : 0.8395"
"33,43 : 0.1924"
"43,33 : 0.1924"
"33,44 : 0.9453"
"44,33 : 0.9453"
"33,45 : 0.6263"
"45,33 : 0.6263"
"33,46 : 0.8382"
"46,33 : 0.8382"
"33,47 : 0.9148"
"47,33 : 0.9148"
"33,48 : 0.7788"
"48,33 : 0.7788"
"33,49 : 0.6054"
"49,33 : 0.6054"
"34,35 : 0.322"
"35,34 : 0.322"
"34,36 : 0.2309"
"36,34 : 0.2309"
"34,37 : 0.8954"
"37,34 : 0.8954"
"34,38 : 0.3578"
"38,34 : 0.3578"
"34,39 : 0.15"
"39,34 : 0.15"
"34,40 : 0.5413"
"40,34 : 0.5413"
"34,41 : 0.3061"
"41,34 : 0.3061"
"34,42 : 0.1304"
"42,34 : 0.1304"
"34,43 : 0.8736"
"43,34 : 0.8736"
"34,44 : 0.1985"
"44,34 : 0.1985"
"34,45 : 0.272"
"45,34 : 0.272"
"34,46 : 0.3002"
"46,34 : 0.3002"
"34,47 : 0.2119"
"47,34 : 0.2119"
"34,48 : 0.2256"
"48,34 : 0.2256"
"34,49 : 0.4623"
"49,34 : 0.4623"
"35,36 : 0.1726"
"36,35 : 0.1726"
"35,37 : 0.5923"
"37,35 : 0.5923"
"35,38 : 0.164"
"38,35 : 0.164"
"35,39 : 0.3929"
"39,35 : 0.3929"
"35,40 : 0.2335"
"40,35 : 0.2335"
"35,41 : 0.02"
"41,35 : 0.02"
"35,42 : 0.2766"
"42,35 : 0.2766"
"35,43 : 0.722"
"43,35 : 0.722"
"35,44 : 0.5174"
"44,35 : 0.5174"
"35,45 : 0.05"
"45,35 : 0.05"
"35,46 : 0.5501"
"46,35 : 0.5501"
"35,47 : 0.3302"
"47,35 : 0.3302"
"35,48 : 0.4607"
"48,35 : 0.4607"
"35,49 : 0.5508"
"49,35 : 0.5508"
"36,37 : 0.6754"
"37,36 : 0.6754"
"36,38 : 0.3081"
"38,36 : 0.3081"
"36,39 : 0.3569"
"39,36 : 0.3569"
"36,40 : 0.3342"
"40,36 : 0.3342"
"36,41 : 0.1703"
"41,36 : 0.1703"
"36,42 : 0.264"
"42,36 : 0.264"
"36,43 : 0.6631"
"43,36 : 0.6631"
"36,44 : 0.3981"
"44,36 : 0.3981"
"36,45 : 0.1404"
"45,36 : 0.1404"
"36,46 : 0.3883"
"46,36 : 0.3883"
"36,47 : 0.3499"
"47,36 : 0.3499"
"36,48 : 0.3"
"48,36 : 0.3"
"36,49 : 0.3847"
"49,36 : 0.3847"
"37,38 : 0.6801"
"38,37 : 0.6801"
"37,39 : 0.9849"
"39,37 : 0.9849"
"37,40 : 0.359"
"40,37 : 0.359"
"37,41 : 0.6119"
"41,37 : 0.6119"
"37,42 : 0.8688"
"42,37 : 0.8688"
"37,43 : 0.55"
"43,37 : 0.55"
"37,44 : 1.0735"
"44,37 : 1.0735"
"37,45 : 0.6379"
"45,37 : 0.6379"
"37,46 : 1.03"
"46,37 : 1.03"
"37,47 : 0.9166"
"47,37 : 0.9166"
"37,48 : 0.9513"
"48,37 : 0.9513"
"37,49 : 0.8668"
"49,37 : 0.8668"
"38,39 : 0.3624"
"39,38 : 0.3624"
"38,40 : 0.3421"
"40,38 : 0.3421"
"38,41 : 0.1526"
"41,38 : 0.1526"
"38,42 : 0.255"
"42,38 : 0.255"
"38,43 : 0.8809"
"43,38 : 0.8809"
"38,44 : 0.5523"
"44,38 : 0.5523"
"38,45 : 0.1709"
"45,38 : 0.1709"
"38,46 : 0.6379"
"46,38 : 0.6379"
"38,47 : 0.2594"
"47,38 : 0.2594"
"38,48 : 0.5511"
"48,38 : 0.5511"
"38,49 : 0.6923"
"49,38 : 0.6923"
"39,40 : 0.6259"
"40,39 : 0.6259"
"39,41 : 0.3736"
"41,39 : 0.3736"
"39,42 : 0.117"
"42,39 : 0.117"
"39,43 : 1.0151"
"43,39 : 1.0151"
"39,44 : 0.2402"
"44,39 : 0.2402"
"39,45 : 0.3471"
"45,39 : 0.3471"
"39,46 : 0.4111"
"46,39 : 0.4111"
"39,47 : 0.1208"
"47,39 : 0.1208"
"39,48 : 0.3536"
"48,39 : 0.3536"
"39,49 : 0.6088"
"49,39 : 0.6088"
"40,41 : 0.2532"
"41,40 : 0.2532"
"40,42 : 0.5099"
"42,40 : 0.5099"
"40,43 : 0.586"
"43,40 : 0.586"
"40,44 : 0.7272"
"44,40 : 0.7272"
"40,45 : 0.2789"
"45,40 : 0.2789"
"40,46 : 0.7151"
"46,40 : 0.7151"
"40,47 : 0.5608"
"47,40 : 0.5608"
"40,48 : 0.6294"
"48,40 : 0.6294"
"40,49 : 0.623"
"49,40 : 0.623"
"41,42 : 0.2571"
"42,41 : 0.2571"
"41,43 : 0.7382"
"43,41 : 0.7382"
"41,44 : 0.5025"
"44,41 : 0.5025"
"41,45 : 0.0361"
"45,41 : 0.0361"
"41,46 : 0.5413"
"46,41 : 0.5413"
"41,47 : 0.3102"
"47,41 : 0.3102"
"41,48 : 0.4519"
"48,41 : 0.4519"
"41,49 : 0.5523"
"49,41 : 0.5523"
"42,43 : 0.927"
"43,42 : 0.927"
"42,44 : 0.3046"
"44,42 : 0.3046"
"42,45 : 0.2319"
"45,42 : 0.2319"
"42,46 : 0.4305"
"46,42 : 0.4305"
"42,47 : 0.0922"
"47,42 : 0.0922"
