x,y
0.4,0.29
0.37,0.18
0.87,0.98
0.03,0.25
0.55,0.99
0.84,0.21
0.64,0.63
0.83,0.77
0.68,0.56
0.15,0.77
0.3,0.49
0.0,0.87
0.28,0.36
0.86,0.55
0.07,0.67
0.92,0.47
0.83,0.62
0.73,0.63
0.71,0.29
0.1,0.88
0.83,0.15
0.48,0.07
0.45,0.6
0.52,0.84
0.84,0.68
0.34,0.61
0.25,0.46
0.45,0.75
0.44,0.0
0.42,0.33
0.03,0.26
0.02,0.75
0.17,0.46
0.15,0.25
0.95,0.52
0.79,0.42
0.47,0.18
0.98,0.67
0.78,0.54
0.93,0.96
0.54,0.81
0.98,0.79
0.12,0.15
0.78,0.52
0.83,0.01
0.55,0.17
0.53,0.78
0.05,0.78
0.77,0.76
0.9,0.52

Distanze
"0,1 : 0.114"
"1,0 : 0.114"
"0,2 : 0.8349"
"2,0 : 0.8349"
"0,3 : 0.3722"
"3,0 : 0.3722"
"0,4 : 0.7159"
"4,0 : 0.7159"
"0,5 : 0.4472"
"5,0 : 0.4472"
"0,6 : 0.4162"
"6,0 : 0.4162"
"0,7 : 0.6444"
"7,0 : 0.6444"
"0,8 : 0.389"
"8,0 : 0.389"
"0,9 : 0.5412"
"9,0 : 0.5412"
"0,10 : 0.2236"
"10,0 : 0.2236"
"0,11 : 0.7046"
"11,0 : 0.7046"
"0,12 : 0.1389"
"12,0 : 0.1389"
"0,13 : 0.5284"
"13,0 : 0.5284"
"0,14 : 0.5033"
"14,0 : 0.5033"
"0,15 : 0.5503"
"15,0 : 0.5503"
"0,16 : 0.542"
"16,0 : 0.542"
"0,17 : 0.4738"
"17,0 : 0.4738"
"0,18 : 0.31"
"18,0 : 0.31"
"0,19 : 0.6619"
"19,0 : 0.6619"
"0,20 : 0.4522"
"20,0 : 0.4522"
"0,21 : 0.2341"
"21,0 : 0.2341"
"0,22 : 0.314"
"22,0 : 0.314"
"0,23 : 0.5629"
"23,0 : 0.5629"
"0,24 : 0.588"
"24,0 : 0.588"
"0,25 : 0.3256"
"25,0 : 0.3256"
"0,26 : 0.2267"
"26,0 : 0.2267"
"0,27 : 0.4627"
"27,0 : 0.4627"
"0,28 : 0.2927"
"28,0 : 0.2927"
"0,29 : 0.0447"
"29,0 : 0.0447"
"0,30 : 0.3712"
"30,0 : 0.3712"
"0,31 : 0.5967"
"31,0 : 0.5967"
"0,32 : 0.286"
"32,0 : 0.286"
"0,33 : 0.2532"
"33,0 : 0.2532"
"0,34 : 0.5962"
"34,0 : 0.5962"
"0,35 : 0.4111"
"35,0 : 0.4111"
"0,36 : 0.1304"
"36,0 : 0.1304"
"0,37 : 0.6934"
"37,0 : 0.6934"
"0,38 : 0.4549"
"38,0 : 0.4549"
"0,39 : 0.8543"
"39,0 : 0.8543"
"0,40 : 0.5385"
"40,0 : 0.5385"
"0,41 : 0.7658"
"41,0 : 0.7658"
"0,42 : 0.313"
"42,0 : 0.313"
"0,43 : 0.4442"
"43,0 : 0.4442"
"0,44 : 0.5131"
"44,0 : 0.5131"
"0,45 : 0.1921"
"45,0 : 0.1921"
"0,46 : 0.507"
"46,0 : 0.507"
"0,47 : 0.6022"
"47,0 : 0.6022"
"0,48 : 0.5982"
"48,0 : 0.5982"
"0,49 : 0.5504"
"49,0 : 0.5504"
"1,2 : 0.9434"
"2,1 : 0.9434"
"1,3 : 0.3471"
"3,1 : 0.3471"
"1,4 : 0.8298"
"4,1 : 0.8298"
"1,5 : 0.471"
"5,1 : 0.471"
"1,6 : 0.5248"
"6,1 : 0.5248"
"1,7 : 0.7481"
"7,1 : 0.7481"
"1,8 : 0.4904"
"8,1 : 0.4904"
"1,9 : 0.6297"
"9,1 : 0.6297"
"1,10 : 0.3178"
"10,1 : 0.3178"
"1,11 : 0.7829"
"11,1 : 0.7829"
"1,12 : 0.2012"
"12,1 : 0.2012"
"1,13 : 0.614"
"13,1 : 0.614"
"1,14 : 0.5745"
"14,1 : 0.5745"
"1,15 : 0.6218"
"15,1 : 0.6218"
"1,16 : 0.6366"
"16,1 : 0.6366"
"1,17 : 0.5763"
"17,1 : 0.5763"
"1,18 : 0.3574"
"18,1 : 0.3574"
"1,19 : 0.7503"
"19,1 : 0.7503"
"1,20 : 0.461"
"20,1 : 0.461"
"1,21 : 0.1556"
"21,1 : 0.1556"
"1,22 : 0.4276"
"22,1 : 0.4276"
"1,23 : 0.6768"
"23,1 : 0.6768"
"1,24 : 0.6862"
"24,1 : 0.6862"
"1,25 : 0.431"
"25,1 : 0.431"
"1,26 : 0.3046"
"26,1 : 0.3046"
"1,27 : 0.5756"
"27,1 : 0.5756"
"1,28 : 0.1931"
"28,1 : 0.1931"
"1,29 : 0.1581"
"29,1 : 0.1581"
"1,30 : 0.3493"
"30,1 : 0.3493"
"1,31 : 0.6689"
"31,1 : 0.6689"
"1,32 : 0.3441"
"32,1 : 0.3441"
"1,33 : 0.2309"
"33,1 : 0.2309"
"1,34 : 0.6723"
"34,1 : 0.6723"
"1,35 : 0.4837"
"35,1 : 0.4837"
"1,36 : 0.1"
"36,1 : 0.1"
"1,37 : 0.7824"
"37,1 : 0.7824"
"1,38 : 0.5456"
"38,1 : 0.5456"
"1,39 : 0.9602"
"39,1 : 0.9602"
"1,40 : 0.6525"
"40,1 : 0.6525"
"1,41 : 0.8627"
"41,1 : 0.8627"
"1,42 : 0.2518"
"42,1 : 0.2518"
"1,43 : 0.5326"
"43,1 : 0.5326"
"1,44 : 0.4904"
"44,1 : 0.4904"
"1,45 : 0.1803"
"45,1 : 0.1803"
"1,46 : 0.621"
"46,1 : 0.621"
"1,47 : 0.68"
"47,1 : 0.68"
"1,48 : 0.7046"
"48,1 : 0.7046"
"1,49 : 0.6297"
"49,1 : 0.6297"
"2,3 : 1.1129"
"3,2 : 1.1129"
"2,4 : 0.3202"
"4,2 : 0.3202"
"2,5 : 0.7706"
"5,2 : 0.7706"
"2,6 : 0.4188"
"6,2 : 0.4188"
"2,7 : 0.2138"
"7,2 : 0.2138"
"2,8 : 0.461"
"8,2 : 0.461"
"2,9 : 0.75"
"9,2 : 0.75"
"2,10 : 0.7517"
"10,2 : 0.7517"
"2,11 : 0.8769"
"11,2 : 0.8769"
"2,12 : 0.8559"
"12,2 : 0.8559"
"2,13 : 0.4301"
"13,2 : 0.4301"
"2,14 : 0.858"
"14,2 : 0.858"
"2,15 : 0.5124"
"15,2 : 0.5124"
"2,16 : 0.3622"
"16,2 : 0.3622"
"2,17 : 0.377"
"17,2 : 0.377"
"2,18 : 0.7083"
"18,2 : 0.7083"
"2,19 : 0.7765"
"19,2 : 0.7765"
"2,20 : 0.831"
"20,2 : 0.831"
"2,21 : 0.9901"
"21,2 : 0.9901"
"2,22 : 0.5664"
"22,2 : 0.5664"
"2,23 : 0.377"
"23,2 : 0.377"
"2,24 : 0.3015"
"24,2 : 0.3015"
"2,25 : 0.6464"
"25,2 : 0.6464"
"2,26 : 0.8092"
"26,2 : 0.8092"
"2,27 : 0.4789"
"27,2 : 0.4789"
"2,28 : 1.0702"
"28,2 : 1.0702"
"2,29 : 0.7906"
"29,2 : 0.7906"
"2,30 : 1.1063"
"30,2 : 1.1063"
"2,31 : 0.8806"
"31,2 : 0.8806"
"2,32 : 0.872"
"32,2 : 0.872"
"2,33 : 1.0253"
"33,2 : 1.0253"
"2,34 : 0.4669"
"34,2 : 0.4669"
"2,35 : 0.5657"
"35,2 : 0.5657"
"2,36 : 0.8944"
"36,2 : 0.8944"
"2,37 : 0.3289"
"37,2 : 0.3289"
"2,38 : 0.4491"
"38,2 : 0.4491"
"2,39 : 0.0632"
"39,2 : 0.0632"
"2,40 : 0.3712"
"40,2 : 0.3712"
"2,41 : 0.2195"
"41,2 : 0.2195"
"2,42 : 1.1187"
"42,2 : 1.1187"
"2,43 : 0.4687"
"43,2 : 0.4687"
"2,44 : 0.9708"
"44,2 : 0.9708"
"2,45 : 0.8709"
"45,2 : 0.8709"
"2,46 : 0.3945"
"46,2 : 0.3945"
"2,47 : 0.844"
"47,2 : 0.844"
"2,48 : 0.2417"
"48,2 : 0.2417"
"2,49 : 0.461"
"49,2 : 0.461"
"3,4 : 0.9044"
"4,3 : 0.9044"
"3,5 : 0.811"
"5,3 : 0.811"
"3,6 : 0.7187"
"6,3 : 0.7187"
"3,7 : 0.9541"
"7,3 : 0.9541"
"3,8 : 0.7201"
"8,3 : 0.7201"
"3,9 : 0.5337"
"9,3 : 0.5337"
"3,10 : 0.3612"
"10,3 : 0.3612"
"3,11 : 0.6207"
"11,3 : 0.6207"
"3,12 : 0.2731"
"12,3 : 0.2731"
"3,13 : 0.8826"
"13,3 : 0.8826"
"3,14 : 0.4219"
"14,3 : 0.4219"
"3,15 : 0.9168"
"15,3 : 0.9168"
"3,16 : 0.8814"
"16,3 : 0.8814"
"3,17 : 0.7965"
"17,3 : 0.7965"
"3,18 : 0.6812"
"18,3 : 0.6812"
"3,19 : 0.6339"
"19,3 : 0.6339"
"3,20 : 0.8062"
"20,3 : 0.8062"
"3,21 : 0.4847"
"21,3 : 0.4847"
"3,22 : 0.5467"
"22,3 : 0.5467"
"3,23 : 0.7669"
"23,3 : 0.7669"
"3,24 : 0.9171"
"24,3 : 0.9171"
"3,25 : 0.4751"
"25,3 : 0.4751"
"3,26 : 0.3041"
"26,3 : 0.3041"
"3,27 : 0.653"
"27,3 : 0.653"
"3,28 : 0.4802"
"28,3 : 0.4802"
"3,29 : 0.3981"
"29,3 : 0.3981"
"3,30 : 0.01"
"30,3 : 0.01"
"3,31 : 0.5001"
"31,3 : 0.5001"
"3,32 : 0.2524"
"32,3 : 0.2524"
"3,33 : 0.12"
"33,3 : 0.12"
"3,34 : 0.9588"
"34,3 : 0.9588"
"3,35 : 0.7788"
"35,3 : 0.7788"
"3,36 : 0.4455"
"36,3 : 0.4455"
"3,37 : 1.0387"
"37,3 : 1.0387"
"3,38 : 0.8041"
"38,3 : 0.8041"
"3,39 : 1.1463"
"39,3 : 1.1463"
"3,40 : 0.7574"
"40,3 : 0.7574"
"3,41 : 1.0927"
"41,3 : 1.0927"
"3,42 : 0.1345"
"42,3 : 0.1345"
"3,43 : 0.7971"
"43,3 : 0.7971"
"3,44 : 0.8352"
"44,3 : 0.8352"
"3,45 : 0.5261"
"45,3 : 0.5261"
"3,46 : 0.7286"
"46,3 : 0.7286"
"3,47 : 0.5304"
"47,3 : 0.5304"
"3,48 : 0.8987"
"48,3 : 0.8987"
"3,49 : 0.9109"
"49,3 : 0.9109"
"4,5 : 0.8322"
"5,4 : 0.8322"
"4,6 : 0.3711"
"6,4 : 0.3711"
"4,7 : 0.3561"
"7,4 : 0.3561"
"4,8 : 0.4492"
"8,4 : 0.4492"
"4,9 : 0.4565"
"9,4 : 0.4565"
"4,10 : 0.559"
"10,4 : 0.559"
"4,11 : 0.5629"
"11,4 : 0.5629"
"4,12 : 0.6854"
"12,4 : 0.6854"
"4,13 : 0.5382"
"13,4 : 0.5382"
"4,14 : 0.5769"
"14,4 : 0.5769"
"4,15 : 0.6382"
"15,4 : 0.6382"
"4,16 : 0.464"
"16,4 : 0.464"
"4,17 : 0.4025"
"17,4 : 0.4025"
"4,18 : 0.7181"
"18,4 : 0.7181"
"4,19 : 0.4632"
"19,4 : 0.4632"
"4,20 : 0.8854"
"20,4 : 0.8854"
"4,21 : 0.9227"
"21,4 : 0.9227"
"4,22 : 0.4026"
"22,4 : 0.4026"
"4,23 : 0.153"
"23,4 : 0.153"
"4,24 : 0.4245"
"24,4 : 0.4245"
"4,25 : 0.4342"
"25,4 : 0.4342"
"4,26 : 0.609"
"26,4 : 0.609"
"4,27 : 0.26"
"27,4 : 0.26"
"4,28 : 0.9961"
"28,4 : 0.9961"
"4,29 : 0.6727"
"29,4 : 0.6727"
"4,30 : 0.8963"
"30,4 : 0.8963"
"4,31 : 0.5818"
"31,4 : 0.5818"
"4,32 : 0.6522"
"32,4 : 0.6522"
"4,33 : 0.8412"
"33,4 : 0.8412"
"4,34 : 0.6172"
"34,4 : 0.6172"
"4,35 : 0.6185"
"35,4 : 0.6185"
"4,36 : 0.8139"
"36,4 : 0.8139"
"4,37 : 0.536"
"37,4 : 0.536"
"4,38 : 0.5054"
"38,4 : 0.5054"
"4,39 : 0.3812"
"39,4 : 0.3812"
"4,40 : 0.1803"
"40,4 : 0.1803"
"4,41 : 0.4742"
"41,4 : 0.4742"
"4,42 : 0.9437"
"42,4 : 0.9437"
"4,43 : 0.5233"
"43,4 : 0.5233"
"4,44 : 1.0192"
"44,4 : 1.0192"
"4,45 : 0.82"
"45,4 : 0.82"
"4,46 : 0.211"
"46,4 : 0.211"
"4,47 : 0.5423"
"47,4 : 0.5423"
"4,48 : 0.3183"
"48,4 : 0.3183"
"4,49 : 0.586"
"49,4 : 0.586"
"5,6 : 0.4652"
"6,5 : 0.4652"
"5,7 : 0.5601"
"7,5 : 0.5601"
"5,8 : 0.3848"
"8,5 : 0.3848"
"5,9 : 0.8887"
"9,5 : 0.8887"
"5,10 : 0.6083"
"10,5 : 0.6083"
"5,11 : 1.0683"
"11,5 : 1.0683"
"5,12 : 0.5797"
"12,5 : 0.5797"
"5,13 : 0.3406"
"13,5 : 0.3406"
"5,14 : 0.8969"
"14,5 : 0.8969"
"5,15 : 0.272"
"15,5 : 0.272"
"5,16 : 0.4101"
"16,5 : 0.4101"
"5,17 : 0.4342"
"17,5 : 0.4342"
"5,18 : 0.1526"
"18,5 : 0.1526"
"5,19 : 0.9982"
"19,5 : 0.9982"
"5,20 : 0.0608"
"20,5 : 0.0608"
"5,21 : 0.3863"
"21,5 : 0.3863"
"5,22 : 0.5515"
"22,5 : 0.5515"
"5,23 : 0.7066"
"23,5 : 0.7066"
"5,24 : 0.47"
"24,5 : 0.47"
"5,25 : 0.6403"
"25,5 : 0.6403"
"5,26 : 0.6408"
"26,5 : 0.6408"
"5,27 : 0.6661"
"27,5 : 0.6661"
"5,28 : 0.4518"
"28,5 : 0.4518"
"5,29 : 0.4368"
"29,5 : 0.4368"
"5,30 : 0.8115"
"30,5 : 0.8115"
"5,31 : 0.9818"
"31,5 : 0.9818"
"5,32 : 0.7151"
"32,5 : 0.7151"
"5,33 : 0.6912"
"33,5 : 0.6912"
"5,34 : 0.3289"
"34,5 : 0.3289"
"5,35 : 0.2159"
"35,5 : 0.2159"
"5,36 : 0.3712"
"36,5 : 0.3712"
"5,37 : 0.4808"
"37,5 : 0.4808"
"5,38 : 0.3354"
"38,5 : 0.3354"
"5,39 : 0.7554"
"39,5 : 0.7554"
"5,40 : 0.6708"
"40,5 : 0.6708"
"5,41 : 0.5967"
"41,5 : 0.5967"
"5,42 : 0.7225"
"42,5 : 0.7225"
"5,43 : 0.3158"
"43,5 : 0.3158"
"5,44 : 0.2002"
"44,5 : 0.2002"
"5,45 : 0.2927"
"45,5 : 0.2927"
"5,46 : 0.6488"
"46,5 : 0.6488"
"5,47 : 0.9742"
"47,5 : 0.9742"
"5,48 : 0.5544"
"48,5 : 0.5544"
"5,49 : 0.3158"
"49,5 : 0.3158"
"6,7 : 0.236"
"7,6 : 0.236"
"6,8 : 0.0806"
"8,6 : 0.0806"
"6,9 : 0.5096"
"9,6 : 0.5096"
"6,10 : 0.3677"
"10,6 : 0.3677"
"6,11 : 0.6835"
"11,6 : 0.6835"
"6,12 : 0.45"
"12,6 : 0.45"
"6,13 : 0.2341"
"13,6 : 0.2341"
"6,14 : 0.5714"
"14,6 : 0.5714"
"6,15 : 0.3225"
"15,6 : 0.3225"
"6,16 : 0.1903"
"16,6 : 0.1903"
"6,17 : 0.09"
"17,6 : 0.09"
"6,18 : 0.3471"
"18,6 : 0.3471"
"6,19 : 0.5951"
"19,6 : 0.5951"
"6,20 : 0.5162"
"20,6 : 0.5162"
"6,21 : 0.5824"
"21,6 : 0.5824"
"6,22 : 0.1924"
"22,6 : 0.1924"
"6,23 : 0.2419"
"23,6 : 0.2419"
"6,24 : 0.2062"
"24,6 : 0.2062"
"6,25 : 0.3007"
"25,6 : 0.3007"
"6,26 : 0.4254"
"26,6 : 0.4254"
"6,27 : 0.2247"
"27,6 : 0.2247"
"6,28 : 0.661"
"28,6 : 0.661"
"6,29 : 0.372"
"29,6 : 0.372"
"6,30 : 0.7134"
"30,6 : 0.7134"
"6,31 : 0.6315"
"31,6 : 0.6315"
"6,32 : 0.4998"
"32,6 : 0.4998"
"6,33 : 0.6201"
"33,6 : 0.6201"
"6,34 : 0.3289"
"34,6 : 0.3289"
"6,35 : 0.2581"
"35,6 : 0.2581"
"6,36 : 0.481"
"36,6 : 0.481"
"6,37 : 0.3423"
"37,6 : 0.3423"
"6,38 : 0.1664"
"38,6 : 0.1664"
"6,39 : 0.4393"
"39,6 : 0.4393"
"6,40 : 0.2059"
"40,6 : 0.2059"
"6,41 : 0.3758"
"41,6 : 0.3758"
"6,42 : 0.7077"
"42,6 : 0.7077"
"6,43 : 0.178"
"43,6 : 0.178"
"6,44 : 0.6485"
"44,6 : 0.6485"
"6,45 : 0.4687"
"45,6 : 0.4687"
"6,46 : 0.186"
"46,6 : 0.186"
"6,47 : 0.6088"
"47,6 : 0.6088"
"6,48 : 0.1838"
"48,6 : 0.1838"
"6,49 : 0.2823"
"49,6 : 0.2823"
"7,8 : 0.2581"
"8,7 : 0.2581"
"7,9 : 0.68"
"9,7 : 0.68"
"7,10 : 0.5994"
"10,7 : 0.5994"
"7,11 : 0.836"
"11,7 : 0.836"
"7,12 : 0.686"
"12,7 : 0.686"
"7,13 : 0.222"
"13,7 : 0.222"
"7,14 : 0.7666"
"14,7 : 0.7666"
"7,15 : 0.3132"
"15,7 : 0.3132"
"7,16 : 0.15"
"16,7 : 0.15"
"7,17 : 0.172"
"17,7 : 0.172"
"7,18 : 0.4948"
"18,7 : 0.4948"
"7,19 : 0.7382"
"19,7 : 0.7382"
"7,20 : 0.62"
"20,7 : 0.62"
"7,21 : 0.7826"
"21,7 : 0.7826"
"7,22 : 0.4163"
"22,7 : 0.4163"
"7,23 : 0.3178"
"23,7 : 0.3178"
"7,24 : 0.0906"
"24,7 : 0.0906"
"7,25 : 0.5155"
"25,7 : 0.5155"
"7,26 : 0.6576"
"26,7 : 0.6576"
"7,27 : 0.3805"
"27,7 : 0.3805"
"7,28 : 0.8631"
"28,7 : 0.8631"
"7,29 : 0.6014"
"29,7 : 0.6014"
"7,30 : 0.9487"
"30,7 : 0.9487"
"7,31 : 0.8102"
"31,7 : 0.8102"
"7,32 : 0.7292"
"32,7 : 0.7292"
"7,33 : 0.856"
"33,7 : 0.856"
"7,34 : 0.2773"
"34,7 : 0.2773"
"7,35 : 0.3523"
"35,7 : 0.3523"
"7,36 : 0.6912"
"36,7 : 0.6912"
"7,37 : 0.1803"
"37,7 : 0.1803"
"7,38 : 0.2354"
"38,7 : 0.2354"
"7,39 : 0.2147"
"39,7 : 0.2147"
"7,40 : 0.2927"
"40,7 : 0.2927"
"7,41 : 0.1513"
"41,7 : 0.1513"
"7,42 : 0.9426"
"42,7 : 0.9426"
"7,43 : 0.255"
"43,7 : 0.255"
"7,44 : 0.76"
"44,7 : 0.76"
"7,45 : 0.6621"
"45,7 : 0.6621"
"7,46 : 0.3002"
"46,7 : 0.3002"
"7,47 : 0.7801"
"47,7 : 0.7801"
"7,48 : 0.0608"
"48,7 : 0.0608"
"7,49 : 0.2596"
"49,7 : 0.2596"
"8,9 : 0.5701"
"9,8 : 0.5701"
"8,10 : 0.3864"
"10,8 : 0.3864"
"8,11 : 0.7473"
"11,8 : 0.7473"
"8,12 : 0.4472"
"12,8 : 0.4472"
"8,13 : 0.1803"
"13,8 : 0.1803"
"8,14 : 0.6198"
"14,8 : 0.6198"
"8,15 : 0.2563"
"15,8 : 0.2563"
"8,16 : 0.1616"
"16,8 : 0.1616"
"8,17 : 0.086"
"17,8 : 0.086"
"8,18 : 0.2717"
"18,8 : 0.2717"
"8,19 : 0.6624"
"19,8 : 0.6624"
"8,20 : 0.4366"
"20,8 : 0.4366"
"8,21 : 0.5292"
"21,8 : 0.5292"
"8,22 : 0.2335"
"22,8 : 0.2335"
"8,23 : 0.3225"
"23,8 : 0.3225"
"8,24 : 0.2"
"24,8 : 0.2"
"8,25 : 0.3437"
"25,8 : 0.3437"
"8,26 : 0.4415"
"26,8 : 0.4415"
"8,27 : 0.2983"
"27,8 : 0.2983"
"8,28 : 0.6093"
"28,8 : 0.6093"
"8,29 : 0.3471"
"29,8 : 0.3471"
"8,30 : 0.7159"
"30,8 : 0.7159"
"8,31 : 0.6868"
"31,8 : 0.6868"
"8,32 : 0.5197"
"32,8 : 0.5197"
"8,33 : 0.614"
"33,8 : 0.614"
"8,34 : 0.2729"
"34,8 : 0.2729"
"8,35 : 0.178"
"35,8 : 0.178"
"8,36 : 0.4342"
"36,8 : 0.4342"
"8,37 : 0.3195"
"37,8 : 0.3195"
"8,38 : 0.102"
"38,8 : 0.102"
"8,39 : 0.4717"
"39,8 : 0.4717"
"8,40 : 0.2865"
"40,8 : 0.2865"
"8,41 : 0.378"
"41,8 : 0.378"
"8,42 : 0.694"
"42,8 : 0.694"
"8,43 : 0.1077"
"43,8 : 0.1077"
"8,44 : 0.5701"
"44,8 : 0.5701"
"8,45 : 0.4111"
"45,8 : 0.4111"
"8,46 : 0.2663"
"46,8 : 0.2663"
"8,47 : 0.6673"
"47,8 : 0.6673"
"8,48 : 0.2193"
"48,8 : 0.2193"
"8,49 : 0.2236"
"49,8 : 0.2236"
"9,10 : 0.3176"
"10,9 : 0.3176"
"9,11 : 0.1803"
"11,9 : 0.1803"
"9,12 : 0.4301"
"12,9 : 0.4301"
"9,13 : 0.7433"
"13,9 : 0.7433"
"9,14 : 0.1281"
"14,9 : 0.1281"
"9,15 : 0.8264"
"15,9 : 0.8264"
"9,16 : 0.6963"
"16,9 : 0.6963"
"9,17 : 0.5967"
"17,9 : 0.5967"
"9,18 : 0.7376"
"18,9 : 0.7376"
"9,19 : 0.1208"
"19,9 : 0.1208"
"9,20 : 0.9202"
"20,9 : 0.9202"
"9,21 : 0.7739"
"21,9 : 0.7739"
"9,22 : 0.3448"
"22,9 : 0.3448"
"9,23 : 0.3766"
"23,9 : 0.3766"
"9,24 : 0.6958"
"24,9 : 0.6958"
"9,25 : 0.2484"
"25,9 : 0.2484"
"9,26 : 0.3257"
"26,9 : 0.3257"
"9,27 : 0.3007"
"27,9 : 0.3007"
"9,28 : 0.8228"
"28,9 : 0.8228"
"9,29 : 0.5162"
"29,9 : 0.5162"
"9,30 : 0.5239"
"30,9 : 0.5239"
"9,31 : 0.1315"
"31,9 : 0.1315"
"9,32 : 0.3106"
"32,9 : 0.3106"
"9,33 : 0.52"
"33,9 : 0.52"
"9,34 : 0.8382"
"34,9 : 0.8382"
"9,35 : 0.7295"
"35,9 : 0.7295"
"9,36 : 0.6712"
"36,9 : 0.6712"
"9,37 : 0.836"
"37,9 : 0.836"
"9,38 : 0.6707"
"38,9 : 0.6707"
"9,39 : 0.8028"
"39,9 : 0.8028"
"9,40 : 0.392"
"40,9 : 0.392"
"9,41 : 0.8302"
"41,9 : 0.8302"
"9,42 : 0.6207"
"42,9 : 0.6207"
"9,43 : 0.6778"
"43,9 : 0.6778"
"9,44 : 1.0198"
"44,9 : 1.0198"
"9,45 : 0.7211"
"45,9 : 0.7211"
"9,46 : 0.3801"
"46,9 : 0.3801"
"9,47 : 0.1005"
"47,9 : 0.1005"
"9,48 : 0.6201"
"48,9 : 0.6201"
"9,49 : 0.7906"
"49,9 : 0.7906"
"10,11 : 0.4841"
"11,10 : 0.4841"
"10,12 : 0.1315"
"12,10 : 0.1315"
"10,13 : 0.5632"
"13,10 : 0.5632"
"10,14 : 0.2921"
"14,10 : 0.2921"
"10,15 : 0.6203"
"15,10 : 0.6203"
"10,16 : 0.5457"
"16,10 : 0.5457"
"10,17 : 0.4522"
"17,10 : 0.4522"
"10,18 : 0.4562"
"18,10 : 0.4562"
"10,19 : 0.4383"
"19,10 : 0.4383"
"10,20 : 0.6297"
"20,10 : 0.6297"
"10,21 : 0.4569"
"21,10 : 0.4569"
"10,22 : 0.186"
"22,10 : 0.186"
"10,23 : 0.4134"
"23,10 : 0.4134"
"10,24 : 0.5725"
"24,10 : 0.5725"
"10,25 : 0.1265"
"25,10 : 0.1265"
"10,26 : 0.0583"
"26,10 : 0.0583"
"10,27 : 0.3002"
"27,10 : 0.3002"
"10,28 : 0.5096"
"28,10 : 0.5096"
"10,29 : 0.2"
"29,10 : 0.2"
"10,30 : 0.3547"
"30,10 : 0.3547"
"10,31 : 0.3821"
"31,10 : 0.3821"
"10,32 : 0.1334"
"32,10 : 0.1334"
"10,33 : 0.283"
"33,10 : 0.283"
"10,34 : 0.6507"
"34,10 : 0.6507"
"10,35 : 0.495"
"35,10 : 0.495"
"10,36 : 0.3536"
"36,10 : 0.3536"
"10,37 : 0.7034"
"37,10 : 0.7034"
"10,38 : 0.4826"
"38,10 : 0.4826"
"10,39 : 0.786"
"39,10 : 0.786"
"10,40 : 0.4"
"40,10 : 0.4"
"10,41 : 0.7432"
"41,10 : 0.7432"
"10,42 : 0.3847"
"42,10 : 0.3847"
"10,43 : 0.4809"
"43,10 : 0.4809"
"10,44 : 0.7151"
"44,10 : 0.7151"
"10,45 : 0.4061"
"45,10 : 0.4061"
"10,46 : 0.3701"
"46,10 : 0.3701"
"10,47 : 0.3829"
"47,10 : 0.3829"
"10,48 : 0.542"
"48,10 : 0.542"
"10,49 : 0.6007"
"49,10 : 0.6007"
"11,12 : 0.5818"
"12,11 : 0.5818"
"11,13 : 0.9176"
"13,11 : 0.9176"
"11,14 : 0.2119"
"14,11 : 0.2119"
"11,15 : 1.0032"
"15,11 : 1.0032"
"11,16 : 0.8668"
"16,11 : 0.8668"
"11,17 : 0.7684"
"17,11 : 0.7684"
"11,18 : 0.9168"
"18,11 : 0.9168"
"11,19 : 0.1005"
"19,11 : 0.1005"
"11,20 : 1.0988"
"20,11 : 1.0988"
"11,21 : 0.933"
"21,11 : 0.933"
"11,22 : 0.5248"
"22,11 : 0.5248"
"11,23 : 0.5209"
"23,11 : 0.5209"
"11,24 : 0.8612"
"24,11 : 0.8612"
"11,25 : 0.428"
"25,11 : 0.428"
"11,26 : 0.4802"
"26,11 : 0.4802"
"11,27 : 0.4657"
"27,11 : 0.4657"
"11,28 : 0.9749"
"28,11 : 0.9749"
"11,29 : 0.6841"
"29,11 : 0.6841"
"11,30 : 0.6107"
"30,11 : 0.6107"
"11,31 : 0.1217"
"31,11 : 0.1217"
"11,32 : 0.4438"
"32,11 : 0.4438"
"11,33 : 0.6379"
"33,11 : 0.6379"
"11,34 : 1.0124"
"34,11 : 1.0124"
"11,35 : 0.9092"
"35,11 : 0.9092"
"11,36 : 0.8349"
"36,11 : 0.8349"
"11,37 : 1.0002"
"37,11 : 1.0002"
"11,38 : 0.8469"
"38,11 : 0.8469"
"11,39 : 0.9343"
"39,11 : 0.9343"
"11,40 : 0.5433"
"40,11 : 0.5433"
"11,41 : 0.9833"
"41,11 : 0.9833"
"11,42 : 0.7299"
"42,11 : 0.7299"
"11,43 : 0.8549"
"43,11 : 0.8549"
"11,44 : 1.1952"
"44,11 : 1.1952"
"11,45 : 0.8902"
"45,11 : 0.8902"
"11,46 : 0.5376"
"46,11 : 0.5376"
"11,47 : 0.103"
"47,11 : 0.103"
"11,48 : 0.7778"
"48,11 : 0.7778"
"11,49 : 0.9657"
"49,11 : 0.9657"
"12,13 : 0.6103"
"13,12 : 0.6103"
"12,14 : 0.3744"
"14,12 : 0.3744"
"12,15 : 0.6494"
"15,12 : 0.6494"
"12,16 : 0.6084"
"16,12 : 0.6084"
"12,17 : 0.5248"
"17,12 : 0.5248"
"12,18 : 0.4357"
"18,12 : 0.4357"
"12,19 : 0.5503"
"19,12 : 0.5503"
"12,20 : 0.5887"
"20,12 : 0.5887"
"12,21 : 0.3523"
"21,12 : 0.3523"
"12,22 : 0.2941"
"22,12 : 0.2941"
"12,23 : 0.5367"
"23,12 : 0.5367"
"12,24 : 0.645"
"24,12 : 0.645"
"12,25 : 0.2571"
"25,12 : 0.2571"
"12,26 : 0.1044"
"26,12 : 0.1044"
"12,27 : 0.4254"
"27,12 : 0.4254"
"12,28 : 0.394"
"28,12 : 0.394"
"12,29 : 0.1432"
"29,12 : 0.1432"
"12,30 : 0.2693"
"30,12 : 0.2693"
"12,31 : 0.4687"
"31,12 : 0.4687"
"12,32 : 0.1487"
"32,12 : 0.1487"
"12,33 : 0.1703"
"33,12 : 0.1703"
"12,34 : 0.6888"
"34,12 : 0.6888"
"12,35 : 0.5135"
"35,12 : 0.5135"
"12,36 : 0.2617"
"36,12 : 0.2617"
"12,37 : 0.7656"
"37,12 : 0.7656"
"12,38 : 0.5314"
"38,12 : 0.5314"
"12,39 : 0.8846"
"39,12 : 0.8846"
"12,40 : 0.5197"
"40,12 : 0.5197"
"12,41 : 0.8215"
"41,12 : 0.8215"
"12,42 : 0.264"
"42,12 : 0.264"
"12,43 : 0.525"
"43,12 : 0.525"
"12,44 : 0.6519"
"44,12 : 0.6519"
"12,45 : 0.3302"
"45,12 : 0.3302"
"12,46 : 0.4888"
"46,12 : 0.4888"
"12,47 : 0.4789"
"47,12 : 0.4789"
"12,48 : 0.6325"
"48,12 : 0.6325"
"12,49 : 0.6403"
"49,12 : 0.6403"
"13,14 : 0.7991"
"14,13 : 0.7991"
"13,15 : 0.1"
"15,13 : 0.1"
"13,16 : 0.0762"
"16,13 : 0.0762"
"13,17 : 0.1526"
"17,13 : 0.1526"
"13,18 : 0.3002"
"18,13 : 0.3002"
"13,19 : 0.8286"
"19,13 : 0.8286"
"13,20 : 0.4011"
"20,13 : 0.4011"
"13,21 : 0.6122"
"21,13 : 0.6122"
"13,22 : 0.413"
"22,13 : 0.413"
"13,23 : 0.4469"
"23,13 : 0.4469"
"13,24 : 0.1315"
"24,13 : 0.1315"
"13,25 : 0.5235"
"25,13 : 0.5235"
"13,26 : 0.6166"
"26,13 : 0.6166"
"13,27 : 0.4562"
"27,13 : 0.4562"
"13,28 : 0.692"
"28,13 : 0.692"
"13,29 : 0.4919"
"29,13 : 0.4919"
"13,30 : 0.8792"
"30,13 : 0.8792"
"13,31 : 0.8635"
"31,13 : 0.8635"
"13,32 : 0.6958"
"32,13 : 0.6958"
"13,33 : 0.7708"
"33,13 : 0.7708"
"13,34 : 0.0949"
"34,13 : 0.0949"
"13,35 : 0.1476"
"35,13 : 0.1476"
"13,36 : 0.5376"
"36,13 : 0.5376"
"13,37 : 0.1697"
"37,13 : 0.1697"
"13,38 : 0.0806"
"38,13 : 0.0806"
"13,39 : 0.4159"
"39,13 : 0.4159"
"13,40 : 0.4123"
"40,13 : 0.4123"
"13,41 : 0.2683"
"41,13 : 0.2683"
"13,42 : 0.8412"
"42,13 : 0.8412"
"13,43 : 0.0854"
"43,13 : 0.0854"
"13,44 : 0.5408"
"44,13 : 0.5408"
"13,45 : 0.4904"
"45,13 : 0.4904"
"13,46 : 0.4022"
"46,13 : 0.4022"
"13,47 : 0.842"
"47,13 : 0.842"
"13,48 : 0.2285"
"48,13 : 0.2285"
"13,49 : 0.05"
"49,13 : 0.05"
"14,15 : 0.8732"
"15,14 : 0.8732"
"14,16 : 0.7616"
"16,14 : 0.7616"
"14,17 : 0.6612"
"17,14 : 0.6612"
"14,18 : 0.7443"
"18,14 : 0.7443"
"14,19 : 0.2121"
"19,14 : 0.2121"
"14,20 : 0.9209"
"20,14 : 0.9209"
"14,21 : 0.7267"
"21,14 : 0.7267"
"14,22 : 0.3864"
"22,14 : 0.3864"
"14,23 : 0.481"
"23,14 : 0.481"
"14,24 : 0.7701"
"24,14 : 0.7701"
"14,25 : 0.2766"
"25,14 : 0.2766"
"14,26 : 0.2766"
"26,14 : 0.2766"
"14,27 : 0.3883"
"27,14 : 0.3883"
"14,28 : 0.7654"
"28,14 : 0.7654"
"14,29 : 0.488"
"29,14 : 0.488"
"14,30 : 0.4119"
"30,14 : 0.4119"
"14,31 : 0.0943"
"31,14 : 0.0943"
"14,32 : 0.2326"
"32,14 : 0.2326"
"14,33 : 0.4276"
"33,14 : 0.4276"
"14,34 : 0.8927"
"34,14 : 0.8927"
"14,35 : 0.7622"
"35,14 : 0.7622"
"14,36 : 0.6325"
"36,14 : 0.6325"
"14,37 : 0.91"
"37,14 : 0.91"
"14,38 : 0.7218"
"38,14 : 0.7218"
"14,39 : 0.9076"
"39,14 : 0.9076"
"14,40 : 0.4904"
"40,14 : 0.4904"
"14,41 : 0.9179"
"41,14 : 0.9179"
"14,42 : 0.5224"
"42,14 : 0.5224"
"14,43 : 0.7257"
"43,14 : 0.7257"
"14,44 : 1.0066"
"44,14 : 1.0066"
"14,45 : 0.6931"
"45,14 : 0.6931"
"14,46 : 0.473"
"46,14 : 0.473"
"14,47 : 0.1118"
"47,14 : 0.1118"
"14,48 : 0.7058"
"48,14 : 0.7058"
"14,49 : 0.8434"
"49,14 : 0.8434"
"15,16 : 0.1749"
"16,15 : 0.1749"
"15,17 : 0.2484"
"17,15 : 0.2484"
"15,18 : 0.2766"
"18,15 : 0.2766"
"15,19 : 0.9168"
"19,15 : 0.9168"
"15,20 : 0.3324"
"20,15 : 0.3324"
"15,21 : 0.5946"
"21,15 : 0.5946"
"15,22 : 0.4876"
"22,15 : 0.4876"
"15,23 : 0.5449"
"23,15 : 0.5449"
"15,24 : 0.2247"
"24,15 : 0.2247"
"15,25 : 0.5967"
"25,15 : 0.5967"
"15,26 : 0.6701"
"26,15 : 0.6701"
"15,27 : 0.5471"
"27,15 : 0.5471"
"15,28 : 0.6718"
"28,15 : 0.6718"
"15,29 : 0.5192"
"29,15 : 0.5192"
"15,30 : 0.9144"
"30,15 : 0.9144"
"15,31 : 0.9425"
"31,15 : 0.9425"
"15,32 : 0.7501"
"32,15 : 0.7501"
"15,33 : 0.8008"
"33,15 : 0.8008"
"15,34 : 0.0583"
"34,15 : 0.0583"
"15,35 : 0.1393"
"35,15 : 0.1393"
"15,36 : 0.5354"
"36,15 : 0.5354"
"15,37 : 0.2088"
"37,15 : 0.2088"
"15,38 : 0.1565"
"38,15 : 0.1565"
"15,39 : 0.4901"
"39,15 : 0.4901"
"15,40 : 0.5099"
"40,15 : 0.5099"
"15,41 : 0.3256"
"41,15 : 0.3256"
"15,42 : 0.8616"
"42,15 : 0.8616"
"15,43 : 0.1487"
"43,15 : 0.1487"
"15,44 : 0.4687"
"44,15 : 0.4687"
"15,45 : 0.4763"
"45,15 : 0.4763"
"15,46 : 0.4982"
"46,15 : 0.4982"
"15,47 : 0.9236"
"47,15 : 0.9236"
"15,48 : 0.3265"
"48,15 : 0.3265"
"15,49 : 0.0539"
"49,15 : 0.0539"
"16,17 : 0.1005"
"17,16 : 0.1005"
"16,18 : 0.3511"
"18,16 : 0.3511"
"16,19 : 0.7749"
"19,16 : 0.7749"
"16,20 : 0.47"
"20,16 : 0.47"
"16,21 : 0.6519"
"21,16 : 0.6519"
"16,22 : 0.3805"
"22,16 : 0.3805"
"16,23 : 0.3801"
"23,16 : 0.3801"
"16,24 : 0.0608"
"24,16 : 0.0608"
"16,25 : 0.4901"
"25,16 : 0.4901"
"16,26 : 0.6017"
"26,16 : 0.6017"
"16,27 : 0.4016"
"27,16 : 0.4016"
"16,28 : 0.7325"
"28,16 : 0.7325"
"16,29 : 0.5022"
"29,16 : 0.5022"
"16,30 : 0.8773"
"30,16 : 0.8773"
"16,31 : 0.8204"
"31,16 : 0.8204"
"16,32 : 0.6791"
"32,16 : 0.6791"
"16,33 : 0.7741"
"33,16 : 0.7741"
"16,34 : 0.1562"
"34,16 : 0.1562"
"16,35 : 0.204"
"35,16 : 0.204"
"16,36 : 0.5685"
"36,16 : 0.5685"
"16,37 : 0.1581"
"37,16 : 0.1581"
"16,38 : 0.0943"
"38,16 : 0.0943"
"16,39 : 0.3544"
"39,16 : 0.3544"
"16,40 : 0.3467"
"40,16 : 0.3467"
"16,41 : 0.2267"
"41,16 : 0.2267"
"16,42 : 0.8515"
"42,16 : 0.8515"
"16,43 : 0.1118"
"43,16 : 0.1118"
"16,44 : 0.61"
"44,16 : 0.61"
"16,45 : 0.53"
"45,16 : 0.53"
"16,46 : 0.34"
"46,16 : 0.34"
"16,47 : 0.7962"
"47,16 : 0.7962"
"16,48 : 0.1523"
"48,16 : 0.1523"
"16,49 : 0.1221"
"49,16 : 0.1221"
"17,18 : 0.3406"
"18,17 : 0.3406"
"17,19 : 0.6778"
"19,17 : 0.6778"
"17,20 : 0.4903"
"20,17 : 0.4903"
"17,21 : 0.6133"
"21,17 : 0.6133"
"17,22 : 0.2816"
"22,17 : 0.2816"
"17,23 : 0.297"
"23,17 : 0.297"
"17,24 : 0.1208"
"24,17 : 0.1208"
"17,25 : 0.3905"
"25,17 : 0.3905"
"17,26 : 0.5092"
"26,17 : 0.5092"
"17,27 : 0.3046"
"27,17 : 0.3046"
"17,28 : 0.6935"
"28,17 : 0.6935"
"17,29 : 0.4314"
"29,17 : 0.4314"
"17,30 : 0.7918"
"30,17 : 0.7918"
"17,31 : 0.7201"
"31,17 : 0.7201"
"17,32 : 0.5852"
"32,17 : 0.5852"
"17,33 : 0.6934"
"33,17 : 0.6934"
"17,34 : 0.246"
"34,17 : 0.246"
"17,35 : 0.2184"
"35,17 : 0.2184"
"17,36 : 0.5197"
"36,17 : 0.5197"
"17,37 : 0.2532"
"37,17 : 0.2532"
"17,38 : 0.103"
"38,17 : 0.103"
"17,39 : 0.3859"
"39,17 : 0.3859"
"17,40 : 0.2617"
"40,17 : 0.2617"
"17,41 : 0.2968"
"41,17 : 0.2968"
"17,42 : 0.7762"
"42,17 : 0.7762"
"17,43 : 0.1208"
"43,17 : 0.1208"
"17,44 : 0.628"
"44,17 : 0.628"
"17,45 : 0.494"
"45,17 : 0.494"
"17,46 : 0.25"
"46,17 : 0.25"
"17,47 : 0.6963"
"47,17 : 0.6963"
"17,48 : 0.136"
"48,17 : 0.136"
"17,49 : 0.2025"
"49,17 : 0.2025"
"18,19 : 0.8486"
"19,18 : 0.8486"
"18,20 : 0.1844"
"20,18 : 0.1844"
"18,21 : 0.3183"
"21,18 : 0.3183"
"18,22 : 0.4046"
"22,18 : 0.4046"
"18,23 : 0.5819"
"23,18 : 0.5819"
"18,24 : 0.4111"
"24,18 : 0.4111"
"18,25 : 0.4892"
"25,18 : 0.4892"
"18,26 : 0.4904"
"26,18 : 0.4904"
"18,27 : 0.5284"
"27,18 : 0.5284"
"18,28 : 0.3962"
"28,18 : 0.3962"
"18,29 : 0.2927"
"29,18 : 0.2927"
"18,30 : 0.6807"
"30,18 : 0.6807"
"18,31 : 0.8293"
"31,18 : 0.8293"
"18,32 : 0.5661"
"32,18 : 0.5661"
"18,33 : 0.5614"
"33,18 : 0.5614"
"18,34 : 0.3324"
"34,18 : 0.3324"
"18,35 : 0.1526"
"35,18 : 0.1526"
"18,36 : 0.264"
"36,18 : 0.264"
"18,37 : 0.4662"
"37,18 : 0.4662"
"18,38 : 0.2596"
"38,18 : 0.2596"
"18,39 : 0.7052"
"39,18 : 0.7052"
"18,40 : 0.5471"
"40,18 : 0.5471"
"18,41 : 0.5682"
"41,18 : 0.5682"
"18,42 : 0.6064"
"42,18 : 0.6064"
"18,43 : 0.2404"
"43,18 : 0.2404"
"18,44 : 0.3046"
"44,18 : 0.3046"
"18,45 : 0.2"
"45,18 : 0.2"
"18,46 : 0.522"
"46,18 : 0.522"
"18,47 : 0.822"
"47,18 : 0.822"
"18,48 : 0.4738"
"48,18 : 0.4738"
"18,49 : 0.2983"
"49,18 : 0.2983"
"19,20 : 1.0324"
"20,19 : 1.0324"
"19,21 : 0.8947"
"21,19 : 0.8947"
"19,22 : 0.4482"
"22,19 : 0.4482"
"19,23 : 0.4219"
"23,19 : 0.4219"
"19,24 : 0.7666"
"24,19 : 0.7666"
"19,25 : 0.3612"
"25,19 : 0.3612"
"19,26 : 0.446"
"26,19 : 0.446"
"19,27 : 0.3734"
"27,19 : 0.3734"
"19,28 : 0.9434"
"28,19 : 0.9434"
"19,29 : 0.6363"
"29,19 : 0.6363"
"19,30 : 0.6239"
"30,19 : 0.6239"
"19,31 : 0.1526"
"31,19 : 0.1526"
"19,32 : 0.4258"
"32,19 : 0.4258"
"19,33 : 0.632"
"33,19 : 0.632"
"19,34 : 0.9231"
"34,19 : 0.9231"
"19,35 : 0.8293"
"35,19 : 0.8293"
"19,36 : 0.7918"
"36,19 : 0.7918"
"19,37 : 0.9047"
"37,19 : 0.9047"
"19,38 : 0.7603"
"38,19 : 0.7603"
"19,39 : 0.8338"
"39,19 : 0.8338"
"19,40 : 0.4455"
"40,19 : 0.4455"
"19,41 : 0.8846"
"41,19 : 0.8846"
"19,42 : 0.7303"
"42,19 : 0.7303"
"19,43 : 0.7694"
"43,19 : 0.7694"
"19,44 : 1.1357"
"44,19 : 1.1357"
"19,45 : 0.8406"
"45,19 : 0.8406"
"19,46 : 0.4415"
"46,19 : 0.4415"
"19,47 : 0.1118"
"47,19 : 0.1118"
"19,48 : 0.6807"
"48,19 : 0.6807"
"19,49 : 0.8773"
"49,19 : 0.8773"
"20,21 : 0.359"
"21,20 : 0.359"
"20,22 : 0.589"
"22,20 : 0.589"
"20,23 : 0.7564"
"23,20 : 0.7564"
"20,24 : 0.5301"
"24,20 : 0.5301"
"20,25 : 0.6721"
"25,20 : 0.6721"
"20,26 : 0.6576"
"26,20 : 0.6576"
"20,27 : 0.7102"
"27,20 : 0.7102"
"20,28 : 0.4179"
"28,20 : 0.4179"
"20,29 : 0.4478"
"29,20 : 0.4478"
"20,30 : 0.8075"
"30,20 : 0.8075"
"20,31 : 1.008"
"31,20 : 1.008"
"20,32 : 0.7292"
"32,20 : 0.7292"
"20,33 : 0.6873"
"33,20 : 0.6873"
"20,34 : 0.389"
"34,20 : 0.389"
"20,35 : 0.2729"
"35,20 : 0.2729"
"20,36 : 0.3612"
"36,20 : 0.3612"
"20,37 : 0.5412"
"37,20 : 0.5412"
"20,38 : 0.3932"
"38,20 : 0.3932"
"20,39 : 0.8161"
"39,20 : 0.8161"
"20,40 : 0.7209"
"40,20 : 0.7209"
"20,41 : 0.6573"
"41,20 : 0.6573"
"20,42 : 0.71"
"42,20 : 0.71"
"20,43 : 0.3734"
"43,20 : 0.3734"
"20,44 : 0.14"
"44,20 : 0.14"
"20,45 : 0.2807"
"45,20 : 0.2807"
"20,46 : 0.6978"
"46,20 : 0.6978"
"20,47 : 1.0026"
"47,20 : 1.0026"
"20,48 : 0.6129"
"48,20 : 0.6129"
"20,49 : 0.3766"
"49,20 : 0.3766"
"21,22 : 0.5308"
"22,21 : 0.5308"
"21,23 : 0.771"
"23,21 : 0.771"
"21,24 : 0.7083"
"24,21 : 0.7083"
"21,25 : 0.5579"
"25,21 : 0.5579"
"21,26 : 0.4528"
"26,21 : 0.4528"
"21,27 : 0.6807"
"27,21 : 0.6807"
"21,28 : 0.0806"
"28,21 : 0.0806"
"21,29 : 0.2668"
"29,21 : 0.2668"
"21,30 : 0.4885"
"30,21 : 0.4885"
"21,31 : 0.821"
"31,21 : 0.821"
"21,32 : 0.4982"
"32,21 : 0.4982"
"21,33 : 0.3759"
"33,21 : 0.3759"
"21,34 : 0.6507"
"34,21 : 0.6507"
"21,35 : 0.4675"
"35,21 : 0.4675"
"21,36 : 0.1105"
"36,21 : 0.1105"
"21,37 : 0.781"
"37,21 : 0.781"
"21,38 : 0.5576"
"38,21 : 0.5576"
"21,39 : 0.9973"
"39,21 : 0.9973"
"21,40 : 0.7424"
"40,21 : 0.7424"
"21,41 : 0.8766"
"41,21 : 0.8766"
"21,42 : 0.3688"
"42,21 : 0.3688"
"21,43 : 0.5408"
"43,21 : 0.5408"
"21,44 : 0.3551"
"44,21 : 0.3551"
"21,45 : 0.1221"
"45,21 : 0.1221"
"21,46 : 0.7118"
"46,21 : 0.7118"
"21,47 : 0.8301"
"47,21 : 0.8301"
"21,48 : 0.7485"
"48,21 : 0.7485"
"21,49 : 0.6155"
"49,21 : 0.6155"
"22,23 : 0.25"
"23,22 : 0.25"
"22,24 : 0.3981"
"24,22 : 0.3981"
"22,25 : 0.1105"
"25,22 : 0.1105"
"22,26 : 0.2441"
"26,22 : 0.2441"
"22,27 : 0.15"
"27,22 : 0.15"
"22,28 : 0.6001"
"28,22 : 0.6001"
"22,29 : 0.2717"
"29,22 : 0.2717"
"22,30 : 0.5404"
"30,22 : 0.5404"
"22,31 : 0.4554"
"31,22 : 0.4554"
"22,32 : 0.313"
"32,22 : 0.313"
"22,33 : 0.461"
"33,22 : 0.461"
"22,34 : 0.5064"
"34,22 : 0.5064"
"22,35 : 0.3847"
"35,22 : 0.3847"
"22,36 : 0.4205"
"36,22 : 0.4205"
"22,37 : 0.5346"
"37,22 : 0.5346"
"22,38 : 0.3354"
"38,22 : 0.3354"
"22,39 : 0.6"
"39,22 : 0.6"
"22,40 : 0.2285"
"40,22 : 0.2285"
"22,41 : 0.563"
"41,22 : 0.563"
"22,42 : 0.558"
"42,22 : 0.558"
"22,43 : 0.3396"
"43,22 : 0.3396"
"22,44 : 0.7018"
"44,22 : 0.7018"
"22,45 : 0.4415"
"45,22 : 0.4415"
"22,46 : 0.197"
"46,22 : 0.197"
"22,47 : 0.4386"
"47,22 : 0.4386"
"22,48 : 0.3578"
"48,22 : 0.3578"
"22,49 : 0.4571"
"49,22 : 0.4571"
"23,24 : 0.3578"
"24,23 : 0.3578"
"23,25 : 0.2921"
"25,23 : 0.2921"
"23,26 : 0.4662"
"26,23 : 0.4662"
"23,27 : 0.114"
"27,23 : 0.114"
"23,28 : 0.8438"
"28,23 : 0.8438"
"23,29 : 0.5197"
"29,23 : 0.5197"
"23,30 : 0.7593"
"30,23 : 0.7593"
"23,31 : 0.508"
"31,23 : 0.508"
"23,32 : 0.5166"
"32,23 : 0.5166"
"23,33 : 0.6964"
"33,23 : 0.6964"
"23,34 : 0.536"
"34,23 : 0.536"
"23,35 : 0.4993"
"35,23 : 0.4993"
"23,36 : 0.6619"
"36,23 : 0.6619"
"23,37 : 0.4904"
"37,23 : 0.4904"
"23,38 : 0.397"
"38,23 : 0.397"
"23,39 : 0.4272"
"39,23 : 0.4272"
"23,40 : 0.0361"
"40,23 : 0.0361"
"23,41 : 0.4627"
"41,23 : 0.4627"
"23,42 : 0.7976"
"42,23 : 0.7976"
"23,43 : 0.4123"
"43,23 : 0.4123"
"23,44 : 0.886"
"44,23 : 0.886"
"23,45 : 0.6707"
"45,23 : 0.6707"
"23,46 : 0.0608"
"46,23 : 0.0608"
"23,47 : 0.4738"
"47,23 : 0.4738"
"23,48 : 0.2625"
"48,23 : 0.2625"
"23,49 : 0.4968"
"49,23 : 0.4968"
"24,25 : 0.5049"
"25,24 : 0.5049"
"24,26 : 0.6297"
"26,24 : 0.6297"
"24,27 : 0.3962"
"27,24 : 0.3962"
"24,28 : 0.7889"
"28,24 : 0.7889"
"24,29 : 0.5467"
"29,24 : 0.5467"
"24,30 : 0.9124"
"30,24 : 0.9124"
"24,31 : 0.823"
"31,24 : 0.823"
"24,32 : 0.7052"
"32,24 : 0.7052"
"24,33 : 0.813"
"33,24 : 0.813"
"24,34 : 0.1942"
"34,24 : 0.1942"
"24,35 : 0.2648"
"35,24 : 0.2648"
"24,36 : 0.622"
"36,24 : 0.622"
"24,37 : 0.1404"
"37,24 : 0.1404"
"24,38 : 0.1523"
"38,24 : 0.1523"
"24,39 : 0.2941"
"39,24 : 0.2941"
"24,40 : 0.327"
"40,24 : 0.327"
"24,41 : 0.178"
"41,24 : 0.178"
"24,42 : 0.894"
"42,24 : 0.894"
"24,43 : 0.1709"
"43,24 : 0.1709"
"24,44 : 0.6701"
"44,24 : 0.6701"
"24,45 : 0.5867"
"45,24 : 0.5867"
"24,46 : 0.3257"
"46,24 : 0.3257"
"24,47 : 0.7963"
"47,24 : 0.7963"
"24,48 : 0.1063"
"48,24 : 0.1063"
"24,49 : 0.1709"
"49,24 : 0.1709"
"25,26 : 0.1749"
"26,25 : 0.1749"
"25,27 : 0.178"
"27,25 : 0.178"
"25,28 : 0.6181"
"28,25 : 0.6181"
"25,29 : 0.2912"
"29,25 : 0.2912"
"25,30 : 0.4675"
"30,25 : 0.4675"
"25,31 : 0.3493"
"31,25 : 0.3493"
"25,32 : 0.2267"
"32,25 : 0.2267"
"25,33 : 0.4071"
"33,25 : 0.4071"
"25,34 : 0.6166"
"34,25 : 0.6166"
"25,35 : 0.4885"
"35,25 : 0.4885"
"25,36 : 0.4492"
"36,25 : 0.4492"
"25,37 : 0.6428"
"37,25 : 0.6428"
"25,38 : 0.4455"
"38,25 : 0.4455"
"25,39 : 0.686"
"39,25 : 0.686"
"25,40 : 0.2828"
"40,25 : 0.2828"
"25,41 : 0.6648"
"41,25 : 0.6648"
"25,42 : 0.5099"
"42,25 : 0.5099"
"25,43 : 0.4491"
"43,25 : 0.4491"
"25,44 : 0.7747"
"44,25 : 0.7747"
"25,45 : 0.4875"
"45,25 : 0.4875"
"25,46 : 0.255"
"46,25 : 0.255"
"25,47 : 0.3362"
"47,25 : 0.3362"
"25,48 : 0.4554"
"48,25 : 0.4554"
"25,49 : 0.5672"
"49,25 : 0.5672"
"26,27 : 0.3523"
"27,26 : 0.3523"
"26,28 : 0.4977"
"28,26 : 0.4977"
"26,29 : 0.214"
"29,26 : 0.214"
"26,30 : 0.2973"
"30,26 : 0.2973"
"26,31 : 0.3701"
"31,26 : 0.3701"
"26,32 : 0.08"
"32,26 : 0.08"
"26,33 : 0.2326"
"33,26 : 0.2326"
"26,34 : 0.7026"
"34,26 : 0.7026"
"26,35 : 0.5415"
"35,26 : 0.5415"
"26,36 : 0.3561"
"36,26 : 0.3561"
"26,37 : 0.7596"
"37,26 : 0.7596"
"26,38 : 0.536"
"38,26 : 0.536"
"26,39 : 0.844"
"39,26 : 0.844"
"26,40 : 0.4545"
"40,26 : 0.4545"
"26,41 : 0.8011"
"41,26 : 0.8011"
"26,42 : 0.3362"
"42,26 : 0.3362"
"26,43 : 0.5334"
"43,26 : 0.5334"
"26,44 : 0.7341"
"44,26 : 0.7341"
"26,45 : 0.4173"
"45,26 : 0.4173"
"26,46 : 0.4252"
"46,26 : 0.4252"
"26,47 : 0.3774"
"47,26 : 0.3774"
"26,48 : 0.6003"
"48,26 : 0.6003"
"26,49 : 0.6528"
"49,26 : 0.6528"
"27,28 : 0.7501"
"28,27 : 0.7501"
"27,29 : 0.4211"
"29,27 : 0.4211"
"27,30 : 0.6454"
"30,27 : 0.6454"
"27,31 : 0.43"
"31,27 : 0.43"
"27,32 : 0.4031"
"32,27 : 0.4031"
"27,33 : 0.5831"
"33,27 : 0.5831"
"27,34 : 0.5504"
"34,27 : 0.5504"
"27,35 : 0.4738"
"35,27 : 0.4738"
"27,36 : 0.5704"
"36,27 : 0.5704"
"27,37 : 0.536"
"37,27 : 0.536"
"27,38 : 0.3912"
"38,27 : 0.3912"
"27,39 : 0.5239"
"39,27 : 0.5239"
"27,40 : 0.1082"
"40,27 : 0.1082"
"27,41 : 0.5315"
"41,27 : 0.5315"
"27,42 : 0.6848"
"42,27 : 0.6848"
"27,43 : 0.4022"
"43,27 : 0.4022"
"27,44 : 0.8319"
"44,27 : 0.8319"
"27,45 : 0.5886"
"45,27 : 0.5886"
"27,46 : 0.0854"
"46,27 : 0.0854"
"27,47 : 0.4011"
"47,27 : 0.4011"
"27,48 : 0.3202"
"48,27 : 0.3202"
"27,49 : 0.5054"
"49,27 : 0.5054"
"28,29 : 0.3306"
"29,28 : 0.3306"
"28,30 : 0.4855"
"30,28 : 0.4855"
"28,31 : 0.8596"
"31,28 : 0.8596"
"28,32 : 0.5334"
"32,28 : 0.5334"
"28,33 : 0.3829"
"33,28 : 0.3829"
"28,34 : 0.7284"
"34,28 : 0.7284"
"28,35 : 0.5467"
"35,28 : 0.5467"
"28,36 : 0.1825"
"36,28 : 0.1825"
"28,37 : 0.8605"
"37,28 : 0.8605"
"28,38 : 0.6381"
"38,28 : 0.6381"
"28,39 : 1.0778"
"39,28 : 1.0778"
"28,40 : 0.8161"
"40,28 : 0.8161"
"28,41 : 0.9569"
"41,28 : 0.9569"
"28,42 : 0.3534"
"42,28 : 0.3534"
"28,43 : 0.6213"
"43,28 : 0.6213"
"28,44 : 0.3901"
"44,28 : 0.3901"
"28,45 : 0.2025"
"45,28 : 0.2025"
"28,46 : 0.7852"
"46,28 : 0.7852"
"28,47 : 0.8721"
"47,28 : 0.8721"
"28,48 : 0.8286"
"48,28 : 0.8286"
"28,49 : 0.6943"
"49,28 : 0.6943"
"29,30 : 0.3962"
"30,29 : 0.3962"
"29,31 : 0.58"
"31,29 : 0.58"
"29,32 : 0.2818"
"32,29 : 0.2818"
"29,33 : 0.2816"
"33,29 : 0.2816"
"29,34 : 0.563"
"34,29 : 0.563"
"29,35 : 0.3808"
"35,29 : 0.3808"
"29,36 : 0.1581"
"36,29 : 0.1581"
"29,37 : 0.6551"
"37,29 : 0.6551"
"29,38 : 0.4168"
"38,29 : 0.4168"
"29,39 : 0.8106"
"39,29 : 0.8106"
"29,40 : 0.4948"
"40,29 : 0.4948"
"29,41 : 0.7247"
"41,29 : 0.7247"
"29,42 : 0.3499"
"42,29 : 0.3499"
"29,43 : 0.4071"
"43,29 : 0.4071"
"29,44 : 0.5201"
"44,29 : 0.5201"
"29,45 : 0.2062"
"45,29 : 0.2062"
"29,46 : 0.4632"
"46,29 : 0.4632"
"29,47 : 0.5826"
"47,29 : 0.5826"
"29,48 : 0.5544"
"48,29 : 0.5544"
"29,49 : 0.5162"
"49,29 : 0.5162"
"30,31 : 0.4901"
"31,30 : 0.4901"
"30,32 : 0.2441"
"32,30 : 0.2441"
"30,33 : 0.1204"
"33,30 : 0.1204"
"30,34 : 0.956"
"34,30 : 0.956"
"30,35 : 0.7767"
"35,30 : 0.7767"
"30,36 : 0.4472"
"36,30 : 0.4472"
"30,37 : 1.0347"
"37,30 : 1.0347"
"30,38 : 0.8006"
"38,30 : 0.8006"
"30,39 : 1.1402"
"39,30 : 1.1402"
"30,40 : 0.7501"
"40,30 : 0.7501"
"30,41 : 1.0878"
"41,30 : 1.0878"
"30,42 : 0.1421"
"42,30 : 0.1421"
"30,43 : 0.7938"
"43,30 : 0.7938"
"30,44 : 0.8382"
"44,30 : 0.8382"
"30,45 : 0.5277"
"45,30 : 0.5277"
"30,46 : 0.7214"
"46,30 : 0.7214"
"30,47 : 0.5204"
"47,30 : 0.5204"
"30,48 : 0.8931"
"48,30 : 0.8931"
"30,49 : 0.908"
"49,30 : 0.908"
"31,32 : 0.3265"
"32,31 : 0.3265"
"31,33 : 0.5166"
"33,31 : 0.5166"
"31,34 : 0.958"
"34,31 : 0.958"
"31,35 : 0.8377"
"35,31 : 0.8377"
"31,36 : 0.7262"
"36,31 : 0.7262"
"31,37 : 0.9633"
"37,31 : 0.9633"
"31,38 : 0.7885"
"38,31 : 0.7885"
"31,39 : 0.9339"
"39,31 : 0.9339"
"31,40 : 0.5235"
"40,31 : 0.5235"
"31,41 : 0.9608"
"41,31 : 0.9608"
"31,42 : 0.6083"
"42,31 : 0.6083"
"31,43 : 0.794"
"43,31 : 0.794"
"31,44 : 1.0971"
"44,31 : 1.0971"
"31,45 : 0.7857"
"45,31 : 0.7857"
"31,46 : 0.5109"
"46,31 : 0.5109"
"31,47 : 0.0424"
"47,31 : 0.0424"
"31,48 : 0.7501"
"48,31 : 0.7501"
"31,49 : 0.9096"
"49,31 : 0.9096"
"32,33 : 0.211"
"33,32 : 0.211"
"32,34 : 0.7823"
"34,32 : 0.7823"
"32,35 : 0.6213"
"35,32 : 0.6213"
"32,36 : 0.4104"
"36,32 : 0.4104"
"32,37 : 0.8368"
"37,32 : 0.8368"
"32,38 : 0.6152"
"38,32 : 0.6152"
"32,39 : 0.9097"
"39,32 : 0.9097"
"32,40 : 0.5093"
"40,32 : 0.5093"
"32,41 : 0.8746"
"41,32 : 0.8746"
"32,42 : 0.314"
"42,32 : 0.314"
"32,43 : 0.6129"
"43,32 : 0.6129"
"32,44 : 0.7988"
"44,32 : 0.7988"
"32,45 : 0.478"
"45,32 : 0.478"
"32,46 : 0.4817"
"46,32 : 0.4817"
"32,47 : 0.3418"
"47,32 : 0.3418"
"32,48 : 0.6708"
"48,32 : 0.6708"
"32,49 : 0.7325"
"49,32 : 0.7325"
"33,34 : 0.8443"
"34,33 : 0.8443"
"33,35 : 0.6622"
"35,33 : 0.6622"
"33,36 : 0.3276"
"36,33 : 0.3276"
"33,37 : 0.9302"
"37,33 : 0.9302"
"33,38 : 0.6935"
"38,33 : 0.6935"
"33,39 : 1.0548"
"39,33 : 1.0548"
"33,40 : 0.6824"
"40,33 : 0.6824"
"33,41 : 0.9902"
"41,33 : 0.9902"
"33,42 : 0.1044"
"42,33 : 0.1044"
"33,43 : 0.6854"
"43,33 : 0.6854"
"33,44 : 0.7211"
"44,33 : 0.7211"
"33,45 : 0.4079"
"45,33 : 0.4079"
"33,46 : 0.6522"
"46,33 : 0.6522"
"33,47 : 0.5394"
"47,33 : 0.5394"
"33,48 : 0.8028"
"48,33 : 0.8028"
"33,49 : 0.7971"
"49,33 : 0.7971"
"34,35 : 0.1887"
"35,34 : 0.1887"
"34,36 : 0.5882"
"36,34 : 0.5882"
"34,37 : 0.153"
"37,34 : 0.153"
"34,38 : 0.1712"
"38,34 : 0.1712"
"34,39 : 0.4405"
"39,34 : 0.4405"
"34,40 : 0.5022"
"40,34 : 0.5022"
"34,41 : 0.2717"
"41,34 : 0.2717"
"34,42 : 0.9087"
"42,34 : 0.9087"
"34,43 : 0.17"
"43,34 : 0.17"
"34,44 : 0.5239"
"44,34 : 0.5239"
"34,45 : 0.5315"
"45,34 : 0.5315"
"34,46 : 0.494"
"46,34 : 0.494"
"34,47 : 0.9368"
"47,34 : 0.9368"
"34,48 : 0.3"
"48,34 : 0.3"
"34,49 : 0.05"
"49,34 : 0.05"
"35,36 : 0.4"
"36,35 : 0.4"
"35,37 : 0.314"
"37,35 : 0.314"
"35,38 : 0.1204"
"38,35 : 0.1204"
"35,39 : 0.5579"
"39,35 : 0.5579"
"35,40 : 0.4632"
"40,35 : 0.4632"
"35,41 : 0.4159"
"41,35 : 0.4159"
"35,42 : 0.7224"
"42,35 : 0.7224"
"35,43 : 0.1005"
"43,35 : 0.1005"
"35,44 : 0.4119"
"44,35 : 0.4119"
"35,45 : 0.3466"
"45,35 : 0.3466"
"35,46 : 0.4441"
"46,35 : 0.4441"
"35,47 : 0.8229"
"47,35 : 0.8229"
"35,48 : 0.3406"
"48,35 : 0.3406"
"35,49 : 0.1487"
"49,35 : 0.1487"
"36,37 : 0.7072"
"37,36 : 0.7072"
"36,38 : 0.4751"
"38,36 : 0.4751"
"36,39 : 0.9055"
"39,36 : 0.9055"
"36,40 : 0.6339"
"40,36 : 0.6339"
"36,41 : 0.7951"
"41,36 : 0.7951"
"36,42 : 0.3513"
"42,36 : 0.3513"
"36,43 : 0.4601"
"43,36 : 0.4601"
"36,44 : 0.3981"
"44,36 : 0.3981"
"36,45 : 0.0806"
"45,36 : 0.0806"
"36,46 : 0.603"
"46,36 : 0.603"
"36,47 : 0.7324"
"47,36 : 0.7324"
"36,48 : 0.653"
"48,36 : 0.653"
"36,49 : 0.5482"
"49,36 : 0.5482"
"37,38 : 0.2385"
"38,37 : 0.2385"
"37,39 : 0.2943"
"39,37 : 0.2943"
"37,40 : 0.4617"
"40,37 : 0.4617"
"37,41 : 0.12"
"41,37 : 0.12"
"37,42 : 1.005"
"42,37 : 1.005"
"37,43 : 0.25"
"43,37 : 0.25"
"37,44 : 0.6768"
"44,37 : 0.6768"
"37,45 : 0.6595"
"45,37 : 0.6595"
"37,46 : 0.4632"
"46,37 : 0.4632"
"37,47 : 0.9365"
"47,37 : 0.9365"
"37,48 : 0.2285"
"48,37 : 0.2285"
"37,49 : 0.17"
"49,37 : 0.17"
"38,39 : 0.446"
"39,38 : 0.446"
"38,40 : 0.3612"
"40,38 : 0.3612"
"38,41 : 0.3202"
"41,38 : 0.3202"
"38,42 : 0.7666"
"42,38 : 0.7666"
"38,43 : 0.02"
"43,38 : 0.02"
"38,44 : 0.5324"
"44,38 : 0.5324"
"38,45 : 0.4357"
"45,38 : 0.4357"
"38,46 : 0.3466"
"46,38 : 0.3466"
"38,47 : 0.7684"
"47,38 : 0.7684"
"38,48 : 0.2202"
"48,38 : 0.2202"
"38,49 : 0.1217"
"49,38 : 0.1217"
"39,40 : 0.4179"
"40,39 : 0.4179"
"39,41 : 0.1772"
"41,39 : 0.1772"
"39,42 : 1.1455"
"42,39 : 1.1455"
"39,43 : 0.4649"
"43,39 : 0.4649"
"39,44 : 0.9552"
"44,39 : 0.9552"
"39,45 : 0.8766"
"45,39 : 0.8766"
"39,46 : 0.4386"
"46,39 : 0.4386"
"39,47 : 0.8982"
"47,39 : 0.8982"
"39,48 : 0.2561"
"48,39 : 0.2561"
"39,49 : 0.441"
"49,39 : 0.441"
"40,41 : 0.4405"
"41,40 : 0.4405"
"40,42 : 0.7823"
"42,40 : 0.7823"
"40,43 : 0.3764"
"43,40 : 0.3764"
"40,44 : 0.8509"
"44,40 : 0.8509"
"40,45 : 0.6401"
"45,40 : 0.6401"
"40,46 : 0.0316"
"46,40 : 0.0316"
"40,47 : 0.4909"
"47,40 : 0.4909"
"40,48 : 0.2354"
"48,40 : 0.2354"
"40,49 : 0.4623"
"49,40 : 0.4623"
"41,42 : 1.072"
"42,41 : 1.072"
"41,43 : 0.336"
"43,41 : 0.336"
"41,44 : 0.7943"
"44,41 : 0.7943"
"41,45 : 0.7545"
"45,41 : 0.7545"
"41,46 : 0.4501"
"46,41 : 0.4501"
"41,47 : 0.9301"
"47,41 : 0.9301"
"41,48 : 0.2121"
"48,41 : 0.2121"
"41,49 : 0.2816"
"49,41 : 0.2816"
"42,43 : 0.7566"
"43,42 : 0.7566"
"42,44 : 0.7237"
"44,42 : 0.7237"
"42,45 : 0.4305"
"45,42 : 0.4305"
"42,46 : 0.7517"
"46,42 : 0.7517"
"42,47 : 0.6339"
"47,42 : 0.6339"
"42,48 : 0.8914"
"48,42 : 0.8914"
"42,49 : 0.8633"
