x,y
0.67,0.0
0.83,0.15
0.49,0.58
0.16,0.91
0.45,0.64
0.25,0.38
0.13,0.58
0.39,0.34
0.22,0.69
0.02,0.76
0.44,0.53
0.82,0.3
0.76,0.36
0.47,0.46
0.15,0.18
0.66,0.39
0.34,0.34
0.09,0.06
0.28,0.47
0.18,0.46
0.51,0.7
0.66,0.24
0.7,0.32
0.03,0.13
0.18,0.32
0.55,0.61
0.47,0.02
0.12,0.85
0.55,0.51
0.66,0.92
0.15,0.03
0.65,0.16
0.72,0.44
0.85,0.59
0.02,0.62
0.79,0.61
0.57,0.13
0.26,0.06
0.91,0.38
0.85,0.9
0.97,0.9
0.6,0.65
0.17,0.42
0.71,0.96
0.78,0.99
0.1,0.43
0.72,0.23
0.47,0.1
0.33,0.22
0.61,0.96

Distanze
"0,1 : 0.2193"
"1,0 : 0.2193"
"0,2 : 0.6073"
"2,0 : 0.6073"
"0,3 : 1.0432"
"3,0 : 1.0432"
"0,4 : 0.6768"
"4,0 : 0.6768"
"0,5 : 0.5664"
"5,0 : 0.5664"
"0,6 : 0.7925"
"6,0 : 0.7925"
"0,7 : 0.4405"
"7,0 : 0.4405"
"0,8 : 0.8238"
"8,0 : 0.8238"
"0,9 : 1.0"
"9,0 : 1.0"
"0,10 : 0.5778"
"10,0 : 0.5778"
"0,11 : 0.3354"
"11,0 : 0.3354"
"0,12 : 0.3711"
"12,0 : 0.3711"
"0,13 : 0.5016"
"13,0 : 0.5016"
"0,14 : 0.5503"
"14,0 : 0.5503"
"0,15 : 0.3901"
"15,0 : 0.3901"
"0,16 : 0.4738"
"16,0 : 0.4738"
"0,17 : 0.5831"
"17,0 : 0.5831"
"0,18 : 0.6107"
"18,0 : 0.6107"
"0,19 : 0.6721"
"19,0 : 0.6721"
"0,20 : 0.7181"
"20,0 : 0.7181"
"0,21 : 0.2402"
"21,0 : 0.2402"
"0,22 : 0.3214"
"22,0 : 0.3214"
"0,23 : 0.6531"
"23,0 : 0.6531"
"0,24 : 0.5852"
"24,0 : 0.5852"
"0,25 : 0.6217"
"25,0 : 0.6217"
"0,26 : 0.201"
"26,0 : 0.201"
"0,27 : 1.0124"
"27,0 : 1.0124"
"0,28 : 0.5239"
"28,0 : 0.5239"
"0,29 : 0.9201"
"29,0 : 0.9201"
"0,30 : 0.5209"
"30,0 : 0.5209"
"0,31 : 0.1612"
"31,0 : 0.1612"
"0,32 : 0.4428"
"32,0 : 0.4428"
"0,33 : 0.6168"
"33,0 : 0.6168"
"0,34 : 0.8983"
"34,0 : 0.8983"
"0,35 : 0.6217"
"35,0 : 0.6217"
"0,36 : 0.164"
"36,0 : 0.164"
"0,37 : 0.4144"
"37,0 : 0.4144"
"0,38 : 0.4494"
"38,0 : 0.4494"
"0,39 : 0.9178"
"39,0 : 0.9178"
"0,40 : 0.9487"
"40,0 : 0.9487"
"0,41 : 0.6538"
"41,0 : 0.6538"
"0,42 : 0.653"
"42,0 : 0.653"
"0,43 : 0.9608"
"43,0 : 0.9608"
"0,44 : 0.9961"
"44,0 : 0.9961"
"0,45 : 0.714"
"45,0 : 0.714"
"0,46 : 0.2354"
"46,0 : 0.2354"
"0,47 : 0.2236"
"47,0 : 0.2236"
"0,48 : 0.405"
"48,0 : 0.405"
"0,49 : 0.9619"
"49,0 : 0.9619"
"1,2 : 0.5482"
"2,1 : 0.5482"
"1,3 : 1.0132"
"3,1 : 1.0132"
"1,4 : 0.6201"
"4,1 : 0.6201"
"1,5 : 0.6239"
"5,1 : 0.6239"
"1,6 : 0.8215"
"6,1 : 0.8215"
"1,7 : 0.4793"
"7,1 : 0.4793"
"1,8 : 0.8147"
"8,1 : 0.8147"
"1,9 : 1.014"
"9,1 : 1.014"
"1,10 : 0.5445"
"10,1 : 0.5445"
"1,11 : 0.1503"
"11,1 : 0.1503"
"1,12 : 0.2214"
"12,1 : 0.2214"
"1,13 : 0.4751"
"13,1 : 0.4751"
"1,14 : 0.6807"
"14,1 : 0.6807"
"1,15 : 0.2941"
"15,1 : 0.2941"
"1,16 : 0.5255"
"16,1 : 0.5255"
"1,17 : 0.7455"
"17,1 : 0.7455"
"1,18 : 0.6363"
"18,1 : 0.6363"
"1,19 : 0.7201"
"19,1 : 0.7201"
"1,20 : 0.6363"
"20,1 : 0.6363"
"1,21 : 0.1924"
"21,1 : 0.1924"
"1,22 : 0.214"
"22,1 : 0.214"
"1,23 : 0.8002"
"23,1 : 0.8002"
"1,24 : 0.6719"
"24,1 : 0.6719"
"1,25 : 0.5385"
"25,1 : 0.5385"
"1,26 : 0.3828"
"26,1 : 0.3828"
"1,27 : 0.997"
"27,1 : 0.997"
"1,28 : 0.4561"
"28,1 : 0.4561"
"1,29 : 0.7885"
"29,1 : 0.7885"
"1,30 : 0.6905"
"30,1 : 0.6905"
"1,31 : 0.1803"
"31,1 : 0.1803"
"1,32 : 0.3102"
"32,1 : 0.3102"
"1,33 : 0.4405"
"33,1 : 0.4405"
"1,34 : 0.9365"
"34,1 : 0.9365"
"1,35 : 0.4617"
"35,1 : 0.4617"
"1,36 : 0.2608"
"36,1 : 0.2608"
"1,37 : 0.5771"
"37,1 : 0.5771"
"1,38 : 0.2435"
"38,1 : 0.2435"
"1,39 : 0.7503"
"39,1 : 0.7503"
"1,40 : 0.763"
"40,1 : 0.763"
"1,41 : 0.5504"
"41,1 : 0.5504"
"1,42 : 0.7131"
"42,1 : 0.7131"
"1,43 : 0.8188"
"43,1 : 0.8188"
"1,44 : 0.8415"
"44,1 : 0.8415"
"1,45 : 0.7819"
"45,1 : 0.7819"
"1,46 : 0.136"
"46,1 : 0.136"
"1,47 : 0.3635"
"47,1 : 0.3635"
"1,48 : 0.5049"
"48,1 : 0.5049"
"1,49 : 0.8393"
"49,1 : 0.8393"
"2,3 : 0.4667"
"3,2 : 0.4667"
"2,4 : 0.0721"
"4,2 : 0.0721"
"2,5 : 0.3124"
"5,2 : 0.3124"
"2,6 : 0.36"
"6,2 : 0.36"
"2,7 : 0.26"
"7,2 : 0.26"
"2,8 : 0.2915"
"8,2 : 0.2915"
"2,9 : 0.5033"
"9,2 : 0.5033"
"2,10 : 0.0707"
"10,2 : 0.0707"
"2,11 : 0.4328"
"11,2 : 0.4328"
"2,12 : 0.3483"
"12,2 : 0.3483"
"2,13 : 0.1217"
"13,2 : 0.1217"
"2,14 : 0.525"
"14,2 : 0.525"
"2,15 : 0.255"
"15,2 : 0.255"
"2,16 : 0.283"
"16,2 : 0.283"
"2,17 : 0.656"
"17,2 : 0.656"
"2,18 : 0.2371"
"18,2 : 0.2371"
"2,19 : 0.3324"
"19,2 : 0.3324"
"2,20 : 0.1217"
"20,2 : 0.1217"
"2,21 : 0.3801"
"21,2 : 0.3801"
"2,22 : 0.3342"
"22,2 : 0.3342"
"2,23 : 0.6435"
"23,2 : 0.6435"
"2,24 : 0.4046"
"24,2 : 0.4046"
"2,25 : 0.0671"
"25,2 : 0.0671"
"2,26 : 0.5604"
"26,2 : 0.5604"
"2,27 : 0.458"
"27,2 : 0.458"
"2,28 : 0.0922"
"28,2 : 0.0922"
"2,29 : 0.3801"
"29,2 : 0.3801"
"2,30 : 0.6466"
"30,2 : 0.6466"
"2,31 : 0.4494"
"31,2 : 0.4494"
"2,32 : 0.2693"
"32,2 : 0.2693"
"2,33 : 0.3601"
"33,2 : 0.3601"
"2,34 : 0.4717"
"34,2 : 0.4717"
"2,35 : 0.3015"
"35,2 : 0.3015"
"2,36 : 0.4571"
"36,2 : 0.4571"
"2,37 : 0.5686"
"37,2 : 0.5686"
"2,38 : 0.4652"
"38,2 : 0.4652"
"2,39 : 0.4817"
"39,2 : 0.4817"
"2,40 : 0.5769"
"40,2 : 0.5769"
"2,41 : 0.1304"
"41,2 : 0.1304"
"2,42 : 0.3578"
"42,2 : 0.3578"
"2,43 : 0.4391"
"43,2 : 0.4391"
"2,44 : 0.5022"
"44,2 : 0.5022"
"2,45 : 0.4179"
"45,2 : 0.4179"
"2,46 : 0.4188"
"46,2 : 0.4188"
"2,47 : 0.4804"
"47,2 : 0.4804"
"2,48 : 0.394"
"48,2 : 0.394"
"2,49 : 0.3985"
"49,2 : 0.3985"
"3,4 : 0.3962"
"4,3 : 0.3962"
"3,5 : 0.5376"
"5,3 : 0.5376"
"3,6 : 0.3314"
"6,3 : 0.3314"
"3,7 : 0.6147"
"7,3 : 0.6147"
"3,8 : 0.228"
"8,3 : 0.228"
"3,9 : 0.2052"
"9,3 : 0.2052"
"3,10 : 0.472"
"10,3 : 0.472"
"3,11 : 0.8987"
"11,3 : 0.8987"
"3,12 : 0.8139"
"12,3 : 0.8139"
"3,13 : 0.5464"
"13,3 : 0.5464"
"3,14 : 0.7301"
"14,3 : 0.7301"
"3,15 : 0.7214"
"15,3 : 0.7214"
"3,16 : 0.5977"
"16,3 : 0.5977"
"3,17 : 0.8529"
"17,3 : 0.8529"
"3,18 : 0.4561"
"18,3 : 0.4561"
"3,19 : 0.4504"
"19,3 : 0.4504"
"3,20 : 0.4082"
"20,3 : 0.4082"
"3,21 : 0.836"
"21,3 : 0.836"
"3,22 : 0.7998"
"22,3 : 0.7998"
"3,23 : 0.7908"
"23,3 : 0.7908"
"3,24 : 0.5903"
"24,3 : 0.5903"
"3,25 : 0.492"
"25,3 : 0.492"
"3,26 : 0.9424"
"26,3 : 0.9424"
"3,27 : 0.0721"
"27,3 : 0.0721"
"3,28 : 0.5587"
"28,3 : 0.5587"
"3,29 : 0.5001"
"29,3 : 0.5001"
"3,30 : 0.8801"
"30,3 : 0.8801"
"3,31 : 0.8959"
"31,3 : 0.8959"
"3,32 : 0.7311"
"32,3 : 0.7311"
"3,33 : 0.7606"
"33,3 : 0.7606"
"3,34 : 0.322"
"34,3 : 0.322"
"3,35 : 0.6978"
"35,3 : 0.6978"
"3,36 : 0.8812"
"36,3 : 0.8812"
"3,37 : 0.8559"
"37,3 : 0.8559"
"3,38 : 0.9184"
"38,3 : 0.9184"
"3,39 : 0.6901"
"39,3 : 0.6901"
"3,40 : 0.8101"
"40,3 : 0.8101"
"3,41 : 0.5111"
"41,3 : 0.5111"
"3,42 : 0.4901"
"42,3 : 0.4901"
"3,43 : 0.5523"
"43,3 : 0.5523"
"3,44 : 0.6251"
"44,3 : 0.6251"
"3,45 : 0.4837"
"45,3 : 0.4837"
"3,46 : 0.8809"
"46,3 : 0.8809"
"3,47 : 0.8673"
"47,3 : 0.8673"
"3,48 : 0.7106"
"48,3 : 0.7106"
"3,49 : 0.4528"
"49,3 : 0.4528"
"4,5 : 0.328"
"5,4 : 0.328"
"4,6 : 0.3256"
"6,4 : 0.3256"
"4,7 : 0.3059"
"7,4 : 0.3059"
"4,8 : 0.2354"
"8,4 : 0.2354"
"4,9 : 0.4464"
"9,4 : 0.4464"
"4,10 : 0.1105"
"10,4 : 0.1105"
"4,11 : 0.5025"
"11,4 : 0.5025"
"4,12 : 0.4177"
"12,4 : 0.4177"
"4,13 : 0.1811"
"13,4 : 0.1811"
"4,14 : 0.5492"
"14,4 : 0.5492"
"4,15 : 0.3265"
"15,4 : 0.3265"
"4,16 : 0.3195"
"16,4 : 0.3195"
"4,17 : 0.6826"
"17,4 : 0.6826"
"4,18 : 0.2404"
"18,4 : 0.2404"
"4,19 : 0.3245"
"19,4 : 0.3245"
"4,20 : 0.0849"
"20,4 : 0.0849"
"4,21 : 0.4518"
"21,4 : 0.4518"
"4,22 : 0.4061"
"22,4 : 0.4061"
"4,23 : 0.6607"
"23,4 : 0.6607"
"4,24 : 0.4187"
"24,4 : 0.4187"
"4,25 : 0.1044"
"25,4 : 0.1044"
"4,26 : 0.6203"
"26,4 : 0.6203"
"4,27 : 0.3912"
"27,4 : 0.3912"
"4,28 : 0.164"
"28,4 : 0.164"
"4,29 : 0.35"
"29,4 : 0.35"
"4,30 : 0.6798"
"30,4 : 0.6798"
"4,31 : 0.52"
"31,4 : 0.52"
"4,32 : 0.336"
"32,4 : 0.336"
"4,33 : 0.4031"
"33,4 : 0.4031"
"4,34 : 0.4305"
"34,4 : 0.4305"
"4,35 : 0.3413"
"35,4 : 0.3413"
"4,36 : 0.5239"
"36,4 : 0.5239"
"4,37 : 0.6103"
"37,4 : 0.6103"
"4,38 : 0.5284"
"38,4 : 0.5284"
"4,39 : 0.4771"
"39,4 : 0.4771"
"4,40 : 0.5814"
"40,4 : 0.5814"
"4,41 : 0.1503"
"41,4 : 0.1503"
"4,42 : 0.3561"
"42,4 : 0.3561"
"4,43 : 0.4123"
"43,4 : 0.4123"
"4,44 : 0.481"
"44,4 : 0.481"
"4,45 : 0.4082"
"45,4 : 0.4082"
"4,46 : 0.4909"
"46,4 : 0.4909"
"4,47 : 0.5404"
"47,4 : 0.5404"
"4,48 : 0.4368"
"48,4 : 0.4368"
"4,49 : 0.3578"
"49,4 : 0.3578"
"5,6 : 0.2332"
"6,5 : 0.2332"
"5,7 : 0.1456"
"7,5 : 0.1456"
"5,8 : 0.3114"
"8,5 : 0.3114"
"5,9 : 0.4442"
"9,5 : 0.4442"
"5,10 : 0.2421"
"10,5 : 0.2421"
"5,11 : 0.5756"
"11,5 : 0.5756"
"5,12 : 0.5104"
"12,5 : 0.5104"
"5,13 : 0.2341"
"13,5 : 0.2341"
"5,14 : 0.2236"
"14,5 : 0.2236"
"5,15 : 0.4101"
"15,5 : 0.4101"
"5,16 : 0.0985"
"16,5 : 0.0985"
"5,17 : 0.3578"
"17,5 : 0.3578"
"5,18 : 0.0949"
"18,5 : 0.0949"
"5,19 : 0.1063"
"19,5 : 0.1063"
"5,20 : 0.4123"
"20,5 : 0.4123"
"5,21 : 0.4332"
"21,5 : 0.4332"
"5,22 : 0.454"
"22,5 : 0.454"
"5,23 : 0.333"
"23,5 : 0.333"
"5,24 : 0.0922"
"24,5 : 0.0922"
"5,25 : 0.378"
"25,5 : 0.378"
"5,26 : 0.4219"
"26,5 : 0.4219"
"5,27 : 0.4876"
"27,5 : 0.4876"
"5,28 : 0.327"
"28,5 : 0.327"
"5,29 : 0.678"
"29,5 : 0.678"
"5,30 : 0.364"
"30,5 : 0.364"
"5,31 : 0.4565"
"31,5 : 0.4565"
"5,32 : 0.4738"
"32,5 : 0.4738"
"5,33 : 0.6357"
"33,5 : 0.6357"
"5,34 : 0.3324"
"34,5 : 0.3324"
"5,35 : 0.5869"
"35,5 : 0.5869"
"5,36 : 0.4061"
"36,5 : 0.4061"
"5,37 : 0.3202"
"37,5 : 0.3202"
"5,38 : 0.66"
"38,5 : 0.66"
"5,39 : 0.794"
"39,5 : 0.794"
"5,40 : 0.8881"
"40,5 : 0.8881"
"5,41 : 0.442"
"41,5 : 0.442"
"5,42 : 0.0894"
"42,5 : 0.0894"
"5,43 : 0.7403"
"43,5 : 0.7403"
"5,44 : 0.8081"
"44,5 : 0.8081"
"5,45 : 0.1581"
"45,5 : 0.1581"
"5,46 : 0.4934"
"46,5 : 0.4934"
"5,47 : 0.3561"
"47,5 : 0.3561"
"5,48 : 0.1789"
"48,5 : 0.1789"
"5,49 : 0.6826"
"49,5 : 0.6826"
"6,7 : 0.3538"
"7,6 : 0.3538"
"6,8 : 0.1421"
"8,6 : 0.1421"
"6,9 : 0.211"
"9,6 : 0.211"
"6,10 : 0.314"
"10,6 : 0.314"
"6,11 : 0.7446"
"11,6 : 0.7446"
"6,12 : 0.6673"
"12,6 : 0.6673"
"6,13 : 0.3606"
"13,6 : 0.3606"
"6,14 : 0.4005"
"14,6 : 0.4005"
"6,15 : 0.563"
"15,6 : 0.563"
"6,16 : 0.3189"
"16,6 : 0.3189"
"6,17 : 0.5215"
"17,6 : 0.5215"
"6,18 : 0.186"
"18,6 : 0.186"
"6,19 : 0.13"
"19,6 : 0.13"
"6,20 : 0.3985"
"20,6 : 0.3985"
"6,21 : 0.6297"
"21,6 : 0.6297"
"6,22 : 0.6265"
"22,6 : 0.6265"
"6,23 : 0.461"
"23,6 : 0.461"
"6,24 : 0.2648"
"24,6 : 0.2648"
"6,25 : 0.4211"
"25,6 : 0.4211"
"6,26 : 0.6551"
"26,6 : 0.6551"
"6,27 : 0.2702"
"27,6 : 0.2702"
"6,28 : 0.4258"
"28,6 : 0.4258"
"6,29 : 0.6297"
"29,6 : 0.6297"
"6,30 : 0.5504"
"30,6 : 0.5504"
"6,31 : 0.6684"
"31,6 : 0.6684"
"6,32 : 0.6064"
"32,6 : 0.6064"
"6,33 : 0.7201"
"33,6 : 0.7201"
"6,34 : 0.117"
"34,6 : 0.117"
"6,35 : 0.6607"
"35,6 : 0.6607"
"6,36 : 0.6294"
"36,6 : 0.6294"
"6,37 : 0.536"
"37,6 : 0.536"
"6,38 : 0.8052"
"38,6 : 0.8052"
"6,39 : 0.7879"
"39,6 : 0.7879"
"6,40 : 0.8989"
"40,6 : 0.8989"
"6,41 : 0.4752"
"41,6 : 0.4752"
"6,42 : 0.1649"
"42,6 : 0.1649"
"6,43 : 0.6934"
"43,6 : 0.6934"
"6,44 : 0.7685"
"44,6 : 0.7685"
"6,45 : 0.153"
"45,6 : 0.153"
"6,46 : 0.686"
"46,6 : 0.686"
"6,47 : 0.5882"
"47,6 : 0.5882"
"6,48 : 0.4118"
"48,6 : 0.4118"
"6,49 : 0.6122"
"49,6 : 0.6122"
"7,8 : 0.3891"
"8,7 : 0.3891"
"7,9 : 0.5597"
"9,7 : 0.5597"
"7,10 : 0.1965"
"10,7 : 0.1965"
"7,11 : 0.4319"
"11,7 : 0.4319"
"7,12 : 0.3705"
"12,7 : 0.3705"
"7,13 : 0.1442"
"13,7 : 0.1442"
"7,14 : 0.2884"
"14,7 : 0.2884"
"7,15 : 0.2746"
"15,7 : 0.2746"
"7,16 : 0.05"
"16,7 : 0.05"
"7,17 : 0.4104"
"17,7 : 0.4104"
"7,18 : 0.1703"
"18,7 : 0.1703"
"7,19 : 0.2419"
"19,7 : 0.2419"
"7,20 : 0.3795"
"20,7 : 0.3795"
"7,21 : 0.2879"
"21,7 : 0.2879"
"7,22 : 0.3106"
"22,7 : 0.3106"
"7,23 : 0.4168"
"23,7 : 0.4168"
"7,24 : 0.211"
"24,7 : 0.211"
"7,25 : 0.3138"
"25,7 : 0.3138"
"7,26 : 0.3298"
"26,7 : 0.3298"
"7,27 : 0.5771"
"27,7 : 0.5771"
"7,28 : 0.2335"
"28,7 : 0.2335"
"7,29 : 0.6398"
"29,7 : 0.6398"
"7,30 : 0.392"
"30,7 : 0.392"
"7,31 : 0.3162"
"31,7 : 0.3162"
"7,32 : 0.3448"
"32,7 : 0.3448"
"7,33 : 0.5235"
"33,7 : 0.5235"
"7,34 : 0.464"
"34,7 : 0.464"
"7,35 : 0.4826"
"35,7 : 0.4826"
"7,36 : 0.2766"
"36,7 : 0.2766"
"7,37 : 0.3087"
"37,7 : 0.3087"
"7,38 : 0.5215"
"38,7 : 0.5215"
"7,39 : 0.7247"
"39,7 : 0.7247"
"7,40 : 0.8062"
"40,7 : 0.8062"
"7,41 : 0.3744"
"41,7 : 0.3744"
"7,42 : 0.2341"
"42,7 : 0.2341"
"7,43 : 0.6977"
"43,7 : 0.6977"
"7,44 : 0.758"
"44,7 : 0.758"
"7,45 : 0.3036"
"45,7 : 0.3036"
"7,46 : 0.3479"
"46,7 : 0.3479"
"7,47 : 0.253"
"47,7 : 0.253"
"7,48 : 0.1342"
"48,7 : 0.1342"
"7,49 : 0.6579"
"49,7 : 0.6579"
"8,9 : 0.2119"
"9,8 : 0.2119"
"8,10 : 0.272"
"10,8 : 0.272"
"8,11 : 0.7156"
"11,8 : 0.7156"
"8,12 : 0.6329"
"12,8 : 0.6329"
"8,13 : 0.3397"
"13,8 : 0.3397"
"8,14 : 0.5148"
"14,8 : 0.5148"
"8,15 : 0.5325"
"15,8 : 0.5325"
"8,16 : 0.37"
"16,8 : 0.37"
"8,17 : 0.6433"
"17,8 : 0.6433"
"8,18 : 0.228"
"18,8 : 0.228"
"8,19 : 0.2335"
"19,8 : 0.2335"
"8,20 : 0.2902"
"20,8 : 0.2902"
"8,21 : 0.6294"
"21,8 : 0.6294"
"8,22 : 0.6061"
"22,8 : 0.6061"
"8,23 : 0.5914"
"23,8 : 0.5914"
"8,24 : 0.3722"
"24,8 : 0.3722"
"8,25 : 0.3396"
"25,8 : 0.3396"
"8,26 : 0.7151"
"26,8 : 0.7151"
"8,27 : 0.1887"
"27,8 : 0.1887"
"8,28 : 0.3759"
"28,8 : 0.3759"
"8,29 : 0.4965"
"29,8 : 0.4965"
"8,30 : 0.6637"
"30,8 : 0.6637"
"8,31 : 0.6825"
"31,8 : 0.6825"
"8,32 : 0.559"
"32,8 : 0.559"
"8,33 : 0.6379"
"33,8 : 0.6379"
"8,34 : 0.2119"
"34,8 : 0.2119"
"8,35 : 0.5756"
"35,8 : 0.5756"
"8,36 : 0.6604"
"36,8 : 0.6604"
"8,37 : 0.6313"
"37,8 : 0.6313"
"8,38 : 0.7564"
"38,8 : 0.7564"
"8,39 : 0.6641"
"39,8 : 0.6641"
"8,40 : 0.7788"
"40,8 : 0.7788"
"8,41 : 0.3821"
"41,8 : 0.3821"
"8,42 : 0.2746"
"42,8 : 0.2746"
"8,43 : 0.5595"
"43,8 : 0.5595"
"8,44 : 0.6353"
"44,8 : 0.6353"
"8,45 : 0.2864"
"45,8 : 0.2864"
"8,46 : 0.6794"
"46,8 : 0.6794"
"8,47 : 0.6408"
"47,8 : 0.6408"
"8,48 : 0.4827"
"48,8 : 0.4827"
"8,49 : 0.4743"
"49,8 : 0.4743"
"9,10 : 0.4789"
"10,9 : 0.4789"
"9,11 : 0.9228"
"11,9 : 0.9228"
"9,12 : 0.8412"
"12,9 : 0.8412"
"9,13 : 0.5408"
"13,9 : 0.5408"
"9,14 : 0.5944"
"14,9 : 0.5944"
"9,15 : 0.7393"
"15,9 : 0.7393"
"9,16 : 0.528"
"16,9 : 0.528"
"9,17 : 0.7035"
"17,9 : 0.7035"
"9,18 : 0.3895"
"18,9 : 0.3895"
"9,19 : 0.34"
"19,9 : 0.34"
"9,20 : 0.4937"
"20,9 : 0.4937"
"9,21 : 0.8246"
"21,9 : 0.8246"
"9,22 : 0.8099"
"22,9 : 0.8099"
"9,23 : 0.6301"
"23,9 : 0.6301"
"9,24 : 0.4682"
"24,9 : 0.4682"
"9,25 : 0.5508"
"25,9 : 0.5508"
"9,26 : 0.8661"
"26,9 : 0.8661"
"9,27 : 0.1345"
"27,9 : 0.1345"
"9,28 : 0.586"
"28,9 : 0.586"
"9,29 : 0.6597"
"29,9 : 0.6597"
"9,30 : 0.7415"
"30,9 : 0.7415"
"9,31 : 0.87"
"31,9 : 0.87"
"9,32 : 0.7697"
"32,9 : 0.7697"
"9,33 : 0.8472"
"33,9 : 0.8472"
"9,34 : 0.14"
"34,9 : 0.14"
"9,35 : 0.7845"
"35,9 : 0.7845"
"9,36 : 0.8363"
"36,9 : 0.8363"
"9,37 : 0.74"
"37,9 : 0.74"
"9,38 : 0.9677"
"38,9 : 0.9677"
"9,39 : 0.8417"
"39,9 : 0.8417"
"9,40 : 0.9603"
"40,9 : 0.9603"
"9,41 : 0.5903"
"41,9 : 0.5903"
"9,42 : 0.3716"
"42,9 : 0.3716"
"9,43 : 0.7184"
"43,9 : 0.7184"
"9,44 : 0.794"
"44,9 : 0.794"
"9,45 : 0.3396"
"45,9 : 0.3396"
"9,46 : 0.878"
"46,9 : 0.878"
"9,47 : 0.7988"
"47,9 : 0.7988"
"9,48 : 0.6227"
"48,9 : 0.6227"
"9,49 : 0.623"
"49,9 : 0.623"
"10,11 : 0.4442"
"11,10 : 0.4442"
"10,12 : 0.3624"
"12,10 : 0.3624"
"10,13 : 0.0762"
"13,10 : 0.0762"
"10,14 : 0.4545"
"14,10 : 0.4545"
"10,15 : 0.2608"
"15,10 : 0.2608"
"10,16 : 0.2147"
"16,10 : 0.2147"
"10,17 : 0.586"
"17,10 : 0.586"
"10,18 : 0.1709"
"18,10 : 0.1709"
"10,19 : 0.2693"
"19,10 : 0.2693"
"10,20 : 0.1838"
"20,10 : 0.1838"
"10,21 : 0.364"
"21,10 : 0.364"
"10,22 : 0.3342"
"22,10 : 0.3342"
"10,23 : 0.5728"
"23,10 : 0.5728"
"10,24 : 0.3342"
"24,10 : 0.3342"
"10,25 : 0.136"
"25,10 : 0.136"
"10,26 : 0.5109"
"26,10 : 0.5109"
"10,27 : 0.4525"
"27,10 : 0.4525"
"10,28 : 0.1118"
"28,10 : 0.1118"
"10,29 : 0.4478"
"29,10 : 0.4478"
"10,30 : 0.578"
"30,10 : 0.578"
"10,31 : 0.4254"
"31,10 : 0.4254"
"10,32 : 0.2941"
"32,10 : 0.2941"
"10,33 : 0.4144"
"33,10 : 0.4144"
"10,34 : 0.4295"
"34,10 : 0.4295"
"10,35 : 0.359"
"35,10 : 0.359"
"10,36 : 0.4206"
"36,10 : 0.4206"
"10,37 : 0.5033"
"37,10 : 0.5033"
"10,38 : 0.4934"
"38,10 : 0.4934"
"10,39 : 0.5523"
"39,10 : 0.5523"
"10,40 : 0.6464"
"40,10 : 0.6464"
"10,41 : 0.2"
"41,10 : 0.2"
"10,42 : 0.2915"
"42,10 : 0.2915"
"10,43 : 0.5077"
"43,10 : 0.5077"
"10,44 : 0.572"
"44,10 : 0.572"
"10,45 : 0.3544"
"45,10 : 0.3544"
"10,46 : 0.4104"
"46,10 : 0.4104"
"10,47 : 0.431"
"47,10 : 0.431"
"10,48 : 0.3289"
"48,10 : 0.3289"
"10,49 : 0.4624"
"49,10 : 0.4624"
"11,12 : 0.0849"
"12,11 : 0.0849"
"11,13 : 0.3848"
"13,11 : 0.3848"
"11,14 : 0.6807"
"14,11 : 0.6807"
"11,15 : 0.1836"
"15,11 : 0.1836"
"11,16 : 0.4817"
"16,11 : 0.4817"
"11,17 : 0.7684"
"17,11 : 0.7684"
"11,18 : 0.5661"
"18,11 : 0.5661"
"11,19 : 0.6597"
"19,11 : 0.6597"
"11,20 : 0.5061"
"20,11 : 0.5061"
"11,21 : 0.1709"
"21,11 : 0.1709"
"11,22 : 0.1217"
"22,11 : 0.1217"
"11,23 : 0.8081"
"23,11 : 0.8081"
"11,24 : 0.6403"
"24,11 : 0.6403"
"11,25 : 0.4111"
"25,11 : 0.4111"
"11,26 : 0.4482"
"26,11 : 0.4482"
"11,27 : 0.8902"
"27,11 : 0.8902"
"11,28 : 0.3421"
"28,11 : 0.3421"
"11,29 : 0.6403"
"29,11 : 0.6403"
"11,30 : 0.7224"
"30,11 : 0.7224"
"11,31 : 0.2202"
"31,11 : 0.2202"
"11,32 : 0.172"
"32,11 : 0.172"
"11,33 : 0.2915"
"33,11 : 0.2915"
"11,34 : 0.8616"
"34,11 : 0.8616"
"11,35 : 0.3114"
"35,11 : 0.3114"
"11,36 : 0.3023"
"36,11 : 0.3023"
"11,37 : 0.6093"
"37,11 : 0.6093"
"11,38 : 0.1204"
"38,11 : 0.1204"
"11,39 : 0.6007"
"39,11 : 0.6007"
"11,40 : 0.6185"
"40,11 : 0.6185"
"11,41 : 0.4134"
"41,11 : 0.4134"
"11,42 : 0.661"
"42,11 : 0.661"
"11,43 : 0.6691"
"43,11 : 0.6691"
"11,44 : 0.6912"
"44,11 : 0.6912"
"11,45 : 0.7316"
"45,11 : 0.7316"
"11,46 : 0.1221"
"46,11 : 0.1221"
"11,47 : 0.4031"
"47,11 : 0.4031"
"11,48 : 0.4965"
"48,11 : 0.4965"
"11,49 : 0.6926"
"49,11 : 0.6926"
"12,13 : 0.3068"
"13,12 : 0.3068"
"12,14 : 0.636"
"14,12 : 0.636"
"12,15 : 0.1044"
"15,12 : 0.1044"
"12,16 : 0.4205"
"16,12 : 0.4205"
"12,17 : 0.7341"
"17,12 : 0.7341"
"12,18 : 0.4924"
"18,12 : 0.4924"
"12,19 : 0.5886"
"19,12 : 0.5886"
"12,20 : 0.422"
"20,12 : 0.422"
"12,21 : 0.1562"
"21,12 : 0.1562"
"12,22 : 0.0721"
"22,12 : 0.0721"
"12,23 : 0.7654"
"23,12 : 0.7654"
"12,24 : 0.5814"
"24,12 : 0.5814"
"12,25 : 0.3265"
"25,12 : 0.3265"
"12,26 : 0.4469"
"26,12 : 0.4469"
"12,27 : 0.806"
"27,12 : 0.806"
"12,28 : 0.2581"
"28,12 : 0.2581"
"12,29 : 0.5689"
"29,12 : 0.5689"
"12,30 : 0.6935"
"30,12 : 0.6935"
"12,31 : 0.2283"
"31,12 : 0.2283"
"12,32 : 0.0894"
"32,12 : 0.0894"
"12,33 : 0.247"
"33,12 : 0.247"
"12,34 : 0.7843"
"34,12 : 0.7843"
"12,35 : 0.2518"
"35,12 : 0.2518"
"12,36 : 0.2983"
"36,12 : 0.2983"
"12,37 : 0.5831"
"37,12 : 0.5831"
"12,38 : 0.1513"
"38,12 : 0.1513"
"12,39 : 0.5474"
"39,12 : 0.5474"
"12,40 : 0.5794"
"40,12 : 0.5794"
"12,41 : 0.3312"
"41,12 : 0.3312"
"12,42 : 0.593"
"42,12 : 0.593"
"12,43 : 0.6021"
"43,12 : 0.6021"
"12,44 : 0.6303"
"44,12 : 0.6303"
"12,45 : 0.6637"
"45,12 : 0.6637"
"12,46 : 0.136"
"46,12 : 0.136"
"12,47 : 0.3895"
"47,12 : 0.3895"
"12,48 : 0.4522"
"48,12 : 0.4522"
"12,49 : 0.6185"
"49,12 : 0.6185"
"13,14 : 0.4252"
"14,13 : 0.4252"
"13,15 : 0.2025"
"15,13 : 0.2025"
"13,16 : 0.1769"
"16,13 : 0.1769"
"13,17 : 0.5517"
"17,13 : 0.5517"
"13,18 : 0.1903"
"18,13 : 0.1903"
"13,19 : 0.29"
"19,13 : 0.29"
"13,20 : 0.2433"
"20,13 : 0.2433"
"13,21 : 0.2907"
"21,13 : 0.2907"
"13,22 : 0.2693"
"22,13 : 0.2693"
"13,23 : 0.55"
"23,13 : 0.55"
"13,24 : 0.322"
"24,13 : 0.322"
"13,25 : 0.17"
"25,13 : 0.17"
"13,26 : 0.44"
"26,13 : 0.44"
"13,27 : 0.524"
"27,13 : 0.524"
"13,28 : 0.0943"
"28,13 : 0.0943"
"13,29 : 0.4977"
"29,13 : 0.4977"
"13,30 : 0.536"
"30,13 : 0.536"
"13,31 : 0.3499"
"31,13 : 0.3499"
"13,32 : 0.2508"
"32,13 : 0.2508"
"13,33 : 0.4016"
"33,13 : 0.4016"
"13,34 : 0.4776"
"34,13 : 0.4776"
"13,35 : 0.3534"
"35,13 : 0.3534"
"13,36 : 0.3448"
"36,13 : 0.3448"
"13,37 : 0.4518"
"37,13 : 0.4518"
"13,38 : 0.4472"
"38,13 : 0.4472"
"13,39 : 0.5814"
"39,13 : 0.5814"
"13,40 : 0.666"
"40,13 : 0.666"
"13,41 : 0.2302"
"41,13 : 0.2302"
"13,42 : 0.3027"
"42,13 : 0.3027"
"13,43 : 0.5546"
"43,13 : 0.5546"
"13,44 : 0.614"
"44,13 : 0.614"
"13,45 : 0.3712"
"45,13 : 0.3712"
"13,46 : 0.3397"
"46,13 : 0.3397"
"13,47 : 0.36"
"47,13 : 0.36"
"13,48 : 0.2778"
"48,13 : 0.2778"
"13,49 : 0.5192"
"49,13 : 0.5192"
"14,15 : 0.5515"
"15,14 : 0.5515"
"14,16 : 0.2484"
"16,14 : 0.2484"
"14,17 : 0.1342"
"17,14 : 0.1342"
"14,18 : 0.3178"
"18,14 : 0.3178"
"14,19 : 0.2816"
"19,14 : 0.2816"
"14,20 : 0.6325"
"20,14 : 0.6325"
"14,21 : 0.5135"
"21,14 : 0.5135"
"14,22 : 0.5675"
"22,14 : 0.5675"
"14,23 : 0.13"
"23,14 : 0.13"
"14,24 : 0.1432"
"24,14 : 0.1432"
"14,25 : 0.5873"
"25,14 : 0.5873"
"14,26 : 0.3578"
"26,14 : 0.3578"
"14,27 : 0.6707"
"27,14 : 0.6707"
"14,28 : 0.5186"
"28,14 : 0.5186"
"14,29 : 0.8987"
"29,14 : 0.8987"
"14,30 : 0.15"
"30,14 : 0.15"
"14,31 : 0.5004"
"31,14 : 0.5004"
"14,32 : 0.6265"
"32,14 : 0.6265"
"14,33 : 0.8112"
"33,14 : 0.8112"
"14,34 : 0.4588"
"34,14 : 0.4588"
"14,35 : 0.771"
"35,14 : 0.771"
"14,36 : 0.423"
"36,14 : 0.423"
"14,37 : 0.1628"
"37,14 : 0.1628"
"14,38 : 0.7859"
"38,14 : 0.7859"
"14,39 : 1.0042"
"39,14 : 1.0042"
"14,40 : 1.0912"
"40,14 : 1.0912"
"14,41 : 0.6507"
"41,14 : 0.6507"
"14,42 : 0.2408"
"42,14 : 0.2408"
"14,43 : 0.9602"
"43,14 : 0.9602"
"14,44 : 1.0262"
"44,14 : 1.0262"
"14,45 : 0.255"
"45,14 : 0.255"
"14,46 : 0.5722"
"46,14 : 0.5722"
"14,47 : 0.3298"
"47,14 : 0.3298"
"14,48 : 0.1844"
"48,14 : 0.1844"
"14,49 : 0.9055"
"49,14 : 0.9055"
"15,16 : 0.3239"
"16,15 : 0.3239"
"15,17 : 0.6586"
"17,15 : 0.6586"
"15,18 : 0.3883"
"18,15 : 0.3883"
"15,19 : 0.4851"
"19,15 : 0.4851"
"15,20 : 0.3444"
"20,15 : 0.3444"
"15,21 : 0.15"
"21,15 : 0.15"
"15,22 : 0.0806"
"22,15 : 0.0806"
"15,23 : 0.6815"
"23,15 : 0.6815"
"15,24 : 0.4851"
"24,15 : 0.4851"
"15,25 : 0.246"
"25,15 : 0.246"
"15,26 : 0.4159"
"26,15 : 0.4159"
"15,27 : 0.7094"
"27,15 : 0.7094"
"15,28 : 0.1628"
"28,15 : 0.1628"
"15,29 : 0.53"
"29,15 : 0.53"
"15,30 : 0.6243"
"30,15 : 0.6243"
"15,31 : 0.2302"
"31,15 : 0.2302"
"15,32 : 0.0781"
"32,15 : 0.0781"
"15,33 : 0.2759"
"33,15 : 0.2759"
"15,34 : 0.6801"
"34,15 : 0.6801"
"15,35 : 0.2555"
"35,15 : 0.2555"
"15,36 : 0.2751"
"36,15 : 0.2751"
"15,37 : 0.5186"
"37,15 : 0.5186"
"15,38 : 0.2502"
"38,15 : 0.2502"
"15,39 : 0.5442"
"39,15 : 0.5442"
"15,40 : 0.5968"
"40,15 : 0.5968"
"15,41 : 0.2668"
"41,15 : 0.2668"
"15,42 : 0.4909"
"42,15 : 0.4909"
"15,43 : 0.5722"
"43,15 : 0.5722"
"15,44 : 0.6119"
"44,15 : 0.6119"
"15,45 : 0.5614"
"45,15 : 0.5614"
"15,46 : 0.1709"
"46,15 : 0.1709"
"15,47 : 0.3467"
"47,15 : 0.3467"
"15,48 : 0.3712"
"48,15 : 0.3712"
"15,49 : 0.5722"
"49,15 : 0.5722"
"16,17 : 0.3754"
"17,16 : 0.3754"
"16,18 : 0.1432"
"18,16 : 0.1432"
"16,19 : 0.2"
"19,16 : 0.2"
"16,20 : 0.3981"
"20,16 : 0.3981"
"16,21 : 0.3353"
"21,16 : 0.3353"
"16,22 : 0.3606"
"22,16 : 0.3606"
"16,23 : 0.3744"
"23,16 : 0.3744"
"16,24 : 0.1612"
"24,16 : 0.1612"
"16,25 : 0.3421"
"25,16 : 0.3421"
"16,26 : 0.3454"
"26,16 : 0.3454"
"16,27 : 0.5554"
"27,16 : 0.5554"
"16,28 : 0.2702"
"28,16 : 0.2702"
"16,29 : 0.6624"
"29,16 : 0.6624"
"16,30 : 0.3636"
"30,16 : 0.3636"
"16,31 : 0.3585"
"31,16 : 0.3585"
"16,32 : 0.3929"
"32,16 : 0.3929"
"16,33 : 0.568"
"33,16 : 0.568"
"16,34 : 0.4252"
"34,16 : 0.4252"
"16,35 : 0.5248"
"35,16 : 0.5248"
"16,36 : 0.3114"
"36,16 : 0.3114"
"16,37 : 0.2912"
"37,16 : 0.2912"
"16,38 : 0.5714"
"38,16 : 0.5714"
"16,39 : 0.7574"
"39,16 : 0.7574"
"16,40 : 0.8429"
"40,16 : 0.8429"
"16,41 : 0.4046"
"41,16 : 0.4046"
"16,42 : 0.1879"
"42,16 : 0.1879"
"16,43 : 0.722"
"43,16 : 0.722"
"16,44 : 0.7849"
"44,16 : 0.7849"
"16,45 : 0.2563"
"45,16 : 0.2563"
"16,46 : 0.3956"
"46,16 : 0.3956"
"16,47 : 0.2729"
"47,16 : 0.2729"
"16,48 : 0.1204"
"48,16 : 0.1204"
"16,49 : 0.6762"
"49,16 : 0.6762"
"17,18 : 0.4519"
"18,17 : 0.4519"
"17,19 : 0.41"
"19,17 : 0.41"
"17,20 : 0.7655"
"20,17 : 0.7655"
"17,21 : 0.5977"
"21,17 : 0.5977"
"17,22 : 0.6631"
"22,17 : 0.6631"
"17,23 : 0.0922"
"23,17 : 0.0922"
"17,24 : 0.2751"
"24,17 : 0.2751"
"17,25 : 0.717"
"25,17 : 0.717"
"17,26 : 0.3821"
"26,17 : 0.3821"
"17,27 : 0.7906"
"27,17 : 0.7906"
"17,28 : 0.6435"
"28,17 : 0.6435"
"17,29 : 1.0317"
"29,17 : 1.0317"
"17,30 : 0.0671"
"30,17 : 0.0671"
"17,31 : 0.5689"
"31,17 : 0.5689"
"17,32 : 0.7357"
"32,17 : 0.7357"
"17,33 : 0.9266"
"33,17 : 0.9266"
"17,34 : 0.5644"
"34,17 : 0.5644"
"17,35 : 0.8902"
"35,17 : 0.8902"
"17,36 : 0.4851"
"36,17 : 0.4851"
"17,37 : 0.17"
"37,17 : 0.17"
"17,38 : 0.8802"
"38,17 : 0.8802"
"17,39 : 1.1328"
"39,17 : 1.1328"
"17,40 : 1.2166"
"40,17 : 1.2166"
"17,41 : 0.7799"
"41,17 : 0.7799"
"17,42 : 0.3688"
"42,17 : 0.3688"
"17,43 : 1.0929"
"43,17 : 1.0929"
"17,44 : 1.158"
"44,17 : 1.158"
"17,45 : 0.3701"
"45,17 : 0.3701"
"17,46 : 0.6525"
"46,17 : 0.6525"
"17,47 : 0.3821"
"47,17 : 0.3821"
"17,48 : 0.2884"
"48,17 : 0.2884"
"17,49 : 1.0394"
"49,17 : 1.0394"
"18,19 : 0.1005"
"19,18 : 0.1005"
"18,20 : 0.3253"
"20,18 : 0.3253"
"18,21 : 0.4442"
"21,18 : 0.4442"
"18,22 : 0.446"
"22,18 : 0.446"
"18,23 : 0.422"
"23,18 : 0.422"
"18,24 : 0.1803"
"24,18 : 0.1803"
"18,25 : 0.3041"
"25,18 : 0.3041"
"18,26 : 0.4885"
"26,18 : 0.4885"
"18,27 : 0.4123"
"27,18 : 0.4123"
"18,28 : 0.2729"
"28,18 : 0.2729"
"18,29 : 0.589"
"29,18 : 0.589"
"18,30 : 0.4588"
"30,18 : 0.4588"
"18,31 : 0.4827"
"31,18 : 0.4827"
"18,32 : 0.441"
"32,18 : 0.441"
"18,33 : 0.5825"
"33,18 : 0.5825"
"18,34 : 0.3002"
"34,18 : 0.3002"
"18,35 : 0.5289"
"35,18 : 0.5289"
"18,36 : 0.4469"
"36,18 : 0.4469"
"18,37 : 0.4105"
"37,18 : 0.4105"
"18,38 : 0.6364"
"38,18 : 0.6364"
"18,39 : 0.714"
"39,18 : 0.714"
"18,40 : 0.813"
"40,18 : 0.813"
"18,41 : 0.3672"
"41,18 : 0.3672"
"18,42 : 0.1208"
"42,18 : 0.1208"
"18,43 : 0.6519"
"43,18 : 0.6519"
"18,44 : 0.7214"
"44,18 : 0.7214"
"18,45 : 0.1844"
"45,18 : 0.1844"
"18,46 : 0.5012"
"46,18 : 0.5012"
"18,47 : 0.4159"
"47,18 : 0.4159"
"18,48 : 0.255"
"48,18 : 0.255"
"18,49 : 0.5908"
"49,18 : 0.5908"
"19,20 : 0.408"
"20,19 : 0.408"
"19,21 : 0.528"
"21,19 : 0.528"
"19,22 : 0.5385"
"22,19 : 0.5385"
"19,23 : 0.3625"
"23,19 : 0.3625"
"19,24 : 0.14"
"24,19 : 0.14"
"19,25 : 0.3992"
"25,19 : 0.3992"
"19,26 : 0.527"
"26,19 : 0.527"
"19,27 : 0.3946"
"27,19 : 0.3946"
"19,28 : 0.3734"
"28,19 : 0.3734"
"19,29 : 0.6648"
"29,19 : 0.6648"
"19,30 : 0.431"
"30,19 : 0.431"
"19,31 : 0.5576"
"31,19 : 0.5576"
"19,32 : 0.5404"
"32,19 : 0.5404"
"19,33 : 0.6825"
"33,19 : 0.6825"
"19,34 : 0.2263"
"34,19 : 0.2263"
"19,35 : 0.6282"
"35,19 : 0.6282"
"19,36 : 0.5109"
"36,19 : 0.5109"
"19,37 : 0.4079"
"37,19 : 0.4079"
"19,38 : 0.7344"
"38,19 : 0.7344"
"19,39 : 0.8016"
"39,19 : 0.8016"
"19,40 : 0.9043"
"40,19 : 0.9043"
"19,41 : 0.461"
"41,19 : 0.461"
"19,42 : 0.0412"
"42,19 : 0.0412"
"19,43 : 0.7286"
"43,19 : 0.7286"
"19,44 : 0.8006"
"44,19 : 0.8006"
"19,45 : 0.0854"
"45,19 : 0.0854"
"19,46 : 0.5869"
"46,19 : 0.5869"
"19,47 : 0.4623"
"47,19 : 0.4623"
"19,48 : 0.283"
"48,19 : 0.283"
"19,49 : 0.6595"
"49,19 : 0.6595"
"20,21 : 0.4838"
"21,20 : 0.4838"
"20,22 : 0.4249"
"22,20 : 0.4249"
"20,23 : 0.7452"
"23,20 : 0.7452"
"20,24 : 0.5033"
"24,20 : 0.5033"
"20,25 : 0.0985"
"25,20 : 0.0985"
"20,26 : 0.6812"
"26,20 : 0.6812"
"20,27 : 0.4179"
"27,20 : 0.4179"
"20,28 : 0.1942"
"28,20 : 0.1942"
"20,29 : 0.2663"
"29,20 : 0.2663"
"20,30 : 0.7606"
"30,20 : 0.7606"
"20,31 : 0.5579"
"31,20 : 0.5579"
"20,32 : 0.3342"
"32,20 : 0.3342"
"20,33 : 0.3574"
"33,20 : 0.3574"
"20,34 : 0.4965"
"34,20 : 0.4965"
"20,35 : 0.2941"
"35,20 : 0.2941"
"20,36 : 0.5731"
"36,20 : 0.5731"
"20,37 : 0.6871"
"37,20 : 0.6871"
"20,38 : 0.5122"
"38,20 : 0.5122"
"20,39 : 0.3945"
"39,20 : 0.3945"
"20,40 : 0.5016"
"40,20 : 0.5016"
"20,41 : 0.103"
"41,20 : 0.103"
"20,42 : 0.4405"
"42,20 : 0.4405"
"20,43 : 0.328"
"43,20 : 0.328"
"20,44 : 0.3962"
"44,20 : 0.3962"
"20,45 : 0.4909"
"45,20 : 0.4909"
"20,46 : 0.5148"
"46,20 : 0.5148"
"20,47 : 0.6013"
"47,20 : 0.6013"
"20,48 : 0.5126"
"48,20 : 0.5126"
"20,49 : 0.2786"
"49,20 : 0.2786"
"21,22 : 0.0894"
"22,21 : 0.0894"
"21,23 : 0.6395"
"23,21 : 0.6395"
"21,24 : 0.4866"
"24,21 : 0.4866"
"21,25 : 0.386"
"25,21 : 0.386"
"21,26 : 0.2907"
"26,21 : 0.2907"
"21,27 : 0.8147"
"27,21 : 0.8147"
"21,28 : 0.2915"
"28,21 : 0.2915"
"21,29 : 0.68"
"29,21 : 0.68"
"21,30 : 0.5515"
"30,21 : 0.5515"
"21,31 : 0.0806"
"31,21 : 0.0806"
"21,32 : 0.2088"
"32,21 : 0.2088"
"21,33 : 0.3982"
"33,21 : 0.3982"
"21,34 : 0.7443"
"34,21 : 0.7443"
"21,35 : 0.3922"
"35,21 : 0.3922"
"21,36 : 0.1421"
"36,21 : 0.1421"
"21,37 : 0.4386"
"37,21 : 0.4386"
"21,38 : 0.2865"
"38,21 : 0.2865"
"21,39 : 0.6868"
"39,21 : 0.6868"
"21,40 : 0.7292"
"40,21 : 0.7292"
"21,41 : 0.4144"
"41,21 : 0.4144"
"21,42 : 0.522"
"42,21 : 0.522"
"21,43 : 0.7217"
"43,21 : 0.7217"
"21,44 : 0.7595"
"44,21 : 0.7595"
"21,45 : 0.5914"
"45,21 : 0.5914"
"21,46 : 0.0608"
"46,21 : 0.0608"
"21,47 : 0.236"
"47,21 : 0.236"
"21,48 : 0.3306"
"48,21 : 0.3306"
"21,49 : 0.7217"
"49,21 : 0.7217"
"22,23 : 0.6964"
"23,22 : 0.6964"
"22,24 : 0.52"
"24,22 : 0.52"
"22,25 : 0.3265"
"25,22 : 0.3265"
"22,26 : 0.378"
"26,22 : 0.378"
"22,27 : 0.7857"
"27,22 : 0.7857"
"22,28 : 0.2421"
"28,22 : 0.2421"
"22,29 : 0.6013"
"29,22 : 0.6013"
"22,30 : 0.6218"
"30,22 : 0.6218"
"22,31 : 0.1676"
"31,22 : 0.1676"
"22,32 : 0.1217"
"32,22 : 0.1217"
"22,33 : 0.3089"
"33,22 : 0.3089"
"22,34 : 0.7432"
"34,22 : 0.7432"
"22,35 : 0.3036"
"35,22 : 0.3036"
"22,36 : 0.2302"
"36,22 : 0.2302"
"22,37 : 0.5111"
"37,22 : 0.5111"
"22,38 : 0.2184"
"38,22 : 0.2184"
"22,39 : 0.5991"
"39,22 : 0.5991"
"22,40 : 0.6398"
"40,22 : 0.6398"
"22,41 : 0.3448"
"41,22 : 0.3448"
"22,42 : 0.5394"
"42,22 : 0.5394"
"22,43 : 0.6401"
"43,22 : 0.6401"
"22,44 : 0.6748"
"44,22 : 0.6748"
"22,45 : 0.61"
"45,22 : 0.61"
"22,46 : 0.0922"
"46,22 : 0.0922"
"22,47 : 0.3183"
"47,22 : 0.3183"
"22,48 : 0.3833"
"48,22 : 0.3833"
"22,49 : 0.6463"
"49,22 : 0.6463"
"23,24 : 0.2421"
"24,23 : 0.2421"
"23,25 : 0.7077"
"25,23 : 0.7077"
"23,26 : 0.4535"
"26,23 : 0.4535"
"23,27 : 0.7256"
"27,23 : 0.7256"
"23,28 : 0.644"
"28,23 : 0.644"
"23,29 : 1.0104"
"29,23 : 1.0104"
"23,30 : 0.1562"
"30,23 : 0.1562"
"23,31 : 0.6207"
"31,23 : 0.6207"
"23,32 : 0.7564"
"32,23 : 0.7564"
"23,33 : 0.9402"
"33,23 : 0.9402"
"23,34 : 0.4901"
"34,23 : 0.4901"
"23,35 : 0.8989"
"35,23 : 0.8989"
"23,36 : 0.54"
"36,23 : 0.54"
"23,37 : 0.2404"
"37,23 : 0.2404"
"23,38 : 0.9148"
"38,23 : 0.9148"
"23,39 : 1.1249"
"39,23 : 1.1249"
"23,40 : 1.2151"
"40,23 : 1.2151"
"23,41 : 0.7716"
"41,23 : 0.7716"
"23,42 : 0.322"
"42,23 : 0.322"
"23,43 : 1.073"
"43,23 : 1.073"
"23,44 : 1.1411"
"44,23 : 1.1411"
"23,45 : 0.3081"
"45,23 : 0.3081"
"23,46 : 0.6972"
"46,23 : 0.6972"
"23,47 : 0.441"
"47,23 : 0.441"
"23,48 : 0.3132"
"48,23 : 0.3132"
"23,49 : 1.0126"
"49,23 : 1.0126"
"24,25 : 0.4701"
"25,24 : 0.4701"
"24,26 : 0.4173"
"26,24 : 0.4173"
"24,27 : 0.5334"
"27,24 : 0.5334"
"24,28 : 0.4159"
"28,24 : 0.4159"
"24,29 : 0.7684"
"29,24 : 0.7684"
"24,30 : 0.2915"
"30,24 : 0.2915"
"24,31 : 0.4965"
"31,24 : 0.4965"
"24,32 : 0.5532"
"32,24 : 0.5532"
"24,33 : 0.7224"
"33,24 : 0.7224"
"24,34 : 0.34"
"34,24 : 0.34"
"24,35 : 0.6754"
"35,24 : 0.6754"
"24,36 : 0.4338"
"36,24 : 0.4338"
"24,37 : 0.272"
"37,24 : 0.272"
"24,38 : 0.7325"
"38,24 : 0.7325"
"24,39 : 0.8862"
"39,24 : 0.8862"
"24,40 : 0.9801"
"40,24 : 0.9801"
"24,41 : 0.5341"
"41,24 : 0.5341"
"24,42 : 0.1005"
"42,24 : 0.1005"
"24,43 : 0.831"
"43,24 : 0.831"
"24,44 : 0.8994"
"44,24 : 0.8994"
"24,45 : 0.136"
"45,24 : 0.136"
"24,46 : 0.5474"
"46,24 : 0.5474"
"24,47 : 0.364"
"47,24 : 0.364"
"24,48 : 0.1803"
"48,24 : 0.1803"
"24,49 : 0.771"
"49,24 : 0.771"
"25,26 : 0.5954"
"26,25 : 0.5954"
"25,27 : 0.4924"
"27,25 : 0.4924"
"25,28 : 0.1"
"28,25 : 0.1"
"25,29 : 0.3289"
"29,25 : 0.3289"
"25,30 : 0.7046"
"30,25 : 0.7046"
"25,31 : 0.461"
"31,25 : 0.461"
"25,32 : 0.2404"
"32,25 : 0.2404"
"25,33 : 0.3007"
"33,25 : 0.3007"
"25,34 : 0.5301"
"34,25 : 0.5301"
"25,35 : 0.24"
"35,25 : 0.24"
"25,36 : 0.4804"
"36,25 : 0.4804"
"25,37 : 0.6218"
"37,25 : 0.6218"
"25,38 : 0.4272"
"38,25 : 0.4272"
"25,39 : 0.4173"
"39,25 : 0.4173"
"25,40 : 0.5104"
"40,25 : 0.5104"
"25,41 : 0.064"
"41,25 : 0.064"
"25,42 : 0.4249"
"42,25 : 0.4249"
"25,43 : 0.3848"
"43,25 : 0.3848"
"25,44 : 0.4442"
"44,25 : 0.4442"
"25,45 : 0.4847"
"45,25 : 0.4847"
"25,46 : 0.4163"
"46,25 : 0.4163"
"25,47 : 0.5162"
"47,25 : 0.5162"
"25,48 : 0.4478"
"48,25 : 0.4478"
"25,49 : 0.3551"
"49,25 : 0.3551"
"26,27 : 0.9008"
"27,26 : 0.9008"
"26,28 : 0.4965"
"28,26 : 0.4965"
"26,29 : 0.9198"
"29,26 : 0.9198"
"26,30 : 0.3202"
"30,26 : 0.3202"
"26,31 : 0.228"
"31,26 : 0.228"
"26,32 : 0.4888"
"32,26 : 0.4888"
"26,33 : 0.6851"
"33,26 : 0.6851"
"26,34 : 0.75"
"34,26 : 0.75"
"26,35 : 0.6712"
"35,26 : 0.6712"
"26,36 : 0.1487"
"36,26 : 0.1487"
"26,37 : 0.2138"
"37,26 : 0.2138"
"26,38 : 0.5685"
"38,26 : 0.5685"
"26,39 : 0.9585"
"39,26 : 0.9585"
"26,40 : 1.0121"
"40,26 : 1.0121"
"26,41 : 0.6433"
"41,26 : 0.6433"
"26,42 : 0.5"
"42,26 : 0.5"
"26,43 : 0.9702"
"43,26 : 0.9702"
"26,44 : 1.0183"
"44,26 : 1.0183"
"26,45 : 0.5523"
"45,26 : 0.5523"
"26,46 : 0.3265"
"46,26 : 0.3265"
"26,47 : 0.08"
"47,26 : 0.08"
"26,48 : 0.2441"
"48,26 : 0.2441"
"26,49 : 0.9504"
"49,26 : 0.9504"
"27,28 : 0.5482"
"28,27 : 0.5482"
"27,29 : 0.5445"
"29,27 : 0.5445"
"27,30 : 0.8205"
"30,27 : 0.8205"
"27,31 : 0.8701"
"31,27 : 0.8701"
"27,32 : 0.7267"
"32,27 : 0.7267"
"27,33 : 0.7749"
"33,27 : 0.7749"
"27,34 : 0.2508"
"34,27 : 0.2508"
"27,35 : 0.7117"
"35,27 : 0.7117"
"27,36 : 0.8491"
"36,27 : 0.8491"
"27,37 : 0.8023"
"37,27 : 0.8023"
"27,38 : 0.9192"
"38,27 : 0.9192"
"27,39 : 0.7317"
"39,27 : 0.7317"
"27,40 : 0.8515"
"40,27 : 0.8515"
"27,41 : 0.52"
"41,27 : 0.52"
"27,42 : 0.4329"
"42,27 : 0.4329"
"27,43 : 0.6002"
"43,27 : 0.6002"
"27,44 : 0.6747"
"44,27 : 0.6747"
"27,45 : 0.4205"
"45,27 : 0.4205"
"27,46 : 0.8628"
"46,27 : 0.8628"
"27,47 : 0.8276"
"47,27 : 0.8276"
"27,48 : 0.6641"
"48,27 : 0.6641"
"27,49 : 0.5022"
"49,27 : 0.5022"
"28,29 : 0.4245"
"29,28 : 0.4245"
"28,30 : 0.6248"
"30,28 : 0.6248"
"28,31 : 0.364"
"31,28 : 0.364"
"28,32 : 0.1838"
"32,28 : 0.1838"
"28,33 : 0.3105"
"33,28 : 0.3105"
"28,34 : 0.5413"
"34,28 : 0.5413"
"28,35 : 0.26"
"35,28 : 0.26"
"28,36 : 0.3805"
"36,28 : 0.3805"
"28,37 : 0.5354"
"37,28 : 0.5354"
"28,38 : 0.3828"
"38,28 : 0.3828"
"28,39 : 0.492"
"39,28 : 0.492"
"28,40 : 0.5731"
"40,28 : 0.5731"
"28,41 : 0.1487"
"41,28 : 0.1487"
"28,42 : 0.3905"
"42,28 : 0.3905"
"28,43 : 0.4776"
"43,28 : 0.4776"
"28,44 : 0.5323"
"44,28 : 0.5323"
"28,45 : 0.4571"
"45,28 : 0.4571"
"28,46 : 0.3276"
"46,28 : 0.3276"
"28,47 : 0.4177"
"47,28 : 0.4177"
"28,48 : 0.364"
"48,28 : 0.364"
"28,49 : 0.454"
"49,28 : 0.454"
"29,30 : 1.0258"
"30,29 : 1.0258"
"29,31 : 0.7601"
"31,29 : 0.7601"
"29,32 : 0.4837"
"32,29 : 0.4837"
"29,33 : 0.3808"
"33,29 : 0.3808"
"29,34 : 0.7068"
"34,29 : 0.7068"
"29,35 : 0.3362"
"35,29 : 0.3362"
"29,36 : 0.7951"
"36,29 : 0.7951"
"29,37 : 0.9485"
"37,29 : 0.9485"
"29,38 : 0.5951"
"38,29 : 0.5951"
"29,39 : 0.191"
"39,29 : 0.191"
"29,40 : 0.3106"
"40,29 : 0.3106"
"29,41 : 0.2766"
"41,29 : 0.2766"
"29,42 : 0.7001"
"42,29 : 0.7001"
"29,43 : 0.064"
"43,29 : 0.064"
"29,44 : 0.1389"
"44,29 : 0.1389"
"29,45 : 0.7441"
"45,29 : 0.7441"
"29,46 : 0.6926"
"46,29 : 0.6926"
"29,47 : 0.8417"
"47,29 : 0.8417"
"29,48 : 0.7739"
"48,29 : 0.7739"
"29,49 : 0.064"
"49,29 : 0.064"
"30,31 : 0.5166"
"31,30 : 0.5166"
"30,32 : 0.7021"
"32,30 : 0.7021"
"30,33 : 0.8964"
"33,30 : 0.8964"
"30,34 : 0.6042"
"34,30 : 0.6042"
"30,35 : 0.8637"
"35,30 : 0.8637"
"30,36 : 0.4317"
"36,30 : 0.4317"
"30,37 : 0.114"
"37,30 : 0.114"
"30,38 : 0.8367"
"38,30 : 0.8367"
"30,39 : 1.1166"
"39,30 : 1.1166"
"30,40 : 1.1955"
"40,30 : 1.1955"
"30,41 : 0.7661"
"41,30 : 0.7661"
"30,42 : 0.3905"
"42,30 : 0.3905"
"30,43 : 1.0856"
"43,30 : 1.0856"
"30,44 : 1.1483"
"44,30 : 1.1483"
"30,45 : 0.4031"
"45,30 : 0.4031"
"30,46 : 0.6041"
"46,30 : 0.6041"
"30,47 : 0.3276"
"47,30 : 0.3276"
"30,48 : 0.2617"
"48,30 : 0.2617"
"30,49 : 1.0375"
"49,30 : 1.0375"
"31,32 : 0.2886"
"32,31 : 0.2886"
"31,33 : 0.4742"
"33,31 : 0.4742"
"31,34 : 0.7801"
"34,31 : 0.7801"
"31,35 : 0.4713"
"35,31 : 0.4713"
"31,36 : 0.0854"
"36,31 : 0.0854"
"31,37 : 0.4026"
"37,31 : 0.4026"
"31,38 : 0.3406"
"38,31 : 0.3406"
"31,39 : 0.7666"
"39,31 : 0.7666"
"31,40 : 0.8062"
"40,31 : 0.8062"
"31,41 : 0.4925"
"41,31 : 0.4925"
"31,42 : 0.5459"
"42,31 : 0.5459"
"31,43 : 0.8022"
"43,31 : 0.8022"
"31,44 : 0.8401"
"44,31 : 0.8401"
"31,45 : 0.6127"
"45,31 : 0.6127"
"31,46 : 0.099"
"46,31 : 0.099"
"31,47 : 0.1897"
"47,31 : 0.1897"
"31,48 : 0.3256"
"48,31 : 0.3256"
"31,49 : 0.801"
"49,31 : 0.801"
"32,33 : 0.1985"
"33,32 : 0.1985"
"32,34 : 0.7228"
"34,32 : 0.7228"
"32,35 : 0.1838"
"35,32 : 0.1838"
"32,36 : 0.3444"
"36,32 : 0.3444"
"32,37 : 0.5967"
"37,32 : 0.5967"
"32,38 : 0.1992"
"38,32 : 0.1992"
"32,39 : 0.478"
"39,32 : 0.478"
"32,40 : 0.5235"
"40,32 : 0.5235"
"32,41 : 0.2419"
"41,32 : 0.2419"
"32,42 : 0.5504"
"42,32 : 0.5504"
"32,43 : 0.5201"
"43,32 : 0.5201"
"32,44 : 0.5533"
"44,32 : 0.5533"
"32,45 : 0.6201"
"45,32 : 0.6201"
"32,46 : 0.21"
"46,32 : 0.21"
"32,47 : 0.422"
"47,32 : 0.422"
"32,48 : 0.4478"
"48,32 : 0.4478"
"32,49 : 0.5315"
"49,32 : 0.5315"
"33,34 : 0.8305"
"34,33 : 0.8305"
"33,35 : 0.0632"
"35,33 : 0.0632"
"33,36 : 0.5385"
"36,33 : 0.5385"
"33,37 : 0.7931"
"37,33 : 0.7931"
"33,38 : 0.2184"
"38,33 : 0.2184"
"33,39 : 0.31"
"39,33 : 0.31"
"33,40 : 0.3324"
"40,33 : 0.3324"
"33,41 : 0.2571"
"41,33 : 0.2571"
"33,42 : 0.7009"
"42,33 : 0.7009"
"33,43 : 0.3956"
"43,33 : 0.3956"
"33,44 : 0.4061"
"44,33 : 0.4061"
"33,45 : 0.7669"
"45,33 : 0.7669"
"33,46 : 0.3828"
"46,33 : 0.3828"
"33,47 : 0.6201"
"47,33 : 0.6201"
"33,48 : 0.6382"
"48,33 : 0.6382"
"33,49 : 0.441"
"49,33 : 0.441"
"34,35 : 0.7701"
"35,34 : 0.7701"
"34,36 : 0.7366"
"36,34 : 0.7366"
"34,37 : 0.6093"
"37,34 : 0.6093"
"34,38 : 0.9218"
"38,34 : 0.9218"
"34,39 : 0.876"
"39,34 : 0.876"
"34,40 : 0.9904"
"40,34 : 0.9904"
"34,41 : 0.5808"
"41,34 : 0.5808"
"34,42 : 0.25"
"42,34 : 0.25"
"34,43 : 0.7692"
"43,34 : 0.7692"
"34,44 : 0.8453"
"44,34 : 0.8453"
"34,45 : 0.2062"
"45,34 : 0.2062"
"34,46 : 0.8013"
"46,34 : 0.8013"
"34,47 : 0.6877"
"47,34 : 0.6877"
"34,48 : 0.5061"
"48,34 : 0.5061"
"34,49 : 0.681"
"49,34 : 0.681"
"35,36 : 0.528"
"36,35 : 0.528"
"35,37 : 0.7638"
"37,35 : 0.7638"
"35,38 : 0.2594"
"38,35 : 0.2594"
"35,39 : 0.2961"
"39,35 : 0.2961"
"35,40 : 0.3413"
"40,35 : 0.3413"
"35,41 : 0.1942"
"41,35 : 0.1942"
"35,42 : 0.6485"
"42,35 : 0.6485"
"35,43 : 0.359"
"43,35 : 0.359"
"35,44 : 0.3801"
"44,35 : 0.3801"
"35,45 : 0.7131"
"45,35 : 0.7131"
"35,46 : 0.3864"
"46,35 : 0.3864"
"35,47 : 0.6021"
"47,35 : 0.6021"
"35,48 : 0.6031"
"48,35 : 0.6031"
"35,49 : 0.3936"
"49,35 : 0.3936"
"36,37 : 0.3178"
"37,36 : 0.3178"
"36,38 : 0.422"
"38,36 : 0.422"
"36,39 : 0.8193"
"39,36 : 0.8193"
"36,40 : 0.8677"
"40,36 : 0.8677"
"36,41 : 0.5209"
"41,36 : 0.5209"
"36,42 : 0.4941"
"42,36 : 0.4941"
"36,43 : 0.8417"
"43,36 : 0.8417"
"36,44 : 0.8853"
"44,36 : 0.8853"
"36,45 : 0.5576"
"45,36 : 0.5576"
"36,46 : 0.1803"
"46,36 : 0.1803"
"36,47 : 0.1044"
"47,36 : 0.1044"
"36,48 : 0.2563"
"48,36 : 0.2563"
"36,49 : 0.831"
"49,36 : 0.831"
"37,38 : 0.7245"
"38,37 : 0.7245"
"37,39 : 1.0265"
"39,37 : 1.0265"
"37,40 : 1.0999"
"40,37 : 1.0999"
"37,41 : 0.681"
"41,37 : 0.681"
"37,42 : 0.3711"
"42,37 : 0.3711"
"37,43 : 1.0062"
"43,37 : 1.0062"
"37,44 : 1.0655"
"44,37 : 1.0655"
"37,45 : 0.4031"
"45,37 : 0.4031"
"37,46 : 0.4904"
"46,37 : 0.4904"
"37,47 : 0.2138"
"47,37 : 0.2138"
"37,48 : 0.1746"
"48,37 : 0.1746"
"37,49 : 0.9657"
"49,37 : 0.9657"
"38,39 : 0.5235"
"39,38 : 0.5235"
"38,40 : 0.5235"
"40,38 : 0.5235"
"38,41 : 0.4111"
"41,38 : 0.4111"
"38,42 : 0.7411"
"42,38 : 0.7411"
"38,43 : 0.6135"
"43,38 : 0.6135"
"38,44 : 0.6237"
"44,38 : 0.6237"
"38,45 : 0.8115"
"45,38 : 0.8115"
"38,46 : 0.2421"
"46,38 : 0.2421"
"38,47 : 0.5215"
"47,38 : 0.5215"
"38,48 : 0.6017"
"48,38 : 0.6017"
"38,49 : 0.653"
"49,38 : 0.653"
"39,40 : 0.12"
"40,39 : 0.12"
"39,41 : 0.3536"
"41,39 : 0.3536"
"39,42 : 0.8323"
"42,39 : 0.8323"
"39,43 : 0.1523"
"43,39 : 0.1523"
"39,44 : 0.114"
"44,39 : 0.114"
"39,45 : 0.8851"
"45,39 : 0.8851"
"39,46 : 0.6825"
"46,39 : 0.6825"
"39,47 : 0.8857"
"47,39 : 0.8857"
"39,48 : 0.856"
"48,39 : 0.856"
"39,49 : 0.2474"
"49,39 : 0.2474"
"40,41 : 0.4465"
"41,40 : 0.4465"
"40,42 : 0.933"
"42,40 : 0.933"
"40,43 : 0.2668"
"43,40 : 0.2668"
"40,44 : 0.2102"
"44,40 : 0.2102"
"40,45 : 0.9888"
"45,40 : 0.9888"
"40,46 : 0.7151"
"46,40 : 0.7151"
"40,47 : 0.9434"
"47,40 : 0.9434"
"40,48 : 0.9338"
"48,40 : 0.9338"
"40,49 : 0.365"
"49,40 : 0.365"
"41,42 : 0.4876"
"42,41 : 0.4876"
"41,43 : 0.3289"
"43,41 : 0.3289"
"41,44 : 0.3847"
"44,41 : 0.3847"
"41,45 : 0.5463"
"45,41 : 0.5463"
"41,46 : 0.4368"
"46,41 : 0.4368"
"41,47 : 0.5652"
"47,41 : 0.5652"
"41,48 : 0.5077"
"48,41 : 0.5077"
"41,49 : 0.3102"
"49,41 : 0.3102"
"42,43 : 0.7637"
"43,42 : 0.7637"
"42,44 : 0.8349"
"44,42 : 0.8349"
"42,45 : 0.0707"
"45,42 : 0.0707"
"42,46 : 0.5819"
"46,42 : 0.5819"
"42,47 : 0.4386"
"47,42 : 0.4386"
"42,48 : 0.2561"
"48,42 : 0.2561"
"42,49 : 0.6966"
