x,y
0.26,0.62
0.81,0.31
0.78,0.27
0.81,0.32
0.55,0.31
0.65,0.84
0.8,0.4
0.21,0.73
0.17,0.16
0.37,0.01
0.21,0.25
0.78,0.56
0.53,0.61
0.25,0.65
0.54,0.28
0.91,0.92
0.04,0.21
0.95,0.08
0.51,0.61
0.67,0.58
0.15,0.88
0.76,0.15
0.55,0.44
0.26,0.03
0.62,0.43
0.45,0.28
0.02,0.18
0.49,0.59
0.8,0.08
0.96,0.77
0.69,0.08
0.57,0.5
0.26,0.73
0.42,0.59
0.31,0.55
0.24,0.08
0.72,0.34
0.71,0.06
0.31,0.09
0.54,0.22
0.42,0.33
0.6,0.26
0.29,0.01
0.6,0.54
0.83,0.25
0.09,0.01
0.32,0.46
0.53,0.28
0.88,0.53
0.51,0.67

Distanze
"0,1 : 0.6313"
"1,0 : 0.6313"
"0,2 : 0.6268"
"2,0 : 0.6268"
"0,3 : 0.6265"
"3,0 : 0.6265"
"0,4 : 0.4245"
"4,0 : 0.4245"
"0,5 : 0.4478"
"5,0 : 0.4478"
"0,6 : 0.5831"
"6,0 : 0.5831"
"0,7 : 0.1208"
"7,0 : 0.1208"
"0,8 : 0.4687"
"8,0 : 0.4687"
"0,9 : 0.6198"
"9,0 : 0.6198"
"0,10 : 0.3734"
"10,0 : 0.3734"
"0,11 : 0.5235"
"11,0 : 0.5235"
"0,12 : 0.2702"
"12,0 : 0.2702"
"0,13 : 0.0316"
"13,0 : 0.0316"
"0,14 : 0.4405"
"14,0 : 0.4405"
"0,15 : 0.7159"
"15,0 : 0.7159"
"0,16 : 0.4653"
"16,0 : 0.4653"
"0,17 : 0.8762"
"17,0 : 0.8762"
"0,18 : 0.2502"
"18,0 : 0.2502"
"0,19 : 0.4119"
"19,0 : 0.4119"
"0,20 : 0.2823"
"20,0 : 0.2823"
"0,21 : 0.6862"
"21,0 : 0.6862"
"0,22 : 0.3413"
"22,0 : 0.3413"
"0,23 : 0.59"
"23,0 : 0.59"
"0,24 : 0.4071"
"24,0 : 0.4071"
"0,25 : 0.3895"
"25,0 : 0.3895"
"0,26 : 0.5012"
"26,0 : 0.5012"
"0,27 : 0.2319"
"27,0 : 0.2319"
"0,28 : 0.7637"
"28,0 : 0.7637"
"0,29 : 0.7159"
"29,0 : 0.7159"
"0,30 : 0.6903"
"30,0 : 0.6903"
"0,31 : 0.3324"
"31,0 : 0.3324"
"0,32 : 0.11"
"32,0 : 0.11"
"0,33 : 0.1628"
"33,0 : 0.1628"
"0,34 : 0.086"
"34,0 : 0.086"
"0,35 : 0.5404"
"35,0 : 0.5404"
"0,36 : 0.5385"
"36,0 : 0.5385"
"0,37 : 0.7184"
"37,0 : 0.7184"
"0,38 : 0.5324"
"38,0 : 0.5324"
"0,39 : 0.4883"
"39,0 : 0.4883"
"0,40 : 0.3312"
"40,0 : 0.3312"
"0,41 : 0.4952"
"41,0 : 0.4952"
"0,42 : 0.6107"
"42,0 : 0.6107"
"0,43 : 0.3493"
"43,0 : 0.3493"
"0,44 : 0.6796"
"44,0 : 0.6796"
"0,45 : 0.6332"
"45,0 : 0.6332"
"0,46 : 0.1709"
"46,0 : 0.1709"
"0,47 : 0.4342"
"47,0 : 0.4342"
"0,48 : 0.6265"
"48,0 : 0.6265"
"0,49 : 0.255"
"49,0 : 0.255"
"1,2 : 0.05"
"2,1 : 0.05"
"1,3 : 0.01"
"3,1 : 0.01"
"1,4 : 0.26"
"4,1 : 0.26"
"1,5 : 0.5536"
"5,1 : 0.5536"
"1,6 : 0.0906"
"6,1 : 0.0906"
"1,7 : 0.7324"
"7,1 : 0.7324"
"1,8 : 0.6573"
"8,1 : 0.6573"
"1,9 : 0.5325"
"9,1 : 0.5325"
"1,10 : 0.603"
"10,1 : 0.603"
"1,11 : 0.2518"
"11,1 : 0.2518"
"1,12 : 0.4104"
"12,1 : 0.4104"
"1,13 : 0.6551"
"13,1 : 0.6551"
"1,14 : 0.2717"
"14,1 : 0.2717"
"1,15 : 0.6181"
"15,1 : 0.6181"
"1,16 : 0.7765"
"16,1 : 0.7765"
"1,17 : 0.2693"
"17,1 : 0.2693"
"1,18 : 0.4243"
"18,1 : 0.4243"
"1,19 : 0.3041"
"19,1 : 0.3041"
"1,20 : 0.8721"
"20,1 : 0.8721"
"1,21 : 0.1676"
"21,1 : 0.1676"
"1,22 : 0.2907"
"22,1 : 0.2907"
"1,23 : 0.6172"
"23,1 : 0.6172"
"1,24 : 0.2247"
"24,1 : 0.2247"
"1,25 : 0.3612"
"25,1 : 0.3612"
"1,26 : 0.8006"
"26,1 : 0.8006"
"1,27 : 0.4252"
"27,1 : 0.4252"
"1,28 : 0.2302"
"28,1 : 0.2302"
"1,29 : 0.4838"
"29,1 : 0.4838"
"1,30 : 0.2594"
"30,1 : 0.2594"
"1,31 : 0.3061"
"31,1 : 0.3061"
"1,32 : 0.692"
"32,1 : 0.692"
"1,33 : 0.4801"
"33,1 : 0.4801"
"1,34 : 0.5546"
"34,1 : 0.5546"
"1,35 : 0.6147"
"35,1 : 0.6147"
"1,36 : 0.0949"
"36,1 : 0.0949"
"1,37 : 0.2693"
"37,1 : 0.2693"
"1,38 : 0.5463"
"38,1 : 0.5463"
"1,39 : 0.2846"
"39,1 : 0.2846"
"1,40 : 0.3905"
"40,1 : 0.3905"
"1,41 : 0.2159"
"41,1 : 0.2159"
"1,42 : 0.6003"
"42,1 : 0.6003"
"1,43 : 0.3114"
"43,1 : 0.3114"
"1,44 : 0.0632"
"44,1 : 0.0632"
"1,45 : 0.78"
"45,1 : 0.78"
"1,46 : 0.5124"
"46,1 : 0.5124"
"1,47 : 0.2816"
"47,1 : 0.2816"
"1,48 : 0.2309"
"48,1 : 0.2309"
"1,49 : 0.4686"
"49,1 : 0.4686"
"2,3 : 0.0583"
"3,2 : 0.0583"
"2,4 : 0.2335"
"4,2 : 0.2335"
"2,5 : 0.5846"
"5,2 : 0.5846"
"2,6 : 0.1315"
"6,2 : 0.1315"
"2,7 : 0.7325"
"7,2 : 0.7325"
"2,8 : 0.6198"
"8,2 : 0.6198"
"2,9 : 0.4855"
"9,2 : 0.4855"
"2,10 : 0.5704"
"10,2 : 0.5704"
"2,11 : 0.29"
"11,2 : 0.29"
"2,12 : 0.422"
"12,2 : 0.422"
"2,13 : 0.6522"
"13,2 : 0.6522"
"2,14 : 0.2402"
"14,2 : 0.2402"
"2,15 : 0.6629"
"15,2 : 0.6629"
"2,16 : 0.7424"
"16,2 : 0.7424"
"2,17 : 0.255"
"17,2 : 0.255"
"2,18 : 0.4342"
"18,2 : 0.4342"
"2,19 : 0.3289"
"19,2 : 0.3289"
"2,20 : 0.8769"
"20,2 : 0.8769"
"2,21 : 0.1217"
"21,2 : 0.1217"
"2,22 : 0.286"
"22,2 : 0.286"
"2,23 : 0.5727"
"23,2 : 0.5727"
"2,24 : 0.2263"
"24,2 : 0.2263"
"2,25 : 0.3302"
"25,2 : 0.3302"
"2,26 : 0.7653"
"26,2 : 0.7653"
"2,27 : 0.4319"
"27,2 : 0.4319"
"2,28 : 0.191"
"28,2 : 0.191"
"2,29 : 0.5314"
"29,2 : 0.5314"
"2,30 : 0.2102"
"30,2 : 0.2102"
"2,31 : 0.3114"
"31,2 : 0.3114"
"2,32 : 0.6943"
"32,2 : 0.6943"
"2,33 : 0.4817"
"33,2 : 0.4817"
"2,34 : 0.5471"
"34,2 : 0.5471"
"2,35 : 0.5725"
"35,2 : 0.5725"
"2,36 : 0.0922"
"36,2 : 0.0922"
"2,37 : 0.2214"
"37,2 : 0.2214"
"2,38 : 0.5033"
"38,2 : 0.5033"
"2,39 : 0.2452"
"39,2 : 0.2452"
"2,40 : 0.365"
"40,2 : 0.365"
"2,41 : 0.1803"
"41,2 : 0.1803"
"2,42 : 0.5547"
"42,2 : 0.5547"
"2,43 : 0.3245"
"43,2 : 0.3245"
"2,44 : 0.0539"
"44,2 : 0.0539"
"2,45 : 0.7374"
"45,2 : 0.7374"
"2,46 : 0.4977"
"46,2 : 0.4977"
"2,47 : 0.2502"
"47,2 : 0.2502"
"2,48 : 0.2786"
"48,2 : 0.2786"
"2,49 : 0.4826"
"49,2 : 0.4826"
"3,4 : 0.2602"
"4,3 : 0.2602"
"3,5 : 0.5441"
"5,3 : 0.5441"
"3,6 : 0.0806"
"6,3 : 0.0806"
"3,7 : 0.7267"
"7,3 : 0.7267"
"3,8 : 0.6597"
"8,3 : 0.6597"
"3,9 : 0.5382"
"9,3 : 0.5382"
"3,10 : 0.6041"
"10,3 : 0.6041"
"3,11 : 0.2419"
"11,3 : 0.2419"
"3,12 : 0.4031"
"12,3 : 0.4031"
"3,13 : 0.65"
"13,3 : 0.65"
"3,14 : 0.2729"
"14,3 : 0.2729"
"3,15 : 0.6083"
"15,3 : 0.6083"
"3,16 : 0.7778"
"16,3 : 0.7778"
"3,17 : 0.2778"
"17,3 : 0.2778"
"3,18 : 0.4173"
"18,3 : 0.4173"
"3,19 : 0.2953"
"19,3 : 0.2953"
"3,20 : 0.8656"
"20,3 : 0.8656"
"3,21 : 0.1772"
"21,3 : 0.1772"
"3,22 : 0.2864"
"22,3 : 0.2864"
"3,23 : 0.6218"
"23,3 : 0.6218"
"3,24 : 0.2195"
"24,3 : 0.2195"
"3,25 : 0.3622"
"25,3 : 0.3622"
"3,26 : 0.8023"
"26,3 : 0.8023"
"3,27 : 0.4187"
"27,3 : 0.4187"
"3,28 : 0.2402"
"28,3 : 0.2402"
"3,29 : 0.4743"
"29,3 : 0.4743"
"3,30 : 0.2683"
"30,3 : 0.2683"
"3,31 : 0.3"
"31,3 : 0.3"
"3,32 : 0.686"
"32,3 : 0.686"
"3,33 : 0.4743"
"33,3 : 0.4743"
"3,34 : 0.5504"
"34,3 : 0.5504"
"3,35 : 0.6185"
"35,3 : 0.6185"
"3,36 : 0.0922"
"36,3 : 0.0922"
"3,37 : 0.2786"
"37,3 : 0.2786"
"3,38 : 0.5504"
"38,3 : 0.5504"
"3,39 : 0.2879"
"39,3 : 0.2879"
"3,40 : 0.3901"
"40,3 : 0.3901"
"3,41 : 0.2184"
"41,3 : 0.2184"
"3,42 : 0.6054"
"42,3 : 0.6054"
"3,43 : 0.3041"
"43,3 : 0.3041"
"3,44 : 0.0728"
"44,3 : 0.0728"
"3,45 : 0.7839"
"45,3 : 0.7839"
"3,46 : 0.5096"
"46,3 : 0.5096"
"3,47 : 0.2828"
"47,3 : 0.2828"
"3,48 : 0.2214"
"48,3 : 0.2214"
"3,49 : 0.461"
"49,3 : 0.461"
"4,5 : 0.5394"
"5,4 : 0.5394"
"4,6 : 0.2657"
"6,4 : 0.2657"
"4,7 : 0.5404"
"7,4 : 0.5404"
"4,8 : 0.4085"
"8,4 : 0.4085"
"4,9 : 0.3499"
"9,4 : 0.3499"
"4,10 : 0.3453"
"10,4 : 0.3453"
"4,11 : 0.3397"
"11,4 : 0.3397"
"4,12 : 0.3007"
"12,4 : 0.3007"
"4,13 : 0.4534"
"13,4 : 0.4534"
"4,14 : 0.0316"
"14,4 : 0.0316"
"4,15 : 0.7083"
"15,4 : 0.7083"
"4,16 : 0.5197"
"16,4 : 0.5197"
"4,17 : 0.4614"
"17,4 : 0.4614"
"4,18 : 0.3027"
"18,4 : 0.3027"
"4,19 : 0.2955"
"19,4 : 0.2955"
"4,20 : 0.6963"
"20,4 : 0.6963"
"4,21 : 0.264"
"21,4 : 0.264"
"4,22 : 0.13"
"22,4 : 0.13"
"4,23 : 0.4031"
"23,4 : 0.4031"
"4,24 : 0.1389"
"24,4 : 0.1389"
"4,25 : 0.1044"
"25,4 : 0.1044"
"4,26 : 0.5457"
"26,4 : 0.5457"
"4,27 : 0.2864"
"27,4 : 0.2864"
"4,28 : 0.3397"
"28,4 : 0.3397"
"4,29 : 0.6162"
"29,4 : 0.6162"
"4,30 : 0.2693"
"30,4 : 0.2693"
"4,31 : 0.191"
"31,4 : 0.191"
"4,32 : 0.5104"
"32,4 : 0.5104"
"4,33 : 0.3087"
"33,4 : 0.3087"
"4,34 : 0.3394"
"34,4 : 0.3394"
"4,35 : 0.386"
"35,4 : 0.386"
"4,36 : 0.1726"
"36,4 : 0.1726"
"4,37 : 0.2968"
"37,4 : 0.2968"
"4,38 : 0.3256"
"38,4 : 0.3256"
"4,39 : 0.0906"
"39,4 : 0.0906"
"4,40 : 0.1315"
"40,4 : 0.1315"
"4,41 : 0.0707"
"41,4 : 0.0707"
"4,42 : 0.397"
"42,4 : 0.397"
"4,43 : 0.2354"
"43,4 : 0.2354"
"4,44 : 0.2864"
"44,4 : 0.2864"
"4,45 : 0.5492"
"45,4 : 0.5492"
"4,46 : 0.2746"
"46,4 : 0.2746"
"4,47 : 0.0361"
"47,4 : 0.0361"
"4,48 : 0.3966"
"48,4 : 0.3966"
"4,49 : 0.3622"
"49,4 : 0.3622"
"5,6 : 0.4649"
"6,5 : 0.4649"
"5,7 : 0.4535"
"7,5 : 0.4535"
"5,8 : 0.8323"
"8,5 : 0.8323"
"5,9 : 0.876"
"9,5 : 0.876"
"5,10 : 0.736"
"10,5 : 0.736"
"5,11 : 0.3087"
"11,5 : 0.3087"
"5,12 : 0.2594"
"12,5 : 0.2594"
"5,13 : 0.4428"
"13,5 : 0.4428"
"5,14 : 0.5707"
"14,5 : 0.5707"
"5,15 : 0.272"
"15,5 : 0.272"
"5,16 : 0.8769"
"16,5 : 0.8769"
"5,17 : 0.8171"
"17,5 : 0.8171"
"5,18 : 0.2693"
"18,5 : 0.2693"
"5,19 : 0.2608"
"19,5 : 0.2608"
"5,20 : 0.5016"
"20,5 : 0.5016"
"5,21 : 0.6987"
"21,5 : 0.6987"
"5,22 : 0.4123"
"22,5 : 0.4123"
"5,23 : 0.899"
"23,5 : 0.899"
"5,24 : 0.4111"
"24,5 : 0.4111"
"5,25 : 0.5946"
"25,5 : 0.5946"
"5,26 : 0.9124"
"26,5 : 0.9124"
"5,27 : 0.2968"
"27,5 : 0.2968"
"5,28 : 0.7747"
"28,5 : 0.7747"
"5,29 : 0.3178"
"29,5 : 0.3178"
"5,30 : 0.7611"
"30,5 : 0.7611"
"5,31 : 0.3493"
"31,5 : 0.3493"
"5,32 : 0.4052"
"32,5 : 0.4052"
"5,33 : 0.3397"
"33,5 : 0.3397"
"5,34 : 0.4469"
"34,5 : 0.4469"
"5,35 : 0.8635"
"35,5 : 0.8635"
"5,36 : 0.5049"
"36,5 : 0.5049"
"5,37 : 0.7823"
"37,5 : 0.7823"
"5,38 : 0.8235"
"38,5 : 0.8235"
"5,39 : 0.6297"
"39,5 : 0.6297"
"5,40 : 0.5595"
"40,5 : 0.5595"
"5,41 : 0.5822"
"41,5 : 0.5822"
"5,42 : 0.9047"
"42,5 : 0.9047"
"5,43 : 0.3041"
"43,5 : 0.3041"
"5,44 : 0.6168"
"44,5 : 0.6168"
"5,45 : 1.0012"
"45,5 : 1.0012"
"5,46 : 0.5033"
"46,5 : 0.5033"
"5,47 : 0.5727"
"47,5 : 0.5727"
"5,48 : 0.386"
"48,5 : 0.386"
"5,49 : 0.2202"
"49,5 : 0.2202"
"6,7 : 0.676"
"7,6 : 0.676"
"6,8 : 0.6742"
"8,6 : 0.6742"
"6,9 : 0.5805"
"9,6 : 0.5805"
"6,10 : 0.6088"
"10,6 : 0.6088"
"6,11 : 0.1612"
"11,6 : 0.1612"
"6,12 : 0.3421"
"12,6 : 0.3421"
"6,13 : 0.6042"
"13,6 : 0.6042"
"6,14 : 0.2864"
"14,6 : 0.2864"
"6,15 : 0.5315"
"15,6 : 0.5315"
"6,16 : 0.7834"
"16,6 : 0.7834"
"6,17 : 0.3534"
"17,6 : 0.3534"
"6,18 : 0.3581"
"18,6 : 0.3581"
"6,19 : 0.222"
"19,6 : 0.222"
"6,20 : 0.808"
"20,6 : 0.808"
"6,21 : 0.2532"
"21,6 : 0.2532"
"6,22 : 0.2532"
"22,6 : 0.2532"
"6,23 : 0.6546"
"23,6 : 0.6546"
"6,24 : 0.1825"
"24,6 : 0.1825"
"6,25 : 0.37"
"25,6 : 0.37"
"6,26 : 0.8104"
"26,6 : 0.8104"
"6,27 : 0.3636"
"27,6 : 0.3636"
"6,28 : 0.32"
"28,6 : 0.32"
"6,29 : 0.4031"
"29,6 : 0.4031"
"6,30 : 0.3384"
"30,6 : 0.3384"
"6,31 : 0.2508"
"31,6 : 0.2508"
"6,32 : 0.6329"
"32,6 : 0.6329"
"6,33 : 0.4249"
"33,6 : 0.4249"
"6,34 : 0.5124"
"34,6 : 0.5124"
"6,35 : 0.645"
"35,6 : 0.645"
"6,36 : 0.1"
"36,6 : 0.1"
"6,37 : 0.3517"
"37,6 : 0.3517"
"6,38 : 0.5798"
"38,6 : 0.5798"
"6,39 : 0.3162"
"39,6 : 0.3162"
"6,40 : 0.3864"
"40,6 : 0.3864"
"6,41 : 0.2441"
"41,6 : 0.2441"
"6,42 : 0.642"
"42,6 : 0.642"
"6,43 : 0.2441"
"43,6 : 0.2441"
"6,44 : 0.153"
"44,6 : 0.153"
"6,45 : 0.8101"
"45,6 : 0.8101"
"6,46 : 0.4837"
"46,6 : 0.4837"
"6,47 : 0.2955"
"47,6 : 0.2955"
"6,48 : 0.1526"
"48,6 : 0.1526"
"6,49 : 0.3962"
"49,6 : 0.3962"
"7,8 : 0.5714"
"8,7 : 0.5714"
"7,9 : 0.7376"
"9,7 : 0.7376"
"7,10 : 0.48"
"10,7 : 0.48"
"7,11 : 0.5948"
"11,7 : 0.5948"
"7,12 : 0.3418"
"12,7 : 0.3418"
"7,13 : 0.0894"
"13,7 : 0.0894"
"7,14 : 0.558"
"14,7 : 0.558"
"7,15 : 0.7253"
"15,7 : 0.7253"
"7,16 : 0.5471"
"16,7 : 0.5471"
"7,17 : 0.9849"
"17,7 : 0.9849"
"7,18 : 0.3231"
"18,7 : 0.3231"
"7,19 : 0.4838"
"19,7 : 0.4838"
"7,20 : 0.1616"
"20,7 : 0.1616"
"7,21 : 0.7993"
"21,7 : 0.7993"
"7,22 : 0.4469"
"22,7 : 0.4469"
"7,23 : 0.7018"
"23,7 : 0.7018"
"7,24 : 0.508"
"24,7 : 0.508"
"7,25 : 0.51"
"25,7 : 0.51"
"7,26 : 0.5819"
"26,7 : 0.5819"
"7,27 : 0.313"
"27,7 : 0.313"
"7,28 : 0.8778"
"28,7 : 0.8778"
"7,29 : 0.7511"
"29,7 : 0.7511"
"7,30 : 0.808"
"30,7 : 0.808"
"7,31 : 0.4272"
"31,7 : 0.4272"
"7,32 : 0.05"
"32,7 : 0.05"
"7,33 : 0.2524"
"33,7 : 0.2524"
"7,34 : 0.2059"
"34,7 : 0.2059"
"7,35 : 0.6507"
"35,7 : 0.6507"
"7,36 : 0.642"
"36,7 : 0.642"
"7,37 : 0.836"
"37,7 : 0.836"
"7,38 : 0.6478"
"38,7 : 0.6478"
"7,39 : 0.6075"
"39,7 : 0.6075"
"7,40 : 0.4518"
"40,7 : 0.4518"
"7,41 : 0.6107"
"41,7 : 0.6107"
"7,42 : 0.7244"
"42,7 : 0.7244"
"7,43 : 0.4338"
"43,7 : 0.4338"
"7,44 : 0.7841"
"44,7 : 0.7841"
"7,45 : 0.7299"
"45,7 : 0.7299"
"7,46 : 0.2915"
"46,7 : 0.2915"
"7,47 : 0.5522"
"47,7 : 0.5522"
"7,48 : 0.6992"
"48,7 : 0.6992"
"7,49 : 0.3059"
"49,7 : 0.3059"
"8,9 : 0.25"
"9,8 : 0.25"
"8,10 : 0.0985"
"10,8 : 0.0985"
"8,11 : 0.7295"
"11,8 : 0.7295"
"8,12 : 0.5763"
"12,8 : 0.5763"
"8,13 : 0.4965"
"13,8 : 0.4965"
"8,14 : 0.389"
"14,8 : 0.389"
"8,15 : 1.0608"
"15,8 : 1.0608"
"8,16 : 0.1393"
"16,8 : 0.1393"
"8,17 : 0.7841"
"17,8 : 0.7841"
"8,18 : 0.564"
"18,8 : 0.564"
"8,19 : 0.653"
"19,8 : 0.653"
"8,20 : 0.7203"
"20,8 : 0.7203"
"8,21 : 0.5901"
"21,8 : 0.5901"
"8,22 : 0.472"
"22,8 : 0.472"
"8,23 : 0.1581"
"23,8 : 0.1581"
"8,24 : 0.5248"
"24,8 : 0.5248"
"8,25 : 0.3046"
"25,8 : 0.3046"
"8,26 : 0.1513"
"26,8 : 0.1513"
"8,27 : 0.536"
"27,8 : 0.536"
"8,28 : 0.6351"
"28,8 : 0.6351"
"8,29 : 0.9981"
"29,8 : 0.9981"
"8,30 : 0.5261"
"30,8 : 0.5261"
"8,31 : 0.525"
"31,8 : 0.525"
"8,32 : 0.5771"
"32,8 : 0.5771"
"8,33 : 0.4974"
"33,8 : 0.4974"
"8,34 : 0.4144"
"34,8 : 0.4144"
"8,35 : 0.1063"
"35,8 : 0.1063"
"8,36 : 0.5787"
"36,8 : 0.5787"
"8,37 : 0.5492"
"37,8 : 0.5492"
"8,38 : 0.1565"
"38,8 : 0.1565"
"8,39 : 0.3748"
"39,8 : 0.3748"
"8,40 : 0.3023"
"40,8 : 0.3023"
"8,41 : 0.4415"
"41,8 : 0.4415"
"8,42 : 0.1921"
"42,8 : 0.1921"
"8,43 : 0.5738"
"43,8 : 0.5738"
"8,44 : 0.6661"
"44,8 : 0.6661"
"8,45 : 0.17"
"45,8 : 0.17"
"8,46 : 0.3354"
"46,8 : 0.3354"
"8,47 : 0.3795"
"47,8 : 0.3795"
"8,48 : 0.8006"
"48,8 : 0.8006"
"8,49 : 0.6129"
"49,8 : 0.6129"
"9,10 : 0.2884"
"10,9 : 0.2884"
"9,11 : 0.686"
"11,9 : 0.686"
"9,12 : 0.621"
"12,9 : 0.621"
"9,13 : 0.6512"
"13,9 : 0.6512"
"9,14 : 0.3191"
"14,9 : 0.3191"
"9,15 : 1.0582"
"15,9 : 1.0582"
"9,16 : 0.3859"
"16,9 : 0.3859"
"9,17 : 0.5842"
"17,9 : 0.5842"
"9,18 : 0.6161"
"18,9 : 0.6161"
"9,19 : 0.6441"
"19,9 : 0.6441"
"9,20 : 0.8974"
"20,9 : 0.8974"
"9,21 : 0.4144"
"21,9 : 0.4144"
"9,22 : 0.4662"
"22,9 : 0.4662"
"9,23 : 0.1118"
"23,9 : 0.1118"
"9,24 : 0.4888"
"24,9 : 0.4888"
"9,25 : 0.2816"
"25,9 : 0.2816"
"9,26 : 0.3891"
"26,9 : 0.3891"
"9,27 : 0.5923"
"27,9 : 0.5923"
"9,28 : 0.4357"
"28,9 : 0.4357"
"9,29 : 0.9621"
"29,9 : 0.9621"
"9,30 : 0.3276"
"30,9 : 0.3276"
"9,31 : 0.5292"
"31,9 : 0.5292"
"9,32 : 0.7284"
"32,9 : 0.7284"
"9,33 : 0.5822"
"33,9 : 0.5822"
"9,34 : 0.5433"
"34,9 : 0.5433"
"9,35 : 0.1476"
"35,9 : 0.1476"
"9,36 : 0.481"
"36,9 : 0.481"
"9,37 : 0.3437"
"37,9 : 0.3437"
"9,38 : 0.1"
"38,9 : 0.1"
"9,39 : 0.2702"
"39,9 : 0.2702"
"9,40 : 0.3239"
"40,9 : 0.3239"
"9,41 : 0.3397"
"41,9 : 0.3397"
"9,42 : 0.08"
"42,9 : 0.08"
"9,43 : 0.5778"
"43,9 : 0.5778"
"9,44 : 0.5188"
"44,9 : 0.5188"
"9,45 : 0.28"
"45,9 : 0.28"
"9,46 : 0.4528"
"46,9 : 0.4528"
"9,47 : 0.3138"
"47,9 : 0.3138"
"9,48 : 0.7284"
"48,9 : 0.7284"
"9,49 : 0.6747"
"49,9 : 0.6747"
"10,11 : 0.6488"
"11,10 : 0.6488"
"10,12 : 0.4817"
"12,10 : 0.4817"
"10,13 : 0.402"
"13,10 : 0.402"
"10,14 : 0.3314"
"14,10 : 0.3314"
"10,15 : 0.969"
"15,10 : 0.969"
"10,16 : 0.1746"
"16,10 : 0.1746"
"10,17 : 0.7593"
"17,10 : 0.7593"
"10,18 : 0.4686"
"18,10 : 0.4686"
"10,19 : 0.5661"
"19,10 : 0.5661"
"10,20 : 0.6329"
"20,10 : 0.6329"
"10,21 : 0.559"
"21,10 : 0.559"
"10,22 : 0.3895"
"22,10 : 0.3895"
"10,23 : 0.2256"
"23,10 : 0.2256"
"10,24 : 0.4478"
"24,10 : 0.4478"
"10,25 : 0.2419"
"25,10 : 0.2419"
"10,26 : 0.2025"
"26,10 : 0.2025"
"10,27 : 0.4405"
"27,10 : 0.4405"
"10,28 : 0.614"
"28,10 : 0.614"
"10,29 : 0.9126"
"29,10 : 0.9126"
"10,30 : 0.5092"
"30,10 : 0.5092"
"10,31 : 0.4383"
"31,10 : 0.4383"
"10,32 : 0.4826"
"32,10 : 0.4826"
"10,33 : 0.3996"
"33,10 : 0.3996"
"10,34 : 0.3162"
"34,10 : 0.3162"
"10,35 : 0.1726"
"35,10 : 0.1726"
"10,36 : 0.5179"
"36,10 : 0.5179"
"10,37 : 0.5349"
"37,10 : 0.5349"
"10,38 : 0.1887"
"38,10 : 0.1887"
"10,39 : 0.3314"
"39,10 : 0.3314"
"10,40 : 0.2247"
"40,10 : 0.2247"
"10,41 : 0.3901"
"41,10 : 0.3901"
"10,42 : 0.253"
"42,10 : 0.253"
"10,43 : 0.486"
"43,10 : 0.486"
"10,44 : 0.62"
"44,10 : 0.62"
"10,45 : 0.2683"
"45,10 : 0.2683"
"10,46 : 0.2371"
"46,10 : 0.2371"
"10,47 : 0.3214"
"47,10 : 0.3214"
"10,48 : 0.7262"
"48,10 : 0.7262"
"10,49 : 0.5161"
"49,10 : 0.5161"
"11,12 : 0.255"
"12,11 : 0.255"
"11,13 : 0.5376"
"13,11 : 0.5376"
"11,14 : 0.3688"
"14,11 : 0.3688"
"11,15 : 0.3828"
"15,11 : 0.3828"
"11,16 : 0.8186"
"16,11 : 0.8186"
"11,17 : 0.5092"
"17,11 : 0.5092"
"11,18 : 0.2746"
"18,11 : 0.2746"
"11,19 : 0.1118"
"19,11 : 0.1118"
"11,20 : 0.7066"
"20,11 : 0.7066"
"11,21 : 0.4105"
"21,11 : 0.4105"
"11,22 : 0.2594"
"22,11 : 0.2594"
"11,23 : 0.7425"
"23,11 : 0.7425"
"11,24 : 0.2062"
"24,11 : 0.2062"
"11,25 : 0.4328"
"25,11 : 0.4328"
"11,26 : 0.8497"
"26,11 : 0.8497"
"11,27 : 0.2915"
"27,11 : 0.2915"
"11,28 : 0.4804"
"28,11 : 0.4804"
"11,29 : 0.2766"
"29,11 : 0.2766"
"11,30 : 0.4884"
"30,11 : 0.4884"
"11,31 : 0.2184"
"31,11 : 0.2184"
"11,32 : 0.5471"
"32,11 : 0.5471"
"11,33 : 0.3612"
"33,11 : 0.3612"
"11,34 : 0.4701"
"34,11 : 0.4701"
"11,35 : 0.7225"
"35,11 : 0.7225"
"11,36 : 0.228"
"36,11 : 0.228"
"11,37 : 0.5049"
"37,11 : 0.5049"
"11,38 : 0.6647"
"38,11 : 0.6647"
"11,39 : 0.4162"
"39,11 : 0.4162"
"11,40 : 0.4272"
"40,11 : 0.4272"
"11,41 : 0.3499"
"41,11 : 0.3499"
"11,42 : 0.7366"
"42,11 : 0.7366"
"11,43 : 0.1811"
"43,11 : 0.1811"
"11,44 : 0.314"
"44,11 : 0.314"
"11,45 : 0.8824"
"45,11 : 0.8824"
"11,46 : 0.4707"
"46,11 : 0.4707"
"11,47 : 0.3754"
"47,11 : 0.3754"
"11,48 : 0.1044"
"48,11 : 0.1044"
"11,49 : 0.2915"
"49,11 : 0.2915"
"12,13 : 0.2828"
"13,12 : 0.2828"
"12,14 : 0.3302"
"14,12 : 0.3302"
"12,15 : 0.4904"
"15,12 : 0.4904"
"12,16 : 0.6325"
"16,12 : 0.6325"
"12,17 : 0.6762"
"17,12 : 0.6762"
"12,18 : 0.02"
"18,12 : 0.02"
"12,19 : 0.1432"
"19,12 : 0.1432"
"12,20 : 0.4662"
"20,12 : 0.4662"
"12,21 : 0.5143"
"21,12 : 0.5143"
"12,22 : 0.1712"
"22,12 : 0.1712"
"12,23 : 0.6398"
"23,12 : 0.6398"
"12,24 : 0.2012"
"24,12 : 0.2012"
"12,25 : 0.3396"
"25,12 : 0.3396"
"12,26 : 0.6671"
"26,12 : 0.6671"
"12,27 : 0.0447"
"27,12 : 0.0447"
"12,28 : 0.5948"
"28,12 : 0.5948"
"12,29 : 0.4588"
"29,12 : 0.4588"
"12,30 : 0.5536"
"30,12 : 0.5536"
"12,31 : 0.117"
"31,12 : 0.117"
"12,32 : 0.2955"
"32,12 : 0.2955"
"12,33 : 0.1118"
"33,12 : 0.1118"
"12,34 : 0.228"
"34,12 : 0.228"
"12,35 : 0.6042"
"35,12 : 0.6042"
"12,36 : 0.3302"
"36,12 : 0.3302"
"12,37 : 0.5787"
"37,12 : 0.5787"
"12,38 : 0.5646"
"38,12 : 0.5646"
"12,39 : 0.3901"
"39,12 : 0.3901"
"12,40 : 0.3008"
"40,12 : 0.3008"
"12,41 : 0.3569"
"41,12 : 0.3569"
"12,42 : 0.6462"
"42,12 : 0.6462"
"12,43 : 0.099"
"43,12 : 0.099"
"12,44 : 0.4686"
"44,12 : 0.4686"
"12,45 : 0.744"
"45,12 : 0.744"
"12,46 : 0.2581"
"46,12 : 0.2581"
"12,47 : 0.33"
"47,12 : 0.33"
"12,48 : 0.359"
"48,12 : 0.359"
"12,49 : 0.0632"
"49,12 : 0.0632"
"13,14 : 0.4701"
"14,13 : 0.4701"
"13,15 : 0.7131"
"15,13 : 0.7131"
"13,16 : 0.4875"
"16,13 : 0.4875"
"13,17 : 0.9027"
"17,13 : 0.9027"
"13,18 : 0.2631"
"18,13 : 0.2631"
"13,19 : 0.4258"
"19,13 : 0.4258"
"13,20 : 0.2508"
"20,13 : 0.2508"
"13,21 : 0.7142"
"21,13 : 0.7142"
"13,22 : 0.3662"
"22,13 : 0.3662"
"13,23 : 0.6201"
"23,13 : 0.6201"
"13,24 : 0.4305"
"24,13 : 0.4305"
"13,25 : 0.4206"
"25,13 : 0.4206"
"13,26 : 0.5233"
"26,13 : 0.5233"
"13,27 : 0.2474"
"27,13 : 0.2474"
"13,28 : 0.7921"
"28,13 : 0.7921"
"13,29 : 0.7201"
"29,13 : 0.7201"
"13,30 : 0.7201"
"30,13 : 0.7201"
"13,31 : 0.3534"
"31,13 : 0.3534"
"13,32 : 0.0806"
"32,13 : 0.0806"
"13,33 : 0.1803"
"33,13 : 0.1803"
"13,34 : 0.1166"
"34,13 : 0.1166"
"13,35 : 0.5701"
"35,13 : 0.5701"
"13,36 : 0.563"
"36,13 : 0.563"
"13,37 : 0.7481"
"37,13 : 0.7481"
"13,38 : 0.5632"
"38,13 : 0.5632"
"13,39 : 0.5187"
"39,13 : 0.5187"
"13,40 : 0.3624"
"40,13 : 0.3624"
"13,41 : 0.524"
"41,13 : 0.524"
"13,42 : 0.6412"
"42,13 : 0.6412"
"13,43 : 0.3669"
"43,13 : 0.3669"
"13,44 : 0.7046"
"44,13 : 0.7046"
"13,45 : 0.6597"
"45,13 : 0.6597"
"13,46 : 0.2025"
"46,13 : 0.2025"
"13,47 : 0.464"
"47,13 : 0.464"
"13,48 : 0.6413"
"48,13 : 0.6413"
"13,49 : 0.2608"
"49,13 : 0.2608"
"14,15 : 0.7393"
"15,14 : 0.7393"
"14,16 : 0.5049"
"16,14 : 0.5049"
"14,17 : 0.4562"
"17,14 : 0.4562"
"14,18 : 0.3314"
"18,14 : 0.3314"
"14,19 : 0.327"
"19,14 : 0.327"
"14,20 : 0.7156"
"20,14 : 0.7156"
"14,21 : 0.2555"
"21,14 : 0.2555"
"14,22 : 0.1603"
"22,14 : 0.1603"
"14,23 : 0.3754"
"23,14 : 0.3754"
"14,24 : 0.17"
"24,14 : 0.17"
"14,25 : 0.09"
"25,14 : 0.09"
"14,26 : 0.5295"
"26,14 : 0.5295"
"14,27 : 0.314"
"27,14 : 0.314"
"14,28 : 0.328"
"28,14 : 0.328"
"14,29 : 0.6454"
"29,14 : 0.6454"
"14,30 : 0.25"
"30,14 : 0.25"
"14,31 : 0.222"
"31,14 : 0.222"
"14,32 : 0.53"
"32,14 : 0.53"
"14,33 : 0.3324"
"33,14 : 0.3324"
"14,34 : 0.3547"
"34,14 : 0.3547"
"14,35 : 0.3606"
"35,14 : 0.3606"
"14,36 : 0.1897"
"36,14 : 0.1897"
"14,37 : 0.278"
"37,14 : 0.278"
"14,38 : 0.2983"
"38,14 : 0.2983"
"14,39 : 0.06"
"39,14 : 0.06"
"14,40 : 0.13"
"40,14 : 0.13"
"14,41 : 0.0632"
"41,14 : 0.0632"
"14,42 : 0.368"
"42,14 : 0.368"
"14,43 : 0.2668"
"43,14 : 0.2668"
"14,44 : 0.2915"
"44,14 : 0.2915"
"14,45 : 0.5248"
"45,14 : 0.5248"
"14,46 : 0.2843"
"46,14 : 0.2843"
"14,47 : 0.01"
"47,14 : 0.01"
"14,48 : 0.422"
"48,14 : 0.422"
"14,49 : 0.3912"
"49,14 : 0.3912"
"15,16 : 1.1229"
"16,15 : 1.1229"
"15,17 : 0.841"
"17,15 : 0.841"
"15,18 : 0.5061"
"18,15 : 0.5061"
"15,19 : 0.4162"
"19,15 : 0.4162"
"15,20 : 0.7611"
"20,15 : 0.7611"
"15,21 : 0.7845"
"21,15 : 0.7845"
"15,22 : 0.6"
"22,15 : 0.6"
"15,23 : 1.1021"
"23,15 : 1.1021"
"15,24 : 0.5694"
"24,15 : 0.5694"
"15,25 : 0.7882"
"25,15 : 0.7882"
"15,26 : 1.1575"
"26,15 : 1.1575"
"15,27 : 0.5341"
"27,15 : 0.5341"
"15,28 : 0.8472"
"28,15 : 0.8472"
"15,29 : 0.1581"
"29,15 : 0.1581"
"15,30 : 0.8683"
"30,15 : 0.8683"
"15,31 : 0.5404"
"31,15 : 0.5404"
"15,32 : 0.6772"
"32,15 : 0.6772"
"15,33 : 0.5908"
"33,15 : 0.5908"
"15,34 : 0.7049"
"34,15 : 0.7049"
"15,35 : 1.0745"
"35,15 : 1.0745"
"15,36 : 0.6103"
"36,15 : 0.6103"
"15,37 : 0.8829"
"37,15 : 0.8829"
"15,38 : 1.0242"
"38,15 : 1.0242"
"15,39 : 0.7918"
"39,15 : 0.7918"
"15,40 : 0.7669"
"40,15 : 0.7669"
"15,41 : 0.7292"
"41,15 : 0.7292"
"15,42 : 1.1011"
"42,15 : 1.1011"
"15,43 : 0.4904"
"43,15 : 0.4904"
"15,44 : 0.6748"
"44,15 : 0.6748"
"15,45 : 1.2249"
"45,15 : 1.2249"
"15,46 : 0.7481"
"46,15 : 0.7481"
"15,47 : 0.7443"
"47,15 : 0.7443"
"15,48 : 0.3912"
"48,15 : 0.3912"
"15,49 : 0.4717"
"49,15 : 0.4717"
"16,17 : 0.9192"
"17,16 : 0.9192"
"16,18 : 0.6172"
"18,16 : 0.6172"
"16,19 : 0.7306"
"19,16 : 0.7306"
"16,20 : 0.679"
"20,16 : 0.679"
"16,21 : 0.7225"
"21,16 : 0.7225"
"16,22 : 0.5595"
"22,16 : 0.5595"
"16,23 : 0.2843"
"23,16 : 0.2843"
"16,24 : 0.6203"
"24,16 : 0.6203"
"16,25 : 0.4159"
"25,16 : 0.4159"
"16,26 : 0.0361"
"26,16 : 0.0361"
"16,27 : 0.589"
"27,16 : 0.589"
"16,28 : 0.771"
"28,16 : 0.771"
"16,29 : 1.077"
"29,16 : 1.077"
"16,30 : 0.6629"
"30,16 : 0.6629"
"16,31 : 0.6042"
"31,16 : 0.6042"
"16,32 : 0.5646"
"32,16 : 0.5646"
"16,33 : 0.5374"
"33,16 : 0.5374"
"16,34 : 0.4342"
"34,16 : 0.4342"
"16,35 : 0.2385"
"35,16 : 0.2385"
"16,36 : 0.6923"
"36,16 : 0.6923"
"16,37 : 0.6866"
"37,16 : 0.6866"
"16,38 : 0.2955"
"38,16 : 0.2955"
"16,39 : 0.5001"
"39,16 : 0.5001"
"16,40 : 0.3985"
"40,16 : 0.3985"
"16,41 : 0.5622"
"41,16 : 0.5622"
"16,42 : 0.3202"
"42,16 : 0.3202"
"16,43 : 0.65"
"43,16 : 0.65"
"16,44 : 0.791"
"44,16 : 0.791"
"16,45 : 0.2062"
"45,16 : 0.2062"
"16,46 : 0.3754"
"46,16 : 0.3754"
"16,47 : 0.495"
"47,16 : 0.495"
"16,48 : 0.8989"
"48,16 : 0.8989"
"16,49 : 0.6576"
"49,16 : 0.6576"
"17,18 : 0.6888"
"18,17 : 0.6888"
"17,19 : 0.5731"
"19,17 : 0.5731"
"17,20 : 1.1314"
"20,17 : 1.1314"
"17,21 : 0.2025"
"21,17 : 0.2025"
"17,22 : 0.5381"
"22,17 : 0.5381"
"17,23 : 0.6918"
"23,17 : 0.6918"
"17,24 : 0.481"
"24,17 : 0.481"
"17,25 : 0.5385"
"25,17 : 0.5385"
"17,26 : 0.9354"
"26,17 : 0.9354"
"17,27 : 0.6868"
"27,17 : 0.6868"
"17,28 : 0.15"
"28,17 : 0.15"
"17,29 : 0.6901"
"29,17 : 0.6901"
"17,30 : 0.26"
"30,17 : 0.26"
"17,31 : 0.5664"
"31,17 : 0.5664"
"17,32 : 0.9479"
"32,17 : 0.9479"
"17,33 : 0.7355"
"33,17 : 0.7355"
"17,34 : 0.794"
"34,17 : 0.794"
"17,35 : 0.71"
"35,17 : 0.71"
"17,36 : 0.3471"
"36,17 : 0.3471"
"17,37 : 0.2408"
"37,17 : 0.2408"
"17,38 : 0.6401"
"38,17 : 0.6401"
"17,39 : 0.4332"
"39,17 : 0.4332"
"17,40 : 0.586"
"40,17 : 0.586"
"17,41 : 0.3936"
"41,17 : 0.3936"
"17,42 : 0.6637"
"42,17 : 0.6637"
"17,43 : 0.578"
"43,17 : 0.578"
"17,44 : 0.2081"
"44,17 : 0.2081"
"17,45 : 0.8628"
"45,17 : 0.8628"
"17,46 : 0.7357"
"46,17 : 0.7357"
"17,47 : 0.4652"
"47,17 : 0.4652"
"17,48 : 0.4554"
"48,17 : 0.4554"
"17,49 : 0.736"
"49,17 : 0.736"
"18,19 : 0.1628"
"19,18 : 0.1628"
"18,20 : 0.45"
"20,18 : 0.45"
"18,21 : 0.5235"
"21,18 : 0.5235"
"18,22 : 0.1746"
"22,18 : 0.1746"
"18,23 : 0.6316"
"23,18 : 0.6316"
"18,24 : 0.211"
"24,18 : 0.211"
"18,25 : 0.3354"
"25,18 : 0.3354"
"18,26 : 0.6519"
"26,18 : 0.6519"
"18,27 : 0.0283"
"27,18 : 0.0283"
"18,28 : 0.6042"
"28,18 : 0.6042"
"18,29 : 0.4776"
"29,18 : 0.4776"
"18,30 : 0.5597"
"30,18 : 0.5597"
"18,31 : 0.1253"
"31,18 : 0.1253"
"18,32 : 0.2773"
"32,18 : 0.2773"
"18,33 : 0.0922"
"33,18 : 0.0922"
"18,34 : 0.2088"
"34,18 : 0.2088"
"18,35 : 0.5948"
"35,18 : 0.5948"
"18,36 : 0.3421"
"36,18 : 0.3421"
"18,37 : 0.5852"
"37,18 : 0.5852"
"18,38 : 0.5571"
"38,18 : 0.5571"
"18,39 : 0.3912"
"39,18 : 0.3912"
"18,40 : 0.2941"
"40,18 : 0.2941"
"18,41 : 0.3614"
"41,18 : 0.3614"
"18,42 : 0.6391"
"42,18 : 0.6391"
"18,43 : 0.114"
"43,18 : 0.114"
"18,44 : 0.4817"
"44,18 : 0.4817"
"18,45 : 0.7324"
"45,18 : 0.7324"
"18,46 : 0.2421"
"46,18 : 0.2421"
"18,47 : 0.3306"
"47,18 : 0.3306"
"18,48 : 0.3785"
"48,18 : 0.3785"
"18,49 : 0.06"
"49,18 : 0.06"
"19,20 : 0.6003"
"20,19 : 0.6003"
"19,21 : 0.4393"
"21,19 : 0.4393"
"19,22 : 0.1844"
"22,19 : 0.1844"
"19,23 : 0.686"
"23,19 : 0.686"
"19,24 : 0.1581"
"24,19 : 0.1581"
"19,25 : 0.372"
"25,19 : 0.372"
"19,26 : 0.7632"
"26,19 : 0.7632"
"19,27 : 0.1803"
"27,19 : 0.1803"
"19,28 : 0.5166"
"28,19 : 0.5166"
"19,29 : 0.3467"
"29,19 : 0.3467"
"19,30 : 0.5004"
"30,19 : 0.5004"
"19,31 : 0.1281"
"31,19 : 0.1281"
"19,32 : 0.4366"
"32,19 : 0.4366"
"19,33 : 0.2502"
"33,19 : 0.2502"
"19,34 : 0.3612"
"34,19 : 0.3612"
"19,35 : 0.6595"
"35,19 : 0.6595"
"19,36 : 0.2452"
"36,19 : 0.2452"
"19,37 : 0.5215"
"37,19 : 0.5215"
"19,38 : 0.608"
"38,19 : 0.608"
"19,39 : 0.3828"
"39,19 : 0.3828"
"19,40 : 0.3536"
"40,19 : 0.3536"
"19,41 : 0.3276"
"41,19 : 0.3276"
"19,42 : 0.6851"
"42,19 : 0.6851"
"19,43 : 0.0806"
"43,19 : 0.0806"
"19,44 : 0.3667"
"44,19 : 0.3667"
"19,45 : 0.8132"
"45,19 : 0.8132"
"19,46 : 0.37"
"46,19 : 0.37"
"19,47 : 0.3311"
"47,19 : 0.3311"
"19,48 : 0.2159"
"48,19 : 0.2159"
"19,49 : 0.1836"
"49,19 : 0.1836"
"20,21 : 0.9513"
"21,20 : 0.9513"
"20,22 : 0.5946"
"22,20 : 0.5946"
"20,23 : 0.8571"
"23,20 : 0.8571"
"20,24 : 0.6507"
"24,20 : 0.6507"
"20,25 : 0.6708"
"25,20 : 0.6708"
"20,26 : 0.712"
"26,20 : 0.712"
"20,27 : 0.4469"
"27,20 : 0.4469"
"20,28 : 1.0308"
"28,20 : 1.0308"
"20,29 : 0.8174"
"29,20 : 0.8174"
"20,30 : 0.9652"
"30,20 : 0.9652"
"20,31 : 0.5664"
"31,20 : 0.5664"
"20,32 : 0.186"
"32,20 : 0.186"
"20,33 : 0.3962"
"33,20 : 0.3962"
"20,34 : 0.3667"
"34,20 : 0.3667"
"20,35 : 0.805"
"35,20 : 0.805"
"20,36 : 0.7852"
"36,20 : 0.7852"
"20,37 : 0.993"
"37,20 : 0.993"
"20,38 : 0.806"
"38,20 : 0.806"
"20,39 : 0.7666"
"39,20 : 0.7666"
"20,40 : 0.6127"
"40,20 : 0.6127"
"20,41 : 0.7661"
"41,20 : 0.7661"
"20,42 : 0.8812"
"42,20 : 0.8812"
"20,43 : 0.564"
"43,20 : 0.564"
"20,44 : 0.927"
"44,20 : 0.927"
"20,45 : 0.8721"
"45,20 : 0.8721"
"20,46 : 0.4531"
"46,20 : 0.4531"
"20,47 : 0.7102"
"47,20 : 0.7102"
"20,48 : 0.8096"
"48,20 : 0.8096"
"20,49 : 0.4168"
"49,20 : 0.4168"
"21,22 : 0.3581"
"22,21 : 0.3581"
"21,23 : 0.5142"
"23,21 : 0.5142"
"21,24 : 0.313"
"24,21 : 0.313"
"21,25 : 0.3362"
"25,21 : 0.3362"
"21,26 : 0.7406"
"26,21 : 0.7406"
"21,27 : 0.5162"
"27,21 : 0.5162"
"21,28 : 0.0806"
"28,21 : 0.0806"
"21,29 : 0.6515"
"29,21 : 0.6515"
"21,30 : 0.099"
"30,21 : 0.099"
"21,31 : 0.3982"
"31,21 : 0.3982"
"21,32 : 0.7658"
"32,21 : 0.7658"
"21,33 : 0.5561"
"33,21 : 0.5561"
"21,34 : 0.6021"
"34,21 : 0.6021"
"21,35 : 0.5247"
"35,21 : 0.5247"
"21,36 : 0.1942"
"36,21 : 0.1942"
"21,37 : 0.103"
"37,21 : 0.103"
"21,38 : 0.454"
"38,21 : 0.454"
"21,39 : 0.2309"
"39,21 : 0.2309"
"21,40 : 0.3847"
"40,21 : 0.3847"
"21,41 : 0.1942"
"41,21 : 0.1942"
"21,42 : 0.4904"
"42,21 : 0.4904"
"21,43 : 0.4215"
"43,21 : 0.4215"
"21,44 : 0.1221"
"44,21 : 0.1221"
"21,45 : 0.6845"
"45,21 : 0.6845"
"21,46 : 0.5382"
"46,21 : 0.5382"
"21,47 : 0.2642"
"47,21 : 0.2642"
"21,48 : 0.3985"
"48,21 : 0.3985"
"21,49 : 0.577"
"49,21 : 0.577"
"22,23 : 0.5022"
"23,22 : 0.5022"
"22,24 : 0.0707"
"24,22 : 0.0707"
"22,25 : 0.1887"
"25,22 : 0.1887"
"22,26 : 0.5903"
"26,22 : 0.5903"
"22,27 : 0.1616"
"27,22 : 0.1616"
"22,28 : 0.4383"
"28,22 : 0.4383"
"22,29 : 0.5263"
"29,22 : 0.5263"
"22,30 : 0.3863"
"30,22 : 0.3863"
"22,31 : 0.0632"
"31,22 : 0.0632"
"22,32 : 0.4101"
"32,22 : 0.4101"
"22,33 : 0.1985"
"33,22 : 0.1985"
"22,34 : 0.264"
"34,22 : 0.264"
"22,35 : 0.4751"
"35,22 : 0.4751"
"22,36 : 0.1972"
"36,22 : 0.1972"
"22,37 : 0.4123"
"37,22 : 0.4123"
"22,38 : 0.4244"
"38,22 : 0.4244"
"22,39 : 0.2202"
"39,22 : 0.2202"
"22,40 : 0.1703"
"40,22 : 0.1703"
"22,41 : 0.1868"
"41,22 : 0.1868"
"22,42 : 0.5025"
"42,22 : 0.5025"
"22,43 : 0.1118"
"43,22 : 0.1118"
"22,44 : 0.3384"
"44,22 : 0.3384"
"22,45 : 0.6297"
"45,22 : 0.6297"
"22,46 : 0.2309"
"46,22 : 0.2309"
"22,47 : 0.1612"
"47,22 : 0.1612"
"22,48 : 0.3421"
"48,22 : 0.3421"
"22,49 : 0.2335"
"49,22 : 0.2335"
"23,24 : 0.5381"
"24,23 : 0.5381"
"23,25 : 0.314"
"25,23 : 0.314"
"23,26 : 0.283"
"26,23 : 0.283"
"23,27 : 0.6054"
"27,23 : 0.6054"
"23,28 : 0.5423"
"28,23 : 0.5423"
"23,29 : 1.0186"
"29,23 : 1.0186"
"23,30 : 0.4329"
"30,23 : 0.4329"
"23,31 : 0.563"
"31,23 : 0.563"
"23,32 : 0.7"
"32,23 : 0.7"
"23,33 : 0.5824"
"33,23 : 0.5824"
"23,34 : 0.5224"
"34,23 : 0.5224"
"23,35 : 0.0539"
"35,23 : 0.0539"
"23,36 : 0.5547"
"36,23 : 0.5547"
"23,37 : 0.451"
"37,23 : 0.451"
"23,38 : 0.0781"
"38,23 : 0.0781"
"23,39 : 0.3384"
"39,23 : 0.3384"
"23,40 : 0.34"
"40,23 : 0.34"
"23,41 : 0.4105"
"41,23 : 0.4105"
"23,42 : 0.0361"
"42,23 : 0.0361"
"23,43 : 0.6129"
"43,23 : 0.6129"
"23,44 : 0.611"
"44,23 : 0.611"
"23,45 : 0.1712"
"45,23 : 0.1712"
"23,46 : 0.4342"
"46,23 : 0.4342"
"23,47 : 0.368"
"47,23 : 0.368"
"23,48 : 0.7965"
"48,23 : 0.7965"
"23,49 : 0.6871"
"49,23 : 0.6871"
"24,25 : 0.2267"
"25,24 : 0.2267"
"24,26 : 0.65"
"26,24 : 0.65"
"24,27 : 0.2062"
"27,24 : 0.2062"
"24,28 : 0.3936"
"28,24 : 0.3936"
"24,29 : 0.4808"
"29,24 : 0.4808"
"24,30 : 0.3569"
"30,24 : 0.3569"
"24,31 : 0.086"
"31,24 : 0.086"
"24,32 : 0.4686"
"32,24 : 0.4686"
"24,33 : 0.2561"
"33,24 : 0.2561"
"24,34 : 0.3324"
"34,24 : 0.3324"
"24,35 : 0.5166"
"35,24 : 0.5166"
"24,36 : 0.1345"
"36,24 : 0.1345"
"24,37 : 0.3808"
"37,24 : 0.3808"
"24,38 : 0.4601"
"38,24 : 0.4601"
"24,39 : 0.2247"
"39,24 : 0.2247"
"24,40 : 0.2236"
"40,24 : 0.2236"
"24,41 : 0.1712"
"41,24 : 0.1712"
"24,42 : 0.5341"
"42,24 : 0.5341"
"24,43 : 0.1118"
"43,24 : 0.1118"
"24,44 : 0.2766"
"44,24 : 0.2766"
"24,45 : 0.6762"
"45,24 : 0.6762"
"24,46 : 0.3015"
"46,24 : 0.3015"
"24,47 : 0.1749"
"47,24 : 0.1749"
"24,48 : 0.2786"
"48,24 : 0.2786"
"24,49 : 0.264"
"49,24 : 0.264"
"25,26 : 0.4415"
"26,25 : 0.4415"
"25,27 : 0.3126"
"27,25 : 0.3126"
"25,28 : 0.4031"
"28,25 : 0.4031"
"25,29 : 0.7072"
"29,25 : 0.7072"
"25,30 : 0.3124"
"30,25 : 0.3124"
"25,31 : 0.2506"
"31,25 : 0.2506"
"25,32 : 0.4885"
"32,25 : 0.4885"
"25,33 : 0.3114"
"33,25 : 0.3114"
"25,34 : 0.3041"
"34,25 : 0.3041"
"25,35 : 0.29"
"35,25 : 0.29"
"25,36 : 0.2766"
"36,25 : 0.2766"
"25,37 : 0.3406"
"37,25 : 0.3406"
"25,38 : 0.236"
"38,25 : 0.236"
"25,39 : 0.1082"
"39,25 : 0.1082"
"25,40 : 0.0583"
"40,25 : 0.0583"
"25,41 : 0.1513"
"41,25 : 0.1513"
"25,42 : 0.3138"
"42,25 : 0.3138"
"25,43 : 0.3002"
"43,25 : 0.3002"
"25,44 : 0.3812"
"44,25 : 0.3812"
"25,45 : 0.45"
"45,25 : 0.45"
"25,46 : 0.222"
"46,25 : 0.222"
"25,47 : 0.08"
"47,25 : 0.08"
"25,48 : 0.4974"
"48,25 : 0.4974"
"25,49 : 0.3946"
"49,25 : 0.3946"
"26,27 : 0.6237"
"27,26 : 0.6237"
"26,28 : 0.7864"
"28,26 : 0.7864"
"26,29 : 1.1098"
"29,26 : 1.1098"
"26,30 : 0.6774"
"30,26 : 0.6774"
"26,31 : 0.6363"
"31,26 : 0.6363"
"26,32 : 0.6001"
"32,26 : 0.6001"
"26,33 : 0.5728"
"33,26 : 0.5728"
"26,34 : 0.4701"
"34,26 : 0.4701"
"26,35 : 0.2417"
"35,26 : 0.2417"
"26,36 : 0.7181"
"36,26 : 0.7181"
"26,37 : 0.7004"
"37,26 : 0.7004"
"26,38 : 0.3036"
"38,26 : 0.3036"
"26,39 : 0.5215"
"39,26 : 0.5215"
"26,40 : 0.4272"
"40,26 : 0.4272"
"26,41 : 0.5855"
"41,26 : 0.5855"
"26,42 : 0.3191"
"42,26 : 0.3191"
"26,43 : 0.6826"
"43,26 : 0.6826"
"26,44 : 0.813"
"44,26 : 0.813"
"26,45 : 0.1838"
"45,26 : 0.1838"
"26,46 : 0.4104"
"46,26 : 0.4104"
"26,47 : 0.5197"
"47,26 : 0.5197"
"26,48 : 0.9285"
"48,26 : 0.9285"
"26,49 : 0.693"
"49,26 : 0.693"
"27,28 : 0.5968"
"28,27 : 0.5968"
"27,29 : 0.5033"
"29,27 : 0.5033"
"27,30 : 0.5478"
"30,27 : 0.5478"
"27,31 : 0.1204"
"31,27 : 0.1204"
"27,32 : 0.2693"
"32,27 : 0.2693"
"27,33 : 0.07"
"33,27 : 0.07"
"27,34 : 0.1844"
"34,27 : 0.1844"
"27,35 : 0.568"
"35,27 : 0.568"
"27,36 : 0.3397"
"36,27 : 0.3397"
"27,37 : 0.5738"
"37,27 : 0.5738"
"27,38 : 0.5314"
"38,27 : 0.5314"
"27,39 : 0.3734"
"39,27 : 0.3734"
"27,40 : 0.2693"
"40,27 : 0.2693"
"27,41 : 0.3479"
"41,27 : 0.3479"
"27,42 : 0.6135"
"42,27 : 0.6135"
"27,43 : 0.1208"
"43,27 : 0.1208"
"27,44 : 0.4808"
"44,27 : 0.4808"
"27,45 : 0.7046"
"45,27 : 0.7046"
"27,46 : 0.214"
"46,27 : 0.214"
"27,47 : 0.3126"
"47,27 : 0.3126"
"27,48 : 0.3946"
"48,27 : 0.3946"
"27,49 : 0.0825"
"49,27 : 0.0825"
"28,29 : 0.7083"
"29,28 : 0.7083"
"28,30 : 0.11"
"30,28 : 0.11"
"28,31 : 0.4789"
"31,28 : 0.4789"
"28,32 : 0.845"
"32,28 : 0.845"
"28,33 : 0.636"
"33,28 : 0.636"
"28,34 : 0.679"
"34,28 : 0.679"
"28,35 : 0.56"
"35,28 : 0.56"
"28,36 : 0.272"
"36,28 : 0.272"
"28,37 : 0.0922"
"37,28 : 0.0922"
"28,38 : 0.4901"
"38,28 : 0.4901"
"28,39 : 0.2953"
"39,28 : 0.2953"
"28,40 : 0.4549"
"40,28 : 0.4549"
"28,41 : 0.2691"
"41,28 : 0.2691"
"28,42 : 0.5148"
"42,28 : 0.5148"
"28,43 : 0.5016"
"43,28 : 0.5016"
"28,44 : 0.1726"
"44,28 : 0.1726"
"28,45 : 0.7134"
"45,28 : 0.7134"
"28,46 : 0.6122"
"46,28 : 0.6122"
"28,47 : 0.336"
"47,28 : 0.336"
"28,48 : 0.4571"
"48,28 : 0.4571"
"28,49 : 0.6574"
"49,28 : 0.6574"
"29,30 : 0.7409"
"30,29 : 0.7409"
"29,31 : 0.4743"
"31,29 : 0.4743"
"29,32 : 0.7011"
"32,29 : 0.7011"
"29,33 : 0.5692"
"33,29 : 0.5692"
"29,34 : 0.6862"
"34,29 : 0.6862"
"29,35 : 0.9972"
"35,29 : 0.9972"
"29,36 : 0.4924"
"36,29 : 0.4924"
"29,37 : 0.7527"
"37,29 : 0.7527"
"29,38 : 0.9407"
"38,29 : 0.9407"
"29,39 : 0.692"
"39,29 : 0.692"
"29,40 : 0.6966"
"40,29 : 0.6966"
"29,41 : 0.6243"
"41,29 : 0.6243"
"29,42 : 1.0132"
"42,29 : 1.0132"
"29,43 : 0.4272"
"43,29 : 0.4272"
"29,44 : 0.536"
"44,29 : 0.536"
"29,45 : 1.1552"
"45,29 : 1.1552"
"29,46 : 0.7111"
"46,29 : 0.7111"
"29,47 : 0.6519"
"47,29 : 0.6519"
"29,48 : 0.253"
"48,29 : 0.253"
"29,49 : 0.461"
"49,29 : 0.461"
"30,31 : 0.4368"
"31,30 : 0.4368"
"30,32 : 0.7794"
"32,30 : 0.7794"
"30,33 : 0.5771"
"33,30 : 0.5771"
"30,34 : 0.6044"
"34,30 : 0.6044"
"30,35 : 0.45"
"35,30 : 0.45"
"30,36 : 0.2617"
"36,30 : 0.2617"
"30,37 : 0.0283"
"37,30 : 0.0283"
"30,38 : 0.3801"
"38,30 : 0.3801"
"30,39 : 0.2052"
"39,30 : 0.2052"
"30,40 : 0.368"
"40,30 : 0.368"
"30,41 : 0.2012"
"41,30 : 0.2012"
"30,42 : 0.4061"
"42,30 : 0.4061"
"30,43 : 0.4687"
"43,30 : 0.4687"
"30,44 : 0.2202"
"44,30 : 0.2202"
"30,45 : 0.6041"
"45,30 : 0.6041"
"30,46 : 0.5304"
"46,30 : 0.5304"
"30,47 : 0.2561"
"47,30 : 0.2561"
"30,48 : 0.4885"
"48,30 : 0.4885"
"30,49 : 0.6168"
"49,30 : 0.6168"
"31,32 : 0.386"
"32,31 : 0.386"
"31,33 : 0.1749"
"33,31 : 0.1749"
"31,34 : 0.2648"
"34,31 : 0.2648"
"31,35 : 0.5341"
"35,31 : 0.5341"
"31,36 : 0.2193"
"36,31 : 0.2193"
"31,37 : 0.4617"
"37,31 : 0.4617"
"31,38 : 0.4855"
"38,31 : 0.4855"
"31,39 : 0.2816"
"39,31 : 0.2816"
"31,40 : 0.2267"
"40,31 : 0.2267"
"31,41 : 0.2419"
"41,31 : 0.2419"
"31,42 : 0.5644"
"42,31 : 0.5644"
"31,43 : 0.05"
"43,31 : 0.05"
"31,44 : 0.3607"
"44,31 : 0.3607"
"31,45 : 0.6859"
"45,31 : 0.6859"
"31,46 : 0.2532"
"46,31 : 0.2532"
"31,47 : 0.2236"
"47,31 : 0.2236"
"31,48 : 0.3114"
"48,31 : 0.3114"
"31,49 : 0.1803"
"49,31 : 0.1803"
"32,33 : 0.2126"
"33,32 : 0.2126"
"32,34 : 0.1868"
"34,32 : 0.1868"
"32,35 : 0.6503"
"35,32 : 0.6503"
"32,36 : 0.6031"
"36,32 : 0.6031"
"32,37 : 0.8071"
"37,32 : 0.8071"
"32,38 : 0.642"
"38,32 : 0.642"
"32,39 : 0.5818"
"39,32 : 0.5818"
"32,40 : 0.4308"
"40,32 : 0.4308"
"32,41 : 0.5801"
"41,32 : 0.5801"
"32,42 : 0.7206"
"42,32 : 0.7206"
"32,43 : 0.3895"
"43,32 : 0.3895"
"32,44 : 0.7452"
"44,32 : 0.7452"
"32,45 : 0.7398"
"45,32 : 0.7398"
"32,46 : 0.2766"
"46,32 : 0.2766"
"32,47 : 0.5248"
"47,32 : 0.5248"
"32,48 : 0.6515"
"48,32 : 0.6515"
"32,49 : 0.2571"
"49,32 : 0.2571"
"33,34 : 0.117"
"34,33 : 0.117"
"33,35 : 0.5408"
"35,33 : 0.5408"
"33,36 : 0.3905"
"36,33 : 0.3905"
"33,37 : 0.6042"
"37,33 : 0.6042"
"33,38 : 0.512"
"38,33 : 0.512"
"33,39 : 0.389"
"39,33 : 0.389"
"33,40 : 0.26"
"40,33 : 0.26"
"33,41 : 0.3759"
"41,33 : 0.3759"
"33,42 : 0.5944"
"42,33 : 0.5944"
"33,43 : 0.1868"
"43,33 : 0.1868"
"33,44 : 0.5326"
"44,33 : 0.5326"
"33,45 : 0.6673"
"45,33 : 0.6673"
"33,46 : 0.164"
"46,33 : 0.164"
"33,47 : 0.3289"
"47,33 : 0.3289"
"33,48 : 0.4639"
"48,33 : 0.4639"
"33,49 : 0.1204"
"49,33 : 0.1204"
"34,35 : 0.4752"
"35,34 : 0.4752"
"34,36 : 0.4607"
"36,34 : 0.4607"
"34,37 : 0.6325"
"37,34 : 0.6325"
"34,38 : 0.46"
"38,34 : 0.46"
"34,39 : 0.4022"
"39,34 : 0.4022"
"34,40 : 0.246"
"40,34 : 0.246"
"34,41 : 0.4101"
"41,34 : 0.4101"
"34,42 : 0.5404"
"42,34 : 0.5404"
"34,43 : 0.2902"
"43,34 : 0.2902"
"34,44 : 0.6003"
"44,34 : 0.6003"
"34,45 : 0.5831"
"45,34 : 0.5831"
"34,46 : 0.0906"
"46,34 : 0.0906"
"34,47 : 0.3483"
"47,34 : 0.3483"
"34,48 : 0.5704"
"48,34 : 0.5704"
"34,49 : 0.2332"
"49,34 : 0.2332"
"35,36 : 0.5459"
"36,35 : 0.5459"
"35,37 : 0.4704"
"37,35 : 0.4704"
"35,38 : 0.0707"
"38,35 : 0.0707"
"35,39 : 0.3311"
"39,35 : 0.3311"
"35,40 : 0.3081"
"40,35 : 0.3081"
"35,41 : 0.4025"
"41,35 : 0.4025"
"35,42 : 0.086"
"42,35 : 0.086"
"35,43 : 0.5841"
"43,35 : 0.5841"
"35,44 : 0.614"
"44,35 : 0.614"
"35,45 : 0.1655"
"45,35 : 0.1655"
"35,46 : 0.3883"
"46,35 : 0.3883"
"35,47 : 0.3523"
"47,35 : 0.3523"
"35,48 : 0.7824"
"48,35 : 0.7824"
"35,49 : 0.6488"
"49,35 : 0.6488"
"36,37 : 0.2802"
"37,36 : 0.2802"
"36,38 : 0.4802"
"38,36 : 0.4802"
"36,39 : 0.2163"
"39,36 : 0.2163"
"36,40 : 0.3002"
"40,36 : 0.3002"
"36,41 : 0.1442"
"41,36 : 0.1442"
"36,42 : 0.542"
"42,36 : 0.542"
"36,43 : 0.2332"
"43,36 : 0.2332"
"36,44 : 0.1421"
"44,36 : 0.1421"
"36,45 : 0.7112"
"45,36 : 0.7112"
"36,46 : 0.4176"
"46,36 : 0.4176"
"36,47 : 0.1992"
"47,36 : 0.1992"
"36,48 : 0.2484"
"48,36 : 0.2484"
"36,49 : 0.3912"
"49,36 : 0.3912"
"37,38 : 0.4011"
"38,37 : 0.4011"
"37,39 : 0.2335"
"39,37 : 0.2335"
"37,40 : 0.3962"
"40,37 : 0.3962"
"37,41 : 0.2283"
"41,37 : 0.2283"
"37,42 : 0.423"
"42,37 : 0.423"
"37,43 : 0.4924"
"43,37 : 0.4924"
"37,44 : 0.2247"
"44,37 : 0.2247"
"37,45 : 0.622"
"45,37 : 0.622"
"37,46 : 0.5587"
"46,37 : 0.5587"
"37,47 : 0.2843"
"47,37 : 0.2843"
"37,48 : 0.4998"
"48,37 : 0.4998"
"37,49 : 0.642"
"49,37 : 0.642"
"38,39 : 0.2642"
"39,38 : 0.2642"
"38,40 : 0.264"
"40,38 : 0.264"
"38,41 : 0.3362"
"41,38 : 0.3362"
"38,42 : 0.0825"
"42,38 : 0.0825"
"38,43 : 0.5354"
"43,38 : 0.5354"
"38,44 : 0.5441"
"44,38 : 0.5441"
"38,45 : 0.2341"
"45,38 : 0.2341"
"38,46 : 0.3701"
"46,38 : 0.3701"
"38,47 : 0.2907"
"47,38 : 0.2907"
"38,48 : 0.7201"
"48,38 : 0.7201"
"38,49 : 0.6135"
"49,38 : 0.6135"
"39,40 : 0.1628"
"40,39 : 0.1628"
"39,41 : 0.0721"
"41,39 : 0.0721"
"39,42 : 0.3265"
"42,39 : 0.3265"
"39,43 : 0.3256"
"43,39 : 0.3256"
"39,44 : 0.2915"
"44,39 : 0.2915"
"39,45 : 0.4966"
"45,39 : 0.4966"
"39,46 : 0.3256"
"46,39 : 0.3256"
"39,47 : 0.0608"
"47,39 : 0.0608"
"39,48 : 0.4601"
"48,39 : 0.4601"
"39,49 : 0.451"
"49,39 : 0.451"
"40,41 : 0.1931"
"41,40 : 0.1931"
"40,42 : 0.3454"
"42,40 : 0.3454"
"40,43 : 0.2766"
"43,40 : 0.2766"
"40,44 : 0.4177"
"44,40 : 0.4177"
"40,45 : 0.4597"
"45,40 : 0.4597"
"40,46 : 0.164"
"46,40 : 0.164"
"40,47 : 0.1208"
"47,40 : 0.1208"
"40,48 : 0.5016"
"48,40 : 0.5016"
"40,49 : 0.3517"
"49,40 : 0.3517"
"41,42 : 0.3982"
"42,41 : 0.3982"
"41,43 : 0.28"
"43,41 : 0.28"
"41,44 : 0.2302"
"44,41 : 0.2302"
"41,45 : 0.568"
"45,41 : 0.568"
"41,46 : 0.3441"
"46,41 : 0.3441"
"41,47 : 0.0728"
"47,41 : 0.0728"
"41,48 : 0.389"
"48,41 : 0.389"
"41,49 : 0.4198"
"49,41 : 0.4198"
"42,43 : 0.614"
"43,42 : 0.614"
"42,44 : 0.5909"
"44,42 : 0.5909"
"42,45 : 0.2"
"45,42 : 0.2"
"42,46 : 0.451"
"46,42 : 0.451"
"42,47 : 0.3612"
"47,42 : 0.3612"
"42,48 : 0.7864"
"48,42 : 0.7864"
"42,49 : 0.6957"
"49,42 : 0.6957"
"43,44 : 0.3701"
"44,43 : 0.3701"
