x,y
0.55,0.74
0.97,0.07
0.44,0.66
0.5,0.24
0.48,0.62
0.78,0.05
0.92,0.19
0.58,0.03
0.55,0.34
0.74,0.26
0.13,0.81
0.64,0.68
0.15,0.02
0.43,0.7
0.43,0.67
0.69,0.88
0.13,0.78
0.09,0.57
0.91,0.1
0.8,0.4
0.87,0.31
0.29,0.98
0.13,0.74
0.97,0.83
0.68,0.34
0.9,0.58
0.17,0.86
0.88,0.52
0.08,0.18
0.63,0.24
0.45,0.4
0.2,0.49
0.77,0.7
0.7,0.27
0.05,0.38
0.83,0.08
0.26,0.38
0.23,0.17
0.99,0.54
0.82,0.59
0.7,0.71
0.85,0.51
0.09,0.5
0.89,0.48
0.53,0.69
0.44,0.71
0.71,0.97
0.94,0.99
0.05,0.94
0.53,0.85
0.53,0.08
0.58,0.26
0.53,0.15
0.02,0.38
0.55,0.1
0.47,0.41
0.51,0.83
0.41,0.96
0.41,0.67
0.05,0.16
0.67,0.27
0.98,0.63
0.39,0.93
0.47,0.99
0.46,0.14
0.07,0.61
0.02,0.62
0.4,0.31
0.29,0.04
0.17,0.25
0.55,0.17
0.84,0.94
0.92,0.21
0.87,0.66
0.27,0.3
0.3,0.31
0.38,0.54
0.85,0.29
0.45,0.01
0.08,0.18
0.81,0.44
0.47,0.4
0.45,0.23
0.26,0.23
0.69,0.79
0.25,0.83
0.51,0.66
0.13,0.34
0.6,0.37
0.83,0.12
0.74,0.94
0.85,0.81
0.74,0.72
0.51,0.42
0.96,0.86
0.58,0.97
0.43,0.95
0.42,0.12
0.8,0.22
0.26,0.55

Distanze
"0,1 : 0.7908"
"1,0 : 0.7908"
"0,2 : 0.136"
"2,0 : 0.136"
"0,3 : 0.5025"
"3,0 : 0.5025"
"0,4 : 0.1389"
"4,0 : 0.1389"
"0,5 : 0.7273"
"5,0 : 0.7273"
"0,6 : 0.6629"
"6,0 : 0.6629"
"0,7 : 0.7106"
"7,0 : 0.7106"
"0,8 : 0.4"
"8,0 : 0.4"
"0,9 : 0.5162"
"9,0 : 0.5162"
"0,10 : 0.4258"
"10,0 : 0.4258"
"0,11 : 0.1082"
"11,0 : 0.1082"
"0,12 : 0.8237"
"12,0 : 0.8237"
"0,13 : 0.1265"
"13,0 : 0.1265"
"0,14 : 0.1389"
"14,0 : 0.1389"
"0,15 : 0.198"
"15,0 : 0.198"
"0,16 : 0.4219"
"16,0 : 0.4219"
"0,17 : 0.4904"
"17,0 : 0.4904"
"0,18 : 0.7343"
"18,0 : 0.7343"
"0,19 : 0.422"
"19,0 : 0.422"
"0,20 : 0.536"
"20,0 : 0.536"
"0,21 : 0.3538"
"21,0 : 0.3538"
"0,22 : 0.42"
"22,0 : 0.42"
"0,23 : 0.4295"
"23,0 : 0.4295"
"0,24 : 0.4206"
"24,0 : 0.4206"
"0,25 : 0.3848"
"25,0 : 0.3848"
"0,26 : 0.3985"
"26,0 : 0.3985"
"0,27 : 0.3966"
"27,0 : 0.3966"
"0,28 : 0.7311"
"28,0 : 0.7311"
"0,29 : 0.5064"
"29,0 : 0.5064"
"0,30 : 0.3544"
"30,0 : 0.3544"
"0,31 : 0.4301"
"31,0 : 0.4301"
"0,32 : 0.2236"
"32,0 : 0.2236"
"0,33 : 0.4934"
"33,0 : 0.4934"
"0,34 : 0.6161"
"34,0 : 0.6161"
"0,35 : 0.7169"
"35,0 : 0.7169"
"0,36 : 0.4623"
"36,0 : 0.4623"
"0,37 : 0.6537"
"37,0 : 0.6537"
"0,38 : 0.4833"
"38,0 : 0.4833"
"0,39 : 0.3089"
"39,0 : 0.3089"
"0,40 : 0.153"
"40,0 : 0.153"
"0,41 : 0.378"
"41,0 : 0.378"
"0,42 : 0.5188"
"42,0 : 0.5188"
"0,43 : 0.428"
"43,0 : 0.428"
"0,44 : 0.0539"
"44,0 : 0.0539"
"0,45 : 0.114"
"45,0 : 0.114"
"0,46 : 0.2802"
"46,0 : 0.2802"
"0,47 : 0.4632"
"47,0 : 0.4632"
"0,48 : 0.5385"
"48,0 : 0.5385"
"0,49 : 0.1118"
"49,0 : 0.1118"
"0,50 : 0.6603"
"50,0 : 0.6603"
"0,51 : 0.4809"
"51,0 : 0.4809"
"0,52 : 0.5903"
"52,0 : 0.5903"
"0,53 : 0.6407"
"53,0 : 0.6407"
"0,54 : 0.64"
"54,0 : 0.64"
"0,55 : 0.3396"
"55,0 : 0.3396"
"0,56 : 0.0985"
"56,0 : 0.0985"
"0,57 : 0.2608"
"57,0 : 0.2608"
"0,58 : 0.1565"
"58,0 : 0.1565"
"0,59 : 0.7658"
"59,0 : 0.7658"
"0,60 : 0.4851"
"60,0 : 0.4851"
"0,61 : 0.4438"
"61,0 : 0.4438"
"0,62 : 0.2484"
"62,0 : 0.2484"
"0,63 : 0.2625"
"63,0 : 0.2625"
"0,64 : 0.6067"
"64,0 : 0.6067"
"0,65 : 0.4973"
"65,0 : 0.4973"
"0,66 : 0.5434"
"66,0 : 0.5434"
"0,67 : 0.4554"
"67,0 : 0.4554"
"0,68 : 0.7467"
"68,0 : 0.7467"
"0,69 : 0.6201"
"69,0 : 0.6201"
"0,70 : 0.57"
"70,0 : 0.57"
"0,71 : 0.3523"
"71,0 : 0.3523"
"0,72 : 0.6464"
"72,0 : 0.6464"
"0,73 : 0.3298"
"73,0 : 0.3298"
"0,74 : 0.5215"
"74,0 : 0.5215"
"0,75 : 0.4974"
"75,0 : 0.4974"
"0,76 : 0.2625"
"76,0 : 0.2625"
"0,77 : 0.5408"
"77,0 : 0.5408"
"0,78 : 0.7368"
"78,0 : 0.7368"
"0,79 : 0.7311"
"79,0 : 0.7311"
"0,80 : 0.397"
"80,0 : 0.397"
"0,81 : 0.3493"
"81,0 : 0.3493"
"0,82 : 0.5197"
"82,0 : 0.5197"
"0,83 : 0.5867"
"83,0 : 0.5867"
"0,84 : 0.1487"
"84,0 : 0.1487"
"0,85 : 0.3132"
"85,0 : 0.3132"
"0,86 : 0.0894"
"86,0 : 0.0894"
"0,87 : 0.58"
"87,0 : 0.58"
"0,88 : 0.3734"
"88,0 : 0.3734"
"0,89 : 0.6803"
"89,0 : 0.6803"
"0,90 : 0.2759"
"90,0 : 0.2759"
"0,91 : 0.3081"
"91,0 : 0.3081"
"0,92 : 0.191"
"92,0 : 0.191"
"0,93 : 0.3225"
"93,0 : 0.3225"
"0,94 : 0.4272"
"94,0 : 0.4272"
"0,95 : 0.2319"
"95,0 : 0.2319"
"0,96 : 0.2419"
"96,0 : 0.2419"
"0,97 : 0.6335"
"97,0 : 0.6335"
"0,98 : 0.577"
"98,0 : 0.577"
"0,99 : 0.3467"
"99,0 : 0.3467"
"1,2 : 0.7931"
"2,1 : 0.7931"
"1,3 : 0.4998"
"3,1 : 0.4998"
"1,4 : 0.7366"
"4,1 : 0.7366"
"1,5 : 0.191"
"5,1 : 0.191"
"1,6 : 0.13"
"6,1 : 0.13"
"1,7 : 0.392"
"7,1 : 0.392"
"1,8 : 0.4993"
"8,1 : 0.4993"
"1,9 : 0.2983"
"9,1 : 0.2983"
"1,10 : 1.1195"
"10,1 : 1.1195"
"1,11 : 0.6935"
"11,1 : 0.6935"
"1,12 : 0.8215"
"12,1 : 0.8215"
"1,13 : 0.8298"
"13,1 : 0.8298"
"1,14 : 0.8072"
"14,1 : 0.8072"
"1,15 : 0.857"
"15,1 : 0.857"
"1,16 : 1.0999"
"16,1 : 1.0999"
"1,17 : 1.0121"
"17,1 : 1.0121"
"1,18 : 0.0671"
"18,1 : 0.0671"
"1,19 : 0.3712"
"19,1 : 0.3712"
"1,20 : 0.26"
"20,1 : 0.26"
"1,21 : 1.136"
"21,1 : 1.136"
"1,22 : 1.0745"
"22,1 : 1.0745"
"1,23 : 0.76"
"23,1 : 0.76"
"1,24 : 0.3962"
"24,1 : 0.3962"
"1,25 : 0.5148"
"25,1 : 0.5148"
"1,26 : 1.1243"
"26,1 : 1.1243"
"1,27 : 0.4589"
"27,1 : 0.4589"
"1,28 : 0.8968"
"28,1 : 0.8968"
"1,29 : 0.3801"
"29,1 : 0.3801"
"1,30 : 0.6159"
"30,1 : 0.6159"
"1,31 : 0.8771"
"31,1 : 0.8771"
"1,32 : 0.661"
"32,1 : 0.661"
"1,33 : 0.336"
"33,1 : 0.336"
"1,34 : 0.9708"
"34,1 : 0.9708"
"1,35 : 0.1404"
"35,1 : 0.1404"
"1,36 : 0.7747"
"36,1 : 0.7747"
"1,37 : 0.7467"
"37,1 : 0.7467"
"1,38 : 0.4704"
"38,1 : 0.4704"
"1,39 : 0.5412"
"39,1 : 0.5412"
"1,40 : 0.6946"
"40,1 : 0.6946"
"1,41 : 0.4561"
"41,1 : 0.4561"
"1,42 : 0.9794"
"42,1 : 0.9794"
"1,43 : 0.4177"
"43,1 : 0.4177"
"1,44 : 0.7603"
"44,1 : 0.7603"
"1,45 : 0.831"
"45,1 : 0.831"
"1,46 : 0.9368"
"46,1 : 0.9368"
"1,47 : 0.9205"
"47,1 : 0.9205"
"1,48 : 1.2662"
"48,1 : 1.2662"
"1,49 : 0.8955"
"49,1 : 0.8955"
"1,50 : 0.4401"
"50,1 : 0.4401"
"1,51 : 0.4338"
"51,1 : 0.4338"
"1,52 : 0.4472"
"52,1 : 0.4472"
"1,53 : 0.9993"
"53,1 : 0.9993"
"1,54 : 0.4211"
"54,1 : 0.4211"
"1,55 : 0.6046"
"55,1 : 0.6046"
"1,56 : 0.8884"
"56,1 : 0.8884"
"1,57 : 1.0515"
"57,1 : 1.0515"
"1,58 : 0.8207"
"58,1 : 0.8207"
"1,59 : 0.9244"
"59,1 : 0.9244"
"1,60 : 0.3606"
"60,1 : 0.3606"
"1,61 : 0.5601"
"61,1 : 0.5601"
"1,62 : 1.0373"
"62,1 : 1.0373"
"1,63 : 1.0471"
"63,1 : 1.0471"
"1,64 : 0.5148"
"64,1 : 0.5148"
"1,65 : 1.0496"
"65,1 : 1.0496"
"1,66 : 1.0977"
"66,1 : 1.0977"
"1,67 : 0.6185"
"67,1 : 0.6185"
"1,68 : 0.6807"
"68,1 : 0.6807"
"1,69 : 0.82"
"69,1 : 0.82"
"1,70 : 0.4317"
"70,1 : 0.4317"
"1,71 : 0.8797"
"71,1 : 0.8797"
"1,72 : 0.1487"
"72,1 : 0.1487"
"1,73 : 0.5984"
"73,1 : 0.5984"
"1,74 : 0.7368"
"74,1 : 0.7368"
"1,75 : 0.7117"
"75,1 : 0.7117"
"1,76 : 0.7543"
"76,1 : 0.7543"
"1,77 : 0.2506"
"77,1 : 0.2506"
"1,78 : 0.5235"
"78,1 : 0.5235"
"1,79 : 0.8968"
"79,1 : 0.8968"
"1,80 : 0.4031"
"80,1 : 0.4031"
"1,81 : 0.5991"
"81,1 : 0.5991"
"1,82 : 0.5441"
"82,1 : 0.5441"
"1,83 : 0.7278"
"83,1 : 0.7278"
"1,84 : 0.7725"
"84,1 : 0.7725"
"1,85 : 1.0469"
"85,1 : 1.0469"
"1,86 : 0.7481"
"86,1 : 0.7481"
"1,87 : 0.8823"
"87,1 : 0.8823"
"1,88 : 0.4763"
"88,1 : 0.4763"
"1,89 : 0.1487"
"89,1 : 0.1487"
"1,90 : 0.8999"
"90,1 : 0.8999"
"1,91 : 0.7497"
"91,1 : 0.7497"
"1,92 : 0.6895"
"92,1 : 0.6895"
"1,93 : 0.578"
"93,1 : 0.578"
"1,94 : 0.7901"
"94,1 : 0.7901"
"1,95 : 0.9809"
"95,1 : 0.9809"
"1,96 : 1.0325"
"96,1 : 1.0325"
"1,97 : 0.5523"
"97,1 : 0.5523"
"1,98 : 0.2267"
"98,1 : 0.2267"
"1,99 : 0.857"
"99,1 : 0.857"
"2,3 : 0.4243"
"3,2 : 0.4243"
"2,4 : 0.0566"
"4,2 : 0.0566"
"2,5 : 0.6984"
"5,2 : 0.6984"
"2,6 : 0.6718"
"6,2 : 0.6718"
"2,7 : 0.6454"
"7,2 : 0.6454"
"2,8 : 0.3384"
"8,2 : 0.3384"
"2,9 : 0.5"
"9,2 : 0.5"
"2,10 : 0.3444"
"10,2 : 0.3444"
"2,11 : 0.201"
"11,2 : 0.201"
"2,12 : 0.7026"
"12,2 : 0.7026"
"2,13 : 0.0412"
"13,2 : 0.0412"
"2,14 : 0.0141"
"14,2 : 0.0141"
"2,15 : 0.333"
"15,2 : 0.333"
"2,16 : 0.3324"
"16,2 : 0.3324"
"2,17 : 0.3614"
"17,2 : 0.3614"
"2,18 : 0.7311"
"18,2 : 0.7311"
"2,19 : 0.4441"
"19,2 : 0.4441"
"2,20 : 0.5544"
"20,2 : 0.5544"
"2,21 : 0.3534"
"21,2 : 0.3534"
"2,22 : 0.3202"
"22,2 : 0.3202"
"2,23 : 0.5566"
"23,2 : 0.5566"
"2,24 : 0.4"
"24,2 : 0.4"
"2,25 : 0.4669"
"25,2 : 0.4669"
"2,26 : 0.336"
"26,2 : 0.336"
"2,27 : 0.4617"
"27,2 : 0.4617"
"2,28 : 0.6"
"28,2 : 0.6"
"2,29 : 0.461"
"29,2 : 0.461"
"2,30 : 0.2602"
"30,2 : 0.2602"
"2,31 : 0.2941"
"31,2 : 0.2941"
"2,32 : 0.3324"
"32,2 : 0.3324"
"2,33 : 0.4687"
"33,2 : 0.4687"
"2,34 : 0.4801"
"34,2 : 0.4801"
"2,35 : 0.6989"
"35,2 : 0.6989"
"2,36 : 0.3329"
"36,2 : 0.3329"
"2,37 : 0.5331"
"37,2 : 0.5331"
"2,38 : 0.5629"
"38,2 : 0.5629"
"2,39 : 0.3864"
"39,2 : 0.3864"
"2,40 : 0.2648"
"40,2 : 0.2648"
"2,41 : 0.4366"
"41,2 : 0.4366"
"2,42 : 0.3848"
"42,2 : 0.3848"
"2,43 : 0.4847"
"43,2 : 0.4847"
"2,44 : 0.0949"
"44,2 : 0.0949"
"2,45 : 0.05"
"45,2 : 0.05"
"2,46 : 0.4111"
"46,2 : 0.4111"
"2,47 : 0.5991"
"47,2 : 0.5991"
"2,48 : 0.4801"
"48,2 : 0.4801"
"2,49 : 0.2102"
"49,2 : 0.2102"
"2,50 : 0.5869"
"50,2 : 0.5869"
"2,51 : 0.4238"
"51,2 : 0.4238"
"2,52 : 0.5179"
"52,2 : 0.5179"
"2,53 : 0.5048"
"53,2 : 0.5048"
"2,54 : 0.5707"
"54,2 : 0.5707"
"2,55 : 0.2518"
"55,2 : 0.2518"
"2,56 : 0.1838"
"56,2 : 0.1838"
"2,57 : 0.3015"
"57,2 : 0.3015"
"2,58 : 0.0316"
"58,2 : 0.0316"
"2,59 : 0.6341"
"59,2 : 0.6341"
"2,60 : 0.4528"
"60,2 : 0.4528"
"2,61 : 0.5408"
"61,2 : 0.5408"
"2,62 : 0.2746"
"62,2 : 0.2746"
"2,63 : 0.3314"
"63,2 : 0.3314"
"2,64 : 0.5204"
"64,2 : 0.5204"
"2,65 : 0.3734"
"65,2 : 0.3734"
"2,66 : 0.4219"
"66,2 : 0.4219"
"2,67 : 0.3523"
"67,2 : 0.3523"
"2,68 : 0.6379"
"68,2 : 0.6379"
"2,69 : 0.4909"
"69,2 : 0.4909"
"2,70 : 0.5022"
"70,2 : 0.5022"
"2,71 : 0.4883"
"71,2 : 0.4883"
"2,72 : 0.658"
"72,2 : 0.658"
"2,73 : 0.43"
"73,2 : 0.43"
"2,74 : 0.3981"
"74,2 : 0.3981"
"2,75 : 0.377"
"75,2 : 0.377"
"2,76 : 0.1342"
"76,2 : 0.1342"
"2,77 : 0.5523"
"77,2 : 0.5523"
"2,78 : 0.6501"
"78,2 : 0.6501"
"2,79 : 0.6"
"79,2 : 0.6"
"2,80 : 0.4305"
"80,2 : 0.4305"
"2,81 : 0.2617"
"81,2 : 0.2617"
"2,82 : 0.4301"
"82,2 : 0.4301"
"2,83 : 0.4662"
"83,2 : 0.4662"
"2,84 : 0.2818"
"84,2 : 0.2818"
"2,85 : 0.255"
"85,2 : 0.255"
"2,86 : 0.07"
"86,2 : 0.07"
"2,87 : 0.4455"
"87,2 : 0.4455"
"2,88 : 0.3312"
"88,2 : 0.3312"
"2,89 : 0.6661"
"89,2 : 0.6661"
"2,90 : 0.4104"
"90,2 : 0.4104"
"2,91 : 0.4366"
"91,2 : 0.4366"
"2,92 : 0.3059"
"92,2 : 0.3059"
"2,93 : 0.25"
"93,2 : 0.25"
"2,94 : 0.5571"
"94,2 : 0.5571"
"2,95 : 0.3401"
"95,2 : 0.3401"
"2,96 : 0.2902"
"96,2 : 0.2902"
"2,97 : 0.5404"
"97,2 : 0.5404"
"2,98 : 0.5685"
"98,2 : 0.5685"
"2,99 : 0.211"
"99,2 : 0.211"
"3,4 : 0.3805"
"4,3 : 0.3805"
"3,5 : 0.3384"
"5,3 : 0.3384"
"3,6 : 0.423"
"6,3 : 0.423"
"3,7 : 0.2247"
"7,3 : 0.2247"
"3,8 : 0.1118"
"8,3 : 0.1118"
"3,9 : 0.2408"
"9,3 : 0.2408"
"3,10 : 0.6796"
"10,3 : 0.6796"
"3,11 : 0.4617"
"11,3 : 0.4617"
"3,12 : 0.4134"
"12,3 : 0.4134"
"3,13 : 0.4653"
"13,3 : 0.4653"
"3,14 : 0.4357"
"14,3 : 0.4357"
"3,15 : 0.6676"
"15,3 : 0.6676"
"3,16 : 0.6546"
"16,3 : 0.6546"
"3,17 : 0.5263"
"17,3 : 0.5263"
"3,18 : 0.4332"
"18,3 : 0.4332"
"3,19 : 0.34"
"19,3 : 0.34"
"3,20 : 0.3766"
"20,3 : 0.3766"
"3,21 : 0.7692"
"21,3 : 0.7692"
"3,22 : 0.622"
"22,3 : 0.622"
"3,23 : 0.7543"
"23,3 : 0.7543"
"3,24 : 0.2059"
"24,3 : 0.2059"
"3,25 : 0.525"
"25,3 : 0.525"
"3,26 : 0.7024"
"26,3 : 0.7024"
"3,27 : 0.472"
"27,3 : 0.472"
"3,28 : 0.4243"
"28,3 : 0.4243"
"3,29 : 0.13"
"29,3 : 0.13"
"3,30 : 0.1676"
"30,3 : 0.1676"
"3,31 : 0.3905"
"31,3 : 0.3905"
"3,32 : 0.5334"
"32,3 : 0.5334"
"3,33 : 0.2022"
"33,3 : 0.2022"
"3,34 : 0.4713"
"34,3 : 0.4713"
"3,35 : 0.3667"
"35,3 : 0.3667"
"3,36 : 0.2778"
"36,3 : 0.2778"
"3,37 : 0.2789"
"37,3 : 0.2789"
"3,38 : 0.5745"
"38,3 : 0.5745"
"3,39 : 0.4742"
"39,3 : 0.4742"
"3,40 : 0.5108"
"40,3 : 0.5108"
"3,41 : 0.442"
"41,3 : 0.442"
"3,42 : 0.4855"
"42,3 : 0.4855"
"3,43 : 0.4579"
"43,3 : 0.4579"
"3,44 : 0.451"
"44,3 : 0.451"
"3,45 : 0.4738"
"45,3 : 0.4738"
"3,46 : 0.7596"
"46,3 : 0.7596"
"3,47 : 0.8695"
"47,3 : 0.8695"
"3,48 : 0.8322"
"48,3 : 0.8322"
"3,49 : 0.6107"
"49,3 : 0.6107"
"3,50 : 0.1628"
"50,3 : 0.1628"
"3,51 : 0.0825"
"51,3 : 0.0825"
"3,52 : 0.0949"
"52,3 : 0.0949"
"3,53 : 0.5"
"53,3 : 0.5"
"3,54 : 0.1487"
"54,3 : 0.1487"
"3,55 : 0.1726"
"55,3 : 0.1726"
"3,56 : 0.5901"
"56,3 : 0.5901"
"3,57 : 0.7256"
"57,3 : 0.7256"
"3,58 : 0.4393"
"58,3 : 0.4393"
"3,59 : 0.4571"
"59,3 : 0.4571"
"3,60 : 0.1726"
"60,3 : 0.1726"
"3,61 : 0.6185"
"61,3 : 0.6185"
"3,62 : 0.6987"
"62,3 : 0.6987"
"3,63 : 0.7506"
"63,3 : 0.7506"
"3,64 : 0.1077"
"64,3 : 0.1077"
"3,65 : 0.5673"
"65,3 : 0.5673"
"3,66 : 0.6122"
"66,3 : 0.6122"
"3,67 : 0.1221"
"67,3 : 0.1221"
"3,68 : 0.29"
"68,3 : 0.29"
"3,69 : 0.3302"
"69,3 : 0.3302"
"3,70 : 0.086"
"70,3 : 0.086"
"3,71 : 0.7782"
"71,3 : 0.7782"
"3,72 : 0.4211"
"72,3 : 0.4211"
"3,73 : 0.5597"
"73,3 : 0.5597"
"3,74 : 0.2377"
"74,3 : 0.2377"
"3,75 : 0.2119"
"75,3 : 0.2119"
"3,76 : 0.3231"
"76,3 : 0.3231"
"3,77 : 0.3536"
"77,3 : 0.3536"
"3,78 : 0.2354"
"78,3 : 0.2354"
"3,79 : 0.4243"
"79,3 : 0.4243"
"3,80 : 0.3689"
"80,3 : 0.3689"
"3,81 : 0.1628"
"81,3 : 0.1628"
"3,82 : 0.051"
"82,3 : 0.051"
"3,83 : 0.2402"
"83,3 : 0.2402"
"3,84 : 0.5819"
"84,3 : 0.5819"
"3,85 : 0.6408"
"85,3 : 0.6408"
"3,86 : 0.4201"
"86,3 : 0.4201"
"3,87 : 0.3833"
"87,3 : 0.3833"
"3,88 : 0.164"
"88,3 : 0.164"
"3,89 : 0.3511"
"89,3 : 0.3511"
"3,90 : 0.74"
"90,3 : 0.74"
"3,91 : 0.6689"
"91,3 : 0.6689"
"3,92 : 0.5367"
"92,3 : 0.5367"
"3,93 : 0.1803"
"93,3 : 0.1803"
"3,94 : 0.772"
"94,3 : 0.772"
"3,95 : 0.7344"
"95,3 : 0.7344"
"3,96 : 0.7134"
"96,3 : 0.7134"
"3,97 : 0.1442"
"97,3 : 0.1442"
"3,98 : 0.3007"
"98,3 : 0.3007"
"3,99 : 0.392"
"99,3 : 0.392"
"4,5 : 0.6441"
"5,4 : 0.6441"
"4,6 : 0.6152"
"6,4 : 0.6152"
"4,7 : 0.5984"
"7,4 : 0.5984"
"4,8 : 0.2886"
"8,4 : 0.2886"
"4,9 : 0.4441"
"9,4 : 0.4441"
"4,10 : 0.3982"
"10,4 : 0.3982"
"4,11 : 0.1709"
"11,4 : 0.1709"
"4,12 : 0.6848"
"12,4 : 0.6848"
"4,13 : 0.0943"
"13,4 : 0.0943"
"4,14 : 0.0707"
"14,4 : 0.0707"
"4,15 : 0.3342"
"15,4 : 0.3342"
"4,16 : 0.3848"
"16,4 : 0.3848"
"4,17 : 0.3932"
"17,4 : 0.3932"
"4,18 : 0.6748"
"18,4 : 0.6748"
"4,19 : 0.3883"
"19,4 : 0.3883"
"4,20 : 0.4982"
"20,4 : 0.4982"
"4,21 : 0.4071"
"21,4 : 0.4071"
"4,22 : 0.37"
"22,4 : 0.37"
"4,23 : 0.5331"
"23,4 : 0.5331"
"4,24 : 0.3441"
"24,4 : 0.3441"
"4,25 : 0.4219"
"25,4 : 0.4219"
"4,26 : 0.392"
"26,4 : 0.392"
"4,27 : 0.4123"
"27,4 : 0.4123"
"4,28 : 0.5946"
"28,4 : 0.5946"
"4,29 : 0.4085"
"29,4 : 0.4085"
"4,30 : 0.222"
"30,4 : 0.222"
"4,31 : 0.3087"
"31,4 : 0.3087"
"4,32 : 0.3008"
"32,4 : 0.3008"
"4,33 : 0.4134"
"33,4 : 0.4134"
"4,34 : 0.4924"
"34,4 : 0.4924"
"4,35 : 0.6435"
"35,4 : 0.6435"
"4,36 : 0.3256"
"36,4 : 0.3256"
"4,37 : 0.5148"
"37,4 : 0.5148"
"4,38 : 0.5162"
"38,4 : 0.5162"
"4,39 : 0.3413"
"39,4 : 0.3413"
"4,40 : 0.2377"
"40,4 : 0.2377"
"4,41 : 0.386"
"41,4 : 0.386"
"4,42 : 0.408"
"42,4 : 0.408"
"4,43 : 0.4332"
"43,4 : 0.4332"
"4,44 : 0.086"
"44,4 : 0.086"
"4,45 : 0.0985"
"45,4 : 0.0985"
"4,46 : 0.4188"
"46,4 : 0.4188"
"4,47 : 0.5903"
"47,4 : 0.5903"
"4,48 : 0.536"
"48,4 : 0.536"
"4,49 : 0.2354"
"49,4 : 0.2354"
"4,50 : 0.5423"
"50,4 : 0.5423"
"4,51 : 0.3736"
"51,4 : 0.3736"
"4,52 : 0.4727"
"52,4 : 0.4727"
"4,53 : 0.5188"
"53,4 : 0.5188"
"4,54 : 0.5247"
"54,4 : 0.5247"
"4,55 : 0.2102"
"55,4 : 0.2102"
"4,56 : 0.2121"
"56,4 : 0.2121"
"4,57 : 0.3471"
"57,4 : 0.3471"
"4,58 : 0.086"
"58,4 : 0.086"
"4,59 : 0.6297"
"59,4 : 0.6297"
"4,60 : 0.3982"
"60,4 : 0.3982"
"4,61 : 0.5001"
"61,4 : 0.5001"
"4,62 : 0.3228"
"62,4 : 0.3228"
"4,63 : 0.3701"
"63,4 : 0.3701"
"4,64 : 0.4804"
"64,4 : 0.4804"
"4,65 : 0.4101"
"65,4 : 0.4101"
"4,66 : 0.46"
"66,4 : 0.46"
"4,67 : 0.3202"
"67,4 : 0.3202"
"4,68 : 0.6103"
"68,4 : 0.6103"
"4,69 : 0.4827"
"69,4 : 0.4827"
"4,70 : 0.4554"
"70,4 : 0.4554"
"4,71 : 0.4817"
"71,4 : 0.4817"
"4,72 : 0.6014"
"72,4 : 0.6014"
"4,73 : 0.392"
"73,4 : 0.392"
"4,74 : 0.3828"
"74,4 : 0.3828"
"4,75 : 0.3585"
"75,4 : 0.3585"
"4,76 : 0.1281"
"76,4 : 0.1281"
"4,77 : 0.4958"
"77,4 : 0.4958"
"4,78 : 0.6107"
"78,4 : 0.6107"
"4,79 : 0.5946"
"79,4 : 0.5946"
"4,80 : 0.3759"
"80,4 : 0.3759"
"4,81 : 0.2202"
"81,4 : 0.2202"
"4,82 : 0.3912"
"82,4 : 0.3912"
"4,83 : 0.4478"
"83,4 : 0.4478"
"4,84 : 0.2702"
"84,4 : 0.2702"
"4,85 : 0.3114"
"85,4 : 0.3114"
"4,86 : 0.05"
"86,4 : 0.05"
"4,87 : 0.4482"
"87,4 : 0.4482"
"4,88 : 0.2773"
"88,4 : 0.2773"
"4,89 : 0.6103"
"89,4 : 0.6103"
"4,90 : 0.4123"
"90,4 : 0.4123"
"4,91 : 0.4159"
"91,4 : 0.4159"
"4,92 : 0.2786"
"92,4 : 0.2786"
"4,93 : 0.2022"
"93,4 : 0.2022"
"4,94 : 0.5367"
"94,4 : 0.5367"
"4,95 : 0.364"
"95,4 : 0.364"
"4,96 : 0.3338"
"96,4 : 0.3338"
"4,97 : 0.5036"
"97,4 : 0.5036"
"4,98 : 0.5122"
"98,4 : 0.5122"
"4,99 : 0.2309"
"99,4 : 0.2309"
"5,6 : 0.198"
"6,5 : 0.198"
"5,7 : 0.201"
"7,5 : 0.201"
"5,8 : 0.3701"
"8,5 : 0.3701"
"5,9 : 0.2138"
"9,5 : 0.2138"
"5,10 : 1.0"
"10,5 : 1.0"
"5,11 : 0.6454"
"11,5 : 0.6454"
"5,12 : 0.6307"
"12,5 : 0.6307"
"5,13 : 0.7382"
"13,5 : 0.7382"
"5,14 : 0.712"
"14,5 : 0.712"
"5,15 : 0.8349"
"15,5 : 0.8349"
"5,16 : 0.9774"
"16,5 : 0.9774"
"5,17 : 0.864"
"17,5 : 0.864"
"5,18 : 0.1393"
"18,5 : 0.1393"
"5,19 : 0.3506"
"19,5 : 0.3506"
"5,20 : 0.2751"
"20,5 : 0.2751"
"5,21 : 1.0512"
"21,5 : 1.0512"
"5,22 : 0.9479"
"22,5 : 0.9479"
"5,23 : 0.8028"
"23,5 : 0.8028"
"5,24 : 0.3068"
"24,5 : 0.3068"
"5,25 : 0.5434"
"25,5 : 0.5434"
"5,26 : 1.014"
"26,5 : 1.014"
"5,27 : 0.4805"
"27,5 : 0.4805"
"5,28 : 0.712"
"28,5 : 0.712"
"5,29 : 0.2421"
"29,5 : 0.2421"
"5,30 : 0.481"
"30,5 : 0.481"
"5,31 : 0.728"
"31,5 : 0.728"
"5,32 : 0.6501"
"32,5 : 0.6501"
"5,33 : 0.2341"
"33,5 : 0.2341"
"5,34 : 0.8011"
"34,5 : 0.8011"
"5,35 : 0.0583"
"35,5 : 0.0583"
"5,36 : 0.6159"
"36,5 : 0.6159"
"5,37 : 0.5629"
"37,5 : 0.5629"
"5,38 : 0.5331"
"38,5 : 0.5331"
"5,39 : 0.5415"
"39,5 : 0.5415"
"5,40 : 0.6648"
"40,5 : 0.6648"
"5,41 : 0.4653"
"41,5 : 0.4653"
"5,42 : 0.8238"
"42,5 : 0.8238"
"5,43 : 0.4438"
"43,5 : 0.4438"
"5,44 : 0.6871"
"44,5 : 0.6871"
"5,45 : 0.7424"
"45,5 : 0.7424"
"5,46 : 0.9227"
"46,5 : 0.9227"
"5,47 : 0.9535"
"47,5 : 0.9535"
"5,48 : 1.1511"
"48,5 : 1.1511"
"5,49 : 0.8382"
"49,5 : 0.8382"
"5,50 : 0.2518"
"50,5 : 0.2518"
"5,51 : 0.29"
"51,5 : 0.29"
"5,52 : 0.2693"
"52,5 : 0.2693"
"5,53 : 0.8286"
"53,5 : 0.8286"
"5,54 : 0.2354"
"54,5 : 0.2354"
"5,55 : 0.4751"
"55,5 : 0.4751"
"5,56 : 0.8254"
"56,5 : 0.8254"
"5,57 : 0.9823"
"57,5 : 0.9823"
"5,58 : 0.722"
"58,5 : 0.722"
"5,59 : 0.7382"
"59,5 : 0.7382"
"5,60 : 0.246"
"60,5 : 0.246"
"5,61 : 0.6135"
"61,5 : 0.6135"
"5,62 : 0.9625"
"62,5 : 0.9625"
"5,63 : 0.9898"
"63,5 : 0.9898"
"5,64 : 0.3324"
"64,5 : 0.3324"
"5,65 : 0.9043"
"65,5 : 0.9043"
"5,66 : 0.95"
"66,5 : 0.95"
"5,67 : 0.4604"
"67,5 : 0.4604"
"5,68 : 0.4901"
"68,5 : 0.4901"
"5,69 : 0.642"
"69,5 : 0.642"
"5,70 : 0.2594"
"70,5 : 0.2594"
"5,71 : 0.892"
"71,5 : 0.892"
"5,72 : 0.2126"
"72,5 : 0.2126"
"5,73 : 0.6166"
"73,5 : 0.6166"
"5,74 : 0.568"
"74,5 : 0.568"
"5,75 : 0.5459"
"75,5 : 0.5459"
"5,76 : 0.6325"
"76,5 : 0.6325"
"5,77 : 0.25"
"77,5 : 0.25"
"5,78 : 0.3324"
"78,5 : 0.3324"
"5,79 : 0.712"
"79,5 : 0.712"
"5,80 : 0.3912"
"80,5 : 0.3912"
"5,81 : 0.4675"
"81,5 : 0.4675"
"5,82 : 0.3759"
"82,5 : 0.3759"
"5,83 : 0.5503"
"83,5 : 0.5503"
"5,84 : 0.7455"
"84,5 : 0.7455"
"5,85 : 0.943"
"85,5 : 0.943"
"5,86 : 0.6671"
"86,5 : 0.6671"
"5,87 : 0.7118"
"87,5 : 0.7118"
"5,88 : 0.3672"
"88,5 : 0.3672"
"5,89 : 0.086"
"89,5 : 0.086"
"5,90 : 0.8909"
"90,5 : 0.8909"
"5,91 : 0.7632"
"91,5 : 0.7632"
"5,92 : 0.6712"
"92,5 : 0.6712"
"5,93 : 0.458"
"93,5 : 0.458"
"5,94 : 0.8298"
"94,5 : 0.8298"
"5,95 : 0.9415"
"95,5 : 0.9415"
"5,96 : 0.9657"
"96,5 : 0.9657"
"5,97 : 0.3667"
"97,5 : 0.3667"
"5,98 : 0.1712"
"98,5 : 0.1712"
"5,99 : 0.7214"
"99,5 : 0.7214"
"6,7 : 0.3758"
"7,6 : 0.3758"
"6,8 : 0.3992"
"8,6 : 0.3992"
"6,9 : 0.1931"
"9,6 : 0.1931"
"6,10 : 1.0042"
"10,6 : 1.0042"
"6,11 : 0.5644"
"11,6 : 0.5644"
"6,12 : 0.7885"
"12,6 : 0.7885"
"6,13 : 0.7072"
"13,6 : 0.7072"
"6,14 : 0.6859"
"14,6 : 0.6859"
"6,15 : 0.7273"
"15,6 : 0.7273"
"6,16 : 0.986"
"16,6 : 0.986"
"6,17 : 0.9129"
"17,6 : 0.9129"
"6,18 : 0.0906"
"18,6 : 0.0906"
"6,19 : 0.2419"
"19,6 : 0.2419"
"6,20 : 0.13"
"20,6 : 0.13"
"6,21 : 1.0104"
"21,6 : 1.0104"
"6,22 : 0.9626"
"22,6 : 0.9626"
"6,23 : 0.642"
"23,6 : 0.642"
"6,24 : 0.283"
"24,6 : 0.283"
"6,25 : 0.3905"
"25,6 : 0.3905"
"6,26 : 1.0057"
"26,6 : 1.0057"
"6,27 : 0.3324"
"27,6 : 0.3324"
"6,28 : 0.8401"
"28,6 : 0.8401"
"6,29 : 0.2943"
"29,6 : 0.2943"
"6,30 : 0.5148"
"30,6 : 0.5148"
"6,31 : 0.78"
"31,6 : 0.78"
"6,32 : 0.5316"
"32,6 : 0.5316"
"6,33 : 0.2341"
"33,6 : 0.2341"
"6,34 : 0.8905"
"34,6 : 0.8905"
"6,35 : 0.1421"
"35,6 : 0.1421"
"6,36 : 0.6868"
"36,6 : 0.6868"
"6,37 : 0.6903"
"37,6 : 0.6903"
"6,38 : 0.3569"
"38,6 : 0.3569"
"6,39 : 0.4123"
"39,6 : 0.4123"
"6,40 : 0.5646"
"40,6 : 0.5646"
"6,41 : 0.3276"
"41,6 : 0.3276"
"6,42 : 0.886"
"42,6 : 0.886"
"6,43 : 0.2915"
"43,6 : 0.2915"
"6,44 : 0.6341"
"44,6 : 0.6341"
"6,45 : 0.7077"
"45,6 : 0.7077"
"6,46 : 0.8078"
"46,6 : 0.8078"
"6,47 : 0.8002"
"47,6 : 0.8002"
"6,48 : 1.1487"
"48,6 : 1.1487"
"6,49 : 0.7666"
"49,6 : 0.7666"
"6,50 : 0.4052"
"50,6 : 0.4052"
"6,51 : 0.3471"
"51,6 : 0.3471"
"6,52 : 0.392"
"52,6 : 0.392"
"6,53 : 0.9198"
"53,6 : 0.9198"
"6,54 : 0.3808"
"54,6 : 0.3808"
"6,55 : 0.5009"
"55,6 : 0.5009"
"6,56 : 0.7601"
"56,6 : 0.7601"
"6,57 : 0.9236"
"57,6 : 0.9236"
"6,58 : 0.7004"
"58,6 : 0.7004"
"6,59 : 0.8705"
"59,6 : 0.8705"
"6,60 : 0.2625"
"60,6 : 0.2625"
"6,61 : 0.4441"
"61,6 : 0.4441"
"6,62 : 0.9102"
"62,6 : 0.9102"
"6,63 : 0.9179"
"63,6 : 0.9179"
"6,64 : 0.4627"
"64,6 : 0.4627"
"6,65 : 0.9481"
"65,6 : 0.9481"
"6,66 : 0.9974"
"66,6 : 0.9974"
"6,67 : 0.5337"
"67,6 : 0.5337"
"6,68 : 0.6476"
"68,6 : 0.6476"
"6,69 : 0.7524"
"69,6 : 0.7524"
"6,70 : 0.3705"
"70,6 : 0.3705"
"6,71 : 0.7543"
"71,6 : 0.7543"
"6,72 : 0.02"
"72,6 : 0.02"
"6,73 : 0.4727"
"73,6 : 0.4727"
"6,74 : 0.6592"
"74,6 : 0.6592"
"6,75 : 0.6315"
"75,6 : 0.6315"
"6,76 : 0.6435"
"76,6 : 0.6435"
"6,77 : 0.1221"
"77,6 : 0.1221"
"6,78 : 0.5033"
"78,6 : 0.5033"
"6,79 : 0.8401"
"79,6 : 0.8401"
"6,80 : 0.2731"
"80,6 : 0.2731"
"6,81 : 0.4966"
"81,6 : 0.4966"
"6,82 : 0.4717"
"82,6 : 0.4717"
"6,83 : 0.6612"
"83,6 : 0.6612"
"6,84 : 0.6426"
"84,6 : 0.6426"
"6,85 : 0.9266"
"85,6 : 0.9266"
"6,86 : 0.6237"
"86,6 : 0.6237"
"6,87 : 0.8041"
"87,6 : 0.8041"
"6,88 : 0.3672"
"88,6 : 0.3672"
"6,89 : 0.114"
"89,6 : 0.114"
"6,90 : 0.7713"
"90,6 : 0.7713"
"6,91 : 0.6239"
"91,6 : 0.6239"
"6,92 : 0.5597"
"92,6 : 0.5597"
"6,93 : 0.4701"
"93,6 : 0.4701"
"6,94 : 0.6712"
"94,6 : 0.6712"
"6,95 : 0.8509"
"95,6 : 0.8509"
"6,96 : 0.9043"
"96,6 : 0.9043"
"6,97 : 0.5049"
"97,6 : 0.5049"
"6,98 : 0.1237"
"98,6 : 0.1237"
"6,99 : 0.7518"
"99,6 : 0.7518"
"7,8 : 0.3114"
"8,7 : 0.3114"
"7,9 : 0.2802"
"9,7 : 0.2802"
"7,10 : 0.9005"
"10,7 : 0.9005"
"7,11 : 0.6528"
"11,7 : 0.6528"
"7,12 : 0.4301"
"12,7 : 0.4301"
"7,13 : 0.6866"
"13,7 : 0.6866"
"7,14 : 0.6573"
"14,7 : 0.6573"
"7,15 : 0.8571"
"15,7 : 0.8571"
"7,16 : 0.8746"
"16,7 : 0.8746"
"7,17 : 0.7292"
"17,7 : 0.7292"
"7,18 : 0.3373"
"18,7 : 0.3373"
"7,19 : 0.4305"
"19,7 : 0.4305"
"7,20 : 0.4031"
"20,7 : 0.4031"
"7,21 : 0.9933"
"21,7 : 0.9933"
"7,22 : 0.8406"
"22,7 : 0.8406"
"7,23 : 0.89"
"23,7 : 0.89"
"7,24 : 0.3257"
"24,7 : 0.3257"
"7,25 : 0.6363"
"25,7 : 0.6363"
"7,26 : 0.9257"
"26,7 : 0.9257"
"7,27 : 0.5745"
"27,7 : 0.5745"
"7,28 : 0.522"
"28,7 : 0.522"
"7,29 : 0.2159"
"29,7 : 0.2159"
"7,30 : 0.3922"
"30,7 : 0.3922"
"7,31 : 0.5967"
"31,7 : 0.5967"
"7,32 : 0.6964"
"32,7 : 0.6964"
"7,33 : 0.2683"
"33,7 : 0.2683"
"7,34 : 0.6351"
"34,7 : 0.6351"
"7,35 : 0.255"
"35,7 : 0.255"
"7,36 : 0.4742"
"36,7 : 0.4742"
"7,37 : 0.377"
"37,7 : 0.377"
"7,38 : 0.6544"
"38,7 : 0.6544"
"7,39 : 0.6093"
"39,7 : 0.6093"
"7,40 : 0.6905"
"40,7 : 0.6905"
"7,41 : 0.5507"
"41,7 : 0.5507"
"7,42 : 0.679"
"42,7 : 0.679"
"7,43 : 0.5464"
"43,7 : 0.5464"
"7,44 : 0.6619"
"44,7 : 0.6619"
"7,45 : 0.6943"
"45,7 : 0.6943"
"7,46 : 0.9489"
"46,7 : 0.9489"
"7,47 : 1.0253"
"47,7 : 1.0253"
"7,48 : 1.0531"
"48,7 : 1.0531"
"7,49 : 0.8215"
"49,7 : 0.8215"
"7,50 : 0.0707"
"50,7 : 0.0707"
"7,51 : 0.23"
"51,7 : 0.23"
"7,52 : 0.13"
"52,7 : 0.13"
"7,53 : 0.6604"
"53,7 : 0.6604"
"7,54 : 0.0762"
"54,7 : 0.0762"
"7,55 : 0.3956"
"55,7 : 0.3956"
"7,56 : 0.8031"
"56,7 : 0.8031"
"7,57 : 0.9454"
"57,7 : 0.9454"
"7,58 : 0.6622"
"58,7 : 0.6622"
"7,59 : 0.5457"
"59,7 : 0.5457"
"7,60 : 0.2563"
"60,7 : 0.2563"
"7,61 : 0.7211"
"61,7 : 0.7211"
"7,62 : 0.9198"
"62,7 : 0.9198"
"7,63 : 0.9663"
"63,7 : 0.9663"
"7,64 : 0.1628"
"64,7 : 0.1628"
"7,65 : 0.7723"
"65,7 : 0.7723"
"7,66 : 0.8134"
"66,7 : 0.8134"
"7,67 : 0.3329"
"67,7 : 0.3329"
"7,68 : 0.2902"
"68,7 : 0.2902"
"7,69 : 0.4653"
"69,7 : 0.4653"
"7,70 : 0.1432"
"70,7 : 0.1432"
"7,71 : 0.9464"
"71,7 : 0.9464"
"7,72 : 0.3847"
"72,7 : 0.3847"
"7,73 : 0.6935"
"73,7 : 0.6935"
"7,74 : 0.4111"
"74,7 : 0.4111"
"7,75 : 0.396"
"75,7 : 0.396"
"7,76 : 0.5478"
"76,7 : 0.5478"
"7,77 : 0.3748"
"77,7 : 0.3748"
"7,78 : 0.1315"
"78,7 : 0.1315"
"7,79 : 0.522"
"79,7 : 0.522"
"7,80 : 0.4701"
"80,7 : 0.4701"
"7,81 : 0.386"
"81,7 : 0.386"
"7,82 : 0.2385"
"82,7 : 0.2385"
"7,83 : 0.3774"
"83,7 : 0.3774"
"7,84 : 0.7679"
"84,7 : 0.7679"
"7,85 : 0.8654"
"85,7 : 0.8654"
"7,86 : 0.6339"
"86,7 : 0.6339"
"7,87 : 0.5464"
"87,7 : 0.5464"
"7,88 : 0.3406"
"88,7 : 0.3406"
"7,89 : 0.2657"
"89,7 : 0.2657"
"7,90 : 0.924"
"90,7 : 0.924"
"7,91 : 0.8254"
"91,7 : 0.8254"
"7,92 : 0.7083"
"92,7 : 0.7083"
"7,93 : 0.3962"
"93,7 : 0.3962"
"7,94 : 0.9129"
"94,7 : 0.9129"
"7,95 : 0.94"
"95,7 : 0.94"
"7,96 : 0.9321"
"96,7 : 0.9321"
"7,97 : 0.1836"
"97,7 : 0.1836"
"7,98 : 0.2907"
"98,7 : 0.2907"
"7,99 : 0.6106"
"99,7 : 0.6106"
"8,9 : 0.2062"
"9,8 : 0.2062"
"8,10 : 0.6303"
"10,8 : 0.6303"
"8,11 : 0.3517"
"11,8 : 0.3517"
"8,12 : 0.5122"
"12,8 : 0.5122"
"8,13 : 0.3795"
"13,8 : 0.3795"
"8,14 : 0.3511"
"14,8 : 0.3511"
"8,15 : 0.5579"
"15,8 : 0.5579"
"8,16 : 0.6083"
"16,8 : 0.6083"
"8,17 : 0.5143"
"17,8 : 0.5143"
"8,18 : 0.4327"
"18,8 : 0.4327"
"8,19 : 0.2571"
"19,8 : 0.2571"
"8,20 : 0.3214"
"20,8 : 0.3214"
"8,21 : 0.6908"
"21,8 : 0.6908"
"8,22 : 0.58"
"22,8 : 0.58"
"8,23 : 0.6454"
"23,8 : 0.6454"
"8,24 : 0.13"
"24,8 : 0.13"
"8,25 : 0.4244"
"25,8 : 0.4244"
"8,26 : 0.644"
"26,8 : 0.644"
"8,27 : 0.3759"
"27,8 : 0.3759"
"8,28 : 0.4965"
"28,8 : 0.4965"
"8,29 : 0.1281"
"29,8 : 0.1281"
"8,30 : 0.1166"
"30,8 : 0.1166"
"8,31 : 0.3808"
"31,8 : 0.3808"
"8,32 : 0.4219"
"32,8 : 0.4219"
"8,33 : 0.1655"
"33,8 : 0.1655"
"8,34 : 0.5016"
"34,8 : 0.5016"
"8,35 : 0.3821"
"35,8 : 0.3821"
"8,36 : 0.2927"
"36,8 : 0.2927"
"8,37 : 0.3624"
"37,8 : 0.3624"
"8,38 : 0.4833"
"38,8 : 0.4833"
"8,39 : 0.368"
"39,8 : 0.368"
"8,40 : 0.3992"
"40,8 : 0.3992"
"8,41 : 0.3448"
"41,8 : 0.3448"
"8,42 : 0.487"
"42,8 : 0.487"
"8,43 : 0.3677"
"43,8 : 0.3677"
"8,44 : 0.3506"
"44,8 : 0.3506"
"8,45 : 0.386"
"45,8 : 0.386"
"8,46 : 0.65"
"46,8 : 0.65"
"8,47 : 0.758"
"47,8 : 0.758"
"8,48 : 0.781"
"48,8 : 0.781"
"8,49 : 0.5104"
"49,8 : 0.5104"
"8,50 : 0.2608"
"50,8 : 0.2608"
"8,51 : 0.0854"
"51,8 : 0.0854"
"8,52 : 0.191"
"52,8 : 0.191"
"8,53 : 0.5315"
"53,8 : 0.5315"
"8,54 : 0.24"
"54,8 : 0.24"
"8,55 : 0.1063"
"55,8 : 0.1063"
"8,56 : 0.4916"
"56,8 : 0.4916"
"8,57 : 0.6356"
"57,8 : 0.6356"
"8,58 : 0.3585"
"58,8 : 0.3585"
"8,59 : 0.5314"
"59,8 : 0.5314"
"8,60 : 0.1389"
"60,8 : 0.1389"
"8,61 : 0.5187"
"61,8 : 0.5187"
"8,62 : 0.6113"
"62,8 : 0.6113"
"8,63 : 0.6549"
"63,8 : 0.6549"
"8,64 : 0.2193"
"64,8 : 0.2193"
"8,65 : 0.5507"
"65,8 : 0.5507"
"8,66 : 0.5994"
"66,8 : 0.5994"
"8,67 : 0.153"
"67,8 : 0.153"
"8,68 : 0.397"
"68,8 : 0.397"
"8,69 : 0.3905"
"69,8 : 0.3905"
"8,70 : 0.17"
"70,8 : 0.17"
"8,71 : 0.6664"
"71,8 : 0.6664"
"8,72 : 0.3922"
"72,8 : 0.3922"
"8,73 : 0.4525"
"73,8 : 0.4525"
"8,74 : 0.2828"
"74,8 : 0.2828"
"8,75 : 0.2518"
"75,8 : 0.2518"
"8,76 : 0.2625"
"76,8 : 0.2625"
"8,77 : 0.3041"
"77,8 : 0.3041"
"8,78 : 0.3448"
"78,8 : 0.3448"
"8,79 : 0.4965"
"79,8 : 0.4965"
"8,80 : 0.2786"
"80,8 : 0.2786"
"8,81 : 0.1"
"81,8 : 0.1"
"8,82 : 0.1487"
"82,8 : 0.1487"
"8,83 : 0.3102"
"83,8 : 0.3102"
"8,84 : 0.4713"
"84,8 : 0.4713"
"8,85 : 0.5745"
"85,8 : 0.5745"
"8,86 : 0.3225"
"86,8 : 0.3225"
"8,87 : 0.42"
"87,8 : 0.42"
"8,88 : 0.0583"
"88,8 : 0.0583"
"8,89 : 0.3561"
"89,8 : 0.3561"
"8,90 : 0.6294"
"90,8 : 0.6294"
"8,91 : 0.5576"
"91,8 : 0.5576"
"8,92 : 0.4249"
"92,8 : 0.4249"
"8,93 : 0.0894"
"93,8 : 0.0894"
"8,94 : 0.6622"
"94,8 : 0.6622"
"8,95 : 0.6307"
"95,8 : 0.6307"
"8,96 : 0.6217"
"96,8 : 0.6217"
"8,97 : 0.2555"
"97,8 : 0.2555"
"8,98 : 0.2773"
"98,8 : 0.2773"
"8,99 : 0.3581"
"99,8 : 0.3581"
"9,10 : 0.8213"
"10,9 : 0.8213"
"9,11 : 0.4317"
"11,9 : 0.4317"
"9,12 : 0.6369"
"12,9 : 0.6369"
"9,13 : 0.5382"
"13,9 : 0.5382"
"9,14 : 0.514"
"14,9 : 0.514"
"9,15 : 0.622"
"15,9 : 0.622"
"9,16 : 0.8016"
"16,9 : 0.8016"
"9,17 : 0.7201"
"17,9 : 0.7201"
"9,18 : 0.2335"
"18,9 : 0.2335"
"9,19 : 0.1523"
"19,9 : 0.1523"
"9,20 : 0.1393"
"20,9 : 0.1393"
"9,21 : 0.8491"
"21,9 : 0.8491"
"9,22 : 0.7762"
"22,9 : 0.7762"
"9,23 : 0.6147"
"23,9 : 0.6147"
"9,24 : 0.1"
"24,9 : 0.1"
"9,25 : 0.3578"
"25,9 : 0.3578"
"9,26 : 0.8276"
"26,9 : 0.8276"
"9,27 : 0.2953"
"27,9 : 0.2953"
"9,28 : 0.6648"
"28,9 : 0.6648"
"9,29 : 0.1118"
"29,9 : 0.1118"
"9,30 : 0.322"
"30,9 : 0.322"
"9,31 : 0.5869"
"31,9 : 0.5869"
"9,32 : 0.441"
"32,9 : 0.441"
"9,33 : 0.0412"
"33,9 : 0.0412"
"9,34 : 0.7004"
"34,9 : 0.7004"
"9,35 : 0.2012"
"35,9 : 0.2012"
"9,36 : 0.4948"
"36,9 : 0.4948"
"9,37 : 0.5179"
"37,9 : 0.5179"
"9,38 : 0.3754"
"38,9 : 0.3754"
"9,39 : 0.3396"
"39,9 : 0.3396"
"9,40 : 0.4518"
"40,9 : 0.4518"
"9,41 : 0.2731"
"41,9 : 0.2731"
"9,42 : 0.6929"
"42,9 : 0.6929"
"9,43 : 0.2663"
"43,9 : 0.2663"
"9,44 : 0.4785"
"44,9 : 0.4785"
"9,45 : 0.5408"
"45,9 : 0.5408"
"9,46 : 0.7106"
"46,9 : 0.7106"
"9,47 : 0.7569"
"47,9 : 0.7569"
"9,48 : 0.9688"
"48,9 : 0.9688"
"9,49 : 0.6263"
"49,9 : 0.6263"
"9,50 : 0.2766"
"50,9 : 0.2766"
"9,51 : 0.16"
"51,9 : 0.16"
"9,52 : 0.2371"
"52,9 : 0.2371"
"9,53 : 0.7299"
"53,9 : 0.7299"
"9,54 : 0.2484"
"54,9 : 0.2484"
"9,55 : 0.3089"
"55,9 : 0.3089"
"9,56 : 0.6147"
"56,9 : 0.6147"
"9,57 : 0.7739"
"57,9 : 0.7739"
"9,58 : 0.5263"
"58,9 : 0.5263"
"9,59 : 0.6972"
"59,9 : 0.6972"
"9,60 : 0.0707"
"60,9 : 0.0707"
"9,61 : 0.441"
"61,9 : 0.441"
"9,62 : 0.7559"
"62,9 : 0.7559"
"9,63 : 0.7783"
"63,9 : 0.7783"
"9,64 : 0.3046"
"64,9 : 0.3046"
"9,65 : 0.7559"
"65,9 : 0.7559"
"9,66 : 0.805"
"66,9 : 0.805"
"9,67 : 0.3437"
"67,9 : 0.3437"
"9,68 : 0.5009"
"68,9 : 0.5009"
"9,69 : 0.5701"
"69,9 : 0.5701"
"9,70 : 0.2102"
"70,9 : 0.2102"
"9,71 : 0.6873"
"71,9 : 0.6873"
"9,72 : 0.1868"
"72,9 : 0.1868"
"9,73 : 0.4206"
"73,9 : 0.4206"
"9,74 : 0.4717"
"74,9 : 0.4717"
"9,75 : 0.4428"
"75,9 : 0.4428"
"9,76 : 0.4561"
"76,9 : 0.4561"
"9,77 : 0.114"
"77,9 : 0.114"
"9,78 : 0.3829"
"78,9 : 0.3829"
"9,79 : 0.6648"
"79,9 : 0.6648"
"9,80 : 0.1931"
"80,9 : 0.1931"
"9,81 : 0.3041"
"81,9 : 0.3041"
"9,82 : 0.2915"
"82,9 : 0.2915"
"9,83 : 0.4809"
"83,9 : 0.4809"
"9,84 : 0.5324"
"84,9 : 0.5324"
"9,85 : 0.7517"
"85,9 : 0.7517"
"9,86 : 0.4614"
"86,9 : 0.4614"
"9,87 : 0.6152"
"87,9 : 0.6152"
"9,88 : 0.178"
"88,9 : 0.178"
"9,89 : 0.1664"
"89,9 : 0.1664"
"9,90 : 0.68"
"90,9 : 0.68"
"9,91 : 0.5609"
"91,9 : 0.5609"
"9,92 : 0.46"
"92,9 : 0.46"
"9,93 : 0.2802"
"93,9 : 0.2802"
"9,94 : 0.6391"
"94,9 : 0.6391"
"9,95 : 0.7278"
"95,9 : 0.7278"
"9,96 : 0.7564"
"96,9 : 0.7564"
"9,97 : 0.3493"
"97,9 : 0.3493"
"9,98 : 0.0721"
"98,9 : 0.0721"
"9,99 : 0.5608"
"99,9 : 0.5608"
"10,11 : 0.5263"
"11,10 : 0.5263"
"10,12 : 0.7903"
"12,10 : 0.7903"
"10,13 : 0.3195"
"13,10 : 0.3195"
"10,14 : 0.3311"
"14,10 : 0.3311"
"10,15 : 0.5644"
"15,10 : 0.5644"
"10,16 : 0.03"
"16,10 : 0.03"
"10,17 : 0.2433"
"17,10 : 0.2433"
"10,18 : 1.0548"
"18,10 : 1.0548"
"10,19 : 0.7855"
"19,10 : 0.7855"
"10,20 : 0.8931"
"20,10 : 0.8931"
"10,21 : 0.2335"
"21,10 : 0.2335"
"10,22 : 0.07"
"22,10 : 0.07"
"10,23 : 0.8402"
"23,10 : 0.8402"
"10,24 : 0.7235"
"24,10 : 0.7235"
"10,25 : 0.8036"
"25,10 : 0.8036"
"10,26 : 0.064"
"26,10 : 0.064"
"10,27 : 0.8041"
"27,10 : 0.8041"
"10,28 : 0.632"
"28,10 : 0.632"
"10,29 : 0.7582"
"29,10 : 0.7582"
"10,30 : 0.5201"
"30,10 : 0.5201"
"10,31 : 0.3276"
"31,10 : 0.3276"
"10,32 : 0.6494"
"32,10 : 0.6494"
"10,33 : 0.7852"
"33,10 : 0.7852"
"10,34 : 0.4374"
"34,10 : 0.4374"
"10,35 : 1.0114"
"35,10 : 1.0114"
"10,36 : 0.4492"
"36,10 : 0.4492"
"10,37 : 0.6478"
"37,10 : 0.6478"
"10,38 : 0.9014"
"38,10 : 0.9014"
"10,39 : 0.7242"
"39,10 : 0.7242"
"10,40 : 0.5787"
"40,10 : 0.5787"
"10,41 : 0.78"
"41,10 : 0.78"
"10,42 : 0.3126"
"42,10 : 0.3126"
"10,43 : 0.8286"
"43,10 : 0.8286"
"10,44 : 0.4176"
"44,10 : 0.4176"
"10,45 : 0.3257"
"45,10 : 0.3257"
"10,46 : 0.6017"
"46,10 : 0.6017"
"10,47 : 0.8298"
"47,10 : 0.8298"
"10,48 : 0.1526"
"48,10 : 0.1526"
"10,49 : 0.402"
"49,10 : 0.402"
"10,50 : 0.8324"
"50,10 : 0.8324"
"10,51 : 0.7106"
"51,10 : 0.7106"
"10,52 : 0.7718"
"52,10 : 0.7718"
"10,53 : 0.4438"
"53,10 : 0.4438"
"10,54 : 0.8249"
"54,10 : 0.8249"
"10,55 : 0.525"
"55,10 : 0.525"
"10,56 : 0.3805"
"56,10 : 0.3805"
"10,57 : 0.3176"
"57,10 : 0.3176"
"10,58 : 0.313"
"58,10 : 0.313"
"10,59 : 0.6549"
"59,10 : 0.6549"
"10,60 : 0.7637"
"60,10 : 0.7637"
"10,61 : 0.8688"
"61,10 : 0.8688"
"10,62 : 0.2864"
"62,10 : 0.2864"
"10,63 : 0.3847"
"63,10 : 0.3847"
"10,64 : 0.7469"
"64,10 : 0.7469"
"10,65 : 0.2088"
"65,10 : 0.2088"
"10,66 : 0.2195"
"66,10 : 0.2195"
"10,67 : 0.5682"
"67,10 : 0.5682"
"10,68 : 0.7864"
"68,10 : 0.7864"
"10,69 : 0.5614"
"69,10 : 0.5614"
"10,70 : 0.7655"
"70,10 : 0.7655"
"10,71 : 0.7218"
"71,10 : 0.7218"
"10,72 : 0.992"
"72,10 : 0.992"
"10,73 : 0.755"
"73,10 : 0.755"
"10,74 : 0.5289"
"74,10 : 0.5289"
"10,75 : 0.5281"
"75,10 : 0.5281"
"10,76 : 0.368"
"76,10 : 0.368"
"10,77 : 0.8881"
"77,10 : 0.8881"
"10,78 : 0.8616"
"78,10 : 0.8616"
"10,79 : 0.632"
"79,10 : 0.632"
"10,80 : 0.7741"
"80,10 : 0.7741"
"10,81 : 0.5326"
"81,10 : 0.5326"
"10,82 : 0.6624"
"82,10 : 0.6624"
"10,83 : 0.5944"
"83,10 : 0.5944"
"10,84 : 0.5604"
"84,10 : 0.5604"
"10,85 : 0.1217"
"85,10 : 0.1217"
"10,86 : 0.4085"
"86,10 : 0.4085"
"10,87 : 0.47"
"87,10 : 0.47"
"10,88 : 0.6438"
"88,10 : 0.6438"
"10,89 : 0.9829"
"89,10 : 0.9829"
"10,90 : 0.6237"
"90,10 : 0.6237"
"10,91 : 0.72"
"91,10 : 0.72"
"10,92 : 0.6166"
"92,10 : 0.6166"
"10,93 : 0.5445"
"93,10 : 0.5445"
"10,94 : 0.8315"
"94,10 : 0.8315"
"10,95 : 0.4776"
"95,10 : 0.4776"
"10,96 : 0.3311"
"96,10 : 0.3311"
"10,97 : 0.7485"
"97,10 : 0.7485"
"10,98 : 0.8927"
"98,10 : 0.8927"
"10,99 : 0.2907"
"99,10 : 0.2907"
"11,12 : 0.822"
"12,11 : 0.822"
"11,13 : 0.211"
"13,11 : 0.211"
"11,14 : 0.2102"
"14,11 : 0.2102"
"11,15 : 0.2062"
"15,11 : 0.2062"
"11,16 : 0.5197"
"16,11 : 0.5197"
"11,17 : 0.5609"
"17,11 : 0.5609"
"11,18 : 0.6398"
"18,11 : 0.6398"
"11,19 : 0.3225"
"19,11 : 0.3225"
"11,20 : 0.4357"
"20,11 : 0.4357"
"11,21 : 0.461"
"21,11 : 0.461"
"11,22 : 0.5135"
"22,11 : 0.5135"
"11,23 : 0.3625"
"23,11 : 0.3625"
"11,24 : 0.3423"
"24,11 : 0.3423"
"11,25 : 0.2786"
"25,11 : 0.2786"
"11,26 : 0.5033"
"26,11 : 0.5033"
"11,27 : 0.2884"
"27,11 : 0.2884"
"11,28 : 0.7507"
"28,11 : 0.7507"
"11,29 : 0.4401"
"29,11 : 0.4401"
"11,30 : 0.3384"
"30,11 : 0.3384"
"11,31 : 0.4793"
"31,11 : 0.4793"
"11,32 : 0.1315"
"32,11 : 0.1315"
"11,33 : 0.4144"
"33,11 : 0.4144"
"11,34 : 0.6619"
"34,11 : 0.6619"
"11,35 : 0.6294"
"35,11 : 0.6294"
"11,36 : 0.4841"
"36,11 : 0.4841"
"11,37 : 0.6544"
"37,11 : 0.6544"
"11,38 : 0.377"
"38,11 : 0.377"
"11,39 : 0.2012"
"39,11 : 0.2012"
"11,40 : 0.0671"
"40,11 : 0.0671"
"11,41 : 0.2702"
"41,11 : 0.2702"
"11,42 : 0.5787"
"42,11 : 0.5787"
"11,43 : 0.3202"
"43,11 : 0.3202"
"11,44 : 0.1105"
"44,11 : 0.1105"
"11,45 : 0.2022"
"45,11 : 0.2022"
"11,46 : 0.2983"
"46,11 : 0.2983"
"11,47 : 0.4314"
"47,11 : 0.4314"
"11,48 : 0.6447"
"48,11 : 0.6447"
"11,49 : 0.2025"
"49,11 : 0.2025"
"11,50 : 0.61"
"50,11 : 0.61"
"11,51 : 0.4243"
"51,11 : 0.4243"
"11,52 : 0.5413"
"52,11 : 0.5413"
"11,53 : 0.6888"
"53,11 : 0.6888"
"11,54 : 0.5869"
"54,11 : 0.5869"
"11,55 : 0.3191"
"55,11 : 0.3191"
"11,56 : 0.1985"
"56,11 : 0.1985"
"11,57 : 0.3624"
"57,11 : 0.3624"
"11,58 : 0.2302"
"58,11 : 0.2302"
"11,59 : 0.7864"
"59,11 : 0.7864"
"11,60 : 0.4111"
"60,11 : 0.4111"
"11,61 : 0.3437"
"61,11 : 0.3437"
"11,62 : 0.3536"
"62,11 : 0.3536"
"11,63 : 0.3536"
"63,11 : 0.3536"
"11,64 : 0.5692"
"64,11 : 0.5692"
"11,65 : 0.5743"
"65,11 : 0.5743"
"11,66 : 0.6229"
"66,11 : 0.6229"
"11,67 : 0.441"
"67,11 : 0.441"
"11,68 : 0.7295"
"68,11 : 0.7295"
"11,69 : 0.637"
"69,11 : 0.637"
"11,70 : 0.5179"
"70,11 : 0.5179"
"11,71 : 0.328"
"71,11 : 0.328"
"11,72 : 0.5471"
"72,11 : 0.5471"
"11,73 : 0.2309"
"73,11 : 0.2309"
"11,74 : 0.5304"
"74,11 : 0.5304"
"11,75 : 0.5025"
"75,11 : 0.5025"
"11,76 : 0.2953"
"76,11 : 0.2953"
"11,77 : 0.4429"
"77,11 : 0.4429"
"11,78 : 0.6964"
"78,11 : 0.6964"
"11,79 : 0.7507"
"79,11 : 0.7507"
"11,80 : 0.2941"
"80,11 : 0.2941"
"11,81 : 0.3276"
"81,11 : 0.3276"
"11,82 : 0.4885"
"82,11 : 0.4885"
"11,83 : 0.589"
"83,11 : 0.589"
"11,84 : 0.1208"
"84,11 : 0.1208"
"11,85 : 0.4179"
"85,11 : 0.4179"
"11,86 : 0.1315"
"86,11 : 0.1315"
"11,87 : 0.6129"
"87,11 : 0.6129"
"11,88 : 0.3126"
"88,11 : 0.3126"
"11,89 : 0.5914"
"89,11 : 0.5914"
"11,90 : 0.2786"
"90,11 : 0.2786"
"11,91 : 0.247"
"91,11 : 0.247"
"11,92 : 0.1077"
"92,11 : 0.1077"
"11,93 : 0.2907"
"93,11 : 0.2907"
"11,94 : 0.3672"
"94,11 : 0.3672"
"11,95 : 0.2961"
"95,11 : 0.2961"
"11,96 : 0.3421"
"96,11 : 0.3421"
"11,97 : 0.6017"
"97,11 : 0.6017"
"11,98 : 0.487"
"98,11 : 0.487"
"11,99 : 0.4016"
"99,11 : 0.4016"
"12,13 : 0.7354"
"13,12 : 0.7354"
"12,14 : 0.7077"
"14,12 : 0.7077"
"12,15 : 1.0155"
"15,12 : 1.0155"
"12,16 : 0.7603"
"16,12 : 0.7603"
"12,17 : 0.5533"
"17,12 : 0.5533"
"12,18 : 0.7642"
"18,12 : 0.7642"
"12,19 : 0.7529"
"19,12 : 0.7529"
"12,20 : 0.7762"
"20,12 : 0.7762"
"12,21 : 0.9702"
"21,12 : 0.9702"
"12,22 : 0.7203"
"22,12 : 0.7203"
"12,23 : 1.1526"
"23,12 : 1.1526"
"12,24 : 0.6191"
"24,12 : 0.6191"
"12,25 : 0.936"
"25,12 : 0.936"
"12,26 : 0.8402"
"26,12 : 0.8402"
"12,27 : 0.8848"
"27,12 : 0.8848"
"12,28 : 0.1746"
"28,12 : 0.1746"
"12,29 : 0.528"
"29,12 : 0.528"
"12,30 : 0.4841"
"30,12 : 0.4841"
"12,31 : 0.4727"
"31,12 : 0.4727"
"12,32 : 0.9202"
"32,12 : 0.9202"
"12,33 : 0.6042"
"33,12 : 0.6042"
"12,34 : 0.3736"
"34,12 : 0.3736"
"12,35 : 0.6826"
"35,12 : 0.6826"
"12,36 : 0.3764"
"36,12 : 0.3764"
"12,37 : 0.17"
"37,12 : 0.17"
"12,38 : 0.9879"
"38,12 : 0.9879"
"12,39 : 0.8797"
"39,12 : 0.8797"
"12,40 : 0.8824"
"40,12 : 0.8824"
"12,41 : 0.8545"
"41,12 : 0.8545"
"12,42 : 0.4837"
"42,12 : 0.4837"
"12,43 : 0.8713"
"43,12 : 0.8713"
"12,44 : 0.7703"
"44,12 : 0.7703"
"12,45 : 0.7485"
"45,12 : 0.7485"
"12,46 : 1.1028"
"46,12 : 1.1028"
"12,47 : 1.251"
"47,12 : 1.251"
"12,48 : 0.9254"
"48,12 : 0.9254"
"12,49 : 0.9129"
"49,12 : 0.9129"
"12,50 : 0.3847"
"50,12 : 0.3847"
"12,51 : 0.4924"
"51,12 : 0.4924"
"12,52 : 0.4016"
"52,12 : 0.4016"
"12,53 : 0.3828"
"53,12 : 0.3828"
"12,54 : 0.4079"
"54,12 : 0.4079"
"12,55 : 0.5045"
"55,12 : 0.5045"
"12,56 : 0.8864"
"56,12 : 0.8864"
"12,57 : 0.9753"
"57,12 : 0.9753"
"12,58 : 0.7001"
"58,12 : 0.7001"
"12,59 : 0.172"
"59,12 : 0.172"
"12,60 : 0.577"
"60,12 : 0.577"
"12,61 : 1.03"
"61,12 : 1.03"
"12,62 : 0.9411"
"62,12 : 0.9411"
"12,63 : 1.0214"
"63,12 : 1.0214"
"12,64 : 0.3324"
"64,12 : 0.3324"
"12,65 : 0.5954"
"65,12 : 0.5954"
"12,66 : 0.6139"
"66,12 : 0.6139"
"12,67 : 0.3829"
"67,12 : 0.3829"
"12,68 : 0.1414"
"68,12 : 0.1414"
"12,69 : 0.2309"
"69,12 : 0.2309"
"12,70 : 0.4272"
"70,12 : 0.4272"
"12,71 : 1.15"
"71,12 : 1.15"
"12,72 : 0.7931"
"72,12 : 0.7931"
"12,73 : 0.9633"
"73,12 : 0.9633"
"12,74 : 0.3046"
"74,12 : 0.3046"
"12,75 : 0.3265"
"75,12 : 0.3265"
"12,76 : 0.5686"
"76,12 : 0.5686"
"12,77 : 0.7503"
"77,12 : 0.7503"
"12,78 : 0.3002"
"78,12 : 0.3002"
"12,79 : 0.1746"
"79,12 : 0.1746"
"12,80 : 0.7823"
"80,12 : 0.7823"
"12,81 : 0.4968"
"81,12 : 0.4968"
"12,82 : 0.3662"
"82,12 : 0.3662"
"12,83 : 0.2371"
"83,12 : 0.2371"
"12,84 : 0.9405"
"84,12 : 0.9405"
"12,85 : 0.8161"
"85,12 : 0.8161"
"12,86 : 0.7343"
"86,12 : 0.7343"
"12,87 : 0.3206"
"87,12 : 0.3206"
"12,88 : 0.5701"
"88,12 : 0.5701"
"12,89 : 0.6873"
"89,12 : 0.6873"
"12,90 : 1.0929"
"90,12 : 1.0929"
"12,91 : 1.0555"
"91,12 : 1.0555"
"12,92 : 0.9155"
"92,12 : 0.9155"
"12,93 : 0.5381"
"93,12 : 0.5381"
"12,94 : 1.1669"
"94,12 : 1.1669"
"12,95 : 1.0428"
"95,12 : 1.0428"
"12,96 : 0.9712"
"96,12 : 0.9712"
"12,97 : 0.2879"
"97,12 : 0.2879"
"12,98 : 0.6801"
"98,12 : 0.6801"
"12,99 : 0.5413"
"99,12 : 0.5413"
"13,14 : 0.03"
"14,13 : 0.03"
"13,15 : 0.3162"
"15,13 : 0.3162"
"13,16 : 0.3105"
"16,13 : 0.3105"
"13,17 : 0.364"
"17,13 : 0.364"
"13,18 : 0.7684"
"18,13 : 0.7684"
"13,19 : 0.4763"
"19,13 : 0.4763"
"13,20 : 0.588"
"20,13 : 0.588"
"13,21 : 0.313"
"21,13 : 0.313"
"13,22 : 0.3027"
"22,13 : 0.3027"
"13,23 : 0.5554"
"23,13 : 0.5554"
"13,24 : 0.4383"
