x,y
0.03,0.47
0.91,0.75
0.79,0.61
0.81,0.53
0.43,0.3
0.99,0.15
0.31,0.62
0.16,0.18
0.34,0.02
0.76,0.15
0.92,0.7
0.5,0.16
0.75,0.92
0.01,0.0
0.02,0.88
0.91,0.23
0.71,0.31
0.47,0.49
0.52,0.82
0.74,0.05
0.26,0.14
0.26,0.01
0.64,0.15
0.79,0.06
0.58,0.35
0.63,0.18
0.01,0.28
0.62,0.95
0.97,0.44
0.74,0.87
0.77,0.86
0.21,0.92
0.59,0.88
0.62,0.55
0.58,0.48
0.81,0.14
0.97,0.8
0.93,0.63
0.51,0.08
0.35,0.08
0.06,0.55
0.84,0.38
0.21,0.82
0.8,0.67
0.08,0.24
0.33,0.5
0.02,0.41
0.35,0.35
0.94,0.72
0.07,0.11
0.18,0.89
0.34,0.79
0.99,0.74
0.27,0.35
0.97,0.85
0.79,0.48
0.44,0.47
0.57,0.67
0.09,0.16
0.06,0.66
0.04,0.57
0.2,0.42
0.92,0.92
0.48,0.04
0.29,0.38
0.02,0.13
0.73,0.04
0.68,0.59
0.41,0.68
0.55,0.1
0.92,0.78
0.43,0.4
0.15,0.36
0.04,0.8
0.59,0.19
0.01,0.98
0.68,0.7
0.13,0.31
0.85,0.6
0.57,0.87
0.92,0.7
0.7,0.34
0.83,0.58
0.87,0.76
0.49,0.67
0.67,0.2
0.12,0.49
0.59,0.29
0.99,0.14
0.95,0.93
0.68,0.49
0.61,0.25
0.21,0.71
0.52,0.7
0.23,0.37
0.48,0.73
0.97,0.32
0.49,0.8
0.67,0.21
0.57,0.04

Distanze
"0,1 : 0.9235"
"1,0 : 0.9235"
"0,2 : 0.7728"
"2,0 : 0.7728"
"0,3 : 0.7823"
"3,0 : 0.7823"
"0,4 : 0.4346"
"4,0 : 0.4346"
"0,5 : 1.0119"
"5,0 : 1.0119"
"0,6 : 0.3176"
"6,0 : 0.3176"
"0,7 : 0.3178"
"7,0 : 0.3178"
"0,8 : 0.5464"
"8,0 : 0.5464"
"0,9 : 0.7971"
"9,0 : 0.7971"
"0,10 : 0.9192"
"10,0 : 0.9192"
"0,11 : 0.563"
"11,0 : 0.563"
"0,12 : 0.8491"
"12,0 : 0.8491"
"0,13 : 0.4704"
"13,0 : 0.4704"
"0,14 : 0.4101"
"14,0 : 0.4101"
"0,15 : 0.9121"
"15,0 : 0.9121"
"0,16 : 0.6986"
"16,0 : 0.6986"
"0,17 : 0.4405"
"17,0 : 0.4405"
"0,18 : 0.6022"
"18,0 : 0.6022"
"0,19 : 0.8249"
"19,0 : 0.8249"
"0,20 : 0.4022"
"20,0 : 0.4022"
"0,21 : 0.5143"
"21,0 : 0.5143"
"0,22 : 0.6888"
"22,0 : 0.6888"
"0,23 : 0.8635"
"23,0 : 0.8635"
"0,24 : 0.5629"
"24,0 : 0.5629"
"0,25 : 0.6664"
"25,0 : 0.6664"
"0,26 : 0.191"
"26,0 : 0.191"
"0,27 : 0.7606"
"27,0 : 0.7606"
"0,28 : 0.9405"
"28,0 : 0.9405"
"0,29 : 0.8149"
"29,0 : 0.8149"
"0,30 : 0.8365"
"30,0 : 0.8365"
"0,31 : 0.4847"
"31,0 : 0.4847"
"0,32 : 0.694"
"32,0 : 0.694"
"0,33 : 0.5954"
"33,0 : 0.5954"
"0,34 : 0.5501"
"34,0 : 0.5501"
"0,35 : 0.8469"
"35,0 : 0.8469"
"0,36 : 0.9962"
"36,0 : 0.9962"
"0,37 : 0.9141"
"37,0 : 0.9141"
"0,38 : 0.6185"
"38,0 : 0.6185"
"0,39 : 0.5045"
"39,0 : 0.5045"
"0,40 : 0.0854"
"40,0 : 0.0854"
"0,41 : 0.815"
"41,0 : 0.815"
"0,42 : 0.3936"
"42,0 : 0.3936"
"0,43 : 0.7956"
"43,0 : 0.7956"
"0,44 : 0.2354"
"44,0 : 0.2354"
"0,45 : 0.3015"
"45,0 : 0.3015"
"0,46 : 0.0608"
"46,0 : 0.0608"
"0,47 : 0.3418"
"47,0 : 0.3418"
"0,48 : 0.9437"
"48,0 : 0.9437"
"0,49 : 0.3622"
"49,0 : 0.3622"
"0,50 : 0.446"
"50,0 : 0.446"
"0,51 : 0.4455"
"51,0 : 0.4455"
"0,52 : 0.9972"
"52,0 : 0.9972"
"0,53 : 0.2683"
"53,0 : 0.2683"
"0,54 : 1.0139"
"54,0 : 1.0139"
"0,55 : 0.7601"
"55,0 : 0.7601"
"0,56 : 0.41"
"56,0 : 0.41"
"0,57 : 0.5758"
"57,0 : 0.5758"
"0,58 : 0.3158"
"58,0 : 0.3158"
"0,59 : 0.1924"
"59,0 : 0.1924"
"0,60 : 0.1005"
"60,0 : 0.1005"
"0,61 : 0.1772"
"61,0 : 0.1772"
"0,62 : 0.9973"
"62,0 : 0.9973"
"0,63 : 0.6224"
"63,0 : 0.6224"
"0,64 : 0.2751"
"64,0 : 0.2751"
"0,65 : 0.3401"
"65,0 : 0.3401"
"0,66 : 0.8215"
"66,0 : 0.8215"
"0,67 : 0.661"
"67,0 : 0.661"
"0,68 : 0.4342"
"68,0 : 0.4342"
"0,69 : 0.6382"
"69,0 : 0.6382"
"0,70 : 0.9424"
"70,0 : 0.9424"
"0,71 : 0.4061"
"71,0 : 0.4061"
"0,72 : 0.1628"
"72,0 : 0.1628"
"0,73 : 0.3302"
"73,0 : 0.3302"
"0,74 : 0.6261"
"74,0 : 0.6261"
"0,75 : 0.5104"
"75,0 : 0.5104"
"0,76 : 0.6895"
"76,0 : 0.6895"
"0,77 : 0.1887"
"77,0 : 0.1887"
"0,78 : 0.8302"
"78,0 : 0.8302"
"0,79 : 0.672"
"79,0 : 0.672"
"0,80 : 0.9192"
"80,0 : 0.9192"
"0,81 : 0.6825"
"81,0 : 0.6825"
"0,82 : 0.8075"
"82,0 : 0.8075"
"0,83 : 0.8887"
"83,0 : 0.8887"
"0,84 : 0.5016"
"84,0 : 0.5016"
"0,85 : 0.6946"
"85,0 : 0.6946"
"0,86 : 0.0922"
"86,0 : 0.0922"
"0,87 : 0.5882"
"87,0 : 0.5882"
"0,88 : 1.0151"
"88,0 : 1.0151"
"0,89 : 1.0286"
"89,0 : 1.0286"
"0,90 : 0.6503"
"90,0 : 0.6503"
"0,91 : 0.6203"
"91,0 : 0.6203"
"0,92 : 0.3"
"92,0 : 0.3"
"0,93 : 0.5413"
"93,0 : 0.5413"
"0,94 : 0.2236"
"94,0 : 0.2236"
"0,95 : 0.5197"
"95,0 : 0.5197"
"0,96 : 0.9519"
"96,0 : 0.9519"
"0,97 : 0.5661"
"97,0 : 0.5661"
"0,98 : 0.6908"
"98,0 : 0.6908"
"0,99 : 0.6903"
"99,0 : 0.6903"
"1,2 : 0.1844"
"2,1 : 0.1844"
"1,3 : 0.2417"
"3,1 : 0.2417"
"1,4 : 0.658"
"4,1 : 0.658"
"1,5 : 0.6053"
"5,1 : 0.6053"
"1,6 : 0.6139"
"6,1 : 0.6139"
"1,7 : 0.942"
"7,1 : 0.942"
"1,8 : 0.9262"
"8,1 : 0.9262"
"1,9 : 0.6185"
"9,1 : 0.6185"
"1,10 : 0.051"
"10,1 : 0.051"
"1,11 : 0.7185"
"11,1 : 0.7185"
"1,12 : 0.2335"
"12,1 : 0.2335"
"1,13 : 1.1715"
"13,1 : 1.1715"
"1,14 : 0.8994"
"14,1 : 0.8994"
"1,15 : 0.52"
"15,1 : 0.52"
"1,16 : 0.4833"
"16,1 : 0.4833"
"1,17 : 0.5111"
"17,1 : 0.5111"
"1,18 : 0.3962"
"18,1 : 0.3962"
"1,19 : 0.7203"
"19,1 : 0.7203"
"1,20 : 0.8914"
"20,1 : 0.8914"
"1,21 : 0.9849"
"21,1 : 0.9849"
"1,22 : 0.658"
"22,1 : 0.658"
"1,23 : 0.7004"
"23,1 : 0.7004"
"1,24 : 0.5186"
"24,1 : 0.5186"
"1,25 : 0.6351"
"25,1 : 0.6351"
"1,26 : 1.0153"
"26,1 : 1.0153"
"1,27 : 0.3523"
"27,1 : 0.3523"
"1,28 : 0.3158"
"28,1 : 0.3158"
"1,29 : 0.2081"
"29,1 : 0.2081"
"1,30 : 0.178"
"30,1 : 0.178"
"1,31 : 0.7203"
"31,1 : 0.7203"
"1,32 : 0.3454"
"32,1 : 0.3454"
"1,33 : 0.3523"
"33,1 : 0.3523"
"1,34 : 0.4264"
"34,1 : 0.4264"
"1,35 : 0.6181"
"35,1 : 0.6181"
"1,36 : 0.0781"
"36,1 : 0.0781"
"1,37 : 0.1217"
"37,1 : 0.1217"
"1,38 : 0.7803"
"38,1 : 0.7803"
"1,39 : 0.8732"
"39,1 : 0.8732"
"1,40 : 0.8732"
"40,1 : 0.8732"
"1,41 : 0.3766"
"41,1 : 0.3766"
"1,42 : 0.7035"
"42,1 : 0.7035"
"1,43 : 0.136"
"43,1 : 0.136"
"1,44 : 0.9742"
"44,1 : 0.9742"
"1,45 : 0.6316"
"45,1 : 0.6316"
"1,46 : 0.9527"
"46,1 : 0.9527"
"1,47 : 0.6882"
"47,1 : 0.6882"
"1,48 : 0.0424"
"48,1 : 0.0424"
"1,49 : 1.056"
"49,1 : 1.056"
"1,50 : 0.7433"
"50,1 : 0.7433"
"1,51 : 0.5714"
"51,1 : 0.5714"
"1,52 : 0.0806"
"52,1 : 0.0806"
"1,53 : 0.7547"
"53,1 : 0.7547"
"1,54 : 0.1166"
"54,1 : 0.1166"
"1,55 : 0.2955"
"55,1 : 0.2955"
"1,56 : 0.5471"
"56,1 : 0.5471"
"1,57 : 0.3493"
"57,1 : 0.3493"
"1,58 : 1.0102"
"58,1 : 1.0102"
"1,59 : 0.8548"
"59,1 : 0.8548"
"1,60 : 0.8884"
"60,1 : 0.8884"
"1,61 : 0.7829"
"61,1 : 0.7829"
"1,62 : 0.1703"
"62,1 : 0.1703"
"1,63 : 0.8301"
"63,1 : 0.8301"
"1,64 : 0.722"
"64,1 : 0.722"
"1,65 : 1.0847"
"65,1 : 1.0847"
"1,66 : 0.7325"
"66,1 : 0.7325"
"1,67 : 0.2802"
"67,1 : 0.2802"
"1,68 : 0.5049"
"68,1 : 0.5049"
"1,69 : 0.743"
"69,1 : 0.743"
"1,70 : 0.0316"
"70,1 : 0.0316"
"1,71 : 0.5941"
"71,1 : 0.5941"
"1,72 : 0.8542"
"72,1 : 0.8542"
"1,73 : 0.8714"
"73,1 : 0.8714"
"1,74 : 0.645"
"74,1 : 0.645"
"1,75 : 0.9289"
"75,1 : 0.9289"
"1,76 : 0.2354"
"76,1 : 0.2354"
"1,77 : 0.8955"
"77,1 : 0.8955"
"1,78 : 0.1616"
"78,1 : 0.1616"
"1,79 : 0.3606"
"79,1 : 0.3606"
"1,80 : 0.051"
"80,1 : 0.051"
"1,81 : 0.4607"
"81,1 : 0.4607"
"1,82 : 0.1879"
"82,1 : 0.1879"
"1,83 : 0.0412"
"83,1 : 0.0412"
"1,84 : 0.4276"
"84,1 : 0.4276"
"1,85 : 0.6001"
"85,1 : 0.6001"
"1,86 : 0.8317"
"86,1 : 0.8317"
"1,87 : 0.5604"
"87,1 : 0.5604"
"1,88 : 0.6152"
"88,1 : 0.6152"
"1,89 : 0.1844"
"89,1 : 0.1844"
"1,90 : 0.3471"
"90,1 : 0.3471"
"1,91 : 0.5831"
"91,1 : 0.5831"
"1,92 : 0.7011"
"92,1 : 0.7011"
"1,93 : 0.3932"
"93,1 : 0.3932"
"1,94 : 0.779"
"94,1 : 0.779"
"1,95 : 0.4305"
"95,1 : 0.4305"
"1,96 : 0.4342"
"96,1 : 0.4342"
"1,97 : 0.423"
"97,1 : 0.423"
"1,98 : 0.5909"
"98,1 : 0.5909"
"1,99 : 0.7872"
"99,1 : 0.7872"
"2,3 : 0.0825"
"3,2 : 0.0825"
"2,4 : 0.4751"
"4,2 : 0.4751"
"2,5 : 0.5016"
"5,2 : 0.5016"
"2,6 : 0.4801"
"6,2 : 0.4801"
"2,7 : 0.7628"
"7,2 : 0.7628"
"2,8 : 0.742"
"8,2 : 0.742"
"2,9 : 0.461"
"9,2 : 0.461"
"2,10 : 0.1581"
"10,2 : 0.1581"
"2,11 : 0.5354"
"11,2 : 0.5354"
"2,12 : 0.3126"
"12,2 : 0.3126"
"2,13 : 0.9902"
"13,2 : 0.9902"
"2,14 : 0.816"
"14,2 : 0.816"
"2,15 : 0.3985"
"15,2 : 0.3985"
"2,16 : 0.3105"
"16,2 : 0.3105"
"2,17 : 0.3418"
"17,2 : 0.3418"
"2,18 : 0.3421"
"18,2 : 0.3421"
"2,19 : 0.5622"
"19,2 : 0.5622"
"2,20 : 0.7084"
"20,2 : 0.7084"
"2,21 : 0.8006"
"21,2 : 0.8006"
"2,22 : 0.4838"
"22,2 : 0.4838"
"2,23 : 0.55"
"23,2 : 0.55"
"2,24 : 0.3342"
"24,2 : 0.3342"
"2,25 : 0.4588"
"25,2 : 0.4588"
"2,26 : 0.8469"
"26,2 : 0.8469"
"2,27 : 0.3801"
"27,2 : 0.3801"
"2,28 : 0.2476"
"28,2 : 0.2476"
"2,29 : 0.2648"
"29,2 : 0.2648"
"2,30 : 0.2508"
"30,2 : 0.2508"
"2,31 : 0.6576"
"31,2 : 0.6576"
"2,32 : 0.336"
"32,2 : 0.336"
"2,33 : 0.1803"
"33,2 : 0.1803"
"2,34 : 0.247"
"34,2 : 0.247"
"2,35 : 0.4704"
"35,2 : 0.4704"
"2,36 : 0.2617"
"36,2 : 0.2617"
"2,37 : 0.1414"
"37,2 : 0.1414"
"2,38 : 0.5994"
"38,2 : 0.5994"
"2,39 : 0.6888"
"39,2 : 0.6888"
"2,40 : 0.7325"
"40,2 : 0.7325"
"2,41 : 0.2354"
"41,2 : 0.2354"
"2,42 : 0.6168"
"42,2 : 0.6168"
"2,43 : 0.0608"
"43,2 : 0.0608"
"2,44 : 0.8006"
"44,2 : 0.8006"
"2,45 : 0.473"
"45,2 : 0.473"
"2,46 : 0.7956"
"46,2 : 0.7956"
"2,47 : 0.5111"
"47,2 : 0.5111"
"2,48 : 0.186"
"48,2 : 0.186"
"2,49 : 0.8766"
"49,2 : 0.8766"
"2,50 : 0.6712"
"50,2 : 0.6712"
"2,51 : 0.4847"
"51,2 : 0.4847"
"2,52 : 0.2385"
"52,2 : 0.2385"
"2,53 : 0.5814"
"53,2 : 0.5814"
"2,54 : 0.3"
"54,2 : 0.3"
"2,55 : 0.13"
"55,2 : 0.13"
"2,56 : 0.377"
"56,2 : 0.377"
"2,57 : 0.228"
"57,2 : 0.228"
"2,58 : 0.8322"
"58,2 : 0.8322"
"2,59 : 0.7317"
"59,2 : 0.7317"
"2,60 : 0.7511"
"60,2 : 0.7511"
"2,61 : 0.6198"
"61,2 : 0.6198"
"2,62 : 0.3362"
"62,2 : 0.3362"
"2,63 : 0.6488"
"63,2 : 0.6488"
"2,64 : 0.5504"
"64,2 : 0.5504"
"2,65 : 0.9074"
"65,2 : 0.9074"
"2,66 : 0.5731"
"66,2 : 0.5731"
"2,67 : 0.1118"
"67,2 : 0.1118"
"2,68 : 0.3864"
"68,2 : 0.3864"
"2,69 : 0.5636"
"69,2 : 0.5636"
"2,70 : 0.214"
"70,2 : 0.214"
"2,71 : 0.4168"
"71,2 : 0.4168"
"2,72 : 0.6871"
"72,2 : 0.6871"
"2,73 : 0.7737"
"73,2 : 0.7737"
"2,74 : 0.4652"
"74,2 : 0.4652"
"2,75 : 0.8633"
"75,2 : 0.8633"
"2,76 : 0.1421"
"76,2 : 0.1421"
"2,77 : 0.725"
"77,2 : 0.725"
"2,78 : 0.0608"
"78,2 : 0.0608"
"2,79 : 0.3406"
"79,2 : 0.3406"
"2,80 : 0.1581"
"80,2 : 0.1581"
"2,81 : 0.2846"
"81,2 : 0.2846"
"2,82 : 0.05"
"82,2 : 0.05"
"2,83 : 0.17"
"83,2 : 0.17"
"2,84 : 0.3059"
"84,2 : 0.3059"
"2,85 : 0.4272"
"85,2 : 0.4272"
"2,86 : 0.6807"
"86,2 : 0.6807"
"2,87 : 0.3774"
"87,2 : 0.3774"
"2,88 : 0.5108"
"88,2 : 0.5108"
"2,89 : 0.3578"
"89,2 : 0.3578"
"2,90 : 0.1628"
"90,2 : 0.1628"
"2,91 : 0.4025"
"91,2 : 0.4025"
"2,92 : 0.5886"
"92,2 : 0.5886"
"2,93 : 0.2846"
"93,2 : 0.2846"
"2,94 : 0.6093"
"94,2 : 0.6093"
"2,95 : 0.3324"
"95,2 : 0.3324"
"2,96 : 0.3413"
"96,2 : 0.3413"
"2,97 : 0.3551"
"97,2 : 0.3551"
"2,98 : 0.4176"
"98,2 : 0.4176"
"2,99 : 0.611"
"99,2 : 0.611"
"3,4 : 0.4442"
"4,3 : 0.4442"
"3,5 : 0.4205"
"5,3 : 0.4205"
"3,6 : 0.508"
"6,3 : 0.508"
"3,7 : 0.7382"
"7,3 : 0.7382"
"3,8 : 0.6935"
"8,3 : 0.6935"
"3,9 : 0.3833"
"9,3 : 0.3833"
"3,10 : 0.2025"
"10,3 : 0.2025"
"3,11 : 0.4827"
"11,3 : 0.4827"
"3,12 : 0.3946"
"12,3 : 0.3946"
"3,13 : 0.9596"
"13,3 : 0.9596"
"3,14 : 0.8641"
"14,3 : 0.8641"
"3,15 : 0.3162"
"15,3 : 0.3162"
"3,16 : 0.2417"
"16,3 : 0.2417"
"3,17 : 0.3423"
"17,3 : 0.3423"
"3,18 : 0.4101"
"18,3 : 0.4101"
"3,19 : 0.4851"
"19,3 : 0.4851"
"3,20 : 0.6742"
"20,3 : 0.6742"
"3,21 : 0.7569"
"21,3 : 0.7569"
"3,22 : 0.4163"
"22,3 : 0.4163"
"3,23 : 0.4704"
"23,3 : 0.4704"
"3,24 : 0.2921"
"24,3 : 0.2921"
"3,25 : 0.3936"
"25,3 : 0.3936"
"3,26 : 0.8382"
"26,3 : 0.8382"
"3,27 : 0.461"
"27,3 : 0.461"
"3,28 : 0.1836"
"28,3 : 0.1836"
"3,29 : 0.3471"
"29,3 : 0.3471"
"3,30 : 0.3324"
"30,3 : 0.3324"
"3,31 : 0.7156"
"31,3 : 0.7156"
"3,32 : 0.4134"
"32,3 : 0.4134"
"3,33 : 0.191"
"33,3 : 0.191"
"3,34 : 0.2354"
"34,3 : 0.2354"
"3,35 : 0.39"
"35,3 : 0.39"
"3,36 : 0.3138"
"36,3 : 0.3138"
"3,37 : 0.1562"
"37,3 : 0.1562"
"3,38 : 0.5408"
"38,3 : 0.5408"
"3,39 : 0.6435"
"39,3 : 0.6435"
"3,40 : 0.7503"
"40,3 : 0.7503"
"3,41 : 0.153"
"41,3 : 0.153"
"3,42 : 0.6664"
"42,3 : 0.6664"
"3,43 : 0.1404"
"43,3 : 0.1404"
"3,44 : 0.7855"
"44,3 : 0.7855"
"3,45 : 0.4809"
"45,3 : 0.4809"
"3,46 : 0.7991"
"46,3 : 0.7991"
"3,47 : 0.494"
"47,3 : 0.494"
"3,48 : 0.2302"
"48,3 : 0.2302"
"3,49 : 0.8509"
"49,3 : 0.8509"
"3,50 : 0.7256"
"50,3 : 0.7256"
"3,51 : 0.5371"
"51,3 : 0.5371"
"3,52 : 0.2766"
"52,3 : 0.2766"
"3,53 : 0.5692"
"53,3 : 0.5692"
"3,54 : 0.3578"
"54,3 : 0.3578"
"3,55 : 0.0539"
"55,3 : 0.0539"
"3,56 : 0.3748"
"56,3 : 0.3748"
"3,57 : 0.2778"
"57,3 : 0.2778"
"3,58 : 0.8095"
"58,3 : 0.8095"
"3,59 : 0.7612"
"59,3 : 0.7612"
"3,60 : 0.771"
"60,3 : 0.771"
"3,61 : 0.6198"
"61,3 : 0.6198"
"3,62 : 0.4052"
"62,3 : 0.4052"
"3,63 : 0.5908"
"63,3 : 0.5908"
"3,64 : 0.5412"
"64,3 : 0.5412"
"3,65 : 0.8855"
"65,3 : 0.8855"
"3,66 : 0.4965"
"66,3 : 0.4965"
"3,67 : 0.1432"
"67,3 : 0.1432"
"3,68 : 0.4272"
"68,3 : 0.4272"
"3,69 : 0.5025"
"69,3 : 0.5025"
"3,70 : 0.2731"
"70,3 : 0.2731"
"3,71 : 0.4016"
"71,3 : 0.4016"
"3,72 : 0.6815"
"72,3 : 0.6815"
"3,73 : 0.816"
"73,3 : 0.816"
"3,74 : 0.405"
"74,3 : 0.405"
"3,75 : 0.9179"
"75,3 : 0.9179"
"3,76 : 0.214"
"76,3 : 0.214"
"3,77 : 0.7147"
"77,3 : 0.7147"
"3,78 : 0.0806"
"78,3 : 0.0806"
"3,79 : 0.4162"
"79,3 : 0.4162"
"3,80 : 0.2025"
"80,3 : 0.2025"
"3,81 : 0.2195"
"81,3 : 0.2195"
"3,82 : 0.0539"
"82,3 : 0.0539"
"3,83 : 0.2377"
"83,3 : 0.2377"
"3,84 : 0.3493"
"84,3 : 0.3493"
"3,85 : 0.3585"
"85,3 : 0.3585"
"3,86 : 0.6912"
"86,3 : 0.6912"
"3,87 : 0.3256"
"87,3 : 0.3256"
"3,88 : 0.4295"
"88,3 : 0.4295"
"3,89 : 0.4238"
"89,3 : 0.4238"
"3,90 : 0.136"
"90,3 : 0.136"
"3,91 : 0.3441"
"91,3 : 0.3441"
"3,92 : 0.6264"
"92,3 : 0.6264"
"3,93 : 0.3362"
"93,3 : 0.3362"
"3,94 : 0.6017"
"94,3 : 0.6017"
"3,95 : 0.3859"
"95,3 : 0.3859"
"3,96 : 0.264"
"96,3 : 0.264"
"3,97 : 0.4187"
"97,3 : 0.4187"
"3,98 : 0.3493"
"98,3 : 0.3493"
"3,99 : 0.5456"
"99,3 : 0.5456"
"4,5 : 0.5797"
"5,4 : 0.5797"
"4,6 : 0.3418"
"6,4 : 0.3418"
"4,7 : 0.2955"
"7,4 : 0.2955"
"4,8 : 0.2941"
"8,4 : 0.2941"
"4,9 : 0.3625"
"9,4 : 0.3625"
"4,10 : 0.6325"
"10,4 : 0.6325"
"4,11 : 0.1565"
"11,4 : 0.1565"
"4,12 : 0.6977"
"12,4 : 0.6977"
"4,13 : 0.5161"
"13,4 : 0.5161"
"4,14 : 0.7103"
"14,4 : 0.7103"
"4,15 : 0.4851"
"15,4 : 0.4851"
"4,16 : 0.2802"
"16,4 : 0.2802"
"4,17 : 0.1942"
"17,4 : 0.1942"
"4,18 : 0.5277"
"18,4 : 0.5277"
"4,19 : 0.3982"
"19,4 : 0.3982"
"4,20 : 0.2335"
"20,4 : 0.2335"
"4,21 : 0.3362"
"21,4 : 0.3362"
"4,22 : 0.2581"
"22,4 : 0.2581"
"4,23 : 0.4327"
"23,4 : 0.4327"
"4,24 : 0.1581"
"24,4 : 0.1581"
"4,25 : 0.2332"
"25,4 : 0.2332"
"4,26 : 0.4205"
"26,4 : 0.4205"
"4,27 : 0.6772"
"27,4 : 0.6772"
"4,28 : 0.5579"
"28,4 : 0.5579"
"4,29 : 0.6488"
"29,4 : 0.6488"
"4,30 : 0.6551"
"30,4 : 0.6551"
"4,31 : 0.6579"
"31,4 : 0.6579"
"4,32 : 0.6017"
"32,4 : 0.6017"
"4,33 : 0.314"
"33,4 : 0.314"
"4,34 : 0.2343"
"34,4 : 0.2343"
"4,35 : 0.4123"
"35,4 : 0.4123"
"4,36 : 0.7359"
"36,4 : 0.7359"
"4,37 : 0.5991"
"37,4 : 0.5991"
"4,38 : 0.2341"
"38,4 : 0.2341"
"4,39 : 0.2341"
"39,4 : 0.2341"
"4,40 : 0.4465"
"40,4 : 0.4465"
"4,41 : 0.4177"
"41,4 : 0.4177"
"4,42 : 0.5646"
"42,4 : 0.5646"
"4,43 : 0.5233"
"43,4 : 0.5233"
"4,44 : 0.3551"
"44,4 : 0.3551"
"4,45 : 0.2236"
"45,4 : 0.2236"
"4,46 : 0.4245"
"46,4 : 0.4245"
"4,47 : 0.0943"
"47,4 : 0.0943"
"4,48 : 0.6607"
"48,4 : 0.6607"
"4,49 : 0.4071"
"49,4 : 0.4071"
"4,50 : 0.6408"
"50,4 : 0.6408"
"4,51 : 0.4982"
"51,4 : 0.4982"
"4,52 : 0.7122"
"52,4 : 0.7122"
"4,53 : 0.1676"
"53,4 : 0.1676"
"4,54 : 0.7708"
"54,4 : 0.7708"
"4,55 : 0.4025"
"55,4 : 0.4025"
"4,56 : 0.1703"
"56,4 : 0.1703"
"4,57 : 0.3956"
"57,4 : 0.3956"
"4,58 : 0.3677"
"58,4 : 0.3677"
"4,59 : 0.5162"
"59,4 : 0.5162"
"4,60 : 0.4743"
"60,4 : 0.4743"
"4,61 : 0.2594"
"61,4 : 0.2594"
"4,62 : 0.7903"
"62,4 : 0.7903"
"4,63 : 0.2648"
"63,4 : 0.2648"
"4,64 : 0.1612"
"64,4 : 0.1612"
"4,65 : 0.4438"
"65,4 : 0.4438"
"4,66 : 0.397"
"66,4 : 0.397"
"4,67 : 0.3829"
"67,4 : 0.3829"
"4,68 : 0.3805"
"68,4 : 0.3805"
"4,69 : 0.2332"
"69,4 : 0.2332"
"4,70 : 0.6859"
"70,4 : 0.6859"
"4,71 : 0.1"
"71,4 : 0.1"
"4,72 : 0.2864"
"72,4 : 0.2864"
"4,73 : 0.6341"
"73,4 : 0.6341"
"4,74 : 0.1942"
"74,4 : 0.1942"
"4,75 : 0.7992"
"75,4 : 0.7992"
"4,76 : 0.4717"
"76,4 : 0.4717"
"4,77 : 0.3002"
"77,4 : 0.3002"
"4,78 : 0.5161"
"78,4 : 0.5161"
"4,79 : 0.5869"
"79,4 : 0.5869"
"4,80 : 0.6325"
"80,4 : 0.6325"
"4,81 : 0.2729"
"81,4 : 0.2729"
"4,82 : 0.4883"
"82,4 : 0.4883"
"4,83 : 0.6366"
"83,4 : 0.6366"
"4,84 : 0.3748"
"84,4 : 0.3748"
"4,85 : 0.26"
"85,4 : 0.26"
"4,86 : 0.3636"
"86,4 : 0.3636"
"4,87 : 0.1603"
"87,4 : 0.1603"
"4,88 : 0.5824"
"88,4 : 0.5824"
"4,89 : 0.8169"
"89,4 : 0.8169"
"4,90 : 0.314"
"90,4 : 0.314"
"4,91 : 0.1868"
"91,4 : 0.1868"
"4,92 : 0.4653"
"92,4 : 0.4653"
"4,93 : 0.41"
"93,4 : 0.41"
"4,94 : 0.2119"
"94,4 : 0.2119"
"4,95 : 0.4329"
"95,4 : 0.4329"
"4,96 : 0.5404"
"96,4 : 0.5404"
"4,97 : 0.5036"
"97,4 : 0.5036"
"4,98 : 0.2563"
"98,4 : 0.2563"
"4,99 : 0.2953"
"99,4 : 0.2953"
"5,6 : 0.8266"
"6,5 : 0.8266"
"5,7 : 0.8305"
"7,5 : 0.8305"
"5,8 : 0.6629"
"8,5 : 0.6629"
"5,9 : 0.23"
"9,5 : 0.23"
"5,10 : 0.5544"
"10,5 : 0.5544"
"5,11 : 0.4901"
"11,5 : 0.4901"
"5,12 : 0.8065"
"12,5 : 0.8065"
"5,13 : 0.9914"
"13,5 : 0.9914"
"5,14 : 1.214"
"14,5 : 1.214"
"5,15 : 0.1131"
"15,5 : 0.1131"
"5,16 : 0.3225"
"16,5 : 0.3225"
"5,17 : 0.6213"
"17,5 : 0.6213"
"5,18 : 0.8184"
"18,5 : 0.8184"
"5,19 : 0.2693"
"19,5 : 0.2693"
"5,20 : 0.7301"
"20,5 : 0.7301"
"5,21 : 0.7433"
"21,5 : 0.7433"
"5,22 : 0.35"
"22,5 : 0.35"
"5,23 : 0.2193"
"23,5 : 0.2193"
"5,24 : 0.4562"
"24,5 : 0.4562"
"5,25 : 0.3612"
"25,5 : 0.3612"
"5,26 : 0.9886"
"26,5 : 0.9886"
"5,27 : 0.8814"
"27,5 : 0.8814"
"5,28 : 0.2907"
"28,5 : 0.2907"
"5,29 : 0.7622"
"29,5 : 0.7622"
"5,30 : 0.7433"
"30,5 : 0.7433"
"5,31 : 1.096"
"31,5 : 1.096"
"5,32 : 0.8324"
"32,5 : 0.8324"
"5,33 : 0.5449"
"33,5 : 0.5449"
"5,34 : 0.5263"
"34,5 : 0.5263"
"5,35 : 0.1803"
"35,5 : 0.1803"
"5,36 : 0.6503"
"36,5 : 0.6503"
"5,37 : 0.4837"
"37,5 : 0.4837"
"5,38 : 0.4851"
"38,5 : 0.4851"
"5,39 : 0.6438"
"39,5 : 0.6438"
"5,40 : 1.0124"
"40,5 : 1.0124"
"5,41 : 0.2746"
"41,5 : 0.2746"
"5,42 : 1.0283"
"42,5 : 1.0283"
"5,43 : 0.5536"
"43,5 : 0.5536"
"5,44 : 0.9144"
"44,5 : 0.9144"
"5,45 : 0.7471"
"45,5 : 0.7471"
"5,46 : 1.0042"
"46,5 : 1.0042"
"5,47 : 0.6705"
"47,5 : 0.6705"
"5,48 : 0.5722"
"48,5 : 0.5722"
"5,49 : 0.9209"
"49,5 : 0.9209"
"5,50 : 1.0971"
"50,5 : 1.0971"
"5,51 : 0.9122"
"51,5 : 0.9122"
"5,52 : 0.59"
"52,5 : 0.59"
"5,53 : 0.7473"
"53,5 : 0.7473"
"5,54 : 0.7003"
"54,5 : 0.7003"
"5,55 : 0.3859"
"55,5 : 0.3859"
"5,56 : 0.6363"
"56,5 : 0.6363"
"5,57 : 0.6684"
"57,5 : 0.6684"
"5,58 : 0.9001"
"58,5 : 0.9001"
"5,59 : 1.0607"
"59,5 : 1.0607"
"5,60 : 1.0387"
"60,5 : 1.0387"
"5,61 : 0.8349"
"61,5 : 0.8349"
"5,62 : 0.7732"
"62,5 : 0.7732"
"5,63 : 0.5217"
"63,5 : 0.5217"
"5,64 : 0.7368"
"64,5 : 0.7368"
"5,65 : 0.9702"
"65,5 : 0.9702"
"5,66 : 0.2823"
"66,5 : 0.2823"
"5,67 : 0.5382"
"67,5 : 0.5382"
"5,68 : 0.7857"
"68,5 : 0.7857"
"5,69 : 0.4428"
"69,5 : 0.4428"
"5,70 : 0.6339"
"70,5 : 0.6339"
"5,71 : 0.6133"
"71,5 : 0.6133"
"5,72 : 0.8659"
"72,5 : 0.8659"
"5,73 : 1.1511"
"73,5 : 1.1511"
"5,74 : 0.402"
"74,5 : 0.402"
"5,75 : 1.2843"
"75,5 : 1.2843"
"5,76 : 0.6313"
"76,5 : 0.6313"
"5,77 : 0.8748"
"77,5 : 0.8748"
"5,78 : 0.4713"
"78,5 : 0.4713"
"5,79 : 0.8335"
"79,5 : 0.8335"
"5,80 : 0.5544"
"80,5 : 0.5544"
"5,81 : 0.3467"
"81,5 : 0.3467"
"5,82 : 0.4588"
"82,5 : 0.4588"
"5,83 : 0.6217"
"83,5 : 0.6217"
"5,84 : 0.7214"
"84,5 : 0.7214"
"5,85 : 0.3239"
"85,5 : 0.3239"
"5,86 : 0.9341"
"86,5 : 0.9341"
"5,87 : 0.4238"
"87,5 : 0.4238"
"5,88 : 0.01"
"88,5 : 0.01"
"5,89 : 0.781"
"89,5 : 0.781"
"5,90 : 0.4601"
"90,5 : 0.4601"
"5,91 : 0.3929"
"91,5 : 0.3929"
"5,92 : 0.9602"
"92,5 : 0.9602"
"5,93 : 0.7235"
"93,5 : 0.7235"
"5,94 : 0.7912"
"94,5 : 0.7912"
"5,95 : 0.7723"
"95,5 : 0.7723"
"5,96 : 0.1712"
"96,5 : 0.1712"
"5,97 : 0.8201"
"97,5 : 0.8201"
"5,98 : 0.3256"
"98,5 : 0.3256"
"5,99 : 0.4342"
"99,5 : 0.4342"
"6,7 : 0.4649"
"7,6 : 0.4649"
"6,8 : 0.6007"
"8,6 : 0.6007"
"6,9 : 0.6507"
"9,6 : 0.6507"
"6,10 : 0.6152"
"10,6 : 0.6152"
"6,11 : 0.4977"
"11,6 : 0.4977"
"6,12 : 0.5325"
"12,6 : 0.5325"
"6,13 : 0.6888"
"13,6 : 0.6888"
"6,14 : 0.3895"
"14,6 : 0.3895"
"6,15 : 0.7156"
"15,6 : 0.7156"
"6,16 : 0.5061"
"16,6 : 0.5061"
"6,17 : 0.2062"
"17,6 : 0.2062"
"6,18 : 0.29"
"18,6 : 0.29"
"6,19 : 0.714"
"19,6 : 0.714"
"6,20 : 0.4826"
"20,6 : 0.4826"
"6,21 : 0.612"
"21,6 : 0.612"
"6,22 : 0.5743"
"22,6 : 0.5743"
"6,23 : 0.7376"
"23,6 : 0.7376"
"6,24 : 0.3818"
"24,6 : 0.3818"
"6,25 : 0.5441"
"25,6 : 0.5441"
"6,26 : 0.4534"
"26,6 : 0.4534"
"6,27 : 0.4528"
"27,6 : 0.4528"
"6,28 : 0.6841"
"28,6 : 0.6841"
"6,29 : 0.4974"
"29,6 : 0.4974"
"6,30 : 0.5188"
"30,6 : 0.5188"
"6,31 : 0.3162"
"31,6 : 0.3162"
"6,32 : 0.3821"
"32,6 : 0.3821"
"6,33 : 0.3178"
"33,6 : 0.3178"
"6,34 : 0.3041"
"34,6 : 0.3041"
"6,35 : 0.6931"
"35,6 : 0.6931"
"6,36 : 0.6841"
"36,6 : 0.6841"
"6,37 : 0.6201"
"37,6 : 0.6201"
"6,38 : 0.5758"
"38,6 : 0.5758"
"6,39 : 0.5415"
"39,6 : 0.5415"
"6,40 : 0.2596"
"40,6 : 0.2596"
"6,41 : 0.5818"
"41,6 : 0.5818"
"6,42 : 0.2236"
"42,6 : 0.2236"
"6,43 : 0.4925"
"43,6 : 0.4925"
"6,44 : 0.4442"
"44,6 : 0.4442"
"6,45 : 0.1217"
"45,6 : 0.1217"
"6,46 : 0.3581"
"46,6 : 0.3581"
"6,47 : 0.2729"
"47,6 : 0.2729"
"6,48 : 0.6379"
"48,6 : 0.6379"
"6,49 : 0.5636"
"49,6 : 0.5636"
"6,50 : 0.2997"
"50,6 : 0.2997"
"6,51 : 0.1726"
"51,6 : 0.1726"
"6,52 : 0.6905"
"52,6 : 0.6905"
"6,53 : 0.2729"
"53,6 : 0.2729"
"6,54 : 0.6989"
"54,6 : 0.6989"
"6,55 : 0.5"
"55,6 : 0.5"
"6,56 : 0.1985"
"56,6 : 0.1985"
"6,57 : 0.2648"
"57,6 : 0.2648"
"6,58 : 0.5099"
"58,6 : 0.5099"
"6,59 : 0.2532"
"59,6 : 0.2532"
"6,60 : 0.2746"
"60,6 : 0.2746"
"6,61 : 0.2283"
"61,6 : 0.2283"
"6,62 : 0.6798"
"62,6 : 0.6798"
"6,63 : 0.6044"
"63,6 : 0.6044"
"6,64 : 0.2408"
"64,6 : 0.2408"
"6,65 : 0.5694"
"65,6 : 0.5694"
"6,66 : 0.7161"
"66,6 : 0.7161"
"6,67 : 0.3712"
"67,6 : 0.3712"
"6,68 : 0.1166"
"68,6 : 0.1166"
"6,69 : 0.5727"
"69,6 : 0.5727"
"6,70 : 0.6306"
"70,6 : 0.6306"
"6,71 : 0.2506"
"71,6 : 0.2506"
"6,72 : 0.3053"
"72,6 : 0.3053"
"6,73 : 0.3245"
"73,6 : 0.3245"
"6,74 : 0.5131"
"74,6 : 0.5131"
"6,75 : 0.4686"
"75,6 : 0.4686"
"6,76 : 0.3785"
"76,6 : 0.3785"
"6,77 : 0.3585"
"77,6 : 0.3585"
"6,78 : 0.5404"
"78,6 : 0.5404"
"6,79 : 0.3607"
"79,6 : 0.3607"
"6,80 : 0.6152"
"80,6 : 0.6152"
"6,81 : 0.4801"
"81,6 : 0.4801"
"6,82 : 0.5215"
"82,6 : 0.5215"
"6,83 : 0.5772"
"83,6 : 0.5772"
"6,84 : 0.1868"
"84,6 : 0.1868"
"6,85 : 0.5532"
"85,6 : 0.5532"
"6,86 : 0.2302"
"86,6 : 0.2302"
"6,87 : 0.4328"
"87,6 : 0.4328"
"6,88 : 0.8323"
"88,6 : 0.8323"
"6,89 : 0.7111"
"89,6 : 0.7111"
"6,90 : 0.3922"
"90,6 : 0.3922"
"6,91 : 0.4763"
"91,6 : 0.4763"
"6,92 : 0.1345"
"92,6 : 0.1345"
"6,93 : 0.2247"
"93,6 : 0.2247"
"6,94 : 0.2625"
"94,6 : 0.2625"
"6,95 : 0.2025"
"95,6 : 0.2025"
"6,96 : 0.725"
"96,6 : 0.725"
"6,97 : 0.2546"
"97,6 : 0.2546"
"6,98 : 0.5456"
"98,6 : 0.5456"
"6,99 : 0.6356"
"99,6 : 0.6356"
"7,8 : 0.2408"
"8,7 : 0.2408"
"7,9 : 0.6007"
"9,7 : 0.6007"
"7,10 : 0.9209"
"10,7 : 0.9209"
"7,11 : 0.3406"
"11,7 : 0.3406"
"7,12 : 0.9464"
"12,7 : 0.9464"
"7,13 : 0.2343"
"13,7 : 0.2343"
"7,14 : 0.7139"
"14,7 : 0.7139"
"7,15 : 0.7517"
"15,7 : 0.7517"
"7,16 : 0.5652"
"16,7 : 0.5652"
"7,17 : 0.4384"
"17,7 : 0.4384"
"7,18 : 0.7343"
"18,7 : 0.7343"
"7,19 : 0.5944"
"19,7 : 0.5944"
"7,20 : 0.1077"
"20,7 : 0.1077"
"7,21 : 0.1972"
"21,7 : 0.1972"
"7,22 : 0.4809"
"22,7 : 0.4809"
"7,23 : 0.6413"
"23,7 : 0.6413"
"7,24 : 0.4531"
"24,7 : 0.4531"
"7,25 : 0.47"
"25,7 : 0.47"
"7,26 : 0.1803"
"26,7 : 0.1803"
"7,27 : 0.8969"
"27,7 : 0.8969"
"7,28 : 0.8507"
"28,7 : 0.8507"
"7,29 : 0.9014"
"29,7 : 0.9014"
"7,30 : 0.9135"
"30,7 : 0.9135"
"7,31 : 0.7417"
"31,7 : 0.7417"
"7,32 : 0.8215"
"32,7 : 0.8215"
"7,33 : 0.5903"
"33,7 : 0.5903"
"7,34 : 0.5161"
"34,7 : 0.5161"
"7,35 : 0.6512"
"35,7 : 0.6512"
"7,36 : 1.02"
"36,7 : 1.02"
"7,37 : 0.8919"
"37,7 : 0.8919"
"7,38 : 0.364"
"38,7 : 0.364"
"7,39 : 0.2147"
"39,7 : 0.2147"
"7,40 : 0.3833"
"40,7 : 0.3833"
"7,41 : 0.7088"
"41,7 : 0.7088"
"7,42 : 0.642"
"42,7 : 0.642"
"7,43 : 0.806"
"43,7 : 0.806"
"7,44 : 0.1"
"44,7 : 0.1"
"7,45 : 0.3624"
"45,7 : 0.3624"
"7,46 : 0.2693"
"46,7 : 0.2693"
"7,47 : 0.255"
"47,7 : 0.255"
"7,48 : 0.9487"
"48,7 : 0.9487"
"7,49 : 0.114"
"49,7 : 0.114"
"7,50 : 0.7103"
"50,7 : 0.7103"
"7,51 : 0.636"
"51,7 : 0.636"
"7,52 : 1.0012"
"52,7 : 1.0012"
"7,53 : 0.2025"
"53,7 : 0.2025"
"7,54 : 1.0512"
"54,7 : 1.0512"
"7,55 : 0.6978"
"55,7 : 0.6978"
"7,56 : 0.4031"
"56,7 : 0.4031"
"7,57 : 0.6389"
"57,7 : 0.6389"
"7,58 : 0.0728"
"58,7 : 0.0728"
"7,59 : 0.4903"
"59,7 : 0.4903"
"7,60 : 0.408"
"60,7 : 0.408"
"7,61 : 0.2433"
"61,7 : 0.2433"
"7,62 : 1.0608"
"62,7 : 1.0608"
"7,63 : 0.3493"
"63,7 : 0.3493"
"7,64 : 0.2385"
"64,7 : 0.2385"
"7,65 : 0.1487"
"65,7 : 0.1487"
"7,66 : 0.5869"
"66,7 : 0.5869"
"7,67 : 0.6622"
"67,7 : 0.6622"
"7,68 : 0.559"
"68,7 : 0.559"
"7,69 : 0.3981"
"69,7 : 0.3981"
"7,70 : 0.9683"
"70,7 : 0.9683"
"7,71 : 0.3483"
"71,7 : 0.3483"
"7,72 : 0.1803"
"72,7 : 0.1803"
"7,73 : 0.6315"
"73,7 : 0.6315"
"7,74 : 0.4301"
"74,7 : 0.4301"
"7,75 : 0.8139"
"75,7 : 0.8139"
"7,76 : 0.7354"
"76,7 : 0.7354"
"7,77 : 0.1334"
"77,7 : 0.1334"
"7,78 : 0.8078"
"78,7 : 0.8078"
"7,79 : 0.8026"
"79,7 : 0.8026"
"7,80 : 0.9209"
"80,7 : 0.9209"
"7,81 : 0.5632"
"81,7 : 0.5632"
"7,82 : 0.7803"
"82,7 : 0.7803"
"7,83 : 0.9168"
"83,7 : 0.9168"
"7,84 : 0.5908"
"84,7 : 0.5908"
"7,85 : 0.5104"
"85,7 : 0.5104"
"7,86 : 0.3126"
"86,7 : 0.3126"
"7,87 : 0.4438"
"87,7 : 0.4438"
"7,88 : 0.831"
"88,7 : 0.831"
"7,89 : 1.0893"
"89,7 : 1.0893"
"7,90 : 0.6054"
"90,7 : 0.6054"
"7,91 : 0.4554"
"91,7 : 0.4554"
"7,92 : 0.5324"
"92,7 : 0.5324"
"7,93 : 0.6325"
"93,7 : 0.6325"
"7,94 : 0.2025"
"94,7 : 0.2025"
"7,95 : 0.6363"
"95,7 : 0.6363"
"7,96 : 0.822"
"96,7 : 0.822"
"7,97 : 0.7024"
"97,7 : 0.7024"
"7,98 : 0.5109"
"98,7 : 0.5109"
"7,99 : 0.4332"
"99,7 : 0.4332"
"8,9 : 0.4397"
"9,8 : 0.4397"
"8,10 : 0.8938"
"10,8 : 0.8938"
"8,11 : 0.2126"
"11,8 : 0.2126"
"8,12 : 0.989"
"12,8 : 0.989"
"8,13 : 0.3306"
"13,8 : 0.3306"
"8,14 : 0.9176"
"14,8 : 0.9176"
"8,15 : 0.6075"
"15,8 : 0.6075"
"8,16 : 0.4701"
"16,8 : 0.4701"
"8,17 : 0.4876"
"17,8 : 0.4876"
"8,18 : 0.82"
"18,8 : 0.82"
"8,19 : 0.4011"
"19,8 : 0.4011"
"8,20 : 0.1442"
"20,8 : 0.1442"
"8,21 : 0.0806"
"21,8 : 0.0806"
"8,22 : 0.327"
"22,8 : 0.327"
"8,23 : 0.4518"
"23,8 : 0.4518"
"8,24 : 0.408"
"24,8 : 0.408"
"8,25 : 0.3312"
"25,8 : 0.3312"
"8,26 : 0.4201"
"26,8 : 0.4201"
"8,27 : 0.9712"
"27,8 : 0.9712"
"8,28 : 0.7572"
"28,8 : 0.7572"
"8,29 : 0.9394"
"29,8 : 0.9394"
"8,30 : 0.9437"
"30,8 : 0.9437"
"8,31 : 0.9093"
"31,8 : 0.9093"
"8,32 : 0.8956"
"32,8 : 0.8956"
"8,33 : 0.5994"
"33,8 : 0.5994"
"8,34 : 0.5188"
"34,8 : 0.5188"
"8,35 : 0.4851"
"35,8 : 0.4851"
"8,36 : 1.0026"
"36,8 : 1.0026"
"8,37 : 0.8486"
"37,8 : 0.8486"
"8,38 : 0.1803"
"38,8 : 0.1803"
"8,39 : 0.0608"
"39,8 : 0.0608"
"8,40 : 0.5994"
"40,8 : 0.5994"
"8,41 : 0.6161"
"41,8 : 0.6161"
"8,42 : 0.8105"
"42,8 : 0.8105"
"8,43 : 0.7963"
"43,8 : 0.7963"
"8,44 : 0.3406"
"44,8 : 0.3406"
"8,45 : 0.4801"
"45,8 : 0.4801"
"8,46 : 0.5045"
"46,8 : 0.5045"
"8,47 : 0.3302"
"47,8 : 0.3302"
"8,48 : 0.922"
"48,8 : 0.922"
"8,49 : 0.2846"
"49,8 : 0.2846"
"8,50 : 0.8846"
"50,8 : 0.8846"
"8,51 : 0.77"
"51,8 : 0.77"
"8,52 : 0.97"
"52,8 : 0.97"
"8,53 : 0.3373"
"53,8 : 0.3373"
"8,54 : 1.042"
"54,8 : 1.042"
"8,55 : 0.6435"
"55,8 : 0.6435"
"8,56 : 0.461"
"56,8 : 0.461"
"8,57 : 0.6895"
"57,8 : 0.6895"
"8,58 : 0.2865"
"58,8 : 0.2865"
"8,59 : 0.6986"
"59,8 : 0.6986"
"8,60 : 0.6265"
"60,8 : 0.6265"
"8,61 : 0.4238"
"61,8 : 0.4238"
"8,62 : 1.0707"
"62,8 : 1.0707"
"8,63 : 0.1414"
"63,8 : 0.1414"
"8,64 : 0.3635"
"64,8 : 0.3635"
"8,65 : 0.3384"
"65,8 : 0.3384"
"8,66 : 0.3905"
"66,8 : 0.3905"
"8,67 : 0.6637"
"67,8 : 0.6637"
"8,68 : 0.6637"
"68,8 : 0.6637"
"8,69 : 0.2247"
"69,8 : 0.2247"
"8,70 : 0.956"
"70,8 : 0.956"
"8,71 : 0.3905"
"71,8 : 0.3905"
"8,72 : 0.3895"
"72,8 : 0.3895"
"8,73 : 0.8357"
"73,8 : 0.8357"
"8,74 : 0.3023"
"74,8 : 0.3023"
"8,75 : 1.0151"
"75,8 : 1.0151"
"8,76 : 0.7603"
"76,8 : 0.7603"
"8,77 : 0.3581"
"77,8 : 0.3581"
"8,78 : 0.7723"
"78,8 : 0.7723"
"8,79 : 0.8806"
"79,8 : 0.8806"
"8,80 : 0.8938"
"80,8 : 0.8938"
"8,81 : 0.4817"
"81,8 : 0.4817"
"8,82 : 0.7441"
"82,8 : 0.7441"
"8,83 : 0.9102"
"83,8 : 0.9102"
"8,84 : 0.6671"
"84,8 : 0.6671"
"8,85 : 0.3759"
"85,8 : 0.3759"
"8,86 : 0.5189"
"86,8 : 0.5189"
"8,87 : 0.368"
"87,8 : 0.368"
"8,88 : 0.661"
"88,8 : 0.661"
"8,89 : 1.0955"
"89,8 : 1.0955"
"8,90 : 0.5801"
"90,8 : 0.5801"
"8,91 : 0.3547"
"91,8 : 0.3547"
"8,92 : 0.7021"
"92,8 : 0.7021"
"8,93 : 0.7034"
"93,8 : 0.7034"
"8,94 : 0.3669"
"94,8 : 0.3669"
"8,95 : 0.7237"
"95,8 : 0.7237"
"8,96 : 0.6978"
"96,8 : 0.6978"
"8,97 : 0.7943"
"97,8 : 0.7943"
"8,98 : 0.3808"
"98,8 : 0.3808"
"8,99 : 0.2309"
"99,8 : 0.2309"
"9,10 : 0.5728"
"10,9 : 0.5728"
"9,11 : 0.2602"
"11,9 : 0.2602"
"9,12 : 0.7701"
"12,9 : 0.7701"
"9,13 : 0.7649"
"13,9 : 0.7649"
"9,14 : 1.0395"
"14,9 : 1.0395"
"9,15 : 0.17"
"15,9 : 0.17"
"9,16 : 0.1676"
"16,9 : 0.1676"
"9,17 : 0.4469"
"17,9 : 0.4469"
"9,18 : 0.7117"
"18,9 : 0.7117"
"9,19 : 0.102"
"19,9 : 0.102"
"9,20 : 0.5001"
"20,9 : 0.5001"
"9,21 : 0.5192"
"21,9 : 0.5192"
"9,22 : 0.12"
"22,9 : 0.12"
"9,23 : 0.0949"
"23,9 : 0.0949"
"9,24 : 0.2691"
"24,9 : 0.2691"
"9,25 : 0.1334"
"25,9 : 0.1334"
"9,26 : 0.7612"
"26,9 : 0.7612"
"9,27 : 0.8122"
"27,9 : 0.8122"
"9,28 : 0.3581"
"28,9 : 0.3581"
"9,29 : 0.7203"
"29,9 : 0.7203"
"9,30 : 0.7101"
"30,9 : 0.7101"
"9,31 : 0.9463"
"31,9 : 0.9463"
"9,32 : 0.7495"
"32,9 : 0.7495"
"9,33 : 0.4238"
"33,9 : 0.4238"
"9,34 : 0.3759"
"34,9 : 0.3759"
"9,35 : 0.051"
"35,9 : 0.051"
"9,36 : 0.6831"
"36,9 : 0.6831"
"9,37 : 0.5092"
"37,9 : 0.5092"
"9,38 : 0.2596"
"38,9 : 0.2596"
"9,39 : 0.4159"
"39,9 : 0.4159"
"9,40 : 0.8062"
"40,9 : 0.8062"
"9,41 : 0.2435"
"41,9 : 0.2435"
"9,42 : 0.8668"
"42,9 : 0.8668"
"9,43 : 0.5215"
"43,9 : 0.5215"
"9,44 : 0.6859"
"44,9 : 0.6859"
"9,45 : 0.5544"
"45,9 : 0.5544"
"9,46 : 0.7843"
"46,9 : 0.7843"
"9,47 : 0.4562"
"47,9 : 0.4562"
"9,48 : 0.5977"
"48,9 : 0.5977"
"9,49 : 0.6912"
"49,9 : 0.6912"
"9,50 : 0.9402"
"50,9 : 0.9402"
"9,51 : 0.7655"
"51,9 : 0.7655"
"9,52 : 0.6332"
"52,9 : 0.6332"
"9,53 : 0.5292"
"53,9 : 0.5292"
"9,54 : 0.7308"
"54,9 : 0.7308"
"9,55 : 0.3314"
"55,9 : 0.3314"
"9,56 : 0.4525"
"56,9 : 0.4525"
"9,57 : 0.5536"
"57,9 : 0.5536"
"9,58 : 0.6701"
"58,9 : 0.6701"
"9,59 : 0.8661"
"59,9 : 0.8661"
"9,60 : 0.8335"
"60,9 : 0.8335"
"9,61 : 0.6217"
"61,9 : 0.6217"
"9,62 : 0.7864"
"62,9 : 0.7864"
"9,63 : 0.3008"
"63,9 : 0.3008"
"9,64 : 0.5233"
"64,9 : 0.5233"
"9,65 : 0.7403"
"65,9 : 0.7403"
"9,66 : 0.114"
"66,9 : 0.114"
"9,67 : 0.4472"
"67,9 : 0.4472"
"9,68 : 0.6351"
"68,9 : 0.6351"
"9,69 : 0.2159"
"69,9 : 0.2159"
"9,70 : 0.65"
"70,9 : 0.65"
"9,71 : 0.414"
"71,9 : 0.414"
"9,72 : 0.6451"
"72,9 : 0.6451"
"9,73 : 0.97"
"73,9 : 0.97"
"9,74 : 0.1746"
"74,9 : 0.1746"
"9,75 : 1.1187"
"75,9 : 1.1187"
"9,76 : 0.5558"
"76,9 : 0.5558"
"9,77 : 0.65"
"77,9 : 0.65"
"9,78 : 0.4589"
"78,9 : 0.4589"
"9,79 : 0.7446"
"79,9 : 0.7446"
"9,80 : 0.5728"
"80,9 : 0.5728"
"9,81 : 0.1992"
"81,9 : 0.1992"
"9,82 : 0.4357"
"82,9 : 0.4357"
"9,83 : 0.6198"
"83,9 : 0.6198"
"9,84 : 0.5859"
"84,9 : 0.5859"
"9,85 : 0.103"
"85,9 : 0.103"
"9,86 : 0.7247"
"86,9 : 0.7247"
"9,87 : 0.2202"
"87,9 : 0.2202"
"9,88 : 0.2302"
"88,9 : 0.2302"
"9,89 : 0.8028"
"89,9 : 0.8028"
"9,90 : 0.3493"
"90,9 : 0.3493"
"9,91 : 0.1803"
"91,9 : 0.1803"
"9,92 : 0.7849"
"92,9 : 0.7849"
"9,93 : 0.6001"
"93,9 : 0.6001"
"9,94 : 0.5738"
"94,9 : 0.5738"
"9,95 : 0.644"
"95,9 : 0.644"
"9,96 : 0.2702"
"96,9 : 0.2702"
"9,97 : 0.7038"
"97,9 : 0.7038"
"9,98 : 0.1082"
"98,9 : 0.1082"
"9,99 : 0.2195"
"99,9 : 0.2195"
"10,11 : 0.6841"
"11,10 : 0.6841"
"10,12 : 0.278"
"12,10 : 0.278"
"10,13 : 1.1481"
"13,10 : 1.1481"
"10,14 : 0.9178"
"14,10 : 0.9178"
"10,15 : 0.4701"
"15,10 : 0.4701"
"10,16 : 0.4429"
"16,10 : 0.4429"
"10,17 : 0.4966"
"17,10 : 0.4966"
"10,18 : 0.4176"
"18,10 : 0.4176"
"10,19 : 0.6745"
"19,10 : 0.6745"
"10,20 : 0.8656"
"20,10 : 0.8656"
"10,21 : 0.9548"
"21,10 : 0.9548"
"10,22 : 0.6172"
"22,10 : 0.6172"
"10,23 : 0.6531"
"23,10 : 0.6531"
"10,24 : 0.488"
"24,10 : 0.488"
"10,25 : 0.5954"
"25,10 : 0.5954"
"10,26 : 1.0022"
"26,10 : 1.0022"
"10,27 : 0.3905"
"27,10 : 0.3905"
"10,28 : 0.2648"
"28,10 : 0.2648"
"10,29 : 0.2476"
"29,10 : 0.2476"
"10,30 : 0.2193"
"30,10 : 0.2193"
"10,31 : 0.7433"
"31,10 : 0.7433"
"10,32 : 0.3759"
"32,10 : 0.3759"
"10,33 : 0.3354"
"33,10 : 0.3354"
"10,34 : 0.405"
"34,10 : 0.405"
"10,35 : 0.5707"
"35,10 : 0.5707"
"10,36 : 0.1118"
"36,10 : 0.1118"
"10,37 : 0.0707"
"37,10 : 0.0707"
"10,38 : 0.7433"
"38,10 : 0.7433"
"10,39 : 0.8422"
"39,10 : 0.8422"
"10,40 : 0.873"
"40,10 : 0.873"
"10,41 : 0.3298"
"41,10 : 0.3298"
"10,42 : 0.7201"
"42,10 : 0.7201"
"10,43 : 0.1237"
"43,10 : 0.1237"
"10,44 : 0.9577"
"44,10 : 0.9577"
"10,45 : 0.623"
"45,10 : 0.623"
"10,46 : 0.9456"
"46,10 : 0.9456"
"10,47 : 0.6689"
"47,10 : 0.6689"
"10,48 : 0.0283"
"48,10 : 0.0283"
"10,49 : 1.0347"
"49,10 : 1.0347"
"10,50 : 0.764"
"50,10 : 0.764"
"10,51 : 0.5869"
"51,10 : 0.5869"
"10,52 : 0.0806"
"52,10 : 0.0806"
"10,53 : 0.7382"
"53,10 : 0.7382"
"10,54 : 0.1581"
"54,10 : 0.1581"
"10,55 : 0.2555"
"55,10 : 0.2555"
"10,56 : 0.5323"
"56,10 : 0.5323"
"10,57 : 0.3513"
"57,10 : 0.3513"
"10,58 : 0.9902"
"58,10 : 0.9902"
"10,59 : 0.8609"
"59,10 : 0.8609"
"10,60 : 0.8896"
"60,10 : 0.8896"
"10,61 : 0.7725"
"61,10 : 0.7725"
"10,62 : 0.22"
"62,10 : 0.22"
"10,63 : 0.7932"
"63,10 : 0.7932"
"10,64 : 0.7066"
"64,10 : 0.7066"
"10,65 : 1.0653"
"65,10 : 1.0653"
"10,66 : 0.6868"
"66,10 : 0.6868"
"10,67 : 0.264"
"67,10 : 0.264"
"10,68 : 0.5104"
"68,10 : 0.5104"
"10,69 : 0.7049"
"69,10 : 0.7049"
"10,70 : 0.08"
"70,10 : 0.08"
"10,71 : 0.5745"
"71,10 : 0.5745"
"10,72 : 0.8417"
"72,10 : 0.8417"
"10,73 : 0.8857"
"73,10 : 0.8857"
"10,74 : 0.6075"
"74,10 : 0.6075"
"10,75 : 0.9521"
"75,10 : 0.9521"
"10,76 : 0.24"
"76,10 : 0.24"
"10,77 : 0.881"
"77,10 : 0.881"
"10,78 : 0.1221"
"78,10 : 0.1221"
"10,79 : 0.3891"
"79,10 : 0.3891"
"10,80 : 0.0"
"80,10 : 0.0"
"10,81 : 0.4219"
"81,10 : 0.4219"
"10,82 : 0.15"
"82,10 : 0.15"
"10,83 : 0.0781"
"83,10 : 0.0781"
"10,84 : 0.431"
"84,10 : 0.431"
"10,85 : 0.559"
"85,10 : 0.559"
"10,86 : 0.8271"
"86,10 : 0.8271"
"10,87 : 0.5263"
"87,10 : 0.5263"
"10,88 : 0.5644"
"88,10 : 0.5644"
"10,89 : 0.2319"
"89,10 : 0.2319"
"10,90 : 0.3189"
"90,10 : 0.3189"
"10,91 : 0.5464"
"91,10 : 0.5464"
"10,92 : 0.7101"
"92,10 : 0.7101"
"10,93 : 0.4"
"93,10 : 0.4"
"10,94 : 0.7649"
"94,10 : 0.7649"
"10,95 : 0.441"
"95,10 : 0.441"
"10,96 : 0.3833"
"96,10 : 0.3833"
"10,97 : 0.4415"
"97,10 : 0.4415"
"10,98 : 0.5501"
"98,10 : 0.5501"
"10,99 : 0.7471"
"99,10 : 0.7471"
"11,12 : 0.8001"
"12,11 : 0.8001"
"11,13 : 0.5155"
"13,11 : 0.5155"
"11,14 : 0.8653"
"14,11 : 0.8653"
"11,15 : 0.4159"
"15,11 : 0.4159"
"11,16 : 0.2581"
"16,11 : 0.2581"
"11,17 : 0.3314"
"17,11 : 0.3314"
"11,18 : 0.6603"
"18,11 : 0.6603"
"11,19 : 0.264"
"19,11 : 0.264"
"11,20 : 0.2408"
"20,11 : 0.2408"
"11,21 : 0.283"
"21,11 : 0.283"
"11,22 : 0.1404"
"22,11 : 0.1404"
"11,23 : 0.3068"
"23,11 : 0.3068"
"11,24 : 0.2062"
"24,11 : 0.2062"
"11,25 : 0.1315"
"25,11 : 0.1315"
"11,26 : 0.5045"
"26,11 : 0.5045"
"11,27 : 0.7991"
"27,11 : 0.7991"
"11,28 : 0.5471"
"28,11 : 0.5471"
"11,29 : 0.7495"
"29,11 : 0.7495"
"11,30 : 0.7503"
"30,11 : 0.7503"
"11,31 : 0.8134"
"31,11 : 0.8134"
"11,32 : 0.7256"
"32,11 : 0.7256"
"11,33 : 0.408"
"33,11 : 0.408"
"11,34 : 0.3298"
"34,11 : 0.3298"
"11,35 : 0.3106"
"35,11 : 0.3106"
"11,36 : 0.794"
"36,11 : 0.794"
"11,37 : 0.637"
"37,11 : 0.637"
"11,38 : 0.0806"
"38,11 : 0.0806"
"11,39 : 0.17"
"39,11 : 0.17"
"11,40 : 0.588"
"40,11 : 0.588"
"11,41 : 0.405"
"41,11 : 0.405"
"11,42 : 0.7209"
"42,11 : 0.7209"
"11,43 : 0.5917"
"43,11 : 0.5917"
"11,44 : 0.4276"
"44,11 : 0.4276"
"11,45 : 0.3801"
"45,11 : 0.3801"
"11,46 : 0.5412"
"46,11 : 0.5412"
"11,47 : 0.2421"
"47,11 : 0.2421"
"11,48 : 0.7122"
"48,11 : 0.7122"
"11,49 : 0.4329"
"49,11 : 0.4329"
"11,50 : 0.7971"
"50,11 : 0.7971"
"11,51 : 0.65"
"51,11 : 0.65"
"11,52 : 0.7593"
"52,11 : 0.7593"
"11,53 : 0.2983"
"53,11 : 0.2983"
"11,54 : 0.8349"
"54,11 : 0.8349"
"11,55 : 0.4319"
"55,11 : 0.4319"
"11,56 : 0.3158"
"56,11 : 0.3158"
"11,57 : 0.5148"
"57,11 : 0.5148"
"11,58 : 0.41"
"58,11 : 0.41"
"11,59 : 0.666"
"59,11 : 0.666"
"11,60 : 0.6162"
"60,11 : 0.6162"
"11,61 : 0.397"
"61,11 : 0.397"
"11,62 : 0.8683"
"62,11 : 0.8683"
"11,63 : 0.1217"
"63,11 : 0.1217"
"11,64 : 0.3041"
"64,11 : 0.3041"
"11,65 : 0.4809"
"65,11 : 0.4809"
"11,66 : 0.2594"
"66,11 : 0.2594"
"11,67 : 0.4662"
"67,11 : 0.4662"
"11,68 : 0.5277"
"68,11 : 0.5277"
"11,69 : 0.0781"
"69,11 : 0.0781"
"11,70 : 0.7489"
"70,11 : 0.7489"
"11,71 : 0.25"
"71,11 : 0.25"
"11,72 : 0.4031"
"72,11 : 0.4031"
"11,73 : 0.7882"
"73,11 : 0.7882"
"11,74 : 0.0949"
"74,11 : 0.0949"
"11,75 : 0.9552"
"75,11 : 0.9552"
"11,76 : 0.5692"
"76,11 : 0.5692"
"11,77 : 0.3992"
"77,11 : 0.3992"
"11,78 : 0.5622"
"78,11 : 0.5622"
"11,79 : 0.7134"
"79,11 : 0.7134"
"11,80 : 0.6841"
"80,11 : 0.6841"
"11,81 : 0.2691"
"81,11 : 0.2691"
"11,82 : 0.5341"
"82,11 : 0.5341"
"11,83 : 0.7049"
"83,11 : 0.7049"
"11,84 : 0.5101"
"84,11 : 0.5101"
"11,85 : 0.1746"
"85,11 : 0.1746"
"11,86 : 0.5033"
"86,11 : 0.5033"
"11,87 : 0.1581"
"87,11 : 0.1581"
"11,88 : 0.4904"
"88,11 : 0.4904"
"11,89 : 0.8919"
"89,11 : 0.8919"
"11,90 : 0.3759"
"90,11 : 0.3759"
"11,91 : 0.1421"
"91,11 : 0.1421"
"11,92 : 0.6218"
"92,11 : 0.6218"
"11,93 : 0.5404"
"93,11 : 0.5404"
"11,94 : 0.3421"
"94,11 : 0.3421"
"11,95 : 0.5704"
"95,11 : 0.5704"
"11,96 : 0.4965"
"96,11 : 0.4965"
"11,97 : 0.6401"
"97,11 : 0.6401"
"11,98 : 0.1772"
"98,11 : 0.1772"
"11,99 : 0.1389"
"99,11 : 0.1389"
"12,13 : 1.1807"
"13,12 : 1.1807"
"12,14 : 0.7311"
"14,12 : 0.7311"
"12,15 : 0.7083"
"15,12 : 0.7083"
"12,16 : 0.6113"
"16,12 : 0.6113"
"12,17 : 0.5131"
"17,12 : 0.5131"
"12,18 : 0.2508"
"18,12 : 0.2508"
"12,19 : 0.8701"
"19,12 : 0.8701"
"12,20 : 0.9211"
"20,12 : 0.9211"
"12,21 : 1.0335"
"21,12 : 1.0335"
"12,22 : 0.7778"
"22,12 : 0.7778"
"12,23 : 0.8609"
"23,12 : 0.8609"
"12,24 : 0.5948"
"24,12 : 0.5948"
"12,25 : 0.7497"
"25,12 : 0.7497"
"12,26 : 0.9784"
"26,12 : 0.9784"
"12,27 : 0.1334"
"27,12 : 0.1334"
"12,28 : 0.528"
"28,12 : 0.528"
"12,29 : 0.051"
"29,12 : 0.051"
"12,30 : 0.0632"
"30,12 : 0.0632"
"12,31 : 0.54"
"31,12 : 0.54"
"12,32 : 0.1649"
"32,12 : 0.1649"
"12,33 : 0.3922"
"33,12 : 0.3922"
"12,34 : 0.4717"
"34,12 : 0.4717"
"12,35 : 0.7823"
"35,12 : 0.7823"
"12,36 : 0.2506"
"36,12 : 0.2506"
"12,37 : 0.3413"
"37,12 : 0.3413"
"12,38 : 0.8736"
"38,12 : 0.8736"
"12,39 : 0.9304"
"39,12 : 0.9304"
"12,40 : 0.7829"
"40,12 : 0.7829"
"12,41 : 0.5474"
"41,12 : 0.5474"
"12,42 : 0.5492"
"42,12 : 0.5492"
"12,43 : 0.255"
"43,12 : 0.255"
"12,44 : 0.9546"
"44,12 : 0.9546"
"12,45 : 0.594"
"45,12 : 0.594"
"12,46 : 0.8905"
"46,12 : 0.8905"
"12,47 : 0.6963"
"47,12 : 0.6963"
"12,48 : 0.2759"
"48,12 : 0.2759"
"12,49 : 1.0576"
"49,12 : 1.0576"
"12,50 : 0.5708"
"50,12 : 0.5708"
"12,51 : 0.4301"
"51,12 : 0.4301"
"12,52 : 0.3"
"52,12 : 0.3"
"12,53 : 0.7452"
"53,12 : 0.7452"
"12,54 : 0.2309"
"54,12 : 0.2309"
"12,55 : 0.4418"
"55,12 : 0.4418"
"12,56 : 0.5464"
"56,12 : 0.5464"
"12,57 : 0.3081"
"57,12 : 0.3081"
"12,58 : 1.0066"
"58,12 : 1.0066"
"12,59 : 0.7374"
"59,12 : 0.7374"
"12,60 : 0.7916"
"60,12 : 0.7916"
"12,61 : 0.7433"
"61,12 : 0.7433"
"12,62 : 0.17"
"62,12 : 0.17"
"12,63 : 0.9205"
"63,12 : 0.9205"
"12,64 : 0.7094"
"64,12 : 0.7094"
"12,65 : 1.0756"
"65,12 : 1.0756"
"12,66 : 0.8802"
"66,12 : 0.8802"
"12,67 : 0.3373"
"67,12 : 0.3373"
"12,68 : 0.4162"
"68,12 : 0.4162"
"12,69 : 0.844"
"69,12 : 0.844"
"12,70 : 0.2202"
"70,12 : 0.2202"
"12,71 : 0.6106"
"71,12 : 0.6106"
"12,72 : 0.8207"
"72,12 : 0.8207"
"12,73 : 0.7201"
"73,12 : 0.7201"
"12,74 : 0.7473"
"74,12 : 0.7473"
"12,75 : 0.7424"
"75,12 : 0.7424"
"12,76 : 0.2309"
"76,12 : 0.2309"
"12,77 : 0.8698"
"77,12 : 0.8698"
"12,78 : 0.3353"
"78,12 : 0.3353"
"12,79 : 0.1868"
"79,12 : 0.1868"
"12,80 : 0.278"
"80,12 : 0.278"
"12,81 : 0.5822"
"81,12 : 0.5822"
"12,82 : 0.3493"
"82,12 : 0.3493"
"12,83 : 0.2"
"83,12 : 0.2"
"12,84 : 0.3607"
"84,12 : 0.3607"
"12,85 : 0.7244"
"85,12 : 0.7244"
"12,86 : 0.7628"
"86,12 : 0.7628"
"12,87 : 0.65"
"87,12 : 0.65"
"12,88 : 0.8161"
"88,12 : 0.8161"
"12,89 : 0.2002"
"89,12 : 0.2002"
"12,90 : 0.4357"
"90,12 : 0.4357"
"12,91 : 0.6845"
"91,12 : 0.6845"
"12,92 : 0.5794"
"92,12 : 0.5794"
"12,93 : 0.3183"
"93,12 : 0.3183"
"12,94 : 0.7569"
"94,12 : 0.7569"
"12,95 : 0.3302"
"95,12 : 0.3302"
"12,96 : 0.6391"
"96,12 : 0.6391"
"12,97 : 0.2864"
"97,12 : 0.2864"
"12,98 : 0.7145"
"98,12 : 0.7145"
"12,99 : 0.8982"
"99,12 : 0.8982"
"13,14 : 0.8801"
"14,13 : 0.8801"
"13,15 : 0.9289"
"15,13 : 0.9289"
"13,16 : 0.7656"
"16,13 : 0.7656"
"13,17 : 0.6721"
"17,13 : 0.6721"
"13,18 : 0.9657"
"18,13 : 0.9657"
"13,19 : 0.7317"
"19,13 : 0.7317"
"13,20 : 0.2865"
"20,13 : 0.2865"
"13,21 : 0.2502"
"21,13 : 0.2502"
