x,y
0.95,0.88
0.55,0.29
0.65,0.31
0.08,0.17
0.47,0.99
0.39,0.36
0.33,0.92
0.27,0.92
0.42,0.77
0.34,0.79
0.02,0.66
0.6,0.53
0.47,0.53
0.78,0.21
0.75,0.52
0.44,0.9
0.34,0.55
0.02,0.46
0.83,0.75
0.86,0.13
0.11,0.05
0.92,0.68
0.43,0.27
0.76,0.39
0.1,0.64
1.0,0.51
0.12,0.4
0.16,0.94
0.9,0.55
0.97,0.97
0.81,0.17
0.68,0.21
0.37,0.24
0.07,0.74
0.17,0.7
0.84,0.19
0.74,0.47
0.58,0.09
0.87,0.24
0.35,0.53
0.62,0.52
0.2,0.24
0.85,0.61
0.06,1.0
0.21,0.11
0.64,0.3
0.55,0.84
0.53,0.42
0.26,0.02
0.99,0.53
0.13,0.77
0.69,0.4
0.66,0.89
0.84,0.16
0.17,0.8
0.64,0.51
0.69,0.6
0.36,0.41
0.33,0.43
0.12,0.33
0.18,0.07
0.57,0.57
0.76,0.75
0.34,0.26
0.79,0.06
0.01,0.24
0.42,0.09
0.63,0.85
0.12,0.56
0.12,0.06
0.91,0.36
0.22,0.19
0.4,0.62
0.77,0.77
0.2,0.45
0.48,0.36
0.9,0.46
0.43,0.6
0.02,0.88
0.82,0.28
0.52,0.93
0.51,0.09
0.15,0.7
0.86,0.98
0.19,0.44
0.05,0.51
0.47,0.52
0.72,0.07
0.93,0.65
0.23,0.49
0.73,0.29
0.66,0.86
0.47,0.01
0.55,0.99
0.26,0.37
0.75,0.83
0.64,0.99
0.83,0.72
0.17,0.8
0.5,0.43

Distanze
"0,1 : 0.7128"
"1,0 : 0.7128"
"0,2 : 0.6441"
"2,0 : 0.6441"
"0,3 : 1.1229"
"3,0 : 1.1229"
"0,4 : 0.4924"
"4,0 : 0.4924"
"0,5 : 0.7642"
"5,0 : 0.7642"
"0,6 : 0.6213"
"6,0 : 0.6213"
"0,7 : 0.6812"
"7,0 : 0.6812"
"0,8 : 0.5413"
"8,0 : 0.5413"
"0,9 : 0.6166"
"9,0 : 0.6166"
"0,10 : 0.9557"
"10,0 : 0.9557"
"0,11 : 0.495"
"11,0 : 0.495"
"0,12 : 0.5941"
"12,0 : 0.5941"
"0,13 : 0.6912"
"13,0 : 0.6912"
"0,14 : 0.4118"
"14,0 : 0.4118"
"0,15 : 0.5104"
"15,0 : 0.5104"
"0,16 : 0.6935"
"16,0 : 0.6935"
"0,17 : 1.0204"
"17,0 : 1.0204"
"0,18 : 0.1769"
"18,0 : 0.1769"
"0,19 : 0.7554"
"19,0 : 0.7554"
"0,20 : 1.1809"
"20,0 : 1.1809"
"0,21 : 0.2022"
"21,0 : 0.2022"
"0,22 : 0.8016"
"22,0 : 0.8016"
"0,23 : 0.5255"
"23,0 : 0.5255"
"0,24 : 0.8832"
"24,0 : 0.8832"
"0,25 : 0.3734"
"25,0 : 0.3734"
"0,26 : 0.9588"
"26,0 : 0.9588"
"0,27 : 0.7923"
"27,0 : 0.7923"
"0,28 : 0.3338"
"28,0 : 0.3338"
"0,29 : 0.0922"
"29,0 : 0.0922"
"0,30 : 0.7237"
"30,0 : 0.7237"
"0,31 : 0.7224"
"31,0 : 0.7224"
"0,32 : 0.8637"
"32,0 : 0.8637"
"0,33 : 0.8911"
"33,0 : 0.8911"
"0,34 : 0.8005"
"34,0 : 0.8005"
"0,35 : 0.6987"
"35,0 : 0.6987"
"0,36 : 0.4607"
"36,0 : 0.4607"
"0,37 : 0.8724"
"37,0 : 0.8724"
"0,38 : 0.645"
"38,0 : 0.645"
"0,39 : 0.6946"
"39,0 : 0.6946"
"0,40 : 0.4884"
"40,0 : 0.4884"
"0,41 : 0.986"
"41,0 : 0.986"
"0,42 : 0.2879"
"42,0 : 0.2879"
"0,43 : 0.8981"
"43,0 : 0.8981"
"0,44 : 1.0679"
"44,0 : 1.0679"
"0,45 : 0.6576"
"45,0 : 0.6576"
"0,46 : 0.402"
"46,0 : 0.402"
"0,47 : 0.6229"
"47,0 : 0.6229"
"0,48 : 1.1026"
"48,0 : 1.1026"
"0,49 : 0.3523"
"49,0 : 0.3523"
"0,50 : 0.8273"
"50,0 : 0.8273"
"0,51 : 0.5459"
"51,0 : 0.5459"
"0,52 : 0.2902"
"52,0 : 0.2902"
"0,53 : 0.7284"
"53,0 : 0.7284"
"0,54 : 0.7841"
"54,0 : 0.7841"
"0,55 : 0.4827"
"55,0 : 0.4827"
"0,56 : 0.3821"
"56,0 : 0.3821"
"0,57 : 0.7543"
"57,0 : 0.7543"
"0,58 : 0.7661"
"58,0 : 0.7661"
"0,59 : 0.9957"
"59,0 : 0.9957"
"0,60 : 1.1176"
"60,0 : 1.1176"
"0,61 : 0.4904"
"61,0 : 0.4904"
"0,62 : 0.2302"
"62,0 : 0.2302"
"0,63 : 0.8698"
"63,0 : 0.8698"
"0,64 : 0.8355"
"64,0 : 0.8355"
"0,65 : 1.1372"
"65,0 : 1.1372"
"0,66 : 0.9513"
"66,0 : 0.9513"
"0,67 : 0.3214"
"67,0 : 0.3214"
"0,68 : 0.8896"
"68,0 : 0.8896"
"0,69 : 1.1667"
"69,0 : 1.1667"
"0,70 : 0.5215"
"70,0 : 0.5215"
"0,71 : 1.0045"
"71,0 : 1.0045"
"0,72 : 0.6084"
"72,0 : 0.6084"
"0,73 : 0.211"
"73,0 : 0.211"
"0,74 : 0.8645"
"74,0 : 0.8645"
"0,75 : 0.7009"
"75,0 : 0.7009"
"0,76 : 0.423"
"76,0 : 0.423"
"0,77 : 0.5906"
"77,0 : 0.5906"
"0,78 : 0.93"
"78,0 : 0.93"
"0,79 : 0.6139"
"79,0 : 0.6139"
"0,80 : 0.4329"
"80,0 : 0.4329"
"0,81 : 0.9043"
"81,0 : 0.9043"
"0,82 : 0.82"
"82,0 : 0.82"
"0,83 : 0.1345"
"83,0 : 0.1345"
"0,84 : 0.8782"
"84,0 : 0.8782"
"0,85 : 0.9731"
"85,0 : 0.9731"
"0,86 : 0.6"
"86,0 : 0.6"
"0,87 : 0.842"
"87,0 : 0.842"
"0,88 : 0.2309"
"88,0 : 0.2309"
"0,89 : 0.8188"
"89,0 : 0.8188"
"0,90 : 0.6297"
"90,0 : 0.6297"
"0,91 : 0.2907"
"91,0 : 0.2907"
"0,92 : 0.9936"
"92,0 : 0.9936"
"0,93 : 0.4148"
"93,0 : 0.4148"
"0,94 : 0.858"
"94,0 : 0.858"
"0,95 : 0.2062"
"95,0 : 0.2062"
"0,96 : 0.3289"
"96,0 : 0.3289"
"0,97 : 0.2"
"97,0 : 0.2"
"0,98 : 0.7841"
"98,0 : 0.7841"
"0,99 : 0.6364"
"99,0 : 0.6364"
"1,2 : 0.102"
"2,1 : 0.102"
"1,3 : 0.4851"
"3,1 : 0.4851"
"1,4 : 0.7046"
"4,1 : 0.7046"
"1,5 : 0.1746"
"5,1 : 0.1746"
"1,6 : 0.6673"
"6,1 : 0.6673"
"1,7 : 0.6894"
"7,1 : 0.6894"
"1,8 : 0.4973"
"8,1 : 0.4973"
"1,9 : 0.5423"
"9,1 : 0.5423"
"1,10 : 0.6464"
"10,1 : 0.6464"
"1,11 : 0.2452"
"11,1 : 0.2452"
"1,12 : 0.253"
"12,1 : 0.253"
"1,13 : 0.2435"
"13,1 : 0.2435"
"1,14 : 0.3048"
"14,1 : 0.3048"
"1,15 : 0.6198"
"15,1 : 0.6198"
"1,16 : 0.3342"
"16,1 : 0.3342"
"1,17 : 0.5566"
"17,1 : 0.5566"
"1,18 : 0.5385"
"18,1 : 0.5385"
"1,19 : 0.3489"
"19,1 : 0.3489"
"1,20 : 0.5012"
"20,1 : 0.5012"
"1,21 : 0.5376"
"21,1 : 0.5376"
"1,22 : 0.1217"
"22,1 : 0.1217"
"1,23 : 0.2326"
"23,1 : 0.2326"
"1,24 : 0.5701"
"24,1 : 0.5701"
"1,25 : 0.5009"
"25,1 : 0.5009"
"1,26 : 0.4438"
"26,1 : 0.4438"
"1,27 : 0.758"
"27,1 : 0.758"
"1,28 : 0.436"
"28,1 : 0.436"
"1,29 : 0.7992"
"29,1 : 0.7992"
"1,30 : 0.2864"
"30,1 : 0.2864"
"1,31 : 0.1526"
"31,1 : 0.1526"
"1,32 : 0.1868"
"32,1 : 0.1868"
"1,33 : 0.658"
"33,1 : 0.658"
"1,34 : 0.559"
"34,1 : 0.559"
"1,35 : 0.3068"
"35,1 : 0.3068"
"1,36 : 0.2617"
"36,1 : 0.2617"
"1,37 : 0.2022"
"37,1 : 0.2022"
"1,38 : 0.3239"
"38,1 : 0.3239"
"1,39 : 0.3124"
"39,1 : 0.3124"
"1,40 : 0.2404"
"40,1 : 0.2404"
"1,41 : 0.3536"
"41,1 : 0.3536"
"1,42 : 0.4386"
"42,1 : 0.4386"
"1,43 : 0.8627"
"43,1 : 0.8627"
"1,44 : 0.3847"
"44,1 : 0.3847"
"1,45 : 0.0906"
"45,1 : 0.0906"
"1,46 : 0.55"
"46,1 : 0.55"
"1,47 : 0.1315"
"47,1 : 0.1315"
"1,48 : 0.3962"
"48,1 : 0.3962"
"1,49 : 0.5012"
"49,1 : 0.5012"
"1,50 : 0.6378"
"50,1 : 0.6378"
"1,51 : 0.178"
"51,1 : 0.178"
"1,52 : 0.61"
"52,1 : 0.61"
"1,53 : 0.3178"
"53,1 : 0.3178"
"1,54 : 0.636"
"54,1 : 0.636"
"1,55 : 0.2377"
"55,1 : 0.2377"
"1,56 : 0.3401"
"56,1 : 0.3401"
"1,57 : 0.2247"
"57,1 : 0.2247"
"1,58 : 0.2608"
"58,1 : 0.2608"
"1,59 : 0.4319"
"59,1 : 0.4319"
"1,60 : 0.4305"
"60,1 : 0.4305"
"1,61 : 0.2807"
"61,1 : 0.2807"
"1,62 : 0.5057"
"62,1 : 0.5057"
"1,63 : 0.2121"
"63,1 : 0.2121"
"1,64 : 0.3324"
"64,1 : 0.3324"
"1,65 : 0.5423"
"65,1 : 0.5423"
"1,66 : 0.2385"
"66,1 : 0.2385"
"1,67 : 0.5657"
"67,1 : 0.5657"
"1,68 : 0.5077"
"68,1 : 0.5077"
"1,69 : 0.4876"
"69,1 : 0.4876"
"1,70 : 0.3667"
"70,1 : 0.3667"
"1,71 : 0.3448"
"71,1 : 0.3448"
"1,72 : 0.3625"
"72,1 : 0.3625"
"1,73 : 0.528"
"73,1 : 0.528"
"1,74 : 0.3848"
"74,1 : 0.3848"
"1,75 : 0.099"
"75,1 : 0.099"
"1,76 : 0.3891"
"76,1 : 0.3891"
"1,77 : 0.3324"
"77,1 : 0.3324"
"1,78 : 0.7931"
"78,1 : 0.7931"
"1,79 : 0.2702"
"79,1 : 0.2702"
"1,80 : 0.6407"
"80,1 : 0.6407"
"1,81 : 0.204"
"81,1 : 0.204"
"1,82 : 0.5728"
"82,1 : 0.5728"
"1,83 : 0.7564"
"83,1 : 0.7564"
"1,84 : 0.39"
"84,1 : 0.39"
"1,85 : 0.5463"
"85,1 : 0.5463"
"1,86 : 0.2435"
"86,1 : 0.2435"
"1,87 : 0.278"
"87,1 : 0.278"
"1,88 : 0.5235"
"88,1 : 0.5235"
"1,89 : 0.3774"
"89,1 : 0.3774"
"1,90 : 0.18"
"90,1 : 0.18"
"1,91 : 0.5805"
"91,1 : 0.5805"
"1,92 : 0.2912"
"92,1 : 0.2912"
"1,93 : 0.7"
"93,1 : 0.7"
"1,94 : 0.3008"
"94,1 : 0.3008"
"1,95 : 0.5758"
"95,1 : 0.5758"
"1,96 : 0.7058"
"96,1 : 0.7058"
"1,97 : 0.5131"
"97,1 : 0.5131"
"1,98 : 0.636"
"98,1 : 0.636"
"1,99 : 0.1487"
"99,1 : 0.1487"
"2,3 : 0.5869"
"3,2 : 0.5869"
"2,4 : 0.7034"
"4,2 : 0.7034"
"2,5 : 0.2648"
"5,2 : 0.2648"
"2,6 : 0.6888"
"6,2 : 0.6888"
"2,7 : 0.7187"
"7,2 : 0.7187"
"2,8 : 0.5143"
"8,2 : 0.5143"
"2,9 : 0.5714"
"9,2 : 0.5714"
"2,10 : 0.7207"
"10,2 : 0.7207"
"2,11 : 0.2256"
"11,2 : 0.2256"
"2,12 : 0.2843"
"12,2 : 0.2843"
"2,13 : 0.164"
"13,2 : 0.164"
"2,14 : 0.2326"
"14,2 : 0.2326"
"2,15 : 0.6263"
"15,2 : 0.6263"
"2,16 : 0.392"
"16,2 : 0.392"
"2,17 : 0.6476"
"17,2 : 0.6476"
"2,18 : 0.4754"
"18,2 : 0.4754"
"2,19 : 0.2766"
"19,2 : 0.2766"
"2,20 : 0.5993"
"20,2 : 0.5993"
"2,21 : 0.458"
"21,2 : 0.458"
"2,22 : 0.2236"
"22,2 : 0.2236"
"2,23 : 0.136"
"23,2 : 0.136"
"2,24 : 0.6414"
"24,2 : 0.6414"
"2,25 : 0.4031"
"25,2 : 0.4031"
"2,26 : 0.5376"
"26,2 : 0.5376"
"2,27 : 0.7981"
"27,2 : 0.7981"
"2,28 : 0.3466"
"28,2 : 0.3466"
"2,29 : 0.7335"
"29,2 : 0.7335"
"2,30 : 0.2126"
"30,2 : 0.2126"
"2,31 : 0.1044"
"31,2 : 0.1044"
"2,32 : 0.2886"
"32,2 : 0.2886"
"2,33 : 0.722"
"33,2 : 0.722"
"2,34 : 0.6185"
"34,2 : 0.6185"
"2,35 : 0.2247"
"35,2 : 0.2247"
"2,36 : 0.1836"
"36,2 : 0.1836"
"2,37 : 0.2309"
"37,2 : 0.2309"
"2,38 : 0.2309"
"38,2 : 0.2309"
"2,39 : 0.372"
"39,2 : 0.372"
"2,40 : 0.2121"
"40,2 : 0.2121"
"2,41 : 0.4554"
"41,2 : 0.4554"
"2,42 : 0.3606"
"42,2 : 0.3606"
"2,43 : 0.9079"
"43,2 : 0.9079"
"2,44 : 0.4833"
"44,2 : 0.4833"
"2,45 : 0.0141"
"45,2 : 0.0141"
"2,46 : 0.5394"
"46,2 : 0.5394"
"2,47 : 0.1628"
"47,2 : 0.1628"
"2,48 : 0.486"
"48,2 : 0.486"
"2,49 : 0.405"
"49,2 : 0.405"
"2,50 : 0.6943"
"50,2 : 0.6943"
"2,51 : 0.0985"
"51,2 : 0.0985"
"2,52 : 0.5801"
"52,2 : 0.5801"
"2,53 : 0.2421"
"53,2 : 0.2421"
"2,54 : 0.6859"
"54,2 : 0.6859"
"2,55 : 0.2002"
"55,2 : 0.2002"
"2,56 : 0.2927"
"56,2 : 0.2927"
"2,57 : 0.3068"
"57,2 : 0.3068"
"2,58 : 0.3418"
"58,2 : 0.3418"
"2,59 : 0.5304"
"59,2 : 0.5304"
"2,60 : 0.5277"
"60,2 : 0.5277"
"2,61 : 0.272"
"61,2 : 0.272"
"2,62 : 0.4535"
"62,2 : 0.4535"
"2,63 : 0.314"
"63,2 : 0.314"
"2,64 : 0.2865"
"64,2 : 0.2865"
"2,65 : 0.6438"
"65,2 : 0.6438"
"2,66 : 0.3183"
"66,2 : 0.3183"
"2,67 : 0.5404"
"67,2 : 0.5404"
"2,68 : 0.586"
"68,2 : 0.586"
"2,69 : 0.586"
"69,2 : 0.586"
"2,70 : 0.2648"
"70,2 : 0.2648"
"2,71 : 0.4464"
"71,2 : 0.4464"
"2,72 : 0.3982"
"72,2 : 0.3982"
"2,73 : 0.4754"
"73,2 : 0.4754"
"2,74 : 0.4713"
"74,2 : 0.4713"
"2,75 : 0.1772"
"75,2 : 0.1772"
"2,76 : 0.2915"
"76,2 : 0.2915"
"2,77 : 0.364"
"77,2 : 0.364"
"2,78 : 0.8496"
"78,2 : 0.8496"
"2,79 : 0.1726"
"79,2 : 0.1726"
"2,80 : 0.6335"
"80,2 : 0.6335"
"2,81 : 0.2608"
"81,2 : 0.2608"
"2,82 : 0.6341"
"82,2 : 0.6341"
"2,83 : 0.7021"
"83,2 : 0.7021"
"2,84 : 0.478"
"84,2 : 0.478"
"2,85 : 0.6325"
"85,2 : 0.6325"
"2,86 : 0.2766"
"86,2 : 0.2766"
"2,87 : 0.25"
"87,2 : 0.25"
"2,88 : 0.4405"
"88,2 : 0.4405"
"2,89 : 0.4569"
"89,2 : 0.4569"
"2,90 : 0.0825"
"90,2 : 0.0825"
"2,91 : 0.5501"
"91,2 : 0.5501"
"2,92 : 0.3499"
"92,2 : 0.3499"
"2,93 : 0.6873"
"93,2 : 0.6873"
"2,94 : 0.3946"
"94,2 : 0.3946"
"2,95 : 0.5295"
"95,2 : 0.5295"
"2,96 : 0.6801"
"96,2 : 0.6801"
"2,97 : 0.4478"
"97,2 : 0.4478"
"2,98 : 0.6859"
"98,2 : 0.6859"
"2,99 : 0.1921"
"99,2 : 0.1921"
"3,4 : 0.908"
"4,3 : 0.908"
"3,5 : 0.3636"
"5,3 : 0.3636"
"3,6 : 0.7906"
"6,3 : 0.7906"
"3,7 : 0.7737"
"7,3 : 0.7737"
"3,8 : 0.6896"
"8,3 : 0.6896"
"3,9 : 0.6723"
"9,3 : 0.6723"
"3,10 : 0.4937"
"10,3 : 0.4937"
"3,11 : 0.6325"
"11,3 : 0.6325"
"3,12 : 0.5308"
"12,3 : 0.5308"
"3,13 : 0.7011"
"13,3 : 0.7011"
"3,14 : 0.7559"
"14,3 : 0.7559"
"3,15 : 0.8139"
"15,3 : 0.8139"
"3,16 : 0.4604"
"16,3 : 0.4604"
"3,17 : 0.2961"
"17,3 : 0.2961"
"3,18 : 0.9481"
"18,3 : 0.9481"
"3,19 : 0.781"
"19,3 : 0.781"
"3,20 : 0.1237"
"20,3 : 0.1237"
"3,21 : 0.9827"
"21,3 : 0.9827"
"3,22 : 0.364"
"22,3 : 0.364"
"3,23 : 0.7147"
"23,3 : 0.7147"
"3,24 : 0.4704"
"24,3 : 0.4704"
"3,25 : 0.9808"
"25,3 : 0.9808"
"3,26 : 0.2335"
"26,3 : 0.2335"
"3,27 : 0.7741"
"27,3 : 0.7741"
"3,28 : 0.9038"
"28,3 : 0.9038"
"3,29 : 1.1967"
"29,3 : 1.1967"
"3,30 : 0.73"
"30,3 : 0.73"
"3,31 : 0.6013"
"31,3 : 0.6013"
"3,32 : 0.2983"
"32,3 : 0.2983"
"3,33 : 0.5701"
"33,3 : 0.5701"
"3,34 : 0.5376"
"34,3 : 0.5376"
"3,35 : 0.7603"
"35,3 : 0.7603"
"3,36 : 0.725"
"36,3 : 0.725"
"3,37 : 0.5064"
"37,3 : 0.5064"
"3,38 : 0.7931"
"38,3 : 0.7931"
"3,39 : 0.45"
"39,3 : 0.45"
"3,40 : 0.6435"
"40,3 : 0.6435"
"3,41 : 0.1389"
"41,3 : 0.1389"
"3,42 : 0.8868"
"42,3 : 0.8868"
"3,43 : 0.8302"
"43,3 : 0.8302"
"3,44 : 0.1432"
"44,3 : 0.1432"
"3,45 : 0.5749"
"45,3 : 0.5749"
"3,46 : 0.8184"
"46,3 : 0.8184"
"3,47 : 0.5148"
"47,3 : 0.5148"
"3,48 : 0.2343"
"48,3 : 0.2343"
"3,49 : 0.9786"
"49,3 : 0.9786"
"3,50 : 0.6021"
"50,3 : 0.6021"
"3,51 : 0.6519"
"51,3 : 0.6519"
"3,52 : 0.9246"
"52,3 : 0.9246"
"3,53 : 0.7601"
"53,3 : 0.7601"
"3,54 : 0.6364"
"54,3 : 0.6364"
"3,55 : 0.6551"
"55,3 : 0.6551"
"3,56 : 0.7463"
"56,3 : 0.7463"
"3,57 : 0.3688"
"57,3 : 0.3688"
"3,58 : 0.3607"
"58,3 : 0.3607"
"3,59 : 0.1649"
"59,3 : 0.1649"
"3,60 : 0.1414"
"60,3 : 0.1414"
"3,61 : 0.6325"
"61,3 : 0.6325"
"3,62 : 0.8938"
"62,3 : 0.8938"
"3,63 : 0.2751"
"63,3 : 0.2751"
"3,64 : 0.7185"
"64,3 : 0.7185"
"3,65 : 0.099"
"65,3 : 0.099"
"3,66 : 0.3493"
"66,3 : 0.3493"
"3,67 : 0.8746"
"67,3 : 0.8746"
"3,68 : 0.392"
"68,3 : 0.392"
"3,69 : 0.117"
"69,3 : 0.117"
"3,70 : 0.8515"
"70,3 : 0.8515"
"3,71 : 0.1414"
"71,3 : 0.1414"
"3,72 : 0.5522"
"72,3 : 0.5522"
"3,73 : 0.9144"
"73,3 : 0.9144"
"3,74 : 0.3046"
"74,3 : 0.3046"
"3,75 : 0.4428"
"75,3 : 0.4428"
"3,76 : 0.8698"
"76,3 : 0.8698"
"3,77 : 0.5544"
"77,3 : 0.5544"
"3,78 : 0.7125"
"78,3 : 0.7125"
"3,79 : 0.7481"
"79,3 : 0.7481"
"3,80 : 0.8782"
"80,3 : 0.8782"
"3,81 : 0.4374"
"81,3 : 0.4374"
"3,82 : 0.5346"
"82,3 : 0.5346"
"3,83 : 1.1245"
"83,3 : 1.1245"
"3,84 : 0.2915"
"84,3 : 0.2915"
"3,85 : 0.3413"
"85,3 : 0.3413"
"3,86 : 0.524"
"86,3 : 0.524"
"3,87 : 0.6478"
"87,3 : 0.6478"
"3,88 : 0.9762"
"88,3 : 0.9762"
"3,89 : 0.3534"
"89,3 : 0.3534"
"3,90 : 0.661"
"90,3 : 0.661"
"3,91 : 0.9014"
"91,3 : 0.9014"
"3,92 : 0.4215"
"92,3 : 0.4215"
"3,93 : 0.9451"
"93,3 : 0.9451"
"3,94 : 0.2691"
"94,3 : 0.2691"
"3,95 : 0.9405"
"95,3 : 0.9405"
"3,96 : 0.993"
"96,3 : 0.993"
"3,97 : 0.9301"
"97,3 : 0.9301"
"3,98 : 0.6364"
"98,3 : 0.6364"
"3,99 : 0.494"
"99,3 : 0.494"
"4,5 : 0.6351"
"5,4 : 0.6351"
"4,6 : 0.1565"
"6,4 : 0.1565"
"4,7 : 0.2119"
"7,4 : 0.2119"
"4,8 : 0.2256"
"8,4 : 0.2256"
"4,9 : 0.2385"
"9,4 : 0.2385"
"4,10 : 0.558"
"10,4 : 0.558"
"4,11 : 0.478"
"11,4 : 0.478"
"4,12 : 0.46"
"12,4 : 0.46"
"4,13 : 0.8393"
"13,4 : 0.8393"
"4,14 : 0.5471"
"14,4 : 0.5471"
"4,15 : 0.0949"
"15,4 : 0.0949"
"4,16 : 0.4588"
"16,4 : 0.4588"
"4,17 : 0.6953"
"17,4 : 0.6953"
"4,18 : 0.4327"
"18,4 : 0.4327"
"4,19 : 0.9443"
"19,4 : 0.9443"
"4,20 : 1.0066"
"20,4 : 1.0066"
"4,21 : 0.5464"
"21,4 : 0.5464"
"4,22 : 0.7211"
"22,4 : 0.7211"
"4,23 : 0.6664"
"23,4 : 0.6664"
"4,24 : 0.5093"
"24,4 : 0.5093"
"4,25 : 0.7151"
"25,4 : 0.7151"
"4,26 : 0.686"
"26,4 : 0.686"
"4,27 : 0.314"
"27,4 : 0.314"
"4,28 : 0.6152"
"28,4 : 0.6152"
"4,29 : 0.5004"
"29,4 : 0.5004"
"4,30 : 0.8877"
"30,4 : 0.8877"
"4,31 : 0.8078"
"31,4 : 0.8078"
"4,32 : 0.7566"
"32,4 : 0.7566"
"4,33 : 0.4717"
"33,4 : 0.4717"
"4,34 : 0.4173"
"34,4 : 0.4173"
"4,35 : 0.8814"
"35,4 : 0.8814"
"4,36 : 0.5859"
"36,4 : 0.5859"
"4,37 : 0.9067"
"37,4 : 0.9067"
"4,38 : 0.85"
"38,4 : 0.85"
"4,39 : 0.4754"
"39,4 : 0.4754"
"4,40 : 0.4934"
"40,4 : 0.4934"
"4,41 : 0.7971"
"41,4 : 0.7971"
"4,42 : 0.5374"
"42,4 : 0.5374"
"4,43 : 0.4101"
"43,4 : 0.4101"
"4,44 : 0.9176"
"44,4 : 0.9176"
"4,45 : 0.7106"
"45,4 : 0.7106"
"4,46 : 0.17"
"46,4 : 0.17"
"4,47 : 0.5731"
"47,4 : 0.5731"
"4,48 : 0.9925"
"48,4 : 0.9925"
"4,49 : 0.6943"
"49,4 : 0.6943"
"4,50 : 0.405"
"50,4 : 0.405"
"4,51 : 0.6297"
"51,4 : 0.6297"
"4,52 : 0.2147"
"52,4 : 0.2147"
"4,53 : 0.9087"
"53,4 : 0.9087"
"4,54 : 0.3551"
"54,4 : 0.3551"
"4,55 : 0.5092"
"55,4 : 0.5092"
"4,56 : 0.4478"
"56,4 : 0.4478"
"4,57 : 0.5903"
"57,4 : 0.5903"
"4,58 : 0.5772"
"58,4 : 0.5772"
"4,59 : 0.7471"
"59,4 : 0.7471"
"4,60 : 0.9646"
"60,4 : 0.9646"
"4,61 : 0.4317"
"61,4 : 0.4317"
"4,62 : 0.3764"
"62,4 : 0.3764"
"4,63 : 0.7415"
"63,4 : 0.7415"
"4,64 : 0.9835"
"64,4 : 0.9835"
"4,65 : 0.8798"
"65,4 : 0.8798"
"4,66 : 0.9014"
"66,4 : 0.9014"
"4,67 : 0.2126"
"67,4 : 0.2126"
"4,68 : 0.5544"
"68,4 : 0.5544"
"4,69 : 0.9937"
"69,4 : 0.9937"
"4,70 : 0.7684"
"70,4 : 0.7684"
"4,71 : 0.8382"
"71,4 : 0.8382"
"4,72 : 0.3766"
"72,4 : 0.3766"
"4,73 : 0.372"
"73,4 : 0.372"
"4,74 : 0.6037"
"74,4 : 0.6037"
"4,75 : 0.6301"
"75,4 : 0.6301"
"4,76 : 0.6825"
"76,4 : 0.6825"
"4,77 : 0.392"
"77,4 : 0.392"
"4,78 : 0.4632"
"78,4 : 0.4632"
"4,79 : 0.7916"
"79,4 : 0.7916"
"4,80 : 0.0781"
"80,4 : 0.0781"
"4,81 : 0.9009"
"81,4 : 0.9009"
"4,82 : 0.4319"
"82,4 : 0.4319"
"4,83 : 0.3901"
"83,4 : 0.3901"
"4,84 : 0.6172"
"84,4 : 0.6172"
"4,85 : 0.6378"
"85,4 : 0.6378"
"4,86 : 0.47"
"86,4 : 0.47"
"4,87 : 0.9534"
"87,4 : 0.9534"
"4,88 : 0.572"
"88,4 : 0.572"
"4,89 : 0.5546"
"89,4 : 0.5546"
"4,90 : 0.7467"
"90,4 : 0.7467"
"4,91 : 0.2302"
"91,4 : 0.2302"
"4,92 : 0.98"
"92,4 : 0.98"
"4,93 : 0.08"
"93,4 : 0.08"
"4,94 : 0.6546"
"94,4 : 0.6546"
"4,95 : 0.3225"
"95,4 : 0.3225"
"4,96 : 0.17"
"96,4 : 0.17"
"4,97 : 0.45"
"97,4 : 0.45"
"4,98 : 0.3551"
"98,4 : 0.3551"
"4,99 : 0.5608"
"99,4 : 0.5608"
"5,6 : 0.5632"
"6,5 : 0.5632"
"5,7 : 0.5727"
"7,5 : 0.5727"
"5,8 : 0.4111"
"8,5 : 0.4111"
"5,9 : 0.4329"
"9,5 : 0.4329"
"5,10 : 0.4763"
"10,5 : 0.4763"
"5,11 : 0.2702"
"11,5 : 0.2702"
"5,12 : 0.1879"
"12,5 : 0.1879"
"5,13 : 0.4179"
"13,5 : 0.4179"
"5,14 : 0.394"
"14,5 : 0.394"
"5,15 : 0.5423"
"15,5 : 0.5423"
"5,16 : 0.1965"
"16,5 : 0.1965"
"5,17 : 0.3833"
"17,5 : 0.3833"
"5,18 : 0.588"
"18,5 : 0.588"
"5,19 : 0.5233"
"19,5 : 0.5233"
"5,20 : 0.4177"
"20,5 : 0.4177"
"5,21 : 0.6191"
"21,5 : 0.6191"
"5,22 : 0.0985"
"22,5 : 0.0985"
"5,23 : 0.3712"
"23,5 : 0.3712"
"5,24 : 0.4031"
"24,5 : 0.4031"
"5,25 : 0.6282"
"25,5 : 0.6282"
"5,26 : 0.2729"
"26,5 : 0.2729"
"5,27 : 0.6239"
"27,5 : 0.6239"
"5,28 : 0.5442"
"28,5 : 0.5442"
"5,29 : 0.8417"
"29,5 : 0.8417"
"5,30 : 0.461"
"30,5 : 0.461"
"5,31 : 0.3265"
"31,5 : 0.3265"
"5,32 : 0.1217"
"32,5 : 0.1217"
"5,33 : 0.4968"
"33,5 : 0.4968"
"5,34 : 0.405"
"34,5 : 0.405"
"5,35 : 0.481"
"35,5 : 0.481"
"5,36 : 0.3669"
"36,5 : 0.3669"
"5,37 : 0.3302"
"37,5 : 0.3302"
"5,38 : 0.4948"
"38,5 : 0.4948"
"5,39 : 0.1746"
"39,5 : 0.1746"
"5,40 : 0.2802"
"40,5 : 0.2802"
"5,41 : 0.2247"
"41,5 : 0.2247"
"5,42 : 0.5235"
"42,5 : 0.5235"
"5,43 : 0.7201"
"43,5 : 0.7201"
"5,44 : 0.3081"
"44,5 : 0.3081"
"5,45 : 0.2571"
"45,5 : 0.2571"
"5,46 : 0.506"
"46,5 : 0.506"
"5,47 : 0.1523"
"47,5 : 0.1523"
"5,48 : 0.364"
"48,5 : 0.364"
"5,49 : 0.6236"
"49,5 : 0.6236"
"5,50 : 0.4855"
"50,5 : 0.4855"
"5,51 : 0.3027"
"51,5 : 0.3027"
"5,52 : 0.5948"
"52,5 : 0.5948"
"5,53 : 0.4924"
"53,5 : 0.4924"
"5,54 : 0.4919"
"54,5 : 0.4919"
"5,55 : 0.2915"
"55,5 : 0.2915"
"5,56 : 0.3842"
"56,5 : 0.3842"
"5,57 : 0.0583"
"57,5 : 0.0583"
"5,58 : 0.0922"
"58,5 : 0.0922"
"5,59 : 0.2717"
"59,5 : 0.2717"
"5,60 : 0.3581"
"60,5 : 0.3581"
"5,61 : 0.2766"
"61,5 : 0.2766"
"5,62 : 0.5376"
"62,5 : 0.5376"
"5,63 : 0.1118"
"63,5 : 0.1118"
"5,64 : 0.5"
"64,5 : 0.5"
"5,65 : 0.3985"
"65,5 : 0.3985"
"5,66 : 0.2717"
"66,5 : 0.2717"
"5,67 : 0.5456"
"67,5 : 0.5456"
"5,68 : 0.336"
"68,5 : 0.336"
"5,69 : 0.4036"
"69,5 : 0.4036"
"5,70 : 0.52"
"70,5 : 0.52"
"5,71 : 0.2404"
"71,5 : 0.2404"
"5,72 : 0.2602"
"72,5 : 0.2602"
"5,73 : 0.559"
"73,5 : 0.559"
"5,74 : 0.2102"
"74,5 : 0.2102"
"5,75 : 0.09"
"75,5 : 0.09"
"5,76 : 0.5197"
"76,5 : 0.5197"
"5,77 : 0.2433"
"77,5 : 0.2433"
"5,78 : 0.6382"
"78,5 : 0.6382"
"5,79 : 0.4374"
"79,5 : 0.4374"
"5,80 : 0.5846"
"80,5 : 0.5846"
"5,81 : 0.2955"
"81,5 : 0.2955"
"5,82 : 0.4162"
"82,5 : 0.4162"
"5,83 : 0.778"
"83,5 : 0.778"
"5,84 : 0.2154"
"84,5 : 0.2154"
"5,85 : 0.3716"
"85,5 : 0.3716"
"5,86 : 0.1789"
"86,5 : 0.1789"
"5,87 : 0.4393"
"87,5 : 0.4393"
"5,88 : 0.6129"
"88,5 : 0.6129"
"5,89 : 0.2062"
"89,5 : 0.2062"
"5,90 : 0.3471"
"90,5 : 0.3471"
"5,91 : 0.5682"
"91,5 : 0.5682"
"5,92 : 0.359"
"92,5 : 0.359"
"5,93 : 0.65"
"93,5 : 0.65"
"5,94 : 0.1304"
"94,5 : 0.1304"
"5,95 : 0.592"
"95,5 : 0.592"
"5,96 : 0.6778"
"96,5 : 0.6778"
"5,97 : 0.5685"
"97,5 : 0.5685"
"5,98 : 0.4919"
"98,5 : 0.4919"
"5,99 : 0.1304"
"99,5 : 0.1304"
"6,7 : 0.06"
"7,6 : 0.06"
"6,8 : 0.1749"
"8,6 : 0.1749"
"6,9 : 0.1304"
"9,6 : 0.1304"
"6,10 : 0.4046"
"10,6 : 0.4046"
"6,11 : 0.4743"
"11,6 : 0.4743"
"6,12 : 0.4144"
"12,6 : 0.4144"
"6,13 : 0.8406"
"13,6 : 0.8406"
"6,14 : 0.58"
"14,6 : 0.58"
"6,15 : 0.1118"
"15,6 : 0.1118"
"6,16 : 0.3701"
"16,6 : 0.3701"
"6,17 : 0.5547"
"17,6 : 0.5547"
"6,18 : 0.5281"
"18,6 : 0.5281"
"6,19 : 0.9513"
"19,6 : 0.9513"
"6,20 : 0.8974"
"20,6 : 0.8974"
"6,21 : 0.6369"
"21,6 : 0.6369"
"6,22 : 0.6576"
"22,6 : 0.6576"
"6,23 : 0.6825"
"23,6 : 0.6825"
"6,24 : 0.3624"
"24,6 : 0.3624"
"6,25 : 0.7855"
"25,6 : 0.7855"
"6,26 : 0.5608"
"26,6 : 0.5608"
"6,27 : 0.1712"
"27,6 : 0.1712"
"6,28 : 0.6796"
"28,6 : 0.6796"
"6,29 : 0.642"
"29,6 : 0.642"
"6,30 : 0.8904"
"30,6 : 0.8904"
"6,31 : 0.7916"
"31,6 : 0.7916"
"6,32 : 0.6812"
"32,6 : 0.6812"
"6,33 : 0.3162"
"33,6 : 0.3162"
"6,34 : 0.272"
"34,6 : 0.272"
"6,35 : 0.8905"
"35,6 : 0.8905"
"6,36 : 0.6088"
"36,6 : 0.6088"
"6,37 : 0.8668"
"37,6 : 0.8668"
"6,38 : 0.8683"
"38,6 : 0.8683"
"6,39 : 0.3905"
"39,6 : 0.3905"
"6,40 : 0.4941"
"40,6 : 0.4941"
"6,41 : 0.6923"
"41,6 : 0.6923"
"6,42 : 0.6054"
"42,6 : 0.6054"
"6,43 : 0.2816"
"43,6 : 0.2816"
"6,44 : 0.8188"
"44,6 : 0.8188"
"6,45 : 0.6932"
"45,6 : 0.6932"
"6,46 : 0.2341"
"46,6 : 0.2341"
"6,47 : 0.5385"
"47,6 : 0.5385"
"6,48 : 0.9027"
"48,6 : 0.9027"
"6,49 : 0.7666"
"49,6 : 0.7666"
"6,50 : 0.25"
"50,6 : 0.25"
"6,51 : 0.6325"
"51,6 : 0.6325"
"6,52 : 0.3314"
"52,6 : 0.3314"
"6,53 : 0.9153"
"53,6 : 0.9153"
"6,54 : 0.2"
"54,6 : 0.2"
"6,55 : 0.514"
"55,6 : 0.514"
"6,56 : 0.4817"
"56,6 : 0.4817"
"6,57 : 0.5109"
"57,6 : 0.5109"
"6,58 : 0.49"
"58,6 : 0.49"
"6,59 : 0.6263"
"59,6 : 0.6263"
"6,60 : 0.8631"
"60,6 : 0.8631"
"6,61 : 0.4244"
"61,6 : 0.4244"
"6,62 : 0.4624"
"62,6 : 0.4624"
"6,63 : 0.6601"
"63,6 : 0.6601"
"6,64 : 0.9753"
"64,6 : 0.9753"
"6,65 : 0.7515"
"65,6 : 0.7515"
"6,66 : 0.8349"
"66,6 : 0.8349"
"6,67 : 0.3081"
"67,6 : 0.3081"
"6,68 : 0.4168"
"68,6 : 0.4168"
"6,69 : 0.8853"
"69,6 : 0.8853"
"6,70 : 0.8062"
"70,6 : 0.8062"
"6,71 : 0.7382"
"71,6 : 0.7382"
"6,72 : 0.3081"
"72,6 : 0.3081"
"6,73 : 0.4649"
"73,6 : 0.4649"
"6,74 : 0.4876"
"74,6 : 0.4876"
"6,75 : 0.5797"
"75,6 : 0.5797"
"6,76 : 0.7325"
"76,6 : 0.7325"
"6,77 : 0.3353"
"77,6 : 0.3353"
"6,78 : 0.3126"
"78,6 : 0.3126"
"6,79 : 0.806"
"79,6 : 0.806"
"6,80 : 0.1903"
"80,6 : 0.1903"
"6,81 : 0.8493"
"81,6 : 0.8493"
"6,82 : 0.2843"
"82,6 : 0.2843"
"6,83 : 0.5334"
"83,6 : 0.5334"
"6,84 : 0.5"
"84,6 : 0.5"
"6,85 : 0.4965"
"85,6 : 0.4965"
"6,86 : 0.4238"
"86,6 : 0.4238"
"6,87 : 0.9352"
"87,6 : 0.9352"
"6,88 : 0.658"
"88,6 : 0.658"
"6,89 : 0.4415"
"89,6 : 0.4415"
"6,90 : 0.7463"
"90,6 : 0.7463"
"6,91 : 0.3354"
"91,6 : 0.3354"
"6,92 : 0.9207"
"92,6 : 0.9207"
"6,93 : 0.2309"
"93,6 : 0.2309"
"6,94 : 0.5544"
"94,6 : 0.5544"
"6,95 : 0.4295"
"95,6 : 0.4295"
"6,96 : 0.3178"
"96,6 : 0.3178"
"6,97 : 0.5385"
"97,6 : 0.5385"
"6,98 : 0.2"
"98,6 : 0.2"
"6,99 : 0.5187"
"99,6 : 0.5187"
"7,8 : 0.2121"
"8,7 : 0.2121"
"7,9 : 0.1476"
"9,7 : 0.1476"
"7,10 : 0.3607"
"10,7 : 0.3607"
"7,11 : 0.5109"
"11,7 : 0.5109"
"7,12 : 0.4383"
"12,7 : 0.4383"
"7,13 : 0.8742"
"13,7 : 0.8742"
"7,14 : 0.6248"
"14,7 : 0.6248"
"7,15 : 0.1712"
"15,7 : 0.1712"
"7,16 : 0.3766"
"16,7 : 0.3766"
"7,17 : 0.5235"
"17,7 : 0.5235"
"7,18 : 0.5852"
"18,7 : 0.5852"
"7,19 : 0.986"
"19,7 : 0.986"
"7,20 : 0.8846"
"20,7 : 0.8846"
"7,21 : 0.6929"
"21,7 : 0.6929"
"7,22 : 0.6694"
"22,7 : 0.6694"
"7,23 : 0.7218"
"23,7 : 0.7218"
"7,24 : 0.3276"
"24,7 : 0.3276"
"7,25 : 0.8373"
"25,7 : 0.8373"
"7,26 : 0.5412"
"26,7 : 0.5412"
"7,27 : 0.1118"
"27,7 : 0.1118"
"7,28 : 0.7306"
"28,7 : 0.7306"
"7,29 : 0.7018"
"29,7 : 0.7018"
"7,30 : 0.9242"
"30,7 : 0.9242"
"7,31 : 0.8199"
"31,7 : 0.8199"
"7,32 : 0.6873"
"32,7 : 0.6873"
"7,33 : 0.2691"
"33,7 : 0.2691"
"7,34 : 0.2417"
"34,7 : 0.2417"
"7,35 : 0.9262"
"35,7 : 0.9262"
"7,36 : 0.6507"
"36,7 : 0.6507"
"7,37 : 0.886"
"37,7 : 0.886"
"7,38 : 0.9069"
"38,7 : 0.9069"
"7,39 : 0.3981"
"39,7 : 0.3981"
"7,40 : 0.5315"
"40,7 : 0.5315"
"7,41 : 0.6836"
"41,7 : 0.6836"
"7,42 : 0.6576"
"42,7 : 0.6576"
"7,43 : 0.2247"
"43,7 : 0.2247"
"7,44 : 0.8122"
"44,7 : 0.8122"
"7,45 : 0.722"
"45,7 : 0.722"
"7,46 : 0.2912"
"46,7 : 0.2912"
"7,47 : 0.5636"
"47,7 : 0.5636"
"7,48 : 0.9001"
"48,7 : 0.9001"
"7,49 : 0.8188"
"49,7 : 0.8188"
"7,50 : 0.2052"
"50,7 : 0.2052"
"7,51 : 0.6684"
"51,7 : 0.6684"
"7,52 : 0.3912"
"52,7 : 0.3912"
"7,53 : 0.95"
"53,7 : 0.95"
"7,54 : 0.1562"
"54,7 : 0.1562"
"7,55 : 0.5523"
"55,7 : 0.5523"
"7,56 : 0.528"
"56,7 : 0.528"
"7,57 : 0.5179"
"57,7 : 0.5179"
"7,58 : 0.4937"
"58,7 : 0.4937"
"7,59 : 0.6088"
"59,7 : 0.6088"
"7,60 : 0.8548"
"60,7 : 0.8548"
"7,61 : 0.461"
"61,7 : 0.461"
"7,62 : 0.5187"
"62,7 : 0.5187"
"7,63 : 0.6637"
"63,7 : 0.6637"
"7,64 : 1.005"
"64,7 : 1.005"
"7,65 : 0.728"
"65,7 : 0.728"
"7,66 : 0.8434"
"66,7 : 0.8434"
"7,67 : 0.3667"
"67,7 : 0.3667"
"7,68 : 0.39"
"68,7 : 0.39"
"7,69 : 0.873"
"69,7 : 0.873"
"7,70 : 0.8504"
"70,7 : 0.8504"
"7,71 : 0.7317"
"71,7 : 0.7317"
"7,72 : 0.327"
"72,7 : 0.327"
"7,73 : 0.522"
"73,7 : 0.522"
"7,74 : 0.4752"
"74,7 : 0.4752"
"7,75 : 0.5981"
"75,7 : 0.5981"
"7,76 : 0.7801"
"76,7 : 0.7801"
"7,77 : 0.3578"
"77,7 : 0.3578"
"7,78 : 0.2532"
"78,7 : 0.2532"
"7,79 : 0.8439"
"79,7 : 0.8439"
"7,80 : 0.2502"
"80,7 : 0.2502"
"7,81 : 0.864"
"81,7 : 0.864"
"7,82 : 0.2506"
"82,7 : 0.2506"
"7,83 : 0.593"
"83,7 : 0.593"
"7,84 : 0.4866"
"84,7 : 0.4866"
"7,85 : 0.4653"
"85,7 : 0.4653"
"7,86 : 0.4472"
"86,7 : 0.4472"
"7,87 : 0.9618"
"87,7 : 0.9618"
"7,88 : 0.7131"
"88,7 : 0.7131"
"7,89 : 0.4319"
"89,7 : 0.4319"
"7,90 : 0.7801"
"90,7 : 0.7801"
"7,91 : 0.3946"
"91,7 : 0.3946"
"7,92 : 0.9317"
"92,7 : 0.9317"
"7,93 : 0.2886"
"93,7 : 0.2886"
"7,94 : 0.5501"
"94,7 : 0.5501"
"7,95 : 0.4884"
"95,7 : 0.4884"
"7,96 : 0.3766"
"96,7 : 0.3766"
"7,97 : 0.5946"
"97,7 : 0.5946"
"7,98 : 0.1562"
"98,7 : 0.1562"
"7,99 : 0.5413"
"99,7 : 0.5413"
"8,9 : 0.0825"
"9,8 : 0.0825"
"8,10 : 0.4148"
"10,8 : 0.4148"
"8,11 : 0.3"
"11,8 : 0.3"
"8,12 : 0.2452"
"12,8 : 0.2452"
"8,13 : 0.6657"
"13,8 : 0.6657"
"8,14 : 0.414"
"14,8 : 0.414"
"8,15 : 0.1315"
"15,8 : 0.1315"
"8,16 : 0.2341"
"16,8 : 0.2341"
"8,17 : 0.5061"
"17,8 : 0.5061"
"8,18 : 0.4105"
"18,8 : 0.4105"
"8,19 : 0.7767"
"19,8 : 0.7767"
"8,20 : 0.7839"
"20,8 : 0.7839"
"8,21 : 0.508"
"21,8 : 0.508"
"8,22 : 0.5001"
"22,8 : 0.5001"
"8,23 : 0.5099"
"23,8 : 0.5099"
"8,24 : 0.3454"
"24,8 : 0.3454"
"8,25 : 0.6356"
"25,8 : 0.6356"
"8,26 : 0.4763"
"26,8 : 0.4763"
"8,27 : 0.3106"
"27,8 : 0.3106"
"8,28 : 0.528"
"28,8 : 0.528"
"8,29 : 0.5852"
"29,8 : 0.5852"
"8,30 : 0.7156"
"30,8 : 0.7156"
"8,31 : 0.6174"
"31,8 : 0.6174"
"8,32 : 0.5324"
"32,8 : 0.5324"
"8,33 : 0.3513"
"33,8 : 0.3513"
"8,34 : 0.2596"
"34,8 : 0.2596"
"8,35 : 0.7161"
"35,8 : 0.7161"
"8,36 : 0.4386"
"36,8 : 0.4386"
"8,37 : 0.6986"
"37,8 : 0.6986"
"8,38 : 0.6953"
"38,8 : 0.6953"
"8,39 : 0.25"
"39,8 : 0.25"
"8,40 : 0.3202"
"40,8 : 0.3202"
"8,41 : 0.5738"
"41,8 : 0.5738"
"8,42 : 0.4588"
"42,8 : 0.4588"
"8,43 : 0.4272"
"43,8 : 0.4272"
"8,44 : 0.6926"
"44,8 : 0.6926"
"8,45 : 0.5189"
"45,8 : 0.5189"
"8,46 : 0.1476"
"46,8 : 0.1476"
"8,47 : 0.3669"
"47,8 : 0.3669"
"8,48 : 0.7669"
"48,8 : 0.7669"
"8,49 : 0.6185"
"49,8 : 0.6185"
"8,50 : 0.29"
"50,8 : 0.29"
"8,51 : 0.458"
"51,8 : 0.458"
"8,52 : 0.2683"
"52,8 : 0.2683"
"8,53 : 0.7406"
"53,8 : 0.7406"
"8,54 : 0.2518"
"54,8 : 0.2518"
"8,55 : 0.3406"
"55,8 : 0.3406"
"8,56 : 0.3191"
"56,8 : 0.3191"
"8,57 : 0.365"
"57,8 : 0.365"
"8,58 : 0.3517"
"58,8 : 0.3517"
"8,59 : 0.5325"
"59,8 : 0.5325"
"8,60 : 0.74"
"60,8 : 0.74"
"8,61 : 0.25"
"61,8 : 0.25"
"8,62 : 0.3406"
"62,8 : 0.3406"
"8,63 : 0.5162"
"63,8 : 0.5162"
"8,64 : 0.8006"
"64,8 : 0.8006"
"8,65 : 0.6701"
"65,8 : 0.6701"
"8,66 : 0.68"
"66,8 : 0.68"
"8,67 : 0.2247"
"67,8 : 0.2247"
"8,68 : 0.3662"
"68,8 : 0.3662"
"8,69 : 0.7708"
"69,8 : 0.7708"
"8,70 : 0.6389"
"70,8 : 0.6389"
"8,71 : 0.6135"
"71,8 : 0.6135"
"8,72 : 0.1513"
"72,8 : 0.1513"
"8,73 : 0.35"
"73,8 : 0.35"
"8,74 : 0.3883"
"74,8 : 0.3883"
"8,75 : 0.4144"
"75,8 : 0.4144"
"8,76 : 0.5714"
"76,8 : 0.5714"
"8,77 : 0.1703"
"77,8 : 0.1703"
"8,78 : 0.4148"
"78,8 : 0.4148"
"8,79 : 0.6325"
"79,8 : 0.6325"
"8,80 : 0.1887"
"80,8 : 0.1887"
"8,81 : 0.6859"
"81,8 : 0.6859"
"8,82 : 0.2789"
"82,8 : 0.2789"
"8,83 : 0.4875"
"83,8 : 0.4875"
"8,84 : 0.4022"
"84,8 : 0.4022"
"8,85 : 0.4522"
"85,8 : 0.4522"
"8,86 : 0.255"
"86,8 : 0.255"
"8,87 : 0.7616"
"87,8 : 0.7616"
"8,88 : 0.5239"
"88,8 : 0.5239"
"8,89 : 0.3384"
"89,8 : 0.3384"
"8,90 : 0.5714"
"90,8 : 0.5714"
"8,91 : 0.2563"
"91,8 : 0.2563"
"8,92 : 0.7616"
"92,8 : 0.7616"
"8,93 : 0.2555"
"93,8 : 0.2555"
"8,94 : 0.4308"
"94,8 : 0.4308"
"8,95 : 0.3354"
"95,8 : 0.3354"
"8,96 : 0.3111"
"96,8 : 0.3111"
"8,97 : 0.413"
"97,8 : 0.413"
"8,98 : 0.2518"
"98,8 : 0.2518"
"8,99 : 0.3493"
"99,8 : 0.3493"
"9,10 : 0.3454"
"10,9 : 0.3454"
"9,11 : 0.3677"
"11,9 : 0.3677"
"9,12 : 0.2907"
"12,9 : 0.2907"
"9,13 : 0.728"
"13,9 : 0.728"
"9,14 : 0.4909"
"14,9 : 0.4909"
"9,15 : 0.1487"
"15,9 : 0.1487"
"9,16 : 0.24"
"16,9 : 0.24"
"9,17 : 0.4597"
"17,9 : 0.4597"
"9,18 : 0.4916"
"18,9 : 0.4916"
"9,19 : 0.8402"
"19,9 : 0.8402"
"9,20 : 0.7749"
"20,9 : 0.7749"
"9,21 : 0.5903"
"21,9 : 0.5903"
"9,22 : 0.5277"
"22,9 : 0.5277"
"9,23 : 0.58"
"23,9 : 0.58"
"9,24 : 0.283"
"24,9 : 0.283"
"9,25 : 0.7169"
"25,9 : 0.7169"
"9,26 : 0.4478"
"26,9 : 0.4478"
"9,27 : 0.2343"
"27,9 : 0.2343"
"9,28 : 0.6093"
"28,9 : 0.6093"
"9,29 : 0.6552"
"29,9 : 0.6552"
"9,30 : 0.778"
"30,9 : 0.778"
"9,31 : 0.6723"
"31,9 : 0.6723"
"9,32 : 0.5508"
"32,9 : 0.5508"
"9,33 : 0.2746"
"33,9 : 0.2746"
"9,34 : 0.1924"
"34,9 : 0.1924"
"9,35 : 0.781"
"35,9 : 0.781"
"9,36 : 0.5122"
"36,9 : 0.5122"
"9,37 : 0.74"
"37,9 : 0.74"
"9,38 : 0.7638"
"38,9 : 0.7638"
"9,39 : 0.2602"
"39,9 : 0.2602"
"9,40 : 0.389"
"40,9 : 0.389"
"9,41 : 0.5675"
"41,9 : 0.5675"
"9,42 : 0.5408"
"42,9 : 0.5408"
"9,43 : 0.35"
"43,9 : 0.35"
"9,44 : 0.6923"
"44,9 : 0.6923"
"9,45 : 0.5745"
"45,9 : 0.5745"
"9,46 : 0.2159"
"46,9 : 0.2159"
"9,47 : 0.4159"
"47,9 : 0.4159"
"9,48 : 0.7741"
"48,9 : 0.7741"
"9,49 : 0.7001"
"49,9 : 0.7001"
"9,50 : 0.211"
"50,9 : 0.211"
"9,51 : 0.524"
"51,9 : 0.524"
"9,52 : 0.3353"
"52,9 : 0.3353"
"9,53 : 0.8043"
"53,9 : 0.8043"
"9,54 : 0.1703"
"54,9 : 0.1703"
"9,55 : 0.4104"
"55,9 : 0.4104"
"9,56 : 0.3982"
"56,9 : 0.3982"
"9,57 : 0.3805"
"57,9 : 0.3805"
"9,58 : 0.3601"
"58,9 : 0.3601"
"9,59 : 0.5099"
"59,9 : 0.5099"
"9,60 : 0.7376"
"60,9 : 0.7376"
"9,61 : 0.3183"
"61,9 : 0.3183"
"9,62 : 0.4219"
"62,9 : 0.4219"
"9,63 : 0.53"
"63,9 : 0.53"
"9,64 : 0.8576"
"64,9 : 0.8576"
"9,65 : 0.6414"
"65,9 : 0.6414"
"9,66 : 0.7046"
"66,9 : 0.7046"
"9,67 : 0.2961"
"67,9 : 0.2961"
"9,68 : 0.3183"
"68,9 : 0.3183"
"9,69 : 0.7624"
"69,9 : 0.7624"
"9,70 : 0.714"
"70,9 : 0.714"
"9,71 : 0.6119"
"71,9 : 0.6119"
"9,72 : 0.1803"
"72,9 : 0.1803"
"9,73 : 0.4305"
"73,9 : 0.4305"
"9,74 : 0.3677"
"74,9 : 0.3677"
"9,75 : 0.4522"
"75,9 : 0.4522"
"9,76 : 0.65"
"76,9 : 0.65"
"9,77 : 0.2102"
"77,9 : 0.2102"
"9,78 : 0.3324"
"78,9 : 0.3324"
"9,79 : 0.7004"
"79,9 : 0.7004"
"9,80 : 0.228"
"80,9 : 0.228"
"9,81 : 0.7203"
"81,9 : 0.7203"
"9,82 : 0.2102"
"82,9 : 0.2102"
"9,83 : 0.5536"
"83,9 : 0.5536"
"9,84 : 0.3808"
"84,9 : 0.3808"
"9,85 : 0.4031"
"85,9 : 0.4031"
"9,86 : 0.2997"
"86,9 : 0.2997"
"9,87 : 0.8141"
"87,9 : 0.8141"
"9,88 : 0.6064"
"88,9 : 0.6064"
"9,89 : 0.3195"
"89,9 : 0.3195"
"9,90 : 0.6341"
"90,9 : 0.6341"
"9,91 : 0.3276"
"91,9 : 0.3276"
"9,92 : 0.7908"
"92,9 : 0.7908"
"9,93 : 0.29"
"93,9 : 0.29"
"9,94 : 0.4276"
"94,9 : 0.4276"
"9,95 : 0.4119"
"95,9 : 0.4119"
"9,96 : 0.3606"
"96,9 : 0.3606"
"9,97 : 0.495"
"97,9 : 0.495"
"9,98 : 0.1703"
"98,9 : 0.1703"
"9,99 : 0.394"
"99,9 : 0.394"
"10,11 : 0.5944"
"11,10 : 0.5944"
"10,12 : 0.4684"
"12,10 : 0.4684"
"10,13 : 0.8832"
"13,10 : 0.8832"
"10,14 : 0.7433"
"14,10 : 0.7433"
"10,15 : 0.4837"
"15,10 : 0.4837"
"10,16 : 0.3384"
"16,10 : 0.3384"
"10,17 : 0.2"
"17,10 : 0.2"
"10,18 : 0.815"
"18,10 : 0.815"
"10,19 : 0.9932"
"19,10 : 0.9932"
"10,20 : 0.6166"
"20,10 : 0.6166"
"10,21 : 0.9002"
"21,10 : 0.9002"
"10,22 : 0.5659"
"22,10 : 0.5659"
"10,23 : 0.7877"
"23,10 : 0.7877"
"10,24 : 0.0825"
"24,10 : 0.0825"
"10,25 : 0.9914"
"25,10 : 0.9914"
"10,26 : 0.2786"
"26,10 : 0.2786"
"10,27 : 0.313"
"27,10 : 0.313"
"10,28 : 0.8868"
"28,10 : 0.8868"
"10,29 : 0.9993"
"29,10 : 0.9993"
"10,30 : 0.9296"
"30,10 : 0.9296"
"10,31 : 0.7988"
"31,10 : 0.7988"
"10,32 : 0.5467"
"32,10 : 0.5467"
"10,33 : 0.0943"
"33,10 : 0.0943"
"10,34 : 0.1552"
"34,10 : 0.1552"
"10,35 : 0.9451"
"35,10 : 0.9451"
"10,36 : 0.7446"
"36,10 : 0.7446"
"10,37 : 0.7991"
"37,10 : 0.7991"
"10,38 : 0.9481"
"38,10 : 0.9481"
"10,39 : 0.3547"
"39,10 : 0.3547"
"10,40 : 0.6161"
"40,10 : 0.6161"
"10,41 : 0.4569"
"41,10 : 0.4569"
"10,42 : 0.8315"
"42,10 : 0.8315"
"10,43 : 0.3423"
"43,10 : 0.3423"
"10,44 : 0.5819"
"44,10 : 0.5819"
"10,45 : 0.7169"
"45,10 : 0.7169"
"10,46 : 0.5597"
"46,10 : 0.5597"
"10,47 : 0.5636"
"47,10 : 0.5636"
"10,48 : 0.6835"
"48,10 : 0.6835"
"10,49 : 0.9787"
"49,10 : 0.9787"
"10,50 : 0.1556"
"50,10 : 0.1556"
"10,51 : 0.7187"
"51,10 : 0.7187"
"10,52 : 0.6801"
"52,10 : 0.6801"
"10,53 : 0.9604"
"53,10 : 0.9604"
"10,54 : 0.2052"
"54,10 : 0.2052"
"10,55 : 0.6379"
"55,10 : 0.6379"
"10,56 : 0.6727"
"56,10 : 0.6727"
"10,57 : 0.422"
"57,10 : 0.422"
"10,58 : 0.386"
"58,10 : 0.386"
"10,59 : 0.3448"
"59,10 : 0.3448"
"10,60 : 0.6113"
"60,10 : 0.6113"
"10,61 : 0.5573"
"61,10 : 0.5573"
"10,62 : 0.7455"
"62,10 : 0.7455"
"10,63 : 0.5122"
"63,10 : 0.5122"
"10,64 : 0.9762"
"64,10 : 0.9762"
"10,65 : 0.4201"
"65,10 : 0.4201"
"10,66 : 0.6963"
"66,10 : 0.6963"
"10,67 : 0.6389"
"67,10 : 0.6389"
"10,68 : 0.1414"
"68,10 : 0.1414"
"10,69 : 0.6083"
"69,10 : 0.6083"
"10,70 : 0.9392"
"70,10 : 0.9392"
"10,71 : 0.5108"
"71,10 : 0.5108"
"10,72 : 0.3821"
"72,10 : 0.3821"
"10,73 : 0.758"
"73,10 : 0.758"
"10,74 : 0.2766"
"74,10 : 0.2766"
"10,75 : 0.5492"
"75,10 : 0.5492"
"10,76 : 0.9024"
"76,10 : 0.9024"
"10,77 : 0.4144"
"77,10 : 0.4144"
"10,78 : 0.22"
"78,10 : 0.22"
"10,79 : 0.8857"
"79,10 : 0.8857"
"10,80 : 0.5682"
"80,10 : 0.5682"
"10,81 : 0.7517"
"81,10 : 0.7517"
"10,82 : 0.136"
"82,10 : 0.136"
"10,83 : 0.8989"
"83,10 : 0.8989"
"10,84 : 0.278"
"84,10 : 0.278"
"10,85 : 0.153"
"85,10 : 0.153"
"10,86 : 0.4713"
"86,10 : 0.4713"
"10,87 : 0.9155"
"87,10 : 0.9155"
"10,88 : 0.9101"
"88,10 : 0.9101"
"10,89 : 0.2702"
"89,10 : 0.2702"
"10,90 : 0.8006"
"90,10 : 0.8006"
"10,91 : 0.6705"
"91,10 : 0.6705"
"10,92 : 0.7906"
"92,10 : 0.7906"
"10,93 : 0.6243"
"93,10 : 0.6243"
"10,94 : 0.3764"
"94,10 : 0.3764"
"10,95 : 0.7495"
"95,10 : 0.7495"
"10,96 : 0.7024"
"96,10 : 0.7024"
"10,97 : 0.8122"
"97,10 : 0.8122"
"10,98 : 0.2052"
"98,10 : 0.2052"
"10,99 : 0.5323"
"99,10 : 0.5323"
"11,12 : 0.13"
"12,11 : 0.13"
"11,13 : 0.3672"
"13,11 : 0.3672"
"11,14 : 0.1503"
"14,11 : 0.1503"
"11,15 : 0.4031"
"15,11 : 0.4031"
"11,16 : 0.2608"
"16,11 : 0.2608"
"11,17 : 0.5842"
"17,11 : 0.5842"
"11,18 : 0.3183"
"18,11 : 0.3183"
"11,19 : 0.4771"
"19,11 : 0.4771"
"11,20 : 0.6859"
"20,11 : 0.6859"
"11,21 : 0.3534"
"21,11 : 0.3534"
"11,22 : 0.3106"
"22,11 : 0.3106"
"11,23 : 0.2126"
"23,11 : 0.2126"
"11,24 : 0.512"
"24,11 : 0.512"
"11,25 : 0.4005"
"25,11 : 0.4005"
"11,26 : 0.4973"
"26,11 : 0.4973"
"11,27 : 0.6014"
"27,11 : 0.6014"
"11,28 : 0.3007"
"28,11 : 0.3007"
"11,29 : 0.5749"
"29,11 : 0.5749"
"11,30 : 0.4168"
"30,11 : 0.4168"
"11,31 : 0.3298"
"31,11 : 0.3298"
"11,32 : 0.3701"
"32,11 : 0.3701"
"11,33 : 0.5701"
"33,11 : 0.5701"
"11,34 : 0.4624"
"34,11 : 0.4624"
"11,35 : 0.4162"
"35,11 : 0.4162"
"11,36 : 0.1523"
"36,11 : 0.1523"
"11,37 : 0.4405"
"37,11 : 0.4405"
"11,38 : 0.3962"
"38,11 : 0.3962"
"11,39 : 0.25"
"39,11 : 0.25"
"11,40 : 0.0224"
"40,11 : 0.0224"
"11,41 : 0.4941"
"41,11 : 0.4941"
"11,42 : 0.2625"
"42,11 : 0.2625"
"11,43 : 0.7159"
"43,11 : 0.7159"
"11,44 : 0.5731"
"44,11 : 0.5731"
"11,45 : 0.2335"
"45,11 : 0.2335"
"11,46 : 0.314"
"46,11 : 0.314"
"11,47 : 0.1304"
"47,11 : 0.1304"
"11,48 : 0.6129"
"48,11 : 0.6129"
"11,49 : 0.39"
"49,11 : 0.39"
"11,50 : 0.5277"
"50,11 : 0.5277"
"11,51 : 0.1581"
"51,11 : 0.1581"
"11,52 : 0.365"
"52,11 : 0.365"
"11,53 : 0.441"
"53,11 : 0.441"
"11,54 : 0.5077"
"54,11 : 0.5077"
"11,55 : 0.0447"
"55,11 : 0.0447"
"11,56 : 0.114"
"56,11 : 0.114"
"11,57 : 0.2683"
"57,11 : 0.2683"
"11,58 : 0.2879"
"58,11 : 0.2879"
"11,59 : 0.52"
"59,11 : 0.52"
"11,60 : 0.6229"
"60,11 : 0.6229"
"11,61 : 0.05"
"61,11 : 0.05"
"11,62 : 0.272"
"62,11 : 0.272"
"11,63 : 0.3748"
"63,11 : 0.3748"
"11,64 : 0.507"
"64,11 : 0.507"
"11,65 : 0.6574"
"65,11 : 0.6574"
"11,66 : 0.4754"
"66,11 : 0.4754"
"11,67 : 0.3214"
"67,11 : 0.3214"
"11,68 : 0.4809"
"68,11 : 0.4809"
"11,69 : 0.6718"
"69,11 : 0.6718"
"11,70 : 0.3536"
"70,11 : 0.3536"
"11,71 : 0.5099"
"71,11 : 0.5099"
"11,72 : 0.2193"
"72,11 : 0.2193"
"11,73 : 0.2941"
"73,11 : 0.2941"
"11,74 : 0.4079"
"74,11 : 0.4079"
"11,75 : 0.2081"
"75,11 : 0.2081"
"11,76 : 0.3081"
"76,11 : 0.3081"
"11,77 : 0.1838"
"77,11 : 0.1838"
"11,78 : 0.6774"
"78,11 : 0.6774"
"11,79 : 0.333"
"79,11 : 0.333"
"11,80 : 0.4079"
"80,11 : 0.4079"
"11,81 : 0.4491"
"81,11 : 0.4491"
"11,82 : 0.481"
"82,11 : 0.481"
"11,83 : 0.5197"
"83,11 : 0.5197"
"11,84 : 0.4198"
"84,11 : 0.4198"
"11,85 : 0.5504"
"85,11 : 0.5504"
"11,86 : 0.1304"
"86,11 : 0.1304"
"11,87 : 0.4754"
"87,11 : 0.4754"
"11,88 : 0.3511"
"88,11 : 0.3511"
"11,89 : 0.3722"
"89,11 : 0.3722"
"11,90 : 0.2729"
"90,11 : 0.2729"
"11,91 : 0.3354"
"91,11 : 0.3354"
"11,92 : 0.536"
"92,11 : 0.536"
"11,93 : 0.4627"
"93,11 : 0.4627"
"11,94 : 0.3758"
"94,11 : 0.3758"
"11,95 : 0.3354"
"95,11 : 0.3354"
"11,96 : 0.4617"
"96,11 : 0.4617"
"11,97 : 0.2983"
"97,11 : 0.2983"
"11,98 : 0.5077"
"98,11 : 0.5077"
"11,99 : 0.1414"
"99,11 : 0.1414"
"12,13 : 0.4455"
"13,12 : 0.4455"
"12,14 : 0.2802"
"14,12 : 0.2802"
"12,15 : 0.3712"
"15,12 : 0.3712"
"12,16 : 0.1315"
"16,12 : 0.1315"
"12,17 : 0.4554"
"17,12 : 0.4554"
"12,18 : 0.4219"
"18,12 : 0.4219"
"12,19 : 0.5587"
"19,12 : 0.5587"
"12,20 : 0.6"
"20,12 : 0.6"
"12,21 : 0.4743"
"21,12 : 0.4743"
"12,22 : 0.2631"
"22,12 : 0.2631"
"12,23 : 0.322"
"23,12 : 0.322"
"12,24 : 0.386"
"24,12 : 0.386"
"12,25 : 0.5304"
"25,12 : 0.5304"
"12,26 : 0.3734"
"26,12 : 0.3734"
"12,27 : 0.514"
"27,12 : 0.514"
"12,28 : 0.4305"
"28,12 : 0.4305"
"12,29 : 0.666"
"29,12 : 0.666"
"12,30 : 0.4952"
"30,12 : 0.4952"
"12,31 : 0.3828"
"31,12 : 0.3828"
"12,32 : 0.3068"
"32,12 : 0.3068"
"12,33 : 0.4518"
"33,12 : 0.4518"
"12,34 : 0.3448"
"34,12 : 0.3448"
"12,35 : 0.5025"
"35,12 : 0.5025"
"12,36 : 0.2766"
"36,12 : 0.2766"
"12,37 : 0.4535"
"37,12 : 0.4535"
"12,38 : 0.4941"
"38,12 : 0.4941"
"12,39 : 0.12"
"39,12 : 0.12"
"12,40 : 0.1503"
"40,12 : 0.1503"
"12,41 : 0.3962"
"41,12 : 0.3962"
"12,42 : 0.3883"
"42,12 : 0.3883"
"12,43 : 0.6237"
"43,12 : 0.6237"
"12,44 : 0.494"
"44,12 : 0.494"
"12,45 : 0.286"
"45,12 : 0.286"
"12,46 : 0.3202"
"46,12 : 0.3202"
"12,47 : 0.1253"
"47,12 : 0.1253"
"12,48 : 0.5515"
"48,12 : 0.5515"
"12,49 : 0.52"
"49,12 : 0.52"
"12,50 : 0.4162"
"50,12 : 0.4162"
"12,51 : 0.2555"
"51,12 : 0.2555"
"12,52 : 0.4071"
"52,12 : 0.4071"
"12,53 : 0.5233"
"53,12 : 0.5233"
"12,54 : 0.4036"
"54,12 : 0.4036"
"12,55 : 0.1712"
"55,12 : 0.1712"
"12,56 : 0.2309"
"56,12 : 0.2309"
"12,57 : 0.1628"
"57,12 : 0.1628"
"12,58 : 0.172"
"58,12 : 0.172"
"12,59 : 0.4031"
"59,12 : 0.4031"
"12,60 : 0.5438"
"60,12 : 0.5438"
"12,61 : 0.1077"
"61,12 : 0.1077"
"12,62 : 0.364"
"62,12 : 0.364"
"12,63 : 0.2997"
"63,12 : 0.2997"
"12,64 : 0.5686"
"64,12 : 0.5686"
"12,65 : 0.5438"
"65,12 : 0.5438"
"12,66 : 0.4428"
"66,12 : 0.4428"
"12,67 : 0.3578"
"67,12 : 0.3578"
"12,68 : 0.3513"
"68,12 : 0.3513"
"12,69 : 0.586"
"69,12 : 0.586"
"12,70 : 0.4717"
"70,12 : 0.4717"
"12,71 : 0.422"
"71,12 : 0.422"
"12,72 : 0.114"
"72,12 : 0.114"
"12,73 : 0.3842"
"73,12 : 0.3842"
"12,74 : 0.2816"
"74,12 : 0.2816"
"12,75 : 0.1703"
"75,12 : 0.1703"
"12,76 : 0.4357"
"76,12 : 0.4357"
"12,77 : 0.0806"
"77,12 : 0.0806"
"12,78 : 0.5701"
"78,12 : 0.5701"
"12,79 : 0.4301"
"79,12 : 0.4301"
"12,80 : 0.4031"
"80,12 : 0.4031"
"12,81 : 0.4418"
"81,12 : 0.4418"
"12,82 : 0.3624"
"82,12 : 0.3624"
"12,83 : 0.5955"
"83,12 : 0.5955"
"12,84 : 0.2941"
"84,12 : 0.2941"
"12,85 : 0.4205"
"85,12 : 0.4205"
"12,86 : 0.01"
"86,12 : 0.01"
"12,87 : 0.5235"
"87,12 : 0.5235"
"12,88 : 0.4754"
"88,12 : 0.4754"
"12,89 : 0.2433"
"89,12 : 0.2433"
"12,90 : 0.3538"
"90,12 : 0.3538"
"12,91 : 0.3808"
"91,12 : 0.3808"
"12,92 : 0.52"
"92,12 : 0.52"
"12,93 : 0.4669"
"93,12 : 0.4669"
"12,94 : 0.264"
"94,12 : 0.264"
"12,95 : 0.4104"
"95,12 : 0.4104"
"12,96 : 0.4904"
"96,12 : 0.4904"
"12,97 : 0.4071"
"97,12 : 0.4071"
"12,98 : 0.4036"
"98,12 : 0.4036"
"12,99 : 0.1044"
"99,12 : 0.1044"
"13,14 : 0.3114"
"14,13 : 0.3114"
"13,15 : 0.7692"
"15,13 : 0.7692"
"13,16 : 0.5561"
"16,13 : 0.5561"
"13,17 : 0.8001"
"17,13 : 0.8001"
"13,18 : 0.5423"
"18,13 : 0.5423"
"13,19 : 0.1131"
"19,13 : 0.1131"
"13,20 : 0.6888"
"20,13 : 0.6888"
"13,21 : 0.4904"
"21,13 : 0.4904"
"13,22 : 0.3551"
"22,13 : 0.3551"
"13,23 : 0.1811"
"23,13 : 0.1811"
"13,24 : 0.8045"
"24,13 : 0.8045"
"13,25 : 0.372"
