x,y
0.89,0.91
0.46,0.38
0.61,0.67
0.95,0.72
0.47,0.48
0.9,0.56
0.14,0.03
0.28,0.37
0.66,0.53
0.33,0.88
0.55,0.58
0.07,0.54
0.13,0.47
0.36,0.73
0.26,0.72
0.54,0.78
0.92,0.74
0.82,0.92
0.57,0.22
0.66,0.5
0.15,0.58
0.79,0.81
0.58,0.7
0.23,0.17
0.08,0.09
0.9,0.28
0.37,0.34
0.13,0.5
0.49,0.43
0.49,0.84
0.2,0.83
0.16,0.28
0.81,0.63
0.7,0.15
0.84,0.5
0.31,0.66
0.66,0.43
0.41,0.37
0.88,0.86
0.55,0.56
0.12,0.94
0.17,0.47
0.71,0.12
0.17,0.54
0.07,0.03
0.29,0.58
0.15,0.81
0.91,0.81
0.48,0.77
0.92,0.67
0.66,0.16
0.52,0.56
0.17,0.15
0.91,0.74
0.94,0.15
0.75,0.47
0.55,0.17
0.74,0.82
0.75,0.3
0.2,0.51
0.21,0.15
0.18,0.79
0.89,0.88
0.53,0.37
0.4,0.45
0.16,0.48
0.98,0.32
0.73,0.16
0.88,0.83
0.7,0.63
0.76,0.3
0.89,0.2
0.82,0.47
0.64,0.36
0.45,0.0
0.33,0.07
0.56,0.72
0.37,0.28
0.2,0.44
0.75,0.17
0.95,0.06
0.16,0.67
0.11,0.26
0.26,0.71
0.03,0.82
0.25,0.94
0.44,0.85
0.88,0.17
0.87,0.93
0.38,0.18
0.21,0.57
0.93,0.16
0.99,0.1
0.95,0.34
0.95,0.73
0.52,0.32
0.32,0.92
0.19,0.37
0.7,0.09
0.07,0.61

Distanze
"0,1 : 0.6825"
"1,0 : 0.6825"
"0,2 : 0.3688"
"2,0 : 0.3688"
"0,3 : 0.1992"
"3,0 : 0.1992"
"0,4 : 0.6011"
"4,0 : 0.6011"
"0,5 : 0.3501"
"5,0 : 0.3501"
"0,6 : 1.1562"
"6,0 : 1.1562"
"0,7 : 0.8147"
"7,0 : 0.8147"
"0,8 : 0.4442"
"8,0 : 0.4442"
"0,9 : 0.5608"
"9,0 : 0.5608"
"0,10 : 0.4738"
"10,0 : 0.4738"
"0,11 : 0.8996"
"11,0 : 0.8996"
"0,12 : 0.8782"
"12,0 : 0.8782"
"0,13 : 0.5597"
"13,0 : 0.5597"
"0,14 : 0.658"
"14,0 : 0.658"
"0,15 : 0.3734"
"15,0 : 0.3734"
"0,16 : 0.1726"
"16,0 : 0.1726"
"0,17 : 0.0707"
"17,0 : 0.0707"
"0,18 : 0.7606"
"18,0 : 0.7606"
"0,19 : 0.4701"
"19,0 : 0.4701"
"0,20 : 0.8102"
"20,0 : 0.8102"
"0,21 : 0.1414"
"21,0 : 0.1414"
"0,22 : 0.3744"
"22,0 : 0.3744"
"0,23 : 0.9916"
"23,0 : 0.9916"
"0,24 : 1.1526"
"24,0 : 1.1526"
"0,25 : 0.6301"
"25,0 : 0.6301"
"0,26 : 0.7716"
"26,0 : 0.7716"
"0,27 : 0.8635"
"27,0 : 0.8635"
"0,28 : 0.6248"
"28,0 : 0.6248"
"0,29 : 0.4061"
"29,0 : 0.4061"
"0,30 : 0.6946"
"30,0 : 0.6946"
"0,31 : 0.9643"
"31,0 : 0.9643"
"0,32 : 0.2912"
"32,0 : 0.2912"
"0,33 : 0.7834"
"33,0 : 0.7834"
"0,34 : 0.413"
"34,0 : 0.413"
"0,35 : 0.6316"
"35,0 : 0.6316"
"0,36 : 0.5323"
"36,0 : 0.5323"
"0,37 : 0.7225"
"37,0 : 0.7225"
"0,38 : 0.051"
"38,0 : 0.051"
"0,39 : 0.488"
"39,0 : 0.488"
"0,40 : 0.7706"
"40,0 : 0.7706"
"0,41 : 0.8438"
"41,0 : 0.8438"
"0,42 : 0.8102"
"42,0 : 0.8102"
"0,43 : 0.8095"
"43,0 : 0.8095"
"0,44 : 1.2028"
"44,0 : 1.2028"
"0,45 : 0.6848"
"45,0 : 0.6848"
"0,46 : 0.7467"
"46,0 : 0.7467"
"0,47 : 0.102"
"47,0 : 0.102"
"0,48 : 0.4332"
"48,0 : 0.4332"
"0,49 : 0.2419"
"49,0 : 0.2419"
"0,50 : 0.7845"
"50,0 : 0.7845"
"0,51 : 0.5093"
"51,0 : 0.5093"
"0,52 : 1.0469"
"52,0 : 1.0469"
"0,53 : 0.1712"
"53,0 : 0.1712"
"0,54 : 0.7616"
"54,0 : 0.7616"
"0,55 : 0.4617"
"55,0 : 0.4617"
"0,56 : 0.8144"
"56,0 : 0.8144"
"0,57 : 0.1749"
"57,0 : 0.1749"
"0,58 : 0.6259"
"58,0 : 0.6259"
"0,59 : 0.7976"
"59,0 : 0.7976"
"0,60 : 1.0198"
"60,0 : 1.0198"
"0,61 : 0.7201"
"61,0 : 0.7201"
"0,62 : 0.03"
"62,0 : 0.03"
"0,63 : 0.649"
"63,0 : 0.649"
"0,64 : 0.6721"
"64,0 : 0.6721"
"0,65 : 0.8472"
"65,0 : 0.8472"
"0,66 : 0.5968"
"66,0 : 0.5968"
"0,67 : 0.7669"
"67,0 : 0.7669"
"0,68 : 0.0806"
"68,0 : 0.0806"
"0,69 : 0.3384"
"69,0 : 0.3384"
"0,70 : 0.6237"
"70,0 : 0.6237"
"0,71 : 0.71"
"71,0 : 0.71"
"0,72 : 0.4455"
"72,0 : 0.4455"
"0,73 : 0.6042"
"73,0 : 0.6042"
"0,74 : 1.0108"
"74,0 : 1.0108"
"0,75 : 1.0096"
"75,0 : 1.0096"
"0,76 : 0.3808"
"76,0 : 0.3808"
"0,77 : 0.8169"
"77,0 : 0.8169"
"0,78 : 0.8349"
"78,0 : 0.8349"
"0,79 : 0.7531"
"79,0 : 0.7531"
"0,80 : 0.8521"
"80,0 : 0.8521"
"0,81 : 0.7684"
"81,0 : 0.7684"
"0,82 : 1.0153"
"82,0 : 1.0153"
"0,83 : 0.661"
"83,0 : 0.661"
"0,84 : 0.8647"
"84,0 : 0.8647"
"0,85 : 0.6407"
"85,0 : 0.6407"
"0,86 : 0.454"
"86,0 : 0.454"
"0,87 : 0.7401"
"87,0 : 0.7401"
"0,88 : 0.0283"
"88,0 : 0.0283"
"0,89 : 0.8905"
"89,0 : 0.8905"
"0,90 : 0.7603"
"90,0 : 0.7603"
"0,91 : 0.7511"
"91,0 : 0.7511"
"0,92 : 0.8161"
"92,0 : 0.8161"
"0,93 : 0.5731"
"93,0 : 0.5731"
"0,94 : 0.1897"
"94,0 : 0.1897"
"0,95 : 0.6964"
"95,0 : 0.6964"
"0,96 : 0.5701"
"96,0 : 0.5701"
"0,97 : 0.8841"
"97,0 : 0.8841"
"0,98 : 0.8417"
"98,0 : 0.8417"
"0,99 : 0.8732"
"99,0 : 0.8732"
"1,2 : 0.3265"
"2,1 : 0.3265"
"1,3 : 0.5964"
"3,1 : 0.5964"
"1,4 : 0.1005"
"4,1 : 0.1005"
"1,5 : 0.4754"
"5,1 : 0.4754"
"1,6 : 0.4742"
"6,1 : 0.4742"
"1,7 : 0.1803"
"7,1 : 0.1803"
"1,8 : 0.25"
"8,1 : 0.25"
"1,9 : 0.5166"
"9,1 : 0.5166"
"1,10 : 0.2193"
"10,1 : 0.2193"
"1,11 : 0.4215"
"11,1 : 0.4215"
"1,12 : 0.3421"
"12,1 : 0.3421"
"1,13 : 0.364"
"13,1 : 0.364"
"1,14 : 0.3945"
"14,1 : 0.3945"
"1,15 : 0.4079"
"15,1 : 0.4079"
"1,16 : 0.5841"
"16,1 : 0.5841"
"1,17 : 0.649"
"17,1 : 0.649"
"1,18 : 0.1942"
"18,1 : 0.1942"
"1,19 : 0.2332"
"19,1 : 0.2332"
"1,20 : 0.3689"
"20,1 : 0.3689"
"1,21 : 0.542"
"21,1 : 0.542"
"1,22 : 0.3418"
"22,1 : 0.3418"
"1,23 : 0.3114"
"23,1 : 0.3114"
"1,24 : 0.478"
"24,1 : 0.478"
"1,25 : 0.4512"
"25,1 : 0.4512"
"1,26 : 0.0985"
"26,1 : 0.0985"
"1,27 : 0.3511"
"27,1 : 0.3511"
"1,28 : 0.0583"
"28,1 : 0.0583"
"1,29 : 0.461"
"29,1 : 0.461"
"1,30 : 0.5197"
"30,1 : 0.5197"
"1,31 : 0.3162"
"31,1 : 0.3162"
"1,32 : 0.4301"
"32,1 : 0.4301"
"1,33 : 0.3324"
"33,1 : 0.3324"
"1,34 : 0.3985"
"34,1 : 0.3985"
"1,35 : 0.3176"
"35,1 : 0.3176"
"1,36 : 0.2062"
"36,1 : 0.2062"
"1,37 : 0.051"
"37,1 : 0.051"
"1,38 : 0.6378"
"38,1 : 0.6378"
"1,39 : 0.2012"
"39,1 : 0.2012"
"1,40 : 0.6551"
"40,1 : 0.6551"
"1,41 : 0.3036"
"41,1 : 0.3036"
"1,42 : 0.3607"
"42,1 : 0.3607"
"1,43 : 0.3312"
"43,1 : 0.3312"
"1,44 : 0.524"
"44,1 : 0.524"
"1,45 : 0.2625"
"45,1 : 0.2625"
"1,46 : 0.5301"
"46,1 : 0.5301"
"1,47 : 0.6224"
"47,1 : 0.6224"
"1,48 : 0.3905"
"48,1 : 0.3905"
"1,49 : 0.5438"
"49,1 : 0.5438"
"1,50 : 0.2973"
"50,1 : 0.2973"
"1,51 : 0.1897"
"51,1 : 0.1897"
"1,52 : 0.3701"
"52,1 : 0.3701"
"1,53 : 0.5763"
"53,1 : 0.5763"
"1,54 : 0.5323"
"54,1 : 0.5323"
"1,55 : 0.3036"
"55,1 : 0.3036"
"1,56 : 0.2285"
"56,1 : 0.2285"
"1,57 : 0.5215"
"57,1 : 0.5215"
"1,58 : 0.3008"
"58,1 : 0.3008"
"1,59 : 0.2907"
"59,1 : 0.2907"
"1,60 : 0.3397"
"60,1 : 0.3397"
"1,61 : 0.4965"
"61,1 : 0.4965"
"1,62 : 0.6595"
"62,1 : 0.6595"
"1,63 : 0.0707"
"63,1 : 0.0707"
"1,64 : 0.0922"
"64,1 : 0.0922"
"1,65 : 0.3162"
"65,1 : 0.3162"
"1,66 : 0.5235"
"66,1 : 0.5235"
"1,67 : 0.3483"
"67,1 : 0.3483"
"1,68 : 0.6155"
"68,1 : 0.6155"
"1,69 : 0.3466"
"69,1 : 0.3466"
"1,70 : 0.3105"
"70,1 : 0.3105"
"1,71 : 0.4662"
"71,1 : 0.4662"
"1,72 : 0.3711"
"72,1 : 0.3711"
"1,73 : 0.1811"
"73,1 : 0.1811"
"1,74 : 0.3801"
"74,1 : 0.3801"
"1,75 : 0.3362"
"75,1 : 0.3362"
"1,76 : 0.3544"
"76,1 : 0.3544"
"1,77 : 0.1345"
"77,1 : 0.1345"
"1,78 : 0.2668"
"78,1 : 0.2668"
"1,79 : 0.3581"
"79,1 : 0.3581"
"1,80 : 0.5852"
"80,1 : 0.5852"
"1,81 : 0.4173"
"81,1 : 0.4173"
"1,82 : 0.37"
"82,1 : 0.37"
"1,83 : 0.3859"
"83,1 : 0.3859"
"1,84 : 0.6152"
"84,1 : 0.6152"
"1,85 : 0.5981"
"85,1 : 0.5981"
"1,86 : 0.4704"
"86,1 : 0.4704"
"1,87 : 0.4696"
"87,1 : 0.4696"
"1,88 : 0.686"
"88,1 : 0.686"
"1,89 : 0.2154"
"89,1 : 0.2154"
"1,90 : 0.314"
"90,1 : 0.314"
"1,91 : 0.5189"
"91,1 : 0.5189"
"1,92 : 0.5994"
"92,1 : 0.5994"
"1,93 : 0.4916"
"93,1 : 0.4916"
"1,94 : 0.6022"
"94,1 : 0.6022"
"1,95 : 0.0849"
"95,1 : 0.0849"
"1,96 : 0.5579"
"96,1 : 0.5579"
"1,97 : 0.2702"
"97,1 : 0.2702"
"1,98 : 0.3764"
"98,1 : 0.3764"
"1,99 : 0.4528"
"99,1 : 0.4528"
"2,3 : 0.3437"
"3,2 : 0.3437"
"2,4 : 0.236"
"4,2 : 0.236"
"2,5 : 0.3102"
"5,2 : 0.3102"
"2,6 : 0.794"
"6,2 : 0.794"
"2,7 : 0.446"
"7,2 : 0.446"
"2,8 : 0.1487"
"8,2 : 0.1487"
"2,9 : 0.35"
"9,2 : 0.35"
"2,10 : 0.1082"
"10,2 : 0.1082"
"2,11 : 0.5554"
"11,2 : 0.5554"
"2,12 : 0.52"
"12,2 : 0.52"
"2,13 : 0.2571"
"13,2 : 0.2571"
"2,14 : 0.3536"
"14,2 : 0.3536"
"2,15 : 0.1304"
"15,2 : 0.1304"
"2,16 : 0.3178"
"16,2 : 0.3178"
"2,17 : 0.3265"
"17,2 : 0.3265"
"2,18 : 0.4518"
"18,2 : 0.4518"
"2,19 : 0.1772"
"19,2 : 0.1772"
"2,20 : 0.4687"
"20,2 : 0.4687"
"2,21 : 0.228"
"21,2 : 0.228"
"2,22 : 0.0424"
"22,2 : 0.0424"
"2,23 : 0.628"
"23,2 : 0.628"
"2,24 : 0.7857"
"24,2 : 0.7857"
"2,25 : 0.486"
"25,2 : 0.486"
"2,26 : 0.408"
"26,2 : 0.408"
"2,27 : 0.5092"
"27,2 : 0.5092"
"2,28 : 0.2683"
"28,2 : 0.2683"
"2,29 : 0.2081"
"29,2 : 0.2081"
"2,30 : 0.4401"
"30,2 : 0.4401"
"2,31 : 0.5955"
"31,2 : 0.5955"
"2,32 : 0.204"
"32,2 : 0.204"
"2,33 : 0.5277"
"33,2 : 0.5277"
"2,34 : 0.286"
"34,2 : 0.286"
"2,35 : 0.3002"
"35,2 : 0.3002"
"2,36 : 0.2452"
"36,2 : 0.2452"
"2,37 : 0.3606"
"37,2 : 0.3606"
"2,38 : 0.3302"
"38,2 : 0.3302"
"2,39 : 0.1253"
"39,2 : 0.1253"
"2,40 : 0.5595"
"40,2 : 0.5595"
"2,41 : 0.4833"
"41,2 : 0.4833"
"2,42 : 0.559"
"42,2 : 0.559"
"2,43 : 0.4588"
"43,2 : 0.4588"
"2,44 : 0.8374"
"44,2 : 0.8374"
"2,45 : 0.3324"
"45,2 : 0.3324"
"2,46 : 0.4808"
"46,2 : 0.4808"
"2,47 : 0.3311"
"47,2 : 0.3311"
"2,48 : 0.164"
"48,2 : 0.164"
"2,49 : 0.31"
"49,2 : 0.31"
"2,50 : 0.5124"
"50,2 : 0.5124"
"2,51 : 0.1421"
"51,2 : 0.1421"
"2,52 : 0.6812"
"52,2 : 0.6812"
"2,53 : 0.3081"
"53,2 : 0.3081"
"2,54 : 0.6159"
"54,2 : 0.6159"
"2,55 : 0.2441"
"55,2 : 0.2441"
"2,56 : 0.5036"
"56,2 : 0.5036"
"2,57 : 0.1985"
"57,2 : 0.1985"
"2,58 : 0.3956"
"58,2 : 0.3956"
"2,59 : 0.4401"
"59,2 : 0.4401"
"2,60 : 0.656"
"60,2 : 0.656"
"2,61 : 0.4464"
"61,2 : 0.4464"
"2,62 : 0.35"
"62,2 : 0.35"
"2,63 : 0.3105"
"63,2 : 0.3105"
"2,64 : 0.3041"
"64,2 : 0.3041"
"2,65 : 0.4885"
"65,2 : 0.4885"
"2,66 : 0.5093"
"66,2 : 0.5093"
"2,67 : 0.5239"
"67,2 : 0.5239"
"2,68 : 0.3138"
"68,2 : 0.3138"
"2,69 : 0.0985"
"69,2 : 0.0985"
"2,70 : 0.3992"
"70,2 : 0.3992"
"2,71 : 0.5471"
"71,2 : 0.5471"
"2,72 : 0.29"
"72,2 : 0.29"
"2,73 : 0.3114"
"73,2 : 0.3114"
"2,74 : 0.6888"
"74,2 : 0.6888"
"2,75 : 0.6621"
"75,2 : 0.6621"
"2,76 : 0.0707"
"76,2 : 0.0707"
"2,77 : 0.4579"
"77,2 : 0.4579"
"2,78 : 0.4701"
"78,2 : 0.4701"
"2,79 : 0.5192"
"79,2 : 0.5192"
"2,80 : 0.6984"
"80,2 : 0.6984"
"2,81 : 0.45"
"81,2 : 0.45"
"2,82 : 0.6466"
"82,2 : 0.6466"
"2,83 : 0.3523"
"83,2 : 0.3523"
"2,84 : 0.5991"
"84,2 : 0.5991"
"2,85 : 0.45"
"85,2 : 0.45"
"2,86 : 0.2476"
"86,2 : 0.2476"
"2,87 : 0.5682"
"87,2 : 0.5682"
"2,88 : 0.3677"
"88,2 : 0.3677"
"2,89 : 0.5413"
"89,2 : 0.5413"
"2,90 : 0.4123"
"90,2 : 0.4123"
"2,91 : 0.6021"
"91,2 : 0.6021"
"2,92 : 0.6851"
"92,2 : 0.6851"
"2,93 : 0.4738"
"93,2 : 0.4738"
"2,94 : 0.3453"
"94,2 : 0.3453"
"2,95 : 0.3614"
"95,2 : 0.3614"
"2,96 : 0.3829"
"96,2 : 0.3829"
"2,97 : 0.5161"
"97,2 : 0.5161"
"2,98 : 0.5869"
"98,2 : 0.5869"
"2,99 : 0.5433"
"99,2 : 0.5433"
"3,4 : 0.5367"
"4,3 : 0.5367"
"3,5 : 0.1676"
"5,3 : 0.1676"
"3,6 : 1.064"
"6,3 : 1.064"
"3,7 : 0.7559"
"7,3 : 0.7559"
"3,8 : 0.3467"
"8,3 : 0.3467"
"3,9 : 0.6403"
"9,3 : 0.6403"
"3,10 : 0.4238"
"10,3 : 0.4238"
"3,11 : 0.8982"
"11,3 : 0.8982"
"3,12 : 0.8573"
"12,3 : 0.8573"
"3,13 : 0.5901"
"13,3 : 0.5901"
"3,14 : 0.69"
"14,3 : 0.69"
"3,15 : 0.4144"
"15,3 : 0.4144"
"3,16 : 0.0361"
"16,3 : 0.0361"
"3,17 : 0.2385"
"17,3 : 0.2385"
"3,18 : 0.628"
"18,3 : 0.628"
"3,19 : 0.364"
"19,3 : 0.364"
"3,20 : 0.8122"
"20,3 : 0.8122"
"3,21 : 0.1836"
"21,3 : 0.1836"
"3,22 : 0.3705"
"22,3 : 0.3705"
"3,23 : 0.906"
"23,3 : 0.906"
"3,24 : 1.0742"
"24,3 : 1.0742"
"3,25 : 0.4428"
"25,3 : 0.4428"
"3,26 : 0.6934"
"26,3 : 0.6934"
"3,27 : 0.849"
"27,3 : 0.849"
"3,28 : 0.5438"
"28,3 : 0.5438"
"3,29 : 0.4754"
"29,3 : 0.4754"
"3,30 : 0.758"
"30,3 : 0.758"
"3,31 : 0.9043"
"31,3 : 0.9043"
"3,32 : 0.1664"
"32,3 : 0.1664"
"3,33 : 0.6224"
"33,3 : 0.6224"
"3,34 : 0.246"
"34,3 : 0.246"
"3,35 : 0.6428"
"35,3 : 0.6428"
"3,36 : 0.4101"
"36,3 : 0.4101"
"3,37 : 0.6435"
"37,3 : 0.6435"
"3,38 : 0.1565"
"38,3 : 0.1565"
"3,39 : 0.4308"
"39,3 : 0.4308"
"3,40 : 0.8587"
"40,3 : 0.8587"
"3,41 : 0.8191"
"41,3 : 0.8191"
"3,42 : 0.6462"
"42,3 : 0.6462"
"3,43 : 0.8005"
"43,3 : 0.8005"
"3,44 : 1.1183"
"44,3 : 1.1183"
"3,45 : 0.6747"
"45,3 : 0.6747"
"3,46 : 0.805"
"46,3 : 0.805"
"3,47 : 0.0985"
"47,3 : 0.0985"
"3,48 : 0.4727"
"48,3 : 0.4727"
"3,49 : 0.0583"
"49,3 : 0.0583"
"3,50 : 0.6306"
"50,3 : 0.6306"
"3,51 : 0.4588"
"51,3 : 0.4588"
"3,52 : 0.9661"
"52,3 : 0.9661"
"3,53 : 0.0447"
"53,3 : 0.0447"
"3,54 : 0.5701"
"54,3 : 0.5701"
"3,55 : 0.3202"
"55,3 : 0.3202"
"3,56 : 0.6801"
"56,3 : 0.6801"
"3,57 : 0.2326"
"57,3 : 0.2326"
"3,58 : 0.4652"
"58,3 : 0.4652"
"3,59 : 0.7788"
"59,3 : 0.7788"
"3,60 : 0.9341"
"60,3 : 0.9341"
"3,61 : 0.7732"
"61,3 : 0.7732"
"3,62 : 0.1709"
"62,3 : 0.1709"
"3,63 : 0.5467"
"63,3 : 0.5467"
"3,64 : 0.6127"
"64,3 : 0.6127"
"3,65 : 0.8257"
"65,3 : 0.8257"
"3,66 : 0.4011"
"66,3 : 0.4011"
"3,67 : 0.6017"
"67,3 : 0.6017"
"3,68 : 0.1304"
"68,3 : 0.1304"
"3,69 : 0.2657"
"69,3 : 0.2657"
"3,70 : 0.461"
"70,3 : 0.461"
"3,71 : 0.5235"
"71,3 : 0.5235"
"3,72 : 0.2818"
"72,3 : 0.2818"
"3,73 : 0.4751"
"73,3 : 0.4751"
"3,74 : 0.8766"
"74,3 : 0.8766"
"3,75 : 0.8983"
"75,3 : 0.8983"
"3,76 : 0.39"
"76,3 : 0.39"
"3,77 : 0.728"
"77,3 : 0.728"
"3,78 : 0.8006"
"78,3 : 0.8006"
"3,79 : 0.5852"
"79,3 : 0.5852"
"3,80 : 0.66"
"80,3 : 0.66"
"3,81 : 0.7916"
"81,3 : 0.7916"
"3,82 : 0.9577"
"82,3 : 0.9577"
"3,83 : 0.6901"
"83,3 : 0.6901"
"3,84 : 0.9254"
"84,3 : 0.9254"
"3,85 : 0.7338"
"85,3 : 0.7338"
"3,86 : 0.5263"
"86,3 : 0.5263"
"3,87 : 0.5544"
"87,3 : 0.5544"
"3,88 : 0.2247"
"88,3 : 0.2247"
"3,89 : 0.7852"
"89,3 : 0.7852"
"3,90 : 0.755"
"90,3 : 0.755"
"3,91 : 0.5604"
"91,3 : 0.5604"
"3,92 : 0.6213"
"92,3 : 0.6213"
"3,93 : 0.38"
"93,3 : 0.38"
"3,94 : 0.01"
"94,3 : 0.01"
"3,95 : 0.5873"
"95,3 : 0.5873"
"3,96 : 0.661"
"96,3 : 0.661"
"3,97 : 0.8367"
"97,3 : 0.8367"
"3,98 : 0.6778"
"98,3 : 0.6778"
"3,99 : 0.8868"
"99,3 : 0.8868"
"4,5 : 0.4374"
"5,4 : 0.4374"
"4,6 : 0.558"
"6,4 : 0.558"
"4,7 : 0.2195"
"7,4 : 0.2195"
"4,8 : 0.1965"
"8,4 : 0.1965"
"4,9 : 0.4238"
"9,4 : 0.4238"
"4,10 : 0.1281"
"10,4 : 0.1281"
"4,11 : 0.4045"
"11,4 : 0.4045"
"4,12 : 0.3401"
"12,4 : 0.3401"
"4,13 : 0.2731"
"13,4 : 0.2731"
"4,14 : 0.3189"
"14,4 : 0.3189"
"4,15 : 0.3081"
"15,4 : 0.3081"
"4,16 : 0.5197"
"16,4 : 0.5197"
"4,17 : 0.5622"
"17,4 : 0.5622"
"4,18 : 0.2786"
"18,4 : 0.2786"
"4,19 : 0.191"
"19,4 : 0.191"
"4,20 : 0.3353"
"20,4 : 0.3353"
"4,21 : 0.4597"
"21,4 : 0.4597"
"4,22 : 0.246"
"22,4 : 0.246"
"4,23 : 0.392"
"23,4 : 0.392"
"4,24 : 0.5515"
"24,4 : 0.5515"
"4,25 : 0.4742"
"25,4 : 0.4742"
"4,26 : 0.172"
"26,4 : 0.172"
"4,27 : 0.3406"
"27,4 : 0.3406"
"4,28 : 0.0539"
"28,4 : 0.0539"
"4,29 : 0.3606"
"29,4 : 0.3606"
"4,30 : 0.442"
"30,4 : 0.442"
"4,31 : 0.3689"
"31,4 : 0.3689"
"4,32 : 0.3716"
"32,4 : 0.3716"
"4,33 : 0.4022"
"33,4 : 0.4022"
"4,34 : 0.3705"
"34,4 : 0.3705"
"4,35 : 0.2408"
"35,4 : 0.2408"
"4,36 : 0.1965"
"36,4 : 0.1965"
"4,37 : 0.1253"
"37,4 : 0.1253"
"4,38 : 0.559"
"38,4 : 0.559"
"4,39 : 0.1131"
"39,4 : 0.1131"
"4,40 : 0.578"
"40,4 : 0.578"
"4,41 : 0.3002"
"41,4 : 0.3002"
"4,42 : 0.4327"
"42,4 : 0.4327"
"4,43 : 0.3059"
"43,4 : 0.3059"
"4,44 : 0.6021"
"44,4 : 0.6021"
"4,45 : 0.2059"
"45,4 : 0.2059"
"4,46 : 0.4597"
"46,4 : 0.4597"
"4,47 : 0.55"
"47,4 : 0.55"
"4,48 : 0.2902"
"48,4 : 0.2902"
"4,49 : 0.4885"
"49,4 : 0.4885"
"4,50 : 0.3722"
"50,4 : 0.3722"
"4,51 : 0.0943"
"51,4 : 0.0943"
"4,52 : 0.446"
"52,4 : 0.446"
"4,53 : 0.5111"
"53,4 : 0.5111"
"4,54 : 0.5743"
"54,4 : 0.5743"
"4,55 : 0.2802"
"55,4 : 0.2802"
"4,56 : 0.3202"
"56,4 : 0.3202"
"4,57 : 0.4342"
"57,4 : 0.4342"
"4,58 : 0.3329"
"58,4 : 0.3329"
"4,59 : 0.2717"
"59,4 : 0.2717"
"4,60 : 0.4201"
"60,4 : 0.4201"
"4,61 : 0.4245"
"61,4 : 0.4245"
"4,62 : 0.58"
"62,4 : 0.58"
"4,63 : 0.1253"
"63,4 : 0.1253"
"4,64 : 0.0762"
"64,4 : 0.0762"
"4,65 : 0.31"
"65,4 : 0.31"
"4,66 : 0.5345"
"66,4 : 0.5345"
"4,67 : 0.4123"
"67,4 : 0.4123"
"4,68 : 0.5391"
"68,4 : 0.5391"
"4,69 : 0.2746"
"69,4 : 0.2746"
"4,70 : 0.3413"
"70,4 : 0.3413"
"4,71 : 0.5048"
"71,4 : 0.5048"
"4,72 : 0.3501"
"72,4 : 0.3501"
"4,73 : 0.2081"
"73,4 : 0.2081"
"4,74 : 0.4804"
"74,4 : 0.4804"
"4,75 : 0.4332"
"75,4 : 0.4332"
"4,76 : 0.2563"
"76,4 : 0.2563"
"4,77 : 0.2236"
"77,4 : 0.2236"
"4,78 : 0.2729"
"78,4 : 0.2729"
"4,79 : 0.4177"
"79,4 : 0.4177"
"4,80 : 0.6378"
"80,4 : 0.6378"
"4,81 : 0.3636"
"81,4 : 0.3636"
"4,82 : 0.4219"
"82,4 : 0.4219"
"4,83 : 0.3114"
"83,4 : 0.3114"
"4,84 : 0.5561"
"84,4 : 0.5561"
"4,85 : 0.5099"
"85,4 : 0.5099"
"4,86 : 0.3712"
"86,4 : 0.3712"
"4,87 : 0.514"
"87,4 : 0.514"
"4,88 : 0.6021"
"88,4 : 0.6021"
"4,89 : 0.3132"
"89,4 : 0.3132"
"4,90 : 0.2751"
"90,4 : 0.2751"
"4,91 : 0.5604"
"91,4 : 0.5604"
"4,92 : 0.644"
"92,4 : 0.644"
"4,93 : 0.5"
"93,4 : 0.5"
"4,94 : 0.5412"
"94,4 : 0.5412"
"4,95 : 0.1676"
"95,4 : 0.1676"
"4,96 : 0.4649"
"96,4 : 0.4649"
"4,97 : 0.3008"
"97,4 : 0.3008"
"4,98 : 0.4528"
"98,4 : 0.4528"
"4,99 : 0.4206"
"99,4 : 0.4206"
"5,6 : 0.9266"
"6,5 : 0.9266"
"5,7 : 0.6485"
"7,5 : 0.6485"
"5,8 : 0.2419"
"8,5 : 0.2419"
"5,9 : 0.6537"
"9,5 : 0.6537"
"5,10 : 0.3506"
"10,5 : 0.3506"
"5,11 : 0.8302"
"11,5 : 0.8302"
"5,12 : 0.7752"
"12,5 : 0.7752"
"5,13 : 0.5661"
"13,5 : 0.5661"
"5,14 : 0.6597"
"14,5 : 0.6597"
"5,15 : 0.4219"
"15,5 : 0.4219"
"5,16 : 0.1811"
"16,5 : 0.1811"
"5,17 : 0.3688"
"17,5 : 0.3688"
"5,18 : 0.4738"
"18,5 : 0.4738"
"5,19 : 0.2474"
"19,5 : 0.2474"
"5,20 : 0.7503"
"20,5 : 0.7503"
"5,21 : 0.2731"
"21,5 : 0.2731"
"5,22 : 0.3493"
"22,5 : 0.3493"
"5,23 : 0.7752"
"23,5 : 0.7752"
"5,24 : 0.9451"
"24,5 : 0.9451"
"5,25 : 0.28"
"25,5 : 0.28"
"5,26 : 0.5738"
"26,5 : 0.5738"
"5,27 : 0.7723"
"27,5 : 0.7723"
"5,28 : 0.4301"
"28,5 : 0.4301"
"5,29 : 0.4965"
"29,5 : 0.4965"
"5,30 : 0.7503"
"30,5 : 0.7503"
"5,31 : 0.7912"
"31,5 : 0.7912"
"5,32 : 0.114"
"32,5 : 0.114"
"5,33 : 0.4562"
"33,5 : 0.4562"
"5,34 : 0.0849"
"34,5 : 0.0849"
"5,35 : 0.5984"
"35,5 : 0.5984"
"5,36 : 0.2729"
"36,5 : 0.2729"
"5,37 : 0.5255"
"37,5 : 0.5255"
"5,38 : 0.3007"
"38,5 : 0.3007"
"5,39 : 0.35"
"39,5 : 0.35"
"5,40 : 0.8676"
"40,5 : 0.8676"
"5,41 : 0.7355"
"41,5 : 0.7355"
"5,42 : 0.4793"
"42,5 : 0.4793"
"5,43 : 0.7303"
"43,5 : 0.7303"
"5,44 : 0.9848"
"44,5 : 0.9848"
"5,45 : 0.6103"
"45,5 : 0.6103"
"5,46 : 0.7906"
"46,5 : 0.7906"
"5,47 : 0.2502"
"47,5 : 0.2502"
"5,48 : 0.4696"
"48,5 : 0.4696"
"5,49 : 0.1118"
"49,5 : 0.1118"
"5,50 : 0.4665"
"50,5 : 0.4665"
"5,51 : 0.38"
"51,5 : 0.38"
"5,52 : 0.8373"
"52,5 : 0.8373"
"5,53 : 0.1803"
"53,5 : 0.1803"
"5,54 : 0.4119"
"54,5 : 0.4119"
"5,55 : 0.1749"
"55,5 : 0.1749"
"5,56 : 0.524"
"56,5 : 0.524"
"5,57 : 0.3053"
"57,5 : 0.3053"
"5,58 : 0.3002"
"58,5 : 0.3002"
"5,59 : 0.7018"
"59,5 : 0.7018"
"5,60 : 0.8026"
"60,5 : 0.8026"
"5,61 : 0.7558"
"61,5 : 0.7558"
"5,62 : 0.3202"
"62,5 : 0.3202"
"5,63 : 0.4159"
"63,5 : 0.4159"
"5,64 : 0.512"
"64,5 : 0.512"
"5,65 : 0.7443"
"65,5 : 0.7443"
"5,66 : 0.253"
"66,5 : 0.253"
"5,67 : 0.4346"
"67,5 : 0.4346"
"5,68 : 0.2707"
"68,5 : 0.2707"
"5,69 : 0.2119"
"69,5 : 0.2119"
"5,70 : 0.2953"
"70,5 : 0.2953"
"5,71 : 0.3601"
"71,5 : 0.3601"
"5,72 : 0.1204"
"72,5 : 0.1204"
"5,73 : 0.328"
"73,5 : 0.328"
"5,74 : 0.7184"
"74,5 : 0.7184"
"5,75 : 0.7517"
"75,5 : 0.7517"
"5,76 : 0.3758"
"76,5 : 0.3758"
"5,77 : 0.5994"
"77,5 : 0.5994"
"5,78 : 0.7102"
"78,5 : 0.7102"
"5,79 : 0.4179"
"79,5 : 0.4179"
"5,80 : 0.5025"
"80,5 : 0.5025"
"5,81 : 0.7481"
"81,5 : 0.7481"
"5,82 : 0.845"
"82,5 : 0.845"
"5,83 : 0.6573"
"83,5 : 0.6573"
"5,84 : 0.908"
"84,5 : 0.908"
"5,85 : 0.7529"
"85,5 : 0.7529"
"5,86 : 0.5438"
"86,5 : 0.5438"
"5,87 : 0.3905"
"87,5 : 0.3905"
"5,88 : 0.3712"
"88,5 : 0.3712"
"5,89 : 0.644"
"89,5 : 0.644"
"5,90 : 0.6901"
"90,5 : 0.6901"
"5,91 : 0.4011"
"91,5 : 0.4011"
"5,92 : 0.4687"
"92,5 : 0.4687"
"5,93 : 0.2256"
"93,5 : 0.2256"
"5,94 : 0.1772"
"94,5 : 0.1772"
"5,95 : 0.4494"
"95,5 : 0.4494"
"5,96 : 0.6826"
"96,5 : 0.6826"
"5,97 : 0.735"
"97,5 : 0.735"
"5,98 : 0.5108"
"98,5 : 0.5108"
"5,99 : 0.8315"
"99,5 : 0.8315"
"6,7 : 0.3677"
"7,6 : 0.3677"
"6,8 : 0.7214"
"8,6 : 0.7214"
"6,9 : 0.871"
"9,6 : 0.871"
"6,10 : 0.686"
"10,6 : 0.686"
"6,11 : 0.5148"
"11,6 : 0.5148"
"6,12 : 0.4401"
"12,6 : 0.4401"
"6,13 : 0.7338"
"13,6 : 0.7338"
"6,14 : 0.7004"
"14,6 : 0.7004"
"6,15 : 0.85"
"15,6 : 0.85"
"6,16 : 1.0548"
"16,6 : 1.0548"
"6,17 : 1.12"
"17,6 : 1.12"
"6,18 : 0.4701"
"18,6 : 0.4701"
"6,19 : 0.7009"
"19,6 : 0.7009"
"6,20 : 0.5501"
"20,6 : 0.5501"
"6,21 : 1.0153"
"21,6 : 1.0153"
"6,22 : 0.8016"
"22,6 : 0.8016"
"6,23 : 0.1664"
"23,6 : 0.1664"
"6,24 : 0.0849"
"24,6 : 0.0849"
"6,25 : 0.8001"
"25,6 : 0.8001"
"6,26 : 0.386"
"26,6 : 0.386"
"6,27 : 0.4701"
"27,6 : 0.4701"
"6,28 : 0.5315"
"28,6 : 0.5315"
"6,29 : 0.8824"
"29,6 : 0.8824"
"6,30 : 0.8022"
"30,6 : 0.8022"
"6,31 : 0.2508"
"31,6 : 0.2508"
"6,32 : 0.8994"
"32,6 : 0.8994"
"6,33 : 0.5727"
"33,6 : 0.5727"
"6,34 : 0.8431"
"34,6 : 0.8431"
"6,35 : 0.6525"
"35,6 : 0.6525"
"6,36 : 0.656"
"36,6 : 0.656"
"6,37 : 0.4342"
"37,6 : 0.4342"
"6,38 : 1.112"
"38,6 : 1.112"
"6,39 : 0.6701"
"39,6 : 0.6701"
"6,40 : 0.9102"
"40,6 : 0.9102"
"6,41 : 0.441"
"41,6 : 0.441"
"6,42 : 0.5771"
"42,6 : 0.5771"
"6,43 : 0.5109"
"43,6 : 0.5109"
"6,44 : 0.07"
"44,6 : 0.07"
"6,45 : 0.5701"
"45,6 : 0.5701"
"6,46 : 0.7801"
"46,6 : 0.7801"
"6,47 : 1.096"
"47,6 : 1.096"
"6,48 : 0.8144"
"48,6 : 0.8144"
"6,49 : 1.009"
"49,6 : 1.009"
"6,50 : 0.536"
"50,6 : 0.536"
"6,51 : 0.6522"
"51,6 : 0.6522"
"6,52 : 0.1237"
"52,6 : 0.1237"
"6,53 : 1.0474"
"53,6 : 1.0474"
"6,54 : 0.8089"
"54,6 : 0.8089"
"6,55 : 0.7521"
"55,6 : 0.7521"
"6,56 : 0.4332"
"56,6 : 0.4332"
"6,57 : 0.992"
"57,6 : 0.992"
"6,58 : 0.6671"
"58,6 : 0.6671"
"6,59 : 0.4837"
"59,6 : 0.4837"
"6,60 : 0.1389"
"60,6 : 0.1389"
"6,61 : 0.7611"
"61,6 : 0.7611"
"6,62 : 1.1336"
"62,6 : 1.1336"
"6,63 : 0.5174"
"63,6 : 0.5174"
"6,64 : 0.494"
"64,6 : 0.494"
"6,65 : 0.4504"
"65,6 : 0.4504"
"6,66 : 0.8887"
"66,6 : 0.8887"
"6,67 : 0.6042"
"67,6 : 0.6042"
"6,68 : 1.0898"
"68,6 : 1.0898"
"6,69 : 0.8207"
"69,6 : 0.8207"
"6,70 : 0.6762"
"70,6 : 0.6762"
"6,71 : 0.769"
"71,6 : 0.769"
"6,72 : 0.8099"
"72,6 : 0.8099"
"6,73 : 0.5991"
"73,6 : 0.5991"
"6,74 : 0.3114"
"74,6 : 0.3114"
"6,75 : 0.1942"
"75,6 : 0.1942"
"6,76 : 0.8078"
"76,6 : 0.8078"
"6,77 : 0.3397"
"77,6 : 0.3397"
"6,78 : 0.4144"
"78,6 : 0.4144"
"6,79 : 0.6259"
"79,6 : 0.6259"
"6,80 : 0.8106"
"80,6 : 0.8106"
"6,81 : 0.6403"
"81,6 : 0.6403"
"6,82 : 0.2319"
"82,6 : 0.2319"
"6,83 : 0.6905"
"83,6 : 0.6905"
"6,84 : 0.7976"
"84,6 : 0.7976"
"6,85 : 0.9166"
"85,6 : 0.9166"
"6,86 : 0.8732"
"86,6 : 0.8732"
"6,87 : 0.7531"
"87,6 : 0.7531"
"6,88 : 1.1588"
"88,6 : 1.1588"
"6,89 : 0.283"
"89,6 : 0.283"
"6,90 : 0.5445"
"90,6 : 0.5445"
"6,91 : 0.8006"
"91,6 : 0.8006"
"6,92 : 0.8529"
"92,6 : 0.8529"
"6,93 : 0.8673"
"93,6 : 0.8673"
"6,94 : 1.0706"
"94,6 : 1.0706"
"6,95 : 0.478"
"95,6 : 0.478"
"6,96 : 0.908"
"96,6 : 0.908"
"6,97 : 0.3437"
"97,6 : 0.3437"
"6,98 : 0.5632"
"98,6 : 0.5632"
"6,99 : 0.5842"
"99,6 : 0.5842"
"7,8 : 0.4123"
"8,7 : 0.4123"
"7,9 : 0.5124"
"9,7 : 0.5124"
"7,10 : 0.3421"
"10,7 : 0.3421"
"7,11 : 0.2702"
"11,7 : 0.2702"
"7,12 : 0.1803"
"12,7 : 0.1803"
"7,13 : 0.3688"
"13,7 : 0.3688"
"7,14 : 0.3506"
"14,7 : 0.3506"
"7,15 : 0.4855"
"15,7 : 0.4855"
"7,16 : 0.7393"
"16,7 : 0.7393"
"7,17 : 0.7708"
"17,7 : 0.7708"
"7,18 : 0.3265"
"18,7 : 0.3265"
"7,19 : 0.4016"
"19,7 : 0.4016"
"7,20 : 0.247"
"20,7 : 0.247"
"7,21 : 0.6736"
"21,7 : 0.6736"
"7,22 : 0.446"
"22,7 : 0.446"
"7,23 : 0.2062"
"23,7 : 0.2062"
"7,24 : 0.3441"
"24,7 : 0.3441"
"7,25 : 0.6265"
"25,7 : 0.6265"
"7,26 : 0.0949"
"26,7 : 0.0949"
"7,27 : 0.1985"
"27,7 : 0.1985"
"7,28 : 0.2184"
"28,7 : 0.2184"
"7,29 : 0.5148"
"29,7 : 0.5148"
"7,30 : 0.4669"
"30,7 : 0.4669"
"7,31 : 0.15"
"31,7 : 0.15"
"7,32 : 0.5903"
"32,7 : 0.5903"
"7,33 : 0.4741"
"33,7 : 0.4741"
"7,34 : 0.5749"
"34,7 : 0.5749"
"7,35 : 0.2915"
"35,7 : 0.2915"
"7,36 : 0.3847"
"36,7 : 0.3847"
"7,37 : 0.13"
"37,7 : 0.13"
"7,38 : 0.7747"
"38,7 : 0.7747"
"7,39 : 0.3302"
"39,7 : 0.3302"
"7,40 : 0.592"
"40,7 : 0.592"
"7,41 : 0.1487"
"41,7 : 0.1487"
"7,42 : 0.4974"
"42,7 : 0.4974"
"7,43 : 0.2025"
"43,7 : 0.2025"
"7,44 : 0.3996"
"44,7 : 0.3996"
"7,45 : 0.2102"
"45,7 : 0.2102"
"7,46 : 0.4588"
"46,7 : 0.4588"
"7,47 : 0.7684"
"47,7 : 0.7684"
"7,48 : 0.4472"
"48,7 : 0.4472"
"7,49 : 0.7068"
"49,7 : 0.7068"
"7,50 : 0.4342"
"50,7 : 0.4342"
"7,51 : 0.3061"
"51,7 : 0.3061"
"7,52 : 0.246"
"52,7 : 0.246"
"7,53 : 0.7306"
"53,7 : 0.7306"
"7,54 : 0.6957"
"54,7 : 0.6957"
"7,55 : 0.4805"
"55,7 : 0.4805"
"7,56 : 0.336"
"56,7 : 0.336"
"7,57 : 0.6435"
"57,7 : 0.6435"
"7,58 : 0.4752"
"58,7 : 0.4752"
"7,59 : 0.1612"
"59,7 : 0.1612"
"7,60 : 0.2309"
"60,7 : 0.2309"
"7,61 : 0.4317"
"61,7 : 0.4317"
"7,62 : 0.7951"
"62,7 : 0.7951"
"7,63 : 0.25"
"63,7 : 0.25"
"7,64 : 0.1442"
"64,7 : 0.1442"
"7,65 : 0.1628"
"65,7 : 0.1628"
"7,66 : 0.7018"
"66,7 : 0.7018"
"7,67 : 0.4966"
"67,7 : 0.4966"
"7,68 : 0.756"
"68,7 : 0.756"
"7,69 : 0.494"
"69,7 : 0.494"
"7,70 : 0.4851"
"70,7 : 0.4851"
"7,71 : 0.6332"
"71,7 : 0.6332"
"7,72 : 0.5492"
"72,7 : 0.5492"
"7,73 : 0.3601"
"73,7 : 0.3601"
"7,74 : 0.4072"
"74,7 : 0.4072"
"7,75 : 0.3041"
"75,7 : 0.3041"
"7,76 : 0.4482"
"76,7 : 0.4482"
"7,77 : 0.1273"
"77,7 : 0.1273"
"7,78 : 0.1063"
"78,7 : 0.1063"
"7,79 : 0.5108"
"79,7 : 0.5108"
"7,80 : 0.7382"
"80,7 : 0.7382"
"7,81 : 0.3231"
"81,7 : 0.3231"
"7,82 : 0.2025"
"82,7 : 0.2025"
"7,83 : 0.3406"
"83,7 : 0.3406"
"7,84 : 0.5148"
"84,7 : 0.5148"
"7,85 : 0.5708"
"85,7 : 0.5708"
"7,86 : 0.506"
"86,7 : 0.506"
"7,87 : 0.6325"
"87,7 : 0.6325"
"7,88 : 0.8134"
"88,7 : 0.8134"
"7,89 : 0.2147"
"89,7 : 0.2147"
"7,90 : 0.2119"
"90,7 : 0.2119"
"7,91 : 0.6831"
"91,7 : 0.6831"
"7,92 : 0.7596"
"92,7 : 0.7596"
"7,93 : 0.6707"
"93,7 : 0.6707"
"7,94 : 0.7606"
"94,7 : 0.7606"
"7,95 : 0.2452"
"95,7 : 0.2452"
"7,96 : 0.5515"
"96,7 : 0.5515"
"7,97 : 0.09"
"97,7 : 0.09"
"7,98 : 0.5048"
"98,7 : 0.5048"
"7,99 : 0.3189"
"99,7 : 0.3189"
"8,9 : 0.481"
"9,8 : 0.481"
"8,10 : 0.1208"
"10,8 : 0.1208"
"8,11 : 0.5901"
"11,8 : 0.5901"
"8,12 : 0.5334"
"12,8 : 0.5334"
"8,13 : 0.3606"
"13,8 : 0.3606"
"8,14 : 0.4428"
"14,8 : 0.4428"
"8,15 : 0.2773"
"15,8 : 0.2773"
"8,16 : 0.3342"
"16,8 : 0.3342"
"8,17 : 0.4215"
"17,8 : 0.4215"
"8,18 : 0.3228"
"18,8 : 0.3228"
"8,19 : 0.03"
"19,8 : 0.03"
"8,20 : 0.5124"
"20,8 : 0.5124"
"8,21 : 0.3087"
"21,8 : 0.3087"
"8,22 : 0.1879"
"22,8 : 0.1879"
"8,23 : 0.5608"
"23,8 : 0.5608"
"8,24 : 0.728"
"24,8 : 0.728"
"8,25 : 0.3466"
"25,8 : 0.3466"
"8,26 : 0.3467"
"26,8 : 0.3467"
"8,27 : 0.5308"
"27,8 : 0.5308"
"8,28 : 0.1972"
"28,8 : 0.1972"
"8,29 : 0.3536"
"29,8 : 0.3536"
"8,30 : 0.5492"
"30,8 : 0.5492"
"8,31 : 0.559"
"31,8 : 0.559"
"8,32 : 0.1803"
"32,8 : 0.1803"
"8,33 : 0.3821"
"33,8 : 0.3821"
"8,34 : 0.1825"
"34,8 : 0.1825"
"8,35 : 0.3734"
"35,8 : 0.3734"
"8,36 : 0.1"
"36,8 : 0.1"
"8,37 : 0.2968"
"37,8 : 0.2968"
"8,38 : 0.3966"
"38,8 : 0.3966"
"8,39 : 0.114"
"39,8 : 0.114"
"8,40 : 0.678"
"40,8 : 0.678"
"8,41 : 0.4937"
"41,8 : 0.4937"
"8,42 : 0.413"
"42,8 : 0.413"
"8,43 : 0.4901"
"43,8 : 0.4901"
"8,44 : 0.7734"
"44,8 : 0.7734"
"8,45 : 0.3734"
"45,8 : 0.3734"
"8,46 : 0.5818"
"46,8 : 0.5818"
"8,47 : 0.3754"
"47,8 : 0.3754"
"8,48 : 0.3"
"48,8 : 0.3"
"8,49 : 0.2953"
"49,8 : 0.2953"
"8,50 : 0.37"
"50,8 : 0.37"
"8,51 : 0.1432"
"51,8 : 0.1432"
"8,52 : 0.6201"
"52,8 : 0.6201"
"8,53 : 0.3265"
"53,8 : 0.3265"
"8,54 : 0.472"
"54,8 : 0.472"
"8,55 : 0.1082"
"55,8 : 0.1082"
"8,56 : 0.3764"
"56,8 : 0.3764"
"8,57 : 0.3008"
"57,8 : 0.3008"
"8,58 : 0.247"
"58,8 : 0.247"
"8,59 : 0.4604"
"59,8 : 0.4604"
"8,60 : 0.589"
"60,8 : 0.589"
"8,61 : 0.5459"
"61,8 : 0.5459"
"8,62 : 0.4188"
"62,8 : 0.4188"
"8,63 : 0.2062"
"63,8 : 0.2062"
"8,64 : 0.272"
"64,8 : 0.272"
"8,65 : 0.5025"
"65,8 : 0.5025"
"8,66 : 0.3828"
"66,8 : 0.3828"
"8,67 : 0.3766"
"67,8 : 0.3766"
"8,68 : 0.372"
"68,8 : 0.372"
"8,69 : 0.1077"
"69,8 : 0.1077"
"8,70 : 0.2508"
"70,8 : 0.2508"
"8,71 : 0.4022"
"71,8 : 0.4022"
"8,72 : 0.1709"
"72,8 : 0.1709"
"8,73 : 0.1712"
"73,8 : 0.1712"
"8,74 : 0.5701"
"74,8 : 0.5701"
"8,75 : 0.5661"
"75,8 : 0.5661"
"8,76 : 0.2147"
"76,8 : 0.2147"
"8,77 : 0.3829"
"77,8 : 0.3829"
"8,78 : 0.4687"
"78,8 : 0.4687"
"8,79 : 0.3711"
"79,8 : 0.3711"
"8,80 : 0.5523"
"80,8 : 0.5523"
"8,81 : 0.5192"
"81,8 : 0.5192"
"8,82 : 0.6127"
"82,8 : 0.6127"
"8,83 : 0.4386"
"83,8 : 0.4386"
"8,84 : 0.6935"
"84,8 : 0.6935"
"8,85 : 0.5798"
"85,8 : 0.5798"
"8,86 : 0.3883"
"86,8 : 0.3883"
"8,87 : 0.4219"
"87,8 : 0.4219"
"8,88 : 0.4518"
"88,8 : 0.4518"
"8,89 : 0.4482"
"89,8 : 0.4482"
"8,90 : 0.4518"
"90,8 : 0.4518"
"8,91 : 0.458"
"91,8 : 0.458"
"8,92 : 0.542"
"92,8 : 0.542"
"8,93 : 0.3467"
"93,8 : 0.3467"
"8,94 : 0.3523"
"94,8 : 0.3523"
"8,95 : 0.2524"
"95,8 : 0.2524"
"8,96 : 0.5174"
"96,8 : 0.5174"
"8,97 : 0.4965"
"97,8 : 0.4965"
"8,98 : 0.4418"
"98,8 : 0.4418"
"8,99 : 0.5954"
"99,8 : 0.5954"
"9,10 : 0.372"
"10,9 : 0.372"
"9,11 : 0.428"
"11,9 : 0.428"
"9,12 : 0.4562"
"12,9 : 0.4562"
"9,13 : 0.153"
"13,9 : 0.153"
"9,14 : 0.1746"
"14,9 : 0.1746"
"9,15 : 0.2326"
"15,9 : 0.2326"
"9,16 : 0.6064"
"16,9 : 0.6064"
"9,17 : 0.4916"
"17,9 : 0.4916"
"9,18 : 0.7023"
"18,9 : 0.7023"
"9,19 : 0.5033"
"19,9 : 0.5033"
"9,20 : 0.3499"
"20,9 : 0.3499"
"9,21 : 0.4653"
"21,9 : 0.4653"
"9,22 : 0.3081"
"22,9 : 0.3081"
"9,23 : 0.717"
"23,9 : 0.717"
"9,24 : 0.8286"
"24,9 : 0.8286"
"9,25 : 0.8276"
"25,9 : 0.8276"
"9,26 : 0.5415"
"26,9 : 0.5415"
"9,27 : 0.4294"
"27,9 : 0.4294"
"9,28 : 0.4776"
"28,9 : 0.4776"
"9,29 : 0.1649"
"29,9 : 0.1649"
"9,30 : 0.1393"
"30,9 : 0.1393"
"9,31 : 0.6236"
"31,9 : 0.6236"
"9,32 : 0.5412"
"32,9 : 0.5412"
"9,33 : 0.8184"
"33,9 : 0.8184"
"9,34 : 0.636"
"34,9 : 0.636"
"9,35 : 0.2209"
"35,9 : 0.2209"
"9,36 : 0.558"
"36,9 : 0.558"
"9,37 : 0.5162"
"37,9 : 0.5162"
"9,38 : 0.5504"
"38,9 : 0.5504"
"9,39 : 0.3883"
"39,9 : 0.3883"
"9,40 : 0.2184"
"40,9 : 0.2184"
"9,41 : 0.4401"
"41,9 : 0.4401"
"9,42 : 0.8497"
"42,9 : 0.8497"
"9,43 : 0.3758"
"43,9 : 0.3758"
"9,44 : 0.8889"
"44,9 : 0.8889"
"9,45 : 0.3027"
"45,9 : 0.3027"
"9,46 : 0.1931"
"46,9 : 0.1931"
"9,47 : 0.5842"
"47,9 : 0.5842"
"9,48 : 0.186"
"48,9 : 0.186"
"9,49 : 0.6263"
"49,9 : 0.6263"
"9,50 : 0.792"
"50,9 : 0.792"
"9,51 : 0.3722"
"51,9 : 0.3722"
"9,52 : 0.7473"
"52,9 : 0.7473"
"9,53 : 0.5967"
"53,9 : 0.5967"
"9,54 : 0.9513"
"54,9 : 0.9513"
"9,55 : 0.5869"
"55,9 : 0.5869"
"9,56 : 0.7433"
"56,9 : 0.7433"
"9,57 : 0.4144"
"57,9 : 0.4144"
"9,58 : 0.7161"
"58,9 : 0.7161"
"9,59 : 0.3922"
"59,9 : 0.3922"
"9,60 : 0.7398"
"60,9 : 0.7398"
"9,61 : 0.1749"
"61,9 : 0.1749"
"9,62 : 0.56"
"62,9 : 0.56"
"9,63 : 0.5478"
"63,9 : 0.5478"
"9,64 : 0.4357"
"64,9 : 0.4357"
"9,65 : 0.4346"
"65,9 : 0.4346"
"9,66 : 0.858"
"66,9 : 0.858"
"9,67 : 0.8237"
"67,9 : 0.8237"
"9,68 : 0.5523"
"68,9 : 0.5523"
"9,69 : 0.4465"
"69,9 : 0.4465"
"9,70 : 0.722"
"70,9 : 0.722"
"9,71 : 0.8809"
"71,9 : 0.8809"
"9,72 : 0.6389"
"72,9 : 0.6389"
"9,73 : 0.6054"
"73,9 : 0.6054"
"9,74 : 0.8881"
"74,9 : 0.8881"
"9,75 : 0.81"
"75,9 : 0.81"
"9,76 : 0.2802"
"76,9 : 0.2802"
"9,77 : 0.6013"
"77,9 : 0.6013"
"9,78 : 0.4588"
"78,9 : 0.4588"
"9,79 : 0.8249"
"79,9 : 0.8249"
"9,80 : 1.028"
"80,9 : 1.028"
"9,81 : 0.2702"
"81,9 : 0.2702"
"9,82 : 0.6579"
"82,9 : 0.6579"
"9,83 : 0.1838"
"83,9 : 0.1838"
"9,84 : 0.3059"
"84,9 : 0.3059"
"9,85 : 0.1"
"85,9 : 0.1"
"9,86 : 0.114"
"86,9 : 0.114"
"9,87 : 0.8981"
"87,9 : 0.8981"
"9,88 : 0.5423"
"88,9 : 0.5423"
"9,89 : 0.7018"
"89,9 : 0.7018"
"9,90 : 0.3324"
"90,9 : 0.3324"
"9,91 : 0.9372"
"91,9 : 0.9372"
"9,92 : 1.0218"
"92,9 : 1.0218"
"9,93 : 0.8222"
"93,9 : 0.8222"
"9,94 : 0.6379"
"94,9 : 0.6379"
"9,95 : 0.5914"
"95,9 : 0.5914"
"9,96 : 0.0412"
"96,9 : 0.0412"
"9,97 : 0.5289"
"97,9 : 0.5289"
"9,98 : 0.8724"
"98,9 : 0.8724"
"9,99 : 0.3748"
"99,9 : 0.3748"
"10,11 : 0.4817"
"11,10 : 0.4817"
"10,12 : 0.4342"
"12,10 : 0.4342"
"10,13 : 0.2421"
"13,10 : 0.2421"
"10,14 : 0.322"
"14,10 : 0.322"
"10,15 : 0.2002"
"15,10 : 0.2002"
"10,16 : 0.4031"
"16,10 : 0.4031"
"10,17 : 0.4342"
"17,10 : 0.4342"
"10,18 : 0.3606"
"18,10 : 0.3606"
"10,19 : 0.136"
"19,10 : 0.136"
"10,20 : 0.4"
"20,10 : 0.4"
"10,21 : 0.3324"
"21,10 : 0.3324"
"10,22 : 0.1237"
"22,10 : 0.1237"
"10,23 : 0.5201"
"23,10 : 0.5201"
"10,24 : 0.679"
"24,10 : 0.679"
"10,25 : 0.461"
"25,10 : 0.461"
"10,26 : 0.3"
"26,10 : 0.3"
"10,27 : 0.4276"
"27,10 : 0.4276"
"10,28 : 0.1616"
"28,10 : 0.1616"
"10,29 : 0.2668"
"29,10 : 0.2668"
"10,30 : 0.4301"
"30,10 : 0.4301"
"10,31 : 0.492"
"31,10 : 0.492"
"10,32 : 0.2648"
"32,10 : 0.2648"
"10,33 : 0.4554"
"33,10 : 0.4554"
"10,34 : 0.3008"
"34,10 : 0.3008"
"10,35 : 0.253"
"35,10 : 0.253"
"10,36 : 0.186"
"36,10 : 0.186"
"10,37 : 0.2524"
"37,10 : 0.2524"
"10,38 : 0.4328"
"38,10 : 0.4328"
"10,39 : 0.02"
"39,10 : 0.02"
"10,40 : 0.5608"
"40,10 : 0.5608"
"10,41 : 0.3956"
"41,10 : 0.3956"
"10,42 : 0.487"
"42,10 : 0.487"
"10,43 : 0.3821"
"43,10 : 0.3821"
"10,44 : 0.73"
"44,10 : 0.73"
"10,45 : 0.26"
"45,10 : 0.26"
"10,46 : 0.4614"
"46,10 : 0.4614"
"10,47 : 0.4272"
"47,10 : 0.4272"
"10,48 : 0.2025"
"48,10 : 0.2025"
"10,49 : 0.3808"
"49,10 : 0.3808"
"10,50 : 0.4342"
"50,10 : 0.4342"
"10,51 : 0.0361"
"51,10 : 0.0361"
"10,52 : 0.5738"
"52,10 : 0.5738"
"10,53 : 0.394"
"53,10 : 0.394"
"10,54 : 0.5805"
"54,10 : 0.5805"
"10,55 : 0.2283"
"55,10 : 0.2283"
"10,56 : 0.41"
"56,10 : 0.41"
"10,57 : 0.3061"
"57,10 : 0.3061"
"10,58 : 0.3441"
"58,10 : 0.3441"
"10,59 : 0.3569"
"59,10 : 0.3569"
"10,60 : 0.5482"
"60,10 : 0.5482"
"10,61 : 0.4254"
"61,10 : 0.4254"
"10,62 : 0.4534"
"62,10 : 0.4534"
"10,63 : 0.211"
"63,10 : 0.211"
"10,64 : 0.1985"
"64,10 : 0.1985"
"10,65 : 0.4026"
"65,10 : 0.4026"
"10,66 : 0.5025"
"66,10 : 0.5025"
"10,67 : 0.4569"
"67,10 : 0.4569"
"10,68 : 0.414"
"68,10 : 0.414"
"10,69 : 0.1581"
"69,10 : 0.1581"
"10,70 : 0.35"
"70,10 : 0.35"
"10,71 : 0.5099"
"71,10 : 0.5099"
"10,72 : 0.2915"
"72,10 : 0.2915"
"10,73 : 0.2377"
"73,10 : 0.2377"
"10,74 : 0.5886"
"74,10 : 0.5886"
"10,75 : 0.5554"
"75,10 : 0.5554"
"10,76 : 0.1404"
"76,10 : 0.1404"
"10,77 : 0.3499"
"77,10 : 0.3499"
"10,78 : 0.377"
"78,10 : 0.377"
"10,79 : 0.4562"
"79,10 : 0.4562"
"10,80 : 0.656"
"80,10 : 0.656"
"10,81 : 0.4002"
"81,10 : 0.4002"
"10,82 : 0.5441"
"82,10 : 0.5441"
"10,83 : 0.3178"
"83,10 : 0.3178"
"10,84 : 0.5727"
"84,10 : 0.5727"
"10,85 : 0.4686"
"85,10 : 0.4686"
"10,86 : 0.2915"
"86,10 : 0.2915"
"10,87 : 0.5263"
"87,10 : 0.5263"
"10,88 : 0.4742"
"88,10 : 0.4742"
"10,89 : 0.4346"
"89,10 : 0.4346"
"10,90 : 0.3401"
"90,10 : 0.3401"
"10,91 : 0.5664"
"91,10 : 0.5664"
"10,92 : 0.6512"
"92,10 : 0.6512"
"10,93 : 0.4665"
"93,10 : 0.4665"
"10,94 : 0.4272"
"94,10 : 0.4272"
"10,95 : 0.2617"
"95,10 : 0.2617"
"10,96 : 0.4105"
"96,10 : 0.4105"
"10,97 : 0.4168"
"97,10 : 0.4168"
"10,98 : 0.5124"
"98,10 : 0.5124"
"10,99 : 0.4809"
"99,10 : 0.4809"
"11,12 : 0.0922"
"12,11 : 0.0922"
"11,13 : 0.3467"
"13,11 : 0.3467"
"11,14 : 0.2617"
"14,11 : 0.2617"
"11,15 : 0.5277"
"15,11 : 0.5277"
"11,16 : 0.8732"
"16,11 : 0.8732"
"11,17 : 0.8408"
"17,11 : 0.8408"
"11,18 : 0.5936"
"18,11 : 0.5936"
"11,19 : 0.5914"
"19,11 : 0.5914"
"11,20 : 0.0894"
"20,11 : 0.0894"
"11,21 : 0.769"
"21,11 : 0.769"
"11,22 : 0.5345"
"22,11 : 0.5345"
"11,23 : 0.4031"
"23,11 : 0.4031"
"11,24 : 0.4501"
"24,11 : 0.4501"
"11,25 : 0.8698"
"25,11 : 0.8698"
"11,26 : 0.3606"
"26,11 : 0.3606"
"11,27 : 0.0721"
"27,11 : 0.0721"
"11,28 : 0.4342"
"28,11 : 0.4342"
"11,29 : 0.5161"
"29,11 : 0.5161"
"11,30 : 0.3178"
"30,11 : 0.3178"
"11,31 : 0.2751"
"31,11 : 0.2751"
"11,32 : 0.7455"
"32,11 : 0.7455"
"11,33 : 0.7409"
"33,11 : 0.7409"
"11,34 : 0.771"
"34,11 : 0.771"
"11,35 : 0.2683"
"35,11 : 0.2683"
"11,36 : 0.6002"
"36,11 : 0.6002"
"11,37 : 0.3801"
"37,11 : 0.3801"
"11,38 : 0.8709"
"38,11 : 0.8709"
"11,39 : 0.4804"
"39,11 : 0.4804"
"11,40 : 0.4031"
"40,11 : 0.4031"
"11,41 : 0.1221"
"41,11 : 0.1221"
"11,42 : 0.7655"
"42,11 : 0.7655"
"11,43 : 0.1"
"43,11 : 0.1"
"11,44 : 0.51"
"44,11 : 0.51"
"11,45 : 0.2236"
"45,11 : 0.2236"
"11,46 : 0.2816"
"46,11 : 0.2816"
"11,47 : 0.8823"
"47,11 : 0.8823"
"11,48 : 0.4701"
"48,11 : 0.4701"
"11,49 : 0.8599"
"49,11 : 0.8599"
"11,50 : 0.7018"
"50,11 : 0.7018"
"11,51 : 0.4504"
"51,11 : 0.4504"
"11,52 : 0.4026"
"52,11 : 0.4026"
"11,53 : 0.8635"
"53,11 : 0.8635"
"11,54 : 0.9534"
"54,11 : 0.9534"
"11,55 : 0.6836"
"55,11 : 0.6836"
"11,56 : 0.6061"
"56,11 : 0.6061"
"11,57 : 0.7262"
"57,11 : 0.7262"
"11,58 : 0.7211"
"58,11 : 0.7211"
"11,59 : 0.1334"
"59,11 : 0.1334"
"11,60 : 0.4144"
"60,11 : 0.4144"
"11,61 : 0.2731"
"61,11 : 0.2731"
"11,62 : 0.8877"
"62,11 : 0.8877"
"11,63 : 0.4904"
"63,11 : 0.4904"
"11,64 : 0.3421"
"64,11 : 0.3421"
"11,65 : 0.1082"
"65,11 : 0.1082"
"11,66 : 0.9362"
"66,11 : 0.9362"
"11,67 : 0.7616"
"67,11 : 0.7616"
"11,68 : 0.8603"
"68,11 : 0.8603"
"11,69 : 0.6364"
"69,11 : 0.6364"
"11,70 : 0.7305"
"70,11 : 0.7305"
"11,71 : 0.8877"
"71,11 : 0.8877"
"11,72 : 0.7533"
"72,11 : 0.7533"
"11,73 : 0.5977"
"73,11 : 0.5977"
"11,74 : 0.6603"
"74,11 : 0.6603"
"11,75 : 0.5371"
"75,11 : 0.5371"
"11,76 : 0.522"
"76,11 : 0.522"
"11,77 : 0.397"
"77,11 : 0.397"
"11,78 : 0.164"
"78,11 : 0.164"
"11,79 : 0.7741"
"79,11 : 0.7741"
"11,80 : 1.0024"
"80,11 : 1.0024"
"11,81 : 0.1581"
"81,11 : 0.1581"
"11,82 : 0.2828"
"82,11 : 0.2828"
"11,83 : 0.255"
"83,11 : 0.255"
"11,84 : 0.2828"
"84,11 : 0.2828"
"11,85 : 0.4386"
"85,11 : 0.4386"
"11,86 : 0.4827"
"86,11 : 0.4827"
"11,87 : 0.8905"
"87,11 : 0.8905"
"11,88 : 0.89"
"88,11 : 0.89"
"11,89 : 0.4751"
"89,11 : 0.4751"
"11,90 : 0.1432"
"90,11 : 0.1432"
"11,91 : 0.9402"
"91,11 : 0.9402"
"11,92 : 1.0198"
"92,11 : 1.0198"
"11,93 : 0.9024"
"93,11 : 0.9024"
"11,94 : 0.9003"
"94,11 : 0.9003"
"11,95 : 0.5009"
"95,11 : 0.5009"
"11,96 : 0.4549"
"96,11 : 0.4549"
"11,97 : 0.2081"
"97,11 : 0.2081"
"11,98 : 0.7742"
"98,11 : 0.7742"
"11,99 : 0.07"
"99,11 : 0.07"
"12,13 : 0.3471"
"13,12 : 0.3471"
"12,14 : 0.2818"
"14,12 : 0.2818"
"12,15 : 0.514"
"15,12 : 0.514"
"12,16 : 0.8349"
"16,12 : 0.8349"
"12,17 : 0.8238"
"17,12 : 0.8238"
"12,18 : 0.5061"
"18,12 : 0.5061"
"12,19 : 0.5308"
"19,12 : 0.5308"
"12,20 : 0.1118"
"20,12 : 0.1118"
"12,21 : 0.7424"
"21,12 : 0.7424"
"12,22 : 0.5054"
"22,12 : 0.5054"
"12,23 : 0.3162"
"23,12 : 0.3162"
"12,24 : 0.3833"
"24,12 : 0.3833"
"12,25 : 0.7931"
"25,12 : 0.7931"
"12,26 : 0.2729"
"26,12 : 0.2729"
"12,27 : 0.03"
"27,12 : 0.03"
"12,28 : 0.3622"
"28,12 : 0.3622"
"12,29 : 0.5162"
"29,12 : 0.5162"
"12,30 : 0.3667"
"30,12 : 0.3667"
"12,31 : 0.1924"
"31,12 : 0.1924"
"12,32 : 0.6986"
"32,12 : 0.6986"
"12,33 : 0.6537"
"33,12 : 0.6537"
"12,34 : 0.7106"
"34,12 : 0.7106"
"12,35 : 0.2617"
"35,12 : 0.2617"
"12,36 : 0.5315"
"36,12 : 0.5315"
"12,37 : 0.2973"
"37,12 : 0.2973"
"12,38 : 0.8453"
"38,12 : 0.8453"
"12,39 : 0.4295"
"39,12 : 0.4295"
"12,40 : 0.4701"
"40,12 : 0.4701"
"12,41 : 0.04"
"41,12 : 0.04"
"12,42 : 0.6774"
"42,12 : 0.6774"
"12,43 : 0.0806"
"43,12 : 0.0806"
"12,44 : 0.4441"
"44,12 : 0.4441"
"12,45 : 0.1942"
"45,12 : 0.1942"
"12,46 : 0.3406"
"46,12 : 0.3406"
"12,47 : 0.8509"
"47,12 : 0.8509"
"12,48 : 0.461"
"48,12 : 0.461"
"12,49 : 0.8149"
"49,12 : 0.8149"
"12,50 : 0.614"
"50,12 : 0.614"
"12,51 : 0.4002"
"51,12 : 0.4002"
"12,52 : 0.3225"
"52,12 : 0.3225"
"12,53 : 0.8254"
"53,12 : 0.8254"
"12,54 : 0.8709"
"54,12 : 0.8709"
"12,55 : 0.62"
"55,12 : 0.62"
"12,56 : 0.5161"
"56,12 : 0.5161"
"12,57 : 0.7033"
"57,12 : 0.7033"
"12,58 : 0.6429"
"58,12 : 0.6429"
"12,59 : 0.0806"
"59,12 : 0.0806"
"12,60 : 0.3298"
"60,12 : 0.3298"
"12,61 : 0.3239"
"61,12 : 0.3239"
"12,62 : 0.8635"
"62,12 : 0.8635"
"12,63 : 0.4123"
"63,12 : 0.4123"
"12,64 : 0.2707"
"64,12 : 0.2707"
"12,65 : 0.0316"
"65,12 : 0.0316"
"12,66 : 0.8631"
"66,12 : 0.8631"
"12,67 : 0.6754"
"67,12 : 0.6754"
"12,68 : 0.8319"
"68,12 : 0.8319"
"12,69 : 0.592"
"69,12 : 0.592"
"12,70 : 0.6525"
"70,12 : 0.6525"
"12,71 : 0.8065"
"71,12 : 0.8065"
"12,72 : 0.69"
"72,12 : 0.69"
"12,73 : 0.5217"
"73,12 : 0.5217"
"12,74 : 0.5686"
"74,12 : 0.5686"
"12,75 : 0.4472"
"75,12 : 0.4472"
"12,76 : 0.4974"
"76,12 : 0.4974"
"12,77 : 0.3061"
"77,12 : 0.3061"
"12,78 : 0.0762"
"78,12 : 0.0762"
"12,79 : 0.6888"
"79,12 : 0.6888"
"12,80 : 0.9168"
"80,12 : 0.9168"
"12,81 : 0.2022"
"81,12 : 0.2022"
"12,82 : 0.211"
"82,12 : 0.211"
"12,83 : 0.2729"
"83,12 : 0.2729"
"12,84 : 0.364"
"84,12 : 0.364"
"12,85 : 0.4851"
"85,12 : 0.4851"
"12,86 : 0.4904"
"86,12 : 0.4904"
"12,87 : 0.8078"
"87,12 : 0.8078"
"12,88 : 0.8713"
"88,12 : 0.8713"
"12,89 : 0.3829"
"89,12 : 0.3829"
"12,90 : 0.1281"
"90,12 : 0.1281"
"12,91 : 0.858"
"91,12 : 0.858"
"12,92 : 0.9362"
"92,12 : 0.9362"
"12,93 : 0.8302"
"93,12 : 0.8302"
"12,94 : 0.8602"
"94,12 : 0.8602"
"12,95 : 0.4179"
"95,12 : 0.4179"
"12,96 : 0.4885"
"96,12 : 0.4885"
"12,97 : 0.1166"
"97,12 : 0.1166"
"12,98 : 0.6851"
"98,12 : 0.6851"
"12,99 : 0.1523"
"99,12 : 0.1523"
"13,14 : 0.1005"
"14,13 : 0.1005"
"13,15 : 0.1868"
"15,13 : 0.1868"
"13,16 : 0.5601"
"16,13 : 0.5601"
"13,17 : 0.4977"
"17,13 : 0.4977"
"13,18 : 0.5515"
"18,13 : 0.5515"
"13,19 : 0.378"
"19,13 : 0.378"
"13,20 : 0.2581"
"20,13 : 0.2581"
"13,21 : 0.4374"
"21,13 : 0.4374"
"13,22 : 0.222"
"22,13 : 0.222"
"13,23 : 0.5749"
"23,13 : 0.5749"
"13,24 : 0.6986"
"24,13 : 0.6986"
