x,y
0.02,0.91
0.73,0.74
0.58,0.43
0.57,0.31
0.65,0.16
0.34,0.22
0.74,0.43
0.02,0.85
0.54,0.9
0.28,0.77
0.39,0.56
0.85,0.67
0.16,0.5
0.12,0.52
0.55,0.62
0.41,0.83
0.5,0.41
0.75,0.84
0.86,0.91
0.64,0.99
0.74,0.64
0.73,0.0
0.2,0.73
0.17,0.17
0.74,0.85
0.84,0.97
0.07,0.32
0.59,0.61
0.41,0.07
0.19,0.87
0.53,0.88
0.98,0.09
0.83,0.78
0.8,0.67
0.79,0.08
0.39,0.43
0.78,0.08
0.85,0.36
0.69,0.54
0.4,0.49
0.16,0.3
0.97,0.12
0.38,0.61
0.07,0.56
0.01,0.61
0.96,0.67
0.29,0.12
0.24,0.49
0.74,0.13
0.69,0.68
0.23,0.9
0.15,0.35
0.19,0.36
0.92,0.5
0.58,0.57
0.14,0.42
0.99,0.01
0.68,0.71
0.19,0.14
0.84,0.23
0.4,0.59
0.22,0.45
0.45,0.71
0.03,0.8
0.03,0.26
0.05,0.43
0.73,0.36
0.48,0.13
0.85,0.98
0.42,0.44
0.32,0.06
0.05,0.73
0.02,0.34
0.2,0.25
0.86,0.16
0.61,0.74
0.38,0.8
0.38,0.19
0.16,0.31
0.08,0.94
0.0,0.31
0.51,0.06
0.75,0.26
0.52,0.45
0.61,0.87
0.38,0.51
0.73,0.54
0.04,0.7
0.08,0.53
0.77,0.82
0.82,0.82
0.52,0.46
0.52,0.8
0.55,0.25
0.12,0.45
0.0,0.2
0.1,0.6
0.42,0.24
0.45,0.59
0.24,0.37

Distanze
"0,1 : 0.7301"
"1,0 : 0.7301"
"0,2 : 0.7376"
"2,0 : 0.7376"
"0,3 : 0.8139"
"3,0 : 0.8139"
"0,4 : 0.9795"
"4,0 : 0.9795"
"0,5 : 0.7606"
"5,0 : 0.7606"
"0,6 : 0.8653"
"6,0 : 0.8653"
"0,7 : 0.06"
"7,0 : 0.06"
"0,8 : 0.5201"
"8,0 : 0.5201"
"0,9 : 0.2953"
"9,0 : 0.2953"
"0,10 : 0.5093"
"10,0 : 0.5093"
"0,11 : 0.864"
"11,0 : 0.864"
"0,12 : 0.4332"
"12,0 : 0.4332"
"0,13 : 0.4026"
"13,0 : 0.4026"
"0,14 : 0.6042"
"14,0 : 0.6042"
"0,15 : 0.3981"
"15,0 : 0.3981"
"0,16 : 0.6931"
"16,0 : 0.6931"
"0,17 : 0.7333"
"17,0 : 0.7333"
"0,18 : 0.84"
"18,0 : 0.84"
"0,19 : 0.6251"
"19,0 : 0.6251"
"0,20 : 0.769"
"20,0 : 0.769"
"0,21 : 1.1542"
"21,0 : 1.1542"
"0,22 : 0.2546"
"22,0 : 0.2546"
"0,23 : 0.755"
"23,0 : 0.755"
"0,24 : 0.7225"
"24,0 : 0.7225"
"0,25 : 0.8222"
"25,0 : 0.8222"
"0,26 : 0.5921"
"26,0 : 0.5921"
"0,27 : 0.6441"
"27,0 : 0.6441"
"0,28 : 0.9261"
"28,0 : 0.9261"
"0,29 : 0.1746"
"29,0 : 0.1746"
"0,30 : 0.5109"
"30,0 : 0.5109"
"0,31 : 1.2625"
"31,0 : 1.2625"
"0,32 : 0.8204"
"32,0 : 0.8204"
"0,33 : 0.8161"
"33,0 : 0.8161"
"0,34 : 1.1322"
"34,0 : 1.1322"
"0,35 : 0.6061"
"35,0 : 0.6061"
"0,36 : 1.1254"
"36,0 : 1.1254"
"0,37 : 0.9957"
"37,0 : 0.9957"
"0,38 : 0.7654"
"38,0 : 0.7654"
"0,39 : 0.5664"
"39,0 : 0.5664"
"0,40 : 0.6259"
"40,0 : 0.6259"
"0,41 : 1.2356"
"41,0 : 1.2356"
"0,42 : 0.4686"
"42,0 : 0.4686"
"0,43 : 0.3536"
"43,0 : 0.3536"
"0,44 : 0.3002"
"44,0 : 0.3002"
"0,45 : 0.9702"
"45,0 : 0.9702"
"0,46 : 0.8349"
"46,0 : 0.8349"
"0,47 : 0.4741"
"47,0 : 0.4741"
"0,48 : 1.0615"
"48,0 : 1.0615"
"0,49 : 0.7084"
"49,0 : 0.7084"
"0,50 : 0.2102"
"50,0 : 0.2102"
"0,51 : 0.5749"
"51,0 : 0.5749"
"0,52 : 0.5757"
"52,0 : 0.5757"
"0,53 : 0.989"
"53,0 : 0.989"
"0,54 : 0.6551"
"54,0 : 0.6551"
"0,55 : 0.5045"
"55,0 : 0.5045"
"0,56 : 1.3232"
"56,0 : 1.3232"
"0,57 : 0.6896"
"57,0 : 0.6896"
"0,58 : 0.7885"
"58,0 : 0.7885"
"0,59 : 1.0653"
"59,0 : 1.0653"
"0,60 : 0.4968"
"60,0 : 0.4968"
"0,61 : 0.5016"
"61,0 : 0.5016"
"0,62 : 0.4742"
"62,0 : 0.4742"
"0,63 : 0.1105"
"63,0 : 0.1105"
"0,64 : 0.6501"
"64,0 : 0.6501"
"0,65 : 0.4809"
"65,0 : 0.4809"
"0,66 : 0.8981"
"66,0 : 0.8981"
"0,67 : 0.9055"
"67,0 : 0.9055"
"0,68 : 0.8329"
"68,0 : 0.8329"
"0,69 : 0.6172"
"69,0 : 0.6172"
"0,70 : 0.9014"
"70,0 : 0.9014"
"0,71 : 0.1825"
"71,0 : 0.1825"
"0,72 : 0.57"
"72,0 : 0.57"
"0,73 : 0.6841"
"73,0 : 0.6841"
"0,74 : 1.1261"
"74,0 : 1.1261"
"0,75 : 0.614"
"75,0 : 0.614"
"0,76 : 0.3764"
"76,0 : 0.3764"
"0,77 : 0.805"
"77,0 : 0.805"
"0,78 : 0.6161"
"78,0 : 0.6161"
"0,79 : 0.0671"
"79,0 : 0.0671"
"0,80 : 0.6003"
"80,0 : 0.6003"
"0,81 : 0.9811"
"81,0 : 0.9811"
"0,82 : 0.9774"
"82,0 : 0.9774"
"0,83 : 0.6794"
"83,0 : 0.6794"
"0,84 : 0.5914"
"84,0 : 0.5914"
"0,85 : 0.5381"
"85,0 : 0.5381"
"0,86 : 0.8006"
"86,0 : 0.8006"
"0,87 : 0.211"
"87,0 : 0.211"
"0,88 : 0.3847"
"88,0 : 0.3847"
"0,89 : 0.7554"
"89,0 : 0.7554"
"0,90 : 0.805"
"90,0 : 0.805"
"0,91 : 0.6727"
"91,0 : 0.6727"
"0,92 : 0.512"
"92,0 : 0.512"
"0,93 : 0.8465"
"93,0 : 0.8465"
"0,94 : 0.4707"
"94,0 : 0.4707"
"0,95 : 0.7103"
"95,0 : 0.7103"
"0,96 : 0.3202"
"96,0 : 0.3202"
"0,97 : 0.7803"
"97,0 : 0.7803"
"0,98 : 0.536"
"98,0 : 0.536"
"0,99 : 0.5831"
"99,0 : 0.5831"
"1,2 : 0.3444"
"2,1 : 0.3444"
"1,3 : 0.4588"
"3,1 : 0.4588"
"1,4 : 0.5855"
"4,1 : 0.5855"
"1,5 : 0.65"
"5,1 : 0.65"
"1,6 : 0.3102"
"6,1 : 0.3102"
"1,7 : 0.7185"
"7,1 : 0.7185"
"1,8 : 0.2484"
"8,1 : 0.2484"
"1,9 : 0.451"
"9,1 : 0.451"
"1,10 : 0.3847"
"10,1 : 0.3847"
"1,11 : 0.1389"
"11,1 : 0.1389"
"1,12 : 0.6185"
"12,1 : 0.6185"
"1,13 : 0.6485"
"13,1 : 0.6485"
"1,14 : 0.2163"
"14,1 : 0.2163"
"1,15 : 0.3324"
"15,1 : 0.3324"
"1,16 : 0.4022"
"16,1 : 0.4022"
"1,17 : 0.102"
"17,1 : 0.102"
"1,18 : 0.214"
"18,1 : 0.214"
"1,19 : 0.2657"
"19,1 : 0.2657"
"1,20 : 0.1005"
"20,1 : 0.1005"
"1,21 : 0.74"
"21,1 : 0.74"
"1,22 : 0.5301"
"22,1 : 0.5301"
"1,23 : 0.7991"
"23,1 : 0.7991"
"1,24 : 0.1105"
"24,1 : 0.1105"
"1,25 : 0.255"
"25,1 : 0.255"
"1,26 : 0.7823"
"26,1 : 0.7823"
"1,27 : 0.191"
"27,1 : 0.191"
"1,28 : 0.7425"
"28,1 : 0.7425"
"1,29 : 0.5554"
"29,1 : 0.5554"
"1,30 : 0.2441"
"30,1 : 0.2441"
"1,31 : 0.6964"
"31,1 : 0.6964"
"1,32 : 0.1077"
"32,1 : 0.1077"
"1,33 : 0.099"
"33,1 : 0.099"
"1,34 : 0.6627"
"34,1 : 0.6627"
"1,35 : 0.4601"
"35,1 : 0.4601"
"1,36 : 0.6619"
"36,1 : 0.6619"
"1,37 : 0.3985"
"37,1 : 0.3985"
"1,38 : 0.204"
"38,1 : 0.204"
"1,39 : 0.414"
"39,1 : 0.414"
"1,40 : 0.7201"
"40,1 : 0.7201"
"1,41 : 0.6648"
"41,1 : 0.6648"
"1,42 : 0.3734"
"42,1 : 0.3734"
"1,43 : 0.6841"
"43,1 : 0.6841"
"1,44 : 0.7316"
"44,1 : 0.7316"
"1,45 : 0.2404"
"45,1 : 0.2404"
"1,46 : 0.7603"
"46,1 : 0.7603"
"1,47 : 0.5501"
"47,1 : 0.5501"
"1,48 : 0.6101"
"48,1 : 0.6101"
"1,49 : 0.0721"
"49,1 : 0.0721"
"1,50 : 0.525"
"50,1 : 0.525"
"1,51 : 0.6989"
"51,1 : 0.6989"
"1,52 : 0.6603"
"52,1 : 0.6603"
"1,53 : 0.3061"
"53,1 : 0.3061"
"1,54 : 0.2267"
"54,1 : 0.2267"
"1,55 : 0.6712"
"55,1 : 0.6712"
"1,56 : 0.7749"
"56,1 : 0.7749"
"1,57 : 0.0583"
"57,1 : 0.0583"
"1,58 : 0.8072"
"58,1 : 0.8072"
"1,59 : 0.5217"
"59,1 : 0.5217"
"1,60 : 0.3625"
"60,1 : 0.3625"
"1,61 : 0.5867"
"61,1 : 0.5867"
"1,62 : 0.2816"
"62,1 : 0.2816"
"1,63 : 0.7026"
"63,1 : 0.7026"
"1,64 : 0.8488"
"64,1 : 0.8488"
"1,65 : 0.7473"
"65,1 : 0.7473"
"1,66 : 0.38"
"66,1 : 0.38"
"1,67 : 0.6592"
"67,1 : 0.6592"
"1,68 : 0.2683"
"68,1 : 0.2683"
"1,69 : 0.4314"
"69,1 : 0.4314"
"1,70 : 0.794"
"70,1 : 0.794"
"1,71 : 0.6801"
"71,1 : 0.6801"
"1,72 : 0.8149"
"72,1 : 0.8149"
"1,73 : 0.7218"
"73,1 : 0.7218"
"1,74 : 0.5944"
"74,1 : 0.5944"
"1,75 : 0.12"
"75,1 : 0.12"
"1,76 : 0.3551"
"76,1 : 0.3551"
"1,77 : 0.6519"
"77,1 : 0.6519"
"1,78 : 0.714"
"78,1 : 0.714"
"1,79 : 0.6801"
"79,1 : 0.6801"
"1,80 : 0.8472"
"80,1 : 0.8472"
"1,81 : 0.7147"
"81,1 : 0.7147"
"1,82 : 0.4804"
"82,1 : 0.4804"
"1,83 : 0.3581"
"83,1 : 0.3581"
"1,84 : 0.1769"
"84,1 : 0.1769"
"1,85 : 0.4188"
"85,1 : 0.4188"
"1,86 : 0.2"
"86,1 : 0.2"
"1,87 : 0.6912"
"87,1 : 0.6912"
"1,88 : 0.6831"
"88,1 : 0.6831"
"1,89 : 0.0894"
"89,1 : 0.0894"
"1,90 : 0.1204"
"90,1 : 0.1204"
"1,91 : 0.35"
"91,1 : 0.35"
"1,92 : 0.2184"
"92,1 : 0.2184"
"1,93 : 0.522"
"93,1 : 0.522"
"1,94 : 0.6754"
"94,1 : 0.6754"
"1,95 : 0.908"
"95,1 : 0.908"
"1,96 : 0.6454"
"96,1 : 0.6454"
"1,97 : 0.5883"
"97,1 : 0.5883"
"1,98 : 0.3176"
"98,1 : 0.3176"
"1,99 : 0.614"
"99,1 : 0.614"
"2,3 : 0.1204"
"3,2 : 0.1204"
"2,4 : 0.2789"
"4,2 : 0.2789"
"2,5 : 0.3189"
"5,2 : 0.3189"
"2,6 : 0.16"
"6,2 : 0.16"
"2,7 : 0.7"
"7,2 : 0.7"
"2,8 : 0.4717"
"8,2 : 0.4717"
"2,9 : 0.4534"
"9,2 : 0.4534"
"2,10 : 0.2302"
"10,2 : 0.2302"
"2,11 : 0.3612"
"11,2 : 0.3612"
"2,12 : 0.4258"
"12,2 : 0.4258"
"2,13 : 0.4687"
"13,2 : 0.4687"
"2,14 : 0.1924"
"14,2 : 0.1924"
"2,15 : 0.4346"
"15,2 : 0.4346"
"2,16 : 0.0825"
"16,2 : 0.0825"
"2,17 : 0.4438"
"17,2 : 0.4438"
"2,18 : 0.5557"
"18,2 : 0.5557"
"2,19 : 0.5632"
"19,2 : 0.5632"
"2,20 : 0.264"
"20,2 : 0.264"
"2,21 : 0.4554"
"21,2 : 0.4554"
"2,22 : 0.4841"
"22,2 : 0.4841"
"2,23 : 0.4855"
"23,2 : 0.4855"
"2,24 : 0.4494"
"24,2 : 0.4494"
"2,25 : 0.5993"
"25,2 : 0.5993"
"2,26 : 0.5217"
"26,2 : 0.5217"
"2,27 : 0.1803"
"27,2 : 0.1803"
"2,28 : 0.3981"
"28,2 : 0.3981"
"2,29 : 0.588"
"29,2 : 0.588"
"2,30 : 0.4528"
"30,2 : 0.4528"
"2,31 : 0.525"
"31,2 : 0.525"
"2,32 : 0.4301"
"32,2 : 0.4301"
"2,33 : 0.3256"
"33,2 : 0.3256"
"2,34 : 0.4082"
"34,2 : 0.4082"
"2,35 : 0.19"
"35,2 : 0.19"
"2,36 : 0.4031"
"36,2 : 0.4031"
"2,37 : 0.2789"
"37,2 : 0.2789"
"2,38 : 0.1556"
"38,2 : 0.1556"
"2,39 : 0.1897"
"39,2 : 0.1897"
"2,40 : 0.4397"
"40,2 : 0.4397"
"2,41 : 0.4982"
"41,2 : 0.4982"
"2,42 : 0.2691"
"42,2 : 0.2691"
"2,43 : 0.5263"
"43,2 : 0.5263"
"2,44 : 0.5977"
"44,2 : 0.5977"
"2,45 : 0.4494"
"45,2 : 0.4494"
"2,46 : 0.4245"
"46,2 : 0.4245"
"2,47 : 0.3453"
"47,2 : 0.3453"
"2,48 : 0.34"
"48,2 : 0.34"
"2,49 : 0.2731"
"49,2 : 0.2731"
"2,50 : 0.586"
"50,2 : 0.586"
"2,51 : 0.4374"
"51,2 : 0.4374"
"2,52 : 0.3962"
"52,2 : 0.3962"
"2,53 : 0.3471"
"53,2 : 0.3471"
"2,54 : 0.14"
"54,2 : 0.14"
"2,55 : 0.4401"
"55,2 : 0.4401"
"2,56 : 0.5869"
"56,2 : 0.5869"
"2,57 : 0.2973"
"57,2 : 0.2973"
"2,58 : 0.486"
"58,2 : 0.486"
"2,59 : 0.328"
"59,2 : 0.328"
"2,60 : 0.2408"
"60,2 : 0.2408"
"2,61 : 0.3606"
"61,2 : 0.3606"
"2,62 : 0.3087"
"62,2 : 0.3087"
"2,63 : 0.6629"
"63,2 : 0.6629"
"2,64 : 0.5757"
"64,2 : 0.5757"
"2,65 : 0.53"
"65,2 : 0.53"
"2,66 : 0.1655"
"66,2 : 0.1655"
"2,67 : 0.3162"
"67,2 : 0.3162"
"2,68 : 0.6127"
"68,2 : 0.6127"
"2,69 : 0.1603"
"69,2 : 0.1603"
"2,70 : 0.4522"
"70,2 : 0.4522"
"2,71 : 0.609"
"71,2 : 0.609"
"2,72 : 0.5672"
"72,2 : 0.5672"
"2,73 : 0.4205"
"73,2 : 0.4205"
"2,74 : 0.389"
"74,2 : 0.389"
"2,75 : 0.3114"
"75,2 : 0.3114"
"2,76 : 0.4206"
"76,2 : 0.4206"
"2,77 : 0.3124"
"77,2 : 0.3124"
"2,78 : 0.4368"
"78,2 : 0.4368"
"2,79 : 0.7142"
"79,2 : 0.7142"
"2,80 : 0.5923"
"80,2 : 0.5923"
"2,81 : 0.3766"
"81,2 : 0.3766"
"2,82 : 0.2404"
"82,2 : 0.2404"
"2,83 : 0.0632"
"83,2 : 0.0632"
"2,84 : 0.441"
"84,2 : 0.441"
"2,85 : 0.2154"
"85,2 : 0.2154"
"2,86 : 0.186"
"86,2 : 0.186"
"2,87 : 0.6037"
"87,2 : 0.6037"
"2,88 : 0.5099"
"88,2 : 0.5099"
"2,89 : 0.4338"
"89,2 : 0.4338"
"2,90 : 0.4579"
"90,2 : 0.4579"
"2,91 : 0.0671"
"91,2 : 0.0671"
"2,92 : 0.3748"
"92,2 : 0.3748"
"2,93 : 0.1825"
"93,2 : 0.1825"
"2,94 : 0.4604"
"94,2 : 0.4604"
"2,95 : 0.6239"
"95,2 : 0.6239"
"2,96 : 0.5092"
"96,2 : 0.5092"
"2,97 : 0.2484"
"97,2 : 0.2484"
"2,98 : 0.2062"
"98,2 : 0.2062"
"2,99 : 0.3453"
"99,2 : 0.3453"
"3,4 : 0.17"
"4,3 : 0.17"
"3,5 : 0.247"
"5,3 : 0.247"
"3,6 : 0.2081"
"6,3 : 0.2081"
"3,7 : 0.7708"
"7,3 : 0.7708"
"3,8 : 0.5908"
"8,3 : 0.5908"
"3,9 : 0.5438"
"9,3 : 0.5438"
"3,10 : 0.3081"
"10,3 : 0.3081"
"3,11 : 0.4561"
"11,3 : 0.4561"
"3,12 : 0.4519"
"12,3 : 0.4519"
"3,13 : 0.4966"
"13,3 : 0.4966"
"3,14 : 0.3106"
"14,3 : 0.3106"
"3,15 : 0.5441"
"15,3 : 0.5441"
"3,16 : 0.1221"
"16,3 : 0.1221"
"3,17 : 0.5597"
"17,3 : 0.5597"
"3,18 : 0.6664"
"18,3 : 0.6664"
"3,19 : 0.6836"
"19,3 : 0.6836"
"3,20 : 0.3712"
"20,3 : 0.3712"
"3,21 : 0.3489"
"21,3 : 0.3489"
"3,22 : 0.5597"
"22,3 : 0.5597"
"3,23 : 0.4238"
"23,3 : 0.4238"
"3,24 : 0.5661"
"24,3 : 0.5661"
"3,25 : 0.7131"
"25,3 : 0.7131"
"3,26 : 0.5001"
"26,3 : 0.5001"
"3,27 : 0.3007"
"27,3 : 0.3007"
"3,28 : 0.2884"
"28,3 : 0.2884"
"3,29 : 0.6768"
"29,3 : 0.6768"
"3,30 : 0.5714"
"30,3 : 0.5714"
"3,31 : 0.4653"
"31,3 : 0.4653"
"3,32 : 0.5371"
"32,3 : 0.5371"
"3,33 : 0.4272"
"33,3 : 0.4272"
"3,34 : 0.3183"
"34,3 : 0.3183"
"3,35 : 0.2163"
"35,3 : 0.2163"
"3,36 : 0.3114"
"36,3 : 0.3114"
"3,37 : 0.2844"
"37,3 : 0.2844"
"3,38 : 0.2594"
"38,3 : 0.2594"
"3,39 : 0.2476"
"39,3 : 0.2476"
"3,40 : 0.4101"
"40,3 : 0.4101"
"3,41 : 0.4428"
"41,3 : 0.4428"
"3,42 : 0.3551"
"42,3 : 0.3551"
"3,43 : 0.559"
"43,3 : 0.559"
"3,44 : 0.6353"
"44,3 : 0.6353"
"3,45 : 0.5308"
"45,3 : 0.5308"
"3,46 : 0.3384"
"46,3 : 0.3384"
"3,47 : 0.3759"
"47,3 : 0.3759"
"3,48 : 0.2476"
"48,3 : 0.2476"
"3,49 : 0.389"
"49,3 : 0.389"
"3,50 : 0.681"
"50,3 : 0.681"
"3,51 : 0.4219"
"51,3 : 0.4219"
"3,52 : 0.3833"
"52,3 : 0.3833"
"3,53 : 0.3982"
"53,3 : 0.3982"
"3,54 : 0.2602"
"54,3 : 0.2602"
"3,55 : 0.4438"
"55,3 : 0.4438"
"3,56 : 0.5161"
"56,3 : 0.5161"
"3,57 : 0.4148"
"57,3 : 0.4148"
"3,58 : 0.4163"
"58,3 : 0.4163"
"3,59 : 0.2816"
"59,3 : 0.2816"
"3,60 : 0.3276"
"60,3 : 0.3276"
"3,61 : 0.377"
"61,3 : 0.377"
"3,62 : 0.4176"
"62,3 : 0.4176"
"3,63 : 0.7292"
"63,3 : 0.7292"
"3,64 : 0.5423"
"64,3 : 0.5423"
"3,65 : 0.5337"
"65,3 : 0.5337"
"3,66 : 0.1676"
"66,3 : 0.1676"
"3,67 : 0.2012"
"67,3 : 0.2012"
"3,68 : 0.7262"
"68,3 : 0.7262"
"3,69 : 0.1985"
"69,3 : 0.1985"
"3,70 : 0.3536"
"70,3 : 0.3536"
"3,71 : 0.6684"
"71,3 : 0.6684"
"3,72 : 0.5508"
"72,3 : 0.5508"
"3,73 : 0.3748"
"73,3 : 0.3748"
"3,74 : 0.3265"
"74,3 : 0.3265"
"3,75 : 0.4319"
"75,3 : 0.4319"
"3,76 : 0.5255"
"76,3 : 0.5255"
"3,77 : 0.2247"
"77,3 : 0.2247"
"3,78 : 0.41"
"78,3 : 0.41"
"3,79 : 0.7981"
"79,3 : 0.7981"
"3,80 : 0.57"
"80,3 : 0.57"
"3,81 : 0.2571"
"81,3 : 0.2571"
"3,82 : 0.1868"
"82,3 : 0.1868"
"3,83 : 0.1487"
"83,3 : 0.1487"
"3,84 : 0.5614"
"84,3 : 0.5614"
"3,85 : 0.2759"
"85,3 : 0.2759"
"3,86 : 0.2802"
"86,3 : 0.2802"
"3,87 : 0.658"
"87,3 : 0.658"
"3,88 : 0.5371"
"88,3 : 0.5371"
"3,89 : 0.5478"
"89,3 : 0.5478"
"3,90 : 0.568"
"90,3 : 0.568"
"3,91 : 0.1581"
"91,3 : 0.1581"
"3,92 : 0.4925"
"92,3 : 0.4925"
"3,93 : 0.0632"
"93,3 : 0.0632"
"3,94 : 0.4713"
"94,3 : 0.4713"
"3,95 : 0.5805"
"95,3 : 0.5805"
"3,96 : 0.5523"
"96,3 : 0.5523"
"3,97 : 0.1655"
"97,3 : 0.1655"
"3,98 : 0.3046"
"98,3 : 0.3046"
"3,99 : 0.3354"
"99,3 : 0.3354"
"4,5 : 0.3158"
"5,4 : 0.3158"
"4,6 : 0.2846"
"6,4 : 0.2846"
"4,7 : 0.9343"
"7,4 : 0.9343"
"4,8 : 0.7481"
"8,4 : 0.7481"
"4,9 : 0.7134"
"9,4 : 0.7134"
"4,10 : 0.4771"
"10,4 : 0.4771"
"4,11 : 0.5478"
"11,4 : 0.5478"
"4,12 : 0.5964"
"12,4 : 0.5964"
"4,13 : 0.6407"
"13,4 : 0.6407"
"4,14 : 0.4707"
"14,4 : 0.4707"
"4,15 : 0.7117"
"15,4 : 0.7117"
"4,16 : 0.2915"
"16,4 : 0.2915"
"4,17 : 0.6873"
"17,4 : 0.6873"
"4,18 : 0.7788"
"18,4 : 0.7788"
"4,19 : 0.8301"
"19,4 : 0.8301"
"4,20 : 0.4884"
"20,4 : 0.4884"
"4,21 : 0.1789"
"21,4 : 0.1789"
"4,22 : 0.7262"
"22,4 : 0.7262"
"4,23 : 0.4801"
"23,4 : 0.4801"
"4,24 : 0.6958"
"24,4 : 0.6958"
"4,25 : 0.832"
"25,4 : 0.832"
"4,26 : 0.6017"
"26,4 : 0.6017"
"4,27 : 0.454"
"27,4 : 0.454"
"4,28 : 0.2563"
"28,4 : 0.2563"
"4,29 : 0.846"
"29,4 : 0.846"
"4,30 : 0.7299"
"30,4 : 0.7299"
"4,31 : 0.3373"
"31,4 : 0.3373"
"4,32 : 0.6456"
"32,4 : 0.6456"
"4,33 : 0.5316"
"33,4 : 0.5316"
"4,34 : 0.1612"
"34,4 : 0.1612"
"4,35 : 0.3748"
"35,4 : 0.3748"
"4,36 : 0.1526"
"36,4 : 0.1526"
"4,37 : 0.2828"
"37,4 : 0.2828"
"4,38 : 0.3821"
"38,4 : 0.3821"
"4,39 : 0.414"
"39,4 : 0.414"
"4,40 : 0.5096"
"40,4 : 0.5096"
"4,41 : 0.3225"
"41,4 : 0.3225"
"4,42 : 0.5248"
"42,4 : 0.5248"
"4,43 : 0.7046"
"43,4 : 0.7046"
"4,44 : 0.7824"
"44,4 : 0.7824"
"4,45 : 0.5968"
"45,4 : 0.5968"
"4,46 : 0.3622"
"46,4 : 0.3622"
"4,47 : 0.5263"
"47,4 : 0.5263"
"4,48 : 0.0949"
"48,4 : 0.0949"
"4,49 : 0.5215"
"49,4 : 0.5215"
"4,50 : 0.8509"
"50,4 : 0.8509"
"4,51 : 0.5349"
"51,4 : 0.5349"
"4,52 : 0.5016"
"52,4 : 0.5016"
"4,53 : 0.4342"
"53,4 : 0.4342"
"4,54 : 0.4159"
"54,4 : 0.4159"
"4,55 : 0.5725"
"55,4 : 0.5725"
"4,56 : 0.3716"
"56,4 : 0.3716"
"4,57 : 0.5508"
"57,4 : 0.5508"
"4,58 : 0.4604"
"58,4 : 0.4604"
"4,59 : 0.2025"
"59,4 : 0.2025"
"4,60 : 0.4974"
"60,4 : 0.4974"
"4,61 : 0.5187"
"61,4 : 0.5187"
"4,62 : 0.5852"
"62,4 : 0.5852"
"4,63 : 0.8911"
"63,4 : 0.8911"
"4,64 : 0.628"
"64,4 : 0.628"
"4,65 : 0.658"
"65,4 : 0.658"
"4,66 : 0.2154"
"66,4 : 0.2154"
"4,67 : 0.1726"
"67,4 : 0.1726"
"4,68 : 0.844"
"68,4 : 0.844"
"4,69 : 0.3624"
"69,4 : 0.3624"
"4,70 : 0.3448"
"70,4 : 0.3448"
"4,71 : 0.8276"
"71,4 : 0.8276"
"4,72 : 0.6552"
"72,4 : 0.6552"
"4,73 : 0.4589"
"73,4 : 0.4589"
"4,74 : 0.21"
"74,4 : 0.21"
"4,75 : 0.5814"
"75,4 : 0.5814"
"4,76 : 0.6946"
"76,4 : 0.6946"
"4,77 : 0.2717"
"77,4 : 0.2717"
"4,78 : 0.5124"
"78,4 : 0.5124"
"4,79 : 0.9661"
"79,4 : 0.9661"
"4,80 : 0.6671"
"80,4 : 0.6671"
"4,81 : 0.172"
"81,4 : 0.172"
"4,82 : 0.1414"
"82,4 : 0.1414"
"4,83 : 0.3178"
"83,4 : 0.3178"
"4,84 : 0.7111"
"84,4 : 0.7111"
"4,85 : 0.442"
"85,4 : 0.442"
"4,86 : 0.3883"
"86,4 : 0.3883"
"4,87 : 0.8147"
"87,4 : 0.8147"
"4,88 : 0.6796"
"88,4 : 0.6796"
"4,89 : 0.6708"
"89,4 : 0.6708"
"4,90 : 0.6815"
"90,4 : 0.6815"
"4,91 : 0.327"
"91,4 : 0.327"
"4,92 : 0.6531"
"92,4 : 0.6531"
"4,93 : 0.1345"
"93,4 : 0.1345"
"4,94 : 0.6042"
"94,4 : 0.6042"
"4,95 : 0.6512"
"95,4 : 0.6512"
"4,96 : 0.7043"
"96,4 : 0.7043"
"4,97 : 0.2435"
"97,4 : 0.2435"
"4,98 : 0.4742"
"98,4 : 0.4742"
"4,99 : 0.4607"
"99,4 : 0.4607"
"5,6 : 0.4518"
"6,5 : 0.4518"
"5,7 : 0.7066"
"7,5 : 0.7066"
"5,8 : 0.7088"
"8,5 : 0.7088"
"5,9 : 0.5533"
"9,5 : 0.5533"
"5,10 : 0.3437"
"10,5 : 0.3437"
"5,11 : 0.6801"
"11,5 : 0.6801"
"5,12 : 0.3329"
"12,5 : 0.3329"
"5,13 : 0.372"
"13,5 : 0.372"
"5,14 : 0.4518"
"14,5 : 0.4518"
"5,15 : 0.614"
"15,5 : 0.614"
"5,16 : 0.2484"
"16,5 : 0.2484"
"5,17 : 0.7433"
"17,5 : 0.7433"
"5,18 : 0.864"
"18,5 : 0.864"
"5,19 : 0.8264"
"19,5 : 0.8264"
"5,20 : 0.58"
"20,5 : 0.58"
"5,21 : 0.4478"
"21,5 : 0.4478"
"5,22 : 0.5289"
"22,5 : 0.5289"
"5,23 : 0.1772"
"23,5 : 0.1772"
"5,24 : 0.7463"
"24,5 : 0.7463"
"5,25 : 0.9014"
"25,5 : 0.9014"
"5,26 : 0.2879"
"26,5 : 0.2879"
"5,27 : 0.4632"
"27,5 : 0.4632"
"5,28 : 0.1655"
"28,5 : 0.1655"
"5,29 : 0.6671"
"29,5 : 0.6671"
"5,30 : 0.6868"
"30,5 : 0.6868"
"5,31 : 0.6531"
"31,5 : 0.6531"
"5,32 : 0.7441"
"32,5 : 0.7441"
"5,33 : 0.6435"
"33,5 : 0.6435"
"5,34 : 0.4713"
"34,5 : 0.4713"
"5,35 : 0.2159"
"35,5 : 0.2159"
"5,36 : 0.4617"
"36,5 : 0.4617"
"5,37 : 0.5289"
"37,5 : 0.5289"
"5,38 : 0.4742"
"38,5 : 0.4742"
"5,39 : 0.2766"
"39,5 : 0.2766"
"5,40 : 0.197"
"40,5 : 0.197"
"5,41 : 0.6379"
"41,5 : 0.6379"
"5,42 : 0.392"
"42,5 : 0.392"
"5,43 : 0.4342"
"43,5 : 0.4342"
"5,44 : 0.5109"
"44,5 : 0.5109"
"5,45 : 0.7661"
"45,5 : 0.7661"
"5,46 : 0.1118"
"46,5 : 0.1118"
"5,47 : 0.2879"
"47,5 : 0.2879"
"5,48 : 0.41"
"48,5 : 0.41"
"5,49 : 0.578"
"49,5 : 0.578"
"5,50 : 0.6888"
"50,5 : 0.6888"
"5,51 : 0.2302"
"51,5 : 0.2302"
"5,52 : 0.2052"
"52,5 : 0.2052"
"5,53 : 0.644"
"53,5 : 0.644"
"5,54 : 0.4244"
"54,5 : 0.4244"
"5,55 : 0.2828"
"55,5 : 0.2828"
"5,56 : 0.6831"
"56,5 : 0.6831"
"5,57 : 0.5964"
"57,5 : 0.5964"
"5,58 : 0.17"
"58,5 : 0.17"
"5,59 : 0.5001"
"59,5 : 0.5001"
"5,60 : 0.3748"
"60,5 : 0.3748"
"5,61 : 0.2594"
"61,5 : 0.2594"
"5,62 : 0.5022"
"62,5 : 0.5022"
"5,63 : 0.6576"
"63,5 : 0.6576"
"5,64 : 0.3126"
"64,5 : 0.3126"
"5,65 : 0.3581"
"65,5 : 0.3581"
"5,66 : 0.4144"
"66,5 : 0.4144"
"5,67 : 0.1664"
"67,5 : 0.1664"
"5,68 : 0.9153"
"68,5 : 0.9153"
"5,69 : 0.2341"
"69,5 : 0.2341"
"5,70 : 0.1612"
"70,5 : 0.1612"
"5,71 : 0.5867"
"71,5 : 0.5867"
"5,72 : 0.3418"
"72,5 : 0.3418"
"5,73 : 0.1432"
"73,5 : 0.1432"
"5,74 : 0.5235"
"74,5 : 0.5235"
"5,75 : 0.5859"
"75,5 : 0.5859"
"5,76 : 0.5814"
"76,5 : 0.5814"
"5,77 : 0.05"
"77,5 : 0.05"
"5,78 : 0.2012"
"78,5 : 0.2012"
"5,79 : 0.7655"
"79,5 : 0.7655"
"5,80 : 0.3517"
"80,5 : 0.3517"
"5,81 : 0.2335"
"81,5 : 0.2335"
"5,82 : 0.4119"
"82,5 : 0.4119"
"5,83 : 0.2921"
"83,5 : 0.2921"
"5,84 : 0.7038"
"84,5 : 0.7038"
"5,85 : 0.2927"
"85,5 : 0.2927"
"5,86 : 0.5045"
"86,5 : 0.5045"
"5,87 : 0.566"
"87,5 : 0.566"
"5,88 : 0.4046"
"88,5 : 0.4046"
"5,89 : 0.7382"
"89,5 : 0.7382"
"5,90 : 0.7684"
"90,5 : 0.7684"
"5,91 : 0.3"
"91,5 : 0.3"
"5,92 : 0.6073"
"92,5 : 0.6073"
"5,93 : 0.2121"
"93,5 : 0.2121"
"5,94 : 0.3183"
"94,5 : 0.3183"
"5,95 : 0.3406"
"95,5 : 0.3406"
"5,96 : 0.4494"
"96,5 : 0.4494"
"5,97 : 0.0825"
"97,5 : 0.0825"
"5,98 : 0.386"
"98,5 : 0.386"
"5,99 : 0.1803"
"99,5 : 0.1803"
"6,7 : 0.8335"
"7,6 : 0.8335"
"6,8 : 0.5108"
"8,6 : 0.5108"
"6,9 : 0.572"
"9,6 : 0.572"
"6,10 : 0.3734"
"10,6 : 0.3734"
"6,11 : 0.264"
"11,6 : 0.264"
"6,12 : 0.5842"
"12,6 : 0.5842"
"6,13 : 0.6265"
"13,6 : 0.6265"
"6,14 : 0.2687"
"14,6 : 0.2687"
"6,15 : 0.5186"
"15,6 : 0.5186"
"6,16 : 0.2408"
"16,6 : 0.2408"
"6,17 : 0.4101"
"17,6 : 0.4101"
"6,18 : 0.4948"
"18,6 : 0.4948"
"6,19 : 0.5689"
"19,6 : 0.5689"
"6,20 : 0.21"
"20,6 : 0.21"
"6,21 : 0.4301"
"21,6 : 0.4301"
"6,22 : 0.6177"
"22,6 : 0.6177"
"6,23 : 0.6265"
"23,6 : 0.6265"
"6,24 : 0.42"
"24,6 : 0.42"
"6,25 : 0.5492"
"25,6 : 0.5492"
"6,26 : 0.679"
"26,6 : 0.679"
"6,27 : 0.2343"
"27,6 : 0.2343"
"6,28 : 0.4884"
"28,6 : 0.4884"
"6,29 : 0.7043"
"29,6 : 0.7043"
"6,30 : 0.4966"
"30,6 : 0.4966"
"6,31 : 0.4162"
"31,6 : 0.4162"
"6,32 : 0.3614"
"32,6 : 0.3614"
"6,33 : 0.2474"
"33,6 : 0.2474"
"6,34 : 0.3536"
"34,6 : 0.3536"
"6,35 : 0.35"
"35,6 : 0.35"
"6,36 : 0.3523"
"36,6 : 0.3523"
"6,37 : 0.1304"
"37,6 : 0.1304"
"6,38 : 0.1208"
"38,6 : 0.1208"
"6,39 : 0.3453"
"39,6 : 0.3453"
"6,40 : 0.5944"
"40,6 : 0.5944"
"6,41 : 0.386"
"41,6 : 0.386"
"6,42 : 0.4025"
"42,6 : 0.4025"
"6,43 : 0.6825"
"43,6 : 0.6825"
"6,44 : 0.7519"
"44,6 : 0.7519"
"6,45 : 0.3256"
"45,6 : 0.3256"
"6,46 : 0.5464"
"46,6 : 0.5464"
"6,47 : 0.5036"
"47,6 : 0.5036"
"6,48 : 0.3"
"48,6 : 0.3"
"6,49 : 0.255"
"49,6 : 0.255"
"6,50 : 0.6935"
"50,6 : 0.6935"
"6,51 : 0.5954"
"51,6 : 0.5954"
"6,52 : 0.5544"
"52,6 : 0.5544"
"6,53 : 0.1931"
"53,6 : 0.1931"
"6,54 : 0.2126"
"54,6 : 0.2126"
"6,55 : 0.6001"
"55,6 : 0.6001"
"6,56 : 0.4888"
"56,6 : 0.4888"
"6,57 : 0.2864"
"57,6 : 0.2864"
"6,58 : 0.6218"
"58,6 : 0.6218"
"6,59 : 0.2236"
"59,6 : 0.2236"
"6,60 : 0.3758"
"60,6 : 0.3758"
"6,61 : 0.5204"
"61,6 : 0.5204"
"6,62 : 0.4031"
"62,6 : 0.4031"
"6,63 : 0.8006"
"63,6 : 0.8006"
"6,64 : 0.7301"
"64,6 : 0.7301"
"6,65 : 0.69"
"65,6 : 0.69"
"6,66 : 0.0707"
"66,6 : 0.0707"
"6,67 : 0.397"
"67,6 : 0.397"
"6,68 : 0.5609"
"68,6 : 0.5609"
"6,69 : 0.3202"
"69,6 : 0.3202"
"6,70 : 0.5597"
"70,6 : 0.5597"
"6,71 : 0.7524"
"71,6 : 0.7524"
"6,72 : 0.7256"
"72,6 : 0.7256"
"6,73 : 0.5692"
"73,6 : 0.5692"
"6,74 : 0.2955"
"74,6 : 0.2955"
"6,75 : 0.3362"
"75,6 : 0.3362"
"6,76 : 0.5162"
"76,6 : 0.5162"
"6,77 : 0.4327"
"77,6 : 0.4327"
"6,78 : 0.5923"
"78,6 : 0.5923"
"6,79 : 0.8341"
"79,6 : 0.8341"
"6,80 : 0.7497"
"80,6 : 0.7497"
"6,81 : 0.4357"
"81,6 : 0.4357"
"6,82 : 0.1703"
"82,6 : 0.1703"
"6,83 : 0.2209"
"83,6 : 0.2209"
"6,84 : 0.4588"
"84,6 : 0.4588"
"6,85 : 0.3688"
"85,6 : 0.3688"
"6,86 : 0.1105"
"86,6 : 0.1105"
"6,87 : 0.7503"
"87,6 : 0.7503"
"6,88 : 0.6675"
"88,6 : 0.6675"
"6,89 : 0.3912"
"89,6 : 0.3912"
"6,90 : 0.3981"
"90,6 : 0.3981"
"6,91 : 0.222"
"91,6 : 0.222"
"6,92 : 0.4305"
"92,6 : 0.4305"
"6,93 : 0.2617"
"93,6 : 0.2617"
"6,94 : 0.6203"
"94,6 : 0.6203"
"6,95 : 0.7749"
"95,6 : 0.7749"
"6,96 : 0.6622"
"96,6 : 0.6622"
"6,97 : 0.3722"
"97,6 : 0.3722"
"6,98 : 0.3312"
"98,6 : 0.3312"
"6,99 : 0.5036"
"99,6 : 0.5036"
"7,8 : 0.5224"
"8,7 : 0.5224"
"7,9 : 0.272"
"9,7 : 0.272"
"7,10 : 0.4701"
"10,7 : 0.4701"
"7,11 : 0.8493"
"11,7 : 0.8493"
"7,12 : 0.377"
"12,7 : 0.377"
"7,13 : 0.3448"
"13,7 : 0.3448"
"7,14 : 0.5778"
"14,7 : 0.5778"
"7,15 : 0.3905"
"15,7 : 0.3905"
"7,16 : 0.6512"
"16,7 : 0.6512"
"7,17 : 0.7301"
"17,7 : 0.7301"
"7,18 : 0.8421"
"18,7 : 0.8421"
"7,19 : 0.6356"
"19,7 : 0.6356"
"7,20 : 0.75"
"20,7 : 0.75"
"7,21 : 1.1075"
"21,7 : 1.1075"
"7,22 : 0.2163"
"22,7 : 0.2163"
"7,23 : 0.6963"
"23,7 : 0.6963"
"7,24 : 0.72"
"24,7 : 0.72"
"7,25 : 0.8287"
"25,7 : 0.8287"
"7,26 : 0.5324"
"26,7 : 0.5324"
"7,27 : 0.6185"
"27,7 : 0.6185"
"7,28 : 0.8721"
"28,7 : 0.8721"
"7,29 : 0.1712"
"29,7 : 0.1712"
"7,30 : 0.5109"
"30,7 : 0.5109"
"7,31 : 1.2244"
"31,7 : 1.2244"
"7,32 : 0.813"
"32,7 : 0.813"
"7,33 : 0.8005"
"33,7 : 0.8005"
"7,34 : 1.0889"
"34,7 : 1.0889"
"7,35 : 0.5597"
"35,7 : 0.5597"
"7,36 : 1.0819"
"36,7 : 1.0819"
"7,37 : 0.9638"
"37,7 : 0.9638"
"7,38 : 0.7382"
"38,7 : 0.7382"
"7,39 : 0.5235"
"39,7 : 0.5235"
"7,40 : 0.5675"
"40,7 : 0.5675"
"7,41 : 1.1981"
"41,7 : 1.1981"
"7,42 : 0.4327"
"42,7 : 0.4327"
"7,43 : 0.2943"
"43,7 : 0.2943"
"7,44 : 0.2402"
"44,7 : 0.2402"
"7,45 : 0.9571"
"45,7 : 0.9571"
"7,46 : 0.7783"
"46,7 : 0.7783"
"7,47 : 0.4219"
"47,7 : 0.4219"
"7,48 : 1.0182"
"48,7 : 1.0182"
"7,49 : 0.6912"
"49,7 : 0.6912"
"7,50 : 0.2159"
"50,7 : 0.2159"
"7,51 : 0.5166"
"51,7 : 0.5166"
"7,52 : 0.5187"
"52,7 : 0.5187"
"7,53 : 0.9657"
"53,7 : 0.9657"
"7,54 : 0.6261"
"54,7 : 0.6261"
"7,55 : 0.4464"
"55,7 : 0.4464"
"7,56 : 1.2832"
"56,7 : 1.2832"
"7,57 : 0.6747"
"57,7 : 0.6747"
"7,58 : 0.7301"
"58,7 : 0.7301"
"7,59 : 1.028"
"59,7 : 1.028"
"7,60 : 0.4604"
"60,7 : 0.4604"
"7,61 : 0.4472"
"61,7 : 0.4472"
"7,62 : 0.4522"
"62,7 : 0.4522"
"7,63 : 0.051"
"63,7 : 0.051"
"7,64 : 0.5901"
"64,7 : 0.5901"
"7,65 : 0.4211"
"65,7 : 0.4211"
"7,66 : 0.8627"
"66,7 : 0.8627"
"7,67 : 0.8544"
"67,7 : 0.8544"
"7,68 : 0.8401"
"68,7 : 0.8401"
"7,69 : 0.5728"
"69,7 : 0.5728"
"7,70 : 0.845"
"70,7 : 0.845"
"7,71 : 0.1237"
"71,7 : 0.1237"
"7,72 : 0.51"
"72,7 : 0.51"
"7,73 : 0.6264"
"73,7 : 0.6264"
"7,74 : 1.0871"
"74,7 : 1.0871"
"7,75 : 0.6002"
"75,7 : 0.6002"
"7,76 : 0.3635"
"76,7 : 0.3635"
"7,77 : 0.7518"
"77,7 : 0.7518"
"7,78 : 0.5579"
"78,7 : 0.5579"
"7,79 : 0.1082"
"79,7 : 0.1082"
"7,80 : 0.5404"
"80,7 : 0.5404"
"7,81 : 0.9296"
"81,7 : 0.9296"
"7,82 : 0.9386"
"82,7 : 0.9386"
"7,83 : 0.6403"
"83,7 : 0.6403"
"7,84 : 0.5903"
"84,7 : 0.5903"
"7,85 : 0.4952"
"85,7 : 0.4952"
"7,86 : 0.7747"
"86,7 : 0.7747"
"7,87 : 0.1513"
"87,7 : 0.1513"
"7,88 : 0.3256"
"88,7 : 0.3256"
"7,89 : 0.7506"
"89,7 : 0.7506"
"7,90 : 0.8006"
"90,7 : 0.8006"
"7,91 : 0.6341"
"91,7 : 0.6341"
"7,92 : 0.5025"
"92,7 : 0.5025"
"7,93 : 0.8006"
"93,7 : 0.8006"
"7,94 : 0.4123"
"94,7 : 0.4123"
"7,95 : 0.6503"
"95,7 : 0.6503"
"7,96 : 0.2625"
"96,7 : 0.2625"
"7,97 : 0.7295"
"97,7 : 0.7295"
"7,98 : 0.5025"
"98,7 : 0.5025"
"7,99 : 0.528"
"99,7 : 0.528"
"8,9 : 0.2907"
"9,8 : 0.2907"
"8,10 : 0.3716"
"10,8 : 0.3716"
"8,11 : 0.386"
"11,8 : 0.386"
"8,12 : 0.5517"
"12,8 : 0.5517"
"8,13 : 0.5664"
"13,8 : 0.5664"
"8,14 : 0.2802"
"14,8 : 0.2802"
"8,15 : 0.1476"
"15,8 : 0.1476"
"8,16 : 0.4916"
"16,8 : 0.4916"
"8,17 : 0.2184"
"17,8 : 0.2184"
"8,18 : 0.3202"
"18,8 : 0.3202"
"8,19 : 0.1345"
"19,8 : 0.1345"
"8,20 : 0.328"
"20,8 : 0.328"
"8,21 : 0.9198"
"21,8 : 0.9198"
"8,22 : 0.3801"
"22,8 : 0.3801"
"8,23 : 0.8184"
"23,8 : 0.8184"
"8,24 : 0.2062"
"24,8 : 0.2062"
"8,25 : 0.3081"
"25,8 : 0.3081"
"8,26 : 0.7465"
"26,8 : 0.7465"
"8,27 : 0.2943"
"27,8 : 0.2943"
"8,28 : 0.8401"
"28,8 : 0.8401"
"8,29 : 0.3513"
"29,8 : 0.3513"
"8,30 : 0.0224"
"30,8 : 0.0224"
"8,31 : 0.9218"
"31,8 : 0.9218"
"8,32 : 0.3138"
"32,8 : 0.3138"
"8,33 : 0.3471"
"33,8 : 0.3471"
"8,34 : 0.8573"
"34,8 : 0.8573"
"8,35 : 0.4934"
"35,8 : 0.4934"
"8,36 : 0.8544"
"36,8 : 0.8544"
"8,37 : 0.6227"
"37,8 : 0.6227"
"8,38 : 0.39"
"38,8 : 0.39"
"8,39 : 0.4332"
"39,8 : 0.4332"
"8,40 : 0.7102"
"40,8 : 0.7102"
"8,41 : 0.8907"
"41,8 : 0.8907"
"8,42 : 0.3312"
"42,8 : 0.3312"
"8,43 : 0.5801"
"43,8 : 0.5801"
"8,44 : 0.6042"
"44,8 : 0.6042"
"8,45 : 0.4789"
"45,8 : 0.4789"
"8,46 : 0.8191"
"46,8 : 0.8191"
"8,47 : 0.508"
"47,8 : 0.508"
"8,48 : 0.7956"
"48,8 : 0.7956"
"8,49 : 0.2663"
"49,8 : 0.2663"
"8,50 : 0.31"
"50,8 : 0.31"
"8,51 : 0.6742"
"51,8 : 0.6742"
"8,52 : 0.6435"
"52,8 : 0.6435"
"8,53 : 0.5517"
"53,8 : 0.5517"
"8,54 : 0.3324"
"54,8 : 0.3324"
"8,55 : 0.6248"
"55,8 : 0.6248"
"8,56 : 0.9973"
"56,8 : 0.9973"
"8,57 : 0.236"
"57,8 : 0.236"
"8,58 : 0.8367"
"58,8 : 0.8367"
"8,59 : 0.7341"
"59,8 : 0.7341"
"8,60 : 0.3401"
"60,8 : 0.3401"
"8,61 : 0.5522"
"61,8 : 0.5522"
"8,62 : 0.2102"
"62,8 : 0.2102"
"8,63 : 0.5197"
"63,8 : 0.5197"
"8,64 : 0.8184"
"64,8 : 0.8184"
"8,65 : 0.679"
"65,8 : 0.679"
"8,66 : 0.5725"
"66,8 : 0.5725"
"8,67 : 0.7723"
"67,8 : 0.7723"
"8,68 : 0.3202"
"68,8 : 0.3202"
"8,69 : 0.4754"
"69,8 : 0.4754"
"8,70 : 0.8683"
"70,8 : 0.8683"
"8,71 : 0.5187"
"71,8 : 0.5187"
"8,72 : 0.7642"
"72,8 : 0.7642"
"8,73 : 0.7336"
"73,8 : 0.7336"
"8,74 : 0.8062"
"74,8 : 0.8062"
"8,75 : 0.1746"
"75,8 : 0.1746"
"8,76 : 0.1887"
"76,8 : 0.1887"
"8,77 : 0.7278"
"77,8 : 0.7278"
"8,78 : 0.7018"
"78,8 : 0.7018"
"8,79 : 0.4617"
"79,8 : 0.4617"
"8,80 : 0.7998"
"80,8 : 0.7998"
"8,81 : 0.8405"
"81,8 : 0.8405"
"8,82 : 0.6736"
"82,8 : 0.6736"
"8,83 : 0.4504"
"83,8 : 0.4504"
"8,84 : 0.0762"
"84,8 : 0.0762"
"8,85 : 0.4215"
"85,8 : 0.4215"
"8,86 : 0.4071"
"86,8 : 0.4071"
"8,87 : 0.5385"
"87,8 : 0.5385"
"8,88 : 0.5903"
"88,8 : 0.5903"
"8,89 : 0.2435"
"89,8 : 0.2435"
"8,90 : 0.2912"
"90,8 : 0.2912"
"8,91 : 0.4405"
"91,8 : 0.4405"
"8,92 : 0.102"
"92,8 : 0.102"
"8,93 : 0.6501"
"93,8 : 0.6501"
"8,94 : 0.6155"
"94,8 : 0.6155"
"8,95 : 0.8841"
"95,8 : 0.8841"
"8,96 : 0.5325"
"96,8 : 0.5325"
"8,97 : 0.6708"
"97,8 : 0.6708"
"8,98 : 0.3228"
"98,8 : 0.3228"
"8,99 : 0.609"
"99,8 : 0.609"
"9,10 : 0.2371"
"10,9 : 0.2371"
"9,11 : 0.5787"
"11,9 : 0.5787"
"9,12 : 0.2955"
"12,9 : 0.2955"
"9,13 : 0.2968"
"13,9 : 0.2968"
"9,14 : 0.3089"
"14,9 : 0.3089"
"9,15 : 0.1432"
"15,9 : 0.1432"
"9,16 : 0.4219"
"16,9 : 0.4219"
"9,17 : 0.4752"
"17,9 : 0.4752"
"9,18 : 0.5967"
"18,9 : 0.5967"
"9,19 : 0.4219"
"19,9 : 0.4219"
"9,20 : 0.478"
"20,9 : 0.478"
"9,21 : 0.8919"
"21,9 : 0.8919"
"9,22 : 0.0894"
"22,9 : 0.0894"
"9,23 : 0.61"
"23,9 : 0.61"
"9,24 : 0.4669"
"24,9 : 0.4669"
"9,25 : 0.5946"
"25,9 : 0.5946"
"9,26 : 0.4966"
"26,9 : 0.4966"
"9,27 : 0.3489"
"27,9 : 0.3489"
"9,28 : 0.712"
"28,9 : 0.712"
"9,29 : 0.1345"
"29,9 : 0.1345"
"9,30 : 0.2731"
"30,9 : 0.2731"
"9,31 : 0.9759"
"31,9 : 0.9759"
"9,32 : 0.5501"
"32,9 : 0.5501"
"9,33 : 0.5295"
"33,9 : 0.5295"
"9,34 : 0.858"
"34,9 : 0.858"
"9,35 : 0.3574"
"35,9 : 0.3574"
"9,36 : 0.8521"
"36,9 : 0.8521"
"9,37 : 0.7021"
"37,9 : 0.7021"
"9,38 : 0.4701"
"38,9 : 0.4701"
"9,39 : 0.3046"
"39,9 : 0.3046"
"9,40 : 0.4851"
"40,9 : 0.4851"
"9,41 : 0.9479"
"41,9 : 0.9479"
"9,42 : 0.1887"
"42,9 : 0.1887"
"9,43 : 0.297"
"43,9 : 0.297"
"9,44 : 0.3138"
"44,9 : 0.3138"
"9,45 : 0.6873"
"45,9 : 0.6873"
"9,46 : 0.6501"
"46,9 : 0.6501"
"9,47 : 0.2828"
"47,9 : 0.2828"
"9,48 : 0.7882"
"48,9 : 0.7882"
"9,49 : 0.4198"
"49,9 : 0.4198"
"9,50 : 0.1393"
"50,9 : 0.1393"
"9,51 : 0.4397"
"51,9 : 0.4397"
"9,52 : 0.4198"
"52,9 : 0.4198"
"9,53 : 0.6946"
"53,9 : 0.6946"
"9,54 : 0.3606"
"54,9 : 0.3606"
"9,55 : 0.377"
"55,9 : 0.377"
"9,56 : 1.04"
"56,9 : 1.04"
"9,57 : 0.4045"
"57,9 : 0.4045"
"9,58 : 0.6364"
"58,9 : 0.6364"
"9,59 : 0.7779"
"59,9 : 0.7779"
"9,60 : 0.2163"
"60,9 : 0.2163"
"9,61 : 0.3256"
"61,9 : 0.3256"
"9,62 : 0.1803"
"62,9 : 0.1803"
"9,63 : 0.2518"
"63,9 : 0.2518"
"9,64 : 0.568"
"64,9 : 0.568"
"9,65 : 0.4105"
"65,9 : 0.4105"
"9,66 : 0.6088"
"66,9 : 0.6088"
"9,67 : 0.6705"
"67,9 : 0.6705"
"9,68 : 0.6075"
"68,9 : 0.6075"
"9,69 : 0.3585"
"69,9 : 0.3585"
"9,70 : 0.7111"
"70,9 : 0.7111"
"9,71 : 0.2335"
"71,9 : 0.2335"
"9,72 : 0.5025"
"72,9 : 0.5025"
"9,73 : 0.5261"
"73,9 : 0.5261"
"9,74 : 0.8417"
"74,9 : 0.8417"
"9,75 : 0.3314"
"75,9 : 0.3314"
"9,76 : 0.1044"
"76,9 : 0.1044"
"9,77 : 0.5886"
"77,9 : 0.5886"
"9,78 : 0.4754"
"78,9 : 0.4754"
"9,79 : 0.2625"
"79,9 : 0.2625"
"9,80 : 0.5385"
"80,9 : 0.5385"
"9,81 : 0.7463"
"81,9 : 0.7463"
"9,82 : 0.6935"
"82,9 : 0.6935"
"9,83 : 0.4"
"83,9 : 0.4"
"9,84 : 0.3448"
"84,9 : 0.3448"
"9,85 : 0.2786"
"85,9 : 0.2786"
"9,86 : 0.5054"
"86,9 : 0.5054"
"9,87 : 0.25"
"87,9 : 0.25"
"9,88 : 0.3124"
"88,9 : 0.3124"
"9,89 : 0.4925"
"89,9 : 0.4925"
"9,90 : 0.5423"
"90,9 : 0.5423"
"9,91 : 0.392"
"91,9 : 0.392"
"9,92 : 0.2419"
"92,9 : 0.2419"
"9,93 : 0.5859"
"93,9 : 0.5859"
"9,94 : 0.3578"
"94,9 : 0.3578"
"9,95 : 0.6351"
"95,9 : 0.6351"
"9,96 : 0.2476"
"96,9 : 0.2476"
"9,97 : 0.5482"
"97,9 : 0.5482"
"9,98 : 0.2476"
"98,9 : 0.2476"
"9,99 : 0.402"
"99,9 : 0.402"
"10,11 : 0.473"
"11,10 : 0.473"
"10,12 : 0.2377"
"12,10 : 0.2377"
"10,13 : 0.2729"
"13,10 : 0.2729"
"10,14 : 0.1709"
"14,10 : 0.1709"
"10,15 : 0.2707"
"15,10 : 0.2707"
"10,16 : 0.186"
"16,10 : 0.186"
"10,17 : 0.4561"
"17,10 : 0.4561"
"10,18 : 0.586"
"18,10 : 0.586"
"10,19 : 0.4974"
"19,10 : 0.4974"
"10,20 : 0.359"
"20,10 : 0.359"
"10,21 : 0.6551"
"21,10 : 0.6551"
"10,22 : 0.255"
"22,10 : 0.255"
"10,23 : 0.4478"
"23,10 : 0.4478"
"10,24 : 0.4545"
"24,10 : 0.4545"
"10,25 : 0.6088"
"25,10 : 0.6088"
"10,26 : 0.4"
"26,10 : 0.4"
"10,27 : 0.2062"
"27,10 : 0.2062"
"10,28 : 0.4904"
"28,10 : 0.4904"
"10,29 : 0.3689"
"29,10 : 0.3689"
"10,30 : 0.3493"
"30,10 : 0.3493"
"10,31 : 0.7543"
"31,10 : 0.7543"
"10,32 : 0.4919"
"32,10 : 0.4919"
"10,33 : 0.4245"
"33,10 : 0.4245"
"10,34 : 0.6248"
"34,10 : 0.6248"
"10,35 : 0.13"
"35,10 : 0.13"
"10,36 : 0.6185"
"36,10 : 0.6185"
"10,37 : 0.5016"
"37,10 : 0.5016"
"10,38 : 0.3007"
"38,10 : 0.3007"
"10,39 : 0.0707"
"39,10 : 0.0707"
"10,40 : 0.3471"
"40,10 : 0.3471"
"10,41 : 0.728"
"41,10 : 0.728"
"10,42 : 0.051"
"42,10 : 0.051"
"10,43 : 0.32"
"43,10 : 0.32"
"10,44 : 0.3833"
"44,10 : 0.3833"
"10,45 : 0.5805"
"45,10 : 0.5805"
"10,46 : 0.4512"
"46,10 : 0.4512"
"10,47 : 0.1655"
"47,10 : 0.1655"
"10,48 : 0.5544"
"48,10 : 0.5544"
"10,49 : 0.3231"
"49,10 : 0.3231"
"10,50 : 0.3758"
"50,10 : 0.3758"
"10,51 : 0.3189"
"51,10 : 0.3189"
"10,52 : 0.2828"
"52,10 : 0.2828"
"10,53 : 0.5334"
"53,10 : 0.5334"
"10,54 : 0.1903"
"54,10 : 0.1903"
"10,55 : 0.2865"
"55,10 : 0.2865"
"10,56 : 0.8139"
"56,10 : 0.8139"
"10,57 : 0.3265"
"57,10 : 0.3265"
"10,58 : 0.4652"
"58,10 : 0.4652"
"10,59 : 0.558"
"59,10 : 0.558"
"10,60 : 0.0316"
"60,10 : 0.0316"
"10,61 : 0.2025"
"61,10 : 0.2025"
"10,62 : 0.1616"
"62,10 : 0.1616"
"10,63 : 0.4327"
"63,10 : 0.4327"
"10,64 : 0.4686"
"64,10 : 0.4686"
"10,65 : 0.364"
"65,10 : 0.364"
"10,66 : 0.3945"
"66,10 : 0.3945"
"10,67 : 0.4393"
"67,10 : 0.4393"
"10,68 : 0.6229"
"68,10 : 0.6229"
"10,69 : 0.1237"
"69,10 : 0.1237"
"10,70 : 0.5049"
"70,10 : 0.5049"
"10,71 : 0.3801"
"71,10 : 0.3801"
"10,72 : 0.4305"
"72,10 : 0.4305"
"10,73 : 0.3636"
"73,10 : 0.3636"
"10,74 : 0.6172"
"74,10 : 0.6172"
"10,75 : 0.2843"
"75,10 : 0.2843"
"10,76 : 0.2402"
"76,10 : 0.2402"
"10,77 : 0.3701"
"77,10 : 0.3701"
"10,78 : 0.3397"
"78,10 : 0.3397"
"10,79 : 0.4904"
"79,10 : 0.4904"
"10,80 : 0.4632"
"80,10 : 0.4632"
"10,81 : 0.5142"
"81,10 : 0.5142"
"10,82 : 0.4686"
"82,10 : 0.4686"
"10,83 : 0.1703"
"83,10 : 0.1703"
"10,84 : 0.3801"
"84,10 : 0.3801"
"10,85 : 0.051"
"85,10 : 0.051"
"10,86 : 0.3406"
"86,10 : 0.3406"
"10,87 : 0.377"
"87,10 : 0.377"
"10,88 : 0.3114"
"88,10 : 0.3114"
"10,89 : 0.4604"
"89,10 : 0.4604"
"10,90 : 0.5025"
"90,10 : 0.5025"
"10,91 : 0.164"
"91,10 : 0.164"
"10,92 : 0.2729"
"92,10 : 0.2729"
"10,93 : 0.3489"
"93,10 : 0.3489"
"10,94 : 0.2915"
"94,10 : 0.2915"
"10,95 : 0.5308"
"95,10 : 0.5308"
"10,96 : 0.2927"
"96,10 : 0.2927"
"10,97 : 0.3214"
"97,10 : 0.3214"
"10,98 : 0.0671"
"98,10 : 0.0671"
"10,99 : 0.2421"
"99,10 : 0.2421"
"11,12 : 0.7106"
"12,11 : 0.7106"
"11,13 : 0.7453"
"13,11 : 0.7453"
"11,14 : 0.3041"
"14,11 : 0.3041"
"11,15 : 0.4682"
"15,11 : 0.4682"
"11,16 : 0.436"
"16,11 : 0.436"
"11,17 : 0.1972"
"17,11 : 0.1972"
"11,18 : 0.2402"
"18,11 : 0.2402"
"11,19 : 0.3828"
"19,11 : 0.3828"
"11,20 : 0.114"
"20,11 : 0.114"
"11,21 : 0.6807"
"21,11 : 0.6807"
"11,22 : 0.6528"
"22,11 : 0.6528"
"11,23 : 0.844"
"23,11 : 0.844"
"11,24 : 0.211"
"24,11 : 0.211"
"11,25 : 0.3002"
"25,11 : 0.3002"
"11,26 : 0.8549"
"26,11 : 0.8549"
"11,27 : 0.2668"
"27,11 : 0.2668"
"11,28 : 0.744"
"28,11 : 0.744"
"11,29 : 0.6896"
"29,11 : 0.6896"
"11,30 : 0.3828"
"30,11 : 0.3828"
"11,31 : 0.5944"
"31,11 : 0.5944"
"11,32 : 0.1118"
"32,11 : 0.1118"
"11,33 : 0.05"
"33,11 : 0.05"
"11,34 : 0.593"
"34,11 : 0.593"
"11,35 : 0.5188"
"35,11 : 0.5188"
"11,36 : 0.5941"
"36,11 : 0.5941"
"11,37 : 0.31"
"37,11 : 0.31"
"11,38 : 0.2062"
"38,11 : 0.2062"
"11,39 : 0.4847"
"39,11 : 0.4847"
"11,40 : 0.7829"
"40,11 : 0.7829"
"11,41 : 0.5629"
"41,11 : 0.5629"
"11,42 : 0.4738"
"42,11 : 0.4738"
"11,43 : 0.7877"
"43,11 : 0.7877"
"11,44 : 0.8421"
"44,11 : 0.8421"
"11,45 : 0.11"
"45,11 : 0.11"
"11,46 : 0.7849"
"46,11 : 0.7849"
"11,47 : 0.636"
"47,11 : 0.636"
"11,48 : 0.5511"
"48,11 : 0.5511"
"11,49 : 0.1603"
"49,11 : 0.1603"
"11,50 : 0.6613"
"50,11 : 0.6613"
"11,51 : 0.7697"
"51,11 : 0.7697"
"11,52 : 0.7292"
"52,11 : 0.7292"
"11,53 : 0.1838"
"53,11 : 0.1838"
"11,54 : 0.2879"
"54,11 : 0.2879"
"11,55 : 0.7527"
"55,11 : 0.7527"
"11,56 : 0.6747"
"56,11 : 0.6747"
"11,57 : 0.1746"
"57,11 : 0.1746"
"11,58 : 0.8465"
"58,11 : 0.8465"
"11,59 : 0.4401"
"59,11 : 0.4401"
"11,60 : 0.4571"
"60,11 : 0.4571"
"11,61 : 0.6673"
"61,11 : 0.6673"
"11,62 : 0.402"
"62,11 : 0.402"
"11,63 : 0.8302"
"63,11 : 0.8302"
"11,64 : 0.9168"
"64,11 : 0.9168"
"11,65 : 0.8352"
"65,11 : 0.8352"
"11,66 : 0.3324"
"66,11 : 0.3324"
"11,67 : 0.6546"
"67,11 : 0.6546"
"11,68 : 0.31"
"68,11 : 0.31"
"11,69 : 0.4876"
"69,11 : 0.4876"
"11,70 : 0.8081"
"70,11 : 0.8081"
"11,71 : 0.8022"
"71,11 : 0.8022"
"11,72 : 0.8932"
"72,11 : 0.8932"
"11,73 : 0.7739"
"73,11 : 0.7739"
"11,74 : 0.5101"
"74,11 : 0.5101"
"11,75 : 0.25"
"75,11 : 0.25"
"11,76 : 0.4876"
"76,11 : 0.4876"
"11,77 : 0.6718"
"77,11 : 0.6718"
"11,78 : 0.7783"
"78,11 : 0.7783"
"11,79 : 0.816"
"79,11 : 0.816"
"11,80 : 0.9231"
"80,11 : 0.9231"
"11,81 : 0.6984"
"81,11 : 0.6984"
"11,82 : 0.422"
"82,11 : 0.422"
"11,83 : 0.3966"
"83,11 : 0.3966"
"11,84 : 0.3124"
"84,11 : 0.3124"
"11,85 : 0.4965"
"85,11 : 0.4965"
"11,86 : 0.1769"
"86,11 : 0.1769"
"11,87 : 0.8106"
"87,11 : 0.8106"
"11,88 : 0.7826"
"88,11 : 0.7826"
"11,89 : 0.17"
"89,11 : 0.17"
"11,90 : 0.153"
"90,11 : 0.153"
"11,91 : 0.3912"
"91,11 : 0.3912"
"11,92 : 0.3547"
"92,11 : 0.3547"
"11,93 : 0.5161"
"93,11 : 0.5161"
"11,94 : 0.7624"
"94,11 : 0.7624"
"11,95 : 0.9713"
"95,11 : 0.9713"
"11,96 : 0.7533"
"96,11 : 0.7533"
"11,97 : 0.6081"
"97,11 : 0.6081"
"11,98 : 0.4079"
"98,11 : 0.4079"
"11,99 : 0.6798"
"99,11 : 0.6798"
"12,13 : 0.0447"
"13,12 : 0.0447"
"12,14 : 0.408"
"14,12 : 0.408"
"12,15 : 0.414"
"15,12 : 0.414"
"12,16 : 0.3517"
"16,12 : 0.3517"
"12,17 : 0.681"
"17,12 : 0.681"
"12,18 : 0.8112"
"18,12 : 0.8112"
"12,19 : 0.6859"
"19,12 : 0.6859"
"12,20 : 0.5967"
"20,12 : 0.5967"
"12,21 : 0.7582"
"21,12 : 0.7582"
"12,22 : 0.2335"
"22,12 : 0.2335"
"12,23 : 0.3302"
"23,12 : 0.3302"
"12,24 : 0.6774"
"24,12 : 0.6774"
"12,25 : 0.8266"
"25,12 : 0.8266"
"12,26 : 0.2012"
"26,12 : 0.2012"
"12,27 : 0.4438"
"27,12 : 0.4438"
"12,28 : 0.4974"
"28,12 : 0.4974"
"12,29 : 0.3712"
"29,12 : 0.3712"
"12,30 : 0.5304"
"30,12 : 0.5304"
"12,31 : 0.9168"
"31,12 : 0.9168"
"12,32 : 0.7262"
"32,12 : 0.7262"
"12,33 : 0.6622"
"33,12 : 0.6622"
"12,34 : 0.7572"
"34,12 : 0.7572"
"12,35 : 0.2404"
"35,12 : 0.2404"
"12,36 : 0.7489"
"36,12 : 0.7489"
"12,37 : 0.7041"
"37,12 : 0.7041"
"12,38 : 0.5315"
"38,12 : 0.5315"
"12,39 : 0.2402"
"39,12 : 0.2402"
"12,40 : 0.2"
"40,12 : 0.2"
"12,41 : 0.8947"
"41,12 : 0.8947"
"12,42 : 0.246"
"42,12 : 0.246"
"12,43 : 0.1082"
"43,12 : 0.1082"
"12,44 : 0.186"
"44,12 : 0.186"
"12,45 : 0.8179"
"45,12 : 0.8179"
"12,46 : 0.4016"
"46,12 : 0.4016"
"12,47 : 0.0806"
"47,12 : 0.0806"
"12,48 : 0.688"
"48,12 : 0.688"
"12,49 : 0.5597"
"49,12 : 0.5597"
"12,50 : 0.4061"
"50,12 : 0.4061"
"12,51 : 0.1503"
"51,12 : 0.1503"
"12,52 : 0.1432"
"52,12 : 0.1432"
"12,53 : 0.76"
"53,12 : 0.76"
"12,54 : 0.4258"
"54,12 : 0.4258"
"12,55 : 0.0825"
"55,12 : 0.0825"
"12,56 : 0.9638"
"56,12 : 0.9638"
"12,57 : 0.5608"
"57,12 : 0.5608"
"12,58 : 0.3612"
"58,12 : 0.3612"
"12,59 : 0.7316"
"59,12 : 0.7316"
"12,60 : 0.2563"
"60,12 : 0.2563"
"12,61 : 0.0781"
"61,12 : 0.0781"
"12,62 : 0.3581"
"62,12 : 0.3581"
"12,63 : 0.327"
"63,12 : 0.327"
"12,64 : 0.2729"
"64,12 : 0.2729"
"12,65 : 0.1304"
"65,12 : 0.1304"
"12,66 : 0.5869"
"66,12 : 0.5869"
"12,67 : 0.4892"
"67,12 : 0.4892"
"12,68 : 0.8405"
"68,12 : 0.8405"
"12,69 : 0.2668"
"69,12 : 0.2668"
"12,70 : 0.4682"
"70,12 : 0.4682"
"12,71 : 0.255"
"71,12 : 0.255"
"12,72 : 0.2126"
"72,12 : 0.2126"
"12,73 : 0.2532"
"73,12 : 0.2532"
"12,74 : 0.7782"
"74,12 : 0.7782"
"12,75 : 0.51"
"75,12 : 0.51"
"12,76 : 0.372"
"76,12 : 0.372"
"12,77 : 0.3801"
"77,12 : 0.3801"
"12,78 : 0.19"
"78,12 : 0.19"
"12,79 : 0.4472"
"79,12 : 0.4472"
"12,80 : 0.2484"
"80,12 : 0.2484"
"12,81 : 0.5622"
"81,12 : 0.5622"
"12,82 : 0.6369"
"82,12 : 0.6369"
"12,83 : 0.3635"
"83,12 : 0.3635"
"12,84 : 0.5826"
"84,12 : 0.5826"
"12,85 : 0.2202"
"85,12 : 0.2202"
"12,86 : 0.5714"
"86,12 : 0.5714"
"12,87 : 0.2332"
"87,12 : 0.2332"
"12,88 : 0.0854"
"88,12 : 0.0854"
"12,89 : 0.6888"
"89,12 : 0.6888"
"12,90 : 0.7335"
"90,12 : 0.7335"
"12,91 : 0.3622"
"91,12 : 0.3622"
"12,92 : 0.4686"
"92,12 : 0.4686"
"12,93 : 0.4632"
"93,12 : 0.4632"
"12,94 : 0.064"
"94,12 : 0.064"
"12,95 : 0.34"
"95,12 : 0.34"
"12,96 : 0.1166"
"96,12 : 0.1166"
"12,97 : 0.3677"
"97,12 : 0.3677"
"12,98 : 0.3036"
"98,12 : 0.3036"
"12,99 : 0.1526"
"99,12 : 0.1526"
"13,14 : 0.4415"
"14,13 : 0.4415"
"13,15 : 0.4245"
"15,13 : 0.4245"
"13,16 : 0.3956"
"16,13 : 0.3956"
"13,17 : 0.7066"
"17,13 : 0.7066"
"13,18 : 0.8365"
"18,13 : 0.8365"
"13,19 : 0.7009"
"19,13 : 0.7009"
"13,20 : 0.6315"
"20,13 : 0.6315"
"13,21 : 0.8016"
"21,13 : 0.8016"
"13,22 : 0.2247"
"22,13 : 0.2247"
"13,23 : 0.3536"
"23,13 : 0.3536"
