x,y
0.1,0.59
0.4,0.08
0.11,0.01
0.43,0.01
0.71,0.32
0.47,0.39
0.93,0.13
0.97,0.34
0.55,0.02
0.15,0.6
0.71,0.21
0.98,0.73
0.14,0.49
0.78,0.88
0.89,0.37
0.39,0.95
0.21,0.19
0.31,0.58
0.15,0.08
0.75,0.96
0.07,0.12
0.88,0.88
0.68,0.67
0.99,0.69
0.14,0.49
0.08,0.97
0.57,0.09
0.64,0.06
0.4,0.41
0.17,0.38
0.45,0.71
0.28,0.37
0.18,0.85
0.98,0.8
0.79,0.71
0.46,0.36
0.49,0.46
0.34,0.51
0.56,0.41
0.99,0.75
0.69,0.04
0.92,0.61
0.56,0.93
0.34,0.66
0.22,0.41
0.79,0.49
0.13,0.05
0.34,0.33
0.57,0.48
0.69,0.46
0.49,0.78
0.81,0.36
0.83,0.67
0.69,0.6
0.47,0.16
0.81,0.6
0.54,0.7
0.11,0.06
0.79,0.04
0.01,0.01
0.07,0.97
0.89,0.02
0.76,0.14
0.6,0.48
0.22,0.58
0.5,0.26
0.37,0.57
0.2,0.15
0.38,0.85
0.47,0.91
0.49,0.54
0.41,0.74
0.94,0.66
0.19,0.2
0.3,0.63
0.38,0.35
0.36,0.35
0.27,0.45
0.38,0.61
0.97,0.31
0.29,0.31
0.71,0.95
0.3,0.57
0.79,0.31
0.68,0.85
0.79,0.28
0.63,0.58
0.58,0.83
0.64,0.91
0.99,0.51
0.09,0.19
0.36,0.5
0.56,0.25
0.35,0.9
0.71,0.07
0.54,0.43
0.14,0.21
0.41,0.78
0.64,0.2
0.37,0.47

Distanze
"0,1 : 0.5917"
"1,0 : 0.5917"
"0,2 : 0.5801"
"2,0 : 0.5801"
"0,3 : 0.6673"
"3,0 : 0.6673"
"0,4 : 0.6671"
"4,0 : 0.6671"
"0,5 : 0.4206"
"5,0 : 0.4206"
"0,6 : 0.9489"
"6,0 : 0.9489"
"0,7 : 0.9052"
"7,0 : 0.9052"
"0,8 : 0.7262"
"8,0 : 0.7262"
"0,9 : 0.051"
"9,0 : 0.051"
"0,10 : 0.7187"
"10,0 : 0.7187"
"0,11 : 0.8911"
"11,0 : 0.8911"
"0,12 : 0.1077"
"12,0 : 0.1077"
"0,13 : 0.7393"
"13,0 : 0.7393"
"0,14 : 0.8201"
"14,0 : 0.8201"
"0,15 : 0.4623"
"15,0 : 0.4623"
"0,16 : 0.4148"
"16,0 : 0.4148"
"0,17 : 0.2102"
"17,0 : 0.2102"
"0,18 : 0.5124"
"18,0 : 0.5124"
"0,19 : 0.7479"
"19,0 : 0.7479"
"0,20 : 0.471"
"20,0 : 0.471"
"0,21 : 0.8322"
"21,0 : 0.8322"
"0,22 : 0.5855"
"22,0 : 0.5855"
"0,23 : 0.8956"
"23,0 : 0.8956"
"0,24 : 0.1077"
"24,0 : 0.1077"
"0,25 : 0.3805"
"25,0 : 0.3805"
"0,26 : 0.6862"
"26,0 : 0.6862"
"0,27 : 0.7566"
"27,0 : 0.7566"
"0,28 : 0.3499"
"28,0 : 0.3499"
"0,29 : 0.2214"
"29,0 : 0.2214"
"0,30 : 0.37"
"30,0 : 0.37"
"0,31 : 0.2843"
"31,0 : 0.2843"
"0,32 : 0.272"
"32,0 : 0.272"
"0,33 : 0.9047"
"33,0 : 0.9047"
"0,34 : 0.7004"
"34,0 : 0.7004"
"0,35 : 0.4272"
"35,0 : 0.4272"
"0,36 : 0.4111"
"36,0 : 0.4111"
"0,37 : 0.253"
"37,0 : 0.253"
"0,38 : 0.494"
"38,0 : 0.494"
"0,39 : 0.9043"
"39,0 : 0.9043"
"0,40 : 0.8066"
"40,0 : 0.8066"
"0,41 : 0.8202"
"41,0 : 0.8202"
"0,42 : 0.572"
"42,0 : 0.572"
"0,43 : 0.25"
"43,0 : 0.25"
"0,44 : 0.2163"
"44,0 : 0.2163"
"0,45 : 0.6972"
"45,0 : 0.6972"
"0,46 : 0.5408"
"46,0 : 0.5408"
"0,47 : 0.3538"
"47,0 : 0.3538"
"0,48 : 0.4827"
"48,0 : 0.4827"
"0,49 : 0.6042"
"49,0 : 0.6042"
"0,50 : 0.4338"
"50,0 : 0.4338"
"0,51 : 0.7463"
"51,0 : 0.7463"
"0,52 : 0.7344"
"52,0 : 0.7344"
"0,53 : 0.5901"
"53,0 : 0.5901"
"0,54 : 0.5673"
"54,0 : 0.5673"
"0,55 : 0.7101"
"55,0 : 0.7101"
"0,56 : 0.4535"
"56,0 : 0.4535"
"0,57 : 0.5301"
"57,0 : 0.5301"
"0,58 : 0.8824"
"58,0 : 0.8824"
"0,59 : 0.5869"
"59,0 : 0.5869"
"0,60 : 0.3812"
"60,0 : 0.3812"
"0,61 : 0.9742"
"61,0 : 0.9742"
"0,62 : 0.7988"
"62,0 : 0.7988"
"0,63 : 0.512"
"63,0 : 0.512"
"0,64 : 0.1204"
"64,0 : 0.1204"
"0,65 : 0.5186"
"65,0 : 0.5186"
"0,66 : 0.2707"
"66,0 : 0.2707"
"0,67 : 0.4512"
"67,0 : 0.4512"
"0,68 : 0.3821"
"68,0 : 0.3821"
"0,69 : 0.4892"
"69,0 : 0.4892"
"0,70 : 0.3932"
"70,0 : 0.3932"
"0,71 : 0.3444"
"71,0 : 0.3444"
"0,72 : 0.8429"
"72,0 : 0.8429"
"0,73 : 0.4002"
"73,0 : 0.4002"
"0,74 : 0.204"
"74,0 : 0.204"
"0,75 : 0.3688"
"75,0 : 0.3688"
"0,76 : 0.3538"
"76,0 : 0.3538"
"0,77 : 0.2202"
"77,0 : 0.2202"
"0,78 : 0.2807"
"78,0 : 0.2807"
"0,79 : 0.9139"
"79,0 : 0.9139"
"0,80 : 0.3384"
"80,0 : 0.3384"
"0,81 : 0.7083"
"81,0 : 0.7083"
"0,82 : 0.201"
"82,0 : 0.201"
"0,83 : 0.7446"
"83,0 : 0.7446"
"0,84 : 0.6356"
"84,0 : 0.6356"
"0,85 : 0.7564"
"85,0 : 0.7564"
"0,86 : 0.5301"
"86,0 : 0.5301"
"0,87 : 0.5367"
"87,0 : 0.5367"
"0,88 : 0.6277"
"88,0 : 0.6277"
"0,89 : 0.8936"
"89,0 : 0.8936"
"0,90 : 0.4001"
"90,0 : 0.4001"
"0,91 : 0.2751"
"91,0 : 0.2751"
"0,92 : 0.572"
"92,0 : 0.572"
"0,93 : 0.3982"
"93,0 : 0.3982"
"0,94 : 0.8016"
"94,0 : 0.8016"
"0,95 : 0.4682"
"95,0 : 0.4682"
"0,96 : 0.3821"
"96,0 : 0.3821"
"0,97 : 0.3636"
"97,0 : 0.3636"
"0,98 : 0.6661"
"98,0 : 0.6661"
"0,99 : 0.2955"
"99,0 : 0.2955"
"1,2 : 0.2983"
"2,1 : 0.2983"
"1,3 : 0.0762"
"3,1 : 0.0762"
"1,4 : 0.392"
"4,1 : 0.392"
"1,5 : 0.3178"
"5,1 : 0.3178"
"1,6 : 0.5324"
"6,1 : 0.5324"
"1,7 : 0.6265"
"7,1 : 0.6265"
"1,8 : 0.1616"
"8,1 : 0.1616"
"1,9 : 0.577"
"9,1 : 0.577"
"1,10 : 0.3362"
"10,1 : 0.3362"
"1,11 : 0.8711"
"11,1 : 0.8711"
"1,12 : 0.4855"
"12,1 : 0.4855"
"1,13 : 0.8857"
"13,1 : 0.8857"
"1,14 : 0.5694"
"14,1 : 0.5694"
"1,15 : 0.8701"
"15,1 : 0.8701"
"1,16 : 0.2195"
"16,1 : 0.2195"
"1,17 : 0.508"
"17,1 : 0.508"
"1,18 : 0.25"
"18,1 : 0.25"
"1,19 : 0.947"
"19,1 : 0.947"
"1,20 : 0.3324"
"20,1 : 0.3324"
"1,21 : 0.933"
"21,1 : 0.933"
"1,22 : 0.6531"
"22,1 : 0.6531"
"1,23 : 0.8486"
"23,1 : 0.8486"
"1,24 : 0.4855"
"24,1 : 0.4855"
"1,25 : 0.9458"
"25,1 : 0.9458"
"1,26 : 0.1703"
"26,1 : 0.1703"
"1,27 : 0.2408"
"27,1 : 0.2408"
"1,28 : 0.33"
"28,1 : 0.33"
"1,29 : 0.378"
"29,1 : 0.378"
"1,30 : 0.632"
"30,1 : 0.632"
"1,31 : 0.3138"
"31,1 : 0.3138"
"1,32 : 0.8008"
"32,1 : 0.8008"
"1,33 : 0.9246"
"33,1 : 0.9246"
"1,34 : 0.7409"
"34,1 : 0.7409"
"1,35 : 0.2864"
"35,1 : 0.2864"
"1,36 : 0.3905"
"36,1 : 0.3905"
"1,37 : 0.4342"
"37,1 : 0.4342"
"1,38 : 0.3667"
"38,1 : 0.3667"
"1,39 : 0.8927"
"39,1 : 0.8927"
"1,40 : 0.2927"
"40,1 : 0.2927"
"1,41 : 0.7425"
"41,1 : 0.7425"
"1,42 : 0.8649"
"42,1 : 0.8649"
"1,43 : 0.5831"
"43,1 : 0.5831"
"1,44 : 0.3759"
"44,1 : 0.3759"
"1,45 : 0.5659"
"45,1 : 0.5659"
"1,46 : 0.2717"
"46,1 : 0.2717"
"1,47 : 0.2571"
"47,1 : 0.2571"
"1,48 : 0.4346"
"48,1 : 0.4346"
"1,49 : 0.478"
"49,1 : 0.478"
"1,50 : 0.7058"
"50,1 : 0.7058"
"1,51 : 0.4965"
"51,1 : 0.4965"
"1,52 : 0.7301"
"52,1 : 0.7301"
"1,53 : 0.5954"
"53,1 : 0.5954"
"1,54 : 0.1063"
"54,1 : 0.1063"
"1,55 : 0.6622"
"55,1 : 0.6622"
"1,56 : 0.6356"
"56,1 : 0.6356"
"1,57 : 0.2907"
"57,1 : 0.2907"
"1,58 : 0.392"
"58,1 : 0.392"
"1,59 : 0.3962"
"59,1 : 0.3962"
"1,60 : 0.9492"
"60,1 : 0.9492"
"1,61 : 0.4937"
"61,1 : 0.4937"
"1,62 : 0.365"
"62,1 : 0.365"
"1,63 : 0.4472"
"63,1 : 0.4472"
"1,64 : 0.5314"
"64,1 : 0.5314"
"1,65 : 0.2059"
"65,1 : 0.2059"
"1,66 : 0.4909"
"66,1 : 0.4909"
"1,67 : 0.2119"
"67,1 : 0.2119"
"1,68 : 0.7703"
"68,1 : 0.7703"
"1,69 : 0.8329"
"69,1 : 0.8329"
"1,70 : 0.4687"
"70,1 : 0.4687"
"1,71 : 0.6601"
"71,1 : 0.6601"
"1,72 : 0.7925"
"72,1 : 0.7925"
"1,73 : 0.2419"
"73,1 : 0.2419"
"1,74 : 0.559"
"74,1 : 0.559"
"1,75 : 0.2707"
"75,1 : 0.2707"
"1,76 : 0.2729"
"76,1 : 0.2729"
"1,77 : 0.3922"
"77,1 : 0.3922"
"1,78 : 0.5304"
"78,1 : 0.5304"
"1,79 : 0.6147"
"79,1 : 0.6147"
"1,80 : 0.255"
"80,1 : 0.255"
"1,81 : 0.9236"
"81,1 : 0.9236"
"1,82 : 0.5001"
"82,1 : 0.5001"
"1,83 : 0.4528"
"83,1 : 0.4528"
"1,84 : 0.8193"
"84,1 : 0.8193"
"1,85 : 0.4383"
"85,1 : 0.4383"
"1,86 : 0.5504"
"86,1 : 0.5504"
"1,87 : 0.7713"
"87,1 : 0.7713"
"1,88 : 0.864"
"88,1 : 0.864"
"1,89 : 0.7301"
"89,1 : 0.7301"
"1,90 : 0.3289"
"90,1 : 0.3289"
"1,91 : 0.4219"
"91,1 : 0.4219"
"1,92 : 0.2335"
"92,1 : 0.2335"
"1,93 : 0.8215"
"93,1 : 0.8215"
"1,94 : 0.3102"
"94,1 : 0.3102"
"1,95 : 0.377"
"95,1 : 0.377"
"1,96 : 0.2907"
"96,1 : 0.2907"
"1,97 : 0.7001"
"97,1 : 0.7001"
"1,98 : 0.2683"
"98,1 : 0.2683"
"1,99 : 0.3912"
"99,1 : 0.3912"
"2,3 : 0.32"
"3,2 : 0.32"
"2,4 : 0.6754"
"4,2 : 0.6754"
"2,5 : 0.5235"
"5,2 : 0.5235"
"2,6 : 0.8287"
"6,2 : 0.8287"
"2,7 : 0.9211"
"7,2 : 0.9211"
"2,8 : 0.4401"
"8,2 : 0.4401"
"2,9 : 0.5914"
"9,2 : 0.5914"
"2,10 : 0.6325"
"10,2 : 0.6325"
"2,11 : 1.1293"
"11,2 : 1.1293"
"2,12 : 0.4809"
"12,2 : 0.4809"
"2,13 : 1.0981"
"13,2 : 1.0981"
"2,14 : 0.8591"
"14,2 : 0.8591"
"2,15 : 0.9808"
"15,2 : 0.9808"
"2,16 : 0.2059"
"16,2 : 0.2059"
"2,17 : 0.6041"
"17,2 : 0.6041"
"2,18 : 0.0806"
"18,2 : 0.0806"
"2,19 : 1.1455"
"19,2 : 1.1455"
"2,20 : 0.117"
"20,2 : 0.117"
"2,21 : 1.1618"
"21,2 : 1.1618"
"2,22 : 0.8721"
"22,2 : 0.8721"
"2,23 : 1.1121"
"23,2 : 1.1121"
"2,24 : 0.4809"
"24,2 : 0.4809"
"2,25 : 0.9605"
"25,2 : 0.9605"
"2,26 : 0.4669"
"26,2 : 0.4669"
"2,27 : 0.5324"
"27,2 : 0.5324"
"2,28 : 0.4941"
"28,2 : 0.4941"
"2,29 : 0.3748"
"29,2 : 0.3748"
"2,30 : 0.7782"
"30,2 : 0.7782"
"2,31 : 0.3981"
"31,2 : 0.3981"
"2,32 : 0.8429"
"32,2 : 0.8429"
"2,33 : 1.1752"
"33,2 : 1.1752"
"2,34 : 0.9759"
"34,2 : 0.9759"
"2,35 : 0.495"
"35,2 : 0.495"
"2,36 : 0.589"
"36,2 : 0.589"
"2,37 : 0.5504"
"37,2 : 0.5504"
"2,38 : 0.6021"
"38,2 : 0.6021"
"2,39 : 1.1498"
"39,2 : 1.1498"
"2,40 : 0.5808"
"40,2 : 0.5808"
"2,41 : 1.008"
"41,2 : 1.008"
"2,42 : 1.0242"
"42,2 : 1.0242"
"2,43 : 0.6895"
"43,2 : 0.6895"
"2,44 : 0.4148"
"44,2 : 0.4148"
"2,45 : 0.8323"
"45,2 : 0.8323"
"2,46 : 0.0447"
"46,2 : 0.0447"
"2,47 : 0.3941"
"47,2 : 0.3941"
"2,48 : 0.6576"
"48,2 : 0.6576"
"2,49 : 0.7341"
"49,2 : 0.7341"
"2,50 : 0.8587"
"50,2 : 0.8587"
"2,51 : 0.7826"
"51,2 : 0.7826"
"2,52 : 0.9767"
"52,2 : 0.9767"
"2,53 : 0.8273"
"53,2 : 0.8273"
"2,54 : 0.39"
"54,2 : 0.39"
"2,55 : 0.9155"
"55,2 : 0.9155"
"2,56 : 0.813"
"56,2 : 0.813"
"2,57 : 0.05"
"57,2 : 0.05"
"2,58 : 0.6807"
"58,2 : 0.6807"
"2,59 : 0.1"
"59,2 : 0.1"
"2,60 : 0.9608"
"60,2 : 0.9608"
"2,61 : 0.7801"
"61,2 : 0.7801"
"2,62 : 0.6629"
"62,2 : 0.6629"
"2,63 : 0.679"
"63,2 : 0.679"
"2,64 : 0.5805"
"64,2 : 0.5805"
"2,65 : 0.4632"
"65,2 : 0.4632"
"2,66 : 0.6174"
"66,2 : 0.6174"
"2,67 : 0.1664"
"67,2 : 0.1664"
"2,68 : 0.8823"
"68,2 : 0.8823"
"2,69 : 0.9693"
"69,2 : 0.9693"
"2,70 : 0.6522"
"70,2 : 0.6522"
"2,71 : 0.7892"
"71,2 : 0.7892"
"2,72 : 1.0542"
"72,2 : 1.0542"
"2,73 : 0.2062"
"73,2 : 0.2062"
"2,74 : 0.6485"
"74,2 : 0.6485"
"2,75 : 0.4342"
"75,2 : 0.4342"
"2,76 : 0.422"
"76,2 : 0.422"
"2,77 : 0.4682"
"77,2 : 0.4682"
"2,78 : 0.658"
"78,2 : 0.658"
"2,79 : 0.9108"
"79,2 : 0.9108"
"2,80 : 0.3499"
"80,2 : 0.3499"
"2,81 : 1.1152"
"81,2 : 1.1152"
"2,82 : 0.5914"
"82,2 : 0.5914"
"2,83 : 0.7432"
"83,2 : 0.7432"
"2,84 : 1.0151"
"84,2 : 1.0151"
"2,85 : 0.7316"
"85,2 : 0.7316"
"2,86 : 0.7716"
"86,2 : 0.7716"
"2,87 : 0.9451"
"87,2 : 0.9451"
"2,88 : 1.0445"
"88,2 : 1.0445"
"2,89 : 1.0121"
"89,2 : 1.0121"
"2,90 : 0.1811"
"90,2 : 0.1811"
"2,91 : 0.5501"
"91,2 : 0.5501"
"2,92 : 0.51"
"92,2 : 0.51"
"2,93 : 0.9218"
"93,2 : 0.9218"
"2,94 : 0.603"
"94,2 : 0.603"
"2,95 : 0.6011"
"95,2 : 0.6011"
"2,96 : 0.2022"
"96,2 : 0.2022"
"2,97 : 0.8264"
"97,2 : 0.8264"
"2,98 : 0.563"
"98,2 : 0.563"
"2,99 : 0.5284"
"99,2 : 0.5284"
"3,4 : 0.4177"
"4,3 : 0.4177"
"3,5 : 0.3821"
"5,3 : 0.3821"
"3,6 : 0.5142"
"6,3 : 0.5142"
"3,7 : 0.6329"
"7,3 : 0.6329"
"3,8 : 0.1204"
"8,3 : 0.1204"
"3,9 : 0.6531"
"9,3 : 0.6531"
"3,10 : 0.3441"
"10,3 : 0.3441"
"3,11 : 0.906"
"11,3 : 0.906"
"3,12 : 0.5608"
"12,3 : 0.5608"
"3,13 : 0.9378"
"13,3 : 0.9378"
"3,14 : 0.5841"
"14,3 : 0.5841"
"3,15 : 0.9409"
"15,3 : 0.9409"
"3,16 : 0.2843"
"16,3 : 0.2843"
"3,17 : 0.5825"
"17,3 : 0.5825"
"3,18 : 0.2886"
"18,3 : 0.2886"
"3,19 : 1.0024"
"19,3 : 1.0024"
"3,20 : 0.3764"
"20,3 : 0.3764"
"3,21 : 0.9795"
"21,3 : 0.9795"
"3,22 : 0.7058"
"22,3 : 0.7058"
"3,23 : 0.8809"
"23,3 : 0.8809"
"3,24 : 0.5608"
"24,3 : 0.5608"
"3,25 : 1.0218"
"25,3 : 1.0218"
"3,26 : 0.1612"
"26,3 : 0.1612"
"3,27 : 0.2159"
"27,3 : 0.2159"
"3,28 : 0.4011"
"28,3 : 0.4011"
"3,29 : 0.4522"
"29,3 : 0.4522"
"3,30 : 0.7003"
"30,3 : 0.7003"
"3,31 : 0.39"
"31,3 : 0.39"
"3,32 : 0.8764"
"32,3 : 0.8764"
"3,33 : 0.9626"
"33,3 : 0.9626"
"3,34 : 0.7871"
"34,3 : 0.7871"
"3,35 : 0.3513"
"35,3 : 0.3513"
"3,36 : 0.454"
"36,3 : 0.454"
"3,37 : 0.508"
"37,3 : 0.508"
"3,38 : 0.4206"
"38,3 : 0.4206"
"3,39 : 0.928"
"39,3 : 0.928"
"3,40 : 0.2617"
"40,3 : 0.2617"
"3,41 : 0.7747"
"41,3 : 0.7747"
"3,42 : 0.9291"
"42,3 : 0.9291"
"3,43 : 0.6562"
"43,3 : 0.6562"
"3,44 : 0.4518"
"44,3 : 0.4518"
"3,45 : 0.6"
"45,3 : 0.6"
"3,46 : 0.3027"
"46,3 : 0.3027"
"3,47 : 0.3324"
"47,3 : 0.3324"
"3,48 : 0.4904"
"48,3 : 0.4904"
"3,49 : 0.5197"
"49,3 : 0.5197"
"3,50 : 0.7723"
"50,3 : 0.7723"
"3,51 : 0.5166"
"51,3 : 0.5166"
"3,52 : 0.7718"
"52,3 : 0.7718"
"3,53 : 0.6447"
"53,3 : 0.6447"
"3,54 : 0.1552"
"54,3 : 0.1552"
"3,55 : 0.7018"
"55,3 : 0.7018"
"3,56 : 0.6987"
"56,3 : 0.6987"
"3,57 : 0.3239"
"57,3 : 0.3239"
"3,58 : 0.3612"
"58,3 : 0.3612"
"3,59 : 0.42"
"59,3 : 0.42"
"3,60 : 1.0253"
"60,3 : 1.0253"
"3,61 : 0.4601"
"61,3 : 0.4601"
"3,62 : 0.3547"
"62,3 : 0.3547"
"3,63 : 0.4998"
"63,3 : 0.4998"
"3,64 : 0.6075"
"64,3 : 0.6075"
"3,65 : 0.2596"
"65,3 : 0.2596"
"3,66 : 0.5632"
"66,3 : 0.5632"
"3,67 : 0.2693"
"67,3 : 0.2693"
"3,68 : 0.8415"
"68,3 : 0.8415"
"3,69 : 0.9009"
"69,3 : 0.9009"
"3,70 : 0.5334"
"70,3 : 0.5334"
"3,71 : 0.7303"
"71,3 : 0.7303"
"3,72 : 0.8262"
"72,3 : 0.8262"
"3,73 : 0.3061"
"73,3 : 0.3061"
"3,74 : 0.6335"
"74,3 : 0.6335"
"3,75 : 0.3437"
"75,3 : 0.3437"
"3,76 : 0.3471"
"76,3 : 0.3471"
"3,77 : 0.4682"
"77,3 : 0.4682"
"3,78 : 0.6021"
"78,3 : 0.6021"
"3,79 : 0.6177"
"79,3 : 0.6177"
"3,80 : 0.3311"
"80,3 : 0.3311"
"3,81 : 0.9808"
"81,3 : 0.9808"
"3,82 : 0.5749"
"82,3 : 0.5749"
"3,83 : 0.4686"
"83,3 : 0.4686"
"3,84 : 0.8764"
"84,3 : 0.8764"
"3,85 : 0.45"
"85,3 : 0.45"
"3,86 : 0.6041"
"86,3 : 0.6041"
"3,87 : 0.8336"
"87,3 : 0.8336"
"3,88 : 0.9242"
"88,3 : 0.9242"
"3,89 : 0.7507"
"89,3 : 0.7507"
"3,90 : 0.3847"
"90,3 : 0.3847"
"3,91 : 0.495"
"91,3 : 0.495"
"3,92 : 0.2729"
"92,3 : 0.2729"
"3,93 : 0.8936"
"93,3 : 0.8936"
"3,94 : 0.2864"
"94,3 : 0.2864"
"3,95 : 0.4342"
"95,3 : 0.4342"
"3,96 : 0.3523"
"96,3 : 0.3523"
"3,97 : 0.7703"
"97,3 : 0.7703"
"3,98 : 0.2832"
"98,3 : 0.2832"
"3,99 : 0.4639"
"99,3 : 0.4639"
"4,5 : 0.25"
"5,4 : 0.25"
"4,6 : 0.2907"
"6,4 : 0.2907"
"4,7 : 0.2608"
"7,4 : 0.2608"
"4,8 : 0.34"
"8,4 : 0.34"
"4,9 : 0.6261"
"9,4 : 0.6261"
"4,10 : 0.11"
"10,4 : 0.11"
"4,11 : 0.4909"
"11,4 : 0.4909"
"4,12 : 0.5948"
"12,4 : 0.5948"
"4,13 : 0.5644"
"13,4 : 0.5644"
"4,14 : 0.1868"
"14,4 : 0.1868"
"4,15 : 0.7066"
"15,4 : 0.7066"
"4,16 : 0.5166"
"16,4 : 0.5166"
"4,17 : 0.4771"
"17,4 : 0.4771"
"4,18 : 0.6093"
"18,4 : 0.6093"
"4,19 : 0.6412"
"19,4 : 0.6412"
"4,20 : 0.6705"
"20,4 : 0.6705"
"4,21 : 0.5852"
"21,4 : 0.5852"
"4,22 : 0.3513"
"22,4 : 0.3513"
"4,23 : 0.464"
"23,4 : 0.464"
"4,24 : 0.5948"
"24,4 : 0.5948"
"4,25 : 0.9052"
"25,4 : 0.9052"
"4,26 : 0.2693"
"26,4 : 0.2693"
"4,27 : 0.2693"
"27,4 : 0.2693"
"4,28 : 0.3228"
"28,4 : 0.3228"
"4,29 : 0.5433"
"29,4 : 0.5433"
"4,30 : 0.4687"
"30,4 : 0.4687"
"4,31 : 0.4329"
"31,4 : 0.4329"
"4,32 : 0.7495"
"32,4 : 0.7495"
"4,33 : 0.5507"
"33,4 : 0.5507"
"4,34 : 0.3981"
"34,4 : 0.3981"
"4,35 : 0.2532"
"35,4 : 0.2532"
"4,36 : 0.2608"
"36,4 : 0.2608"
"4,37 : 0.4159"
"37,4 : 0.4159"
"4,38 : 0.1749"
"38,4 : 0.1749"
"4,39 : 0.5131"
"39,4 : 0.5131"
"4,40 : 0.2807"
"40,4 : 0.2807"
"4,41 : 0.3581"
"41,4 : 0.3581"
"4,42 : 0.6282"
"42,4 : 0.6282"
"4,43 : 0.5025"
"43,4 : 0.5025"
"4,44 : 0.4982"
"44,4 : 0.4982"
"4,45 : 0.1879"
"45,4 : 0.1879"
"4,46 : 0.6398"
"46,4 : 0.6398"
"4,47 : 0.3701"
"47,4 : 0.3701"
"4,48 : 0.2126"
"48,4 : 0.2126"
"4,49 : 0.1414"
"49,4 : 0.1414"
"4,50 : 0.5099"
"50,4 : 0.5099"
"4,51 : 0.1077"
"51,4 : 0.1077"
"4,52 : 0.37"
"52,4 : 0.37"
"4,53 : 0.2807"
"53,4 : 0.2807"
"4,54 : 0.2884"
"54,4 : 0.2884"
"4,55 : 0.2973"
"55,4 : 0.2973"
"4,56 : 0.4163"
"56,4 : 0.4163"
"4,57 : 0.6539"
"57,4 : 0.6539"
"4,58 : 0.2912"
"58,4 : 0.2912"
"4,59 : 0.7656"
"59,4 : 0.7656"
"4,60 : 0.9122"
"60,4 : 0.9122"
"4,61 : 0.3499"
"61,4 : 0.3499"
"4,62 : 0.1868"
"62,4 : 0.1868"
"4,63 : 0.1942"
"63,4 : 0.1942"
"4,64 : 0.5547"
"64,4 : 0.5547"
"4,65 : 0.2184"
"65,4 : 0.2184"
"4,66 : 0.422"
"66,4 : 0.422"
"4,67 : 0.5376"
"67,4 : 0.5376"
"4,68 : 0.6243"
"68,4 : 0.6243"
"4,69 : 0.6369"
"69,4 : 0.6369"
"4,70 : 0.3111"
"70,4 : 0.3111"
"4,71 : 0.5161"
"71,4 : 0.5161"
"4,72 : 0.4105"
"72,4 : 0.4105"
"4,73 : 0.5337"
"73,4 : 0.5337"
"4,74 : 0.514"
"74,4 : 0.514"
"4,75 : 0.3314"
"75,4 : 0.3314"
"4,76 : 0.3513"
"76,4 : 0.3513"
"4,77 : 0.4588"
"77,4 : 0.4588"
"4,78 : 0.4393"
"78,4 : 0.4393"
"4,79 : 0.2602"
"79,4 : 0.2602"
"4,80 : 0.4201"
"80,4 : 0.4201"
"4,81 : 0.63"
"81,4 : 0.63"
"4,82 : 0.4802"
"82,4 : 0.4802"
"4,83 : 0.0806"
"83,4 : 0.0806"
"4,84 : 0.5308"
"84,4 : 0.5308"
"4,85 : 0.0894"
"85,4 : 0.0894"
"4,86 : 0.272"
"86,4 : 0.272"
"4,87 : 0.5263"
"87,4 : 0.5263"
"4,88 : 0.5941"
"88,4 : 0.5941"
"4,89 : 0.3384"
"89,4 : 0.3384"
"4,90 : 0.6335"
"90,4 : 0.6335"
"4,91 : 0.3936"
"91,4 : 0.3936"
"4,92 : 0.1655"
"92,4 : 0.1655"
"4,93 : 0.6826"
"93,4 : 0.6826"
"4,94 : 0.25"
"94,4 : 0.25"
"4,95 : 0.2025"
"95,4 : 0.2025"
"4,96 : 0.5805"
"96,4 : 0.5805"
"4,97 : 0.5492"
"97,4 : 0.5492"
"4,98 : 0.1389"
"98,4 : 0.1389"
"4,99 : 0.3716"
"99,4 : 0.3716"
"5,6 : 0.5284"
"6,5 : 0.5284"
"5,7 : 0.5025"
"7,5 : 0.5025"
"5,8 : 0.3785"
"8,5 : 0.3785"
"5,9 : 0.3828"
"9,5 : 0.3828"
"5,10 : 0.3"
"10,5 : 0.3"
"5,11 : 0.6129"
"11,5 : 0.6129"
"5,12 : 0.3448"
"12,5 : 0.3448"
"5,13 : 0.5798"
"13,5 : 0.5798"
"5,14 : 0.4205"
"14,5 : 0.4205"
"5,15 : 0.5657"
"15,5 : 0.5657"
"5,16 : 0.328"
"16,5 : 0.328"
"5,17 : 0.2484"
"17,5 : 0.2484"
"5,18 : 0.4455"
"18,5 : 0.4455"
"5,19 : 0.6351"
"19,5 : 0.6351"
"5,20 : 0.4826"
"20,5 : 0.4826"
"5,21 : 0.6389"
"21,5 : 0.6389"
"5,22 : 0.35"
"22,5 : 0.35"
"5,23 : 0.6003"
"23,5 : 0.6003"
"5,24 : 0.3448"
"24,5 : 0.3448"
"5,25 : 0.6989"
"25,5 : 0.6989"
"5,26 : 0.3162"
"26,5 : 0.3162"
"5,27 : 0.3712"
"27,5 : 0.3712"
"5,28 : 0.0728"
"28,5 : 0.0728"
"5,29 : 0.3002"
"29,5 : 0.3002"
"5,30 : 0.3206"
"30,5 : 0.3206"
"5,31 : 0.191"
"31,5 : 0.191"
"5,32 : 0.5438"
"32,5 : 0.5438"
"5,33 : 0.6544"
"33,5 : 0.6544"
"5,34 : 0.4525"
"34,5 : 0.4525"
"5,35 : 0.0316"
"35,5 : 0.0316"
"5,36 : 0.0728"
"36,5 : 0.0728"
"5,37 : 0.1769"
"37,5 : 0.1769"
"5,38 : 0.0922"
"38,5 : 0.0922"
"5,39 : 0.6325"
"39,5 : 0.6325"
"5,40 : 0.4134"
"40,5 : 0.4134"
"5,41 : 0.5009"
"41,5 : 0.5009"
"5,42 : 0.5474"
"42,5 : 0.5474"
"5,43 : 0.2997"
"43,5 : 0.2997"
"5,44 : 0.2508"
"44,5 : 0.2508"
"5,45 : 0.3353"
"45,5 : 0.3353"
"5,46 : 0.4808"
"46,5 : 0.4808"
"5,47 : 0.1432"
"47,5 : 0.1432"
"5,48 : 0.1345"
"48,5 : 0.1345"
"5,49 : 0.2309"
"49,5 : 0.2309"
"5,50 : 0.3905"
"50,5 : 0.3905"
"5,51 : 0.3413"
"51,5 : 0.3413"
"5,52 : 0.4561"
"52,5 : 0.4561"
"5,53 : 0.3041"
"53,5 : 0.3041"
"5,54 : 0.23"
"54,5 : 0.23"
"5,55 : 0.3996"
"55,5 : 0.3996"
"5,56 : 0.3178"
"56,5 : 0.3178"
"5,57 : 0.4884"
"57,5 : 0.4884"
"5,58 : 0.4742"
"58,5 : 0.4742"
"5,59 : 0.5967"
"59,5 : 0.5967"
"5,60 : 0.7046"
"60,5 : 0.7046"
"5,61 : 0.5597"
"61,5 : 0.5597"
"5,62 : 0.3829"
"62,5 : 0.3829"
"5,63 : 0.1581"
"63,5 : 0.1581"
"5,64 : 0.314"
"64,5 : 0.314"
"5,65 : 0.1334"
"65,5 : 0.1334"
"5,66 : 0.2059"
"66,5 : 0.2059"
"5,67 : 0.3612"
"67,5 : 0.3612"
"5,68 : 0.4687"
"68,5 : 0.4687"
"5,69 : 0.52"
"69,5 : 0.52"
"5,70 : 0.1513"
"70,5 : 0.1513"
"5,71 : 0.3551"
"71,5 : 0.3551"
"5,72 : 0.542"
"72,5 : 0.542"
"5,73 : 0.3384"
"73,5 : 0.3384"
"5,74 : 0.2941"
"74,5 : 0.2941"
"5,75 : 0.0985"
"75,5 : 0.0985"
"5,76 : 0.117"
"76,5 : 0.117"
"5,77 : 0.2088"
"77,5 : 0.2088"
"5,78 : 0.2377"
"78,5 : 0.2377"
"5,79 : 0.5064"
"79,5 : 0.5064"
"5,80 : 0.197"
"80,5 : 0.197"
"5,81 : 0.6093"
"81,5 : 0.6093"
"5,82 : 0.2476"
"82,5 : 0.2476"
"5,83 : 0.3298"
"83,5 : 0.3298"
"5,84 : 0.5057"
"84,5 : 0.5057"
"5,85 : 0.3384"
"85,5 : 0.3384"
"5,86 : 0.2484"
"86,5 : 0.2484"
"5,87 : 0.4535"
"87,5 : 0.4535"
"5,88 : 0.5471"
"88,5 : 0.5471"
"5,89 : 0.5337"
"89,5 : 0.5337"
"5,90 : 0.4294"
"90,5 : 0.4294"
"5,91 : 0.1556"
"91,5 : 0.1556"
"5,92 : 0.1664"
"92,5 : 0.1664"
"5,93 : 0.5239"
"93,5 : 0.5239"
"5,94 : 0.4"
"94,5 : 0.4"
"5,95 : 0.0806"
"95,5 : 0.0806"
"5,96 : 0.3759"
"96,5 : 0.3759"
"5,97 : 0.3946"
"97,5 : 0.3946"
"5,98 : 0.255"
"98,5 : 0.255"
"5,99 : 0.1281"
"99,5 : 0.1281"
"6,7 : 0.2138"
"7,6 : 0.2138"
"6,8 : 0.3956"
"8,6 : 0.3956"
"6,9 : 0.9107"
"9,6 : 0.9107"
"6,10 : 0.2341"
"10,6 : 0.2341"
"6,11 : 0.6021"
"11,6 : 0.6021"
"6,12 : 0.8682"
"12,6 : 0.8682"
"6,13 : 0.7649"
"13,6 : 0.7649"
"6,14 : 0.2433"
"14,6 : 0.2433"
"6,15 : 0.9818"
"15,6 : 0.9818"
"6,16 : 0.7225"
"16,6 : 0.7225"
"6,17 : 0.7661"
"17,6 : 0.7661"
"6,18 : 0.7816"
"18,6 : 0.7816"
"6,19 : 0.8493"
"19,6 : 0.8493"
"6,20 : 0.8601"
"20,6 : 0.8601"
"6,21 : 0.7517"
"21,6 : 0.7517"
"6,22 : 0.5951"
"22,6 : 0.5951"
"6,23 : 0.5632"
"23,6 : 0.5632"
"6,24 : 0.8682"
"24,6 : 0.8682"
"6,25 : 1.195"
"25,6 : 1.195"
"6,26 : 0.3622"
"26,6 : 0.3622"
"6,27 : 0.2983"
"27,6 : 0.2983"
"6,28 : 0.5994"
"28,6 : 0.5994"
"6,29 : 0.8001"
"29,6 : 0.8001"
"6,30 : 0.7529"
"30,6 : 0.7529"
"6,31 : 0.6929"
"31,6 : 0.6929"
"6,32 : 1.0397"
"32,6 : 1.0397"
"6,33 : 0.6719"
"33,6 : 0.6719"
"6,34 : 0.5967"
"34,6 : 0.5967"
"6,35 : 0.5233"
"35,6 : 0.5233"
"6,36 : 0.55"
"36,6 : 0.55"
"6,37 : 0.7018"
"37,6 : 0.7018"
"6,38 : 0.464"
"38,6 : 0.464"
"6,39 : 0.6229"
"39,6 : 0.6229"
"6,40 : 0.2563"
"40,6 : 0.2563"
"6,41 : 0.4801"
"41,6 : 0.4801"
"6,42 : 0.8814"
"42,6 : 0.8814"
"6,43 : 0.7931"
"43,6 : 0.7931"
"6,44 : 0.7632"
"44,6 : 0.7632"
"6,45 : 0.3863"
"45,6 : 0.3863"
"6,46 : 0.804"
"46,6 : 0.804"
"6,47 : 0.623"
"47,6 : 0.623"
"6,48 : 0.5021"
"48,6 : 0.5021"
"6,49 : 0.408"
"49,6 : 0.408"
"6,50 : 0.7849"
"50,6 : 0.7849"
"6,51 : 0.2594"
"51,6 : 0.2594"
"6,52 : 0.5492"
"52,6 : 0.5492"
"6,53 : 0.5277"
"53,6 : 0.5277"
"6,54 : 0.461"
"54,6 : 0.461"
"6,55 : 0.4851"
"55,6 : 0.4851"
"6,56 : 0.6907"
"56,6 : 0.6907"
"6,57 : 0.823"
"57,6 : 0.823"
"6,58 : 0.1664"
"58,6 : 0.1664"
"6,59 : 0.9278"
"59,6 : 0.9278"
"6,60 : 1.2022"
"60,6 : 1.2022"
"6,61 : 0.117"
"61,6 : 0.117"
"6,62 : 0.1703"
"62,6 : 0.1703"
"6,63 : 0.481"
"63,6 : 0.481"
"6,64 : 0.8406"
"64,6 : 0.8406"
"6,65 : 0.4492"
"65,6 : 0.4492"
"6,66 : 0.7122"
"66,6 : 0.7122"
"6,67 : 0.7303"
"67,6 : 0.7303"
"6,68 : 0.906"
"68,6 : 0.906"
"6,69 : 0.9055"
"69,6 : 0.9055"
"6,70 : 0.6014"
"70,6 : 0.6014"
"6,71 : 0.8016"
"71,6 : 0.8016"
"6,72 : 0.5301"
"72,6 : 0.5301"
"6,73 : 0.7433"
"73,6 : 0.7433"
"6,74 : 0.8043"
"74,6 : 0.8043"
"6,75 : 0.5924"
"75,6 : 0.5924"
"6,76 : 0.611"
"76,6 : 0.611"
"6,77 : 0.7335"
"77,6 : 0.7335"
"6,78 : 0.73"
"78,6 : 0.73"
"6,79 : 0.1844"
"79,6 : 0.1844"
"6,80 : 0.6648"
"80,6 : 0.6648"
"6,81 : 0.849"
"81,6 : 0.849"
"6,82 : 0.7684"
"82,6 : 0.7684"
"6,83 : 0.228"
"83,6 : 0.228"
"6,84 : 0.7622"
"84,6 : 0.7622"
"6,85 : 0.2052"
"85,6 : 0.2052"
"6,86 : 0.5408"
"86,6 : 0.5408"
"6,87 : 0.7826"
"87,6 : 0.7826"
"6,88 : 0.8322"
"88,6 : 0.8322"
"6,89 : 0.3847"
"89,6 : 0.3847"
"6,90 : 0.8421"
"90,6 : 0.8421"
"6,91 : 0.6796"
"91,6 : 0.6796"
"6,92 : 0.389"
"92,6 : 0.389"
"6,93 : 0.964"
"93,6 : 0.964"
"6,94 : 0.228"
"94,6 : 0.228"
"6,95 : 0.492"
"95,6 : 0.492"
"6,96 : 0.794"
"96,6 : 0.794"
"6,97 : 0.8324"
"97,6 : 0.8324"
"6,98 : 0.2983"
"98,6 : 0.2983"
"6,99 : 0.6551"
"99,6 : 0.6551"
"7,8 : 0.528"
"8,7 : 0.528"
"7,9 : 0.8602"
"9,7 : 0.8602"
"7,10 : 0.2907"
"10,7 : 0.2907"
"7,11 : 0.3901"
"11,7 : 0.3901"
"7,12 : 0.8434"
"12,7 : 0.8434"
"7,13 : 0.5725"
"13,7 : 0.5725"
"7,14 : 0.0854"
"14,7 : 0.0854"
"7,15 : 0.8417"
"15,7 : 0.8417"
"7,16 : 0.7747"
"16,7 : 0.7747"
"7,17 : 0.7023"
"17,7 : 0.7023"
"7,18 : 0.8602"
"18,7 : 0.8602"
"7,19 : 0.6579"
"19,7 : 0.6579"
"7,20 : 0.9265"
"20,7 : 0.9265"
"7,21 : 0.5474"
"21,7 : 0.5474"
"7,22 : 0.4393"
"22,7 : 0.4393"
"7,23 : 0.3506"
"23,7 : 0.3506"
"7,24 : 0.8434"
"24,7 : 0.8434"
"7,25 : 1.0904"
"25,7 : 1.0904"
"7,26 : 0.4717"
"26,7 : 0.4717"
"7,27 : 0.4328"
"27,7 : 0.4328"
"7,28 : 0.5743"
"28,7 : 0.5743"
"7,29 : 0.801"
"29,7 : 0.801"
"7,30 : 0.6382"
"30,7 : 0.6382"
"7,31 : 0.6907"
"31,7 : 0.6907"
"7,32 : 0.9403"
"32,7 : 0.9403"
"7,33 : 0.4601"
"33,7 : 0.4601"
"7,34 : 0.4115"
"34,7 : 0.4115"
"7,35 : 0.5104"
"35,7 : 0.5104"
"7,36 : 0.4948"
"36,7 : 0.4948"
"7,37 : 0.6525"
"37,7 : 0.6525"
"7,38 : 0.4159"
"38,7 : 0.4159"
"7,39 : 0.4105"
"39,7 : 0.4105"
"7,40 : 0.4104"
"40,7 : 0.4104"
"7,41 : 0.2746"
"41,7 : 0.2746"
"7,42 : 0.7185"
"42,7 : 0.7185"
"7,43 : 0.7066"
"43,7 : 0.7066"
"7,44 : 0.7533"
"44,7 : 0.7533"
"7,45 : 0.2343"
"45,7 : 0.2343"
"7,46 : 0.8887"
"46,7 : 0.8887"
"7,47 : 0.6301"
"47,7 : 0.6301"
"7,48 : 0.4238"
"48,7 : 0.4238"
"7,49 : 0.3046"
"49,7 : 0.3046"
"7,50 : 0.6512"
"50,7 : 0.6512"
"7,51 : 0.1612"
"51,7 : 0.1612"
"7,52 : 0.3585"
"52,7 : 0.3585"
"7,53 : 0.3821"
"53,7 : 0.3821"
"7,54 : 0.5314"
"54,7 : 0.5314"
"7,55 : 0.3053"
"55,7 : 0.3053"
"7,56 : 0.5608"
"56,7 : 0.5608"
"7,57 : 0.9044"
"57,7 : 0.9044"
"7,58 : 0.3499"
"58,7 : 0.3499"
"7,59 : 1.0151"
"59,7 : 1.0151"
"7,60 : 1.0986"
"60,7 : 1.0986"
"7,61 : 0.3298"
"61,7 : 0.3298"
"7,62 : 0.29"
"62,7 : 0.29"
"7,63 : 0.3956"
"63,7 : 0.3956"
"7,64 : 0.7875"
"64,7 : 0.7875"
"7,65 : 0.4768"
"65,7 : 0.4768"
"7,66 : 0.6426"
"66,7 : 0.6426"
"7,67 : 0.7931"
"67,7 : 0.7931"
"7,68 : 0.7799"
"68,7 : 0.7799"
"7,69 : 0.7582"
"69,7 : 0.7582"
"7,70 : 0.52"
"70,7 : 0.52"
"7,71 : 0.6882"
"71,7 : 0.6882"
"7,72 : 0.3214"
"72,7 : 0.3214"
"7,73 : 0.7925"
"73,7 : 0.7925"
"7,74 : 0.7301"
"74,7 : 0.7301"
"7,75 : 0.5901"
"75,7 : 0.5901"
"7,76 : 0.6101"
"76,7 : 0.6101"
"7,77 : 0.7086"
"77,7 : 0.7086"
"7,78 : 0.6488"
"78,7 : 0.6488"
"7,79 : 0.03"
"79,7 : 0.03"
"7,80 : 0.6807"
"80,7 : 0.6807"
"7,81 : 0.6631"
"81,7 : 0.6631"
"7,82 : 0.7084"
"82,7 : 0.7084"
"7,83 : 0.1825"
"83,7 : 0.1825"
"7,84 : 0.5867"
"84,7 : 0.5867"
"7,85 : 0.1897"
"85,7 : 0.1897"
"7,86 : 0.4162"
"86,7 : 0.4162"
"7,87 : 0.6263"
"87,7 : 0.6263"
"7,88 : 0.6586"
"88,7 : 0.6586"
"7,89 : 0.1712"
"89,7 : 0.1712"
"7,90 : 0.8927"
"90,7 : 0.8927"
"7,91 : 0.6306"
"91,7 : 0.6306"
"7,92 : 0.4198"
"92,7 : 0.4198"
"7,93 : 0.8355"
"93,7 : 0.8355"
"7,94 : 0.3748"
"94,7 : 0.3748"
"7,95 : 0.4393"
"95,7 : 0.4393"
"7,96 : 0.8401"
"96,7 : 0.8401"
"7,97 : 0.7122"
"97,7 : 0.7122"
"7,98 : 0.3585"
"98,7 : 0.3585"
"7,99 : 0.6139"
"99,7 : 0.6139"
"8,9 : 0.7046"
"9,8 : 0.7046"
"8,10 : 0.2484"
"10,8 : 0.2484"
"8,11 : 0.8301"
"11,8 : 0.8301"
"8,12 : 0.6237"
"12,8 : 0.6237"
"8,13 : 0.8902"
"13,8 : 0.8902"
"8,14 : 0.488"
"14,8 : 0.488"
"8,15 : 0.9437"
"15,8 : 0.9437"
"8,16 : 0.3801"
"16,8 : 0.3801"
"8,17 : 0.6093"
"17,8 : 0.6093"
"8,18 : 0.4045"
"18,8 : 0.4045"
"8,19 : 0.961"
"19,8 : 0.961"
"8,20 : 0.4903"
"20,8 : 0.4903"
"8,21 : 0.9211"
"21,8 : 0.9211"
"8,22 : 0.6629"
"22,8 : 0.6629"
"8,23 : 0.8016"
"23,8 : 0.8016"
"8,24 : 0.6237"
"24,8 : 0.6237"
"8,25 : 1.0599"
"25,8 : 1.0599"
"8,26 : 0.0728"
"26,8 : 0.0728"
"8,27 : 0.0985"
"27,8 : 0.0985"
"8,28 : 0.4179"
"28,8 : 0.4179"
"8,29 : 0.5235"
"29,8 : 0.5235"
"8,30 : 0.6972"
"30,8 : 0.6972"
"8,31 : 0.442"
"31,8 : 0.442"
"8,32 : 0.9087"
"32,8 : 0.9087"
"8,33 : 0.8907"
"33,8 : 0.8907"
"8,34 : 0.7305"
"34,8 : 0.7305"
"8,35 : 0.3517"
"35,8 : 0.3517"
"8,36 : 0.4441"
"36,8 : 0.4441"
"8,37 : 0.5331"
"37,8 : 0.5331"
"8,38 : 0.3901"
"38,8 : 0.3901"
"8,39 : 0.8523"
"39,8 : 0.8523"
"8,40 : 0.1414"
"40,8 : 0.1414"
"8,41 : 0.6964"
"41,8 : 0.6964"
"8,42 : 0.9101"
"42,8 : 0.9101"
"8,43 : 0.6736"
"43,8 : 0.6736"
"8,44 : 0.5109"
"44,8 : 0.5109"
"8,45 : 0.5277"
"45,8 : 0.5277"
"8,46 : 0.4211"
"46,8 : 0.4211"
"8,47 : 0.3744"
"47,8 : 0.3744"
"8,48 : 0.4604"
"48,8 : 0.4604"
"8,49 : 0.4617"
"49,8 : 0.4617"
"8,50 : 0.7624"
"50,8 : 0.7624"
"8,51 : 0.428"
"51,8 : 0.428"
"8,52 : 0.7077"
"52,8 : 0.7077"
"8,53 : 0.5967"
"53,8 : 0.5967"
"8,54 : 0.1612"
"54,8 : 0.1612"
"8,55 : 0.6356"
"55,8 : 0.6356"
"8,56 : 0.6801"
"56,8 : 0.6801"
"8,57 : 0.4418"
"57,8 : 0.4418"
"8,58 : 0.2408"
"58,8 : 0.2408"
"8,59 : 0.5401"
"59,8 : 0.5401"
"8,60 : 1.0644"
"60,8 : 1.0644"
"8,61 : 0.34"
"61,8 : 0.34"
"8,62 : 0.2419"
"62,8 : 0.2419"
"8,63 : 0.4627"
"63,8 : 0.4627"
"8,64 : 0.65"
"64,8 : 0.65"
"8,65 : 0.2452"
"65,8 : 0.2452"
"8,66 : 0.5787"
"66,8 : 0.5787"
"8,67 : 0.3734"
"67,8 : 0.3734"
"8,68 : 0.8472"
"68,8 : 0.8472"
"8,69 : 0.8936"
"69,8 : 0.8936"
"8,70 : 0.5235"
"70,8 : 0.5235"
"8,71 : 0.7335"
"71,8 : 0.7335"
"8,72 : 0.7495"
"72,8 : 0.7495"
"8,73 : 0.4025"
"73,8 : 0.4025"
"8,74 : 0.6592"
"74,8 : 0.6592"
"8,75 : 0.3712"
"75,8 : 0.3712"
"8,76 : 0.3808"
"76,8 : 0.3808"
"8,77 : 0.5131"
"77,8 : 0.5131"
"8,78 : 0.614"
"78,8 : 0.614"
"8,79 : 0.5104"
"79,8 : 0.5104"
"8,80 : 0.3895"
"80,8 : 0.3895"
"8,81 : 0.9437"
"81,8 : 0.9437"
"8,82 : 0.6042"
"82,8 : 0.6042"
"8,83 : 0.3764"
"83,8 : 0.3764"
"8,84 : 0.8401"
"84,8 : 0.8401"
"8,85 : 0.3538"
"85,8 : 0.3538"
"8,86 : 0.5657"
"86,8 : 0.5657"
"8,87 : 0.8106"
"87,8 : 0.8106"
"8,88 : 0.8945"
"88,8 : 0.8945"
"8,89 : 0.6586"
"89,8 : 0.6586"
"8,90 : 0.4904"
"90,8 : 0.4904"
"8,91 : 0.5162"
"91,8 : 0.5162"
"8,92 : 0.2302"
"92,8 : 0.2302"
"8,93 : 0.9024"
"93,8 : 0.9024"
"8,94 : 0.1676"
"94,8 : 0.1676"
"8,95 : 0.4101"
"95,8 : 0.4101"
"8,96 : 0.4519"
"96,8 : 0.4519"
"8,97 : 0.7728"
"97,8 : 0.7728"
"8,98 : 0.2012"
"98,8 : 0.2012"
"8,99 : 0.4847"
"99,8 : 0.4847"
"9,10 : 0.6824"
"10,9 : 0.6824"
"9,11 : 0.8401"
"11,9 : 0.8401"
"9,12 : 0.1105"
"12,9 : 0.1105"
"9,13 : 0.6894"
"13,9 : 0.6894"
"9,14 : 0.7749"
"14,9 : 0.7749"
"9,15 : 0.4244"
"15,9 : 0.4244"
"9,16 : 0.4144"
"16,9 : 0.4144"
"9,17 : 0.1612"
"17,9 : 0.1612"
"9,18 : 0.52"
"18,9 : 0.52"
"9,19 : 0.6997"
"19,9 : 0.6997"
"9,20 : 0.4866"
"20,9 : 0.4866"
"9,21 : 0.7819"
"21,9 : 0.7819"
"9,22 : 0.5346"
"22,9 : 0.5346"
"9,23 : 0.8448"
"23,9 : 0.8448"
"9,24 : 0.1105"
"24,9 : 0.1105"
"9,25 : 0.3766"
"25,9 : 0.3766"
"9,26 : 0.6607"
"26,9 : 0.6607"
"9,27 : 0.7292"
"27,9 : 0.7292"
"9,28 : 0.314"
"28,9 : 0.314"
"9,29 : 0.2209"
"29,9 : 0.2209"
"9,30 : 0.3195"
"30,9 : 0.3195"
"9,31 : 0.2642"
"31,9 : 0.2642"
"9,32 : 0.2518"
"32,9 : 0.2518"
"9,33 : 0.8538"
"33,9 : 0.8538"
"9,34 : 0.6494"
"34,9 : 0.6494"
"9,35 : 0.392"
"35,9 : 0.392"
"9,36 : 0.3677"
"36,9 : 0.3677"
"9,37 : 0.2102"
"37,9 : 0.2102"
"9,38 : 0.4519"
"38,9 : 0.4519"
"9,39 : 0.8533"
"39,9 : 0.8533"
"9,40 : 0.7779"
"40,9 : 0.7779"
"9,41 : 0.7701"
"41,9 : 0.7701"
"9,42 : 0.5263"
"42,9 : 0.5263"
"9,43 : 0.1992"
"43,9 : 0.1992"
"9,44 : 0.2025"
"44,9 : 0.2025"
"9,45 : 0.6494"
"45,9 : 0.6494"
"9,46 : 0.5504"
"46,9 : 0.5504"
"9,47 : 0.3302"
"47,9 : 0.3302"
"9,48 : 0.4368"
"48,9 : 0.4368"
"9,49 : 0.5579"
"49,9 : 0.5579"
"9,50 : 0.3847"
"50,9 : 0.3847"
"9,51 : 0.7023"
"51,9 : 0.7023"
"9,52 : 0.6836"
"52,9 : 0.6836"
"9,53 : 0.54"
"53,9 : 0.54"
"9,54 : 0.5441"
"54,9 : 0.5441"
"9,55 : 0.66"
"55,9 : 0.66"
"9,56 : 0.4026"
"56,9 : 0.4026"
"9,57 : 0.5415"
"57,9 : 0.5415"
"9,58 : 0.8504"
"58,9 : 0.8504"
"9,59 : 0.6064"
"59,9 : 0.6064"
"9,60 : 0.3785"
"60,9 : 0.3785"
"9,61 : 0.9402"
"61,9 : 0.9402"
"9,62 : 0.764"
"62,9 : 0.764"
"9,63 : 0.4657"
"63,9 : 0.4657"
"9,64 : 0.0728"
"64,9 : 0.0728"
"9,65 : 0.488"
"65,9 : 0.488"
"9,66 : 0.222"
"66,9 : 0.222"
"9,67 : 0.4528"
"67,9 : 0.4528"
"9,68 : 0.3397"
"68,9 : 0.3397"
"9,69 : 0.4455"
"69,9 : 0.4455"
"9,70 : 0.3453"
"70,9 : 0.3453"
"9,71 : 0.2953"
"71,9 : 0.2953"
"9,72 : 0.7923"
"72,9 : 0.7923"
"9,73 : 0.402"
"73,9 : 0.402"
"9,74 : 0.153"
"74,9 : 0.153"
"9,75 : 0.3397"
"75,9 : 0.3397"
"9,76 : 0.3265"
"76,9 : 0.3265"
"9,77 : 0.1921"
"77,9 : 0.1921"
"9,78 : 0.2302"
"78,9 : 0.2302"
"9,79 : 0.8698"
"79,9 : 0.8698"
"9,80 : 0.322"
"80,9 : 0.322"
"9,81 : 0.6604"
"81,9 : 0.6604"
"9,82 : 0.153"
"82,9 : 0.153"
"9,83 : 0.7026"
"83,9 : 0.7026"
"9,84 : 0.586"
"84,9 : 0.586"
"9,85 : 0.7155"
"85,9 : 0.7155"
"9,86 : 0.4804"
"86,9 : 0.4804"
"9,87 : 0.4876"
"87,9 : 0.4876"
"9,88 : 0.5798"
"88,9 : 0.5798"
"9,89 : 0.8448"
"89,9 : 0.8448"
"9,90 : 0.4144"
"90,9 : 0.4144"
"9,91 : 0.2326"
"91,9 : 0.2326"
"9,92 : 0.5391"
"92,9 : 0.5391"
"9,93 : 0.3606"
"93,9 : 0.3606"
"9,94 : 0.771"
"94,9 : 0.771"
"9,95 : 0.4254"
"95,9 : 0.4254"
"9,96 : 0.3901"
"96,9 : 0.3901"
"9,97 : 0.3162"
"97,9 : 0.3162"
"9,98 : 0.6325"
"98,9 : 0.6325"
"9,99 : 0.2555"
"99,9 : 0.2555"
"10,11 : 0.5859"
"11,10 : 0.5859"
"10,12 : 0.6351"
"12,10 : 0.6351"
"10,13 : 0.6736"
"13,10 : 0.6736"
"10,14 : 0.2408"
"14,10 : 0.2408"
"10,15 : 0.8062"
"15,10 : 0.8062"
"10,16 : 0.5004"
"16,10 : 0.5004"
"10,17 : 0.5449"
"17,10 : 0.5449"
"10,18 : 0.5749"
"18,10 : 0.5749"
"10,19 : 0.7511"
"19,10 : 0.7511"
"10,20 : 0.6463"
"20,10 : 0.6463"
"10,21 : 0.6912"
"21,10 : 0.6912"
"10,22 : 0.461"
"22,10 : 0.461"
"10,23 : 0.5557"
"23,10 : 0.5557"
"10,24 : 0.6351"
"24,10 : 0.6351"
"10,25 : 0.9872"
"25,10 : 0.9872"
"10,26 : 0.1844"
"26,10 : 0.1844"
"10,27 : 0.1655"
"27,10 : 0.1655"
"10,28 : 0.3689"
"28,10 : 0.3689"
"10,29 : 0.5661"
"29,10 : 0.5661"
"10,30 : 0.5636"
"30,10 : 0.5636"
"10,31 : 0.4588"
"31,10 : 0.4588"
"10,32 : 0.831"
"32,10 : 0.831"
"10,33 : 0.6488"
"33,10 : 0.6488"
"10,34 : 0.5064"
"34,10 : 0.5064"
"10,35 : 0.2915"
"35,10 : 0.2915"
"10,36 : 0.333"
"36,10 : 0.333"
"10,37 : 0.4763"
"37,10 : 0.4763"
"10,38 : 0.25"
"38,10 : 0.25"
"10,39 : 0.6083"
"39,10 : 0.6083"
"10,40 : 0.1712"
"40,10 : 0.1712"
"10,41 : 0.4518"
"41,10 : 0.4518"
"10,42 : 0.7355"
"42,10 : 0.7355"
"10,43 : 0.5826"
"43,10 : 0.5826"
"10,44 : 0.5292"
"44,10 : 0.5292"
"10,45 : 0.2912"
"45,10 : 0.2912"
"10,46 : 0.6017"
"46,10 : 0.6017"
"10,47 : 0.389"
"47,10 : 0.389"
"10,48 : 0.3041"
"48,10 : 0.3041"
"10,49 : 0.2508"
"49,10 : 0.2508"
"10,50 : 0.611"
"50,10 : 0.611"
"10,51 : 0.1803"
"51,10 : 0.1803"
"10,52 : 0.4754"
"52,10 : 0.4754"
"10,53 : 0.3905"
"53,10 : 0.3905"
"10,54 : 0.2452"
"54,10 : 0.2452"
"10,55 : 0.4026"
"55,10 : 0.4026"
"10,56 : 0.5187"
"56,10 : 0.5187"
"10,57 : 0.6185"
"57,10 : 0.6185"
"10,58 : 0.1879"
"58,10 : 0.1879"
"10,59 : 0.728"
"59,10 : 0.728"
"10,60 : 0.9936"
"60,10 : 0.9936"
"10,61 : 0.2617"
"61,10 : 0.2617"
"10,62 : 0.086"
"62,10 : 0.086"
"10,63 : 0.2915"
"63,10 : 0.2915"
"10,64 : 0.614"
"64,10 : 0.614"
"10,65 : 0.2159"
"65,10 : 0.2159"
"10,66 : 0.4952"
"66,10 : 0.4952"
"10,67 : 0.5135"
"67,10 : 0.5135"
"10,68 : 0.7201"
"68,10 : 0.7201"
"10,69 : 0.74"
"69,10 : 0.74"
"10,70 : 0.3966"
"70,10 : 0.3966"
"10,71 : 0.609"
"71,10 : 0.609"
"10,72 : 0.5054"
"72,10 : 0.5054"
"10,73 : 0.5201"
"73,10 : 0.5201"
"10,74 : 0.5869"
"74,10 : 0.5869"
"10,75 : 0.3585"
"75,10 : 0.3585"
"10,76 : 0.377"
"76,10 : 0.377"
"10,77 : 0.5012"
"77,10 : 0.5012"
"10,78 : 0.5186"
"78,10 : 0.5186"
"10,79 : 0.2786"
"79,10 : 0.2786"
"10,80 : 0.4317"
"80,10 : 0.4317"
"10,81 : 0.74"
"81,10 : 0.74"
"10,82 : 0.5456"
"82,10 : 0.5456"
"10,83 : 0.1281"
"83,10 : 0.1281"
"10,84 : 0.6407"
"84,10 : 0.6407"
"10,85 : 0.1063"
"85,10 : 0.1063"
"10,86 : 0.3785"
"86,10 : 0.3785"
"10,87 : 0.6335"
"87,10 : 0.6335"
"10,88 : 0.7035"
"88,10 : 0.7035"
"10,89 : 0.4104"
"89,10 : 0.4104"
"10,90 : 0.6203"
"90,10 : 0.6203"
"10,91 : 0.4545"
"91,10 : 0.4545"
"10,92 : 0.1552"
"92,10 : 0.1552"
"10,93 : 0.7783"
"93,10 : 0.7783"
"10,94 : 0.14"
"94,10 : 0.14"
"10,95 : 0.278"
"95,10 : 0.278"
"10,96 : 0.57"
"96,10 : 0.57"
"10,97 : 0.6441"
"97,10 : 0.6441"
"10,98 : 0.0707"
"98,10 : 0.0707"
"10,99 : 0.428"
"99,10 : 0.428"
"11,12 : 0.8736"
"12,11 : 0.8736"
"11,13 : 0.25"
"13,11 : 0.25"
"11,14 : 0.3711"
"14,11 : 0.3711"
"11,15 : 0.6297"
"15,11 : 0.6297"
"11,16 : 0.9405"
"16,11 : 0.9405"
"11,17 : 0.6866"
"17,11 : 0.6866"
"11,18 : 1.0542"
"18,11 : 1.0542"
"11,19 : 0.3253"
"19,11 : 0.3253"
"11,20 : 1.0955"
"20,11 : 1.0955"
"11,21 : 0.1803"
"21,11 : 0.1803"
"11,22 : 0.3059"
"22,11 : 0.3059"
"11,23 : 0.0412"
"23,11 : 0.0412"
"11,24 : 0.8736"
"24,11 : 0.8736"
"11,25 : 0.9315"
"25,11 : 0.9315"
"11,26 : 0.7601"
"26,11 : 0.7601"
"11,27 : 0.7513"
"27,11 : 0.7513"
"11,28 : 0.6624"
"28,11 : 0.6624"
"11,29 : 0.8824"
"29,11 : 0.8824"
"11,30 : 0.5304"
"30,11 : 0.5304"
"11,31 : 0.7871"
"31,11 : 0.7871"
"11,32 : 0.8089"
"32,11 : 0.8089"
"11,33 : 0.07"
"33,11 : 0.07"
"11,34 : 0.191"
"34,11 : 0.191"
"11,35 : 0.6382"
"35,11 : 0.6382"
"11,36 : 0.5595"
"36,11 : 0.5595"
"11,37 : 0.6768"
"37,11 : 0.6768"
"11,38 : 0.528"
"38,11 : 0.528"
"11,39 : 0.0224"
"39,11 : 0.0224"
"11,40 : 0.7485"
"40,11 : 0.7485"
"11,41 : 0.1342"
"41,11 : 0.1342"
"11,42 : 0.4652"
"42,11 : 0.4652"
"11,43 : 0.6438"
"43,11 : 0.6438"
"11,44 : 0.8246"
"44,11 : 0.8246"
"11,45 : 0.3061"
"45,11 : 0.3061"
"11,46 : 1.0885"
"46,11 : 1.0885"
"11,47 : 0.7547"
"47,11 : 0.7547"
"11,48 : 0.4802"
"48,11 : 0.4802"
"11,49 : 0.3962"
"49,11 : 0.3962"
"11,50 : 0.4925"
"50,11 : 0.4925"
"11,51 : 0.4072"
"51,11 : 0.4072"
"11,52 : 0.1616"
"52,11 : 0.1616"
"11,53 : 0.3178"
"53,11 : 0.3178"
"11,54 : 0.7649"
"54,11 : 0.7649"
"11,55 : 0.214"
"55,11 : 0.214"
"11,56 : 0.441"
"56,11 : 0.441"
"11,57 : 1.0981"
"57,11 : 1.0981"
"11,58 : 0.7157"
"58,11 : 0.7157"
"11,59 : 1.208"
"59,11 : 1.208"
"11,60 : 0.9411"
"60,11 : 0.9411"
"11,61 : 0.7157"
"61,11 : 0.7157"
"11,62 : 0.6297"
"62,11 : 0.6297"
"11,63 : 0.4549"
"63,11 : 0.4549"
"11,64 : 0.7747"
"64,11 : 0.7747"
"11,65 : 0.6718"
"65,11 : 0.6718"
"11,66 : 0.6306"
"66,11 : 0.6306"
"11,67 : 0.972"
"67,11 : 0.972"
"11,68 : 0.6119"
"68,11 : 0.6119"
"11,69 : 0.5408"
"69,11 : 0.5408"
"11,70 : 0.5255"
"70,11 : 0.5255"
"11,71 : 0.5701"
"71,11 : 0.5701"
"11,72 : 0.0806"
"72,11 : 0.0806"
"11,73 : 0.9513"
"73,11 : 0.9513"
"11,74 : 0.6873"
"74,11 : 0.6873"
"11,75 : 0.7102"
"75,11 : 0.7102"
"11,76 : 0.7272"
"76,11 : 0.7272"
"11,77 : 0.7632"
"77,11 : 0.7632"
"11,78 : 0.6119"
"78,11 : 0.6119"
"11,79 : 0.4201"
"79,11 : 0.4201"
"11,80 : 0.8078"
"80,11 : 0.8078"
"11,81 : 0.3483"
"81,11 : 0.3483"
"11,82 : 0.6986"
"82,11 : 0.6986"
"11,83 : 0.461"
"83,11 : 0.461"
"11,84 : 0.3231"
"84,11 : 0.3231"
"11,85 : 0.4885"
"85,11 : 0.4885"
"11,86 : 0.3808"
"86,11 : 0.3808"
"11,87 : 0.4123"
"87,11 : 0.4123"
"11,88 : 0.3847"
"88,11 : 0.3847"
"11,89 : 0.2202"
"89,11 : 0.2202"
"11,90 : 1.041"
"90,11 : 1.041"
"11,91 : 0.6613"
"91,11 : 0.6613"
"11,92 : 0.6378"
"92,11 : 0.6378"
"11,93 : 0.6525"
"93,11 : 0.6525"
"11,94 : 0.7131"
"94,11 : 0.7131"
"11,95 : 0.5325"
"95,11 : 0.5325"
"11,96 : 0.9879"
"96,11 : 0.9879"
"11,97 : 0.5722"
"97,11 : 0.5722"
"11,98 : 0.6297"
"98,11 : 0.6297"
"11,99 : 0.6631"
"99,11 : 0.6631"
"12,13 : 0.7495"
"13,12 : 0.7495"
"12,14 : 0.7595"
"14,12 : 0.7595"
"12,15 : 0.5235"
"15,12 : 0.5235"
"12,16 : 0.3081"
"16,12 : 0.3081"
"12,17 : 0.1924"
"17,12 : 0.1924"
"12,18 : 0.4101"
"18,12 : 0.4101"
"12,19 : 0.7701"
"19,12 : 0.7701"
"12,20 : 0.3766"
"20,12 : 0.3766"
"12,21 : 0.8365"
"21,12 : 0.8365"
"12,22 : 0.5692"
"22,12 : 0.5692"
"12,23 : 0.8732"
"23,12 : 0.8732"
"12,24 : 0.0"
"24,12 : 0.0"
"12,25 : 0.4837"
"25,12 : 0.4837"
"12,26 : 0.5873"
"26,12 : 0.5873"
"12,27 : 0.6595"
"27,12 : 0.6595"
"12,28 : 0.272"
"28,12 : 0.272"
"12,29 : 0.114"
"29,12 : 0.114"
"12,30 : 0.3801"
"30,12 : 0.3801"
"12,31 : 0.1844"
"31,12 : 0.1844"
"12,32 : 0.3622"
"32,12 : 0.3622"
"12,33 : 0.8954"
"33,12 : 0.8954"
"12,34 : 0.6862"
"34,12 : 0.6862"
"12,35 : 0.3454"
"35,12 : 0.3454"
"12,36 : 0.3513"
"36,12 : 0.3513"
"12,37 : 0.201"
"37,12 : 0.201"
"12,38 : 0.4276"
"38,12 : 0.4276"
"12,39 : 0.8889"
"39,12 : 0.8889"
"12,40 : 0.7106"
"40,12 : 0.7106"
"12,41 : 0.7892"
"41,12 : 0.7892"
"12,42 : 0.6083"
"42,12 : 0.6083"
"12,43 : 0.2625"
"43,12 : 0.2625"
"12,44 : 0.1131"
"44,12 : 0.1131"
"12,45 : 0.65"
"45,12 : 0.65"
"12,46 : 0.4401"
"46,12 : 0.4401"
"12,47 : 0.2561"
"47,12 : 0.2561"
"12,48 : 0.4301"
"48,12 : 0.4301"
"12,49 : 0.5508"
"49,12 : 0.5508"
"12,50 : 0.4545"
"50,12 : 0.4545"
"12,51 : 0.6825"
"51,12 : 0.6825"
"12,52 : 0.7131"
"52,12 : 0.7131"
"12,53 : 0.5609"
"53,12 : 0.5609"
"12,54 : 0.4667"
"54,12 : 0.4667"
"12,55 : 0.679"
"55,12 : 0.679"
"12,56 : 0.4518"
"56,12 : 0.4518"
"12,57 : 0.431"
"57,12 : 0.431"
"12,58 : 0.7906"
"58,12 : 0.7906"
"12,59 : 0.4973"
"59,12 : 0.4973"
"12,60 : 0.4851"
"60,12 : 0.4851"
"12,61 : 0.8851"
"61,12 : 0.8851"
"12,62 : 0.712"
"62,12 : 0.712"
"12,63 : 0.4601"
"63,12 : 0.4601"
"12,64 : 0.1204"
"64,12 : 0.1204"
"12,65 : 0.4272"
"65,12 : 0.4272"
"12,66 : 0.2435"
"66,12 : 0.2435"
"12,67 : 0.3453"
"67,12 : 0.3453"
"12,68 : 0.4327"
"68,12 : 0.4327"
"12,69 : 0.5341"
"69,12 : 0.5341"
"12,70 : 0.3536"
"70,12 : 0.3536"
"12,71 : 0.368"
"71,12 : 0.368"
"12,72 : 0.8179"
"72,12 : 0.8179"
"12,73 : 0.2943"
"73,12 : 0.2943"
"12,74 : 0.2126"
"74,12 : 0.2126"
"12,75 : 0.2778"
"75,12 : 0.2778"
"12,76 : 0.2608"
"76,12 : 0.2608"
"12,77 : 0.136"
"77,12 : 0.136"
"12,78 : 0.2683"
"78,12 : 0.2683"
"12,79 : 0.8493"
"79,12 : 0.8493"
"12,80 : 0.2343"
"80,12 : 0.2343"
"12,81 : 0.7325"
"81,12 : 0.7325"
"12,82 : 0.1789"
"82,12 : 0.1789"
"12,83 : 0.6745"
"83,12 : 0.6745"
"12,84 : 0.649"
"84,12 : 0.649"
"12,85 : 0.6831"
"85,12 : 0.6831"
"12,86 : 0.4982"
"86,12 : 0.4982"
"12,87 : 0.5561"
"87,12 : 0.5561"
"12,88 : 0.653"
"88,12 : 0.653"
"12,89 : 0.8502"
"89,12 : 0.8502"
"12,90 : 0.3041"
"90,12 : 0.3041"
"12,91 : 0.2202"
"91,12 : 0.2202"
"12,92 : 0.4837"
"92,12 : 0.4837"
"12,93 : 0.4607"
"93,12 : 0.4607"
"12,94 : 0.708"
"94,12 : 0.708"
"12,95 : 0.4045"
"95,12 : 0.4045"
"12,96 : 0.28"
"96,12 : 0.28"
"12,97 : 0.3962"
"97,12 : 0.3962"
"12,98 : 0.578"
"98,12 : 0.578"
"12,99 : 0.2309"
"99,12 : 0.2309"
"13,14 : 0.5217"
"14,13 : 0.5217"
"13,15 : 0.3962"
"15,13 : 0.3962"
"13,16 : 0.895"
"16,13 : 0.895"
"13,17 : 0.5576"
"17,13 : 0.5576"
"13,18 : 1.0183"
"18,13 : 1.0183"
"13,19 : 0.0854"
"19,13 : 0.0854"
"13,20 : 1.04"
"20,13 : 1.04"
"13,21 : 0.1"
"21,13 : 0.1"
"13,22 : 0.2326"
"22,13 : 0.2326"
