x,y
0.97,0.37
0.47,0.9
0.52,0.89
0.77,0.44
0.99,0.15
0.22,0.0
0.29,0.61
0.28,0.72
0.03,0.51
0.61,0.22
0.32,0.69
0.32,0.53
0.2,0.23
0.83,0.15
0.38,0.35
0.21,0.99
0.52,0.06
0.08,0.46
0.61,0.68
0.15,0.06
0.93,0.14
0.37,0.0
0.92,0.79
0.73,0.12
0.53,0.28
0.92,0.56
0.06,0.25
0.51,0.88
0.47,0.87
0.55,0.85
0.62,0.32
0.1,0.12
0.64,0.51
0.09,0.74
0.05,0.53
0.3,0.18
0.08,0.86
0.1,0.59
0.97,0.26
0.51,0.16
0.54,0.48
0.82,0.68
0.63,0.77
0.91,0.07
0.06,0.61
0.34,0.52
0.61,0.69
0.48,0.64
0.13,0.85
0.14,0.97
0.67,0.69
0.44,0.03
0.32,0.77
0.02,0.85
0.46,0.3
0.09,0.42
0.06,0.34
0.22,0.6
0.42,0.09
0.67,0.47
0.17,0.95
0.45,0.82
0.09,0.7
0.91,0.43
0.82,0.11
0.54,0.32
0.61,0.09
0.34,0.88
0.83,0.57
0.26,0.58
0.2,0.78
0.35,0.33
0.73,0.98
0.17,0.06
0.46,0.33
0.93,0.73
0.74,0.21
0.72,0.13
0.09,0.98
0.13,0.54
0.29,0.39
0.43,0.98
0.91,0.73
0.92,0.65
0.47,0.62
0.5,0.69
0.51,0.57
0.78,0.7
0.72,0.44
0.7,0.92
0.71,0.5
0.57,0.32
0.59,0.64
0.45,0.63
0.96,0.2
0.64,0.55
0.91,0.9
0.37,0.59
0.64,0.89
0.56,0.85

Distanze
"0,1 : 0.7286"
"1,0 : 0.7286"
"0,2 : 0.6877"
"2,0 : 0.6877"
"0,3 : 0.2119"
"3,0 : 0.2119"
"0,4 : 0.2209"
"4,0 : 0.2209"
"0,5 : 0.8363"
"5,0 : 0.8363"
"0,6 : 0.7211"
"6,0 : 0.7211"
"0,7 : 0.7737"
"7,0 : 0.7737"
"0,8 : 0.9504"
"8,0 : 0.9504"
"0,9 : 0.39"
"9,0 : 0.39"
"0,10 : 0.7245"
"10,0 : 0.7245"
"0,11 : 0.6694"
"11,0 : 0.6694"
"0,12 : 0.7826"
"12,0 : 0.7826"
"0,13 : 0.2608"
"13,0 : 0.2608"
"0,14 : 0.5903"
"14,0 : 0.5903"
"0,15 : 0.9808"
"15,0 : 0.9808"
"0,16 : 0.5464"
"16,0 : 0.5464"
"0,17 : 0.8945"
"17,0 : 0.8945"
"0,18 : 0.4751"
"18,0 : 0.4751"
"0,19 : 0.8766"
"19,0 : 0.8766"
"0,20 : 0.2335"
"20,0 : 0.2335"
"0,21 : 0.7049"
"21,0 : 0.7049"
"0,22 : 0.423"
"22,0 : 0.423"
"0,23 : 0.3466"
"23,0 : 0.3466"
"0,24 : 0.4491"
"24,0 : 0.4491"
"0,25 : 0.1965"
"25,0 : 0.1965"
"0,26 : 0.9179"
"26,0 : 0.9179"
"0,27 : 0.6868"
"27,0 : 0.6868"
"0,28 : 0.7071"
"28,0 : 0.7071"
"0,29 : 0.6378"
"29,0 : 0.6378"
"0,30 : 0.3536"
"30,0 : 0.3536"
"0,31 : 0.9052"
"31,0 : 0.9052"
"0,32 : 0.3585"
"32,0 : 0.3585"
"0,33 : 0.9546"
"33,0 : 0.9546"
"0,34 : 0.9338"
"34,0 : 0.9338"
"0,35 : 0.6964"
"35,0 : 0.6964"
"0,36 : 1.016"
"36,0 : 1.016"
"0,37 : 0.8974"
"37,0 : 0.8974"
"0,38 : 0.11"
"38,0 : 0.11"
"0,39 : 0.5057"
"39,0 : 0.5057"
"0,40 : 0.4438"
"40,0 : 0.4438"
"0,41 : 0.3444"
"41,0 : 0.3444"
"0,42 : 0.525"
"42,0 : 0.525"
"0,43 : 0.3059"
"43,0 : 0.3059"
"0,44 : 0.9411"
"44,0 : 0.9411"
"0,45 : 0.6476"
"45,0 : 0.6476"
"0,46 : 0.4817"
"46,0 : 0.4817"
"0,47 : 0.5595"
"47,0 : 0.5595"
"0,48 : 0.9675"
"48,0 : 0.9675"
"0,49 : 1.0242"
"49,0 : 1.0242"
"0,50 : 0.4386"
"50,0 : 0.4386"
"0,51 : 0.6297"
"51,0 : 0.6297"
"0,52 : 0.7632"
"52,0 : 0.7632"
"0,53 : 1.0644"
"53,0 : 1.0644"
"0,54 : 0.5148"
"54,0 : 0.5148"
"0,55 : 0.8814"
"55,0 : 0.8814"
"0,56 : 0.9105"
"56,0 : 0.9105"
"0,57 : 0.7845"
"57,0 : 0.7845"
"0,58 : 0.6172"
"58,0 : 0.6172"
"0,59 : 0.3162"
"59,0 : 0.3162"
"0,60 : 0.9881"
"60,0 : 0.9881"
"0,61 : 0.6877"
"61,0 : 0.6877"
"0,62 : 0.9398"
"62,0 : 0.9398"
"0,63 : 0.0849"
"63,0 : 0.0849"
"0,64 : 0.3002"
"64,0 : 0.3002"
"0,65 : 0.4329"
"65,0 : 0.4329"
"0,66 : 0.4561"
"66,0 : 0.4561"
"0,67 : 0.8106"
"67,0 : 0.8106"
"0,68 : 0.2441"
"68,0 : 0.2441"
"0,69 : 0.7404"
"69,0 : 0.7404"
"0,70 : 0.8724"
"70,0 : 0.8724"
"0,71 : 0.6213"
"71,0 : 0.6213"
"0,72 : 0.6555"
"72,0 : 0.6555"
"0,73 : 0.858"
"73,0 : 0.858"
"0,74 : 0.5116"
"74,0 : 0.5116"
"0,75 : 0.3622"
"75,0 : 0.3622"
"0,76 : 0.2802"
"76,0 : 0.2802"
"0,77 : 0.3466"
"77,0 : 0.3466"
"0,78 : 1.0707"
"78,0 : 1.0707"
"0,79 : 0.857"
"79,0 : 0.857"
"0,80 : 0.6803"
"80,0 : 0.6803"
"0,81 : 0.8147"
"81,0 : 0.8147"
"0,82 : 0.365"
"82,0 : 0.365"
"0,83 : 0.2844"
"83,0 : 0.2844"
"0,84 : 0.559"
"84,0 : 0.559"
"0,85 : 0.5686"
"85,0 : 0.5686"
"0,86 : 0.5016"
"86,0 : 0.5016"
"0,87 : 0.3808"
"87,0 : 0.3808"
"0,88 : 0.2596"
"88,0 : 0.2596"
"0,89 : 0.6127"
"89,0 : 0.6127"
"0,90 : 0.2907"
"90,0 : 0.2907"
"0,91 : 0.4031"
"91,0 : 0.4031"
"0,92 : 0.4662"
"92,0 : 0.4662"
"0,93 : 0.5814"
"93,0 : 0.5814"
"0,94 : 0.1703"
"94,0 : 0.1703"
"0,95 : 0.3759"
"95,0 : 0.3759"
"0,96 : 0.5334"
"96,0 : 0.5334"
"0,97 : 0.6391"
"97,0 : 0.6391"
"0,98 : 0.6159"
"98,0 : 0.6159"
"0,99 : 0.6313"
"99,0 : 0.6313"
"1,2 : 0.051"
"2,1 : 0.051"
"1,3 : 0.5492"
"3,1 : 0.5492"
"1,4 : 0.9126"
"4,1 : 0.9126"
"1,5 : 0.9341"
"5,1 : 0.9341"
"1,6 : 0.3413"
"6,1 : 0.3413"
"1,7 : 0.2617"
"7,1 : 0.2617"
"1,8 : 0.588"
"8,1 : 0.588"
"1,9 : 0.6943"
"9,1 : 0.6943"
"1,10 : 0.2581"
"10,1 : 0.2581"
"1,11 : 0.3992"
"11,1 : 0.3992"
"1,12 : 0.7224"
"12,1 : 0.7224"
"1,13 : 0.8319"
"13,1 : 0.8319"
"1,14 : 0.5573"
"14,1 : 0.5573"
"1,15 : 0.2751"
"15,1 : 0.2751"
"1,16 : 0.8415"
"16,1 : 0.8415"
"1,17 : 0.588"
"17,1 : 0.588"
"1,18 : 0.2608"
"18,1 : 0.2608"
"1,19 : 0.8989"
"19,1 : 0.8989"
"1,20 : 0.8884"
"20,1 : 0.8884"
"1,21 : 0.9055"
"21,1 : 0.9055"
"1,22 : 0.4632"
"22,1 : 0.4632"
"1,23 : 0.8222"
"23,1 : 0.8222"
"1,24 : 0.6229"
"24,1 : 0.6229"
"1,25 : 0.564"
"25,1 : 0.564"
"1,26 : 0.7685"
"26,1 : 0.7685"
"1,27 : 0.0447"
"27,1 : 0.0447"
"1,28 : 0.03"
"28,1 : 0.03"
"1,29 : 0.0943"
"29,1 : 0.0943"
"1,30 : 0.5991"
"30,1 : 0.5991"
"1,31 : 0.8633"
"31,1 : 0.8633"
"1,32 : 0.4254"
"32,1 : 0.4254"
"1,33 : 0.4123"
"33,1 : 0.4123"
"1,34 : 0.5597"
"34,1 : 0.5597"
"1,35 : 0.7398"
"35,1 : 0.7398"
"1,36 : 0.392"
"36,1 : 0.392"
"1,37 : 0.4827"
"37,1 : 0.4827"
"1,38 : 0.8122"
"38,1 : 0.8122"
"1,39 : 0.7411"
"39,1 : 0.7411"
"1,40 : 0.4258"
"40,1 : 0.4258"
"1,41 : 0.4134"
"41,1 : 0.4134"
"1,42 : 0.2062"
"42,1 : 0.2062"
"1,43 : 0.9394"
"43,1 : 0.9394"
"1,44 : 0.5022"
"44,1 : 0.5022"
"1,45 : 0.4016"
"45,1 : 0.4016"
"1,46 : 0.2524"
"46,1 : 0.2524"
"1,47 : 0.2602"
"47,1 : 0.2602"
"1,48 : 0.3437"
"48,1 : 0.3437"
"1,49 : 0.3373"
"49,1 : 0.3373"
"1,50 : 0.29"
"50,1 : 0.29"
"1,51 : 0.8705"
"51,1 : 0.8705"
"1,52 : 0.1985"
"52,1 : 0.1985"
"1,53 : 0.4528"
"53,1 : 0.4528"
"1,54 : 0.6001"
"54,1 : 0.6001"
"1,55 : 0.6122"
"55,1 : 0.6122"
"1,56 : 0.694"
"56,1 : 0.694"
"1,57 : 0.3905"
"57,1 : 0.3905"
"1,58 : 0.8115"
"58,1 : 0.8115"
"1,59 : 0.4742"
"59,1 : 0.4742"
"1,60 : 0.3041"
"60,1 : 0.3041"
"1,61 : 0.0825"
"61,1 : 0.0825"
"1,62 : 0.4294"
"62,1 : 0.4294"
"1,63 : 0.6438"
"63,1 : 0.6438"
"1,64 : 0.8641"
"64,1 : 0.8641"
"1,65 : 0.5842"
"65,1 : 0.5842"
"1,66 : 0.822"
"66,1 : 0.822"
"1,67 : 0.1315"
"67,1 : 0.1315"
"1,68 : 0.4884"
"68,1 : 0.4884"
"1,69 : 0.3828"
"69,1 : 0.3828"
"1,70 : 0.2955"
"70,1 : 0.2955"
"1,71 : 0.5825"
"71,1 : 0.5825"
"1,72 : 0.272"
"72,1 : 0.272"
"1,73 : 0.892"
"73,1 : 0.892"
"1,74 : 0.5701"
"74,1 : 0.5701"
"1,75 : 0.4904"
"75,1 : 0.4904"
"1,76 : 0.7409"
"76,1 : 0.7409"
"1,77 : 0.8096"
"77,1 : 0.8096"
"1,78 : 0.3883"
"78,1 : 0.3883"
"1,79 : 0.4952"
"79,1 : 0.4952"
"1,80 : 0.5408"
"80,1 : 0.5408"
"1,81 : 0.0894"
"81,1 : 0.0894"
"1,82 : 0.4717"
"82,1 : 0.4717"
"1,83 : 0.5148"
"83,1 : 0.5148"
"1,84 : 0.28"
"84,1 : 0.28"
"1,85 : 0.2121"
"85,1 : 0.2121"
"1,86 : 0.3324"
"86,1 : 0.3324"
"1,87 : 0.3689"
"87,1 : 0.3689"
"1,88 : 0.5235"
"88,1 : 0.5235"
"1,89 : 0.2309"
"89,1 : 0.2309"
"1,90 : 0.4665"
"90,1 : 0.4665"
"1,91 : 0.5886"
"91,1 : 0.5886"
"1,92 : 0.2864"
"92,1 : 0.2864"
"1,93 : 0.2707"
"93,1 : 0.2707"
"1,94 : 0.8545"
"94,1 : 0.8545"
"1,95 : 0.3891"
"95,1 : 0.3891"
"1,96 : 0.44"
"96,1 : 0.44"
"1,97 : 0.3257"
"97,1 : 0.3257"
"1,98 : 0.1703"
"98,1 : 0.1703"
"1,99 : 0.103"
"99,1 : 0.103"
"2,3 : 0.5148"
"3,2 : 0.5148"
"2,4 : 0.8766"
"4,2 : 0.8766"
"2,5 : 0.9392"
"5,2 : 0.9392"
"2,6 : 0.3624"
"6,2 : 0.3624"
"2,7 : 0.2941"
"7,2 : 0.2941"
"2,8 : 0.6201"
"8,2 : 0.6201"
"2,9 : 0.676"
"9,2 : 0.676"
"2,10 : 0.2828"
"10,2 : 0.2828"
"2,11 : 0.4118"
"11,2 : 0.4118"
"2,12 : 0.7335"
"12,2 : 0.7335"
"2,13 : 0.8023"
"13,2 : 0.8023"
"2,14 : 0.5579"
"14,2 : 0.5579"
"2,15 : 0.3257"
"15,2 : 0.3257"
"2,16 : 0.83"
"16,2 : 0.83"
"2,17 : 0.6152"
"17,2 : 0.6152"
"2,18 : 0.2285"
"18,2 : 0.2285"
"2,19 : 0.9087"
"19,2 : 0.9087"
"2,20 : 0.8548"
"20,2 : 0.8548"
"2,21 : 0.9026"
"21,2 : 0.9026"
"2,22 : 0.4123"
"22,2 : 0.4123"
"2,23 : 0.7981"
"23,2 : 0.7981"
"2,24 : 0.6101"
"24,2 : 0.6101"
"2,25 : 0.5186"
"25,2 : 0.5186"
"2,26 : 0.7882"
"26,2 : 0.7882"
"2,27 : 0.0141"
"27,2 : 0.0141"
"2,28 : 0.0539"
"28,2 : 0.0539"
"2,29 : 0.05"
"29,2 : 0.05"
"2,30 : 0.5787"
"30,2 : 0.5787"
"2,31 : 0.8771"
"31,2 : 0.8771"
"2,32 : 0.3985"
"32,2 : 0.3985"
"2,33 : 0.4554"
"33,2 : 0.4554"
"2,34 : 0.592"
"34,2 : 0.592"
"2,35 : 0.7433"
"35,2 : 0.7433"
"2,36 : 0.441"
"36,2 : 0.441"
"2,37 : 0.5161"
"37,2 : 0.5161"
"2,38 : 0.7742"
"38,2 : 0.7742"
"2,39 : 0.7301"
"39,2 : 0.7301"
"2,40 : 0.4105"
"40,2 : 0.4105"
"2,41 : 0.3662"
"41,2 : 0.3662"
"2,42 : 0.1628"
"42,2 : 0.1628"
"2,43 : 0.908"
"43,2 : 0.908"
"2,44 : 0.5385"
"44,2 : 0.5385"
"2,45 : 0.4115"
"45,2 : 0.4115"
"2,46 : 0.2193"
"46,2 : 0.2193"
"2,47 : 0.2532"
"47,2 : 0.2532"
"2,48 : 0.392"
"48,2 : 0.392"
"2,49 : 0.3883"
"49,2 : 0.3883"
"2,50 : 0.25"
"50,2 : 0.25"
"2,51 : 0.8637"
"51,2 : 0.8637"
"2,52 : 0.2332"
"52,2 : 0.2332"
"2,53 : 0.5016"
"53,2 : 0.5016"
"2,54 : 0.593"
"54,2 : 0.593"
"2,55 : 0.637"
"55,2 : 0.637"
"2,56 : 0.717"
"56,2 : 0.717"
"2,57 : 0.4173"
"57,2 : 0.4173"
"2,58 : 0.8062"
"58,2 : 0.8062"
"2,59 : 0.446"
"59,2 : 0.446"
"2,60 : 0.3551"
"60,2 : 0.3551"
"2,61 : 0.099"
"61,2 : 0.099"
"2,62 : 0.4701"
"62,2 : 0.4701"
"2,63 : 0.6031"
"63,2 : 0.6031"
"2,64 : 0.8357"
"64,2 : 0.8357"
"2,65 : 0.5704"
"65,2 : 0.5704"
"2,66 : 0.805"
"66,2 : 0.805"
"2,67 : 0.1803"
"67,2 : 0.1803"
"2,68 : 0.4455"
"68,2 : 0.4455"
"2,69 : 0.4046"
"69,2 : 0.4046"
"2,70 : 0.3384"
"70,2 : 0.3384"
"2,71 : 0.5852"
"71,2 : 0.5852"
"2,72 : 0.2285"
"72,2 : 0.2285"
"2,73 : 0.9008"
"73,2 : 0.9008"
"2,74 : 0.5632"
"74,2 : 0.5632"
"2,75 : 0.4401"
"75,2 : 0.4401"
"2,76 : 0.7147"
"76,2 : 0.7147"
"2,77 : 0.7859"
"77,2 : 0.7859"
"2,78 : 0.4393"
"78,2 : 0.4393"
"2,79 : 0.524"
"79,2 : 0.524"
"2,80 : 0.5504"
"80,2 : 0.5504"
"2,81 : 0.1273"
"81,2 : 0.1273"
"2,82 : 0.4215"
"82,2 : 0.4215"
"2,83 : 0.4665"
"83,2 : 0.4665"
"2,84 : 0.2746"
"84,2 : 0.2746"
"2,85 : 0.201"
"85,2 : 0.201"
"2,86 : 0.3202"
"86,2 : 0.3202"
"2,87 : 0.322"
"87,2 : 0.322"
"2,88 : 0.4924"
"88,2 : 0.4924"
"2,89 : 0.1825"
"89,2 : 0.1825"
"2,90 : 0.4338"
"90,2 : 0.4338"
"2,91 : 0.5722"
"91,2 : 0.5722"
"2,92 : 0.2596"
"92,2 : 0.2596"
"2,93 : 0.2693"
"93,2 : 0.2693"
"2,94 : 0.8184"
"94,2 : 0.8184"
"2,95 : 0.3606"
"95,2 : 0.3606"
"2,96 : 0.3901"
"96,2 : 0.3901"
"2,97 : 0.3354"
"97,2 : 0.3354"
"2,98 : 0.12"
"98,2 : 0.12"
"2,99 : 0.0566"
"99,2 : 0.0566"
"3,4 : 0.364"
"4,3 : 0.364"
"3,5 : 0.7043"
"5,3 : 0.7043"
"3,6 : 0.5092"
"6,3 : 0.5092"
"3,7 : 0.5644"
"7,3 : 0.5644"
"3,8 : 0.7433"
"8,3 : 0.7433"
"3,9 : 0.272"
"9,3 : 0.272"
"3,10 : 0.5148"
"10,3 : 0.5148"
"3,11 : 0.4589"
"11,3 : 0.4589"
"3,12 : 0.6075"
"12,3 : 0.6075"
"3,13 : 0.2961"
"13,3 : 0.2961"
"3,14 : 0.4002"
"14,3 : 0.4002"
"3,15 : 0.7849"
"15,3 : 0.7849"
"3,16 : 0.4549"
"16,3 : 0.4549"
"3,17 : 0.6903"
"17,3 : 0.6903"
"3,18 : 0.2884"
"18,3 : 0.2884"
"3,19 : 0.7272"
"19,3 : 0.7272"
"3,20 : 0.34"
"20,3 : 0.34"
"3,21 : 0.5946"
"21,3 : 0.5946"
"3,22 : 0.3808"
"22,3 : 0.3808"
"3,23 : 0.3225"
"23,3 : 0.3225"
"3,24 : 0.2884"
"24,3 : 0.2884"
"3,25 : 0.1921"
"25,3 : 0.1921"
"3,26 : 0.735"
"26,3 : 0.735"
"3,27 : 0.5111"
"27,3 : 0.5111"
"3,28 : 0.5243"
"28,3 : 0.5243"
"3,29 : 0.4653"
"29,3 : 0.4653"
"3,30 : 0.1921"
"30,3 : 0.1921"
"3,31 : 0.7425"
"31,3 : 0.7425"
"3,32 : 0.1476"
"32,3 : 0.1476"
"3,33 : 0.7432"
"33,3 : 0.7432"
"3,34 : 0.7256"
"34,3 : 0.7256"
"3,35 : 0.5371"
"35,3 : 0.5371"
"3,36 : 0.8078"
"36,3 : 0.8078"
"3,37 : 0.6866"
"37,3 : 0.6866"
"3,38 : 0.2691"
"38,3 : 0.2691"
"3,39 : 0.3821"
"39,3 : 0.3821"
"3,40 : 0.2335"
"40,3 : 0.2335"
"3,41 : 0.2452"
"41,3 : 0.2452"
"3,42 : 0.3585"
"42,3 : 0.3585"
"3,43 : 0.3956"
"43,3 : 0.3956"
"3,44 : 0.7301"
"44,3 : 0.7301"
"3,45 : 0.4374"
"45,3 : 0.4374"
"3,46 : 0.2968"
"46,3 : 0.2968"
"3,47 : 0.3523"
"47,3 : 0.3523"
"3,48 : 0.7601"
"48,3 : 0.7601"
"3,49 : 0.8233"
"49,3 : 0.8233"
"3,50 : 0.2693"
"50,3 : 0.2693"
"3,51 : 0.5263"
"51,3 : 0.5263"
"3,52 : 0.558"
"52,3 : 0.558"
"3,53 : 0.8548"
"53,3 : 0.8548"
"3,54 : 0.3401"
"54,3 : 0.3401"
"3,55 : 0.6803"
"55,3 : 0.6803"
"3,56 : 0.717"
"56,3 : 0.717"
"3,57 : 0.5728"
"57,3 : 0.5728"
"3,58 : 0.495"
"58,3 : 0.495"
"3,59 : 0.1044"
"59,3 : 0.1044"
"3,60 : 0.7875"
"60,3 : 0.7875"
"3,61 : 0.4968"
"61,3 : 0.4968"
"3,62 : 0.728"
"62,3 : 0.728"
"3,63 : 0.1404"
"63,3 : 0.1404"
"3,64 : 0.3338"
"64,3 : 0.3338"
"3,65 : 0.2594"
"65,3 : 0.2594"
"3,66 : 0.3848"
"66,3 : 0.3848"
"3,67 : 0.6152"
"67,3 : 0.6152"
"3,68 : 0.1432"
"68,3 : 0.1432"
"3,69 : 0.5289"
"69,3 : 0.5289"
"3,70 : 0.6637"
"70,3 : 0.6637"
"3,71 : 0.4342"
"71,3 : 0.4342"
"3,72 : 0.5415"
"72,3 : 0.5415"
"3,73 : 0.7102"
"73,3 : 0.7102"
"3,74 : 0.3289"
"74,3 : 0.3289"
"3,75 : 0.3312"
"75,3 : 0.3312"
"3,76 : 0.2319"
"76,3 : 0.2319"
"3,77 : 0.314"
"77,3 : 0.314"
"3,78 : 0.8683"
"78,3 : 0.8683"
"3,79 : 0.6478"
"79,3 : 0.6478"
"3,80 : 0.4826"
"80,3 : 0.4826"
"3,81 : 0.6381"
"81,3 : 0.6381"
"3,82 : 0.322"
"82,3 : 0.322"
"3,83 : 0.2581"
"83,3 : 0.2581"
"3,84 : 0.3499"
"84,3 : 0.3499"
"3,85 : 0.368"
"85,3 : 0.368"
"3,86 : 0.2907"
"86,3 : 0.2907"
"3,87 : 0.2602"
"87,3 : 0.2602"
"3,88 : 0.05"
"88,3 : 0.05"
"3,89 : 0.4851"
"89,3 : 0.4851"
"3,90 : 0.0849"
"90,3 : 0.0849"
"3,91 : 0.2332"
"91,3 : 0.2332"
"3,92 : 0.2691"
"92,3 : 0.2691"
"3,93 : 0.3722"
"93,3 : 0.3722"
"3,94 : 0.3061"
"94,3 : 0.3061"
"3,95 : 0.1703"
"95,3 : 0.1703"
"3,96 : 0.4808"
"96,3 : 0.4808"
"3,97 : 0.4272"
"97,3 : 0.4272"
"3,98 : 0.4684"
"98,3 : 0.4684"
"3,99 : 0.4607"
"99,3 : 0.4607"
"4,5 : 0.7845"
"5,4 : 0.7845"
"4,6 : 0.8376"
"6,4 : 0.8376"
"4,7 : 0.9105"
"7,4 : 0.9105"
"4,8 : 1.0253"
"8,4 : 1.0253"
"4,9 : 0.3864"
"9,4 : 0.3864"
"4,10 : 0.8605"
"10,4 : 0.8605"
"4,11 : 0.7703"
"11,4 : 0.7703"
"4,12 : 0.794"
"12,4 : 0.794"
"4,13 : 0.16"
"13,4 : 0.16"
"4,14 : 0.642"
"14,4 : 0.642"
"4,15 : 1.1463"
"15,4 : 1.1463"
"4,16 : 0.4785"
"16,4 : 0.4785"
"4,17 : 0.9614"
"17,4 : 0.9614"
"4,18 : 0.6522"
"18,4 : 0.6522"
"4,19 : 0.8448"
"19,4 : 0.8448"
"4,20 : 0.0608"
"20,4 : 0.0608"
"4,21 : 0.6379"
"21,4 : 0.6379"
"4,22 : 0.6438"
"22,4 : 0.6438"
"4,23 : 0.2617"
"23,4 : 0.2617"
"4,24 : 0.478"
"24,4 : 0.478"
"4,25 : 0.4159"
"25,4 : 0.4159"
"4,26 : 0.9354"
"26,4 : 0.9354"
"4,27 : 0.8737"
"27,4 : 0.8737"
"4,28 : 0.8881"
"28,4 : 0.8881"
"4,29 : 0.8268"
"29,4 : 0.8268"
"4,30 : 0.4072"
"30,4 : 0.4072"
"4,31 : 0.8905"
"31,4 : 0.8905"
"4,32 : 0.5021"
"32,4 : 0.5021"
"4,33 : 1.0762"
"33,4 : 1.0762"
"4,34 : 1.0139"
"34,4 : 1.0139"
"4,35 : 0.6907"
"35,4 : 0.6907"
"4,36 : 1.1542"
"36,4 : 1.1542"
"4,37 : 0.9928"
"37,4 : 0.9928"
"4,38 : 0.1118"
"38,4 : 0.1118"
"4,39 : 0.4801"
"39,4 : 0.4801"
"4,40 : 0.558"
"40,4 : 0.558"
"4,41 : 0.5566"
"41,4 : 0.5566"
"4,42 : 0.7169"
"42,4 : 0.7169"
"4,43 : 0.1131"
"43,4 : 0.1131"
"4,44 : 1.0375"
"44,4 : 1.0375"
"4,45 : 0.7479"
"45,4 : 0.7479"
"4,46 : 0.6603"
"46,4 : 0.6603"
"4,47 : 0.7072"
"47,4 : 0.7072"
"4,48 : 1.1089"
"48,4 : 1.1089"
"4,49 : 1.1811"
"49,4 : 1.1811"
"4,50 : 0.6277"
"50,4 : 0.6277"
"4,51 : 0.5629"
"51,4 : 0.5629"
"4,52 : 0.9129"
"52,4 : 0.9129"
"4,53 : 1.1962"
"53,4 : 1.1962"
"4,54 : 0.5508"
"54,4 : 0.5508"
"4,55 : 0.9396"
"55,4 : 0.9396"
"4,56 : 0.9492"
"56,4 : 0.9492"
"4,57 : 0.8919"
"57,4 : 0.8919"
"4,58 : 0.5731"
"58,4 : 0.5731"
"4,59 : 0.4525"
"59,4 : 0.4525"
"4,60 : 1.1456"
"60,4 : 1.1456"
"4,61 : 0.8605"
"61,4 : 0.8605"
"4,62 : 1.0548"
"62,4 : 1.0548"
"4,63 : 0.2912"
"63,4 : 0.2912"
"4,64 : 0.1746"
"64,4 : 0.1746"
"4,65 : 0.481"
"65,4 : 0.481"
"4,66 : 0.3847"
"66,4 : 0.3847"
"4,67 : 0.9774"
"67,4 : 0.9774"
"4,68 : 0.4494"
"68,4 : 0.4494"
"4,69 : 0.8472"
"69,4 : 0.8472"
"4,70 : 1.0104"
"70,4 : 1.0104"
"4,71 : 0.6648"
"71,4 : 0.6648"
"4,72 : 0.8698"
"72,4 : 0.8698"
"4,73 : 0.8249"
"73,4 : 0.8249"
"4,74 : 0.5597"
"74,4 : 0.5597"
"4,75 : 0.5831"
"75,4 : 0.5831"
"4,76 : 0.2571"
"76,4 : 0.2571"
"4,77 : 0.2707"
"77,4 : 0.2707"
"4,78 : 1.2243"
"78,4 : 1.2243"
"4,79 : 0.9443"
"79,4 : 0.9443"
"4,80 : 0.74"
"80,4 : 0.74"
"4,81 : 1.0012"
"81,4 : 1.0012"
"4,82 : 0.5855"
"82,4 : 0.5855"
"4,83 : 0.5049"
"83,4 : 0.5049"
"4,84 : 0.7009"
"84,4 : 0.7009"
"4,85 : 0.7292"
"85,4 : 0.7292"
"4,86 : 0.6378"
"86,4 : 0.6378"
"4,87 : 0.5887"
"87,4 : 0.5887"
"4,88 : 0.3962"
"88,4 : 0.3962"
"4,89 : 0.8228"
"89,4 : 0.8228"
"4,90 : 0.4482"
"90,4 : 0.4482"
"4,91 : 0.4531"
"91,4 : 0.4531"
"4,92 : 0.6325"
"92,4 : 0.6325"
"4,93 : 0.7225"
"93,4 : 0.7225"
"4,94 : 0.0583"
"94,4 : 0.0583"
"4,95 : 0.5315"
"95,4 : 0.5315"
"4,96 : 0.7543"
"96,4 : 0.7543"
"4,97 : 0.7603"
"97,4 : 0.7603"
"4,98 : 0.8186"
"98,4 : 0.8186"
"4,99 : 0.8215"
"99,4 : 0.8215"
"5,6 : 0.614"
"6,5 : 0.614"
"5,7 : 0.7225"
"7,5 : 0.7225"
"5,8 : 0.5442"
"8,5 : 0.5442"
"5,9 : 0.4478"
"9,5 : 0.4478"
"5,10 : 0.6972"
"10,5 : 0.6972"
"5,11 : 0.5394"
"11,5 : 0.5394"
"5,12 : 0.2309"
"12,5 : 0.2309"
"5,13 : 0.6282"
"13,5 : 0.6282"
"5,14 : 0.3848"
"14,5 : 0.3848"
"5,15 : 0.9901"
"15,5 : 0.9901"
"5,16 : 0.3059"
"16,5 : 0.3059"
"5,17 : 0.4808"
"17,5 : 0.4808"
"5,18 : 0.7839"
"18,5 : 0.7839"
"5,19 : 0.0922"
"19,5 : 0.0922"
"5,20 : 0.7237"
"20,5 : 0.7237"
"5,21 : 0.15"
"21,5 : 0.15"
"5,22 : 1.0555"
"22,5 : 1.0555"
"5,23 : 0.5239"
"23,5 : 0.5239"
"5,24 : 0.4177"
"24,5 : 0.4177"
"5,25 : 0.8964"
"25,5 : 0.8964"
"5,26 : 0.2968"
"26,5 : 0.2968"
"5,27 : 0.9266"
"27,5 : 0.9266"
"5,28 : 0.9052"
"28,5 : 0.9052"
"5,29 : 0.9118"
"29,5 : 0.9118"
"5,30 : 0.5122"
"30,5 : 0.5122"
"5,31 : 0.1697"
"31,5 : 0.1697"
"5,32 : 0.6607"
"32,5 : 0.6607"
"5,33 : 0.7513"
"33,5 : 0.7513"
"5,34 : 0.5566"
"34,5 : 0.5566"
"5,35 : 0.197"
"35,5 : 0.197"
"5,36 : 0.8713"
"36,5 : 0.8713"
"5,37 : 0.6021"
"37,5 : 0.6021"
"5,38 : 0.7938"
"38,5 : 0.7938"
"5,39 : 0.3312"
"39,5 : 0.3312"
"5,40 : 0.5769"
"40,5 : 0.5769"
"5,41 : 0.9069"
"41,5 : 0.9069"
"5,42 : 0.8724"
"42,5 : 0.8724"
"5,43 : 0.6935"
"43,5 : 0.6935"
"5,44 : 0.6306"
"44,5 : 0.6306"
"5,45 : 0.5337"
"45,5 : 0.5337"
"5,46 : 0.7926"
"46,5 : 0.7926"
"5,47 : 0.6908"
"47,5 : 0.6908"
"5,48 : 0.8548"
"48,5 : 0.8548"
"5,49 : 0.9733"
"49,5 : 0.9733"
"5,50 : 0.8238"
"50,5 : 0.8238"
"5,51 : 0.222"
"51,5 : 0.222"
"5,52 : 0.7765"
"52,5 : 0.7765"
"5,53 : 0.8732"
"53,5 : 0.8732"
"5,54 : 0.3842"
"54,5 : 0.3842"
"5,55 : 0.4397"
"55,5 : 0.4397"
"5,56 : 0.3758"
"56,5 : 0.3758"
"5,57 : 0.6"
"57,5 : 0.6"
"5,58 : 0.2193"
"58,5 : 0.2193"
"5,59 : 0.6507"
"59,5 : 0.6507"
"5,60 : 0.9513"
"60,5 : 0.9513"
"5,61 : 0.8516"
"61,5 : 0.8516"
"5,62 : 0.712"
"62,5 : 0.712"
"5,63 : 0.813"
"63,5 : 0.813"
"5,64 : 0.61"
"64,5 : 0.61"
"5,65 : 0.4525"
"65,5 : 0.4525"
"5,66 : 0.4002"
"66,5 : 0.4002"
"5,67 : 0.8881"
"67,5 : 0.8881"
"5,68 : 0.8349"
"68,5 : 0.8349"
"5,69 : 0.5814"
"69,5 : 0.5814"
"5,70 : 0.7803"
"70,5 : 0.7803"
"5,71 : 0.3547"
"71,5 : 0.3547"
"5,72 : 1.1048"
"72,5 : 1.1048"
"5,73 : 0.0781"
"73,5 : 0.0781"
"5,74 : 0.408"
"74,5 : 0.408"
"5,75 : 1.0183"
"75,5 : 1.0183"
"5,76 : 0.5608"
"76,5 : 0.5608"
"5,77 : 0.5166"
"77,5 : 0.5166"
"5,78 : 0.9886"
"78,5 : 0.9886"
"5,79 : 0.5474"
"79,5 : 0.5474"
"5,80 : 0.3962"
"80,5 : 0.3962"
"5,81 : 1.0022"
"81,5 : 1.0022"
"5,82 : 1.0045"
"82,5 : 1.0045"
"5,83 : 0.9552"
"83,5 : 0.9552"
"5,84 : 0.6685"
"84,5 : 0.6685"
"5,85 : 0.7446"
"85,5 : 0.7446"
"5,86 : 0.6395"
"86,5 : 0.6395"
"5,87 : 0.8964"
"87,5 : 0.8964"
"5,88 : 0.666"
"88,5 : 0.666"
"5,89 : 1.0377"
"89,5 : 1.0377"
"5,90 : 0.7001"
"90,5 : 0.7001"
"5,91 : 0.4742"
"91,5 : 0.4742"
"5,92 : 0.7393"
"92,5 : 0.7393"
"5,93 : 0.6707"
"93,5 : 0.6707"
"5,94 : 0.7666"
"94,5 : 0.7666"
"5,95 : 0.692"
"95,5 : 0.692"
"5,96 : 1.1341"
"96,5 : 1.1341"
"5,97 : 0.6088"
"97,5 : 0.6088"
"5,98 : 0.9841"
"98,5 : 0.9841"
"5,99 : 0.9155"
"99,5 : 0.9155"
"6,7 : 0.1105"
"7,6 : 0.1105"
"6,8 : 0.2786"
"8,6 : 0.2786"
"6,9 : 0.5045"
"9,6 : 0.5045"
"6,10 : 0.0854"
"10,6 : 0.0854"
"6,11 : 0.0854"
"11,6 : 0.0854"
"6,12 : 0.3905"
"12,6 : 0.3905"
"6,13 : 0.7094"
"13,6 : 0.7094"
"6,14 : 0.2751"
"14,6 : 0.2751"
"6,15 : 0.3883"
"15,6 : 0.3883"
"6,16 : 0.5962"
"16,6 : 0.5962"
"6,17 : 0.2581"
"17,6 : 0.2581"
"6,18 : 0.3276"
"18,6 : 0.3276"
"6,19 : 0.5675"
"19,6 : 0.5675"
"6,20 : 0.794"
"20,6 : 0.794"
"6,21 : 0.6152"
"21,6 : 0.6152"
"6,22 : 0.6552"
"22,6 : 0.6552"
"6,23 : 0.6586"
"23,6 : 0.6586"
"6,24 : 0.408"
"24,6 : 0.408"
"6,25 : 0.632"
"25,6 : 0.632"
"6,26 : 0.4272"
"26,6 : 0.4272"
"6,27 : 0.3483"
"27,6 : 0.3483"
"6,28 : 0.3162"
"28,6 : 0.3162"
"6,29 : 0.3538"
"29,6 : 0.3538"
"6,30 : 0.4393"
"30,6 : 0.4393"
"6,31 : 0.5255"
"31,6 : 0.5255"
"6,32 : 0.364"
"32,6 : 0.364"
"6,33 : 0.2385"
"33,6 : 0.2385"
"6,34 : 0.253"
"34,6 : 0.253"
"6,35 : 0.4301"
"35,6 : 0.4301"
"6,36 : 0.3265"
"36,6 : 0.3265"
"6,37 : 0.191"
"37,6 : 0.191"
"6,38 : 0.7648"
"38,6 : 0.7648"
"6,39 : 0.5009"
"39,6 : 0.5009"
"6,40 : 0.2818"
"40,6 : 0.2818"
"6,41 : 0.5346"
"41,6 : 0.5346"
"6,42 : 0.3758"
"42,6 : 0.3758"
"6,43 : 0.8222"
"43,6 : 0.8222"
"6,44 : 0.23"
"44,6 : 0.23"
"6,45 : 0.103"
"45,6 : 0.103"
"6,46 : 0.3298"
"46,6 : 0.3298"
"6,47 : 0.1924"
"47,6 : 0.1924"
"6,48 : 0.2884"
"48,6 : 0.2884"
"6,49 : 0.39"
"49,6 : 0.39"
"6,50 : 0.3883"
"50,6 : 0.3883"
"6,51 : 0.5991"
"51,6 : 0.5991"
"6,52 : 0.1628"
"52,6 : 0.1628"
"6,53 : 0.3612"
"53,6 : 0.3612"
"6,54 : 0.3536"
"54,6 : 0.3536"
"6,55 : 0.2759"
"55,6 : 0.2759"
"6,56 : 0.3547"
"56,6 : 0.3547"
"6,57 : 0.0707"
"57,6 : 0.0707"
"6,58 : 0.536"
"58,6 : 0.536"
"6,59 : 0.405"
"59,6 : 0.405"
"6,60 : 0.3606"
"60,6 : 0.3606"
"6,61 : 0.264"
"61,6 : 0.264"
"6,62 : 0.2193"
"62,6 : 0.2193"
"6,63 : 0.6456"
"63,6 : 0.6456"
"6,64 : 0.7286"
"64,6 : 0.7286"
"6,65 : 0.3829"
"65,6 : 0.3829"
"6,66 : 0.6106"
"66,6 : 0.6106"
"6,67 : 0.2746"
"67,6 : 0.2746"
"6,68 : 0.5415"
"68,6 : 0.5415"
"6,69 : 0.0424"
"69,6 : 0.0424"
"6,70 : 0.1924"
"70,6 : 0.1924"
"6,71 : 0.2864"
"71,6 : 0.2864"
"6,72 : 0.5749"
"72,6 : 0.5749"
"6,73 : 0.5629"
"73,6 : 0.5629"
"6,74 : 0.3276"
"74,6 : 0.3276"
"6,75 : 0.6512"
"75,6 : 0.6512"
"6,76 : 0.6021"
"76,6 : 0.6021"
"6,77 : 0.6444"
"77,6 : 0.6444"
"6,78 : 0.4206"
"78,6 : 0.4206"
"6,79 : 0.1746"
"79,6 : 0.1746"
"6,80 : 0.22"
"80,6 : 0.22"
"6,81 : 0.3956"
"81,6 : 0.3956"
"6,82 : 0.6315"
"82,6 : 0.6315"
"6,83 : 0.6313"
"83,6 : 0.6313"
"6,84 : 0.1803"
"84,6 : 0.1803"
"6,85 : 0.2247"
"85,6 : 0.2247"
"6,86 : 0.2236"
"86,6 : 0.2236"
"6,87 : 0.4982"
"87,6 : 0.4982"
"6,88 : 0.4624"
"88,6 : 0.4624"
"6,89 : 0.514"
"89,6 : 0.514"
"6,90 : 0.4342"
"90,6 : 0.4342"
"6,91 : 0.4031"
"91,6 : 0.4031"
"6,92 : 0.3015"
"92,6 : 0.3015"
"6,93 : 0.1612"
"93,6 : 0.1612"
"6,94 : 0.7855"
"94,6 : 0.7855"
"6,95 : 0.3551"
"95,6 : 0.3551"
"6,96 : 0.6845"
"96,6 : 0.6845"
"6,97 : 0.0825"
"97,6 : 0.0825"
"6,98 : 0.4482"
"98,6 : 0.4482"
"6,99 : 0.3612"
"99,6 : 0.3612"
"7,8 : 0.3265"
"8,7 : 0.3265"
"7,9 : 0.5991"
"9,7 : 0.5991"
"7,10 : 0.05"
"10,7 : 0.05"
"7,11 : 0.1942"
"11,7 : 0.1942"
"7,12 : 0.4965"
"12,7 : 0.4965"
"7,13 : 0.7921"
"13,7 : 0.7921"
"7,14 : 0.3833"
"14,7 : 0.3833"
"7,15 : 0.2789"
"15,7 : 0.2789"
"7,16 : 0.7023"
"16,7 : 0.7023"
"7,17 : 0.328"
"17,7 : 0.328"
"7,18 : 0.3324"
"18,7 : 0.3324"
"7,19 : 0.6727"
"19,7 : 0.6727"
"7,20 : 0.8711"
"20,7 : 0.8711"
"7,21 : 0.7256"
"21,7 : 0.7256"
"7,22 : 0.6438"
"22,7 : 0.6438"
"7,23 : 0.75"
"23,7 : 0.75"
"7,24 : 0.5061"
"24,7 : 0.5061"
"7,25 : 0.6597"
"25,7 : 0.6597"
"7,26 : 0.5189"
"26,7 : 0.5189"
"7,27 : 0.2802"
"27,7 : 0.2802"
"7,28 : 0.2421"
"28,7 : 0.2421"
"7,29 : 0.2997"
"29,7 : 0.2997"
"7,30 : 0.525"
"30,7 : 0.525"
"7,31 : 0.6264"
"31,7 : 0.6264"
"7,32 : 0.4168"
"32,7 : 0.4168"
"7,33 : 0.191"
"33,7 : 0.191"
"7,34 : 0.2983"
"34,7 : 0.2983"
"7,35 : 0.5404"
"35,7 : 0.5404"
"7,36 : 0.2441"
"36,7 : 0.2441"
"7,37 : 0.222"
"37,7 : 0.222"
"7,38 : 0.8293"
"38,7 : 0.8293"
"7,39 : 0.6054"
"39,7 : 0.6054"
"7,40 : 0.3538"
"40,7 : 0.3538"
"7,41 : 0.5415"
"41,7 : 0.5415"
"7,42 : 0.3536"
"42,7 : 0.3536"
"7,43 : 0.9052"
"43,7 : 0.9052"
"7,44 : 0.246"
"44,7 : 0.246"
"7,45 : 0.2088"
"45,7 : 0.2088"
"7,46 : 0.3314"
"46,7 : 0.3314"
"7,47 : 0.2154"
"47,7 : 0.2154"
"7,48 : 0.1985"
"48,7 : 0.1985"
"7,49 : 0.2865"
"49,7 : 0.2865"
"7,50 : 0.3912"
"50,7 : 0.3912"
"7,51 : 0.7083"
"51,7 : 0.7083"
"7,52 : 0.064"
"52,7 : 0.064"
"7,53 : 0.2907"
"53,7 : 0.2907"
"7,54 : 0.4569"
"54,7 : 0.4569"
"7,55 : 0.3551"
"55,7 : 0.3551"
"7,56 : 0.4391"
"56,7 : 0.4391"
"7,57 : 0.1342"
"57,7 : 0.1342"
"7,58 : 0.6454"
"58,7 : 0.6454"
"7,59 : 0.4632"
"59,7 : 0.4632"
"7,60 : 0.255"
"60,7 : 0.255"
"7,61 : 0.1972"
"61,7 : 0.1972"
"7,62 : 0.191"
"62,7 : 0.191"
"7,63 : 0.6935"
"63,7 : 0.6935"
"7,64 : 0.8147"
"64,7 : 0.8147"
"7,65 : 0.4771"
"65,7 : 0.4771"
"7,66 : 0.7112"
"66,7 : 0.7112"
"7,67 : 0.1709"
"67,7 : 0.1709"
"7,68 : 0.5701"
"68,7 : 0.5701"
"7,69 : 0.1414"
"69,7 : 0.1414"
"7,70 : 0.1"
"70,7 : 0.1"
"7,71 : 0.3962"
"71,7 : 0.3962"
"7,72 : 0.5197"
"72,7 : 0.5197"
"7,73 : 0.6691"
"73,7 : 0.6691"
"7,74 : 0.4295"
"74,7 : 0.4295"
"7,75 : 0.6501"
"75,7 : 0.6501"
"7,76 : 0.6868"
"76,7 : 0.6868"
"7,77 : 0.736"
"77,7 : 0.736"
"7,78 : 0.322"
"78,7 : 0.322"
"7,79 : 0.2343"
"79,7 : 0.2343"
"7,80 : 0.3302"
"80,7 : 0.3302"
"7,81 : 0.3002"
"81,7 : 0.3002"
"7,82 : 0.6301"
"82,7 : 0.6301"
"7,83 : 0.6438"
"83,7 : 0.6438"
"7,84 : 0.2147"
"84,7 : 0.2147"
"7,85 : 0.222"
"85,7 : 0.222"
"7,86 : 0.2746"
"86,7 : 0.2746"
"7,87 : 0.5004"
"87,7 : 0.5004"
"7,88 : 0.5215"
"88,7 : 0.5215"
"7,89 : 0.4652"
"89,7 : 0.4652"
"7,90 : 0.483"
"90,7 : 0.483"
"7,91 : 0.4941"
"91,7 : 0.4941"
"7,92 : 0.3202"
"92,7 : 0.3202"
"7,93 : 0.1924"
"93,7 : 0.1924"
"7,94 : 0.856"
"94,7 : 0.856"
"7,95 : 0.3981"
"95,7 : 0.3981"
"7,96 : 0.6552"
"96,7 : 0.6552"
"7,97 : 0.1581"
"97,7 : 0.1581"
"7,98 : 0.3981"
"98,7 : 0.3981"
"7,99 : 0.3087"
"99,7 : 0.3087"
"8,9 : 0.6485"
"9,8 : 0.6485"
"8,10 : 0.3413"
"10,8 : 0.3413"
"8,11 : 0.2907"
"11,8 : 0.2907"
"8,12 : 0.3276"
"12,8 : 0.3276"
"8,13 : 0.8773"
"13,8 : 0.8773"
"8,14 : 0.3848"
"14,8 : 0.3848"
"8,15 : 0.5126"
"15,8 : 0.5126"
"8,16 : 0.6653"
"16,8 : 0.6653"
"8,17 : 0.0707"
"17,8 : 0.0707"
"8,18 : 0.6044"
"18,8 : 0.6044"
"8,19 : 0.4657"
"19,8 : 0.4657"
"8,20 : 0.9731"
"20,8 : 0.9731"
"8,21 : 0.6129"
"21,8 : 0.6129"
"8,22 : 0.933"
"22,8 : 0.933"
"8,23 : 0.8013"
"23,8 : 0.8013"
"8,24 : 0.5504"
"24,8 : 0.5504"
"8,25 : 0.8914"
"25,8 : 0.8914"
"8,26 : 0.2617"
"26,8 : 0.2617"
"8,27 : 0.6061"
"27,8 : 0.6061"
"8,28 : 0.5685"
"28,8 : 0.5685"
"8,29 : 0.6213"
"29,8 : 0.6213"
"8,30 : 0.6198"
"30,8 : 0.6198"
"8,31 : 0.3962"
"31,8 : 0.3962"
"8,32 : 0.61"
"32,8 : 0.61"
"8,33 : 0.2377"
"33,8 : 0.2377"
"8,34 : 0.0283"
"34,8 : 0.0283"
"8,35 : 0.4264"
"35,8 : 0.4264"
"8,36 : 0.3536"
"36,8 : 0.3536"
"8,37 : 0.1063"
"37,8 : 0.1063"
"8,38 : 0.9727"
"38,8 : 0.9727"
"8,39 : 0.5941"
"39,8 : 0.5941"
"8,40 : 0.5109"
"40,8 : 0.5109"
"8,41 : 0.8081"
"41,8 : 0.8081"
"8,42 : 0.6539"
"42,8 : 0.6539"
"8,43 : 0.9839"
"43,8 : 0.9839"
"8,44 : 0.1044"
"44,8 : 0.1044"
"8,45 : 0.3102"
"45,8 : 0.3102"
"8,46 : 0.6073"
"46,8 : 0.6073"
"8,47 : 0.4684"
"47,8 : 0.4684"
"8,48 : 0.3544"
"48,8 : 0.3544"
"8,49 : 0.473"
"49,8 : 0.473"
"8,50 : 0.6648"
"50,8 : 0.6648"
"8,51 : 0.6313"
"51,8 : 0.6313"
"8,52 : 0.3895"
"52,8 : 0.3895"
"8,53 : 0.3401"
"53,8 : 0.3401"
"8,54 : 0.4785"
"54,8 : 0.4785"
"8,55 : 0.1082"
"55,8 : 0.1082"
"8,56 : 0.1726"
"56,8 : 0.1726"
"8,57 : 0.2102"
"57,8 : 0.2102"
"8,58 : 0.5731"
"58,8 : 0.5731"
"8,59 : 0.6412"
"59,8 : 0.6412"
"8,60 : 0.4617"
"60,8 : 0.4617"
"8,61 : 0.522"
"61,8 : 0.522"
"8,62 : 0.1992"
"62,8 : 0.1992"
"8,63 : 0.8836"
"63,8 : 0.8836"
"8,64 : 0.8855"
"64,8 : 0.8855"
"8,65 : 0.5442"
"65,8 : 0.5442"
"8,66 : 0.7161"
"66,8 : 0.7161"
"8,67 : 0.4827"
"67,8 : 0.4827"
"8,68 : 0.8022"
"68,8 : 0.8022"
"8,69 : 0.2404"
"69,8 : 0.2404"
"8,70 : 0.3191"
"70,8 : 0.3191"
"8,71 : 0.3672"
"71,8 : 0.3672"
"8,72 : 0.8431"
"72,8 : 0.8431"
"8,73 : 0.4713"
"73,8 : 0.4713"
"8,74 : 0.4662"
"74,8 : 0.4662"
"8,75 : 0.9265"
"75,8 : 0.9265"
"8,76 : 0.7708"
"76,8 : 0.7708"
"8,77 : 0.7877"
"77,8 : 0.7877"
"8,78 : 0.4738"
"78,8 : 0.4738"
"8,79 : 0.1044"
"79,8 : 0.1044"
"8,80 : 0.2864"
"80,8 : 0.2864"
"8,81 : 0.6172"
"81,8 : 0.6172"
"8,82 : 0.9071"
"82,8 : 0.9071"
"8,83 : 0.9009"
"83,8 : 0.9009"
"8,84 : 0.4535"
"84,8 : 0.4535"
"8,85 : 0.5033"
"85,8 : 0.5033"
"8,86 : 0.4837"
"86,8 : 0.4837"
"8,87 : 0.7737"
"87,8 : 0.7737"
"8,88 : 0.6935"
"88,8 : 0.6935"
"8,89 : 0.7855"
"89,8 : 0.7855"
"8,90 : 0.6801"
"90,8 : 0.6801"
"8,91 : 0.5725"
"91,8 : 0.5725"
"8,92 : 0.5749"
"92,8 : 0.5749"
"8,93 : 0.4368"
"93,8 : 0.4368"
"8,94 : 0.9803"
"94,8 : 0.9803"
"8,95 : 0.6113"
"95,8 : 0.6113"
"8,96 : 0.9625"
"96,8 : 0.9625"
"8,97 : 0.3493"
"97,8 : 0.3493"
"8,98 : 0.7187"
"98,8 : 0.7187"
"8,99 : 0.6297"
"99,8 : 0.6297"
"9,10 : 0.5523"
"10,9 : 0.5523"
"9,11 : 0.4245"
"11,9 : 0.4245"
"9,12 : 0.4101"
"12,9 : 0.4101"
"9,13 : 0.2309"
"13,9 : 0.2309"
"9,14 : 0.2642"
"14,9 : 0.2642"
"9,15 : 0.8677"
"15,9 : 0.8677"
"9,16 : 0.1836"
"16,9 : 0.1836"
"9,17 : 0.5818"
"17,9 : 0.5818"
"9,18 : 0.46"
"18,9 : 0.46"
"9,19 : 0.487"
"19,9 : 0.487"
"9,20 : 0.3298"
"20,9 : 0.3298"
"9,21 : 0.3256"
"21,9 : 0.3256"
"9,22 : 0.6488"
"22,9 : 0.6488"
"9,23 : 0.1562"
"23,9 : 0.1562"
"9,24 : 0.1"
"24,9 : 0.1"
"9,25 : 0.4601"
"25,9 : 0.4601"
"9,26 : 0.5508"
"26,9 : 0.5508"
"9,27 : 0.6675"
"27,9 : 0.6675"
"9,28 : 0.6649"
"28,9 : 0.6649"
"9,29 : 0.6329"
"29,9 : 0.6329"
"9,30 : 0.1005"
"30,9 : 0.1005"
"9,31 : 0.5197"
"31,9 : 0.5197"
"9,32 : 0.2915"
"32,9 : 0.2915"
"9,33 : 0.7354"
"33,9 : 0.7354"
"9,34 : 0.6401"
"34,9 : 0.6401"
"9,35 : 0.3126"
"35,9 : 0.3126"
"9,36 : 0.831"
"36,9 : 0.831"
"9,37 : 0.6301"
"37,9 : 0.6301"
"9,38 : 0.3622"
"38,9 : 0.3622"
"9,39 : 0.1166"
"39,9 : 0.1166"
"9,40 : 0.2693"
"40,9 : 0.2693"
"9,41 : 0.5057"
"41,9 : 0.5057"
"9,42 : 0.5504"
"42,9 : 0.5504"
"9,43 : 0.3354"
"43,9 : 0.3354"
"9,44 : 0.6742"
"44,9 : 0.6742"
"9,45 : 0.4036"
"45,9 : 0.4036"
"9,46 : 0.47"
"46,9 : 0.47"
"9,47 : 0.4397"
"47,9 : 0.4397"
"9,48 : 0.792"
"48,9 : 0.792"
"9,49 : 0.8851"
"49,9 : 0.8851"
"9,50 : 0.4738"
"50,9 : 0.4738"
"9,51 : 0.255"
"51,9 : 0.255"
"9,52 : 0.6218"
"52,9 : 0.6218"
"9,53 : 0.8631"
"53,9 : 0.8631"
"9,54 : 0.17"
"54,9 : 0.17"
"9,55 : 0.5571"
"55,9 : 0.5571"
"9,56 : 0.5629"
"56,9 : 0.5629"
"9,57 : 0.5445"
"57,9 : 0.5445"
"9,58 : 0.2302"
"58,9 : 0.2302"
"9,59 : 0.2571"
"59,9 : 0.2571"
"9,60 : 0.8523"
"60,9 : 0.8523"
"9,61 : 0.621"
"61,9 : 0.621"
"9,62 : 0.7077"
"62,9 : 0.7077"
"9,63 : 0.3662"
"63,9 : 0.3662"
"9,64 : 0.2371"
"64,9 : 0.2371"
"9,65 : 0.1221"
"65,9 : 0.1221"
"9,66 : 0.13"
"66,9 : 0.13"
"9,67 : 0.7131"
"67,9 : 0.7131"
"9,68 : 0.4134"
"68,9 : 0.4134"
"9,69 : 0.5021"
"69,9 : 0.5021"
"9,70 : 0.694"
"70,9 : 0.694"
"9,71 : 0.2823"
"71,9 : 0.2823"
"9,72 : 0.7694"
"72,9 : 0.7694"
"9,73 : 0.4682"
"73,9 : 0.4682"
"9,74 : 0.186"
"74,9 : 0.186"
"9,75 : 0.6021"
"75,9 : 0.6021"
"9,76 : 0.1304"
"76,9 : 0.1304"
"9,77 : 0.1421"
"77,9 : 0.1421"
"9,78 : 0.9209"
"78,9 : 0.9209"
"9,79 : 0.5769"
"79,9 : 0.5769"
"9,80 : 0.3624"
"80,9 : 0.3624"
"9,81 : 0.781"
"81,9 : 0.781"
"9,82 : 0.5917"
"82,9 : 0.5917"
"9,83 : 0.5301"
"83,9 : 0.5301"
"9,84 : 0.4238"
"84,9 : 0.4238"
"9,85 : 0.4827"
"85,9 : 0.4827"
"9,86 : 0.364"
"86,9 : 0.364"
"9,87 : 0.5092"
"87,9 : 0.5092"
"9,88 : 0.246"
"88,9 : 0.246"
"9,89 : 0.7058"
"89,9 : 0.7058"
"9,90 : 0.2973"
"90,9 : 0.2973"
"9,91 : 0.1077"
"91,9 : 0.1077"
"9,92 : 0.4205"
"92,9 : 0.4205"
"9,93 : 0.4401"
"93,9 : 0.4401"
"9,94 : 0.3506"
"94,9 : 0.3506"
"9,95 : 0.3314"
"95,9 : 0.3314"
"9,96 : 0.7432"
"96,9 : 0.7432"
"9,97 : 0.441"
"97,9 : 0.441"
"9,98 : 0.6707"
"98,9 : 0.6707"
"9,99 : 0.632"
"99,9 : 0.632"
"10,11 : 0.16"
"11,10 : 0.16"
"10,12 : 0.4754"
"12,10 : 0.4754"
"10,13 : 0.7428"
"13,10 : 0.7428"
"10,14 : 0.3453"
"14,10 : 0.3453"
"10,15 : 0.3195"
"15,10 : 0.3195"
"10,16 : 0.661"
"16,10 : 0.661"
"10,17 : 0.3324"
"17,10 : 0.3324"
"10,18 : 0.2902"
"18,10 : 0.2902"
"10,19 : 0.6525"
"19,10 : 0.6525"
"10,20 : 0.8213"
"20,10 : 0.8213"
"10,21 : 0.6918"
"21,10 : 0.6918"
"10,22 : 0.6083"
"22,10 : 0.6083"
"10,23 : 0.7021"
"23,10 : 0.7021"
"10,24 : 0.4607"
"24,10 : 0.4607"
"10,25 : 0.6139"
"25,10 : 0.6139"
"10,26 : 0.5111"
"26,10 : 0.5111"
"10,27 : 0.2687"
"27,10 : 0.2687"
"10,28 : 0.2343"
"28,10 : 0.2343"
"10,29 : 0.2802"
"29,10 : 0.2802"
"10,30 : 0.4763"
"30,10 : 0.4763"
"10,31 : 0.611"
"31,10 : 0.611"
"10,32 : 0.3672"
"32,10 : 0.3672"
"10,33 : 0.2354"
"33,10 : 0.2354"
"10,34 : 0.3138"
"34,10 : 0.3138"
"10,35 : 0.5104"
"35,10 : 0.5104"
"10,36 : 0.2941"
"36,10 : 0.2941"
"10,37 : 0.2417"
"37,10 : 0.2417"
"10,38 : 0.7794"
"38,10 : 0.7794"
"10,39 : 0.563"
"39,10 : 0.563"
"10,40 : 0.3041"
"40,10 : 0.3041"
"10,41 : 0.5001"
"41,10 : 0.5001"
"10,42 : 0.3202"
"42,10 : 0.3202"
"10,43 : 0.8559"
"43,10 : 0.8559"
"10,44 : 0.272"
"44,10 : 0.272"
"10,45 : 0.1712"
"45,10 : 0.1712"
"10,46 : 0.29"
"46,10 : 0.29"
"10,47 : 0.1676"
"47,10 : 0.1676"
"10,48 : 0.2484"
"48,10 : 0.2484"
"10,49 : 0.3329"
"49,10 : 0.3329"
"10,50 : 0.35"
"50,10 : 0.35"
"10,51 : 0.6708"
"51,10 : 0.6708"
"10,52 : 0.08"
"52,10 : 0.08"
"10,53 : 0.34"
"53,10 : 0.34"
"10,54 : 0.4144"
"54,10 : 0.4144"
"10,55 : 0.3547"
"55,10 : 0.3547"
"10,56 : 0.436"
"56,10 : 0.436"
"10,57 : 0.1345"
"57,10 : 0.1345"
"10,58 : 0.6083"
"58,10 : 0.6083"
"10,59 : 0.4134"
"59,10 : 0.4134"
"10,60 : 0.3002"
"60,10 : 0.3002"
"10,61 : 0.1838"
"61,10 : 0.1838"
"10,62 : 0.2302"
"62,10 : 0.2302"
"10,63 : 0.6447"
"63,10 : 0.6447"
"10,64 : 0.7658"
"64,10 : 0.7658"
"10,65 : 0.4305"
"65,10 : 0.4305"
"10,66 : 0.6664"
"66,10 : 0.6664"
"10,67 : 0.191"
"67,10 : 0.191"
"10,68 : 0.5239"
"68,10 : 0.5239"
"10,69 : 0.1253"
"69,10 : 0.1253"
"10,70 : 0.15"
"70,10 : 0.15"
"10,71 : 0.3612"
"71,10 : 0.3612"
"10,72 : 0.5022"
"72,10 : 0.5022"
"10,73 : 0.6476"
"73,10 : 0.6476"
"10,74 : 0.3863"
"74,10 : 0.3863"
"10,75 : 0.6113"
"75,10 : 0.6113"
"10,76 : 0.6378"
"76,10 : 0.6378"
"10,77 : 0.6882"
"77,10 : 0.6882"
"10,78 : 0.3701"
"78,10 : 0.3701"
"10,79 : 0.2421"
"79,10 : 0.2421"
"10,80 : 0.3015"
"80,10 : 0.3015"
"10,81 : 0.3102"
"81,10 : 0.3102"
"10,82 : 0.5914"
"82,10 : 0.5914"
"10,83 : 0.6013"
"83,10 : 0.6013"
"10,84 : 0.1655"
"84,10 : 0.1655"
"10,85 : 0.18"
"85,10 : 0.18"
"10,86 : 0.2247"
"86,10 : 0.2247"
"10,87 : 0.4601"
"87,10 : 0.4601"
"10,88 : 0.4717"
"88,10 : 0.4717"
"10,89 : 0.4442"
"89,10 : 0.4442"
"10,90 : 0.4338"
"90,10 : 0.4338"
"10,91 : 0.4465"
"91,10 : 0.4465"
"10,92 : 0.2746"
"92,10 : 0.2746"
"10,93 : 0.1432"
"93,10 : 0.1432"
"10,94 : 0.806"
"94,10 : 0.806"
"10,95 : 0.3493"
"95,10 : 0.3493"
"10,96 : 0.6263"
"96,10 : 0.6263"
"10,97 : 0.1118"
"97,10 : 0.1118"
"10,98 : 0.3774"
"98,10 : 0.3774"
"10,99 : 0.2884"
"99,10 : 0.2884"
"11,12 : 0.3231"
"12,11 : 0.3231"
"11,13 : 0.636"
"13,11 : 0.636"
"11,14 : 0.1897"
"14,11 : 0.1897"
"11,15 : 0.473"
"15,11 : 0.473"
"11,16 : 0.5108"
"16,11 : 0.5108"
"11,17 : 0.25"
"17,11 : 0.25"
"11,18 : 0.3265"
"18,11 : 0.3265"
"11,19 : 0.4998"
"19,11 : 0.4998"
"11,20 : 0.724"
"20,11 : 0.724"
"11,21 : 0.5324"
"21,11 : 0.5324"
"11,22 : 0.6539"
"22,11 : 0.6539"
"11,23 : 0.5798"
"23,11 : 0.5798"
"11,24 : 0.3265"
"24,11 : 0.3265"
"11,25 : 0.6007"
"25,11 : 0.6007"
"11,26 : 0.3821"
"26,11 : 0.3821"
"11,27 : 0.3982"
"27,11 : 0.3982"
"11,28 : 0.3716"
"28,11 : 0.3716"
"11,29 : 0.3941"
"29,11 : 0.3941"
"11,30 : 0.3662"
"30,11 : 0.3662"
"11,31 : 0.4653"
"31,11 : 0.4653"
"11,32 : 0.3206"
"32,11 : 0.3206"
"11,33 : 0.3114"
"33,11 : 0.3114"
"11,34 : 0.27"
"34,11 : 0.27"
"11,35 : 0.3506"
"35,11 : 0.3506"
"11,36 : 0.408"
"36,11 : 0.408"
"11,37 : 0.228"
"37,11 : 0.228"
"11,38 : 0.7038"
"38,11 : 0.7038"
"11,39 : 0.4159"
"39,11 : 0.4159"
"11,40 : 0.2256"
"40,11 : 0.2256"
"11,41 : 0.522"
"41,11 : 0.522"
"11,42 : 0.392"
"42,11 : 0.392"
"11,43 : 0.7481"
"43,11 : 0.7481"
"11,44 : 0.272"
"44,11 : 0.272"
"11,45 : 0.0224"
"45,11 : 0.0224"
"11,46 : 0.3312"
"46,11 : 0.3312"
"11,47 : 0.1942"
"47,11 : 0.1942"
"11,48 : 0.3722"
"48,11 : 0.3722"
"11,49 : 0.4754"
"49,11 : 0.4754"
"11,50 : 0.3848"
"50,11 : 0.3848"
"11,51 : 0.5142"
"51,11 : 0.5142"
"11,52 : 0.24"
"52,11 : 0.24"
"11,53 : 0.4386"
"53,11 : 0.4386"
"11,54 : 0.2693"
"54,11 : 0.2693"
"11,55 : 0.255"
"55,11 : 0.255"
"11,56 : 0.322"
"56,11 : 0.322"
"11,57 : 0.1221"
"57,11 : 0.1221"
"11,58 : 0.4512"
"58,11 : 0.4512"
"11,59 : 0.3551"
"59,11 : 0.3551"
"11,60 : 0.446"
"60,11 : 0.446"
"11,61 : 0.3178"
"61,11 : 0.3178"
"11,62 : 0.286"
"62,11 : 0.286"
"11,63 : 0.5984"
"63,11 : 0.5984"
"11,64 : 0.653"
"64,11 : 0.653"
"11,65 : 0.3041"
"65,11 : 0.3041"
"11,66 : 0.527"
"66,11 : 0.527"
"11,67 : 0.3506"
"67,11 : 0.3506"
"11,68 : 0.5116"
"68,11 : 0.5116"
"11,69 : 0.0781"
"69,11 : 0.0781"
"11,70 : 0.2773"
"70,11 : 0.2773"
"11,71 : 0.2022"
"71,11 : 0.2022"
"11,72 : 0.6088"
"72,11 : 0.6088"
"11,73 : 0.4934"
"73,11 : 0.4934"
"11,74 : 0.2441"
"74,11 : 0.2441"
"11,75 : 0.642"
"75,11 : 0.642"
"11,76 : 0.528"
"76,11 : 0.528"
"11,77 : 0.5657"
"77,11 : 0.5657"
"11,78 : 0.5054"
"78,11 : 0.5054"
"11,79 : 0.1903"
"79,11 : 0.1903"
"11,80 : 0.1432"
"80,11 : 0.1432"
"11,81 : 0.4632"
"81,11 : 0.4632"
"11,82 : 0.623"
"82,11 : 0.623"
"11,83 : 0.6119"
"83,11 : 0.6119"
"11,84 : 0.1749"
"84,11 : 0.1749"
"11,85 : 0.2408"
"85,11 : 0.2408"
"11,86 : 0.1942"
"86,11 : 0.1942"
"11,87 : 0.4904"
"87,11 : 0.4904"
"11,88 : 0.41"
"88,11 : 0.41"
"11,89 : 0.5445"
"89,11 : 0.5445"
"11,90 : 0.3912"
"90,11 : 0.3912"
"11,91 : 0.3265"
"91,11 : 0.3265"
"11,92 : 0.2915"
"92,11 : 0.2915"
"11,93 : 0.164"
"93,11 : 0.164"
"11,94 : 0.7201"
"94,11 : 0.7201"
"11,95 : 0.3206"
"95,11 : 0.3206"
"11,96 : 0.6964"
"96,11 : 0.6964"
"11,97 : 0.0781"
"97,11 : 0.0781"
"11,98 : 0.4817"
"98,11 : 0.4817"
"11,99 : 0.4"
"99,11 : 0.4"
"12,13 : 0.6351"
"13,12 : 0.6351"
"12,14 : 0.2163"
"14,12 : 0.2163"
"12,15 : 0.7601"
"15,12 : 0.7601"
"12,16 : 0.3624"
"16,12 : 0.3624"
"12,17 : 0.2594"
"17,12 : 0.2594"
"12,18 : 0.6088"
"18,12 : 0.6088"
"12,19 : 0.1772"
"19,12 : 0.1772"
"12,20 : 0.7355"
"20,12 : 0.7355"
"12,21 : 0.286"
"21,12 : 0.286"
"12,22 : 0.9121"
"22,12 : 0.9121"
"12,23 : 0.5413"
"23,12 : 0.5413"
"12,24 : 0.3338"
"24,12 : 0.3338"
"12,25 : 0.792"
"25,12 : 0.792"
"12,26 : 0.1414"
"26,12 : 0.1414"
"12,27 : 0.7201"
"27,12 : 0.7201"
"12,28 : 0.6946"
"28,12 : 0.6946"
"12,29 : 0.712"
"29,12 : 0.712"
"12,30 : 0.4295"
"30,12 : 0.4295"
"12,31 : 0.1487"
"31,12 : 0.1487"
"12,32 : 0.5215"
"32,12 : 0.5215"
"12,33 : 0.5217"
"33,12 : 0.5217"
"12,34 : 0.3354"
"34,12 : 0.3354"
"12,35 : 0.1118"
"35,12 : 0.1118"
"12,36 : 0.6413"
"36,12 : 0.6413"
"12,37 : 0.3736"
"37,12 : 0.3736"
"12,38 : 0.7706"
"38,12 : 0.7706"
"12,39 : 0.3178"
"39,12 : 0.3178"
"12,40 : 0.422"
"40,12 : 0.422"
"12,41 : 0.7661"
"41,12 : 0.7661"
"12,42 : 0.6903"
"42,12 : 0.6903"
"12,43 : 0.7278"
"43,12 : 0.7278"
"12,44 : 0.405"
"44,12 : 0.405"
"12,45 : 0.322"
"45,12 : 0.322"
"12,46 : 0.6162"
"46,12 : 0.6162"
"12,47 : 0.4965"
"47,12 : 0.4965"
"12,48 : 0.6239"
"48,12 : 0.6239"
"12,49 : 0.7424"
"49,12 : 0.7424"
"12,50 : 0.6576"
"50,12 : 0.6576"
"12,51 : 0.3124"
"51,12 : 0.3124"
"12,52 : 0.5532"
"52,12 : 0.5532"
"12,53 : 0.6456"
"53,12 : 0.6456"
"12,54 : 0.2693"
"54,12 : 0.2693"
"12,55 : 0.2195"
"55,12 : 0.2195"
"12,56 : 0.178"
"56,12 : 0.178"
"12,57 : 0.3705"
"57,12 : 0.3705"
"12,58 : 0.2608"
"58,12 : 0.2608"
"12,59 : 0.5277"
"59,12 : 0.5277"
"12,60 : 0.7206"
"60,12 : 0.7206"
"12,61 : 0.6408"
"61,12 : 0.6408"
"12,62 : 0.4827"
"62,12 : 0.4827"
"12,63 : 0.7376"
"63,12 : 0.7376"
"12,64 : 0.6315"
"64,12 : 0.6315"
"12,65 : 0.3517"
"65,12 : 0.3517"
"12,66 : 0.4332"
"66,12 : 0.4332"
"12,67 : 0.6649"
"67,12 : 0.6649"
"12,68 : 0.7159"
"68,12 : 0.7159"
"12,69 : 0.3551"
"69,12 : 0.3551"
"12,70 : 0.55"
"70,12 : 0.55"
"12,71 : 0.1803"
"71,12 : 0.1803"
"12,72 : 0.9184"
"72,12 : 0.9184"
"12,73 : 0.1726"
"73,12 : 0.1726"
"12,74 : 0.2786"
"74,12 : 0.2786"
"12,75 : 0.8848"
"75,12 : 0.8848"
"12,76 : 0.5404"
"76,12 : 0.5404"
"12,77 : 0.5295"
"77,12 : 0.5295"
"12,78 : 0.758"
"78,12 : 0.758"
"12,79 : 0.3178"
"79,12 : 0.3178"
"12,80 : 0.1836"
"80,12 : 0.1836"
"12,81 : 0.7845"
"81,12 : 0.7845"
"12,82 : 0.8684"
"82,12 : 0.8684"
"12,83 : 0.8335"
"83,12 : 0.8335"
"12,84 : 0.4743"
"84,12 : 0.4743"
"12,85 : 0.5492"
"85,12 : 0.5492"
"12,86 : 0.4601"
"86,12 : 0.4601"
"12,87 : 0.7465"
"87,12 : 0.7465"
"12,88 : 0.5608"
"88,12 : 0.5608"
"12,89 : 0.8521"
"89,12 : 0.8521"
"12,90 : 0.5771"
"90,12 : 0.5771"
"12,91 : 0.3808"
"91,12 : 0.3808"
"12,92 : 0.5659"
"92,12 : 0.5659"
"12,93 : 0.4717"
"93,12 : 0.4717"
"12,94 : 0.7606"
"94,12 : 0.7606"
"12,95 : 0.5441"
"95,12 : 0.5441"
"12,96 : 0.9762"
"96,12 : 0.9762"
"12,97 : 0.3981"
"97,12 : 0.3981"
"12,98 : 0.7932"
"98,12 : 0.7932"
"12,99 : 0.7169"
"99,12 : 0.7169"
"13,14 : 0.4924"
"14,13 : 0.4924"
"13,15 : 1.044"
"15,13 : 1.044"
"13,16 : 0.3228"
"16,13 : 0.3228"
"13,17 : 0.8115"
"17,13 : 0.8115"
"13,18 : 0.5738"
"18,13 : 0.5738"
"13,19 : 0.6859"
"19,13 : 0.6859"
"13,20 : 0.1005"
"20,13 : 0.1005"
"13,21 : 0.4838"
"21,13 : 0.4838"
"13,22 : 0.6463"
"22,13 : 0.6463"
