x,y
0.54,0.96
0.84,0.04
0.6,0.32
0.74,0.43
0.96,0.97
0.96,0.59
0.99,0.46
0.08,0.11
0.11,0.67
0.7,0.05
0.5,0.22
0.46,0.02
0.35,0.15
0.07,0.72
0.21,0.67
0.5,0.45
0.45,0.55
0.24,0.35
0.29,0.77
0.68,0.3
0.12,0.87
0.04,0.33
0.74,0.78
0.2,0.41
0.79,0.04
0.57,0.57
0.5,0.74
0.61,0.59
0.32,0.62
0.86,0.5
0.86,0.61
0.68,0.86
0.09,0.42
0.54,0.1
0.63,0.99
0.34,0.8
0.87,0.55
0.52,0.14
0.61,0.41
0.72,0.01
0.54,0.37
0.32,0.7
0.1,0.81
0.99,0.21
0.42,0.05
0.84,0.85
0.09,0.24
0.18,0.62
0.66,0.76
0.37,0.83
0.7,0.67
0.63,0.19
0.74,0.65
0.64,0.79
0.94,0.92
0.28,0.36
0.15,0.01
0.68,0.83
0.97,0.23
0.58,0.4
0.01,0.79
0.7,0.14
0.99,0.19
0.47,0.97
0.61,0.21
0.34,0.47
0.37,0.06
0.45,0.28
0.69,0.68
0.8,0.31
0.29,0.85
0.56,0.89
0.26,0.58
0.89,0.82
0.87,0.77
0.76,0.29
0.41,0.35
0.84,0.12
0.72,0.59
0.66,0.48
0.5,0.59
0.12,0.09
0.88,0.24
0.6,0.37
0.41,0.47
0.1,0.25
0.69,0.87
0.46,0.96
0.31,0.74
0.66,0.67
0.09,0.53
0.96,0.29
0.17,0.86
0.96,0.29
0.19,0.15
0.09,0.38
0.76,0.55
0.53,0.52
0.65,0.34
0.28,0.77

Distanze
"0,1 : 0.9677"
"1,0 : 0.9677"
"0,2 : 0.6428"
"2,0 : 0.6428"
"0,3 : 0.5665"
"3,0 : 0.5665"
"0,4 : 0.4201"
"4,0 : 0.4201"
"0,5 : 0.5597"
"5,0 : 0.5597"
"0,6 : 0.6727"
"6,0 : 0.6727"
"0,7 : 0.9665"
"7,0 : 0.9665"
"0,8 : 0.5187"
"8,0 : 0.5187"
"0,9 : 0.924"
"9,0 : 0.924"
"0,10 : 0.7411"
"10,0 : 0.7411"
"0,11 : 0.9434"
"11,0 : 0.9434"
"0,12 : 0.832"
"12,0 : 0.832"
"0,13 : 0.5277"
"13,0 : 0.5277"
"0,14 : 0.4393"
"14,0 : 0.4393"
"0,15 : 0.5116"
"15,0 : 0.5116"
"0,16 : 0.4198"
"16,0 : 0.4198"
"0,17 : 0.6798"
"17,0 : 0.6798"
"0,18 : 0.314"
"18,0 : 0.314"
"0,19 : 0.6747"
"19,0 : 0.6747"
"0,20 : 0.4295"
"20,0 : 0.4295"
"0,21 : 0.8043"
"21,0 : 0.8043"
"0,22 : 0.2691"
"22,0 : 0.2691"
"0,23 : 0.6466"
"23,0 : 0.6466"
"0,24 : 0.9534"
"24,0 : 0.9534"
"0,25 : 0.3912"
"25,0 : 0.3912"
"0,26 : 0.2236"
"26,0 : 0.2236"
"0,27 : 0.3766"
"27,0 : 0.3766"
"0,28 : 0.405"
"28,0 : 0.405"
"0,29 : 0.5604"
"29,0 : 0.5604"
"0,30 : 0.4742"
"30,0 : 0.4742"
"0,31 : 0.172"
"31,0 : 0.172"
"0,32 : 0.7029"
"32,0 : 0.7029"
"0,33 : 0.86"
"33,0 : 0.86"
"0,34 : 0.0949"
"34,0 : 0.0949"
"0,35 : 0.2561"
"35,0 : 0.2561"
"0,36 : 0.5263"
"36,0 : 0.5263"
"0,37 : 0.8202"
"37,0 : 0.8202"
"0,38 : 0.5544"
"38,0 : 0.5544"
"0,39 : 0.9669"
"39,0 : 0.9669"
"0,40 : 0.59"
"40,0 : 0.59"
"0,41 : 0.3406"
"41,0 : 0.3406"
"0,42 : 0.4649"
"42,0 : 0.4649"
"0,43 : 0.8746"
"43,0 : 0.8746"
"0,44 : 0.9179"
"44,0 : 0.9179"
"0,45 : 0.3195"
"45,0 : 0.3195"
"0,46 : 0.8491"
"46,0 : 0.8491"
"0,47 : 0.4952"
"47,0 : 0.4952"
"0,48 : 0.2332"
"48,0 : 0.2332"
"0,49 : 0.214"
"49,0 : 0.214"
"0,50 : 0.3312"
"50,0 : 0.3312"
"0,51 : 0.7752"
"51,0 : 0.7752"
"0,52 : 0.3689"
"52,0 : 0.3689"
"0,53 : 0.1972"
"53,0 : 0.1972"
"0,54 : 0.402"
"54,0 : 0.402"
"0,55 : 0.6539"
"55,0 : 0.6539"
"0,56 : 1.0269"
"56,0 : 1.0269"
"0,57 : 0.191"
"57,0 : 0.191"
"0,58 : 0.8472"
"58,0 : 0.8472"
"0,59 : 0.5614"
"59,0 : 0.5614"
"0,60 : 0.5566"
"60,0 : 0.5566"
"0,61 : 0.8355"
"61,0 : 0.8355"
"0,62 : 0.8919"
"62,0 : 0.8919"
"0,63 : 0.0707"
"63,0 : 0.0707"
"0,64 : 0.7533"
"64,0 : 0.7533"
"0,65 : 0.5292"
"65,0 : 0.5292"
"0,66 : 0.9159"
"66,0 : 0.9159"
"0,67 : 0.6859"
"67,0 : 0.6859"
"0,68 : 0.3176"
"68,0 : 0.3176"
"0,69 : 0.7001"
"69,0 : 0.7001"
"0,70 : 0.2731"
"70,0 : 0.2731"
"0,71 : 0.0728"
"71,0 : 0.0728"
"0,72 : 0.472"
"72,0 : 0.472"
"0,73 : 0.377"
"73,0 : 0.377"
"0,74 : 0.3808"
"74,0 : 0.3808"
"0,75 : 0.7052"
"75,0 : 0.7052"
"0,76 : 0.6237"
"76,0 : 0.6237"
"0,77 : 0.892"
"77,0 : 0.892"
"0,78 : 0.4115"
"78,0 : 0.4115"
"0,79 : 0.4948"
"79,0 : 0.4948"
"0,80 : 0.3722"
"80,0 : 0.3722"
"0,81 : 0.9661"
"81,0 : 0.9661"
"0,82 : 0.7962"
"82,0 : 0.7962"
"0,83 : 0.593"
"83,0 : 0.593"
"0,84 : 0.507"
"84,0 : 0.507"
"0,85 : 0.8353"
"85,0 : 0.8353"
"0,86 : 0.1749"
"86,0 : 0.1749"
"0,87 : 0.08"
"87,0 : 0.08"
"0,88 : 0.3183"
"88,0 : 0.3183"
"0,89 : 0.3138"
"89,0 : 0.3138"
"0,90 : 0.6224"
"90,0 : 0.6224"
"0,91 : 0.7908"
"91,0 : 0.7908"
"0,92 : 0.3833"
"92,0 : 0.3833"
"0,93 : 0.7908"
"93,0 : 0.7908"
"0,94 : 0.8824"
"94,0 : 0.8824"
"0,95 : 0.7341"
"95,0 : 0.7341"
"0,96 : 0.4653"
"96,0 : 0.4653"
"0,97 : 0.4401"
"97,0 : 0.4401"
"0,98 : 0.6297"
"98,0 : 0.6297"
"0,99 : 0.322"
"99,0 : 0.322"
"1,2 : 0.3688"
"2,1 : 0.3688"
"1,3 : 0.4026"
"3,1 : 0.4026"
"1,4 : 0.9377"
"4,1 : 0.9377"
"1,5 : 0.5629"
"5,1 : 0.5629"
"1,6 : 0.446"
"6,1 : 0.446"
"1,7 : 0.7632"
"7,1 : 0.7632"
"1,8 : 0.9643"
"8,1 : 0.9643"
"1,9 : 0.1404"
"9,1 : 0.1404"
"1,10 : 0.3847"
"10,1 : 0.3847"
"1,11 : 0.3805"
"11,1 : 0.3805"
"1,12 : 0.5022"
"12,1 : 0.5022"
"1,13 : 1.0273"
"13,1 : 1.0273"
"1,14 : 0.891"
"14,1 : 0.891"
"1,15 : 0.5326"
"15,1 : 0.5326"
"1,16 : 0.642"
"16,1 : 0.642"
"1,17 : 0.6754"
"17,1 : 0.6754"
"1,18 : 0.914"
"18,1 : 0.914"
"1,19 : 0.3053"
"19,1 : 0.3053"
"1,20 : 1.0988"
"20,1 : 1.0988"
"1,21 : 0.8509"
"21,1 : 0.8509"
"1,22 : 0.7467"
"22,1 : 0.7467"
"1,23 : 0.7393"
"23,1 : 0.7393"
"1,24 : 0.05"
"24,1 : 0.05"
"1,25 : 0.5948"
"25,1 : 0.5948"
"1,26 : 0.7782"
"26,1 : 0.7782"
"1,27 : 0.5962"
"27,1 : 0.5962"
"1,28 : 0.779"
"28,1 : 0.779"
"1,29 : 0.4604"
"29,1 : 0.4604"
"1,30 : 0.5704"
"30,1 : 0.5704"
"1,31 : 0.8355"
"31,1 : 0.8355"
"1,32 : 0.8408"
"32,1 : 0.8408"
"1,33 : 0.3059"
"33,1 : 0.3059"
"1,34 : 0.9729"
"34,1 : 0.9729"
"1,35 : 0.9097"
"35,1 : 0.9097"
"1,36 : 0.5109"
"36,1 : 0.5109"
"1,37 : 0.3353"
"37,1 : 0.3353"
"1,38 : 0.4357"
"38,1 : 0.4357"
"1,39 : 0.1237"
"39,1 : 0.1237"
"1,40 : 0.446"
"40,1 : 0.446"
"1,41 : 0.8402"
"41,1 : 0.8402"
"1,42 : 1.0679"
"42,1 : 1.0679"
"1,43 : 0.2267"
"43,1 : 0.2267"
"1,44 : 0.4201"
"44,1 : 0.4201"
"1,45 : 0.81"
"45,1 : 0.81"
"1,46 : 0.7762"
"46,1 : 0.7762"
"1,47 : 0.8786"
"47,1 : 0.8786"
"1,48 : 0.7422"
"48,1 : 0.7422"
"1,49 : 0.9192"
"49,1 : 0.9192"
"1,50 : 0.6454"
"50,1 : 0.6454"
"1,51 : 0.2581"
"51,1 : 0.2581"
"1,52 : 0.6181"
"52,1 : 0.6181"
"1,53 : 0.7762"
"53,1 : 0.7762"
"1,54 : 0.8857"
"54,1 : 0.8857"
"1,55 : 0.645"
"55,1 : 0.645"
"1,56 : 0.6907"
"56,1 : 0.6907"
"1,57 : 0.806"
"57,1 : 0.806"
"1,58 : 0.2302"
"58,1 : 0.2302"
"1,59 : 0.4441"
"59,1 : 0.4441"
"1,60 : 1.1187"
"60,1 : 1.1187"
"1,61 : 0.172"
"61,1 : 0.172"
"1,62 : 0.2121"
"62,1 : 0.2121"
"1,63 : 1.0009"
"63,1 : 1.0009"
"1,64 : 0.286"
"64,1 : 0.286"
"1,65 : 0.6595"
"65,1 : 0.6595"
"1,66 : 0.4704"
"66,1 : 0.4704"
"1,67 : 0.4579"
"67,1 : 0.4579"
"1,68 : 0.6573"
"68,1 : 0.6573"
"1,69 : 0.2729"
"69,1 : 0.2729"
"1,70 : 0.9791"
"70,1 : 0.9791"
"1,71 : 0.8949"
"71,1 : 0.8949"
"1,72 : 0.7925"
"72,1 : 0.7925"
"1,73 : 0.7816"
"73,1 : 0.7816"
"1,74 : 0.7306"
"74,1 : 0.7306"
"1,75 : 0.2625"
"75,1 : 0.2625"
"1,76 : 0.5301"
"76,1 : 0.5301"
"1,77 : 0.08"
"77,1 : 0.08"
"1,78 : 0.5629"
"78,1 : 0.5629"
"1,79 : 0.4754"
"79,1 : 0.4754"
"1,80 : 0.6466"
"80,1 : 0.6466"
"1,81 : 0.7217"
"81,1 : 0.7217"
"1,82 : 0.204"
"82,1 : 0.204"
"1,83 : 0.408"
"83,1 : 0.408"
"1,84 : 0.6081"
"84,1 : 0.6081"
"1,85 : 0.7692"
"85,1 : 0.7692"
"1,86 : 0.8434"
"86,1 : 0.8434"
"1,87 : 0.9954"
"87,1 : 0.9954"
"1,88 : 0.878"
"88,1 : 0.878"
"1,89 : 0.6552"
"89,1 : 0.6552"
"1,90 : 0.8959"
"90,1 : 0.8959"
"1,91 : 0.2773"
"91,1 : 0.2773"
"1,92 : 1.0589"
"92,1 : 1.0589"
"1,93 : 0.2773"
"93,1 : 0.2773"
"1,94 : 0.6592"
"94,1 : 0.6592"
"1,95 : 0.8235"
"95,1 : 0.8235"
"1,96 : 0.5162"
"96,1 : 0.5162"
"1,97 : 0.5714"
"97,1 : 0.5714"
"1,98 : 0.3551"
"98,1 : 0.3551"
"1,99 : 0.9201"
"99,1 : 0.9201"
"2,3 : 0.178"
"3,2 : 0.178"
"2,4 : 0.743"
"4,2 : 0.743"
"2,5 : 0.45"
"5,2 : 0.45"
"2,6 : 0.4144"
"6,2 : 0.4144"
"2,7 : 0.5608"
"7,2 : 0.5608"
"2,8 : 0.6022"
"8,2 : 0.6022"
"2,9 : 0.2879"
"9,2 : 0.2879"
"2,10 : 0.1414"
"10,2 : 0.1414"
"2,11 : 0.3311"
"11,2 : 0.3311"
"2,12 : 0.3023"
"12,2 : 0.3023"
"2,13 : 0.664"
"13,2 : 0.664"
"2,14 : 0.524"
"14,2 : 0.524"
"2,15 : 0.164"
"15,2 : 0.164"
"2,16 : 0.2746"
"16,2 : 0.2746"
"2,17 : 0.3612"
"17,2 : 0.3612"
"2,18 : 0.5464"
"18,2 : 0.5464"
"2,19 : 0.0825"
"19,2 : 0.0825"
"2,20 : 0.73"
"20,2 : 0.73"
"2,21 : 0.5601"
"21,2 : 0.5601"
"2,22 : 0.4808"
"22,2 : 0.4808"
"2,23 : 0.41"
"23,2 : 0.41"
"2,24 : 0.3384"
"24,2 : 0.3384"
"2,25 : 0.2518"
"25,2 : 0.2518"
"2,26 : 0.4317"
"26,2 : 0.4317"
"2,27 : 0.2702"
"27,2 : 0.2702"
"2,28 : 0.4104"
"28,2 : 0.4104"
"2,29 : 0.3162"
"29,2 : 0.3162"
"2,30 : 0.3895"
"30,2 : 0.3895"
"2,31 : 0.5459"
"31,2 : 0.5459"
"2,32 : 0.5197"
"32,2 : 0.5197"
"2,33 : 0.228"
"33,2 : 0.228"
"2,34 : 0.6707"
"34,2 : 0.6707"
"2,35 : 0.5459"
"35,2 : 0.5459"
"2,36 : 0.3547"
"36,2 : 0.3547"
"2,37 : 0.197"
"37,2 : 0.197"
"2,38 : 0.0906"
"38,2 : 0.0906"
"2,39 : 0.3324"
"39,2 : 0.3324"
"2,40 : 0.0781"
"40,2 : 0.0781"
"2,41 : 0.472"
"41,2 : 0.472"
"2,42 : 0.7001"
"42,2 : 0.7001"
"2,43 : 0.4052"
"43,2 : 0.4052"
"2,44 : 0.3245"
"44,2 : 0.3245"
"2,45 : 0.5818"
"45,2 : 0.5818"
"2,46 : 0.5162"
"46,2 : 0.5162"
"2,47 : 0.5161"
"47,2 : 0.5161"
"2,48 : 0.4441"
"48,2 : 0.4441"
"2,49 : 0.5595"
"49,2 : 0.5595"
"2,50 : 0.364"
"50,2 : 0.364"
"2,51 : 0.1334"
"51,2 : 0.1334"
"2,52 : 0.3585"
"52,2 : 0.3585"
"2,53 : 0.4717"
"53,2 : 0.4717"
"2,54 : 0.6896"
"54,2 : 0.6896"
"2,55 : 0.3225"
"55,2 : 0.3225"
"2,56 : 0.5464"
"56,2 : 0.5464"
"2,57 : 0.5162"
"57,2 : 0.5162"
"2,58 : 0.3808"
"58,2 : 0.3808"
"2,59 : 0.0825"
"59,2 : 0.0825"
"2,60 : 0.7543"
"60,2 : 0.7543"
"2,61 : 0.2059"
"61,2 : 0.2059"
"2,62 : 0.4111"
"62,2 : 0.4111"
"2,63 : 0.6629"
"63,2 : 0.6629"
"2,64 : 0.1105"
"64,2 : 0.1105"
"2,65 : 0.3002"
"65,2 : 0.3002"
"2,66 : 0.3471"
"66,2 : 0.3471"
"2,67 : 0.1552"
"67,2 : 0.1552"
"2,68 : 0.3711"
"68,2 : 0.3711"
"2,69 : 0.2002"
"69,2 : 0.2002"
"2,70 : 0.614"
"70,2 : 0.614"
"2,71 : 0.5714"
"71,2 : 0.5714"
"2,72 : 0.428"
"72,2 : 0.428"
"2,73 : 0.578"
"73,2 : 0.578"
"2,74 : 0.5248"
"74,2 : 0.5248"
"2,75 : 0.1628"
"75,2 : 0.1628"
"2,76 : 0.1924"
"76,2 : 0.1924"
"2,77 : 0.3124"
"77,2 : 0.3124"
"2,78 : 0.2955"
"78,2 : 0.2955"
"2,79 : 0.1709"
"79,2 : 0.1709"
"2,80 : 0.2879"
"80,2 : 0.2879"
"2,81 : 0.5323"
"81,2 : 0.5323"
"2,82 : 0.2912"
"82,2 : 0.2912"
"2,83 : 0.05"
"83,2 : 0.05"
"2,84 : 0.2421"
"84,2 : 0.2421"
"2,85 : 0.5049"
"85,2 : 0.5049"
"2,86 : 0.5573"
"86,2 : 0.5573"
"2,87 : 0.6551"
"87,2 : 0.6551"
"2,88 : 0.5104"
"88,2 : 0.5104"
"2,89 : 0.3551"
"89,2 : 0.3551"
"2,90 : 0.5515"
"90,2 : 0.5515"
"2,91 : 0.3612"
"91,2 : 0.3612"
"2,92 : 0.6903"
"92,2 : 0.6903"
"2,93 : 0.3612"
"93,2 : 0.3612"
"2,94 : 0.4438"
"94,2 : 0.4438"
"2,95 : 0.5135"
"95,2 : 0.5135"
"2,96 : 0.2802"
"96,2 : 0.2802"
"2,97 : 0.2119"
"97,2 : 0.2119"
"2,98 : 0.0539"
"98,2 : 0.0539"
"2,99 : 0.5522"
"99,2 : 0.5522"
"3,4 : 0.5831"
"4,3 : 0.5831"
"3,5 : 0.272"
"5,3 : 0.272"
"3,6 : 0.2518"
"6,3 : 0.2518"
"3,7 : 0.7335"
"7,3 : 0.7335"
"3,8 : 0.6742"
"8,3 : 0.6742"
"3,9 : 0.3821"
"9,3 : 0.3821"
"3,10 : 0.3189"
"10,3 : 0.3189"
"3,11 : 0.4965"
"11,3 : 0.4965"
"3,12 : 0.4801"
"12,3 : 0.4801"
"3,13 : 0.7301"
"13,3 : 0.7301"
"3,14 : 0.5818"
"14,3 : 0.5818"
"3,15 : 0.2408"
"15,3 : 0.2408"
"3,16 : 0.3138"
"16,3 : 0.3138"
"3,17 : 0.5064"
"17,3 : 0.5064"
"3,18 : 0.564"
"18,3 : 0.564"
"3,19 : 0.1432"
"19,3 : 0.1432"
"3,20 : 0.7603"
"20,3 : 0.7603"
"3,21 : 0.7071"
"21,3 : 0.7071"
"3,22 : 0.35"
"22,3 : 0.35"
"3,23 : 0.5404"
"23,3 : 0.5404"
"3,24 : 0.3932"
"24,3 : 0.3932"
"3,25 : 0.2202"
"25,3 : 0.2202"
"3,26 : 0.392"
"26,3 : 0.392"
"3,27 : 0.2062"
"27,3 : 0.2062"
"3,28 : 0.461"
"28,3 : 0.461"
"3,29 : 0.1389"
"29,3 : 0.1389"
"3,30 : 0.2163"
"30,3 : 0.2163"
"3,31 : 0.4342"
"31,3 : 0.4342"
"3,32 : 0.6501"
"32,3 : 0.6501"
"3,33 : 0.3859"
"33,3 : 0.3859"
"3,34 : 0.5707"
"34,3 : 0.5707"
"3,35 : 0.5449"
"35,3 : 0.5449"
"3,36 : 0.1769"
"36,3 : 0.1769"
"3,37 : 0.364"
"37,3 : 0.364"
"3,38 : 0.1315"
"38,3 : 0.1315"
"3,39 : 0.4205"
"39,3 : 0.4205"
"3,40 : 0.2088"
"40,3 : 0.2088"
"3,41 : 0.4993"
"41,3 : 0.4993"
"3,42 : 0.7443"
"42,3 : 0.7443"
"3,43 : 0.333"
"43,3 : 0.333"
"3,44 : 0.4968"
"44,3 : 0.4968"
"3,45 : 0.4317"
"45,3 : 0.4317"
"3,46 : 0.6772"
"46,3 : 0.6772"
"3,47 : 0.5914"
"47,3 : 0.5914"
"3,48 : 0.3396"
"48,3 : 0.3396"
"3,49 : 0.5449"
"49,3 : 0.5449"
"3,50 : 0.2433"
"50,3 : 0.2433"
"3,51 : 0.264"
"51,3 : 0.264"
"3,52 : 0.22"
"52,3 : 0.22"
"3,53 : 0.3736"
"53,3 : 0.3736"
"3,54 : 0.5292"
"54,3 : 0.5292"
"3,55 : 0.4653"
"55,3 : 0.4653"
"3,56 : 0.7242"
"56,3 : 0.7242"
"3,57 : 0.4045"
"57,3 : 0.4045"
"3,58 : 0.3048"
"58,3 : 0.3048"
"3,59 : 0.1628"
"59,3 : 0.1628"
"3,60 : 0.8139"
"60,3 : 0.8139"
"3,61 : 0.2927"
"61,3 : 0.2927"
"3,62 : 0.3466"
"62,3 : 0.3466"
"3,63 : 0.6037"
"63,3 : 0.6037"
"3,64 : 0.2555"
"64,3 : 0.2555"
"3,65 : 0.402"
"65,3 : 0.402"
"3,66 : 0.5233"
"66,3 : 0.5233"
"3,67 : 0.3265"
"67,3 : 0.3265"
"3,68 : 0.255"
"68,3 : 0.255"
"3,69 : 0.1342"
"69,3 : 0.1342"
"3,70 : 0.6155"
"70,3 : 0.6155"
"3,71 : 0.494"
"71,3 : 0.494"
"3,72 : 0.5029"
"72,3 : 0.5029"
"3,73 : 0.4179"
"73,3 : 0.4179"
"3,74 : 0.364"
"74,3 : 0.364"
"3,75 : 0.1414"
"75,3 : 0.1414"
"3,76 : 0.3396"
"76,3 : 0.3396"
"3,77 : 0.3257"
"77,3 : 0.3257"
"3,78 : 0.1612"
"78,3 : 0.1612"
"3,79 : 0.0943"
"79,3 : 0.0943"
"3,80 : 0.2884"
"80,3 : 0.2884"
"3,81 : 0.7071"
"81,3 : 0.7071"
"3,82 : 0.236"
"82,3 : 0.236"
"3,83 : 0.1523"
"83,3 : 0.1523"
"3,84 : 0.3324"
"84,3 : 0.3324"
"3,85 : 0.6648"
"85,3 : 0.6648"
"3,86 : 0.4428"
"86,3 : 0.4428"
"3,87 : 0.5994"
"87,3 : 0.5994"
"3,88 : 0.5301"
"88,3 : 0.5301"
"3,89 : 0.253"
"89,3 : 0.253"
"3,90 : 0.6576"
"90,3 : 0.6576"
"3,91 : 0.2608"
"91,3 : 0.2608"
"3,92 : 0.714"
"92,3 : 0.714"
"3,93 : 0.2608"
"93,3 : 0.2608"
"3,94 : 0.6172"
"94,3 : 0.6172"
"3,95 : 0.6519"
"95,3 : 0.6519"
"3,96 : 0.1217"
"96,3 : 0.1217"
"3,97 : 0.2285"
"97,3 : 0.2285"
"3,98 : 0.1273"
"98,3 : 0.1273"
"3,99 : 0.572"
"99,3 : 0.572"
"4,5 : 0.38"
"5,4 : 0.38"
"4,6 : 0.5109"
"6,4 : 0.5109"
"4,7 : 1.2304"
"7,4 : 1.2304"
"4,8 : 0.9014"
"8,4 : 0.9014"
"4,9 : 0.956"
"9,4 : 0.956"
"4,10 : 0.8798"
"10,4 : 0.8798"
"4,11 : 1.0735"
"11,4 : 1.0735"
"4,12 : 1.022"
"12,4 : 1.022"
"4,13 : 0.9244"
"13,4 : 0.9244"
"4,14 : 0.8078"
"14,4 : 0.8078"
"4,15 : 0.6943"
"15,4 : 0.6943"
"4,16 : 0.6607"
"16,4 : 0.6607"
"4,17 : 0.9502"
"17,4 : 0.9502"
"4,18 : 0.6992"
"18,4 : 0.6992"
"4,19 : 0.7262"
"19,4 : 0.7262"
"4,20 : 0.8459"
"20,4 : 0.8459"
"4,21 : 1.1207"
"21,4 : 1.1207"
"4,22 : 0.2907"
"22,4 : 0.2907"
"4,23 : 0.944"
"23,4 : 0.944"
"4,24 : 0.9454"
"24,4 : 0.9454"
"4,25 : 0.5587"
"25,4 : 0.5587"
"4,26 : 0.5143"
"26,4 : 0.5143"
"4,27 : 0.5166"
"27,4 : 0.5166"
"4,28 : 0.7295"
"28,4 : 0.7295"
"4,29 : 0.4805"
"29,4 : 0.4805"
"4,30 : 0.3736"
"30,4 : 0.3736"
"4,31 : 0.3008"
"31,4 : 0.3008"
"4,32 : 1.0293"
"32,4 : 1.0293"
"4,33 : 0.9661"
"33,4 : 0.9661"
"4,34 : 0.3306"
"34,4 : 0.3306"
"4,35 : 0.6429"
"35,4 : 0.6429"
"4,36 : 0.4295"
"36,4 : 0.4295"
"4,37 : 0.9394"
"37,4 : 0.9394"
"4,38 : 0.6604"
"38,4 : 0.6604"
"4,39 : 0.9895"
"39,4 : 0.9895"
"4,40 : 0.7324"
"40,4 : 0.7324"
"4,41 : 0.6946"
"41,4 : 0.6946"
"4,42 : 0.8748"
"42,4 : 0.8748"
"4,43 : 0.7606"
"43,4 : 0.7606"
"4,44 : 1.0668"
"44,4 : 1.0668"
"4,45 : 0.1697"
"45,4 : 0.1697"
"4,46 : 1.1357"
"46,4 : 1.1357"
"4,47 : 0.8549"
"47,4 : 0.8549"
"4,48 : 0.3662"
"48,4 : 0.3662"
"4,49 : 0.6064"
"49,4 : 0.6064"
"4,50 : 0.397"
"50,4 : 0.397"
"4,51 : 0.8469"
"51,4 : 0.8469"
"4,52 : 0.3883"
"52,4 : 0.3883"
"4,53 : 0.3672"
"53,4 : 0.3672"
"4,54 : 0.0539"
"54,4 : 0.0539"
"4,55 : 0.9135"
"55,4 : 0.9135"
"4,56 : 1.2561"
"56,4 : 1.2561"
"4,57 : 0.313"
"57,4 : 0.313"
"4,58 : 0.7401"
"58,4 : 0.7401"
"4,59 : 0.6851"
"59,4 : 0.6851"
"4,60 : 0.9669"
"60,4 : 0.9669"
"4,61 : 0.8698"
"61,4 : 0.8698"
"4,62 : 0.7806"
"62,4 : 0.7806"
"4,63 : 0.49"
"63,4 : 0.49"
"4,64 : 0.8367"
"64,4 : 0.8367"
"4,65 : 0.7965"
"65,4 : 0.7965"
"4,66 : 1.0845"
"66,4 : 1.0845"
"4,67 : 0.858"
"67,4 : 0.858"
"4,68 : 0.3962"
"68,4 : 0.3962"
"4,69 : 0.6791"
"69,4 : 0.6791"
"4,70 : 0.6807"
"70,4 : 0.6807"
"4,71 : 0.4079"
"71,4 : 0.4079"
"4,72 : 0.8013"
"72,4 : 0.8013"
"4,73 : 0.1655"
"73,4 : 0.1655"
"4,74 : 0.2193"
"74,4 : 0.2193"
"4,75 : 0.7088"
"75,4 : 0.7088"
"4,76 : 0.8288"
"76,4 : 0.8288"
"4,77 : 0.8584"
"77,4 : 0.8584"
"4,78 : 0.4494"
"78,4 : 0.4494"
"4,79 : 0.5745"
"79,4 : 0.5745"
"4,80 : 0.5967"
"80,4 : 0.5967"
"4,81 : 1.2166"
"81,4 : 1.2166"
"4,82 : 0.7344"
"82,4 : 0.7344"
"4,83 : 0.6997"
"83,4 : 0.6997"
"4,84 : 0.7433"
"84,4 : 0.7433"
"4,85 : 1.1216"
"85,4 : 1.1216"
"4,86 : 0.2879"
"86,4 : 0.2879"
"4,87 : 0.5001"
"87,4 : 0.5001"
"4,88 : 0.6895"
"88,4 : 0.6895"
"4,89 : 0.4243"
"89,4 : 0.4243"
"4,90 : 0.9749"
"90,4 : 0.9749"
"4,91 : 0.68"
"91,4 : 0.68"
"4,92 : 0.7976"
"92,4 : 0.7976"
"4,93 : 0.68"
"93,4 : 0.68"
"4,94 : 1.1249"
"94,4 : 1.1249"
"4,95 : 1.0512"
"95,4 : 1.0512"
"4,96 : 0.4652"
"96,4 : 0.4652"
"4,97 : 0.6224"
"97,4 : 0.6224"
"4,98 : 0.7021"
"98,4 : 0.7021"
"4,99 : 0.7088"
"99,4 : 0.7088"
"5,6 : 0.1334"
"6,5 : 0.1334"
"5,7 : 1.0024"
"7,5 : 1.0024"
"5,8 : 0.8538"
"8,5 : 0.8538"
"5,9 : 0.5993"
"9,5 : 0.5993"
"5,10 : 0.5903"
"10,5 : 0.5903"
"5,11 : 0.7582"
"11,5 : 0.7582"
"5,12 : 0.7521"
"12,5 : 0.7521"
"5,13 : 0.8994"
"13,5 : 0.8994"
"5,14 : 0.7543"
"14,5 : 0.7543"
"5,15 : 0.4808"
"15,5 : 0.4808"
"5,16 : 0.5116"
"16,5 : 0.5116"
"5,17 : 0.7589"
"17,5 : 0.7589"
"5,18 : 0.6938"
"18,5 : 0.6938"
"5,19 : 0.4031"
"19,5 : 0.4031"
"5,20 : 0.8854"
"20,5 : 0.8854"
"5,21 : 0.956"
"21,5 : 0.956"
"5,22 : 0.2907"
"22,5 : 0.2907"
"5,23 : 0.781"
"23,5 : 0.781"
"5,24 : 0.5757"
"24,5 : 0.5757"
"5,25 : 0.3905"
"25,5 : 0.3905"
"5,26 : 0.4838"
"26,5 : 0.4838"
"5,27 : 0.35"
"27,5 : 0.35"
"5,28 : 0.6407"
"28,5 : 0.6407"
"5,29 : 0.1345"
"29,5 : 0.1345"
"5,30 : 0.102"
"30,5 : 0.102"
"5,31 : 0.389"
"31,5 : 0.389"
"5,32 : 0.8865"
"32,5 : 0.8865"
"5,33 : 0.6454"
"33,5 : 0.6454"
"5,34 : 0.5186"
"34,5 : 0.5186"
"5,35 : 0.6546"
"35,5 : 0.6546"
"5,36 : 0.0985"
"36,5 : 0.0985"
"5,37 : 0.6294"
"37,5 : 0.6294"
"5,38 : 0.3936"
"38,5 : 0.3936"
"5,39 : 0.6277"
"39,5 : 0.6277"
"5,40 : 0.4741"
"40,5 : 0.4741"
"5,41 : 0.6494"
"41,5 : 0.6494"
"5,42 : 0.8877"
"42,5 : 0.8877"
"5,43 : 0.3812"
"43,5 : 0.3812"
"5,44 : 0.7637"
"44,5 : 0.7637"
"5,45 : 0.2864"
"45,5 : 0.2864"
"5,46 : 0.9378"
"46,5 : 0.9378"
"5,47 : 0.7806"
"47,5 : 0.7806"
"5,48 : 0.3448"
"48,5 : 0.3448"
"5,49 : 0.6369"
"49,5 : 0.6369"
"5,50 : 0.272"
"50,5 : 0.272"
"5,51 : 0.5186"
"51,5 : 0.5186"
"5,52 : 0.228"
"52,5 : 0.228"
"5,53 : 0.3774"
"53,5 : 0.3774"
"5,54 : 0.3306"
"54,5 : 0.3306"
"5,55 : 0.7178"
"55,5 : 0.7178"
"5,56 : 0.9962"
"56,5 : 0.9962"
"5,57 : 0.3688"
"57,5 : 0.3688"
"5,58 : 0.3601"
"58,5 : 0.3601"
"5,59 : 0.4249"
"59,5 : 0.4249"
"5,60 : 0.9708"
"60,5 : 0.9708"
"5,61 : 0.5197"
"61,5 : 0.5197"
"5,62 : 0.4011"
"62,5 : 0.4011"
"5,63 : 0.6201"
"63,5 : 0.6201"
"5,64 : 0.5166"
"64,5 : 0.5166"
"5,65 : 0.6315"
"65,5 : 0.6315"
"5,66 : 0.7931"
"66,5 : 0.7931"
"5,67 : 0.5968"
"67,5 : 0.5968"
"5,68 : 0.2846"
"68,5 : 0.2846"
"5,69 : 0.3225"
"69,5 : 0.3225"
"5,70 : 0.7187"
"70,5 : 0.7187"
"5,71 : 0.5"
"71,5 : 0.5"
"5,72 : 0.7001"
"72,5 : 0.7001"
"5,73 : 0.2404"
"73,5 : 0.2404"
"5,74 : 0.2012"
"74,5 : 0.2012"
"5,75 : 0.3606"
"75,5 : 0.3606"
"5,76 : 0.6001"
"76,5 : 0.6001"
"5,77 : 0.4851"
"77,5 : 0.4851"
"5,78 : 0.24"
"78,5 : 0.24"
"5,79 : 0.3195"
"79,5 : 0.3195"
"5,80 : 0.46"
"80,5 : 0.46"
"5,81 : 0.9775"
"81,5 : 0.9775"
"5,82 : 0.359"
"82,5 : 0.359"
"5,83 : 0.4219"
"83,5 : 0.4219"
"5,84 : 0.5629"
"84,5 : 0.5629"
"5,85 : 0.9248"
"85,5 : 0.9248"
"5,86 : 0.389"
"86,5 : 0.389"
"5,87 : 0.622"
"87,5 : 0.622"
"5,88 : 0.6671"
"88,5 : 0.6671"
"5,89 : 0.3105"
"89,5 : 0.3105"
"5,90 : 0.8721"
"90,5 : 0.8721"
"5,91 : 0.3"
"91,5 : 0.3"
"5,92 : 0.8349"
"92,5 : 0.8349"
"5,93 : 0.3"
"93,5 : 0.3"
"5,94 : 0.8868"
"94,5 : 0.8868"
"5,95 : 0.895"
"95,5 : 0.895"
"5,96 : 0.204"
"96,5 : 0.204"
"5,97 : 0.4357"
"97,5 : 0.4357"
"5,98 : 0.3982"
"98,5 : 0.3982"
"5,99 : 0.7034"
"99,5 : 0.7034"
"6,7 : 0.975"
"7,6 : 0.975"
"6,8 : 0.9047"
"8,6 : 0.9047"
"6,9 : 0.5022"
"9,6 : 0.5022"
"6,10 : 0.5456"
"10,6 : 0.5456"
"6,11 : 0.6888"
"11,6 : 0.6888"
"6,12 : 0.7111"
"12,6 : 0.7111"
"6,13 : 0.956"
"13,6 : 0.956"
"6,14 : 0.8078"
"14,6 : 0.8078"
"6,15 : 0.4901"
"15,6 : 0.4901"
"6,16 : 0.5474"
"16,6 : 0.5474"
"6,17 : 0.758"
"17,6 : 0.758"
"6,18 : 0.7656"
"18,6 : 0.7656"
"6,19 : 0.3489"
"19,6 : 0.3489"
"6,20 : 0.9618"
"20,6 : 0.9618"
"6,21 : 0.9589"
"21,6 : 0.9589"
"6,22 : 0.4061"
"22,6 : 0.4061"
"6,23 : 0.7916"
"23,6 : 0.7916"
"6,24 : 0.4652"
"24,6 : 0.4652"
"6,25 : 0.4342"
"25,6 : 0.4342"
"6,26 : 0.5644"
"26,6 : 0.5644"
"6,27 : 0.4016"
"27,6 : 0.4016"
"6,28 : 0.6888"
"28,6 : 0.6888"
"6,29 : 0.136"
"29,6 : 0.136"
"6,30 : 0.1985"
"30,6 : 0.1985"
"6,31 : 0.5061"
"31,6 : 0.5061"
"6,32 : 0.9009"
"32,6 : 0.9009"
"6,33 : 0.5763"
"33,6 : 0.5763"
"6,34 : 0.6407"
"34,6 : 0.6407"
"6,35 : 0.7336"
"35,6 : 0.7336"
"6,36 : 0.15"
"36,6 : 0.15"
"6,37 : 0.5686"
"37,6 : 0.5686"
"6,38 : 0.3833"
"38,6 : 0.3833"
"6,39 : 0.5248"
"39,6 : 0.5248"
"6,40 : 0.4589"
"40,6 : 0.4589"
"6,41 : 0.7117"
"41,6 : 0.7117"
"6,42 : 0.9563"
"42,6 : 0.9563"
"6,43 : 0.25"
"43,6 : 0.25"
"6,44 : 0.7021"
"44,6 : 0.7021"
"6,45 : 0.4179"
"45,6 : 0.4179"
"6,46 : 0.9265"
"46,6 : 0.9265"
"6,47 : 0.8257"
"47,6 : 0.8257"
"6,48 : 0.446"
"48,6 : 0.446"
"6,49 : 0.722"
"49,6 : 0.722"
"6,50 : 0.3581"
"50,6 : 0.3581"
"6,51 : 0.45"
"51,6 : 0.45"
"6,52 : 0.314"
"52,6 : 0.314"
"6,53 : 0.481"
"53,6 : 0.481"
"6,54 : 0.4627"
"54,6 : 0.4627"
"6,55 : 0.717"
"55,6 : 0.717"
"6,56 : 0.9529"
"56,6 : 0.9529"
"6,57 : 0.4827"
"57,6 : 0.4827"
"6,58 : 0.2309"
"58,6 : 0.2309"
"6,59 : 0.4144"
"59,6 : 0.4144"
"6,60 : 1.0341"
"60,6 : 1.0341"
"6,61 : 0.4319"
"61,6 : 0.4319"
"6,62 : 0.27"
"62,6 : 0.27"
"6,63 : 0.7284"
"63,6 : 0.7284"
"6,64 : 0.4549"
"64,6 : 0.4549"
"6,65 : 0.6501"
"65,6 : 0.6501"
"6,66 : 0.7378"
"66,6 : 0.7378"
"6,67 : 0.5692"
"67,6 : 0.5692"
"6,68 : 0.372"
"68,6 : 0.372"
"6,69 : 0.2421"
"69,6 : 0.2421"
"6,70 : 0.8013"
"70,6 : 0.8013"
"6,71 : 0.6081"
"71,6 : 0.6081"
"6,72 : 0.7398"
"72,6 : 0.7398"
"6,73 : 0.3736"
"73,6 : 0.3736"
"6,74 : 0.3324"
"74,6 : 0.3324"
"6,75 : 0.286"
"75,6 : 0.286"
"6,76 : 0.5903"
"76,6 : 0.5903"
"6,77 : 0.3716"
"77,6 : 0.3716"
"6,78 : 0.2997"
"78,6 : 0.2997"
"6,79 : 0.3306"
"79,6 : 0.3306"
"6,80 : 0.507"
"80,6 : 0.507"
"6,81 : 0.9454"
"81,6 : 0.9454"
"6,82 : 0.246"
"82,6 : 0.246"
"6,83 : 0.4002"
"83,6 : 0.4002"
"6,84 : 0.5801"
"84,6 : 0.5801"
"6,85 : 0.9144"
"85,6 : 0.9144"
"6,86 : 0.508"
"86,6 : 0.508"
"6,87 : 0.7286"
"87,6 : 0.7286"
"6,88 : 0.7354"
"88,6 : 0.7354"
"6,89 : 0.3912"
"89,6 : 0.3912"
"6,90 : 0.9027"
"90,6 : 0.9027"
"6,91 : 0.1726"
"91,6 : 0.1726"
"6,92 : 0.9124"
"92,6 : 0.9124"
"6,93 : 0.1726"
"93,6 : 0.1726"
"6,94 : 0.858"
"94,6 : 0.858"
"6,95 : 0.9035"
"95,6 : 0.9035"
"6,96 : 0.247"
"96,6 : 0.247"
"6,97 : 0.4639"
"97,6 : 0.4639"
"6,98 : 0.3606"
"98,6 : 0.3606"
"6,99 : 0.7747"
"99,6 : 0.7747"
"7,8 : 0.5608"
"8,7 : 0.5608"
"7,9 : 0.6229"
"9,7 : 0.6229"
"7,10 : 0.4342"
"10,7 : 0.4342"
"7,11 : 0.3905"
"11,7 : 0.3905"
"7,12 : 0.2729"
"12,7 : 0.2729"
"7,13 : 0.6101"
"13,7 : 0.6101"
"7,14 : 0.5749"
"14,7 : 0.5749"
"7,15 : 0.5404"
"15,7 : 0.5404"
"7,16 : 0.5749"
"16,7 : 0.5749"
"7,17 : 0.2884"
"17,7 : 0.2884"
"7,18 : 0.6926"
"18,7 : 0.6926"
"7,19 : 0.6294"
"19,7 : 0.6294"
"7,20 : 0.7611"
"20,7 : 0.7611"
"7,21 : 0.2236"
"21,7 : 0.2236"
"7,22 : 0.9405"
"22,7 : 0.9405"
"7,23 : 0.3231"
"23,7 : 0.3231"
"7,24 : 0.7134"
"24,7 : 0.7134"
"7,25 : 0.6721"
"25,7 : 0.6721"
"7,26 : 0.7572"
"26,7 : 0.7572"
"7,27 : 0.7151"
"27,7 : 0.7151"
"7,28 : 0.5636"
"28,7 : 0.5636"
"7,29 : 0.8721"
"29,7 : 0.8721"
"7,30 : 0.9265"
"30,7 : 0.9265"
"7,31 : 0.9605"
"31,7 : 0.9605"
"7,32 : 0.3102"
"32,7 : 0.3102"
"7,33 : 0.4601"
"33,7 : 0.4601"
"7,34 : 1.0377"
"34,7 : 1.0377"
"7,35 : 0.7374"
"35,7 : 0.7374"
"7,36 : 0.9043"
"36,7 : 0.9043"
"7,37 : 0.441"
"37,7 : 0.441"
"7,38 : 0.609"
"38,7 : 0.609"
"7,39 : 0.6478"
"39,7 : 0.6478"
"7,40 : 0.5284"
"40,7 : 0.5284"
"7,41 : 0.6369"
"41,7 : 0.6369"
"7,42 : 0.7003"
"42,7 : 0.7003"
"7,43 : 0.9155"
"43,7 : 0.9155"
"7,44 : 0.3453"
"44,7 : 0.3453"
"7,45 : 1.0608"
"45,7 : 1.0608"
"7,46 : 0.1304"
"46,7 : 0.1304"
"7,47 : 0.5197"
"47,7 : 0.5197"
"7,48 : 0.8711"
"48,7 : 0.8711"
"7,49 : 0.7762"
"49,7 : 0.7762"
"7,50 : 0.8355"
"50,7 : 0.8355"
"7,51 : 0.5558"
"51,7 : 0.5558"
"7,52 : 0.8528"
"52,7 : 0.8528"
"7,53 : 0.8809"
"53,7 : 0.8809"
"7,54 : 1.1814"
"54,7 : 1.1814"
"7,55 : 0.3202"
"55,7 : 0.3202"
"7,56 : 0.1221"
"56,7 : 0.1221"
"7,57 : 0.9372"
"57,7 : 0.9372"
"7,58 : 0.8981"
"58,7 : 0.8981"
"7,59 : 0.578"
"59,7 : 0.578"
"7,60 : 0.6836"
"60,7 : 0.6836"
"7,61 : 0.6207"
"61,7 : 0.6207"
"7,62 : 0.9135"
"62,7 : 0.9135"
"7,63 : 0.9443"
"63,7 : 0.9443"
"7,64 : 0.5394"
"64,7 : 0.5394"
"7,65 : 0.4441"
"65,7 : 0.4441"
"7,66 : 0.2943"
"66,7 : 0.2943"
"7,67 : 0.4072"
"67,7 : 0.4072"
"7,68 : 0.8349"
"68,7 : 0.8349"
"7,69 : 0.7473"
"69,7 : 0.7473"
"7,70 : 0.7692"
"70,7 : 0.7692"
"7,71 : 0.9159"
"71,7 : 0.9159"
"7,72 : 0.5033"
"72,7 : 0.5033"
"7,73 : 1.0771"
"73,7 : 1.0771"
"7,74 : 1.0294"
"74,7 : 1.0294"
"7,75 : 0.7034"
"75,7 : 0.7034"
"7,76 : 0.408"
"76,7 : 0.408"
"7,77 : 0.7601"
"77,7 : 0.7601"
"7,78 : 0.8"
"78,7 : 0.8"
"7,79 : 0.688"
"79,7 : 0.688"
"7,80 : 0.6378"
"80,7 : 0.6378"
"7,81 : 0.0447"
"81,7 : 0.0447"
"7,82 : 0.8105"
"82,7 : 0.8105"
"7,83 : 0.5814"
"83,7 : 0.5814"
"7,84 : 0.4884"
"84,7 : 0.4884"
"7,85 : 0.1414"
"85,7 : 0.1414"
"7,86 : 0.9745"
"86,7 : 0.9745"
"7,87 : 0.9311"
"87,7 : 0.9311"
"7,88 : 0.6707"
"88,7 : 0.6707"
"7,89 : 0.8062"
"89,7 : 0.8062"
"7,90 : 0.4201"
"90,7 : 0.4201"
"7,91 : 0.8982"
"91,7 : 0.8982"
"7,92 : 0.7554"
"92,7 : 0.7554"
"7,93 : 0.8982"
"93,7 : 0.8982"
"7,94 : 0.117"
"94,7 : 0.117"
"7,95 : 0.2702"
"95,7 : 0.2702"
"7,96 : 0.8099"
"96,7 : 0.8099"
"7,97 : 0.6088"
"97,7 : 0.6088"
"7,98 : 0.6147"
"98,7 : 0.6147"
"7,99 : 0.6896"
"99,7 : 0.6896"
"8,9 : 0.8559"
"9,8 : 0.8559"
"8,10 : 0.5955"
"10,8 : 0.5955"
"8,11 : 0.7382"
"11,8 : 0.7382"
"8,12 : 0.5727"
"12,8 : 0.5727"
"8,13 : 0.064"
"13,8 : 0.064"
"8,14 : 0.1"
"14,8 : 0.1"
"8,15 : 0.4478"
"15,8 : 0.4478"
"8,16 : 0.3606"
"16,8 : 0.3606"
"8,17 : 0.3454"
"17,8 : 0.3454"
"8,18 : 0.2059"
"18,8 : 0.2059"
"8,19 : 0.6796"
"19,8 : 0.6796"
"8,20 : 0.2002"
"20,8 : 0.2002"
"8,21 : 0.3471"
"21,8 : 0.3471"
"8,22 : 0.6395"
"22,8 : 0.6395"
"8,23 : 0.2751"
"23,8 : 0.2751"
"8,24 : 0.927"
"24,8 : 0.927"
"8,25 : 0.4707"
"25,8 : 0.4707"
"8,26 : 0.3962"
"26,8 : 0.3962"
"8,27 : 0.5064"
"27,8 : 0.5064"
"8,28 : 0.2159"
"28,8 : 0.2159"
"8,29 : 0.769"
"29,8 : 0.769"
"8,30 : 0.7524"
"30,8 : 0.7524"
"8,31 : 0.6008"
"31,8 : 0.6008"
"8,32 : 0.2508"
"32,8 : 0.2508"
"8,33 : 0.714"
"33,8 : 0.714"
"8,34 : 0.6106"
"34,8 : 0.6106"
"8,35 : 0.2642"
"35,8 : 0.2642"
"8,36 : 0.7694"
"36,8 : 0.7694"
"8,37 : 0.6701"
"37,8 : 0.6701"
"8,38 : 0.5636"
"38,8 : 0.5636"
"8,39 : 0.8987"
"39,8 : 0.8987"
"8,40 : 0.5243"
"40,8 : 0.5243"
"8,41 : 0.2121"
"41,8 : 0.2121"
"8,42 : 0.1404"
"42,8 : 0.1404"
"8,43 : 0.993"
"43,8 : 0.993"
"8,44 : 0.6932"
"44,8 : 0.6932"
"8,45 : 0.7519"
"45,8 : 0.7519"
"8,46 : 0.4305"
"46,8 : 0.4305"
"8,47 : 0.086"
"47,8 : 0.086"
"8,48 : 0.5573"
"48,8 : 0.5573"
"8,49 : 0.3053"
"49,8 : 0.3053"
"8,50 : 0.59"
"50,8 : 0.59"
"8,51 : 0.7077"
"51,8 : 0.7077"
"8,52 : 0.6303"
"52,8 : 0.6303"
"8,53 : 0.5434"
"53,8 : 0.5434"
"8,54 : 0.8668"
"54,8 : 0.8668"
"8,55 : 0.3536"
"55,8 : 0.3536"
"8,56 : 0.6612"
"56,8 : 0.6612"
"8,57 : 0.592"
"57,8 : 0.592"
"8,58 : 0.966"
"58,8 : 0.966"
"8,59 : 0.542"
"59,8 : 0.542"
"8,60 : 0.1562"
"60,8 : 0.1562"
"8,61 : 0.7931"
"61,8 : 0.7931"
"8,62 : 1.0024"
"62,8 : 1.0024"
"8,63 : 0.4686"
"63,8 : 0.4686"
"8,64 : 0.6794"
"64,8 : 0.6794"
"8,65 : 0.3048"
"65,8 : 0.3048"
"8,66 : 0.6631"
"66,8 : 0.6631"
"8,67 : 0.5174"
"67,8 : 0.5174"
"8,68 : 0.5801"
"68,8 : 0.5801"
"8,69 : 0.7783"
"69,8 : 0.7783"
"8,70 : 0.2546"
"70,8 : 0.2546"
"8,71 : 0.5009"
"71,8 : 0.5009"
"8,72 : 0.1749"
"72,8 : 0.1749"
"8,73 : 0.7943"
"73,8 : 0.7943"
"8,74 : 0.7666"
"74,8 : 0.7666"
"8,75 : 0.7529"
"75,8 : 0.7529"
"8,76 : 0.4386"
"76,8 : 0.4386"
"8,77 : 0.914"
"77,8 : 0.914"
"8,78 : 0.6152"
"78,8 : 0.6152"
"8,79 : 0.5819"
"79,8 : 0.5819"
"8,80 : 0.3981"
"80,8 : 0.3981"
"8,81 : 0.5801"
"81,8 : 0.5801"
"8,82 : 0.8819"
"82,8 : 0.8819"
"8,83 : 0.5745"
"83,8 : 0.5745"
"8,84 : 0.3606"
"84,8 : 0.3606"
"8,85 : 0.4201"
"85,8 : 0.4201"
"8,86 : 0.6135"
"86,8 : 0.6135"
"8,87 : 0.4545"
"87,8 : 0.4545"
"8,88 : 0.2119"
"88,8 : 0.2119"
"8,89 : 0.55"
"89,8 : 0.55"
"8,90 : 0.1414"
"90,8 : 0.1414"
"8,91 : 0.9311"
"91,8 : 0.9311"
"8,92 : 0.1992"
"92,8 : 0.1992"
"8,93 : 0.9311"
"93,8 : 0.9311"
"8,94 : 0.5261"
"94,8 : 0.5261"
"8,95 : 0.2907"
"95,8 : 0.2907"
"8,96 : 0.661"
"96,8 : 0.661"
"8,97 : 0.446"
"97,8 : 0.446"
"8,98 : 0.6329"
"98,8 : 0.6329"
"8,99 : 0.1972"
"99,8 : 0.1972"
"9,10 : 0.2625"
"10,9 : 0.2625"
"9,11 : 0.2419"
"11,9 : 0.2419"
"9,12 : 0.364"
"12,9 : 0.364"
"9,13 : 0.9197"
"13,9 : 0.9197"
"9,14 : 0.7903"
"14,9 : 0.7903"
"9,15 : 0.4472"
"15,9 : 0.4472"
"9,16 : 0.559"
"16,9 : 0.559"
"9,17 : 0.5492"
"17,9 : 0.5492"
"9,18 : 0.8286"
"18,9 : 0.8286"
"9,19 : 0.2508"
"19,9 : 0.2508"
"9,20 : 1.0044"
"20,9 : 1.0044"
"9,21 : 0.7169"
"21,9 : 0.7169"
"9,22 : 0.7311"
"22,9 : 0.7311"
"9,23 : 0.6161"
"23,9 : 0.6161"
"9,24 : 0.0906"
"24,9 : 0.0906"
"9,25 : 0.536"
"25,9 : 0.536"
"9,26 : 0.7184"
"26,9 : 0.7184"
"9,27 : 0.5474"
"27,9 : 0.5474"
"9,28 : 0.6851"
"28,9 : 0.6851"
"9,29 : 0.4776"
"29,9 : 0.4776"
"9,30 : 0.5824"
"30,9 : 0.5824"
"9,31 : 0.8102"
"31,9 : 0.8102"
"9,32 : 0.7134"
"32,9 : 0.7134"
"9,33 : 0.1676"
"33,9 : 0.1676"
"9,34 : 0.9426"
"34,9 : 0.9426"
"9,35 : 0.8319"
"35,9 : 0.8319"
"9,36 : 0.5281"
"36,9 : 0.5281"
"9,37 : 0.2012"
"37,9 : 0.2012"
"9,38 : 0.3711"
"38,9 : 0.3711"
"9,39 : 0.0447"
"39,9 : 0.0447"
"9,40 : 0.3578"
"40,9 : 0.3578"
"9,41 : 0.7529"
"41,9 : 0.7529"
"9,42 : 0.9683"
"42,9 : 0.9683"
"9,43 : 0.3312"
"43,9 : 0.3312"
"9,44 : 0.28"
"44,9 : 0.28"
"9,45 : 0.8122"
"45,9 : 0.8122"
"9,46 : 0.6389"
"46,9 : 0.6389"
"9,47 : 0.7716"
"47,9 : 0.7716"
"9,48 : 0.7111"
"48,9 : 0.7111"
"9,49 : 0.8469"
"49,9 : 0.8469"
"9,50 : 0.62"
"50,9 : 0.62"
"9,51 : 0.1565"
"51,9 : 0.1565"
"9,52 : 0.6013"
"52,9 : 0.6013"
"9,53 : 0.7424"
"53,9 : 0.7424"
"9,54 : 0.9025"
"54,9 : 0.9025"
"9,55 : 0.522"
"55,9 : 0.522"
"9,56 : 0.5515"
"56,9 : 0.5515"
"9,57 : 0.7803"
"57,9 : 0.7803"
"9,58 : 0.3245"
"58,9 : 0.3245"
"9,59 : 0.37"
"59,9 : 0.37"
"9,60 : 1.0118"
"60,9 : 1.0118"
"9,61 : 0.09"
"61,9 : 0.09"
"9,62 : 0.322"
"62,9 : 0.322"
"9,63 : 0.9483"
"63,9 : 0.9483"
"9,64 : 0.1836"
"64,9 : 0.1836"
"9,65 : 0.5532"
"65,9 : 0.5532"
"9,66 : 0.3302"
"66,9 : 0.3302"
"9,67 : 0.3397"
"67,9 : 0.3397"
"9,68 : 0.6301"
"68,9 : 0.6301"
"9,69 : 0.2786"
"69,9 : 0.2786"
"9,70 : 0.8989"
"70,9 : 0.8989"
"9,71 : 0.8516"
"71,9 : 0.8516"
"9,72 : 0.6888"
"72,9 : 0.6888"
"9,73 : 0.7931"
"73,9 : 0.7931"
"9,74 : 0.7398"
"74,9 : 0.7398"
"9,75 : 0.2474"
"75,9 : 0.2474"
"9,76 : 0.4173"
"76,9 : 0.4173"
"9,77 : 0.1565"
"77,9 : 0.1565"
"9,78 : 0.5404"
"78,9 : 0.5404"
"9,79 : 0.4319"
"79,9 : 0.4319"
"9,80 : 0.5758"
"80,9 : 0.5758"
"9,81 : 0.5814"
"81,9 : 0.5814"
"9,82 : 0.2617"
"82,9 : 0.2617"
"9,83 : 0.3353"
"83,9 : 0.3353"
"9,84 : 0.5104"
"84,9 : 0.5104"
"9,85 : 0.6325"
"85,9 : 0.6325"
"9,86 : 0.8201"
"86,9 : 0.8201"
"9,87 : 0.9411"
"87,9 : 0.9411"
"9,88 : 0.7926"
"88,9 : 0.7926"
"9,89 : 0.6213"
"89,9 : 0.6213"
"9,90 : 0.7762"
"90,9 : 0.7762"
"9,91 : 0.3538"
"91,9 : 0.3538"
"9,92 : 0.968"
"92,9 : 0.968"
"9,93 : 0.3538"
"93,9 : 0.3538"
"9,94 : 0.5197"
"94,9 : 0.5197"
"9,95 : 0.6935"
"95,9 : 0.6935"
"9,96 : 0.5036"
"96,9 : 0.5036"
"9,97 : 0.4998"
"97,9 : 0.4998"
"9,98 : 0.2943"
"98,9 : 0.2943"
"9,99 : 0.8335"
"99,9 : 0.8335"
"10,11 : 0.204"
"11,10 : 0.204"
"10,12 : 0.1655"
"12,10 : 0.1655"
"10,13 : 0.6595"
"13,10 : 0.6595"
"10,14 : 0.5354"
"14,10 : 0.5354"
"10,15 : 0.23"
"15,10 : 0.23"
"10,16 : 0.3338"
"16,10 : 0.3338"
"10,17 : 0.2907"
"17,10 : 0.2907"
"10,18 : 0.5887"
"18,10 : 0.5887"
"10,19 : 0.197"
"19,10 : 0.197"
"10,20 : 0.7529"
"20,10 : 0.7529"
"10,21 : 0.473"
"21,10 : 0.473"
"10,22 : 0.6093"
"22,10 : 0.6093"
"10,23 : 0.3551"
"23,10 : 0.3551"
"10,24 : 0.3413"
"24,10 : 0.3413"
"10,25 : 0.3569"
"25,10 : 0.3569"
"10,26 : 0.52"
"26,10 : 0.52"
"10,27 : 0.386"
"27,10 : 0.386"
"10,28 : 0.4386"
"28,10 : 0.4386"
"10,29 : 0.4561"
"29,10 : 0.4561"
"10,30 : 0.5308"
"30,10 : 0.5308"
"10,31 : 0.6648"
"31,10 : 0.6648"
"10,32 : 0.4562"
"32,10 : 0.4562"
"10,33 : 0.1265"
"33,10 : 0.1265"
"10,34 : 0.7809"
"34,10 : 0.7809"
"10,35 : 0.6017"
"35,10 : 0.6017"
"10,36 : 0.4958"
"36,10 : 0.4958"
"10,37 : 0.0825"
"37,10 : 0.0825"
"10,38 : 0.2195"
"38,10 : 0.2195"
"10,39 : 0.3041"
"39,10 : 0.3041"
"10,40 : 0.1552"
"40,10 : 0.1552"
"10,41 : 0.5126"
"41,10 : 0.5126"
"10,42 : 0.7128"
"42,10 : 0.7128"
"10,43 : 0.4901"
"43,10 : 0.4901"
"10,44 : 0.1879"
"44,10 : 0.1879"
"10,45 : 0.7159"
"45,10 : 0.7159"
"10,46 : 0.4105"
"46,10 : 0.4105"
"10,47 : 0.5122"
"47,10 : 0.5122"
"10,48 : 0.5632"
"48,10 : 0.5632"
"10,49 : 0.6237"
"49,10 : 0.6237"
"10,50 : 0.4924"
"50,10 : 0.4924"
"10,51 : 0.1334"
"51,10 : 0.1334"
"10,52 : 0.4924"
"52,10 : 0.4924"
"10,53 : 0.5869"
"53,10 : 0.5869"
"10,54 : 0.8268"
"54,10 : 0.8268"
"10,55 : 0.2608"
"55,10 : 0.2608"
"10,56 : 0.4082"
"56,10 : 0.4082"
"10,57 : 0.636"
"57,10 : 0.636"
"10,58 : 0.4701"
"58,10 : 0.4701"
"10,59 : 0.197"
"59,10 : 0.197"
"10,60 : 0.7517"
"60,10 : 0.7517"
"10,61 : 0.2154"
"61,10 : 0.2154"
"10,62 : 0.4909"
"62,10 : 0.4909"
"10,63 : 0.7506"
"63,10 : 0.7506"
"10,64 : 0.1105"
"64,10 : 0.1105"
"10,65 : 0.2968"
"65,10 : 0.2968"
"10,66 : 0.2062"
"66,10 : 0.2062"
"10,67 : 0.0781"
"67,10 : 0.0781"
"10,68 : 0.4977"
"68,10 : 0.4977"
"10,69 : 0.3132"
"69,10 : 0.3132"
"10,70 : 0.6641"
"70,10 : 0.6641"
"10,71 : 0.6727"
"71,10 : 0.6727"
"10,72 : 0.4327"
"72,10 : 0.4327"
"10,73 : 0.7156"
"73,10 : 0.7156"
"10,74 : 0.6629"
"74,10 : 0.6629"
"10,75 : 0.2693"
"75,10 : 0.2693"
"10,76 : 0.1581"
"76,10 : 0.1581"
"10,77 : 0.3544"
"77,10 : 0.3544"
"10,78 : 0.4305"
"78,10 : 0.4305"
"10,79 : 0.3053"
"79,10 : 0.3053"
"10,80 : 0.37"
"80,10 : 0.37"
"10,81 : 0.4016"
"81,10 : 0.4016"
"10,82 : 0.3805"
"82,10 : 0.3805"
"10,83 : 0.1803"
"83,10 : 0.1803"
"10,84 : 0.2657"
"84,10 : 0.2657"
"10,85 : 0.4011"
"85,10 : 0.4011"
"10,86 : 0.6772"
"86,10 : 0.6772"
"10,87 : 0.7411"
"87,10 : 0.7411"
"10,88 : 0.5536"
"88,10 : 0.5536"
"10,89 : 0.4776"
"89,10 : 0.4776"
"10,90 : 0.514"
"90,10 : 0.514"
"10,91 : 0.4653"
"91,10 : 0.4653"
"10,92 : 0.7201"
"92,10 : 0.7201"
"10,93 : 0.4653"
"93,10 : 0.4653"
"10,94 : 0.3178"
"94,10 : 0.3178"
"10,95 : 0.4401"
"95,10 : 0.4401"
"10,96 : 0.4201"
"96,10 : 0.4201"
"10,97 : 0.3015"
"97,10 : 0.3015"
"10,98 : 0.1921"
"98,10 : 0.1921"
"10,99 : 0.5924"
"99,10 : 0.5924"
"11,12 : 0.1703"
"12,11 : 0.1703"
"11,13 : 0.8013"
"13,11 : 0.8013"
"11,14 : 0.6964"
"14,11 : 0.6964"
"11,15 : 0.4319"
"15,11 : 0.4319"
"11,16 : 0.5301"
"16,11 : 0.5301"
"11,17 : 0.3966"
"17,11 : 0.3966"
"11,18 : 0.769"
"18,11 : 0.769"
"11,19 : 0.3561"
"19,11 : 0.3561"
"11,20 : 0.9155"
"20,11 : 0.9155"
"11,21 : 0.522"
"21,11 : 0.522"
"11,22 : 0.8099"
"22,11 : 0.8099"
"11,23 : 0.4687"
"23,11 : 0.4687"
"11,24 : 0.3306"
"24,11 : 0.3306"
"11,25 : 0.5609"
"25,11 : 0.5609"
"11,26 : 0.7211"
"26,11 : 0.7211"
"11,27 : 0.5894"
"27,11 : 0.5894"
"11,28 : 0.6161"
"28,11 : 0.6161"
"11,29 : 0.6248"
"29,11 : 0.6248"
"11,30 : 0.7128"
"30,11 : 0.7128"
"11,31 : 0.8683"
"31,11 : 0.8683"
"11,32 : 0.5449"
"32,11 : 0.5449"
"11,33 : 0.1131"
"33,11 : 0.1131"
"11,34 : 0.9848"
"34,11 : 0.9848"
"11,35 : 0.7892"
"35,11 : 0.7892"
"11,36 : 0.6701"
"36,11 : 0.6701"
"11,37 : 0.1342"
"37,11 : 0.1342"
"11,38 : 0.4179"
"38,11 : 0.4179"
"11,39 : 0.2602"
"39,11 : 0.2602"
"11,40 : 0.359"
"40,11 : 0.359"
"11,41 : 0.6943"
"41,11 : 0.6943"
"11,42 : 0.8682"
"42,11 : 0.8682"
"11,43 : 0.563"
"43,11 : 0.563"
"11,44 : 0.05"
"44,11 : 0.05"
"11,45 : 0.9129"
"45,11 : 0.9129"
"11,46 : 0.4305"
"46,11 : 0.4305"
"11,47 : 0.6621"
"47,11 : 0.6621"
"11,48 : 0.7666"
"48,11 : 0.7666"
"11,49 : 0.815"
"49,11 : 0.815"
"11,50 : 0.6929"
"50,11 : 0.6929"
"11,51 : 0.2404"
"51,11 : 0.2404"
"11,52 : 0.6894"
"52,11 : 0.6894"
"11,53 : 0.7908"
"53,11 : 0.7908"
"11,54 : 1.02"
"54,11 : 1.02"
"11,55 : 0.3847"
"55,11 : 0.3847"
"11,56 : 0.3102"
"56,11 : 0.3102"
"11,57 : 0.8393"
"57,11 : 0.8393"
"11,58 : 0.5515"
"58,11 : 0.5515"
"11,59 : 0.3985"
"59,11 : 0.3985"
"11,60 : 0.8919"
"60,11 : 0.8919"
"11,61 : 0.2683"
"61,11 : 0.2683"
"11,62 : 0.5566"
"62,11 : 0.5566"
"11,63 : 0.9501"
"63,11 : 0.9501"
"11,64 : 0.2421"
"64,11 : 0.2421"
"11,65 : 0.4657"
"65,11 : 0.4657"
"11,66 : 0.0985"
"66,11 : 0.0985"
"11,67 : 0.2602"
"67,11 : 0.2602"
"11,68 : 0.6989"
"68,11 : 0.6989"
"11,69 : 0.4469"
"69,11 : 0.4469"
"11,70 : 0.8472"
"70,11 : 0.8472"
"11,71 : 0.8757"
"71,11 : 0.8757"
"11,72 : 0.5946"
"72,11 : 0.5946"
"11,73 : 0.9082"
"73,11 : 0.9082"
"11,74 : 0.8548"
"74,11 : 0.8548"
"11,75 : 0.4036"
"75,11 : 0.4036"
"11,76 : 0.3338"
"76,11 : 0.3338"
"11,77 : 0.3929"
"77,11 : 0.3929"
"11,78 : 0.6265"
"78,11 : 0.6265"
"11,79 : 0.5016"
"79,11 : 0.5016"
"11,80 : 0.5714"
"80,11 : 0.5714"
"11,81 : 0.3471"
"81,11 : 0.3471"
"11,82 : 0.4741"
"82,11 : 0.4741"
"11,83 : 0.377"
"83,11 : 0.377"
"11,84 : 0.4528"
"84,11 : 0.4528"
"11,85 : 0.4272"
"85,11 : 0.4272"
"11,86 : 0.8806"
"86,11 : 0.8806"
"11,87 : 0.94"
"87,11 : 0.94"
"11,88 : 0.7355"
"88,11 : 0.7355"
"11,89 : 0.6801"
"89,11 : 0.6801"
"11,90 : 0.6301"
"90,11 : 0.6301"
"11,91 : 0.5682"
"91,11 : 0.5682"
"11,92 : 0.8887"
"92,11 : 0.8887"
"11,93 : 0.5682"
"93,11 : 0.5682"
"11,94 : 0.2997"
"94,11 : 0.2997"
"11,95 : 0.5162"
"95,11 : 0.5162"
"11,96 : 0.609"
"96,11 : 0.609"
"11,97 : 0.5049"
"97,11 : 0.5049"
"11,98 : 0.3722"
"98,11 : 0.3722"
"11,99 : 0.7713"
"99,11 : 0.7713"
"12,13 : 0.6351"
"13,12 : 0.6351"
"12,14 : 0.5385"
"14,12 : 0.5385"
"12,15 : 0.3354"
"15,12 : 0.3354"
"12,16 : 0.4123"
"16,12 : 0.4123"
"12,17 : 0.2283"
"17,12 : 0.2283"
"12,18 : 0.6229"
"18,12 : 0.6229"
"12,19 : 0.3625"
"19,12 : 0.3625"
"12,20 : 0.7558"
"20,12 : 0.7558"
"12,21 : 0.3585"
"21,12 : 0.3585"
"12,22 : 0.7409"
"22,12 : 0.7409"
"12,23 : 0.3002"
"23,12 : 0.3002"
"12,24 : 0.4535"
"24,12 : 0.4535"
"12,25 : 0.4741"
"25,12 : 0.4741"
"12,26 : 0.6088"
"26,12 : 0.6088"
"12,27 : 0.5111"
"27,12 : 0.5111"
"12,28 : 0.471"
"28,12 : 0.471"
"12,29 : 0.6185"
"29,12 : 0.6185"
"12,30 : 0.6868"
"30,12 : 0.6868"
"12,31 : 0.7829"
"31,12 : 0.7829"
"12,32 : 0.3748"
"32,12 : 0.3748"
"12,33 : 0.1965"
"33,12 : 0.1965"
"12,34 : 0.8854"
"34,12 : 0.8854"
"12,35 : 0.6501"
"35,12 : 0.6501"
"12,36 : 0.656"
"36,12 : 0.656"
"12,37 : 0.1703"
"37,12 : 0.1703"
"12,38 : 0.3677"
"38,12 : 0.3677"
"12,39 : 0.3956"
"39,12 : 0.3956"
"12,40 : 0.2907"
"40,12 : 0.2907"
"12,41 : 0.5508"
"41,12 : 0.5508"
"12,42 : 0.7058"
"42,12 : 0.7058"
"12,43 : 0.6428"
"43,12 : 0.6428"
"12,44 : 0.1221"
"44,12 : 0.1221"
"12,45 : 0.8545"
"45,12 : 0.8545"
"12,46 : 0.2751"
"46,12 : 0.2751"
"12,47 : 0.4998"
"47,12 : 0.4998"
"12,48 : 0.6843"
"48,12 : 0.6843"
"12,49 : 0.6803"
"49,12 : 0.6803"
"12,50 : 0.6268"
"50,12 : 0.6268"
"12,51 : 0.2828"
"51,12 : 0.2828"
"12,52 : 0.6341"
"52,12 : 0.6341"
"12,53 : 0.7026"
"53,12 : 0.7026"
"12,54 : 0.9701"
"54,12 : 0.9701"
"12,55 : 0.2214"
"55,12 : 0.2214"
"12,56 : 0.2441"
"56,12 : 0.2441"
"12,57 : 0.7558"
"57,12 : 0.7558"
"12,58 : 0.6251"
"58,12 : 0.6251"
"12,59 : 0.3397"
"59,12 : 0.3397"
"12,60 : 0.7247"
"60,12 : 0.7247"
"12,61 : 0.3501"
"61,12 : 0.3501"
"12,62 : 0.6412"
"62,12 : 0.6412"
"12,63 : 0.8287"
"63,12 : 0.8287"
"12,64 : 0.2668"
"64,12 : 0.2668"
"12,65 : 0.3202"
"65,12 : 0.3202"
"12,66 : 0.0922"
"66,12 : 0.0922"
"12,67 : 0.164"
"67,12 : 0.164"
"12,68 : 0.6297"
"68,12 : 0.6297"
"12,69 : 0.4776"
"69,12 : 0.4776"
"12,70 : 0.7026"
"70,12 : 0.7026"
"12,71 : 0.7692"
"71,12 : 0.7692"
"12,72 : 0.4393"
"72,12 : 0.4393"
"12,73 : 0.8605"
"73,12 : 0.8605"
"12,74 : 0.8092"
"74,12 : 0.8092"
"12,75 : 0.4332"
"75,12 : 0.4332"
"12,76 : 0.2088"
"76,12 : 0.2088"
"12,77 : 0.4909"
"77,12 : 0.4909"
"12,78 : 0.5749"
"78,12 : 0.5749"
"12,79 : 0.4528"
"79,12 : 0.4528"
"12,80 : 0.4649"
"80,12 : 0.4649"
"12,81 : 0.2377"
"81,12 : 0.2377"
"12,82 : 0.5376"
"82,12 : 0.5376"
"12,83 : 0.333"
"83,12 : 0.333"
"12,84 : 0.3256"
"84,12 : 0.3256"
"12,85 : 0.2693"
"85,12 : 0.2693"
"12,86 : 0.7962"
"86,12 : 0.7962"
"12,87 : 0.8174"
"87,12 : 0.8174"
"12,88 : 0.5914"
"88,12 : 0.5914"
"12,89 : 0.6054"
"89,12 : 0.6054"
"12,90 : 0.4604"
"90,12 : 0.4604"
"12,91 : 0.6259"
"91,12 : 0.6259"
"12,92 : 0.7325"
"92,12 : 0.7325"
"12,93 : 0.6259"
"93,12 : 0.6259"
"12,94 : 0.16"
"94,12 : 0.16"
"12,95 : 0.3471"
"95,12 : 0.3471"
"12,96 : 0.5728"
"96,12 : 0.5728"
"12,97 : 0.4115"
"97,12 : 0.4115"
"12,98 : 0.3551"
"98,12 : 0.3551"
"12,99 : 0.6239"
"99,12 : 0.6239"
"13,14 : 0.1487"
"14,13 : 0.1487"
"13,15 : 0.5077"
"15,13 : 0.5077"
"13,16 : 0.4163"
"16,13 : 0.4163"
"13,17 : 0.4072"
"17,13 : 0.4072"
"13,18 : 0.2256"
"18,13 : 0.2256"
"13,19 : 0.7406"
"19,13 : 0.7406"
"13,20 : 0.1581"
"20,13 : 0.1581"
"13,21 : 0.3912"
"21,13 : 0.3912"
"13,22 : 0.6727"
"22,13 : 0.6727"
