x,y
0.61,0.25
0.47,0.94
0.43,0.83
0.43,0.34
0.5,0.58
0.57,0.25
0.41,0.61
0.14,0.67
0.85,0.98
0.24,0.08
0.95,0.81
0.5,0.86
0.89,0.9
0.51,0.24
0.58,0.34
0.98,0.49
0.68,0.31
0.65,0.96
0.45,0.71
0.69,0.42
0.24,0.5
0.07,0.15
0.17,0.19
0.59,0.78
0.72,0.34
0.88,0.01
0.34,0.5
0.2,0.42
0.65,0.18
0.65,0.8
0.49,0.69
0.97,0.18
0.12,0.2
0.31,0.05
0.31,0.7
0.57,0.97
0.26,0.48
0.69,0.52
0.38,0.24
0.66,0.66
0.4,0.3
0.05,0.56
0.24,0.14
0.6,0.9
0.13,0.46
0.33,0.75
0.24,0.16
0.73,0.27
0.96,0.73
0.13,0.52
0.57,0.56
0.76,0.94
0.42,0.61
0.84,0.41
0.61,0.76
0.04,0.54
0.44,0.96
0.33,0.43
0.13,0.54
0.42,0.42
0.2,0.57
0.79,0.37
0.54,0.35
0.46,0.34
0.14,0.15
0.25,0.36
0.57,0.41
0.81,0.26
0.73,0.08
0.9,0.66
0.75,0.73
0.94,0.42
0.64,0.51
0.86,0.35
0.06,0.63
0.88,0.65
0.02,0.97
0.21,0.2
0.08,0.62
0.15,0.12
0.97,0.89
0.2,0.9
0.01,0.26
0.05,0.1
0.63,0.1
0.83,0.36
0.14,0.63
0.36,0.88
0.51,0.65
0.57,0.71
0.78,0.05
0.28,0.43
0.45,0.95
0.87,0.1
0.18,0.55
0.7,0.45
0.61,0.09
0.72,0.0
0.93,0.68
0.99,0.92

Distanze
"0,1 : 0.7041"
"1,0 : 0.7041"
"0,2 : 0.6073"
"2,0 : 0.6073"
"0,3 : 0.2012"
"3,0 : 0.2012"
"0,4 : 0.3479"
"4,0 : 0.3479"
"0,5 : 0.04"
"5,0 : 0.04"
"0,6 : 0.4118"
"6,0 : 0.4118"
"0,7 : 0.6303"
"7,0 : 0.6303"
"0,8 : 0.7684"
"8,0 : 0.7684"
"0,9 : 0.4072"
"9,0 : 0.4072"
"0,10 : 0.6551"
"10,0 : 0.6551"
"0,11 : 0.6198"
"11,0 : 0.6198"
"0,12 : 0.7077"
"12,0 : 0.7077"
"0,13 : 0.1005"
"13,0 : 0.1005"
"0,14 : 0.0949"
"14,0 : 0.0949"
"0,15 : 0.441"
"15,0 : 0.441"
"0,16 : 0.0922"
"16,0 : 0.0922"
"0,17 : 0.7111"
"17,0 : 0.7111"
"0,18 : 0.487"
"18,0 : 0.487"
"0,19 : 0.1879"
"19,0 : 0.1879"
"0,20 : 0.4465"
"20,0 : 0.4465"
"0,21 : 0.5492"
"21,0 : 0.5492"
"0,22 : 0.4441"
"22,0 : 0.4441"
"0,23 : 0.5304"
"23,0 : 0.5304"
"0,24 : 0.1421"
"24,0 : 0.1421"
"0,25 : 0.3612"
"25,0 : 0.3612"
"0,26 : 0.368"
"26,0 : 0.368"
"0,27 : 0.4438"
"27,0 : 0.4438"
"0,28 : 0.0806"
"28,0 : 0.0806"
"0,29 : 0.5515"
"29,0 : 0.5515"
"0,30 : 0.4561"
"30,0 : 0.4561"
"0,31 : 0.3667"
"31,0 : 0.3667"
"0,32 : 0.4925"
"32,0 : 0.4925"
"0,33 : 0.3606"
"33,0 : 0.3606"
"0,34 : 0.5408"
"34,0 : 0.5408"
"0,35 : 0.7211"
"35,0 : 0.7211"
"0,36 : 0.4188"
"36,0 : 0.4188"
"0,37 : 0.2816"
"37,0 : 0.2816"
"0,38 : 0.2302"
"38,0 : 0.2302"
"0,39 : 0.413"
"39,0 : 0.413"
"0,40 : 0.2159"
"40,0 : 0.2159"
"0,41 : 0.6401"
"41,0 : 0.6401"
"0,42 : 0.386"
"42,0 : 0.386"
"0,43 : 0.6501"
"43,0 : 0.6501"
"0,44 : 0.5239"
"44,0 : 0.5239"
"0,45 : 0.5731"
"45,0 : 0.5731"
"0,46 : 0.3808"
"46,0 : 0.3808"
"0,47 : 0.1217"
"47,0 : 0.1217"
"0,48 : 0.5941"
"48,0 : 0.5941"
"0,49 : 0.5507"
"49,0 : 0.5507"
"0,50 : 0.3126"
"50,0 : 0.3126"
"0,51 : 0.7061"
"51,0 : 0.7061"
"0,52 : 0.4071"
"52,0 : 0.4071"
"0,53 : 0.2802"
"53,0 : 0.2802"
"0,54 : 0.51"
"54,0 : 0.51"
"0,55 : 0.6395"
"55,0 : 0.6395"
"0,56 : 0.7301"
"56,0 : 0.7301"
"0,57 : 0.3329"
"57,0 : 0.3329"
"0,58 : 0.5608"
"58,0 : 0.5608"
"0,59 : 0.255"
"59,0 : 0.255"
"0,60 : 0.5201"
"60,0 : 0.5201"
"0,61 : 0.2163"
"61,0 : 0.2163"
"0,62 : 0.1221"
"62,0 : 0.1221"
"0,63 : 0.1749"
"63,0 : 0.1749"
"0,64 : 0.4805"
"64,0 : 0.4805"
"0,65 : 0.3764"
"65,0 : 0.3764"
"0,66 : 0.1649"
"66,0 : 0.1649"
"0,67 : 0.2002"
"67,0 : 0.2002"
"0,68 : 0.2081"
"68,0 : 0.2081"
"0,69 : 0.5022"
"69,0 : 0.5022"
"0,70 : 0.5"
"70,0 : 0.5"
"0,71 : 0.3712"
"71,0 : 0.3712"
"0,72 : 0.2617"
"72,0 : 0.2617"
"0,73 : 0.2693"
"73,0 : 0.2693"
"0,74 : 0.6685"
"74,0 : 0.6685"
"0,75 : 0.4826"
"75,0 : 0.4826"
"0,76 : 0.9309"
"76,0 : 0.9309"
"0,77 : 0.4031"
"77,0 : 0.4031"
"0,78 : 0.6464"
"78,0 : 0.6464"
"0,79 : 0.478"
"79,0 : 0.478"
"0,80 : 0.7343"
"80,0 : 0.7343"
"0,81 : 0.7685"
"81,0 : 0.7685"
"0,82 : 0.6001"
"82,0 : 0.6001"
"0,83 : 0.5797"
"83,0 : 0.5797"
"0,84 : 0.1513"
"84,0 : 0.1513"
"0,85 : 0.246"
"85,0 : 0.246"
"0,86 : 0.6044"
"86,0 : 0.6044"
"0,87 : 0.6778"
"87,0 : 0.6778"
"0,88 : 0.4123"
"88,0 : 0.4123"
"0,89 : 0.4617"
"89,0 : 0.4617"
"0,90 : 0.2625"
"90,0 : 0.2625"
"0,91 : 0.3759"
"91,0 : 0.3759"
"0,92 : 0.7181"
"92,0 : 0.7181"
"0,93 : 0.3002"
"93,0 : 0.3002"
"0,94 : 0.5243"
"94,0 : 0.5243"
"0,95 : 0.2193"
"95,0 : 0.2193"
"0,96 : 0.16"
"96,0 : 0.16"
"0,97 : 0.2731"
"97,0 : 0.2731"
"0,98 : 0.536"
"98,0 : 0.536"
"0,99 : 0.7703"
"99,0 : 0.7703"
"1,2 : 0.117"
"2,1 : 0.117"
"1,3 : 0.6013"
"3,1 : 0.6013"
"1,4 : 0.3612"
"4,1 : 0.3612"
"1,5 : 0.6972"
"5,1 : 0.6972"
"1,6 : 0.3354"
"6,1 : 0.3354"
"1,7 : 0.4264"
"7,1 : 0.4264"
"1,8 : 0.3821"
"8,1 : 0.3821"
"1,9 : 0.8902"
"9,1 : 0.8902"
"1,10 : 0.4973"
"10,1 : 0.4973"
"1,11 : 0.0854"
"11,1 : 0.0854"
"1,12 : 0.4219"
"12,1 : 0.4219"
"1,13 : 0.7011"
"13,1 : 0.7011"
"1,14 : 0.61"
"14,1 : 0.61"
"1,15 : 0.6801"
"15,1 : 0.6801"
"1,16 : 0.6641"
"16,1 : 0.6641"
"1,17 : 0.1811"
"17,1 : 0.1811"
"1,18 : 0.2309"
"18,1 : 0.2309"
"1,19 : 0.5646"
"19,1 : 0.5646"
"1,20 : 0.4965"
"20,1 : 0.4965"
"1,21 : 0.8855"
"21,1 : 0.8855"
"1,22 : 0.8078"
"22,1 : 0.8078"
"1,23 : 0.2"
"23,1 : 0.2"
"1,24 : 0.65"
"24,1 : 0.65"
"1,25 : 1.0164"
"25,1 : 1.0164"
"1,26 : 0.4588"
"26,1 : 0.4588"
"1,27 : 0.5859"
"27,1 : 0.5859"
"1,28 : 0.781"
"28,1 : 0.781"
"1,29 : 0.228"
"29,1 : 0.228"
"1,30 : 0.2508"
"30,1 : 0.2508"
"1,31 : 0.9097"
"31,1 : 0.9097"
"1,32 : 0.8186"
"32,1 : 0.8186"
"1,33 : 0.9043"
"33,1 : 0.9043"
"1,34 : 0.2884"
"34,1 : 0.2884"
"1,35 : 0.1044"
"35,1 : 0.1044"
"1,36 : 0.5057"
"36,1 : 0.5057"
"1,37 : 0.4741"
"37,1 : 0.4741"
"1,38 : 0.7058"
"38,1 : 0.7058"
"1,39 : 0.3384"
"39,1 : 0.3384"
"1,40 : 0.6438"
"40,1 : 0.6438"
"1,41 : 0.5664"
"41,1 : 0.5664"
"1,42 : 0.8324"
"42,1 : 0.8324"
"1,43 : 0.136"
"43,1 : 0.136"
"1,44 : 0.5882"
"44,1 : 0.5882"
"1,45 : 0.236"
"45,1 : 0.236"
"1,46 : 0.8132"
"46,1 : 0.8132"
"1,47 : 0.7187"
"47,1 : 0.7187"
"1,48 : 0.5331"
"48,1 : 0.5331"
"1,49 : 0.5404"
"49,1 : 0.5404"
"1,50 : 0.3929"
"50,1 : 0.3929"
"1,51 : 0.29"
"51,1 : 0.29"
"1,52 : 0.3338"
"52,1 : 0.3338"
"1,53 : 0.6464"
"53,1 : 0.6464"
"1,54 : 0.228"
"54,1 : 0.228"
"1,55 : 0.5873"
"55,1 : 0.5873"
"1,56 : 0.0361"
"56,1 : 0.0361"
"1,57 : 0.5289"
"57,1 : 0.5289"
"1,58 : 0.525"
"58,1 : 0.525"
"1,59 : 0.5224"
"59,1 : 0.5224"
"1,60 : 0.458"
"60,1 : 0.458"
"1,61 : 0.6537"
"61,1 : 0.6537"
"1,62 : 0.5941"
"62,1 : 0.5941"
"1,63 : 0.6001"
"63,1 : 0.6001"
"1,64 : 0.8562"
"64,1 : 0.8562"
"1,65 : 0.6203"
"65,1 : 0.6203"
"1,66 : 0.5394"
"66,1 : 0.5394"
"1,67 : 0.7603"
"67,1 : 0.7603"
"1,68 : 0.8984"
"68,1 : 0.8984"
"1,69 : 0.5131"
"69,1 : 0.5131"
"1,70 : 0.35"
"70,1 : 0.35"
"1,71 : 0.7009"
"71,1 : 0.7009"
"1,72 : 0.4624"
"72,1 : 0.4624"
"1,73 : 0.7072"
"73,1 : 0.7072"
"1,74 : 0.514"
"74,1 : 0.514"
"1,75 : 0.5022"
"75,1 : 0.5022"
"1,76 : 0.451"
"76,1 : 0.451"
"1,77 : 0.7843"
"77,1 : 0.7843"
"1,78 : 0.5045"
"78,1 : 0.5045"
"1,79 : 0.8802"
"79,1 : 0.8802"
"1,80 : 0.5025"
"80,1 : 0.5025"
"1,81 : 0.2729"
"81,1 : 0.2729"
"1,82 : 0.821"
"82,1 : 0.821"
"1,83 : 0.9391"
"83,1 : 0.9391"
"1,84 : 0.8551"
"84,1 : 0.8551"
"1,85 : 0.6826"
"85,1 : 0.6826"
"1,86 : 0.4528"
"86,1 : 0.4528"
"1,87 : 0.1253"
"87,1 : 0.1253"
"1,88 : 0.2927"
"88,1 : 0.2927"
"1,89 : 0.2508"
"89,1 : 0.2508"
"1,90 : 0.9424"
"90,1 : 0.9424"
"1,91 : 0.5442"
"91,1 : 0.5442"
"1,92 : 0.0224"
"92,1 : 0.0224"
"1,93 : 0.9304"
"93,1 : 0.9304"
"1,94 : 0.486"
"94,1 : 0.486"
"1,95 : 0.5413"
"95,1 : 0.5413"
"1,96 : 0.8615"
"96,1 : 0.8615"
"1,97 : 0.9727"
"97,1 : 0.9727"
"1,98 : 0.5284"
"98,1 : 0.5284"
"1,99 : 0.5204"
"99,1 : 0.5204"
"2,3 : 0.49"
"3,2 : 0.49"
"2,4 : 0.2596"
"4,2 : 0.2596"
"2,5 : 0.5967"
"5,2 : 0.5967"
"2,6 : 0.2209"
"6,2 : 0.2209"
"2,7 : 0.3312"
"7,2 : 0.3312"
"2,8 : 0.446"
"8,2 : 0.446"
"2,9 : 0.7737"
"9,2 : 0.7737"
"2,10 : 0.5204"
"10,2 : 0.5204"
"2,11 : 0.0762"
"11,2 : 0.0762"
"2,12 : 0.4653"
"12,2 : 0.4653"
"2,13 : 0.5954"
"13,2 : 0.5954"
"2,14 : 0.5124"
"14,2 : 0.5124"
"2,15 : 0.6466"
"15,2 : 0.6466"
"2,16 : 0.577"
"16,2 : 0.577"
"2,17 : 0.2555"
"17,2 : 0.2555"
"2,18 : 0.1217"
"18,2 : 0.1217"
"2,19 : 0.4855"
"19,2 : 0.4855"
"2,20 : 0.3808"
"20,2 : 0.3808"
"2,21 : 0.7694"
"21,2 : 0.7694"
"2,22 : 0.6908"
"22,2 : 0.6908"
"2,23 : 0.1676"
"23,2 : 0.1676"
"2,24 : 0.5694"
"24,2 : 0.5694"
"2,25 : 0.9354"
"25,2 : 0.9354"
"2,26 : 0.3421"
"26,2 : 0.3421"
"2,27 : 0.4701"
"27,2 : 0.4701"
"2,28 : 0.6862"
"28,2 : 0.6862"
"2,29 : 0.222"
"29,2 : 0.222"
"2,30 : 0.1523"
"30,2 : 0.1523"
"2,31 : 0.845"
"31,2 : 0.845"
"2,32 : 0.7021"
"32,2 : 0.7021"
"2,33 : 0.7892"
"33,2 : 0.7892"
"2,34 : 0.1769"
"34,2 : 0.1769"
"2,35 : 0.198"
"35,2 : 0.198"
"2,36 : 0.3891"
"36,2 : 0.3891"
"2,37 : 0.4046"
"37,2 : 0.4046"
"2,38 : 0.5921"
"38,2 : 0.5921"
"2,39 : 0.286"
"39,2 : 0.286"
"2,40 : 0.5308"
"40,2 : 0.5308"
"2,41 : 0.4662"
"41,2 : 0.4662"
"2,42 : 0.7157"
"42,2 : 0.7157"
"2,43 : 0.1838"
"43,2 : 0.1838"
"2,44 : 0.4763"
"44,2 : 0.4763"
"2,45 : 0.1281"
"45,2 : 0.1281"
"2,46 : 0.6964"
"46,2 : 0.6964"
"2,47 : 0.6353"
"47,2 : 0.6353"
"2,48 : 0.5394"
"48,2 : 0.5394"
"2,49 : 0.4314"
"49,2 : 0.4314"
"2,50 : 0.3041"
"50,2 : 0.3041"
"2,51 : 0.3479"
"51,2 : 0.3479"
"2,52 : 0.2202"
"52,2 : 0.2202"
"2,53 : 0.5869"
"53,2 : 0.5869"
"2,54 : 0.1931"
"54,2 : 0.1931"
"2,55 : 0.486"
"55,2 : 0.486"
"2,56 : 0.1304"
"56,2 : 0.1304"
"2,57 : 0.4123"
"57,2 : 0.4123"
"2,58 : 0.4173"
"58,2 : 0.4173"
"2,59 : 0.4101"
"59,2 : 0.4101"
"2,60 : 0.3471"
"60,2 : 0.3471"
"2,61 : 0.5841"
"61,2 : 0.5841"
"2,62 : 0.4924"
"62,2 : 0.4924"
"2,63 : 0.4909"
"63,2 : 0.4909"
"2,64 : 0.7393"
"64,2 : 0.7393"
"2,65 : 0.5033"
"65,2 : 0.5033"
"2,66 : 0.4427"
"66,2 : 0.4427"
"2,67 : 0.6851"
"67,2 : 0.6851"
"2,68 : 0.8078"
"68,2 : 0.8078"
"2,69 : 0.4998"
"69,2 : 0.4998"
"2,70 : 0.3353"
"70,2 : 0.3353"
"2,71 : 0.6544"
"71,2 : 0.6544"
"2,72 : 0.3828"
"72,2 : 0.3828"
"2,73 : 0.6444"
"73,2 : 0.6444"
"2,74 : 0.4206"
"74,2 : 0.4206"
"2,75 : 0.4847"
"75,2 : 0.4847"
"2,76 : 0.4332"
"76,2 : 0.4332"
"2,77 : 0.6673"
"77,2 : 0.6673"
"2,78 : 0.4082"
"78,2 : 0.4082"
"2,79 : 0.7632"
"79,2 : 0.7632"
"2,80 : 0.5433"
"80,2 : 0.5433"
"2,81 : 0.2404"
"81,2 : 0.2404"
"2,82 : 0.708"
"82,2 : 0.708"
"2,83 : 0.823"
"83,2 : 0.823"
"2,84 : 0.7569"
"84,2 : 0.7569"
"2,85 : 0.6172"
"85,2 : 0.6172"
"2,86 : 0.3523"
"86,2 : 0.3523"
"2,87 : 0.086"
"87,2 : 0.086"
"2,88 : 0.197"
"88,2 : 0.197"
"2,89 : 0.1844"
"89,2 : 0.1844"
"2,90 : 0.8549"
"90,2 : 0.8549"
"2,91 : 0.4272"
"91,2 : 0.4272"
"2,92 : 0.1217"
"92,2 : 0.1217"
"2,93 : 0.8523"
"93,2 : 0.8523"
"2,94 : 0.3754"
"94,2 : 0.3754"
"2,95 : 0.4662"
"95,2 : 0.4662"
"2,96 : 0.7616"
"96,2 : 0.7616"
"2,97 : 0.8792"
"97,2 : 0.8792"
"2,98 : 0.522"
"98,2 : 0.522"
"2,99 : 0.5672"
"99,2 : 0.5672"
"3,4 : 0.25"
"4,3 : 0.25"
"3,5 : 0.1664"
"5,3 : 0.1664"
"3,6 : 0.2707"
"6,3 : 0.2707"
"3,7 : 0.4393"
"7,3 : 0.4393"
"3,8 : 0.7655"
"8,3 : 0.7655"
"3,9 : 0.322"
"9,3 : 0.322"
"3,10 : 0.7009"
"10,3 : 0.7009"
"3,11 : 0.5247"
"11,3 : 0.5247"
"3,12 : 0.7247"
"12,3 : 0.7247"
"3,13 : 0.1281"
"13,3 : 0.1281"
"3,14 : 0.15"
"14,3 : 0.15"
"3,15 : 0.5701"
"15,3 : 0.5701"
"3,16 : 0.2518"
"16,3 : 0.2518"
"3,17 : 0.6579"
"17,3 : 0.6579"
"3,18 : 0.3705"
"18,3 : 0.3705"
"3,19 : 0.272"
"19,3 : 0.272"
"3,20 : 0.2484"
"20,3 : 0.2484"
"3,21 : 0.4071"
"21,3 : 0.4071"
"3,22 : 0.3002"
"22,3 : 0.3002"
"3,23 : 0.4682"
"23,3 : 0.4682"
"3,24 : 0.29"
"24,3 : 0.29"
"3,25 : 0.558"
"25,3 : 0.558"
"3,26 : 0.1836"
"26,3 : 0.1836"
"3,27 : 0.2435"
"27,3 : 0.2435"
"3,28 : 0.272"
"28,3 : 0.272"
"3,29 : 0.5099"
"29,3 : 0.5099"
"3,30 : 0.3551"
"30,3 : 0.3551"
"3,31 : 0.5632"
"31,3 : 0.5632"
"3,32 : 0.3401"
"32,3 : 0.3401"
"3,33 : 0.3138"
"33,3 : 0.3138"
"3,34 : 0.3795"
"34,3 : 0.3795"
"3,35 : 0.6454"
"35,3 : 0.6454"
"3,36 : 0.2202"
"36,3 : 0.2202"
"3,37 : 0.3162"
"37,3 : 0.3162"
"3,38 : 0.1118"
"38,3 : 0.1118"
"3,39 : 0.3941"
"39,3 : 0.3941"
"3,40 : 0.05"
"40,3 : 0.05"
"3,41 : 0.4391"
"41,3 : 0.4391"
"3,42 : 0.2759"
"42,3 : 0.2759"
"3,43 : 0.5852"
"43,3 : 0.5852"
"3,44 : 0.3231"
"44,3 : 0.3231"
"3,45 : 0.422"
"45,3 : 0.422"
"3,46 : 0.2617"
"46,3 : 0.2617"
"3,47 : 0.3081"
"47,3 : 0.3081"
"3,48 : 0.658"
"48,3 : 0.658"
"3,49 : 0.3499"
"49,3 : 0.3499"
"3,50 : 0.2608"
"50,3 : 0.2608"
"3,51 : 0.6848"
"51,3 : 0.6848"
"3,52 : 0.2702"
"52,3 : 0.2702"
"3,53 : 0.4159"
"53,3 : 0.4159"
"3,54 : 0.4569"
"54,3 : 0.4569"
"3,55 : 0.4383"
"55,3 : 0.4383"
"3,56 : 0.6201"
"56,3 : 0.6201"
"3,57 : 0.1345"
"57,3 : 0.1345"
"3,58 : 0.3606"
"58,3 : 0.3606"
"3,59 : 0.0806"
"59,3 : 0.0806"
"3,60 : 0.3253"
"60,3 : 0.3253"
"3,61 : 0.3612"
"61,3 : 0.3612"
"3,62 : 0.1105"
"62,3 : 0.1105"
"3,63 : 0.03"
"63,3 : 0.03"
"3,64 : 0.3467"
"64,3 : 0.3467"
"3,65 : 0.1811"
"65,3 : 0.1811"
"3,66 : 0.1565"
"66,3 : 0.1565"
"3,67 : 0.3883"
"67,3 : 0.3883"
"3,68 : 0.397"
"68,3 : 0.397"
"3,69 : 0.5686"
"69,3 : 0.5686"
"3,70 : 0.5045"
"70,3 : 0.5045"
"3,71 : 0.5162"
"71,3 : 0.5162"
"3,72 : 0.2702"
"72,3 : 0.2702"
"3,73 : 0.4301"
"73,3 : 0.4301"
"3,74 : 0.4701"
"74,3 : 0.4701"
"3,75 : 0.5464"
"75,3 : 0.5464"
"3,76 : 0.7517"
"76,3 : 0.7517"
"3,77 : 0.2608"
"77,3 : 0.2608"
"3,78 : 0.4482"
"78,3 : 0.4482"
"3,79 : 0.3561"
"79,3 : 0.3561"
"3,80 : 0.7708"
"80,3 : 0.7708"
"3,81 : 0.6054"
"81,3 : 0.6054"
"3,82 : 0.4276"
"82,3 : 0.4276"
"3,83 : 0.4494"
"83,3 : 0.4494"
"3,84 : 0.3124"
"84,3 : 0.3124"
"3,85 : 0.4005"
"85,3 : 0.4005"
"3,86 : 0.4101"
"86,3 : 0.4101"
"3,87 : 0.5445"
"87,3 : 0.5445"
"3,88 : 0.3202"
"88,3 : 0.3202"
"3,89 : 0.3956"
"89,3 : 0.3956"
"3,90 : 0.4545"
"90,3 : 0.4545"
"3,91 : 0.1749"
"91,3 : 0.1749"
"3,92 : 0.6103"
"92,3 : 0.6103"
"3,93 : 0.5012"
"93,3 : 0.5012"
"3,94 : 0.3265"
"94,3 : 0.3265"
"3,95 : 0.2915"
"95,3 : 0.2915"
"3,96 : 0.3081"
"96,3 : 0.3081"
"3,97 : 0.4469"
"97,3 : 0.4469"
"3,98 : 0.6046"
"98,3 : 0.6046"
"3,99 : 0.8062"
"99,3 : 0.8062"
"4,5 : 0.3373"
"5,4 : 0.3373"
"4,6 : 0.0949"
"6,4 : 0.0949"
"4,7 : 0.3711"
"7,4 : 0.3711"
"4,8 : 0.5315"
"8,4 : 0.5315"
"4,9 : 0.5636"
"9,4 : 0.5636"
"4,10 : 0.5054"
"10,4 : 0.5054"
"4,11 : 0.28"
"11,4 : 0.28"
"4,12 : 0.5045"
"12,4 : 0.5045"
"4,13 : 0.3401"
"13,4 : 0.3401"
"4,14 : 0.253"
"14,4 : 0.253"
"4,15 : 0.4884"
"15,4 : 0.4884"
"4,16 : 0.3245"
"16,4 : 0.3245"
"4,17 : 0.4085"
"17,4 : 0.4085"
"4,18 : 0.1393"
"18,4 : 0.1393"
"4,19 : 0.2484"
"19,4 : 0.2484"
"4,20 : 0.272"
"20,4 : 0.272"
"4,21 : 0.6081"
"21,4 : 0.6081"
"4,22 : 0.5109"
"22,4 : 0.5109"
"4,23 : 0.2193"
"23,4 : 0.2193"
"4,24 : 0.3256"
"24,4 : 0.3256"
"4,25 : 0.6851"
"25,4 : 0.6851"
"4,26 : 0.1789"
"26,4 : 0.1789"
"4,27 : 0.34"
"27,4 : 0.34"
"4,28 : 0.4272"
"28,4 : 0.4272"
"4,29 : 0.2663"
"29,4 : 0.2663"
"4,30 : 0.1105"
"30,4 : 0.1105"
"4,31 : 0.6172"
"31,4 : 0.6172"
"4,32 : 0.5374"
"32,4 : 0.5374"
"4,33 : 0.563"
"33,4 : 0.563"
"4,34 : 0.2247"
"34,4 : 0.2247"
"4,35 : 0.3962"
"35,4 : 0.3962"
"4,36 : 0.26"
"36,4 : 0.26"
"4,37 : 0.1992"
"37,4 : 0.1992"
"4,38 : 0.3606"
"38,4 : 0.3606"
"4,39 : 0.1789"
"39,4 : 0.1789"
"4,40 : 0.2973"
"40,4 : 0.2973"
"4,41 : 0.4504"
"41,4 : 0.4504"
"4,42 : 0.5111"
"42,4 : 0.5111"
"4,43 : 0.3353"
"43,4 : 0.3353"
"4,44 : 0.389"
"44,4 : 0.389"
"4,45 : 0.2404"
"45,4 : 0.2404"
"4,46 : 0.494"
"46,4 : 0.494"
"4,47 : 0.386"
"47,4 : 0.386"
"4,48 : 0.4838"
"48,4 : 0.4838"
"4,49 : 0.3748"
"49,4 : 0.3748"
"4,50 : 0.0728"
"50,4 : 0.0728"
"4,51 : 0.4441"
"51,4 : 0.4441"
"4,52 : 0.0854"
"52,4 : 0.0854"
"4,53 : 0.3801"
"53,4 : 0.3801"
"4,54 : 0.211"
"54,4 : 0.211"
"4,55 : 0.4617"
"55,4 : 0.4617"
"4,56 : 0.3847"
"56,4 : 0.3847"
"4,57 : 0.2267"
"57,4 : 0.2267"
"4,58 : 0.3722"
"58,4 : 0.3722"
"4,59 : 0.1789"
"59,4 : 0.1789"
"4,60 : 0.3002"
"60,4 : 0.3002"
"4,61 : 0.3581"
"61,4 : 0.3581"
"4,62 : 0.2335"
"62,4 : 0.2335"
"4,63 : 0.2433"
"63,4 : 0.2433"
"4,64 : 0.5608"
"64,4 : 0.5608"
"4,65 : 0.333"
"65,4 : 0.333"
"4,66 : 0.1838"
"66,4 : 0.1838"
"4,67 : 0.4455"
"67,4 : 0.4455"
"4,68 : 0.5504"
"68,4 : 0.5504"
"4,69 : 0.4079"
"69,4 : 0.4079"
"4,70 : 0.2915"
"70,4 : 0.2915"
"4,71 : 0.4682"
"71,4 : 0.4682"
"4,72 : 0.1565"
"72,4 : 0.1565"
"4,73 : 0.4272"
"73,4 : 0.4272"
"4,74 : 0.4428"
"74,4 : 0.4428"
"4,75 : 0.3864"
"75,4 : 0.3864"
"4,76 : 0.6185"
"76,4 : 0.6185"
"4,77 : 0.478"
"77,4 : 0.478"
"4,78 : 0.4219"
"78,4 : 0.4219"
"4,79 : 0.578"
"79,4 : 0.578"
"4,80 : 0.563"
"80,4 : 0.563"
"4,81 : 0.4386"
"81,4 : 0.4386"
"4,82 : 0.5852"
"82,4 : 0.5852"
"4,83 : 0.658"
"83,4 : 0.658"
"4,84 : 0.4973"
"84,4 : 0.4973"
"4,85 : 0.3966"
"85,4 : 0.3966"
"4,86 : 0.3635"
"86,4 : 0.3635"
"4,87 : 0.3311"
"87,4 : 0.3311"
"4,88 : 0.0707"
"88,4 : 0.0707"
"4,89 : 0.1476"
"89,4 : 0.1476"
"4,90 : 0.5994"
"90,4 : 0.5994"
"4,91 : 0.2663"
"91,4 : 0.2663"
"4,92 : 0.3734"
"92,4 : 0.3734"
"4,93 : 0.6061"
"93,4 : 0.6061"
"4,94 : 0.3214"
"94,4 : 0.3214"
"4,95 : 0.2385"
"95,4 : 0.2385"
"4,96 : 0.5022"
"96,4 : 0.5022"
"4,97 : 0.6203"
"97,4 : 0.6203"
"4,98 : 0.4415"
"98,4 : 0.4415"
"4,99 : 0.5964"
"99,4 : 0.5964"
"5,6 : 0.394"
"6,5 : 0.394"
"5,7 : 0.6011"
"7,5 : 0.6011"
"5,8 : 0.7819"
"8,5 : 0.7819"
"5,9 : 0.3712"
"9,5 : 0.3712"
"5,10 : 0.6768"
"10,5 : 0.6768"
"5,11 : 0.614"
"11,5 : 0.614"
"5,12 : 0.7245"
"12,5 : 0.7245"
"5,13 : 0.0608"
"13,5 : 0.0608"
"5,14 : 0.0906"
"14,5 : 0.0906"
"5,15 : 0.4751"
"15,5 : 0.4751"
"5,16 : 0.1253"
"16,5 : 0.1253"
"5,17 : 0.7145"
"17,5 : 0.7145"
"5,18 : 0.4754"
"18,5 : 0.4754"
"5,19 : 0.2081"
"19,5 : 0.2081"
"5,20 : 0.414"
"20,5 : 0.414"
"5,21 : 0.5099"
"21,5 : 0.5099"
"5,22 : 0.4045"
"22,5 : 0.4045"
"5,23 : 0.5304"
"23,5 : 0.5304"
"5,24 : 0.1749"
"24,5 : 0.1749"
"5,25 : 0.392"
"25,5 : 0.392"
"5,26 : 0.3397"
"26,5 : 0.3397"
"5,27 : 0.4072"
"27,5 : 0.4072"
"5,28 : 0.1063"
"28,5 : 0.1063"
"5,29 : 0.5558"
"29,5 : 0.5558"
"5,30 : 0.4472"
"30,5 : 0.4472"
"5,31 : 0.4061"
"31,5 : 0.4061"
"5,32 : 0.4528"
"32,5 : 0.4528"
"5,33 : 0.328"
"33,5 : 0.328"
"5,34 : 0.5197"
"34,5 : 0.5197"
"5,35 : 0.72"
"35,5 : 0.72"
"5,36 : 0.386"
"36,5 : 0.386"
"5,37 : 0.2955"
"37,5 : 0.2955"
"5,38 : 0.1903"
"38,5 : 0.1903"
"5,39 : 0.4198"
"39,5 : 0.4198"
"5,40 : 0.1772"
"40,5 : 0.1772"
"5,41 : 0.6054"
"41,5 : 0.6054"
"5,42 : 0.3479"
"42,5 : 0.3479"
"5,43 : 0.6507"
"43,5 : 0.6507"
"5,44 : 0.4875"
"44,5 : 0.4875"
"5,45 : 0.5546"
"45,5 : 0.5546"
"5,46 : 0.3421"
"46,5 : 0.3421"
"5,47 : 0.1612"
"47,5 : 0.1612"
"5,48 : 0.6185"
"48,5 : 0.6185"
"5,49 : 0.5162"
"49,5 : 0.5162"
"5,50 : 0.31"
"50,5 : 0.31"
"5,51 : 0.7157"
"51,5 : 0.7157"
"5,52 : 0.39"
"52,5 : 0.39"
"5,53 : 0.3138"
"53,5 : 0.3138"
"5,54 : 0.5116"
"54,5 : 0.5116"
"5,55 : 0.6042"
"55,5 : 0.6042"
"5,56 : 0.7218"
"56,5 : 0.7218"
"5,57 : 0.3"
"57,5 : 0.3"
"5,58 : 0.527"
"58,5 : 0.527"
"5,59 : 0.2267"
"59,5 : 0.2267"
"5,60 : 0.4892"
"60,5 : 0.4892"
"5,61 : 0.2506"
"61,5 : 0.2506"
"5,62 : 0.1044"
"62,5 : 0.1044"
"5,63 : 0.1421"
"63,5 : 0.1421"
"5,64 : 0.4415"
"64,5 : 0.4415"
"5,65 : 0.3384"
"65,5 : 0.3384"
"5,66 : 0.16"
"66,5 : 0.16"
"5,67 : 0.2402"
"67,5 : 0.2402"
"5,68 : 0.2335"
"68,5 : 0.2335"
"5,69 : 0.5263"
"69,5 : 0.5263"
"5,70 : 0.5126"
"70,5 : 0.5126"
"5,71 : 0.4072"
"71,5 : 0.4072"
"5,72 : 0.2693"
"72,5 : 0.2693"
"5,73 : 0.3068"
"73,5 : 0.3068"
"5,74 : 0.636"
"74,5 : 0.636"
"5,75 : 0.5061"
"75,5 : 0.5061"
"5,76 : 0.906"
"76,5 : 0.906"
"5,77 : 0.3635"
"77,5 : 0.3635"
"5,78 : 0.614"
"78,5 : 0.614"
"5,79 : 0.4397"
"79,5 : 0.4397"
"5,80 : 0.7547"
"80,5 : 0.7547"
"5,81 : 0.7479"
"81,5 : 0.7479"
"5,82 : 0.5601"
"82,5 : 0.5601"
"5,83 : 0.5412"
"83,5 : 0.5412"
"5,84 : 0.1616"
"84,5 : 0.1616"
"5,85 : 0.2823"
"85,5 : 0.2823"
"5,86 : 0.5738"
"86,5 : 0.5738"
"5,87 : 0.6641"
"87,5 : 0.6641"
"5,88 : 0.4045"
"88,5 : 0.4045"
"5,89 : 0.46"
"89,5 : 0.46"
"5,90 : 0.29"
"90,5 : 0.29"
"5,91 : 0.3413"
"91,5 : 0.3413"
"5,92 : 0.7102"
"92,5 : 0.7102"
"5,93 : 0.3354"
"93,5 : 0.3354"
"5,94 : 0.492"
"94,5 : 0.492"
"5,95 : 0.2385"
"95,5 : 0.2385"
"5,96 : 0.1649"
"96,5 : 0.1649"
"5,97 : 0.2915"
"97,5 : 0.2915"
"5,98 : 0.5608"
"98,5 : 0.5608"
"5,99 : 0.7908"
"99,5 : 0.7908"
"6,7 : 0.2766"
"7,6 : 0.2766"
"6,8 : 0.5749"
"8,6 : 0.5749"
"6,9 : 0.5566"
"9,6 : 0.5566"
"6,10 : 0.5758"
"10,6 : 0.5758"
"6,11 : 0.2657"
"11,6 : 0.2657"
"6,12 : 0.5608"
"12,6 : 0.5608"
"6,13 : 0.3833"
"13,6 : 0.3833"
"6,14 : 0.3191"
"14,6 : 0.3191"
"6,15 : 0.5825"
"15,6 : 0.5825"
"6,16 : 0.4036"
"16,6 : 0.4036"
"6,17 : 0.4244"
"17,6 : 0.4244"
"6,18 : 0.1077"
"18,6 : 0.1077"
"6,19 : 0.3384"
"19,6 : 0.3384"
"6,20 : 0.2025"
"20,6 : 0.2025"
"6,21 : 0.572"
"21,6 : 0.572"
"6,22 : 0.4837"
"22,6 : 0.4837"
"6,23 : 0.2476"
"23,6 : 0.2476"
"6,24 : 0.4111"
"24,6 : 0.4111"
"6,25 : 0.7622"
"25,6 : 0.7622"
"6,26 : 0.1304"
"26,6 : 0.1304"
"6,27 : 0.2832"
"27,6 : 0.2832"
"6,28 : 0.4924"
"28,6 : 0.4924"
"6,29 : 0.3061"
"29,6 : 0.3061"
"6,30 : 0.1131"
"30,6 : 0.1131"
"6,31 : 0.706"
"31,6 : 0.706"
"6,32 : 0.5022"
"32,6 : 0.5022"
"6,33 : 0.5689"
"33,6 : 0.5689"
"6,34 : 0.1345"
"34,6 : 0.1345"
"6,35 : 0.394"
"35,6 : 0.394"
"6,36 : 0.1985"
"36,6 : 0.1985"
"6,37 : 0.2941"
"37,6 : 0.2941"
"6,38 : 0.3712"
"38,6 : 0.3712"
"6,39 : 0.255"
"39,6 : 0.255"
"6,40 : 0.3102"
"40,6 : 0.3102"
"6,41 : 0.3635"
"41,6 : 0.3635"
"6,42 : 0.4998"
"42,6 : 0.4998"
"6,43 : 0.3467"
"43,6 : 0.3467"
"6,44 : 0.3176"
"44,6 : 0.3176"
"6,45 : 0.1612"
"45,6 : 0.1612"
"6,46 : 0.481"
"46,6 : 0.481"
"6,47 : 0.4669"
"47,6 : 0.4669"
"6,48 : 0.5629"
"48,6 : 0.5629"
"6,49 : 0.2941"
"49,6 : 0.2941"
"6,50 : 0.1676"
"50,6 : 0.1676"
"6,51 : 0.481"
"51,6 : 0.481"
"6,52 : 0.01"
"52,6 : 0.01"
"6,53 : 0.4742"
"53,6 : 0.4742"
"6,54 : 0.25"
"54,6 : 0.25"
"6,55 : 0.3766"
"55,6 : 0.3766"
"6,56 : 0.3513"
"56,6 : 0.3513"
"6,57 : 0.197"
"57,6 : 0.197"
"6,58 : 0.2886"
"58,6 : 0.2886"
"6,59 : 0.1903"
"59,6 : 0.1903"
"6,60 : 0.2138"
"60,6 : 0.2138"
"6,61 : 0.4494"
"61,6 : 0.4494"
"6,62 : 0.2907"
"62,6 : 0.2907"
"6,63 : 0.2746"
"63,6 : 0.2746"
"6,64 : 0.5334"
"64,6 : 0.5334"
"6,65 : 0.2968"
"65,6 : 0.2968"
"6,66 : 0.2561"
"66,6 : 0.2561"
"6,67 : 0.5315"
"67,6 : 0.5315"
"6,68 : 0.6191"
"68,6 : 0.6191"
"6,69 : 0.4925"
"69,6 : 0.4925"
"6,70 : 0.3606"
"70,6 : 0.3606"
"6,71 : 0.563"
"71,6 : 0.563"
"6,72 : 0.2508"
"72,6 : 0.2508"
"6,73 : 0.5197"
"73,6 : 0.5197"
"6,74 : 0.3506"
"74,6 : 0.3506"
"6,75 : 0.4717"
"75,6 : 0.4717"
"6,76 : 0.5308"
"76,6 : 0.5308"
"6,77 : 0.4562"
"77,6 : 0.4562"
"6,78 : 0.3302"
"78,6 : 0.3302"
"6,79 : 0.5547"
"79,6 : 0.5547"
"6,80 : 0.6261"
"80,6 : 0.6261"
"6,81 : 0.3581"
"81,6 : 0.3581"
"6,82 : 0.5315"
"82,6 : 0.5315"
"6,83 : 0.6243"
"83,6 : 0.6243"
"6,84 : 0.5554"
"84,6 : 0.5554"
"6,85 : 0.4888"
"85,6 : 0.4888"
"6,86 : 0.2707"
"86,6 : 0.2707"
"6,87 : 0.2746"
"87,6 : 0.2746"
"6,88 : 0.1077"
"88,6 : 0.1077"
"6,89 : 0.1887"
"89,6 : 0.1887"
"6,90 : 0.6712"
"90,6 : 0.6712"
"6,91 : 0.222"
"91,6 : 0.222"
"6,92 : 0.3423"
"92,6 : 0.3423"
"6,93 : 0.6868"
"93,6 : 0.6868"
"6,94 : 0.2377"
"94,6 : 0.2377"
"6,95 : 0.3312"
"95,6 : 0.3312"
"6,96 : 0.5571"
"96,6 : 0.5571"
"6,97 : 0.6843"
"97,6 : 0.6843"
"6,98 : 0.5247"
"98,6 : 0.5247"
"6,99 : 0.6576"
"99,6 : 0.6576"
"7,8 : 0.7747"
"8,7 : 0.7747"
"7,9 : 0.5984"
"9,7 : 0.5984"
"7,10 : 0.822"
"10,7 : 0.822"
"7,11 : 0.4071"
"11,7 : 0.4071"
"7,12 : 0.7845"
"12,7 : 0.7845"
"7,13 : 0.5673"
"13,7 : 0.5673"
"7,14 : 0.55"
"14,7 : 0.55"
"7,15 : 0.8591"
"15,7 : 0.8591"
"7,16 : 0.649"
"16,7 : 0.649"
"7,17 : 0.5867"
"17,7 : 0.5867"
"7,18 : 0.3126"
"18,7 : 0.3126"
"7,19 : 0.6042"
"19,7 : 0.6042"
"7,20 : 0.1972"
"20,7 : 0.1972"
"7,21 : 0.5247"
"21,7 : 0.5247"
"7,22 : 0.4809"
"22,7 : 0.4809"
"7,23 : 0.4632"
"23,7 : 0.4632"
"7,24 : 0.6673"
"24,7 : 0.6673"
"7,25 : 0.9916"
"25,7 : 0.9916"
"7,26 : 0.2625"
"26,7 : 0.2625"
"7,27 : 0.2571"
"27,7 : 0.2571"
"7,28 : 0.7072"
"28,7 : 0.7072"
"7,29 : 0.5263"
"29,7 : 0.5263"
"7,30 : 0.3506"
"30,7 : 0.3506"
"7,31 : 0.9638"
"31,7 : 0.9638"
"7,32 : 0.4704"
"32,7 : 0.4704"
"7,33 : 0.6429"
"33,7 : 0.6429"
"7,34 : 0.1726"
"34,7 : 0.1726"
"7,35 : 0.5243"
"35,7 : 0.5243"
"7,36 : 0.2247"
"36,7 : 0.2247"
"7,37 : 0.5701"
"37,7 : 0.5701"
"7,38 : 0.4924"
"38,7 : 0.4924"
"7,39 : 0.5201"
"39,7 : 0.5201"
"7,40 : 0.4522"
"40,7 : 0.4522"
"7,41 : 0.1421"
"41,7 : 0.1421"
"7,42 : 0.5394"
"42,7 : 0.5394"
"7,43 : 0.5143"
"43,7 : 0.5143"
"7,44 : 0.2102"
"44,7 : 0.2102"
"7,45 : 0.2062"
"45,7 : 0.2062"
"7,46 : 0.5197"
"46,7 : 0.5197"
"7,47 : 0.7128"
"47,7 : 0.7128"
"7,48 : 0.8222"
"48,7 : 0.8222"
"7,49 : 0.1503"
"49,7 : 0.1503"
"7,50 : 0.4438"
"50,7 : 0.4438"
"7,51 : 0.6762"
"51,7 : 0.6762"
"7,52 : 0.2864"
"52,7 : 0.2864"
"7,53 : 0.7467"
"53,7 : 0.7467"
"7,54 : 0.4785"
"54,7 : 0.4785"
"7,55 : 0.164"
"55,7 : 0.164"
"7,56 : 0.4173"
"56,7 : 0.4173"
"7,57 : 0.3061"
"57,7 : 0.3061"
"7,58 : 0.1304"
"58,7 : 0.1304"
"7,59 : 0.3754"
"59,7 : 0.3754"
"7,60 : 0.1166"
"60,7 : 0.1166"
"7,61 : 0.7159"
"61,7 : 0.7159"
"7,62 : 0.5122"
"62,7 : 0.5122"
"7,63 : 0.4597"
"63,7 : 0.4597"
"7,64 : 0.52"
"64,7 : 0.52"
"7,65 : 0.3289"
"65,7 : 0.3289"
"7,66 : 0.5025"
"66,7 : 0.5025"
"7,67 : 0.7855"
"67,7 : 0.7855"
"7,68 : 0.8344"
"68,7 : 0.8344"
"7,69 : 0.7601"
"69,7 : 0.7601"
"7,70 : 0.6129"
"70,7 : 0.6129"
"7,71 : 0.8382"
"71,7 : 0.8382"
"7,72 : 0.525"
"72,7 : 0.525"
"7,73 : 0.7879"
"73,7 : 0.7879"
"7,74 : 0.0894"
"74,7 : 0.0894"
"7,75 : 0.7403"
"75,7 : 0.7403"
"7,76 : 0.3231"
"76,7 : 0.3231"
"7,77 : 0.4752"
"77,7 : 0.4752"
"7,78 : 0.0781"
"78,7 : 0.0781"
"7,79 : 0.5501"
"79,7 : 0.5501"
"7,80 : 0.8587"
"80,7 : 0.8587"
"7,81 : 0.2377"
"81,7 : 0.2377"
"7,82 : 0.4301"
"82,7 : 0.4301"
"7,83 : 0.5771"
"83,7 : 0.5771"
"7,84 : 0.7517"
"84,7 : 0.7517"
"7,85 : 0.7564"
"85,7 : 0.7564"
"7,86 : 0.04"
"86,7 : 0.04"
"7,87 : 0.3041"
"87,7 : 0.3041"
"7,88 : 0.3705"
"88,7 : 0.3705"
"7,89 : 0.4319"
"89,7 : 0.4319"
"7,90 : 0.8911"
"90,7 : 0.8911"
"7,91 : 0.2778"
"91,7 : 0.2778"
"7,92 : 0.4177"
"92,7 : 0.4177"
"7,93 : 0.9262"
"93,7 : 0.9262"
"7,94 : 0.1265"
"94,7 : 0.1265"
"7,95 : 0.6017"
"95,7 : 0.6017"
"7,96 : 0.7465"
"96,7 : 0.7465"
"7,97 : 0.8862"
"97,7 : 0.8862"
"7,98 : 0.7901"
"98,7 : 0.7901"
"7,99 : 0.886"
"99,7 : 0.886"
"8,9 : 1.0872"
"9,8 : 1.0872"
"8,10 : 0.1972"
"10,8 : 0.1972"
"8,11 : 0.37"
"11,8 : 0.37"
"8,12 : 0.0894"
"12,8 : 0.0894"
"8,13 : 0.8144"
"13,8 : 0.8144"
"8,14 : 0.6946"
"14,8 : 0.6946"
"8,15 : 0.507"
"15,8 : 0.507"
"8,16 : 0.6912"
"16,8 : 0.6912"
"8,17 : 0.201"
"17,8 : 0.201"
"8,18 : 0.4826"
"18,8 : 0.4826"
"8,19 : 0.5824"
"19,8 : 0.5824"
"8,20 : 0.7762"
"20,8 : 0.7762"
"8,21 : 1.139"
"21,8 : 1.139"
"8,22 : 1.0424"
"22,8 : 1.0424"
"8,23 : 0.328"
"23,8 : 0.328"
"8,24 : 0.6531"
"24,8 : 0.6531"
"8,25 : 0.9705"
"25,8 : 0.9705"
"8,26 : 0.7004"
"26,8 : 0.7004"
"8,27 : 0.858"
"27,8 : 0.858"
"8,28 : 0.8246"
"28,8 : 0.8246"
"8,29 : 0.2691"
"29,8 : 0.2691"
"8,30 : 0.4623"
"30,8 : 0.4623"
"8,31 : 0.8089"
"31,8 : 0.8089"
"8,32 : 1.0683"
"32,8 : 1.0683"
"8,33 : 1.0754"
"33,8 : 1.0754"
"8,34 : 0.6083"
"34,8 : 0.6083"
"8,35 : 0.2802"
"35,8 : 0.2802"
"8,36 : 0.7734"
"36,8 : 0.7734"
"8,37 : 0.487"
"37,8 : 0.487"
"8,38 : 0.8766"
"38,8 : 0.8766"
"8,39 : 0.3722"
"39,8 : 0.3722"
"8,40 : 0.8154"
"40,8 : 0.8154"
"8,41 : 0.9035"
"41,8 : 0.9035"
"8,42 : 1.0381"
"42,8 : 1.0381"
"8,43 : 0.2625"
"43,8 : 0.2625"
"8,44 : 0.8881"
"44,8 : 0.8881"
"8,45 : 0.5686"
"45,8 : 0.5686"
"8,46 : 1.022"
"46,8 : 1.022"
"8,47 : 0.7201"
"47,8 : 0.7201"
"8,48 : 0.2731"
"48,8 : 0.2731"
"8,49 : 0.8544"
"49,8 : 0.8544"
"8,50 : 0.5048"
"50,8 : 0.5048"
"8,51 : 0.0985"
"51,8 : 0.0985"
"8,52 : 0.5673"
"52,8 : 0.5673"
"8,53 : 0.5701"
"53,8 : 0.5701"
"8,54 : 0.3256"
"54,8 : 0.3256"
"8,55 : 0.9218"
"55,8 : 0.9218"
"8,56 : 0.4105"
"56,8 : 0.4105"
"8,57 : 0.7569"
"57,8 : 0.7569"
"8,58 : 0.8438"
"58,8 : 0.8438"
"8,59 : 0.706"
"59,8 : 0.706"
"8,60 : 0.7685"
"60,8 : 0.7685"
"8,61 : 0.6129"
"61,8 : 0.6129"
"8,62 : 0.7021"
"62,8 : 0.7021"
"8,63 : 0.7495"
"63,8 : 0.7495"
"8,64 : 1.0922"
"64,8 : 1.0922"
"8,65 : 0.8628"
"65,8 : 0.8628"
"8,66 : 0.6351"
"66,8 : 0.6351"
"8,67 : 0.7211"
"67,8 : 0.7211"
"8,68 : 0.908"
"68,8 : 0.908"
"8,69 : 0.3239"
"69,8 : 0.3239"
"8,70 : 0.2693"
"70,8 : 0.2693"
"8,71 : 0.5672"
"71,8 : 0.5672"
"8,72 : 0.5148"
"72,8 : 0.5148"
"8,73 : 0.6301"
"73,8 : 0.6301"
"8,74 : 0.8641"
"74,8 : 0.8641"
"8,75 : 0.3314"
"75,8 : 0.3314"
"8,76 : 0.8301"
"76,8 : 0.8301"
"8,77 : 1.009"
"77,8 : 1.009"
"8,78 : 0.85"
"78,8 : 0.85"
"8,79 : 1.1089"
"79,8 : 1.1089"
"8,80 : 0.15"
"80,8 : 0.15"
"8,81 : 0.6549"
"81,8 : 0.6549"
"8,82 : 1.1063"
"82,8 : 1.1063"
"8,83 : 1.1893"
"83,8 : 1.1893"
"8,84 : 0.9071"
"84,8 : 0.9071"
"8,85 : 0.6203"
"85,8 : 0.6203"
"8,86 : 0.7916"
"86,8 : 0.7916"
"8,87 : 0.5001"
"87,8 : 0.5001"
"8,88 : 0.4738"
"88,8 : 0.4738"
"8,89 : 0.389"
"89,8 : 0.389"
"8,90 : 0.9326"
"90,8 : 0.9326"
"8,91 : 0.7921"
"91,8 : 0.7921"
"8,92 : 0.4011"
"92,8 : 0.4011"
"8,93 : 0.8802"
"93,8 : 0.8802"
"8,94 : 0.7961"
"94,8 : 0.7961"
"8,95 : 0.5508"
"95,8 : 0.5508"
"8,96 : 0.9218"
"96,8 : 0.9218"
"8,97 : 0.9886"
"97,8 : 0.9886"
"8,98 : 0.3105"
"98,8 : 0.3105"
"8,99 : 0.1523"
"99,8 : 0.1523"
"9,10 : 1.0183"
"10,9 : 1.0183"
"9,11 : 0.8222"
"11,9 : 0.8222"
"9,12 : 1.0464"
"12,9 : 1.0464"
"9,13 : 0.3138"
"13,9 : 0.3138"
"9,14 : 0.428"
"14,9 : 0.428"
"9,15 : 0.846"
"15,9 : 0.846"
"9,16 : 0.4965"
"16,9 : 0.4965"
"9,17 : 0.9708"
"17,9 : 0.9708"
"9,18 : 0.6641"
"18,9 : 0.6641"
"9,19 : 0.564"
"19,9 : 0.564"
"9,20 : 0.42"
"20,9 : 0.42"
"9,21 : 0.1838"
"21,9 : 0.1838"
"9,22 : 0.1304"
"22,9 : 0.1304"
"9,23 : 0.7826"
"23,9 : 0.7826"
"9,24 : 0.5459"
"24,9 : 0.5459"
"9,25 : 0.6438"
"25,9 : 0.6438"
"9,26 : 0.4317"
"26,9 : 0.4317"
"9,27 : 0.3423"
"27,9 : 0.3423"
"9,28 : 0.422"
"28,9 : 0.422"
"9,29 : 0.8286"
"29,9 : 0.8286"
"9,30 : 0.6592"
"30,9 : 0.6592"
"9,31 : 0.7368"
"31,9 : 0.7368"
"9,32 : 0.1697"
"32,9 : 0.1697"
"9,33 : 0.0762"
"33,9 : 0.0762"
"9,34 : 0.6239"
"34,9 : 0.6239"
"9,35 : 0.9492"
"35,9 : 0.9492"
"9,36 : 0.4005"
"36,9 : 0.4005"
"9,37 : 0.6294"
"37,9 : 0.6294"
"9,38 : 0.2126"
"38,9 : 0.2126"
"9,39 : 0.7161"
"39,9 : 0.7161"
"9,40 : 0.272"
"40,9 : 0.272"
"9,41 : 0.5162"
"41,9 : 0.5162"
"9,42 : 0.06"
"42,9 : 0.06"
"9,43 : 0.8955"
"43,9 : 0.8955"
"9,44 : 0.3956"
"44,9 : 0.3956"
"9,45 : 0.676"
"45,9 : 0.676"
"9,46 : 0.08"
"46,9 : 0.08"
"9,47 : 0.5255"
"47,9 : 0.5255"
"9,48 : 0.97"
"48,9 : 0.97"
"9,49 : 0.4535"
"49,9 : 0.4535"
"9,50 : 0.5825"
"50,9 : 0.5825"
"9,51 : 1.005"
"51,9 : 1.005"
"9,52 : 0.5597"
"52,9 : 0.5597"
"9,53 : 0.6848"
"53,9 : 0.6848"
"9,54 : 0.7741"
"54,9 : 0.7741"
"9,55 : 0.5016"
"55,9 : 0.5016"
"9,56 : 0.9024"
"56,9 : 0.9024"
"9,57 : 0.3614"
"57,9 : 0.3614"
"9,58 : 0.473"
"58,9 : 0.473"
"9,59 : 0.3847"
"59,9 : 0.3847"
"9,60 : 0.4916"
"60,9 : 0.4916"
"9,61 : 0.6218"
"61,9 : 0.6218"
"9,62 : 0.4036"
"62,9 : 0.4036"
"9,63 : 0.3406"
"63,9 : 0.3406"
"9,64 : 0.1221"
"64,9 : 0.1221"
"9,65 : 0.2802"
"65,9 : 0.2802"
"9,66 : 0.4667"
"66,9 : 0.4667"
"9,67 : 0.5977"
"67,9 : 0.5977"
"9,68 : 0.49"
"68,9 : 0.49"
"9,69 : 0.8786"
"69,9 : 0.8786"
"9,70 : 0.8262"
"70,9 : 0.8262"
"9,71 : 0.7782"
"71,9 : 0.7782"
"9,72 : 0.5873"
"72,9 : 0.5873"
"9,73 : 0.6762"
"73,9 : 0.6762"
"9,74 : 0.5787"
"74,9 : 0.5787"
"9,75 : 0.857"
"75,9 : 0.857"
"9,76 : 0.9168"
"76,9 : 0.9168"
"9,77 : 0.1237"
"77,9 : 0.1237"
"9,78 : 0.5632"
"78,9 : 0.5632"
"9,79 : 0.0985"
"79,9 : 0.0985"
"9,80 : 1.0904"
"80,9 : 1.0904"
"9,81 : 0.821"
"81,9 : 0.821"
"9,82 : 0.2921"
"82,9 : 0.2921"
"9,83 : 0.191"
"83,9 : 0.191"
"9,84 : 0.3905"
"84,9 : 0.3905"
"9,85 : 0.6531"
"85,9 : 0.6531"
"9,86 : 0.559"
"86,9 : 0.559"
"9,87 : 0.8089"
"87,9 : 0.8089"
"9,88 : 0.6307"
"88,9 : 0.6307"
"9,89 : 0.7112"
"89,9 : 0.7112"
"9,90 : 0.5408"
"90,9 : 0.5408"
"9,91 : 0.3523"
"91,9 : 0.3523"
"9,92 : 0.895"
"92,9 : 0.895"
"9,93 : 0.6303"
"93,9 : 0.6303"
"9,94 : 0.4738"
"94,9 : 0.4738"
"9,95 : 0.5903"
"95,9 : 0.5903"
"9,96 : 0.3701"
"96,9 : 0.3701"
"9,97 : 0.4866"
"97,9 : 0.4866"
"9,98 : 0.9144"
"98,9 : 0.9144"
"9,99 : 1.1261"
"99,9 : 1.1261"
"10,11 : 0.4528"
"11,10 : 0.4528"
"10,12 : 0.1082"
"12,10 : 0.1082"
"10,13 : 0.7201"
"13,10 : 0.7201"
"10,14 : 0.5982"
"14,10 : 0.5982"
"10,15 : 0.3214"
"15,10 : 0.3214"
"10,16 : 0.5682"
"16,10 : 0.5682"
"10,17 : 0.3354"
"17,10 : 0.3354"
"10,18 : 0.5099"
"18,10 : 0.5099"
"10,19 : 0.4687"
"19,10 : 0.4687"
"10,20 : 0.7747"
"20,10 : 0.7747"
"10,21 : 1.1"
"21,10 : 1.1"
"10,22 : 0.9964"
"22,10 : 0.9964"
"10,23 : 0.3612"
"23,10 : 0.3612"
"10,24 : 0.5233"
"24,10 : 0.5233"
"10,25 : 0.8031"
"25,10 : 0.8031"
"10,26 : 0.6843"
"26,10 : 0.6843"
"10,27 : 0.8453"
"27,10 : 0.8453"
"10,28 : 0.6978"
"28,10 : 0.6978"
"10,29 : 0.3002"
"29,10 : 0.3002"
"10,30 : 0.4754"
"30,10 : 0.4754"
"10,31 : 0.6303"
"31,10 : 0.6303"
"10,32 : 1.03"
"32,10 : 1.03"
"10,33 : 0.9936"
"33,10 : 0.9936"
"10,34 : 0.6494"
"34,10 : 0.6494"
"10,35 : 0.4123"
"35,10 : 0.4123"
"10,36 : 0.7649"
"36,10 : 0.7649"
"10,37 : 0.3895"
"37,10 : 0.3895"
"10,38 : 0.8061"
"38,10 : 0.8061"
"10,39 : 0.3265"
"39,10 : 0.3265"
"10,40 : 0.7501"
"40,10 : 0.7501"
"10,41 : 0.9341"
"41,10 : 0.9341"
"10,42 : 0.9762"
"42,10 : 0.9762"
"10,43 : 0.3614"
"43,10 : 0.3614"
"10,44 : 0.8916"
"44,10 : 0.8916"
"10,45 : 0.6229"
"45,10 : 0.6229"
"10,46 : 0.9626"
"46,10 : 0.9626"
"10,47 : 0.5831"
"47,10 : 0.5831"
"10,48 : 0.0806"
"48,10 : 0.0806"
"10,49 : 0.8698"
"49,10 : 0.8698"
"10,50 : 0.4549"
"50,10 : 0.4549"
"10,51 : 0.2302"
"51,10 : 0.2302"
"10,52 : 0.5665"
"52,10 : 0.5665"
"10,53 : 0.4148"
"53,10 : 0.4148"
"10,54 : 0.3437"
"54,10 : 0.3437"
"10,55 : 0.9492"
"55,10 : 0.9492"
"10,56 : 0.5316"
"56,10 : 0.5316"
"10,57 : 0.7272"
"57,10 : 0.7272"
"10,58 : 0.8633"
"58,10 : 0.8633"
"10,59 : 0.658"
"59,10 : 0.658"
"10,60 : 0.7875"
"60,10 : 0.7875"
"10,61 : 0.4682"
"61,10 : 0.4682"
"10,62 : 0.6162"
"62,10 : 0.6162"
"10,63 : 0.679"
"63,10 : 0.679"
"10,64 : 1.0448"
"64,10 : 1.0448"
"10,65 : 0.8322"
"65,10 : 0.8322"
"10,66 : 0.5517"
"66,10 : 0.5517"
"10,67 : 0.5675"
"67,10 : 0.5675"
"10,68 : 0.7624"
"68,10 : 0.7624"
"10,69 : 0.1581"
"69,10 : 0.1581"
"10,70 : 0.2154"
"70,10 : 0.2154"
"10,71 : 0.3901"
"71,10 : 0.3901"
"10,72 : 0.4314"
"72,10 : 0.4314"
"10,73 : 0.4687"
"73,10 : 0.4687"
"10,74 : 0.908"
"74,10 : 0.908"
"10,75 : 0.1746"
"75,10 : 0.1746"
"10,76 : 0.9437"
"76,10 : 0.9437"
"10,77 : 0.959"
"77,10 : 0.959"
"10,78 : 0.8905"
"78,10 : 0.8905"
"10,79 : 1.0565"
"79,10 : 1.0565"
"10,80 : 0.0825"
"80,10 : 0.0825"
"10,81 : 0.7554"
"81,10 : 0.7554"
"10,82 : 1.0891"
"82,10 : 1.0891"
"10,83 : 1.1463"
"83,10 : 1.1463"
"10,84 : 0.7788"
"84,10 : 0.7788"
"10,85 : 0.4657"
"85,10 : 0.4657"
"10,86 : 0.8298"
"86,10 : 0.8298"
"10,87 : 0.5941"
"87,10 : 0.5941"
"10,88 : 0.4682"
"88,10 : 0.4682"
"10,89 : 0.3929"
"89,10 : 0.3929"
"10,90 : 0.7788"
"90,10 : 0.7788"
"10,91 : 0.7703"
"91,10 : 0.7703"
"10,92 : 0.5192"
"92,10 : 0.5192"
"10,93 : 0.7145"
"93,10 : 0.7145"
"10,94 : 0.8127"
"94,10 : 0.8127"
"10,95 : 0.4383"
"95,10 : 0.4383"
"10,96 : 0.7962"
"96,10 : 0.7962"
"10,97 : 0.842"
"97,10 : 0.842"
"10,98 : 0.1315"
"98,10 : 0.1315"
"10,99 : 0.117"
"99,10 : 0.117"
"11,12 : 0.392"
"12,11 : 0.392"
"11,13 : 0.6201"
"13,11 : 0.6201"
"11,14 : 0.5261"
"14,11 : 0.5261"
"11,15 : 0.6061"
"15,11 : 0.6061"
"11,16 : 0.5787"
"16,11 : 0.5787"
"11,17 : 0.1803"
"17,11 : 0.1803"
"11,18 : 0.1581"
"18,11 : 0.1581"
"11,19 : 0.4793"
"19,11 : 0.4793"
"11,20 : 0.4441"
"20,11 : 0.4441"
"11,21 : 0.8301"
"21,11 : 0.8301"
"11,22 : 0.7469"
"22,11 : 0.7469"
"11,23 : 0.1204"
"23,11 : 0.1204"
"11,24 : 0.5646"
"24,11 : 0.5646"
"11,25 : 0.9311"
"25,11 : 0.9311"
"11,26 : 0.394"
"26,11 : 0.394"
"11,27 : 0.5325"
"27,11 : 0.5325"
"11,28 : 0.6963"
"28,11 : 0.6963"
"11,29 : 0.1616"
"29,11 : 0.1616"
"11,30 : 0.1703"
"30,11 : 0.1703"
"11,31 : 0.8266"
"31,11 : 0.8266"
"11,32 : 0.7616"
"32,11 : 0.7616"
"11,33 : 0.832"
"33,11 : 0.832"
"11,34 : 0.2484"
"34,11 : 0.2484"
"11,35 : 0.1304"
"35,11 : 0.1304"
"11,36 : 0.4494"
"36,11 : 0.4494"
"11,37 : 0.3895"
"37,11 : 0.3895"
"11,38 : 0.6315"
"38,11 : 0.6315"
"11,39 : 0.2561"
"39,11 : 0.2561"
"11,40 : 0.5689"
"40,11 : 0.5689"
"11,41 : 0.5408"
"41,11 : 0.5408"
"11,42 : 0.7655"
"42,11 : 0.7655"
"11,43 : 0.1077"
"43,11 : 0.1077"
"11,44 : 0.5449"
"44,11 : 0.5449"
"11,45 : 0.2025"
"45,11 : 0.2025"
"11,46 : 0.7467"
"46,11 : 0.7467"
"11,47 : 0.6332"
"47,11 : 0.6332"
"11,48 : 0.478"
"48,11 : 0.478"
"11,49 : 0.5025"
"49,11 : 0.5025"
"11,50 : 0.3081"
"50,11 : 0.3081"
"11,51 : 0.272"
"51,11 : 0.272"
"11,52 : 0.2625"
"52,11 : 0.2625"
"11,53 : 0.564"
"53,11 : 0.564"
"11,54 : 0.1487"
"54,11 : 0.1487"
"11,55 : 0.5604"
"55,11 : 0.5604"
"11,56 : 0.1166"
"56,11 : 0.1166"
"11,57 : 0.4624"
"57,11 : 0.4624"
"11,58 : 0.4892"
"58,11 : 0.4892"
"11,59 : 0.4472"
"59,11 : 0.4472"
"11,60 : 0.4173"
"60,11 : 0.4173"
"11,61 : 0.5694"
"61,11 : 0.5694"
"11,62 : 0.5116"
"62,11 : 0.5116"
"11,63 : 0.5215"
"63,11 : 0.5215"
"11,64 : 0.7961"
"64,11 : 0.7961"
"11,65 : 0.559"
"65,11 : 0.559"
"11,66 : 0.4554"
"66,11 : 0.4554"
"11,67 : 0.6754"
"67,11 : 0.6754"
"11,68 : 0.8132"
"68,11 : 0.8132"
"11,69 : 0.4472"
"69,11 : 0.4472"
"11,70 : 0.2818"
"70,11 : 0.2818"
"11,71 : 0.6223"
"71,11 : 0.6223"
"11,72 : 0.377"
"72,11 : 0.377"
"11,73 : 0.6243"
"73,11 : 0.6243"
"11,74 : 0.4965"
"74,11 : 0.4965"
"11,75 : 0.4342"
"75,11 : 0.4342"
"11,76 : 0.4924"
"76,11 : 0.4924"
"11,77 : 0.7209"
"77,11 : 0.7209"
"11,78 : 0.4837"
"78,11 : 0.4837"
"11,79 : 0.8186"
"79,11 : 0.8186"
"11,80 : 0.471"
"80,11 : 0.471"
"11,81 : 0.3027"
"81,11 : 0.3027"
"11,82 : 0.7747"
"82,11 : 0.7747"
"11,83 : 0.8832"
"83,11 : 0.8832"
"11,84 : 0.771"
"84,11 : 0.771"
"11,85 : 0.5991"
"85,11 : 0.5991"
"11,86 : 0.4272"
"86,11 : 0.4272"
"11,87 : 0.1414"
"87,11 : 0.1414"
"11,88 : 0.2102"
"88,11 : 0.2102"
"11,89 : 0.1655"
"89,11 : 0.1655"
"11,90 : 0.857"
"90,11 : 0.857"
"11,91 : 0.483"
"91,11 : 0.483"
"11,92 : 0.103"
"92,11 : 0.103"
"11,93 : 0.8453"
"93,11 : 0.8453"
"11,94 : 0.4455"
"94,11 : 0.4455"
"11,95 : 0.4562"
"95,11 : 0.4562"
"11,96 : 0.7778"
"96,11 : 0.7778"
"11,97 : 0.8877"
"97,11 : 0.8877"
"11,98 : 0.4662"
"98,11 : 0.4662"
"11,99 : 0.4937"
"99,11 : 0.4937"
"12,13 : 0.7616"
"13,12 : 0.7616"
"12,14 : 0.6401"
"14,12 : 0.6401"
"12,15 : 0.4198"
"15,12 : 0.4198"
"12,16 : 0.6263"
"16,12 : 0.6263"
"12,17 : 0.2474"
"17,12 : 0.2474"
"12,18 : 0.4793"
"18,12 : 0.4793"
"12,19 : 0.52"
"19,12 : 0.52"
"12,20 : 0.7632"
"20,12 : 0.7632"
"12,21 : 1.1113"
"21,12 : 1.1113"
"12,22 : 1.0112"
"22,12 : 1.0112"
"12,23 : 0.3231"
"23,12 : 0.3231"
"12,24 : 0.5852"
"24,12 : 0.5852"
"12,25 : 0.8901"
"25,12 : 0.8901"
"12,26 : 0.6801"
"26,12 : 0.6801"
"12,27 : 0.8405"
"27,12 : 0.8405"
"12,28 : 0.7589"
"28,12 : 0.7589"
"12,29 : 0.26"
"29,12 : 0.26"
"12,30 : 0.4518"
"30,12 : 0.4518"
"12,31 : 0.7244"
"31,12 : 0.7244"
"12,32 : 1.0406"
"32,12 : 1.0406"
"12,33 : 1.029"
"33,12 : 1.029"
"12,34 : 0.6135"
"34,12 : 0.6135"
"12,35 : 0.3276"
"35,12 : 0.3276"
"12,36 : 0.7572"
"36,12 : 0.7572"
"12,37 : 0.4294"
"37,12 : 0.4294"
"12,38 : 0.8341"
"38,12 : 0.8341"
"12,39 : 0.3324"
"39,12 : 0.3324"
"12,40 : 0.7747"
"40,12 : 0.7747"
"12,41 : 0.9062"
"41,12 : 0.9062"
"12,42 : 1.0"
"42,12 : 1.0"
"12,43 : 0.29"
"43,12 : 0.29"
"12,44 : 0.8782"
"44,12 : 0.8782"
"12,45 : 0.5797"
"45,12 : 0.5797"
"12,46 : 0.9849"
"46,12 : 0.9849"
"12,47 : 0.65"
"47,12 : 0.65"
"12,48 : 0.1838"
"48,12 : 0.1838"
"12,49 : 0.8497"
"49,12 : 0.8497"
"12,50 : 0.4669"
"50,12 : 0.4669"
"12,51 : 0.136"
"51,12 : 0.136"
"12,52 : 0.5523"
"52,12 : 0.5523"
"12,53 : 0.4925"
"53,12 : 0.4925"
"12,54 : 0.313"
"54,12 : 0.313"
"12,55 : 0.9231"
"55,12 : 0.9231"
"12,56 : 0.454"
"56,12 : 0.454"
"12,57 : 0.7311"
"57,12 : 0.7311"
"12,58 : 0.841"
"58,12 : 0.841"
"12,59 : 0.6718"
"59,12 : 0.6718"
"12,60 : 0.7649"
"60,12 : 0.7649"
"12,61 : 0.5394"
"61,12 : 0.5394"
"12,62 : 0.6519"
"62,12 : 0.6519"
"12,63 : 0.706"
"63,12 : 0.706"
"12,64 : 1.0607"
"64,12 : 1.0607"
"12,65 : 0.8374"
"65,12 : 0.8374"
"12,66 : 0.5852"
"66,12 : 0.5852"
"12,67 : 0.645"
"67,12 : 0.645"
"12,68 : 0.8355"
"68,12 : 0.8355"
"12,69 : 0.2402"
"69,12 : 0.2402"
"12,70 : 0.2202"
"70,12 : 0.2202"
"12,71 : 0.4826"
"71,12 : 0.4826"
"12,72 : 0.4632"
"72,12 : 0.4632"
"12,73 : 0.5508"
"73,12 : 0.5508"
"12,74 : 0.8728"
"74,12 : 0.8728"
"12,75 : 0.2502"
"75,12 : 0.2502"
"12,76 : 0.8728"
"76,12 : 0.8728"
"12,77 : 0.9759"
"77,12 : 0.9759"
"12,78 : 0.857"
"78,12 : 0.857"
"12,79 : 1.0752"
"79,12 : 1.0752"
"12,80 : 0.0806"
"80,12 : 0.0806"
"12,81 : 0.69"
"81,12 : 0.69"
"12,82 : 1.0881"
"82,12 : 1.0881"
"12,83 : 1.16"
"83,12 : 1.16"
"12,84 : 0.8412"
"84,12 : 0.8412"
"12,85 : 0.5433"
"85,12 : 0.5433"
"12,86 : 0.7971"
"86,12 : 0.7971"
"12,87 : 0.5304"
"87,12 : 0.5304"
"12,88 : 0.4549"
"88,12 : 0.4549"
"12,89 : 0.3722"
"89,12 : 0.3722"
"12,90 : 0.8571"
"90,12 : 0.8571"
"12,91 : 0.7701"
"91,12 : 0.7701"
"12,92 : 0.4428"
"92,12 : 0.4428"
"12,93 : 0.8002"
"93,12 : 0.8002"
"12,94 : 0.7916"
"94,12 : 0.7916"
"12,95 : 0.4885"
"95,12 : 0.4885"
"12,96 : 0.857"
"96,12 : 0.857"
"12,97 : 0.9159"
"97,12 : 0.9159"
"12,98 : 0.2236"
"98,12 : 0.2236"
"12,99 : 0.102"
"99,12 : 0.102"
"13,14 : 0.1221"
"14,13 : 0.1221"
"13,15 : 0.5324"
"15,13 : 0.5324"
"13,16 : 0.1838"
"16,13 : 0.1838"
"13,17 : 0.7335"
"17,13 : 0.7335"
"13,18 : 0.4738"
"18,13 : 0.4738"
"13,19 : 0.2546"
"19,13 : 0.2546"
"13,20 : 0.3748"
"20,13 : 0.3748"
"13,21 : 0.4491"
"21,13 : 0.4491"
"13,22 : 0.3437"
"22,13 : 0.3437"
"13,23 : 0.5459"
"23,13 : 0.5459"
