x,y
0.86,0.52
0.26,0.94
0.72,0.48
0.3,0.11
0.97,0.54
0.81,0.82
0.02,0.95
0.59,0.86
0.94,0.62
0.58,0.5
0.83,0.43
0.71,0.04
0.51,0.86
0.74,0.32
0.5,0.98
0.05,0.74
0.03,0.91
0.98,0.88
0.84,0.11
0.78,0.89
0.21,0.54
0.7,0.34
0.66,0.55
0.1,0.43
0.78,0.01
0.73,0.41
0.12,0.12
0.76,0.17
0.13,0.89
0.87,0.0
0.68,0.07
0.41,0.66
0.75,0.39
0.34,0.59
0.68,0.91
0.48,0.9
0.15,0.96
0.29,0.23
0.23,0.45
0.55,0.14
0.23,0.44
0.63,0.71
0.24,0.41
0.02,0.96
0.87,0.47
0.17,0.18
0.36,0.64
0.45,0.46
0.4,0.07
0.76,0.68
0.06,0.55
0.25,0.99
0.61,0.87
0.69,0.01
0.64,0.39
0.99,0.72
0.77,0.53
0.76,0.95
0.02,0.18
0.51,0.2
0.47,0.72
0.11,0.36
0.37,0.04
0.59,0.11
0.71,0.57
0.91,0.03
0.21,0.88
0.37,0.04
0.23,0.53
0.0,0.25
0.54,0.49
0.52,0.55
0.78,0.92
0.73,0.51
0.91,0.57
0.55,0.9
0.78,1.0
0.62,0.36
0.32,0.04
0.18,0.8
0.67,0.83
0.49,0.78
0.52,0.59
0.61,0.08
0.16,0.46
0.58,0.91
0.39,0.81
0.06,0.07
0.82,0.55
0.31,0.22
0.84,0.27
0.12,0.93
0.65,0.52
0.83,0.46
0.3,0.22
0.94,0.84
0.13,0.34
0.3,0.27
0.91,0.75
0.35,0.59

Distanze
"0,1 : 0.7324"
"1,0 : 0.7324"
"0,2 : 0.1456"
"2,0 : 0.1456"
"0,3 : 0.694"
"3,0 : 0.694"
"0,4 : 0.1118"
"4,0 : 0.1118"
"0,5 : 0.3041"
"5,0 : 0.3041"
"0,6 : 0.9437"
"6,0 : 0.9437"
"0,7 : 0.4342"
"7,0 : 0.4342"
"0,8 : 0.1281"
"8,0 : 0.1281"
"0,9 : 0.2807"
"9,0 : 0.2807"
"0,10 : 0.0949"
"10,0 : 0.0949"
"0,11 : 0.5029"
"11,0 : 0.5029"
"0,12 : 0.488"
"12,0 : 0.488"
"0,13 : 0.2332"
"13,0 : 0.2332"
"0,14 : 0.5841"
"14,0 : 0.5841"
"0,15 : 0.8393"
"15,0 : 0.8393"
"0,16 : 0.9171"
"16,0 : 0.9171"
"0,17 : 0.3795"
"17,0 : 0.3795"
"0,18 : 0.4105"
"18,0 : 0.4105"
"0,19 : 0.3785"
"19,0 : 0.3785"
"0,20 : 0.6503"
"20,0 : 0.6503"
"0,21 : 0.2408"
"21,0 : 0.2408"
"0,22 : 0.2022"
"22,0 : 0.2022"
"0,23 : 0.7653"
"23,0 : 0.7653"
"0,24 : 0.5162"
"24,0 : 0.5162"
"0,25 : 0.1703"
"25,0 : 0.1703"
"0,26 : 0.8412"
"26,0 : 0.8412"
"0,27 : 0.364"
"27,0 : 0.364"
"0,28 : 0.8184"
"28,0 : 0.8184"
"0,29 : 0.5201"
"29,0 : 0.5201"
"0,30 : 0.4847"
"30,0 : 0.4847"
"0,31 : 0.4713"
"31,0 : 0.4713"
"0,32 : 0.1703"
"32,0 : 0.1703"
"0,33 : 0.5247"
"33,0 : 0.5247"
"0,34 : 0.4295"
"34,0 : 0.4295"
"0,35 : 0.5374"
"35,0 : 0.5374"
"0,36 : 0.8353"
"36,0 : 0.8353"
"0,37 : 0.6395"
"37,0 : 0.6395"
"0,38 : 0.6339"
"38,0 : 0.6339"
"0,39 : 0.4904"
"39,0 : 0.4904"
"0,40 : 0.6351"
"40,0 : 0.6351"
"0,41 : 0.2983"
"41,0 : 0.2983"
"0,42 : 0.6297"
"42,0 : 0.6297"
"0,43 : 0.9483"
"43,0 : 0.9483"
"0,44 : 0.051"
"44,0 : 0.051"
"0,45 : 0.7692"
"45,0 : 0.7692"
"0,46 : 0.5142"
"46,0 : 0.5142"
"0,47 : 0.4144"
"47,0 : 0.4144"
"0,48 : 0.6435"
"48,0 : 0.6435"
"0,49 : 0.1887"
"49,0 : 0.1887"
"0,50 : 0.8006"
"50,0 : 0.8006"
"0,51 : 0.7701"
"51,0 : 0.7701"
"0,52 : 0.4301"
"52,0 : 0.4301"
"0,53 : 0.5376"
"53,0 : 0.5376"
"0,54 : 0.2555"
"54,0 : 0.2555"
"0,55 : 0.2385"
"55,0 : 0.2385"
"0,56 : 0.0906"
"56,0 : 0.0906"
"0,57 : 0.4415"
"57,0 : 0.4415"
"0,58 : 0.9062"
"58,0 : 0.9062"
"0,59 : 0.4742"
"59,0 : 0.4742"
"0,60 : 0.4383"
"60,0 : 0.4383"
"0,61 : 0.7669"
"61,0 : 0.7669"
"0,62 : 0.6859"
"62,0 : 0.6859"
"0,63 : 0.4909"
"63,0 : 0.4909"
"0,64 : 0.1581"
"64,0 : 0.1581"
"0,65 : 0.4925"
"65,0 : 0.4925"
"0,66 : 0.743"
"66,0 : 0.743"
"0,67 : 0.6859"
"67,0 : 0.6859"
"0,68 : 0.6301"
"68,0 : 0.6301"
"0,69 : 0.9014"
"69,0 : 0.9014"
"0,70 : 0.3214"
"70,0 : 0.3214"
"0,71 : 0.3413"
"71,0 : 0.3413"
"0,72 : 0.4079"
"72,0 : 0.4079"
"0,73 : 0.1304"
"73,0 : 0.1304"
"0,74 : 0.0707"
"74,0 : 0.0707"
"0,75 : 0.4904"
"75,0 : 0.4904"
"0,76 : 0.4866"
"76,0 : 0.4866"
"0,77 : 0.2884"
"77,0 : 0.2884"
"0,78 : 0.7225"
"78,0 : 0.7225"
"0,79 : 0.7354"
"79,0 : 0.7354"
"0,80 : 0.3636"
"80,0 : 0.3636"
"0,81 : 0.4522"
"81,0 : 0.4522"
"0,82 : 0.3471"
"82,0 : 0.3471"
"0,83 : 0.5061"
"83,0 : 0.5061"
"0,84 : 0.7026"
"84,0 : 0.7026"
"0,85 : 0.4801"
"85,0 : 0.4801"
"0,86 : 0.5523"
"86,0 : 0.5523"
"0,87 : 0.9179"
"87,0 : 0.9179"
"0,88 : 0.05"
"88,0 : 0.05"
"0,89 : 0.6265"
"89,0 : 0.6265"
"0,90 : 0.2508"
"90,0 : 0.2508"
"0,91 : 0.846"
"91,0 : 0.846"
"0,92 : 0.21"
"92,0 : 0.21"
"0,93 : 0.0671"
"93,0 : 0.0671"
"0,94 : 0.6353"
"94,0 : 0.6353"
"0,95 : 0.3298"
"95,0 : 0.3298"
"0,96 : 0.7519"
"96,0 : 0.7519"
"0,97 : 0.6133"
"97,0 : 0.6133"
"0,98 : 0.2354"
"98,0 : 0.2354"
"0,99 : 0.5148"
"99,0 : 0.5148"
"1,2 : 0.6505"
"2,1 : 0.6505"
"1,3 : 0.831"
"3,1 : 0.831"
"1,4 : 0.8149"
"4,1 : 0.8149"
"1,5 : 0.5629"
"5,1 : 0.5629"
"1,6 : 0.2402"
"6,1 : 0.2402"
"1,7 : 0.3396"
"7,1 : 0.3396"
"1,8 : 0.7515"
"8,1 : 0.7515"
"1,9 : 0.5441"
"9,1 : 0.5441"
"1,10 : 0.7649"
"10,1 : 0.7649"
"1,11 : 1.0062"
"11,1 : 1.0062"
"1,12 : 0.2625"
"12,1 : 0.2625"
"1,13 : 0.7841"
"13,1 : 0.7841"
"1,14 : 0.2433"
"14,1 : 0.2433"
"1,15 : 0.29"
"15,1 : 0.29"
"1,16 : 0.2319"
"16,1 : 0.2319"
"1,17 : 0.7225"
"17,1 : 0.7225"
"1,18 : 1.0126"
"18,1 : 1.0126"
"1,19 : 0.5224"
"19,1 : 0.5224"
"1,20 : 0.4031"
"20,1 : 0.4031"
"1,21 : 0.744"
"21,1 : 0.744"
"1,22 : 0.5587"
"22,1 : 0.5587"
"1,23 : 0.5345"
"23,1 : 0.5345"
"1,24 : 1.0655"
"24,1 : 1.0655"
"1,25 : 0.7084"
"25,1 : 0.7084"
"1,26 : 0.8319"
"26,1 : 0.8319"
"1,27 : 0.9181"
"27,1 : 0.9181"
"1,28 : 0.1393"
"28,1 : 0.1393"
"1,29 : 1.1206"
"29,1 : 1.1206"
"1,30 : 0.9661"
"30,1 : 0.9661"
"1,31 : 0.3176"
"31,1 : 0.3176"
"1,32 : 0.7366"
"32,1 : 0.7366"
"1,33 : 0.359"
"33,1 : 0.359"
"1,34 : 0.4211"
"34,1 : 0.4211"
"1,35 : 0.2236"
"35,1 : 0.2236"
"1,36 : 0.1118"
"36,1 : 0.1118"
"1,37 : 0.7106"
"37,1 : 0.7106"
"1,38 : 0.4909"
"38,1 : 0.4909"
"1,39 : 0.8509"
"39,1 : 0.8509"
"1,40 : 0.5009"
"40,1 : 0.5009"
"1,41 : 0.4357"
"41,1 : 0.4357"
"1,42 : 0.5304"
"42,1 : 0.5304"
"1,43 : 0.2408"
"43,1 : 0.2408"
"1,44 : 0.7701"
"44,1 : 0.7701"
"1,45 : 0.7653"
"45,1 : 0.7653"
"1,46 : 0.3162"
"46,1 : 0.3162"
"1,47 : 0.5162"
"47,1 : 0.5162"
"1,48 : 0.8812"
"48,1 : 0.8812"
"1,49 : 0.5636"
"49,1 : 0.5636"
"1,50 : 0.4383"
"50,1 : 0.4383"
"1,51 : 0.051"
"51,1 : 0.051"
"1,52 : 0.3569"
"52,1 : 0.3569"
"1,53 : 1.0246"
"53,1 : 1.0246"
"1,54 : 0.6685"
"54,1 : 0.6685"
"1,55 : 0.7624"
"55,1 : 0.7624"
"1,56 : 0.6544"
"56,1 : 0.6544"
"1,57 : 0.5001"
"57,1 : 0.5001"
"1,58 : 0.797"
"58,1 : 0.797"
"1,59 : 0.7811"
"59,1 : 0.7811"
"1,60 : 0.3041"
"60,1 : 0.3041"
"1,61 : 0.5991"
"61,1 : 0.5991"
"1,62 : 0.9067"
"62,1 : 0.9067"
"1,63 : 0.8932"
"63,1 : 0.8932"
"1,64 : 0.5826"
"64,1 : 0.5826"
"1,65 : 1.1183"
"65,1 : 1.1183"
"1,66 : 0.0781"
"66,1 : 0.0781"
"1,67 : 0.9067"
"67,1 : 0.9067"
"1,68 : 0.4111"
"68,1 : 0.4111"
"1,69 : 0.7374"
"69,1 : 0.7374"
"1,70 : 0.53"
"70,1 : 0.53"
"1,71 : 0.4687"
"71,1 : 0.4687"
"1,72 : 0.5204"
"72,1 : 0.5204"
"1,73 : 0.637"
"73,1 : 0.637"
"1,74 : 0.7479"
"74,1 : 0.7479"
"1,75 : 0.2927"
"75,1 : 0.2927"
"1,76 : 0.5235"
"76,1 : 0.5235"
"1,77 : 0.6826"
"77,1 : 0.6826"
"1,78 : 0.902"
"78,1 : 0.902"
"1,79 : 0.1612"
"79,1 : 0.1612"
"1,80 : 0.4245"
"80,1 : 0.4245"
"1,81 : 0.2802"
"81,1 : 0.2802"
"1,82 : 0.436"
"82,1 : 0.436"
"1,83 : 0.9285"
"83,1 : 0.9285"
"1,84 : 0.4903"
"84,1 : 0.4903"
"1,85 : 0.3214"
"85,1 : 0.3214"
"1,86 : 0.1838"
"86,1 : 0.1838"
"1,87 : 0.8927"
"87,1 : 0.8927"
"1,88 : 0.6824"
"88,1 : 0.6824"
"1,89 : 0.7217"
"89,1 : 0.7217"
"1,90 : 0.8862"
"90,1 : 0.8862"
"1,91 : 0.1404"
"91,1 : 0.1404"
"1,92 : 0.5731"
"92,1 : 0.5731"
"1,93 : 0.7452"
"93,1 : 0.7452"
"1,94 : 0.7211"
"94,1 : 0.7211"
"1,95 : 0.6873"
"95,1 : 0.6873"
"1,96 : 0.6139"
"96,1 : 0.6139"
"1,97 : 0.6712"
"97,1 : 0.6712"
"1,98 : 0.6772"
"98,1 : 0.6772"
"1,99 : 0.3614"
"99,1 : 0.3614"
"2,3 : 0.5597"
"3,2 : 0.5597"
"2,4 : 0.2571"
"4,2 : 0.2571"
"2,5 : 0.3517"
"5,2 : 0.3517"
"2,6 : 0.8431"
"6,2 : 0.8431"
"2,7 : 0.4016"
"7,2 : 0.4016"
"2,8 : 0.2608"
"8,2 : 0.2608"
"2,9 : 0.1414"
"9,2 : 0.1414"
"2,10 : 0.1208"
"10,2 : 0.1208"
"2,11 : 0.4401"
"11,2 : 0.4401"
"2,12 : 0.4342"
"12,2 : 0.4342"
"2,13 : 0.1612"
"13,2 : 0.1612"
"2,14 : 0.5463"
"14,2 : 0.5463"
"2,15 : 0.7187"
"15,2 : 0.7187"
"2,16 : 0.813"
"16,2 : 0.813"
"2,17 : 0.4771"
"17,2 : 0.4771"
"2,18 : 0.389"
"18,2 : 0.389"
"2,19 : 0.4144"
"19,2 : 0.4144"
"2,20 : 0.5135"
"20,2 : 0.5135"
"2,21 : 0.1414"
"21,2 : 0.1414"
"2,22 : 0.0922"
"22,2 : 0.0922"
"2,23 : 0.622"
"23,2 : 0.622"
"2,24 : 0.4738"
"24,2 : 0.4738"
"2,25 : 0.0707"
"25,2 : 0.0707"
"2,26 : 0.6997"
"26,2 : 0.6997"
"2,27 : 0.3126"
"27,2 : 0.3126"
"2,28 : 0.7185"
"28,2 : 0.7185"
"2,29 : 0.5029"
"29,2 : 0.5029"
"2,30 : 0.4119"
"30,2 : 0.4119"
"2,31 : 0.3585"
"31,2 : 0.3585"
"2,32 : 0.0949"
"32,2 : 0.0949"
"2,33 : 0.3956"
"33,2 : 0.3956"
"2,34 : 0.4319"
"34,2 : 0.4319"
"2,35 : 0.4837"
"35,2 : 0.4837"
"2,36 : 0.7452"
"36,2 : 0.7452"
"2,37 : 0.4974"
"37,2 : 0.4974"
"2,38 : 0.4909"
"38,2 : 0.4909"
"2,39 : 0.3801"
"39,2 : 0.3801"
"2,40 : 0.4916"
"40,2 : 0.4916"
"2,41 : 0.247"
"41,2 : 0.247"
"2,42 : 0.4851"
"42,2 : 0.4851"
"2,43 : 0.8488"
"43,2 : 0.8488"
"2,44 : 0.1503"
"44,2 : 0.1503"
"2,45 : 0.6265"
"45,2 : 0.6265"
"2,46 : 0.394"
"46,2 : 0.394"
"2,47 : 0.2707"
"47,2 : 0.2707"
"2,48 : 0.5201"
"48,2 : 0.5201"
"2,49 : 0.204"
"49,2 : 0.204"
"2,50 : 0.6637"
"50,2 : 0.6637"
"2,51 : 0.6935"
"51,2 : 0.6935"
"2,52 : 0.4052"
"52,2 : 0.4052"
"2,53 : 0.471"
"53,2 : 0.471"
"2,54 : 0.1204"
"54,2 : 0.1204"
"2,55 : 0.3612"
"55,2 : 0.3612"
"2,56 : 0.0707"
"56,2 : 0.0707"
"2,57 : 0.4717"
"57,2 : 0.4717"
"2,58 : 0.7616"
"58,2 : 0.7616"
"2,59 : 0.35"
"59,2 : 0.35"
"2,60 : 0.3466"
"60,2 : 0.3466"
"2,61 : 0.6217"
"61,2 : 0.6217"
"2,62 : 0.5622"
"62,2 : 0.5622"
"2,63 : 0.3922"
"63,2 : 0.3922"
"2,64 : 0.0906"
"64,2 : 0.0906"
"2,65 : 0.4885"
"65,2 : 0.4885"
"2,66 : 0.6482"
"66,2 : 0.6482"
"2,67 : 0.5622"
"67,2 : 0.5622"
"2,68 : 0.4925"
"68,2 : 0.4925"
"2,69 : 0.7558"
"69,2 : 0.7558"
"2,70 : 0.1803"
"70,2 : 0.1803"
"2,71 : 0.2119"
"71,2 : 0.2119"
"2,72 : 0.4441"
"72,2 : 0.4441"
"2,73 : 0.0316"
"73,2 : 0.0316"
"2,74 : 0.2102"
"74,2 : 0.2102"
"2,75 : 0.4531"
"75,2 : 0.4531"
"2,76 : 0.5235"
"76,2 : 0.5235"
"2,77 : 0.1562"
"77,2 : 0.1562"
"2,78 : 0.5946"
"78,2 : 0.5946"
"2,79 : 0.6277"
"79,2 : 0.6277"
"2,80 : 0.3536"
"80,2 : 0.3536"
"2,81 : 0.378"
"81,2 : 0.378"
"2,82 : 0.2283"
"82,2 : 0.2283"
"2,83 : 0.4148"
"83,2 : 0.4148"
"2,84 : 0.5604"
"84,2 : 0.5604"
"2,85 : 0.4522"
"85,2 : 0.4522"
"2,86 : 0.4667"
"86,2 : 0.4667"
"2,87 : 0.777"
"87,2 : 0.777"
"2,88 : 0.1221"
"88,2 : 0.1221"
"2,89 : 0.4855"
"89,2 : 0.4855"
"2,90 : 0.2419"
"90,2 : 0.2419"
"2,91 : 0.75"
"91,2 : 0.75"
"2,92 : 0.0806"
"92,2 : 0.0806"
"2,93 : 0.1118"
"93,2 : 0.1118"
"2,94 : 0.494"
"94,2 : 0.494"
"2,95 : 0.4219"
"95,2 : 0.4219"
"2,96 : 0.6064"
"96,2 : 0.6064"
"2,97 : 0.4696"
"97,2 : 0.4696"
"2,98 : 0.3302"
"98,2 : 0.3302"
"2,99 : 0.386"
"99,2 : 0.386"
"3,4 : 0.7961"
"4,3 : 0.7961"
"3,5 : 0.8742"
"5,3 : 0.8742"
"3,6 : 0.8854"
"6,3 : 0.8854"
"3,7 : 0.8041"
"7,3 : 0.8041"
"3,8 : 0.8184"
"8,3 : 0.8184"
"3,9 : 0.4801"
"9,3 : 0.4801"
"3,10 : 0.6191"
"10,3 : 0.6191"
"3,11 : 0.4159"
"11,3 : 0.4159"
"3,12 : 0.7788"
"12,3 : 0.7788"
"3,13 : 0.4875"
"13,3 : 0.4875"
"3,14 : 0.8927"
"14,3 : 0.8927"
"3,15 : 0.6778"
"15,3 : 0.6778"
"3,16 : 0.8443"
"16,3 : 0.8443"
"3,17 : 1.0273"
"17,3 : 1.0273"
"3,18 : 0.54"
"18,3 : 0.54"
"3,19 : 0.9159"
"19,3 : 0.9159"
"3,20 : 0.4393"
"20,3 : 0.4393"
"3,21 : 0.4614"
"21,3 : 0.4614"
"3,22 : 0.5685"
"22,3 : 0.5685"
"3,23 : 0.3774"
"23,3 : 0.3774"
"3,24 : 0.4903"
"24,3 : 0.4903"
"3,25 : 0.5243"
"25,3 : 0.5243"
"3,26 : 0.1803"
"26,3 : 0.1803"
"3,27 : 0.4639"
"27,3 : 0.4639"
"3,28 : 0.7983"
"28,3 : 0.7983"
"3,29 : 0.5805"
"29,3 : 0.5805"
"3,30 : 0.3821"
"30,3 : 0.3821"
"3,31 : 0.5609"
"31,3 : 0.5609"
"3,32 : 0.53"
"32,3 : 0.53"
"3,33 : 0.4817"
"33,3 : 0.4817"
"3,34 : 0.8857"
"34,3 : 0.8857"
"3,35 : 0.8102"
"35,3 : 0.8102"
"3,36 : 0.8631"
"36,3 : 0.8631"
"3,37 : 0.1204"
"37,3 : 0.1204"
"3,38 : 0.3471"
"38,3 : 0.3471"
"3,39 : 0.2518"
"39,3 : 0.2518"
"3,40 : 0.3373"
"40,3 : 0.3373"
"3,41 : 0.6848"
"41,3 : 0.6848"
"3,42 : 0.3059"
"42,3 : 0.3059"
"3,43 : 0.8949"
"43,3 : 0.8949"
"3,44 : 0.6742"
"44,3 : 0.6742"
"3,45 : 0.1476"
"45,3 : 0.1476"
"3,46 : 0.5334"
"46,3 : 0.5334"
"3,47 : 0.3808"
"47,3 : 0.3808"
"3,48 : 0.1077"
"48,3 : 0.1077"
"3,49 : 0.7325"
"49,3 : 0.7325"
"3,50 : 0.5012"
"50,3 : 0.5012"
"3,51 : 0.8814"
"51,3 : 0.8814"
"3,52 : 0.8208"
"52,3 : 0.8208"
"3,53 : 0.4026"
"53,3 : 0.4026"
"3,54 : 0.4405"
"54,3 : 0.4405"
"3,55 : 0.921"
"55,3 : 0.921"
"3,56 : 0.6303"
"56,3 : 0.6303"
"3,57 : 0.9577"
"57,3 : 0.9577"
"3,58 : 0.2886"
"58,3 : 0.2886"
"3,59 : 0.2285"
"59,3 : 0.2285"
"3,60 : 0.6332"
"60,3 : 0.6332"
"3,61 : 0.314"
"61,3 : 0.314"
"3,62 : 0.099"
"62,3 : 0.099"
"3,63 : 0.29"
"63,3 : 0.29"
"3,64 : 0.6162"
"64,3 : 0.6162"
"3,65 : 0.6152"
"65,3 : 0.6152"
"3,66 : 0.7752"
"66,3 : 0.7752"
"3,67 : 0.099"
"67,3 : 0.099"
"3,68 : 0.4258"
"68,3 : 0.4258"
"3,69 : 0.3311"
"69,3 : 0.3311"
"3,70 : 0.4494"
"70,3 : 0.4494"
"3,71 : 0.4919"
"71,3 : 0.4919"
"3,72 : 0.9415"
"72,3 : 0.9415"
"3,73 : 0.5873"
"73,3 : 0.5873"
"3,74 : 0.764"
"74,3 : 0.764"
"3,75 : 0.8286"
"75,3 : 0.8286"
"3,76 : 1.0112"
"76,3 : 1.0112"
"3,77 : 0.4061"
"77,3 : 0.4061"
"3,78 : 0.0728"
"78,3 : 0.0728"
"3,79 : 0.7004"
"79,3 : 0.7004"
"3,80 : 0.8095"
"80,3 : 0.8095"
"3,81 : 0.6964"
"81,3 : 0.6964"
"3,82 : 0.528"
"82,3 : 0.528"
"3,83 : 0.3114"
"83,3 : 0.3114"
"3,84 : 0.377"
"84,3 : 0.377"
"3,85 : 0.8476"
"85,3 : 0.8476"
"3,86 : 0.7058"
"86,3 : 0.7058"
"3,87 : 0.2433"
"87,3 : 0.2433"
"3,88 : 0.6812"
"88,3 : 0.6812"
"3,89 : 0.1105"
"89,3 : 0.1105"
"3,90 : 0.5632"
"90,3 : 0.5632"
"3,91 : 0.8395"
"91,3 : 0.8395"
"3,92 : 0.5391"
"92,3 : 0.5391"
"3,93 : 0.6351"
"93,3 : 0.6351"
"3,94 : 0.11"
"94,3 : 0.11"
"3,95 : 0.9708"
"95,3 : 0.9708"
"3,96 : 0.286"
"96,3 : 0.286"
"3,97 : 0.16"
"97,3 : 0.16"
"3,98 : 0.8841"
"98,3 : 0.8841"
"3,99 : 0.4826"
"99,3 : 0.4826"
"4,5 : 0.3225"
"5,4 : 0.3225"
"4,6 : 1.0347"
"6,4 : 1.0347"
"4,7 : 0.4968"
"7,4 : 0.4968"
"4,8 : 0.0854"
"8,4 : 0.0854"
"4,9 : 0.392"
"9,4 : 0.392"
"4,10 : 0.178"
"10,4 : 0.178"
"4,11 : 0.5636"
"11,4 : 0.5636"
"4,12 : 0.5604"
"12,4 : 0.5604"
"4,13 : 0.3183"
"13,4 : 0.3183"
"4,14 : 0.6438"
"14,4 : 0.6438"
"4,15 : 0.9415"
"15,4 : 0.9415"
"4,16 : 1.0102"
"16,4 : 1.0102"
"4,17 : 0.3401"
"17,4 : 0.3401"
"4,18 : 0.4492"
"18,4 : 0.4492"
"4,19 : 0.3982"
"19,4 : 0.3982"
"4,20 : 0.76"
"20,4 : 0.76"
"4,21 : 0.336"
"21,4 : 0.336"
"4,22 : 0.3102"
"22,4 : 0.3102"
"4,23 : 0.8769"
"23,4 : 0.8769"
"4,24 : 0.563"
"24,4 : 0.563"
"4,25 : 0.2729"
"25,4 : 0.2729"
"4,26 : 0.9481"
"26,4 : 0.9481"
"4,27 : 0.4254"
"27,4 : 0.4254"
"4,28 : 0.91"
"28,4 : 0.91"
"4,29 : 0.5492"
"29,4 : 0.5492"
"4,30 : 0.5523"
"30,4 : 0.5523"
"4,31 : 0.5727"
"31,4 : 0.5727"
"4,32 : 0.2663"
"32,4 : 0.2663"
"4,33 : 0.632"
"33,4 : 0.632"
"4,34 : 0.4701"
"34,4 : 0.4701"
"4,35 : 0.608"
"35,4 : 0.608"
"4,36 : 0.9213"
"36,4 : 0.9213"
"4,37 : 0.7473"
"37,4 : 0.7473"
"4,38 : 0.7455"
"38,4 : 0.7455"
"4,39 : 0.58"
"39,4 : 0.58"
"4,40 : 0.7467"
"40,4 : 0.7467"
"4,41 : 0.3801"
"41,4 : 0.3801"
"4,42 : 0.7415"
"42,4 : 0.7415"
"4,43 : 1.0387"
"43,4 : 1.0387"
"4,44 : 0.1221"
"44,4 : 0.1221"
"4,45 : 0.8773"
"45,4 : 0.8773"
"4,46 : 0.6181"
"46,4 : 0.6181"
"4,47 : 0.5261"
"47,4 : 0.5261"
"4,48 : 0.7388"
"48,4 : 0.7388"
"4,49 : 0.2524"
"49,4 : 0.2524"
"4,50 : 0.9101"
"50,4 : 0.9101"
"4,51 : 0.8491"
"51,4 : 0.8491"
"4,52 : 0.4884"
"52,4 : 0.4884"
"4,53 : 0.5994"
"53,4 : 0.5994"
"4,54 : 0.3625"
"54,4 : 0.3625"
"4,55 : 0.1811"
"55,4 : 0.1811"
"4,56 : 0.2002"
"56,4 : 0.2002"
"4,57 : 0.4607"
"57,4 : 0.4607"
"4,58 : 1.0159"
"58,4 : 1.0159"
"4,59 : 0.572"
"59,4 : 0.572"
"4,60 : 0.5314"
"60,4 : 0.5314"
"4,61 : 0.8786"
"61,4 : 0.8786"
"4,62 : 0.781"
"62,4 : 0.781"
"4,63 : 0.5738"
"63,4 : 0.5738"
"4,64 : 0.2617"
"64,4 : 0.2617"
"4,65 : 0.5135"
"65,4 : 0.5135"
"4,66 : 0.8326"
"66,4 : 0.8326"
"4,67 : 0.781"
"67,4 : 0.781"
"4,68 : 0.7401"
"68,4 : 0.7401"
"4,69 : 1.0124"
"69,4 : 1.0124"
"4,70 : 0.4329"
"70,4 : 0.4329"
"4,71 : 0.4501"
"71,4 : 0.4501"
"4,72 : 0.4249"
"72,4 : 0.4249"
"4,73 : 0.2419"
"73,4 : 0.2419"
"4,74 : 0.0671"
"74,4 : 0.0671"
"4,75 : 0.5532"
"75,4 : 0.5532"
"4,76 : 0.4977"
"76,4 : 0.4977"
"4,77 : 0.3936"
"77,4 : 0.3936"
"4,78 : 0.8201"
"78,4 : 0.8201"
"4,79 : 0.8317"
"79,4 : 0.8317"
"4,80 : 0.4173"
"80,4 : 0.4173"
"4,81 : 0.5367"
"81,4 : 0.5367"
"4,82 : 0.4528"
"82,4 : 0.4528"
"4,83 : 0.5841"
"83,4 : 0.5841"
"4,84 : 0.8139"
"84,4 : 0.8139"
"4,85 : 0.5376"
"85,4 : 0.5376"
"4,86 : 0.6398"
"86,4 : 0.6398"
"4,87 : 1.0242"
"87,4 : 1.0242"
"4,88 : 0.1503"
"88,4 : 0.1503"
"4,89 : 0.7335"
"89,4 : 0.7335"
"4,90 : 0.2997"
"90,4 : 0.2997"
"4,91 : 0.9352"
"91,4 : 0.9352"
"4,92 : 0.3206"
"92,4 : 0.3206"
"4,93 : 0.1612"
"93,4 : 0.1612"
"4,94 : 0.7425"
"94,4 : 0.7425"
"4,95 : 0.3015"
"95,4 : 0.3015"
"4,96 : 0.8635"
"96,4 : 0.8635"
"4,97 : 0.7224"
"97,4 : 0.7224"
"4,98 : 0.2184"
"98,4 : 0.2184"
"4,99 : 0.622"
"99,4 : 0.622"
"5,6 : 0.8006"
"6,5 : 0.8006"
"5,7 : 0.2236"
"7,5 : 0.2236"
"5,8 : 0.2385"
"8,5 : 0.2385"
"5,9 : 0.3941"
"9,5 : 0.3941"
"5,10 : 0.3905"
"10,5 : 0.3905"
"5,11 : 0.7864"
"11,5 : 0.7864"
"5,12 : 0.3027"
"12,5 : 0.3027"
"5,13 : 0.5049"
"13,5 : 0.5049"
"5,14 : 0.3489"
"14,5 : 0.3489"
"5,15 : 0.7642"
"15,5 : 0.7642"
"5,16 : 0.7852"
"16,5 : 0.7852"
"5,17 : 0.1803"
"17,5 : 0.1803"
"5,18 : 0.7106"
"18,5 : 0.7106"
"5,19 : 0.0762"
"19,5 : 0.0762"
"5,20 : 0.6621"
"20,5 : 0.6621"
"5,21 : 0.4924"
"21,5 : 0.4924"
"5,22 : 0.3089"
"22,5 : 0.3089"
"5,23 : 0.8101"
"23,5 : 0.8101"
"5,24 : 0.8106"
"24,5 : 0.8106"
"5,25 : 0.4177"
"25,5 : 0.4177"
"5,26 : 0.9829"
"26,5 : 0.9829"
"5,27 : 0.6519"
"27,5 : 0.6519"
"5,28 : 0.6836"
"28,5 : 0.6836"
"5,29 : 0.8222"
"29,5 : 0.8222"
"5,30 : 0.7612"
"30,5 : 0.7612"
"5,31 : 0.4308"
"31,5 : 0.4308"
"5,32 : 0.4342"
"32,5 : 0.4342"
"5,33 : 0.5233"
"33,5 : 0.5233"
"5,34 : 0.1581"
"34,5 : 0.1581"
"5,35 : 0.3396"
"35,5 : 0.3396"
"5,36 : 0.6747"
"36,5 : 0.6747"
"5,37 : 0.7864"
"37,5 : 0.7864"
"5,38 : 0.688"
"38,5 : 0.688"
"5,39 : 0.728"
"39,5 : 0.728"
"5,40 : 0.6934"
"40,5 : 0.6934"
"5,41 : 0.211"
"41,5 : 0.211"
"5,42 : 0.7021"
"42,5 : 0.7021"
"5,43 : 0.8023"
"43,5 : 0.8023"
"5,44 : 0.3551"
"44,5 : 0.3551"
"5,45 : 0.9051"
"45,5 : 0.9051"
"5,46 : 0.4847"
"46,5 : 0.4847"
"5,47 : 0.5091"
"47,5 : 0.5091"
"5,48 : 0.8548"
"48,5 : 0.8548"
"5,49 : 0.1487"
"49,5 : 0.1487"
"5,50 : 0.7971"
"50,5 : 0.7971"
"5,51 : 0.5852"
"51,5 : 0.5852"
"5,52 : 0.2062"
"52,5 : 0.2062"
"5,53 : 0.8188"
"53,5 : 0.8188"
"5,54 : 0.4624"
"54,5 : 0.4624"
"5,55 : 0.2059"
"55,5 : 0.2059"
"5,56 : 0.2927"
"56,5 : 0.2927"
"5,57 : 0.1393"
"57,5 : 0.1393"
"5,58 : 1.0167"
"58,5 : 1.0167"
"5,59 : 0.6888"
"59,5 : 0.6888"
"5,60 : 0.3544"
"60,5 : 0.3544"
"5,61 : 0.8376"
"61,5 : 0.8376"
"5,62 : 0.8955"
"62,5 : 0.8955"
"5,63 : 0.7433"
"63,5 : 0.7433"
"5,64 : 0.2693"
"64,5 : 0.2693"
"5,65 : 0.7963"
"65,5 : 0.7963"
"5,66 : 0.603"
"66,5 : 0.603"
"5,67 : 0.8955"
"67,5 : 0.8955"
"5,68 : 0.6485"
"68,5 : 0.6485"
"5,69 : 0.9905"
"69,5 : 0.9905"
"5,70 : 0.4264"
"70,5 : 0.4264"
"5,71 : 0.3962"
"71,5 : 0.3962"
"5,72 : 0.1044"
"72,5 : 0.1044"
"5,73 : 0.3202"
"73,5 : 0.3202"
"5,74 : 0.2693"
"74,5 : 0.2693"
"5,75 : 0.272"
"75,5 : 0.272"
"5,76 : 0.1825"
"76,5 : 0.1825"
"5,77 : 0.4977"
"77,5 : 0.4977"
"5,78 : 0.9211"
"78,5 : 0.9211"
"5,79 : 0.6303"
"79,5 : 0.6303"
"5,80 : 0.1404"
"80,5 : 0.1404"
"5,81 : 0.3225"
"81,5 : 0.3225"
"5,82 : 0.3701"
"82,5 : 0.3701"
"5,83 : 0.7666"
"83,5 : 0.7666"
"5,84 : 0.743"
"84,5 : 0.743"
"5,85 : 0.247"
"85,5 : 0.247"
"5,86 : 0.4201"
"86,5 : 0.4201"
"5,87 : 1.0607"
"87,5 : 1.0607"
"5,88 : 0.2702"
"88,5 : 0.2702"
"5,89 : 0.781"
"89,5 : 0.781"
"5,90 : 0.5508"
"90,5 : 0.5508"
"5,91 : 0.6987"
"91,5 : 0.6987"
"5,92 : 0.34"
"92,5 : 0.34"
"5,93 : 0.3606"
"93,5 : 0.3606"
"5,94 : 0.7875"
"94,5 : 0.7875"
"5,95 : 0.1315"
"95,5 : 0.1315"
"5,96 : 0.8323"
"96,5 : 0.8323"
"5,97 : 0.7501"
"97,5 : 0.7501"
"5,98 : 0.1221"
"98,5 : 0.1221"
"5,99 : 0.5143"
"99,5 : 0.5143"
"6,7 : 0.5771"
"7,6 : 0.5771"
"6,8 : 0.9774"
"8,6 : 0.9774"
"6,9 : 0.7184"
"9,6 : 0.7184"
"6,10 : 0.9625"
"10,6 : 0.9625"
"6,11 : 1.142"
"11,6 : 1.142"
"6,12 : 0.4982"
"12,6 : 0.4982"
"6,13 : 0.9567"
"13,6 : 0.9567"
"6,14 : 0.4809"
"14,6 : 0.4809"
"6,15 : 0.2121"
"15,6 : 0.2121"
"6,16 : 0.0412"
"16,6 : 0.0412"
"6,17 : 0.9625"
"17,6 : 0.9625"
"6,18 : 1.1739"
"18,6 : 1.1739"
"6,19 : 0.7624"
"19,6 : 0.7624"
"6,20 : 0.4519"
"20,6 : 0.4519"
"6,21 : 0.9135"
"21,6 : 0.9135"
"6,22 : 0.7547"
"22,6 : 0.7547"
"6,23 : 0.5261"
"23,6 : 0.5261"
"6,24 : 1.2088"
"24,6 : 1.2088"
"6,25 : 0.892"
"25,6 : 0.892"
"6,26 : 0.836"
"26,6 : 0.836"
"6,27 : 1.0752"
"27,6 : 1.0752"
"6,28 : 0.1253"
"28,6 : 0.1253"
"6,29 : 1.2748"
"29,6 : 1.2748"
"6,30 : 1.1"
"30,6 : 1.1"
"6,31 : 0.486"
"31,6 : 0.486"
"6,32 : 0.9201"
"32,6 : 0.9201"
"6,33 : 0.4817"
"33,6 : 0.4817"
"6,34 : 0.6612"
"34,6 : 0.6612"
"6,35 : 0.4627"
"35,6 : 0.4627"
"6,36 : 0.1304"
"36,6 : 0.1304"
"6,37 : 0.769"
"37,6 : 0.769"
"6,38 : 0.5423"
"38,6 : 0.5423"
"6,39 : 0.968"
"39,6 : 0.968"
"6,40 : 0.5515"
"40,6 : 0.5515"
"6,41 : 0.6555"
"41,6 : 0.6555"
"6,42 : 0.5831"
"42,6 : 0.5831"
"6,43 : 0.01"
"43,6 : 0.01"
"6,44 : 0.9762"
"44,6 : 0.9762"
"6,45 : 0.7845"
"45,6 : 0.7845"
"6,46 : 0.4601"
"46,6 : 0.4601"
"6,47 : 0.6519"
"47,6 : 0.6519"
"6,48 : 0.9585"
"48,6 : 0.9585"
"6,49 : 0.7877"
"49,6 : 0.7877"
"6,50 : 0.402"
"50,6 : 0.402"
"6,51 : 0.2335"
"51,6 : 0.2335"
"6,52 : 0.5954"
"52,6 : 0.5954"
"6,53 : 1.1543"
"53,6 : 1.1543"
"6,54 : 0.8355"
"54,6 : 0.8355"
"6,55 : 0.9969"
"55,6 : 0.9969"
"6,56 : 0.8596"
"56,6 : 0.8596"
"6,57 : 0.74"
"57,6 : 0.74"
"6,58 : 0.77"
"58,6 : 0.77"
"6,59 : 0.8959"
"59,6 : 0.8959"
"6,60 : 0.5054"
"60,6 : 0.5054"
"6,61 : 0.5968"
"61,6 : 0.5968"
"6,62 : 0.975"
"62,6 : 0.975"
"6,63 : 1.0151"
"63,6 : 1.0151"
"6,64 : 0.7877"
"64,6 : 0.7877"
"6,65 : 1.28"
"65,6 : 1.28"
"6,66 : 0.2025"
"66,6 : 0.2025"
"6,67 : 0.975"
"67,6 : 0.975"
"6,68 : 0.4696"
"68,6 : 0.4696"
"6,69 : 0.7003"
"69,6 : 0.7003"
"6,70 : 0.6943"
"70,6 : 0.6943"
"6,71 : 0.6403"
"71,6 : 0.6403"
"6,72 : 0.7606"
"72,6 : 0.7606"
"6,73 : 0.8353"
"73,6 : 0.8353"
"6,74 : 0.9677"
"74,6 : 0.9677"
"6,75 : 0.5324"
"75,6 : 0.5324"
"6,76 : 0.7616"
"76,6 : 0.7616"
"6,77 : 0.8415"
"77,6 : 0.8415"
"6,78 : 0.9582"
"78,6 : 0.9582"
"6,79 : 0.2193"
"79,6 : 0.2193"
"6,80 : 0.661"
"80,6 : 0.661"
"6,81 : 0.4998"
"81,6 : 0.4998"
"6,82 : 0.6161"
"82,6 : 0.6161"
"6,83 : 1.0512"
"83,6 : 1.0512"
"6,84 : 0.5096"
"84,6 : 0.5096"
"6,85 : 0.5614"
"85,6 : 0.5614"
"6,86 : 0.3956"
"86,6 : 0.3956"
"6,87 : 0.8809"
"87,6 : 0.8809"
"6,88 : 0.8944"
"88,6 : 0.8944"
"6,89 : 0.7855"
"89,6 : 0.7855"
"6,90 : 1.0653"
"90,6 : 1.0653"
"6,91 : 0.102"
"91,6 : 0.102"
"6,92 : 0.7628"
"92,6 : 0.7628"
"6,93 : 0.9467"
"93,6 : 0.9467"
"6,94 : 0.7819"
"94,6 : 0.7819"
"6,95 : 0.9266"
"95,6 : 0.9266"
"6,96 : 0.6198"
"96,6 : 0.6198"
"6,97 : 0.7354"
"97,6 : 0.7354"
"6,98 : 0.9122"
"98,6 : 0.9122"
"6,99 : 0.4884"
"99,6 : 0.4884"
"7,8 : 0.4244"
"8,7 : 0.4244"
"7,9 : 0.3601"
"9,7 : 0.3601"
"7,10 : 0.4924"
"10,7 : 0.4924"
"7,11 : 0.8287"
"11,7 : 0.8287"
"7,12 : 0.08"
"12,7 : 0.08"
"7,13 : 0.5604"
"13,7 : 0.5604"
"7,14 : 0.15"
"14,7 : 0.15"
"7,15 : 0.5532"
"15,7 : 0.5532"
"7,16 : 0.5622"
"16,7 : 0.5622"
"7,17 : 0.3905"
"17,7 : 0.3905"
"7,18 : 0.7906"
"18,7 : 0.7906"
"7,19 : 0.1924"
"19,7 : 0.1924"
"7,20 : 0.4968"
"20,7 : 0.4968"
"7,21 : 0.5315"
"21,7 : 0.5315"
"7,22 : 0.3178"
"22,7 : 0.3178"
"7,23 : 0.6519"
"23,7 : 0.6519"
"7,24 : 0.871"
"24,7 : 0.871"
"7,25 : 0.4713"
"25,7 : 0.4713"
"7,26 : 0.8766"
"26,7 : 0.8766"
"7,27 : 0.7106"
"27,7 : 0.7106"
"7,28 : 0.461"
"28,7 : 0.461"
"7,29 : 0.9044"
"29,7 : 0.9044"
"7,30 : 0.7951"
"30,7 : 0.7951"
"7,31 : 0.2691"
"31,7 : 0.2691"
"7,32 : 0.4965"
"32,7 : 0.4965"
"7,33 : 0.368"
"33,7 : 0.368"
"7,34 : 0.103"
"34,7 : 0.103"
"7,35 : 0.117"
"35,7 : 0.117"
"7,36 : 0.4512"
"36,7 : 0.4512"
"7,37 : 0.6978"
"37,7 : 0.6978"
"7,38 : 0.5456"
"38,7 : 0.5456"
"7,39 : 0.7211"
"39,7 : 0.7211"
"7,40 : 0.5532"
"40,7 : 0.5532"
"7,41 : 0.1552"
"41,7 : 0.1552"
"7,42 : 0.5701"
"42,7 : 0.5701"
"7,43 : 0.5787"
"43,7 : 0.5787"
"7,44 : 0.4801"
"44,7 : 0.4801"
"7,45 : 0.7992"
"45,7 : 0.7992"
"7,46 : 0.3183"
"46,7 : 0.3183"
"7,47 : 0.4238"
"47,7 : 0.4238"
"7,48 : 0.8125"
"48,7 : 0.8125"
"7,49 : 0.2476"
"49,7 : 0.2476"
"7,50 : 0.614"
"50,7 : 0.614"
"7,51 : 0.364"
"51,7 : 0.364"
"7,52 : 0.0224"
"52,7 : 0.0224"
"7,53 : 0.8559"
"53,7 : 0.8559"
"7,54 : 0.4727"
"54,7 : 0.4727"
"7,55 : 0.4238"
"55,7 : 0.4238"
"7,56 : 0.3759"
"56,7 : 0.3759"
"7,57 : 0.1924"
"57,7 : 0.1924"
"7,58 : 0.8873"
"58,7 : 0.8873"
"7,59 : 0.6648"
"59,7 : 0.6648"
"7,60 : 0.1844"
"60,7 : 0.1844"
"7,61 : 0.6931"
"61,7 : 0.6931"
"7,62 : 0.849"
"62,7 : 0.849"
"7,63 : 0.75"
"63,7 : 0.75"
"7,64 : 0.3138"
"64,7 : 0.3138"
"7,65 : 0.8896"
"65,7 : 0.8896"
"7,66 : 0.3805"
"66,7 : 0.3805"
"7,67 : 0.849"
"67,7 : 0.849"
"7,68 : 0.4884"
"68,7 : 0.4884"
"7,69 : 0.8486"
"69,7 : 0.8486"
"7,70 : 0.3734"
"70,7 : 0.3734"
"7,71 : 0.3178"
"71,7 : 0.3178"
"7,72 : 0.1992"
"72,7 : 0.1992"
"7,73 : 0.377"
"73,7 : 0.377"
"7,74 : 0.4319"
"74,7 : 0.4319"
"7,75 : 0.0566"
"75,7 : 0.0566"
"7,76 : 0.236"
"76,7 : 0.236"
"7,77 : 0.5009"
"77,7 : 0.5009"
"7,78 : 0.8633"
"78,7 : 0.8633"
"7,79 : 0.4144"
"79,7 : 0.4144"
"7,80 : 0.0854"
"80,7 : 0.0854"
"7,81 : 0.1281"
"81,7 : 0.1281"
"7,82 : 0.2789"
"82,7 : 0.2789"
"7,83 : 0.7803"
"83,7 : 0.7803"
"7,84 : 0.5873"
"84,7 : 0.5873"
"7,85 : 0.051"
"85,7 : 0.051"
"7,86 : 0.2062"
"86,7 : 0.2062"
"7,87 : 0.9513"
"87,7 : 0.9513"
"7,88 : 0.386"
"88,7 : 0.386"
"7,89 : 0.6986"
"89,7 : 0.6986"
"7,90 : 0.6408"
"90,7 : 0.6408"
"7,91 : 0.4752"
"91,7 : 0.4752"
"7,92 : 0.3453"
"92,7 : 0.3453"
"7,93 : 0.4665"
"93,7 : 0.4665"
"7,94 : 0.7026"
"94,7 : 0.7026"
"7,95 : 0.3506"
"95,7 : 0.3506"
"7,96 : 0.6943"
"96,7 : 0.6943"
"7,97 : 0.6574"
"97,7 : 0.6574"
"7,98 : 0.3384"
"98,7 : 0.3384"
"7,99 : 0.3612"
"99,7 : 0.3612"
"8,9 : 0.3795"
"9,8 : 0.3795"
"8,10 : 0.2195"
"10,8 : 0.2195"
"8,11 : 0.6239"
"11,8 : 0.6239"
"8,12 : 0.4924"
"12,8 : 0.4924"
"8,13 : 0.3606"
"13,8 : 0.3606"
"8,14 : 0.5685"
"14,8 : 0.5685"
"8,15 : 0.8981"
"15,8 : 0.8981"
"8,16 : 0.9551"
"16,8 : 0.9551"
"8,17 : 0.2631"
"17,8 : 0.2631"
"8,18 : 0.5197"
"18,8 : 0.5197"
"8,19 : 0.3138"
"19,8 : 0.3138"
"8,20 : 0.7344"
"20,8 : 0.7344"
"8,21 : 0.3688"
"21,8 : 0.3688"
"8,22 : 0.2886"
"22,8 : 0.2886"
"8,23 : 0.8612"
"23,8 : 0.8612"
"8,24 : 0.6306"
"24,8 : 0.6306"
"8,25 : 0.297"
"25,8 : 0.297"
"8,26 : 0.9604"
"26,8 : 0.9604"
"8,27 : 0.4847"
"27,8 : 0.4847"
"8,28 : 0.8538"
"28,8 : 0.8538"
"8,29 : 0.6239"
"29,8 : 0.6239"
"8,30 : 0.6084"
"30,8 : 0.6084"
"8,31 : 0.5315"
"31,8 : 0.5315"
"8,32 : 0.2983"
"32,8 : 0.2983"
"8,33 : 0.6007"
"33,8 : 0.6007"
"8,34 : 0.3895"
"34,8 : 0.3895"
"8,35 : 0.5385"
"35,8 : 0.5385"
"8,36 : 0.8601"
"36,8 : 0.8601"
"8,37 : 0.758"
"37,8 : 0.758"
"8,38 : 0.7301"
"38,8 : 0.7301"
"8,39 : 0.6185"
"39,8 : 0.6185"
"8,40 : 0.7325"
"40,8 : 0.7325"
"8,41 : 0.3228"
"41,8 : 0.3228"
"8,42 : 0.7308"
"42,8 : 0.7308"
"8,43 : 0.9808"
"43,8 : 0.9808"
"8,44 : 0.1655"
"44,8 : 0.1655"
"8,45 : 0.8868"
"45,8 : 0.8868"
"8,46 : 0.5803"
"46,8 : 0.5803"
"8,47 : 0.5155"
"47,8 : 0.5155"
"8,48 : 0.7708"
"48,8 : 0.7708"
"8,49 : 0.1897"
"49,8 : 0.1897"
"8,50 : 0.8828"
"50,8 : 0.8828"
"8,51 : 0.7829"
"51,8 : 0.7829"
"8,52 : 0.414"
"52,8 : 0.414"
"8,53 : 0.6592"
"53,8 : 0.6592"
"8,54 : 0.378"
"54,8 : 0.378"
"8,55 : 0.1118"
"55,8 : 0.1118"
"8,56 : 0.1924"
"56,8 : 0.1924"
"8,57 : 0.3759"
"57,8 : 0.3759"
"8,58 : 1.0198"
"58,8 : 1.0198"
"8,59 : 0.6011"
"59,8 : 0.6011"
"8,60 : 0.4805"
"60,8 : 0.4805"
"8,61 : 0.8698"
"61,8 : 0.8698"
"8,62 : 0.8132"
"62,8 : 0.8132"
"8,63 : 0.6185"
"63,8 : 0.6185"
"8,64 : 0.2354"
"64,8 : 0.2354"
"8,65 : 0.5908"
"65,8 : 0.5908"
"8,66 : 0.7749"
"66,8 : 0.7749"
"8,67 : 0.8132"
"67,8 : 0.8132"
"8,68 : 0.7157"
"68,8 : 0.7157"
"8,69 : 1.0102"
"69,8 : 1.0102"
"8,70 : 0.4206"
"70,8 : 0.4206"
"8,71 : 0.4258"
"71,8 : 0.4258"
"8,72 : 0.34"
"72,8 : 0.34"
"8,73 : 0.2371"
"73,8 : 0.2371"
"8,74 : 0.0583"
"74,8 : 0.0583"
"8,75 : 0.4801"
"75,8 : 0.4801"
"8,76 : 0.4123"
"76,8 : 0.4123"
"8,77 : 0.4123"
"77,8 : 0.4123"
"8,78 : 0.849"
"78,8 : 0.849"
"8,79 : 0.781"
"79,8 : 0.781"
"8,80 : 0.3421"
"80,8 : 0.3421"
"8,81 : 0.4776"
"81,8 : 0.4776"
"8,82 : 0.4211"
"82,8 : 0.4211"
"8,83 : 0.6329"
"83,8 : 0.6329"
"8,84 : 0.7962"
"84,8 : 0.7962"
"8,85 : 0.4623"
"85,8 : 0.4623"
"8,86 : 0.5819"
"86,8 : 0.5819"
"8,87 : 1.0377"
"87,8 : 1.0377"
"8,88 : 0.1389"
"88,8 : 0.1389"
"8,89 : 0.7463"
"89,8 : 0.7463"
"8,90 : 0.364"
"90,8 : 0.364"
"8,91 : 0.8766"
"91,8 : 0.8766"
"8,92 : 0.3068"
"92,8 : 0.3068"
"8,93 : 0.1942"
"93,8 : 0.1942"
"8,94 : 0.7547"
"94,8 : 0.7547"
"8,95 : 0.22"
"95,8 : 0.22"
"8,96 : 0.857"
"96,8 : 0.857"
"8,97 : 0.7295"
"97,8 : 0.7295"
"8,98 : 0.1334"
"98,8 : 0.1334"
"8,99 : 0.5908"
"99,8 : 0.5908"
"9,10 : 0.2596"
"10,9 : 0.2596"
"9,11 : 0.478"
"11,9 : 0.478"
"9,12 : 0.3667"
"12,9 : 0.3667"
"9,13 : 0.2408"
"13,9 : 0.2408"
"9,14 : 0.4866"
"14,9 : 0.4866"
"9,15 : 0.5818"
"15,9 : 0.5818"
"9,16 : 0.686"
"16,9 : 0.686"
"9,17 : 0.5517"
"17,9 : 0.5517"
"9,18 : 0.4687"
"18,9 : 0.4687"
"9,19 : 0.4383"
"19,9 : 0.4383"
"9,20 : 0.3722"
"20,9 : 0.3722"
"9,21 : 0.2"
"21,9 : 0.2"
"9,22 : 0.0943"
"22,9 : 0.0943"
"9,23 : 0.4851"
"23,9 : 0.4851"
"9,24 : 0.5292"
"24,9 : 0.5292"
"9,25 : 0.1749"
"25,9 : 0.1749"
"9,26 : 0.5967"
"26,9 : 0.5967"
"9,27 : 0.3759"
"27,9 : 0.3759"
"9,28 : 0.5955"
"28,9 : 0.5955"
"9,29 : 0.578"
"29,9 : 0.578"
"9,30 : 0.4415"
"30,9 : 0.4415"
"9,31 : 0.2335"
"31,9 : 0.2335"
"9,32 : 0.2025"
"32,9 : 0.2025"
"9,33 : 0.2563"
"33,9 : 0.2563"
"9,34 : 0.422"
"34,9 : 0.422"
"9,35 : 0.4123"
"35,9 : 0.4123"
"9,36 : 0.6297"
"36,9 : 0.6297"
"9,37 : 0.3962"
"37,9 : 0.3962"
"9,38 : 0.3536"
"38,9 : 0.3536"
"9,39 : 0.3612"
"39,9 : 0.3612"
"9,40 : 0.3551"
"40,9 : 0.3551"
"9,41 : 0.2159"
"41,9 : 0.2159"
"9,42 : 0.3517"
"42,9 : 0.3517"
"9,43 : 0.7247"
"43,9 : 0.7247"
"9,44 : 0.2915"
"44,9 : 0.2915"
"9,45 : 0.5201"
"45,9 : 0.5201"
"9,46 : 0.2608"
"46,9 : 0.2608"
"9,47 : 0.136"
"47,9 : 0.136"
"9,48 : 0.4662"
"48,9 : 0.4662"
"9,49 : 0.2546"
"49,9 : 0.2546"
"9,50 : 0.5224"
"50,9 : 0.5224"
"9,51 : 0.5908"
"51,9 : 0.5908"
"9,52 : 0.3712"
"52,9 : 0.3712"
"9,53 : 0.5022"
"53,9 : 0.5022"
"9,54 : 0.1253"
"54,9 : 0.1253"
"9,55 : 0.4653"
"55,9 : 0.4653"
"9,56 : 0.1924"
"56,9 : 0.1924"
"9,57 : 0.4847"
"57,9 : 0.4847"
"9,58 : 0.645"
"58,9 : 0.645"
"9,59 : 0.3081"
"59,9 : 0.3081"
"9,60 : 0.246"
"60,9 : 0.246"
"9,61 : 0.4904"
"61,9 : 0.4904"
"9,62 : 0.5057"
"62,9 : 0.5057"
"9,63 : 0.3901"
"63,9 : 0.3901"
"9,64 : 0.1476"
"64,9 : 0.1476"
"9,65 : 0.5743"
"65,9 : 0.5743"
"9,66 : 0.5304"
"66,9 : 0.5304"
"9,67 : 0.5057"
"67,9 : 0.5057"
"9,68 : 0.3513"
"68,9 : 0.3513"
"9,69 : 0.6316"
"69,9 : 0.6316"
"9,70 : 0.0412"
"70,9 : 0.0412"
"9,71 : 0.0781"
"71,9 : 0.0781"
"9,72 : 0.4652"
"72,9 : 0.4652"
"9,73 : 0.1503"
"73,9 : 0.1503"
"9,74 : 0.3373"
"74,9 : 0.3373"
"9,75 : 0.4011"
"75,9 : 0.4011"
"9,76 : 0.5385"
"76,9 : 0.5385"
"9,77 : 0.1456"
"77,9 : 0.1456"
"9,78 : 0.5284"
"78,9 : 0.5284"
"9,79 : 0.5"
"79,9 : 0.5"
"9,80 : 0.3421"
"80,9 : 0.3421"
"9,81 : 0.2941"
"81,9 : 0.2941"
"9,82 : 0.1082"
"82,9 : 0.1082"
"9,83 : 0.4211"
"83,9 : 0.4211"
"9,84 : 0.4219"
"84,9 : 0.4219"
"9,85 : 0.41"
"85,9 : 0.41"
"9,86 : 0.3636"
"86,9 : 0.3636"
"9,87 : 0.6748"
"87,9 : 0.6748"
"9,88 : 0.2452"
"88,9 : 0.2452"
"9,89 : 0.389"
"89,9 : 0.389"
"9,90 : 0.3471"
"90,9 : 0.3471"
"9,91 : 0.6297"
"91,9 : 0.6297"
"9,92 : 0.0728"
"92,9 : 0.0728"
"9,93 : 0.2532"
"93,9 : 0.2532"
"9,94 : 0.396"
"94,9 : 0.396"
"9,95 : 0.4952"
"95,9 : 0.4952"
"9,96 : 0.4776"
"96,9 : 0.4776"
"9,97 : 0.3624"
"97,9 : 0.3624"
"9,98 : 0.414"
"98,9 : 0.414"
"9,99 : 0.247"
"99,9 : 0.247"
"10,11 : 0.408"
"11,10 : 0.408"
"10,12 : 0.536"
"12,10 : 0.536"
"10,13 : 0.1421"
"13,10 : 0.1421"
"10,14 : 0.6414"
"14,10 : 0.6414"
"10,15 : 0.8393"
"15,10 : 0.8393"
"10,16 : 0.933"
"16,10 : 0.933"
"10,17 : 0.4743"
"17,10 : 0.4743"
"10,18 : 0.3202"
"18,10 : 0.3202"
"10,19 : 0.4627"
"19,10 : 0.4627"
"10,20 : 0.6297"
"20,10 : 0.6297"
"10,21 : 0.1581"
"21,10 : 0.1581"
"10,22 : 0.2081"
"22,10 : 0.2081"
"10,23 : 0.73"
"23,10 : 0.73"
"10,24 : 0.423"
"24,10 : 0.423"
"10,25 : 0.102"
"25,10 : 0.102"
"10,26 : 0.7747"
"26,10 : 0.7747"
"10,27 : 0.2693"
"27,10 : 0.2693"
"10,28 : 0.8376"
"28,10 : 0.8376"
"10,29 : 0.4319"
"29,10 : 0.4319"
"10,30 : 0.39"
"30,10 : 0.39"
"10,31 : 0.4789"
"31,10 : 0.4789"
"10,32 : 0.0894"
"32,10 : 0.0894"
"10,33 : 0.5155"
"33,10 : 0.5155"
"10,34 : 0.5029"
"34,10 : 0.5029"
"10,35 : 0.586"
"35,10 : 0.586"
"10,36 : 0.8621"
"36,10 : 0.8621"
"10,37 : 0.5758"
"37,10 : 0.5758"
"10,38 : 0.6003"
"38,10 : 0.6003"
"10,39 : 0.4031"
"39,10 : 0.4031"
"10,40 : 0.6001"
"40,10 : 0.6001"
"10,41 : 0.3441"
"41,10 : 0.3441"
"10,42 : 0.5903"
"42,10 : 0.5903"
"10,43 : 0.968"
"43,10 : 0.968"
"10,44 : 0.0566"
"44,10 : 0.0566"
"10,45 : 0.7058"
"45,10 : 0.7058"
"10,46 : 0.5148"
"46,10 : 0.5148"
"10,47 : 0.3812"
"47,10 : 0.3812"
"10,48 : 0.5608"
"48,10 : 0.5608"
"10,49 : 0.2596"
"49,10 : 0.2596"
"10,50 : 0.7793"
"50,10 : 0.7793"
"10,51 : 0.8062"
"51,10 : 0.8062"
"10,52 : 0.4919"
"52,10 : 0.4919"
"10,53 : 0.4427"
"53,10 : 0.4427"
"10,54 : 0.1942"
"54,10 : 0.1942"
"10,55 : 0.3312"
"55,10 : 0.3312"
"10,56 : 0.1166"
"56,10 : 0.1166"
"10,57 : 0.5247"
"57,10 : 0.5247"
"10,58 : 0.8477"
"58,10 : 0.8477"
"10,59 : 0.3941"
"59,10 : 0.3941"
"10,60 : 0.4623"
"60,10 : 0.4623"
"10,61 : 0.7234"
"61,10 : 0.7234"
"10,62 : 0.6031"
"62,10 : 0.6031"
"10,63 : 0.4"
"63,10 : 0.4"
"10,64 : 0.1844"
"64,10 : 0.1844"
"10,65 : 0.4079"
"65,10 : 0.4079"
"10,66 : 0.7661"
"66,10 : 0.7661"
"10,67 : 0.6031"
"67,10 : 0.6031"
"10,68 : 0.6083"
"68,10 : 0.6083"
"10,69 : 0.8493"
"69,10 : 0.8493"
"10,70 : 0.2961"
"70,10 : 0.2961"
"10,71 : 0.3324"
"71,10 : 0.3324"
"10,72 : 0.4925"
"72,10 : 0.4925"
"10,73 : 0.1281"
"73,10 : 0.1281"
"10,74 : 0.1612"
"74,10 : 0.1612"
"10,75 : 0.5471"
"75,10 : 0.5471"
"10,76 : 0.5722"
"76,10 : 0.5722"
"10,77 : 0.2214"
"77,10 : 0.2214"
"10,78 : 0.642"
"78,10 : 0.642"
"10,79 : 0.7479"
"79,10 : 0.7479"
"10,80 : 0.4308"
"80,10 : 0.4308"
"10,81 : 0.488"
"81,10 : 0.488"
"10,82 : 0.3489"
"82,10 : 0.3489"
"10,83 : 0.4134"
"83,10 : 0.4134"
"10,84 : 0.6707"
"84,10 : 0.6707"
"10,85 : 0.5412"
"85,10 : 0.5412"
"10,86 : 0.5814"
"86,10 : 0.5814"
"10,87 : 0.85"
"87,10 : 0.85"
"10,88 : 0.1204"
"88,10 : 0.1204"
"10,89 : 0.5608"
"89,10 : 0.5608"
"10,90 : 0.1603"
"90,10 : 0.1603"
"10,91 : 0.8684"
"91,10 : 0.8684"
"10,92 : 0.2012"
"92,10 : 0.2012"
"10,93 : 0.03"
"93,10 : 0.03"
"10,94 : 0.5701"
"94,10 : 0.5701"
"10,95 : 0.4245"
"95,10 : 0.4245"
"10,96 : 0.7058"
"96,10 : 0.7058"
"10,97 : 0.5536"
"97,10 : 0.5536"
"10,98 : 0.3298"
"98,10 : 0.3298"
"10,99 : 0.506"
"99,10 : 0.506"
"11,12 : 0.844"
"12,11 : 0.844"
"11,13 : 0.2816"
"13,11 : 0.2816"
"11,14 : 0.9632"
"14,11 : 0.9632"
"11,15 : 0.9621"
"15,11 : 0.9621"
"11,16 : 1.1042"
"16,11 : 1.1042"
"11,17 : 0.8823"
"17,11 : 0.8823"
"11,18 : 0.1476"
"18,11 : 0.1476"
"11,19 : 0.8529"
"19,11 : 0.8529"
"11,20 : 0.7071"
"20,11 : 0.7071"
"11,21 : 0.3002"
"21,11 : 0.3002"
"11,22 : 0.5124"
"22,11 : 0.5124"
"11,23 : 0.724"
"23,11 : 0.724"
"11,24 : 0.0762"
"24,11 : 0.0762"
"11,25 : 0.3705"
"25,11 : 0.3705"
"11,26 : 0.5954"
"26,11 : 0.5954"
"11,27 : 0.1393"
"27,11 : 0.1393"
"11,28 : 1.029"
"28,11 : 1.029"
"11,29 : 0.1649"
"29,11 : 0.1649"
"11,30 : 0.0424"
"30,11 : 0.0424"
"11,31 : 0.6888"
"31,11 : 0.6888"
"11,32 : 0.3523"
"32,11 : 0.3523"
"11,33 : 0.6629"
"33,11 : 0.6629"
"11,34 : 0.8705"
"34,11 : 0.8705"
"11,35 : 0.8902"
"35,11 : 0.8902"
"11,36 : 1.077"
"36,11 : 1.077"
"11,37 : 0.461"
"37,11 : 0.461"
"11,38 : 0.6313"
"38,11 : 0.6313"
"11,39 : 0.1887"
"39,11 : 0.1887"
"11,40 : 0.6248"
"40,11 : 0.6248"
"11,41 : 0.6748"
"41,11 : 0.6748"
"11,42 : 0.5982"
"42,11 : 0.5982"
"11,43 : 1.15"
"43,11 : 1.15"
"11,44 : 0.4588"
"44,11 : 0.4588"
"11,45 : 0.5579"
"45,11 : 0.5579"
"11,46 : 0.6946"
"46,11 : 0.6946"
"11,47 : 0.494"
"47,11 : 0.494"
"11,48 : 0.3114"
"48,11 : 0.3114"
"11,49 : 0.642"
"49,11 : 0.642"
"11,50 : 0.8262"
"50,11 : 0.8262"
"11,51 : 1.0555"
"51,11 : 1.0555"
"11,52 : 0.836"
"52,11 : 0.836"
"11,53 : 0.0361"
"53,11 : 0.0361"
"11,54 : 0.3569"
"54,11 : 0.3569"
"11,55 : 0.7354"
"55,11 : 0.7354"
"11,56 : 0.4937"
"56,11 : 0.4937"
"11,57 : 0.9114"
"57,11 : 0.9114"
"11,58 : 0.7041"
"58,11 : 0.7041"
"11,59 : 0.2561"
"59,11 : 0.2561"
"11,60 : 0.7211"
"60,11 : 0.7211"
"11,61 : 0.68"
"61,11 : 0.68"
"11,62 : 0.34"
"62,11 : 0.34"
"11,63 : 0.1389"
"63,11 : 0.1389"
"11,64 : 0.53"
"64,11 : 0.53"
"11,65 : 0.2002"
"65,11 : 0.2002"
"11,66 : 0.9775"
"66,11 : 0.9775"
"11,67 : 0.34"
"67,11 : 0.34"
"11,68 : 0.6859"
"68,11 : 0.6859"
"11,69 : 0.7404"
"69,11 : 0.7404"
"11,70 : 0.481"
"70,11 : 0.481"
"11,71 : 0.5442"
"71,11 : 0.5442"
"11,72 : 0.8828"
"72,11 : 0.8828"
"11,73 : 0.4704"
"73,11 : 0.4704"
"11,74 : 0.5665"
"74,11 : 0.5665"
"11,75 : 0.8748"
"75,11 : 0.8748"
"11,76 : 0.9625"
"76,11 : 0.9625"
"11,77 : 0.3324"
"77,11 : 0.3324"
"11,78 : 0.39"
"78,11 : 0.39"
"11,79 : 0.9266"
"79,11 : 0.9266"
"11,80 : 0.791"
"80,11 : 0.791"
"11,81 : 0.772"
"81,11 : 0.772"
"11,82 : 0.5819"
"82,11 : 0.5819"
"11,83 : 0.1077"
"83,11 : 0.1077"
"11,84 : 0.692"
"84,11 : 0.692"
"11,85 : 0.8797"
"85,11 : 0.8797"
"11,86 : 0.8338"
"86,11 : 0.8338"
"11,87 : 0.6507"
"87,11 : 0.6507"
"11,88 : 0.5217"
"88,11 : 0.5217"
"11,89 : 0.4386"
"89,11 : 0.4386"
"11,90 : 0.2642"
"90,11 : 0.2642"
"11,91 : 1.0678"
"91,11 : 1.0678"
"11,92 : 0.4837"
"92,11 : 0.4837"
"11,93 : 0.4368"
"93,11 : 0.4368"
"11,94 : 0.4478"
"94,11 : 0.4478"
"11,95 : 0.8324"
"95,11 : 0.8324"
"11,96 : 0.653"
"96,11 : 0.653"
"11,97 : 0.4701"
"97,11 : 0.4701"
"11,98 : 0.7376"
"98,11 : 0.7376"
"11,99 : 0.6573"
"99,11 : 0.6573"
"12,13 : 0.5869"
"13,12 : 0.5869"
"12,14 : 0.1204"
"14,12 : 0.1204"
"12,15 : 0.4754"
"15,12 : 0.4754"
"12,16 : 0.4826"
"16,12 : 0.4826"
"12,17 : 0.4704"
"17,12 : 0.4704"
"12,18 : 0.8194"
"18,12 : 0.8194"
"12,19 : 0.2717"
"19,12 : 0.2717"
"12,20 : 0.4386"
"20,12 : 0.4386"
"12,21 : 0.5536"
"21,12 : 0.5536"
"12,22 : 0.3444"
"22,12 : 0.3444"
"12,23 : 0.5941"
"23,12 : 0.5941"
"12,24 : 0.8919"
"24,12 : 0.8919"
"12,25 : 0.5009"
"25,12 : 0.5009"
"12,26 : 0.8365"
"26,12 : 0.8365"
"12,27 : 0.7339"
"27,12 : 0.7339"
"12,28 : 0.3812"
"28,12 : 0.3812"
"12,29 : 0.9323"
"29,12 : 0.9323"
"12,30 : 0.8081"
"30,12 : 0.8081"
"12,31 : 0.2236"
"31,12 : 0.2236"
"12,32 : 0.5277"
"32,12 : 0.5277"
"12,33 : 0.3191"
"33,12 : 0.3191"
"12,34 : 0.1772"
"34,12 : 0.1772"
"12,35 : 0.05"
"35,12 : 0.05"
"12,36 : 0.3736"
"36,12 : 0.3736"
"12,37 : 0.6673"
"37,12 : 0.6673"
"12,38 : 0.4965"
"38,12 : 0.4965"
"12,39 : 0.7211"
"39,12 : 0.7211"
"12,40 : 0.5048"
"40,12 : 0.5048"
"12,41 : 0.1921"
"41,12 : 0.1921"
"12,42 : 0.5248"
"42,12 : 0.5248"
"12,43 : 0.5001"
"43,12 : 0.5001"
"12,44 : 0.5308"
"44,12 : 0.5308"
"12,45 : 0.7603"
"45,12 : 0.7603"
"12,46 : 0.2663"
"46,12 : 0.2663"
"12,47 : 0.4045"
"47,12 : 0.4045"
"12,48 : 0.7976"
"48,12 : 0.7976"
"12,49 : 0.3081"
"49,12 : 0.3081"
"12,50 : 0.5464"
"50,12 : 0.5464"
"12,51 : 0.2907"
"51,12 : 0.2907"
"12,52 : 0.1005"
"52,12 : 0.1005"
"12,53 : 0.8688"
"53,12 : 0.8688"
"12,54 : 0.4876"
"54,12 : 0.4876"
"12,55 : 0.5"
"55,12 : 0.5"
"12,56 : 0.4201"
"56,12 : 0.4201"
"12,57 : 0.2657"
"57,12 : 0.2657"
"12,58 : 0.8382"
"58,12 : 0.8382"
"12,59 : 0.66"
"59,12 : 0.66"
"12,60 : 0.1456"
"60,12 : 0.1456"
"12,61 : 0.6403"
"61,12 : 0.6403"
"12,62 : 0.8319"
"62,12 : 0.8319"
"12,63 : 0.7543"
"63,12 : 0.7543"
"12,64 : 0.3523"
"64,12 : 0.3523"
"12,65 : 0.9214"
"65,12 : 0.9214"
"12,66 : 0.3007"
"66,12 : 0.3007"
"12,67 : 0.8319"
"67,12 : 0.8319"
"12,68 : 0.4328"
"68,12 : 0.4328"
"12,69 : 0.7951"
"69,12 : 0.7951"
"12,70 : 0.3712"
"70,12 : 0.3712"
"12,71 : 0.3102"
"71,12 : 0.3102"
"12,72 : 0.2766"
"72,12 : 0.2766"
"12,73 : 0.4134"
"73,12 : 0.4134"
"12,74 : 0.4941"
"74,12 : 0.4941"
"12,75 : 0.0566"
"75,12 : 0.0566"
"12,76 : 0.3041"
"76,12 : 0.3041"
"12,77 : 0.512"
"77,12 : 0.512"
"12,78 : 0.8417"
"78,12 : 0.8417"
"12,79 : 0.3354"
"79,12 : 0.3354"
"12,80 : 0.1628"
"80,12 : 0.1628"
"12,81 : 0.0825"
"81,12 : 0.0825"
"12,82 : 0.2702"
"82,12 : 0.2702"
"12,83 : 0.7864"
"83,12 : 0.7864"
"12,84 : 0.5315"
"84,12 : 0.5315"
"12,85 : 0.086"
"85,12 : 0.086"
"12,86 : 0.13"
"86,12 : 0.13"
"12,87 : 0.9092"
"87,12 : 0.9092"
"12,88 : 0.4384"
"88,12 : 0.4384"
"12,89 : 0.6705"
"89,12 : 0.6705"
"12,90 : 0.676"
"90,12 : 0.676"
"12,91 : 0.3962"
"91,12 : 0.3962"
"12,92 : 0.3677"
"92,12 : 0.3677"
"12,93 : 0.5122"
"93,12 : 0.5122"
"12,94 : 0.6736"
"94,12 : 0.6736"
"12,95 : 0.4305"
"95,12 : 0.4305"
"12,96 : 0.644"
"96,12 : 0.644"
"12,97 : 0.6263"
"97,12 : 0.6263"
"12,98 : 0.4148"
"98,12 : 0.4148"
"12,99 : 0.3138"
"99,12 : 0.3138"
"13,14 : 0.7023"
"14,13 : 0.7023"
"13,15 : 0.8078"
"15,13 : 0.8078"
"13,16 : 0.9231"
"16,13 : 0.9231"
"13,17 : 0.6093"
"17,13 : 0.6093"
"13,18 : 0.2326"
"18,13 : 0.2326"
"13,19 : 0.5714"
"19,13 : 0.5714"
"13,20 : 0.5738"
"20,13 : 0.5738"
"13,21 : 0.0447"
"21,13 : 0.0447"
"13,22 : 0.2435"
