x,y
0.89,0.23
0.7,0.99
0.78,0.07
0.33,0.77
0.89,0.8
0.23,0.37
0.73,0.6
0.38,0.88
0.08,0.46
0.45,0.91
0.87,0.23
0.84,0.63
0.94,0.75
0.94,1.0
0.74,0.07
0.78,0.96
0.89,0.35
0.53,0.53
0.0,0.4
0.0,0.94
0.34,0.92
0.52,0.78
0.59,0.65
0.25,0.15
0.18,0.23
0.31,0.75
0.59,0.91
0.43,0.62
0.94,0.41
0.52,1.0
0.62,0.65
0.16,0.68
0.12,0.71
0.58,0.07
0.59,0.16
0.28,0.61
0.72,0.13
0.93,0.76
0.05,0.52
0.17,0.25
0.06,0.45
0.3,0.42
0.05,0.6
0.0,0.36
0.01,0.1
0.31,0.31
0.68,0.56
0.51,0.12
0.46,0.76
0.3,0.7
0.05,0.19
0.06,0.48
0.34,0.25
0.06,0.85
0.46,0.48
0.88,0.08
0.06,0.18
0.4,0.33
0.75,0.8
0.61,0.27
0.97,0.79
0.87,0.61
0.94,0.85
0.5,0.59
0.05,0.28
0.38,0.81
0.13,0.18
0.2,0.71
0.42,0.26
0.46,0.26
0.86,0.05
0.05,0.73
0.59,0.05
0.79,0.31
0.84,0.5
0.75,0.45
0.22,0.76
0.75,0.88
0.84,0.81
0.28,0.66
0.38,0.08
0.94,0.25
0.35,0.83
0.08,0.35
0.27,0.7
0.35,0.98
0.99,0.71
0.53,0.69
0.46,0.92
0.87,0.47
0.17,0.85
0.81,0.3
0.09,0.77
0.5,0.78
0.28,0.58
0.17,0.77
0.55,0.41
0.19,0.66
0.97,0.17
0.69,0.71

Distanze
"0,1 : 0.7834"
"1,0 : 0.7834"
"0,2 : 0.1942"
"2,0 : 0.1942"
"0,3 : 0.7779"
"3,0 : 0.7779"
"0,4 : 0.57"
"4,0 : 0.57"
"0,5 : 0.6747"
"5,0 : 0.6747"
"0,6 : 0.4031"
"6,0 : 0.4031"
"0,7 : 0.8262"
"7,0 : 0.8262"
"0,8 : 0.842"
"8,0 : 0.842"
"0,9 : 0.8099"
"9,0 : 0.8099"
"0,10 : 0.02"
"10,0 : 0.02"
"0,11 : 0.4031"
"11,0 : 0.4031"
"0,12 : 0.5224"
"12,0 : 0.5224"
"0,13 : 0.7716"
"13,0 : 0.7716"
"0,14 : 0.2193"
"14,0 : 0.2193"
"0,15 : 0.7382"
"15,0 : 0.7382"
"0,16 : 0.12"
"16,0 : 0.12"
"0,17 : 0.4686"
"17,0 : 0.4686"
"0,18 : 0.9061"
"18,0 : 0.9061"
"0,19 : 1.1385"
"19,0 : 1.1385"
"0,20 : 0.8824"
"20,0 : 0.8824"
"0,21 : 0.6629"
"21,0 : 0.6629"
"0,22 : 0.5161"
"22,0 : 0.5161"
"0,23 : 0.645"
"23,0 : 0.645"
"0,24 : 0.71"
"24,0 : 0.71"
"0,25 : 0.779"
"25,0 : 0.779"
"0,26 : 0.7432"
"26,0 : 0.7432"
"0,27 : 0.6031"
"27,0 : 0.6031"
"0,28 : 0.1868"
"28,0 : 0.1868"
"0,29 : 0.8543"
"29,0 : 0.8543"
"0,30 : 0.4993"
"30,0 : 0.4993"
"0,31 : 0.8576"
"31,0 : 0.8576"
"0,32 : 0.9074"
"32,0 : 0.9074"
"0,33 : 0.3489"
"33,0 : 0.3489"
"0,34 : 0.3081"
"34,0 : 0.3081"
"0,35 : 0.7187"
"35,0 : 0.7187"
"0,36 : 0.1972"
"36,0 : 0.1972"
"0,37 : 0.5315"
"37,0 : 0.5315"
"0,38 : 0.8887"
"38,0 : 0.8887"
"0,39 : 0.7203"
"39,0 : 0.7203"
"0,40 : 0.8587"
"40,0 : 0.8587"
"0,41 : 0.6198"
"41,0 : 0.6198"
"0,42 : 0.9179"
"42,0 : 0.9179"
"0,43 : 0.8994"
"43,0 : 0.8994"
"0,44 : 0.8896"
"44,0 : 0.8896"
"0,45 : 0.5855"
"45,0 : 0.5855"
"0,46 : 0.3912"
"46,0 : 0.3912"
"0,47 : 0.3956"
"47,0 : 0.3956"
"0,48 : 0.6825"
"48,0 : 0.6825"
"0,49 : 0.7543"
"49,0 : 0.7543"
"0,50 : 0.841"
"50,0 : 0.841"
"0,51 : 0.8668"
"51,0 : 0.8668"
"0,52 : 0.5504"
"52,0 : 0.5504"
"0,53 : 1.036"
"53,0 : 1.036"
"0,54 : 0.4974"
"54,0 : 0.4974"
"0,55 : 0.1503"
"55,0 : 0.1503"
"0,56 : 0.8315"
"56,0 : 0.8315"
"0,57 : 0.5001"
"57,0 : 0.5001"
"0,58 : 0.5869"
"58,0 : 0.5869"
"0,59 : 0.2828"
"59,0 : 0.2828"
"0,60 : 0.5657"
"60,0 : 0.5657"
"0,61 : 0.3805"
"61,0 : 0.3805"
"0,62 : 0.622"
"62,0 : 0.622"
"0,63 : 0.5308"
"63,0 : 0.5308"
"0,64 : 0.8415"
"64,0 : 0.8415"
"0,65 : 0.7723"
"65,0 : 0.7723"
"0,66 : 0.7616"
"66,0 : 0.7616"
"0,67 : 0.8405"
"67,0 : 0.8405"
"0,68 : 0.471"
"68,0 : 0.471"
"0,69 : 0.431"
"69,0 : 0.431"
"0,70 : 0.1825"
"70,0 : 0.1825"
"0,71 : 0.9775"
"71,0 : 0.9775"
"0,72 : 0.3499"
"72,0 : 0.3499"
"0,73 : 0.1281"
"73,0 : 0.1281"
"0,74 : 0.2746"
"74,0 : 0.2746"
"0,75 : 0.2608"
"75,0 : 0.2608"
"0,76 : 0.8543"
"76,0 : 0.8543"
"0,77 : 0.6649"
"77,0 : 0.6649"
"0,78 : 0.5822"
"78,0 : 0.5822"
"0,79 : 0.7463"
"79,0 : 0.7463"
"0,80 : 0.5316"
"80,0 : 0.5316"
"0,81 : 0.0539"
"81,0 : 0.0539"
"0,82 : 0.8072"
"82,0 : 0.8072"
"0,83 : 0.8188"
"83,0 : 0.8188"
"0,84 : 0.778"
"84,0 : 0.778"
"0,85 : 0.9242"
"85,0 : 0.9242"
"0,86 : 0.4903"
"86,0 : 0.4903"
"0,87 : 0.5841"
"87,0 : 0.5841"
"0,88 : 0.813"
"88,0 : 0.813"
"0,89 : 0.2408"
"89,0 : 0.2408"
"0,90 : 0.9502"
"90,0 : 0.9502"
"0,91 : 0.1063"
"91,0 : 0.1063"
"0,92 : 0.9652"
"92,0 : 0.9652"
"0,93 : 0.6742"
"93,0 : 0.6742"
"0,94 : 0.7033"
"94,0 : 0.7033"
"0,95 : 0.9"
"95,0 : 0.9"
"0,96 : 0.3847"
"96,0 : 0.3847"
"0,97 : 0.8215"
"97,0 : 0.8215"
"0,98 : 0.1"
"98,0 : 0.1"
"0,99 : 0.52"
"99,0 : 0.52"
"1,2 : 0.9235"
"2,1 : 0.9235"
"1,3 : 0.4305"
"3,1 : 0.4305"
"1,4 : 0.2687"
"4,1 : 0.2687"
"1,5 : 0.778"
"5,1 : 0.778"
"1,6 : 0.3912"
"6,1 : 0.3912"
"1,7 : 0.3384"
"7,1 : 0.3384"
"1,8 : 0.8157"
"8,1 : 0.8157"
"1,9 : 0.2625"
"9,1 : 0.2625"
"1,10 : 0.7788"
"10,1 : 0.7788"
"1,11 : 0.3863"
"11,1 : 0.3863"
"1,12 : 0.3394"
"12,1 : 0.3394"
"1,13 : 0.2402"
"13,1 : 0.2402"
"1,14 : 0.9209"
"14,1 : 0.9209"
"1,15 : 0.0854"
"15,1 : 0.0854"
"1,16 : 0.6676"
"16,1 : 0.6676"
"1,17 : 0.4904"
"17,1 : 0.4904"
"1,18 : 0.9155"
"18,1 : 0.9155"
"1,19 : 0.7018"
"19,1 : 0.7018"
"1,20 : 0.3667"
"20,1 : 0.3667"
"1,21 : 0.2766"
"21,1 : 0.2766"
"1,22 : 0.3574"
"22,1 : 0.3574"
"1,23 : 0.9529"
"23,1 : 0.9529"
"1,24 : 0.9209"
"24,1 : 0.9209"
"1,25 : 0.4579"
"25,1 : 0.4579"
"1,26 : 0.136"
"26,1 : 0.136"
"1,27 : 0.458"
"27,1 : 0.458"
"1,28 : 0.6277"
"28,1 : 0.6277"
"1,29 : 0.1803"
"29,1 : 0.1803"
"1,30 : 0.3493"
"30,1 : 0.3493"
"1,31 : 0.6227"
"31,1 : 0.6227"
"1,32 : 0.644"
"32,1 : 0.644"
"1,33 : 0.9278"
"33,1 : 0.9278"
"1,34 : 0.8373"
"34,1 : 0.8373"
"1,35 : 0.5664"
"35,1 : 0.5664"
"1,36 : 0.8602"
"36,1 : 0.8602"
"1,37 : 0.3253"
"37,1 : 0.3253"
"1,38 : 0.8021"
"38,1 : 0.8021"
"1,39 : 0.9102"
"39,1 : 0.9102"
"1,40 : 0.8374"
"40,1 : 0.8374"
"1,41 : 0.6963"
"41,1 : 0.6963"
"1,42 : 0.758"
"42,1 : 0.758"
"1,43 : 0.9418"
"43,1 : 0.9418"
"1,44 : 1.1261"
"44,1 : 1.1261"
"1,45 : 0.7839"
"45,1 : 0.7839"
"1,46 : 0.4305"
"46,1 : 0.4305"
"1,47 : 0.8905"
"47,1 : 0.8905"
"1,48 : 0.3324"
"48,1 : 0.3324"
"1,49 : 0.4941"
"49,1 : 0.4941"
"1,50 : 1.0308"
"50,1 : 1.0308"
"1,51 : 0.8184"
"51,1 : 0.8184"
"1,52 : 0.8229"
"52,1 : 0.8229"
"1,53 : 0.6551"
"53,1 : 0.6551"
"1,54 : 0.5636"
"54,1 : 0.5636"
"1,55 : 0.9276"
"55,1 : 0.9276"
"1,56 : 1.0323"
"56,1 : 1.0323"
"1,57 : 0.725"
"57,1 : 0.725"
"1,58 : 0.1965"
"58,1 : 0.1965"
"1,59 : 0.7256"
"59,1 : 0.7256"
"1,60 : 0.336"
"60,1 : 0.336"
"1,61 : 0.4163"
"61,1 : 0.4163"
"1,62 : 0.2778"
"62,1 : 0.2778"
"1,63 : 0.4472"
"63,1 : 0.4472"
"1,64 : 0.9626"
"64,1 : 0.9626"
"1,65 : 0.3672"
"65,1 : 0.3672"
"1,66 : 0.9905"
"66,1 : 0.9905"
"1,67 : 0.5731"
"67,1 : 0.5731"
"1,68 : 0.7819"
"68,1 : 0.7819"
"1,69 : 0.7684"
"69,1 : 0.7684"
"1,70 : 0.9535"
"70,1 : 0.9535"
"1,71 : 0.7001"
"71,1 : 0.7001"
"1,72 : 0.9464"
"72,1 : 0.9464"
"1,73 : 0.6859"
"73,1 : 0.6859"
"1,74 : 0.5096"
"74,1 : 0.5096"
"1,75 : 0.5423"
"75,1 : 0.5423"
"1,76 : 0.5323"
"76,1 : 0.5323"
"1,77 : 0.1208"
"77,1 : 0.1208"
"1,78 : 0.228"
"78,1 : 0.228"
"1,79 : 0.5341"
"79,1 : 0.5341"
"1,80 : 0.9646"
"80,1 : 0.9646"
"1,81 : 0.7779"
"81,1 : 0.7779"
"1,82 : 0.3848"
"82,1 : 0.3848"
"1,83 : 0.8911"
"83,1 : 0.8911"
"1,84 : 0.5187"
"84,1 : 0.5187"
"1,85 : 0.3501"
"85,1 : 0.3501"
"1,86 : 0.4031"
"86,1 : 0.4031"
"1,87 : 0.3448"
"87,1 : 0.3448"
"1,88 : 0.25"
"88,1 : 0.25"
"1,89 : 0.5471"
"89,1 : 0.5471"
"1,90 : 0.5482"
"90,1 : 0.5482"
"1,91 : 0.6987"
"91,1 : 0.6987"
"1,92 : 0.6485"
"92,1 : 0.6485"
"1,93 : 0.29"
"93,1 : 0.29"
"1,94 : 0.5869"
"94,1 : 0.5869"
"1,95 : 0.5738"
"95,1 : 0.5738"
"1,96 : 0.5991"
"96,1 : 0.5991"
"1,97 : 0.6075"
"97,1 : 0.6075"
"1,98 : 0.8633"
"98,1 : 0.8633"
"1,99 : 0.2802"
"99,1 : 0.2802"
"2,3 : 0.8322"
"3,2 : 0.8322"
"2,4 : 0.7382"
"4,2 : 0.7382"
"2,5 : 0.6265"
"5,2 : 0.6265"
"2,6 : 0.5324"
"6,2 : 0.5324"
"2,7 : 0.9034"
"7,2 : 0.9034"
"2,8 : 0.8013"
"8,2 : 0.8013"
"2,9 : 0.9025"
"9,2 : 0.9025"
"2,10 : 0.1836"
"10,2 : 0.1836"
"2,11 : 0.5632"
"11,2 : 0.5632"
"2,12 : 0.6986"
"12,2 : 0.6986"
"2,13 : 0.9437"
"13,2 : 0.9437"
"2,14 : 0.04"
"14,2 : 0.04"
"2,15 : 0.89"
"15,2 : 0.89"
"2,16 : 0.3008"
"16,2 : 0.3008"
"2,17 : 0.5235"
"17,2 : 0.5235"
"2,18 : 0.8469"
"18,2 : 0.8469"
"2,19 : 1.1685"
"19,2 : 1.1685"
"2,20 : 0.9571"
"20,2 : 0.9571"
"2,21 : 0.7561"
"21,2 : 0.7561"
"2,22 : 0.6103"
"22,2 : 0.6103"
"2,23 : 0.536"
"23,2 : 0.536"
"2,24 : 0.621"
"24,2 : 0.621"
"2,25 : 0.8266"
"25,2 : 0.8266"
"2,26 : 0.8612"
"26,2 : 0.8612"
"2,27 : 0.6519"
"27,2 : 0.6519"
"2,28 : 0.3758"
"28,2 : 0.3758"
"2,29 : 0.9657"
"29,2 : 0.9657"
"2,30 : 0.6017"
"30,2 : 0.6017"
"2,31 : 0.8698"
"31,2 : 0.8698"
"2,32 : 0.9193"
"32,2 : 0.9193"
"2,33 : 0.2"
"33,2 : 0.2"
"2,34 : 0.2102"
"34,2 : 0.2102"
"2,35 : 0.7359"
"35,2 : 0.7359"
"2,36 : 0.0849"
"36,2 : 0.0849"
"2,37 : 0.7061"
"37,2 : 0.7061"
"2,38 : 0.8576"
"38,2 : 0.8576"
"2,39 : 0.636"
"39,2 : 0.636"
"2,40 : 0.8141"
"40,2 : 0.8141"
"2,41 : 0.5941"
"41,2 : 0.5941"
"2,42 : 0.9021"
"42,2 : 0.9021"
"2,43 : 0.8322"
"43,2 : 0.8322"
"2,44 : 0.7706"
"44,2 : 0.7706"
"2,45 : 0.5277"
"45,2 : 0.5277"
"2,46 : 0.5001"
"46,2 : 0.5001"
"2,47 : 0.2746"
"47,2 : 0.2746"
"2,48 : 0.7606"
"48,2 : 0.7606"
"2,49 : 0.792"
"49,2 : 0.792"
"2,50 : 0.7398"
"50,2 : 0.7398"
"2,51 : 0.8286"
"51,2 : 0.8286"
"2,52 : 0.4754"
"52,2 : 0.4754"
"2,53 : 1.0615"
"53,2 : 1.0615"
"2,54 : 0.5201"
"54,2 : 0.5201"
"2,55 : 0.1005"
"55,2 : 0.1005"
"2,56 : 0.7284"
"56,2 : 0.7284"
"2,57 : 0.4604"
"57,2 : 0.4604"
"2,58 : 0.7306"
"58,2 : 0.7306"
"2,59 : 0.2625"
"59,2 : 0.2625"
"2,60 : 0.7446"
"60,2 : 0.7446"
"2,61 : 0.5474"
"61,2 : 0.5474"
"2,62 : 0.7962"
"62,2 : 0.7962"
"2,63 : 0.5906"
"63,2 : 0.5906"
"2,64 : 0.7596"
"64,2 : 0.7596"
"2,65 : 0.8412"
"65,2 : 0.8412"
"2,66 : 0.6592"
"66,2 : 0.6592"
"2,67 : 0.8637"
"67,2 : 0.8637"
"2,68 : 0.4071"
"68,2 : 0.4071"
"2,69 : 0.3722"
"69,2 : 0.3722"
"2,70 : 0.0825"
"70,2 : 0.0825"
"2,71 : 0.9841"
"71,2 : 0.9841"
"2,72 : 0.191"
"72,2 : 0.191"
"2,73 : 0.2402"
"73,2 : 0.2402"
"2,74 : 0.4342"
"74,2 : 0.4342"
"2,75 : 0.3812"
"75,2 : 0.3812"
"2,76 : 0.8887"
"76,2 : 0.8887"
"2,77 : 0.8106"
"77,2 : 0.8106"
"2,78 : 0.7424"
"78,2 : 0.7424"
"2,79 : 0.7734"
"79,2 : 0.7734"
"2,80 : 0.4001"
"80,2 : 0.4001"
"2,81 : 0.2408"
"81,2 : 0.2408"
"2,82 : 0.8732"
"82,2 : 0.8732"
"2,83 : 0.7539"
"83,2 : 0.7539"
"2,84 : 0.8106"
"84,2 : 0.8106"
"2,85 : 1.0065"
"85,2 : 1.0065"
"2,86 : 0.6736"
"86,2 : 0.6736"
"2,87 : 0.6685"
"87,2 : 0.6685"
"2,88 : 0.9082"
"88,2 : 0.9082"
"2,89 : 0.41"
"89,2 : 0.41"
"2,90 : 0.9902"
"90,2 : 0.9902"
"2,91 : 0.2319"
"91,2 : 0.2319"
"2,92 : 0.9829"
"92,2 : 0.9829"
"2,93 : 0.7632"
"93,2 : 0.7632"
"2,94 : 0.7142"
"94,2 : 0.7142"
"2,95 : 0.9285"
"95,2 : 0.9285"
"2,96 : 0.4105"
"96,2 : 0.4105"
"2,97 : 0.8344"
"97,2 : 0.8344"
"2,98 : 0.2147"
"98,2 : 0.2147"
"2,99 : 0.6463"
"99,2 : 0.6463"
"3,4 : 0.5608"
"4,3 : 0.5608"
"3,5 : 0.4123"
"5,3 : 0.4123"
"3,6 : 0.4346"
"6,3 : 0.4346"
"3,7 : 0.1208"
"7,3 : 0.1208"
"3,8 : 0.3982"
"8,3 : 0.3982"
"3,9 : 0.1844"
"9,3 : 0.1844"
"3,10 : 0.7637"
"10,3 : 0.7637"
"3,11 : 0.5289"
"11,3 : 0.5289"
"3,12 : 0.6103"
"12,3 : 0.6103"
"3,13 : 0.6519"
"13,3 : 0.6519"
"3,14 : 0.8112"
"14,3 : 0.8112"
"3,15 : 0.4885"
"15,3 : 0.4885"
"3,16 : 0.7"
"16,3 : 0.7"
"3,17 : 0.3124"
"17,3 : 0.3124"
"3,18 : 0.4958"
"18,3 : 0.4958"
"3,19 : 0.3712"
"19,3 : 0.3712"
"3,20 : 0.1503"
"20,3 : 0.1503"
"3,21 : 0.1903"
"21,3 : 0.1903"
"3,22 : 0.2864"
"22,3 : 0.2864"
"3,23 : 0.6251"
"23,3 : 0.6251"
"3,24 : 0.5604"
"24,3 : 0.5604"
"3,25 : 0.0283"
"25,3 : 0.0283"
"3,26 : 0.2953"
"26,3 : 0.2953"
"3,27 : 0.1803"
"27,3 : 0.1803"
"3,28 : 0.7083"
"28,3 : 0.7083"
"3,29 : 0.2983"
"29,3 : 0.2983"
"3,30 : 0.3138"
"30,3 : 0.3138"
"3,31 : 0.1924"
"31,3 : 0.1924"
"3,32 : 0.2184"
"32,3 : 0.2184"
"3,33 : 0.7433"
"33,3 : 0.7433"
"3,34 : 0.6631"
"34,3 : 0.6631"
"3,35 : 0.1676"
"35,3 : 0.1676"
"3,36 : 0.7495"
"36,3 : 0.7495"
"3,37 : 0.6001"
"37,3 : 0.6001"
"3,38 : 0.3754"
"38,3 : 0.3754"
"3,39 : 0.5441"
"39,3 : 0.5441"
"3,40 : 0.4187"
"40,3 : 0.4187"
"3,41 : 0.3513"
"41,3 : 0.3513"
"3,42 : 0.3276"
"42,3 : 0.3276"
"3,43 : 0.5263"
"43,3 : 0.5263"
"3,44 : 0.7425"
"44,3 : 0.7425"
"3,45 : 0.4604"
"45,3 : 0.4604"
"3,46 : 0.4082"
"46,3 : 0.4082"
"3,47 : 0.6745"
"47,3 : 0.6745"
"3,48 : 0.1304"
"48,3 : 0.1304"
"3,49 : 0.0762"
"49,3 : 0.0762"
"3,50 : 0.644"
"50,3 : 0.644"
"3,51 : 0.3962"
"51,3 : 0.3962"
"3,52 : 0.5201"
"52,3 : 0.5201"
"3,53 : 0.2816"
"53,3 : 0.2816"
"3,54 : 0.3178"
"54,3 : 0.3178"
"3,55 : 0.8824"
"55,3 : 0.8824"
"3,56 : 0.6488"
"56,3 : 0.6488"
"3,57 : 0.4455"
"57,3 : 0.4455"
"3,58 : 0.4211"
"58,3 : 0.4211"
"3,59 : 0.5731"
"59,3 : 0.5731"
"3,60 : 0.6403"
"60,3 : 0.6403"
"3,61 : 0.5632"
"61,3 : 0.5632"
"3,62 : 0.6152"
"62,3 : 0.6152"
"3,63 : 0.2476"
"63,3 : 0.2476"
"3,64 : 0.5644"
"64,3 : 0.5644"
"3,65 : 0.064"
"65,3 : 0.064"
"3,66 : 0.623"
"66,3 : 0.623"
"3,67 : 0.1432"
"67,3 : 0.1432"
"3,68 : 0.5179"
"68,3 : 0.5179"
"3,69 : 0.5263"
"69,3 : 0.5263"
"3,70 : 0.894"
"70,3 : 0.894"
"3,71 : 0.2828"
"71,3 : 0.2828"
"3,72 : 0.7655"
"72,3 : 0.7655"
"3,73 : 0.6505"
"73,3 : 0.6505"
"3,74 : 0.5771"
"74,3 : 0.5771"
"3,75 : 0.528"
"75,3 : 0.528"
"3,76 : 0.1105"
"76,3 : 0.1105"
"3,77 : 0.4342"
"77,3 : 0.4342"
"3,78 : 0.5116"
"78,3 : 0.5116"
"3,79 : 0.1208"
"79,3 : 0.1208"
"3,80 : 0.6918"
"80,3 : 0.6918"
"3,81 : 0.8016"
"81,3 : 0.8016"
"3,82 : 0.0632"
"82,3 : 0.0632"
"3,83 : 0.4888"
"83,3 : 0.4888"
"3,84 : 0.0922"
"84,3 : 0.0922"
"3,85 : 0.211"
"85,3 : 0.211"
"3,86 : 0.6627"
"86,3 : 0.6627"
"3,87 : 0.2154"
"87,3 : 0.2154"
"3,88 : 0.1985"
"88,3 : 0.1985"
"3,89 : 0.6177"
"89,3 : 0.6177"
"3,90 : 0.1789"
"90,3 : 0.1789"
"3,91 : 0.6718"
"91,3 : 0.6718"
"3,92 : 0.24"
"92,3 : 0.24"
"3,93 : 0.1703"
"93,3 : 0.1703"
"3,94 : 0.1965"
"94,3 : 0.1965"
"3,95 : 0.16"
"95,3 : 0.16"
"3,96 : 0.4219"
"96,3 : 0.4219"
"3,97 : 0.178"
"97,3 : 0.178"
"3,98 : 0.8773"
"98,3 : 0.8773"
"3,99 : 0.365"
"99,3 : 0.365"
"4,5 : 0.7877"
"5,4 : 0.7877"
"4,6 : 0.2561"
"6,4 : 0.2561"
"4,7 : 0.5162"
"7,4 : 0.5162"
"4,8 : 0.8785"
"8,4 : 0.8785"
"4,9 : 0.4535"
"9,4 : 0.4535"
"4,10 : 0.5704"
"10,4 : 0.5704"
"4,11 : 0.1772"
"11,4 : 0.1772"
"4,12 : 0.0707"
"12,4 : 0.0707"
"4,13 : 0.2062"
"13,4 : 0.2062"
"4,14 : 0.7453"
"14,4 : 0.7453"
"4,15 : 0.1942"
"15,4 : 0.1942"
"4,16 : 0.45"
"16,4 : 0.45"
"4,17 : 0.45"
"17,4 : 0.45"
"4,18 : 0.9758"
"18,4 : 0.9758"
"4,19 : 0.9009"
"19,4 : 0.9009"
"4,20 : 0.5629"
"20,4 : 0.5629"
"4,21 : 0.3705"
"21,4 : 0.3705"
"4,22 : 0.3354"
"22,4 : 0.3354"
"4,23 : 0.9122"
"23,4 : 0.9122"
"4,24 : 0.9105"
"24,4 : 0.9105"
"4,25 : 0.5822"
"25,4 : 0.5822"
"4,26 : 0.3195"
"26,4 : 0.3195"
"4,27 : 0.494"
"27,4 : 0.494"
"4,28 : 0.3932"
"28,4 : 0.3932"
"4,29 : 0.4206"
"29,4 : 0.4206"
"4,30 : 0.3089"
"30,4 : 0.3089"
"4,31 : 0.7398"
"31,4 : 0.7398"
"4,32 : 0.7752"
"32,4 : 0.7752"
"4,33 : 0.7931"
"33,4 : 0.7931"
"4,34 : 0.7068"
"34,4 : 0.7068"
"4,35 : 0.6389"
"35,4 : 0.6389"
"4,36 : 0.6912"
"36,4 : 0.6912"
"4,37 : 0.0566"
"37,4 : 0.0566"
"4,38 : 0.8854"
"38,4 : 0.8854"
"4,39 : 0.906"
"39,4 : 0.906"
"4,40 : 0.9008"
"40,4 : 0.9008"
"4,41 : 0.7018"
"41,4 : 0.7018"
"4,42 : 0.8635"
"42,4 : 0.8635"
"4,43 : 0.9928"
"43,4 : 0.9928"
"4,44 : 1.1245"
"44,4 : 1.1245"
"4,45 : 0.7593"
"45,4 : 0.7593"
"4,46 : 0.3189"
"46,4 : 0.3189"
"4,47 : 0.779"
"47,4 : 0.779"
"4,48 : 0.4319"
"48,4 : 0.4319"
"4,49 : 0.5984"
"49,4 : 0.5984"
"4,50 : 1.0381"
"50,4 : 1.0381"
"4,51 : 0.8896"
"51,4 : 0.8896"
"4,52 : 0.7778"
"52,4 : 0.7778"
"4,53 : 0.8315"
"53,4 : 0.8315"
"4,54 : 0.536"
"54,4 : 0.536"
"4,55 : 0.7201"
"55,4 : 0.7201"
"4,56 : 1.036"
"56,4 : 1.036"
"4,57 : 0.679"
"57,4 : 0.679"
"4,58 : 0.14"
"58,4 : 0.14"
"4,59 : 0.5994"
"59,4 : 0.5994"
"4,60 : 0.0806"
"60,4 : 0.0806"
"4,61 : 0.191"
"61,4 : 0.191"
"4,62 : 0.0707"
"62,4 : 0.0707"
"4,63 : 0.4429"
"63,4 : 0.4429"
"4,64 : 0.9879"
"64,4 : 0.9879"
"4,65 : 0.5101"
"65,4 : 0.5101"
"4,66 : 0.9808"
"66,4 : 0.9808"
"4,67 : 0.6958"
"67,4 : 0.6958"
"4,68 : 0.7159"
"68,4 : 0.7159"
"4,69 : 0.6903"
"69,4 : 0.6903"
"4,70 : 0.7506"
"70,4 : 0.7506"
"4,71 : 0.8429"
"71,4 : 0.8429"
"4,72 : 0.8078"
"72,4 : 0.8078"
"4,73 : 0.5001"
"73,4 : 0.5001"
"4,74 : 0.3041"
"74,4 : 0.3041"
"4,75 : 0.377"
"75,4 : 0.377"
"4,76 : 0.6712"
"76,4 : 0.6712"
"4,77 : 0.1612"
"77,4 : 0.1612"
"4,78 : 0.051"
"78,4 : 0.051"
"4,79 : 0.6259"
"79,4 : 0.6259"
"4,80 : 0.8823"
"80,4 : 0.8823"
"4,81 : 0.5523"
"81,4 : 0.5523"
"4,82 : 0.5408"
"82,4 : 0.5408"
"4,83 : 0.9266"
"83,4 : 0.9266"
"4,84 : 0.628"
"84,4 : 0.628"
"4,85 : 0.5692"
"85,4 : 0.5692"
"4,86 : 0.1345"
"86,4 : 0.1345"
"4,87 : 0.3764"
"87,4 : 0.3764"
"4,88 : 0.4464"
"88,4 : 0.4464"
"4,89 : 0.3306"
"89,4 : 0.3306"
"4,90 : 0.7217"
"90,4 : 0.7217"
"4,91 : 0.5064"
"91,4 : 0.5064"
"4,92 : 0.8006"
"92,4 : 0.8006"
"4,93 : 0.3905"
"93,4 : 0.3905"
"4,94 : 0.6485"
"94,4 : 0.6485"
"4,95 : 0.7206"
"95,4 : 0.7206"
"4,96 : 0.5174"
"96,4 : 0.5174"
"4,97 : 0.7139"
"97,4 : 0.7139"
"4,98 : 0.6351"
"98,4 : 0.6351"
"4,99 : 0.2193"
"99,4 : 0.2193"
"5,6 : 0.5504"
"6,5 : 0.5504"
"5,7 : 0.5316"
"7,5 : 0.5316"
"5,8 : 0.1749"
"8,5 : 0.1749"
"5,9 : 0.5831"
"9,5 : 0.5831"
"5,10 : 0.6551"
"10,5 : 0.6551"
"5,11 : 0.6631"
"11,5 : 0.6631"
"5,12 : 0.8053"
"12,5 : 0.8053"
"5,13 : 0.9492"
"13,5 : 0.9492"
"5,14 : 0.5917"
"14,5 : 0.5917"
"5,15 : 0.8066"
"15,5 : 0.8066"
"5,16 : 0.6603"
"16,5 : 0.6603"
"5,17 : 0.34"
"17,5 : 0.34"
"5,18 : 0.2319"
"18,5 : 0.2319"
"5,19 : 0.6147"
"19,5 : 0.6147"
"5,20 : 0.5609"
"20,5 : 0.5609"
"5,21 : 0.5022"
"21,5 : 0.5022"
"5,22 : 0.4561"
"22,5 : 0.4561"
"5,23 : 0.2209"
"23,5 : 0.2209"
"5,24 : 0.1487"
"24,5 : 0.1487"
"5,25 : 0.3883"
"25,5 : 0.3883"
"5,26 : 0.649"
"26,5 : 0.649"
"5,27 : 0.3202"
"27,5 : 0.3202"
"5,28 : 0.7111"
"28,5 : 0.7111"
"5,29 : 0.6935"
"29,5 : 0.6935"
"5,30 : 0.4801"
"30,5 : 0.4801"
"5,31 : 0.3178"
"31,5 : 0.3178"
"5,32 : 0.3574"
"32,5 : 0.3574"
"5,33 : 0.461"
"33,5 : 0.461"
"5,34 : 0.4168"
"34,5 : 0.4168"
"5,35 : 0.2452"
"35,5 : 0.2452"
"5,36 : 0.5456"
"36,5 : 0.5456"
"5,37 : 0.8013"
"37,5 : 0.8013"
"5,38 : 0.2343"
"38,5 : 0.2343"
"5,39 : 0.1342"
"39,5 : 0.1342"
"5,40 : 0.1879"
"40,5 : 0.1879"
"5,41 : 0.086"
"41,5 : 0.086"
"5,42 : 0.2921"
"42,5 : 0.2921"
"5,43 : 0.2302"
"43,5 : 0.2302"
"5,44 : 0.3483"
"44,5 : 0.3483"
"5,45 : 0.1"
"45,5 : 0.1"
"5,46 : 0.4885"
"46,5 : 0.4885"
"5,47 : 0.3754"
"47,5 : 0.3754"
"5,48 : 0.4528"
"48,5 : 0.4528"
"5,49 : 0.3373"
"49,5 : 0.3373"
"5,50 : 0.2546"
"50,5 : 0.2546"
"5,51 : 0.2025"
"51,5 : 0.2025"
"5,52 : 0.1628"
"52,5 : 0.1628"
"5,53 : 0.5092"
"53,5 : 0.5092"
"5,54 : 0.255"
"54,5 : 0.255"
"5,55 : 0.7118"
"55,5 : 0.7118"
"5,56 : 0.255"
"56,5 : 0.255"
"5,57 : 0.1746"
"57,5 : 0.1746"
"5,58 : 0.6748"
"58,5 : 0.6748"
"5,59 : 0.3929"
"59,5 : 0.3929"
"5,60 : 0.8509"
"60,5 : 0.8509"
"5,61 : 0.6835"
"61,5 : 0.6835"
"5,62 : 0.857"
"62,5 : 0.857"
"5,63 : 0.3483"
"63,5 : 0.3483"
"5,64 : 0.2012"
"64,5 : 0.2012"
"5,65 : 0.4649"
"65,5 : 0.4649"
"5,66 : 0.2147"
"66,5 : 0.2147"
"5,67 : 0.3413"
"67,5 : 0.3413"
"5,68 : 0.2195"
"68,5 : 0.2195"
"5,69 : 0.255"
"69,5 : 0.255"
"5,70 : 0.7066"
"70,5 : 0.7066"
"5,71 : 0.4025"
"71,5 : 0.4025"
"5,72 : 0.4817"
"72,5 : 0.4817"
"5,73 : 0.5632"
"73,5 : 0.5632"
"5,74 : 0.6237"
"74,5 : 0.6237"
"5,75 : 0.5261"
"75,5 : 0.5261"
"5,76 : 0.3901"
"76,5 : 0.3901"
"5,77 : 0.7284"
"77,5 : 0.7284"
"5,78 : 0.7521"
"78,5 : 0.7521"
"5,79 : 0.2943"
"79,5 : 0.2943"
"5,80 : 0.3265"
"80,5 : 0.3265"
"5,81 : 0.7201"
"81,5 : 0.7201"
"5,82 : 0.4754"
"82,5 : 0.4754"
"5,83 : 0.1513"
"83,5 : 0.1513"
"5,84 : 0.3324"
"84,5 : 0.3324"
"5,85 : 0.6217"
"85,5 : 0.6217"
"5,86 : 0.8326"
"86,5 : 0.8326"
"5,87 : 0.4386"
"87,5 : 0.4386"
"5,88 : 0.5962"
"88,5 : 0.5962"
"5,89 : 0.6478"
"89,5 : 0.6478"
"5,90 : 0.4837"
"90,5 : 0.4837"
"5,91 : 0.5842"
"91,5 : 0.5842"
"5,92 : 0.4238"
"92,5 : 0.4238"
"5,93 : 0.4909"
"93,5 : 0.4909"
"5,94 : 0.2159"
"94,5 : 0.2159"
"5,95 : 0.4045"
"95,5 : 0.4045"
"5,96 : 0.3225"
"96,5 : 0.3225"
"5,97 : 0.2927"
"97,5 : 0.2927"
"5,98 : 0.7666"
"98,5 : 0.7666"
"5,99 : 0.572"
"99,5 : 0.572"
"6,7 : 0.4482"
"7,6 : 0.4482"
"6,8 : 0.6649"
"8,6 : 0.6649"
"6,9 : 0.4177"
"9,6 : 0.4177"
"6,10 : 0.3956"
"10,6 : 0.3956"
"6,11 : 0.114"
"11,6 : 0.114"
"6,12 : 0.2581"
"12,6 : 0.2581"
"6,13 : 0.4518"
"13,6 : 0.4518"
"6,14 : 0.5301"
"14,6 : 0.5301"
"6,15 : 0.3635"
"15,6 : 0.3635"
"6,16 : 0.2968"
"16,6 : 0.2968"
"6,17 : 0.2119"
"17,6 : 0.2119"
"6,18 : 0.7569"
"18,6 : 0.7569"
"6,19 : 0.8053"
"19,6 : 0.8053"
"6,20 : 0.5045"
"20,6 : 0.5045"
"6,21 : 0.2766"
"21,6 : 0.2766"
"6,22 : 0.1487"
"22,6 : 0.1487"
"6,23 : 0.658"
"23,6 : 0.658"
"6,24 : 0.6629"
"24,6 : 0.6629"
"6,25 : 0.446"
"25,6 : 0.446"
"6,26 : 0.3401"
"26,6 : 0.3401"
"6,27 : 0.3007"
"27,6 : 0.3007"
"6,28 : 0.2832"
"28,6 : 0.2832"
"6,29 : 0.4518"
"29,6 : 0.4518"
"6,30 : 0.1208"
"30,6 : 0.1208"
"6,31 : 0.5756"
"31,6 : 0.5756"
"6,32 : 0.6198"
"32,6 : 0.6198"
"6,33 : 0.5508"
"33,6 : 0.5508"
"6,34 : 0.4617"
"34,6 : 0.4617"
"6,35 : 0.4501"
"35,6 : 0.4501"
"6,36 : 0.4701"
"36,6 : 0.4701"
"6,37 : 0.2561"
"37,6 : 0.2561"
"6,38 : 0.6847"
"38,6 : 0.6847"
"6,39 : 0.6604"
"39,6 : 0.6604"
"6,40 : 0.6866"
"40,6 : 0.6866"
"6,41 : 0.4662"
"41,6 : 0.4662"
"6,42 : 0.68"
"42,6 : 0.68"
"6,43 : 0.7684"
"43,6 : 0.7684"
"6,44 : 0.8766"
"44,6 : 0.8766"
"6,45 : 0.5104"
"45,6 : 0.5104"
"6,46 : 0.064"
"46,6 : 0.064"
"6,47 : 0.528"
"47,6 : 0.528"
"6,48 : 0.3138"
"48,6 : 0.3138"
"6,49 : 0.4415"
"49,6 : 0.4415"
"6,50 : 0.794"
"50,6 : 0.794"
"6,51 : 0.6807"
"51,6 : 0.6807"
"6,52 : 0.524"
"52,6 : 0.524"
"6,53 : 0.7151"
"53,6 : 0.7151"
"6,54 : 0.2955"
"54,6 : 0.2955"
"6,55 : 0.5412"
"55,6 : 0.5412"
"6,56 : 0.7908"
"56,6 : 0.7908"
"6,57 : 0.4264"
"57,6 : 0.4264"
"6,58 : 0.201"
"58,6 : 0.201"
"6,59 : 0.3511"
"59,6 : 0.3511"
"6,60 : 0.3061"
"60,6 : 0.3061"
"6,61 : 0.1404"
"61,6 : 0.1404"
"6,62 : 0.3265"
"62,6 : 0.3265"
"6,63 : 0.2302"
"63,6 : 0.2302"
"6,64 : 0.7515"
"64,6 : 0.7515"
"6,65 : 0.4082"
"65,6 : 0.4082"
"6,66 : 0.7324"
"66,6 : 0.7324"
"6,67 : 0.5413"
"67,6 : 0.5413"
"6,68 : 0.4601"
"68,6 : 0.4601"
"6,69 : 0.4342"
"69,6 : 0.4342"
"6,70 : 0.5652"
"70,6 : 0.5652"
"6,71 : 0.6923"
"71,6 : 0.6923"
"6,72 : 0.5675"
"72,6 : 0.5675"
"6,73 : 0.2961"
"73,6 : 0.2961"
"6,74 : 0.1487"
"74,6 : 0.1487"
"6,75 : 0.1513"
"75,6 : 0.1513"
"6,76 : 0.5345"
"76,6 : 0.5345"
"6,77 : 0.2807"
"77,6 : 0.2807"
"6,78 : 0.2371"
"78,6 : 0.2371"
"6,79 : 0.454"
"79,6 : 0.454"
"6,80 : 0.6268"
"80,6 : 0.6268"
"6,81 : 0.4082"
"81,6 : 0.4082"
"6,82 : 0.4442"
"82,6 : 0.4442"
"6,83 : 0.6964"
"83,6 : 0.6964"
"6,84 : 0.4707"
"84,6 : 0.4707"
"6,85 : 0.5374"
"85,6 : 0.5374"
"6,86 : 0.2823"
"86,6 : 0.2823"
"6,87 : 0.2193"
"87,6 : 0.2193"
"6,88 : 0.4187"
"88,6 : 0.4187"
"6,89 : 0.191"
"89,6 : 0.191"
"6,90 : 0.6133"
"90,6 : 0.6133"
"6,91 : 0.3105"
"91,6 : 0.3105"
"6,92 : 0.6622"
"92,6 : 0.6622"
"6,93 : 0.2921"
"93,6 : 0.2921"
"6,94 : 0.4504"
"94,6 : 0.4504"
"6,95 : 0.5852"
"95,6 : 0.5852"
"6,96 : 0.2617"
"96,6 : 0.2617"
"6,97 : 0.5433"
"97,6 : 0.5433"
"6,98 : 0.4924"
"98,6 : 0.4924"
"6,99 : 0.117"
"99,6 : 0.117"
"7,8 : 0.5161"
"8,7 : 0.5161"
"7,9 : 0.0762"
"9,7 : 0.0762"
"7,10 : 0.814"
"10,7 : 0.814"
"7,11 : 0.5235"
"11,7 : 0.5235"
"7,12 : 0.5749"
"12,7 : 0.5749"
"7,13 : 0.5727"
"13,7 : 0.5727"
"7,14 : 0.8864"
"14,7 : 0.8864"
"7,15 : 0.4079"
"15,7 : 0.4079"
"7,16 : 0.7355"
"16,7 : 0.7355"
"7,17 : 0.3808"
"17,7 : 0.3808"
"7,18 : 0.6122"
"18,7 : 0.6122"
"7,19 : 0.3847"
"19,7 : 0.3847"
"7,20 : 0.0566"
"20,7 : 0.0566"
"7,21 : 0.172"
"21,7 : 0.172"
"7,22 : 0.3114"
"22,7 : 0.3114"
"7,23 : 0.7415"
"23,7 : 0.7415"
"7,24 : 0.6801"
"24,7 : 0.6801"
"7,25 : 0.1476"
"25,7 : 0.1476"
"7,26 : 0.2121"
"26,7 : 0.2121"
"7,27 : 0.2648"
"27,7 : 0.2648"
"7,28 : 0.7311"
"28,7 : 0.7311"
"7,29 : 0.1844"
"29,7 : 0.1844"
"7,30 : 0.3324"
"30,7 : 0.3324"
"7,31 : 0.2973"
"31,7 : 0.2973"
"7,32 : 0.3106"
"32,7 : 0.3106"
"7,33 : 0.8343"
"33,7 : 0.8343"
"7,34 : 0.75"
"34,7 : 0.75"
"7,35 : 0.2879"
"35,7 : 0.2879"
"7,36 : 0.8235"
"36,7 : 0.8235"
"7,37 : 0.5629"
"37,7 : 0.5629"
"7,38 : 0.4884"
"38,7 : 0.4884"
"7,39 : 0.6641"
"39,7 : 0.6641"
"7,40 : 0.536"
"40,7 : 0.536"
"7,41 : 0.4669"
"41,7 : 0.4669"
"7,42 : 0.4328"
"42,7 : 0.4328"
"7,43 : 0.644"
"43,7 : 0.644"
"7,44 : 0.8633"
"44,7 : 0.8633"
"7,45 : 0.5743"
"45,7 : 0.5743"
"7,46 : 0.4386"
"46,7 : 0.4386"
"7,47 : 0.771"
"47,7 : 0.771"
"7,48 : 0.1442"
"48,7 : 0.1442"
"7,49 : 0.197"
"49,7 : 0.197"
"7,50 : 0.7649"
"50,7 : 0.7649"
"7,51 : 0.5122"
"51,7 : 0.5122"
"7,52 : 0.6313"
"52,7 : 0.6313"
"7,53 : 0.3214"
"53,7 : 0.3214"
"7,54 : 0.4079"
"54,7 : 0.4079"
"7,55 : 0.9434"
"55,7 : 0.9434"
"7,56 : 0.7697"
"56,7 : 0.7697"
"7,57 : 0.5504"
"57,7 : 0.5504"
"7,58 : 0.3785"
"58,7 : 0.3785"
"7,59 : 0.6519"
"59,7 : 0.6519"
"7,60 : 0.5968"
"60,7 : 0.5968"
"7,61 : 0.5595"
"61,7 : 0.5595"
"7,62 : 0.5608"
"62,7 : 0.5608"
"7,63 : 0.3138"
"63,7 : 0.3138"
"7,64 : 0.6848"
"64,7 : 0.6848"
"7,65 : 0.07"
"65,7 : 0.07"
"7,66 : 0.7433"
"66,7 : 0.7433"
"7,67 : 0.2476"
"67,7 : 0.2476"
"7,68 : 0.6213"
"68,7 : 0.6213"
"7,69 : 0.6251"
"69,7 : 0.6251"
"7,70 : 0.9588"
"70,7 : 0.9588"
"7,71 : 0.3625"
"71,7 : 0.3625"
"7,72 : 0.8562"
"72,7 : 0.8562"
"7,73 : 0.7021"
"73,7 : 0.7021"
"7,74 : 0.5967"
"74,7 : 0.5967"
"7,75 : 0.5673"
"75,7 : 0.5673"
"7,76 : 0.2"
"76,7 : 0.2"
"7,77 : 0.37"
"77,7 : 0.37"
"7,78 : 0.4653"
"78,7 : 0.4653"
"7,79 : 0.2417"
"79,7 : 0.2417"
"7,80 : 0.8"
"80,7 : 0.8"
"7,81 : 0.8429"
"81,7 : 0.8429"
"7,82 : 0.0583"
"82,7 : 0.0583"
"7,83 : 0.609"
"83,7 : 0.609"
"7,84 : 0.211"
"84,7 : 0.211"
"7,85 : 0.1044"
"85,7 : 0.1044"
"7,86 : 0.6332"
"86,7 : 0.6332"
"7,87 : 0.2421"
"87,7 : 0.2421"
"7,88 : 0.0894"
"88,7 : 0.0894"
"7,89 : 0.6389"
"89,7 : 0.6389"
"7,90 : 0.2121"
"90,7 : 0.2121"
"7,91 : 0.722"
"91,7 : 0.722"
"7,92 : 0.3102"
"92,7 : 0.3102"
"7,93 : 0.1562"
"93,7 : 0.1562"
"7,94 : 0.3162"
"94,7 : 0.3162"
"7,95 : 0.2371"
"95,7 : 0.2371"
"7,96 : 0.4998"
"96,7 : 0.4998"
"7,97 : 0.2907"
"97,7 : 0.2907"
"7,98 : 0.9231"
"98,7 : 0.9231"
"7,99 : 0.3536"
"99,7 : 0.3536"
"8,9 : 0.5826"
"9,8 : 0.5826"
"8,10 : 0.8228"
"10,8 : 0.8228"
"8,11 : 0.7788"
"11,8 : 0.7788"
"8,12 : 0.9076"
"12,8 : 0.9076"
"8,13 : 1.0155"
"13,8 : 1.0155"
"8,14 : 0.7666"
"14,8 : 0.7666"
"8,15 : 0.8602"
"15,8 : 0.8602"
"8,16 : 0.8174"
"16,8 : 0.8174"
"8,17 : 0.4554"
"17,8 : 0.4554"
"8,18 : 0.1"
"18,8 : 0.1"
"8,19 : 0.4866"
"19,8 : 0.4866"
"8,20 : 0.5284"
"20,8 : 0.5284"
"8,21 : 0.5441"
"21,8 : 0.5441"
"8,22 : 0.5442"
"22,8 : 0.5442"
"8,23 : 0.3536"
"23,8 : 0.3536"
"8,24 : 0.2508"
"24,8 : 0.2508"
"8,25 : 0.3701"
"25,8 : 0.3701"
"8,26 : 0.6801"
"26,8 : 0.6801"
"8,27 : 0.3848"
"27,8 : 0.3848"
"8,28 : 0.8615"
"28,8 : 0.8615"
"8,29 : 0.6966"
"29,8 : 0.6966"
"8,30 : 0.5725"
"30,8 : 0.5725"
"8,31 : 0.2341"
"31,8 : 0.2341"
"8,32 : 0.2532"
"32,8 : 0.2532"
"8,33 : 0.6341"
"33,8 : 0.6341"
"8,34 : 0.5917"
"34,8 : 0.5917"
"8,35 : 0.25"
"35,8 : 0.25"
"8,36 : 0.7201"
"36,8 : 0.7201"
"8,37 : 0.9014"
"37,8 : 0.9014"
"8,38 : 0.0671"
"38,8 : 0.0671"
"8,39 : 0.2285"
"39,8 : 0.2285"
"8,40 : 0.0224"
"40,8 : 0.0224"
"8,41 : 0.2236"
"41,8 : 0.2236"
"8,42 : 0.1432"
"42,8 : 0.1432"
"8,43 : 0.1281"
"43,8 : 0.1281"
"8,44 : 0.3667"
"44,8 : 0.3667"
"8,45 : 0.2746"
"45,8 : 0.2746"
"8,46 : 0.6083"
"46,8 : 0.6083"
"8,47 : 0.5482"
"47,8 : 0.5482"
"8,48 : 0.4841"
"48,8 : 0.4841"
"8,49 : 0.3256"
"49,8 : 0.3256"
"8,50 : 0.2717"
"50,8 : 0.2717"
"8,51 : 0.0283"
"51,8 : 0.0283"
"8,52 : 0.3342"
"52,8 : 0.3342"
"8,53 : 0.3905"
"53,8 : 0.3905"
"8,54 : 0.3805"
"54,8 : 0.3805"
"8,55 : 0.8857"
"55,8 : 0.8857"
"8,56 : 0.2807"
"56,8 : 0.2807"
"8,57 : 0.3454"
"57,8 : 0.3454"
"8,58 : 0.7513"
"58,8 : 0.7513"
"8,59 : 0.563"
"59,8 : 0.563"
"8,60 : 0.9492"
"60,8 : 0.9492"
"8,61 : 0.8041"
"61,8 : 0.8041"
"8,62 : 0.9443"
"62,8 : 0.9443"
"8,63 : 0.4397"
"63,8 : 0.4397"
"8,64 : 0.1825"
"64,8 : 0.1825"
"8,65 : 0.461"
"65,8 : 0.461"
"8,66 : 0.2844"
"66,8 : 0.2844"
"8,67 : 0.2773"
"67,8 : 0.2773"
"8,68 : 0.3945"
"68,8 : 0.3945"
"8,69 : 0.4294"
"69,8 : 0.4294"
"8,70 : 0.8812"
"70,8 : 0.8812"
"8,71 : 0.2717"
"71,8 : 0.2717"
"8,72 : 0.6544"
"72,8 : 0.6544"
"8,73 : 0.7257"
"73,8 : 0.7257"
"8,74 : 0.7611"
"74,8 : 0.7611"
"8,75 : 0.6701"
"75,8 : 0.6701"
"8,76 : 0.3311"
"76,8 : 0.3311"
"8,77 : 0.7908"
"77,8 : 0.7908"
"8,78 : 0.8367"
"78,8 : 0.8367"
"8,79 : 0.2828"
"79,8 : 0.2828"
"8,80 : 0.4841"
"80,8 : 0.4841"
"8,81 : 0.8853"
"81,8 : 0.8853"
"8,82 : 0.458"
"82,8 : 0.458"
"8,83 : 0.11"
"83,8 : 0.11"
"8,84 : 0.3061"
"84,8 : 0.3061"
"8,85 : 0.5859"
"85,8 : 0.5859"
"8,86 : 0.9437"
"86,8 : 0.9437"
"8,87 : 0.5054"
"87,8 : 0.5054"
"8,88 : 0.5967"
"88,8 : 0.5967"
"8,89 : 0.7901"
"89,8 : 0.7901"
"8,90 : 0.4002"
"90,8 : 0.4002"
"8,91 : 0.7473"
"91,8 : 0.7473"
"8,92 : 0.3102"
"92,8 : 0.3102"
"8,93 : 0.528"
"93,8 : 0.528"
"8,94 : 0.2332"
"94,8 : 0.2332"
"8,95 : 0.3228"
"95,8 : 0.3228"
"8,96 : 0.4727"
"96,8 : 0.4727"
"8,97 : 0.2283"
"97,8 : 0.2283"
"8,98 : 0.9361"
"98,8 : 0.9361"
"8,99 : 0.6592"
"99,8 : 0.6592"
"9,10 : 0.7992"
"10,9 : 0.7992"
"9,11 : 0.4801"
"11,9 : 0.4801"
"9,12 : 0.5155"
"12,9 : 0.5155"
"9,13 : 0.4982"
"13,9 : 0.4982"
"9,14 : 0.8887"
"14,9 : 0.8887"
"9,15 : 0.3338"
"15,9 : 0.3338"
"9,16 : 0.7122"
"16,9 : 0.7122"
"9,17 : 0.3883"
"17,9 : 0.3883"
"9,18 : 0.6801"
"18,9 : 0.6801"
"9,19 : 0.451"
"19,9 : 0.451"
"9,20 : 0.1105"
"20,9 : 0.1105"
"9,21 : 0.1476"
"21,9 : 0.1476"
"9,22 : 0.2953"
"22,9 : 0.2953"
"9,23 : 0.7859"
"23,9 : 0.7859"
"9,24 : 0.7316"
"24,9 : 0.7316"
"9,25 : 0.2126"
"25,9 : 0.2126"
"9,26 : 0.14"
"26,9 : 0.14"
"9,27 : 0.2907"
"27,9 : 0.2907"
"9,28 : 0.7001"
"28,9 : 0.7001"
"9,29 : 0.114"
"29,9 : 0.114"
"9,30 : 0.3106"
"30,9 : 0.3106"
"9,31 : 0.3701"
"31,9 : 0.3701"
"9,32 : 0.3859"
"32,9 : 0.3859"
"9,33 : 0.85"
"33,9 : 0.85"
"9,34 : 0.763"
"34,9 : 0.763"
"9,35 : 0.3448"
"35,9 : 0.3448"
"9,36 : 0.8254"
"36,9 : 0.8254"
"9,37 : 0.5029"
"37,9 : 0.5029"
"9,38 : 0.5587"
"38,9 : 0.5587"
"9,39 : 0.7169"
"39,9 : 0.7169"
"9,40 : 0.6031"
"40,9 : 0.6031"
"9,41 : 0.5124"
"41,9 : 0.5124"
"9,42 : 0.5061"
"42,9 : 0.5061"
"9,43 : 0.7106"
"43,9 : 0.7106"
"9,44 : 0.9218"
"44,9 : 0.9218"
"9,45 : 0.6161"
"45,9 : 0.6161"
"9,46 : 0.4188"
"46,9 : 0.4188"
"9,47 : 0.7923"
"47,9 : 0.7923"
"9,48 : 0.1503"
"48,9 : 0.1503"
"9,49 : 0.2581"
"49,9 : 0.2581"
"9,50 : 0.8237"
"50,9 : 0.8237"
"9,51 : 0.5805"
"51,9 : 0.5805"
"9,52 : 0.6691"
"52,9 : 0.6691"
"9,53 : 0.3946"
"53,9 : 0.3946"
"9,54 : 0.4301"
"54,9 : 0.4301"
"9,55 : 0.9348"
"55,9 : 0.9348"
"9,56 : 0.8276"
"56,9 : 0.8276"
"9,57 : 0.5822"
"57,9 : 0.5822"
"9,58 : 0.3195"
"58,9 : 0.3195"
"9,59 : 0.6597"
"59,9 : 0.6597"
"9,60 : 0.5337"
"60,9 : 0.5337"
"9,61 : 0.5161"
"61,9 : 0.5161"
"9,62 : 0.4937"
"62,9 : 0.4937"
"9,63 : 0.3239"
"63,9 : 0.3239"
"9,64 : 0.7463"
"64,9 : 0.7463"
"9,65 : 0.1221"
"65,9 : 0.1221"
"9,66 : 0.7971"
"66,9 : 0.7971"
"9,67 : 0.3202"
"67,9 : 0.3202"
"9,68 : 0.6507"
"68,9 : 0.6507"
"9,69 : 0.6501"
"69,9 : 0.6501"
"9,70 : 0.9527"
"70,9 : 0.9527"
"9,71 : 0.4386"
"71,9 : 0.4386"
"9,72 : 0.8713"
"72,9 : 0.8713"
"9,73 : 0.6896"
"73,9 : 0.6896"
"9,74 : 0.5659"
"74,9 : 0.5659"
"9,75 : 0.5492"
"75,9 : 0.5492"
"9,76 : 0.2746"
"76,9 : 0.2746"
"9,77 : 0.3015"
"77,9 : 0.3015"
"9,78 : 0.4026"
"78,9 : 0.4026"
"9,79 : 0.3023"
"79,9 : 0.3023"
"9,80 : 0.8329"
"80,9 : 0.8329"
"9,81 : 0.822"
"81,9 : 0.822"
"9,82 : 0.1281"
"82,9 : 0.1281"
"9,83 : 0.6712"
"83,9 : 0.6712"
"9,84 : 0.2766"
"84,9 : 0.2766"
"9,85 : 0.1221"
"85,9 : 0.1221"
"9,86 : 0.5758"
"86,9 : 0.5758"
"9,87 : 0.2341"
"87,9 : 0.2341"
"9,88 : 0.0141"
"88,9 : 0.0141"
"9,89 : 0.6083"
"89,9 : 0.6083"
"9,90 : 0.2864"
"90,9 : 0.2864"
"9,91 : 0.7083"
"91,9 : 0.7083"
"9,92 : 0.3863"
"92,9 : 0.3863"
"9,93 : 0.1393"
"93,9 : 0.1393"
"9,94 : 0.3712"
"94,9 : 0.3712"
"9,95 : 0.313"
"95,9 : 0.313"
"9,96 : 0.5099"
"96,9 : 0.5099"
"9,97 : 0.3607"
"97,9 : 0.3607"
"9,98 : 0.9044"
"98,9 : 0.9044"
"9,99 : 0.3124"
"99,9 : 0.3124"
"10,11 : 0.4011"
"11,10 : 0.4011"
"10,12 : 0.5247"
"12,10 : 0.5247"
"10,13 : 0.7732"
"13,10 : 0.7732"
"10,14 : 0.2062"
"14,10 : 0.2062"
"10,15 : 0.7355"
"15,10 : 0.7355"
"10,16 : 0.1217"
"16,10 : 0.1217"
"10,17 : 0.4534"
"17,10 : 0.4534"
"10,18 : 0.8865"
"18,10 : 0.8865"
"10,19 : 1.1229"
"19,10 : 1.1229"
"10,20 : 0.8701"
"20,10 : 0.8701"
"10,21 : 0.6519"
"21,10 : 0.6519"
"10,22 : 0.5048"
"22,10 : 0.5048"
"10,23 : 0.6251"
"23,10 : 0.6251"
"10,24 : 0.69"
"24,10 : 0.69"
"10,25 : 0.7642"
"25,10 : 0.7642"
"10,26 : 0.7354"
"26,10 : 0.7354"
"10,27 : 0.588"
"27,10 : 0.588"
"10,28 : 0.1931"
"28,10 : 0.1931"
"10,29 : 0.8458"
"29,10 : 0.8458"
"10,30 : 0.4888"
"30,10 : 0.4888"
"10,31 : 0.8406"
"31,10 : 0.8406"
"10,32 : 0.8904"
"32,10 : 0.8904"
"10,33 : 0.3312"
"33,10 : 0.3312"
"10,34 : 0.2886"
"34,10 : 0.2886"
"10,35 : 0.7018"
"35,10 : 0.7018"
"10,36 : 0.1803"
"36,10 : 0.1803"
"10,37 : 0.5334"
"37,10 : 0.5334"
"10,38 : 0.8698"
"38,10 : 0.8698"
"10,39 : 0.7003"
"39,10 : 0.7003"
"10,40 : 0.8393"
"40,10 : 0.8393"
"10,41 : 0.6008"
"41,10 : 0.6008"
"10,42 : 0.8996"
"42,10 : 0.8996"
"10,43 : 0.8797"
"43,10 : 0.8797"
"10,44 : 0.8698"
"44,10 : 0.8698"
"10,45 : 0.5657"
"45,10 : 0.5657"
"10,46 : 0.3808"
"46,10 : 0.3808"
"10,47 : 0.3764"
"47,10 : 0.3764"
"10,48 : 0.6701"
"48,10 : 0.6701"
"10,49 : 0.7388"
"49,10 : 0.7388"
"10,50 : 0.821"
"50,10 : 0.821"
"10,51 : 0.8477"
"51,10 : 0.8477"
"10,52 : 0.5304"
"52,10 : 0.5304"
"10,53 : 1.02"
"53,10 : 1.02"
"10,54 : 0.4802"
"54,10 : 0.4802"
"10,55 : 0.1503"
"55,10 : 0.1503"
"10,56 : 0.8115"
"56,10 : 0.8115"
"10,57 : 0.4805"
"57,10 : 0.4805"
"10,58 : 0.5825"
"58,10 : 0.5825"
"10,59 : 0.2631"
"59,10 : 0.2631"
"10,60 : 0.5689"
"60,10 : 0.5689"
"10,61 : 0.38"
"61,10 : 0.38"
"10,62 : 0.6239"
"62,10 : 0.6239"
"10,63 : 0.5162"
"63,10 : 0.5162"
"10,64 : 0.8215"
"64,10 : 0.8215"
"10,65 : 0.7593"
"65,10 : 0.7593"
"10,66 : 0.7417"
"66,10 : 0.7417"
"10,67 : 0.8242"
"67,10 : 0.8242"
"10,68 : 0.451"
"68,10 : 0.451"
"10,69 : 0.4111"
"69,10 : 0.4111"
"10,70 : 0.1803"
"70,10 : 0.1803"
"10,71 : 0.9604"
"71,10 : 0.9604"
"10,72 : 0.3329"
"72,10 : 0.3329"
"10,73 : 0.1131"
"73,10 : 0.1131"
"10,74 : 0.2717"
"74,10 : 0.2717"
"10,75 : 0.2506"
"75,10 : 0.2506"
"10,76 : 0.8387"
"76,10 : 0.8387"
"10,77 : 0.661"
"77,10 : 0.661"
"10,78 : 0.5808"
"78,10 : 0.5808"
"10,79 : 0.7301"
"79,10 : 0.7301"
"10,80 : 0.5124"
"80,10 : 0.5124"
"10,81 : 0.0728"
"81,10 : 0.0728"
"10,82 : 0.794"
"82,10 : 0.794"
"10,83 : 0.7991"
"83,10 : 0.7991"
"10,84 : 0.7622"
"84,10 : 0.7622"
"10,85 : 0.9126"
"85,10 : 0.9126"
"10,86 : 0.4948"
"86,10 : 0.4948"
"10,87 : 0.572"
"87,10 : 0.572"
"10,88 : 0.8026"
"88,10 : 0.8026"
"10,89 : 0.24"
"89,10 : 0.24"
"10,90 : 0.9351"
"90,10 : 0.9351"
"10,91 : 0.0922"
"91,10 : 0.0922"
"10,92 : 0.9487"
"92,10 : 0.9487"
"10,93 : 0.6629"
"93,10 : 0.6629"
"10,94 : 0.686"
"94,10 : 0.686"
"10,95 : 0.8841"
"95,10 : 0.8841"
"10,96 : 0.3672"
"96,10 : 0.3672"
"10,97 : 0.8045"
"97,10 : 0.8045"
"10,98 : 0.1166"
"98,10 : 0.1166"
"10,99 : 0.5126"
"99,10 : 0.5126"
"11,12 : 0.1562"
"12,11 : 0.1562"
"11,13 : 0.3833"
"13,11 : 0.3833"
"11,14 : 0.5689"
"14,11 : 0.5689"
"11,15 : 0.3354"
"15,11 : 0.3354"
"11,16 : 0.2844"
"16,11 : 0.2844"
"11,17 : 0.3257"
"17,11 : 0.3257"
"11,18 : 0.8709"
"18,11 : 0.8709"
"11,19 : 0.8954"
"19,11 : 0.8954"
"11,20 : 0.578"
"20,11 : 0.578"
"11,21 : 0.3534"
"21,11 : 0.3534"
"11,22 : 0.2508"
"22,11 : 0.2508"
"11,23 : 0.7606"
"23,11 : 0.7606"
"11,24 : 0.7718"
"24,11 : 0.7718"
"11,25 : 0.5434"
"25,11 : 0.5434"
"11,26 : 0.3754"
"26,11 : 0.3754"
"11,27 : 0.4101"
"27,11 : 0.4101"
"11,28 : 0.2417"
"28,11 : 0.2417"
"11,29 : 0.4892"
"29,11 : 0.4892"
"11,30 : 0.2209"
"30,11 : 0.2209"
"11,31 : 0.6818"
"31,11 : 0.6818"
"11,32 : 0.7244"
"32,11 : 0.7244"
"11,33 : 0.6174"
"33,11 : 0.6174"
"11,34 : 0.5324"
"34,11 : 0.5324"
"11,35 : 0.5604"
"35,11 : 0.5604"
"11,36 : 0.5142"
"36,11 : 0.5142"
"11,37 : 0.1581"
"37,11 : 0.1581"
"11,38 : 0.7976"
"38,11 : 0.7976"
"11,39 : 0.7703"
"39,11 : 0.7703"
"11,40 : 0.8005"
"40,11 : 0.8005"
"11,41 : 0.5794"
"41,11 : 0.5794"
"11,42 : 0.7906"
"42,11 : 0.7906"
"11,43 : 0.8823"
"43,11 : 0.8823"
"11,44 : 0.9848"
"44,11 : 0.9848"
"11,45 : 0.6191"
"45,11 : 0.6191"
"11,46 : 0.1746"
"46,11 : 0.1746"
"11,47 : 0.6075"
"47,11 : 0.6075"
"11,48 : 0.4016"
"48,11 : 0.4016"
"11,49 : 0.5445"
"49,11 : 0.5445"
"11,50 : 0.9043"
"50,11 : 0.9043"
"11,51 : 0.7943"
"51,11 : 0.7943"
"11,52 : 0.628"
"52,11 : 0.628"
"11,53 : 0.8104"
"53,11 : 0.8104"
"11,54 : 0.4085"
"54,11 : 0.4085"
"11,55 : 0.5515"
"55,11 : 0.5515"
"11,56 : 0.9005"
"56,11 : 0.9005"
"11,57 : 0.5325"
"57,11 : 0.5325"
"11,58 : 0.1924"
"58,11 : 0.1924"
"11,59 : 0.4272"
"59,11 : 0.4272"
"11,60 : 0.2062"
"60,11 : 0.2062"
"11,61 : 0.0361"
"61,11 : 0.0361"
"11,62 : 0.2417"
"62,11 : 0.2417"
"11,63 : 0.3423"
"63,11 : 0.3423"
"11,64 : 0.8641"
"64,11 : 0.8641"
"11,65 : 0.494"
"65,11 : 0.494"
"11,66 : 0.8406"
"66,11 : 0.8406"
"11,67 : 0.645"
"67,11 : 0.645"
"11,68 : 0.5597"
"68,11 : 0.5597"
"11,69 : 0.5304"
"69,11 : 0.5304"
"11,70 : 0.5803"
"70,11 : 0.5803"
"11,71 : 0.7963"
"71,11 : 0.7963"
"11,72 : 0.6316"
"72,11 : 0.6316"
"11,73 : 0.3239"
"73,11 : 0.3239"
"11,74 : 0.13"
"74,11 : 0.13"
"11,75 : 0.2012"
"75,11 : 0.2012"
"11,76 : 0.6335"
"76,11 : 0.6335"
"11,77 : 0.2657"
"77,11 : 0.2657"
"11,78 : 0.18"
"78,11 : 0.18"
"11,79 : 0.5608"
"79,11 : 0.5608"
"11,80 : 0.717"
"80,11 : 0.717"
"11,81 : 0.3929"
"81,11 : 0.3929"
"11,82 : 0.5292"
"82,11 : 0.5292"
"11,83 : 0.8099"
"83,11 : 0.8099"
"11,84 : 0.5743"
"84,11 : 0.5743"
"11,85 : 0.6022"
"85,11 : 0.6022"
"11,86 : 0.17"
"86,11 : 0.17"
"11,87 : 0.3158"
"87,11 : 0.3158"
"11,88 : 0.478"
"88,11 : 0.478"
"11,89 : 0.1628"
"89,11 : 0.1628"
"11,90 : 0.7052"
"90,11 : 0.7052"
"11,91 : 0.3314"
"91,11 : 0.3314"
"11,92 : 0.763"
"92,11 : 0.763"
"11,93 : 0.3716"
"93,11 : 0.3716"
"11,94 : 0.5622"
"94,11 : 0.5622"
"11,95 : 0.6845"
"95,11 : 0.6845"
"11,96 : 0.364"
"96,11 : 0.364"
"11,97 : 0.6507"
"97,11 : 0.6507"
"11,98 : 0.478"
"98,11 : 0.478"
"11,99 : 0.17"
"99,11 : 0.17"
"12,13 : 0.25"
"13,12 : 0.25"
"12,14 : 0.7088"
"14,12 : 0.7088"
"12,15 : 0.264"
"15,12 : 0.264"
"12,16 : 0.4031"
"16,12 : 0.4031"
"12,17 : 0.4653"
"17,12 : 0.4653"
"12,18 : 1.003"
"18,12 : 1.003"
"12,19 : 0.959"
"19,12 : 0.959"
"12,20 : 0.6236"
"20,12 : 0.6236"
"12,21 : 0.4211"
"21,12 : 0.4211"
"12,22 : 0.364"
"22,12 : 0.364"
"12,23 : 0.9144"
"23,12 : 0.9144"
"12,24 : 0.9209"
"24,12 : 0.9209"
"12,25 : 0.63"
"25,12 : 0.63"
"12,26 : 0.3848"
"26,12 : 0.3848"
"12,27 : 0.5263"
"27,12 : 0.5263"
"12,28 : 0.34"
"28,12 : 0.34"
"12,29 : 0.4888"
"29,12 : 0.4888"
"12,30 : 0.3353"
"30,12 : 0.3353"
"12,31 : 0.7831"
"31,12 : 0.7831"
"12,32 : 0.821"
"32,12 : 0.821"
"12,33 : 0.7694"
"33,12 : 0.7694"
"12,34 : 0.686"
"34,12 : 0.686"
"12,35 : 0.6747"
"35,12 : 0.6747"
"12,36 : 0.6579"
"36,12 : 0.6579"
"12,37 : 0.0141"
"37,12 : 0.0141"
"12,38 : 0.9192"
"38,12 : 0.9192"
"12,39 : 0.9181"
"39,12 : 0.9181"
"12,40 : 0.9297"
"40,12 : 0.9297"
"12,41 : 0.7201"
"41,12 : 0.7201"
"12,42 : 0.9026"
"42,12 : 0.9026"
"12,43 : 1.0177"
"43,12 : 1.0177"
"12,44 : 1.1346"
"44,12 : 1.1346"
"12,45 : 0.7684"
"45,12 : 0.7684"
"12,46 : 0.322"
"46,12 : 0.322"
"12,47 : 0.7628"
"47,12 : 0.7628"
"12,48 : 0.4801"
"48,12 : 0.4801"
"12,49 : 0.642"
"49,12 : 0.642"
"12,50 : 1.0515"
"50,12 : 1.0515"
"12,51 : 0.9205"
"51,12 : 0.9205"
"12,52 : 0.781"
"52,12 : 0.781"
"12,53 : 0.8857"
"53,12 : 0.8857"
"12,54 : 0.5507"
"54,12 : 0.5507"
"12,55 : 0.6727"
"55,12 : 0.6727"
"12,56 : 1.0485"
"56,12 : 1.0485"
"12,57 : 0.6841"
"57,12 : 0.6841"
"12,58 : 0.1965"
"58,12 : 0.1965"
"12,59 : 0.5825"
"59,12 : 0.5825"
"12,60 : 0.05"
"60,12 : 0.05"
"12,61 : 0.1565"
"61,12 : 0.1565"
"12,62 : 0.1"
"62,12 : 0.1"
"12,63 : 0.4682"
"63,12 : 0.4682"
"12,64 : 1.0065"
"64,12 : 1.0065"
"12,65 : 0.5632"
"65,12 : 0.5632"
"12,66 : 0.9905"
"66,12 : 0.9905"
"12,67 : 0.7411"
"67,12 : 0.7411"
"12,68 : 0.7145"
"68,12 : 0.7145"
"12,69 : 0.6859"
"69,12 : 0.6859"
"12,70 : 0.7046"
"70,12 : 0.7046"
"12,71 : 0.8902"
"71,12 : 0.8902"
"12,72 : 0.7826"
"72,12 : 0.7826"
"12,73 : 0.4649"
"73,12 : 0.4649"
"12,74 : 0.2693"
"74,12 : 0.2693"
"12,75 : 0.3551"
"75,12 : 0.3551"
"12,76 : 0.7201"
"76,12 : 0.7201"
"12,77 : 0.2302"
"77,12 : 0.2302"
"12,78 : 0.1166"
"78,12 : 0.1166"
"12,79 : 0.6661"
"79,12 : 0.6661"
"12,80 : 0.8732"
"80,12 : 0.8732"
"12,81 : 0.5"
"81,12 : 0.5"
"12,82 : 0.5954"
"82,12 : 0.5954"
"12,83 : 0.9485"
"83,12 : 0.9485"
"12,84 : 0.6719"
"84,12 : 0.6719"
"12,85 : 0.6332"
"85,12 : 0.6332"
"12,86 : 0.064"
"86,12 : 0.064"
"12,87 : 0.4144"
"87,12 : 0.4144"
"12,88 : 0.5092"
"88,12 : 0.5092"
"12,89 : 0.2886"
"89,12 : 0.2886"
"12,90 : 0.7765"
"90,12 : 0.7765"
"12,91 : 0.4684"
"91,12 : 0.4684"
"12,92 : 0.8502"
"92,12 : 0.8502"
"12,93 : 0.441"
"93,12 : 0.441"
"12,94 : 0.6815"
"94,12 : 0.6815"
"12,95 : 0.7703"
"95,12 : 0.7703"
"12,96 : 0.5174"
"96,12 : 0.5174"
"12,97 : 0.7554"
"97,12 : 0.7554"
"12,98 : 0.5808"
"98,12 : 0.5808"
"12,99 : 0.2532"
"99,12 : 0.2532"
"13,14 : 0.9513"
"14,13 : 0.9513"
"13,15 : 0.1649"
"15,13 : 0.1649"
"13,16 : 0.6519"
"16,13 : 0.6519"
"13,17 : 0.6237"
"17,13 : 0.6237"
"13,18 : 1.1152"
"18,13 : 1.1152"
"13,19 : 0.9419"
"19,13 : 0.9419"
"13,20 : 0.6053"
"20,13 : 0.6053"
"13,21 : 0.4741"
"21,13 : 0.4741"
"13,22 : 0.495"
