x,y
0.61,0.18
0.72,0.75
0.28,0.24
0.96,0.53
0.35,0.31
0.89,0.96
0.92,0.84
0.64,0.9
0.8,0.18
0.78,0.24
0.17,0.27
0.57,0.56
0.3,0.66
0.65,0.88
0.77,0.78
0.16,0.71
0.8,0.09
0.15,0.52
0.34,0.84
0.11,0.82
0.5,0.91
0.41,0.7
0.17,0.55
0.85,0.1
0.92,0.45
0.41,1.0
0.26,0.53
0.86,0.09
0.89,0.03
0.95,0.13
0.37,0.56
0.49,0.6
0.79,0.64
0.17,0.4
0.66,0.12
0.51,0.67
0.19,0.51
0.27,0.21
0.26,0.21
0.75,0.0
0.35,0.08
0.56,0.4
0.89,0.74
0.5,0.29
0.79,0.83
0.76,0.14
0.33,0.85
0.02,0.13
0.75,0.45
0.64,0.43
0.6,0.53
0.65,0.19
0.56,0.32
0.81,0.78
0.57,0.14
0.98,0.05
0.13,0.75
0.99,0.92
0.23,0.31
0.97,0.21
0.6,0.56
0.89,0.55
0.21,0.67
0.2,0.6
0.11,0.6
0.53,0.69
0.19,0.36
0.52,0.45
0.04,0.82
0.2,0.98
0.89,0.83
0.22,1.0
0.65,0.78
0.59,0.62
0.76,0.06
0.5,0.76
0.65,0.53
0.84,0.21
0.32,0.61
0.23,0.59
0.2,0.99
0.23,0.46
0.82,0.5
0.1,0.06
0.66,0.68
0.94,0.19
0.16,0.67
0.37,0.13
0.23,0.14
0.6,0.81
0.28,0.55
0.08,0.5
0.46,0.18
0.57,0.03
0.73,0.25
0.3,0.34
0.37,0.29
0.72,0.92
0.92,0.26
0.19,0.73

Distanze
"0,1 : 0.5805"
"1,0 : 0.5805"
"0,2 : 0.3354"
"2,0 : 0.3354"
"0,3 : 0.495"
"3,0 : 0.495"
"0,4 : 0.2907"
"4,0 : 0.2907"
"0,5 : 0.8287"
"5,0 : 0.8287"
"0,6 : 0.7292"
"6,0 : 0.7292"
"0,7 : 0.7206"
"7,0 : 0.7206"
"0,8 : 0.19"
"8,0 : 0.19"
"0,9 : 0.1803"
"9,0 : 0.1803"
"0,10 : 0.4491"
"10,0 : 0.4491"
"0,11 : 0.3821"
"11,0 : 0.3821"
"0,12 : 0.5714"
"12,0 : 0.5714"
"0,13 : 0.7011"
"13,0 : 0.7011"
"0,14 : 0.621"
"14,0 : 0.621"
"0,15 : 0.6953"
"15,0 : 0.6953"
"0,16 : 0.2102"
"16,0 : 0.2102"
"0,17 : 0.572"
"17,0 : 0.572"
"0,18 : 0.7131"
"18,0 : 0.7131"
"0,19 : 0.8122"
"19,0 : 0.8122"
"0,20 : 0.7382"
"20,0 : 0.7382"
"0,21 : 0.5571"
"21,0 : 0.5571"
"0,22 : 0.5749"
"22,0 : 0.5749"
"0,23 : 0.253"
"23,0 : 0.253"
"0,24 : 0.4111"
"24,0 : 0.4111"
"0,25 : 0.844"
"25,0 : 0.844"
"0,26 : 0.495"
"26,0 : 0.495"
"0,27 : 0.2657"
"27,0 : 0.2657"
"0,28 : 0.3176"
"28,0 : 0.3176"
"0,29 : 0.3437"
"29,0 : 0.3437"
"0,30 : 0.4494"
"30,0 : 0.4494"
"0,31 : 0.4368"
"31,0 : 0.4368"
"0,32 : 0.494"
"32,0 : 0.494"
"0,33 : 0.4919"
"33,0 : 0.4919"
"0,34 : 0.0781"
"34,0 : 0.0781"
"0,35 : 0.5001"
"35,0 : 0.5001"
"0,36 : 0.5341"
"36,0 : 0.5341"
"0,37 : 0.3413"
"37,0 : 0.3413"
"0,38 : 0.3513"
"38,0 : 0.3513"
"0,39 : 0.228"
"39,0 : 0.228"
"0,40 : 0.2786"
"40,0 : 0.2786"
"0,41 : 0.2256"
"41,0 : 0.2256"
"0,42 : 0.6261"
"42,0 : 0.6261"
"0,43 : 0.1556"
"43,0 : 0.1556"
"0,44 : 0.6745"
"44,0 : 0.6745"
"0,45 : 0.1552"
"45,0 : 0.1552"
"0,46 : 0.7262"
"46,0 : 0.7262"
"0,47 : 0.5921"
"47,0 : 0.5921"
"0,48 : 0.3041"
"48,0 : 0.3041"
"0,49 : 0.2518"
"49,0 : 0.2518"
"0,50 : 0.3501"
"50,0 : 0.3501"
"0,51 : 0.0412"
"51,0 : 0.0412"
"0,52 : 0.1487"
"52,0 : 0.1487"
"0,53 : 0.6325"
"53,0 : 0.6325"
"0,54 : 0.0566"
"54,0 : 0.0566"
"0,55 : 0.3922"
"55,0 : 0.3922"
"0,56 : 0.7452"
"56,0 : 0.7452"
"0,57 : 0.8319"
"57,0 : 0.8319"
"0,58 : 0.4016"
"58,0 : 0.4016"
"0,59 : 0.3612"
"59,0 : 0.3612"
"0,60 : 0.3801"
"60,0 : 0.3801"
"0,61 : 0.464"
"61,0 : 0.464"
"0,62 : 0.6325"
"62,0 : 0.6325"
"0,63 : 0.5869"
"63,0 : 0.5869"
"0,64 : 0.653"
"64,0 : 0.653"
"0,65 : 0.5162"
"65,0 : 0.5162"
"0,66 : 0.4569"
"66,0 : 0.4569"
"0,67 : 0.2846"
"67,0 : 0.2846"
"0,68 : 0.857"
"68,0 : 0.857"
"0,69 : 0.8989"
"69,0 : 0.8989"
"0,70 : 0.7077"
"70,0 : 0.7077"
"0,71 : 0.908"
"71,0 : 0.908"
"0,72 : 0.6013"
"72,0 : 0.6013"
"0,73 : 0.4405"
"73,0 : 0.4405"
"0,74 : 0.1921"
"74,0 : 0.1921"
"0,75 : 0.5903"
"75,0 : 0.5903"
"0,76 : 0.3523"
"76,0 : 0.3523"
"0,77 : 0.2319"
"77,0 : 0.2319"
"0,78 : 0.5187"
"78,0 : 0.5187"
"0,79 : 0.559"
"79,0 : 0.559"
"0,80 : 0.9079"
"80,0 : 0.9079"
"0,81 : 0.472"
"81,0 : 0.472"
"0,82 : 0.3828"
"82,0 : 0.3828"
"0,83 : 0.5239"
"83,0 : 0.5239"
"0,84 : 0.5025"
"84,0 : 0.5025"
"0,85 : 0.3302"
"85,0 : 0.3302"
"0,86 : 0.6653"
"86,0 : 0.6653"
"0,87 : 0.2452"
"87,0 : 0.2452"
"0,88 : 0.3821"
"88,0 : 0.3821"
"0,89 : 0.6301"
"89,0 : 0.6301"
"0,90 : 0.4958"
"90,0 : 0.4958"
"0,91 : 0.6191"
"91,0 : 0.6191"
"0,92 : 0.15"
"92,0 : 0.15"
"0,93 : 0.1552"
"93,0 : 0.1552"
"0,94 : 0.1389"
"94,0 : 0.1389"
"0,95 : 0.3489"
"95,0 : 0.3489"
"0,96 : 0.264"
"96,0 : 0.264"
"0,97 : 0.7481"
"97,0 : 0.7481"
"0,98 : 0.3202"
"98,0 : 0.3202"
"0,99 : 0.692"
"99,0 : 0.692"
"1,2 : 0.6736"
"2,1 : 0.6736"
"1,3 : 0.3256"
"3,1 : 0.3256"
"1,4 : 0.5749"
"4,1 : 0.5749"
"1,5 : 0.2702"
"5,1 : 0.2702"
"1,6 : 0.2193"
"6,1 : 0.2193"
"1,7 : 0.17"
"7,1 : 0.17"
"1,8 : 0.5756"
"8,1 : 0.5756"
"1,9 : 0.5135"
"9,1 : 0.5135"
"1,10 : 0.73"
"10,1 : 0.73"
"1,11 : 0.2421"
"11,1 : 0.2421"
"1,12 : 0.4295"
"12,1 : 0.4295"
"1,13 : 0.1476"
"13,1 : 0.1476"
"1,14 : 0.0583"
"14,1 : 0.0583"
"1,15 : 0.5614"
"15,1 : 0.5614"
"1,16 : 0.6648"
"16,1 : 0.6648"
"1,17 : 0.6147"
"17,1 : 0.6147"
"1,18 : 0.3905"
"18,1 : 0.3905"
"1,19 : 0.614"
"19,1 : 0.614"
"1,20 : 0.272"
"20,1 : 0.272"
"1,21 : 0.314"
"21,1 : 0.314"
"1,22 : 0.5852"
"22,1 : 0.5852"
"1,23 : 0.6629"
"23,1 : 0.6629"
"1,24 : 0.3606"
"24,1 : 0.3606"
"1,25 : 0.3982"
"25,1 : 0.3982"
"1,26 : 0.5099"
"26,1 : 0.5099"
"1,27 : 0.6747"
"27,1 : 0.6747"
"1,28 : 0.7398"
"28,1 : 0.7398"
"1,29 : 0.6613"
"29,1 : 0.6613"
"1,30 : 0.3982"
"30,1 : 0.3982"
"1,31 : 0.2746"
"31,1 : 0.2746"
"1,32 : 0.1304"
"32,1 : 0.1304"
"1,33 : 0.6519"
"33,1 : 0.6519"
"1,34 : 0.6329"
"34,1 : 0.6329"
"1,35 : 0.2247"
"35,1 : 0.2247"
"1,36 : 0.5818"
"36,1 : 0.5818"
"1,37 : 0.7029"
"37,1 : 0.7029"
"1,38 : 0.7094"
"38,1 : 0.7094"
"1,39 : 0.7506"
"39,1 : 0.7506"
"1,40 : 0.7654"
"40,1 : 0.7654"
"1,41 : 0.3848"
"41,1 : 0.3848"
"1,42 : 0.1703"
"42,1 : 0.1703"
"1,43 : 0.5099"
"43,1 : 0.5099"
"1,44 : 0.1063"
"44,1 : 0.1063"
"1,45 : 0.6113"
"45,1 : 0.6113"
"1,46 : 0.4026"
"46,1 : 0.4026"
"1,47 : 0.9351"
"47,1 : 0.9351"
"1,48 : 0.3015"
"48,1 : 0.3015"
"1,49 : 0.3298"
"49,1 : 0.3298"
"1,50 : 0.2506"
"50,1 : 0.2506"
"1,51 : 0.5644"
"51,1 : 0.5644"
"1,52 : 0.4588"
"52,1 : 0.4588"
"1,53 : 0.0949"
"53,1 : 0.0949"
"1,54 : 0.6282"
"54,1 : 0.6282"
"1,55 : 0.7467"
"55,1 : 0.7467"
"1,56 : 0.59"
"56,1 : 0.59"
"1,57 : 0.3191"
"57,1 : 0.3191"
"1,58 : 0.6586"
"58,1 : 0.6586"
"1,59 : 0.5951"
"59,1 : 0.5951"
"1,60 : 0.2247"
"60,1 : 0.2247"
"1,61 : 0.2625"
"61,1 : 0.2625"
"1,62 : 0.5162"
"62,1 : 0.5162"
"1,63 : 0.5412"
"63,1 : 0.5412"
"1,64 : 0.6282"
"64,1 : 0.6282"
"1,65 : 0.1992"
"65,1 : 0.1992"
"1,66 : 0.658"
"66,1 : 0.658"
"1,67 : 0.3606"
"67,1 : 0.3606"
"1,68 : 0.6836"
"68,1 : 0.6836"
"1,69 : 0.5686"
"69,1 : 0.5686"
"1,70 : 0.1879"
"70,1 : 0.1879"
"1,71 : 0.559"
"71,1 : 0.559"
"1,72 : 0.0762"
"72,1 : 0.0762"
"1,73 : 0.1838"
"73,1 : 0.1838"
"1,74 : 0.6912"
"74,1 : 0.6912"
"1,75 : 0.2202"
"75,1 : 0.2202"
"1,76 : 0.2309"
"76,1 : 0.2309"
"1,77 : 0.5532"
"77,1 : 0.5532"
"1,78 : 0.4238"
"78,1 : 0.4238"
"1,79 : 0.5155"
"79,1 : 0.5155"
"1,80 : 0.5727"
"80,1 : 0.5727"
"1,81 : 0.5694"
"81,1 : 0.5694"
"1,82 : 0.2693"
"82,1 : 0.2693"
"1,83 : 0.9276"
"83,1 : 0.9276"
"1,84 : 0.0922"
"84,1 : 0.0922"
"1,85 : 0.6017"
"85,1 : 0.6017"
"1,86 : 0.5657"
"86,1 : 0.5657"
"1,87 : 0.712"
"87,1 : 0.712"
"1,88 : 0.7824"
"88,1 : 0.7824"
"1,89 : 0.1342"
"89,1 : 0.1342"
"1,90 : 0.4833"
"90,1 : 0.4833"
"1,91 : 0.6871"
"91,1 : 0.6871"
"1,92 : 0.6265"
"92,1 : 0.6265"
"1,93 : 0.7355"
"93,1 : 0.7355"
"1,94 : 0.5001"
"94,1 : 0.5001"
"1,95 : 0.5869"
"95,1 : 0.5869"
"1,96 : 0.578"
"96,1 : 0.578"
"1,97 : 0.17"
"97,1 : 0.17"
"1,98 : 0.5292"
"98,1 : 0.5292"
"1,99 : 0.5304"
"99,1 : 0.5304"
"2,3 : 0.7393"
"3,2 : 0.7393"
"2,4 : 0.099"
"4,2 : 0.099"
"2,5 : 0.9437"
"5,2 : 0.9437"
"2,6 : 0.8773"
"6,2 : 0.8773"
"2,7 : 0.7518"
"7,2 : 0.7518"
"2,8 : 0.5235"
"8,2 : 0.5235"
"2,9 : 0.5"
"9,2 : 0.5"
"2,10 : 0.114"
"10,2 : 0.114"
"2,11 : 0.4319"
"11,2 : 0.4319"
"2,12 : 0.4205"
"12,2 : 0.4205"
"2,13 : 0.7393"
"13,2 : 0.7393"
"2,14 : 0.7292"
"14,2 : 0.7292"
"2,15 : 0.4851"
"15,2 : 0.4851"
"2,16 : 0.5412"
"16,2 : 0.5412"
"2,17 : 0.3087"
"17,2 : 0.3087"
"2,18 : 0.603"
"18,2 : 0.603"
"2,19 : 0.6044"
"19,2 : 0.6044"
"2,20 : 0.7052"
"20,2 : 0.7052"
"2,21 : 0.478"
"21,2 : 0.478"
"2,22 : 0.3289"
"22,2 : 0.3289"
"2,23 : 0.5869"
"23,2 : 0.5869"
"2,24 : 0.6736"
"24,2 : 0.6736"
"2,25 : 0.771"
"25,2 : 0.771"
"2,26 : 0.2907"
"26,2 : 0.2907"
"2,27 : 0.5991"
"27,2 : 0.5991"
"2,28 : 0.6451"
"28,2 : 0.6451"
"2,29 : 0.679"
"29,2 : 0.679"
"2,30 : 0.3324"
"30,2 : 0.3324"
"2,31 : 0.4168"
"31,2 : 0.4168"
"2,32 : 0.6482"
"32,2 : 0.6482"
"2,33 : 0.1942"
"33,2 : 0.1942"
"2,34 : 0.3985"
"34,2 : 0.3985"
"2,35 : 0.4876"
"35,2 : 0.4876"
"2,36 : 0.2846"
"36,2 : 0.2846"
"2,37 : 0.0316"
"37,2 : 0.0316"
"2,38 : 0.0361"
"38,2 : 0.0361"
"2,39 : 0.5277"
"39,2 : 0.5277"
"2,40 : 0.1746"
"40,2 : 0.1746"
"2,41 : 0.3225"
"41,2 : 0.3225"
"2,42 : 0.7887"
"42,2 : 0.7887"
"2,43 : 0.2256"
"43,2 : 0.2256"
"2,44 : 0.7799"
"44,2 : 0.7799"
"2,45 : 0.4903"
"45,2 : 0.4903"
"2,46 : 0.612"
"46,2 : 0.612"
"2,47 : 0.2823"
"47,2 : 0.2823"
"2,48 : 0.5148"
"48,2 : 0.5148"
"2,49 : 0.4071"
"49,2 : 0.4071"
"2,50 : 0.4319"
"50,2 : 0.4319"
"2,51 : 0.3734"
"51,2 : 0.3734"
"2,52 : 0.2912"
"52,2 : 0.2912"
"2,53 : 0.7566"
"53,2 : 0.7566"
"2,54 : 0.3068"
"54,2 : 0.3068"
"2,55 : 0.7253"
"55,2 : 0.7253"
"2,56 : 0.5316"
"56,2 : 0.5316"
"2,57 : 0.9831"
"57,2 : 0.9831"
"2,58 : 0.086"
"58,2 : 0.086"
"2,59 : 0.6907"
"59,2 : 0.6907"
"2,60 : 0.4525"
"60,2 : 0.4525"
"2,61 : 0.6843"
"61,2 : 0.6843"
"2,62 : 0.4357"
"62,2 : 0.4357"
"2,63 : 0.3688"
"63,2 : 0.3688"
"2,64 : 0.3981"
"64,2 : 0.3981"
"2,65 : 0.5148"
"65,2 : 0.5148"
"2,66 : 0.15"
"66,2 : 0.15"
"2,67 : 0.3189"
"67,2 : 0.3189"
"2,68 : 0.6277"
"68,2 : 0.6277"
"2,69 : 0.7443"
"69,2 : 0.7443"
"2,70 : 0.8486"
"70,2 : 0.8486"
"2,71 : 0.7624"
"71,2 : 0.7624"
"2,72 : 0.6546"
"72,2 : 0.6546"
"2,73 : 0.4904"
"73,2 : 0.4904"
"2,74 : 0.5126"
"74,2 : 0.5126"
"2,75 : 0.5646"
"75,2 : 0.5646"
"2,76 : 0.4701"
"76,2 : 0.4701"
"2,77 : 0.5608"
"77,2 : 0.5608"
"2,78 : 0.3722"
"78,2 : 0.3722"
"2,79 : 0.3536"
"79,2 : 0.3536"
"2,80 : 0.7543"
"80,2 : 0.7543"
"2,81 : 0.2256"
"81,2 : 0.2256"
"2,82 : 0.5993"
"82,2 : 0.5993"
"2,83 : 0.2546"
"83,2 : 0.2546"
"2,84 : 0.5814"
"84,2 : 0.5814"
"2,85 : 0.6619"
"85,2 : 0.6619"
"2,86 : 0.4464"
"86,2 : 0.4464"
"2,87 : 0.1421"
"87,2 : 0.1421"
"2,88 : 0.1118"
"88,2 : 0.1118"
"2,89 : 0.6537"
"89,2 : 0.6537"
"2,90 : 0.31"
"90,2 : 0.31"
"2,91 : 0.328"
"91,2 : 0.328"
"2,92 : 0.1897"
"92,2 : 0.1897"
"2,93 : 0.3581"
"93,2 : 0.3581"
"2,94 : 0.4501"
"94,2 : 0.4501"
"2,95 : 0.102"
"95,2 : 0.102"
"2,96 : 0.103"
"96,2 : 0.103"
"2,97 : 0.8099"
"97,2 : 0.8099"
"2,98 : 0.6403"
"98,2 : 0.6403"
"2,99 : 0.4982"
"99,2 : 0.4982"
"3,4 : 0.6485"
"4,3 : 0.6485"
"3,5 : 0.4357"
"5,3 : 0.4357"
"3,6 : 0.3126"
"6,3 : 0.3126"
"3,7 : 0.4892"
"7,3 : 0.4892"
"3,8 : 0.3848"
"8,3 : 0.3848"
"3,9 : 0.3413"
"9,3 : 0.3413"
"3,10 : 0.8317"
"10,3 : 0.8317"
"3,11 : 0.3912"
"11,3 : 0.3912"
"3,12 : 0.6727"
"12,3 : 0.6727"
"3,13 : 0.4675"
"13,3 : 0.4675"
"3,14 : 0.314"
"14,3 : 0.314"
"3,15 : 0.82"
"15,3 : 0.82"
"3,16 : 0.4682"
"16,3 : 0.4682"
"3,17 : 0.8101"
"17,3 : 0.8101"
"3,18 : 0.6932"
"18,3 : 0.6932"
"3,19 : 0.8981"
"19,3 : 0.8981"
"3,20 : 0.5967"
"20,3 : 0.5967"
"3,21 : 0.5757"
"21,3 : 0.5757"
"3,22 : 0.7903"
"22,3 : 0.7903"
"3,23 : 0.4438"
"23,3 : 0.4438"
"3,24 : 0.0894"
"24,3 : 0.0894"
"3,25 : 0.7235"
"25,3 : 0.7235"
"3,26 : 0.7"
"26,3 : 0.7"
"3,27 : 0.4512"
"27,3 : 0.4512"
"3,28 : 0.5049"
"28,3 : 0.5049"
"3,29 : 0.4001"
"29,3 : 0.4001"
"3,30 : 0.5908"
"30,3 : 0.5908"
"3,31 : 0.4752"
"31,3 : 0.4752"
"3,32 : 0.2025"
"32,3 : 0.2025"
"3,33 : 0.8006"
"33,3 : 0.8006"
"3,34 : 0.508"
"34,3 : 0.508"
"3,35 : 0.4713"
"35,3 : 0.4713"
"3,36 : 0.7703"
"36,3 : 0.7703"
"3,37 : 0.7606"
"37,3 : 0.7606"
"3,38 : 0.7697"
"38,3 : 0.7697"
"3,39 : 0.5701"
"39,3 : 0.5701"
"3,40 : 0.758"
"40,3 : 0.758"
"3,41 : 0.4206"
"41,3 : 0.4206"
"3,42 : 0.2214"
"42,3 : 0.2214"
"3,43 : 0.5188"
"43,3 : 0.5188"
"3,44 : 0.3448"
"44,3 : 0.3448"
"3,45 : 0.4383"
"45,3 : 0.4383"
"3,46 : 0.7066"
"46,3 : 0.7066"
"3,47 : 1.0216"
"47,3 : 1.0216"
"3,48 : 0.2247"
"48,3 : 0.2247"
"3,49 : 0.3353"
"49,3 : 0.3353"
"3,50 : 0.36"
"50,3 : 0.36"
"3,51 : 0.4601"
"51,3 : 0.4601"
"3,52 : 0.4518"
"52,3 : 0.4518"
"3,53 : 0.2915"
"53,3 : 0.2915"
"3,54 : 0.5515"
"54,3 : 0.5515"
"3,55 : 0.4804"
"55,3 : 0.4804"
"3,56 : 0.8587"
"56,3 : 0.8587"
"3,57 : 0.3912"
"57,3 : 0.3912"
"3,58 : 0.7624"
"58,3 : 0.7624"
"3,59 : 0.3202"
"59,3 : 0.3202"
"3,60 : 0.3612"
"60,3 : 0.3612"
"3,61 : 0.0728"
"61,3 : 0.0728"
"3,62 : 0.763"
"62,3 : 0.763"
"3,63 : 0.7632"
"63,3 : 0.7632"
"3,64 : 0.8529"
"64,3 : 0.8529"
"3,65 : 0.4588"
"65,3 : 0.4588"
"3,66 : 0.7885"
"66,3 : 0.7885"
"3,67 : 0.4472"
"67,3 : 0.4472"
"3,68 : 0.9646"
"68,3 : 0.9646"
"3,69 : 0.8832"
"69,3 : 0.8832"
"3,70 : 0.3081"
"70,3 : 0.3081"
"3,71 : 0.8766"
"71,3 : 0.8766"
"3,72 : 0.3982"
"72,3 : 0.3982"
"3,73 : 0.3808"
"73,3 : 0.3808"
"3,74 : 0.5108"
"74,3 : 0.5108"
"3,75 : 0.5143"
"75,3 : 0.5143"
"3,76 : 0.31"
"76,3 : 0.31"
"3,77 : 0.3418"
"77,3 : 0.3418"
"3,78 : 0.645"
"78,3 : 0.645"
"3,79 : 0.7325"
"79,3 : 0.7325"
"3,80 : 0.8884"
"80,3 : 0.8884"
"3,81 : 0.7333"
"81,3 : 0.7333"
"3,82 : 0.1432"
"82,3 : 0.1432"
"3,83 : 0.9801"
"83,3 : 0.9801"
"3,84 : 0.3354"
"84,3 : 0.3354"
"3,85 : 0.3406"
"85,3 : 0.3406"
"3,86 : 0.8122"
"86,3 : 0.8122"
"3,87 : 0.7128"
"87,3 : 0.7128"
"3,88 : 0.8276"
"88,3 : 0.8276"
"3,89 : 0.4561"
"89,3 : 0.4561"
"3,90 : 0.6803"
"90,3 : 0.6803"
"3,91 : 0.8805"
"91,3 : 0.8805"
"3,92 : 0.6103"
"92,3 : 0.6103"
"3,93 : 0.6341"
"93,3 : 0.6341"
"3,94 : 0.3624"
"94,3 : 0.3624"
"3,95 : 0.6868"
"95,3 : 0.6868"
"3,96 : 0.6369"
"96,3 : 0.6369"
"3,97 : 0.4579"
"97,3 : 0.4579"
"3,98 : 0.2729"
"98,3 : 0.2729"
"3,99 : 0.7956"
"99,3 : 0.7956"
"4,5 : 0.845"
"5,4 : 0.845"
"4,6 : 0.7783"
"6,4 : 0.7783"
"4,7 : 0.6574"
"7,4 : 0.6574"
"4,8 : 0.4684"
"8,4 : 0.4684"
"4,9 : 0.4357"
"9,4 : 0.4357"
"4,10 : 0.1844"
"10,4 : 0.1844"
"4,11 : 0.333"
"11,4 : 0.333"
"4,12 : 0.3536"
"12,4 : 0.3536"
"4,13 : 0.6441"
"13,4 : 0.6441"
"4,14 : 0.6303"
"14,4 : 0.6303"
"4,15 : 0.4428"
"15,4 : 0.4428"
"4,16 : 0.5009"
"16,4 : 0.5009"
"4,17 : 0.29"
"17,4 : 0.29"
"4,18 : 0.5301"
"18,4 : 0.5301"
"4,19 : 0.5636"
"19,4 : 0.5636"
"4,20 : 0.6185"
"20,4 : 0.6185"
"4,21 : 0.3946"
"21,4 : 0.3946"
"4,22 : 0.3"
"22,4 : 0.3"
"4,23 : 0.5423"
"23,4 : 0.5423"
"4,24 : 0.5869"
"24,4 : 0.5869"
"4,25 : 0.6926"
"25,4 : 0.6926"
"4,26 : 0.2377"
"26,4 : 0.2377"
"4,27 : 0.5554"
"27,4 : 0.5554"
"4,28 : 0.6083"
"28,4 : 0.6083"
"4,29 : 0.6264"
"29,4 : 0.6264"
"4,30 : 0.2508"
"30,4 : 0.2508"
"4,31 : 0.322"
"31,4 : 0.322"
"4,32 : 0.55"
"32,4 : 0.55"
"4,33 : 0.2012"
"33,4 : 0.2012"
"4,34 : 0.3636"
"34,4 : 0.3636"
"4,35 : 0.394"
"35,4 : 0.394"
"4,36 : 0.2561"
"36,4 : 0.2561"
"4,37 : 0.1281"
"37,4 : 0.1281"
"4,38 : 0.1345"
"38,4 : 0.1345"
"4,39 : 0.5061"
"39,4 : 0.5061"
"4,40 : 0.23"
"40,4 : 0.23"
"4,41 : 0.2285"
"41,4 : 0.2285"
"4,42 : 0.6903"
"42,4 : 0.6903"
"4,43 : 0.1513"
"43,4 : 0.1513"
"4,44 : 0.6812"
"44,4 : 0.6812"
"4,45 : 0.4438"
"45,4 : 0.4438"
"4,46 : 0.5404"
"46,4 : 0.5404"
"4,47 : 0.3759"
"47,4 : 0.3759"
"4,48 : 0.4238"
"48,4 : 0.4238"
"4,49 : 0.3138"
"49,4 : 0.3138"
"4,50 : 0.333"
"50,4 : 0.333"
"4,51 : 0.3231"
"51,4 : 0.3231"
"4,52 : 0.2102"
"52,4 : 0.2102"
"4,53 : 0.6576"
"53,4 : 0.6576"
"4,54 : 0.278"
"54,4 : 0.278"
"4,55 : 0.6815"
"55,4 : 0.6815"
"4,56 : 0.4919"
"56,4 : 0.4919"
"4,57 : 0.8841"
"57,4 : 0.8841"
"4,58 : 0.12"
"58,4 : 0.12"
"4,59 : 0.628"
"59,4 : 0.628"
"4,60 : 0.3536"
"60,4 : 0.3536"
"4,61 : 0.5909"
"61,4 : 0.5909"
"4,62 : 0.3863"
"62,4 : 0.3863"
"4,63 : 0.3265"
"63,4 : 0.3265"
"4,64 : 0.3764"
"64,4 : 0.3764"
"4,65 : 0.4205"
"65,4 : 0.4205"
"4,66 : 0.1676"
"66,4 : 0.1676"
"4,67 : 0.2202"
"67,4 : 0.2202"
"4,68 : 0.5968"
"68,4 : 0.5968"
"4,69 : 0.6866"
"69,4 : 0.6866"
"4,70 : 0.7497"
"70,4 : 0.7497"
"4,71 : 0.7021"
"71,4 : 0.7021"
"4,72 : 0.5576"
"72,4 : 0.5576"
"4,73 : 0.392"
"73,4 : 0.392"
"4,74 : 0.4802"
"74,4 : 0.4802"
"4,75 : 0.4743"
"75,4 : 0.4743"
"4,76 : 0.372"
"76,4 : 0.372"
"4,77 : 0.5001"
"77,4 : 0.5001"
"4,78 : 0.3015"
"78,4 : 0.3015"
"4,79 : 0.3046"
"79,4 : 0.3046"
"4,80 : 0.6963"
"80,4 : 0.6963"
"4,81 : 0.1921"
"81,4 : 0.1921"
"4,82 : 0.507"
"82,4 : 0.507"
"4,83 : 0.3536"
"83,4 : 0.3536"
"4,84 : 0.4827"
"84,4 : 0.4827"
"4,85 : 0.6021"
"85,4 : 0.6021"
"4,86 : 0.4071"
"86,4 : 0.4071"
"4,87 : 0.1811"
"87,4 : 0.1811"
"4,88 : 0.2081"
"88,4 : 0.2081"
"4,89 : 0.559"
"89,4 : 0.559"
"4,90 : 0.25"
"90,4 : 0.25"
"4,91 : 0.3302"
"91,4 : 0.3302"
"4,92 : 0.1703"
"92,4 : 0.1703"
"4,93 : 0.3561"
"93,4 : 0.3561"
"4,94 : 0.3847"
"94,4 : 0.3847"
"4,95 : 0.0583"
"95,4 : 0.0583"
"4,96 : 0.0283"
"96,4 : 0.0283"
"4,97 : 0.7134"
"97,4 : 0.7134"
"4,98 : 0.5722"
"98,4 : 0.5722"
"4,99 : 0.4494"
"99,4 : 0.4494"
"5,6 : 0.1237"
"6,5 : 0.1237"
"5,7 : 0.2571"
"7,5 : 0.2571"
"5,8 : 0.7852"
"8,5 : 0.7852"
"5,9 : 0.7284"
"9,5 : 0.7284"
"5,10 : 0.9972"
"10,5 : 0.9972"
"5,11 : 0.5122"
"11,5 : 0.5122"
"5,12 : 0.6619"
"12,5 : 0.6619"
"5,13 : 0.253"
"13,5 : 0.253"
"5,14 : 0.2163"
"14,5 : 0.2163"
"5,15 : 0.7716"
"15,5 : 0.7716"
"5,16 : 0.8746"
"16,5 : 0.8746"
"5,17 : 0.8609"
"17,5 : 0.8609"
"5,18 : 0.5629"
"18,5 : 0.5629"
"5,19 : 0.7925"
"19,5 : 0.7925"
"5,20 : 0.3932"
"20,5 : 0.3932"
"5,21 : 0.5459"
"21,5 : 0.5459"
"5,22 : 0.8286"
"22,5 : 0.8286"
"5,23 : 0.8609"
"23,5 : 0.8609"
"5,24 : 0.5109"
"24,5 : 0.5109"
"5,25 : 0.4817"
"25,5 : 0.4817"
"5,26 : 0.7628"
"26,5 : 0.7628"
"5,27 : 0.8705"
"27,5 : 0.8705"
"5,28 : 0.93"
"28,5 : 0.93"
"5,29 : 0.8322"
"29,5 : 0.8322"
"5,30 : 0.656"
"30,5 : 0.656"
"5,31 : 0.5381"
"31,5 : 0.5381"
"5,32 : 0.3353"
"32,5 : 0.3353"
"5,33 : 0.9121"
"33,5 : 0.9121"
"5,34 : 0.8709"
"34,5 : 0.8709"
"5,35 : 0.478"
"35,5 : 0.478"
"5,36 : 0.8322"
"36,5 : 0.8322"
"5,37 : 0.9731"
"37,5 : 0.9731"
"5,38 : 0.9795"
"38,5 : 0.9795"
"5,39 : 0.9702"
"39,5 : 0.9702"
"5,40 : 1.0325"
"40,5 : 1.0325"
"5,41 : 0.65"
"41,5 : 0.65"
"5,42 : 0.22"
"42,5 : 0.22"
"5,43 : 0.7752"
"43,5 : 0.7752"
"5,44 : 0.164"
"44,5 : 0.164"
"5,45 : 0.8302"
"45,5 : 0.8302"
"5,46 : 0.5707"
"46,5 : 0.5707"
"5,47 : 1.2024"
"47,5 : 1.2024"
"5,48 : 0.5289"
"48,5 : 0.5289"
"5,49 : 0.586"
"49,5 : 0.586"
"5,50 : 0.5187"
"50,5 : 0.5187"
"5,51 : 0.8065"
"51,5 : 0.8065"
"5,52 : 0.7201"
"52,5 : 0.7201"
"5,53 : 0.197"
"53,5 : 0.197"
"5,54 : 0.8802"
"54,5 : 0.8802"
"5,55 : 0.9144"
"55,5 : 0.9144"
"5,56 : 0.7885"
"56,5 : 0.7885"
"5,57 : 0.1077"
"57,5 : 0.1077"
"5,58 : 0.9263"
"58,5 : 0.9263"
"5,59 : 0.7543"
"59,5 : 0.7543"
"5,60 : 0.4941"
"60,5 : 0.4941"
"5,61 : 0.41"
"61,5 : 0.41"
"5,62 : 0.7393"
"62,5 : 0.7393"
"5,63 : 0.7783"
"63,5 : 0.7783"
"5,64 : 0.8591"
"64,5 : 0.8591"
"5,65 : 0.45"
"65,5 : 0.45"
"5,66 : 0.922"
"66,5 : 0.922"
"5,67 : 0.6301"
"67,5 : 0.6301"
"5,68 : 0.8615"
"68,5 : 0.8615"
"5,69 : 0.6903"
"69,5 : 0.6903"
"5,70 : 0.13"
"70,5 : 0.13"
"5,71 : 0.6712"
"71,5 : 0.6712"
"5,72 : 0.3"
"72,5 : 0.3"
"5,73 : 0.4534"
"73,5 : 0.4534"
"5,74 : 0.9093"
"74,5 : 0.9093"
"5,75 : 0.4383"
"75,5 : 0.4383"
"5,76 : 0.4924"
"76,5 : 0.4924"
"5,77 : 0.7517"
"77,5 : 0.7517"
"5,78 : 0.6689"
"78,5 : 0.6689"
"5,79 : 0.7566"
"79,5 : 0.7566"
"5,80 : 0.6907"
"80,5 : 0.6907"
"5,81 : 0.828"
"81,5 : 0.828"
"5,82 : 0.4653"
"82,5 : 0.4653"
"5,83 : 1.1975"
"83,5 : 1.1975"
"5,84 : 0.3624"
"84,5 : 0.3624"
"5,85 : 0.7716"
"85,5 : 0.7716"
"5,86 : 0.7855"
"86,5 : 0.7855"
"5,87 : 0.9794"
"87,5 : 0.9794"
"5,88 : 1.0526"
"88,5 : 1.0526"
"5,89 : 0.3265"
"89,5 : 0.3265"
"5,90 : 0.735"
"90,5 : 0.735"
"5,91 : 0.9315"
"91,5 : 0.9315"
"5,92 : 0.8907"
"92,5 : 0.8907"
"5,93 : 0.9835"
"93,5 : 0.9835"
"5,94 : 0.7278"
"94,5 : 0.7278"
"5,95 : 0.8559"
"95,5 : 0.8559"
"5,96 : 0.8481"
"96,5 : 0.8481"
"5,97 : 0.1746"
"97,5 : 0.1746"
"5,98 : 0.7006"
"98,5 : 0.7006"
"5,99 : 0.7368"
"99,5 : 0.7368"
"6,7 : 0.2864"
"7,6 : 0.2864"
"6,8 : 0.6708"
"8,6 : 0.6708"
"6,9 : 0.6161"
"9,6 : 0.6161"
"6,10 : 0.942"
"10,6 : 0.942"
"6,11 : 0.4482"
"11,6 : 0.4482"
"6,12 : 0.6456"
"12,6 : 0.6456"
"6,13 : 0.2729"
"13,6 : 0.2729"
"6,14 : 0.1616"
"14,6 : 0.1616"
"6,15 : 0.771"
"15,6 : 0.771"
"6,16 : 0.7595"
"16,6 : 0.7595"
"6,17 : 0.8338"
"17,6 : 0.8338"
"6,18 : 0.58"
"18,6 : 0.58"
"6,19 : 0.8102"
"19,6 : 0.8102"
"6,20 : 0.4258"
"20,6 : 0.4258"
"6,21 : 0.5289"
"21,6 : 0.5289"
"6,22 : 0.8041"
"22,6 : 0.8041"
"6,23 : 0.7433"
"23,6 : 0.7433"
"6,24 : 0.39"
"24,6 : 0.39"
"6,25 : 0.5345"
"25,6 : 0.5345"
"6,26 : 0.7292"
"26,6 : 0.7292"
"6,27 : 0.7524"
"27,6 : 0.7524"
"6,28 : 0.8106"
"28,6 : 0.8106"
"6,29 : 0.7106"
"29,6 : 0.7106"
"6,30 : 0.6172"
"30,6 : 0.6172"
"6,31 : 0.4924"
"31,6 : 0.4924"
"6,32 : 0.2385"
"32,6 : 0.2385"
"6,33 : 0.8695"
"33,6 : 0.8695"
"6,34 : 0.7655"
"34,6 : 0.7655"
"6,35 : 0.4438"
"35,6 : 0.4438"
"6,36 : 0.8011"
"36,6 : 0.8011"
"6,37 : 0.9052"
"37,6 : 0.9052"
"6,38 : 0.9124"
"38,6 : 0.9124"
"6,39 : 0.857"
"39,6 : 0.857"
"6,40 : 0.95"
"40,6 : 0.95"
"6,41 : 0.5685"
"41,6 : 0.5685"
"6,42 : 0.1044"
"42,6 : 0.1044"
"6,43 : 0.692"
"43,6 : 0.692"
"6,44 : 0.1304"
"44,6 : 0.1304"
"6,45 : 0.7181"
"45,6 : 0.7181"
"6,46 : 0.5901"
"46,6 : 0.5901"
"6,47 : 1.1463"
"47,6 : 1.1463"
"6,48 : 0.4254"
"48,6 : 0.4254"
"6,49 : 0.4965"
"49,6 : 0.4965"
"6,50 : 0.4455"
"50,6 : 0.4455"
"6,51 : 0.7038"
"51,6 : 0.7038"
"6,52 : 0.6325"
"52,6 : 0.6325"
"6,53 : 0.1253"
"53,6 : 0.1253"
"6,54 : 0.7826"
"54,6 : 0.7826"
"6,55 : 0.7923"
"55,6 : 0.7923"
"6,56 : 0.7951"
"56,6 : 0.7951"
"6,57 : 0.1063"
"57,6 : 0.1063"
"6,58 : 0.8701"
"58,6 : 0.8701"
"6,59 : 0.632"
"59,6 : 0.632"
"6,60 : 0.4252"
"60,6 : 0.4252"
"6,61 : 0.2915"
"61,6 : 0.2915"
"6,62 : 0.7301"
"62,6 : 0.7301"
"6,63 : 0.7589"
"63,6 : 0.7589"
"6,64 : 0.8448"
"64,6 : 0.8448"
"6,65 : 0.4179"
"65,6 : 0.4179"
"6,66 : 0.8737"
"66,6 : 0.8737"
"6,67 : 0.5587"
"67,6 : 0.5587"
"6,68 : 0.8802"
"68,6 : 0.8802"
"6,69 : 0.7335"
"69,6 : 0.7335"
"6,70 : 0.0316"
"70,6 : 0.0316"
"6,71 : 0.7181"
"71,6 : 0.7181"
"6,72 : 0.2766"
"72,6 : 0.2766"
"6,73 : 0.3966"
"73,6 : 0.3966"
"6,74 : 0.7962"
"74,6 : 0.7962"
"6,75 : 0.4276"
"75,6 : 0.4276"
"6,76 : 0.4111"
"76,6 : 0.4111"
"6,77 : 0.6351"
"77,6 : 0.6351"
"6,78 : 0.6426"
"78,6 : 0.6426"
"6,79 : 0.7339"
"79,6 : 0.7339"
"6,80 : 0.7355"
"80,6 : 0.7355"
"6,81 : 0.7877"
"81,6 : 0.7877"
"6,82 : 0.3544"
"82,6 : 0.3544"
"6,83 : 1.1317"
"83,6 : 1.1317"
"6,84 : 0.3053"
"84,6 : 0.3053"
"6,85 : 0.6503"
"85,6 : 0.6503"
"6,86 : 0.7788"
"86,6 : 0.7788"
"6,87 : 0.8981"
"87,6 : 0.8981"
"6,88 : 0.9829"
"88,6 : 0.9829"
"6,89 : 0.3214"
"89,6 : 0.3214"
"6,90 : 0.7026"
"90,6 : 0.7026"
"6,91 : 0.9062"
"91,6 : 0.9062"
"6,92 : 0.8045"
"92,6 : 0.8045"
"6,93 : 0.8824"
"93,6 : 0.8824"
"6,94 : 0.6198"
"94,6 : 0.6198"
"6,95 : 0.7965"
"95,6 : 0.7965"
"6,96 : 0.7778"
"96,6 : 0.7778"
"6,97 : 0.2154"
"97,6 : 0.2154"
"6,98 : 0.58"
"98,6 : 0.58"
"6,99 : 0.7382"
"99,6 : 0.7382"
"7,8 : 0.7376"
"8,7 : 0.7376"
"7,9 : 0.6747"
"9,7 : 0.6747"
"7,10 : 0.786"
"10,7 : 0.786"
"7,11 : 0.3471"
"11,7 : 0.3471"
"7,12 : 0.4162"
"12,7 : 0.4162"
"7,13 : 0.0224"
"13,7 : 0.0224"
"7,14 : 0.1769"
"14,7 : 0.1769"
"7,15 : 0.5162"
"15,7 : 0.5162"
"7,16 : 0.8257"
"16,7 : 0.8257"
"7,17 : 0.6201"
"17,7 : 0.6201"
"7,18 : 0.3059"
"18,7 : 0.3059"
"7,19 : 0.536"
"19,7 : 0.536"
"7,20 : 0.1404"
"20,7 : 0.1404"
"7,21 : 0.3048"
"21,7 : 0.3048"
"7,22 : 0.586"
"22,7 : 0.586"
"7,23 : 0.8271"
"23,7 : 0.8271"
"7,24 : 0.53"
"24,7 : 0.53"
"7,25 : 0.2508"
"25,7 : 0.2508"
"7,26 : 0.5304"
"26,7 : 0.5304"
"7,27 : 0.8393"
"27,7 : 0.8393"
"7,28 : 0.9052"
"28,7 : 0.9052"
"7,29 : 0.8301"
"29,7 : 0.8301"
"7,30 : 0.4342"
"30,7 : 0.4342"
"7,31 : 0.3354"
"31,7 : 0.3354"
"7,32 : 0.3002"
"32,7 : 0.3002"
"7,33 : 0.6862"
"33,7 : 0.6862"
"7,34 : 0.7803"
"34,7 : 0.7803"
"7,35 : 0.2642"
"35,7 : 0.2642"
"7,36 : 0.5955"
"36,7 : 0.5955"
"7,37 : 0.7829"
"37,7 : 0.7829"
"7,38 : 0.7877"
"38,7 : 0.7877"
"7,39 : 0.9067"
"39,7 : 0.9067"
"7,40 : 0.8698"
"40,7 : 0.8698"
"7,41 : 0.5064"
"41,7 : 0.5064"
"7,42 : 0.2968"
"42,7 : 0.2968"
"7,43 : 0.6259"
"43,7 : 0.6259"
"7,44 : 0.1655"
"44,7 : 0.1655"
"7,45 : 0.7694"
"45,7 : 0.7694"
"7,46 : 0.314"
"46,7 : 0.314"
"7,47 : 0.9886"
"47,7 : 0.9886"
"7,48 : 0.4632"
"48,7 : 0.4632"
"7,49 : 0.47"
"49,7 : 0.47"
"7,50 : 0.3722"
"50,7 : 0.3722"
"7,51 : 0.7101"
"51,7 : 0.7101"
"7,52 : 0.5855"
"52,7 : 0.5855"
"7,53 : 0.2081"
"53,7 : 0.2081"
"7,54 : 0.7632"
"54,7 : 0.7632"
"7,55 : 0.9155"
"55,7 : 0.9155"
"7,56 : 0.5316"
"56,7 : 0.5316"
"7,57 : 0.3506"
"57,7 : 0.3506"
"7,58 : 0.7185"
"58,7 : 0.7185"
"7,59 : 0.7649"
"59,7 : 0.7649"
"7,60 : 0.3423"
"60,7 : 0.3423"
"7,61 : 0.4301"
"61,7 : 0.4301"
"7,62 : 0.4876"
"62,7 : 0.4876"
"7,63 : 0.5325"
"63,7 : 0.5325"
"7,64 : 0.609"
"64,7 : 0.609"
"7,65 : 0.2371"
"65,7 : 0.2371"
"7,66 : 0.7029"
"66,7 : 0.7029"
"7,67 : 0.4657"
"67,7 : 0.4657"
"7,68 : 0.6053"
"68,7 : 0.6053"
"7,69 : 0.4472"
"69,7 : 0.4472"
"7,70 : 0.2596"
"70,7 : 0.2596"
"7,71 : 0.4317"
"71,7 : 0.4317"
"7,72 : 0.1204"
"72,7 : 0.1204"
"7,73 : 0.2844"
"73,7 : 0.2844"
"7,74 : 0.8485"
"74,7 : 0.8485"
"7,75 : 0.198"
"75,7 : 0.198"
"7,76 : 0.3701"
"76,7 : 0.3701"
"7,77 : 0.7184"
"77,7 : 0.7184"
"7,78 : 0.4319"
"78,7 : 0.4319"
"7,79 : 0.514"
"79,7 : 0.514"
"7,80 : 0.4491"
"80,7 : 0.4491"
"7,81 : 0.6014"
"81,7 : 0.6014"
"7,82 : 0.4386"
"82,7 : 0.4386"
"7,83 : 0.9986"
"83,7 : 0.9986"
"7,84 : 0.2209"
"84,7 : 0.2209"
"7,85 : 0.7708"
"85,7 : 0.7708"
"7,86 : 0.5323"
"86,7 : 0.5323"
"7,87 : 0.816"
"87,7 : 0.816"
"7,88 : 0.8635"
"88,7 : 0.8635"
"7,89 : 0.0985"
"89,7 : 0.0985"
"7,90 : 0.5021"
"90,7 : 0.5021"
"7,91 : 0.6882"
"91,7 : 0.6882"
"7,92 : 0.7422"
"92,7 : 0.7422"
"7,93 : 0.8728"
"93,7 : 0.8728"
"7,94 : 0.6562"
"94,7 : 0.6562"
"7,95 : 0.6551"
"95,7 : 0.6551"
"7,96 : 0.6671"
"96,7 : 0.6671"
"7,97 : 0.0825"
"97,7 : 0.0825"
"7,98 : 0.6986"
"98,7 : 0.6986"
"7,99 : 0.481"
"99,7 : 0.481"
"8,9 : 0.0632"
"9,8 : 0.0632"
"8,10 : 0.6364"
"10,8 : 0.6364"
"8,11 : 0.4442"
"11,8 : 0.4442"
"8,12 : 0.6931"
"12,8 : 0.6931"
"8,13 : 0.7159"
"13,8 : 0.7159"
"8,14 : 0.6007"
"14,8 : 0.6007"
"8,15 : 0.831"
"15,8 : 0.831"
"8,16 : 0.09"
"16,8 : 0.09"
"8,17 : 0.7336"
"17,8 : 0.7336"
"8,18 : 0.8045"
"18,8 : 0.8045"
"8,19 : 0.9411"
"19,8 : 0.9411"
"8,20 : 0.7892"
"20,8 : 0.7892"
"8,21 : 0.65"
"21,8 : 0.65"
"8,22 : 0.7306"
"22,8 : 0.7306"
"8,23 : 0.0943"
"23,8 : 0.0943"
"8,24 : 0.2955"
"24,8 : 0.2955"
"8,25 : 0.908"
"25,8 : 0.908"
"8,26 : 0.6435"
"26,8 : 0.6435"
"8,27 : 0.1082"
"27,8 : 0.1082"
"8,28 : 0.1749"
"28,8 : 0.1749"
"8,29 : 0.1581"
"29,8 : 0.1581"
"8,30 : 0.5738"
"30,8 : 0.5738"
"8,31 : 0.522"
"31,8 : 0.522"
"8,32 : 0.4601"
"32,8 : 0.4601"
"8,33 : 0.6673"
"33,8 : 0.6673"
"8,34 : 0.1523"
"34,8 : 0.1523"
"8,35 : 0.5694"
"35,8 : 0.5694"
"8,36 : 0.6935"
"36,8 : 0.6935"
"8,37 : 0.5308"
"37,8 : 0.5308"
"8,38 : 0.5408"
"38,8 : 0.5408"
"8,39 : 0.1868"
"39,8 : 0.1868"
"8,40 : 0.461"
"40,8 : 0.461"
"8,41 : 0.3256"
"41,8 : 0.3256"
"8,42 : 0.5672"
"42,8 : 0.5672"
"8,43 : 0.3195"
"43,8 : 0.3195"
"8,44 : 0.6501"
"44,8 : 0.6501"
"8,45 : 0.0566"
"45,8 : 0.0566"
"8,46 : 0.8184"
"46,8 : 0.8184"
"8,47 : 0.7816"
"47,8 : 0.7816"
"8,48 : 0.2746"
"48,8 : 0.2746"
"8,49 : 0.2968"
"49,8 : 0.2968"
"8,50 : 0.4031"
"50,8 : 0.4031"
"8,51 : 0.1503"
"51,8 : 0.1503"
"8,52 : 0.2778"
"52,8 : 0.2778"
"8,53 : 0.6001"
"53,8 : 0.6001"
"8,54 : 0.2335"
"54,8 : 0.2335"
"8,55 : 0.222"
"55,8 : 0.222"
"8,56 : 0.8797"
"56,8 : 0.8797"
"8,57 : 0.764"
"57,8 : 0.764"
"8,58 : 0.5846"
"58,8 : 0.5846"
"8,59 : 0.1726"
"59,8 : 0.1726"
"8,60 : 0.4294"
"60,8 : 0.4294"
"8,61 : 0.3808"
"61,8 : 0.3808"
"8,62 : 0.7669"
"62,8 : 0.7669"
"8,63 : 0.7324"
"63,8 : 0.7324"
"8,64 : 0.8078"
"64,8 : 0.8078"
"8,65 : 0.5771"
"65,8 : 0.5771"
"8,66 : 0.636"
"66,8 : 0.636"
"8,67 : 0.389"
"67,8 : 0.389"
"8,68 : 0.9936"
"68,8 : 0.9936"
"8,69 : 1.0"
"69,8 : 1.0"
"8,70 : 0.6562"
"70,8 : 0.6562"
"8,71 : 1.0044"
"71,8 : 1.0044"
"8,72 : 0.6185"
"72,8 : 0.6185"
"8,73 : 0.4875"
"73,8 : 0.4875"
"8,74 : 0.1265"
"74,8 : 0.1265"
"8,75 : 0.653"
"75,8 : 0.653"
"8,76 : 0.3808"
"76,8 : 0.3808"
"8,77 : 0.05"
"77,8 : 0.05"
"8,78 : 0.6444"
"78,8 : 0.6444"
"8,79 : 0.7021"
"79,8 : 0.7021"
"8,80 : 1.008"
"80,8 : 1.008"
"8,81 : 0.6351"
"81,8 : 0.6351"
"8,82 : 0.3206"
"82,8 : 0.3206"
"8,83 : 0.7102"
"83,8 : 0.7102"
"8,84 : 0.5192"
"84,8 : 0.5192"
"8,85 : 0.1404"
"85,8 : 0.1404"
"8,86 : 0.806"
"86,8 : 0.806"
"8,87 : 0.4329"
"87,8 : 0.4329"
"8,88 : 0.5714"
"88,8 : 0.5714"
"8,89 : 0.661"
"89,8 : 0.661"
"8,90 : 0.6382"
"90,8 : 0.6382"
"8,91 : 0.7879"
"91,8 : 0.7879"
"8,92 : 0.34"
"92,8 : 0.34"
"8,93 : 0.2746"
"93,8 : 0.2746"
"8,94 : 0.099"
"94,8 : 0.099"
"8,95 : 0.525"
"95,8 : 0.525"
"8,96 : 0.4438"
"96,8 : 0.4438"
"8,97 : 0.7443"
"97,8 : 0.7443"
"8,98 : 0.1442"
"98,8 : 0.1442"
"8,99 : 0.8213"
"99,8 : 0.8213"
"9,10 : 0.6107"
"10,9 : 0.6107"
"9,11 : 0.3828"
"11,9 : 0.3828"
"9,12 : 0.6378"
"12,9 : 0.6378"
"9,13 : 0.6531"
"13,9 : 0.6531"
"9,14 : 0.5401"
"14,9 : 0.5401"
"9,15 : 0.778"
"15,9 : 0.778"
"9,16 : 0.1513"
"16,9 : 0.1513"
"9,17 : 0.6894"
"17,9 : 0.6894"
"9,18 : 0.744"
"18,9 : 0.744"
"9,19 : 0.8862"
"19,9 : 0.8862"
"9,20 : 0.7262"
"20,9 : 0.7262"
"9,21 : 0.5903"
"21,9 : 0.5903"
"9,22 : 0.6843"
"22,9 : 0.6843"
"9,23 : 0.1565"
"23,9 : 0.1565"
"9,24 : 0.2524"
"24,9 : 0.2524"
"9,25 : 0.8453"
"25,9 : 0.8453"
"9,26 : 0.5954"
"26,9 : 0.5954"
"9,27 : 0.17"
"27,9 : 0.17"
"9,28 : 0.2371"
"28,9 : 0.2371"
"9,29 : 0.2025"
"29,9 : 0.2025"
"9,30 : 0.5201"
"30,9 : 0.5201"
"9,31 : 0.4623"
"31,9 : 0.4623"
"9,32 : 0.4001"
"32,9 : 0.4001"
"9,33 : 0.6306"
"33,9 : 0.6306"
"9,34 : 0.1697"
"34,9 : 0.1697"
"9,35 : 0.5077"
"35,9 : 0.5077"
"9,36 : 0.6488"
"36,9 : 0.6488"
"9,37 : 0.5109"
"37,9 : 0.5109"
"9,38 : 0.5209"
"38,9 : 0.5209"
"9,39 : 0.2419"
"39,9 : 0.2419"
"9,40 : 0.4588"
"40,9 : 0.4588"
"9,41 : 0.272"
"41,9 : 0.272"
"9,42 : 0.512"
"42,9 : 0.512"
"9,43 : 0.2844"
"43,9 : 0.2844"
"9,44 : 0.5901"
"44,9 : 0.5901"
"9,45 : 0.102"
"45,9 : 0.102"
"9,46 : 0.758"
"46,9 : 0.758"
"9,47 : 0.7679"
"47,9 : 0.7679"
"9,48 : 0.2121"
"48,9 : 0.2121"
"9,49 : 0.236"
"49,9 : 0.236"
"9,50 : 0.3413"
"50,9 : 0.3413"
"9,51 : 0.1393"
"51,9 : 0.1393"
"9,52 : 0.2341"
"52,9 : 0.2341"
"9,53 : 0.5408"
"53,9 : 0.5408"
"9,54 : 0.2326"
"54,9 : 0.2326"
"9,55 : 0.2759"
"55,9 : 0.2759"
"9,56 : 0.8262"
"56,9 : 0.8262"
"9,57 : 0.7117"
"57,9 : 0.7117"
"9,58 : 0.5544"
"58,9 : 0.5544"
"9,59 : 0.1924"
"59,9 : 0.1924"
"9,60 : 0.3672"
"60,9 : 0.3672"
"9,61 : 0.3289"
"61,9 : 0.3289"
"9,62 : 0.714"
"62,9 : 0.714"
"9,63 : 0.6826"
"63,9 : 0.6826"
"9,64 : 0.7606"
"64,9 : 0.7606"
"9,65 : 0.5148"
"65,9 : 0.5148"
"9,66 : 0.6021"
"66,9 : 0.6021"
"9,67 : 0.3342"
"67,9 : 0.3342"
"9,68 : 0.9402"
"68,9 : 0.9402"
"9,69 : 0.9402"
"69,9 : 0.9402"
"9,70 : 0.6002"
"70,9 : 0.6002"
"9,71 : 0.944"
"71,9 : 0.944"
"9,72 : 0.5554"
"72,9 : 0.5554"
"9,73 : 0.4249"
"73,9 : 0.4249"
"9,74 : 0.1811"
"74,9 : 0.1811"
"9,75 : 0.5906"
"75,9 : 0.5906"
"9,76 : 0.3178"
"76,9 : 0.3178"
"9,77 : 0.0671"
"77,9 : 0.0671"
"9,78 : 0.5903"
"78,9 : 0.5903"
"9,79 : 0.6519"
"79,9 : 0.6519"
"9,80 : 0.9481"
"80,9 : 0.9481"
"9,81 : 0.5924"
"81,9 : 0.5924"
"9,82 : 0.2631"
"82,9 : 0.2631"
"9,83 : 0.7034"
"83,9 : 0.7034"
"9,84 : 0.4561"
"84,9 : 0.4561"
"9,85 : 0.1676"
"85,9 : 0.1676"
"9,86 : 0.7545"
"86,9 : 0.7545"
"9,87 : 0.4245"
"87,9 : 0.4245"
"9,88 : 0.559"
"88,9 : 0.559"
"9,89 : 0.5977"
"89,9 : 0.5977"
"9,90 : 0.5883"
"90,9 : 0.5883"
"9,91 : 0.7467"
"91,9 : 0.7467"
"9,92 : 0.3256"
"92,9 : 0.3256"
"9,93 : 0.297"
"93,9 : 0.297"
"9,94 : 0.051"
"94,9 : 0.051"
"9,95 : 0.4903"
"95,9 : 0.4903"
"9,96 : 0.413"
"96,9 : 0.413"
"9,97 : 0.6826"
"97,9 : 0.6826"
"9,98 : 0.1414"
"98,9 : 0.1414"
"9,99 : 0.7669"
"99,9 : 0.7669"
"10,11 : 0.4941"
"11,10 : 0.4941"
"10,12 : 0.4111"
"12,10 : 0.4111"
"10,13 : 0.7762"
"13,10 : 0.7762"
"10,14 : 0.7875"
"14,10 : 0.7875"
"10,15 : 0.4401"
"15,10 : 0.4401"
"10,16 : 0.6552"
"16,10 : 0.6552"
"10,17 : 0.2508"
"17,10 : 0.2508"
"10,18 : 0.5948"
"18,10 : 0.5948"
"10,19 : 0.5533"
"19,10 : 0.5533"
"10,20 : 0.7201"
"20,10 : 0.7201"
"10,21 : 0.4924"
"21,10 : 0.4924"
"10,22 : 0.28"
"22,10 : 0.28"
"10,23 : 0.7009"
"23,10 : 0.7009"
"10,24 : 0.7713"
"24,10 : 0.7713"
"10,25 : 0.7684"
"25,10 : 0.7684"
"10,26 : 0.2751"
"26,10 : 0.2751"
"10,27 : 0.7131"
"27,10 : 0.7131"
"10,28 : 0.7589"
"28,10 : 0.7589"
"10,29 : 0.7925"
"29,10 : 0.7925"
"10,30 : 0.3523"
"30,10 : 0.3523"
"10,31 : 0.4597"
"31,10 : 0.4597"
"10,32 : 0.722"
"32,10 : 0.722"
"10,33 : 0.13"
"33,10 : 0.13"
"10,34 : 0.5124"
"34,10 : 0.5124"
"10,35 : 0.525"
"35,10 : 0.525"
"10,36 : 0.2408"
"36,10 : 0.2408"
"10,37 : 0.1166"
"37,10 : 0.1166"
"10,38 : 0.1082"
"38,10 : 0.1082"
"10,39 : 0.6398"
"39,10 : 0.6398"
"10,40 : 0.2617"
"40,10 : 0.2617"
"10,41 : 0.4111"
"41,10 : 0.4111"
"10,42 : 0.8598"
"42,10 : 0.8598"
"10,43 : 0.3306"
"43,10 : 0.3306"
"10,44 : 0.8355"
"44,10 : 0.8355"
"10,45 : 0.6042"
"45,10 : 0.6042"
"10,46 : 0.6017"
"46,10 : 0.6017"
"10,47 : 0.2052"
"47,10 : 0.2052"
"10,48 : 0.6073"
"48,10 : 0.6073"
"10,49 : 0.4965"
"49,10 : 0.4965"
"10,50 : 0.5025"
"50,10 : 0.5025"
"10,51 : 0.4866"
"51,10 : 0.4866"
"10,52 : 0.3932"
"52,10 : 0.3932"
"10,53 : 0.8184"
"53,10 : 0.8184"
"10,54 : 0.4206"
"54,10 : 0.4206"
"10,55 : 0.8393"
"55,10 : 0.8393"
"10,56 : 0.4817"
"56,10 : 0.4817"
"10,57 : 1.0464"
"57,10 : 1.0464"
"10,58 : 0.0721"
"58,10 : 0.0721"
"10,59 : 0.8022"
"59,10 : 0.8022"
"10,60 : 0.5187"
"60,10 : 0.5187"
"10,61 : 0.7725"
"61,10 : 0.7725"
"10,62 : 0.402"
"62,10 : 0.402"
"10,63 : 0.3314"
"63,10 : 0.3314"
"10,64 : 0.3354"
"64,10 : 0.3354"
"10,65 : 0.5532"
"65,10 : 0.5532"
"10,66 : 0.0922"
"66,10 : 0.0922"
"10,67 : 0.3936"
"67,10 : 0.3936"
"10,68 : 0.5652"
"68,10 : 0.5652"
"10,69 : 0.7106"
"69,10 : 0.7106"
"10,70 : 0.9121"
"70,10 : 0.9121"
"10,71 : 0.7317"
"71,10 : 0.7317"
"10,72 : 0.7004"
"72,10 : 0.7004"
"10,73 : 0.5467"
"73,10 : 0.5467"
"10,74 : 0.6263"
"74,10 : 0.6263"
"10,75 : 0.5908"
"75,10 : 0.5908"
"10,76 : 0.5459"
"76,10 : 0.5459"
"10,77 : 0.6727"
"77,10 : 0.6727"
"10,78 : 0.3716"
"78,10 : 0.3716"
"10,79 : 0.3256"
"79,10 : 0.3256"
"10,80 : 0.7206"
"80,10 : 0.7206"
"10,81 : 0.1992"
"81,10 : 0.1992"
"10,82 : 0.6895"
"82,10 : 0.6895"
"10,83 : 0.2214"
"83,10 : 0.2214"
"10,84 : 0.6389"
"84,10 : 0.6389"
"10,85 : 0.7741"
"85,10 : 0.7741"
"10,86 : 0.4001"
"86,10 : 0.4001"
"10,87 : 0.2441"
"87,10 : 0.2441"
"10,88 : 0.1432"
"88,10 : 0.1432"
"10,89 : 0.6903"
"89,10 : 0.6903"
"10,90 : 0.3008"
"90,10 : 0.3008"
"10,91 : 0.247"
"91,10 : 0.247"
"10,92 : 0.3036"
"92,10 : 0.3036"
"10,93 : 0.4665"
"93,10 : 0.4665"
"10,94 : 0.5604"
"94,10 : 0.5604"
"10,95 : 0.1476"
"95,10 : 0.1476"
"10,96 : 0.201"
"96,10 : 0.201"
"10,97 : 0.8515"
"97,10 : 0.8515"
"10,98 : 0.7501"
"98,10 : 0.7501"
"10,99 : 0.4604"
"99,10 : 0.4604"
"11,12 : 0.2879"
"12,11 : 0.2879"
"11,13 : 0.3298"
"13,11 : 0.3298"
"11,14 : 0.2973"
"14,11 : 0.2973"
"11,15 : 0.4366"
"15,11 : 0.4366"
"11,16 : 0.5233"
"16,11 : 0.5233"
"11,17 : 0.4219"
"17,11 : 0.4219"
"11,18 : 0.3624"
"18,11 : 0.3624"
"11,19 : 0.5284"
"19,11 : 0.5284"
"11,20 : 0.3569"
"20,11 : 0.3569"
"11,21 : 0.2126"
"21,11 : 0.2126"
"11,22 : 0.4001"
"22,11 : 0.4001"
"11,23 : 0.5385"
"23,11 : 0.5385"
"11,24 : 0.3669"
"24,11 : 0.3669"
"11,25 : 0.4682"
"25,11 : 0.4682"
"11,26 : 0.3114"
"26,11 : 0.3114"
"11,27 : 0.5523"
"27,11 : 0.5523"
"11,28 : 0.6191"
"28,11 : 0.6191"
"11,29 : 0.5738"
"29,11 : 0.5738"
"11,30 : 0.2"
"30,11 : 0.2"
"11,31 : 0.0894"
"31,11 : 0.0894"
"11,32 : 0.2341"
"32,11 : 0.2341"
"11,33 : 0.4308"
"33,11 : 0.4308"
"11,34 : 0.4491"
"34,11 : 0.4491"
"11,35 : 0.1253"
"35,11 : 0.1253"
"11,36 : 0.3833"
"36,11 : 0.3833"
"11,37 : 0.461"
"37,11 : 0.461"
"11,38 : 0.4675"
"38,11 : 0.4675"
"11,39 : 0.5882"
"39,11 : 0.5882"
"11,40 : 0.528"
"40,11 : 0.528"
"11,41 : 0.1603"
"41,11 : 0.1603"
"11,42 : 0.3672"
"42,11 : 0.3672"
"11,43 : 0.2789"
"43,11 : 0.2789"
"11,44 : 0.3483"
"44,11 : 0.3483"
"11,45 : 0.461"
"45,11 : 0.461"
"11,46 : 0.3764"
"46,11 : 0.3764"
"11,47 : 0.6981"
"47,11 : 0.6981"
"11,48 : 0.211"
"48,11 : 0.211"
"11,49 : 0.1476"
"49,11 : 0.1476"
"11,50 : 0.0424"
"50,11 : 0.0424"
"11,51 : 0.3785"
"51,11 : 0.3785"
"11,52 : 0.2402"
"52,11 : 0.2402"
"11,53 : 0.3256"
"53,11 : 0.3256"
"11,54 : 0.42"
"54,11 : 0.42"
"11,55 : 0.6544"
"55,11 : 0.6544"
"11,56 : 0.4793"
"56,11 : 0.4793"
"11,57 : 0.5532"
"57,11 : 0.5532"
"11,58 : 0.422"
"58,11 : 0.422"
"11,59 : 0.5315"
"59,11 : 0.5315"
"11,60 : 0.03"
"60,11 : 0.03"
"11,61 : 0.3202"
"61,11 : 0.3202"
"11,62 : 0.3764"
"62,11 : 0.3764"
"11,63 : 0.3722"
"63,11 : 0.3722"
"11,64 : 0.4617"
"64,11 : 0.4617"
"11,65 : 0.136"
"65,11 : 0.136"
"11,66 : 0.4294"
"66,11 : 0.4294"
"11,67 : 0.1208"
"67,11 : 0.1208"
"11,68 : 0.5903"
"68,11 : 0.5903"
"11,69 : 0.5597"
"69,11 : 0.5597"
"11,70 : 0.4187"
"70,11 : 0.4187"
"11,71 : 0.5622"
"71,11 : 0.5622"
"11,72 : 0.2341"
"72,11 : 0.2341"
"11,73 : 0.0632"
"73,11 : 0.0632"
"11,74 : 0.5349"
"74,11 : 0.5349"
"11,75 : 0.2119"
"75,11 : 0.2119"
"11,76 : 0.0854"
"76,11 : 0.0854"
"11,77 : 0.442"
"77,11 : 0.442"
"11,78 : 0.255"
"78,11 : 0.255"
"11,79 : 0.3413"
"79,11 : 0.3413"
"11,80 : 0.5673"
"80,11 : 0.5673"
"11,81 : 0.3544"
"81,11 : 0.3544"
"11,82 : 0.2571"
"82,11 : 0.2571"
"11,83 : 0.6862"
"83,11 : 0.6862"
"11,84 : 0.15"
"84,11 : 0.15"
"11,85 : 0.5233"
"85,11 : 0.5233"
"11,86 : 0.4245"
"86,11 : 0.4245"
"11,87 : 0.4742"
"87,11 : 0.4742"
"11,88 : 0.5404"
"88,11 : 0.5404"
"11,89 : 0.2518"
"89,11 : 0.2518"
"11,90 : 0.2902"
"90,11 : 0.2902"
"11,91 : 0.4937"
"91,11 : 0.4937"
"11,92 : 0.3956"
"92,11 : 0.3956"
"11,93 : 0.53"
"93,11 : 0.53"
"11,94 : 0.3489"
"94,11 : 0.3489"
"11,95 : 0.3483"
"95,11 : 0.3483"
"11,96 : 0.336"
"96,11 : 0.336"
"11,97 : 0.39"
"97,11 : 0.39"
"11,98 : 0.461"
"98,11 : 0.461"
"11,99 : 0.4163"
"99,11 : 0.4163"
"12,13 : 0.4134"
"13,12 : 0.4134"
"12,14 : 0.4851"
"14,12 : 0.4851"
"12,15 : 0.1487"
"15,12 : 0.1487"
"12,16 : 0.7582"
"16,12 : 0.7582"
"12,17 : 0.2052"
"17,12 : 0.2052"
"12,18 : 0.1844"
"18,12 : 0.1844"
"12,19 : 0.2484"
"19,12 : 0.2484"
"12,20 : 0.3202"
"20,12 : 0.3202"
"12,21 : 0.117"
"21,12 : 0.117"
"12,22 : 0.1703"
"22,12 : 0.1703"
"12,23 : 0.7849"
"23,12 : 0.7849"
"12,24 : 0.6546"
"24,12 : 0.6546"
"12,25 : 0.3574"
"25,12 : 0.3574"
"12,26 : 0.136"
"26,12 : 0.136"
"12,27 : 0.7991"
"27,12 : 0.7991"
"12,28 : 0.8631"
"28,12 : 0.8631"
"12,29 : 0.8387"
"29,12 : 0.8387"
"12,30 : 0.1221"
"30,12 : 0.1221"
"12,31 : 0.1992"
"31,12 : 0.1992"
"12,32 : 0.4904"
"32,12 : 0.4904"
"12,33 : 0.2907"
"33,12 : 0.2907"
"12,34 : 0.649"
"34,12 : 0.649"
"12,35 : 0.2102"
"35,12 : 0.2102"
"12,36 : 0.186"
"36,12 : 0.186"
"12,37 : 0.451"
"37,12 : 0.451"
"12,38 : 0.4518"
"38,12 : 0.4518"
"12,39 : 0.7988"
"39,12 : 0.7988"
"12,40 : 0.5822"
"40,12 : 0.5822"
"12,41 : 0.3677"
"41,12 : 0.3677"
"12,42 : 0.5954"
"42,12 : 0.5954"
"12,43 : 0.4206"
"43,12 : 0.4206"
"12,44 : 0.5187"
"44,12 : 0.5187"
"12,45 : 0.6943"
"45,12 : 0.6943"
"12,46 : 0.1924"
"46,12 : 0.1924"
"12,47 : 0.5994"
"47,12 : 0.5994"
"12,48 : 0.4966"
"48,12 : 0.4966"
"12,49 : 0.4105"
"49,12 : 0.4105"
"12,50 : 0.327"
"50,12 : 0.327"
"12,51 : 0.586"
"51,12 : 0.586"
"12,52 : 0.428"
"52,12 : 0.428"
"12,53 : 0.5239"
"53,12 : 0.5239"
"12,54 : 0.5859"
"54,12 : 0.5859"
"12,55 : 0.9135"
"55,12 : 0.9135"
"12,56 : 0.1924"
"56,12 : 0.1924"
"12,57 : 0.7374"
"57,12 : 0.7374"
"12,58 : 0.3569"
"58,12 : 0.3569"
"12,59 : 0.8071"
"59,12 : 0.8071"
"12,60 : 0.3162"
"60,12 : 0.3162"
"12,61 : 0.6002"
"61,12 : 0.6002"
"12,62 : 0.0906"
"62,12 : 0.0906"
"12,63 : 0.1166"
"63,12 : 0.1166"
"12,64 : 0.1992"
"64,12 : 0.1992"
"12,65 : 0.2319"
"65,12 : 0.2319"
"12,66 : 0.3195"
"66,12 : 0.3195"
"12,67 : 0.3041"
"67,12 : 0.3041"
"12,68 : 0.3053"
"68,12 : 0.3053"
"12,69 : 0.3353"
"69,12 : 0.3353"
"12,70 : 0.614"
"70,12 : 0.614"
"12,71 : 0.3493"
"71,12 : 0.3493"
"12,72 : 0.37"
"72,12 : 0.37"
"12,73 : 0.2927"
"73,12 : 0.2927"
"12,74 : 0.756"
"74,12 : 0.756"
"12,75 : 0.2236"
"75,12 : 0.2236"
"12,76 : 0.3734"
"76,12 : 0.3734"
"12,77 : 0.7029"
"77,12 : 0.7029"
"12,78 : 0.0539"
"78,12 : 0.0539"
"12,79 : 0.099"
"79,12 : 0.099"
"12,80 : 0.3448"
"80,12 : 0.3448"
"12,81 : 0.2119"
"81,12 : 0.2119"
"12,82 : 0.5441"
"82,12 : 0.5441"
"12,83 : 0.6325"
"83,12 : 0.6325"
"12,84 : 0.3606"
"84,12 : 0.3606"
"12,85 : 0.794"
"85,12 : 0.794"
"12,86 : 0.1404"
"86,12 : 0.1404"
"12,87 : 0.5346"
"87,12 : 0.5346"
"12,88 : 0.5247"
"88,12 : 0.5247"
"12,89 : 0.3354"
"89,12 : 0.3354"
"12,90 : 0.1118"
"90,12 : 0.1118"
"12,91 : 0.272"
"91,12 : 0.272"
"12,92 : 0.506"
"92,12 : 0.506"
"12,93 : 0.6854"
"93,12 : 0.6854"
"12,94 : 0.5941"
"94,12 : 0.5941"
"12,95 : 0.32"
"95,12 : 0.32"
"12,96 : 0.3766"
"96,12 : 0.3766"
"12,97 : 0.494"
"97,12 : 0.494"
"12,98 : 0.7378"
"98,12 : 0.7378"
"12,99 : 0.1304"
"99,12 : 0.1304"
"13,14 : 0.1562"
"14,13 : 0.1562"
"13,15 : 0.5187"
"15,13 : 0.5187"
"13,16 : 0.8041"
"16,13 : 0.8041"
"13,17 : 0.6161"
"17,13 : 0.6161"
"13,18 : 0.3126"
"18,13 : 0.3126"
"13,19 : 0.5433"
"19,13 : 0.5433"
"13,20 : 0.153"
"20,13 : 0.153"
"13,21 : 0.3"
"21,13 : 0.3"
"13,22 : 0.5825"
"22,13 : 0.5825"
"13,23 : 0.8052"
"23,13 : 0.8052"
"13,24 : 0.5077"
