x,y
0.35,0.81
0.34,0.53
0.13,0.25
0.08,0.44
0.6,0.93
0.19,0.87
0.49,0.6
0.43,0.66
0.53,0.21
0.25,0.28
0.04,0.5
0.47,0.16
0.45,0.75
0.0,0.5
0.74,0.24
0.94,0.22
0.51,0.18
0.35,0.46
0.19,0.74
0.3,0.07
0.48,0.02
0.89,0.89
0.85,0.47
0.31,0.83
0.91,0.74
0.15,0.49
0.72,0.67
0.05,0.14
0.66,0.59
0.35,0.84
1.0,0.09
0.34,0.42
0.9,0.28
0.06,0.5
0.58,0.85
0.09,0.14
0.17,0.19
0.43,0.34
0.87,0.74
0.05,0.43
0.15,0.64
0.94,0.4
0.05,0.67
0.1,0.04
0.23,0.92
0.69,0.92
0.86,0.72
0.4,0.29
0.37,0.23
0.17,0.66
0.85,0.39
0.94,0.16
0.32,0.72
0.56,0.65
0.65,0.59
0.33,0.94
0.67,0.1
0.86,0.83
0.76,0.35
0.71,0.11
0.95,0.52
0.66,0.14
0.91,0.15
0.11,0.83
0.99,0.63
0.71,0.67
0.71,0.87
0.74,0.56
0.3,0.4
0.91,0.55
0.34,0.65
0.52,0.48
0.61,0.61
0.69,0.45
0.41,0.15
0.96,0.41
0.31,0.02
0.76,0.01
0.98,0.88
0.99,0.6
0.25,0.36
0.97,0.55
0.92,0.56
0.92,0.4
0.32,0.57
0.58,0.57
0.51,0.85
0.75,0.71
0.79,0.95
0.89,0.2
0.74,0.25
0.97,0.42
0.3,0.26
0.19,0.01
0.58,0.64
0.04,0.31
0.81,0.08
0.9,0.99
0.32,0.89
0.8,0.92

Distanze
"0,1 : 0.2802"
"1,0 : 0.2802"
"0,2 : 0.6017"
"2,0 : 0.6017"
"0,3 : 0.458"
"3,0 : 0.458"
"0,4 : 0.2773"
"4,0 : 0.2773"
"0,5 : 0.1709"
"5,0 : 0.1709"
"0,6 : 0.2524"
"6,0 : 0.2524"
"0,7 : 0.17"
"7,0 : 0.17"
"0,8 : 0.6264"
"8,0 : 0.6264"
"0,9 : 0.5394"
"9,0 : 0.5394"
"0,10 : 0.4384"
"10,0 : 0.4384"
"0,11 : 0.661"
"11,0 : 0.661"
"0,12 : 0.1166"
"12,0 : 0.1166"
"0,13 : 0.4675"
"13,0 : 0.4675"
"0,14 : 0.6907"
"14,0 : 0.6907"
"0,15 : 0.8344"
"15,0 : 0.8344"
"0,16 : 0.65"
"16,0 : 0.65"
"0,17 : 0.35"
"17,0 : 0.35"
"0,18 : 0.1746"
"18,0 : 0.1746"
"0,19 : 0.7417"
"19,0 : 0.7417"
"0,20 : 0.8006"
"20,0 : 0.8006"
"0,21 : 0.5459"
"21,0 : 0.5459"
"0,22 : 0.6046"
"22,0 : 0.6046"
"0,23 : 0.0447"
"23,0 : 0.0447"
"0,24 : 0.5644"
"24,0 : 0.5644"
"0,25 : 0.3774"
"25,0 : 0.3774"
"0,26 : 0.3956"
"26,0 : 0.3956"
"0,27 : 0.7341"
"27,0 : 0.7341"
"0,28 : 0.3801"
"28,0 : 0.3801"
"0,29 : 0.03"
"29,0 : 0.03"
"0,30 : 0.97"
"30,0 : 0.97"
"0,31 : 0.3901"
"31,0 : 0.3901"
"0,32 : 0.7638"
"32,0 : 0.7638"
"0,33 : 0.4245"
"33,0 : 0.4245"
"0,34 : 0.2335"
"34,0 : 0.2335"
"0,35 : 0.7187"
"35,0 : 0.7187"
"0,36 : 0.6456"
"36,0 : 0.6456"
"0,37 : 0.4768"
"37,0 : 0.4768"
"0,38 : 0.5247"
"38,0 : 0.5247"
"0,39 : 0.4841"
"39,0 : 0.4841"
"0,40 : 0.2625"
"40,0 : 0.2625"
"0,41 : 0.7185"
"41,0 : 0.7185"
"0,42 : 0.3311"
"42,0 : 0.3311"
"0,43 : 0.8096"
"43,0 : 0.8096"
"0,44 : 0.1628"
"44,0 : 0.1628"
"0,45 : 0.3574"
"45,0 : 0.3574"
"0,46 : 0.5179"
"46,0 : 0.5179"
"0,47 : 0.5224"
"47,0 : 0.5224"
"0,48 : 0.5803"
"48,0 : 0.5803"
"0,49 : 0.2343"
"49,0 : 0.2343"
"0,50 : 0.653"
"50,0 : 0.653"
"0,51 : 0.8778"
"51,0 : 0.8778"
"0,52 : 0.0949"
"52,0 : 0.0949"
"0,53 : 0.264"
"53,0 : 0.264"
"0,54 : 0.372"
"54,0 : 0.372"
"0,55 : 0.1315"
"55,0 : 0.1315"
"0,56 : 0.7788"
"56,0 : 0.7788"
"0,57 : 0.5104"
"57,0 : 0.5104"
"0,58 : 0.6162"
"58,0 : 0.6162"
"0,59 : 0.7871"
"59,0 : 0.7871"
"0,60 : 0.6664"
"60,0 : 0.6664"
"0,61 : 0.7382"
"61,0 : 0.7382"
"0,62 : 0.8656"
"62,0 : 0.8656"
"0,63 : 0.2408"
"63,0 : 0.2408"
"0,64 : 0.6648"
"64,0 : 0.6648"
"0,65 : 0.3863"
"65,0 : 0.3863"
"0,66 : 0.365"
"66,0 : 0.365"
"0,67 : 0.4632"
"67,0 : 0.4632"
"0,68 : 0.413"
"68,0 : 0.413"
"0,69 : 0.6174"
"69,0 : 0.6174"
"0,70 : 0.1603"
"70,0 : 0.1603"
"0,71 : 0.3712"
"71,0 : 0.3712"
"0,72 : 0.328"
"72,0 : 0.328"
"0,73 : 0.4952"
"73,0 : 0.4952"
"0,74 : 0.6627"
"74,0 : 0.6627"
"0,75 : 0.7295"
"75,0 : 0.7295"
"0,76 : 0.791"
"76,0 : 0.791"
"0,77 : 0.8989"
"77,0 : 0.8989"
"0,78 : 0.6339"
"78,0 : 0.6339"
"0,79 : 0.6736"
"79,0 : 0.6736"
"0,80 : 0.461"
"80,0 : 0.461"
"0,81 : 0.6723"
"81,0 : 0.6723"
"0,82 : 0.6224"
"82,0 : 0.6224"
"0,83 : 0.7021"
"83,0 : 0.7021"
"0,84 : 0.2419"
"84,0 : 0.2419"
"0,85 : 0.3324"
"85,0 : 0.3324"
"0,86 : 0.1649"
"86,0 : 0.1649"
"0,87 : 0.4123"
"87,0 : 0.4123"
"0,88 : 0.4617"
"88,0 : 0.4617"
"0,89 : 0.8147"
"89,0 : 0.8147"
"0,90 : 0.6824"
"90,0 : 0.6824"
"0,91 : 0.7325"
"91,0 : 0.7325"
"0,92 : 0.5523"
"92,0 : 0.5523"
"0,93 : 0.8158"
"93,0 : 0.8158"
"0,94 : 0.286"
"94,0 : 0.286"
"0,95 : 0.5883"
"95,0 : 0.5883"
"0,96 : 0.8628"
"96,0 : 0.8628"
"0,97 : 0.5787"
"97,0 : 0.5787"
"0,98 : 0.0854"
"98,0 : 0.0854"
"0,99 : 0.4632"
"99,0 : 0.4632"
"1,2 : 0.35"
"2,1 : 0.35"
"1,3 : 0.2751"
"3,1 : 0.2751"
"1,4 : 0.4771"
"4,1 : 0.4771"
"1,5 : 0.3716"
"5,1 : 0.3716"
"1,6 : 0.1655"
"6,1 : 0.1655"
"1,7 : 0.1581"
"7,1 : 0.1581"
"1,8 : 0.3722"
"8,1 : 0.3722"
"1,9 : 0.2657"
"9,1 : 0.2657"
"1,10 : 0.3015"
"10,1 : 0.3015"
"1,11 : 0.3922"
"11,1 : 0.3922"
"1,12 : 0.246"
"12,1 : 0.246"
"1,13 : 0.3413"
"13,1 : 0.3413"
"1,14 : 0.4941"
"14,1 : 0.4941"
"1,15 : 0.6754"
"15,1 : 0.6754"
"1,16 : 0.3891"
"16,1 : 0.3891"
"1,17 : 0.0707"
"17,1 : 0.0707"
"1,18 : 0.2581"
"18,1 : 0.2581"
"1,19 : 0.4617"
"19,1 : 0.4617"
"1,20 : 0.5289"
"20,1 : 0.5289"
"1,21 : 0.6573"
"21,1 : 0.6573"
"1,22 : 0.5135"
"22,1 : 0.5135"
"1,23 : 0.3015"
"23,1 : 0.3015"
"1,24 : 0.6075"
"24,1 : 0.6075"
"1,25 : 0.1942"
"25,1 : 0.1942"
"1,26 : 0.405"
"26,1 : 0.405"
"1,27 : 0.486"
"27,1 : 0.486"
"1,28 : 0.3256"
"28,1 : 0.3256"
"1,29 : 0.3102"
"29,1 : 0.3102"
"1,30 : 0.7932"
"30,1 : 0.7932"
"1,31 : 0.11"
"31,1 : 0.11"
"1,32 : 0.6133"
"32,1 : 0.6133"
"1,33 : 0.2816"
"33,1 : 0.2816"
"1,34 : 0.4"
"34,1 : 0.4"
"1,35 : 0.4632"
"35,1 : 0.4632"
"1,36 : 0.3801"
"36,1 : 0.3801"
"1,37 : 0.2102"
"37,1 : 0.2102"
"1,38 : 0.5701"
"38,1 : 0.5701"
"1,39 : 0.3068"
"39,1 : 0.3068"
"1,40 : 0.2195"
"40,1 : 0.2195"
"1,41 : 0.6139"
"41,1 : 0.6139"
"1,42 : 0.322"
"42,1 : 0.322"
"1,43 : 0.5456"
"43,1 : 0.5456"
"1,44 : 0.4052"
"44,1 : 0.4052"
"1,45 : 0.524"
"45,1 : 0.524"
"1,46 : 0.5536"
"46,1 : 0.5536"
"1,47 : 0.2474"
"47,1 : 0.2474"
"1,48 : 0.3015"
"48,1 : 0.3015"
"1,49 : 0.214"
"49,1 : 0.214"
"1,50 : 0.5289"
"50,1 : 0.5289"
"1,51 : 0.7049"
"51,1 : 0.7049"
"1,52 : 0.191"
"52,1 : 0.191"
"1,53 : 0.2506"
"53,1 : 0.2506"
"1,54 : 0.3158"
"54,1 : 0.3158"
"1,55 : 0.4101"
"55,1 : 0.4101"
"1,56 : 0.542"
"56,1 : 0.542"
"1,57 : 0.6003"
"57,1 : 0.6003"
"1,58 : 0.4569"
"58,1 : 0.4569"
"1,59 : 0.5597"
"59,1 : 0.5597"
"1,60 : 0.6101"
"60,1 : 0.6101"
"1,61 : 0.5045"
"61,1 : 0.5045"
"1,62 : 0.6851"
"62,1 : 0.6851"
"1,63 : 0.378"
"63,1 : 0.378"
"1,64 : 0.6576"
"64,1 : 0.6576"
"1,65 : 0.3956"
"65,1 : 0.3956"
"1,66 : 0.5025"
"66,1 : 0.5025"
"1,67 : 0.4011"
"67,1 : 0.4011"
"1,68 : 0.136"
"68,1 : 0.136"
"1,69 : 0.5704"
"69,1 : 0.5704"
"1,70 : 0.12"
"70,1 : 0.12"
"1,71 : 0.1868"
"71,1 : 0.1868"
"1,72 : 0.2816"
"72,1 : 0.2816"
"1,73 : 0.359"
"73,1 : 0.359"
"1,74 : 0.3864"
"74,1 : 0.3864"
"1,75 : 0.6315"
"75,1 : 0.6315"
"1,76 : 0.5109"
"76,1 : 0.5109"
"1,77 : 0.6684"
"77,1 : 0.6684"
"1,78 : 0.7295"
"78,1 : 0.7295"
"1,79 : 0.6538"
"79,1 : 0.6538"
"1,80 : 0.1924"
"80,1 : 0.1924"
"1,81 : 0.6303"
"81,1 : 0.6303"
"1,82 : 0.5808"
"82,1 : 0.5808"
"1,83 : 0.5944"
"83,1 : 0.5944"
"1,84 : 0.0447"
"84,1 : 0.0447"
"1,85 : 0.2433"
"85,1 : 0.2433"
"1,86 : 0.3624"
"86,1 : 0.3624"
"1,87 : 0.4478"
"87,1 : 0.4478"
"1,88 : 0.6155"
"88,1 : 0.6155"
"1,89 : 0.6414"
"89,1 : 0.6414"
"1,90 : 0.4883"
"90,1 : 0.4883"
"1,91 : 0.6395"
"91,1 : 0.6395"
"1,92 : 0.2729"
"92,1 : 0.2729"
"1,93 : 0.5412"
"93,1 : 0.5412"
"1,94 : 0.264"
"94,1 : 0.264"
"1,95 : 0.372"
"95,1 : 0.372"
"1,96 : 0.6507"
"96,1 : 0.6507"
"1,97 : 0.7247"
"97,1 : 0.7247"
"1,98 : 0.3606"
"98,1 : 0.3606"
"1,99 : 0.6031"
"99,1 : 0.6031"
"2,3 : 0.1965"
"3,2 : 0.1965"
"2,4 : 0.8266"
"4,2 : 0.8266"
"2,5 : 0.6229"
"5,2 : 0.6229"
"2,6 : 0.5021"
"6,2 : 0.5021"
"2,7 : 0.508"
"7,2 : 0.508"
"2,8 : 0.402"
"8,2 : 0.402"
"2,9 : 0.1237"
"9,2 : 0.1237"
"2,10 : 0.2657"
"10,2 : 0.2657"
"2,11 : 0.3517"
"11,2 : 0.3517"
"2,12 : 0.5936"
"12,2 : 0.5936"
"2,13 : 0.2818"
"13,2 : 0.2818"
"2,14 : 0.6101"
"14,2 : 0.6101"
"2,15 : 0.8106"
"15,2 : 0.8106"
"2,16 : 0.3864"
"16,2 : 0.3864"
"2,17 : 0.3041"
"17,2 : 0.3041"
"2,18 : 0.4937"
"18,2 : 0.4937"
"2,19 : 0.2476"
"19,2 : 0.2476"
"2,20 : 0.4188"
"20,2 : 0.4188"
"2,21 : 0.9936"
"21,2 : 0.9936"
"2,22 : 0.7529"
"22,2 : 0.7529"
"2,23 : 0.6073"
"23,2 : 0.6073"
"2,24 : 0.9211"
"24,2 : 0.9211"
"2,25 : 0.2408"
"25,2 : 0.2408"
"2,26 : 0.7242"
"26,2 : 0.7242"
"2,27 : 0.136"
"27,2 : 0.136"
"2,28 : 0.6297"
"28,2 : 0.6297"
"2,29 : 0.6297"
"29,2 : 0.6297"
"2,30 : 0.8846"
"30,2 : 0.8846"
"2,31 : 0.2702"
"31,2 : 0.2702"
"2,32 : 0.7706"
"32,2 : 0.7706"
"2,33 : 0.2596"
"33,2 : 0.2596"
"2,34 : 0.75"
"34,2 : 0.75"
"2,35 : 0.117"
"35,2 : 0.117"
"2,36 : 0.0721"
"36,2 : 0.0721"
"2,37 : 0.3132"
"37,2 : 0.3132"
"2,38 : 0.8875"
"38,2 : 0.8875"
"2,39 : 0.197"
"39,2 : 0.197"
"2,40 : 0.3905"
"40,2 : 0.3905"
"2,41 : 0.8238"
"41,2 : 0.8238"
"2,42 : 0.4276"
"42,2 : 0.4276"
"2,43 : 0.2121"
"43,2 : 0.2121"
"2,44 : 0.6774"
"44,2 : 0.6774"
"2,45 : 0.8732"
"45,2 : 0.8732"
"2,46 : 0.8682"
"46,2 : 0.8682"
"2,47 : 0.2729"
"47,2 : 0.2729"
"2,48 : 0.2408"
"48,2 : 0.2408"
"2,49 : 0.4119"
"49,2 : 0.4119"
"2,50 : 0.7335"
"50,2 : 0.7335"
"2,51 : 0.815"
"51,2 : 0.815"
"2,52 : 0.507"
"52,2 : 0.507"
"2,53 : 0.5873"
"53,2 : 0.5873"
"2,54 : 0.6213"
"54,2 : 0.6213"
"2,55 : 0.7184"
"55,2 : 0.7184"
"2,56 : 0.5604"
"56,2 : 0.5604"
"2,57 : 0.9324"
"57,2 : 0.9324"
"2,58 : 0.6379"
"58,2 : 0.6379"
"2,59 : 0.5967"
"59,2 : 0.5967"
"2,60 : 0.8633"
"60,2 : 0.8633"
"2,61 : 0.5413"
"61,2 : 0.5413"
"2,62 : 0.7864"
"62,2 : 0.7864"
"2,63 : 0.5803"
"63,2 : 0.5803"
"2,64 : 0.9402"
"64,2 : 0.9402"
"2,65 : 0.7161"
"65,2 : 0.7161"
"2,66 : 0.849"
"66,2 : 0.849"
"2,67 : 0.6843"
"67,2 : 0.6843"
"2,68 : 0.2267"
"68,2 : 0.2267"
"2,69 : 0.8357"
"69,2 : 0.8357"
"2,70 : 0.4518"
"70,2 : 0.4518"
"2,71 : 0.4528"
"71,2 : 0.4528"
"2,72 : 0.6"
"72,2 : 0.6"
"2,73 : 0.5946"
"73,2 : 0.5946"
"2,74 : 0.2973"
"74,2 : 0.2973"
"2,75 : 0.8453"
"75,2 : 0.8453"
"2,76 : 0.2921"
"76,2 : 0.2921"
"2,77 : 0.6742"
"77,2 : 0.6742"
"2,78 : 1.058"
"78,2 : 1.058"
"2,79 : 0.9285"
"79,2 : 0.9285"
"2,80 : 0.1628"
"80,2 : 0.1628"
"2,81 : 0.892"
"81,2 : 0.892"
"2,82 : 0.8486"
"82,2 : 0.8486"
"2,83 : 0.8041"
"83,2 : 0.8041"
"2,84 : 0.3722"
"84,2 : 0.3722"
"2,85 : 0.5522"
"85,2 : 0.5522"
"2,86 : 0.7102"
"86,2 : 0.7102"
"2,87 : 0.772"
"87,2 : 0.772"
"2,88 : 0.9621"
"88,2 : 0.9621"
"2,89 : 0.7616"
"89,2 : 0.7616"
"2,90 : 0.61"
"90,2 : 0.61"
"2,91 : 0.857"
"91,2 : 0.857"
"2,92 : 0.1703"
"92,2 : 0.1703"
"2,93 : 0.2474"
"93,2 : 0.2474"
"2,94 : 0.5955"
"94,2 : 0.5955"
"2,95 : 0.1082"
"95,2 : 0.1082"
"2,96 : 0.7009"
"96,2 : 0.7009"
"2,97 : 1.0679"
"97,2 : 1.0679"
"2,98 : 0.6676"
"98,2 : 0.6676"
"2,99 : 0.9475"
"99,2 : 0.9475"
"3,4 : 0.7145"
"4,3 : 0.7145"
"3,5 : 0.4438"
"5,3 : 0.4438"
"3,6 : 0.4401"
"6,3 : 0.4401"
"3,7 : 0.4134"
"7,3 : 0.4134"
"3,8 : 0.5054"
"8,3 : 0.5054"
"3,9 : 0.2335"
"9,3 : 0.2335"
"3,10 : 0.0721"
"10,3 : 0.0721"
"3,11 : 0.4801"
"11,3 : 0.4801"
"3,12 : 0.4827"
"12,3 : 0.4827"
"3,13 : 0.1"
"13,3 : 0.1"
"3,14 : 0.6896"
"14,3 : 0.6896"
"3,15 : 0.8877"
"15,3 : 0.8877"
"3,16 : 0.5025"
"16,3 : 0.5025"
"3,17 : 0.2707"
"17,3 : 0.2707"
"3,18 : 0.3195"
"18,3 : 0.3195"
"3,19 : 0.4305"
"19,3 : 0.4305"
"3,20 : 0.58"
"20,3 : 0.58"
"3,21 : 0.9266"
"21,3 : 0.9266"
"3,22 : 0.7706"
"22,3 : 0.7706"
"3,23 : 0.4528"
"23,3 : 0.4528"
"3,24 : 0.8826"
"24,3 : 0.8826"
"3,25 : 0.086"
"25,3 : 0.086"
"3,26 : 0.6801"
"26,3 : 0.6801"
"3,27 : 0.3015"
"27,3 : 0.3015"
"3,28 : 0.5991"
"28,3 : 0.5991"
"3,29 : 0.4826"
"29,3 : 0.4826"
"3,30 : 0.9843"
"30,3 : 0.9843"
"3,31 : 0.2608"
"31,3 : 0.2608"
"3,32 : 0.8355"
"32,3 : 0.8355"
"3,33 : 0.0632"
"33,3 : 0.0632"
"3,34 : 0.6466"
"34,3 : 0.6466"
"3,35 : 0.3002"
"35,3 : 0.3002"
"3,36 : 0.2657"
"36,3 : 0.2657"
"3,37 : 0.364"
"37,3 : 0.364"
"3,38 : 0.845"
"38,3 : 0.845"
"3,39 : 0.0316"
"39,3 : 0.0316"
"3,40 : 0.2119"
"40,3 : 0.2119"
"3,41 : 0.8609"
"41,3 : 0.8609"
"3,42 : 0.2319"
"42,3 : 0.2319"
"3,43 : 0.4005"
"43,3 : 0.4005"
"3,44 : 0.5029"
"44,3 : 0.5029"
"3,45 : 0.7762"
"45,3 : 0.7762"
"3,46 : 0.8287"
"46,3 : 0.8287"
"3,47 : 0.3534"
"47,3 : 0.3534"
"3,48 : 0.3581"
"48,3 : 0.3581"
"3,49 : 0.2377"
"49,3 : 0.2377"
"3,50 : 0.7716"
"50,3 : 0.7716"
"3,51 : 0.9044"
"51,3 : 0.9044"
"3,52 : 0.3688"
"52,3 : 0.3688"
"3,53 : 0.5239"
"53,3 : 0.5239"
"3,54 : 0.5894"
"54,3 : 0.5894"
"3,55 : 0.559"
"55,3 : 0.559"
"3,56 : 0.681"
"56,3 : 0.681"
"3,57 : 0.8721"
"57,3 : 0.8721"
"3,58 : 0.6859"
"58,3 : 0.6859"
"3,59 : 0.7112"
"59,3 : 0.7112"
"3,60 : 0.8737"
"60,3 : 0.8737"
"3,61 : 0.653"
"61,3 : 0.653"
"3,62 : 0.8792"
"62,3 : 0.8792"
"3,63 : 0.3912"
"63,3 : 0.3912"
"3,64 : 0.9296"
"64,3 : 0.9296"
"3,65 : 0.6707"
"65,3 : 0.6707"
"3,66 : 0.7628"
"66,3 : 0.7628"
"3,67 : 0.6708"
"67,3 : 0.6708"
"3,68 : 0.2236"
"68,3 : 0.2236"
"3,69 : 0.8373"
"69,3 : 0.8373"
"3,70 : 0.3342"
"70,3 : 0.3342"
"3,71 : 0.4418"
"71,3 : 0.4418"
"3,72 : 0.5566"
"72,3 : 0.5566"
"3,73 : 0.6101"
"73,3 : 0.6101"
"3,74 : 0.4393"
"74,3 : 0.4393"
"3,75 : 0.8805"
"75,3 : 0.8805"
"3,76 : 0.4789"
"76,3 : 0.4789"
"3,77 : 0.8045"
"77,3 : 0.8045"
"3,78 : 1.0018"
"78,3 : 1.0018"
"3,79 : 0.924"
"79,3 : 0.924"
"3,80 : 0.1879"
"80,3 : 0.1879"
"3,81 : 0.8968"
"81,3 : 0.8968"
"3,82 : 0.8485"
"82,3 : 0.8485"
"3,83 : 0.841"
"83,3 : 0.841"
"3,84 : 0.2729"
"84,3 : 0.2729"
"3,85 : 0.5166"
"85,3 : 0.5166"
"3,86 : 0.5941"
"86,3 : 0.5941"
"3,87 : 0.7224"
"87,3 : 0.7224"
"3,88 : 0.8742"
"88,3 : 0.8742"
"3,89 : 0.8448"
"89,3 : 0.8448"
"3,90 : 0.6868"
"90,3 : 0.6868"
"3,91 : 0.8902"
"91,3 : 0.8902"
"3,92 : 0.2843"
"92,3 : 0.2843"
"3,93 : 0.4438"
"93,3 : 0.4438"
"3,94 : 0.5385"
"94,3 : 0.5385"
"3,95 : 0.136"
"95,3 : 0.136"
"3,96 : 0.8139"
"96,3 : 0.8139"
"3,97 : 0.9874"
"97,3 : 0.9874"
"3,98 : 0.51"
"98,3 : 0.51"
"3,99 : 0.8653"
"99,3 : 0.8653"
"4,5 : 0.4144"
"5,4 : 0.4144"
"4,6 : 0.3479"
"6,4 : 0.3479"
"4,7 : 0.3191"
"7,4 : 0.3191"
"4,8 : 0.7234"
"8,4 : 0.7234"
"4,9 : 0.7382"
"9,4 : 0.7382"
"4,10 : 0.706"
"10,4 : 0.706"
"4,11 : 0.7809"
"11,4 : 0.7809"
"4,12 : 0.2343"
"12,4 : 0.2343"
"4,13 : 0.7382"
"13,4 : 0.7382"
"4,14 : 0.7041"
"14,4 : 0.7041"
"4,15 : 0.7872"
"15,4 : 0.7872"
"4,16 : 0.7554"
"16,4 : 0.7554"
"4,17 : 0.5324"
"17,4 : 0.5324"
"4,18 : 0.4519"
"18,4 : 0.4519"
"4,19 : 0.9108"
"19,4 : 0.9108"
"4,20 : 0.9179"
"20,4 : 0.9179"
"4,21 : 0.2927"
"21,4 : 0.2927"
"4,22 : 0.5235"
"22,4 : 0.5235"
"4,23 : 0.3068"
"23,4 : 0.3068"
"4,24 : 0.3636"
"24,4 : 0.3636"
"4,25 : 0.6294"
"25,4 : 0.6294"
"4,26 : 0.2864"
"26,4 : 0.2864"
"4,27 : 0.9626"
"27,4 : 0.9626"
"4,28 : 0.3453"
"28,4 : 0.3453"
"4,29 : 0.2657"
"29,4 : 0.2657"
"4,30 : 0.9304"
"30,4 : 0.9304"
"4,31 : 0.5725"
"31,4 : 0.5725"
"4,32 : 0.7159"
"32,4 : 0.7159"
"4,33 : 0.6903"
"33,4 : 0.6903"
"4,34 : 0.0825"
"34,4 : 0.0825"
"4,35 : 0.9403"
"35,4 : 0.9403"
"4,36 : 0.8559"
"36,4 : 0.8559"
"4,37 : 0.614"
"37,4 : 0.614"
"4,38 : 0.3302"
"38,4 : 0.3302"
"4,39 : 0.7433"
"39,4 : 0.7433"
"4,40 : 0.5354"
"40,4 : 0.5354"
"4,41 : 0.6297"
"41,4 : 0.6297"
"4,42 : 0.6084"
"42,4 : 0.6084"
"4,43 : 1.0208"
"43,4 : 1.0208"
"4,44 : 0.3701"
"44,4 : 0.3701"
"4,45 : 0.0906"
"45,4 : 0.0906"
"4,46 : 0.3342"
"46,4 : 0.3342"
"4,47 : 0.6705"
"47,4 : 0.6705"
"4,48 : 0.7368"
"48,4 : 0.7368"
"4,49 : 0.5077"
"49,4 : 0.5077"
"4,50 : 0.5951"
"50,4 : 0.5951"
"4,51 : 0.8417"
"51,4 : 0.8417"
"4,52 : 0.35"
"52,4 : 0.35"
"4,53 : 0.2828"
"53,4 : 0.2828"
"4,54 : 0.3437"
"54,4 : 0.3437"
"4,55 : 0.2702"
"55,4 : 0.2702"
"4,56 : 0.8329"
"56,4 : 0.8329"
"4,57 : 0.2786"
"57,4 : 0.2786"
"4,58 : 0.6017"
"58,4 : 0.6017"
"4,59 : 0.8273"
"59,4 : 0.8273"
"4,60 : 0.5391"
"60,4 : 0.5391"
"4,61 : 0.7923"
"61,4 : 0.7923"
"4,62 : 0.8393"
"62,4 : 0.8393"
"4,63 : 0.5001"
"63,4 : 0.5001"
"4,64 : 0.492"
"64,4 : 0.492"
"4,65 : 0.2823"
"65,4 : 0.2823"
"4,66 : 0.1253"
"66,4 : 0.1253"
"4,67 : 0.3956"
"67,4 : 0.3956"
"4,68 : 0.609"
"68,4 : 0.609"
"4,69 : 0.4904"
"69,4 : 0.4904"
"4,70 : 0.3821"
"70,4 : 0.3821"
"4,71 : 0.4571"
"71,4 : 0.4571"
"4,72 : 0.3202"
"72,4 : 0.3202"
"4,73 : 0.4884"
"73,4 : 0.4884"
"4,74 : 0.8028"
"74,4 : 0.8028"
"4,75 : 0.6325"
"75,4 : 0.6325"
"4,76 : 0.9551"
"76,4 : 0.9551"
"4,77 : 0.9338"
"77,4 : 0.9338"
"4,78 : 0.3833"
"78,4 : 0.3833"
"4,79 : 0.5109"
"79,4 : 0.5109"
"4,80 : 0.6689"
"80,4 : 0.6689"
"4,81 : 0.5304"
"81,4 : 0.5304"
"4,82 : 0.4892"
"82,4 : 0.4892"
"4,83 : 0.6191"
"83,4 : 0.6191"
"4,84 : 0.4561"
"84,4 : 0.4561"
"4,85 : 0.3606"
"85,4 : 0.3606"
"4,86 : 0.1204"
"86,4 : 0.1204"
"4,87 : 0.2663"
"87,4 : 0.2663"
"4,88 : 0.191"
"88,4 : 0.191"
"4,89 : 0.7855"
"89,4 : 0.7855"
"4,90 : 0.6943"
"90,4 : 0.6943"
"4,91 : 0.6301"
"91,4 : 0.6301"
"4,92 : 0.7341"
"92,4 : 0.7341"
"4,93 : 1.0072"
"93,4 : 1.0072"
"4,94 : 0.2907"
"94,4 : 0.2907"
"4,95 : 0.8355"
"95,4 : 0.8355"
"4,96 : 0.8756"
"96,4 : 0.8756"
"4,97 : 0.3059"
"97,4 : 0.3059"
"4,98 : 0.2828"
"98,4 : 0.2828"
"4,99 : 0.2002"
"99,4 : 0.2002"
"5,6 : 0.4036"
"6,5 : 0.4036"
"5,7 : 0.3189"
"7,5 : 0.3189"
"5,8 : 0.7424"
"8,5 : 0.7424"
"5,9 : 0.593"
"9,5 : 0.593"
"5,10 : 0.3992"
"10,5 : 0.3992"
"5,11 : 0.7632"
"11,5 : 0.7632"
"5,12 : 0.2864"
"12,5 : 0.2864"
"5,13 : 0.4159"
"13,5 : 0.4159"
"5,14 : 0.8363"
"14,5 : 0.8363"
"5,15 : 0.9925"
"15,5 : 0.9925"
"5,16 : 0.7606"
"16,5 : 0.7606"
"5,17 : 0.4401"
"17,5 : 0.4401"
"5,18 : 0.13"
"18,5 : 0.13"
"5,19 : 0.8075"
"19,5 : 0.8075"
"5,20 : 0.8981"
"20,5 : 0.8981"
"5,21 : 0.7003"
"21,5 : 0.7003"
"5,22 : 0.7718"
"22,5 : 0.7718"
"5,23 : 0.1265"
"23,5 : 0.1265"
"5,24 : 0.7316"
"24,5 : 0.7316"
"5,25 : 0.3821"
"25,5 : 0.3821"
"5,26 : 0.5665"
"26,5 : 0.5665"
"5,27 : 0.7433"
"27,5 : 0.7433"
"5,28 : 0.5471"
"28,5 : 0.5471"
"5,29 : 0.1628"
"29,5 : 0.1628"
"5,30 : 1.1245"
"30,5 : 1.1245"
"5,31 : 0.4743"
"31,5 : 0.4743"
"5,32 : 0.9231"
"32,5 : 0.9231"
"5,33 : 0.3922"
"33,5 : 0.3922"
"5,34 : 0.3905"
"34,5 : 0.3905"
"5,35 : 0.7368"
"35,5 : 0.7368"
"5,36 : 0.6803"
"36,5 : 0.6803"
"5,37 : 0.5818"
"37,5 : 0.5818"
"5,38 : 0.6923"
"38,5 : 0.6923"
"5,39 : 0.4617"
"39,5 : 0.4617"
"5,40 : 0.2335"
"40,5 : 0.2335"
"5,41 : 0.8851"
"41,5 : 0.8851"
"5,42 : 0.2441"
"42,5 : 0.2441"
"5,43 : 0.8349"
"43,5 : 0.8349"
"5,44 : 0.064"
"44,5 : 0.064"
"5,45 : 0.5025"
"45,5 : 0.5025"
"5,46 : 0.6866"
"46,5 : 0.6866"
"5,47 : 0.6168"
"47,5 : 0.6168"
"5,48 : 0.6648"
"48,5 : 0.6648"
"5,49 : 0.211"
"49,5 : 0.211"
"5,50 : 0.8161"
"50,5 : 0.8161"
"5,51 : 1.0328"
"51,5 : 1.0328"
"5,52 : 0.1985"
"52,5 : 0.1985"
"5,53 : 0.4305"
"53,5 : 0.4305"
"5,54 : 0.5385"
"54,5 : 0.5385"
"5,55 : 0.1565"
"55,5 : 0.1565"
"5,56 : 0.9074"
"56,5 : 0.9074"
"5,57 : 0.6712"
"57,5 : 0.6712"
"5,58 : 0.7716"
"58,5 : 0.7716"
"5,59 : 0.9209"
"59,5 : 0.9209"
"5,60 : 0.8367"
"60,5 : 0.8367"
"5,61 : 0.8682"
"61,5 : 0.8682"
"5,62 : 1.0182"
"62,5 : 1.0182"
"5,63 : 0.0894"
"63,5 : 0.0894"
"5,64 : 0.8352"
"64,5 : 0.8352"
"5,65 : 0.5571"
"65,5 : 0.5571"
"5,66 : 0.52"
"66,5 : 0.52"
"5,67 : 0.6313"
"67,5 : 0.6313"
"5,68 : 0.4827"
"68,5 : 0.4827"
"5,69 : 0.7879"
"69,5 : 0.7879"
"5,70 : 0.2663"
"70,5 : 0.2663"
"5,71 : 0.5109"
"71,5 : 0.5109"
"5,72 : 0.494"
"72,5 : 0.494"
"5,73 : 0.653"
"73,5 : 0.653"
"5,74 : 0.7529"
"74,5 : 0.7529"
"5,75 : 0.8969"
"75,5 : 0.8969"
"5,76 : 0.8584"
"76,5 : 0.8584"
"5,77 : 1.0317"
"77,5 : 1.0317"
"5,78 : 0.7901"
"78,5 : 0.7901"
"5,79 : 0.8443"
"79,5 : 0.8443"
"5,80 : 0.5135"
"80,5 : 0.5135"
"5,81 : 0.8431"
"81,5 : 0.8431"
"5,82 : 0.7931"
"82,5 : 0.7931"
"5,83 : 0.8682"
"83,5 : 0.8682"
"5,84 : 0.327"
"84,5 : 0.327"
"5,85 : 0.492"
"85,5 : 0.492"
"5,86 : 0.3206"
"86,5 : 0.3206"
"5,87 : 0.5824"
"87,5 : 0.5824"
"5,88 : 0.6053"
"88,5 : 0.6053"
"5,89 : 0.969"
"89,5 : 0.969"
"5,90 : 0.8288"
"90,5 : 0.8288"
"5,91 : 0.9005"
"91,5 : 0.9005"
"5,92 : 0.6198"
"92,5 : 0.6198"
"5,93 : 0.86"
"93,5 : 0.86"
"5,94 : 0.4528"
"94,5 : 0.4528"
"5,95 : 0.5797"
"95,5 : 0.5797"
"5,96 : 1.0042"
"96,5 : 1.0042"
"5,97 : 0.7201"
"97,5 : 0.7201"
"5,98 : 0.1315"
"98,5 : 0.1315"
"5,99 : 0.612"
"99,5 : 0.612"
"6,7 : 0.0849"
"7,6 : 0.0849"
"6,8 : 0.392"
"8,6 : 0.392"
"6,9 : 0.4"
"9,6 : 0.4"
"6,10 : 0.461"
"10,6 : 0.461"
"6,11 : 0.4405"
"11,6 : 0.4405"
"6,12 : 0.1552"
"12,6 : 0.1552"
"6,13 : 0.5001"
"13,6 : 0.5001"
"6,14 : 0.4383"
"14,6 : 0.4383"
"6,15 : 0.589"
"15,6 : 0.589"
"6,16 : 0.4205"
"16,6 : 0.4205"
"6,17 : 0.198"
"17,6 : 0.198"
"6,18 : 0.3311"
"18,6 : 0.3311"
"6,19 : 0.563"
"19,6 : 0.563"
"6,20 : 0.5801"
"20,6 : 0.5801"
"6,21 : 0.4941"
"21,6 : 0.4941"
"6,22 : 0.3828"
"22,6 : 0.3828"
"6,23 : 0.2921"
"23,6 : 0.2921"
"6,24 : 0.4427"
"24,6 : 0.4427"
"6,25 : 0.3574"
"25,6 : 0.3574"
"6,26 : 0.2404"
"26,6 : 0.2404"
"6,27 : 0.6366"
"27,6 : 0.6366"
"6,28 : 0.1703"
"28,6 : 0.1703"
"6,29 : 0.2778"
"29,6 : 0.2778"
"6,30 : 0.7212"
"30,6 : 0.7212"
"6,31 : 0.2343"
"31,6 : 0.2343"
"6,32 : 0.5201"
"32,6 : 0.5201"
"6,33 : 0.4415"
"33,6 : 0.4415"
"6,34 : 0.2657"
"34,6 : 0.2657"
"6,35 : 0.6096"
"35,6 : 0.6096"
"6,36 : 0.5201"
"36,6 : 0.5201"
"6,37 : 0.2668"
"37,6 : 0.2668"
"6,38 : 0.405"
"38,6 : 0.405"
"6,39 : 0.4717"
"39,6 : 0.4717"
"6,40 : 0.3423"
"40,6 : 0.3423"
"6,41 : 0.4924"
"41,6 : 0.4924"
"6,42 : 0.4455"
"42,6 : 0.4455"
"6,43 : 0.6824"
"43,6 : 0.6824"
"6,44 : 0.4123"
"44,6 : 0.4123"
"6,45 : 0.3774"
"45,6 : 0.3774"
"6,46 : 0.389"
"46,6 : 0.389"
"6,47 : 0.3228"
"47,6 : 0.3228"
"6,48 : 0.389"
"48,6 : 0.389"
"6,49 : 0.3256"
"49,6 : 0.3256"
"6,50 : 0.4168"
"50,6 : 0.4168"
"6,51 : 0.6294"
"51,6 : 0.6294"
"6,52 : 0.2081"
"52,6 : 0.2081"
"6,53 : 0.086"
"53,6 : 0.086"
"6,54 : 0.1603"
"54,6 : 0.1603"
"6,55 : 0.3758"
"55,6 : 0.3758"
"6,56 : 0.5314"
"56,6 : 0.5314"
"6,57 : 0.4357"
"57,6 : 0.4357"
"6,58 : 0.368"
"58,6 : 0.368"
"6,59 : 0.5371"
"59,6 : 0.5371"
"6,60 : 0.4669"
"60,6 : 0.4669"
"6,61 : 0.4904"
"61,6 : 0.4904"
"6,62 : 0.6155"
"62,6 : 0.6155"
"6,63 : 0.4442"
"63,6 : 0.4442"
"6,64 : 0.5009"
"64,6 : 0.5009"
"6,65 : 0.2309"
"65,6 : 0.2309"
"6,66 : 0.3483"
"66,6 : 0.3483"
"6,67 : 0.2532"
"67,6 : 0.2532"
"6,68 : 0.2759"
"68,6 : 0.2759"
"6,69 : 0.423"
"69,6 : 0.423"
"6,70 : 0.1581"
"70,6 : 0.1581"
"6,71 : 0.1237"
"71,6 : 0.1237"
"6,72 : 0.1204"
"72,6 : 0.1204"
"6,73 : 0.25"
"73,6 : 0.25"
"6,74 : 0.4571"
"74,6 : 0.4571"
"6,75 : 0.507"
"75,6 : 0.507"
"6,76 : 0.6073"
"76,6 : 0.6073"
"6,77 : 0.6488"
"77,6 : 0.6488"
"6,78 : 0.5644"
"78,6 : 0.5644"
"6,79 : 0.5"
"79,6 : 0.5"
"6,80 : 0.3394"
"80,6 : 0.3394"
"6,81 : 0.4826"
"81,6 : 0.4826"
"6,82 : 0.4319"
"82,6 : 0.4319"
"6,83 : 0.4742"
"83,6 : 0.4742"
"6,84 : 0.1726"
"84,6 : 0.1726"
"6,85 : 0.0949"
"85,6 : 0.0949"
"6,86 : 0.2508"
"86,6 : 0.2508"
"6,87 : 0.2823"
"87,6 : 0.2823"
"6,88 : 0.461"
"88,6 : 0.461"
"6,89 : 0.5657"
"89,6 : 0.5657"
"6,90 : 0.4301"
"90,6 : 0.4301"
"6,91 : 0.5126"
"91,6 : 0.5126"
"6,92 : 0.3895"
"92,6 : 0.3895"
"6,93 : 0.6619"
"93,6 : 0.6619"
"6,94 : 0.0985"
"94,6 : 0.0985"
"6,95 : 0.5354"
"95,6 : 0.5354"
"6,96 : 0.6106"
"96,6 : 0.6106"
"6,97 : 0.5659"
"97,6 : 0.5659"
"6,98 : 0.3362"
"98,6 : 0.3362"
"6,99 : 0.4455"
"99,6 : 0.4455"
"7,8 : 0.461"
"8,7 : 0.461"
"7,9 : 0.4205"
"9,7 : 0.4205"
"7,10 : 0.4215"
"10,7 : 0.4215"
"7,11 : 0.5016"
"11,7 : 0.5016"
"7,12 : 0.0922"
"12,7 : 0.0922"
"7,13 : 0.4588"
"13,7 : 0.4588"
"7,14 : 0.522"
"14,7 : 0.522"
"7,15 : 0.6736"
"15,7 : 0.6736"
"7,16 : 0.4866"
"16,7 : 0.4866"
"7,17 : 0.2154"
"17,7 : 0.2154"
"7,18 : 0.253"
"18,7 : 0.253"
"7,19 : 0.6042"
"19,7 : 0.6042"
"7,20 : 0.642"
"20,7 : 0.642"
"7,21 : 0.5143"
"21,7 : 0.5143"
"7,22 : 0.461"
"22,7 : 0.461"
"7,23 : 0.2081"
"23,7 : 0.2081"
"7,24 : 0.4866"
"24,7 : 0.4866"
"7,25 : 0.3276"
"25,7 : 0.3276"
"7,26 : 0.2902"
"26,7 : 0.2902"
"7,27 : 0.644"
"27,7 : 0.644"
"7,28 : 0.2404"
"28,7 : 0.2404"
"7,29 : 0.197"
"29,7 : 0.197"
"7,30 : 0.8061"
"30,7 : 0.8061"
"7,31 : 0.2563"
"31,7 : 0.2563"
"7,32 : 0.6044"
"32,7 : 0.6044"
"7,33 : 0.4031"
"33,7 : 0.4031"
"7,34 : 0.2421"
"34,7 : 0.2421"
"7,35 : 0.6213"
"35,7 : 0.6213"
"7,36 : 0.5371"
"36,7 : 0.5371"
"7,37 : 0.32"
"37,7 : 0.32"
"7,38 : 0.4472"
"38,7 : 0.4472"
"7,39 : 0.4442"
"39,7 : 0.4442"
"7,40 : 0.2807"
"40,7 : 0.2807"
"7,41 : 0.5725"
"41,7 : 0.5725"
"7,42 : 0.3801"
"42,7 : 0.3801"
"7,43 : 0.7024"
"43,7 : 0.7024"
"7,44 : 0.328"
"44,7 : 0.328"
"7,45 : 0.3677"
"45,7 : 0.3677"
"7,46 : 0.4342"
"46,7 : 0.4342"
"7,47 : 0.3712"
"47,7 : 0.3712"
"7,48 : 0.4342"
"48,7 : 0.4342"
"7,49 : 0.26"
"49,7 : 0.26"
"7,50 : 0.4993"
"50,7 : 0.4993"
"7,51 : 0.7142"
"51,7 : 0.7142"
"7,52 : 0.1253"
"52,7 : 0.1253"
"7,53 : 0.1304"
"53,7 : 0.1304"
"7,54 : 0.2309"
"54,7 : 0.2309"
"7,55 : 0.2973"
"55,7 : 0.2973"
"7,56 : 0.6093"
"56,7 : 0.6093"
"7,57 : 0.4624"
"57,7 : 0.4624"
"7,58 : 0.4528"
"58,7 : 0.4528"
"7,59 : 0.6172"
"59,7 : 0.6172"
"7,60 : 0.5385"
"60,7 : 0.5385"
"7,61 : 0.5686"
"61,7 : 0.5686"
"7,62 : 0.7004"
"62,7 : 0.7004"
"7,63 : 0.3624"
"63,7 : 0.3624"
"7,64 : 0.5608"
"64,7 : 0.5608"
"7,65 : 0.2802"
"65,7 : 0.2802"
"7,66 : 0.35"
"66,7 : 0.35"
"7,67 : 0.3257"
"67,7 : 0.3257"
"7,68 : 0.2907"
"68,7 : 0.2907"
"7,69 : 0.4924"
"69,7 : 0.4924"
"7,70 : 0.0906"
"70,7 : 0.0906"
"7,71 : 0.2012"
"71,7 : 0.2012"
"7,72 : 0.1868"
"72,7 : 0.1868"
"7,73 : 0.3342"
"73,7 : 0.3342"
"7,74 : 0.5104"
"74,7 : 0.5104"
"7,75 : 0.586"
"75,7 : 0.586"
"7,76 : 0.6512"
"76,7 : 0.6512"
"7,77 : 0.729"
"77,7 : 0.729"
"7,78 : 0.5924"
"78,7 : 0.5924"
"7,79 : 0.5632"
"79,7 : 0.5632"
"7,80 : 0.3499"
"80,7 : 0.3499"
"7,81 : 0.5511"
"81,7 : 0.5511"
"7,82 : 0.5001"
"82,7 : 0.5001"
"7,83 : 0.5547"
"83,7 : 0.5547"
"7,84 : 0.1421"
"84,7 : 0.1421"
"7,85 : 0.1749"
"85,7 : 0.1749"
"7,86 : 0.2062"
"86,7 : 0.2062"
"7,87 : 0.3239"
"87,7 : 0.3239"
"7,88 : 0.4623"
"88,7 : 0.4623"
"7,89 : 0.6505"
"89,7 : 0.6505"
"7,90 : 0.514"
"90,7 : 0.514"
"7,91 : 0.5909"
"91,7 : 0.5909"
"7,92 : 0.4206"
"92,7 : 0.4206"
"7,93 : 0.6929"
"93,7 : 0.6929"
"7,94 : 0.1513"
"94,7 : 0.1513"
"7,95 : 0.524"
"95,7 : 0.524"
"7,96 : 0.6934"
"96,7 : 0.6934"
"7,97 : 0.5743"
"97,7 : 0.5743"
"7,98 : 0.255"
"98,7 : 0.255"
"7,99 : 0.4522"
"99,7 : 0.4522"
"8,9 : 0.2886"
"9,8 : 0.2886"
"8,10 : 0.5694"
"10,8 : 0.5694"
"8,11 : 0.0781"
"11,8 : 0.0781"
"8,12 : 0.5459"
"12,8 : 0.5459"
"8,13 : 0.6042"
"13,8 : 0.6042"
"8,14 : 0.2121"
"14,8 : 0.2121"
"8,15 : 0.4101"
"15,8 : 0.4101"
"8,16 : 0.0361"
"16,8 : 0.0361"
"8,17 : 0.3081"
"17,8 : 0.3081"
"8,18 : 0.6297"
"18,8 : 0.6297"
"8,19 : 0.2693"
"19,8 : 0.2693"
"8,20 : 0.1965"
"20,8 : 0.1965"
"8,21 : 0.7694"
"21,8 : 0.7694"
"8,22 : 0.4123"
"22,8 : 0.4123"
"8,23 : 0.6579"
"23,8 : 0.6579"
"8,24 : 0.6522"
"24,8 : 0.6522"
"8,25 : 0.472"
"25,8 : 0.472"
"8,26 : 0.4977"
"26,8 : 0.4977"
"8,27 : 0.4851"
"27,8 : 0.4851"
"8,28 : 0.4016"
"28,8 : 0.4016"
"8,29 : 0.6552"
"29,8 : 0.6552"
"8,30 : 0.4851"
"30,8 : 0.4851"
"8,31 : 0.2832"
"31,8 : 0.2832"
"8,32 : 0.3766"
"32,8 : 0.3766"
"8,33 : 0.5523"
"33,8 : 0.5523"
"8,34 : 0.642"
"34,8 : 0.642"
"8,35 : 0.4455"
"35,8 : 0.4455"
"8,36 : 0.3606"
"36,8 : 0.3606"
"8,37 : 0.164"
"37,8 : 0.164"
"8,38 : 0.6297"
"38,8 : 0.6297"
"8,39 : 0.528"
"39,8 : 0.528"
"8,40 : 0.5738"
"40,8 : 0.5738"
"8,41 : 0.4519"
"41,8 : 0.4519"
"8,42 : 0.6648"
"42,8 : 0.6648"
"8,43 : 0.4624"
"43,8 : 0.4624"
"8,44 : 0.7708"
"44,8 : 0.7708"
"8,45 : 0.7278"
"45,8 : 0.7278"
"8,46 : 0.6075"
"46,8 : 0.6075"
"8,47 : 0.1526"
"47,8 : 0.1526"
"8,48 : 0.1612"
"48,8 : 0.1612"
"8,49 : 0.5763"
"49,8 : 0.5763"
"8,50 : 0.3672"
"50,8 : 0.3672"
"8,51 : 0.413"
"51,8 : 0.413"
"8,52 : 0.5515"
"52,8 : 0.5515"
"8,53 : 0.441"
"53,8 : 0.441"
"8,54 : 0.3985"
"54,8 : 0.3985"
"8,55 : 0.7569"
"55,8 : 0.7569"
"8,56 : 0.178"
"56,8 : 0.178"
"8,57 : 0.7024"
"57,8 : 0.7024"
"8,58 : 0.2693"
"58,8 : 0.2693"
"8,59 : 0.2059"
"59,8 : 0.2059"
"8,60 : 0.522"
"60,8 : 0.522"
"8,61 : 0.1476"
"61,8 : 0.1476"
"8,62 : 0.3847"
"62,8 : 0.3847"
"8,63 : 0.7489"
"63,8 : 0.7489"
"8,64 : 0.6229"
"64,8 : 0.6229"
"8,65 : 0.494"
"65,8 : 0.494"
"8,66 : 0.6841"
"66,8 : 0.6841"
"8,67 : 0.4082"
"67,8 : 0.4082"
"8,68 : 0.2983"
"68,8 : 0.2983"
"8,69 : 0.5099"
"69,8 : 0.5099"
"8,70 : 0.4793"
"70,8 : 0.4793"
"8,71 : 0.2702"
"71,8 : 0.2702"
"8,72 : 0.4079"
"72,8 : 0.4079"
"8,73 : 0.2884"
"73,8 : 0.2884"
"8,74 : 0.1342"
"74,8 : 0.1342"
"8,75 : 0.4742"
"75,8 : 0.4742"
"8,76 : 0.2907"
"76,8 : 0.2907"
"8,77 : 0.3048"
"77,8 : 0.3048"
"8,78 : 0.8071"
"78,8 : 0.8071"
"8,79 : 0.6031"
"79,8 : 0.6031"
"8,80 : 0.3176"
"80,8 : 0.3176"
"8,81 : 0.5561"
"81,8 : 0.5561"
"8,82 : 0.524"
"82,8 : 0.524"
"8,83 : 0.4338"
"83,8 : 0.4338"
"8,84 : 0.4168"
"84,8 : 0.4168"
"8,85 : 0.3635"
"85,8 : 0.3635"
"8,86 : 0.6403"
"86,8 : 0.6403"
"8,87 : 0.5463"
"87,8 : 0.5463"
"8,88 : 0.7843"
"88,8 : 0.7843"
"8,89 : 0.3601"
"89,8 : 0.3601"
"8,90 : 0.2138"
"90,8 : 0.2138"
"8,91 : 0.4875"
"91,8 : 0.4875"
"8,92 : 0.2354"
"92,8 : 0.2354"
"8,93 : 0.3945"
"93,8 : 0.3945"
"8,94 : 0.4329"
"94,8 : 0.4329"
"8,95 : 0.5001"
"95,8 : 0.5001"
"8,96 : 0.3087"
"96,8 : 0.3087"
"8,97 : 0.8633"
"97,8 : 0.8633"
"8,98 : 0.7117"
"98,8 : 0.7117"
"8,99 : 0.7596"
"99,8 : 0.7596"
"9,10 : 0.3041"
"10,9 : 0.3041"
"9,11 : 0.2506"
"11,9 : 0.2506"
"9,12 : 0.5108"
"12,9 : 0.5108"
"9,13 : 0.333"
"13,9 : 0.333"
"9,14 : 0.4916"
"14,9 : 0.4916"
"9,15 : 0.6926"
"15,9 : 0.6926"
"9,16 : 0.2786"
"16,9 : 0.2786"
"9,17 : 0.2059"
"17,9 : 0.2059"
"9,18 : 0.4639"
"18,9 : 0.4639"
"9,19 : 0.2159"
"19,9 : 0.2159"
"9,20 : 0.3471"
"20,9 : 0.3471"
"9,21 : 0.8841"
"21,9 : 0.8841"
"9,22 : 0.6294"
"22,9 : 0.6294"
"9,23 : 0.5533"
"23,9 : 0.5533"
"9,24 : 0.8045"
"24,9 : 0.8045"
"9,25 : 0.2326"
"25,9 : 0.2326"
"9,26 : 0.6107"
"26,9 : 0.6107"
"9,27 : 0.2441"
"27,9 : 0.2441"
"9,28 : 0.514"
"28,9 : 0.514"
"9,29 : 0.5689"
"29,9 : 0.5689"
"9,30 : 0.7737"
"30,9 : 0.7737"
"9,31 : 0.1664"
"31,9 : 0.1664"
"9,32 : 0.65"
"32,9 : 0.65"
"9,33 : 0.2907"
"33,9 : 0.2907"
"9,34 : 0.6586"
"34,9 : 0.6586"
"9,35 : 0.2126"
"35,9 : 0.2126"
"9,36 : 0.1204"
"36,9 : 0.1204"
"9,37 : 0.1897"
"37,9 : 0.1897"
"9,38 : 0.772"
"38,9 : 0.772"
"9,39 : 0.25"
"39,9 : 0.25"
"9,40 : 0.3736"
"40,9 : 0.3736"
"9,41 : 0.7004"
"41,9 : 0.7004"
"9,42 : 0.4383"
"42,9 : 0.4383"
"9,43 : 0.283"
"43,9 : 0.283"
"9,44 : 0.6403"
"44,9 : 0.6403"
"9,45 : 0.7767"
"45,9 : 0.7767"
"9,46 : 0.7521"
"46,9 : 0.7521"
"9,47 : 0.1503"
"47,9 : 0.1503"
"9,48 : 0.13"
"48,9 : 0.13"
"9,49 : 0.3883"
"49,9 : 0.3883"
"9,50 : 0.61"
"50,9 : 0.61"
"9,51 : 0.7004"
"51,9 : 0.7004"
"9,52 : 0.4455"
"52,9 : 0.4455"
"9,53 : 0.4827"
"53,9 : 0.4827"
"9,54 : 0.5061"
"54,9 : 0.5061"
"9,55 : 0.6648"
"55,9 : 0.6648"
"9,56 : 0.4569"
"56,9 : 0.4569"
"9,57 : 0.8213"
"57,9 : 0.8213"
"9,58 : 0.5148"
"58,9 : 0.5148"
"9,59 : 0.4904"
"59,9 : 0.4904"
"9,60 : 0.74"
"60,9 : 0.74"
"9,61 : 0.4332"
"61,9 : 0.4332"
"9,62 : 0.6727"
"62,9 : 0.6727"
"9,63 : 0.5675"
"63,9 : 0.5675"
"9,64 : 0.8186"
"64,9 : 0.8186"
"9,65 : 0.6031"
"65,9 : 0.6031"
"9,66 : 0.7481"
"66,9 : 0.7481"
"9,67 : 0.5644"
"67,9 : 0.5644"
"9,68 : 0.13"
"68,9 : 0.13"
"9,69 : 0.7131"
"69,9 : 0.7131"
"9,70 : 0.3808"
"70,9 : 0.3808"
"9,71 : 0.336"
"71,9 : 0.336"
"9,72 : 0.4884"
"72,9 : 0.4884"
"9,73 : 0.4717"
"73,9 : 0.4717"
"9,74 : 0.2062"
"74,9 : 0.2062"
"9,75 : 0.7218"
"75,9 : 0.7218"
"9,76 : 0.2668"
"76,9 : 0.2668"
"9,77 : 0.5771"
"77,9 : 0.5771"
"9,78 : 0.9449"
"78,9 : 0.9449"
"9,79 : 0.8062"
"79,9 : 0.8062"
"9,80 : 0.08"
"80,9 : 0.08"
"9,81 : 0.769"
"81,9 : 0.769"
"9,82 : 0.7262"
"82,9 : 0.7262"
"9,83 : 0.6807"
"83,9 : 0.6807"
"9,84 : 0.2983"
"84,9 : 0.2983"
"9,85 : 0.4393"
"85,9 : 0.4393"
"9,86 : 0.6265"
"86,9 : 0.6265"
"9,87 : 0.6595"
"87,9 : 0.6595"
"9,88 : 0.8605"
"88,9 : 0.8605"
"9,89 : 0.645"
"89,9 : 0.645"
"9,90 : 0.4909"
"90,9 : 0.4909"
"9,91 : 0.7335"
"91,9 : 0.7335"
"9,92 : 0.0539"
"92,9 : 0.0539"
"9,93 : 0.2766"
"93,9 : 0.2766"
"9,94 : 0.4884"
"94,9 : 0.4884"
"9,95 : 0.2121"
"95,9 : 0.2121"
"9,96 : 0.5946"
"96,9 : 0.5946"
"9,97 : 0.9626"
"97,9 : 0.9626"
"9,98 : 0.614"
"98,9 : 0.614"
"9,99 : 0.8439"
"99,9 : 0.8439"
"10,11 : 0.5482"
"11,10 : 0.5482"
"10,12 : 0.4802"
"12,10 : 0.4802"
"10,13 : 0.04"
"13,10 : 0.04"
"10,14 : 0.7467"
"14,10 : 0.7467"
"10,15 : 0.9425"
"15,10 : 0.9425"
"10,16 : 0.5686"
"16,10 : 0.5686"
"10,17 : 0.3126"
"17,10 : 0.3126"
"10,18 : 0.283"
"18,10 : 0.283"
"10,19 : 0.5025"
"19,10 : 0.5025"
"10,20 : 0.6512"
"20,10 : 0.6512"
"10,21 : 0.9352"
"21,10 : 0.9352"
"10,22 : 0.8106"
"22,10 : 0.8106"
"10,23 : 0.4264"
"23,10 : 0.4264"
"10,24 : 0.9025"
"24,10 : 0.9025"
"10,25 : 0.1105"
"25,10 : 0.1105"
"10,26 : 0.7009"
"26,10 : 0.7009"
"10,27 : 0.3601"
"27,10 : 0.3601"
"10,28 : 0.6265"
"28,10 : 0.6265"
"10,29 : 0.4601"
"29,10 : 0.4601"
"10,30 : 1.0439"
"30,10 : 1.0439"
"10,31 : 0.3105"
"31,10 : 0.3105"
"10,32 : 0.8877"
"32,10 : 0.8877"
"10,33 : 0.02"
"33,10 : 0.02"
"10,34 : 0.6435"
"34,10 : 0.6435"
"10,35 : 0.3635"
"35,10 : 0.3635"
"10,36 : 0.3362"
"36,10 : 0.3362"
"10,37 : 0.4215"
"37,10 : 0.4215"
"10,38 : 0.864"
"38,10 : 0.864"
"10,39 : 0.0707"
"39,10 : 0.0707"
"10,40 : 0.178"
"40,10 : 0.178"
"10,41 : 0.9055"
"41,10 : 0.9055"
"10,42 : 0.1703"
"42,10 : 0.1703"
"10,43 : 0.4639"
"43,10 : 0.4639"
"10,44 : 0.461"
"44,10 : 0.461"
"10,45 : 0.7739"
"45,10 : 0.7739"
"10,46 : 0.849"
"46,10 : 0.849"
"10,47 : 0.4168"
"47,10 : 0.4168"
"10,48 : 0.4264"
"48,10 : 0.4264"
"10,49 : 0.2062"
"49,10 : 0.2062"
"10,50 : 0.8174"
"50,10 : 0.8174"
"10,51 : 0.9621"
"51,10 : 0.9621"
"10,52 : 0.3561"
"52,10 : 0.3561"
"10,53 : 0.5412"
"53,10 : 0.5412"
"10,54 : 0.6166"
"54,10 : 0.6166"
"10,55 : 0.527"
"55,10 : 0.527"
"10,56 : 0.7463"
"56,10 : 0.7463"
"10,57 : 0.8839"
"57,10 : 0.8839"
"10,58 : 0.7355"
"58,10 : 0.7355"
"10,59 : 0.7752"
"59,10 : 0.7752"
"10,60 : 0.9102"
"60,10 : 0.9102"
"10,61 : 0.7169"
"61,10 : 0.7169"
"10,62 : 0.9378"
"62,10 : 0.9378"
"10,63 : 0.3373"
"63,10 : 0.3373"
"10,64 : 0.9589"
"64,10 : 0.9589"
"10,65 : 0.6912"
"65,10 : 0.6912"
"10,66 : 0.7654"
"66,10 : 0.7654"
"10,67 : 0.7026"
"67,10 : 0.7026"
"10,68 : 0.2786"
"68,10 : 0.2786"
"10,69 : 0.8714"
"69,10 : 0.8714"
"10,70 : 0.3354"
"70,10 : 0.3354"
"10,71 : 0.4804"
"71,10 : 0.4804"
"10,72 : 0.5805"
"72,10 : 0.5805"
"10,73 : 0.6519"
"73,10 : 0.6519"
"10,74 : 0.5093"
"74,10 : 0.5093"
"10,75 : 0.9244"
"75,10 : 0.9244"
"10,76 : 0.5507"
"76,10 : 0.5507"
"10,77 : 0.8709"
"77,10 : 0.8709"
"10,78 : 1.0139"
"78,10 : 1.0139"
"10,79 : 0.9552"
"79,10 : 0.9552"
"10,80 : 0.2524"
"80,10 : 0.2524"
"10,81 : 0.9313"
"81,10 : 0.9313"
"10,82 : 0.882"
"82,10 : 0.882"
"10,83 : 0.8857"
"83,10 : 0.8857"
"10,84 : 0.2886"
"84,10 : 0.2886"
"10,85 : 0.5445"
"85,10 : 0.5445"
"10,86 : 0.586"
"86,10 : 0.586"
"10,87 : 0.7404"
"87,10 : 0.7404"
"10,88 : 0.8746"
"88,10 : 0.8746"
"10,89 : 0.9014"
"89,10 : 0.9014"
"10,90 : 0.7433"
"90,10 : 0.7433"
"10,91 : 0.9334"
"91,10 : 0.9334"
"10,92 : 0.3538"
"92,10 : 0.3538"
"10,93 : 0.5124"
"93,10 : 0.5124"
"10,94 : 0.5579"
"94,10 : 0.5579"
"10,95 : 0.19"
"95,10 : 0.19"
"10,96 : 0.8771"
"96,10 : 0.8771"
"10,97 : 0.9898"
"97,10 : 0.9898"
"10,98 : 0.4801"
"98,10 : 0.4801"
"10,99 : 0.8683"
"99,10 : 0.8683"
"11,12 : 0.5903"
"12,11 : 0.5903"
"11,13 : 0.5801"
"13,11 : 0.5801"
"11,14 : 0.2816"
"14,11 : 0.2816"
"11,15 : 0.4738"
"15,11 : 0.4738"
"11,16 : 0.0447"
"16,11 : 0.0447"
"11,17 : 0.3231"
"17,11 : 0.3231"
"11,18 : 0.644"
"18,11 : 0.644"
"11,19 : 0.1924"
"19,11 : 0.1924"
"11,20 : 0.1404"
"20,11 : 0.1404"
"11,21 : 0.8422"
"21,11 : 0.8422"
"11,22 : 0.4904"
"22,11 : 0.4904"
"11,23 : 0.6888"
"23,11 : 0.6888"
"11,24 : 0.728"
"24,11 : 0.728"
"11,25 : 0.4597"
"25,11 : 0.4597"
"11,26 : 0.568"
"26,11 : 0.568"
"11,27 : 0.4205"
"27,11 : 0.4205"
"11,28 : 0.4701"
"28,11 : 0.4701"
"11,29 : 0.6905"
"29,11 : 0.6905"
"11,30 : 0.5346"
"30,11 : 0.5346"
"11,31 : 0.2907"
"31,11 : 0.2907"
"11,32 : 0.4464"
"32,11 : 0.4464"
"11,33 : 0.5326"
"33,11 : 0.5326"
"11,34 : 0.6987"
"34,11 : 0.6987"
"11,35 : 0.3805"
"35,11 : 0.3805"
"11,36 : 0.3015"
"36,11 : 0.3015"
"11,37 : 0.1844"
"37,11 : 0.1844"
"11,38 : 0.7046"
"38,11 : 0.7046"
"11,39 : 0.4993"
"39,11 : 0.4993"
"11,40 : 0.5769"
"40,11 : 0.5769"
"11,41 : 0.5277"
"41,11 : 0.5277"
"11,42 : 0.6607"
"42,11 : 0.6607"
"11,43 : 0.389"
"43,11 : 0.389"
"11,44 : 0.797"
"44,11 : 0.797"
"11,45 : 0.7912"
"45,11 : 0.7912"
"11,46 : 0.6824"
"46,11 : 0.6824"
"11,47 : 0.1476"
"47,11 : 0.1476"
"11,48 : 0.1221"
"48,11 : 0.1221"
"11,49 : 0.5831"
"49,11 : 0.5831"
"11,50 : 0.4442"
"50,11 : 0.4442"
"11,51 : 0.47"
"51,11 : 0.47"
"11,52 : 0.5797"
"52,11 : 0.5797"
"11,53 : 0.4982"
"53,11 : 0.4982"
"11,54 : 0.4662"
"54,11 : 0.4662"
"11,55 : 0.7925"
"55,11 : 0.7925"
"11,56 : 0.2088"
"56,11 : 0.2088"
"11,57 : 0.7752"
"57,11 : 0.7752"
"11,58 : 0.3467"
"58,11 : 0.3467"
"11,59 : 0.2452"
"59,11 : 0.2452"
"11,60 : 0.6"
"60,11 : 0.6"
"11,61 : 0.191"
"61,11 : 0.191"
"11,62 : 0.4401"
"62,11 : 0.4401"
"11,63 : 0.7606"
"63,11 : 0.7606"
"11,64 : 0.7009"
"64,11 : 0.7009"
"11,65 : 0.5636"
"65,11 : 0.5636"
"11,66 : 0.7495"
"66,11 : 0.7495"
"11,67 : 0.4826"
"67,11 : 0.4826"
"11,68 : 0.2941"
"68,11 : 0.2941"
"11,69 : 0.588"
"69,11 : 0.588"
"11,70 : 0.507"
"70,11 : 0.507"
"11,71 : 0.3239"
"71,11 : 0.3239"
"11,72 : 0.4713"
"72,11 : 0.4713"
"11,73 : 0.364"
"73,11 : 0.364"
"11,74 : 0.0608"
"74,11 : 0.0608"
"11,75 : 0.5501"
"75,11 : 0.5501"
"11,76 : 0.2126"
"76,11 : 0.2126"
"11,77 : 0.3265"
"77,11 : 0.3265"
"11,78 : 0.8823"
"78,11 : 0.8823"
"11,79 : 0.6812"
"79,11 : 0.6812"
"11,80 : 0.2973"
"80,11 : 0.2973"
"11,81 : 0.6341"
"81,11 : 0.6341"
"11,82 : 0.6021"
"82,11 : 0.6021"
"11,83 : 0.51"
"83,11 : 0.51"
"11,84 : 0.4366"
"84,11 : 0.4366"
"11,85 : 0.4245"
"85,11 : 0.4245"
"11,86 : 0.6912"
"86,11 : 0.6912"
"11,87 : 0.6172"
"87,11 : 0.6172"
"11,88 : 0.8523"
"88,11 : 0.8523"
"11,89 : 0.4219"
"89,11 : 0.4219"
"11,90 : 0.2846"
"90,11 : 0.2846"
"11,91 : 0.5636"
"91,11 : 0.5636"
"11,92 : 0.1972"
"92,11 : 0.1972"
"11,93 : 0.3176"
"93,11 : 0.3176"
"11,94 : 0.4924"
"94,11 : 0.4924"
"11,95 : 0.4554"
"95,11 : 0.4554"
"11,96 : 0.3493"
"96,11 : 0.3493"
"11,97 : 0.9348"
"97,11 : 0.9348"
"11,98 : 0.7453"
"98,11 : 0.7453"
"11,99 : 0.8286"
"99,11 : 0.8286"
"12,13 : 0.5148"
"13,12 : 0.5148"
"12,14 : 0.5867"
"14,12 : 0.5867"
"12,15 : 0.7218"
"15,12 : 0.7218"
"12,16 : 0.5731"
"16,12 : 0.5731"
"12,17 : 0.3068"
"17,12 : 0.3068"
"12,18 : 0.2602"
"18,12 : 0.2602"
"12,19 : 0.6963"
"19,12 : 0.6963"
"12,20 : 0.7306"
"20,12 : 0.7306"
"12,21 : 0.4617"
"21,12 : 0.4617"
"12,22 : 0.4883"
"22,12 : 0.4883"
"12,23 : 0.1612"
"23,12 : 0.1612"
"12,24 : 0.4601"
"24,12 : 0.4601"
"12,25 : 0.397"
"25,12 : 0.397"
"12,26 : 0.2816"
"26,12 : 0.2816"
"12,27 : 0.7295"
"27,12 : 0.7295"
"12,28 : 0.264"
"28,12 : 0.264"
"12,29 : 0.1345"
"29,12 : 0.1345"
"12,30 : 0.8591"
"30,12 : 0.8591"
"12,31 : 0.3479"
"31,12 : 0.3479"
"12,32 : 0.6507"
"32,12 : 0.6507"
"12,33 : 0.4632"
"33,12 : 0.4632"
"12,34 : 0.164"
"34,12 : 0.164"
"12,35 : 0.7083"
"35,12 : 0.7083"
"12,36 : 0.6261"
"36,12 : 0.6261"
"12,37 : 0.4105"
"37,12 : 0.4105"
"12,38 : 0.4201"
"38,12 : 0.4201"
"12,39 : 0.5122"
"39,12 : 0.5122"
"12,40 : 0.3195"
"40,12 : 0.3195"
"12,41 : 0.6022"
"41,12 : 0.6022"
"12,42 : 0.4079"
"42,12 : 0.4079"
"12,43 : 0.7916"
"43,12 : 0.7916"
"12,44 : 0.278"
"44,12 : 0.278"
"12,45 : 0.2941"
"45,12 : 0.2941"
"12,46 : 0.4111"
"46,12 : 0.4111"
"12,47 : 0.4627"
"47,12 : 0.4627"
"12,48 : 0.5261"
"48,12 : 0.5261"
"12,49 : 0.2941"
"49,12 : 0.2941"
"12,50 : 0.5381"
"50,12 : 0.5381"
"12,51 : 0.7669"
"51,12 : 0.7669"
"12,52 : 0.1334"
"52,12 : 0.1334"
"12,53 : 0.1487"
"53,12 : 0.1487"
"12,54 : 0.2561"
"54,12 : 0.2561"
"12,55 : 0.2247"
"55,12 : 0.2247"
"12,56 : 0.6862"
"56,12 : 0.6862"
"12,57 : 0.4177"
"57,12 : 0.4177"
"12,58 : 0.5061"
"58,12 : 0.5061"
"12,59 : 0.6908"
"59,12 : 0.6908"
"12,60 : 0.5504"
"60,12 : 0.5504"
"12,61 : 0.6451"
"61,12 : 0.6451"
"12,62 : 0.756"
"62,12 : 0.756"
"12,63 : 0.3493"
"63,12 : 0.3493"
"12,64 : 0.5532"
"64,12 : 0.5532"
"12,65 : 0.272"
"65,12 : 0.272"
"12,66 : 0.2864"
"66,12 : 0.2864"
"12,67 : 0.3467"
"67,12 : 0.3467"
"12,68 : 0.3808"
"68,12 : 0.3808"
"12,69 : 0.5016"
"69,12 : 0.5016"
"12,70 : 0.1487"
"70,12 : 0.1487"
"12,71 : 0.2789"
"71,12 : 0.2789"
"12,72 : 0.2126"
"72,12 : 0.2126"
"12,73 : 0.3842"
"73,12 : 0.3842"
"12,74 : 0.6013"
"74,12 : 0.6013"
"12,75 : 0.6129"
"75,12 : 0.6129"
"12,76 : 0.7433"
"76,12 : 0.7433"
"12,77 : 0.8023"
"77,12 : 0.8023"
"12,78 : 0.5457"
"78,12 : 0.5457"
"12,79 : 0.5604"
"79,12 : 0.5604"
"12,80 : 0.4383"
"80,12 : 0.4383"
"12,81 : 0.5571"
"81,12 : 0.5571"
"12,82 : 0.507"
"82,12 : 0.507"
"12,83 : 0.586"
"83,12 : 0.586"
"12,84 : 0.222"
"84,12 : 0.222"
"12,85 : 0.222"
"85,12 : 0.222"
"12,86 : 0.1166"
"86,12 : 0.1166"
"12,87 : 0.3027"
"87,12 : 0.3027"
"12,88 : 0.3945"
"88,12 : 0.3945"
"12,89 : 0.7043"
"89,12 : 0.7043"
"12,90 : 0.578"
"90,12 : 0.578"
"12,91 : 0.6159"
"91,12 : 0.6159"
"12,92 : 0.5124"
"92,12 : 0.5124"
"12,93 : 0.7843"
"93,12 : 0.7843"
"12,94 : 0.1703"
"94,12 : 0.1703"
"12,95 : 0.6014"
"95,12 : 0.6014"
"12,96 : 0.7606"
"96,12 : 0.7606"
"12,97 : 0.51"
"97,12 : 0.51"
"12,98 : 0.191"
"98,12 : 0.191"
"12,99 : 0.3891"
"99,12 : 0.3891"
"13,14 : 0.7843"
"14,13 : 0.7843"
"13,15 : 0.9808"
"15,13 : 0.9808"
"13,16 : 0.6021"
"16,13 : 0.6021"
"13,17 : 0.3523"
"17,13 : 0.3523"
"13,18 : 0.3061"
"18,13 : 0.3061"
"13,19 : 0.5243"
"19,13 : 0.5243"
"13,20 : 0.6788"
"20,13 : 0.6788"
"13,21 : 0.9717"
"21,13 : 0.9717"
"13,22 : 0.8505"
"22,13 : 0.8505"
