x,y
0.75,0.2
0.61,0.87
0.45,0.32
0.64,0.09
0.36,0.81
0.64,0.61
0.52,0.42
0.14,0.39
0.43,0.5
0.58,0.01
0.81,0.91
0.76,0.88
0.8,0.38
0.91,0.11
0.85,0.47
0.14,0.25
0.39,0.73
0.5,0.58
0.73,0.08
0.13,0.1
0.78,0.41
0.83,0.87
0.9,0.45
0.12,0.9
0.03,0.16
0.77,0.91
0.43,0.63
0.01,0.2
0.27,0.7
0.68,0.27
0.03,0.86
0.47,0.31
0.69,0.4
0.41,0.15
0.02,0.35
0.51,0.96
0.45,0.54
0.91,0.15
0.37,0.35
0.64,0.39
0.62,0.06
0.81,0.65
0.83,0.88
0.76,0.7
0.66,0.64
0.68,0.61
0.66,0.03
0.93,0.88
0.27,0.8
0.28,0.96
0.53,0.22
0.43,0.13
0.57,0.24
0.28,0.45
0.62,0.36
0.16,0.81
0.46,0.24
0.04,0.72
0.46,0.15
0.99,0.16
0.96,0.56
0.25,0.58
0.69,0.46
0.74,0.3
0.17,0.27
0.77,0.32
0.34,0.22
0.16,0.36
0.7,0.63
0.02,0.02
0.49,0.47
0.07,0.71
0.24,0.4
0.47,0.73
0.04,0.95
0.27,0.02
0.33,0.84
0.91,0.23
0.34,0.48
0.9,0.63
0.61,0.28
0.84,0.58
0.18,0.47
0.55,0.69
0.33,0.18
0.31,0.14
0.83,0.73
0.08,0.97
0.81,0.18
0.73,0.25
0.2,0.96
0.93,0.2
0.93,0.84
0.7,0.4
0.85,0.06
0.35,0.4
0.09,0.17
0.79,0.84
0.59,0.3
0.08,0.38

Distanze
"0,1 : 0.6845"
"1,0 : 0.6845"
"0,2 : 0.3231"
"2,0 : 0.3231"
"0,3 : 0.1556"
"3,0 : 0.1556"
"0,4 : 0.724"
"4,0 : 0.724"
"0,5 : 0.4245"
"5,0 : 0.4245"
"0,6 : 0.3183"
"6,0 : 0.3183"
"0,7 : 0.6389"
"7,0 : 0.6389"
"0,8 : 0.4386"
"8,0 : 0.4386"
"0,9 : 0.255"
"9,0 : 0.255"
"0,10 : 0.7125"
"10,0 : 0.7125"
"0,11 : 0.6801"
"11,0 : 0.6801"
"0,12 : 0.1868"
"12,0 : 0.1868"
"0,13 : 0.1836"
"13,0 : 0.1836"
"0,14 : 0.2879"
"14,0 : 0.2879"
"0,15 : 0.612"
"15,0 : 0.612"
"0,16 : 0.6407"
"16,0 : 0.6407"
"0,17 : 0.4549"
"17,0 : 0.4549"
"0,18 : 0.1217"
"18,0 : 0.1217"
"0,19 : 0.628"
"19,0 : 0.628"
"0,20 : 0.2121"
"20,0 : 0.2121"
"0,21 : 0.6748"
"21,0 : 0.6748"
"0,22 : 0.2915"
"22,0 : 0.2915"
"0,23 : 0.9418"
"23,0 : 0.9418"
"0,24 : 0.7211"
"24,0 : 0.7211"
"0,25 : 0.7103"
"25,0 : 0.7103"
"0,26 : 0.536"
"26,0 : 0.536"
"0,27 : 0.74"
"27,0 : 0.74"
"0,28 : 0.6931"
"28,0 : 0.6931"
"0,29 : 0.099"
"29,0 : 0.099"
"0,30 : 0.9767"
"30,0 : 0.9767"
"0,31 : 0.3008"
"31,0 : 0.3008"
"0,32 : 0.2088"
"32,0 : 0.2088"
"0,33 : 0.3437"
"33,0 : 0.3437"
"0,34 : 0.7453"
"34,0 : 0.7453"
"0,35 : 0.797"
"35,0 : 0.797"
"0,36 : 0.4534"
"36,0 : 0.4534"
"0,37 : 0.1676"
"37,0 : 0.1676"
"0,38 : 0.4085"
"38,0 : 0.4085"
"0,39 : 0.2195"
"39,0 : 0.2195"
"0,40 : 0.191"
"40,0 : 0.191"
"0,41 : 0.454"
"41,0 : 0.454"
"0,42 : 0.6847"
"42,0 : 0.6847"
"0,43 : 0.5001"
"43,0 : 0.5001"
"0,44 : 0.4491"
"44,0 : 0.4491"
"0,45 : 0.4159"
"45,0 : 0.4159"
"0,46 : 0.1924"
"46,0 : 0.1924"
"0,47 : 0.7034"
"47,0 : 0.7034"
"0,48 : 0.7684"
"48,0 : 0.7684"
"0,49 : 0.8936"
"49,0 : 0.8936"
"0,50 : 0.2209"
"50,0 : 0.2209"
"0,51 : 0.3276"
"51,0 : 0.3276"
"0,52 : 0.1844"
"52,0 : 0.1844"
"0,53 : 0.5324"
"53,0 : 0.5324"
"0,54 : 0.2062"
"54,0 : 0.2062"
"0,55 : 0.8486"
"55,0 : 0.8486"
"0,56 : 0.2927"
"56,0 : 0.2927"
"0,57 : 0.8801"
"57,0 : 0.8801"
"0,58 : 0.2943"
"58,0 : 0.2943"
"0,59 : 0.2433"
"59,0 : 0.2433"
"0,60 : 0.4168"
"60,0 : 0.4168"
"0,61 : 0.628"
"61,0 : 0.628"
"0,62 : 0.2668"
"62,0 : 0.2668"
"0,63 : 0.1005"
"63,0 : 0.1005"
"0,64 : 0.5842"
"64,0 : 0.5842"
"0,65 : 0.1217"
"65,0 : 0.1217"
"0,66 : 0.4105"
"66,0 : 0.4105"
"0,67 : 0.6113"
"67,0 : 0.6113"
"0,68 : 0.4329"
"68,0 : 0.4329"
"0,69 : 0.7519"
"69,0 : 0.7519"
"0,70 : 0.3748"
"70,0 : 0.3748"
"0,71 : 0.85"
"71,0 : 0.85"
"0,72 : 0.5478"
"72,0 : 0.5478"
"0,73 : 0.5994"
"73,0 : 0.5994"
"0,74 : 1.0328"
"74,0 : 1.0328"
"0,75 : 0.5126"
"75,0 : 0.5126"
"0,76 : 0.7655"
"76,0 : 0.7655"
"0,77 : 0.1628"
"77,0 : 0.1628"
"0,78 : 0.4965"
"78,0 : 0.4965"
"0,79 : 0.4554"
"79,0 : 0.4554"
"0,80 : 0.1612"
"80,0 : 0.1612"
"0,81 : 0.3905"
"81,0 : 0.3905"
"0,82 : 0.6307"
"82,0 : 0.6307"
"0,83 : 0.5292"
"83,0 : 0.5292"
"0,84 : 0.4205"
"84,0 : 0.4205"
"0,85 : 0.4441"
"85,0 : 0.4441"
"0,86 : 0.536"
"86,0 : 0.536"
"0,87 : 1.0207"
"87,0 : 1.0207"
"0,88 : 0.0632"
"88,0 : 0.0632"
"0,89 : 0.0539"
"89,0 : 0.0539"
"0,90 : 0.9381"
"90,0 : 0.9381"
"0,91 : 0.18"
"91,0 : 0.18"
"0,92 : 0.6648"
"92,0 : 0.6648"
"0,93 : 0.2062"
"93,0 : 0.2062"
"0,94 : 0.172"
"94,0 : 0.172"
"0,95 : 0.4472"
"95,0 : 0.4472"
"0,96 : 0.6607"
"96,0 : 0.6607"
"0,97 : 0.6412"
"97,0 : 0.6412"
"0,98 : 0.1887"
"98,0 : 0.1887"
"0,99 : 0.6938"
"99,0 : 0.6938"
"1,2 : 0.5728"
"2,1 : 0.5728"
"1,3 : 0.7806"
"3,1 : 0.7806"
"1,4 : 0.2571"
"4,1 : 0.2571"
"1,5 : 0.2617"
"5,1 : 0.2617"
"1,6 : 0.4589"
"6,1 : 0.4589"
"1,7 : 0.6718"
"7,1 : 0.6718"
"1,8 : 0.4115"
"8,1 : 0.4115"
"1,9 : 0.8605"
"9,1 : 0.8605"
"1,10 : 0.204"
"10,1 : 0.204"
"1,11 : 0.1503"
"11,1 : 0.1503"
"1,12 : 0.5255"
"12,1 : 0.5255"
"1,13 : 0.8171"
"13,1 : 0.8171"
"1,14 : 0.4665"
"14,1 : 0.4665"
"1,15 : 0.778"
"15,1 : 0.778"
"1,16 : 0.2608"
"16,1 : 0.2608"
"1,17 : 0.3102"
"17,1 : 0.3102"
"1,18 : 0.7991"
"18,1 : 0.7991"
"1,19 : 0.9074"
"19,1 : 0.9074"
"1,20 : 0.4904"
"20,1 : 0.4904"
"1,21 : 0.22"
"21,1 : 0.22"
"1,22 : 0.5104"
"22,1 : 0.5104"
"1,23 : 0.4909"
"23,1 : 0.4909"
"1,24 : 0.9168"
"24,1 : 0.9168"
"1,25 : 0.1649"
"25,1 : 0.1649"
"1,26 : 0.3"
"26,1 : 0.3"
"1,27 : 0.8994"
"27,1 : 0.8994"
"1,28 : 0.3801"
"28,1 : 0.3801"
"1,29 : 0.6041"
"29,1 : 0.6041"
"1,30 : 0.5801"
"30,1 : 0.5801"
"1,31 : 0.5772"
"31,1 : 0.5772"
"1,32 : 0.4768"
"32,1 : 0.4768"
"1,33 : 0.7473"
"33,1 : 0.7473"
"1,34 : 0.7864"
"34,1 : 0.7864"
"1,35 : 0.1345"
"35,1 : 0.1345"
"1,36 : 0.3667"
"36,1 : 0.3667"
"1,37 : 0.78"
"37,1 : 0.78"
"1,38 : 0.5727"
"38,1 : 0.5727"
"1,39 : 0.4809"
"39,1 : 0.4809"
"1,40 : 0.8101"
"40,1 : 0.8101"
"1,41 : 0.2973"
"41,1 : 0.2973"
"1,42 : 0.2202"
"42,1 : 0.2202"
"1,43 : 0.2267"
"43,1 : 0.2267"
"1,44 : 0.2354"
"44,1 : 0.2354"
"1,45 : 0.2693"
"45,1 : 0.2693"
"1,46 : 0.8415"
"46,1 : 0.8415"
"1,47 : 0.3202"
"47,1 : 0.3202"
"1,48 : 0.3471"
"48,1 : 0.3471"
"1,49 : 0.3421"
"49,1 : 0.3421"
"1,50 : 0.6549"
"50,1 : 0.6549"
"1,51 : 0.7616"
"51,1 : 0.7616"
"1,52 : 0.6313"
"52,1 : 0.6313"
"1,53 : 0.5341"
"53,1 : 0.5341"
"1,54 : 0.5101"
"54,1 : 0.5101"
"1,55 : 0.454"
"55,1 : 0.454"
"1,56 : 0.6476"
"56,1 : 0.6476"
"1,57 : 0.5894"
"57,1 : 0.5894"
"1,58 : 0.7355"
"58,1 : 0.7355"
"1,59 : 0.8053"
"59,1 : 0.8053"
"1,60 : 0.4675"
"60,1 : 0.4675"
"1,61 : 0.4623"
"61,1 : 0.4623"
"1,62 : 0.4177"
"62,1 : 0.4177"
"1,63 : 0.5846"
"63,1 : 0.5846"
"1,64 : 0.744"
"64,1 : 0.744"
"1,65 : 0.5728"
"65,1 : 0.5728"
"1,66 : 0.7038"
"66,1 : 0.7038"
"1,67 : 0.6801"
"67,1 : 0.6801"
"1,68 : 0.2563"
"68,1 : 0.2563"
"1,69 : 1.0347"
"69,1 : 1.0347"
"1,70 : 0.4176"
"70,1 : 0.4176"
"1,71 : 0.5632"
"71,1 : 0.5632"
"1,72 : 0.5982"
"72,1 : 0.5982"
"1,73 : 0.198"
"73,1 : 0.198"
"1,74 : 0.5756"
"74,1 : 0.5756"
"1,75 : 0.9155"
"75,1 : 0.9155"
"1,76 : 0.2816"
"76,1 : 0.2816"
"1,77 : 0.7068"
"77,1 : 0.7068"
"1,78 : 0.4743"
"78,1 : 0.4743"
"1,79 : 0.3764"
"79,1 : 0.3764"
"1,80 : 0.59"
"80,1 : 0.59"
"1,81 : 0.3701"
"81,1 : 0.3701"
"1,82 : 0.5873"
"82,1 : 0.5873"
"1,83 : 0.1897"
"83,1 : 0.1897"
"1,84 : 0.7446"
"84,1 : 0.7446"
"1,85 : 0.7892"
"85,1 : 0.7892"
"1,86 : 0.2608"
"86,1 : 0.2608"
"1,87 : 0.5394"
"87,1 : 0.5394"
"1,88 : 0.7184"
"88,1 : 0.7184"
"1,89 : 0.6315"
"89,1 : 0.6315"
"1,90 : 0.4198"
"90,1 : 0.4198"
"1,91 : 0.7425"
"91,1 : 0.7425"
"1,92 : 0.3214"
"92,1 : 0.3214"
"1,93 : 0.4785"
"93,1 : 0.4785"
"1,94 : 0.8448"
"94,1 : 0.8448"
"1,95 : 0.5371"
"95,1 : 0.5371"
"1,96 : 0.872"
"96,1 : 0.872"
"1,97 : 0.1825"
"97,1 : 0.1825"
"1,98 : 0.5704"
"98,1 : 0.5704"
"1,99 : 0.7218"
"99,1 : 0.7218"
"2,3 : 0.2983"
"3,2 : 0.2983"
"2,4 : 0.4982"
"4,2 : 0.4982"
"2,5 : 0.3467"
"5,2 : 0.3467"
"2,6 : 0.1221"
"6,2 : 0.1221"
"2,7 : 0.3178"
"7,2 : 0.3178"
"2,8 : 0.1811"
"8,2 : 0.1811"
"2,9 : 0.3362"
"9,2 : 0.3362"
"2,10 : 0.6912"
"10,2 : 0.6912"
"2,11 : 0.6401"
"11,2 : 0.6401"
"2,12 : 0.3551"
"12,2 : 0.3551"
"2,13 : 0.5057"
"13,2 : 0.5057"
"2,14 : 0.4272"
"14,2 : 0.4272"
"2,15 : 0.3178"
"15,2 : 0.3178"
"2,16 : 0.4144"
"16,2 : 0.4144"
"2,17 : 0.2648"
"17,2 : 0.2648"
"2,18 : 0.3688"
"18,2 : 0.3688"
"2,19 : 0.3883"
"19,2 : 0.3883"
"2,20 : 0.3421"
"20,2 : 0.3421"
"2,21 : 0.6685"
"21,2 : 0.6685"
"2,22 : 0.4684"
"22,2 : 0.4684"
"2,23 : 0.6673"
"23,2 : 0.6673"
"2,24 : 0.4494"
"24,2 : 0.4494"
"2,25 : 0.6712"
"25,2 : 0.6712"
"2,26 : 0.3106"
"26,2 : 0.3106"
"2,27 : 0.4561"
"27,2 : 0.4561"
"2,28 : 0.4205"
"28,2 : 0.4205"
"2,29 : 0.2354"
"29,2 : 0.2354"
"2,30 : 0.6841"
"30,2 : 0.6841"
"2,31 : 0.0224"
"31,2 : 0.0224"
"2,32 : 0.253"
"32,2 : 0.253"
"2,33 : 0.1746"
"33,2 : 0.1746"
"2,34 : 0.431"
"34,2 : 0.431"
"2,35 : 0.6428"
"35,2 : 0.6428"
"2,36 : 0.22"
"36,2 : 0.22"
"2,37 : 0.4904"
"37,2 : 0.4904"
"2,38 : 0.0854"
"38,2 : 0.0854"
"2,39 : 0.2025"
"39,2 : 0.2025"
"2,40 : 0.3106"
"40,2 : 0.3106"
"2,41 : 0.4884"
"41,2 : 0.4884"
"2,42 : 0.6768"
"42,2 : 0.6768"
"2,43 : 0.4904"
"43,2 : 0.4904"
"2,44 : 0.3828"
"44,2 : 0.3828"
"2,45 : 0.3701"
"45,2 : 0.3701"
"2,46 : 0.3581"
"46,2 : 0.3581"
"2,47 : 0.7376"
"47,2 : 0.7376"
"2,48 : 0.5126"
"48,2 : 0.5126"
"2,49 : 0.6622"
"49,2 : 0.6622"
"2,50 : 0.1281"
"50,2 : 0.1281"
"2,51 : 0.191"
"51,2 : 0.191"
"2,52 : 0.1442"
"52,2 : 0.1442"
"2,53 : 0.214"
"53,2 : 0.214"
"2,54 : 0.1746"
"54,2 : 0.1746"
"2,55 : 0.5694"
"55,2 : 0.5694"
"2,56 : 0.0806"
"56,2 : 0.0806"
"2,57 : 0.5728"
"57,2 : 0.5728"
"2,58 : 0.1703"
"58,2 : 0.1703"
"2,59 : 0.5632"
"59,2 : 0.5632"
"2,60 : 0.5636"
"60,2 : 0.5636"
"2,61 : 0.328"
"61,2 : 0.328"
"2,62 : 0.2778"
"62,2 : 0.2778"
"2,63 : 0.2907"
"63,2 : 0.2907"
"2,64 : 0.2844"
"64,2 : 0.2844"
"2,65 : 0.32"
"65,2 : 0.32"
"2,66 : 0.1487"
"66,2 : 0.1487"
"2,67 : 0.2927"
"67,2 : 0.2927"
"2,68 : 0.3982"
"68,2 : 0.3982"
"2,69 : 0.5243"
"69,2 : 0.5243"
"2,70 : 0.1552"
"70,2 : 0.1552"
"2,71 : 0.5445"
"71,2 : 0.5445"
"2,72 : 0.2247"
"72,2 : 0.2247"
"2,73 : 0.4105"
"73,2 : 0.4105"
"2,74 : 0.7517"
"74,2 : 0.7517"
"2,75 : 0.3499"
"75,2 : 0.3499"
"2,76 : 0.5337"
"76,2 : 0.5337"
"2,77 : 0.4687"
"77,2 : 0.4687"
"2,78 : 0.1942"
"78,2 : 0.1942"
"2,79 : 0.5464"
"79,2 : 0.5464"
"2,80 : 0.1649"
"80,2 : 0.1649"
"2,81 : 0.4687"
"81,2 : 0.4687"
"2,82 : 0.3089"
"82,2 : 0.3089"
"2,83 : 0.3833"
"83,2 : 0.3833"
"2,84 : 0.1844"
"84,2 : 0.1844"
"2,85 : 0.228"
"85,2 : 0.228"
"2,86 : 0.559"
"86,2 : 0.559"
"2,87 : 0.7479"
"87,2 : 0.7479"
"2,88 : 0.3863"
"88,2 : 0.3863"
"2,89 : 0.2886"
"89,2 : 0.2886"
"2,90 : 0.6871"
"90,2 : 0.6871"
"2,91 : 0.4948"
"91,2 : 0.4948"
"2,92 : 0.7077"
"92,2 : 0.7077"
"2,93 : 0.2625"
"93,2 : 0.2625"
"2,94 : 0.4771"
"94,2 : 0.4771"
"2,95 : 0.1281"
"95,2 : 0.1281"
"2,96 : 0.39"
"96,2 : 0.39"
"2,97 : 0.6213"
"97,2 : 0.6213"
"2,98 : 0.1414"
"98,2 : 0.1414"
"2,99 : 0.3748"
"99,2 : 0.3748"
"3,4 : 0.7725"
"4,3 : 0.7725"
"3,5 : 0.52"
"5,3 : 0.52"
"3,6 : 0.3511"
"6,3 : 0.3511"
"3,7 : 0.5831"
"7,3 : 0.5831"
"3,8 : 0.4607"
"8,3 : 0.4607"
"3,9 : 0.1"
"9,3 : 0.1"
"3,10 : 0.8374"
"10,3 : 0.8374"
"3,11 : 0.7991"
"11,3 : 0.7991"
"3,12 : 0.3312"
"12,3 : 0.3312"
"3,13 : 0.2707"
"13,3 : 0.2707"
"3,14 : 0.4342"
"14,3 : 0.4342"
"3,15 : 0.525"
"15,3 : 0.525"
"3,16 : 0.6871"
"16,3 : 0.6871"
"3,17 : 0.5096"
"17,3 : 0.5096"
"3,18 : 0.0906"
"18,3 : 0.0906"
"3,19 : 0.5101"
"19,3 : 0.5101"
"3,20 : 0.3493"
"20,3 : 0.3493"
"3,21 : 0.8028"
"21,3 : 0.8028"
"3,22 : 0.4441"
"22,3 : 0.4441"
"3,23 : 0.9625"
"23,3 : 0.9625"
"3,24 : 0.614"
"24,3 : 0.614"
"3,25 : 0.8302"
"25,3 : 0.8302"
"3,26 : 0.5794"
"26,3 : 0.5794"
"3,27 : 0.6395"
"27,3 : 0.6395"
"3,28 : 0.7134"
"28,3 : 0.7134"
"3,29 : 0.1844"
"29,3 : 0.1844"
"3,30 : 0.9823"
"30,3 : 0.9823"
"3,31 : 0.278"
"31,3 : 0.278"
"3,32 : 0.314"
"32,3 : 0.314"
"3,33 : 0.2377"
"33,3 : 0.2377"
"3,34 : 0.6723"
"34,3 : 0.6723"
"3,35 : 0.8797"
"35,3 : 0.8797"
"3,36 : 0.4885"
"36,3 : 0.4885"
"3,37 : 0.2766"
"37,3 : 0.2766"
"3,38 : 0.3748"
"38,3 : 0.3748"
"3,39 : 0.3"
"39,3 : 0.3"
"3,40 : 0.0361"
"40,3 : 0.0361"
"3,41 : 0.5852"
"41,3 : 0.5852"
"3,42 : 0.8125"
"42,3 : 0.8125"
"3,43 : 0.6217"
"43,3 : 0.6217"
"3,44 : 0.5504"
"44,3 : 0.5504"
"3,45 : 0.5215"
"45,3 : 0.5215"
"3,46 : 0.0632"
"46,3 : 0.0632"
"3,47 : 0.8415"
"47,3 : 0.8415"
"3,48 : 0.8006"
"48,3 : 0.8006"
"3,49 : 0.9415"
"49,3 : 0.9415"
"3,50 : 0.1703"
"50,3 : 0.1703"
"3,51 : 0.2138"
"51,3 : 0.2138"
"3,52 : 0.1655"
"52,3 : 0.1655"
"3,53 : 0.5091"
"53,3 : 0.5091"
"3,54 : 0.2707"
"54,3 : 0.2707"
"3,55 : 0.8653"
"55,3 : 0.8653"
"3,56 : 0.2343"
"56,3 : 0.2343"
"3,57 : 0.87"
"57,3 : 0.87"
"3,58 : 0.1897"
"58,3 : 0.1897"
"3,59 : 0.3569"
"59,3 : 0.3569"
"3,60 : 0.5686"
"60,3 : 0.5686"
"3,61 : 0.6263"
"61,3 : 0.6263"
"3,62 : 0.3734"
"62,3 : 0.3734"
"3,63 : 0.2326"
"63,3 : 0.2326"
"3,64 : 0.5033"
"64,3 : 0.5033"
"3,65 : 0.2642"
"65,3 : 0.2642"
"3,66 : 0.327"
"66,3 : 0.327"
"3,67 : 0.5507"
"67,3 : 0.5507"
"3,68 : 0.5433"
"68,3 : 0.5433"
"3,69 : 0.6239"
"69,3 : 0.6239"
"3,70 : 0.4085"
"70,3 : 0.4085"
"3,71 : 0.8422"
"71,3 : 0.8422"
"3,72 : 0.5061"
"72,3 : 0.5061"
"3,73 : 0.6622"
"73,3 : 0.6622"
"3,74 : 1.0486"
"74,3 : 1.0486"
"3,75 : 0.3766"
"75,3 : 0.3766"
"3,76 : 0.8115"
"76,3 : 0.8115"
"3,77 : 0.3041"
"77,3 : 0.3041"
"3,78 : 0.492"
"78,3 : 0.492"
"3,79 : 0.5993"
"79,3 : 0.5993"
"3,80 : 0.1924"
"80,3 : 0.1924"
"3,81 : 0.5292"
"81,3 : 0.5292"
"3,82 : 0.5967"
"82,3 : 0.5967"
"3,83 : 0.6067"
"83,3 : 0.6067"
"3,84 : 0.3228"
"84,3 : 0.3228"
"3,85 : 0.3338"
"85,3 : 0.3338"
"3,86 : 0.6676"
"86,3 : 0.6676"
"3,87 : 1.0431"
"87,3 : 1.0431"
"3,88 : 0.1924"
"88,3 : 0.1924"
"3,89 : 0.1836"
"89,3 : 0.1836"
"3,90 : 0.9749"
"90,3 : 0.9749"
"3,91 : 0.3102"
"91,3 : 0.3102"
"3,92 : 0.8041"
"92,3 : 0.8041"
"3,93 : 0.3158"
"93,3 : 0.3158"
"3,94 : 0.2121"
"94,3 : 0.2121"
"3,95 : 0.4245"
"95,3 : 0.4245"
"3,96 : 0.5558"
"96,3 : 0.5558"
"3,97 : 0.7649"
"97,3 : 0.7649"
"3,98 : 0.2159"
"98,3 : 0.2159"
"3,99 : 0.6306"
"99,3 : 0.6306"
"4,5 : 0.3441"
"5,4 : 0.3441"
"4,6 : 0.4215"
"6,4 : 0.4215"
"4,7 : 0.4741"
"7,4 : 0.4741"
"4,8 : 0.3178"
"8,4 : 0.3178"
"4,9 : 0.8297"
"9,4 : 0.8297"
"4,10 : 0.461"
"10,4 : 0.461"
"4,11 : 0.4061"
"11,4 : 0.4061"
"4,12 : 0.6152"
"12,4 : 0.6152"
"4,13 : 0.8902"
"13,4 : 0.8902"
"4,14 : 0.5964"
"14,4 : 0.5964"
"4,15 : 0.6017"
"15,4 : 0.6017"
"4,16 : 0.0854"
"16,4 : 0.0854"
"4,17 : 0.2693"
"17,4 : 0.2693"
"4,18 : 0.8184"
"18,4 : 0.8184"
"4,19 : 0.7463"
"19,4 : 0.7463"
"4,20 : 0.58"
"20,4 : 0.58"
"4,21 : 0.4738"
"21,4 : 0.4738"
"4,22 : 0.649"
"22,4 : 0.649"
"4,23 : 0.2563"
"23,4 : 0.2563"
"4,24 : 0.729"
"24,4 : 0.729"
"4,25 : 0.422"
"25,4 : 0.422"
"4,26 : 0.1931"
"26,4 : 0.1931"
"4,27 : 0.7033"
"27,4 : 0.7033"
"4,28 : 0.1421"
"28,4 : 0.1421"
"4,29 : 0.6277"
"29,4 : 0.6277"
"4,30 : 0.3338"
"30,4 : 0.3338"
"4,31 : 0.512"
"31,4 : 0.512"
"4,32 : 0.5263"
"32,4 : 0.5263"
"4,33 : 0.6619"
"33,4 : 0.6619"
"4,34 : 0.572"
"34,4 : 0.572"
"4,35 : 0.2121"
"35,4 : 0.2121"
"4,36 : 0.2846"
"36,4 : 0.2846"
"4,37 : 0.8591"
"37,4 : 0.8591"
"4,38 : 0.4601"
"38,4 : 0.4601"
"4,39 : 0.5048"
"39,4 : 0.5048"
"4,40 : 0.7938"
"40,4 : 0.7938"
"4,41 : 0.4776"
"41,4 : 0.4776"
"4,42 : 0.4752"
"42,4 : 0.4752"
"4,43 : 0.4148"
"43,4 : 0.4148"
"4,44 : 0.3448"
"44,4 : 0.3448"
"4,45 : 0.3774"
"45,4 : 0.3774"
"4,46 : 0.8357"
"46,4 : 0.8357"
"4,47 : 0.5743"
"47,4 : 0.5743"
"4,48 : 0.0906"
"48,4 : 0.0906"
"4,49 : 0.17"
"49,4 : 0.17"
"4,50 : 0.614"
"50,4 : 0.614"
"4,51 : 0.6836"
"51,4 : 0.6836"
"4,52 : 0.6075"
"52,4 : 0.6075"
"4,53 : 0.3688"
"53,4 : 0.3688"
"4,54 : 0.5197"
"54,4 : 0.5197"
"4,55 : 0.2"
"55,4 : 0.2"
"4,56 : 0.5787"
"56,4 : 0.5787"
"4,57 : 0.3324"
"57,4 : 0.3324"
"4,58 : 0.6675"
"58,4 : 0.6675"
"4,59 : 0.9052"
"59,4 : 0.9052"
"4,60 : 0.65"
"60,4 : 0.65"
"4,61 : 0.255"
"61,4 : 0.255"
"4,62 : 0.481"
"62,4 : 0.481"
"4,63 : 0.636"
"63,4 : 0.636"
"4,64 : 0.5725"
"64,4 : 0.5725"
"4,65 : 0.6389"
"65,4 : 0.6389"
"4,66 : 0.5903"
"66,4 : 0.5903"
"4,67 : 0.4924"
"67,4 : 0.4924"
"4,68 : 0.3847"
"68,4 : 0.3847"
"4,69 : 0.8601"
"69,4 : 0.8601"
"4,70 : 0.364"
"70,4 : 0.364"
"4,71 : 0.3068"
"71,4 : 0.3068"
"4,72 : 0.4272"
"72,4 : 0.4272"
"4,73 : 0.136"
"73,4 : 0.136"
"4,74 : 0.3493"
"74,4 : 0.3493"
"4,75 : 0.7951"
"75,4 : 0.7951"
"4,76 : 0.0424"
"76,4 : 0.0424"
"4,77 : 0.7993"
"77,4 : 0.7993"
"4,78 : 0.3306"
"78,4 : 0.3306"
"4,79 : 0.5692"
"79,4 : 0.5692"
"4,80 : 0.586"
"80,4 : 0.586"
"4,81 : 0.5323"
"81,4 : 0.5323"
"4,82 : 0.3847"
"82,4 : 0.3847"
"4,83 : 0.2247"
"83,4 : 0.2247"
"4,84 : 0.6307"
"84,4 : 0.6307"
"4,85 : 0.6719"
"85,4 : 0.6719"
"4,86 : 0.4768"
"86,4 : 0.4768"
"4,87 : 0.3225"
"87,4 : 0.3225"
"4,88 : 0.7742"
"88,4 : 0.7742"
"4,89 : 0.6712"
"89,4 : 0.6712"
"4,90 : 0.2193"
"90,4 : 0.2193"
"4,91 : 0.8349"
"91,4 : 0.8349"
"4,92 : 0.5708"
"92,4 : 0.5708"
"4,93 : 0.5326"
"93,4 : 0.5326"
"4,94 : 0.8959"
"94,4 : 0.8959"
"4,95 : 0.4101"
"95,4 : 0.4101"
"4,96 : 0.6946"
"96,4 : 0.6946"
"4,97 : 0.431"
"97,4 : 0.431"
"4,98 : 0.5595"
"98,4 : 0.5595"
"4,99 : 0.5131"
"99,4 : 0.5131"
"5,6 : 0.2247"
"6,5 : 0.2247"
"5,7 : 0.5463"
"7,5 : 0.5463"
"5,8 : 0.2371"
"8,5 : 0.2371"
"5,9 : 0.603"
"9,5 : 0.603"
"5,10 : 0.3448"
"10,5 : 0.3448"
"5,11 : 0.2955"
"11,5 : 0.2955"
"5,12 : 0.2802"
"12,5 : 0.2802"
"5,13 : 0.5682"
"13,5 : 0.5682"
"5,14 : 0.2524"
"14,5 : 0.2524"
"5,15 : 0.6161"
"15,5 : 0.6161"
"5,16 : 0.2773"
"16,5 : 0.2773"
"5,17 : 0.1432"
"17,5 : 0.1432"
"5,18 : 0.5376"
"18,5 : 0.5376"
"5,19 : 0.7212"
"19,5 : 0.7212"
"5,20 : 0.2441"
"20,5 : 0.2441"
"5,21 : 0.322"
"21,5 : 0.322"
"5,22 : 0.3053"
"22,5 : 0.3053"
"5,23 : 0.5954"
"23,5 : 0.5954"
"5,24 : 0.758"
"24,5 : 0.758"
"5,25 : 0.327"
"25,5 : 0.327"
"5,26 : 0.211"
"26,5 : 0.211"
"5,27 : 0.7517"
"27,5 : 0.7517"
"5,28 : 0.3808"
"28,5 : 0.3808"
"5,29 : 0.3423"
"29,5 : 0.3423"
"5,30 : 0.6592"
"30,5 : 0.6592"
"5,31 : 0.3448"
"31,5 : 0.3448"
"5,32 : 0.2159"
"32,5 : 0.2159"
"5,33 : 0.5143"
"33,5 : 0.5143"
"5,34 : 0.6723"
"34,5 : 0.6723"
"5,35 : 0.3734"
"35,5 : 0.3734"
"5,36 : 0.2025"
"36,5 : 0.2025"
"5,37 : 0.5334"
"37,5 : 0.5334"
"5,38 : 0.3748"
"38,5 : 0.3748"
"5,39 : 0.22"
"39,5 : 0.22"
"5,40 : 0.5504"
"40,5 : 0.5504"
"5,41 : 0.1746"
"41,5 : 0.1746"
"5,42 : 0.3302"
"42,5 : 0.3302"
"5,43 : 0.15"
"43,5 : 0.15"
"5,44 : 0.0361"
"44,5 : 0.0361"
"5,45 : 0.04"
"45,5 : 0.04"
"5,46 : 0.5803"
"46,5 : 0.5803"
"5,47 : 0.3962"
"47,5 : 0.3962"
"5,48 : 0.4159"
"48,5 : 0.4159"
"5,49 : 0.5021"
"49,5 : 0.5021"
"5,50 : 0.4052"
"50,5 : 0.4052"
"5,51 : 0.5239"
"51,5 : 0.5239"
"5,52 : 0.3766"
"52,5 : 0.3766"
"5,53 : 0.394"
"53,5 : 0.394"
"5,54 : 0.2508"
"54,5 : 0.2508"
"5,55 : 0.52"
"55,5 : 0.52"
"5,56 : 0.4115"
"56,5 : 0.4115"
"5,57 : 0.61"
"57,5 : 0.61"
"5,58 : 0.494"
"58,5 : 0.494"
"5,59 : 0.5701"
"59,5 : 0.5701"
"5,60 : 0.3239"
"60,5 : 0.3239"
"5,61 : 0.3912"
"61,5 : 0.3912"
"5,62 : 0.1581"
"62,5 : 0.1581"
"5,63 : 0.3257"
"63,5 : 0.3257"
"5,64 : 0.5801"
"64,5 : 0.5801"
"5,65 : 0.3178"
"65,5 : 0.3178"
"5,66 : 0.492"
"66,5 : 0.492"
"5,67 : 0.5412"
"67,5 : 0.5412"
"5,68 : 0.0632"
"68,5 : 0.0632"
"5,69 : 0.8559"
"69,5 : 0.8559"
"5,70 : 0.2052"
"70,5 : 0.2052"
"5,71 : 0.5787"
"71,5 : 0.5787"
"5,72 : 0.4518"
"72,5 : 0.4518"
"5,73 : 0.2081"
"73,5 : 0.2081"
"5,74 : 0.6896"
"74,5 : 0.6896"
"5,75 : 0.6964"
"75,5 : 0.6964"
"5,76 : 0.386"
"76,5 : 0.386"
"5,77 : 0.4662"
"77,5 : 0.4662"
"5,78 : 0.327"
"78,5 : 0.327"
"5,79 : 0.2608"
"79,5 : 0.2608"
"5,80 : 0.3314"
"80,5 : 0.3314"
"5,81 : 0.2022"
"81,5 : 0.2022"
"5,82 : 0.4808"
"82,5 : 0.4808"
"5,83 : 0.1204"
"83,5 : 0.1204"
"5,84 : 0.5301"
"84,5 : 0.5301"
"5,85 : 0.5743"
"85,5 : 0.5743"
"5,86 : 0.2247"
"86,5 : 0.2247"
"5,87 : 0.6657"
"87,5 : 0.6657"
"5,88 : 0.4624"
"88,5 : 0.4624"
"5,89 : 0.3711"
"89,5 : 0.3711"
"5,90 : 0.5622"
"90,5 : 0.5622"
"5,91 : 0.5022"
"91,5 : 0.5022"
"5,92 : 0.3701"
"92,5 : 0.3701"
"5,93 : 0.2184"
"93,5 : 0.2184"
"5,94 : 0.5887"
"94,5 : 0.5887"
"5,95 : 0.3581"
"95,5 : 0.3581"
"5,96 : 0.7043"
"96,5 : 0.7043"
"5,97 : 0.2746"
"97,5 : 0.2746"
"5,98 : 0.314"
"98,5 : 0.314"
"5,99 : 0.6054"
"99,5 : 0.6054"
"6,7 : 0.3812"
"7,6 : 0.3812"
"6,8 : 0.1204"
"8,6 : 0.1204"
"6,9 : 0.4144"
"9,6 : 0.4144"
"6,10 : 0.5694"
"10,6 : 0.5694"
"6,11 : 0.5188"
"11,6 : 0.5188"
"6,12 : 0.2828"
"12,6 : 0.2828"
"6,13 : 0.4982"
"13,6 : 0.4982"
"6,14 : 0.3338"
"14,6 : 0.3338"
"6,15 : 0.4163"
"15,6 : 0.4163"
"6,16 : 0.3362"
"16,6 : 0.3362"
"6,17 : 0.1612"
"17,6 : 0.1612"
"6,18 : 0.3996"
"18,6 : 0.3996"
"6,19 : 0.5045"
"19,6 : 0.5045"
"6,20 : 0.2602"
"20,6 : 0.2602"
"6,21 : 0.5464"
"21,6 : 0.5464"
"6,22 : 0.3812"
"22,6 : 0.3812"
"6,23 : 0.6248"
"23,6 : 0.6248"
"6,24 : 0.5547"
"24,6 : 0.5547"
"6,25 : 0.5501"
"25,6 : 0.5501"
"6,26 : 0.2285"
"26,6 : 0.2285"
"6,27 : 0.5554"
"27,6 : 0.5554"
"6,28 : 0.3754"
"28,6 : 0.3754"
"6,29 : 0.2193"
"29,6 : 0.2193"
"6,30 : 0.6586"
"30,6 : 0.6586"
"6,31 : 0.1208"
"31,6 : 0.1208"
"6,32 : 0.1712"
"32,6 : 0.1712"
"6,33 : 0.2915"
"33,6 : 0.2915"
"6,34 : 0.5049"
"34,6 : 0.5049"
"6,35 : 0.5401"
"35,6 : 0.5401"
"6,36 : 0.1389"
"36,6 : 0.1389"
"6,37 : 0.4743"
"37,6 : 0.4743"
"6,38 : 0.1655"
"38,6 : 0.1655"
"6,39 : 0.1237"
"39,6 : 0.1237"
"6,40 : 0.3736"
"40,6 : 0.3736"
"6,41 : 0.3701"
"41,6 : 0.3701"
"6,42 : 0.5547"
"42,6 : 0.5547"
"6,43 : 0.3688"
"43,6 : 0.3688"
"6,44 : 0.2608"
"44,6 : 0.2608"
"6,45 : 0.2484"
"45,6 : 0.2484"
"6,46 : 0.4144"
"46,6 : 0.4144"
"6,47 : 0.6162"
"47,6 : 0.6162"
"6,48 : 0.4549"
"48,6 : 0.4549"
"6,49 : 0.5909"
"49,6 : 0.5909"
"6,50 : 0.2002"
"50,6 : 0.2002"
"6,51 : 0.3036"
"51,6 : 0.3036"
"6,52 : 0.1868"
"52,6 : 0.1868"
"6,53 : 0.2419"
"53,6 : 0.2419"
"6,54 : 0.1166"
"54,6 : 0.1166"
"6,55 : 0.5308"
"55,6 : 0.5308"
"6,56 : 0.1897"
"56,6 : 0.1897"
"6,57 : 0.566"
"57,6 : 0.566"
"6,58 : 0.2766"
"58,6 : 0.2766"
"6,59 : 0.5371"
"59,6 : 0.5371"
"6,60 : 0.4617"
"60,6 : 0.4617"
"6,61 : 0.3138"
"61,6 : 0.3138"
"6,62 : 0.1746"
"62,6 : 0.1746"
"6,63 : 0.2506"
"63,6 : 0.2506"
"6,64 : 0.3808"
"64,6 : 0.3808"
"6,65 : 0.2693"
"65,6 : 0.2693"
"6,66 : 0.2691"
"66,6 : 0.2691"
"6,67 : 0.365"
"67,6 : 0.365"
"6,68 : 0.2766"
"68,6 : 0.2766"
"6,69 : 0.6403"
"69,6 : 0.6403"
"6,70 : 0.0583"
"70,6 : 0.0583"
"6,71 : 0.5354"
"71,6 : 0.5354"
"6,72 : 0.2807"
"72,6 : 0.2807"
"6,73 : 0.314"
"73,6 : 0.314"
"6,74 : 0.7151"
"74,6 : 0.7151"
"6,75 : 0.4717"
"75,6 : 0.4717"
"6,76 : 0.461"
"76,6 : 0.461"
"6,77 : 0.4338"
"77,6 : 0.4338"
"6,78 : 0.1897"
"78,6 : 0.1897"
"6,79 : 0.4342"
"79,6 : 0.4342"
"6,80 : 0.1664"
"80,6 : 0.1664"
"6,81 : 0.3578"
"81,6 : 0.3578"
"6,82 : 0.3437"
"82,6 : 0.3437"
"6,83 : 0.2717"
"83,6 : 0.2717"
"6,84 : 0.3061"
"84,6 : 0.3061"
"6,85 : 0.35"
"85,6 : 0.35"
"6,86 : 0.4384"
"86,6 : 0.4384"
"6,87 : 0.7043"
"87,6 : 0.7043"
"6,88 : 0.3764"
"88,6 : 0.3764"
"6,89 : 0.2702"
"89,6 : 0.2702"
"6,90 : 0.6277"
"90,6 : 0.6277"
"6,91 : 0.4653"
"91,6 : 0.4653"
"6,92 : 0.5869"
"92,6 : 0.5869"
"6,93 : 0.1811"
"93,6 : 0.1811"
"6,94 : 0.4884"
"94,6 : 0.4884"
"6,95 : 0.1712"
"95,6 : 0.1712"
"6,96 : 0.4974"
"96,6 : 0.4974"
"6,97 : 0.4993"
"97,6 : 0.4993"
"6,98 : 0.1389"
"98,6 : 0.1389"
"6,99 : 0.4418"
"99,6 : 0.4418"
"7,8 : 0.3102"
"8,7 : 0.3102"
"7,9 : 0.5814"
"9,7 : 0.5814"
"7,10 : 0.8481"
"10,7 : 0.8481"
"7,11 : 0.7903"
"11,7 : 0.7903"
"7,12 : 0.6601"
"12,7 : 0.6601"
"7,13 : 0.8193"
"13,7 : 0.8193"
"7,14 : 0.7145"
"14,7 : 0.7145"
"7,15 : 0.14"
"15,7 : 0.14"
"7,16 : 0.422"
"16,7 : 0.422"
"7,17 : 0.4071"
"17,7 : 0.4071"
"7,18 : 0.6665"
"18,7 : 0.6665"
"7,19 : 0.2902"
"19,7 : 0.2902"
"7,20 : 0.6403"
"20,7 : 0.6403"
"7,21 : 0.8405"
"21,7 : 0.8405"
"7,22 : 0.7624"
"22,7 : 0.7624"
"7,23 : 0.5104"
"23,7 : 0.5104"
"7,24 : 0.255"
"24,7 : 0.255"
"7,25 : 0.8169"
"25,7 : 0.8169"
"7,26 : 0.3764"
"26,7 : 0.3764"
"7,27 : 0.2302"
"27,7 : 0.2302"
"7,28 : 0.3362"
"28,7 : 0.3362"
"7,29 : 0.5532"
"29,7 : 0.5532"
"7,30 : 0.4827"
"30,7 : 0.4827"
"7,31 : 0.3396"
"31,7 : 0.3396"
"7,32 : 0.5501"
"32,7 : 0.5501"
"7,33 : 0.3612"
"33,7 : 0.3612"
"7,34 : 0.1265"
"34,7 : 0.1265"
"7,35 : 0.6796"
"35,7 : 0.6796"
"7,36 : 0.3444"
"36,7 : 0.3444"
"7,37 : 0.8065"
"37,7 : 0.8065"
"7,38 : 0.2335"
"38,7 : 0.2335"
"7,39 : 0.5"
"39,7 : 0.5"
"7,40 : 0.5825"
"40,7 : 0.5825"
"7,41 : 0.7187"
"41,7 : 0.7187"
"7,42 : 0.8463"
"42,7 : 0.8463"
"7,43 : 0.6932"
"43,7 : 0.6932"
"7,44 : 0.577"
"44,7 : 0.577"
"7,45 : 0.5831"
"45,7 : 0.5831"
"7,46 : 0.6325"
"46,7 : 0.6325"
"7,47 : 0.9296"
"47,7 : 0.9296"
"7,48 : 0.4301"
"48,7 : 0.4301"
"7,49 : 0.5869"
"49,7 : 0.5869"
"7,50 : 0.4254"
"50,7 : 0.4254"
"7,51 : 0.3895"
"51,7 : 0.3895"
"7,52 : 0.4554"
"52,7 : 0.4554"
"7,53 : 0.1523"
"53,7 : 0.1523"
"7,54 : 0.4809"
"54,7 : 0.4809"
"7,55 : 0.4205"
"55,7 : 0.4205"
"7,56 : 0.3534"
"56,7 : 0.3534"
"7,57 : 0.3448"
"57,7 : 0.3448"
"7,58 : 0.4"
"58,7 : 0.4"
"7,59 : 0.8806"
"59,7 : 0.8806"
"7,60 : 0.8374"
"60,7 : 0.8374"
"7,61 : 0.2195"
"61,7 : 0.2195"
"7,62 : 0.5544"
"62,7 : 0.5544"
"7,63 : 0.6067"
"63,7 : 0.6067"
"7,64 : 0.1237"
"64,7 : 0.1237"
"7,65 : 0.6339"
"65,7 : 0.6339"
"7,66 : 0.2625"
"66,7 : 0.2625"
"7,67 : 0.0361"
"67,7 : 0.0361"
"7,68 : 0.6093"
"68,7 : 0.6093"
"7,69 : 0.389"
"69,7 : 0.389"
"7,70 : 0.359"
"70,7 : 0.359"
"7,71 : 0.3276"
"71,7 : 0.3276"
"7,72 : 0.1005"
"72,7 : 0.1005"
"7,73 : 0.4738"
"73,7 : 0.4738"
"7,74 : 0.5689"
"74,7 : 0.5689"
"7,75 : 0.3922"
"75,7 : 0.3922"
"7,76 : 0.4885"
"76,7 : 0.4885"
"7,77 : 0.7864"
"77,7 : 0.7864"
"7,78 : 0.2193"
"78,7 : 0.2193"
"7,79 : 0.797"
"79,7 : 0.797"
"7,80 : 0.4827"
"80,7 : 0.4827"
"7,81 : 0.7253"
"81,7 : 0.7253"
"7,82 : 0.0894"
"82,7 : 0.0894"
"7,83 : 0.508"
"83,7 : 0.508"
"7,84 : 0.2832"
"84,7 : 0.2832"
"7,85 : 0.3023"
"85,7 : 0.3023"
"7,86 : 0.7692"
"86,7 : 0.7692"
"7,87 : 0.5831"
"87,7 : 0.5831"
"7,88 : 0.7021"
"88,7 : 0.7021"
"7,89 : 0.6064"
"89,7 : 0.6064"
"7,90 : 0.5731"
"90,7 : 0.5731"
"7,91 : 0.8125"
"91,7 : 0.8125"
"7,92 : 0.9092"
"92,7 : 0.9092"
"7,93 : 0.5601"
"93,7 : 0.5601"
"7,94 : 0.7829"
"94,7 : 0.7829"
"7,95 : 0.2102"
"95,7 : 0.2102"
"7,96 : 0.2256"
"96,7 : 0.2256"
"7,97 : 0.7906"
"97,7 : 0.7906"
"7,98 : 0.4589"
"98,7 : 0.4589"
"7,99 : 0.0608"
"99,7 : 0.0608"
"8,9 : 0.5124"
"9,8 : 0.5124"
"8,10 : 0.559"
"10,8 : 0.559"
"8,11 : 0.5033"
"11,8 : 0.5033"
"8,12 : 0.389"
"12,8 : 0.389"
"8,13 : 0.6185"
"13,8 : 0.6185"
"8,14 : 0.4211"
"14,8 : 0.4211"
"8,15 : 0.3829"
"15,8 : 0.3829"
"8,16 : 0.2335"
"16,8 : 0.2335"
"8,17 : 0.1063"
"17,8 : 0.1063"
"8,18 : 0.5161"
"18,8 : 0.5161"
"8,19 : 0.5"
"19,8 : 0.5"
"8,20 : 0.3614"
"20,8 : 0.3614"
"8,21 : 0.5449"
"21,8 : 0.5449"
"8,22 : 0.4727"
"22,8 : 0.4727"
"8,23 : 0.5061"
"23,8 : 0.5061"
"8,24 : 0.525"
"24,8 : 0.525"
"8,25 : 0.5326"
"25,8 : 0.5326"
"8,26 : 0.13"
"26,8 : 0.13"
"8,27 : 0.5161"
"27,8 : 0.5161"
"8,28 : 0.2561"
"28,8 : 0.2561"
"8,29 : 0.3397"
"29,8 : 0.3397"
"8,30 : 0.5381"
"30,8 : 0.5381"
"8,31 : 0.1942"
"31,8 : 0.1942"
"8,32 : 0.2786"
"32,8 : 0.2786"
"8,33 : 0.3506"
"33,8 : 0.3506"
"8,34 : 0.4366"
"34,8 : 0.4366"
"8,35 : 0.4669"
"35,8 : 0.4669"
"8,36 : 0.0447"
"36,8 : 0.0447"
"8,37 : 0.5941"
"37,8 : 0.5941"
"8,38 : 0.1616"
"38,8 : 0.1616"
"8,39 : 0.2371"
"39,8 : 0.2371"
"8,40 : 0.4793"
"40,8 : 0.4793"
"8,41 : 0.4085"
"41,8 : 0.4085"
"8,42 : 0.5517"
"42,8 : 0.5517"
"8,43 : 0.3859"
"43,8 : 0.3859"
"8,44 : 0.2693"
"44,8 : 0.2693"
"8,45 : 0.2731"
"45,8 : 0.2731"
"8,46 : 0.5233"
"46,8 : 0.5233"
"8,47 : 0.628"
"47,8 : 0.628"
"8,48 : 0.34"
"48,8 : 0.34"
"8,49 : 0.4838"
"49,8 : 0.4838"
"8,50 : 0.2973"
"50,8 : 0.2973"
"8,51 : 0.37"
"51,8 : 0.37"
"8,52 : 0.2953"
"52,8 : 0.2953"
"8,53 : 0.1581"
"53,8 : 0.1581"
"8,54 : 0.236"
"54,8 : 0.236"
"8,55 : 0.4111"
"55,8 : 0.4111"
"8,56 : 0.2617"
"56,8 : 0.2617"
"8,57 : 0.4478"
"57,8 : 0.4478"
"8,58 : 0.3513"
"58,8 : 0.3513"
"8,59 : 0.6551"
"59,8 : 0.6551"
"8,60 : 0.5334"
"60,8 : 0.5334"
"8,61 : 0.197"
"61,8 : 0.197"
"8,62 : 0.2631"
"62,8 : 0.2631"
"8,63 : 0.3689"
"63,8 : 0.3689"
"8,64 : 0.3471"
"64,8 : 0.3471"
"8,65 : 0.3847"
"65,8 : 0.3847"
"8,66 : 0.2941"
"66,8 : 0.2941"
"8,67 : 0.3041"
"67,8 : 0.3041"
"8,68 : 0.2997"
"68,8 : 0.2997"
"8,69 : 0.6313"
"69,8 : 0.6313"
"8,70 : 0.0671"
"70,8 : 0.0671"
"8,71 : 0.4168"
"71,8 : 0.4168"
"8,72 : 0.2147"
"72,8 : 0.2147"
"8,73 : 0.2335"
"73,8 : 0.2335"
"8,74 : 0.5955"
"74,8 : 0.5955"
"8,75 : 0.506"
"75,8 : 0.506"
"8,76 : 0.3544"
"76,8 : 0.3544"
"8,77 : 0.5507"
"77,8 : 0.5507"
"8,78 : 0.0922"
"78,8 : 0.0922"
"8,79 : 0.4876"
"79,8 : 0.4876"
"8,80 : 0.2843"
"80,8 : 0.2843"
"8,81 : 0.4177"
"81,8 : 0.4177"
"8,82 : 0.2518"
"82,8 : 0.2518"
"8,83 : 0.2247"
"83,8 : 0.2247"
"8,84 : 0.3353"
"84,8 : 0.3353"
"8,85 : 0.3795"
"85,8 : 0.3795"
"8,86 : 0.4614"
"86,8 : 0.4614"
"8,87 : 0.586"
"87,8 : 0.586"
"8,88 : 0.4968"
"88,8 : 0.4968"
"8,89 : 0.3905"
"89,8 : 0.3905"
"8,90 : 0.5143"
"90,8 : 0.5143"
"8,91 : 0.5831"
"91,8 : 0.5831"
"8,92 : 0.6046"
"92,8 : 0.6046"
"8,93 : 0.2879"
"93,8 : 0.2879"
"8,94 : 0.6083"
"94,8 : 0.6083"
"8,95 : 0.1281"
"95,8 : 0.1281"
"8,96 : 0.4738"
"96,8 : 0.4738"
"8,97 : 0.4952"
"97,8 : 0.4952"
"8,98 : 0.2561"
"98,8 : 0.2561"
"8,99 : 0.37"
"99,8 : 0.37"
"9,10 : 0.9289"
"10,9 : 0.9289"
"9,11 : 0.8884"
"11,9 : 0.8884"
"9,12 : 0.4305"
"12,9 : 0.4305"
"9,13 : 0.3448"
"13,9 : 0.3448"
"9,14 : 0.5334"
"14,9 : 0.5334"
"9,15 : 0.5012"
"15,9 : 0.5012"
"9,16 : 0.7446"
"16,9 : 0.7446"
"9,17 : 0.5756"
"17,9 : 0.5756"
"9,18 : 0.1655"
"18,9 : 0.1655"
"9,19 : 0.4589"
"19,9 : 0.4589"
"9,20 : 0.4472"
"20,9 : 0.4472"
"9,21 : 0.8956"
"21,9 : 0.8956"
"9,22 : 0.5441"
"22,9 : 0.5441"
"9,23 : 1.0018"
"23,9 : 1.0018"
"9,24 : 0.5701"
"24,9 : 0.5701"
"9,25 : 0.9198"
"25,9 : 0.9198"
"9,26 : 0.6379"
"26,9 : 0.6379"
"9,27 : 0.6008"
"27,9 : 0.6008"
"9,28 : 0.7564"
"28,9 : 0.7564"
"9,29 : 0.2786"
"29,9 : 0.2786"
"9,30 : 1.0124"
"30,9 : 1.0124"
"9,31 : 0.3195"
"31,9 : 0.3195"
"9,32 : 0.4052"
"32,9 : 0.4052"
"9,33 : 0.2202"
"33,9 : 0.2202"
"9,34 : 0.6551"
"34,9 : 0.6551"
"9,35 : 0.9526"
"35,9 : 0.9526"
"9,36 : 0.5457"
"36,9 : 0.5457"
"9,37 : 0.3585"
"37,9 : 0.3585"
"9,38 : 0.3996"
"38,9 : 0.3996"
"9,39 : 0.3847"
"39,9 : 0.3847"
"9,40 : 0.064"
"40,9 : 0.064"
"9,41 : 0.6801"
"41,9 : 0.6801"
"9,42 : 0.9052"
"42,9 : 0.9052"
"9,43 : 0.7131"
"43,9 : 0.7131"
"9,44 : 0.6351"
"44,9 : 0.6351"
"9,45 : 0.6083"
"45,9 : 0.6083"
"9,46 : 0.0825"
"46,9 : 0.0825"
"9,47 : 0.9378"
"47,9 : 0.9378"
"9,48 : 0.8486"
"48,9 : 0.8486"
"9,49 : 0.9962"
"49,9 : 0.9962"
"9,50 : 0.2159"
"50,9 : 0.2159"
"9,51 : 0.1921"
"51,9 : 0.1921"
"9,52 : 0.2302"
"52,9 : 0.2302"
"9,53 : 0.5325"
"53,9 : 0.5325"
"9,54 : 0.3523"
"54,9 : 0.3523"
"9,55 : 0.9035"
"55,9 : 0.9035"
"9,56 : 0.2594"
"56,9 : 0.2594"
"9,57 : 0.892"
"57,9 : 0.892"
"9,58 : 0.1844"
"58,9 : 0.1844"
"9,59 : 0.4366"
"59,9 : 0.4366"
"9,60 : 0.6685"
"60,9 : 0.6685"
"9,61 : 0.6586"
"61,9 : 0.6586"
"9,62 : 0.4632"
"62,9 : 0.4632"
"9,63 : 0.3312"
"63,9 : 0.3312"
"9,64 : 0.4855"
"64,9 : 0.4855"
"9,65 : 0.3636"
"65,9 : 0.3636"
"9,66 : 0.3189"
"66,9 : 0.3189"
"9,67 : 0.5467"
"67,9 : 0.5467"
"9,68 : 0.6315"
"68,9 : 0.6315"
"9,69 : 0.5601"
"69,9 : 0.5601"
"9,70 : 0.4687"
"70,9 : 0.4687"
"9,71 : 0.8661"
"71,9 : 0.8661"
"9,72 : 0.5174"
"72,9 : 0.5174"
"9,73 : 0.7284"
"73,9 : 0.7284"
"9,74 : 1.0841"
"74,9 : 1.0841"
"9,75 : 0.3102"
"75,9 : 0.3102"
"9,76 : 0.8668"
"76,9 : 0.8668"
"9,77 : 0.3966"
"77,9 : 0.3966"
"9,78 : 0.5277"
"78,9 : 0.5277"
"9,79 : 0.6977"
"79,9 : 0.6977"
"9,80 : 0.2717"
"80,9 : 0.2717"
"9,81 : 0.6265"
"81,9 : 0.6265"
"9,82 : 0.6096"
"82,9 : 0.6096"
"9,83 : 0.6807"
"83,9 : 0.6807"
"9,84 : 0.3023"
"84,9 : 0.3023"
"9,85 : 0.2997"
"85,9 : 0.2997"
"9,86 : 0.7622"
"86,9 : 0.7622"
"9,87 : 1.0824"
"87,9 : 1.0824"
"9,88 : 0.286"
"88,9 : 0.286"
"9,89 : 0.283"
"89,9 : 0.283"
"9,90 : 1.0232"
"90,9 : 1.0232"
"9,91 : 0.3982"
"91,9 : 0.3982"
"9,92 : 0.9008"
"92,9 : 0.9008"
"9,93 : 0.408"
"93,9 : 0.408"
"9,94 : 0.2746"
"94,9 : 0.2746"
"9,95 : 0.4528"
"95,9 : 0.4528"
"9,96 : 0.5155"
"96,9 : 0.5155"
"9,97 : 0.8562"
"97,9 : 0.8562"
"9,98 : 0.2902"
"98,9 : 0.2902"
"9,99 : 0.622"
"99,9 : 0.622"
"10,11 : 0.0583"
"11,10 : 0.0583"
"10,12 : 0.5301"
"12,10 : 0.5301"
"10,13 : 0.8062"
"13,10 : 0.8062"
"10,14 : 0.4418"
"14,10 : 0.4418"
"10,15 : 0.9405"
"15,10 : 0.9405"
"10,16 : 0.4569"
"16,10 : 0.4569"
"10,17 : 0.4528"
"17,10 : 0.4528"
"10,18 : 0.8338"
"18,10 : 0.8338"
"10,19 : 1.0576"
"19,10 : 1.0576"
"10,20 : 0.5009"
"20,10 : 0.5009"
"10,21 : 0.0447"
"21,10 : 0.0447"
"10,22 : 0.4687"
"22,10 : 0.4687"
"10,23 : 0.6901"
"23,10 : 0.6901"
"10,24 : 1.0821"
"24,10 : 1.0821"
"10,25 : 0.04"
"25,10 : 0.04"
"10,26 : 0.472"
"26,10 : 0.472"
"10,27 : 1.0696"
"27,10 : 1.0696"
"10,28 : 0.5794"
"28,10 : 0.5794"
"10,29 : 0.6531"
"29,10 : 0.6531"
"10,30 : 0.7816"
"30,10 : 0.7816"
"10,31 : 0.6896"
"31,10 : 0.6896"
"10,32 : 0.5239"
"32,10 : 0.5239"
"10,33 : 0.8588"
"33,10 : 0.8588"
"10,34 : 0.9683"
"34,10 : 0.9683"
"10,35 : 0.3041"
"35,10 : 0.3041"
"10,36 : 0.5162"
"36,10 : 0.5162"
"10,37 : 0.7666"
"37,10 : 0.7666"
"10,38 : 0.7122"
"38,10 : 0.7122"
"10,39 : 0.5471"
"39,10 : 0.5471"
"10,40 : 0.871"
"40,10 : 0.871"
"10,41 : 0.26"
"41,10 : 0.26"
"10,42 : 0.0361"
"42,10 : 0.0361"
"10,43 : 0.2159"
"43,10 : 0.2159"
"10,44 : 0.3089"
"44,10 : 0.3089"
"10,45 : 0.327"
"45,10 : 0.327"
"10,46 : 0.8927"
"46,10 : 0.8927"
"10,47 : 0.1237"
"47,10 : 0.1237"
"10,48 : 0.5511"
"48,10 : 0.5511"
"10,49 : 0.5324"
"49,10 : 0.5324"
"10,50 : 0.7446"
"50,10 : 0.7446"
"10,51 : 0.8676"
"51,10 : 0.8676"
"10,52 : 0.7117"
"52,10 : 0.7117"
"10,53 : 0.7018"
"53,10 : 0.7018"
"10,54 : 0.5819"
"54,10 : 0.5819"
"10,55 : 0.6576"
"55,10 : 0.6576"
"10,56 : 0.7559"
"56,10 : 0.7559"
"10,57 : 0.7931"
"57,10 : 0.7931"
"10,58 : 0.8367"
"58,10 : 0.8367"
"10,59 : 0.7713"
"59,10 : 0.7713"
"10,60 : 0.3808"
"60,10 : 0.3808"
"10,61 : 0.65"
"61,10 : 0.65"
"10,62 : 0.4657"
"62,10 : 0.4657"
"10,63 : 0.614"
"63,10 : 0.614"
"10,64 : 0.9051"
"64,10 : 0.9051"
"10,65 : 0.5914"
"65,10 : 0.5914"
"10,66 : 0.8349"
"66,10 : 0.8349"
"10,67 : 0.8515"
"67,10 : 0.8515"
"10,68 : 0.3008"
"68,10 : 0.3008"
"10,69 : 1.19"
"69,10 : 1.19"
"10,70 : 0.5441"
"70,10 : 0.5441"
"10,71 : 0.7666"
"71,10 : 0.7666"
"10,72 : 0.7649"
"72,10 : 0.7649"
"10,73 : 0.3847"
"73,10 : 0.3847"
"10,74 : 0.771"
"74,10 : 0.771"
"10,75 : 1.041"
"75,10 : 1.041"
"10,76 : 0.4851"
"76,10 : 0.4851"
"10,77 : 0.6873"
"77,10 : 0.6873"
"10,78 : 0.637"
"78,10 : 0.637"
"10,79 : 0.2941"
"79,10 : 0.2941"
"10,80 : 0.661"
"80,10 : 0.661"
"10,81 : 0.3314"
"81,10 : 0.3314"
"10,82 : 0.7684"
"82,10 : 0.7684"
"10,83 : 0.3406"
"83,10 : 0.3406"
"10,84 : 0.8737"
"84,10 : 0.8737"
"10,85 : 0.9181"
"85,10 : 0.9181"
"10,86 : 0.1811"
"86,10 : 0.1811"
"10,87 : 0.7325"
"87,10 : 0.7325"
"10,88 : 0.73"
"88,10 : 0.73"
"10,89 : 0.6648"
"89,10 : 0.6648"
"10,90 : 0.612"
"90,10 : 0.612"
"10,91 : 0.7201"
"91,10 : 0.7201"
"10,92 : 0.1389"
"92,10 : 0.1389"
"10,93 : 0.5217"
"93,10 : 0.5217"
"10,94 : 0.8509"
"94,10 : 0.8509"
"10,95 : 0.6868"
"95,10 : 0.6868"
"10,96 : 1.0325"
"96,10 : 1.0325"
"10,97 : 0.0728"
"97,10 : 0.0728"
"10,98 : 0.6485"
"98,10 : 0.6485"
"10,99 : 0.9021"
"99,10 : 0.9021"
"11,12 : 0.5016"
"12,11 : 0.5016"
"11,13 : 0.7845"
"13,11 : 0.7845"
"11,14 : 0.4198"
"14,11 : 0.4198"
"11,15 : 0.8839"
"15,11 : 0.8839"
"11,16 : 0.3992"
"16,11 : 0.3992"
"11,17 : 0.397"
"17,11 : 0.397"
"11,18 : 0.8006"
"18,11 : 0.8006"
"11,19 : 1.0026"
"19,11 : 1.0026"
"11,20 : 0.4704"
"20,11 : 0.4704"
"11,21 : 0.0707"
"21,11 : 0.0707"
"11,22 : 0.4522"
"22,11 : 0.4522"
"11,23 : 0.6403"
"23,11 : 0.6403"
"11,24 : 1.0253"
"24,11 : 1.0253"
"11,25 : 0.0316"
"25,11 : 0.0316"
"11,26 : 0.414"
"26,11 : 0.414"
"11,27 : 1.0124"
"27,11 : 1.0124"
"11,28 : 0.522"
"28,11 : 0.522"
"11,29 : 0.6152"
"29,11 : 0.6152"
"11,30 : 0.7303"
"30,11 : 0.7303"
"11,31 : 0.6395"
"31,11 : 0.6395"
"11,32 : 0.4851"
"32,11 : 0.4851"
"11,33 : 0.8096"
"33,11 : 0.8096"
"11,34 : 0.9102"
"34,11 : 0.9102"
"11,35 : 0.2625"
"35,11 : 0.2625"
"11,36 : 0.4601"
"36,11 : 0.4601"
"11,37 : 0.7453"
"37,11 : 0.7453"
"11,38 : 0.658"
"38,11 : 0.658"
"11,39 : 0.5045"
"39,11 : 0.5045"
"11,40 : 0.8319"
"40,11 : 0.8319"
"11,41 : 0.2354"
"41,11 : 0.2354"
"11,42 : 0.07"
"42,11 : 0.07"
"11,43 : 0.18"
"43,11 : 0.18"
"11,44 : 0.26"
"44,11 : 0.26"
"11,45 : 0.2816"
"45,11 : 0.2816"
"11,46 : 0.8559"
"46,11 : 0.8559"
"11,47 : 0.17"
"47,11 : 0.17"
"11,48 : 0.4965"
"48,11 : 0.4965"
"11,49 : 0.4866"
"49,11 : 0.4866"
"11,50 : 0.6989"
"50,11 : 0.6989"
"11,51 : 0.8194"
"51,11 : 0.8194"
"11,52 : 0.6676"
"52,11 : 0.6676"
"11,53 : 0.6444"
"53,11 : 0.6444"
"11,54 : 0.5385"
"54,11 : 0.5385"
"11,55 : 0.6041"
"55,11 : 0.6041"
"11,56 : 0.7068"
"56,11 : 0.7068"
"11,57 : 0.7376"
"57,11 : 0.7376"
"11,58 : 0.7892"
"58,11 : 0.7892"
"11,59 : 0.7558"
"59,11 : 0.7558"
"11,60 : 0.3774"
"60,11 : 0.3774"
"11,61 : 0.5917"
"61,11 : 0.5917"
"11,62 : 0.4258"
"62,11 : 0.4258"
"11,63 : 0.5803"
"63,11 : 0.5803"
"11,64 : 0.8486"
"64,11 : 0.8486"
"11,65 : 0.5601"
"65,11 : 0.5601"
"11,66 : 0.7823"
"66,11 : 0.7823"
"11,67 : 0.794"
"67,11 : 0.794"
"11,68 : 0.2571"
"68,11 : 0.2571"
"11,69 : 1.1345"
"69,11 : 1.1345"
"11,70 : 0.4909"
"70,11 : 0.4909"
"11,71 : 0.7106"
"71,11 : 0.7106"
"11,72 : 0.7077"
"72,11 : 0.7077"
"11,73 : 0.3265"
"73,11 : 0.3265"
"11,74 : 0.7234"
"74,11 : 0.7234"
"11,75 : 0.9898"
"75,11 : 0.9898"
"11,76 : 0.4319"
"76,11 : 0.4319"
"11,77 : 0.6671"
"77,11 : 0.6671"
"11,78 : 0.58"
"78,11 : 0.58"
"11,79 : 0.2865"
"79,11 : 0.2865"
"11,80 : 0.6185"
"80,11 : 0.6185"
"11,81 : 0.3105"
"81,11 : 0.3105"
"11,82 : 0.7103"
"82,11 : 0.7103"
"11,83 : 0.2832"
"83,11 : 0.2832"
"11,84 : 0.8215"
"84,11 : 0.8215"
"11,85 : 0.8661"
"85,11 : 0.8661"
"11,86 : 0.1655"
"86,11 : 0.1655"
"11,87 : 0.6859"
"87,11 : 0.6859"
"11,88 : 0.7018"
"88,11 : 0.7018"
"11,89 : 0.6307"
"89,11 : 0.6307"
"11,90 : 0.5657"
"90,11 : 0.5657"
"11,91 : 0.7009"
"91,11 : 0.7009"
"11,92 : 0.1746"
"92,11 : 0.1746"
"11,93 : 0.4837"
"93,11 : 0.4837"
"11,94 : 0.8249"
"94,11 : 0.8249"
"11,95 : 0.6313"
"95,11 : 0.6313"
"11,96 : 0.9762"
"96,11 : 0.9762"
"11,97 : 0.05"
"97,11 : 0.05"
"11,98 : 0.6044"
"98,11 : 0.6044"
"11,99 : 0.844"
"99,11 : 0.844"
"12,13 : 0.2915"
"13,12 : 0.2915"
"12,14 : 0.103"
"14,12 : 0.103"
"12,15 : 0.6727"
"15,12 : 0.6727"
"12,16 : 0.5391"
"16,12 : 0.5391"
"12,17 : 0.3606"
"17,12 : 0.3606"
"12,18 : 0.3081"
"18,12 : 0.3081"
"12,19 : 0.7262"
"19,12 : 0.7262"
"12,20 : 0.0361"
"20,12 : 0.0361"
"12,21 : 0.4909"
"21,12 : 0.4909"
"12,22 : 0.1221"
"22,12 : 0.1221"
"12,23 : 0.856"
"23,12 : 0.856"
"12,24 : 0.8008"
"24,12 : 0.8008"
"12,25 : 0.5308"
"25,12 : 0.5308"
"12,26 : 0.4465"
"26,12 : 0.4465"
"12,27 : 0.8102"
"27,12 : 0.8102"
"12,28 : 0.6191"
"28,12 : 0.6191"
"12,29 : 0.1628"
"29,12 : 0.1628"
"12,30 : 0.9074"
"30,12 : 0.9074"
"12,31 : 0.3373"
"31,12 : 0.3373"
"12,32 : 0.1118"
"32,12 : 0.1118"
"12,33 : 0.4528"
"33,12 : 0.4528"
"12,34 : 0.7806"
"34,12 : 0.7806"
"12,35 : 0.6485"
"35,12 : 0.6485"
"12,36 : 0.3848"
"36,12 : 0.3848"
"12,37 : 0.255"
"37,12 : 0.255"
"12,38 : 0.431"
"38,12 : 0.431"
"12,39 : 0.1603"
"39,12 : 0.1603"
"12,40 : 0.3672"
"40,12 : 0.3672"
"12,41 : 0.2702"
"41,12 : 0.2702"
"12,42 : 0.5009"
"42,12 : 0.5009"
"12,43 : 0.3225"
"43,12 : 0.3225"
"12,44 : 0.2953"
"44,12 : 0.2953"
"12,45 : 0.2594"
"45,12 : 0.2594"
"12,46 : 0.377"
"46,12 : 0.377"
"12,47 : 0.5166"
"47,12 : 0.5166"
"12,48 : 0.6762"
"48,12 : 0.6762"
"12,49 : 0.779"
"49,12 : 0.779"
"12,50 : 0.3138"
"50,12 : 0.3138"
"12,51 : 0.4465"
"51,12 : 0.4465"
"12,52 : 0.2693"
"52,12 : 0.2693"
"12,53 : 0.5247"
"53,12 : 0.5247"
"12,54 : 0.1811"
"54,12 : 0.1811"
"12,55 : 0.771"
"55,12 : 0.771"
"12,56 : 0.3677"
"56,12 : 0.3677"
"12,57 : 0.8326"
"57,12 : 0.8326"
"12,58 : 0.4105"
"58,12 : 0.4105"
"12,59 : 0.2907"
"59,12 : 0.2907"
"12,60 : 0.2408"
"60,12 : 0.2408"
"12,61 : 0.5852"
"61,12 : 0.5852"
"12,62 : 0.136"
"62,12 : 0.136"
"12,63 : 0.1"
"63,12 : 0.1"
"12,64 : 0.6395"
"64,12 : 0.6395"
"12,65 : 0.0671"
"65,12 : 0.0671"
"12,66 : 0.487"
"66,12 : 0.487"
"12,67 : 0.6403"
"67,12 : 0.6403"
"12,68 : 0.2693"
"68,12 : 0.2693"
"12,69 : 0.8591"
"69,12 : 0.8591"
"12,70 : 0.3228"
"70,12 : 0.3228"
"12,71 : 0.8011"
"71,12 : 0.8011"
"12,72 : 0.5604"
"72,12 : 0.5604"
"12,73 : 0.481"
"73,12 : 0.481"
"12,74 : 0.95"
"74,12 : 0.95"
"12,75 : 0.6407"
"75,12 : 0.6407"
"12,76 : 0.6576"
"76,12 : 0.6576"
"12,77 : 0.186"
"77,12 : 0.186"
"12,78 : 0.4707"
"78,12 : 0.4707"
"12,79 : 0.2693"
"79,12 : 0.2693"
"12,80 : 0.2147"
"80,12 : 0.2147"
"12,81 : 0.204"
"81,12 : 0.204"
"12,82 : 0.6265"
"82,12 : 0.6265"
"12,83 : 0.3982"
"83,12 : 0.3982"
"12,84 : 0.5108"
"84,12 : 0.5108"
"12,85 : 0.5456"
"85,12 : 0.5456"
"12,86 : 0.3513"
"86,12 : 0.3513"
"12,87 : 0.9309"
"87,12 : 0.9309"
"12,88 : 0.2002"
"88,12 : 0.2002"
"12,89 : 0.1476"
"89,12 : 0.1476"
"12,90 : 0.8345"
"90,12 : 0.8345"
"12,91 : 0.222"
"91,12 : 0.222"
"12,92 : 0.478"
"92,12 : 0.478"
"12,93 : 0.102"
"93,12 : 0.102"
"12,94 : 0.3239"
"94,12 : 0.3239"
"12,95 : 0.4504"
"95,12 : 0.4504"
"12,96 : 0.7404"
"96,12 : 0.7404"
"12,97 : 0.4601"
"97,12 : 0.4601"
"12,98 : 0.2247"
"98,12 : 0.2247"
"12,99 : 0.72"
"99,12 : 0.72"
"13,14 : 0.365"
"14,13 : 0.365"
"13,15 : 0.7826"
"15,13 : 0.7826"
"13,16 : 0.8092"
"16,13 : 0.8092"
"13,17 : 0.6237"
"17,13 : 0.6237"
"13,18 : 0.1825"
"18,13 : 0.1825"
"13,19 : 0.7801"
"19,13 : 0.7801"
"13,20 : 0.327"
"20,13 : 0.327"
"13,21 : 0.7642"
"21,13 : 0.7642"
"13,22 : 0.3401"
"22,13 : 0.3401"
