x,y
0.35,0.08
0.15,0.08
0.68,0.57
0.78,0.76
0.76,0.53
0.73,0.53
0.31,0.46
0.43,0.35
0.29,0.41
0.33,0.84
0.68,0.85
0.06,0.68
0.04,0.12
0.07,0.96
0.22,0.2
0.35,0.83
0.41,0.35
0.33,0.42
0.49,0.44
0.67,0.2
0.99,0.03
0.71,0.75
0.69,0.01
0.82,0.06
0.35,0.92
0.6,0.89
0.49,0.02
0.3,0.1
0.67,0.45
0.44,0.61
0.33,0.74
0.57,0.05
0.26,0.2
0.44,0.83
0.44,0.67
0.85,0.07
0.55,0.73
0.39,0.5
0.9,0.29
0.96,0.32
0.37,0.22
0.43,0.51
0.02,0.77
0.45,0.95
0.97,0.75
0.18,0.21
0.3,0.04
0.41,0.91
0.65,0.62
0.79,0.63
0.4,0.44
0.98,0.47
0.21,0.33
0.9,0.23
0.1,0.1
0.86,0.63
0.7,0.86
0.37,0.67
0.63,0.26
0.9,0.19
0.84,0.74
0.51,0.14
0.89,0.47
0.62,0.01
0.3,0.16
0.74,0.91
0.5,0.78
0.31,0.78
0.5,0.35
0.42,0.62
0.16,0.48
0.24,0.04
0.64,0.86
0.63,0.05
0.99,0.34
0.06,0.9
0.34,0.04
0.98,0.17
0.78,0.97
0.59,0.54
0.76,0.96
0.56,0.48
0.32,0.25
0.04,0.93
0.2,0.97
0.73,0.12
0.68,0.6
0.65,0.78
0.81,0.52
0.14,0.15
0.4,0.8
0.63,0.47
0.64,0.64
0.82,0.52
0.77,0.24
0.48,0.63
0.37,0.08
0.79,0.45
0.61,0.18
0.62,0.73

Distanze
"0,1 : 0.2"
"1,0 : 0.2"
"0,2 : 0.5908"
"2,0 : 0.5908"
"0,3 : 0.8045"
"3,0 : 0.8045"
"0,4 : 0.6088"
"4,0 : 0.6088"
"0,5 : 0.589"
"5,0 : 0.589"
"0,6 : 0.3821"
"6,0 : 0.3821"
"0,7 : 0.2816"
"7,0 : 0.2816"
"0,8 : 0.3354"
"8,0 : 0.3354"
"0,9 : 0.7603"
"9,0 : 0.7603"
"0,10 : 0.8377"
"10,0 : 0.8377"
"0,11 : 0.6664"
"11,0 : 0.6664"
"0,12 : 0.3126"
"12,0 : 0.3126"
"0,13 : 0.9235"
"13,0 : 0.9235"
"0,14 : 0.1769"
"14,0 : 0.1769"
"0,15 : 0.75"
"15,0 : 0.75"
"0,16 : 0.2766"
"16,0 : 0.2766"
"0,17 : 0.3406"
"17,0 : 0.3406"
"0,18 : 0.3863"
"18,0 : 0.3863"
"0,19 : 0.3418"
"19,0 : 0.3418"
"0,20 : 0.642"
"20,0 : 0.642"
"0,21 : 0.7606"
"21,0 : 0.7606"
"0,22 : 0.3471"
"22,0 : 0.3471"
"0,23 : 0.4704"
"23,0 : 0.4704"
"0,24 : 0.84"
"24,0 : 0.84"
"0,25 : 0.8477"
"25,0 : 0.8477"
"0,26 : 0.1523"
"26,0 : 0.1523"
"0,27 : 0.0539"
"27,0 : 0.0539"
"0,28 : 0.4892"
"28,0 : 0.4892"
"0,29 : 0.5376"
"29,0 : 0.5376"
"0,30 : 0.6603"
"30,0 : 0.6603"
"0,31 : 0.222"
"31,0 : 0.222"
"0,32 : 0.15"
"32,0 : 0.15"
"0,33 : 0.7554"
"33,0 : 0.7554"
"0,34 : 0.5968"
"34,0 : 0.5968"
"0,35 : 0.5001"
"35,0 : 0.5001"
"0,36 : 0.6801"
"36,0 : 0.6801"
"0,37 : 0.4219"
"37,0 : 0.4219"
"0,38 : 0.5887"
"38,0 : 0.5887"
"0,39 : 0.6555"
"39,0 : 0.6555"
"0,40 : 0.1414"
"40,0 : 0.1414"
"0,41 : 0.4374"
"41,0 : 0.4374"
"0,42 : 0.7649"
"42,0 : 0.7649"
"0,43 : 0.8757"
"43,0 : 0.8757"
"0,44 : 0.9129"
"44,0 : 0.9129"
"0,45 : 0.214"
"45,0 : 0.214"
"0,46 : 0.064"
"46,0 : 0.064"
"0,47 : 0.8322"
"47,0 : 0.8322"
"0,48 : 0.6177"
"48,0 : 0.6177"
"0,49 : 0.7043"
"49,0 : 0.7043"
"0,50 : 0.3635"
"50,0 : 0.3635"
"0,51 : 0.7409"
"51,0 : 0.7409"
"0,52 : 0.2865"
"52,0 : 0.2865"
"0,53 : 0.5701"
"53,0 : 0.5701"
"0,54 : 0.2508"
"54,0 : 0.2508"
"0,55 : 0.7501"
"55,0 : 0.7501"
"0,56 : 0.8549"
"56,0 : 0.8549"
"0,57 : 0.5903"
"57,0 : 0.5903"
"0,58 : 0.3329"
"58,0 : 0.3329"
"0,59 : 0.5609"
"59,0 : 0.5609"
"0,60 : 0.822"
"60,0 : 0.822"
"0,61 : 0.1709"
"61,0 : 0.1709"
"0,62 : 0.6661"
"62,0 : 0.6661"
"0,63 : 0.2789"
"63,0 : 0.2789"
"0,64 : 0.0943"
"64,0 : 0.0943"
"0,65 : 0.9171"
"65,0 : 0.9171"
"0,66 : 0.7159"
"66,0 : 0.7159"
"0,67 : 0.7011"
"67,0 : 0.7011"
"0,68 : 0.3089"
"68,0 : 0.3089"
"0,69 : 0.5445"
"69,0 : 0.5445"
"0,70 : 0.4428"
"70,0 : 0.4428"
"0,71 : 0.117"
"71,0 : 0.117"
"0,72 : 0.8322"
"72,0 : 0.8322"
"0,73 : 0.2816"
"73,0 : 0.2816"
"0,74 : 0.6908"
"74,0 : 0.6908"
"0,75 : 0.8698"
"75,0 : 0.8698"
"0,76 : 0.0412"
"76,0 : 0.0412"
"0,77 : 0.6364"
"77,0 : 0.6364"
"0,78 : 0.9884"
"78,0 : 0.9884"
"0,79 : 0.5188"
"79,0 : 0.5188"
"0,80 : 0.9708"
"80,0 : 0.9708"
"0,81 : 0.4518"
"81,0 : 0.4518"
"0,82 : 0.1726"
"82,0 : 0.1726"
"0,83 : 0.9048"
"83,0 : 0.9048"
"0,84 : 0.9026"
"84,0 : 0.9026"
"0,85 : 0.3821"
"85,0 : 0.3821"
"0,86 : 0.6159"
"86,0 : 0.6159"
"0,87 : 0.7616"
"87,0 : 0.7616"
"0,88 : 0.6366"
"88,0 : 0.6366"
"0,89 : 0.2214"
"89,0 : 0.2214"
"0,90 : 0.7217"
"90,0 : 0.7217"
"0,91 : 0.4801"
"91,0 : 0.4801"
"0,92 : 0.6306"
"92,0 : 0.6306"
"0,93 : 0.6438"
"93,0 : 0.6438"
"0,94 : 0.4494"
"94,0 : 0.4494"
"0,95 : 0.5652"
"95,0 : 0.5652"
"0,96 : 0.02"
"96,0 : 0.02"
"0,97 : 0.5749"
"97,0 : 0.5749"
"0,98 : 0.2786"
"98,0 : 0.2786"
"0,99 : 0.7038"
"99,0 : 0.7038"
"1,2 : 0.7218"
"2,1 : 0.7218"
"1,3 : 0.927"
"3,1 : 0.927"
"1,4 : 0.758"
"4,1 : 0.758"
"1,5 : 0.7341"
"5,1 : 0.7341"
"1,6 : 0.4123"
"6,1 : 0.4123"
"1,7 : 0.389"
"7,1 : 0.389"
"1,8 : 0.3585"
"8,1 : 0.3585"
"1,9 : 0.781"
"9,1 : 0.781"
"1,10 : 0.9348"
"10,1 : 0.9348"
"1,11 : 0.6067"
"11,1 : 0.6067"
"1,12 : 0.117"
"12,1 : 0.117"
"1,13 : 0.8836"
"13,1 : 0.8836"
"1,14 : 0.1389"
"14,1 : 0.1389"
"1,15 : 0.7762"
"15,1 : 0.7762"
"1,16 : 0.3748"
"16,1 : 0.3748"
"1,17 : 0.3847"
"17,1 : 0.3847"
"1,18 : 0.4952"
"18,1 : 0.4952"
"1,19 : 0.5337"
"19,1 : 0.5337"
"1,20 : 0.8415"
"20,1 : 0.8415"
"1,21 : 0.8732"
"21,1 : 0.8732"
"1,22 : 0.5445"
"22,1 : 0.5445"
"1,23 : 0.6703"
"23,1 : 0.6703"
"1,24 : 0.8635"
"24,1 : 0.8635"
"1,25 : 0.9266"
"25,1 : 0.9266"
"1,26 : 0.3453"
"26,1 : 0.3453"
"1,27 : 0.1513"
"27,1 : 0.1513"
"1,28 : 0.6382"
"28,1 : 0.6382"
"1,29 : 0.6042"
"29,1 : 0.6042"
"1,30 : 0.6841"
"30,1 : 0.6841"
"1,31 : 0.4211"
"31,1 : 0.4211"
"1,32 : 0.1628"
"32,1 : 0.1628"
"1,33 : 0.8041"
"33,1 : 0.8041"
"1,34 : 0.6574"
"34,1 : 0.6574"
"1,35 : 0.7001"
"35,1 : 0.7001"
"1,36 : 0.7632"
"36,1 : 0.7632"
"1,37 : 0.4837"
"37,1 : 0.4837"
"1,38 : 0.7788"
"38,1 : 0.7788"
"1,39 : 0.8448"
"39,1 : 0.8448"
"1,40 : 0.2608"
"40,1 : 0.2608"
"1,41 : 0.5131"
"41,1 : 0.5131"
"1,42 : 0.7021"
"42,1 : 0.7021"
"1,43 : 0.9203"
"43,1 : 0.9203"
"1,44 : 1.0589"
"44,1 : 1.0589"
"1,45 : 0.1334"
"45,1 : 0.1334"
"1,46 : 0.1552"
"46,1 : 0.1552"
"1,47 : 0.8698"
"47,1 : 0.8698"
"1,48 : 0.7359"
"48,1 : 0.7359"
"1,49 : 0.8439"
"49,1 : 0.8439"
"1,50 : 0.4383"
"50,1 : 0.4383"
"1,51 : 0.9171"
"51,1 : 0.9171"
"1,52 : 0.2571"
"52,1 : 0.2571"
"1,53 : 0.7649"
"53,1 : 0.7649"
"1,54 : 0.0539"
"54,1 : 0.0539"
"1,55 : 0.8981"
"55,1 : 0.8981"
"1,56 : 0.9544"
"56,1 : 0.9544"
"1,57 : 0.6297"
"57,1 : 0.6297"
"1,58 : 0.5126"
"58,1 : 0.5126"
"1,59 : 0.758"
"59,1 : 0.758"
"1,60 : 0.9548"
"60,1 : 0.9548"
"1,61 : 0.365"
"61,1 : 0.365"
"1,62 : 0.8365"
"62,1 : 0.8365"
"1,63 : 0.4752"
"63,1 : 0.4752"
"1,64 : 0.17"
"64,1 : 0.17"
"1,65 : 1.0183"
"65,1 : 1.0183"
"1,66 : 0.7826"
"66,1 : 0.7826"
"1,67 : 0.7181"
"67,1 : 0.7181"
"1,68 : 0.442"
"68,1 : 0.442"
"1,69 : 0.6037"
"69,1 : 0.6037"
"1,70 : 0.4001"
"70,1 : 0.4001"
"1,71 : 0.0985"
"71,1 : 0.0985"
"1,72 : 0.9211"
"72,1 : 0.9211"
"1,73 : 0.4809"
"73,1 : 0.4809"
"1,74 : 0.8793"
"74,1 : 0.8793"
"1,75 : 0.8249"
"75,1 : 0.8249"
"1,76 : 0.1942"
"76,1 : 0.1942"
"1,77 : 0.8349"
"77,1 : 0.8349"
"1,78 : 1.0904"
"78,1 : 1.0904"
"1,79 : 0.6366"
"79,1 : 0.6366"
"1,80 : 1.0707"
"80,1 : 1.0707"
"1,81 : 0.5728"
"81,1 : 0.5728"
"1,82 : 0.2404"
"82,1 : 0.2404"
"1,83 : 0.8571"
"83,1 : 0.8571"
"1,84 : 0.8914"
"84,1 : 0.8914"
"1,85 : 0.5814"
"85,1 : 0.5814"
"1,86 : 0.7425"
"86,1 : 0.7425"
"1,87 : 0.8602"
"87,1 : 0.8602"
"1,88 : 0.7932"
"88,1 : 0.7932"
"1,89 : 0.0707"
"89,1 : 0.0707"
"1,90 : 0.7622"
"90,1 : 0.7622"
"1,91 : 0.6185"
"91,1 : 0.6185"
"1,92 : 0.7441"
"92,1 : 0.7441"
"1,93 : 0.8016"
"93,1 : 0.8016"
"1,94 : 0.6403"
"94,1 : 0.6403"
"1,95 : 0.6414"
"95,1 : 0.6414"
"1,96 : 0.22"
"96,1 : 0.22"
"1,97 : 0.7393"
"97,1 : 0.7393"
"1,98 : 0.4707"
"98,1 : 0.4707"
"1,99 : 0.8021"
"99,1 : 0.8021"
"2,3 : 0.2147"
"3,2 : 0.2147"
"2,4 : 0.0894"
"4,2 : 0.0894"
"2,5 : 0.064"
"5,2 : 0.064"
"2,6 : 0.386"
"6,2 : 0.386"
"2,7 : 0.333"
"7,2 : 0.333"
"2,8 : 0.4215"
"8,2 : 0.4215"
"2,9 : 0.442"
"9,2 : 0.442"
"2,10 : 0.28"
"10,2 : 0.28"
"2,11 : 0.6297"
"11,2 : 0.6297"
"2,12 : 0.7824"
"12,2 : 0.7824"
"2,13 : 0.724"
"13,2 : 0.724"
"2,14 : 0.5903"
"14,2 : 0.5903"
"2,15 : 0.4201"
"15,2 : 0.4201"
"2,16 : 0.3483"
"16,2 : 0.3483"
"2,17 : 0.3808"
"17,2 : 0.3808"
"2,18 : 0.2302"
"18,2 : 0.2302"
"2,19 : 0.3701"
"19,2 : 0.3701"
"2,20 : 0.6227"
"20,2 : 0.6227"
"2,21 : 0.1825"
"21,2 : 0.1825"
"2,22 : 0.5601"
"22,2 : 0.5601"
"2,23 : 0.5289"
"23,2 : 0.5289"
"2,24 : 0.481"
"24,2 : 0.481"
"2,25 : 0.3298"
"25,2 : 0.3298"
"2,26 : 0.5819"
"26,2 : 0.5819"
"2,27 : 0.6044"
"27,2 : 0.6044"
"2,28 : 0.1204"
"28,2 : 0.1204"
"2,29 : 0.2433"
"29,2 : 0.2433"
"2,30 : 0.3891"
"30,2 : 0.3891"
"2,31 : 0.5315"
"31,2 : 0.5315"
"2,32 : 0.5597"
"32,2 : 0.5597"
"2,33 : 0.3538"
"33,2 : 0.3538"
"2,34 : 0.26"
"34,2 : 0.26"
"2,35 : 0.5281"
"35,2 : 0.5281"
"2,36 : 0.2062"
"36,2 : 0.2062"
"2,37 : 0.2983"
"37,2 : 0.2983"
"2,38 : 0.3561"
"38,2 : 0.3561"
"2,39 : 0.3754"
"39,2 : 0.3754"
"2,40 : 0.4675"
"40,2 : 0.4675"
"2,41 : 0.2571"
"41,2 : 0.2571"
"2,42 : 0.6896"
"42,2 : 0.6896"
"2,43 : 0.4442"
"43,2 : 0.4442"
"2,44 : 0.3413"
"44,2 : 0.3413"
"2,45 : 0.6161"
"45,2 : 0.6161"
"2,46 : 0.6522"
"46,2 : 0.6522"
"2,47 : 0.4342"
"47,2 : 0.4342"
"2,48 : 0.0583"
"48,2 : 0.0583"
"2,49 : 0.1253"
"49,2 : 0.1253"
"2,50 : 0.3087"
"50,2 : 0.3087"
"2,51 : 0.3162"
"51,2 : 0.3162"
"2,52 : 0.5277"
"52,2 : 0.5277"
"2,53 : 0.405"
"53,2 : 0.405"
"2,54 : 0.7465"
"54,2 : 0.7465"
"2,55 : 0.1897"
"55,2 : 0.1897"
"2,56 : 0.2907"
"56,2 : 0.2907"
"2,57 : 0.3257"
"57,2 : 0.3257"
"2,58 : 0.314"
"58,2 : 0.314"
"2,59 : 0.4391"
"59,2 : 0.4391"
"2,60 : 0.2335"
"60,2 : 0.2335"
"2,61 : 0.4624"
"61,2 : 0.4624"
"2,62 : 0.2326"
"62,2 : 0.2326"
"2,63 : 0.5632"
"63,2 : 0.5632"
"2,64 : 0.559"
"64,2 : 0.559"
"2,65 : 0.3453"
"65,2 : 0.3453"
"2,66 : 0.2766"
"66,2 : 0.2766"
"2,67 : 0.4254"
"67,2 : 0.4254"
"2,68 : 0.2843"
"68,2 : 0.2843"
"2,69 : 0.2648"
"69,2 : 0.2648"
"2,70 : 0.5277"
"70,2 : 0.5277"
"2,71 : 0.6888"
"71,2 : 0.6888"
"2,72 : 0.2927"
"72,2 : 0.2927"
"2,73 : 0.5224"
"73,2 : 0.5224"
"2,74 : 0.386"
"74,2 : 0.386"
"2,75 : 0.7024"
"75,2 : 0.7024"
"2,76 : 0.6297"
"76,2 : 0.6297"
"2,77 : 0.5"
"77,2 : 0.5"
"2,78 : 0.4123"
"78,2 : 0.4123"
"2,79 : 0.0949"
"79,2 : 0.0949"
"2,80 : 0.3981"
"80,2 : 0.3981"
"2,81 : 0.15"
"81,2 : 0.15"
"2,82 : 0.4817"
"82,2 : 0.4817"
"2,83 : 0.7343"
"83,2 : 0.7343"
"2,84 : 0.6248"
"84,2 : 0.6248"
"2,85 : 0.4528"
"85,2 : 0.4528"
"2,86 : 0.03"
"86,2 : 0.03"
"2,87 : 0.2121"
"87,2 : 0.2121"
"2,88 : 0.1393"
"88,2 : 0.1393"
"2,89 : 0.6841"
"89,2 : 0.6841"
"2,90 : 0.3624"
"90,2 : 0.3624"
"2,91 : 0.1118"
"91,2 : 0.1118"
"2,92 : 0.0806"
"92,2 : 0.0806"
"2,93 : 0.1487"
"93,2 : 0.1487"
"2,94 : 0.3421"
"94,2 : 0.3421"
"2,95 : 0.2088"
"95,2 : 0.2088"
"2,96 : 0.5798"
"96,2 : 0.5798"
"2,97 : 0.1628"
"97,2 : 0.1628"
"2,98 : 0.3962"
"98,2 : 0.3962"
"2,99 : 0.1709"
"99,2 : 0.1709"
"3,4 : 0.2309"
"4,3 : 0.2309"
"3,5 : 0.2354"
"5,3 : 0.2354"
"3,6 : 0.5576"
"6,3 : 0.5576"
"3,7 : 0.5391"
"7,3 : 0.5391"
"3,8 : 0.6022"
"8,3 : 0.6022"
"3,9 : 0.4571"
"9,3 : 0.4571"
"3,10 : 0.1345"
"10,3 : 0.1345"
"3,11 : 0.7244"
"11,3 : 0.7244"
"3,12 : 0.9784"
"12,3 : 0.9784"
"3,13 : 0.7376"
"13,3 : 0.7376"
"3,14 : 0.792"
"14,3 : 0.792"
"3,15 : 0.4357"
"15,3 : 0.4357"
"3,16 : 0.5523"
"16,3 : 0.5523"
"3,17 : 0.564"
"17,3 : 0.564"
"3,18 : 0.4319"
"18,3 : 0.4319"
"3,19 : 0.5707"
"19,3 : 0.5707"
"3,20 : 0.7596"
"20,3 : 0.7596"
"3,21 : 0.0707"
"21,3 : 0.0707"
"3,22 : 0.7554"
"22,3 : 0.7554"
"3,23 : 0.7011"
"23,3 : 0.7011"
"3,24 : 0.4588"
"24,3 : 0.4588"
"3,25 : 0.222"
"25,3 : 0.222"
"3,26 : 0.7948"
"26,3 : 0.7948"
"3,27 : 0.8161"
"27,3 : 0.8161"
"3,28 : 0.3289"
"28,3 : 0.3289"
"3,29 : 0.3716"
"29,3 : 0.3716"
"3,30 : 0.4504"
"30,3 : 0.4504"
"3,31 : 0.7404"
"31,3 : 0.7404"
"3,32 : 0.7642"
"32,3 : 0.7642"
"3,33 : 0.3471"
"33,3 : 0.3471"
"3,34 : 0.3517"
"34,3 : 0.3517"
"3,35 : 0.6935"
"35,3 : 0.6935"
"3,36 : 0.2319"
"36,3 : 0.2319"
"3,37 : 0.4687"
"37,3 : 0.4687"
"3,38 : 0.4851"
"38,3 : 0.4851"
"3,39 : 0.4754"
"39,3 : 0.4754"
"3,40 : 0.678"
"40,3 : 0.678"
"3,41 : 0.4301"
"41,3 : 0.4301"
"3,42 : 0.7601"
"42,3 : 0.7601"
"3,43 : 0.3808"
"43,3 : 0.3808"
"3,44 : 0.1903"
"44,3 : 0.1903"
"3,45 : 0.8139"
"45,3 : 0.8139"
"3,46 : 0.8653"
"46,3 : 0.8653"
"3,47 : 0.3992"
"47,3 : 0.3992"
"3,48 : 0.191"
"48,3 : 0.191"
"3,49 : 0.1304"
"49,3 : 0.1304"
"3,50 : 0.4968"
"50,3 : 0.4968"
"3,51 : 0.3523"
"51,3 : 0.3523"
"3,52 : 0.714"
"52,3 : 0.714"
"3,53 : 0.5434"
"53,3 : 0.5434"
"3,54 : 0.9476"
"54,3 : 0.9476"
"3,55 : 0.1526"
"55,3 : 0.1526"
"3,56 : 0.1281"
"56,3 : 0.1281"
"3,57 : 0.4198"
"57,3 : 0.4198"
"3,58 : 0.522"
"58,3 : 0.522"
"3,59 : 0.5825"
"59,3 : 0.5825"
"3,60 : 0.0632"
"60,3 : 0.0632"
"3,61 : 0.6762"
"61,3 : 0.6762"
"3,62 : 0.3102"
"62,3 : 0.3102"
"3,63 : 0.7669"
"63,3 : 0.7669"
"3,64 : 0.7684"
"64,3 : 0.7684"
"3,65 : 0.1552"
"65,3 : 0.1552"
"3,66 : 0.2807"
"66,3 : 0.2807"
"3,67 : 0.4704"
"67,3 : 0.4704"
"3,68 : 0.4965"
"68,3 : 0.4965"
"3,69 : 0.3863"
"69,3 : 0.3863"
"3,70 : 0.6803"
"70,3 : 0.6803"
"3,71 : 0.9"
"71,3 : 0.9"
"3,72 : 0.172"
"72,3 : 0.172"
"3,73 : 0.7257"
"73,3 : 0.7257"
"3,74 : 0.4696"
"74,3 : 0.4696"
"3,75 : 0.7335"
"75,3 : 0.7335"
"3,76 : 0.8438"
"76,3 : 0.8438"
"3,77 : 0.623"
"77,3 : 0.623"
"3,78 : 0.21"
"78,3 : 0.21"
"3,79 : 0.2907"
"79,3 : 0.2907"
"3,80 : 0.201"
"80,3 : 0.201"
"3,81 : 0.3561"
"81,3 : 0.3561"
"3,82 : 0.6868"
"82,3 : 0.6868"
"3,83 : 0.7593"
"83,3 : 0.7593"
"3,84 : 0.6168"
"84,3 : 0.6168"
"3,85 : 0.642"
"85,3 : 0.642"
"3,86 : 0.1887"
"86,3 : 0.1887"
"3,87 : 0.1315"
"87,3 : 0.1315"
"3,88 : 0.2419"
"88,3 : 0.2419"
"3,89 : 0.8841"
"89,3 : 0.8841"
"3,90 : 0.3821"
"90,3 : 0.3821"
"3,91 : 0.3265"
"91,3 : 0.3265"
"3,92 : 0.1844"
"92,3 : 0.1844"
"3,93 : 0.2433"
"93,3 : 0.2433"
"3,94 : 0.5201"
"94,3 : 0.5201"
"3,95 : 0.327"
"95,3 : 0.327"
"3,96 : 0.794"
"96,3 : 0.794"
"3,97 : 0.3102"
"97,3 : 0.3102"
"3,98 : 0.6044"
"98,3 : 0.6044"
"3,99 : 0.1628"
"99,3 : 0.1628"
"4,5 : 0.03"
"5,4 : 0.03"
"4,6 : 0.4554"
"6,4 : 0.4554"
"4,7 : 0.3759"
"7,4 : 0.3759"
"4,8 : 0.4851"
"8,4 : 0.4851"
"4,9 : 0.5301"
"9,4 : 0.5301"
"4,10 : 0.3298"
"10,4 : 0.3298"
"4,11 : 0.7159"
"11,4 : 0.7159"
"4,12 : 0.8286"
"12,4 : 0.8286"
"4,13 : 0.813"
"13,4 : 0.813"
"4,14 : 0.6329"
"14,4 : 0.6329"
"4,15 : 0.508"
"15,4 : 0.508"
"4,16 : 0.3936"
"16,4 : 0.3936"
"4,17 : 0.4438"
"17,4 : 0.4438"
"4,18 : 0.2846"
"18,4 : 0.2846"
"4,19 : 0.3421"
"19,4 : 0.3421"
"4,20 : 0.5504"
"20,4 : 0.5504"
"4,21 : 0.2256"
"21,4 : 0.2256"
"4,22 : 0.5247"
"22,4 : 0.5247"
"4,23 : 0.4738"
"23,4 : 0.4738"
"4,24 : 0.5659"
"24,4 : 0.5659"
"4,25 : 0.394"
"25,4 : 0.394"
"4,26 : 0.5771"
"26,4 : 0.5771"
"4,27 : 0.6297"
"27,4 : 0.6297"
"4,28 : 0.1204"
"28,4 : 0.1204"
"4,29 : 0.3298"
"29,4 : 0.3298"
"4,30 : 0.4785"
"30,4 : 0.4785"
"4,31 : 0.5162"
"31,4 : 0.5162"
"4,32 : 0.5991"
"32,4 : 0.5991"
"4,33 : 0.4386"
"33,4 : 0.4386"
"4,34 : 0.3493"
"34,4 : 0.3493"
"4,35 : 0.4687"
"35,4 : 0.4687"
"4,36 : 0.29"
"36,4 : 0.29"
"4,37 : 0.3712"
"37,4 : 0.3712"
"4,38 : 0.2778"
"38,4 : 0.2778"
"4,39 : 0.29"
"39,4 : 0.29"
"4,40 : 0.4982"
"40,4 : 0.4982"
"4,41 : 0.3306"
"41,4 : 0.3306"
"4,42 : 0.7779"
"42,4 : 0.7779"
"4,43 : 0.522"
"43,4 : 0.522"
"4,44 : 0.3041"
"44,4 : 0.3041"
"4,45 : 0.6624"
"45,4 : 0.6624"
"4,46 : 0.6721"
"46,4 : 0.6721"
"4,47 : 0.5166"
"47,4 : 0.5166"
"4,48 : 0.1421"
"48,4 : 0.1421"
"4,49 : 0.1044"
"49,4 : 0.1044"
"4,50 : 0.3711"
"50,4 : 0.3711"
"4,51 : 0.228"
"51,4 : 0.228"
"4,52 : 0.5852"
"52,4 : 0.5852"
"4,53 : 0.3311"
"53,4 : 0.3311"
"4,54 : 0.7877"
"54,4 : 0.7877"
"4,55 : 0.1414"
"55,4 : 0.1414"
"4,56 : 0.3354"
"56,4 : 0.3354"
"4,57 : 0.4144"
"57,4 : 0.4144"
"4,58 : 0.2997"
"58,4 : 0.2997"
"4,59 : 0.3677"
"59,4 : 0.3677"
"4,60 : 0.2247"
"60,4 : 0.2247"
"4,61 : 0.4632"
"61,4 : 0.4632"
"4,62 : 0.1432"
"62,4 : 0.1432"
"4,63 : 0.5385"
"63,4 : 0.5385"
"4,64 : 0.5903"
"64,4 : 0.5903"
"4,65 : 0.3805"
"65,4 : 0.3805"
"4,66 : 0.3607"
"66,4 : 0.3607"
"4,67 : 0.5148"
"67,4 : 0.5148"
"4,68 : 0.3162"
"68,4 : 0.3162"
"4,69 : 0.3517"
"69,4 : 0.3517"
"4,70 : 0.6021"
"70,4 : 0.6021"
"4,71 : 0.7145"
"71,4 : 0.7145"
"4,72 : 0.3511"
"72,4 : 0.3511"
"4,73 : 0.4973"
"73,4 : 0.4973"
"4,74 : 0.2983"
"74,4 : 0.2983"
"4,75 : 0.7918"
"75,4 : 0.7918"
"4,76 : 0.6454"
"76,4 : 0.6454"
"4,77 : 0.4219"
"77,4 : 0.4219"
"4,78 : 0.4405"
"78,4 : 0.4405"
"4,79 : 0.1703"
"79,4 : 0.1703"
"4,80 : 0.43"
"80,4 : 0.43"
"4,81 : 0.2062"
"81,4 : 0.2062"
"4,82 : 0.5215"
"82,4 : 0.5215"
"4,83 : 0.8237"
"83,4 : 0.8237"
"4,84 : 0.7122"
"84,4 : 0.7122"
"4,85 : 0.4111"
"85,4 : 0.4111"
"4,86 : 0.1063"
"86,4 : 0.1063"
"4,87 : 0.2731"
"87,4 : 0.2731"
"4,88 : 0.051"
"88,4 : 0.051"
"4,89 : 0.7272"
"89,4 : 0.7272"
"4,90 : 0.45"
"90,4 : 0.45"
"4,91 : 0.1432"
"91,4 : 0.1432"
"4,92 : 0.1628"
"92,4 : 0.1628"
"4,93 : 0.0608"
"93,4 : 0.0608"
"4,94 : 0.2902"
"94,4 : 0.2902"
"4,95 : 0.2973"
"95,4 : 0.2973"
"4,96 : 0.5955"
"96,4 : 0.5955"
"4,97 : 0.0854"
"97,4 : 0.0854"
"4,98 : 0.3808"
"98,4 : 0.3808"
"4,99 : 0.2441"
"99,4 : 0.2441"
"5,6 : 0.4258"
"6,5 : 0.4258"
"5,7 : 0.3499"
"7,5 : 0.3499"
"5,8 : 0.4561"
"8,5 : 0.4561"
"5,9 : 0.5061"
"9,5 : 0.5061"
"5,10 : 0.3239"
"10,5 : 0.3239"
"5,11 : 0.6866"
"11,5 : 0.6866"
"5,12 : 0.8026"
"12,5 : 0.8026"
"5,13 : 0.7877"
"13,5 : 0.7877"
"5,14 : 0.6075"
"14,5 : 0.6075"
"5,15 : 0.4841"
"15,5 : 0.4841"
"5,16 : 0.3672"
"16,5 : 0.3672"
"5,17 : 0.4148"
"17,5 : 0.4148"
"5,18 : 0.2563"
"18,5 : 0.2563"
"5,19 : 0.3354"
"19,5 : 0.3354"
"5,20 : 0.5636"
"20,5 : 0.5636"
"5,21 : 0.2209"
"21,5 : 0.2209"
"5,22 : 0.5215"
"22,5 : 0.5215"
"5,23 : 0.4785"
"23,5 : 0.4785"
"5,24 : 0.5445"
"24,5 : 0.5445"
"5,25 : 0.3828"
"25,5 : 0.3828"
"5,26 : 0.5636"
"26,5 : 0.5636"
"5,27 : 0.6081"
"27,5 : 0.6081"
"5,28 : 0.1"
"28,5 : 0.1"
"5,29 : 0.3008"
"29,5 : 0.3008"
"5,30 : 0.4518"
"30,5 : 0.4518"
"5,31 : 0.506"
"31,5 : 0.506"
"5,32 : 0.5743"
"32,5 : 0.5743"
"5,33 : 0.4173"
"33,5 : 0.4173"
"5,34 : 0.322"
"34,5 : 0.322"
"5,35 : 0.4754"
"35,5 : 0.4754"
"5,36 : 0.2691"
"36,5 : 0.2691"
"5,37 : 0.3413"
"37,5 : 0.3413"
"5,38 : 0.2941"
"38,5 : 0.2941"
"5,39 : 0.3114"
"39,5 : 0.3114"
"5,40 : 0.4751"
"40,5 : 0.4751"
"5,41 : 0.3007"
"41,5 : 0.3007"
"5,42 : 0.7495"
"42,5 : 0.7495"
"5,43 : 0.5048"
"43,5 : 0.5048"
"5,44 : 0.3256"
"44,5 : 0.3256"
"5,45 : 0.6363"
"45,5 : 0.6363"
"5,46 : 0.6519"
"46,5 : 0.6519"
"5,47 : 0.4968"
"47,5 : 0.4968"
"5,48 : 0.1204"
"48,5 : 0.1204"
"5,49 : 0.1166"
"49,5 : 0.1166"
"5,50 : 0.3421"
"50,5 : 0.3421"
"5,51 : 0.2571"
"51,5 : 0.2571"
"5,52 : 0.5571"
"52,5 : 0.5571"
"5,53 : 0.3448"
"53,5 : 0.3448"
"5,54 : 0.7628"
"54,5 : 0.7628"
"5,55 : 0.164"
"55,5 : 0.164"
"5,56 : 0.3314"
"56,5 : 0.3314"
"5,57 : 0.3863"
"57,5 : 0.3863"
"5,58 : 0.2879"
"58,5 : 0.2879"
"5,59 : 0.3801"
"59,5 : 0.3801"
"5,60 : 0.2371"
"60,5 : 0.2371"
"5,61 : 0.4478"
"61,5 : 0.4478"
"5,62 : 0.1709"
"62,5 : 0.1709"
"5,63 : 0.5315"
"63,5 : 0.5315"
"5,64 : 0.5673"
"64,5 : 0.5673"
"5,65 : 0.3801"
"65,5 : 0.3801"
"5,66 : 0.3397"
"66,5 : 0.3397"
"5,67 : 0.4888"
"67,5 : 0.4888"
"5,68 : 0.2921"
"68,5 : 0.2921"
"5,69 : 0.3228"
"69,5 : 0.3228"
"5,70 : 0.5722"
"70,5 : 0.5722"
"5,71 : 0.693"
"71,5 : 0.693"
"5,72 : 0.3421"
"72,5 : 0.3421"
"5,73 : 0.4903"
"73,5 : 0.4903"
"5,74 : 0.322"
"74,5 : 0.322"
"5,75 : 0.7654"
"75,5 : 0.7654"
"5,76 : 0.6263"
"76,5 : 0.6263"
"5,77 : 0.4383"
"77,5 : 0.4383"
"5,78 : 0.4428"
"78,5 : 0.4428"
"5,79 : 0.1404"
"79,5 : 0.1404"
"5,80 : 0.431"
"80,5 : 0.431"
"5,81 : 0.1772"
"81,5 : 0.1772"
"5,82 : 0.4965"
"82,5 : 0.4965"
"5,83 : 0.7976"
"83,5 : 0.7976"
"5,84 : 0.6888"
"84,5 : 0.6888"
"5,85 : 0.41"
"85,5 : 0.41"
"5,86 : 0.086"
"86,5 : 0.086"
"5,87 : 0.2625"
"87,5 : 0.2625"
"5,88 : 0.0806"
"88,5 : 0.0806"
"5,89 : 0.7018"
"89,5 : 0.7018"
"5,90 : 0.4264"
"90,5 : 0.4264"
"5,91 : 0.1166"
"91,5 : 0.1166"
"5,92 : 0.1421"
"92,5 : 0.1421"
"5,93 : 0.0906"
"93,5 : 0.0906"
"5,94 : 0.2927"
"94,5 : 0.2927"
"5,95 : 0.2693"
"95,5 : 0.2693"
"5,96 : 0.5763"
"96,5 : 0.5763"
"5,97 : 0.1"
"97,5 : 0.1"
"5,98 : 0.37"
"98,5 : 0.37"
"5,99 : 0.2283"
"99,5 : 0.2283"
"6,7 : 0.1628"
"7,6 : 0.1628"
"6,8 : 0.0539"
"8,6 : 0.0539"
"6,9 : 0.3805"
"9,6 : 0.3805"
"6,10 : 0.5376"
"10,6 : 0.5376"
"6,11 : 0.333"
"11,6 : 0.333"
"6,12 : 0.4342"
"12,6 : 0.4342"
"6,13 : 0.5546"
"13,6 : 0.5546"
"6,14 : 0.2751"
"14,6 : 0.2751"
"6,15 : 0.3722"
"15,6 : 0.3722"
"6,16 : 0.1487"
"16,6 : 0.1487"
"6,17 : 0.0447"
"17,6 : 0.0447"
"6,18 : 0.1811"
"18,6 : 0.1811"
"6,19 : 0.4441"
"19,6 : 0.4441"
"6,20 : 0.8045"
"20,6 : 0.8045"
"6,21 : 0.4941"
"21,6 : 0.4941"
"6,22 : 0.589"
"22,6 : 0.589"
"6,23 : 0.6482"
"23,6 : 0.6482"
"6,24 : 0.4617"
"24,6 : 0.4617"
"6,25 : 0.5187"
"25,6 : 0.5187"
"6,26 : 0.4754"
"26,6 : 0.4754"
"6,27 : 0.3601"
"27,6 : 0.3601"
"6,28 : 0.3601"
"28,6 : 0.3601"
"6,29 : 0.1985"
"29,6 : 0.1985"
"6,30 : 0.2807"
"30,6 : 0.2807"
"6,31 : 0.4855"
"31,6 : 0.4855"
"6,32 : 0.2648"
"32,6 : 0.2648"
"6,33 : 0.3922"
"33,6 : 0.3922"
"6,34 : 0.247"
"34,6 : 0.247"
"6,35 : 0.6661"
"35,6 : 0.6661"
"6,36 : 0.3612"
"36,6 : 0.3612"
"6,37 : 0.0894"
"37,6 : 0.0894"
"6,38 : 0.614"
"38,6 : 0.614"
"6,39 : 0.6649"
"39,6 : 0.6649"
"6,40 : 0.2474"
"40,6 : 0.2474"
"6,41 : 0.13"
"41,6 : 0.13"
"6,42 : 0.4245"
"42,6 : 0.4245"
"6,43 : 0.5096"
"43,6 : 0.5096"
"6,44 : 0.7209"
"44,6 : 0.7209"
"6,45 : 0.2818"
"45,6 : 0.2818"
"6,46 : 0.4201"
"46,6 : 0.4201"
"6,47 : 0.461"
"47,6 : 0.461"
"6,48 : 0.3758"
"48,6 : 0.3758"
"6,49 : 0.5092"
"49,6 : 0.5092"
"6,50 : 0.0922"
"50,6 : 0.0922"
"6,51 : 0.6701"
"51,6 : 0.6701"
"6,52 : 0.164"
"52,6 : 0.164"
"6,53 : 0.6332"
"53,6 : 0.6332"
"6,54 : 0.4168"
"54,6 : 0.4168"
"6,55 : 0.5757"
"55,6 : 0.5757"
"6,56 : 0.5587"
"56,6 : 0.5587"
"6,57 : 0.2184"
"57,6 : 0.2184"
"6,58 : 0.3774"
"58,6 : 0.3774"
"6,59 : 0.6488"
"59,6 : 0.6488"
"6,60 : 0.5994"
"60,6 : 0.5994"
"6,61 : 0.3774"
"61,6 : 0.3774"
"6,62 : 0.5801"
"62,6 : 0.5801"
"6,63 : 0.5464"
"63,6 : 0.5464"
"6,64 : 0.3002"
"64,6 : 0.3002"
"6,65 : 0.6224"
"65,6 : 0.6224"
"6,66 : 0.3722"
"66,6 : 0.3722"
"6,67 : 0.32"
"67,6 : 0.32"
"6,68 : 0.2195"
"68,6 : 0.2195"
"6,69 : 0.1942"
"69,6 : 0.1942"
"6,70 : 0.1513"
"70,6 : 0.1513"
"6,71 : 0.4258"
"71,6 : 0.4258"
"6,72 : 0.5186"
"72,6 : 0.5186"
"6,73 : 0.5201"
"73,6 : 0.5201"
"6,74 : 0.6905"
"74,6 : 0.6905"
"6,75 : 0.5061"
"75,6 : 0.5061"
"6,76 : 0.4211"
"76,6 : 0.4211"
"6,77 : 0.7301"
"77,6 : 0.7301"
"6,78 : 0.6935"
"78,6 : 0.6935"
"6,79 : 0.2912"
"79,6 : 0.2912"
"6,80 : 0.6727"
"80,6 : 0.6727"
"6,81 : 0.2508"
"81,6 : 0.2508"
"6,82 : 0.2102"
"82,6 : 0.2102"
"6,83 : 0.542"
"83,6 : 0.542"
"6,84 : 0.5217"
"84,6 : 0.5217"
"6,85 : 0.5404"
"85,6 : 0.5404"
"6,86 : 0.3956"
"86,6 : 0.3956"
"6,87 : 0.4669"
"87,6 : 0.4669"
"6,88 : 0.5036"
"88,6 : 0.5036"
"6,89 : 0.3536"
"89,6 : 0.3536"
"6,90 : 0.3517"
"90,6 : 0.3517"
"6,91 : 0.3202"
"91,6 : 0.3202"
"6,92 : 0.3759"
"92,6 : 0.3759"
"6,93 : 0.5135"
"93,6 : 0.5135"
"6,94 : 0.5099"
"94,6 : 0.5099"
"6,95 : 0.2404"
"95,6 : 0.2404"
"6,96 : 0.3847"
"96,6 : 0.3847"
"6,97 : 0.4801"
"97,6 : 0.4801"
"6,98 : 0.4104"
"98,6 : 0.4104"
"6,99 : 0.4111"
"99,6 : 0.4111"
"7,8 : 0.1523"
"8,7 : 0.1523"
"7,9 : 0.5001"
"9,7 : 0.5001"
"7,10 : 0.559"
"10,7 : 0.559"
"7,11 : 0.4958"
"11,7 : 0.4958"
"7,12 : 0.4528"
"12,7 : 0.4528"
"7,13 : 0.7083"
"13,7 : 0.7083"
"7,14 : 0.2581"
"14,7 : 0.2581"
"7,15 : 0.4866"
"15,7 : 0.4866"
"7,16 : 0.02"
"16,7 : 0.02"
"7,17 : 0.1221"
"17,7 : 0.1221"
"7,18 : 0.1082"
"18,7 : 0.1082"
"7,19 : 0.283"
"19,7 : 0.283"
"7,20 : 0.645"
"20,7 : 0.645"
"7,21 : 0.4883"
"21,7 : 0.4883"
"7,22 : 0.428"
"22,7 : 0.428"
"7,23 : 0.486"
"23,7 : 0.486"
"7,24 : 0.5756"
"24,7 : 0.5756"
"7,25 : 0.5661"
"25,7 : 0.5661"
"7,26 : 0.3354"
"26,7 : 0.3354"
"7,27 : 0.2818"
"27,7 : 0.2818"
"7,28 : 0.26"
"28,7 : 0.26"
"7,29 : 0.2602"
"29,7 : 0.2602"
"7,30 : 0.4026"
"30,7 : 0.4026"
"7,31 : 0.3311"
"31,7 : 0.3311"
"7,32 : 0.2267"
"32,7 : 0.2267"
"7,33 : 0.4801"
"33,7 : 0.4801"
"7,34 : 0.3202"
"34,7 : 0.3202"
"7,35 : 0.5048"
"35,7 : 0.5048"
"7,36 : 0.3985"
"36,7 : 0.3985"
"7,37 : 0.1552"
"37,7 : 0.1552"
"7,38 : 0.4738"
"38,7 : 0.4738"
"7,39 : 0.5308"
"39,7 : 0.5308"
"7,40 : 0.1432"
"40,7 : 0.1432"
"7,41 : 0.16"
"41,7 : 0.16"
"7,42 : 0.5869"
"42,7 : 0.5869"
"7,43 : 0.6003"
"43,7 : 0.6003"
"7,44 : 0.672"
"44,7 : 0.672"
"7,45 : 0.2865"
"45,7 : 0.2865"
"7,46 : 0.3362"
"46,7 : 0.3362"
"7,47 : 0.5604"
"47,7 : 0.5604"
"7,48 : 0.3483"
"48,7 : 0.3483"
"7,49 : 0.4561"
"49,7 : 0.4561"
"7,50 : 0.0949"
"50,7 : 0.0949"
"7,51 : 0.5629"
"51,7 : 0.5629"
"7,52 : 0.2209"
"52,7 : 0.2209"
"7,53 : 0.4851"
"53,7 : 0.4851"
"7,54 : 0.414"
"54,7 : 0.414"
"7,55 : 0.5131"
"55,7 : 0.5131"
"7,56 : 0.5771"
"56,7 : 0.5771"
"7,57 : 0.3256"
"57,7 : 0.3256"
"7,58 : 0.2193"
"58,7 : 0.2193"
"7,59 : 0.4965"
"59,7 : 0.4965"
"7,60 : 0.5659"
"60,7 : 0.5659"
"7,61 : 0.2247"
"61,7 : 0.2247"
"7,62 : 0.4754"
"62,7 : 0.4754"
"7,63 : 0.3895"
"63,7 : 0.3895"
"7,64 : 0.2302"
"64,7 : 0.2302"
"7,65 : 0.6401"
"65,7 : 0.6401"
"7,66 : 0.4357"
"66,7 : 0.4357"
"7,67 : 0.4464"
"67,7 : 0.4464"
"7,68 : 0.07"
"68,7 : 0.07"
"7,69 : 0.2702"
"69,7 : 0.2702"
"7,70 : 0.2997"
"70,7 : 0.2997"
"7,71 : 0.3636"
"71,7 : 0.3636"
"7,72 : 0.5515"
"72,7 : 0.5515"
"7,73 : 0.3606"
"73,7 : 0.3606"
"7,74 : 0.5601"
"74,7 : 0.5601"
"7,75 : 0.6629"
"75,7 : 0.6629"
"7,76 : 0.3228"
"76,7 : 0.3228"
"7,77 : 0.5787"
"77,7 : 0.5787"
"7,78 : 0.712"
"78,7 : 0.712"
"7,79 : 0.2484"
"79,7 : 0.2484"
"7,80 : 0.6935"
"80,7 : 0.6935"
"7,81 : 0.1838"
"81,7 : 0.1838"
"7,82 : 0.1487"
"82,7 : 0.1487"
"7,83 : 0.6989"
"83,7 : 0.6989"
"7,84 : 0.6613"
"84,7 : 0.6613"
"7,85 : 0.378"
"85,7 : 0.378"
"7,86 : 0.3536"
"86,7 : 0.3536"
"7,87 : 0.483"
"87,7 : 0.483"
"7,88 : 0.4163"
"88,7 : 0.4163"
"7,89 : 0.3523"
"89,7 : 0.3523"
"7,90 : 0.451"
"90,7 : 0.451"
"7,91 : 0.2332"
"91,7 : 0.2332"
"7,92 : 0.3581"
"92,7 : 0.3581"
"7,93 : 0.4254"
"93,7 : 0.4254"
"7,94 : 0.3574"
"94,7 : 0.3574"
"7,95 : 0.2844"
"95,7 : 0.2844"
"7,96 : 0.2766"
"96,7 : 0.2766"
"7,97 : 0.3736"
"97,7 : 0.3736"
"7,98 : 0.2476"
"98,7 : 0.2476"
"7,99 : 0.4249"
"99,7 : 0.4249"
"8,9 : 0.4319"
"9,8 : 0.4319"
"8,10 : 0.588"
"10,8 : 0.588"
"8,11 : 0.3547"
"11,8 : 0.3547"
"8,12 : 0.3829"
"12,8 : 0.3829"
"8,13 : 0.5924"
"13,8 : 0.5924"
"8,14 : 0.2214"
"14,8 : 0.2214"
"8,15 : 0.4243"
"15,8 : 0.4243"
"8,16 : 0.1342"
"16,8 : 0.1342"
"8,17 : 0.0412"
"17,8 : 0.0412"
"8,18 : 0.2022"
"18,8 : 0.2022"
"8,19 : 0.4342"
"19,8 : 0.4342"
"8,20 : 0.7965"
"20,8 : 0.7965"
"8,21 : 0.5404"
"21,8 : 0.5404"
"8,22 : 0.5657"
"22,8 : 0.5657"
"8,23 : 0.6351"
"23,8 : 0.6351"
"8,24 : 0.5135"
"24,8 : 0.5135"
"8,25 : 0.5714"
"25,8 : 0.5714"
"8,26 : 0.4383"
"26,8 : 0.4383"
"8,27 : 0.3102"
"27,8 : 0.3102"
"8,28 : 0.3821"
"28,8 : 0.3821"
"8,29 : 0.25"
"29,8 : 0.25"
"8,30 : 0.3324"
"30,8 : 0.3324"
"8,31 : 0.4561"
"31,8 : 0.4561"
"8,32 : 0.2121"
"32,8 : 0.2121"
"8,33 : 0.446"
"33,8 : 0.446"
"8,34 : 0.3002"
"34,8 : 0.3002"
"8,35 : 0.6551"
"35,8 : 0.6551"
"8,36 : 0.4123"
"36,8 : 0.4123"
"8,37 : 0.1345"
"37,8 : 0.1345"
"8,38 : 0.6217"
"38,8 : 0.6217"
"8,39 : 0.676"
"39,8 : 0.676"
"8,40 : 0.2062"
"40,8 : 0.2062"
"8,41 : 0.172"
"41,8 : 0.172"
"8,42 : 0.45"
"42,8 : 0.45"
"8,43 : 0.5632"
"43,8 : 0.5632"
"8,44 : 0.7603"
"44,8 : 0.7603"
"8,45 : 0.2283"
"45,8 : 0.2283"
"8,46 : 0.3701"
"46,8 : 0.3701"
"8,47 : 0.5142"
"47,8 : 0.5142"
"8,48 : 0.4168"
"48,8 : 0.4168"
"8,49 : 0.5463"
"49,8 : 0.5463"
"8,50 : 0.114"
"50,8 : 0.114"
"8,51 : 0.6926"
"51,8 : 0.6926"
"8,52 : 0.1131"
"52,8 : 0.1131"
"8,53 : 0.636"
"53,8 : 0.636"
"8,54 : 0.3636"
"54,8 : 0.3636"
"8,55 : 0.611"
"55,8 : 0.611"
"8,56 : 0.6088"
"56,8 : 0.6088"
"8,57 : 0.272"
"57,8 : 0.272"
"8,58 : 0.3716"
"58,8 : 0.3716"
"8,59 : 0.6485"
"59,8 : 0.6485"
"8,60 : 0.6414"
"60,8 : 0.6414"
"8,61 : 0.3483"
"61,8 : 0.3483"
"8,62 : 0.603"
"62,8 : 0.603"
"8,63 : 0.5186"
"63,8 : 0.5186"
"8,64 : 0.2502"
"64,8 : 0.2502"
"8,65 : 0.6727"
"65,8 : 0.6727"
"8,66 : 0.4254"
"66,8 : 0.4254"
"8,67 : 0.3705"
"67,8 : 0.3705"
"8,68 : 0.2184"
"68,8 : 0.2184"
"8,69 : 0.247"
"69,8 : 0.247"
"8,70 : 0.1476"
"70,8 : 0.1476"
"8,71 : 0.3734"
"71,8 : 0.3734"
"8,72 : 0.5701"
"72,8 : 0.5701"
"8,73 : 0.4952"
"73,8 : 0.4952"
"8,74 : 0.7035"
"74,8 : 0.7035"
"8,75 : 0.5413"
"75,8 : 0.5413"
"8,76 : 0.3734"
"76,8 : 0.3734"
"8,77 : 0.7305"
"77,8 : 0.7305"
"8,78 : 0.7441"
"78,8 : 0.7441"
"8,79 : 0.327"
"79,8 : 0.327"
"8,80 : 0.7235"
"80,8 : 0.7235"
"8,81 : 0.2789"
"81,8 : 0.2789"
"8,82 : 0.1628"
"82,8 : 0.1628"
"8,83 : 0.577"
"83,8 : 0.577"
"8,84 : 0.5672"
"84,8 : 0.5672"
"8,85 : 0.527"
"85,8 : 0.527"
"8,86 : 0.4338"
"86,8 : 0.4338"
"8,87 : 0.5162"
"87,8 : 0.5162"
"8,88 : 0.5315"
"88,8 : 0.5315"
"8,89 : 0.3002"
"89,8 : 0.3002"
"8,90 : 0.4052"
"90,8 : 0.4052"
"8,91 : 0.3453"
"91,8 : 0.3453"
"8,92 : 0.4188"
"92,8 : 0.4188"
"8,93 : 0.5413"
"93,8 : 0.5413"
"8,94 : 0.5092"
"94,8 : 0.5092"
"8,95 : 0.2907"
"95,8 : 0.2907"
"8,96 : 0.3396"
"96,8 : 0.3396"
"8,97 : 0.5016"
"97,8 : 0.5016"
"8,98 : 0.3941"
"98,8 : 0.3941"
"8,99 : 0.4597"
"99,8 : 0.4597"
"9,10 : 0.3501"
"10,9 : 0.3501"
"9,11 : 0.3138"
"11,9 : 0.3138"
"9,12 : 0.7762"
"12,9 : 0.7762"
"9,13 : 0.2864"
"13,9 : 0.2864"
"9,14 : 0.6494"
"14,9 : 0.6494"
"9,15 : 0.0224"
"15,9 : 0.0224"
"9,16 : 0.4965"
"16,9 : 0.4965"
"9,17 : 0.42"
"17,9 : 0.42"
"9,18 : 0.4308"
"18,9 : 0.4308"
"9,19 : 0.7247"
"19,9 : 0.7247"
"9,20 : 1.0448"
"20,9 : 1.0448"
"9,21 : 0.3905"
"21,9 : 0.3905"
"9,22 : 0.9047"
"22,9 : 0.9047"
"9,23 : 0.9211"
"23,9 : 0.9211"
"9,24 : 0.0825"
"24,9 : 0.0825"
"9,25 : 0.2746"
"25,9 : 0.2746"
"9,26 : 0.8355"
"26,9 : 0.8355"
"9,27 : 0.7406"
"27,9 : 0.7406"
"9,28 : 0.5174"
"28,9 : 0.5174"
"9,29 : 0.255"
"29,9 : 0.255"
"9,30 : 0.1"
"30,9 : 0.1"
"9,31 : 0.8257"
"31,9 : 0.8257"
"9,32 : 0.6438"
"32,9 : 0.6438"
"9,33 : 0.1105"
"33,9 : 0.1105"
"9,34 : 0.2025"
"34,9 : 0.2025"
"9,35 : 0.9291"
"35,9 : 0.9291"
"9,36 : 0.246"
"36,9 : 0.246"
"9,37 : 0.3453"
"37,9 : 0.3453"
"9,38 : 0.7921"
"38,9 : 0.7921"
"9,39 : 0.8169"
"39,9 : 0.8169"
"9,40 : 0.6213"
"40,9 : 0.6213"
"9,41 : 0.3448"
"41,9 : 0.3448"
"9,42 : 0.3178"
"42,9 : 0.3178"
"9,43 : 0.1628"
"43,9 : 0.1628"
"9,44 : 0.6463"
"44,9 : 0.6463"
"9,45 : 0.6476"
"45,9 : 0.6476"
"9,46 : 0.8006"
"46,9 : 0.8006"
"9,47 : 0.1063"
"47,9 : 0.1063"
"9,48 : 0.3883"
"48,9 : 0.3883"
"9,49 : 0.5057"
"49,9 : 0.5057"
"9,50 : 0.4061"
"50,9 : 0.4061"
"9,51 : 0.7479"
"51,9 : 0.7479"
"9,52 : 0.5239"
"52,9 : 0.5239"
"9,53 : 0.8349"
"53,9 : 0.8349"
"9,54 : 0.7749"
"54,9 : 0.7749"
"9,55 : 0.5701"
"55,9 : 0.5701"
"9,56 : 0.3705"
"56,9 : 0.3705"
"9,57 : 0.1746"
"57,9 : 0.1746"
"9,58 : 0.653"
"58,9 : 0.653"
"9,59 : 0.8645"
"59,9 : 0.8645"
"9,60 : 0.5197"
"60,9 : 0.5197"
"9,61 : 0.7228"
"61,9 : 0.7228"
"9,62 : 0.6712"
"62,9 : 0.6712"
"9,63 : 0.8792"
"63,9 : 0.8792"
"9,64 : 0.6807"
"64,9 : 0.6807"
"9,65 : 0.4159"
"65,9 : 0.4159"
"9,66 : 0.1803"
"66,9 : 0.1803"
"9,67 : 0.0632"
"67,9 : 0.0632"
"9,68 : 0.5187"
"68,9 : 0.5187"
"9,69 : 0.2377"
"69,9 : 0.2377"
"9,70 : 0.3981"
"70,9 : 0.3981"
"9,71 : 0.805"
"71,9 : 0.805"
"9,72 : 0.3106"
"72,9 : 0.3106"
"9,73 : 0.845"
"73,9 : 0.845"
"9,74 : 0.828"
"74,9 : 0.828"
"9,75 : 0.2766"
"75,9 : 0.2766"
"9,76 : 0.8001"
"76,9 : 0.8001"
"9,77 : 0.9335"
"77,9 : 0.9335"
"9,78 : 0.4684"
"78,9 : 0.4684"
"9,79 : 0.397"
"79,9 : 0.397"
"9,80 : 0.4464"
"80,9 : 0.4464"
"9,81 : 0.4272"
"81,9 : 0.4272"
"9,82 : 0.5901"
"82,9 : 0.5901"
"9,83 : 0.3036"
"83,9 : 0.3036"
"9,84 : 0.1838"
"84,9 : 0.1838"
"9,85 : 0.8237"
"85,9 : 0.8237"
"9,86 : 0.4244"
"86,9 : 0.4244"
"9,87 : 0.3256"
"87,9 : 0.3256"
"9,88 : 0.5769"
"88,9 : 0.5769"
"9,89 : 0.7157"
"89,9 : 0.7157"
"9,90 : 0.0806"
"90,9 : 0.0806"
"9,91 : 0.4763"
"91,9 : 0.4763"
"9,92 : 0.3689"
"92,9 : 0.3689"
"9,93 : 0.5852"
"93,9 : 0.5852"
"9,94 : 0.744"
"94,9 : 0.744"
"9,95 : 0.2581"
"95,9 : 0.2581"
"9,96 : 0.7611"
"96,9 : 0.7611"
"9,97 : 0.6031"
"97,9 : 0.6031"
"9,98 : 0.7169"
"98,9 : 0.7169"
"9,99 : 0.3102"
"99,9 : 0.3102"
"10,11 : 0.6429"
"11,10 : 0.6429"
"10,12 : 0.9708"
"12,10 : 0.9708"
"10,13 : 0.6198"
"13,10 : 0.6198"
"10,14 : 0.7963"
"14,10 : 0.7963"
"10,15 : 0.3306"
"15,10 : 0.3306"
"10,16 : 0.5682"
"16,10 : 0.5682"
"10,17 : 0.5544"
"17,10 : 0.5544"
"10,18 : 0.4519"
"18,10 : 0.4519"
"10,19 : 0.6501"
"19,10 : 0.6501"
"10,20 : 0.8766"
"20,10 : 0.8766"
"10,21 : 0.1044"
"21,10 : 0.1044"
"10,22 : 0.8401"
"22,10 : 0.8401"
"10,23 : 0.8023"
"23,10 : 0.8023"
"10,24 : 0.3373"
"24,10 : 0.3373"
"10,25 : 0.0894"
"25,10 : 0.0894"
"10,26 : 0.8515"
"26,10 : 0.8515"
"10,27 : 0.8408"
"27,10 : 0.8408"
"10,28 : 0.4001"
"28,10 : 0.4001"
"10,29 : 0.3394"
"29,10 : 0.3394"
"10,30 : 0.3669"
"30,10 : 0.3669"
"10,31 : 0.8075"
"31,10 : 0.8075"
"10,32 : 0.7739"
"32,10 : 0.7739"
"10,33 : 0.2408"
"33,10 : 0.2408"
"10,34 : 0.3"
"34,10 : 0.3"
"10,35 : 0.7983"
"35,10 : 0.7983"
"10,36 : 0.1769"
"36,10 : 0.1769"
"10,37 : 0.4545"
"37,10 : 0.4545"
"10,38 : 0.6017"
"38,10 : 0.6017"
"10,39 : 0.5994"
"39,10 : 0.5994"
"10,40 : 0.7021"
"40,10 : 0.7021"
"10,41 : 0.422"
"41,10 : 0.422"
"10,42 : 0.6648"
"42,10 : 0.6648"
"10,43 : 0.2508"
"43,10 : 0.2508"
"10,44 : 0.3068"
"44,10 : 0.3068"
"10,45 : 0.8122"
"45,10 : 0.8122"
"10,46 : 0.8947"
"46,10 : 0.8947"
"10,47 : 0.2766"
"47,10 : 0.2766"
"10,48 : 0.2319"
"48,10 : 0.2319"
"10,49 : 0.246"
"49,10 : 0.246"
"10,50 : 0.4965"
"50,10 : 0.4965"
"10,51 : 0.4841"
"51,10 : 0.4841"
"10,52 : 0.7009"
"52,10 : 0.7009"
"10,53 : 0.6579"
"53,10 : 0.6579"
"10,54 : 0.9481"
"54,10 : 0.9481"
"10,55 : 0.2843"
"55,10 : 0.2843"
"10,56 : 0.0224"
"56,10 : 0.0224"
"10,57 : 0.3585"
"57,10 : 0.3585"
"10,58 : 0.5921"
"58,10 : 0.5921"
"10,59 : 0.6957"
"59,10 : 0.6957"
"10,60 : 0.1942"
"60,10 : 0.1942"
"10,61 : 0.7301"
"61,10 : 0.7301"
"10,62 : 0.4342"
"62,10 : 0.4342"
"10,63 : 0.8421"
"63,10 : 0.8421"
"10,64 : 0.7877"
"64,10 : 0.7877"
"10,65 : 0.0849"
"65,10 : 0.0849"
"10,66 : 0.1931"
"66,10 : 0.1931"
"10,67 : 0.3766"
"67,10 : 0.3766"
"10,68 : 0.5314"
"68,10 : 0.5314"
"10,69 : 0.3471"
"69,10 : 0.3471"
"10,70 : 0.6382"
"70,10 : 0.6382"
"10,71 : 0.9218"
"71,10 : 0.9218"
"10,72 : 0.0412"
"72,10 : 0.0412"
"10,73 : 0.8016"
"73,10 : 0.8016"
"10,74 : 0.5968"
"74,10 : 0.5968"
"10,75 : 0.622"
"75,10 : 0.622"
"10,76 : 0.8785"
"76,10 : 0.8785"
"10,77 : 0.7432"
"77,10 : 0.7432"
"10,78 : 0.1562"
"78,10 : 0.1562"
"10,79 : 0.3228"
"79,10 : 0.3228"
"10,80 : 0.136"
"80,10 : 0.136"
"10,81 : 0.389"
"81,10 : 0.389"
"10,82 : 0.6997"
"82,10 : 0.6997"
"10,83 : 0.645"
"83,10 : 0.645"
"10,84 : 0.4948"
"84,10 : 0.4948"
"10,85 : 0.7317"
"85,10 : 0.7317"
"10,86 : 0.25"
"86,10 : 0.25"
"10,87 : 0.0762"
"87,10 : 0.0762"
"10,88 : 0.3547"
"88,10 : 0.3547"
"10,89 : 0.8841"
"89,10 : 0.8841"
"10,90 : 0.2844"
"90,10 : 0.2844"
"10,91 : 0.3833"
"91,10 : 0.3833"
"10,92 : 0.2138"
"92,10 : 0.2138"
"10,93 : 0.3585"
"93,10 : 0.3585"
"10,94 : 0.6166"
"94,10 : 0.6166"
"10,95 : 0.2973"
"95,10 : 0.2973"
"10,96 : 0.8301"
"96,10 : 0.8301"
"10,97 : 0.4148"
"97,10 : 0.4148"
"10,98 : 0.6736"
"98,10 : 0.6736"
"10,99 : 0.1342"
"99,10 : 0.1342"
"11,12 : 0.5604"
"12,11 : 0.5604"
"11,13 : 0.2802"
"13,11 : 0.2802"
"11,14 : 0.506"
"14,11 : 0.506"
"11,15 : 0.3265"
"15,11 : 0.3265"
"11,16 : 0.481"
"16,11 : 0.481"
"11,17 : 0.3748"
"17,11 : 0.3748"
"11,18 : 0.4924"
"18,11 : 0.4924"
"11,19 : 0.7762"
"19,11 : 0.7762"
"11,20 : 1.1346"
"20,11 : 1.1346"
"11,21 : 0.6538"
"21,11 : 0.6538"
"11,22 : 0.9197"
"22,11 : 0.9197"
"11,23 : 0.9808"
"23,11 : 0.9808"
"11,24 : 0.3764"
"24,11 : 0.3764"
"11,25 : 0.5794"
"25,11 : 0.5794"
"11,26 : 0.7877"
"26,11 : 0.7877"
"11,27 : 0.6277"
"27,11 : 0.6277"
"11,28 : 0.6519"
"28,11 : 0.6519"
"11,29 : 0.3864"
"29,11 : 0.3864"
"11,30 : 0.2766"
"30,11 : 0.2766"
"11,31 : 0.8106"
"31,11 : 0.8106"
"11,32 : 0.52"
"32,11 : 0.52"
"11,33 : 0.4085"
"33,11 : 0.4085"
"11,34 : 0.3801"
"34,11 : 0.3801"
"11,35 : 0.9981"
"35,11 : 0.9981"
"11,36 : 0.4925"
"36,11 : 0.4925"
"11,37 : 0.3759"
"37,11 : 0.3759"
"11,38 : 0.9261"
"38,11 : 0.9261"
"11,39 : 0.9693"
"39,11 : 0.9693"
"11,40 : 0.5547"
"40,11 : 0.5547"
"11,41 : 0.4072"
"41,11 : 0.4072"
"11,42 : 0.0985"
"42,11 : 0.0985"
"11,43 : 0.4743"
"43,11 : 0.4743"
"11,44 : 0.9127"
"44,11 : 0.9127"
"11,45 : 0.4851"
"45,11 : 0.4851"
"11,46 : 0.6835"
"46,11 : 0.6835"
"11,47 : 0.4188"
"47,11 : 0.4188"
"11,48 : 0.593"
"48,11 : 0.593"
"11,49 : 0.7317"
"49,11 : 0.7317"
"11,50 : 0.4162"
"50,11 : 0.4162"
"11,51 : 0.9437"
"51,11 : 0.9437"
"11,52 : 0.3808"
"52,11 : 0.3808"
"11,53 : 0.9529"
"53,11 : 0.9529"
"11,54 : 0.5814"
"54,11 : 0.5814"
"11,55 : 0.8016"
"55,11 : 0.8016"
"11,56 : 0.6648"
"56,11 : 0.6648"
"11,57 : 0.3102"
"57,11 : 0.3102"
"11,58 : 0.708"
"58,11 : 0.708"
"11,59 : 0.9725"
"59,11 : 0.9725"
"11,60 : 0.7823"
"60,11 : 0.7823"
"11,61 : 0.7029"
"61,11 : 0.7029"
"11,62 : 0.8562"
"62,11 : 0.8562"
"11,63 : 0.8732"
"63,11 : 0.8732"
"11,64 : 0.5727"
"64,11 : 0.5727"
"11,65 : 0.7178"
"65,11 : 0.7178"
"11,66 : 0.4512"
"66,11 : 0.4512"
"11,67 : 0.2693"
"67,11 : 0.2693"
"11,68 : 0.55"
"68,11 : 0.55"
"11,69 : 0.365"
"69,11 : 0.365"
"11,70 : 0.2236"
"70,11 : 0.2236"
"11,71 : 0.6648"
"71,11 : 0.6648"
"11,72 : 0.6073"
"72,11 : 0.6073"
"11,73 : 0.8496"
"73,11 : 0.8496"
"11,74 : 0.9902"
"74,11 : 0.9902"
"11,75 : 0.22"
"75,11 : 0.22"
"11,76 : 0.6986"
"76,11 : 0.6986"
"11,77 : 1.0519"
"77,11 : 1.0519"
"11,78 : 0.7762"
"78,11 : 0.7762"
"11,79 : 0.5482"
"79,11 : 0.5482"
"11,80 : 0.7539"
"80,11 : 0.7539"
"11,81 : 0.5385"
"81,11 : 0.5385"
"11,82 : 0.5025"
"82,11 : 0.5025"
"11,83 : 0.2508"
"83,11 : 0.2508"
"11,84 : 0.322"
"84,11 : 0.322"
"11,85 : 0.8732"
"85,11 : 0.8732"
"11,86 : 0.6251"
"86,11 : 0.6251"
"11,87 : 0.5984"
"87,11 : 0.5984"
"11,88 : 0.7669"
"88,11 : 0.7669"
"11,89 : 0.536"
"89,11 : 0.536"
"11,90 : 0.3606"
"90,11 : 0.3606"
"11,91 : 0.6075"
"91,11 : 0.6075"
"11,92 : 0.5814"
"92,11 : 0.5814"
"11,93 : 0.7767"
"93,11 : 0.7767"
"11,94 : 0.8353"
"94,11 : 0.8353"
"11,95 : 0.423"
"95,11 : 0.423"
"11,96 : 0.6754"
"96,11 : 0.6754"
"11,97 : 0.7654"
"97,11 : 0.7654"
"11,98 : 0.7433"
"98,11 : 0.7433"
"11,99 : 0.5622"
"99,11 : 0.5622"
"12,13 : 0.8405"
"13,12 : 0.8405"
"12,14 : 0.197"
"14,12 : 0.197"
"12,15 : 0.7747"
"15,12 : 0.7747"
"12,16 : 0.4357"
"16,12 : 0.4357"
"12,17 : 0.4173"
"17,12 : 0.4173"
"12,18 : 0.5522"
"18,12 : 0.5522"
"12,19 : 0.6351"
"19,12 : 0.6351"
"12,20 : 0.9543"
"20,12 : 0.9543"
"12,21 : 0.9197"
"21,12 : 0.9197"
"12,22 : 0.6592"
"22,12 : 0.6592"
"12,23 : 0.7823"
"23,12 : 0.7823"
"12,24 : 0.858"
"24,12 : 0.858"
"12,25 : 0.9521"
"25,12 : 0.9521"
"12,26 : 0.461"
"26,12 : 0.461"
"12,27 : 0.2608"
"27,12 : 0.2608"
"12,28 : 0.7112"
"28,12 : 0.7112"
"12,29 : 0.6325"
"29,12 : 0.6325"
"12,30 : 0.6845"
"30,12 : 0.6845"
"12,31 : 0.5346"
"31,12 : 0.5346"
"12,32 : 0.2341"
"32,12 : 0.2341"
"12,33 : 0.8149"
"33,12 : 0.8149"
"12,34 : 0.6801"
"34,12 : 0.6801"
"12,35 : 0.8115"
"35,12 : 0.8115"
"12,36 : 0.7951"
"36,12 : 0.7951"
"12,37 : 0.5166"
"37,12 : 0.5166"
"12,38 : 0.8766"
"38,12 : 0.8766"
"12,39 : 0.9415"
"39,12 : 0.9415"
"12,40 : 0.3448"
"40,12 : 0.3448"
"12,41 : 0.5515"
"41,12 : 0.5515"
"12,42 : 0.6503"
"42,12 : 0.6503"
"12,43 : 0.9257"
"43,12 : 0.9257"
"12,44 : 1.1233"
"44,12 : 1.1233"
"12,45 : 0.1664"
"45,12 : 0.1664"
"12,46 : 0.272"
"46,12 : 0.272"
"12,47 : 0.8724"
"47,12 : 0.8724"
"12,48 : 0.7887"
"48,12 : 0.7887"
"12,49 : 0.907"
"49,12 : 0.907"
"12,50 : 0.4817"
"50,12 : 0.4817"
"12,51 : 1.003"
"51,12 : 1.003"
"12,52 : 0.2702"
"52,12 : 0.2702"
"12,53 : 0.867"
"53,12 : 0.867"
"12,54 : 0.0632"
"54,12 : 0.0632"
"12,55 : 0.9657"
"55,12 : 0.9657"
"12,56 : 0.9916"
"56,12 : 0.9916"
"12,57 : 0.6414"
"57,12 : 0.6414"
"12,58 : 0.6064"
"58,12 : 0.6064"
"12,59 : 0.8628"
"59,12 : 0.8628"
"12,60 : 1.0121"
"60,12 : 1.0121"
"12,61 : 0.4704"
"61,12 : 0.4704"
"12,62 : 0.9192"
"62,12 : 0.9192"
"12,63 : 0.5903"
"63,12 : 0.5903"
"12,64 : 0.2631"
"64,12 : 0.2631"
"12,65 : 1.0555"
"65,12 : 1.0555"
"12,66 : 0.8045"
"66,12 : 0.8045"
"12,67 : 0.7131"
"67,12 : 0.7131"
"12,68 : 0.5143"
"68,12 : 0.5143"
"12,69 : 0.628"
"69,12 : 0.628"
"12,70 : 0.3795"
"70,12 : 0.3795"
"12,71 : 0.2154"
"71,12 : 0.2154"
"12,72 : 0.9527"
"72,12 : 0.9527"
"12,73 : 0.5941"
"73,12 : 0.5941"
"12,74 : 0.9751"
"74,12 : 0.9751"
"12,75 : 0.7803"
"75,12 : 0.7803"
"12,76 : 0.3105"
"76,12 : 0.3105"
"12,77 : 0.9413"
"77,12 : 0.9413"
"12,78 : 1.127"
"78,12 : 1.127"
"12,79 : 0.692"
"79,12 : 0.692"
"12,80 : 1.1063"
"80,12 : 1.1063"
"12,81 : 0.6325"
"81,12 : 0.6325"
"12,82 : 0.3087"
"82,12 : 0.3087"
"12,83 : 0.81"
"83,12 : 0.81"
"12,84 : 0.8649"
"84,12 : 0.8649"
"12,85 : 0.69"
"85,12 : 0.69"
"12,86 : 0.8"
"86,12 : 0.8"
"12,87 : 0.8987"
"87,12 : 0.8987"
"12,88 : 0.8677"
"88,12 : 0.8677"
"12,89 : 0.1044"
"89,12 : 0.1044"
"12,90 : 0.7694"
"90,12 : 0.7694"
"12,91 : 0.686"
"91,12 : 0.686"
"12,92 : 0.794"
"92,12 : 0.794"
"12,93 : 0.8766"
"93,12 : 0.8766"
"12,94 : 0.7398"
"94,12 : 0.7398"
"12,95 : 0.6736"
"95,12 : 0.6736"
"12,96 : 0.3324"
"96,12 : 0.3324"
"12,97 : 0.8194"
"97,12 : 0.8194"
"12,98 : 0.5731"
"98,12 : 0.5731"
"12,99 : 0.8417"
"99,12 : 0.8417"
"13,14 : 0.7747"
"14,13 : 0.7747"
"13,15 : 0.3087"
"15,13 : 0.3087"
"13,16 : 0.6984"
"16,13 : 0.6984"
"13,17 : 0.5993"
"17,13 : 0.5993"
"13,18 : 0.6684"
"18,13 : 0.6684"
"13,19 : 0.9683"
"19,13 : 0.9683"
"13,20 : 1.3082"
"20,13 : 1.3082"
"13,21 : 0.6736"
"21,13 : 0.6736"
"13,22 : 1.1344"
