x,y
0.82,0.22
0.23,0.64
0.96,0.39
0.62,0.1
0.24,0.78
0.93,0.03
0.76,0.9
0.95,0.58
0.88,0.2
0.9,0.43
0.23,0.56
0.61,0.47
0.59,0.59
0.32,0.47
0.64,0.93
0.63,0.12
0.12,0.73
0.72,0.42
0.89,0.45
0.09,0.24
0.78,0.69
0.51,0.76
0.75,0.81
0.16,0.88
0.1,0.4
0.12,0.7
0.1,0.3
0.16,0.44
0.38,0.97
0.64,0.1
0.92,0.44
0.45,0.82
0.71,0.26
0.7,0.62
0.45,0.74
0.65,0.18
0.87,0.62
0.2,0.91
0.67,0.18
0.56,0.03
0.85,0.37
0.89,0.04
0.54,0.55
0.09,0.04
0.12,0.54
0.08,0.73
0.84,0.81
0.78,0.79
0.03,0.7
0.24,0.33
0.73,0.68
0.69,0.64
0.03,0.83
0.28,0.73
0.64,0.25
0.23,0.36
0.15,0.85
0.81,0.59
0.96,0.33
0.85,0.05
0.22,0.36
0.87,0.05
0.28,0.03
0.16,0.81
0.93,0.33
0.59,0.24
0.01,0.16
0.32,0.51
0.98,0.25
0.29,0.95
0.36,0.42
0.6,0.95
0.45,0.68
0.35,0.17
0.36,0.83
0.34,0.68
0.6,0.27
0.76,0.99
0.61,0.55
0.04,0.06
0.87,0.57
0.22,0.7
0.47,0.44
0.0,0.94
0.54,0.76
0.49,0.26
0.78,0.63
0.89,0.9
0.31,0.3
0.35,0.0
0.56,0.86
0.33,0.93
0.72,0.15
0.62,0.21
0.44,0.65
0.37,0.43
0.89,0.08
0.26,0.67
0.84,0.32
0.22,0.86

Distanze
"0,1 : 0.7242"
"1,0 : 0.7242"
"0,2 : 0.2202"
"2,0 : 0.2202"
"0,3 : 0.2332"
"3,0 : 0.2332"
"0,4 : 0.8062"
"4,0 : 0.8062"
"0,5 : 0.2195"
"5,0 : 0.2195"
"0,6 : 0.6826"
"6,0 : 0.6826"
"0,7 : 0.3828"
"7,0 : 0.3828"
"0,8 : 0.0632"
"8,0 : 0.0632"
"0,9 : 0.2247"
"9,0 : 0.2247"
"0,10 : 0.681"
"10,0 : 0.681"
"0,11 : 0.3265"
"11,0 : 0.3265"
"0,12 : 0.4357"
"12,0 : 0.4357"
"0,13 : 0.559"
"13,0 : 0.559"
"0,14 : 0.7325"
"14,0 : 0.7325"
"0,15 : 0.2147"
"15,0 : 0.2147"
"0,16 : 0.8661"
"16,0 : 0.8661"
"0,17 : 0.2236"
"17,0 : 0.2236"
"0,18 : 0.2404"
"18,0 : 0.2404"
"0,19 : 0.7303"
"19,0 : 0.7303"
"0,20 : 0.4717"
"20,0 : 0.4717"
"0,21 : 0.6227"
"21,0 : 0.6227"
"0,22 : 0.5941"
"22,0 : 0.5941"
"0,23 : 0.9334"
"23,0 : 0.9334"
"0,24 : 0.7422"
"24,0 : 0.7422"
"0,25 : 0.8488"
"25,0 : 0.8488"
"0,26 : 0.7244"
"26,0 : 0.7244"
"0,27 : 0.6957"
"27,0 : 0.6957"
"0,28 : 0.8695"
"28,0 : 0.8695"
"0,29 : 0.2163"
"29,0 : 0.2163"
"0,30 : 0.2417"
"30,0 : 0.2417"
"0,31 : 0.7049"
"31,0 : 0.7049"
"0,32 : 0.117"
"32,0 : 0.117"
"0,33 : 0.4176"
"33,0 : 0.4176"
"0,34 : 0.6382"
"34,0 : 0.6382"
"0,35 : 0.1746"
"35,0 : 0.1746"
"0,36 : 0.4031"
"36,0 : 0.4031"
"0,37 : 0.9276"
"37,0 : 0.9276"
"0,38 : 0.1552"
"38,0 : 0.1552"
"0,39 : 0.322"
"39,0 : 0.322"
"0,40 : 0.153"
"40,0 : 0.153"
"0,41 : 0.1931"
"41,0 : 0.1931"
"0,42 : 0.4328"
"42,0 : 0.4328"
"0,43 : 0.7519"
"43,0 : 0.7519"
"0,44 : 0.7697"
"44,0 : 0.7697"
"0,45 : 0.8987"
"45,0 : 0.8987"
"0,46 : 0.5903"
"46,0 : 0.5903"
"0,47 : 0.5714"
"47,0 : 0.5714"
"0,48 : 0.9244"
"48,0 : 0.9244"
"0,49 : 0.5903"
"49,0 : 0.5903"
"0,50 : 0.4687"
"50,0 : 0.4687"
"0,51 : 0.4397"
"51,0 : 0.4397"
"0,52 : 0.9981"
"52,0 : 0.9981"
"0,53 : 0.7428"
"53,0 : 0.7428"
"0,54 : 0.1825"
"54,0 : 0.1825"
"0,55 : 0.6064"
"55,0 : 0.6064"
"0,56 : 0.9197"
"56,0 : 0.9197"
"0,57 : 0.3701"
"57,0 : 0.3701"
"0,58 : 0.178"
"58,0 : 0.178"
"0,59 : 0.1726"
"59,0 : 0.1726"
"0,60 : 0.6161"
"60,0 : 0.6161"
"0,61 : 0.1772"
"61,0 : 0.1772"
"0,62 : 0.5725"
"62,0 : 0.5725"
"0,63 : 0.8853"
"63,0 : 0.8853"
"0,64 : 0.1556"
"64,0 : 0.1556"
"0,65 : 0.2309"
"65,0 : 0.2309"
"0,66 : 0.8122"
"66,0 : 0.8122"
"0,67 : 0.578"
"67,0 : 0.578"
"0,68 : 0.1628"
"68,0 : 0.1628"
"0,69 : 0.9021"
"69,0 : 0.9021"
"0,70 : 0.5016"
"70,0 : 0.5016"
"0,71 : 0.7624"
"71,0 : 0.7624"
"0,72 : 0.5903"
"72,0 : 0.5903"
"0,73 : 0.4727"
"73,0 : 0.4727"
"0,74 : 0.764"
"74,0 : 0.764"
"0,75 : 0.6648"
"75,0 : 0.6648"
"0,76 : 0.2256"
"76,0 : 0.2256"
"0,77 : 0.7723"
"77,0 : 0.7723"
"0,78 : 0.3912"
"78,0 : 0.3912"
"0,79 : 0.7962"
"79,0 : 0.7962"
"0,80 : 0.3536"
"80,0 : 0.3536"
"0,81 : 0.7684"
"81,0 : 0.7684"
"0,82 : 0.4134"
"82,0 : 0.4134"
"0,83 : 1.0912"
"83,0 : 1.0912"
"0,84 : 0.6083"
"84,0 : 0.6083"
"0,85 : 0.3324"
"85,0 : 0.3324"
"0,86 : 0.4119"
"86,0 : 0.4119"
"0,87 : 0.6836"
"87,0 : 0.6836"
"0,88 : 0.5162"
"88,0 : 0.5162"
"0,89 : 0.5189"
"89,0 : 0.5189"
"0,90 : 0.6908"
"90,0 : 0.6908"
"0,91 : 0.8627"
"91,0 : 0.8627"
"0,92 : 0.1221"
"92,0 : 0.1221"
"0,93 : 0.2002"
"93,0 : 0.2002"
"0,94 : 0.5738"
"94,0 : 0.5738"
"0,95 : 0.4966"
"95,0 : 0.4966"
"0,96 : 0.1565"
"96,0 : 0.1565"
"0,97 : 0.7184"
"97,0 : 0.7184"
"0,98 : 0.102"
"98,0 : 0.102"
"0,99 : 0.8773"
"99,0 : 0.8773"
"1,2 : 0.7716"
"2,1 : 0.7716"
"1,3 : 0.6661"
"3,1 : 0.6661"
"1,4 : 0.1404"
"4,1 : 0.1404"
"1,5 : 0.9285"
"5,1 : 0.9285"
"1,6 : 0.5903"
"6,1 : 0.5903"
"1,7 : 0.7225"
"7,1 : 0.7225"
"1,8 : 0.7849"
"8,1 : 0.7849"
"1,9 : 0.7021"
"9,1 : 0.7021"
"1,10 : 0.08"
"10,1 : 0.08"
"1,11 : 0.4163"
"11,1 : 0.4163"
"1,12 : 0.3635"
"12,1 : 0.3635"
"1,13 : 0.1924"
"13,1 : 0.1924"
"1,14 : 0.5022"
"14,1 : 0.5022"
"1,15 : 0.656"
"15,1 : 0.656"
"1,16 : 0.1421"
"16,1 : 0.1421"
"1,17 : 0.5371"
"17,1 : 0.5371"
"1,18 : 0.6868"
"18,1 : 0.6868"
"1,19 : 0.4238"
"19,1 : 0.4238"
"1,20 : 0.5523"
"20,1 : 0.5523"
"1,21 : 0.3046"
"21,1 : 0.3046"
"1,22 : 0.5471"
"22,1 : 0.5471"
"1,23 : 0.25"
"23,1 : 0.25"
"1,24 : 0.2729"
"24,1 : 0.2729"
"1,25 : 0.1253"
"25,1 : 0.1253"
"1,26 : 0.364"
"26,1 : 0.364"
"1,27 : 0.2119"
"27,1 : 0.2119"
"1,28 : 0.3625"
"28,1 : 0.3625"
"1,29 : 0.678"
"29,1 : 0.678"
"1,30 : 0.7184"
"30,1 : 0.7184"
"1,31 : 0.2843"
"31,1 : 0.2843"
"1,32 : 0.6122"
"32,1 : 0.6122"
"1,33 : 0.4704"
"33,1 : 0.4704"
"1,34 : 0.2417"
"34,1 : 0.2417"
"1,35 : 0.6229"
"35,1 : 0.6229"
"1,36 : 0.6403"
"36,1 : 0.6403"
"1,37 : 0.2717"
"37,1 : 0.2717"
"1,38 : 0.6366"
"38,1 : 0.6366"
"1,39 : 0.6935"
"39,1 : 0.6935"
"1,40 : 0.6762"
"40,1 : 0.6762"
"1,41 : 0.892"
"41,1 : 0.892"
"1,42 : 0.3228"
"42,1 : 0.3228"
"1,43 : 0.6161"
"43,1 : 0.6161"
"1,44 : 0.1487"
"44,1 : 0.1487"
"1,45 : 0.1749"
"45,1 : 0.1749"
"1,46 : 0.6332"
"46,1 : 0.6332"
"1,47 : 0.5701"
"47,1 : 0.5701"
"1,48 : 0.2088"
"48,1 : 0.2088"
"1,49 : 0.3102"
"49,1 : 0.3102"
"1,50 : 0.5016"
"50,1 : 0.5016"
"1,51 : 0.46"
"51,1 : 0.46"
"1,52 : 0.2759"
"52,1 : 0.2759"
"1,53 : 0.103"
"53,1 : 0.103"
"1,54 : 0.5659"
"54,1 : 0.5659"
"1,55 : 0.28"
"55,1 : 0.28"
"1,56 : 0.2247"
"56,1 : 0.2247"
"1,57 : 0.5822"
"57,1 : 0.5822"
"1,58 : 0.7931"
"58,1 : 0.7931"
"1,59 : 0.8559"
"59,1 : 0.8559"
"1,60 : 0.2802"
"60,1 : 0.2802"
"1,61 : 0.8705"
"61,1 : 0.8705"
"1,62 : 0.612"
"62,1 : 0.612"
"1,63 : 0.1838"
"63,1 : 0.1838"
"1,64 : 0.7656"
"64,1 : 0.7656"
"1,65 : 0.5381"
"65,1 : 0.5381"
"1,66 : 0.528"
"66,1 : 0.528"
"1,67 : 0.1581"
"67,1 : 0.1581"
"1,68 : 0.8453"
"68,1 : 0.8453"
"1,69 : 0.3158"
"69,1 : 0.3158"
"1,70 : 0.2555"
"70,1 : 0.2555"
"1,71 : 0.4827"
"71,1 : 0.4827"
"1,72 : 0.2236"
"72,1 : 0.2236"
"1,73 : 0.4851"
"73,1 : 0.4851"
"1,74 : 0.2302"
"74,1 : 0.2302"
"1,75 : 0.117"
"75,1 : 0.117"
"1,76 : 0.5233"
"76,1 : 0.5233"
"1,77 : 0.6351"
"77,1 : 0.6351"
"1,78 : 0.3905"
"78,1 : 0.3905"
"1,79 : 0.6103"
"79,1 : 0.6103"
"1,80 : 0.6438"
"80,1 : 0.6438"
"1,81 : 0.0608"
"81,1 : 0.0608"
"1,82 : 0.3124"
"82,1 : 0.3124"
"1,83 : 0.378"
"83,1 : 0.378"
"1,84 : 0.3324"
"84,1 : 0.3324"
"1,85 : 0.4604"
"85,1 : 0.4604"
"1,86 : 0.5501"
"86,1 : 0.5501"
"1,87 : 0.7094"
"87,1 : 0.7094"
"1,88 : 0.3493"
"88,1 : 0.3493"
"1,89 : 0.6512"
"89,1 : 0.6512"
"1,90 : 0.3966"
"90,1 : 0.3966"
"1,91 : 0.3068"
"91,1 : 0.3068"
"1,92 : 0.693"
"92,1 : 0.693"
"1,93 : 0.5805"
"93,1 : 0.5805"
"1,94 : 0.2102"
"94,1 : 0.2102"
"1,95 : 0.2524"
"95,1 : 0.2524"
"1,96 : 0.8656"
"96,1 : 0.8656"
"1,97 : 0.0424"
"97,1 : 0.0424"
"1,98 : 0.6888"
"98,1 : 0.6888"
"1,99 : 0.2202"
"99,1 : 0.2202"
"2,3 : 0.4469"
"3,2 : 0.4469"
"2,4 : 0.8188"
"4,2 : 0.8188"
"2,5 : 0.3612"
"5,2 : 0.3612"
"2,6 : 0.5478"
"6,2 : 0.5478"
"2,7 : 0.1903"
"7,2 : 0.1903"
"2,8 : 0.2062"
"8,2 : 0.2062"
"2,9 : 0.0721"
"9,2 : 0.0721"
"2,10 : 0.7495"
"10,2 : 0.7495"
"2,11 : 0.359"
"11,2 : 0.359"
"2,12 : 0.4206"
"12,2 : 0.4206"
"2,13 : 0.645"
"13,2 : 0.645"
"2,14 : 0.6277"
"14,2 : 0.6277"
"2,15 : 0.4264"
"15,2 : 0.4264"
"2,16 : 0.9062"
"16,2 : 0.9062"
"2,17 : 0.2419"
"17,2 : 0.2419"
"2,18 : 0.0922"
"18,2 : 0.0922"
"2,19 : 0.8828"
"19,2 : 0.8828"
"2,20 : 0.3499"
"20,2 : 0.3499"
"2,21 : 0.5826"
"21,2 : 0.5826"
"2,22 : 0.4696"
"22,2 : 0.4696"
"2,23 : 0.9381"
"23,2 : 0.9381"
"2,24 : 0.8601"
"24,2 : 0.8601"
"2,25 : 0.8954"
"25,2 : 0.8954"
"2,26 : 0.8647"
"26,2 : 0.8647"
"2,27 : 0.8016"
"27,2 : 0.8016"
"2,28 : 0.8202"
"28,2 : 0.8202"
"2,29 : 0.4319"
"29,2 : 0.4319"
"2,30 : 0.064"
"30,2 : 0.064"
"2,31 : 0.6671"
"31,2 : 0.6671"
"2,32 : 0.2818"
"32,2 : 0.2818"
"2,33 : 0.3471"
"33,2 : 0.3471"
"2,34 : 0.6185"
"34,2 : 0.6185"
"2,35 : 0.3744"
"35,2 : 0.3744"
"2,36 : 0.247"
"36,2 : 0.247"
"2,37 : 0.9209"
"37,2 : 0.9209"
"2,38 : 0.3581"
"38,2 : 0.3581"
"2,39 : 0.5381"
"39,2 : 0.5381"
"2,40 : 0.1118"
"40,2 : 0.1118"
"2,41 : 0.3569"
"41,2 : 0.3569"
"2,42 : 0.4494"
"42,2 : 0.4494"
"2,43 : 0.9378"
"43,2 : 0.9378"
"2,44 : 0.8533"
"44,2 : 0.8533"
"2,45 : 0.9434"
"45,2 : 0.9434"
"2,46 : 0.4368"
"46,2 : 0.4368"
"2,47 : 0.4386"
"47,2 : 0.4386"
"2,48 : 0.9803"
"48,2 : 0.9803"
"2,49 : 0.7225"
"49,2 : 0.7225"
"2,50 : 0.3701"
"50,2 : 0.3701"
"2,51 : 0.368"
"51,2 : 0.368"
"2,52 : 1.0288"
"52,2 : 1.0288"
"2,53 : 0.7603"
"53,2 : 0.7603"
"2,54 : 0.3493"
"54,2 : 0.3493"
"2,55 : 0.7306"
"55,2 : 0.7306"
"2,56 : 0.9315"
"56,2 : 0.9315"
"2,57 : 0.25"
"57,2 : 0.25"
"2,58 : 0.06"
"58,2 : 0.06"
"2,59 : 0.3574"
"59,2 : 0.3574"
"2,60 : 0.7406"
"60,2 : 0.7406"
"2,61 : 0.3517"
"61,2 : 0.3517"
"2,62 : 0.7694"
"62,2 : 0.7694"
"2,63 : 0.9035"
"63,2 : 0.9035"
"2,64 : 0.0671"
"64,2 : 0.0671"
"2,65 : 0.3992"
"65,2 : 0.3992"
"2,66 : 0.9774"
"66,2 : 0.9774"
"2,67 : 0.6512"
"67,2 : 0.6512"
"2,68 : 0.1414"
"68,2 : 0.1414"
"2,69 : 0.8732"
"69,2 : 0.8732"
"2,70 : 0.6007"
"70,2 : 0.6007"
"2,71 : 0.6657"
"71,2 : 0.6657"
"2,72 : 0.5867"
"72,2 : 0.5867"
"2,73 : 0.6485"
"73,2 : 0.6485"
"2,74 : 0.744"
"74,2 : 0.744"
"2,75 : 0.6845"
"75,2 : 0.6845"
"2,76 : 0.3795"
"76,2 : 0.3795"
"2,77 : 0.6325"
"77,2 : 0.6325"
"2,78 : 0.3848"
"78,2 : 0.3848"
"2,79 : 0.9774"
"79,2 : 0.9774"
"2,80 : 0.2012"
"80,2 : 0.2012"
"2,81 : 0.8023"
"81,2 : 0.8023"
"2,82 : 0.4925"
"82,2 : 0.4925"
"2,83 : 1.1064"
"83,2 : 1.1064"
"2,84 : 0.5597"
"84,2 : 0.5597"
"2,85 : 0.4876"
"85,2 : 0.4876"
"2,86 : 0.3"
"86,2 : 0.3"
"2,87 : 0.5148"
"87,2 : 0.5148"
"2,88 : 0.6562"
"88,2 : 0.6562"
"2,89 : 0.724"
"89,2 : 0.724"
"2,90 : 0.6172"
"90,2 : 0.6172"
"2,91 : 0.8298"
"91,2 : 0.8298"
"2,92 : 0.3394"
"92,2 : 0.3394"
"2,93 : 0.3847"
"93,2 : 0.3847"
"2,94 : 0.5814"
"94,2 : 0.5814"
"2,95 : 0.5914"
"95,2 : 0.5914"
"2,96 : 0.3178"
"96,2 : 0.3178"
"2,97 : 0.7539"
"97,2 : 0.7539"
"2,98 : 0.1389"
"98,2 : 0.1389"
"2,99 : 0.8766"
"99,2 : 0.8766"
"3,4 : 0.779"
"4,3 : 0.779"
"3,5 : 0.3178"
"5,3 : 0.3178"
"3,6 : 0.8122"
"6,3 : 0.8122"
"3,7 : 0.5825"
"7,3 : 0.5825"
"3,8 : 0.2786"
"8,3 : 0.2786"
"3,9 : 0.4328"
"9,3 : 0.4328"
"3,10 : 0.6031"
"10,3 : 0.6031"
"3,11 : 0.3701"
"11,3 : 0.3701"
"3,12 : 0.4909"
"12,3 : 0.4909"
"3,13 : 0.4763"
"13,3 : 0.4763"
"3,14 : 0.8302"
"14,3 : 0.8302"
"3,15 : 0.0224"
"15,3 : 0.0224"
"3,16 : 0.8043"
"16,3 : 0.8043"
"3,17 : 0.3353"
"17,3 : 0.3353"
"3,18 : 0.442"
"18,3 : 0.442"
"3,19 : 0.5482"
"19,3 : 0.5482"
"3,20 : 0.6113"
"20,3 : 0.6113"
"3,21 : 0.6691"
"21,3 : 0.6691"
"3,22 : 0.7218"
"22,3 : 0.7218"
"3,23 : 0.9055"
"23,3 : 0.9055"
"3,24 : 0.6003"
"24,3 : 0.6003"
"3,25 : 0.781"
"25,3 : 0.781"
"3,26 : 0.5571"
"26,3 : 0.5571"
"3,27 : 0.572"
"27,3 : 0.572"
"3,28 : 0.9025"
"28,3 : 0.9025"
"3,29 : 0.02"
"29,3 : 0.02"
"3,30 : 0.4534"
"30,3 : 0.4534"
"3,31 : 0.7398"
"31,3 : 0.7398"
"3,32 : 0.1836"
"32,3 : 0.1836"
"3,33 : 0.5261"
"33,3 : 0.5261"
"3,34 : 0.6622"
"34,3 : 0.6622"
"3,35 : 0.0854"
"35,3 : 0.0854"
"3,36 : 0.577"
"36,3 : 0.577"
"3,37 : 0.9124"
"37,3 : 0.9124"
"3,38 : 0.0943"
"38,3 : 0.0943"
"3,39 : 0.0922"
"39,3 : 0.0922"
"3,40 : 0.3547"
"40,3 : 0.3547"
"3,41 : 0.2766"
"41,3 : 0.2766"
"3,42 : 0.4571"
"42,3 : 0.4571"
"3,43 : 0.5334"
"43,3 : 0.5334"
"3,44 : 0.666"
"44,3 : 0.666"
"3,45 : 0.8298"
"45,3 : 0.8298"
"3,46 : 0.7433"
"46,3 : 0.7433"
"3,47 : 0.7083"
"47,3 : 0.7083"
"3,48 : 0.8415"
"48,3 : 0.8415"
"3,49 : 0.4442"
"49,3 : 0.4442"
"3,50 : 0.5903"
"50,3 : 0.5903"
"3,51 : 0.5445"
"51,3 : 0.5445"
"3,52 : 0.9386"
"52,3 : 0.9386"
"3,53 : 0.7159"
"53,3 : 0.7159"
"3,54 : 0.1513"
"54,3 : 0.1513"
"3,55 : 0.4687"
"55,3 : 0.4687"
"3,56 : 0.8851"
"56,3 : 0.8851"
"3,57 : 0.5255"
"57,3 : 0.5255"
"3,58 : 0.4105"
"58,3 : 0.4105"
"3,59 : 0.2354"
"59,3 : 0.2354"
"3,60 : 0.4771"
"60,3 : 0.4771"
"3,61 : 0.255"
"61,3 : 0.255"
"3,62 : 0.3471"
"62,3 : 0.3471"
"3,63 : 0.846"
"63,3 : 0.846"
"3,64 : 0.386"
"64,3 : 0.386"
"3,65 : 0.1432"
"65,3 : 0.1432"
"3,66 : 0.6129"
"66,3 : 0.6129"
"3,67 : 0.508"
"67,3 : 0.508"
"3,68 : 0.39"
"68,3 : 0.39"
"3,69 : 0.9118"
"69,3 : 0.9118"
"3,70 : 0.4123"
"70,3 : 0.4123"
"3,71 : 0.8502"
"71,3 : 0.8502"
"3,72 : 0.6044"
"72,3 : 0.6044"
"3,73 : 0.2789"
"73,3 : 0.2789"
"3,74 : 0.7749"
"74,3 : 0.7749"
"3,75 : 0.644"
"75,3 : 0.644"
"3,76 : 0.1712"
"76,3 : 0.1712"
"3,77 : 0.9009"
"77,3 : 0.9009"
"3,78 : 0.4501"
"78,3 : 0.4501"
"3,79 : 0.5814"
"79,3 : 0.5814"
"3,80 : 0.5324"
"80,3 : 0.5324"
"3,81 : 0.7211"
"81,3 : 0.7211"
"3,82 : 0.3716"
"82,3 : 0.3716"
"3,83 : 1.044"
"83,3 : 1.044"
"3,84 : 0.6648"
"84,3 : 0.6648"
"3,85 : 0.2062"
"85,3 : 0.2062"
"3,86 : 0.5536"
"86,3 : 0.5536"
"3,87 : 0.8443"
"87,3 : 0.8443"
"3,88 : 0.3689"
"88,3 : 0.3689"
"3,89 : 0.2879"
"89,3 : 0.2879"
"3,90 : 0.7624"
"90,3 : 0.7624"
"3,91 : 0.8792"
"91,3 : 0.8792"
"3,92 : 0.1118"
"92,3 : 0.1118"
"3,93 : 0.11"
"93,3 : 0.11"
"3,94 : 0.5787"
"94,3 : 0.5787"
"3,95 : 0.414"
"95,3 : 0.414"
"3,96 : 0.2707"
"96,3 : 0.2707"
"3,97 : 0.6742"
"97,3 : 0.6742"
"3,98 : 0.3111"
"98,3 : 0.3111"
"3,99 : 0.8588"
"99,3 : 0.8588"
"4,5 : 1.0191"
"5,4 : 1.0191"
"4,6 : 0.5337"
"6,4 : 0.5337"
"4,7 : 0.7376"
"7,4 : 0.7376"
"4,8 : 0.8637"
"8,4 : 0.8637"
"4,9 : 0.7471"
"9,4 : 0.7471"
"4,10 : 0.2202"
"10,4 : 0.2202"
"4,11 : 0.4827"
"11,4 : 0.4827"
"4,12 : 0.3982"
"12,4 : 0.3982"
"4,13 : 0.3202"
"13,4 : 0.3202"
"4,14 : 0.4272"
"14,4 : 0.4272"
"4,15 : 0.7666"
"15,4 : 0.7666"
"4,16 : 0.13"
"16,4 : 0.13"
"4,17 : 0.6"
"17,4 : 0.6"
"4,18 : 0.729"
"18,4 : 0.729"
"4,19 : 0.5604"
"19,4 : 0.5604"
"4,20 : 0.5474"
"20,4 : 0.5474"
"4,21 : 0.2707"
"21,4 : 0.2707"
"4,22 : 0.5109"
"22,4 : 0.5109"
"4,23 : 0.1281"
"23,4 : 0.1281"
"4,24 : 0.405"
"24,4 : 0.405"
"4,25 : 0.1442"
"25,4 : 0.1442"
"4,26 : 0.5"
"26,4 : 0.5"
"4,27 : 0.3493"
"27,4 : 0.3493"
"4,28 : 0.236"
"28,4 : 0.236"
"4,29 : 0.7889"
"29,4 : 0.7889"
"4,30 : 0.7603"
"30,4 : 0.7603"
"4,31 : 0.2138"
"31,4 : 0.2138"
"4,32 : 0.7009"
"32,4 : 0.7009"
"4,33 : 0.487"
"33,4 : 0.487"
"4,34 : 0.2138"
"34,4 : 0.2138"
"4,35 : 0.7267"
"35,4 : 0.7267"
"4,36 : 0.65"
"36,4 : 0.65"
"4,37 : 0.136"
"37,4 : 0.136"
"4,38 : 0.7382"
"38,4 : 0.7382"
"4,39 : 0.8154"
"39,4 : 0.8154"
"4,40 : 0.735"
"40,4 : 0.735"
"4,41 : 0.9849"
"41,4 : 0.9849"
"4,42 : 0.378"
"42,4 : 0.378"
"4,43 : 0.755"
"43,4 : 0.755"
"4,44 : 0.2683"
"44,4 : 0.2683"
"4,45 : 0.1676"
"45,4 : 0.1676"
"4,46 : 0.6007"
"46,4 : 0.6007"
"4,47 : 0.5401"
"47,4 : 0.5401"
"4,48 : 0.2247"
"48,4 : 0.2247"
"4,49 : 0.45"
"49,4 : 0.45"
"4,50 : 0.5001"
"50,4 : 0.5001"
"4,51 : 0.4713"
"51,4 : 0.4713"
"4,52 : 0.2159"
"52,4 : 0.2159"
"4,53 : 0.064"
"53,4 : 0.064"
"4,54 : 0.664"
"54,4 : 0.664"
"4,55 : 0.4201"
"55,4 : 0.4201"
"4,56 : 0.114"
"56,4 : 0.114"
"4,57 : 0.6008"
"57,4 : 0.6008"
"4,58 : 0.8491"
"58,4 : 0.8491"
"4,59 : 0.9513"
"59,4 : 0.9513"
"4,60 : 0.4205"
"60,4 : 0.4205"
"4,61 : 0.9643"
"61,4 : 0.9643"
"4,62 : 0.7511"
"62,4 : 0.7511"
"4,63 : 0.0854"
"63,4 : 0.0854"
"4,64 : 0.8238"
"64,4 : 0.8238"
"4,65 : 0.6435"
"65,4 : 0.6435"
"4,66 : 0.6613"
"66,4 : 0.6613"
"4,67 : 0.2816"
"67,4 : 0.2816"
"4,68 : 0.9102"
"68,4 : 0.9102"
"4,69 : 0.1772"
"69,4 : 0.1772"
"4,70 : 0.3795"
"70,4 : 0.3795"
"4,71 : 0.3981"
"71,4 : 0.3981"
"4,72 : 0.2326"
"72,4 : 0.2326"
"4,73 : 0.6198"
"73,4 : 0.6198"
"4,74 : 0.13"
"74,4 : 0.13"
"4,75 : 0.1414"
"75,4 : 0.1414"
"4,76 : 0.6243"
"76,4 : 0.6243"
"4,77 : 0.5608"
"77,4 : 0.5608"
"4,78 : 0.4357"
"78,4 : 0.4357"
"4,79 : 0.7473"
"79,4 : 0.7473"
"4,80 : 0.6641"
"80,4 : 0.6641"
"4,81 : 0.0825"
"81,4 : 0.0825"
"4,82 : 0.4105"
"82,4 : 0.4105"
"4,83 : 0.2884"
"83,4 : 0.2884"
"4,84 : 0.3007"
"84,4 : 0.3007"
"4,85 : 0.577"
"85,4 : 0.577"
"4,86 : 0.5604"
"86,4 : 0.5604"
"4,87 : 0.661"
"87,4 : 0.661"
"4,88 : 0.4851"
"88,4 : 0.4851"
"4,89 : 0.7877"
"89,4 : 0.7877"
"4,90 : 0.3298"
"90,4 : 0.3298"
"4,91 : 0.1749"
"91,4 : 0.1749"
"4,92 : 0.792"
"92,4 : 0.792"
"4,93 : 0.6851"
"93,4 : 0.6851"
"4,94 : 0.2385"
"94,4 : 0.2385"
"4,95 : 0.3734"
"95,4 : 0.3734"
"4,96 : 0.9552"
"96,4 : 0.9552"
"4,97 : 0.1118"
"97,4 : 0.1118"
"4,98 : 0.756"
"98,4 : 0.756"
"4,99 : 0.0825"
"99,4 : 0.0825"
"5,6 : 0.8865"
"6,5 : 0.8865"
"5,7 : 0.5504"
"7,5 : 0.5504"
"5,8 : 0.1772"
"8,5 : 0.1772"
"5,9 : 0.4011"
"9,5 : 0.4011"
"5,10 : 0.878"
"10,5 : 0.878"
"5,11 : 0.5441"
"11,5 : 0.5441"
"5,12 : 0.6551"
"12,5 : 0.6551"
"5,13 : 0.7521"
"13,5 : 0.7521"
"5,14 : 0.9456"
"14,5 : 0.9456"
"5,15 : 0.3132"
"15,5 : 0.3132"
"5,16 : 1.0706"
"16,5 : 1.0706"
"5,17 : 0.4429"
"17,5 : 0.4429"
"5,18 : 0.4219"
"18,5 : 0.4219"
"5,19 : 0.8659"
"19,5 : 0.8659"
"5,20 : 0.6768"
"20,5 : 0.6768"
"5,21 : 0.8422"
"21,5 : 0.8422"
"5,22 : 0.8005"
"22,5 : 0.8005"
"5,23 : 1.1469"
"23,5 : 1.1469"
"5,24 : 0.9087"
"24,5 : 0.9087"
"5,25 : 1.0512"
"25,5 : 1.0512"
"5,26 : 0.8728"
"26,5 : 0.8728"
"5,27 : 0.8724"
"27,5 : 0.8724"
"5,28 : 1.0891"
"28,5 : 1.0891"
"5,29 : 0.2983"
"29,5 : 0.2983"
"5,30 : 0.4101"
"30,5 : 0.4101"
"5,31 : 0.9244"
"31,5 : 0.9244"
"5,32 : 0.3183"
"32,5 : 0.3183"
"5,33 : 0.6332"
"33,5 : 0.6332"
"5,34 : 0.857"
"34,5 : 0.857"
"5,35 : 0.3176"
"35,5 : 0.3176"
"5,36 : 0.593"
"36,5 : 0.593"
"5,37 : 1.1434"
"37,5 : 1.1434"
"5,38 : 0.3002"
"38,5 : 0.3002"
"5,39 : 0.37"
"39,5 : 0.37"
"5,40 : 0.3493"
"40,5 : 0.3493"
"5,41 : 0.0412"
"41,5 : 0.0412"
"5,42 : 0.65"
"42,5 : 0.65"
"5,43 : 0.8401"
"43,5 : 0.8401"
"5,44 : 0.9572"
"44,5 : 0.9572"
"5,45 : 1.1011"
"45,5 : 1.1011"
"5,46 : 0.7852"
"46,5 : 0.7852"
"5,47 : 0.7747"
"47,5 : 0.7747"
"5,48 : 1.122"
"48,5 : 1.122"
"5,49 : 0.7524"
"49,5 : 0.7524"
"5,50 : 0.6801"
"50,5 : 0.6801"
"5,51 : 0.6555"
"51,5 : 0.6555"
"5,52 : 1.2042"
"52,5 : 1.2042"
"5,53 : 0.9552"
"53,5 : 0.9552"
"5,54 : 0.364"
"54,5 : 0.364"
"5,55 : 0.7739"
"55,5 : 0.7739"
"5,56 : 1.1317"
"56,5 : 1.1317"
"5,57 : 0.5727"
"57,5 : 0.5727"
"5,58 : 0.3015"
"58,5 : 0.3015"
"5,59 : 0.0825"
"59,5 : 0.0825"
"5,60 : 0.7829"
"60,5 : 0.7829"
"5,61 : 0.0632"
"61,5 : 0.0632"
"5,62 : 0.65"
"62,5 : 0.65"
"5,63 : 1.096"
"63,5 : 1.096"
"5,64 : 0.3"
"64,5 : 0.3"
"5,65 : 0.3996"
"65,5 : 0.3996"
"5,66 : 0.9291"
"66,5 : 0.9291"
"5,67 : 0.7762"
"67,5 : 0.7762"
"5,68 : 0.2256"
"68,5 : 0.2256"
"5,69 : 1.1207"
"69,5 : 1.1207"
"5,70 : 0.6907"
"70,5 : 0.6907"
"5,71 : 0.9774"
"71,5 : 0.9774"
"5,72 : 0.808"
"72,5 : 0.808"
"5,73 : 0.5967"
"73,5 : 0.5967"
"5,74 : 0.9823"
"74,5 : 0.9823"
"5,75 : 0.8778"
"75,5 : 0.8778"
"5,76 : 0.408"
"76,5 : 0.408"
"5,77 : 0.9749"
"77,5 : 0.9749"
"5,78 : 0.6106"
"78,5 : 0.6106"
"5,79 : 0.8905"
"79,5 : 0.8905"
"5,80 : 0.5433"
"80,5 : 0.5433"
"5,81 : 0.9762"
"81,5 : 0.9762"
"5,82 : 0.6162"
"82,5 : 0.6162"
"5,83 : 1.3012"
"83,5 : 1.3012"
"5,84 : 0.8276"
"84,5 : 0.8276"
"5,85 : 0.4965"
"85,5 : 0.4965"
"5,86 : 0.6185"
"86,5 : 0.6185"
"5,87 : 0.8709"
"87,5 : 0.8709"
"5,88 : 0.6762"
"88,5 : 0.6762"
"5,89 : 0.5808"
"89,5 : 0.5808"
"5,90 : 0.9087"
"90,5 : 0.9087"
"5,91 : 1.0817"
"91,5 : 1.0817"
"5,92 : 0.2419"
"92,5 : 0.2419"
"5,93 : 0.3585"
"93,5 : 0.3585"
"5,94 : 0.7903"
"94,5 : 0.7903"
"5,95 : 0.6882"
"95,5 : 0.6882"
"5,96 : 0.064"
"96,5 : 0.064"
"5,97 : 0.9266"
"97,5 : 0.9266"
"5,98 : 0.3036"
"98,5 : 0.3036"
"5,99 : 1.0922"
"99,5 : 1.0922"
"6,7 : 0.3722"
"7,6 : 0.3722"
"6,8 : 0.7102"
"8,6 : 0.7102"
"6,9 : 0.4904"
"9,6 : 0.4904"
"6,10 : 0.6297"
"10,6 : 0.6297"
"6,11 : 0.4554"
"11,6 : 0.4554"
"6,12 : 0.3536"
"12,6 : 0.3536"
"6,13 : 0.6152"
"13,6 : 0.6152"
"6,14 : 0.1237"
"14,6 : 0.1237"
"6,15 : 0.7908"
"15,6 : 0.7908"
"6,16 : 0.6622"
"16,6 : 0.6622"
"6,17 : 0.4817"
"17,6 : 0.4817"
"6,18 : 0.4684"
"18,6 : 0.4684"
"6,19 : 0.9405"
"19,6 : 0.9405"
"6,20 : 0.211"
"20,6 : 0.211"
"6,21 : 0.2865"
"21,6 : 0.2865"
"6,22 : 0.0906"
"22,6 : 0.0906"
"6,23 : 0.6003"
"23,6 : 0.6003"
"6,24 : 0.828"
"24,6 : 0.828"
"6,25 : 0.6705"
"25,6 : 0.6705"
"6,26 : 0.892"
"26,6 : 0.892"
"6,27 : 0.756"
"27,6 : 0.756"
"6,28 : 0.3864"
"28,6 : 0.3864"
"6,29 : 0.8089"
"29,6 : 0.8089"
"6,30 : 0.487"
"30,6 : 0.487"
"6,31 : 0.3202"
"31,6 : 0.3202"
"6,32 : 0.642"
"32,6 : 0.642"
"6,33 : 0.2864"
"33,6 : 0.2864"
"6,34 : 0.3489"
"34,6 : 0.3489"
"6,35 : 0.7284"
"35,6 : 0.7284"
"6,36 : 0.3008"
"36,6 : 0.3008"
"6,37 : 0.5601"
"37,6 : 0.5601"
"6,38 : 0.7256"
"38,6 : 0.7256"
"6,39 : 0.8927"
"39,6 : 0.8927"
"6,40 : 0.5376"
"40,6 : 0.5376"
"6,41 : 0.8698"
"41,6 : 0.8698"
"6,42 : 0.4134"
"42,6 : 0.4134"
"6,43 : 1.0902"
"43,6 : 1.0902"
"6,44 : 0.7343"
"44,6 : 0.7343"
"6,45 : 0.7009"
"45,6 : 0.7009"
"6,46 : 0.1204"
"46,6 : 0.1204"
"6,47 : 0.1118"
"47,6 : 0.1118"
"6,48 : 0.7569"
"48,6 : 0.7569"
"6,49 : 0.7716"
"49,6 : 0.7716"
"6,50 : 0.222"
"50,6 : 0.222"
"6,51 : 0.2693"
"51,6 : 0.2693"
"6,52 : 0.7333"
"52,6 : 0.7333"
"6,53 : 0.5092"
"53,6 : 0.5092"
"6,54 : 0.661"
"54,6 : 0.661"
"6,55 : 0.7566"
"55,6 : 0.7566"
"6,56 : 0.612"
"56,6 : 0.612"
"6,57 : 0.314"
"57,6 : 0.314"
"6,58 : 0.6041"
"58,6 : 0.6041"
"6,59 : 0.8548"
"59,6 : 0.8548"
"6,60 : 0.7637"
"60,6 : 0.7637"
"6,61 : 0.8571"
"61,6 : 0.8571"
"6,62 : 0.9936"
"62,6 : 0.9936"
"6,63 : 0.6067"
"63,6 : 0.6067"
"6,64 : 0.5948"
"64,6 : 0.5948"
"6,65 : 0.6815"
"65,6 : 0.6815"
"6,66 : 1.0536"
"66,6 : 1.0536"
"6,67 : 0.588"
"67,6 : 0.588"
"6,68 : 0.6862"
"68,6 : 0.6862"
"6,69 : 0.4727"
"69,6 : 0.4727"
"6,70 : 0.6248"
"70,6 : 0.6248"
"6,71 : 0.1676"
"71,6 : 0.1676"
"6,72 : 0.3801"
"72,6 : 0.3801"
"6,73 : 0.8373"
"73,6 : 0.8373"
"6,74 : 0.4061"
"74,6 : 0.4061"
"6,75 : 0.4741"
"75,6 : 0.4741"
"6,76 : 0.65"
"76,6 : 0.65"
"6,77 : 0.09"
"77,6 : 0.09"
"6,78 : 0.3808"
"78,6 : 0.3808"
"6,79 : 1.1063"
"79,6 : 1.1063"
"6,80 : 0.3479"
"80,6 : 0.3479"
"6,81 : 0.5758"
"81,6 : 0.5758"
"6,82 : 0.5438"
"82,6 : 0.5438"
"6,83 : 0.7611"
"83,6 : 0.7611"
"6,84 : 0.2608"
"84,6 : 0.2608"
"6,85 : 0.6946"
"85,6 : 0.6946"
"6,86 : 0.2707"
"86,6 : 0.2707"
"6,87 : 0.13"
"87,6 : 0.13"
"6,88 : 0.75"
"88,6 : 0.75"
"6,89 : 0.989"
"89,6 : 0.989"
"6,90 : 0.204"
"90,6 : 0.204"
"6,91 : 0.431"
"91,6 : 0.431"
"6,92 : 0.7511"
"92,6 : 0.7511"
"6,93 : 0.7041"
"93,6 : 0.7041"
"6,94 : 0.4061"
"94,6 : 0.4061"
"6,95 : 0.6107"
"95,6 : 0.6107"
"6,96 : 0.8302"
"96,6 : 0.8302"
"6,97 : 0.5504"
"97,6 : 0.5504"
"6,98 : 0.5855"
"98,6 : 0.5855"
"6,99 : 0.5415"
"99,6 : 0.5415"
"7,8 : 0.3864"
"8,7 : 0.3864"
"7,9 : 0.1581"
"9,7 : 0.1581"
"7,10 : 0.7203"
"10,7 : 0.7203"
"7,11 : 0.3574"
"11,7 : 0.3574"
"7,12 : 0.3601"
"12,7 : 0.3601"
"7,13 : 0.6395"
"13,7 : 0.6395"
"7,14 : 0.4675"
"14,7 : 0.4675"
"7,15 : 0.5604"
"15,7 : 0.5604"
"7,16 : 0.8434"
"16,7 : 0.8434"
"7,17 : 0.2802"
"17,7 : 0.2802"
"7,18 : 0.1432"
"18,7 : 0.1432"
"7,19 : 0.9248"
"19,7 : 0.9248"
"7,20 : 0.2025"
"20,7 : 0.2025"
"7,21 : 0.4754"
"21,7 : 0.4754"
"7,22 : 0.3048"
"22,7 : 0.3048"
"7,23 : 0.845"
"23,7 : 0.845"
"7,24 : 0.8688"
"24,7 : 0.8688"
"7,25 : 0.8386"
"25,7 : 0.8386"
"7,26 : 0.8949"
"26,7 : 0.8949"
"7,27 : 0.8023"
"27,7 : 0.8023"
"7,28 : 0.6907"
"28,7 : 0.6907"
"7,29 : 0.5714"
"29,7 : 0.5714"
"7,30 : 0.1432"
"30,7 : 0.1432"
"7,31 : 0.5546"
"31,7 : 0.5546"
"7,32 : 0.4"
"32,7 : 0.4"
"7,33 : 0.2532"
"33,7 : 0.2532"
"7,34 : 0.525"
"34,7 : 0.525"
"7,35 : 0.5"
"35,7 : 0.5"
"7,36 : 0.0894"
"36,7 : 0.0894"
"7,37 : 0.8194"
"37,7 : 0.8194"
"7,38 : 0.4883"
"38,7 : 0.4883"
"7,39 : 0.6742"
"39,7 : 0.6742"
"7,40 : 0.2326"
"40,7 : 0.2326"
"7,41 : 0.5433"
"41,7 : 0.5433"
"7,42 : 0.4111"
"42,7 : 0.4111"
"7,43 : 1.0155"
"43,7 : 1.0155"
"7,44 : 0.831"
"44,7 : 0.831"
"7,45 : 0.8828"
"45,7 : 0.8828"
"7,46 : 0.255"
"46,7 : 0.255"
"7,47 : 0.2702"
"47,7 : 0.2702"
"7,48 : 0.9278"
"48,7 : 0.9278"
"7,49 : 0.7527"
"49,7 : 0.7527"
"7,50 : 0.2417"
"50,7 : 0.2417"
"7,51 : 0.2668"
"51,7 : 0.2668"
"7,52 : 0.9534"
"52,7 : 0.9534"
"7,53 : 0.6866"
"53,7 : 0.6866"
"7,54 : 0.4528"
"54,7 : 0.4528"
"7,55 : 0.7529"
"55,7 : 0.7529"
"7,56 : 0.8443"
"56,7 : 0.8443"
"7,57 : 0.1404"
"57,7 : 0.1404"
"7,58 : 0.2502"
"58,7 : 0.2502"
"7,59 : 0.5394"
"59,7 : 0.5394"
"7,60 : 0.7624"
"60,7 : 0.7624"
"7,61 : 0.536"
"61,7 : 0.536"
"7,62 : 0.8668"
"62,7 : 0.8668"
"7,63 : 0.8228"
"63,7 : 0.8228"
"7,64 : 0.2508"
"64,7 : 0.2508"
"7,65 : 0.4952"
"65,7 : 0.4952"
"7,66 : 1.0296"
"66,7 : 1.0296"
"7,67 : 0.6339"
"67,7 : 0.6339"
"7,68 : 0.3314"
"68,7 : 0.3314"
"7,69 : 0.7566"
"69,7 : 0.7566"
"7,70 : 0.6113"
"70,7 : 0.6113"
"7,71 : 0.5093"
"71,7 : 0.5093"
"7,72 : 0.5099"
"72,7 : 0.5099"
"7,73 : 0.7267"
"73,7 : 0.7267"
"7,74 : 0.6408"
"74,7 : 0.6408"
"7,75 : 0.6181"
"75,7 : 0.6181"
"7,76 : 0.4675"
"76,7 : 0.4675"
"7,77 : 0.4519"
"77,7 : 0.4519"
"7,78 : 0.3413"
"78,7 : 0.3413"
"7,79 : 1.0481"
"79,7 : 1.0481"
"7,80 : 0.0806"
"80,7 : 0.0806"
"7,81 : 0.7398"
"81,7 : 0.7398"
"7,82 : 0.5"
"82,7 : 0.5"
"7,83 : 1.0159"
"83,7 : 1.0159"
"7,84 : 0.4478"
"84,7 : 0.4478"
"7,85 : 0.5604"
"85,7 : 0.5604"
"7,86 : 0.1772"
"86,7 : 0.1772"
"7,87 : 0.3256"
"87,7 : 0.3256"
"7,88 : 0.6986"
"88,7 : 0.6986"
"7,89 : 0.8345"
"89,7 : 0.8345"
"7,90 : 0.4801"
"90,7 : 0.4801"
"7,91 : 0.712"
"91,7 : 0.712"
"7,92 : 0.4876"
"92,7 : 0.4876"
"7,93 : 0.4958"
"93,7 : 0.4958"
"7,94 : 0.5148"
"94,7 : 0.5148"
"7,95 : 0.5991"
"95,7 : 0.5991"
"7,96 : 0.5036"
"96,7 : 0.5036"
"7,97 : 0.6958"
"97,7 : 0.6958"
"7,98 : 0.2823"
"98,7 : 0.2823"
"7,99 : 0.7819"
"99,7 : 0.7819"
"8,9 : 0.2309"
"9,8 : 0.2309"
"8,10 : 0.743"
"10,8 : 0.743"
"8,11 : 0.3818"
"11,8 : 0.3818"
"8,12 : 0.486"
"12,8 : 0.486"
"8,13 : 0.6217"
"13,8 : 0.6217"
"8,14 : 0.7684"
"14,8 : 0.7684"
"8,15 : 0.2625"
"15,8 : 0.2625"
"8,16 : 0.9266"
"16,8 : 0.9266"
"8,17 : 0.272"
"17,8 : 0.272"
"8,18 : 0.2502"
"18,8 : 0.2502"
"8,19 : 0.791"
"19,8 : 0.791"
"8,20 : 0.5001"
"20,8 : 0.5001"
"8,21 : 0.6712"
"21,8 : 0.6712"
"8,22 : 0.6237"
"22,8 : 0.6237"
"8,23 : 0.9904"
"23,8 : 0.9904"
"8,24 : 0.8052"
"24,8 : 0.8052"
"8,25 : 0.9097"
"25,8 : 0.9097"
"8,26 : 0.7864"
"26,8 : 0.7864"
"8,27 : 0.7589"
"27,8 : 0.7589"
"8,28 : 0.9181"
"28,8 : 0.9181"
"8,29 : 0.26"
"29,8 : 0.26"
"8,30 : 0.2433"
"30,8 : 0.2433"
"8,31 : 0.7545"
"31,8 : 0.7545"
"8,32 : 0.1803"
"32,8 : 0.1803"
"8,33 : 0.4569"
"33,8 : 0.4569"
"8,34 : 0.6903"
"34,8 : 0.6903"
"8,35 : 0.2309"
"35,8 : 0.2309"
"8,36 : 0.4201"
"36,8 : 0.4201"
"8,37 : 0.9831"
"37,8 : 0.9831"
"8,38 : 0.211"
"38,8 : 0.211"
"8,39 : 0.3624"
"39,8 : 0.3624"
"8,40 : 0.1726"
"40,8 : 0.1726"
"8,41 : 0.1603"
"41,8 : 0.1603"
"8,42 : 0.488"
"42,8 : 0.488"
"8,43 : 0.806"
"43,8 : 0.806"
"8,44 : 0.8326"
"44,8 : 0.8326"
"8,45 : 0.9596"
"45,8 : 0.9596"
"8,46 : 0.6113"
"46,8 : 0.6113"
"8,47 : 0.5984"
"47,8 : 0.5984"
"8,48 : 0.9862"
"48,8 : 0.9862"
"8,49 : 0.6531"
"49,8 : 0.6531"
"8,50 : 0.5029"
"50,8 : 0.5029"
"8,51 : 0.4793"
"51,8 : 0.4793"
"8,52 : 1.058"
"52,8 : 1.058"
"8,53 : 0.8006"
"53,8 : 0.8006"
"8,54 : 0.2452"
"54,8 : 0.2452"
"8,55 : 0.6694"
"55,8 : 0.6694"
"8,56 : 0.9774"
"56,8 : 0.9774"
"8,57 : 0.3962"
"57,8 : 0.3962"
"8,58 : 0.1526"
"58,8 : 0.1526"
"8,59 : 0.153"
"59,8 : 0.153"
"8,60 : 0.6791"
"60,8 : 0.6791"
"8,61 : 0.1503"
"61,8 : 0.1503"
"8,62 : 0.6236"
"62,8 : 0.6236"
"8,63 : 0.9437"
"63,8 : 0.9437"
"8,64 : 0.1393"
"64,8 : 0.1393"
"8,65 : 0.2927"
"65,8 : 0.2927"
"8,66 : 0.8709"
"66,8 : 0.8709"
"8,67 : 0.6401"
"67,8 : 0.6401"
"8,68 : 0.1118"
"68,8 : 0.1118"
"8,69 : 0.9543"
"69,8 : 0.9543"
"8,70 : 0.5646"
"70,8 : 0.5646"
"8,71 : 0.8006"
"71,8 : 0.8006"
"8,72 : 0.6444"
"72,8 : 0.6444"
"8,73 : 0.5308"
"73,8 : 0.5308"
"8,74 : 0.8169"
"74,8 : 0.8169"
"8,75 : 0.7225"
"75,8 : 0.7225"
"8,76 : 0.2886"
"76,8 : 0.2886"
"8,77 : 0.7991"
"77,8 : 0.7991"
"8,78 : 0.442"
"78,8 : 0.442"
"8,79 : 0.8516"
"79,8 : 0.8516"
"8,80 : 0.3701"
"80,8 : 0.3701"
"8,81 : 0.828"
"81,8 : 0.828"
"8,82 : 0.4751"
"82,8 : 0.4751"
"8,83 : 1.1498"
"83,8 : 1.1498"
"8,84 : 0.6551"
"84,8 : 0.6551"
"8,85 : 0.3946"
"85,8 : 0.3946"
"8,86 : 0.4415"
"86,8 : 0.4415"
"8,87 : 0.7001"
"87,8 : 0.7001"
"8,88 : 0.5787"
"88,8 : 0.5787"
"8,89 : 0.5665"
"89,8 : 0.5665"
"8,90 : 0.7335"
"90,8 : 0.7335"
"8,91 : 0.914"
"91,8 : 0.914"
"8,92 : 0.1676"
"92,8 : 0.1676"
"8,93 : 0.2602"
"93,8 : 0.2602"
"8,94 : 0.6294"
"94,8 : 0.6294"
"8,95 : 0.5595"
"95,8 : 0.5595"
"8,96 : 0.1204"
"96,8 : 0.1204"
"8,97 : 0.778"
"97,8 : 0.778"
"8,98 : 0.1265"
"98,8 : 0.1265"
"8,99 : 0.9334"
"99,8 : 0.9334"
"9,10 : 0.6825"
"10,9 : 0.6825"
"9,11 : 0.2927"
"11,9 : 0.2927"
"9,12 : 0.3489"
"12,9 : 0.3489"
"9,13 : 0.5814"
"13,9 : 0.5814"
"9,14 : 0.5636"
"14,9 : 0.5636"
"9,15 : 0.4111"
"15,9 : 0.4111"
"9,16 : 0.8357"
"16,9 : 0.8357"
"9,17 : 0.1803"
"17,9 : 0.1803"
"9,18 : 0.0224"
"18,9 : 0.0224"
"9,19 : 0.832"
"19,9 : 0.832"
"9,20 : 0.2864"
"20,9 : 0.2864"
"9,21 : 0.5109"
"21,9 : 0.5109"
"9,22 : 0.4085"
"22,9 : 0.4085"
"9,23 : 0.8661"
"23,9 : 0.8661"
"9,24 : 0.8006"
"24,9 : 0.8006"
"9,25 : 0.8254"
"25,9 : 0.8254"
"9,26 : 0.8105"
"26,9 : 0.8105"
"9,27 : 0.7401"
"27,9 : 0.7401"
"9,28 : 0.7497"
"28,9 : 0.7497"
"9,29 : 0.4201"
"29,9 : 0.4201"
"9,30 : 0.0224"
"30,9 : 0.0224"
"9,31 : 0.5955"
"31,9 : 0.5955"
"9,32 : 0.255"
"32,9 : 0.255"
"9,33 : 0.2759"
"33,9 : 0.2759"
"9,34 : 0.5464"
"34,9 : 0.5464"
"9,35 : 0.3536"
"35,9 : 0.3536"
"9,36 : 0.1924"
"36,9 : 0.1924"
"9,37 : 0.8488"
"37,9 : 0.8488"
"9,38 : 0.3397"
"38,9 : 0.3397"
"9,39 : 0.525"
"39,9 : 0.525"
"9,40 : 0.0781"
"40,9 : 0.0781"
"9,41 : 0.3901"
"41,9 : 0.3901"
"9,42 : 0.3795"
"42,9 : 0.3795"
"9,43 : 0.899"
"43,9 : 0.899"
"9,44 : 0.7877"
"44,9 : 0.7877"
"9,45 : 0.8732"
"45,9 : 0.8732"
"9,46 : 0.3847"
"46,9 : 0.3847"
"9,47 : 0.3795"
"47,9 : 0.3795"
"9,48 : 0.9109"
"48,9 : 0.9109"
"9,49 : 0.6675"
"49,9 : 0.6675"
"9,50 : 0.3023"
"50,9 : 0.3023"
"9,51 : 0.297"
"51,9 : 0.297"
"9,52 : 0.9575"
"52,9 : 0.9575"
"9,53 : 0.6888"
"53,9 : 0.6888"
"9,54 : 0.3162"
"54,9 : 0.3162"
"9,55 : 0.6736"
"55,9 : 0.6736"
"9,56 : 0.8596"
"56,9 : 0.8596"
"9,57 : 0.1836"
"57,9 : 0.1836"
"9,58 : 0.1166"
"58,9 : 0.1166"
"9,59 : 0.3833"
"59,9 : 0.3833"
"9,60 : 0.6836"
"60,9 : 0.6836"
"9,61 : 0.3812"
"61,9 : 0.3812"
"9,62 : 0.7378"
"62,9 : 0.7378"
"9,63 : 0.8319"
"63,9 : 0.8319"
"9,64 : 0.1044"
"64,9 : 0.1044"
"9,65 : 0.3636"
"65,9 : 0.3636"
"9,66 : 0.9301"
"66,9 : 0.9301"
"9,67 : 0.5855"
"67,9 : 0.5855"
"9,68 : 0.197"
"68,9 : 0.197"
"9,69 : 0.8016"
"69,9 : 0.8016"
"9,70 : 0.5401"
"70,9 : 0.5401"
"9,71 : 0.6003"
"71,9 : 0.6003"
"9,72 : 0.5148"
"72,9 : 0.5148"
"9,73 : 0.6084"
"73,9 : 0.6084"
"9,74 : 0.672"
"74,9 : 0.672"
"9,75 : 0.6133"
"75,9 : 0.6133"
"9,76 : 0.34"
"76,9 : 0.34"
"9,77 : 0.5772"
"77,9 : 0.5772"
"9,78 : 0.3138"
"78,9 : 0.3138"
"9,79 : 0.9362"
"79,9 : 0.9362"
"9,80 : 0.1432"
"80,9 : 0.1432"
"9,81 : 0.7316"
"81,9 : 0.7316"
"9,82 : 0.4301"
"82,9 : 0.4301"
"9,83 : 1.0345"
"83,9 : 1.0345"
"9,84 : 0.4884"
"84,9 : 0.4884"
"9,85 : 0.4438"
"85,9 : 0.4438"
"9,86 : 0.2332"
"86,9 : 0.2332"
"9,87 : 0.4701"
"87,9 : 0.4701"
"9,88 : 0.6042"
"88,9 : 0.6042"
"9,89 : 0.6981"
"89,9 : 0.6981"
"9,90 : 0.5482"
"90,9 : 0.5482"
"9,91 : 0.7582"
"91,9 : 0.7582"
"9,92 : 0.3329"
"92,9 : 0.3329"
"9,93 : 0.3561"
"93,9 : 0.3561"
"9,94 : 0.5099"
"94,9 : 0.5099"
"9,95 : 0.53"
"95,9 : 0.53"
"9,96 : 0.3501"
"96,9 : 0.3501"
"9,97 : 0.6835"
"97,9 : 0.6835"
"9,98 : 0.1253"
"98,9 : 0.1253"
"9,99 : 0.8045"
"99,9 : 0.8045"
"10,11 : 0.3905"
"11,10 : 0.3905"
"10,12 : 0.3612"
"12,10 : 0.3612"
"10,13 : 0.1273"
"13,10 : 0.1273"
"10,14 : 0.5523"
"14,10 : 0.5523"
"10,15 : 0.5946"
"15,10 : 0.5946"
"10,16 : 0.2025"
"16,10 : 0.2025"
"10,17 : 0.5096"
"17,10 : 0.5096"
"10,18 : 0.6691"
"18,10 : 0.6691"
"10,19 : 0.3493"
"19,10 : 0.3493"
"10,20 : 0.5652"
"20,10 : 0.5652"
"10,21 : 0.3441"
"21,10 : 0.3441"
"10,22 : 0.577"
"22,10 : 0.577"
"10,23 : 0.3276"
"23,10 : 0.3276"
"10,24 : 0.2062"
"24,10 : 0.2062"
"10,25 : 0.178"
"25,10 : 0.178"
"10,26 : 0.2907"
"26,10 : 0.2907"
"10,27 : 0.1389"
"27,10 : 0.1389"
"10,28 : 0.4366"
"28,10 : 0.4366"
"10,29 : 0.6162"
"29,10 : 0.6162"
"10,30 : 0.7004"
"30,10 : 0.7004"
"10,31 : 0.3406"
"31,10 : 0.3406"
"10,32 : 0.566"
"32,10 : 0.566"
"10,33 : 0.4738"
"33,10 : 0.4738"
"10,34 : 0.2843"
"34,10 : 0.2843"
"10,35 : 0.5664"
"35,10 : 0.5664"
"10,36 : 0.6428"
"36,10 : 0.6428"
"10,37 : 0.3513"
"37,10 : 0.3513"
"10,38 : 0.5814"
"38,10 : 0.5814"
"10,39 : 0.6243"
"39,10 : 0.6243"
"10,40 : 0.6485"
"40,10 : 0.6485"
"10,41 : 0.8402"
"41,10 : 0.8402"
"10,42 : 0.3102"
"42,10 : 0.3102"
"10,43 : 0.5385"
"43,10 : 0.5385"
"10,44 : 0.1118"
"44,10 : 0.1118"
"10,45 : 0.2267"
"45,10 : 0.2267"
"10,46 : 0.6592"
"46,10 : 0.6592"
"10,47 : 0.5962"
"47,10 : 0.5962"
"10,48 : 0.2441"
"48,10 : 0.2441"
"10,49 : 0.2302"
"49,10 : 0.2302"
"10,50 : 0.5142"
"50,10 : 0.5142"
"10,51 : 0.4669"
"51,10 : 0.4669"
"10,52 : 0.336"
"52,10 : 0.336"
"10,53 : 0.1772"
"53,10 : 0.1772"
"10,54 : 0.514"
"54,10 : 0.514"
"10,55 : 0.2"
"55,10 : 0.2"
"10,56 : 0.3008"
"56,10 : 0.3008"
"10,57 : 0.5808"
"57,10 : 0.5808"
"10,58 : 0.7654"
"58,10 : 0.7654"
"10,59 : 0.8028"
"59,10 : 0.8028"
"10,60 : 0.2002"
"60,10 : 0.2002"
"10,61 : 0.8184"
"61,10 : 0.8184"
"10,62 : 0.5324"
"62,10 : 0.5324"
"10,63 : 0.2596"
"63,10 : 0.2596"
"10,64 : 0.7368"
"64,10 : 0.7368"
"10,65 : 0.4817"
"65,10 : 0.4817"
"10,66 : 0.4565"
"66,10 : 0.4565"
"10,67 : 0.103"
"67,10 : 0.103"
"10,68 : 0.8115"
"68,10 : 0.8115"
"10,69 : 0.3946"
"69,10 : 0.3946"
"10,70 : 0.191"
"70,10 : 0.191"
"10,71 : 0.5376"
"71,10 : 0.5376"
"10,72 : 0.2506"
"72,10 : 0.2506"
"10,73 : 0.408"
"73,10 : 0.408"
"10,74 : 0.2997"
"74,10 : 0.2997"
"10,75 : 0.1628"
"75,10 : 0.1628"
"10,76 : 0.4701"
"76,10 : 0.4701"
"10,77 : 0.6825"
"77,10 : 0.6825"
"10,78 : 0.3801"
"78,10 : 0.3801"
"10,79 : 0.5349"
"79,10 : 0.5349"
"10,80 : 0.6401"
"80,10 : 0.6401"
"10,81 : 0.1404"
"81,10 : 0.1404"
"10,82 : 0.2683"
"82,10 : 0.2683"
"10,83 : 0.4442"
"83,10 : 0.4442"
"10,84 : 0.3689"
"84,10 : 0.3689"
"10,85 : 0.397"
"85,10 : 0.397"
"10,86 : 0.5544"
"86,10 : 0.5544"
"10,87 : 0.7424"
"87,10 : 0.7424"
"10,88 : 0.272"
"88,10 : 0.272"
"10,89 : 0.5727"
"89,10 : 0.5727"
"10,90 : 0.446"
"90,10 : 0.446"
"10,91 : 0.3833"
"91,10 : 0.3833"
"10,92 : 0.6389"
"92,10 : 0.6389"
"10,93 : 0.524"
"93,10 : 0.524"
"10,94 : 0.2285"
"94,10 : 0.2285"
"10,95 : 0.191"
"95,10 : 0.191"
"10,96 : 0.8161"
"96,10 : 0.8161"
"10,97 : 0.114"
"97,10 : 0.114"
"10,98 : 0.6555"
"98,10 : 0.6555"
"10,99 : 0.3002"
"99,10 : 0.3002"
"11,12 : 0.1217"
"12,11 : 0.1217"
"11,13 : 0.29"
"13,11 : 0.29"
"11,14 : 0.461"
"14,11 : 0.461"
"11,15 : 0.3506"
"15,11 : 0.3506"
"11,16 : 0.5547"
"16,11 : 0.5547"
"11,17 : 0.1208"
"17,11 : 0.1208"
"11,18 : 0.2807"
"18,11 : 0.2807"
"11,19 : 0.5686"
"19,11 : 0.5686"
"11,20 : 0.278"
"20,11 : 0.278"
"11,21 : 0.3068"
"21,11 : 0.3068"
"11,22 : 0.3677"
"22,11 : 0.3677"
"11,23 : 0.6088"
"23,11 : 0.6088"
"11,24 : 0.5148"
"24,11 : 0.5148"
"11,25 : 0.5413"
"25,11 : 0.5413"
"11,26 : 0.5376"
"26,11 : 0.5376"
"11,27 : 0.451"
"27,11 : 0.451"
"11,28 : 0.5504"
"28,11 : 0.5504"
"11,29 : 0.3712"
"29,11 : 0.3712"
"11,30 : 0.3114"
"30,11 : 0.3114"
"11,31 : 0.3848"
"31,11 : 0.3848"
"11,32 : 0.2326"
"32,11 : 0.2326"
"11,33 : 0.1749"
"33,11 : 0.1749"
"11,34 : 0.3138"
"34,11 : 0.3138"
"11,35 : 0.2927"
"35,11 : 0.2927"
"11,36 : 0.3002"
"36,11 : 0.3002"
"11,37 : 0.6014"
"37,11 : 0.6014"
"11,38 : 0.2961"
"38,11 : 0.2961"
"11,39 : 0.4428"
"39,11 : 0.4428"
"11,40 : 0.26"
"40,11 : 0.26"
"11,41 : 0.5131"
"41,11 : 0.5131"
"11,42 : 0.1063"
"42,11 : 0.1063"
"11,43 : 0.6748"
"43,11 : 0.6748"
"11,44 : 0.495"
"44,11 : 0.495"
"11,45 : 0.5903"
"45,11 : 0.5903"
"11,46 : 0.4105"
"46,11 : 0.4105"
"11,47 : 0.3624"
"47,11 : 0.3624"
"11,48 : 0.6239"
"48,11 : 0.6239"
"11,49 : 0.3956"
"49,11 : 0.3956"
"11,50 : 0.2419"
"50,11 : 0.2419"
"11,51 : 0.1879"
"51,11 : 0.1879"
"11,52 : 0.6826"
"52,11 : 0.6826"
"11,53 : 0.4201"
"53,11 : 0.4201"
"11,54 : 0.222"
"54,11 : 0.222"
"11,55 : 0.3956"
"55,11 : 0.3956"
"11,56 : 0.5967"
"56,11 : 0.5967"
"11,57 : 0.2332"
"57,11 : 0.2332"
"11,58 : 0.377"
"58,11 : 0.377"
"11,59 : 0.4837"
"59,11 : 0.4837"
"11,60 : 0.4052"
"60,11 : 0.4052"
"11,61 : 0.494"
"61,11 : 0.494"
"11,62 : 0.55"
"62,11 : 0.55"
"11,63 : 0.564"
"63,11 : 0.564"
"11,64 : 0.3493"
"64,11 : 0.3493"
"11,65 : 0.2309"
"65,11 : 0.2309"
"11,66 : 0.6754"
"66,11 : 0.6754"
"11,67 : 0.2927"
"67,11 : 0.2927"
"11,68 : 0.4305"
"68,11 : 0.4305"
"11,69 : 0.5769"
"69,11 : 0.5769"
"11,70 : 0.255"
"70,11 : 0.255"
"11,71 : 0.4801"
"71,11 : 0.4801"
"11,72 : 0.264"
"72,11 : 0.264"
"11,73 : 0.397"
"73,11 : 0.397"
"11,74 : 0.4383"
"74,11 : 0.4383"
"11,75 : 0.3421"
"75,11 : 0.3421"
"11,76 : 0.2002"
"76,11 : 0.2002"
"11,77 : 0.5412"
"77,11 : 0.5412"
"11,78 : 0.08"
"78,11 : 0.08"
"11,79 : 0.7021"
"79,11 : 0.7021"
"11,80 : 0.2786"
"80,11 : 0.2786"
"11,81 : 0.4528"
"81,11 : 0.4528"
"11,82 : 0.1432"
"82,11 : 0.1432"
"11,83 : 0.7701"
"83,11 : 0.7701"
"11,84 : 0.2983"
"84,11 : 0.2983"
"11,85 : 0.2419"
"85,11 : 0.2419"
"11,86 : 0.2335"
"86,11 : 0.2335"
"11,87 : 0.5131"
"87,11 : 0.5131"
"11,88 : 0.3448"
"88,11 : 0.3448"
"11,89 : 0.5371"
"89,11 : 0.5371"
"11,90 : 0.3932"
"90,11 : 0.3932"
"11,91 : 0.5385"
"91,11 : 0.5385"
"11,92 : 0.3384"
"92,11 : 0.3384"
"11,93 : 0.2602"
"93,11 : 0.2602"
"11,94 : 0.2476"
"94,11 : 0.2476"
"11,95 : 0.2433"
"95,11 : 0.2433"
"11,96 : 0.4801"
"96,11 : 0.4801"
"11,97 : 0.4031"
"97,11 : 0.4031"
"11,98 : 0.2746"
"98,11 : 0.2746"
"11,99 : 0.5515"
"99,11 : 0.5515"
"12,13 : 0.2955"
"13,12 : 0.2955"
"12,14 : 0.3437"
"14,12 : 0.3437"
"12,15 : 0.4717"
"15,12 : 0.4717"
"12,16 : 0.4904"
"16,12 : 0.4904"
"12,17 : 0.214"
"17,12 : 0.214"
"12,18 : 0.3311"
"18,12 : 0.3311"
"12,19 : 0.6103"
"19,12 : 0.6103"
"12,20 : 0.2147"
"20,12 : 0.2147"
"12,21 : 0.1879"
"21,12 : 0.1879"
"12,22 : 0.272"
"22,12 : 0.272"
"12,23 : 0.5187"
"23,12 : 0.5187"
"12,24 : 0.5255"
"24,12 : 0.5255"
"12,25 : 0.4827"
"25,12 : 0.4827"
"12,26 : 0.5694"
"26,12 : 0.5694"
"12,27 : 0.4554"
"27,12 : 0.4554"
"12,28 : 0.4342"
"28,12 : 0.4342"
"12,29 : 0.4925"
"29,12 : 0.4925"
"12,30 : 0.3625"
"30,12 : 0.3625"
"12,31 : 0.2693"
"31,12 : 0.2693"
"12,32 : 0.3511"
"32,12 : 0.3511"
"12,33 : 0.114"
"33,12 : 0.114"
"12,34 : 0.2052"
"34,12 : 0.2052"
"12,35 : 0.4144"
"35,12 : 0.4144"
"12,36 : 0.2816"
"36,12 : 0.2816"
"12,37 : 0.5045"
"37,12 : 0.5045"
"12,38 : 0.4177"
"38,12 : 0.4177"
"12,39 : 0.5608"
"39,12 : 0.5608"
"12,40 : 0.3406"
"40,12 : 0.3406"
"12,41 : 0.6265"
"41,12 : 0.6265"
"12,42 : 0.064"
"42,12 : 0.064"
"12,43 : 0.7433"
"43,12 : 0.7433"
"12,44 : 0.4727"
"44,12 : 0.4727"
"12,45 : 0.5289"
"45,12 : 0.5289"
"12,46 : 0.333"
"46,12 : 0.333"
"12,47 : 0.2759"
"47,12 : 0.2759"
"12,48 : 0.5707"
"48,12 : 0.5707"
"12,49 : 0.436"
"49,12 : 0.436"
"12,50 : 0.1664"
"50,12 : 0.1664"
"12,51 : 0.1118"
"51,12 : 0.1118"
"12,52 : 0.6093"
"52,12 : 0.6093"
"12,53 : 0.3401"
"53,12 : 0.3401"
"12,54 : 0.3437"
"54,12 : 0.3437"
"12,55 : 0.4272"
"55,12 : 0.4272"
"12,56 : 0.5111"
"56,12 : 0.5111"
"12,57 : 0.22"
"57,12 : 0.22"
"12,58 : 0.4522"
"58,12 : 0.4522"
"12,59 : 0.5993"
"59,12 : 0.5993"
"12,60 : 0.4357"
"60,12 : 0.4357"
"12,61 : 0.6083"
"61,12 : 0.6083"
"12,62 : 0.6401"
"62,12 : 0.6401"
"12,63 : 0.483"
"63,12 : 0.483"
"12,64 : 0.428"
"64,12 : 0.428"
"12,65 : 0.35"
"65,12 : 0.35"
"12,66 : 0.722"
"66,12 : 0.722"
"12,67 : 0.2816"
"67,12 : 0.2816"
"12,68 : 0.5174"
"68,12 : 0.5174"
"12,69 : 0.4686"
"69,12 : 0.4686"
"12,70 : 0.286"
"70,12 : 0.286"
"12,71 : 0.3601"
"71,12 : 0.3601"
"12,72 : 0.1664"
"72,12 : 0.1664"
"12,73 : 0.4837"
"73,12 : 0.4837"
"12,74 : 0.3324"
"74,12 : 0.3324"
"12,75 : 0.2657"
"75,12 : 0.2657"
"12,76 : 0.3202"
"76,12 : 0.3202"
"12,77 : 0.4346"
"77,12 : 0.4346"
"12,78 : 0.0447"
"78,12 : 0.0447"
"12,79 : 0.7638"
"79,12 : 0.7638"
"12,80 : 0.2807"
"80,12 : 0.2807"
"12,81 : 0.386"
"81,12 : 0.386"
"12,82 : 0.1921"
"82,12 : 0.1921"
"12,83 : 0.686"
"83,12 : 0.686"
"12,84 : 0.1772"
"84,12 : 0.1772"
"12,85 : 0.3448"
"85,12 : 0.3448"
"12,86 : 0.1942"
"86,12 : 0.1942"
"12,87 : 0.4314"
"87,12 : 0.4314"
"12,88 : 0.4031"
"88,12 : 0.4031"
"12,89 : 0.6369"
"89,12 : 0.6369"
"12,90 : 0.2717"
"90,12 : 0.2717"
"12,91 : 0.428"
"91,12 : 0.428"
"12,92 : 0.4588"
"92,12 : 0.4588"
"12,93 : 0.3812"
"93,12 : 0.3812"
"12,94 : 0.1616"
"94,12 : 0.1616"
"12,95 : 0.272"
"95,12 : 0.272"
"12,96 : 0.5917"
"96,12 : 0.5917"
"12,97 : 0.3396"
"97,12 : 0.3396"
"12,98 : 0.368"
"98,12 : 0.368"
"12,99 : 0.458"
"99,12 : 0.458"
"13,14 : 0.5604"
"14,13 : 0.5604"
"13,15 : 0.4675"
"15,13 : 0.4675"
"13,16 : 0.328"
"16,13 : 0.328"
"13,17 : 0.4031"
"17,13 : 0.4031"
"13,18 : 0.5704"
"18,13 : 0.5704"
"13,19 : 0.3253"
"19,13 : 0.3253"
"13,20 : 0.5099"
"20,13 : 0.5099"
"13,21 : 0.3467"
"21,13 : 0.3467"
"13,22 : 0.5482"
"22,13 : 0.5482"
"13,23 : 0.4401"
