x,y
0.48,0.61
0.89,0.68
0.08,0.98
0.65,0.6
0.31,0.93
0.8,0.18
0.97,0.83
0.28,0.85
0.19,0.11
0.5,0.25
0.55,0.75
0.7,0.6
0.4,0.72
0.18,0.15
0.83,0.63
0.51,0.41
0.59,0.49
0.33,0.33
0.47,0.68
1.0,0.06
0.57,0.31
0.68,0.34
0.75,0.85
0.39,0.09
0.92,0.4
0.95,0.97
0.93,0.75
0.75,0.85
0.39,0.19
0.89,0.79
0.58,0.91
0.79,0.77
0.08,0.51
1.0,0.6
0.2,0.81
0.77,0.6
0.92,0.4
0.0,0.66
0.96,0.23
1.0,0.44
0.83,0.9
0.06,0.81
0.19,0.07
0.68,0.04
0.37,0.01
0.02,0.22
0.62,0.53
0.61,0.05
0.53,0.32
0.88,0.55
0.81,0.79
0.12,0.07
0.03,0.77
0.2,0.44
0.29,0.35
0.12,0.84
0.52,0.97
0.12,0.51
0.27,0.05
0.89,0.47
0.52,0.07
0.07,0.81
0.0,0.4
0.95,0.13
0.84,0.54
0.91,0.93
0.26,0.89
0.11,0.12
0.58,0.15
0.65,0.93
0.63,0.78
0.16,0.02
0.38,0.57
0.94,0.75
0.15,0.27
0.39,0.58
0.23,0.8
0.85,0.28
0.69,0.06
0.63,0.07
0.84,0.49
0.89,0.8
0.75,0.12
0.54,0.5
0.58,0.69
0.77,0.83
0.37,0.12
0.15,0.94
0.16,0.62
0.37,0.97
0.05,0.61
0.86,0.87
0.61,0.37
0.66,0.23
0.99,0.54
0.36,0.57
0.03,0.93
0.83,0.22
0.57,0.01
0.63,0.61

Distanze
"0,1 : 0.4159"
"1,0 : 0.4159"
"0,2 : 0.5449"
"2,0 : 0.5449"
"0,3 : 0.1703"
"3,0 : 0.1703"
"0,4 : 0.3624"
"4,0 : 0.3624"
"0,5 : 0.536"
"5,0 : 0.536"
"0,6 : 0.5371"
"6,0 : 0.5371"
"0,7 : 0.3124"
"7,0 : 0.3124"
"0,8 : 0.578"
"8,0 : 0.578"
"0,9 : 0.3606"
"9,0 : 0.3606"
"0,10 : 0.1565"
"10,0 : 0.1565"
"0,11 : 0.2202"
"11,0 : 0.2202"
"0,12 : 0.136"
"12,0 : 0.136"
"0,13 : 0.5492"
"13,0 : 0.5492"
"0,14 : 0.3506"
"14,0 : 0.3506"
"0,15 : 0.2022"
"15,0 : 0.2022"
"0,16 : 0.1628"
"16,0 : 0.1628"
"0,17 : 0.3176"
"17,0 : 0.3176"
"0,18 : 0.0707"
"18,0 : 0.0707"
"0,19 : 0.7569"
"19,0 : 0.7569"
"0,20 : 0.3132"
"20,0 : 0.3132"
"0,21 : 0.336"
"21,0 : 0.336"
"0,22 : 0.3612"
"22,0 : 0.3612"
"0,23 : 0.5277"
"23,0 : 0.5277"
"0,24 : 0.4875"
"24,0 : 0.4875"
"0,25 : 0.592"
"25,0 : 0.592"
"0,26 : 0.4713"
"26,0 : 0.4713"
"0,27 : 0.3612"
"27,0 : 0.3612"
"0,28 : 0.4295"
"28,0 : 0.4295"
"0,29 : 0.4478"
"29,0 : 0.4478"
"0,30 : 0.3162"
"30,0 : 0.3162"
"0,31 : 0.3489"
"31,0 : 0.3489"
"0,32 : 0.4123"
"32,0 : 0.4123"
"0,33 : 0.5201"
"33,0 : 0.5201"
"0,34 : 0.3441"
"34,0 : 0.3441"
"0,35 : 0.2902"
"35,0 : 0.2902"
"0,36 : 0.4875"
"36,0 : 0.4875"
"0,37 : 0.4826"
"37,0 : 0.4826"
"0,38 : 0.6122"
"38,0 : 0.6122"
"0,39 : 0.5471"
"39,0 : 0.5471"
"0,40 : 0.4545"
"40,0 : 0.4545"
"0,41 : 0.4652"
"41,0 : 0.4652"
"0,42 : 0.6129"
"42,0 : 0.6129"
"0,43 : 0.6041"
"43,0 : 0.6041"
"0,44 : 0.61"
"44,0 : 0.61"
"0,45 : 0.6031"
"45,0 : 0.6031"
"0,46 : 0.1612"
"46,0 : 0.1612"
"0,47 : 0.5749"
"47,0 : 0.5749"
"0,48 : 0.2943"
"48,0 : 0.2943"
"0,49 : 0.4045"
"49,0 : 0.4045"
"0,50 : 0.3759"
"50,0 : 0.3759"
"0,51 : 0.649"
"51,0 : 0.649"
"0,52 : 0.4776"
"52,0 : 0.4776"
"0,53 : 0.3276"
"53,0 : 0.3276"
"0,54 : 0.322"
"54,0 : 0.322"
"0,55 : 0.4272"
"55,0 : 0.4272"
"0,56 : 0.3622"
"56,0 : 0.3622"
"0,57 : 0.3736"
"57,0 : 0.3736"
"0,58 : 0.5981"
"58,0 : 0.5981"
"0,59 : 0.4332"
"59,0 : 0.4332"
"0,60 : 0.5415"
"60,0 : 0.5415"
"0,61 : 0.4562"
"61,0 : 0.4562"
"0,62 : 0.5239"
"62,0 : 0.5239"
"0,63 : 0.6718"
"63,0 : 0.6718"
"0,64 : 0.3667"
"64,0 : 0.3667"
"0,65 : 0.536"
"65,0 : 0.536"
"0,66 : 0.3561"
"66,0 : 0.3561"
"0,67 : 0.614"
"67,0 : 0.614"
"0,68 : 0.4707"
"68,0 : 0.4707"
"0,69 : 0.3624"
"69,0 : 0.3624"
"0,70 : 0.2267"
"70,0 : 0.2267"
"0,71 : 0.6712"
"71,0 : 0.6712"
"0,72 : 0.1077"
"72,0 : 0.1077"
"0,73 : 0.4808"
"73,0 : 0.4808"
"0,74 : 0.4738"
"74,0 : 0.4738"
"0,75 : 0.0949"
"75,0 : 0.0949"
"0,76 : 0.314"
"76,0 : 0.314"
"0,77 : 0.4958"
"77,0 : 0.4958"
"0,78 : 0.5887"
"78,0 : 0.5887"
"0,79 : 0.5604"
"79,0 : 0.5604"
"0,80 : 0.3795"
"80,0 : 0.3795"
"0,81 : 0.4519"
"81,0 : 0.4519"
"0,82 : 0.5595"
"82,0 : 0.5595"
"0,83 : 0.1253"
"83,0 : 0.1253"
"0,84 : 0.1281"
"84,0 : 0.1281"
"0,85 : 0.364"
"85,0 : 0.364"
"0,86 : 0.5022"
"86,0 : 0.5022"
"0,87 : 0.4667"
"87,0 : 0.4667"
"0,88 : 0.3202"
"88,0 : 0.3202"
"0,89 : 0.3764"
"89,0 : 0.3764"
"0,90 : 0.43"
"90,0 : 0.43"
"0,91 : 0.4604"
"91,0 : 0.4604"
"0,92 : 0.2729"
"92,0 : 0.2729"
"0,93 : 0.4205"
"93,0 : 0.4205"
"0,94 : 0.5148"
"94,0 : 0.5148"
"0,95 : 0.1265"
"95,0 : 0.1265"
"0,96 : 0.5522"
"96,0 : 0.5522"
"0,97 : 0.524"
"97,0 : 0.524"
"0,98 : 0.6067"
"98,0 : 0.6067"
"0,99 : 0.15"
"99,0 : 0.15"
"1,2 : 0.8638"
"2,1 : 0.8638"
"1,3 : 0.253"
"3,1 : 0.253"
"1,4 : 0.6316"
"4,1 : 0.6316"
"1,5 : 0.508"
"5,1 : 0.508"
"1,6 : 0.17"
"6,1 : 0.17"
"1,7 : 0.6332"
"7,1 : 0.6332"
"1,8 : 0.9027"
"8,1 : 0.9027"
"1,9 : 0.5805"
"9,1 : 0.5805"
"1,10 : 0.3471"
"10,1 : 0.3471"
"1,11 : 0.2062"
"11,1 : 0.2062"
"1,12 : 0.4916"
"12,1 : 0.4916"
"1,13 : 0.886"
"13,1 : 0.886"
"1,14 : 0.0781"
"14,1 : 0.0781"
"1,15 : 0.4662"
"15,1 : 0.4662"
"1,16 : 0.3551"
"16,1 : 0.3551"
"1,17 : 0.6604"
"17,1 : 0.6604"
"1,18 : 0.42"
"18,1 : 0.42"
"1,19 : 0.6297"
"19,1 : 0.6297"
"1,20 : 0.4892"
"20,1 : 0.4892"
"1,21 : 0.3996"
"21,1 : 0.3996"
"1,22 : 0.2202"
"22,1 : 0.2202"
"1,23 : 0.7734"
"23,1 : 0.7734"
"1,24 : 0.2816"
"24,1 : 0.2816"
"1,25 : 0.2961"
"25,1 : 0.2961"
"1,26 : 0.0806"
"26,1 : 0.0806"
"1,27 : 0.2202"
"27,1 : 0.2202"
"1,28 : 0.7001"
"28,1 : 0.7001"
"1,29 : 0.11"
"29,1 : 0.11"
"1,30 : 0.386"
"30,1 : 0.386"
"1,31 : 0.1345"
"31,1 : 0.1345"
"1,32 : 0.8276"
"32,1 : 0.8276"
"1,33 : 0.136"
"33,1 : 0.136"
"1,34 : 0.7021"
"34,1 : 0.7021"
"1,35 : 0.1442"
"35,1 : 0.1442"
"1,36 : 0.2816"
"36,1 : 0.2816"
"1,37 : 0.8902"
"37,1 : 0.8902"
"1,38 : 0.4554"
"38,1 : 0.4554"
"1,39 : 0.264"
"39,1 : 0.264"
"1,40 : 0.228"
"40,1 : 0.228"
"1,41 : 0.8401"
"41,1 : 0.8401"
"1,42 : 0.9285"
"42,1 : 0.9285"
"1,43 : 0.6736"
"43,1 : 0.6736"
"1,44 : 0.8481"
"44,1 : 0.8481"
"1,45 : 0.9841"
"45,1 : 0.9841"
"1,46 : 0.3089"
"46,1 : 0.3089"
"1,47 : 0.6894"
"47,1 : 0.6894"
"1,48 : 0.5091"
"48,1 : 0.5091"
"1,49 : 0.1304"
"49,1 : 0.1304"
"1,50 : 0.136"
"50,1 : 0.136"
"1,51 : 0.9823"
"51,1 : 0.9823"
"1,52 : 0.8647"
"52,1 : 0.8647"
"1,53 : 0.7305"
"53,1 : 0.7305"
"1,54 : 0.6848"
"54,1 : 0.6848"
"1,55 : 0.7864"
"55,1 : 0.7864"
"1,56 : 0.4701"
"56,1 : 0.4701"
"1,57 : 0.7885"
"57,1 : 0.7885"
"1,58 : 0.8839"
"58,1 : 0.8839"
"1,59 : 0.21"
"59,1 : 0.21"
"1,60 : 0.7134"
"60,1 : 0.7134"
"1,61 : 0.8302"
"61,1 : 0.8302"
"1,62 : 0.933"
"62,1 : 0.933"
"1,63 : 0.5533"
"63,1 : 0.5533"
"1,64 : 0.1487"
"64,1 : 0.1487"
"1,65 : 0.2508"
"65,1 : 0.2508"
"1,66 : 0.6641"
"66,1 : 0.6641"
"1,67 : 0.9602"
"67,1 : 0.9602"
"1,68 : 0.614"
"68,1 : 0.614"
"1,69 : 0.3466"
"69,1 : 0.3466"
"1,70 : 0.2786"
"70,1 : 0.2786"
"1,71 : 0.9841"
"71,1 : 0.9841"
"1,72 : 0.5217"
"72,1 : 0.5217"
"1,73 : 0.086"
"73,1 : 0.086"
"1,74 : 0.846"
"74,1 : 0.846"
"1,75 : 0.5099"
"75,1 : 0.5099"
"1,76 : 0.6708"
"76,1 : 0.6708"
"1,77 : 0.402"
"77,1 : 0.402"
"1,78 : 0.6515"
"78,1 : 0.6515"
"1,79 : 0.6631"
"79,1 : 0.6631"
"1,80 : 0.1965"
"80,1 : 0.1965"
"1,81 : 0.12"
"81,1 : 0.12"
"1,82 : 0.5772"
"82,1 : 0.5772"
"1,83 : 0.3936"
"83,1 : 0.3936"
"1,84 : 0.3102"
"84,1 : 0.3102"
"1,85 : 0.1921"
"85,1 : 0.1921"
"1,86 : 0.7642"
"86,1 : 0.7642"
"1,87 : 0.7843"
"87,1 : 0.7843"
"1,88 : 0.7325"
"88,1 : 0.7325"
"1,89 : 0.5954"
"89,1 : 0.5954"
"1,90 : 0.8429"
"90,1 : 0.8429"
"1,91 : 0.1924"
"91,1 : 0.1924"
"1,92 : 0.4177"
"92,1 : 0.4177"
"1,93 : 0.5054"
"93,1 : 0.5054"
"1,94 : 0.172"
"94,1 : 0.172"
"1,95 : 0.5413"
"95,1 : 0.5413"
"1,96 : 0.8956"
"96,1 : 0.8956"
"1,97 : 0.4639"
"97,1 : 0.4639"
"1,98 : 0.7425"
"98,1 : 0.7425"
"1,99 : 0.2693"
"99,1 : 0.2693"
"2,3 : 0.6851"
"3,2 : 0.6851"
"2,4 : 0.2354"
"4,2 : 0.2354"
"2,5 : 1.0763"
"5,2 : 1.0763"
"2,6 : 0.9026"
"6,2 : 0.9026"
"2,7 : 0.2385"
"7,2 : 0.2385"
"2,8 : 0.8769"
"8,2 : 0.8769"
"2,9 : 0.8422"
"9,2 : 0.8422"
"2,10 : 0.5233"
"10,2 : 0.5233"
"2,11 : 0.7272"
"11,2 : 0.7272"
"2,12 : 0.4123"
"12,2 : 0.4123"
"2,13 : 0.836"
"13,2 : 0.836"
"2,14 : 0.8276"
"14,2 : 0.8276"
"2,15 : 0.714"
"15,2 : 0.714"
"2,16 : 0.7072"
"16,2 : 0.7072"
"2,17 : 0.6964"
"17,2 : 0.6964"
"2,18 : 0.492"
"18,2 : 0.492"
"2,19 : 1.3011"
"19,2 : 1.3011"
"2,20 : 0.8301"
"20,2 : 0.8301"
"2,21 : 0.8773"
"21,2 : 0.8773"
"2,22 : 0.6825"
"22,2 : 0.6825"
"2,23 : 0.9424"
"23,2 : 0.9424"
"2,24 : 1.0208"
"24,2 : 1.0208"
"2,25 : 0.8701"
"25,2 : 0.8701"
"2,26 : 0.8806"
"26,2 : 0.8806"
"2,27 : 0.6825"
"27,2 : 0.6825"
"2,28 : 0.8486"
"28,2 : 0.8486"
"2,29 : 0.832"
"29,2 : 0.832"
"2,30 : 0.5049"
"30,2 : 0.5049"
"2,31 : 0.7404"
"31,2 : 0.7404"
"2,32 : 0.47"
"32,2 : 0.47"
"2,33 : 0.9954"
"33,2 : 0.9954"
"2,34 : 0.2081"
"34,2 : 0.2081"
"2,35 : 0.7877"
"35,2 : 0.7877"
"2,36 : 1.0208"
"36,2 : 1.0208"
"2,37 : 0.3298"
"37,2 : 0.3298"
"2,38 : 1.1562"
"38,2 : 1.1562"
"2,39 : 1.0668"
"39,2 : 1.0668"
"2,40 : 0.7543"
"40,2 : 0.7543"
"2,41 : 0.1712"
"41,2 : 0.1712"
"2,42 : 0.9166"
"42,2 : 0.9166"
"2,43 : 1.1152"
"43,2 : 1.1152"
"2,44 : 1.0124"
"44,2 : 1.0124"
"2,45 : 0.7624"
"45,2 : 0.7624"
"2,46 : 0.7029"
"46,2 : 0.7029"
"2,47 : 1.0704"
"47,2 : 1.0704"
"2,48 : 0.7988"
"48,2 : 0.7988"
"2,49 : 0.9082"
"49,2 : 0.9082"
"2,50 : 0.7543"
"50,2 : 0.7543"
"2,51 : 0.9109"
"51,2 : 0.9109"
"2,52 : 0.2159"
"52,2 : 0.2159"
"2,53 : 0.5532"
"53,2 : 0.5532"
"2,54 : 0.6641"
"54,2 : 0.6641"
"2,55 : 0.1456"
"55,2 : 0.1456"
"2,56 : 0.4401"
"56,2 : 0.4401"
"2,57 : 0.4717"
"57,2 : 0.4717"
"2,58 : 0.9492"
"58,2 : 0.9492"
"2,59 : 0.9572"
"59,2 : 0.9572"
"2,60 : 1.0108"
"60,2 : 1.0108"
"2,61 : 0.1703"
"61,2 : 0.1703"
"2,62 : 0.5855"
"62,2 : 0.5855"
"2,63 : 1.2163"
"63,2 : 1.2163"
"2,64 : 0.8782"
"64,2 : 0.8782"
"2,65 : 0.8315"
"65,2 : 0.8315"
"2,66 : 0.2012"
"66,2 : 0.2012"
"2,67 : 0.8605"
"67,2 : 0.8605"
"2,68 : 0.969"
"68,2 : 0.969"
"2,69 : 0.5722"
"69,2 : 0.5722"
"2,70 : 0.5852"
"70,2 : 0.5852"
"2,71 : 0.9633"
"71,2 : 0.9633"
"2,72 : 0.508"
"72,2 : 0.508"
"2,73 : 0.8902"
"73,2 : 0.8902"
"2,74 : 0.7134"
"74,2 : 0.7134"
"2,75 : 0.5061"
"75,2 : 0.5061"
"2,76 : 0.2343"
"76,2 : 0.2343"
"2,77 : 1.0406"
"77,2 : 1.0406"
"2,78 : 1.1039"
"78,2 : 1.1039"
"2,79 : 1.0633"
"79,2 : 1.0633"
"2,80 : 0.9043"
"80,2 : 0.9043"
"2,81 : 0.8298"
"81,2 : 0.8298"
"2,82 : 1.0902"
"82,2 : 1.0902"
"2,83 : 0.6648"
"83,2 : 0.6648"
"2,84 : 0.578"
"84,2 : 0.578"
"2,85 : 0.7061"
"85,2 : 0.7061"
"2,86 : 0.9076"
"86,2 : 0.9076"
"2,87 : 0.0806"
"87,2 : 0.0806"
"2,88 : 0.3688"
"88,2 : 0.3688"
"2,89 : 0.2902"
"89,2 : 0.2902"
"2,90 : 0.3712"
"90,2 : 0.3712"
"2,91 : 0.7877"
"91,2 : 0.7877"
"2,92 : 0.8081"
"92,2 : 0.8081"
"2,93 : 0.9481"
"93,2 : 0.9481"
"2,94 : 1.0108"
"94,2 : 1.0108"
"2,95 : 0.4965"
"95,2 : 0.4965"
"2,96 : 0.0707"
"96,2 : 0.0707"
"2,97 : 1.0678"
"97,2 : 1.0678"
"2,98 : 1.0867"
"98,2 : 1.0867"
"2,99 : 0.6629"
"99,2 : 0.6629"
"3,4 : 0.4738"
"4,3 : 0.4738"
"3,5 : 0.446"
"5,3 : 0.446"
"3,6 : 0.3941"
"6,3 : 0.3941"
"3,7 : 0.4465"
"7,3 : 0.4465"
"3,8 : 0.6721"
"8,3 : 0.6721"
"3,9 : 0.3808"
"9,3 : 0.3808"
"3,10 : 0.1803"
"10,3 : 0.1803"
"3,11 : 0.05"
"11,3 : 0.05"
"3,12 : 0.2773"
"12,3 : 0.2773"
"3,13 : 0.6507"
"13,3 : 0.6507"
"3,14 : 0.1825"
"14,3 : 0.1825"
"3,15 : 0.236"
"15,3 : 0.236"
"3,16 : 0.1253"
"16,3 : 0.1253"
"3,17 : 0.4187"
"17,3 : 0.4187"
"3,18 : 0.197"
"18,3 : 0.197"
"3,19 : 0.6435"
"19,3 : 0.6435"
"3,20 : 0.3008"
"20,3 : 0.3008"
"3,21 : 0.2617"
"21,3 : 0.2617"
"3,22 : 0.2693"
"22,3 : 0.2693"
"3,23 : 0.5725"
"23,3 : 0.5725"
"3,24 : 0.336"
"24,3 : 0.336"
"3,25 : 0.4763"
"25,3 : 0.4763"
"3,26 : 0.3176"
"26,3 : 0.3176"
"3,27 : 0.2693"
"27,3 : 0.2693"
"3,28 : 0.4855"
"28,3 : 0.4855"
"3,29 : 0.3061"
"29,3 : 0.3061"
"3,30 : 0.3178"
"30,3 : 0.3178"
"3,31 : 0.2202"
"31,3 : 0.2202"
"3,32 : 0.5771"
"32,3 : 0.5771"
"3,33 : 0.35"
"33,3 : 0.35"
"3,34 : 0.4966"
"34,3 : 0.4966"
"3,35 : 0.12"
"35,3 : 0.12"
"3,36 : 0.336"
"36,3 : 0.336"
"3,37 : 0.6528"
"37,3 : 0.6528"
"3,38 : 0.4827"
"38,3 : 0.4827"
"3,39 : 0.3848"
"39,3 : 0.3848"
"3,40 : 0.3499"
"40,3 : 0.3499"
"3,41 : 0.6263"
"41,3 : 0.6263"
"3,42 : 0.7018"
"42,3 : 0.7018"
"3,43 : 0.5608"
"43,3 : 0.5608"
"3,44 : 0.6531"
"44,3 : 0.6531"
"3,45 : 0.7357"
"45,3 : 0.7357"
"3,46 : 0.0762"
"46,3 : 0.0762"
"3,47 : 0.5515"
"47,3 : 0.5515"
"3,48 : 0.3046"
"48,3 : 0.3046"
"3,49 : 0.2354"
"49,3 : 0.2354"
"3,50 : 0.2484"
"50,3 : 0.2484"
"3,51 : 0.7495"
"51,3 : 0.7495"
"3,52 : 0.6429"
"52,3 : 0.6429"
"3,53 : 0.4776"
"53,3 : 0.4776"
"3,54 : 0.4383"
"54,3 : 0.4383"
"3,55 : 0.5818"
"55,3 : 0.5818"
"3,56 : 0.3922"
"56,3 : 0.3922"
"3,57 : 0.5376"
"57,3 : 0.5376"
"3,58 : 0.6685"
"58,3 : 0.6685"
"3,59 : 0.2729"
"59,3 : 0.2729"
"3,60 : 0.5457"
"60,3 : 0.5457"
"3,61 : 0.6168"
"61,3 : 0.6168"
"3,62 : 0.6801"
"62,3 : 0.6801"
"3,63 : 0.5576"
"63,3 : 0.5576"
"3,64 : 0.1992"
"64,3 : 0.1992"
"3,65 : 0.4201"
"65,3 : 0.4201"
"3,66 : 0.486"
"66,3 : 0.486"
"3,67 : 0.7225"
"67,3 : 0.7225"
"3,68 : 0.4554"
"68,3 : 0.4554"
"3,69 : 0.33"
"69,3 : 0.33"
"3,70 : 0.1811"
"70,3 : 0.1811"
"3,71 : 0.7593"
"71,3 : 0.7593"
"3,72 : 0.2717"
"72,3 : 0.2717"
"3,73 : 0.3265"
"73,3 : 0.3265"
"3,74 : 0.5991"
"74,3 : 0.5991"
"3,75 : 0.2608"
"75,3 : 0.2608"
"3,76 : 0.4652"
"76,3 : 0.4652"
"3,77 : 0.3774"
"77,3 : 0.3774"
"3,78 : 0.5415"
"78,3 : 0.5415"
"3,79 : 0.5304"
"79,3 : 0.5304"
"3,80 : 0.2195"
"80,3 : 0.2195"
"3,81 : 0.3124"
"81,3 : 0.3124"
"3,82 : 0.4903"
"82,3 : 0.4903"
"3,83 : 0.1487"
"83,3 : 0.1487"
"3,84 : 0.114"
"84,3 : 0.114"
"3,85 : 0.2594"
"85,3 : 0.2594"
"3,86 : 0.5557"
"86,3 : 0.5557"
"3,87 : 0.6046"
"87,3 : 0.6046"
"3,88 : 0.4904"
"88,3 : 0.4904"
"3,89 : 0.464"
"89,3 : 0.464"
"3,90 : 0.6001"
"90,3 : 0.6001"
"3,91 : 0.3421"
"91,3 : 0.3421"
"3,92 : 0.2335"
"92,3 : 0.2335"
"3,93 : 0.3701"
"93,3 : 0.3701"
"3,94 : 0.3453"
"94,3 : 0.3453"
"3,95 : 0.2915"
"95,3 : 0.2915"
"3,96 : 0.7024"
"96,3 : 0.7024"
"3,97 : 0.4205"
"97,3 : 0.4205"
"3,98 : 0.5954"
"98,3 : 0.5954"
"3,99 : 0.0224"
"99,3 : 0.0224"
"4,5 : 0.8959"
"5,4 : 0.8959"
"4,6 : 0.6675"
"6,4 : 0.6675"
"4,7 : 0.0854"
"7,4 : 0.0854"
"4,8 : 0.8287"
"8,4 : 0.8287"
"4,9 : 0.706"
"9,4 : 0.706"
"4,10 : 0.3"
"10,4 : 0.3"
"4,11 : 0.5109"
"11,4 : 0.5109"
"4,12 : 0.2285"
"12,4 : 0.2285"
"4,13 : 0.7908"
"13,4 : 0.7908"
"4,14 : 0.6003"
"14,4 : 0.6003"
"4,15 : 0.5571"
"15,4 : 0.5571"
"4,16 : 0.5215"
"16,4 : 0.5215"
"4,17 : 0.6003"
"17,4 : 0.6003"
"4,18 : 0.2968"
"18,4 : 0.2968"
"4,19 : 1.1104"
"19,4 : 1.1104"
"4,20 : 0.6723"
"20,4 : 0.6723"
"4,21 : 0.6964"
"21,4 : 0.6964"
"4,22 : 0.4472"
"22,4 : 0.4472"
"4,23 : 0.8438"
"23,4 : 0.8438"
"4,24 : 0.8081"
"24,4 : 0.8081"
"4,25 : 0.6412"
"25,4 : 0.6412"
"4,26 : 0.6456"
"26,4 : 0.6456"
"4,27 : 0.4472"
"27,4 : 0.4472"
"4,28 : 0.7443"
"28,4 : 0.7443"
"4,29 : 0.5967"
"29,4 : 0.5967"
"4,30 : 0.2707"
"30,4 : 0.2707"
"4,31 : 0.506"
"31,4 : 0.506"
"4,32 : 0.4789"
"32,4 : 0.4789"
"4,33 : 0.7649"
"33,4 : 0.7649"
"4,34 : 0.1628"
"34,4 : 0.1628"
"4,35 : 0.5661"
"35,4 : 0.5661"
"4,36 : 0.8081"
"36,4 : 0.8081"
"4,37 : 0.4111"
"37,4 : 0.4111"
"4,38 : 0.9552"
"38,4 : 0.9552"
"4,39 : 0.8463"
"39,4 : 0.8463"
"4,40 : 0.5209"
"40,4 : 0.5209"
"4,41 : 0.2773"
"41,4 : 0.2773"
"4,42 : 0.8683"
"42,4 : 0.8683"
"4,43 : 0.9638"
"43,4 : 0.9638"
"4,44 : 0.922"
"44,4 : 0.922"
"4,45 : 0.7669"
"45,4 : 0.7669"
"4,46 : 0.5061"
"46,4 : 0.5061"
"4,47 : 0.9297"
"47,4 : 0.9297"
"4,48 : 0.6485"
"48,4 : 0.6485"
"4,49 : 0.6851"
"49,4 : 0.6851"
"4,50 : 0.5192"
"50,4 : 0.5192"
"4,51 : 0.8807"
"51,4 : 0.8807"
"4,52 : 0.3225"
"52,4 : 0.3225"
"4,53 : 0.5022"
"53,4 : 0.5022"
"4,54 : 0.5803"
"54,4 : 0.5803"
"4,55 : 0.2102"
"55,4 : 0.2102"
"4,56 : 0.2138"
"56,4 : 0.2138"
"4,57 : 0.461"
"57,4 : 0.461"
"4,58 : 0.8809"
"58,4 : 0.8809"
"4,59 : 0.7403"
"59,4 : 0.7403"
"4,60 : 0.8853"
"60,4 : 0.8853"
"4,61 : 0.2683"
"61,4 : 0.2683"
"4,62 : 0.614"
"62,4 : 0.614"
"4,63 : 1.0245"
"63,4 : 1.0245"
"4,64 : 0.658"
"64,4 : 0.658"
"4,65 : 0.6"
"65,4 : 0.6"
"4,66 : 0.064"
"66,4 : 0.064"
"4,67 : 0.8343"
"67,4 : 0.8343"
"4,68 : 0.8254"
"68,4 : 0.8254"
"4,69 : 0.34"
"69,4 : 0.34"
"4,70 : 0.3534"
"70,4 : 0.3534"
"4,71 : 0.9223"
"71,4 : 0.9223"
"4,72 : 0.3667"
"72,4 : 0.3667"
"4,73 : 0.6552"
"73,4 : 0.6552"
"4,74 : 0.6791"
"74,4 : 0.6791"
"4,75 : 0.359"
"75,4 : 0.359"
"4,76 : 0.1526"
"76,4 : 0.1526"
"4,77 : 0.845"
"77,4 : 0.845"
"4,78 : 0.9494"
"78,4 : 0.9494"
"4,79 : 0.9176"
"79,4 : 0.9176"
"4,80 : 0.6888"
"80,4 : 0.6888"
"4,81 : 0.5944"
"81,4 : 0.5944"
"4,82 : 0.9218"
"82,4 : 0.9218"
"4,83 : 0.4876"
"83,4 : 0.4876"
"4,84 : 0.3612"
"84,4 : 0.3612"
"4,85 : 0.4707"
"85,4 : 0.4707"
"4,86 : 0.8122"
"86,4 : 0.8122"
"4,87 : 0.1603"
"87,4 : 0.1603"
"4,88 : 0.3444"
"88,4 : 0.3444"
"4,89 : 0.0721"
"89,4 : 0.0721"
"4,90 : 0.4123"
"90,4 : 0.4123"
"4,91 : 0.5533"
"91,4 : 0.5533"
"4,92 : 0.6353"
"92,4 : 0.6353"
"4,93 : 0.7826"
"93,4 : 0.7826"
"4,94 : 0.7839"
"94,4 : 0.7839"
"4,95 : 0.3635"
"95,4 : 0.3635"
"4,96 : 0.28"
"96,4 : 0.28"
"4,97 : 0.8801"
"97,4 : 0.8801"
"4,98 : 0.956"
"98,4 : 0.956"
"4,99 : 0.4525"
"99,4 : 0.4525"
"5,6 : 0.6719"
"6,5 : 0.6719"
"5,7 : 0.8481"
"7,5 : 0.8481"
"5,8 : 0.614"
"8,5 : 0.614"
"5,9 : 0.3081"
"9,5 : 0.3081"
"5,10 : 0.6224"
"10,5 : 0.6224"
"5,11 : 0.4317"
"11,5 : 0.4317"
"5,12 : 0.672"
"12,5 : 0.672"
"5,13 : 0.6207"
"13,5 : 0.6207"
"5,14 : 0.451"
"14,5 : 0.451"
"5,15 : 0.3701"
"15,5 : 0.3701"
"5,16 : 0.3744"
"16,5 : 0.3744"
"5,17 : 0.4934"
"17,5 : 0.4934"
"5,18 : 0.5991"
"18,5 : 0.5991"
"5,19 : 0.2332"
"19,5 : 0.2332"
"5,20 : 0.2642"
"20,5 : 0.2642"
"5,21 : 0.2"
"21,5 : 0.2"
"5,22 : 0.6719"
"22,5 : 0.6719"
"5,23 : 0.4198"
"23,5 : 0.4198"
"5,24 : 0.2506"
"24,5 : 0.2506"
"5,25 : 0.8041"
"25,5 : 0.8041"
"5,26 : 0.5846"
"26,5 : 0.5846"
"5,27 : 0.6719"
"27,5 : 0.6719"
"5,28 : 0.4101"
"28,5 : 0.4101"
"5,29 : 0.6166"
"29,5 : 0.6166"
"5,30 : 0.7624"
"30,5 : 0.7624"
"5,31 : 0.5901"
"31,5 : 0.5901"
"5,32 : 0.792"
"32,5 : 0.792"
"5,33 : 0.4652"
"33,5 : 0.4652"
"5,34 : 0.87"
"34,5 : 0.87"
"5,35 : 0.4211"
"35,5 : 0.4211"
"5,36 : 0.2506"
"36,5 : 0.2506"
"5,37 : 0.933"
"37,5 : 0.933"
"5,38 : 0.1676"
"38,5 : 0.1676"
"5,39 : 0.328"
"39,5 : 0.328"
"5,40 : 0.7206"
"40,5 : 0.7206"
"5,41 : 0.9719"
"41,5 : 0.9719"
"5,42 : 0.6198"
"42,5 : 0.6198"
"5,43 : 0.1844"
"43,5 : 0.1844"
"5,44 : 0.4624"
"44,5 : 0.4624"
"5,45 : 0.781"
"45,5 : 0.781"
"5,46 : 0.3936"
"46,5 : 0.3936"
"5,47 : 0.2302"
"47,5 : 0.2302"
"5,48 : 0.3041"
"48,5 : 0.3041"
"5,49 : 0.3785"
"49,5 : 0.3785"
"5,50 : 0.6101"
"50,5 : 0.6101"
"5,51 : 0.6888"
"51,5 : 0.6888"
"5,52 : 0.9701"
"52,5 : 0.9701"
"5,53 : 0.6539"
"53,5 : 0.6539"
"5,54 : 0.5376"
"54,5 : 0.5376"
"5,55 : 0.9476"
"55,5 : 0.9476"
"5,56 : 0.8382"
"56,5 : 0.8382"
"5,57 : 0.7558"
"57,5 : 0.7558"
"5,58 : 0.5457"
"58,5 : 0.5457"
"5,59 : 0.3036"
"59,5 : 0.3036"
"5,60 : 0.3008"
"60,5 : 0.3008"
"5,61 : 0.9643"
"61,5 : 0.9643"
"5,62 : 0.8297"
"62,5 : 0.8297"
"5,63 : 0.1581"
"63,5 : 0.1581"
"5,64 : 0.3622"
"64,5 : 0.3622"
"5,65 : 0.758"
"65,5 : 0.758"
"5,66 : 0.892"
"66,5 : 0.892"
"5,67 : 0.6926"
"67,5 : 0.6926"
"5,68 : 0.222"
"68,5 : 0.222"
"5,69 : 0.7649"
"69,5 : 0.7649"
"5,70 : 0.6236"
"70,5 : 0.6236"
"5,71 : 0.6597"
"71,5 : 0.6597"
"5,72 : 0.5731"
"72,5 : 0.5731"
"5,73 : 0.5869"
"73,5 : 0.5869"
"5,74 : 0.6562"
"74,5 : 0.6562"
"5,75 : 0.5728"
"75,5 : 0.5728"
"5,76 : 0.8422"
"76,5 : 0.8422"
"5,77 : 0.1118"
"77,5 : 0.1118"
"5,78 : 0.1628"
"78,5 : 0.1628"
"5,79 : 0.2025"
"79,5 : 0.2025"
"5,80 : 0.3126"
"80,5 : 0.3126"
"5,81 : 0.6265"
"81,5 : 0.6265"
"5,82 : 0.0781"
"82,5 : 0.0781"
"5,83 : 0.4123"
"83,5 : 0.4123"
"5,84 : 0.5554"
"84,5 : 0.5554"
"5,85 : 0.6507"
"85,5 : 0.6507"
"5,86 : 0.4342"
"86,5 : 0.4342"
"5,87 : 1.0"
"87,5 : 1.0"
"5,88 : 0.7767"
"88,5 : 0.7767"
"5,89 : 0.8994"
"89,5 : 0.8994"
"5,90 : 0.8645"
"90,5 : 0.8645"
"5,91 : 0.6926"
"91,5 : 0.6926"
"5,92 : 0.2687"
"92,5 : 0.2687"
"5,93 : 0.1487"
"93,5 : 0.1487"
"5,94 : 0.4071"
"94,5 : 0.4071"
"5,95 : 0.588"
"95,5 : 0.588"
"5,96 : 1.0749"
"96,5 : 1.0749"
"5,97 : 0.05"
"97,5 : 0.05"
"5,98 : 0.286"
"98,5 : 0.286"
"5,99 : 0.4624"
"99,5 : 0.4624"
"6,7 : 0.6903"
"7,6 : 0.6903"
"6,8 : 1.0615"
"8,6 : 1.0615"
"6,9 : 0.7465"
"9,6 : 0.7465"
"6,10 : 0.4276"
"10,6 : 0.4276"
"6,11 : 0.3547"
"11,6 : 0.3547"
"6,12 : 0.5805"
"12,6 : 0.5805"
"6,13 : 1.0424"
"13,6 : 1.0424"
"6,14 : 0.2441"
"14,6 : 0.2441"
"6,15 : 0.6229"
"15,6 : 0.6229"
"6,16 : 0.5099"
"16,6 : 0.5099"
"6,17 : 0.8122"
"17,6 : 0.8122"
"6,18 : 0.522"
"18,6 : 0.522"
"6,19 : 0.7706"
"19,6 : 0.7706"
"6,20 : 0.656"
"20,6 : 0.656"
"6,21 : 0.5694"
"21,6 : 0.5694"
"6,22 : 0.2209"
"22,6 : 0.2209"
"6,23 : 0.9402"
"23,6 : 0.9402"
"6,24 : 0.4329"
"24,6 : 0.4329"
"6,25 : 0.1414"
"25,6 : 0.1414"
"6,26 : 0.0894"
"26,6 : 0.0894"
"6,27 : 0.2209"
"27,6 : 0.2209"
"6,28 : 0.8637"
"28,6 : 0.8637"
"6,29 : 0.0894"
"29,6 : 0.0894"
"6,30 : 0.3981"
"30,6 : 0.3981"
"6,31 : 0.1897"
"31,6 : 0.1897"
"6,32 : 0.9458"
"32,6 : 0.9458"
"6,33 : 0.2319"
"33,6 : 0.2319"
"6,34 : 0.7703"
"34,6 : 0.7703"
"6,35 : 0.3048"
"35,6 : 0.3048"
"6,36 : 0.4329"
"36,6 : 0.4329"
"6,37 : 0.9848"
"37,6 : 0.9848"
"6,38 : 0.6001"
"38,6 : 0.6001"
"6,39 : 0.3912"
"39,6 : 0.3912"
"6,40 : 0.1565"
"40,6 : 0.1565"
"6,41 : 0.9102"
"41,6 : 0.9102"
"6,42 : 1.089"
"42,6 : 1.089"
"6,43 : 0.8415"
"43,6 : 0.8415"
"6,44 : 1.0161"
"44,6 : 1.0161"
"6,45 : 1.129"
"45,6 : 1.129"
"6,46 : 0.461"
"46,6 : 0.461"
"6,47 : 0.8591"
"47,6 : 0.8591"
"6,48 : 0.6736"
"48,6 : 0.6736"
"6,49 : 0.2941"
"49,6 : 0.2941"
"6,50 : 0.1649"
"50,6 : 0.1649"
"6,51 : 1.1402"
"51,6 : 1.1402"
"6,52 : 0.9419"
"52,6 : 0.9419"
"6,53 : 0.8631"
"53,6 : 0.8631"
"6,54 : 0.8323"
"54,6 : 0.8323"
"6,55 : 0.8501"
"55,6 : 0.8501"
"6,56 : 0.4713"
"56,6 : 0.4713"
"6,57 : 0.9082"
"57,6 : 0.9082"
"6,58 : 1.048"
"58,6 : 1.048"
"6,59 : 0.3688"
"59,6 : 0.3688"
"6,60 : 0.8832"
"60,6 : 0.8832"
"6,61 : 0.9002"
"61,6 : 0.9002"
"6,62 : 1.061"
"62,6 : 1.061"
"6,63 : 0.7003"
"63,6 : 0.7003"
"6,64 : 0.3178"
"64,6 : 0.3178"
"6,65 : 0.1166"
"65,6 : 0.1166"
"6,66 : 0.7125"
"66,6 : 0.7125"
"6,67 : 1.1152"
"67,6 : 1.1152"
"6,68 : 0.7839"
"68,6 : 0.7839"
"6,69 : 0.3353"
"69,6 : 0.3353"
"6,70 : 0.3437"
"70,6 : 0.3437"
"6,71 : 1.1455"
"71,6 : 1.1455"
"6,72 : 0.6447"
"72,6 : 0.6447"
"6,73 : 0.0854"
"73,6 : 0.0854"
"6,74 : 0.993"
"74,6 : 0.993"
"6,75 : 0.6316"
"75,6 : 0.6316"
"6,76 : 0.7406"
"76,6 : 0.7406"
"6,77 : 0.5629"
"77,6 : 0.5629"
"6,78 : 0.8193"
"78,6 : 0.8193"
"6,79 : 0.8326"
"79,6 : 0.8326"
"6,80 : 0.364"
"80,6 : 0.364"
"6,81 : 0.0854"
"81,6 : 0.0854"
"6,82 : 0.7433"
"82,6 : 0.7433"
"6,83 : 0.542"
"83,6 : 0.542"
"6,84 : 0.4144"
"84,6 : 0.4144"
"6,85 : 0.2"
"85,6 : 0.2"
"6,86 : 0.9296"
"86,6 : 0.9296"
"6,87 : 0.8273"
"87,6 : 0.8273"
"6,88 : 0.8368"
"88,6 : 0.8368"
"6,89 : 0.6161"
"89,6 : 0.6161"
"6,90 : 0.9459"
"90,6 : 0.9459"
"6,91 : 0.117"
"91,6 : 0.117"
"6,92 : 0.5841"
"92,6 : 0.5841"
"6,93 : 0.6754"
"93,6 : 0.6754"
"6,94 : 0.2907"
"94,6 : 0.2907"
"6,95 : 0.6631"
"95,6 : 0.6631"
"6,96 : 0.9453"
"96,6 : 0.9453"
"6,97 : 0.6259"
"97,6 : 0.6259"
"6,98 : 0.9124"
"98,6 : 0.9124"
"6,99 : 0.405"
"99,6 : 0.405"
"7,8 : 0.7455"
"8,7 : 0.7455"
"7,9 : 0.6391"
"9,7 : 0.6391"
"7,10 : 0.2879"
"10,7 : 0.2879"
"7,11 : 0.4888"
"11,7 : 0.4888"
"7,12 : 0.1769"
"12,7 : 0.1769"
"7,13 : 0.7071"
"13,7 : 0.7071"
"7,14 : 0.5924"
"14,7 : 0.5924"
"7,15 : 0.4965"
"15,7 : 0.4965"
"7,16 : 0.4751"
"16,7 : 0.4751"
"7,17 : 0.5224"
"17,7 : 0.5224"
"7,18 : 0.255"
"18,7 : 0.255"
"7,19 : 1.0689"
"19,7 : 1.0689"
"7,20 : 0.6129"
"20,7 : 0.6129"
"7,21 : 0.6482"
"21,7 : 0.6482"
"7,22 : 0.47"
"22,7 : 0.47"
"7,23 : 0.7679"
"23,7 : 0.7679"
"7,24 : 0.7824"
"24,7 : 0.7824"
"7,25 : 0.6807"
"25,7 : 0.6807"
"7,26 : 0.6576"
"26,7 : 0.6576"
"7,27 : 0.47"
"27,7 : 0.47"
"7,28 : 0.6691"
"28,7 : 0.6691"
"7,29 : 0.6129"
"29,7 : 0.6129"
"7,30 : 0.3059"
"30,7 : 0.3059"
"7,31 : 0.5162"
"31,7 : 0.5162"
"7,32 : 0.3945"
"32,7 : 0.3945"
"7,33 : 0.7622"
"33,7 : 0.7622"
"7,34 : 0.0894"
"34,7 : 0.0894"
"7,35 : 0.5501"
"35,7 : 0.5501"
"7,36 : 0.7824"
"36,7 : 0.7824"
"7,37 : 0.3384"
"37,7 : 0.3384"
"7,38 : 0.9202"
"38,7 : 0.9202"
"7,39 : 0.8286"
"39,7 : 0.8286"
"7,40 : 0.5523"
"40,7 : 0.5523"
"7,41 : 0.2236"
"41,7 : 0.2236"
"7,42 : 0.7852"
"42,7 : 0.7852"
"7,43 : 0.9034"
"43,7 : 0.9034"
"7,44 : 0.8448"
"44,7 : 0.8448"
"7,45 : 0.6815"
"45,7 : 0.6815"
"7,46 : 0.4669"
"46,7 : 0.4669"
"7,47 : 0.8654"
"47,7 : 0.8654"
"7,48 : 0.586"
"48,7 : 0.586"
"7,49 : 0.6708"
"49,7 : 0.6708"
"7,50 : 0.5334"
"50,7 : 0.5334"
"7,51 : 0.7962"
"51,7 : 0.7962"
"7,52 : 0.2625"
"52,7 : 0.2625"
"7,53 : 0.4177"
"53,7 : 0.4177"
"7,54 : 0.5001"
"54,7 : 0.5001"
"7,55 : 0.1603"
"55,7 : 0.1603"
"7,56 : 0.2683"
"56,7 : 0.2683"
"7,57 : 0.3758"
"57,7 : 0.3758"
"7,58 : 0.8001"
"58,7 : 0.8001"
"7,59 : 0.7187"
"59,7 : 0.7187"
"7,60 : 0.8161"
"60,7 : 0.8161"
"7,61 : 0.2138"
"61,7 : 0.2138"
"7,62 : 0.53"
"62,7 : 0.53"
"7,63 : 0.9835"
"63,7 : 0.9835"
"7,64 : 0.6401"
"64,7 : 0.6401"
"7,65 : 0.6351"
"65,7 : 0.6351"
"7,66 : 0.0447"
"66,7 : 0.0447"
"7,67 : 0.7495"
"67,7 : 0.7495"
"7,68 : 0.7616"
"68,7 : 0.7616"
"7,69 : 0.3785"
"69,7 : 0.3785"
"7,70 : 0.3569"
"70,7 : 0.3569"
"7,71 : 0.8386"
"71,7 : 0.8386"
"7,72 : 0.2973"
"72,7 : 0.2973"
"7,73 : 0.6675"
"73,7 : 0.6675"
"7,74 : 0.5944"
"74,7 : 0.5944"
"7,75 : 0.2915"
"75,7 : 0.2915"
"7,76 : 0.0707"
"76,7 : 0.0707"
"7,77 : 0.8061"
"77,7 : 0.8061"
"7,78 : 0.8901"
"78,7 : 0.8901"
"7,79 : 0.8549"
"79,7 : 0.8549"
"7,80 : 0.6657"
"80,7 : 0.6657"
"7,81 : 0.612"
"81,7 : 0.612"
"7,82 : 0.8682"
"82,7 : 0.8682"
"7,83 : 0.436"
"83,7 : 0.436"
"7,84 : 0.34"
"84,7 : 0.34"
"7,85 : 0.4904"
"85,7 : 0.4904"
"7,86 : 0.7355"
"86,7 : 0.7355"
"7,87 : 0.1581"
"87,7 : 0.1581"
"7,88 : 0.2594"
"88,7 : 0.2594"
"7,89 : 0.15"
"89,7 : 0.15"
"7,90 : 0.3324"
"90,7 : 0.3324"
"7,91 : 0.5803"
"91,7 : 0.5803"
"7,92 : 0.5825"
"92,7 : 0.5825"
"7,93 : 0.7272"
"93,7 : 0.7272"
"7,94 : 0.7747"
"94,7 : 0.7747"
"7,95 : 0.2912"
"95,7 : 0.2912"
"7,96 : 0.2625"
"96,7 : 0.2625"
"7,97 : 0.8363"
"97,7 : 0.8363"
"7,98 : 0.8887"
"98,7 : 0.8887"
"7,99 : 0.4244"
"99,7 : 0.4244"
"8,9 : 0.3401"
"9,8 : 0.3401"
"8,10 : 0.7343"
"10,8 : 0.7343"
"8,11 : 0.7072"
"11,8 : 0.7072"
"8,12 : 0.6451"
"12,8 : 0.6451"
"8,13 : 0.0412"
"13,8 : 0.0412"
"8,14 : 0.8246"
"14,8 : 0.8246"
"8,15 : 0.4386"
"15,8 : 0.4386"
"8,16 : 0.5517"
"16,8 : 0.5517"
"8,17 : 0.2608"
"17,8 : 0.2608"
"8,18 : 0.6351"
"18,8 : 0.6351"
"8,19 : 0.8115"
"19,8 : 0.8115"
"8,20 : 0.4294"
"20,8 : 0.4294"
"8,21 : 0.5413"
"21,8 : 0.5413"
"8,22 : 0.928"
"22,8 : 0.928"
"8,23 : 0.201"
"23,8 : 0.201"
"8,24 : 0.7855"
"24,8 : 0.7855"
"8,25 : 1.1477"
"25,8 : 1.1477"
"8,26 : 0.9784"
"26,8 : 0.9784"
"8,27 : 0.928"
"27,8 : 0.928"
"8,28 : 0.2154"
"28,8 : 0.2154"
"8,29 : 0.9759"
"29,8 : 0.9759"
"8,30 : 0.89"
"30,8 : 0.89"
"8,31 : 0.892"
"31,8 : 0.892"
"8,32 : 0.4148"
"32,8 : 0.4148"
"8,33 : 0.9467"
"33,8 : 0.9467"
"8,34 : 0.7001"
"34,8 : 0.7001"
"8,35 : 0.7593"
"35,8 : 0.7593"
"8,36 : 0.7855"
"36,8 : 0.7855"
"8,37 : 0.5819"
"37,8 : 0.5819"
"8,38 : 0.7793"
"38,8 : 0.7793"
"8,39 : 0.8746"
"39,8 : 0.8746"
"8,40 : 1.0167"
"40,8 : 1.0167"
"8,41 : 0.712"
"41,8 : 0.712"
"8,42 : 0.04"
"42,8 : 0.04"
"8,43 : 0.495"
"43,8 : 0.495"
"8,44 : 0.2059"
"44,8 : 0.2059"
"8,45 : 0.2025"
"45,8 : 0.2025"
"8,46 : 0.6011"
"46,8 : 0.6011"
"8,47 : 0.4243"
"47,8 : 0.4243"
"8,48 : 0.3996"
"48,8 : 0.3996"
"8,49 : 0.8184"
"49,8 : 0.8184"
"8,50 : 0.9202"
"50,8 : 0.9202"
"8,51 : 0.0806"
"51,8 : 0.0806"
"8,52 : 0.6791"
"52,8 : 0.6791"
"8,53 : 0.3302"
"53,8 : 0.3302"
"8,54 : 0.26"
"54,8 : 0.26"
"8,55 : 0.7333"
"55,8 : 0.7333"
"8,56 : 0.9211"
"56,8 : 0.9211"
"8,57 : 0.4061"
"57,8 : 0.4061"
"8,58 : 0.1"
"58,8 : 0.1"
"8,59 : 0.7871"
"59,8 : 0.7871"
"8,60 : 0.3324"
"60,8 : 0.3324"
"8,61 : 0.7102"
"61,8 : 0.7102"
"8,62 : 0.3467"
"62,8 : 0.3467"
"8,63 : 0.7603"
"63,8 : 0.7603"
"8,64 : 0.7794"
"64,8 : 0.7794"
"8,65 : 1.0912"
"65,8 : 1.0912"
"8,66 : 0.7831"
"66,8 : 0.7831"
"8,67 : 0.0806"
"67,8 : 0.0806"
"8,68 : 0.392"
"68,8 : 0.392"
"8,69 : 0.9402"
"69,8 : 0.9402"
"8,70 : 0.8016"
"70,8 : 0.8016"
"8,71 : 0.0949"
"71,8 : 0.0949"
"8,72 : 0.4977"
"72,8 : 0.4977"
"8,73 : 0.986"
"73,8 : 0.986"
"8,74 : 0.1649"
"74,8 : 0.1649"
"8,75 : 0.5108"
"75,8 : 0.5108"
"8,76 : 0.6912"
"76,8 : 0.6912"
"8,77 : 0.6815"
"77,8 : 0.6815"
"8,78 : 0.5025"
"78,8 : 0.5025"
"8,79 : 0.4418"
"79,8 : 0.4418"
"8,80 : 0.7529"
"80,8 : 0.7529"
"8,81 : 0.9829"
"81,8 : 0.9829"
"8,82 : 0.5601"
"82,8 : 0.5601"
"8,83 : 0.524"
"83,8 : 0.524"
"8,84 : 0.6989"
"84,8 : 0.6989"
"8,85 : 0.9246"
"85,8 : 0.9246"
"8,86 : 0.1803"
"86,8 : 0.1803"
"8,87 : 0.831"
"87,8 : 0.831"
"8,88 : 0.5109"
"88,8 : 0.5109"
"8,89 : 0.8786"
"89,8 : 0.8786"
"8,90 : 0.5192"
"90,8 : 0.5192"
"8,91 : 1.0132"
"91,8 : 1.0132"
"8,92 : 0.494"
"92,8 : 0.494"
"8,93 : 0.4851"
"93,8 : 0.4851"
"8,94 : 0.9082"
"94,8 : 0.9082"
"8,95 : 0.4904"
"95,8 : 0.4904"
"8,96 : 0.8355"
"96,8 : 0.8355"
"8,97 : 0.6494"
"97,8 : 0.6494"
"8,98 : 0.3929"
"98,8 : 0.3929"
"8,99 : 0.666"
"99,8 : 0.666"
"9,10 : 0.5025"
"10,9 : 0.5025"
"9,11 : 0.4031"
"11,9 : 0.4031"
"9,12 : 0.4805"
"12,9 : 0.4805"
"9,13 : 0.3353"
"13,9 : 0.3353"
"9,14 : 0.5033"
"14,9 : 0.5033"
"9,15 : 0.1603"
"15,9 : 0.1603"
"9,16 : 0.2563"
"16,9 : 0.2563"
"9,17 : 0.1879"
"17,9 : 0.1879"
"9,18 : 0.431"
"18,9 : 0.431"
"9,19 : 0.5349"
"19,9 : 0.5349"
"9,20 : 0.0922"
"20,9 : 0.0922"
"9,21 : 0.2012"
"21,9 : 0.2012"
"9,22 : 0.65"
"22,9 : 0.65"
"9,23 : 0.1942"
"23,9 : 0.1942"
"9,24 : 0.446"
"24,9 : 0.446"
"9,25 : 0.8491"
"25,9 : 0.8491"
"9,26 : 0.6595"
"26,9 : 0.6595"
"9,27 : 0.65"
"27,9 : 0.65"
"9,28 : 0.1253"
"28,9 : 0.1253"
"9,29 : 0.6661"
"29,9 : 0.6661"
"9,30 : 0.6648"
"30,9 : 0.6648"
"9,31 : 0.5954"
"31,9 : 0.5954"
"9,32 : 0.494"
"32,9 : 0.494"
"9,33 : 0.6103"
"33,9 : 0.6103"
"9,34 : 0.6353"
"34,9 : 0.6353"
"9,35 : 0.442"
"35,9 : 0.442"
"9,36 : 0.446"
"36,9 : 0.446"
"9,37 : 0.6466"
"37,9 : 0.6466"
"9,38 : 0.4604"
"38,9 : 0.4604"
"9,39 : 0.5349"
"39,9 : 0.5349"
"9,40 : 0.729"
"40,9 : 0.729"
"9,41 : 0.7122"
"41,9 : 0.7122"
"9,42 : 0.3585"
"42,9 : 0.3585"
"9,43 : 0.2766"
"43,9 : 0.2766"
"9,44 : 0.2729"
"44,9 : 0.2729"
"9,45 : 0.4809"
"45,9 : 0.4809"
"9,46 : 0.3046"
"46,9 : 0.3046"
"9,47 : 0.2283"
"47,9 : 0.2283"
"9,48 : 0.0762"
"48,9 : 0.0762"
"9,49 : 0.4841"
"49,9 : 0.4841"
"9,50 : 0.6227"
"50,9 : 0.6227"
"9,51 : 0.4205"
"51,9 : 0.4205"
"9,52 : 0.7009"
"52,9 : 0.7009"
"9,53 : 0.3551"
"53,9 : 0.3551"
"9,54 : 0.2326"
"54,9 : 0.2326"
"9,55 : 0.7018"
"55,9 : 0.7018"
"9,56 : 0.7203"
"56,9 : 0.7203"
"9,57 : 0.4604"
"57,9 : 0.4604"
"9,58 : 0.3048"
"58,9 : 0.3048"
"9,59 : 0.4478"
"59,9 : 0.4478"
"9,60 : 0.1811"
"60,9 : 0.1811"
"9,61 : 0.706"
"61,9 : 0.706"
"9,62 : 0.522"
"62,9 : 0.522"
"9,63 : 0.4657"
"63,9 : 0.4657"
"9,64 : 0.4469"
"64,9 : 0.4469"
"9,65 : 0.794"
"65,9 : 0.794"
"9,66 : 0.6835"
"66,9 : 0.6835"
"9,67 : 0.4111"
"67,9 : 0.4111"
"9,68 : 0.1281"
"68,9 : 0.1281"
"9,69 : 0.6963"
"69,9 : 0.6963"
"9,70 : 0.5457"
"70,9 : 0.5457"
"9,71 : 0.4105"
"71,9 : 0.4105"
"9,72 : 0.3418"
"72,9 : 0.3418"
"9,73 : 0.666"
"73,9 : 0.666"
"9,74 : 0.3506"
"74,9 : 0.3506"
"9,75 : 0.3479"
"75,9 : 0.3479"
"9,76 : 0.6127"
"76,9 : 0.6127"
"9,77 : 0.3513"
"77,9 : 0.3513"
"9,78 : 0.2687"
"78,9 : 0.2687"
"9,79 : 0.222"
"79,9 : 0.222"
"9,80 : 0.4162"
"80,9 : 0.4162"
"9,81 : 0.6742"
"81,9 : 0.6742"
"9,82 : 0.2818"
"82,9 : 0.2818"
"9,83 : 0.2532"
"83,9 : 0.2532"
"9,84 : 0.4472"
"84,9 : 0.4472"
"9,85 : 0.6398"
"85,9 : 0.6398"
"9,86 : 0.1838"
"86,9 : 0.1838"
"9,87 : 0.7737"
"87,9 : 0.7737"
"9,88 : 0.5025"
"88,9 : 0.5025"
"9,89 : 0.7316"
"89,9 : 0.7316"
"9,90 : 0.5763"
"90,9 : 0.5763"
"9,91 : 0.7169"
"91,9 : 0.7169"
"9,92 : 0.1628"
"92,9 : 0.1628"
"9,93 : 0.1612"
"93,9 : 0.1612"
"9,94 : 0.5694"
"94,9 : 0.5694"
"9,95 : 0.3493"
"95,9 : 0.3493"
"9,96 : 0.8266"
"96,9 : 0.8266"
"9,97 : 0.3314"
"97,9 : 0.3314"
"9,98 : 0.25"
"98,9 : 0.25"
"9,99 : 0.3828"
"99,9 : 0.3828"
"10,11 : 0.2121"
"11,10 : 0.2121"
"10,12 : 0.153"
"12,10 : 0.153"
"10,13 : 0.7049"
"13,10 : 0.7049"
"10,14 : 0.3046"
"14,10 : 0.3046"
"10,15 : 0.3423"
"15,10 : 0.3423"
"10,16 : 0.2631"
"16,10 : 0.2631"
"10,17 : 0.4741"
"17,10 : 0.4741"
"10,18 : 0.1063"
"18,10 : 0.1063"
"10,19 : 0.8238"
"19,10 : 0.8238"
"10,20 : 0.4405"
"20,10 : 0.4405"
"10,21 : 0.4301"
"21,10 : 0.4301"
"10,22 : 0.2236"
"22,10 : 0.2236"
"10,23 : 0.6791"
"23,10 : 0.6791"
"10,24 : 0.5093"
"24,10 : 0.5093"
"10,25 : 0.4565"
"25,10 : 0.4565"
"10,26 : 0.38"
"26,10 : 0.38"
"10,27 : 0.2236"
"27,10 : 0.2236"
"10,28 : 0.5824"
"28,10 : 0.5824"
"10,29 : 0.3423"
"29,10 : 0.3423"
"10,30 : 0.1628"
"30,10 : 0.1628"
"10,31 : 0.2408"
"31,10 : 0.2408"
"10,32 : 0.5277"
"32,10 : 0.5277"
"10,33 : 0.4743"
"33,10 : 0.4743"
"10,34 : 0.3551"
"34,10 : 0.3551"
"10,35 : 0.2663"
"35,10 : 0.2663"
"10,36 : 0.5093"
"36,10 : 0.5093"
"10,37 : 0.5573"
"37,10 : 0.5573"
"10,38 : 0.6622"
"38,10 : 0.6622"
"10,39 : 0.5464"
"39,10 : 0.5464"
"10,40 : 0.3176"
"40,10 : 0.3176"
"10,41 : 0.4937"
"41,10 : 0.4937"
"10,42 : 0.7694"
"42,10 : 0.7694"
"10,43 : 0.7218"
"43,10 : 0.7218"
"10,44 : 0.7616"
"44,10 : 0.7616"
"10,45 : 0.7495"
"45,10 : 0.7495"
"10,46 : 0.2309"
"46,10 : 0.2309"
"10,47 : 0.7026"
"47,10 : 0.7026"
"10,48 : 0.4305"
"48,10 : 0.4305"
"10,49 : 0.3859"
"49,10 : 0.3859"
"10,50 : 0.2631"
"50,10 : 0.2631"
"10,51 : 0.8045"
"51,10 : 0.8045"
"10,52 : 0.5204"
"52,10 : 0.5204"
"10,53 : 0.4675"
"53,10 : 0.4675"
"10,54 : 0.4771"
"54,10 : 0.4771"
"10,55 : 0.4393"
"55,10 : 0.4393"
"10,56 : 0.222"
"56,10 : 0.222"
"10,57 : 0.4924"
"57,10 : 0.4924"
"10,58 : 0.7539"
"58,10 : 0.7539"
"10,59 : 0.4405"
"59,10 : 0.4405"
"10,60 : 0.6807"
"60,10 : 0.6807"
"10,61 : 0.4837"
"61,10 : 0.4837"
"10,62 : 0.6519"
"62,10 : 0.6519"
"10,63 : 0.7378"
"63,10 : 0.7378"
"10,64 : 0.3581"
"64,10 : 0.3581"
"10,65 : 0.4025"
"65,10 : 0.4025"
"10,66 : 0.322"
"66,10 : 0.322"
"10,67 : 0.7684"
"67,10 : 0.7684"
"10,68 : 0.6007"
"68,10 : 0.6007"
"10,69 : 0.2059"
"69,10 : 0.2059"
"10,70 : 0.0854"
"70,10 : 0.0854"
"10,71 : 0.8276"
"71,10 : 0.8276"
"10,72 : 0.2476"
"72,10 : 0.2476"
"10,73 : 0.39"
"73,10 : 0.39"
"10,74 : 0.6248"
"74,10 : 0.6248"
"10,75 : 0.2335"
"75,10 : 0.2335"
"10,76 : 0.3239"
"76,10 : 0.3239"
"10,77 : 0.5576"
"77,10 : 0.5576"
"10,78 : 0.7041"
"78,10 : 0.7041"
"10,79 : 0.6847"
"79,10 : 0.6847"
"10,80 : 0.3895"
"80,10 : 0.3895"
"10,81 : 0.3437"
"81,10 : 0.3437"
"10,82 : 0.661"
"82,10 : 0.661"
"10,83 : 0.2502"
"83,10 : 0.2502"
"10,84 : 0.0671"
"84,10 : 0.0671"
"10,85 : 0.2341"
"85,10 : 0.2341"
"10,86 : 0.6552"
"86,10 : 0.6552"
"10,87 : 0.4428"
"87,10 : 0.4428"
"10,88 : 0.4111"
"88,10 : 0.4111"
"10,89 : 0.2843"
"89,10 : 0.2843"
"10,90 : 0.5192"
"90,10 : 0.5192"
"10,91 : 0.3324"
"91,10 : 0.3324"
"10,92 : 0.3847"
"92,10 : 0.3847"
"10,93 : 0.5315"
"93,10 : 0.5315"
"10,94 : 0.4875"
"94,10 : 0.4875"
"10,95 : 0.2617"
"95,10 : 0.2617"
"10,96 : 0.5503"
"96,10 : 0.5503"
"10,97 : 0.5994"
"97,10 : 0.5994"
"10,98 : 0.7403"
"98,10 : 0.7403"
"10,99 : 0.1612"
"99,10 : 0.1612"
"11,12 : 0.3231"
"12,11 : 0.3231"
"11,13 : 0.6877"
"13,11 : 0.6877"
"11,14 : 0.1334"
"14,11 : 0.1334"
"11,15 : 0.2687"
"15,11 : 0.2687"
"11,16 : 0.1556"
"16,11 : 0.1556"
"11,17 : 0.458"
"17,11 : 0.458"
"11,18 : 0.2435"
"18,11 : 0.2435"
"11,19 : 0.6177"
"19,11 : 0.6177"
"11,20 : 0.3178"
"20,11 : 0.3178"
"11,21 : 0.2608"
"21,11 : 0.2608"
"11,22 : 0.255"
"22,11 : 0.255"
"11,23 : 0.5968"
"23,11 : 0.5968"
"11,24 : 0.2973"
"24,11 : 0.2973"
"11,25 : 0.4465"
"25,11 : 0.4465"
"11,26 : 0.2746"
"26,11 : 0.2746"
"11,27 : 0.255"
"27,11 : 0.255"
"11,28 : 0.514"
"28,11 : 0.514"
"11,29 : 0.2687"
"29,11 : 0.2687"
"11,30 : 0.3324"
"30,11 : 0.3324"
"11,31 : 0.1924"
"31,11 : 0.1924"
"11,32 : 0.6265"
"32,11 : 0.6265"
"11,33 : 0.3"
"33,11 : 0.3"
"11,34 : 0.5423"
"34,11 : 0.5423"
"11,35 : 0.07"
"35,11 : 0.07"
"11,36 : 0.2973"
"36,11 : 0.2973"
"11,37 : 0.7026"
"37,11 : 0.7026"
"11,38 : 0.4522"
"38,11 : 0.4522"
"11,39 : 0.34"
"39,11 : 0.34"
"11,40 : 0.327"
"40,11 : 0.327"
"11,41 : 0.6736"
"41,11 : 0.6736"
"11,42 : 0.7355"
"42,11 : 0.7355"
"11,43 : 0.5604"
"43,11 : 0.5604"
"11,44 : 0.676"
"44,11 : 0.676"
"11,45 : 0.779"
"45,11 : 0.779"
"11,46 : 0.1063"
"46,11 : 0.1063"
"11,47 : 0.5573"
"47,11 : 0.5573"
"11,48 : 0.3276"
"48,11 : 0.3276"
"11,49 : 0.1868"
"49,11 : 0.1868"
"11,50 : 0.2195"
"50,11 : 0.2195"
"11,51 : 0.7857"
"51,11 : 0.7857"
"11,52 : 0.6912"
"52,11 : 0.6912"
"11,53 : 0.525"
"53,11 : 0.525"
"11,54 : 0.4802"
"54,11 : 0.4802"
"11,55 : 0.6277"
"55,11 : 0.6277"
"11,56 : 0.4115"
"56,11 : 0.4115"
"11,57 : 0.5869"
"57,11 : 0.5869"
"11,58 : 0.6981"
"58,11 : 0.6981"
"11,59 : 0.2302"
"59,11 : 0.2302"
"11,60 : 0.5597"
"60,11 : 0.5597"
"11,61 : 0.6641"
"61,11 : 0.6641"
"11,62 : 0.728"
"62,11 : 0.728"
"11,63 : 0.5324"
"63,11 : 0.5324"
"11,64 : 0.1523"
"64,11 : 0.1523"
"11,65 : 0.3912"
"65,11 : 0.3912"
"11,66 : 0.527"
"66,11 : 0.527"
"11,67 : 0.7606"
"67,11 : 0.7606"
"11,68 : 0.4657"
"68,11 : 0.4657"
"11,69 : 0.3338"
"69,11 : 0.3338"
"11,70 : 0.1931"
"70,11 : 0.1931"
"11,71 : 0.7925"
"71,11 : 0.7925"
"11,72 : 0.3214"
"72,11 : 0.3214"
"11,73 : 0.283"
"73,11 : 0.283"
"11,74 : 0.6414"
"74,11 : 0.6414"
"11,75 : 0.3106"
"75,11 : 0.3106"
"11,76 : 0.5108"
"76,11 : 0.5108"
"11,77 : 0.3534"
"77,11 : 0.3534"
"11,78 : 0.5401"
"78,11 : 0.5401"
"11,79 : 0.5346"
"79,11 : 0.5346"
"11,80 : 0.178"
"80,11 : 0.178"
"11,81 : 0.2759"
"81,11 : 0.2759"
"11,82 : 0.4826"
"82,11 : 0.4826"
"11,83 : 0.1887"
"83,11 : 0.1887"
"11,84 : 0.15"
"84,11 : 0.15"
"11,85 : 0.2404"
"85,11 : 0.2404"
"11,86 : 0.5825"
"86,11 : 0.5825"
"11,87 : 0.6466"
"87,11 : 0.6466"
"11,88 : 0.5404"
"88,11 : 0.5404"
"11,89 : 0.4958"
"89,11 : 0.4958"
"11,90 : 0.6501"
"90,11 : 0.6501"
"11,91 : 0.3138"
"91,11 : 0.3138"
"11,92 : 0.247"
"92,11 : 0.247"
"11,93 : 0.3722"
"93,11 : 0.3722"
"11,94 : 0.2961"
"94,11 : 0.2961"
"11,95 : 0.3413"
"95,11 : 0.3413"
"11,96 : 0.7469"
"96,11 : 0.7469"
"11,97 : 0.4016"
"97,11 : 0.4016"
"11,98 : 0.6042"
"98,11 : 0.6042"
"11,99 : 0.0707"
"99,11 : 0.0707"
"12,13 : 0.611"
"13,12 : 0.611"
"12,14 : 0.4393"
"14,12 : 0.4393"
"12,15 : 0.3289"
"15,12 : 0.3289"
"12,16 : 0.2983"
"16,12 : 0.2983"
"12,17 : 0.3962"
"17,12 : 0.3962"
"12,18 : 0.0806"
"18,12 : 0.0806"
"12,19 : 0.892"
"19,12 : 0.892"
"12,20 : 0.4438"
"20,12 : 0.4438"
"12,21 : 0.472"
"21,12 : 0.472"
"12,22 : 0.3734"
"22,12 : 0.3734"
"12,23 : 0.6301"
"23,12 : 0.6301"
"12,24 : 0.6106"
"24,12 : 0.6106"
"12,25 : 0.6042"
"25,12 : 0.6042"
"12,26 : 0.5308"
"26,12 : 0.5308"
"12,27 : 0.3734"
"27,12 : 0.3734"
"12,28 : 0.5301"
"28,12 : 0.5301"
"12,29 : 0.495"
"29,12 : 0.495"
"12,30 : 0.2617"
"30,12 : 0.2617"
"12,31 : 0.3932"
"31,12 : 0.3932"
"12,32 : 0.3828"
"32,12 : 0.3828"
"12,33 : 0.6119"
"33,12 : 0.6119"
"12,34 : 0.2193"
"34,12 : 0.2193"
"12,35 : 0.389"
"35,12 : 0.389"
"12,36 : 0.6106"
"36,12 : 0.6106"
"12,37 : 0.4045"
"37,12 : 0.4045"
"12,38 : 0.7441"
"38,12 : 0.7441"
"12,39 : 0.6621"
"39,12 : 0.6621"
"12,40 : 0.4662"
"40,12 : 0.4662"
"12,41 : 0.3517"
"41,12 : 0.3517"
"12,42 : 0.6831"
"42,12 : 0.6831"
"12,43 : 0.7354"
"43,12 : 0.7354"
"12,44 : 0.7106"
"44,12 : 0.7106"
"12,45 : 0.628"
"45,12 : 0.628"
"12,46 : 0.2907"
"46,12 : 0.2907"
"12,47 : 0.7021"
"47,12 : 0.7021"
"12,48 : 0.4206"
"48,12 : 0.4206"
"12,49 : 0.5092"
"49,12 : 0.5092"
"12,50 : 0.4159"
"50,12 : 0.4159"
"12,51 : 0.7077"
"51,12 : 0.7077"
"12,52 : 0.3734"
"52,12 : 0.3734"
"12,53 : 0.3441"
"53,12 : 0.3441"
"12,54 : 0.386"
"54,12 : 0.386"
"12,55 : 0.3046"
"55,12 : 0.3046"
"12,56 : 0.2773"
"56,12 : 0.2773"
"12,57 : 0.35"
"57,12 : 0.35"
"12,58 : 0.6825"
"58,12 : 0.6825"
"12,59 : 0.5501"
"59,12 : 0.5501"
"12,60 : 0.661"
"60,12 : 0.661"
"12,61 : 0.3421"
"61,12 : 0.3421"
"12,62 : 0.5122"
"62,12 : 0.5122"
"12,63 : 0.8066"
"63,12 : 0.8066"
"12,64 : 0.4754"
"64,12 : 0.4754"
"12,65 : 0.5515"
"65,12 : 0.5515"
"12,66 : 0.2202"
"66,12 : 0.2202"
"12,67 : 0.6664"
"67,12 : 0.6664"
"12,68 : 0.5977"
"68,12 : 0.5977"
"12,69 : 0.3265"
"69,12 : 0.3265"
"12,70 : 0.2377"
"70,12 : 0.2377"
"12,71 : 0.74"
"71,12 : 0.74"
"12,72 : 0.1513"
"72,12 : 0.1513"
"12,73 : 0.5408"
"73,12 : 0.5408"
"12,74 : 0.5148"
"74,12 : 0.5148"
"12,75 : 0.1404"
"75,12 : 0.1404"
"12,76 : 0.1879"
"76,12 : 0.1879"
"12,77 : 0.6294"
"77,12 : 0.6294"
"12,78 : 0.7209"
"78,12 : 0.7209"
"12,79 : 0.6895"
"79,12 : 0.6895"
"12,80 : 0.4965"
"80,12 : 0.4965"
"12,81 : 0.4965"
"81,12 : 0.4965"
"12,82 : 0.6946"
"82,12 : 0.6946"
"12,83 : 0.2608"
"83,12 : 0.2608"
"12,84 : 0.1825"
"84,12 : 0.1825"
"12,85 : 0.386"
"85,12 : 0.386"
"12,86 : 0.6007"
"86,12 : 0.6007"
"12,87 : 0.333"
"87,12 : 0.333"
"12,88 : 0.26"
"88,12 : 0.26"
"12,89 : 0.2518"
"89,12 : 0.2518"
"12,90 : 0.3669"
"90,12 : 0.3669"
"12,91 : 0.4838"
"91,12 : 0.4838"
"12,92 : 0.4082"
"92,12 : 0.4082"
"12,93 : 0.5547"
"93,12 : 0.5547"
"12,94 : 0.6168"
"94,12 : 0.6168"
"12,95 : 0.1552"
"95,12 : 0.1552"
"12,96 : 0.4254"
"96,12 : 0.4254"
"12,97 : 0.6595"
"97,12 : 0.6595"
"12,98 : 0.7301"
"98,12 : 0.7301"
"12,99 : 0.255"
"99,12 : 0.255"
"13,14 : 0.808"
"14,13 : 0.808"
"13,15 : 0.4201"
"15,13 : 0.4201"
"13,16 : 0.5326"
"16,13 : 0.5326"
"13,17 : 0.2343"
"17,13 : 0.2343"
"13,18 : 0.6042"
"18,13 : 0.6042"
"13,19 : 0.8249"
"19,13 : 0.8249"
"13,20 : 0.4215"
"20,13 : 0.4215"
"13,21 : 0.5349"
"21,13 : 0.5349"
"13,22 : 0.9027"
"22,13 : 0.9027"
"13,23 : 0.2184"
