x,y
0.78,0.54
0.7,0.02
0.42,0.77
0.01,0.86
0.75,0.89
0.27,0.52
0.29,0.57
0.82,0.96
0.27,0.71
0.1,0.39
0.06,0.18
0.26,0.78
0.87,0.62
0.67,0.76
0.66,0.66
0.16,0.2
0.41,0.21
0.59,0.24
0.48,0.87
0.61,0.16
0.23,0.79
0.43,0.18
0.64,0.38
0.52,0.74
0.47,0.37
0.53,0.81
0.89,0.78
0.95,0.94
0.54,0.97
0.53,0.32
0.52,0.41
0.5,0.86
0.34,0.5
0.19,0.24
0.6,0.08
0.77,0.68
0.94,0.41
0.39,0.81
0.97,0.81
0.45,0.97
0.15,0.84
0.02,0.73
0.51,0.15
0.78,0.22
0.94,0.3
0.74,0.24
0.16,0.23
0.73,0.75
0.63,0.15
0.4,0.54
0.86,0.43
0.92,0.32
0.63,0.71
0.73,0.81
0.84,0.27
0.49,0.6
0.52,0.8
0.72,0.38
0.54,0.13
0.14,0.62
0.04,0.55
0.44,0.39
0.23,0.8
0.19,0.56
0.05,0.52
0.96,0.95
0.01,0.66
0.33,0.78
0.1,0.09
0.16,0.25
0.27,0.8
0.07,0.92
0.63,0.85
0.69,0.62
0.6,0.62
0.12,0.44
0.03,0.1
0.01,0.82
0.42,0.26
0.16,0.42
0.21,0.42
0.71,0.75
0.84,0.81
0.9,0.19
0.89,0.26
0.41,0.58
0.19,0.85
0.66,0.87
0.34,0.18
0.99,0.53
0.99,0.36
0.52,0.2
0.82,0.8
0.67,0.49
0.41,0.44
0.0,0.13
0.98,0.12
0.54,0.76
0.06,0.17
0.73,1.0

Distanze
"0,1 : 0.5261"
"1,0 : 0.5261"
"0,2 : 0.4272"
"2,0 : 0.4272"
"0,3 : 0.8338"
"3,0 : 0.8338"
"0,4 : 0.3513"
"4,0 : 0.3513"
"0,5 : 0.5104"
"5,0 : 0.5104"
"0,6 : 0.4909"
"6,0 : 0.4909"
"0,7 : 0.4219"
"7,0 : 0.4219"
"0,8 : 0.5376"
"8,0 : 0.5376"
"0,9 : 0.6963"
"9,0 : 0.6963"
"0,10 : 0.805"
"10,0 : 0.805"
"0,11 : 0.5727"
"11,0 : 0.5727"
"0,12 : 0.1204"
"12,0 : 0.1204"
"0,13 : 0.246"
"13,0 : 0.246"
"0,14 : 0.1697"
"14,0 : 0.1697"
"0,15 : 0.7071"
"15,0 : 0.7071"
"0,16 : 0.4958"
"16,0 : 0.4958"
"0,17 : 0.3551"
"17,0 : 0.3551"
"0,18 : 0.446"
"18,0 : 0.446"
"0,19 : 0.4163"
"19,0 : 0.4163"
"0,20 : 0.6042"
"20,0 : 0.6042"
"0,21 : 0.5021"
"21,0 : 0.5021"
"0,22 : 0.2126"
"22,0 : 0.2126"
"0,23 : 0.328"
"23,0 : 0.328"
"0,24 : 0.3536"
"24,0 : 0.3536"
"0,25 : 0.368"
"25,0 : 0.368"
"0,26 : 0.264"
"26,0 : 0.264"
"0,27 : 0.4346"
"27,0 : 0.4346"
"0,28 : 0.4924"
"28,0 : 0.4924"
"0,29 : 0.333"
"29,0 : 0.333"
"0,30 : 0.2907"
"30,0 : 0.2907"
"0,31 : 0.4252"
"31,0 : 0.4252"
"0,32 : 0.4418"
"32,0 : 0.4418"
"0,33 : 0.6619"
"33,0 : 0.6619"
"0,34 : 0.494"
"34,0 : 0.494"
"0,35 : 0.1404"
"35,0 : 0.1404"
"0,36 : 0.2062"
"36,0 : 0.2062"
"0,37 : 0.4743"
"37,0 : 0.4743"
"0,38 : 0.3302"
"38,0 : 0.3302"
"0,39 : 0.542"
"39,0 : 0.542"
"0,40 : 0.6978"
"40,0 : 0.6978"
"0,41 : 0.7834"
"41,0 : 0.7834"
"0,42 : 0.4743"
"42,0 : 0.4743"
"0,43 : 0.32"
"43,0 : 0.32"
"0,44 : 0.2884"
"44,0 : 0.2884"
"0,45 : 0.3027"
"45,0 : 0.3027"
"0,46 : 0.6932"
"46,0 : 0.6932"
"0,47 : 0.2159"
"47,0 : 0.2159"
"0,48 : 0.4179"
"48,0 : 0.4179"
"0,49 : 0.38"
"49,0 : 0.38"
"0,50 : 0.136"
"50,0 : 0.136"
"0,51 : 0.2608"
"51,0 : 0.2608"
"0,52 : 0.2267"
"52,0 : 0.2267"
"0,53 : 0.2746"
"53,0 : 0.2746"
"0,54 : 0.2766"
"54,0 : 0.2766"
"0,55 : 0.2961"
"55,0 : 0.2961"
"0,56 : 0.3677"
"56,0 : 0.3677"
"0,57 : 0.1709"
"57,0 : 0.1709"
"0,58 : 0.4751"
"58,0 : 0.4751"
"0,59 : 0.645"
"59,0 : 0.645"
"0,60 : 0.7401"
"60,0 : 0.7401"
"0,61 : 0.3716"
"61,0 : 0.3716"
"0,62 : 0.6084"
"62,0 : 0.6084"
"0,63 : 0.5903"
"63,0 : 0.5903"
"0,64 : 0.7303"
"64,0 : 0.7303"
"0,65 : 0.4478"
"65,0 : 0.4478"
"0,66 : 0.7793"
"66,0 : 0.7793"
"0,67 : 0.51"
"67,0 : 0.51"
"0,68 : 0.8154"
"68,0 : 0.8154"
"0,69 : 0.6845"
"69,0 : 0.6845"
"0,70 : 0.5725"
"70,0 : 0.5725"
"0,71 : 0.8053"
"71,0 : 0.8053"
"0,72 : 0.3444"
"72,0 : 0.3444"
"0,73 : 0.1204"
"73,0 : 0.1204"
"0,74 : 0.197"
"74,0 : 0.197"
"0,75 : 0.6675"
"75,0 : 0.6675"
"0,76 : 0.8695"
"76,0 : 0.8695"
"0,77 : 0.8193"
"77,0 : 0.8193"
"0,78 : 0.4561"
"78,0 : 0.4561"
"0,79 : 0.6315"
"79,0 : 0.6315"
"0,80 : 0.5825"
"80,0 : 0.5825"
"0,81 : 0.2214"
"81,0 : 0.2214"
"0,82 : 0.2766"
"82,0 : 0.2766"
"0,83 : 0.37"
"83,0 : 0.37"
"0,84 : 0.3008"
"84,0 : 0.3008"
"0,85 : 0.3722"
"85,0 : 0.3722"
"0,86 : 0.6665"
"86,0 : 0.6665"
"0,87 : 0.3511"
"87,0 : 0.3511"
"0,88 : 0.5685"
"88,0 : 0.5685"
"0,89 : 0.2102"
"89,0 : 0.2102"
"0,90 : 0.2766"
"90,0 : 0.2766"
"0,91 : 0.428"
"91,0 : 0.428"
"0,92 : 0.2631"
"92,0 : 0.2631"
"0,93 : 0.1208"
"93,0 : 0.1208"
"0,94 : 0.3833"
"94,0 : 0.3833"
"0,95 : 0.8812"
"95,0 : 0.8812"
"0,96 : 0.4652"
"96,0 : 0.4652"
"0,97 : 0.3256"
"97,0 : 0.3256"
"0,98 : 0.8095"
"98,0 : 0.8095"
"0,99 : 0.4627"
"99,0 : 0.4627"
"1,2 : 0.8006"
"2,1 : 0.8006"
"1,3 : 1.0871"
"3,1 : 1.0871"
"1,4 : 0.8714"
"4,1 : 0.8714"
"1,5 : 0.6595"
"5,1 : 0.6595"
"1,6 : 0.686"
"6,1 : 0.686"
"1,7 : 0.9476"
"7,1 : 0.9476"
"1,8 : 0.813"
"8,1 : 0.813"
"1,9 : 0.7049"
"9,1 : 0.7049"
"1,10 : 0.6597"
"10,1 : 0.6597"
"1,11 : 0.8782"
"11,1 : 0.8782"
"1,12 : 0.6236"
"12,1 : 0.6236"
"1,13 : 0.7406"
"13,1 : 0.7406"
"1,14 : 0.6412"
"14,1 : 0.6412"
"1,15 : 0.5692"
"15,1 : 0.5692"
"1,16 : 0.3467"
"16,1 : 0.3467"
"1,17 : 0.246"
"17,1 : 0.246"
"1,18 : 0.878"
"18,1 : 0.878"
"1,19 : 0.1664"
"19,1 : 0.1664"
"1,20 : 0.9021"
"20,1 : 0.9021"
"1,21 : 0.3138"
"21,1 : 0.3138"
"1,22 : 0.365"
"22,1 : 0.365"
"1,23 : 0.7422"
"23,1 : 0.7422"
"1,24 : 0.4188"
"24,1 : 0.4188"
"1,25 : 0.8081"
"25,1 : 0.8081"
"1,26 : 0.7834"
"26,1 : 0.7834"
"1,27 : 0.9534"
"27,1 : 0.9534"
"1,28 : 0.9634"
"28,1 : 0.9634"
"1,29 : 0.3448"
"29,1 : 0.3448"
"1,30 : 0.4295"
"30,1 : 0.4295"
"1,31 : 0.8635"
"31,1 : 0.8635"
"1,32 : 0.6"
"32,1 : 0.6"
"1,33 : 0.5554"
"33,1 : 0.5554"
"1,34 : 0.1166"
"34,1 : 0.1166"
"1,35 : 0.6637"
"35,1 : 0.6637"
"1,36 : 0.4579"
"36,1 : 0.4579"
"1,37 : 0.8486"
"37,1 : 0.8486"
"1,38 : 0.8349"
"38,1 : 0.8349"
"1,39 : 0.9823"
"39,1 : 0.9823"
"1,40 : 0.9874"
"40,1 : 0.9874"
"1,41 : 0.9831"
"41,1 : 0.9831"
"1,42 : 0.2302"
"42,1 : 0.2302"
"1,43 : 0.2154"
"43,1 : 0.2154"
"1,44 : 0.3688"
"44,1 : 0.3688"
"1,45 : 0.2236"
"45,1 : 0.2236"
"1,46 : 0.5794"
"46,1 : 0.5794"
"1,47 : 0.7306"
"47,1 : 0.7306"
"1,48 : 0.1476"
"48,1 : 0.1476"
"1,49 : 0.6003"
"49,1 : 0.6003"
"1,50 : 0.4401"
"50,1 : 0.4401"
"1,51 : 0.372"
"51,1 : 0.372"
"1,52 : 0.6935"
"52,1 : 0.6935"
"1,53 : 0.7906"
"53,1 : 0.7906"
"1,54 : 0.2865"
"54,1 : 0.2865"
"1,55 : 0.6168"
"55,1 : 0.6168"
"1,56 : 0.8005"
"56,1 : 0.8005"
"1,57 : 0.3606"
"57,1 : 0.3606"
"1,58 : 0.1942"
"58,1 : 0.1942"
"1,59 : 0.8207"
"59,1 : 0.8207"
"1,60 : 0.8465"
"60,1 : 0.8465"
"1,61 : 0.4522"
"61,1 : 0.4522"
"1,62 : 0.9107"
"62,1 : 0.9107"
"1,63 : 0.7428"
"63,1 : 0.7428"
"1,64 : 0.8201"
"64,1 : 0.8201"
"1,65 : 0.9657"
"65,1 : 0.9657"
"1,66 : 0.9411"
"66,1 : 0.9411"
"1,67 : 0.8453"
"67,1 : 0.8453"
"1,68 : 0.6041"
"68,1 : 0.6041"
"1,69 : 0.5869"
"69,1 : 0.5869"
"1,70 : 0.8907"
"70,1 : 0.8907"
"1,71 : 1.0986"
"71,1 : 1.0986"
"1,72 : 0.8329"
"72,1 : 0.8329"
"1,73 : 0.6001"
"73,1 : 0.6001"
"1,74 : 0.6083"
"74,1 : 0.6083"
"1,75 : 0.7161"
"75,1 : 0.7161"
"1,76 : 0.6748"
"76,1 : 0.6748"
"1,77 : 1.0565"
"77,1 : 1.0565"
"1,78 : 0.3688"
"78,1 : 0.3688"
"1,79 : 0.672"
"79,1 : 0.672"
"1,80 : 0.6325"
"80,1 : 0.6325"
"1,81 : 0.7301"
"81,1 : 0.7301"
"1,82 : 0.8023"
"82,1 : 0.8023"
"1,83 : 0.2625"
"83,1 : 0.2625"
"1,84 : 0.3061"
"84,1 : 0.3061"
"1,85 : 0.6306"
"85,1 : 0.6306"
"1,86 : 0.9742"
"86,1 : 0.9742"
"1,87 : 0.8509"
"87,1 : 0.8509"
"1,88 : 0.394"
"88,1 : 0.394"
"1,89 : 0.5867"
"89,1 : 0.5867"
"1,90 : 0.4469"
"90,1 : 0.4469"
"1,91 : 0.2546"
"91,1 : 0.2546"
"1,92 : 0.7892"
"92,1 : 0.7892"
"1,93 : 0.471"
"93,1 : 0.471"
"1,94 : 0.5104"
"94,1 : 0.5104"
"1,95 : 0.7086"
"95,1 : 0.7086"
"1,96 : 0.2973"
"96,1 : 0.2973"
"1,97 : 0.7571"
"97,1 : 0.7571"
"1,98 : 0.6573"
"98,1 : 0.6573"
"1,99 : 0.9805"
"99,1 : 0.9805"
"2,3 : 0.4198"
"3,2 : 0.4198"
"2,4 : 0.3511"
"4,2 : 0.3511"
"2,5 : 0.2915"
"5,2 : 0.2915"
"2,6 : 0.2385"
"6,2 : 0.2385"
"2,7 : 0.4428"
"7,2 : 0.4428"
"2,8 : 0.1616"
"8,2 : 0.1616"
"2,9 : 0.4968"
"9,2 : 0.4968"
"2,10 : 0.6912"
"10,2 : 0.6912"
"2,11 : 0.1603"
"11,2 : 0.1603"
"2,12 : 0.4743"
"12,2 : 0.4743"
"2,13 : 0.2502"
"13,2 : 0.2502"
"2,14 : 0.264"
"14,2 : 0.264"
"2,15 : 0.6265"
"15,2 : 0.6265"
"2,16 : 0.5601"
"16,2 : 0.5601"
"2,17 : 0.5566"
"17,2 : 0.5566"
"2,18 : 0.1166"
"18,2 : 0.1166"
"2,19 : 0.6389"
"19,2 : 0.6389"
"2,20 : 0.191"
"20,2 : 0.191"
"2,21 : 0.5901"
"21,2 : 0.5901"
"2,22 : 0.4478"
"22,2 : 0.4478"
"2,23 : 0.1044"
"23,2 : 0.1044"
"2,24 : 0.4031"
"24,2 : 0.4031"
"2,25 : 0.117"
"25,2 : 0.117"
"2,26 : 0.4701"
"26,2 : 0.4701"
"2,27 : 0.5566"
"27,2 : 0.5566"
"2,28 : 0.2332"
"28,2 : 0.2332"
"2,29 : 0.4632"
"29,2 : 0.4632"
"2,30 : 0.3736"
"30,2 : 0.3736"
"2,31 : 0.1204"
"31,2 : 0.1204"
"2,32 : 0.2816"
"32,2 : 0.2816"
"2,33 : 0.5778"
"33,2 : 0.5778"
"2,34 : 0.7131"
"34,2 : 0.7131"
"2,35 : 0.3614"
"35,2 : 0.3614"
"2,36 : 0.6325"
"36,2 : 0.6325"
"2,37 : 0.05"
"37,2 : 0.05"
"2,38 : 0.5515"
"38,2 : 0.5515"
"2,39 : 0.2022"
"39,2 : 0.2022"
"2,40 : 0.2789"
"40,2 : 0.2789"
"2,41 : 0.402"
"41,2 : 0.402"
"2,42 : 0.6265"
"42,2 : 0.6265"
"2,43 : 0.6573"
"43,2 : 0.6573"
"2,44 : 0.7009"
"44,2 : 0.7009"
"2,45 : 0.6191"
"45,2 : 0.6191"
"2,46 : 0.5993"
"46,2 : 0.5993"
"2,47 : 0.3106"
"47,2 : 0.3106"
"2,48 : 0.6546"
"48,2 : 0.6546"
"2,49 : 0.2309"
"49,2 : 0.2309"
"2,50 : 0.5561"
"50,2 : 0.5561"
"2,51 : 0.6727"
"51,2 : 0.6727"
"2,52 : 0.2184"
"52,2 : 0.2184"
"2,53 : 0.3126"
"53,2 : 0.3126"
"2,54 : 0.653"
"54,2 : 0.653"
"2,55 : 0.1838"
"55,2 : 0.1838"
"2,56 : 0.1044"
"56,2 : 0.1044"
"2,57 : 0.492"
"57,2 : 0.492"
"2,58 : 0.6512"
"58,2 : 0.6512"
"2,59 : 0.3176"
"59,2 : 0.3176"
"2,60 : 0.4391"
"60,2 : 0.4391"
"2,61 : 0.3805"
"61,2 : 0.3805"
"2,62 : 0.1924"
"62,2 : 0.1924"
"2,63 : 0.3114"
"63,2 : 0.3114"
"2,64 : 0.4465"
"64,2 : 0.4465"
"2,65 : 0.5692"
"65,2 : 0.5692"
"2,66 : 0.4245"
"66,2 : 0.4245"
"2,67 : 0.0906"
"67,2 : 0.0906"
"2,68 : 0.7515"
"68,2 : 0.7515"
"2,69 : 0.5814"
"69,2 : 0.5814"
"2,70 : 0.153"
"70,2 : 0.153"
"2,71 : 0.3808"
"71,2 : 0.3808"
"2,72 : 0.2247"
"72,2 : 0.2247"
"2,73 : 0.3089"
"73,2 : 0.3089"
"2,74 : 0.2343"
"74,2 : 0.2343"
"2,75 : 0.446"
"75,2 : 0.446"
"2,76 : 0.7752"
"76,2 : 0.7752"
"2,77 : 0.413"
"77,2 : 0.413"
"2,78 : 0.51"
"78,2 : 0.51"
"2,79 : 0.436"
"79,2 : 0.436"
"2,80 : 0.4082"
"80,2 : 0.4082"
"2,81 : 0.2907"
"81,2 : 0.2907"
"2,82 : 0.4219"
"82,2 : 0.4219"
"2,83 : 0.7529"
"83,2 : 0.7529"
"2,84 : 0.6935"
"84,2 : 0.6935"
"2,85 : 0.1903"
"85,2 : 0.1903"
"2,86 : 0.2435"
"86,2 : 0.2435"
"2,87 : 0.26"
"87,2 : 0.26"
"2,88 : 0.5954"
"88,2 : 0.5954"
"2,89 : 0.6185"
"89,2 : 0.6185"
"2,90 : 0.7021"
"90,2 : 0.7021"
"2,91 : 0.5787"
"91,2 : 0.5787"
"2,92 : 0.4011"
"92,2 : 0.4011"
"2,93 : 0.3754"
"93,2 : 0.3754"
"2,94 : 0.3302"
"94,2 : 0.3302"
"2,95 : 0.7655"
"95,2 : 0.7655"
"2,96 : 0.858"
"96,2 : 0.858"
"2,97 : 0.1204"
"97,2 : 0.1204"
"2,98 : 0.6997"
"98,2 : 0.6997"
"2,99 : 0.386"
"99,2 : 0.386"
"3,4 : 0.7406"
"4,3 : 0.7406"
"3,5 : 0.428"
"5,3 : 0.428"
"3,6 : 0.4031"
"6,3 : 0.4031"
"3,7 : 0.8161"
"7,3 : 0.8161"
"3,8 : 0.3002"
"8,3 : 0.3002"
"3,9 : 0.4785"
"9,3 : 0.4785"
"3,10 : 0.6818"
"10,3 : 0.6818"
"3,11 : 0.2625"
"11,3 : 0.2625"
"3,12 : 0.8929"
"12,3 : 0.8929"
"3,13 : 0.6675"
"13,3 : 0.6675"
"3,14 : 0.6801"
"14,3 : 0.6801"
"3,15 : 0.6768"
"15,3 : 0.6768"
"3,16 : 0.7632"
"16,3 : 0.7632"
"3,17 : 0.849"
"17,3 : 0.849"
"3,18 : 0.4701"
"18,3 : 0.4701"
"3,19 : 0.922"
"19,3 : 0.922"
"3,20 : 0.2309"
"20,3 : 0.2309"
"3,21 : 0.7992"
"21,3 : 0.7992"
"3,22 : 0.792"
"22,3 : 0.792"
"3,23 : 0.5239"
"23,3 : 0.5239"
"3,24 : 0.6721"
"24,3 : 0.6721"
"3,25 : 0.5224"
"25,3 : 0.5224"
"3,26 : 0.8836"
"26,3 : 0.8836"
"3,27 : 0.9434"
"27,3 : 0.9434"
"3,28 : 0.5413"
"28,3 : 0.5413"
"3,29 : 0.7497"
"29,3 : 0.7497"
"3,30 : 0.6801"
"30,3 : 0.6801"
"3,31 : 0.49"
"31,3 : 0.49"
"3,32 : 0.4884"
"32,3 : 0.4884"
"3,33 : 0.6456"
"33,3 : 0.6456"
"3,34 : 0.978"
"34,3 : 0.978"
"3,35 : 0.781"
"35,3 : 0.781"
"3,36 : 1.0332"
"36,3 : 1.0332"
"3,37 : 0.3833"
"37,3 : 0.3833"
"3,38 : 0.9613"
"38,3 : 0.9613"
"3,39 : 0.4535"
"39,3 : 0.4535"
"3,40 : 0.1414"
"40,3 : 0.1414"
"3,41 : 0.1304"
"41,3 : 0.1304"
"3,42 : 0.8684"
"42,3 : 0.8684"
"3,43 : 1.0012"
"43,3 : 1.0012"
"3,44 : 1.0856"
"44,3 : 1.0856"
"3,45 : 0.9578"
"45,3 : 0.9578"
"3,46 : 0.6476"
"46,3 : 0.6476"
"3,47 : 0.7284"
"47,3 : 0.7284"
"3,48 : 0.9426"
"48,3 : 0.9426"
"3,49 : 0.5045"
"49,3 : 0.5045"
"3,50 : 0.9526"
"50,3 : 0.9526"
"3,51 : 1.0582"
"51,3 : 1.0582"
"3,52 : 0.6379"
"52,3 : 0.6379"
"3,53 : 0.7217"
"53,3 : 0.7217"
"3,54 : 1.0183"
"54,3 : 1.0183"
"3,55 : 0.5459"
"55,3 : 0.5459"
"3,56 : 0.5135"
"56,3 : 0.5135"
"3,57 : 0.857"
"57,3 : 0.857"
"3,58 : 0.9021"
"58,3 : 0.9021"
"3,59 : 0.2729"
"59,3 : 0.2729"
"3,60 : 0.3114"
"60,3 : 0.3114"
"3,61 : 0.637"
"61,3 : 0.637"
"3,62 : 0.228"
"62,3 : 0.228"
"3,63 : 0.3499"
"63,3 : 0.3499"
"3,64 : 0.3423"
"64,3 : 0.3423"
"3,65 : 0.9543"
"65,3 : 0.9543"
"3,66 : 0.2"
"66,3 : 0.2"
"3,67 : 0.3298"
"67,3 : 0.3298"
"3,68 : 0.7752"
"68,3 : 0.7752"
"3,69 : 0.6282"
"69,3 : 0.6282"
"3,70 : 0.2668"
"70,3 : 0.2668"
"3,71 : 0.0849"
"71,3 : 0.0849"
"3,72 : 0.6201"
"72,3 : 0.6201"
"3,73 : 0.7211"
"73,3 : 0.7211"
"3,74 : 0.6369"
"74,3 : 0.6369"
"3,75 : 0.4342"
"75,3 : 0.4342"
"3,76 : 0.7603"
"76,3 : 0.7603"
"3,77 : 0.04"
"77,3 : 0.04"
"3,78 : 0.7267"
"78,3 : 0.7267"
"3,79 : 0.4649"
"79,3 : 0.4649"
"3,80 : 0.4833"
"80,3 : 0.4833"
"3,81 : 0.7086"
"81,3 : 0.7086"
"3,82 : 0.8315"
"82,3 : 0.8315"
"3,83 : 1.114"
"83,3 : 1.114"
"3,84 : 1.0651"
"84,3 : 1.0651"
"3,85 : 0.4883"
"85,3 : 0.4883"
"3,86 : 0.1803"
"86,3 : 0.1803"
"3,87 : 0.6501"
"87,3 : 0.6501"
"3,88 : 0.7558"
"88,3 : 0.7558"
"3,89 : 1.0341"
"89,3 : 1.0341"
"3,90 : 1.1002"
"90,3 : 1.1002"
"3,91 : 0.8341"
"91,3 : 0.8341"
"3,92 : 0.8122"
"92,3 : 0.8122"
"3,93 : 0.7566"
"93,3 : 0.7566"
"3,94 : 0.58"
"94,3 : 0.58"
"3,95 : 0.7301"
"95,3 : 0.7301"
"3,96 : 1.22"
"96,3 : 1.22"
"3,97 : 0.5394"
"97,3 : 0.5394"
"3,98 : 0.6918"
"98,3 : 0.6918"
"3,99 : 0.7335"
"99,3 : 0.7335"
"4,5 : 0.6061"
"5,4 : 0.6061"
"4,6 : 0.5604"
"6,4 : 0.5604"
"4,7 : 0.099"
"7,4 : 0.099"
"4,8 : 0.5126"
"8,4 : 0.5126"
"4,9 : 0.8201"
"9,4 : 0.8201"
"4,10 : 0.9901"
"10,4 : 0.9901"
"4,11 : 0.5022"
"11,4 : 0.5022"
"4,12 : 0.2955"
"12,4 : 0.2955"
"4,13 : 0.1526"
"13,4 : 0.1526"
"4,14 : 0.247"
"14,4 : 0.247"
"4,15 : 0.9079"
"15,4 : 0.9079"
"4,16 : 0.7603"
"16,4 : 0.7603"
"4,17 : 0.6694"
"17,4 : 0.6694"
"4,18 : 0.2707"
"18,4 : 0.2707"
"4,19 : 0.7433"
"19,4 : 0.7433"
"4,20 : 0.5295"
"20,4 : 0.5295"
"4,21 : 0.7788"
"21,4 : 0.7788"
"4,22 : 0.5217"
"22,4 : 0.5217"
"4,23 : 0.2746"
"23,4 : 0.2746"
"4,24 : 0.5906"
"24,4 : 0.5906"
"4,25 : 0.2341"
"25,4 : 0.2341"
"4,26 : 0.178"
"26,4 : 0.178"
"4,27 : 0.2062"
"27,4 : 0.2062"
"4,28 : 0.2247"
"28,4 : 0.2247"
"4,29 : 0.611"
"29,4 : 0.611"
"4,30 : 0.5323"
"30,4 : 0.5323"
"4,31 : 0.2518"
"31,4 : 0.2518"
"4,32 : 0.5659"
"32,4 : 0.5659"
"4,33 : 0.858"
"33,4 : 0.858"
"4,34 : 0.8238"
"34,4 : 0.8238"
"4,35 : 0.211"
"35,4 : 0.211"
"4,36 : 0.5162"
"36,4 : 0.5162"
"4,37 : 0.3688"
"37,4 : 0.3688"
"4,38 : 0.2341"
"38,4 : 0.2341"
"4,39 : 0.3105"
"39,4 : 0.3105"
"4,40 : 0.6021"
"40,4 : 0.6021"
"4,41 : 0.7473"
"41,4 : 0.7473"
"4,42 : 0.7779"
"42,4 : 0.7779"
"4,43 : 0.6707"
"43,4 : 0.6707"
"4,44 : 0.6198"
"44,4 : 0.6198"
"4,45 : 0.6501"
"45,4 : 0.6501"
"4,46 : 0.8853"
"46,4 : 0.8853"
"4,47 : 0.1414"
"47,4 : 0.1414"
"4,48 : 0.7497"
"48,4 : 0.7497"
"4,49 : 0.495"
"49,4 : 0.495"
"4,50 : 0.473"
"50,4 : 0.473"
"4,51 : 0.5948"
"51,4 : 0.5948"
"4,52 : 0.2163"
"52,4 : 0.2163"
"4,53 : 0.0825"
"53,4 : 0.0825"
"4,54 : 0.6265"
"54,4 : 0.6265"
"4,55 : 0.3895"
"55,4 : 0.3895"
"4,56 : 0.247"
"56,4 : 0.247"
"4,57 : 0.5109"
"57,4 : 0.5109"
"4,58 : 0.7885"
"58,4 : 0.7885"
"4,59 : 0.6671"
"59,4 : 0.6671"
"4,60 : 0.7872"
"60,4 : 0.7872"
"4,61 : 0.5883"
"61,4 : 0.5883"
"4,62 : 0.5277"
"62,4 : 0.5277"
"4,63 : 0.65"
"63,4 : 0.65"
"4,64 : 0.7918"
"64,4 : 0.7918"
"4,65 : 0.2184"
"65,4 : 0.2184"
"4,66 : 0.7749"
"66,4 : 0.7749"
"4,67 : 0.4342"
"67,4 : 0.4342"
"4,68 : 1.0308"
"68,4 : 1.0308"
"4,69 : 0.8705"
"69,4 : 0.8705"
"4,70 : 0.4884"
"70,4 : 0.4884"
"4,71 : 0.6807"
"71,4 : 0.6807"
"4,72 : 0.1265"
"72,4 : 0.1265"
"4,73 : 0.2766"
"73,4 : 0.2766"
"4,74 : 0.3089"
"74,4 : 0.3089"
"4,75 : 0.7742"
"75,4 : 0.7742"
"4,76 : 1.0689"
"76,4 : 1.0689"
"4,77 : 0.7433"
"77,4 : 0.7433"
"4,78 : 0.7112"
"78,4 : 0.7112"
"4,79 : 0.7543"
"79,4 : 0.7543"
"4,80 : 0.7159"
"80,4 : 0.7159"
"4,81 : 0.1456"
"81,4 : 0.1456"
"4,82 : 0.1204"
"82,4 : 0.1204"
"4,83 : 0.7159"
"83,4 : 0.7159"
"4,84 : 0.6454"
"84,4 : 0.6454"
"4,85 : 0.4601"
"85,4 : 0.4601"
"4,86 : 0.5614"
"86,4 : 0.5614"
"4,87 : 0.0922"
"87,4 : 0.0922"
"4,88 : 0.8199"
"88,4 : 0.8199"
"4,89 : 0.4327"
"89,4 : 0.4327"
"4,90 : 0.5818"
"90,4 : 0.5818"
"4,91 : 0.7273"
"91,4 : 0.7273"
"4,92 : 0.114"
"92,4 : 0.114"
"4,93 : 0.4079"
"93,4 : 0.4079"
"4,94 : 0.564"
"94,4 : 0.564"
"4,95 : 1.0678"
"95,4 : 1.0678"
"4,96 : 0.8036"
"96,4 : 0.8036"
"4,97 : 0.247"
"97,4 : 0.247"
"4,98 : 0.9972"
"98,4 : 0.9972"
"4,99 : 0.1118"
"99,4 : 0.1118"
"5,6 : 0.0539"
"6,5 : 0.0539"
"5,7 : 0.7043"
"7,5 : 0.7043"
"5,8 : 0.19"
"8,5 : 0.19"
"5,9 : 0.214"
"9,5 : 0.214"
"5,10 : 0.3996"
"10,5 : 0.3996"
"5,11 : 0.2602"
"11,5 : 0.2602"
"5,12 : 0.6083"
"12,5 : 0.6083"
"5,13 : 0.4665"
"13,5 : 0.4665"
"5,14 : 0.4144"
"14,5 : 0.4144"
"5,15 : 0.3384"
"15,5 : 0.3384"
"5,16 : 0.3401"
"16,5 : 0.3401"
"5,17 : 0.4252"
"17,5 : 0.4252"
"5,18 : 0.4082"
"18,5 : 0.4082"
"5,19 : 0.4952"
"19,5 : 0.4952"
"5,20 : 0.2729"
"20,5 : 0.2729"
"5,21 : 0.3758"
"21,5 : 0.3758"
"5,22 : 0.3956"
"22,5 : 0.3956"
"5,23 : 0.333"
"23,5 : 0.333"
"5,24 : 0.25"
"24,5 : 0.25"
"5,25 : 0.3895"
"25,5 : 0.3895"
"5,26 : 0.6723"
"26,5 : 0.6723"
"5,27 : 0.7992"
"27,5 : 0.7992"
"5,28 : 0.5248"
"28,5 : 0.5248"
"5,29 : 0.328"
"29,5 : 0.328"
"5,30 : 0.2731"
"30,5 : 0.2731"
"5,31 : 0.4105"
"31,5 : 0.4105"
"5,32 : 0.0728"
"32,5 : 0.0728"
"5,33 : 0.2912"
"33,5 : 0.2912"
"5,34 : 0.55"
"34,5 : 0.55"
"5,35 : 0.525"
"35,5 : 0.525"
"5,36 : 0.679"
"36,5 : 0.679"
"5,37 : 0.3138"
"37,5 : 0.3138"
"5,38 : 0.7577"
"38,5 : 0.7577"
"5,39 : 0.4847"
"39,5 : 0.4847"
"5,40 : 0.3418"
"40,5 : 0.3418"
"5,41 : 0.3265"
"41,5 : 0.3265"
"5,42 : 0.441"
"42,5 : 0.441"
"5,43 : 0.5917"
"43,5 : 0.5917"
"5,44 : 0.7052"
"44,5 : 0.7052"
"5,45 : 0.5471"
"45,5 : 0.5471"
"5,46 : 0.3102"
"46,5 : 0.3102"
"5,47 : 0.5143"
"47,5 : 0.5143"
"5,48 : 0.5162"
"48,5 : 0.5162"
"5,49 : 0.1315"
"49,5 : 0.1315"
"5,50 : 0.5968"
"50,5 : 0.5968"
"5,51 : 0.6801"
"51,5 : 0.6801"
"5,52 : 0.4071"
"52,5 : 0.4071"
"5,53 : 0.5438"
"53,5 : 0.5438"
"5,54 : 0.6224"
"54,5 : 0.6224"
"5,55 : 0.2341"
"55,5 : 0.2341"
"5,56 : 0.3754"
"56,5 : 0.3754"
"5,57 : 0.4713"
"57,5 : 0.4713"
"5,58 : 0.4743"
"58,5 : 0.4743"
"5,59 : 0.164"
"59,5 : 0.164"
"5,60 : 0.2319"
"60,5 : 0.2319"
"5,61 : 0.214"
"61,5 : 0.214"
"5,62 : 0.2828"
"62,5 : 0.2828"
"5,63 : 0.0894"
"63,5 : 0.0894"
"5,64 : 0.22"
"64,5 : 0.22"
"5,65 : 0.813"
"65,5 : 0.813"
"5,66 : 0.2953"
"66,5 : 0.2953"
"5,67 : 0.2668"
"67,5 : 0.2668"
"5,68 : 0.4624"
"68,5 : 0.4624"
"5,69 : 0.2915"
"69,5 : 0.2915"
"5,70 : 0.28"
"70,5 : 0.28"
"5,71 : 0.4472"
"71,5 : 0.4472"
"5,72 : 0.4884"
"72,5 : 0.4884"
"5,73 : 0.4317"
"73,5 : 0.4317"
"5,74 : 0.3448"
"74,5 : 0.3448"
"5,75 : 0.17"
"75,5 : 0.17"
"5,76 : 0.4837"
"76,5 : 0.4837"
"5,77 : 0.397"
"77,5 : 0.397"
"5,78 : 0.3002"
"78,5 : 0.3002"
"5,79 : 0.1487"
"79,5 : 0.1487"
"5,80 : 0.1166"
"80,5 : 0.1166"
"5,81 : 0.4965"
"81,5 : 0.4965"
"5,82 : 0.6395"
"82,5 : 0.6395"
"5,83 : 0.7112"
"83,5 : 0.7112"
"5,84 : 0.6723"
"84,5 : 0.6723"
"5,85 : 0.1523"
"85,5 : 0.1523"
"5,86 : 0.3396"
"86,5 : 0.3396"
"5,87 : 0.524"
"87,5 : 0.524"
"5,88 : 0.3471"
"88,5 : 0.3471"
"5,89 : 0.7201"
"89,5 : 0.7201"
"5,90 : 0.7376"
"90,5 : 0.7376"
"5,91 : 0.4061"
"91,5 : 0.4061"
"5,92 : 0.6172"
"92,5 : 0.6172"
"5,93 : 0.4011"
"93,5 : 0.4011"
"5,94 : 0.1612"
"94,5 : 0.1612"
"5,95 : 0.4743"
"95,5 : 0.4743"
"5,96 : 0.8149"
"96,5 : 0.8149"
"5,97 : 0.3612"
"97,5 : 0.3612"
"5,98 : 0.4082"
"98,5 : 0.4082"
"5,99 : 0.6648"
"99,5 : 0.6648"
"6,7 : 0.658"
"7,6 : 0.658"
"6,8 : 0.1414"
"8,6 : 0.1414"
"6,9 : 0.2617"
"9,6 : 0.2617"
"6,10 : 0.4528"
"10,6 : 0.4528"
"6,11 : 0.2121"
"11,6 : 0.2121"
"6,12 : 0.5822"
"12,6 : 0.5822"
"6,13 : 0.4249"
"13,6 : 0.4249"
"6,14 : 0.3808"
"14,6 : 0.3808"
"6,15 : 0.3922"
"15,6 : 0.3922"
"6,16 : 0.3795"
"16,6 : 0.3795"
"6,17 : 0.446"
"17,6 : 0.446"
"6,18 : 0.3551"
"18,6 : 0.3551"
"6,19 : 0.5201"
"19,6 : 0.5201"
"6,20 : 0.228"
"20,6 : 0.228"
"6,21 : 0.4144"
"21,6 : 0.4144"
"6,22 : 0.3982"
"22,6 : 0.3982"
"6,23 : 0.286"
"23,6 : 0.286"
"6,24 : 0.2691"
"24,6 : 0.2691"
"6,25 : 0.3394"
"25,6 : 0.3394"
"6,26 : 0.6357"
"26,6 : 0.6357"
"6,27 : 0.7566"
"27,6 : 0.7566"
"6,28 : 0.4717"
"28,6 : 0.4717"
"6,29 : 0.3466"
"29,6 : 0.3466"
"6,30 : 0.2802"
"30,6 : 0.2802"
"6,31 : 0.3581"
"31,6 : 0.3581"
"6,32 : 0.086"
"32,6 : 0.086"
"6,33 : 0.3448"
"33,6 : 0.3448"
"6,34 : 0.5798"
"34,6 : 0.5798"
"6,35 : 0.4924"
"35,6 : 0.4924"
"6,36 : 0.6694"
"36,6 : 0.6694"
"6,37 : 0.26"
"37,6 : 0.26"
"6,38 : 0.7211"
"38,6 : 0.7211"
"6,39 : 0.4308"
"39,6 : 0.4308"
"6,40 : 0.3041"
"40,6 : 0.3041"
"6,41 : 0.3138"
"41,6 : 0.3138"
"6,42 : 0.4741"
"42,6 : 0.4741"
"6,43 : 0.6022"
"43,6 : 0.6022"
"6,44 : 0.7038"
"44,6 : 0.7038"
"6,45 : 0.558"
"45,6 : 0.558"
"6,46 : 0.364"
"46,6 : 0.364"
"6,47 : 0.4754"
"47,6 : 0.4754"
"6,48 : 0.5404"
"48,6 : 0.5404"
"6,49 : 0.114"
"49,6 : 0.114"
"6,50 : 0.5869"
"50,6 : 0.5869"
"6,51 : 0.6778"
"51,6 : 0.6778"
"6,52 : 0.3677"
"52,6 : 0.3677"
"6,53 : 0.5012"
"53,6 : 0.5012"
"6,54 : 0.6265"
"54,6 : 0.6265"
"6,55 : 0.2022"
"55,6 : 0.2022"
"6,56 : 0.3253"
"56,6 : 0.3253"
"6,57 : 0.4701"
"57,6 : 0.4701"
"6,58 : 0.5061"
"58,6 : 0.5061"
"6,59 : 0.1581"
"59,6 : 0.1581"
"6,60 : 0.2508"
"60,6 : 0.2508"
"6,61 : 0.2343"
"61,6 : 0.2343"
"6,62 : 0.2377"
"62,6 : 0.2377"
"6,63 : 0.1005"
"63,6 : 0.1005"
"6,64 : 0.2452"
"64,6 : 0.2452"
"6,65 : 0.7703"
"65,6 : 0.7703"
"6,66 : 0.2941"
"66,6 : 0.2941"
"6,67 : 0.2138"
"67,6 : 0.2138"
"6,68 : 0.5162"
"68,6 : 0.5162"
"6,69 : 0.3454"
"69,6 : 0.3454"
"6,70 : 0.2309"
"70,6 : 0.2309"
"6,71 : 0.4134"
"71,6 : 0.4134"
"6,72 : 0.4405"
"72,6 : 0.4405"
"6,73 : 0.4031"
"73,6 : 0.4031"
"6,74 : 0.314"
"74,6 : 0.314"
"6,75 : 0.214"
"75,6 : 0.214"
"6,76 : 0.5371"
"76,6 : 0.5371"
"6,77 : 0.3754"
"77,6 : 0.3754"
"6,78 : 0.3362"
"78,6 : 0.3362"
"6,79 : 0.1985"
"79,6 : 0.1985"
"6,80 : 0.17"
"80,6 : 0.17"
"6,81 : 0.4569"
"81,6 : 0.4569"
"6,82 : 0.6001"
"82,6 : 0.6001"
"6,83 : 0.7187"
"83,6 : 0.7187"
"6,84 : 0.6754"
"84,6 : 0.6754"
"6,85 : 0.1204"
"85,6 : 0.1204"
"6,86 : 0.2973"
"86,6 : 0.2973"
"6,87 : 0.4763"
"87,6 : 0.4763"
"6,88 : 0.3932"
"88,6 : 0.3932"
"6,89 : 0.7011"
"89,6 : 0.7011"
"6,90 : 0.7308"
"90,6 : 0.7308"
"6,91 : 0.4357"
"91,6 : 0.4357"
"6,92 : 0.5778"
"92,6 : 0.5778"
"6,93 : 0.3883"
"93,6 : 0.3883"
"6,94 : 0.1769"
"94,6 : 0.1769"
"6,95 : 0.527"
"95,6 : 0.527"
"6,96 : 0.8238"
"96,6 : 0.8238"
"6,97 : 0.314"
"97,6 : 0.314"
"6,98 : 0.4614"
"98,6 : 0.4614"
"6,99 : 0.6152"
"99,6 : 0.6152"
"7,8 : 0.6042"
"8,7 : 0.6042"
"7,9 : 0.9183"
"9,7 : 0.9183"
"7,10 : 1.089"
"10,7 : 1.089"
"7,11 : 0.5882"
"11,7 : 0.5882"
"7,12 : 0.3437"
"12,7 : 0.3437"
"7,13 : 0.25"
"13,7 : 0.25"
"7,14 : 0.34"
"14,7 : 0.34"
"7,15 : 1.0066"
"15,7 : 1.0066"
"7,16 : 0.8548"
"16,7 : 0.8548"
"7,17 : 0.7558"
"17,7 : 0.7558"
"7,18 : 0.3517"
"18,7 : 0.3517"
"7,19 : 0.8271"
"19,7 : 0.8271"
"7,20 : 0.614"
"20,7 : 0.614"
"7,21 : 0.8721"
"21,7 : 0.8721"
"7,22 : 0.6073"
"22,7 : 0.6073"
"7,23 : 0.372"
"23,7 : 0.372"
"7,24 : 0.686"
"24,7 : 0.686"
"7,25 : 0.3265"
"25,7 : 0.3265"
"7,26 : 0.1931"
"26,7 : 0.1931"
"7,27 : 0.1315"
"27,7 : 0.1315"
"7,28 : 0.2802"
"28,7 : 0.2802"
"7,29 : 0.7026"
"29,7 : 0.7026"
"7,30 : 0.6265"
"30,7 : 0.6265"
"7,31 : 0.3353"
"31,7 : 0.3353"
"7,32 : 0.6648"
"32,7 : 0.6648"
"7,33 : 0.9567"
"33,7 : 0.9567"
"7,34 : 0.9071"
"34,7 : 0.9071"
"7,35 : 0.2844"
"35,7 : 0.2844"
"7,36 : 0.5629"
"36,7 : 0.5629"
"7,37 : 0.4554"
"37,7 : 0.4554"
"7,38 : 0.2121"
"38,7 : 0.2121"
"7,39 : 0.3701"
"39,7 : 0.3701"
"7,40 : 0.6807"
"40,7 : 0.6807"
"7,41 : 0.8324"
"41,7 : 0.8324"
"7,42 : 0.8673"
"42,7 : 0.8673"
"7,43 : 0.7411"
"43,7 : 0.7411"
"7,44 : 0.6708"
"44,7 : 0.6708"
"7,45 : 0.7244"
"45,7 : 0.7244"
"7,46 : 0.9841"
"46,7 : 0.9841"
"7,47 : 0.2285"
"47,7 : 0.2285"
"7,48 : 0.832"
"48,7 : 0.832"
"7,49 : 0.594"
"49,7 : 0.594"
"7,50 : 0.5315"
"50,7 : 0.5315"
"7,51 : 0.6478"
"51,7 : 0.6478"
"7,52 : 0.314"
"52,7 : 0.314"
"7,53 : 0.1749"
"53,7 : 0.1749"
"7,54 : 0.6903"
"54,7 : 0.6903"
"7,55 : 0.4884"
"55,7 : 0.4884"
"7,56 : 0.34"
"56,7 : 0.34"
"7,57 : 0.5886"
"57,7 : 0.5886"
"7,58 : 0.876"
"58,7 : 0.876"
"7,59 : 0.7603"
"59,7 : 0.7603"
"7,60 : 0.8812"
"60,7 : 0.8812"
"7,61 : 0.6851"
"61,7 : 0.6851"
"7,62 : 0.6113"
"62,7 : 0.6113"
"7,63 : 0.7463"
"63,7 : 0.7463"
"7,64 : 0.8868"
"64,7 : 0.8868"
"7,65 : 0.1404"
"65,7 : 0.1404"
"7,66 : 0.8638"
"66,7 : 0.8638"
"7,67 : 0.522"
"67,7 : 0.522"
"7,68 : 1.1293"
"68,7 : 1.1293"
"7,69 : 0.9694"
"69,7 : 0.9694"
"7,70 : 0.5728"
"70,7 : 0.5728"
"7,71 : 0.7511"
"71,7 : 0.7511"
"7,72 : 0.2195"
"72,7 : 0.2195"
"7,73 : 0.364"
"73,7 : 0.364"
"7,74 : 0.405"
"74,7 : 0.405"
"7,75 : 0.872"
"75,7 : 0.872"
"7,76 : 1.1678"
"76,7 : 1.1678"
"7,77 : 0.822"
"77,7 : 0.822"
"7,78 : 0.8062"
"78,7 : 0.8062"
"7,79 : 0.8528"
"79,7 : 0.8528"
"7,80 : 0.8147"
"80,7 : 0.8147"
"7,81 : 0.2371"
"81,7 : 0.2371"
"7,82 : 0.1513"
"82,7 : 0.1513"
"7,83 : 0.7741"
"83,7 : 0.7741"
"7,84 : 0.7035"
"84,7 : 0.7035"
"7,85 : 0.559"
"85,7 : 0.559"
"7,86 : 0.6395"
"86,7 : 0.6395"
"7,87 : 0.1836"
"87,7 : 0.1836"
"7,88 : 0.9159"
"88,7 : 0.9159"
"7,89 : 0.4624"
"89,7 : 0.4624"
"7,90 : 0.6236"
"90,7 : 0.6236"
"7,91 : 0.8171"
"91,7 : 0.8171"
"7,92 : 0.16"
"92,7 : 0.16"
"7,93 : 0.4934"
"93,7 : 0.4934"
"7,94 : 0.6622"
"94,7 : 0.6622"
"7,95 : 1.1667"
"95,7 : 1.1667"
"7,96 : 0.8551"
"96,7 : 0.8551"
"7,97 : 0.3441"
"97,7 : 0.3441"
"7,98 : 1.0962"
"98,7 : 1.0962"
"7,99 : 0.0985"
"99,7 : 0.0985"
"8,9 : 0.3624"
"9,8 : 0.3624"
"8,10 : 0.5701"
"10,8 : 0.5701"
"8,11 : 0.0707"
"11,8 : 0.0707"
"8,12 : 0.6067"
"12,8 : 0.6067"
"8,13 : 0.4031"
"13,8 : 0.4031"
"8,14 : 0.3932"
"14,8 : 0.3932"
"8,15 : 0.5217"
"15,8 : 0.5217"
"8,16 : 0.5192"
"16,8 : 0.5192"
"8,17 : 0.5686"
"17,8 : 0.5686"
"8,18 : 0.264"
"18,8 : 0.264"
"8,19 : 0.6466"
"19,8 : 0.6466"
"8,20 : 0.0894"
"20,8 : 0.0894"
"8,21 : 0.5536"
"21,8 : 0.5536"
"8,22 : 0.4958"
"22,8 : 0.4958"
"8,23 : 0.2518"
"23,8 : 0.2518"
"8,24 : 0.3945"
"24,8 : 0.3945"
"8,25 : 0.2786"
"25,8 : 0.2786"
"8,26 : 0.6239"
"26,8 : 0.6239"
"8,27 : 0.7178"
"27,8 : 0.7178"
"8,28 : 0.3748"
"28,8 : 0.3748"
"8,29 : 0.4687"
"29,8 : 0.4687"
"8,30 : 0.3905"
"30,8 : 0.3905"
"8,31 : 0.2746"
"31,8 : 0.2746"
"8,32 : 0.2214"
"32,8 : 0.2214"
"8,33 : 0.4768"
"33,8 : 0.4768"
"8,34 : 0.7112"
"34,8 : 0.7112"
"8,35 : 0.5009"
"35,8 : 0.5009"
"8,36 : 0.7341"
"36,8 : 0.7341"
"8,37 : 0.1562"
"37,8 : 0.1562"
"8,38 : 0.7071"
"38,8 : 0.7071"
"8,39 : 0.3162"
"39,8 : 0.3162"
"8,40 : 0.1769"
"40,8 : 0.1769"
"8,41 : 0.2508"
"41,8 : 0.2508"
"8,42 : 0.6093"
"42,8 : 0.6093"
"8,43 : 0.7072"
"43,8 : 0.7072"
"8,44 : 0.7855"
"44,8 : 0.7855"
"8,45 : 0.6647"
"45,8 : 0.6647"
"8,46 : 0.4924"
"46,8 : 0.4924"
"8,47 : 0.4617"
"47,8 : 0.4617"
"8,48 : 0.6657"
"48,8 : 0.6657"
"8,49 : 0.214"
"49,8 : 0.214"
"8,50 : 0.6531"
"50,8 : 0.6531"
"8,51 : 0.758"
"51,8 : 0.758"
"8,52 : 0.36"
"52,8 : 0.36"
"8,53 : 0.4707"
"53,8 : 0.4707"
"8,54 : 0.7201"
"54,8 : 0.7201"
"8,55 : 0.246"
"55,8 : 0.246"
"8,56 : 0.2657"
"56,8 : 0.2657"
"8,57 : 0.558"
"57,8 : 0.558"
"8,58 : 0.6398"
"58,8 : 0.6398"
"8,59 : 0.1581"
"59,8 : 0.1581"
"8,60 : 0.2802"
"60,8 : 0.2802"
"8,61 : 0.3624"
"61,8 : 0.3624"
"8,62 : 0.0985"
"62,8 : 0.0985"
"8,63 : 0.17"
"63,8 : 0.17"
"8,64 : 0.2907"
"64,8 : 0.2907"
"8,65 : 0.7305"
"65,8 : 0.7305"
"8,66 : 0.2648"
"66,8 : 0.2648"
"8,67 : 0.0922"
"67,8 : 0.0922"
"8,68 : 0.6429"
"68,8 : 0.6429"
"8,69 : 0.473"
"69,8 : 0.473"
"8,70 : 0.09"
"70,8 : 0.09"
"8,71 : 0.29"
"71,8 : 0.29"
"8,72 : 0.3863"
"72,8 : 0.3863"
"8,73 : 0.4295"
"73,8 : 0.4295"
"8,74 : 0.3421"
"74,8 : 0.3421"
"8,75 : 0.3089"
"75,8 : 0.3089"
"8,76 : 0.6555"
"76,8 : 0.6555"
"8,77 : 0.2823"
"77,8 : 0.2823"
"8,78 : 0.4743"
"78,8 : 0.4743"
"8,79 : 0.3102"
"79,8 : 0.3102"
"8,80 : 0.2961"
"80,8 : 0.2961"
"8,81 : 0.4418"
"81,8 : 0.4418"
"8,82 : 0.5787"
"82,8 : 0.5787"
"8,83 : 0.8169"
"83,8 : 0.8169"
"8,84 : 0.7661"
"84,8 : 0.7661"
"8,85 : 0.191"
"85,8 : 0.191"
"8,86 : 0.1612"
"86,8 : 0.1612"
"8,87 : 0.4215"
"87,8 : 0.4215"
"8,88 : 0.5346"
"88,8 : 0.5346"
"8,89 : 0.7422"
"89,8 : 0.7422"
"8,90 : 0.8006"
"90,8 : 0.8006"
"8,91 : 0.568"
"91,8 : 0.568"
"8,92 : 0.5573"
"92,8 : 0.5573"
"8,93 : 0.4565"
"93,8 : 0.4565"
"8,94 : 0.3041"
"94,8 : 0.3041"
"8,95 : 0.6398"
"95,8 : 0.6398"
"8,96 : 0.9231"
"96,8 : 0.9231"
"8,97 : 0.2746"
"97,8 : 0.2746"
"8,98 : 0.5794"
"98,8 : 0.5794"
"8,99 : 0.5438"
"99,8 : 0.5438"
"9,10 : 0.2138"
"10,9 : 0.2138"
"9,11 : 0.4215"
"11,9 : 0.4215"
"9,12 : 0.8036"
"12,9 : 0.8036"
"9,13 : 0.6796"
"13,9 : 0.6796"
"9,14 : 0.6217"
"14,9 : 0.6217"
"9,15 : 0.1992"
"15,9 : 0.1992"
"9,16 : 0.3585"
"16,9 : 0.3585"
"9,17 : 0.5124"
"17,9 : 0.5124"
"9,18 : 0.6122"
"18,9 : 0.6122"
"9,19 : 0.5595"
"19,9 : 0.5595"
"9,20 : 0.4206"
"20,9 : 0.4206"
"9,21 : 0.3912"
"21,9 : 0.3912"
"9,22 : 0.5401"
"22,9 : 0.5401"
"9,23 : 0.5467"
"23,9 : 0.5467"
"9,24 : 0.3705"
"24,9 : 0.3705"
"9,25 : 0.6011"
"25,9 : 0.6011"
"9,26 : 0.881"
"26,9 : 0.881"
"9,27 : 1.0124"
"27,9 : 1.0124"
"9,28 : 0.728"
"28,9 : 0.728"
"9,29 : 0.4357"
"29,9 : 0.4357"
"9,30 : 0.4205"
"30,9 : 0.4205"
"9,31 : 0.6172"
"31,9 : 0.6172"
"9,32 : 0.264"
"32,9 : 0.264"
"9,33 : 0.1749"
"33,9 : 0.1749"
"9,34 : 0.5883"
"34,9 : 0.5883"
"9,35 : 0.7301"
"35,9 : 0.7301"
"9,36 : 0.8402"
"36,9 : 0.8402"
"9,37 : 0.5104"
"37,9 : 0.5104"
"9,38 : 0.9661"
"38,9 : 0.9661"
"9,39 : 0.6774"
"39,9 : 0.6774"
"9,40 : 0.4528"
"40,9 : 0.4528"
"9,41 : 0.3493"
"41,9 : 0.3493"
"9,42 : 0.4751"
"42,9 : 0.4751"
"9,43 : 0.7009"
"43,9 : 0.7009"
"9,44 : 0.8448"
"44,9 : 0.8448"
"9,45 : 0.6573"
"45,9 : 0.6573"
"9,46 : 0.1709"
"46,9 : 0.1709"
"9,47 : 0.7256"
"47,9 : 0.7256"
"9,48 : 0.5818"
"48,9 : 0.5818"
"9,49 : 0.3354"
"49,9 : 0.3354"
"9,50 : 0.7611"
"50,9 : 0.7611"
"9,51 : 0.823"
"51,9 : 0.823"
"9,52 : 0.6191"
"52,9 : 0.6191"
"9,53 : 0.7572"
"53,9 : 0.7572"
"9,54 : 0.7497"
"54,9 : 0.7497"
"9,55 : 0.4429"
"55,9 : 0.4429"
"9,56 : 0.5869"
"56,9 : 0.5869"
"9,57 : 0.6201"
"57,9 : 0.6201"
"9,58 : 0.5111"
"58,9 : 0.5111"
"9,59 : 0.2335"
"59,9 : 0.2335"
"9,60 : 0.1709"
"60,9 : 0.1709"
"9,61 : 0.34"
"61,9 : 0.34"
"9,62 : 0.4301"
"62,9 : 0.4301"
"9,63 : 0.1924"
"63,9 : 0.1924"
"9,64 : 0.1393"
"64,9 : 0.1393"
"9,65 : 1.0263"
"65,9 : 1.0263"
"9,66 : 0.2846"
"66,9 : 0.2846"
"9,67 : 0.4528"
"67,9 : 0.4528"
"9,68 : 0.3"
"68,9 : 0.3"
"9,69 : 0.1523"
"69,9 : 0.1523"
"9,70 : 0.4438"
"70,9 : 0.4438"
"9,71 : 0.5308"
"71,9 : 0.5308"
"9,72 : 0.7018"
"72,9 : 0.7018"
"9,73 : 0.6332"
"73,9 : 0.6332"
"9,74 : 0.5504"
"74,9 : 0.5504"
"9,75 : 0.0539"
"75,9 : 0.0539"
"9,76 : 0.2983"
"76,9 : 0.2983"
"9,77 : 0.4393"
"77,9 : 0.4393"
"9,78 : 0.3454"
"78,9 : 0.3454"
"9,79 : 0.0671"
"79,9 : 0.0671"
"9,80 : 0.114"
"80,9 : 0.114"
"9,81 : 0.7083"
"81,9 : 0.7083"
"9,82 : 0.8509"
"82,9 : 0.8509"
"9,83 : 0.8246"
"83,9 : 0.8246"
"9,84 : 0.8006"
"84,9 : 0.8006"
"9,85 : 0.3636"
"85,9 : 0.3636"
"9,86 : 0.4687"
"86,9 : 0.4687"
"9,87 : 0.7376"
"87,9 : 0.7376"
"9,88 : 0.3189"
"88,9 : 0.3189"
"9,89 : 0.9009"
"89,9 : 0.9009"
"9,90 : 0.8905"
"90,9 : 0.8905"
"9,91 : 0.461"
"91,9 : 0.461"
"9,92 : 0.8286"
"92,9 : 0.8286"
"9,93 : 0.5787"
"93,9 : 0.5787"
"9,94 : 0.314"
"94,9 : 0.314"
"9,95 : 0.2786"
"95,9 : 0.2786"
"9,96 : 0.9205"
"96,9 : 0.9205"
"9,97 : 0.5749"
"97,9 : 0.5749"
"9,98 : 0.2236"
"98,9 : 0.2236"
"9,99 : 0.8769"
"99,9 : 0.8769"
"10,11 : 0.6325"
"11,10 : 0.6325"
"10,12 : 0.9218"
"12,10 : 0.9218"
"10,13 : 0.8417"
"13,10 : 0.8417"
"10,14 : 0.7684"
"14,10 : 0.7684"
"10,15 : 0.102"
"15,10 : 0.102"
"10,16 : 0.3513"
"16,10 : 0.3513"
"10,17 : 0.5334"
"17,10 : 0.5334"
"10,18 : 0.8078"
"18,10 : 0.8078"
"10,19 : 0.5504"
"19,10 : 0.5504"
"10,20 : 0.6332"
"20,10 : 0.6332"
"10,21 : 0.37"
"21,10 : 0.37"
"10,22 : 0.6135"
"22,10 : 0.6135"
"10,23 : 0.7247"
"23,10 : 0.7247"
"10,24 : 0.4519"
"24,10 : 0.4519"
"10,25 : 0.786"
"25,10 : 0.786"
"10,26 : 1.0242"
"26,10 : 1.0242"
"10,27 : 1.1703"
"27,10 : 1.1703"
"10,28 : 0.9244"
"28,10 : 0.9244"
"10,29 : 0.4904"
"29,10 : 0.4904"
"10,30 : 0.5143"
"30,10 : 0.5143"
"10,31 : 0.8099"
"31,10 : 0.8099"
"10,32 : 0.4252"
"32,10 : 0.4252"
"10,33 : 0.1432"
"33,10 : 0.1432"
"10,34 : 0.5492"
"34,10 : 0.5492"
"10,35 : 0.8684"
"35,10 : 0.8684"
"10,36 : 0.9096"
"36,10 : 0.9096"
"10,37 : 0.7112"
"37,10 : 0.7112"
"10,38 : 1.1068"
"38,10 : 1.1068"
"10,39 : 0.881"
"39,10 : 0.881"
"10,40 : 0.6661"
"40,10 : 0.6661"
"10,41 : 0.5515"
"41,10 : 0.5515"
"10,42 : 0.451"
"42,10 : 0.451"
"10,43 : 0.7211"
"43,10 : 0.7211"
"10,44 : 0.8881"
"44,10 : 0.8881"
"10,45 : 0.6826"
"45,10 : 0.6826"
"10,46 : 0.1118"
"46,10 : 0.1118"
"10,47 : 0.8797"
"47,10 : 0.8797"
"10,48 : 0.5708"
"48,10 : 0.5708"
"10,49 : 0.4952"
"49,10 : 0.4952"
"10,50 : 0.8382"
"50,10 : 0.8382"
"10,51 : 0.8713"
"51,10 : 0.8713"
"10,52 : 0.7783"
"52,10 : 0.7783"
"10,53 : 0.9197"
"53,10 : 0.9197"
"10,54 : 0.7852"
"54,10 : 0.7852"
"10,55 : 0.6011"
"55,10 : 0.6011"
"10,56 : 0.772"
"56,10 : 0.772"
"10,57 : 0.6896"
"57,10 : 0.6896"
"10,58 : 0.4826"
"58,10 : 0.4826"
"10,59 : 0.4472"
"59,10 : 0.4472"
"10,60 : 0.3705"
"60,10 : 0.3705"
"10,61 : 0.4342"
"61,10 : 0.4342"
"10,62 : 0.6429"
"62,10 : 0.6429"
"10,63 : 0.4016"
"63,10 : 0.4016"
"10,64 : 0.3401"
"64,10 : 0.3401"
"10,65 : 1.1844"
"65,10 : 1.1844"
"10,66 : 0.4826"
"66,10 : 0.4826"
"10,67 : 0.658"
"67,10 : 0.658"
"10,68 : 0.0985"
"68,10 : 0.0985"
"10,69 : 0.1221"
"69,10 : 0.1221"
"10,70 : 0.6546"
"70,10 : 0.6546"
"10,71 : 0.7401"
"71,10 : 0.7401"
"10,72 : 0.8797"
"72,10 : 0.8797"
"10,73 : 0.7684"
"73,10 : 0.7684"
"10,74 : 0.6966"
"74,10 : 0.6966"
"10,75 : 0.2668"
"75,10 : 0.2668"
"10,76 : 0.0854"
"76,10 : 0.0854"
"10,77 : 0.642"
"77,10 : 0.642"
"10,78 : 0.3688"
"78,10 : 0.3688"
"10,79 : 0.26"
"79,10 : 0.26"
"10,80 : 0.283"
"80,10 : 0.283"
"10,81 : 0.8645"
"81,10 : 0.8645"
"10,82 : 1.0026"
"82,10 : 1.0026"
"10,83 : 0.8401"
"83,10 : 0.8401"
"10,84 : 0.8338"
"84,10 : 0.8338"
"10,85 : 0.5315"
"85,10 : 0.5315"
"10,86 : 0.6825"
"86,10 : 0.6825"
"10,87 : 0.9144"
"87,10 : 0.9144"
"10,88 : 0.28"
"88,10 : 0.28"
"10,89 : 0.9937"
"89,10 : 0.9937"
"10,90 : 0.9473"
"90,10 : 0.9473"
"10,91 : 0.4604"
"91,10 : 0.4604"
"10,92 : 0.9808"
"92,10 : 0.9808"
"10,93 : 0.6843"
"93,10 : 0.6843"
"10,94 : 0.436"
"94,10 : 0.436"
"10,95 : 0.0781"
"95,10 : 0.0781"
"10,96 : 0.922"
"96,10 : 0.922"
"10,97 : 0.7529"
"97,10 : 0.7529"
"10,98 : 0.01"
"98,10 : 0.01"
"10,99 : 1.0589"
"99,10 : 1.0589"
"11,12 : 0.6306"
"12,11 : 0.6306"
"11,13 : 0.4105"
"13,11 : 0.4105"
"11,14 : 0.4176"
"14,11 : 0.4176"
"11,15 : 0.5886"
"15,11 : 0.5886"
"11,16 : 0.5894"
"16,11 : 0.5894"
"11,17 : 0.6329"
"17,11 : 0.6329"
"11,18 : 0.2377"
"18,11 : 0.2377"
"11,19 : 0.712"
"19,11 : 0.712"
"11,20 : 0.0316"
"20,11 : 0.0316"
"11,21 : 0.6236"
"21,11 : 0.6236"
"11,22 : 0.5517"
"22,11 : 0.5517"
"11,23 : 0.2631"
"23,11 : 0.2631"
"11,24 : 0.4607"
"24,11 : 0.4607"
"11,25 : 0.2717"
"25,11 : 0.2717"
"11,26 : 0.63"
"26,11 : 0.63"
"11,27 : 0.7083"
"27,11 : 0.7083"
"11,28 : 0.3384"
"28,11 : 0.3384"
"11,29 : 0.5334"
"29,11 : 0.5334"
"11,30 : 0.4522"
"30,11 : 0.4522"
"11,31 : 0.253"
"31,11 : 0.253"
"11,32 : 0.2912"
"32,11 : 0.2912"
"11,33 : 0.5445"
"33,11 : 0.5445"
"11,34 : 0.7782"
"34,11 : 0.7782"
"11,35 : 0.5197"
"35,11 : 0.5197"
"11,36 : 0.7741"
"36,11 : 0.7741"
"11,37 : 0.1334"
"37,11 : 0.1334"
"11,38 : 0.7106"
"38,11 : 0.7106"
"11,39 : 0.2687"
"39,11 : 0.2687"
"11,40 : 0.1253"
"40,11 : 0.1253"
"11,41 : 0.2452"
"41,11 : 0.2452"
"11,42 : 0.6778"
"42,11 : 0.6778"
"11,43 : 0.7642"
"43,11 : 0.7642"
"11,44 : 0.8323"
"44,11 : 0.8323"
"11,45 : 0.7225"
"45,11 : 0.7225"
"11,46 : 0.559"
"46,11 : 0.559"
"11,47 : 0.471"
"47,11 : 0.471"
"11,48 : 0.7306"
"48,11 : 0.7306"
"11,49 : 0.2778"
"49,11 : 0.2778"
"11,50 : 0.6946"
"50,11 : 0.6946"
"11,51 : 0.8045"
"51,11 : 0.8045"
"11,52 : 0.3766"
"52,11 : 0.3766"
"11,53 : 0.471"
"53,11 : 0.471"
"11,54 : 0.7723"
"54,11 : 0.7723"
"11,55 : 0.2921"
"55,11 : 0.2921"
"11,56 : 0.2608"
"56,11 : 0.2608"
"11,57 : 0.6096"
"57,11 : 0.6096"
"11,58 : 0.7077"
"58,11 : 0.7077"
"11,59 : 0.2"
"59,11 : 0.2"
"11,60 : 0.3183"
"60,11 : 0.3183"
"11,61 : 0.4295"
"61,11 : 0.4295"
"11,62 : 0.0361"
"62,11 : 0.0361"
"11,63 : 0.2309"
"63,11 : 0.2309"
"11,64 : 0.3342"
"64,11 : 0.3342"
"11,65 : 0.7203"
"65,11 : 0.7203"
"11,66 : 0.2773"
"66,11 : 0.2773"
"11,67 : 0.07"
"67,11 : 0.07"
"11,68 : 0.7083"
"68,11 : 0.7083"
"11,69 : 0.5394"
"69,11 : 0.5394"
"11,70 : 0.0224"
"70,11 : 0.0224"
"11,71 : 0.236"
"71,11 : 0.236"
"11,72 : 0.3766"
"72,11 : 0.3766"
"11,73 : 0.4588"
"73,11 : 0.4588"
"11,74 : 0.3758"
"74,11 : 0.3758"
"11,75 : 0.3677"
"75,11 : 0.3677"
"11,76 : 0.7178"
"76,11 : 0.7178"
"11,77 : 0.2532"
"77,11 : 0.2532"
"11,78 : 0.5441"
"78,11 : 0.5441"
"11,79 : 0.3736"
"79,11 : 0.3736"
"11,80 : 0.3635"
"80,11 : 0.3635"
"11,81 : 0.451"
"81,11 : 0.451"
"11,82 : 0.5808"
"82,11 : 0.5808"
"11,83 : 0.8705"
"83,11 : 0.8705"
"11,84 : 0.8169"
"84,11 : 0.8169"
"11,85 : 0.25"
"85,11 : 0.25"
"11,86 : 0.099"
"86,11 : 0.099"
"11,87 : 0.41"
"87,11 : 0.41"
"11,88 : 0.6053"
"88,11 : 0.6053"
"11,89 : 0.7716"
"89,11 : 0.7716"
"11,90 : 0.8422"
"90,11 : 0.8422"
"11,91 : 0.6356"
"91,11 : 0.6356"
"11,92 : 0.5604"
"92,11 : 0.5604"
"11,93 : 0.5022"
"93,11 : 0.5022"
"11,94 : 0.3716"
"94,11 : 0.3716"
"11,95 : 0.7001"
"95,11 : 0.7001"
"11,96 : 0.9767"
"96,11 : 0.9767"
"11,97 : 0.2807"
"97,11 : 0.2807"
"11,98 : 0.642"
"98,11 : 0.642"
"11,99 : 0.5189"
"99,11 : 0.5189"
"12,13 : 0.2441"
"13,12 : 0.2441"
"12,14 : 0.2138"
"14,12 : 0.2138"
"12,15 : 0.8249"
"15,12 : 0.8249"
"12,16 : 0.6162"
"16,12 : 0.6162"
"12,17 : 0.472"
"17,12 : 0.472"
"12,18 : 0.4632"
"18,12 : 0.4632"
"12,19 : 0.5284"
"19,12 : 0.5284"
"12,20 : 0.6622"
"20,12 : 0.6622"
"12,21 : 0.6223"
"21,12 : 0.6223"
"12,22 : 0.3324"
"22,12 : 0.3324"
"12,23 : 0.37"
"23,12 : 0.37"
"12,24 : 0.4717"
"24,12 : 0.4717"
"12,25 : 0.3895"
"25,12 : 0.3895"
"12,26 : 0.1612"
"26,12 : 0.1612"
"12,27 : 0.3298"
"27,12 : 0.3298"
"12,28 : 0.481"
"28,12 : 0.481"
"12,29 : 0.4534"
"29,12 : 0.4534"
"12,30 : 0.4082"
"30,12 : 0.4082"
"12,31 : 0.441"
"31,12 : 0.441"
"12,32 : 0.5434"
"32,12 : 0.5434"
"12,33 : 0.779"
"33,12 : 0.779"
"12,34 : 0.6037"
"34,12 : 0.6037"
"12,35 : 0.1166"
"35,12 : 0.1166"
"12,36 : 0.2214"
"36,12 : 0.2214"
"12,37 : 0.5162"
"37,12 : 0.5162"
"12,38 : 0.2147"
"38,12 : 0.2147"
"12,39 : 0.5467"
"39,12 : 0.5467"
"12,40 : 0.7529"
"40,12 : 0.7529"
"12,41 : 0.8571"
"41,12 : 0.8571"
"12,42 : 0.592"
"42,12 : 0.592"
"12,43 : 0.41"
"43,12 : 0.41"
"12,44 : 0.3276"
"44,12 : 0.3276"
"12,45 : 0.4016"
"45,12 : 0.4016"
"12,46 : 0.8101"
"46,12 : 0.8101"
"12,47 : 0.191"
"47,12 : 0.191"
"12,48 : 0.5277"
"48,12 : 0.5277"
"12,49 : 0.4768"
"49,12 : 0.4768"
"12,50 : 0.1903"
"50,12 : 0.1903"
"12,51 : 0.3041"
"51,12 : 0.3041"
"12,52 : 0.2563"
"52,12 : 0.2563"
"12,53 : 0.236"
"53,12 : 0.236"
"12,54 : 0.3513"
"54,12 : 0.3513"
"12,55 : 0.3805"
"55,12 : 0.3805"
"12,56 : 0.3936"
"56,12 : 0.3936"
"12,57 : 0.283"
"57,12 : 0.283"
"12,58 : 0.5908"
"58,12 : 0.5908"
"12,59 : 0.73"
"59,12 : 0.73"
"12,60 : 0.8329"
"60,12 : 0.8329"
"12,61 : 0.4876"
"61,12 : 0.4876"
"12,62 : 0.6648"
"62,12 : 0.6648"
"12,63 : 0.6826"
"63,12 : 0.6826"
"12,64 : 0.8261"
"64,12 : 0.8261"
"12,65 : 0.3421"
"65,12 : 0.3421"
"12,66 : 0.8609"
"66,12 : 0.8609"
"12,67 : 0.5632"
"67,12 : 0.5632"
"12,68 : 0.9348"
"68,12 : 0.9348"
"12,69 : 0.8006"
"69,12 : 0.8006"
"12,70 : 0.6264"
"70,12 : 0.6264"
"12,71 : 0.8544"
"71,12 : 0.8544"
"12,72 : 0.3324"
"72,12 : 0.3324"
"12,73 : 0.18"
"73,12 : 0.18"
"12,74 : 0.27"
"74,12 : 0.27"
"12,75 : 0.7713"
"75,12 : 0.7713"
"12,76 : 0.9879"
"76,12 : 0.9879"
"12,77 : 0.8829"
"77,12 : 0.8829"
"12,78 : 0.5763"
"78,12 : 0.5763"
"12,79 : 0.7376"
"79,12 : 0.7376"
"12,80 : 0.6896"
"80,12 : 0.6896"
"12,81 : 0.2062"
"81,12 : 0.2062"
"12,82 : 0.1924"
"82,12 : 0.1924"
"12,83 : 0.431"
"83,12 : 0.431"
"12,84 : 0.3606"
"84,12 : 0.3606"
"12,85 : 0.4617"
"85,12 : 0.4617"
"12,86 : 0.7178"
"86,12 : 0.7178"
"12,87 : 0.3265"
"87,12 : 0.3265"
"12,88 : 0.6888"
"88,12 : 0.6888"
"12,89 : 0.15"
"89,12 : 0.15"
"12,90 : 0.2864"
"90,12 : 0.2864"
"12,91 : 0.5467"
"91,12 : 0.5467"
"12,92 : 0.1868"
"92,12 : 0.1868"
"12,93 : 0.2385"
"93,12 : 0.2385"
"12,94 : 0.494"
"94,12 : 0.494"
"12,95 : 0.9985"
"95,12 : 0.9985"
"12,96 : 0.512"
"96,12 : 0.512"
"12,97 : 0.3585"
"97,12 : 0.3585"
"12,98 : 0.9266"
"98,12 : 0.9266"
"12,99 : 0.405"
"99,12 : 0.405"
"13,14 : 0.1005"
"14,13 : 0.1005"
"13,15 : 0.7574"
"15,13 : 0.7574"
"13,16 : 0.6084"
"16,13 : 0.6084"
"13,17 : 0.5261"
"17,13 : 0.5261"
"13,18 : 0.2195"
"18,13 : 0.2195"
"13,19 : 0.603"
"19,13 : 0.603"
"13,20 : 0.441"
"20,13 : 0.441"
"13,21 : 0.6277"
"21,13 : 0.6277"
"13,22 : 0.3812"
"22,13 : 0.3812"
"13,23 : 0.1513"
"23,13 : 0.1513"
"13,24 : 0.4383"
