x,y
0.32,0.08
0.55,0.05
0.29,0.67
0.78,0.64
0.96,0.5
0.82,0.64
0.74,0.49
0.28,0.71
0.14,0.03
0.23,0.47
0.78,0.48
0.6,0.77
0.12,0.82
0.7,0.71
0.61,0.61
0.4,0.12
0.2,0.71
0.91,0.82
0.77,0.98
0.69,0.22
1.0,0.37
0.04,0.67
0.9,0.18
0.57,0.15
0.02,0.3
0.34,0.71
0.09,0.23
0.89,0.47
0.47,0.2
0.37,0.6
0.42,0.43
0.09,0.24
0.56,1.0
0.67,0.76
0.29,0.69
0.7,0.89
0.4,0.23
0.74,0.18
0.69,0.73
0.53,0.13
0.66,0.49
0.3,0.99
0.82,0.43
0.32,0.62
0.93,1.0
0.96,0.73
0.32,0.82
0.22,0.4
0.95,0.38
0.49,0.66
0.47,0.5
0.79,0.5
0.65,0.64
0.68,0.62
0.36,0.97
0.32,0.17
0.64,0.58
0.19,0.89
0.31,0.25
0.75,0.28
0.51,0.77
0.44,0.27
0.7,0.43
0.22,0.31
0.84,0.25
0.17,0.05
0.48,0.88
0.31,0.46
0.89,0.55
0.75,0.35
0.65,0.11
0.74,0.61
0.72,0.44
0.08,0.91
0.91,0.73
0.35,0.58
0.5,0.92
0.85,0.34
0.85,0.56
0.57,0.21
0.66,0.55
0.02,0.92
0.82,0.92
0.76,0.53
0.35,0.46
0.67,0.03
0.8,0.74
0.05,0.17
0.18,0.62
0.31,0.24
0.53,0.28
0.98,0.64
0.85,1.0
0.22,0.22
0.26,0.8
0.3,0.21
0.78,0.51
0.83,0.92
0.96,0.68
0.37,0.68

Distanze
"0,1 : 0.2319"
"1,0 : 0.2319"
"0,2 : 0.5908"
"2,0 : 0.5908"
"0,3 : 0.7247"
"3,0 : 0.7247"
"0,4 : 0.7655"
"4,0 : 0.7655"
"0,5 : 0.7507"
"5,0 : 0.7507"
"0,6 : 0.5869"
"6,0 : 0.5869"
"0,7 : 0.6313"
"7,0 : 0.6313"
"0,8 : 0.1868"
"8,0 : 0.1868"
"0,9 : 0.4002"
"9,0 : 0.4002"
"0,10 : 0.6096"
"10,0 : 0.6096"
"0,11 : 0.7446"
"11,0 : 0.7446"
"0,12 : 0.7666"
"12,0 : 0.7666"
"0,13 : 0.7357"
"13,0 : 0.7357"
"0,14 : 0.6042"
"14,0 : 0.6042"
"0,15 : 0.0894"
"15,0 : 0.0894"
"0,16 : 0.6413"
"16,0 : 0.6413"
"0,17 : 0.9464"
"17,0 : 0.9464"
"0,18 : 1.0062"
"18,0 : 1.0062"
"0,19 : 0.3956"
"19,0 : 0.3956"
"0,20 : 0.7393"
"20,0 : 0.7393"
"0,21 : 0.6531"
"21,0 : 0.6531"
"0,22 : 0.5886"
"22,0 : 0.5886"
"0,23 : 0.2596"
"23,0 : 0.2596"
"0,24 : 0.372"
"24,0 : 0.372"
"0,25 : 0.6303"
"25,0 : 0.6303"
"0,26 : 0.2746"
"26,0 : 0.2746"
"0,27 : 0.6907"
"27,0 : 0.6907"
"0,28 : 0.1921"
"28,0 : 0.1921"
"0,29 : 0.5224"
"29,0 : 0.5224"
"0,30 : 0.364"
"30,0 : 0.364"
"0,31 : 0.2802"
"31,0 : 0.2802"
"0,32 : 0.9508"
"32,0 : 0.9508"
"0,33 : 0.7648"
"33,0 : 0.7648"
"0,34 : 0.6107"
"34,0 : 0.6107"
"0,35 : 0.8947"
"35,0 : 0.8947"
"0,36 : 0.17"
"36,0 : 0.17"
"0,37 : 0.4317"
"37,0 : 0.4317"
"0,38 : 0.7479"
"38,0 : 0.7479"
"0,39 : 0.2159"
"39,0 : 0.2159"
"0,40 : 0.5326"
"40,0 : 0.5326"
"0,41 : 0.9102"
"41,0 : 0.9102"
"0,42 : 0.6103"
"42,0 : 0.6103"
"0,43 : 0.54"
"43,0 : 0.54"
"0,44 : 1.1039"
"44,0 : 1.1039"
"0,45 : 0.9122"
"45,0 : 0.9122"
"0,46 : 0.74"
"46,0 : 0.74"
"0,47 : 0.3353"
"47,0 : 0.3353"
"0,48 : 0.6978"
"48,0 : 0.6978"
"0,49 : 0.6044"
"49,0 : 0.6044"
"0,50 : 0.446"
"50,0 : 0.446"
"0,51 : 0.6303"
"51,0 : 0.6303"
"0,52 : 0.65"
"52,0 : 0.65"
"0,53 : 0.649"
"53,0 : 0.649"
"0,54 : 0.8909"
"54,0 : 0.8909"
"0,55 : 0.09"
"55,0 : 0.09"
"0,56 : 0.5936"
"56,0 : 0.5936"
"0,57 : 0.8204"
"57,0 : 0.8204"
"0,58 : 0.1703"
"58,0 : 0.1703"
"0,59 : 0.4742"
"59,0 : 0.4742"
"0,60 : 0.7157"
"60,0 : 0.7157"
"0,61 : 0.2247"
"61,0 : 0.2247"
"0,62 : 0.5166"
"62,0 : 0.5166"
"0,63 : 0.2508"
"63,0 : 0.2508"
"0,64 : 0.5471"
"64,0 : 0.5471"
"0,65 : 0.153"
"65,0 : 0.153"
"0,66 : 0.8158"
"66,0 : 0.8158"
"0,67 : 0.3801"
"67,0 : 0.3801"
"0,68 : 0.7388"
"68,0 : 0.7388"
"0,69 : 0.5077"
"69,0 : 0.5077"
"0,70 : 0.3314"
"70,0 : 0.3314"
"0,71 : 0.6762"
"71,0 : 0.6762"
"0,72 : 0.5381"
"72,0 : 0.5381"
"0,73 : 0.864"
"73,0 : 0.864"
"0,74 : 0.8778"
"74,0 : 0.8778"
"0,75 : 0.5009"
"75,0 : 0.5009"
"0,76 : 0.8591"
"76,0 : 0.8591"
"0,77 : 0.5903"
"77,0 : 0.5903"
"0,78 : 0.7151"
"78,0 : 0.7151"
"0,79 : 0.2818"
"79,0 : 0.2818"
"0,80 : 0.5801"
"80,0 : 0.5801"
"0,81 : 0.892"
"81,0 : 0.892"
"0,82 : 0.9775"
"82,0 : 0.9775"
"0,83 : 0.6294"
"83,0 : 0.6294"
"0,84 : 0.3812"
"84,0 : 0.3812"
"0,85 : 0.3536"
"85,0 : 0.3536"
"0,86 : 0.8161"
"86,0 : 0.8161"
"0,87 : 0.2846"
"87,0 : 0.2846"
"0,88 : 0.5579"
"88,0 : 0.5579"
"0,89 : 0.1603"
"89,0 : 0.1603"
"0,90 : 0.29"
"90,0 : 0.29"
"0,91 : 0.8656"
"91,0 : 0.8656"
"0,92 : 1.0617"
"92,0 : 1.0617"
"0,93 : 0.172"
"93,0 : 0.172"
"0,94 : 0.7225"
"94,0 : 0.7225"
"0,95 : 0.1315"
"95,0 : 0.1315"
"0,96 : 0.6297"
"96,0 : 0.6297"
"0,97 : 0.9827"
"97,0 : 0.9827"
"0,98 : 0.8773"
"98,0 : 0.8773"
"0,99 : 0.6021"
"99,0 : 0.6021"
"1,2 : 0.6723"
"2,1 : 0.6723"
"1,3 : 0.6332"
"3,1 : 0.6332"
"1,4 : 0.6088"
"4,1 : 0.6088"
"1,5 : 0.6488"
"5,1 : 0.6488"
"1,6 : 0.4793"
"6,1 : 0.4793"
"1,7 : 0.7131"
"7,1 : 0.7131"
"1,8 : 0.4105"
"8,1 : 0.4105"
"1,9 : 0.528"
"9,1 : 0.528"
"1,10 : 0.4876"
"10,1 : 0.4876"
"1,11 : 0.7217"
"11,1 : 0.7217"
"1,12 : 0.8819"
"12,1 : 0.8819"
"1,13 : 0.6768"
"13,1 : 0.6768"
"1,14 : 0.5632"
"14,1 : 0.5632"
"1,15 : 0.1655"
"15,1 : 0.1655"
"1,16 : 0.7471"
"16,1 : 0.7471"
"1,17 : 0.85"
"17,1 : 0.85"
"1,18 : 0.9557"
"18,1 : 0.9557"
"1,19 : 0.2202"
"19,1 : 0.2202"
"1,20 : 0.5522"
"20,1 : 0.5522"
"1,21 : 0.8028"
"21,1 : 0.8028"
"1,22 : 0.3734"
"22,1 : 0.3734"
"1,23 : 0.102"
"23,1 : 0.102"
"1,24 : 0.586"
"24,1 : 0.586"
"1,25 : 0.6926"
"25,1 : 0.6926"
"1,26 : 0.494"
"26,1 : 0.494"
"1,27 : 0.5404"
"27,1 : 0.5404"
"1,28 : 0.17"
"28,1 : 0.17"
"1,29 : 0.5787"
"29,1 : 0.5787"
"1,30 : 0.4016"
"30,1 : 0.4016"
"1,31 : 0.4977"
"31,1 : 0.4977"
"1,32 : 0.9501"
"32,1 : 0.9501"
"1,33 : 0.7201"
"33,1 : 0.7201"
"1,34 : 0.6908"
"34,1 : 0.6908"
"1,35 : 0.8533"
"35,1 : 0.8533"
"1,36 : 0.2343"
"36,1 : 0.2343"
"1,37 : 0.2302"
"37,1 : 0.2302"
"1,38 : 0.6943"
"38,1 : 0.6943"
"1,39 : 0.0825"
"39,1 : 0.0825"
"1,40 : 0.4535"
"40,1 : 0.4535"
"1,41 : 0.9727"
"41,1 : 0.9727"
"1,42 : 0.4662"
"42,1 : 0.4662"
"1,43 : 0.6147"
"43,1 : 0.6147"
"1,44 : 1.0232"
"44,1 : 1.0232"
"1,45 : 0.794"
"45,1 : 0.794"
"1,46 : 0.8036"
"46,1 : 0.8036"
"1,47 : 0.481"
"47,1 : 0.481"
"1,48 : 0.5186"
"48,1 : 0.5186"
"1,49 : 0.6129"
"49,1 : 0.6129"
"1,50 : 0.4571"
"50,1 : 0.4571"
"1,51 : 0.51"
"51,1 : 0.51"
"1,52 : 0.5984"
"52,1 : 0.5984"
"1,53 : 0.5846"
"53,1 : 0.5846"
"1,54 : 0.9394"
"54,1 : 0.9394"
"1,55 : 0.2594"
"55,1 : 0.2594"
"1,56 : 0.5376"
"56,1 : 0.5376"
"1,57 : 0.9139"
"57,1 : 0.9139"
"1,58 : 0.3124"
"58,1 : 0.3124"
"1,59 : 0.3048"
"59,1 : 0.3048"
"1,60 : 0.7211"
"60,1 : 0.7211"
"1,61 : 0.246"
"61,1 : 0.246"
"1,62 : 0.4085"
"62,1 : 0.4085"
"1,63 : 0.4201"
"63,1 : 0.4201"
"1,64 : 0.3523"
"64,1 : 0.3523"
"1,65 : 0.38"
"65,1 : 0.38"
"1,66 : 0.8329"
"66,1 : 0.8329"
"1,67 : 0.4751"
"67,1 : 0.4751"
"1,68 : 0.6046"
"68,1 : 0.6046"
"1,69 : 0.3606"
"69,1 : 0.3606"
"1,70 : 0.1166"
"70,1 : 0.1166"
"1,71 : 0.5914"
"71,1 : 0.5914"
"1,72 : 0.4254"
"72,1 : 0.4254"
"1,73 : 0.9801"
"73,1 : 0.9801"
"1,74 : 0.7694"
"74,1 : 0.7694"
"1,75 : 0.5665"
"75,1 : 0.5665"
"1,76 : 0.8714"
"76,1 : 0.8714"
"1,77 : 0.4173"
"77,1 : 0.4173"
"1,78 : 0.5917"
"78,1 : 0.5917"
"1,79 : 0.1612"
"79,1 : 0.1612"
"1,80 : 0.512"
"80,1 : 0.512"
"1,81 : 1.0187"
"81,1 : 1.0187"
"1,82 : 0.9109"
"82,1 : 0.9109"
"1,83 : 0.5239"
"83,1 : 0.5239"
"1,84 : 0.4562"
"84,1 : 0.4562"
"1,85 : 0.1217"
"85,1 : 0.1217"
"1,86 : 0.7339"
"86,1 : 0.7339"
"1,87 : 0.5142"
"87,1 : 0.5142"
"1,88 : 0.6796"
"88,1 : 0.6796"
"1,89 : 0.3061"
"89,1 : 0.3061"
"1,90 : 0.2309"
"90,1 : 0.2309"
"1,91 : 0.7301"
"91,1 : 0.7301"
"1,92 : 0.9962"
"92,1 : 0.9962"
"1,93 : 0.3712"
"93,1 : 0.3712"
"1,94 : 0.8041"
"94,1 : 0.8041"
"1,95 : 0.2968"
"95,1 : 0.2968"
"1,96 : 0.5143"
"96,1 : 0.5143"
"1,97 : 0.9139"
"97,1 : 0.9139"
"1,98 : 0.7517"
"98,1 : 0.7517"
"1,99 : 0.6552"
"99,1 : 0.6552"
"2,3 : 0.4909"
"3,2 : 0.4909"
"2,4 : 0.6912"
"4,2 : 0.6912"
"2,5 : 0.5308"
"5,2 : 0.5308"
"2,6 : 0.4847"
"6,2 : 0.4847"
"2,7 : 0.0412"
"7,2 : 0.0412"
"2,8 : 0.6573"
"8,2 : 0.6573"
"2,9 : 0.2088"
"9,2 : 0.2088"
"2,10 : 0.5255"
"10,2 : 0.5255"
"2,11 : 0.3257"
"11,2 : 0.3257"
"2,12 : 0.2267"
"12,2 : 0.2267"
"2,13 : 0.4119"
"13,2 : 0.4119"
"2,14 : 0.3256"
"14,2 : 0.3256"
"2,15 : 0.5609"
"15,2 : 0.5609"
"2,16 : 0.0985"
"16,2 : 0.0985"
"2,17 : 0.6379"
"17,2 : 0.6379"
"2,18 : 0.5714"
"18,2 : 0.5714"
"2,19 : 0.6021"
"19,2 : 0.6021"
"2,20 : 0.7708"
"20,2 : 0.7708"
"2,21 : 0.25"
"21,2 : 0.25"
"2,22 : 0.7824"
"22,2 : 0.7824"
"2,23 : 0.5906"
"23,2 : 0.5906"
"2,24 : 0.458"
"24,2 : 0.458"
"2,25 : 0.064"
"25,2 : 0.064"
"2,26 : 0.4833"
"26,2 : 0.4833"
"2,27 : 0.6325"
"27,2 : 0.6325"
"2,28 : 0.5033"
"28,2 : 0.5033"
"2,29 : 0.1063"
"29,2 : 0.1063"
"2,30 : 0.2729"
"30,2 : 0.2729"
"2,31 : 0.4742"
"31,2 : 0.4742"
"2,32 : 0.4264"
"32,2 : 0.4264"
"2,33 : 0.3905"
"33,2 : 0.3905"
"2,34 : 0.02"
"34,2 : 0.02"
"2,35 : 0.4653"
"35,2 : 0.4653"
"2,36 : 0.4535"
"36,2 : 0.4535"
"2,37 : 0.6653"
"37,2 : 0.6653"
"2,38 : 0.4045"
"38,2 : 0.4045"
"2,39 : 0.5909"
"39,2 : 0.5909"
"2,40 : 0.4115"
"40,2 : 0.4115"
"2,41 : 0.3202"
"41,2 : 0.3202"
"2,42 : 0.5818"
"42,2 : 0.5818"
"2,43 : 0.0583"
"43,2 : 0.0583"
"2,44 : 0.7201"
"44,2 : 0.7201"
"2,45 : 0.6727"
"45,2 : 0.6727"
"2,46 : 0.153"
"46,2 : 0.153"
"2,47 : 0.2789"
"47,2 : 0.2789"
"2,48 : 0.7209"
"48,2 : 0.7209"
"2,49 : 0.2002"
"49,2 : 0.2002"
"2,50 : 0.2476"
"50,2 : 0.2476"
"2,51 : 0.5281"
"51,2 : 0.5281"
"2,52 : 0.3612"
"52,2 : 0.3612"
"2,53 : 0.3932"
"53,2 : 0.3932"
"2,54 : 0.3081"
"54,2 : 0.3081"
"2,55 : 0.5009"
"55,2 : 0.5009"
"2,56 : 0.3614"
"56,2 : 0.3614"
"2,57 : 0.2417"
"57,2 : 0.2417"
"2,58 : 0.4205"
"58,2 : 0.4205"
"2,59 : 0.6031"
"59,2 : 0.6031"
"2,60 : 0.2417"
"60,2 : 0.2417"
"2,61 : 0.4272"
"61,2 : 0.4272"
"2,62 : 0.4751"
"62,2 : 0.4751"
"2,63 : 0.3667"
"63,2 : 0.3667"
"2,64 : 0.692"
"64,2 : 0.692"
"2,65 : 0.6315"
"65,2 : 0.6315"
"2,66 : 0.2832"
"66,2 : 0.2832"
"2,67 : 0.211"
"67,2 : 0.211"
"2,68 : 0.6119"
"68,2 : 0.6119"
"2,69 : 0.5604"
"69,2 : 0.5604"
"2,70 : 0.6657"
"70,2 : 0.6657"
"2,71 : 0.454"
"71,2 : 0.454"
"2,72 : 0.4876"
"72,2 : 0.4876"
"2,73 : 0.3189"
"73,2 : 0.3189"
"2,74 : 0.6229"
"74,2 : 0.6229"
"2,75 : 0.1082"
"75,2 : 0.1082"
"2,76 : 0.3265"
"76,2 : 0.3265"
"2,77 : 0.65"
"77,2 : 0.65"
"2,78 : 0.5707"
"78,2 : 0.5707"
"2,79 : 0.5385"
"79,2 : 0.5385"
"2,80 : 0.389"
"80,2 : 0.389"
"2,81 : 0.368"
"81,2 : 0.368"
"2,82 : 0.586"
"82,2 : 0.586"
"2,83 : 0.4904"
"83,2 : 0.4904"
"2,84 : 0.2184"
"84,2 : 0.2184"
"2,85 : 0.7443"
"85,2 : 0.7443"
"2,86 : 0.5148"
"86,2 : 0.5148"
"2,87 : 0.5546"
"87,2 : 0.5546"
"2,88 : 0.1208"
"88,2 : 0.1208"
"2,89 : 0.4305"
"89,2 : 0.4305"
"2,90 : 0.4579"
"90,2 : 0.4579"
"2,91 : 0.6907"
"91,2 : 0.6907"
"2,92 : 0.65"
"92,2 : 0.65"
"2,93 : 0.4554"
"93,2 : 0.4554"
"2,94 : 0.1334"
"94,2 : 0.1334"
"2,95 : 0.4601"
"95,2 : 0.4601"
"2,96 : 0.5155"
"96,2 : 0.5155"
"2,97 : 0.5951"
"97,2 : 0.5951"
"2,98 : 0.6701"
"98,2 : 0.6701"
"2,99 : 0.0806"
"99,2 : 0.0806"
"3,4 : 0.228"
"4,3 : 0.228"
"3,5 : 0.04"
"5,3 : 0.04"
"3,6 : 0.1552"
"6,3 : 0.1552"
"3,7 : 0.5049"
"7,3 : 0.5049"
"3,8 : 0.8841"
"8,3 : 0.8841"
"3,9 : 0.5757"
"9,3 : 0.5757"
"3,10 : 0.16"
"10,3 : 0.16"
"3,11 : 0.222"
"11,3 : 0.222"
"3,12 : 0.6841"
"12,3 : 0.6841"
"3,13 : 0.1063"
"13,3 : 0.1063"
"3,14 : 0.1726"
"14,3 : 0.1726"
"3,15 : 0.644"
"15,3 : 0.644"
"3,16 : 0.5842"
"16,3 : 0.5842"
"3,17 : 0.222"
"17,3 : 0.222"
"3,18 : 0.3401"
"18,3 : 0.3401"
"3,19 : 0.4295"
"19,3 : 0.4295"
"3,20 : 0.3483"
"20,3 : 0.3483"
"3,21 : 0.7406"
"21,3 : 0.7406"
"3,22 : 0.4754"
"22,3 : 0.4754"
"3,23 : 0.5331"
"23,3 : 0.5331"
"3,24 : 0.8326"
"24,3 : 0.8326"
"3,25 : 0.4455"
"25,3 : 0.4455"
"3,26 : 0.8026"
"26,3 : 0.8026"
"3,27 : 0.2025"
"27,3 : 0.2025"
"3,28 : 0.5382"
"28,3 : 0.5382"
"3,29 : 0.4119"
"29,3 : 0.4119"
"3,30 : 0.4168"
"30,3 : 0.4168"
"3,31 : 0.7976"
"31,3 : 0.7976"
"3,32 : 0.4219"
"32,3 : 0.4219"
"3,33 : 0.1628"
"33,3 : 0.1628"
"3,34 : 0.4925"
"34,3 : 0.4925"
"3,35 : 0.2625"
"35,3 : 0.2625"
"3,36 : 0.559"
"36,3 : 0.559"
"3,37 : 0.4617"
"37,3 : 0.4617"
"3,38 : 0.1273"
"38,3 : 0.1273"
"3,39 : 0.568"
"39,3 : 0.568"
"3,40 : 0.1921"
"40,3 : 0.1921"
"3,41 : 0.5941"
"41,3 : 0.5941"
"3,42 : 0.2138"
"42,3 : 0.2138"
"3,43 : 0.4604"
"43,3 : 0.4604"
"3,44 : 0.39"
"44,3 : 0.39"
"3,45 : 0.2012"
"45,3 : 0.2012"
"3,46 : 0.494"
"46,3 : 0.494"
"3,47 : 0.6093"
"47,3 : 0.6093"
"3,48 : 0.3106"
"48,3 : 0.3106"
"3,49 : 0.2907"
"49,3 : 0.2907"
"3,50 : 0.3401"
"50,3 : 0.3401"
"3,51 : 0.1404"
"51,3 : 0.1404"
"3,52 : 0.13"
"52,3 : 0.13"
"3,53 : 0.102"
"53,3 : 0.102"
"3,54 : 0.5341"
"54,3 : 0.5341"
"3,55 : 0.6576"
"55,3 : 0.6576"
"3,56 : 0.1523"
"56,3 : 0.1523"
"3,57 : 0.6408"
"57,3 : 0.6408"
"3,58 : 0.6107"
"58,3 : 0.6107"
"3,59 : 0.3612"
"59,3 : 0.3612"
"3,60 : 0.2997"
"60,3 : 0.2997"
"3,61 : 0.5025"
"61,3 : 0.5025"
"3,62 : 0.2247"
"62,3 : 0.2247"
"3,63 : 0.65"
"63,3 : 0.65"
"3,64 : 0.3946"
"64,3 : 0.3946"
"3,65 : 0.8486"
"65,3 : 0.8486"
"3,66 : 0.3842"
"66,3 : 0.3842"
"3,67 : 0.5033"
"67,3 : 0.5033"
"3,68 : 0.1421"
"68,3 : 0.1421"
"3,69 : 0.2915"
"69,3 : 0.2915"
"3,70 : 0.5457"
"70,3 : 0.5457"
"3,71 : 0.05"
"71,3 : 0.05"
"3,72 : 0.2088"
"72,3 : 0.2088"
"3,73 : 0.7503"
"73,3 : 0.7503"
"3,74 : 0.1581"
"74,3 : 0.1581"
"3,75 : 0.4342"
"75,3 : 0.4342"
"3,76 : 0.396"
"76,3 : 0.396"
"3,77 : 0.3081"
"77,3 : 0.3081"
"3,78 : 0.1063"
"78,3 : 0.1063"
"3,79 : 0.4785"
"79,3 : 0.4785"
"3,80 : 0.15"
"80,3 : 0.15"
"3,81 : 0.8099"
"81,3 : 0.8099"
"3,82 : 0.2828"
"82,3 : 0.2828"
"3,83 : 0.1118"
"83,3 : 0.1118"
"3,84 : 0.4662"
"84,3 : 0.4662"
"3,85 : 0.6198"
"85,3 : 0.6198"
"3,86 : 0.102"
"86,3 : 0.102"
"3,87 : 0.8682"
"87,3 : 0.8682"
"3,88 : 0.6003"
"88,3 : 0.6003"
"3,89 : 0.6172"
"89,3 : 0.6172"
"3,90 : 0.4383"
"90,3 : 0.4383"
"3,91 : 0.2"
"91,3 : 0.2"
"3,92 : 0.3667"
"92,3 : 0.3667"
"3,93 : 0.7"
"93,3 : 0.7"
"3,94 : 0.5441"
"94,3 : 0.5441"
"3,95 : 0.6444"
"95,3 : 0.6444"
"3,96 : 0.13"
"96,3 : 0.13"
"3,97 : 0.2844"
"97,3 : 0.2844"
"3,98 : 0.1844"
"98,3 : 0.1844"
"3,99 : 0.4119"
"99,3 : 0.4119"
"4,5 : 0.198"
"5,4 : 0.198"
"4,6 : 0.2202"
"6,4 : 0.2202"
"4,7 : 0.7117"
"7,4 : 0.7117"
"4,8 : 0.9451"
"8,4 : 0.9451"
"4,9 : 0.7306"
"9,4 : 0.7306"
"4,10 : 0.1811"
"10,4 : 0.1811"
"4,11 : 0.45"
"11,4 : 0.45"
"4,12 : 0.8989"
"12,4 : 0.8989"
"4,13 : 0.3342"
"13,4 : 0.3342"
"4,14 : 0.3669"
"14,4 : 0.3669"
"4,15 : 0.6768"
"15,4 : 0.6768"
"4,16 : 0.7885"
"16,4 : 0.7885"
"4,17 : 0.3239"
"17,4 : 0.3239"
"4,18 : 0.5162"
"18,4 : 0.5162"
"4,19 : 0.389"
"19,4 : 0.389"
"4,20 : 0.136"
"20,4 : 0.136"
"4,21 : 0.9356"
"21,4 : 0.9356"
"4,22 : 0.3256"
"22,4 : 0.3256"
"4,23 : 0.524"
"23,4 : 0.524"
"4,24 : 0.961"
"24,4 : 0.961"
"4,25 : 0.6546"
"25,4 : 0.6546"
"4,26 : 0.9109"
"26,4 : 0.9109"
"4,27 : 0.0762"
"27,4 : 0.0762"
"4,28 : 0.5745"
"28,4 : 0.5745"
"4,29 : 0.5984"
"29,4 : 0.5984"
"4,30 : 0.5445"
"30,4 : 0.5445"
"4,31 : 0.908"
"31,4 : 0.908"
"4,32 : 0.6403"
"32,4 : 0.6403"
"4,33 : 0.3895"
"33,4 : 0.3895"
"4,34 : 0.6964"
"34,4 : 0.6964"
"4,35 : 0.4687"
"35,4 : 0.4687"
"4,36 : 0.6217"
"36,4 : 0.6217"
"4,37 : 0.3883"
"37,4 : 0.3883"
"4,38 : 0.3547"
"38,4 : 0.3547"
"4,39 : 0.5673"
"39,4 : 0.5673"
"4,40 : 0.3002"
"40,4 : 0.3002"
"4,41 : 0.822"
"41,4 : 0.822"
"4,42 : 0.1565"
"42,4 : 0.1565"
"4,43 : 0.6512"
"43,4 : 0.6512"
"4,44 : 0.5009"
"44,4 : 0.5009"
"4,45 : 0.23"
"45,4 : 0.23"
"4,46 : 0.7155"
"46,4 : 0.7155"
"4,47 : 0.7467"
"47,4 : 0.7467"
"4,48 : 0.1204"
"48,4 : 0.1204"
"4,49 : 0.4965"
"49,4 : 0.4965"
"4,50 : 0.49"
"50,4 : 0.49"
"4,51 : 0.17"
"51,4 : 0.17"
"4,52 : 0.3401"
"52,4 : 0.3401"
"4,53 : 0.3046"
"53,4 : 0.3046"
"4,54 : 0.7622"
"54,4 : 0.7622"
"4,55 : 0.7201"
"55,4 : 0.7201"
"4,56 : 0.3298"
"56,4 : 0.3298"
"4,57 : 0.8631"
"57,4 : 0.8631"
"4,58 : 0.6964"
"58,4 : 0.6964"
"4,59 : 0.3041"
"59,4 : 0.3041"
"4,60 : 0.5248"
"60,4 : 0.5248"
"4,61 : 0.5686"
"61,4 : 0.5686"
"4,62 : 0.2693"
"62,4 : 0.2693"
"4,63 : 0.764"
"63,4 : 0.764"
"4,64 : 0.2773"
"64,4 : 0.2773"
"4,65 : 0.9092"
"65,4 : 0.9092"
"4,66 : 0.6122"
"66,4 : 0.6122"
"4,67 : 0.6512"
"67,4 : 0.6512"
"4,68 : 0.086"
"68,4 : 0.086"
"4,69 : 0.2581"
"69,4 : 0.2581"
"4,70 : 0.4982"
"70,4 : 0.4982"
"4,71 : 0.246"
"71,4 : 0.246"
"4,72 : 0.2474"
"72,4 : 0.2474"
"4,73 : 0.9708"
"73,4 : 0.9708"
"4,74 : 0.2354"
"74,4 : 0.2354"
"4,75 : 0.6152"
"75,4 : 0.6152"
"4,76 : 0.6229"
"76,4 : 0.6229"
"4,77 : 0.1942"
"77,4 : 0.1942"
"4,78 : 0.1253"
"78,4 : 0.1253"
"4,79 : 0.486"
"79,4 : 0.486"
"4,80 : 0.3041"
"80,4 : 0.3041"
"4,81 : 1.0296"
"81,4 : 1.0296"
"4,82 : 0.4427"
"82,4 : 0.4427"
"4,83 : 0.2022"
"83,4 : 0.2022"
"4,84 : 0.6113"
"84,4 : 0.6113"
"4,85 : 0.5523"
"85,4 : 0.5523"
"4,86 : 0.2884"
"86,4 : 0.2884"
"4,87 : 0.968"
"87,4 : 0.968"
"4,88 : 0.7892"
"88,4 : 0.7892"
"4,89 : 0.7001"
"89,4 : 0.7001"
"4,90 : 0.483"
"90,4 : 0.483"
"4,91 : 0.1414"
"91,4 : 0.1414"
"4,92 : 0.512"
"92,4 : 0.512"
"4,93 : 0.7912"
"93,4 : 0.7912"
"4,94 : 0.7616"
"94,4 : 0.7616"
"4,95 : 0.7209"
"95,4 : 0.7209"
"4,96 : 0.1803"
"96,4 : 0.1803"
"4,97 : 0.4397"
"97,4 : 0.4397"
"4,98 : 0.18"
"98,4 : 0.18"
"4,99 : 0.6168"
"99,4 : 0.6168"
"5,6 : 0.17"
"6,5 : 0.17"
"5,7 : 0.5445"
"7,5 : 0.5445"
"5,8 : 0.9135"
"8,5 : 0.9135"
"5,9 : 0.614"
"9,5 : 0.614"
"5,10 : 0.1649"
"10,5 : 0.1649"
"5,11 : 0.2555"
"11,5 : 0.2555"
"5,12 : 0.7228"
"12,5 : 0.7228"
"5,13 : 0.1389"
"13,5 : 0.1389"
"5,14 : 0.2121"
"14,5 : 0.2121"
"5,15 : 0.6684"
"15,5 : 0.6684"
"5,16 : 0.6239"
"16,5 : 0.6239"
"5,17 : 0.2012"
"17,5 : 0.2012"
"5,18 : 0.3437"
"18,5 : 0.3437"
"5,19 : 0.4397"
"19,5 : 0.4397"
"5,20 : 0.3245"
"20,5 : 0.3245"
"5,21 : 0.7806"
"21,5 : 0.7806"
"5,22 : 0.4669"
"22,5 : 0.4669"
"5,23 : 0.5501"
"23,5 : 0.5501"
"5,24 : 0.8693"
"24,5 : 0.8693"
"5,25 : 0.4851"
"25,5 : 0.4851"
"5,26 : 0.8373"
"26,5 : 0.8373"
"5,27 : 0.1838"
"27,5 : 0.1838"
"5,28 : 0.5622"
"28,5 : 0.5622"
"5,29 : 0.4518"
"29,5 : 0.4518"
"5,30 : 0.4518"
"30,5 : 0.4518"
"5,31 : 0.8324"
"31,5 : 0.8324"
"5,32 : 0.4441"
"32,5 : 0.4441"
"5,33 : 0.1921"
"33,5 : 0.1921"
"5,34 : 0.5324"
"34,5 : 0.5324"
"5,35 : 0.2773"
"35,5 : 0.2773"
"5,36 : 0.5869"
"36,5 : 0.5869"
"5,37 : 0.4669"
"37,5 : 0.4669"
"5,38 : 0.1581"
"38,5 : 0.1581"
"5,39 : 0.5867"
"39,5 : 0.5867"
"5,40 : 0.2193"
"40,5 : 0.2193"
"5,41 : 0.6268"
"41,5 : 0.6268"
"5,42 : 0.21"
"42,5 : 0.21"
"5,43 : 0.5004"
"43,5 : 0.5004"
"5,44 : 0.3764"
"44,5 : 0.3764"
"5,45 : 0.1664"
"45,5 : 0.1664"
"5,46 : 0.5314"
"46,5 : 0.5314"
"5,47 : 0.6462"
"47,5 : 0.6462"
"5,48 : 0.2907"
"48,5 : 0.2907"
"5,49 : 0.3306"
"49,5 : 0.3306"
"5,50 : 0.377"
"50,5 : 0.377"
"5,51 : 0.1432"
"51,5 : 0.1432"
"5,52 : 0.17"
"52,5 : 0.17"
"5,53 : 0.1414"
"53,5 : 0.1414"
"5,54 : 0.5661"
"54,5 : 0.5661"
"5,55 : 0.6862"
"55,5 : 0.6862"
"5,56 : 0.1897"
"56,5 : 0.1897"
"5,57 : 0.6778"
"57,5 : 0.6778"
"5,58 : 0.642"
"58,5 : 0.642"
"5,59 : 0.3667"
"59,5 : 0.3667"
"5,60 : 0.3362"
"60,5 : 0.3362"
"5,61 : 0.5304"
"61,5 : 0.5304"
"5,62 : 0.2419"
"62,5 : 0.2419"
"5,63 : 0.6848"
"63,5 : 0.6848"
"5,64 : 0.3905"
"64,5 : 0.3905"
"5,65 : 0.8778"
"65,5 : 0.8778"
"5,66 : 0.4162"
"66,5 : 0.4162"
"5,67 : 0.5408"
"67,5 : 0.5408"
"5,68 : 0.114"
"68,5 : 0.114"
"5,69 : 0.2983"
"69,5 : 0.2983"
"5,70 : 0.5566"
"70,5 : 0.5566"
"5,71 : 0.0854"
"71,5 : 0.0854"
"5,72 : 0.2236"
"72,5 : 0.2236"
"5,73 : 0.7877"
"73,5 : 0.7877"
"5,74 : 0.1273"
"74,5 : 0.1273"
"5,75 : 0.4738"
"75,5 : 0.4738"
"5,76 : 0.4252"
"76,5 : 0.4252"
"5,77 : 0.3015"
"77,5 : 0.3015"
"5,78 : 0.0854"
"78,5 : 0.0854"
"5,79 : 0.4974"
"79,5 : 0.4974"
"5,80 : 0.1836"
"80,5 : 0.1836"
"5,81 : 0.8476"
"81,5 : 0.8476"
"5,82 : 0.28"
"82,5 : 0.28"
"5,83 : 0.1253"
"83,5 : 0.1253"
"5,84 : 0.5033"
"84,5 : 0.5033"
"5,85 : 0.6282"
"85,5 : 0.6282"
"5,86 : 0.102"
"86,5 : 0.102"
"5,87 : 0.9021"
"87,5 : 0.9021"
"5,88 : 0.6403"
"88,5 : 0.6403"
"5,89 : 0.6482"
"89,5 : 0.6482"
"5,90 : 0.4623"
"90,5 : 0.4623"
"5,91 : 0.16"
"91,5 : 0.16"
"5,92 : 0.3612"
"92,5 : 0.3612"
"5,93 : 0.7324"
"93,5 : 0.7324"
"5,94 : 0.5824"
"94,5 : 0.5824"
"5,95 : 0.6748"
"95,5 : 0.6748"
"5,96 : 0.136"
"96,5 : 0.136"
"5,97 : 0.2802"
"97,5 : 0.2802"
"5,98 : 0.1456"
"98,5 : 0.1456"
"5,99 : 0.4518"
"99,5 : 0.4518"
"6,7 : 0.5099"
"7,6 : 0.5099"
"6,8 : 0.756"
"8,6 : 0.756"
"6,9 : 0.5104"
"9,6 : 0.5104"
"6,10 : 0.0412"
"10,6 : 0.0412"
"6,11 : 0.313"
"11,6 : 0.313"
"6,12 : 0.7024"
"12,6 : 0.7024"
"6,13 : 0.2236"
"13,6 : 0.2236"
"6,14 : 0.1769"
"14,6 : 0.1769"
"6,15 : 0.5025"
"15,6 : 0.5025"
"6,16 : 0.5831"
"16,6 : 0.5831"
"6,17 : 0.3712"
"17,6 : 0.3712"
"6,18 : 0.4909"
"18,6 : 0.4909"
"6,19 : 0.2746"
"19,6 : 0.2746"
"6,20 : 0.2864"
"20,6 : 0.2864"
"6,21 : 0.7228"
"21,6 : 0.7228"
"6,22 : 0.3489"
"22,6 : 0.3489"
"6,23 : 0.3801"
"23,6 : 0.3801"
"6,24 : 0.7446"
"24,6 : 0.7446"
"6,25 : 0.4565"
"25,6 : 0.4565"
"6,26 : 0.7001"
"26,6 : 0.7001"
"6,27 : 0.1513"
"27,6 : 0.1513"
"6,28 : 0.3962"
"28,6 : 0.3962"
"6,29 : 0.386"
"29,6 : 0.386"
"6,30 : 0.3256"
"30,6 : 0.3256"
"6,31 : 0.6964"
"31,6 : 0.6964"
"6,32 : 0.5408"
"32,6 : 0.5408"
"6,33 : 0.2789"
"33,6 : 0.2789"
"6,34 : 0.4924"
"34,6 : 0.4924"
"6,35 : 0.402"
"35,6 : 0.402"
"6,36 : 0.428"
"36,6 : 0.428"
"6,37 : 0.31"
"37,6 : 0.31"
"6,38 : 0.2452"
"38,6 : 0.2452"
"6,39 : 0.4168"
"39,6 : 0.4168"
"6,40 : 0.08"
"40,6 : 0.08"
"6,41 : 0.666"
"41,6 : 0.666"
"6,42 : 0.1"
"42,6 : 0.1"
"6,43 : 0.4397"
"43,6 : 0.4397"
"6,44 : 0.5442"
"44,6 : 0.5442"
"6,45 : 0.3256"
"45,6 : 0.3256"
"6,46 : 0.5341"
"46,6 : 0.5341"
"6,47 : 0.5277"
"47,6 : 0.5277"
"6,48 : 0.2371"
"48,6 : 0.2371"
"6,49 : 0.3023"
"49,6 : 0.3023"
"6,50 : 0.2702"
"50,6 : 0.2702"
"6,51 : 0.051"
"51,6 : 0.051"
"6,52 : 0.1749"
"52,6 : 0.1749"
"6,53 : 0.1432"
"53,6 : 0.1432"
"6,54 : 0.6122"
"54,6 : 0.6122"
"6,55 : 0.528"
"55,6 : 0.528"
"6,56 : 0.1345"
"56,6 : 0.1345"
"6,57 : 0.6801"
"57,6 : 0.6801"
"6,58 : 0.4924"
"58,6 : 0.4924"
"6,59 : 0.2102"
"59,6 : 0.2102"
"6,60 : 0.3624"
"60,6 : 0.3624"
"6,61 : 0.372"
"61,6 : 0.372"
"6,62 : 0.0721"
"62,6 : 0.0721"
"6,63 : 0.5503"
"63,6 : 0.5503"
"6,64 : 0.26"
"64,6 : 0.26"
"6,65 : 0.7201"
"65,6 : 0.7201"
"6,66 : 0.4687"
"66,6 : 0.4687"
"6,67 : 0.431"
"67,6 : 0.431"
"6,68 : 0.1616"
"68,6 : 0.1616"
"6,69 : 0.1404"
"69,6 : 0.1404"
"6,70 : 0.3905"
"70,6 : 0.3905"
"6,71 : 0.12"
"71,6 : 0.12"
"6,72 : 0.0539"
"72,6 : 0.0539"
"6,73 : 0.7823"
"73,6 : 0.7823"
"6,74 : 0.2941"
"74,6 : 0.2941"
"6,75 : 0.4002"
"75,6 : 0.4002"
"6,76 : 0.4924"
"76,6 : 0.4924"
"6,77 : 0.186"
"77,6 : 0.186"
"6,78 : 0.1304"
"78,6 : 0.1304"
"6,79 : 0.3276"
"79,6 : 0.3276"
"6,80 : 0.1"
"80,6 : 0.1"
"6,81 : 0.8386"
"81,6 : 0.8386"
"6,82 : 0.4374"
"82,6 : 0.4374"
"6,83 : 0.0447"
"83,6 : 0.0447"
"6,84 : 0.3912"
"84,6 : 0.3912"
"6,85 : 0.4653"
"85,6 : 0.4653"
"6,86 : 0.2571"
"86,6 : 0.2571"
"6,87 : 0.7606"
"87,6 : 0.7606"
"6,88 : 0.5749"
"88,6 : 0.5749"
"6,89 : 0.4974"
"89,6 : 0.4974"
"6,90 : 0.297"
"90,6 : 0.297"
"6,91 : 0.283"
"91,6 : 0.283"
"6,92 : 0.5217"
"92,6 : 0.5217"
"6,93 : 0.5859"
"93,6 : 0.5859"
"6,94 : 0.5714"
"94,6 : 0.5714"
"6,95 : 0.5215"
"95,6 : 0.5215"
"6,96 : 0.0447"
"96,6 : 0.0447"
"6,97 : 0.4393"
"97,6 : 0.4393"
"6,98 : 0.2907"
"98,6 : 0.2907"
"6,99 : 0.4159"
"99,6 : 0.4159"
"7,8 : 0.6943"
"8,7 : 0.6943"
"7,9 : 0.2452"
"9,7 : 0.2452"
"7,10 : 0.5504"
"10,7 : 0.5504"
"7,11 : 0.3256"
"11,7 : 0.3256"
"7,12 : 0.1942"
"12,7 : 0.1942"
"7,13 : 0.42"
"13,7 : 0.42"
"7,14 : 0.3448"
"14,7 : 0.3448"
"7,15 : 0.6021"
"15,7 : 0.6021"
"7,16 : 0.08"
"16,7 : 0.08"
"7,17 : 0.6395"
"17,7 : 0.6395"
"7,18 : 0.5595"
"18,7 : 0.5595"
"7,19 : 0.6389"
"19,7 : 0.6389"
"7,20 : 0.7962"
"20,7 : 0.7962"
"7,21 : 0.2433"
"21,7 : 0.2433"
"7,22 : 0.8157"
"22,7 : 0.8157"
"7,23 : 0.6306"
"23,7 : 0.6306"
"7,24 : 0.4855"
"24,7 : 0.4855"
"7,25 : 0.06"
"25,7 : 0.06"
"7,26 : 0.5162"
"26,7 : 0.5162"
"7,27 : 0.6555"
"27,7 : 0.6555"
"7,28 : 0.5442"
"28,7 : 0.5442"
"7,29 : 0.1421"
"29,7 : 0.1421"
"7,30 : 0.313"
"30,7 : 0.313"
"7,31 : 0.507"
"31,7 : 0.507"
"7,32 : 0.4031"
"32,7 : 0.4031"
"7,33 : 0.3932"
"33,7 : 0.3932"
"7,34 : 0.0224"
"34,7 : 0.0224"
"7,35 : 0.4569"
"35,7 : 0.4569"
"7,36 : 0.4948"
"36,7 : 0.4948"
"7,37 : 0.7018"
"37,7 : 0.7018"
"7,38 : 0.4105"
"38,7 : 0.4105"
"7,39 : 0.6316"
"39,7 : 0.6316"
"7,40 : 0.4391"
"40,7 : 0.4391"
"7,41 : 0.2807"
"41,7 : 0.2807"
"7,42 : 0.6083"
"42,7 : 0.6083"
"7,43 : 0.0985"
"43,7 : 0.0985"
"7,44 : 0.7118"
"44,7 : 0.7118"
"7,45 : 0.6803"
"45,7 : 0.6803"
"7,46 : 0.117"
"46,7 : 0.117"
"7,47 : 0.3158"
"47,7 : 0.3158"
"7,48 : 0.7469"
"48,7 : 0.7469"
"7,49 : 0.2159"
"49,7 : 0.2159"
"7,50 : 0.2832"
"50,7 : 0.2832"
"7,51 : 0.5515"
"51,7 : 0.5515"
"7,52 : 0.3766"
"52,7 : 0.3766"
"7,53 : 0.41"
"53,7 : 0.41"
"7,54 : 0.272"
"54,7 : 0.272"
"7,55 : 0.5415"
"55,7 : 0.5415"
"7,56 : 0.3828"
"56,7 : 0.3828"
"7,57 : 0.2012"
"57,7 : 0.2012"
"7,58 : 0.461"
"58,7 : 0.461"
"7,59 : 0.637"
"59,7 : 0.637"
"7,60 : 0.2377"
"60,7 : 0.2377"
"7,61 : 0.4682"
"61,7 : 0.4682"
"7,62 : 0.5048"
"62,7 : 0.5048"
"7,63 : 0.4045"
"63,7 : 0.4045"
"7,64 : 0.7247"
"64,7 : 0.7247"
"7,65 : 0.6691"
"65,7 : 0.6691"
"7,66 : 0.2625"
"66,7 : 0.2625"
"7,67 : 0.2518"
"67,7 : 0.2518"
"7,68 : 0.6306"
"68,7 : 0.6306"
"7,69 : 0.592"
"69,7 : 0.592"
"7,70 : 0.7049"
"70,7 : 0.7049"
"7,71 : 0.4707"
"71,7 : 0.4707"
"7,72 : 0.5162"
"72,7 : 0.5162"
"7,73 : 0.2828"
"73,7 : 0.2828"
"7,74 : 0.6303"
"74,7 : 0.6303"
"7,75 : 0.1476"
"75,7 : 0.1476"
"7,76 : 0.3041"
"76,7 : 0.3041"
"7,77 : 0.6796"
"77,7 : 0.6796"
"7,78 : 0.5894"
"78,7 : 0.5894"
"7,79 : 0.578"
"79,7 : 0.578"
"7,80 : 0.4123"
"80,7 : 0.4123"
"7,81 : 0.3342"
"81,7 : 0.3342"
"7,82 : 0.5794"
"82,7 : 0.5794"
"7,83 : 0.5126"
"83,7 : 0.5126"
"7,84 : 0.2596"
"84,7 : 0.2596"
"7,85 : 0.7839"
"85,7 : 0.7839"
"7,86 : 0.5209"
"86,7 : 0.5209"
"7,87 : 0.5869"
"87,7 : 0.5869"
"7,88 : 0.1345"
"88,7 : 0.1345"
"7,89 : 0.471"
"89,7 : 0.471"
"7,90 : 0.4974"
"90,7 : 0.4974"
"7,91 : 0.7035"
"91,7 : 0.7035"
"7,92 : 0.6395"
"92,7 : 0.6395"
"7,93 : 0.4937"
"93,7 : 0.4937"
"7,94 : 0.0922"
"94,7 : 0.0922"
"7,95 : 0.5004"
"95,7 : 0.5004"
"7,96 : 0.5385"
"96,7 : 0.5385"
"7,97 : 0.5887"
"97,7 : 0.5887"
"7,98 : 0.6807"
"98,7 : 0.6807"
"7,99 : 0.0949"
"99,7 : 0.0949"
"8,9 : 0.4491"
"9,8 : 0.4491"
"8,10 : 0.7824"
"10,8 : 0.7824"
"8,11 : 0.8713"
"11,8 : 0.8713"
"8,12 : 0.7903"
"12,8 : 0.7903"
"8,13 : 0.8809"
"13,8 : 0.8809"
"8,14 : 0.7465"
"14,8 : 0.7465"
"8,15 : 0.2751"
"15,8 : 0.2751"
"8,16 : 0.6826"
"16,8 : 0.6826"
"8,17 : 1.1032"
"17,8 : 1.1032"
"8,18 : 1.1399"
"18,8 : 1.1399"
"8,19 : 0.5819"
"19,8 : 0.5819"
"8,20 : 0.9248"
"20,8 : 0.9248"
"8,21 : 0.6478"
"21,8 : 0.6478"
"8,22 : 0.7747"
"22,8 : 0.7747"
"8,23 : 0.4464"
"23,8 : 0.4464"
"8,24 : 0.2955"
"24,8 : 0.2955"
"8,25 : 0.7088"
"25,8 : 0.7088"
"8,26 : 0.2062"
"26,8 : 0.2062"
"8,27 : 0.8695"
"27,8 : 0.8695"
"8,28 : 0.3712"
"28,8 : 0.3712"
"8,29 : 0.6147"
"29,8 : 0.6147"
"8,30 : 0.4883"
"30,8 : 0.4883"
"8,31 : 0.2159"
"31,8 : 0.2159"
"8,32 : 1.057"
"32,8 : 1.057"
"8,33 : 0.9021"
"33,8 : 0.9021"
"8,34 : 0.6768"
"34,8 : 0.6768"
"8,35 : 1.0263"
"35,8 : 1.0263"
"8,36 : 0.328"
"36,8 : 0.328"
"8,37 : 0.6185"
"37,8 : 0.6185"
"8,38 : 0.8902"
"38,8 : 0.8902"
"8,39 : 0.4026"
"39,8 : 0.4026"
"8,40 : 0.6943"
"40,8 : 0.6943"
"8,41 : 0.9732"
"41,8 : 0.9732"
"8,42 : 0.7889"
"42,8 : 0.7889"
"8,43 : 0.6168"
"43,8 : 0.6168"
"8,44 : 1.251"
"44,8 : 1.251"
"8,45 : 1.0781"
"45,8 : 1.0781"
"8,46 : 0.8102"
"46,8 : 0.8102"
"8,47 : 0.3785"
"47,8 : 0.3785"
"8,48 : 0.8824"
"48,8 : 0.8824"
"8,49 : 0.7207"
"49,8 : 0.7207"
"8,50 : 0.5743"
"50,8 : 0.5743"
"8,51 : 0.8021"
"51,8 : 0.8021"
"8,52 : 0.7951"
"52,8 : 0.7951"
"8,53 : 0.7998"
"53,8 : 0.7998"
"8,54 : 0.9654"
"54,8 : 0.9654"
"8,55 : 0.228"
"55,8 : 0.228"
"8,56 : 0.7433"
"56,8 : 0.7433"
"8,57 : 0.8615"
"57,8 : 0.8615"
"8,58 : 0.278"
"58,8 : 0.278"
"8,59 : 0.6592"
"59,8 : 0.6592"
"8,60 : 0.8273"
"60,8 : 0.8273"
"8,61 : 0.3842"
"61,8 : 0.3842"
"8,62 : 0.6882"
"62,8 : 0.6882"
"8,63 : 0.2912"
"63,8 : 0.2912"
"8,64 : 0.7338"
"64,8 : 0.7338"
"8,65 : 0.0361"
"65,8 : 0.0361"
"8,66 : 0.9155"
"66,8 : 0.9155"
"8,67 : 0.4624"
"67,8 : 0.4624"
"8,68 : 0.9126"
"68,8 : 0.9126"
"8,69 : 0.6888"
"69,8 : 0.6888"
"8,70 : 0.5162"
"70,8 : 0.5162"
"8,71 : 0.8345"
"71,8 : 0.8345"
"8,72 : 0.7103"
"72,8 : 0.7103"
"8,73 : 0.882"
"73,8 : 0.882"
"8,74 : 1.0406"
"74,8 : 1.0406"
"8,75 : 0.5887"
"75,8 : 0.5887"
"8,76 : 0.9601"
"76,8 : 0.9601"
"8,77 : 0.7747"
"77,8 : 0.7747"
"8,78 : 0.886"
"78,8 : 0.886"
"8,79 : 0.4662"
"79,8 : 0.4662"
"8,80 : 0.7354"
"80,8 : 0.7354"
"8,81 : 0.8981"
"81,8 : 0.8981"
"8,82 : 1.12"
"82,8 : 1.12"
"8,83 : 0.7965"
"83,8 : 0.7965"
"8,84 : 0.4785"
"84,8 : 0.4785"
"8,85 : 0.53"
"85,8 : 0.53"
"8,86 : 0.9694"
"86,8 : 0.9694"
"8,87 : 0.1664"
"87,8 : 0.1664"
"8,88 : 0.5914"
"88,8 : 0.5914"
"8,89 : 0.2702"
"89,8 : 0.2702"
"8,90 : 0.4632"
"90,8 : 0.4632"
"8,91 : 1.0381"
"91,8 : 1.0381"
"8,92 : 1.2021"
"92,8 : 1.2021"
"8,93 : 0.2062"
"93,8 : 0.2062"
"8,94 : 0.7793"
"94,8 : 0.7793"
"8,95 : 0.2408"
"95,8 : 0.2408"
"8,96 : 0.8"
"96,8 : 0.8"
"8,97 : 1.1261"
"97,8 : 1.1261"
"8,98 : 1.0464"
"98,8 : 1.0464"
"8,99 : 0.6895"
"99,8 : 0.6895"
"9,10 : 0.5501"
"10,9 : 0.5501"
"9,11 : 0.4763"
"11,9 : 0.4763"
"9,12 : 0.3669"
"12,9 : 0.3669"
"9,13 : 0.5277"
"13,9 : 0.5277"
"9,14 : 0.405"
"14,9 : 0.405"
"9,15 : 0.3891"
"15,9 : 0.3891"
"9,16 : 0.2419"
"16,9 : 0.2419"
"9,17 : 0.7648"
"17,9 : 0.7648"
"9,18 : 0.7428"
"18,9 : 0.7428"
"9,19 : 0.5235"
"19,9 : 0.5235"
"9,20 : 0.7765"
"20,9 : 0.7765"
"9,21 : 0.2759"
"21,9 : 0.2759"
"9,22 : 0.7301"
"22,9 : 0.7301"
"9,23 : 0.4669"
"23,9 : 0.4669"
"9,24 : 0.2702"
"24,9 : 0.2702"
"9,25 : 0.264"
"25,9 : 0.264"
"9,26 : 0.2778"
"26,9 : 0.2778"
"9,27 : 0.66"
"27,9 : 0.66"
"9,28 : 0.3612"
"28,9 : 0.3612"
"9,29 : 0.191"
"29,9 : 0.191"
"9,30 : 0.1942"
"30,9 : 0.1942"
"9,31 : 0.2693"
"31,9 : 0.2693"
"9,32 : 0.6243"
"32,9 : 0.6243"
"9,33 : 0.527"
"33,9 : 0.527"
"9,34 : 0.228"
"34,9 : 0.228"
"9,35 : 0.6303"
"35,9 : 0.6303"
"9,36 : 0.2941"
"36,9 : 0.2941"
"9,37 : 0.5867"
"37,9 : 0.5867"
"9,38 : 0.5284"
"38,9 : 0.5284"
"9,39 : 0.4534"
"39,9 : 0.4534"
"9,40 : 0.4305"
"40,9 : 0.4305"
"9,41 : 0.5247"
"41,9 : 0.5247"
"9,42 : 0.5914"
"42,9 : 0.5914"
"9,43 : 0.1749"
"43,9 : 0.1749"
"9,44 : 0.878"
"44,9 : 0.878"
"9,45 : 0.7749"
"45,9 : 0.7749"
"9,46 : 0.3614"
"46,9 : 0.3614"
"9,47 : 0.0707"
"47,9 : 0.0707"
"9,48 : 0.7256"
"48,9 : 0.7256"
"9,49 : 0.322"
"49,9 : 0.322"
"9,50 : 0.2419"
"50,9 : 0.2419"
"9,51 : 0.5608"
"51,9 : 0.5608"
"9,52 : 0.4531"
"52,9 : 0.4531"
"9,53 : 0.4743"
"53,9 : 0.4743"
"9,54 : 0.5166"
"54,9 : 0.5166"
"9,55 : 0.3132"
"55,9 : 0.3132"
"9,56 : 0.4245"
"56,9 : 0.4245"
"9,57 : 0.4219"
"57,9 : 0.4219"
"9,58 : 0.2341"
"58,9 : 0.2341"
"9,59 : 0.5536"
"59,9 : 0.5536"
"9,60 : 0.4104"
"60,9 : 0.4104"
"9,61 : 0.29"
"61,9 : 0.29"
"9,62 : 0.4717"
"62,9 : 0.4717"
"9,63 : 0.1603"
"63,9 : 0.1603"
"9,64 : 0.6485"
"64,9 : 0.6485"
"9,65 : 0.4243"
"65,9 : 0.4243"
"9,66 : 0.4802"
"66,9 : 0.4802"
"9,67 : 0.0806"
"67,9 : 0.0806"
"9,68 : 0.6648"
"68,9 : 0.6648"
"9,69 : 0.5337"
"69,9 : 0.5337"
"9,70 : 0.5532"
"70,9 : 0.5532"
"9,71 : 0.5289"
"71,9 : 0.5289"
"9,72 : 0.4909"
"72,9 : 0.4909"
"9,73 : 0.4649"
"73,9 : 0.4649"
"9,74 : 0.728"
"74,9 : 0.728"
"9,75 : 0.1628"
"75,9 : 0.1628"
"9,76 : 0.5248"
"76,9 : 0.5248"
"9,77 : 0.6335"
"77,9 : 0.6335"
"9,78 : 0.6265"
"78,9 : 0.6265"
"9,79 : 0.428"
"79,9 : 0.428"
"9,80 : 0.4374"
"80,9 : 0.4374"
"9,81 : 0.4966"
"81,9 : 0.4966"
"9,82 : 0.742"
"82,9 : 0.742"
"9,83 : 0.5334"
"83,9 : 0.5334"
"9,84 : 0.1204"
"84,9 : 0.1204"
"9,85 : 0.6223"
"85,9 : 0.6223"
"9,86 : 0.6307"
"86,9 : 0.6307"
"9,87 : 0.3499"
"87,9 : 0.3499"
"9,88 : 0.1581"
"88,9 : 0.1581"
"9,89 : 0.2435"
"89,9 : 0.2435"
"9,90 : 0.3551"
"90,9 : 0.3551"
"9,91 : 0.769"
"91,9 : 0.769"
"9,92 : 0.8157"
"92,9 : 0.8157"
"9,93 : 0.2502"
"93,9 : 0.2502"
"9,94 : 0.3314"
"94,9 : 0.3314"
"9,95 : 0.2693"
"95,9 : 0.2693"
"9,96 : 0.5515"
"96,9 : 0.5515"
"9,97 : 0.75"
"97,9 : 0.75"
"9,98 : 0.7596"
"98,9 : 0.7596"
"9,99 : 0.2524"
"99,9 : 0.2524"
"10,11 : 0.3413"
"11,10 : 0.3413"
"10,12 : 0.7424"
"12,10 : 0.7424"
"10,13 : 0.2435"
"13,10 : 0.2435"
"10,14 : 0.214"
"14,10 : 0.214"
"10,15 : 0.5235"
"15,10 : 0.5235"
"10,16 : 0.6239"
"16,10 : 0.6239"
"10,17 : 0.364"
"17,10 : 0.364"
"10,18 : 0.5001"
"18,10 : 0.5001"
"10,19 : 0.2751"
"19,10 : 0.2751"
"10,20 : 0.246"
"20,10 : 0.246"
"10,21 : 0.764"
"21,10 : 0.764"
"10,22 : 0.3231"
"22,10 : 0.3231"
"10,23 : 0.3912"
"23,10 : 0.3912"
"10,24 : 0.781"
"24,10 : 0.781"
"10,25 : 0.4965"
"25,10 : 0.4965"
"10,26 : 0.7339"
"26,10 : 0.7339"
"10,27 : 0.1105"
"27,10 : 0.1105"
"10,28 : 0.4177"
"28,10 : 0.4177"
"10,29 : 0.4272"
"29,10 : 0.4272"
"10,30 : 0.3635"
"30,10 : 0.3635"
"10,31 : 0.7305"
"31,10 : 0.7305"
"10,32 : 0.5646"
"32,10 : 0.5646"
"10,33 : 0.3008"
"33,10 : 0.3008"
"10,34 : 0.5331"
"34,10 : 0.5331"
"10,35 : 0.4177"
"35,10 : 0.4177"
"10,36 : 0.4549"
"36,10 : 0.4549"
"10,37 : 0.3027"
"37,10 : 0.3027"
"10,38 : 0.2657"
"38,10 : 0.2657"
"10,39 : 0.4301"
"39,10 : 0.4301"
"10,40 : 0.1204"
"40,10 : 0.1204"
"10,41 : 0.7004"
"41,10 : 0.7004"
"10,42 : 0.064"
"42,10 : 0.064"
"10,43 : 0.4808"
"43,10 : 0.4808"
"10,44 : 0.5412"
"44,10 : 0.5412"
"10,45 : 0.3081"
"45,10 : 0.3081"
"10,46 : 0.572"
"46,10 : 0.572"
"10,47 : 0.5657"
"47,10 : 0.5657"
"10,48 : 0.1972"
"48,10 : 0.1972"
"10,49 : 0.3413"
"49,10 : 0.3413"
"10,50 : 0.3106"
"50,10 : 0.3106"
"10,51 : 0.0224"
"51,10 : 0.0224"
"10,52 : 0.2062"
"52,10 : 0.2062"
"10,53 : 0.172"
"53,10 : 0.172"
"10,54 : 0.6454"
"54,10 : 0.6454"
"10,55 : 0.5547"
"55,10 : 0.5547"
"10,56 : 0.172"
"56,10 : 0.172"
"10,57 : 0.7185"
"57,10 : 0.7185"
"10,58 : 0.5233"
"58,10 : 0.5233"
"10,59 : 0.2022"
"59,10 : 0.2022"
"10,60 : 0.3962"
"60,10 : 0.3962"
"10,61 : 0.3996"
"61,10 : 0.3996"
"10,62 : 0.0943"
"62,10 : 0.0943"
"10,63 : 0.5852"
"63,10 : 0.5852"
"10,64 : 0.2377"
"64,10 : 0.2377"
"10,65 : 0.7463"
"65,10 : 0.7463"
"10,66 : 0.5"
"66,10 : 0.5"
"10,67 : 0.4704"
"67,10 : 0.4704"
"10,68 : 0.1304"
"68,10 : 0.1304"
"10,69 : 0.1334"
"69,10 : 0.1334"
"10,70 : 0.3922"
"70,10 : 0.3922"
"10,71 : 0.136"
"71,10 : 0.136"
"10,72 : 0.0721"
"72,10 : 0.0721"
"10,73 : 0.8215"
"73,10 : 0.8215"
"10,74 : 0.2818"
"74,10 : 0.2818"
"10,75 : 0.4415"
"75,10 : 0.4415"
"10,76 : 0.5215"
"76,10 : 0.5215"
"10,77 : 0.1565"
"77,10 : 0.1565"
"10,78 : 0.1063"
"78,10 : 0.1063"
"10,79 : 0.3421"
"79,10 : 0.3421"
"10,80 : 0.1389"
"80,10 : 0.1389"
"10,81 : 0.8782"
"81,10 : 0.8782"
"10,82 : 0.4418"
"82,10 : 0.4418"
"10,83 : 0.0539"
"83,10 : 0.0539"
"10,84 : 0.4305"
"84,10 : 0.4305"
"10,85 : 0.4632"
"85,10 : 0.4632"
"10,86 : 0.2608"
"86,10 : 0.2608"
"10,87 : 0.7931"
"87,10 : 0.7931"
"10,88 : 0.6161"
"88,10 : 0.6161"
"10,89 : 0.5277"
"89,10 : 0.5277"
"10,90 : 0.3202"
"90,10 : 0.3202"
"10,91 : 0.2561"
"91,10 : 0.2561"
"10,92 : 0.5247"
"92,10 : 0.5247"
"10,93 : 0.6174"
"93,10 : 0.6174"
"10,94 : 0.6106"
"94,10 : 0.6106"
"10,95 : 0.5507"
"95,10 : 0.5507"
"10,96 : 0.03"
"96,10 : 0.03"
"10,97 : 0.4428"
"97,10 : 0.4428"
"10,98 : 0.2691"
"98,10 : 0.2691"
"10,99 : 0.4562"
"99,10 : 0.4562"
"11,12 : 0.4826"
"12,11 : 0.4826"
"11,13 : 0.1166"
"13,11 : 0.1166"
"11,14 : 0.1603"
"14,11 : 0.1603"
"11,15 : 0.6801"
"15,11 : 0.6801"
"11,16 : 0.4045"
"16,11 : 0.4045"
"11,17 : 0.314"
"17,11 : 0.314"
"11,18 : 0.2702"
"18,11 : 0.2702"
"11,19 : 0.5573"
"19,11 : 0.5573"
"11,20 : 0.5657"
"20,11 : 0.5657"
"11,21 : 0.5689"
"21,11 : 0.5689"
"11,22 : 0.6619"
"22,11 : 0.6619"
"11,23 : 0.6207"
"23,11 : 0.6207"
"11,24 : 0.7465"
"24,11 : 0.7465"
"11,25 : 0.2668"
"25,11 : 0.2668"
"11,26 : 0.7428"
"26,11 : 0.7428"
"11,27 : 0.4173"
"27,11 : 0.4173"
"11,28 : 0.5846"
"28,11 : 0.5846"
"11,29 : 0.286"
"29,11 : 0.286"
"11,30 : 0.3847"
"30,11 : 0.3847"
"11,31 : 0.7355"
"31,11 : 0.7355"
"11,32 : 0.2335"
"32,11 : 0.2335"
"11,33 : 0.0707"
"33,11 : 0.0707"
"11,34 : 0.3202"
"34,11 : 0.3202"
"11,35 : 0.1562"
"35,11 : 0.1562"
"11,36 : 0.5758"
"36,11 : 0.5758"
"11,37 : 0.6064"
"37,11 : 0.6064"
"11,38 : 0.0985"
"38,11 : 0.0985"
"11,39 : 0.6438"
"39,11 : 0.6438"
"11,40 : 0.2864"
"40,11 : 0.2864"
"11,41 : 0.372"
"41,11 : 0.372"
"11,42 : 0.405"
"42,11 : 0.405"
"11,43 : 0.3176"
"43,11 : 0.3176"
"11,44 : 0.4022"
"44,11 : 0.4022"
"11,45 : 0.3622"
"45,11 : 0.3622"
"11,46 : 0.2844"
"46,11 : 0.2844"
"11,47 : 0.5304"
"47,11 : 0.5304"
"11,48 : 0.524"
"48,11 : 0.524"
"11,49 : 0.1556"
"49,11 : 0.1556"
"11,50 : 0.2997"
"50,11 : 0.2997"
"11,51 : 0.3302"
"51,11 : 0.3302"
"11,52 : 0.1393"
"52,11 : 0.1393"
"11,53 : 0.17"
"53,11 : 0.17"
"11,54 : 0.3124"
"54,11 : 0.3124"
"11,55 : 0.6621"
"55,11 : 0.6621"
"11,56 : 0.1942"
"56,11 : 0.1942"
"11,57 : 0.4272"
"57,11 : 0.4272"
"11,58 : 0.5954"
"58,11 : 0.5954"
"11,59 : 0.5124"
"59,11 : 0.5124"
"11,60 : 0.09"
"60,11 : 0.09"
"11,61 : 0.525"
"61,11 : 0.525"
"11,62 : 0.3544"
"62,11 : 0.3544"
"11,63 : 0.5967"
"63,11 : 0.5967"
"11,64 : 0.5727"
"64,11 : 0.5727"
"11,65 : 0.8386"
"65,11 : 0.8386"
"11,66 : 0.1628"
"66,11 : 0.1628"
"11,67 : 0.4245"
"67,11 : 0.4245"
"11,68 : 0.364"
"68,11 : 0.364"
"11,69 : 0.446"
"69,11 : 0.446"
"11,70 : 0.6619"
"70,11 : 0.6619"
"11,71 : 0.2126"
"71,11 : 0.2126"
"11,72 : 0.3511"
"72,11 : 0.3511"
"11,73 : 0.5385"
"73,11 : 0.5385"
"11,74 : 0.3126"
"74,11 : 0.3126"
"11,75 : 0.314"
"75,11 : 0.314"
"11,76 : 0.1803"
"76,11 : 0.1803"
"11,77 : 0.4974"
"77,11 : 0.4974"
"11,78 : 0.3265"
"78,11 : 0.3265"
"11,79 : 0.5608"
"79,11 : 0.5608"
"11,80 : 0.228"
"80,11 : 0.228"
"11,81 : 0.5991"
"81,11 : 0.5991"
"11,82 : 0.2663"
"82,11 : 0.2663"
"11,83 : 0.2884"
"83,11 : 0.2884"
"11,84 : 0.3982"
"84,11 : 0.3982"
"11,85 : 0.7433"
"85,11 : 0.7433"
"11,86 : 0.2022"
"86,11 : 0.2022"
"11,87 : 0.8139"
"87,11 : 0.8139"
"11,88 : 0.446"
"88,11 : 0.446"
"11,89 : 0.6042"
"89,11 : 0.6042"
"11,90 : 0.495"
"90,11 : 0.495"
"11,91 : 0.4016"
"91,11 : 0.4016"
"11,92 : 0.3397"
"92,11 : 0.3397"
"11,93 : 0.6685"
"93,11 : 0.6685"
"11,94 : 0.3413"
"94,11 : 0.3413"
"11,95 : 0.6353"
"95,11 : 0.6353"
"11,96 : 0.3162"
"96,11 : 0.3162"
"11,97 : 0.2746"
"97,11 : 0.2746"
"11,98 : 0.3711"
"98,11 : 0.3711"
"11,99 : 0.247"
"99,11 : 0.247"
"12,13 : 0.5903"
"13,12 : 0.5903"
"12,14 : 0.5331"
"14,12 : 0.5331"
"12,15 : 0.7539"
"15,12 : 0.7539"
"12,16 : 0.136"
"16,12 : 0.136"
"12,17 : 0.79"
"17,12 : 0.79"
"12,18 : 0.6694"
"18,12 : 0.6694"
"12,19 : 0.8276"
"19,12 : 0.8276"
"12,20 : 0.9884"
"20,12 : 0.9884"
"12,21 : 0.17"
"21,12 : 0.17"
"12,22 : 1.009"
"22,12 : 1.009"
"12,23 : 0.8071"
"23,12 : 0.8071"
"12,24 : 0.5295"
"24,12 : 0.5295"
"12,25 : 0.246"
"25,12 : 0.246"
"12,26 : 0.5908"
"26,12 : 0.5908"
"12,27 : 0.8458"
"27,12 : 0.8458"
"12,28 : 0.712"
"28,12 : 0.712"
"12,29 : 0.333"
"29,12 : 0.333"
"12,30 : 0.492"
"30,12 : 0.492"
"12,31 : 0.5808"
"31,12 : 0.5808"
"12,32 : 0.4754"
"32,12 : 0.4754"
"12,33 : 0.5533"
"33,12 : 0.5533"
"12,34 : 0.214"
"34,12 : 0.214"
"12,35 : 0.5842"
"35,12 : 0.5842"
"12,36 : 0.6531"
"36,12 : 0.6531"
"12,37 : 0.8911"
"37,12 : 0.8911"
"12,38 : 0.5771"
"38,12 : 0.5771"
"12,39 : 0.8026"
"39,12 : 0.8026"
"12,40 : 0.6329"
"40,12 : 0.6329"
"12,41 : 0.2476"
"41,12 : 0.2476"
"12,42 : 0.8013"
"42,12 : 0.8013"
"12,43 : 0.2828"
"43,12 : 0.2828"
"12,44 : 0.8298"
"44,12 : 0.8298"
"12,45 : 0.8448"
"45,12 : 0.8448"
"12,46 : 0.2"
"46,12 : 0.2"
"12,47 : 0.4317"
"47,12 : 0.4317"
"12,48 : 0.9394"
"48,12 : 0.9394"
"12,49 : 0.4031"
"49,12 : 0.4031"
"12,50 : 0.4742"
"50,12 : 0.4742"
"12,51 : 0.7425"
"51,12 : 0.7425"
"12,52 : 0.5597"
"52,12 : 0.5597"
"12,53 : 0.5946"
"53,12 : 0.5946"
"12,54 : 0.283"
"54,12 : 0.283"
"12,55 : 0.6801"
"55,12 : 0.6801"
"12,56 : 0.5727"
"56,12 : 0.5727"
"12,57 : 0.099"
"57,12 : 0.099"
"12,58 : 0.6008"
"58,12 : 0.6008"
"12,59 : 0.8298"
"59,12 : 0.8298"
"12,60 : 0.3932"
"60,12 : 0.3932"
"12,61 : 0.6363"
"61,12 : 0.6363"
"12,62 : 0.6989"
"62,12 : 0.6989"
"12,63 : 0.5197"
"63,12 : 0.5197"
"12,64 : 0.9183"
"64,12 : 0.9183"
"12,65 : 0.7716"
"65,12 : 0.7716"
"12,66 : 0.365"
"66,12 : 0.365"
"12,67 : 0.4071"
"67,12 : 0.4071"
"12,68 : 0.816"
"68,12 : 0.816"
"12,69 : 0.786"
"69,12 : 0.786"
"12,70 : 0.886"
"70,12 : 0.886"
"12,71 : 0.6546"
"71,12 : 0.6546"
"12,72 : 0.7102"
"72,12 : 0.7102"
"12,73 : 0.0985"
"73,12 : 0.0985"
"12,74 : 0.7951"
"74,12 : 0.7951"
"12,75 : 0.3324"
"75,12 : 0.3324"
"12,76 : 0.3929"
"76,12 : 0.3929"
"12,77 : 0.8737"
"77,12 : 0.8737"
"12,78 : 0.7749"
"78,12 : 0.7749"
"12,79 : 0.758"
"79,12 : 0.758"
"12,80 : 0.6037"
"80,12 : 0.6037"
"12,81 : 0.1414"
"81,12 : 0.1414"
"12,82 : 0.7071"
"82,12 : 0.7071"
"12,83 : 0.7026"
"83,12 : 0.7026"
"12,84 : 0.4272"
"84,12 : 0.4272"
"12,85 : 0.9626"
"85,12 : 0.9626"
"12,86 : 0.6847"
"86,12 : 0.6847"
"12,87 : 0.6538"
"87,12 : 0.6538"
"12,88 : 0.2088"
"88,12 : 0.2088"
"12,89 : 0.6103"
"89,12 : 0.6103"
"12,90 : 0.678"
"90,12 : 0.678"
"12,91 : 0.8786"
"91,12 : 0.8786"
"12,92 : 0.7519"
"92,12 : 0.7519"
"12,93 : 0.6083"
"93,12 : 0.6083"
"12,94 : 0.1414"
"94,12 : 0.1414"
"12,95 : 0.636"
"95,12 : 0.636"
"12,96 : 0.7292"
"96,12 : 0.7292"
"12,97 : 0.717"
"97,12 : 0.717"
"12,98 : 0.8516"
"98,12 : 0.8516"
"12,99 : 0.2865"
"99,12 : 0.2865"
"13,14 : 0.1345"
"14,13 : 0.1345"
"13,15 : 0.6619"
"15,13 : 0.6619"
"13,16 : 0.5"
"16,13 : 0.5"
"13,17 : 0.2371"
"17,13 : 0.2371"
"13,18 : 0.2789"
"18,13 : 0.2789"
"13,19 : 0.4901"
"19,13 : 0.4901"
"13,20 : 0.4534"
"20,13 : 0.4534"
"13,21 : 0.6612"
"21,13 : 0.6612"
"13,22 : 0.5665"
"22,13 : 0.5665"
"13,23 : 0.5749"
"23,13 : 0.5749"
"13,24 : 0.794"
"24,13 : 0.794"
"13,25 : 0.36"
"25,13 : 0.36"
