x,y
0.58,0.07
0.4,0.25
0.83,0.21
0.39,0.27
0.2,0.95
0.38,0.68
0.52,0.34
0.76,0.59
0.97,0.63
0.42,0.67
0.98,0.78
0.98,0.25
0.64,0.14
0.53,0.46
0.9,0.9
0.25,0.53
0.3,0.15
0.18,0.59
0.69,0.77
0.14,0.38
0.44,0.85
0.46,0.61
0.81,0.93
0.42,0.56
0.15,0.41
0.06,0.38
0.78,0.04
0.26,0.61
0.77,0.38
0.97,0.85
0.04,0.12
0.27,0.36
0.0,0.19
0.49,0.21
0.74,0.81
0.94,0.5
0.04,0.9
0.08,0.69
0.18,0.28
0.29,0.15
0.27,0.87
0.6,0.08
0.29,0.29
0.11,0.84
0.22,0.76
0.2,0.02
0.94,0.43
0.27,0.59
0.97,0.72
0.39,0.08
0.68,0.71
0.97,0.74
0.86,0.15
0.47,0.74
0.25,0.01
0.17,0.33
0.01,0.43
0.01,0.1
0.4,0.28
0.72,0.2
0.38,0.39
0.58,0.16
0.68,0.64
0.93,0.68
0.15,0.2
0.07,0.96
0.46,0.91
0.7,0.21
0.87,0.03
0.44,0.14
0.35,0.92
0.29,0.14
0.97,0.3
0.76,0.83
0.61,0.4
0.22,0.97
0.98,0.72
0.73,1.0
0.97,0.44
0.2,0.77
0.51,0.43
0.6,0.8
0.88,0.44
0.88,0.37
0.6,0.51
0.26,0.95
0.34,0.29
0.88,0.41
0.63,0.18
0.11,0.65
0.44,0.53
0.21,0.1
0.68,0.16
0.62,0.77
0.79,0.17
0.83,0.43
0.9,0.0
0.81,0.77
0.04,0.32
0.77,0.05

Distanze
"0,1 : 0.2546"
"1,0 : 0.2546"
"0,2 : 0.2865"
"2,0 : 0.2865"
"0,3 : 0.2759"
"3,0 : 0.2759"
"0,4 : 0.9585"
"4,0 : 0.9585"
"0,5 : 0.642"
"5,0 : 0.642"
"0,6 : 0.2766"
"6,0 : 0.2766"
"0,7 : 0.5503"
"7,0 : 0.5503"
"0,8 : 0.6824"
"8,0 : 0.6824"
"0,9 : 0.621"
"9,0 : 0.621"
"0,10 : 0.8149"
"10,0 : 0.8149"
"0,11 : 0.4386"
"11,0 : 0.4386"
"0,12 : 0.0922"
"12,0 : 0.0922"
"0,13 : 0.3932"
"13,0 : 0.3932"
"0,14 : 0.8896"
"14,0 : 0.8896"
"0,15 : 0.5661"
"15,0 : 0.5661"
"0,16 : 0.2912"
"16,0 : 0.2912"
"0,17 : 0.656"
"17,0 : 0.656"
"0,18 : 0.7086"
"18,0 : 0.7086"
"0,19 : 0.5382"
"19,0 : 0.5382"
"0,20 : 0.7925"
"20,0 : 0.7925"
"0,21 : 0.5532"
"21,0 : 0.5532"
"0,22 : 0.8902"
"22,0 : 0.8902"
"0,23 : 0.5155"
"23,0 : 0.5155"
"0,24 : 0.5482"
"24,0 : 0.5482"
"0,25 : 0.6054"
"25,0 : 0.6054"
"0,26 : 0.2022"
"26,0 : 0.2022"
"0,27 : 0.6277"
"27,0 : 0.6277"
"0,28 : 0.3636"
"28,0 : 0.3636"
"0,29 : 0.8721"
"29,0 : 0.8721"
"0,30 : 0.5423"
"30,0 : 0.5423"
"0,31 : 0.4245"
"31,0 : 0.4245"
"0,32 : 0.5923"
"32,0 : 0.5923"
"0,33 : 0.1664"
"33,0 : 0.1664"
"0,34 : 0.7571"
"34,0 : 0.7571"
"0,35 : 0.5608"
"35,0 : 0.5608"
"0,36 : 0.9902"
"36,0 : 0.9902"
"0,37 : 0.7965"
"37,0 : 0.7965"
"0,38 : 0.4518"
"38,0 : 0.4518"
"0,39 : 0.3008"
"39,0 : 0.3008"
"0,40 : 0.858"
"40,0 : 0.858"
"0,41 : 0.0224"
"41,0 : 0.0224"
"0,42 : 0.364"
"42,0 : 0.364"
"0,43 : 0.9021"
"43,0 : 0.9021"
"0,44 : 0.7783"
"44,0 : 0.7783"
"0,45 : 0.3833"
"45,0 : 0.3833"
"0,46 : 0.5091"
"46,0 : 0.5091"
"0,47 : 0.6054"
"47,0 : 0.6054"
"0,48 : 0.758"
"48,0 : 0.758"
"0,49 : 0.1903"
"49,0 : 0.1903"
"0,50 : 0.6478"
"50,0 : 0.6478"
"0,51 : 0.7752"
"51,0 : 0.7752"
"0,52 : 0.2912"
"52,0 : 0.2912"
"0,53 : 0.679"
"53,0 : 0.679"
"0,54 : 0.3354"
"54,0 : 0.3354"
"0,55 : 0.4855"
"55,0 : 0.4855"
"0,56 : 0.6742"
"56,0 : 0.6742"
"0,57 : 0.5708"
"57,0 : 0.5708"
"0,58 : 0.2766"
"58,0 : 0.2766"
"0,59 : 0.191"
"59,0 : 0.191"
"0,60 : 0.3774"
"60,0 : 0.3774"
"0,61 : 0.09"
"61,0 : 0.09"
"0,62 : 0.5787"
"62,0 : 0.5787"
"0,63 : 0.7033"
"63,0 : 0.7033"
"0,64 : 0.4492"
"64,0 : 0.4492"
"0,65 : 1.0258"
"65,0 : 1.0258"
"0,66 : 0.8485"
"66,0 : 0.8485"
"0,67 : 0.1844"
"67,0 : 0.1844"
"0,68 : 0.2927"
"68,0 : 0.2927"
"0,69 : 0.1565"
"69,0 : 0.1565"
"0,70 : 0.8806"
"70,0 : 0.8806"
"0,71 : 0.2983"
"71,0 : 0.2983"
"0,72 : 0.4528"
"72,0 : 0.4528"
"0,73 : 0.781"
"73,0 : 0.781"
"0,74 : 0.3314"
"74,0 : 0.3314"
"0,75 : 0.9693"
"75,0 : 0.9693"
"0,76 : 0.7632"
"76,0 : 0.7632"
"0,77 : 0.942"
"77,0 : 0.942"
"0,78 : 0.5376"
"78,0 : 0.5376"
"0,79 : 0.7965"
"79,0 : 0.7965"
"0,80 : 0.3667"
"80,0 : 0.3667"
"0,81 : 0.7303"
"81,0 : 0.7303"
"0,82 : 0.4763"
"82,0 : 0.4763"
"0,83 : 0.4243"
"83,0 : 0.4243"
"0,84 : 0.4405"
"84,0 : 0.4405"
"0,85 : 0.9364"
"85,0 : 0.9364"
"0,86 : 0.3256"
"86,0 : 0.3256"
"0,87 : 0.4534"
"87,0 : 0.4534"
"0,88 : 0.1208"
"88,0 : 0.1208"
"0,89 : 0.7465"
"89,0 : 0.7465"
"0,90 : 0.4808"
"90,0 : 0.4808"
"0,91 : 0.3712"
"91,0 : 0.3712"
"0,92 : 0.1345"
"92,0 : 0.1345"
"0,93 : 0.7011"
"93,0 : 0.7011"
"0,94 : 0.2326"
"94,0 : 0.2326"
"0,95 : 0.4383"
"95,0 : 0.4383"
"0,96 : 0.3276"
"96,0 : 0.3276"
"0,97 : 0.7368"
"97,0 : 0.7368"
"0,98 : 0.5951"
"98,0 : 0.5951"
"0,99 : 0.191"
"99,0 : 0.191"
"1,2 : 0.4319"
"2,1 : 0.4319"
"1,3 : 0.0224"
"3,1 : 0.0224"
"1,4 : 0.728"
"4,1 : 0.728"
"1,5 : 0.4305"
"5,1 : 0.4305"
"1,6 : 0.15"
"6,1 : 0.15"
"1,7 : 0.4952"
"7,1 : 0.4952"
"1,8 : 0.6851"
"8,1 : 0.6851"
"1,9 : 0.4205"
"9,1 : 0.4205"
"1,10 : 0.7857"
"10,1 : 0.7857"
"1,11 : 0.58"
"11,1 : 0.58"
"1,12 : 0.264"
"12,1 : 0.264"
"1,13 : 0.247"
"13,1 : 0.247"
"1,14 : 0.8201"
"14,1 : 0.8201"
"1,15 : 0.3176"
"15,1 : 0.3176"
"1,16 : 0.1414"
"16,1 : 0.1414"
"1,17 : 0.405"
"17,1 : 0.405"
"1,18 : 0.5954"
"18,1 : 0.5954"
"1,19 : 0.2907"
"19,1 : 0.2907"
"1,20 : 0.6013"
"20,1 : 0.6013"
"1,21 : 0.365"
"21,1 : 0.365"
"1,22 : 0.794"
"22,1 : 0.794"
"1,23 : 0.3106"
"23,1 : 0.3106"
"1,24 : 0.2968"
"24,1 : 0.2968"
"1,25 : 0.364"
"25,1 : 0.364"
"1,26 : 0.4342"
"26,1 : 0.4342"
"1,27 : 0.3863"
"27,1 : 0.3863"
"1,28 : 0.3922"
"28,1 : 0.3922"
"1,29 : 0.8276"
"29,1 : 0.8276"
"1,30 : 0.3828"
"30,1 : 0.3828"
"1,31 : 0.1703"
"31,1 : 0.1703"
"1,32 : 0.4045"
"32,1 : 0.4045"
"1,33 : 0.0985"
"33,1 : 0.0985"
"1,34 : 0.6551"
"34,1 : 0.6551"
"1,35 : 0.5951"
"35,1 : 0.5951"
"1,36 : 0.743"
"36,1 : 0.743"
"1,37 : 0.5441"
"37,1 : 0.5441"
"1,38 : 0.222"
"38,1 : 0.222"
"1,39 : 0.1487"
"39,1 : 0.1487"
"1,40 : 0.6335"
"40,1 : 0.6335"
"1,41 : 0.2625"
"41,1 : 0.2625"
"1,42 : 0.117"
"42,1 : 0.117"
"1,43 : 0.6574"
"43,1 : 0.6574"
"1,44 : 0.5408"
"44,1 : 0.5408"
"1,45 : 0.3048"
"45,1 : 0.3048"
"1,46 : 0.5692"
"46,1 : 0.5692"
"1,47 : 0.364"
"47,1 : 0.364"
"1,48 : 0.7388"
"48,1 : 0.7388"
"1,49 : 0.1703"
"49,1 : 0.1703"
"1,50 : 0.5385"
"50,1 : 0.5385"
"1,51 : 0.7517"
"51,1 : 0.7517"
"1,52 : 0.4707"
"52,1 : 0.4707"
"1,53 : 0.495"
"53,1 : 0.495"
"1,54 : 0.283"
"54,1 : 0.283"
"1,55 : 0.2435"
"55,1 : 0.2435"
"1,56 : 0.4295"
"56,1 : 0.4295"
"1,57 : 0.4179"
"57,1 : 0.4179"
"1,58 : 0.03"
"58,1 : 0.03"
"1,59 : 0.3239"
"59,1 : 0.3239"
"1,60 : 0.1414"
"60,1 : 0.1414"
"1,61 : 0.2012"
"61,1 : 0.2012"
"1,62 : 0.4801"
"62,1 : 0.4801"
"1,63 : 0.6825"
"63,1 : 0.6825"
"1,64 : 0.255"
"64,1 : 0.255"
"1,65 : 0.7829"
"65,1 : 0.7829"
"1,66 : 0.6627"
"66,1 : 0.6627"
"1,67 : 0.3027"
"67,1 : 0.3027"
"1,68 : 0.5189"
"68,1 : 0.5189"
"1,69 : 0.117"
"69,1 : 0.117"
"1,70 : 0.6719"
"70,1 : 0.6719"
"1,71 : 0.1556"
"71,1 : 0.1556"
"1,72 : 0.5722"
"72,1 : 0.5722"
"1,73 : 0.6826"
"73,1 : 0.6826"
"1,74 : 0.2581"
"74,1 : 0.2581"
"1,75 : 0.7422"
"75,1 : 0.7422"
"1,76 : 0.7465"
"76,1 : 0.7465"
"1,77 : 0.8194"
"77,1 : 0.8194"
"1,78 : 0.6008"
"78,1 : 0.6008"
"1,79 : 0.5571"
"79,1 : 0.5571"
"1,80 : 0.211"
"80,1 : 0.211"
"1,81 : 0.5852"
"81,1 : 0.5852"
"1,82 : 0.5162"
"82,1 : 0.5162"
"1,83 : 0.4948"
"83,1 : 0.4948"
"1,84 : 0.328"
"84,1 : 0.328"
"1,85 : 0.7139"
"85,1 : 0.7139"
"1,86 : 0.0721"
"86,1 : 0.0721"
"1,87 : 0.506"
"87,1 : 0.506"
"1,88 : 0.2404"
"88,1 : 0.2404"
"1,89 : 0.4941"
"89,1 : 0.4941"
"1,90 : 0.2828"
"90,1 : 0.2828"
"1,91 : 0.2421"
"91,1 : 0.2421"
"1,92 : 0.2941"
"92,1 : 0.2941"
"1,93 : 0.5646"
"93,1 : 0.5646"
"1,94 : 0.3981"
"94,1 : 0.3981"
"1,95 : 0.4662"
"95,1 : 0.4662"
"1,96 : 0.559"
"96,1 : 0.559"
"1,97 : 0.6622"
"97,1 : 0.6622"
"1,98 : 0.3667"
"98,1 : 0.3667"
"1,99 : 0.4206"
"99,1 : 0.4206"
"2,3 : 0.4441"
"3,2 : 0.4441"
"2,4 : 0.9719"
"4,2 : 0.9719"
"2,5 : 0.6507"
"5,2 : 0.6507"
"2,6 : 0.3362"
"6,2 : 0.3362"
"2,7 : 0.3864"
"7,2 : 0.3864"
"2,8 : 0.4427"
"8,2 : 0.4427"
"2,9 : 0.6162"
"9,2 : 0.6162"
"2,10 : 0.5894"
"10,2 : 0.5894"
"2,11 : 0.1552"
"11,2 : 0.1552"
"2,12 : 0.2025"
"12,2 : 0.2025"
"2,13 : 0.3905"
"13,2 : 0.3905"
"2,14 : 0.6935"
"14,2 : 0.6935"
"2,15 : 0.6624"
"15,2 : 0.6624"
"2,16 : 0.5334"
"16,2 : 0.5334"
"2,17 : 0.7529"
"17,2 : 0.7529"
"2,18 : 0.5772"
"18,2 : 0.5772"
"2,19 : 0.7106"
"19,2 : 0.7106"
"2,20 : 0.7495"
"20,2 : 0.7495"
"2,21 : 0.5449"
"21,2 : 0.5449"
"2,22 : 0.7203"
"22,2 : 0.7203"
"2,23 : 0.5391"
"23,2 : 0.5391"
"2,24 : 0.7088"
"24,2 : 0.7088"
"2,25 : 0.7885"
"25,2 : 0.7885"
"2,26 : 0.1772"
"26,2 : 0.1772"
"2,27 : 0.6963"
"27,2 : 0.6963"
"2,28 : 0.1803"
"28,2 : 0.1803"
"2,29 : 0.6551"
"29,2 : 0.6551"
"2,30 : 0.7951"
"30,2 : 0.7951"
"2,31 : 0.5797"
"31,2 : 0.5797"
"2,32 : 0.8302"
"32,2 : 0.8302"
"2,33 : 0.34"
"33,2 : 0.34"
"2,34 : 0.6067"
"34,2 : 0.6067"
"2,35 : 0.3102"
"35,2 : 0.3102"
"2,36 : 1.0489"
"36,2 : 1.0489"
"2,37 : 0.8904"
"37,2 : 0.8904"
"2,38 : 0.6538"
"38,2 : 0.6538"
"2,39 : 0.5433"
"39,2 : 0.5433"
"2,40 : 0.8656"
"40,2 : 0.8656"
"2,41 : 0.2642"
"41,2 : 0.2642"
"2,42 : 0.5459"
"42,2 : 0.5459"
"2,43 : 0.9567"
"43,2 : 0.9567"
"2,44 : 0.8213"
"44,2 : 0.8213"
"2,45 : 0.658"
"45,2 : 0.658"
"2,46 : 0.246"
"46,2 : 0.246"
"2,47 : 0.6768"
"47,2 : 0.6768"
"2,48 : 0.5289"
"48,2 : 0.5289"
"2,49 : 0.4588"
"49,2 : 0.4588"
"2,50 : 0.522"
"50,2 : 0.522"
"2,51 : 0.5482"
"51,2 : 0.5482"
"2,52 : 0.0671"
"52,2 : 0.0671"
"2,53 : 0.6407"
"53,2 : 0.6407"
"2,54 : 0.6135"
"54,2 : 0.6135"
"2,55 : 0.6708"
"55,2 : 0.6708"
"2,56 : 0.849"
"56,2 : 0.849"
"2,57 : 0.8273"
"57,2 : 0.8273"
"2,58 : 0.4357"
"58,2 : 0.4357"
"2,59 : 0.1105"
"59,2 : 0.1105"
"2,60 : 0.4847"
"60,2 : 0.4847"
"2,61 : 0.255"
"61,2 : 0.255"
"2,62 : 0.4554"
"62,2 : 0.4554"
"2,63 : 0.4805"
"63,2 : 0.4805"
"2,64 : 0.6801"
"64,2 : 0.6801"
"2,65 : 1.0678"
"65,2 : 1.0678"
"2,66 : 0.7918"
"66,2 : 0.7918"
"2,67 : 0.13"
"67,2 : 0.13"
"2,68 : 0.1844"
"68,2 : 0.1844"
"2,69 : 0.3962"
"69,2 : 0.3962"
"2,70 : 0.857"
"70,2 : 0.857"
"2,71 : 0.5445"
"71,2 : 0.5445"
"2,72 : 0.1664"
"72,2 : 0.1664"
"2,73 : 0.6239"
"73,2 : 0.6239"
"2,74 : 0.2907"
"74,2 : 0.2907"
"2,75 : 0.9745"
"75,2 : 0.9745"
"2,76 : 0.5316"
"76,2 : 0.5316"
"2,77 : 0.7963"
"77,2 : 0.7963"
"2,78 : 0.2693"
"78,2 : 0.2693"
"2,79 : 0.8429"
"79,2 : 0.8429"
"2,80 : 0.3883"
"80,2 : 0.3883"
"2,81 : 0.6332"
"81,2 : 0.6332"
"2,82 : 0.2354"
"82,2 : 0.2354"
"2,83 : 0.1676"
"83,2 : 0.1676"
"2,84 : 0.378"
"84,2 : 0.378"
"2,85 : 0.9341"
"85,2 : 0.9341"
"2,86 : 0.4965"
"86,2 : 0.4965"
"2,87 : 0.2062"
"87,2 : 0.2062"
"2,88 : 0.2022"
"88,2 : 0.2022"
"2,89 : 0.8438"
"89,2 : 0.8438"
"2,90 : 0.5045"
"90,2 : 0.5045"
"2,91 : 0.6297"
"91,2 : 0.6297"
"2,92 : 0.1581"
"92,2 : 0.1581"
"2,93 : 0.5981"
"93,2 : 0.5981"
"2,94 : 0.0566"
"94,2 : 0.0566"
"2,95 : 0.22"
"95,2 : 0.22"
"2,96 : 0.2214"
"96,2 : 0.2214"
"2,97 : 0.5604"
"97,2 : 0.5604"
"2,98 : 0.7976"
"98,2 : 0.7976"
"2,99 : 0.1709"
"99,2 : 0.1709"
"3,4 : 0.706"
"4,3 : 0.706"
"3,5 : 0.4101"
"5,3 : 0.4101"
"3,6 : 0.1476"
"6,3 : 0.1476"
"3,7 : 0.4892"
"7,3 : 0.4892"
"3,8 : 0.6826"
"8,3 : 0.6826"
"3,9 : 0.4011"
"9,3 : 0.4011"
"3,10 : 0.7799"
"10,3 : 0.7799"
"3,11 : 0.5903"
"11,3 : 0.5903"
"3,12 : 0.2818"
"12,3 : 0.2818"
"3,13 : 0.236"
"13,3 : 0.236"
"3,14 : 0.8106"
"14,3 : 0.8106"
"3,15 : 0.2953"
"15,3 : 0.2953"
"3,16 : 0.15"
"16,3 : 0.15"
"3,17 : 0.3828"
"17,3 : 0.3828"
"3,18 : 0.5831"
"18,3 : 0.5831"
"3,19 : 0.2731"
"19,3 : 0.2731"
"3,20 : 0.5822"
"20,3 : 0.5822"
"3,21 : 0.3471"
"21,3 : 0.3471"
"3,22 : 0.7823"
"22,3 : 0.7823"
"3,23 : 0.2915"
"23,3 : 0.2915"
"3,24 : 0.2778"
"24,3 : 0.2778"
"3,25 : 0.3479"
"25,3 : 0.3479"
"3,26 : 0.4528"
"26,3 : 0.4528"
"3,27 : 0.364"
"27,3 : 0.364"
"3,28 : 0.3956"
"28,3 : 0.3956"
"3,29 : 0.8202"
"29,3 : 0.8202"
"3,30 : 0.3808"
"30,3 : 0.3808"
"3,31 : 0.15"
"31,3 : 0.15"
"3,32 : 0.3981"
"32,3 : 0.3981"
"3,33 : 0.1166"
"33,3 : 0.1166"
"3,34 : 0.6435"
"34,3 : 0.6435"
"3,35 : 0.5962"
"35,3 : 0.5962"
"3,36 : 0.7207"
"36,3 : 0.7207"
"3,37 : 0.522"
"37,3 : 0.522"
"3,38 : 0.2102"
"38,3 : 0.2102"
"3,39 : 0.1562"
"39,3 : 0.1562"
"3,40 : 0.6119"
"40,3 : 0.6119"
"3,41 : 0.2832"
"41,3 : 0.2832"
"3,42 : 0.102"
"42,3 : 0.102"
"3,43 : 0.6351"
"43,3 : 0.6351"
"3,44 : 0.5187"
"44,3 : 0.5187"
"3,45 : 0.314"
"45,3 : 0.314"
"3,46 : 0.5728"
"46,3 : 0.5728"
"3,47 : 0.3418"
"47,3 : 0.3418"
"3,48 : 0.7341"
"48,3 : 0.7341"
"3,49 : 0.19"
"49,3 : 0.19"
"3,50 : 0.527"
"50,3 : 0.527"
"3,51 : 0.7465"
"51,3 : 0.7465"
"3,52 : 0.4851"
"52,3 : 0.4851"
"3,53 : 0.4768"
"53,3 : 0.4768"
"3,54 : 0.2953"
"54,3 : 0.2953"
"3,55 : 0.228"
"55,3 : 0.228"
"3,56 : 0.4123"
"56,3 : 0.4123"
"3,57 : 0.4163"
"57,3 : 0.4163"
"3,58 : 0.0141"
"58,3 : 0.0141"
"3,59 : 0.3373"
"59,3 : 0.3373"
"3,60 : 0.1204"
"60,3 : 0.1204"
"3,61 : 0.2195"
"61,3 : 0.2195"
"3,62 : 0.4701"
"62,3 : 0.4701"
"3,63 : 0.678"
"63,3 : 0.678"
"3,64 : 0.25"
"64,3 : 0.25"
"3,65 : 0.7606"
"65,3 : 0.7606"
"3,66 : 0.6438"
"66,3 : 0.6438"
"3,67 : 0.3158"
"67,3 : 0.3158"
"3,68 : 0.5367"
"68,3 : 0.5367"
"3,69 : 0.1393"
"69,3 : 0.1393"
"3,70 : 0.6512"
"70,3 : 0.6512"
"3,71 : 0.164"
"71,3 : 0.164"
"3,72 : 0.5808"
"72,3 : 0.5808"
"3,73 : 0.6712"
"73,3 : 0.6712"
"3,74 : 0.2555"
"74,3 : 0.2555"
"3,75 : 0.7203"
"75,3 : 0.7203"
"3,76 : 0.742"
"76,3 : 0.742"
"3,77 : 0.8053"
"77,3 : 0.8053"
"3,78 : 0.6044"
"78,3 : 0.6044"
"3,79 : 0.5349"
"79,3 : 0.5349"
"3,80 : 0.2"
"80,3 : 0.2"
"3,81 : 0.5701"
"81,3 : 0.5701"
"3,82 : 0.5187"
"82,3 : 0.5187"
"3,83 : 0.5001"
"83,3 : 0.5001"
"3,84 : 0.3189"
"84,3 : 0.3189"
"3,85 : 0.6923"
"85,3 : 0.6923"
"3,86 : 0.0539"
"86,3 : 0.0539"
"3,87 : 0.5096"
"87,3 : 0.5096"
"3,88 : 0.2563"
"88,3 : 0.2563"
"3,89 : 0.472"
"89,3 : 0.472"
"3,90 : 0.2648"
"90,3 : 0.2648"
"3,91 : 0.2476"
"91,3 : 0.2476"
"3,92 : 0.3102"
"92,3 : 0.3102"
"3,93 : 0.5504"
"93,3 : 0.5504"
"3,94 : 0.4123"
"94,3 : 0.4123"
"3,95 : 0.4682"
"95,3 : 0.4682"
"3,96 : 0.5771"
"96,3 : 0.5771"
"3,97 : 0.653"
"97,3 : 0.653"
"3,98 : 0.3536"
"98,3 : 0.3536"
"3,99 : 0.4391"
"99,3 : 0.4391"
"4,5 : 0.3245"
"5,4 : 0.3245"
"4,6 : 0.6888"
"6,4 : 0.6888"
"4,7 : 0.6657"
"7,4 : 0.6657"
"4,8 : 0.8338"
"8,4 : 0.8338"
"4,9 : 0.3561"
"9,4 : 0.3561"
"4,10 : 0.7983"
"10,4 : 0.7983"
"4,11 : 1.048"
"11,4 : 1.048"
"4,12 : 0.9218"
"12,4 : 0.9218"
"4,13 : 0.5908"
"13,4 : 0.5908"
"4,14 : 0.7018"
"14,4 : 0.7018"
"4,15 : 0.423"
"15,4 : 0.423"
"4,16 : 0.8062"
"16,4 : 0.8062"
"4,17 : 0.3606"
"17,4 : 0.3606"
"4,18 : 0.522"
"18,4 : 0.522"
"4,19 : 0.5731"
"19,4 : 0.5731"
"4,20 : 0.26"
"20,4 : 0.26"
"4,21 : 0.428"
"21,4 : 0.428"
"4,22 : 0.6103"
"22,4 : 0.6103"
"4,23 : 0.4478"
"23,4 : 0.4478"
"4,24 : 0.5423"
"24,4 : 0.5423"
"4,25 : 0.5869"
"25,4 : 0.5869"
"4,26 : 1.0791"
"26,4 : 1.0791"
"4,27 : 0.3453"
"27,4 : 0.3453"
"4,28 : 0.8061"
"28,4 : 0.8061"
"4,29 : 0.7765"
"29,4 : 0.7765"
"4,30 : 0.8453"
"30,4 : 0.8453"
"4,31 : 0.5941"
"31,4 : 0.5941"
"4,32 : 0.7859"
"32,4 : 0.7859"
"4,33 : 0.7948"
"33,4 : 0.7948"
"4,34 : 0.5579"
"34,4 : 0.5579"
"4,35 : 0.8661"
"35,4 : 0.8661"
"4,36 : 0.1676"
"36,4 : 0.1676"
"4,37 : 0.2864"
"37,4 : 0.2864"
"4,38 : 0.6703"
"38,4 : 0.6703"
"4,39 : 0.805"
"39,4 : 0.805"
"4,40 : 0.1063"
"40,4 : 0.1063"
"4,41 : 0.9575"
"41,4 : 0.9575"
"4,42 : 0.6661"
"42,4 : 0.6661"
"4,43 : 0.1421"
"43,4 : 0.1421"
"4,44 : 0.191"
"44,4 : 0.191"
"4,45 : 0.93"
"45,4 : 0.93"
"4,46 : 0.9044"
"46,4 : 0.9044"
"4,47 : 0.3667"
"47,4 : 0.3667"
"4,48 : 0.8036"
"48,4 : 0.8036"
"4,49 : 0.8905"
"49,4 : 0.8905"
"4,50 : 0.5367"
"50,4 : 0.5367"
"4,51 : 0.7981"
"51,4 : 0.7981"
"4,52 : 1.0371"
"52,4 : 1.0371"
"4,53 : 0.3421"
"53,4 : 0.3421"
"4,54 : 0.9413"
"54,4 : 0.9413"
"4,55 : 0.6207"
"55,4 : 0.6207"
"4,56 : 0.5536"
"56,4 : 0.5536"
"4,57 : 0.871"
"57,4 : 0.871"
"4,58 : 0.6992"
"58,4 : 0.6992"
"4,59 : 0.9126"
"59,4 : 0.9126"
"4,60 : 0.5882"
"60,4 : 0.5882"
"4,61 : 0.8766"
"61,4 : 0.8766"
"4,62 : 0.5714"
"62,4 : 0.5714"
"4,63 : 0.7783"
"63,4 : 0.7783"
"4,64 : 0.7517"
"64,4 : 0.7517"
"4,65 : 0.1304"
"65,4 : 0.1304"
"4,66 : 0.2631"
"66,4 : 0.2631"
"4,67 : 0.8931"
"67,4 : 0.8931"
"4,68 : 1.1381"
"68,4 : 1.1381"
"4,69 : 0.8448"
"69,4 : 0.8448"
"4,70 : 0.153"
"70,4 : 0.153"
"4,71 : 0.815"
"71,4 : 0.815"
"4,72 : 1.0077"
"72,4 : 1.0077"
"4,73 : 0.5727"
"73,4 : 0.5727"
"4,74 : 0.686"
"74,4 : 0.686"
"4,75 : 0.0283"
"75,4 : 0.0283"
"4,76 : 0.8132"
"76,4 : 0.8132"
"4,77 : 0.5324"
"77,4 : 0.5324"
"4,78 : 0.9236"
"78,4 : 0.9236"
"4,79 : 0.18"
"79,4 : 0.18"
"4,80 : 0.6054"
"80,4 : 0.6054"
"4,81 : 0.4272"
"81,4 : 0.4272"
"4,82 : 0.85"
"82,4 : 0.85"
"4,83 : 0.8938"
"83,4 : 0.8938"
"4,84 : 0.5946"
"84,4 : 0.5946"
"4,85 : 0.06"
"85,4 : 0.06"
"4,86 : 0.6747"
"86,4 : 0.6747"
"4,87 : 0.8683"
"87,4 : 0.8683"
"4,88 : 0.8819"
"88,4 : 0.8819"
"4,89 : 0.3132"
"89,4 : 0.3132"
"4,90 : 0.4837"
"90,4 : 0.4837"
"4,91 : 0.8501"
"91,4 : 0.8501"
"4,92 : 0.9244"
"92,4 : 0.9244"
"4,93 : 0.4569"
"93,4 : 0.4569"
"4,94 : 0.978"
"94,4 : 0.978"
"4,95 : 0.8169"
"95,4 : 0.8169"
"4,96 : 1.18"
"96,4 : 1.18"
"4,97 : 0.636"
"97,4 : 0.636"
"4,98 : 0.65"
"98,4 : 0.65"
"4,99 : 1.0653"
"99,4 : 1.0653"
"5,6 : 0.3677"
"6,5 : 0.3677"
"5,7 : 0.3905"
"7,5 : 0.3905"
"5,8 : 0.5921"
"8,5 : 0.5921"
"5,9 : 0.0412"
"9,5 : 0.0412"
"5,10 : 0.6083"
"10,5 : 0.6083"
"5,11 : 0.7382"
"11,5 : 0.7382"
"5,12 : 0.5993"
"12,5 : 0.5993"
"5,13 : 0.2663"
"13,5 : 0.2663"
"5,14 : 0.5646"
"14,5 : 0.5646"
"5,15 : 0.1985"
"15,5 : 0.1985"
"5,16 : 0.536"
"16,5 : 0.536"
"5,17 : 0.2193"
"17,5 : 0.2193"
"5,18 : 0.3228"
"18,5 : 0.3228"
"5,19 : 0.3842"
"19,5 : 0.3842"
"5,20 : 0.1803"
"20,5 : 0.1803"
"5,21 : 0.1063"
"21,5 : 0.1063"
"5,22 : 0.4974"
"22,5 : 0.4974"
"5,23 : 0.1265"
"23,5 : 0.1265"
"5,24 : 0.3547"
"24,5 : 0.3547"
"5,25 : 0.4386"
"25,5 : 0.4386"
"5,26 : 0.7547"
"26,5 : 0.7547"
"5,27 : 0.1389"
"27,5 : 0.1389"
"5,28 : 0.492"
"28,5 : 0.492"
"5,29 : 0.614"
"29,5 : 0.614"
"5,30 : 0.6551"
"30,5 : 0.6551"
"5,31 : 0.3384"
"31,5 : 0.3384"
"5,32 : 0.6201"
"32,5 : 0.6201"
"5,33 : 0.4827"
"33,5 : 0.4827"
"5,34 : 0.3828"
"34,5 : 0.3828"
"5,35 : 0.5882"
"35,5 : 0.5882"
"5,36 : 0.405"
"36,5 : 0.405"
"5,37 : 0.3002"
"37,5 : 0.3002"
"5,38 : 0.4472"
"38,5 : 0.4472"
"5,39 : 0.5376"
"39,5 : 0.5376"
"5,40 : 0.2195"
"40,5 : 0.2195"
"5,41 : 0.6391"
"41,5 : 0.6391"
"5,42 : 0.4002"
"42,5 : 0.4002"
"5,43 : 0.3138"
"43,5 : 0.3138"
"5,44 : 0.1789"
"44,5 : 0.1789"
"5,45 : 0.6841"
"45,5 : 0.6841"
"5,46 : 0.6133"
"46,5 : 0.6133"
"5,47 : 0.1421"
"47,5 : 0.1421"
"5,48 : 0.5914"
"48,5 : 0.5914"
"5,49 : 0.6001"
"49,5 : 0.6001"
"5,50 : 0.3015"
"50,5 : 0.3015"
"5,51 : 0.593"
"51,5 : 0.593"
"5,52 : 0.7151"
"52,5 : 0.7151"
"5,53 : 0.1082"
"53,5 : 0.1082"
"5,54 : 0.6825"
"54,5 : 0.6825"
"5,55 : 0.4082"
"55,5 : 0.4082"
"5,56 : 0.4465"
"56,5 : 0.4465"
"5,57 : 0.688"
"57,5 : 0.688"
"5,58 : 0.4005"
"58,5 : 0.4005"
"5,59 : 0.5882"
"59,5 : 0.5882"
"5,60 : 0.29"
"60,5 : 0.29"
"5,61 : 0.5571"
"61,5 : 0.5571"
"5,62 : 0.3027"
"62,5 : 0.3027"
"5,63 : 0.55"
"63,5 : 0.55"
"5,64 : 0.5323"
"64,5 : 0.5323"
"5,65 : 0.4177"
"65,5 : 0.4177"
"5,66 : 0.2435"
"66,5 : 0.2435"
"5,67 : 0.5686"
"67,5 : 0.5686"
"5,68 : 0.814"
"68,5 : 0.814"
"5,69 : 0.5433"
"69,5 : 0.5433"
"5,70 : 0.2419"
"70,5 : 0.2419"
"5,71 : 0.5474"
"71,5 : 0.5474"
"5,72 : 0.7018"
"72,5 : 0.7018"
"5,73 : 0.4085"
"73,5 : 0.4085"
"5,74 : 0.3624"
"74,5 : 0.3624"
"5,75 : 0.3312"
"75,5 : 0.3312"
"5,76 : 0.6013"
"76,5 : 0.6013"
"5,77 : 0.4742"
"77,5 : 0.4742"
"5,78 : 0.6369"
"78,5 : 0.6369"
"5,79 : 0.2012"
"79,5 : 0.2012"
"5,80 : 0.2818"
"80,5 : 0.2818"
"5,81 : 0.2506"
"81,5 : 0.2506"
"5,82 : 0.5546"
"82,5 : 0.5546"
"5,83 : 0.5883"
"83,5 : 0.5883"
"5,84 : 0.278"
"84,5 : 0.278"
"5,85 : 0.2955"
"85,5 : 0.2955"
"5,86 : 0.392"
"86,5 : 0.392"
"5,87 : 0.5682"
"87,5 : 0.5682"
"5,88 : 0.559"
"88,5 : 0.559"
"5,89 : 0.2717"
"89,5 : 0.2717"
"5,90 : 0.1616"
"90,5 : 0.1616"
"5,91 : 0.6044"
"91,5 : 0.6044"
"5,92 : 0.6003"
"92,5 : 0.6003"
"5,93 : 0.2563"
"93,5 : 0.2563"
"5,94 : 0.6544"
"94,5 : 0.6544"
"5,95 : 0.5148"
"95,5 : 0.5148"
"5,96 : 0.856"
"96,5 : 0.856"
"5,97 : 0.4393"
"97,5 : 0.4393"
"5,98 : 0.4952"
"98,5 : 0.4952"
"5,99 : 0.7409"
"99,5 : 0.7409"
"6,7 : 0.3466"
"7,6 : 0.3466"
"6,8 : 0.5354"
"8,6 : 0.5354"
"6,9 : 0.3448"
"9,6 : 0.3448"
"6,10 : 0.6366"
"10,6 : 0.6366"
"6,11 : 0.4687"
"11,6 : 0.4687"
"6,12 : 0.2332"
"12,6 : 0.2332"
"6,13 : 0.1204"
"13,6 : 0.1204"
"6,14 : 0.6768"
"14,6 : 0.6768"
"6,15 : 0.3302"
"15,6 : 0.3302"
"6,16 : 0.2907"
"16,6 : 0.2907"
"6,17 : 0.422"
"17,6 : 0.422"
"6,18 : 0.4624"
"18,6 : 0.4624"
"6,19 : 0.3821"
"19,6 : 0.3821"
"6,20 : 0.5162"
"20,6 : 0.5162"
"6,21 : 0.2766"
"21,6 : 0.2766"
"6,22 : 0.6574"
"22,6 : 0.6574"
"6,23 : 0.2417"
"23,6 : 0.2417"
"6,24 : 0.3766"
"24,6 : 0.3766"
"6,25 : 0.4617"
"25,6 : 0.4617"
"6,26 : 0.397"
"26,6 : 0.397"
"6,27 : 0.3748"
"27,6 : 0.3748"
"6,28 : 0.2532"
"28,6 : 0.2532"
"6,29 : 0.6801"
"29,6 : 0.6801"
"6,30 : 0.528"
"30,6 : 0.528"
"6,31 : 0.2508"
"31,6 : 0.2508"
"6,32 : 0.5412"
"32,6 : 0.5412"
"6,33 : 0.1334"
"33,6 : 0.1334"
"6,34 : 0.5189"
"34,6 : 0.5189"
"6,35 : 0.4494"
"35,6 : 0.4494"
"6,36 : 0.7376"
"36,6 : 0.7376"
"6,37 : 0.5622"
"37,6 : 0.5622"
"6,38 : 0.3453"
"38,6 : 0.3453"
"6,39 : 0.2983"
"39,6 : 0.2983"
"6,40 : 0.586"
"40,6 : 0.586"
"6,41 : 0.272"
"41,6 : 0.272"
"6,42 : 0.2354"
"42,6 : 0.2354"
"6,43 : 0.6466"
"43,6 : 0.6466"
"6,44 : 0.5161"
"44,6 : 0.5161"
"6,45 : 0.4525"
"45,6 : 0.4525"
"6,46 : 0.4295"
"46,6 : 0.4295"
"6,47 : 0.3536"
"47,6 : 0.3536"
"6,48 : 0.589"
"48,6 : 0.589"
"6,49 : 0.2907"
"49,6 : 0.2907"
"6,50 : 0.4031"
"50,6 : 0.4031"
"6,51 : 0.6021"
"51,6 : 0.6021"
"6,52 : 0.3895"
"52,6 : 0.3895"
"6,53 : 0.4031"
"53,6 : 0.4031"
"6,54 : 0.4264"
"54,6 : 0.4264"
"6,55 : 0.3501"
"55,6 : 0.3501"
"6,56 : 0.5179"
"56,6 : 0.5179"
"6,57 : 0.5636"
"57,6 : 0.5636"
"6,58 : 0.1342"
"58,6 : 0.1342"
"6,59 : 0.2441"
"59,6 : 0.2441"
"6,60 : 0.1487"
"60,6 : 0.1487"
"6,61 : 0.1897"
"61,6 : 0.1897"
"6,62 : 0.34"
"62,6 : 0.34"
"6,63 : 0.5326"
"63,6 : 0.5326"
"6,64 : 0.3956"
"64,6 : 0.3956"
"6,65 : 0.7661"
"65,6 : 0.7661"
"6,66 : 0.5731"
"66,6 : 0.5731"
"6,67 : 0.222"
"67,6 : 0.222"
"6,68 : 0.4675"
"68,6 : 0.4675"
"6,69 : 0.2154"
"69,6 : 0.2154"
"6,70 : 0.6044"
"70,6 : 0.6044"
"6,71 : 0.3048"
"71,6 : 0.3048"
"6,72 : 0.4518"
"72,6 : 0.4518"
"6,73 : 0.5456"
"73,6 : 0.5456"
"6,74 : 0.1082"
"74,6 : 0.1082"
"6,75 : 0.6978"
"75,6 : 0.6978"
"6,76 : 0.5967"
"76,6 : 0.5967"
"6,77 : 0.6926"
"77,6 : 0.6926"
"6,78 : 0.461"
"78,6 : 0.461"
"6,79 : 0.536"
"79,6 : 0.536"
"6,80 : 0.0906"
"80,6 : 0.0906"
"6,81 : 0.4669"
"81,6 : 0.4669"
"6,82 : 0.3736"
"82,6 : 0.3736"
"6,83 : 0.3612"
"83,6 : 0.3612"
"6,84 : 0.1879"
"84,6 : 0.1879"
"6,85 : 0.6631"
"85,6 : 0.6631"
"6,86 : 0.1868"
"86,6 : 0.1868"
"6,87 : 0.3667"
"87,6 : 0.3667"
"6,88 : 0.1942"
"88,6 : 0.1942"
"6,89 : 0.514"
"89,6 : 0.514"
"6,90 : 0.2062"
"90,6 : 0.2062"
"6,91 : 0.392"
"91,6 : 0.392"
"6,92 : 0.2408"
"92,6 : 0.2408"
"6,93 : 0.4415"
"93,6 : 0.4415"
"6,94 : 0.3191"
"94,6 : 0.3191"
"6,95 : 0.3228"
"95,6 : 0.3228"
"6,96 : 0.5099"
"96,6 : 0.5099"
"6,97 : 0.5187"
"97,6 : 0.5187"
"6,98 : 0.4804"
"98,6 : 0.4804"
"6,99 : 0.3829"
"99,6 : 0.3829"
"7,8 : 0.2138"
"8,7 : 0.2138"
"7,9 : 0.3493"
"9,7 : 0.3493"
"7,10 : 0.2907"
"10,7 : 0.2907"
"7,11 : 0.405"
"11,7 : 0.405"
"7,12 : 0.4657"
"12,7 : 0.4657"
"7,13 : 0.2642"
"13,7 : 0.2642"
"7,14 : 0.3401"
"14,7 : 0.3401"
"7,15 : 0.5135"
"15,7 : 0.5135"
"7,16 : 0.6366"
"16,7 : 0.6366"
"7,17 : 0.58"
"17,7 : 0.58"
"7,18 : 0.1931"
"18,7 : 0.1931"
"7,19 : 0.6546"
"19,7 : 0.6546"
"7,20 : 0.4123"
"20,7 : 0.4123"
"7,21 : 0.3007"
"21,7 : 0.3007"
"7,22 : 0.3437"
"22,7 : 0.3437"
"7,23 : 0.3413"
"23,7 : 0.3413"
"7,24 : 0.636"
"24,7 : 0.636"
"7,25 : 0.7308"
"25,7 : 0.7308"
"7,26 : 0.5504"
"26,7 : 0.5504"
"7,27 : 0.5004"
"27,7 : 0.5004"
"7,28 : 0.2102"
"28,7 : 0.2102"
"7,29 : 0.3342"
"29,7 : 0.3342"
"7,30 : 0.8598"
"30,7 : 0.8598"
"7,31 : 0.5413"
"31,7 : 0.5413"
"7,32 : 0.8588"
"32,7 : 0.8588"
"7,33 : 0.4662"
"33,7 : 0.4662"
"7,34 : 0.2209"
"34,7 : 0.2209"
"7,35 : 0.2012"
"35,7 : 0.2012"
"7,36 : 0.7839"
"36,7 : 0.7839"
"7,37 : 0.6873"
"37,7 : 0.6873"
"7,38 : 0.6576"
"38,7 : 0.6576"
"7,39 : 0.6438"
"39,7 : 0.6438"
"7,40 : 0.5644"
"40,7 : 0.5644"
"7,41 : 0.5345"
"41,7 : 0.5345"
"7,42 : 0.5576"
"42,7 : 0.5576"
"7,43 : 0.6964"
"43,7 : 0.6964"
"7,44 : 0.5661"
"44,7 : 0.5661"
"7,45 : 0.7991"
"45,7 : 0.7991"
"7,46 : 0.2408"
"46,7 : 0.2408"
"7,47 : 0.49"
"47,7 : 0.49"
"7,48 : 0.247"
"48,7 : 0.247"
"7,49 : 0.6301"
"49,7 : 0.6301"
"7,50 : 0.1442"
"50,7 : 0.1442"
"7,51 : 0.2581"
"51,7 : 0.2581"
"7,52 : 0.4512"
"52,7 : 0.4512"
"7,53 : 0.3265"
"53,7 : 0.3265"
"7,54 : 0.7723"
"54,7 : 0.7723"
"7,55 : 0.6447"
"55,7 : 0.6447"
"7,56 : 0.7669"
"56,7 : 0.7669"
"7,57 : 0.8959"
"57,7 : 0.8959"
"7,58 : 0.4751"
"58,7 : 0.4751"
"7,59 : 0.392"
"59,7 : 0.392"
"7,60 : 0.4294"
"60,7 : 0.4294"
"7,61 : 0.4662"
"61,7 : 0.4662"
"7,62 : 0.0943"
"62,7 : 0.0943"
"7,63 : 0.1924"
"63,7 : 0.1924"
"7,64 : 0.724"
"64,7 : 0.724"
"7,65 : 0.7829"
"65,7 : 0.7829"
"7,66 : 0.4386"
"66,7 : 0.4386"
"7,67 : 0.3847"
"67,7 : 0.3847"
"7,68 : 0.5707"
"68,7 : 0.5707"
"7,69 : 0.5522"
"69,7 : 0.5522"
"7,70 : 0.5263"
"70,7 : 0.5263"
"7,71 : 0.6507"
"71,7 : 0.6507"
"7,72 : 0.3581"
"72,7 : 0.3581"
"7,73 : 0.24"
"73,7 : 0.24"
"7,74 : 0.2421"
"74,7 : 0.2421"
"7,75 : 0.6603"
"75,7 : 0.6603"
"7,76 : 0.2555"
"76,7 : 0.2555"
"7,77 : 0.4111"
"77,7 : 0.4111"
"7,78 : 0.2581"
"78,7 : 0.2581"
"7,79 : 0.5882"
"79,7 : 0.5882"
"7,80 : 0.2968"
"80,7 : 0.2968"
"7,81 : 0.264"
"81,7 : 0.264"
"7,82 : 0.1921"
"82,7 : 0.1921"
"7,83 : 0.2506"
"83,7 : 0.2506"
"7,84 : 0.1789"
"84,7 : 0.1789"
"7,85 : 0.6161"
"85,7 : 0.6161"
"7,86 : 0.5161"
"86,7 : 0.5161"
"7,87 : 0.2163"
"87,7 : 0.2163"
"7,88 : 0.4301"
"88,7 : 0.4301"
"7,89 : 0.6528"
"89,7 : 0.6528"
"7,90 : 0.3256"
"90,7 : 0.3256"
"7,91 : 0.7366"
"91,7 : 0.7366"
"7,92 : 0.4374"
"92,7 : 0.4374"
"7,93 : 0.228"
"93,7 : 0.228"
"7,94 : 0.4211"
"94,7 : 0.4211"
"7,95 : 0.1746"
"95,7 : 0.1746"
"7,96 : 0.6064"
"96,7 : 0.6064"
"7,97 : 0.1868"
"97,7 : 0.1868"
"7,98 : 0.769"
"98,7 : 0.769"
"7,99 : 0.5401"
"99,7 : 0.5401"
"8,9 : 0.5515"
"9,8 : 0.5515"
"8,10 : 0.1503"
"10,8 : 0.1503"
"8,11 : 0.3801"
"11,8 : 0.3801"
"8,12 : 0.5908"
"12,8 : 0.5908"
"8,13 : 0.4717"
"13,8 : 0.4717"
"8,14 : 0.2789"
"14,8 : 0.2789"
"8,15 : 0.7269"
"15,8 : 0.7269"
"8,16 : 0.8242"
"16,8 : 0.8242"
"8,17 : 0.791"
"17,8 : 0.791"
"8,18 : 0.313"
"18,8 : 0.313"
"8,19 : 0.8668"
"19,8 : 0.8668"
"8,20 : 0.5738"
"20,8 : 0.5738"
"8,21 : 0.5104"
"21,8 : 0.5104"
"8,22 : 0.34"
"22,8 : 0.34"
"8,23 : 0.5544"
"23,8 : 0.5544"
"8,24 : 0.849"
"24,8 : 0.849"
"8,25 : 0.9437"
"25,8 : 0.9437"
"8,26 : 0.6198"
"26,8 : 0.6198"
"8,27 : 0.7103"
"27,8 : 0.7103"
"8,28 : 0.3202"
"28,8 : 0.3202"
"8,29 : 0.22"
"29,8 : 0.22"
"8,30 : 1.0607"
"30,8 : 1.0607"
"8,31 : 0.7503"
"31,8 : 0.7503"
"8,32 : 1.0651"
"32,8 : 1.0651"
"8,33 : 0.6378"
"33,8 : 0.6378"
"8,34 : 0.2921"
"34,8 : 0.2921"
"8,35 : 0.1334"
"35,8 : 0.1334"
"8,36 : 0.9684"
"36,8 : 0.9684"
"8,37 : 0.892"
"37,8 : 0.892"
"8,38 : 0.8641"
"38,8 : 0.8641"
"8,39 : 0.8323"
"39,8 : 0.8323"
"8,40 : 0.74"
"40,8 : 0.74"
"8,41 : 0.6629"
"41,8 : 0.6629"
"8,42 : 0.7603"
"42,8 : 0.7603"
"8,43 : 0.8853"
"43,8 : 0.8853"
"8,44 : 0.7612"
"44,8 : 0.7612"
"8,45 : 0.9823"
"45,8 : 0.9823"
"8,46 : 0.2022"
"46,8 : 0.2022"
"8,47 : 0.7011"
"47,8 : 0.7011"
"8,48 : 0.09"
"48,8 : 0.09"
"8,49 : 0.7993"
"49,8 : 0.7993"
"8,50 : 0.3008"
"50,8 : 0.3008"
"8,51 : 0.11"
"51,8 : 0.11"
"8,52 : 0.4924"
"52,8 : 0.4924"
"8,53 : 0.512"
"53,8 : 0.512"
"8,54 : 0.9502"
"54,8 : 0.9502"
"8,55 : 0.8544"
"55,8 : 0.8544"
"8,56 : 0.9806"
"56,8 : 0.9806"
"8,57 : 1.0966"
"57,8 : 1.0966"
"8,58 : 0.6689"
"58,8 : 0.6689"
"8,59 : 0.4974"
"59,8 : 0.4974"
"8,60 : 0.6369"
"60,8 : 0.6369"
"8,61 : 0.6107"
"61,8 : 0.6107"
"8,62 : 0.2902"
"62,8 : 0.2902"
"8,63 : 0.064"
"63,8 : 0.064"
"8,64 : 0.9259"
"64,8 : 0.9259"
"8,65 : 0.9586"
"65,8 : 0.9586"
"8,66 : 0.5818"
"66,8 : 0.5818"
"8,67 : 0.4993"
"67,8 : 0.4993"
"8,68 : 0.6083"
"68,8 : 0.6083"
"8,69 : 0.7218"
"69,8 : 0.7218"
"8,70 : 0.6845"
"70,8 : 0.6845"
"8,71 : 0.8382"
"71,8 : 0.8382"
"8,72 : 0.33"
"72,8 : 0.33"
"8,73 : 0.29"
"73,8 : 0.29"
"8,74 : 0.4272"
"74,8 : 0.4272"
"8,75 : 0.8235"
"75,8 : 0.8235"
"8,76 : 0.0906"
"76,8 : 0.0906"
"8,77 : 0.441"
"77,8 : 0.441"
"8,78 : 0.19"
"78,8 : 0.19"
"8,79 : 0.7826"
"79,8 : 0.7826"
"8,80 : 0.5016"
"80,8 : 0.5016"
"8,81 : 0.4072"
"81,8 : 0.4072"
"8,82 : 0.2102"
"82,8 : 0.2102"
"8,83 : 0.2751"
"83,8 : 0.2751"
"8,84 : 0.389"
"84,8 : 0.389"
"8,85 : 0.7788"
"85,8 : 0.7788"
"8,86 : 0.7159"
"86,8 : 0.7159"
"8,87 : 0.2377"
"87,8 : 0.2377"
"8,88 : 0.564"
"88,8 : 0.564"
"8,89 : 0.8602"
"89,8 : 0.8602"
"8,90 : 0.5394"
"90,8 : 0.5394"
"8,91 : 0.9266"
"91,8 : 0.9266"
"8,92 : 0.5523"
"92,8 : 0.5523"
"8,93 : 0.377"
"93,8 : 0.377"
"8,94 : 0.494"
"94,8 : 0.494"
"8,95 : 0.2441"
"95,8 : 0.2441"
"8,96 : 0.6339"
"96,8 : 0.6339"
"8,97 : 0.2126"
"97,8 : 0.2126"
"8,98 : 0.9803"
"98,8 : 0.9803"
"8,99 : 0.6135"
"99,8 : 0.6135"
"9,10 : 0.5707"
"10,9 : 0.5707"
"9,11 : 0.7"
"11,9 : 0.7"
"9,12 : 0.5738"
"12,9 : 0.5738"
"9,13 : 0.2371"
"13,9 : 0.2371"
"9,14 : 0.5323"
"14,9 : 0.5323"
"9,15 : 0.2202"
"15,9 : 0.2202"
"9,16 : 0.5337"
"16,9 : 0.5337"
"9,17 : 0.253"
"17,9 : 0.253"
"9,18 : 0.2879"
"18,9 : 0.2879"
"9,19 : 0.4031"
"19,9 : 0.4031"
"9,20 : 0.1811"
"20,9 : 0.1811"
"9,21 : 0.0721"
"21,9 : 0.0721"
"9,22 : 0.4687"
"22,9 : 0.4687"
"9,23 : 0.11"
"23,9 : 0.11"
"9,24 : 0.3748"
"24,9 : 0.3748"
"9,25 : 0.4623"
"25,9 : 0.4623"
"9,26 : 0.7256"
"26,9 : 0.7256"
"9,27 : 0.1709"
"27,9 : 0.1709"
"9,28 : 0.4545"
"28,9 : 0.4545"
"9,29 : 0.5787"
"29,9 : 0.5787"
"9,30 : 0.6685"
"30,9 : 0.6685"
"9,31 : 0.3444"
"31,9 : 0.3444"
"9,32 : 0.6378"
"32,9 : 0.6378"
"9,33 : 0.4653"
"33,9 : 0.4653"
"9,34 : 0.3493"
"34,9 : 0.3493"
"9,35 : 0.5471"
"35,9 : 0.5471"
"9,36 : 0.4442"
"36,9 : 0.4442"
"9,37 : 0.3406"
"37,9 : 0.3406"
"9,38 : 0.4579"
"38,9 : 0.4579"
"9,39 : 0.536"
"39,9 : 0.536"
"9,40 : 0.25"
"40,9 : 0.25"
"9,41 : 0.6168"
"41,9 : 0.6168"
"9,42 : 0.4016"
"42,9 : 0.4016"
"9,43 : 0.3536"
"43,9 : 0.3536"
"9,44 : 0.2193"
"44,9 : 0.2193"
"9,45 : 0.6862"
"45,9 : 0.6862"
"9,46 : 0.5727"
"46,9 : 0.5727"
"9,47 : 0.17"
"47,9 : 0.17"
"9,48 : 0.5523"
"48,9 : 0.5523"
"9,49 : 0.5908"
"49,9 : 0.5908"
"9,50 : 0.2631"
"50,9 : 0.2631"
"9,51 : 0.5544"
"51,9 : 0.5544"
"9,52 : 0.6812"
"52,9 : 0.6812"
"9,53 : 0.086"
"53,9 : 0.086"
"9,54 : 0.6815"
"54,9 : 0.6815"
"9,55 : 0.422"
"55,9 : 0.422"
"9,56 : 0.4751"
"56,9 : 0.4751"
"9,57 : 0.7021"
"57,9 : 0.7021"
"9,58 : 0.3905"
"58,9 : 0.3905"
"9,59 : 0.5576"
"59,9 : 0.5576"
"9,60 : 0.2828"
"60,9 : 0.2828"
"9,61 : 0.5345"
"61,9 : 0.5345"
"9,62 : 0.2617"
"62,9 : 0.2617"
"9,63 : 0.5101"
"63,9 : 0.5101"
"9,64 : 0.542"
"64,9 : 0.542"
"9,65 : 0.4545"
"65,9 : 0.4545"
"9,66 : 0.2433"
"66,9 : 0.2433"
"9,67 : 0.5385"
"67,9 : 0.5385"
"9,68 : 0.7824"
"68,9 : 0.7824"
"9,69 : 0.5304"
"69,9 : 0.5304"
"9,70 : 0.2596"
"70,9 : 0.2596"
"9,71 : 0.5457"
"71,9 : 0.5457"
"9,72 : 0.6629"
"72,9 : 0.6629"
"9,73 : 0.3758"
"73,9 : 0.3758"
"9,74 : 0.3302"
"74,9 : 0.3302"
"9,75 : 0.3606"
"75,9 : 0.3606"
"9,76 : 0.5622"
"76,9 : 0.5622"
"9,77 : 0.4528"
"77,9 : 0.4528"
"9,78 : 0.5962"
"78,9 : 0.5962"
"9,79 : 0.2417"
"79,9 : 0.2417"
"9,80 : 0.2563"
"80,9 : 0.2563"
"9,81 : 0.222"
"81,9 : 0.222"
"9,82 : 0.5143"
"82,9 : 0.5143"
"9,83 : 0.5492"
"83,9 : 0.5492"
"9,84 : 0.2408"
"84,9 : 0.2408"
"9,85 : 0.3225"
"85,9 : 0.3225"
"9,86 : 0.3883"
"86,9 : 0.3883"
"9,87 : 0.5284"
"87,9 : 0.5284"
"9,88 : 0.5331"
"88,9 : 0.5331"
"9,89 : 0.3106"
"89,9 : 0.3106"
"9,90 : 0.1414"
"90,9 : 0.1414"
"9,91 : 0.6075"
"91,9 : 0.6075"
"9,92 : 0.5725"
"92,9 : 0.5725"
"9,93 : 0.2236"
"93,9 : 0.2236"
"9,94 : 0.622"
"94,9 : 0.622"
"9,95 : 0.4751"
"95,9 : 0.4751"
"9,96 : 0.8242"
"96,9 : 0.8242"
"9,97 : 0.4026"
"97,9 : 0.4026"
"9,98 : 0.5166"
"98,9 : 0.5166"
"9,99 : 0.712"
"99,9 : 0.712"
"10,11 : 0.53"
"11,10 : 0.53"
"10,12 : 0.7247"
"12,10 : 0.7247"
"10,13 : 0.5522"
"13,10 : 0.5522"
"10,14 : 0.1442"
"14,10 : 0.1442"
"10,15 : 0.7716"
"15,10 : 0.7716"
"10,16 : 0.927"
"16,10 : 0.927"
"10,17 : 0.8223"
"17,10 : 0.8223"
"10,18 : 0.2902"
"18,10 : 0.2902"
"10,19 : 0.9304"
"19,10 : 0.9304"
"10,20 : 0.5445"
"20,10 : 0.5445"
"10,21 : 0.5471"
"21,10 : 0.5471"
"10,22 : 0.2267"
"22,10 : 0.2267"
"10,23 : 0.6017"
"23,10 : 0.6017"
"10,24 : 0.9087"
"24,10 : 0.9087"
"10,25 : 1.0032"
"25,10 : 1.0032"
"10,26 : 0.7666"
"26,10 : 0.7666"
"10,27 : 0.7398"
"27,10 : 0.7398"
"10,28 : 0.4518"
"28,10 : 0.4518"
"10,29 : 0.0707"
"29,10 : 0.0707"
"10,30 : 1.1486"
"30,10 : 1.1486"
"10,31 : 0.8249"
"31,10 : 0.8249"
"10,32 : 1.1439"
"32,10 : 1.1439"
"10,33 : 0.7517"
"33,10 : 0.7517"
"10,34 : 0.2419"
"34,10 : 0.2419"
"10,35 : 0.2828"
"35,10 : 0.2828"
"10,36 : 0.9476"
"36,10 : 0.9476"
"10,37 : 0.9045"
"37,10 : 0.9045"
"10,38 : 0.9434"
"38,10 : 0.9434"
"10,39 : 0.9343"
"39,10 : 0.9343"
"10,40 : 0.7157"
"40,10 : 0.7157"
"10,41 : 0.7965"
"41,10 : 0.7965"
"10,42 : 0.8463"
"42,10 : 0.8463"
"10,43 : 0.8721"
"43,10 : 0.8721"
"10,44 : 0.7603"
"44,10 : 0.7603"
"10,45 : 1.089"
"45,10 : 1.089"
"10,46 : 0.3523"
"46,10 : 0.3523"
"10,47 : 0.735"
"47,10 : 0.735"
"10,48 : 0.0608"
"48,10 : 0.0608"
"10,49 : 0.9155"
"49,10 : 0.9155"
"10,50 : 0.3081"
"50,10 : 0.3081"
"10,51 : 0.0412"
"51,10 : 0.0412"
"10,52 : 0.6413"
"52,10 : 0.6413"
"10,53 : 0.5116"
"53,10 : 0.5116"
"10,54 : 1.061"
"54,10 : 1.061"
"10,55 : 0.9266"
"55,10 : 0.9266"
"10,56 : 1.0312"
"56,10 : 1.0312"
"10,57 : 1.1846"
"57,10 : 1.1846"
"10,58 : 0.7658"
"58,10 : 0.7658"
"10,59 : 0.6356"
"59,10 : 0.6356"
"10,60 : 0.7156"
"60,10 : 0.7156"
"10,61 : 0.7378"
"61,10 : 0.7378"
"10,62 : 0.3311"
"62,10 : 0.3311"
"10,63 : 0.1118"
"63,10 : 0.1118"
"10,64 : 1.0126"
"64,10 : 1.0126"
"10,65 : 0.9276"
"65,10 : 0.9276"
"10,66 : 0.536"
"66,10 : 0.536"
"10,67 : 0.6351"
"67,10 : 0.6351"
"10,68 : 0.758"
"68,10 : 0.758"
"10,69 : 0.8374"
"69,10 : 0.8374"
"10,70 : 0.6454"
"70,10 : 0.6454"
"10,71 : 0.9411"
"71,10 : 0.9411"
"10,72 : 0.4801"
"72,10 : 0.4801"
"10,73 : 0.2256"
"73,10 : 0.2256"
"10,74 : 0.5304"
"74,10 : 0.5304"
"10,75 : 0.7834"
"75,10 : 0.7834"
"10,76 : 0.06"
"76,10 : 0.06"
"10,77 : 0.333"
"77,10 : 0.333"
"10,78 : 0.3401"
"78,10 : 0.3401"
"10,79 : 0.7801"
"79,10 : 0.7801"
"10,80 : 0.586"
"80,10 : 0.586"
"10,81 : 0.3805"
"81,10 : 0.3805"
"10,82 : 0.3544"
"82,10 : 0.3544"
"10,83 : 0.422"
"83,10 : 0.422"
"10,84 : 0.4662"
"84,10 : 0.4662"
"10,85 : 0.7398"
"85,10 : 0.7398"
"10,86 : 0.806"
"86,10 : 0.806"
"10,87 : 0.3833"
"87,10 : 0.3833"
"10,88 : 0.6946"
"88,10 : 0.6946"
"10,89 : 0.8797"
"89,10 : 0.8797"
"10,90 : 0.5951"
"90,10 : 0.5951"
"10,91 : 1.0273"
"91,10 : 1.0273"
"10,92 : 0.6888"
"92,10 : 0.6888"
"10,93 : 0.3601"
"93,10 : 0.3601"
"10,94 : 0.6389"
"94,10 : 0.6389"
"10,95 : 0.3808"
"95,10 : 0.3808"
"10,96 : 0.7841"
"96,10 : 0.7841"
"10,97 : 0.1703"
"97,10 : 0.1703"
"10,98 : 1.0465"
"98,10 : 1.0465"
"10,99 : 0.7596"
"99,10 : 0.7596"
"11,12 : 0.3574"
"12,11 : 0.3574"
"11,13 : 0.4966"
"13,11 : 0.4966"
"11,14 : 0.6549"
"14,11 : 0.6549"
"11,15 : 0.7819"
"15,11 : 0.7819"
"11,16 : 0.6873"
"16,11 : 0.6873"
"11,17 : 0.8693"
"17,11 : 0.8693"
"11,18 : 0.5954"
"18,11 : 0.5954"
"11,19 : 0.85"
"19,11 : 0.85"
"11,20 : 0.8072"
"20,11 : 0.8072"
"11,21 : 0.6325"
"21,11 : 0.6325"
"11,22 : 0.7009"
"22,11 : 0.7009"
"11,23 : 0.6401"
"23,11 : 0.6401"
"11,24 : 0.8453"
"24,11 : 0.8453"
"11,25 : 0.9291"
"25,11 : 0.9291"
"11,26 : 0.29"
"26,11 : 0.29"
"11,27 : 0.805"
"27,11 : 0.805"
"11,28 : 0.247"
"28,11 : 0.247"
"11,29 : 0.6001"
"29,11 : 0.6001"
"11,30 : 0.9489"
"30,11 : 0.9489"
"11,31 : 0.7185"
"31,11 : 0.7185"
"11,32 : 0.9818"
"32,11 : 0.9818"
"11,33 : 0.4916"
"33,11 : 0.4916"
"11,34 : 0.6093"
"34,11 : 0.6093"
"11,35 : 0.2532"
"35,11 : 0.2532"
"11,36 : 1.1428"
"36,11 : 1.1428"
"11,37 : 1.0018"
"37,11 : 1.0018"
"11,38 : 0.8006"
"38,11 : 0.8006"
"11,39 : 0.6972"
"39,11 : 0.6972"
"11,40 : 0.9426"
"40,11 : 0.9426"
"11,41 : 0.4163"
"41,11 : 0.4163"
"11,42 : 0.6912"
"42,11 : 0.6912"
"11,43 : 1.0512"
"43,11 : 1.0512"
"11,44 : 0.9153"
"44,11 : 0.9153"
"11,45 : 0.8132"
"45,11 : 0.8132"
"11,46 : 0.1844"
"46,11 : 0.1844"
"11,47 : 0.7872"
"47,11 : 0.7872"
"11,48 : 0.4701"
"48,11 : 0.4701"
"11,49 : 0.614"
"49,11 : 0.614"
"11,50 : 0.5492"
"50,11 : 0.5492"
"11,51 : 0.4901"
"51,11 : 0.4901"
"11,52 : 0.1562"
"52,11 : 0.1562"
"11,53 : 0.7072"
"53,11 : 0.7072"
"11,54 : 0.7684"
"54,11 : 0.7684"
"11,55 : 0.8139"
"55,11 : 0.8139"
"11,56 : 0.9866"
"56,11 : 0.9866"
"11,57 : 0.9815"
"57,11 : 0.9815"
"11,58 : 0.5808"
"58,11 : 0.5808"
"11,59 : 0.2648"
"59,11 : 0.2648"
"11,60 : 0.6161"
"60,11 : 0.6161"
"11,61 : 0.41"
"61,11 : 0.41"
"11,62 : 0.492"
"62,11 : 0.492"
"11,63 : 0.4329"
"63,11 : 0.4329"
"11,64 : 0.8315"
"64,11 : 0.8315"
"11,65 : 1.1542"
"65,11 : 1.1542"
"11,66 : 0.8402"
"66,11 : 0.8402"
"11,67 : 0.2828"
"67,11 : 0.2828"
"11,68 : 0.246"
"68,11 : 0.246"
"11,69 : 0.5511"
"69,11 : 0.5511"
"11,70 : 0.9197"
"70,11 : 0.9197"
"11,71 : 0.6987"
"71,11 : 0.6987"
"11,72 : 0.051"
"72,11 : 0.051"
"11,73 : 0.6203"
"73,11 : 0.6203"
"11,74 : 0.3992"
"74,11 : 0.3992"
"11,75 : 1.0469"
"75,11 : 1.0469"
"11,76 : 0.47"
"76,11 : 0.47"
"11,77 : 0.7906"
"77,11 : 0.7906"
"11,78 : 0.1903"
"78,11 : 0.1903"
"11,79 : 0.9374"
"79,11 : 0.9374"
"11,80 : 0.5033"
"80,11 : 0.5033"
"11,81 : 0.6685"
"81,11 : 0.6685"
"11,82 : 0.2147"
"82,11 : 0.2147"
"11,83 : 0.1562"
"83,11 : 0.1562"
"11,84 : 0.4604"
"84,11 : 0.4604"
"11,85 : 1.0042"
"85,11 : 1.0042"
"11,86 : 0.6412"
"86,11 : 0.6412"
"11,87 : 0.1887"
"87,11 : 0.1887"
"11,88 : 0.3569"
"88,11 : 0.3569"
"11,89 : 0.9575"
"89,11 : 0.9575"
"11,90 : 0.6083"
"90,11 : 0.6083"
"11,91 : 0.7845"
"91,11 : 0.7845"
"11,92 : 0.3132"
"92,11 : 0.3132"
"11,93 : 0.6325"
"93,11 : 0.6325"
"11,94 : 0.2062"
"94,11 : 0.2062"
"11,95 : 0.2343"
"95,11 : 0.2343"
"11,96 : 0.2625"
"96,11 : 0.2625"
"11,97 : 0.5471"
"97,11 : 0.5471"
"11,98 : 0.9426"
"98,11 : 0.9426"
"11,99 : 0.29"
"99,11 : 0.29"
"12,13 : 0.3384"
"13,12 : 0.3384"
"12,14 : 0.8032"
"14,12 : 0.8032"
"12,15 : 0.5515"
"15,12 : 0.5515"
"12,16 : 0.3401"
"16,12 : 0.3401"
"12,17 : 0.6435"
"17,12 : 0.6435"
"12,18 : 0.632"
"18,12 : 0.632"
"12,19 : 0.5546"
"19,12 : 0.5546"
"12,20 : 0.7376"
"20,12 : 0.7376"
"12,21 : 0.5033"
"21,12 : 0.5033"
"12,22 : 0.8081"
"22,12 : 0.8081"
"12,23 : 0.4741"
"23,12 : 0.4741"
"12,24 : 0.5595"
"24,12 : 0.5595"
"12,25 : 0.6277"
"25,12 : 0.6277"
"12,26 : 0.172"
"26,12 : 0.172"
"12,27 : 0.6044"
"27,12 : 0.6044"
"12,28 : 0.2729"
"28,12 : 0.2729"
"12,29 : 0.7829"
"29,12 : 0.7829"
"12,30 : 0.6003"
"30,12 : 0.6003"
"12,31 : 0.4305"
"31,12 : 0.4305"
"12,32 : 0.642"
"32,12 : 0.642"
"12,33 : 0.1655"
"33,12 : 0.1655"
"12,34 : 0.6774"
"34,12 : 0.6774"
"12,35 : 0.4686"
"35,12 : 0.4686"
"12,36 : 0.9683"
"36,12 : 0.9683"
"12,37 : 0.7849"
"37,12 : 0.7849"
"12,38 : 0.4808"
"38,12 : 0.4808"
"12,39 : 0.3501"
"39,12 : 0.3501"
"12,40 : 0.8184"
"40,12 : 0.8184"
"12,41 : 0.0721"
"41,12 : 0.0721"
"12,42 : 0.3808"
"42,12 : 0.3808"
"12,43 : 0.878"
"43,12 : 0.878"
"12,44 : 0.7489"
"44,12 : 0.7489"
"12,45 : 0.4561"
"45,12 : 0.4561"
"12,46 : 0.4173"
"46,12 : 0.4173"
"12,47 : 0.5826"
"47,12 : 0.5826"
"12,48 : 0.6673"
"48,12 : 0.6673"
"12,49 : 0.2571"
"49,12 : 0.2571"
"12,50 : 0.5714"
"50,12 : 0.5714"
"12,51 : 0.6848"
"51,12 : 0.6848"
"12,52 : 0.2202"
"52,12 : 0.2202"
"12,53 : 0.6236"
"53,12 : 0.6236"
"12,54 : 0.4111"
"54,12 : 0.4111"
"12,55 : 0.507"
"55,12 : 0.507"
"12,56 : 0.6935"
"56,12 : 0.6935"
"12,57 : 0.6313"
"57,12 : 0.6313"
"12,58 : 0.2778"
"58,12 : 0.2778"
"12,59 : 0.1"
"59,12 : 0.1"
"12,60 : 0.3607"
"60,12 : 0.3607"
"12,61 : 0.0632"
"61,12 : 0.0632"
"12,62 : 0.5016"
"62,12 : 0.5016"
"12,63 : 0.6129"
"63,12 : 0.6129"
"12,64 : 0.4937"
"64,12 : 0.4937"
"12,65 : 0.9986"
"65,12 : 0.9986"
"12,66 : 0.7908"
"66,12 : 0.7908"
"12,67 : 0.0922"
"67,12 : 0.0922"
"12,68 : 0.255"
"68,12 : 0.255"
"12,69 : 0.2"
"69,12 : 0.2"
"12,70 : 0.8322"
"70,12 : 0.8322"
"12,71 : 0.35"
"71,12 : 0.35"
"12,72 : 0.3667"
"72,12 : 0.3667"
"12,73 : 0.7004"
"73,12 : 0.7004"
"12,74 : 0.2617"
"74,12 : 0.2617"
"12,75 : 0.9302"
"75,12 : 0.9302"
"12,76 : 0.6723"
"76,12 : 0.6723"
"12,77 : 0.8647"
"77,12 : 0.8647"
"12,78 : 0.446"
"78,12 : 0.446"
"12,79 : 0.7684"
"79,12 : 0.7684"
"12,80 : 0.3178"
"80,12 : 0.3178"
"12,81 : 0.6612"
"81,12 : 0.6612"
"12,82 : 0.3842"
"82,12 : 0.3842"
"12,83 : 0.3324"
"83,12 : 0.3324"
"12,84 : 0.3722"
"84,12 : 0.3722"
"12,85 : 0.8947"
"85,12 : 0.8947"
"12,86 : 0.3354"
"86,12 : 0.3354"
"12,87 : 0.3612"
"87,12 : 0.3612"
"12,88 : 0.0412"
"88,12 : 0.0412"
"12,89 : 0.7355"
"89,12 : 0.7355"
"12,90 : 0.4383"
"90,12 : 0.4383"
"12,91 : 0.4319"
"91,12 : 0.4319"
"12,92 : 0.0447"
"92,12 : 0.0447"
"12,93 : 0.6303"
"93,12 : 0.6303"
"12,94 : 0.153"
"94,12 : 0.153"
"12,95 : 0.3467"
"95,12 : 0.3467"
"12,96 : 0.2953"
"96,12 : 0.2953"
"12,97 : 0.6525"
"97,12 : 0.6525"
"12,98 : 0.6264"
"98,12 : 0.6264"
"12,99 : 0.1581"
"99,12 : 0.1581"
"13,14 : 0.5749"
"14,13 : 0.5749"
"13,15 : 0.2886"
"15,13 : 0.2886"
"13,16 : 0.386"
"16,13 : 0.386"
"13,17 : 0.3734"
"17,13 : 0.3734"
"13,18 : 0.3489"
"18,13 : 0.3489"
"13,19 : 0.3981"
"19,13 : 0.3981"
"13,20 : 0.4002"
"20,13 : 0.4002"
"13,21 : 0.1655"
"21,13 : 0.1655"
"13,22 : 0.5471"
"22,13 : 0.5471"
"13,23 : 0.1487"
"23,13 : 0.1487"
