x,y
0.29,0.69
0.78,0.4
0.48,0.59
0.81,0.21
0.8,0.49
0.17,0.32
0.35,0.0
0.84,0.38
0.13,0.21
0.88,0.12
0.17,0.08
0.55,0.43
0.41,0.64
0.9,0.39
0.82,0.02
0.08,0.56
0.25,0.35
0.29,0.91
0.66,0.36
0.18,0.16
0.06,0.07
0.74,0.04
0.89,0.67
0.92,0.04
0.17,0.68
0.48,0.17
0.88,0.64
0.85,0.47
0.34,0.05
0.54,0.23
0.21,0.8
0.26,0.01
0.55,0.37
0.23,0.04
0.62,0.8
0.52,0.64
0.7,0.61
0.72,0.75
0.65,0.85
0.62,0.08
0.62,0.82
0.3,0.25
0.37,0.45
0.03,0.95
0.75,0.08
0.87,0.48
0.61,0.42
0.36,0.67
0.22,0.74
0.82,0.06
0.89,0.18
0.35,0.04
0.09,0.29
0.6,0.72
0.85,0.42
0.0,0.47
0.49,0.16
0.04,0.34
0.11,0.13
0.99,0.91
0.74,0.02
0.18,0.47
0.83,0.4
0.87,0.33
0.47,0.01
0.65,0.64
0.47,0.3
0.5,0.49
0.4,0.98
0.22,0.72
0.39,0.77
0.22,0.86
0.46,0.76
0.61,0.72
0.79,0.68
0.93,0.32
0.77,0.83
0.46,0.75
0.19,0.41
0.09,0.76
0.25,0.17
0.69,0.13
0.28,0.29
0.37,0.15
0.8,0.69
0.86,0.61
0.84,0.25
0.87,0.25
0.15,0.2
0.44,0.52
0.86,0.73
0.22,0.34
0.48,0.15
0.05,0.32
0.84,0.85
0.91,0.38
0.18,0.81
0.7,0.07
0.02,0.54
0.28,0.45

Distanze
"0,1 : 0.5694"
"1,0 : 0.5694"
"0,2 : 0.2147"
"2,0 : 0.2147"
"0,3 : 0.7077"
"3,0 : 0.7077"
"0,4 : 0.5478"
"4,0 : 0.5478"
"0,5 : 0.389"
"5,0 : 0.389"
"0,6 : 0.6926"
"6,0 : 0.6926"
"0,7 : 0.6313"
"7,0 : 0.6313"
"0,8 : 0.506"
"8,0 : 0.506"
"0,9 : 0.8204"
"9,0 : 0.8204"
"0,10 : 0.6217"
"10,0 : 0.6217"
"0,11 : 0.3677"
"11,0 : 0.3677"
"0,12 : 0.13"
"12,0 : 0.13"
"0,13 : 0.6798"
"13,0 : 0.6798"
"0,14 : 0.8543"
"14,0 : 0.8543"
"0,15 : 0.247"
"15,0 : 0.247"
"0,16 : 0.3423"
"16,0 : 0.3423"
"0,17 : 0.22"
"17,0 : 0.22"
"0,18 : 0.4958"
"18,0 : 0.4958"
"0,19 : 0.5413"
"19,0 : 0.5413"
"0,20 : 0.6613"
"20,0 : 0.6613"
"0,21 : 0.7906"
"21,0 : 0.7906"
"0,22 : 0.6003"
"22,0 : 0.6003"
"0,23 : 0.9052"
"23,0 : 0.9052"
"0,24 : 0.1204"
"24,0 : 0.1204"
"0,25 : 0.5536"
"25,0 : 0.5536"
"0,26 : 0.5921"
"26,0 : 0.5921"
"0,27 : 0.6017"
"27,0 : 0.6017"
"0,28 : 0.642"
"28,0 : 0.642"
"0,29 : 0.5235"
"29,0 : 0.5235"
"0,30 : 0.136"
"30,0 : 0.136"
"0,31 : 0.6807"
"31,0 : 0.6807"
"0,32 : 0.4123"
"32,0 : 0.4123"
"0,33 : 0.6528"
"33,0 : 0.6528"
"0,34 : 0.3479"
"34,0 : 0.3479"
"0,35 : 0.2354"
"35,0 : 0.2354"
"0,36 : 0.4177"
"36,0 : 0.4177"
"0,37 : 0.4342"
"37,0 : 0.4342"
"0,38 : 0.394"
"38,0 : 0.394"
"0,39 : 0.6935"
"39,0 : 0.6935"
"0,40 : 0.3547"
"40,0 : 0.3547"
"0,41 : 0.4401"
"41,0 : 0.4401"
"0,42 : 0.253"
"42,0 : 0.253"
"0,43 : 0.3677"
"43,0 : 0.3677"
"0,44 : 0.764"
"44,0 : 0.764"
"0,45 : 0.6168"
"45,0 : 0.6168"
"0,46 : 0.4187"
"46,0 : 0.4187"
"0,47 : 0.0728"
"47,0 : 0.0728"
"0,48 : 0.086"
"48,0 : 0.086"
"0,49 : 0.8233"
"49,0 : 0.8233"
"0,50 : 0.7875"
"50,0 : 0.7875"
"0,51 : 0.6528"
"51,0 : 0.6528"
"0,52 : 0.4472"
"52,0 : 0.4472"
"0,53 : 0.3114"
"53,0 : 0.3114"
"0,54 : 0.6217"
"54,0 : 0.6217"
"0,55 : 0.364"
"55,0 : 0.364"
"0,56 : 0.5665"
"56,0 : 0.5665"
"0,57 : 0.4301"
"57,0 : 0.4301"
"0,58 : 0.5882"
"58,0 : 0.5882"
"0,59 : 0.7338"
"59,0 : 0.7338"
"0,60 : 0.8071"
"60,0 : 0.8071"
"0,61 : 0.246"
"61,0 : 0.246"
"0,62 : 0.6129"
"62,0 : 0.6129"
"0,63 : 0.6826"
"63,0 : 0.6826"
"0,64 : 0.7034"
"64,0 : 0.7034"
"0,65 : 0.3635"
"65,0 : 0.3635"
"0,66 : 0.4295"
"66,0 : 0.4295"
"0,67 : 0.29"
"67,0 : 0.29"
"0,68 : 0.3102"
"68,0 : 0.3102"
"0,69 : 0.0762"
"69,0 : 0.0762"
"0,70 : 0.1281"
"70,0 : 0.1281"
"0,71 : 0.1838"
"71,0 : 0.1838"
"0,72 : 0.1838"
"72,0 : 0.1838"
"0,73 : 0.3214"
"73,0 : 0.3214"
"0,74 : 0.5001"
"74,0 : 0.5001"
"0,75 : 0.7393"
"75,0 : 0.7393"
"0,76 : 0.5"
"76,0 : 0.5"
"0,77 : 0.1803"
"77,0 : 0.1803"
"0,78 : 0.2973"
"78,0 : 0.2973"
"0,79 : 0.2119"
"79,0 : 0.2119"
"0,80 : 0.5215"
"80,0 : 0.5215"
"0,81 : 0.6882"
"81,0 : 0.6882"
"0,82 : 0.4001"
"82,0 : 0.4001"
"0,83 : 0.5459"
"83,0 : 0.5459"
"0,84 : 0.51"
"84,0 : 0.51"
"0,85 : 0.5756"
"85,0 : 0.5756"
"0,86 : 0.7043"
"86,0 : 0.7043"
"0,87 : 0.728"
"87,0 : 0.728"
"0,88 : 0.5096"
"88,0 : 0.5096"
"0,89 : 0.2267"
"89,0 : 0.2267"
"0,90 : 0.5714"
"90,0 : 0.5714"
"0,91 : 0.3569"
"91,0 : 0.3569"
"0,92 : 0.5725"
"92,0 : 0.5725"
"0,93 : 0.441"
"93,0 : 0.441"
"0,94 : 0.5728"
"94,0 : 0.5728"
"0,95 : 0.6932"
"95,0 : 0.6932"
"0,96 : 0.1628"
"96,0 : 0.1628"
"0,97 : 0.7433"
"97,0 : 0.7433"
"0,98 : 0.3089"
"98,0 : 0.3089"
"0,99 : 0.2402"
"99,0 : 0.2402"
"1,2 : 0.3551"
"2,1 : 0.3551"
"1,3 : 0.1924"
"3,1 : 0.1924"
"1,4 : 0.0922"
"4,1 : 0.0922"
"1,5 : 0.6152"
"5,1 : 0.6152"
"1,6 : 0.5873"
"6,1 : 0.5873"
"1,7 : 0.0632"
"7,1 : 0.0632"
"1,8 : 0.6772"
"8,1 : 0.6772"
"1,9 : 0.2973"
"9,1 : 0.2973"
"1,10 : 0.6888"
"10,1 : 0.6888"
"1,11 : 0.2319"
"11,1 : 0.2319"
"1,12 : 0.441"
"12,1 : 0.441"
"1,13 : 0.1204"
"13,1 : 0.1204"
"1,14 : 0.3821"
"14,1 : 0.3821"
"1,15 : 0.7181"
"15,1 : 0.7181"
"1,16 : 0.5324"
"16,1 : 0.5324"
"1,17 : 0.7072"
"17,1 : 0.7072"
"1,18 : 0.1265"
"18,1 : 0.1265"
"1,19 : 0.6462"
"19,1 : 0.6462"
"1,20 : 0.792"
"20,1 : 0.792"
"1,21 : 0.3622"
"21,1 : 0.3622"
"1,22 : 0.2915"
"22,1 : 0.2915"
"1,23 : 0.3863"
"23,1 : 0.3863"
"1,24 : 0.6712"
"24,1 : 0.6712"
"1,25 : 0.378"
"25,1 : 0.378"
"1,26 : 0.26"
"26,1 : 0.26"
"1,27 : 0.099"
"27,1 : 0.099"
"1,28 : 0.5622"
"28,1 : 0.5622"
"1,29 : 0.2941"
"29,1 : 0.2941"
"1,30 : 0.6963"
"30,1 : 0.6963"
"1,31 : 0.65"
"31,1 : 0.65"
"1,32 : 0.2319"
"32,1 : 0.2319"
"1,33 : 0.6573"
"33,1 : 0.6573"
"1,34 : 0.4308"
"34,1 : 0.4308"
"1,35 : 0.3538"
"35,1 : 0.3538"
"1,36 : 0.2247"
"36,1 : 0.2247"
"1,37 : 0.3551"
"37,1 : 0.3551"
"1,38 : 0.4684"
"38,1 : 0.4684"
"1,39 : 0.3578"
"39,1 : 0.3578"
"1,40 : 0.4494"
"40,1 : 0.4494"
"1,41 : 0.5029"
"41,1 : 0.5029"
"1,42 : 0.413"
"42,1 : 0.413"
"1,43 : 0.9301"
"43,1 : 0.9301"
"1,44 : 0.3214"
"44,1 : 0.3214"
"1,45 : 0.1204"
"45,1 : 0.1204"
"1,46 : 0.1712"
"46,1 : 0.1712"
"1,47 : 0.4993"
"47,1 : 0.4993"
"1,48 : 0.6551"
"48,1 : 0.6551"
"1,49 : 0.3423"
"49,1 : 0.3423"
"1,50 : 0.246"
"50,1 : 0.246"
"1,51 : 0.5608"
"51,1 : 0.5608"
"1,52 : 0.6987"
"52,1 : 0.6987"
"1,53 : 0.3672"
"53,1 : 0.3672"
"1,54 : 0.0728"
"54,1 : 0.0728"
"1,55 : 0.7831"
"55,1 : 0.7831"
"1,56 : 0.3764"
"56,1 : 0.3764"
"1,57 : 0.7424"
"57,1 : 0.7424"
"1,58 : 0.7224"
"58,1 : 0.7224"
"1,59 : 0.5515"
"59,1 : 0.5515"
"1,60 : 0.3821"
"60,1 : 0.3821"
"1,61 : 0.6041"
"61,1 : 0.6041"
"1,62 : 0.05"
"62,1 : 0.05"
"1,63 : 0.114"
"63,1 : 0.114"
"1,64 : 0.4982"
"64,1 : 0.4982"
"1,65 : 0.2729"
"65,1 : 0.2729"
"1,66 : 0.3257"
"66,1 : 0.3257"
"1,67 : 0.2941"
"67,1 : 0.2941"
"1,68 : 0.6934"
"68,1 : 0.6934"
"1,69 : 0.645"
"69,1 : 0.645"
"1,70 : 0.5376"
"70,1 : 0.5376"
"1,71 : 0.7247"
"71,1 : 0.7247"
"1,72 : 0.4817"
"72,1 : 0.4817"
"1,73 : 0.3624"
"73,1 : 0.3624"
"1,74 : 0.2802"
"74,1 : 0.2802"
"1,75 : 0.17"
"75,1 : 0.17"
"1,76 : 0.4301"
"76,1 : 0.4301"
"1,77 : 0.4742"
"77,1 : 0.4742"
"1,78 : 0.5901"
"78,1 : 0.5901"
"1,79 : 0.7783"
"79,1 : 0.7783"
"1,80 : 0.5778"
"80,1 : 0.5778"
"1,81 : 0.2846"
"81,1 : 0.2846"
"1,82 : 0.512"
"82,1 : 0.512"
"1,83 : 0.4802"
"83,1 : 0.4802"
"1,84 : 0.2907"
"84,1 : 0.2907"
"1,85 : 0.2247"
"85,1 : 0.2247"
"1,86 : 0.1616"
"86,1 : 0.1616"
"1,87 : 0.1749"
"87,1 : 0.1749"
"1,88 : 0.661"
"88,1 : 0.661"
"1,89 : 0.3606"
"89,1 : 0.3606"
"1,90 : 0.3396"
"90,1 : 0.3396"
"1,91 : 0.5632"
"91,1 : 0.5632"
"1,92 : 0.3905"
"92,1 : 0.3905"
"1,93 : 0.7344"
"93,1 : 0.7344"
"1,94 : 0.454"
"94,1 : 0.454"
"1,95 : 0.1315"
"95,1 : 0.1315"
"1,96 : 0.7267"
"96,1 : 0.7267"
"1,97 : 0.3396"
"97,1 : 0.3396"
"1,98 : 0.7728"
"98,1 : 0.7728"
"1,99 : 0.5025"
"99,1 : 0.5025"
"2,3 : 0.5033"
"3,2 : 0.5033"
"2,4 : 0.3353"
"4,2 : 0.3353"
"2,5 : 0.4111"
"5,2 : 0.4111"
"2,6 : 0.6042"
"6,2 : 0.6042"
"2,7 : 0.4168"
"7,2 : 0.4168"
"2,8 : 0.5166"
"8,2 : 0.5166"
"2,9 : 0.6172"
"9,2 : 0.6172"
"2,10 : 0.5968"
"10,2 : 0.5968"
"2,11 : 0.1746"
"11,2 : 0.1746"
"2,12 : 0.086"
"12,2 : 0.086"
"2,13 : 0.4652"
"13,2 : 0.4652"
"2,14 : 0.6637"
"14,2 : 0.6637"
"2,15 : 0.4011"
"15,2 : 0.4011"
"2,16 : 0.3324"
"16,2 : 0.3324"
"2,17 : 0.3722"
"17,2 : 0.3722"
"2,18 : 0.2921"
"18,2 : 0.2921"
"2,19 : 0.5243"
"19,2 : 0.5243"
"2,20 : 0.6684"
"20,2 : 0.6684"
"2,21 : 0.6084"
"21,2 : 0.6084"
"2,22 : 0.4177"
"22,2 : 0.4177"
"2,23 : 0.7043"
"23,2 : 0.7043"
"2,24 : 0.3228"
"24,2 : 0.3228"
"2,25 : 0.42"
"25,2 : 0.42"
"2,26 : 0.4031"
"26,2 : 0.4031"
"2,27 : 0.389"
"27,2 : 0.389"
"2,28 : 0.5579"
"28,2 : 0.5579"
"2,29 : 0.365"
"29,2 : 0.365"
"2,30 : 0.3421"
"30,2 : 0.3421"
"2,31 : 0.6203"
"31,2 : 0.6203"
"2,32 : 0.2309"
"32,2 : 0.2309"
"2,33 : 0.6042"
"33,2 : 0.6042"
"2,34 : 0.2524"
"34,2 : 0.2524"
"2,35 : 0.064"
"35,2 : 0.064"
"2,36 : 0.2209"
"36,2 : 0.2209"
"2,37 : 0.2884"
"37,2 : 0.2884"
"2,38 : 0.3106"
"38,2 : 0.3106"
"2,39 : 0.5289"
"39,2 : 0.5289"
"2,40 : 0.2693"
"40,2 : 0.2693"
"2,41 : 0.3847"
"41,2 : 0.3847"
"2,42 : 0.178"
"42,2 : 0.178"
"2,43 : 0.5763"
"43,2 : 0.5763"
"2,44 : 0.5771"
"44,2 : 0.5771"
"2,45 : 0.4052"
"45,2 : 0.4052"
"2,46 : 0.214"
"46,2 : 0.214"
"2,47 : 0.1442"
"47,2 : 0.1442"
"2,48 : 0.3002"
"48,2 : 0.3002"
"2,49 : 0.6297"
"49,2 : 0.6297"
"2,50 : 0.5798"
"50,2 : 0.5798"
"2,51 : 0.5652"
"51,2 : 0.5652"
"2,52 : 0.492"
"52,2 : 0.492"
"2,53 : 0.1769"
"53,2 : 0.1769"
"2,54 : 0.4072"
"54,2 : 0.4072"
"2,55 : 0.4948"
"55,2 : 0.4948"
"2,56 : 0.4301"
"56,2 : 0.4301"
"2,57 : 0.5061"
"57,2 : 0.5061"
"2,58 : 0.5903"
"58,2 : 0.5903"
"2,59 : 0.6021"
"59,2 : 0.6021"
"2,60 : 0.6265"
"60,2 : 0.6265"
"2,61 : 0.3231"
"61,2 : 0.3231"
"2,62 : 0.3982"
"62,2 : 0.3982"
"2,63 : 0.4687"
"63,2 : 0.4687"
"2,64 : 0.5801"
"64,2 : 0.5801"
"2,65 : 0.1772"
"65,2 : 0.1772"
"2,66 : 0.2902"
"66,2 : 0.2902"
"2,67 : 0.102"
"67,2 : 0.102"
"2,68 : 0.3981"
"68,2 : 0.3981"
"2,69 : 0.2907"
"69,2 : 0.2907"
"2,70 : 0.2012"
"70,2 : 0.2012"
"2,71 : 0.3748"
"71,2 : 0.3748"
"2,72 : 0.1712"
"72,2 : 0.1712"
"2,73 : 0.1838"
"73,2 : 0.1838"
"2,74 : 0.3228"
"74,2 : 0.3228"
"2,75 : 0.5248"
"75,2 : 0.5248"
"2,76 : 0.3764"
"76,2 : 0.3764"
"2,77 : 0.1612"
"77,2 : 0.1612"
"2,78 : 0.3413"
"78,2 : 0.3413"
"2,79 : 0.4254"
"79,2 : 0.4254"
"2,80 : 0.4789"
"80,2 : 0.4789"
"2,81 : 0.5057"
"81,2 : 0.5057"
"2,82 : 0.3606"
"82,2 : 0.3606"
"2,83 : 0.4535"
"83,2 : 0.4535"
"2,84 : 0.3353"
"84,2 : 0.3353"
"2,85 : 0.3805"
"85,2 : 0.3805"
"2,86 : 0.4952"
"86,2 : 0.4952"
"2,87 : 0.5174"
"87,2 : 0.5174"
"2,88 : 0.5109"
"88,2 : 0.5109"
"2,89 : 0.0806"
"89,2 : 0.0806"
"2,90 : 0.405"
"90,2 : 0.405"
"2,91 : 0.3607"
"91,2 : 0.3607"
"2,92 : 0.44"
"92,2 : 0.44"
"2,93 : 0.5077"
"93,2 : 0.5077"
"2,94 : 0.4441"
"94,2 : 0.4441"
"2,95 : 0.4785"
"95,2 : 0.4785"
"2,96 : 0.372"
"96,2 : 0.372"
"2,97 : 0.5646"
"97,2 : 0.5646"
"2,98 : 0.4627"
"98,2 : 0.4627"
"2,99 : 0.2441"
"99,2 : 0.2441"
"3,4 : 0.2802"
"4,3 : 0.2802"
"3,5 : 0.6494"
"5,3 : 0.6494"
"3,6 : 0.5057"
"6,3 : 0.5057"
"3,7 : 0.1726"
"7,3 : 0.1726"
"3,8 : 0.68"
"8,3 : 0.68"
"3,9 : 0.114"
"9,3 : 0.114"
"3,10 : 0.6531"
"10,3 : 0.6531"
"3,11 : 0.3406"
"11,3 : 0.3406"
"3,12 : 0.5873"
"12,3 : 0.5873"
"3,13 : 0.2012"
"13,3 : 0.2012"
"3,14 : 0.1903"
"14,3 : 0.1903"
"3,15 : 0.8096"
"15,3 : 0.8096"
"3,16 : 0.5772"
"16,3 : 0.5772"
"3,17 : 0.872"
"17,3 : 0.872"
"3,18 : 0.2121"
"18,3 : 0.2121"
"3,19 : 0.632"
"19,3 : 0.632"
"3,20 : 0.763"
"20,3 : 0.763"
"3,21 : 0.1838"
"21,3 : 0.1838"
"3,22 : 0.4669"
"22,3 : 0.4669"
"3,23 : 0.2025"
"23,3 : 0.2025"
"3,24 : 0.794"
"24,3 : 0.794"
"3,25 : 0.3324"
"25,3 : 0.3324"
"3,26 : 0.4357"
"26,3 : 0.4357"
"3,27 : 0.2631"
"27,3 : 0.2631"
"3,28 : 0.4965"
"28,3 : 0.4965"
"3,29 : 0.2707"
"29,3 : 0.2707"
"3,30 : 0.8415"
"30,3 : 0.8415"
"3,31 : 0.5852"
"31,3 : 0.5852"
"3,32 : 0.3053"
"32,3 : 0.3053"
"3,33 : 0.6044"
"33,3 : 0.6044"
"3,34 : 0.6198"
"34,3 : 0.6198"
"3,35 : 0.5187"
"35,3 : 0.5187"
"3,36 : 0.4148"
"36,3 : 0.4148"
"3,37 : 0.5474"
"37,3 : 0.5474"
"3,38 : 0.6597"
"38,3 : 0.6597"
"3,39 : 0.2302"
"39,3 : 0.2302"
"3,40 : 0.6389"
"40,3 : 0.6389"
"3,41 : 0.5116"
"41,3 : 0.5116"
"3,42 : 0.5012"
"42,3 : 0.5012"
"3,43 : 1.0752"
"43,3 : 1.0752"
"3,44 : 0.1432"
"44,3 : 0.1432"
"3,45 : 0.2766"
"45,3 : 0.2766"
"3,46 : 0.29"
"46,3 : 0.29"
"3,47 : 0.6435"
"47,3 : 0.6435"
"3,48 : 0.7931"
"48,3 : 0.7931"
"3,49 : 0.1503"
"49,3 : 0.1503"
"3,50 : 0.0854"
"50,3 : 0.0854"
"3,51 : 0.4904"
"51,3 : 0.4904"
"3,52 : 0.7244"
"52,3 : 0.7244"
"3,53 : 0.5515"
"53,3 : 0.5515"
"3,54 : 0.2138"
"54,3 : 0.2138"
"3,55 : 0.8507"
"55,3 : 0.8507"
"3,56 : 0.3239"
"56,3 : 0.3239"
"3,57 : 0.7809"
"57,3 : 0.7809"
"3,58 : 0.7046"
"58,3 : 0.7046"
"3,59 : 0.7228"
"59,3 : 0.7228"
"3,60 : 0.2025"
"60,3 : 0.2025"
"3,61 : 0.6815"
"61,3 : 0.6815"
"3,62 : 0.191"
"62,3 : 0.191"
"3,63 : 0.1342"
"63,3 : 0.1342"
"3,64 : 0.3945"
"64,3 : 0.3945"
"3,65 : 0.4588"
"65,3 : 0.4588"
"3,66 : 0.3517"
"66,3 : 0.3517"
"3,67 : 0.4177"
"67,3 : 0.4177"
"3,68 : 0.8724"
"68,3 : 0.8724"
"3,69 : 0.7799"
"69,3 : 0.7799"
"3,70 : 0.7"
"70,3 : 0.7"
"3,71 : 0.8778"
"71,3 : 0.8778"
"3,72 : 0.6519"
"72,3 : 0.6519"
"3,73 : 0.5478"
"73,3 : 0.5478"
"3,74 : 0.4704"
"74,3 : 0.4704"
"3,75 : 0.1628"
"75,3 : 0.1628"
"3,76 : 0.6213"
"76,3 : 0.6213"
"3,77 : 0.6435"
"77,3 : 0.6435"
"3,78 : 0.6515"
"78,3 : 0.6515"
"3,79 : 0.906"
"79,3 : 0.906"
"3,80 : 0.5614"
"80,3 : 0.5614"
"3,81 : 0.1442"
"81,3 : 0.1442"
"3,82 : 0.536"
"82,3 : 0.536"
"3,83 : 0.4441"
"83,3 : 0.4441"
"3,84 : 0.4801"
"84,3 : 0.4801"
"3,85 : 0.4031"
"85,3 : 0.4031"
"3,86 : 0.05"
"86,3 : 0.05"
"3,87 : 0.0721"
"87,3 : 0.0721"
"3,88 : 0.6601"
"88,3 : 0.6601"
"3,89 : 0.4827"
"89,3 : 0.4827"
"3,90 : 0.5224"
"90,3 : 0.5224"
"3,91 : 0.6042"
"91,3 : 0.6042"
"3,92 : 0.3354"
"92,3 : 0.3354"
"3,93 : 0.7679"
"93,3 : 0.7679"
"3,94 : 0.6407"
"94,3 : 0.6407"
"3,95 : 0.1972"
"95,3 : 0.1972"
"3,96 : 0.87"
"96,3 : 0.87"
"3,97 : 0.178"
"97,3 : 0.178"
"3,98 : 0.8562"
"98,3 : 0.8562"
"3,99 : 0.5818"
"99,3 : 0.5818"
"4,5 : 0.6525"
"5,4 : 0.6525"
"4,6 : 0.6653"
"6,4 : 0.6653"
"4,7 : 0.117"
"7,4 : 0.117"
"4,8 : 0.7262"
"8,4 : 0.7262"
"4,9 : 0.3785"
"9,4 : 0.3785"
"4,10 : 0.7517"
"10,4 : 0.7517"
"4,11 : 0.2571"
"11,4 : 0.2571"
"4,12 : 0.4179"
"12,4 : 0.4179"
"4,13 : 0.1414"
"13,4 : 0.1414"
"4,14 : 0.4704"
"14,4 : 0.4704"
"4,15 : 0.7234"
"15,4 : 0.7234"
"4,16 : 0.5675"
"16,4 : 0.5675"
"4,17 : 0.6607"
"17,4 : 0.6607"
"4,18 : 0.191"
"18,4 : 0.191"
"4,19 : 0.7024"
"19,4 : 0.7024"
"4,20 : 0.8509"
"20,4 : 0.8509"
"4,21 : 0.454"
"21,4 : 0.454"
"4,22 : 0.2012"
"22,4 : 0.2012"
"4,23 : 0.4657"
"23,4 : 0.4657"
"4,24 : 0.658"
"24,4 : 0.658"
"4,25 : 0.4525"
"25,4 : 0.4525"
"4,26 : 0.17"
"26,4 : 0.17"
"4,27 : 0.0539"
"27,4 : 0.0539"
"4,28 : 0.6366"
"28,4 : 0.6366"
"4,29 : 0.3677"
"29,4 : 0.3677"
"4,30 : 0.6665"
"30,4 : 0.6665"
"4,31 : 0.7225"
"31,4 : 0.7225"
"4,32 : 0.2773"
"32,4 : 0.2773"
"4,33 : 0.7262"
"33,4 : 0.7262"
"4,34 : 0.3585"
"34,4 : 0.3585"
"4,35 : 0.3176"
"35,4 : 0.3176"
"4,36 : 0.1562"
"36,4 : 0.1562"
"4,37 : 0.272"
"37,4 : 0.272"
"4,38 : 0.39"
"38,4 : 0.39"
"4,39 : 0.4478"
"39,4 : 0.4478"
"4,40 : 0.3759"
"40,4 : 0.3759"
"4,41 : 0.5546"
"41,4 : 0.5546"
"4,42 : 0.4319"
"42,4 : 0.4319"
"4,43 : 0.8969"
"43,4 : 0.8969"
"4,44 : 0.413"
"44,4 : 0.413"
"4,45 : 0.0707"
"45,4 : 0.0707"
"4,46 : 0.2025"
"46,4 : 0.2025"
"4,47 : 0.4754"
"47,4 : 0.4754"
"4,48 : 0.6316"
"48,4 : 0.6316"
"4,49 : 0.4305"
"49,4 : 0.4305"
"4,50 : 0.3228"
"50,4 : 0.3228"
"4,51 : 0.6364"
"51,4 : 0.6364"
"4,52 : 0.7376"
"52,4 : 0.7376"
"4,53 : 0.3048"
"53,4 : 0.3048"
"4,54 : 0.086"
"54,4 : 0.086"
"4,55 : 0.8002"
"55,4 : 0.8002"
"4,56 : 0.4528"
"56,4 : 0.4528"
"4,57 : 0.7747"
"57,4 : 0.7747"
"4,58 : 0.7783"
"58,4 : 0.7783"
"4,59 : 0.461"
"59,4 : 0.461"
"4,60 : 0.4738"
"60,4 : 0.4738"
"4,61 : 0.6203"
"61,4 : 0.6203"
"4,62 : 0.0949"
"62,4 : 0.0949"
"4,63 : 0.1746"
"63,4 : 0.1746"
"4,64 : 0.5825"
"64,4 : 0.5825"
"4,65 : 0.2121"
"65,4 : 0.2121"
"4,66 : 0.3808"
"66,4 : 0.3808"
"4,67 : 0.3"
"67,4 : 0.3"
"4,68 : 0.6325"
"68,4 : 0.6325"
"4,69 : 0.6239"
"69,4 : 0.6239"
"4,70 : 0.4965"
"70,4 : 0.4965"
"4,71 : 0.688"
"71,4 : 0.688"
"4,72 : 0.4342"
"72,4 : 0.4342"
"4,73 : 0.2983"
"73,4 : 0.2983"
"4,74 : 0.1903"
"74,4 : 0.1903"
"4,75 : 0.214"
"75,4 : 0.214"
"4,76 : 0.3413"
"76,4 : 0.3413"
"4,77 : 0.428"
"77,4 : 0.428"
"4,78 : 0.6152"
"78,4 : 0.6152"
"4,79 : 0.7596"
"79,4 : 0.7596"
"4,80 : 0.6363"
"80,4 : 0.6363"
"4,81 : 0.3764"
"81,4 : 0.3764"
"4,82 : 0.5571"
"82,4 : 0.5571"
"4,83 : 0.5482"
"83,4 : 0.5482"
"4,84 : 0.2"
"84,4 : 0.2"
"4,85 : 0.1342"
"85,4 : 0.1342"
"4,86 : 0.2433"
"86,4 : 0.2433"
"4,87 : 0.25"
"87,4 : 0.25"
"4,88 : 0.7118"
"88,4 : 0.7118"
"4,89 : 0.3612"
"89,4 : 0.3612"
"4,90 : 0.2474"
"90,4 : 0.2474"
"4,91 : 0.5991"
"91,4 : 0.5991"
"4,92 : 0.4669"
"92,4 : 0.4669"
"4,93 : 0.769"
"93,4 : 0.769"
"4,94 : 0.3622"
"94,4 : 0.3622"
"4,95 : 0.1556"
"95,4 : 0.1556"
"4,96 : 0.6977"
"96,4 : 0.6977"
"4,97 : 0.4317"
"97,4 : 0.4317"
"4,98 : 0.7816"
"98,4 : 0.7816"
"4,99 : 0.5215"
"99,4 : 0.5215"
"5,6 : 0.3672"
"6,5 : 0.3672"
"5,7 : 0.6727"
"7,5 : 0.6727"
"5,8 : 0.117"
"8,5 : 0.117"
"5,9 : 0.7376"
"9,5 : 0.7376"
"5,10 : 0.24"
"10,5 : 0.24"
"5,11 : 0.3956"
"11,5 : 0.3956"
"5,12 : 0.4"
"12,5 : 0.4"
"5,13 : 0.7333"
"13,5 : 0.7333"
"5,14 : 0.7159"
"14,5 : 0.7159"
"5,15 : 0.2563"
"15,5 : 0.2563"
"5,16 : 0.0854"
"16,5 : 0.0854"
"5,17 : 0.6021"
"17,5 : 0.6021"
"5,18 : 0.4916"
"18,5 : 0.4916"
"5,19 : 0.1603"
"19,5 : 0.1603"
"5,20 : 0.2731"
"20,5 : 0.2731"
"5,21 : 0.6351"
"21,5 : 0.6351"
"5,22 : 0.8006"
"22,5 : 0.8006"
"5,23 : 0.8006"
"23,5 : 0.8006"
"5,24 : 0.36"
"24,5 : 0.36"
"5,25 : 0.3444"
"25,5 : 0.3444"
"5,26 : 0.7788"
"26,5 : 0.7788"
"5,27 : 0.6963"
"27,5 : 0.6963"
"5,28 : 0.3191"
"28,5 : 0.3191"
"5,29 : 0.3808"
"29,5 : 0.3808"
"5,30 : 0.4817"
"30,5 : 0.4817"
"5,31 : 0.3228"
"31,5 : 0.3228"
"5,32 : 0.3833"
"32,5 : 0.3833"
"5,33 : 0.2864"
"33,5 : 0.2864"
"5,34 : 0.658"
"34,5 : 0.658"
"5,35 : 0.4742"
"35,5 : 0.4742"
"5,36 : 0.6042"
"36,5 : 0.6042"
"5,37 : 0.6981"
"37,5 : 0.6981"
"5,38 : 0.7151"
"38,5 : 0.7151"
"5,39 : 0.51"
"39,5 : 0.51"
"5,40 : 0.6727"
"40,5 : 0.6727"
"5,41 : 0.1476"
"41,5 : 0.1476"
"5,42 : 0.2385"
"42,5 : 0.2385"
"5,43 : 0.6454"
"43,5 : 0.6454"
"5,44 : 0.6277"
"44,5 : 0.6277"
"5,45 : 0.7181"
"45,5 : 0.7181"
"5,46 : 0.4512"
"46,5 : 0.4512"
"5,47 : 0.3982"
"47,5 : 0.3982"
"5,48 : 0.423"
"48,5 : 0.423"
"5,49 : 0.7001"
"49,5 : 0.7001"
"5,50 : 0.7335"
"50,5 : 0.7335"
"5,51 : 0.3329"
"51,5 : 0.3329"
"5,52 : 0.0854"
"52,5 : 0.0854"
"5,53 : 0.5873"
"53,5 : 0.5873"
"5,54 : 0.6873"
"54,5 : 0.6873"
"5,55 : 0.2267"
"55,5 : 0.2267"
"5,56 : 0.3578"
"56,5 : 0.3578"
"5,57 : 0.1315"
"57,5 : 0.1315"
"5,58 : 0.1992"
"58,5 : 0.1992"
"5,59 : 1.0102"
"59,5 : 1.0102"
"5,60 : 0.6441"
"60,5 : 0.6441"
"5,61 : 0.1503"
"61,5 : 0.1503"
"5,62 : 0.6648"
"62,5 : 0.6648"
"5,63 : 0.7001"
"63,5 : 0.7001"
"5,64 : 0.4314"
"64,5 : 0.4314"
"5,65 : 0.5769"
"65,5 : 0.5769"
"5,66 : 0.3007"
"66,5 : 0.3007"
"5,67 : 0.3712"
"67,5 : 0.3712"
"5,68 : 0.6989"
"68,5 : 0.6989"
"5,69 : 0.4031"
"69,5 : 0.4031"
"5,70 : 0.5009"
"70,5 : 0.5009"
"5,71 : 0.5423"
"71,5 : 0.5423"
"5,72 : 0.527"
"72,5 : 0.527"
"5,73 : 0.5946"
"73,5 : 0.5946"
"5,74 : 0.7169"
"74,5 : 0.7169"
"5,75 : 0.76"
"75,5 : 0.76"
"5,76 : 0.7875"
"76,5 : 0.7875"
"5,77 : 0.5187"
"77,5 : 0.5187"
"5,78 : 0.0922"
"78,5 : 0.0922"
"5,79 : 0.4472"
"79,5 : 0.4472"
"5,80 : 0.17"
"80,5 : 0.17"
"5,81 : 0.5536"
"81,5 : 0.5536"
"5,82 : 0.114"
"82,5 : 0.114"
"5,83 : 0.2625"
"83,5 : 0.2625"
"5,84 : 0.7306"
"84,5 : 0.7306"
"5,85 : 0.7485"
"85,5 : 0.7485"
"5,86 : 0.6736"
"86,5 : 0.6736"
"5,87 : 0.7035"
"87,5 : 0.7035"
"5,88 : 0.1217"
"88,5 : 0.1217"
"5,89 : 0.336"
"89,5 : 0.336"
"5,90 : 0.8026"
"90,5 : 0.8026"
"5,91 : 0.0539"
"91,5 : 0.0539"
"5,92 : 0.3536"
"92,5 : 0.3536"
"5,93 : 0.12"
"93,5 : 0.12"
"5,94 : 0.8543"
"94,5 : 0.8543"
"5,95 : 0.7424"
"95,5 : 0.7424"
"5,96 : 0.4901"
"96,5 : 0.4901"
"5,97 : 0.586"
"97,5 : 0.586"
"5,98 : 0.2663"
"98,5 : 0.2663"
"5,99 : 0.1703"
"99,5 : 0.1703"
"6,7 : 0.6201"
"7,6 : 0.6201"
"6,8 : 0.3041"
"8,6 : 0.3041"
"6,9 : 0.5434"
"9,6 : 0.5434"
"6,10 : 0.197"
"10,6 : 0.197"
"6,11 : 0.4742"
"11,6 : 0.4742"
"6,12 : 0.6428"
"12,6 : 0.6428"
"6,13 : 0.6742"
"13,6 : 0.6742"
"6,14 : 0.4704"
"14,6 : 0.4704"
"6,15 : 0.6217"
"15,6 : 0.6217"
"6,16 : 0.364"
"16,6 : 0.364"
"6,17 : 0.912"
"17,6 : 0.912"
"6,18 : 0.4751"
"18,6 : 0.4751"
"6,19 : 0.2335"
"19,6 : 0.2335"
"6,20 : 0.2983"
"20,6 : 0.2983"
"6,21 : 0.392"
"21,6 : 0.392"
"6,22 : 0.8605"
"22,6 : 0.8605"
"6,23 : 0.5714"
"23,6 : 0.5714"
"6,24 : 0.7034"
"24,6 : 0.7034"
"6,25 : 0.214"
"25,6 : 0.214"
"6,26 : 0.831"
"26,6 : 0.831"
"6,27 : 0.6862"
"27,6 : 0.6862"
"6,28 : 0.051"
"28,6 : 0.051"
"6,29 : 0.2983"
"29,6 : 0.2983"
"6,30 : 0.8122"
"30,6 : 0.8122"
"6,31 : 0.0906"
"31,6 : 0.0906"
"6,32 : 0.4206"
"32,6 : 0.4206"
"6,33 : 0.1265"
"33,6 : 0.1265"
"6,34 : 0.8443"
"34,6 : 0.8443"
"6,35 : 0.6622"
"35,6 : 0.6622"
"6,36 : 0.7033"
"36,6 : 0.7033"
"6,37 : 0.8363"
"37,6 : 0.8363"
"6,38 : 0.9014"
"38,6 : 0.9014"
"6,39 : 0.2816"
"39,6 : 0.2816"
"6,40 : 0.8633"
"40,6 : 0.8633"
"6,41 : 0.255"
"41,6 : 0.255"
"6,42 : 0.4504"
"42,6 : 0.4504"
"6,43 : 1.0024"
"43,6 : 1.0024"
"6,44 : 0.4079"
"44,6 : 0.4079"
"6,45 : 0.7077"
"45,6 : 0.7077"
"6,46 : 0.494"
"46,6 : 0.494"
"6,47 : 0.6701"
"47,6 : 0.6701"
"6,48 : 0.7513"
"48,6 : 0.7513"
"6,49 : 0.4738"
"49,6 : 0.4738"
"6,50 : 0.5692"
"50,6 : 0.5692"
"6,51 : 0.04"
"51,6 : 0.04"
"6,52 : 0.3895"
"52,6 : 0.3895"
"6,53 : 0.7622"
"53,6 : 0.7622"
"6,54 : 0.653"
"54,6 : 0.653"
"6,55 : 0.586"
"55,6 : 0.586"
"6,56 : 0.2126"
"56,6 : 0.2126"
"6,57 : 0.4601"
"57,6 : 0.4601"
"6,58 : 0.2729"
"58,6 : 0.2729"
"6,59 : 1.1125"
"59,6 : 1.1125"
"6,60 : 0.3905"
"60,6 : 0.3905"
"6,61 : 0.4998"
"61,6 : 0.4998"
"6,62 : 0.6248"
"62,6 : 0.6248"
"6,63 : 0.6159"
"63,6 : 0.6159"
"6,64 : 0.1204"
"64,6 : 0.1204"
"6,65 : 0.7068"
"65,6 : 0.7068"
"6,66 : 0.3231"
"66,6 : 0.3231"
"6,67 : 0.5124"
"67,6 : 0.5124"
"6,68 : 0.9813"
"68,6 : 0.9813"
"6,69 : 0.7316"
"69,6 : 0.7316"
"6,70 : 0.771"
"70,6 : 0.771"
"6,71 : 0.8698"
"71,6 : 0.8698"
"6,72 : 0.7679"
"72,6 : 0.7679"
"6,73 : 0.7655"
"73,6 : 0.7655"
"6,74 : 0.8099"
"74,6 : 0.8099"
"6,75 : 0.6624"
"75,6 : 0.6624"
"6,76 : 0.9302"
"76,6 : 0.9302"
"6,77 : 0.758"
"77,6 : 0.758"
"6,78 : 0.4401"
"78,6 : 0.4401"
"6,79 : 0.8032"
"79,6 : 0.8032"
"6,80 : 0.1972"
"80,6 : 0.1972"
"6,81 : 0.364"
"81,6 : 0.364"
"6,82 : 0.2983"
"82,6 : 0.2983"
"6,83 : 0.1513"
"83,6 : 0.1513"
"6,84 : 0.8238"
"84,6 : 0.8238"
"6,85 : 0.7951"
"85,6 : 0.7951"
"6,86 : 0.5501"
"86,6 : 0.5501"
"6,87 : 0.577"
"87,6 : 0.577"
"6,88 : 0.2828"
"88,6 : 0.2828"
"6,89 : 0.5277"
"89,6 : 0.5277"
"6,90 : 0.8905"
"90,6 : 0.8905"
"6,91 : 0.364"
"91,6 : 0.364"
"6,92 : 0.1985"
"92,6 : 0.1985"
"6,93 : 0.4386"
"93,6 : 0.4386"
"6,94 : 0.9811"
"94,6 : 0.9811"
"6,95 : 0.6768"
"95,6 : 0.6768"
"6,96 : 0.8276"
"96,6 : 0.8276"
"6,97 : 0.3569"
"97,6 : 0.3569"
"6,98 : 0.6329"
"98,6 : 0.6329"
"6,99 : 0.4554"
"99,6 : 0.4554"
"7,8 : 0.7301"
"8,7 : 0.7301"
"7,9 : 0.2631"
"9,7 : 0.2631"
"7,10 : 0.7341"
"10,7 : 0.7341"
"7,11 : 0.2943"
"11,7 : 0.2943"
"7,12 : 0.5025"
"12,7 : 0.5025"
"7,13 : 0.0608"
"13,7 : 0.0608"
"7,14 : 0.3606"
"14,7 : 0.3606"
"7,15 : 0.781"
"15,7 : 0.781"
"7,16 : 0.5908"
"16,7 : 0.5908"
"7,17 : 0.7638"
"17,7 : 0.7638"
"7,18 : 0.1811"
"18,7 : 0.1811"
"7,19 : 0.6957"
"19,7 : 0.6957"
"7,20 : 0.8393"
"20,7 : 0.8393"
"7,21 : 0.3544"
"21,7 : 0.3544"
"7,22 : 0.2943"
"22,7 : 0.2943"
"7,23 : 0.3493"
"23,7 : 0.3493"
"7,24 : 0.7341"
"24,7 : 0.7341"
"7,25 : 0.4168"
"25,7 : 0.4168"
"7,26 : 0.2631"
"26,7 : 0.2631"
"7,27 : 0.0906"
"27,7 : 0.0906"
"7,28 : 0.5991"
"28,7 : 0.5991"
"7,29 : 0.3354"
"29,7 : 0.3354"
"7,30 : 0.7572"
"30,7 : 0.7572"
"7,31 : 0.688"
"31,7 : 0.688"
"7,32 : 0.2902"
"32,7 : 0.2902"
"7,33 : 0.6984"
"33,7 : 0.6984"
"7,34 : 0.4741"
"34,7 : 0.4741"
"7,35 : 0.4123"
"35,7 : 0.4123"
"7,36 : 0.2693"
"36,7 : 0.2693"
"7,37 : 0.389"
"37,7 : 0.389"
"7,38 : 0.507"
"38,7 : 0.507"
"7,39 : 0.372"
"39,7 : 0.372"
"7,40 : 0.4919"
"40,7 : 0.4919"
"7,41 : 0.5554"
"41,7 : 0.5554"
"7,42 : 0.4752"
"42,7 : 0.4752"
"7,43 : 0.9905"
"43,7 : 0.9905"
"7,44 : 0.3132"
"44,7 : 0.3132"
"7,45 : 0.1044"
"45,7 : 0.1044"
"7,46 : 0.2335"
"46,7 : 0.2335"
"7,47 : 0.5608"
"47,7 : 0.5608"
"7,48 : 0.7169"
"48,7 : 0.7169"
"7,49 : 0.3206"
"49,7 : 0.3206"
"7,50 : 0.2062"
"50,7 : 0.2062"
"7,51 : 0.5964"
"51,7 : 0.5964"
"7,52 : 0.7554"
"52,7 : 0.7554"
"7,53 : 0.4162"
"53,7 : 0.4162"
"7,54 : 0.0412"
"54,7 : 0.0412"
"7,55 : 0.8448"
"55,7 : 0.8448"
"7,56 : 0.4134"
"56,7 : 0.4134"
"7,57 : 0.801"
"57,7 : 0.801"
"7,58 : 0.7716"
"58,7 : 0.7716"
"7,59 : 0.5508"
"59,7 : 0.5508"
"7,60 : 0.3736"
"60,7 : 0.3736"
"7,61 : 0.6661"
"61,7 : 0.6661"
"7,62 : 0.0224"
"62,7 : 0.0224"
"7,63 : 0.0583"
"63,7 : 0.0583"
"7,64 : 0.5233"
"64,7 : 0.5233"
"7,65 : 0.322"
"65,7 : 0.322"
"7,66 : 0.3785"
"66,7 : 0.3785"
"7,67 : 0.3574"
"67,7 : 0.3574"
"7,68 : 0.744"
"68,7 : 0.744"
"7,69 : 0.7071"
"69,7 : 0.7071"
"7,70 : 0.5955"
"70,7 : 0.5955"
"7,71 : 0.7841"
"71,7 : 0.7841"
"7,72 : 0.5374"
"72,7 : 0.5374"
"7,73 : 0.4105"
"73,7 : 0.4105"
"7,74 : 0.3041"
"74,7 : 0.3041"
"7,75 : 0.1082"
"75,7 : 0.1082"
"7,76 : 0.4554"
"76,7 : 0.4554"
"7,77 : 0.5304"
"77,7 : 0.5304"
"7,78 : 0.6507"
"78,7 : 0.6507"
"7,79 : 0.8408"
"79,7 : 0.8408"
"7,80 : 0.6263"
"80,7 : 0.6263"
"7,81 : 0.2915"
"81,7 : 0.2915"
"7,82 : 0.5672"
"82,7 : 0.5672"
"7,83 : 0.5233"
"83,7 : 0.5233"
"7,84 : 0.3126"
"84,7 : 0.3126"
"7,85 : 0.2309"
"85,7 : 0.2309"
"7,86 : 0.13"
"86,7 : 0.13"
"7,87 : 0.1334"
"87,7 : 0.1334"
"7,88 : 0.7131"
"88,7 : 0.7131"
"7,89 : 0.4238"
"89,7 : 0.4238"
"7,90 : 0.3506"
"90,7 : 0.3506"
"7,91 : 0.6213"
"91,7 : 0.6213"
"7,92 : 0.4272"
"92,7 : 0.4272"
"7,93 : 0.7923"
"93,7 : 0.7923"
"7,94 : 0.47"
"94,7 : 0.47"
"7,95 : 0.07"
"95,7 : 0.07"
"7,96 : 0.7877"
"96,7 : 0.7877"
"7,97 : 0.3401"
"97,7 : 0.3401"
"7,98 : 0.8355"
"98,7 : 0.8355"
"7,99 : 0.5644"
"99,7 : 0.5644"
"8,9 : 0.7554"
"9,8 : 0.7554"
"8,10 : 0.136"
"10,8 : 0.136"
"8,11 : 0.4741"
"11,8 : 0.4741"
"8,12 : 0.5131"
"12,8 : 0.5131"
"8,13 : 0.7908"
"13,8 : 0.7908"
"8,14 : 0.7157"
"14,8 : 0.7157"
"8,15 : 0.3536"
"15,8 : 0.3536"
"8,16 : 0.1844"
"16,8 : 0.1844"
"8,17 : 0.7181"
"17,8 : 0.7181"
"8,18 : 0.5508"
"18,8 : 0.5508"
"8,19 : 0.0707"
"19,8 : 0.0707"
"8,20 : 0.1565"
"20,8 : 0.1565"
"8,21 : 0.6332"
"21,8 : 0.6332"
"8,22 : 0.8884"
"22,8 : 0.8884"
"8,23 : 0.8081"
"23,8 : 0.8081"
"8,24 : 0.4717"
"24,8 : 0.4717"
"8,25 : 0.3523"
"25,8 : 0.3523"
"8,26 : 0.8645"
"26,8 : 0.8645"
"8,27 : 0.7655"
"27,8 : 0.7655"
"8,28 : 0.264"
"28,8 : 0.264"
"8,29 : 0.4105"
"29,8 : 0.4105"
"8,30 : 0.5954"
"30,8 : 0.5954"
"8,31 : 0.2385"
"31,8 : 0.2385"
"8,32 : 0.4494"
"32,8 : 0.4494"
"8,33 : 0.1972"
"33,8 : 0.1972"
"8,34 : 0.7669"
"34,8 : 0.7669"
"8,35 : 0.5805"
"35,8 : 0.5805"
"8,36 : 0.6963"
"36,8 : 0.6963"
"8,37 : 0.7998"
"37,8 : 0.7998"
"8,38 : 0.8246"
"38,8 : 0.8246"
"8,39 : 0.507"
"39,8 : 0.507"
"8,40 : 0.7824"
"40,8 : 0.7824"
"8,41 : 0.1746"
"41,8 : 0.1746"
"8,42 : 0.3394"
"42,8 : 0.3394"
"8,43 : 0.7467"
"43,8 : 0.7467"
"8,44 : 0.6335"
"44,8 : 0.6335"
"8,45 : 0.7877"
"45,8 : 0.7877"
"8,46 : 0.5239"
"46,8 : 0.5239"
"8,47 : 0.5143"
"47,8 : 0.5143"
"8,48 : 0.5376"
"48,8 : 0.5376"
"8,49 : 0.7061"
"49,8 : 0.7061"
"8,50 : 0.7606"
"50,8 : 0.7606"
"8,51 : 0.278"
"51,8 : 0.278"
"8,52 : 0.0894"
"52,8 : 0.0894"
"8,53 : 0.6935"
"53,8 : 0.6935"
"8,54 : 0.75"
"54,8 : 0.75"
"8,55 : 0.2907"
"55,8 : 0.2907"
"8,56 : 0.3635"
"56,8 : 0.3635"
"8,57 : 0.1581"
"57,8 : 0.1581"
"8,58 : 0.0825"
"58,8 : 0.0825"
"8,59 : 1.1089"
"59,8 : 1.1089"
"8,60 : 0.6389"
"60,8 : 0.6389"
"8,61 : 0.2648"
"61,8 : 0.2648"
"8,62 : 0.7253"
"62,8 : 0.7253"
"8,63 : 0.7497"
"63,8 : 0.7497"
"8,64 : 0.3945"
"64,8 : 0.3945"
"8,65 : 0.6748"
"65,8 : 0.6748"
"8,66 : 0.3517"
"66,8 : 0.3517"
"8,67 : 0.464"
"67,8 : 0.464"
"8,68 : 0.816"
"68,8 : 0.816"
"8,69 : 0.5179"
"69,8 : 0.5179"
"8,70 : 0.6174"
"70,8 : 0.6174"
"8,71 : 0.6562"
"71,8 : 0.6562"
"8,72 : 0.6414"
"72,8 : 0.6414"
"8,73 : 0.7004"
"73,8 : 0.7004"
"8,74 : 0.8102"
"74,8 : 0.8102"
"8,75 : 0.8075"
"75,8 : 0.8075"
"8,76 : 0.8911"
"76,8 : 0.8911"
"8,77 : 0.6329"
"77,8 : 0.6329"
"8,78 : 0.2088"
"78,8 : 0.2088"
"8,79 : 0.5515"
"79,8 : 0.5515"
"8,80 : 0.1265"
"80,8 : 0.1265"
"8,81 : 0.5657"
"81,8 : 0.5657"
"8,82 : 0.17"
"82,8 : 0.17"
"8,83 : 0.2474"
"83,8 : 0.2474"
"8,84 : 0.8242"
"84,8 : 0.8242"
"8,85 : 0.8324"
"85,8 : 0.8324"
"8,86 : 0.7111"
"86,8 : 0.7111"
"8,87 : 0.7411"
"87,8 : 0.7411"
"8,88 : 0.0224"
"88,8 : 0.0224"
"8,89 : 0.4384"
"89,8 : 0.4384"
"8,90 : 0.8963"
"90,8 : 0.8963"
"8,91 : 0.1581"
"91,8 : 0.1581"
"8,92 : 0.3551"
"92,8 : 0.3551"
"8,93 : 0.136"
"93,8 : 0.136"
"8,94 : 0.9559"
"94,8 : 0.9559"
"8,95 : 0.7983"
"95,8 : 0.7983"
"8,96 : 0.6021"
"96,8 : 0.6021"
"8,97 : 0.5869"
"97,8 : 0.5869"
"8,98 : 0.3479"
"98,8 : 0.3479"
"8,99 : 0.283"
"99,8 : 0.283"
"9,10 : 0.7111"
"10,9 : 0.7111"
"9,11 : 0.4528"
"11,9 : 0.4528"
"9,12 : 0.7009"
"12,9 : 0.7009"
"9,13 : 0.2707"
"13,9 : 0.2707"
"9,14 : 0.1166"
"14,9 : 0.1166"
"9,15 : 0.913"
"15,9 : 0.913"
"9,16 : 0.6707"
"16,9 : 0.6707"
"9,17 : 0.986"
"17,9 : 0.986"
"9,18 : 0.3256"
"18,9 : 0.3256"
"9,19 : 0.7011"
"19,9 : 0.7011"
"9,20 : 0.8215"
"20,9 : 0.8215"
"9,21 : 0.1612"
"21,9 : 0.1612"
"9,22 : 0.5501"
"22,9 : 0.5501"
"9,23 : 0.0894"
"23,9 : 0.0894"
"9,24 : 0.9043"
"24,9 : 0.9043"
"9,25 : 0.4031"
"25,9 : 0.4031"
"9,26 : 0.52"
"26,9 : 0.52"
"9,27 : 0.3513"
"27,9 : 0.3513"
"9,28 : 0.5445"
"28,9 : 0.5445"
"9,29 : 0.3574"
"29,9 : 0.3574"
"9,30 : 0.9546"
"30,9 : 0.9546"
"9,31 : 0.6297"
"31,9 : 0.6297"
"9,32 : 0.414"
"32,9 : 0.414"
"9,33 : 0.6549"
"33,9 : 0.6549"
"9,34 : 0.728"
"34,9 : 0.728"
"9,35 : 0.6325"
"35,9 : 0.6325"
"9,36 : 0.522"
"36,9 : 0.522"
"9,37 : 0.65"
"37,9 : 0.65"
"9,38 : 0.7654"
"38,9 : 0.7654"
"9,39 : 0.2631"
"39,9 : 0.2631"
"9,40 : 0.7467"
"40,9 : 0.7467"
"9,41 : 0.5944"
"41,9 : 0.5944"
"9,42 : 0.6075"
"42,9 : 0.6075"
"9,43 : 1.188"
"43,9 : 1.188"
"9,44 : 0.136"
"44,9 : 0.136"
"9,45 : 0.3601"
"45,9 : 0.3601"
"9,46 : 0.4036"
"46,9 : 0.4036"
"9,47 : 0.7569"
"47,9 : 0.7569"
"9,48 : 0.9055"
"48,9 : 0.9055"
"9,49 : 0.0849"
"49,9 : 0.0849"
"9,50 : 0.0608"
"50,9 : 0.0608"
"9,51 : 0.536"
"51,9 : 0.536"
"9,52 : 0.8081"
"52,9 : 0.8081"
"9,53 : 0.6621"
"53,9 : 0.6621"
"9,54 : 0.3015"
"54,9 : 0.3015"
"9,55 : 0.947"
"55,9 : 0.947"
"9,56 : 0.392"
"56,9 : 0.392"
"9,57 : 0.8683"
"57,9 : 0.8683"
"9,58 : 0.7701"
"58,9 : 0.7701"
"9,59 : 0.7976"
"59,9 : 0.7976"
"9,60 : 0.172"
"60,9 : 0.172"
"9,61 : 0.7826"
"61,9 : 0.7826"
"9,62 : 0.2844"
"62,9 : 0.2844"
"9,63 : 0.2102"
"63,9 : 0.2102"
"9,64 : 0.4245"
"64,9 : 0.4245"
"9,65 : 0.5686"
"65,9 : 0.5686"
"9,66 : 0.4478"
"66,9 : 0.4478"
"9,67 : 0.5304"
"67,9 : 0.5304"
"9,68 : 0.9849"
"68,9 : 0.9849"
"9,69 : 0.892"
"69,9 : 0.892"
"9,70 : 0.814"
"70,9 : 0.814"
"9,71 : 0.9916"
"71,9 : 0.9916"
"9,72 : 0.7655"
"72,9 : 0.7655"
"9,73 : 0.658"
"73,9 : 0.658"
"9,74 : 0.5672"
"74,9 : 0.5672"
"9,75 : 0.2062"
"75,9 : 0.2062"
"9,76 : 0.7185"
"76,9 : 0.7185"
"9,77 : 0.7572"
"77,9 : 0.7572"
"9,78 : 0.7485"
"78,9 : 0.7485"
"9,79 : 1.0167"
"79,9 : 1.0167"
"9,80 : 0.632"
"80,9 : 0.632"
"9,81 : 0.1903"
"81,9 : 0.1903"
"9,82 : 0.6236"
"82,9 : 0.6236"
"9,83 : 0.5109"
"83,9 : 0.5109"
"9,84 : 0.5756"
"84,9 : 0.5756"
"9,85 : 0.4904"
"85,9 : 0.4904"
"9,86 : 0.136"
"86,9 : 0.136"
"9,87 : 0.1304"
"87,9 : 0.1304"
"9,88 : 0.7344"
"88,9 : 0.7344"
"9,89 : 0.5946"
"89,9 : 0.5946"
"9,90 : 0.6103"
"90,9 : 0.6103"
"9,91 : 0.6957"
"91,9 : 0.6957"
"9,92 : 0.4011"
"92,9 : 0.4011"
"9,93 : 0.8538"
"93,9 : 0.8538"
"9,94 : 0.7311"
"94,9 : 0.7311"
"9,95 : 0.2617"
"95,9 : 0.2617"
"9,96 : 0.9829"
"96,9 : 0.9829"
"9,97 : 0.1868"
"97,9 : 0.1868"
"9,98 : 0.9571"
"98,9 : 0.9571"
"9,99 : 0.6848"
"99,9 : 0.6848"
"10,11 : 0.5166"
"11,10 : 0.5166"
"10,12 : 0.6093"
"12,10 : 0.6093"
"10,13 : 0.7931"
"13,10 : 0.7931"
"10,14 : 0.6528"
"14,10 : 0.6528"
"10,15 : 0.4884"
"15,10 : 0.4884"
"10,16 : 0.2816"
"16,10 : 0.2816"
"10,17 : 0.8386"
"17,10 : 0.8386"
"10,18 : 0.5644"
"18,10 : 0.5644"
"10,19 : 0.0806"
"19,10 : 0.0806"
"10,20 : 0.1105"
"20,10 : 0.1105"
"10,21 : 0.5714"
"21,10 : 0.5714"
"10,22 : 0.9309"
"22,10 : 0.9309"
"10,23 : 0.7511"
"23,10 : 0.7511"
"10,24 : 0.6"
"24,10 : 0.6"
"10,25 : 0.3228"
"25,10 : 0.3228"
"10,26 : 0.9043"
"26,10 : 0.9043"
"10,27 : 0.7839"
"27,10 : 0.7839"
"10,28 : 0.1726"
"28,10 : 0.1726"
"10,29 : 0.3992"
"29,10 : 0.3992"
"10,30 : 0.7211"
"30,10 : 0.7211"
"10,31 : 0.114"
"31,10 : 0.114"
"10,32 : 0.478"
"32,10 : 0.478"
"10,33 : 0.0721"
"33,10 : 0.0721"
"10,34 : 0.8491"
"34,10 : 0.8491"
"10,35 : 0.6604"
"35,10 : 0.6604"
"10,36 : 0.7495"
"36,10 : 0.7495"
"10,37 : 0.8668"
"37,10 : 0.8668"
"10,38 : 0.9074"
"38,10 : 0.9074"
"10,39 : 0.45"
"39,10 : 0.45"
"10,40 : 0.8661"
"40,10 : 0.8661"
"10,41 : 0.214"
"41,10 : 0.214"
"10,42 : 0.4206"
"42,10 : 0.4206"
"10,43 : 0.8812"
"43,10 : 0.8812"
"10,44 : 0.58"
"44,10 : 0.58"
"10,45 : 0.8062"
"45,10 : 0.8062"
"10,46 : 0.5561"
"46,10 : 0.5561"
"10,47 : 0.6198"
"47,10 : 0.6198"
"10,48 : 0.6619"
"48,10 : 0.6619"
"10,49 : 0.6503"
"49,10 : 0.6503"
"10,50 : 0.7269"
"50,10 : 0.7269"
"10,51 : 0.1844"
"51,10 : 0.1844"
"10,52 : 0.2247"
"52,10 : 0.2247"
"10,53 : 0.771"
"53,10 : 0.771"
"10,54 : 0.7603"
"54,10 : 0.7603"
"10,55 : 0.4254"
"55,10 : 0.4254"
"10,56 : 0.3298"
"56,10 : 0.3298"
"10,57 : 0.2907"
"57,10 : 0.2907"
"10,58 : 0.0781"
"58,10 : 0.0781"
"10,59 : 1.1667"
"59,10 : 1.1667"
"10,60 : 0.5731"
"60,10 : 0.5731"
"10,61 : 0.3901"
"61,10 : 0.3901"
"10,62 : 0.7335"
"62,10 : 0.7335"
"10,63 : 0.7433"
"63,10 : 0.7433"
"10,64 : 0.3081"
"64,10 : 0.3081"
"10,65 : 0.7376"
"65,10 : 0.7376"
"10,66 : 0.372"
"66,10 : 0.372"
"10,67 : 0.5263"
"67,10 : 0.5263"
"10,68 : 0.9289"
"68,10 : 0.9289"
"10,69 : 0.642"
"69,10 : 0.642"
"10,70 : 0.7242"
"70,10 : 0.7242"
"10,71 : 0.7816"
"71,10 : 0.7816"
"10,72 : 0.7393"
"72,10 : 0.7393"
"10,73 : 0.7767"
"73,10 : 0.7767"
"10,74 : 0.8628"
"74,10 : 0.8628"
"10,75 : 0.797"
"75,10 : 0.797"
"10,76 : 0.9605"
"76,10 : 0.9605"
"10,77 : 0.7301"
"77,10 : 0.7301"
"10,78 : 0.3306"
"78,10 : 0.3306"
"10,79 : 0.6847"
"79,10 : 0.6847"
"10,80 : 0.1204"
"80,10 : 0.1204"
"10,81 : 0.5224"
"81,10 : 0.5224"
"10,82 : 0.2371"
"82,10 : 0.2371"
"10,83 : 0.2119"
"83,10 : 0.2119"
"10,84 : 0.8769"
"84,10 : 0.8769"
"10,85 : 0.8701"
"85,10 : 0.8701"
"10,86 : 0.6912"
"86,10 : 0.6912"
"10,87 : 0.7203"
"87,10 : 0.7203"
"10,88 : 0.1217"
"88,10 : 0.1217"
"10,89 : 0.5162"
"89,10 : 0.5162"
"10,90 : 0.9479"
"90,10 : 0.9479"
"10,91 : 0.2648"
"91,10 : 0.2648"
"10,92 : 0.3178"
"92,10 : 0.3178"
"10,93 : 0.2683"
"93,10 : 0.2683"
"10,94 : 1.0207"
"94,10 : 1.0207"
"10,95 : 0.7985"
"95,10 : 0.7985"
"10,96 : 0.7301"
"96,10 : 0.7301"
"10,97 : 0.5301"
"97,10 : 0.5301"
"10,98 : 0.4838"
"98,10 : 0.4838"
"10,99 : 0.386"
"99,10 : 0.386"
"11,12 : 0.2524"
"12,11 : 0.2524"
"11,13 : 0.3523"
"13,11 : 0.3523"
"11,14 : 0.4909"
"14,11 : 0.4909"
"11,15 : 0.4876"
"15,11 : 0.4876"
"11,16 : 0.3105"
"16,11 : 0.3105"
"11,17 : 0.5459"
"17,11 : 0.5459"
"11,18 : 0.1304"
"18,11 : 0.1304"
"11,19 : 0.458"
"19,11 : 0.458"
"11,20 : 0.608"
"20,11 : 0.608"
"11,21 : 0.4338"
"21,11 : 0.4338"
"11,22 : 0.4162"
"22,11 : 0.4162"
"11,23 : 0.5376"
"23,11 : 0.5376"
"11,24 : 0.4549"
"24,11 : 0.4549"
"11,25 : 0.2693"
"25,11 : 0.2693"
"11,26 : 0.3912"
"26,11 : 0.3912"
"11,27 : 0.3027"
"27,11 : 0.3027"
"11,28 : 0.4342"
"28,11 : 0.4342"
"11,29 : 0.2002"
"29,11 : 0.2002"
"11,30 : 0.5025"
"30,11 : 0.5025"
"11,31 : 0.5104"
"31,11 : 0.5104"
"11,32 : 0.06"
"32,11 : 0.06"
"11,33 : 0.5045"
"33,11 : 0.5045"
"11,34 : 0.3766"
"34,11 : 0.3766"
"11,35 : 0.2121"
"35,11 : 0.2121"
"11,36 : 0.2343"
"36,11 : 0.2343"
"11,37 : 0.3624"
"37,11 : 0.3624"
"11,38 : 0.4317"
"38,11 : 0.4317"
"11,39 : 0.3569"
"39,11 : 0.3569"
"11,40 : 0.3962"
"40,11 : 0.3962"
"11,41 : 0.3081"
"41,11 : 0.3081"
"11,42 : 0.1811"
"42,11 : 0.1811"
"11,43 : 0.7354"
"43,11 : 0.7354"
"11,44 : 0.4031"
"44,11 : 0.4031"
"11,45 : 0.3239"
"45,11 : 0.3239"
"11,46 : 0.0608"
"46,11 : 0.0608"
"11,47 : 0.3061"
"47,11 : 0.3061"
"11,48 : 0.4528"
"48,11 : 0.4528"
"11,49 : 0.458"
"49,11 : 0.458"
"11,50 : 0.422"
"50,11 : 0.422"
"11,51 : 0.4383"
"51,11 : 0.4383"
"11,52 : 0.4808"
"52,11 : 0.4808"
"11,53 : 0.2943"
"53,11 : 0.2943"
"11,54 : 0.3002"
"54,11 : 0.3002"
"11,55 : 0.5515"
"55,11 : 0.5515"
"11,56 : 0.2766"
"56,11 : 0.2766"
"11,57 : 0.5179"
"57,11 : 0.5179"
"11,58 : 0.5325"
"58,11 : 0.5325"
"11,59 : 0.6512"
"59,11 : 0.6512"
"11,60 : 0.4519"
"60,11 : 0.4519"
"11,61 : 0.3722"
"61,11 : 0.3722"
"11,62 : 0.2816"
"62,11 : 0.2816"
"11,63 : 0.3353"
"63,11 : 0.3353"
"11,64 : 0.4276"
"64,11 : 0.4276"
"11,65 : 0.2326"
"65,11 : 0.2326"
"11,66 : 0.1526"
"66,11 : 0.1526"
"11,67 : 0.0781"
"67,11 : 0.0781"
"11,68 : 0.5701"
"68,11 : 0.5701"
"11,69 : 0.4393"
"69,11 : 0.4393"
"11,70 : 0.3758"
"70,11 : 0.3758"
"11,71 : 0.542"
"71,11 : 0.542"
"11,72 : 0.3421"
"72,11 : 0.3421"
"11,73 : 0.2961"
"73,11 : 0.2961"
"11,74 : 0.3466"
"74,11 : 0.3466"
"11,75 : 0.3956"
"75,11 : 0.3956"
"11,76 : 0.4565"
"76,11 : 0.4565"
"11,77 : 0.3324"
"77,11 : 0.3324"
"11,78 : 0.3606"
"78,11 : 0.3606"
"11,79 : 0.5661"
"79,11 : 0.5661"
"11,80 : 0.397"
"80,11 : 0.397"
"11,81 : 0.3311"
"81,11 : 0.3311"
"11,82 : 0.3041"
"82,11 : 0.3041"
"11,83 : 0.3329"
"83,11 : 0.3329"
"11,84 : 0.3607"
"84,11 : 0.3607"
"11,85 : 0.3585"
"85,11 : 0.3585"
"11,86 : 0.3413"
"86,11 : 0.3413"
"11,87 : 0.3672"
"87,11 : 0.3672"
"11,88 : 0.4614"
"88,11 : 0.4614"
"11,89 : 0.1421"
"89,11 : 0.1421"
"11,90 : 0.4314"
"90,11 : 0.4314"
"11,91 : 0.3421"
"91,11 : 0.3421"
"11,92 : 0.2886"
"92,11 : 0.2886"
"11,93 : 0.512"
"93,11 : 0.512"
"11,94 : 0.5104"
"94,11 : 0.5104"
"11,95 : 0.3635"
"95,11 : 0.3635"
"11,96 : 0.5304"
"96,11 : 0.5304"
"11,97 : 0.39"
"97,11 : 0.39"
"11,98 : 0.5413"
"98,11 : 0.5413"
"11,99 : 0.2707"
"99,11 : 0.2707"
"12,13 : 0.5501"
"13,12 : 0.5501"
"12,14 : 0.7433"
"14,12 : 0.7433"
"12,15 : 0.3396"
"15,12 : 0.3396"
"12,16 : 0.3312"
"16,12 : 0.3312"
"12,17 : 0.2955"
"17,12 : 0.2955"
"12,18 : 0.3754"
"18,12 : 0.3754"
"12,19 : 0.5323"
"19,12 : 0.5323"
"12,20 : 0.6689"
"20,12 : 0.6689"
"12,21 : 0.6848"
"21,12 : 0.6848"
"12,22 : 0.4809"
"22,12 : 0.4809"
"12,23 : 0.7875"
"23,12 : 0.7875"
"12,24 : 0.2433"
"24,12 : 0.2433"
"12,25 : 0.4752"
"25,12 : 0.4752"
"12,26 : 0.47"
"26,12 : 0.47"
"12,27 : 0.4717"
"27,12 : 0.4717"
"12,28 : 0.5941"
"28,12 : 0.5941"
"12,29 : 0.4301"
"29,12 : 0.4301"
"12,30 : 0.2561"
"30,12 : 0.2561"
"12,31 : 0.6476"
"31,12 : 0.6476"
"12,32 : 0.3041"
"32,12 : 0.3041"
"12,33 : 0.6264"
"33,12 : 0.6264"
"12,34 : 0.264"
"34,12 : 0.264"
"12,35 : 0.11"
"35,12 : 0.11"
"12,36 : 0.2915"
"36,12 : 0.2915"
"12,37 : 0.3289"
"37,12 : 0.3289"
"12,38 : 0.3189"
"38,12 : 0.3189"
"12,39 : 0.5981"
"39,12 : 0.5981"
"12,40 : 0.2766"
"40,12 : 0.2766"
"12,41 : 0.4052"
"41,12 : 0.4052"
"12,42 : 0.1942"
"42,12 : 0.1942"
"12,43 : 0.4904"
"43,12 : 0.4904"
"12,44 : 0.6551"
"44,12 : 0.6551"
"12,45 : 0.487"
"45,12 : 0.487"
"12,46 : 0.2973"
"46,12 : 0.2973"
"12,47 : 0.0583"
"47,12 : 0.0583"
"12,48 : 0.2147"
"48,12 : 0.2147"
"12,49 : 0.7103"
"49,12 : 0.7103"
"12,50 : 0.6648"
"50,12 : 0.6648"
"12,51 : 0.603"
"51,12 : 0.603"
"12,52 : 0.4742"
"52,12 : 0.4742"
"12,53 : 0.2062"
"53,12 : 0.2062"
"12,54 : 0.4919"
"54,12 : 0.4919"
"12,55 : 0.4438"
"55,12 : 0.4438"
"12,56 : 0.4866"
"56,12 : 0.4866"
"12,57 : 0.4763"
"57,12 : 0.4763"
"12,58 : 0.5917"
"58,12 : 0.5917"
"12,59 : 0.6398"
"59,12 : 0.6398"
"12,60 : 0.7024"
"60,12 : 0.7024"
"12,61 : 0.286"
"61,12 : 0.286"
"12,62 : 0.4837"
"62,12 : 0.4837"
"12,63 : 0.5547"
"63,12 : 0.5547"
"12,64 : 0.6329"
"64,12 : 0.6329"
"12,65 : 0.24"
"65,12 : 0.24"
"12,66 : 0.3453"
"66,12 : 0.3453"
"12,67 : 0.1749"
"67,12 : 0.1749"
"12,68 : 0.3401"
"68,12 : 0.3401"
"12,69 : 0.2062"
"69,12 : 0.2062"
"12,70 : 0.1315"
"70,12 : 0.1315"
"12,71 : 0.2907"
"71,12 : 0.2907"
"12,72 : 0.13"
"72,12 : 0.13"
"12,73 : 0.2154"
"73,12 : 0.2154"
"12,74 : 0.3821"
"74,12 : 0.3821"
"12,75 : 0.6106"
"75,12 : 0.6106"
"12,76 : 0.4071"
"76,12 : 0.4071"
"12,77 : 0.1208"
"77,12 : 0.1208"
"12,78 : 0.3183"
"78,12 : 0.3183"
"12,79 : 0.3418"
"79,12 : 0.3418"
"12,80 : 0.4965"
"80,12 : 0.4965"
"12,81 : 0.5818"
"81,12 : 0.5818"
"12,82 : 0.3734"
"82,12 : 0.3734"
"12,83 : 0.4916"
"83,12 : 0.4916"
"12,84 : 0.3932"
"84,12 : 0.3932"
"12,85 : 0.451"
"85,12 : 0.451"
"12,86 : 0.5805"
"86,12 : 0.5805"
"12,87 : 0.6031"
"87,12 : 0.6031"
"12,88 : 0.5111"
"88,12 : 0.5111"
"12,89 : 0.1237"
"89,12 : 0.1237"
"12,90 : 0.4589"
"90,12 : 0.4589"
"12,91 : 0.3551"
"91,12 : 0.3551"
"12,92 : 0.495"
"92,12 : 0.495"
"12,93 : 0.4817"
"93,12 : 0.4817"
"12,94 : 0.4785"
"94,12 : 0.4785"
"12,95 : 0.5636"
"95,12 : 0.5636"
"12,96 : 0.286"
"96,12 : 0.286"
"12,97 : 0.6395"
"97,12 : 0.6395"
"12,98 : 0.4026"
"98,12 : 0.4026"
"12,99 : 0.2302"
"99,12 : 0.2302"
"13,14 : 0.3785"
"14,13 : 0.3785"
"13,15 : 0.8374"
"15,13 : 0.8374"
"13,16 : 0.6512"
"16,13 : 0.6512"
"13,17 : 0.8016"
"17,13 : 0.8016"
"13,18 : 0.2419"
"18,13 : 0.2419"
"13,19 : 0.7558"
"19,13 : 0.7558"
"13,20 : 0.8989"
"20,13 : 0.8989"
"13,21 : 0.3848"
"21,13 : 0.3848"
"13,22 : 0.2802"
"22,13 : 0.2802"
"13,23 : 0.3506"
