x,y
0.53,0.67
0.76,0.07
0.79,0.04
0.57,0.62
0.16,0.27
0.22,0.48
0.49,0.31
0.35,0.15
0.38,0.96
0.06,0.16
0.84,0.5
0.67,0.91
0.93,0.26
0.09,0.13
0.93,0.9
0.77,0.01
0.42,0.82
0.03,0.71
0.78,0.81
0.02,0.39
0.9,0.4
0.77,0.7
0.14,0.38
0.74,0.72
0.93,0.16
0.32,0.09
0.36,0.78
0.91,0.44
0.68,0.41
0.05,0.63
0.07,0.31
0.86,0.76
0.64,0.37
0.83,0.67
0.66,0.21
0.93,0.12
0.68,0.33
0.61,0.56
0.22,0.94
0.54,0.9
0.78,0.07
0.06,0.69
0.63,0.84
0.71,0.28
0.67,0.58
0.06,0.83
0.38,0.81
0.34,0.56
0.64,0.62
0.73,0.13
0.41,0.88
0.23,0.95
0.51,0.14
0.53,0.81
0.25,0.49
0.3,0.93
0.88,0.4
0.72,0.75
0.99,0.36
0.55,0.62
0.43,0.37
0.66,0.85
0.97,0.5
0.43,0.36
0.82,0.31
0.92,0.74
0.78,0.64
0.44,0.66
0.17,0.13
0.44,0.86
0.31,0.94
0.68,0.63
0.81,0.29
0.31,0.29
0.84,0.53
0.93,0.14
0.86,0.92
0.53,0.16
0.1,0.32
0.63,0.94
0.78,0.84
0.97,0.85
0.14,0.99
0.71,0.4
0.15,0.83
0.43,0.44
0.07,0.14
0.23,0.67
0.29,0.41
0.41,0.16
0.37,0.6
0.21,0.92
0.03,0.73
0.74,0.14
0.06,0.85
0.87,0.86
0.58,0.67
0.33,0.99
0.43,0.62
0.48,0.96

Distanze
"0,1 : 0.6426"
"1,0 : 0.6426"
"0,2 : 0.6815"
"2,0 : 0.6815"
"0,3 : 0.064"
"3,0 : 0.064"
"0,4 : 0.5449"
"4,0 : 0.5449"
"0,5 : 0.3636"
"5,0 : 0.3636"
"0,6 : 0.3622"
"6,0 : 0.3622"
"0,7 : 0.5503"
"7,0 : 0.5503"
"0,8 : 0.3265"
"8,0 : 0.3265"
"0,9 : 0.6935"
"9,0 : 0.6935"
"0,10 : 0.3536"
"10,0 : 0.3536"
"0,11 : 0.2778"
"11,0 : 0.2778"
"0,12 : 0.5728"
"12,0 : 0.5728"
"0,13 : 0.6966"
"13,0 : 0.6966"
"0,14 : 0.4614"
"14,0 : 0.4614"
"0,15 : 0.7023"
"15,0 : 0.7023"
"0,16 : 0.186"
"16,0 : 0.186"
"0,17 : 0.5016"
"17,0 : 0.5016"
"0,18 : 0.2865"
"18,0 : 0.2865"
"0,19 : 0.5818"
"19,0 : 0.5818"
"0,20 : 0.458"
"20,0 : 0.458"
"0,21 : 0.2419"
"21,0 : 0.2419"
"0,22 : 0.486"
"22,0 : 0.486"
"0,23 : 0.2159"
"23,0 : 0.2159"
"0,24 : 0.6482"
"24,0 : 0.6482"
"0,25 : 0.6168"
"25,0 : 0.6168"
"0,26 : 0.2025"
"26,0 : 0.2025"
"0,27 : 0.4442"
"27,0 : 0.4442"
"0,28 : 0.3002"
"28,0 : 0.3002"
"0,29 : 0.4817"
"29,0 : 0.4817"
"0,30 : 0.5841"
"30,0 : 0.5841"
"0,31 : 0.3421"
"31,0 : 0.3421"
"0,32 : 0.3195"
"32,0 : 0.3195"
"0,33 : 0.3"
"33,0 : 0.3"
"0,34 : 0.478"
"34,0 : 0.478"
"0,35 : 0.6801"
"35,0 : 0.6801"
"0,36 : 0.3716"
"36,0 : 0.3716"
"0,37 : 0.136"
"37,0 : 0.136"
"0,38 : 0.4111"
"38,0 : 0.4111"
"0,39 : 0.2302"
"39,0 : 0.2302"
"0,40 : 0.65"
"40,0 : 0.65"
"0,41 : 0.4704"
"41,0 : 0.4704"
"0,42 : 0.1972"
"42,0 : 0.1972"
"0,43 : 0.4295"
"43,0 : 0.4295"
"0,44 : 0.1664"
"44,0 : 0.1664"
"0,45 : 0.4965"
"45,0 : 0.4965"
"0,46 : 0.2052"
"46,0 : 0.2052"
"0,47 : 0.2195"
"47,0 : 0.2195"
"0,48 : 0.1208"
"48,0 : 0.1208"
"0,49 : 0.5758"
"49,0 : 0.5758"
"0,50 : 0.2419"
"50,0 : 0.2419"
"0,51 : 0.4104"
"51,0 : 0.4104"
"0,52 : 0.5304"
"52,0 : 0.5304"
"0,53 : 0.14"
"53,0 : 0.14"
"0,54 : 0.3329"
"54,0 : 0.3329"
"0,55 : 0.3471"
"55,0 : 0.3471"
"0,56 : 0.442"
"56,0 : 0.442"
"0,57 : 0.2062"
"57,0 : 0.2062"
"0,58 : 0.5547"
"58,0 : 0.5547"
"0,59 : 0.0539"
"59,0 : 0.0539"
"0,60 : 0.3162"
"60,0 : 0.3162"
"0,61 : 0.222"
"61,0 : 0.222"
"0,62 : 0.4717"
"62,0 : 0.4717"
"0,63 : 0.3257"
"63,0 : 0.3257"
"0,64 : 0.4623"
"64,0 : 0.4623"
"0,65 : 0.3962"
"65,0 : 0.3962"
"0,66 : 0.2518"
"66,0 : 0.2518"
"0,67 : 0.0906"
"67,0 : 0.0906"
"0,68 : 0.649"
"68,0 : 0.649"
"0,69 : 0.2102"
"69,0 : 0.2102"
"0,70 : 0.3483"
"70,0 : 0.3483"
"0,71 : 0.1552"
"71,0 : 0.1552"
"0,72 : 0.472"
"72,0 : 0.472"
"0,73 : 0.4391"
"73,0 : 0.4391"
"0,74 : 0.3401"
"74,0 : 0.3401"
"0,75 : 0.664"
"75,0 : 0.664"
"0,76 : 0.414"
"76,0 : 0.414"
"0,77 : 0.51"
"77,0 : 0.51"
"0,78 : 0.5544"
"78,0 : 0.5544"
"0,79 : 0.2879"
"79,0 : 0.2879"
"0,80 : 0.3023"
"80,0 : 0.3023"
"0,81 : 0.4754"
"81,0 : 0.4754"
"0,82 : 0.5045"
"82,0 : 0.5045"
"0,83 : 0.3245"
"83,0 : 0.3245"
"0,84 : 0.4123"
"84,0 : 0.4123"
"0,85 : 0.2508"
"85,0 : 0.2508"
"0,86 : 0.7018"
"86,0 : 0.7018"
"0,87 : 0.3"
"87,0 : 0.3"
"0,88 : 0.3538"
"88,0 : 0.3538"
"0,89 : 0.5239"
"89,0 : 0.5239"
"0,90 : 0.1746"
"90,0 : 0.1746"
"0,91 : 0.4061"
"91,0 : 0.4061"
"0,92 : 0.5036"
"92,0 : 0.5036"
"0,93 : 0.5701"
"93,0 : 0.5701"
"0,94 : 0.5033"
"94,0 : 0.5033"
"0,95 : 0.3895"
"95,0 : 0.3895"
"0,96 : 0.05"
"96,0 : 0.05"
"0,97 : 0.3774"
"97,0 : 0.3774"
"0,98 : 0.1118"
"98,0 : 0.1118"
"0,99 : 0.2943"
"99,0 : 0.2943"
"1,2 : 0.0424"
"2,1 : 0.0424"
"1,3 : 0.5819"
"3,1 : 0.5819"
"1,4 : 0.6325"
"4,1 : 0.6325"
"1,5 : 0.678"
"5,1 : 0.678"
"1,6 : 0.3612"
"6,1 : 0.3612"
"1,7 : 0.4177"
"7,1 : 0.4177"
"1,8 : 0.9677"
"8,1 : 0.9677"
"1,9 : 0.7058"
"9,1 : 0.7058"
"1,10 : 0.4374"
"10,1 : 0.4374"
"1,11 : 0.8448"
"11,1 : 0.8448"
"1,12 : 0.255"
"12,1 : 0.255"
"1,13 : 0.6727"
"13,1 : 0.6727"
"1,14 : 0.8472"
"14,1 : 0.8472"
"1,15 : 0.0608"
"15,1 : 0.0608"
"1,16 : 0.8235"
"16,1 : 0.8235"
"1,17 : 0.9708"
"17,1 : 0.9708"
"1,18 : 0.7403"
"18,1 : 0.7403"
"1,19 : 0.8062"
"19,1 : 0.8062"
"1,20 : 0.3585"
"20,1 : 0.3585"
"1,21 : 0.6301"
"21,1 : 0.6301"
"1,22 : 0.6932"
"22,1 : 0.6932"
"1,23 : 0.6503"
"23,1 : 0.6503"
"1,24 : 0.1924"
"24,1 : 0.1924"
"1,25 : 0.4405"
"25,1 : 0.4405"
"1,26 : 0.8149"
"26,1 : 0.8149"
"1,27 : 0.3992"
"27,1 : 0.3992"
"1,28 : 0.3493"
"28,1 : 0.3493"
"1,29 : 0.9043"
"29,1 : 0.9043"
"1,30 : 0.7305"
"30,1 : 0.7305"
"1,31 : 0.6972"
"31,1 : 0.6972"
"1,32 : 0.3231"
"32,1 : 0.3231"
"1,33 : 0.6041"
"33,1 : 0.6041"
"1,34 : 0.172"
"34,1 : 0.172"
"1,35 : 0.1772"
"35,1 : 0.1772"
"1,36 : 0.272"
"36,1 : 0.272"
"1,37 : 0.5124"
"37,1 : 0.5124"
"1,38 : 1.024"
"38,1 : 1.024"
"1,39 : 0.8587"
"39,1 : 0.8587"
"1,40 : 0.02"
"40,1 : 0.02"
"1,41 : 0.9351"
"41,1 : 0.9351"
"1,42 : 0.7809"
"42,1 : 0.7809"
"1,43 : 0.2159"
"43,1 : 0.2159"
"1,44 : 0.5179"
"44,1 : 0.5179"
"1,45 : 1.0332"
"45,1 : 1.0332"
"1,46 : 0.8319"
"46,1 : 0.8319"
"1,47 : 0.6454"
"47,1 : 0.6454"
"1,48 : 0.5629"
"48,1 : 0.5629"
"1,49 : 0.0671"
"49,1 : 0.0671"
"1,50 : 0.8824"
"50,1 : 0.8824"
"1,51 : 1.0273"
"51,1 : 1.0273"
"1,52 : 0.2596"
"52,1 : 0.2596"
"1,53 : 0.7749"
"53,1 : 0.7749"
"1,54 : 0.6607"
"54,1 : 0.6607"
"1,55 : 0.9753"
"55,1 : 0.9753"
"1,56 : 0.3511"
"56,1 : 0.3511"
"1,57 : 0.6812"
"57,1 : 0.6812"
"1,58 : 0.3701"
"58,1 : 0.3701"
"1,59 : 0.5887"
"59,1 : 0.5887"
"1,60 : 0.446"
"60,1 : 0.446"
"1,61 : 0.7864"
"61,1 : 0.7864"
"1,62 : 0.4785"
"62,1 : 0.4785"
"1,63 : 0.4393"
"63,1 : 0.4393"
"1,64 : 0.2474"
"64,1 : 0.2474"
"1,65 : 0.6888"
"65,1 : 0.6888"
"1,66 : 0.5704"
"66,1 : 0.5704"
"1,67 : 0.6712"
"67,1 : 0.6712"
"1,68 : 0.593"
"68,1 : 0.593"
"1,69 : 0.8523"
"69,1 : 0.8523"
"1,70 : 0.9795"
"70,1 : 0.9795"
"1,71 : 0.5657"
"71,1 : 0.5657"
"1,72 : 0.2256"
"72,1 : 0.2256"
"1,73 : 0.5009"
"73,1 : 0.5009"
"1,74 : 0.4669"
"74,1 : 0.4669"
"1,75 : 0.1838"
"75,1 : 0.1838"
"1,76 : 0.8559"
"76,1 : 0.8559"
"1,77 : 0.247"
"77,1 : 0.247"
"1,78 : 0.7058"
"78,1 : 0.7058"
"1,79 : 0.8797"
"79,1 : 0.8797"
"1,80 : 0.7703"
"80,1 : 0.7703"
"1,81 : 0.8078"
"81,1 : 0.8078"
"1,82 : 1.1094"
"82,1 : 1.1094"
"1,83 : 0.3338"
"83,1 : 0.3338"
"1,84 : 0.9745"
"84,1 : 0.9745"
"1,85 : 0.4958"
"85,1 : 0.4958"
"1,86 : 0.6935"
"86,1 : 0.6935"
"1,87 : 0.8006"
"87,1 : 0.8006"
"1,88 : 0.5801"
"88,1 : 0.5801"
"1,89 : 0.3614"
"89,1 : 0.3614"
"1,90 : 0.658"
"90,1 : 0.658"
"1,91 : 1.0124"
"91,1 : 1.0124"
"1,92 : 0.9841"
"92,1 : 0.9841"
"1,93 : 0.0728"
"93,1 : 0.0728"
"1,94 : 1.048"
"94,1 : 1.048"
"1,95 : 0.7976"
"95,1 : 0.7976"
"1,96 : 0.6264"
"96,1 : 0.6264"
"1,97 : 1.0155"
"97,1 : 1.0155"
"1,98 : 0.6414"
"98,1 : 0.6414"
"1,99 : 0.933"
"99,1 : 0.933"
"2,3 : 0.6203"
"3,2 : 0.6203"
"2,4 : 0.6707"
"4,2 : 0.6707"
"2,5 : 0.7201"
"5,2 : 0.7201"
"2,6 : 0.4036"
"6,2 : 0.4036"
"2,7 : 0.4535"
"7,2 : 0.4535"
"2,8 : 1.0072"
"8,2 : 1.0072"
"2,9 : 0.7398"
"9,2 : 0.7398"
"2,10 : 0.4627"
"10,2 : 0.4627"
"2,11 : 0.8782"
"11,2 : 0.8782"
"2,12 : 0.2608"
"12,2 : 0.2608"
"2,13 : 0.7058"
"13,2 : 0.7058"
"2,14 : 0.8713"
"14,2 : 0.8713"
"2,15 : 0.0361"
"15,2 : 0.0361"
"2,16 : 0.8633"
"16,2 : 0.8633"
"2,17 : 1.0132"
"17,2 : 1.0132"
"2,18 : 0.7701"
"18,2 : 0.7701"
"2,19 : 0.8458"
"19,2 : 0.8458"
"2,20 : 0.3764"
"20,2 : 0.3764"
"2,21 : 0.6603"
"21,2 : 0.6603"
"2,22 : 0.7336"
"22,2 : 0.7336"
"2,23 : 0.6818"
"23,2 : 0.6818"
"2,24 : 0.1844"
"24,2 : 0.1844"
"2,25 : 0.4727"
"25,2 : 0.4727"
"2,26 : 0.8559"
"26,2 : 0.8559"
"2,27 : 0.4176"
"27,2 : 0.4176"
"2,28 : 0.386"
"28,2 : 0.386"
"2,29 : 0.9464"
"29,2 : 0.9464"
"2,30 : 0.769"
"30,2 : 0.769"
"2,31 : 0.7234"
"31,2 : 0.7234"
"2,32 : 0.3625"
"32,2 : 0.3625"
"2,33 : 0.6313"
"33,2 : 0.6313"
"2,34 : 0.214"
"34,2 : 0.214"
"2,35 : 0.1612"
"35,2 : 0.1612"
"2,36 : 0.3102"
"36,2 : 0.3102"
"2,37 : 0.5503"
"37,2 : 0.5503"
"2,38 : 1.0653"
"38,2 : 1.0653"
"2,39 : 0.8956"
"39,2 : 0.8956"
"2,40 : 0.0316"
"40,2 : 0.0316"
"2,41 : 0.9774"
"41,2 : 0.9774"
"2,42 : 0.8158"
"42,2 : 0.8158"
"2,43 : 0.253"
"43,2 : 0.253"
"2,44 : 0.5532"
"44,2 : 0.5532"
"2,45 : 1.0756"
"45,2 : 1.0756"
"2,46 : 0.8724"
"46,2 : 0.8724"
"2,47 : 0.6877"
"47,2 : 0.6877"
"2,48 : 0.5991"
"48,2 : 0.5991"
"2,49 : 0.1082"
"49,2 : 0.1082"
"2,50 : 0.922"
"50,2 : 0.922"
"2,51 : 1.0685"
"51,2 : 1.0685"
"2,52 : 0.2973"
"52,2 : 0.2973"
"2,53 : 0.8127"
"53,2 : 0.8127"
"2,54 : 0.7029"
"54,2 : 0.7029"
"2,55 : 1.016"
"55,2 : 1.016"
"2,56 : 0.3711"
"56,2 : 0.3711"
"2,57 : 0.7134"
"57,2 : 0.7134"
"2,58 : 0.3774"
"58,2 : 0.3774"
"2,59 : 0.6277"
"59,2 : 0.6277"
"2,60 : 0.4884"
"60,2 : 0.4884"
"2,61 : 0.8204"
"61,2 : 0.8204"
"2,62 : 0.494"
"62,2 : 0.494"
"2,63 : 0.4817"
"63,2 : 0.4817"
"2,64 : 0.2717"
"64,2 : 0.2717"
"2,65 : 0.712"
"65,2 : 0.712"
"2,66 : 0.6001"
"66,2 : 0.6001"
"2,67 : 0.712"
"67,2 : 0.712"
"2,68 : 0.6265"
"68,2 : 0.6265"
"2,69 : 0.8916"
"69,2 : 0.8916"
"2,70 : 1.02"
"70,2 : 1.02"
"2,71 : 0.6002"
"71,2 : 0.6002"
"2,72 : 0.2508"
"72,2 : 0.2508"
"2,73 : 0.5412"
"73,2 : 0.5412"
"2,74 : 0.4925"
"74,2 : 0.4925"
"2,75 : 0.172"
"75,2 : 0.172"
"2,76 : 0.8828"
"76,2 : 0.8828"
"2,77 : 0.2864"
"77,2 : 0.2864"
"2,78 : 0.7446"
"78,2 : 0.7446"
"2,79 : 0.9141"
"79,2 : 0.9141"
"2,80 : 0.8001"
"80,2 : 0.8001"
"2,81 : 0.8298"
"81,2 : 0.8298"
"2,82 : 1.1511"
"82,2 : 1.1511"
"2,83 : 0.3688"
"83,2 : 0.3688"
"2,84 : 1.0167"
"84,2 : 1.0167"
"2,85 : 0.5381"
"85,2 : 0.5381"
"2,86 : 0.7269"
"86,2 : 0.7269"
"2,87 : 0.8429"
"87,2 : 0.8429"
"2,88 : 0.622"
"88,2 : 0.622"
"2,89 : 0.3985"
"89,2 : 0.3985"
"2,90 : 0.7"
"90,2 : 0.7"
"2,91 : 1.0539"
"91,2 : 1.0539"
"2,92 : 1.0265"
"92,2 : 1.0265"
"2,93 : 0.1118"
"93,2 : 0.1118"
"2,94 : 1.0904"
"94,2 : 1.0904"
"2,95 : 0.8239"
"95,2 : 0.8239"
"2,96 : 0.6641"
"96,2 : 0.6641"
"2,97 : 1.0555"
"97,2 : 1.0555"
"2,98 : 0.6826"
"98,2 : 0.6826"
"2,99 : 0.9708"
"99,2 : 0.9708"
"3,4 : 0.5391"
"4,3 : 0.5391"
"3,5 : 0.377"
"5,3 : 0.377"
"3,6 : 0.3202"
"6,3 : 0.3202"
"3,7 : 0.5189"
"7,3 : 0.5189"
"3,8 : 0.3895"
"8,3 : 0.3895"
"3,9 : 0.6868"
"9,3 : 0.6868"
"3,10 : 0.2955"
"10,3 : 0.2955"
"3,11 : 0.3068"
"11,3 : 0.3068"
"3,12 : 0.5091"
"12,3 : 0.5091"
"3,13 : 0.6859"
"13,3 : 0.6859"
"3,14 : 0.4561"
"14,3 : 0.4561"
"3,15 : 0.642"
"15,3 : 0.642"
"3,16 : 0.25"
"16,3 : 0.25"
"3,17 : 0.5474"
"17,3 : 0.5474"
"3,18 : 0.2832"
"18,3 : 0.2832"
"3,19 : 0.5962"
"19,3 : 0.5962"
"3,20 : 0.3966"
"20,3 : 0.3966"
"3,21 : 0.2154"
"21,3 : 0.2154"
"3,22 : 0.4924"
"22,3 : 0.4924"
"3,23 : 0.1972"
"23,3 : 0.1972"
"3,24 : 0.5841"
"24,3 : 0.5841"
"3,25 : 0.586"
"25,3 : 0.586"
"3,26 : 0.264"
"26,3 : 0.264"
"3,27 : 0.3847"
"27,3 : 0.3847"
"3,28 : 0.2371"
"28,3 : 0.2371"
"3,29 : 0.5201"
"29,3 : 0.5201"
"3,30 : 0.5883"
"30,3 : 0.5883"
"3,31 : 0.322"
"31,3 : 0.322"
"3,32 : 0.2596"
"32,3 : 0.2596"
"3,33 : 0.2648"
"33,3 : 0.2648"
"3,34 : 0.4198"
"34,3 : 0.4198"
"3,35 : 0.6161"
"35,3 : 0.6161"
"3,36 : 0.3102"
"36,3 : 0.3102"
"3,37 : 0.0721"
"37,3 : 0.0721"
"3,38 : 0.4742"
"38,3 : 0.4742"
"3,39 : 0.2816"
"39,3 : 0.2816"
"3,40 : 0.5887"
"40,3 : 0.5887"
"3,41 : 0.5148"
"41,3 : 0.5148"
"3,42 : 0.228"
"42,3 : 0.228"
"3,43 : 0.3677"
"43,3 : 0.3677"
"3,44 : 0.1077"
"44,3 : 0.1077"
"3,45 : 0.5515"
"45,3 : 0.5515"
"3,46 : 0.2687"
"46,3 : 0.2687"
"3,47 : 0.2377"
"47,3 : 0.2377"
"3,48 : 0.07"
"48,3 : 0.07"
"3,49 : 0.5155"
"49,3 : 0.5155"
"3,50 : 0.3053"
"50,3 : 0.3053"
"3,51 : 0.4738"
"51,3 : 0.4738"
"3,52 : 0.4837"
"52,3 : 0.4837"
"3,53 : 0.1942"
"53,3 : 0.1942"
"3,54 : 0.3454"
"54,3 : 0.3454"
"3,55 : 0.4111"
"55,3 : 0.4111"
"3,56 : 0.3801"
"56,3 : 0.3801"
"3,57 : 0.1985"
"57,3 : 0.1985"
"3,58 : 0.494"
"58,3 : 0.494"
"3,59 : 0.02"
"59,3 : 0.02"
"3,60 : 0.2865"
"60,3 : 0.2865"
"3,61 : 0.247"
"61,3 : 0.247"
"3,62 : 0.4176"
"62,3 : 0.4176"
"3,63 : 0.2953"
"63,3 : 0.2953"
"3,64 : 0.3982"
"64,3 : 0.3982"
"3,65 : 0.37"
"65,3 : 0.37"
"3,66 : 0.211"
"66,3 : 0.211"
"3,67 : 0.136"
"67,3 : 0.136"
"3,68 : 0.6325"
"68,3 : 0.6325"
"3,69 : 0.2729"
"69,3 : 0.2729"
"3,70 : 0.4123"
"70,3 : 0.4123"
"3,71 : 0.1105"
"71,3 : 0.1105"
"3,72 : 0.408"
"72,3 : 0.408"
"3,73 : 0.4201"
"73,3 : 0.4201"
"3,74 : 0.2846"
"74,3 : 0.2846"
"3,75 : 0.6"
"75,3 : 0.6"
"3,76 : 0.4173"
"76,3 : 0.4173"
"3,77 : 0.4617"
"77,3 : 0.4617"
"3,78 : 0.5576"
"78,3 : 0.5576"
"3,79 : 0.3256"
"79,3 : 0.3256"
"3,80 : 0.3041"
"80,3 : 0.3041"
"3,81 : 0.4614"
"81,3 : 0.4614"
"3,82 : 0.5673"
"82,3 : 0.5673"
"3,83 : 0.2608"
"83,3 : 0.2608"
"3,84 : 0.4696"
"84,3 : 0.4696"
"3,85 : 0.228"
"85,3 : 0.228"
"3,86 : 0.6931"
"86,3 : 0.6931"
"3,87 : 0.3437"
"87,3 : 0.3437"
"3,88 : 0.35"
"88,3 : 0.35"
"3,89 : 0.487"
"89,3 : 0.487"
"3,90 : 0.201"
"90,3 : 0.201"
"3,91 : 0.4686"
"91,3 : 0.4686"
"3,92 : 0.5511"
"92,3 : 0.5511"
"3,93 : 0.5092"
"93,3 : 0.5092"
"3,94 : 0.5595"
"94,3 : 0.5595"
"3,95 : 0.3842"
"95,3 : 0.3842"
"3,96 : 0.051"
"96,3 : 0.051"
"3,97 : 0.441"
"97,3 : 0.441"
"3,98 : 0.14"
"98,3 : 0.14"
"3,99 : 0.3517"
"99,3 : 0.3517"
"4,5 : 0.2184"
"5,4 : 0.2184"
"4,6 : 0.3324"
"6,4 : 0.3324"
"4,7 : 0.2247"
"7,4 : 0.2247"
"4,8 : 0.7242"
"8,4 : 0.7242"
"4,9 : 0.1487"
"9,4 : 0.1487"
"4,10 : 0.7178"
"10,4 : 0.7178"
"4,11 : 0.8184"
"11,4 : 0.8184"
"4,12 : 0.7701"
"12,4 : 0.7701"
"4,13 : 0.1565"
"13,4 : 0.1565"
"4,14 : 0.9949"
"14,4 : 0.9949"
"4,15 : 0.6631"
"15,4 : 0.6631"
"4,16 : 0.6084"
"16,4 : 0.6084"
"4,17 : 0.4588"
"17,4 : 0.4588"
"4,18 : 0.8222"
"18,4 : 0.8222"
"4,19 : 0.1844"
"19,4 : 0.1844"
"4,20 : 0.7513"
"20,4 : 0.7513"
"4,21 : 0.7463"
"21,4 : 0.7463"
"4,22 : 0.1118"
"22,4 : 0.1118"
"4,23 : 0.7341"
"23,4 : 0.7341"
"4,24 : 0.7778"
"24,4 : 0.7778"
"4,25 : 0.2408"
"25,4 : 0.2408"
"4,26 : 0.5478"
"26,4 : 0.5478"
"4,27 : 0.769"
"27,4 : 0.769"
"4,28 : 0.5385"
"28,4 : 0.5385"
"4,29 : 0.3764"
"29,4 : 0.3764"
"4,30 : 0.0985"
"30,4 : 0.0985"
"4,31 : 0.8545"
"31,4 : 0.8545"
"4,32 : 0.4903"
"32,4 : 0.4903"
"4,33 : 0.7803"
"33,4 : 0.7803"
"4,34 : 0.5036"
"34,4 : 0.5036"
"4,35 : 0.7845"
"35,4 : 0.7845"
"4,36 : 0.5235"
"36,4 : 0.5235"
"4,37 : 0.5354"
"37,4 : 0.5354"
"4,38 : 0.6727"
"38,4 : 0.6727"
"4,39 : 0.7357"
"39,4 : 0.7357"
"4,40 : 0.6515"
"40,4 : 0.6515"
"4,41 : 0.4317"
"41,4 : 0.4317"
"4,42 : 0.7388"
"42,4 : 0.7388"
"4,43 : 0.5501"
"43,4 : 0.5501"
"4,44 : 0.5968"
"44,4 : 0.5968"
"4,45 : 0.5689"
"45,4 : 0.5689"
"4,46 : 0.5831"
"46,4 : 0.5831"
"4,47 : 0.3413"
"47,4 : 0.3413"
"4,48 : 0.5941"
"48,4 : 0.5941"
"4,49 : 0.5869"
"49,4 : 0.5869"
"4,50 : 0.6592"
"50,4 : 0.6592"
"4,51 : 0.6836"
"51,4 : 0.6836"
"4,52 : 0.3734"
"52,4 : 0.3734"
"4,53 : 0.6546"
"53,4 : 0.6546"
"4,54 : 0.2377"
"54,4 : 0.2377"
"4,55 : 0.6747"
"55,4 : 0.6747"
"4,56 : 0.7316"
"56,4 : 0.7316"
"4,57 : 0.7376"
"57,4 : 0.7376"
"4,58 : 0.8349"
"58,4 : 0.8349"
"4,59 : 0.524"
"59,4 : 0.524"
"4,60 : 0.2879"
"60,4 : 0.2879"
"4,61 : 0.7658"
"61,4 : 0.7658"
"4,62 : 0.842"
"62,4 : 0.842"
"4,63 : 0.2846"
"63,4 : 0.2846"
"4,64 : 0.6612"
"64,4 : 0.6612"
"4,65 : 0.8936"
"65,4 : 0.8936"
"4,66 : 0.722"
"66,4 : 0.722"
"4,67 : 0.4801"
"67,4 : 0.4801"
"4,68 : 0.1404"
"68,4 : 0.1404"
"4,69 : 0.6531"
"69,4 : 0.6531"
"4,70 : 0.6866"
"70,4 : 0.6866"
"4,71 : 0.6325"
"71,4 : 0.6325"
"4,72 : 0.6503"
"72,4 : 0.6503"
"4,73 : 0.1513"
"73,4 : 0.1513"
"4,74 : 0.728"
"74,4 : 0.728"
"4,75 : 0.7809"
"75,4 : 0.7809"
"4,76 : 0.9552"
"76,4 : 0.9552"
"4,77 : 0.386"
"77,4 : 0.386"
"4,78 : 0.0781"
"78,4 : 0.0781"
"4,79 : 0.8184"
"79,4 : 0.8184"
"4,80 : 0.8422"
"80,4 : 0.8422"
"4,81 : 0.9962"
"81,4 : 0.9962"
"4,82 : 0.7203"
"82,4 : 0.7203"
"4,83 : 0.5652"
"83,4 : 0.5652"
"4,84 : 0.5601"
"84,4 : 0.5601"
"4,85 : 0.3191"
"85,4 : 0.3191"
"4,86 : 0.1581"
"86,4 : 0.1581"
"4,87 : 0.4061"
"87,4 : 0.4061"
"4,88 : 0.191"
"88,4 : 0.191"
"4,89 : 0.2731"
"89,4 : 0.2731"
"4,90 : 0.3912"
"90,4 : 0.3912"
"4,91 : 0.6519"
"91,4 : 0.6519"
"4,92 : 0.478"
"92,4 : 0.478"
"4,93 : 0.5944"
"93,4 : 0.5944"
"4,94 : 0.5886"
"94,4 : 0.5886"
"4,95 : 0.9231"
"95,4 : 0.9231"
"4,96 : 0.58"
"96,4 : 0.58"
"4,97 : 0.7398"
"97,4 : 0.7398"
"4,98 : 0.442"
"98,4 : 0.442"
"4,99 : 0.7606"
"99,4 : 0.7606"
"5,6 : 0.3191"
"6,5 : 0.3191"
"5,7 : 0.3547"
"7,5 : 0.3547"
"5,8 : 0.506"
"8,5 : 0.506"
"5,9 : 0.3578"
"9,5 : 0.3578"
"5,10 : 0.6203"
"10,5 : 0.6203"
"5,11 : 0.6224"
"11,5 : 0.6224"
"5,12 : 0.7433"
"12,5 : 0.7433"
"5,13 : 0.3734"
"13,5 : 0.3734"
"5,14 : 0.8249"
"14,5 : 0.8249"
"5,15 : 0.7235"
"15,5 : 0.7235"
"5,16 : 0.3945"
"16,5 : 0.3945"
"5,17 : 0.2983"
"17,5 : 0.2983"
"5,18 : 0.65"
"18,5 : 0.65"
"5,19 : 0.2193"
"19,5 : 0.2193"
"5,20 : 0.6847"
"20,5 : 0.6847"
"5,21 : 0.5924"
"21,5 : 0.5924"
"5,22 : 0.1281"
"22,5 : 0.1281"
"5,23 : 0.5727"
"23,5 : 0.5727"
"5,24 : 0.7788"
"24,5 : 0.7788"
"5,25 : 0.4026"
"25,5 : 0.4026"
"5,26 : 0.3311"
"26,5 : 0.3311"
"5,27 : 0.6912"
"27,5 : 0.6912"
"5,28 : 0.4653"
"28,5 : 0.4653"
"5,29 : 0.2267"
"29,5 : 0.2267"
"5,30 : 0.2267"
"30,5 : 0.2267"
"5,31 : 0.6986"
"31,5 : 0.6986"
"5,32 : 0.4342"
"32,5 : 0.4342"
"5,33 : 0.6389"
"33,5 : 0.6389"
"5,34 : 0.5162"
"34,5 : 0.5162"
"5,35 : 0.7961"
"35,5 : 0.7961"
"5,36 : 0.4838"
"36,5 : 0.4838"
"5,37 : 0.3981"
"37,5 : 0.3981"
"5,38 : 0.46"
"38,5 : 0.46"
"5,39 : 0.528"
"39,5 : 0.528"
"5,40 : 0.694"
"40,5 : 0.694"
"5,41 : 0.264"
"41,5 : 0.264"
"5,42 : 0.5456"
"42,5 : 0.5456"
"5,43 : 0.5292"
"43,5 : 0.5292"
"5,44 : 0.461"
"44,5 : 0.461"
"5,45 : 0.3848"
"45,5 : 0.3848"
"5,46 : 0.3667"
"46,5 : 0.3667"
"5,47 : 0.1442"
"47,5 : 0.1442"
"5,48 : 0.4427"
"48,5 : 0.4427"
"5,49 : 0.6185"
"49,5 : 0.6185"
"5,50 : 0.4428"
"50,5 : 0.4428"
"5,51 : 0.4701"
"51,5 : 0.4701"
"5,52 : 0.4469"
"52,5 : 0.4469"
"5,53 : 0.4528"
"53,5 : 0.4528"
"5,54 : 0.0316"
"54,5 : 0.0316"
"5,55 : 0.4571"
"55,5 : 0.4571"
"5,56 : 0.6648"
"56,5 : 0.6648"
"5,57 : 0.5682"
"57,5 : 0.5682"
"5,58 : 0.7793"
"58,5 : 0.7793"
"5,59 : 0.3585"
"59,5 : 0.3585"
"5,60 : 0.2371"
"60,5 : 0.2371"
"5,61 : 0.5749"
"61,5 : 0.5749"
"5,62 : 0.7503"
"62,5 : 0.7503"
"5,63 : 0.2419"
"63,5 : 0.2419"
"5,64 : 0.6236"
"64,5 : 0.6236"
"5,65 : 0.7467"
"65,5 : 0.7467"
"5,66 : 0.5824"
"66,5 : 0.5824"
"5,67 : 0.2843"
"67,5 : 0.2843"
"5,68 : 0.3536"
"68,5 : 0.3536"
"5,69 : 0.4391"
"69,5 : 0.4391"
"5,70 : 0.4687"
"70,5 : 0.4687"
"5,71 : 0.4838"
"71,5 : 0.4838"
"5,72 : 0.6198"
"72,5 : 0.6198"
"5,73 : 0.2102"
"73,5 : 0.2102"
"5,74 : 0.622"
"74,5 : 0.622"
"5,75 : 0.7872"
"75,5 : 0.7872"
"5,76 : 0.7767"
"76,5 : 0.7767"
"5,77 : 0.4455"
"77,5 : 0.4455"
"5,78 : 0.2"
"78,5 : 0.2"
"5,79 : 0.6162"
"79,5 : 0.6162"
"5,80 : 0.6657"
"80,5 : 0.6657"
"5,81 : 0.8363"
"81,5 : 0.8363"
"5,82 : 0.5162"
"82,5 : 0.5162"
"5,83 : 0.4965"
"83,5 : 0.4965"
"5,84 : 0.3569"
"84,5 : 0.3569"
"5,85 : 0.2138"
"85,5 : 0.2138"
"5,86 : 0.3716"
"86,5 : 0.3716"
"5,87 : 0.1903"
"87,5 : 0.1903"
"5,88 : 0.099"
"88,5 : 0.099"
"5,89 : 0.3722"
"89,5 : 0.3722"
"5,90 : 0.1921"
"90,5 : 0.1921"
"5,91 : 0.4401"
"91,5 : 0.4401"
"5,92 : 0.314"
"92,5 : 0.314"
"5,93 : 0.6213"
"93,5 : 0.6213"
"5,94 : 0.4031"
"94,5 : 0.4031"
"5,95 : 0.7529"
"95,5 : 0.7529"
"5,96 : 0.4071"
"96,5 : 0.4071"
"5,97 : 0.5217"
"97,5 : 0.5217"
"5,98 : 0.2524"
"98,5 : 0.2524"
"5,99 : 0.5459"
"99,5 : 0.5459"
"6,7 : 0.2126"
"7,6 : 0.2126"
"6,8 : 0.6592"
"8,6 : 0.6592"
"6,9 : 0.4554"
"9,6 : 0.4554"
"6,10 : 0.3982"
"10,6 : 0.3982"
"6,11 : 0.6264"
"11,6 : 0.6264"
"6,12 : 0.4428"
"12,6 : 0.4428"
"6,13 : 0.4386"
"13,6 : 0.4386"
"6,14 : 0.736"
"14,6 : 0.736"
"6,15 : 0.4104"
"15,6 : 0.4104"
"6,16 : 0.5148"
"16,6 : 0.5148"
"6,17 : 0.6096"
"17,6 : 0.6096"
"6,18 : 0.578"
"18,6 : 0.578"
"6,19 : 0.4768"
"19,6 : 0.4768"
"6,20 : 0.4198"
"20,6 : 0.4198"
"6,21 : 0.4801"
"21,6 : 0.4801"
"6,22 : 0.3569"
"22,6 : 0.3569"
"6,23 : 0.4802"
"23,6 : 0.4802"
"6,24 : 0.4649"
"24,6 : 0.4649"
"6,25 : 0.278"
"25,6 : 0.278"
"6,26 : 0.4876"
"26,6 : 0.4876"
"6,27 : 0.4397"
"27,6 : 0.4397"
"6,28 : 0.2147"
"28,6 : 0.2147"
"6,29 : 0.5441"
"29,6 : 0.5441"
"6,30 : 0.42"
"30,6 : 0.42"
"6,31 : 0.5826"
"31,6 : 0.5826"
"6,32 : 0.1616"
"32,6 : 0.1616"
"6,33 : 0.4952"
"33,6 : 0.4952"
"6,34 : 0.1972"
"34,6 : 0.1972"
"6,35 : 0.4793"
"35,6 : 0.4793"
"6,36 : 0.191"
"36,6 : 0.191"
"6,37 : 0.2773"
"37,6 : 0.2773"
"6,38 : 0.6854"
"38,6 : 0.6854"
"6,39 : 0.5921"
"39,6 : 0.5921"
"6,40 : 0.3764"
"40,6 : 0.3764"
"6,41 : 0.5738"
"41,6 : 0.5738"
"6,42 : 0.5482"
"42,6 : 0.5482"
"6,43 : 0.222"
"43,6 : 0.222"
"6,44 : 0.3245"
"44,6 : 0.3245"
"6,45 : 0.6748"
"45,6 : 0.6748"
"6,46 : 0.512"
"46,6 : 0.512"
"6,47 : 0.2915"
"47,6 : 0.2915"
"6,48 : 0.3444"
"48,6 : 0.3444"
"6,49 : 0.3"
"49,6 : 0.3"
"6,50 : 0.5756"
"50,6 : 0.5756"
"6,51 : 0.6908"
"51,6 : 0.6908"
"6,52 : 0.1712"
"52,6 : 0.1712"
"6,53 : 0.5016"
"53,6 : 0.5016"
"6,54 : 0.3"
"54,6 : 0.3"
"6,55 : 0.6485"
"55,6 : 0.6485"
"6,56 : 0.4002"
"56,6 : 0.4002"
"6,57 : 0.4965"
"57,6 : 0.4965"
"6,58 : 0.5025"
"58,6 : 0.5025"
"6,59 : 0.3158"
"59,6 : 0.3158"
"6,60 : 0.0849"
"60,6 : 0.0849"
"6,61 : 0.5661"
"61,6 : 0.5661"
"6,62 : 0.5162"
"62,6 : 0.5162"
"6,63 : 0.0781"
"63,6 : 0.0781"
"6,64 : 0.33"
"64,6 : 0.33"
"6,65 : 0.6081"
"65,6 : 0.6081"
"6,66 : 0.4393"
"66,6 : 0.4393"
"6,67 : 0.3536"
"67,6 : 0.3536"
"6,68 : 0.3672"
"68,6 : 0.3672"
"6,69 : 0.5523"
"69,6 : 0.5523"
"6,70 : 0.6552"
"70,6 : 0.6552"
"6,71 : 0.3722"
"71,6 : 0.3722"
"6,72 : 0.3206"
"72,6 : 0.3206"
"6,73 : 0.1811"
"73,6 : 0.1811"
"6,74 : 0.4134"
"74,6 : 0.4134"
"6,75 : 0.4717"
"75,6 : 0.4717"
"6,76 : 0.7134"
"76,6 : 0.7134"
"6,77 : 0.1552"
"77,6 : 0.1552"
"6,78 : 0.3901"
"78,6 : 0.3901"
"6,79 : 0.6454"
"79,6 : 0.6454"
"6,80 : 0.6042"
"80,6 : 0.6042"
"6,81 : 0.7225"
"81,6 : 0.7225"
"6,82 : 0.7648"
"82,6 : 0.7648"
"6,83 : 0.2377"
"83,6 : 0.2377"
"6,84 : 0.6213"
"84,6 : 0.6213"
"6,85 : 0.1432"
"85,6 : 0.1432"
"6,86 : 0.4531"
"86,6 : 0.4531"
"6,87 : 0.4441"
"87,6 : 0.4441"
"6,88 : 0.2236"
"88,6 : 0.2236"
"6,89 : 0.17"
"89,6 : 0.17"
"6,90 : 0.3138"
"90,6 : 0.3138"
"6,91 : 0.6712"
"91,6 : 0.6712"
"6,92 : 0.6229"
"92,6 : 0.6229"
"6,93 : 0.3023"
"93,6 : 0.3023"
"6,94 : 0.6903"
"94,6 : 0.6903"
"6,95 : 0.6685"
"95,6 : 0.6685"
"6,96 : 0.3711"
"96,6 : 0.3711"
"6,97 : 0.6986"
"97,6 : 0.6986"
"6,98 : 0.3158"
"98,6 : 0.3158"
"6,99 : 0.6501"
"99,6 : 0.6501"
"7,8 : 0.8106"
"8,7 : 0.8106"
"7,9 : 0.2902"
"9,7 : 0.2902"
"7,10 : 0.6022"
"10,7 : 0.6022"
"7,11 : 0.8246"
"11,7 : 0.8246"
"7,12 : 0.5903"
"12,7 : 0.5903"
"7,13 : 0.2608"
"13,7 : 0.2608"
"7,14 : 0.9481"
"14,7 : 0.9481"
"7,15 : 0.4427"
"15,7 : 0.4427"
"7,16 : 0.6736"
"16,7 : 0.6736"
"7,17 : 0.645"
"17,7 : 0.645"
"7,18 : 0.7877"
"18,7 : 0.7877"
"7,19 : 0.408"
"19,7 : 0.408"
"7,20 : 0.6042"
"20,7 : 0.6042"
"7,21 : 0.692"
"21,7 : 0.692"
"7,22 : 0.3114"
"22,7 : 0.3114"
"7,23 : 0.6907"
"23,7 : 0.6907"
"7,24 : 0.5801"
"24,7 : 0.5801"
"7,25 : 0.0671"
"25,7 : 0.0671"
"7,26 : 0.6301"
"26,7 : 0.6301"
"7,27 : 0.6306"
"27,7 : 0.6306"
"7,28 : 0.4201"
"28,7 : 0.4201"
"7,29 : 0.566"
"29,7 : 0.566"
"7,30 : 0.3225"
"30,7 : 0.3225"
"7,31 : 0.7951"
"31,7 : 0.7951"
"7,32 : 0.364"
"32,7 : 0.364"
"7,33 : 0.7077"
"33,7 : 0.7077"
"7,34 : 0.3158"
"34,7 : 0.3158"
"7,35 : 0.5808"
"35,7 : 0.5808"
"7,36 : 0.3759"
"36,7 : 0.3759"
"7,37 : 0.4855"
"37,7 : 0.4855"
"7,38 : 0.8006"
"38,7 : 0.8006"
"7,39 : 0.7737"
"39,7 : 0.7737"
"7,40 : 0.4374"
"40,7 : 0.4374"
"7,41 : 0.6129"
"41,7 : 0.6129"
"7,42 : 0.7446"
"42,7 : 0.7446"
"7,43 : 0.3828"
"43,7 : 0.3828"
"7,44 : 0.536"
"44,7 : 0.536"
"7,45 : 0.7393"
"45,7 : 0.7393"
"7,46 : 0.6607"
"46,7 : 0.6607"
"7,47 : 0.4101"
"47,7 : 0.4101"
"7,48 : 0.5523"
"48,7 : 0.5523"
"7,49 : 0.3805"
"49,7 : 0.3805"
"7,50 : 0.7325"
"50,7 : 0.7325"
"7,51 : 0.8089"
"51,7 : 0.8089"
"7,52 : 0.1603"
"52,7 : 0.1603"
"7,53 : 0.6841"
"53,7 : 0.6841"
"7,54 : 0.3544"
"54,7 : 0.3544"
"7,55 : 0.7816"
"55,7 : 0.7816"
"7,56 : 0.586"
"56,7 : 0.586"
"7,57 : 0.7049"
"57,7 : 0.7049"
"7,58 : 0.6736"
"58,7 : 0.6736"
"7,59 : 0.5108"
"59,7 : 0.5108"
"7,60 : 0.2341"
"60,7 : 0.2341"
"7,61 : 0.7656"
"61,7 : 0.7656"
"7,62 : 0.712"
"62,7 : 0.712"
"7,63 : 0.2247"
"63,7 : 0.2247"
"7,64 : 0.4965"
"64,7 : 0.4965"
"7,65 : 0.8204"
"65,7 : 0.8204"
"7,66 : 0.6519"
"66,7 : 0.6519"
"7,67 : 0.5179"
"67,7 : 0.5179"
"7,68 : 0.1811"
"68,7 : 0.1811"
"7,69 : 0.7157"
"69,7 : 0.7157"
"7,70 : 0.791"
"70,7 : 0.791"
"7,71 : 0.5825"
"71,7 : 0.5825"
"7,72 : 0.4808"
"72,7 : 0.4808"
"7,73 : 0.1456"
"73,7 : 0.1456"
"7,74 : 0.6201"
"74,7 : 0.6201"
"7,75 : 0.5801"
"75,7 : 0.5801"
"7,76 : 0.9236"
"76,7 : 0.9236"
"7,77 : 0.1803"
"77,7 : 0.1803"
"7,78 : 0.3023"
"78,7 : 0.3023"
"7,79 : 0.8382"
"79,7 : 0.8382"
"7,80 : 0.813"
"80,7 : 0.813"
"7,81 : 0.9351"
"81,7 : 0.9351"
"7,82 : 0.8659"
"82,7 : 0.8659"
"7,83 : 0.4383"
"83,7 : 0.4383"
"7,84 : 0.7088"
"84,7 : 0.7088"
"7,85 : 0.3008"
"85,7 : 0.3008"
"7,86 : 0.2802"
"86,7 : 0.2802"
"7,87 : 0.5337"
"87,7 : 0.5337"
"7,88 : 0.2668"
"88,7 : 0.2668"
"7,89 : 0.0608"
"89,7 : 0.0608"
"7,90 : 0.4504"
"90,7 : 0.4504"
"7,91 : 0.7826"
"91,7 : 0.7826"
"7,92 : 0.6624"
"92,7 : 0.6624"
"7,93 : 0.3901"
"93,7 : 0.3901"
"7,94 : 0.7577"
"94,7 : 0.7577"
"7,95 : 0.8801"
"95,7 : 0.8801"
"7,96 : 0.5686"
"96,7 : 0.5686"
"7,97 : 0.8402"
"97,7 : 0.8402"
"7,98 : 0.4768"
"98,7 : 0.4768"
"7,99 : 0.8204"
"99,7 : 0.8204"
"8,9 : 0.8616"
"9,8 : 0.8616"
"8,10 : 0.6505"
"10,8 : 0.6505"
"8,11 : 0.2943"
"11,8 : 0.2943"
"8,12 : 0.8902"
"12,8 : 0.8902"
"8,13 : 0.8792"
"13,8 : 0.8792"
"8,14 : 0.5533"
"14,8 : 0.5533"
"8,15 : 1.0269"
"15,8 : 1.0269"
"8,16 : 0.1456"
"16,8 : 0.1456"
"8,17 : 0.4301"
"17,8 : 0.4301"
"8,18 : 0.4272"
"18,8 : 0.4272"
"8,19 : 0.6742"
"19,8 : 0.6742"
"8,20 : 0.7642"
"20,8 : 0.7642"
"8,21 : 0.4687"
"21,8 : 0.4687"
"8,22 : 0.6277"
"22,8 : 0.6277"
"8,23 : 0.4327"
"23,8 : 0.4327"
"8,24 : 0.9708"
"24,8 : 0.9708"
"8,25 : 0.8721"
"25,8 : 0.8721"
"8,26 : 0.1811"
"26,8 : 0.1811"
"8,27 : 0.7425"
"27,8 : 0.7425"
"8,28 : 0.6265"
"28,8 : 0.6265"
"8,29 : 0.4667"
"29,8 : 0.4667"
"8,30 : 0.7201"
"30,8 : 0.7201"
"8,31 : 0.52"
"31,8 : 0.52"
"8,32 : 0.6447"
"32,8 : 0.6447"
"8,33 : 0.5354"
"33,8 : 0.5354"
"8,34 : 0.8006"
"34,8 : 0.8006"
"8,35 : 1.004"
"35,8 : 1.004"
"8,36 : 0.6978"
"36,8 : 0.6978"
"8,37 : 0.4614"
"37,8 : 0.4614"
"8,38 : 0.1612"
"38,8 : 0.1612"
"8,39 : 0.1709"
"39,8 : 0.1709"
"8,40 : 0.9758"
"40,8 : 0.9758"
"8,41 : 0.4187"
"41,8 : 0.4187"
"8,42 : 0.2773"
"42,8 : 0.2773"
"8,43 : 0.7558"
"43,8 : 0.7558"
"8,44 : 0.478"
"44,8 : 0.478"
"8,45 : 0.3454"
"45,8 : 0.3454"
"8,46 : 0.15"
"46,8 : 0.15"
"8,47 : 0.402"
"47,8 : 0.402"
"8,48 : 0.428"
"48,8 : 0.428"
"8,49 : 0.9008"
"49,8 : 0.9008"
"8,50 : 0.0854"
"50,8 : 0.0854"
"8,51 : 0.1503"
"51,8 : 0.1503"
"8,52 : 0.8302"
"52,8 : 0.8302"
"8,53 : 0.2121"
"53,8 : 0.2121"
"8,54 : 0.4876"
"54,8 : 0.4876"
"8,55 : 0.0854"
"55,8 : 0.0854"
"8,56 : 0.7507"
"56,8 : 0.7507"
"8,57 : 0.3996"
"57,8 : 0.3996"
"8,58 : 0.8556"
"58,8 : 0.8556"
"8,59 : 0.3801"
"59,8 : 0.3801"
"8,60 : 0.5921"
"60,8 : 0.5921"
"8,61 : 0.3008"
"61,8 : 0.3008"
"8,62 : 0.7481"
"62,8 : 0.7481"
"8,63 : 0.6021"
"63,8 : 0.6021"
"8,64 : 0.7849"
"64,8 : 0.7849"
"8,65 : 0.5831"
"65,8 : 0.5831"
"8,66 : 0.5122"
"66,8 : 0.5122"
"8,67 : 0.3059"
"67,8 : 0.3059"
"8,68 : 0.8562"
"68,8 : 0.8562"
"8,69 : 0.1166"
"69,8 : 0.1166"
"8,70 : 0.0728"
"70,8 : 0.0728"
"8,71 : 0.446"
"71,8 : 0.446"
"8,72 : 0.7961"
"72,8 : 0.7961"
"8,73 : 0.6736"
"73,8 : 0.6736"
"8,74 : 0.6297"
"74,8 : 0.6297"
"8,75 : 0.9874"
"75,8 : 0.9874"
"8,76 : 0.4817"
"76,8 : 0.4817"
"8,77 : 0.8139"
"77,8 : 0.8139"
"8,78 : 0.6986"
"78,8 : 0.6986"
"8,79 : 0.2508"
"79,8 : 0.2508"
"8,80 : 0.4176"
"80,8 : 0.4176"
"8,81 : 0.6002"
"81,8 : 0.6002"
"8,82 : 0.2419"
"82,8 : 0.2419"
"8,83 : 0.65"
"83,8 : 0.65"
"8,84 : 0.2642"
"84,8 : 0.2642"
"8,85 : 0.5224"
"85,8 : 0.5224"
"8,86 : 0.8766"
"86,8 : 0.8766"
"8,87 : 0.3265"
"87,8 : 0.3265"
"8,88 : 0.5573"
"88,8 : 0.5573"
"8,89 : 0.8006"
"89,8 : 0.8006"
"8,90 : 0.3601"
"90,8 : 0.3601"
"8,91 : 0.1746"
"91,8 : 0.1746"
"8,92 : 0.4188"
"92,8 : 0.4188"
"8,93 : 0.8955"
"93,8 : 0.8955"
"8,94 : 0.3384"
"94,8 : 0.3384"
"8,95 : 0.5001"
"95,8 : 0.5001"
"8,96 : 0.3523"
"96,8 : 0.3523"
"8,97 : 0.0583"
"97,8 : 0.0583"
"8,98 : 0.3437"
"98,8 : 0.3437"
"8,99 : 0.1"
"99,8 : 0.1"
"9,10 : 0.8509"
"10,9 : 0.8509"
"9,11 : 0.9667"
"11,9 : 0.9667"
"9,12 : 0.8757"
"12,9 : 0.8757"
"9,13 : 0.0424"
"13,9 : 0.0424"
"9,14 : 1.1421"
"14,9 : 1.1421"
"9,15 : 0.7257"
"15,9 : 0.7257"
"9,16 : 0.7518"
"16,9 : 0.7518"
"9,17 : 0.5508"
"17,9 : 0.5508"
"9,18 : 0.97"
"18,9 : 0.97"
"9,19 : 0.2335"
"19,9 : 0.2335"
"9,20 : 0.8736"
"20,9 : 0.8736"
"9,21 : 0.892"
"21,9 : 0.892"
"9,22 : 0.2341"
"22,9 : 0.2341"
"9,23 : 0.8809"
"23,9 : 0.8809"
"9,24 : 0.87"
"24,9 : 0.87"
"9,25 : 0.2693"
"25,9 : 0.2693"
"9,26 : 0.6888"
"26,9 : 0.6888"
"9,27 : 0.8949"
"27,9 : 0.8949"
"9,28 : 0.6685"
"28,9 : 0.6685"
"9,29 : 0.4701"
"29,9 : 0.4701"
"9,30 : 0.1503"
"30,9 : 0.1503"
"9,31 : 1.0"
"31,9 : 1.0"
"9,32 : 0.6168"
"32,9 : 0.6168"
"9,33 : 0.9236"
"33,9 : 0.9236"
"9,34 : 0.6021"
"34,9 : 0.6021"
"9,35 : 0.8709"
"35,9 : 0.8709"
"9,36 : 0.6429"
"36,9 : 0.6429"
"9,37 : 0.6801"
"37,9 : 0.6801"
"9,38 : 0.7962"
"38,9 : 0.7962"
"9,39 : 0.882"
"39,9 : 0.882"
"9,40 : 0.7256"
"40,9 : 0.7256"
"9,41 : 0.53"
"41,9 : 0.53"
"9,42 : 0.8873"
"42,9 : 0.8873"
"9,43 : 0.661"
"43,9 : 0.661"
"9,44 : 0.7406"
"44,9 : 0.7406"
"9,45 : 0.67"
"45,9 : 0.67"
"9,46 : 0.7245"
"46,9 : 0.7245"
"9,47 : 0.4883"
"47,9 : 0.4883"
"9,48 : 0.7403"
"48,9 : 0.7403"
"9,49 : 0.6707"
"49,9 : 0.6707"
"9,50 : 0.8006"
"50,9 : 0.8006"
"9,51 : 0.8081"
"51,9 : 0.8081"
"9,52 : 0.4504"
"52,9 : 0.4504"
"9,53 : 0.8021"
"53,9 : 0.8021"
"9,54 : 0.3808"
"54,9 : 0.3808"
"9,55 : 0.8065"
"55,9 : 0.8065"
"9,56 : 0.8544"
"56,9 : 0.8544"
"9,57 : 0.8853"
"57,9 : 0.8853"
"9,58 : 0.9513"
"58,9 : 0.9513"
"9,59 : 0.6721"
"59,9 : 0.6721"
"9,60 : 0.4254"
"60,9 : 0.4254"
"9,61 : 0.9144"
"61,9 : 0.9144"
"9,62 : 0.9714"
"62,9 : 0.9714"
"9,63 : 0.4206"
"63,9 : 0.4206"
"9,64 : 0.7747"
"64,9 : 0.7747"
"9,65 : 1.0373"
"65,9 : 1.0373"
"9,66 : 0.8653"
"66,9 : 0.8653"
"9,67 : 0.628"
"67,9 : 0.628"
"9,68 : 0.114"
"68,9 : 0.114"
"9,69 : 0.7965"
"69,9 : 0.7965"
"9,70 : 0.8191"
"70,9 : 0.8191"
"9,71 : 0.778"
"71,9 : 0.778"
"9,72 : 0.7612"
"72,9 : 0.7612"
"9,73 : 0.2818"
"73,9 : 0.2818"
"9,74 : 0.8633"
"74,9 : 0.8633"
"9,75 : 0.8702"
"75,9 : 0.8702"
"9,76 : 1.1034"
"76,9 : 1.1034"
"9,77 : 0.47"
"77,9 : 0.47"
"9,78 : 0.1649"
"78,9 : 0.1649"
"9,79 : 0.9661"
"79,9 : 0.9661"
"9,80 : 0.9904"
"80,9 : 0.9904"
"9,81 : 1.142"
"81,9 : 1.142"
"9,82 : 0.8338"
"82,9 : 0.8338"
"9,83 : 0.6929"
"83,9 : 0.6929"
"9,84 : 0.676"
"84,9 : 0.676"
"9,85 : 0.464"
"85,9 : 0.464"
"9,86 : 0.0224"
"86,9 : 0.0224"
"9,87 : 0.5376"
"87,9 : 0.5376"
"9,88 : 0.3397"
"88,9 : 0.3397"
"9,89 : 0.35"
"89,9 : 0.35"
"9,90 : 0.5382"
"90,9 : 0.5382"
"9,91 : 0.7747"
"91,9 : 0.7747"
"9,92 : 0.5708"
"92,9 : 0.5708"
"9,93 : 0.6803"
"93,9 : 0.6803"
"9,94 : 0.69"
"94,9 : 0.69"
"9,95 : 1.0706"
"95,9 : 1.0706"
"9,96 : 0.7284"
"96,9 : 0.7284"
"9,97 : 0.8728"
"97,9 : 0.8728"
"9,98 : 0.5903"
"98,9 : 0.5903"
"9,99 : 0.9035"
"99,9 : 0.9035"
"10,11 : 0.4438"
"11,10 : 0.4438"
"10,12 : 0.2563"
"12,10 : 0.2563"
"10,13 : 0.8363"
"13,10 : 0.8363"
"10,14 : 0.41"
"14,10 : 0.41"
"10,15 : 0.495"
"15,10 : 0.495"
"10,16 : 0.528"
"16,10 : 0.528"
"10,17 : 0.8368"
"17,10 : 0.8368"
"10,18 : 0.3158"
"18,10 : 0.3158"
"10,19 : 0.8273"
"19,10 : 0.8273"
"10,20 : 0.1166"
"20,10 : 0.1166"
"10,21 : 0.2119"
"21,10 : 0.2119"
"10,22 : 0.7102"
"22,10 : 0.7102"
"10,23 : 0.2417"
"23,10 : 0.2417"
"10,24 : 0.3517"
"24,10 : 0.3517"
"10,25 : 0.6622"
"25,10 : 0.6622"
"10,26 : 0.5557"
"26,10 : 0.5557"
"10,27 : 0.0922"
"27,10 : 0.0922"
"10,28 : 0.1836"
"28,10 : 0.1836"
"10,29 : 0.8006"
"29,10 : 0.8006"
"10,30 : 0.7931"
"30,10 : 0.7931"
"10,31 : 0.2608"
"31,10 : 0.2608"
"10,32 : 0.2385"
"32,10 : 0.2385"
"10,33 : 0.1703"
"33,10 : 0.1703"
"10,34 : 0.3413"
"34,10 : 0.3413"
"10,35 : 0.3905"
"35,10 : 0.3905"
"10,36 : 0.2335"
"36,10 : 0.2335"
"10,37 : 0.2377"
"37,10 : 0.2377"
"10,38 : 0.7603"
"38,10 : 0.7603"
"10,39 : 0.5"
"39,10 : 0.5"
"10,40 : 0.4342"
"40,10 : 0.4342"
"10,41 : 0.8028"
"41,10 : 0.8028"
"10,42 : 0.3996"
"42,10 : 0.3996"
"10,43 : 0.2555"
"43,10 : 0.2555"
"10,44 : 0.1879"
"44,10 : 0.1879"
"10,45 : 0.8469"
"45,10 : 0.8469"
"10,46 : 0.5547"
"46,10 : 0.5547"
"10,47 : 0.5036"
"47,10 : 0.5036"
"10,48 : 0.2332"
"48,10 : 0.2332"
"10,49 : 0.386"
"49,10 : 0.386"
"10,50 : 0.5738"
"50,10 : 0.5738"
"10,51 : 0.758"
"51,10 : 0.758"
"10,52 : 0.4884"
"52,10 : 0.4884"
"10,53 : 0.4384"
"53,10 : 0.4384"
"10,54 : 0.5901"
"54,10 : 0.5901"
"10,55 : 0.6903"
"55,10 : 0.6903"
"10,56 : 0.1077"
"56,10 : 0.1077"
"10,57 : 0.2773"
"57,10 : 0.2773"
"10,58 : 0.2052"
"58,10 : 0.2052"
"10,59 : 0.3138"
"59,10 : 0.3138"
"10,60 : 0.4301"
"60,10 : 0.4301"
"10,61 : 0.3936"
"61,10 : 0.3936"
"10,62 : 0.13"
"62,10 : 0.13"
"10,63 : 0.4332"
"63,10 : 0.4332"
"10,64 : 0.191"
"64,10 : 0.191"
"10,65 : 0.253"
"65,10 : 0.253"
"10,66 : 0.1523"
"66,10 : 0.1523"
"10,67 : 0.4308"
"67,10 : 0.4308"
"10,68 : 0.7654"
"68,10 : 0.7654"
"10,69 : 0.5381"
"69,10 : 0.5381"
"10,70 : 0.6888"
"70,10 : 0.6888"
"10,71 : 0.2062"
"71,10 : 0.2062"
"10,72 : 0.2121"
"72,10 : 0.2121"
"10,73 : 0.5701"
"73,10 : 0.5701"
"10,74 : 0.03"
"74,10 : 0.03"
"10,75 : 0.3711"
"75,10 : 0.3711"
"10,76 : 0.4205"
"76,10 : 0.4205"
"10,77 : 0.4601"
"77,10 : 0.4601"
"10,78 : 0.7616"
"78,10 : 0.7616"
"10,79 : 0.4875"
"79,10 : 0.4875"
"10,80 : 0.3453"
"80,10 : 0.3453"
"10,81 : 0.3734"
"81,10 : 0.3734"
"10,82 : 0.8545"
"82,10 : 0.8545"
"10,83 : 0.164"
"83,10 : 0.164"
"10,84 : 0.7649"
"84,10 : 0.7649"
"10,85 : 0.4144"
"85,10 : 0.4144"
"10,86 : 0.85"
"86,10 : 0.85"
"10,87 : 0.6332"
"87,10 : 0.6332"
"10,88 : 0.5573"
"88,10 : 0.5573"
"10,89 : 0.5482"
"89,10 : 0.5482"
"10,90 : 0.4805"
"90,10 : 0.4805"
"10,91 : 0.7572"
"91,10 : 0.7572"
"10,92 : 0.842"
"92,10 : 0.842"
"10,93 : 0.3736"
"93,10 : 0.3736"
"10,94 : 0.8549"
"94,10 : 0.8549"
"10,95 : 0.3612"
"95,10 : 0.3612"
"10,96 : 0.3106"
"96,10 : 0.3106"
"10,97 : 0.7072"
"97,10 : 0.7072"
"10,98 : 0.4272"
"98,10 : 0.4272"
"10,99 : 0.5841"
"99,10 : 0.5841"
"11,12 : 0.7001"
"12,11 : 0.7001"
"11,13 : 0.972"
"13,11 : 0.972"
"11,14 : 0.2602"
"14,11 : 0.2602"
"11,15 : 0.9055"
"15,11 : 0.9055"
"11,16 : 0.2657"
"16,11 : 0.2657"
"11,17 : 0.6705"
"17,11 : 0.6705"
"11,18 : 0.1487"
"18,11 : 0.1487"
"11,19 : 0.8324"
"19,11 : 0.8324"
"11,20 : 0.5595"
"20,11 : 0.5595"
"11,21 : 0.2326"
"21,11 : 0.2326"
"11,22 : 0.7495"
"22,11 : 0.7495"
"11,23 : 0.2025"
"23,11 : 0.2025"
"11,24 : 0.7938"
"24,11 : 0.7938"
"11,25 : 0.8916"
"25,11 : 0.8916"
"11,26 : 0.3362"
"26,11 : 0.3362"
"11,27 : 0.5277"
"27,11 : 0.5277"
"11,28 : 0.5001"
"28,11 : 0.5001"
"11,29 : 0.6803"
"29,11 : 0.6803"
"11,30 : 0.8485"
"30,11 : 0.8485"
"11,31 : 0.2421"
"31,11 : 0.2421"
"11,32 : 0.5408"
"32,11 : 0.5408"
"11,33 : 0.2884"
"33,11 : 0.2884"
"11,34 : 0.7001"
"34,11 : 0.7001"
"11,35 : 0.8317"
"35,11 : 0.8317"
"11,36 : 0.5801"
"36,11 : 0.5801"
"11,37 : 0.3551"
"37,11 : 0.3551"
"11,38 : 0.451"
"38,11 : 0.451"
"11,39 : 0.1304"
"39,11 : 0.1304"
"11,40 : 0.8472"
"40,11 : 0.8472"
"11,41 : 0.6485"
"41,11 : 0.6485"
"11,42 : 0.0806"
"42,11 : 0.0806"
"11,43 : 0.6313"
"43,11 : 0.6313"
"11,44 : 0.33"
"44,11 : 0.33"
"11,45 : 0.6152"
"45,11 : 0.6152"
"11,46 : 0.3068"
"46,11 : 0.3068"
"11,47 : 0.481"
"47,11 : 0.481"
"11,48 : 0.2915"
"48,11 : 0.2915"
"11,49 : 0.7823"
"49,11 : 0.7823"
"11,50 : 0.2617"
"50,11 : 0.2617"
"11,51 : 0.4418"
"51,11 : 0.4418"
"11,52 : 0.7864"
"52,11 : 0.7864"
"11,53 : 0.172"
"53,11 : 0.172"
"11,54 : 0.594"
"54,11 : 0.594"
"11,55 : 0.3705"
"55,11 : 0.3705"
"11,56 : 0.5515"
"56,11 : 0.5515"
"11,57 : 0.1676"
"57,11 : 0.1676"
"11,58 : 0.6363"
"58,11 : 0.6363"
"11,59 : 0.3138"
"59,11 : 0.3138"
"11,60 : 0.5909"
"60,11 : 0.5909"
"11,61 : 0.0608"
"61,11 : 0.0608"
"11,62 : 0.508"
"62,11 : 0.508"
"11,63 : 0.6001"
"63,11 : 0.6001"
"11,64 : 0.6185"
"64,11 : 0.6185"
"11,65 : 0.3023"
"65,11 : 0.3023"
"11,66 : 0.2915"
"66,11 : 0.2915"
"11,67 : 0.3397"
"67,11 : 0.3397"
"11,68 : 0.9265"
"68,11 : 0.9265"
"11,69 : 0.2354"
"69,11 : 0.2354"
"11,70 : 0.3612"
"70,11 : 0.3612"
"11,71 : 0.2802"
"71,11 : 0.2802"
"11,72 : 0.6356"
"72,11 : 0.6356"
"11,73 : 0.7169"
"73,11 : 0.7169"
"11,74 : 0.4163"
"74,11 : 0.4163"
"11,75 : 0.8127"
"75,11 : 0.8127"
"11,76 : 0.1903"
"76,11 : 0.1903"
"11,77 : 0.763"
"77,11 : 0.763"
"11,78 : 0.8204"
"78,11 : 0.8204"
"11,79 : 0.05"
"79,11 : 0.05"
"11,80 : 0.1304"
"80,11 : 0.1304"
"11,81 : 0.3059"
"81,11 : 0.3059"
"11,82 : 0.536"
"82,11 : 0.536"
"11,83 : 0.5116"
"83,11 : 0.5116"
"11,84 : 0.5261"
"84,11 : 0.5261"
"11,85 : 0.5277"
"85,11 : 0.5277"
"11,86 : 0.9762"
"86,11 : 0.9762"
"11,87 : 0.5012"
"87,11 : 0.5012"
"11,88 : 0.628"
"88,11 : 0.628"
"11,89 : 0.7938"
"89,11 : 0.7938"
"11,90 : 0.4314"
"90,11 : 0.4314"
"11,91 : 0.4601"
"91,11 : 0.4601"
"11,92 : 0.6648"
"92,11 : 0.6648"
"11,93 : 0.7732"
"93,11 : 0.7732"
"11,94 : 0.6129"
"94,11 : 0.6129"
"11,95 : 0.2062"
"95,11 : 0.2062"
"11,96 : 0.2563"
"96,11 : 0.2563"
"11,97 : 0.3493"
"97,11 : 0.3493"
"11,98 : 0.3764"
"98,11 : 0.3764"
"11,99 : 0.1965"
"99,11 : 0.1965"
"12,13 : 0.85"
"13,12 : 0.85"
"12,14 : 0.64"
"14,12 : 0.64"
"12,15 : 0.2968"
"15,12 : 0.2968"
"12,16 : 0.7574"
"16,12 : 0.7574"
"12,17 : 1.0062"
"17,12 : 1.0062"
"12,18 : 0.5701"
"18,12 : 0.5701"
"12,19 : 0.9192"
"19,12 : 0.9192"
"12,20 : 0.1432"
"20,12 : 0.1432"
"12,21 : 0.4682"
"21,12 : 0.4682"
"12,22 : 0.7991"
"22,12 : 0.7991"
"12,23 : 0.4977"
"23,12 : 0.4977"
"12,24 : 0.1"
"24,12 : 0.1"
"12,25 : 0.6332"
"25,12 : 0.6332"
"12,26 : 0.7716"
"26,12 : 0.7716"
"12,27 : 0.1811"
"27,12 : 0.1811"
"12,28 : 0.2915"
"28,12 : 0.2915"
"12,29 : 0.9546"
"29,12 : 0.9546"
"12,30 : 0.8615"
"30,12 : 0.8615"
"12,31 : 0.5049"
"31,12 : 0.5049"
"12,32 : 0.3102"
"32,12 : 0.3102"
"12,33 : 0.422"
"33,12 : 0.422"
"12,34 : 0.2746"
"34,12 : 0.2746"
"12,35 : 0.14"
"35,12 : 0.14"
"12,36 : 0.2596"
"36,12 : 0.2596"
"12,37 : 0.4386"
"37,12 : 0.4386"
"12,38 : 0.9831"
"38,12 : 0.9831"
"12,39 : 0.7495"
"39,12 : 0.7495"
"12,40 : 0.2421"
"40,12 : 0.2421"
"12,41 : 0.9705"
"41,12 : 0.9705"
"12,42 : 0.653"
"42,12 : 0.653"
"12,43 : 0.2209"
"43,12 : 0.2209"
"12,44 : 0.4123"
"44,12 : 0.4123"
"12,45 : 1.0401"
"45,12 : 1.0401"
"12,46 : 0.7778"
"46,12 : 0.7778"
"12,47 : 0.6619"
"47,12 : 0.6619"
"12,48 : 0.4623"
"48,12 : 0.4623"
"12,49 : 0.2385"
"49,12 : 0.2385"
"12,50 : 0.8092"
"50,12 : 0.8092"
"12,51 : 0.9829"
"51,12 : 0.9829"
"12,52 : 0.4368"
"52,12 : 0.4368"
"12,53 : 0.6801"
"53,12 : 0.6801"
"12,54 : 0.7178"
"54,12 : 0.7178"
"12,55 : 0.9197"
"55,12 : 0.9197"
"12,56 : 0.1487"
"56,12 : 0.1487"
"12,57 : 0.5331"
"57,12 : 0.5331"
"12,58 : 0.1166"
"58,12 : 0.1166"
"12,59 : 0.5235"
"59,12 : 0.5235"
"12,60 : 0.512"
"60,12 : 0.512"
"12,61 : 0.6488"
"61,12 : 0.6488"
"12,62 : 0.2433"
"62,12 : 0.2433"
"12,63 : 0.5099"
"63,12 : 0.5099"
"12,64 : 0.1208"
"64,12 : 0.1208"
"12,65 : 0.4801"
"65,12 : 0.4801"
"12,66 : 0.4085"
"66,12 : 0.4085"
"12,67 : 0.6325"
"67,12 : 0.6325"
"12,68 : 0.771"
"68,12 : 0.771"
"12,69 : 0.7747"
"69,12 : 0.7747"
"12,70 : 0.9202"
"70,12 : 0.9202"
"12,71 : 0.4465"
"71,12 : 0.4465"
"12,72 : 0.1237"
"72,12 : 0.1237"
"12,73 : 0.6207"
"73,12 : 0.6207"
"12,74 : 0.2846"
"74,12 : 0.2846"
"12,75 : 0.12"
"75,12 : 0.12"
"12,76 : 0.6637"
"76,12 : 0.6637"
"12,77 : 0.4123"
"77,12 : 0.4123"
"12,78 : 0.8322"
"78,12 : 0.8322"
"12,79 : 0.7432"
"79,12 : 0.7432"
"12,80 : 0.5991"
"80,12 : 0.5991"
"12,81 : 0.5914"
"81,12 : 0.5914"
"12,82 : 1.0756"
"82,12 : 1.0756"
"12,83 : 0.2608"
"83,12 : 0.2608"
"12,84 : 0.9661"
"84,12 : 0.9661"
"12,85 : 0.5314"
"85,12 : 0.5314"
"12,86 : 0.8683"
"86,12 : 0.8683"
"12,87 : 0.8112"
"87,12 : 0.8112"
"12,88 : 0.6573"
"88,12 : 0.6573"
"12,89 : 0.5295"
"89,12 : 0.5295"
"12,90 : 0.6551"
"90,12 : 0.6551"
"12,91 : 0.9767"
"91,12 : 0.9767"
"12,92 : 1.0153"
"92,12 : 1.0153"
"12,93 : 0.2247"
"93,12 : 0.2247"
"12,94 : 1.0512"
"94,12 : 1.0512"
"12,95 : 0.603"
"95,12 : 0.603"
"12,96 : 0.5391"
"96,12 : 0.5391"
"12,97 : 0.9449"
"97,12 : 0.9449"
"12,98 : 0.6161"
"98,12 : 0.6161"
"12,99 : 0.8322"
"99,12 : 0.8322"
"13,14 : 1.1395"
"14,13 : 1.1395"
"13,15 : 0.6905"
"15,13 : 0.6905"
"13,16 : 0.7649"
"16,13 : 0.7649"
"13,17 : 0.5831"
"17,13 : 0.5831"
"13,18 : 0.9688"
"18,13 : 0.9688"
"13,19 : 0.2693"
"19,13 : 0.2693"
"13,20 : 0.8538"
"20,13 : 0.8538"
"13,21 : 0.8873"
"21,13 : 0.8873"
"13,22 : 0.255"
"22,13 : 0.255"
"13,23 : 0.8778"
