x,y
0.97,0.87
0.3,0.72
0.26,0.48
0.86,0.76
0.6,1.0
0.43,0.27
0.74,0.72
0.44,0.47
0.27,0.19
0.41,0.34
0.12,0.39
0.01,0.06
0.62,0.99
0.95,0.79
0.95,0.43
0.65,0.12
0.44,0.33
0.15,0.08
0.25,0.76
0.21,0.56
0.22,0.73
0.47,0.38
0.79,0.66
0.38,0.66
0.93,0.74
0.24,0.98
0.09,0.32
0.48,0.54
0.03,0.37
0.95,0.12
0.15,0.05
0.05,0.89
0.22,0.05
0.97,0.5
0.35,0.89
0.96,0.6
0.66,0.09
0.38,0.76
0.25,0.37
0.15,0.66
0.39,0.28
0.98,0.93
0.32,0.57
0.52,0.55
0.44,0.62
0.35,0.06
0.31,0.3
0.61,0.91
0.5,0.29
0.98,0.07
0.87,0.53
0.4,0.16
0.97,0.18
0.3,0.64
0.48,0.15
0.58,0.9
0.57,0.46
0.07,0.41
0.96,0.81
0.94,0.56
0.81,0.52
0.56,0.45
0.92,0.49
0.53,0.49
0.29,0.16
0.24,0.69
0.98,0.33
0.26,0.78
0.35,0.25
0.4,0.15
0.64,0.67
0.15,0.13
0.79,0.29
0.66,0.67
0.23,0.99
0.43,0.42
0.87,0.17
0.83,0.07
0.49,0.97
0.46,0.65
0.93,0.51
0.41,0.63
0.11,0.46
0.98,0.13
0.13,0.05
0.33,0.05
0.03,0.56
0.13,0.28
1.0,0.61
0.8,0.02
0.7,0.76
0.79,0.8
0.64,0.74
0.59,0.67
0.56,0.6
0.64,0.32
0.73,0.39
0.92,0.76
0.03,0.16
0.31,0.99

Distanze
"0,1 : 0.6866"
"1,0 : 0.6866"
"0,2 : 0.8101"
"2,0 : 0.8101"
"0,3 : 0.1556"
"3,0 : 0.1556"
"0,4 : 0.3922"
"4,0 : 0.3922"
"0,5 : 0.8072"
"5,0 : 0.8072"
"0,6 : 0.2746"
"6,0 : 0.2746"
"0,7 : 0.664"
"7,0 : 0.664"
"0,8 : 0.9759"
"8,0 : 0.9759"
"0,9 : 0.771"
"9,0 : 0.771"
"0,10 : 0.9762"
"10,0 : 0.9762"
"0,11 : 1.2561"
"11,0 : 1.2561"
"0,12 : 0.37"
"12,0 : 0.37"
"0,13 : 0.0825"
"13,0 : 0.0825"
"0,14 : 0.4405"
"14,0 : 0.4405"
"0,15 : 0.8154"
"15,0 : 0.8154"
"0,16 : 0.7566"
"16,0 : 0.7566"
"0,17 : 1.1386"
"17,0 : 1.1386"
"0,18 : 0.7284"
"18,0 : 0.7284"
"0,19 : 0.8208"
"19,0 : 0.8208"
"0,20 : 0.763"
"20,0 : 0.763"
"0,21 : 0.7001"
"21,0 : 0.7001"
"0,22 : 0.2766"
"22,0 : 0.2766"
"0,23 : 0.6263"
"23,0 : 0.6263"
"0,24 : 0.136"
"24,0 : 0.136"
"0,25 : 0.7382"
"25,0 : 0.7382"
"0,26 : 1.0377"
"26,0 : 1.0377"
"0,27 : 0.5908"
"27,0 : 0.5908"
"0,28 : 1.0647"
"28,0 : 1.0647"
"0,29 : 0.7503"
"29,0 : 0.7503"
"0,30 : 1.1597"
"30,0 : 1.1597"
"0,31 : 0.9202"
"31,0 : 0.9202"
"0,32 : 1.1113"
"32,0 : 1.1113"
"0,33 : 0.37"
"33,0 : 0.37"
"0,34 : 0.6203"
"34,0 : 0.6203"
"0,35 : 0.2702"
"35,0 : 0.2702"
"0,36 : 0.8393"
"36,0 : 0.8393"
"0,37 : 0.6002"
"37,0 : 0.6002"
"0,38 : 0.8766"
"38,0 : 0.8766"
"0,39 : 0.8465"
"39,0 : 0.8465"
"0,40 : 0.8273"
"40,0 : 0.8273"
"0,41 : 0.0608"
"41,0 : 0.0608"
"0,42 : 0.7159"
"42,0 : 0.7159"
"0,43 : 0.5522"
"43,0 : 0.5522"
"0,44 : 0.586"
"44,0 : 0.586"
"0,45 : 1.02"
"45,0 : 1.02"
"0,46 : 0.8721"
"46,0 : 0.8721"
"0,47 : 0.3622"
"47,0 : 0.3622"
"0,48 : 0.7465"
"48,0 : 0.7465"
"0,49 : 0.8001"
"49,0 : 0.8001"
"0,50 : 0.3544"
"50,0 : 0.3544"
"0,51 : 0.9105"
"51,0 : 0.9105"
"0,52 : 0.69"
"52,0 : 0.69"
"0,53 : 0.7084"
"53,0 : 0.7084"
"0,54 : 0.8709"
"54,0 : 0.8709"
"0,55 : 0.3912"
"55,0 : 0.3912"
"0,56 : 0.5728"
"56,0 : 0.5728"
"0,57 : 1.0107"
"57,0 : 1.0107"
"0,58 : 0.0608"
"58,0 : 0.0608"
"0,59 : 0.3114"
"59,0 : 0.3114"
"0,60 : 0.3848"
"60,0 : 0.3848"
"0,61 : 0.5869"
"61,0 : 0.5869"
"0,62 : 0.3833"
"62,0 : 0.3833"
"0,63 : 0.5814"
"63,0 : 0.5814"
"0,64 : 0.9831"
"64,0 : 0.9831"
"0,65 : 0.7519"
"65,0 : 0.7519"
"0,66 : 0.5401"
"66,0 : 0.5401"
"0,67 : 0.7157"
"67,0 : 0.7157"
"0,68 : 0.8768"
"68,0 : 0.8768"
"0,69 : 0.9183"
"69,0 : 0.9183"
"0,70 : 0.3859"
"70,0 : 0.3859"
"0,71 : 1.1045"
"71,0 : 1.1045"
"0,72 : 0.6073"
"72,0 : 0.6073"
"0,73 : 0.3689"
"73,0 : 0.3689"
"0,74 : 0.7497"
"74,0 : 0.7497"
"0,75 : 0.7029"
"75,0 : 0.7029"
"0,76 : 0.7071"
"76,0 : 0.7071"
"0,77 : 0.8122"
"77,0 : 0.8122"
"0,78 : 0.4903"
"78,0 : 0.4903"
"0,79 : 0.5554"
"79,0 : 0.5554"
"0,80 : 0.3622"
"80,0 : 0.3622"
"0,81 : 0.6093"
"81,0 : 0.6093"
"0,82 : 0.9527"
"82,0 : 0.9527"
"0,83 : 0.7401"
"83,0 : 0.7401"
"0,84 : 1.1739"
"84,0 : 1.1739"
"0,85 : 1.0402"
"85,0 : 1.0402"
"0,86 : 0.9898"
"86,0 : 0.9898"
"0,87 : 1.0265"
"87,0 : 1.0265"
"0,88 : 0.2617"
"88,0 : 0.2617"
"0,89 : 0.8668"
"89,0 : 0.8668"
"0,90 : 0.2915"
"90,0 : 0.2915"
"0,91 : 0.1931"
"91,0 : 0.1931"
"0,92 : 0.3547"
"92,0 : 0.3547"
"0,93 : 0.4294"
"93,0 : 0.4294"
"0,94 : 0.4909"
"94,0 : 0.4909"
"0,95 : 0.6414"
"95,0 : 0.6414"
"0,96 : 0.5367"
"96,0 : 0.5367"
"0,97 : 0.1208"
"97,0 : 0.1208"
"0,98 : 1.178"
"98,0 : 1.178"
"0,99 : 0.6708"
"99,0 : 0.6708"
"1,2 : 0.2433"
"2,1 : 0.2433"
"1,3 : 0.5614"
"3,1 : 0.5614"
"1,4 : 0.4104"
"4,1 : 0.4104"
"1,5 : 0.4684"
"5,1 : 0.4684"
"1,6 : 0.44"
"6,1 : 0.44"
"1,7 : 0.2865"
"7,1 : 0.2865"
"1,8 : 0.5308"
"8,1 : 0.5308"
"1,9 : 0.3956"
"9,1 : 0.3956"
"1,10 : 0.3759"
"10,1 : 0.3759"
"1,11 : 0.7209"
"11,1 : 0.7209"
"1,12 : 0.4187"
"12,1 : 0.4187"
"1,13 : 0.6538"
"13,1 : 0.6538"
"1,14 : 0.7118"
"14,1 : 0.7118"
"1,15 : 0.6946"
"15,1 : 0.6946"
"1,16 : 0.4144"
"16,1 : 0.4144"
"1,17 : 0.6573"
"17,1 : 0.6573"
"1,18 : 0.064"
"18,1 : 0.064"
"1,19 : 0.1836"
"19,1 : 0.1836"
"1,20 : 0.0806"
"20,1 : 0.0806"
"1,21 : 0.3801"
"21,1 : 0.3801"
"1,22 : 0.4937"
"22,1 : 0.4937"
"1,23 : 0.1"
"23,1 : 0.1"
"1,24 : 0.6303"
"24,1 : 0.6303"
"1,25 : 0.2668"
"25,1 : 0.2668"
"1,26 : 0.4518"
"26,1 : 0.4518"
"1,27 : 0.2546"
"27,1 : 0.2546"
"1,28 : 0.442"
"28,1 : 0.442"
"1,29 : 0.8846"
"29,1 : 0.8846"
"1,30 : 0.6866"
"30,1 : 0.6866"
"1,31 : 0.3023"
"31,1 : 0.3023"
"1,32 : 0.6748"
"32,1 : 0.6748"
"1,33 : 0.7052"
"33,1 : 0.7052"
"1,34 : 0.1772"
"34,1 : 0.1772"
"1,35 : 0.6708"
"35,1 : 0.6708"
"1,36 : 0.7256"
"36,1 : 0.7256"
"1,37 : 0.0894"
"37,1 : 0.0894"
"1,38 : 0.3536"
"38,1 : 0.3536"
"1,39 : 0.1616"
"39,1 : 0.1616"
"1,40 : 0.4491"
"40,1 : 0.4491"
"1,41 : 0.7117"
"41,1 : 0.7117"
"1,42 : 0.1513"
"42,1 : 0.1513"
"1,43 : 0.278"
"43,1 : 0.278"
"1,44 : 0.172"
"44,1 : 0.172"
"1,45 : 0.6619"
"45,1 : 0.6619"
"1,46 : 0.4201"
"46,1 : 0.4201"
"1,47 : 0.3636"
"47,1 : 0.3636"
"1,48 : 0.4742"
"48,1 : 0.4742"
"1,49 : 0.9407"
"49,1 : 0.9407"
"1,50 : 0.6008"
"50,1 : 0.6008"
"1,51 : 0.5689"
"51,1 : 0.5689"
"1,52 : 0.8605"
"52,1 : 0.8605"
"1,53 : 0.08"
"53,1 : 0.08"
"1,54 : 0.5977"
"54,1 : 0.5977"
"1,55 : 0.3329"
"55,1 : 0.3329"
"1,56 : 0.3748"
"56,1 : 0.3748"
"1,57 : 0.386"
"57,1 : 0.386"
"1,58 : 0.6661"
"58,1 : 0.6661"
"1,59 : 0.6597"
"59,1 : 0.6597"
"1,60 : 0.5478"
"60,1 : 0.5478"
"1,61 : 0.3748"
"61,1 : 0.3748"
"1,62 : 0.6613"
"62,1 : 0.6613"
"1,63 : 0.3253"
"63,1 : 0.3253"
"1,64 : 0.5601"
"64,1 : 0.5601"
"1,65 : 0.0671"
"65,1 : 0.0671"
"1,66 : 0.7839"
"66,1 : 0.7839"
"1,67 : 0.0721"
"67,1 : 0.0721"
"1,68 : 0.4727"
"68,1 : 0.4727"
"1,69 : 0.5787"
"69,1 : 0.5787"
"1,70 : 0.3437"
"70,1 : 0.3437"
"1,71 : 0.6088"
"71,1 : 0.6088"
"1,72 : 0.6519"
"72,1 : 0.6519"
"1,73 : 0.3635"
"73,1 : 0.3635"
"1,74 : 0.2789"
"74,1 : 0.2789"
"1,75 : 0.327"
"75,1 : 0.327"
"1,76 : 0.7921"
"76,1 : 0.7921"
"1,77 : 0.8387"
"77,1 : 0.8387"
"1,78 : 0.314"
"78,1 : 0.314"
"1,79 : 0.1746"
"79,1 : 0.1746"
"1,80 : 0.6641"
"80,1 : 0.6641"
"1,81 : 0.1421"
"81,1 : 0.1421"
"1,82 : 0.322"
"82,1 : 0.322"
"1,83 : 0.9003"
"83,1 : 0.9003"
"1,84 : 0.6912"
"84,1 : 0.6912"
"1,85 : 0.6707"
"85,1 : 0.6707"
"1,86 : 0.3138"
"86,1 : 0.3138"
"1,87 : 0.4717"
"87,1 : 0.4717"
"1,88 : 0.7086"
"88,1 : 0.7086"
"1,89 : 0.8602"
"89,1 : 0.8602"
"1,90 : 0.402"
"90,1 : 0.402"
"1,91 : 0.4965"
"91,1 : 0.4965"
"1,92 : 0.3406"
"92,1 : 0.3406"
"1,93 : 0.2943"
"93,1 : 0.2943"
"1,94 : 0.2864"
"94,1 : 0.2864"
"1,95 : 0.525"
"95,1 : 0.525"
"1,96 : 0.542"
"96,1 : 0.542"
"1,97 : 0.6213"
"97,1 : 0.6213"
"1,98 : 0.6217"
"98,1 : 0.6217"
"1,99 : 0.2702"
"99,1 : 0.2702"
"2,3 : 0.6621"
"3,2 : 0.6621"
"2,4 : 0.6213"
"4,2 : 0.6213"
"2,5 : 0.2702"
"5,2 : 0.2702"
"2,6 : 0.5367"
"6,2 : 0.5367"
"2,7 : 0.1803"
"7,2 : 0.1803"
"2,8 : 0.2902"
"8,2 : 0.2902"
"2,9 : 0.2052"
"9,2 : 0.2052"
"2,10 : 0.1664"
"10,2 : 0.1664"
"2,11 : 0.4888"
"11,2 : 0.4888"
"2,12 : 0.6243"
"12,2 : 0.6243"
"2,13 : 0.7564"
"13,2 : 0.7564"
"2,14 : 0.6918"
"14,2 : 0.6918"
"2,15 : 0.5308"
"15,2 : 0.5308"
"2,16 : 0.2343"
"16,2 : 0.2343"
"2,17 : 0.4148"
"17,2 : 0.4148"
"2,18 : 0.2802"
"18,2 : 0.2802"
"2,19 : 0.0943"
"19,2 : 0.0943"
"2,20 : 0.2532"
"20,2 : 0.2532"
"2,21 : 0.2326"
"21,2 : 0.2326"
"2,22 : 0.5597"
"22,2 : 0.5597"
"2,23 : 0.2163"
"23,2 : 0.2163"
"2,24 : 0.7187"
"24,2 : 0.7187"
"2,25 : 0.5004"
"25,2 : 0.5004"
"2,26 : 0.2335"
"26,2 : 0.2335"
"2,27 : 0.228"
"27,2 : 0.228"
"2,28 : 0.255"
"28,2 : 0.255"
"2,29 : 0.7783"
"29,2 : 0.7783"
"2,30 : 0.4438"
"30,2 : 0.4438"
"2,31 : 0.4607"
"31,2 : 0.4607"
"2,32 : 0.4319"
"32,2 : 0.4319"
"2,33 : 0.7103"
"33,2 : 0.7103"
"2,34 : 0.4198"
"34,2 : 0.4198"
"2,35 : 0.7102"
"35,2 : 0.7102"
"2,36 : 0.5587"
"36,2 : 0.5587"
"2,37 : 0.3046"
"37,2 : 0.3046"
"2,38 : 0.1105"
"38,2 : 0.1105"
"2,39 : 0.211"
"39,2 : 0.211"
"2,40 : 0.2385"
"40,2 : 0.2385"
"2,41 : 0.8491"
"41,2 : 0.8491"
"2,42 : 0.1082"
"42,2 : 0.1082"
"2,43 : 0.2693"
"43,2 : 0.2693"
"2,44 : 0.228"
"44,2 : 0.228"
"2,45 : 0.4295"
"45,2 : 0.4295"
"2,46 : 0.1868"
"46,2 : 0.1868"
"2,47 : 0.5544"
"47,2 : 0.5544"
"2,48 : 0.3061"
"48,2 : 0.3061"
"2,49 : 0.8286"
"49,2 : 0.8286"
"2,50 : 0.612"
"50,2 : 0.612"
"2,51 : 0.3493"
"51,2 : 0.3493"
"2,52 : 0.7708"
"52,2 : 0.7708"
"2,53 : 0.1649"
"53,2 : 0.1649"
"2,54 : 0.3966"
"54,2 : 0.3966"
"2,55 : 0.528"
"55,2 : 0.528"
"2,56 : 0.3106"
"56,2 : 0.3106"
"2,57 : 0.2025"
"57,2 : 0.2025"
"2,58 : 0.7739"
"58,2 : 0.7739"
"2,59 : 0.6847"
"59,2 : 0.6847"
"2,60 : 0.5515"
"60,2 : 0.5515"
"2,61 : 0.3015"
"61,2 : 0.3015"
"2,62 : 0.6601"
"62,2 : 0.6601"
"2,63 : 0.2702"
"63,2 : 0.2702"
"2,64 : 0.3214"
"64,2 : 0.3214"
"2,65 : 0.211"
"65,2 : 0.211"
"2,66 : 0.7355"
"66,2 : 0.7355"
"2,67 : 0.3"
"67,2 : 0.3"
"2,68 : 0.247"
"68,2 : 0.247"
"2,69 : 0.3585"
"69,2 : 0.3585"
"2,70 : 0.4249"
"70,2 : 0.4249"
"2,71 : 0.3669"
"71,2 : 0.3669"
"2,72 : 0.563"
"72,2 : 0.563"
"2,73 : 0.4428"
"73,2 : 0.4428"
"2,74 : 0.5109"
"74,2 : 0.5109"
"2,75 : 0.1803"
"75,2 : 0.1803"
"2,76 : 0.6843"
"76,2 : 0.6843"
"2,77 : 0.7021"
"77,2 : 0.7021"
"2,78 : 0.5413"
"78,2 : 0.5413"
"2,79 : 0.2625"
"79,2 : 0.2625"
"2,80 : 0.6707"
"80,2 : 0.6707"
"2,81 : 0.2121"
"81,2 : 0.2121"
"2,82 : 0.1513"
"82,2 : 0.1513"
"2,83 : 0.8006"
"83,2 : 0.8006"
"2,84 : 0.4492"
"84,2 : 0.4492"
"2,85 : 0.4357"
"85,2 : 0.4357"
"2,86 : 0.2435"
"86,2 : 0.2435"
"2,87 : 0.2385"
"87,2 : 0.2385"
"2,88 : 0.7513"
"88,2 : 0.7513"
"2,89 : 0.7094"
"89,2 : 0.7094"
"2,90 : 0.5215"
"90,2 : 0.5215"
"2,91 : 0.6191"
"91,2 : 0.6191"
"2,92 : 0.4604"
"92,2 : 0.4604"
"2,93 : 0.3808"
"93,2 : 0.3808"
"2,94 : 0.3231"
"94,2 : 0.3231"
"2,95 : 0.4123"
"95,2 : 0.4123"
"2,96 : 0.4785"
"96,2 : 0.4785"
"2,97 : 0.7169"
"97,2 : 0.7169"
"2,98 : 0.3941"
"98,2 : 0.3941"
"2,99 : 0.5124"
"99,2 : 0.5124"
"3,4 : 0.3538"
"4,3 : 0.3538"
"3,5 : 0.6519"
"5,3 : 0.6519"
"3,6 : 0.1265"
"6,3 : 0.1265"
"3,7 : 0.5104"
"7,3 : 0.5104"
"3,8 : 0.8204"
"8,3 : 0.8204"
"3,9 : 0.6155"
"9,3 : 0.6155"
"3,10 : 0.8273"
"10,3 : 0.8273"
"3,11 : 1.1011"
"11,3 : 1.1011"
"3,12 : 0.3324"
"12,3 : 0.3324"
"3,13 : 0.0949"
"13,3 : 0.0949"
"3,14 : 0.3421"
"14,3 : 0.3421"
"3,15 : 0.6736"
"15,3 : 0.6736"
"3,16 : 0.6011"
"16,3 : 0.6011"
"3,17 : 0.9831"
"17,3 : 0.9831"
"3,18 : 0.61"
"18,3 : 0.61"
"3,19 : 0.6801"
"19,3 : 0.6801"
"3,20 : 0.6407"
"20,3 : 0.6407"
"3,21 : 0.5445"
"21,3 : 0.5445"
"3,22 : 0.1221"
"22,3 : 0.1221"
"3,23 : 0.4903"
"23,3 : 0.4903"
"3,24 : 0.0728"
"24,3 : 0.0728"
"3,25 : 0.6579"
"25,3 : 0.6579"
"3,26 : 0.8868"
"26,3 : 0.8868"
"3,27 : 0.4391"
"27,3 : 0.4391"
"3,28 : 0.9171"
"28,3 : 0.9171"
"3,29 : 0.6463"
"29,3 : 0.6463"
"3,30 : 1.0041"
"30,3 : 1.0041"
"3,31 : 0.8204"
"31,3 : 0.8204"
"3,32 : 0.9559"
"32,3 : 0.9559"
"3,33 : 0.2823"
"33,3 : 0.2823"
"3,34 : 0.5263"
"34,3 : 0.5263"
"3,35 : 0.1887"
"35,3 : 0.1887"
"3,36 : 0.6992"
"36,3 : 0.6992"
"3,37 : 0.48"
"37,3 : 0.48"
"3,38 : 0.724"
"38,3 : 0.724"
"3,39 : 0.717"
"39,3 : 0.717"
"3,40 : 0.6718"
"40,3 : 0.6718"
"3,41 : 0.2081"
"41,3 : 0.2081"
"3,42 : 0.5725"
"42,3 : 0.5725"
"3,43 : 0.3996"
"43,3 : 0.3996"
"3,44 : 0.4427"
"44,3 : 0.4427"
"3,45 : 0.8661"
"45,3 : 0.8661"
"3,46 : 0.717"
"46,3 : 0.717"
"3,47 : 0.2915"
"47,3 : 0.2915"
"3,48 : 0.592"
"48,3 : 0.592"
"3,49 : 0.7004"
"49,3 : 0.7004"
"3,50 : 0.2302"
"50,3 : 0.2302"
"3,51 : 0.756"
"51,3 : 0.756"
"3,52 : 0.5903"
"52,3 : 0.5903"
"3,53 : 0.5727"
"53,3 : 0.5727"
"3,54 : 0.7187"
"54,3 : 0.7187"
"3,55 : 0.313"
"55,3 : 0.313"
"3,56 : 0.4173"
"56,3 : 0.4173"
"3,57 : 0.8641"
"57,3 : 0.8641"
"3,58 : 0.1118"
"58,3 : 0.1118"
"3,59 : 0.2154"
"59,3 : 0.2154"
"3,60 : 0.2452"
"60,3 : 0.2452"
"3,61 : 0.4314"
"61,3 : 0.4314"
"3,62 : 0.2766"
"62,3 : 0.2766"
"3,63 : 0.4264"
"63,3 : 0.4264"
"3,64 : 0.8276"
"64,3 : 0.8276"
"3,65 : 0.6239"
"65,3 : 0.6239"
"3,66 : 0.4464"
"66,3 : 0.4464"
"3,67 : 0.6003"
"67,3 : 0.6003"
"3,68 : 0.7212"
"68,3 : 0.7212"
"3,69 : 0.764"
"69,3 : 0.764"
"3,70 : 0.2377"
"70,3 : 0.2377"
"3,71 : 0.9492"
"71,3 : 0.9492"
"3,72 : 0.4752"
"72,3 : 0.4752"
"3,73 : 0.2193"
"73,3 : 0.2193"
"3,74 : 0.6707"
"74,3 : 0.6707"
"3,75 : 0.5482"
"75,3 : 0.5482"
"3,76 : 0.5901"
"76,3 : 0.5901"
"3,77 : 0.6907"
"77,3 : 0.6907"
"3,78 : 0.4254"
"78,3 : 0.4254"
"3,79 : 0.4148"
"79,3 : 0.4148"
"3,80 : 0.2596"
"80,3 : 0.2596"
"3,81 : 0.4684"
"81,3 : 0.4684"
"3,82 : 0.8078"
"82,3 : 0.8078"
"3,83 : 0.6413"
"83,3 : 0.6413"
"3,84 : 1.0183"
"84,3 : 1.0183"
"3,85 : 0.886"
"85,3 : 0.886"
"3,86 : 0.8538"
"86,3 : 0.8538"
"3,87 : 0.8737"
"87,3 : 0.8737"
"3,88 : 0.2052"
"88,3 : 0.2052"
"3,89 : 0.7424"
"89,3 : 0.7424"
"3,90 : 0.16"
"90,3 : 0.16"
"3,91 : 0.0806"
"91,3 : 0.0806"
"3,92 : 0.2209"
"92,3 : 0.2209"
"3,93 : 0.2846"
"93,3 : 0.2846"
"3,94 : 0.34"
"94,3 : 0.34"
"3,95 : 0.4919"
"95,3 : 0.4919"
"3,96 : 0.3922"
"96,3 : 0.3922"
"3,97 : 0.06"
"97,3 : 0.06"
"3,98 : 1.0242"
"98,3 : 1.0242"
"3,99 : 0.5962"
"99,3 : 0.5962"
"4,5 : 0.7495"
"5,4 : 0.7495"
"4,6 : 0.313"
"6,4 : 0.313"
"4,7 : 0.5536"
"7,4 : 0.5536"
"4,8 : 0.8746"
"8,4 : 0.8746"
"4,9 : 0.6868"
"9,4 : 0.6868"
"4,10 : 0.7762"
"10,4 : 0.7762"
"4,11 : 1.1098"
"11,4 : 1.1098"
"4,12 : 0.0224"
"12,4 : 0.0224"
"4,13 : 0.4082"
"13,4 : 0.4082"
"4,14 : 0.6689"
"14,4 : 0.6689"
"4,15 : 0.8814"
"15,4 : 0.8814"
"4,16 : 0.6888"
"16,4 : 0.6888"
"4,17 : 1.0242"
"17,4 : 1.0242"
"4,18 : 0.4244"
"18,4 : 0.4244"
"4,19 : 0.588"
"19,4 : 0.588"
"4,20 : 0.4662"
"20,4 : 0.4662"
"4,21 : 0.6335"
"21,4 : 0.6335"
"4,22 : 0.3895"
"22,4 : 0.3895"
"4,23 : 0.405"
"23,4 : 0.405"
"4,24 : 0.4201"
"24,4 : 0.4201"
"4,25 : 0.3606"
"25,4 : 0.3606"
"4,26 : 0.85"
"26,4 : 0.85"
"4,27 : 0.4754"
"27,4 : 0.4754"
"4,28 : 0.8496"
"28,4 : 0.8496"
"4,29 : 0.947"
"29,4 : 0.947"
"4,30 : 1.0512"
"30,4 : 1.0512"
"4,31 : 0.5609"
"31,4 : 0.5609"
"4,32 : 1.0232"
"32,4 : 1.0232"
"4,33 : 0.622"
"33,4 : 0.622"
"4,34 : 0.2731"
"34,4 : 0.2731"
"4,35 : 0.5381"
"35,4 : 0.5381"
"4,36 : 0.912"
"36,4 : 0.912"
"4,37 : 0.3256"
"37,4 : 0.3256"
"4,38 : 0.7207"
"38,4 : 0.7207"
"4,39 : 0.564"
"39,4 : 0.564"
"4,40 : 0.75"
"40,4 : 0.75"
"4,41 : 0.3864"
"41,4 : 0.3864"
"4,42 : 0.5131"
"42,4 : 0.5131"
"4,43 : 0.4571"
"43,4 : 0.4571"
"4,44 : 0.4123"
"44,4 : 0.4123"
"4,45 : 0.9727"
"45,4 : 0.9727"
"4,46 : 0.7577"
"46,4 : 0.7577"
"4,47 : 0.0906"
"47,4 : 0.0906"
"4,48 : 0.717"
"48,4 : 0.717"
"4,49 : 1.0046"
"49,4 : 1.0046"
"4,50 : 0.542"
"50,4 : 0.542"
"4,51 : 0.8635"
"51,4 : 0.8635"
"4,52 : 0.8996"
"52,4 : 0.8996"
"4,53 : 0.4686"
"53,4 : 0.4686"
"4,54 : 0.8584"
"54,4 : 0.8584"
"4,55 : 0.102"
"55,4 : 0.102"
"4,56 : 0.5408"
"56,4 : 0.5408"
"4,57 : 0.7931"
"57,4 : 0.7931"
"4,58 : 0.4071"
"58,4 : 0.4071"
"4,59 : 0.5561"
"59,4 : 0.5561"
"4,60 : 0.5239"
"60,4 : 0.5239"
"4,61 : 0.5515"
"61,4 : 0.5515"
"4,62 : 0.6021"
"62,4 : 0.6021"
"4,63 : 0.5148"
"63,4 : 0.5148"
"4,64 : 0.8954"
"64,4 : 0.8954"
"4,65 : 0.4751"
"65,4 : 0.4751"
"4,66 : 0.7703"
"66,4 : 0.7703"
"4,67 : 0.405"
"67,4 : 0.405"
"4,68 : 0.7906"
"68,4 : 0.7906"
"4,69 : 0.8732"
"69,4 : 0.8732"
"4,70 : 0.3324"
"70,4 : 0.3324"
"4,71 : 0.9795"
"71,4 : 0.9795"
"4,72 : 0.735"
"72,4 : 0.735"
"4,73 : 0.3354"
"73,4 : 0.3354"
"4,74 : 0.3701"
"74,4 : 0.3701"
"4,75 : 0.6044"
"75,4 : 0.6044"
"4,76 : 0.8728"
"76,4 : 0.8728"
"4,77 : 0.958"
"77,4 : 0.958"
"4,78 : 0.114"
"78,4 : 0.114"
"4,79 : 0.377"
"79,4 : 0.377"
"4,80 : 0.5908"
"80,4 : 0.5908"
"4,81 : 0.4159"
"81,4 : 0.4159"
"4,82 : 0.7292"
"82,4 : 0.7292"
"4,83 : 0.9494"
"83,4 : 0.9494"
"4,84 : 1.0599"
"84,4 : 1.0599"
"4,85 : 0.9876"
"85,4 : 0.9876"
"4,86 : 0.7201"
"86,4 : 0.7201"
"4,87 : 0.8598"
"87,4 : 0.8598"
"4,88 : 0.5587"
"88,4 : 0.5587"
"4,89 : 1.0002"
"89,4 : 1.0002"
"4,90 : 0.26"
"90,4 : 0.26"
"4,91 : 0.2759"
"91,4 : 0.2759"
"4,92 : 0.2631"
"92,4 : 0.2631"
"4,93 : 0.3302"
"93,4 : 0.3302"
"4,94 : 0.402"
"94,4 : 0.402"
"4,95 : 0.6812"
"95,4 : 0.6812"
"4,96 : 0.6237"
"96,4 : 0.6237"
"4,97 : 0.4"
"97,4 : 0.4"
"4,98 : 1.0151"
"98,4 : 1.0151"
"4,99 : 0.2902"
"99,4 : 0.2902"
"5,6 : 0.5464"
"6,5 : 0.5464"
"5,7 : 0.2002"
"7,5 : 0.2002"
"5,8 : 0.1789"
"8,5 : 0.1789"
"5,9 : 0.0728"
"9,5 : 0.0728"
"5,10 : 0.3324"
"10,5 : 0.3324"
"5,11 : 0.4696"
"11,5 : 0.4696"
"5,12 : 0.7446"
"12,5 : 0.7446"
"5,13 : 0.7354"
"13,5 : 0.7354"
"5,14 : 0.5441"
"14,5 : 0.5441"
"5,15 : 0.2663"
"15,5 : 0.2663"
"5,16 : 0.0608"
"16,5 : 0.0608"
"5,17 : 0.3384"
"17,5 : 0.3384"
"5,18 : 0.522"
"18,5 : 0.522"
"5,19 : 0.364"
"19,5 : 0.364"
"5,20 : 0.5057"
"20,5 : 0.5057"
"5,21 : 0.117"
"21,5 : 0.117"
"5,22 : 0.5308"
"22,5 : 0.5308"
"5,23 : 0.3932"
"23,5 : 0.3932"
"5,24 : 0.6862"
"24,5 : 0.6862"
"5,25 : 0.735"
"25,5 : 0.735"
"5,26 : 0.3437"
"26,5 : 0.3437"
"5,27 : 0.2746"
"27,5 : 0.2746"
"5,28 : 0.4123"
"28,5 : 0.4123"
"5,29 : 0.5412"
"29,5 : 0.5412"
"5,30 : 0.3561"
"30,5 : 0.3561"
"5,31 : 0.7272"
"31,5 : 0.7272"
"5,32 : 0.3041"
"32,5 : 0.3041"
"5,33 : 0.5869"
"33,5 : 0.5869"
"5,34 : 0.6251"
"34,5 : 0.6251"
"5,35 : 0.6243"
"35,5 : 0.6243"
"5,36 : 0.2921"
"36,5 : 0.2921"
"5,37 : 0.4925"
"37,5 : 0.4925"
"5,38 : 0.2059"
"38,5 : 0.2059"
"5,39 : 0.4801"
"39,5 : 0.4801"
"5,40 : 0.0412"
"40,5 : 0.0412"
"5,41 : 0.8591"
"41,5 : 0.8591"
"5,42 : 0.3195"
"42,5 : 0.3195"
"5,43 : 0.2941"
"43,5 : 0.2941"
"5,44 : 0.3501"
"44,5 : 0.3501"
"5,45 : 0.2247"
"45,5 : 0.2247"
"5,46 : 0.1237"
"46,5 : 0.1237"
"5,47 : 0.6648"
"47,5 : 0.6648"
"5,48 : 0.0728"
"48,5 : 0.0728"
"5,49 : 0.5852"
"49,5 : 0.5852"
"5,50 : 0.5111"
"50,5 : 0.5111"
"5,51 : 0.114"
"51,5 : 0.114"
"5,52 : 0.5474"
"52,5 : 0.5474"
"5,53 : 0.3922"
"53,5 : 0.3922"
"5,54 : 0.13"
"54,5 : 0.13"
"5,55 : 0.6476"
"55,5 : 0.6476"
"5,56 : 0.236"
"56,5 : 0.236"
"5,57 : 0.3863"
"57,5 : 0.3863"
"5,58 : 0.7566"
"58,5 : 0.7566"
"5,59 : 0.5867"
"59,5 : 0.5867"
"5,60 : 0.4549"
"60,5 : 0.4549"
"5,61 : 0.222"
"61,5 : 0.222"
"5,62 : 0.5371"
"62,5 : 0.5371"
"5,63 : 0.2417"
"63,5 : 0.2417"
"5,64 : 0.178"
"64,5 : 0.178"
"5,65 : 0.461"
"65,5 : 0.461"
"5,66 : 0.5533"
"66,5 : 0.5533"
"5,67 : 0.5376"
"67,5 : 0.5376"
"5,68 : 0.0825"
"68,5 : 0.0825"
"5,69 : 0.1237"
"69,5 : 0.1237"
"5,70 : 0.4518"
"70,5 : 0.4518"
"5,71 : 0.313"
"71,5 : 0.313"
"5,72 : 0.3606"
"72,5 : 0.3606"
"5,73 : 0.4614"
"73,5 : 0.4614"
"5,74 : 0.7473"
"74,5 : 0.7473"
"5,75 : 0.15"
"75,5 : 0.15"
"5,76 : 0.4512"
"76,5 : 0.4512"
"5,77 : 0.4472"
"77,5 : 0.4472"
"5,78 : 0.7026"
"78,5 : 0.7026"
"5,79 : 0.3812"
"79,5 : 0.3812"
"5,80 : 0.5546"
"80,5 : 0.5546"
"5,81 : 0.3606"
"81,5 : 0.3606"
"5,82 : 0.3722"
"82,5 : 0.3722"
"5,83 : 0.5675"
"83,5 : 0.5675"
"5,84 : 0.372"
"84,5 : 0.372"
"5,85 : 0.2417"
"85,5 : 0.2417"
"5,86 : 0.4941"
"86,5 : 0.4941"
"5,87 : 0.3002"
"87,5 : 0.3002"
"5,88 : 0.6637"
"88,5 : 0.6637"
"5,89 : 0.4465"
"89,5 : 0.4465"
"5,90 : 0.5595"
"90,5 : 0.5595"
"5,91 : 0.6407"
"91,5 : 0.6407"
"5,92 : 0.5148"
"92,5 : 0.5148"
"5,93 : 0.4308"
"93,5 : 0.4308"
"5,94 : 0.3547"
"94,5 : 0.3547"
"5,95 : 0.2159"
"95,5 : 0.2159"
"5,96 : 0.3231"
"96,5 : 0.3231"
"5,97 : 0.693"
"97,5 : 0.693"
"5,98 : 0.4148"
"98,5 : 0.4148"
"5,99 : 0.7299"
"99,5 : 0.7299"
"6,7 : 0.3905"
"7,6 : 0.3905"
"6,8 : 0.7084"
"8,6 : 0.7084"
"6,9 : 0.5033"
"9,6 : 0.5033"
"6,10 : 0.7024"
"10,6 : 0.7024"
"6,11 : 0.9841"
"11,6 : 0.9841"
"6,12 : 0.2955"
"12,6 : 0.2955"
"6,13 : 0.2214"
"13,6 : 0.2214"
"6,14 : 0.3581"
"14,6 : 0.3581"
"6,15 : 0.6067"
"15,6 : 0.6067"
"6,16 : 0.492"
"16,6 : 0.492"
"6,17 : 0.8705"
"17,6 : 0.8705"
"6,18 : 0.4916"
"18,6 : 0.4916"
"6,19 : 0.5536"
"19,6 : 0.5536"
"6,20 : 0.5201"
"20,6 : 0.5201"
"6,21 : 0.4342"
"21,6 : 0.4342"
"6,22 : 0.0781"
"22,6 : 0.0781"
"6,23 : 0.365"
"23,6 : 0.365"
"6,24 : 0.191"
"24,6 : 0.191"
"6,25 : 0.5636"
"25,6 : 0.5636"
"6,26 : 0.7632"
"26,6 : 0.7632"
"6,27 : 0.3162"
"27,6 : 0.3162"
"6,28 : 0.7916"
"28,6 : 0.7916"
"6,29 : 0.6357"
"29,6 : 0.6357"
"6,30 : 0.8927"
"30,6 : 0.8927"
"6,31 : 0.7106"
"31,6 : 0.7106"
"6,32 : 0.8481"
"32,6 : 0.8481"
"6,33 : 0.3183"
"33,6 : 0.3183"
"6,34 : 0.4254"
"34,6 : 0.4254"
"6,35 : 0.2506"
"35,6 : 0.2506"
"6,36 : 0.6351"
"36,6 : 0.6351"
"6,37 : 0.3622"
"37,6 : 0.3622"
"6,38 : 0.6022"
"38,6 : 0.6022"
"6,39 : 0.593"
"39,6 : 0.593"
"6,40 : 0.5622"
"40,6 : 0.5622"
"6,41 : 0.3189"
"41,6 : 0.3189"
"6,42 : 0.446"
"42,6 : 0.446"
"6,43 : 0.278"
"43,6 : 0.278"
"6,44 : 0.3162"
"44,6 : 0.3162"
"6,45 : 0.7666"
"45,6 : 0.7666"
"6,46 : 0.6011"
"46,6 : 0.6011"
"6,47 : 0.2302"
"47,6 : 0.2302"
"6,48 : 0.4924"
"48,6 : 0.4924"
"6,49 : 0.6929"
"49,6 : 0.6929"
"6,50 : 0.2302"
"50,6 : 0.2302"
"6,51 : 0.6551"
"51,6 : 0.6551"
"6,52 : 0.5869"
"52,6 : 0.5869"
"6,53 : 0.4472"
"53,6 : 0.4472"
"6,54 : 0.6265"
"54,6 : 0.6265"
"6,55 : 0.2408"
"55,6 : 0.2408"
"6,56 : 0.3106"
"56,6 : 0.3106"
"6,57 : 0.7382"
"57,6 : 0.7382"
"6,58 : 0.2377"
"58,6 : 0.2377"
"6,59 : 0.2561"
"59,6 : 0.2561"
"6,60 : 0.2119"
"60,6 : 0.2119"
"6,61 : 0.3245"
"61,6 : 0.3245"
"6,62 : 0.2921"
"62,6 : 0.2921"
"6,63 : 0.3114"
"63,6 : 0.3114"
"6,64 : 0.7184"
"64,6 : 0.7184"
"6,65 : 0.5009"
"65,6 : 0.5009"
"6,66 : 0.4579"
"66,6 : 0.4579"
"6,67 : 0.4837"
"67,6 : 0.4837"
"6,68 : 0.6107"
"68,6 : 0.6107"
"6,69 : 0.6637"
"69,6 : 0.6637"
"6,70 : 0.1118"
"70,6 : 0.1118"
"6,71 : 0.8344"
"71,6 : 0.8344"
"6,72 : 0.4329"
"72,6 : 0.4329"
"6,73 : 0.0943"
"73,6 : 0.0943"
"6,74 : 0.5771"
"74,6 : 0.5771"
"6,75 : 0.4314"
"75,6 : 0.4314"
"6,76 : 0.5652"
"76,6 : 0.5652"
"6,77 : 0.6562"
"77,6 : 0.6562"
"6,78 : 0.3536"
"78,6 : 0.3536"
"6,79 : 0.2886"
"79,6 : 0.2886"
"6,80 : 0.2832"
"80,6 : 0.2832"
"6,81 : 0.3421"
"81,6 : 0.3421"
"6,82 : 0.6815"
"82,6 : 0.6815"
"6,83 : 0.6369"
"83,6 : 0.6369"
"6,84 : 0.9061"
"84,6 : 0.9061"
"6,85 : 0.7855"
"85,6 : 0.7855"
"6,86 : 0.7278"
"86,6 : 0.7278"
"6,87 : 0.7521"
"87,6 : 0.7521"
"6,88 : 0.2823"
"88,6 : 0.2823"
"6,89 : 0.7026"
"89,6 : 0.7026"
"6,90 : 0.0566"
"90,6 : 0.0566"
"6,91 : 0.0943"
"91,6 : 0.0943"
"6,92 : 0.102"
"92,6 : 0.102"
"6,93 : 0.1581"
"93,6 : 0.1581"
"6,94 : 0.2163"
"94,6 : 0.2163"
"6,95 : 0.4123"
"95,6 : 0.4123"
"6,96 : 0.3302"
"96,6 : 0.3302"
"6,97 : 0.1844"
"97,6 : 0.1844"
"6,98 : 0.9043"
"98,6 : 0.9043"
"6,99 : 0.5077"
"99,6 : 0.5077"
"7,8 : 0.3276"
"8,7 : 0.3276"
"7,9 : 0.1334"
"9,7 : 0.1334"
"7,10 : 0.3298"
"10,7 : 0.3298"
"7,11 : 0.5941"
"11,7 : 0.5941"
"7,12 : 0.5503"
"12,7 : 0.5503"
"7,13 : 0.6021"
"13,7 : 0.6021"
"7,14 : 0.5116"
"14,7 : 0.5116"
"7,15 : 0.4082"
"15,7 : 0.4082"
"7,16 : 0.14"
"16,7 : 0.14"
"7,17 : 0.486"
"17,7 : 0.486"
"7,18 : 0.3467"
"18,7 : 0.3467"
"7,19 : 0.247"
"19,7 : 0.247"
"7,20 : 0.3406"
"20,7 : 0.3406"
"7,21 : 0.0949"
"21,7 : 0.0949"
"7,22 : 0.3982"
"22,7 : 0.3982"
"7,23 : 0.1992"
"23,7 : 0.1992"
"7,24 : 0.5595"
"24,7 : 0.5595"
"7,25 : 0.5478"
"25,7 : 0.5478"
"7,26 : 0.3808"
"26,7 : 0.3808"
"7,27 : 0.0806"
"27,7 : 0.0806"
"7,28 : 0.422"
"28,7 : 0.422"
"7,29 : 0.6185"
"29,7 : 0.6185"
"7,30 : 0.5104"
"30,7 : 0.5104"
"7,31 : 0.5731"
"31,7 : 0.5731"
"7,32 : 0.4741"
"32,7 : 0.4741"
"7,33 : 0.5308"
"33,7 : 0.5308"
"7,34 : 0.4295"
"34,7 : 0.4295"
"7,35 : 0.536"
"35,7 : 0.536"
"7,36 : 0.4391"
"36,7 : 0.4391"
"7,37 : 0.2961"
"37,7 : 0.2961"
"7,38 : 0.2147"
"38,7 : 0.2147"
"7,39 : 0.3467"
"39,7 : 0.3467"
"7,40 : 0.1965"
"40,7 : 0.1965"
"7,41 : 0.7094"
"41,7 : 0.7094"
"7,42 : 0.1562"
"42,7 : 0.1562"
"7,43 : 0.1131"
"43,7 : 0.1131"
"7,44 : 0.15"
"44,7 : 0.15"
"7,45 : 0.4198"
"45,7 : 0.4198"
"7,46 : 0.214"
"46,7 : 0.214"
"7,47 : 0.4717"
"47,7 : 0.4717"
"7,48 : 0.1897"
"48,7 : 0.1897"
"7,49 : 0.672"
"49,7 : 0.672"
"7,50 : 0.4342"
"50,7 : 0.4342"
"7,51 : 0.3126"
"51,7 : 0.3126"
"7,52 : 0.6042"
"52,7 : 0.6042"
"7,53 : 0.2202"
"53,7 : 0.2202"
"7,54 : 0.3225"
"54,7 : 0.3225"
"7,55 : 0.4522"
"55,7 : 0.4522"
"7,56 : 0.1304"
"56,7 : 0.1304"
"7,57 : 0.3748"
"57,7 : 0.3748"
"7,58 : 0.6213"
"58,7 : 0.6213"
"7,59 : 0.508"
"59,7 : 0.508"
"7,60 : 0.3734"
"60,7 : 0.3734"
"7,61 : 0.1217"
"61,7 : 0.1217"
"7,62 : 0.4804"
"62,7 : 0.4804"
"7,63 : 0.0922"
"63,7 : 0.0922"
"7,64 : 0.3444"
"64,7 : 0.3444"
"7,65 : 0.2973"
"65,7 : 0.2973"
"7,66 : 0.5579"
"66,7 : 0.5579"
"7,67 : 0.3585"
"67,7 : 0.3585"
"7,68 : 0.2377"
"68,7 : 0.2377"
"7,69 : 0.3225"
"69,7 : 0.3225"
"7,70 : 0.2828"
"70,7 : 0.2828"
"7,71 : 0.4469"
"71,7 : 0.4469"
"7,72 : 0.3936"
"72,7 : 0.3936"
"7,73 : 0.2973"
"73,7 : 0.2973"
"7,74 : 0.5608"
"74,7 : 0.5608"
"7,75 : 0.051"
"75,7 : 0.051"
"7,76 : 0.5243"
"76,7 : 0.5243"
"7,77 : 0.5587"
"77,7 : 0.5587"
"7,78 : 0.5025"
"78,7 : 0.5025"
"7,79 : 0.1811"
"79,7 : 0.1811"
"7,80 : 0.4916"
"80,7 : 0.4916"
"7,81 : 0.1628"
"81,7 : 0.1628"
"7,82 : 0.3302"
"82,7 : 0.3302"
"7,83 : 0.6381"
"83,7 : 0.6381"
"7,84 : 0.522"
"84,7 : 0.522"
"7,85 : 0.4342"
"85,7 : 0.4342"
"7,86 : 0.4198"
"86,7 : 0.4198"
"7,87 : 0.3636"
"87,7 : 0.3636"
"7,88 : 0.5772"
"88,7 : 0.5772"
"7,89 : 0.5763"
"89,7 : 0.5763"
"7,90 : 0.3895"
"90,7 : 0.3895"
"7,91 : 0.481"
"91,7 : 0.481"
"7,92 : 0.336"
"92,7 : 0.336"
"7,93 : 0.25"
"93,7 : 0.25"
"7,94 : 0.1769"
"94,7 : 0.1769"
"7,95 : 0.25"
"95,7 : 0.25"
"7,96 : 0.3008"
"96,7 : 0.3008"
"7,97 : 0.5608"
"97,7 : 0.5608"
"7,98 : 0.514"
"98,7 : 0.514"
"7,99 : 0.536"
"99,7 : 0.536"
"8,9 : 0.2052"
"9,8 : 0.2052"
"8,10 : 0.25"
"10,8 : 0.25"
"8,11 : 0.2907"
"11,8 : 0.2907"
"8,12 : 0.8732"
"12,8 : 0.8732"
"8,13 : 0.9069"
"13,8 : 0.9069"
"8,14 : 0.7211"
"14,8 : 0.7211"
"8,15 : 0.3864"
"15,8 : 0.3864"
"8,16 : 0.2202"
"16,8 : 0.2202"
"8,17 : 0.1628"
"17,8 : 0.1628"
"8,18 : 0.5704"
"18,8 : 0.5704"
"8,19 : 0.3748"
"19,8 : 0.3748"
"8,20 : 0.5423"
"20,8 : 0.5423"
"8,21 : 0.2759"
"21,8 : 0.2759"
"8,22 : 0.7009"
"22,8 : 0.7009"
"8,23 : 0.4827"
"23,8 : 0.4827"
"8,24 : 0.8591"
"24,8 : 0.8591"
"8,25 : 0.7906"
"25,8 : 0.7906"
"8,26 : 0.222"
"26,8 : 0.222"
"8,27 : 0.4082"
"27,8 : 0.4082"
"8,28 : 0.3"
"28,8 : 0.3"
"8,29 : 0.6836"
"29,8 : 0.6836"
"8,30 : 0.1844"
"30,8 : 0.1844"
"8,31 : 0.7338"
"31,8 : 0.7338"
"8,32 : 0.1487"
"32,8 : 0.1487"
"8,33 : 0.7656"
"33,8 : 0.7656"
"8,34 : 0.7046"
"34,8 : 0.7046"
"8,35 : 0.8026"
"35,8 : 0.8026"
"8,36 : 0.4026"
"36,8 : 0.4026"
"8,37 : 0.5805"
"37,8 : 0.5805"
"8,38 : 0.1811"
"38,8 : 0.1811"
"8,39 : 0.4851"
"39,8 : 0.4851"
"8,40 : 0.15"
"40,8 : 0.15"
"8,41 : 1.0255"
"41,8 : 1.0255"
"8,42 : 0.3833"
"42,8 : 0.3833"
"8,43 : 0.4383"
"43,8 : 0.4383"
"8,44 : 0.4624"
"44,8 : 0.4624"
"8,45 : 0.1526"
"45,8 : 0.1526"
"8,46 : 0.117"
"46,8 : 0.117"
"8,47 : 0.7962"
"47,8 : 0.7962"
"8,48 : 0.2508"
"48,8 : 0.2508"
"8,49 : 0.7201"
"49,8 : 0.7201"
"8,50 : 0.6896"
"50,8 : 0.6896"
"8,51 : 0.1334"
"51,8 : 0.1334"
"8,52 : 0.7001"
"52,8 : 0.7001"
"8,53 : 0.451"
"53,8 : 0.451"
"8,54 : 0.2138"
"54,8 : 0.2138"
"8,55 : 0.7747"
"55,8 : 0.7747"
"8,56 : 0.4036"
"56,8 : 0.4036"
"8,57 : 0.2973"
"57,8 : 0.2973"
"8,58 : 0.9276"
"58,8 : 0.9276"
"8,59 : 0.7654"
"59,8 : 0.7654"
"8,60 : 0.6329"
"60,8 : 0.6329"
"8,61 : 0.3895"
"61,8 : 0.3895"
"8,62 : 0.7159"
"62,8 : 0.7159"
"8,63 : 0.397"
"63,8 : 0.397"
"8,64 : 0.0361"
"64,8 : 0.0361"
"8,65 : 0.5009"
"65,8 : 0.5009"
"8,66 : 0.7237"
"66,8 : 0.7237"
"8,67 : 0.5901"
"67,8 : 0.5901"
"8,68 : 0.1"
"68,8 : 0.1"
"8,69 : 0.136"
"69,8 : 0.136"
"8,70 : 0.6061"
"70,8 : 0.6061"
"8,71 : 0.1342"
"71,8 : 0.1342"
"8,72 : 0.5295"
"72,8 : 0.5295"
"8,73 : 0.6185"
"73,8 : 0.6185"
"8,74 : 0.801"
"74,8 : 0.801"
"8,75 : 0.2802"
"75,8 : 0.2802"
"8,76 : 0.6003"
"76,8 : 0.6003"
"8,77 : 0.5727"
"77,8 : 0.5727"
"8,78 : 0.8104"
"78,8 : 0.8104"
"8,79 : 0.4977"
"79,8 : 0.4977"
"8,80 : 0.7335"
"80,8 : 0.7335"
"8,81 : 0.4617"
"81,8 : 0.4617"
"8,82 : 0.3138"
"82,8 : 0.3138"
"8,83 : 0.7125"
"83,8 : 0.7125"
"8,84 : 0.198"
"84,8 : 0.198"
"8,85 : 0.1523"
"85,8 : 0.1523"
"8,86 : 0.441"
"86,8 : 0.441"
"8,87 : 0.1664"
"87,8 : 0.1664"
"8,88 : 0.8422"
"88,8 : 0.8422"
"8,89 : 0.5566"
"89,8 : 0.5566"
"8,90 : 0.714"
"90,8 : 0.714"
"8,91 : 0.8016"
"91,8 : 0.8016"
"8,92 : 0.6629"
"92,8 : 0.6629"
"8,93 : 0.5769"
"93,8 : 0.5769"
"8,94 : 0.5022"
"94,8 : 0.5022"
"8,95 : 0.3922"
"95,8 : 0.3922"
"8,96 : 0.5016"
"96,8 : 0.5016"
"8,97 : 0.8645"
"97,8 : 0.8645"
"8,98 : 0.2419"
"98,8 : 0.2419"
"8,99 : 0.801"
"99,8 : 0.801"
"9,10 : 0.2943"
"10,9 : 0.2943"
"9,11 : 0.4883"
"11,9 : 0.4883"
"9,12 : 0.6831"
"12,9 : 0.6831"
"9,13 : 0.7029"
"13,9 : 0.7029"
"9,14 : 0.5474"
"14,9 : 0.5474"
"9,15 : 0.3256"
"15,9 : 0.3256"
"9,16 : 0.0316"
"16,9 : 0.0316"
"9,17 : 0.3677"
"17,9 : 0.3677"
"9,18 : 0.4494"
"18,9 : 0.4494"
"9,19 : 0.2973"
"19,9 : 0.2973"
"9,20 : 0.4338"
"20,9 : 0.4338"
"9,21 : 0.0721"
"21,9 : 0.0721"
"9,22 : 0.4968"
"22,9 : 0.4968"
"9,23 : 0.3214"
"23,9 : 0.3214"
"9,24 : 0.656"
"24,9 : 0.656"
"9,25 : 0.6622"
"25,9 : 0.6622"
"9,26 : 0.3206"
"26,9 : 0.3206"
"9,27 : 0.2119"
"27,9 : 0.2119"
"9,28 : 0.3812"
"28,9 : 0.3812"
"9,29 : 0.5831"
"29,9 : 0.5831"
"9,30 : 0.3895"
"30,9 : 0.3895"
"9,31 : 0.6573"
"31,9 : 0.6573"
"9,32 : 0.3467"
"32,9 : 0.3467"
"9,33 : 0.5824"
"33,9 : 0.5824"
"9,34 : 0.5533"
"34,9 : 0.5533"
"9,35 : 0.6084"
"35,9 : 0.6084"
"9,36 : 0.3536"
"36,9 : 0.3536"
"9,37 : 0.4211"
"37,9 : 0.4211"
"9,38 : 0.1628"
"38,9 : 0.1628"
"9,39 : 0.4123"
"39,9 : 0.4123"
"9,40 : 0.0632"
"40,9 : 0.0632"
"9,41 : 0.8204"
"41,9 : 0.8204"
"9,42 : 0.247"
"42,9 : 0.247"
"9,43 : 0.2371"
"43,9 : 0.2371"
"9,44 : 0.2816"
"44,9 : 0.2816"
"9,45 : 0.2864"
"45,9 : 0.2864"
"9,46 : 0.1077"
"46,9 : 0.1077"
"9,47 : 0.6041"
"47,9 : 0.6041"
"9,48 : 0.103"
"48,9 : 0.103"
"9,49 : 0.6307"
"49,9 : 0.6307"
"9,50 : 0.4977"
"50,9 : 0.4977"
"9,51 : 0.1803"
"51,9 : 0.1803"
"9,52 : 0.5824"
"52,9 : 0.5824"
"9,53 : 0.3195"
"53,9 : 0.3195"
"9,54 : 0.2025"
"54,9 : 0.2025"
"9,55 : 0.5852"
"55,9 : 0.5852"
"9,56 : 0.2"
"56,9 : 0.2"
"9,57 : 0.3471"
"57,9 : 0.3471"
"9,58 : 0.7235"
"58,9 : 0.7235"
"9,59 : 0.5738"
"59,9 : 0.5738"
"9,60 : 0.4386"
"60,9 : 0.4386"
"9,61 : 0.186"
"61,9 : 0.186"
"9,62 : 0.5316"
"62,9 : 0.5316"
"9,63 : 0.1921"
"63,9 : 0.1921"
"9,64 : 0.2163"
"64,9 : 0.2163"
"9,65 : 0.3891"
"65,9 : 0.3891"
"9,66 : 0.5701"
"66,9 : 0.5701"
"9,67 : 0.4649"
"67,9 : 0.4649"
"9,68 : 0.1082"
"68,9 : 0.1082"
"9,69 : 0.1903"
"69,9 : 0.1903"
"9,70 : 0.4022"
"70,9 : 0.4022"
"9,71 : 0.3342"
"71,9 : 0.3342"
"9,72 : 0.3833"
"72,9 : 0.3833"
"9,73 : 0.414"
"73,9 : 0.414"
"9,74 : 0.6745"
"74,9 : 0.6745"
"9,75 : 0.0825"
"75,9 : 0.0825"
"9,76 : 0.4904"
"76,9 : 0.4904"
"9,77 : 0.4993"
"77,9 : 0.4993"
"9,78 : 0.6351"
"78,9 : 0.6351"
"9,79 : 0.314"
"79,9 : 0.314"
"9,80 : 0.5471"
"80,9 : 0.5471"
"9,81 : 0.29"
"81,9 : 0.29"
"9,82 : 0.3231"
"82,9 : 0.3231"
"9,83 : 0.6075"
"83,9 : 0.6075"
"9,84 : 0.4031"
"84,9 : 0.4031"
"9,85 : 0.3008"
"85,9 : 0.3008"
"9,86 : 0.4391"
"86,9 : 0.4391"
"9,87 : 0.2864"
"87,9 : 0.2864"
"9,88 : 0.6488"
"88,9 : 0.6488"
"9,89 : 0.5045"
"89,9 : 0.5045"
"9,90 : 0.5104"
"90,9 : 0.5104"
"9,91 : 0.5967"
"91,9 : 0.5967"
"9,92 : 0.4614"
"92,9 : 0.4614"
"9,93 : 0.3759"
"93,9 : 0.3759"
"9,94 : 0.3002"
"94,9 : 0.3002"
"9,95 : 0.2309"
"95,9 : 0.2309"
"9,96 : 0.3239"
"96,9 : 0.3239"
"9,97 : 0.6607"
"97,9 : 0.6607"
"9,98 : 0.4205"
"98,9 : 0.4205"
"9,99 : 0.6576"
"99,9 : 0.6576"
"10,11 : 0.3479"
"11,10 : 0.3479"
"10,12 : 0.781"
"12,10 : 0.781"
"10,13 : 0.9214"
"13,10 : 0.9214"
"10,14 : 0.831"
"14,10 : 0.831"
"10,15 : 0.5948"
"15,10 : 0.5948"
"10,16 : 0.3256"
"16,10 : 0.3256"
"10,17 : 0.3114"
"17,10 : 0.3114"
"10,18 : 0.3922"
"18,10 : 0.3922"
"10,19 : 0.1924"
"19,10 : 0.1924"
"10,20 : 0.3544"
"20,10 : 0.3544"
"10,21 : 0.3501"
"21,10 : 0.3501"
"10,22 : 0.7224"
"22,10 : 0.7224"
"10,23 : 0.3748"
"23,10 : 0.3748"
"10,24 : 0.8824"
"24,10 : 0.8824"
"10,25 : 0.6021"
"25,10 : 0.6021"
"10,26 : 0.0762"
"26,10 : 0.0762"
"10,27 : 0.39"
"27,10 : 0.39"
"10,28 : 0.0922"
"28,10 : 0.0922"
"10,29 : 0.8728"
"29,10 : 0.8728"
"10,30 : 0.3413"
"30,10 : 0.3413"
"10,31 : 0.5049"
"31,10 : 0.5049"
"10,32 : 0.3544"
"32,10 : 0.3544"
"10,33 : 0.8571"
"33,10 : 0.8571"
"10,34 : 0.5504"
"34,10 : 0.5504"
"10,35 : 0.8659"
"35,10 : 0.8659"
"10,36 : 0.6177"
"36,10 : 0.6177"
"10,37 : 0.4522"
"37,10 : 0.4522"
"10,38 : 0.1315"
"38,10 : 0.1315"
"10,39 : 0.2717"
"39,10 : 0.2717"
"10,40 : 0.2915"
"40,10 : 0.2915"
"10,41 : 1.0155"
"41,10 : 1.0155"
"10,42 : 0.2691"
"42,10 : 0.2691"
"10,43 : 0.4308"
"43,10 : 0.4308"
"10,44 : 0.3941"
"44,10 : 0.3941"
"10,45 : 0.4022"
"45,10 : 0.4022"
"10,46 : 0.2102"
"46,10 : 0.2102"
"10,47 : 0.7145"
"47,10 : 0.7145"
"10,48 : 0.3929"
"48,10 : 0.3929"
"10,49 : 0.9176"
"49,10 : 0.9176"
"10,50 : 0.763"
"50,10 : 0.763"
"10,51 : 0.3624"
"51,10 : 0.3624"
"10,52 : 0.8756"
"52,10 : 0.8756"
"10,53 : 0.3081"
"53,10 : 0.3081"
"10,54 : 0.4327"
"54,10 : 0.4327"
"10,55 : 0.6868"
"55,10 : 0.6868"
"10,56 : 0.4554"
"56,10 : 0.4554"
"10,57 : 0.0539"
"57,10 : 0.0539"
"10,58 : 0.9391"
"58,10 : 0.9391"
"10,59 : 0.8374"
"59,10 : 0.8374"
"10,60 : 0.7021"
"60,10 : 0.7021"
"10,61 : 0.4441"
"61,10 : 0.4441"
"10,62 : 0.8062"
"62,10 : 0.8062"
"10,63 : 0.422"
"63,10 : 0.422"
"10,64 : 0.286"
"64,10 : 0.286"
"10,65 : 0.3231"
"65,10 : 0.3231"
"10,66 : 0.8621"
"66,10 : 0.8621"
"10,67 : 0.4144"
"67,10 : 0.4144"
"10,68 : 0.2693"
"68,10 : 0.2693"
"10,69 : 0.3688"
"69,10 : 0.3688"
"10,70 : 0.5906"
"70,10 : 0.5906"
"10,71 : 0.2617"
"71,10 : 0.2617"
"10,72 : 0.6774"
"72,10 : 0.6774"
"10,73 : 0.6083"
"73,10 : 0.6083"
"10,74 : 0.61"
"74,10 : 0.61"
"10,75 : 0.3114"
"75,10 : 0.3114"
"10,76 : 0.7816"
"76,10 : 0.7816"
"10,77 : 0.7788"
"77,10 : 0.7788"
"10,78 : 0.688"
"78,10 : 0.688"
"10,79 : 0.428"
"79,10 : 0.428"
"10,80 : 0.8188"
"80,10 : 0.8188"
"10,81 : 0.3764"
"81,10 : 0.3764"
"10,82 : 0.0707"
"82,10 : 0.0707"
"10,83 : 0.8984"
"83,10 : 0.8984"
"10,84 : 0.3401"
"84,10 : 0.3401"
"10,85 : 0.3996"
"85,10 : 0.3996"
"10,86 : 0.1924"
"86,10 : 0.1924"
"10,87 : 0.1105"
"87,10 : 0.1105"
"10,88 : 0.9071"
"88,10 : 0.9071"
"10,89 : 0.7741"
"89,10 : 0.7741"
"10,90 : 0.688"
"90,10 : 0.688"
"10,91 : 0.7855"
"91,10 : 0.7855"
"10,92 : 0.6268"
"92,10 : 0.6268"
"10,93 : 0.5471"
"93,10 : 0.5471"
"10,94 : 0.4875"
"94,10 : 0.4875"
"10,95 : 0.5247"
"95,10 : 0.5247"
"10,96 : 0.61"
"96,10 : 0.61"
"10,97 : 0.8814"
"97,10 : 0.8814"
"10,98 : 0.247"
"98,10 : 0.247"
"10,99 : 0.6294"
"99,10 : 0.6294"
"11,12 : 1.1122"
"12,11 : 1.1122"
"11,13 : 1.1902"
"13,11 : 1.1902"
"11,14 : 1.0102"
"14,11 : 1.0102"
"11,15 : 0.6428"
"15,11 : 0.6428"
"11,16 : 0.5077"
"16,11 : 0.5077"
"11,17 : 0.1414"
"17,11 : 0.1414"
"11,18 : 0.74"
"18,11 : 0.74"
"11,19 : 0.5385"
"19,11 : 0.5385"
"11,20 : 0.7021"
"20,11 : 0.7021"
"11,21 : 0.5604"
"21,11 : 0.5604"
"11,22 : 0.9841"
"22,11 : 0.9841"
"11,23 : 0.7049"
"23,11 : 0.7049"
"11,24 : 1.144"
"24,11 : 1.144"
"11,25 : 0.9483"
"25,11 : 0.9483"
"11,26 : 0.272"
"26,11 : 0.272"
"11,27 : 0.6718"
"27,11 : 0.6718"
"11,28 : 0.3106"
"28,11 : 0.3106"
"11,29 : 0.9419"
"29,11 : 0.9419"
"11,30 : 0.1404"
"30,11 : 0.1404"
"11,31 : 0.831"
"31,11 : 0.831"
"11,32 : 0.2102"
"32,11 : 0.2102"
"11,33 : 1.056"
"33,11 : 1.056"
"11,34 : 0.8969"
"34,11 : 0.8969"
"11,35 : 1.0927"
"35,11 : 1.0927"
"11,36 : 0.6507"
"36,11 : 0.6507"
"11,37 : 0.7918"
"37,11 : 0.7918"
"11,38 : 0.392"
"38,11 : 0.392"
"11,39 : 0.6161"
"39,11 : 0.6161"
"11,40 : 0.4391"
"40,11 : 0.4391"
"11,41 : 1.303"
"41,11 : 1.303"
"11,42 : 0.5968"
"42,11 : 0.5968"
"11,43 : 0.7072"
"43,11 : 0.7072"
"11,44 : 0.706"
"44,11 : 0.706"
"11,45 : 0.34"
"45,11 : 0.34"
"11,46 : 0.3842"
"46,11 : 0.3842"
"11,47 : 1.0404"
"47,11 : 1.0404"
"11,48 : 0.5413"
"48,11 : 0.5413"
"11,49 : 0.9701"
"49,11 : 0.9701"
"11,50 : 0.9801"
"50,11 : 0.9801"
"11,51 : 0.4026"
"51,11 : 0.4026"
"11,52 : 0.9675"
"52,11 : 0.9675"
"11,53 : 0.6485"
"53,11 : 0.6485"
"11,54 : 0.4785"
"54,11 : 0.4785"
"11,55 : 1.0151"
"55,11 : 1.0151"
"11,56 : 0.6882"
"56,11 : 0.6882"
"11,57 : 0.3551"
"57,11 : 0.3551"
"11,58 : 1.2104"
"58,11 : 1.2104"
"11,59 : 1.0559"
"59,11 : 1.0559"
"11,60 : 0.9228"
"60,11 : 0.9228"
"11,61 : 0.6742"
"61,11 : 0.6742"
"11,62 : 1.0065"
"62,11 : 1.0065"
"11,63 : 0.6748"
"63,11 : 0.6748"
"11,64 : 0.2973"
"64,11 : 0.2973"
"11,65 : 0.6707"
"65,11 : 0.6707"
"11,66 : 1.0069"
"66,11 : 1.0069"
"11,67 : 0.7622"
"67,11 : 0.7622"
"11,68 : 0.3895"
"68,11 : 0.3895"
"11,69 : 0.4002"
"69,11 : 0.4002"
"11,70 : 0.8769"
"70,11 : 0.8769"
"11,71 : 0.1565"
"71,11 : 0.1565"
"11,72 : 0.8132"
"72,11 : 0.8132"
"11,73 : 0.8914"
"73,11 : 0.8914"
"11,74 : 0.9557"
"74,11 : 0.9557"
"11,75 : 0.5532"
"75,11 : 0.5532"
"11,76 : 0.867"
"76,11 : 0.867"
"11,77 : 0.8201"
"77,11 : 0.8201"
"11,78 : 1.0288"
"78,11 : 1.0288"
"11,79 : 0.742"
"79,11 : 0.742"
"11,80 : 1.0242"
"80,11 : 1.0242"
"11,81 : 0.6963"
"81,11 : 0.6963"
"11,82 : 0.4123"
"82,11 : 0.4123"
"11,83 : 0.9725"
"83,11 : 0.9725"
"11,84 : 0.1204"
"84,11 : 0.1204"
"11,85 : 0.3202"
"85,11 : 0.3202"
"11,86 : 0.5004"
"86,11 : 0.5004"
"11,87 : 0.2506"
"87,11 : 0.2506"
"11,88 : 1.1325"
"88,11 : 1.1325"
"11,89 : 0.791"
"89,11 : 0.791"
"11,90 : 0.9829"
"90,11 : 0.9829"
"11,91 : 1.0752"
"91,11 : 1.0752"
"11,92 : 0.927"
"92,11 : 0.927"
"11,93 : 0.8417"
"93,11 : 0.8417"
"11,94 : 0.7708"
"94,11 : 0.7708"
"11,95 : 0.6815"
"95,11 : 0.6815"
"11,96 : 0.792"
"96,11 : 0.792"
"11,97 : 1.1481"
"97,11 : 1.1481"
"11,98 : 0.102"
"98,11 : 0.102"
"11,99 : 0.9772"
"99,11 : 0.9772"
"12,13 : 0.3859"
"13,12 : 0.3859"
"12,14 : 0.65"
"14,12 : 0.65"
"12,15 : 0.8705"
"15,12 : 0.8705"
"12,16 : 0.6841"
"16,12 : 0.6841"
"12,17 : 1.0242"
"17,12 : 1.0242"
"12,18 : 0.4357"
"18,12 : 0.4357"
"12,19 : 0.5941"
"19,12 : 0.5941"
"12,20 : 0.4771"
"20,12 : 0.4771"
"12,21 : 0.6282"
"21,12 : 0.6282"
"12,22 : 0.3712"
"22,12 : 0.3712"
"12,23 : 0.408"
"23,12 : 0.408"
"12,24 : 0.3982"
"24,12 : 0.3982"
"12,25 : 0.3801"
"25,12 : 0.3801"
"12,26 : 0.8543"
"26,12 : 0.8543"
"12,27 : 0.4713"
"27,12 : 0.4713"
"12,28 : 0.8559"
"28,12 : 0.8559"
"12,29 : 0.9305"
"29,12 : 0.9305"
"12,30 : 1.051"
"30,12 : 1.051"
"12,31 : 0.5787"
"31,12 : 0.5787"
"12,32 : 1.0216"
"32,12 : 1.0216"
"12,33 : 0.6022"
"33,12 : 0.6022"
"12,34 : 0.2879"
"34,12 : 0.2879"
"12,35 : 0.5174"
"35,12 : 0.5174"
"12,36 : 0.9009"
"36,12 : 0.9009"
"12,37 : 0.3324"
"37,12 : 0.3324"
"12,38 : 0.722"
"38,12 : 0.722"
"12,39 : 0.5743"
"39,12 : 0.5743"
"12,40 : 0.7463"
"40,12 : 0.7463"
"12,41 : 0.365"
"41,12 : 0.365"
"12,42 : 0.5161"
"42,12 : 0.5161"
"12,43 : 0.4512"
"43,12 : 0.4512"
"12,44 : 0.4115"
"44,12 : 0.4115"
"12,45 : 0.9684"
"45,12 : 0.9684"
"12,46 : 0.7564"
"46,12 : 0.7564"
"12,47 : 0.0806"
"47,12 : 0.0806"
"12,48 : 0.7102"
"48,12 : 0.7102"
"12,49 : 0.9879"
"49,12 : 0.9879"
"12,50 : 0.5235"
"50,12 : 0.5235"
"12,51 : 0.8587"
"51,12 : 0.8587"
"12,52 : 0.8824"
"52,12 : 0.8824"
"12,53 : 0.4742"
"53,12 : 0.4742"
"12,54 : 0.8516"
"54,12 : 0.8516"
"12,55 : 0.0985"
"55,12 : 0.0985"
"12,56 : 0.5324"
"56,12 : 0.5324"
"12,57 : 0.7993"
"57,12 : 0.7993"
"12,58 : 0.3847"
"58,12 : 0.3847"
"12,59 : 0.536"
"59,12 : 0.536"
"12,60 : 0.507"
"60,12 : 0.507"
"12,61 : 0.5433"
"61,12 : 0.5433"
"12,62 : 0.5831"
"62,12 : 0.5831"
"12,63 : 0.508"
"63,12 : 0.508"
"12,64 : 0.8932"
"64,12 : 0.8932"
"12,65 : 0.4841"
"65,12 : 0.4841"
"12,66 : 0.7518"
"66,12 : 0.7518"
"12,67 : 0.4168"
"67,12 : 0.4168"
"12,68 : 0.7877"
"68,12 : 0.7877"
"12,69 : 0.8683"
"69,12 : 0.8683"
"12,70 : 0.3206"
"70,12 : 0.3206"
"12,71 : 0.9801"
"71,12 : 0.9801"
"12,72 : 0.7203"
"72,12 : 0.7203"
"12,73 : 0.3225"
"73,12 : 0.3225"
"12,74 : 0.39"
"74,12 : 0.39"
"12,75 : 0.6008"
"75,12 : 0.6008"
"12,76 : 0.8573"
"76,12 : 0.8573"
"12,77 : 0.9437"
"77,12 : 0.9437"
"12,78 : 0.1315"
"78,12 : 0.1315"
"12,79 : 0.3758"
"79,12 : 0.3758"
"12,80 : 0.5714"
"80,12 : 0.5714"
"12,81 : 0.4168"
"81,12 : 0.4168"
"12,82 : 0.7355"
"82,12 : 0.7355"
"12,83 : 0.9323"
"83,12 : 0.9323"
"12,84 : 1.06"
"84,12 : 1.06"
"12,85 : 0.9837"
"85,12 : 0.9837"
"12,86 : 0.7301"
"86,12 : 0.7301"
"12,87 : 0.8627"
"87,12 : 0.8627"
"12,88 : 0.5374"
"88,12 : 0.5374"
"12,89 : 0.9866"
"89,12 : 0.9866"
"12,90 : 0.2435"
"90,12 : 0.2435"
"12,91 : 0.255"
"91,12 : 0.255"
"12,92 : 0.2508"
"92,12 : 0.2508"
"12,93 : 0.3214"
"93,12 : 0.3214"
"12,94 : 0.3946"
"94,12 : 0.3946"
"12,95 : 0.6703"
"95,12 : 0.6703"
"12,96 : 0.61"
"96,12 : 0.61"
"12,97 : 0.378"
"97,12 : 0.378"
"12,98 : 1.0183"
"98,12 : 1.0183"
"12,99 : 0.31"
"99,12 : 0.31"
"13,14 : 0.36"
"14,13 : 0.36"
"13,15 : 0.7341"
"15,13 : 0.7341"
"13,16 : 0.6868"
"16,13 : 0.6868"
"13,17 : 1.0696"
"17,13 : 1.0696"
"13,18 : 0.7006"
"18,13 : 0.7006"
"13,19 : 0.7749"
"19,13 : 0.7749"
"13,20 : 0.7325"
"20,13 : 0.7325"
"13,21 : 0.6313"
"21,13 : 0.6313"
"13,22 : 0.2062"
"22,13 : 0.2062"
