x,y
0.99,0.63
0.88,0.18
0.09,0.47
0.07,0.09
0.43,0.01
0.87,0.29
0.59,0.67
0.14,0.77
0.46,0.06
0.08,0.13
0.42,0.91
0.28,0.34
0.48,0.18
0.95,0.99
0.18,0.02
0.71,0.31
0.74,0.8
0.25,0.11
0.25,0.09
0.46,0.24
0.38,0.03
0.86,0.73
0.29,0.25
0.32,0.33
0.73,0.42
0.55,0.16
0.81,0.67
0.74,0.29
0.36,0.72
0.09,0.23
0.33,0.87
0.23,0.73
0.19,0.01
0.26,0.61
0.36,0.76
0.25,0.29
0.33,0.74
0.61,0.56
0.86,0.42
0.39,0.07
0.1,0.58
0.1,0.78
0.44,0.05
0.29,0.9
0.79,0.45
0.1,0.96
0.79,0.77
0.69,0.75
0.14,0.9
0.24,0.95
1.0,0.03
0.94,0.05
0.94,0.77
0.71,0.63
0.4,0.71
0.22,0.17
0.57,0.84
0.57,0.98
0.94,0.52
0.48,0.18
0.37,0.54
0.35,0.26
0.91,0.24
0.98,0.09
0.49,0.6
0.02,0.05
0.05,0.29
0.46,0.9
0.92,0.53
0.11,0.65
0.26,0.78
0.08,0.43
0.41,0.55
0.93,0.82
0.37,0.08
0.87,0.27
0.19,0.89
0.71,0.78
0.56,0.06
0.37,0.67
0.42,0.94
0.51,0.79
0.29,0.52
0.3,0.71
0.63,0.41
0.25,0.46
0.25,0.02
0.85,0.62
0.37,0.51
0.85,0.46
0.88,0.8
0.31,0.08
0.12,0.89
0.43,0.23
0.85,0.87
0.03,0.63
0.15,0.76
0.21,0.52
0.48,0.47
0.47,0.51

Distanze
"0,1 : 0.4632"
"1,0 : 0.4632"
"0,2 : 0.9141"
"2,0 : 0.9141"
"0,3 : 1.0668"
"3,0 : 1.0668"
"0,4 : 0.8355"
"4,0 : 0.8355"
"0,5 : 0.3606"
"5,0 : 0.3606"
"0,6 : 0.402"
"6,0 : 0.402"
"0,7 : 0.8615"
"7,0 : 0.8615"
"0,8 : 0.7783"
"8,0 : 0.7783"
"0,9 : 1.0383"
"9,0 : 1.0383"
"0,10 : 0.6351"
"10,0 : 0.6351"
"0,11 : 0.7669"
"11,0 : 0.7669"
"0,12 : 0.6801"
"12,0 : 0.6801"
"0,13 : 0.3622"
"13,0 : 0.3622"
"0,14 : 1.014"
"14,0 : 1.014"
"0,15 : 0.4252"
"15,0 : 0.4252"
"0,16 : 0.3023"
"16,0 : 0.3023"
"0,17 : 0.9044"
"17,0 : 0.9044"
"0,18 : 0.9161"
"18,0 : 0.9161"
"0,19 : 0.658"
"19,0 : 0.658"
"0,20 : 0.8556"
"20,0 : 0.8556"
"0,21 : 0.164"
"21,0 : 0.164"
"0,22 : 0.7965"
"22,0 : 0.7965"
"0,23 : 0.7341"
"23,0 : 0.7341"
"0,24 : 0.3342"
"24,0 : 0.3342"
"0,25 : 0.6438"
"25,0 : 0.6438"
"0,26 : 0.1844"
"26,0 : 0.1844"
"0,27 : 0.422"
"27,0 : 0.422"
"0,28 : 0.6364"
"28,0 : 0.6364"
"0,29 : 0.9849"
"29,0 : 0.9849"
"0,30 : 0.7023"
"30,0 : 0.7023"
"0,31 : 0.7666"
"31,0 : 0.7666"
"0,32 : 1.0121"
"32,0 : 1.0121"
"0,33 : 0.7303"
"33,0 : 0.7303"
"0,34 : 0.6433"
"34,0 : 0.6433"
"0,35 : 0.8144"
"35,0 : 0.8144"
"0,36 : 0.6691"
"36,0 : 0.6691"
"0,37 : 0.3864"
"37,0 : 0.3864"
"0,38 : 0.247"
"38,0 : 0.247"
"0,39 : 0.8207"
"39,0 : 0.8207"
"0,40 : 0.8914"
"40,0 : 0.8914"
"0,41 : 0.9026"
"41,0 : 0.9026"
"0,42 : 0.7993"
"42,0 : 0.7993"
"0,43 : 0.7503"
"43,0 : 0.7503"
"0,44 : 0.2691"
"44,0 : 0.2691"
"0,45 : 0.9492"
"45,0 : 0.9492"
"0,46 : 0.2441"
"46,0 : 0.2441"
"0,47 : 0.3231"
"47,0 : 0.3231"
"0,48 : 0.8919"
"48,0 : 0.8919"
"0,49 : 0.8154"
"49,0 : 0.8154"
"0,50 : 0.6001"
"50,0 : 0.6001"
"0,51 : 0.5822"
"51,0 : 0.5822"
"0,52 : 0.1487"
"52,0 : 0.1487"
"0,53 : 0.28"
"53,0 : 0.28"
"0,54 : 0.5954"
"54,0 : 0.5954"
"0,55 : 0.8969"
"55,0 : 0.8969"
"0,56 : 0.4696"
"56,0 : 0.4696"
"0,57 : 0.5467"
"57,0 : 0.5467"
"0,58 : 0.1208"
"58,0 : 0.1208"
"0,59 : 0.6801"
"59,0 : 0.6801"
"0,60 : 0.6265"
"60,0 : 0.6265"
"0,61 : 0.7393"
"61,0 : 0.7393"
"0,62 : 0.3981"
"62,0 : 0.3981"
"0,63 : 0.5401"
"63,0 : 0.5401"
"0,64 : 0.5009"
"64,0 : 0.5009"
"0,65 : 1.1302"
"65,0 : 1.1302"
"0,66 : 0.9996"
"66,0 : 0.9996"
"0,67 : 0.5948"
"67,0 : 0.5948"
"0,68 : 0.1221"
"68,0 : 0.1221"
"0,69 : 0.8802"
"69,0 : 0.8802"
"0,70 : 0.7453"
"70,0 : 0.7453"
"0,71 : 0.9317"
"71,0 : 0.9317"
"0,72 : 0.5855"
"72,0 : 0.5855"
"0,73 : 0.1992"
"73,0 : 0.1992"
"0,74 : 0.8288"
"74,0 : 0.8288"
"0,75 : 0.3795"
"75,0 : 0.3795"
"0,76 : 0.8412"
"76,0 : 0.8412"
"0,77 : 0.3176"
"77,0 : 0.3176"
"0,78 : 0.714"
"78,0 : 0.714"
"0,79 : 0.6213"
"79,0 : 0.6213"
"0,80 : 0.6488"
"80,0 : 0.6488"
"0,81 : 0.506"
"81,0 : 0.506"
"0,82 : 0.7086"
"82,0 : 0.7086"
"0,83 : 0.6946"
"83,0 : 0.6946"
"0,84 : 0.4219"
"84,0 : 0.4219"
"0,85 : 0.7593"
"85,0 : 0.7593"
"0,86 : 0.959"
"86,0 : 0.959"
"0,87 : 0.1404"
"87,0 : 0.1404"
"0,88 : 0.6315"
"88,0 : 0.6315"
"0,89 : 0.2202"
"89,0 : 0.2202"
"0,90 : 0.2025"
"90,0 : 0.2025"
"0,91 : 0.8746"
"91,0 : 0.8746"
"0,92 : 0.908"
"92,0 : 0.908"
"0,93 : 0.6882"
"93,0 : 0.6882"
"0,94 : 0.2778"
"94,0 : 0.2778"
"0,95 : 0.96"
"95,0 : 0.96"
"0,96 : 0.85"
"96,0 : 0.85"
"0,97 : 0.7877"
"97,0 : 0.7877"
"0,98 : 0.5345"
"98,0 : 0.5345"
"0,99 : 0.5337"
"99,0 : 0.5337"
"1,2 : 0.8415"
"2,1 : 0.8415"
"1,3 : 0.815"
"3,1 : 0.815"
"1,4 : 0.481"
"4,1 : 0.481"
"1,5 : 0.1105"
"5,1 : 0.1105"
"1,6 : 0.5694"
"6,1 : 0.5694"
"1,7 : 0.9464"
"7,1 : 0.9464"
"1,8 : 0.4368"
"8,1 : 0.4368"
"1,9 : 0.8016"
"9,1 : 0.8016"
"1,10 : 0.8628"
"10,1 : 0.8628"
"1,11 : 0.621"
"11,1 : 0.621"
"1,12 : 0.4"
"12,1 : 0.4"
"1,13 : 0.813"
"13,1 : 0.813"
"1,14 : 0.7181"
"14,1 : 0.7181"
"1,15 : 0.214"
"15,1 : 0.214"
"1,16 : 0.6356"
"16,1 : 0.6356"
"1,17 : 0.6339"
"17,1 : 0.6339"
"1,18 : 0.6364"
"18,1 : 0.6364"
"1,19 : 0.4243"
"19,1 : 0.4243"
"1,20 : 0.522"
"20,1 : 0.522"
"1,21 : 0.5504"
"21,1 : 0.5504"
"1,22 : 0.5941"
"22,1 : 0.5941"
"1,23 : 0.5797"
"23,1 : 0.5797"
"1,24 : 0.283"
"24,1 : 0.283"
"1,25 : 0.3306"
"25,1 : 0.3306"
"1,26 : 0.495"
"26,1 : 0.495"
"1,27 : 0.178"
"27,1 : 0.178"
"1,28 : 0.7497"
"28,1 : 0.7497"
"1,29 : 0.7916"
"29,1 : 0.7916"
"1,30 : 0.8824"
"30,1 : 0.8824"
"1,31 : 0.8515"
"31,1 : 0.8515"
"1,32 : 0.7106"
"32,1 : 0.7106"
"1,33 : 0.7545"
"33,1 : 0.7545"
"1,34 : 0.779"
"34,1 : 0.779"
"1,35 : 0.6395"
"35,1 : 0.6395"
"1,36 : 0.7849"
"36,1 : 0.7849"
"1,37 : 0.4662"
"37,1 : 0.4662"
"1,38 : 0.2408"
"38,1 : 0.2408"
"1,39 : 0.5022"
"39,1 : 0.5022"
"1,40 : 0.8766"
"40,1 : 0.8766"
"1,41 : 0.9841"
"41,1 : 0.9841"
"1,42 : 0.4588"
"42,1 : 0.4588"
"1,43 : 0.9309"
"43,1 : 0.9309"
"1,44 : 0.2846"
"44,1 : 0.2846"
"1,45 : 1.1031"
"45,1 : 1.1031"
"1,46 : 0.5968"
"46,1 : 0.5968"
"1,47 : 0.6008"
"47,1 : 0.6008"
"1,48 : 1.0325"
"48,1 : 1.0325"
"1,49 : 1.0012"
"49,1 : 1.0012"
"1,50 : 0.1921"
"50,1 : 0.1921"
"1,51 : 0.1432"
"51,1 : 0.1432"
"1,52 : 0.593"
"52,1 : 0.593"
"1,53 : 0.481"
"53,1 : 0.481"
"1,54 : 0.7151"
"54,1 : 0.7151"
"1,55 : 0.6601"
"55,1 : 0.6601"
"1,56 : 0.7292"
"56,1 : 0.7292"
"1,57 : 0.858"
"57,1 : 0.858"
"1,58 : 0.3453"
"58,1 : 0.3453"
"1,59 : 0.4"
"59,1 : 0.4"
"1,60 : 0.6243"
"60,1 : 0.6243"
"1,61 : 0.536"
"61,1 : 0.536"
"1,62 : 0.0671"
"62,1 : 0.0671"
"1,63 : 0.1345"
"63,1 : 0.1345"
"1,64 : 0.5731"
"64,1 : 0.5731"
"1,65 : 0.8698"
"65,1 : 0.8698"
"1,66 : 0.8373"
"66,1 : 0.8373"
"1,67 : 0.8335"
"67,1 : 0.8335"
"1,68 : 0.3523"
"68,1 : 0.3523"
"1,69 : 0.9021"
"69,1 : 0.9021"
"1,70 : 0.8628"
"70,1 : 0.8628"
"1,71 : 0.8382"
"71,1 : 0.8382"
"1,72 : 0.5982"
"72,1 : 0.5982"
"1,73 : 0.642"
"73,1 : 0.642"
"1,74 : 0.5197"
"74,1 : 0.5197"
"1,75 : 0.0906"
"75,1 : 0.0906"
"1,76 : 0.9901"
"76,1 : 0.9901"
"1,77 : 0.6236"
"77,1 : 0.6236"
"1,78 : 0.3418"
"78,1 : 0.3418"
"1,79 : 0.7072"
"79,1 : 0.7072"
"1,80 : 0.8884"
"80,1 : 0.8884"
"1,81 : 0.7134"
"81,1 : 0.7134"
"1,82 : 0.681"
"82,1 : 0.681"
"1,83 : 0.7857"
"83,1 : 0.7857"
"1,84 : 0.3397"
"84,1 : 0.3397"
"1,85 : 0.6894"
"85,1 : 0.6894"
"1,86 : 0.65"
"86,1 : 0.65"
"1,87 : 0.441"
"87,1 : 0.441"
"1,88 : 0.6075"
"88,1 : 0.6075"
"1,89 : 0.2816"
"89,1 : 0.2816"
"1,90 : 0.62"
"90,1 : 0.62"
"1,91 : 0.5787"
"91,1 : 0.5787"
"1,92 : 1.04"
"92,1 : 1.04"
"1,93 : 0.4528"
"93,1 : 0.4528"
"1,94 : 0.6907"
"94,1 : 0.6907"
"1,95 : 0.9618"
"95,1 : 0.9618"
"1,96 : 0.9324"
"96,1 : 0.9324"
"1,97 : 0.7513"
"97,1 : 0.7513"
"1,98 : 0.4941"
"98,1 : 0.4941"
"1,99 : 0.5263"
"99,1 : 0.5263"
"2,3 : 0.3805"
"3,2 : 0.3805"
"2,4 : 0.572"
"4,2 : 0.572"
"2,5 : 0.8005"
"5,2 : 0.8005"
"2,6 : 0.5385"
"6,2 : 0.5385"
"2,7 : 0.3041"
"7,2 : 0.3041"
"2,8 : 0.5523"
"8,2 : 0.5523"
"2,9 : 0.3401"
"9,2 : 0.3401"
"2,10 : 0.55"
"10,2 : 0.55"
"2,11 : 0.2302"
"11,2 : 0.2302"
"2,12 : 0.486"
"12,2 : 0.486"
"2,13 : 1.005"
"13,2 : 1.005"
"2,14 : 0.4589"
"14,2 : 0.4589"
"2,15 : 0.6403"
"15,2 : 0.6403"
"2,16 : 0.729"
"16,2 : 0.729"
"2,17 : 0.394"
"17,2 : 0.394"
"2,18 : 0.4123"
"18,2 : 0.4123"
"2,19 : 0.4357"
"19,2 : 0.4357"
"2,20 : 0.527"
"20,2 : 0.527"
"2,21 : 0.8127"
"21,2 : 0.8127"
"2,22 : 0.2973"
"22,2 : 0.2973"
"2,23 : 0.2693"
"23,2 : 0.2693"
"2,24 : 0.642"
"24,2 : 0.642"
"2,25 : 0.5547"
"25,2 : 0.5547"
"2,26 : 0.7473"
"26,2 : 0.7473"
"2,27 : 0.6745"
"27,2 : 0.6745"
"2,28 : 0.368"
"28,2 : 0.368"
"2,29 : 0.24"
"29,2 : 0.24"
"2,30 : 0.4665"
"30,2 : 0.4665"
"2,31 : 0.2953"
"31,2 : 0.2953"
"2,32 : 0.4707"
"32,2 : 0.4707"
"2,33 : 0.2202"
"33,2 : 0.2202"
"2,34 : 0.3962"
"34,2 : 0.3962"
"2,35 : 0.2408"
"35,2 : 0.2408"
"2,36 : 0.3612"
"36,2 : 0.3612"
"2,37 : 0.5277"
"37,2 : 0.5277"
"2,38 : 0.7716"
"38,2 : 0.7716"
"2,39 : 0.5"
"39,2 : 0.5"
"2,40 : 0.1105"
"40,2 : 0.1105"
"2,41 : 0.3102"
"41,2 : 0.3102"
"2,42 : 0.5467"
"42,2 : 0.5467"
"2,43 : 0.4742"
"43,2 : 0.4742"
"2,44 : 0.7003"
"44,2 : 0.7003"
"2,45 : 0.4901"
"45,2 : 0.4901"
"2,46 : 0.7616"
"46,2 : 0.7616"
"2,47 : 0.6621"
"47,2 : 0.6621"
"2,48 : 0.4329"
"48,2 : 0.4329"
"2,49 : 0.5029"
"49,2 : 0.5029"
"2,50 : 1.0108"
"50,2 : 1.0108"
"2,51 : 0.9481"
"51,2 : 0.9481"
"2,52 : 0.9014"
"52,2 : 0.9014"
"2,53 : 0.6403"
"53,2 : 0.6403"
"2,54 : 0.392"
"54,2 : 0.392"
"2,55 : 0.327"
"55,2 : 0.327"
"2,56 : 0.6061"
"56,2 : 0.6061"
"2,57 : 0.7004"
"57,2 : 0.7004"
"2,58 : 0.8515"
"58,2 : 0.8515"
"2,59 : 0.486"
"59,2 : 0.486"
"2,60 : 0.2886"
"60,2 : 0.2886"
"2,61 : 0.3342"
"61,2 : 0.3342"
"2,62 : 0.8516"
"62,2 : 0.8516"
"2,63 : 0.9677"
"63,2 : 0.9677"
"2,64 : 0.4206"
"64,2 : 0.4206"
"2,65 : 0.4258"
"65,2 : 0.4258"
"2,66 : 0.1844"
"66,2 : 0.1844"
"2,67 : 0.5673"
"67,2 : 0.5673"
"2,68 : 0.8322"
"68,2 : 0.8322"
"2,69 : 0.1811"
"69,2 : 0.1811"
"2,70 : 0.3536"
"70,2 : 0.3536"
"2,71 : 0.0412"
"71,2 : 0.0412"
"2,72 : 0.3298"
"72,2 : 0.3298"
"2,73 : 0.91"
"73,2 : 0.91"
"2,74 : 0.4801"
"74,2 : 0.4801"
"2,75 : 0.8052"
"75,2 : 0.8052"
"2,76 : 0.4317"
"76,2 : 0.4317"
"2,77 : 0.6932"
"77,2 : 0.6932"
"2,78 : 0.6237"
"78,2 : 0.6237"
"2,79 : 0.3441"
"79,2 : 0.3441"
"2,80 : 0.5743"
"80,2 : 0.5743"
"2,81 : 0.528"
"81,2 : 0.528"
"2,82 : 0.2062"
"82,2 : 0.2062"
"2,83 : 0.3189"
"83,2 : 0.3189"
"2,84 : 0.5433"
"84,2 : 0.5433"
"2,85 : 0.1603"
"85,2 : 0.1603"
"2,86 : 0.4776"
"86,2 : 0.4776"
"2,87 : 0.7747"
"87,2 : 0.7747"
"2,88 : 0.2828"
"88,2 : 0.2828"
"2,89 : 0.7601"
"89,2 : 0.7601"
"2,90 : 0.8562"
"90,2 : 0.8562"
"2,91 : 0.4478"
"91,2 : 0.4478"
"2,92 : 0.4211"
"92,2 : 0.4211"
"2,93 : 0.4162"
"93,2 : 0.4162"
"2,94 : 0.8588"
"94,2 : 0.8588"
"2,95 : 0.1709"
"95,2 : 0.1709"
"2,96 : 0.2961"
"96,2 : 0.2961"
"2,97 : 0.13"
"97,2 : 0.13"
"2,98 : 0.39"
"98,2 : 0.39"
"2,99 : 0.3821"
"99,2 : 0.3821"
"3,4 : 0.3688"
"4,3 : 0.3688"
"3,5 : 0.8246"
"5,3 : 0.8246"
"3,6 : 0.779"
"6,3 : 0.779"
"3,7 : 0.6836"
"7,3 : 0.6836"
"3,8 : 0.3912"
"8,3 : 0.3912"
"3,9 : 0.0412"
"9,3 : 0.0412"
"3,10 : 0.8916"
"10,3 : 0.8916"
"3,11 : 0.3265"
"11,3 : 0.3265"
"3,12 : 0.4198"
"12,3 : 0.4198"
"3,13 : 1.2587"
"13,3 : 1.2587"
"3,14 : 0.1304"
"14,3 : 0.1304"
"3,15 : 0.6768"
"15,3 : 0.6768"
"3,16 : 0.9762"
"16,3 : 0.9762"
"3,17 : 0.1811"
"17,3 : 0.1811"
"3,18 : 0.18"
"18,3 : 0.18"
"3,19 : 0.4179"
"19,3 : 0.4179"
"3,20 : 0.3158"
"20,3 : 0.3158"
"3,21 : 1.0167"
"21,3 : 1.0167"
"3,22 : 0.272"
"22,3 : 0.272"
"3,23 : 0.3466"
"23,3 : 0.3466"
"3,24 : 0.7379"
"24,3 : 0.7379"
"3,25 : 0.4851"
"25,3 : 0.4851"
"3,26 : 0.9402"
"26,3 : 0.9402"
"3,27 : 0.6992"
"27,3 : 0.6992"
"3,28 : 0.6935"
"28,3 : 0.6935"
"3,29 : 0.1414"
"29,3 : 0.1414"
"3,30 : 0.8222"
"30,3 : 0.8222"
"3,31 : 0.6597"
"31,3 : 0.6597"
"3,32 : 0.1442"
"32,3 : 0.1442"
"3,33 : 0.5536"
"33,3 : 0.5536"
"3,34 : 0.7301"
"34,3 : 0.7301"
"3,35 : 0.2691"
"35,3 : 0.2691"
"3,36 : 0.7001"
"36,3 : 0.7001"
"3,37 : 0.7159"
"37,3 : 0.7159"
"3,38 : 0.8562"
"38,3 : 0.8562"
"3,39 : 0.3206"
"39,3 : 0.3206"
"3,40 : 0.4909"
"40,3 : 0.4909"
"3,41 : 0.6907"
"41,3 : 0.6907"
"3,42 : 0.3722"
"42,3 : 0.3722"
"3,43 : 0.8393"
"43,3 : 0.8393"
"3,44 : 0.805"
"44,3 : 0.805"
"3,45 : 0.8705"
"45,3 : 0.8705"
"3,46 : 0.9904"
"46,3 : 0.9904"
"3,47 : 0.9055"
"47,3 : 0.9055"
"3,48 : 0.813"
"48,3 : 0.813"
"3,49 : 0.8766"
"49,3 : 0.8766"
"3,50 : 0.9319"
"50,3 : 0.9319"
"3,51 : 0.8709"
"51,3 : 0.8709"
"3,52 : 1.1042"
"52,3 : 1.1042"
"3,53 : 0.8374"
"53,3 : 0.8374"
"3,54 : 0.7024"
"54,3 : 0.7024"
"3,55 : 0.17"
"55,3 : 0.17"
"3,56 : 0.9014"
"56,3 : 0.9014"
"3,57 : 1.0208"
"57,3 : 1.0208"
"3,58 : 0.9705"
"58,3 : 0.9705"
"3,59 : 0.4198"
"59,3 : 0.4198"
"3,60 : 0.5408"
"60,3 : 0.5408"
"3,61 : 0.3276"
"61,3 : 0.3276"
"3,62 : 0.8533"
"62,3 : 0.8533"
"3,63 : 0.91"
"63,3 : 0.91"
"3,64 : 0.6607"
"64,3 : 0.6607"
"3,65 : 0.064"
"65,3 : 0.064"
"3,66 : 0.201"
"66,3 : 0.201"
"3,67 : 0.899"
"67,3 : 0.899"
"3,68 : 0.9571"
"68,3 : 0.9571"
"3,69 : 0.5614"
"69,3 : 0.5614"
"3,70 : 0.7157"
"70,3 : 0.7157"
"3,71 : 0.3401"
"71,3 : 0.3401"
"3,72 : 0.572"
"72,3 : 0.572"
"3,73 : 1.1281"
"73,3 : 1.1281"
"3,74 : 0.3002"
"74,3 : 0.3002"
"3,75 : 0.82"
"75,3 : 0.82"
"3,76 : 0.8089"
"76,3 : 0.8089"
"3,77 : 0.9411"
"77,3 : 0.9411"
"3,78 : 0.4909"
"78,3 : 0.4909"
"3,79 : 0.653"
"79,3 : 0.653"
"3,80 : 0.9192"
"80,3 : 0.9192"
"3,81 : 0.8268"
"81,3 : 0.8268"
"3,82 : 0.483"
"82,3 : 0.483"
"3,83 : 0.6613"
"83,3 : 0.6613"
"3,84 : 0.645"
"84,3 : 0.645"
"3,85 : 0.4115"
"85,3 : 0.4115"
"3,86 : 0.1931"
"86,3 : 0.1931"
"3,87 : 0.943"
"87,3 : 0.943"
"3,88 : 0.5161"
"88,3 : 0.5161"
"3,89 : 0.8633"
"89,3 : 0.8633"
"3,90 : 1.0771"
"90,3 : 1.0771"
"3,91 : 0.2402"
"91,3 : 0.2402"
"3,92 : 0.8016"
"92,3 : 0.8016"
"3,93 : 0.3863"
"93,3 : 0.3863"
"3,94 : 1.1031"
"94,3 : 1.1031"
"3,95 : 0.5415"
"95,3 : 0.5415"
"3,96 : 0.6748"
"96,3 : 0.6748"
"3,97 : 0.4522"
"97,3 : 0.4522"
"3,98 : 0.559"
"98,3 : 0.559"
"3,99 : 0.58"
"99,3 : 0.58"
"4,5 : 0.5215"
"5,4 : 0.5215"
"4,6 : 0.6791"
"6,4 : 0.6791"
"4,7 : 0.8134"
"7,4 : 0.8134"
"4,8 : 0.0583"
"8,4 : 0.0583"
"4,9 : 0.37"
"9,4 : 0.37"
"4,10 : 0.9001"
"10,4 : 0.9001"
"4,11 : 0.3625"
"11,4 : 0.3625"
"4,12 : 0.1772"
"12,4 : 0.1772"
"4,13 : 1.1094"
"13,4 : 1.1094"
"4,14 : 0.2502"
"14,4 : 0.2502"
"4,15 : 0.4104"
"15,4 : 0.4104"
"4,16 : 0.8486"
"16,4 : 0.8486"
"4,17 : 0.2059"
"17,4 : 0.2059"
"4,18 : 0.197"
"18,4 : 0.197"
"4,19 : 0.2319"
"19,4 : 0.2319"
"4,20 : 0.0539"
"20,4 : 0.0539"
"4,21 : 0.8386"
"21,4 : 0.8386"
"4,22 : 0.2778"
"22,4 : 0.2778"
"4,23 : 0.3384"
"23,4 : 0.3384"
"4,24 : 0.508"
"24,4 : 0.508"
"4,25 : 0.1921"
"25,4 : 0.1921"
"4,26 : 0.7616"
"26,4 : 0.7616"
"4,27 : 0.4177"
"27,4 : 0.4177"
"4,28 : 0.7134"
"28,4 : 0.7134"
"4,29 : 0.405"
"29,4 : 0.405"
"4,30 : 0.8658"
"30,4 : 0.8658"
"4,31 : 0.7473"
"31,4 : 0.7473"
"4,32 : 0.24"
"32,4 : 0.24"
"4,33 : 0.6236"
"33,4 : 0.6236"
"4,34 : 0.7533"
"34,4 : 0.7533"
"4,35 : 0.3329"
"35,4 : 0.3329"
"4,36 : 0.7368"
"36,4 : 0.7368"
"4,37 : 0.5787"
"37,4 : 0.5787"
"4,38 : 0.5941"
"38,4 : 0.5941"
"4,39 : 0.0721"
"39,4 : 0.0721"
"4,40 : 0.6586"
"40,4 : 0.6586"
"4,41 : 0.8377"
"41,4 : 0.8377"
"4,42 : 0.0412"
"42,4 : 0.0412"
"4,43 : 0.9009"
"43,4 : 0.9009"
"4,44 : 0.5685"
"44,4 : 0.5685"
"4,45 : 1.0057"
"45,4 : 1.0057"
"4,46 : 0.841"
"46,4 : 0.841"
"4,47 : 0.7843"
"47,4 : 0.7843"
"4,48 : 0.9361"
"48,4 : 0.9361"
"4,49 : 0.959"
"49,4 : 0.959"
"4,50 : 0.5704"
"50,4 : 0.5704"
"4,51 : 0.5116"
"51,4 : 0.5116"
"4,52 : 0.9153"
"52,4 : 0.9153"
"4,53 : 0.6803"
"53,4 : 0.6803"
"4,54 : 0.7006"
"54,4 : 0.7006"
"4,55 : 0.264"
"55,4 : 0.264"
"4,56 : 0.8417"
"56,4 : 0.8417"
"4,57 : 0.9801"
"57,4 : 0.9801"
"4,58 : 0.7212"
"58,4 : 0.7212"
"4,59 : 0.1772"
"59,4 : 0.1772"
"4,60 : 0.5334"
"60,4 : 0.5334"
"4,61 : 0.2625"
"61,4 : 0.2625"
"4,62 : 0.5323"
"62,4 : 0.5323"
"4,63 : 0.5558"
"63,4 : 0.5558"
"4,64 : 0.593"
"64,4 : 0.593"
"4,65 : 0.4119"
"65,4 : 0.4119"
"4,66 : 0.472"
"66,4 : 0.472"
"4,67 : 0.8905"
"67,4 : 0.8905"
"4,68 : 0.7145"
"68,4 : 0.7145"
"4,69 : 0.7155"
"69,4 : 0.7155"
"4,70 : 0.7885"
"70,4 : 0.7885"
"4,71 : 0.5467"
"71,4 : 0.5467"
"4,72 : 0.5404"
"72,4 : 0.5404"
"4,73 : 0.9519"
"73,4 : 0.9519"
"4,74 : 0.0922"
"74,4 : 0.0922"
"4,75 : 0.5111"
"75,4 : 0.5111"
"4,76 : 0.9121"
"76,4 : 0.9121"
"4,77 : 0.8193"
"77,4 : 0.8193"
"4,78 : 0.1393"
"78,4 : 0.1393"
"4,79 : 0.6627"
"79,4 : 0.6627"
"4,80 : 0.9301"
"80,4 : 0.9301"
"4,81 : 0.7841"
"81,4 : 0.7841"
"4,82 : 0.5289"
"82,4 : 0.5289"
"4,83 : 0.712"
"83,4 : 0.712"
"4,84 : 0.4472"
"84,4 : 0.4472"
"4,85 : 0.4847"
"85,4 : 0.4847"
"4,86 : 0.1803"
"86,4 : 0.1803"
"4,87 : 0.7406"
"87,4 : 0.7406"
"4,88 : 0.5036"
"88,4 : 0.5036"
"4,89 : 0.6155"
"89,4 : 0.6155"
"4,90 : 0.9092"
"90,4 : 0.9092"
"4,91 : 0.1389"
"91,4 : 0.1389"
"4,92 : 0.933"
"92,4 : 0.933"
"4,93 : 0.22"
"93,4 : 0.22"
"4,94 : 0.9571"
"94,4 : 0.9571"
"4,95 : 0.7378"
"95,4 : 0.7378"
"4,96 : 0.8006"
"96,4 : 0.8006"
"4,97 : 0.5554"
"97,4 : 0.5554"
"4,98 : 0.4627"
"98,4 : 0.4627"
"4,99 : 0.5016"
"99,4 : 0.5016"
"5,6 : 0.472"
"6,5 : 0.472"
"5,7 : 0.8737"
"7,5 : 0.8737"
"5,8 : 0.4701"
"8,5 : 0.4701"
"5,9 : 0.806"
"9,5 : 0.806"
"5,10 : 0.7661"
"10,5 : 0.7661"
"5,11 : 0.5921"
"11,5 : 0.5921"
"5,12 : 0.4052"
"12,5 : 0.4052"
"5,13 : 0.7046"
"13,5 : 0.7046"
"5,14 : 0.7409"
"14,5 : 0.7409"
"5,15 : 0.1612"
"15,5 : 0.1612"
"5,16 : 0.5263"
"16,5 : 0.5263"
"5,17 : 0.6456"
"17,5 : 0.6456"
"5,18 : 0.6515"
"18,5 : 0.6515"
"5,19 : 0.413"
"19,5 : 0.413"
"5,20 : 0.5547"
"20,5 : 0.5547"
"5,21 : 0.4401"
"21,5 : 0.4401"
"5,22 : 0.5814"
"22,5 : 0.5814"
"5,23 : 0.5515"
"23,5 : 0.5515"
"5,24 : 0.191"
"24,5 : 0.191"
"5,25 : 0.3454"
"25,5 : 0.3454"
"5,26 : 0.3847"
"26,5 : 0.3847"
"5,27 : 0.13"
"27,5 : 0.13"
"5,28 : 0.6671"
"28,5 : 0.6671"
"5,29 : 0.7823"
"29,5 : 0.7823"
"5,30 : 0.7925"
"30,5 : 0.7925"
"5,31 : 0.7767"
"31,5 : 0.7767"
"5,32 : 0.7354"
"32,5 : 0.7354"
"5,33 : 0.6888"
"33,5 : 0.6888"
"5,34 : 0.6935"
"34,5 : 0.6935"
"5,35 : 0.62"
"35,5 : 0.62"
"5,36 : 0.7029"
"36,5 : 0.7029"
"5,37 : 0.3748"
"37,5 : 0.3748"
"5,38 : 0.1304"
"38,5 : 0.1304"
"5,39 : 0.528"
"39,5 : 0.528"
"5,40 : 0.8228"
"40,5 : 0.8228"
"5,41 : 0.9127"
"41,5 : 0.9127"
"5,42 : 0.4924"
"42,5 : 0.4924"
"5,43 : 0.8417"
"43,5 : 0.8417"
"5,44 : 0.1789"
"44,5 : 0.1789"
"5,45 : 1.0207"
"45,5 : 1.0207"
"5,46 : 0.4866"
"46,5 : 0.4866"
"5,47 : 0.494"
"47,5 : 0.494"
"5,48 : 0.9513"
"48,5 : 0.9513"
"5,49 : 0.9124"
"49,5 : 0.9124"
"5,50 : 0.2907"
"50,5 : 0.2907"
"5,51 : 0.25"
"51,5 : 0.25"
"5,52 : 0.4851"
"52,5 : 0.4851"
"5,53 : 0.3758"
"53,5 : 0.3758"
"5,54 : 0.6303"
"54,5 : 0.6303"
"5,55 : 0.661"
"55,5 : 0.661"
"5,56 : 0.6265"
"56,5 : 0.6265"
"5,57 : 0.7524"
"57,5 : 0.7524"
"5,58 : 0.2404"
"58,5 : 0.2404"
"5,59 : 0.4052"
"59,5 : 0.4052"
"5,60 : 0.559"
"60,5 : 0.559"
"5,61 : 0.5209"
"61,5 : 0.5209"
"5,62 : 0.064"
"62,5 : 0.064"
"5,63 : 0.2283"
"63,5 : 0.2283"
"5,64 : 0.4904"
"64,5 : 0.4904"
"5,65 : 0.8832"
"65,5 : 0.8832"
"5,66 : 0.82"
"66,5 : 0.82"
"5,67 : 0.735"
"67,5 : 0.735"
"5,68 : 0.2452"
"68,5 : 0.2452"
"5,69 : 0.841"
"69,5 : 0.841"
"5,70 : 0.7824"
"70,5 : 0.7824"
"5,71 : 0.8023"
"71,5 : 0.8023"
"5,72 : 0.5284"
"72,5 : 0.5284"
"5,73 : 0.5334"
"73,5 : 0.5334"
"5,74 : 0.5423"
"74,5 : 0.5423"
"5,75 : 0.02"
"75,5 : 0.02"
"5,76 : 0.9069"
"76,5 : 0.9069"
"5,77 : 0.5155"
"77,5 : 0.5155"
"5,78 : 0.386"
"78,5 : 0.386"
"5,79 : 0.628"
"79,5 : 0.628"
"5,80 : 0.7906"
"80,5 : 0.7906"
"5,81 : 0.6161"
"81,5 : 0.6161"
"5,82 : 0.6239"
"82,5 : 0.6239"
"5,83 : 0.708"
"83,5 : 0.708"
"5,84 : 0.2683"
"84,5 : 0.2683"
"5,85 : 0.6429"
"85,5 : 0.6429"
"5,86 : 0.6762"
"86,5 : 0.6762"
"5,87 : 0.3306"
"87,5 : 0.3306"
"5,88 : 0.5463"
"88,5 : 0.5463"
"5,89 : 0.1712"
"89,5 : 0.1712"
"5,90 : 0.5101"
"90,5 : 0.5101"
"5,91 : 0.5981"
"91,5 : 0.5981"
"5,92 : 0.9605"
"92,5 : 0.9605"
"5,93 : 0.4441"
"93,5 : 0.4441"
"5,94 : 0.5803"
"94,5 : 0.5803"
"5,95 : 0.9062"
"95,5 : 0.9062"
"5,96 : 0.8598"
"96,5 : 0.8598"
"5,97 : 0.6989"
"97,5 : 0.6989"
"5,98 : 0.4295"
"98,5 : 0.4295"
"5,99 : 0.4565"
"99,5 : 0.4565"
"6,7 : 0.461"
"7,6 : 0.461"
"6,8 : 0.6237"
"8,6 : 0.6237"
"6,9 : 0.7428"
"9,6 : 0.7428"
"6,10 : 0.2941"
"10,6 : 0.2941"
"6,11 : 0.4528"
"11,6 : 0.4528"
"6,12 : 0.5022"
"12,6 : 0.5022"
"6,13 : 0.4817"
"13,6 : 0.4817"
"6,14 : 0.7685"
"14,6 : 0.7685"
"6,15 : 0.3795"
"15,6 : 0.3795"
"6,16 : 0.1985"
"16,6 : 0.1985"
"6,17 : 0.6551"
"17,6 : 0.6551"
"6,18 : 0.6723"
"18,6 : 0.6723"
"6,19 : 0.4492"
"19,6 : 0.4492"
"6,20 : 0.6736"
"20,6 : 0.6736"
"6,21 : 0.2766"
"21,6 : 0.2766"
"6,22 : 0.5161"
"22,6 : 0.5161"
"6,23 : 0.4342"
"23,6 : 0.4342"
"6,24 : 0.2865"
"24,6 : 0.2865"
"6,25 : 0.5116"
"25,6 : 0.5116"
"6,26 : 0.22"
"26,6 : 0.22"
"6,27 : 0.4085"
"27,6 : 0.4085"
"6,28 : 0.2354"
"28,6 : 0.2354"
"6,29 : 0.666"
"29,6 : 0.666"
"6,30 : 0.328"
"30,6 : 0.328"
"6,31 : 0.365"
"31,6 : 0.365"
"6,32 : 0.7718"
"32,6 : 0.7718"
"6,33 : 0.3354"
"33,6 : 0.3354"
"6,34 : 0.247"
"34,6 : 0.247"
"6,35 : 0.5099"
"35,6 : 0.5099"
"6,36 : 0.2693"
"36,6 : 0.2693"
"6,37 : 0.1118"
"37,6 : 0.1118"
"6,38 : 0.368"
"38,6 : 0.368"
"6,39 : 0.6325"
"39,6 : 0.6325"
"6,40 : 0.4982"
"40,6 : 0.4982"
"6,41 : 0.5022"
"41,6 : 0.5022"
"6,42 : 0.6379"
"42,6 : 0.6379"
"6,43 : 0.378"
"43,6 : 0.378"
"6,44 : 0.2973"
"44,6 : 0.2973"
"6,45 : 0.5694"
"45,6 : 0.5694"
"6,46 : 0.2236"
"46,6 : 0.2236"
"6,47 : 0.1281"
"47,6 : 0.1281"
"6,48 : 0.5054"
"48,6 : 0.5054"
"6,49 : 0.4482"
"49,6 : 0.4482"
"6,50 : 0.7601"
"50,6 : 0.7601"
"6,51 : 0.712"
"51,6 : 0.712"
"6,52 : 0.364"
"52,6 : 0.364"
"6,53 : 0.1265"
"53,6 : 0.1265"
"6,54 : 0.1942"
"54,6 : 0.1942"
"6,55 : 0.622"
"55,6 : 0.622"
"6,56 : 0.1712"
"56,6 : 0.1712"
"6,57 : 0.3106"
"57,6 : 0.3106"
"6,58 : 0.3808"
"58,6 : 0.3808"
"6,59 : 0.5022"
"59,6 : 0.5022"
"6,60 : 0.2555"
"60,6 : 0.2555"
"6,61 : 0.4751"
"61,6 : 0.4751"
"6,62 : 0.536"
"62,6 : 0.536"
"6,63 : 0.6989"
"63,6 : 0.6989"
"6,64 : 0.1221"
"64,6 : 0.1221"
"6,65 : 0.8422"
"65,6 : 0.8422"
"6,66 : 0.6603"
"66,6 : 0.6603"
"6,67 : 0.2642"
"67,6 : 0.2642"
"6,68 : 0.3585"
"68,6 : 0.3585"
"6,69 : 0.4804"
"69,6 : 0.4804"
"6,70 : 0.3479"
"70,6 : 0.3479"
"6,71 : 0.5636"
"71,6 : 0.5636"
"6,72 : 0.2163"
"72,6 : 0.2163"
"6,73 : 0.3716"
"73,6 : 0.3716"
"6,74 : 0.6297"
"74,6 : 0.6297"
"6,75 : 0.4883"
"75,6 : 0.4883"
"6,76 : 0.4565"
"76,6 : 0.4565"
"6,77 : 0.1628"
"77,6 : 0.1628"
"6,78 : 0.6107"
"78,6 : 0.6107"
"6,79 : 0.22"
"79,6 : 0.22"
"6,80 : 0.3191"
"80,6 : 0.3191"
"6,81 : 0.1442"
"81,6 : 0.1442"
"6,82 : 0.3354"
"82,6 : 0.3354"
"6,83 : 0.2927"
"83,6 : 0.2927"
"6,84 : 0.2631"
"84,6 : 0.2631"
"6,85 : 0.3996"
"85,6 : 0.3996"
"6,86 : 0.7336"
"86,6 : 0.7336"
"6,87 : 0.2648"
"87,6 : 0.2648"
"6,88 : 0.272"
"88,6 : 0.272"
"6,89 : 0.3342"
"89,6 : 0.3342"
"6,90 : 0.3178"
"90,6 : 0.3178"
"6,91 : 0.6531"
"91,6 : 0.6531"
"6,92 : 0.5189"
"92,6 : 0.5189"
"6,93 : 0.4682"
"93,6 : 0.4682"
"6,94 : 0.328"
"94,6 : 0.328"
"6,95 : 0.5614"
"95,6 : 0.5614"
"6,96 : 0.4491"
"96,6 : 0.4491"
"6,97 : 0.4085"
"97,6 : 0.4085"
"6,98 : 0.2283"
"98,6 : 0.2283"
"6,99 : 0.2"
"99,6 : 0.2"
"7,8 : 0.7788"
"8,7 : 0.7788"
"7,9 : 0.6428"
"9,7 : 0.6428"
"7,10 : 0.313"
"10,7 : 0.313"
"7,11 : 0.4522"
"11,7 : 0.4522"
"7,12 : 0.681"
"12,7 : 0.681"
"7,13 : 0.8393"
"13,7 : 0.8393"
"7,14 : 0.7511"
"14,7 : 0.7511"
"7,15 : 0.7325"
"15,7 : 0.7325"
"7,16 : 0.6007"
"16,7 : 0.6007"
"7,17 : 0.6691"
"17,7 : 0.6691"
"7,18 : 0.6888"
"18,7 : 0.6888"
"7,19 : 0.6191"
"19,7 : 0.6191"
"7,20 : 0.7779"
"20,7 : 0.7779"
"7,21 : 0.7211"
"21,7 : 0.7211"
"7,22 : 0.5412"
"22,7 : 0.5412"
"7,23 : 0.4754"
"23,7 : 0.4754"
"7,24 : 0.686"
"24,7 : 0.686"
"7,25 : 0.735"
"25,7 : 0.735"
"7,26 : 0.6774"
"26,7 : 0.6774"
"7,27 : 0.7684"
"27,7 : 0.7684"
"7,28 : 0.2256"
"28,7 : 0.2256"
"7,29 : 0.5423"
"29,7 : 0.5423"
"7,30 : 0.2147"
"30,7 : 0.2147"
"7,31 : 0.0985"
"31,7 : 0.0985"
"7,32 : 0.7616"
"32,7 : 0.7616"
"7,33 : 0.2"
"33,7 : 0.2"
"7,34 : 0.2202"
"34,7 : 0.2202"
"7,35 : 0.4924"
"35,7 : 0.4924"
"7,36 : 0.1924"
"36,7 : 0.1924"
"7,37 : 0.5148"
"37,7 : 0.5148"
"7,38 : 0.8006"
"38,7 : 0.8006"
"7,39 : 0.7433"
"39,7 : 0.7433"
"7,40 : 0.1942"
"40,7 : 0.1942"
"7,41 : 0.0412"
"41,7 : 0.0412"
"7,42 : 0.78"
"42,7 : 0.78"
"7,43 : 0.1985"
"43,7 : 0.1985"
"7,44 : 0.7245"
"44,7 : 0.7245"
"7,45 : 0.1942"
"45,7 : 0.1942"
"7,46 : 0.65"
"46,7 : 0.65"
"7,47 : 0.5504"
"47,7 : 0.5504"
"7,48 : 0.13"
"48,7 : 0.13"
"7,49 : 0.2059"
"49,7 : 0.2059"
"7,50 : 1.1345"
"50,7 : 1.1345"
"7,51 : 1.0763"
"51,7 : 1.0763"
"7,52 : 0.8"
"52,7 : 0.8"
"7,53 : 0.5869"
"53,7 : 0.5869"
"7,54 : 0.2668"
"54,7 : 0.2668"
"7,55 : 0.6053"
"55,7 : 0.6053"
"7,56 : 0.4357"
"56,7 : 0.4357"
"7,57 : 0.4785"
"57,7 : 0.4785"
"7,58 : 0.8382"
"58,7 : 0.8382"
"7,59 : 0.681"
"59,7 : 0.681"
"7,60 : 0.3253"
"60,7 : 0.3253"
"7,61 : 0.5515"
"61,7 : 0.5515"
"7,62 : 0.9348"
"62,7 : 0.9348"
"7,63 : 1.0807"
"63,7 : 1.0807"
"7,64 : 0.3891"
"64,7 : 0.3891"
"7,65 : 0.7299"
"65,7 : 0.7299"
"7,66 : 0.4884"
"66,7 : 0.4884"
"7,67 : 0.3454"
"67,7 : 0.3454"
"7,68 : 0.8161"
"68,7 : 0.8161"
"7,69 : 0.1237"
"69,7 : 0.1237"
"7,70 : 0.1204"
"70,7 : 0.1204"
"7,71 : 0.3453"
"71,7 : 0.3453"
"7,72 : 0.3483"
"72,7 : 0.3483"
"7,73 : 0.7916"
"73,7 : 0.7916"
"7,74 : 0.7273"
"74,7 : 0.7273"
"7,75 : 0.8848"
"75,7 : 0.8848"
"7,76 : 0.13"
"76,7 : 0.13"
"7,77 : 0.5701"
"77,7 : 0.5701"
"7,78 : 0.8249"
"78,7 : 0.8249"
"7,79 : 0.2508"
"79,7 : 0.2508"
"7,80 : 0.3276"
"80,7 : 0.3276"
"7,81 : 0.3705"
"81,7 : 0.3705"
"7,82 : 0.2915"
"82,7 : 0.2915"
"7,83 : 0.1709"
"83,7 : 0.1709"
"7,84 : 0.608"
"84,7 : 0.608"
"7,85 : 0.3289"
"85,7 : 0.3289"
"7,86 : 0.758"
"86,7 : 0.758"
"7,87 : 0.7257"
"87,7 : 0.7257"
"7,88 : 0.3471"
"88,7 : 0.3471"
"7,89 : 0.7747"
"89,7 : 0.7747"
"7,90 : 0.7406"
"90,7 : 0.7406"
"7,91 : 0.7106"
"91,7 : 0.7106"
"7,92 : 0.1217"
"92,7 : 0.1217"
"7,93 : 0.6129"
"93,7 : 0.6129"
"7,94 : 0.717"
"94,7 : 0.717"
"7,95 : 0.178"
"95,7 : 0.178"
"7,96 : 0.0141"
"96,7 : 0.0141"
"7,97 : 0.2596"
"97,7 : 0.2596"
"7,98 : 0.4534"
"98,7 : 0.4534"
"7,99 : 0.4201"
"99,7 : 0.4201"
"8,9 : 0.3864"
"9,8 : 0.3864"
"8,10 : 0.8509"
"10,8 : 0.8509"
"8,11 : 0.3329"
"11,8 : 0.3329"
"8,12 : 0.1217"
"12,8 : 0.1217"
"8,13 : 1.0512"
"13,8 : 1.0512"
"8,14 : 0.2828"
"14,8 : 0.2828"
"8,15 : 0.3536"
"15,8 : 0.3536"
"8,16 : 0.7912"
"16,8 : 0.7912"
"8,17 : 0.2159"
"17,8 : 0.2159"
"8,18 : 0.2121"
"18,8 : 0.2121"
"8,19 : 0.18"
"19,8 : 0.18"
"8,20 : 0.0854"
"20,8 : 0.0854"
"8,21 : 0.7803"
"21,8 : 0.7803"
"8,22 : 0.255"
"22,8 : 0.255"
"8,23 : 0.3041"
"23,8 : 0.3041"
"8,24 : 0.45"
"24,8 : 0.45"
"8,25 : 0.1345"
"25,8 : 0.1345"
"8,26 : 0.7033"
"26,8 : 0.7033"
"8,27 : 0.3624"
"27,8 : 0.3624"
"8,28 : 0.6675"
"28,8 : 0.6675"
"8,29 : 0.4072"
"29,8 : 0.4072"
"8,30 : 0.8204"
"30,8 : 0.8204"
"8,31 : 0.7084"
"31,8 : 0.7084"
"8,32 : 0.2746"
"32,8 : 0.2746"
"8,33 : 0.5852"
"33,8 : 0.5852"
"8,34 : 0.7071"
"34,8 : 0.7071"
"8,35 : 0.3114"
"35,8 : 0.3114"
"8,36 : 0.6923"
"36,8 : 0.6923"
"8,37 : 0.522"
"37,8 : 0.522"
"8,38 : 0.5381"
"38,8 : 0.5381"
"8,39 : 0.0707"
"39,8 : 0.0707"
"8,40 : 0.6325"
"40,8 : 0.6325"
"8,41 : 0.805"
"41,8 : 0.805"
"8,42 : 0.0224"
"42,8 : 0.0224"
"8,43 : 0.857"
"43,8 : 0.857"
"8,44 : 0.5109"
"44,8 : 0.5109"
"8,45 : 0.9693"
"45,8 : 0.9693"
"8,46 : 0.7829"
"46,8 : 0.7829"
"8,47 : 0.7273"
"47,8 : 0.7273"
"8,48 : 0.8989"
"48,8 : 0.8989"
"8,49 : 0.9168"
"49,8 : 0.9168"
"8,50 : 0.5408"
"50,8 : 0.5408"
"8,51 : 0.4801"
"51,8 : 0.4801"
"8,52 : 0.857"
"52,8 : 0.857"
"8,53 : 0.6224"
"53,8 : 0.6224"
"8,54 : 0.6528"
"54,8 : 0.6528"
"8,55 : 0.264"
"55,8 : 0.264"
"8,56 : 0.7877"
"56,8 : 0.7877"
"8,57 : 0.9266"
"57,8 : 0.9266"
"8,58 : 0.6648"
"58,8 : 0.6648"
"8,59 : 0.1217"
"59,8 : 0.1217"
"8,60 : 0.4884"
"60,8 : 0.4884"
"8,61 : 0.2283"
"61,8 : 0.2283"
"8,62 : 0.4847"
"62,8 : 0.4847"
"8,63 : 0.5209"
"63,8 : 0.5209"
"8,64 : 0.5408"
"64,8 : 0.5408"
"8,65 : 0.4401"
"65,8 : 0.4401"
"8,66 : 0.4701"
"66,8 : 0.4701"
"8,67 : 0.84"
"67,8 : 0.84"
"8,68 : 0.6576"
"68,8 : 0.6576"
"8,69 : 0.686"
"69,8 : 0.686"
"8,70 : 0.7473"
"70,8 : 0.7473"
"8,71 : 0.5304"
"71,8 : 0.5304"
"8,72 : 0.4925"
"72,8 : 0.4925"
"8,73 : 0.8936"
"73,8 : 0.8936"
"8,74 : 0.0922"
"74,8 : 0.0922"
"8,75 : 0.4607"
"75,8 : 0.4607"
"8,76 : 0.8728"
"76,8 : 0.8728"
"8,77 : 0.7622"
"77,8 : 0.7622"
"8,78 : 0.1"
"78,8 : 0.1"
"8,79 : 0.6166"
"79,8 : 0.6166"
"8,80 : 0.8809"
"80,8 : 0.8809"
"8,81 : 0.7317"
"81,8 : 0.7317"
"8,82 : 0.4904"
"82,8 : 0.4904"
"8,83 : 0.6694"
"83,8 : 0.6694"
"8,84 : 0.3891"
"84,8 : 0.3891"
"8,85 : 0.4518"
"85,8 : 0.4518"
"8,86 : 0.2138"
"86,8 : 0.2138"
"8,87 : 0.6824"
"87,8 : 0.6824"
"8,88 : 0.4589"
"88,8 : 0.4589"
"8,89 : 0.5587"
"89,8 : 0.5587"
"8,90 : 0.8509"
"90,8 : 0.8509"
"8,91 : 0.1513"
"91,8 : 0.1513"
"8,92 : 0.8969"
"92,8 : 0.8969"
"8,93 : 0.1726"
"93,8 : 0.1726"
"8,94 : 0.899"
"94,8 : 0.899"
"8,95 : 0.714"
"95,8 : 0.714"
"8,96 : 0.7656"
"96,8 : 0.7656"
"8,97 : 0.5235"
"97,8 : 0.5235"
"8,98 : 0.4105"
"98,8 : 0.4105"
"8,99 : 0.4501"
"99,8 : 0.4501"
"9,10 : 0.8509"
"10,9 : 0.8509"
"9,11 : 0.29"
"11,9 : 0.29"
"9,12 : 0.4031"
"12,9 : 0.4031"
"9,13 : 1.2233"
"13,9 : 1.2233"
"9,14 : 0.1487"
"14,9 : 0.1487"
"9,15 : 0.6552"
"15,9 : 0.6552"
"9,16 : 0.9405"
"16,9 : 0.9405"
"9,17 : 0.1712"
"17,9 : 0.1712"
"9,18 : 0.1746"
"18,9 : 0.1746"
"9,19 : 0.3956"
"19,9 : 0.3956"
"9,20 : 0.3162"
"20,9 : 0.3162"
"9,21 : 0.9841"
"21,9 : 0.9841"
"9,22 : 0.2419"
"22,9 : 0.2419"
"9,23 : 0.3124"
"23,9 : 0.3124"
"9,24 : 0.7118"
"24,9 : 0.7118"
"9,25 : 0.471"
"25,9 : 0.471"
"9,26 : 0.908"
"26,9 : 0.908"
"9,27 : 0.6791"
"27,9 : 0.6791"
"9,28 : 0.6531"
"28,9 : 0.6531"
"9,29 : 0.1005"
"29,9 : 0.1005"
"9,30 : 0.7811"
"30,9 : 0.7811"
"9,31 : 0.6185"
"31,9 : 0.6185"
"9,32 : 0.1628"
"32,9 : 0.1628"
"9,33 : 0.5126"
"33,9 : 0.5126"
"9,34 : 0.6894"
"34,9 : 0.6894"
"9,35 : 0.2335"
"35,9 : 0.2335"
"9,36 : 0.6592"
"36,9 : 0.6592"
"9,37 : 0.6825"
"37,9 : 0.6825"
"9,38 : 0.8322"
"38,9 : 0.8322"
"9,39 : 0.3158"
"39,9 : 0.3158"
"9,40 : 0.4504"
"40,9 : 0.4504"
"9,41 : 0.6503"
"41,9 : 0.6503"
"9,42 : 0.3688"
"42,9 : 0.3688"
"9,43 : 0.7981"
"43,9 : 0.7981"
"9,44 : 0.7788"
"44,9 : 0.7788"
"9,45 : 0.8302"
"45,9 : 0.8302"
"9,46 : 0.9559"
"46,9 : 0.9559"
"9,47 : 0.8698"
"47,9 : 0.8698"
"9,48 : 0.7723"
"48,9 : 0.7723"
"9,49 : 0.8355"
"49,9 : 0.8355"
"9,50 : 0.9254"
"50,9 : 0.9254"
"9,51 : 0.8637"
"51,9 : 0.8637"
"9,52 : 1.072"
"52,9 : 1.072"
"9,53 : 0.8043"
"53,9 : 0.8043"
"9,54 : 0.6624"
"54,9 : 0.6624"
"9,55 : 0.1456"
"55,9 : 0.1456"
"9,56 : 0.8627"
"56,9 : 0.8627"
"9,57 : 0.9811"
"57,9 : 0.9811"
"9,58 : 0.9443"
"58,9 : 0.9443"
"9,59 : 0.4031"
"59,9 : 0.4031"
"9,60 : 0.5022"
"60,9 : 0.5022"
"9,61 : 0.2997"
"61,9 : 0.2997"
"9,62 : 0.8373"
"62,9 : 0.8373"
"9,63 : 0.9009"
"63,9 : 0.9009"
"9,64 : 0.6237"
"64,9 : 0.6237"
"9,65 : 0.1"
"65,9 : 0.1"
"9,66 : 0.1628"
"66,9 : 0.1628"
"9,67 : 0.8587"
"67,9 : 0.8587"
"9,68 : 0.9304"
"68,9 : 0.9304"
"9,69 : 0.5209"
"69,9 : 0.5209"
"9,70 : 0.6745"
"70,9 : 0.6745"
"9,71 : 0.3"
"71,9 : 0.3"
"9,72 : 0.5341"
"72,9 : 0.5341"
"9,73 : 1.0948"
"73,9 : 1.0948"
"9,74 : 0.2943"
"74,9 : 0.2943"
"9,75 : 0.8023"
"75,9 : 0.8023"
"9,76 : 0.7679"
"76,9 : 0.7679"
"9,77 : 0.9052"
"77,9 : 0.9052"
"9,78 : 0.4851"
"78,9 : 0.4851"
"9,79 : 0.6129"
"79,9 : 0.6129"
"9,80 : 0.8785"
"80,9 : 0.8785"
"9,81 : 0.7877"
"81,9 : 0.7877"
"9,82 : 0.4429"
"82,9 : 0.4429"
"9,83 : 0.6203"
"83,9 : 0.6203"
"9,84 : 0.6172"
"84,9 : 0.6172"
"9,85 : 0.3712"
"85,9 : 0.3712"
"9,86 : 0.2025"
"86,9 : 0.2025"
"9,87 : 0.9127"
"87,9 : 0.9127"
"9,88 : 0.478"
"88,9 : 0.478"
"9,89 : 0.8377"
"89,9 : 0.8377"
"9,90 : 1.0435"
"90,9 : 1.0435"
"9,91 : 0.2354"
"91,9 : 0.2354"
"9,92 : 0.7611"
"92,9 : 0.7611"
"9,93 : 0.364"
"93,9 : 0.364"
"9,94 : 1.0679"
"94,9 : 1.0679"
"9,95 : 0.5025"
"95,9 : 0.5025"
"9,96 : 0.6339"
"96,9 : 0.6339"
"9,97 : 0.4111"
"97,9 : 0.4111"
"9,98 : 0.525"
"98,9 : 0.525"
"9,99 : 0.5445"
"99,9 : 0.5445"
"10,11 : 0.5869"
"11,10 : 0.5869"
"10,12 : 0.7325"
"12,10 : 0.7325"
"10,13 : 0.536"
"13,10 : 0.536"
"10,14 : 0.9218"
"14,10 : 0.9218"
"10,15 : 0.6664"
"15,10 : 0.6664"
"10,16 : 0.3384"
"16,10 : 0.3384"
"10,17 : 0.8179"
"17,10 : 0.8179"
"10,18 : 0.8374"
"18,10 : 0.8374"
"10,19 : 0.6712"
"19,10 : 0.6712"
"10,20 : 0.8809"
"20,10 : 0.8809"
"10,21 : 0.4754"
"21,10 : 0.4754"
"10,22 : 0.6727"
"22,10 : 0.6727"
"10,23 : 0.5886"
"23,10 : 0.5886"
"10,24 : 0.5798"
"24,10 : 0.5798"
"10,25 : 0.7612"
"25,10 : 0.7612"
"10,26 : 0.4579"
"26,10 : 0.4579"
"10,27 : 0.6977"
"27,10 : 0.6977"
"10,28 : 0.1992"
"28,10 : 0.1992"
"10,29 : 0.7558"
"29,10 : 0.7558"
"10,30 : 0.0985"
"30,10 : 0.0985"
"10,31 : 0.2617"
"31,10 : 0.2617"
"10,32 : 0.9289"
"32,10 : 0.9289"
"10,33 : 0.34"
"33,10 : 0.34"
"10,34 : 0.1616"
"34,10 : 0.1616"
"10,35 : 0.6429"
"35,10 : 0.6429"
"10,36 : 0.1924"
"36,10 : 0.1924"
"10,37 : 0.3982"
"37,10 : 0.3982"
"10,38 : 0.6586"
"38,10 : 0.6586"
"10,39 : 0.8405"
"39,10 : 0.8405"
"10,40 : 0.4597"
"40,10 : 0.4597"
"10,41 : 0.3454"
"41,10 : 0.3454"
"10,42 : 0.8602"
"42,10 : 0.8602"
"10,43 : 0.1304"
"43,10 : 0.1304"
"10,44 : 0.5903"
"44,10 : 0.5903"
"10,45 : 0.3239"
"45,10 : 0.3239"
"10,46 : 0.3956"
"46,10 : 0.3956"
"10,47 : 0.3138"
"47,10 : 0.3138"
"10,48 : 0.2802"
"48,10 : 0.2802"
"10,49 : 0.1844"
"49,10 : 0.1844"
"10,50 : 1.0539"
"50,10 : 1.0539"
"10,51 : 1.005"
"51,10 : 1.005"
"10,52 : 0.5385"
"52,10 : 0.5385"
"10,53 : 0.4031"
"53,10 : 0.4031"
"10,54 : 0.201"
"54,10 : 0.201"
"10,55 : 0.7666"
"55,10 : 0.7666"
"10,56 : 0.1655"
"56,10 : 0.1655"
"10,57 : 0.1655"
"57,10 : 0.1655"
"10,58 : 0.65"
"58,10 : 0.65"
"10,59 : 0.7325"
"59,10 : 0.7325"
"10,60 : 0.3734"
"60,10 : 0.3734"
"10,61 : 0.6538"
"61,10 : 0.6538"
"10,62 : 0.8301"
"62,10 : 0.8301"
"10,63 : 0.993"
"63,10 : 0.993"
"10,64 : 0.3178"
"64,10 : 0.3178"
"10,65 : 0.9485"
"65,10 : 0.9485"
"10,66 : 0.722"
"66,10 : 0.722"
"10,67 : 0.0412"
"67,10 : 0.0412"
"10,68 : 0.628"
"68,10 : 0.628"
"10,69 : 0.4046"
"69,10 : 0.4046"
"10,70 : 0.2062"
"70,10 : 0.2062"
"10,71 : 0.5882"
"71,10 : 0.5882"
"10,72 : 0.3601"
"72,10 : 0.3601"
"10,73 : 0.5179"
"73,10 : 0.5179"
"10,74 : 0.8315"
"74,10 : 0.8315"
"10,75 : 0.7824"
"75,10 : 0.7824"
"10,76 : 0.2309"
"76,10 : 0.2309"
"10,77 : 0.3178"
"77,10 : 0.3178"
"10,78 : 0.8615"
"78,10 : 0.8615"
"10,79 : 0.2452"
"79,10 : 0.2452"
"10,80 : 0.03"
"80,10 : 0.03"
"10,81 : 0.15"
"81,10 : 0.15"
"10,82 : 0.4111"
"82,10 : 0.4111"
"10,83 : 0.2332"
"83,10 : 0.2332"
"10,84 : 0.5423"
"84,10 : 0.5423"
"10,85 : 0.481"
"85,10 : 0.481"
"10,86 : 0.9061"
"86,10 : 0.9061"
"10,87 : 0.5187"
"87,10 : 0.5187"
"10,88 : 0.4031"
"88,10 : 0.4031"
"10,89 : 0.6224"
"89,10 : 0.6224"
"10,90 : 0.473"
"90,10 : 0.473"
"10,91 : 0.8373"
"91,10 : 0.8373"
"10,92 : 0.3007"
"92,10 : 0.3007"
"10,93 : 0.6801"
"93,10 : 0.6801"
"10,94 : 0.4319"
"94,10 : 0.4319"
"10,95 : 0.4801"
"95,10 : 0.4801"
"10,96 : 0.3089"
"96,10 : 0.3089"
"10,97 : 0.4429"
"97,10 : 0.4429"
"10,98 : 0.4441"
"98,10 : 0.4441"
"10,99 : 0.4031"
"99,10 : 0.4031"
"11,12 : 0.2561"
"12,11 : 0.2561"
"11,13 : 0.9335"
"13,11 : 0.9335"
"11,14 : 0.3353"
"14,11 : 0.3353"
"11,15 : 0.431"
"15,11 : 0.431"
"11,16 : 0.6505"
"16,11 : 0.6505"
"11,17 : 0.2319"
"17,11 : 0.2319"
"11,18 : 0.2518"
"18,11 : 0.2518"
"11,19 : 0.2059"
"19,11 : 0.2059"
"11,20 : 0.3257"
"20,11 : 0.3257"
"11,21 : 0.6989"
"21,11 : 0.6989"
"11,22 : 0.0906"
"22,11 : 0.0906"
"11,23 : 0.0412"
"23,11 : 0.0412"
"11,24 : 0.4571"
"24,11 : 0.4571"
"11,25 : 0.3245"
"25,11 : 0.3245"
"11,26 : 0.6243"
"26,11 : 0.6243"
"11,27 : 0.4627"
"27,11 : 0.4627"
"11,28 : 0.3883"
"28,11 : 0.3883"
"11,29 : 0.2195"
"29,11 : 0.2195"
"11,30 : 0.5324"
"30,11 : 0.5324"
"11,31 : 0.3932"
"31,11 : 0.3932"
"11,32 : 0.3421"
"32,11 : 0.3421"
"11,33 : 0.2707"
"33,11 : 0.2707"
"11,34 : 0.4276"
"34,11 : 0.4276"
"11,35 : 0.0583"
"35,11 : 0.0583"
"11,36 : 0.4031"
"36,11 : 0.4031"
"11,37 : 0.3966"
"37,11 : 0.3966"
"11,38 : 0.5855"
"38,11 : 0.5855"
"11,39 : 0.2915"
"39,11 : 0.2915"
"11,40 : 0.3"
"40,11 : 0.3"
"11,41 : 0.4754"
"41,11 : 0.4754"
"11,42 : 0.3312"
"42,11 : 0.3312"
"11,43 : 0.5601"
"43,11 : 0.5601"
"11,44 : 0.5217"
"44,11 : 0.5217"
"11,45 : 0.6456"
"45,11 : 0.6456"
"11,46 : 0.6671"
"46,11 : 0.6671"
"11,47 : 0.5798"
"47,11 : 0.5798"
"11,48 : 0.5772"
"48,11 : 0.5772"
"11,49 : 0.6113"
"49,11 : 0.6113"
"11,50 : 0.7839"
"50,11 : 0.7839"
"11,51 : 0.7209"
"51,11 : 0.7209"
"11,52 : 0.7877"
"52,11 : 0.7877"
"11,53 : 0.5187"
"53,11 : 0.5187"
"11,54 : 0.389"
"54,11 : 0.389"
"11,55 : 0.1803"
"55,11 : 0.1803"
"11,56 : 0.578"
"56,11 : 0.578"
"11,57 : 0.7026"
"57,11 : 0.7026"
"11,58 : 0.6841"
"58,11 : 0.6841"
"11,59 : 0.2561"
"59,11 : 0.2561"
"11,60 : 0.2193"
"60,11 : 0.2193"
"11,61 : 0.1063"
"61,11 : 0.1063"
"11,62 : 0.6379"
"62,11 : 0.6379"
"11,63 : 0.7433"
"63,11 : 0.7433"
"11,64 : 0.3342"
"64,11 : 0.3342"
"11,65 : 0.3895"
"65,11 : 0.3895"
"11,66 : 0.2354"
"66,11 : 0.2354"
"11,67 : 0.5882"
"67,11 : 0.5882"
"11,68 : 0.6676"
"68,11 : 0.6676"
"11,69 : 0.3536"
"69,11 : 0.3536"
"11,70 : 0.4405"
"70,11 : 0.4405"
"11,71 : 0.2193"
"71,11 : 0.2193"
"11,72 : 0.247"
"72,11 : 0.247"
"11,73 : 0.808"
"73,11 : 0.808"
"11,74 : 0.2751"
"74,11 : 0.2751"
"11,75 : 0.5941"
"75,11 : 0.5941"
"11,76 : 0.5573"
"76,11 : 0.5573"
"11,77 : 0.6152"
"77,11 : 0.6152"
"11,78 : 0.396"
"78,11 : 0.396"
"11,79 : 0.3421"
"79,11 : 0.3421"
"11,80 : 0.6161"
"80,11 : 0.6161"
"11,81 : 0.5054"
"81,11 : 0.5054"
"11,82 : 0.1803"
"82,11 : 0.1803"
"11,83 : 0.3705"
"83,11 : 0.3705"
"11,84 : 0.3569"
"84,11 : 0.3569"
"11,85 : 0.1237"
"85,11 : 0.1237"
"11,86 : 0.3214"
"86,11 : 0.3214"
"11,87 : 0.6351"
"87,11 : 0.6351"
"11,88 : 0.1924"
"88,11 : 0.1924"
"11,89 : 0.5825"
"89,11 : 0.5825"
"11,90 : 0.756"
"90,11 : 0.756"
"11,91 : 0.2617"
"91,11 : 0.2617"
"11,92 : 0.5728"
"92,11 : 0.5728"
"11,93 : 0.186"
"93,11 : 0.186"
"11,94 : 0.7783"
"94,11 : 0.7783"
"11,95 : 0.3829"
"95,11 : 0.3829"
"11,96 : 0.4397"
"96,11 : 0.4397"
"11,97 : 0.1931"
"97,11 : 0.1931"
"11,98 : 0.2385"
"98,11 : 0.2385"
"11,99 : 0.255"
"99,11 : 0.255"
"12,13 : 0.9365"
"13,12 : 0.9365"
"12,14 : 0.34"
"14,12 : 0.34"
"12,15 : 0.2642"
"15,12 : 0.2642"
"12,16 : 0.6723"
"16,12 : 0.6723"
"12,17 : 0.2404"
"17,12 : 0.2404"
"12,18 : 0.247"
"18,12 : 0.247"
"12,19 : 0.0632"
"19,12 : 0.0632"
"12,20 : 0.1803"
"20,12 : 0.1803"
"12,21 : 0.6685"
"21,12 : 0.6685"
"12,22 : 0.2025"
"22,12 : 0.2025"
"12,23 : 0.2193"
"23,12 : 0.2193"
"12,24 : 0.3466"
"24,12 : 0.3466"
"12,25 : 0.0728"
"25,12 : 0.0728"
"12,26 : 0.5908"
"26,12 : 0.5908"
"12,27 : 0.2823"
"27,12 : 0.2823"
"12,28 : 0.5532"
"28,12 : 0.5532"
"12,29 : 0.3932"
"29,12 : 0.3932"
"12,30 : 0.7061"
"30,12 : 0.7061"
"12,31 : 0.6042"
"31,12 : 0.6042"
"12,32 : 0.3362"
"32,12 : 0.3362"
"12,33 : 0.483"
"33,12 : 0.483"
"12,34 : 0.5923"
"34,12 : 0.5923"
"12,35 : 0.255"
"35,12 : 0.255"
"12,36 : 0.5797"
"36,12 : 0.5797"
"12,37 : 0.4016"
"37,12 : 0.4016"
"12,38 : 0.4494"
"38,12 : 0.4494"
"12,39 : 0.1421"
"39,12 : 0.1421"
"12,40 : 0.5517"
"40,12 : 0.5517"
"12,41 : 0.7102"
"41,12 : 0.7102"
"12,42 : 0.136"
"42,12 : 0.136"
"12,43 : 0.7446"
"43,12 : 0.7446"
"12,44 : 0.4111"
"44,12 : 0.4111"
"12,45 : 0.8676"
"45,12 : 0.8676"
"12,46 : 0.6665"
"46,12 : 0.6665"
"12,47 : 0.6075"
"47,12 : 0.6075"
"12,48 : 0.7962"
"48,12 : 0.7962"
"12,49 : 0.8065"
"49,12 : 0.8065"
"12,50 : 0.5412"
"50,12 : 0.5412"
"12,51 : 0.478"
"51,12 : 0.478"
"12,52 : 0.7481"
"52,12 : 0.7481"
"12,53 : 0.5054"
"53,12 : 0.5054"
"12,54 : 0.536"
"54,12 : 0.536"
"12,55 : 0.2602"
"55,12 : 0.2602"
"12,56 : 0.6661"
"56,12 : 0.6661"
"12,57 : 0.805"
"57,12 : 0.805"
"12,58 : 0.572"
"58,12 : 0.572"
"12,59 : 0.0"
"59,12 : 0.0"
"12,60 : 0.3764"
"60,12 : 0.3764"
"12,61 : 0.1526"
"61,12 : 0.1526"
"12,62 : 0.4342"
"62,12 : 0.4342"
"12,63 : 0.508"
"63,12 : 0.508"
"12,64 : 0.4201"
"64,12 : 0.4201"
"12,65 : 0.478"
"65,12 : 0.478"
"12,66 : 0.4438"
"66,12 : 0.4438"
"12,67 : 0.7203"
"67,12 : 0.7203"
"12,68 : 0.5622"
"68,12 : 0.5622"
"12,69 : 0.5982"
"69,12 : 0.5982"
"12,70 : 0.6391"
"70,12 : 0.6391"
"12,71 : 0.4717"
"71,12 : 0.4717"
"12,72 : 0.3766"
"72,12 : 0.3766"
"12,73 : 0.7824"
"73,12 : 0.7824"
"12,74 : 0.1487"
"74,12 : 0.1487"
"12,75 : 0.4002"
"75,12 : 0.4002"
"12,76 : 0.7669"
"76,12 : 0.7669"
"12,77 : 0.6426"
"77,12 : 0.6426"
"12,78 : 0.1442"
"78,12 : 0.1442"
"12,79 : 0.5022"
"79,12 : 0.5022"
"12,80 : 0.7624"
"80,12 : 0.7624"
"12,81 : 0.6107"
"81,12 : 0.6107"
"12,82 : 0.3895"
"82,12 : 0.3895"
"12,83 : 0.5597"
"83,12 : 0.5597"
"12,84 : 0.2746"
"84,12 : 0.2746"
"12,85 : 0.3624"
"85,12 : 0.3624"
"12,86 : 0.2802"
"86,12 : 0.2802"
"12,87 : 0.5749"
"87,12 : 0.5749"
"12,88 : 0.3479"
"88,12 : 0.3479"
"12,89 : 0.464"
"89,12 : 0.464"
"12,90 : 0.7378"
"90,12 : 0.7378"
"12,91 : 0.1972"
"91,12 : 0.1972"
"12,92 : 0.7961"
"92,12 : 0.7961"
"12,93 : 0.0707"
"93,12 : 0.0707"
"12,94 : 0.7829"
"94,12 : 0.7829"
"12,95 : 0.6364"
"95,12 : 0.6364"
"12,96 : 0.6673"
"96,12 : 0.6673"
"12,97 : 0.4342"
"97,12 : 0.4342"
"12,98 : 0.29"
"98,12 : 0.29"
"12,99 : 0.3302"
"99,12 : 0.3302"
"13,14 : 1.2385"
"14,13 : 1.2385"
"13,15 : 0.7211"
"15,13 : 0.7211"
"13,16 : 0.2832"
"16,13 : 0.2832"
"13,17 : 1.1245"
"17,13 : 1.1245"
"13,18 : 1.1402"
"18,13 : 1.1402"
"13,19 : 0.8959"
"19,13 : 0.8959"
"13,20 : 1.1165"
"20,13 : 1.1165"
"13,21 : 0.2751"
"21,13 : 0.2751"
"13,22 : 0.9916"
"22,13 : 0.9916"
"13,23 : 0.9124"
"23,13 : 0.9124"
"13,24 : 0.611"
"24,13 : 0.611"
