x,y
0.15,0.61
0.73,0.53
0.45,0.04
0.06,0.96
0.2,0.49
0.93,0.77
0.18,0.27
0.2,0.55
0.88,0.27
0.51,0.4
0.64,0.14
0.5,0.09
0.74,0.44
0.88,0.71
0.32,0.51
0.12,0.48
0.37,0.44
0.61,0.86
0.46,0.55
0.05,0.57
0.28,0.07
0.3,0.05
0.8,0.83
0.23,0.73
0.11,0.16
0.9,0.74
0.09,0.14
0.04,0.9
0.1,0.06
0.52,0.06
0.46,0.82
0.75,0.88
0.55,0.18
0.28,0.99
0.84,0.54
0.77,0.66
0.45,0.18
0.67,0.28
0.95,0.54
0.98,0.84
0.29,0.86
0.41,0.63
0.87,0.06
0.16,0.52
0.03,0.73
0.69,0.54
0.66,0.63
0.54,0.41
0.09,0.23
0.39,0.21
0.81,0.36
0.14,0.6
0.73,0.96
0.11,0.46
0.11,0.6
0.63,0.68
0.19,0.43
0.05,0.94
0.76,0.64
0.52,0.36
0.09,0.73
0.44,0.55
0.44,0.11
0.4,0.33
0.97,0.97
0.62,0.59
0.08,0.54
0.01,0.84
0.52,0.65
0.6,0.4
0.29,0.53
0.56,0.09
0.1,0.77
0.49,0.62
0.79,0.84
0.42,0.27
0.09,0.76
0.76,0.07
0.73,0.48
0.43,0.54
0.26,0.0
0.5,0.63
0.79,0.15
0.09,0.96
0.59,0.17
0.83,0.13
0.41,0.38
0.81,0.34
0.42,0.58
0.13,0.12
0.3,0.4
0.59,0.06
0.73,0.28
0.42,0.91
0.74,0.67
0.67,0.86
0.96,0.42
0.61,0.07
1.0,0.3
0.17,0.06

Distanze
"0,1 : 0.5855"
"1,0 : 0.5855"
"0,2 : 0.6441"
"2,0 : 0.6441"
"0,3 : 0.3614"
"3,0 : 0.3614"
"0,4 : 0.13"
"4,0 : 0.13"
"0,5 : 0.7962"
"5,0 : 0.7962"
"0,6 : 0.3413"
"6,0 : 0.3413"
"0,7 : 0.0781"
"7,0 : 0.0781"
"0,8 : 0.8053"
"8,0 : 0.8053"
"0,9 : 0.4168"
"9,0 : 0.4168"
"0,10 : 0.679"
"10,0 : 0.679"
"0,11 : 0.6268"
"11,0 : 0.6268"
"0,12 : 0.614"
"12,0 : 0.614"
"0,13 : 0.7368"
"13,0 : 0.7368"
"0,14 : 0.1972"
"14,0 : 0.1972"
"0,15 : 0.1334"
"15,0 : 0.1334"
"0,16 : 0.278"
"16,0 : 0.278"
"0,17 : 0.5235"
"17,0 : 0.5235"
"0,18 : 0.3158"
"18,0 : 0.3158"
"0,19 : 0.1077"
"19,0 : 0.1077"
"0,20 : 0.5554"
"20,0 : 0.5554"
"0,21 : 0.5797"
"21,0 : 0.5797"
"0,22 : 0.6862"
"22,0 : 0.6862"
"0,23 : 0.1442"
"23,0 : 0.1442"
"0,24 : 0.4518"
"24,0 : 0.4518"
"0,25 : 0.7612"
"25,0 : 0.7612"
"0,26 : 0.4738"
"26,0 : 0.4738"
"0,27 : 0.3102"
"27,0 : 0.3102"
"0,28 : 0.5523"
"28,0 : 0.5523"
"0,29 : 0.6629"
"29,0 : 0.6629"
"0,30 : 0.3744"
"30,0 : 0.3744"
"0,31 : 0.658"
"31,0 : 0.658"
"0,32 : 0.5873"
"32,0 : 0.5873"
"0,33 : 0.4016"
"33,0 : 0.4016"
"0,34 : 0.6935"
"34,0 : 0.6935"
"0,35 : 0.622"
"35,0 : 0.622"
"0,36 : 0.5243"
"36,0 : 0.5243"
"0,37 : 0.6159"
"37,0 : 0.6159"
"0,38 : 0.8031"
"38,0 : 0.8031"
"0,39 : 0.8613"
"39,0 : 0.8613"
"0,40 : 0.2865"
"40,0 : 0.2865"
"0,41 : 0.2608"
"41,0 : 0.2608"
"0,42 : 0.906"
"42,0 : 0.906"
"0,43 : 0.0906"
"43,0 : 0.0906"
"0,44 : 0.1697"
"44,0 : 0.1697"
"0,45 : 0.5445"
"45,0 : 0.5445"
"0,46 : 0.5104"
"46,0 : 0.5104"
"0,47 : 0.4383"
"47,0 : 0.4383"
"0,48 : 0.3847"
"48,0 : 0.3847"
"0,49 : 0.4665"
"49,0 : 0.4665"
"0,50 : 0.7058"
"50,0 : 0.7058"
"0,51 : 0.0141"
"51,0 : 0.0141"
"0,52 : 0.6774"
"52,0 : 0.6774"
"0,53 : 0.1552"
"53,0 : 0.1552"
"0,54 : 0.0412"
"54,0 : 0.0412"
"0,55 : 0.4851"
"55,0 : 0.4851"
"0,56 : 0.1844"
"56,0 : 0.1844"
"0,57 : 0.3448"
"57,0 : 0.3448"
"0,58 : 0.6107"
"58,0 : 0.6107"
"0,59 : 0.4465"
"59,0 : 0.4465"
"0,60 : 0.1342"
"60,0 : 0.1342"
"0,61 : 0.2961"
"61,0 : 0.2961"
"0,62 : 0.578"
"62,0 : 0.578"
"0,63 : 0.3754"
"63,0 : 0.3754"
"0,64 : 0.8955"
"64,0 : 0.8955"
"0,65 : 0.4704"
"65,0 : 0.4704"
"0,66 : 0.099"
"66,0 : 0.099"
"0,67 : 0.2693"
"67,0 : 0.2693"
"0,68 : 0.3722"
"68,0 : 0.3722"
"0,69 : 0.4966"
"69,0 : 0.4966"
"0,70 : 0.1612"
"70,0 : 0.1612"
"0,71 : 0.6622"
"71,0 : 0.6622"
"0,72 : 0.1676"
"72,0 : 0.1676"
"0,73 : 0.3401"
"73,0 : 0.3401"
"0,74 : 0.6801"
"74,0 : 0.6801"
"0,75 : 0.4342"
"75,0 : 0.4342"
"0,76 : 0.1616"
"76,0 : 0.1616"
"0,77 : 0.8147"
"77,0 : 0.8147"
"0,78 : 0.5944"
"78,0 : 0.5944"
"0,79 : 0.2886"
"79,0 : 0.2886"
"0,80 : 0.6198"
"80,0 : 0.6198"
"0,81 : 0.3506"
"81,0 : 0.3506"
"0,82 : 0.7882"
"82,0 : 0.7882"
"0,83 : 0.3551"
"83,0 : 0.3551"
"0,84 : 0.6223"
"84,0 : 0.6223"
"0,85 : 0.8323"
"85,0 : 0.8323"
"0,86 : 0.3471"
"86,0 : 0.3471"
"0,87 : 0.7131"
"87,0 : 0.7131"
"0,88 : 0.2717"
"88,0 : 0.2717"
"0,89 : 0.4904"
"89,0 : 0.4904"
"0,90 : 0.2581"
"90,0 : 0.2581"
"0,91 : 0.7043"
"91,0 : 0.7043"
"0,92 : 0.6673"
"92,0 : 0.6673"
"0,93 : 0.4036"
"93,0 : 0.4036"
"0,94 : 0.593"
"94,0 : 0.593"
"0,95 : 0.577"
"95,0 : 0.577"
"0,96 : 0.832"
"96,0 : 0.832"
"0,97 : 0.7094"
"97,0 : 0.7094"
"0,98 : 0.9048"
"98,0 : 0.9048"
"0,99 : 0.5504"
"99,0 : 0.5504"
"1,2 : 0.5644"
"2,1 : 0.5644"
"1,3 : 0.7961"
"3,1 : 0.7961"
"1,4 : 0.5315"
"4,1 : 0.5315"
"1,5 : 0.3124"
"5,1 : 0.3124"
"1,6 : 0.6084"
"6,1 : 0.6084"
"1,7 : 0.5304"
"7,1 : 0.5304"
"1,8 : 0.3002"
"8,1 : 0.3002"
"1,9 : 0.2555"
"9,1 : 0.2555"
"1,10 : 0.4002"
"10,1 : 0.4002"
"1,11 : 0.4965"
"11,1 : 0.4965"
"1,12 : 0.0906"
"12,1 : 0.0906"
"1,13 : 0.2343"
"13,1 : 0.2343"
"1,14 : 0.4105"
"14,1 : 0.4105"
"1,15 : 0.612"
"15,1 : 0.612"
"1,16 : 0.3711"
"16,1 : 0.3711"
"1,17 : 0.3511"
"17,1 : 0.3511"
"1,18 : 0.2707"
"18,1 : 0.2707"
"1,19 : 0.6812"
"19,1 : 0.6812"
"1,20 : 0.6435"
"20,1 : 0.6435"
"1,21 : 0.6444"
"21,1 : 0.6444"
"1,22 : 0.3081"
"22,1 : 0.3081"
"1,23 : 0.5385"
"23,1 : 0.5385"
"1,24 : 0.722"
"24,1 : 0.722"
"1,25 : 0.2702"
"25,1 : 0.2702"
"1,26 : 0.7495"
"26,1 : 0.7495"
"1,27 : 0.7829"
"27,1 : 0.7829"
"1,28 : 0.786"
"28,1 : 0.786"
"1,29 : 0.5148"
"29,1 : 0.5148"
"1,30 : 0.3962"
"30,1 : 0.3962"
"1,31 : 0.3506"
"31,1 : 0.3506"
"1,32 : 0.3936"
"32,1 : 0.3936"
"1,33 : 0.6435"
"33,1 : 0.6435"
"1,34 : 0.1105"
"34,1 : 0.1105"
"1,35 : 0.136"
"35,1 : 0.136"
"1,36 : 0.4482"
"36,1 : 0.4482"
"1,37 : 0.2571"
"37,1 : 0.2571"
"1,38 : 0.2202"
"38,1 : 0.2202"
"1,39 : 0.3982"
"39,1 : 0.3982"
"1,40 : 0.55"
"40,1 : 0.55"
"1,41 : 0.3353"
"41,1 : 0.3353"
"1,42 : 0.4904"
"42,1 : 0.4904"
"1,43 : 0.5701"
"43,1 : 0.5701"
"1,44 : 0.728"
"44,1 : 0.728"
"1,45 : 0.0412"
"45,1 : 0.0412"
"1,46 : 0.1221"
"46,1 : 0.1221"
"1,47 : 0.2247"
"47,1 : 0.2247"
"1,48 : 0.7068"
"48,1 : 0.7068"
"1,49 : 0.4669"
"49,1 : 0.4669"
"1,50 : 0.1879"
"50,1 : 0.1879"
"1,51 : 0.5941"
"51,1 : 0.5941"
"1,52 : 0.43"
"52,1 : 0.43"
"1,53 : 0.6239"
"53,1 : 0.6239"
"1,54 : 0.6239"
"54,1 : 0.6239"
"1,55 : 0.1803"
"55,1 : 0.1803"
"1,56 : 0.5492"
"56,1 : 0.5492"
"1,57 : 0.794"
"57,1 : 0.794"
"1,58 : 0.114"
"58,1 : 0.114"
"1,59 : 0.2702"
"59,1 : 0.2702"
"1,60 : 0.6705"
"60,1 : 0.6705"
"1,61 : 0.2907"
"61,1 : 0.2907"
"1,62 : 0.5104"
"62,1 : 0.5104"
"1,63 : 0.3859"
"63,1 : 0.3859"
"1,64 : 0.5012"
"64,1 : 0.5012"
"1,65 : 0.1253"
"65,1 : 0.1253"
"1,66 : 0.6501"
"66,1 : 0.6501"
"1,67 : 0.7839"
"67,1 : 0.7839"
"1,68 : 0.2419"
"68,1 : 0.2419"
"1,69 : 0.1838"
"69,1 : 0.1838"
"1,70 : 0.44"
"70,1 : 0.44"
"1,71 : 0.4717"
"71,1 : 0.4717"
"1,72 : 0.6742"
"72,1 : 0.6742"
"1,73 : 0.2563"
"73,1 : 0.2563"
"1,74 : 0.3158"
"74,1 : 0.3158"
"1,75 : 0.4046"
"75,1 : 0.4046"
"1,76 : 0.6801"
"76,1 : 0.6801"
"1,77 : 0.461"
"77,1 : 0.461"
"1,78 : 0.05"
"78,1 : 0.05"
"1,79 : 0.3002"
"79,1 : 0.3002"
"1,80 : 0.7084"
"80,1 : 0.7084"
"1,81 : 0.2508"
"81,1 : 0.2508"
"1,82 : 0.3847"
"82,1 : 0.3847"
"1,83 : 0.771"
"83,1 : 0.771"
"1,84 : 0.3863"
"84,1 : 0.3863"
"1,85 : 0.4123"
"85,1 : 0.4123"
"1,86 : 0.3534"
"86,1 : 0.3534"
"1,87 : 0.2062"
"87,1 : 0.2062"
"1,88 : 0.314"
"88,1 : 0.314"
"1,89 : 0.7267"
"89,1 : 0.7267"
"1,90 : 0.4492"
"90,1 : 0.4492"
"1,91 : 0.4904"
"91,1 : 0.4904"
"1,92 : 0.25"
"92,1 : 0.25"
"1,93 : 0.4904"
"93,1 : 0.4904"
"1,94 : 0.1404"
"94,1 : 0.1404"
"1,95 : 0.3354"
"95,1 : 0.3354"
"1,96 : 0.255"
"96,1 : 0.255"
"1,97 : 0.4754"
"97,1 : 0.4754"
"1,98 : 0.3547"
"98,1 : 0.3547"
"1,99 : 0.7311"
"99,1 : 0.7311"
"2,3 : 0.9992"
"3,2 : 0.9992"
"2,4 : 0.5148"
"4,2 : 0.5148"
"2,5 : 0.8737"
"5,2 : 0.8737"
"2,6 : 0.3547"
"6,2 : 0.3547"
"2,7 : 0.568"
"7,2 : 0.568"
"2,8 : 0.4876"
"8,2 : 0.4876"
"2,9 : 0.365"
"9,2 : 0.365"
"2,10 : 0.2147"
"10,2 : 0.2147"
"2,11 : 0.0707"
"11,2 : 0.0707"
"2,12 : 0.4941"
"12,2 : 0.4941"
"2,13 : 0.7961"
"13,2 : 0.7961"
"2,14 : 0.4876"
"14,2 : 0.4876"
"2,15 : 0.55"
"15,2 : 0.55"
"2,16 : 0.4079"
"16,2 : 0.4079"
"2,17 : 0.8355"
"17,2 : 0.8355"
"2,18 : 0.5101"
"18,2 : 0.5101"
"2,19 : 0.664"
"19,2 : 0.664"
"2,20 : 0.1726"
"20,2 : 0.1726"
"2,21 : 0.1503"
"21,2 : 0.1503"
"2,22 : 0.8641"
"22,2 : 0.8641"
"2,23 : 0.7242"
"23,2 : 0.7242"
"2,24 : 0.3606"
"24,2 : 0.3606"
"2,25 : 0.8322"
"25,2 : 0.8322"
"2,26 : 0.3736"
"26,2 : 0.3736"
"2,27 : 0.9527"
"27,2 : 0.9527"
"2,28 : 0.3506"
"28,2 : 0.3506"
"2,29 : 0.0728"
"29,2 : 0.0728"
"2,30 : 0.7801"
"30,2 : 0.7801"
"2,31 : 0.892"
"31,2 : 0.892"
"2,32 : 0.172"
"32,2 : 0.172"
"2,33 : 0.9651"
"33,2 : 0.9651"
"2,34 : 0.6341"
"34,2 : 0.6341"
"2,35 : 0.6977"
"35,2 : 0.6977"
"2,36 : 0.14"
"36,2 : 0.14"
"2,37 : 0.3256"
"37,2 : 0.3256"
"2,38 : 0.7071"
"38,2 : 0.7071"
"2,39 : 0.9596"
"39,2 : 0.9596"
"2,40 : 0.8355"
"40,2 : 0.8355"
"2,41 : 0.5914"
"41,2 : 0.5914"
"2,42 : 0.4205"
"42,2 : 0.4205"
"2,43 : 0.5608"
"43,2 : 0.5608"
"2,44 : 0.8078"
"44,2 : 0.8078"
"2,45 : 0.5546"
"45,2 : 0.5546"
"2,46 : 0.6263"
"46,2 : 0.6263"
"2,47 : 0.3808"
"47,2 : 0.3808"
"2,48 : 0.4071"
"48,2 : 0.4071"
"2,49 : 0.1803"
"49,2 : 0.1803"
"2,50 : 0.4817"
"50,2 : 0.4817"
"2,51 : 0.6401"
"51,2 : 0.6401"
"2,52 : 0.9617"
"52,2 : 0.9617"
"2,53 : 0.5404"
"53,2 : 0.5404"
"2,54 : 0.6551"
"54,2 : 0.6551"
"2,55 : 0.6648"
"55,2 : 0.6648"
"2,56 : 0.4687"
"56,2 : 0.4687"
"2,57 : 0.9849"
"57,2 : 0.9849"
"2,58 : 0.6754"
"58,2 : 0.6754"
"2,59 : 0.3276"
"59,2 : 0.3276"
"2,60 : 0.7783"
"60,2 : 0.7783"
"2,61 : 0.5101"
"61,2 : 0.5101"
"2,62 : 0.0707"
"62,2 : 0.0707"
"2,63 : 0.2943"
"63,2 : 0.2943"
"2,64 : 1.0655"
"64,2 : 1.0655"
"2,65 : 0.5757"
"65,2 : 0.5757"
"2,66 : 0.622"
"66,2 : 0.622"
"2,67 : 0.913"
"67,2 : 0.913"
"2,68 : 0.614"
"68,2 : 0.614"
"2,69 : 0.39"
"69,2 : 0.39"
"2,70 : 0.5155"
"70,2 : 0.5155"
"2,71 : 0.1208"
"71,2 : 0.1208"
"2,72 : 0.8096"
"72,2 : 0.8096"
"2,73 : 0.5814"
"73,2 : 0.5814"
"2,74 : 0.8693"
"74,2 : 0.8693"
"2,75 : 0.2319"
"75,2 : 0.2319"
"2,76 : 0.805"
"76,2 : 0.805"
"2,77 : 0.3114"
"77,2 : 0.3114"
"2,78 : 0.5215"
"78,2 : 0.5215"
"2,79 : 0.5004"
"79,2 : 0.5004"
"2,80 : 0.1942"
"80,2 : 0.1942"
"2,81 : 0.5921"
"81,2 : 0.5921"
"2,82 : 0.3574"
"82,2 : 0.3574"
"2,83 : 0.9879"
"83,2 : 0.9879"
"2,84 : 0.191"
"84,2 : 0.191"
"2,85 : 0.3905"
"85,2 : 0.3905"
"2,86 : 0.3423"
"86,2 : 0.3423"
"2,87 : 0.4686"
"87,2 : 0.4686"
"2,88 : 0.5408"
"88,2 : 0.5408"
"2,89 : 0.3298"
"89,2 : 0.3298"
"2,90 : 0.39"
"90,2 : 0.39"
"2,91 : 0.1414"
"91,2 : 0.1414"
"2,92 : 0.3688"
"92,2 : 0.3688"
"2,93 : 0.8705"
"93,2 : 0.8705"
"2,94 : 0.6935"
"94,2 : 0.6935"
"2,95 : 0.849"
"95,2 : 0.849"
"2,96 : 0.636"
"96,2 : 0.636"
"2,97 : 0.1628"
"97,2 : 0.1628"
"2,98 : 0.6084"
"98,2 : 0.6084"
"2,99 : 0.2807"
"99,2 : 0.2807"
"3,4 : 0.4904"
"4,3 : 0.4904"
"3,5 : 0.8905"
"5,3 : 0.8905"
"3,6 : 0.7004"
"6,3 : 0.7004"
"3,7 : 0.4332"
"7,3 : 0.4332"
"3,8 : 1.0717"
"8,3 : 1.0717"
"3,9 : 0.7184"
"9,3 : 0.7184"
"3,10 : 1.0044"
"10,3 : 1.0044"
"3,11 : 0.9749"
"11,3 : 0.9749"
"3,12 : 0.856"
"12,3 : 0.856"
"3,13 : 0.8573"
"13,3 : 0.8573"
"3,14 : 0.5197"
"14,3 : 0.5197"
"3,15 : 0.4837"
"15,3 : 0.4837"
"3,16 : 0.6054"
"16,3 : 0.6054"
"3,17 : 0.559"
"17,3 : 0.559"
"3,18 : 0.5728"
"18,3 : 0.5728"
"3,19 : 0.3901"
"19,3 : 0.3901"
"3,20 : 0.9168"
"20,3 : 0.9168"
"3,21 : 0.9411"
"21,3 : 0.9411"
"3,22 : 0.7513"
"22,3 : 0.7513"
"3,23 : 0.286"
"23,3 : 0.286"
"3,24 : 0.8016"
"24,3 : 0.8016"
"3,25 : 0.8683"
"25,3 : 0.8683"
"3,26 : 0.8205"
"26,3 : 0.8205"
"3,27 : 0.0632"
"27,3 : 0.0632"
"3,28 : 0.9009"
"28,3 : 0.9009"
"3,29 : 1.0107"
"29,3 : 1.0107"
"3,30 : 0.4238"
"30,3 : 0.4238"
"3,31 : 0.6946"
"31,3 : 0.6946"
"3,32 : 0.9211"
"32,3 : 0.9211"
"3,33 : 0.222"
"33,3 : 0.222"
"3,34 : 0.8859"
"34,3 : 0.8859"
"3,35 : 0.7708"
"35,3 : 0.7708"
"3,36 : 0.8721"
"36,3 : 0.8721"
"3,37 : 0.9135"
"37,3 : 0.9135"
"3,38 : 0.9841"
"38,3 : 0.9841"
"3,39 : 0.9278"
"39,3 : 0.9278"
"3,40 : 0.2508"
"40,3 : 0.2508"
"3,41 : 0.481"
"41,3 : 0.481"
"3,42 : 1.2108"
"42,3 : 1.2108"
"3,43 : 0.4512"
"43,3 : 0.4512"
"3,44 : 0.2319"
"44,3 : 0.2319"
"3,45 : 0.7572"
"45,3 : 0.7572"
"3,46 : 0.6848"
"46,3 : 0.6848"
"3,47 : 0.73"
"47,3 : 0.73"
"3,48 : 0.7306"
"48,3 : 0.7306"
"3,49 : 0.8194"
"49,3 : 0.8194"
"3,50 : 0.9605"
"50,3 : 0.9605"
"3,51 : 0.3688"
"51,3 : 0.3688"
"3,52 : 0.67"
"52,3 : 0.67"
"3,53 : 0.5025"
"53,3 : 0.5025"
"3,54 : 0.3635"
"54,3 : 0.3635"
"3,55 : 0.6351"
"55,3 : 0.6351"
"3,56 : 0.5457"
"56,3 : 0.5457"
"3,57 : 0.0224"
"57,3 : 0.0224"
"3,58 : 0.7697"
"58,3 : 0.7697"
"3,59 : 0.756"
"59,3 : 0.756"
"3,60 : 0.2319"
"60,3 : 0.2319"
"3,61 : 0.559"
"61,3 : 0.559"
"3,62 : 0.9311"
"62,3 : 0.9311"
"3,63 : 0.7159"
"63,3 : 0.7159"
"3,64 : 0.9101"
"64,3 : 0.9101"
"3,65 : 0.6712"
"65,3 : 0.6712"
"3,66 : 0.4205"
"66,3 : 0.4205"
"3,67 : 0.13"
"67,3 : 0.13"
"3,68 : 0.5547"
"68,3 : 0.5547"
"3,69 : 0.7779"
"69,3 : 0.7779"
"3,70 : 0.4876"
"70,3 : 0.4876"
"3,71 : 1.0034"
"71,3 : 1.0034"
"3,72 : 0.1942"
"72,3 : 0.1942"
"3,73 : 0.5482"
"73,3 : 0.5482"
"3,74 : 0.7398"
"74,3 : 0.7398"
"3,75 : 0.7783"
"75,3 : 0.7783"
"3,76 : 0.2022"
"76,3 : 0.2022"
"3,77 : 1.1323"
"77,3 : 1.1323"
"3,78 : 0.8242"
"78,3 : 0.8242"
"3,79 : 0.5597"
"79,3 : 0.5597"
"3,80 : 0.9806"
"80,3 : 0.9806"
"3,81 : 0.55"
"81,3 : 0.55"
"3,82 : 1.0904"
"82,3 : 1.0904"
"3,83 : 0.03"
"83,3 : 0.03"
"3,84 : 0.9513"
"84,3 : 0.9513"
"3,85 : 1.1322"
"85,3 : 1.1322"
"3,86 : 0.6774"
"86,3 : 0.6774"
"3,87 : 0.9731"
"87,3 : 0.9731"
"3,88 : 0.5235"
"88,3 : 0.5235"
"3,89 : 0.8429"
"89,3 : 0.8429"
"3,90 : 0.6093"
"90,3 : 0.6093"
"3,91 : 1.0445"
"91,3 : 1.0445"
"3,92 : 0.9546"
"92,3 : 0.9546"
"3,93 : 0.3635"
"93,3 : 0.3635"
"3,94 : 0.7393"
"94,3 : 0.7393"
"3,95 : 0.6181"
"95,3 : 0.6181"
"3,96 : 1.0496"
"96,3 : 1.0496"
"3,97 : 1.0462"
"97,3 : 1.0462"
"3,98 : 1.1486"
"98,3 : 1.1486"
"3,99 : 0.9067"
"99,3 : 0.9067"
"4,5 : 0.7819"
"5,4 : 0.7819"
"4,6 : 0.2209"
"6,4 : 0.2209"
"4,7 : 0.06"
"7,4 : 0.06"
"4,8 : 0.7147"
"8,4 : 0.7147"
"4,9 : 0.3228"
"9,4 : 0.3228"
"4,10 : 0.5622"
"10,4 : 0.5622"
"4,11 : 0.5"
"11,4 : 0.5"
"4,12 : 0.5423"
"12,4 : 0.5423"
"4,13 : 0.7147"
"13,4 : 0.7147"
"4,14 : 0.1217"
"14,4 : 0.1217"
"4,15 : 0.0806"
"15,4 : 0.0806"
"4,16 : 0.1772"
"16,4 : 0.1772"
"4,17 : 0.5523"
"17,4 : 0.5523"
"4,18 : 0.2668"
"18,4 : 0.2668"
"4,19 : 0.17"
"19,4 : 0.17"
"4,20 : 0.4276"
"20,4 : 0.4276"
"4,21 : 0.4512"
"21,4 : 0.4512"
"4,22 : 0.6896"
"22,4 : 0.6896"
"4,23 : 0.2419"
"23,4 : 0.2419"
"4,24 : 0.3421"
"24,4 : 0.3421"
"4,25 : 0.7433"
"25,4 : 0.7433"
"4,26 : 0.3669"
"26,4 : 0.3669"
"4,27 : 0.4401"
"27,4 : 0.4401"
"4,28 : 0.4415"
"28,4 : 0.4415"
"4,29 : 0.536"
"29,4 : 0.536"
"4,30 : 0.4201"
"30,4 : 0.4201"
"4,31 : 0.6742"
"31,4 : 0.6742"
"4,32 : 0.4675"
"32,4 : 0.4675"
"4,33 : 0.5064"
"33,4 : 0.5064"
"4,34 : 0.642"
"34,4 : 0.642"
"4,35 : 0.5948"
"35,4 : 0.5948"
"4,36 : 0.3982"
"36,4 : 0.3982"
"4,37 : 0.5148"
"37,4 : 0.5148"
"4,38 : 0.7517"
"38,4 : 0.7517"
"4,39 : 0.8549"
"39,4 : 0.8549"
"4,40 : 0.3808"
"40,4 : 0.3808"
"4,41 : 0.2524"
"41,4 : 0.2524"
"4,42 : 0.7961"
"42,4 : 0.7961"
"4,43 : 0.05"
"43,4 : 0.05"
"4,44 : 0.2941"
"44,4 : 0.2941"
"4,45 : 0.4925"
"45,4 : 0.4925"
"4,46 : 0.4808"
"46,4 : 0.4808"
"4,47 : 0.3493"
"47,4 : 0.3493"
"4,48 : 0.2823"
"48,4 : 0.2823"
"4,49 : 0.3384"
"49,4 : 0.3384"
"4,50 : 0.6237"
"50,4 : 0.6237"
"4,51 : 0.1253"
"51,4 : 0.1253"
"4,52 : 0.7084"
"52,4 : 0.7084"
"4,53 : 0.0949"
"53,4 : 0.0949"
"4,54 : 0.1421"
"54,4 : 0.1421"
"4,55 : 0.4701"
"55,4 : 0.4701"
"4,56 : 0.0608"
"56,4 : 0.0608"
"4,57 : 0.4743"
"57,4 : 0.4743"
"4,58 : 0.5797"
"58,4 : 0.5797"
"4,59 : 0.3454"
"59,4 : 0.3454"
"4,60 : 0.264"
"60,4 : 0.264"
"4,61 : 0.2474"
"61,4 : 0.2474"
"4,62 : 0.4494"
"62,4 : 0.4494"
"4,63 : 0.2561"
"63,4 : 0.2561"
"4,64 : 0.9074"
"64,4 : 0.9074"
"4,65 : 0.4317"
"65,4 : 0.4317"
"4,66 : 0.13"
"66,4 : 0.13"
"4,67 : 0.3982"
"67,4 : 0.3982"
"4,68 : 0.3578"
"68,4 : 0.3578"
"4,69 : 0.41"
"69,4 : 0.41"
"4,70 : 0.0985"
"70,4 : 0.0985"
"4,71 : 0.5381"
"71,4 : 0.5381"
"4,72 : 0.2973"
"72,4 : 0.2973"
"4,73 : 0.3178"
"73,4 : 0.3178"
"4,74 : 0.686"
"74,4 : 0.686"
"4,75 : 0.3111"
"75,4 : 0.3111"
"4,76 : 0.2915"
"76,4 : 0.2915"
"4,77 : 0.7"
"77,4 : 0.7"
"4,78 : 0.5301"
"78,4 : 0.5301"
"4,79 : 0.2354"
"79,4 : 0.2354"
"4,80 : 0.4937"
"80,4 : 0.4937"
"4,81 : 0.3311"
"81,4 : 0.3311"
"4,82 : 0.681"
"82,4 : 0.681"
"4,83 : 0.4827"
"83,4 : 0.4827"
"4,84 : 0.5045"
"84,4 : 0.5045"
"4,85 : 0.7256"
"85,4 : 0.7256"
"4,86 : 0.2371"
"86,4 : 0.2371"
"4,87 : 0.6282"
"87,4 : 0.6282"
"4,88 : 0.2377"
"88,4 : 0.2377"
"4,89 : 0.3766"
"89,4 : 0.3766"
"4,90 : 0.1345"
"90,4 : 0.1345"
"4,91 : 0.5805"
"91,4 : 0.5805"
"4,92 : 0.5701"
"92,4 : 0.5701"
"4,93 : 0.4741"
"93,4 : 0.4741"
"4,94 : 0.5692"
"94,4 : 0.5692"
"4,95 : 0.5982"
"95,4 : 0.5982"
"4,96 : 0.7632"
"96,4 : 0.7632"
"4,97 : 0.5869"
"97,4 : 0.5869"
"4,98 : 0.8223"
"98,4 : 0.8223"
"4,99 : 0.431"
"99,4 : 0.431"
"5,6 : 0.9014"
"6,5 : 0.9014"
"5,7 : 0.7624"
"7,5 : 0.7624"
"5,8 : 0.5025"
"8,5 : 0.5025"
"5,9 : 0.5597"
"9,5 : 0.5597"
"5,10 : 0.6935"
"10,5 : 0.6935"
"5,11 : 0.8045"
"11,5 : 0.8045"
"5,12 : 0.3808"
"12,5 : 0.3808"
"5,13 : 0.0781"
"13,5 : 0.0781"
"5,14 : 0.6631"
"14,5 : 0.6631"
"5,15 : 0.8603"
"15,5 : 0.8603"
"5,16 : 0.65"
"16,5 : 0.65"
"5,17 : 0.3324"
"17,5 : 0.3324"
"5,18 : 0.5189"
"18,5 : 0.5189"
"5,19 : 0.9024"
"19,5 : 0.9024"
"5,20 : 0.9552"
"20,5 : 0.9552"
"5,21 : 0.9567"
"21,5 : 0.9567"
"5,22 : 0.1432"
"22,5 : 0.1432"
"5,23 : 0.7011"
"23,5 : 0.7011"
"5,24 : 1.022"
"24,5 : 1.022"
"5,25 : 0.0424"
"25,5 : 0.0424"
"5,26 : 1.05"
"26,5 : 1.05"
"5,27 : 0.8994"
"27,5 : 0.8994"
"5,28 : 1.0922"
"28,5 : 1.0922"
"5,29 : 0.8199"
"29,5 : 0.8199"
"5,30 : 0.4727"
"30,5 : 0.4727"
"5,31 : 0.211"
"31,5 : 0.211"
"5,32 : 0.7018"
"32,5 : 0.7018"
"5,33 : 0.6862"
"33,5 : 0.6862"
"5,34 : 0.247"
"34,5 : 0.247"
"5,35 : 0.1942"
"35,5 : 0.1942"
"5,36 : 0.7606"
"36,5 : 0.7606"
"5,37 : 0.5547"
"37,5 : 0.5547"
"5,38 : 0.2309"
"38,5 : 0.2309"
"5,39 : 0.086"
"39,5 : 0.086"
"5,40 : 0.6463"
"40,5 : 0.6463"
"5,41 : 0.5385"
"41,5 : 0.5385"
"5,42 : 0.7125"
"42,5 : 0.7125"
"5,43 : 0.8096"
"43,5 : 0.8096"
"5,44 : 0.9009"
"44,5 : 0.9009"
"5,45 : 0.3324"
"45,5 : 0.3324"
"5,46 : 0.3041"
"46,5 : 0.3041"
"5,47 : 0.5308"
"47,5 : 0.5308"
"5,48 : 0.9986"
"48,5 : 0.9986"
"5,49 : 0.7779"
"49,5 : 0.7779"
"5,50 : 0.4272"
"50,5 : 0.4272"
"5,51 : 0.8081"
"51,5 : 0.8081"
"5,52 : 0.2759"
"52,5 : 0.2759"
"5,53 : 0.8766"
"53,5 : 0.8766"
"5,54 : 0.8374"
"54,5 : 0.8374"
"5,55 : 0.3132"
"55,5 : 0.3132"
"5,56 : 0.8144"
"56,5 : 0.8144"
"5,57 : 0.8963"
"57,5 : 0.8963"
"5,58 : 0.214"
"58,5 : 0.214"
"5,59 : 0.5798"
"59,5 : 0.5798"
"5,60 : 0.841"
"60,5 : 0.841"
"5,61 : 0.5371"
"61,5 : 0.5371"
"5,62 : 0.822"
"62,5 : 0.822"
"5,63 : 0.6888"
"63,5 : 0.6888"
"5,64 : 0.204"
"64,5 : 0.204"
"5,65 : 0.3585"
"65,5 : 0.3585"
"5,66 : 0.8806"
"66,5 : 0.8806"
"5,67 : 0.9227"
"67,5 : 0.9227"
"5,68 : 0.4272"
"68,5 : 0.4272"
"5,69 : 0.4958"
"69,5 : 0.4958"
"5,70 : 0.6835"
"70,5 : 0.6835"
"5,71 : 0.7741"
"71,5 : 0.7741"
"5,72 : 0.83"
"72,5 : 0.83"
"5,73 : 0.4649"
"73,5 : 0.4649"
"5,74 : 0.1565"
"74,5 : 0.1565"
"5,75 : 0.7142"
"75,5 : 0.7142"
"5,76 : 0.8401"
"76,5 : 0.8401"
"5,77 : 0.7203"
"77,5 : 0.7203"
"5,78 : 0.3523"
"78,5 : 0.3523"
"5,79 : 0.5504"
"79,5 : 0.5504"
"5,80 : 1.0207"
"80,5 : 1.0207"
"5,81 : 0.4522"
"81,5 : 0.4522"
"5,82 : 0.6356"
"82,5 : 0.6356"
"5,83 : 0.8612"
"83,5 : 0.8612"
"5,84 : 0.6896"
"84,5 : 0.6896"
"5,85 : 0.6478"
"85,5 : 0.6478"
"5,86 : 0.65"
"86,5 : 0.65"
"5,87 : 0.4464"
"87,5 : 0.4464"
"5,88 : 0.5442"
"88,5 : 0.5442"
"5,89 : 1.0308"
"89,5 : 1.0308"
"5,90 : 0.7306"
"90,5 : 0.7306"
"5,91 : 0.7872"
"91,5 : 0.7872"
"5,92 : 0.5292"
"92,5 : 0.5292"
"5,93 : 0.5289"
"93,5 : 0.5289"
"5,94 : 0.2147"
"94,5 : 0.2147"
"5,95 : 0.2751"
"95,5 : 0.2751"
"5,96 : 0.3513"
"96,5 : 0.3513"
"5,97 : 0.7697"
"97,5 : 0.7697"
"5,98 : 0.4752"
"98,5 : 0.4752"
"5,99 : 1.04"
"99,5 : 1.04"
"6,7 : 0.2807"
"7,6 : 0.2807"
"6,8 : 0.7"
"8,6 : 0.7"
"6,9 : 0.3547"
"9,6 : 0.3547"
"6,10 : 0.478"
"10,6 : 0.478"
"6,11 : 0.3672"
"11,6 : 0.3672"
"6,12 : 0.5852"
"12,6 : 0.5852"
"6,13 : 0.8268"
"13,6 : 0.8268"
"6,14 : 0.2778"
"14,6 : 0.2778"
"6,15 : 0.2184"
"15,6 : 0.2184"
"6,16 : 0.255"
"16,6 : 0.255"
"6,17 : 0.7301"
"17,6 : 0.7301"
"6,18 : 0.396"
"18,6 : 0.396"
"6,19 : 0.327"
"19,6 : 0.327"
"6,20 : 0.2236"
"20,6 : 0.2236"
"6,21 : 0.2506"
"21,6 : 0.2506"
"6,22 : 0.8355"
"22,6 : 0.8355"
"6,23 : 0.4627"
"23,6 : 0.4627"
"6,24 : 0.1304"
"24,6 : 0.1304"
"6,25 : 0.8598"
"25,6 : 0.8598"
"6,26 : 0.1581"
"26,6 : 0.1581"
"6,27 : 0.6454"
"27,6 : 0.6454"
"6,28 : 0.2247"
"28,6 : 0.2247"
"6,29 : 0.3996"
"29,6 : 0.3996"
"6,30 : 0.6172"
"30,6 : 0.6172"
"6,31 : 0.8349"
"31,6 : 0.8349"
"6,32 : 0.3808"
"32,6 : 0.3808"
"6,33 : 0.7269"
"33,6 : 0.7269"
"6,34 : 0.7131"
"34,6 : 0.7131"
"6,35 : 0.7072"
"35,6 : 0.7072"
"6,36 : 0.2846"
"36,6 : 0.2846"
"6,37 : 0.4901"
"37,6 : 0.4901"
"6,38 : 0.816"
"38,6 : 0.816"
"6,39 : 0.9823"
"39,6 : 0.9823"
"6,40 : 0.6002"
"40,6 : 0.6002"
"6,41 : 0.4272"
"41,6 : 0.4272"
"6,42 : 0.7212"
"42,6 : 0.7212"
"6,43 : 0.2508"
"43,6 : 0.2508"
"6,44 : 0.4838"
"44,6 : 0.4838"
"6,45 : 0.5771"
"45,6 : 0.5771"
"6,46 : 0.6"
"46,6 : 0.6"
"6,47 : 0.3863"
"47,6 : 0.3863"
"6,48 : 0.0985"
"48,6 : 0.0985"
"6,49 : 0.2184"
"49,6 : 0.2184"
"6,50 : 0.6364"
"50,6 : 0.6364"
"6,51 : 0.3324"
"51,6 : 0.3324"
"6,52 : 0.8824"
"52,6 : 0.8824"
"6,53 : 0.2025"
"53,6 : 0.2025"
"6,54 : 0.3373"
"54,6 : 0.3373"
"6,55 : 0.6088"
"55,6 : 0.6088"
"6,56 : 0.1603"
"56,6 : 0.1603"
"6,57 : 0.6825"
"57,6 : 0.6825"
"6,58 : 0.688"
"58,6 : 0.688"
"6,59 : 0.3517"
"59,6 : 0.3517"
"6,60 : 0.4687"
"60,6 : 0.4687"
"6,61 : 0.3821"
"61,6 : 0.3821"
"6,62 : 0.3053"
"62,6 : 0.3053"
"6,63 : 0.228"
"63,6 : 0.228"
"6,64 : 1.0555"
"64,6 : 1.0555"
"6,65 : 0.5441"
"65,6 : 0.5441"
"6,66 : 0.2879"
"66,6 : 0.2879"
"6,67 : 0.5948"
"67,6 : 0.5948"
"6,68 : 0.5099"
"68,6 : 0.5099"
"6,69 : 0.4397"
"69,6 : 0.4397"
"6,70 : 0.2823"
"70,6 : 0.2823"
"6,71 : 0.4205"
"71,6 : 0.4205"
"6,72 : 0.5064"
"72,6 : 0.5064"
"6,73 : 0.4675"
"73,6 : 0.4675"
"6,74 : 0.8349"
"74,6 : 0.8349"
"6,75 : 0.24"
"75,6 : 0.24"
"6,76 : 0.4982"
"76,6 : 0.4982"
"6,77 : 0.6135"
"77,6 : 0.6135"
"6,78 : 0.5887"
"78,6 : 0.5887"
"6,79 : 0.368"
"79,6 : 0.368"
"6,80 : 0.2816"
"80,6 : 0.2816"
"6,81 : 0.4817"
"81,6 : 0.4817"
"6,82 : 0.6217"
"82,6 : 0.6217"
"6,83 : 0.6958"
"83,6 : 0.6958"
"6,84 : 0.422"
"84,6 : 0.422"
"6,85 : 0.6649"
"85,6 : 0.6649"
"6,86 : 0.255"
"86,6 : 0.255"
"6,87 : 0.6339"
"87,6 : 0.6339"
"6,88 : 0.392"
"88,6 : 0.392"
"6,89 : 0.1581"
"89,6 : 0.1581"
"6,90 : 0.1769"
"90,6 : 0.1769"
"6,91 : 0.4607"
"91,6 : 0.4607"
"6,92 : 0.5501"
"92,6 : 0.5501"
"6,93 : 0.6835"
"93,6 : 0.6835"
"6,94 : 0.6882"
"94,6 : 0.6882"
"6,95 : 0.7669"
"95,6 : 0.7669"
"6,96 : 0.7943"
"96,6 : 0.7943"
"6,97 : 0.4742"
"97,6 : 0.4742"
"6,98 : 0.8205"
"98,6 : 0.8205"
"6,99 : 0.2102"
"99,6 : 0.2102"
"7,8 : 0.7354"
"8,7 : 0.7354"
"7,9 : 0.3444"
"9,7 : 0.3444"
"7,10 : 0.6014"
"10,7 : 0.6014"
"7,11 : 0.5492"
"11,7 : 0.5492"
"7,12 : 0.5511"
"12,7 : 0.5511"
"7,13 : 0.6986"
"13,7 : 0.6986"
"7,14 : 0.1265"
"14,7 : 0.1265"
"7,15 : 0.1063"
"15,7 : 0.1063"
"7,16 : 0.2025"
"16,7 : 0.2025"
"7,17 : 0.514"
"17,7 : 0.514"
"7,18 : 0.26"
"18,7 : 0.26"
"7,19 : 0.1513"
"19,7 : 0.1513"
"7,20 : 0.4866"
"20,7 : 0.4866"
"7,21 : 0.5099"
"21,7 : 0.5099"
"7,22 : 0.6621"
"22,7 : 0.6621"
"7,23 : 0.1825"
"23,7 : 0.1825"
"7,24 : 0.4002"
"24,7 : 0.4002"
"7,25 : 0.7253"
"25,7 : 0.7253"
"7,26 : 0.4245"
"26,7 : 0.4245"
"7,27 : 0.3848"
"27,7 : 0.3848"
"7,28 : 0.5001"
"28,7 : 0.5001"
"7,29 : 0.5852"
"29,7 : 0.5852"
"7,30 : 0.3748"
"30,7 : 0.3748"
"7,31 : 0.6414"
"31,7 : 0.6414"
"7,32 : 0.5093"
"32,7 : 0.5093"
"7,33 : 0.4472"
"33,7 : 0.4472"
"7,34 : 0.6401"
"34,7 : 0.6401"
"7,35 : 0.5805"
"35,7 : 0.5805"
"7,36 : 0.4465"
"36,7 : 0.4465"
"7,37 : 0.542"
"37,7 : 0.542"
"7,38 : 0.7501"
"38,7 : 0.7501"
"7,39 : 0.8322"
"39,7 : 0.8322"
"7,40 : 0.3228"
"40,7 : 0.3228"
"7,41 : 0.2247"
"41,7 : 0.2247"
"7,42 : 0.8301"
"42,7 : 0.8301"
"7,43 : 0.05"
"43,7 : 0.05"
"7,44 : 0.2476"
"44,7 : 0.2476"
"7,45 : 0.4901"
"45,7 : 0.4901"
"7,46 : 0.4669"
"46,7 : 0.4669"
"7,47 : 0.3677"
"47,7 : 0.3677"
"7,48 : 0.3384"
"48,7 : 0.3384"
"7,49 : 0.3895"
"49,7 : 0.3895"
"7,50 : 0.6389"
"50,7 : 0.6389"
"7,51 : 0.0781"
"51,7 : 0.0781"
"7,52 : 0.6701"
"52,7 : 0.6701"
"7,53 : 0.1273"
"53,7 : 0.1273"
"7,54 : 0.103"
"54,7 : 0.103"
"7,55 : 0.4492"
"55,7 : 0.4492"
"7,56 : 0.1204"
"56,7 : 0.1204"
"7,57 : 0.4179"
"57,7 : 0.4179"
"7,58 : 0.5672"
"58,7 : 0.5672"
"7,59 : 0.3722"
"59,7 : 0.3722"
"7,60 : 0.211"
"60,7 : 0.211"
"7,61 : 0.24"
"61,7 : 0.24"
"7,62 : 0.5012"
"62,7 : 0.5012"
"7,63 : 0.2973"
"63,7 : 0.2973"
"7,64 : 0.8771"
"64,7 : 0.8771"
"7,65 : 0.4219"
"65,7 : 0.4219"
"7,66 : 0.1204"
"66,7 : 0.1204"
"7,67 : 0.3467"
"67,7 : 0.3467"
"7,68 : 0.3353"
"68,7 : 0.3353"
"7,69 : 0.4272"
"69,7 : 0.4272"
"7,70 : 0.0922"
"70,7 : 0.0922"
"7,71 : 0.5841"
"71,7 : 0.5841"
"7,72 : 0.2417"
"72,7 : 0.2417"
"7,73 : 0.2983"
"73,7 : 0.2983"
"7,74 : 0.6574"
"74,7 : 0.6574"
"7,75 : 0.3561"
"75,7 : 0.3561"
"7,76 : 0.2371"
"76,7 : 0.2371"
"7,77 : 0.7376"
"77,7 : 0.7376"
"7,78 : 0.5346"
"78,7 : 0.5346"
"7,79 : 0.2302"
"79,7 : 0.2302"
"7,80 : 0.5533"
"80,7 : 0.5533"
"7,81 : 0.3105"
"81,7 : 0.3105"
"7,82 : 0.7128"
"82,7 : 0.7128"
"7,83 : 0.4245"
"83,7 : 0.4245"
"7,84 : 0.5445"
"84,7 : 0.5445"
"7,85 : 0.7572"
"85,7 : 0.7572"
"7,86 : 0.2702"
"86,7 : 0.2702"
"7,87 : 0.6451"
"87,7 : 0.6451"
"7,88 : 0.222"
"88,7 : 0.222"
"7,89 : 0.4357"
"89,7 : 0.4357"
"7,90 : 0.1803"
"90,7 : 0.1803"
"7,91 : 0.6263"
"91,7 : 0.6263"
"7,92 : 0.5948"
"92,7 : 0.5948"
"7,93 : 0.4219"
"93,7 : 0.4219"
"7,94 : 0.5532"
"94,7 : 0.5532"
"7,95 : 0.563"
"95,7 : 0.563"
"7,96 : 0.771"
"96,7 : 0.771"
"7,97 : 0.6313"
"97,7 : 0.6313"
"7,98 : 0.8382"
"98,7 : 0.8382"
"7,99 : 0.4909"
"99,7 : 0.4909"
"8,9 : 0.3922"
"9,8 : 0.3922"
"8,10 : 0.2729"
"10,8 : 0.2729"
"8,11 : 0.4205"
"11,8 : 0.4205"
"8,12 : 0.2202"
"12,8 : 0.2202"
"8,13 : 0.44"
"13,8 : 0.44"
"8,14 : 0.6093"
"14,8 : 0.6093"
"8,15 : 0.7885"
"15,8 : 0.7885"
"8,16 : 0.5376"
"16,8 : 0.5376"
"8,17 : 0.6488"
"17,8 : 0.6488"
"8,18 : 0.5048"
"18,8 : 0.5048"
"8,19 : 0.8826"
"19,8 : 0.8826"
"8,20 : 0.6325"
"20,8 : 0.6325"
"8,21 : 0.6203"
"21,8 : 0.6203"
"8,22 : 0.5657"
"22,8 : 0.5657"
"8,23 : 0.7963"
"23,8 : 0.7963"
"8,24 : 0.7778"
"24,8 : 0.7778"
"8,25 : 0.4704"
"25,8 : 0.4704"
"8,26 : 0.8006"
"26,8 : 0.8006"
"8,27 : 1.05"
"27,8 : 1.05"
"8,28 : 0.8078"
"28,8 : 0.8078"
"8,29 : 0.4168"
"29,8 : 0.4168"
"8,30 : 0.692"
"30,8 : 0.692"
"8,31 : 0.6237"
"31,8 : 0.6237"
"8,32 : 0.3421"
"32,8 : 0.3421"
"8,33 : 0.9372"
"33,8 : 0.9372"
"8,34 : 0.2729"
"34,8 : 0.2729"
"8,35 : 0.4052"
"35,8 : 0.4052"
"8,36 : 0.4393"
"36,8 : 0.4393"
"8,37 : 0.2102"
"37,8 : 0.2102"
"8,38 : 0.2789"
"38,8 : 0.2789"
"8,39 : 0.5787"
"39,8 : 0.5787"
"8,40 : 0.8344"
"40,8 : 0.8344"
"8,41 : 0.592"
"41,8 : 0.592"
"8,42 : 0.2102"
"42,8 : 0.2102"
"8,43 : 0.7622"
"43,8 : 0.7622"
"8,44 : 0.9665"
"44,8 : 0.9665"
"8,45 : 0.3302"
"45,8 : 0.3302"
"8,46 : 0.4219"
"46,8 : 0.4219"
"8,47 : 0.3677"
"47,8 : 0.3677"
"8,48 : 0.791"
"48,8 : 0.791"
"8,49 : 0.4937"
"49,8 : 0.4937"
"8,50 : 0.114"
"50,8 : 0.114"
"8,51 : 0.8102"
"51,8 : 0.8102"
"8,52 : 0.7061"
"52,8 : 0.7061"
"8,53 : 0.7931"
"53,8 : 0.7931"
"8,54 : 0.8377"
"54,8 : 0.8377"
"8,55 : 0.4802"
"55,8 : 0.4802"
"8,56 : 0.7083"
"56,8 : 0.7083"
"8,57 : 1.0667"
"57,8 : 1.0667"
"8,58 : 0.389"
"58,8 : 0.389"
"8,59 : 0.3711"
"59,8 : 0.3711"
"8,60 : 0.9142"
"60,8 : 0.9142"
"8,61 : 0.5215"
"61,8 : 0.5215"
"8,62 : 0.4682"
"62,8 : 0.4682"
"8,63 : 0.4837"
"63,8 : 0.4837"
"8,64 : 0.7058"
"64,8 : 0.7058"
"8,65 : 0.4123"
"65,8 : 0.4123"
"8,66 : 0.8443"
"66,8 : 0.8443"
"8,67 : 1.0401"
"67,8 : 1.0401"
"8,68 : 0.5235"
"68,8 : 0.5235"
"8,69 : 0.3087"
"69,8 : 0.3087"
"8,70 : 0.6447"
"70,8 : 0.6447"
"8,71 : 0.3672"
"71,8 : 0.3672"
"8,72 : 0.9265"
"72,8 : 0.9265"
"8,73 : 0.524"
"73,8 : 0.524"
"8,74 : 0.5771"
"74,8 : 0.5771"
"8,75 : 0.46"
"75,8 : 0.46"
"8,76 : 0.9296"
"76,8 : 0.9296"
"8,77 : 0.2332"
"77,8 : 0.2332"
"8,78 : 0.2581"
"78,8 : 0.2581"
"8,79 : 0.5248"
"79,8 : 0.5248"
"8,80 : 0.6762"
"80,8 : 0.6762"
"8,81 : 0.5235"
"81,8 : 0.5235"
"8,82 : 0.15"
"82,8 : 0.15"
"8,83 : 1.0489"
"83,8 : 1.0489"
"8,84 : 0.3068"
"84,8 : 0.3068"
"8,85 : 0.1487"
"85,8 : 0.1487"
"8,86 : 0.4827"
"86,8 : 0.4827"
"8,87 : 0.099"
"87,8 : 0.099"
"8,88 : 0.5547"
"88,8 : 0.5547"
"8,89 : 0.7649"
"89,8 : 0.7649"
"8,90 : 0.5944"
"90,8 : 0.5944"
"8,91 : 0.3581"
"91,8 : 0.3581"
"8,92 : 0.1503"
"92,8 : 0.1503"
"8,93 : 0.7882"
"93,8 : 0.7882"
"8,94 : 0.4238"
"94,8 : 0.4238"
"8,95 : 0.6263"
"95,8 : 0.6263"
"8,96 : 0.17"
"96,8 : 0.17"
"8,97 : 0.336"
"97,8 : 0.336"
"8,98 : 0.1237"
"98,8 : 0.1237"
"8,99 : 0.7404"
"99,8 : 0.7404"
"9,10 : 0.2907"
"10,9 : 0.2907"
"9,11 : 0.3102"
"11,9 : 0.3102"
"9,12 : 0.2335"
"12,9 : 0.2335"
"9,13 : 0.4827"
"13,9 : 0.4827"
"9,14 : 0.2195"
"14,9 : 0.2195"
"9,15 : 0.3981"
"15,9 : 0.3981"
"9,16 : 0.1456"
"16,9 : 0.1456"
"9,17 : 0.4707"
"17,9 : 0.4707"
"9,18 : 0.1581"
"18,9 : 0.1581"
"9,19 : 0.4904"
"19,9 : 0.4904"
"9,20 : 0.4022"
"20,9 : 0.4022"
"9,21 : 0.4082"
"21,9 : 0.4082"
"9,22 : 0.5187"
"22,9 : 0.5187"
"9,23 : 0.4328"
"23,9 : 0.4328"
"9,24 : 0.4665"
"24,9 : 0.4665"
"9,25 : 0.5174"
"25,9 : 0.5174"
"9,26 : 0.494"
"26,9 : 0.494"
"9,27 : 0.6862"
"27,9 : 0.6862"
"9,28 : 0.5326"
"28,9 : 0.5326"
"9,29 : 0.3401"
"29,9 : 0.3401"
"9,30 : 0.423"
"30,9 : 0.423"
"9,31 : 0.5367"
"31,9 : 0.5367"
"9,32 : 0.2236"
"32,9 : 0.2236"
"9,33 : 0.6332"
"33,9 : 0.6332"
"9,34 : 0.3585"
"34,9 : 0.3585"
"9,35 : 0.3677"
"35,9 : 0.3677"
"9,36 : 0.228"
"36,9 : 0.228"
"9,37 : 0.2"
"37,9 : 0.2"
"9,38 : 0.4617"
"38,9 : 0.4617"
"9,39 : 0.6438"
"39,9 : 0.6438"
"9,40 : 0.5099"
"40,9 : 0.5099"
"9,41 : 0.2508"
"41,9 : 0.2508"
"9,42 : 0.4952"
"42,9 : 0.4952"
"9,43 : 0.37"
"43,9 : 0.37"
"9,44 : 0.5825"
"44,9 : 0.5825"
"9,45 : 0.228"
"45,9 : 0.228"
"9,46 : 0.2746"
"46,9 : 0.2746"
"9,47 : 0.0316"
"47,9 : 0.0316"
"9,48 : 0.4531"
"48,9 : 0.4531"
"9,49 : 0.2247"
"49,9 : 0.2247"
"9,50 : 0.3027"
"50,9 : 0.3027"
"9,51 : 0.4206"
"51,9 : 0.4206"
"9,52 : 0.6017"
"52,9 : 0.6017"
"9,53 : 0.4045"
"53,9 : 0.4045"
"9,54 : 0.4472"
"54,9 : 0.4472"
"9,55 : 0.3046"
"55,9 : 0.3046"
"9,56 : 0.3214"
"56,9 : 0.3214"
"9,57 : 0.7094"
"57,9 : 0.7094"
"9,58 : 0.3466"
"58,9 : 0.3466"
"9,59 : 0.0412"
"59,9 : 0.0412"
"9,60 : 0.5341"
"60,9 : 0.5341"
"9,61 : 0.1655"
"61,9 : 0.1655"
"9,62 : 0.2983"
"62,9 : 0.2983"
"9,63 : 0.1304"
"63,9 : 0.1304"
"9,64 : 0.7325"
"64,9 : 0.7325"
"9,65 : 0.2195"
"65,9 : 0.2195"
"9,66 : 0.4522"
"66,9 : 0.4522"
"9,67 : 0.666"
"67,9 : 0.666"
"9,68 : 0.2502"
"68,9 : 0.2502"
"9,69 : 0.09"
"69,9 : 0.09"
"9,70 : 0.2555"
"70,9 : 0.2555"
"9,71 : 0.314"
"71,9 : 0.314"
"9,72 : 0.5523"
"72,9 : 0.5523"
"9,73 : 0.2209"
"73,9 : 0.2209"
"9,74 : 0.5215"
"74,9 : 0.5215"
"9,75 : 0.1581"
"75,9 : 0.1581"
"9,76 : 0.5532"
"76,9 : 0.5532"
"9,77 : 0.414"
"77,9 : 0.414"
"9,78 : 0.2341"
"78,9 : 0.2341"
"9,79 : 0.1612"
"79,9 : 0.1612"
"9,80 : 0.4717"
"80,9 : 0.4717"
"9,81 : 0.2302"
"81,9 : 0.2302"
"9,82 : 0.3754"
"82,9 : 0.3754"
"9,83 : 0.7"
"83,9 : 0.7"
"9,84 : 0.2435"
"84,9 : 0.2435"
"9,85 : 0.4187"
"85,9 : 0.4187"
"9,86 : 0.102"
"86,9 : 0.102"
"9,87 : 0.3059"
"87,9 : 0.3059"
"9,88 : 0.2012"
"88,9 : 0.2012"
"9,89 : 0.472"
"89,9 : 0.472"
"9,90 : 0.21"
"90,9 : 0.21"
"9,91 : 0.3493"
"91,9 : 0.3493"
"9,92 : 0.2506"
"92,9 : 0.2506"
"9,93 : 0.5179"
"93,9 : 0.5179"
"9,94 : 0.3547"
"94,9 : 0.3547"
"9,95 : 0.487"
"95,9 : 0.487"
"9,96 : 0.4504"
"96,9 : 0.4504"
"9,97 : 0.3448"
"97,9 : 0.3448"
"9,98 : 0.5001"
"98,9 : 0.5001"
"9,99 : 0.4808"
"99,9 : 0.4808"
"10,11 : 0.1487"
"11,10 : 0.1487"
"10,12 : 0.3162"
"12,10 : 0.3162"
"10,13 : 0.6185"
"13,10 : 0.6185"
"10,14 : 0.4892"
"14,10 : 0.4892"
"10,15 : 0.6213"
"15,10 : 0.6213"
"10,16 : 0.4036"
"16,10 : 0.4036"
"10,17 : 0.7206"
"17,10 : 0.7206"
"10,18 : 0.4478"
"18,10 : 0.4478"
"10,19 : 0.7301"
"19,10 : 0.7301"
"10,20 : 0.3667"
"20,10 : 0.3667"
"10,21 : 0.3517"
"21,10 : 0.3517"
"10,22 : 0.7083"
"22,10 : 0.7083"
"10,23 : 0.7185"
"23,10 : 0.7185"
"10,24 : 0.5304"
"24,10 : 0.5304"
"10,25 : 0.6539"
"25,10 : 0.6539"
"10,26 : 0.55"
"26,10 : 0.55"
"10,27 : 0.9683"
"27,10 : 0.9683"
"10,28 : 0.5459"
"28,10 : 0.5459"
"10,29 : 0.1442"
"29,10 : 0.1442"
"10,30 : 0.7034"
"30,10 : 0.7034"
"10,31 : 0.7481"
"31,10 : 0.7481"
"10,32 : 0.0985"
"32,10 : 0.0985"
"10,33 : 0.9231"
"33,10 : 0.9231"
"10,34 : 0.4472"
"34,10 : 0.4472"
"10,35 : 0.536"
"35,10 : 0.536"
"10,36 : 0.1942"
"36,10 : 0.1942"
"10,37 : 0.1432"
"37,10 : 0.1432"
"10,38 : 0.5061"
"38,10 : 0.5061"
"10,39 : 0.7782"
"39,10 : 0.7782"
"10,40 : 0.8006"
"40,10 : 0.8006"
"10,41 : 0.5413"
"41,10 : 0.5413"
"10,42 : 0.2435"
"42,10 : 0.2435"
"10,43 : 0.6122"
"43,10 : 0.6122"
"10,44 : 0.8486"
"44,10 : 0.8486"
"10,45 : 0.4031"
"45,10 : 0.4031"
"10,46 : 0.4904"
"46,10 : 0.4904"
"10,47 : 0.2879"
"47,10 : 0.2879"
"10,48 : 0.5573"
"48,10 : 0.5573"
"10,49 : 0.2596"
"49,10 : 0.2596"
"10,50 : 0.278"
"50,10 : 0.278"
"10,51 : 0.6794"
"51,10 : 0.6794"
"10,52 : 0.8249"
"52,10 : 0.8249"
"10,53 : 0.6191"
"53,10 : 0.6191"
"10,54 : 0.7018"
"54,10 : 0.7018"
"10,55 : 0.5401"
"55,10 : 0.5401"
"10,56 : 0.5354"
"56,10 : 0.5354"
"10,57 : 0.994"
"57,10 : 0.994"
"10,58 : 0.5142"
"58,10 : 0.5142"
"10,59 : 0.2506"
"59,10 : 0.2506"
"10,60 : 0.8066"
"60,10 : 0.8066"
"10,61 : 0.4562"
"61,10 : 0.4562"
"10,62 : 0.2022"
"62,10 : 0.2022"
"10,63 : 0.3061"
"63,10 : 0.3061"
"10,64 : 0.8932"
"64,10 : 0.8932"
"10,65 : 0.4504"
"65,10 : 0.4504"
"10,66 : 0.6882"
"66,10 : 0.6882"
"10,67 : 0.9418"
"67,10 : 0.9418"
"10,68 : 0.5239"
"68,10 : 0.5239"
"10,69 : 0.2631"
"69,10 : 0.2631"
"10,70 : 0.524"
"70,10 : 0.524"
"10,71 : 0.0943"
"71,10 : 0.0943"
"10,72 : 0.8298"
"72,10 : 0.8298"
"10,73 : 0.5029"
"73,10 : 0.5029"
"10,74 : 0.7159"
"74,10 : 0.7159"
"10,75 : 0.2555"
"75,10 : 0.2555"
"10,76 : 0.8288"
"76,10 : 0.8288"
"10,77 : 0.1389"
"77,10 : 0.1389"
"10,78 : 0.3517"
"78,10 : 0.3517"
"10,79 : 0.4518"
"79,10 : 0.4518"
"10,80 : 0.405"
"80,10 : 0.405"
"10,81 : 0.5096"
"81,10 : 0.5096"
"10,82 : 0.1503"
"82,10 : 0.1503"
"10,83 : 0.9874"
"83,10 : 0.9874"
"10,84 : 0.0583"
"84,10 : 0.0583"
"10,85 : 0.1903"
"85,10 : 0.1903"
"10,86 : 0.3324"
"86,10 : 0.3324"
"10,87 : 0.2625"
"87,10 : 0.2625"
"10,88 : 0.4919"
"88,10 : 0.4919"
"10,89 : 0.5104"
"89,10 : 0.5104"
"10,90 : 0.428"
"90,10 : 0.428"
"10,91 : 0.0943"
"91,10 : 0.0943"
"10,92 : 0.1664"
"92,10 : 0.1664"
"10,93 : 0.8008"
"93,10 : 0.8008"
"10,94 : 0.5394"
"94,10 : 0.5394"
"10,95 : 0.7206"
"95,10 : 0.7206"
"10,96 : 0.4252"
"96,10 : 0.4252"
"10,97 : 0.0762"
"97,10 : 0.0762"
"10,98 : 0.394"
"98,10 : 0.394"
"10,99 : 0.4768"
"99,10 : 0.4768"
"11,12 : 0.4244"
"12,11 : 0.4244"
"11,13 : 0.7272"
"13,11 : 0.7272"
"11,14 : 0.4569"
"14,11 : 0.4569"
"11,15 : 0.5445"
"15,11 : 0.5445"
"11,16 : 0.3734"
"16,11 : 0.3734"
"11,17 : 0.7778"
"17,11 : 0.7778"
"11,18 : 0.4617"
"18,11 : 0.4617"
"11,19 : 0.658"
"19,11 : 0.658"
"11,20 : 0.2209"
"20,11 : 0.2209"
"11,21 : 0.204"
"21,11 : 0.204"
"11,22 : 0.7985"
"22,11 : 0.7985"
"11,23 : 0.6946"
"23,11 : 0.6946"
"11,24 : 0.3962"
"24,11 : 0.3962"
"11,25 : 0.7632"
"25,11 : 0.7632"
"11,26 : 0.413"
"26,11 : 0.413"
"11,27 : 0.9315"
"27,11 : 0.9315"
"11,28 : 0.4011"
"28,11 : 0.4011"
"11,29 : 0.0361"
"29,11 : 0.0361"
"11,30 : 0.7311"
"30,11 : 0.7311"
"11,31 : 0.8286"
"31,11 : 0.8286"
"11,32 : 0.103"
"32,11 : 0.103"
"11,33 : 0.9265"
"33,11 : 0.9265"
"11,34 : 0.564"
"34,11 : 0.564"
"11,35 : 0.6307"
"35,11 : 0.6307"
"11,36 : 0.103"
"36,11 : 0.103"
"11,37 : 0.255"
"37,11 : 0.255"
"11,38 : 0.6364"
"38,11 : 0.6364"
"11,39 : 0.8904"
"39,11 : 0.8904"
"11,40 : 0.7981"
"40,11 : 0.7981"
"11,41 : 0.5474"
"41,11 : 0.5474"
"11,42 : 0.3712"
"42,11 : 0.3712"
"11,43 : 0.5482"
"43,11 : 0.5482"
"11,44 : 0.794"
"44,11 : 0.794"
"11,45 : 0.4885"
"45,11 : 0.4885"
"11,46 : 0.5632"
"46,11 : 0.5632"
"11,47 : 0.3225"
"47,11 : 0.3225"
"11,48 : 0.4332"
"48,11 : 0.4332"
"11,49 : 0.1628"
"49,11 : 0.1628"
"11,50 : 0.4111"
"50,11 : 0.4111"
"11,51 : 0.6243"
"51,11 : 0.6243"
"11,52 : 0.8999"
"52,11 : 0.8999"
"11,53 : 0.5376"
"53,11 : 0.5376"
"11,54 : 0.642"
"54,11 : 0.642"
"11,55 : 0.6042"
"55,11 : 0.6042"
"11,56 : 0.4601"
"56,11 : 0.4601"
"11,57 : 0.9618"
"57,11 : 0.9618"
"11,58 : 0.6084"
"58,11 : 0.6084"
"11,59 : 0.2707"
"59,11 : 0.2707"
"11,60 : 0.7601"
"60,11 : 0.7601"
"11,61 : 0.4639"
"61,11 : 0.4639"
"11,62 : 0.0632"
"62,11 : 0.0632"
"11,63 : 0.26"
"63,11 : 0.26"
"11,64 : 0.9976"
"64,11 : 0.9976"
"11,65 : 0.5142"
"65,11 : 0.5142"
"11,66 : 0.6155"
"66,11 : 0.6155"
"11,67 : 0.8959"
"67,11 : 0.8959"
"11,68 : 0.5604"
"68,11 : 0.5604"
"11,69 : 0.3257"
"69,11 : 0.3257"
"11,70 : 0.4875"
"70,11 : 0.4875"
"11,71 : 0.06"
"71,11 : 0.06"
"11,72 : 0.7889"
"72,11 : 0.7889"
"11,73 : 0.5301"
"73,11 : 0.5301"
"11,74 : 0.8041"
"74,11 : 0.8041"
"11,75 : 0.197"
"75,11 : 0.197"
"11,76 : 0.7855"
"76,11 : 0.7855"
"11,77 : 0.2608"
"77,11 : 0.2608"
"11,78 : 0.4528"
"78,11 : 0.4528"
"11,79 : 0.4554"
"79,11 : 0.4554"
"11,80 : 0.2563"
"80,11 : 0.2563"
"11,81 : 0.54"
"81,11 : 0.54"
"11,82 : 0.2961"
"82,11 : 0.2961"
"11,83 : 0.9618"
"83,11 : 0.9618"
"11,84 : 0.1204"
"84,11 : 0.1204"
"11,85 : 0.3324"
"85,11 : 0.3324"
"11,86 : 0.3036"
"86,11 : 0.3036"
"11,87 : 0.3982"
"87,11 : 0.3982"
"11,88 : 0.4965"
"88,11 : 0.4965"
"11,89 : 0.3712"
"89,11 : 0.3712"
"11,90 : 0.3689"
"90,11 : 0.3689"
"11,91 : 0.0949"
"91,11 : 0.0949"
"11,92 : 0.2983"
"92,11 : 0.2983"
"11,93 : 0.8239"
"93,11 : 0.8239"
"11,94 : 0.6277"
"94,11 : 0.6277"
"11,95 : 0.7885"
"95,11 : 0.7885"
"11,96 : 0.5661"
"96,11 : 0.5661"
"11,97 : 0.1118"
"97,11 : 0.1118"
"11,98 : 0.5423"
"98,11 : 0.5423"
"11,99 : 0.3314"
"99,11 : 0.3314"
"12,13 : 0.3041"
"13,12 : 0.3041"
"12,14 : 0.4258"
"14,12 : 0.4258"
"12,15 : 0.6213"
"15,12 : 0.6213"
"12,16 : 0.37"
"16,12 : 0.37"
"12,17 : 0.4397"
"17,12 : 0.4397"
"12,18 : 0.3008"
"18,12 : 0.3008"
"12,19 : 0.7021"
"19,12 : 0.7021"
"12,20 : 0.5903"
"20,12 : 0.5903"
"12,21 : 0.588"
"21,12 : 0.588"
"12,22 : 0.3946"
"22,12 : 0.3946"
"12,23 : 0.5867"
"23,12 : 0.5867"
"12,24 : 0.6894"
"24,12 : 0.6894"
"12,25 : 0.34"
"25,12 : 0.34"
"12,26 : 0.7159"
"26,12 : 0.7159"
"12,27 : 0.8376"
"27,12 : 0.8376"
"12,28 : 0.7443"
"28,12 : 0.7443"
"12,29 : 0.4391"
"29,12 : 0.4391"
"12,30 : 0.472"
"30,12 : 0.472"
"12,31 : 0.4401"
"31,12 : 0.4401"
"12,32 : 0.322"
"32,12 : 0.322"
"12,33 : 0.717"
"33,12 : 0.717"
"12,34 : 0.1414"
"34,12 : 0.1414"
"12,35 : 0.222"
"35,12 : 0.222"
"12,36 : 0.3895"
"36,12 : 0.3895"
"12,37 : 0.1746"
"37,12 : 0.1746"
"12,38 : 0.2326"
"38,12 : 0.2326"
"12,39 : 0.4665"
"39,12 : 0.4665"
"12,40 : 0.6155"
"40,12 : 0.6155"
"12,41 : 0.3808"
"41,12 : 0.3808"
"12,42 : 0.4016"
"42,12 : 0.4016"
"12,43 : 0.5855"
"43,12 : 0.5855"
"12,44 : 0.7669"
"44,12 : 0.7669"
"12,45 : 0.1118"
"45,12 : 0.1118"
"12,46 : 0.2062"
"46,12 : 0.2062"
"12,47 : 0.2022"
"47,12 : 0.2022"
"12,48 : 0.6831"
"48,12 : 0.6831"
"12,49 : 0.4188"
"49,12 : 0.4188"
"12,50 : 0.1063"
"50,12 : 0.1063"
"12,51 : 0.621"
"51,12 : 0.621"
"12,52 : 0.5201"
"52,12 : 0.5201"
"12,53 : 0.6303"
"53,12 : 0.6303"
"12,54 : 0.65"
"54,12 : 0.65"
"12,55 : 0.264"
"55,12 : 0.264"
"12,56 : 0.5501"
"56,12 : 0.5501"
"12,57 : 0.8521"
"57,12 : 0.8521"
"12,58 : 0.201"
"58,12 : 0.201"
"12,59 : 0.2341"
"59,12 : 0.2341"
"12,60 : 0.7118"
"60,12 : 0.7118"
"12,61 : 0.3195"
"61,12 : 0.3195"
"12,62 : 0.446"
"62,12 : 0.446"
"12,63 : 0.3574"
"63,12 : 0.3574"
"12,64 : 0.5778"
"64,12 : 0.5778"
"12,65 : 0.1921"
"65,12 : 0.1921"
"12,66 : 0.6675"
"66,12 : 0.6675"
"12,67 : 0.8324"
"67,12 : 0.8324"
"12,68 : 0.3041"
"68,12 : 0.3041"
"12,69 : 0.1456"
"69,12 : 0.1456"
"12,70 : 0.4589"
"70,12 : 0.4589"
"12,71 : 0.3936"
"71,12 : 0.3936"
"12,72 : 0.7201"
"72,12 : 0.7201"
"12,73 : 0.3081"
"73,12 : 0.3081"
"12,74 : 0.4031"
"74,12 : 0.4031"
"12,75 : 0.3624"
"75,12 : 0.3624"
"12,76 : 0.7245"
"76,12 : 0.7245"
"12,77 : 0.3705"
"77,12 : 0.3705"
"12,78 : 0.0412"
"78,12 : 0.0412"
"12,79 : 0.3257"
"79,12 : 0.3257"
"12,80 : 0.6512"
"80,12 : 0.6512"
"12,81 : 0.3061"
"81,12 : 0.3061"
"12,82 : 0.2943"
"82,12 : 0.2943"
"12,83 : 0.8324"
"83,12 : 0.8324"
"12,84 : 0.3089"
"84,12 : 0.3089"
"12,85 : 0.3228"
"85,12 : 0.3228"
"12,86 : 0.3354"
"86,12 : 0.3354"
"12,87 : 0.1221"
"87,12 : 0.1221"
"12,88 : 0.3493"
"88,12 : 0.3493"
"12,89 : 0.6888"
"89,12 : 0.6888"
"12,90 : 0.4418"
"90,12 : 0.4418"
"12,91 : 0.4085"
"91,12 : 0.4085"
"12,92 : 0.1603"
"92,12 : 0.1603"
"12,93 : 0.5686"
"93,12 : 0.5686"
"12,94 : 0.23"
"94,12 : 0.23"
"12,95 : 0.4258"
"95,12 : 0.4258"
"12,96 : 0.2209"
"96,12 : 0.2209"
"12,97 : 0.3922"
"97,12 : 0.3922"
"12,98 : 0.2953"
"98,12 : 0.2953"
"12,99 : 0.6851"
"99,12 : 0.6851"
"13,14 : 0.5946"
"14,13 : 0.5946"
"13,15 : 0.794"
"15,13 : 0.794"
"13,16 : 0.5771"
"16,13 : 0.5771"
"13,17 : 0.3089"
"17,13 : 0.3089"
"13,18 : 0.4494"
"18,13 : 0.4494"
"13,19 : 0.8417"
"19,13 : 0.8417"
"13,20 : 0.8773"
"20,13 : 0.8773"
"13,21 : 0.8786"
"21,13 : 0.8786"
"13,22 : 0.1442"
"22,13 : 0.1442"
"13,23 : 0.6503"
