x,y
0.55,0.24
0.7,0.67
0.44,0.75
0.73,0.86
0.08,0.24
0.54,0.41
0.13,0.56
0.2,0.17
0.51,0.83
0.31,0.2
0.81,0.73
0.68,0.81
0.83,0.79
0.35,0.84
0.33,0.94
0.52,0.92
0.55,0.8
0.57,0.7
0.27,0.05
0.62,0.8
0.75,0.93
0.18,0.06
0.13,0.0
0.54,0.47
0.13,0.71
0.38,0.32
0.48,0.87
0.21,0.67
0.85,0.32
0.09,0.22
0.97,0.44
0.11,0.04
0.68,0.04
0.35,0.12
0.24,0.49
0.66,0.57
0.34,0.21
0.08,0.84
0.63,0.96
0.24,0.67
0.33,0.75
0.2,0.84
0.69,0.96
0.41,0.58
0.55,0.76
0.9,0.98
0.35,0.55
0.64,0.45
0.42,0.91
0.38,0.46
0.9,0.56
0.16,0.07
0.58,0.24
0.35,0.77
0.55,0.78
0.49,0.22
0.08,0.94
0.52,0.99
0.84,0.16
0.26,0.15
0.21,0.83
0.35,0.78
0.08,0.48
0.76,0.79
0.07,0.16
0.25,0.94
0.74,0.96
0.03,0.65
0.37,0.51
0.23,0.51
0.87,0.42
0.49,0.99
0.77,0.34
0.32,0.21
0.7,0.92
0.62,0.88
0.95,0.38
0.08,0.65
0.56,0.98
0.87,0.14
0.24,0.87
0.91,0.32
0.29,0.31
0.2,0.72
0.76,0.19
0.12,0.39
0.08,0.98
0.14,0.08
0.27,0.44
0.97,0.95
0.03,0.05
0.8,0.16
0.64,0.96
0.12,0.96
0.45,0.25
0.17,0.39
0.62,0.69
0.93,0.8
0.23,0.75
0.16,0.35

Distanze
"0,1 : 0.4554"
"1,0 : 0.4554"
"0,2 : 0.5217"
"2,0 : 0.5217"
"0,3 : 0.6456"
"3,0 : 0.6456"
"0,4 : 0.47"
"4,0 : 0.47"
"0,5 : 0.1703"
"5,0 : 0.1703"
"0,6 : 0.528"
"6,0 : 0.528"
"0,7 : 0.3569"
"7,0 : 0.3569"
"0,8 : 0.5914"
"8,0 : 0.5914"
"0,9 : 0.2433"
"9,0 : 0.2433"
"0,10 : 0.5547"
"10,0 : 0.5547"
"0,11 : 0.5846"
"11,0 : 0.5846"
"0,12 : 0.6172"
"12,0 : 0.6172"
"0,13 : 0.6325"
"13,0 : 0.6325"
"0,14 : 0.7338"
"14,0 : 0.7338"
"0,15 : 0.6807"
"15,0 : 0.6807"
"0,16 : 0.56"
"16,0 : 0.56"
"0,17 : 0.4604"
"17,0 : 0.4604"
"0,18 : 0.3384"
"18,0 : 0.3384"
"0,19 : 0.5644"
"19,0 : 0.5644"
"0,20 : 0.7184"
"20,0 : 0.7184"
"0,21 : 0.4115"
"21,0 : 0.4115"
"0,22 : 0.4837"
"22,0 : 0.4837"
"0,23 : 0.2302"
"23,0 : 0.2302"
"0,24 : 0.6303"
"24,0 : 0.6303"
"0,25 : 0.1879"
"25,0 : 0.1879"
"0,26 : 0.6339"
"26,0 : 0.6339"
"0,27 : 0.5482"
"27,0 : 0.5482"
"0,28 : 0.3105"
"28,0 : 0.3105"
"0,29 : 0.4604"
"29,0 : 0.4604"
"0,30 : 0.4652"
"30,0 : 0.4652"
"0,31 : 0.4833"
"31,0 : 0.4833"
"0,32 : 0.2385"
"32,0 : 0.2385"
"0,33 : 0.2332"
"33,0 : 0.2332"
"0,34 : 0.3982"
"34,0 : 0.3982"
"0,35 : 0.3479"
"35,0 : 0.3479"
"0,36 : 0.2121"
"36,0 : 0.2121"
"0,37 : 0.7622"
"37,0 : 0.7622"
"0,38 : 0.7244"
"38,0 : 0.7244"
"0,39 : 0.5301"
"39,0 : 0.5301"
"0,40 : 0.5554"
"40,0 : 0.5554"
"0,41 : 0.6946"
"41,0 : 0.6946"
"0,42 : 0.7335"
"42,0 : 0.7335"
"0,43 : 0.3677"
"43,0 : 0.3677"
"0,44 : 0.52"
"44,0 : 0.52"
"0,45 : 0.8186"
"45,0 : 0.8186"
"0,46 : 0.3689"
"46,0 : 0.3689"
"0,47 : 0.2285"
"47,0 : 0.2285"
"0,48 : 0.6825"
"48,0 : 0.6825"
"0,49 : 0.278"
"49,0 : 0.278"
"0,50 : 0.4742"
"50,0 : 0.4742"
"0,51 : 0.4254"
"51,0 : 0.4254"
"0,52 : 0.03"
"52,0 : 0.03"
"0,53 : 0.5665"
"53,0 : 0.5665"
"0,54 : 0.54"
"54,0 : 0.54"
"0,55 : 0.0632"
"55,0 : 0.0632"
"0,56 : 0.8431"
"56,0 : 0.8431"
"0,57 : 0.7506"
"57,0 : 0.7506"
"0,58 : 0.3008"
"58,0 : 0.3008"
"0,59 : 0.3036"
"59,0 : 0.3036"
"0,60 : 0.681"
"60,0 : 0.681"
"0,61 : 0.5758"
"61,0 : 0.5758"
"0,62 : 0.5277"
"62,0 : 0.5277"
"0,63 : 0.5887"
"63,0 : 0.5887"
"0,64 : 0.4866"
"64,0 : 0.4866"
"0,65 : 0.7616"
"65,0 : 0.7616"
"0,66 : 0.7446"
"66,0 : 0.7446"
"0,67 : 0.6622"
"67,0 : 0.6622"
"0,68 : 0.3245"
"68,0 : 0.3245"
"0,69 : 0.4187"
"69,0 : 0.4187"
"0,70 : 0.3672"
"70,0 : 0.3672"
"0,71 : 0.7524"
"71,0 : 0.7524"
"0,72 : 0.2417"
"72,0 : 0.2417"
"0,73 : 0.2319"
"73,0 : 0.2319"
"0,74 : 0.6963"
"74,0 : 0.6963"
"0,75 : 0.6438"
"75,0 : 0.6438"
"0,76 : 0.4238"
"76,0 : 0.4238"
"0,77 : 0.6237"
"77,0 : 0.6237"
"0,78 : 0.7401"
"78,0 : 0.7401"
"0,79 : 0.3353"
"79,0 : 0.3353"
"0,80 : 0.7021"
"80,0 : 0.7021"
"0,81 : 0.3688"
"81,0 : 0.3688"
"0,82 : 0.2693"
"82,0 : 0.2693"
"0,83 : 0.5941"
"83,0 : 0.5941"
"0,84 : 0.2159"
"84,0 : 0.2159"
"0,85 : 0.4554"
"85,0 : 0.4554"
"0,86 : 0.8766"
"86,0 : 0.8766"
"0,87 : 0.4401"
"87,0 : 0.4401"
"0,88 : 0.3441"
"88,0 : 0.3441"
"0,89 : 0.8249"
"89,0 : 0.8249"
"0,90 : 0.5536"
"90,0 : 0.5536"
"0,91 : 0.2625"
"91,0 : 0.2625"
"0,92 : 0.7256"
"92,0 : 0.7256"
"0,93 : 0.8386"
"93,0 : 0.8386"
"0,94 : 0.1005"
"94,0 : 0.1005"
"0,95 : 0.4085"
"95,0 : 0.4085"
"0,96 : 0.4554"
"96,0 : 0.4554"
"0,97 : 0.6768"
"97,0 : 0.6768"
"0,98 : 0.6021"
"98,0 : 0.6021"
"0,99 : 0.4052"
"99,0 : 0.4052"
"1,2 : 0.272"
"2,1 : 0.272"
"1,3 : 0.1924"
"3,1 : 0.1924"
"1,4 : 0.7545"
"4,1 : 0.7545"
"1,5 : 0.3053"
"5,1 : 0.3053"
"1,6 : 0.5805"
"6,1 : 0.5805"
"1,7 : 0.7071"
"7,1 : 0.7071"
"1,8 : 0.2484"
"8,1 : 0.2484"
"1,9 : 0.6107"
"9,1 : 0.6107"
"1,10 : 0.1253"
"10,1 : 0.1253"
"1,11 : 0.1414"
"11,1 : 0.1414"
"1,12 : 0.1769"
"12,1 : 0.1769"
"1,13 : 0.3891"
"13,1 : 0.3891"
"1,14 : 0.458"
"14,1 : 0.458"
"1,15 : 0.3081"
"15,1 : 0.3081"
"1,16 : 0.1985"
"16,1 : 0.1985"
"1,17 : 0.1334"
"17,1 : 0.1334"
"1,18 : 0.7545"
"18,1 : 0.7545"
"1,19 : 0.1526"
"19,1 : 0.1526"
"1,20 : 0.2648"
"20,1 : 0.2648"
"1,21 : 0.8016"
"21,1 : 0.8016"
"1,22 : 0.8797"
"22,1 : 0.8797"
"1,23 : 0.2561"
"23,1 : 0.2561"
"1,24 : 0.5714"
"24,1 : 0.5714"
"1,25 : 0.4742"
"25,1 : 0.4742"
"1,26 : 0.2973"
"26,1 : 0.2973"
"1,27 : 0.49"
"27,1 : 0.49"
"1,28 : 0.3808"
"28,1 : 0.3808"
"1,29 : 0.758"
"29,1 : 0.758"
"1,30 : 0.3547"
"30,1 : 0.3547"
"1,31 : 0.8631"
"31,1 : 0.8631"
"1,32 : 0.6303"
"32,1 : 0.6303"
"1,33 : 0.6519"
"33,1 : 0.6519"
"1,34 : 0.494"
"34,1 : 0.494"
"1,35 : 0.1077"
"35,1 : 0.1077"
"1,36 : 0.5841"
"36,1 : 0.5841"
"1,37 : 0.6429"
"37,1 : 0.6429"
"1,38 : 0.2983"
"38,1 : 0.2983"
"1,39 : 0.46"
"39,1 : 0.46"
"1,40 : 0.3785"
"40,1 : 0.3785"
"1,41 : 0.5281"
"41,1 : 0.5281"
"1,42 : 0.2902"
"42,1 : 0.2902"
"1,43 : 0.3036"
"43,1 : 0.3036"
"1,44 : 0.1749"
"44,1 : 0.1749"
"1,45 : 0.3689"
"45,1 : 0.3689"
"1,46 : 0.37"
"46,1 : 0.37"
"1,47 : 0.228"
"47,1 : 0.228"
"1,48 : 0.3688"
"48,1 : 0.3688"
"1,49 : 0.3828"
"49,1 : 0.3828"
"1,50 : 0.2283"
"50,1 : 0.2283"
"1,51 : 0.8072"
"51,1 : 0.8072"
"1,52 : 0.4464"
"52,1 : 0.4464"
"1,53 : 0.364"
"53,1 : 0.364"
"1,54 : 0.186"
"54,1 : 0.186"
"1,55 : 0.4966"
"55,1 : 0.4966"
"1,56 : 0.6762"
"56,1 : 0.6762"
"1,57 : 0.3672"
"57,1 : 0.3672"
"1,58 : 0.5289"
"58,1 : 0.5289"
"1,59 : 0.6812"
"59,1 : 0.6812"
"1,60 : 0.5155"
"60,1 : 0.5155"
"1,61 : 0.3669"
"61,1 : 0.3669"
"1,62 : 0.6485"
"62,1 : 0.6485"
"1,63 : 0.1342"
"63,1 : 0.1342"
"1,64 : 0.8106"
"64,1 : 0.8106"
"1,65 : 0.5248"
"65,1 : 0.5248"
"1,66 : 0.2927"
"66,1 : 0.2927"
"1,67 : 0.6703"
"67,1 : 0.6703"
"1,68 : 0.3667"
"68,1 : 0.3667"
"1,69 : 0.4965"
"69,1 : 0.4965"
"1,70 : 0.3023"
"70,1 : 0.3023"
"1,71 : 0.3828"
"71,1 : 0.3828"
"1,72 : 0.3373"
"72,1 : 0.3373"
"1,73 : 0.5967"
"73,1 : 0.5967"
"1,74 : 0.25"
"74,1 : 0.25"
"1,75 : 0.2247"
"75,1 : 0.2247"
"1,76 : 0.3829"
"76,1 : 0.3829"
"1,77 : 0.6203"
"77,1 : 0.6203"
"1,78 : 0.3401"
"78,1 : 0.3401"
"1,79 : 0.5566"
"79,1 : 0.5566"
"1,80 : 0.5016"
"80,1 : 0.5016"
"1,81 : 0.4082"
"81,1 : 0.4082"
"1,82 : 0.5456"
"82,1 : 0.5456"
"1,83 : 0.5025"
"83,1 : 0.5025"
"1,84 : 0.4837"
"84,1 : 0.4837"
"1,85 : 0.644"
"85,1 : 0.644"
"1,86 : 0.6932"
"86,1 : 0.6932"
"1,87 : 0.8134"
"87,1 : 0.8134"
"1,88 : 0.4876"
"88,1 : 0.4876"
"1,89 : 0.389"
"89,1 : 0.389"
"1,90 : 0.9129"
"90,1 : 0.9129"
"1,91 : 0.5197"
"91,1 : 0.5197"
"1,92 : 0.2961"
"92,1 : 0.2961"
"1,93 : 0.6485"
"93,1 : 0.6485"
"1,94 : 0.4888"
"94,1 : 0.4888"
"1,95 : 0.5994"
"95,1 : 0.5994"
"1,96 : 0.0825"
"96,1 : 0.0825"
"1,97 : 0.2642"
"97,1 : 0.2642"
"1,98 : 0.4768"
"98,1 : 0.4768"
"1,99 : 0.6277"
"99,1 : 0.6277"
"2,3 : 0.3102"
"3,2 : 0.3102"
"2,4 : 0.6243"
"4,2 : 0.6243"
"2,5 : 0.3544"
"5,2 : 0.3544"
"2,6 : 0.3636"
"6,2 : 0.3636"
"2,7 : 0.6277"
"7,2 : 0.6277"
"2,8 : 0.1063"
"8,2 : 0.1063"
"2,9 : 0.5652"
"9,2 : 0.5652"
"2,10 : 0.3705"
"10,2 : 0.3705"
"2,11 : 0.2474"
"11,2 : 0.2474"
"2,12 : 0.392"
"12,2 : 0.392"
"2,13 : 0.1273"
"13,2 : 0.1273"
"2,14 : 0.2195"
"14,2 : 0.2195"
"2,15 : 0.1879"
"15,2 : 0.1879"
"2,16 : 0.1208"
"16,2 : 0.1208"
"2,17 : 0.1393"
"17,2 : 0.1393"
"2,18 : 0.7203"
"18,2 : 0.7203"
"2,19 : 0.1868"
"19,2 : 0.1868"
"2,20 : 0.3585"
"20,2 : 0.3585"
"2,21 : 0.7374"
"21,2 : 0.7374"
"2,22 : 0.8115"
"22,2 : 0.8115"
"2,23 : 0.2973"
"23,2 : 0.2973"
"2,24 : 0.3126"
"24,2 : 0.3126"
"2,25 : 0.4342"
"25,2 : 0.4342"
"2,26 : 0.1265"
"26,2 : 0.1265"
"2,27 : 0.2435"
"27,2 : 0.2435"
"2,28 : 0.5941"
"28,2 : 0.5941"
"2,29 : 0.6351"
"29,2 : 0.6351"
"2,30 : 0.614"
"30,2 : 0.614"
"2,31 : 0.7829"
"31,2 : 0.7829"
"2,32 : 0.7495"
"32,2 : 0.7495"
"2,33 : 0.6364"
"33,2 : 0.6364"
"2,34 : 0.328"
"34,2 : 0.328"
"2,35 : 0.2843"
"35,2 : 0.2843"
"2,36 : 0.5492"
"36,2 : 0.5492"
"2,37 : 0.3711"
"37,2 : 0.3711"
"2,38 : 0.2832"
"38,2 : 0.2832"
"2,39 : 0.2154"
"39,2 : 0.2154"
"2,40 : 0.11"
"40,2 : 0.11"
"2,41 : 0.2563"
"41,2 : 0.2563"
"2,42 : 0.3265"
"42,2 : 0.3265"
"2,43 : 0.1726"
"43,2 : 0.1726"
"2,44 : 0.1105"
"44,2 : 0.1105"
"2,45 : 0.5143"
"45,2 : 0.5143"
"2,46 : 0.2193"
"46,2 : 0.2193"
"2,47 : 0.3606"
"47,2 : 0.3606"
"2,48 : 0.1612"
"48,2 : 0.1612"
"2,49 : 0.2961"
"49,2 : 0.2961"
"2,50 : 0.4977"
"50,2 : 0.4977"
"2,51 : 0.7354"
"51,2 : 0.7354"
"2,52 : 0.5289"
"52,2 : 0.5289"
"2,53 : 0.0922"
"53,2 : 0.0922"
"2,54 : 0.114"
"54,2 : 0.114"
"2,55 : 0.5324"
"55,2 : 0.5324"
"2,56 : 0.4071"
"56,2 : 0.4071"
"2,57 : 0.253"
"57,2 : 0.253"
"2,58 : 0.7128"
"58,2 : 0.7128"
"2,59 : 0.6264"
"59,2 : 0.6264"
"2,60 : 0.2435"
"60,2 : 0.2435"
"2,61 : 0.0949"
"61,2 : 0.0949"
"2,62 : 0.45"
"62,2 : 0.45"
"2,63 : 0.3225"
"63,2 : 0.3225"
"2,64 : 0.6964"
"64,2 : 0.6964"
"2,65 : 0.2687"
"65,2 : 0.2687"
"2,66 : 0.3662"
"66,2 : 0.3662"
"2,67 : 0.422"
"67,2 : 0.422"
"2,68 : 0.25"
"68,2 : 0.25"
"2,69 : 0.3189"
"69,2 : 0.3189"
"2,70 : 0.542"
"70,2 : 0.542"
"2,71 : 0.2452"
"71,2 : 0.2452"
"2,72 : 0.5263"
"72,2 : 0.5263"
"2,73 : 0.5532"
"73,2 : 0.5532"
"2,74 : 0.3106"
"74,2 : 0.3106"
"2,75 : 0.222"
"75,2 : 0.222"
"2,76 : 0.6301"
"76,2 : 0.6301"
"2,77 : 0.3736"
"77,2 : 0.3736"
"2,78 : 0.2594"
"78,2 : 0.2594"
"2,79 : 0.7463"
"79,2 : 0.7463"
"2,80 : 0.2332"
"80,2 : 0.2332"
"2,81 : 0.637"
"81,2 : 0.637"
"2,82 : 0.4649"
"82,2 : 0.4649"
"2,83 : 0.2419"
"83,2 : 0.2419"
"2,84 : 0.645"
"84,2 : 0.645"
"2,85 : 0.4817"
"85,2 : 0.4817"
"2,86 : 0.4272"
"86,2 : 0.4272"
"2,87 : 0.7341"
"87,2 : 0.7341"
"2,88 : 0.3536"
"88,2 : 0.3536"
"2,89 : 0.5665"
"89,2 : 0.5665"
"2,90 : 0.8112"
"90,2 : 0.8112"
"2,91 : 0.6912"
"91,2 : 0.6912"
"2,92 : 0.29"
"92,2 : 0.29"
"2,93 : 0.3828"
"93,2 : 0.3828"
"2,94 : 0.5001"
"94,2 : 0.5001"
"2,95 : 0.45"
"95,2 : 0.45"
"2,96 : 0.1897"
"96,2 : 0.1897"
"2,97 : 0.4925"
"97,2 : 0.4925"
"2,98 : 0.21"
"98,2 : 0.21"
"2,99 : 0.4883"
"99,2 : 0.4883"
"3,4 : 0.8983"
"4,3 : 0.8983"
"3,5 : 0.4885"
"5,3 : 0.4885"
"3,6 : 0.6708"
"6,3 : 0.6708"
"3,7 : 0.8701"
"7,3 : 0.8701"
"3,8 : 0.222"
"8,3 : 0.222"
"3,9 : 0.7823"
"9,3 : 0.7823"
"3,10 : 0.1526"
"10,3 : 0.1526"
"3,11 : 0.0707"
"11,3 : 0.0707"
"3,12 : 0.1221"
"12,3 : 0.1221"
"3,13 : 0.3805"
"13,3 : 0.3805"
"3,14 : 0.4079"
"14,3 : 0.4079"
"3,15 : 0.2184"
"15,3 : 0.2184"
"3,16 : 0.1897"
"16,3 : 0.1897"
"3,17 : 0.2263"
"17,3 : 0.2263"
"3,18 : 0.9315"
"18,3 : 0.9315"
"3,19 : 0.1253"
"19,3 : 0.1253"
"3,20 : 0.0728"
"20,3 : 0.0728"
"3,21 : 0.9708"
"21,3 : 0.9708"
"3,22 : 1.0486"
"22,3 : 1.0486"
"3,23 : 0.4338"
"23,3 : 0.4338"
"3,24 : 0.6185"
"24,3 : 0.6185"
"3,25 : 0.6435"
"25,3 : 0.6435"
"3,26 : 0.2502"
"26,3 : 0.2502"
"3,27 : 0.5536"
"27,3 : 0.5536"
"3,28 : 0.5532"
"28,3 : 0.5532"
"3,29 : 0.9051"
"29,3 : 0.9051"
"3,30 : 0.4837"
"30,3 : 0.4837"
"3,31 : 1.028"
"31,3 : 1.028"
"3,32 : 0.8215"
"32,3 : 0.8215"
"3,33 : 0.8319"
"33,3 : 0.8319"
"3,34 : 0.614"
"34,3 : 0.614"
"3,35 : 0.2983"
"35,3 : 0.2983"
"3,36 : 0.758"
"36,3 : 0.758"
"3,37 : 0.6503"
"37,3 : 0.6503"
"3,38 : 0.1414"
"38,3 : 0.1414"
"3,39 : 0.5255"
"39,3 : 0.5255"
"3,40 : 0.4148"
"40,3 : 0.4148"
"3,41 : 0.5304"
"41,3 : 0.5304"
"3,42 : 0.1077"
"42,3 : 0.1077"
"3,43 : 0.4252"
"43,3 : 0.4252"
"3,44 : 0.2059"
"44,3 : 0.2059"
"3,45 : 0.2081"
"45,3 : 0.2081"
"3,46 : 0.4904"
"46,3 : 0.4904"
"3,47 : 0.4198"
"47,3 : 0.4198"
"3,48 : 0.314"
"48,3 : 0.314"
"3,49 : 0.5315"
"49,3 : 0.5315"
"3,50 : 0.3448"
"50,3 : 0.3448"
"3,51 : 0.9742"
"51,3 : 0.9742"
"3,52 : 0.6379"
"52,3 : 0.6379"
"3,53 : 0.3905"
"53,3 : 0.3905"
"3,54 : 0.197"
"54,3 : 0.197"
"3,55 : 0.6835"
"55,3 : 0.6835"
"3,56 : 0.6549"
"56,3 : 0.6549"
"3,57 : 0.247"
"57,3 : 0.247"
"3,58 : 0.7086"
"58,3 : 0.7086"
"3,59 : 0.8515"
"59,3 : 0.8515"
"3,60 : 0.5209"
"60,3 : 0.5209"
"3,61 : 0.3883"
"61,3 : 0.3883"
"3,62 : 0.7529"
"62,3 : 0.7529"
"3,63 : 0.0762"
"63,3 : 0.0762"
"3,64 : 0.9621"
"64,3 : 0.9621"
"3,65 : 0.4866"
"65,3 : 0.4866"
"3,66 : 0.1005"
"66,3 : 0.1005"
"3,67 : 0.7308"
"67,3 : 0.7308"
"3,68 : 0.5021"
"68,3 : 0.5021"
"3,69 : 0.6103"
"69,3 : 0.6103"
"3,70 : 0.4617"
"70,3 : 0.4617"
"3,71 : 0.2729"
"71,3 : 0.2729"
"3,72 : 0.5215"
"72,3 : 0.5215"
"3,73 : 0.7685"
"73,3 : 0.7685"
"3,74 : 0.0671"
"74,3 : 0.0671"
"3,75 : 0.1118"
"75,3 : 0.1118"
"3,76 : 0.528"
"76,3 : 0.528"
"3,77 : 0.6831"
"77,3 : 0.6831"
"3,78 : 0.2081"
"78,3 : 0.2081"
"3,79 : 0.7335"
"79,3 : 0.7335"
"3,80 : 0.4901"
"80,3 : 0.4901"
"3,81 : 0.5692"
"81,3 : 0.5692"
"3,82 : 0.7043"
"82,3 : 0.7043"
"3,83 : 0.5482"
"83,3 : 0.5482"
"3,84 : 0.6707"
"84,3 : 0.6707"
"3,85 : 0.7701"
"85,3 : 0.7701"
"3,86 : 0.661"
"86,3 : 0.661"
"3,87 : 0.978"
"87,3 : 0.978"
"3,88 : 0.6229"
"88,3 : 0.6229"
"3,89 : 0.2563"
"89,3 : 0.2563"
"3,90 : 1.0706"
"90,3 : 1.0706"
"3,91 : 0.7035"
"91,3 : 0.7035"
"3,92 : 0.1345"
"92,3 : 0.1345"
"3,93 : 0.6181"
"93,3 : 0.6181"
"3,94 : 0.6712"
"94,3 : 0.6712"
"3,95 : 0.7311"
"95,3 : 0.7311"
"3,96 : 0.2025"
"96,3 : 0.2025"
"3,97 : 0.2088"
"97,3 : 0.2088"
"3,98 : 0.512"
"98,3 : 0.512"
"3,99 : 0.7649"
"99,3 : 0.7649"
"4,5 : 0.4904"
"5,4 : 0.4904"
"4,6 : 0.3239"
"6,4 : 0.3239"
"4,7 : 0.1389"
"7,4 : 0.1389"
"4,8 : 0.7301"
"8,4 : 0.7301"
"4,9 : 0.2335"
"9,4 : 0.2335"
"4,10 : 0.8792"
"10,4 : 0.8792"
"4,11 : 0.8276"
"11,4 : 0.8276"
"4,12 : 0.9301"
"12,4 : 0.9301"
"4,13 : 0.658"
"13,4 : 0.658"
"4,14 : 0.7433"
"14,4 : 0.7433"
"4,15 : 0.8099"
"15,4 : 0.8099"
"4,16 : 0.7311"
"16,4 : 0.7311"
"4,17 : 0.6721"
"17,4 : 0.6721"
"4,18 : 0.2687"
"18,4 : 0.2687"
"4,19 : 0.7779"
"19,4 : 0.7779"
"4,20 : 0.9618"
"20,4 : 0.9618"
"4,21 : 0.2059"
"21,4 : 0.2059"
"4,22 : 0.2452"
"22,4 : 0.2452"
"4,23 : 0.5143"
"23,4 : 0.5143"
"4,24 : 0.4727"
"24,4 : 0.4727"
"4,25 : 0.3105"
"25,4 : 0.3105"
"4,26 : 0.7463"
"26,4 : 0.7463"
"4,27 : 0.4492"
"27,4 : 0.4492"
"4,28 : 0.7741"
"28,4 : 0.7741"
"4,29 : 0.0224"
"29,4 : 0.0224"
"4,30 : 0.9122"
"30,4 : 0.9122"
"4,31 : 0.2022"
"31,4 : 0.2022"
"4,32 : 0.6325"
"32,4 : 0.6325"
"4,33 : 0.2955"
"33,4 : 0.2955"
"4,34 : 0.2968"
"34,4 : 0.2968"
"4,35 : 0.6673"
"35,4 : 0.6673"
"4,36 : 0.2617"
"36,4 : 0.2617"
"4,37 : 0.6"
"37,4 : 0.6"
"4,38 : 0.906"
"38,4 : 0.906"
"4,39 : 0.4588"
"39,4 : 0.4588"
"4,40 : 0.568"
"40,4 : 0.568"
"4,41 : 0.6119"
"41,4 : 0.6119"
"4,42 : 0.9437"
"42,4 : 0.9437"
"4,43 : 0.4738"
"43,4 : 0.4738"
"4,44 : 0.7009"
"44,4 : 0.7009"
"4,45 : 1.1045"
"45,4 : 1.1045"
"4,46 : 0.4111"
"46,4 : 0.4111"
"4,47 : 0.5981"
"47,4 : 0.5981"
"4,48 : 0.7513"
"48,4 : 0.7513"
"4,49 : 0.372"
"49,4 : 0.372"
"4,50 : 0.8802"
"50,4 : 0.8802"
"4,51 : 0.1879"
"51,4 : 0.1879"
"4,52 : 0.5"
"52,4 : 0.5"
"4,53 : 0.5948"
"53,4 : 0.5948"
"4,54 : 0.7159"
"54,4 : 0.7159"
"4,55 : 0.4105"
"55,4 : 0.4105"
"4,56 : 0.7"
"56,4 : 0.7"
"4,57 : 0.8695"
"57,4 : 0.8695"
"4,58 : 0.7642"
"58,4 : 0.7642"
"4,59 : 0.2012"
"59,4 : 0.2012"
"4,60 : 0.6042"
"60,4 : 0.6042"
"4,61 : 0.6037"
"61,4 : 0.6037"
"4,62 : 0.24"
"62,4 : 0.24"
"4,63 : 0.8746"
"63,4 : 0.8746"
"4,64 : 0.0806"
"64,4 : 0.0806"
"4,65 : 0.7203"
"65,4 : 0.7203"
"4,66 : 0.9767"
"66,4 : 0.9767"
"4,67 : 0.413"
"67,4 : 0.413"
"4,68 : 0.3962"
"68,4 : 0.3962"
"4,69 : 0.3089"
"69,4 : 0.3089"
"4,70 : 0.8102"
"70,4 : 0.8102"
"4,71 : 0.8548"
"71,4 : 0.8548"
"4,72 : 0.6972"
"72,4 : 0.6972"
"4,73 : 0.2419"
"73,4 : 0.2419"
"4,74 : 0.9202"
"74,4 : 0.9202"
"4,75 : 0.8374"
"75,4 : 0.8374"
"4,76 : 0.8812"
"76,4 : 0.8812"
"4,77 : 0.41"
"77,4 : 0.41"
"4,78 : 0.882"
"78,4 : 0.882"
"4,79 : 0.7963"
"79,4 : 0.7963"
"4,80 : 0.65"
"80,4 : 0.65"
"4,81 : 0.8338"
"81,4 : 0.8338"
"4,82 : 0.2214"
"82,4 : 0.2214"
"4,83 : 0.4948"
"83,4 : 0.4948"
"4,84 : 0.6818"
"84,4 : 0.6818"
"4,85 : 0.1552"
"85,4 : 0.1552"
"4,86 : 0.74"
"86,4 : 0.74"
"4,87 : 0.1709"
"87,4 : 0.1709"
"4,88 : 0.2759"
"88,4 : 0.2759"
"4,89 : 1.1385"
"89,4 : 1.1385"
"4,90 : 0.1965"
"90,4 : 0.1965"
"4,91 : 0.7244"
"91,4 : 0.7244"
"4,92 : 0.9121"
"92,4 : 0.9121"
"4,93 : 0.7211"
"93,4 : 0.7211"
"4,94 : 0.3701"
"94,4 : 0.3701"
"4,95 : 0.1749"
"95,4 : 0.1749"
"4,96 : 0.7029"
"96,4 : 0.7029"
"4,97 : 1.0179"
"97,4 : 1.0179"
"4,98 : 0.5316"
"98,4 : 0.5316"
"4,99 : 0.136"
"99,4 : 0.136"
"5,6 : 0.4366"
"6,5 : 0.4366"
"5,7 : 0.4162"
"7,5 : 0.4162"
"5,8 : 0.4211"
"8,5 : 0.4211"
"5,9 : 0.3114"
"9,5 : 0.3114"
"5,10 : 0.4187"
"10,5 : 0.4187"
"5,11 : 0.4238"
"11,5 : 0.4238"
"5,12 : 0.478"
"12,5 : 0.478"
"5,13 : 0.4701"
"13,5 : 0.4701"
"5,14 : 0.5701"
"14,5 : 0.5701"
"5,15 : 0.5104"
"15,5 : 0.5104"
"5,16 : 0.3901"
"16,5 : 0.3901"
"5,17 : 0.2915"
"17,5 : 0.2915"
"5,18 : 0.45"
"18,5 : 0.45"
"5,19 : 0.3981"
"19,5 : 0.3981"
"5,20 : 0.5608"
"20,5 : 0.5608"
"5,21 : 0.5021"
"21,5 : 0.5021"
"5,22 : 0.5798"
"22,5 : 0.5798"
"5,23 : 0.06"
"23,5 : 0.06"
"5,24 : 0.508"
"24,5 : 0.508"
"5,25 : 0.1836"
"25,5 : 0.1836"
"5,26 : 0.4639"
"26,5 : 0.4639"
"5,27 : 0.4201"
"27,5 : 0.4201"
"5,28 : 0.3228"
"28,5 : 0.3228"
"5,29 : 0.4885"
"29,5 : 0.4885"
"5,30 : 0.431"
"30,5 : 0.431"
"5,31 : 0.5673"
"31,5 : 0.5673"
"5,32 : 0.3956"
"32,5 : 0.3956"
"5,33 : 0.3467"
"33,5 : 0.3467"
"5,34 : 0.3105"
"34,5 : 0.3105"
"5,35 : 0.2"
"35,5 : 0.2"
"5,36 : 0.2828"
"36,5 : 0.2828"
"5,37 : 0.6297"
"37,5 : 0.6297"
"5,38 : 0.5573"
"38,5 : 0.5573"
"5,39 : 0.397"
"39,5 : 0.397"
"5,40 : 0.3996"
"40,5 : 0.3996"
"5,41 : 0.5482"
"41,5 : 0.5482"
"5,42 : 0.5701"
"42,5 : 0.5701"
"5,43 : 0.214"
"43,5 : 0.214"
"5,44 : 0.3501"
"44,5 : 0.3501"
"5,45 : 0.6742"
"45,5 : 0.6742"
"5,46 : 0.236"
"46,5 : 0.236"
"5,47 : 0.1077"
"47,5 : 0.1077"
"5,48 : 0.5142"
"48,5 : 0.5142"
"5,49 : 0.1676"
"49,5 : 0.1676"
"5,50 : 0.39"
"50,5 : 0.39"
"5,51 : 0.5099"
"51,5 : 0.5099"
"5,52 : 0.1746"
"52,5 : 0.1746"
"5,53 : 0.4071"
"53,5 : 0.4071"
"5,54 : 0.3701"
"54,5 : 0.3701"
"5,55 : 0.1965"
"55,5 : 0.1965"
"5,56 : 0.7018"
"56,5 : 0.7018"
"5,57 : 0.5803"
"57,5 : 0.5803"
"5,58 : 0.3905"
"58,5 : 0.3905"
"5,59 : 0.3821"
"59,5 : 0.3821"
"5,60 : 0.5341"
"60,5 : 0.5341"
"5,61 : 0.4159"
"61,5 : 0.4159"
"5,62 : 0.4653"
"62,5 : 0.4653"
"5,63 : 0.4391"
"63,5 : 0.4391"
"5,64 : 0.5324"
"64,5 : 0.5324"
"5,65 : 0.6042"
"65,5 : 0.6042"
"5,66 : 0.5852"
"66,5 : 0.5852"
"5,67 : 0.5636"
"67,5 : 0.5636"
"5,68 : 0.1972"
"68,5 : 0.1972"
"5,69 : 0.3257"
"69,5 : 0.3257"
"5,70 : 0.3302"
"70,5 : 0.3302"
"5,71 : 0.5822"
"71,5 : 0.5822"
"5,72 : 0.2404"
"72,5 : 0.2404"
"5,73 : 0.2973"
"73,5 : 0.2973"
"5,74 : 0.5345"
"74,5 : 0.5345"
"5,75 : 0.4768"
"75,5 : 0.4768"
"5,76 : 0.4111"
"76,5 : 0.4111"
"5,77 : 0.5188"
"77,5 : 0.5188"
"5,78 : 0.5704"
"78,5 : 0.5704"
"5,79 : 0.4264"
"79,5 : 0.4264"
"5,80 : 0.5492"
"80,5 : 0.5492"
"5,81 : 0.3808"
"81,5 : 0.3808"
"5,82 : 0.2693"
"82,5 : 0.2693"
"5,83 : 0.4601"
"83,5 : 0.4601"
"5,84 : 0.3111"
"84,5 : 0.3111"
"5,85 : 0.4205"
"85,5 : 0.4205"
"5,86 : 0.7325"
"86,5 : 0.7325"
"5,87 : 0.5186"
"87,5 : 0.5186"
"5,88 : 0.2717"
"88,5 : 0.2717"
"5,89 : 0.6903"
"89,5 : 0.6903"
"5,90 : 0.6243"
"90,5 : 0.6243"
"5,91 : 0.3607"
"91,5 : 0.3607"
"5,92 : 0.559"
"92,5 : 0.559"
"5,93 : 0.692"
"93,5 : 0.692"
"5,94 : 0.1836"
"94,5 : 0.1836"
"5,95 : 0.3705"
"95,5 : 0.3705"
"5,96 : 0.2912"
"96,5 : 0.2912"
"5,97 : 0.5515"
"97,5 : 0.5515"
"5,98 : 0.4601"
"98,5 : 0.4601"
"5,99 : 0.3847"
"99,5 : 0.3847"
"6,7 : 0.3962"
"7,6 : 0.3962"
"6,8 : 0.4662"
"8,6 : 0.4662"
"6,9 : 0.4025"
"9,6 : 0.4025"
"6,10 : 0.7009"
"10,6 : 0.7009"
"6,11 : 0.6042"
"11,6 : 0.6042"
"6,12 : 0.7368"
"12,6 : 0.7368"
"6,13 : 0.3561"
"13,6 : 0.3561"
"6,14 : 0.4294"
"14,6 : 0.4294"
"6,15 : 0.5308"
"15,6 : 0.5308"
"6,16 : 0.4837"
"16,6 : 0.4837"
"6,17 : 0.4617"
"17,6 : 0.4617"
"6,18 : 0.5289"
"18,6 : 0.5289"
"6,19 : 0.5456"
"19,6 : 0.5456"
"6,20 : 0.722"
"20,6 : 0.722"
"6,21 : 0.5025"
"21,6 : 0.5025"
"6,22 : 0.56"
"22,6 : 0.56"
"6,23 : 0.4198"
"23,6 : 0.4198"
"6,24 : 0.15"
"24,6 : 0.15"
"6,25 : 0.3466"
"25,6 : 0.3466"
"6,26 : 0.4675"
"26,6 : 0.4675"
"6,27 : 0.136"
"27,6 : 0.136"
"6,28 : 0.7589"
"28,6 : 0.7589"
"6,29 : 0.3423"
"29,6 : 0.3423"
"6,30 : 0.8485"
"30,6 : 0.8485"
"6,31 : 0.5204"
"31,6 : 0.5204"
"6,32 : 0.7569"
"32,6 : 0.7569"
"6,33 : 0.4919"
"33,6 : 0.4919"
"6,34 : 0.1304"
"34,6 : 0.1304"
"6,35 : 0.5301"
"35,6 : 0.5301"
"6,36 : 0.4082"
"36,6 : 0.4082"
"6,37 : 0.2844"
"37,6 : 0.2844"
"6,38 : 0.6403"
"38,6 : 0.6403"
"6,39 : 0.1556"
"39,6 : 0.1556"
"6,40 : 0.2759"
"40,6 : 0.2759"
"6,41 : 0.2886"
"41,6 : 0.2886"
"6,42 : 0.6882"
"42,6 : 0.6882"
"6,43 : 0.2807"
"43,6 : 0.2807"
"6,44 : 0.4652"
"44,6 : 0.4652"
"6,45 : 0.8771"
"45,6 : 0.8771"
"6,46 : 0.2202"
"46,6 : 0.2202"
"6,47 : 0.5217"
"47,6 : 0.5217"
"6,48 : 0.4545"
"48,6 : 0.4545"
"6,49 : 0.2693"
"49,6 : 0.2693"
"6,50 : 0.77"
"50,6 : 0.77"
"6,51 : 0.4909"
"51,6 : 0.4909"
"6,52 : 0.5522"
"52,6 : 0.5522"
"6,53 : 0.3041"
"53,6 : 0.3041"
"6,54 : 0.4741"
"54,6 : 0.4741"
"6,55 : 0.4952"
"55,6 : 0.4952"
"6,56 : 0.3833"
"56,6 : 0.3833"
"6,57 : 0.5805"
"57,6 : 0.5805"
"6,58 : 0.8149"
"58,6 : 0.8149"
"6,59 : 0.4301"
"59,6 : 0.4301"
"6,60 : 0.2816"
"60,6 : 0.2816"
"6,61 : 0.3111"
"61,6 : 0.3111"
"6,62 : 0.0943"
"62,6 : 0.0943"
"6,63 : 0.6707"
"63,6 : 0.6707"
"6,64 : 0.4045"
"64,6 : 0.4045"
"6,65 : 0.3985"
"65,6 : 0.3985"
"6,66 : 0.7295"
"66,6 : 0.7295"
"6,67 : 0.1345"
"67,6 : 0.1345"
"6,68 : 0.2452"
"68,6 : 0.2452"
"6,69 : 0.1118"
"69,6 : 0.1118"
"6,70 : 0.7531"
"70,6 : 0.7531"
"6,71 : 0.5608"
"71,6 : 0.5608"
"6,72 : 0.6768"
"72,6 : 0.6768"
"6,73 : 0.3982"
"73,6 : 0.3982"
"6,74 : 0.6742"
"74,6 : 0.6742"
"6,75 : 0.5852"
"75,6 : 0.5852"
"6,76 : 0.8395"
"76,6 : 0.8395"
"6,77 : 0.103"
"77,6 : 0.103"
"6,78 : 0.6011"
"78,6 : 0.6011"
"6,79 : 0.8509"
"79,6 : 0.8509"
"6,80 : 0.3289"
"80,6 : 0.3289"
"6,81 : 0.8161"
"81,6 : 0.8161"
"6,82 : 0.2968"
"82,6 : 0.2968"
"6,83 : 0.1746"
"83,6 : 0.1746"
"6,84 : 0.7306"
"84,6 : 0.7306"
"6,85 : 0.1703"
"85,6 : 0.1703"
"6,86 : 0.423"
"86,6 : 0.423"
"6,87 : 0.4801"
"87,6 : 0.4801"
"6,88 : 0.1844"
"88,6 : 0.1844"
"6,89 : 0.9261"
"89,6 : 0.9261"
"6,90 : 0.5197"
"90,6 : 0.5197"
"6,91 : 0.7803"
"91,6 : 0.7803"
"6,92 : 0.6482"
"92,6 : 0.6482"
"6,93 : 0.4001"
"93,6 : 0.4001"
"6,94 : 0.4455"
"94,6 : 0.4455"
"6,95 : 0.1746"
"95,6 : 0.1746"
"6,96 : 0.507"
"96,6 : 0.507"
"6,97 : 0.8352"
"97,6 : 0.8352"
"6,98 : 0.2147"
"98,6 : 0.2147"
"6,99 : 0.2121"
"99,6 : 0.2121"
"7,8 : 0.7292"
"8,7 : 0.7292"
"7,9 : 0.114"
"9,7 : 0.114"
"7,10 : 0.8281"
"10,7 : 0.8281"
"7,11 : 0.8"
"11,7 : 0.8"
"7,12 : 0.8839"
"12,7 : 0.8839"
"7,13 : 0.6866"
"13,7 : 0.6866"
"7,14 : 0.7809"
"14,7 : 0.7809"
"7,15 : 0.8154"
"15,7 : 0.8154"
"7,16 : 0.7207"
"16,7 : 0.7207"
"7,17 : 0.6464"
"17,7 : 0.6464"
"7,18 : 0.1389"
"18,7 : 0.1389"
"7,19 : 0.7572"
"19,7 : 0.7572"
"7,20 : 0.9381"
"20,7 : 0.9381"
"7,21 : 0.1118"
"21,7 : 0.1118"
"7,22 : 0.1838"
"22,7 : 0.1838"
"7,23 : 0.4534"
"23,7 : 0.4534"
"7,24 : 0.5445"
"24,7 : 0.5445"
"7,25 : 0.2343"
"25,7 : 0.2343"
"7,26 : 0.7539"
"26,7 : 0.7539"
"7,27 : 0.5001"
"27,7 : 0.5001"
"7,28 : 0.6671"
"28,7 : 0.6671"
"7,29 : 0.1208"
"29,7 : 0.1208"
"7,30 : 0.816"
"30,7 : 0.816"
"7,31 : 0.1581"
"31,7 : 0.1581"
"7,32 : 0.4973"
"32,7 : 0.4973"
"7,33 : 0.1581"
"33,7 : 0.1581"
"7,34 : 0.3225"
"34,7 : 0.3225"
"7,35 : 0.6096"
"35,7 : 0.6096"
"7,36 : 0.1456"
"36,7 : 0.1456"
"7,37 : 0.6807"
"37,7 : 0.6807"
"7,38 : 0.8994"
"38,7 : 0.8994"
"7,39 : 0.5016"
"39,7 : 0.5016"
"7,40 : 0.5944"
"40,7 : 0.5944"
"7,41 : 0.67"
"41,7 : 0.67"
"7,42 : 0.9296"
"42,7 : 0.9296"
"7,43 : 0.4607"
"43,7 : 0.4607"
"7,44 : 0.686"
"44,7 : 0.686"
"7,45 : 1.0706"
"45,7 : 1.0706"
"7,46 : 0.4085"
"46,7 : 0.4085"
"7,47 : 0.5215"
"47,7 : 0.5215"
"7,48 : 0.772"
"48,7 : 0.772"
"7,49 : 0.3413"
"49,7 : 0.3413"
"7,50 : 0.8013"
"50,7 : 0.8013"
"7,51 : 0.1077"
"51,7 : 0.1077"
"7,52 : 0.3864"
"52,7 : 0.3864"
"7,53 : 0.6185"
"53,7 : 0.6185"
"7,54 : 0.7033"
"54,7 : 0.7033"
"7,55 : 0.2943"
"55,7 : 0.2943"
"7,56 : 0.7793"
"56,7 : 0.7793"
"7,57 : 0.8802"
"57,7 : 0.8802"
"7,58 : 0.6401"
"58,7 : 0.6401"
"7,59 : 0.0632"
"59,7 : 0.0632"
"7,60 : 0.6601"
"60,7 : 0.6601"
"7,61 : 0.6282"
"61,7 : 0.6282"
"7,62 : 0.3324"
"62,7 : 0.3324"
"7,63 : 0.8355"
"63,7 : 0.8355"
"7,64 : 0.1304"
"64,7 : 0.1304"
"7,65 : 0.7716"
"65,7 : 0.7716"
"7,66 : 0.9569"
"66,7 : 0.9569"
"7,67 : 0.5092"
"67,7 : 0.5092"
"7,68 : 0.3801"
"68,7 : 0.3801"
"7,69 : 0.3413"
"69,7 : 0.3413"
"7,70 : 0.7151"
"70,7 : 0.7151"
"7,71 : 0.8698"
"71,7 : 0.8698"
"7,72 : 0.5948"
"72,7 : 0.5948"
"7,73 : 0.1265"
"73,7 : 0.1265"
"7,74 : 0.9014"
"74,7 : 0.9014"
"7,75 : 0.8249"
"75,7 : 0.8249"
"7,76 : 0.7788"
"76,7 : 0.7788"
"7,77 : 0.4948"
"77,7 : 0.4948"
"7,78 : 0.8864"
"78,7 : 0.8864"
"7,79 : 0.6707"
"79,7 : 0.6707"
"7,80 : 0.7011"
"80,7 : 0.7011"
"7,81 : 0.7257"
"81,7 : 0.7257"
"7,82 : 0.1664"
"82,7 : 0.1664"
"7,83 : 0.55"
"83,7 : 0.55"
"7,84 : 0.5604"
"84,7 : 0.5604"
"7,85 : 0.2341"
"85,7 : 0.2341"
"7,86 : 0.8188"
"86,7 : 0.8188"
"7,87 : 0.1082"
"87,7 : 0.1082"
"7,88 : 0.2789"
"88,7 : 0.2789"
"7,89 : 1.096"
"89,7 : 1.096"
"7,90 : 0.2081"
"90,7 : 0.2081"
"7,91 : 0.6001"
"91,7 : 0.6001"
"7,92 : 0.9043"
"92,7 : 0.9043"
"7,93 : 0.794"
"93,7 : 0.794"
"7,94 : 0.2625"
"94,7 : 0.2625"
"7,95 : 0.222"
"95,7 : 0.222"
"7,96 : 0.6684"
"96,7 : 0.6684"
"7,97 : 0.9643"
"97,7 : 0.9643"
"7,98 : 0.5808"
"98,7 : 0.5808"
"7,99 : 0.1844"
"99,7 : 0.1844"
"8,9 : 0.661"
"9,8 : 0.661"
"8,10 : 0.3162"
"10,8 : 0.3162"
"8,11 : 0.1712"
"11,8 : 0.1712"
"8,12 : 0.3225"
"12,8 : 0.3225"
"8,13 : 0.1603"
"13,8 : 0.1603"
"8,14 : 0.211"
"14,8 : 0.211"
"8,15 : 0.0906"
"15,8 : 0.0906"
"8,16 : 0.05"
"16,8 : 0.05"
"8,17 : 0.1432"
"17,8 : 0.1432"
"8,18 : 0.8161"
"18,8 : 0.8161"
"8,19 : 0.114"
"19,8 : 0.114"
"8,20 : 0.26"
"20,8 : 0.26"
"8,21 : 0.8377"
"21,8 : 0.8377"
"8,22 : 0.9129"
"22,8 : 0.9129"
"8,23 : 0.3612"
"23,8 : 0.3612"
"8,24 : 0.3985"
"24,8 : 0.3985"
"8,25 : 0.5263"
"25,8 : 0.5263"
"8,26 : 0.05"
"26,8 : 0.05"
"8,27 : 0.34"
"27,8 : 0.34"
"8,28 : 0.6129"
"28,8 : 0.6129"
"8,29 : 0.7406"
"29,8 : 0.7406"
"8,30 : 0.6031"
"30,8 : 0.6031"
"8,31 : 0.8855"
"31,8 : 0.8855"
"8,32 : 0.8081"
"32,8 : 0.8081"
"8,33 : 0.7278"
"33,8 : 0.7278"
"8,34 : 0.4342"
"34,8 : 0.4342"
"8,35 : 0.3002"
"35,8 : 0.3002"
"8,36 : 0.6429"
"36,8 : 0.6429"
"8,37 : 0.4301"
"37,8 : 0.4301"
"8,38 : 0.1769"
"38,8 : 0.1769"
"8,39 : 0.3138"
"39,8 : 0.3138"
"8,40 : 0.197"
"40,8 : 0.197"
"8,41 : 0.3102"
"41,8 : 0.3102"
"8,42 : 0.222"
"42,8 : 0.222"
"8,43 : 0.2693"
"43,8 : 0.2693"
"8,44 : 0.0806"
"44,8 : 0.0806"
"8,45 : 0.4179"
"45,8 : 0.4179"
"8,46 : 0.3225"
"46,8 : 0.3225"
"8,47 : 0.4016"
"47,8 : 0.4016"
"8,48 : 0.1204"
"48,8 : 0.1204"
"8,49 : 0.3922"
"49,8 : 0.3922"
"8,50 : 0.4743"
"50,8 : 0.4743"
"8,51 : 0.8367"
"51,8 : 0.8367"
"8,52 : 0.5941"
"52,8 : 0.5941"
"8,53 : 0.1709"
"53,8 : 0.1709"
"8,54 : 0.064"
"54,8 : 0.064"
"8,55 : 0.6103"
"55,8 : 0.6103"
"8,56 : 0.4438"
"56,8 : 0.4438"
"8,57 : 0.1603"
"57,8 : 0.1603"
"8,58 : 0.7469"
"58,8 : 0.7469"
"8,59 : 0.7245"
"59,8 : 0.7245"
"8,60 : 0.3"
"60,8 : 0.3"
"8,61 : 0.1676"
"61,8 : 0.1676"
"8,62 : 0.5544"
"62,8 : 0.5544"
"8,63 : 0.2532"
"63,8 : 0.2532"
"8,64 : 0.8016"
"64,8 : 0.8016"
"8,65 : 0.2823"
"65,8 : 0.2823"
"8,66 : 0.2642"
"66,8 : 0.2642"
"8,67 : 0.5126"
"67,8 : 0.5126"
"8,68 : 0.3493"
"68,8 : 0.3493"
"8,69 : 0.4252"
"69,8 : 0.4252"
"8,70 : 0.5456"
"70,8 : 0.5456"
"8,71 : 0.1612"
"71,8 : 0.1612"
"8,72 : 0.5547"
"72,8 : 0.5547"
"8,73 : 0.6485"
"73,8 : 0.6485"
"8,74 : 0.2102"
"74,8 : 0.2102"
"8,75 : 0.1208"
"75,8 : 0.1208"
"8,76 : 0.6294"
"76,8 : 0.6294"
"8,77 : 0.4662"
"77,8 : 0.4662"
"8,78 : 0.1581"
"78,8 : 0.1581"
"8,79 : 0.7783"
"79,8 : 0.7783"
"8,80 : 0.2729"
"80,8 : 0.2729"
"8,81 : 0.6482"
"81,8 : 0.6482"
"8,82 : 0.5646"
"82,8 : 0.5646"
"8,83 : 0.3289"
"83,8 : 0.3289"
"8,84 : 0.6871"
"84,8 : 0.6871"
"8,85 : 0.588"
"85,8 : 0.588"
"8,86 : 0.4554"
"86,8 : 0.4554"
"8,87 : 0.8363"
"87,8 : 0.8363"
"8,88 : 0.4579"
"88,8 : 0.4579"
"8,89 : 0.4754"
"89,8 : 0.4754"
"8,90 : 0.9159"
"90,8 : 0.9159"
"8,91 : 0.7301"
"91,8 : 0.7301"
"8,92 : 0.1838"
"92,8 : 0.1838"
"8,93 : 0.4111"
"93,8 : 0.4111"
"8,94 : 0.5831"
"94,8 : 0.5831"
"8,95 : 0.5561"
"95,8 : 0.5561"
"8,96 : 0.178"
"96,8 : 0.178"
"8,97 : 0.4211"
"97,8 : 0.4211"
"8,98 : 0.2912"
"98,8 : 0.2912"
"8,99 : 0.5941"
"99,8 : 0.5941"
"9,10 : 0.7286"
"10,9 : 0.7286"
"9,11 : 0.7134"
"11,9 : 0.7134"
"9,12 : 0.7864"
"12,9 : 0.7864"
"9,13 : 0.6412"
"13,9 : 0.6412"
"9,14 : 0.7403"
"14,9 : 0.7403"
"9,15 : 0.75"
"15,9 : 0.75"
"9,16 : 0.6462"
"16,9 : 0.6462"
"9,17 : 0.5636"
"17,9 : 0.5636"
"9,18 : 0.1552"
"18,9 : 0.1552"
"9,19 : 0.6754"
"19,9 : 0.6754"
"9,20 : 0.8523"
"20,9 : 0.8523"
"9,21 : 0.191"
"21,9 : 0.191"
"9,22 : 0.2691"
"22,9 : 0.2691"
"9,23 : 0.3547"
"23,9 : 0.3547"
"9,24 : 0.5408"
"24,9 : 0.5408"
"9,25 : 0.1389"
"25,9 : 0.1389"
"9,26 : 0.6912"
"26,9 : 0.6912"
"9,27 : 0.4805"
"27,9 : 0.4805"
"9,28 : 0.5532"
"28,9 : 0.5532"
"9,29 : 0.2209"
"29,9 : 0.2209"
"9,30 : 0.7023"
"30,9 : 0.7023"
"9,31 : 0.2561"
"31,9 : 0.2561"
"9,32 : 0.4031"
"32,9 : 0.4031"
"9,33 : 0.0894"
"33,9 : 0.0894"
"9,34 : 0.2983"
"34,9 : 0.2983"
"9,35 : 0.5093"
"35,9 : 0.5093"
"9,36 : 0.0316"
"36,9 : 0.0316"
"9,37 : 0.6801"
"37,9 : 0.6801"
"9,38 : 0.8246"
"38,9 : 0.8246"
"9,39 : 0.4752"
"39,9 : 0.4752"
"9,40 : 0.5504"
"40,9 : 0.5504"
"9,41 : 0.6494"
"41,9 : 0.6494"
"9,42 : 0.8497"
"42,9 : 0.8497"
"9,43 : 0.3929"
"43,9 : 0.3929"
"9,44 : 0.6093"
"44,9 : 0.6093"
"9,45 : 0.978"
"45,9 : 0.978"
"9,46 : 0.3523"
"46,9 : 0.3523"
"9,47 : 0.414"
"47,9 : 0.414"
"9,48 : 0.7185"
"48,9 : 0.7185"
"9,49 : 0.2693"
"49,9 : 0.2693"
"9,50 : 0.6912"
"50,9 : 0.6912"
"9,51 : 0.1985"
"51,9 : 0.1985"
"9,52 : 0.2729"
"52,9 : 0.2729"
"9,53 : 0.5714"
"53,9 : 0.5714"
"9,54 : 0.6277"
"54,9 : 0.6277"
"9,55 : 0.1811"
"55,9 : 0.1811"
"9,56 : 0.7749"
"56,9 : 0.7749"
"9,57 : 0.8174"
"57,9 : 0.8174"
"9,58 : 0.5315"
"58,9 : 0.5315"
"9,59 : 0.0707"
"59,9 : 0.0707"
"9,60 : 0.6379"
"60,9 : 0.6379"
"9,61 : 0.5814"
"61,9 : 0.5814"
"9,62 : 0.3624"
"62,9 : 0.3624"
"9,63 : 0.742"
"63,9 : 0.742"
"9,64 : 0.2433"
"64,9 : 0.2433"
"9,65 : 0.7424"
"65,9 : 0.7424"
"9,66 : 0.8732"
"66,9 : 0.8732"
"9,67 : 0.53"
"67,9 : 0.53"
"9,68 : 0.3158"
"68,9 : 0.3158"
"9,69 : 0.3202"
"69,9 : 0.3202"
"9,70 : 0.6017"
"70,9 : 0.6017"
"9,71 : 0.8102"
"71,9 : 0.8102"
"9,72 : 0.4808"
"72,9 : 0.4808"
"9,73 : 0.0141"
"73,9 : 0.0141"
"9,74 : 0.8188"
"74,9 : 0.8188"
"9,75 : 0.7473"
"75,9 : 0.7473"
"9,76 : 0.6648"
"76,9 : 0.6648"
"9,77 : 0.5054"
"77,9 : 0.5054"
"9,78 : 0.8191"
"78,9 : 0.8191"
"9,79 : 0.5632"
"79,9 : 0.5632"
"9,80 : 0.6736"
"80,9 : 0.6736"
"9,81 : 0.6119"
"81,9 : 0.6119"
"9,82 : 0.1118"
"82,9 : 0.1118"
"9,83 : 0.5315"
"83,9 : 0.5315"
"9,84 : 0.4501"
"84,9 : 0.4501"
"9,85 : 0.2687"
"85,9 : 0.2687"
"9,86 : 0.8132"
"86,9 : 0.8132"
"9,87 : 0.2081"
"87,9 : 0.2081"
"9,88 : 0.2433"
"88,9 : 0.2433"
"9,89 : 0.999"
"89,9 : 0.999"
"9,90 : 0.3176"
"90,9 : 0.3176"
"9,91 : 0.4916"
"91,9 : 0.4916"
"9,92 : 0.8286"
"92,9 : 0.8286"
"9,93 : 0.7834"
"93,9 : 0.7834"
"9,94 : 0.1487"
"94,9 : 0.1487"
"9,95 : 0.236"
"95,9 : 0.236"
"9,96 : 0.5798"
"96,9 : 0.5798"
"9,97 : 0.8628"
"97,9 : 0.8628"
"9,98 : 0.5558"
"98,9 : 0.5558"
"9,99 : 0.2121"
"99,9 : 0.2121"
"10,11 : 0.1526"
"11,10 : 0.1526"
"10,12 : 0.0632"
"12,10 : 0.0632"
"10,13 : 0.473"
"13,10 : 0.473"
"10,14 : 0.5239"
"14,10 : 0.5239"
"10,15 : 0.3467"
"15,10 : 0.3467"
"10,16 : 0.2693"
"16,10 : 0.2693"
"10,17 : 0.2419"
"17,10 : 0.2419"
"10,18 : 0.8683"
"18,10 : 0.8683"
"10,19 : 0.2025"
"19,10 : 0.2025"
"10,20 : 0.2088"
"20,10 : 0.2088"
"10,21 : 0.9197"
"21,10 : 0.9197"
"10,22 : 0.9976"
"22,10 : 0.9976"
"10,23 : 0.3748"
"23,10 : 0.3748"
"10,24 : 0.6803"
"24,10 : 0.6803"
"10,25 : 0.5941"
"25,10 : 0.5941"
"10,26 : 0.3585"
"26,10 : 0.3585"
"10,27 : 0.603"
"27,10 : 0.603"
"10,28 : 0.4119"
"28,10 : 0.4119"
"10,29 : 0.8823"
"29,10 : 0.8823"
"10,30 : 0.3312"
"30,10 : 0.3312"
"10,31 : 0.9829"
"31,10 : 0.9829"
"10,32 : 0.7021"
"32,10 : 0.7021"
"10,33 : 0.764"
"33,10 : 0.764"
"10,34 : 0.6185"
"34,10 : 0.6185"
"10,35 : 0.2193"
"35,10 : 0.2193"
"10,36 : 0.7009"
"36,10 : 0.7009"
"10,37 : 0.7382"
"37,10 : 0.7382"
"10,38 : 0.2921"
"38,10 : 0.2921"
"10,39 : 0.5731"
"39,10 : 0.5731"
"10,40 : 0.4804"
"40,10 : 0.4804"
"10,41 : 0.6198"
"41,10 : 0.6198"
"10,42 : 0.2594"
"42,10 : 0.2594"
"10,43 : 0.4272"
"43,10 : 0.4272"
"10,44 : 0.2617"
"44,10 : 0.2617"
"10,45 : 0.2657"
"45,10 : 0.2657"
"10,46 : 0.494"
"46,10 : 0.494"
"10,47 : 0.3276"
"47,10 : 0.3276"
"10,48 : 0.4295"
"48,10 : 0.4295"
"10,49 : 0.5077"
"49,10 : 0.5077"
"10,50 : 0.1924"
"50,10 : 0.1924"
"10,51 : 0.9263"
"51,10 : 0.9263"
"10,52 : 0.5413"
"52,10 : 0.5413"
"10,53 : 0.4617"
"53,10 : 0.4617"
"10,54 : 0.2648"
"54,10 : 0.2648"
"10,55 : 0.6021"
"55,10 : 0.6021"
"10,56 : 0.7596"
"56,10 : 0.7596"
"10,57 : 0.3895"
"57,10 : 0.3895"
"10,58 : 0.5708"
"58,10 : 0.5708"
"10,59 : 0.7993"
"59,10 : 0.7993"
"10,60 : 0.6083"
"60,10 : 0.6083"
"10,61 : 0.4627"
"61,10 : 0.4627"
"10,62 : 0.7716"
"62,10 : 0.7716"
"10,63 : 0.0781"
"63,10 : 0.0781"
"10,64 : 0.9341"
"64,10 : 0.9341"
"10,65 : 0.5981"
"65,10 : 0.5981"
"10,66 : 0.2404"
"66,10 : 0.2404"
"10,67 : 0.7841"
"67,10 : 0.7841"
"10,68 : 0.4919"
"68,10 : 0.4919"
"10,69 : 0.6203"
"69,10 : 0.6203"
"10,70 : 0.3158"
"70,10 : 0.3158"
"10,71 : 0.4123"
"71,10 : 0.4123"
"10,72 : 0.392"
"72,10 : 0.392"
"10,73 : 0.7145"
"73,10 : 0.7145"
"10,74 : 0.2195"
"74,10 : 0.2195"
"10,75 : 0.2421"
"75,10 : 0.2421"
"10,76 : 0.377"
"76,10 : 0.377"
"10,77 : 0.7344"
"77,10 : 0.7344"
"10,78 : 0.3536"
"78,10 : 0.3536"
"10,79 : 0.593"
"79,10 : 0.593"
"10,80 : 0.5869"
"80,10 : 0.5869"
"10,81 : 0.422"
"81,10 : 0.422"
"10,82 : 0.6684"
"82,10 : 0.6684"
"10,83 : 0.6101"
"83,10 : 0.6101"
"10,84 : 0.5423"
"84,10 : 0.5423"
"10,85 : 0.7692"
"85,10 : 0.7692"
"10,86 : 0.7716"
"86,10 : 0.7716"
"10,87 : 0.9335"
"87,10 : 0.9335"
"10,88 : 0.6129"
"88,10 : 0.6129"
"10,89 : 0.272"
"89,10 : 0.272"
"10,90 : 1.0348"
"90,10 : 1.0348"
"10,91 : 0.5701"
"91,10 : 0.5701"
"10,92 : 0.286"
"92,10 : 0.286"
"10,93 : 0.7273"
"93,10 : 0.7273"
"10,94 : 0.6"
"94,10 : 0.6"
"10,95 : 0.7247"
"95,10 : 0.7247"
"10,96 : 0.1942"
"96,10 : 0.1942"
"10,97 : 0.1389"
"97,10 : 0.1389"
"10,98 : 0.5803"
"98,10 : 0.5803"
"10,99 : 0.7529"
"99,10 : 0.7529"
"11,12 : 0.1513"
"12,11 : 0.1513"
"11,13 : 0.3314"
"13,11 : 0.3314"
"11,14 : 0.3734"
"14,11 : 0.3734"
"11,15 : 0.1942"
"15,11 : 0.1942"
"11,16 : 0.1304"
"16,11 : 0.1304"
"11,17 : 0.1556"
"17,11 : 0.1556"
"11,18 : 0.8635"
"18,11 : 0.8635"
"11,19 : 0.0608"
"19,11 : 0.0608"
"11,20 : 0.1389"
"20,11 : 0.1389"
"11,21 : 0.9014"
"21,11 : 0.9014"
"11,22 : 0.9791"
"22,11 : 0.9791"
"11,23 : 0.3677"
"23,11 : 0.3677"
"11,24 : 0.559"
"24,11 : 0.559"
"11,25 : 0.5745"
"25,11 : 0.5745"
"11,26 : 0.2088"
"26,11 : 0.2088"
"11,27 : 0.4904"
"27,11 : 0.4904"
"11,28 : 0.5187"
"28,11 : 0.5187"
"11,29 : 0.8344"
"29,11 : 0.8344"
"11,30 : 0.4701"
"30,11 : 0.4701"
"11,31 : 0.958"
"31,11 : 0.958"
"11,32 : 0.77"
"32,11 : 0.77"
"11,33 : 0.7649"
"33,11 : 0.7649"
"11,34 : 0.5441"
"34,11 : 0.5441"
"11,35 : 0.2408"
"35,11 : 0.2408"
"11,36 : 0.6896"
"36,11 : 0.6896"
"11,37 : 0.6007"
"37,11 : 0.6007"
"11,38 : 0.1581"
"38,11 : 0.1581"
"11,39 : 0.4617"
"39,11 : 0.4617"
"11,40 : 0.3551"
"40,11 : 0.3551"
"11,41 : 0.4809"
"41,11 : 0.4809"
"11,42 : 0.1503"
"42,11 : 0.1503"
"11,43 : 0.3547"
"43,11 : 0.3547"
"11,44 : 0.1393"
"44,11 : 0.1393"
"11,45 : 0.278"
"45,11 : 0.278"
"11,46 : 0.4201"
"46,11 : 0.4201"
"11,47 : 0.3622"
"47,11 : 0.3622"
"11,48 : 0.2786"
"48,11 : 0.2786"
"11,49 : 0.461"
"49,11 : 0.461"
"11,50 : 0.333"
"50,11 : 0.333"
"11,51 : 0.9044"
"51,11 : 0.9044"
"11,52 : 0.5787"
"52,11 : 0.5787"
"11,53 : 0.3324"
"53,11 : 0.3324"
"11,54 : 0.1334"
"54,11 : 0.1334"
"11,55 : 0.6198"
"55,11 : 0.6198"
"11,56 : 0.6139"
"56,11 : 0.6139"
"11,57 : 0.2408"
"57,11 : 0.2408"
"11,58 : 0.6694"
"58,11 : 0.6694"
"11,59 : 0.7823"
"59,11 : 0.7823"
"11,60 : 0.4704"
"60,11 : 0.4704"
"11,61 : 0.3314"
"61,11 : 0.3314"
"11,62 : 0.6848"
"62,11 : 0.6848"
"11,63 : 0.0825"
"63,11 : 0.0825"
"11,64 : 0.8914"
"64,11 : 0.8914"
"11,65 : 0.4492"
"65,11 : 0.4492"
"11,66 : 0.1616"
"66,11 : 0.1616"
"11,67 : 0.6694"
"67,11 : 0.6694"
"11,68 : 0.4314"
"68,11 : 0.4314"
"11,69 : 0.5408"
"69,11 : 0.5408"
"11,70 : 0.4338"
"70,11 : 0.4338"
"11,71 : 0.2617"
"71,11 : 0.2617"
"11,72 : 0.4785"
"72,11 : 0.4785"
"11,73 : 0.6997"
"73,11 : 0.6997"
"11,74 : 0.1118"
"74,11 : 0.1118"
"11,75 : 0.0922"
"75,11 : 0.0922"
"11,76 : 0.5077"
"76,11 : 0.5077"
"11,77 : 0.621"
"77,11 : 0.621"
"11,78 : 0.2081"
"78,11 : 0.2081"
"11,79 : 0.6964"
"79,11 : 0.6964"
"11,80 : 0.4441"
"80,11 : 0.4441"
"11,81 : 0.5413"
"81,11 : 0.5413"
"11,82 : 0.6341"
"82,11 : 0.6341"
"11,83 : 0.4884"
"83,11 : 0.4884"
"11,84 : 0.6251"
"84,11 : 0.6251"
"11,85 : 0.7"
"85,11 : 0.7"
"11,86 : 0.6236"
"86,11 : 0.6236"
"11,87 : 0.908"
"87,11 : 0.908"
"11,88 : 0.5523"
"88,11 : 0.5523"
"11,89 : 0.322"
"89,11 : 0.322"
"11,90 : 1.0"
"90,11 : 1.0"
"11,91 : 0.661"
"91,11 : 0.661"
"11,92 : 0.1552"
"92,11 : 0.1552"
"11,93 : 0.5797"
"93,11 : 0.5797"
"11,94 : 0.6054"
"94,11 : 0.6054"
"11,95 : 0.6607"
"95,11 : 0.6607"
"11,96 : 0.1342"
"96,11 : 0.1342"
"11,97 : 0.2502"
"97,11 : 0.2502"
"11,98 : 0.454"
"98,11 : 0.454"
"11,99 : 0.6943"
"99,11 : 0.6943"
"12,13 : 0.4826"
"13,12 : 0.4826"
"12,14 : 0.522"
"14,12 : 0.522"
"12,15 : 0.3362"
"15,12 : 0.3362"
"12,16 : 0.2802"
"16,12 : 0.2802"
"12,17 : 0.2751"
"17,12 : 0.2751"
"12,18 : 0.928"
"18,12 : 0.928"
"12,19 : 0.2102"
"19,12 : 0.2102"
"12,20 : 0.1612"
"20,12 : 0.1612"
"12,21 : 0.9774"
"21,12 : 0.9774"
"12,22 : 1.0555"
"22,12 : 1.0555"
"12,23 : 0.4319"
"23,12 : 0.4319"
"12,24 : 0.7046"
"24,12 : 0.7046"
"12,25 : 0.6507"
"25,12 : 0.6507"
"12,26 : 0.359"
"26,12 : 0.359"
"12,27 : 0.6315"
"27,12 : 0.6315"
"12,28 : 0.4704"
"28,12 : 0.4704"
"12,29 : 0.9341"
"29,12 : 0.9341"
"12,30 : 0.377"
"30,12 : 0.377"
"12,31 : 1.0397"
"31,12 : 1.0397"
"12,32 : 0.7649"
"32,12 : 0.7649"
"12,33 : 0.8242"
"33,12 : 0.8242"
"12,34 : 0.6619"
"34,12 : 0.6619"
"12,35 : 0.278"
"35,12 : 0.278"
"12,36 : 0.7593"
"36,12 : 0.7593"
"12,37 : 0.7517"
"37,12 : 0.7517"
"12,38 : 0.2625"
"38,12 : 0.2625"
"12,39 : 0.6021"
"39,12 : 0.6021"
"12,40 : 0.5016"
"40,12 : 0.5016"
"12,41 : 0.632"
"41,12 : 0.632"
"12,42 : 0.2202"
"42,12 : 0.2202"
"12,43 : 0.4696"
"43,12 : 0.4696"
"12,44 : 0.2816"
"44,12 : 0.2816"
"12,45 : 0.2025"
"45,12 : 0.2025"
"12,46 : 0.5367"
"46,12 : 0.5367"
"12,47 : 0.3895"
"47,12 : 0.3895"
"12,48 : 0.4272"
"48,12 : 0.4272"
"12,49 : 0.558"
"49,12 : 0.558"
"12,50 : 0.2404"
"50,12 : 0.2404"
"12,51 : 0.9835"
"51,12 : 0.9835"
"12,52 : 0.6042"
"52,12 : 0.6042"
"12,53 : 0.4804"
"53,12 : 0.4804"
"12,54 : 0.2802"
"54,12 : 0.2802"
"12,55 : 0.6637"
"55,12 : 0.6637"
"12,56 : 0.7649"
"56,12 : 0.7649"
"12,57 : 0.3689"
"57,12 : 0.3689"
"12,58 : 0.6301"
"58,12 : 0.6301"
"12,59 : 0.857"
"59,12 : 0.857"
"12,60 : 0.6213"
"60,12 : 0.6213"
"12,61 : 0.4801"
"61,12 : 0.4801"
"12,62 : 0.8115"
"62,12 : 0.8115"
"12,63 : 0.07"
"63,12 : 0.07"
"12,64 : 0.9872"
"64,12 : 0.9872"
"12,65 : 0.5991"
"65,12 : 0.5991"
"12,66 : 0.1924"
"66,12 : 0.1924"
"12,67 : 0.8122"
"67,12 : 0.8122"
"12,68 : 0.5385"
"68,12 : 0.5385"
"12,69 : 0.6621"
"69,12 : 0.6621"
"12,70 : 0.3722"
"70,12 : 0.3722"
"12,71 : 0.3945"
"71,12 : 0.3945"
"12,72 : 0.454"
"72,12 : 0.454"
"12,73 : 0.7723"
"73,12 : 0.7723"
"12,74 : 0.1838"
"74,12 : 0.1838"
"12,75 : 0.2285"
"75,12 : 0.2285"
"12,76 : 0.4272"
"76,12 : 0.4272"
"12,77 : 0.763"
"77,12 : 0.763"
"12,78 : 0.3302"
"78,12 : 0.3302"
"12,79 : 0.6512"
"79,12 : 0.6512"
"12,80 : 0.5954"
"80,12 : 0.5954"
"12,81 : 0.4768"
"81,12 : 0.4768"
"12,82 : 0.7225"
"82,12 : 0.7225"
"12,83 : 0.6339"
"83,12 : 0.6339"
"12,84 : 0.6041"
"84,12 : 0.6041"
"12,85 : 0.8149"
"85,12 : 0.8149"
"12,86 : 0.7737"
"86,12 : 0.7737"
"12,87 : 0.9901"
"87,12 : 0.9901"
"12,88 : 0.6604"
"88,12 : 0.6604"
"12,89 : 0.2126"
"89,12 : 0.2126"
"12,90 : 1.0898"
"90,12 : 1.0898"
"12,91 : 0.6307"
"91,12 : 0.6307"
"12,92 : 0.255"
"92,12 : 0.255"
"12,93 : 0.7301"
"93,12 : 0.7301"
"12,94 : 0.6603"
"94,12 : 0.6603"
"12,95 : 0.7718"
"95,12 : 0.7718"
"12,96 : 0.2326"
"96,12 : 0.2326"
"12,97 : 0.1005"
"97,12 : 0.1005"
"12,98 : 0.6013"
"98,12 : 0.6013"
"12,99 : 0.8016"
"99,12 : 0.8016"
"13,14 : 0.102"
"14,13 : 0.102"
"13,15 : 0.1879"
"15,13 : 0.1879"
"13,16 : 0.204"
"16,13 : 0.204"
"13,17 : 0.2608"
"17,13 : 0.2608"
"13,18 : 0.794"
"18,13 : 0.794"
"13,19 : 0.2729"
"19,13 : 0.2729"
"13,20 : 0.41"
"20,13 : 0.41"
"13,21 : 0.7983"
"21,13 : 0.7983"
