x,y
0.14,0.01
0.57,0.51
0.05,0.01
0.75,0.12
0.21,0.17
0.85,0.24
0.62,0.57
0.22,0.37
0.07,0.43
0.38,0.43
0.04,0.39
0.99,0.97
0.68,0.99
0.67,1.0
0.74,0.04
0.98,0.52
0.82,0.9
0.49,0.81
0.68,0.29
0.48,0.52
0.49,0.68
0.22,0.43
0.27,0.79
0.17,0.98
0.13,0.76
0.51,0.93
0.29,0.65
0.06,0.22
0.3,0.81
0.64,0.71
0.46,0.99
0.62,0.61
0.61,0.37
0.1,0.49
0.77,0.07
0.8,0.81
0.62,0.36
0.44,0.62
0.72,0.57
0.07,0.88
0.14,0.37
0.3,0.77
0.74,0.87
0.84,0.99
0.63,0.66
0.45,0.75
0.91,0.62
0.99,0.33
0.35,0.3
0.93,0.22
0.2,0.87
0.88,0.59
0.16,0.42
0.02,0.46
0.26,0.9
0.23,0.97
0.25,0.5
0.3,0.78
0.65,0.49
0.95,0.24
0.85,0.52
0.34,0.66
0.9,0.67
0.44,0.66
0.78,0.02
0.22,0.22
0.11,0.3
0.33,0.33
0.33,0.95
0.12,0.88
0.68,0.17
0.5,0.76
0.25,0.13
0.0,0.64
0.8,0.49
0.5,0.78
0.69,0.17
0.72,0.28
0.44,0.81
0.49,0.44
0.25,0.9
0.43,0.48
0.95,0.48
0.38,0.21
0.5,0.05
0.08,0.9
0.41,0.48
0.84,0.92
0.07,0.31
0.4,0.36
0.52,0.72
0.14,0.68
0.71,0.5
0.87,0.86
0.78,0.81
0.56,0.03
0.7,0.98
0.85,0.76
0.06,0.7
0.85,0.25

Distanze
"0,1 : 0.6595"
"1,0 : 0.6595"
"0,2 : 0.09"
"2,0 : 0.09"
"0,3 : 0.6198"
"3,0 : 0.6198"
"0,4 : 0.1746"
"4,0 : 0.1746"
"0,5 : 0.7463"
"5,0 : 0.7463"
"0,6 : 0.7376"
"6,0 : 0.7376"
"0,7 : 0.3688"
"7,0 : 0.3688"
"0,8 : 0.4258"
"8,0 : 0.4258"
"0,9 : 0.4837"
"9,0 : 0.4837"
"0,10 : 0.3929"
"10,0 : 0.3929"
"0,11 : 1.2822"
"11,0 : 1.2822"
"0,12 : 1.1189"
"12,0 : 1.1189"
"0,13 : 1.1229"
"13,0 : 1.1229"
"0,14 : 0.6007"
"14,0 : 0.6007"
"0,15 : 0.9827"
"15,0 : 0.9827"
"0,16 : 1.12"
"16,0 : 1.12"
"0,17 : 0.8732"
"17,0 : 0.8732"
"0,18 : 0.6083"
"18,0 : 0.6083"
"0,19 : 0.6129"
"19,0 : 0.6129"
"0,20 : 0.7559"
"20,0 : 0.7559"
"0,21 : 0.4276"
"21,0 : 0.4276"
"0,22 : 0.7908"
"22,0 : 0.7908"
"0,23 : 0.9705"
"23,0 : 0.9705"
"0,24 : 0.7501"
"24,0 : 0.7501"
"0,25 : 0.9916"
"25,0 : 0.9916"
"0,26 : 0.6573"
"26,0 : 0.6573"
"0,27 : 0.2247"
"27,0 : 0.2247"
"0,28 : 0.8158"
"28,0 : 0.8158"
"0,29 : 0.8602"
"29,0 : 0.8602"
"0,30 : 1.0309"
"30,0 : 1.0309"
"0,31 : 0.7684"
"31,0 : 0.7684"
"0,32 : 0.592"
"32,0 : 0.592"
"0,33 : 0.4817"
"33,0 : 0.4817"
"0,34 : 0.6329"
"34,0 : 0.6329"
"0,35 : 1.0371"
"35,0 : 1.0371"
"0,36 : 0.5941"
"36,0 : 0.5941"
"0,37 : 0.6798"
"37,0 : 0.6798"
"0,38 : 0.8062"
"38,0 : 0.8062"
"0,39 : 0.8728"
"39,0 : 0.8728"
"0,40 : 0.36"
"40,0 : 0.36"
"0,41 : 0.7767"
"41,0 : 0.7767"
"0,42 : 1.0486"
"42,0 : 1.0486"
"0,43 : 1.2043"
"43,0 : 1.2043"
"0,44 : 0.814"
"44,0 : 0.814"
"0,45 : 0.8023"
"45,0 : 0.8023"
"0,46 : 0.9823"
"46,0 : 0.9823"
"0,47 : 0.9082"
"47,0 : 0.9082"
"0,48 : 0.3581"
"48,0 : 0.3581"
"0,49 : 0.8174"
"49,0 : 0.8174"
"0,50 : 0.8621"
"50,0 : 0.8621"
"0,51 : 0.9402"
"51,0 : 0.9402"
"0,52 : 0.4105"
"52,0 : 0.4105"
"0,53 : 0.4657"
"53,0 : 0.4657"
"0,54 : 0.8981"
"54,0 : 0.8981"
"0,55 : 0.9642"
"55,0 : 0.9642"
"0,56 : 0.5022"
"56,0 : 0.5022"
"0,57 : 0.7864"
"57,0 : 0.7864"
"0,58 : 0.7004"
"58,0 : 0.7004"
"0,59 : 0.842"
"59,0 : 0.842"
"0,60 : 0.8742"
"60,0 : 0.8742"
"0,61 : 0.6801"
"61,0 : 0.6801"
"0,62 : 1.0066"
"62,0 : 1.0066"
"0,63 : 0.7159"
"63,0 : 0.7159"
"0,64 : 0.6401"
"64,0 : 0.6401"
"0,65 : 0.2247"
"65,0 : 0.2247"
"0,66 : 0.2915"
"66,0 : 0.2915"
"0,67 : 0.3722"
"67,0 : 0.3722"
"0,68 : 0.959"
"68,0 : 0.959"
"0,69 : 0.8702"
"69,0 : 0.8702"
"0,70 : 0.5632"
"70,0 : 0.5632"
"0,71 : 0.8319"
"71,0 : 0.8319"
"0,72 : 0.1628"
"72,0 : 0.1628"
"0,73 : 0.6454"
"73,0 : 0.6454"
"0,74 : 0.8161"
"74,0 : 0.8161"
"0,75 : 0.85"
"75,0 : 0.85"
"0,76 : 0.5728"
"76,0 : 0.5728"
"0,77 : 0.6398"
"77,0 : 0.6398"
"0,78 : 0.8544"
"78,0 : 0.8544"
"0,79 : 0.5544"
"79,0 : 0.5544"
"0,80 : 0.8968"
"80,0 : 0.8968"
"0,81 : 0.5523"
"81,0 : 0.5523"
"0,82 : 0.9365"
"82,0 : 0.9365"
"0,83 : 0.3124"
"83,0 : 0.3124"
"0,84 : 0.3622"
"84,0 : 0.3622"
"0,85 : 0.892"
"85,0 : 0.892"
"0,86 : 0.542"
"86,0 : 0.542"
"0,87 : 1.1481"
"87,0 : 1.1481"
"0,88 : 0.3081"
"88,0 : 0.3081"
"0,89 : 0.436"
"89,0 : 0.436"
"0,90 : 0.8053"
"90,0 : 0.8053"
"0,91 : 0.67"
"91,0 : 0.67"
"0,92 : 0.7517"
"92,0 : 0.7517"
"0,93 : 1.1204"
"93,0 : 1.1204"
"0,94 : 1.0245"
"94,0 : 1.0245"
"0,95 : 0.4205"
"95,0 : 0.4205"
"0,96 : 1.12"
"96,0 : 1.12"
"0,97 : 1.0328"
"97,0 : 1.0328"
"0,98 : 0.6946"
"98,0 : 0.6946"
"0,99 : 0.7495"
"99,0 : 0.7495"
"1,2 : 0.7214"
"2,1 : 0.7214"
"1,3 : 0.4295"
"3,1 : 0.4295"
"1,4 : 0.4952"
"4,1 : 0.4952"
"1,5 : 0.389"
"5,1 : 0.389"
"1,6 : 0.0781"
"6,1 : 0.0781"
"1,7 : 0.377"
"7,1 : 0.377"
"1,8 : 0.5064"
"8,1 : 0.5064"
"1,9 : 0.2062"
"9,1 : 0.2062"
"1,10 : 0.5434"
"10,1 : 0.5434"
"1,11 : 0.6229"
"11,1 : 0.6229"
"1,12 : 0.4924"
"12,1 : 0.4924"
"1,13 : 0.5001"
"13,1 : 0.5001"
"1,14 : 0.4998"
"14,1 : 0.4998"
"1,15 : 0.4101"
"15,1 : 0.4101"
"1,16 : 0.4632"
"16,1 : 0.4632"
"1,17 : 0.3105"
"17,1 : 0.3105"
"1,18 : 0.246"
"18,1 : 0.246"
"1,19 : 0.0906"
"19,1 : 0.0906"
"1,20 : 0.1879"
"20,1 : 0.1879"
"1,21 : 0.359"
"21,1 : 0.359"
"1,22 : 0.4104"
"22,1 : 0.4104"
"1,23 : 0.6172"
"23,1 : 0.6172"
"1,24 : 0.5061"
"24,1 : 0.5061"
"1,25 : 0.4243"
"25,1 : 0.4243"
"1,26 : 0.313"
"26,1 : 0.313"
"1,27 : 0.5867"
"27,1 : 0.5867"
"1,28 : 0.4036"
"28,1 : 0.4036"
"1,29 : 0.2119"
"29,1 : 0.2119"
"1,30 : 0.4924"
"30,1 : 0.4924"
"1,31 : 0.1118"
"31,1 : 0.1118"
"1,32 : 0.1456"
"32,1 : 0.1456"
"1,33 : 0.4704"
"33,1 : 0.4704"
"1,34 : 0.4833"
"34,1 : 0.4833"
"1,35 : 0.378"
"35,1 : 0.378"
"1,36 : 0.1581"
"36,1 : 0.1581"
"1,37 : 0.1703"
"37,1 : 0.1703"
"1,38 : 0.1616"
"38,1 : 0.1616"
"1,39 : 0.622"
"39,1 : 0.622"
"1,40 : 0.4522"
"40,1 : 0.4522"
"1,41 : 0.3748"
"41,1 : 0.3748"
"1,42 : 0.3981"
"42,1 : 0.3981"
"1,43 : 0.5507"
"43,1 : 0.5507"
"1,44 : 0.1616"
"44,1 : 0.1616"
"1,45 : 0.2683"
"45,1 : 0.2683"
"1,46 : 0.3574"
"46,1 : 0.3574"
"1,47 : 0.4569"
"47,1 : 0.4569"
"1,48 : 0.3041"
"48,1 : 0.3041"
"1,49 : 0.4623"
"49,1 : 0.4623"
"1,50 : 0.5162"
"50,1 : 0.5162"
"1,51 : 0.3202"
"51,1 : 0.3202"
"1,52 : 0.4198"
"52,1 : 0.4198"
"1,53 : 0.5523"
"53,1 : 0.5523"
"1,54 : 0.4982"
"54,1 : 0.4982"
"1,55 : 0.572"
"55,1 : 0.572"
"1,56 : 0.3202"
"56,1 : 0.3202"
"1,57 : 0.3818"
"57,1 : 0.3818"
"1,58 : 0.0825"
"58,1 : 0.0825"
"1,59 : 0.4662"
"59,1 : 0.4662"
"1,60 : 0.2802"
"60,1 : 0.2802"
"1,61 : 0.2746"
"61,1 : 0.2746"
"1,62 : 0.3667"
"62,1 : 0.3667"
"1,63 : 0.1985"
"63,1 : 0.1985"
"1,64 : 0.5331"
"64,1 : 0.5331"
"1,65 : 0.4545"
"65,1 : 0.4545"
"1,66 : 0.5057"
"66,1 : 0.5057"
"1,67 : 0.3"
"67,1 : 0.3"
"1,68 : 0.5012"
"68,1 : 0.5012"
"1,69 : 0.5826"
"69,1 : 0.5826"
"1,70 : 0.3574"
"70,1 : 0.3574"
"1,71 : 0.2596"
"71,1 : 0.2596"
"1,72 : 0.4968"
"72,1 : 0.4968"
"1,73 : 0.5846"
"73,1 : 0.5846"
"1,74 : 0.2309"
"74,1 : 0.2309"
"1,75 : 0.2789"
"75,1 : 0.2789"
"1,76 : 0.3606"
"76,1 : 0.3606"
"1,77 : 0.2746"
"77,1 : 0.2746"
"1,78 : 0.327"
"78,1 : 0.327"
"1,79 : 0.1063"
"79,1 : 0.1063"
"1,80 : 0.5045"
"80,1 : 0.5045"
"1,81 : 0.1432"
"81,1 : 0.1432"
"1,82 : 0.3812"
"82,1 : 0.3812"
"1,83 : 0.3551"
"83,1 : 0.3551"
"1,84 : 0.4653"
"84,1 : 0.4653"
"1,85 : 0.6263"
"85,1 : 0.6263"
"1,86 : 0.1628"
"86,1 : 0.1628"
"1,87 : 0.4909"
"87,1 : 0.4909"
"1,88 : 0.5385"
"88,1 : 0.5385"
"1,89 : 0.2267"
"89,1 : 0.2267"
"1,90 : 0.2159"
"90,1 : 0.2159"
"1,91 : 0.4624"
"91,1 : 0.4624"
"1,92 : 0.1404"
"92,1 : 0.1404"
"1,93 : 0.461"
"93,1 : 0.461"
"1,94 : 0.3662"
"94,1 : 0.3662"
"1,95 : 0.4801"
"95,1 : 0.4801"
"1,96 : 0.4876"
"96,1 : 0.4876"
"1,97 : 0.3754"
"97,1 : 0.3754"
"1,98 : 0.5442"
"98,1 : 0.5442"
"1,99 : 0.3821"
"99,1 : 0.3821"
"2,3 : 0.7086"
"3,2 : 0.7086"
"2,4 : 0.2263"
"4,2 : 0.2263"
"2,5 : 0.8324"
"5,2 : 0.8324"
"2,6 : 0.7991"
"6,2 : 0.7991"
"2,7 : 0.3981"
"7,2 : 0.3981"
"2,8 : 0.4205"
"8,2 : 0.4205"
"2,9 : 0.5341"
"9,2 : 0.5341"
"2,10 : 0.3801"
"10,2 : 0.3801"
"2,11 : 1.3436"
"11,2 : 1.3436"
"2,12 : 1.165"
"12,2 : 1.165"
"2,13 : 1.1681"
"13,2 : 1.1681"
"2,14 : 0.6907"
"14,2 : 0.6907"
"2,15 : 1.0607"
"15,2 : 1.0607"
"2,16 : 1.1769"
"16,2 : 1.1769"
"2,17 : 0.913"
"17,2 : 0.913"
"2,18 : 0.6894"
"18,2 : 0.6894"
"2,19 : 0.6671"
"19,2 : 0.6671"
"2,20 : 0.8016"
"20,2 : 0.8016"
"2,21 : 0.4531"
"21,2 : 0.4531"
"2,22 : 0.8104"
"22,2 : 0.8104"
"2,23 : 0.9774"
"23,2 : 0.9774"
"2,24 : 0.7543"
"24,2 : 0.7543"
"2,25 : 1.0286"
"25,2 : 1.0286"
"2,26 : 0.6835"
"26,2 : 0.6835"
"2,27 : 0.2102"
"27,2 : 0.2102"
"2,28 : 0.8382"
"28,2 : 0.8382"
"2,29 : 0.9155"
"29,2 : 0.9155"
"2,30 : 1.0623"
"30,2 : 1.0623"
"2,31 : 0.8276"
"31,2 : 0.8276"
"2,32 : 0.6657"
"32,2 : 0.6657"
"2,33 : 0.4826"
"33,2 : 0.4826"
"2,34 : 0.7225"
"34,2 : 0.7225"
"2,35 : 1.0966"
"35,2 : 1.0966"
"2,36 : 0.6689"
"36,2 : 0.6689"
"2,37 : 0.724"
"37,2 : 0.724"
"2,38 : 0.8732"
"38,2 : 0.8732"
"2,39 : 0.8702"
"39,2 : 0.8702"
"2,40 : 0.3711"
"40,2 : 0.3711"
"2,41 : 0.8001"
"41,2 : 0.8001"
"2,42 : 1.1026"
"42,2 : 1.1026"
"2,43 : 1.2588"
"43,2 : 1.2588"
"2,44 : 0.8711"
"44,2 : 0.8711"
"2,45 : 0.8412"
"45,2 : 0.8412"
"2,46 : 1.0544"
"46,2 : 1.0544"
"2,47 : 0.993"
"47,2 : 0.993"
"2,48 : 0.4173"
"48,2 : 0.4173"
"2,49 : 0.9047"
"49,2 : 0.9047"
"2,50 : 0.873"
"50,2 : 0.873"
"2,51 : 1.0126"
"51,2 : 1.0126"
"2,52 : 0.4245"
"52,2 : 0.4245"
"2,53 : 0.451"
"53,2 : 0.451"
"2,54 : 0.9144"
"54,2 : 0.9144"
"2,55 : 0.9767"
"55,2 : 0.9767"
"2,56 : 0.5292"
"56,2 : 0.5292"
"2,57 : 0.8096"
"57,2 : 0.8096"
"2,58 : 0.7684"
"58,2 : 0.7684"
"2,59 : 0.9289"
"59,2 : 0.9289"
"2,60 : 0.9487"
"60,2 : 0.9487"
"2,61 : 0.7118"
"61,2 : 0.7118"
"2,62 : 1.0762"
"62,2 : 1.0762"
"2,63 : 0.758"
"63,2 : 0.758"
"2,64 : 0.7301"
"64,2 : 0.7301"
"2,65 : 0.2702"
"65,2 : 0.2702"
"2,66 : 0.2961"
"66,2 : 0.2961"
"2,67 : 0.4252"
"67,2 : 0.4252"
"2,68 : 0.9808"
"68,2 : 0.9808"
"2,69 : 0.8728"
"69,2 : 0.8728"
"2,70 : 0.65"
"70,2 : 0.65"
"2,71 : 0.8746"
"71,2 : 0.8746"
"2,72 : 0.2332"
"72,2 : 0.2332"
"2,73 : 0.632"
"73,2 : 0.632"
"2,74 : 0.8904"
"74,2 : 0.8904"
"2,75 : 0.8919"
"75,2 : 0.8919"
"2,76 : 0.6597"
"76,2 : 0.6597"
"2,77 : 0.7224"
"77,2 : 0.7224"
"2,78 : 0.89"
"78,2 : 0.89"
"2,79 : 0.6152"
"79,2 : 0.6152"
"2,80 : 0.9122"
"80,2 : 0.9122"
"2,81 : 0.6044"
"81,2 : 0.6044"
"2,82 : 1.0153"
"82,2 : 1.0153"
"2,83 : 0.3859"
"83,2 : 0.3859"
"2,84 : 0.4518"
"84,2 : 0.4518"
"2,85 : 0.8905"
"85,2 : 0.8905"
"2,86 : 0.592"
"86,2 : 0.592"
"2,87 : 1.2051"
"87,2 : 1.2051"
"2,88 : 0.3007"
"88,2 : 0.3007"
"2,89 : 0.495"
"89,2 : 0.495"
"2,90 : 0.8515"
"90,2 : 0.8515"
"2,91 : 0.676"
"91,2 : 0.676"
"2,92 : 0.822"
"92,2 : 0.822"
"2,93 : 1.1811"
"93,2 : 1.1811"
"2,94 : 1.083"
"94,2 : 1.083"
"2,95 : 0.5104"
"95,2 : 0.5104"
"2,96 : 1.1676"
"96,2 : 1.1676"
"2,97 : 1.0966"
"97,2 : 1.0966"
"2,98 : 0.6901"
"98,2 : 0.6901"
"2,99 : 0.8352"
"99,2 : 0.8352"
"3,4 : 0.5423"
"4,3 : 0.5423"
"3,5 : 0.1562"
"5,3 : 0.1562"
"3,6 : 0.4684"
"6,3 : 0.4684"
"3,7 : 0.586"
"7,3 : 0.586"
"3,8 : 0.7473"
"8,3 : 0.7473"
"3,9 : 0.4827"
"9,3 : 0.4827"
"3,10 : 0.7596"
"10,3 : 0.7596"
"3,11 : 0.8832"
"11,3 : 0.8832"
"3,12 : 0.8728"
"12,3 : 0.8728"
"3,13 : 0.8836"
"13,3 : 0.8836"
"3,14 : 0.0806"
"14,3 : 0.0806"
"3,15 : 0.4614"
"15,3 : 0.4614"
"3,16 : 0.7831"
"16,3 : 0.7831"
"3,17 : 0.7374"
"17,3 : 0.7374"
"3,18 : 0.1838"
"18,3 : 0.1838"
"3,19 : 0.4826"
"19,3 : 0.4826"
"3,20 : 0.6174"
"20,3 : 0.6174"
"3,21 : 0.614"
"21,3 : 0.614"
"3,22 : 0.8242"
"22,3 : 0.8242"
"3,23 : 1.0373"
"23,3 : 1.0373"
"3,24 : 0.8911"
"24,3 : 0.8911"
"3,25 : 0.8448"
"25,3 : 0.8448"
"3,26 : 0.7018"
"26,3 : 0.7018"
"3,27 : 0.6972"
"27,3 : 0.6972"
"3,28 : 0.8238"
"28,3 : 0.8238"
"3,29 : 0.6002"
"29,3 : 0.6002"
"3,30 : 0.9171"
"30,3 : 0.9171"
"3,31 : 0.507"
"31,3 : 0.507"
"3,32 : 0.2865"
"32,3 : 0.2865"
"3,33 : 0.7479"
"33,3 : 0.7479"
"3,34 : 0.0539"
"34,3 : 0.0539"
"3,35 : 0.6918"
"35,3 : 0.6918"
"3,36 : 0.2729"
"36,3 : 0.2729"
"3,37 : 0.5883"
"37,3 : 0.5883"
"3,38 : 0.451"
"38,3 : 0.451"
"3,39 : 1.0198"
"39,3 : 1.0198"
"3,40 : 0.6592"
"40,3 : 0.6592"
"3,41 : 0.7906"
"41,3 : 0.7906"
"3,42 : 0.7501"
"42,3 : 0.7501"
"3,43 : 0.8746"
"43,3 : 0.8746"
"3,44 : 0.5532"
"44,3 : 0.5532"
"3,45 : 0.6978"
"45,3 : 0.6978"
"3,46 : 0.525"
"46,3 : 0.525"
"3,47 : 0.3189"
"47,3 : 0.3189"
"3,48 : 0.4386"
"48,3 : 0.4386"
"3,49 : 0.2059"
"49,3 : 0.2059"
"3,50 : 0.9301"
"50,3 : 0.9301"
"3,51 : 0.4876"
"51,3 : 0.4876"
"3,52 : 0.6619"
"52,3 : 0.6619"
"3,53 : 0.8053"
"53,3 : 0.8053"
"3,54 : 0.9211"
"54,3 : 0.9211"
"3,55 : 0.9964"
"55,3 : 0.9964"
"3,56 : 0.628"
"56,3 : 0.628"
"3,57 : 0.7988"
"57,3 : 0.7988"
"3,58 : 0.3833"
"58,3 : 0.3833"
"3,59 : 0.2332"
"59,3 : 0.2332"
"3,60 : 0.4123"
"60,3 : 0.4123"
"3,61 : 0.678"
"61,3 : 0.678"
"3,62 : 0.5701"
"62,3 : 0.5701"
"3,63 : 0.6227"
"63,3 : 0.6227"
"3,64 : 0.1044"
"64,3 : 0.1044"
"3,65 : 0.5394"
"65,3 : 0.5394"
"3,66 : 0.6648"
"66,3 : 0.6648"
"3,67 : 0.4696"
"67,3 : 0.4696"
"3,68 : 0.9302"
"68,3 : 0.9302"
"3,69 : 0.9872"
"69,3 : 0.9872"
"3,70 : 0.086"
"70,3 : 0.086"
"3,71 : 0.6871"
"71,3 : 0.6871"
"3,72 : 0.5001"
"72,3 : 0.5001"
"3,73 : 0.9126"
"73,3 : 0.9126"
"3,74 : 0.3734"
"74,3 : 0.3734"
"3,75 : 0.7058"
"75,3 : 0.7058"
"3,76 : 0.0781"
"76,3 : 0.0781"
"3,77 : 0.1628"
"77,3 : 0.1628"
"3,78 : 0.7564"
"78,3 : 0.7564"
"3,79 : 0.4123"
"79,3 : 0.4123"
"3,80 : 0.9265"
"80,3 : 0.9265"
"3,81 : 0.4817"
"81,3 : 0.4817"
"3,82 : 0.4118"
"82,3 : 0.4118"
"3,83 : 0.3808"
"83,3 : 0.3808"
"3,84 : 0.2596"
"84,3 : 0.2596"
"3,85 : 1.0283"
"85,3 : 1.0283"
"3,86 : 0.4952"
"86,3 : 0.4952"
"3,87 : 0.805"
"87,3 : 0.805"
"3,88 : 0.706"
"88,3 : 0.706"
"3,89 : 0.4244"
"89,3 : 0.4244"
"3,90 : 0.6426"
"90,3 : 0.6426"
"3,91 : 0.8281"
"91,3 : 0.8281"
"3,92 : 0.3821"
"92,3 : 0.3821"
"3,93 : 0.7497"
"93,3 : 0.7497"
"3,94 : 0.6907"
"94,3 : 0.6907"
"3,95 : 0.2102"
"95,3 : 0.2102"
"3,96 : 0.8615"
"96,3 : 0.8615"
"3,97 : 0.6478"
"97,3 : 0.6478"
"3,98 : 0.9014"
"98,3 : 0.9014"
"3,99 : 0.164"
"99,3 : 0.164"
"4,5 : 0.6438"
"5,4 : 0.6438"
"4,6 : 0.5728"
"6,4 : 0.5728"
"4,7 : 0.2002"
"7,4 : 0.2002"
"4,8 : 0.2953"
"8,4 : 0.2953"
"4,9 : 0.3106"
"9,4 : 0.3106"
"4,10 : 0.278"
"10,4 : 0.278"
"4,11 : 1.1173"
"11,4 : 1.1173"
"4,12 : 0.9451"
"12,4 : 0.9451"
"4,13 : 0.9489"
"13,4 : 0.9489"
"4,14 : 0.5457"
"14,4 : 0.5457"
"4,15 : 0.8458"
"15,4 : 0.8458"
"4,16 : 0.9513"
"16,4 : 0.9513"
"4,17 : 0.6986"
"17,4 : 0.6986"
"4,18 : 0.4851"
"18,4 : 0.4851"
"4,19 : 0.442"
"19,4 : 0.442"
"4,20 : 0.5818"
"20,4 : 0.5818"
"4,21 : 0.2602"
"21,4 : 0.2602"
"4,22 : 0.6229"
"22,4 : 0.6229"
"4,23 : 0.811"
"23,4 : 0.811"
"4,24 : 0.5954"
"24,4 : 0.5954"
"4,25 : 0.8171"
"25,4 : 0.8171"
"4,26 : 0.4866"
"26,4 : 0.4866"
"4,27 : 0.1581"
"27,4 : 0.1581"
"4,28 : 0.6463"
"28,4 : 0.6463"
"4,29 : 0.6903"
"29,4 : 0.6903"
"4,30 : 0.8573"
"30,4 : 0.8573"
"4,31 : 0.6014"
"31,4 : 0.6014"
"4,32 : 0.4472"
"32,4 : 0.4472"
"4,33 : 0.3384"
"33,4 : 0.3384"
"4,34 : 0.5689"
"34,4 : 0.5689"
"4,35 : 0.8705"
"35,4 : 0.8705"
"4,36 : 0.4519"
"36,4 : 0.4519"
"4,37 : 0.5054"
"37,4 : 0.5054"
"4,38 : 0.6482"
"38,4 : 0.6482"
"4,39 : 0.7237"
"39,4 : 0.7237"
"4,40 : 0.2119"
"40,4 : 0.2119"
"4,41 : 0.6067"
"41,4 : 0.6067"
"4,42 : 0.878"
"42,4 : 0.878"
"4,43 : 1.0341"
"43,4 : 1.0341"
"4,44 : 0.6454"
"44,4 : 0.6454"
"4,45 : 0.6277"
"45,4 : 0.6277"
"4,46 : 0.8322"
"46,4 : 0.8322"
"4,47 : 0.7962"
"47,4 : 0.7962"
"4,48 : 0.191"
"48,4 : 0.191"
"4,49 : 0.7217"
"49,4 : 0.7217"
"4,50 : 0.7001"
"50,4 : 0.7001"
"4,51 : 0.7908"
"51,4 : 0.7908"
"4,52 : 0.255"
"52,4 : 0.255"
"4,53 : 0.3467"
"53,4 : 0.3467"
"4,54 : 0.7317"
"54,4 : 0.7317"
"4,55 : 0.8002"
"55,4 : 0.8002"
"4,56 : 0.3324"
"56,4 : 0.3324"
"4,57 : 0.6166"
"57,4 : 0.6166"
"4,58 : 0.5441"
"58,4 : 0.5441"
"4,59 : 0.7433"
"59,4 : 0.7433"
"4,60 : 0.7295"
"60,4 : 0.7295"
"4,61 : 0.507"
"61,4 : 0.507"
"4,62 : 0.8521"
"62,4 : 0.8521"
"4,63 : 0.5413"
"63,4 : 0.5413"
"4,64 : 0.5894"
"64,4 : 0.5894"
"4,65 : 0.051"
"65,4 : 0.051"
"4,66 : 0.164"
"66,4 : 0.164"
"4,67 : 0.2"
"67,4 : 0.2"
"4,68 : 0.7892"
"68,4 : 0.7892"
"4,69 : 0.7157"
"69,4 : 0.7157"
"4,70 : 0.47"
"70,4 : 0.47"
"4,71 : 0.6574"
"71,4 : 0.6574"
"4,72 : 0.0566"
"72,4 : 0.0566"
"4,73 : 0.5148"
"73,4 : 0.5148"
"4,74 : 0.6712"
"74,4 : 0.6712"
"4,75 : 0.6754"
"75,4 : 0.6754"
"4,76 : 0.48"
"76,4 : 0.48"
"4,77 : 0.5217"
"77,4 : 0.5217"
"4,78 : 0.6801"
"78,4 : 0.6801"
"4,79 : 0.389"
"79,4 : 0.389"
"4,80 : 0.7311"
"80,4 : 0.7311"
"4,81 : 0.3801"
"81,4 : 0.3801"
"4,82 : 0.8023"
"82,4 : 0.8023"
"4,83 : 0.1746"
"83,4 : 0.1746"
"4,84 : 0.3138"
"84,4 : 0.3138"
"4,85 : 0.7415"
"85,4 : 0.7415"
"4,86 : 0.3689"
"86,4 : 0.3689"
"4,87 : 0.9795"
"87,4 : 0.9795"
"4,88 : 0.198"
"88,4 : 0.198"
"4,89 : 0.2687"
"89,4 : 0.2687"
"4,90 : 0.6313"
"90,4 : 0.6313"
"4,91 : 0.5148"
"91,4 : 0.5148"
"4,92 : 0.5991"
"92,4 : 0.5991"
"4,93 : 0.9548"
"93,4 : 0.9548"
"4,94 : 0.857"
"94,4 : 0.857"
"4,95 : 0.377"
"95,4 : 0.377"
"4,96 : 0.9467"
"96,4 : 0.9467"
"4,97 : 0.8705"
"97,4 : 0.8705"
"4,98 : 0.5508"
"98,4 : 0.5508"
"4,99 : 0.645"
"99,4 : 0.645"
"5,6 : 0.4022"
"6,5 : 0.4022"
"5,7 : 0.6433"
"7,5 : 0.6433"
"5,8 : 0.8028"
"8,5 : 0.8028"
"5,9 : 0.507"
"9,5 : 0.507"
"5,10 : 0.8238"
"10,5 : 0.8238"
"5,11 : 0.7433"
"11,5 : 0.7433"
"5,12 : 0.769"
"12,5 : 0.769"
"5,13 : 0.781"
"13,5 : 0.781"
"5,14 : 0.2283"
"14,5 : 0.2283"
"5,15 : 0.3087"
"15,5 : 0.3087"
"5,16 : 0.6607"
"16,5 : 0.6607"
"5,17 : 0.6742"
"17,5 : 0.6742"
"5,18 : 0.1772"
"18,5 : 0.1772"
"5,19 : 0.464"
"19,5 : 0.464"
"5,20 : 0.5685"
"20,5 : 0.5685"
"5,21 : 0.658"
"21,5 : 0.658"
"5,22 : 0.7993"
"22,5 : 0.7993"
"5,23 : 1.005"
"23,5 : 1.005"
"5,24 : 0.8881"
"24,5 : 0.8881"
"5,25 : 0.7692"
"25,5 : 0.7692"
"5,26 : 0.694"
"26,5 : 0.694"
"5,27 : 0.7903"
"27,5 : 0.7903"
"5,28 : 0.7921"
"28,5 : 0.7921"
"5,29 : 0.5148"
"29,5 : 0.5148"
"5,30 : 0.8453"
"30,5 : 0.8453"
"5,31 : 0.4357"
"31,5 : 0.4357"
"5,32 : 0.2729"
"32,5 : 0.2729"
"5,33 : 0.7906"
"33,5 : 0.7906"
"5,34 : 0.1879"
"34,5 : 0.1879"
"5,35 : 0.5722"
"35,5 : 0.5722"
"5,36 : 0.2594"
"36,5 : 0.2594"
"5,37 : 0.559"
"37,5 : 0.559"
"5,38 : 0.3547"
"38,5 : 0.3547"
"5,39 : 1.009"
"39,5 : 1.009"
"5,40 : 0.7218"
"40,5 : 0.7218"
"5,41 : 0.7638"
"41,5 : 0.7638"
"5,42 : 0.6395"
"42,5 : 0.6395"
"5,43 : 0.7501"
"43,5 : 0.7501"
"5,44 : 0.4741"
"44,5 : 0.4741"
"5,45 : 0.6482"
"45,5 : 0.6482"
"5,46 : 0.3847"
"46,5 : 0.3847"
"5,47 : 0.1664"
"47,5 : 0.1664"
"5,48 : 0.5036"
"48,5 : 0.5036"
"5,49 : 0.0825"
"49,5 : 0.0825"
"5,50 : 0.9052"
"50,5 : 0.9052"
"5,51 : 0.3513"
"51,5 : 0.3513"
"5,52 : 0.7131"
"52,5 : 0.7131"
"5,53 : 0.8587"
"53,5 : 0.8587"
"5,54 : 0.8853"
"54,5 : 0.8853"
"5,55 : 0.9578"
"55,5 : 0.9578"
"5,56 : 0.6539"
"56,5 : 0.6539"
"5,57 : 0.7708"
"57,5 : 0.7708"
"5,58 : 0.3202"
"58,5 : 0.3202"
"5,59 : 0.1"
"59,5 : 0.1"
"5,60 : 0.28"
"60,5 : 0.28"
"5,61 : 0.6607"
"61,5 : 0.6607"
"5,62 : 0.4329"
"62,5 : 0.4329"
"5,63 : 0.5869"
"63,5 : 0.5869"
"5,64 : 0.2309"
"64,5 : 0.2309"
"5,65 : 0.6303"
"65,5 : 0.6303"
"5,66 : 0.7424"
"66,5 : 0.7424"
"5,67 : 0.5277"
"67,5 : 0.5277"
"5,68 : 0.8801"
"68,5 : 0.8801"
"5,69 : 0.9708"
"69,5 : 0.9708"
"5,70 : 0.1838"
"70,5 : 0.1838"
"5,71 : 0.6268"
"71,5 : 0.6268"
"5,72 : 0.61"
"72,5 : 0.61"
"5,73 : 0.9394"
"73,5 : 0.9394"
"5,74 : 0.255"
"74,5 : 0.255"
"5,75 : 0.6435"
"75,5 : 0.6435"
"5,76 : 0.1746"
"76,5 : 0.1746"
"5,77 : 0.136"
"77,5 : 0.136"
"5,78 : 0.7021"
"78,5 : 0.7021"
"5,79 : 0.4118"
"79,5 : 0.4118"
"5,80 : 0.892"
"80,5 : 0.892"
"5,81 : 0.4837"
"81,5 : 0.4837"
"5,82 : 0.26"
"82,5 : 0.26"
"5,83 : 0.471"
"83,5 : 0.471"
"5,84 : 0.3982"
"84,5 : 0.3982"
"5,85 : 1.0141"
"85,5 : 1.0141"
"5,86 : 0.5012"
"86,5 : 0.5012"
"5,87 : 0.6801"
"87,5 : 0.6801"
"5,88 : 0.7831"
"88,5 : 0.7831"
"5,89 : 0.4657"
"89,5 : 0.4657"
"5,90 : 0.5825"
"90,5 : 0.5825"
"5,91 : 0.8353"
"91,5 : 0.8353"
"5,92 : 0.2953"
"92,5 : 0.2953"
"5,93 : 0.6203"
"93,5 : 0.6203"
"5,94 : 0.5743"
"94,5 : 0.5743"
"5,95 : 0.3581"
"95,5 : 0.3581"
"5,96 : 0.755"
"96,5 : 0.755"
"5,97 : 0.52"
"97,5 : 0.52"
"5,98 : 0.9142"
"98,5 : 0.9142"
"5,99 : 0.01"
"99,5 : 0.01"
"6,7 : 0.4472"
"7,6 : 0.4472"
"6,8 : 0.5675"
"8,6 : 0.5675"
"6,9 : 0.2778"
"9,6 : 0.2778"
"6,10 : 0.6073"
"10,6 : 0.6073"
"6,11 : 0.5449"
"11,6 : 0.5449"
"6,12 : 0.4243"
"12,6 : 0.4243"
"6,13 : 0.4329"
"13,6 : 0.4329"
"6,14 : 0.5434"
"14,6 : 0.5434"
"6,15 : 0.3635"
"15,6 : 0.3635"
"6,16 : 0.3859"
"16,6 : 0.3859"
"6,17 : 0.2729"
"17,6 : 0.2729"
"6,18 : 0.2864"
"18,6 : 0.2864"
"6,19 : 0.1487"
"19,6 : 0.1487"
"6,20 : 0.1703"
"20,6 : 0.1703"
"6,21 : 0.4238"
"21,6 : 0.4238"
"6,22 : 0.4134"
"22,6 : 0.4134"
"6,23 : 0.6088"
"23,6 : 0.6088"
"6,24 : 0.5255"
"24,6 : 0.5255"
"6,25 : 0.3764"
"25,6 : 0.3764"
"6,26 : 0.3396"
"26,6 : 0.3396"
"6,27 : 0.6604"
"27,6 : 0.6604"
"6,28 : 0.4"
"28,6 : 0.4"
"6,29 : 0.1414"
"29,6 : 0.1414"
"6,30 : 0.4494"
"30,6 : 0.4494"
"6,31 : 0.04"
"31,6 : 0.04"
"6,32 : 0.2002"
"32,6 : 0.2002"
"6,33 : 0.5261"
"33,6 : 0.5261"
"6,34 : 0.522"
"34,6 : 0.522"
"6,35 : 0.3"
"35,6 : 0.3"
"6,36 : 0.21"
"36,6 : 0.21"
"6,37 : 0.1868"
"37,6 : 0.1868"
"6,38 : 0.1"
"38,6 : 0.1"
"6,39 : 0.6313"
"39,6 : 0.6313"
"6,40 : 0.52"
"40,6 : 0.52"
"6,41 : 0.3774"
"41,6 : 0.3774"
"6,42 : 0.3231"
"42,6 : 0.3231"
"6,43 : 0.4741"
"43,6 : 0.4741"
"6,44 : 0.0906"
"44,6 : 0.0906"
"6,45 : 0.2476"
"45,6 : 0.2476"
"6,46 : 0.2943"
"46,6 : 0.2943"
"6,47 : 0.441"
"47,6 : 0.441"
"6,48 : 0.3818"
"48,6 : 0.3818"
"6,49 : 0.4675"
"49,6 : 0.4675"
"6,50 : 0.5161"
"50,6 : 0.5161"
"6,51 : 0.2608"
"51,6 : 0.2608"
"6,52 : 0.4838"
"52,6 : 0.4838"
"6,53 : 0.61"
"53,6 : 0.61"
"6,54 : 0.4884"
"54,6 : 0.4884"
"6,55 : 0.5587"
"55,6 : 0.5587"
"6,56 : 0.3766"
"56,6 : 0.3766"
"6,57 : 0.3828"
"57,6 : 0.3828"
"6,58 : 0.0854"
"58,6 : 0.0854"
"6,59 : 0.4667"
"59,6 : 0.4667"
"6,60 : 0.2354"
"60,6 : 0.2354"
"6,61 : 0.2941"
"61,6 : 0.2941"
"6,62 : 0.2973"
"62,6 : 0.2973"
"6,63 : 0.2012"
"63,6 : 0.2012"
"6,64 : 0.5728"
"64,6 : 0.5728"
"6,65 : 0.5315"
"65,6 : 0.5315"
"6,66 : 0.5771"
"66,6 : 0.5771"
"6,67 : 0.3764"
"67,6 : 0.3764"
"6,68 : 0.478"
"68,6 : 0.478"
"6,69 : 0.5883"
"69,6 : 0.5883"
"6,70 : 0.4045"
"70,6 : 0.4045"
"6,71 : 0.2247"
"71,6 : 0.2247"
"6,72 : 0.5749"
"72,6 : 0.5749"
"6,73 : 0.6239"
"73,6 : 0.6239"
"6,74 : 0.197"
"74,6 : 0.197"
"6,75 : 0.2419"
"75,6 : 0.2419"
"6,76 : 0.4061"
"76,6 : 0.4061"
"6,77 : 0.3068"
"77,6 : 0.3068"
"6,78 : 0.3"
"78,6 : 0.3"
"6,79 : 0.1838"
"79,6 : 0.1838"
"6,80 : 0.4958"
"80,6 : 0.4958"
"6,81 : 0.2102"
"81,6 : 0.2102"
"6,82 : 0.3421"
"82,6 : 0.3421"
"6,83 : 0.4327"
"83,6 : 0.4327"
"6,84 : 0.5337"
"84,6 : 0.5337"
"6,85 : 0.6329"
"85,6 : 0.6329"
"6,86 : 0.2285"
"86,6 : 0.2285"
"6,87 : 0.4134"
"87,6 : 0.4134"
"6,88 : 0.6084"
"88,6 : 0.6084"
"6,89 : 0.3041"
"89,6 : 0.3041"
"6,90 : 0.1803"
"90,6 : 0.1803"
"6,91 : 0.4924"
"91,6 : 0.4924"
"6,92 : 0.114"
"92,6 : 0.114"
"6,93 : 0.3829"
"93,6 : 0.3829"
"6,94 : 0.2884"
"94,6 : 0.2884"
"6,95 : 0.5433"
"95,6 : 0.5433"
"6,96 : 0.4177"
"96,6 : 0.4177"
"6,97 : 0.2983"
"97,6 : 0.2983"
"6,98 : 0.5749"
"98,6 : 0.5749"
"6,99 : 0.3941"
"99,6 : 0.3941"
"7,8 : 0.1616"
"8,7 : 0.1616"
"7,9 : 0.1709"
"9,7 : 0.1709"
"7,10 : 0.1811"
"10,7 : 0.1811"
"7,11 : 0.9762"
"11,7 : 0.9762"
"7,12 : 0.772"
"12,7 : 0.772"
"7,13 : 0.7742"
"13,7 : 0.7742"
"7,14 : 0.6159"
"14,7 : 0.6159"
"7,15 : 0.7747"
"15,7 : 0.7747"
"7,16 : 0.8006"
"16,7 : 0.8006"
"7,17 : 0.5162"
"17,7 : 0.5162"
"7,18 : 0.4669"
"18,7 : 0.4669"
"7,19 : 0.3002"
"19,7 : 0.3002"
"7,20 : 0.4111"
"20,7 : 0.4111"
"7,21 : 0.06"
"21,7 : 0.06"
"7,22 : 0.423"
"22,7 : 0.423"
"7,23 : 0.612"
"23,7 : 0.612"
"7,24 : 0.4002"
"24,7 : 0.4002"
"7,25 : 0.6306"
"25,7 : 0.6306"
"7,26 : 0.2886"
"26,7 : 0.2886"
"7,27 : 0.2193"
"27,7 : 0.2193"
"7,28 : 0.4472"
"28,7 : 0.4472"
"7,29 : 0.5404"
"29,7 : 0.5404"
"7,30 : 0.6648"
"30,7 : 0.6648"
"7,31 : 0.4665"
"31,7 : 0.4665"
"7,32 : 0.39"
"32,7 : 0.39"
"7,33 : 0.1697"
"33,7 : 0.1697"
"7,34 : 0.6265"
"34,7 : 0.6265"
"7,35 : 0.728"
"35,7 : 0.728"
"7,36 : 0.4001"
"36,7 : 0.4001"
"7,37 : 0.333"
"37,7 : 0.333"
"7,38 : 0.5385"
"38,7 : 0.5385"
"7,39 : 0.5316"
"39,7 : 0.5316"
"7,40 : 0.08"
"40,7 : 0.08"
"7,41 : 0.4079"
"41,7 : 0.4079"
"7,42 : 0.7214"
"42,7 : 0.7214"
"7,43 : 0.8768"
"43,7 : 0.8768"
"7,44 : 0.5022"
"44,7 : 0.5022"
"7,45 : 0.4442"
"45,7 : 0.4442"
"7,46 : 0.7339"
"46,7 : 0.7339"
"7,47 : 0.771"
"47,7 : 0.771"
"7,48 : 0.1476"
"48,7 : 0.1476"
"7,49 : 0.7257"
"49,7 : 0.7257"
"7,50 : 0.5004"
"50,7 : 0.5004"
"7,51 : 0.6957"
"51,7 : 0.6957"
"7,52 : 0.0781"
"52,7 : 0.0781"
"7,53 : 0.2193"
"53,7 : 0.2193"
"7,54 : 0.5315"
"54,7 : 0.5315"
"7,55 : 0.6001"
"55,7 : 0.6001"
"7,56 : 0.1334"
"56,7 : 0.1334"
"7,57 : 0.4177"
"57,7 : 0.4177"
"7,58 : 0.4464"
"58,7 : 0.4464"
"7,59 : 0.7415"
"59,7 : 0.7415"
"7,60 : 0.6476"
"60,7 : 0.6476"
"7,61 : 0.3138"
"61,7 : 0.3138"
"7,62 : 0.7432"
"62,7 : 0.7432"
"7,63 : 0.364"
"63,7 : 0.364"
"7,64 : 0.6604"
"64,7 : 0.6604"
"7,65 : 0.15"
"65,7 : 0.15"
"7,66 : 0.1304"
"66,7 : 0.1304"
"7,67 : 0.117"
"67,7 : 0.117"
"7,68 : 0.5903"
"68,7 : 0.5903"
"7,69 : 0.5197"
"69,7 : 0.5197"
"7,70 : 0.5016"
"70,7 : 0.5016"
"7,71 : 0.4801"
"71,7 : 0.4801"
"7,72 : 0.2419"
"72,7 : 0.2419"
"7,73 : 0.3483"
"73,7 : 0.3483"
"7,74 : 0.5923"
"74,7 : 0.5923"
"7,75 : 0.4965"
"75,7 : 0.4965"
"7,76 : 0.5108"
"76,7 : 0.5108"
"7,77 : 0.508"
"77,7 : 0.508"
"7,78 : 0.4919"
"78,7 : 0.4919"
"7,79 : 0.2789"
"79,7 : 0.2789"
"7,80 : 0.5308"
"80,7 : 0.5308"
"7,81 : 0.2371"
"81,7 : 0.2371"
"7,82 : 0.7382"
"82,7 : 0.7382"
"7,83 : 0.2263"
"83,7 : 0.2263"
"7,84 : 0.4252"
"84,7 : 0.4252"
"7,85 : 0.5482"
"85,7 : 0.5482"
"7,86 : 0.2195"
"86,7 : 0.2195"
"7,87 : 0.8288"
"87,7 : 0.8288"
"7,88 : 0.1616"
"88,7 : 0.1616"
"7,89 : 0.1803"
"89,7 : 0.1803"
"7,90 : 0.461"
"90,7 : 0.461"
"7,91 : 0.3202"
"91,7 : 0.3202"
"7,92 : 0.507"
"92,7 : 0.507"
"7,93 : 0.814"
"93,7 : 0.814"
"7,94 : 0.7122"
"94,7 : 0.7122"
"7,95 : 0.4808"
"95,7 : 0.4808"
"7,96 : 0.7762"
"96,7 : 0.7762"
"7,97 : 0.7409"
"97,7 : 0.7409"
"7,98 : 0.3667"
"98,7 : 0.3667"
"7,99 : 0.6413"
"99,7 : 0.6413"
"8,9 : 0.31"
"9,8 : 0.31"
"8,10 : 0.05"
"10,8 : 0.05"
"8,11 : 1.0668"
"11,8 : 1.0668"
"8,12 : 0.8281"
"12,8 : 0.8281"
"8,13 : 0.8276"
"13,8 : 0.8276"
"8,14 : 0.7752"
"14,8 : 0.7752"
"8,15 : 0.9144"
"15,8 : 0.9144"
"8,16 : 0.8851"
"16,8 : 0.8851"
"8,17 : 0.5664"
"17,8 : 0.5664"
"8,18 : 0.6259"
"18,8 : 0.6259"
"8,19 : 0.4198"
"19,8 : 0.4198"
"8,20 : 0.4888"
"20,8 : 0.4888"
"8,21 : 0.15"
"21,8 : 0.15"
"8,22 : 0.4118"
"22,8 : 0.4118"
"8,23 : 0.559"
"23,8 : 0.559"
"8,24 : 0.3354"
"24,8 : 0.3354"
"8,25 : 0.666"
"25,8 : 0.666"
"8,26 : 0.3111"
"26,8 : 0.3111"
"8,27 : 0.2102"
"27,8 : 0.2102"
"8,28 : 0.4442"
"28,8 : 0.4442"
"8,29 : 0.6351"
"29,8 : 0.6351"
"8,30 : 0.6824"
"30,8 : 0.6824"
"8,31 : 0.5787"
"31,8 : 0.5787"
"8,32 : 0.5433"
"32,8 : 0.5433"
"8,33 : 0.0671"
"33,8 : 0.0671"
"8,34 : 0.7871"
"34,8 : 0.7871"
"8,35 : 0.823"
"35,8 : 0.823"
"8,36 : 0.5544"
"36,8 : 0.5544"
"8,37 : 0.4159"
"37,8 : 0.4159"
"8,38 : 0.6649"
"38,8 : 0.6649"
"8,39 : 0.45"
"39,8 : 0.45"
"8,40 : 0.0922"
"40,8 : 0.0922"
"8,41 : 0.4105"
"41,8 : 0.4105"
"8,42 : 0.8016"
"42,8 : 0.8016"
"8,43 : 0.9521"
"43,8 : 0.9521"
"8,44 : 0.6054"
"44,8 : 0.6054"
"8,45 : 0.4968"
"45,8 : 0.4968"
"8,46 : 0.8612"
"46,8 : 0.8612"
"8,47 : 0.9254"
"47,8 : 0.9254"
"8,48 : 0.3087"
"48,8 : 0.3087"
"8,49 : 0.8853"
"49,8 : 0.8853"
"8,50 : 0.4588"
"50,8 : 0.4588"
"8,51 : 0.8257"
"51,8 : 0.8257"
"8,52 : 0.0906"
"52,8 : 0.0906"
"8,53 : 0.0583"
"53,8 : 0.0583"
"8,54 : 0.507"
"54,8 : 0.507"
"8,55 : 0.5632"
"55,8 : 0.5632"
"8,56 : 0.1931"
"56,8 : 0.1931"
"8,57 : 0.4188"
"57,8 : 0.4188"
"8,58 : 0.5831"
"58,8 : 0.5831"
"8,59 : 0.9003"
"59,8 : 0.9003"
"8,60 : 0.7852"
"60,8 : 0.7852"
"8,61 : 0.3547"
"61,8 : 0.3547"
"8,62 : 0.864"
"62,8 : 0.864"
"8,63 : 0.4357"
"63,8 : 0.4357"
"8,64 : 0.8199"
"64,8 : 0.8199"
"8,65 : 0.2581"
"65,8 : 0.2581"
"8,66 : 0.136"
"66,8 : 0.136"
"8,67 : 0.2786"
"67,8 : 0.2786"
"8,68 : 0.5814"
"68,8 : 0.5814"
"8,69 : 0.4528"
"69,8 : 0.4528"
"8,70 : 0.6631"
"70,8 : 0.6631"
"8,71 : 0.542"
"71,8 : 0.542"
"8,72 : 0.3499"
"72,8 : 0.3499"
"8,73 : 0.2214"
"73,8 : 0.2214"
"8,74 : 0.7325"
"74,8 : 0.7325"
"8,75 : 0.5544"
"75,8 : 0.5544"
"8,76 : 0.6723"
"76,8 : 0.6723"
"8,77 : 0.6671"
"77,8 : 0.6671"
"8,78 : 0.5304"
"78,8 : 0.5304"
"8,79 : 0.4201"
"79,8 : 0.4201"
"8,80 : 0.5033"
"80,8 : 0.5033"
"8,81 : 0.3635"
"81,8 : 0.3635"
"8,82 : 0.8814"
"82,8 : 0.8814"
"8,83 : 0.3801"
"83,8 : 0.3801"
"8,84 : 0.5738"
"84,8 : 0.5738"
"8,85 : 0.4701"
"85,8 : 0.4701"
"8,86 : 0.3437"
"86,8 : 0.3437"
"8,87 : 0.9127"
"87,8 : 0.9127"
"8,88 : 0.12"
"88,8 : 0.12"
"8,89 : 0.3373"
"89,8 : 0.3373"
"8,90 : 0.5354"
"90,8 : 0.5354"
"8,91 : 0.2596"
"91,8 : 0.2596"
"8,92 : 0.6438"
"92,8 : 0.6438"
"8,93 : 0.9082"
"93,8 : 0.9082"
"8,94 : 0.8053"
"94,8 : 0.8053"
"8,95 : 0.6325"
"95,8 : 0.6325"
"8,96 : 0.8363"
"96,8 : 0.8363"
"8,97 : 0.8469"
"97,8 : 0.8469"
"8,98 : 0.2702"
"98,8 : 0.2702"
"8,99 : 0.8005"
"99,8 : 0.8005"
"9,10 : 0.3423"
"10,9 : 0.3423"
"9,11 : 0.8147"
"11,9 : 0.8147"
"9,12 : 0.6353"
"12,9 : 0.6353"
"9,13 : 0.6395"
"13,9 : 0.6395"
"9,14 : 0.5308"
"14,9 : 0.5308"
"9,15 : 0.6067"
"15,9 : 0.6067"
"9,16 : 0.6438"
"16,9 : 0.6438"
"9,17 : 0.3956"
"17,9 : 0.3956"
"9,18 : 0.3311"
"18,9 : 0.3311"
"9,19 : 0.1345"
"19,9 : 0.1345"
"9,20 : 0.2731"
"20,9 : 0.2731"
"9,21 : 0.16"
"21,9 : 0.16"
"9,22 : 0.3764"
"22,9 : 0.3764"
"9,23 : 0.5887"
"23,9 : 0.5887"
"9,24 : 0.414"
"24,9 : 0.414"
"9,25 : 0.5166"
"25,9 : 0.5166"
"9,26 : 0.2377"
"26,9 : 0.2377"
"9,27 : 0.3828"
"27,9 : 0.3828"
"9,28 : 0.3883"
"28,9 : 0.3883"
"9,29 : 0.3821"
"29,9 : 0.3821"
"9,30 : 0.5657"
"30,9 : 0.5657"
"9,31 : 0.3"
"31,9 : 0.3"
"9,32 : 0.2377"
"32,9 : 0.2377"
"9,33 : 0.2864"
"33,9 : 0.2864"
"9,34 : 0.5308"
"34,9 : 0.5308"
"9,35 : 0.5664"
"35,9 : 0.5664"
"9,36 : 0.25"
"36,9 : 0.25"
"9,37 : 0.1992"
"37,9 : 0.1992"
"9,38 : 0.3677"
"38,9 : 0.3677"
"9,39 : 0.5464"
"39,9 : 0.5464"
"9,40 : 0.2474"
"40,9 : 0.2474"
"9,41 : 0.3493"
"41,9 : 0.3493"
"9,42 : 0.5685"
"42,9 : 0.5685"
"9,43 : 0.7247"
"43,9 : 0.7247"
"9,44 : 0.3397"
"44,9 : 0.3397"
"9,45 : 0.3276"
"45,9 : 0.3276"
"9,46 : 0.563"
"46,9 : 0.563"
"9,47 : 0.6181"
"47,9 : 0.6181"
"9,48 : 0.1334"
"48,9 : 0.1334"
"9,49 : 0.5887"
"49,9 : 0.5887"
"9,50 : 0.4754"
"50,9 : 0.4754"
"9,51 : 0.525"
"51,9 : 0.525"
"9,52 : 0.2202"
"52,9 : 0.2202"
"9,53 : 0.3612"
"53,9 : 0.3612"
"9,54 : 0.4851"
"54,9 : 0.4851"
"9,55 : 0.5604"
"55,9 : 0.5604"
"9,56 : 0.1476"
"56,9 : 0.1476"
"9,57 : 0.359"
"57,9 : 0.359"
"9,58 : 0.2766"
"58,9 : 0.2766"
"9,59 : 0.6008"
"59,9 : 0.6008"
"9,60 : 0.4785"
"60,9 : 0.4785"
"9,61 : 0.2335"
"61,9 : 0.2335"
"9,62 : 0.5727"
"62,9 : 0.5727"
"9,63 : 0.2377"
"63,9 : 0.2377"
"9,64 : 0.5728"
"64,9 : 0.5728"
"9,65 : 0.264"
"65,9 : 0.264"
"9,66 : 0.2997"
"66,9 : 0.2997"
"9,67 : 0.1118"
"67,9 : 0.1118"
"9,68 : 0.5224"
"68,9 : 0.5224"
"9,69 : 0.5197"
"69,9 : 0.5197"
"9,70 : 0.397"
"70,9 : 0.397"
"9,71 : 0.3511"
"71,9 : 0.3511"
"9,72 : 0.327"
"72,9 : 0.327"
"9,73 : 0.4342"
"73,9 : 0.4342"
"9,74 : 0.4243"
"74,9 : 0.4243"
"9,75 : 0.37"
"75,9 : 0.37"
"9,76 : 0.4046"
"76,9 : 0.4046"
"9,77 : 0.3716"
"77,9 : 0.3716"
"9,78 : 0.3847"
"78,9 : 0.3847"
"9,79 : 0.1105"
"79,9 : 0.1105"
"9,80 : 0.4876"
"80,9 : 0.4876"
"9,81 : 0.0707"
"81,9 : 0.0707"
"9,82 : 0.5722"
"82,9 : 0.5722"
"9,83 : 0.22"
"83,9 : 0.22"
"9,84 : 0.3985"
"84,9 : 0.3985"
"9,85 : 0.5576"
"85,9 : 0.5576"
"9,86 : 0.0583"
"86,9 : 0.0583"
"9,87 : 0.6721"
"87,9 : 0.6721"
"9,88 : 0.3324"
"88,9 : 0.3324"
"9,89 : 0.0728"
"89,9 : 0.0728"
"9,90 : 0.322"
"90,9 : 0.322"
"9,91 : 0.3466"
"91,9 : 0.3466"
"9,92 : 0.3373"
"92,9 : 0.3373"
"9,93 : 0.6519"
"93,9 : 0.6519"
"9,94 : 0.5517"
"94,9 : 0.5517"
"9,95 : 0.4386"
"95,9 : 0.4386"
"9,96 : 0.6363"
"96,9 : 0.6363"
"9,97 : 0.5743"
"97,9 : 0.5743"
"9,98 : 0.4187"
"98,9 : 0.4187"
"9,99 : 0.5033"
"99,9 : 0.5033"
"10,11 : 1.1131"
"11,10 : 1.1131"
"10,12 : 0.8773"
"12,10 : 0.8773"
"10,13 : 0.8769"
"13,10 : 0.8769"
"10,14 : 0.7826"
"14,10 : 0.7826"
"10,15 : 0.9489"
"15,10 : 0.9489"
"10,16 : 0.9319"
"16,10 : 0.9319"
"10,17 : 0.6155"
"17,10 : 0.6155"
"10,18 : 0.6478"
"18,10 : 0.6478"
"10,19 : 0.4588"
"19,10 : 0.4588"
"10,20 : 0.5354"
"20,10 : 0.5354"
"10,21 : 0.1844"
"21,10 : 0.1844"
"10,22 : 0.4614"
"22,10 : 0.4614"
"10,23 : 0.6042"
"23,10 : 0.6042"
"10,24 : 0.3808"
"24,10 : 0.3808"
"10,25 : 0.7159"
"25,10 : 0.7159"
"10,26 : 0.3607"
"26,10 : 0.3607"
"10,27 : 0.1712"
"27,10 : 0.1712"
"10,28 : 0.494"
"28,10 : 0.494"
"10,29 : 0.68"
"29,10 : 0.68"
"10,30 : 0.7324"
"30,10 : 0.7324"
"10,31 : 0.6203"
"31,10 : 0.6203"
"10,32 : 0.5704"
"32,10 : 0.5704"
"10,33 : 0.1166"
"33,10 : 0.1166"
"10,34 : 0.7971"
"34,10 : 0.7971"
"10,35 : 0.8683"
"35,10 : 0.8683"
"10,36 : 0.5808"
"36,10 : 0.5808"
"10,37 : 0.4614"
"37,10 : 0.4614"
"10,38 : 0.7034"
"38,10 : 0.7034"
"10,39 : 0.4909"
"39,10 : 0.4909"
"10,40 : 0.102"
"40,10 : 0.102"
"10,41 : 0.4604"
"41,10 : 0.4604"
"10,42 : 0.8488"
"42,10 : 0.8488"
"10,43 : 1.0"
"43,10 : 1.0"
"10,44 : 0.6488"
"44,10 : 0.6488"
"10,45 : 0.5456"
"45,10 : 0.5456"
"10,46 : 0.8999"
"46,10 : 0.8999"
"10,47 : 0.9519"
"47,10 : 0.9519"
"10,48 : 0.3228"
"48,10 : 0.3228"
"10,49 : 0.9061"
"49,10 : 0.9061"
"10,50 : 0.506"
"50,10 : 0.506"
"10,51 : 0.8635"
"51,10 : 0.8635"
"10,52 : 0.1237"
"52,10 : 0.1237"
"10,53 : 0.0728"
"53,10 : 0.0728"
"10,54 : 0.5554"
"54,10 : 0.5554"
"10,55 : 0.6103"
"55,10 : 0.6103"
"10,56 : 0.2371"
"56,10 : 0.2371"
"10,57 : 0.4687"
"57,10 : 0.4687"
"10,58 : 0.6181"
"58,10 : 0.6181"
"10,59 : 0.9223"
"59,10 : 0.9223"
"10,60 : 0.8204"
"60,10 : 0.8204"
"10,61 : 0.4036"
"61,10 : 0.4036"
"10,62 : 0.9044"
"62,10 : 0.9044"
"10,63 : 0.4826"
"63,10 : 0.4826"
"10,64 : 0.8273"
"64,10 : 0.8273"
"10,65 : 0.2476"
"65,10 : 0.2476"
"10,66 : 0.114"
"66,10 : 0.114"
"10,67 : 0.2961"
"67,10 : 0.2961"
"10,68 : 0.6306"
"68,10 : 0.6306"
"10,69 : 0.4965"
"69,10 : 0.4965"
"10,70 : 0.6768"
"70,10 : 0.6768"
"10,71 : 0.5903"
"71,10 : 0.5903"
"10,72 : 0.3342"
"72,10 : 0.3342"
"10,73 : 0.2532"
"73,10 : 0.2532"
"10,74 : 0.7666"
"74,10 : 0.7666"
"10,75 : 0.6031"
"75,10 : 0.6031"
"10,76 : 0.6862"
"76,10 : 0.6862"
"10,77 : 0.6888"
"77,10 : 0.6888"
"10,78 : 0.58"
"78,10 : 0.58"
"10,79 : 0.4528"
"79,10 : 0.4528"
"10,80 : 0.5515"
"80,10 : 0.5515"
"10,81 : 0.4002"
"81,10 : 0.4002"
"10,82 : 0.9144"
"82,10 : 0.9144"
"10,83 : 0.3847"
"83,10 : 0.3847"
"10,84 : 0.572"
"84,10 : 0.572"
"10,85 : 0.5116"
"85,10 : 0.5116"
"10,86 : 0.3808"
"86,10 : 0.3808"
"10,87 : 0.9596"
"87,10 : 0.9596"
"10,88 : 0.0854"
"88,10 : 0.0854"
"10,89 : 0.3612"
"89,10 : 0.3612"
"10,90 : 0.5825"
"90,10 : 0.5825"
"10,91 : 0.3068"
"91,10 : 0.3068"
"10,92 : 0.679"
"92,10 : 0.679"
"10,93 : 0.9538"
"93,10 : 0.9538"
"10,94 : 0.8509"
"94,10 : 0.8509"
"10,95 : 0.6325"
"95,10 : 0.6325"
"10,96 : 0.8853"
"96,10 : 0.8853"
"10,97 : 0.8905"
"97,10 : 0.8905"
"10,98 : 0.3106"
"98,10 : 0.3106"
"10,99 : 0.822"
"99,10 : 0.822"
"11,12 : 0.3106"
"12,11 : 0.3106"
"11,13 : 0.3214"
"13,11 : 0.3214"
"11,14 : 0.963"
"14,11 : 0.963"
"11,15 : 0.4501"
"15,11 : 0.4501"
"11,16 : 0.1838"
"16,11 : 0.1838"
"11,17 : 0.525"
"17,11 : 0.525"
"11,18 : 0.7473"
"18,11 : 0.7473"
"11,19 : 0.6801"
"19,11 : 0.6801"
"11,20 : 0.578"
"20,11 : 0.578"
"11,21 : 0.9405"
"21,11 : 0.9405"
"11,22 : 0.7422"
"22,11 : 0.7422"
"11,23 : 0.8201"
"23,11 : 0.8201"
"11,24 : 0.8853"
"24,11 : 0.8853"
"11,25 : 0.4817"
"25,11 : 0.4817"
"11,26 : 0.7697"
"26,11 : 0.7697"
"11,27 : 1.1947"
"27,11 : 1.1947"
"11,28 : 0.7083"
"28,11 : 0.7083"
"11,29 : 0.436"
"29,11 : 0.436"
"11,30 : 0.5304"
"30,11 : 0.5304"
"11,31 : 0.5162"
"31,11 : 0.5162"
"11,32 : 0.7102"
"32,11 : 0.7102"
"11,33 : 1.0112"
"33,11 : 1.0112"
"11,34 : 0.9265"
"34,11 : 0.9265"
"11,35 : 0.2484"
"35,11 : 0.2484"
"11,36 : 0.7134"
"36,11 : 0.7134"
"11,37 : 0.6519"
"37,11 : 0.6519"
"11,38 : 0.4826"
"38,11 : 0.4826"
"11,39 : 0.9244"
"39,11 : 0.9244"
"11,40 : 1.0404"
"40,11 : 1.0404"
"11,41 : 0.7184"
"41,11 : 0.7184"
"11,42 : 0.2693"
"42,11 : 0.2693"
"11,43 : 0.1513"
"43,11 : 0.1513"
"11,44 : 0.4751"
"44,11 : 0.4751"
"11,45 : 0.5831"
"45,11 : 0.5831"
"11,46 : 0.359"
"46,11 : 0.359"
"11,47 : 0.64"
"47,11 : 0.64"
"11,48 : 0.9266"
"48,11 : 0.9266"
"11,49 : 0.7524"
"49,11 : 0.7524"
"11,50 : 0.7963"
"50,11 : 0.7963"
"11,51 : 0.3956"
"51,11 : 0.3956"
"11,52 : 0.9957"
"52,11 : 0.9957"
"11,53 : 1.0959"
"53,11 : 1.0959"
"11,54 : 0.7333"
"54,11 : 0.7333"
"11,55 : 0.76"
"55,11 : 0.76"
"11,56 : 0.8766"
"56,11 : 0.8766"
"11,57 : 0.7157"
"57,11 : 0.7157"
"11,58 : 0.5882"
"58,11 : 0.5882"
"11,59 : 0.7311"
"59,11 : 0.7311"
"11,60 : 0.4713"
"60,11 : 0.4713"
"11,61 : 0.7201"
"61,11 : 0.7201"
"11,62 : 0.3132"
"62,11 : 0.3132"
"11,63 : 0.6313"
"63,11 : 0.6313"
"11,64 : 0.9729"
"64,11 : 0.9729"
"11,65 : 1.0749"
"65,11 : 1.0749"
"11,66 : 1.106"
"66,11 : 1.106"
"11,67 : 0.9193"
"67,11 : 0.9193"
"11,68 : 0.6603"
"68,11 : 0.6603"
"11,69 : 0.8746"
"69,11 : 0.8746"
"11,70 : 0.858"
"70,11 : 0.858"
"11,71 : 0.5331"
"71,11 : 0.5331"
"11,72 : 1.1195"
"72,11 : 1.1195"
"11,73 : 1.0436"
"73,11 : 1.0436"
"11,74 : 0.5162"
"74,11 : 0.5162"
"11,75 : 0.5255"
"75,11 : 0.5255"
"11,76 : 0.8544"
"76,11 : 0.8544"
"11,77 : 0.7409"
"77,11 : 0.7409"
"11,78 : 0.5728"
"78,11 : 0.5728"
"11,79 : 0.7286"
"79,11 : 0.7286"
"11,80 : 0.7433"
"80,11 : 0.7433"
"11,81 : 0.7441"
"81,11 : 0.7441"
"11,82 : 0.4916"
"82,11 : 0.4916"
"11,83 : 0.9745"
"83,11 : 0.9745"
"11,84 : 1.0424"
"84,11 : 1.0424"
"11,85 : 0.9127"
"85,11 : 0.9127"
"11,86 : 0.7593"
"86,11 : 0.7593"
"11,87 : 0.1581"
"87,11 : 0.1581"
"11,88 : 1.1323"
"88,11 : 1.1323"
"11,89 : 0.8486"
"89,11 : 0.8486"
"11,90 : 0.5324"
"90,11 : 0.5324"
"11,91 : 0.8981"
"91,11 : 0.8981"
"11,92 : 0.5471"
"92,11 : 0.5471"
"11,93 : 0.1628"
"93,11 : 0.1628"
"11,94 : 0.264"
"94,11 : 0.264"
"11,95 : 1.0337"
"95,11 : 1.0337"
"11,96 : 0.2902"
"96,11 : 0.2902"
"11,97 : 0.2524"
"97,11 : 0.2524"
"11,98 : 0.9684"
"98,11 : 0.9684"
"11,99 : 0.7335"
"99,11 : 0.7335"
"12,13 : 0.0141"
"13,12 : 0.0141"
"12,14 : 0.9519"
"14,12 : 0.9519"
"12,15 : 0.5576"
"15,12 : 0.5576"
"12,16 : 0.1664"
"16,12 : 0.1664"
"12,17 : 0.2617"
"17,12 : 0.2617"
"12,18 : 0.7"
"18,12 : 0.7"
"12,19 : 0.5108"
"19,12 : 0.5108"
"12,20 : 0.3636"
"20,12 : 0.3636"
"12,21 : 0.7247"
"21,12 : 0.7247"
"12,22 : 0.4562"
"22,12 : 0.4562"
"12,23 : 0.5101"
"23,12 : 0.5101"
"12,24 : 0.5962"
"24,12 : 0.5962"
"12,25 : 0.1803"
"25,12 : 0.1803"
"12,26 : 0.5174"
"26,12 : 0.5174"
"12,27 : 0.9886"
"27,12 : 0.9886"
"12,28 : 0.4205"
"28,12 : 0.4205"
"12,29 : 0.2828"
"29,12 : 0.2828"
"12,30 : 0.22"
"30,12 : 0.22"
"12,31 : 0.3847"
"31,12 : 0.3847"
"12,32 : 0.6239"
"32,12 : 0.6239"
"12,33 : 0.7658"
"33,12 : 0.7658"
"12,34 : 0.9244"
"34,12 : 0.9244"
"12,35 : 0.2163"
"35,12 : 0.2163"
"12,36 : 0.6329"
"36,12 : 0.6329"
"12,37 : 0.441"
"37,12 : 0.441"
"12,38 : 0.4219"
"38,12 : 0.4219"
"12,39 : 0.6198"
"39,12 : 0.6198"
"12,40 : 0.8222"
"40,12 : 0.8222"
"12,41 : 0.4391"
"41,12 : 0.4391"
"12,42 : 0.1342"
"42,12 : 0.1342"
"12,43 : 0.16"
"43,12 : 0.16"
"12,44 : 0.3338"
"44,12 : 0.3338"
"12,45 : 0.3324"
"45,12 : 0.3324"
"12,46 : 0.4357"
"46,12 : 0.4357"
"12,47 : 0.7292"
"47,12 : 0.7292"
"12,48 : 0.7649"
"48,12 : 0.7649"
"12,49 : 0.8096"
"49,12 : 0.8096"
"12,50 : 0.4948"
"50,12 : 0.4948"
"12,51 : 0.4472"
"51,12 : 0.4472"
"12,52 : 0.7716"
"52,12 : 0.7716"
"12,53 : 0.8465"
"53,12 : 0.8465"
"12,54 : 0.4295"
"54,12 : 0.4295"
"12,55 : 0.4504"
"55,12 : 0.4504"
"12,56 : 0.6519"
"56,12 : 0.6519"
"12,57 : 0.4342"
"57,12 : 0.4342"
"12,58 : 0.5009"
"58,12 : 0.5009"
"12,59 : 0.7971"
"59,12 : 0.7971"
"12,60 : 0.4998"
"60,12 : 0.4998"
"12,61 : 0.4738"
"61,12 : 0.4738"
"12,62 : 0.3883"
"62,12 : 0.3883"
"12,63 : 0.408"
"63,12 : 0.408"
"12,64 : 0.9751"
"64,12 : 0.9751"
"12,65 : 0.8969"
"65,12 : 0.8969"
"12,66 : 0.895"
"66,12 : 0.895"
"12,67 : 0.7471"
"67,12 : 0.7471"
"12,68 : 0.3523"
"68,12 : 0.3523"
"12,69 : 0.5707"
"69,12 : 0.5707"
"12,70 : 0.82"
"70,12 : 0.82"
"12,71 : 0.2921"
"71,12 : 0.2921"
"12,72 : 0.9615"
"72,12 : 0.9615"
"12,73 : 0.7648"
"73,12 : 0.7648"
"12,74 : 0.5142"
"74,12 : 0.5142"
"12,75 : 0.2766"
"75,12 : 0.2766"
"12,76 : 0.8201"
"76,12 : 0.8201"
"12,77 : 0.7111"
"77,12 : 0.7111"
"12,78 : 0.3"
"78,12 : 0.3"
"12,79 : 0.5819"
"79,12 : 0.5819"
"12,80 : 0.4393"
"80,12 : 0.4393"
"12,81 : 0.568"
"81,12 : 0.568"
"12,82 : 0.5771"
"82,12 : 0.5771"
"12,83 : 0.8357"
"83,12 : 0.8357"
"12,84 : 0.9571"
"84,12 : 0.9571"
"12,85 : 0.6067"
"85,12 : 0.6067"
"12,86 : 0.5771"
"86,12 : 0.5771"
"12,87 : 0.1746"
"87,12 : 0.1746"
"12,88 : 0.9135"
"88,12 : 0.9135"
"12,89 : 0.6894"
"89,12 : 0.6894"
"12,90 : 0.3138"
"90,12 : 0.3138"
"12,91 : 0.6227"
"91,12 : 0.6227"
"12,92 : 0.4909"
"92,12 : 0.4909"
"12,93 : 0.2302"
"93,12 : 0.2302"
"12,94 : 0.2059"
"94,12 : 0.2059"
"12,95 : 0.9675"
"95,12 : 0.9675"
"12,96 : 0.0224"
"96,12 : 0.0224"
"12,97 : 0.286"
"97,12 : 0.286"
"12,98 : 0.6845"
"98,12 : 0.6845"
"12,99 : 0.7593"
"99,12 : 0.7593"
"13,14 : 0.9625"
"14,13 : 0.9625"
"13,15 : 0.5714"
"15,13 : 0.5714"
"13,16 : 0.1803"
"16,13 : 0.1803"
"13,17 : 0.2617"
"17,13 : 0.2617"
"13,18 : 0.7101"
"18,13 : 0.7101"
"13,19 : 0.5162"
"19,13 : 0.5162"
"13,20 : 0.3672"
"20,13 : 0.3672"
"13,21 : 0.7262"
"21,13 : 0.7262"
"13,22 : 0.4518"
"22,13 : 0.4518"
"13,23 : 0.5004"
"23,13 : 0.5004"
