x,y
0.39,0.13
0.97,0.55
0.02,0.33
0.25,0.08
0.95,0.8
0.02,0.36
0.4,0.03
0.73,0.3
0.52,0.13
0.01,0.22
0.34,0.44
0.05,0.63
0.53,0.06
0.58,0.14
0.26,0.65
0.63,0.72
0.25,0.41
0.65,0.2
0.61,0.1
0.49,0.8
0.28,0.4
0.06,0.59
0.53,0.47
0.62,0.95
0.98,0.55
0.24,0.8
0.7,0.03
0.33,0.17
0.58,0.43
0.85,0.85
0.93,0.53
0.81,0.23
0.78,0.09
0.31,0.56
0.3,0.68
0.7,0.07
0.64,0.23
0.25,0.07
0.69,0.08
0.52,0.82
0.84,0.18
0.89,0.67
0.77,0.01
0.65,0.69
0.31,0.39
0.29,0.69
0.07,0.78
0.41,0.03
0.52,0.7
0.71,0.52
0.04,0.35
0.42,0.22
0.58,0.61
0.02,0.19
0.33,0.51
0.92,0.99
0.52,0.91
0.74,0.98
0.22,0.92
0.59,0.02
0.73,0.43
0.63,0.78
0.06,0.74
0.1,0.26
0.49,0.77
0.4,0.27
0.33,0.59
0.96,0.39
0.4,0.38
0.88,0.16
0.19,0.83
0.46,0.52
0.49,0.82
0.16,0.66
1.0,0.18
0.3,0.76
0.42,0.06
0.94,0.71
0.24,0.64
0.56,0.32
0.63,0.32
0.39,0.45
0.25,0.98
0.98,0.28
0.16,0.06
0.58,0.19
0.02,0.45
0.67,0.21
0.95,0.99
0.4,0.36
0.75,0.65
0.76,0.03
0.67,0.91
0.01,0.85
0.94,0.07
0.02,0.41
0.0,0.27
0.44,0.81
0.05,0.38
0.84,0.49

Distanze
"0,1 : 0.7161"
"1,0 : 0.7161"
"0,2 : 0.4206"
"2,0 : 0.4206"
"0,3 : 0.1487"
"3,0 : 0.1487"
"0,4 : 0.8732"
"4,0 : 0.8732"
"0,5 : 0.4357"
"5,0 : 0.4357"
"0,6 : 0.1005"
"6,0 : 0.1005"
"0,7 : 0.3801"
"7,0 : 0.3801"
"0,8 : 0.13"
"8,0 : 0.13"
"0,9 : 0.3905"
"9,0 : 0.3905"
"0,10 : 0.314"
"10,0 : 0.314"
"0,11 : 0.6046"
"11,0 : 0.6046"
"0,12 : 0.1565"
"12,0 : 0.1565"
"0,13 : 0.1903"
"13,0 : 0.1903"
"0,14 : 0.536"
"14,0 : 0.536"
"0,15 : 0.6369"
"15,0 : 0.6369"
"0,16 : 0.313"
"16,0 : 0.313"
"0,17 : 0.2693"
"17,0 : 0.2693"
"0,18 : 0.222"
"18,0 : 0.222"
"0,19 : 0.6774"
"19,0 : 0.6774"
"0,20 : 0.2915"
"20,0 : 0.2915"
"0,21 : 0.5661"
"21,0 : 0.5661"
"0,22 : 0.3677"
"22,0 : 0.3677"
"0,23 : 0.8516"
"23,0 : 0.8516"
"0,24 : 0.7242"
"24,0 : 0.7242"
"0,25 : 0.6866"
"25,0 : 0.6866"
"0,26 : 0.3257"
"26,0 : 0.3257"
"0,27 : 0.0721"
"27,0 : 0.0721"
"0,28 : 0.3551"
"28,0 : 0.3551"
"0,29 : 0.8544"
"29,0 : 0.8544"
"0,30 : 0.672"
"30,0 : 0.672"
"0,31 : 0.4317"
"31,0 : 0.4317"
"0,32 : 0.392"
"32,0 : 0.392"
"0,33 : 0.4374"
"33,0 : 0.4374"
"0,34 : 0.5573"
"34,0 : 0.5573"
"0,35 : 0.3158"
"35,0 : 0.3158"
"0,36 : 0.2693"
"36,0 : 0.2693"
"0,37 : 0.1523"
"37,0 : 0.1523"
"0,38 : 0.3041"
"38,0 : 0.3041"
"0,39 : 0.7021"
"39,0 : 0.7021"
"0,40 : 0.4528"
"40,0 : 0.4528"
"0,41 : 0.7359"
"41,0 : 0.7359"
"0,42 : 0.3985"
"42,0 : 0.3985"
"0,43 : 0.6174"
"43,0 : 0.6174"
"0,44 : 0.272"
"44,0 : 0.272"
"0,45 : 0.5689"
"45,0 : 0.5689"
"0,46 : 0.7245"
"46,0 : 0.7245"
"0,47 : 0.102"
"47,0 : 0.102"
"0,48 : 0.5846"
"48,0 : 0.5846"
"0,49 : 0.5045"
"49,0 : 0.5045"
"0,50 : 0.4134"
"50,0 : 0.4134"
"0,51 : 0.0949"
"51,0 : 0.0949"
"0,52 : 0.5162"
"52,0 : 0.5162"
"0,53 : 0.3748"
"53,0 : 0.3748"
"0,54 : 0.3847"
"54,0 : 0.3847"
"0,55 : 1.0102"
"55,0 : 1.0102"
"0,56 : 0.7908"
"56,0 : 0.7908"
"0,57 : 0.9192"
"57,0 : 0.9192"
"0,58 : 0.8081"
"58,0 : 0.8081"
"0,59 : 0.2283"
"59,0 : 0.2283"
"0,60 : 0.4534"
"60,0 : 0.4534"
"0,61 : 0.6929"
"61,0 : 0.6929"
"0,62 : 0.6935"
"62,0 : 0.6935"
"0,63 : 0.3178"
"63,0 : 0.3178"
"0,64 : 0.6478"
"64,0 : 0.6478"
"0,65 : 0.1404"
"65,0 : 0.1404"
"0,66 : 0.4639"
"66,0 : 0.4639"
"0,67 : 0.6265"
"67,0 : 0.6265"
"0,68 : 0.2502"
"68,0 : 0.2502"
"0,69 : 0.4909"
"69,0 : 0.4909"
"0,70 : 0.728"
"70,0 : 0.728"
"0,71 : 0.3962"
"71,0 : 0.3962"
"0,72 : 0.6972"
"72,0 : 0.6972"
"0,73 : 0.5778"
"73,0 : 0.5778"
"0,74 : 0.612"
"74,0 : 0.612"
"0,75 : 0.6364"
"75,0 : 0.6364"
"0,76 : 0.0762"
"76,0 : 0.0762"
"0,77 : 0.7993"
"77,0 : 0.7993"
"0,78 : 0.5316"
"78,0 : 0.5316"
"0,79 : 0.255"
"79,0 : 0.255"
"0,80 : 0.3061"
"80,0 : 0.3061"
"0,81 : 0.32"
"81,0 : 0.32"
"0,82 : 0.8615"
"82,0 : 0.8615"
"0,83 : 0.6088"
"83,0 : 0.6088"
"0,84 : 0.2404"
"84,0 : 0.2404"
"0,85 : 0.1992"
"85,0 : 0.1992"
"0,86 : 0.4892"
"86,0 : 0.4892"
"0,87 : 0.2912"
"87,0 : 0.2912"
"0,88 : 1.0263"
"88,0 : 1.0263"
"0,89 : 0.2302"
"89,0 : 0.2302"
"0,90 : 0.6325"
"90,0 : 0.6325"
"0,91 : 0.3833"
"91,0 : 0.3833"
"0,92 : 0.8287"
"92,0 : 0.8287"
"0,93 : 0.8141"
"93,0 : 0.8141"
"0,94 : 0.5533"
"94,0 : 0.5533"
"0,95 : 0.464"
"95,0 : 0.464"
"0,96 : 0.4144"
"96,0 : 0.4144"
"0,97 : 0.6818"
"97,0 : 0.6818"
"0,98 : 0.422"
"98,0 : 0.422"
"0,99 : 0.5763"
"99,0 : 0.5763"
"1,2 : 0.9751"
"2,1 : 0.9751"
"1,3 : 0.8598"
"3,1 : 0.8598"
"1,4 : 0.2508"
"4,1 : 0.2508"
"1,5 : 0.9688"
"5,1 : 0.9688"
"1,6 : 0.7716"
"6,1 : 0.7716"
"1,7 : 0.3466"
"7,1 : 0.3466"
"1,8 : 0.6155"
"8,1 : 0.6155"
"1,9 : 1.0151"
"9,1 : 1.0151"
"1,10 : 0.6395"
"10,1 : 0.6395"
"1,11 : 0.9235"
"11,1 : 0.9235"
"1,12 : 0.6586"
"12,1 : 0.6586"
"1,13 : 0.5659"
"13,1 : 0.5659"
"1,14 : 0.717"
"14,1 : 0.717"
"1,15 : 0.3801"
"15,1 : 0.3801"
"1,16 : 0.7335"
"16,1 : 0.7335"
"1,17 : 0.4742"
"17,1 : 0.4742"
"1,18 : 0.5763"
"18,1 : 0.5763"
"1,19 : 0.5412"
"19,1 : 0.5412"
"1,20 : 0.7061"
"20,1 : 0.7061"
"1,21 : 0.9109"
"21,1 : 0.9109"
"1,22 : 0.4472"
"22,1 : 0.4472"
"1,23 : 0.5315"
"23,1 : 0.5315"
"1,24 : 0.01"
"24,1 : 0.01"
"1,25 : 0.7716"
"25,1 : 0.7716"
"1,26 : 0.5859"
"26,1 : 0.5859"
"1,27 : 0.7443"
"27,1 : 0.7443"
"1,28 : 0.408"
"28,1 : 0.408"
"1,29 : 0.3231"
"29,1 : 0.3231"
"1,30 : 0.0447"
"30,1 : 0.0447"
"1,31 : 0.3578"
"31,1 : 0.3578"
"1,32 : 0.4977"
"32,1 : 0.4977"
"1,33 : 0.6601"
"33,1 : 0.6601"
"1,34 : 0.6825"
"34,1 : 0.6825"
"1,35 : 0.5507"
"35,1 : 0.5507"
"1,36 : 0.4597"
"36,1 : 0.4597"
"1,37 : 0.8653"
"37,1 : 0.8653"
"1,38 : 0.5471"
"38,1 : 0.5471"
"1,39 : 0.5248"
"39,1 : 0.5248"
"1,40 : 0.3922"
"40,1 : 0.3922"
"1,41 : 0.1442"
"41,1 : 0.1442"
"1,42 : 0.5758"
"42,1 : 0.5758"
"1,43 : 0.3493"
"43,1 : 0.3493"
"1,44 : 0.6791"
"44,1 : 0.6791"
"1,45 : 0.6943"
"45,1 : 0.6943"
"1,46 : 0.9289"
"46,1 : 0.9289"
"1,47 : 0.7642"
"47,1 : 0.7642"
"1,48 : 0.4743"
"48,1 : 0.4743"
"1,49 : 0.2617"
"49,1 : 0.2617"
"1,50 : 0.9513"
"50,1 : 0.9513"
"1,51 : 0.6414"
"51,1 : 0.6414"
"1,52 : 0.3946"
"52,1 : 0.3946"
"1,53 : 1.0159"
"53,1 : 1.0159"
"1,54 : 0.6412"
"54,1 : 0.6412"
"1,55 : 0.4428"
"55,1 : 0.4428"
"1,56 : 0.5763"
"56,1 : 0.5763"
"1,57 : 0.4876"
"57,1 : 0.4876"
"1,58 : 0.8363"
"58,1 : 0.8363"
"1,59 : 0.6522"
"59,1 : 0.6522"
"1,60 : 0.2683"
"60,1 : 0.2683"
"1,61 : 0.4105"
"61,1 : 0.4105"
"1,62 : 0.9296"
"62,1 : 0.9296"
"1,63 : 0.9171"
"63,1 : 0.9171"
"1,64 : 0.528"
"64,1 : 0.528"
"1,65 : 0.6351"
"65,1 : 0.6351"
"1,66 : 0.6412"
"66,1 : 0.6412"
"1,67 : 0.1603"
"67,1 : 0.1603"
"1,68 : 0.5948"
"68,1 : 0.5948"
"1,69 : 0.4002"
"69,1 : 0.4002"
"1,70 : 0.8287"
"70,1 : 0.8287"
"1,71 : 0.5109"
"71,1 : 0.5109"
"1,72 : 0.5507"
"72,1 : 0.5507"
"1,73 : 0.8174"
"73,1 : 0.8174"
"1,74 : 0.3712"
"74,1 : 0.3712"
"1,75 : 0.7021"
"75,1 : 0.7021"
"1,76 : 0.7366"
"76,1 : 0.7366"
"1,77 : 0.1628"
"77,1 : 0.1628"
"1,78 : 0.7355"
"78,1 : 0.7355"
"1,79 : 0.4701"
"79,1 : 0.4701"
"1,80 : 0.4105"
"80,1 : 0.4105"
"1,81 : 0.5886"
"81,1 : 0.5886"
"1,82 : 0.8386"
"82,1 : 0.8386"
"1,83 : 0.2702"
"83,1 : 0.2702"
"1,84 : 0.9467"
"84,1 : 0.9467"
"1,85 : 0.5308"
"85,1 : 0.5308"
"1,86 : 0.9552"
"86,1 : 0.9552"
"1,87 : 0.4534"
"87,1 : 0.4534"
"1,88 : 0.4405"
"88,1 : 0.4405"
"1,89 : 0.6008"
"89,1 : 0.6008"
"1,90 : 0.2417"
"90,1 : 0.2417"
"1,91 : 0.5608"
"91,1 : 0.5608"
"1,92 : 0.4686"
"92,1 : 0.4686"
"1,93 : 1.0058"
"93,1 : 1.0058"
"1,94 : 0.4809"
"94,1 : 0.4809"
"1,95 : 0.9603"
"95,1 : 0.9603"
"1,96 : 1.0096"
"96,1 : 1.0096"
"1,97 : 0.5903"
"97,1 : 0.5903"
"1,98 : 0.9356"
"98,1 : 0.9356"
"1,99 : 0.1432"
"99,1 : 0.1432"
"2,3 : 0.3397"
"3,2 : 0.3397"
"2,4 : 1.042"
"4,2 : 1.042"
"2,5 : 0.03"
"5,2 : 0.03"
"2,6 : 0.4841"
"6,2 : 0.4841"
"2,7 : 0.7106"
"7,2 : 0.7106"
"2,8 : 0.5385"
"8,2 : 0.5385"
"2,9 : 0.1105"
"9,2 : 0.1105"
"2,10 : 0.3384"
"10,2 : 0.3384"
"2,11 : 0.3015"
"11,2 : 0.3015"
"2,12 : 0.5771"
"12,2 : 0.5771"
"2,13 : 0.5914"
"13,2 : 0.5914"
"2,14 : 0.4"
"14,2 : 0.4"
"2,15 : 0.724"
"15,2 : 0.724"
"2,16 : 0.2435"
"16,2 : 0.2435"
"2,17 : 0.6433"
"17,2 : 0.6433"
"2,18 : 0.6332"
"18,2 : 0.6332"
"2,19 : 0.6647"
"19,2 : 0.6647"
"2,20 : 0.2693"
"20,2 : 0.2693"
"2,21 : 0.2631"
"21,2 : 0.2631"
"2,22 : 0.5289"
"22,2 : 0.5289"
"2,23 : 0.8628"
"23,2 : 0.8628"
"2,24 : 0.9849"
"24,2 : 0.9849"
"2,25 : 0.5189"
"25,2 : 0.5189"
"2,26 : 0.7432"
"26,2 : 0.7432"
"2,27 : 0.3489"
"27,2 : 0.3489"
"2,28 : 0.5689"
"28,2 : 0.5689"
"2,29 : 0.9794"
"29,2 : 0.9794"
"2,30 : 0.9317"
"30,2 : 0.9317"
"2,31 : 0.7963"
"31,2 : 0.7963"
"2,32 : 0.797"
"32,2 : 0.797"
"2,33 : 0.3701"
"33,2 : 0.3701"
"2,34 : 0.4482"
"34,2 : 0.4482"
"2,35 : 0.728"
"35,2 : 0.728"
"2,36 : 0.628"
"36,2 : 0.628"
"2,37 : 0.3471"
"37,2 : 0.3471"
"2,38 : 0.7151"
"38,2 : 0.7151"
"2,39 : 0.7001"
"39,2 : 0.7001"
"2,40 : 0.8336"
"40,2 : 0.8336"
"2,41 : 0.9341"
"41,2 : 0.9341"
"2,42 : 0.8154"
"42,2 : 0.8154"
"2,43 : 0.7256"
"43,2 : 0.7256"
"2,44 : 0.2961"
"44,2 : 0.2961"
"2,45 : 0.45"
"45,2 : 0.45"
"2,46 : 0.4528"
"46,2 : 0.4528"
"2,47 : 0.492"
"47,2 : 0.492"
"2,48 : 0.622"
"48,2 : 0.622"
"2,49 : 0.7157"
"49,2 : 0.7157"
"2,50 : 0.0283"
"50,2 : 0.0283"
"2,51 : 0.4148"
"51,2 : 0.4148"
"2,52 : 0.6261"
"52,2 : 0.6261"
"2,53 : 0.14"
"53,2 : 0.14"
"2,54 : 0.3585"
"54,2 : 0.3585"
"2,55 : 1.1161"
"55,2 : 1.1161"
"2,56 : 0.7658"
"56,2 : 0.7658"
"2,57 : 0.97"
"57,2 : 0.97"
"2,58 : 0.623"
"58,2 : 0.623"
"2,59 : 0.6488"
"59,2 : 0.6488"
"2,60 : 0.717"
"60,2 : 0.717"
"2,61 : 0.758"
"61,2 : 0.758"
"2,62 : 0.4119"
"62,2 : 0.4119"
"2,63 : 0.1063"
"63,2 : 0.1063"
"2,64 : 0.6438"
"64,2 : 0.6438"
"2,65 : 0.3847"
"65,2 : 0.3847"
"2,66 : 0.4046"
"66,2 : 0.4046"
"2,67 : 0.9419"
"67,2 : 0.9419"
"2,68 : 0.3833"
"68,2 : 0.3833"
"2,69 : 0.8766"
"69,2 : 0.8766"
"2,70 : 0.5281"
"70,2 : 0.5281"
"2,71 : 0.4793"
"71,2 : 0.4793"
"2,72 : 0.679"
"72,2 : 0.679"
"2,73 : 0.3585"
"73,2 : 0.3585"
"2,74 : 0.9914"
"74,2 : 0.9914"
"2,75 : 0.5131"
"75,2 : 0.5131"
"2,76 : 0.4826"
"76,2 : 0.4826"
"2,77 : 0.9954"
"77,2 : 0.9954"
"2,78 : 0.3801"
"78,2 : 0.3801"
"2,79 : 0.5401"
"79,2 : 0.5401"
"2,80 : 0.6101"
"80,2 : 0.6101"
"2,81 : 0.389"
"81,2 : 0.389"
"2,82 : 0.6895"
"82,2 : 0.6895"
"2,83 : 0.9613"
"83,2 : 0.9613"
"2,84 : 0.3041"
"84,2 : 0.3041"
"2,85 : 0.5772"
"85,2 : 0.5772"
"2,86 : 0.12"
"86,2 : 0.12"
"2,87 : 0.661"
"87,2 : 0.661"
"2,88 : 1.1404"
"88,2 : 1.1404"
"2,89 : 0.3812"
"89,2 : 0.3812"
"2,90 : 0.7971"
"90,2 : 0.7971"
"2,91 : 0.7985"
"91,2 : 0.7985"
"2,92 : 0.8711"
"92,2 : 0.8711"
"2,93 : 0.5201"
"93,2 : 0.5201"
"2,94 : 0.956"
"94,2 : 0.956"
"2,95 : 0.08"
"95,2 : 0.08"
"2,96 : 0.0632"
"96,2 : 0.0632"
"2,97 : 0.6378"
"97,2 : 0.6378"
"2,98 : 0.0583"
"98,2 : 0.0583"
"2,99 : 0.8355"
"99,2 : 0.8355"
"3,4 : 1.0042"
"4,3 : 1.0042"
"3,5 : 0.3624"
"5,3 : 0.3624"
"3,6 : 0.1581"
"6,3 : 0.1581"
"3,7 : 0.528"
"7,3 : 0.528"
"3,8 : 0.2746"
"8,3 : 0.2746"
"3,9 : 0.2778"
"9,3 : 0.2778"
"3,10 : 0.3711"
"10,3 : 0.3711"
"3,11 : 0.5852"
"11,3 : 0.5852"
"3,12 : 0.2807"
"12,3 : 0.2807"
"3,13 : 0.3354"
"13,3 : 0.3354"
"3,14 : 0.5701"
"14,3 : 0.5701"
"3,15 : 0.7443"
"15,3 : 0.7443"
"3,16 : 0.33"
"16,3 : 0.33"
"3,17 : 0.4176"
"17,3 : 0.4176"
"3,18 : 0.3606"
"18,3 : 0.3606"
"3,19 : 0.7589"
"19,3 : 0.7589"
"3,20 : 0.3214"
"20,3 : 0.3214"
"3,21 : 0.5442"
"21,3 : 0.5442"
"3,22 : 0.4801"
"22,3 : 0.4801"
"3,23 : 0.9454"
"23,3 : 0.9454"
"3,24 : 0.8682"
"24,3 : 0.8682"
"3,25 : 0.7201"
"25,3 : 0.7201"
"3,26 : 0.4528"
"26,3 : 0.4528"
"3,27 : 0.1204"
"27,3 : 0.1204"
"3,28 : 0.481"
"28,3 : 0.481"
"3,29 : 0.9762"
"29,3 : 0.9762"
"3,30 : 0.8154"
"30,3 : 0.8154"
"3,31 : 0.5797"
"31,3 : 0.5797"
"3,32 : 0.5301"
"32,3 : 0.5301"
"3,33 : 0.4837"
"33,3 : 0.4837"
"3,34 : 0.6021"
"34,3 : 0.6021"
"3,35 : 0.4501"
"35,3 : 0.4501"
"3,36 : 0.4179"
"36,3 : 0.4179"
"3,37 : 0.01"
"37,3 : 0.01"
"3,38 : 0.44"
"38,3 : 0.44"
"3,39 : 0.7877"
"39,3 : 0.7877"
"3,40 : 0.5984"
"40,3 : 0.5984"
"3,41 : 0.8705"
"41,3 : 0.8705"
"3,42 : 0.5247"
"42,3 : 0.5247"
"3,43 : 0.7295"
"43,3 : 0.7295"
"3,44 : 0.3158"
"44,3 : 0.3158"
"3,45 : 0.6113"
"45,3 : 0.6113"
"3,46 : 0.7228"
"46,3 : 0.7228"
"3,47 : 0.1676"
"47,3 : 0.1676"
"3,48 : 0.6762"
"48,3 : 0.6762"
"3,49 : 0.6366"
"49,3 : 0.6366"
"3,50 : 0.3421"
"50,3 : 0.3421"
"3,51 : 0.2202"
"51,3 : 0.2202"
"3,52 : 0.6243"
"52,3 : 0.6243"
"3,53 : 0.255"
"53,3 : 0.255"
"3,54 : 0.4374"
"54,3 : 0.4374"
"3,55 : 1.13"
"55,3 : 1.13"
"3,56 : 0.8728"
"56,3 : 0.8728"
"3,57 : 1.0247"
"57,3 : 1.0247"
"3,58 : 0.8405"
"58,3 : 0.8405"
"3,59 : 0.3453"
"59,3 : 0.3453"
"3,60 : 0.5941"
"60,3 : 0.5941"
"3,61 : 0.7965"
"61,3 : 0.7965"
"3,62 : 0.6868"
"62,3 : 0.6868"
"3,63 : 0.2343"
"63,3 : 0.2343"
"3,64 : 0.7305"
"64,3 : 0.7305"
"3,65 : 0.2421"
"65,3 : 0.2421"
"3,66 : 0.5162"
"66,3 : 0.5162"
"3,67 : 0.7747"
"67,3 : 0.7747"
"3,68 : 0.3354"
"68,3 : 0.3354"
"3,69 : 0.6351"
"69,3 : 0.6351"
"3,70 : 0.7524"
"70,3 : 0.7524"
"3,71 : 0.4875"
"71,3 : 0.4875"
"3,72 : 0.7779"
"72,3 : 0.7779"
"3,73 : 0.5869"
"73,3 : 0.5869"
"3,74 : 0.7566"
"74,3 : 0.7566"
"3,75 : 0.6818"
"75,3 : 0.6818"
"3,76 : 0.1712"
"76,3 : 0.1712"
"3,77 : 0.9343"
"77,3 : 0.9343"
"3,78 : 0.5601"
"78,3 : 0.5601"
"3,79 : 0.392"
"79,3 : 0.392"
"3,80 : 0.4494"
"80,3 : 0.4494"
"3,81 : 0.3956"
"81,3 : 0.3956"
"3,82 : 0.9"
"82,3 : 0.9"
"3,83 : 0.7569"
"83,3 : 0.7569"
"3,84 : 0.0922"
"84,3 : 0.0922"
"3,85 : 0.3479"
"85,3 : 0.3479"
"3,86 : 0.4357"
"86,3 : 0.4357"
"3,87 : 0.4397"
"87,3 : 0.4397"
"3,88 : 1.1481"
"88,3 : 1.1481"
"3,89 : 0.3176"
"89,3 : 0.3176"
"3,90 : 0.7582"
"90,3 : 0.7582"
"3,91 : 0.5124"
"91,3 : 0.5124"
"3,92 : 0.9302"
"92,3 : 0.9302"
"3,93 : 0.8065"
"93,3 : 0.8065"
"3,94 : 0.6901"
"94,3 : 0.6901"
"3,95 : 0.4022"
"95,3 : 0.4022"
"3,96 : 0.314"
"96,3 : 0.314"
"3,97 : 0.7543"
"97,3 : 0.7543"
"3,98 : 0.3606"
"98,3 : 0.3606"
"3,99 : 0.7185"
"99,3 : 0.7185"
"4,5 : 1.0288"
"5,4 : 1.0288"
"4,6 : 0.9463"
"6,4 : 0.9463"
"4,7 : 0.5463"
"7,4 : 0.5463"
"4,8 : 0.7961"
"8,4 : 0.7961"
"4,9 : 1.1045"
"9,4 : 1.1045"
"4,10 : 0.7083"
"10,4 : 0.7083"
"4,11 : 0.9159"
"11,4 : 0.9159"
"4,12 : 0.8509"
"12,4 : 0.8509"
"4,13 : 0.7566"
"13,4 : 0.7566"
"4,14 : 0.7061"
"14,4 : 0.7061"
"4,15 : 0.3298"
"15,4 : 0.3298"
"4,16 : 0.8013"
"16,4 : 0.8013"
"4,17 : 0.6708"
"17,4 : 0.6708"
"4,18 : 0.7782"
"18,4 : 0.7782"
"4,19 : 0.46"
"19,4 : 0.46"
"4,20 : 0.7803"
"20,4 : 0.7803"
"4,21 : 0.9144"
"21,4 : 0.9144"
"4,22 : 0.5341"
"22,4 : 0.5341"
"4,23 : 0.3625"
"23,4 : 0.3625"
"4,24 : 0.2518"
"24,4 : 0.2518"
"4,25 : 0.71"
"25,4 : 0.71"
"4,26 : 0.8096"
"26,4 : 0.8096"
"4,27 : 0.8839"
"27,4 : 0.8839"
"4,28 : 0.5233"
"28,4 : 0.5233"
"4,29 : 0.1118"
"29,4 : 0.1118"
"4,30 : 0.2707"
"30,4 : 0.2707"
"4,31 : 0.5869"
"31,4 : 0.5869"
"4,32 : 0.7301"
"32,4 : 0.7301"
"4,33 : 0.6835"
"33,4 : 0.6835"
"4,34 : 0.661"
"34,4 : 0.661"
"4,35 : 0.7716"
"35,4 : 0.7716"
"4,36 : 0.6488"
"36,4 : 0.6488"
"4,37 : 1.0114"
"37,4 : 1.0114"
"4,38 : 0.7655"
"38,4 : 0.7655"
"4,39 : 0.4305"
"39,4 : 0.4305"
"4,40 : 0.6297"
"40,4 : 0.6297"
"4,41 : 0.1432"
"41,4 : 0.1432"
"4,42 : 0.8102"
"42,4 : 0.8102"
"4,43 : 0.3195"
"43,4 : 0.3195"
"4,44 : 0.7601"
"44,4 : 0.7601"
"4,45 : 0.6691"
"45,4 : 0.6691"
"4,46 : 0.8802"
"46,4 : 0.8802"
"4,47 : 0.9405"
"47,4 : 0.9405"
"4,48 : 0.4415"
"48,4 : 0.4415"
"4,49 : 0.3688"
"49,4 : 0.3688"
"4,50 : 1.0152"
"50,4 : 1.0152"
"4,51 : 0.7857"
"51,4 : 0.7857"
"4,52 : 0.4159"
"52,4 : 0.4159"
"4,53 : 1.1122"
"53,4 : 1.1122"
"4,54 : 0.6845"
"54,4 : 0.6845"
"4,55 : 0.1924"
"55,4 : 0.1924"
"4,56 : 0.4438"
"56,4 : 0.4438"
"4,57 : 0.2766"
"57,4 : 0.2766"
"4,58 : 0.7398"
"58,4 : 0.7398"
"4,59 : 0.8591"
"59,4 : 0.8591"
"4,60 : 0.4305"
"60,4 : 0.4305"
"4,61 : 0.3206"
"61,4 : 0.3206"
"4,62 : 0.892"
"62,4 : 0.892"
"4,63 : 1.007"
"63,4 : 1.007"
"4,64 : 0.461"
"64,4 : 0.461"
"4,65 : 0.7638"
"65,4 : 0.7638"
"4,66 : 0.6546"
"66,4 : 0.6546"
"4,67 : 0.4101"
"67,4 : 0.4101"
"4,68 : 0.692"
"68,4 : 0.692"
"4,69 : 0.6438"
"69,4 : 0.6438"
"4,70 : 0.7606"
"70,4 : 0.7606"
"4,71 : 0.5644"
"71,4 : 0.5644"
"4,72 : 0.4604"
"72,4 : 0.4604"
"4,73 : 0.8023"
"73,4 : 0.8023"
"4,74 : 0.622"
"74,4 : 0.622"
"4,75 : 0.6512"
"75,4 : 0.6512"
"4,76 : 0.9102"
"76,4 : 0.9102"
"4,77 : 0.0906"
"77,4 : 0.0906"
"4,78 : 0.7278"
"78,4 : 0.7278"
"4,79 : 0.6185"
"79,4 : 0.6185"
"4,80 : 0.5769"
"80,4 : 0.5769"
"4,81 : 0.6604"
"81,4 : 0.6604"
"4,82 : 0.7228"
"82,4 : 0.7228"
"4,83 : 0.5209"
"83,4 : 0.5209"
"4,84 : 1.0825"
"84,4 : 1.0825"
"4,85 : 0.7134"
"85,4 : 0.7134"
"4,86 : 0.9937"
"86,4 : 0.9937"
"4,87 : 0.6531"
"87,4 : 0.6531"
"4,88 : 0.19"
"88,4 : 0.19"
"4,89 : 0.7043"
"89,4 : 0.7043"
"4,90 : 0.25"
"90,4 : 0.25"
"4,91 : 0.7931"
"91,4 : 0.7931"
"4,92 : 0.3008"
"92,4 : 0.3008"
"4,93 : 0.9413"
"93,4 : 0.9413"
"4,94 : 0.7301"
"94,4 : 0.7301"
"4,95 : 1.0085"
"95,4 : 1.0085"
"4,96 : 1.0878"
"96,4 : 1.0878"
"4,97 : 0.5101"
"97,4 : 0.5101"
"4,98 : 0.9932"
"98,4 : 0.9932"
"4,99 : 0.3289"
"99,4 : 0.3289"
"5,6 : 0.5033"
"6,5 : 0.5033"
"5,7 : 0.7125"
"7,5 : 0.7125"
"5,8 : 0.5504"
"8,5 : 0.5504"
"5,9 : 0.1404"
"9,5 : 0.1404"
"5,10 : 0.3298"
"10,5 : 0.3298"
"5,11 : 0.2717"
"11,5 : 0.2717"
"5,12 : 0.5917"
"12,5 : 0.5917"
"5,13 : 0.6017"
"13,5 : 0.6017"
"5,14 : 0.3764"
"14,5 : 0.3764"
"5,15 : 0.7083"
"15,5 : 0.7083"
"5,16 : 0.2354"
"16,5 : 0.2354"
"5,17 : 0.65"
"17,5 : 0.65"
"5,18 : 0.6447"
"18,5 : 0.6447"
"5,19 : 0.6438"
"19,5 : 0.6438"
"5,20 : 0.2631"
"20,5 : 0.2631"
"5,21 : 0.2335"
"21,5 : 0.2335"
"5,22 : 0.5217"
"22,5 : 0.5217"
"5,23 : 0.8415"
"23,5 : 0.8415"
"5,24 : 0.9786"
"24,5 : 0.9786"
"5,25 : 0.4919"
"25,5 : 0.4919"
"5,26 : 0.7558"
"26,5 : 0.7558"
"5,27 : 0.3636"
"27,5 : 0.3636"
"5,28 : 0.5644"
"28,5 : 0.5644"
"5,29 : 0.9638"
"29,5 : 0.9638"
"5,30 : 0.9257"
"30,5 : 0.9257"
"5,31 : 0.8006"
"31,5 : 0.8006"
"5,32 : 0.8065"
"32,5 : 0.8065"
"5,33 : 0.3523"
"33,5 : 0.3523"
"5,34 : 0.4252"
"34,5 : 0.4252"
"5,35 : 0.7393"
"35,5 : 0.7393"
"5,36 : 0.6335"
"36,5 : 0.6335"
"5,37 : 0.3701"
"37,5 : 0.3701"
"5,38 : 0.7262"
"38,5 : 0.7262"
"5,39 : 0.6794"
"39,5 : 0.6794"
"5,40 : 0.8395"
"40,5 : 0.8395"
"5,41 : 0.9236"
"41,5 : 0.9236"
"5,42 : 0.8276"
"42,5 : 0.8276"
"5,43 : 0.7112"
"43,5 : 0.7112"
"5,44 : 0.2915"
"44,5 : 0.2915"
"5,45 : 0.4264"
"45,5 : 0.4264"
"5,46 : 0.423"
"46,5 : 0.423"
"5,47 : 0.5109"
"47,5 : 0.5109"
"5,48 : 0.6046"
"48,5 : 0.6046"
"5,49 : 0.7083"
"49,5 : 0.7083"
"5,50 : 0.0224"
"50,5 : 0.0224"
"5,51 : 0.4238"
"51,5 : 0.4238"
"5,52 : 0.6133"
"52,5 : 0.6133"
"5,53 : 0.17"
"53,5 : 0.17"
"5,54 : 0.3444"
"54,5 : 0.3444"
"5,55 : 1.0986"
"55,5 : 1.0986"
"5,56 : 0.7433"
"56,5 : 0.7433"
"5,57 : 0.9502"
"57,5 : 0.9502"
"5,58 : 0.5946"
"58,5 : 0.5946"
"5,59 : 0.6637"
"59,5 : 0.6637"
"5,60 : 0.7134"
"60,5 : 0.7134"
"5,61 : 0.7406"
"61,5 : 0.7406"
"5,62 : 0.3821"
"62,5 : 0.3821"
"5,63 : 0.1281"
"63,5 : 0.1281"
"5,64 : 0.6237"
"64,5 : 0.6237"
"5,65 : 0.3905"
"65,5 : 0.3905"
"5,66 : 0.386"
"66,5 : 0.386"
"5,67 : 0.9405"
"67,5 : 0.9405"
"5,68 : 0.3805"
"68,5 : 0.3805"
"5,69 : 0.8829"
"69,5 : 0.8829"
"5,70 : 0.4998"
"70,5 : 0.4998"
"5,71 : 0.4682"
"71,5 : 0.4682"
"5,72 : 0.6576"
"72,5 : 0.6576"
"5,73 : 0.3311"
"73,5 : 0.3311"
"5,74 : 0.9964"
"74,5 : 0.9964"
"5,75 : 0.4883"
"75,5 : 0.4883"
"5,76 : 0.5"
"76,5 : 0.5"
"5,77 : 0.9843"
"77,5 : 0.9843"
"5,78 : 0.3561"
"78,5 : 0.3561"
"5,79 : 0.5415"
"79,5 : 0.5415"
"5,80 : 0.6113"
"80,5 : 0.6113"
"5,81 : 0.3808"
"81,5 : 0.3808"
"5,82 : 0.6613"
"82,5 : 0.6613"
"5,83 : 0.9633"
"83,5 : 0.9633"
"5,84 : 0.3311"
"84,5 : 0.3311"
"5,85 : 0.5852"
"85,5 : 0.5852"
"5,86 : 0.09"
"86,5 : 0.09"
"5,87 : 0.6671"
"87,5 : 0.6671"
"5,88 : 1.1233"
"88,5 : 1.1233"
"5,89 : 0.38"
"89,5 : 0.38"
"5,90 : 0.7855"
"90,5 : 0.7855"
"5,91 : 0.8102"
"91,5 : 0.8102"
"5,92 : 0.8515"
"92,5 : 0.8515"
"5,93 : 0.4901"
"93,5 : 0.4901"
"5,94 : 0.9646"
"94,5 : 0.9646"
"5,95 : 0.05"
"95,5 : 0.05"
"5,96 : 0.0922"
"96,5 : 0.0922"
"5,97 : 0.6155"
"97,5 : 0.6155"
"5,98 : 0.0361"
"98,5 : 0.0361"
"5,99 : 0.8302"
"99,5 : 0.8302"
"6,7 : 0.4264"
"7,6 : 0.4264"
"6,8 : 0.1562"
"8,6 : 0.1562"
"6,9 : 0.4338"
"9,6 : 0.4338"
"6,10 : 0.4144"
"10,6 : 0.4144"
"6,11 : 0.6946"
"11,6 : 0.6946"
"6,12 : 0.1334"
"12,6 : 0.1334"
"6,13 : 0.211"
"13,6 : 0.211"
"6,14 : 0.6356"
"14,6 : 0.6356"
"6,15 : 0.7273"
"15,6 : 0.7273"
"6,16 : 0.4085"
"16,6 : 0.4085"
"6,17 : 0.3023"
"17,6 : 0.3023"
"6,18 : 0.2214"
"18,6 : 0.2214"
"6,19 : 0.7752"
"19,6 : 0.7752"
"6,20 : 0.389"
"20,6 : 0.389"
"6,21 : 0.6551"
"21,6 : 0.6551"
"6,22 : 0.4588"
"22,6 : 0.4588"
"6,23 : 0.9459"
"23,6 : 0.9459"
"6,24 : 0.779"
"24,6 : 0.779"
"6,25 : 0.7864"
"25,6 : 0.7864"
"6,26 : 0.3"
"26,6 : 0.3"
"6,27 : 0.1565"
"27,6 : 0.1565"
"6,28 : 0.4386"
"28,6 : 0.4386"
"6,29 : 0.9354"
"29,6 : 0.9354"
"6,30 : 0.7286"
"30,6 : 0.7286"
"6,31 : 0.4562"
"31,6 : 0.4562"
"6,32 : 0.3847"
"32,6 : 0.3847"
"6,33 : 0.5376"
"33,6 : 0.5376"
"6,34 : 0.6576"
"34,6 : 0.6576"
"6,35 : 0.3027"
"35,6 : 0.3027"
"6,36 : 0.3124"
"36,6 : 0.3124"
"6,37 : 0.1552"
"37,6 : 0.1552"
"6,38 : 0.2943"
"38,6 : 0.2943"
"6,39 : 0.7991"
"39,6 : 0.7991"
"6,40 : 0.4649"
"40,6 : 0.4649"
"6,41 : 0.806"
"41,6 : 0.806"
"6,42 : 0.3705"
"42,6 : 0.3705"
"6,43 : 0.7058"
"43,6 : 0.7058"
"6,44 : 0.3711"
"44,6 : 0.3711"
"6,45 : 0.6691"
"45,6 : 0.6691"
"6,46 : 0.8194"
"46,6 : 0.8194"
"6,47 : 0.01"
"47,6 : 0.01"
"6,48 : 0.6807"
"48,6 : 0.6807"
"6,49 : 0.5798"
"49,6 : 0.5798"
"6,50 : 0.4817"
"50,6 : 0.4817"
"6,51 : 0.191"
"51,6 : 0.191"
"6,52 : 0.6073"
"52,6 : 0.6073"
"6,53 : 0.4123"
"53,6 : 0.4123"
"6,54 : 0.4851"
"54,6 : 0.4851"
"6,55 : 1.0918"
"55,6 : 1.0918"
"6,56 : 0.8881"
"56,6 : 0.8881"
"6,57 : 1.009"
"57,6 : 1.009"
"6,58 : 0.908"
"58,6 : 0.908"
"6,59 : 0.1903"
"59,6 : 0.1903"
"6,60 : 0.5186"
"60,6 : 0.5186"
"6,61 : 0.7845"
"61,6 : 0.7845"
"6,62 : 0.7872"
"62,6 : 0.7872"
"6,63 : 0.378"
"63,6 : 0.378"
"6,64 : 0.7455"
"64,6 : 0.7455"
"6,65 : 0.24"
"65,6 : 0.24"
"6,66 : 0.5644"
"66,6 : 0.5644"
"6,67 : 0.6657"
"67,6 : 0.6657"
"6,68 : 0.35"
"68,6 : 0.35"
"6,69 : 0.4973"
"69,6 : 0.4973"
"6,70 : 0.8271"
"70,6 : 0.8271"
"6,71 : 0.4937"
"71,6 : 0.4937"
"6,72 : 0.7951"
"72,6 : 0.7951"
"6,73 : 0.6742"
"73,6 : 0.6742"
"6,74 : 0.6185"
"74,6 : 0.6185"
"6,75 : 0.7368"
"75,6 : 0.7368"
"6,76 : 0.0361"
"76,6 : 0.0361"
"6,77 : 0.8683"
"77,6 : 0.8683"
"6,78 : 0.6306"
"78,6 : 0.6306"
"6,79 : 0.3312"
"79,6 : 0.3312"
"6,80 : 0.3701"
"80,6 : 0.3701"
"6,81 : 0.4201"
"81,6 : 0.4201"
"6,82 : 0.9618"
"82,6 : 0.9618"
"6,83 : 0.6316"
"83,6 : 0.6316"
"6,84 : 0.2419"
"84,6 : 0.2419"
"6,85 : 0.2408"
"85,6 : 0.2408"
"6,86 : 0.5664"
"86,6 : 0.5664"
"6,87 : 0.3245"
"87,6 : 0.3245"
"6,88 : 1.1064"
"88,6 : 1.1064"
"6,89 : 0.33"
"89,6 : 0.33"
"6,90 : 0.712"
"90,6 : 0.712"
"6,91 : 0.36"
"91,6 : 0.36"
"6,92 : 0.9205"
"92,6 : 0.9205"
"6,93 : 0.908"
"93,6 : 0.908"
"6,94 : 0.5415"
"94,6 : 0.5415"
"6,95 : 0.5374"
"95,6 : 0.5374"
"6,96 : 0.4665"
"96,6 : 0.4665"
"6,97 : 0.781"
"97,6 : 0.781"
"6,98 : 0.495"
"98,6 : 0.495"
"6,99 : 0.6366"
"99,6 : 0.6366"
"7,8 : 0.2702"
"8,7 : 0.2702"
"7,9 : 0.7244"
"9,7 : 0.7244"
"7,10 : 0.4144"
"10,7 : 0.4144"
"7,11 : 0.7558"
"11,7 : 0.7558"
"7,12 : 0.3124"
"12,7 : 0.3124"
"7,13 : 0.2193"
"13,7 : 0.2193"
"7,14 : 0.586"
"14,7 : 0.586"
"7,15 : 0.4317"
"15,7 : 0.4317"
"7,16 : 0.4924"
"16,7 : 0.4924"
"7,17 : 0.1281"
"17,7 : 0.1281"
"7,18 : 0.2332"
"18,7 : 0.2332"
"7,19 : 0.5546"
"19,7 : 0.5546"
"7,20 : 0.461"
"20,7 : 0.461"
"7,21 : 0.7301"
"21,7 : 0.7301"
"7,22 : 0.2625"
"22,7 : 0.2625"
"7,23 : 0.6592"
"23,7 : 0.6592"
"7,24 : 0.3536"
"24,7 : 0.3536"
"7,25 : 0.7001"
"25,7 : 0.7001"
"7,26 : 0.2717"
"26,7 : 0.2717"
"7,27 : 0.4206"
"27,7 : 0.4206"
"7,28 : 0.1985"
"28,7 : 0.1985"
"7,29 : 0.5629"
"29,7 : 0.5629"
"7,30 : 0.3048"
"30,7 : 0.3048"
"7,31 : 0.1063"
"31,7 : 0.1063"
"7,32 : 0.2159"
"32,7 : 0.2159"
"7,33 : 0.494"
"33,7 : 0.494"
"7,34 : 0.5738"
"34,7 : 0.5738"
"7,35 : 0.2319"
"35,7 : 0.2319"
"7,36 : 0.114"
"36,7 : 0.114"
"7,37 : 0.5323"
"37,7 : 0.5323"
"7,38 : 0.2236"
"38,7 : 0.2236"
"7,39 : 0.5608"
"39,7 : 0.5608"
"7,40 : 0.1628"
"40,7 : 0.1628"
"7,41 : 0.4031"
"41,7 : 0.4031"
"7,42 : 0.2927"
"42,7 : 0.2927"
"7,43 : 0.3981"
"43,7 : 0.3981"
"7,44 : 0.4295"
"44,7 : 0.4295"
"7,45 : 0.588"
"45,7 : 0.588"
"7,46 : 0.8161"
"46,7 : 0.8161"
"7,47 : 0.4187"
"47,7 : 0.4187"
"7,48 : 0.4518"
"48,7 : 0.4518"
"7,49 : 0.2209"
"49,7 : 0.2209"
"7,50 : 0.6918"
"50,7 : 0.6918"
"7,51 : 0.3202"
"51,7 : 0.3202"
"7,52 : 0.3444"
"52,7 : 0.3444"
"7,53 : 0.7185"
"53,7 : 0.7185"
"7,54 : 0.4518"
"54,7 : 0.4518"
"7,55 : 0.7157"
"55,7 : 0.7157"
"7,56 : 0.6451"
"56,7 : 0.6451"
"7,57 : 0.6801"
"57,7 : 0.6801"
"7,58 : 0.8028"
"58,7 : 0.8028"
"7,59 : 0.313"
"59,7 : 0.313"
"7,60 : 0.13"
"60,7 : 0.13"
"7,61 : 0.4903"
"61,7 : 0.4903"
"7,62 : 0.8016"
"62,7 : 0.8016"
"7,63 : 0.6313"
"63,7 : 0.6313"
"7,64 : 0.5277"
"64,7 : 0.5277"
"7,65 : 0.3314"
"65,7 : 0.3314"
"7,66 : 0.4941"
"66,7 : 0.4941"
"7,67 : 0.247"
"67,7 : 0.247"
"7,68 : 0.3396"
"68,7 : 0.3396"
"7,69 : 0.2052"
"69,7 : 0.2052"
"7,70 : 0.7566"
"70,7 : 0.7566"
"7,71 : 0.3483"
"71,7 : 0.3483"
"7,72 : 0.5727"
"72,7 : 0.5727"
"7,73 : 0.6742"
"73,7 : 0.6742"
"7,74 : 0.2955"
"74,7 : 0.2955"
"7,75 : 0.6297"
"75,7 : 0.6297"
"7,76 : 0.392"
"76,7 : 0.392"
"7,77 : 0.4607"
"77,7 : 0.4607"
"7,78 : 0.5964"
"78,7 : 0.5964"
"7,79 : 0.1712"
"79,7 : 0.1712"
"7,80 : 0.102"
"80,7 : 0.102"
"7,81 : 0.3716"
"81,7 : 0.3716"
"7,82 : 0.8323"
"82,7 : 0.8323"
"7,83 : 0.2508"
"83,7 : 0.2508"
"7,84 : 0.6185"
"84,7 : 0.6185"
"7,85 : 0.186"
"85,7 : 0.186"
"7,86 : 0.7257"
"86,7 : 0.7257"
"7,87 : 0.1082"
"87,7 : 0.1082"
"7,88 : 0.7242"
"88,7 : 0.7242"
"7,89 : 0.3354"
"89,7 : 0.3354"
"7,90 : 0.3506"
"90,7 : 0.3506"
"7,91 : 0.2717"
"91,7 : 0.2717"
"7,92 : 0.6129"
"92,7 : 0.6129"
"7,93 : 0.906"
"93,7 : 0.906"
"7,94 : 0.3114"
"94,7 : 0.3114"
"7,95 : 0.7185"
"95,7 : 0.7185"
"7,96 : 0.7306"
"96,7 : 0.7306"
"7,97 : 0.5867"
"97,7 : 0.5867"
"7,98 : 0.6847"
"98,7 : 0.6847"
"7,99 : 0.2195"
"99,7 : 0.2195"
"8,9 : 0.5179"
"9,8 : 0.5179"
"8,10 : 0.3585"
"10,8 : 0.3585"
"8,11 : 0.6862"
"11,8 : 0.6862"
"8,12 : 0.0707"
"12,8 : 0.0707"
"8,13 : 0.0608"
"13,8 : 0.0608"
"8,14 : 0.5814"
"14,8 : 0.5814"
"8,15 : 0.6002"
"15,8 : 0.6002"
"8,16 : 0.389"
"16,8 : 0.389"
"8,17 : 0.1476"
"17,8 : 0.1476"
"8,18 : 0.0949"
"18,8 : 0.0949"
"8,19 : 0.6707"
"19,8 : 0.6707"
"8,20 : 0.3612"
"20,8 : 0.3612"
"8,21 : 0.6505"
"21,8 : 0.6505"
"8,22 : 0.3401"
"22,8 : 0.3401"
"8,23 : 0.8261"
"23,8 : 0.8261"
"8,24 : 0.6229"
"24,8 : 0.6229"
"8,25 : 0.7262"
"25,8 : 0.7262"
"8,26 : 0.2059"
"26,8 : 0.2059"
"8,27 : 0.1942"
"27,8 : 0.1942"
"8,28 : 0.3059"
"28,8 : 0.3059"
"8,29 : 0.792"
"29,8 : 0.792"
"8,30 : 0.5728"
"30,8 : 0.5728"
"8,31 : 0.3068"
"31,8 : 0.3068"
"8,32 : 0.2631"
"32,8 : 0.2631"
"8,33 : 0.4785"
"33,8 : 0.4785"
"8,34 : 0.5924"
"34,8 : 0.5924"
"8,35 : 0.1897"
"35,8 : 0.1897"
"8,36 : 0.1562"
"36,8 : 0.1562"
"8,37 : 0.2766"
"37,8 : 0.2766"
"8,38 : 0.1772"
"38,8 : 0.1772"
"8,39 : 0.69"
"39,8 : 0.69"
"8,40 : 0.3239"
"40,8 : 0.3239"
"8,41 : 0.6546"
"41,8 : 0.6546"
"8,42 : 0.2773"
"42,8 : 0.2773"
"8,43 : 0.5749"
"43,8 : 0.5749"
"8,44 : 0.3342"
"44,8 : 0.3342"
"8,45 : 0.6054"
"45,8 : 0.6054"
"8,46 : 0.7906"
"46,8 : 0.7906"
"8,47 : 0.1487"
"47,8 : 0.1487"
"8,48 : 0.57"
"48,8 : 0.57"
"8,49 : 0.4338"
"49,8 : 0.4338"
"8,50 : 0.528"
"50,8 : 0.528"
"8,51 : 0.1345"
"51,8 : 0.1345"
"8,52 : 0.4837"
"52,8 : 0.4837"
"8,53 : 0.5036"
"53,8 : 0.5036"
"8,54 : 0.4249"
"54,8 : 0.4249"
"8,55 : 0.9485"
"55,8 : 0.9485"
"8,56 : 0.78"
"56,8 : 0.78"
"8,57 : 0.878"
"57,8 : 0.878"
"8,58 : 0.845"
"58,8 : 0.845"
"8,59 : 0.1304"
"59,8 : 0.1304"
"8,60 : 0.3662"
"60,8 : 0.3662"
"8,61 : 0.6592"
"61,8 : 0.6592"
"8,62 : 0.764"
"62,8 : 0.764"
"8,63 : 0.4397"
"63,8 : 0.4397"
"8,64 : 0.6407"
"64,8 : 0.6407"
"8,65 : 0.1844"
"65,8 : 0.1844"
"8,66 : 0.4977"
"66,8 : 0.4977"
"8,67 : 0.5111"
"67,8 : 0.5111"
"8,68 : 0.2773"
"68,8 : 0.2773"
"8,69 : 0.3612"
"69,8 : 0.3612"
"8,70 : 0.7739"
"70,8 : 0.7739"
"8,71 : 0.3946"
"71,8 : 0.3946"
"8,72 : 0.6907"
"72,8 : 0.6907"
"8,73 : 0.6407"
"73,8 : 0.6407"
"8,74 : 0.4826"
"74,8 : 0.4826"
"8,75 : 0.6673"
"75,8 : 0.6673"
"8,76 : 0.1221"
"76,8 : 0.1221"
"8,77 : 0.7161"
"77,8 : 0.7161"
"8,78 : 0.5818"
"78,8 : 0.5818"
"8,79 : 0.1942"
"79,8 : 0.1942"
"8,80 : 0.2195"
"80,8 : 0.2195"
"8,81 : 0.3454"
"81,8 : 0.3454"
"8,82 : 0.8919"
"82,8 : 0.8919"
"8,83 : 0.4838"
"83,8 : 0.4838"
"8,84 : 0.3667"
"84,8 : 0.3667"
"8,85 : 0.0849"
"85,8 : 0.0849"
"8,86 : 0.5936"
"86,8 : 0.5936"
"8,87 : 0.17"
"87,8 : 0.17"
"8,88 : 0.9615"
"88,8 : 0.9615"
"8,89 : 0.2594"
"89,8 : 0.2594"
"8,90 : 0.5686"
"90,8 : 0.5686"
"8,91 : 0.26"
"91,8 : 0.26"
"8,92 : 0.7943"
"92,8 : 0.7943"
"8,93 : 0.8823"
"93,8 : 0.8823"
"8,94 : 0.4243"
"94,8 : 0.4243"
"8,95 : 0.5731"
"95,8 : 0.5731"
"8,96 : 0.5385"
"96,8 : 0.5385"
"8,97 : 0.6847"
"97,8 : 0.6847"
"8,98 : 0.5324"
"98,8 : 0.5324"
"8,99 : 0.4817"
"99,8 : 0.4817"
"9,10 : 0.3966"
"10,9 : 0.3966"
"9,11 : 0.4119"
"11,9 : 0.4119"
"9,12 : 0.5441"
"12,9 : 0.5441"
"9,13 : 0.5756"
"13,9 : 0.5756"
"9,14 : 0.4974"
"14,9 : 0.4974"
"9,15 : 0.7965"
"15,9 : 0.7965"
"9,16 : 0.3061"
"16,9 : 0.3061"
"9,17 : 0.6403"
"17,9 : 0.6403"
"9,18 : 0.6119"
"18,9 : 0.6119"
"9,19 : 0.7529"
"19,9 : 0.7529"
"9,20 : 0.3245"
"20,9 : 0.3245"
"9,21 : 0.3734"
"21,9 : 0.3734"
"9,22 : 0.577"
"22,9 : 0.577"
"9,23 : 0.9513"
"23,9 : 0.9513"
"9,24 : 1.0246"
"24,9 : 1.0246"
"9,25 : 0.6239"
"25,9 : 0.6239"
"9,26 : 0.7157"
"26,9 : 0.7157"
"9,27 : 0.3239"
"27,9 : 0.3239"
"9,28 : 0.6075"
"28,9 : 0.6075"
"9,29 : 1.05"
"29,9 : 1.05"
"9,30 : 0.9708"
"30,9 : 0.9708"
"9,31 : 0.8001"
"31,9 : 0.8001"
"9,32 : 0.7809"
"32,9 : 0.7809"
"9,33 : 0.4534"
"33,9 : 0.4534"
"9,34 : 0.5438"
"34,9 : 0.5438"
"9,35 : 0.7061"
"35,9 : 0.7061"
"9,36 : 0.6301"
"36,9 : 0.6301"
"9,37 : 0.283"
"37,9 : 0.283"
"9,38 : 0.6943"
"38,9 : 0.6943"
"9,39 : 0.7875"
"39,9 : 0.7875"
"9,40 : 0.831"
"40,9 : 0.831"
"9,41 : 0.9884"
"41,9 : 0.9884"
"9,42 : 0.7885"
"42,9 : 0.7885"
"9,43 : 0.794"
"43,9 : 0.794"
"9,44 : 0.3448"
"44,9 : 0.3448"
"9,45 : 0.5471"
"45,9 : 0.5471"
"9,46 : 0.5632"
"46,9 : 0.5632"
"9,47 : 0.4428"
"47,9 : 0.4428"
"9,48 : 0.7004"
"48,9 : 0.7004"
"9,49 : 0.7616"
"49,9 : 0.7616"
"9,50 : 0.1334"
"50,9 : 0.1334"
"9,51 : 0.41"
"51,9 : 0.41"
"9,52 : 0.6907"
"52,9 : 0.6907"
"9,53 : 0.0316"
"53,9 : 0.0316"
"9,54 : 0.4319"
"54,9 : 0.4319"
"9,55 : 1.1921"
"55,9 : 1.1921"
"9,56 : 0.858"
"56,9 : 0.858"
"9,57 : 1.0538"
"57,9 : 1.0538"
"9,58 : 0.7308"
"58,9 : 0.7308"
"9,59 : 0.6135"
"59,9 : 0.6135"
"9,60 : 0.75"
"60,9 : 0.75"
"9,61 : 0.8355"
"61,9 : 0.8355"
"9,62 : 0.5224"
"62,9 : 0.5224"
"9,63 : 0.0985"
"63,9 : 0.0985"
"9,64 : 0.73"
"64,9 : 0.73"
"9,65 : 0.3932"
"65,9 : 0.3932"
"9,66 : 0.4892"
"66,9 : 0.4892"
"9,67 : 0.9651"
"67,9 : 0.9651"
"9,68 : 0.4215"
"68,9 : 0.4215"
"9,69 : 0.8721"
"69,9 : 0.8721"
"9,70 : 0.636"
"70,9 : 0.636"
"9,71 : 0.5408"
"71,9 : 0.5408"
"9,72 : 0.7684"
"72,9 : 0.7684"
"9,73 : 0.4649"
"73,9 : 0.4649"
"9,74 : 0.9908"
"74,9 : 0.9908"
"9,75 : 0.6129"
"75,9 : 0.6129"
"9,76 : 0.4401"
"76,9 : 0.4401"
"9,77 : 1.0512"
"77,9 : 1.0512"
"9,78 : 0.4789"
"78,9 : 0.4789"
"9,79 : 0.559"
"79,9 : 0.559"
"9,80 : 0.628"
"80,9 : 0.628"
"9,81 : 0.4442"
"81,9 : 0.4442"
"9,82 : 0.797"
"82,9 : 0.797"
"9,83 : 0.9719"
"83,9 : 0.9719"
"9,84 : 0.2193"
"84,9 : 0.2193"
"9,85 : 0.5708"
"85,9 : 0.5708"
"9,86 : 0.2302"
"86,9 : 0.2302"
"9,87 : 0.6601"
"87,9 : 0.6601"
"9,88 : 1.2151"
"88,9 : 1.2151"
"9,89 : 0.4144"
"89,9 : 0.4144"
"9,90 : 0.8559"
"90,9 : 0.8559"
"9,91 : 0.7737"
"91,9 : 0.7737"
"9,92 : 0.9548"
"92,9 : 0.9548"
"9,93 : 0.63"
"93,9 : 0.63"
"9,94 : 0.942"
"94,9 : 0.942"
"9,95 : 0.1903"
"95,9 : 0.1903"
"9,96 : 0.051"
"96,9 : 0.051"
"9,97 : 0.7301"
"97,9 : 0.7301"
"9,98 : 0.1649"
"98,9 : 0.1649"
"9,99 : 0.8728"
"99,9 : 0.8728"
"10,11 : 0.3467"
"11,10 : 0.3467"
"10,12 : 0.4249"
"12,10 : 0.4249"
"10,13 : 0.3842"
"13,10 : 0.3842"
"10,14 : 0.2247"
"14,10 : 0.2247"
"10,15 : 0.4031"
"15,10 : 0.4031"
"10,16 : 0.0949"
"16,10 : 0.0949"
"10,17 : 0.392"
"17,10 : 0.392"
"10,18 : 0.4342"
"18,10 : 0.4342"
"10,19 : 0.39"
"19,10 : 0.39"
"10,20 : 0.0721"
"20,10 : 0.0721"
"10,21 : 0.3176"
"21,10 : 0.3176"
"10,22 : 0.1924"
"22,10 : 0.1924"
"10,23 : 0.5818"
"23,10 : 0.5818"
"10,24 : 0.6494"
"24,10 : 0.6494"
"10,25 : 0.3736"
"25,10 : 0.3736"
"10,26 : 0.5456"
"26,10 : 0.5456"
"10,27 : 0.2702"
"27,10 : 0.2702"
"10,28 : 0.2402"
"28,10 : 0.2402"
"10,29 : 0.6544"
"29,10 : 0.6544"
"10,30 : 0.5968"
"30,10 : 0.5968"
"10,31 : 0.5148"
"31,10 : 0.5148"
"10,32 : 0.5622"
"32,10 : 0.5622"
"10,33 : 0.1237"
"33,10 : 0.1237"
"10,34 : 0.2433"
"34,10 : 0.2433"
"10,35 : 0.5162"
"35,10 : 0.5162"
"10,36 : 0.3662"
"36,10 : 0.3662"
"10,37 : 0.3808"
"37,10 : 0.3808"
"10,38 : 0.5021"
"38,10 : 0.5021"
"10,39 : 0.4205"
"39,10 : 0.4205"
"10,40 : 0.5636"
"40,10 : 0.5636"
"10,41 : 0.5962"
"41,10 : 0.5962"
"10,42 : 0.6081"
"42,10 : 0.6081"
"10,43 : 0.3982"
"43,10 : 0.3982"
"10,44 : 0.0583"
"44,10 : 0.0583"
"10,45 : 0.255"
"45,10 : 0.255"
"10,46 : 0.4342"
"46,10 : 0.4342"
"10,47 : 0.4159"
"47,10 : 0.4159"
"10,48 : 0.3162"
"48,10 : 0.3162"
"10,49 : 0.3785"
"49,10 : 0.3785"
"10,50 : 0.3132"
"50,10 : 0.3132"
"10,51 : 0.2341"
"51,10 : 0.2341"
"10,52 : 0.2941"
"52,10 : 0.2941"
"10,53 : 0.4061"
"53,10 : 0.4061"
"10,54 : 0.0707"
"54,10 : 0.0707"
"10,55 : 0.7993"
"55,10 : 0.7993"
"10,56 : 0.5033"
"56,10 : 0.5033"
"10,57 : 0.672"
"57,10 : 0.672"
"10,58 : 0.4948"
"58,10 : 0.4948"
"10,59 : 0.4888"
"59,10 : 0.4888"
"10,60 : 0.3901"
"60,10 : 0.3901"
"10,61 : 0.4469"
"61,10 : 0.4469"
"10,62 : 0.4104"
"62,10 : 0.4104"
"10,63 : 0.3"
"63,10 : 0.3"
"10,64 : 0.3625"
"64,10 : 0.3625"
"10,65 : 0.1803"
"65,10 : 0.1803"
"10,66 : 0.1503"
"66,10 : 0.1503"
"10,67 : 0.622"
"67,10 : 0.622"
"10,68 : 0.0849"
"68,10 : 0.0849"
"10,69 : 0.6083"
"69,10 : 0.6083"
"10,70 : 0.4179"
"70,10 : 0.4179"
"10,71 : 0.1442"
"71,10 : 0.1442"
"10,72 : 0.4085"
"72,10 : 0.4085"
"10,73 : 0.2843"
"73,10 : 0.2843"
"10,74 : 0.7094"
"74,10 : 0.7094"
"10,75 : 0.3225"
"75,10 : 0.3225"
"10,76 : 0.3883"
"76,10 : 0.3883"
"10,77 : 0.658"
"77,10 : 0.658"
"10,78 : 0.2236"
"78,10 : 0.2236"
"10,79 : 0.2506"
"79,10 : 0.2506"
"10,80 : 0.3138"
"80,10 : 0.3138"
"10,81 : 0.051"
"81,10 : 0.051"
"10,82 : 0.5474"
"82,10 : 0.5474"
"10,83 : 0.6597"
"83,10 : 0.6597"
"10,84 : 0.4205"
"84,10 : 0.4205"
"10,85 : 0.3466"
"85,10 : 0.3466"
"10,86 : 0.3202"
"86,10 : 0.3202"
"10,87 : 0.4022"
"87,10 : 0.4022"
"10,88 : 0.8213"
"88,10 : 0.8213"
"10,89 : 0.1"
"89,10 : 0.1"
"10,90 : 0.4607"
"90,10 : 0.4607"
"10,91 : 0.5869"
"91,10 : 0.5869"
"10,92 : 0.5743"
"92,10 : 0.5743"
"10,93 : 0.5263"
"93,10 : 0.5263"
"10,94 : 0.7049"
"94,10 : 0.7049"
"10,95 : 0.3214"
"95,10 : 0.3214"
"10,96 : 0.3801"
"96,10 : 0.3801"
"10,97 : 0.3833"
"97,10 : 0.3833"
"10,98 : 0.2961"
"98,10 : 0.2961"
"10,99 : 0.5025"
"99,10 : 0.5025"
"11,12 : 0.7452"
"12,11 : 0.7452"
"11,13 : 0.7218"
"13,11 : 0.7218"
"11,14 : 0.211"
"14,11 : 0.211"
"11,15 : 0.5869"
"15,11 : 0.5869"
"11,16 : 0.2973"
"16,11 : 0.2973"
"11,17 : 0.7382"
"17,11 : 0.7382"
"11,18 : 0.771"
"18,11 : 0.771"
"11,19 : 0.4717"
"19,11 : 0.4717"
"11,20 : 0.3253"
"20,11 : 0.3253"
"11,21 : 0.0412"
"21,11 : 0.0412"
"11,22 : 0.506"
"22,11 : 0.506"
"11,23 : 0.6537"
"23,11 : 0.6537"
"11,24 : 0.9334"
"24,11 : 0.9334"
"11,25 : 0.255"
"25,11 : 0.255"
"11,26 : 0.8846"
"26,11 : 0.8846"
"11,27 : 0.5385"
"27,11 : 0.5385"
"11,28 : 0.5665"
"28,11 : 0.5665"
"11,29 : 0.8297"
"29,11 : 0.8297"
"11,30 : 0.8857"
"30,11 : 0.8857"
"11,31 : 0.8588"
"31,11 : 0.8588"
"11,32 : 0.908"
"32,11 : 0.908"
"11,33 : 0.2693"
"33,11 : 0.2693"
"11,34 : 0.255"
"34,11 : 0.255"
"11,35 : 0.858"
"35,11 : 0.858"
"11,36 : 0.7128"
"36,11 : 0.7128"
"11,37 : 0.5946"
"37,11 : 0.5946"
"11,38 : 0.8439"
"38,11 : 0.8439"
"11,39 : 0.507"
"39,11 : 0.507"
"11,40 : 0.9092"
"40,11 : 0.9092"
"11,41 : 0.841"
"41,11 : 0.841"
"11,42 : 0.9502"
"42,11 : 0.9502"
"11,43 : 0.603"
"43,11 : 0.603"
"11,44 : 0.3538"
"44,11 : 0.3538"
"11,45 : 0.2474"
"45,11 : 0.2474"
"11,46 : 0.1513"
"46,11 : 0.1513"
"11,47 : 0.6997"
"47,11 : 0.6997"
"11,48 : 0.4752"
"48,11 : 0.4752"
"11,49 : 0.6691"
"49,11 : 0.6691"
"11,50 : 0.2802"
"50,11 : 0.2802"
"11,51 : 0.5523"
"51,11 : 0.5523"
"11,52 : 0.5304"
"52,11 : 0.5304"
"11,53 : 0.441"
"53,11 : 0.441"
"11,54 : 0.3046"
"54,11 : 0.3046"
"11,55 : 0.9415"
"55,11 : 0.9415"
"11,56 : 0.5471"
"56,11 : 0.5471"
"11,57 : 0.7737"
"57,11 : 0.7737"
"11,58 : 0.3362"
"58,11 : 0.3362"
"11,59 : 0.8147"
"59,11 : 0.8147"
"11,60 : 0.7088"
"60,11 : 0.7088"
"11,61 : 0.5991"
"61,11 : 0.5991"
"11,62 : 0.1105"
"62,11 : 0.1105"
"11,63 : 0.3734"
"63,11 : 0.3734"
"11,64 : 0.4617"
"64,11 : 0.4617"
"11,65 : 0.5021"
"65,11 : 0.5021"
"11,66 : 0.2828"
"66,11 : 0.2828"
"11,67 : 0.9411"
"67,11 : 0.9411"
"11,68 : 0.4301"
"68,11 : 0.4301"
"11,69 : 0.9538"
"69,11 : 0.9538"
"11,70 : 0.2441"
"70,11 : 0.2441"
"11,71 : 0.4245"
"71,11 : 0.4245"
"11,72 : 0.4793"
"72,11 : 0.4793"
"11,73 : 0.114"
"73,11 : 0.114"
"11,74 : 1.0512"
"74,11 : 1.0512"
"11,75 : 0.2818"
"75,11 : 0.2818"
"11,76 : 0.6796"
"76,11 : 0.6796"
"11,77 : 0.8936"
"77,11 : 0.8936"
"11,78 : 0.1903"
"78,11 : 0.1903"
"11,79 : 0.5968"
"79,11 : 0.5968"
"11,80 : 0.6576"
"80,11 : 0.6576"
"11,81 : 0.3847"
"81,11 : 0.3847"
"11,82 : 0.4031"
"82,11 : 0.4031"
"11,83 : 0.9937"
"83,11 : 0.9937"
"11,84 : 0.5805"
"84,11 : 0.5805"
"11,85 : 0.6888"
"85,11 : 0.6888"
"11,86 : 0.1825"
"86,11 : 0.1825"
"11,87 : 0.7489"
"87,11 : 0.7489"
"11,88 : 0.9693"
"88,11 : 0.9693"
"11,89 : 0.442"
"89,11 : 0.442"
"11,90 : 0.7003"
"90,11 : 0.7003"
"11,91 : 0.9296"
"91,11 : 0.9296"
"11,92 : 0.6803"
"92,11 : 0.6803"
"11,93 : 0.2236"
"93,11 : 0.2236"
"11,94 : 1.0515"
"94,11 : 1.0515"
"11,95 : 0.222"
"95,11 : 0.222"
"11,96 : 0.3635"
"96,11 : 0.3635"
"11,97 : 0.4295"
"97,11 : 0.4295"
"11,98 : 0.25"
"98,11 : 0.25"
"11,99 : 0.8023"
"99,11 : 0.8023"
"12,13 : 0.0943"
"13,12 : 0.0943"
"12,14 : 0.6488"
"14,12 : 0.6488"
"12,15 : 0.6675"
"15,12 : 0.6675"
"12,16 : 0.4482"
"16,12 : 0.4482"
"12,17 : 0.1844"
"17,12 : 0.1844"
"12,18 : 0.0894"
"18,12 : 0.0894"
"12,19 : 0.7411"
"19,12 : 0.7411"
"12,20 : 0.422"
"20,12 : 0.422"
"12,21 : 0.7084"
"21,12 : 0.7084"
"12,22 : 0.41"
"22,12 : 0.41"
"12,23 : 0.8945"
"23,12 : 0.8945"
"12,24 : 0.6653"
"24,12 : 0.6653"
"12,25 : 0.7948"
"25,12 : 0.7948"
"12,26 : 0.1726"
"26,12 : 0.1726"
"12,27 : 0.2283"
"27,12 : 0.2283"
"12,28 : 0.3734"
"28,12 : 0.3734"
"12,29 : 0.8523"
"29,12 : 0.8523"
"12,30 : 0.6172"
"30,12 : 0.6172"
"12,31 : 0.3276"
"31,12 : 0.3276"
"12,32 : 0.2518"
"32,12 : 0.2518"
"12,33 : 0.5463"
"33,12 : 0.5463"
"12,34 : 0.6613"
"34,12 : 0.6613"
"12,35 : 0.1703"
"35,12 : 0.1703"
"12,36 : 0.2025"
"36,12 : 0.2025"
"12,37 : 0.2802"
"37,12 : 0.2802"
"12,38 : 0.1612"
"38,12 : 0.1612"
"12,39 : 0.7601"
"39,12 : 0.7601"
"12,40 : 0.3324"
"40,12 : 0.3324"
"12,41 : 0.7083"
"41,12 : 0.7083"
"12,42 : 0.2452"
"42,12 : 0.2452"
"12,43 : 0.6413"
"43,12 : 0.6413"
"12,44 : 0.3966"
"44,12 : 0.3966"
"12,45 : 0.6742"
"45,12 : 0.6742"
"12,46 : 0.8544"
"46,12 : 0.8544"
"12,47 : 0.1237"
"47,12 : 0.1237"
"12,48 : 0.6401"
"48,12 : 0.6401"
"12,49 : 0.494"
"49,12 : 0.494"
"12,50 : 0.5694"
"50,12 : 0.5694"
"12,51 : 0.1942"
"51,12 : 0.1942"
"12,52 : 0.5523"
"52,12 : 0.5523"
"12,53 : 0.5263"
"53,12 : 0.5263"
"12,54 : 0.4924"
"54,12 : 0.4924"
"12,55 : 1.0085"
"55,12 : 1.0085"
"12,56 : 0.8501"
"56,12 : 0.8501"
"12,57 : 0.9437"
"57,12 : 0.9437"
"12,58 : 0.9142"
"58,12 : 0.9142"
"12,59 : 0.0721"
"59,12 : 0.0721"
"12,60 : 0.4206"
"60,12 : 0.4206"
"12,61 : 0.7269"
"61,12 : 0.7269"
"12,62 : 0.8266"
"62,12 : 0.8266"
"12,63 : 0.4742"
"63,12 : 0.4742"
"12,64 : 0.7111"
"64,12 : 0.7111"
"12,65 : 0.247"
"65,12 : 0.247"
"12,66 : 0.5665"
"66,12 : 0.5665"
"12,67 : 0.542"
"67,12 : 0.542"
"12,68 : 0.3454"
"68,12 : 0.3454"
"12,69 : 0.364"
"69,12 : 0.364"
"12,70 : 0.8417"
"70,12 : 0.8417"
"12,71 : 0.4653"
"71,12 : 0.4653"
"12,72 : 0.7611"
"72,12 : 0.7611"
"12,73 : 0.7049"
"73,12 : 0.7049"
"12,74 : 0.4851"
"74,12 : 0.4851"
"12,75 : 0.7368"
"75,12 : 0.7368"
"12,76 : 0.11"
"76,12 : 0.11"
"12,77 : 0.7685"
"77,12 : 0.7685"
"12,78 : 0.6485"
"78,12 : 0.6485"
"12,79 : 0.2617"
"79,12 : 0.2617"
"12,80 : 0.2786"
"80,12 : 0.2786"
"12,81 : 0.4144"
"81,12 : 0.4144"
"12,82 : 0.9617"
"82,12 : 0.9617"
"12,83 : 0.5009"
"83,12 : 0.5009"
"12,84 : 0.37"
"84,12 : 0.37"
"12,85 : 0.1393"
"85,12 : 0.1393"
"12,86 : 0.642"
"86,12 : 0.642"
"12,87 : 0.2052"
"87,12 : 0.2052"
"12,88 : 1.0204"
"88,12 : 1.0204"
"12,89 : 0.327"
"89,12 : 0.327"
"12,90 : 0.6297"
"90,12 : 0.6297"
"12,91 : 0.2319"
"91,12 : 0.2319"
"12,92 : 0.8615"
"92,12 : 0.8615"
"12,93 : 0.9458"
"93,12 : 0.9458"
"12,94 : 0.4101"
"94,12 : 0.4101"
"12,95 : 0.6185"
"95,12 : 0.6185"
"12,96 : 0.5701"
"96,12 : 0.5701"
"12,97 : 0.7554"
"97,12 : 0.7554"
"12,98 : 0.5769"
"98,12 : 0.5769"
"12,99 : 0.5301"
"99,12 : 0.5301"
"13,14 : 0.6021"
"14,13 : 0.6021"
"13,15 : 0.5822"
"15,13 : 0.5822"
"13,16 : 0.4264"
"16,13 : 0.4264"
"13,17 : 0.0922"
"17,13 : 0.0922"
"13,18 : 0.05"
"18,13 : 0.05"
"13,19 : 0.6661"
"19,13 : 0.6661"
"13,20 : 0.397"
"20,13 : 0.397"
"13,21 : 0.6877"
"21,13 : 0.6877"
"13,22 : 0.3338"
"22,13 : 0.3338"
