x,y
0.95,0.43
0.48,0.04
0.4,0.78
0.82,0.3
0.01,0.02
0.56,0.96
0.01,0.17
0.52,0.97
0.19,0.51
0.71,0.37
0.48,0.98
0.5,0.73
0.59,0.43
0.01,0.95
0.19,0.1
0.12,0.22
0.34,0.65
0.54,0.88
0.78,0.99
0.19,0.61
0.56,0.13
0.16,0.99
0.78,0.32
0.79,0.66
0.38,0.25
0.64,0.16
0.62,0.63
0.41,0.71
0.8,0.82
0.88,0.69
0.41,0.03
0.29,0.36
0.3,0.9
0.04,0.16
0.82,0.18
0.67,0.54
0.46,0.57
0.85,0.76
0.51,0.79
0.92,0.87
1.0,0.25
0.83,0.87
0.58,0.91
0.87,0.92
0.94,0.79
0.67,0.62
0.91,0.79
0.59,0.8
0.56,0.96
0.58,0.29
0.9,0.59
0.55,0.19
0.25,0.05
0.26,0.39
0.97,0.9
0.64,0.69
0.81,0.64
0.51,0.92
0.59,0.77
0.56,0.91
0.22,0.67
0.56,0.86
0.66,0.98
1.0,0.05
0.19,0.93
0.62,0.99
0.95,0.96
0.53,0.49
0.86,0.89
0.18,0.98
0.86,0.17
0.54,0.79
0.44,0.62
0.75,0.02
0.96,0.65
0.84,0.39
0.25,0.79
0.81,0.38
0.8,0.75
0.67,0.07
1.0,0.09
0.74,0.58
0.73,0.74
0.19,0.46
0.09,0.74
0.25,0.77
0.16,1.0
0.28,0.7
0.28,0.95
0.34,0.71
0.39,0.41
0.05,0.63
0.12,0.85
0.98,0.41
0.96,0.76
0.62,0.08
0.25,0.33
0.94,0.04
0.99,0.15
0.12,0.66

Distanze
"0,1 : 0.6107"
"1,0 : 0.6107"
"0,2 : 0.6519"
"2,0 : 0.6519"
"0,3 : 0.1838"
"3,0 : 0.1838"
"0,4 : 1.0255"
"4,0 : 1.0255"
"0,5 : 0.658"
"5,0 : 0.658"
"0,6 : 0.9753"
"6,0 : 0.9753"
"0,7 : 0.6903"
"7,0 : 0.6903"
"0,8 : 0.7642"
"8,0 : 0.7642"
"0,9 : 0.2474"
"9,0 : 0.2474"
"0,10 : 0.7235"
"10,0 : 0.7235"
"0,11 : 0.5408"
"11,0 : 0.5408"
"0,12 : 0.36"
"12,0 : 0.36"
"0,13 : 1.0742"
"13,0 : 1.0742"
"0,14 : 0.8286"
"14,0 : 0.8286"
"0,15 : 0.8562"
"15,0 : 0.8562"
"0,16 : 0.6485"
"16,0 : 0.6485"
"0,17 : 0.6088"
"17,0 : 0.6088"
"0,18 : 0.5852"
"18,0 : 0.5852"
"0,19 : 0.781"
"19,0 : 0.781"
"0,20 : 0.492"
"20,0 : 0.492"
"0,21 : 0.9683"
"21,0 : 0.9683"
"0,22 : 0.2025"
"22,0 : 0.2025"
"0,23 : 0.2802"
"23,0 : 0.2802"
"0,24 : 0.5977"
"24,0 : 0.5977"
"0,25 : 0.4111"
"25,0 : 0.4111"
"0,26 : 0.3859"
"26,0 : 0.3859"
"0,27 : 0.6083"
"27,0 : 0.6083"
"0,28 : 0.4179"
"28,0 : 0.4179"
"0,29 : 0.2693"
"29,0 : 0.2693"
"0,30 : 0.672"
"30,0 : 0.672"
"0,31 : 0.6637"
"31,0 : 0.6637"
"0,32 : 0.8021"
"32,0 : 0.8021"
"0,33 : 0.9492"
"33,0 : 0.9492"
"0,34 : 0.2818"
"34,0 : 0.2818"
"0,35 : 0.3008"
"35,0 : 0.3008"
"0,36 : 0.5096"
"36,0 : 0.5096"
"0,37 : 0.3448"
"37,0 : 0.3448"
"0,38 : 0.5685"
"38,0 : 0.5685"
"0,39 : 0.441"
"39,0 : 0.441"
"0,40 : 0.1868"
"40,0 : 0.1868"
"0,41 : 0.4561"
"41,0 : 0.4561"
"0,42 : 0.6061"
"42,0 : 0.6061"
"0,43 : 0.4965"
"43,0 : 0.4965"
"0,44 : 0.3601"
"44,0 : 0.3601"
"0,45 : 0.3384"
"45,0 : 0.3384"
"0,46 : 0.3622"
"46,0 : 0.3622"
"0,47 : 0.5162"
"47,0 : 0.5162"
"0,48 : 0.658"
"48,0 : 0.658"
"0,49 : 0.3956"
"49,0 : 0.3956"
"0,50 : 0.1676"
"50,0 : 0.1676"
"0,51 : 0.4665"
"51,0 : 0.4665"
"0,52 : 0.7965"
"52,0 : 0.7965"
"0,53 : 0.6912"
"53,0 : 0.6912"
"0,54 : 0.4704"
"54,0 : 0.4704"
"0,55 : 0.4046"
"55,0 : 0.4046"
"0,56 : 0.2524"
"56,0 : 0.2524"
"0,57 : 0.6586"
"57,0 : 0.6586"
"0,58 : 0.4952"
"58,0 : 0.4952"
"0,59 : 0.6185"
"59,0 : 0.6185"
"0,60 : 0.7684"
"60,0 : 0.7684"
"0,61 : 0.5805"
"61,0 : 0.5805"
"0,62 : 0.6218"
"62,0 : 0.6218"
"0,63 : 0.3833"
"63,0 : 0.3833"
"0,64 : 0.9097"
"64,0 : 0.9097"
"0,65 : 0.65"
"65,0 : 0.65"
"0,66 : 0.53"
"66,0 : 0.53"
"0,67 : 0.4243"
"67,0 : 0.4243"
"0,68 : 0.4687"
"68,0 : 0.4687"
"0,69 : 0.9463"
"69,0 : 0.9463"
"0,70 : 0.2751"
"70,0 : 0.2751"
"0,71 : 0.5456"
"71,0 : 0.5456"
"0,72 : 0.5442"
"72,0 : 0.5442"
"0,73 : 0.4562"
"73,0 : 0.4562"
"0,74 : 0.2202"
"74,0 : 0.2202"
"0,75 : 0.117"
"75,0 : 0.117"
"0,76 : 0.7871"
"76,0 : 0.7871"
"0,77 : 0.1487"
"77,0 : 0.1487"
"0,78 : 0.3534"
"78,0 : 0.3534"
"0,79 : 0.4561"
"79,0 : 0.4561"
"0,80 : 0.3437"
"80,0 : 0.3437"
"0,81 : 0.2581"
"81,0 : 0.2581"
"0,82 : 0.3801"
"82,0 : 0.3801"
"0,83 : 0.7606"
"83,0 : 0.7606"
"0,84 : 0.9142"
"84,0 : 0.9142"
"0,85 : 0.7782"
"85,0 : 0.7782"
"0,86 : 0.9742"
"86,0 : 0.9742"
"0,87 : 0.7224"
"87,0 : 0.7224"
"0,88 : 0.8481"
"88,0 : 0.8481"
"0,89 : 0.6712"
"89,0 : 0.6712"
"0,90 : 0.5604"
"90,0 : 0.5604"
"0,91 : 0.922"
"91,0 : 0.922"
"0,92 : 0.9302"
"92,0 : 0.9302"
"0,93 : 0.0361"
"93,0 : 0.0361"
"0,94 : 0.3302"
"94,0 : 0.3302"
"0,95 : 0.481"
"95,0 : 0.481"
"0,96 : 0.7071"
"96,0 : 0.7071"
"0,97 : 0.3901"
"97,0 : 0.3901"
"0,98 : 0.2828"
"98,0 : 0.2828"
"0,99 : 0.8613"
"99,0 : 0.8613"
"1,2 : 0.7443"
"2,1 : 0.7443"
"1,3 : 0.428"
"3,1 : 0.428"
"1,4 : 0.4704"
"4,1 : 0.4704"
"1,5 : 0.9235"
"5,1 : 0.9235"
"1,6 : 0.4876"
"6,1 : 0.4876"
"1,7 : 0.9309"
"7,1 : 0.9309"
"1,8 : 0.5523"
"8,1 : 0.5523"
"1,9 : 0.4022"
"9,1 : 0.4022"
"1,10 : 0.94"
"10,1 : 0.94"
"1,11 : 0.6903"
"11,1 : 0.6903"
"1,12 : 0.4052"
"12,1 : 0.4052"
"1,13 : 1.0242"
"13,1 : 1.0242"
"1,14 : 0.2961"
"14,1 : 0.2961"
"1,15 : 0.4025"
"15,1 : 0.4025"
"1,16 : 0.6259"
"16,1 : 0.6259"
"1,17 : 0.8421"
"17,1 : 0.8421"
"1,18 : 0.9962"
"18,1 : 0.9962"
"1,19 : 0.6395"
"19,1 : 0.6395"
"1,20 : 0.1204"
"20,1 : 0.1204"
"1,21 : 1.0024"
"21,1 : 1.0024"
"1,22 : 0.4104"
"22,1 : 0.4104"
"1,23 : 0.6932"
"23,1 : 0.6932"
"1,24 : 0.2326"
"24,1 : 0.2326"
"1,25 : 0.2"
"25,1 : 0.2"
"1,26 : 0.6064"
"26,1 : 0.6064"
"1,27 : 0.6736"
"27,1 : 0.6736"
"1,28 : 0.8431"
"28,1 : 0.8431"
"1,29 : 0.7632"
"29,1 : 0.7632"
"1,30 : 0.0707"
"30,1 : 0.0707"
"1,31 : 0.3722"
"31,1 : 0.3722"
"1,32 : 0.8786"
"32,1 : 0.8786"
"1,33 : 0.4561"
"33,1 : 0.4561"
"1,34 : 0.3677"
"34,1 : 0.3677"
"1,35 : 0.5349"
"35,1 : 0.5349"
"1,36 : 0.5304"
"36,1 : 0.5304"
"1,37 : 0.8095"
"37,1 : 0.8095"
"1,38 : 0.7506"
"38,1 : 0.7506"
"1,39 : 0.9394"
"39,1 : 0.9394"
"1,40 : 0.5608"
"40,1 : 0.5608"
"1,41 : 0.9008"
"41,1 : 0.9008"
"1,42 : 0.8757"
"42,1 : 0.8757"
"1,43 : 0.9625"
"43,1 : 0.9625"
"1,44 : 0.8798"
"44,1 : 0.8798"
"1,45 : 0.6103"
"45,1 : 0.6103"
"1,46 : 0.8645"
"46,1 : 0.8645"
"1,47 : 0.7679"
"47,1 : 0.7679"
"1,48 : 0.9235"
"48,1 : 0.9235"
"1,49 : 0.2693"
"49,1 : 0.2693"
"1,50 : 0.692"
"50,1 : 0.692"
"1,51 : 0.1655"
"51,1 : 0.1655"
"1,52 : 0.2302"
"52,1 : 0.2302"
"1,53 : 0.4134"
"53,1 : 0.4134"
"1,54 : 0.9898"
"54,1 : 0.9898"
"1,55 : 0.6694"
"55,1 : 0.6694"
"1,56 : 0.6848"
"56,1 : 0.6848"
"1,57 : 0.8805"
"57,1 : 0.8805"
"1,58 : 0.7382"
"58,1 : 0.7382"
"1,59 : 0.8737"
"59,1 : 0.8737"
"1,60 : 0.6815"
"60,1 : 0.6815"
"1,61 : 0.8239"
"61,1 : 0.8239"
"1,62 : 0.9571"
"62,1 : 0.9571"
"1,63 : 0.5201"
"63,1 : 0.5201"
"1,64 : 0.9361"
"64,1 : 0.9361"
"1,65 : 0.9603"
"65,1 : 0.9603"
"1,66 : 1.0331"
"66,1 : 1.0331"
"1,67 : 0.4528"
"67,1 : 0.4528"
"1,68 : 0.9311"
"68,1 : 0.9311"
"1,69 : 0.9867"
"69,1 : 0.9867"
"1,70 : 0.4016"
"70,1 : 0.4016"
"1,71 : 0.7524"
"71,1 : 0.7524"
"1,72 : 0.5814"
"72,1 : 0.5814"
"1,73 : 0.2707"
"73,1 : 0.2707"
"1,74 : 0.7762"
"74,1 : 0.7762"
"1,75 : 0.5021"
"75,1 : 0.5021"
"1,76 : 0.7845"
"76,1 : 0.7845"
"1,77 : 0.4738"
"77,1 : 0.4738"
"1,78 : 0.7788"
"78,1 : 0.7788"
"1,79 : 0.1924"
"79,1 : 0.1924"
"1,80 : 0.5224"
"80,1 : 0.5224"
"1,81 : 0.5993"
"81,1 : 0.5993"
"1,82 : 0.7433"
"82,1 : 0.7433"
"1,83 : 0.5104"
"83,1 : 0.5104"
"1,84 : 0.8013"
"84,1 : 0.8013"
"1,85 : 0.7654"
"85,1 : 0.7654"
"1,86 : 1.0119"
"86,1 : 1.0119"
"1,87 : 0.6896"
"87,1 : 0.6896"
"1,88 : 0.9317"
"88,1 : 0.9317"
"1,89 : 0.6845"
"89,1 : 0.6845"
"1,90 : 0.3808"
"90,1 : 0.3808"
"1,91 : 0.7301"
"91,1 : 0.7301"
"1,92 : 0.8864"
"92,1 : 0.8864"
"1,93 : 0.622"
"93,1 : 0.622"
"1,94 : 0.8653"
"94,1 : 0.8653"
"1,95 : 0.1456"
"95,1 : 0.1456"
"1,96 : 0.3701"
"96,1 : 0.3701"
"1,97 : 0.46"
"97,1 : 0.46"
"1,98 : 0.5217"
"98,1 : 0.5217"
"1,99 : 0.7169"
"99,1 : 0.7169"
"2,3 : 0.6378"
"3,2 : 0.6378"
"2,4 : 0.8542"
"4,2 : 0.8542"
"2,5 : 0.2408"
"5,2 : 0.2408"
"2,6 : 0.724"
"6,2 : 0.724"
"2,7 : 0.2247"
"7,2 : 0.2247"
"2,8 : 0.3421"
"8,2 : 0.3421"
"2,9 : 0.514"
"9,2 : 0.514"
"2,10 : 0.2154"
"10,2 : 0.2154"
"2,11 : 0.1118"
"11,2 : 0.1118"
"2,12 : 0.3982"
"12,2 : 0.3982"
"2,13 : 0.4254"
"13,2 : 0.4254"
"2,14 : 0.7117"
"14,2 : 0.7117"
"2,15 : 0.6261"
"15,2 : 0.6261"
"2,16 : 0.1432"
"16,2 : 0.1432"
"2,17 : 0.172"
"17,2 : 0.172"
"2,18 : 0.4342"
"18,2 : 0.4342"
"2,19 : 0.2702"
"19,2 : 0.2702"
"2,20 : 0.6694"
"20,2 : 0.6694"
"2,21 : 0.3189"
"21,2 : 0.3189"
"2,22 : 0.5967"
"22,2 : 0.5967"
"2,23 : 0.408"
"23,2 : 0.408"
"2,24 : 0.5304"
"24,2 : 0.5304"
"2,25 : 0.6648"
"25,2 : 0.6648"
"2,26 : 0.2663"
"26,2 : 0.2663"
"2,27 : 0.0707"
"27,2 : 0.0707"
"2,28 : 0.402"
"28,2 : 0.402"
"2,29 : 0.4884"
"29,2 : 0.4884"
"2,30 : 0.7501"
"30,2 : 0.7501"
"2,31 : 0.4342"
"31,2 : 0.4342"
"2,32 : 0.1562"
"32,2 : 0.1562"
"2,33 : 0.7169"
"33,2 : 0.7169"
"2,34 : 0.7324"
"34,2 : 0.7324"
"2,35 : 0.3612"
"35,2 : 0.3612"
"2,36 : 0.2184"
"36,2 : 0.2184"
"2,37 : 0.4504"
"37,2 : 0.4504"
"2,38 : 0.1105"
"38,2 : 0.1105"
"2,39 : 0.5277"
"39,2 : 0.5277"
"2,40 : 0.8006"
"40,2 : 0.8006"
"2,41 : 0.4393"
"41,2 : 0.4393"
"2,42 : 0.222"
"42,2 : 0.222"
"2,43 : 0.4904"
"43,2 : 0.4904"
"2,44 : 0.5401"
"44,2 : 0.5401"
"2,45 : 0.3138"
"45,2 : 0.3138"
"2,46 : 0.5101"
"46,2 : 0.5101"
"2,47 : 0.191"
"47,2 : 0.191"
"2,48 : 0.2408"
"48,2 : 0.2408"
"2,49 : 0.522"
"49,2 : 0.522"
"2,50 : 0.5349"
"50,2 : 0.5349"
"2,51 : 0.6088"
"51,2 : 0.6088"
"2,52 : 0.7453"
"52,2 : 0.7453"
"2,53 : 0.4144"
"53,2 : 0.4144"
"2,54 : 0.5825"
"54,2 : 0.5825"
"2,55 : 0.2563"
"55,2 : 0.2563"
"2,56 : 0.4332"
"56,2 : 0.4332"
"2,57 : 0.178"
"57,2 : 0.178"
"2,58 : 0.1903"
"58,2 : 0.1903"
"2,59 : 0.2062"
"59,2 : 0.2062"
"2,60 : 0.211"
"60,2 : 0.211"
"2,61 : 0.1789"
"61,2 : 0.1789"
"2,62 : 0.328"
"62,2 : 0.328"
"2,63 : 0.9449"
"63,2 : 0.9449"
"2,64 : 0.2581"
"64,2 : 0.2581"
"2,65 : 0.3041"
"65,2 : 0.3041"
"2,66 : 0.5787"
"66,2 : 0.5787"
"2,67 : 0.3178"
"67,2 : 0.3178"
"2,68 : 0.473"
"68,2 : 0.473"
"2,69 : 0.2973"
"69,2 : 0.2973"
"2,70 : 0.764"
"70,2 : 0.764"
"2,71 : 0.1404"
"71,2 : 0.1404"
"2,72 : 0.1649"
"72,2 : 0.1649"
"2,73 : 0.8367"
"73,2 : 0.8367"
"2,74 : 0.5749"
"74,2 : 0.5749"
"2,75 : 0.588"
"75,2 : 0.588"
"2,76 : 0.1503"
"76,2 : 0.1503"
"2,77 : 0.5728"
"77,2 : 0.5728"
"2,78 : 0.4011"
"78,2 : 0.4011"
"2,79 : 0.7596"
"79,2 : 0.7596"
"2,80 : 0.9144"
"80,2 : 0.9144"
"2,81 : 0.3945"
"81,2 : 0.3945"
"2,82 : 0.3324"
"82,2 : 0.3324"
"2,83 : 0.3828"
"83,2 : 0.3828"
"2,84 : 0.3126"
"84,2 : 0.3126"
"2,85 : 0.1503"
"85,2 : 0.1503"
"2,86 : 0.3256"
"86,2 : 0.3256"
"2,87 : 0.1442"
"87,2 : 0.1442"
"2,88 : 0.2081"
"88,2 : 0.2081"
"2,89 : 0.0922"
"89,2 : 0.0922"
"2,90 : 0.3701"
"90,2 : 0.3701"
"2,91 : 0.3808"
"91,2 : 0.3808"
"2,92 : 0.2886"
"92,2 : 0.2886"
"2,93 : 0.688"
"93,2 : 0.688"
"2,94 : 0.5604"
"94,2 : 0.5604"
"2,95 : 0.7338"
"95,2 : 0.7338"
"2,96 : 0.4743"
"96,2 : 0.4743"
"2,97 : 0.9161"
"97,2 : 0.9161"
"2,98 : 0.8631"
"98,2 : 0.8631"
"2,99 : 0.3046"
"99,2 : 0.3046"
"3,4 : 0.857"
"4,3 : 0.857"
"3,5 : 0.7094"
"5,3 : 0.7094"
"3,6 : 0.8204"
"6,3 : 0.8204"
"3,7 : 0.7341"
"7,3 : 0.7341"
"3,8 : 0.6641"
"8,3 : 0.6641"
"3,9 : 0.1304"
"9,3 : 0.1304"
"3,10 : 0.7603"
"10,3 : 0.7603"
"3,11 : 0.536"
"11,3 : 0.536"
"3,12 : 0.2642"
"12,3 : 0.2642"
"3,13 : 1.0386"
"13,3 : 1.0386"
"3,14 : 0.661"
"14,3 : 0.661"
"3,15 : 0.7046"
"15,3 : 0.7046"
"3,16 : 0.5941"
"16,3 : 0.5941"
"3,17 : 0.644"
"17,3 : 0.644"
"3,18 : 0.6912"
"18,3 : 0.6912"
"3,19 : 0.7021"
"19,3 : 0.7021"
"3,20 : 0.3106"
"20,3 : 0.3106"
"3,21 : 0.9548"
"21,3 : 0.9548"
"3,22 : 0.0447"
"22,3 : 0.0447"
"3,23 : 0.3612"
"23,3 : 0.3612"
"3,24 : 0.4428"
"24,3 : 0.4428"
"3,25 : 0.228"
"25,3 : 0.228"
"3,26 : 0.3859"
"26,3 : 0.3859"
"3,27 : 0.5798"
"27,3 : 0.5798"
"3,28 : 0.5204"
"28,3 : 0.5204"
"3,29 : 0.3946"
"29,3 : 0.3946"
"3,30 : 0.4909"
"30,3 : 0.4909"
"3,31 : 0.5334"
"31,3 : 0.5334"
"3,32 : 0.794"
"32,3 : 0.794"
"3,33 : 0.7925"
"33,3 : 0.7925"
"3,34 : 0.12"
"34,3 : 0.12"
"3,35 : 0.283"
"35,3 : 0.283"
"3,36 : 0.45"
"36,3 : 0.45"
"3,37 : 0.461"
"37,3 : 0.461"
"3,38 : 0.5798"
"38,3 : 0.5798"
"3,39 : 0.5787"
"39,3 : 0.5787"
"3,40 : 0.1868"
"40,3 : 0.1868"
"3,41 : 0.5701"
"41,3 : 0.5701"
"3,42 : 0.6555"
"42,3 : 0.6555"
"3,43 : 0.622"
"43,3 : 0.622"
"3,44 : 0.5045"
"44,3 : 0.5045"
"3,45 : 0.3534"
"45,3 : 0.3534"
"3,46 : 0.4982"
"46,3 : 0.4982"
"3,47 : 0.5504"
"47,3 : 0.5504"
"3,48 : 0.7094"
"48,3 : 0.7094"
"3,49 : 0.2402"
"49,3 : 0.2402"
"3,50 : 0.3008"
"50,3 : 0.3008"
"3,51 : 0.2915"
"51,3 : 0.2915"
"3,52 : 0.6224"
"52,3 : 0.6224"
"3,53 : 0.5672"
"53,3 : 0.5672"
"3,54 : 0.6185"
"54,3 : 0.6185"
"3,55 : 0.4295"
"55,3 : 0.4295"
"3,56 : 0.3401"
"56,3 : 0.3401"
"3,57 : 0.6932"
"57,3 : 0.6932"
"3,58 : 0.5233"
"58,3 : 0.5233"
"3,59 : 0.6631"
"59,3 : 0.6631"
"3,60 : 0.7049"
"60,3 : 0.7049"
"3,61 : 0.6174"
"61,3 : 0.6174"
"3,62 : 0.6986"
"62,3 : 0.6986"
"3,63 : 0.3081"
"63,3 : 0.3081"
"3,64 : 0.891"
"64,3 : 0.891"
"3,65 : 0.7184"
"65,3 : 0.7184"
"3,66 : 0.6727"
"66,3 : 0.6727"
"3,67 : 0.3467"
"67,3 : 0.3467"
"3,68 : 0.5914"
"68,3 : 0.5914"
"3,69 : 0.9338"
"69,3 : 0.9338"
"3,70 : 0.136"
"70,3 : 0.136"
"3,71 : 0.5644"
"71,3 : 0.5644"
"3,72 : 0.4968"
"72,3 : 0.4968"
"3,73 : 0.2886"
"73,3 : 0.2886"
"3,74 : 0.377"
"74,3 : 0.377"
"3,75 : 0.0922"
"75,3 : 0.0922"
"3,76 : 0.7517"
"76,3 : 0.7517"
"3,77 : 0.0806"
"77,3 : 0.0806"
"3,78 : 0.4504"
"78,3 : 0.4504"
"3,79 : 0.2746"
"79,3 : 0.2746"
"3,80 : 0.2766"
"80,3 : 0.2766"
"3,81 : 0.2912"
"81,3 : 0.2912"
"3,82 : 0.4491"
"82,3 : 0.4491"
"3,83 : 0.65"
"83,3 : 0.65"
"3,84 : 0.8523"
"84,3 : 0.8523"
"3,85 : 0.7388"
"85,3 : 0.7388"
"3,86 : 0.9621"
"86,3 : 0.9621"
"3,87 : 0.672"
"87,3 : 0.672"
"3,88 : 0.845"
"88,3 : 0.845"
"3,89 : 0.6313"
"89,3 : 0.6313"
"3,90 : 0.4438"
"90,3 : 0.4438"
"3,91 : 0.8377"
"91,3 : 0.8377"
"3,92 : 0.8902"
"92,3 : 0.8902"
"3,93 : 0.1942"
"93,3 : 0.1942"
"3,94 : 0.4808"
"94,3 : 0.4808"
"3,95 : 0.2973"
"95,3 : 0.2973"
"3,96 : 0.5708"
"96,3 : 0.5708"
"3,97 : 0.2864"
"97,3 : 0.2864"
"3,98 : 0.2267"
"98,3 : 0.2267"
"3,99 : 0.7871"
"99,3 : 0.7871"
"4,5 : 1.0891"
"5,4 : 1.0891"
"4,6 : 0.15"
"6,4 : 0.15"
"4,7 : 1.0782"
"7,4 : 1.0782"
"4,8 : 0.522"
"8,4 : 0.522"
"4,9 : 0.7826"
"9,4 : 0.7826"
"4,10 : 1.0689"
"10,4 : 1.0689"
"4,11 : 0.8627"
"11,4 : 0.8627"
"4,12 : 0.7103"
"12,4 : 0.7103"
"4,13 : 0.93"
"13,4 : 0.93"
"4,14 : 0.197"
"14,4 : 0.197"
"4,15 : 0.2283"
"15,4 : 0.2283"
"4,16 : 0.7112"
"16,4 : 0.7112"
"4,17 : 1.0102"
"17,4 : 1.0102"
"4,18 : 1.2385"
"18,4 : 1.2385"
"4,19 : 0.6168"
"19,4 : 0.6168"
"4,20 : 0.5609"
"20,4 : 0.5609"
"4,21 : 0.9815"
"21,4 : 0.9815"
"4,22 : 0.8264"
"22,4 : 0.8264"
"4,23 : 1.009"
"23,4 : 1.009"
"4,24 : 0.4357"
"24,4 : 0.4357"
"4,25 : 0.6454"
"25,4 : 0.6454"
"4,26 : 0.8627"
"26,4 : 0.8627"
"4,27 : 0.7976"
"27,4 : 0.7976"
"4,28 : 1.1243"
"28,4 : 1.1243"
"4,29 : 1.0981"
"29,4 : 1.0981"
"4,30 : 0.4001"
"30,4 : 0.4001"
"4,31 : 0.4405"
"31,4 : 0.4405"
"4,32 : 0.9266"
"32,4 : 0.9266"
"4,33 : 0.1432"
"33,4 : 0.1432"
"4,34 : 0.8257"
"34,4 : 0.8257"
"4,35 : 0.8402"
"35,4 : 0.8402"
"4,36 : 0.7106"
"36,4 : 0.7106"
"4,37 : 1.1195"
"37,4 : 1.1195"
"4,38 : 0.9181"
"38,4 : 0.9181"
"4,39 : 1.2452"
"39,4 : 1.2452"
"4,40 : 1.0164"
"40,4 : 1.0164"
"4,41 : 1.1811"
"41,4 : 1.1811"
"4,42 : 1.0569"
"42,4 : 1.0569"
"4,43 : 1.2448"
"43,4 : 1.2448"
"4,44 : 1.2074"
"44,4 : 1.2074"
"4,45 : 0.892"
"45,4 : 0.892"
"4,46 : 1.1844"
"46,4 : 1.1844"
"4,47 : 0.972"
"47,4 : 0.972"
"4,48 : 1.0891"
"48,4 : 1.0891"
"4,49 : 0.6307"
"49,4 : 0.6307"
"4,50 : 1.0569"
"50,4 : 1.0569"
"4,51 : 0.5661"
"51,4 : 0.5661"
"4,52 : 0.2419"
"52,4 : 0.2419"
"4,53 : 0.4465"
"53,4 : 0.4465"
"4,54 : 1.3023"
"54,4 : 1.3023"
"4,55 : 0.9197"
"55,4 : 0.9197"
"4,56 : 1.0121"
"56,4 : 1.0121"
"4,57 : 1.0296"
"57,4 : 1.0296"
"4,58 : 0.9481"
"58,4 : 0.9481"
"4,59 : 1.0462"
"59,4 : 1.0462"
"4,60 : 0.6831"
"60,4 : 0.6831"
"4,61 : 1.004"
"61,4 : 1.004"
"4,62 : 1.1594"
"62,4 : 1.1594"
"4,63 : 0.9905"
"63,4 : 0.9905"
"4,64 : 0.9276"
"64,4 : 0.9276"
"4,65 : 1.1459"
"65,4 : 1.1459"
"4,66 : 1.3294"
"66,4 : 1.3294"
"4,67 : 0.7009"
"67,4 : 0.7009"
"4,68 : 1.2163"
"68,4 : 1.2163"
"4,69 : 0.9749"
"69,4 : 0.9749"
"4,70 : 0.8631"
"70,4 : 0.8631"
"4,71 : 0.9348"
"71,4 : 0.9348"
"4,72 : 0.7382"
"72,4 : 0.7382"
"4,73 : 0.74"
"73,4 : 0.74"
"4,74 : 1.1399"
"74,4 : 1.1399"
"4,75 : 0.9087"
"75,4 : 0.9087"
"4,76 : 0.8065"
"76,4 : 0.8065"
"4,77 : 0.8773"
"77,4 : 0.8773"
"4,78 : 1.0756"
"78,4 : 1.0756"
"4,79 : 0.6619"
"79,4 : 0.6619"
"4,80 : 0.9925"
"80,4 : 0.9925"
"4,81 : 0.9201"
"81,4 : 0.9201"
"4,82 : 1.0182"
"82,4 : 1.0182"
"4,83 : 0.4754"
"83,4 : 0.4754"
"4,84 : 0.7244"
"84,4 : 0.7244"
"4,85 : 0.7875"
"85,4 : 0.7875"
"4,86 : 0.9914"
"86,4 : 0.9914"
"4,87 : 0.7316"
"87,4 : 0.7316"
"4,88 : 0.9684"
"88,4 : 0.9684"
"4,89 : 0.7649"
"89,4 : 0.7649"
"4,90 : 0.5445"
"90,4 : 0.5445"
"4,91 : 0.6113"
"91,4 : 0.6113"
"4,92 : 0.8373"
"92,4 : 0.8373"
"4,93 : 1.0455"
"93,4 : 1.0455"
"4,94 : 1.2042"
"94,4 : 1.2042"
"4,95 : 0.6129"
"95,4 : 0.6129"
"4,96 : 0.392"
"96,4 : 0.392"
"4,97 : 0.9302"
"97,4 : 0.9302"
"4,98 : 0.9886"
"98,4 : 0.9886"
"4,99 : 0.6494"
"99,4 : 0.6494"
"5,6 : 0.9626"
"6,5 : 0.9626"
"5,7 : 0.0412"
"7,5 : 0.0412"
"5,8 : 0.5826"
"8,5 : 0.5826"
"5,9 : 0.6088"
"9,5 : 0.6088"
"5,10 : 0.0825"
"10,5 : 0.0825"
"5,11 : 0.2377"
"11,5 : 0.2377"
"5,12 : 0.5308"
"12,5 : 0.5308"
"5,13 : 0.5501"
"13,5 : 0.5501"
"5,14 : 0.9362"
"14,5 : 0.9362"
"5,15 : 0.8609"
"15,5 : 0.8609"
"5,16 : 0.3801"
"16,5 : 0.3801"
"5,17 : 0.0825"
"17,5 : 0.0825"
"5,18 : 0.222"
"18,5 : 0.222"
"5,19 : 0.5093"
"19,5 : 0.5093"
"5,20 : 0.83"
"20,5 : 0.83"
"5,21 : 0.4011"
"21,5 : 0.4011"
"5,22 : 0.6768"
"22,5 : 0.6768"
"5,23 : 0.378"
"23,5 : 0.378"
"5,24 : 0.7325"
"24,5 : 0.7325"
"5,25 : 0.804"
"25,5 : 0.804"
"5,26 : 0.3354"
"26,5 : 0.3354"
"5,27 : 0.2915"
"27,5 : 0.2915"
"5,28 : 0.2778"
"28,5 : 0.2778"
"5,29 : 0.4187"
"29,5 : 0.4187"
"5,30 : 0.942"
"30,5 : 0.942"
"5,31 : 0.658"
"31,5 : 0.658"
"5,32 : 0.2668"
"32,5 : 0.2668"
"5,33 : 0.9541"
"33,5 : 0.9541"
"5,34 : 0.8222"
"34,5 : 0.8222"
"5,35 : 0.4342"
"35,5 : 0.4342"
"5,36 : 0.4026"
"36,5 : 0.4026"
"5,37 : 0.3523"
"37,5 : 0.3523"
"5,38 : 0.1772"
"38,5 : 0.1772"
"5,39 : 0.3711"
"39,5 : 0.3711"
"5,40 : 0.8353"
"40,5 : 0.8353"
"5,41 : 0.2846"
"41,5 : 0.2846"
"5,42 : 0.0539"
"42,5 : 0.0539"
"5,43 : 0.3126"
"43,5 : 0.3126"
"5,44 : 0.4163"
"44,5 : 0.4163"
"5,45 : 0.3574"
"45,5 : 0.3574"
"5,46 : 0.3891"
"46,5 : 0.3891"
"5,47 : 0.1628"
"47,5 : 0.1628"
"5,48 : 0.0"
"48,5 : 0.0"
"5,49 : 0.6703"
"49,5 : 0.6703"
"5,50 : 0.5025"
"50,5 : 0.5025"
"5,51 : 0.7701"
"51,5 : 0.7701"
"5,52 : 0.9614"
"52,5 : 0.9614"
"5,53 : 0.6441"
"53,5 : 0.6441"
"5,54 : 0.4144"
"54,5 : 0.4144"
"5,55 : 0.2816"
"55,5 : 0.2816"
"5,56 : 0.4061"
"56,5 : 0.4061"
"5,57 : 0.064"
"57,5 : 0.064"
"5,58 : 0.1924"
"58,5 : 0.1924"
"5,59 : 0.05"
"59,5 : 0.05"
"5,60 : 0.4469"
"60,5 : 0.4469"
"5,61 : 0.1"
"61,5 : 0.1"
"5,62 : 0.102"
"62,5 : 0.102"
"5,63 : 1.0108"
"63,5 : 1.0108"
"5,64 : 0.3712"
"64,5 : 0.3712"
"5,65 : 0.0671"
"65,5 : 0.0671"
"5,66 : 0.39"
"66,5 : 0.39"
"5,67 : 0.471"
"67,5 : 0.471"
"5,68 : 0.3081"
"68,5 : 0.3081"
"5,69 : 0.3805"
"69,5 : 0.3805"
"5,70 : 0.845"
"70,5 : 0.845"
"5,71 : 0.1712"
"71,5 : 0.1712"
"5,72 : 0.3606"
"72,5 : 0.3606"
"5,73 : 0.959"
"73,5 : 0.959"
"5,74 : 0.5061"
"74,5 : 0.5061"
"5,75 : 0.6351"
"75,5 : 0.6351"
"5,76 : 0.3536"
"76,5 : 0.3536"
"5,77 : 0.6316"
"77,5 : 0.6316"
"5,78 : 0.3189"
"78,5 : 0.3189"
"5,79 : 0.8968"
"79,5 : 0.8968"
"5,80 : 0.9749"
"80,5 : 0.9749"
"5,81 : 0.4205"
"81,5 : 0.4205"
"5,82 : 0.278"
"82,5 : 0.278"
"5,83 : 0.622"
"83,5 : 0.622"
"5,84 : 0.5189"
"84,5 : 0.5189"
"5,85 : 0.3636"
"85,5 : 0.3636"
"5,86 : 0.402"
"86,5 : 0.402"
"5,87 : 0.3821"
"87,5 : 0.3821"
"5,88 : 0.2802"
"88,5 : 0.2802"
"5,89 : 0.333"
"89,5 : 0.333"
"5,90 : 0.5757"
"90,5 : 0.5757"
"5,91 : 0.6075"
"91,5 : 0.6075"
"5,92 : 0.4535"
"92,5 : 0.4535"
"5,93 : 0.692"
"93,5 : 0.692"
"5,94 : 0.4472"
"94,5 : 0.4472"
"5,95 : 0.882"
"95,5 : 0.882"
"5,96 : 0.7021"
"96,5 : 0.7021"
"5,97 : 0.9954"
"97,5 : 0.9954"
"5,98 : 0.9171"
"98,5 : 0.9171"
"5,99 : 0.5325"
"99,5 : 0.5325"
"6,7 : 0.9487"
"7,6 : 0.9487"
"6,8 : 0.3847"
"8,6 : 0.3847"
"6,9 : 0.728"
"9,6 : 0.728"
"6,10 : 0.9365"
"10,6 : 0.9365"
"6,11 : 0.7441"
"11,6 : 0.7441"
"6,12 : 0.6356"
"12,6 : 0.6356"
"6,13 : 0.78"
"13,6 : 0.78"
"6,14 : 0.1931"
"14,6 : 0.1931"
"6,15 : 0.1208"
"15,6 : 0.1208"
"6,16 : 0.5825"
"16,6 : 0.5825"
"6,17 : 0.886"
"17,6 : 0.886"
"6,18 : 1.1249"
"18,6 : 1.1249"
"6,19 : 0.4754"
"19,6 : 0.4754"
"6,20 : 0.5515"
"20,6 : 0.5515"
"6,21 : 0.8336"
"21,6 : 0.8336"
"6,22 : 0.7845"
"22,6 : 0.7845"
"6,23 : 0.9211"
"23,6 : 0.9211"
"6,24 : 0.3785"
"24,6 : 0.3785"
"6,25 : 0.6301"
"25,6 : 0.6301"
"6,26 : 0.764"
"26,6 : 0.764"
"6,27 : 0.672"
"27,6 : 0.672"
"6,28 : 1.023"
"28,6 : 1.023"
"6,29 : 1.0136"
"29,6 : 1.0136"
"6,30 : 0.4238"
"30,6 : 0.4238"
"6,31 : 0.3384"
"31,6 : 0.3384"
"6,32 : 0.7855"
"32,6 : 0.7855"
"6,33 : 0.0316"
"33,6 : 0.0316"
"6,34 : 0.8101"
"34,6 : 0.8101"
"6,35 : 0.7566"
"35,6 : 0.7566"
"6,36 : 0.6021"
"36,6 : 0.6021"
"6,37 : 1.0265"
"37,6 : 1.0265"
"6,38 : 0.7965"
"38,6 : 0.7965"
"6,39 : 1.1481"
"39,6 : 1.1481"
"6,40 : 0.9932"
"40,6 : 0.9932"
"6,41 : 1.0781"
"41,6 : 1.0781"
"6,42 : 0.9341"
"42,6 : 0.9341"
"6,43 : 1.1411"
"43,6 : 1.1411"
"6,44 : 1.1177"
"44,6 : 1.1177"
"6,45 : 0.7988"
"45,6 : 0.7988"
"6,46 : 1.0929"
"46,6 : 1.0929"
"6,47 : 0.8563"
"47,6 : 0.8563"
"6,48 : 0.9626"
"48,6 : 0.9626"
"6,49 : 0.5825"
"49,6 : 0.5825"
"6,50 : 0.9841"
"50,6 : 0.9841"
"6,51 : 0.5404"
"51,6 : 0.5404"
"6,52 : 0.2683"
"52,6 : 0.2683"
"6,53 : 0.333"
"53,6 : 0.333"
"6,54 : 1.206"
"54,6 : 1.206"
"6,55 : 0.8169"
"55,6 : 0.8169"
"6,56 : 0.9278"
"56,6 : 0.9278"
"6,57 : 0.9014"
"57,6 : 0.9014"
"6,58 : 0.8345"
"58,6 : 0.8345"
"6,59 : 0.922"
"59,6 : 0.922"
"6,60 : 0.5423"
"60,6 : 0.5423"
"6,61 : 0.8824"
"61,6 : 0.8824"
"6,62 : 1.0386"
"62,6 : 1.0386"
"6,63 : 0.9972"
"63,6 : 0.9972"
"6,64 : 0.781"
"64,6 : 0.781"
"6,65 : 1.022"
"65,6 : 1.022"
"6,66 : 1.2279"
"66,6 : 1.2279"
"6,67 : 0.6106"
"67,6 : 0.6106"
"6,68 : 1.114"
"68,6 : 1.114"
"6,69 : 0.8276"
"69,6 : 0.8276"
"6,70 : 0.85"
"70,6 : 0.85"
"6,71 : 0.8157"
"71,6 : 0.8157"
"6,72 : 0.6224"
"72,6 : 0.6224"
"6,73 : 0.755"
"73,6 : 0.755"
"6,74 : 1.0644"
"74,6 : 1.0644"
"6,75 : 0.8587"
"75,6 : 0.8587"
"6,76 : 0.6648"
"76,6 : 0.6648"
"6,77 : 0.8271"
"77,6 : 0.8271"
"6,78 : 0.9801"
"78,6 : 0.9801"
"6,79 : 0.6675"
"79,6 : 0.6675"
"6,80 : 0.9932"
"80,6 : 0.9932"
"6,81 : 0.8373"
"81,6 : 0.8373"
"6,82 : 0.9183"
"82,6 : 0.9183"
"6,83 : 0.3413"
"83,6 : 0.3413"
"6,84 : 0.5756"
"84,6 : 0.5756"
"6,85 : 0.6462"
"85,6 : 0.6462"
"6,86 : 0.8434"
"86,6 : 0.8434"
"6,87 : 0.5948"
"87,6 : 0.5948"
"6,88 : 0.8254"
"88,6 : 0.8254"
"6,89 : 0.6329"
"89,6 : 0.6329"
"6,90 : 0.4494"
"90,6 : 0.4494"
"6,91 : 0.4617"
"91,6 : 0.4617"
"6,92 : 0.6888"
"92,6 : 0.6888"
"6,93 : 0.9992"
"93,6 : 0.9992"
"6,94 : 1.1183"
"94,6 : 1.1183"
"6,95 : 0.6166"
"95,6 : 0.6166"
"6,96 : 0.2884"
"96,6 : 0.2884"
"6,97 : 0.939"
"97,6 : 0.939"
"6,98 : 0.9802"
"98,6 : 0.9802"
"6,99 : 0.5022"
"99,6 : 0.5022"
"7,8 : 0.5661"
"8,7 : 0.5661"
"7,9 : 0.6294"
"9,7 : 0.6294"
"7,10 : 0.0412"
"10,7 : 0.0412"
"7,11 : 0.2408"
"11,7 : 0.2408"
"7,12 : 0.5445"
"12,7 : 0.5445"
"7,13 : 0.5104"
"13,7 : 0.5104"
"7,14 : 0.9305"
"14,7 : 0.9305"
"7,15 : 0.85"
"15,7 : 0.85"
"7,16 : 0.3672"
"16,7 : 0.3672"
"7,17 : 0.0922"
"17,7 : 0.0922"
"7,18 : 0.2608"
"18,7 : 0.2608"
"7,19 : 0.4884"
"19,7 : 0.4884"
"7,20 : 0.841"
"20,7 : 0.841"
"7,21 : 0.3606"
"21,7 : 0.3606"
"7,22 : 0.7001"
"22,7 : 0.7001"
"7,23 : 0.4111"
"23,7 : 0.4111"
"7,24 : 0.7335"
"24,7 : 0.7335"
"7,25 : 0.8188"
"25,7 : 0.8188"
"7,26 : 0.3544"
"26,7 : 0.3544"
"7,27 : 0.2823"
"27,7 : 0.2823"
"7,28 : 0.3176"
"28,7 : 0.3176"
"7,29 : 0.4561"
"29,7 : 0.4561"
"7,30 : 0.9464"
"30,7 : 0.9464"
"7,31 : 0.6519"
"31,7 : 0.6519"
"7,32 : 0.2309"
"32,7 : 0.2309"
"7,33 : 0.9415"
"33,7 : 0.9415"
"7,34 : 0.845"
"34,7 : 0.845"
"7,35 : 0.4554"
"35,7 : 0.4554"
"7,36 : 0.4045"
"36,7 : 0.4045"
"7,37 : 0.3912"
"37,7 : 0.3912"
"7,38 : 0.1803"
"38,7 : 0.1803"
"7,39 : 0.4123"
"39,7 : 0.4123"
"7,40 : 0.8653"
"40,7 : 0.8653"
"7,41 : 0.3257"
"41,7 : 0.3257"
"7,42 : 0.0849"
"42,7 : 0.0849"
"7,43 : 0.3536"
"43,7 : 0.3536"
"7,44 : 0.4569"
"44,7 : 0.4569"
"7,45 : 0.3808"
"45,7 : 0.3808"
"7,46 : 0.4295"
"46,7 : 0.4295"
"7,47 : 0.1838"
"47,7 : 0.1838"
"7,48 : 0.0412"
"48,7 : 0.0412"
"7,49 : 0.6826"
"49,7 : 0.6826"
"7,50 : 0.5374"
"50,7 : 0.5374"
"7,51 : 0.7806"
"51,7 : 0.7806"
"7,52 : 0.9588"
"52,7 : 0.9588"
"7,53 : 0.6356"
"53,7 : 0.6356"
"7,54 : 0.4554"
"54,7 : 0.4554"
"7,55 : 0.3046"
"55,7 : 0.3046"
"7,56 : 0.4393"
"56,7 : 0.4393"
"7,57 : 0.051"
"57,7 : 0.051"
"7,58 : 0.2119"
"58,7 : 0.2119"
"7,59 : 0.0721"
"59,7 : 0.0721"
"7,60 : 0.4243"
"60,7 : 0.4243"
"7,61 : 0.117"
"61,7 : 0.117"
"7,62 : 0.1404"
"62,7 : 0.1404"
"7,63 : 1.0377"
"63,7 : 1.0377"
"7,64 : 0.3324"
"64,7 : 0.3324"
"7,65 : 0.102"
"65,7 : 0.102"
"7,66 : 0.4301"
"66,7 : 0.4301"
"7,67 : 0.4801"
"67,7 : 0.4801"
"7,68 : 0.3493"
"68,7 : 0.3493"
"7,69 : 0.3401"
"69,7 : 0.3401"
"7,70 : 0.8693"
"70,7 : 0.8693"
"7,71 : 0.1811"
"71,7 : 0.1811"
"7,72 : 0.359"
"72,7 : 0.359"
"7,73 : 0.9774"
"73,7 : 0.9774"
"7,74 : 0.5441"
"74,7 : 0.5441"
"7,75 : 0.6624"
"75,7 : 0.6624"
"7,76 : 0.3245"
"76,7 : 0.3245"
"7,77 : 0.6574"
"77,7 : 0.6574"
"7,78 : 0.3561"
"78,7 : 0.3561"
"7,79 : 0.9124"
"79,7 : 0.9124"
"7,80 : 1.0024"
"80,7 : 1.0024"
"7,81 : 0.4478"
"81,7 : 0.4478"
"7,82 : 0.3114"
"82,7 : 0.3114"
"7,83 : 0.6075"
"83,7 : 0.6075"
"7,84 : 0.4876"
"84,7 : 0.4876"
"7,85 : 0.336"
"85,7 : 0.336"
"7,86 : 0.3612"
"86,7 : 0.3612"
"7,87 : 0.3612"
"87,7 : 0.3612"
"7,88 : 0.2408"
"88,7 : 0.2408"
"7,89 : 0.3162"
"89,7 : 0.3162"
"7,90 : 0.5749"
"90,7 : 0.5749"
"7,91 : 0.5801"
"91,7 : 0.5801"
"7,92 : 0.4176"
"92,7 : 0.4176"
"7,93 : 0.7247"
"93,7 : 0.7247"
"7,94 : 0.4875"
"94,7 : 0.4875"
"7,95 : 0.8956"
"95,7 : 0.8956"
"7,96 : 0.6946"
"96,7 : 0.6946"
"7,97 : 1.0204"
"97,7 : 1.0204"
"7,98 : 0.9451"
"98,7 : 0.9451"
"7,99 : 0.5061"
"99,7 : 0.5061"
"8,9 : 0.5385"
"9,8 : 0.5385"
"8,10 : 0.5523"
"10,8 : 0.5523"
"8,11 : 0.3801"
"11,8 : 0.3801"
"8,12 : 0.4079"
"12,8 : 0.4079"
"8,13 : 0.4754"
"13,8 : 0.4754"
"8,14 : 0.41"
"14,8 : 0.41"
"8,15 : 0.2983"
"15,8 : 0.2983"
"8,16 : 0.2052"
"16,8 : 0.2052"
"8,17 : 0.5093"
"17,8 : 0.5093"
"8,18 : 0.7606"
"18,8 : 0.7606"
"8,19 : 0.1"
"19,8 : 0.1"
"8,20 : 0.5304"
"20,8 : 0.5304"
"8,21 : 0.4809"
"21,8 : 0.4809"
"8,22 : 0.6198"
"22,8 : 0.6198"
"8,23 : 0.6185"
"23,8 : 0.6185"
"8,24 : 0.322"
"24,8 : 0.322"
"8,25 : 0.5701"
"25,8 : 0.5701"
"8,26 : 0.4464"
"26,8 : 0.4464"
"8,27 : 0.2973"
"27,8 : 0.2973"
"8,28 : 0.6843"
"28,8 : 0.6843"
"8,29 : 0.7131"
"29,8 : 0.7131"
"8,30 : 0.528"
"30,8 : 0.528"
"8,31 : 0.1803"
"31,8 : 0.1803"
"8,32 : 0.4052"
"32,8 : 0.4052"
"8,33 : 0.3808"
"33,8 : 0.3808"
"8,34 : 0.7112"
"34,8 : 0.7112"
"8,35 : 0.4809"
"35,8 : 0.4809"
"8,36 : 0.2766"
"36,8 : 0.2766"
"8,37 : 0.7058"
"37,8 : 0.7058"
"8,38 : 0.4252"
"38,8 : 0.4252"
"8,39 : 0.8139"
"39,8 : 0.8139"
"8,40 : 0.8507"
"40,8 : 0.8507"
"8,41 : 0.7343"
"41,8 : 0.7343"
"8,42 : 0.5587"
"42,8 : 0.5587"
"8,43 : 0.794"
"43,8 : 0.794"
"8,44 : 0.8006"
"44,8 : 0.8006"
"8,45 : 0.4924"
"45,8 : 0.4924"
"8,46 : 0.7725"
"46,8 : 0.7725"
"8,47 : 0.4941"
"47,8 : 0.4941"
"8,48 : 0.5826"
"48,8 : 0.5826"
"8,49 : 0.4478"
"49,8 : 0.4478"
"8,50 : 0.7145"
"50,8 : 0.7145"
"8,51 : 0.4817"
"51,8 : 0.4817"
"8,52 : 0.4639"
"52,8 : 0.4639"
"8,53 : 0.1389"
"53,8 : 0.1389"
"8,54 : 0.8721"
"54,8 : 0.8721"
"8,55 : 0.4847"
"55,8 : 0.4847"
"8,56 : 0.6335"
"56,8 : 0.6335"
"8,57 : 0.5201"
"57,8 : 0.5201"
"8,58 : 0.4771"
"58,8 : 0.4771"
"8,59 : 0.5449"
"59,8 : 0.5449"
"8,60 : 0.1628"
"60,8 : 0.1628"
"8,61 : 0.5093"
"61,8 : 0.5093"
"8,62 : 0.6647"
"62,8 : 0.6647"
"8,63 : 0.9315"
"63,8 : 0.9315"
"8,64 : 0.42"
"64,8 : 0.42"
"8,65 : 0.6444"
"65,8 : 0.6444"
"8,66 : 0.8832"
"66,8 : 0.8832"
"8,67 : 0.3406"
"67,8 : 0.3406"
"8,68 : 0.7703"
"68,8 : 0.7703"
"8,69 : 0.4701"
"69,8 : 0.4701"
"8,70 : 0.7513"
"70,8 : 0.7513"
"8,71 : 0.4482"
"71,8 : 0.4482"
"8,72 : 0.2731"
"72,8 : 0.2731"
"8,73 : 0.7441"
"73,8 : 0.7441"
"8,74 : 0.7826"
"74,8 : 0.7826"
"8,75 : 0.661"
"75,8 : 0.661"
"8,76 : 0.2864"
"76,8 : 0.2864"
"8,77 : 0.6335"
"77,8 : 0.6335"
"8,78 : 0.6555"
"78,8 : 0.6555"
"8,79 : 0.6512"
"79,8 : 0.6512"
"8,80 : 0.9124"
"80,8 : 0.9124"
"8,81 : 0.5544"
"81,8 : 0.5544"
"8,82 : 0.5869"
"82,8 : 0.5869"
"8,83 : 0.05"
"83,8 : 0.05"
"8,84 : 0.2508"
"84,8 : 0.2508"
"8,85 : 0.2668"
"85,8 : 0.2668"
"8,86 : 0.4909"
"86,8 : 0.4909"
"8,87 : 0.2102"
"87,8 : 0.2102"
"8,88 : 0.4491"
"88,8 : 0.4491"
"8,89 : 0.25"
"89,8 : 0.25"
"8,90 : 0.2236"
"90,8 : 0.2236"
"8,91 : 0.1844"
"91,8 : 0.1844"
"8,92 : 0.3471"
"92,8 : 0.3471"
"8,93 : 0.7963"
"93,8 : 0.7963"
"8,94 : 0.8096"
"94,8 : 0.8096"
"8,95 : 0.6081"
"95,8 : 0.6081"
"8,96 : 0.1897"
"96,8 : 0.1897"
"8,97 : 0.8851"
"97,8 : 0.8851"
"8,98 : 0.8773"
"98,8 : 0.8773"
"8,99 : 0.1655"
"99,8 : 0.1655"
"9,10 : 0.6519"
"10,9 : 0.6519"
"9,11 : 0.4168"
"11,9 : 0.4168"
"9,12 : 0.1342"
"12,9 : 0.1342"
"9,13 : 0.9091"
"13,9 : 0.9091"
"9,14 : 0.5859"
"14,9 : 0.5859"
"9,15 : 0.6088"
"15,9 : 0.6088"
"9,16 : 0.464"
"16,9 : 0.464"
"9,17 : 0.5376"
"17,9 : 0.5376"
"9,18 : 0.6239"
"18,9 : 0.6239"
"9,19 : 0.5727"
"19,9 : 0.5727"
"9,20 : 0.283"
"20,9 : 0.283"
"9,21 : 0.8288"
"21,9 : 0.8288"
"9,22 : 0.086"
"22,9 : 0.086"
"9,23 : 0.3008"
"23,9 : 0.3008"
"9,24 : 0.3511"
"24,9 : 0.3511"
"9,25 : 0.2214"
"25,9 : 0.2214"
"9,26 : 0.2751"
"26,9 : 0.2751"
"9,27 : 0.4534"
"27,9 : 0.4534"
"9,28 : 0.4589"
"28,9 : 0.4589"
"9,29 : 0.3624"
"29,9 : 0.3624"
"9,30 : 0.4534"
"30,9 : 0.4534"
"9,31 : 0.4201"
"31,9 : 0.4201"
"9,32 : 0.6701"
"32,9 : 0.6701"
"9,33 : 0.7021"
"33,9 : 0.7021"
"9,34 : 0.2195"
"34,9 : 0.2195"
"9,35 : 0.1746"
"35,9 : 0.1746"
"9,36 : 0.3202"
"36,9 : 0.3202"
"9,37 : 0.4144"
"37,9 : 0.4144"
"9,38 : 0.4652"
"38,9 : 0.4652"
"9,39 : 0.5423"
"39,9 : 0.5423"
"9,40 : 0.3138"
"40,9 : 0.3138"
"9,41 : 0.5142"
"41,9 : 0.5142"
"9,42 : 0.5554"
"42,9 : 0.5554"
"9,43 : 0.5728"
"43,9 : 0.5728"
"9,44 : 0.4789"
"44,9 : 0.4789"
"9,45 : 0.2532"
"45,9 : 0.2532"
"9,46 : 0.4652"
"46,9 : 0.4652"
"9,47 : 0.4464"
"47,9 : 0.4464"
"9,48 : 0.6088"
"48,9 : 0.6088"
"9,49 : 0.1526"
"49,9 : 0.1526"
"9,50 : 0.2907"
"50,9 : 0.2907"
"9,51 : 0.2408"
"51,9 : 0.2408"
"9,52 : 0.5604"
"52,9 : 0.5604"
"9,53 : 0.4504"
"53,9 : 0.4504"
"9,54 : 0.5903"
"54,9 : 0.5903"
"9,55 : 0.3276"
"55,9 : 0.3276"
"9,56 : 0.2879"
"56,9 : 0.2879"
"9,57 : 0.5852"
"57,9 : 0.5852"
"9,58 : 0.4176"
"58,9 : 0.4176"
"9,59 : 0.5604"
"59,9 : 0.5604"
"9,60 : 0.5745"
"60,9 : 0.5745"
"9,61 : 0.5124"
"61,9 : 0.5124"
"9,62 : 0.612"
"62,9 : 0.612"
"9,63 : 0.4319"
"63,9 : 0.4319"
"9,64 : 0.7642"
"64,9 : 0.7642"
"9,65 : 0.6265"
"65,9 : 0.6265"
"9,66 : 0.6369"
"66,9 : 0.6369"
"9,67 : 0.2163"
"67,9 : 0.2163"
"9,68 : 0.5412"
"68,9 : 0.5412"
"9,69 : 0.8081"
"69,9 : 0.8081"
"9,70 : 0.25"
"70,9 : 0.25"
"9,71 : 0.4531"
"71,9 : 0.4531"
"9,72 : 0.368"
"72,9 : 0.368"
"9,73 : 0.3523"
"73,9 : 0.3523"
"9,74 : 0.3754"
"74,9 : 0.3754"
"9,75 : 0.1315"
"75,9 : 0.1315"
"9,76 : 0.6229"
"76,9 : 0.6229"
"9,77 : 0.1005"
"77,9 : 0.1005"
"9,78 : 0.3905"
"78,9 : 0.3905"
"9,79 : 0.3027"
"79,9 : 0.3027"
"9,80 : 0.4031"
"80,9 : 0.4031"
"9,81 : 0.2121"
"81,9 : 0.2121"
"9,82 : 0.3705"
"82,9 : 0.3705"
"9,83 : 0.5277"
"83,9 : 0.5277"
"9,84 : 0.722"
"84,9 : 0.722"
"9,85 : 0.6096"
"85,9 : 0.6096"
"9,86 : 0.8363"
"86,9 : 0.8363"
"9,87 : 0.542"
"87,9 : 0.542"
"9,88 : 0.722"
"88,9 : 0.722"
"9,89 : 0.5025"
"89,9 : 0.5025"
"9,90 : 0.3225"
"90,9 : 0.3225"
"9,91 : 0.7094"
"91,9 : 0.7094"
"9,92 : 0.7606"
"92,9 : 0.7606"
"9,93 : 0.2729"
"93,9 : 0.2729"
"9,94 : 0.4632"
"94,9 : 0.4632"
"9,95 : 0.3036"
"95,9 : 0.3036"
"9,96 : 0.4617"
"96,9 : 0.4617"
"9,97 : 0.4022"
"97,9 : 0.4022"
"9,98 : 0.3561"
"98,9 : 0.3561"
"9,99 : 0.6574"
"99,9 : 0.6574"
"10,11 : 0.2508"
"11,10 : 0.2508"
"10,12 : 0.5609"
"12,10 : 0.5609"
"10,13 : 0.471"
"13,10 : 0.471"
"10,14 : 0.9266"
"14,10 : 0.9266"
"10,15 : 0.841"
"15,10 : 0.841"
"10,16 : 0.3585"
"16,10 : 0.3585"
"10,17 : 0.1166"
"17,10 : 0.1166"
"10,18 : 0.3002"
"18,10 : 0.3002"
"10,19 : 0.4701"
"19,10 : 0.4701"
"10,20 : 0.8538"
"20,10 : 0.8538"
"10,21 : 0.3202"
"21,10 : 0.3202"
"10,22 : 0.725"
"22,10 : 0.725"
"10,23 : 0.4455"
"23,10 : 0.4455"
"10,24 : 0.7368"
"24,10 : 0.7368"
"10,25 : 0.8355"
"25,10 : 0.8355"
"10,26 : 0.377"
"26,10 : 0.377"
"10,27 : 0.2789"
"27,10 : 0.2789"
"10,28 : 0.3578"
"28,10 : 0.3578"
"10,29 : 0.4941"
"29,10 : 0.4941"
"10,30 : 0.9526"
"30,10 : 0.9526"
"10,31 : 0.6485"
"31,10 : 0.6485"
"10,32 : 0.197"
"32,10 : 0.197"
"10,33 : 0.9306"
"33,10 : 0.9306"
"10,34 : 0.8693"
"34,10 : 0.8693"
"10,35 : 0.4793"
"35,10 : 0.4793"
"10,36 : 0.4105"
"36,10 : 0.4105"
"10,37 : 0.4305"
"37,10 : 0.4305"
"10,38 : 0.1924"
"38,10 : 0.1924"
"10,39 : 0.4535"
"39,10 : 0.4535"
"10,40 : 0.8963"
"40,10 : 0.8963"
"10,41 : 0.3669"
"41,10 : 0.3669"
"10,42 : 0.1221"
"42,10 : 0.1221"
"10,43 : 0.3946"
"43,10 : 0.3946"
"10,44 : 0.4977"
"44,10 : 0.4977"
"10,45 : 0.4071"
"45,10 : 0.4071"
"10,46 : 0.4701"
"46,10 : 0.4701"
"10,47 : 0.211"
"47,10 : 0.211"
"10,48 : 0.0825"
"48,10 : 0.0825"
"10,49 : 0.6972"
"49,10 : 0.6972"
"10,50 : 0.5731"
"50,10 : 0.5731"
"10,51 : 0.7931"
"51,10 : 0.7931"
"10,52 : 0.958"
"52,10 : 0.958"
"10,53 : 0.6297"
"53,10 : 0.6297"
"10,54 : 0.4965"
"54,10 : 0.4965"
"10,55 : 0.3312"
"55,10 : 0.3312"
"10,56 : 0.4738"
"56,10 : 0.4738"
"10,57 : 0.0671"
"57,10 : 0.0671"
"10,58 : 0.2371"
"58,10 : 0.2371"
"10,59 : 0.1063"
"59,10 : 0.1063"
"10,60 : 0.4046"
"60,10 : 0.4046"
"10,61 : 0.1442"
"61,10 : 0.1442"
"10,62 : 0.18"
"62,10 : 0.18"
"10,63 : 1.0655"
"63,10 : 1.0655"
"10,64 : 0.2943"
"64,10 : 0.2943"
"10,65 : 0.1404"
"65,10 : 0.1404"
"10,66 : 0.4704"
"66,10 : 0.4704"
"10,67 : 0.4925"
"67,10 : 0.4925"
"10,68 : 0.3905"
"68,10 : 0.3905"
"10,69 : 0.3"
"69,10 : 0.3"
"10,70 : 0.8947"
"70,10 : 0.8947"
"10,71 : 0.1992"
"71,10 : 0.1992"
"10,72 : 0.3622"
"72,10 : 0.3622"
"10,73 : 0.9972"
"73,10 : 0.9972"
"10,74 : 0.5825"
"74,10 : 0.5825"
"10,75 : 0.6912"
"75,10 : 0.6912"
"10,76 : 0.2983"
"76,10 : 0.2983"
"10,77 : 0.6848"
"77,10 : 0.6848"
"10,78 : 0.3941"
"78,10 : 0.3941"
"10,79 : 0.9296"
"79,10 : 0.9296"
"10,80 : 1.0308"
"80,10 : 1.0308"
"10,81 : 0.4771"
"81,10 : 0.4771"
"10,82 : 0.3466"
"82,10 : 0.3466"
"10,83 : 0.5954"
"83,10 : 0.5954"
"10,84 : 0.4579"
"84,10 : 0.4579"
"10,85 : 0.3114"
"85,10 : 0.3114"
"10,86 : 0.3206"
"86,10 : 0.3206"
"10,87 : 0.3441"
"87,10 : 0.3441"
"10,88 : 0.2022"
"88,10 : 0.2022"
"10,89 : 0.3041"
"89,10 : 0.3041"
"10,90 : 0.5771"
"90,10 : 0.5771"
"10,91 : 0.5544"
"91,10 : 0.5544"
"10,92 : 0.3828"
"92,10 : 0.3828"
"10,93 : 0.7582"
"93,10 : 0.7582"
"10,94 : 0.528"
"94,10 : 0.528"
"10,95 : 0.9108"
"95,10 : 0.9108"
"10,96 : 0.6895"
"96,10 : 0.6895"
"10,97 : 1.0465"
"97,10 : 1.0465"
"10,98 : 0.9742"
"98,10 : 0.9742"
"10,99 : 0.4817"
"99,10 : 0.4817"
"11,12 : 0.3132"
"12,11 : 0.3132"
"11,13 : 0.5371"
"13,11 : 0.5371"
"11,14 : 0.7021"
"14,11 : 0.7021"
"11,15 : 0.636"
"15,11 : 0.636"
"11,16 : 0.1789"
"16,11 : 0.1789"
"11,17 : 0.1552"
"17,11 : 0.1552"
"11,18 : 0.3821"
"18,11 : 0.3821"
"11,19 : 0.3324"
"19,11 : 0.3324"
"11,20 : 0.603"
"20,11 : 0.603"
"11,21 : 0.428"
"21,11 : 0.428"
"11,22 : 0.4965"
"22,11 : 0.4965"
"11,23 : 0.2983"
"23,11 : 0.2983"
"11,24 : 0.4948"
"24,11 : 0.4948"
"11,25 : 0.5869"
"25,11 : 0.5869"
"11,26 : 0.1562"
"26,11 : 0.1562"
"11,27 : 0.0922"
"27,11 : 0.0922"
"11,28 : 0.3132"
"28,11 : 0.3132"
"11,29 : 0.3821"
"29,11 : 0.3821"
"11,30 : 0.7058"
"30,11 : 0.7058"
"11,31 : 0.4254"
"31,11 : 0.4254"
"11,32 : 0.2625"
"32,11 : 0.2625"
"11,33 : 0.7325"
"33,11 : 0.7325"
"11,34 : 0.6363"
"34,11 : 0.6363"
"11,35 : 0.255"
"35,11 : 0.255"
"11,36 : 0.1649"
"36,11 : 0.1649"
"11,37 : 0.3513"
"37,11 : 0.3513"
"11,38 : 0.0608"
"38,11 : 0.0608"
"11,39 : 0.4427"
"39,11 : 0.4427"
"11,40 : 0.6931"
"40,11 : 0.6931"
"11,41 : 0.3585"
"41,11 : 0.3585"
"11,42 : 0.197"
"42,11 : 0.197"
"11,43 : 0.4159"
"43,11 : 0.4159"
"11,44 : 0.4441"
"44,11 : 0.4441"
"11,45 : 0.2025"
"45,11 : 0.2025"
"11,46 : 0.4144"
"46,11 : 0.4144"
"11,47 : 0.114"
"47,11 : 0.114"
"11,48 : 0.2377"
"48,11 : 0.2377"
"11,49 : 0.4472"
"49,11 : 0.4472"
"11,50 : 0.4238"
"50,11 : 0.4238"
"11,51 : 0.5423"
"51,11 : 0.5423"
"11,52 : 0.7245"
"52,11 : 0.7245"
"11,53 : 0.4162"
"53,11 : 0.4162"
"11,54 : 0.4998"
"54,11 : 0.4998"
"11,55 : 0.1456"
"55,11 : 0.1456"
"11,56 : 0.3228"
"56,11 : 0.3228"
"11,57 : 0.1903"
"57,11 : 0.1903"
"11,58 : 0.0985"
"58,11 : 0.0985"
"11,59 : 0.1897"
"59,11 : 0.1897"
"11,60 : 0.2864"
"60,11 : 0.2864"
"11,61 : 0.1432"
"61,11 : 0.1432"
"11,62 : 0.2968"
"62,11 : 0.2968"
"11,63 : 0.844"
"63,11 : 0.844"
"11,64 : 0.3689"
"64,11 : 0.3689"
"11,65 : 0.2864"
"65,11 : 0.2864"
"11,66 : 0.5054"
"66,11 : 0.5054"
"11,67 : 0.2419"
"67,11 : 0.2419"
"11,68 : 0.394"
"68,11 : 0.394"
"11,69 : 0.4061"
"69,11 : 0.4061"
"11,70 : 0.6657"
"70,11 : 0.6657"
"11,71 : 0.0721"
"71,11 : 0.0721"
"11,72 : 0.1253"
"72,11 : 0.1253"
"11,73 : 0.7527"
"73,11 : 0.7527"
"11,74 : 0.4669"
"74,11 : 0.4669"
"11,75 : 0.4808"
"75,11 : 0.4808"
"11,76 : 0.2571"
"76,11 : 0.2571"
"11,77 : 0.4675"
"77,11 : 0.4675"
"11,78 : 0.3007"
"78,11 : 0.3007"
"11,79 : 0.6815"
"79,11 : 0.6815"
"11,80 : 0.8122"
"80,11 : 0.8122"
"11,81 : 0.283"
"81,11 : 0.283"
"11,82 : 0.2302"
"82,11 : 0.2302"
"11,83 : 0.4111"
"83,11 : 0.4111"
"11,84 : 0.4101"
"84,11 : 0.4101"
"11,85 : 0.2532"
"85,11 : 0.2532"
"11,86 : 0.4342"
"86,11 : 0.4342"
"11,87 : 0.222"
"87,11 : 0.222"
"11,88 : 0.3111"
"88,11 : 0.3111"
"11,89 : 0.1612"
"89,11 : 0.1612"
"11,90 : 0.3384"
"90,11 : 0.3384"
"11,91 : 0.461"
"91,11 : 0.461"
"11,92 : 0.3985"
"92,11 : 0.3985"
"11,93 : 0.5769"
"93,11 : 0.5769"
"11,94 : 0.461"
"94,11 : 0.461"
"11,95 : 0.661"
"95,11 : 0.661"
"11,96 : 0.4717"
"96,11 : 0.4717"
"11,97 : 0.8184"
"97,11 : 0.8184"
"11,98 : 0.7593"
"98,11 : 0.7593"
"11,99 : 0.3864"
"99,11 : 0.3864"
"12,13 : 0.779"
"13,12 : 0.779"
"12,14 : 0.5186"
"14,12 : 0.5186"
"12,15 : 0.5148"
"15,12 : 0.5148"
"12,16 : 0.333"
"16,12 : 0.333"
"12,17 : 0.4528"
"17,12 : 0.4528"
"12,18 : 0.5914"
"18,12 : 0.5914"
"12,19 : 0.4386"
"19,12 : 0.4386"
"12,20 : 0.3015"
"20,12 : 0.3015"
"12,21 : 0.706"
"21,12 : 0.706"
"12,22 : 0.2195"
"22,12 : 0.2195"
"12,23 : 0.3048"
"23,12 : 0.3048"
"12,24 : 0.2766"
"24,12 : 0.2766"
"12,25 : 0.2746"
"25,12 : 0.2746"
"12,26 : 0.2022"
"26,12 : 0.2022"
"12,27 : 0.3329"
"27,12 : 0.3329"
"12,28 : 0.4429"
"28,12 : 0.4429"
"12,29 : 0.3895"
"29,12 : 0.3895"
"12,30 : 0.4386"
"30,12 : 0.4386"
"12,31 : 0.3081"
"31,12 : 0.3081"
"12,32 : 0.5523"
"32,12 : 0.5523"
"12,33 : 0.6127"
"33,12 : 0.6127"
"12,34 : 0.3397"
"34,12 : 0.3397"
"12,35 : 0.136"
"35,12 : 0.136"
"12,36 : 0.191"
"36,12 : 0.191"
"12,37 : 0.4201"
"37,12 : 0.4201"
"12,38 : 0.3688"
"38,12 : 0.3688"
"12,39 : 0.55"
"39,12 : 0.55"
"12,40 : 0.4478"
"40,12 : 0.4478"
"12,41 : 0.5012"
"41,12 : 0.5012"
"12,42 : 0.4801"
"42,12 : 0.4801"
"12,43 : 0.5644"
"43,12 : 0.5644"
"12,44 : 0.5021"
"44,12 : 0.5021"
"12,45 : 0.2062"
"45,12 : 0.2062"
"12,46 : 0.4817"
"46,12 : 0.4817"
"12,47 : 0.37"
"47,12 : 0.37"
"12,48 : 0.5308"
"48,12 : 0.5308"
"12,49 : 0.1404"
"49,12 : 0.1404"
"12,50 : 0.3489"
"50,12 : 0.3489"
"12,51 : 0.2433"
"51,12 : 0.2433"
"12,52 : 0.5099"
"52,12 : 0.5099"
"12,53 : 0.3324"
"53,12 : 0.3324"
"12,54 : 0.6044"
"54,12 : 0.6044"
"12,55 : 0.2648"
"55,12 : 0.2648"
"12,56 : 0.3041"
"56,12 : 0.3041"
"12,57 : 0.4965"
"57,12 : 0.4965"
"12,58 : 0.34"
"58,12 : 0.34"
"12,59 : 0.4809"
"59,12 : 0.4809"
"12,60 : 0.441"
"60,12 : 0.441"
"12,61 : 0.431"
"61,12 : 0.431"
"12,62 : 0.5544"
"62,12 : 0.5544"
"12,63 : 0.559"
"63,12 : 0.559"
"12,64 : 0.6403"
"64,12 : 0.6403"
"12,65 : 0.5608"
"65,12 : 0.5608"
"12,66 : 0.6407"
"66,12 : 0.6407"
"12,67 : 0.0849"
"67,12 : 0.0849"
"12,68 : 0.5334"
"68,12 : 0.5334"
"12,69 : 0.686"
"69,12 : 0.686"
"12,70 : 0.3748"
"70,12 : 0.3748"
"12,71 : 0.3635"
"71,12 : 0.3635"
"12,72 : 0.2421"
"72,12 : 0.2421"
"12,73 : 0.4401"
"73,12 : 0.4401"
"12,74 : 0.4305"
"74,12 : 0.4305"
"12,75 : 0.2532"
"75,12 : 0.2532"
"12,76 : 0.4952"
"76,12 : 0.4952"
"12,77 : 0.2256"
"77,12 : 0.2256"
"12,78 : 0.3828"
"78,12 : 0.3828"
"12,79 : 0.3688"
"79,12 : 0.3688"
"12,80 : 0.5326"
"80,12 : 0.5326"
"12,81 : 0.2121"
"81,12 : 0.2121"
"12,82 : 0.3401"
"82,12 : 0.3401"
"12,83 : 0.4011"
"83,12 : 0.4011"
"12,84 : 0.5883"
"84,12 : 0.5883"
"12,85 : 0.4808"
"85,12 : 0.4808"
"12,86 : 0.714"
"86,12 : 0.714"
"12,87 : 0.4111"
"87,12 : 0.4111"
"12,88 : 0.6054"
"88,12 : 0.6054"
"12,89 : 0.3754"
"89,12 : 0.3754"
"12,90 : 0.201"
"90,12 : 0.201"
"12,91 : 0.5758"
"91,12 : 0.5758"
"12,92 : 0.6303"
"92,12 : 0.6303"
"12,93 : 0.3905"
"93,12 : 0.3905"
"12,94 : 0.4958"
"94,12 : 0.4958"
"12,95 : 0.3513"
"95,12 : 0.3513"
"12,96 : 0.3544"
"96,12 : 0.3544"
"12,97 : 0.524"
"97,12 : 0.524"
"12,98 : 0.4883"
"98,12 : 0.4883"
"12,99 : 0.5233"
"99,12 : 0.5233"
"13,14 : 0.8688"
"14,13 : 0.8688"
"13,15 : 0.7382"
"15,13 : 0.7382"
"13,16 : 0.446"
"16,13 : 0.446"
"13,17 : 0.5346"
"17,13 : 0.5346"
"13,18 : 0.771"
"18,13 : 0.771"
"13,19 : 0.3847"
"19,13 : 0.3847"
"13,20 : 0.9874"
"20,13 : 0.9874"
"13,21 : 0.1552"
"21,13 : 0.1552"
