x,y
0.15,0.04
0.18,0.54
0.75,0.36
0.07,0.36
0.49,0.65
0.28,0.75
0.68,0.69
0.15,0.62
0.89,0.52
0.58,0.12
0.46,0.12
0.65,0.1
0.94,0.63
0.8,0.99
0.64,0.62
0.19,0.78
0.34,0.14
0.71,0.32
0.49,0.05
0.45,0.5
0.42,0.2
0.43,0.54
0.9,0.53
0.64,0.6
0.27,0.61
0.24,0.44
0.02,0.45
0.56,0.38
0.87,0.51
0.35,0.46
0.61,0.33
0.71,0.83
0.61,0.35
0.38,0.08
0.03,0.79
0.43,0.33
0.12,0.11
0.71,0.97
0.48,0.14
0.63,0.98
0.44,0.53
0.05,0.4
0.62,0.27
0.37,0.3
0.34,0.32
0.32,0.08
0.63,0.76
0.58,0.12
0.91,0.38
0.15,0.67
0.68,0.61
0.04,0.01
0.68,0.28
0.43,0.58
0.26,0.48
0.42,0.78
0.23,0.81
0.3,0.93
0.14,0.83
0.78,0.24
0.53,0.91
0.77,0.19
0.42,0.6
0.58,0.28
0.89,0.07
0.47,0.51
0.73,0.25
0.31,0.84
0.91,0.49
0.94,0.57
0.67,0.24
0.67,0.28
0.34,0.56
0.94,0.52
0.27,0.57
0.43,0.6
0.02,0.39
0.77,0.21
0.22,0.28
0.69,0.47
0.3,0.81
0.77,0.33
0.03,0.75
0.04,0.02
0.38,0.82
0.07,0.53
0.07,0.8
0.45,0.85
0.03,0.55
0.91,0.3
0.74,0.36
0.72,0.62
0.68,0.45
0.99,0.01
0.72,0.75
0.39,0.91
0.17,0.5
0.65,0.31
0.37,0.91
0.21,0.38

Distanze
"0,1 : 0.5009"
"1,0 : 0.5009"
"0,2 : 0.68"
"2,0 : 0.68"
"0,3 : 0.3298"
"3,0 : 0.3298"
"0,4 : 0.6984"
"4,0 : 0.6984"
"0,5 : 0.7218"
"5,0 : 0.7218"
"0,6 : 0.8387"
"6,0 : 0.8387"
"0,7 : 0.58"
"7,0 : 0.58"
"0,8 : 0.882"
"8,0 : 0.882"
"0,9 : 0.4374"
"9,0 : 0.4374"
"0,10 : 0.3202"
"10,0 : 0.3202"
"0,11 : 0.5036"
"11,0 : 0.5036"
"0,12 : 0.986"
"12,0 : 0.986"
"0,13 : 1.1511"
"13,0 : 1.1511"
"0,14 : 0.7593"
"14,0 : 0.7593"
"0,15 : 0.7411"
"15,0 : 0.7411"
"0,16 : 0.2147"
"16,0 : 0.2147"
"0,17 : 0.6261"
"17,0 : 0.6261"
"0,18 : 0.3401"
"18,0 : 0.3401"
"0,19 : 0.5492"
"19,0 : 0.5492"
"0,20 : 0.3138"
"20,0 : 0.3138"
"0,21 : 0.5731"
"21,0 : 0.5731"
"0,22 : 0.8959"
"22,0 : 0.8959"
"0,23 : 0.7441"
"23,0 : 0.7441"
"0,24 : 0.5825"
"24,0 : 0.5825"
"0,25 : 0.41"
"25,0 : 0.41"
"0,26 : 0.4301"
"26,0 : 0.4301"
"0,27 : 0.5326"
"27,0 : 0.5326"
"0,28 : 0.8598"
"28,0 : 0.8598"
"0,29 : 0.4652"
"29,0 : 0.4652"
"0,30 : 0.5438"
"30,0 : 0.5438"
"0,31 : 0.9683"
"31,0 : 0.9683"
"0,32 : 0.5547"
"32,0 : 0.5547"
"0,33 : 0.2335"
"33,0 : 0.2335"
"0,34 : 0.7595"
"34,0 : 0.7595"
"0,35 : 0.4031"
"35,0 : 0.4031"
"0,36 : 0.0762"
"36,0 : 0.0762"
"0,37 : 1.0856"
"37,0 : 1.0856"
"0,38 : 0.3448"
"38,0 : 0.3448"
"0,39 : 1.0555"
"39,0 : 1.0555"
"0,40 : 0.5694"
"40,0 : 0.5694"
"0,41 : 0.3736"
"41,0 : 0.3736"
"0,42 : 0.5233"
"42,0 : 0.5233"
"0,43 : 0.3406"
"43,0 : 0.3406"
"0,44 : 0.3384"
"44,0 : 0.3384"
"0,45 : 0.1746"
"45,0 : 0.1746"
"0,46 : 0.8653"
"46,0 : 0.8653"
"0,47 : 0.4374"
"47,0 : 0.4374"
"0,48 : 0.8326"
"48,0 : 0.8326"
"0,49 : 0.63"
"49,0 : 0.63"
"0,50 : 0.7783"
"50,0 : 0.7783"
"0,51 : 0.114"
"51,0 : 0.114"
"0,52 : 0.5818"
"52,0 : 0.5818"
"0,53 : 0.6083"
"53,0 : 0.6083"
"0,54 : 0.4535"
"54,0 : 0.4535"
"0,55 : 0.7877"
"55,0 : 0.7877"
"0,56 : 0.7741"
"56,0 : 0.7741"
"0,57 : 0.9026"
"57,0 : 0.9026"
"0,58 : 0.7901"
"58,0 : 0.7901"
"0,59 : 0.661"
"59,0 : 0.661"
"0,60 : 0.9494"
"60,0 : 0.9494"
"0,61 : 0.6379"
"61,0 : 0.6379"
"0,62 : 0.6217"
"62,0 : 0.6217"
"0,63 : 0.4924"
"63,0 : 0.4924"
"0,64 : 0.7406"
"64,0 : 0.7406"
"0,65 : 0.5686"
"65,0 : 0.5686"
"0,66 : 0.6168"
"66,0 : 0.6168"
"0,67 : 0.8158"
"67,0 : 0.8158"
"0,68 : 0.8832"
"68,0 : 0.8832"
"0,69 : 0.9513"
"69,0 : 0.9513"
"0,70 : 0.5571"
"70,0 : 0.5571"
"0,71 : 0.5727"
"71,0 : 0.5727"
"0,72 : 0.5536"
"72,0 : 0.5536"
"0,73 : 0.9244"
"73,0 : 0.9244"
"0,74 : 0.5434"
"74,0 : 0.5434"
"0,75 : 0.6261"
"75,0 : 0.6261"
"0,76 : 0.3734"
"76,0 : 0.3734"
"0,77 : 0.6429"
"77,0 : 0.6429"
"0,78 : 0.25"
"78,0 : 0.25"
"0,79 : 0.6903"
"79,0 : 0.6903"
"0,80 : 0.7845"
"80,0 : 0.7845"
"0,81 : 0.6845"
"81,0 : 0.6845"
"0,82 : 0.7201"
"82,0 : 0.7201"
"0,83 : 0.1118"
"83,0 : 0.1118"
"0,84 : 0.8132"
"84,0 : 0.8132"
"0,85 : 0.4965"
"85,0 : 0.4965"
"0,86 : 0.7642"
"86,0 : 0.7642"
"0,87 : 0.8638"
"87,0 : 0.8638"
"0,88 : 0.5239"
"88,0 : 0.5239"
"0,89 : 0.8032"
"89,0 : 0.8032"
"0,90 : 0.6712"
"90,0 : 0.6712"
"0,91 : 0.8132"
"91,0 : 0.8132"
"0,92 : 0.6701"
"92,0 : 0.6701"
"0,93 : 0.8405"
"93,0 : 0.8405"
"0,94 : 0.9105"
"94,0 : 0.9105"
"0,95 : 0.9025"
"95,0 : 0.9025"
"0,96 : 0.4604"
"96,0 : 0.4604"
"0,97 : 0.5682"
"97,0 : 0.5682"
"0,98 : 0.8974"
"98,0 : 0.8974"
"0,99 : 0.3453"
"99,0 : 0.3453"
"1,2 : 0.5977"
"2,1 : 0.5977"
"1,3 : 0.211"
"3,1 : 0.211"
"1,4 : 0.3289"
"4,1 : 0.3289"
"1,5 : 0.2326"
"5,1 : 0.2326"
"1,6 : 0.522"
"6,1 : 0.522"
"1,7 : 0.0854"
"7,1 : 0.0854"
"1,8 : 0.7103"
"8,1 : 0.7103"
"1,9 : 0.58"
"9,1 : 0.58"
"1,10 : 0.5048"
"10,1 : 0.5048"
"1,11 : 0.6438"
"11,1 : 0.6438"
"1,12 : 0.7653"
"12,1 : 0.7653"
"1,13 : 0.7661"
"13,1 : 0.7661"
"1,14 : 0.4669"
"14,1 : 0.4669"
"1,15 : 0.2402"
"15,1 : 0.2402"
"1,16 : 0.4308"
"16,1 : 0.4308"
"1,17 : 0.5738"
"17,1 : 0.5738"
"1,18 : 0.5798"
"18,1 : 0.5798"
"1,19 : 0.2729"
"19,1 : 0.2729"
"1,20 : 0.4162"
"20,1 : 0.4162"
"1,21 : 0.25"
"21,1 : 0.25"
"1,22 : 0.7201"
"22,1 : 0.7201"
"1,23 : 0.4639"
"23,1 : 0.4639"
"1,24 : 0.114"
"24,1 : 0.114"
"1,25 : 0.1166"
"25,1 : 0.1166"
"1,26 : 0.1836"
"26,1 : 0.1836"
"1,27 : 0.4123"
"27,1 : 0.4123"
"1,28 : 0.6907"
"28,1 : 0.6907"
"1,29 : 0.1879"
"29,1 : 0.1879"
"1,30 : 0.4785"
"30,1 : 0.4785"
"1,31 : 0.6042"
"31,1 : 0.6042"
"1,32 : 0.4701"
"32,1 : 0.4701"
"1,33 : 0.5016"
"33,1 : 0.5016"
"1,34 : 0.2915"
"34,1 : 0.2915"
"1,35 : 0.3265"
"35,1 : 0.3265"
"1,36 : 0.4342"
"36,1 : 0.4342"
"1,37 : 0.6825"
"37,1 : 0.6825"
"1,38 : 0.5"
"38,1 : 0.5"
"1,39 : 0.6294"
"39,1 : 0.6294"
"1,40 : 0.2602"
"40,1 : 0.2602"
"1,41 : 0.191"
"41,1 : 0.191"
"1,42 : 0.5162"
"42,1 : 0.5162"
"1,43 : 0.3061"
"43,1 : 0.3061"
"1,44 : 0.272"
"44,1 : 0.272"
"1,45 : 0.4808"
"45,1 : 0.4808"
"1,46 : 0.5009"
"46,1 : 0.5009"
"1,47 : 0.58"
"47,1 : 0.58"
"1,48 : 0.7473"
"48,1 : 0.7473"
"1,49 : 0.1334"
"49,1 : 0.1334"
"1,50 : 0.5049"
"50,1 : 0.5049"
"1,51 : 0.5482"
"51,1 : 0.5482"
"1,52 : 0.5636"
"52,1 : 0.5636"
"1,53 : 0.2532"
"53,1 : 0.2532"
"1,54 : 0.1"
"54,1 : 0.1"
"1,55 : 0.3394"
"55,1 : 0.3394"
"1,56 : 0.2746"
"56,1 : 0.2746"
"1,57 : 0.408"
"57,1 : 0.408"
"1,58 : 0.2927"
"58,1 : 0.2927"
"1,59 : 0.6708"
"59,1 : 0.6708"
"1,60 : 0.5093"
"60,1 : 0.5093"
"1,61 : 0.686"
"61,1 : 0.686"
"1,62 : 0.2474"
"62,1 : 0.2474"
"1,63 : 0.4771"
"63,1 : 0.4771"
"1,64 : 0.8515"
"64,1 : 0.8515"
"1,65 : 0.2915"
"65,1 : 0.2915"
"1,66 : 0.6218"
"66,1 : 0.6218"
"1,67 : 0.327"
"67,1 : 0.327"
"1,68 : 0.7317"
"68,1 : 0.7317"
"1,69 : 0.7606"
"69,1 : 0.7606"
"1,70 : 0.5745"
"70,1 : 0.5745"
"1,71 : 0.5547"
"71,1 : 0.5547"
"1,72 : 0.1612"
"72,1 : 0.1612"
"1,73 : 0.7603"
"73,1 : 0.7603"
"1,74 : 0.0949"
"74,1 : 0.0949"
"1,75 : 0.2571"
"75,1 : 0.2571"
"1,76 : 0.2193"
"76,1 : 0.2193"
"1,77 : 0.676"
"77,1 : 0.676"
"1,78 : 0.2631"
"78,1 : 0.2631"
"1,79 : 0.5148"
"79,1 : 0.5148"
"1,80 : 0.2955"
"80,1 : 0.2955"
"1,81 : 0.6263"
"81,1 : 0.6263"
"1,82 : 0.2581"
"82,1 : 0.2581"
"1,83 : 0.5385"
"83,1 : 0.5385"
"1,84 : 0.3441"
"84,1 : 0.3441"
"1,85 : 0.1105"
"85,1 : 0.1105"
"1,86 : 0.2823"
"86,1 : 0.2823"
"1,87 : 0.4111"
"87,1 : 0.4111"
"1,88 : 0.1503"
"88,1 : 0.1503"
"1,89 : 0.7684"
"89,1 : 0.7684"
"1,90 : 0.5882"
"90,1 : 0.5882"
"1,91 : 0.5459"
"91,1 : 0.5459"
"1,92 : 0.508"
"92,1 : 0.508"
"1,93 : 0.968"
"93,1 : 0.968"
"1,94 : 0.5794"
"94,1 : 0.5794"
"1,95 : 0.4254"
"95,1 : 0.4254"
"1,96 : 0.0412"
"96,1 : 0.0412"
"1,97 : 0.5233"
"97,1 : 0.5233"
"1,98 : 0.4159"
"98,1 : 0.4159"
"1,99 : 0.1628"
"99,1 : 0.1628"
"2,3 : 0.68"
"3,2 : 0.68"
"2,4 : 0.3895"
"4,2 : 0.3895"
"2,5 : 0.6107"
"5,2 : 0.6107"
"2,6 : 0.3373"
"6,2 : 0.3373"
"2,7 : 0.6539"
"7,2 : 0.6539"
"2,8 : 0.2126"
"8,2 : 0.2126"
"2,9 : 0.2941"
"9,2 : 0.2941"
"2,10 : 0.3764"
"10,2 : 0.3764"
"2,11 : 0.2786"
"11,2 : 0.2786"
"2,12 : 0.3302"
"12,2 : 0.3302"
"2,13 : 0.632"
"13,2 : 0.632"
"2,14 : 0.2823"
"14,2 : 0.2823"
"2,15 : 0.7"
"15,2 : 0.7"
"2,16 : 0.4653"
"16,2 : 0.4653"
"2,17 : 0.0566"
"17,2 : 0.0566"
"2,18 : 0.4046"
"18,2 : 0.4046"
"2,19 : 0.3311"
"19,2 : 0.3311"
"2,20 : 0.3667"
"20,2 : 0.3667"
"2,21 : 0.3672"
"21,2 : 0.3672"
"2,22 : 0.2267"
"22,2 : 0.2267"
"2,23 : 0.264"
"23,2 : 0.264"
"2,24 : 0.5412"
"24,2 : 0.5412"
"2,25 : 0.5162"
"25,2 : 0.5162"
"2,26 : 0.7355"
"26,2 : 0.7355"
"2,27 : 0.191"
"27,2 : 0.191"
"2,28 : 0.1921"
"28,2 : 0.1921"
"2,29 : 0.4123"
"29,2 : 0.4123"
"2,30 : 0.1432"
"30,2 : 0.1432"
"2,31 : 0.4717"
"31,2 : 0.4717"
"2,32 : 0.1404"
"32,2 : 0.1404"
"2,33 : 0.464"
"33,2 : 0.464"
"2,34 : 0.8386"
"34,2 : 0.8386"
"2,35 : 0.3214"
"35,2 : 0.3214"
"2,36 : 0.6778"
"36,2 : 0.6778"
"2,37 : 0.6113"
"37,2 : 0.6113"
"2,38 : 0.3483"
"38,2 : 0.3483"
"2,39 : 0.6315"
"39,2 : 0.6315"
"2,40 : 0.3536"
"40,2 : 0.3536"
"2,41 : 0.7011"
"41,2 : 0.7011"
"2,42 : 0.1581"
"42,2 : 0.1581"
"2,43 : 0.3847"
"43,2 : 0.3847"
"2,44 : 0.4119"
"44,2 : 0.4119"
"2,45 : 0.5131"
"45,2 : 0.5131"
"2,46 : 0.4176"
"46,2 : 0.4176"
"2,47 : 0.2941"
"47,2 : 0.2941"
"2,48 : 0.1612"
"48,2 : 0.1612"
"2,49 : 0.6754"
"49,2 : 0.6754"
"2,50 : 0.2596"
"50,2 : 0.2596"
"2,51 : 0.7916"
"51,2 : 0.7916"
"2,52 : 0.1063"
"52,2 : 0.1063"
"2,53 : 0.3883"
"53,2 : 0.3883"
"2,54 : 0.5045"
"54,2 : 0.5045"
"2,55 : 0.5341"
"55,2 : 0.5341"
"2,56 : 0.6877"
"56,2 : 0.6877"
"2,57 : 0.7262"
"57,2 : 0.7262"
"2,58 : 0.7701"
"58,2 : 0.7701"
"2,59 : 0.1237"
"59,2 : 0.1237"
"2,60 : 0.5924"
"60,2 : 0.5924"
"2,61 : 0.1712"
"61,2 : 0.1712"
"2,62 : 0.408"
"62,2 : 0.408"
"2,63 : 0.1879"
"63,2 : 0.1879"
"2,64 : 0.322"
"64,2 : 0.322"
"2,65 : 0.3176"
"65,2 : 0.3176"
"2,66 : 0.1118"
"66,2 : 0.1118"
"2,67 : 0.6512"
"67,2 : 0.6512"
"2,68 : 0.2062"
"68,2 : 0.2062"
"2,69 : 0.2832"
"69,2 : 0.2832"
"2,70 : 0.1442"
"70,2 : 0.1442"
"2,71 : 0.1131"
"71,2 : 0.1131"
"2,72 : 0.4562"
"72,2 : 0.4562"
"2,73 : 0.2484"
"73,2 : 0.2484"
"2,74 : 0.5239"
"74,2 : 0.5239"
"2,75 : 0.4"
"75,2 : 0.4"
"2,76 : 0.7306"
"76,2 : 0.7306"
"2,77 : 0.1513"
"77,2 : 0.1513"
"2,78 : 0.536"
"78,2 : 0.536"
"2,79 : 0.1253"
"79,2 : 0.1253"
"2,80 : 0.6364"
"80,2 : 0.6364"
"2,81 : 0.0361"
"81,2 : 0.0361"
"2,82 : 0.8188"
"82,2 : 0.8188"
"2,83 : 0.7872"
"83,2 : 0.7872"
"2,84 : 0.5903"
"84,2 : 0.5903"
"2,85 : 0.7009"
"85,2 : 0.7009"
"2,86 : 0.8099"
"86,2 : 0.8099"
"2,87 : 0.5745"
"87,2 : 0.5745"
"2,88 : 0.7446"
"88,2 : 0.7446"
"2,89 : 0.1709"
"89,2 : 0.1709"
"2,90 : 0.01"
"90,2 : 0.01"
"2,91 : 0.2617"
"91,2 : 0.2617"
"2,92 : 0.114"
"92,2 : 0.114"
"2,93 : 0.4244"
"93,2 : 0.4244"
"2,94 : 0.3912"
"94,2 : 0.3912"
"2,95 : 0.6573"
"95,2 : 0.6573"
"2,96 : 0.5967"
"96,2 : 0.5967"
"2,97 : 0.1118"
"97,2 : 0.1118"
"2,98 : 0.6685"
"98,2 : 0.6685"
"2,99 : 0.5404"
"99,2 : 0.5404"
"3,4 : 0.5104"
"4,3 : 0.5104"
"3,5 : 0.4429"
"5,3 : 0.4429"
"3,6 : 0.6935"
"6,3 : 0.6935"
"3,7 : 0.272"
"7,3 : 0.272"
"3,8 : 0.8355"
"8,3 : 0.8355"
"3,9 : 0.5636"
"9,3 : 0.5636"
"3,10 : 0.4579"
"10,3 : 0.4579"
"3,11 : 0.6356"
"11,3 : 0.6356"
"3,12 : 0.9109"
"12,3 : 0.9109"
"3,13 : 0.9643"
"13,3 : 0.9643"
"3,14 : 0.6265"
"14,3 : 0.6265"
"3,15 : 0.4368"
"15,3 : 0.4368"
"3,16 : 0.3483"
"16,3 : 0.3483"
"3,17 : 0.6412"
"17,3 : 0.6412"
"3,18 : 0.522"
"18,3 : 0.522"
"3,19 : 0.405"
"19,3 : 0.405"
"3,20 : 0.3848"
"20,3 : 0.3848"
"3,21 : 0.4025"
"21,3 : 0.4025"
"3,22 : 0.8472"
"22,3 : 0.8472"
"3,23 : 0.6185"
"23,3 : 0.6185"
"3,24 : 0.3202"
"24,3 : 0.3202"
"3,25 : 0.1879"
"25,3 : 0.1879"
"3,26 : 0.103"
"26,3 : 0.103"
"3,27 : 0.4904"
"27,3 : 0.4904"
"3,28 : 0.8139"
"28,3 : 0.8139"
"3,29 : 0.2973"
"29,3 : 0.2973"
"3,30 : 0.5408"
"30,3 : 0.5408"
"3,31 : 0.794"
"31,3 : 0.794"
"3,32 : 0.5401"
"32,3 : 0.5401"
"3,33 : 0.4177"
"33,3 : 0.4177"
"3,34 : 0.4319"
"34,3 : 0.4319"
"3,35 : 0.3612"
"35,3 : 0.3612"
"3,36 : 0.255"
"36,3 : 0.255"
"3,37 : 0.8841"
"37,3 : 0.8841"
"3,38 : 0.4653"
"38,3 : 0.4653"
"3,39 : 0.8355"
"39,3 : 0.8355"
"3,40 : 0.4072"
"40,3 : 0.4072"
"3,41 : 0.0447"
"41,3 : 0.0447"
"3,42 : 0.5573"
"42,3 : 0.5573"
"3,43 : 0.3059"
"43,3 : 0.3059"
"3,44 : 0.2729"
"44,3 : 0.2729"
"3,45 : 0.3754"
"45,3 : 0.3754"
"3,46 : 0.6882"
"46,3 : 0.6882"
"3,47 : 0.5636"
"47,3 : 0.5636"
"3,48 : 0.8402"
"48,3 : 0.8402"
"3,49 : 0.3202"
"49,3 : 0.3202"
"3,50 : 0.6592"
"50,3 : 0.6592"
"3,51 : 0.3513"
"51,3 : 0.3513"
"3,52 : 0.6152"
"52,3 : 0.6152"
"3,53 : 0.4219"
"53,3 : 0.4219"
"3,54 : 0.2247"
"54,3 : 0.2247"
"3,55 : 0.5467"
"55,3 : 0.5467"
"3,56 : 0.4776"
"56,3 : 0.4776"
"3,57 : 0.6147"
"57,3 : 0.6147"
"3,58 : 0.4752"
"58,3 : 0.4752"
"3,59 : 0.7201"
"59,3 : 0.7201"
"3,60 : 0.717"
"60,3 : 0.717"
"3,61 : 0.7203"
"61,3 : 0.7203"
"3,62 : 0.4244"
"62,3 : 0.4244"
"3,63 : 0.5162"
"63,3 : 0.5162"
"3,64 : 0.8698"
"64,3 : 0.8698"
"3,65 : 0.4272"
"65,3 : 0.4272"
"3,66 : 0.6691"
"66,3 : 0.6691"
"3,67 : 0.5367"
"67,3 : 0.5367"
"3,68 : 0.85"
"68,3 : 0.85"
"3,69 : 0.895"
"69,3 : 0.895"
"3,70 : 0.6119"
"70,3 : 0.6119"
"3,71 : 0.6053"
"71,3 : 0.6053"
"3,72 : 0.336"
"72,3 : 0.336"
"3,73 : 0.8846"
"73,3 : 0.8846"
"3,74 : 0.29"
"74,3 : 0.29"
"3,75 : 0.4327"
"75,3 : 0.4327"
"3,76 : 0.0583"
"76,3 : 0.0583"
"3,77 : 0.7159"
"77,3 : 0.7159"
"3,78 : 0.17"
"78,3 : 0.17"
"3,79 : 0.6297"
"79,3 : 0.6297"
"3,80 : 0.5054"
"80,3 : 0.5054"
"3,81 : 0.7006"
"81,3 : 0.7006"
"3,82 : 0.392"
"82,3 : 0.392"
"3,83 : 0.3413"
"83,3 : 0.3413"
"3,84 : 0.5547"
"84,3 : 0.5547"
"3,85 : 0.17"
"85,3 : 0.17"
"3,86 : 0.44"
"86,3 : 0.44"
"3,87 : 0.6201"
"87,3 : 0.6201"
"3,88 : 0.1942"
"88,3 : 0.1942"
"3,89 : 0.8421"
"89,3 : 0.8421"
"3,90 : 0.67"
"90,3 : 0.67"
"3,91 : 0.7001"
"91,3 : 0.7001"
"3,92 : 0.6166"
"92,3 : 0.6166"
"3,93 : 0.9843"
"93,3 : 0.9843"
"3,94 : 0.758"
"94,3 : 0.758"
"3,95 : 0.6363"
"95,3 : 0.6363"
"3,96 : 0.172"
"96,3 : 0.172"
"3,97 : 0.5822"
"97,3 : 0.5822"
"3,98 : 0.6265"
"98,3 : 0.6265"
"3,99 : 0.1414"
"99,3 : 0.1414"
"4,5 : 0.2326"
"5,4 : 0.2326"
"4,6 : 0.1942"
"6,4 : 0.1942"
"4,7 : 0.3413"
"7,4 : 0.3413"
"4,8 : 0.4206"
"8,4 : 0.4206"
"4,9 : 0.5376"
"9,4 : 0.5376"
"4,10 : 0.5308"
"10,4 : 0.5308"
"4,11 : 0.5728"
"11,4 : 0.5728"
"4,12 : 0.4504"
"12,4 : 0.4504"
"4,13 : 0.4601"
"13,4 : 0.4601"
"4,14 : 0.153"
"14,4 : 0.153"
"4,15 : 0.327"
"15,4 : 0.327"
"4,16 : 0.5316"
"16,4 : 0.5316"
"4,17 : 0.3966"
"17,4 : 0.3966"
"4,18 : 0.6"
"18,4 : 0.6"
"4,19 : 0.1552"
"19,4 : 0.1552"
"4,20 : 0.4554"
"20,4 : 0.4554"
"4,21 : 0.1253"
"21,4 : 0.1253"
"4,22 : 0.4272"
"22,4 : 0.4272"
"4,23 : 0.1581"
"23,4 : 0.1581"
"4,24 : 0.2236"
"24,4 : 0.2236"
"4,25 : 0.3265"
"25,4 : 0.3265"
"4,26 : 0.5108"
"26,4 : 0.5108"
"4,27 : 0.2789"
"27,4 : 0.2789"
"4,28 : 0.405"
"28,4 : 0.405"
"4,29 : 0.236"
"29,4 : 0.236"
"4,30 : 0.3418"
"30,4 : 0.3418"
"4,31 : 0.2843"
"31,4 : 0.2843"
"4,32 : 0.3231"
"32,4 : 0.3231"
"4,33 : 0.5805"
"33,4 : 0.5805"
"4,34 : 0.4808"
"34,4 : 0.4808"
"4,35 : 0.3256"
"35,4 : 0.3256"
"4,36 : 0.6546"
"36,4 : 0.6546"
"4,37 : 0.3883"
"37,4 : 0.3883"
"4,38 : 0.5101"
"38,4 : 0.5101"
"4,39 : 0.3585"
"39,4 : 0.3585"
"4,40 : 0.13"
"40,4 : 0.13"
"4,41 : 0.5061"
"41,4 : 0.5061"
"4,42 : 0.4016"
"42,4 : 0.4016"
"4,43 : 0.37"
"43,4 : 0.37"
"4,44 : 0.3625"
"44,4 : 0.3625"
"4,45 : 0.5948"
"45,4 : 0.5948"
"4,46 : 0.178"
"46,4 : 0.178"
"4,47 : 0.5376"
"47,4 : 0.5376"
"4,48 : 0.4993"
"48,4 : 0.4993"
"4,49 : 0.3406"
"49,4 : 0.3406"
"4,50 : 0.1942"
"50,4 : 0.1942"
"4,51 : 0.7824"
"51,4 : 0.7824"
"4,52 : 0.4159"
"52,4 : 0.4159"
"4,53 : 0.0922"
"53,4 : 0.0922"
"4,54 : 0.286"
"54,4 : 0.286"
"4,55 : 0.1476"
"55,4 : 0.1476"
"4,56 : 0.3053"
"56,4 : 0.3053"
"4,57 : 0.3384"
"57,4 : 0.3384"
"4,58 : 0.3936"
"58,4 : 0.3936"
"4,59 : 0.5022"
"59,4 : 0.5022"
"4,60 : 0.2631"
"60,4 : 0.2631"
"4,61 : 0.5385"
"61,4 : 0.5385"
"4,62 : 0.086"
"62,4 : 0.086"
"4,63 : 0.3808"
"63,4 : 0.3808"
"4,64 : 0.7046"
"64,4 : 0.7046"
"4,65 : 0.1414"
"65,4 : 0.1414"
"4,66 : 0.4665"
"66,4 : 0.4665"
"4,67 : 0.2617"
"67,4 : 0.2617"
"4,68 : 0.4494"
"68,4 : 0.4494"
"4,69 : 0.4571"
"69,4 : 0.4571"
"4,70 : 0.4478"
"70,4 : 0.4478"
"4,71 : 0.4115"
"71,4 : 0.4115"
"4,72 : 0.1749"
"72,4 : 0.1749"
"4,73 : 0.4684"
"73,4 : 0.4684"
"4,74 : 0.2341"
"74,4 : 0.2341"
"4,75 : 0.0781"
"75,4 : 0.0781"
"4,76 : 0.5371"
"76,4 : 0.5371"
"4,77 : 0.5215"
"77,4 : 0.5215"
"4,78 : 0.458"
"78,4 : 0.458"
"4,79 : 0.2691"
"79,4 : 0.2691"
"4,80 : 0.2484"
"80,4 : 0.2484"
"4,81 : 0.4252"
"81,4 : 0.4252"
"4,82 : 0.4707"
"82,4 : 0.4707"
"4,83 : 0.7742"
"83,4 : 0.7742"
"4,84 : 0.2025"
"84,4 : 0.2025"
"4,85 : 0.4368"
"85,4 : 0.4368"
"4,86 : 0.446"
"86,4 : 0.446"
"4,87 : 0.204"
"87,4 : 0.204"
"4,88 : 0.4707"
"88,4 : 0.4707"
"4,89 : 0.5467"
"89,4 : 0.5467"
"4,90 : 0.3829"
"90,4 : 0.3829"
"4,91 : 0.2319"
"91,4 : 0.2319"
"4,92 : 0.2759"
"92,4 : 0.2759"
"4,93 : 0.8122"
"93,4 : 0.8122"
"4,94 : 0.2508"
"94,4 : 0.2508"
"4,95 : 0.2786"
"95,4 : 0.2786"
"4,96 : 0.3534"
"96,4 : 0.3534"
"4,97 : 0.3758"
"97,4 : 0.3758"
"4,98 : 0.2864"
"98,4 : 0.2864"
"4,99 : 0.389"
"99,4 : 0.389"
"5,6 : 0.4045"
"6,5 : 0.4045"
"5,7 : 0.1838"
"7,5 : 0.1838"
"5,8 : 0.6519"
"8,5 : 0.6519"
"5,9 : 0.6978"
"9,5 : 0.6978"
"5,10 : 0.6552"
"10,5 : 0.6552"
"5,11 : 0.7479"
"11,5 : 0.7479"
"5,12 : 0.6708"
"12,5 : 0.6708"
"5,13 : 0.5727"
"13,5 : 0.5727"
"5,14 : 0.3828"
"14,5 : 0.3828"
"5,15 : 0.0949"
"15,5 : 0.0949"
"5,16 : 0.6129"
"16,5 : 0.6129"
"5,17 : 0.6081"
"17,5 : 0.6081"
"5,18 : 0.7308"
"18,5 : 0.7308"
"5,19 : 0.3023"
"19,5 : 0.3023"
"5,20 : 0.5675"
"20,5 : 0.5675"
"5,21 : 0.2581"
"21,5 : 0.2581"
"5,22 : 0.6579"
"22,5 : 0.6579"
"5,23 : 0.39"
"23,5 : 0.39"
"5,24 : 0.1404"
"24,5 : 0.1404"
"5,25 : 0.3126"
"25,5 : 0.3126"
"5,26 : 0.397"
"26,5 : 0.397"
"5,27 : 0.464"
"27,5 : 0.464"
"5,28 : 0.6369"
"28,5 : 0.6369"
"5,29 : 0.2983"
"29,5 : 0.2983"
"5,30 : 0.5341"
"30,5 : 0.5341"
"5,31 : 0.4374"
"31,5 : 0.4374"
"5,32 : 0.5186"
"32,5 : 0.5186"
"5,33 : 0.6774"
"33,5 : 0.6774"
"5,34 : 0.2532"
"34,5 : 0.2532"
"5,35 : 0.446"
"35,5 : 0.446"
"5,36 : 0.6597"
"36,5 : 0.6597"
"5,37 : 0.483"
"37,5 : 0.483"
"5,38 : 0.642"
"38,5 : 0.642"
"5,39 : 0.4188"
"39,5 : 0.4188"
"5,40 : 0.272"
"40,5 : 0.272"
"5,41 : 0.4188"
"41,5 : 0.4188"
"5,42 : 0.5882"
"42,5 : 0.5882"
"5,43 : 0.4589"
"43,5 : 0.4589"
"5,44 : 0.4342"
"44,5 : 0.4342"
"5,45 : 0.6712"
"45,5 : 0.6712"
"5,46 : 0.3501"
"46,5 : 0.3501"
"5,47 : 0.6978"
"47,5 : 0.6978"
"5,48 : 0.7306"
"48,5 : 0.7306"
"5,49 : 0.1526"
"49,5 : 0.1526"
"5,50 : 0.4238"
"50,5 : 0.4238"
"5,51 : 0.7779"
"51,5 : 0.7779"
"5,52 : 0.6172"
"52,5 : 0.6172"
"5,53 : 0.2267"
"53,5 : 0.2267"
"5,54 : 0.2707"
"54,5 : 0.2707"
"5,55 : 0.1432"
"55,5 : 0.1432"
"5,56 : 0.0781"
"56,5 : 0.0781"
"5,57 : 0.1811"
"57,5 : 0.1811"
"5,58 : 0.1612"
"58,5 : 0.1612"
"5,59 : 0.7142"
"59,5 : 0.7142"
"5,60 : 0.2968"
"60,5 : 0.2968"
"5,61 : 0.7441"
"61,5 : 0.7441"
"5,62 : 0.2052"
"62,5 : 0.2052"
"5,63 : 0.5576"
"63,5 : 0.5576"
"5,64 : 0.9135"
"64,5 : 0.9135"
"5,65 : 0.3061"
"65,5 : 0.3061"
"5,66 : 0.6727"
"66,5 : 0.6727"
"5,67 : 0.0949"
"67,5 : 0.0949"
"5,68 : 0.6815"
"68,5 : 0.6815"
"5,69 : 0.6841"
"69,5 : 0.6841"
"5,70 : 0.642"
"70,5 : 0.642"
"5,71 : 0.6107"
"71,5 : 0.6107"
"5,72 : 0.1992"
"72,5 : 0.1992"
"5,73 : 0.6989"
"73,5 : 0.6989"
"5,74 : 0.1803"
"74,5 : 0.1803"
"5,75 : 0.2121"
"75,5 : 0.2121"
"5,76 : 0.4441"
"76,5 : 0.4441"
"5,77 : 0.7292"
"77,5 : 0.7292"
"5,78 : 0.4738"
"78,5 : 0.4738"
"5,79 : 0.4965"
"79,5 : 0.4965"
"5,80 : 0.0632"
"80,5 : 0.0632"
"5,81 : 0.6454"
"81,5 : 0.6454"
"5,82 : 0.25"
"82,5 : 0.25"
"5,83 : 0.7684"
"83,5 : 0.7684"
"5,84 : 0.1221"
"84,5 : 0.1221"
"5,85 : 0.3041"
"85,5 : 0.3041"
"5,86 : 0.2159"
"86,5 : 0.2159"
"5,87 : 0.1972"
"87,5 : 0.1972"
"5,88 : 0.3202"
"88,5 : 0.3202"
"5,89 : 0.7742"
"89,5 : 0.7742"
"5,90 : 0.6031"
"90,5 : 0.6031"
"5,91 : 0.4588"
"91,5 : 0.4588"
"5,92 : 0.5"
"92,5 : 0.5"
"5,93 : 1.0255"
"93,5 : 1.0255"
"5,94 : 0.44"
"94,5 : 0.44"
"5,95 : 0.1942"
"95,5 : 0.1942"
"5,96 : 0.2731"
"96,5 : 0.2731"
"5,97 : 0.5749"
"97,5 : 0.5749"
"5,98 : 0.1836"
"98,5 : 0.1836"
"5,99 : 0.3766"
"99,5 : 0.3766"
"6,7 : 0.5346"
"7,6 : 0.5346"
"6,8 : 0.2702"
"8,6 : 0.2702"
"6,9 : 0.5787"
"9,6 : 0.5787"
"6,10 : 0.611"
"10,6 : 0.611"
"6,11 : 0.5908"
"11,6 : 0.5908"
"6,12 : 0.2668"
"12,6 : 0.2668"
"6,13 : 0.3231"
"13,6 : 0.3231"
"6,14 : 0.0806"
"14,6 : 0.0806"
"6,15 : 0.4982"
"15,6 : 0.4982"
"6,16 : 0.6466"
"16,6 : 0.6466"
"6,17 : 0.3712"
"17,6 : 0.3712"
"6,18 : 0.6676"
"18,6 : 0.6676"
"6,19 : 0.2983"
"19,6 : 0.2983"
"6,20 : 0.5547"
"20,6 : 0.5547"
"6,21 : 0.2915"
"21,6 : 0.2915"
"6,22 : 0.272"
"22,6 : 0.272"
"6,23 : 0.0985"
"23,6 : 0.0985"
"6,24 : 0.4177"
"24,6 : 0.4177"
"6,25 : 0.5061"
"25,6 : 0.5061"
"6,26 : 0.7023"
"26,6 : 0.7023"
"6,27 : 0.3324"
"27,6 : 0.3324"
"6,28 : 0.2617"
"28,6 : 0.2617"
"6,29 : 0.4022"
"29,6 : 0.4022"
"6,30 : 0.3667"
"30,6 : 0.3667"
"6,31 : 0.1432"
"31,6 : 0.1432"
"6,32 : 0.3471"
"32,6 : 0.3471"
"6,33 : 0.6798"
"33,6 : 0.6798"
"6,34 : 0.6576"
"34,6 : 0.6576"
"6,35 : 0.4383"
"35,6 : 0.4383"
"6,36 : 0.8062"
"36,6 : 0.8062"
"6,37 : 0.2816"
"37,6 : 0.2816"
"6,38 : 0.5852"
"38,6 : 0.5852"
"6,39 : 0.2943"
"39,6 : 0.2943"
"6,40 : 0.2884"
"40,6 : 0.2884"
"6,41 : 0.6935"
"41,6 : 0.6935"
"6,42 : 0.4243"
"42,6 : 0.4243"
"6,43 : 0.4982"
"43,6 : 0.4982"
"6,44 : 0.5025"
"44,6 : 0.5025"
"6,45 : 0.7083"
"45,6 : 0.7083"
"6,46 : 0.086"
"46,6 : 0.086"
"6,47 : 0.5787"
"47,6 : 0.5787"
"6,48 : 0.386"
"48,6 : 0.386"
"6,49 : 0.5304"
"49,6 : 0.5304"
"6,50 : 0.08"
"50,6 : 0.08"
"6,51 : 0.9338"
"51,6 : 0.9338"
"6,52 : 0.41"
"52,6 : 0.41"
"6,53 : 0.2731"
"53,6 : 0.2731"
"6,54 : 0.4696"
"54,6 : 0.4696"
"6,55 : 0.2751"
"55,6 : 0.2751"
"6,56 : 0.4657"
"56,6 : 0.4657"
"6,57 : 0.4494"
"57,6 : 0.4494"
"6,58 : 0.5579"
"58,6 : 0.5579"
"6,59 : 0.461"
"59,6 : 0.461"
"6,60 : 0.2663"
"60,6 : 0.2663"
"6,61 : 0.508"
"61,6 : 0.508"
"6,62 : 0.2751"
"62,6 : 0.2751"
"6,63 : 0.422"
"63,6 : 0.422"
"6,64 : 0.6546"
"64,6 : 0.6546"
"6,65 : 0.2766"
"65,6 : 0.2766"
"6,66 : 0.4428"
"66,6 : 0.4428"
"6,67 : 0.3992"
"67,6 : 0.3992"
"6,68 : 0.3048"
"68,6 : 0.3048"
"6,69 : 0.2864"
"69,6 : 0.2864"
"6,70 : 0.4501"
"70,6 : 0.4501"
"6,71 : 0.4101"
"71,6 : 0.4101"
"6,72 : 0.364"
"72,6 : 0.364"
"6,73 : 0.3106"
"73,6 : 0.3106"
"6,74 : 0.4272"
"74,6 : 0.4272"
"6,75 : 0.2657"
"75,6 : 0.2657"
"6,76 : 0.725"
"76,6 : 0.725"
"6,77 : 0.4884"
"77,6 : 0.4884"
"6,78 : 0.6162"
"78,6 : 0.6162"
"6,79 : 0.2202"
"79,6 : 0.2202"
"6,80 : 0.3985"
"80,6 : 0.3985"
"6,81 : 0.3711"
"81,6 : 0.3711"
"6,82 : 0.6528"
"82,6 : 0.6528"
"6,83 : 0.9266"
"83,6 : 0.9266"
"6,84 : 0.327"
"84,6 : 0.327"
"6,85 : 0.6306"
"85,6 : 0.6306"
"6,86 : 0.6198"
"86,6 : 0.6198"
"6,87 : 0.2802"
"87,6 : 0.2802"
"6,88 : 0.6649"
"88,6 : 0.6649"
"6,89 : 0.4528"
"89,6 : 0.4528"
"6,90 : 0.3354"
"90,6 : 0.3354"
"6,91 : 0.0806"
"91,6 : 0.0806"
"6,92 : 0.24"
"92,6 : 0.24"
"6,93 : 0.7473"
"93,6 : 0.7473"
"6,94 : 0.0721"
"94,6 : 0.0721"
"6,95 : 0.364"
"95,6 : 0.364"
"6,96 : 0.5442"
"96,6 : 0.5442"
"6,97 : 0.3812"
"97,6 : 0.3812"
"6,98 : 0.3801"
"98,6 : 0.3801"
"6,99 : 0.563"
"99,6 : 0.563"
"7,8 : 0.7467"
"8,7 : 0.7467"
"7,9 : 0.6595"
"9,7 : 0.6595"
"7,10 : 0.5883"
"10,7 : 0.5883"
"7,11 : 0.7214"
"11,7 : 0.7214"
"7,12 : 0.7901"
"12,7 : 0.7901"
"7,13 : 0.7479"
"13,7 : 0.7479"
"7,14 : 0.49"
"14,7 : 0.49"
"7,15 : 0.1649"
"15,7 : 0.1649"
"7,16 : 0.5162"
"16,7 : 0.5162"
"7,17 : 0.6353"
"17,7 : 0.6353"
"7,18 : 0.6637"
"18,7 : 0.6637"
"7,19 : 0.3231"
"19,7 : 0.3231"
"7,20 : 0.4993"
"20,7 : 0.4993"
"7,21 : 0.2912"
"21,7 : 0.2912"
"7,22 : 0.7554"
"22,7 : 0.7554"
"7,23 : 0.4904"
"23,7 : 0.4904"
"7,24 : 0.1204"
"24,7 : 0.1204"
"7,25 : 0.2012"
"25,7 : 0.2012"
"7,26 : 0.214"
"26,7 : 0.214"
"7,27 : 0.4751"
"27,7 : 0.4751"
"7,28 : 0.7284"
"28,7 : 0.7284"
"7,29 : 0.2561"
"29,7 : 0.2561"
"7,30 : 0.5438"
"30,7 : 0.5438"
"7,31 : 0.5981"
"31,7 : 0.5981"
"7,32 : 0.5334"
"32,7 : 0.5334"
"7,33 : 0.5869"
"33,7 : 0.5869"
"7,34 : 0.2081"
"34,7 : 0.2081"
"7,35 : 0.4031"
"35,7 : 0.4031"
"7,36 : 0.5109"
"36,7 : 0.5109"
"7,37 : 0.6604"
"37,7 : 0.6604"
"7,38 : 0.5825"
"38,7 : 0.5825"
"7,39 : 0.6"
"39,7 : 0.6"
"7,40 : 0.3036"
"40,7 : 0.3036"
"7,41 : 0.2417"
"41,7 : 0.2417"
"7,42 : 0.586"
"42,7 : 0.586"
"7,43 : 0.3883"
"43,7 : 0.3883"
"7,44 : 0.3551"
"44,7 : 0.3551"
"7,45 : 0.5661"
"45,7 : 0.5661"
"7,46 : 0.5"
"46,7 : 0.5"
"7,47 : 0.6595"
"47,7 : 0.6595"
"7,48 : 0.797"
"48,7 : 0.797"
"7,49 : 0.05"
"49,7 : 0.05"
"7,50 : 0.5301"
"50,7 : 0.5301"
"7,51 : 0.6198"
"51,7 : 0.6198"
"7,52 : 0.6297"
"52,7 : 0.6297"
"7,53 : 0.2828"
"53,7 : 0.2828"
"7,54 : 0.178"
"54,7 : 0.178"
"7,55 : 0.3138"
"55,7 : 0.3138"
"7,56 : 0.2062"
"56,7 : 0.2062"
"7,57 : 0.3444"
"57,7 : 0.3444"
"7,58 : 0.2102"
"58,7 : 0.2102"
"7,59 : 0.7357"
"59,7 : 0.7357"
"7,60 : 0.478"
"60,7 : 0.478"
"7,61 : 0.7545"
"61,7 : 0.7545"
"7,62 : 0.2707"
"62,7 : 0.2707"
"7,63 : 0.5482"
"63,7 : 0.5482"
"7,64 : 0.922"
"64,7 : 0.922"
"7,65 : 0.3384"
"65,7 : 0.3384"
"7,66 : 0.688"
"66,7 : 0.688"
"7,67 : 0.272"
"67,7 : 0.272"
"7,68 : 0.771"
"68,7 : 0.771"
"7,69 : 0.7916"
"69,7 : 0.7916"
"7,70 : 0.644"
"70,7 : 0.644"
"7,71 : 0.6213"
"71,7 : 0.6213"
"7,72 : 0.1992"
"72,7 : 0.1992"
"7,73 : 0.7963"
"73,7 : 0.7963"
"7,74 : 0.13"
"74,7 : 0.13"
"7,75 : 0.2807"
"75,7 : 0.2807"
"7,76 : 0.2642"
"76,7 : 0.2642"
"7,77 : 0.7433"
"77,7 : 0.7433"
"7,78 : 0.3471"
"78,7 : 0.3471"
"7,79 : 0.5604"
"79,7 : 0.5604"
"7,80 : 0.2421"
"80,7 : 0.2421"
"7,81 : 0.6845"
"81,7 : 0.6845"
"7,82 : 0.1769"
"82,7 : 0.1769"
"7,83 : 0.61"
"83,7 : 0.61"
"7,84 : 0.3048"
"84,7 : 0.3048"
"7,85 : 0.1204"
"85,7 : 0.1204"
"7,86 : 0.197"
"86,7 : 0.197"
"7,87 : 0.378"
"87,7 : 0.378"
"7,88 : 0.1389"
"88,7 : 0.1389"
"7,89 : 0.8246"
"89,7 : 0.8246"
"7,90 : 0.6447"
"90,7 : 0.6447"
"7,91 : 0.57"
"91,7 : 0.57"
"7,92 : 0.5566"
"92,7 : 0.5566"
"7,93 : 1.0381"
"93,7 : 1.0381"
"7,94 : 0.5846"
"94,7 : 0.5846"
"7,95 : 0.3764"
"95,7 : 0.3764"
"7,96 : 0.1217"
"96,7 : 0.1217"
"7,97 : 0.5883"
"97,7 : 0.5883"
"7,98 : 0.364"
"98,7 : 0.364"
"7,99 : 0.2474"
"99,7 : 0.2474"
"8,9 : 0.5061"
"9,8 : 0.5061"
"8,10 : 0.5873"
"10,8 : 0.5873"
"8,11 : 0.4837"
"11,8 : 0.4837"
"8,12 : 0.1208"
"12,8 : 0.1208"
"8,13 : 0.4785"
"13,8 : 0.4785"
"8,14 : 0.2693"
"14,8 : 0.2693"
"8,15 : 0.7467"
"15,8 : 0.7467"
"8,16 : 0.6685"
"16,8 : 0.6685"
"8,17 : 0.2691"
"17,8 : 0.2691"
"8,18 : 0.6172"
"18,8 : 0.6172"
"8,19 : 0.4405"
"19,8 : 0.4405"
"8,20 : 0.5686"
"20,8 : 0.5686"
"8,21 : 0.4604"
"21,8 : 0.4604"
"8,22 : 0.0141"
"22,8 : 0.0141"
"8,23 : 0.2625"
"23,8 : 0.2625"
"8,24 : 0.6265"
"24,8 : 0.6265"
"8,25 : 0.6549"
"25,8 : 0.6549"
"8,26 : 0.8728"
"26,8 : 0.8728"
"8,27 : 0.3585"
"27,8 : 0.3585"
"8,28 : 0.0224"
"28,8 : 0.0224"
"8,29 : 0.5433"
"29,8 : 0.5433"
"8,30 : 0.3384"
"30,8 : 0.3384"
"8,31 : 0.3585"
"31,8 : 0.3585"
"8,32 : 0.3276"
"32,8 : 0.3276"
"8,33 : 0.6736"
"33,8 : 0.6736"
"8,34 : 0.9014"
"34,8 : 0.9014"
"8,35 : 0.4977"
"35,8 : 0.4977"
"8,36 : 0.8724"
"36,8 : 0.8724"
"8,37 : 0.4847"
"37,8 : 0.4847"
"8,38 : 0.559"
"38,8 : 0.559"
"8,39 : 0.5284"
"39,8 : 0.5284"
"8,40 : 0.4501"
"40,8 : 0.4501"
"8,41 : 0.8485"
"41,8 : 0.8485"
"8,42 : 0.368"
"42,8 : 0.368"
"8,43 : 0.5646"
"43,8 : 0.5646"
"8,44 : 0.5852"
"44,8 : 0.5852"
"8,45 : 0.7201"
"45,8 : 0.7201"
"8,46 : 0.3538"
"46,8 : 0.3538"
"8,47 : 0.5061"
"47,8 : 0.5061"
"8,48 : 0.1414"
"48,8 : 0.1414"
"8,49 : 0.755"
"49,8 : 0.755"
"8,50 : 0.2285"
"50,8 : 0.2285"
"8,51 : 0.9913"
"51,8 : 0.9913"
"8,52 : 0.3189"
"52,8 : 0.3189"
"8,53 : 0.4639"
"53,8 : 0.4639"
"8,54 : 0.6313"
"54,8 : 0.6313"
"8,55 : 0.5371"
"55,8 : 0.5371"
"8,56 : 0.7209"
"56,8 : 0.7209"
"8,57 : 0.7185"
"57,8 : 0.7185"
"8,58 : 0.8115"
"58,8 : 0.8115"
"8,59 : 0.3008"
"59,8 : 0.3008"
"8,60 : 0.5308"
"60,8 : 0.5308"
"8,61 : 0.3511"
"61,8 : 0.3511"
"8,62 : 0.4768"
"62,8 : 0.4768"
"8,63 : 0.392"
"63,8 : 0.392"
"8,64 : 0.45"
"64,8 : 0.45"
"8,65 : 0.4201"
"65,8 : 0.4201"
"8,66 : 0.3138"
"66,8 : 0.3138"
"8,67 : 0.6624"
"67,8 : 0.6624"
"8,68 : 0.0361"
"68,8 : 0.0361"
"8,69 : 0.0707"
"69,8 : 0.0707"
"8,70 : 0.3561"
"70,8 : 0.3561"
"8,71 : 0.3256"
"71,8 : 0.3256"
"8,72 : 0.5515"
"72,8 : 0.5515"
"8,73 : 0.05"
"73,8 : 0.05"
"8,74 : 0.622"
"74,8 : 0.622"
"8,75 : 0.4669"
"75,8 : 0.4669"
"8,76 : 0.8797"
"76,8 : 0.8797"
"8,77 : 0.3324"
"77,8 : 0.3324"
"8,78 : 0.7117"
"78,8 : 0.7117"
"8,79 : 0.2062"
"79,8 : 0.2062"
"8,80 : 0.6574"
"80,8 : 0.6574"
"8,81 : 0.2247"
"81,8 : 0.2247"
"8,82 : 0.8902"
"82,8 : 0.8902"
"8,83 : 0.9862"
"83,8 : 0.9862"
"8,84 : 0.5917"
"84,8 : 0.5917"
"8,85 : 0.8201"
"85,8 : 0.8201"
"8,86 : 0.8665"
"86,8 : 0.8665"
"8,87 : 0.55"
"87,8 : 0.55"
"8,88 : 0.8605"
"88,8 : 0.8605"
"8,89 : 0.2209"
"89,8 : 0.2209"
"8,90 : 0.2193"
"90,8 : 0.2193"
"8,91 : 0.1972"
"91,8 : 0.1972"
"8,92 : 0.2214"
"92,8 : 0.2214"
"8,93 : 0.5197"
"93,8 : 0.5197"
"8,94 : 0.286"
"94,8 : 0.286"
"8,95 : 0.6341"
"95,8 : 0.6341"
"8,96 : 0.7203"
"96,8 : 0.7203"
"8,97 : 0.3189"
"97,8 : 0.3189"
"8,98 : 0.65"
"98,8 : 0.65"
"8,99 : 0.6943"
"99,8 : 0.6943"
"9,10 : 0.12"
"10,9 : 0.12"
"9,11 : 0.0728"
"11,9 : 0.0728"
"9,12 : 0.6243"
"12,9 : 0.6243"
"9,13 : 0.8974"
"13,9 : 0.8974"
"9,14 : 0.5036"
"14,9 : 0.5036"
"9,15 : 0.7666"
"15,9 : 0.7666"
"9,16 : 0.2408"
"16,9 : 0.2408"
"9,17 : 0.2385"
"17,9 : 0.2385"
"9,18 : 0.114"
"18,9 : 0.114"
"9,19 : 0.4016"
"19,9 : 0.4016"
"9,20 : 0.1789"
"20,9 : 0.1789"
"9,21 : 0.446"
"21,9 : 0.446"
"9,22 : 0.5201"
"22,9 : 0.5201"
"9,23 : 0.4837"
"23,9 : 0.4837"
"9,24 : 0.5798"
"24,9 : 0.5798"
"9,25 : 0.4669"
"25,9 : 0.4669"
"9,26 : 0.65"
"26,9 : 0.65"
"9,27 : 0.2608"
"27,9 : 0.2608"
"9,28 : 0.486"
"28,9 : 0.486"
"9,29 : 0.4105"
"29,9 : 0.4105"
"9,30 : 0.2121"
"30,9 : 0.2121"
"9,31 : 0.7218"
"31,9 : 0.7218"
"9,32 : 0.2319"
"32,9 : 0.2319"
"9,33 : 0.204"
"33,9 : 0.204"
"9,34 : 0.8668"
"34,9 : 0.8668"
"9,35 : 0.2581"
"35,9 : 0.2581"
"9,36 : 0.4601"
"36,9 : 0.4601"
"9,37 : 0.8599"
"37,9 : 0.8599"
"9,38 : 0.102"
"38,9 : 0.102"
"9,39 : 0.8615"
"39,9 : 0.8615"
"9,40 : 0.4332"
"40,9 : 0.4332"
"9,41 : 0.5994"
"41,9 : 0.5994"
"9,42 : 0.1552"
"42,9 : 0.1552"
"9,43 : 0.2766"
"43,9 : 0.2766"
"9,44 : 0.3124"
"44,9 : 0.3124"
"9,45 : 0.2631"
"45,9 : 0.2631"
"9,46 : 0.642"
"46,9 : 0.642"
"9,47 : 0.0"
"47,9 : 0.0"
"9,48 : 0.4201"
"48,9 : 0.4201"
"9,49 : 0.6981"
"49,9 : 0.6981"
"9,50 : 0.5001"
"50,9 : 0.5001"
"9,51 : 0.5511"
"51,9 : 0.5511"
"9,52 : 0.1887"
"52,9 : 0.1887"
"9,53 : 0.4838"
"53,9 : 0.4838"
"9,54 : 0.4817"
"54,9 : 0.4817"
"9,55 : 0.6791"
"55,9 : 0.6791"
"9,56 : 0.7737"
"56,9 : 0.7737"
"9,57 : 0.857"
"57,9 : 0.857"
"9,58 : 0.8353"
"58,9 : 0.8353"
"9,59 : 0.2332"
"59,9 : 0.2332"
"9,60 : 0.7916"
"60,9 : 0.7916"
"9,61 : 0.2025"
"61,9 : 0.2025"
"9,62 : 0.506"
"62,9 : 0.506"
"9,63 : 0.16"
"63,9 : 0.16"
"9,64 : 0.314"
"64,9 : 0.314"
"9,65 : 0.4052"
"65,9 : 0.4052"
"9,66 : 0.1985"
"66,9 : 0.1985"
"9,67 : 0.769"
"67,9 : 0.769"
"9,68 : 0.4958"
"68,9 : 0.4958"
"9,69 : 0.5763"
"69,9 : 0.5763"
"9,70 : 0.15"
"70,9 : 0.15"
"9,71 : 0.1836"
"71,9 : 0.1836"
"9,72 : 0.5012"
"72,9 : 0.5012"
"9,73 : 0.5381"
"73,9 : 0.5381"
"9,74 : 0.5464"
"74,9 : 0.5464"
"9,75 : 0.5029"
"75,9 : 0.5029"
"9,76 : 0.6217"
"76,9 : 0.6217"
"9,77 : 0.2102"
"77,9 : 0.2102"
"9,78 : 0.394"
"78,9 : 0.394"
"9,79 : 0.3669"
"79,9 : 0.3669"
"9,80 : 0.7446"
"80,9 : 0.7446"
"9,81 : 0.2832"
"81,9 : 0.2832"
"9,82 : 0.8363"
"82,9 : 0.8363"
"9,83 : 0.5492"
"83,9 : 0.5492"
"9,84 : 0.728"
"84,9 : 0.728"
"9,85 : 0.6544"
"85,9 : 0.6544"
"9,86 : 0.85"
"86,9 : 0.85"
"9,87 : 0.7415"
"87,9 : 0.7415"
"9,88 : 0.6981"
"88,9 : 0.6981"
"9,89 : 0.3759"
"89,9 : 0.3759"
"9,90 : 0.2884"
"90,9 : 0.2884"
"9,91 : 0.5192"
"91,9 : 0.5192"
"9,92 : 0.3448"
"92,9 : 0.3448"
"9,93 : 0.4245"
"93,9 : 0.4245"
"9,94 : 0.6454"
"94,9 : 0.6454"
"9,95 : 0.8125"
"95,9 : 0.8125"
"9,96 : 0.559"
"96,9 : 0.559"
"9,97 : 0.2025"
"97,9 : 0.2025"
"9,98 : 0.8174"
"98,9 : 0.8174"
"9,99 : 0.4522"
"99,9 : 0.4522"
"10,11 : 0.191"
"11,10 : 0.191"
"10,12 : 0.7004"
"12,10 : 0.7004"
"10,13 : 0.9341"
"13,10 : 0.9341"
"10,14 : 0.5314"
"14,10 : 0.5314"
"10,15 : 0.7131"
"15,10 : 0.7131"
"10,16 : 0.1217"
"16,10 : 0.1217"
"10,17 : 0.3202"
"17,10 : 0.3202"
"10,18 : 0.0762"
"18,10 : 0.0762"
"10,19 : 0.3801"
"19,10 : 0.3801"
"10,20 : 0.0894"
"20,10 : 0.0894"
"10,21 : 0.4211"
"21,10 : 0.4211"
"10,22 : 0.6014"
"22,10 : 0.6014"
"10,23 : 0.5126"
"23,10 : 0.5126"
"10,24 : 0.5255"
"24,10 : 0.5255"
"10,25 : 0.3883"
"25,10 : 0.3883"
"10,26 : 0.55"
"26,10 : 0.55"
"10,27 : 0.2786"
"27,10 : 0.2786"
"10,28 : 0.5659"
"28,10 : 0.5659"
"10,29 : 0.3574"
"29,10 : 0.3574"
"10,30 : 0.2581"
"30,10 : 0.2581"
"10,31 : 0.7527"
"31,10 : 0.7527"
"10,32 : 0.2746"
"32,10 : 0.2746"
"10,33 : 0.0894"
"33,10 : 0.0894"
"10,34 : 0.7961"
"34,10 : 0.7961"
"10,35 : 0.2121"
"35,10 : 0.2121"
"10,36 : 0.3401"
"36,10 : 0.3401"
"10,37 : 0.886"
"37,10 : 0.886"
"10,38 : 0.0283"
"38,10 : 0.0283"
"10,39 : 0.8766"
"39,10 : 0.8766"
"10,40 : 0.4105"
"40,10 : 0.4105"
"10,41 : 0.4965"
"41,10 : 0.4965"
"10,42 : 0.2193"
"42,10 : 0.2193"
"10,43 : 0.2012"
"43,10 : 0.2012"
"10,44 : 0.2332"
"44,10 : 0.2332"
"10,45 : 0.1456"
"45,10 : 0.1456"
"10,46 : 0.6622"
"46,10 : 0.6622"
"10,47 : 0.12"
"47,10 : 0.12"
"10,48 : 0.5197"
"48,10 : 0.5197"
"10,49 : 0.6313"
"49,10 : 0.6313"
"10,50 : 0.5371"
"50,10 : 0.5371"
"10,51 : 0.4342"
"51,10 : 0.4342"
"10,52 : 0.272"
"52,10 : 0.272"
"10,53 : 0.461"
"53,10 : 0.461"
"10,54 : 0.4118"
"54,10 : 0.4118"
"10,55 : 0.6612"
"55,10 : 0.6612"
"10,56 : 0.7273"
"56,10 : 0.7273"
"10,57 : 0.8257"
"57,10 : 0.8257"
"10,58 : 0.7788"
"58,10 : 0.7788"
"10,59 : 0.3418"
"59,10 : 0.3418"
"10,60 : 0.7931"
"60,10 : 0.7931"
"10,61 : 0.3178"
"61,10 : 0.3178"
"10,62 : 0.4817"
"62,10 : 0.4817"
"10,63 : 0.2"
"63,10 : 0.2"
"10,64 : 0.4329"
"64,10 : 0.4329"
"10,65 : 0.3901"
"65,10 : 0.3901"
"10,66 : 0.2997"
"66,10 : 0.2997"
"10,67 : 0.7355"
"67,10 : 0.7355"
"10,68 : 0.5826"
"68,10 : 0.5826"
"10,69 : 0.658"
"69,10 : 0.658"
"10,70 : 0.2419"
"70,10 : 0.2419"
"10,71 : 0.264"
"71,10 : 0.264"
"10,72 : 0.4561"
"72,10 : 0.4561"
"10,73 : 0.6248"
"73,10 : 0.6248"
"10,74 : 0.4885"
"74,10 : 0.4885"
"10,75 : 0.4809"
"75,10 : 0.4809"
"10,76 : 0.5162"
"76,10 : 0.5162"
"10,77 : 0.3228"
"77,10 : 0.3228"
"10,78 : 0.2884"
"78,10 : 0.2884"
"10,79 : 0.4188"
"79,10 : 0.4188"
"10,80 : 0.7083"
"80,10 : 0.7083"
"10,81 : 0.3744"
"81,10 : 0.3744"
"10,82 : 0.7628"
"82,10 : 0.7628"
"10,83 : 0.4317"
"83,10 : 0.4317"
"10,84 : 0.7046"
"84,10 : 0.7046"
"10,85 : 0.5659"
"85,10 : 0.5659"
"10,86 : 0.7839"
"86,10 : 0.7839"
"10,87 : 0.7301"
"87,10 : 0.7301"
"10,88 : 0.6081"
"88,10 : 0.6081"
"10,89 : 0.4847"
"89,10 : 0.4847"
"10,90 : 0.3688"
"90,10 : 0.3688"
"10,91 : 0.5636"
"91,10 : 0.5636"
"10,92 : 0.3966"
"92,10 : 0.3966"
"10,93 : 0.5413"
"93,10 : 0.5413"
"10,94 : 0.6815"
"94,10 : 0.6815"
"10,95 : 0.7931"
"95,10 : 0.7931"
"10,96 : 0.478"
"96,10 : 0.478"
"10,97 : 0.2687"
"97,10 : 0.2687"
"10,98 : 0.7951"
"98,10 : 0.7951"
"10,99 : 0.3607"
"99,10 : 0.3607"
"11,12 : 0.6042"
"12,11 : 0.6042"
"11,13 : 0.9026"
"13,11 : 0.9026"
"11,14 : 0.5201"
"14,11 : 0.5201"
"11,15 : 0.821"
"15,11 : 0.821"
"11,16 : 0.3126"
"16,11 : 0.3126"
"11,17 : 0.228"
"17,11 : 0.228"
"11,18 : 0.1676"
"18,11 : 0.1676"
"11,19 : 0.4472"
"19,11 : 0.4472"
"11,20 : 0.2508"
"20,11 : 0.2508"
"11,21 : 0.4919"
"21,11 : 0.4919"
"11,22 : 0.4974"
"22,11 : 0.4974"
"11,23 : 0.5001"
"23,11 : 0.5001"
"11,24 : 0.636"
"24,11 : 0.636"
"11,25 : 0.5326"
"25,11 : 0.5326"
"11,26 : 0.7207"
"26,11 : 0.7207"
"11,27 : 0.2941"
"27,11 : 0.2941"
"11,28 : 0.4653"
"28,11 : 0.4653"
"11,29 : 0.4686"
"29,11 : 0.4686"
"11,30 : 0.2335"
"30,11 : 0.2335"
"11,31 : 0.7325"
"31,11 : 0.7325"
"11,32 : 0.2532"
"32,11 : 0.2532"
"11,33 : 0.2707"
"33,11 : 0.2707"
"11,34 : 0.9276"
"34,11 : 0.9276"
"11,35 : 0.3183"
"35,11 : 0.3183"
"11,36 : 0.5301"
"36,11 : 0.5301"
"11,37 : 0.8721"
"37,11 : 0.8721"
"11,38 : 0.1746"
"38,11 : 0.1746"
"11,39 : 0.8802"
"39,11 : 0.8802"
"11,40 : 0.4785"
"40,11 : 0.4785"
"11,41 : 0.6708"
"41,11 : 0.6708"
"11,42 : 0.1726"
"42,11 : 0.1726"
"11,43 : 0.3441"
"43,11 : 0.3441"
"11,44 : 0.3801"
"44,11 : 0.3801"
"11,45 : 0.3306"
"45,11 : 0.3306"
"11,46 : 0.6603"
"46,11 : 0.6603"
"11,47 : 0.0728"
"47,11 : 0.0728"
"11,48 : 0.3821"
"48,11 : 0.3821"
"11,49 : 0.7582"
"49,11 : 0.7582"
"11,50 : 0.5109"
"50,11 : 0.5109"
"11,51 : 0.6166"
"51,11 : 0.6166"
"11,52 : 0.1825"
"52,11 : 0.1825"
"11,53 : 0.528"
"53,11 : 0.528"
"11,54 : 0.5445"
"54,11 : 0.5445"
"11,55 : 0.7178"
"55,11 : 0.7178"
"11,56 : 0.8249"
"56,11 : 0.8249"
"11,57 : 0.9008"
"57,11 : 0.9008"
"11,58 : 0.8905"
"58,11 : 0.8905"
"11,59 : 0.191"
"59,11 : 0.191"
"11,60 : 0.8188"
"60,11 : 0.8188"
"11,61 : 0.15"
"61,11 : 0.15"
"11,62 : 0.5504"
"62,11 : 0.5504"
"11,63 : 0.1931"
"63,11 : 0.1931"
"11,64 : 0.2419"
"64,11 : 0.2419"
"11,65 : 0.4478"
"65,11 : 0.4478"
"11,66 : 0.17"
"66,11 : 0.17"
"11,67 : 0.8144"
"67,11 : 0.8144"
"11,68 : 0.4687"
"68,11 : 0.4687"
"11,69 : 0.5523"
"69,11 : 0.5523"
"11,70 : 0.1414"
"70,11 : 0.1414"
"11,71 : 0.1811"
"71,11 : 0.1811"
"11,72 : 0.5547"
"72,11 : 0.5547"
"11,73 : 0.5104"
"73,11 : 0.5104"
"11,74 : 0.6044"
"74,11 : 0.6044"
"11,75 : 0.5463"
"75,11 : 0.5463"
"11,76 : 0.6935"
"76,11 : 0.6935"
"11,77 : 0.1628"
"77,11 : 0.1628"
"11,78 : 0.4662"
"78,11 : 0.4662"
"11,79 : 0.3722"
"79,11 : 0.3722"
"11,80 : 0.7916"
"80,11 : 0.7916"
"11,81 : 0.2594"
"81,11 : 0.2594"
"11,82 : 0.8983"
"82,11 : 0.8983"
"11,83 : 0.6152"
"83,11 : 0.6152"
"11,84 : 0.769"
"84,11 : 0.769"
"11,85 : 0.722"
"85,11 : 0.722"
"11,86 : 0.9091"
"86,11 : 0.9091"
"11,87 : 0.7762"
"87,11 : 0.7762"
"11,88 : 0.7661"
"88,11 : 0.7661"
"11,89 : 0.328"
"89,11 : 0.328"
"11,90 : 0.2751"
"90,11 : 0.2751"
"11,91 : 0.5247"
"91,11 : 0.5247"
"11,92 : 0.3513"
"92,11 : 0.3513"
"11,93 : 0.3517"
"93,11 : 0.3517"
"11,94 : 0.6538"
"94,11 : 0.6538"
"11,95 : 0.8507"
"95,11 : 0.8507"
"11,96 : 0.6248"
"96,11 : 0.6248"
"11,97 : 0.21"
"97,11 : 0.21"
"11,98 : 0.857"
"98,11 : 0.857"
"11,99 : 0.5215"
"99,11 : 0.5215"
"12,13 : 0.3863"
"13,12 : 0.3863"
"12,14 : 0.3002"
"14,12 : 0.3002"
"12,15 : 0.7649"
"15,12 : 0.7649"
"12,16 : 0.7747"
"16,12 : 0.7747"
"12,17 : 0.386"
"17,12 : 0.386"
"12,18 : 0.7341"
"18,12 : 0.7341"
"12,19 : 0.507"
"19,12 : 0.507"
"12,20 : 0.6748"
"20,12 : 0.6748"
"12,21 : 0.5179"
"21,12 : 0.5179"
"12,22 : 0.1077"
"22,12 : 0.1077"
"12,23 : 0.3015"
"23,12 : 0.3015"
"12,24 : 0.6703"
"24,12 : 0.6703"
"12,25 : 0.7253"
"25,12 : 0.7253"
"12,26 : 0.9374"
"26,12 : 0.9374"
"12,27 : 0.4549"
"27,12 : 0.4549"
"12,28 : 0.1389"
"28,12 : 0.1389"
"12,29 : 0.614"
"29,12 : 0.614"
"12,30 : 0.446"
"30,12 : 0.446"
"12,31 : 0.3048"
"31,12 : 0.3048"
"12,32 : 0.4328"
"32,12 : 0.4328"
"12,33 : 0.7849"
"33,12 : 0.7849"
"12,34 : 0.924"
"34,12 : 0.924"
"12,35 : 0.5917"
"35,12 : 0.5917"
"12,36 : 0.971"
"36,12 : 0.971"
"12,37 : 0.4105"
"37,12 : 0.4105"
"12,38 : 0.6721"
"38,12 : 0.6721"
"12,39 : 0.4675"
"39,12 : 0.4675"
"12,40 : 0.5099"
"40,12 : 0.5099"
"12,41 : 0.9192"
"41,12 : 0.9192"
"12,42 : 0.4817"
"42,12 : 0.4817"
"12,43 : 0.6586"
"43,12 : 0.6586"
"12,44 : 0.6754"
"44,12 : 0.6754"
"12,45 : 0.8288"
"45,12 : 0.8288"
"12,46 : 0.3362"
"46,12 : 0.3362"
"12,47 : 0.6243"
"47,12 : 0.6243"
"12,48 : 0.2518"
"48,12 : 0.2518"
"12,49 : 0.791"
"49,12 : 0.791"
"12,50 : 0.2608"
"50,12 : 0.2608"
"12,51 : 1.0929"
"51,12 : 1.0929"
"12,52 : 0.436"
"52,12 : 0.436"
"12,53 : 0.5124"
"53,12 : 0.5124"
"12,54 : 0.6963"
"54,12 : 0.6963"
"12,55 : 0.5412"
"55,12 : 0.5412"
"12,56 : 0.7325"
"56,12 : 0.7325"
"12,57 : 0.7068"
"57,12 : 0.7068"
"12,58 : 0.8246"
"58,12 : 0.8246"
"12,59 : 0.4215"
"59,12 : 0.4215"
"12,60 : 0.4965"
"60,12 : 0.4965"
"12,61 : 0.4717"
"61,12 : 0.4717"
"12,62 : 0.5209"
"62,12 : 0.5209"
"12,63 : 0.5021"
"63,12 : 0.5021"
"12,64 : 0.5622"
"64,12 : 0.5622"
"12,65 : 0.4851"
"65,12 : 0.4851"
"12,66 : 0.4342"
"66,12 : 0.4342"
"12,67 : 0.6641"
"67,12 : 0.6641"
"12,68 : 0.1432"
"68,12 : 0.1432"
"12,69 : 0.06"
"69,12 : 0.06"
"12,70 : 0.4743"
"70,12 : 0.4743"
"12,71 : 0.442"
"71,12 : 0.442"
"12,72 : 0.6041"
"72,12 : 0.6041"
"12,73 : 0.11"
"73,12 : 0.11"
"12,74 : 0.6727"
"74,12 : 0.6727"
"12,75 : 0.5109"
"75,12 : 0.5109"
"12,76 : 0.9508"
"76,12 : 0.9508"
"12,77 : 0.4531"
"77,12 : 0.4531"
"12,78 : 0.8006"
"78,12 : 0.8006"
"12,79 : 0.2968"
"79,12 : 0.2968"
"12,80 : 0.6648"
"80,12 : 0.6648"
"12,81 : 0.3448"
"81,12 : 0.3448"
"12,82 : 0.9179"
"82,12 : 0.9179"
"12,83 : 1.0872"
"83,12 : 1.0872"
"12,84 : 0.5914"
"84,12 : 0.5914"
"12,85 : 0.8757"
"85,12 : 0.8757"
"12,86 : 0.8865"
"86,12 : 0.8865"
"12,87 : 0.5371"
"87,12 : 0.5371"
"12,88 : 0.9135"
"88,12 : 0.9135"
"12,89 : 0.3314"
"89,12 : 0.3314"
"12,90 : 0.336"
"90,12 : 0.336"
"12,91 : 0.2202"
"91,12 : 0.2202"
"12,92 : 0.3162"
"92,12 : 0.3162"
"12,93 : 0.622"
"93,12 : 0.622"
"12,94 : 0.2506"
"94,12 : 0.2506"
"12,95 : 0.6172"
"95,12 : 0.6172"
"12,96 : 0.7809"
"96,12 : 0.7809"
"12,97 : 0.4319"
"97,12 : 0.4319"
"12,98 : 0.6351"
"98,12 : 0.6351"
"12,99 : 0.7716"
"99,12 : 0.7716"
"13,14 : 0.4031"
"14,13 : 0.4031"
"13,15 : 0.6451"
"15,13 : 0.6451"
"13,16 : 0.9665"
"16,13 : 0.9665"
"13,17 : 0.676"
"17,13 : 0.676"
"13,18 : 0.9898"
"18,13 : 0.9898"
"13,19 : 0.6022"
"19,13 : 0.6022"
"13,20 : 0.8766"
"20,13 : 0.8766"
"13,21 : 0.5826"
"21,13 : 0.5826"
"13,22 : 0.4707"
"22,13 : 0.4707"
"13,23 : 0.4215"
"23,13 : 0.4215"
"13,24 : 0.6522"
