x,y
0.91,0.5
0.48,0.67
0.78,0.67
0.25,0.44
0.34,0.56
0.14,0.89
0.43,0.75
0.5,0.51
0.57,0.31
0.88,0.24
0.56,0.13
0.92,0.93
0.57,0.05
0.02,0.23
0.89,0.17
0.43,0.15
0.79,0.16
0.07,0.94
0.23,0.67
0.19,0.15
0.5,0.02
0.38,0.32
0.5,0.28
0.33,0.86
0.42,0.68
0.99,0.38
0.41,0.04
0.66,0.68
0.85,0.99
0.77,0.16
0.82,0.87
0.88,0.48
0.82,0.94
0.92,0.11
0.73,0.57
0.29,0.81
0.3,0.95
0.43,0.22
0.69,0.12
0.1,0.53
0.69,0.46
0.99,0.8
0.35,0.17
0.55,0.28
0.8,0.58
0.54,0.51
0.59,0.1
0.68,0.63
0.78,0.42
0.87,0.57
0.35,0.75
0.76,0.92
0.36,0.53
0.37,0.91
0.38,0.58
0.7,0.56
0.29,0.45
0.36,0.06
0.6,0.14
0.67,0.36
0.94,0.63
0.28,0.87
0.7,0.04
0.93,0.97
0.05,0.35
0.43,0.08
0.25,0.38
0.79,0.15
0.99,0.58
0.56,0.54
0.96,0.18
0.57,0.38
0.33,0.75
0.36,0.57
0.42,0.42
0.26,0.18
0.49,0.91
0.09,0.95
0.41,0.57
0.94,0.44
0.65,0.33
0.05,0.64
0.31,0.48
0.23,0.03
0.28,0.36
0.49,0.89
0.86,0.12
0.56,0.14
0.88,0.64
0.32,0.6
0.4,0.37
0.96,0.41
0.13,0.54
0.42,0.24
0.16,0.73
0.77,0.46
0.56,0.0
0.81,0.82
0.23,0.16
0.91,0.57

Distanze
"0,1 : 0.4624"
"1,0 : 0.4624"
"0,2 : 0.214"
"2,0 : 0.214"
"0,3 : 0.6627"
"3,0 : 0.6627"
"0,4 : 0.5731"
"4,0 : 0.5731"
"0,5 : 0.8631"
"5,0 : 0.8631"
"0,6 : 0.5412"
"6,0 : 0.5412"
"0,7 : 0.4101"
"7,0 : 0.4101"
"0,8 : 0.3895"
"8,0 : 0.3895"
"0,9 : 0.2617"
"9,0 : 0.2617"
"0,10 : 0.5093"
"10,0 : 0.5093"
"0,11 : 0.4301"
"11,0 : 0.4301"
"0,12 : 0.564"
"12,0 : 0.564"
"0,13 : 0.9301"
"13,0 : 0.9301"
"0,14 : 0.3306"
"14,0 : 0.3306"
"0,15 : 0.5941"
"15,0 : 0.5941"
"0,16 : 0.3606"
"16,0 : 0.3606"
"0,17 : 0.9483"
"17,0 : 0.9483"
"0,18 : 0.7009"
"18,0 : 0.7009"
"0,19 : 0.8006"
"19,0 : 0.8006"
"0,20 : 0.6313"
"20,0 : 0.6313"
"0,21 : 0.5597"
"21,0 : 0.5597"
"0,22 : 0.4653"
"22,0 : 0.4653"
"0,23 : 0.6826"
"23,0 : 0.6826"
"0,24 : 0.522"
"24,0 : 0.522"
"0,25 : 0.1442"
"25,0 : 0.1442"
"0,26 : 0.6794"
"26,0 : 0.6794"
"0,27 : 0.3081"
"27,0 : 0.3081"
"0,28 : 0.4937"
"28,0 : 0.4937"
"0,29 : 0.3677"
"29,0 : 0.3677"
"0,30 : 0.3808"
"30,0 : 0.3808"
"0,31 : 0.0361"
"31,0 : 0.0361"
"0,32 : 0.4491"
"32,0 : 0.4491"
"0,33 : 0.3901"
"33,0 : 0.3901"
"0,34 : 0.1931"
"34,0 : 0.1931"
"0,35 : 0.6932"
"35,0 : 0.6932"
"0,36 : 0.758"
"36,0 : 0.758"
"0,37 : 0.5557"
"37,0 : 0.5557"
"0,38 : 0.4391"
"38,0 : 0.4391"
"0,39 : 0.8106"
"39,0 : 0.8106"
"0,40 : 0.2236"
"40,0 : 0.2236"
"0,41 : 0.3105"
"41,0 : 0.3105"
"0,42 : 0.65"
"42,0 : 0.65"
"0,43 : 0.4219"
"43,0 : 0.4219"
"0,44 : 0.136"
"44,0 : 0.136"
"0,45 : 0.3701"
"45,0 : 0.3701"
"0,46 : 0.5122"
"46,0 : 0.5122"
"0,47 : 0.2642"
"47,0 : 0.2642"
"0,48 : 0.1526"
"48,0 : 0.1526"
"0,49 : 0.0806"
"49,0 : 0.0806"
"0,50 : 0.6133"
"50,0 : 0.6133"
"0,51 : 0.446"
"51,0 : 0.446"
"0,52 : 0.5508"
"52,0 : 0.5508"
"0,53 : 0.678"
"53,0 : 0.678"
"0,54 : 0.536"
"54,0 : 0.536"
"0,55 : 0.2184"
"55,0 : 0.2184"
"0,56 : 0.622"
"56,0 : 0.622"
"0,57 : 0.7043"
"57,0 : 0.7043"
"0,58 : 0.4751"
"58,0 : 0.4751"
"0,59 : 0.2778"
"59,0 : 0.2778"
"0,60 : 0.1334"
"60,0 : 0.1334"
"0,61 : 0.7306"
"61,0 : 0.7306"
"0,62 : 0.5057"
"62,0 : 0.5057"
"0,63 : 0.4704"
"63,0 : 0.4704"
"0,64 : 0.873"
"64,0 : 0.873"
"0,65 : 0.6378"
"65,0 : 0.6378"
"0,66 : 0.6708"
"66,0 : 0.6708"
"0,67 : 0.37"
"67,0 : 0.37"
"0,68 : 0.1131"
"68,0 : 0.1131"
"0,69 : 0.3523"
"69,0 : 0.3523"
"0,70 : 0.3239"
"70,0 : 0.3239"
"0,71 : 0.3606"
"71,0 : 0.3606"
"0,72 : 0.6316"
"72,0 : 0.6316"
"0,73 : 0.5544"
"73,0 : 0.5544"
"0,74 : 0.4965"
"74,0 : 0.4965"
"0,75 : 0.7245"
"75,0 : 0.7245"
"0,76 : 0.5869"
"76,0 : 0.5869"
"0,77 : 0.9354"
"77,0 : 0.9354"
"0,78 : 0.5049"
"78,0 : 0.5049"
"0,79 : 0.0671"
"79,0 : 0.0671"
"0,80 : 0.3106"
"80,0 : 0.3106"
"0,81 : 0.8713"
"81,0 : 0.8713"
"0,82 : 0.6003"
"82,0 : 0.6003"
"0,83 : 0.8266"
"83,0 : 0.8266"
"0,84 : 0.6454"
"84,0 : 0.6454"
"0,85 : 0.5731"
"85,0 : 0.5731"
"0,86 : 0.3833"
"86,0 : 0.3833"
"0,87 : 0.5021"
"87,0 : 0.5021"
"0,88 : 0.1432"
"88,0 : 0.1432"
"0,89 : 0.5984"
"89,0 : 0.5984"
"0,90 : 0.5263"
"90,0 : 0.5263"
"0,91 : 0.103"
"91,0 : 0.103"
"0,92 : 0.781"
"92,0 : 0.781"
"0,93 : 0.5547"
"93,0 : 0.5547"
"0,94 : 0.7845"
"94,0 : 0.7845"
"0,95 : 0.1456"
"95,0 : 0.1456"
"0,96 : 0.6103"
"96,0 : 0.6103"
"0,97 : 0.3353"
"97,0 : 0.3353"
"0,98 : 0.7603"
"98,0 : 0.7603"
"0,99 : 0.07"
"99,0 : 0.07"
"1,2 : 0.3"
"2,1 : 0.3"
"1,3 : 0.3253"
"3,1 : 0.3253"
"1,4 : 0.178"
"4,1 : 0.178"
"1,5 : 0.405"
"5,1 : 0.405"
"1,6 : 0.0943"
"6,1 : 0.0943"
"1,7 : 0.1612"
"7,1 : 0.1612"
"1,8 : 0.3711"
"8,1 : 0.3711"
"1,9 : 0.5873"
"9,1 : 0.5873"
"1,10 : 0.5459"
"10,1 : 0.5459"
"1,11 : 0.5111"
"11,1 : 0.5111"
"1,12 : 0.6265"
"12,1 : 0.6265"
"1,13 : 0.6366"
"13,1 : 0.6366"
"1,14 : 0.6466"
"14,1 : 0.6466"
"1,15 : 0.5224"
"15,1 : 0.5224"
"1,16 : 0.5968"
"16,1 : 0.5968"
"1,17 : 0.4909"
"17,1 : 0.4909"
"1,18 : 0.25"
"18,1 : 0.25"
"1,19 : 0.5954"
"19,1 : 0.5954"
"1,20 : 0.6503"
"20,1 : 0.6503"
"1,21 : 0.364"
"21,1 : 0.364"
"1,22 : 0.3905"
"22,1 : 0.3905"
"1,23 : 0.2421"
"23,1 : 0.2421"
"1,24 : 0.0608"
"24,1 : 0.0608"
"1,25 : 0.5867"
"25,1 : 0.5867"
"1,26 : 0.6339"
"26,1 : 0.6339"
"1,27 : 0.1803"
"27,1 : 0.1803"
"1,28 : 0.4892"
"28,1 : 0.4892"
"1,29 : 0.5867"
"29,1 : 0.5867"
"1,30 : 0.3945"
"30,1 : 0.3945"
"1,31 : 0.4428"
"31,1 : 0.4428"
"1,32 : 0.4342"
"32,1 : 0.4342"
"1,33 : 0.7122"
"33,1 : 0.7122"
"1,34 : 0.2693"
"34,1 : 0.2693"
"1,35 : 0.236"
"35,1 : 0.236"
"1,36 : 0.3329"
"36,1 : 0.3329"
"1,37 : 0.4528"
"37,1 : 0.4528"
"1,38 : 0.5887"
"38,1 : 0.5887"
"1,39 : 0.405"
"39,1 : 0.405"
"1,40 : 0.297"
"40,1 : 0.297"
"1,41 : 0.5263"
"41,1 : 0.5263"
"1,42 : 0.5166"
"42,1 : 0.5166"
"1,43 : 0.3962"
"43,1 : 0.3962"
"1,44 : 0.3324"
"44,1 : 0.3324"
"1,45 : 0.1709"
"45,1 : 0.1709"
"1,46 : 0.5805"
"46,1 : 0.5805"
"1,47 : 0.204"
"47,1 : 0.204"
"1,48 : 0.3905"
"48,1 : 0.3905"
"1,49 : 0.4026"
"49,1 : 0.4026"
"1,50 : 0.1526"
"50,1 : 0.1526"
"1,51 : 0.3754"
"51,1 : 0.3754"
"1,52 : 0.1844"
"52,1 : 0.1844"
"1,53 : 0.264"
"53,1 : 0.264"
"1,54 : 0.1345"
"54,1 : 0.1345"
"1,55 : 0.246"
"55,1 : 0.246"
"1,56 : 0.2907"
"56,1 : 0.2907"
"1,57 : 0.6217"
"57,1 : 0.6217"
"1,58 : 0.5434"
"58,1 : 0.5434"
"1,59 : 0.3636"
"59,1 : 0.3636"
"1,60 : 0.4617"
"60,1 : 0.4617"
"1,61 : 0.2828"
"61,1 : 0.2828"
"1,62 : 0.6673"
"62,1 : 0.6673"
"1,63 : 0.5408"
"63,1 : 0.5408"
"1,64 : 0.536"
"64,1 : 0.536"
"1,65 : 0.5921"
"65,1 : 0.5921"
"1,66 : 0.3701"
"66,1 : 0.3701"
"1,67 : 0.6054"
"67,1 : 0.6054"
"1,68 : 0.5179"
"68,1 : 0.5179"
"1,69 : 0.1526"
"69,1 : 0.1526"
"1,70 : 0.6859"
"70,1 : 0.6859"
"1,71 : 0.3036"
"71,1 : 0.3036"
"1,72 : 0.17"
"72,1 : 0.17"
"1,73 : 0.1562"
"73,1 : 0.1562"
"1,74 : 0.2571"
"74,1 : 0.2571"
"1,75 : 0.5371"
"75,1 : 0.5371"
"1,76 : 0.2402"
"76,1 : 0.2402"
"1,77 : 0.4801"
"77,1 : 0.4801"
"1,78 : 0.1221"
"78,1 : 0.1221"
"1,79 : 0.5143"
"79,1 : 0.5143"
"1,80 : 0.3801"
"80,1 : 0.3801"
"1,81 : 0.431"
"81,1 : 0.431"
"1,82 : 0.255"
"82,1 : 0.255"
"1,83 : 0.6871"
"83,1 : 0.6871"
"1,84 : 0.3689"
"84,1 : 0.3689"
"1,85 : 0.2202"
"85,1 : 0.2202"
"1,86 : 0.6685"
"86,1 : 0.6685"
"1,87 : 0.536"
"87,1 : 0.536"
"1,88 : 0.4011"
"88,1 : 0.4011"
"1,89 : 0.1746"
"89,1 : 0.1746"
"1,90 : 0.3105"
"90,1 : 0.3105"
"1,91 : 0.5459"
"91,1 : 0.5459"
"1,92 : 0.3734"
"92,1 : 0.3734"
"1,93 : 0.4342"
"93,1 : 0.4342"
"1,94 : 0.3256"
"94,1 : 0.3256"
"1,95 : 0.3581"
"95,1 : 0.3581"
"1,96 : 0.6748"
"96,1 : 0.6748"
"1,97 : 0.3625"
"97,1 : 0.3625"
"1,98 : 0.568"
"98,1 : 0.568"
"1,99 : 0.4415"
"99,1 : 0.4415"
"2,3 : 0.5778"
"3,2 : 0.5778"
"2,4 : 0.4535"
"4,2 : 0.4535"
"2,5 : 0.6768"
"5,2 : 0.6768"
"2,6 : 0.359"
"6,2 : 0.359"
"2,7 : 0.3225"
"7,2 : 0.3225"
"2,8 : 0.4168"
"8,2 : 0.4168"
"2,9 : 0.4415"
"9,2 : 0.4415"
"2,10 : 0.5831"
"10,2 : 0.5831"
"2,11 : 0.2953"
"11,2 : 0.2953"
"2,12 : 0.6546"
"12,2 : 0.6546"
"2,13 : 0.8782"
"13,2 : 0.8782"
"2,14 : 0.512"
"14,2 : 0.512"
"2,15 : 0.6268"
"15,2 : 0.6268"
"2,16 : 0.5101"
"16,2 : 0.5101"
"2,17 : 0.7596"
"17,2 : 0.7596"
"2,18 : 0.55"
"18,2 : 0.55"
"2,19 : 0.7864"
"19,2 : 0.7864"
"2,20 : 0.7077"
"20,2 : 0.7077"
"2,21 : 0.5315"
"21,2 : 0.5315"
"2,22 : 0.4801"
"22,2 : 0.4801"
"2,23 : 0.4885"
"23,2 : 0.4885"
"2,24 : 0.3601"
"24,2 : 0.3601"
"2,25 : 0.3581"
"25,2 : 0.3581"
"2,26 : 0.7306"
"26,2 : 0.7306"
"2,27 : 0.1204"
"27,2 : 0.1204"
"2,28 : 0.3276"
"28,2 : 0.3276"
"2,29 : 0.5101"
"29,2 : 0.5101"
"2,30 : 0.204"
"30,2 : 0.204"
"2,31 : 0.2147"
"31,2 : 0.2147"
"2,32 : 0.2729"
"32,2 : 0.2729"
"2,33 : 0.5772"
"33,2 : 0.5772"
"2,34 : 0.1118"
"34,2 : 0.1118"
"2,35 : 0.5096"
"35,2 : 0.5096"
"2,36 : 0.5557"
"36,2 : 0.5557"
"2,37 : 0.5701"
"37,2 : 0.5701"
"2,38 : 0.5573"
"38,2 : 0.5573"
"2,39 : 0.6943"
"39,2 : 0.6943"
"2,40 : 0.2285"
"40,2 : 0.2285"
"2,41 : 0.247"
"41,2 : 0.247"
"2,42 : 0.6595"
"42,2 : 0.6595"
"2,43 : 0.4528"
"43,2 : 0.4528"
"2,44 : 0.0922"
"44,2 : 0.0922"
"2,45 : 0.2884"
"45,2 : 0.2884"
"2,46 : 0.6008"
"46,2 : 0.6008"
"2,47 : 0.1077"
"47,2 : 0.1077"
"2,48 : 0.25"
"48,2 : 0.25"
"2,49 : 0.1345"
"49,2 : 0.1345"
"2,50 : 0.4374"
"50,2 : 0.4374"
"2,51 : 0.2508"
"51,2 : 0.2508"
"2,52 : 0.4427"
"52,2 : 0.4427"
"2,53 : 0.4751"
"53,2 : 0.4751"
"2,54 : 0.41"
"54,2 : 0.41"
"2,55 : 0.136"
"55,2 : 0.136"
"2,56 : 0.5371"
"56,2 : 0.5371"
"2,57 : 0.7406"
"57,2 : 0.7406"
"2,58 : 0.5597"
"58,2 : 0.5597"
"2,59 : 0.3289"
"59,2 : 0.3289"
"2,60 : 0.1649"
"60,2 : 0.1649"
"2,61 : 0.5385"
"61,2 : 0.5385"
"2,62 : 0.6351"
"62,2 : 0.6351"
"2,63 : 0.3354"
"63,2 : 0.3354"
"2,64 : 0.7971"
"64,2 : 0.7971"
"2,65 : 0.686"
"65,2 : 0.686"
"2,66 : 0.6042"
"66,2 : 0.6042"
"2,67 : 0.5201"
"67,2 : 0.5201"
"2,68 : 0.2285"
"68,2 : 0.2285"
"2,69 : 0.2555"
"69,2 : 0.2555"
"2,70 : 0.522"
"70,2 : 0.522"
"2,71 : 0.3581"
"71,2 : 0.3581"
"2,72 : 0.4571"
"72,2 : 0.4571"
"2,73 : 0.4317"
"73,2 : 0.4317"
"2,74 : 0.4383"
"74,2 : 0.4383"
"2,75 : 0.7145"
"75,2 : 0.7145"
"2,76 : 0.3764"
"76,2 : 0.3764"
"2,77 : 0.7446"
"77,2 : 0.7446"
"2,78 : 0.3833"
"78,2 : 0.3833"
"2,79 : 0.2802"
"79,2 : 0.2802"
"2,80 : 0.364"
"80,2 : 0.364"
"2,81 : 0.7306"
"81,2 : 0.7306"
"2,82 : 0.507"
"82,2 : 0.507"
"2,83 : 0.8439"
"83,2 : 0.8439"
"2,84 : 0.5883"
"84,2 : 0.5883"
"2,85 : 0.364"
"85,2 : 0.364"
"2,86 : 0.5558"
"86,2 : 0.5558"
"2,87 : 0.5738"
"87,2 : 0.5738"
"2,88 : 0.1044"
"88,2 : 0.1044"
"2,89 : 0.4653"
"89,2 : 0.4653"
"2,90 : 0.4841"
"90,2 : 0.4841"
"2,91 : 0.3162"
"91,2 : 0.3162"
"2,92 : 0.6629"
"92,2 : 0.6629"
"2,93 : 0.5608"
"93,2 : 0.5608"
"2,94 : 0.6229"
"94,2 : 0.6229"
"2,95 : 0.2102"
"95,2 : 0.2102"
"2,96 : 0.7052"
"96,2 : 0.7052"
"2,97 : 0.153"
"97,2 : 0.153"
"2,98 : 0.7501"
"98,2 : 0.7501"
"2,99 : 0.164"
"99,2 : 0.164"
"3,4 : 0.15"
"4,3 : 0.15"
"3,5 : 0.4632"
"5,3 : 0.4632"
"3,6 : 0.3585"
"6,3 : 0.3585"
"3,7 : 0.2596"
"7,3 : 0.2596"
"3,8 : 0.3454"
"8,3 : 0.3454"
"3,9 : 0.661"
"9,3 : 0.661"
"3,10 : 0.4384"
"10,3 : 0.4384"
"3,11 : 0.8301"
"11,3 : 0.8301"
"3,12 : 0.5045"
"12,3 : 0.5045"
"3,13 : 0.3114"
"13,3 : 0.3114"
"3,14 : 0.6946"
"14,3 : 0.6946"
"3,15 : 0.3413"
"15,3 : 0.3413"
"3,16 : 0.6083"
"16,3 : 0.6083"
"3,17 : 0.5314"
"17,3 : 0.5314"
"3,18 : 0.2309"
"18,3 : 0.2309"
"3,19 : 0.2961"
"19,3 : 0.2961"
"3,20 : 0.4888"
"20,3 : 0.4888"
"3,21 : 0.1769"
"21,3 : 0.1769"
"3,22 : 0.2968"
"22,3 : 0.2968"
"3,23 : 0.4276"
"23,3 : 0.4276"
"3,24 : 0.2941"
"24,3 : 0.2941"
"3,25 : 0.7424"
"25,3 : 0.7424"
"3,26 : 0.4308"
"26,3 : 0.4308"
"3,27 : 0.4751"
"27,3 : 0.4751"
"3,28 : 0.8139"
"28,3 : 0.8139"
"3,29 : 0.5906"
"29,3 : 0.5906"
"3,30 : 0.714"
"30,3 : 0.714"
"3,31 : 0.6313"
"31,3 : 0.6313"
"3,32 : 0.7582"
"32,3 : 0.7582"
"3,33 : 0.7469"
"33,3 : 0.7469"
"3,34 : 0.4973"
"34,3 : 0.4973"
"3,35 : 0.3722"
"35,3 : 0.3722"
"3,36 : 0.5124"
"36,3 : 0.5124"
"3,37 : 0.2843"
"37,3 : 0.2843"
"3,38 : 0.5441"
"38,3 : 0.5441"
"3,39 : 0.1749"
"39,3 : 0.1749"
"3,40 : 0.4405"
"40,3 : 0.4405"
"3,41 : 0.8229"
"41,3 : 0.8229"
"3,42 : 0.2879"
"42,3 : 0.2879"
"3,43 : 0.34"
"43,3 : 0.34"
"3,44 : 0.5675"
"44,3 : 0.5675"
"3,45 : 0.2983"
"45,3 : 0.2983"
"3,46 : 0.4808"
"46,3 : 0.4808"
"3,47 : 0.4701"
"47,3 : 0.4701"
"3,48 : 0.5304"
"48,3 : 0.5304"
"3,49 : 0.6335"
"49,3 : 0.6335"
"3,50 : 0.3257"
"50,3 : 0.3257"
"3,51 : 0.7004"
"51,3 : 0.7004"
"3,52 : 0.1421"
"52,3 : 0.1421"
"3,53 : 0.4851"
"53,3 : 0.4851"
"3,54 : 0.191"
"54,3 : 0.191"
"3,55 : 0.4657"
"55,3 : 0.4657"
"3,56 : 0.0412"
"56,3 : 0.0412"
"3,57 : 0.3956"
"57,3 : 0.3956"
"3,58 : 0.461"
"58,3 : 0.461"
"3,59 : 0.4276"
"59,3 : 0.4276"
"3,60 : 0.7157"
"60,3 : 0.7157"
"3,61 : 0.431"
"61,3 : 0.431"
"3,62 : 0.6021"
"62,3 : 0.6021"
"3,63 : 0.8621"
"63,3 : 0.8621"
"3,64 : 0.2193"
"64,3 : 0.2193"
"3,65 : 0.4025"
"65,3 : 0.4025"
"3,66 : 0.06"
"66,3 : 0.06"
"3,67 : 0.6129"
"67,3 : 0.6129"
"3,68 : 0.7531"
"68,3 : 0.7531"
"3,69 : 0.3257"
"69,3 : 0.3257"
"3,70 : 0.7561"
"70,3 : 0.7561"
"3,71 : 0.3256"
"71,3 : 0.3256"
"3,72 : 0.3202"
"72,3 : 0.3202"
"3,73 : 0.1703"
"73,3 : 0.1703"
"3,74 : 0.1712"
"74,3 : 0.1712"
"3,75 : 0.2602"
"75,3 : 0.2602"
"3,76 : 0.5277"
"76,3 : 0.5277"
"3,77 : 0.5345"
"77,3 : 0.5345"
"3,78 : 0.2062"
"78,3 : 0.2062"
"3,79 : 0.69"
"79,3 : 0.69"
"3,80 : 0.4148"
"80,3 : 0.4148"
"3,81 : 0.2828"
"81,3 : 0.2828"
"3,82 : 0.0721"
"82,3 : 0.0721"
"3,83 : 0.4105"
"83,3 : 0.4105"
"3,84 : 0.0854"
"84,3 : 0.0854"
"3,85 : 0.51"
"85,3 : 0.51"
"3,86 : 0.6888"
"86,3 : 0.6888"
"3,87 : 0.4314"
"87,3 : 0.4314"
"3,88 : 0.661"
"88,3 : 0.661"
"3,89 : 0.1746"
"89,3 : 0.1746"
"3,90 : 0.1655"
"90,3 : 0.1655"
"3,91 : 0.7106"
"91,3 : 0.7106"
"3,92 : 0.1562"
"92,3 : 0.1562"
"3,93 : 0.2625"
"93,3 : 0.2625"
"3,94 : 0.3036"
"94,3 : 0.3036"
"3,95 : 0.5204"
"95,3 : 0.5204"
"3,96 : 0.5382"
"96,3 : 0.5382"
"3,97 : 0.6768"
"97,3 : 0.6768"
"3,98 : 0.2807"
"98,3 : 0.2807"
"3,99 : 0.6727"
"99,3 : 0.6727"
"4,5 : 0.3859"
"5,4 : 0.3859"
"4,6 : 0.2102"
"6,4 : 0.2102"
"4,7 : 0.1676"
"7,4 : 0.1676"
"4,8 : 0.3397"
"8,4 : 0.3397"
"4,9 : 0.6277"
"9,4 : 0.6277"
"4,10 : 0.483"
"10,4 : 0.483"
"4,11 : 0.688"
"11,4 : 0.688"
"4,12 : 0.5595"
"12,4 : 0.5595"
"4,13 : 0.4597"
"13,4 : 0.4597"
"4,14 : 0.6742"
"14,4 : 0.6742"
"4,15 : 0.4198"
"15,4 : 0.4198"
"4,16 : 0.6021"
"16,4 : 0.6021"
"4,17 : 0.4662"
"17,4 : 0.4662"
"4,18 : 0.1556"
"18,4 : 0.1556"
"4,19 : 0.4366"
"19,4 : 0.4366"
"4,20 : 0.5632"
"20,4 : 0.5632"
"4,21 : 0.2433"
"21,4 : 0.2433"
"4,22 : 0.3225"
"22,4 : 0.3225"
"4,23 : 0.3002"
"23,4 : 0.3002"
"4,24 : 0.1442"
"24,4 : 0.1442"
"4,25 : 0.6745"
"25,4 : 0.6745"
"4,26 : 0.5247"
"26,4 : 0.5247"
"4,27 : 0.3418"
"27,4 : 0.3418"
"4,28 : 0.6671"
"28,4 : 0.6671"
"4,29 : 0.5873"
"29,4 : 0.5873"
"4,30 : 0.5714"
"30,4 : 0.5714"
"4,31 : 0.5459"
"31,4 : 0.5459"
"4,32 : 0.6122"
"32,4 : 0.6122"
"4,33 : 0.7341"
"33,4 : 0.7341"
"4,34 : 0.3901"
"34,4 : 0.3901"
"4,35 : 0.255"
"35,4 : 0.255"
"4,36 : 0.392"
"36,4 : 0.392"
"4,37 : 0.3517"
"37,4 : 0.3517"
"4,38 : 0.5622"
"38,4 : 0.5622"
"4,39 : 0.2419"
"39,4 : 0.2419"
"4,40 : 0.364"
"40,4 : 0.364"
"4,41 : 0.6929"
"41,4 : 0.6929"
"4,42 : 0.3901"
"42,4 : 0.3901"
"4,43 : 0.35"
"43,4 : 0.35"
"4,44 : 0.4604"
"44,4 : 0.4604"
"4,45 : 0.2062"
"45,4 : 0.2062"
"4,46 : 0.5235"
"46,4 : 0.5235"
"4,47 : 0.3471"
"47,4 : 0.3471"
"4,48 : 0.4617"
"48,4 : 0.4617"
"4,49 : 0.5301"
"49,4 : 0.5301"
"4,50 : 0.1903"
"50,4 : 0.1903"
"4,51 : 0.5532"
"51,4 : 0.5532"
"4,52 : 0.0361"
"52,4 : 0.0361"
"4,53 : 0.3513"
"53,4 : 0.3513"
"4,54 : 0.0447"
"54,4 : 0.0447"
"4,55 : 0.36"
"55,4 : 0.36"
"4,56 : 0.1208"
"56,4 : 0.1208"
"4,57 : 0.5004"
"57,4 : 0.5004"
"4,58 : 0.494"
"58,4 : 0.494"
"4,59 : 0.3859"
"59,4 : 0.3859"
"4,60 : 0.6041"
"60,4 : 0.6041"
"4,61 : 0.3158"
"61,4 : 0.3158"
"4,62 : 0.6325"
"62,4 : 0.6325"
"4,63 : 0.7185"
"63,4 : 0.7185"
"4,64 : 0.3581"
"64,4 : 0.3581"
"4,65 : 0.4884"
"65,4 : 0.4884"
"4,66 : 0.2012"
"66,4 : 0.2012"
"4,67 : 0.6088"
"67,4 : 0.6088"
"4,68 : 0.6503"
"68,4 : 0.6503"
"4,69 : 0.2209"
"69,4 : 0.2209"
"4,70 : 0.7272"
"70,4 : 0.7272"
"4,71 : 0.2921"
"71,4 : 0.2921"
"4,72 : 0.1903"
"72,4 : 0.1903"
"4,73 : 0.0224"
"73,4 : 0.0224"
"4,74 : 0.1612"
"74,4 : 0.1612"
"4,75 : 0.3883"
"75,4 : 0.3883"
"4,76 : 0.3808"
"76,4 : 0.3808"
"4,77 : 0.4632"
"77,4 : 0.4632"
"4,78 : 0.0707"
"78,4 : 0.0707"
"4,79 : 0.6119"
"79,4 : 0.6119"
"4,80 : 0.386"
"80,4 : 0.386"
"4,81 : 0.3008"
"81,4 : 0.3008"
"4,82 : 0.0854"
"82,4 : 0.0854"
"4,83 : 0.5413"
"83,4 : 0.5413"
"4,84 : 0.2088"
"84,4 : 0.2088"
"4,85 : 0.3625"
"85,4 : 0.3625"
"4,86 : 0.6812"
"86,4 : 0.6812"
"4,87 : 0.4741"
"87,4 : 0.4741"
"4,88 : 0.5459"
"88,4 : 0.5459"
"4,89 : 0.0447"
"89,4 : 0.0447"
"4,90 : 0.1992"
"90,4 : 0.1992"
"4,91 : 0.6379"
"91,4 : 0.6379"
"4,92 : 0.211"
"92,4 : 0.211"
"4,93 : 0.3298"
"93,4 : 0.3298"
"4,94 : 0.2476"
"94,4 : 0.2476"
"4,95 : 0.4415"
"95,4 : 0.4415"
"4,96 : 0.6017"
"96,4 : 0.6017"
"4,97 : 0.5371"
"97,4 : 0.5371"
"4,98 : 0.4148"
"98,4 : 0.4148"
"4,99 : 0.5701"
"99,4 : 0.5701"
"5,6 : 0.322"
"6,5 : 0.322"
"5,7 : 0.5235"
"7,5 : 0.5235"
"5,8 : 0.722"
"8,5 : 0.722"
"5,9 : 0.9849"
"9,5 : 0.9849"
"5,10 : 0.8683"
"10,5 : 0.8683"
"5,11 : 0.781"
"11,5 : 0.781"
"5,12 : 0.9437"
"12,5 : 0.9437"
"5,13 : 0.6708"
"13,5 : 0.6708"
"5,14 : 1.0397"
"14,5 : 1.0397"
"5,15 : 0.7948"
"15,5 : 0.7948"
"5,16 : 0.9774"
"16,5 : 0.9774"
"5,17 : 0.086"
"17,5 : 0.086"
"5,18 : 0.2377"
"18,5 : 0.2377"
"5,19 : 0.7417"
"19,5 : 0.7417"
"5,20 : 0.9415"
"20,5 : 0.9415"
"5,21 : 0.6185"
"21,5 : 0.6185"
"5,22 : 0.7083"
"22,5 : 0.7083"
"5,23 : 0.1924"
"23,5 : 0.1924"
"5,24 : 0.35"
"24,5 : 0.35"
"5,25 : 0.9913"
"25,5 : 0.9913"
"5,26 : 0.8919"
"26,5 : 0.8919"
"5,27 : 0.5608"
"27,5 : 0.5608"
"5,28 : 0.717"
"28,5 : 0.717"
"5,29 : 0.9643"
"29,5 : 0.9643"
"5,30 : 0.6803"
"30,5 : 0.6803"
"5,31 : 0.846"
"31,5 : 0.846"
"5,32 : 0.6818"
"32,5 : 0.6818"
"5,33 : 1.1031"
"33,5 : 1.1031"
"5,34 : 0.6712"
"34,5 : 0.6712"
"5,35 : 0.17"
"35,5 : 0.17"
"5,36 : 0.1709"
"36,5 : 0.1709"
"5,37 : 0.7301"
"37,5 : 0.7301"
"5,38 : 0.9463"
"38,5 : 0.9463"
"5,39 : 0.3622"
"39,5 : 0.3622"
"5,40 : 0.6981"
"40,5 : 0.6981"
"5,41 : 0.8548"
"41,5 : 0.8548"
"5,42 : 0.75"
"42,5 : 0.75"
"5,43 : 0.735"
"43,5 : 0.735"
"5,44 : 0.7292"
"44,5 : 0.7292"
"5,45 : 0.5517"
"45,5 : 0.5517"
"5,46 : 0.9092"
"46,5 : 0.9092"
"5,47 : 0.5993"
"47,5 : 0.5993"
"5,48 : 0.794"
"48,5 : 0.794"
"5,49 : 0.7971"
"49,5 : 0.7971"
"5,50 : 0.2524"
"50,5 : 0.2524"
"5,51 : 0.6207"
"51,5 : 0.6207"
"5,52 : 0.4219"
"52,5 : 0.4219"
"5,53 : 0.2309"
"53,5 : 0.2309"
"5,54 : 0.392"
"54,5 : 0.392"
"5,55 : 0.65"
"55,5 : 0.65"
"5,56 : 0.4649"
"56,5 : 0.4649"
"5,57 : 0.8587"
"57,5 : 0.8587"
"5,58 : 0.8798"
"58,5 : 0.8798"
"5,59 : 0.7495"
"59,5 : 0.7495"
"5,60 : 0.8412"
"60,5 : 0.8412"
"5,61 : 0.1414"
"61,5 : 0.1414"
"5,62 : 1.0179"
"62,5 : 1.0179"
"5,63 : 0.794"
"63,5 : 0.794"
"5,64 : 0.5474"
"64,5 : 0.5474"
"5,65 : 0.8603"
"65,5 : 0.8603"
"5,66 : 0.5217"
"66,5 : 0.5217"
"5,67 : 0.9849"
"67,5 : 0.9849"
"5,68 : 0.9048"
"68,5 : 0.9048"
"5,69 : 0.5467"
"69,5 : 0.5467"
"5,70 : 1.0847"
"70,5 : 1.0847"
"5,71 : 0.6671"
"71,5 : 0.6671"
"5,72 : 0.236"
"72,5 : 0.236"
"5,73 : 0.3883"
"73,5 : 0.3883"
"5,74 : 0.5471"
"74,5 : 0.5471"
"5,75 : 0.7201"
"75,5 : 0.7201"
"5,76 : 0.3506"
"76,5 : 0.3506"
"5,77 : 0.0781"
"77,5 : 0.0781"
"5,78 : 0.4187"
"78,5 : 0.4187"
"5,79 : 0.9179"
"79,5 : 0.9179"
"5,80 : 0.7574"
"80,5 : 0.7574"
"5,81 : 0.2657"
"81,5 : 0.2657"
"5,82 : 0.4438"
"82,5 : 0.4438"
"5,83 : 0.8647"
"83,5 : 0.8647"
"5,84 : 0.5482"
"84,5 : 0.5482"
"5,85 : 0.35"
"85,5 : 0.35"
"5,86 : 1.0542"
"86,5 : 1.0542"
"5,87 : 0.8596"
"87,5 : 0.8596"
"5,88 : 0.7811"
"88,5 : 0.7811"
"5,89 : 0.3413"
"89,5 : 0.3413"
"5,90 : 0.5814"
"90,5 : 0.5814"
"5,91 : 0.9502"
"91,5 : 0.9502"
"5,92 : 0.3501"
"92,5 : 0.3501"
"5,93 : 0.7077"
"93,5 : 0.7077"
"5,94 : 0.1612"
"94,5 : 0.1612"
"5,95 : 0.7628"
"95,5 : 0.7628"
"5,96 : 0.9841"
"96,5 : 0.9841"
"5,97 : 0.6736"
"97,5 : 0.6736"
"5,98 : 0.7355"
"98,5 : 0.7355"
"5,99 : 0.8338"
"99,5 : 0.8338"
"6,7 : 0.25"
"7,6 : 0.25"
"6,8 : 0.4617"
"8,6 : 0.4617"
"6,9 : 0.6801"
"9,6 : 0.6801"
"6,10 : 0.6335"
"10,6 : 0.6335"
"6,11 : 0.522"
"11,6 : 0.522"
"6,12 : 0.7139"
"12,6 : 0.7139"
"6,13 : 0.6622"
"13,6 : 0.6622"
"6,14 : 0.7403"
"14,6 : 0.7403"
"6,15 : 0.6"
"15,6 : 0.6"
"6,16 : 0.6912"
"16,6 : 0.6912"
"6,17 : 0.4071"
"17,6 : 0.4071"
"6,18 : 0.2154"
"18,6 : 0.2154"
"6,19 : 0.6462"
"19,6 : 0.6462"
"6,20 : 0.7333"
"20,6 : 0.7333"
"6,21 : 0.4329"
"21,6 : 0.4329"
"6,22 : 0.4752"
"22,6 : 0.4752"
"6,23 : 0.1487"
"23,6 : 0.1487"
"6,24 : 0.0707"
"24,6 : 0.0707"
"6,25 : 0.6712"
"25,6 : 0.6712"
"6,26 : 0.7103"
"26,6 : 0.7103"
"6,27 : 0.2404"
"27,6 : 0.2404"
"6,28 : 0.4837"
"28,6 : 0.4837"
"6,29 : 0.681"
"29,6 : 0.681"
"6,30 : 0.408"
"30,6 : 0.408"
"6,31 : 0.5248"
"31,6 : 0.5248"
"6,32 : 0.4338"
"32,6 : 0.4338"
"6,33 : 0.806"
"33,6 : 0.806"
"6,34 : 0.3499"
"34,6 : 0.3499"
"6,35 : 0.1523"
"35,6 : 0.1523"
"6,36 : 0.2385"
"36,6 : 0.2385"
"6,37 : 0.53"
"37,6 : 0.53"
"6,38 : 0.6815"
"38,6 : 0.6815"
"6,39 : 0.3966"
"39,6 : 0.3966"
"6,40 : 0.3895"
"40,6 : 0.3895"
"6,41 : 0.5622"
"41,6 : 0.5622"
"6,42 : 0.5855"
"42,6 : 0.5855"
"6,43 : 0.4851"
"43,6 : 0.4851"
"6,44 : 0.4072"
"44,6 : 0.4072"
"6,45 : 0.264"
"45,6 : 0.264"
"6,46 : 0.6694"
"46,6 : 0.6694"
"6,47 : 0.2773"
"47,6 : 0.2773"
"6,48 : 0.481"
"48,6 : 0.481"
"6,49 : 0.4754"
"49,6 : 0.4754"
"6,50 : 0.08"
"50,6 : 0.08"
"6,51 : 0.3712"
"51,6 : 0.3712"
"6,52 : 0.2309"
"52,6 : 0.2309"
"6,53 : 0.1709"
"53,6 : 0.1709"
"6,54 : 0.1772"
"54,6 : 0.1772"
"6,55 : 0.3302"
"55,6 : 0.3302"
"6,56 : 0.3311"
"56,6 : 0.3311"
"6,57 : 0.6935"
"57,6 : 0.6935"
"6,58 : 0.6332"
"58,6 : 0.6332"
"6,59 : 0.4579"
"59,6 : 0.4579"
"6,60 : 0.5239"
"60,6 : 0.5239"
"6,61 : 0.1921"
"61,6 : 0.1921"
"6,62 : 0.7596"
"62,6 : 0.7596"
"6,63 : 0.5463"
"63,6 : 0.5463"
"6,64 : 0.5517"
"64,6 : 0.5517"
"6,65 : 0.67"
"65,6 : 0.67"
"6,66 : 0.4115"
"66,6 : 0.4115"
"6,67 : 0.6997"
"67,6 : 0.6997"
"6,68 : 0.5852"
"68,6 : 0.5852"
"6,69 : 0.247"
"69,6 : 0.247"
"6,70 : 0.7783"
"70,6 : 0.7783"
"6,71 : 0.3956"
"71,6 : 0.3956"
"6,72 : 0.1"
"72,6 : 0.1"
"6,73 : 0.1931"
"73,6 : 0.1931"
"6,74 : 0.3302"
"74,6 : 0.3302"
"6,75 : 0.5948"
"75,6 : 0.5948"
"6,76 : 0.1709"
"76,6 : 0.1709"
"6,77 : 0.3945"
"77,6 : 0.3945"
"6,78 : 0.1811"
"78,6 : 0.1811"
"6,79 : 0.5968"
"79,6 : 0.5968"
"6,80 : 0.4741"
"80,6 : 0.4741"
"6,81 : 0.3956"
"81,6 : 0.3956"
"6,82 : 0.2955"
"82,6 : 0.2955"
"6,83 : 0.7473"
"83,6 : 0.7473"
"6,84 : 0.4179"
"84,6 : 0.4179"
"6,85 : 0.1523"
"85,6 : 0.1523"
"6,86 : 0.7628"
"86,6 : 0.7628"
"6,87 : 0.6237"
"87,6 : 0.6237"
"6,88 : 0.4632"
"88,6 : 0.4632"
"6,89 : 0.186"
"89,6 : 0.186"
"6,90 : 0.3812"
"90,6 : 0.3812"
"6,91 : 0.6297"
"91,6 : 0.6297"
"6,92 : 0.3662"
"92,6 : 0.3662"
"6,93 : 0.5101"
"93,6 : 0.5101"
"6,94 : 0.2707"
"94,6 : 0.2707"
"6,95 : 0.4469"
"95,6 : 0.4469"
"6,96 : 0.7612"
"96,6 : 0.7612"
"6,97 : 0.3864"
"97,6 : 0.3864"
"6,98 : 0.623"
"98,6 : 0.623"
"6,99 : 0.5126"
"99,6 : 0.5126"
"7,8 : 0.2119"
"8,7 : 0.2119"
"7,9 : 0.4662"
"9,7 : 0.4662"
"7,10 : 0.3847"
"10,7 : 0.3847"
"7,11 : 0.594"
"11,7 : 0.594"
"7,12 : 0.4653"
"12,7 : 0.4653"
"7,13 : 0.5557"
"13,7 : 0.5557"
"7,14 : 0.5174"
"14,7 : 0.5174"
"7,15 : 0.3667"
"15,7 : 0.3667"
"7,16 : 0.4545"
"16,7 : 0.4545"
"7,17 : 0.6081"
"17,7 : 0.6081"
"7,18 : 0.3138"
"18,7 : 0.3138"
"7,19 : 0.4751"
"19,7 : 0.4751"
"7,20 : 0.49"
"20,7 : 0.49"
"7,21 : 0.2247"
"21,7 : 0.2247"
"7,22 : 0.23"
"22,7 : 0.23"
"7,23 : 0.3891"
"23,7 : 0.3891"
"7,24 : 0.1879"
"24,7 : 0.1879"
"7,25 : 0.507"
"25,7 : 0.507"
"7,26 : 0.4785"
"26,7 : 0.4785"
"7,27 : 0.2335"
"27,7 : 0.2335"
"7,28 : 0.5941"
"28,7 : 0.5941"
"7,29 : 0.442"
"29,7 : 0.442"
"7,30 : 0.4817"
"30,7 : 0.4817"
"7,31 : 0.3812"
"31,7 : 0.3812"
"7,32 : 0.536"
"32,7 : 0.536"
"7,33 : 0.58"
"33,7 : 0.58"
"7,34 : 0.2377"
"34,7 : 0.2377"
"7,35 : 0.3662"
"35,7 : 0.3662"
"7,36 : 0.4833"
"36,7 : 0.4833"
"7,37 : 0.2983"
"37,7 : 0.2983"
"7,38 : 0.4338"
"38,7 : 0.4338"
"7,39 : 0.4005"
"39,7 : 0.4005"
"7,40 : 0.1965"
"40,7 : 0.1965"
"7,41 : 0.5694"
"41,7 : 0.5694"
"7,42 : 0.3716"
"42,7 : 0.3716"
"7,43 : 0.2354"
"43,7 : 0.2354"
"7,44 : 0.3081"
"44,7 : 0.3081"
"7,45 : 0.04"
"45,7 : 0.04"
"7,46 : 0.4198"
"46,7 : 0.4198"
"7,47 : 0.2163"
"47,7 : 0.2163"
"7,48 : 0.2941"
"48,7 : 0.2941"
"7,49 : 0.3748"
"49,7 : 0.3748"
"7,50 : 0.283"
"50,7 : 0.283"
"7,51 : 0.4855"
"51,7 : 0.4855"
"7,52 : 0.1414"
"52,7 : 0.1414"
"7,53 : 0.4206"
"53,7 : 0.4206"
"7,54 : 0.1389"
"54,7 : 0.1389"
"7,55 : 0.2062"
"55,7 : 0.2062"
"7,56 : 0.2184"
"56,7 : 0.2184"
"7,57 : 0.4713"
"57,7 : 0.4713"
"7,58 : 0.3833"
"58,7 : 0.3833"
"7,59 : 0.2267"
"59,7 : 0.2267"
"7,60 : 0.4561"
"60,7 : 0.4561"
"7,61 : 0.4219"
"61,7 : 0.4219"
"7,62 : 0.5108"
"62,7 : 0.5108"
"7,63 : 0.6297"
"63,7 : 0.6297"
"7,64 : 0.4776"
"64,7 : 0.4776"
"7,65 : 0.4357"
"65,7 : 0.4357"
"7,66 : 0.2818"
"66,7 : 0.2818"
"7,67 : 0.4623"
"67,7 : 0.4623"
"7,68 : 0.495"
"68,7 : 0.495"
"7,69 : 0.0671"
"69,7 : 0.0671"
"7,70 : 0.5661"
"70,7 : 0.5661"
"7,71 : 0.1476"
"71,7 : 0.1476"
"7,72 : 0.2941"
"72,7 : 0.2941"
"7,73 : 0.1523"
"73,7 : 0.1523"
"7,74 : 0.1204"
"74,7 : 0.1204"
"7,75 : 0.408"
"75,7 : 0.408"
"7,76 : 0.4001"
"76,7 : 0.4001"
"7,77 : 0.6014"
"77,7 : 0.6014"
"7,78 : 0.1082"
"78,7 : 0.1082"
"7,79 : 0.4455"
"79,7 : 0.4455"
"7,80 : 0.2343"
"80,7 : 0.2343"
"7,81 : 0.4684"
"81,7 : 0.4684"
"7,82 : 0.1924"
"82,7 : 0.1924"
"7,83 : 0.5507"
"83,7 : 0.5507"
"7,84 : 0.2663"
"84,7 : 0.2663"
"7,85 : 0.3801"
"85,7 : 0.3801"
"7,86 : 0.5308"
"86,7 : 0.5308"
"7,87 : 0.3748"
"87,7 : 0.3748"
"7,88 : 0.4016"
"88,7 : 0.4016"
"7,89 : 0.2012"
"89,7 : 0.2012"
"7,90 : 0.172"
"90,7 : 0.172"
"7,91 : 0.4707"
"91,7 : 0.4707"
"7,92 : 0.3712"
"92,7 : 0.3712"
"7,93 : 0.2816"
"93,7 : 0.2816"
"7,94 : 0.405"
"94,7 : 0.405"
"7,95 : 0.2746"
"95,7 : 0.2746"
"7,96 : 0.5135"
"96,7 : 0.5135"
"7,97 : 0.4384"
"97,7 : 0.4384"
"7,98 : 0.442"
"98,7 : 0.442"
"7,99 : 0.4144"
"99,7 : 0.4144"
"8,9 : 0.3178"
"9,8 : 0.3178"
"8,10 : 0.1803"
"10,8 : 0.1803"
"8,11 : 0.712"
"11,8 : 0.712"
"8,12 : 0.26"
"12,8 : 0.26"
"8,13 : 0.5558"
"13,8 : 0.5558"
"8,14 : 0.3493"
"14,8 : 0.3493"
"8,15 : 0.2126"
"15,8 : 0.2126"
"8,16 : 0.2663"
"16,8 : 0.2663"
"8,17 : 0.8043"
"17,8 : 0.8043"
"8,18 : 0.4952"
"18,8 : 0.4952"
"8,19 : 0.4123"
"19,8 : 0.4123"
"8,20 : 0.2983"
"20,8 : 0.2983"
"8,21 : 0.1903"
"21,8 : 0.1903"
"8,22 : 0.0762"
"22,8 : 0.0762"
"8,23 : 0.6001"
"23,8 : 0.6001"
"8,24 : 0.3992"
"24,8 : 0.3992"
"8,25 : 0.4258"
"25,8 : 0.4258"
"8,26 : 0.3138"
"26,8 : 0.3138"
"8,27 : 0.3808"
"27,8 : 0.3808"
"8,28 : 0.7354"
"28,8 : 0.7354"
"8,29 : 0.25"
"29,8 : 0.25"
"8,30 : 0.6133"
"30,8 : 0.6133"
"8,31 : 0.3536"
"31,8 : 0.3536"
"8,32 : 0.6778"
"32,8 : 0.6778"
"8,33 : 0.4031"
"33,8 : 0.4031"
"8,34 : 0.3053"
"34,8 : 0.3053"
"8,35 : 0.5731"
"35,8 : 0.5731"
"8,36 : 0.6946"
"36,8 : 0.6946"
"8,37 : 0.1664"
"37,8 : 0.1664"
"8,38 : 0.2247"
"38,8 : 0.2247"
"8,39 : 0.5189"
"39,8 : 0.5189"
"8,40 : 0.1921"
"40,8 : 0.1921"
"8,41 : 0.6454"
"41,8 : 0.6454"
"8,42 : 0.2608"
"42,8 : 0.2608"
"8,43 : 0.0361"
"43,8 : 0.0361"
"8,44 : 0.3547"
"44,8 : 0.3547"
"8,45 : 0.2022"
"45,8 : 0.2022"
"8,46 : 0.211"
"46,8 : 0.211"
"8,47 : 0.3384"
"47,8 : 0.3384"
"8,48 : 0.2371"
"48,8 : 0.2371"
"8,49 : 0.397"
"49,8 : 0.397"
"8,50 : 0.4919"
"50,8 : 0.4919"
"8,51 : 0.6389"
"51,8 : 0.6389"
"8,52 : 0.3041"
"52,8 : 0.3041"
"8,53 : 0.6325"
"53,8 : 0.6325"
"8,54 : 0.3302"
"54,8 : 0.3302"
"8,55 : 0.2818"
"55,8 : 0.2818"
"8,56 : 0.313"
"56,8 : 0.313"
"8,57 : 0.3265"
"57,8 : 0.3265"
"8,58 : 0.1726"
"58,8 : 0.1726"
"8,59 : 0.1118"
"59,8 : 0.1118"
"8,60 : 0.4892"
"60,8 : 0.4892"
"8,61 : 0.6306"
"61,8 : 0.6306"
"8,62 : 0.2997"
"62,8 : 0.2997"
"8,63 : 0.7518"
"63,8 : 0.7518"
"8,64 : 0.5215"
"64,8 : 0.5215"
"8,65 : 0.2693"
"65,8 : 0.2693"
"8,66 : 0.3276"
"66,8 : 0.3276"
"8,67 : 0.272"
"67,8 : 0.272"
"8,68 : 0.4993"
"68,8 : 0.4993"
"8,69 : 0.2302"
"69,8 : 0.2302"
"8,70 : 0.4111"
"70,8 : 0.4111"
"8,71 : 0.07"
"71,8 : 0.07"
"8,72 : 0.5012"
"72,8 : 0.5012"
"8,73 : 0.3342"
"73,8 : 0.3342"
"8,74 : 0.186"
"74,8 : 0.186"
"8,75 : 0.3362"
"75,8 : 0.3362"
"8,76 : 0.6053"
"76,8 : 0.6053"
"8,77 : 0.8"
"77,8 : 0.8"
"8,78 : 0.3053"
"78,8 : 0.3053"
"8,79 : 0.3922"
"79,8 : 0.3922"
"8,80 : 0.0825"
"80,8 : 0.0825"
"8,81 : 0.6159"
"81,8 : 0.6159"
"8,82 : 0.3106"
"82,8 : 0.3106"
"8,83 : 0.4405"
"83,8 : 0.4405"
"8,84 : 0.2943"
"84,8 : 0.2943"
"8,85 : 0.5855"
"85,8 : 0.5855"
"8,86 : 0.3467"
"86,8 : 0.3467"
"8,87 : 0.1703"
"87,8 : 0.1703"
"8,88 : 0.4528"
"88,8 : 0.4528"
"8,89 : 0.3829"
"89,8 : 0.3829"
"8,90 : 0.1803"
"90,8 : 0.1803"
"8,91 : 0.4026"
"91,8 : 0.4026"
"8,92 : 0.4965"
"92,8 : 0.4965"
"8,93 : 0.1655"
"93,8 : 0.1655"
"8,94 : 0.5869"
"94,8 : 0.5869"
"8,95 : 0.25"
"95,8 : 0.25"
"8,96 : 0.3102"
"96,8 : 0.3102"
"8,97 : 0.5636"
"97,8 : 0.5636"
"8,98 : 0.3716"
"98,8 : 0.3716"
"8,99 : 0.428"
"99,8 : 0.428"
"9,10 : 0.3384"
"10,9 : 0.3384"
"9,11 : 0.6912"
"11,9 : 0.6912"
"9,12 : 0.3636"
"12,9 : 0.3636"
"9,13 : 0.8601"
"13,9 : 0.8601"
"9,14 : 0.0707"
"14,9 : 0.0707"
"9,15 : 0.4589"
"15,9 : 0.4589"
"9,16 : 0.1204"
"16,9 : 0.1204"
"9,17 : 1.0706"
"17,9 : 1.0706"
"9,18 : 0.7794"
"18,9 : 0.7794"
"9,19 : 0.6958"
"19,9 : 0.6958"
"9,20 : 0.4391"
"20,9 : 0.4391"
"9,21 : 0.5064"
"21,9 : 0.5064"
"9,22 : 0.3821"
"22,9 : 0.3821"
"9,23 : 0.8288"
"23,9 : 0.8288"
"9,24 : 0.6366"
"24,9 : 0.6366"
"9,25 : 0.178"
"25,9 : 0.178"
"9,26 : 0.5108"
"26,9 : 0.5108"
"9,27 : 0.4919"
"27,9 : 0.4919"
"9,28 : 0.7506"
"28,9 : 0.7506"
"9,29 : 0.136"
"29,9 : 0.136"
"9,30 : 0.6329"
"30,9 : 0.6329"
"9,31 : 0.24"
"31,9 : 0.24"
"9,32 : 0.7026"
"32,9 : 0.7026"
"9,33 : 0.136"
"33,9 : 0.136"
"9,34 : 0.3625"
"34,9 : 0.3625"
"9,35 : 0.8204"
"35,9 : 0.8204"
"9,36 : 0.9168"
"36,9 : 0.9168"
"9,37 : 0.4504"
"37,9 : 0.4504"
"9,38 : 0.2247"
"38,9 : 0.2247"
"9,39 : 0.8322"
"39,9 : 0.8322"
"9,40 : 0.2907"
"40,9 : 0.2907"
"9,41 : 0.5707"
"41,9 : 0.5707"
"9,42 : 0.5346"
"42,9 : 0.5346"
"9,43 : 0.3324"
"43,9 : 0.3324"
"9,44 : 0.3493"
"44,9 : 0.3493"
"9,45 : 0.4342"
"45,9 : 0.4342"
"9,46 : 0.322"
"46,9 : 0.322"
"9,47 : 0.4383"
"47,9 : 0.4383"
"9,48 : 0.2059"
"48,9 : 0.2059"
"9,49 : 0.3302"
"49,9 : 0.3302"
"9,50 : 0.7355"
"50,9 : 0.7355"
"9,51 : 0.6905"
"51,9 : 0.6905"
"9,52 : 0.5954"
"52,9 : 0.5954"
"9,53 : 0.842"
"53,9 : 0.842"
"9,54 : 0.6046"
"54,9 : 0.6046"
"9,55 : 0.3672"
"55,9 : 0.3672"
"9,56 : 0.6263"
"56,9 : 0.6263"
"9,57 : 0.5503"
"57,9 : 0.5503"
"9,58 : 0.2973"
"58,9 : 0.2973"
"9,59 : 0.2419"
"59,9 : 0.2419"
"9,60 : 0.3946"
"60,9 : 0.3946"
"9,61 : 0.87"
"61,9 : 0.87"
"9,62 : 0.2691"
"62,9 : 0.2691"
"9,63 : 0.7317"
"63,9 : 0.7317"
"9,64 : 0.8373"
"64,9 : 0.8373"
"9,65 : 0.4776"
"65,9 : 0.4776"
"9,66 : 0.6454"
"66,9 : 0.6454"
"9,67 : 0.1273"
"67,9 : 0.1273"
"9,68 : 0.3574"
"68,9 : 0.3574"
"9,69 : 0.4386"
"69,9 : 0.4386"
"9,70 : 0.1"
"70,9 : 0.1"
"9,71 : 0.3401"
"71,9 : 0.3401"
"9,72 : 0.7501"
"72,9 : 0.7501"
"9,73 : 0.6159"
"73,9 : 0.6159"
"9,74 : 0.494"
"74,9 : 0.494"
"9,75 : 0.6229"
"75,9 : 0.6229"
"9,76 : 0.7752"
"76,9 : 0.7752"
"9,77 : 1.0622"
"77,9 : 1.0622"
"9,78 : 0.5743"
"78,9 : 0.5743"
"9,79 : 0.2088"
"79,9 : 0.2088"
"9,80 : 0.247"
"80,9 : 0.247"
"9,81 : 0.9214"
"81,9 : 0.9214"
"9,82 : 0.6185"
"82,9 : 0.6185"
"9,83 : 0.6831"
"83,9 : 0.6831"
"9,84 : 0.6119"
"84,9 : 0.6119"
"9,85 : 0.758"
"85,9 : 0.758"
"9,86 : 0.1217"
"86,9 : 0.1217"
"9,87 : 0.3353"
"87,9 : 0.3353"
"9,88 : 0.4"
"88,9 : 0.4"
"9,89 : 0.6657"
"89,9 : 0.6657"
"9,90 : 0.4973"
"90,9 : 0.4973"
"9,91 : 0.1879"
"91,9 : 0.1879"
"9,92 : 0.8078"
"92,9 : 0.8078"
"9,93 : 0.46"
"93,9 : 0.46"
"9,94 : 0.8709"
"94,9 : 0.8709"
"9,95 : 0.246"
"95,9 : 0.246"
"9,96 : 0.4"
"96,9 : 0.4"
"9,97 : 0.5842"
"97,9 : 0.5842"
"9,98 : 0.6549"
"98,9 : 0.6549"
"9,99 : 0.3314"
"99,9 : 0.3314"
"10,11 : 0.8773"
"11,10 : 0.8773"
"10,12 : 0.0806"
"12,10 : 0.0806"
"10,13 : 0.5492"
"13,10 : 0.5492"
"10,14 : 0.3324"
"14,10 : 0.3324"
"10,15 : 0.1315"
"15,10 : 0.1315"
"10,16 : 0.2319"
"16,10 : 0.2319"
"10,17 : 0.9467"
"17,10 : 0.9467"
"10,18 : 0.6329"
"18,10 : 0.6329"
"10,19 : 0.3705"
"19,10 : 0.3705"
"10,20 : 0.1253"
"20,10 : 0.1253"
"10,21 : 0.2617"
"21,10 : 0.2617"
"10,22 : 0.1616"
"22,10 : 0.1616"
"10,23 : 0.7654"
"23,10 : 0.7654"
"10,24 : 0.5675"
"24,10 : 0.5675"
"10,25 : 0.4974"
"25,10 : 0.4974"
"10,26 : 0.1749"
"26,10 : 0.1749"
"10,27 : 0.559"
"27,10 : 0.559"
"10,28 : 0.9076"
"28,10 : 0.9076"
"10,29 : 0.2121"
"29,10 : 0.2121"
"10,30 : 0.7843"
"30,10 : 0.7843"
"10,31 : 0.4742"
"31,10 : 0.4742"
"10,32 : 0.8507"
"32,10 : 0.8507"
"10,33 : 0.3606"
"33,10 : 0.3606"
"10,34 : 0.4717"
"34,10 : 0.4717"
"10,35 : 0.7316"
"35,10 : 0.7316"
"10,36 : 0.8602"
"36,10 : 0.8602"
"10,37 : 0.1581"
"37,10 : 0.1581"
"10,38 : 0.1304"
"38,10 : 0.1304"
"10,39 : 0.6096"
"39,10 : 0.6096"
"10,40 : 0.3547"
"40,10 : 0.3547"
"10,41 : 0.7961"
"41,10 : 0.7961"
"10,42 : 0.2138"
"42,10 : 0.2138"
"10,43 : 0.1503"
"43,10 : 0.1503"
"10,44 : 0.51"
"44,10 : 0.51"
"10,45 : 0.3805"
"45,10 : 0.3805"
"10,46 : 0.0424"
"46,10 : 0.0424"
"10,47 : 0.5142"
"47,10 : 0.5142"
"10,48 : 0.364"
"48,10 : 0.364"
"10,49 : 0.5382"
"49,10 : 0.5382"
"10,50 : 0.6546"
"50,10 : 0.6546"
"10,51 : 0.8149"
"51,10 : 0.8149"
"10,52 : 0.4472"
"52,10 : 0.4472"
"10,53 : 0.8028"
"53,10 : 0.8028"
"10,54 : 0.4847"
"54,10 : 0.4847"
"10,55 : 0.4522"
"55,10 : 0.4522"
"10,56 : 0.4187"
"56,10 : 0.4187"
"10,57 : 0.2119"
"57,10 : 0.2119"
"10,58 : 0.0412"
"58,10 : 0.0412"
"10,59 : 0.255"
"59,10 : 0.255"
"10,60 : 0.628"
"60,10 : 0.628"
"10,61 : 0.7912"
"61,10 : 0.7912"
"10,62 : 0.1664"
"62,10 : 0.1664"
"10,63 : 0.9179"
"63,10 : 0.9179"
"10,64 : 0.5554"
"64,10 : 0.5554"
"10,65 : 0.1393"
"65,10 : 0.1393"
"10,66 : 0.3982"
"66,10 : 0.3982"
"10,67 : 0.2309"
"67,10 : 0.2309"
"10,68 : 0.6224"
"68,10 : 0.6224"
"10,69 : 0.41"
"69,10 : 0.41"
"10,70 : 0.4031"
"70,10 : 0.4031"
"10,71 : 0.2502"
"71,10 : 0.2502"
"10,72 : 0.6613"
"72,10 : 0.6613"
"10,73 : 0.4833"
"73,10 : 0.4833"
"10,74 : 0.322"
"74,10 : 0.322"
"10,75 : 0.3041"
"75,10 : 0.3041"
"10,76 : 0.7831"
"76,10 : 0.7831"
"10,77 : 0.9451"
"77,10 : 0.9451"
"10,78 : 0.4649"
"78,10 : 0.4649"
"10,79 : 0.4904"
"79,10 : 0.4904"
"10,80 : 0.2193"
"80,10 : 0.2193"
"10,81 : 0.7212"
"81,10 : 0.7212"
"10,82 : 0.4301"
"82,10 : 0.4301"
"10,83 : 0.3448"
"83,10 : 0.3448"
"10,84 : 0.3624"
"84,10 : 0.3624"
"10,85 : 0.7632"
"85,10 : 0.7632"
"10,86 : 0.3002"
"86,10 : 0.3002"
"10,87 : 0.01"
"87,10 : 0.01"
"10,88 : 0.6021"
"88,10 : 0.6021"
"10,89 : 0.5277"
"89,10 : 0.5277"
"10,90 : 0.2884"
"90,10 : 0.2884"
"10,91 : 0.4883"
"91,10 : 0.4883"
"10,92 : 0.5941"
"92,10 : 0.5941"
"10,93 : 0.178"
"93,10 : 0.178"
"10,94 : 0.7211"
"94,10 : 0.7211"
"10,95 : 0.3912"
"95,10 : 0.3912"
"10,96 : 0.13"
"96,10 : 0.13"
"10,97 : 0.7339"
"97,10 : 0.7339"
"10,98 : 0.3314"
"98,10 : 0.3314"
"10,99 : 0.5622"
"99,10 : 0.5622"
"11,12 : 0.947"
"12,11 : 0.947"
"11,13 : 1.1402"
"13,11 : 1.1402"
"11,14 : 0.7606"
"14,11 : 0.7606"
"11,15 : 0.9211"
"15,11 : 0.9211"
"11,16 : 0.7809"
"16,11 : 0.7809"
"11,17 : 0.8501"
"17,11 : 0.8501"
"11,18 : 0.7374"
"18,11 : 0.7374"
"11,19 : 1.0683"
"19,11 : 1.0683"
"11,20 : 1.0022"
"20,11 : 1.0022"
"11,21 : 0.8147"
"21,11 : 0.8147"
"11,22 : 0.7739"
"22,11 : 0.7739"
"11,23 : 0.5941"
"23,11 : 0.5941"
"11,24 : 0.559"
"24,11 : 0.559"
"11,25 : 0.5544"
"25,11 : 0.5544"
"11,26 : 1.0258"
"26,11 : 1.0258"
"11,27 : 0.3607"
"27,11 : 0.3607"
"11,28 : 0.0922"
"28,11 : 0.0922"
"11,29 : 0.7845"
"29,11 : 0.7845"
"11,30 : 0.1166"
"30,11 : 0.1166"
"11,31 : 0.4518"
"31,11 : 0.4518"
"11,32 : 0.1005"
"32,11 : 0.1005"
"11,33 : 0.82"
"33,11 : 0.82"
"11,34 : 0.4071"
"34,11 : 0.4071"
"11,35 : 0.6413"
"35,11 : 0.6413"
"11,36 : 0.6203"
"36,11 : 0.6203"
"11,37 : 0.8627"
"37,11 : 0.8627"
"11,38 : 0.842"
"38,11 : 0.842"
"11,39 : 0.9124"
"39,11 : 0.9124"
"11,40 : 0.5233"
"40,11 : 0.5233"
"11,41 : 0.1476"
"41,11 : 0.1476"
"11,42 : 0.95"
"42,11 : 0.95"
"11,43 : 0.7479"
"43,11 : 0.7479"
"11,44 : 0.37"
"44,11 : 0.37"
"11,45 : 0.5664"
"45,11 : 0.5664"
"11,46 : 0.8932"
"46,11 : 0.8932"
"11,47 : 0.3842"
"47,11 : 0.3842"
"11,48 : 0.5289"
"48,11 : 0.5289"
"11,49 : 0.3635"
"49,11 : 0.3635"
"11,50 : 0.5977"
"50,11 : 0.5977"
"11,51 : 0.1603"
"51,11 : 0.1603"
"11,52 : 0.6882"
"52,11 : 0.6882"
"11,53 : 0.5504"
"53,11 : 0.5504"
"11,54 : 0.6435"
"54,11 : 0.6435"
"11,55 : 0.4305"
"55,11 : 0.4305"
"11,56 : 0.792"
"56,11 : 0.792"
"11,57 : 1.0346"
"57,11 : 1.0346"
"11,58 : 0.8523"
"58,11 : 0.8523"
"11,59 : 0.6224"
"59,11 : 0.6224"
"11,60 : 0.3007"
"60,11 : 0.3007"
"11,61 : 0.6428"
"61,11 : 0.6428"
"11,62 : 0.9168"
"62,11 : 0.9168"
"11,63 : 0.0412"
"63,11 : 0.0412"
"11,64 : 1.0456"
"64,11 : 1.0456"
"11,65 : 0.9811"
"65,11 : 0.9811"
"11,66 : 0.8668"
"66,11 : 0.8668"
"11,67 : 0.7908"
"67,11 : 0.7908"
"11,68 : 0.3569"
"68,11 : 0.3569"
"11,69 : 0.5308"
"69,11 : 0.5308"
"11,70 : 0.7511"
"70,11 : 0.7511"
"11,71 : 0.6519"
"71,11 : 0.6519"
"11,72 : 0.6168"
"72,11 : 0.6168"
"11,73 : 0.6657"
"73,11 : 0.6657"
"11,74 : 0.7142"
"74,11 : 0.7142"
"11,75 : 0.999"
"75,11 : 0.999"
"11,76 : 0.4305"
"76,11 : 0.4305"
"11,77 : 0.8302"
"77,11 : 0.8302"
"11,78 : 0.6243"
"78,11 : 0.6243"
"11,79 : 0.4904"
"79,11 : 0.4904"
"11,80 : 0.658"
"80,11 : 0.658"
"11,81 : 0.9171"
"81,11 : 0.9171"
"11,82 : 0.758"
"82,11 : 0.758"
"11,83 : 1.1341"
"83,11 : 1.1341"
"11,84 : 0.857"
"84,11 : 0.857"
"11,85 : 0.4319"
"85,11 : 0.4319"
"11,86 : 0.8122"
"86,11 : 0.8122"
"11,87 : 0.8682"
"87,11 : 0.8682"
"11,88 : 0.2927"
"88,11 : 0.2927"
"11,89 : 0.6848"
"89,11 : 0.6848"
"11,90 : 0.7642"
"90,11 : 0.7642"
"11,91 : 0.5215"
"91,11 : 0.5215"
"11,92 : 0.881"
"92,11 : 0.881"
"11,93 : 0.8521"
"93,11 : 0.8521"
"11,94 : 0.7859"
"94,11 : 0.7859"
"11,95 : 0.4934"
"95,11 : 0.4934"
"11,96 : 0.9972"
"96,11 : 0.9972"
"11,97 : 0.1556"
"97,11 : 0.1556"
"11,98 : 1.0339"
"98,11 : 1.0339"
"11,99 : 0.3601"
"99,11 : 0.3601"
"12,13 : 0.5787"
"13,12 : 0.5787"
"12,14 : 0.3418"
"14,12 : 0.3418"
"12,15 : 0.172"
"15,12 : 0.172"
"12,16 : 0.246"
"16,12 : 0.246"
"12,17 : 1.0208"
"17,12 : 1.0208"
"12,18 : 0.7071"
"18,12 : 0.7071"
"12,19 : 0.3929"
"19,12 : 0.3929"
"12,20 : 0.0762"
"20,12 : 0.0762"
"12,21 : 0.3302"
"21,12 : 0.3302"
"12,22 : 0.2404"
"22,12 : 0.2404"
"12,23 : 0.8448"
"23,12 : 0.8448"
"12,24 : 0.6476"
"24,12 : 0.6476"
"12,25 : 0.5341"
"25,12 : 0.5341"
"12,26 : 0.1603"
"26,12 : 0.1603"
"12,27 : 0.6364"
"27,12 : 0.6364"
"12,28 : 0.9808"
"28,12 : 0.9808"
"12,29 : 0.2283"
"29,12 : 0.2283"
"12,30 : 0.8573"
"30,12 : 0.8573"
"12,31 : 0.5301"
"31,12 : 0.5301"
"12,32 : 0.9244"
"32,12 : 0.9244"
"12,33 : 0.3551"
"33,12 : 0.3551"
"12,34 : 0.5441"
"34,12 : 0.5441"
"12,35 : 0.8099"
"35,12 : 0.8099"
"12,36 : 0.9396"
"36,12 : 0.9396"
"12,37 : 0.2202"
"37,12 : 0.2202"
"12,38 : 0.1389"
"38,12 : 0.1389"
"12,39 : 0.6718"
"39,12 : 0.6718"
"12,40 : 0.4272"
"40,12 : 0.4272"
"12,41 : 0.8596"
"41,12 : 0.8596"
"12,42 : 0.2506"
"42,12 : 0.2506"
"12,43 : 0.2309"
"43,12 : 0.2309"
"12,44 : 0.5778"
"44,12 : 0.5778"
"12,45 : 0.461"
"45,12 : 0.461"
"12,46 : 0.0539"
"46,12 : 0.0539"
"12,47 : 0.5903"
"47,12 : 0.5903"
"12,48 : 0.4254"
"48,12 : 0.4254"
"12,49 : 0.6003"
"49,12 : 0.6003"
"12,50 : 0.7338"
"50,12 : 0.7338"
"12,51 : 0.8905"
"51,12 : 0.8905"
"12,52 : 0.5239"
"52,12 : 0.5239"
"12,53 : 0.8829"
"53,12 : 0.8829"
"12,54 : 0.563"
"54,12 : 0.563"
"12,55 : 0.5263"
"55,12 : 0.5263"
"12,56 : 0.4883"
"56,12 : 0.4883"
"12,57 : 0.2102"
"57,12 : 0.2102"
"12,58 : 0.0949"
"58,12 : 0.0949"
"12,59 : 0.3257"
"59,12 : 0.3257"
"12,60 : 0.688"
"60,12 : 0.688"
"12,61 : 0.8698"
"61,12 : 0.8698"
"12,62 : 0.1304"
"62,12 : 0.1304"
"12,63 : 0.9879"
"63,12 : 0.9879"
"12,64 : 0.6003"
"64,12 : 0.6003"
"12,65 : 0.1432"
"65,12 : 0.1432"
"12,66 : 0.4597"
"66,12 : 0.4597"
"12,67 : 0.2417"
"67,12 : 0.2417"
"12,68 : 0.6762"
"68,12 : 0.6762"
"12,69 : 0.4901"
"69,12 : 0.4901"
"12,70 : 0.4111"
"70,12 : 0.4111"
"12,71 : 0.33"
"71,12 : 0.33"
"12,72 : 0.74"
"72,12 : 0.74"
"12,73 : 0.5608"
"73,12 : 0.5608"
"12,74 : 0.3992"
"74,12 : 0.3992"
"12,75 : 0.3362"
"75,12 : 0.3362"
"12,76 : 0.8637"
"76,12 : 0.8637"
"12,77 : 1.02"
"77,12 : 1.02"
"12,78 : 0.5441"
"78,12 : 0.5441"
"12,79 : 0.5376"
"79,12 : 0.5376"
"12,80 : 0.2912"
"80,12 : 0.2912"
"12,81 : 0.7864"
"81,12 : 0.7864"
"12,82 : 0.5025"
"82,12 : 0.5025"
"12,83 : 0.3406"
"83,12 : 0.3406"
"12,84 : 0.4245"
"84,12 : 0.4245"
"12,85 : 0.8438"
"85,12 : 0.8438"
"12,86 : 0.2983"
"86,12 : 0.2983"
"12,87 : 0.0906"
"87,12 : 0.0906"
"12,88 : 0.6665"
"88,12 : 0.6665"
"12,89 : 0.6042"
"89,12 : 0.6042"
"12,90 : 0.3624"
"90,12 : 0.3624"
"12,91 : 0.5308"
"91,12 : 0.5308"
"12,92 : 0.6586"
"92,12 : 0.6586"
"12,93 : 0.2421"
"93,12 : 0.2421"
"12,94 : 0.794"
"94,12 : 0.794"
"12,95 : 0.4562"
"95,12 : 0.4562"
"12,96 : 0.051"
"96,12 : 0.051"
"12,97 : 0.8065"
"97,12 : 0.8065"
"12,98 : 0.3574"
"98,12 : 0.3574"
"12,99 : 0.6213"
"99,12 : 0.6213"
"13,14 : 0.8721"
"14,13 : 0.8721"
"13,15 : 0.4177"
"15,13 : 0.4177"
"13,16 : 0.7732"
"16,13 : 0.7732"
"13,17 : 0.7118"
"17,13 : 0.7118"
"13,18 : 0.4875"
"18,13 : 0.4875"
"13,19 : 0.1879"
"19,13 : 0.1879"
"13,20 : 0.5239"
"20,13 : 0.5239"
"13,21 : 0.3711"
"21,13 : 0.3711"
"13,22 : 0.4826"
"22,13 : 0.4826"
"13,23 : 0.7021"
