x,y
0.64,0.06
0.38,0.72
0.9,0.9
0.0,0.46
0.67,0.37
0.77,0.21
0.93,0.24
0.67,0.36
0.41,0.11
0.23,0.12
0.46,0.98
0.27,0.85
0.54,0.85
0.93,0.75
0.97,0.67
0.52,0.24
0.93,0.94
0.27,0.33
0.27,0.51
0.9,0.51
0.52,0.81
0.6,0.55
0.21,0.48
0.27,0.33
0.84,0.42
0.94,0.69
0.04,0.33
0.66,0.62
0.87,0.67
0.08,0.35
0.96,0.94
0.56,0.69
0.24,0.33
0.49,0.25
0.13,0.72
0.69,0.47
0.34,0.51
0.34,0.61
0.64,0.57
0.61,0.63
0.63,0.26
0.68,0.83
0.57,0.04
0.98,0.51
0.9,0.44
0.27,0.98
0.85,0.33
0.42,0.97
0.59,0.95
0.75,0.15
0.25,0.7
0.69,0.0
0.9,0.83
0.77,0.93
0.36,0.83
0.28,0.45
0.27,0.93
0.43,0.96
0.08,0.61
0.29,0.16
0.96,0.79
0.4,0.12
0.03,0.58
0.2,0.64
0.66,0.55
0.72,0.58
0.01,0.37
0.85,0.08
0.97,0.33
0.7,0.38
0.21,0.29
0.52,0.71
0.63,0.62
0.22,0.48
0.54,0.37
0.62,0.04
0.58,0.95
0.93,0.09
0.65,0.95
0.03,0.8
0.64,0.76
0.92,0.84
0.97,0.79
0.92,0.12
0.75,0.61
0.58,0.41
0.28,0.89
0.75,0.58
0.47,0.93
0.31,0.55
0.42,0.15
0.82,0.85
0.98,0.14
0.2,0.96
0.78,0.53
0.65,0.0
0.5,0.12
0.41,0.17
0.76,0.2
0.4,0.16

Distanze
"0,1 : 0.7094"
"1,0 : 0.7094"
"0,2 : 0.8793"
"2,0 : 0.8793"
"0,3 : 0.7547"
"3,0 : 0.7547"
"0,4 : 0.3114"
"4,0 : 0.3114"
"0,5 : 0.1985"
"5,0 : 0.1985"
"0,6 : 0.3413"
"6,0 : 0.3413"
"0,7 : 0.3015"
"7,0 : 0.3015"
"0,8 : 0.2354"
"8,0 : 0.2354"
"0,9 : 0.4144"
"9,0 : 0.4144"
"0,10 : 0.9374"
"10,0 : 0.9374"
"0,11 : 0.8724"
"11,0 : 0.8724"
"0,12 : 0.7963"
"12,0 : 0.7963"
"0,13 : 0.7485"
"13,0 : 0.7485"
"0,14 : 0.6935"
"14,0 : 0.6935"
"0,15 : 0.2163"
"15,0 : 0.2163"
"0,16 : 0.9266"
"16,0 : 0.9266"
"0,17 : 0.458"
"17,0 : 0.458"
"0,18 : 0.5826"
"18,0 : 0.5826"
"0,19 : 0.5197"
"19,0 : 0.5197"
"0,20 : 0.7595"
"20,0 : 0.7595"
"0,21 : 0.4916"
"21,0 : 0.4916"
"0,22 : 0.6011"
"22,0 : 0.6011"
"0,23 : 0.458"
"23,0 : 0.458"
"0,24 : 0.4118"
"24,0 : 0.4118"
"0,25 : 0.6978"
"25,0 : 0.6978"
"0,26 : 0.658"
"26,0 : 0.658"
"0,27 : 0.5604"
"27,0 : 0.5604"
"0,28 : 0.6519"
"28,0 : 0.6519"
"0,29 : 0.6306"
"29,0 : 0.6306"
"0,30 : 0.9364"
"30,0 : 0.9364"
"0,31 : 0.6351"
"31,0 : 0.6351"
"0,32 : 0.4826"
"32,0 : 0.4826"
"0,33 : 0.2421"
"33,0 : 0.2421"
"0,34 : 0.8341"
"34,0 : 0.8341"
"0,35 : 0.413"
"35,0 : 0.413"
"0,36 : 0.5408"
"36,0 : 0.5408"
"0,37 : 0.6265"
"37,0 : 0.6265"
"0,38 : 0.51"
"38,0 : 0.51"
"0,39 : 0.5708"
"39,0 : 0.5708"
"0,40 : 0.2002"
"40,0 : 0.2002"
"0,41 : 0.771"
"41,0 : 0.771"
"0,42 : 0.0728"
"42,0 : 0.0728"
"0,43 : 0.564"
"43,0 : 0.564"
"0,44 : 0.4604"
"44,0 : 0.4604"
"0,45 : 0.9916"
"45,0 : 0.9916"
"0,46 : 0.3421"
"46,0 : 0.3421"
"0,47 : 0.9362"
"47,0 : 0.9362"
"0,48 : 0.8914"
"48,0 : 0.8914"
"0,49 : 0.1421"
"49,0 : 0.1421"
"0,50 : 0.7495"
"50,0 : 0.7495"
"0,51 : 0.0781"
"51,0 : 0.0781"
"0,52 : 0.8127"
"52,0 : 0.8127"
"0,53 : 0.8797"
"53,0 : 0.8797"
"0,54 : 0.8193"
"54,0 : 0.8193"
"0,55 : 0.5308"
"55,0 : 0.5308"
"0,56 : 0.9454"
"56,0 : 0.9454"
"0,57 : 0.9242"
"57,0 : 0.9242"
"0,58 : 0.7849"
"58,0 : 0.7849"
"0,59 : 0.364"
"59,0 : 0.364"
"0,60 : 0.7971"
"60,0 : 0.7971"
"0,61 : 0.2474"
"61,0 : 0.2474"
"0,62 : 0.8016"
"62,0 : 0.8016"
"0,63 : 0.728"
"63,0 : 0.728"
"0,64 : 0.4904"
"64,0 : 0.4904"
"0,65 : 0.5261"
"65,0 : 0.5261"
"0,66 : 0.7021"
"66,0 : 0.7021"
"0,67 : 0.211"
"67,0 : 0.211"
"0,68 : 0.4264"
"68,0 : 0.4264"
"0,69 : 0.3256"
"69,0 : 0.3256"
"0,70 : 0.4876"
"70,0 : 0.4876"
"0,71 : 0.661"
"71,0 : 0.661"
"0,72 : 0.5601"
"72,0 : 0.5601"
"0,73 : 0.594"
"73,0 : 0.594"
"0,74 : 0.3257"
"74,0 : 0.3257"
"0,75 : 0.0283"
"75,0 : 0.0283"
"0,76 : 0.892"
"76,0 : 0.892"
"0,77 : 0.2915"
"77,0 : 0.2915"
"0,78 : 0.8901"
"78,0 : 0.8901"
"0,79 : 0.959"
"79,0 : 0.959"
"0,80 : 0.7"
"80,0 : 0.7"
"0,81 : 0.8287"
"81,0 : 0.8287"
"0,82 : 0.8011"
"82,0 : 0.8011"
"0,83 : 0.2864"
"83,0 : 0.2864"
"0,84 : 0.5609"
"84,0 : 0.5609"
"0,85 : 0.3551"
"85,0 : 0.3551"
"0,86 : 0.9047"
"86,0 : 0.9047"
"0,87 : 0.5315"
"87,0 : 0.5315"
"0,88 : 0.8865"
"88,0 : 0.8865"
"0,89 : 0.5908"
"89,0 : 0.5908"
"0,90 : 0.2377"
"90,0 : 0.2377"
"0,91 : 0.8102"
"91,0 : 0.8102"
"0,92 : 0.3493"
"92,0 : 0.3493"
"0,93 : 1.0018"
"93,0 : 1.0018"
"0,94 : 0.4904"
"94,0 : 0.4904"
"0,95 : 0.0608"
"95,0 : 0.0608"
"0,96 : 0.1523"
"96,0 : 0.1523"
"0,97 : 0.255"
"97,0 : 0.255"
"0,98 : 0.1844"
"98,0 : 0.1844"
"0,99 : 0.26"
"99,0 : 0.26"
"1,2 : 0.5503"
"2,1 : 0.5503"
"1,3 : 0.4604"
"3,1 : 0.4604"
"1,4 : 0.4545"
"4,1 : 0.4545"
"1,5 : 0.642"
"5,1 : 0.642"
"1,6 : 0.73"
"6,1 : 0.73"
"1,7 : 0.4623"
"7,1 : 0.4623"
"1,8 : 0.6107"
"8,1 : 0.6107"
"1,9 : 0.6185"
"9,1 : 0.6185"
"1,10 : 0.272"
"10,1 : 0.272"
"1,11 : 0.1703"
"11,1 : 0.1703"
"1,12 : 0.2062"
"12,1 : 0.2062"
"1,13 : 0.5508"
"13,1 : 0.5508"
"1,14 : 0.5921"
"14,1 : 0.5921"
"1,15 : 0.5"
"15,1 : 0.5"
"1,16 : 0.5924"
"16,1 : 0.5924"
"1,17 : 0.4052"
"17,1 : 0.4052"
"1,18 : 0.2371"
"18,1 : 0.2371"
"1,19 : 0.5608"
"19,1 : 0.5608"
"1,20 : 0.1664"
"20,1 : 0.1664"
"1,21 : 0.278"
"21,1 : 0.278"
"1,22 : 0.2941"
"22,1 : 0.2941"
"1,23 : 0.4052"
"23,1 : 0.4052"
"1,24 : 0.5492"
"24,1 : 0.5492"
"1,25 : 0.5608"
"25,1 : 0.5608"
"1,26 : 0.5174"
"26,1 : 0.5174"
"1,27 : 0.2973"
"27,1 : 0.2973"
"1,28 : 0.4925"
"28,1 : 0.4925"
"1,29 : 0.4763"
"29,1 : 0.4763"
"1,30 : 0.6203"
"30,1 : 0.6203"
"1,31 : 0.1825"
"31,1 : 0.1825"
"1,32 : 0.4144"
"32,1 : 0.4144"
"1,33 : 0.4827"
"33,1 : 0.4827"
"1,34 : 0.25"
"34,1 : 0.25"
"1,35 : 0.3982"
"35,1 : 0.3982"
"1,36 : 0.2138"
"36,1 : 0.2138"
"1,37 : 0.117"
"37,1 : 0.117"
"1,38 : 0.3002"
"38,1 : 0.3002"
"1,39 : 0.247"
"39,1 : 0.247"
"1,40 : 0.5235"
"40,1 : 0.5235"
"1,41 : 0.3195"
"41,1 : 0.3195"
"1,42 : 0.706"
"42,1 : 0.706"
"1,43 : 0.6357"
"43,1 : 0.6357"
"1,44 : 0.5906"
"44,1 : 0.5906"
"1,45 : 0.2823"
"45,1 : 0.2823"
"1,46 : 0.6107"
"46,1 : 0.6107"
"1,47 : 0.2532"
"47,1 : 0.2532"
"1,48 : 0.3114"
"48,1 : 0.3114"
"1,49 : 0.6796"
"49,1 : 0.6796"
"1,50 : 0.1315"
"50,1 : 0.1315"
"1,51 : 0.7839"
"51,1 : 0.7839"
"1,52 : 0.5315"
"52,1 : 0.5315"
"1,53 : 0.4429"
"53,1 : 0.4429"
"1,54 : 0.1118"
"54,1 : 0.1118"
"1,55 : 0.2879"
"55,1 : 0.2879"
"1,56 : 0.2371"
"56,1 : 0.2371"
"1,57 : 0.2452"
"57,1 : 0.2452"
"1,58 : 0.3195"
"58,1 : 0.3195"
"1,59 : 0.5672"
"59,1 : 0.5672"
"1,60 : 0.5842"
"60,1 : 0.5842"
"1,61 : 0.6003"
"61,1 : 0.6003"
"1,62 : 0.377"
"62,1 : 0.377"
"1,63 : 0.197"
"63,1 : 0.197"
"1,64 : 0.3276"
"64,1 : 0.3276"
"1,65 : 0.3677"
"65,1 : 0.3677"
"1,66 : 0.5093"
"66,1 : 0.5093"
"1,67 : 0.794"
"67,1 : 0.794"
"1,68 : 0.7072"
"68,1 : 0.7072"
"1,69 : 0.4669"
"69,1 : 0.4669"
"1,70 : 0.4624"
"70,1 : 0.4624"
"1,71 : 0.1404"
"71,1 : 0.1404"
"1,72 : 0.2693"
"72,1 : 0.2693"
"1,73 : 0.2884"
"73,1 : 0.2884"
"1,74 : 0.3848"
"74,1 : 0.3848"
"1,75 : 0.7211"
"75,1 : 0.7211"
"1,76 : 0.3048"
"76,1 : 0.3048"
"1,77 : 0.8363"
"77,1 : 0.8363"
"1,78 : 0.3547"
"78,1 : 0.3547"
"1,79 : 0.359"
"79,1 : 0.359"
"1,80 : 0.2631"
"80,1 : 0.2631"
"1,81 : 0.5532"
"81,1 : 0.5532"
"1,82 : 0.5941"
"82,1 : 0.5941"
"1,83 : 0.8072"
"83,1 : 0.8072"
"1,84 : 0.386"
"84,1 : 0.386"
"1,85 : 0.3689"
"85,1 : 0.3689"
"1,86 : 0.1972"
"86,1 : 0.1972"
"1,87 : 0.3956"
"87,1 : 0.3956"
"1,88 : 0.2285"
"88,1 : 0.2285"
"1,89 : 0.1838"
"89,1 : 0.1838"
"1,90 : 0.5714"
"90,1 : 0.5714"
"1,91 : 0.4588"
"91,1 : 0.4588"
"1,92 : 0.8345"
"92,1 : 0.8345"
"1,93 : 0.3"
"93,1 : 0.3"
"1,94 : 0.4428"
"94,1 : 0.4428"
"1,95 : 0.769"
"95,1 : 0.769"
"1,96 : 0.6119"
"96,1 : 0.6119"
"1,97 : 0.5508"
"97,1 : 0.5508"
"1,98 : 0.644"
"98,1 : 0.644"
"1,99 : 0.5604"
"99,1 : 0.5604"
"2,3 : 1.0018"
"3,2 : 1.0018"
"2,4 : 0.5778"
"4,2 : 0.5778"
"2,5 : 0.7021"
"5,2 : 0.7021"
"2,6 : 0.6607"
"6,2 : 0.6607"
"2,7 : 0.5869"
"7,2 : 0.5869"
"2,8 : 0.9296"
"8,2 : 0.9296"
"2,9 : 1.0283"
"9,2 : 1.0283"
"2,10 : 0.4472"
"10,2 : 0.4472"
"2,11 : 0.632"
"11,2 : 0.632"
"2,12 : 0.3635"
"12,2 : 0.3635"
"2,13 : 0.153"
"13,2 : 0.153"
"2,14 : 0.2404"
"14,2 : 0.2404"
"2,15 : 0.7616"
"15,2 : 0.7616"
"2,16 : 0.05"
"16,2 : 0.05"
"2,17 : 0.8496"
"17,2 : 0.8496"
"2,18 : 0.7409"
"18,2 : 0.7409"
"2,19 : 0.39"
"19,2 : 0.39"
"2,20 : 0.3905"
"20,2 : 0.3905"
"2,21 : 0.461"
"21,2 : 0.461"
"2,22 : 0.8078"
"22,2 : 0.8078"
"2,23 : 0.8496"
"23,2 : 0.8496"
"2,24 : 0.4837"
"24,2 : 0.4837"
"2,25 : 0.2138"
"25,2 : 0.2138"
"2,26 : 1.0317"
"26,2 : 1.0317"
"2,27 : 0.3688"
"27,2 : 0.3688"
"2,28 : 0.2319"
"28,2 : 0.2319"
"2,29 : 0.9874"
"29,2 : 0.9874"
"2,30 : 0.0721"
"30,2 : 0.0721"
"2,31 : 0.3996"
"31,2 : 0.3996"
"2,32 : 0.8721"
"32,2 : 0.8721"
"2,33 : 0.7685"
"33,2 : 0.7685"
"2,34 : 0.7908"
"34,2 : 0.7908"
"2,35 : 0.4785"
"35,2 : 0.4785"
"2,36 : 0.6824"
"36,2 : 0.6824"
"2,37 : 0.6306"
"37,2 : 0.6306"
"2,38 : 0.4201"
"38,2 : 0.4201"
"2,39 : 0.3962"
"39,2 : 0.3962"
"2,40 : 0.6946"
"40,2 : 0.6946"
"2,41 : 0.2309"
"41,2 : 0.2309"
"2,42 : 0.9211"
"42,2 : 0.9211"
"2,43 : 0.3981"
"43,2 : 0.3981"
"2,44 : 0.46"
"44,2 : 0.46"
"2,45 : 0.6351"
"45,2 : 0.6351"
"2,46 : 0.5722"
"46,2 : 0.5722"
"2,47 : 0.4851"
"47,2 : 0.4851"
"2,48 : 0.314"
"48,2 : 0.314"
"2,49 : 0.7649"
"49,2 : 0.7649"
"2,50 : 0.6801"
"50,2 : 0.6801"
"2,51 : 0.9242"
"51,2 : 0.9242"
"2,52 : 0.07"
"52,2 : 0.07"
"2,53 : 0.1334"
"53,2 : 0.1334"
"2,54 : 0.5445"
"54,2 : 0.5445"
"2,55 : 0.7661"
"55,2 : 0.7661"
"2,56 : 0.6307"
"56,2 : 0.6307"
"2,57 : 0.4738"
"57,2 : 0.4738"
"2,58 : 0.8698"
"58,2 : 0.8698"
"2,59 : 0.959"
"59,2 : 0.959"
"2,60 : 0.1253"
"60,2 : 0.1253"
"2,61 : 0.9265"
"61,2 : 0.9265"
"2,62 : 0.927"
"62,2 : 0.927"
"2,63 : 0.7467"
"63,2 : 0.7467"
"2,64 : 0.4244"
"64,2 : 0.4244"
"2,65 : 0.3672"
"65,2 : 0.3672"
"2,66 : 1.0359"
"66,2 : 1.0359"
"2,67 : 0.8215"
"67,2 : 0.8215"
"2,68 : 0.5743"
"68,2 : 0.5743"
"2,69 : 0.5571"
"69,2 : 0.5571"
"2,70 : 0.921"
"70,2 : 0.921"
"2,71 : 0.4249"
"71,2 : 0.4249"
"2,72 : 0.389"
"72,2 : 0.389"
"2,73 : 0.7992"
"73,2 : 0.7992"
"2,74 : 0.6407"
"74,2 : 0.6407"
"2,75 : 0.9044"
"75,2 : 0.9044"
"2,76 : 0.3239"
"76,2 : 0.3239"
"2,77 : 0.8106"
"77,2 : 0.8106"
"2,78 : 0.255"
"78,2 : 0.255"
"2,79 : 0.8757"
"79,2 : 0.8757"
"2,80 : 0.2953"
"80,2 : 0.2953"
"2,81 : 0.0632"
"81,2 : 0.0632"
"2,82 : 0.1304"
"82,2 : 0.1304"
"2,83 : 0.7803"
"83,2 : 0.7803"
"2,84 : 0.3265"
"84,2 : 0.3265"
"2,85 : 0.5852"
"85,2 : 0.5852"
"2,86 : 0.6201"
"86,2 : 0.6201"
"2,87 : 0.3534"
"87,2 : 0.3534"
"2,88 : 0.431"
"88,2 : 0.431"
"2,89 : 0.686"
"89,2 : 0.686"
"2,90 : 0.8904"
"90,2 : 0.8904"
"2,91 : 0.0943"
"91,2 : 0.0943"
"2,92 : 0.7642"
"92,2 : 0.7642"
"2,93 : 0.7026"
"93,2 : 0.7026"
"2,94 : 0.389"
"94,2 : 0.389"
"2,95 : 0.9341"
"95,2 : 0.9341"
"2,96 : 0.8766"
"96,2 : 0.8766"
"2,97 : 0.8792"
"97,2 : 0.8792"
"2,98 : 0.7139"
"98,2 : 0.7139"
"2,99 : 0.8931"
"99,2 : 0.8931"
"3,4 : 0.676"
"4,3 : 0.676"
"3,5 : 0.8096"
"5,3 : 0.8096"
"3,6 : 0.9557"
"6,3 : 0.9557"
"3,7 : 0.6774"
"7,3 : 0.6774"
"3,8 : 0.5391"
"8,3 : 0.5391"
"3,9 : 0.4105"
"9,3 : 0.4105"
"3,10 : 0.6943"
"10,3 : 0.6943"
"3,11 : 0.4743"
"11,3 : 0.4743"
"3,12 : 0.6661"
"12,3 : 0.6661"
"3,13 : 0.9742"
"13,3 : 0.9742"
"3,14 : 0.9925"
"14,3 : 0.9925"
"3,15 : 0.5646"
"15,3 : 0.5646"
"3,16 : 1.0466"
"16,3 : 1.0466"
"3,17 : 0.2997"
"17,3 : 0.2997"
"3,18 : 0.2746"
"18,3 : 0.2746"
"3,19 : 0.9014"
"19,3 : 0.9014"
"3,20 : 0.6268"
"20,3 : 0.6268"
"3,21 : 0.6067"
"21,3 : 0.6067"
"3,22 : 0.211"
"22,3 : 0.211"
"3,23 : 0.2997"
"23,3 : 0.2997"
"3,24 : 0.841"
"24,3 : 0.841"
"3,25 : 0.9677"
"25,3 : 0.9677"
"3,26 : 0.136"
"26,3 : 0.136"
"3,27 : 0.6791"
"27,3 : 0.6791"
"3,28 : 0.895"
"28,3 : 0.895"
"3,29 : 0.136"
"29,3 : 0.136"
"3,30 : 1.0733"
"30,3 : 1.0733"
"3,31 : 0.6054"
"31,3 : 0.6054"
"3,32 : 0.2729"
"32,3 : 0.2729"
"3,33 : 0.5331"
"33,3 : 0.5331"
"3,34 : 0.2907"
"34,3 : 0.2907"
"3,35 : 0.6901"
"35,3 : 0.6901"
"3,36 : 0.3437"
"36,3 : 0.3437"
"3,37 : 0.3716"
"37,3 : 0.3716"
"3,38 : 0.6494"
"38,3 : 0.6494"
"3,39 : 0.6332"
"39,3 : 0.6332"
"3,40 : 0.661"
"40,3 : 0.661"
"3,41 : 0.7741"
"41,3 : 0.7741"
"3,42 : 0.708"
"42,3 : 0.708"
"3,43 : 0.9813"
"43,3 : 0.9813"
"3,44 : 0.9002"
"44,3 : 0.9002"
"3,45 : 0.5859"
"45,3 : 0.5859"
"3,46 : 0.8599"
"46,3 : 0.8599"
"3,47 : 0.6607"
"47,3 : 0.6607"
"3,48 : 0.7669"
"48,3 : 0.7669"
"3,49 : 0.8115"
"49,3 : 0.8115"
"3,50 : 0.3466"
"50,3 : 0.3466"
"3,51 : 0.8293"
"51,3 : 0.8293"
"3,52 : 0.9731"
"52,3 : 0.9731"
"3,53 : 0.9021"
"53,3 : 0.9021"
"3,54 : 0.5162"
"54,3 : 0.5162"
"3,55 : 0.2802"
"55,3 : 0.2802"
"3,56 : 0.542"
"56,3 : 0.542"
"3,57 : 0.6595"
"57,3 : 0.6595"
"3,58 : 0.17"
"58,3 : 0.17"
"3,59 : 0.4173"
"59,3 : 0.4173"
"3,60 : 1.0151"
"60,3 : 1.0151"
"3,61 : 0.525"
"61,3 : 0.525"
"3,62 : 0.1237"
"62,3 : 0.1237"
"3,63 : 0.2691"
"63,3 : 0.2691"
"3,64 : 0.6661"
"64,3 : 0.6661"
"3,65 : 0.7299"
"65,3 : 0.7299"
"3,66 : 0.0906"
"66,3 : 0.0906"
"3,67 : 0.9311"
"67,3 : 0.9311"
"3,68 : 0.9787"
"68,3 : 0.9787"
"3,69 : 0.7046"
"69,3 : 0.7046"
"3,70 : 0.2702"
"70,3 : 0.2702"
"3,71 : 0.577"
"71,3 : 0.577"
"3,72 : 0.65"
"72,3 : 0.65"
"3,73 : 0.2209"
"73,3 : 0.2209"
"3,74 : 0.5474"
"74,3 : 0.5474"
"3,75 : 0.7489"
"75,3 : 0.7489"
"3,76 : 0.7593"
"76,3 : 0.7593"
"3,77 : 1.0009"
"77,3 : 1.0009"
"3,78 : 0.814"
"78,3 : 0.814"
"3,79 : 0.3413"
"79,3 : 0.3413"
"3,80 : 0.7068"
"80,3 : 0.7068"
"3,81 : 0.9954"
"81,3 : 0.9954"
"3,82 : 1.0246"
"82,3 : 1.0246"
"3,83 : 0.9808"
"83,3 : 0.9808"
"3,84 : 0.7649"
"84,3 : 0.7649"
"3,85 : 0.5822"
"85,3 : 0.5822"
"3,86 : 0.5131"
"86,3 : 0.5131"
"3,87 : 0.7595"
"87,3 : 0.7595"
"3,88 : 0.6647"
"88,3 : 0.6647"
"3,89 : 0.3228"
"89,3 : 0.3228"
"3,90 : 0.522"
"90,3 : 0.522"
"3,91 : 0.908"
"91,3 : 0.908"
"3,92 : 1.0309"
"92,3 : 1.0309"
"3,93 : 0.5385"
"93,3 : 0.5385"
"3,94 : 0.7831"
"94,3 : 0.7831"
"3,95 : 0.7963"
"95,3 : 0.7963"
"3,96 : 0.6046"
"96,3 : 0.6046"
"3,97 : 0.5022"
"97,3 : 0.5022"
"3,98 : 0.8032"
"98,3 : 0.8032"
"3,99 : 0.5"
"99,3 : 0.5"
"4,5 : 0.1887"
"5,4 : 0.1887"
"4,6 : 0.2907"
"6,4 : 0.2907"
"4,7 : 0.01"
"7,4 : 0.01"
"4,8 : 0.3677"
"8,4 : 0.3677"
"4,9 : 0.5061"
"9,4 : 0.5061"
"4,10 : 0.6451"
"10,4 : 0.6451"
"4,11 : 0.6248"
"11,4 : 0.6248"
"4,12 : 0.4973"
"12,4 : 0.4973"
"4,13 : 0.4604"
"13,4 : 0.4604"
"4,14 : 0.4243"
"14,4 : 0.4243"
"4,15 : 0.1985"
"15,4 : 0.1985"
"4,16 : 0.6265"
"16,4 : 0.6265"
"4,17 : 0.402"
"17,4 : 0.402"
"4,18 : 0.4238"
"18,4 : 0.4238"
"4,19 : 0.2693"
"19,4 : 0.2693"
"4,20 : 0.4649"
"20,4 : 0.4649"
"4,21 : 0.1931"
"21,4 : 0.1931"
"4,22 : 0.473"
"22,4 : 0.473"
"4,23 : 0.402"
"23,4 : 0.402"
"4,24 : 0.1772"
"24,4 : 0.1772"
"4,25 : 0.4187"
"25,4 : 0.4187"
"4,26 : 0.6313"
"26,4 : 0.6313"
"4,27 : 0.2502"
"27,4 : 0.2502"
"4,28 : 0.3606"
"28,4 : 0.3606"
"4,29 : 0.5903"
"29,4 : 0.5903"
"4,30 : 0.6395"
"30,4 : 0.6395"
"4,31 : 0.3384"
"31,4 : 0.3384"
"4,32 : 0.4319"
"32,4 : 0.4319"
"4,33 : 0.2163"
"33,4 : 0.2163"
"4,34 : 0.6435"
"34,4 : 0.6435"
"4,35 : 0.102"
"35,4 : 0.102"
"4,36 : 0.3585"
"36,4 : 0.3585"
"4,37 : 0.408"
"37,4 : 0.408"
"4,38 : 0.2022"
"38,4 : 0.2022"
"4,39 : 0.2668"
"39,4 : 0.2668"
"4,40 : 0.117"
"40,4 : 0.117"
"4,41 : 0.4601"
"41,4 : 0.4601"
"4,42 : 0.3448"
"42,4 : 0.3448"
"4,43 : 0.3401"
"43,4 : 0.3401"
"4,44 : 0.2404"
"44,4 : 0.2404"
"4,45 : 0.7295"
"45,4 : 0.7295"
"4,46 : 0.1844"
"46,4 : 0.1844"
"4,47 : 0.65"
"47,4 : 0.65"
"4,48 : 0.5855"
"48,4 : 0.5855"
"4,49 : 0.2341"
"49,4 : 0.2341"
"4,50 : 0.5341"
"50,4 : 0.5341"
"4,51 : 0.3705"
"51,4 : 0.3705"
"4,52 : 0.5143"
"52,4 : 0.5143"
"4,53 : 0.5689"
"53,4 : 0.5689"
"4,54 : 0.5547"
"54,4 : 0.5547"
"4,55 : 0.3981"
"55,4 : 0.3981"
"4,56 : 0.6882"
"56,4 : 0.6882"
"4,57 : 0.6369"
"57,4 : 0.6369"
"4,58 : 0.6369"
"58,4 : 0.6369"
"4,59 : 0.4342"
"59,4 : 0.4342"
"4,60 : 0.5104"
"60,4 : 0.5104"
"4,61 : 0.368"
"61,4 : 0.368"
"4,62 : 0.6736"
"62,4 : 0.6736"
"4,63 : 0.542"
"63,4 : 0.542"
"4,64 : 0.1803"
"64,4 : 0.1803"
"4,65 : 0.2159"
"65,4 : 0.2159"
"4,66 : 0.66"
"66,4 : 0.66"
"4,67 : 0.3413"
"67,4 : 0.3413"
"4,68 : 0.3027"
"68,4 : 0.3027"
"4,69 : 0.0316"
"69,4 : 0.0316"
"4,70 : 0.4669"
"70,4 : 0.4669"
"4,71 : 0.3716"
"71,4 : 0.3716"
"4,72 : 0.2532"
"72,4 : 0.2532"
"4,73 : 0.4632"
"73,4 : 0.4632"
"4,74 : 0.13"
"74,4 : 0.13"
"4,75 : 0.3338"
"75,4 : 0.3338"
"4,76 : 0.5869"
"76,4 : 0.5869"
"4,77 : 0.3821"
"77,4 : 0.3821"
"4,78 : 0.5803"
"78,4 : 0.5803"
"4,79 : 0.771"
"79,4 : 0.771"
"4,80 : 0.3912"
"80,4 : 0.3912"
"4,81 : 0.5324"
"81,4 : 0.5324"
"4,82 : 0.5161"
"82,4 : 0.5161"
"4,83 : 0.3536"
"83,4 : 0.3536"
"4,84 : 0.253"
"84,4 : 0.253"
"4,85 : 0.0985"
"85,4 : 0.0985"
"4,86 : 0.65"
"86,4 : 0.65"
"4,87 : 0.2247"
"87,4 : 0.2247"
"4,88 : 0.5946"
"88,4 : 0.5946"
"4,89 : 0.4025"
"89,4 : 0.4025"
"4,90 : 0.333"
"90,4 : 0.333"
"4,91 : 0.5029"
"91,4 : 0.5029"
"4,92 : 0.386"
"92,4 : 0.386"
"4,93 : 0.7543"
"93,4 : 0.7543"
"4,94 : 0.1942"
"94,4 : 0.1942"
"4,95 : 0.3705"
"95,4 : 0.3705"
"4,96 : 0.3023"
"96,4 : 0.3023"
"4,97 : 0.328"
"97,4 : 0.328"
"4,98 : 0.1924"
"98,4 : 0.1924"
"4,99 : 0.3421"
"99,4 : 0.3421"
"5,6 : 0.1628"
"6,5 : 0.1628"
"5,7 : 0.1803"
"7,5 : 0.1803"
"5,8 : 0.3736"
"8,5 : 0.3736"
"5,9 : 0.5474"
"9,5 : 0.5474"
"5,10 : 0.8301"
"10,5 : 0.8301"
"5,11 : 0.8122"
"11,5 : 0.8122"
"5,12 : 0.6801"
"12,5 : 0.6801"
"5,13 : 0.5632"
"13,5 : 0.5632"
"5,14 : 0.5016"
"14,5 : 0.5016"
"5,15 : 0.2518"
"15,5 : 0.2518"
"5,16 : 0.7473"
"16,5 : 0.7473"
"5,17 : 0.5142"
"17,5 : 0.5142"
"5,18 : 0.5831"
"18,5 : 0.5831"
"5,19 : 0.327"
"19,5 : 0.327"
"5,20 : 0.65"
"20,5 : 0.65"
"5,21 : 0.3801"
"21,5 : 0.3801"
"5,22 : 0.6217"
"22,5 : 0.6217"
"5,23 : 0.5142"
"23,5 : 0.5142"
"5,24 : 0.2214"
"24,5 : 0.2214"
"5,25 : 0.5092"
"25,5 : 0.5092"
"5,26 : 0.7398"
"26,5 : 0.7398"
"5,27 : 0.4245"
"27,5 : 0.4245"
"5,28 : 0.4707"
"28,5 : 0.4707"
"5,29 : 0.7041"
"29,5 : 0.7041"
"5,30 : 0.7543"
"30,5 : 0.7543"
"5,31 : 0.5239"
"31,5 : 0.5239"
"5,32 : 0.5434"
"32,5 : 0.5434"
"5,33 : 0.2828"
"33,5 : 0.2828"
"5,34 : 0.8184"
"34,5 : 0.8184"
"5,35 : 0.272"
"35,5 : 0.272"
"5,36 : 0.5243"
"36,5 : 0.5243"
"5,37 : 0.5873"
"37,5 : 0.5873"
"5,38 : 0.3828"
"38,5 : 0.3828"
"5,39 : 0.4494"
"39,5 : 0.4494"
"5,40 : 0.1487"
"40,5 : 0.1487"
"5,41 : 0.6265"
"41,5 : 0.6265"
"5,42 : 0.2625"
"42,5 : 0.2625"
"5,43 : 0.3662"
"43,5 : 0.3662"
"5,44 : 0.2642"
"44,5 : 0.2642"
"5,45 : 0.9181"
"45,5 : 0.9181"
"5,46 : 0.1442"
"46,5 : 0.1442"
"5,47 : 0.8367"
"47,5 : 0.8367"
"5,48 : 0.7616"
"48,5 : 0.7616"
"5,49 : 0.0632"
"49,5 : 0.0632"
"5,50 : 0.7145"
"50,5 : 0.7145"
"5,51 : 0.2247"
"51,5 : 0.2247"
"5,52 : 0.6335"
"52,5 : 0.6335"
"5,53 : 0.72"
"53,5 : 0.72"
"5,54 : 0.7433"
"54,5 : 0.7433"
"5,55 : 0.5456"
"55,5 : 0.5456"
"5,56 : 0.8766"
"56,5 : 0.8766"
"5,57 : 0.8235"
"57,5 : 0.8235"
"5,58 : 0.7976"
"58,5 : 0.7976"
"5,59 : 0.4826"
"59,5 : 0.4826"
"5,60 : 0.6103"
"60,5 : 0.6103"
"5,61 : 0.3808"
"61,5 : 0.3808"
"5,62 : 0.8273"
"62,5 : 0.8273"
"5,63 : 0.714"
"63,5 : 0.714"
"5,64 : 0.3574"
"64,5 : 0.3574"
"5,65 : 0.3734"
"65,5 : 0.3734"
"5,66 : 0.7767"
"66,5 : 0.7767"
"5,67 : 0.1526"
"67,5 : 0.1526"
"5,68 : 0.2332"
"68,5 : 0.2332"
"5,69 : 0.1838"
"69,5 : 0.1838"
"5,70 : 0.5657"
"70,5 : 0.5657"
"5,71 : 0.559"
"71,5 : 0.559"
"5,72 : 0.4332"
"72,5 : 0.4332"
"5,73 : 0.6127"
"73,5 : 0.6127"
"5,74 : 0.2802"
"74,5 : 0.2802"
"5,75 : 0.2267"
"75,5 : 0.2267"
"5,76 : 0.764"
"76,5 : 0.764"
"5,77 : 0.2"
"77,5 : 0.2"
"5,78 : 0.7497"
"78,5 : 0.7497"
"5,79 : 0.9464"
"79,5 : 0.9464"
"5,80 : 0.5652"
"80,5 : 0.5652"
"5,81 : 0.6476"
"81,5 : 0.6476"
"5,82 : 0.6135"
"82,5 : 0.6135"
"5,83 : 0.1749"
"83,5 : 0.1749"
"5,84 : 0.4005"
"84,5 : 0.4005"
"5,85 : 0.2759"
"85,5 : 0.2759"
"5,86 : 0.8382"
"86,5 : 0.8382"
"5,87 : 0.3705"
"87,5 : 0.3705"
"5,88 : 0.78"
"88,5 : 0.78"
"5,89 : 0.572"
"89,5 : 0.572"
"5,90 : 0.3551"
"90,5 : 0.3551"
"5,91 : 0.642"
"91,5 : 0.642"
"5,92 : 0.2214"
"92,5 : 0.2214"
"5,93 : 0.942"
"93,5 : 0.942"
"5,94 : 0.3202"
"94,5 : 0.3202"
"5,95 : 0.2419"
"95,5 : 0.2419"
"5,96 : 0.2846"
"96,5 : 0.2846"
"5,97 : 0.3622"
"97,5 : 0.3622"
"5,98 : 0.0141"
"98,5 : 0.0141"
"5,99 : 0.3734"
"99,5 : 0.3734"
"6,7 : 0.2864"
"7,6 : 0.2864"
"6,8 : 0.536"
"8,6 : 0.536"
"6,9 : 0.7102"
"9,6 : 0.7102"
"6,10 : 0.8766"
"10,6 : 0.8766"
"6,11 : 0.8987"
"11,6 : 0.8987"
"6,12 : 0.724"
"12,6 : 0.724"
"6,13 : 0.51"
"13,6 : 0.51"
"6,14 : 0.4319"
"14,6 : 0.4319"
"6,15 : 0.41"
"15,6 : 0.41"
"6,16 : 0.7"
"16,6 : 0.7"
"6,17 : 0.6661"
"17,6 : 0.6661"
"6,18 : 0.7131"
"18,6 : 0.7131"
"6,19 : 0.2717"
"19,6 : 0.2717"
"6,20 : 0.7021"
"20,6 : 0.7021"
"6,21 : 0.4528"
"21,6 : 0.4528"
"6,22 : 0.7589"
"22,6 : 0.7589"
"6,23 : 0.6661"
"23,6 : 0.6661"
"6,24 : 0.2012"
"24,6 : 0.2012"
"6,25 : 0.4501"
"25,6 : 0.4501"
"6,26 : 0.8945"
"26,6 : 0.8945"
"6,27 : 0.4662"
"27,6 : 0.4662"
"6,28 : 0.4342"
"28,6 : 0.4342"
"6,29 : 0.8571"
"29,6 : 0.8571"
"6,30 : 0.7006"
"30,6 : 0.7006"
"6,31 : 0.5826"
"31,6 : 0.5826"
"6,32 : 0.6958"
"32,6 : 0.6958"
"6,33 : 0.4401"
"33,6 : 0.4401"
"6,34 : 0.933"
"34,6 : 0.933"
"6,35 : 0.3324"
"35,6 : 0.3324"
"6,36 : 0.6488"
"36,6 : 0.6488"
"6,37 : 0.6964"
"37,6 : 0.6964"
"6,38 : 0.4393"
"38,6 : 0.4393"
"6,39 : 0.5045"
"39,6 : 0.5045"
"6,40 : 0.3007"
"40,6 : 0.3007"
"6,41 : 0.6408"
"41,6 : 0.6408"
"6,42 : 0.4118"
"42,6 : 0.4118"
"6,43 : 0.2746"
"43,6 : 0.2746"
"6,44 : 0.2022"
"44,6 : 0.2022"
"6,45 : 0.9916"
"45,6 : 0.9916"
"6,46 : 0.1204"
"46,6 : 0.1204"
"6,47 : 0.8905"
"47,6 : 0.8905"
"6,48 : 0.7872"
"48,6 : 0.7872"
"6,49 : 0.2012"
"49,6 : 0.2012"
"6,50 : 0.821"
"50,6 : 0.821"
"6,51 : 0.3394"
"51,6 : 0.3394"
"6,52 : 0.5908"
"52,6 : 0.5908"
"6,53 : 0.7083"
"53,6 : 0.7083"
"6,54 : 0.8204"
"54,6 : 0.8204"
"6,55 : 0.6831"
"55,6 : 0.6831"
"6,56 : 0.9548"
"56,6 : 0.9548"
"6,57 : 0.8766"
"57,6 : 0.8766"
"6,58 : 0.927"
"58,6 : 0.927"
"6,59 : 0.645"
"59,6 : 0.645"
"6,60 : 0.5508"
"60,6 : 0.5508"
"6,61 : 0.5434"
"61,6 : 0.5434"
"6,62 : 0.9621"
"62,6 : 0.9621"
"6,63 : 0.8324"
"63,6 : 0.8324"
"6,64 : 0.4111"
"64,6 : 0.4111"
"6,65 : 0.3996"
"65,6 : 0.3996"
"6,66 : 0.9291"
"66,6 : 0.9291"
"6,67 : 0.1789"
"67,6 : 0.1789"
"6,68 : 0.0985"
"68,6 : 0.0985"
"6,69 : 0.2693"
"69,6 : 0.2693"
"6,70 : 0.7217"
"70,6 : 0.7217"
"6,71 : 0.6237"
"71,6 : 0.6237"
"6,72 : 0.4841"
"72,6 : 0.4841"
"6,73 : 0.7495"
"73,6 : 0.7495"
"6,74 : 0.4111"
"74,6 : 0.4111"
"6,75 : 0.3689"
"75,6 : 0.3689"
"6,76 : 0.7916"
"76,6 : 0.7916"
"6,77 : 0.15"
"77,6 : 0.15"
"6,78 : 0.7632"
"78,6 : 0.7632"
"6,79 : 1.06"
"79,6 : 1.06"
"6,80 : 0.5954"
"80,6 : 0.5954"
"6,81 : 0.6001"
"81,6 : 0.6001"
"6,82 : 0.5515"
"82,6 : 0.5515"
"6,83 : 0.1204"
"83,6 : 0.1204"
"6,84 : 0.4115"
"84,6 : 0.4115"
"6,85 : 0.3891"
"85,6 : 0.3891"
"6,86 : 0.9192"
"86,6 : 0.9192"
"6,87 : 0.3847"
"87,6 : 0.3847"
"6,88 : 0.8293"
"88,6 : 0.8293"
"6,89 : 0.6932"
"89,6 : 0.6932"
"6,90 : 0.5179"
"90,6 : 0.5179"
"6,91 : 0.6198"
"91,6 : 0.6198"
"6,92 : 0.1118"
"92,6 : 0.1118"
"6,93 : 1.0253"
"93,6 : 1.0253"
"6,94 : 0.3265"
"94,6 : 0.3265"
"6,95 : 0.3688"
"95,6 : 0.3688"
"6,96 : 0.4464"
"96,6 : 0.4464"
"6,97 : 0.5247"
"97,6 : 0.5247"
"6,98 : 0.1746"
"98,6 : 0.1746"
"6,99 : 0.536"
"99,6 : 0.536"
"7,8 : 0.3607"
"8,7 : 0.3607"
"7,9 : 0.5012"
"9,7 : 0.5012"
"7,10 : 0.6546"
"10,7 : 0.6546"
"7,11 : 0.6325"
"11,7 : 0.6325"
"7,12 : 0.507"
"12,7 : 0.507"
"7,13 : 0.4687"
"13,7 : 0.4687"
"7,14 : 0.4314"
"14,7 : 0.4314"
"7,15 : 0.1921"
"15,7 : 0.1921"
"7,16 : 0.6356"
"16,7 : 0.6356"
"7,17 : 0.4011"
"17,7 : 0.4011"
"7,18 : 0.4272"
"18,7 : 0.4272"
"7,19 : 0.2746"
"19,7 : 0.2746"
"7,20 : 0.4743"
"20,7 : 0.4743"
"7,21 : 0.2025"
"21,7 : 0.2025"
"7,22 : 0.4754"
"22,7 : 0.4754"
"7,23 : 0.4011"
"23,7 : 0.4011"
"7,24 : 0.1803"
"24,7 : 0.1803"
"7,25 : 0.4264"
"25,7 : 0.4264"
"7,26 : 0.6307"
"26,7 : 0.6307"
"7,27 : 0.2602"
"27,7 : 0.2602"
"7,28 : 0.3689"
"28,7 : 0.3689"
"7,29 : 0.5901"
"29,7 : 0.5901"
"7,30 : 0.6485"
"30,7 : 0.6485"
"7,31 : 0.3479"
"31,7 : 0.3479"
"7,32 : 0.431"
"32,7 : 0.431"
"7,33 : 0.211"
"33,7 : 0.211"
"7,34 : 0.649"
"34,7 : 0.649"
"7,35 : 0.1118"
"35,7 : 0.1118"
"7,36 : 0.3625"
"36,7 : 0.3625"
"7,37 : 0.414"
"37,7 : 0.414"
"7,38 : 0.2121"
"38,7 : 0.2121"
"7,39 : 0.2766"
"39,7 : 0.2766"
"7,40 : 0.1077"
"40,7 : 0.1077"
"7,41 : 0.4701"
"41,7 : 0.4701"
"7,42 : 0.3353"
"42,7 : 0.3353"
"7,43 : 0.3444"
"43,7 : 0.3444"
"7,44 : 0.2435"
"44,7 : 0.2435"
"7,45 : 0.7378"
"45,7 : 0.7378"
"7,46 : 0.1825"
"46,7 : 0.1825"
"7,47 : 0.6592"
"47,7 : 0.6592"
"7,48 : 0.5954"
"48,7 : 0.5954"
"7,49 : 0.2247"
"49,7 : 0.2247"
"7,50 : 0.5404"
"50,7 : 0.5404"
"7,51 : 0.3606"
"51,7 : 0.3606"
"7,52 : 0.5233"
"52,7 : 0.5233"
"7,53 : 0.5787"
"53,7 : 0.5787"
"7,54 : 0.563"
"54,7 : 0.563"
"7,55 : 0.4002"
"55,7 : 0.4002"
"7,56 : 0.6963"
"56,7 : 0.6963"
"7,57 : 0.6462"
"57,7 : 0.6462"
"7,58 : 0.6408"
"58,7 : 0.6408"
"7,59 : 0.4294"
"59,7 : 0.4294"
"7,60 : 0.5187"
"60,7 : 0.5187"
"7,61 : 0.3612"
"61,7 : 0.3612"
"7,62 : 0.6768"
"62,7 : 0.6768"
"7,63 : 0.5471"
"63,7 : 0.5471"
"7,64 : 0.1903"
"64,7 : 0.1903"
"7,65 : 0.2256"
"65,7 : 0.2256"
"7,66 : 0.6601"
"66,7 : 0.6601"
"7,67 : 0.3329"
"67,7 : 0.3329"
"7,68 : 0.3015"
"68,7 : 0.3015"
"7,69 : 0.0361"
"69,7 : 0.0361"
"7,70 : 0.4653"
"70,7 : 0.4653"
"7,71 : 0.3808"
"71,7 : 0.3808"
"7,72 : 0.2631"
"72,7 : 0.2631"
"7,73 : 0.4657"
"73,7 : 0.4657"
"7,74 : 0.1304"
"74,7 : 0.1304"
"7,75 : 0.3239"
"75,7 : 0.3239"
"7,76 : 0.5968"
"76,7 : 0.5968"
"7,77 : 0.3748"
"77,7 : 0.3748"
"7,78 : 0.5903"
"78,7 : 0.5903"
"7,79 : 0.7767"
"79,7 : 0.7767"
"7,80 : 0.4011"
"80,7 : 0.4011"
"7,81 : 0.5412"
"81,7 : 0.5412"
"7,82 : 0.5243"
"82,7 : 0.5243"
"7,83 : 0.3466"
"83,7 : 0.3466"
"7,84 : 0.2625"
"84,7 : 0.2625"
"7,85 : 0.103"
"85,7 : 0.103"
"7,86 : 0.658"
"86,7 : 0.658"
"7,87 : 0.2341"
"87,7 : 0.2341"
"7,88 : 0.6041"
"88,7 : 0.6041"
"7,89 : 0.4071"
"89,7 : 0.4071"
"7,90 : 0.3265"
"90,7 : 0.3265"
"7,91 : 0.5124"
"91,7 : 0.5124"
"7,92 : 0.3801"
"92,7 : 0.3801"
"7,93 : 0.7622"
"93,7 : 0.7622"
"7,94 : 0.2025"
"94,7 : 0.2025"
"7,95 : 0.3606"
"95,7 : 0.3606"
"7,96 : 0.2941"
"96,7 : 0.2941"
"7,97 : 0.322"
"97,7 : 0.322"
"7,98 : 0.1836"
"98,7 : 0.1836"
"7,99 : 0.336"
"99,7 : 0.336"
"8,9 : 0.1803"
"9,8 : 0.1803"
"8,10 : 0.8714"
"10,8 : 0.8714"
"8,11 : 0.7531"
"11,8 : 0.7531"
"8,12 : 0.7513"
"12,8 : 0.7513"
"8,13 : 0.8246"
"13,8 : 0.8246"
"8,14 : 0.792"
"14,8 : 0.792"
"8,15 : 0.1703"
"15,8 : 0.1703"
"8,16 : 0.9794"
"16,8 : 0.9794"
"8,17 : 0.2608"
"17,8 : 0.2608"
"8,18 : 0.4238"
"18,8 : 0.4238"
"8,19 : 0.6325"
"19,8 : 0.6325"
"8,20 : 0.7086"
"20,8 : 0.7086"
"8,21 : 0.4793"
"21,8 : 0.4793"
"8,22 : 0.4206"
"22,8 : 0.4206"
"8,23 : 0.2608"
"23,8 : 0.2608"
"8,24 : 0.5301"
"24,8 : 0.5301"
"8,25 : 0.7857"
"25,8 : 0.7857"
"8,26 : 0.4305"
"26,8 : 0.4305"
"8,27 : 0.568"
"27,8 : 0.568"
"8,28 : 0.7247"
"28,8 : 0.7247"
"8,29 : 0.408"
"29,8 : 0.408"
"8,30 : 0.9957"
"30,8 : 0.9957"
"8,31 : 0.5991"
"31,8 : 0.5991"
"8,32 : 0.278"
"32,8 : 0.278"
"8,33 : 0.1612"
"33,8 : 0.1612"
"8,34 : 0.6712"
"34,8 : 0.6712"
"8,35 : 0.4561"
"35,8 : 0.4561"
"8,36 : 0.4061"
"36,8 : 0.4061"
"8,37 : 0.5049"
"37,8 : 0.5049"
"8,38 : 0.5143"
"38,8 : 0.5143"
"8,39 : 0.5571"
"39,8 : 0.5571"
"8,40 : 0.2663"
"40,8 : 0.2663"
"8,41 : 0.769"
"41,8 : 0.769"
"8,42 : 0.1746"
"42,8 : 0.1746"
"8,43 : 0.6963"
"43,8 : 0.6963"
"8,44 : 0.5908"
"44,8 : 0.5908"
"8,45 : 0.8812"
"45,8 : 0.8812"
"8,46 : 0.4919"
"46,8 : 0.4919"
"8,47 : 0.8601"
"47,8 : 0.8601"
"8,48 : 0.8591"
"48,8 : 0.8591"
"8,49 : 0.3423"
"49,8 : 0.3423"
"8,50 : 0.6113"
"50,8 : 0.6113"
"8,51 : 0.3008"
"51,8 : 0.3008"
"8,52 : 0.8709"
"52,8 : 0.8709"
"8,53 : 0.8955"
"53,8 : 0.8955"
"8,54 : 0.7217"
"54,8 : 0.7217"
"8,55 : 0.364"
"55,8 : 0.364"
"8,56 : 0.8319"
"56,8 : 0.8319"
"8,57 : 0.8502"
"57,8 : 0.8502"
"8,58 : 0.5991"
"58,8 : 0.5991"
"8,59 : 0.13"
"59,8 : 0.13"
"8,60 : 0.8746"
"60,8 : 0.8746"
"8,61 : 0.0141"
"61,8 : 0.0141"
"8,62 : 0.6044"
"62,8 : 0.6044"
"8,63 : 0.5701"
"63,8 : 0.5701"
"8,64 : 0.5061"
"64,8 : 0.5061"
"8,65 : 0.563"
"65,8 : 0.563"
"8,66 : 0.4771"
"66,8 : 0.4771"
"8,67 : 0.441"
"67,8 : 0.441"
"8,68 : 0.6017"
"68,8 : 0.6017"
"8,69 : 0.3962"
"69,8 : 0.3962"
"8,70 : 0.2691"
"70,8 : 0.2691"
"8,71 : 0.61"
"71,8 : 0.61"
"8,72 : 0.5554"
"72,8 : 0.5554"
"8,73 : 0.4159"
"73,8 : 0.4159"
"8,74 : 0.2907"
"74,8 : 0.2907"
"8,75 : 0.2214"
"75,8 : 0.2214"
"8,76 : 0.857"
"76,8 : 0.857"
"8,77 : 0.5204"
"77,8 : 0.5204"
"8,78 : 0.8736"
"78,8 : 0.8736"
"8,79 : 0.7877"
"79,8 : 0.7877"
"8,80 : 0.6895"
"80,8 : 0.6895"
"8,81 : 0.8905"
"81,8 : 0.8905"
"8,82 : 0.8809"
"82,8 : 0.8809"
"8,83 : 0.5101"
"83,8 : 0.5101"
"8,84 : 0.6046"
"84,8 : 0.6046"
"8,85 : 0.3448"
"85,8 : 0.3448"
"8,86 : 0.7908"
"86,8 : 0.7908"
"8,87 : 0.5801"
"87,8 : 0.5801"
"8,88 : 0.8222"
"88,8 : 0.8222"
"8,89 : 0.4512"
"89,8 : 0.4512"
"8,90 : 0.0412"
"90,8 : 0.0412"
"8,91 : 0.846"
"91,8 : 0.846"
"8,92 : 0.5708"
"92,8 : 0.5708"
"8,93 : 0.8756"
"93,8 : 0.8756"
"8,94 : 0.5597"
"94,8 : 0.5597"
"8,95 : 0.264"
"95,8 : 0.264"
"8,96 : 0.0906"
"96,8 : 0.0906"
"8,97 : 0.06"
"97,8 : 0.06"
"8,98 : 0.3614"
"98,8 : 0.3614"
"8,99 : 0.051"
"99,8 : 0.051"
"9,10 : 0.8902"
"10,9 : 0.8902"
"9,11 : 0.7311"
"11,9 : 0.7311"
"9,12 : 0.7931"
"12,9 : 0.7931"
"9,13 : 0.9418"
"13,9 : 0.9418"
"9,14 : 0.922"
"14,9 : 0.922"
"9,15 : 0.3138"
"15,9 : 0.3138"
"9,16 : 1.0781"
"16,9 : 1.0781"
"9,17 : 0.2138"
"17,9 : 0.2138"
"9,18 : 0.392"
"18,9 : 0.392"
"9,19 : 0.7752"
"19,9 : 0.7752"
"9,20 : 0.7485"
"20,9 : 0.7485"
"9,21 : 0.5673"
"21,9 : 0.5673"
"9,22 : 0.3606"
"22,9 : 0.3606"
"9,23 : 0.2138"
"23,9 : 0.2138"
"9,24 : 0.6798"
"24,9 : 0.6798"
"9,25 : 0.9105"
"25,9 : 0.9105"
"9,26 : 0.2832"
"26,9 : 0.2832"
"9,27 : 0.6595"
"27,9 : 0.6595"
"9,28 : 0.8439"
"28,9 : 0.8439"
"9,29 : 0.2746"
"29,9 : 0.2746"
"9,30 : 1.0979"
"30,9 : 1.0979"
"9,31 : 0.6586"
"31,9 : 0.6586"
"9,32 : 0.2102"
"32,9 : 0.2102"
"9,33 : 0.2907"
"33,9 : 0.2907"
"9,34 : 0.6083"
"34,9 : 0.6083"
"9,35 : 0.578"
"35,9 : 0.578"
"9,36 : 0.4052"
"36,9 : 0.4052"
"9,37 : 0.5022"
"37,9 : 0.5022"
"9,38 : 0.6088"
"38,9 : 0.6088"
"9,39 : 0.636"
"39,9 : 0.636"
"9,40 : 0.4238"
"40,9 : 0.4238"
"9,41 : 0.8406"
"41,9 : 0.8406"
"9,42 : 0.3493"
"42,9 : 0.3493"
"9,43 : 0.8453"
"43,9 : 0.8453"
"9,44 : 0.7425"
"44,9 : 0.7425"
"9,45 : 0.8609"
"45,9 : 0.8609"
"9,46 : 0.6546"
"46,9 : 0.6546"
"9,47 : 0.871"
"47,9 : 0.871"
"9,48 : 0.9047"
"48,9 : 0.9047"
"9,49 : 0.5209"
"49,9 : 0.5209"
"9,50 : 0.5803"
"50,9 : 0.5803"
"9,51 : 0.4754"
"51,9 : 0.4754"
"9,52 : 0.9762"
"52,9 : 0.9762"
"9,53 : 0.9735"
"53,9 : 0.9735"
"9,54 : 0.7218"
"54,9 : 0.7218"
"9,55 : 0.3338"
"55,9 : 0.3338"
"9,56 : 0.811"
"56,9 : 0.811"
"9,57 : 0.8635"
"57,9 : 0.8635"
"9,58 : 0.5124"
"58,9 : 0.5124"
"9,59 : 0.0721"
"59,9 : 0.0721"
"9,60 : 0.9909"
"60,9 : 0.9909"
"9,61 : 0.17"
"61,9 : 0.17"
"9,62 : 0.5016"
"62,9 : 0.5016"
"9,63 : 0.5209"
"63,9 : 0.5209"
"9,64 : 0.6081"
"64,9 : 0.6081"
"9,65 : 0.6721"
"65,9 : 0.6721"
"9,66 : 0.333"
"66,9 : 0.333"
"9,67 : 0.6213"
"67,9 : 0.6213"
"9,68 : 0.7692"
"68,9 : 0.7692"
"9,69 : 0.5371"
"69,9 : 0.5371"
"9,70 : 0.1712"
"70,9 : 0.1712"
"9,71 : 0.6574"
"71,9 : 0.6574"
"9,72 : 0.6403"
"72,9 : 0.6403"
"9,73 : 0.3601"
"73,9 : 0.3601"
"9,74 : 0.3982"
"74,9 : 0.3982"
"9,75 : 0.3981"
"75,9 : 0.3981"
"9,76 : 0.9008"
"76,9 : 0.9008"
"9,77 : 0.7006"
"77,9 : 0.7006"
"9,78 : 0.9302"
"78,9 : 0.9302"
"9,79 : 0.7088"
"79,9 : 0.7088"
"9,80 : 0.7601"
"80,9 : 0.7601"
"9,81 : 0.9972"
"81,9 : 0.9972"
"9,82 : 0.9982"
"82,9 : 0.9982"
"9,83 : 0.69"
"83,9 : 0.69"
"9,84 : 0.7145"
"84,9 : 0.7145"
"9,85 : 0.4545"
"85,9 : 0.4545"
"9,86 : 0.7716"
"86,9 : 0.7716"
"9,87 : 0.6943"
"87,9 : 0.6943"
"9,88 : 0.8448"
"88,9 : 0.8448"
"9,89 : 0.4374"
"89,9 : 0.4374"
"9,90 : 0.1924"
"90,9 : 0.1924"
"9,91 : 0.9386"
"91,9 : 0.9386"
"9,92 : 0.7503"
"92,9 : 0.7503"
"9,93 : 0.8405"
"93,9 : 0.8405"
"9,94 : 0.686"
"94,9 : 0.686"
"9,95 : 0.4368"
"95,9 : 0.4368"
"9,96 : 0.27"
"96,9 : 0.27"
"9,97 : 0.1868"
"97,9 : 0.1868"
"9,98 : 0.536"
"98,9 : 0.536"
"9,99 : 0.1746"
"99,9 : 0.1746"
"10,11 : 0.2302"
"11,10 : 0.2302"
"10,12 : 0.1526"
"12,10 : 0.1526"
"10,13 : 0.5233"
"13,10 : 0.5233"
"10,14 : 0.5968"
"14,10 : 0.5968"
"10,15 : 0.7424"
"15,10 : 0.7424"
"10,16 : 0.4717"
"16,10 : 0.4717"
"10,17 : 0.6772"
"17,10 : 0.6772"
"10,18 : 0.507"
"18,10 : 0.507"
"10,19 : 0.6438"
"19,10 : 0.6438"
"10,20 : 0.1803"
"20,10 : 0.1803"
"10,21 : 0.4522"
"21,10 : 0.4522"
"10,22 : 0.559"
"22,10 : 0.559"
"10,23 : 0.6772"
"23,10 : 0.6772"
"10,24 : 0.6768"
"24,10 : 0.6768"
"10,25 : 0.5608"
"25,10 : 0.5608"
"10,26 : 0.7739"
"26,10 : 0.7739"
"10,27 : 0.4118"
"27,10 : 0.4118"
"10,28 : 0.514"
"28,10 : 0.514"
"10,29 : 0.7357"
"29,10 : 0.7357"
"10,30 : 0.5016"
"30,10 : 0.5016"
"10,31 : 0.3068"
"31,10 : 0.3068"
"10,32 : 0.6862"
"32,10 : 0.6862"
"10,33 : 0.7306"
"33,10 : 0.7306"
"10,34 : 0.4201"
"34,10 : 0.4201"
"10,35 : 0.5595"
"35,10 : 0.5595"
"10,36 : 0.4851"
"36,10 : 0.4851"
"10,37 : 0.389"
"37,10 : 0.389"
"10,38 : 0.4478"
"38,10 : 0.4478"
"10,39 : 0.3808"
"39,10 : 0.3808"
"10,40 : 0.7398"
"40,10 : 0.7398"
"10,41 : 0.2663"
"41,10 : 0.2663"
"10,42 : 0.9464"
"42,10 : 0.9464"
"10,43 : 0.7009"
"43,10 : 0.7009"
"10,44 : 0.6966"
"44,10 : 0.6966"
"10,45 : 0.19"
"45,10 : 0.19"
"10,46 : 0.758"
"46,10 : 0.758"
"10,47 : 0.0412"
"47,10 : 0.0412"
"10,48 : 0.1334"
"48,10 : 0.1334"
"10,49 : 0.8792"
"49,10 : 0.8792"
"10,50 : 0.35"
"50,10 : 0.35"
"10,51 : 1.0066"
"51,10 : 1.0066"
"10,52 : 0.4649"
"52,10 : 0.4649"
"10,53 : 0.314"
"53,10 : 0.314"
"10,54 : 0.1803"
"54,10 : 0.1803"
"10,55 : 0.5597"
"55,10 : 0.5597"
"10,56 : 0.1965"
"56,10 : 0.1965"
"10,57 : 0.0361"
"57,10 : 0.0361"
"10,58 : 0.5304"
"58,10 : 0.5304"
"10,59 : 0.8374"
"59,10 : 0.8374"
"10,60 : 0.5349"
"60,10 : 0.5349"
"10,61 : 0.8621"
"61,10 : 0.8621"
"10,62 : 0.5873"
"62,10 : 0.5873"
"10,63 : 0.428"
"63,10 : 0.428"
"10,64 : 0.4742"
"64,10 : 0.4742"
"10,65 : 0.4771"
"65,10 : 0.4771"
"10,66 : 0.758"
"66,10 : 0.758"
"10,67 : 0.9809"
"67,10 : 0.9809"
"10,68 : 0.8262"
"68,10 : 0.8262"
"10,69 : 0.6462"
"69,10 : 0.6462"
"10,70 : 0.7339"
"70,10 : 0.7339"
"10,71 : 0.2766"
"71,10 : 0.2766"
"10,72 : 0.3981"
"72,10 : 0.3981"
"10,73 : 0.5546"
"73,10 : 0.5546"
"10,74 : 0.6152"
"74,10 : 0.6152"
"10,75 : 0.9535"
"75,10 : 0.9535"
"10,76 : 0.1237"
"76,10 : 0.1237"
"10,77 : 1.0065"
"77,10 : 1.0065"
"10,78 : 0.1924"
"78,10 : 0.1924"
"10,79 : 0.4662"
"79,10 : 0.4662"
"10,80 : 0.2843"
"80,10 : 0.2843"
"10,81 : 0.4808"
"81,10 : 0.4808"
"10,82 : 0.5442"
"82,10 : 0.5442"
"10,83 : 0.9753"
"83,10 : 0.9753"
"10,84 : 0.4701"
"84,10 : 0.4701"
"10,85 : 0.5825"
"85,10 : 0.5825"
"10,86 : 0.2012"
"86,10 : 0.2012"
"10,87 : 0.4941"
"87,10 : 0.4941"
"10,88 : 0.051"
"88,10 : 0.051"
"10,89 : 0.4554"
"89,10 : 0.4554"
"10,90 : 0.831"
"90,10 : 0.831"
"10,91 : 0.3828"
"91,10 : 0.3828"
"10,92 : 0.9879"
"92,10 : 0.9879"
"10,93 : 0.2608"
"93,10 : 0.2608"
"10,94 : 0.5522"
"94,10 : 0.5522"
"10,95 : 0.9982"
"95,10 : 0.9982"
"10,96 : 0.8609"
"96,10 : 0.8609"
"10,97 : 0.8115"
"97,10 : 0.8115"
"10,98 : 0.8357"
"98,10 : 0.8357"
"10,99 : 0.8222"
"99,10 : 0.8222"
"11,12 : 0.27"
"12,11 : 0.27"
"11,13 : 0.6675"
"13,11 : 0.6675"
"11,14 : 0.7228"
"14,11 : 0.7228"
"11,15 : 0.6592"
"15,11 : 0.6592"
"11,16 : 0.6661"
"16,11 : 0.6661"
"11,17 : 0.52"
"17,11 : 0.52"
"11,18 : 0.34"
"18,11 : 0.34"
"11,19 : 0.7159"
"19,11 : 0.7159"
"11,20 : 0.2532"
"20,11 : 0.2532"
"11,21 : 0.446"
"21,11 : 0.446"
"11,22 : 0.3748"
"22,11 : 0.3748"
"11,23 : 0.52"
"23,11 : 0.52"
"11,24 : 0.714"
"24,11 : 0.714"
"11,25 : 0.6888"
"25,11 : 0.6888"
"11,26 : 0.5686"
"26,11 : 0.5686"
"11,27 : 0.4528"
"27,11 : 0.4528"
"11,28 : 0.6264"
"28,11 : 0.6264"
"11,29 : 0.5349"
"29,11 : 0.5349"
"11,30 : 0.6958"
"30,11 : 0.6958"
"11,31 : 0.3312"
"31,11 : 0.3312"
"11,32 : 0.5209"
"32,11 : 0.5209"
"11,33 : 0.6391"
"33,11 : 0.6391"
"11,34 : 0.191"
"34,11 : 0.191"
"11,35 : 0.5664"
"35,11 : 0.5664"
"11,36 : 0.3471"
"36,11 : 0.3471"
"11,37 : 0.25"
"37,11 : 0.25"
"11,38 : 0.464"
"38,11 : 0.464"
"11,39 : 0.405"
"39,11 : 0.405"
"11,40 : 0.6912"
"40,11 : 0.6912"
"11,41 : 0.4105"
"41,11 : 0.4105"
"11,42 : 0.8638"
"42,11 : 0.8638"
"11,43 : 0.7872"
"43,11 : 0.7872"
"11,44 : 0.7517"
"44,11 : 0.7517"
"11,45 : 0.13"
"45,11 : 0.13"
"11,46 : 0.779"
"46,11 : 0.779"
"11,47 : 0.1921"
"47,11 : 0.1921"
"11,48 : 0.3353"
"48,11 : 0.3353"
"11,49 : 0.8488"
"49,11 : 0.8488"
"11,50 : 0.1513"
"50,11 : 0.1513"
"11,51 : 0.9481"
"51,11 : 0.9481"
"11,52 : 0.6303"
"52,11 : 0.6303"
"11,53 : 0.5064"
"53,11 : 0.5064"
"11,54 : 0.0922"
"54,11 : 0.0922"
"11,55 : 0.4001"
"55,11 : 0.4001"
"11,56 : 0.08"
"56,11 : 0.08"
"11,57 : 0.1942"
"57,11 : 0.1942"
"11,58 : 0.3061"
"58,11 : 0.3061"
"11,59 : 0.6903"
"59,11 : 0.6903"
"11,60 : 0.6926"
"60,11 : 0.6926"
"11,61 : 0.7415"
"61,11 : 0.7415"
"11,62 : 0.3612"
"62,11 : 0.3612"
"11,63 : 0.2214"
"63,11 : 0.2214"
"11,64 : 0.492"
"64,11 : 0.492"
"11,65 : 0.5248"
"65,11 : 0.5248"
"11,66 : 0.5459"
"66,11 : 0.5459"
"11,67 : 0.964"
"67,11 : 0.964"
"11,68 : 0.872"
"68,11 : 0.872"
"11,69 : 0.637"
"69,11 : 0.637"
"11,70 : 0.5632"
"70,11 : 0.5632"
"11,71 : 0.2865"
"71,11 : 0.2865"
"11,72 : 0.4272"
"72,11 : 0.4272"
"11,73 : 0.3734"
"73,11 : 0.3734"
"11,74 : 0.5507"
"74,11 : 0.5507"
"11,75 : 0.8824"
"75,11 : 0.8824"
"11,76 : 0.3257"
"76,11 : 0.3257"
"11,77 : 1.0066"
"77,11 : 1.0066"
"11,78 : 0.3929"
"78,11 : 0.3929"
"11,79 : 0.2452"
"79,11 : 0.2452"
"11,80 : 0.3808"
"80,11 : 0.3808"
"11,81 : 0.6501"
"81,11 : 0.6501"
"11,82 : 0.7026"
"82,11 : 0.7026"
"11,83 : 0.9774"
"83,11 : 0.9774"
"11,84 : 0.5367"
"84,11 : 0.5367"
"11,85 : 0.5382"
"85,11 : 0.5382"
"11,86 : 0.0412"
"86,11 : 0.0412"
"11,87 : 0.5507"
"87,11 : 0.5507"
"11,88 : 0.2154"
"88,11 : 0.2154"
"11,89 : 0.3027"
"89,11 : 0.3027"
"11,90 : 0.7159"
"90,11 : 0.7159"
"11,91 : 0.55"
"91,11 : 0.55"
"11,92 : 1.0041"
"92,11 : 1.0041"
"11,93 : 0.1304"
"93,11 : 0.1304"
"11,94 : 0.6021"
"94,11 : 0.6021"
"11,95 : 0.9311"
"95,11 : 0.9311"
"11,96 : 0.7654"
"96,11 : 0.7654"
"11,97 : 0.6943"
"97,11 : 0.6943"
"11,98 : 0.814"
"98,11 : 0.814"
"11,99 : 0.7021"
"99,11 : 0.7021"
"12,13 : 0.4026"
"13,12 : 0.4026"
"12,14 : 0.4662"
"14,12 : 0.4662"
"12,15 : 0.6103"
"15,12 : 0.6103"
"12,16 : 0.4002"
"16,12 : 0.4002"
"12,17 : 0.5859"
"17,12 : 0.5859"
"12,18 : 0.4342"
"18,12 : 0.4342"
"12,19 : 0.4952"
"19,12 : 0.4952"
"12,20 : 0.0447"
"20,12 : 0.0447"
"12,21 : 0.3059"
"21,12 : 0.3059"
"12,22 : 0.4958"
"22,12 : 0.4958"
"12,23 : 0.5859"
"23,12 : 0.5859"
"12,24 : 0.5243"
"24,12 : 0.5243"
"12,25 : 0.4308"
"25,12 : 0.4308"
"12,26 : 0.7214"
"26,12 : 0.7214"
"12,27 : 0.2594"
"27,12 : 0.2594"
"12,28 : 0.3759"
"28,12 : 0.3759"
"12,29 : 0.6794"
"29,12 : 0.6794"
"12,30 : 0.4295"
"30,12 : 0.4295"
"12,31 : 0.1612"
"31,12 : 0.1612"
"12,32 : 0.6003"
"32,12 : 0.6003"
"12,33 : 0.6021"
"33,12 : 0.6021"
"12,34 : 0.4301"
"34,12 : 0.4301"
"12,35 : 0.4085"
"35,12 : 0.4085"
"12,36 : 0.3945"
"36,12 : 0.3945"
"12,37 : 0.3124"
"37,12 : 0.3124"
"12,38 : 0.2973"
"38,12 : 0.2973"
"12,39 : 0.2309"
"39,12 : 0.2309"
"12,40 : 0.5968"
"40,12 : 0.5968"
"12,41 : 0.1414"
"41,12 : 0.1414"
"12,42 : 0.8106"
"42,12 : 0.8106"
"12,43 : 0.5561"
"43,12 : 0.5561"
"12,44 : 0.5456"
"44,12 : 0.5456"
"12,45 : 0.2997"
"45,12 : 0.2997"
"12,46 : 0.6054"
"46,12 : 0.6054"
"12,47 : 0.1697"
"47,12 : 0.1697"
"12,48 : 0.1118"
"48,12 : 0.1118"
"12,49 : 0.7308"
"49,12 : 0.7308"
"12,50 : 0.3265"
"50,12 : 0.3265"
"12,51 : 0.8631"
"51,12 : 0.8631"
"12,52 : 0.3606"
"52,12 : 0.3606"
"12,53 : 0.2435"
"53,12 : 0.2435"
"12,54 : 0.1811"
"54,12 : 0.1811"
"12,55 : 0.4771"
"55,12 : 0.4771"
"12,56 : 0.2816"
"56,12 : 0.2816"
"12,57 : 0.1556"
"57,12 : 0.1556"
"12,58 : 0.5188"
"58,12 : 0.5188"
"12,59 : 0.7339"
"59,12 : 0.7339"
"12,60 : 0.4243"
"60,12 : 0.4243"
"12,61 : 0.7433"
"61,12 : 0.7433"
"12,62 : 0.5771"
"62,12 : 0.5771"
"12,63 : 0.3996"
"63,12 : 0.3996"
"12,64 : 0.3231"
"64,12 : 0.3231"
"12,65 : 0.3245"
"65,12 : 0.3245"
"12,66 : 0.7151"
"66,12 : 0.7151"
"12,67 : 0.8301"
"67,12 : 0.8301"
"12,68 : 0.6748"
"68,12 : 0.6748"
"12,69 : 0.4965"
"69,12 : 0.4965"
"12,70 : 0.65"
"70,12 : 0.65"
"12,71 : 0.1414"
"71,12 : 0.1414"
"12,72 : 0.247"
"72,12 : 0.247"
"12,73 : 0.4892"
"73,12 : 0.4892"
"12,74 : 0.48"
"74,12 : 0.48"
"12,75 : 0.8139"
"75,12 : 0.8139"
"12,76 : 0.1077"
"76,12 : 0.1077"
"12,77 : 0.8542"
"77,12 : 0.8542"
"12,78 : 0.1487"
"78,12 : 0.1487"
"12,79 : 0.5124"
"79,12 : 0.5124"
"12,80 : 0.1345"
"80,12 : 0.1345"
"12,81 : 0.3801"
"81,12 : 0.3801"
"12,82 : 0.4342"
"82,12 : 0.4342"
"12,83 : 0.823"
"83,12 : 0.823"
"12,84 : 0.3189"
"84,12 : 0.3189"
"12,85 : 0.4418"
"85,12 : 0.4418"
"12,86 : 0.2631"
"86,12 : 0.2631"
"12,87 : 0.3421"
"87,12 : 0.3421"
"12,88 : 0.1063"
"88,12 : 0.1063"
"12,89 : 0.378"
"89,12 : 0.378"
"12,90 : 0.7102"
"90,12 : 0.7102"
"12,91 : 0.28"
"91,12 : 0.28"
"12,92 : 0.8353"
"92,12 : 0.8353"
"12,93 : 0.3574"
"93,12 : 0.3574"
"12,94 : 0.4"
"94,12 : 0.4"
"12,95 : 0.8571"
"95,12 : 0.8571"
"12,96 : 0.7311"
"96,12 : 0.7311"
"12,97 : 0.6923"
"97,12 : 0.6923"
"12,98 : 0.6862"
"98,12 : 0.6862"
"12,99 : 0.7041"
"99,12 : 0.7041"
"13,14 : 0.0894"
"14,13 : 0.0894"
"13,15 : 0.6544"
"15,13 : 0.6544"
"13,16 : 0.19"
"16,13 : 0.19"
"13,17 : 0.7823"
"17,13 : 0.7823"
"13,18 : 0.7023"
"18,13 : 0.7023"
"13,19 : 0.2419"
"19,13 : 0.2419"
"13,20 : 0.4144"
"20,13 : 0.4144"
"13,21 : 0.3859"
"21,13 : 0.3859"
"13,22 : 0.769"
"22,13 : 0.769"
"13,23 : 0.7823"
"23,13 : 0.7823"
"13,24 : 0.3421"
