x,y
0.19,0.66
0.41,0.98
0.34,0.29
0.49,0.09
0.46,0.68
0.41,0.17
0.72,0.25
0.74,0.73
0.64,0.95
0.54,0.22
0.78,0.77
0.11,0.61
0.19,0.41
0.41,0.84
0.48,0.65
0.58,0.72
0.04,0.78
0.2,0.32
0.18,0.03
0.04,0.77
0.01,0.04
0.71,0.16
0.44,0.96
0.7,0.16
0.46,0.33
0.02,0.37
0.93,0.54
0.23,0.05
0.4,0.6
0.64,0.55
0.72,0.75
0.5,0.83
0.57,0.13
0.17,0.95
0.92,0.94
0.88,0.53
0.56,0.37
0.49,0.53
0.58,0.19
0.1,0.26
0.96,0.84
0.72,0.41
0.32,0.05
0.64,0.26
0.82,0.03
0.54,0.73
0.82,0.46
0.29,0.19
0.65,0.76
0.12,0.76
0.92,0.71
0.9,0.83
0.39,0.31
0.48,0.7
0.74,0.35
0.67,0.01
0.09,0.81
0.27,0.53
0.48,0.5
0.85,0.09
0.72,0.9
0.84,0.97
0.38,0.7
0.72,0.51
0.65,0.05
0.57,0.7
0.12,0.21
0.85,0.01
0.26,0.71
0.33,0.63
0.35,0.35
0.09,0.89
0.67,0.02
0.94,0.05
0.03,0.27
0.59,0.78
0.5,0.83
0.59,0.79
0.79,0.73
0.71,0.97
0.4,0.57
0.74,0.72
0.53,0.74
0.38,0.35
0.94,0.27
0.27,0.2
0.83,0.61
0.02,0.1
0.68,0.09
0.9,0.31
0.54,0.23
0.66,0.86
0.82,0.77
0.56,0.89
0.12,0.85
0.61,0.94
0.07,0.1
0.75,0.97
0.6,0.05
0.24,0.55

Distanze
"0,1 : 0.3883"
"1,0 : 0.3883"
"0,2 : 0.3992"
"2,0 : 0.3992"
"0,3 : 0.6441"
"3,0 : 0.6441"
"0,4 : 0.2707"
"4,0 : 0.2707"
"0,5 : 0.5371"
"5,0 : 0.5371"
"0,6 : 0.6701"
"6,0 : 0.6701"
"0,7 : 0.5544"
"7,0 : 0.5544"
"0,8 : 0.5354"
"8,0 : 0.5354"
"0,9 : 0.5622"
"9,0 : 0.5622"
"0,10 : 0.6002"
"10,0 : 0.6002"
"0,11 : 0.0943"
"11,0 : 0.0943"
"0,12 : 0.25"
"12,0 : 0.25"
"0,13 : 0.2843"
"13,0 : 0.2843"
"0,14 : 0.2902"
"14,0 : 0.2902"
"0,15 : 0.3946"
"15,0 : 0.3946"
"0,16 : 0.1921"
"16,0 : 0.1921"
"0,17 : 0.3401"
"17,0 : 0.3401"
"0,18 : 0.6301"
"18,0 : 0.6301"
"0,19 : 0.186"
"19,0 : 0.186"
"0,20 : 0.6456"
"20,0 : 0.6456"
"0,21 : 0.7214"
"21,0 : 0.7214"
"0,22 : 0.3905"
"22,0 : 0.3905"
"0,23 : 0.7142"
"23,0 : 0.7142"
"0,24 : 0.4264"
"24,0 : 0.4264"
"0,25 : 0.3362"
"25,0 : 0.3362"
"0,26 : 0.7497"
"26,0 : 0.7497"
"0,27 : 0.6113"
"27,0 : 0.6113"
"0,28 : 0.2184"
"28,0 : 0.2184"
"0,29 : 0.4632"
"29,0 : 0.4632"
"0,30 : 0.5376"
"30,0 : 0.5376"
"0,31 : 0.3536"
"31,0 : 0.3536"
"0,32 : 0.6522"
"32,0 : 0.6522"
"0,33 : 0.2907"
"33,0 : 0.2907"
"0,34 : 0.7819"
"34,0 : 0.7819"
"0,35 : 0.7021"
"35,0 : 0.7021"
"0,36 : 0.4701"
"36,0 : 0.4701"
"0,37 : 0.327"
"37,0 : 0.327"
"0,38 : 0.6107"
"38,0 : 0.6107"
"0,39 : 0.41"
"39,0 : 0.41"
"0,40 : 0.7908"
"40,0 : 0.7908"
"0,41 : 0.586"
"41,0 : 0.586"
"0,42 : 0.6237"
"42,0 : 0.6237"
"0,43 : 0.6021"
"43,0 : 0.6021"
"0,44 : 0.891"
"44,0 : 0.891"
"0,45 : 0.3569"
"45,0 : 0.3569"
"0,46 : 0.661"
"46,0 : 0.661"
"0,47 : 0.4805"
"47,0 : 0.4805"
"0,48 : 0.4707"
"48,0 : 0.4707"
"0,49 : 0.1221"
"49,0 : 0.1221"
"0,50 : 0.7317"
"50,0 : 0.7317"
"0,51 : 0.7301"
"51,0 : 0.7301"
"0,52 : 0.4031"
"52,0 : 0.4031"
"0,53 : 0.2927"
"53,0 : 0.2927"
"0,54 : 0.6313"
"54,0 : 0.6313"
"0,55 : 0.808"
"55,0 : 0.808"
"0,56 : 0.1803"
"56,0 : 0.1803"
"0,57 : 0.1526"
"57,0 : 0.1526"
"0,58 : 0.3312"
"58,0 : 0.3312"
"0,59 : 0.8721"
"59,0 : 0.8721"
"0,60 : 0.5818"
"60,0 : 0.5818"
"0,61 : 0.7201"
"61,0 : 0.7201"
"0,62 : 0.1942"
"62,0 : 0.1942"
"0,63 : 0.5508"
"63,0 : 0.5508"
"0,64 : 0.764"
"64,0 : 0.764"
"0,65 : 0.3821"
"65,0 : 0.3821"
"0,66 : 0.4554"
"66,0 : 0.4554"
"0,67 : 0.9263"
"67,0 : 0.9263"
"0,68 : 0.086"
"68,0 : 0.086"
"0,69 : 0.1432"
"69,0 : 0.1432"
"0,70 : 0.3489"
"70,0 : 0.3489"
"0,71 : 0.2508"
"71,0 : 0.2508"
"0,72 : 0.8"
"72,0 : 0.8"
"0,73 : 0.9667"
"73,0 : 0.9667"
"0,74 : 0.4215"
"74,0 : 0.4215"
"0,75 : 0.4176"
"75,0 : 0.4176"
"0,76 : 0.3536"
"76,0 : 0.3536"
"0,77 : 0.4206"
"77,0 : 0.4206"
"0,78 : 0.6041"
"78,0 : 0.6041"
"0,79 : 0.6054"
"79,0 : 0.6054"
"0,80 : 0.2285"
"80,0 : 0.2285"
"0,81 : 0.5533"
"81,0 : 0.5533"
"0,82 : 0.3493"
"82,0 : 0.3493"
"0,83 : 0.3636"
"83,0 : 0.3636"
"0,84 : 0.8453"
"84,0 : 0.8453"
"0,85 : 0.4669"
"85,0 : 0.4669"
"0,86 : 0.642"
"86,0 : 0.642"
"0,87 : 0.5852"
"87,0 : 0.5852"
"0,88 : 0.7517"
"88,0 : 0.7517"
"0,89 : 0.7916"
"89,0 : 0.7916"
"0,90 : 0.5544"
"90,0 : 0.5544"
"0,91 : 0.5108"
"91,0 : 0.5108"
"0,92 : 0.6395"
"92,0 : 0.6395"
"0,93 : 0.4357"
"93,0 : 0.4357"
"0,94 : 0.2025"
"94,0 : 0.2025"
"0,95 : 0.5048"
"95,0 : 0.5048"
"0,96 : 0.5727"
"96,0 : 0.5727"
"0,97 : 0.6401"
"97,0 : 0.6401"
"0,98 : 0.735"
"98,0 : 0.735"
"0,99 : 0.1208"
"99,0 : 0.1208"
"1,2 : 0.6935"
"2,1 : 0.6935"
"1,3 : 0.8936"
"3,1 : 0.8936"
"1,4 : 0.3041"
"4,1 : 0.3041"
"1,5 : 0.81"
"5,1 : 0.81"
"1,6 : 0.7931"
"6,1 : 0.7931"
"1,7 : 0.414"
"7,1 : 0.414"
"1,8 : 0.2319"
"8,1 : 0.2319"
"1,9 : 0.771"
"9,1 : 0.771"
"1,10 : 0.4254"
"10,1 : 0.4254"
"1,11 : 0.4763"
"11,1 : 0.4763"
"1,12 : 0.611"
"12,1 : 0.611"
"1,13 : 0.14"
"13,1 : 0.14"
"1,14 : 0.3373"
"14,1 : 0.3373"
"1,15 : 0.3106"
"15,1 : 0.3106"
"1,16 : 0.4206"
"16,1 : 0.4206"
"1,17 : 0.6926"
"17,1 : 0.6926"
"1,18 : 0.9774"
"18,1 : 0.9774"
"1,19 : 0.4254"
"19,1 : 0.4254"
"1,20 : 1.0216"
"20,1 : 1.0216"
"1,21 : 0.8732"
"21,1 : 0.8732"
"1,22 : 0.0361"
"22,1 : 0.0361"
"1,23 : 0.8698"
"23,1 : 0.8698"
"1,24 : 0.6519"
"24,1 : 0.6519"
"1,25 : 0.724"
"25,1 : 0.724"
"1,26 : 0.6812"
"26,1 : 0.6812"
"1,27 : 0.9473"
"27,1 : 0.9473"
"1,28 : 0.3801"
"28,1 : 0.3801"
"1,29 : 0.4876"
"29,1 : 0.4876"
"1,30 : 0.386"
"30,1 : 0.386"
"1,31 : 0.1749"
"31,1 : 0.1749"
"1,32 : 0.8649"
"32,1 : 0.8649"
"1,33 : 0.2419"
"33,1 : 0.2419"
"1,34 : 0.5116"
"34,1 : 0.5116"
"1,35 : 0.6507"
"35,1 : 0.6507"
"1,36 : 0.6282"
"36,1 : 0.6282"
"1,37 : 0.4571"
"37,1 : 0.4571"
"1,38 : 0.8081"
"38,1 : 0.8081"
"1,39 : 0.7839"
"39,1 : 0.7839"
"1,40 : 0.5675"
"40,1 : 0.5675"
"1,41 : 0.6488"
"41,1 : 0.6488"
"1,42 : 0.9343"
"42,1 : 0.9343"
"1,43 : 0.7558"
"43,1 : 0.7558"
"1,44 : 1.0347"
"44,1 : 1.0347"
"1,45 : 0.2818"
"45,1 : 0.2818"
"1,46 : 0.6622"
"46,1 : 0.6622"
"1,47 : 0.7991"
"47,1 : 0.7991"
"1,48 : 0.3256"
"48,1 : 0.3256"
"1,49 : 0.364"
"49,1 : 0.364"
"1,50 : 0.5771"
"50,1 : 0.5771"
"1,51 : 0.5124"
"51,1 : 0.5124"
"1,52 : 0.6703"
"52,1 : 0.6703"
"1,53 : 0.2886"
"53,1 : 0.2886"
"1,54 : 0.7112"
"54,1 : 0.7112"
"1,55 : 1.0042"
"55,1 : 1.0042"
"1,56 : 0.3624"
"56,1 : 0.3624"
"1,57 : 0.4713"
"57,1 : 0.4713"
"1,58 : 0.4851"
"58,1 : 0.4851"
"1,59 : 0.9928"
"59,1 : 0.9928"
"1,60 : 0.3202"
"60,1 : 0.3202"
"1,61 : 0.4301"
"61,1 : 0.4301"
"1,62 : 0.2816"
"62,1 : 0.2816"
"1,63 : 0.563"
"63,1 : 0.563"
"1,64 : 0.9605"
"64,1 : 0.9605"
"1,65 : 0.3225"
"65,1 : 0.3225"
"1,66 : 0.8228"
"66,1 : 0.8228"
"1,67 : 1.0651"
"67,1 : 1.0651"
"1,68 : 0.3089"
"68,1 : 0.3089"
"1,69 : 0.359"
"69,1 : 0.359"
"1,70 : 0.6329"
"70,1 : 0.6329"
"1,71 : 0.3324"
"71,1 : 0.3324"
"1,72 : 0.9946"
"72,1 : 0.9946"
"1,73 : 1.0704"
"73,1 : 1.0704"
"1,74 : 0.8053"
"74,1 : 0.8053"
"1,75 : 0.2691"
"75,1 : 0.2691"
"1,76 : 0.1749"
"76,1 : 0.1749"
"1,77 : 0.2617"
"77,1 : 0.2617"
"1,78 : 0.4549"
"78,1 : 0.4549"
"1,79 : 0.3002"
"79,1 : 0.3002"
"1,80 : 0.4101"
"80,1 : 0.4101"
"1,81 : 0.4201"
"81,1 : 0.4201"
"1,82 : 0.2683"
"82,1 : 0.2683"
"1,83 : 0.6307"
"83,1 : 0.6307"
"1,84 : 0.886"
"84,1 : 0.886"
"1,85 : 0.7925"
"85,1 : 0.7925"
"1,86 : 0.5597"
"86,1 : 0.5597"
"1,87 : 0.9625"
"87,1 : 0.9625"
"1,88 : 0.9301"
"88,1 : 0.9301"
"1,89 : 0.8301"
"89,1 : 0.8301"
"1,90 : 0.7612"
"90,1 : 0.7612"
"1,91 : 0.2773"
"91,1 : 0.2773"
"1,92 : 0.4607"
"92,1 : 0.4607"
"1,93 : 0.1749"
"93,1 : 0.1749"
"1,94 : 0.3178"
"94,1 : 0.3178"
"1,95 : 0.204"
"95,1 : 0.204"
"1,96 : 0.9434"
"96,1 : 0.9434"
"1,97 : 0.3401"
"97,1 : 0.3401"
"1,98 : 0.9492"
"98,1 : 0.9492"
"1,99 : 0.4624"
"99,1 : 0.4624"
"2,3 : 0.25"
"3,2 : 0.25"
"2,4 : 0.408"
"4,2 : 0.408"
"2,5 : 0.1389"
"5,2 : 0.1389"
"2,6 : 0.3821"
"6,2 : 0.3821"
"2,7 : 0.5946"
"7,2 : 0.5946"
"2,8 : 0.725"
"8,2 : 0.725"
"2,9 : 0.2119"
"9,2 : 0.2119"
"2,10 : 0.6512"
"10,2 : 0.6512"
"2,11 : 0.3941"
"11,2 : 0.3941"
"2,12 : 0.1921"
"12,2 : 0.1921"
"2,13 : 0.5544"
"13,2 : 0.5544"
"2,14 : 0.3863"
"14,2 : 0.3863"
"2,15 : 0.4924"
"15,2 : 0.4924"
"2,16 : 0.5745"
"16,2 : 0.5745"
"2,17 : 0.1432"
"17,2 : 0.1432"
"2,18 : 0.3053"
"18,2 : 0.3053"
"2,19 : 0.566"
"19,2 : 0.566"
"2,20 : 0.414"
"20,2 : 0.414"
"2,21 : 0.3922"
"21,2 : 0.3922"
"2,22 : 0.6774"
"22,2 : 0.6774"
"2,23 : 0.3828"
"23,2 : 0.3828"
"2,24 : 0.1265"
"24,2 : 0.1265"
"2,25 : 0.3298"
"25,2 : 0.3298"
"2,26 : 0.6408"
"26,2 : 0.6408"
"2,27 : 0.264"
"27,2 : 0.264"
"2,28 : 0.3158"
"28,2 : 0.3158"
"2,29 : 0.397"
"29,2 : 0.397"
"2,30 : 0.5967"
"30,2 : 0.5967"
"2,31 : 0.5632"
"31,2 : 0.5632"
"2,32 : 0.2802"
"32,2 : 0.2802"
"2,33 : 0.6815"
"33,2 : 0.6815"
"2,34 : 0.8711"
"34,2 : 0.8711"
"2,35 : 0.5909"
"35,2 : 0.5909"
"2,36 : 0.2341"
"36,2 : 0.2341"
"2,37 : 0.283"
"37,2 : 0.283"
"2,38 : 0.26"
"38,2 : 0.26"
"2,39 : 0.2419"
"39,2 : 0.2419"
"2,40 : 0.8288"
"40,2 : 0.8288"
"2,41 : 0.3985"
"41,2 : 0.3985"
"2,42 : 0.2408"
"42,2 : 0.2408"
"2,43 : 0.3015"
"43,2 : 0.3015"
"2,44 : 0.5459"
"44,2 : 0.5459"
"2,45 : 0.4833"
"45,2 : 0.4833"
"2,46 : 0.5092"
"46,2 : 0.5092"
"2,47 : 0.1118"
"47,2 : 0.1118"
"2,48 : 0.563"
"48,2 : 0.563"
"2,49 : 0.5189"
"49,2 : 0.5189"
"2,50 : 0.7161"
"50,2 : 0.7161"
"2,51 : 0.7779"
"51,2 : 0.7779"
"2,52 : 0.0539"
"52,2 : 0.0539"
"2,53 : 0.4332"
"53,2 : 0.4332"
"2,54 : 0.4045"
"54,2 : 0.4045"
"2,55 : 0.4328"
"55,2 : 0.4328"
"2,56 : 0.577"
"56,2 : 0.577"
"2,57 : 0.25"
"57,2 : 0.25"
"2,58 : 0.2524"
"58,2 : 0.2524"
"2,59 : 0.5478"
"59,2 : 0.5478"
"2,60 : 0.7187"
"60,2 : 0.7187"
"2,61 : 0.844"
"61,2 : 0.844"
"2,62 : 0.4119"
"62,2 : 0.4119"
"2,63 : 0.4391"
"63,2 : 0.4391"
"2,64 : 0.392"
"64,2 : 0.392"
"2,65 : 0.4701"
"65,2 : 0.4701"
"2,66 : 0.2341"
"66,2 : 0.2341"
"2,67 : 0.5818"
"67,2 : 0.5818"
"2,68 : 0.4276"
"68,2 : 0.4276"
"2,69 : 0.3401"
"69,2 : 0.3401"
"2,70 : 0.0608"
"70,2 : 0.0608"
"2,71 : 0.65"
"71,2 : 0.65"
"2,72 : 0.4264"
"72,2 : 0.4264"
"2,73 : 0.6462"
"73,2 : 0.6462"
"2,74 : 0.3106"
"74,2 : 0.3106"
"2,75 : 0.5501"
"75,2 : 0.5501"
"2,76 : 0.5632"
"76,2 : 0.5632"
"2,77 : 0.559"
"77,2 : 0.559"
"2,78 : 0.6294"
"78,2 : 0.6294"
"2,79 : 0.7741"
"79,2 : 0.7741"
"2,80 : 0.2864"
"80,2 : 0.2864"
"2,81 : 0.5873"
"81,2 : 0.5873"
"2,82 : 0.4885"
"82,2 : 0.4885"
"2,83 : 0.0721"
"83,2 : 0.0721"
"2,84 : 0.6003"
"84,2 : 0.6003"
"2,85 : 0.114"
"85,2 : 0.114"
"2,86 : 0.5852"
"86,2 : 0.5852"
"2,87 : 0.3722"
"87,2 : 0.3722"
"2,88 : 0.3945"
"88,2 : 0.3945"
"2,89 : 0.5604"
"89,2 : 0.5604"
"2,90 : 0.2088"
"90,2 : 0.2088"
"2,91 : 0.6537"
"91,2 : 0.6537"
"2,92 : 0.6788"
"92,2 : 0.6788"
"2,93 : 0.6391"
"93,2 : 0.6391"
"2,94 : 0.6017"
"94,2 : 0.6017"
"2,95 : 0.7038"
"95,2 : 0.7038"
"2,96 : 0.3302"
"96,2 : 0.3302"
"2,97 : 0.794"
"97,2 : 0.794"
"2,98 : 0.3538"
"98,2 : 0.3538"
"2,99 : 0.2786"
"99,2 : 0.2786"
"3,4 : 0.5908"
"4,3 : 0.5908"
"3,5 : 0.1131"
"5,3 : 0.1131"
"3,6 : 0.2802"
"6,3 : 0.2802"
"3,7 : 0.6871"
"7,3 : 0.6871"
"3,8 : 0.873"
"8,3 : 0.873"
"3,9 : 0.1393"
"9,3 : 0.1393"
"3,10 : 0.7393"
"10,3 : 0.7393"
"3,11 : 0.644"
"11,3 : 0.644"
"3,12 : 0.4386"
"12,3 : 0.4386"
"3,13 : 0.7543"
"13,3 : 0.7543"
"3,14 : 0.5601"
"14,3 : 0.5601"
"3,15 : 0.6364"
"15,3 : 0.6364"
"3,16 : 0.8238"
"16,3 : 0.8238"
"3,17 : 0.3701"
"17,3 : 0.3701"
"3,18 : 0.3158"
"18,3 : 0.3158"
"3,19 : 0.8154"
"19,3 : 0.8154"
"3,20 : 0.4826"
"20,3 : 0.4826"
"3,21 : 0.2309"
"21,3 : 0.2309"
"3,22 : 0.8714"
"22,3 : 0.8714"
"3,23 : 0.2214"
"23,3 : 0.2214"
"3,24 : 0.2419"
"24,3 : 0.2419"
"3,25 : 0.5471"
"25,3 : 0.5471"
"3,26 : 0.6294"
"26,3 : 0.6294"
"3,27 : 0.2631"
"27,3 : 0.2631"
"3,28 : 0.5179"
"28,3 : 0.5179"
"3,29 : 0.4838"
"29,3 : 0.4838"
"3,30 : 0.6989"
"30,3 : 0.6989"
"3,31 : 0.7401"
"31,3 : 0.7401"
"3,32 : 0.0894"
"32,3 : 0.0894"
"3,33 : 0.9176"
"33,3 : 0.9176"
"3,34 : 0.9526"
"34,3 : 0.9526"
"3,35 : 0.588"
"35,3 : 0.588"
"3,36 : 0.2886"
"36,3 : 0.2886"
"3,37 : 0.44"
"37,3 : 0.44"
"3,38 : 0.1345"
"38,3 : 0.1345"
"3,39 : 0.4254"
"39,3 : 0.4254"
"3,40 : 0.8851"
"40,3 : 0.8851"
"3,41 : 0.3941"
"41,3 : 0.3941"
"3,42 : 0.1746"
"42,3 : 0.1746"
"3,43 : 0.2267"
"43,3 : 0.2267"
"3,44 : 0.3354"
"44,3 : 0.3354"
"3,45 : 0.642"
"45,3 : 0.642"
"3,46 : 0.4958"
"46,3 : 0.4958"
"3,47 : 0.2236"
"47,3 : 0.2236"
"3,48 : 0.6888"
"48,3 : 0.6888"
"3,49 : 0.7654"
"49,3 : 0.7654"
"3,50 : 0.7545"
"50,3 : 0.7545"
"3,51 : 0.846"
"51,3 : 0.846"
"3,52 : 0.2417"
"52,3 : 0.2417"
"3,53 : 0.6101"
"53,3 : 0.6101"
"3,54 : 0.3607"
"54,3 : 0.3607"
"3,55 : 0.197"
"55,3 : 0.197"
"3,56 : 0.8237"
"56,3 : 0.8237"
"3,57 : 0.4919"
"57,3 : 0.4919"
"3,58 : 0.4101"
"58,3 : 0.4101"
"3,59 : 0.36"
"59,3 : 0.36"
"3,60 : 0.842"
"60,3 : 0.842"
"3,61 : 0.947"
"61,3 : 0.947"
"3,62 : 0.6198"
"62,3 : 0.6198"
"3,63 : 0.4789"
"63,3 : 0.4789"
"3,64 : 0.1649"
"64,3 : 0.1649"
"3,65 : 0.6152"
"65,3 : 0.6152"
"3,66 : 0.389"
"66,3 : 0.389"
"3,67 : 0.3688"
"67,3 : 0.3688"
"3,68 : 0.6613"
"68,3 : 0.6613"
"3,69 : 0.5632"
"69,3 : 0.5632"
"3,70 : 0.2953"
"70,3 : 0.2953"
"3,71 : 0.8944"
"71,3 : 0.8944"
"3,72 : 0.1931"
"72,3 : 0.1931"
"3,73 : 0.4518"
"73,3 : 0.4518"
"3,74 : 0.494"
"74,3 : 0.494"
"3,75 : 0.6972"
"75,3 : 0.6972"
"3,76 : 0.7401"
"76,3 : 0.7401"
"3,77 : 0.7071"
"77,3 : 0.7071"
"3,78 : 0.7068"
"78,3 : 0.7068"
"3,79 : 0.9071"
"79,3 : 0.9071"
"3,80 : 0.4884"
"80,3 : 0.4884"
"3,81 : 0.6778"
"81,3 : 0.6778"
"3,82 : 0.6512"
"82,3 : 0.6512"
"3,83 : 0.2823"
"83,3 : 0.2823"
"3,84 : 0.4847"
"84,3 : 0.4847"
"3,85 : 0.246"
"85,3 : 0.246"
"3,86 : 0.6213"
"86,3 : 0.6213"
"3,87 : 0.4701"
"87,3 : 0.4701"
"3,88 : 0.19"
"88,3 : 0.19"
"3,89 : 0.4653"
"89,3 : 0.4653"
"3,90 : 0.1487"
"90,3 : 0.1487"
"3,91 : 0.7885"
"91,3 : 0.7885"
"3,92 : 0.7558"
"92,3 : 0.7558"
"3,93 : 0.8031"
"93,3 : 0.8031"
"3,94 : 0.8453"
"94,3 : 0.8453"
"3,95 : 0.8584"
"95,3 : 0.8584"
"3,96 : 0.4201"
"96,3 : 0.4201"
"3,97 : 0.9176"
"97,3 : 0.9176"
"3,98 : 0.117"
"98,3 : 0.117"
"3,99 : 0.5235"
"99,3 : 0.5235"
"4,5 : 0.5124"
"5,4 : 0.5124"
"4,6 : 0.5025"
"6,4 : 0.5025"
"4,7 : 0.2844"
"7,4 : 0.2844"
"4,8 : 0.3245"
"8,4 : 0.3245"
"4,9 : 0.4669"
"9,4 : 0.4669"
"4,10 : 0.3324"
"10,4 : 0.3324"
"4,11 : 0.3569"
"11,4 : 0.3569"
"4,12 : 0.3818"
"12,4 : 0.3818"
"4,13 : 0.1676"
"13,4 : 0.1676"
"4,14 : 0.0361"
"14,4 : 0.0361"
"4,15 : 0.1265"
"15,4 : 0.1265"
"4,16 : 0.4317"
"16,4 : 0.4317"
"4,17 : 0.4441"
"17,4 : 0.4441"
"4,18 : 0.7077"
"18,4 : 0.7077"
"4,19 : 0.4295"
"19,4 : 0.4295"
"4,20 : 0.7824"
"20,4 : 0.7824"
"4,21 : 0.577"
"21,4 : 0.577"
"4,22 : 0.2807"
"22,4 : 0.2807"
"4,23 : 0.5727"
"23,4 : 0.5727"
"4,24 : 0.35"
"24,4 : 0.35"
"4,25 : 0.5382"
"25,4 : 0.5382"
"4,26 : 0.4904"
"26,4 : 0.4904"
"4,27 : 0.6707"
"27,4 : 0.6707"
"4,28 : 0.1"
"28,4 : 0.1"
"4,29 : 0.222"
"29,4 : 0.222"
"4,30 : 0.2693"
"30,4 : 0.2693"
"4,31 : 0.1552"
"31,4 : 0.1552"
"4,32 : 0.5609"
"32,4 : 0.5609"
"4,33 : 0.3962"
"33,4 : 0.3962"
"4,34 : 0.5284"
"34,4 : 0.5284"
"4,35 : 0.446"
"35,4 : 0.446"
"4,36 : 0.3257"
"36,4 : 0.3257"
"4,37 : 0.153"
"37,4 : 0.153"
"4,38 : 0.5045"
"38,4 : 0.5045"
"4,39 : 0.5532"
"39,4 : 0.5532"
"4,40 : 0.525"
"40,4 : 0.525"
"4,41 : 0.3748"
"41,4 : 0.3748"
"4,42 : 0.6454"
"42,4 : 0.6454"
"4,43 : 0.4569"
"43,4 : 0.4569"
"4,44 : 0.743"
"44,4 : 0.743"
"4,45 : 0.0943"
"45,4 : 0.0943"
"4,46 : 0.4219"
"46,4 : 0.4219"
"4,47 : 0.5187"
"47,4 : 0.5187"
"4,48 : 0.2062"
"48,4 : 0.2062"
"4,49 : 0.3493"
"49,4 : 0.3493"
"4,50 : 0.461"
"50,4 : 0.461"
"4,51 : 0.4649"
"51,4 : 0.4649"
"4,52 : 0.3766"
"52,4 : 0.3766"
"4,53 : 0.0283"
"53,4 : 0.0283"
"4,54 : 0.4328"
"54,4 : 0.4328"
"4,55 : 0.7021"
"55,4 : 0.7021"
"4,56 : 0.3922"
"56,4 : 0.3922"
"4,57 : 0.2421"
"57,4 : 0.2421"
"4,58 : 0.1811"
"58,4 : 0.1811"
"4,59 : 0.7072"
"59,4 : 0.7072"
"4,60 : 0.3406"
"60,4 : 0.3406"
"4,61 : 0.478"
"61,4 : 0.478"
"4,62 : 0.0825"
"62,4 : 0.0825"
"4,63 : 0.3106"
"63,4 : 0.3106"
"4,64 : 0.658"
"64,4 : 0.658"
"4,65 : 0.1118"
"65,4 : 0.1118"
"4,66 : 0.5801"
"66,4 : 0.5801"
"4,67 : 0.7752"
"67,4 : 0.7752"
"4,68 : 0.2022"
"68,4 : 0.2022"
"4,69 : 0.1393"
"69,4 : 0.1393"
"4,70 : 0.3479"
"70,4 : 0.3479"
"4,71 : 0.4254"
"71,4 : 0.4254"
"4,72 : 0.6926"
"72,4 : 0.6926"
"4,73 : 0.792"
"73,4 : 0.792"
"4,74 : 0.5941"
"74,4 : 0.5941"
"4,75 : 0.164"
"75,4 : 0.164"
"4,76 : 0.1552"
"76,4 : 0.1552"
"4,77 : 0.1703"
"77,4 : 0.1703"
"4,78 : 0.3338"
"78,4 : 0.3338"
"4,79 : 0.3829"
"79,4 : 0.3829"
"4,80 : 0.1253"
"80,4 : 0.1253"
"4,81 : 0.2828"
"81,4 : 0.2828"
"4,82 : 0.0922"
"82,4 : 0.0922"
"4,83 : 0.3396"
"83,4 : 0.3396"
"4,84 : 0.6313"
"84,4 : 0.6313"
"4,85 : 0.5162"
"85,4 : 0.5162"
"4,86 : 0.3766"
"86,4 : 0.3766"
"4,87 : 0.728"
"87,4 : 0.728"
"4,88 : 0.6297"
"88,4 : 0.6297"
"4,89 : 0.5749"
"89,4 : 0.5749"
"4,90 : 0.4571"
"90,4 : 0.4571"
"4,91 : 0.2691"
"91,4 : 0.2691"
"4,92 : 0.3711"
"92,4 : 0.3711"
"4,93 : 0.2326"
"93,4 : 0.2326"
"4,94 : 0.3801"
"94,4 : 0.3801"
"4,95 : 0.3002"
"95,4 : 0.3002"
"4,96 : 0.6989"
"96,4 : 0.6989"
"4,97 : 0.4101"
"97,4 : 0.4101"
"4,98 : 0.6454"
"98,4 : 0.6454"
"4,99 : 0.2555"
"99,4 : 0.2555"
"5,6 : 0.3202"
"6,5 : 0.3202"
"5,7 : 0.65"
"7,5 : 0.65"
"5,8 : 0.8132"
"8,5 : 0.8132"
"5,9 : 0.1393"
"9,5 : 0.1393"
"5,10 : 0.7049"
"10,5 : 0.7049"
"5,11 : 0.5325"
"11,5 : 0.5325"
"5,12 : 0.3256"
"12,5 : 0.3256"
"5,13 : 0.67"
"13,5 : 0.67"
"5,14 : 0.4851"
"14,5 : 0.4851"
"5,15 : 0.5757"
"15,5 : 0.5757"
"5,16 : 0.7134"
"16,5 : 0.7134"
"5,17 : 0.2581"
"17,5 : 0.2581"
"5,18 : 0.2693"
"18,5 : 0.2693"
"5,19 : 0.7049"
"19,5 : 0.7049"
"5,20 : 0.4206"
"20,5 : 0.4206"
"5,21 : 0.3002"
"21,5 : 0.3002"
"5,22 : 0.7906"
"22,5 : 0.7906"
"5,23 : 0.2902"
"23,5 : 0.2902"
"5,24 : 0.1676"
"24,5 : 0.1676"
"5,25 : 0.4383"
"25,5 : 0.4383"
"5,26 : 0.6382"
"26,5 : 0.6382"
"5,27 : 0.2163"
"27,5 : 0.2163"
"5,28 : 0.4301"
"28,5 : 0.4301"
"5,29 : 0.4442"
"29,5 : 0.4442"
"5,30 : 0.6576"
"30,5 : 0.6576"
"5,31 : 0.6661"
"31,5 : 0.6661"
"5,32 : 0.1649"
"32,5 : 0.1649"
"5,33 : 0.8161"
"33,5 : 0.8161"
"5,34 : 0.9236"
"34,5 : 0.9236"
"5,35 : 0.592"
"35,5 : 0.592"
"5,36 : 0.25"
"36,5 : 0.25"
"5,37 : 0.3688"
"37,5 : 0.3688"
"5,38 : 0.1712"
"38,5 : 0.1712"
"5,39 : 0.3228"
"39,5 : 0.3228"
"5,40 : 0.8668"
"40,5 : 0.8668"
"5,41 : 0.392"
"41,5 : 0.392"
"5,42 : 0.15"
"42,5 : 0.15"
"5,43 : 0.247"
"43,5 : 0.247"
"5,44 : 0.4332"
"44,5 : 0.4332"
"5,45 : 0.5749"
"45,5 : 0.5749"
"5,46 : 0.5022"
"46,5 : 0.5022"
"5,47 : 0.1217"
"47,5 : 0.1217"
"5,48 : 0.6369"
"48,5 : 0.6369"
"5,49 : 0.6574"
"49,5 : 0.6574"
"5,50 : 0.7428"
"50,5 : 0.7428"
"5,51 : 0.822"
"51,5 : 0.822"
"5,52 : 0.1414"
"52,5 : 0.1414"
"5,53 : 0.5346"
"53,5 : 0.5346"
"5,54 : 0.3759"
"54,5 : 0.3759"
"5,55 : 0.3053"
"55,5 : 0.3053"
"5,56 : 0.7155"
"56,5 : 0.7155"
"5,57 : 0.3863"
"57,5 : 0.3863"
"5,58 : 0.3373"
"58,5 : 0.3373"
"5,59 : 0.4472"
"59,5 : 0.4472"
"5,60 : 0.7931"
"60,5 : 0.7931"
"5,61 : 0.9082"
"61,5 : 0.9082"
"5,62 : 0.5308"
"62,5 : 0.5308"
"5,63 : 0.4601"
"63,5 : 0.4601"
"5,64 : 0.2683"
"64,5 : 0.2683"
"5,65 : 0.5536"
"65,5 : 0.5536"
"5,66 : 0.2927"
"66,5 : 0.2927"
"5,67 : 0.4682"
"67,5 : 0.4682"
"5,68 : 0.5604"
"68,5 : 0.5604"
"5,69 : 0.4669"
"69,5 : 0.4669"
"5,70 : 0.1897"
"70,5 : 0.1897"
"5,71 : 0.7879"
"71,5 : 0.7879"
"5,72 : 0.3002"
"72,5 : 0.3002"
"5,73 : 0.5434"
"73,5 : 0.5434"
"5,74 : 0.3929"
"74,5 : 0.3929"
"5,75 : 0.636"
"75,5 : 0.636"
"5,76 : 0.6661"
"76,5 : 0.6661"
"5,77 : 0.6456"
"77,5 : 0.6456"
"5,78 : 0.6768"
"78,5 : 0.6768"
"5,79 : 0.8544"
"79,5 : 0.8544"
"5,80 : 0.4001"
"80,5 : 0.4001"
"5,81 : 0.6414"
"81,5 : 0.6414"
"5,82 : 0.5825"
"82,5 : 0.5825"
"5,83 : 0.1825"
"83,5 : 0.1825"
"5,84 : 0.5394"
"84,5 : 0.5394"
"5,85 : 0.1432"
"85,5 : 0.1432"
"5,86 : 0.6083"
"86,5 : 0.6083"
"5,87 : 0.3962"
"87,5 : 0.3962"
"5,88 : 0.2816"
"88,5 : 0.2816"
"5,89 : 0.5096"
"89,5 : 0.5096"
"5,90 : 0.1432"
"90,5 : 0.1432"
"5,91 : 0.7339"
"91,5 : 0.7339"
"5,92 : 0.7267"
"92,5 : 0.7267"
"5,93 : 0.7355"
"93,5 : 0.7355"
"5,94 : 0.7393"
"94,5 : 0.7393"
"5,95 : 0.7956"
"95,5 : 0.7956"
"5,96 : 0.3471"
"96,5 : 0.3471"
"5,97 : 0.8693"
"97,5 : 0.8693"
"5,98 : 0.2247"
"98,5 : 0.2247"
"5,99 : 0.4163"
"99,5 : 0.4163"
"6,7 : 0.4804"
"7,6 : 0.4804"
"6,8 : 0.7046"
"8,6 : 0.7046"
"6,9 : 0.1825"
"9,6 : 0.1825"
"6,10 : 0.5235"
"10,6 : 0.5235"
"6,11 : 0.7083"
"11,6 : 0.7083"
"6,12 : 0.5536"
"12,6 : 0.5536"
"6,13 : 0.6665"
"13,6 : 0.6665"
"6,14 : 0.4665"
"14,6 : 0.4665"
"6,15 : 0.4904"
"15,6 : 0.4904"
"6,16 : 0.8621"
"16,6 : 0.8621"
"6,17 : 0.5247"
"17,6 : 0.5247"
"6,18 : 0.5831"
"18,6 : 0.5831"
"6,19 : 0.856"
"19,6 : 0.856"
"6,20 : 0.7404"
"20,6 : 0.7404"
"6,21 : 0.0906"
"21,6 : 0.0906"
"6,22 : 0.7632"
"22,6 : 0.7632"
"6,23 : 0.0922"
"23,6 : 0.0922"
"6,24 : 0.272"
"24,6 : 0.272"
"6,25 : 0.7102"
"25,6 : 0.7102"
"6,26 : 0.3581"
"26,6 : 0.3581"
"6,27 : 0.5292"
"27,6 : 0.5292"
"6,28 : 0.4742"
"28,6 : 0.4742"
"6,29 : 0.3105"
"29,6 : 0.3105"
"6,30 : 0.5"
"30,6 : 0.5"
"6,31 : 0.6203"
"31,6 : 0.6203"
"6,32 : 0.1921"
"32,6 : 0.1921"
"6,33 : 0.8902"
"33,6 : 0.8902"
"6,34 : 0.7184"
"34,6 : 0.7184"
"6,35 : 0.3225"
"35,6 : 0.3225"
"6,36 : 0.2"
"36,6 : 0.2"
"6,37 : 0.3624"
"37,6 : 0.3624"
"6,38 : 0.1523"
"38,6 : 0.1523"
"6,39 : 0.6201"
"39,6 : 0.6201"
"6,40 : 0.6369"
"40,6 : 0.6369"
"6,41 : 0.16"
"41,6 : 0.16"
"6,42 : 0.4472"
"42,6 : 0.4472"
"6,43 : 0.0806"
"43,6 : 0.0806"
"6,44 : 0.2417"
"44,6 : 0.2417"
"6,45 : 0.5126"
"45,6 : 0.5126"
"6,46 : 0.2326"
"46,6 : 0.2326"
"6,47 : 0.4342"
"47,6 : 0.4342"
"6,48 : 0.5148"
"48,6 : 0.5148"
"6,49 : 0.7875"
"49,6 : 0.7875"
"6,50 : 0.5016"
"50,6 : 0.5016"
"6,51 : 0.6073"
"51,6 : 0.6073"
"6,52 : 0.3354"
"52,6 : 0.3354"
"6,53 : 0.51"
"53,6 : 0.51"
"6,54 : 0.102"
"54,6 : 0.102"
"6,55 : 0.2452"
"55,6 : 0.2452"
"6,56 : 0.8429"
"56,6 : 0.8429"
"6,57 : 0.53"
"57,6 : 0.53"
"6,58 : 0.3466"
"58,6 : 0.3466"
"6,59 : 0.2062"
"59,6 : 0.2062"
"6,60 : 0.65"
"60,6 : 0.65"
"6,61 : 0.7299"
"61,6 : 0.7299"
"6,62 : 0.564"
"62,6 : 0.564"
"6,63 : 0.26"
"63,6 : 0.26"
"6,64 : 0.2119"
"64,6 : 0.2119"
"6,65 : 0.4743"
"65,6 : 0.4743"
"6,66 : 0.6013"
"66,6 : 0.6013"
"6,67 : 0.2729"
"67,6 : 0.2729"
"6,68 : 0.6505"
"68,6 : 0.6505"
"6,69 : 0.5445"
"69,6 : 0.5445"
"6,70 : 0.3833"
"70,6 : 0.3833"
"6,71 : 0.8981"
"71,6 : 0.8981"
"6,72 : 0.2354"
"72,6 : 0.2354"
"6,73 : 0.2973"
"73,6 : 0.2973"
"6,74 : 0.6903"
"74,6 : 0.6903"
"6,75 : 0.5457"
"75,6 : 0.5457"
"6,76 : 0.6203"
"76,6 : 0.6203"
"6,77 : 0.5554"
"77,6 : 0.5554"
"6,78 : 0.4851"
"78,6 : 0.4851"
"6,79 : 0.7201"
"79,6 : 0.7201"
"6,80 : 0.4525"
"80,6 : 0.4525"
"6,81 : 0.4704"
"81,6 : 0.4704"
"6,82 : 0.5255"
"82,6 : 0.5255"
"6,83 : 0.3544"
"83,6 : 0.3544"
"6,84 : 0.2209"
"84,6 : 0.2209"
"6,85 : 0.4528"
"85,6 : 0.4528"
"6,86 : 0.3764"
"86,6 : 0.3764"
"6,87 : 0.7159"
"87,6 : 0.7159"
"6,88 : 0.1649"
"88,6 : 0.1649"
"6,89 : 0.1897"
"89,6 : 0.1897"
"6,90 : 0.1811"
"90,6 : 0.1811"
"6,91 : 0.6129"
"91,6 : 0.6129"
"6,92 : 0.5295"
"92,6 : 0.5295"
"6,93 : 0.6597"
"93,6 : 0.6597"
"6,94 : 0.8485"
"94,6 : 0.8485"
"6,95 : 0.6987"
"95,6 : 0.6987"
"6,96 : 0.6671"
"96,6 : 0.6671"
"6,97 : 0.7206"
"97,6 : 0.7206"
"6,98 : 0.2332"
"98,6 : 0.2332"
"6,99 : 0.566"
"99,6 : 0.566"
"7,8 : 0.2417"
"8,7 : 0.2417"
"7,9 : 0.5478"
"9,7 : 0.5478"
"7,10 : 0.0566"
"10,7 : 0.0566"
"7,11 : 0.6413"
"11,7 : 0.6413"
"7,12 : 0.6363"
"12,7 : 0.6363"
"7,13 : 0.3479"
"13,7 : 0.3479"
"7,14 : 0.272"
"14,7 : 0.272"
"7,15 : 0.1603"
"15,7 : 0.1603"
"7,16 : 0.7018"
"16,7 : 0.7018"
"7,17 : 0.678"
"17,7 : 0.678"
"7,18 : 0.8964"
"18,7 : 0.8964"
"7,19 : 0.7011"
"19,7 : 0.7011"
"7,20 : 1.0045"
"20,7 : 1.0045"
"7,21 : 0.5708"
"21,7 : 0.5708"
"7,22 : 0.378"
"22,7 : 0.378"
"7,23 : 0.5714"
"23,7 : 0.5714"
"7,24 : 0.4883"
"24,7 : 0.4883"
"7,25 : 0.805"
"25,7 : 0.805"
"7,26 : 0.2687"
"26,7 : 0.2687"
"7,27 : 0.85"
"27,7 : 0.85"
"7,28 : 0.364"
"28,7 : 0.364"
"7,29 : 0.2059"
"29,7 : 0.2059"
"7,30 : 0.0283"
"30,7 : 0.0283"
"7,31 : 0.26"
"31,7 : 0.26"
"7,32 : 0.6236"
"32,7 : 0.6236"
"7,33 : 0.611"
"33,7 : 0.611"
"7,34 : 0.2766"
"34,7 : 0.2766"
"7,35 : 0.2441"
"35,7 : 0.2441"
"7,36 : 0.4025"
"36,7 : 0.4025"
"7,37 : 0.3202"
"37,7 : 0.3202"
"7,38 : 0.5632"
"38,7 : 0.5632"
"7,39 : 0.794"
"39,7 : 0.794"
"7,40 : 0.246"
"40,7 : 0.246"
"7,41 : 0.3206"
"41,7 : 0.3206"
"7,42 : 0.7992"
"42,7 : 0.7992"
"7,43 : 0.4805"
"43,7 : 0.4805"
"7,44 : 0.7046"
"44,7 : 0.7046"
"7,45 : 0.2"
"45,7 : 0.2"
"7,46 : 0.2816"
"46,7 : 0.2816"
"7,47 : 0.7029"
"47,7 : 0.7029"
"7,48 : 0.0949"
"48,7 : 0.0949"
"7,49 : 0.6207"
"49,7 : 0.6207"
"7,50 : 0.1811"
"50,7 : 0.1811"
"7,51 : 0.1887"
"51,7 : 0.1887"
"7,52 : 0.5467"
"52,7 : 0.5467"
"7,53 : 0.2617"
"53,7 : 0.2617"
"7,54 : 0.38"
"54,7 : 0.38"
"7,55 : 0.7234"
"55,7 : 0.7234"
"7,56 : 0.6549"
"56,7 : 0.6549"
"7,57 : 0.5108"
"57,7 : 0.5108"
"7,58 : 0.3471"
"58,7 : 0.3471"
"7,59 : 0.6494"
"59,7 : 0.6494"
"7,60 : 0.1712"
"60,7 : 0.1712"
"7,61 : 0.26"
"61,7 : 0.26"
"7,62 : 0.3612"
"62,7 : 0.3612"
"7,63 : 0.2209"
"63,7 : 0.2209"
"7,64 : 0.6859"
"64,7 : 0.6859"
"7,65 : 0.1726"
"65,7 : 0.1726"
"7,66 : 0.8092"
"66,7 : 0.8092"
"7,67 : 0.7284"
"67,7 : 0.7284"
"7,68 : 0.4804"
"68,7 : 0.4804"
"7,69 : 0.422"
"69,7 : 0.422"
"7,70 : 0.5445"
"70,7 : 0.5445"
"7,71 : 0.6694"
"71,7 : 0.6694"
"7,72 : 0.7134"
"72,7 : 0.7134"
"7,73 : 0.7088"
"73,7 : 0.7088"
"7,74 : 0.846"
"74,7 : 0.846"
"7,75 : 0.1581"
"75,7 : 0.1581"
"7,76 : 0.26"
"76,7 : 0.26"
"7,77 : 0.1616"
"77,7 : 0.1616"
"7,78 : 0.05"
"78,7 : 0.05"
"7,79 : 0.2419"
"79,7 : 0.2419"
"7,80 : 0.3758"
"80,7 : 0.3758"
"7,81 : 0.01"
"81,7 : 0.01"
"7,82 : 0.2102"
"82,7 : 0.2102"
"7,83 : 0.5235"
"83,7 : 0.5235"
"7,84 : 0.5016"
"84,7 : 0.5016"
"7,85 : 0.7084"
"85,7 : 0.7084"
"7,86 : 0.15"
"86,7 : 0.15"
"7,87 : 0.9567"
"87,7 : 0.9567"
"7,88 : 0.6428"
"88,7 : 0.6428"
"7,89 : 0.4494"
"89,7 : 0.4494"
"7,90 : 0.5385"
"90,7 : 0.5385"
"7,91 : 0.1526"
"91,7 : 0.1526"
"7,92 : 0.0894"
"92,7 : 0.0894"
"7,93 : 0.2408"
"93,7 : 0.2408"
"7,94 : 0.6315"
"94,7 : 0.6315"
"7,95 : 0.247"
"95,7 : 0.247"
"7,96 : 0.9197"
"96,7 : 0.9197"
"7,97 : 0.2402"
"97,7 : 0.2402"
"7,98 : 0.6943"
"98,7 : 0.6943"
"7,99 : 0.5314"
"99,7 : 0.5314"
"8,9 : 0.7368"
"9,8 : 0.7368"
"8,10 : 0.228"
"10,8 : 0.228"
"8,11 : 0.6297"
"11,8 : 0.6297"
"8,12 : 0.7029"
"12,8 : 0.7029"
"8,13 : 0.255"
"13,8 : 0.255"
"8,14 : 0.34"
"14,8 : 0.34"
"8,15 : 0.2377"
"15,8 : 0.2377"
"8,16 : 0.6236"
"16,8 : 0.6236"
"8,17 : 0.7684"
"17,8 : 0.7684"
"8,18 : 1.0286"
"18,8 : 1.0286"
"8,19 : 0.6264"
"19,8 : 0.6264"
"8,20 : 1.1068"
"20,8 : 1.1068"
"8,21 : 0.7931"
"21,8 : 0.7931"
"8,22 : 0.2002"
"22,8 : 0.2002"
"8,23 : 0.7923"
"23,8 : 0.7923"
"8,24 : 0.6456"
"24,8 : 0.6456"
"8,25 : 0.849"
"25,8 : 0.849"
"8,26 : 0.5022"
"26,8 : 0.5022"
"8,27 : 0.989"
"27,8 : 0.989"
"8,28 : 0.4244"
"28,8 : 0.4244"
"8,29 : 0.4"
"29,8 : 0.4"
"8,30 : 0.2154"
"30,8 : 0.2154"
"8,31 : 0.1844"
"31,8 : 0.1844"
"8,32 : 0.823"
"32,8 : 0.823"
"8,33 : 0.47"
"33,8 : 0.47"
"8,34 : 0.2802"
"34,8 : 0.2802"
"8,35 : 0.4837"
"35,8 : 0.4837"
"8,36 : 0.5855"
"36,8 : 0.5855"
"8,37 : 0.446"
"37,8 : 0.446"
"8,38 : 0.7624"
"38,8 : 0.7624"
"8,39 : 0.8762"
"39,8 : 0.8762"
"8,40 : 0.3384"
"40,8 : 0.3384"
"8,41 : 0.5459"
"41,8 : 0.5459"
"8,42 : 0.9552"
"42,8 : 0.9552"
"8,43 : 0.69"
"43,8 : 0.69"
"8,44 : 0.9374"
"44,8 : 0.9374"
"8,45 : 0.2417"
"45,8 : 0.2417"
"8,46 : 0.522"
"46,8 : 0.522"
"8,47 : 0.8367"
"47,8 : 0.8367"
"8,48 : 0.1903"
"48,8 : 0.1903"
"8,49 : 0.5536"
"49,8 : 0.5536"
"8,50 : 0.3688"
"50,8 : 0.3688"
"8,51 : 0.2864"
"51,8 : 0.2864"
"8,52 : 0.6871"
"52,8 : 0.6871"
"8,53 : 0.2968"
"53,8 : 0.2968"
"8,54 : 0.6083"
"54,8 : 0.6083"
"8,55 : 0.9405"
"55,8 : 0.9405"
"8,56 : 0.5675"
"56,8 : 0.5675"
"8,57 : 0.5597"
"57,8 : 0.5597"
"8,58 : 0.4776"
"58,8 : 0.4776"
"8,59 : 0.8853"
"59,8 : 0.8853"
"8,60 : 0.0943"
"60,8 : 0.0943"
"8,61 : 0.201"
"61,8 : 0.201"
"8,62 : 0.3607"
"62,8 : 0.3607"
"8,63 : 0.4472"
"63,8 : 0.4472"
"8,64 : 0.9001"
"64,8 : 0.9001"
"8,65 : 0.2596"
"65,8 : 0.2596"
"8,66 : 0.9044"
"66,8 : 0.9044"
"8,67 : 0.9632"
"67,8 : 0.9632"
"8,68 : 0.4494"
"68,8 : 0.4494"
"8,69 : 0.4455"
"69,8 : 0.4455"
"8,70 : 0.6664"
"70,8 : 0.6664"
"8,71 : 0.5533"
"71,8 : 0.5533"
"8,72 : 0.9305"
"72,8 : 0.9305"
"8,73 : 0.9487"
"73,8 : 0.9487"
"8,74 : 0.9135"
"74,8 : 0.9135"
"8,75 : 0.1772"
"75,8 : 0.1772"
"8,76 : 0.1844"
"76,8 : 0.1844"
"8,77 : 0.1676"
"77,8 : 0.1676"
"8,78 : 0.2663"
"78,8 : 0.2663"
"8,79 : 0.0728"
"79,8 : 0.0728"
"8,80 : 0.4494"
"80,8 : 0.4494"
"8,81 : 0.2508"
"81,8 : 0.2508"
"8,82 : 0.2371"
"82,8 : 0.2371"
"8,83 : 0.6539"
"83,8 : 0.6539"
"8,84 : 0.7432"
"84,8 : 0.7432"
"8,85 : 0.8363"
"85,8 : 0.8363"
"8,86 : 0.3895"
"86,8 : 0.3895"
"8,87 : 1.0521"
"87,8 : 1.0521"
"8,88 : 0.8609"
"88,8 : 0.8609"
"8,89 : 0.6908"
"89,8 : 0.6908"
"8,90 : 0.7269"
"90,8 : 0.7269"
"8,91 : 0.0922"
"91,8 : 0.0922"
"8,92 : 0.2546"
"92,8 : 0.2546"
"8,93 : 0.1"
"93,8 : 0.1"
"8,94 : 0.5295"
"94,8 : 0.5295"
"8,95 : 0.0316"
"95,8 : 0.0316"
"8,96 : 1.0234"
"96,8 : 1.0234"
"8,97 : 0.1118"
"97,8 : 0.1118"
"8,98 : 0.9009"
"98,8 : 0.9009"
"8,99 : 0.5657"
"99,8 : 0.5657"
"9,10 : 0.6001"
"10,9 : 0.6001"
"9,11 : 0.5805"
"11,9 : 0.5805"
"9,12 : 0.3982"
"12,9 : 0.3982"
"9,13 : 0.6335"
"13,9 : 0.6335"
"9,14 : 0.4342"
"14,9 : 0.4342"
"9,15 : 0.5016"
"15,9 : 0.5016"
"9,16 : 0.7507"
"16,9 : 0.7507"
"9,17 : 0.3544"
"17,9 : 0.3544"
"9,18 : 0.4071"
"18,9 : 0.4071"
"9,19 : 0.7433"
"19,9 : 0.7433"
"9,20 : 0.5597"
"20,9 : 0.5597"
"9,21 : 0.1803"
"21,9 : 0.1803"
"9,22 : 0.7467"
"22,9 : 0.7467"
"9,23 : 0.1709"
"23,9 : 0.1709"
"9,24 : 0.136"
"24,9 : 0.136"
"9,25 : 0.5412"
"25,9 : 0.5412"
"9,26 : 0.5045"
"26,9 : 0.5045"
"9,27 : 0.3536"
"27,9 : 0.3536"
"9,28 : 0.405"
"28,9 : 0.405"
"9,29 : 0.3448"
"29,9 : 0.3448"
"9,30 : 0.5597"
"30,9 : 0.5597"
"9,31 : 0.6113"
"31,9 : 0.6113"
"9,32 : 0.0949"
"32,9 : 0.0949"
"9,33 : 0.8184"
"33,9 : 0.8184"
"9,34 : 0.8141"
"34,9 : 0.8141"
"9,35 : 0.4601"
"35,9 : 0.4601"
"9,36 : 0.1513"
"36,9 : 0.1513"
"9,37 : 0.314"
"37,9 : 0.314"
"9,38 : 0.05"
"38,9 : 0.05"
"9,39 : 0.4418"
"39,9 : 0.4418"
"9,40 : 0.7489"
"40,9 : 0.7489"
"9,41 : 0.2617"
"41,9 : 0.2617"
"9,42 : 0.278"
"42,9 : 0.278"
"9,43 : 0.1077"
"43,9 : 0.1077"
"9,44 : 0.3384"
"44,9 : 0.3384"
"9,45 : 0.51"
"45,9 : 0.51"
"9,46 : 0.3688"
"46,9 : 0.3688"
"9,47 : 0.2518"
"47,9 : 0.2518"
"9,48 : 0.5511"
"48,9 : 0.5511"
"9,49 : 0.6841"
"49,9 : 0.6841"
"9,50 : 0.6201"
"50,9 : 0.6201"
"9,51 : 0.7083"
"51,9 : 0.7083"
"9,52 : 0.1749"
"52,9 : 0.1749"
"9,53 : 0.4837"
"53,9 : 0.4837"
"9,54 : 0.2385"
"54,9 : 0.2385"
"9,55 : 0.247"
"55,9 : 0.247"
"9,56 : 0.742"
"56,9 : 0.742"
"9,57 : 0.4111"
"57,9 : 0.4111"
"9,58 : 0.2864"
"58,9 : 0.2864"
"9,59 : 0.3362"
"59,9 : 0.3362"
"9,60 : 0.7034"
"60,9 : 0.7034"
"9,61 : 0.8078"
"61,9 : 0.8078"
"9,62 : 0.506"
"62,9 : 0.506"
"9,63 : 0.3413"
"63,9 : 0.3413"
"9,64 : 0.2025"
"64,9 : 0.2025"
"9,65 : 0.4809"
"65,9 : 0.4809"
"9,66 : 0.4201"
"66,9 : 0.4201"
"9,67 : 0.3744"
"67,9 : 0.3744"
"9,68 : 0.5644"
"68,9 : 0.5644"
"9,69 : 0.4607"
"69,9 : 0.4607"
"9,70 : 0.2302"
"70,9 : 0.2302"
"9,71 : 0.8071"
"71,9 : 0.8071"
"9,72 : 0.2385"
"72,9 : 0.2385"
"9,73 : 0.4346"
"73,9 : 0.4346"
"9,74 : 0.5124"
"74,9 : 0.5124"
"9,75 : 0.5622"
"75,9 : 0.5622"
"9,76 : 0.6113"
"76,9 : 0.6113"
"9,77 : 0.5722"
"77,9 : 0.5722"
"9,78 : 0.568"
"78,9 : 0.568"
"9,79 : 0.769"
"79,9 : 0.769"
"9,80 : 0.377"
"80,9 : 0.377"
"9,81 : 0.5385"
"81,9 : 0.5385"
"9,82 : 0.5201"
"82,9 : 0.5201"
"9,83 : 0.2062"
"83,9 : 0.2062"
"9,84 : 0.4031"
"84,9 : 0.4031"
"9,85 : 0.2707"
"85,9 : 0.2707"
"9,86 : 0.486"
"86,9 : 0.486"
"9,87 : 0.5337"
"87,9 : 0.5337"
"9,88 : 0.191"
"88,9 : 0.191"
"9,89 : 0.3711"
"89,9 : 0.3711"
"9,90 : 0.01"
"90,9 : 0.01"
"9,91 : 0.6512"
"91,9 : 0.6512"
"9,92 : 0.6172"
"92,9 : 0.6172"
"9,93 : 0.6703"
"93,9 : 0.6703"
"9,94 : 0.7572"
"94,9 : 0.7572"
"9,95 : 0.7234"
"95,9 : 0.7234"
"9,96 : 0.4851"
"96,9 : 0.4851"
"9,97 : 0.7788"
"97,9 : 0.7788"
"9,98 : 0.1803"
"98,9 : 0.1803"
"9,99 : 0.446"
"99,9 : 0.446"
"10,11 : 0.6888"
"11,10 : 0.6888"
"10,12 : 0.6912"
"12,10 : 0.6912"
"10,13 : 0.3766"
"13,10 : 0.3766"
"10,14 : 0.3231"
"14,10 : 0.3231"
"10,15 : 0.2062"
"15,10 : 0.2062"
"10,16 : 0.7401"
"16,10 : 0.7401"
"10,17 : 0.7341"
"17,10 : 0.7341"
"10,18 : 0.9527"
"18,10 : 0.9527"
"10,19 : 0.74"
"19,10 : 0.74"
"10,20 : 1.061"
"20,10 : 1.061"
"10,21 : 0.614"
"21,10 : 0.614"
"10,22 : 0.3895"
"22,10 : 0.3895"
"10,23 : 0.6152"
"23,10 : 0.6152"
"10,24 : 0.5441"
"24,10 : 0.5441"
"10,25 : 0.8588"
"25,10 : 0.8588"
"10,26 : 0.2746"
"26,10 : 0.2746"
"10,27 : 0.906"
"27,10 : 0.906"
"10,28 : 0.4163"
"28,10 : 0.4163"
"10,29 : 0.2608"
"29,10 : 0.2608"
"10,30 : 0.0632"
"30,10 : 0.0632"
"10,31 : 0.2864"
"31,10 : 0.2864"
"10,32 : 0.6736"
"32,10 : 0.6736"
"10,33 : 0.636"
"33,10 : 0.636"
"10,34 : 0.2202"
"34,10 : 0.2202"
"10,35 : 0.26"
"35,10 : 0.26"
"10,36 : 0.4565"
"36,10 : 0.4565"
"10,37 : 0.3764"
"37,10 : 0.3764"
"10,38 : 0.6135"
"38,10 : 0.6135"
"10,39 : 0.85"
"39,10 : 0.85"
"10,40 : 0.1931"
"40,10 : 0.1931"
"10,41 : 0.365"
"41,10 : 0.365"
"10,42 : 0.8544"
"42,10 : 0.8544"
"10,43 : 0.5289"
"43,10 : 0.5289"
"10,44 : 0.7411"
"44,10 : 0.7411"
"10,45 : 0.2433"
"45,10 : 0.2433"
"10,46 : 0.3126"
"46,10 : 0.3126"
"10,47 : 0.7593"
"47,10 : 0.7593"
"10,48 : 0.1304"
"48,10 : 0.1304"
"10,49 : 0.6601"
"49,10 : 0.6601"
"10,50 : 0.1523"
"50,10 : 0.1523"
"10,51 : 0.1342"
"51,10 : 0.1342"
"10,52 : 0.6031"
"52,10 : 0.6031"
"10,53 : 0.3081"
"53,10 : 0.3081"
"10,54 : 0.4219"
"54,10 : 0.4219"
"10,55 : 0.7679"
"55,10 : 0.7679"
"10,56 : 0.6912"
"56,10 : 0.6912"
"10,57 : 0.5636"
"57,10 : 0.5636"
"10,58 : 0.4036"
"58,10 : 0.4036"
"10,59 : 0.6836"
"59,10 : 0.6836"
"10,60 : 0.1432"
"60,10 : 0.1432"
"10,61 : 0.2088"
"61,10 : 0.2088"
"10,62 : 0.4061"
"62,10 : 0.4061"
"10,63 : 0.2668"
"63,10 : 0.2668"
"10,64 : 0.7316"
"64,10 : 0.7316"
"10,65 : 0.2214"
"65,10 : 0.2214"
"10,66 : 0.8656"
"66,10 : 0.8656"
"10,67 : 0.7632"
"67,10 : 0.7632"
"10,68 : 0.5235"
"68,10 : 0.5235"
"10,69 : 0.4713"
"69,10 : 0.4713"
"10,70 : 0.6011"
"70,10 : 0.6011"
"10,71 : 0.7004"
"71,10 : 0.7004"
"10,72 : 0.758"
"72,10 : 0.758"
"10,73 : 0.7376"
"73,10 : 0.7376"
"10,74 : 0.9014"
"74,10 : 0.9014"
"10,75 : 0.1903"
"75,10 : 0.1903"
"10,76 : 0.2864"
"76,10 : 0.2864"
"10,77 : 0.191"
"77,10 : 0.191"
"10,78 : 0.0412"
"78,10 : 0.0412"
"10,79 : 0.2119"
"79,10 : 0.2119"
"10,80 : 0.4294"
"80,10 : 0.4294"
"10,81 : 0.064"
"81,10 : 0.064"
"10,82 : 0.2518"
"82,10 : 0.2518"
"10,83 : 0.58"
"83,10 : 0.58"
"10,84 : 0.525"
"84,10 : 0.525"
"10,85 : 0.7649"
"85,10 : 0.7649"
"10,86 : 0.1676"
"86,10 : 0.1676"
"10,87 : 1.0132"
"87,10 : 1.0132"
"10,88 : 0.6873"
"88,10 : 0.6873"
"10,89 : 0.4754"
"89,10 : 0.4754"
"10,90 : 0.5909"
"90,10 : 0.5909"
"10,91 : 0.15"
"91,10 : 0.15"
"10,92 : 0.04"
"92,10 : 0.04"
"10,93 : 0.2506"
"93,10 : 0.2506"
"10,94 : 0.6648"
"94,10 : 0.6648"
"10,95 : 0.2404"
"95,10 : 0.2404"
"10,96 : 0.9762"
"96,10 : 0.9762"
"10,97 : 0.2022"
"97,10 : 0.2022"
"10,98 : 0.7422"
"98,10 : 0.7422"
"10,99 : 0.5831"
"99,10 : 0.5831"
"11,12 : 0.2154"
"12,11 : 0.2154"
"11,13 : 0.378"
"13,11 : 0.378"
"11,14 : 0.3722"
"14,11 : 0.3722"
"11,15 : 0.4827"
"15,11 : 0.4827"
"11,16 : 0.1838"
"16,11 : 0.1838"
"11,17 : 0.3036"
"17,11 : 0.3036"
"11,18 : 0.5842"
"18,11 : 0.5842"
"11,19 : 0.1746"
"19,11 : 0.1746"
"11,20 : 0.5787"
"20,11 : 0.5787"
"11,21 : 0.75"
"21,11 : 0.75"
"11,22 : 0.481"
"22,11 : 0.481"
"11,23 : 0.742"
"23,11 : 0.742"
"11,24 : 0.4482"
"24,11 : 0.4482"
"11,25 : 0.2563"
"25,11 : 0.2563"
"11,26 : 0.823"
"26,11 : 0.823"
"11,27 : 0.5727"
"27,11 : 0.5727"
"11,28 : 0.2902"
"28,11 : 0.2902"
"11,29 : 0.5334"
"29,11 : 0.5334"
"11,30 : 0.6259"
"30,11 : 0.6259"
"11,31 : 0.4478"
"31,11 : 0.4478"
"11,32 : 0.6648"
"32,11 : 0.6648"
"11,33 : 0.3453"
"33,11 : 0.3453"
"11,34 : 0.8746"
"34,11 : 0.8746"
"11,35 : 0.7741"
"35,11 : 0.7741"
"11,36 : 0.51"
"36,11 : 0.51"
"11,37 : 0.3883"
"37,11 : 0.3883"
"11,38 : 0.6303"
"38,11 : 0.6303"
"11,39 : 0.3501"
"39,11 : 0.3501"
"11,40 : 0.8806"
"40,11 : 0.8806"
"11,41 : 0.642"
"41,11 : 0.642"
"11,42 : 0.5981"
"42,11 : 0.5981"
"11,43 : 0.6351"
"43,11 : 0.6351"
"11,44 : 0.9168"
"44,11 : 0.9168"
"11,45 : 0.4464"
"45,11 : 0.4464"
"11,46 : 0.7257"
"46,11 : 0.7257"
"11,47 : 0.4569"
"47,11 : 0.4569"
"11,48 : 0.5604"
"48,11 : 0.5604"
"11,49 : 0.1503"
"49,11 : 0.1503"
"11,50 : 0.8161"
"50,11 : 0.8161"
"11,51 : 0.8201"
"51,11 : 0.8201"
"11,52 : 0.4104"
"52,11 : 0.4104"
"11,53 : 0.3808"
"53,11 : 0.3808"
"11,54 : 0.6815"
"54,11 : 0.6815"
"11,55 : 0.8207"
"55,11 : 0.8207"
"11,56 : 0.201"
"56,11 : 0.201"
"11,57 : 0.1789"
"57,11 : 0.1789"
"11,58 : 0.386"
"58,11 : 0.386"
"11,59 : 0.9044"
"59,11 : 0.9044"
"11,60 : 0.6754"
"60,11 : 0.6754"
"11,61 : 0.8139"
"61,11 : 0.8139"
"11,62 : 0.2846"
"62,11 : 0.2846"
"11,63 : 0.6181"
"63,11 : 0.6181"
"11,64 : 0.7779"
"64,11 : 0.7779"
"11,65 : 0.4687"
"65,11 : 0.4687"
"11,66 : 0.4001"
"66,11 : 0.4001"
"11,67 : 0.9527"
"67,11 : 0.9527"
"11,68 : 0.1803"
"68,11 : 0.1803"
"11,69 : 0.2209"
"69,11 : 0.2209"
"11,70 : 0.3538"
"70,11 : 0.3538"
"11,71 : 0.2807"
"71,11 : 0.2807"
"11,72 : 0.8134"
"72,11 : 0.8134"
"11,73 : 1.0012"
"73,11 : 1.0012"
"11,74 : 0.3493"
"74,11 : 0.3493"
"11,75 : 0.5092"
"75,11 : 0.5092"
"11,76 : 0.4478"
"76,11 : 0.4478"
"11,77 : 0.5126"
"77,11 : 0.5126"
"11,78 : 0.6905"
"78,11 : 0.6905"
"11,79 : 0.6997"
"79,11 : 0.6997"
"11,80 : 0.2927"
"80,11 : 0.2927"
"11,81 : 0.6395"
"81,11 : 0.6395"
"11,82 : 0.4397"
"82,11 : 0.4397"
"11,83 : 0.3748"
"83,11 : 0.3748"
"11,84 : 0.8969"
"84,11 : 0.8969"
"11,85 : 0.4401"
"85,11 : 0.4401"
"11,86 : 0.72"
"86,11 : 0.72"
"11,87 : 0.5179"
"87,11 : 0.5179"
"11,88 : 0.7716"
"88,11 : 0.7716"
"11,89 : 0.845"
"89,11 : 0.845"
"11,90 : 0.5738"
"90,11 : 0.5738"
"11,91 : 0.6042"
"91,11 : 0.6042"
"11,92 : 0.7278"
"92,11 : 0.7278"
"11,93 : 0.53"
"93,11 : 0.53"
"11,94 : 0.2402"
"94,11 : 0.2402"
"11,95 : 0.5991"
"95,11 : 0.5991"
"11,96 : 0.5116"
"96,11 : 0.5116"
"11,97 : 0.7343"
"97,11 : 0.7343"
"11,98 : 0.7441"
"98,11 : 0.7441"
"11,99 : 0.1432"
"99,11 : 0.1432"
"12,13 : 0.483"
"13,12 : 0.483"
"12,14 : 0.3764"
"14,12 : 0.3764"
"12,15 : 0.4982"
"15,12 : 0.4982"
"12,16 : 0.3992"
"16,12 : 0.3992"
"12,17 : 0.0906"
"17,12 : 0.0906"
"12,18 : 0.3801"
"18,12 : 0.3801"
"12,19 : 0.39"
"19,12 : 0.39"
"12,20 : 0.4115"
"20,12 : 0.4115"
"12,21 : 0.577"
"21,12 : 0.577"
"12,22 : 0.6042"
"22,12 : 0.6042"
"12,23 : 0.568"
"23,12 : 0.568"
"12,24 : 0.2816"
"24,12 : 0.2816"
"12,25 : 0.1746"
"25,12 : 0.1746"
"12,26 : 0.7513"
"26,12 : 0.7513"
"12,27 : 0.3622"
"27,12 : 0.3622"
"12,28 : 0.2832"
"28,12 : 0.2832"
"12,29 : 0.4713"
"29,12 : 0.4713"
"12,30 : 0.6297"
"30,12 : 0.6297"
"12,31 : 0.522"
"31,12 : 0.522"
"12,32 : 0.472"
"32,12 : 0.472"
"12,33 : 0.5404"
"33,12 : 0.5404"
"12,34 : 0.9021"
"34,12 : 0.9021"
"12,35 : 0.7004"
"35,12 : 0.7004"
"12,36 : 0.3722"
"36,12 : 0.3722"
"12,37 : 0.3231"
"37,12 : 0.3231"
"12,38 : 0.4478"
"38,12 : 0.4478"
"12,39 : 0.1749"
"39,12 : 0.1749"
"12,40 : 0.8819"
"40,12 : 0.8819"
"12,41 : 0.53"
"41,12 : 0.53"
"12,42 : 0.3828"
"42,12 : 0.3828"
"12,43 : 0.4743"
"43,12 : 0.4743"
"12,44 : 0.7357"
"44,12 : 0.7357"
"12,45 : 0.4742"
"45,12 : 0.4742"
"12,46 : 0.632"
"46,12 : 0.632"
"12,47 : 0.2417"
"47,12 : 0.2417"
"12,48 : 0.578"
"48,12 : 0.578"
"12,49 : 0.3569"
"49,12 : 0.3569"
"12,50 : 0.7892"
"50,12 : 0.7892"
"12,51 : 0.8249"
"51,12 : 0.8249"
"12,52 : 0.2236"
"52,12 : 0.2236"
"12,53 : 0.4101"
"53,12 : 0.4101"
"12,54 : 0.5533"
"54,12 : 0.5533"
"12,55 : 0.6248"
"55,12 : 0.6248"
"12,56 : 0.4123"
"56,12 : 0.4123"
"12,57 : 0.1442"
"57,12 : 0.1442"
"12,58 : 0.3036"
"58,12 : 0.3036"
"12,59 : 0.7335"
"59,12 : 0.7335"
"12,60 : 0.7218"
"60,12 : 0.7218"
"12,61 : 0.858"
"61,12 : 0.858"
"12,62 : 0.3467"
"62,12 : 0.3467"
"12,63 : 0.5394"
"63,12 : 0.5394"
"12,64 : 0.5841"
"64,12 : 0.5841"
"12,65 : 0.478"
"65,12 : 0.478"
"12,66 : 0.2119"
"66,12 : 0.2119"
"12,67 : 0.7718"
"67,12 : 0.7718"
"12,68 : 0.3081"
"68,12 : 0.3081"
"12,69 : 0.2608"
"69,12 : 0.2608"
"12,70 : 0.1709"
"70,12 : 0.1709"
"12,71 : 0.4903"
"71,12 : 0.4903"
"12,72 : 0.6185"
"72,12 : 0.6185"
"12,73 : 0.8319"
"73,12 : 0.8319"
"12,74 : 0.2126"
"74,12 : 0.2126"
"12,75 : 0.5449"
"75,12 : 0.5449"
"12,76 : 0.522"
"76,12 : 0.522"
"12,77 : 0.5517"
"77,12 : 0.5517"
"12,78 : 0.68"
"78,12 : 0.68"
"12,79 : 0.7642"
"79,12 : 0.7642"
"12,80 : 0.264"
"80,12 : 0.264"
"12,81 : 0.6313"
"81,12 : 0.6313"
"12,82 : 0.4738"
"82,12 : 0.4738"
"12,83 : 0.1992"
"83,12 : 0.1992"
"12,84 : 0.763"
"84,12 : 0.763"
"12,85 : 0.2247"
"85,12 : 0.2247"
"12,86 : 0.6705"
"86,12 : 0.6705"
"12,87 : 0.3536"
"87,12 : 0.3536"
"12,88 : 0.5852"
"88,12 : 0.5852"
"12,89 : 0.717"
"89,12 : 0.717"
"12,90 : 0.3936"
"90,12 : 0.3936"
"12,91 : 0.6507"
"91,12 : 0.6507"
"12,92 : 0.7256"
"92,12 : 0.7256"
"12,93 : 0.6061"
"93,12 : 0.6061"
"12,94 : 0.4455"
"94,12 : 0.4455"
"12,95 : 0.6762"
"95,12 : 0.6762"
"12,96 : 0.3324"
"96,12 : 0.3324"
"12,97 : 0.792"
"97,12 : 0.792"
"12,98 : 0.5456"
"98,12 : 0.5456"
"12,99 : 0.1487"
"99,12 : 0.1487"
"13,14 : 0.2025"
"14,13 : 0.2025"
"13,15 : 0.2081"
"15,13 : 0.2081"
"13,16 : 0.3748"
"16,13 : 0.3748"
"13,17 : 0.5608"
"17,13 : 0.5608"
"13,18 : 0.842"
"18,13 : 0.842"
"13,19 : 0.3766"
"19,13 : 0.3766"
"13,20 : 0.8944"
"20,13 : 0.8944"
"13,21 : 0.7432"
"21,13 : 0.7432"
"13,22 : 0.1237"
"22,13 : 0.1237"
"13,23 : 0.7393"
"23,13 : 0.7393"
"13,24 : 0.5124"
"24,13 : 0.5124"
