x,y
0.02,0.38
0.7,0.52
0.71,0.62
0.34,0.82
0.83,0.55
0.84,0.01
0.51,0.84
0.37,0.61
0.84,0.24
0.03,0.63
0.71,0.87
0.84,0.5
0.58,0.04
0.62,0.53
0.2,0.4
0.78,0.6
0.01,0.55
0.34,0.14
0.15,0.11
0.16,0.04
0.62,0.09
0.62,0.74
0.19,0.09
0.33,0.55
0.8,0.58
0.82,0.28
0.53,0.96
0.91,0.75
0.8,0.35
0.43,0.02
0.46,0.74
0.87,0.25
0.86,0.38
0.42,0.51
0.15,0.5
0.87,0.53
0.82,0.94
0.47,0.78
0.46,0.2
0.39,0.27
0.61,0.7
0.98,0.12
0.02,0.14
0.46,0.82
0.47,0.85
0.56,0.49
0.95,0.8
0.84,0.77
0.54,0.2
0.04,0.05
0.62,0.98
0.12,0.55
0.43,0.1
0.22,0.65
0.46,0.47
0.97,0.27
0.8,0.4
0.08,0.13
0.07,0.94
0.75,0.55
0.28,0.34
0.84,0.67
0.05,0.47
0.5,0.12
0.76,0.88
0.14,0.46
0.29,0.29
0.33,0.65
0.01,0.92
0.91,0.3
0.99,0.44
0.24,0.3
0.14,0.43
0.31,0.87
0.77,0.96
0.42,0.52
0.46,0.96
0.15,0.34
0.25,0.71
0.72,0.72
0.55,0.98
0.78,0.03
0.88,0.44
0.18,0.36
0.42,0.83
0.01,0.67
0.26,0.44
0.96,0.44
0.7,0.77
0.27,0.53
0.12,0.66
0.67,0.83
0.41,0.2
0.41,0.34
0.73,0.58
0.9,0.7
0.92,0.52
0.07,0.12
0.97,0.36
0.38,0.05

Distanze
"0,1 : 0.6943"
"1,0 : 0.6943"
"0,2 : 0.7305"
"2,0 : 0.7305"
"0,3 : 0.5441"
"3,0 : 0.5441"
"0,4 : 0.8276"
"4,0 : 0.8276"
"0,5 : 0.8996"
"5,0 : 0.8996"
"0,6 : 0.6721"
"6,0 : 0.6721"
"0,7 : 0.4188"
"7,0 : 0.4188"
"0,8 : 0.8319"
"8,0 : 0.8319"
"0,9 : 0.2502"
"9,0 : 0.2502"
"0,10 : 0.8463"
"10,0 : 0.8463"
"0,11 : 0.8287"
"11,0 : 0.8287"
"0,12 : 0.6551"
"12,0 : 0.6551"
"0,13 : 0.6185"
"13,0 : 0.6185"
"0,14 : 0.1811"
"14,0 : 0.1811"
"0,15 : 0.7912"
"15,0 : 0.7912"
"0,16 : 0.1703"
"16,0 : 0.1703"
"0,17 : 0.4"
"17,0 : 0.4"
"0,18 : 0.2997"
"18,0 : 0.2997"
"0,19 : 0.3677"
"19,0 : 0.3677"
"0,20 : 0.6664"
"20,0 : 0.6664"
"0,21 : 0.6997"
"21,0 : 0.6997"
"0,22 : 0.3362"
"22,0 : 0.3362"
"0,23 : 0.3536"
"23,0 : 0.3536"
"0,24 : 0.8052"
"24,0 : 0.8052"
"0,25 : 0.8062"
"25,0 : 0.8062"
"0,26 : 0.7723"
"26,0 : 0.7723"
"0,27 : 0.9638"
"27,0 : 0.9638"
"0,28 : 0.7806"
"28,0 : 0.7806"
"0,29 : 0.5456"
"29,0 : 0.5456"
"0,30 : 0.5685"
"30,0 : 0.5685"
"0,31 : 0.8599"
"31,0 : 0.8599"
"0,32 : 0.84"
"32,0 : 0.84"
"0,33 : 0.4206"
"33,0 : 0.4206"
"0,34 : 0.1769"
"34,0 : 0.1769"
"0,35 : 0.8631"
"35,0 : 0.8631"
"0,36 : 0.9765"
"36,0 : 0.9765"
"0,37 : 0.6021"
"37,0 : 0.6021"
"0,38 : 0.4754"
"38,0 : 0.4754"
"0,39 : 0.386"
"39,0 : 0.386"
"0,40 : 0.6712"
"40,0 : 0.6712"
"0,41 : 0.9946"
"41,0 : 0.9946"
"0,42 : 0.24"
"42,0 : 0.24"
"0,43 : 0.6223"
"43,0 : 0.6223"
"0,44 : 0.6507"
"44,0 : 0.6507"
"0,45 : 0.5511"
"45,0 : 0.5511"
"0,46 : 1.0204"
"46,0 : 1.0204"
"0,47 : 0.908"
"47,0 : 0.908"
"0,48 : 0.5503"
"48,0 : 0.5503"
"0,49 : 0.3306"
"49,0 : 0.3306"
"0,50 : 0.8485"
"50,0 : 0.8485"
"0,51 : 0.1972"
"51,0 : 0.1972"
"0,52 : 0.4965"
"52,0 : 0.4965"
"0,53 : 0.336"
"53,0 : 0.336"
"0,54 : 0.4491"
"54,0 : 0.4491"
"0,55 : 0.9563"
"55,0 : 0.9563"
"0,56 : 0.7803"
"56,0 : 0.7803"
"0,57 : 0.2571"
"57,0 : 0.2571"
"0,58 : 0.5622"
"58,0 : 0.5622"
"0,59 : 0.7495"
"59,0 : 0.7495"
"0,60 : 0.2631"
"60,0 : 0.2631"
"0,61 : 0.8698"
"61,0 : 0.8698"
"0,62 : 0.0949"
"62,0 : 0.0949"
"0,63 : 0.5459"
"63,0 : 0.5459"
"0,64 : 0.8931"
"64,0 : 0.8931"
"0,65 : 0.1442"
"65,0 : 0.1442"
"0,66 : 0.2846"
"66,0 : 0.2846"
"0,67 : 0.4111"
"67,0 : 0.4111"
"0,68 : 0.5401"
"68,0 : 0.5401"
"0,69 : 0.8936"
"69,0 : 0.8936"
"0,70 : 0.9719"
"70,0 : 0.9719"
"0,71 : 0.2341"
"71,0 : 0.2341"
"0,72 : 0.13"
"72,0 : 0.13"
"0,73 : 0.5694"
"73,0 : 0.5694"
"0,74 : 0.9481"
"74,0 : 0.9481"
"0,75 : 0.4238"
"75,0 : 0.4238"
"0,76 : 0.728"
"76,0 : 0.728"
"0,77 : 0.136"
"77,0 : 0.136"
"0,78 : 0.4022"
"78,0 : 0.4022"
"0,79 : 0.7782"
"79,0 : 0.7782"
"0,80 : 0.8006"
"80,0 : 0.8006"
"0,81 : 0.8367"
"81,0 : 0.8367"
"0,82 : 0.8621"
"82,0 : 0.8621"
"0,83 : 0.1612"
"83,0 : 0.1612"
"0,84 : 0.6021"
"84,0 : 0.6021"
"0,85 : 0.2902"
"85,0 : 0.2902"
"0,86 : 0.2474"
"86,0 : 0.2474"
"0,87 : 0.9419"
"87,0 : 0.9419"
"0,88 : 0.7839"
"88,0 : 0.7839"
"0,89 : 0.2915"
"89,0 : 0.2915"
"0,90 : 0.2973"
"90,0 : 0.2973"
"0,91 : 0.7906"
"91,0 : 0.7906"
"0,92 : 0.4295"
"92,0 : 0.4295"
"0,93 : 0.392"
"93,0 : 0.392"
"0,94 : 0.7376"
"94,0 : 0.7376"
"0,95 : 0.9364"
"95,0 : 0.9364"
"0,96 : 0.9108"
"96,0 : 0.9108"
"0,97 : 0.2648"
"97,0 : 0.2648"
"0,98 : 0.9502"
"98,0 : 0.9502"
"0,99 : 0.4884"
"99,0 : 0.4884"
"1,2 : 0.1005"
"2,1 : 0.1005"
"1,3 : 0.4686"
"3,1 : 0.4686"
"1,4 : 0.1334"
"4,1 : 0.1334"
"1,5 : 0.5289"
"5,1 : 0.5289"
"1,6 : 0.3722"
"6,1 : 0.3722"
"1,7 : 0.3421"
"7,1 : 0.3421"
"1,8 : 0.313"
"8,1 : 0.313"
"1,9 : 0.679"
"9,1 : 0.679"
"1,10 : 0.3501"
"10,1 : 0.3501"
"1,11 : 0.1414"
"11,1 : 0.1414"
"1,12 : 0.4948"
"12,1 : 0.4948"
"1,13 : 0.0806"
"13,1 : 0.0806"
"1,14 : 0.5142"
"14,1 : 0.5142"
"1,15 : 0.1131"
"15,1 : 0.1131"
"1,16 : 0.6907"
"16,1 : 0.6907"
"1,17 : 0.5235"
"17,1 : 0.5235"
"1,18 : 0.686"
"18,1 : 0.686"
"1,19 : 0.7225"
"19,1 : 0.7225"
"1,20 : 0.4374"
"20,1 : 0.4374"
"1,21 : 0.2341"
"21,1 : 0.2341"
"1,22 : 0.6671"
"22,1 : 0.6671"
"1,23 : 0.3712"
"23,1 : 0.3712"
"1,24 : 0.1166"
"24,1 : 0.1166"
"1,25 : 0.2683"
"25,1 : 0.2683"
"1,26 : 0.4717"
"26,1 : 0.4717"
"1,27 : 0.3114"
"27,1 : 0.3114"
"1,28 : 0.1972"
"28,1 : 0.1972"
"1,29 : 0.5682"
"29,1 : 0.5682"
"1,30 : 0.3256"
"30,1 : 0.3256"
"1,31 : 0.3191"
"31,1 : 0.3191"
"1,32 : 0.2126"
"32,1 : 0.2126"
"1,33 : 0.2802"
"33,1 : 0.2802"
"1,34 : 0.5504"
"34,1 : 0.5504"
"1,35 : 0.1703"
"35,1 : 0.1703"
"1,36 : 0.4368"
"36,1 : 0.4368"
"1,37 : 0.3471"
"37,1 : 0.3471"
"1,38 : 0.4"
"38,1 : 0.4"
"1,39 : 0.3982"
"39,1 : 0.3982"
"1,40 : 0.2012"
"40,1 : 0.2012"
"1,41 : 0.4883"
"41,1 : 0.4883"
"1,42 : 0.779"
"42,1 : 0.779"
"1,43 : 0.3842"
"43,1 : 0.3842"
"1,44 : 0.4022"
"44,1 : 0.4022"
"1,45 : 0.1432"
"45,1 : 0.1432"
"1,46 : 0.3754"
"46,1 : 0.3754"
"1,47 : 0.2865"
"47,1 : 0.2865"
"1,48 : 0.3578"
"48,1 : 0.3578"
"1,49 : 0.8102"
"49,1 : 0.8102"
"1,50 : 0.4669"
"50,1 : 0.4669"
"1,51 : 0.5808"
"51,1 : 0.5808"
"1,52 : 0.4993"
"52,1 : 0.4993"
"1,53 : 0.4973"
"53,1 : 0.4973"
"1,54 : 0.2452"
"54,1 : 0.2452"
"1,55 : 0.368"
"55,1 : 0.368"
"1,56 : 0.1562"
"56,1 : 0.1562"
"1,57 : 0.7325"
"57,1 : 0.7325"
"1,58 : 0.7572"
"58,1 : 0.7572"
"1,59 : 0.0583"
"59,1 : 0.0583"
"1,60 : 0.4569"
"60,1 : 0.4569"
"1,61 : 0.2052"
"61,1 : 0.2052"
"1,62 : 0.6519"
"62,1 : 0.6519"
"1,63 : 0.4472"
"63,1 : 0.4472"
"1,64 : 0.365"
"64,1 : 0.365"
"1,65 : 0.5632"
"65,1 : 0.5632"
"1,66 : 0.4701"
"66,1 : 0.4701"
"1,67 : 0.3922"
"67,1 : 0.3922"
"1,68 : 0.7976"
"68,1 : 0.7976"
"1,69 : 0.3041"
"69,1 : 0.3041"
"1,70 : 0.3008"
"70,1 : 0.3008"
"1,71 : 0.5099"
"71,1 : 0.5099"
"1,72 : 0.5672"
"72,1 : 0.5672"
"1,73 : 0.524"
"73,1 : 0.524"
"1,74 : 0.4455"
"74,1 : 0.4455"
"1,75 : 0.28"
"75,1 : 0.28"
"1,76 : 0.5012"
"76,1 : 0.5012"
"1,77 : 0.5787"
"77,1 : 0.5787"
"1,78 : 0.4885"
"78,1 : 0.4885"
"1,79 : 0.201"
"79,1 : 0.201"
"1,80 : 0.4838"
"80,1 : 0.4838"
"1,81 : 0.4965"
"81,1 : 0.4965"
"1,82 : 0.197"
"82,1 : 0.197"
"1,83 : 0.5441"
"83,1 : 0.5441"
"1,84 : 0.4177"
"84,1 : 0.4177"
"1,85 : 0.7061"
"85,1 : 0.7061"
"1,86 : 0.4472"
"86,1 : 0.4472"
"1,87 : 0.272"
"87,1 : 0.272"
"1,88 : 0.25"
"88,1 : 0.25"
"1,89 : 0.4301"
"89,1 : 0.4301"
"1,90 : 0.5967"
"90,1 : 0.5967"
"1,91 : 0.3114"
"91,1 : 0.3114"
"1,92 : 0.4319"
"92,1 : 0.4319"
"1,93 : 0.3413"
"93,1 : 0.3413"
"1,94 : 0.0671"
"94,1 : 0.0671"
"1,95 : 0.2691"
"95,1 : 0.2691"
"1,96 : 0.22"
"96,1 : 0.22"
"1,97 : 0.7463"
"97,1 : 0.7463"
"1,98 : 0.3138"
"98,1 : 0.3138"
"1,99 : 0.5686"
"99,1 : 0.5686"
"2,3 : 0.4206"
"3,2 : 0.4206"
"2,4 : 0.1389"
"4,2 : 0.1389"
"2,5 : 0.6237"
"5,2 : 0.6237"
"2,6 : 0.2973"
"6,2 : 0.2973"
"2,7 : 0.3401"
"7,2 : 0.3401"
"2,8 : 0.4016"
"8,2 : 0.4016"
"2,9 : 0.6801"
"9,2 : 0.6801"
"2,10 : 0.25"
"10,2 : 0.25"
"2,11 : 0.1769"
"11,2 : 0.1769"
"2,12 : 0.5944"
"12,2 : 0.5944"
"2,13 : 0.1273"
"13,2 : 0.1273"
"2,14 : 0.5554"
"14,2 : 0.5554"
"2,15 : 0.0728"
"15,2 : 0.0728"
"2,16 : 0.7035"
"16,2 : 0.7035"
"2,17 : 0.6061"
"17,2 : 0.6061"
"2,18 : 0.7574"
"18,2 : 0.7574"
"2,19 : 0.7993"
"19,2 : 0.7993"
"2,20 : 0.5376"
"20,2 : 0.5376"
"2,21 : 0.15"
"21,2 : 0.15"
"2,22 : 0.7425"
"22,2 : 0.7425"
"2,23 : 0.3864"
"23,2 : 0.3864"
"2,24 : 0.0985"
"24,2 : 0.0985"
"2,25 : 0.3574"
"25,2 : 0.3574"
"2,26 : 0.3847"
"26,2 : 0.3847"
"2,27 : 0.2385"
"27,2 : 0.2385"
"2,28 : 0.2846"
"28,2 : 0.2846"
"2,29 : 0.6621"
"29,2 : 0.6621"
"2,30 : 0.2773"
"30,2 : 0.2773"
"2,31 : 0.4031"
"31,2 : 0.4031"
"2,32 : 0.283"
"32,2 : 0.283"
"2,33 : 0.3102"
"33,2 : 0.3102"
"2,34 : 0.5727"
"34,2 : 0.5727"
"2,35 : 0.1836"
"35,2 : 0.1836"
"2,36 : 0.3384"
"36,2 : 0.3384"
"2,37 : 0.2884"
"37,2 : 0.2884"
"2,38 : 0.4888"
"38,2 : 0.4888"
"2,39 : 0.4742"
"39,2 : 0.4742"
"2,40 : 0.1281"
"40,2 : 0.1281"
"2,41 : 0.5682"
"41,2 : 0.5682"
"2,42 : 0.8405"
"42,2 : 0.8405"
"2,43 : 0.3202"
"43,2 : 0.3202"
"2,44 : 0.3324"
"44,2 : 0.3324"
"2,45 : 0.1985"
"45,2 : 0.1985"
"2,46 : 0.3"
"46,2 : 0.3"
"2,47 : 0.1985"
"47,2 : 0.1985"
"2,48 : 0.4531"
"48,2 : 0.4531"
"2,49 : 0.8797"
"49,2 : 0.8797"
"2,50 : 0.3711"
"50,2 : 0.3711"
"2,51 : 0.5941"
"51,2 : 0.5941"
"2,52 : 0.5906"
"52,2 : 0.5906"
"2,53 : 0.4909"
"53,2 : 0.4909"
"2,54 : 0.2915"
"54,2 : 0.2915"
"2,55 : 0.436"
"55,2 : 0.436"
"2,56 : 0.2377"
"56,2 : 0.2377"
"2,57 : 0.7981"
"57,2 : 0.7981"
"2,58 : 0.7155"
"58,2 : 0.7155"
"2,59 : 0.0806"
"59,2 : 0.0806"
"2,60 : 0.5131"
"60,2 : 0.5131"
"2,61 : 0.1393"
"61,2 : 0.1393"
"2,62 : 0.6768"
"62,2 : 0.6768"
"2,63 : 0.5423"
"63,2 : 0.5423"
"2,64 : 0.2648"
"64,2 : 0.2648"
"2,65 : 0.592"
"65,2 : 0.592"
"2,66 : 0.5341"
"66,2 : 0.5341"
"2,67 : 0.3812"
"67,2 : 0.3812"
"2,68 : 0.7616"
"68,2 : 0.7616"
"2,69 : 0.3774"
"69,2 : 0.3774"
"2,70 : 0.3329"
"70,2 : 0.3329"
"2,71 : 0.5686"
"71,2 : 0.5686"
"2,72 : 0.6008"
"72,2 : 0.6008"
"2,73 : 0.4717"
"73,2 : 0.4717"
"2,74 : 0.3453"
"74,2 : 0.3453"
"2,75 : 0.3068"
"75,2 : 0.3068"
"2,76 : 0.422"
"76,2 : 0.422"
"2,77 : 0.6261"
"77,2 : 0.6261"
"2,78 : 0.4687"
"78,2 : 0.4687"
"2,79 : 0.1005"
"79,2 : 0.1005"
"2,80 : 0.394"
"80,2 : 0.394"
"2,81 : 0.5941"
"81,2 : 0.5941"
"2,82 : 0.2476"
"82,2 : 0.2476"
"2,83 : 0.5903"
"83,2 : 0.5903"
"2,84 : 0.3581"
"84,2 : 0.3581"
"2,85 : 0.7018"
"85,2 : 0.7018"
"2,86 : 0.4847"
"86,2 : 0.4847"
"2,87 : 0.3081"
"87,2 : 0.3081"
"2,88 : 0.1503"
"88,2 : 0.1503"
"2,89 : 0.4491"
"89,2 : 0.4491"
"2,90 : 0.5914"
"90,2 : 0.5914"
"2,91 : 0.2138"
"91,2 : 0.2138"
"2,92 : 0.5161"
"92,2 : 0.5161"
"2,93 : 0.4104"
"93,2 : 0.4104"
"2,94 : 0.0447"
"94,2 : 0.0447"
"2,95 : 0.2062"
"95,2 : 0.2062"
"2,96 : 0.2326"
"96,2 : 0.2326"
"2,97 : 0.8122"
"97,2 : 0.8122"
"2,98 : 0.3677"
"98,2 : 0.3677"
"2,99 : 0.6586"
"99,2 : 0.6586"
"3,4 : 0.5595"
"4,3 : 0.5595"
"3,5 : 0.9519"
"5,3 : 0.9519"
"3,6 : 0.1712"
"6,3 : 0.1712"
"3,7 : 0.2121"
"7,3 : 0.2121"
"3,8 : 0.7658"
"8,3 : 0.7658"
"3,9 : 0.3636"
"9,3 : 0.3636"
"3,10 : 0.3734"
"10,3 : 0.3734"
"3,11 : 0.5936"
"11,3 : 0.5936"
"3,12 : 0.8161"
"12,3 : 0.8161"
"3,13 : 0.4031"
"13,3 : 0.4031"
"3,14 : 0.4427"
"14,3 : 0.4427"
"3,15 : 0.4919"
"15,3 : 0.4919"
"3,16 : 0.4264"
"16,3 : 0.4264"
"3,17 : 0.68"
"17,3 : 0.68"
"3,18 : 0.735"
"18,3 : 0.735"
"3,19 : 0.8005"
"19,3 : 0.8005"
"3,20 : 0.7819"
"20,3 : 0.7819"
"3,21 : 0.2912"
"21,3 : 0.2912"
"3,22 : 0.7453"
"22,3 : 0.7453"
"3,23 : 0.2702"
"23,3 : 0.2702"
"3,24 : 0.5188"
"24,3 : 0.5188"
"3,25 : 0.7225"
"25,3 : 0.7225"
"3,26 : 0.236"
"26,3 : 0.236"
"3,27 : 0.5743"
"27,3 : 0.5743"
"3,28 : 0.6576"
"28,3 : 0.6576"
"3,29 : 0.805"
"29,3 : 0.805"
"3,30 : 0.1442"
"30,3 : 0.1442"
"3,31 : 0.7783"
"31,3 : 0.7783"
"3,32 : 0.6812"
"32,3 : 0.6812"
"3,33 : 0.3202"
"33,3 : 0.3202"
"3,34 : 0.3722"
"34,3 : 0.3722"
"3,35 : 0.6042"
"35,3 : 0.6042"
"3,36 : 0.4948"
"36,3 : 0.4948"
"3,37 : 0.136"
"37,3 : 0.136"
"3,38 : 0.6315"
"38,3 : 0.6315"
"3,39 : 0.5523"
"39,3 : 0.5523"
"3,40 : 0.2955"
"40,3 : 0.2955"
"3,41 : 0.9485"
"41,3 : 0.9485"
"3,42 : 0.7515"
"42,3 : 0.7515"
"3,43 : 0.12"
"43,3 : 0.12"
"3,44 : 0.1334"
"44,3 : 0.1334"
"3,45 : 0.3966"
"45,3 : 0.3966"
"3,46 : 0.6103"
"46,3 : 0.6103"
"3,47 : 0.5025"
"47,3 : 0.5025"
"3,48 : 0.6515"
"48,3 : 0.6515"
"3,49 : 0.8264"
"49,3 : 0.8264"
"3,50 : 0.3225"
"50,3 : 0.3225"
"3,51 : 0.3483"
"51,3 : 0.3483"
"3,52 : 0.7256"
"52,3 : 0.7256"
"3,53 : 0.2081"
"53,3 : 0.2081"
"3,54 : 0.37"
"54,3 : 0.37"
"3,55 : 0.8363"
"55,3 : 0.8363"
"3,56 : 0.6229"
"56,3 : 0.6229"
"3,57 : 0.7374"
"57,3 : 0.7374"
"3,58 : 0.2955"
"58,3 : 0.2955"
"3,59 : 0.4909"
"59,3 : 0.4909"
"3,60 : 0.4837"
"60,3 : 0.4837"
"3,61 : 0.522"
"61,3 : 0.522"
"3,62 : 0.4545"
"62,3 : 0.4545"
"3,63 : 0.7181"
"63,3 : 0.7181"
"3,64 : 0.4243"
"64,3 : 0.4243"
"3,65 : 0.4118"
"65,3 : 0.4118"
"3,66 : 0.5324"
"66,3 : 0.5324"
"3,67 : 0.1703"
"67,3 : 0.1703"
"3,68 : 0.3448"
"68,3 : 0.3448"
"3,69 : 0.7716"
"69,3 : 0.7716"
"3,70 : 0.7529"
"70,3 : 0.7529"
"3,71 : 0.5295"
"71,3 : 0.5295"
"3,72 : 0.4383"
"72,3 : 0.4383"
"3,73 : 0.0583"
"73,3 : 0.0583"
"3,74 : 0.4522"
"74,3 : 0.4522"
"3,75 : 0.3105"
"75,3 : 0.3105"
"3,76 : 0.1844"
"76,3 : 0.1844"
"3,77 : 0.5162"
"77,3 : 0.5162"
"3,78 : 0.1421"
"78,3 : 0.1421"
"3,79 : 0.3929"
"79,3 : 0.3929"
"3,80 : 0.264"
"80,3 : 0.264"
"3,81 : 0.9043"
"81,3 : 0.9043"
"3,82 : 0.6603"
"82,3 : 0.6603"
"3,83 : 0.487"
"83,3 : 0.487"
"3,84 : 0.0806"
"84,3 : 0.0806"
"3,85 : 0.3625"
"85,3 : 0.3625"
"3,86 : 0.3883"
"86,3 : 0.3883"
"3,87 : 0.7272"
"87,3 : 0.7272"
"3,88 : 0.3635"
"88,3 : 0.3635"
"3,89 : 0.2983"
"89,3 : 0.2983"
"3,90 : 0.272"
"90,3 : 0.272"
"3,91 : 0.3302"
"91,3 : 0.3302"
"3,92 : 0.6239"
"92,3 : 0.6239"
"3,93 : 0.4851"
"93,3 : 0.4851"
"3,94 : 0.4579"
"94,3 : 0.4579"
"3,95 : 0.5727"
"95,3 : 0.5727"
"3,96 : 0.653"
"96,3 : 0.653"
"3,97 : 0.7503"
"97,3 : 0.7503"
"3,98 : 0.7801"
"98,3 : 0.7801"
"3,99 : 0.771"
"99,3 : 0.771"
"4,5 : 0.5401"
"5,4 : 0.5401"
"4,6 : 0.4319"
"6,4 : 0.4319"
"4,7 : 0.4639"
"7,4 : 0.4639"
"4,8 : 0.3102"
"8,4 : 0.3102"
"4,9 : 0.804"
"9,4 : 0.804"
"4,10 : 0.3418"
"10,4 : 0.3418"
"4,11 : 0.051"
"11,4 : 0.051"
"4,12 : 0.568"
"12,4 : 0.568"
"4,13 : 0.211"
"13,4 : 0.211"
"4,14 : 0.6476"
"14,4 : 0.6476"
"4,15 : 0.0707"
"15,4 : 0.0707"
"4,16 : 0.82"
"16,4 : 0.82"
"4,17 : 0.6389"
"17,4 : 0.6389"
"4,18 : 0.8099"
"18,4 : 0.8099"
"4,19 : 0.842"
"19,4 : 0.842"
"4,20 : 0.5057"
"20,4 : 0.5057"
"4,21 : 0.2832"
"21,4 : 0.2832"
"4,22 : 0.7882"
"22,4 : 0.7882"
"4,23 : 0.5"
"23,4 : 0.5"
"4,24 : 0.0424"
"24,4 : 0.0424"
"4,25 : 0.2702"
"25,4 : 0.2702"
"4,26 : 0.508"
"26,4 : 0.508"
"4,27 : 0.2154"
"27,4 : 0.2154"
"4,28 : 0.2022"
"28,4 : 0.2022"
"4,29 : 0.664"
"29,4 : 0.664"
"4,30 : 0.4159"
"30,4 : 0.4159"
"4,31 : 0.3027"
"31,4 : 0.3027"
"4,32 : 0.1726"
"32,4 : 0.1726"
"4,33 : 0.4119"
"33,4 : 0.4119"
"4,34 : 0.6818"
"34,4 : 0.6818"
"4,35 : 0.0447"
"35,4 : 0.0447"
"4,36 : 0.3901"
"36,4 : 0.3901"
"4,37 : 0.4272"
"37,4 : 0.4272"
"4,38 : 0.5093"
"38,4 : 0.5093"
"4,39 : 0.5215"
"39,4 : 0.5215"
"4,40 : 0.2663"
"40,4 : 0.2663"
"4,41 : 0.4554"
"41,4 : 0.4554"
"4,42 : 0.9079"
"42,4 : 0.9079"
"4,43 : 0.458"
"43,4 : 0.458"
"4,44 : 0.4686"
"44,4 : 0.4686"
"4,45 : 0.2766"
"45,4 : 0.2766"
"4,46 : 0.2773"
"46,4 : 0.2773"
"4,47 : 0.2202"
"47,4 : 0.2202"
"4,48 : 0.4545"
"48,4 : 0.4545"
"4,49 : 0.9349"
"49,4 : 0.9349"
"4,50 : 0.4785"
"50,4 : 0.4785"
"4,51 : 0.71"
"51,4 : 0.71"
"4,52 : 0.6021"
"52,4 : 0.6021"
"4,53 : 0.6181"
"53,4 : 0.6181"
"4,54 : 0.3785"
"54,4 : 0.3785"
"4,55 : 0.313"
"55,4 : 0.313"
"4,56 : 0.153"
"56,4 : 0.153"
"4,57 : 0.8596"
"57,4 : 0.8596"
"4,58 : 0.8542"
"58,4 : 0.8542"
"4,59 : 0.08"
"59,4 : 0.08"
"4,60 : 0.5887"
"60,4 : 0.5887"
"4,61 : 0.1204"
"61,4 : 0.1204"
"4,62 : 0.7841"
"62,4 : 0.7841"
"4,63 : 0.542"
"63,4 : 0.542"
"4,64 : 0.3373"
"64,4 : 0.3373"
"4,65 : 0.6958"
"65,4 : 0.6958"
"4,66 : 0.5993"
"66,4 : 0.5993"
"4,67 : 0.5099"
"67,4 : 0.5099"
"4,68 : 0.8996"
"68,4 : 0.8996"
"4,69 : 0.2625"
"69,4 : 0.2625"
"4,70 : 0.1942"
"70,4 : 0.1942"
"4,71 : 0.6408"
"71,4 : 0.6408"
"4,72 : 0.7004"
"72,4 : 0.7004"
"4,73 : 0.6106"
"73,4 : 0.6106"
"4,74 : 0.4144"
"74,4 : 0.4144"
"4,75 : 0.4111"
"75,4 : 0.4111"
"4,76 : 0.5523"
"76,4 : 0.5523"
"4,77 : 0.7117"
"77,4 : 0.7117"
"4,78 : 0.6017"
"78,4 : 0.6017"
"4,79 : 0.2025"
"79,4 : 0.2025"
"4,80 : 0.5131"
"80,4 : 0.5131"
"4,81 : 0.5224"
"81,4 : 0.5224"
"4,82 : 0.1208"
"82,4 : 0.1208"
"4,83 : 0.6772"
"83,4 : 0.6772"
"4,84 : 0.4965"
"84,4 : 0.4965"
"4,85 : 0.8287"
"85,4 : 0.8287"
"4,86 : 0.5805"
"86,4 : 0.5805"
"4,87 : 0.1703"
"87,4 : 0.1703"
"4,88 : 0.2555"
"88,4 : 0.2555"
"4,89 : 0.5604"
"89,4 : 0.5604"
"4,90 : 0.7185"
"90,4 : 0.7185"
"4,91 : 0.3225"
"91,4 : 0.3225"
"4,92 : 0.5467"
"92,4 : 0.5467"
"4,93 : 0.4696"
"93,4 : 0.4696"
"4,94 : 0.1044"
"94,4 : 0.1044"
"4,95 : 0.1655"
"95,4 : 0.1655"
"4,96 : 0.0949"
"96,4 : 0.0949"
"4,97 : 0.8732"
"97,4 : 0.8732"
"4,98 : 0.236"
"98,4 : 0.236"
"4,99 : 0.6727"
"99,4 : 0.6727"
"5,6 : 0.8932"
"6,5 : 0.8932"
"5,7 : 0.7622"
"7,5 : 0.7622"
"5,8 : 0.23"
"8,5 : 0.23"
"5,9 : 1.02"
"9,5 : 1.02"
"5,10 : 0.8698"
"10,5 : 0.8698"
"5,11 : 0.49"
"11,5 : 0.49"
"5,12 : 0.2617"
"12,5 : 0.2617"
"5,13 : 0.5646"
"13,5 : 0.5646"
"5,14 : 0.7495"
"14,5 : 0.7495"
"5,15 : 0.593"
"15,5 : 0.593"
"5,16 : 0.9902"
"16,5 : 0.9902"
"5,17 : 0.5166"
"17,5 : 0.5166"
"5,18 : 0.6972"
"18,5 : 0.6972"
"5,19 : 0.6807"
"19,5 : 0.6807"
"5,20 : 0.2341"
"20,5 : 0.2341"
"5,21 : 0.7624"
"21,5 : 0.7624"
"5,22 : 0.6549"
"22,5 : 0.6549"
"5,23 : 0.7428"
"23,5 : 0.7428"
"5,24 : 0.5714"
"24,5 : 0.5714"
"5,25 : 0.2707"
"25,5 : 0.2707"
"5,26 : 0.9993"
"26,5 : 0.9993"
"5,27 : 0.7433"
"27,5 : 0.7433"
"5,28 : 0.3423"
"28,5 : 0.3423"
"5,29 : 0.4101"
"29,5 : 0.4101"
"5,30 : 0.823"
"30,5 : 0.823"
"5,31 : 0.2419"
"31,5 : 0.2419"
"5,32 : 0.3705"
"32,5 : 0.3705"
"5,33 : 0.653"
"33,5 : 0.653"
"5,34 : 0.8463"
"34,5 : 0.8463"
"5,35 : 0.5209"
"35,5 : 0.5209"
"5,36 : 0.9302"
"36,5 : 0.9302"
"5,37 : 0.8543"
"37,5 : 0.8543"
"5,38 : 0.4249"
"38,5 : 0.4249"
"5,39 : 0.5197"
"39,5 : 0.5197"
"5,40 : 0.7273"
"40,5 : 0.7273"
"5,41 : 0.178"
"41,5 : 0.178"
"5,42 : 0.8302"
"42,5 : 0.8302"
"5,43 : 0.8947"
"43,5 : 0.8947"
"5,44 : 0.9179"
"44,5 : 0.9179"
"5,45 : 0.5557"
"45,5 : 0.5557"
"5,46 : 0.7976"
"46,5 : 0.7976"
"5,47 : 0.76"
"47,5 : 0.76"
"5,48 : 0.3551"
"48,5 : 0.3551"
"5,49 : 0.801"
"49,5 : 0.801"
"5,50 : 0.9946"
"50,5 : 0.9946"
"5,51 : 0.9"
"51,5 : 0.9"
"5,52 : 0.4198"
"52,5 : 0.4198"
"5,53 : 0.8911"
"53,5 : 0.8911"
"5,54 : 0.5967"
"54,5 : 0.5967"
"5,55 : 0.2907"
"55,5 : 0.2907"
"5,56 : 0.392"
"56,5 : 0.392"
"5,57 : 0.7694"
"57,5 : 0.7694"
"5,58 : 1.2074"
"58,5 : 1.2074"
"5,59 : 0.5474"
"59,5 : 0.5474"
"5,60 : 0.65"
"60,5 : 0.65"
"5,61 : 0.66"
"61,5 : 0.66"
"5,62 : 0.9142"
"62,5 : 0.9142"
"5,63 : 0.3574"
"63,5 : 0.3574"
"5,64 : 0.8737"
"64,5 : 0.8737"
"5,65 : 0.8322"
"65,5 : 0.8322"
"5,66 : 0.6172"
"66,5 : 0.6172"
"5,67 : 0.8184"
"67,5 : 0.8184"
"5,68 : 1.2317"
"68,5 : 1.2317"
"5,69 : 0.2983"
"69,5 : 0.2983"
"5,70 : 0.4554"
"70,5 : 0.4554"
"5,71 : 0.6664"
"71,5 : 0.6664"
"5,72 : 0.8163"
"72,5 : 0.8163"
"5,73 : 1.0102"
"73,5 : 1.0102"
"5,74 : 0.9526"
"74,5 : 0.9526"
"5,75 : 0.6607"
"75,5 : 0.6607"
"5,76 : 1.0232"
"76,5 : 1.0232"
"5,77 : 0.7649"
"77,5 : 0.7649"
"5,78 : 0.9155"
"78,5 : 0.9155"
"5,79 : 0.7201"
"79,5 : 0.7201"
"5,80 : 1.0124"
"80,5 : 1.0124"
"5,81 : 0.0632"
"81,5 : 0.0632"
"5,82 : 0.4319"
"82,5 : 0.4319"
"5,83 : 0.7471"
"83,5 : 0.7471"
"5,84 : 0.9213"
"84,5 : 0.9213"
"5,85 : 1.0604"
"85,5 : 1.0604"
"5,86 : 0.722"
"86,5 : 0.722"
"5,87 : 0.4464"
"87,5 : 0.4464"
"5,88 : 0.7728"
"88,5 : 0.7728"
"5,89 : 0.7716"
"89,5 : 0.7716"
"5,90 : 0.97"
"90,5 : 0.97"
"5,91 : 0.8374"
"91,5 : 0.8374"
"5,92 : 0.4701"
"92,5 : 0.4701"
"5,93 : 0.542"
"93,5 : 0.542"
"5,94 : 0.5805"
"94,5 : 0.5805"
"5,95 : 0.6926"
"95,5 : 0.6926"
"5,96 : 0.5162"
"96,5 : 0.5162"
"5,97 : 0.7778"
"97,5 : 0.7778"
"5,98 : 0.3734"
"98,5 : 0.3734"
"5,99 : 0.4617"
"99,5 : 0.4617"
"6,7 : 0.2693"
"7,6 : 0.2693"
"6,8 : 0.6848"
"8,6 : 0.6848"
"6,9 : 0.5239"
"9,6 : 0.5239"
"6,10 : 0.2022"
"10,6 : 0.2022"
"6,11 : 0.4738"
"11,6 : 0.4738"
"6,12 : 0.8031"
"12,6 : 0.8031"
"6,13 : 0.3289"
"13,6 : 0.3289"
"6,14 : 0.5382"
"14,6 : 0.5382"
"6,15 : 0.3612"
"15,6 : 0.3612"
"6,16 : 0.578"
"16,6 : 0.578"
"6,17 : 0.7203"
"17,6 : 0.7203"
"6,18 : 0.8139"
"18,6 : 0.8139"
"6,19 : 0.8732"
"19,6 : 0.8732"
"6,20 : 0.758"
"20,6 : 0.758"
"6,21 : 0.1487"
"21,6 : 0.1487"
"6,22 : 0.8154"
"22,6 : 0.8154"
"6,23 : 0.3413"
"23,6 : 0.3413"
"6,24 : 0.3895"
"24,6 : 0.3895"
"6,25 : 0.6401"
"25,6 : 0.6401"
"6,26 : 0.1217"
"26,6 : 0.1217"
"6,27 : 0.41"
"27,6 : 0.41"
"6,28 : 0.5694"
"28,6 : 0.5694"
"6,29 : 0.8239"
"29,6 : 0.8239"
"6,30 : 0.1118"
"30,6 : 0.1118"
"6,31 : 0.6912"
"31,6 : 0.6912"
"6,32 : 0.578"
"32,6 : 0.578"
"6,33 : 0.3421"
"33,6 : 0.3421"
"6,34 : 0.4952"
"34,6 : 0.4952"
"6,35 : 0.4751"
"35,6 : 0.4751"
"6,36 : 0.3257"
"36,6 : 0.3257"
"6,37 : 0.0721"
"37,6 : 0.0721"
"6,38 : 0.642"
"38,6 : 0.642"
"6,39 : 0.5825"
"39,6 : 0.5825"
"6,40 : 0.172"
"40,6 : 0.172"
"6,41 : 0.8598"
"41,6 : 0.8598"
"6,42 : 0.8545"
"42,6 : 0.8545"
"6,43 : 0.0539"
"43,6 : 0.0539"
"6,44 : 0.0412"
"44,6 : 0.0412"
"6,45 : 0.3536"
"45,6 : 0.3536"
"6,46 : 0.4418"
"46,6 : 0.4418"
"6,47 : 0.3373"
"47,6 : 0.3373"
"6,48 : 0.6407"
"48,6 : 0.6407"
"6,49 : 0.9192"
"49,6 : 0.9192"
"6,50 : 0.178"
"50,6 : 0.178"
"6,51 : 0.486"
"51,6 : 0.486"
"6,52 : 0.7443"
"52,6 : 0.7443"
"6,53 : 0.3467"
"53,6 : 0.3467"
"6,54 : 0.3734"
"54,6 : 0.3734"
"6,55 : 0.7325"
"55,6 : 0.7325"
"6,56 : 0.527"
"56,6 : 0.527"
"6,57 : 0.8301"
"57,6 : 0.8301"
"6,58 : 0.4512"
"58,6 : 0.4512"
"6,59 : 0.3764"
"59,6 : 0.3764"
"6,60 : 0.5504"
"60,6 : 0.5504"
"6,61 : 0.3712"
"61,6 : 0.3712"
"6,62 : 0.5903"
"62,6 : 0.5903"
"6,63 : 0.7201"
"63,6 : 0.7201"
"6,64 : 0.2532"
"64,6 : 0.2532"
"6,65 : 0.5304"
"65,6 : 0.5304"
"6,66 : 0.5924"
"66,6 : 0.5924"
"6,67 : 0.2617"
"67,6 : 0.2617"
"6,68 : 0.5064"
"68,6 : 0.5064"
"6,69 : 0.672"
"69,6 : 0.672"
"6,70 : 0.6248"
"70,6 : 0.6248"
"6,71 : 0.6037"
"71,6 : 0.6037"
"6,72 : 0.5523"
"72,6 : 0.5523"
"6,73 : 0.2022"
"73,6 : 0.2022"
"6,74 : 0.2864"
"74,6 : 0.2864"
"6,75 : 0.3324"
"75,6 : 0.3324"
"6,76 : 0.13"
"76,6 : 0.13"
"6,77 : 0.6161"
"77,6 : 0.6161"
"6,78 : 0.2907"
"78,6 : 0.2907"
"6,79 : 0.2419"
"79,6 : 0.2419"
"6,80 : 0.1456"
"80,6 : 0.1456"
"6,81 : 0.8538"
"81,6 : 0.8538"
"6,82 : 0.5449"
"82,6 : 0.5449"
"6,83 : 0.5825"
"83,6 : 0.5825"
"6,84 : 0.0906"
"84,6 : 0.0906"
"6,85 : 0.5281"
"85,6 : 0.5281"
"6,86 : 0.4717"
"86,6 : 0.4717"
"6,87 : 0.6021"
"87,6 : 0.6021"
"6,88 : 0.2025"
"88,6 : 0.2025"
"6,89 : 0.392"
"89,6 : 0.392"
"6,90 : 0.4295"
"90,6 : 0.4295"
"6,91 : 0.1603"
"91,6 : 0.1603"
"6,92 : 0.6478"
"92,6 : 0.6478"
"6,93 : 0.5099"
"93,6 : 0.5099"
"6,94 : 0.3406"
"94,6 : 0.3406"
"6,95 : 0.4144"
"95,6 : 0.4144"
"6,96 : 0.5201"
"96,6 : 0.5201"
"6,97 : 0.8438"
"97,6 : 0.8438"
"6,98 : 0.6648"
"98,6 : 0.6648"
"6,99 : 0.8006"
"99,6 : 0.8006"
"7,8 : 0.5982"
"8,7 : 0.5982"
"7,9 : 0.3406"
"9,7 : 0.3406"
"7,10 : 0.428"
"10,7 : 0.428"
"7,11 : 0.4827"
"11,7 : 0.4827"
"7,12 : 0.6075"
"12,7 : 0.6075"
"7,13 : 0.2625"
"13,7 : 0.2625"
"7,14 : 0.2702"
"14,7 : 0.2702"
"7,15 : 0.4101"
"15,7 : 0.4101"
"7,16 : 0.365"
"16,7 : 0.365"
"7,17 : 0.471"
"17,7 : 0.471"
"7,18 : 0.5463"
"18,7 : 0.5463"
"7,19 : 0.6075"
"19,7 : 0.6075"
"7,20 : 0.577"
"20,7 : 0.577"
"7,21 : 0.2818"
"21,7 : 0.2818"
"7,22 : 0.5503"
"22,7 : 0.5503"
"7,23 : 0.0721"
"23,7 : 0.0721"
"7,24 : 0.431"
"24,7 : 0.431"
"7,25 : 0.558"
"25,7 : 0.558"
"7,26 : 0.3848"
"26,7 : 0.3848"
"7,27 : 0.5579"
"27,7 : 0.5579"
"7,28 : 0.5025"
"28,7 : 0.5025"
"7,29 : 0.593"
"29,7 : 0.593"
"7,30 : 0.1581"
"30,7 : 0.1581"
"7,31 : 0.6161"
"31,7 : 0.6161"
"7,32 : 0.5413"
"32,7 : 0.5413"
"7,33 : 0.1118"
"33,7 : 0.1118"
"7,34 : 0.246"
"34,7 : 0.246"
"7,35 : 0.5064"
"35,7 : 0.5064"
"7,36 : 0.558"
"36,7 : 0.558"
"7,37 : 0.1972"
"37,7 : 0.1972"
"7,38 : 0.4198"
"38,7 : 0.4198"
"7,39 : 0.3406"
"39,7 : 0.3406"
"7,40 : 0.2563"
"40,7 : 0.2563"
"7,41 : 0.7824"
"41,7 : 0.7824"
"7,42 : 0.586"
"42,7 : 0.586"
"7,43 : 0.2285"
"43,7 : 0.2285"
"7,44 : 0.26"
"44,7 : 0.26"
"7,45 : 0.2247"
"45,7 : 0.2247"
"7,46 : 0.6103"
"46,7 : 0.6103"
"7,47 : 0.4965"
"47,7 : 0.4965"
"7,48 : 0.4438"
"48,7 : 0.4438"
"7,49 : 0.65"
"49,7 : 0.65"
"7,50 : 0.4465"
"50,7 : 0.4465"
"7,51 : 0.2571"
"51,7 : 0.2571"
"7,52 : 0.5135"
"52,7 : 0.5135"
"7,53 : 0.1552"
"53,7 : 0.1552"
"7,54 : 0.1664"
"54,7 : 0.1664"
"7,55 : 0.6896"
"55,7 : 0.6896"
"7,56 : 0.4785"
"56,7 : 0.4785"
"7,57 : 0.5608"
"57,7 : 0.5608"
"7,58 : 0.446"
"58,7 : 0.446"
"7,59 : 0.3847"
"59,7 : 0.3847"
"7,60 : 0.2846"
"60,7 : 0.2846"
"7,61 : 0.4738"
"61,7 : 0.4738"
"7,62 : 0.3493"
"62,7 : 0.3493"
"7,63 : 0.507"
"63,7 : 0.507"
"7,64 : 0.4743"
"64,7 : 0.4743"
"7,65 : 0.2746"
"65,7 : 0.2746"
"7,66 : 0.3298"
"66,7 : 0.3298"
"7,67 : 0.0566"
"67,7 : 0.0566"
"7,68 : 0.4751"
"68,7 : 0.4751"
"7,69 : 0.6227"
"69,7 : 0.6227"
"7,70 : 0.6429"
"70,7 : 0.6429"
"7,71 : 0.3362"
"71,7 : 0.3362"
"7,72 : 0.2921"
"72,7 : 0.2921"
"7,73 : 0.2668"
"73,7 : 0.2668"
"7,74 : 0.5315"
"74,7 : 0.5315"
"7,75 : 0.103"
"75,7 : 0.103"
"7,76 : 0.3614"
"76,7 : 0.3614"
"7,77 : 0.3483"
"77,7 : 0.3483"
"7,78 : 0.1562"
"78,7 : 0.1562"
"7,79 : 0.3669"
"79,7 : 0.3669"
"7,80 : 0.4115"
"80,7 : 0.4115"
"7,81 : 0.7103"
"81,7 : 0.7103"
"7,82 : 0.5376"
"82,7 : 0.5376"
"7,83 : 0.314"
"83,7 : 0.314"
"7,84 : 0.2256"
"84,7 : 0.2256"
"7,85 : 0.365"
"85,7 : 0.365"
"7,86 : 0.2025"
"86,7 : 0.2025"
"7,87 : 0.614"
"87,7 : 0.614"
"7,88 : 0.3667"
"88,7 : 0.3667"
"7,89 : 0.1281"
"89,7 : 0.1281"
"7,90 : 0.255"
"90,7 : 0.255"
"7,91 : 0.372"
"91,7 : 0.372"
"7,92 : 0.4119"
"92,7 : 0.4119"
"7,93 : 0.2729"
"93,7 : 0.2729"
"7,94 : 0.3612"
"94,7 : 0.3612"
"7,95 : 0.5376"
"95,7 : 0.5376"
"7,96 : 0.5573"
"96,7 : 0.5573"
"7,97 : 0.5745"
"97,7 : 0.5745"
"7,98 : 0.65"
"98,7 : 0.65"
"7,99 : 0.5601"
"99,7 : 0.5601"
"8,9 : 0.899"
"9,8 : 0.899"
"8,10 : 0.6433"
"10,8 : 0.6433"
"8,11 : 0.26"
"11,8 : 0.26"
"8,12 : 0.328"
"12,8 : 0.328"
"8,13 : 0.364"
"13,8 : 0.364"
"8,14 : 0.6597"
"14,8 : 0.6597"
"8,15 : 0.365"
"15,8 : 0.365"
"8,16 : 0.886"
"16,8 : 0.886"
"8,17 : 0.5099"
"17,8 : 0.5099"
"8,18 : 0.7021"
"18,8 : 0.7021"
"8,19 : 0.7088"
"19,8 : 0.7088"
"8,20 : 0.2663"
"20,8 : 0.2663"
"8,21 : 0.5463"
"21,8 : 0.5463"
"8,22 : 0.6671"
"22,8 : 0.6671"
"8,23 : 0.5968"
"23,8 : 0.5968"
"8,24 : 0.3423"
"24,8 : 0.3423"
"8,25 : 0.0447"
"25,8 : 0.0447"
"8,26 : 0.7839"
"26,8 : 0.7839"
"8,27 : 0.5148"
"27,8 : 0.5148"
"8,28 : 0.117"
"28,8 : 0.117"
"8,29 : 0.4653"
"29,8 : 0.4653"
"8,30 : 0.628"
"30,8 : 0.628"
"8,31 : 0.0316"
"31,8 : 0.0316"
"8,32 : 0.1414"
"32,8 : 0.1414"
"8,33 : 0.4993"
"33,8 : 0.4993"
"8,34 : 0.7374"
"34,8 : 0.7374"
"8,35 : 0.2915"
"35,8 : 0.2915"
"8,36 : 0.7003"
"36,8 : 0.7003"
"8,37 : 0.6546"
"37,8 : 0.6546"
"8,38 : 0.3821"
"38,8 : 0.3821"
"8,39 : 0.451"
"39,8 : 0.451"
"8,40 : 0.5143"
"40,8 : 0.5143"
"8,41 : 0.1844"
"41,8 : 0.1844"
"8,42 : 0.8261"
"42,8 : 0.8261"
"8,43 : 0.6934"
"43,8 : 0.6934"
"8,44 : 0.7134"
"44,8 : 0.7134"
"8,45 : 0.3754"
"45,8 : 0.3754"
"8,46 : 0.5707"
"46,8 : 0.5707"
"8,47 : 0.53"
"47,8 : 0.53"
"8,48 : 0.3027"
"48,8 : 0.3027"
"8,49 : 0.8223"
"49,8 : 0.8223"
"8,50 : 0.772"
"50,8 : 0.772"
"8,51 : 0.7839"
"51,8 : 0.7839"
"8,52 : 0.4332"
"52,8 : 0.4332"
"8,53 : 0.7433"
"53,8 : 0.7433"
"8,54 : 0.4442"
"54,8 : 0.4442"
"8,55 : 0.1334"
"55,8 : 0.1334"
"8,56 : 0.1649"
"56,8 : 0.1649"
"8,57 : 0.7679"
"57,8 : 0.7679"
"8,58 : 1.0406"
"58,8 : 1.0406"
"8,59 : 0.3228"
"59,8 : 0.3228"
"8,60 : 0.5689"
"60,8 : 0.5689"
"8,61 : 0.43"
"61,8 : 0.43"
"8,62 : 0.8228"
"62,8 : 0.8228"
"8,63 : 0.3606"
"63,8 : 0.3606"
"8,64 : 0.645"
"64,8 : 0.645"
"8,65 : 0.7338"
"65,8 : 0.7338"
"8,66 : 0.5523"
"66,8 : 0.5523"
"8,67 : 0.6544"
"67,8 : 0.6544"
"8,68 : 1.073"
"68,8 : 1.073"
"8,69 : 0.0922"
"69,8 : 0.0922"
"8,70 : 0.25"
"70,8 : 0.25"
"8,71 : 0.603"
"71,8 : 0.603"
"8,72 : 0.7253"
"72,8 : 0.7253"
"8,73 : 0.8233"
"73,8 : 0.8233"
"8,74 : 0.7234"
"74,8 : 0.7234"
"8,75 : 0.5048"
"75,8 : 0.5048"
"8,76 : 0.8141"
"76,8 : 0.8141"
"8,77 : 0.6972"
"77,8 : 0.6972"
"8,78 : 0.7543"
"78,8 : 0.7543"
"8,79 : 0.4948"
"79,8 : 0.4948"
"8,80 : 0.7948"
"80,8 : 0.7948"
"8,81 : 0.2184"
"81,8 : 0.2184"
"8,82 : 0.204"
"82,8 : 0.204"
"8,83 : 0.6708"
"83,8 : 0.6708"
"8,84 : 0.7242"
"84,8 : 0.7242"
"8,85 : 0.9348"
"85,8 : 0.9348"
"8,86 : 0.6135"
"86,8 : 0.6135"
"8,87 : 0.2332"
"87,8 : 0.2332"
"8,88 : 0.5482"
"88,8 : 0.5482"
"8,89 : 0.6395"
"89,8 : 0.6395"
"8,90 : 0.8335"
"90,8 : 0.8335"
"8,91 : 0.614"
"91,8 : 0.614"
"8,92 : 0.4319"
"92,8 : 0.4319"
"8,93 : 0.4415"
"93,8 : 0.4415"
"8,94 : 0.3574"
"94,8 : 0.3574"
"8,95 : 0.4639"
"95,8 : 0.4639"
"8,96 : 0.2912"
"96,8 : 0.2912"
"8,97 : 0.7793"
"97,8 : 0.7793"
"8,98 : 0.1769"
"98,8 : 0.1769"
"8,99 : 0.4977"
"99,8 : 0.4977"
"9,10 : 0.7211"
"10,9 : 0.7211"
"9,11 : 0.8204"
"11,9 : 0.8204"
"9,12 : 0.8066"
"12,9 : 0.8066"
"9,13 : 0.5984"
"13,9 : 0.5984"
"9,14 : 0.286"
"14,9 : 0.286"
"9,15 : 0.7506"
"15,9 : 0.7506"
"9,16 : 0.0825"
"16,9 : 0.0825"
"9,17 : 0.5798"
"17,9 : 0.5798"
"9,18 : 0.5337"
"18,9 : 0.5337"
"9,19 : 0.6042"
"19,9 : 0.6042"
"9,20 : 0.7998"
"20,9 : 0.7998"
"9,21 : 0.6002"
"21,9 : 0.6002"
"9,22 : 0.5632"
"22,9 : 0.5632"
"9,23 : 0.3105"
"23,9 : 0.3105"
"9,24 : 0.7716"
"24,9 : 0.7716"
"9,25 : 0.8641"
"25,9 : 0.8641"
"9,26 : 0.5991"
"26,9 : 0.5991"
"9,27 : 0.8881"
"27,9 : 0.8881"
"9,28 : 0.8193"
"28,9 : 0.8193"
"9,29 : 0.7295"
"29,9 : 0.7295"
"9,30 : 0.4438"
"30,9 : 0.4438"
"9,31 : 0.922"
"31,9 : 0.922"
"9,32 : 0.8668"
"32,9 : 0.8668"
"9,33 : 0.408"
"33,9 : 0.408"
"9,34 : 0.1769"
"34,9 : 0.1769"
"9,35 : 0.8459"
"35,9 : 0.8459"
"9,36 : 0.8486"
"36,9 : 0.8486"
"9,37 : 0.4649"
"37,9 : 0.4649"
"9,38 : 0.6081"
"38,9 : 0.6081"
"9,39 : 0.5091"
"39,9 : 0.5091"
"9,40 : 0.5842"
"40,9 : 0.5842"
"9,41 : 1.0782"
"41,9 : 1.0782"
"9,42 : 0.4901"
"42,9 : 0.4901"
"9,43 : 0.4701"
"43,9 : 0.4701"
"9,44 : 0.4919"
"44,9 : 0.4919"
"9,45 : 0.5482"
"45,9 : 0.5482"
"9,46 : 0.9356"
"46,9 : 0.9356"
"9,47 : 0.822"
"47,9 : 0.822"
"9,48 : 0.6671"
"48,9 : 0.6671"
"9,49 : 0.5801"
"49,9 : 0.5801"
"9,50 : 0.686"
"50,9 : 0.686"
"9,51 : 0.1204"
"51,9 : 0.1204"
"9,52 : 0.664"
"52,9 : 0.664"
"9,53 : 0.191"
"53,9 : 0.191"
"9,54 : 0.4588"
"54,9 : 0.4588"
"9,55 : 1.0066"
"55,9 : 1.0066"
"9,56 : 0.8036"
"56,9 : 0.8036"
"9,57 : 0.5025"
"57,9 : 0.5025"
"9,58 : 0.3126"
"58,9 : 0.3126"
"9,59 : 0.7244"
"59,9 : 0.7244"
"9,60 : 0.3829"
"60,9 : 0.3829"
"9,61 : 0.811"
"61,9 : 0.811"
"9,62 : 0.1612"
"62,9 : 0.1612"
"9,63 : 0.6935"
"63,9 : 0.6935"
"9,64 : 0.7716"
"64,9 : 0.7716"
"9,65 : 0.2025"
"65,9 : 0.2025"
"9,66 : 0.428"
"66,9 : 0.428"
"9,67 : 0.3007"
"67,9 : 0.3007"
"9,68 : 0.2907"
"68,9 : 0.2907"
"9,69 : 0.9398"
"69,9 : 0.9398"
"9,70 : 0.9786"
"70,9 : 0.9786"
"9,71 : 0.3912"
"71,9 : 0.3912"
"9,72 : 0.2283"
"72,9 : 0.2283"
"9,73 : 0.3688"
"73,9 : 0.3688"
"9,74 : 0.8102"
"74,9 : 0.8102"
"9,75 : 0.4052"
"75,9 : 0.4052"
"9,76 : 0.542"
"76,9 : 0.542"
"9,77 : 0.3138"
"77,9 : 0.3138"
"9,78 : 0.2341"
"78,9 : 0.2341"
"9,79 : 0.6958"
"79,9 : 0.6958"
"9,80 : 0.6268"
"80,9 : 0.6268"
"9,81 : 0.9605"
"81,9 : 0.9605"
"9,82 : 0.871"
"82,9 : 0.871"
"9,83 : 0.3089"
"83,9 : 0.3089"
"9,84 : 0.4383"
"84,9 : 0.4383"
"9,85 : 0.0447"
"85,9 : 0.0447"
"9,86 : 0.2983"
"86,9 : 0.2983"
"9,87 : 0.9492"
"87,9 : 0.9492"
"9,88 : 0.6845"
"88,9 : 0.6845"
"9,89 : 0.26"
"89,9 : 0.26"
"9,90 : 0.0949"
"90,9 : 0.0949"
"9,91 : 0.6705"
"91,9 : 0.6705"
"9,92 : 0.5738"
"92,9 : 0.5738"
"9,93 : 0.478"
"93,9 : 0.478"
"9,94 : 0.7018"
"94,9 : 0.7018"
"9,95 : 0.8728"
"95,9 : 0.8728"
"9,96 : 0.8968"
"96,9 : 0.8968"
"9,97 : 0.5116"
"97,9 : 0.5116"
"9,98 : 0.978"
"98,9 : 0.978"
"9,99 : 0.6774"
"99,9 : 0.6774"
"10,11 : 0.3922"
"11,10 : 0.3922"
"10,12 : 0.8401"
"12,10 : 0.8401"
"10,13 : 0.3517"
"13,10 : 0.3517"
"10,14 : 0.6935"
"14,10 : 0.6935"
"10,15 : 0.2789"
"15,10 : 0.2789"
"10,16 : 0.7697"
"16,10 : 0.7697"
"10,17 : 0.8184"
"17,10 : 0.8184"
"10,18 : 0.944"
"18,10 : 0.944"
"10,19 : 0.9957"
"19,10 : 0.9957"
"10,20 : 0.7852"
"20,10 : 0.7852"
"10,21 : 0.1581"
"21,10 : 0.1581"
"10,22 : 0.9374"
"22,10 : 0.9374"
"10,23 : 0.4968"
"23,10 : 0.4968"
"10,24 : 0.3036"
"24,10 : 0.3036"
"10,25 : 0.6002"
"25,10 : 0.6002"
"10,26 : 0.2012"
"26,10 : 0.2012"
"10,27 : 0.2332"
"27,10 : 0.2332"
"10,28 : 0.5277"
"28,10 : 0.5277"
"10,29 : 0.8949"
"29,10 : 0.8949"
"10,30 : 0.2818"
"30,10 : 0.2818"
"10,31 : 0.6403"
"31,10 : 0.6403"
"10,32 : 0.5124"
"32,10 : 0.5124"
"10,33 : 0.4623"
"33,10 : 0.4623"
"10,34 : 0.6712"
"34,10 : 0.6712"
"10,35 : 0.3758"
"35,10 : 0.3758"
"10,36 : 0.1304"
"36,10 : 0.1304"
"10,37 : 0.2563"
"37,10 : 0.2563"
"10,38 : 0.7151"
"38,10 : 0.7151"
"10,39 : 0.68"
"39,10 : 0.68"
"10,40 : 0.1972"
"40,10 : 0.1972"
"10,41 : 0.7971"
"41,10 : 0.7971"
"10,42 : 1.0045"
"42,10 : 1.0045"
"10,43 : 0.255"
"43,10 : 0.255"
"10,44 : 0.2408"
"44,10 : 0.2408"
"10,45 : 0.4085"
"45,10 : 0.4085"
"10,46 : 0.25"
"46,10 : 0.25"
"10,47 : 0.164"
"47,10 : 0.164"
"10,48 : 0.6912"
"48,10 : 0.6912"
"10,49 : 1.0589"
"49,10 : 1.0589"
"10,50 : 0.1421"
"50,10 : 0.1421"
"10,51 : 0.6712"
"51,10 : 0.6712"
"10,52 : 0.8193"
"52,10 : 0.8193"
"10,53 : 0.5371"
"53,10 : 0.5371"
"10,54 : 0.4717"
"54,10 : 0.4717"
"10,55 : 0.6539"
"55,10 : 0.6539"
"10,56 : 0.4785"
"56,10 : 0.4785"
"10,57 : 0.9719"
"57,10 : 0.9719"
"10,58 : 0.6438"
"58,10 : 0.6438"
"10,59 : 0.3225"
"59,10 : 0.3225"
"10,60 : 0.6825"
"60,10 : 0.6825"
"10,61 : 0.2385"
"61,10 : 0.2385"
"10,62 : 0.7718"
"62,10 : 0.7718"
"10,63 : 0.7788"
"63,10 : 0.7788"
"10,64 : 0.051"
"64,10 : 0.051"
"10,65 : 0.7021"
"65,10 : 0.7021"
"10,66 : 0.7161"
"66,10 : 0.7161"
"10,67 : 0.4391"
"67,10 : 0.4391"
"10,68 : 0.7018"
"68,10 : 0.7018"
"10,69 : 0.6041"
"69,10 : 0.6041"
"10,70 : 0.5131"
"70,10 : 0.5131"
"10,71 : 0.7388"
"71,10 : 0.7388"
"10,72 : 0.7201"
"72,10 : 0.7201"
"10,73 : 0.4"
"73,10 : 0.4"
"10,74 : 0.1082"
"74,10 : 0.1082"
"10,75 : 0.4545"
"75,10 : 0.4545"
"10,76 : 0.2657"
"76,10 : 0.2657"
"10,77 : 0.771"
"77,10 : 0.771"
"10,78 : 0.487"
"78,10 : 0.487"
"10,79 : 0.1503"
"79,10 : 0.1503"
"10,80 : 0.1942"
"80,10 : 0.1942"
"10,81 : 0.8429"
"81,10 : 0.8429"
"10,82 : 0.4624"
"82,10 : 0.4624"
"10,83 : 0.7355"
"83,10 : 0.7355"
"10,84 : 0.2927"
"84,10 : 0.2927"
"10,85 : 0.728"
"85,10 : 0.728"
"10,86 : 0.6224"
"86,10 : 0.6224"
"10,87 : 0.4974"
"87,10 : 0.4974"
"10,88 : 0.1005"
"88,10 : 0.1005"
"10,89 : 0.5561"
"89,10 : 0.5561"
"10,90 : 0.6263"
"90,10 : 0.6263"
"10,91 : 0.0566"
"91,10 : 0.0566"
"10,92 : 0.7341"
"92,10 : 0.7341"
"10,93 : 0.609"
"93,10 : 0.609"
"10,94 : 0.2907"
"94,10 : 0.2907"
"10,95 : 0.255"
"95,10 : 0.255"
"10,96 : 0.4082"
"96,10 : 0.4082"
"10,97 : 0.986"
"97,10 : 0.986"
"10,98 : 0.5725"
"98,10 : 0.5725"
"10,99 : 0.8839"
"99,10 : 0.8839"
"11,12 : 0.5284"
"12,11 : 0.5284"
"11,13 : 0.222"
"13,11 : 0.222"
"11,14 : 0.6478"
"14,11 : 0.6478"
"11,15 : 0.1166"
"15,11 : 0.1166"
"11,16 : 0.8315"
"16,11 : 0.8315"
"11,17 : 0.6161"
"17,11 : 0.6161"
"11,18 : 0.7926"
"18,11 : 0.7926"
"11,19 : 0.821"
"19,11 : 0.821"
"11,20 : 0.4653"
"20,11 : 0.4653"
"11,21 : 0.3256"
"21,11 : 0.3256"
"11,22 : 0.7685"
"22,11 : 0.7685"
"11,23 : 0.5124"
"23,11 : 0.5124"
"11,24 : 0.0894"
"24,11 : 0.0894"
"11,25 : 0.2209"
"25,11 : 0.2209"
"11,26 : 0.5547"
"26,11 : 0.5547"
"11,27 : 0.2596"
"27,11 : 0.2596"
"11,28 : 0.1552"
"28,11 : 0.1552"
"11,29 : 0.6313"
"29,11 : 0.6313"
"11,30 : 0.4494"
"30,11 : 0.4494"
"11,31 : 0.2518"
"31,11 : 0.2518"
"11,32 : 0.1217"
"32,11 : 0.1217"
"11,33 : 0.4201"
"33,11 : 0.4201"
"11,34 : 0.69"
"34,11 : 0.69"
"11,35 : 0.0424"
"35,11 : 0.0424"
"11,36 : 0.4405"
"36,11 : 0.4405"
"11,37 : 0.464"
"37,11 : 0.464"
"11,38 : 0.4841"
"38,11 : 0.4841"
"11,39 : 0.5054"
"39,11 : 0.5054"
"11,40 : 0.3048"
"40,11 : 0.3048"
"11,41 : 0.405"
"41,11 : 0.405"
"11,42 : 0.8955"
"42,11 : 0.8955"
"11,43 : 0.4968"
"43,11 : 0.4968"
"11,44 : 0.5093"
"44,11 : 0.5093"
"11,45 : 0.2802"
"45,11 : 0.2802"
"11,46 : 0.3195"
"46,11 : 0.3195"
"11,47 : 0.27"
"47,11 : 0.27"
"11,48 : 0.4243"
"48,11 : 0.4243"
"11,49 : 0.9179"
"49,11 : 0.9179"
"11,50 : 0.528"
"50,11 : 0.528"
"11,51 : 0.7217"
"51,11 : 0.7217"
"11,52 : 0.5728"
"52,11 : 0.5728"
"11,53 : 0.6379"
"53,11 : 0.6379"
"11,54 : 0.3812"
"54,11 : 0.3812"
"11,55 : 0.2642"
"55,11 : 0.2642"
"11,56 : 0.1077"
"56,11 : 0.1077"
"11,57 : 0.8453"
"57,11 : 0.8453"
"11,58 : 0.8868"
"58,11 : 0.8868"
"11,59 : 0.103"
"59,11 : 0.103"
"11,60 : 0.5824"
"60,11 : 0.5824"
"11,61 : 0.17"
"61,11 : 0.17"
"11,62 : 0.7906"
"62,11 : 0.7906"
"11,63 : 0.5099"
"63,11 : 0.5099"
"11,64 : 0.3883"
"64,11 : 0.3883"
"11,65 : 0.7011"
"65,11 : 0.7011"
"11,66 : 0.5887"
"66,11 : 0.5887"
"11,67 : 0.5316"
"67,11 : 0.5316"
"11,68 : 0.9302"
"68,11 : 0.9302"
"11,69 : 0.2119"
"69,11 : 0.2119"
"11,70 : 0.1616"
"70,11 : 0.1616"
"11,71 : 0.6325"
"71,11 : 0.6325"
"11,72 : 0.7035"
"72,11 : 0.7035"
"11,73 : 0.6464"
"73,11 : 0.6464"
"11,74 : 0.4653"
"74,11 : 0.4653"
"11,75 : 0.4205"
"75,11 : 0.4205"
"11,76 : 0.5967"
"76,11 : 0.5967"
"11,77 : 0.7083"
"77,11 : 0.7083"
"11,78 : 0.6263"
"78,11 : 0.6263"
"11,79 : 0.2506"
"79,11 : 0.2506"
"11,80 : 0.5608"
"80,11 : 0.5608"
"11,81 : 0.4738"
"81,11 : 0.4738"
"11,82 : 0.0721"
"82,11 : 0.0721"
"11,83 : 0.6747"
"83,11 : 0.6747"
"11,84 : 0.5341"
"84,11 : 0.5341"
"11,85 : 0.8472"
"85,11 : 0.8472"
"11,86 : 0.5831"
"86,11 : 0.5831"
"11,87 : 0.1342"
"87,11 : 0.1342"
"11,88 : 0.3041"
"88,11 : 0.3041"
"11,89 : 0.5708"
"89,11 : 0.5708"
"11,90 : 0.7376"
"90,11 : 0.7376"
"11,91 : 0.3712"
"91,11 : 0.3712"
"11,92 : 0.5243"
"92,11 : 0.5243"
"11,93 : 0.4588"
"93,11 : 0.4588"
"11,94 : 0.136"
"94,11 : 0.136"
"11,95 : 0.2088"
"95,11 : 0.2088"
"11,96 : 0.0825"
"96,11 : 0.0825"
"11,97 : 0.8587"
"97,11 : 0.8587"
"11,98 : 0.191"
"98,11 : 0.191"
"11,99 : 0.6435"
"99,11 : 0.6435"
"12,13 : 0.4916"
"13,12 : 0.4916"
"12,14 : 0.5235"
"14,12 : 0.5235"
"12,15 : 0.5946"
"15,12 : 0.5946"
"12,16 : 0.7649"
"16,12 : 0.7649"
"12,17 : 0.26"
"17,12 : 0.26"
"12,18 : 0.4357"
"18,12 : 0.4357"
"12,19 : 0.42"
"19,12 : 0.42"
"12,20 : 0.064"
"20,12 : 0.064"
"12,21 : 0.7011"
"21,12 : 0.7011"
"12,22 : 0.3932"
"22,12 : 0.3932"
"12,23 : 0.568"
"23,12 : 0.568"
"12,24 : 0.5831"
"24,12 : 0.5831"
"12,25 : 0.3394"
"25,12 : 0.3394"
"12,26 : 0.9214"
"26,12 : 0.9214"
"12,27 : 0.7829"
"27,12 : 0.7829"
"12,28 : 0.3801"
"28,12 : 0.3801"
"12,29 : 0.1513"
"29,12 : 0.1513"
"12,30 : 0.7102"
"30,12 : 0.7102"
"12,31 : 0.3581"
"31,12 : 0.3581"
"12,32 : 0.4405"
"32,12 : 0.4405"
"12,33 : 0.4965"
"33,12 : 0.4965"
"12,34 : 0.6297"
"34,12 : 0.6297"
"12,35 : 0.5694"
"35,12 : 0.5694"
"12,36 : 0.9315"
"36,12 : 0.9315"
"12,37 : 0.7481"
"37,12 : 0.7481"
"12,38 : 0.2"
"38,12 : 0.2"
"12,39 : 0.2983"
"39,12 : 0.2983"
"12,40 : 0.6607"
"40,12 : 0.6607"
"12,41 : 0.4079"
"41,12 : 0.4079"
"12,42 : 0.5689"
"42,12 : 0.5689"
"12,43 : 0.7892"
"43,12 : 0.7892"
"12,44 : 0.8174"
"44,12 : 0.8174"
"12,45 : 0.4504"
"45,12 : 0.4504"
"12,46 : 0.8453"
"46,12 : 0.8453"
"12,47 : 0.7749"
"47,12 : 0.7749"
"12,48 : 0.1649"
"48,12 : 0.1649"
"12,49 : 0.5401"
"49,12 : 0.5401"
"12,50 : 0.9409"
"50,12 : 0.9409"
"12,51 : 0.6868"
"51,12 : 0.6868"
"12,52 : 0.1616"
"52,12 : 0.1616"
"12,53 : 0.7083"
"53,12 : 0.7083"
"12,54 : 0.4464"
"54,12 : 0.4464"
"12,55 : 0.4528"
"55,12 : 0.4528"
"12,56 : 0.4219"
"56,12 : 0.4219"
"12,57 : 0.508"
"57,12 : 0.508"
"12,58 : 1.0345"
"58,12 : 1.0345"
"12,59 : 0.5376"
"59,12 : 0.5376"
"12,60 : 0.4243"
"60,12 : 0.4243"
"12,61 : 0.6815"
"61,12 : 0.6815"
"12,62 : 0.6825"
"62,12 : 0.6825"
"12,63 : 0.1131"
"63,12 : 0.1131"
"12,64 : 0.8591"
"64,12 : 0.8591"
"12,65 : 0.6083"
"65,12 : 0.6083"
"12,66 : 0.3829"
"66,12 : 0.3829"
"12,67 : 0.6592"
"67,12 : 0.6592"
"12,68 : 1.0485"
"68,12 : 1.0485"
"12,69 : 0.4201"
"69,12 : 0.4201"
"12,70 : 0.5728"
"70,12 : 0.5728"
"12,71 : 0.428"
"71,12 : 0.428"
"12,72 : 0.588"
"72,12 : 0.588"
"12,73 : 0.8728"
"73,12 : 0.8728"
"12,74 : 0.9394"
"74,12 : 0.9394"
"12,75 : 0.506"
"75,12 : 0.506"
"12,76 : 0.9278"
"76,12 : 0.9278"
"12,77 : 0.5243"
"77,12 : 0.5243"
"12,78 : 0.7469"
"78,12 : 0.7469"
"12,79 : 0.6943"
"79,12 : 0.6943"
"12,80 : 0.9405"
"80,12 : 0.9405"
"12,81 : 0.2002"
"81,12 : 0.2002"
"12,82 : 0.5"
"82,12 : 0.5"
"12,83 : 0.5122"
"83,12 : 0.5122"
"12,84 : 0.806"
"84,12 : 0.806"
"12,85 : 0.8496"
"85,12 : 0.8496"
"12,86 : 0.5122"
"86,12 : 0.5122"
"12,87 : 0.5517"
"87,12 : 0.5517"
"12,88 : 0.7398"
"88,12 : 0.7398"
"12,89 : 0.5798"
"89,12 : 0.5798"
"12,90 : 0.772"
"90,12 : 0.772"
"12,91 : 0.7951"
"91,12 : 0.7951"
"12,92 : 0.2335"
"92,12 : 0.2335"
"12,93 : 0.3448"
"93,12 : 0.3448"
"12,94 : 0.5604"
"94,12 : 0.5604"
"12,95 : 0.7335"
"95,12 : 0.7335"
"12,96 : 0.5882"
"96,12 : 0.5882"
"12,97 : 0.5162"
"97,12 : 0.5162"
"12,98 : 0.5045"
"98,12 : 0.5045"
"12,99 : 0.2002"
"99,12 : 0.2002"
"13,14 : 0.4397"
"14,13 : 0.4397"
"13,15 : 0.1746"
"15,13 : 0.1746"
"13,16 : 0.6103"
"16,13 : 0.6103"
"13,17 : 0.4801"
"17,13 : 0.4801"
"13,18 : 0.6303"
"18,13 : 0.6303"
"13,19 : 0.6721"
"19,13 : 0.6721"
"13,20 : 0.44"
"20,13 : 0.44"
"13,21 : 0.21"
"21,13 : 0.21"
"13,22 : 0.6152"
"22,13 : 0.6152"
"13,23 : 0.2907"
"23,13 : 0.2907"
