x,y
0.91,0.3
0.16,0.6
0.74,0.45
0.91,0.77
0.24,0.4
0.68,0.07
0.19,0.02
0.07,0.84
0.02,0.93
0.44,0.9
0.25,0.67
0.32,0.82
0.95,0.61
0.87,0.32
0.4,0.97
0.4,0.33
0.67,0.41
0.05,0.83
0.44,0.28
0.89,0.13
0.43,0.36
0.98,0.08
0.78,0.87
0.35,0.76
0.73,0.94
0.42,0.72
0.01,0.53
0.21,0.85
0.67,0.49
0.64,0.49
0.46,0.72
0.27,0.16
0.55,0.89
0.41,0.31
0.84,0.38
0.23,0.85
0.74,0.52
0.84,0.55
0.91,0.11
0.1,0.38
0.88,0.6
0.58,0.58
0.91,0.23
0.85,0.27
0.5,0.6
0.07,0.9
0.87,0.51
0.28,0.02
0.3,0.71
0.27,0.3
0.08,0.9
0.5,0.93
0.36,0.2
0.49,0.9
0.8,0.65
0.44,0.28
0.32,0.7
0.84,0.15
0.83,0.52
0.68,0.73
0.64,0.19
0.97,0.03
0.36,0.9
0.8,0.26
0.08,0.76
0.24,0.44
0.57,0.42
0.07,0.59
0.15,0.48
0.75,0.61
0.05,0.9
0.33,0.15
0.31,0.53
0.98,0.66
0.5,0.55
0.5,0.77
0.23,0.82
0.75,0.22
0.02,0.72
0.06,0.72
0.62,0.56
0.07,0.28
0.44,0.38
0.38,0.98
0.29,0.31
0.43,0.68
0.27,0.9
0.78,0.26
0.74,0.62
0.69,0.58
0.79,0.24
0.06,0.39
0.7,0.56
0.46,0.25
0.15,0.99
0.05,0.58
0.99,0.72
0.57,0.52
0.62,0.38
0.28,0.24

Distanze
"0,1 : 0.8078"
"1,0 : 0.8078"
"0,2 : 0.2267"
"2,0 : 0.2267"
"0,3 : 0.47"
"3,0 : 0.47"
"0,4 : 0.6774"
"4,0 : 0.6774"
"0,5 : 0.3253"
"5,0 : 0.3253"
"0,6 : 0.7725"
"6,0 : 0.7725"
"0,7 : 0.9986"
"7,0 : 0.9986"
"0,8 : 1.0904"
"8,0 : 1.0904"
"0,9 : 0.7622"
"9,0 : 0.7622"
"0,10 : 0.7566"
"10,0 : 0.7566"
"0,11 : 0.7864"
"11,0 : 0.7864"
"0,12 : 0.3126"
"12,0 : 0.3126"
"0,13 : 0.0447"
"13,0 : 0.0447"
"0,14 : 0.842"
"14,0 : 0.842"
"0,15 : 0.5109"
"15,0 : 0.5109"
"0,16 : 0.264"
"16,0 : 0.264"
"0,17 : 1.0102"
"17,0 : 1.0102"
"0,18 : 0.4704"
"18,0 : 0.4704"
"0,19 : 0.1712"
"19,0 : 0.1712"
"0,20 : 0.4837"
"20,0 : 0.4837"
"0,21 : 0.2309"
"21,0 : 0.2309"
"0,22 : 0.5846"
"22,0 : 0.5846"
"0,23 : 0.7247"
"23,0 : 0.7247"
"0,24 : 0.6648"
"24,0 : 0.6648"
"0,25 : 0.6454"
"25,0 : 0.6454"
"0,26 : 0.9289"
"26,0 : 0.9289"
"0,27 : 0.8902"
"27,0 : 0.8902"
"0,28 : 0.3061"
"28,0 : 0.3061"
"0,29 : 0.3302"
"29,0 : 0.3302"
"0,30 : 0.6155"
"30,0 : 0.6155"
"0,31 : 0.6551"
"31,0 : 0.6551"
"0,32 : 0.6912"
"32,0 : 0.6912"
"0,33 : 0.5001"
"33,0 : 0.5001"
"0,34 : 0.1063"
"34,0 : 0.1063"
"0,35 : 0.8746"
"35,0 : 0.8746"
"0,36 : 0.278"
"36,0 : 0.278"
"0,37 : 0.2596"
"37,0 : 0.2596"
"0,38 : 0.19"
"38,0 : 0.19"
"0,39 : 0.8139"
"39,0 : 0.8139"
"0,40 : 0.3015"
"40,0 : 0.3015"
"0,41 : 0.4328"
"41,0 : 0.4328"
"0,42 : 0.07"
"42,0 : 0.07"
"0,43 : 0.0671"
"43,0 : 0.0671"
"0,44 : 0.508"
"44,0 : 0.508"
"0,45 : 1.0323"
"45,0 : 1.0323"
"0,46 : 0.2138"
"46,0 : 0.2138"
"0,47 : 0.6894"
"47,0 : 0.6894"
"0,48 : 0.735"
"48,0 : 0.735"
"0,49 : 0.64"
"49,0 : 0.64"
"0,50 : 1.0242"
"50,0 : 1.0242"
"0,51 : 0.7517"
"51,0 : 0.7517"
"0,52 : 0.559"
"52,0 : 0.559"
"0,53 : 0.7324"
"53,0 : 0.7324"
"0,54 : 0.3669"
"54,0 : 0.3669"
"0,55 : 0.4704"
"55,0 : 0.4704"
"0,56 : 0.7128"
"56,0 : 0.7128"
"0,57 : 0.1655"
"57,0 : 0.1655"
"0,58 : 0.2341"
"58,0 : 0.2341"
"0,59 : 0.4876"
"59,0 : 0.4876"
"0,60 : 0.2915"
"60,0 : 0.2915"
"0,61 : 0.2766"
"61,0 : 0.2766"
"0,62 : 0.8139"
"62,0 : 0.8139"
"0,63 : 0.117"
"63,0 : 0.117"
"0,64 : 0.9489"
"64,0 : 0.9489"
"0,65 : 0.6845"
"65,0 : 0.6845"
"0,66 : 0.3606"
"66,0 : 0.3606"
"0,67 : 0.8887"
"67,0 : 0.8887"
"0,68 : 0.781"
"68,0 : 0.781"
"0,69 : 0.3489"
"69,0 : 0.3489"
"0,70 : 1.0486"
"70,0 : 1.0486"
"0,71 : 0.5991"
"71,0 : 0.5991"
"0,72 : 0.6426"
"72,0 : 0.6426"
"0,73 : 0.3667"
"73,0 : 0.3667"
"0,74 : 0.4802"
"74,0 : 0.4802"
"0,75 : 0.6237"
"75,0 : 0.6237"
"0,76 : 0.856"
"76,0 : 0.856"
"0,77 : 0.1789"
"77,0 : 0.1789"
"0,78 : 0.9841"
"78,0 : 0.9841"
"0,79 : 0.9481"
"79,0 : 0.9481"
"0,80 : 0.3895"
"80,0 : 0.3895"
"0,81 : 0.8402"
"81,0 : 0.8402"
"0,82 : 0.4768"
"82,0 : 0.4768"
"0,83 : 0.8621"
"83,0 : 0.8621"
"0,84 : 0.6201"
"84,0 : 0.6201"
"0,85 : 0.6122"
"85,0 : 0.6122"
"0,86 : 0.8773"
"86,0 : 0.8773"
"0,87 : 0.136"
"87,0 : 0.136"
"0,88 : 0.3624"
"88,0 : 0.3624"
"0,89 : 0.3561"
"89,0 : 0.3561"
"0,90 : 0.1342"
"90,0 : 0.1342"
"0,91 : 0.8548"
"91,0 : 0.8548"
"0,92 : 0.3342"
"92,0 : 0.3342"
"0,93 : 0.4528"
"93,0 : 0.4528"
"0,94 : 1.0265"
"94,0 : 1.0265"
"0,95 : 0.9044"
"95,0 : 0.9044"
"0,96 : 0.4276"
"96,0 : 0.4276"
"0,97 : 0.405"
"97,0 : 0.405"
"0,98 : 0.3008"
"98,0 : 0.3008"
"0,99 : 0.6329"
"99,0 : 0.6329"
"1,2 : 0.5991"
"2,1 : 0.5991"
"1,3 : 0.769"
"3,1 : 0.769"
"1,4 : 0.2154"
"4,1 : 0.2154"
"1,5 : 0.7425"
"5,1 : 0.7425"
"1,6 : 0.5808"
"6,1 : 0.5808"
"1,7 : 0.2563"
"7,1 : 0.2563"
"1,8 : 0.3585"
"8,1 : 0.3585"
"1,9 : 0.4104"
"9,1 : 0.4104"
"1,10 : 0.114"
"10,1 : 0.114"
"1,11 : 0.272"
"11,1 : 0.272"
"1,12 : 0.7901"
"12,1 : 0.7901"
"1,13 : 0.7632"
"13,1 : 0.7632"
"1,14 : 0.441"
"14,1 : 0.441"
"1,15 : 0.3612"
"15,1 : 0.3612"
"1,16 : 0.5442"
"16,1 : 0.5442"
"1,17 : 0.255"
"17,1 : 0.255"
"1,18 : 0.4252"
"18,1 : 0.4252"
"1,19 : 0.8682"
"19,1 : 0.8682"
"1,20 : 0.3612"
"20,1 : 0.3612"
"1,21 : 0.971"
"21,1 : 0.971"
"1,22 : 0.6762"
"22,1 : 0.6762"
"1,23 : 0.2484"
"23,1 : 0.2484"
"1,24 : 0.6637"
"24,1 : 0.6637"
"1,25 : 0.2864"
"25,1 : 0.2864"
"1,26 : 0.1655"
"26,1 : 0.1655"
"1,27 : 0.255"
"27,1 : 0.255"
"1,28 : 0.5217"
"28,1 : 0.5217"
"1,29 : 0.4924"
"29,1 : 0.4924"
"1,30 : 0.3231"
"30,1 : 0.3231"
"1,31 : 0.4535"
"31,1 : 0.4535"
"1,32 : 0.486"
"32,1 : 0.486"
"1,33 : 0.3829"
"33,1 : 0.3829"
"1,34 : 0.7147"
"34,1 : 0.7147"
"1,35 : 0.2596"
"35,1 : 0.2596"
"1,36 : 0.5855"
"36,1 : 0.5855"
"1,37 : 0.6818"
"37,1 : 0.6818"
"1,38 : 0.8959"
"38,1 : 0.8959"
"1,39 : 0.228"
"39,1 : 0.228"
"1,40 : 0.72"
"40,1 : 0.72"
"1,41 : 0.4205"
"41,1 : 0.4205"
"1,42 : 0.8363"
"42,1 : 0.8363"
"1,43 : 0.7649"
"43,1 : 0.7649"
"1,44 : 0.34"
"44,1 : 0.34"
"1,45 : 0.3132"
"45,1 : 0.3132"
"1,46 : 0.7157"
"46,1 : 0.7157"
"1,47 : 0.5923"
"47,1 : 0.5923"
"1,48 : 0.178"
"48,1 : 0.178"
"1,49 : 0.3195"
"49,1 : 0.3195"
"1,50 : 0.3105"
"50,1 : 0.3105"
"1,51 : 0.4738"
"51,1 : 0.4738"
"1,52 : 0.4472"
"52,1 : 0.4472"
"1,53 : 0.446"
"53,1 : 0.446"
"1,54 : 0.642"
"54,1 : 0.642"
"1,55 : 0.4252"
"55,1 : 0.4252"
"1,56 : 0.1887"
"56,1 : 0.1887"
"1,57 : 0.8154"
"57,1 : 0.8154"
"1,58 : 0.6748"
"58,1 : 0.6748"
"1,59 : 0.536"
"59,1 : 0.536"
"1,60 : 0.6313"
"60,1 : 0.6313"
"1,61 : 0.9905"
"61,1 : 0.9905"
"1,62 : 0.3606"
"62,1 : 0.3606"
"1,63 : 0.7247"
"63,1 : 0.7247"
"1,64 : 0.1789"
"64,1 : 0.1789"
"1,65 : 0.1789"
"65,1 : 0.1789"
"1,66 : 0.4478"
"66,1 : 0.4478"
"1,67 : 0.0906"
"67,1 : 0.0906"
"1,68 : 0.1204"
"68,1 : 0.1204"
"1,69 : 0.5901"
"69,1 : 0.5901"
"1,70 : 0.3195"
"70,1 : 0.3195"
"1,71 : 0.481"
"71,1 : 0.481"
"1,72 : 0.1655"
"72,1 : 0.1655"
"1,73 : 0.8222"
"73,1 : 0.8222"
"1,74 : 0.3437"
"74,1 : 0.3437"
"1,75 : 0.3801"
"75,1 : 0.3801"
"1,76 : 0.2309"
"76,1 : 0.2309"
"1,77 : 0.7018"
"77,1 : 0.7018"
"1,78 : 0.1844"
"78,1 : 0.1844"
"1,79 : 0.1562"
"79,1 : 0.1562"
"1,80 : 0.4617"
"80,1 : 0.4617"
"1,81 : 0.3324"
"81,1 : 0.3324"
"1,82 : 0.3561"
"82,1 : 0.3561"
"1,83 : 0.4391"
"83,1 : 0.4391"
"1,84 : 0.3178"
"84,1 : 0.3178"
"1,85 : 0.2816"
"85,1 : 0.2816"
"1,86 : 0.3195"
"86,1 : 0.3195"
"1,87 : 0.7071"
"87,1 : 0.7071"
"1,88 : 0.5803"
"88,1 : 0.5803"
"1,89 : 0.5304"
"89,1 : 0.5304"
"1,90 : 0.7256"
"90,1 : 0.7256"
"1,91 : 0.2326"
"91,1 : 0.2326"
"1,92 : 0.5415"
"92,1 : 0.5415"
"1,93 : 0.461"
"93,1 : 0.461"
"1,94 : 0.3901"
"94,1 : 0.3901"
"1,95 : 0.1118"
"95,1 : 0.1118"
"1,96 : 0.8386"
"96,1 : 0.8386"
"1,97 : 0.4177"
"97,1 : 0.4177"
"1,98 : 0.5099"
"98,1 : 0.5099"
"1,99 : 0.3795"
"99,1 : 0.3795"
"2,3 : 0.3624"
"3,2 : 0.3624"
"2,4 : 0.5025"
"4,2 : 0.5025"
"2,5 : 0.3847"
"5,2 : 0.3847"
"2,6 : 0.6981"
"6,2 : 0.6981"
"2,7 : 0.7752"
"7,2 : 0.7752"
"2,8 : 0.8653"
"8,2 : 0.8653"
"2,9 : 0.5408"
"9,2 : 0.5408"
"2,10 : 0.5371"
"10,2 : 0.5371"
"2,11 : 0.5597"
"11,2 : 0.5597"
"2,12 : 0.264"
"12,2 : 0.264"
"2,13 : 0.1838"
"13,2 : 0.1838"
"2,14 : 0.6213"
"14,2 : 0.6213"
"2,15 : 0.3606"
"15,2 : 0.3606"
"2,16 : 0.0806"
"16,2 : 0.0806"
"2,17 : 0.7877"
"17,2 : 0.7877"
"2,18 : 0.3448"
"18,2 : 0.3448"
"2,19 : 0.3534"
"19,2 : 0.3534"
"2,20 : 0.3228"
"20,2 : 0.3228"
"2,21 : 0.441"
"21,2 : 0.441"
"2,22 : 0.4219"
"22,2 : 0.4219"
"2,23 : 0.4982"
"23,2 : 0.4982"
"2,24 : 0.4901"
"24,2 : 0.4901"
"2,25 : 0.4187"
"25,2 : 0.4187"
"2,26 : 0.7344"
"26,2 : 0.7344"
"2,27 : 0.664"
"27,2 : 0.664"
"2,28 : 0.0806"
"28,2 : 0.0806"
"2,29 : 0.1077"
"29,2 : 0.1077"
"2,30 : 0.389"
"30,2 : 0.389"
"2,31 : 0.5523"
"31,2 : 0.5523"
"2,32 : 0.4793"
"32,2 : 0.4793"
"2,33 : 0.3585"
"33,2 : 0.3585"
"2,34 : 0.1221"
"34,2 : 0.1221"
"2,35 : 0.6482"
"35,2 : 0.6482"
"2,36 : 0.07"
"36,2 : 0.07"
"2,37 : 0.1414"
"37,2 : 0.1414"
"2,38 : 0.3801"
"38,2 : 0.3801"
"2,39 : 0.6438"
"39,2 : 0.6438"
"2,40 : 0.2052"
"40,2 : 0.2052"
"2,41 : 0.2062"
"41,2 : 0.2062"
"2,42 : 0.278"
"42,2 : 0.278"
"2,43 : 0.211"
"43,2 : 0.211"
"2,44 : 0.283"
"44,2 : 0.283"
"2,45 : 0.8071"
"45,2 : 0.8071"
"2,46 : 0.1432"
"46,2 : 0.1432"
"2,47 : 0.6297"
"47,2 : 0.6297"
"2,48 : 0.5111"
"48,2 : 0.5111"
"2,49 : 0.4934"
"49,2 : 0.4934"
"2,50 : 0.7988"
"50,2 : 0.7988"
"2,51 : 0.5367"
"51,2 : 0.5367"
"2,52 : 0.4549"
"52,2 : 0.4549"
"2,53 : 0.5148"
"53,2 : 0.5148"
"2,54 : 0.2088"
"54,2 : 0.2088"
"2,55 : 0.3448"
"55,2 : 0.3448"
"2,56 : 0.4888"
"56,2 : 0.4888"
"2,57 : 0.3162"
"57,2 : 0.3162"
"2,58 : 0.114"
"58,2 : 0.114"
"2,59 : 0.2864"
"59,2 : 0.2864"
"2,60 : 0.2786"
"60,2 : 0.2786"
"2,61 : 0.4789"
"61,2 : 0.4789"
"2,62 : 0.589"
"62,2 : 0.589"
"2,63 : 0.1992"
"63,2 : 0.1992"
"2,64 : 0.7292"
"64,2 : 0.7292"
"2,65 : 0.5001"
"65,2 : 0.5001"
"2,66 : 0.1726"
"66,2 : 0.1726"
"2,67 : 0.6845"
"67,2 : 0.6845"
"2,68 : 0.5908"
"68,2 : 0.5908"
"2,69 : 0.1603"
"69,2 : 0.1603"
"2,70 : 0.8238"
"70,2 : 0.8238"
"2,71 : 0.508"
"71,2 : 0.508"
"2,72 : 0.4374"
"72,2 : 0.4374"
"2,73 : 0.3189"
"73,2 : 0.3189"
"2,74 : 0.26"
"74,2 : 0.26"
"2,75 : 0.4"
"75,2 : 0.4"
"2,76 : 0.6301"
"76,2 : 0.6301"
"2,77 : 0.2302"
"77,2 : 0.2302"
"2,78 : 0.769"
"78,2 : 0.769"
"2,79 : 0.7316"
"79,2 : 0.7316"
"2,80 : 0.1628"
"80,2 : 0.1628"
"2,81 : 0.6912"
"81,2 : 0.6912"
"2,82 : 0.3081"
"82,2 : 0.3081"
"2,83 : 0.6407"
"83,2 : 0.6407"
"2,84 : 0.4713"
"84,2 : 0.4713"
"2,85 : 0.386"
"85,2 : 0.386"
"2,86 : 0.6507"
"86,2 : 0.6507"
"2,87 : 0.1942"
"87,2 : 0.1942"
"2,88 : 0.17"
"88,2 : 0.17"
"2,89 : 0.1393"
"89,2 : 0.1393"
"2,90 : 0.2159"
"90,2 : 0.2159"
"2,91 : 0.6826"
"91,2 : 0.6826"
"2,92 : 0.117"
"92,2 : 0.117"
"2,93 : 0.3441"
"93,2 : 0.3441"
"2,94 : 0.7998"
"94,2 : 0.7998"
"2,95 : 0.7021"
"95,2 : 0.7021"
"2,96 : 0.368"
"96,2 : 0.368"
"2,97 : 0.1838"
"97,2 : 0.1838"
"2,98 : 0.1389"
"98,2 : 0.1389"
"2,99 : 0.5057"
"99,2 : 0.5057"
"3,4 : 0.7654"
"4,3 : 0.7654"
"3,5 : 0.7368"
"5,3 : 0.7368"
"3,6 : 1.0397"
"6,3 : 1.0397"
"3,7 : 0.8429"
"7,3 : 0.8429"
"3,8 : 0.9043"
"8,3 : 0.9043"
"3,9 : 0.4876"
"9,3 : 0.4876"
"3,10 : 0.6675"
"10,3 : 0.6675"
"3,11 : 0.5921"
"11,3 : 0.5921"
"3,12 : 0.1649"
"12,3 : 0.1649"
"3,13 : 0.4518"
"13,3 : 0.4518"
"3,14 : 0.5478"
"14,3 : 0.5478"
"3,15 : 0.6736"
"15,3 : 0.6736"
"3,16 : 0.4327"
"16,3 : 0.4327"
"3,17 : 0.8621"
"17,3 : 0.8621"
"3,18 : 0.679"
"18,3 : 0.679"
"3,19 : 0.6403"
"19,3 : 0.6403"
"3,20 : 0.6313"
"20,3 : 0.6313"
"3,21 : 0.6935"
"21,3 : 0.6935"
"3,22 : 0.164"
"22,3 : 0.164"
"3,23 : 0.5601"
"23,3 : 0.5601"
"3,24 : 0.2476"
"24,3 : 0.2476"
"3,25 : 0.4925"
"25,3 : 0.4925"
"3,26 : 0.9315"
"26,3 : 0.9315"
"3,27 : 0.7046"
"27,3 : 0.7046"
"3,28 : 0.3688"
"28,3 : 0.3688"
"3,29 : 0.389"
"29,3 : 0.389"
"3,30 : 0.4528"
"30,3 : 0.4528"
"3,31 : 0.8841"
"31,3 : 0.8841"
"3,32 : 0.3795"
"32,3 : 0.3795"
"3,33 : 0.6794"
"33,3 : 0.6794"
"3,34 : 0.3962"
"34,3 : 0.3962"
"3,35 : 0.6847"
"35,3 : 0.6847"
"3,36 : 0.3023"
"36,3 : 0.3023"
"3,37 : 0.2309"
"37,3 : 0.2309"
"3,38 : 0.66"
"38,3 : 0.66"
"3,39 : 0.899"
"39,3 : 0.899"
"3,40 : 0.1726"
"40,3 : 0.1726"
"3,41 : 0.3808"
"41,3 : 0.3808"
"3,42 : 0.54"
"42,3 : 0.54"
"3,43 : 0.5036"
"43,3 : 0.5036"
"3,44 : 0.4438"
"44,3 : 0.4438"
"3,45 : 0.85"
"45,3 : 0.85"
"3,46 : 0.2631"
"46,3 : 0.2631"
"3,47 : 0.9795"
"47,3 : 0.9795"
"3,48 : 0.6129"
"48,3 : 0.6129"
"3,49 : 0.794"
"49,3 : 0.794"
"3,50 : 0.8401"
"50,3 : 0.8401"
"3,51 : 0.4401"
"51,3 : 0.4401"
"3,52 : 0.7921"
"52,3 : 0.7921"
"3,53 : 0.4397"
"53,3 : 0.4397"
"3,54 : 0.1628"
"54,3 : 0.1628"
"3,55 : 0.679"
"55,3 : 0.679"
"3,56 : 0.5941"
"56,3 : 0.5941"
"3,57 : 0.6239"
"57,3 : 0.6239"
"3,58 : 0.2625"
"58,3 : 0.2625"
"3,59 : 0.2335"
"59,3 : 0.2335"
"3,60 : 0.6398"
"60,3 : 0.6398"
"3,61 : 0.7424"
"61,3 : 0.7424"
"3,62 : 0.5652"
"62,3 : 0.5652"
"3,63 : 0.5217"
"63,3 : 0.5217"
"3,64 : 0.8301"
"64,3 : 0.8301"
"3,65 : 0.7469"
"65,3 : 0.7469"
"3,66 : 0.488"
"66,3 : 0.488"
"3,67 : 0.8591"
"67,3 : 0.8591"
"3,68 : 0.8134"
"68,3 : 0.8134"
"3,69 : 0.2263"
"69,3 : 0.2263"
"3,70 : 0.8698"
"70,3 : 0.8698"
"3,71 : 0.849"
"71,3 : 0.849"
"3,72 : 0.6462"
"72,3 : 0.6462"
"3,73 : 0.1304"
"73,3 : 0.1304"
"3,74 : 0.4653"
"74,3 : 0.4653"
"3,75 : 0.41"
"75,3 : 0.41"
"3,76 : 0.6818"
"76,3 : 0.6818"
"3,77 : 0.5728"
"77,3 : 0.5728"
"3,78 : 0.8914"
"78,3 : 0.8914"
"3,79 : 0.8515"
"79,3 : 0.8515"
"3,80 : 0.3581"
"80,3 : 0.3581"
"3,81 : 0.9725"
"81,3 : 0.9725"
"3,82 : 0.6107"
"82,3 : 0.6107"
"3,83 : 0.5701"
"83,3 : 0.5701"
"3,84 : 0.772"
"84,3 : 0.772"
"3,85 : 0.4884"
"85,3 : 0.4884"
"3,86 : 0.6531"
"86,3 : 0.6531"
"3,87 : 0.5263"
"87,3 : 0.5263"
"3,88 : 0.2267"
"88,3 : 0.2267"
"3,89 : 0.2907"
"89,3 : 0.2907"
"3,90 : 0.5434"
"90,3 : 0.5434"
"3,91 : 0.9311"
"91,3 : 0.9311"
"3,92 : 0.297"
"92,3 : 0.297"
"3,93 : 0.6877"
"93,3 : 0.6877"
"3,94 : 0.7912"
"94,3 : 0.7912"
"3,95 : 0.8807"
"95,3 : 0.8807"
"3,96 : 0.0943"
"96,3 : 0.0943"
"3,97 : 0.422"
"97,3 : 0.422"
"3,98 : 0.486"
"98,3 : 0.486"
"3,99 : 0.8233"
"99,3 : 0.8233"
"4,5 : 0.55"
"5,4 : 0.55"
"4,6 : 0.3833"
"6,4 : 0.3833"
"4,7 : 0.4717"
"7,4 : 0.4717"
"4,8 : 0.5738"
"8,4 : 0.5738"
"4,9 : 0.5385"
"9,4 : 0.5385"
"4,10 : 0.2702"
"10,4 : 0.2702"
"4,11 : 0.4276"
"11,4 : 0.4276"
"4,12 : 0.7404"
"12,4 : 0.7404"
"4,13 : 0.6351"
"13,4 : 0.6351"
"4,14 : 0.592"
"14,4 : 0.592"
"4,15 : 0.1746"
"15,4 : 0.1746"
"4,16 : 0.4301"
"16,4 : 0.4301"
"4,17 : 0.4701"
"17,4 : 0.4701"
"4,18 : 0.2332"
"18,4 : 0.2332"
"4,19 : 0.7038"
"19,4 : 0.7038"
"4,20 : 0.1942"
"20,4 : 0.1942"
"4,21 : 0.8062"
"21,4 : 0.8062"
"4,22 : 0.7159"
"22,4 : 0.7159"
"4,23 : 0.3764"
"23,4 : 0.3764"
"4,24 : 0.7292"
"24,4 : 0.7292"
"4,25 : 0.3672"
"25,4 : 0.3672"
"4,26 : 0.2642"
"26,4 : 0.2642"
"4,27 : 0.451"
"27,4 : 0.451"
"4,28 : 0.4393"
"28,4 : 0.4393"
"4,29 : 0.41"
"29,4 : 0.41"
"4,30 : 0.3883"
"30,4 : 0.3883"
"4,31 : 0.2419"
"31,4 : 0.2419"
"4,32 : 0.5798"
"32,4 : 0.5798"
"4,33 : 0.1924"
"33,4 : 0.1924"
"4,34 : 0.6003"
"34,4 : 0.6003"
"4,35 : 0.4501"
"35,4 : 0.4501"
"4,36 : 0.5142"
"36,4 : 0.5142"
"4,37 : 0.6185"
"37,4 : 0.6185"
"4,38 : 0.7301"
"38,4 : 0.7301"
"4,39 : 0.1414"
"39,4 : 0.1414"
"4,40 : 0.6705"
"40,4 : 0.6705"
"4,41 : 0.3847"
"41,4 : 0.3847"
"4,42 : 0.6912"
"42,4 : 0.6912"
"4,43 : 0.6237"
"43,4 : 0.6237"
"4,44 : 0.328"
"44,4 : 0.328"
"4,45 : 0.5281"
"45,4 : 0.5281"
"4,46 : 0.6395"
"46,4 : 0.6395"
"4,47 : 0.3821"
"47,4 : 0.3821"
"4,48 : 0.3158"
"48,4 : 0.3158"
"4,49 : 0.1044"
"49,4 : 0.1044"
"4,50 : 0.525"
"50,4 : 0.525"
"4,51 : 0.5903"
"51,4 : 0.5903"
"4,52 : 0.2332"
"52,4 : 0.2332"
"4,53 : 0.559"
"53,4 : 0.559"
"4,54 : 0.6133"
"54,4 : 0.6133"
"4,55 : 0.2332"
"55,4 : 0.2332"
"4,56 : 0.3105"
"56,4 : 0.3105"
"4,57 : 0.65"
"57,4 : 0.65"
"4,58 : 0.6021"
"58,4 : 0.6021"
"4,59 : 0.55"
"59,4 : 0.55"
"4,60 : 0.4518"
"60,4 : 0.4518"
"4,61 : 0.8184"
"61,4 : 0.8184"
"4,62 : 0.5142"
"62,4 : 0.5142"
"4,63 : 0.5772"
"63,4 : 0.5772"
"4,64 : 0.394"
"64,4 : 0.394"
"4,65 : 0.04"
"65,4 : 0.04"
"4,66 : 0.3306"
"66,4 : 0.3306"
"4,67 : 0.255"
"67,4 : 0.255"
"4,68 : 0.1204"
"68,4 : 0.1204"
"4,69 : 0.5515"
"69,4 : 0.5515"
"4,70 : 0.5349"
"70,4 : 0.5349"
"4,71 : 0.2657"
"71,4 : 0.2657"
"4,72 : 0.1476"
"72,4 : 0.1476"
"4,73 : 0.7843"
"73,4 : 0.7843"
"4,74 : 0.3002"
"74,4 : 0.3002"
"4,75 : 0.4522"
"75,4 : 0.4522"
"4,76 : 0.4201"
"76,4 : 0.4201"
"4,77 : 0.5408"
"77,4 : 0.5408"
"4,78 : 0.3883"
"78,4 : 0.3883"
"4,79 : 0.3672"
"79,4 : 0.3672"
"4,80 : 0.4123"
"80,4 : 0.4123"
"4,81 : 0.2081"
"81,4 : 0.2081"
"4,82 : 0.201"
"82,4 : 0.201"
"4,83 : 0.5967"
"83,4 : 0.5967"
"4,84 : 0.103"
"84,4 : 0.103"
"4,85 : 0.3384"
"85,4 : 0.3384"
"4,86 : 0.5009"
"86,4 : 0.5009"
"4,87 : 0.5579"
"87,4 : 0.5579"
"4,88 : 0.5463"
"88,4 : 0.5463"
"4,89 : 0.4847"
"89,4 : 0.4847"
"4,90 : 0.5728"
"90,4 : 0.5728"
"4,91 : 0.1803"
"91,4 : 0.1803"
"4,92 : 0.487"
"92,4 : 0.487"
"4,93 : 0.2663"
"93,4 : 0.2663"
"4,94 : 0.5968"
"94,4 : 0.5968"
"4,95 : 0.2617"
"95,4 : 0.2617"
"4,96 : 0.8154"
"96,4 : 0.8154"
"4,97 : 0.3511"
"97,4 : 0.3511"
"4,98 : 0.3805"
"98,4 : 0.3805"
"4,99 : 0.1649"
"99,4 : 0.1649"
"5,6 : 0.4925"
"6,5 : 0.4925"
"5,7 : 0.9823"
"7,5 : 0.9823"
"5,8 : 1.0841"
"8,5 : 1.0841"
"5,9 : 0.864"
"9,5 : 0.864"
"5,10 : 0.7382"
"10,5 : 0.7382"
"5,11 : 0.8319"
"11,5 : 0.8319"
"5,12 : 0.6037"
"12,5 : 0.6037"
"5,13 : 0.314"
"13,5 : 0.314"
"5,14 : 0.9425"
"14,5 : 0.9425"
"5,15 : 0.3821"
"15,5 : 0.3821"
"5,16 : 0.3401"
"16,5 : 0.3401"
"5,17 : 0.9872"
"17,5 : 0.9872"
"5,18 : 0.3189"
"18,5 : 0.3189"
"5,19 : 0.2184"
"19,5 : 0.2184"
"5,20 : 0.3829"
"20,5 : 0.3829"
"5,21 : 0.3002"
"21,5 : 0.3002"
"5,22 : 0.8062"
"22,5 : 0.8062"
"5,23 : 0.7649"
"23,5 : 0.7649"
"5,24 : 0.8714"
"24,5 : 0.8714"
"5,25 : 0.7001"
"25,5 : 0.7001"
"5,26 : 0.8127"
"26,5 : 0.8127"
"5,27 : 0.9107"
"27,5 : 0.9107"
"5,28 : 0.4201"
"28,5 : 0.4201"
"5,29 : 0.4219"
"29,5 : 0.4219"
"5,30 : 0.6862"
"30,5 : 0.6862"
"5,31 : 0.4198"
"31,5 : 0.4198"
"5,32 : 0.8302"
"32,5 : 0.8302"
"5,33 : 0.3612"
"33,5 : 0.3612"
"5,34 : 0.3489"
"34,5 : 0.3489"
"5,35 : 0.9005"
"35,5 : 0.9005"
"5,36 : 0.454"
"36,5 : 0.454"
"5,37 : 0.506"
"37,5 : 0.506"
"5,38 : 0.2335"
"38,5 : 0.2335"
"5,39 : 0.6576"
"39,5 : 0.6576"
"5,40 : 0.5665"
"40,5 : 0.5665"
"5,41 : 0.5197"
"41,5 : 0.5197"
"5,42 : 0.2802"
"42,5 : 0.2802"
"5,43 : 0.2625"
"43,5 : 0.2625"
"5,44 : 0.5597"
"44,5 : 0.5597"
"5,45 : 1.03"
"45,5 : 1.03"
"5,46 : 0.4793"
"46,5 : 0.4793"
"5,47 : 0.4031"
"47,5 : 0.4031"
"5,48 : 0.7443"
"48,5 : 0.7443"
"5,49 : 0.4701"
"49,5 : 0.4701"
"5,50 : 1.0242"
"50,5 : 1.0242"
"5,51 : 0.8786"
"51,5 : 0.8786"
"5,52 : 0.3454"
"52,5 : 0.3454"
"5,53 : 0.8515"
"53,5 : 0.8515"
"5,54 : 0.5923"
"54,5 : 0.5923"
"5,55 : 0.3189"
"55,5 : 0.3189"
"5,56 : 0.7256"
"56,5 : 0.7256"
"5,57 : 0.1789"
"57,5 : 0.1789"
"5,58 : 0.4743"
"58,5 : 0.4743"
"5,59 : 0.66"
"59,5 : 0.66"
"5,60 : 0.1265"
"60,5 : 0.1265"
"5,61 : 0.2927"
"61,5 : 0.2927"
"5,62 : 0.8896"
"62,5 : 0.8896"
"5,63 : 0.2247"
"63,5 : 0.2247"
"5,64 : 0.9144"
"64,5 : 0.9144"
"5,65 : 0.5749"
"65,5 : 0.5749"
"5,66 : 0.3669"
"66,5 : 0.3669"
"5,67 : 0.8016"
"67,5 : 0.8016"
"5,68 : 0.6701"
"68,5 : 0.6701"
"5,69 : 0.5445"
"69,5 : 0.5445"
"5,70 : 1.042"
"70,5 : 1.042"
"5,71 : 0.359"
"71,5 : 0.359"
"5,72 : 0.5903"
"72,5 : 0.5903"
"5,73 : 0.6619"
"73,5 : 0.6619"
"5,74 : 0.5126"
"74,5 : 0.5126"
"5,75 : 0.7228"
"75,5 : 0.7228"
"5,76 : 0.8746"
"76,5 : 0.8746"
"5,77 : 0.1655"
"77,5 : 0.1655"
"5,78 : 0.9263"
"78,5 : 0.9263"
"5,79 : 0.8983"
"79,5 : 0.8983"
"5,80 : 0.4937"
"80,5 : 0.4937"
"5,81 : 0.6451"
"81,5 : 0.6451"
"5,82 : 0.392"
"82,5 : 0.392"
"5,83 : 0.9582"
"83,5 : 0.9582"
"5,84 : 0.4579"
"84,5 : 0.4579"
"5,85 : 0.6592"
"85,5 : 0.6592"
"5,86 : 0.9257"
"86,5 : 0.9257"
"5,87 : 0.2147"
"87,5 : 0.2147"
"5,88 : 0.5533"
"88,5 : 0.5533"
"5,89 : 0.5101"
"89,5 : 0.5101"
"5,90 : 0.2025"
"90,5 : 0.2025"
"5,91 : 0.6977"
"91,5 : 0.6977"
"5,92 : 0.4904"
"92,5 : 0.4904"
"5,93 : 0.2843"
"93,5 : 0.2843"
"5,94 : 1.0617"
"94,5 : 1.0617"
"5,95 : 0.8106"
"95,5 : 0.8106"
"5,96 : 0.7201"
"96,5 : 0.7201"
"5,97 : 0.4632"
"97,5 : 0.4632"
"5,98 : 0.3158"
"98,5 : 0.3158"
"5,99 : 0.4346"
"99,5 : 0.4346"
"6,7 : 0.8287"
"7,6 : 0.8287"
"6,8 : 0.9257"
"8,6 : 0.9257"
"6,9 : 0.9148"
"9,6 : 0.9148"
"6,10 : 0.6528"
"10,6 : 0.6528"
"6,11 : 0.8105"
"11,6 : 0.8105"
"6,12 : 0.9621"
"12,6 : 0.9621"
"6,13 : 0.7432"
"13,6 : 0.7432"
"6,14 : 0.9729"
"14,6 : 0.9729"
"6,15 : 0.3744"
"15,6 : 0.3744"
"6,16 : 0.6185"
"16,6 : 0.6185"
"6,17 : 0.822"
"17,6 : 0.822"
"6,18 : 0.3607"
"18,6 : 0.3607"
"6,19 : 0.7086"
"19,6 : 0.7086"
"6,20 : 0.4162"
"20,6 : 0.4162"
"6,21 : 0.7923"
"21,6 : 0.7923"
"6,22 : 1.0347"
"22,6 : 1.0347"
"6,23 : 0.7571"
"23,6 : 0.7571"
"6,24 : 1.0668"
"24,6 : 1.0668"
"6,25 : 0.7368"
"25,6 : 0.7368"
"6,26 : 0.5408"
"26,6 : 0.5408"
"6,27 : 0.8302"
"27,6 : 0.8302"
"6,28 : 0.6718"
"28,6 : 0.6718"
"6,29 : 0.6507"
"29,6 : 0.6507"
"6,30 : 0.7503"
"30,6 : 0.7503"
"6,31 : 0.1612"
"31,6 : 0.1612"
"6,32 : 0.9415"
"32,6 : 0.9415"
"6,33 : 0.364"
"33,6 : 0.364"
"6,34 : 0.743"
"34,6 : 0.743"
"6,35 : 0.831"
"35,6 : 0.831"
"6,36 : 0.7433"
"36,6 : 0.7433"
"6,37 : 0.8387"
"37,6 : 0.8387"
"6,38 : 0.7256"
"38,6 : 0.7256"
"6,39 : 0.3711"
"39,6 : 0.3711"
"6,40 : 0.9014"
"40,6 : 0.9014"
"6,41 : 0.6824"
"41,6 : 0.6824"
"6,42 : 0.75"
"42,6 : 0.75"
"6,43 : 0.7058"
"43,6 : 0.7058"
"6,44 : 0.6576"
"44,6 : 0.6576"
"6,45 : 0.8881"
"45,6 : 0.8881"
"6,46 : 0.8382"
"46,6 : 0.8382"
"6,47 : 0.09"
"47,6 : 0.09"
"6,48 : 0.6987"
"48,6 : 0.6987"
"6,49 : 0.2912"
"49,6 : 0.2912"
"6,50 : 0.8868"
"50,6 : 0.8868"
"6,51 : 0.9614"
"51,6 : 0.9614"
"6,52 : 0.2476"
"52,6 : 0.2476"
"6,53 : 0.9297"
"53,6 : 0.9297"
"6,54 : 0.8769"
"54,6 : 0.8769"
"6,55 : 0.3607"
"55,6 : 0.3607"
"6,56 : 0.6923"
"56,6 : 0.6923"
"6,57 : 0.6629"
"57,6 : 0.6629"
"6,58 : 0.8122"
"58,6 : 0.8122"
"6,59 : 0.8627"
"59,6 : 0.8627"
"6,60 : 0.481"
"60,6 : 0.481"
"6,61 : 0.7801"
"61,6 : 0.7801"
"6,62 : 0.8963"
"62,6 : 0.8963"
"6,63 : 0.6555"
"63,6 : 0.6555"
"6,64 : 0.7481"
"64,6 : 0.7481"
"6,65 : 0.423"
"65,6 : 0.423"
"6,66 : 0.5517"
"66,6 : 0.5517"
"6,67 : 0.5825"
"67,6 : 0.5825"
"6,68 : 0.4617"
"68,6 : 0.4617"
"6,69 : 0.8134"
"69,6 : 0.8134"
"6,70 : 0.8911"
"70,6 : 0.8911"
"6,71 : 0.191"
"71,6 : 0.191"
"6,72 : 0.5239"
"72,6 : 0.5239"
"6,73 : 1.0167"
"73,6 : 1.0167"
"6,74 : 0.614"
"74,6 : 0.614"
"6,75 : 0.8115"
"75,6 : 0.8115"
"6,76 : 0.801"
"76,6 : 0.801"
"6,77 : 0.5946"
"77,6 : 0.5946"
"6,78 : 0.7203"
"78,6 : 0.7203"
"6,79 : 0.712"
"79,6 : 0.712"
"6,80 : 0.6903"
"80,6 : 0.6903"
"6,81 : 0.2864"
"81,6 : 0.2864"
"6,82 : 0.4383"
"82,6 : 0.4383"
"6,83 : 0.9786"
"83,6 : 0.9786"
"6,84 : 0.3068"
"84,6 : 0.3068"
"6,85 : 0.7023"
"85,6 : 0.7023"
"6,86 : 0.8836"
"86,6 : 0.8836"
"6,87 : 0.6369"
"87,6 : 0.6369"
"6,88 : 0.8139"
"88,6 : 0.8139"
"6,89 : 0.7507"
"89,6 : 0.7507"
"6,90 : 0.6391"
"90,6 : 0.6391"
"6,91 : 0.3922"
"91,6 : 0.3922"
"6,92 : 0.7428"
"92,6 : 0.7428"
"6,93 : 0.3547"
"93,6 : 0.3547"
"6,94 : 0.9708"
"94,6 : 0.9708"
"6,95 : 0.5772"
"95,6 : 0.5772"
"6,96 : 1.063"
"96,6 : 1.063"
"6,97 : 0.628"
"97,6 : 0.628"
"6,98 : 0.5608"
"98,6 : 0.5608"
"6,99 : 0.2377"
"99,6 : 0.2377"
"7,8 : 0.103"
"8,7 : 0.103"
"7,9 : 0.3748"
"9,7 : 0.3748"
"7,10 : 0.2476"
"10,7 : 0.2476"
"7,11 : 0.2508"
"11,7 : 0.2508"
"7,12 : 0.9096"
"12,7 : 0.9096"
"7,13 : 0.9541"
"13,7 : 0.9541"
"7,14 : 0.3547"
"14,7 : 0.3547"
"7,15 : 0.6075"
"15,7 : 0.6075"
"7,16 : 0.7382"
"16,7 : 0.7382"
"7,17 : 0.0224"
"17,7 : 0.0224"
"7,18 : 0.6712"
"18,7 : 0.6712"
"7,19 : 1.0847"
"19,7 : 1.0847"
"7,20 : 0.6"
"20,7 : 0.6"
"7,21 : 1.1856"
"21,7 : 1.1856"
"7,22 : 0.7106"
"22,7 : 0.7106"
"7,23 : 0.2912"
"23,7 : 0.2912"
"7,24 : 0.6675"
"24,7 : 0.6675"
"7,25 : 0.37"
"25,7 : 0.37"
"7,26 : 0.3158"
"26,7 : 0.3158"
"7,27 : 0.1404"
"27,7 : 0.1404"
"7,28 : 0.6946"
"28,7 : 0.6946"
"7,29 : 0.6689"
"29,7 : 0.6689"
"7,30 : 0.408"
"30,7 : 0.408"
"7,31 : 0.7088"
"31,7 : 0.7088"
"7,32 : 0.4826"
"32,7 : 0.4826"
"7,33 : 0.6297"
"33,7 : 0.6297"
"7,34 : 0.8969"
"34,7 : 0.8969"
"7,35 : 0.1603"
"35,7 : 0.1603"
"7,36 : 0.7425"
"36,7 : 0.7425"
"7,37 : 0.8228"
"37,7 : 0.8228"
"7,38 : 1.1129"
"38,7 : 1.1129"
"7,39 : 0.461"
"39,7 : 0.461"
"7,40 : 0.8448"
"40,7 : 0.8448"
"7,41 : 0.5725"
"41,7 : 0.5725"
"7,42 : 1.0381"
"42,7 : 1.0381"
"7,43 : 0.9661"
"43,7 : 0.9661"
"7,44 : 0.4924"
"44,7 : 0.4924"
"7,45 : 0.06"
"45,7 : 0.06"
"7,46 : 0.8654"
"46,7 : 0.8654"
"7,47 : 0.8465"
"47,7 : 0.8465"
"7,48 : 0.2642"
"48,7 : 0.2642"
"7,49 : 0.5758"
"49,7 : 0.5758"
"7,50 : 0.0608"
"50,7 : 0.0608"
"7,51 : 0.4393"
"51,7 : 0.4393"
"7,52 : 0.7026"
"52,7 : 0.7026"
"7,53 : 0.4243"
"53,7 : 0.4243"
"7,54 : 0.7543"
"54,7 : 0.7543"
"7,55 : 0.6712"
"55,7 : 0.6712"
"7,56 : 0.2865"
"56,7 : 0.2865"
"7,57 : 1.0339"
"57,7 : 1.0339"
"7,58 : 0.8246"
"58,7 : 0.8246"
"7,59 : 0.6198"
"59,7 : 0.6198"
"7,60 : 0.8645"
"60,7 : 0.8645"
"7,61 : 1.2108"
"61,7 : 1.2108"
"7,62 : 0.2961"
"62,7 : 0.2961"
"7,63 : 0.9324"
"63,7 : 0.9324"
"7,64 : 0.0806"
"64,7 : 0.0806"
"7,65 : 0.4346"
"65,7 : 0.4346"
"7,66 : 0.653"
"66,7 : 0.653"
"7,67 : 0.25"
"67,7 : 0.25"
"7,68 : 0.3688"
"68,7 : 0.3688"
"7,69 : 0.7178"
"69,7 : 0.7178"
"7,70 : 0.0632"
"70,7 : 0.0632"
"7,71 : 0.7374"
"71,7 : 0.7374"
"7,72 : 0.392"
"72,7 : 0.392"
"7,73 : 0.9276"
"73,7 : 0.9276"
"7,74 : 0.5187"
"74,7 : 0.5187"
"7,75 : 0.4357"
"75,7 : 0.4357"
"7,76 : 0.1612"
"76,7 : 0.1612"
"7,77 : 0.9202"
"77,7 : 0.9202"
"7,78 : 0.13"
"78,7 : 0.13"
"7,79 : 0.1204"
"79,7 : 0.1204"
"7,80 : 0.6172"
"80,7 : 0.6172"
"7,81 : 0.56"
"81,7 : 0.56"
"7,82 : 0.5903"
"82,7 : 0.5903"
"7,83 : 0.3401"
"83,7 : 0.3401"
"7,84 : 0.5738"
"84,7 : 0.5738"
"7,85 : 0.394"
"85,7 : 0.394"
"7,86 : 0.2088"
"86,7 : 0.2088"
"7,87 : 0.9168"
"87,7 : 0.9168"
"7,88 : 0.7052"
"88,7 : 0.7052"
"7,89 : 0.6723"
"89,7 : 0.6723"
"7,90 : 0.9372"
"90,7 : 0.9372"
"7,91 : 0.4501"
"91,7 : 0.4501"
"7,92 : 0.6894"
"92,7 : 0.6894"
"7,93 : 0.7072"
"93,7 : 0.7072"
"7,94 : 0.17"
"94,7 : 0.17"
"7,95 : 0.2608"
"95,7 : 0.2608"
"7,96 : 0.9278"
"96,7 : 0.9278"
"7,97 : 0.5936"
"97,7 : 0.5936"
"7,98 : 0.717"
"98,7 : 0.717"
"7,99 : 0.6357"
"99,7 : 0.6357"
"8,9 : 0.4211"
"9,8 : 0.4211"
"8,10 : 0.3471"
"10,8 : 0.3471"
"8,11 : 0.3195"
"11,8 : 0.3195"
"8,12 : 0.9835"
"12,8 : 0.9835"
"8,13 : 1.0462"
"13,8 : 1.0462"
"8,14 : 0.3821"
"14,8 : 0.3821"
"8,15 : 0.7102"
"15,8 : 0.7102"
"8,16 : 0.8324"
"16,8 : 0.8324"
"8,17 : 0.1044"
"17,8 : 0.1044"
"8,18 : 0.7739"
"18,8 : 0.7739"
"8,19 : 1.1819"
"19,8 : 1.1819"
"8,20 : 0.7021"
"20,8 : 0.7021"
"8,21 : 1.2822"
"21,8 : 1.2822"
"8,22 : 0.7624"
"22,8 : 0.7624"
"8,23 : 0.3712"
"23,8 : 0.3712"
"8,24 : 0.7101"
"24,8 : 0.7101"
"8,25 : 0.4518"
"25,8 : 0.4518"
"8,26 : 0.4001"
"26,8 : 0.4001"
"8,27 : 0.2062"
"27,8 : 0.2062"
"8,28 : 0.7849"
"28,8 : 0.7849"
"8,29 : 0.7603"
"29,8 : 0.7603"
"8,30 : 0.4875"
"30,8 : 0.4875"
"8,31 : 0.8096"
"31,8 : 0.8096"
"8,32 : 0.5315"
"32,8 : 0.5315"
"8,33 : 0.7325"
"33,8 : 0.7325"
"8,34 : 0.9874"
"34,8 : 0.9874"
"8,35 : 0.2247"
"35,8 : 0.2247"
"8,36 : 0.8286"
"36,8 : 0.8286"
"8,37 : 0.9038"
"37,8 : 0.9038"
"8,38 : 1.2102"
"38,8 : 1.2102"
"8,39 : 0.5558"
"39,8 : 0.5558"
"8,40 : 0.9211"
"40,8 : 0.9211"
"8,41 : 0.6604"
"41,8 : 0.6604"
"8,42 : 1.1323"
"42,8 : 1.1323"
"8,43 : 1.0604"
"43,8 : 1.0604"
"8,44 : 0.5825"
"44,8 : 0.5825"
"8,45 : 0.0583"
"45,8 : 0.0583"
"8,46 : 0.9481"
"46,8 : 0.9481"
"8,47 : 0.9464"
"47,8 : 0.9464"
"8,48 : 0.3561"
"48,8 : 0.3561"
"8,49 : 0.6778"
"49,8 : 0.6778"
"8,50 : 0.0671"
"50,8 : 0.0671"
"8,51 : 0.48"
"51,8 : 0.48"
"8,52 : 0.8053"
"52,8 : 0.8053"
"8,53 : 0.471"
"53,8 : 0.471"
"8,54 : 0.8287"
"54,8 : 0.8287"
"8,55 : 0.7739"
"55,8 : 0.7739"
"8,56 : 0.378"
"56,8 : 0.378"
"8,57 : 1.1317"
"57,8 : 1.1317"
"8,58 : 0.9079"
"58,8 : 0.9079"
"8,59 : 0.6896"
"59,8 : 0.6896"
"8,60 : 0.9654"
"60,8 : 0.9654"
"8,61 : 1.3086"
"61,8 : 1.3086"
"8,62 : 0.3413"
"62,8 : 0.3413"
"8,63 : 1.0283"
"63,8 : 1.0283"
"8,64 : 0.1803"
"64,8 : 0.1803"
"8,65 : 0.5371"
"65,8 : 0.5371"
"8,66 : 0.7501"
"66,8 : 0.7501"
"8,67 : 0.3437"
"67,8 : 0.3437"
"8,68 : 0.4684"
"68,8 : 0.4684"
"8,69 : 0.7971"
"69,8 : 0.7971"
"8,70 : 0.0424"
"70,8 : 0.0424"
"8,71 : 0.8393"
"71,8 : 0.8393"
"8,72 : 0.4941"
"72,8 : 0.4941"
"8,73 : 0.9972"
"73,8 : 0.9972"
"8,74 : 0.6122"
"74,8 : 0.6122"
"8,75 : 0.506"
"75,8 : 0.506"
"8,76 : 0.2371"
"76,8 : 0.2371"
"8,77 : 1.0183"
"77,8 : 1.0183"
"8,78 : 0.21"
"78,8 : 0.21"
"8,79 : 0.2138"
"79,8 : 0.2138"
"8,80 : 0.7049"
"80,8 : 0.7049"
"8,81 : 0.6519"
"81,8 : 0.6519"
"8,82 : 0.692"
"82,8 : 0.692"
"8,83 : 0.3635"
"83,8 : 0.3635"
"8,84 : 0.6762"
"84,8 : 0.6762"
"8,85 : 0.4802"
"85,8 : 0.4802"
"8,86 : 0.2518"
"86,8 : 0.2518"
"8,87 : 1.0132"
"87,8 : 1.0132"
"8,88 : 0.7839"
"88,8 : 0.7839"
"8,89 : 0.7559"
"89,8 : 0.7559"
"8,90 : 1.0339"
"90,8 : 1.0339"
"8,91 : 0.5415"
"91,8 : 0.5415"
"8,92 : 0.7741"
"92,8 : 0.7741"
"8,93 : 0.8099"
"93,8 : 0.8099"
"8,94 : 0.1432"
"94,8 : 0.1432"
"8,95 : 0.3513"
"95,8 : 0.3513"
"8,96 : 0.9925"
"96,8 : 0.9925"
"8,97 : 0.686"
"97,8 : 0.686"
"8,98 : 0.8139"
"98,8 : 0.8139"
"8,99 : 0.7374"
"99,8 : 0.7374"
"9,10 : 0.2983"
"10,9 : 0.2983"
"9,11 : 0.1442"
"11,9 : 0.1442"
"9,12 : 0.5867"
"12,9 : 0.5867"
"9,13 : 0.722"
"13,9 : 0.722"
"9,14 : 0.0806"
"14,9 : 0.0806"
"9,15 : 0.5714"
"15,9 : 0.5714"
"9,16 : 0.5413"
"16,9 : 0.5413"
"9,17 : 0.3962"
"17,9 : 0.3962"
"9,18 : 0.62"
"18,9 : 0.62"
"9,19 : 0.8919"
"19,9 : 0.8919"
"9,20 : 0.5401"
"20,9 : 0.5401"
"9,21 : 0.9818"
"21,9 : 0.9818"
"9,22 : 0.3413"
"22,9 : 0.3413"
"9,23 : 0.1664"
"23,9 : 0.1664"
"9,24 : 0.2927"
"24,9 : 0.2927"
"9,25 : 0.1811"
"25,9 : 0.1811"
"9,26 : 0.5673"
"26,9 : 0.5673"
"9,27 : 0.2354"
"27,9 : 0.2354"
"9,28 : 0.4701"
"28,9 : 0.4701"
"9,29 : 0.4562"
"29,9 : 0.4562"
"9,30 : 0.1811"
"30,9 : 0.1811"
"9,31 : 0.7593"
"31,9 : 0.7593"
"9,32 : 0.1105"
"32,9 : 0.1105"
"9,33 : 0.5908"
"33,9 : 0.5908"
"9,34 : 0.656"
"34,9 : 0.656"
"9,35 : 0.2159"
"35,9 : 0.2159"
"9,36 : 0.4841"
"36,9 : 0.4841"
"9,37 : 0.5315"
"37,9 : 0.5315"
"9,38 : 0.9192"
"38,9 : 0.9192"
"9,39 : 0.6213"
"39,9 : 0.6213"
"9,40 : 0.5325"
"40,9 : 0.5325"
"9,41 : 0.3493"
"41,9 : 0.3493"
"9,42 : 0.8184"
"42,9 : 0.8184"
"9,43 : 0.7517"
"43,9 : 0.7517"
"9,44 : 0.3059"
"44,9 : 0.3059"
"9,45 : 0.37"
"45,9 : 0.37"
"9,46 : 0.5805"
"46,9 : 0.5805"
"9,47 : 0.8944"
"47,9 : 0.8944"
"9,48 : 0.236"
"48,9 : 0.236"
"9,49 : 0.6236"
"49,9 : 0.6236"
"9,50 : 0.36"
"50,9 : 0.36"
"9,51 : 0.0671"
"51,9 : 0.0671"
"9,52 : 0.7046"
"52,9 : 0.7046"
"9,53 : 0.05"
"53,9 : 0.05"
"9,54 : 0.4383"
"54,9 : 0.4383"
"9,55 : 0.62"
"55,9 : 0.62"
"9,56 : 0.2332"
"56,9 : 0.2332"
"9,57 : 0.85"
"57,9 : 0.85"
"9,58 : 0.5445"
"58,9 : 0.5445"
"9,59 : 0.2941"
"59,9 : 0.2941"
"9,60 : 0.7376"
"60,9 : 0.7376"
"9,61 : 1.0187"
"61,9 : 1.0187"
"9,62 : 0.08"
"62,9 : 0.08"
"9,63 : 0.7343"
"63,9 : 0.7343"
"9,64 : 0.3863"
"64,9 : 0.3863"
"9,65 : 0.5016"
"65,9 : 0.5016"
"9,66 : 0.4973"
"66,9 : 0.4973"
"9,67 : 0.4827"
"67,9 : 0.4827"
"9,68 : 0.5104"
"68,9 : 0.5104"
"9,69 : 0.4245"
"69,9 : 0.4245"
"9,70 : 0.39"
"70,9 : 0.39"
"9,71 : 0.758"
"71,9 : 0.758"
"9,72 : 0.3922"
"72,9 : 0.3922"
"9,73 : 0.5909"
"73,9 : 0.5909"
"9,74 : 0.3551"
"74,9 : 0.3551"
"9,75 : 0.1432"
"75,9 : 0.1432"
"9,76 : 0.2247"
"76,9 : 0.2247"
"9,77 : 0.7473"
"77,9 : 0.7473"
"9,78 : 0.4569"
"78,9 : 0.4569"
"9,79 : 0.4205"
"79,9 : 0.4205"
"9,80 : 0.3847"
"80,9 : 0.3847"
"9,81 : 0.722"
"81,9 : 0.722"
"9,82 : 0.52"
"82,9 : 0.52"
"9,83 : 0.1"
"83,9 : 0.1"
"9,84 : 0.6088"
"84,9 : 0.6088"
"9,85 : 0.2202"
"85,9 : 0.2202"
"9,86 : 0.17"
"86,9 : 0.17"
"9,87 : 0.7247"
"87,9 : 0.7247"
"9,88 : 0.4104"
"88,9 : 0.4104"
"9,89 : 0.4061"
"89,9 : 0.4061"
"9,90 : 0.7471"
"90,9 : 0.7471"
"9,91 : 0.636"
"91,9 : 0.636"
"9,92 : 0.428"
"92,9 : 0.428"
"9,93 : 0.6503"
"93,9 : 0.6503"
"9,94 : 0.3036"
"94,9 : 0.3036"
"9,95 : 0.5045"
"95,9 : 0.5045"
"9,96 : 0.5787"
"96,9 : 0.5787"
"9,97 : 0.4016"
"97,9 : 0.4016"
"9,98 : 0.5503"
"98,9 : 0.5503"
"9,99 : 0.6791"
"99,9 : 0.6791"
"10,11 : 0.1655"
"11,10 : 0.1655"
"10,12 : 0.7026"
"12,10 : 0.7026"
"10,13 : 0.712"
"13,10 : 0.712"
"10,14 : 0.3354"
"14,10 : 0.3354"
"10,15 : 0.3716"
"15,10 : 0.3716"
"10,16 : 0.494"
"16,10 : 0.494"
"10,17 : 0.2561"
"17,10 : 0.2561"
"10,18 : 0.4338"
"18,10 : 0.4338"
"10,19 : 0.8374"
"19,10 : 0.8374"
"10,20 : 0.3585"
"20,10 : 0.3585"
"10,21 : 0.9386"
"21,10 : 0.9386"
"10,22 : 0.5665"
"22,10 : 0.5665"
"10,23 : 0.1345"
"23,10 : 0.1345"
"10,24 : 0.5507"
"24,10 : 0.5507"
"10,25 : 0.1772"
"25,10 : 0.1772"
"10,26 : 0.2778"
"26,10 : 0.2778"
"10,27 : 0.1844"
"27,10 : 0.1844"
"10,28 : 0.4569"
"28,10 : 0.4569"
"10,29 : 0.4295"
"29,10 : 0.4295"
"10,30 : 0.2159"
"30,10 : 0.2159"
"10,31 : 0.5104"
"31,10 : 0.5104"
"10,32 : 0.372"
"32,10 : 0.372"
"10,33 : 0.394"
"33,10 : 0.394"
"10,34 : 0.6574"
"34,10 : 0.6574"
"10,35 : 0.1811"
"35,10 : 0.1811"
"10,36 : 0.5124"
"36,10 : 0.5124"
"10,37 : 0.6021"
"37,10 : 0.6021"
"10,38 : 0.8656"
"38,10 : 0.8656"
"10,39 : 0.3265"
"39,10 : 0.3265"
"10,40 : 0.6339"
"40,10 : 0.6339"
"10,41 : 0.3421"
"41,10 : 0.3421"
"10,42 : 0.7932"
"42,10 : 0.7932"
"10,43 : 0.7211"
"43,10 : 0.7211"
"10,44 : 0.2596"
"44,10 : 0.2596"
"10,45 : 0.2921"
"45,10 : 0.2921"
"10,46 : 0.6403"
"46,10 : 0.6403"
"10,47 : 0.6507"
"47,10 : 0.6507"
"10,48 : 0.064"
"48,10 : 0.064"
"10,49 : 0.3705"
"49,10 : 0.3705"
"10,50 : 0.286"
"50,10 : 0.286"
"10,51 : 0.3607"
"51,10 : 0.3607"
"10,52 : 0.4827"
"52,10 : 0.4827"
"10,53 : 0.3324"
"53,10 : 0.3324"
"10,54 : 0.5504"
"54,10 : 0.5504"
"10,55 : 0.4338"
"55,10 : 0.4338"
"10,56 : 0.0762"
"56,10 : 0.0762"
"10,57 : 0.7864"
"57,10 : 0.7864"
"10,58 : 0.5991"
"58,10 : 0.5991"
"10,59 : 0.4342"
"59,10 : 0.4342"
"10,60 : 0.6185"
"60,10 : 0.6185"
"10,61 : 0.9633"
"61,10 : 0.9633"
"10,62 : 0.255"
"62,10 : 0.255"
"10,63 : 0.686"
"63,10 : 0.686"
"10,64 : 0.1924"
"64,10 : 0.1924"
"10,65 : 0.2302"
"65,10 : 0.2302"
"10,66 : 0.4061"
"66,10 : 0.4061"
"10,67 : 0.197"
"67,10 : 0.197"
"10,68 : 0.2147"
"68,10 : 0.2147"
"10,69 : 0.5036"
"69,10 : 0.5036"
"10,70 : 0.3048"
"70,10 : 0.3048"
"10,71 : 0.5261"
"71,10 : 0.5261"
"10,72 : 0.1523"
"72,10 : 0.1523"
"10,73 : 0.7301"
"73,10 : 0.7301"
"10,74 : 0.2773"
"74,10 : 0.2773"
"10,75 : 0.2693"
"75,10 : 0.2693"
"10,76 : 0.1513"
"76,10 : 0.1513"
"10,77 : 0.6727"
"77,10 : 0.6727"
"10,78 : 0.2354"
"78,10 : 0.2354"
"10,79 : 0.1965"
"79,10 : 0.1965"
"10,80 : 0.386"
"80,10 : 0.386"
"10,81 : 0.4295"
"81,10 : 0.4295"
"10,82 : 0.3467"
"82,10 : 0.3467"
"10,83 : 0.3362"
"83,10 : 0.3362"
"10,84 : 0.3622"
"84,10 : 0.3622"
"10,85 : 0.1803"
"85,10 : 0.1803"
"10,86 : 0.2309"
"86,10 : 0.2309"
"10,87 : 0.6701"
"87,10 : 0.6701"
"10,88 : 0.4925"
"88,10 : 0.4925"
"10,89 : 0.4491"
"89,10 : 0.4491"
"10,90 : 0.6903"
"90,10 : 0.6903"
"10,91 : 0.3384"
"91,10 : 0.3384"
"10,92 : 0.4632"
"92,10 : 0.4632"
"10,93 : 0.4696"
"93,10 : 0.4696"
"10,94 : 0.3353"
"94,10 : 0.3353"
"10,95 : 0.2193"
"95,10 : 0.2193"
"10,96 : 0.7417"
"96,10 : 0.7417"
"10,97 : 0.3534"
"97,10 : 0.3534"
"10,98 : 0.4701"
"98,10 : 0.4701"
"10,99 : 0.431"
"99,10 : 0.431"
"11,12 : 0.6641"
"12,11 : 0.6641"
"11,13 : 0.7433"
"13,11 : 0.7433"
"11,14 : 0.17"
"14,11 : 0.17"
"11,15 : 0.4965"
"15,11 : 0.4965"
"11,16 : 0.5391"
"16,11 : 0.5391"
"11,17 : 0.2702"
"17,11 : 0.2702"
"11,18 : 0.5532"
"18,11 : 0.5532"
"11,19 : 0.895"
"19,11 : 0.895"
"11,20 : 0.473"
"20,11 : 0.473"
"11,21 : 0.9916"
"21,11 : 0.9916"
"11,22 : 0.4627"
"22,11 : 0.4627"
"11,23 : 0.0671"
"23,11 : 0.0671"
"11,24 : 0.4272"
"24,11 : 0.4272"
"11,25 : 0.1414"
"25,11 : 0.1414"
"11,26 : 0.4245"
"26,11 : 0.4245"
"11,27 : 0.114"
"27,11 : 0.114"
"11,28 : 0.481"
"28,11 : 0.481"
"11,29 : 0.4597"
"29,11 : 0.4597"
"11,30 : 0.172"
"30,11 : 0.172"
"11,31 : 0.6619"
"31,11 : 0.6619"
"11,32 : 0.2404"
"32,11 : 0.2404"
"11,33 : 0.5179"
"33,11 : 0.5179"
"11,34 : 0.6812"
"34,11 : 0.6812"
"11,35 : 0.0949"
"35,11 : 0.0949"
"11,36 : 0.5161"
"36,11 : 0.5161"
"11,37 : 0.5859"
"37,11 : 0.5859"
"11,38 : 0.9231"
"38,11 : 0.9231"
"11,39 : 0.4919"
"39,11 : 0.4919"
"11,40 : 0.6017"
"40,11 : 0.6017"
"11,41 : 0.3538"
"41,11 : 0.3538"
"11,42 : 0.8344"
"42,11 : 0.8344"
"11,43 : 0.7638"
"43,11 : 0.7638"
"11,44 : 0.2843"
"44,11 : 0.2843"
"11,45 : 0.2625"
"45,11 : 0.2625"
"11,46 : 0.6313"
"46,11 : 0.6313"
"11,47 : 0.801"
"47,11 : 0.801"
"11,48 : 0.1118"
"48,11 : 0.1118"
"11,49 : 0.5224"
"49,11 : 0.5224"
"11,50 : 0.253"
"50,11 : 0.253"
"11,51 : 0.211"
"51,11 : 0.211"
"11,52 : 0.6213"
"52,11 : 0.6213"
"11,53 : 0.1879"
"53,11 : 0.1879"
"11,54 : 0.5092"
"54,11 : 0.5092"
"11,55 : 0.5532"
"55,11 : 0.5532"
"11,56 : 0.12"
"56,11 : 0.12"
"11,57 : 0.8481"
"57,11 : 0.8481"
"11,58 : 0.5917"
"58,11 : 0.5917"
"11,59 : 0.3711"
"59,11 : 0.3711"
"11,60 : 0.7066"
"60,11 : 0.7066"
"11,61 : 1.023"
"61,11 : 1.023"
"11,62 : 0.0894"
"62,11 : 0.0894"
"11,63 : 0.7376"
"63,11 : 0.7376"
"11,64 : 0.2474"
"64,11 : 0.2474"
"11,65 : 0.3883"
"65,11 : 0.3883"
"11,66 : 0.4717"
"66,11 : 0.4717"
"11,67 : 0.3397"
"67,11 : 0.3397"
"11,68 : 0.3801"
"68,11 : 0.3801"
"11,69 : 0.4785"
"69,11 : 0.4785"
"11,70 : 0.2816"
"70,11 : 0.2816"
"11,71 : 0.6701"
"71,11 : 0.6701"
"11,72 : 0.2902"
"72,11 : 0.2902"
"11,73 : 0.6791"
"73,11 : 0.6791"
"11,74 : 0.3245"
"74,11 : 0.3245"
"11,75 : 0.1868"
"75,11 : 0.1868"
"11,76 : 0.09"
"76,11 : 0.09"
"11,77 : 0.7382"
"77,11 : 0.7382"
"11,78 : 0.3162"
"78,11 : 0.3162"
"11,79 : 0.2786"
"79,11 : 0.2786"
"11,80 : 0.397"
"80,11 : 0.397"
"11,81 : 0.5951"
"81,11 : 0.5951"
"11,82 : 0.4561"
"82,11 : 0.4561"
"11,83 : 0.1709"
"83,11 : 0.1709"
"11,84 : 0.5109"
"84,11 : 0.5109"
"11,85 : 0.178"
"85,11 : 0.178"
"11,86 : 0.0943"
"86,11 : 0.0943"
"11,87 : 0.7247"
"87,11 : 0.7247"
"11,88 : 0.4652"
"88,11 : 0.4652"
"11,89 : 0.441"
"89,11 : 0.441"
"11,90 : 0.7465"
"90,11 : 0.7465"
"11,91 : 0.5025"
"91,11 : 0.5025"
"11,92 : 0.4604"
"92,11 : 0.4604"
"11,93 : 0.5869"
"93,11 : 0.5869"
"11,94 : 0.2404"
"94,11 : 0.2404"
"11,95 : 0.3612"
"95,11 : 0.3612"
"11,96 : 0.6774"
"96,11 : 0.6774"
"11,97 : 0.3905"
"97,11 : 0.3905"
"11,98 : 0.5325"
"98,11 : 0.5325"
"11,99 : 0.5814"
"99,11 : 0.5814"
"12,13 : 0.3008"
"13,12 : 0.3008"
"12,14 : 0.6573"
"14,12 : 0.6573"
"12,15 : 0.6172"
"15,12 : 0.6172"
"12,16 : 0.3441"
"16,12 : 0.3441"
"12,17 : 0.9265"
"17,12 : 0.9265"
"12,18 : 0.6075"
"18,12 : 0.6075"
"12,19 : 0.4837"
"19,12 : 0.4837"
"12,20 : 0.577"
"20,12 : 0.577"
"12,21 : 0.5308"
"21,12 : 0.5308"
"12,22 : 0.3106"
"22,12 : 0.3106"
"12,23 : 0.6185"
"23,12 : 0.6185"
"12,24 : 0.3966"
"24,12 : 0.3966"
"12,25 : 0.5413"
"25,12 : 0.5413"
"12,26 : 0.9434"
"26,12 : 0.9434"
"12,27 : 0.7779"
"27,12 : 0.7779"
"12,28 : 0.3046"
"28,12 : 0.3046"
"12,29 : 0.3324"
"29,12 : 0.3324"
"12,30 : 0.5022"
"30,12 : 0.5022"
"12,31 : 0.8154"
"31,12 : 0.8154"
"12,32 : 0.4883"
"32,12 : 0.4883"
"12,33 : 0.6177"
"33,12 : 0.6177"
"12,34 : 0.255"
"34,12 : 0.255"
"12,35 : 0.7589"
"35,12 : 0.7589"
"12,36 : 0.2285"
"36,12 : 0.2285"
"12,37 : 0.1253"
"37,12 : 0.1253"
"12,38 : 0.5016"
"38,12 : 0.5016"
"12,39 : 0.8806"
"39,12 : 0.8806"
"12,40 : 0.0707"
"40,12 : 0.0707"
"12,41 : 0.3712"
"41,12 : 0.3712"
"12,42 : 0.3821"
"42,12 : 0.3821"
"12,43 : 0.3544"
"43,12 : 0.3544"
"12,44 : 0.4501"
"44,12 : 0.4501"
"12,45 : 0.9266"
"45,12 : 0.9266"
"12,46 : 0.1281"
"46,12 : 0.1281"
"12,47 : 0.8927"
"47,12 : 0.8927"
"12,48 : 0.6576"
"48,12 : 0.6576"
"12,49 : 0.7473"
"49,12 : 0.7473"
"12,50 : 0.9171"
"50,12 : 0.9171"
"12,51 : 0.5522"
"51,12 : 0.5522"
"12,52 : 0.7185"
"52,12 : 0.7185"
"12,53 : 0.5438"
"53,12 : 0.5438"
"12,54 : 0.1552"
"54,12 : 0.1552"
"12,55 : 0.6075"
"55,12 : 0.6075"
"12,56 : 0.6364"
"56,12 : 0.6364"
"12,57 : 0.473"
"57,12 : 0.473"
"12,58 : 0.15"
"58,12 : 0.15"
"12,59 : 0.2955"
"59,12 : 0.2955"
"12,60 : 0.522"
"60,12 : 0.522"
"12,61 : 0.5803"
"61,12 : 0.5803"
"12,62 : 0.6574"
"62,12 : 0.6574"
"12,63 : 0.3808"
"63,12 : 0.3808"
"12,64 : 0.8828"
"64,12 : 0.8828"
"12,65 : 0.7301"
"65,12 : 0.7301"
"12,66 : 0.4249"
"66,12 : 0.4249"
"12,67 : 0.8802"
"67,12 : 0.8802"
"12,68 : 0.8105"
"68,12 : 0.8105"
"12,69 : 0.2"
"69,12 : 0.2"
"12,70 : 0.9456"
"70,12 : 0.9456"
"12,71 : 0.772"
"71,12 : 0.772"
"12,72 : 0.645"
"72,12 : 0.645"
"12,73 : 0.0583"
"73,12 : 0.0583"
"12,74 : 0.454"
"74,12 : 0.454"
"12,75 : 0.4776"
"75,12 : 0.4776"
"12,76 : 0.75"
"76,12 : 0.75"
"12,77 : 0.4383"
"77,12 : 0.4383"
"12,78 : 0.9365"
"78,12 : 0.9365"
"12,79 : 0.8968"
"79,12 : 0.8968"
"12,80 : 0.3338"
"80,12 : 0.3338"
"12,81 : 0.9398"
"81,12 : 0.9398"
"12,82 : 0.5595"
"82,12 : 0.5595"
"12,83 : 0.6796"
"83,12 : 0.6796"
"12,84 : 0.725"
"84,12 : 0.725"
"12,85 : 0.5247"
"85,12 : 0.5247"
"12,86 : 0.7393"
"86,12 : 0.7393"
"12,87 : 0.3891"
"87,12 : 0.3891"
"12,88 : 0.2102"
"88,12 : 0.2102"
"12,89 : 0.2617"
"89,12 : 0.2617"
"12,90 : 0.4031"
"90,12 : 0.4031"
"12,91 : 0.9168"
"91,12 : 0.9168"
"12,92 : 0.255"
"92,12 : 0.255"
"12,93 : 0.608"
"93,12 : 0.608"
"12,94 : 0.8857"
"94,12 : 0.8857"
"12,95 : 0.9005"
"95,12 : 0.9005"
"12,96 : 0.117"
"96,12 : 0.117"
"12,97 : 0.3905"
"97,12 : 0.3905"
"12,98 : 0.4022"
"98,12 : 0.4022"
"12,99 : 0.7654"
"99,12 : 0.7654"
"13,14 : 0.8021"
"14,13 : 0.8021"
"13,15 : 0.4701"
"15,13 : 0.4701"
"13,16 : 0.2193"
"16,13 : 0.2193"
"13,17 : 0.9657"
"17,13 : 0.9657"
"13,18 : 0.4319"
"18,13 : 0.4319"
"13,19 : 0.191"
"19,13 : 0.191"
"13,20 : 0.4418"
"20,13 : 0.4418"
"13,21 : 0.264"
"21,13 : 0.264"
"13,22 : 0.5573"
"22,13 : 0.5573"
"13,23 : 0.6812"
"23,13 : 0.6812"
"13,24 : 0.6356"
