x,y
0.04,0.92
0.85,0.61
0.43,0.64
0.25,0.91
0.9,0.02
0.27,0.57
0.2,0.01
0.0,0.77
0.39,0.9
0.28,0.08
0.28,0.63
0.97,0.85
1.0,0.62
0.15,0.45
0.38,0.4
0.36,0.27
0.61,0.52
0.88,0.08
0.34,0.73
0.86,0.42
0.37,0.41
0.36,0.92
0.63,0.94
0.56,0.03
0.31,0.72
0.78,0.44
0.73,0.97
0.25,0.11
0.89,0.1
0.5,0.96
0.1,0.22
0.58,0.38
0.67,0.83
0.15,0.67
0.57,0.1
0.26,0.55
0.85,0.58
0.19,0.81
0.58,0.82
0.57,0.29
0.71,0.16
0.62,0.15
0.05,0.03
0.53,0.77
0.64,0.64
0.82,0.5
0.35,0.34
0.38,0.54
0.94,0.12
0.06,0.9
0.73,0.01
0.17,0.37
0.04,0.95
0.17,0.79
0.58,0.13
0.19,0.69
0.91,0.52
0.43,0.29
0.86,0.92
0.19,0.84
0.56,0.55
0.36,0.35
0.32,0.71
0.66,0.58
0.11,0.03
0.16,0.19
0.42,0.37
0.14,0.96
0.04,0.37
0.8,0.82
0.55,0.58
0.34,0.74
0.17,0.05
0.85,0.01
0.64,0.88
0.05,0.94
0.81,0.3
0.53,0.54
0.85,0.28
0.72,0.88
0.95,0.64
0.92,0.63
0.97,0.97
0.3,0.04
0.63,0.68
0.7,0.9
0.85,0.84
0.55,0.7
0.74,0.23
0.24,0.73
0.17,0.61
0.59,0.78
0.46,0.38
0.36,0.83
0.48,0.01
0.58,0.91
0.52,0.51
0.19,0.5
0.6,0.92
0.84,0.38

Distanze
"0,1 : 0.8673"
"1,0 : 0.8673"
"0,2 : 0.4801"
"2,0 : 0.4801"
"0,3 : 0.2102"
"3,0 : 0.2102"
"0,4 : 1.2448"
"4,0 : 1.2448"
"0,5 : 0.4188"
"5,0 : 0.4188"
"0,6 : 0.924"
"6,0 : 0.924"
"0,7 : 0.1552"
"7,0 : 0.1552"
"0,8 : 0.3506"
"8,0 : 0.3506"
"0,9 : 0.8736"
"9,0 : 0.8736"
"0,10 : 0.3764"
"10,0 : 0.3764"
"0,11 : 0.9326"
"11,0 : 0.9326"
"0,12 : 1.0058"
"12,0 : 1.0058"
"0,13 : 0.4827"
"13,0 : 0.4827"
"0,14 : 0.6213"
"14,0 : 0.6213"
"0,15 : 0.7245"
"15,0 : 0.7245"
"0,16 : 0.6963"
"16,0 : 0.6963"
"0,17 : 1.1879"
"17,0 : 1.1879"
"0,18 : 0.3551"
"18,0 : 0.3551"
"0,19 : 0.9604"
"19,0 : 0.9604"
"0,20 : 0.6075"
"20,0 : 0.6075"
"0,21 : 0.32"
"21,0 : 0.32"
"0,22 : 0.5903"
"22,0 : 0.5903"
"0,23 : 1.0308"
"23,0 : 1.0308"
"0,24 : 0.336"
"24,0 : 0.336"
"0,25 : 0.882"
"25,0 : 0.882"
"0,26 : 0.6918"
"26,0 : 0.6918"
"0,27 : 0.8368"
"27,0 : 0.8368"
"0,28 : 1.1811"
"28,0 : 1.1811"
"0,29 : 0.4617"
"29,0 : 0.4617"
"0,30 : 0.7026"
"30,0 : 0.7026"
"0,31 : 0.7637"
"31,0 : 0.7637"
"0,32 : 0.6364"
"32,0 : 0.6364"
"0,33 : 0.2731"
"33,0 : 0.2731"
"0,34 : 0.9764"
"34,0 : 0.9764"
"0,35 : 0.4305"
"35,0 : 0.4305"
"0,36 : 0.8785"
"36,0 : 0.8785"
"0,37 : 0.186"
"37,0 : 0.186"
"0,38 : 0.5492"
"38,0 : 0.5492"
"0,39 : 0.8233"
"39,0 : 0.8233"
"0,40 : 1.0132"
"40,0 : 1.0132"
"0,41 : 0.964"
"41,0 : 0.964"
"0,42 : 0.8901"
"42,0 : 0.8901"
"0,43 : 0.5124"
"43,0 : 0.5124"
"0,44 : 0.6621"
"44,0 : 0.6621"
"0,45 : 0.8859"
"45,0 : 0.8859"
"0,46 : 0.6576"
"46,0 : 0.6576"
"0,47 : 0.5099"
"47,0 : 0.5099"
"0,48 : 1.2042"
"48,0 : 1.2042"
"0,49 : 0.0283"
"49,0 : 0.0283"
"0,50 : 1.142"
"50,0 : 1.142"
"0,51 : 0.5652"
"51,0 : 0.5652"
"0,52 : 0.03"
"52,0 : 0.03"
"0,53 : 0.1838"
"53,0 : 0.1838"
"0,54 : 0.9569"
"54,0 : 0.9569"
"0,55 : 0.2746"
"55,0 : 0.2746"
"0,56 : 0.9575"
"56,0 : 0.9575"
"0,57 : 0.7409"
"57,0 : 0.7409"
"0,58 : 0.82"
"58,0 : 0.82"
"0,59 : 0.17"
"59,0 : 0.17"
"0,60 : 0.6382"
"60,0 : 0.6382"
"0,61 : 0.6537"
"61,0 : 0.6537"
"0,62 : 0.35"
"62,0 : 0.35"
"0,63 : 0.7071"
"63,0 : 0.7071"
"0,64 : 0.8927"
"64,0 : 0.8927"
"0,65 : 0.7398"
"65,0 : 0.7398"
"0,66 : 0.6685"
"66,0 : 0.6685"
"0,67 : 0.1077"
"67,0 : 0.1077"
"0,68 : 0.55"
"68,0 : 0.55"
"0,69 : 0.7666"
"69,0 : 0.7666"
"0,70 : 0.6129"
"70,0 : 0.6129"
"0,71 : 0.3499"
"71,0 : 0.3499"
"0,72 : 0.8797"
"72,0 : 0.8797"
"0,73 : 1.2183"
"73,0 : 1.2183"
"0,74 : 0.6013"
"74,0 : 0.6013"
"0,75 : 0.0224"
"75,0 : 0.0224"
"0,76 : 0.9886"
"76,0 : 0.9886"
"0,77 : 0.6201"
"77,0 : 0.6201"
"0,78 : 1.0323"
"78,0 : 1.0323"
"0,79 : 0.6812"
"79,0 : 0.6812"
"0,80 : 0.9521"
"80,0 : 0.9521"
"0,81 : 0.9266"
"81,0 : 0.9266"
"0,82 : 0.9313"
"82,0 : 0.9313"
"0,83 : 0.9176"
"83,0 : 0.9176"
"0,84 : 0.6369"
"84,0 : 0.6369"
"0,85 : 0.6603"
"85,0 : 0.6603"
"0,86 : 0.8139"
"86,0 : 0.8139"
"0,87 : 0.5554"
"87,0 : 0.5554"
"0,88 : 0.9829"
"88,0 : 0.9829"
"0,89 : 0.2759"
"89,0 : 0.2759"
"0,90 : 0.3362"
"90,0 : 0.3362"
"0,91 : 0.5675"
"91,0 : 0.5675"
"0,92 : 0.6841"
"92,0 : 0.6841"
"0,93 : 0.3324"
"93,0 : 0.3324"
"0,94 : 1.0108"
"94,0 : 1.0108"
"0,95 : 0.5401"
"95,0 : 0.5401"
"0,96 : 0.6313"
"96,0 : 0.6313"
"0,97 : 0.446"
"97,0 : 0.446"
"0,98 : 0.56"
"98,0 : 0.56"
"0,99 : 0.9652"
"99,0 : 0.9652"
"1,2 : 0.4211"
"2,1 : 0.4211"
"1,3 : 0.6708"
"3,1 : 0.6708"
"1,4 : 0.5921"
"4,1 : 0.5921"
"1,5 : 0.5814"
"5,1 : 0.5814"
"1,6 : 0.8846"
"6,1 : 0.8846"
"1,7 : 0.8649"
"7,1 : 0.8649"
"1,8 : 0.5438"
"8,1 : 0.5438"
"1,9 : 0.7783"
"9,1 : 0.7783"
"1,10 : 0.5704"
"10,1 : 0.5704"
"1,11 : 0.2683"
"11,1 : 0.2683"
"1,12 : 0.1503"
"12,1 : 0.1503"
"1,13 : 0.7181"
"13,1 : 0.7181"
"1,14 : 0.5148"
"14,1 : 0.5148"
"1,15 : 0.5964"
"15,1 : 0.5964"
"1,16 : 0.2563"
"16,1 : 0.2563"
"1,17 : 0.5308"
"17,1 : 0.5308"
"1,18 : 0.5239"
"18,1 : 0.5239"
"1,19 : 0.1903"
"19,1 : 0.1903"
"1,20 : 0.52"
"20,1 : 0.52"
"1,21 : 0.5798"
"21,1 : 0.5798"
"1,22 : 0.3966"
"22,1 : 0.3966"
"1,23 : 0.6485"
"23,1 : 0.6485"
"1,24 : 0.5511"
"24,1 : 0.5511"
"1,25 : 0.1838"
"25,1 : 0.1838"
"1,26 : 0.3795"
"26,1 : 0.3795"
"1,27 : 0.781"
"27,1 : 0.781"
"1,28 : 0.5116"
"28,1 : 0.5116"
"1,29 : 0.495"
"29,1 : 0.495"
"1,30 : 0.8453"
"30,1 : 0.8453"
"1,31 : 0.3547"
"31,1 : 0.3547"
"1,32 : 0.2843"
"32,1 : 0.2843"
"1,33 : 0.7026"
"33,1 : 0.7026"
"1,34 : 0.5818"
"34,1 : 0.5818"
"1,35 : 0.593"
"35,1 : 0.593"
"1,36 : 0.03"
"36,1 : 0.03"
"1,37 : 0.6896"
"37,1 : 0.6896"
"1,38 : 0.3421"
"38,1 : 0.3421"
"1,39 : 0.4252"
"39,1 : 0.4252"
"1,40 : 0.4713"
"40,1 : 0.4713"
"1,41 : 0.5143"
"41,1 : 0.5143"
"1,42 : 0.9881"
"42,1 : 0.9881"
"1,43 : 0.3578"
"43,1 : 0.3578"
"1,44 : 0.2121"
"44,1 : 0.2121"
"1,45 : 0.114"
"45,1 : 0.114"
"1,46 : 0.5682"
"46,1 : 0.5682"
"1,47 : 0.4752"
"47,1 : 0.4752"
"1,48 : 0.4982"
"48,1 : 0.4982"
"1,49 : 0.8415"
"49,1 : 0.8415"
"1,50 : 0.6119"
"50,1 : 0.6119"
"1,51 : 0.7211"
"51,1 : 0.7211"
"1,52 : 0.8785"
"52,1 : 0.8785"
"1,53 : 0.7034"
"53,1 : 0.7034"
"1,54 : 0.5507"
"54,1 : 0.5507"
"1,55 : 0.6648"
"55,1 : 0.6648"
"1,56 : 0.1082"
"56,1 : 0.1082"
"1,57 : 0.528"
"57,1 : 0.528"
"1,58 : 0.3102"
"58,1 : 0.3102"
"1,59 : 0.6989"
"59,1 : 0.6989"
"1,60 : 0.2961"
"60,1 : 0.2961"
"1,61 : 0.5547"
"61,1 : 0.5547"
"1,62 : 0.5394"
"62,1 : 0.5394"
"1,63 : 0.1924"
"63,1 : 0.1924"
"1,64 : 0.9402"
"64,1 : 0.9402"
"1,65 : 0.8078"
"65,1 : 0.8078"
"1,66 : 0.4924"
"66,1 : 0.4924"
"1,67 : 0.7916"
"67,1 : 0.7916"
"1,68 : 0.8448"
"68,1 : 0.8448"
"1,69 : 0.2159"
"69,1 : 0.2159"
"1,70 : 0.3015"
"70,1 : 0.3015"
"1,71 : 0.5263"
"71,1 : 0.5263"
"1,72 : 0.8809"
"72,1 : 0.8809"
"1,73 : 0.6"
"73,1 : 0.6"
"1,74 : 0.3421"
"74,1 : 0.3421"
"1,75 : 0.8654"
"75,1 : 0.8654"
"1,76 : 0.3126"
"76,1 : 0.3126"
"1,77 : 0.3276"
"77,1 : 0.3276"
"1,78 : 0.33"
"78,1 : 0.33"
"1,79 : 0.2997"
"79,1 : 0.2997"
"1,80 : 0.1044"
"80,1 : 0.1044"
"1,81 : 0.0728"
"81,1 : 0.0728"
"1,82 : 0.3795"
"82,1 : 0.3795"
"1,83 : 0.7921"
"83,1 : 0.7921"
"1,84 : 0.2309"
"84,1 : 0.2309"
"1,85 : 0.3265"
"85,1 : 0.3265"
"1,86 : 0.23"
"86,1 : 0.23"
"1,87 : 0.3132"
"87,1 : 0.3132"
"1,88 : 0.3956"
"88,1 : 0.3956"
"1,89 : 0.6217"
"89,1 : 0.6217"
"1,90 : 0.68"
"90,1 : 0.68"
"1,91 : 0.3106"
"91,1 : 0.3106"
"1,92 : 0.4528"
"92,1 : 0.4528"
"1,93 : 0.5371"
"93,1 : 0.5371"
"1,94 : 0.7049"
"94,1 : 0.7049"
"1,95 : 0.4036"
"95,1 : 0.4036"
"1,96 : 0.3448"
"96,1 : 0.3448"
"1,97 : 0.6691"
"97,1 : 0.6691"
"1,98 : 0.3982"
"98,1 : 0.3982"
"1,99 : 0.2302"
"99,1 : 0.2302"
"2,3 : 0.3245"
"3,2 : 0.3245"
"2,4 : 0.778"
"4,2 : 0.778"
"2,5 : 0.1746"
"5,2 : 0.1746"
"2,6 : 0.6707"
"6,2 : 0.6707"
"2,7 : 0.4492"
"7,2 : 0.4492"
"2,8 : 0.2631"
"8,2 : 0.2631"
"2,9 : 0.5797"
"9,2 : 0.5797"
"2,10 : 0.1503"
"10,2 : 0.1503"
"2,11 : 0.5794"
"11,2 : 0.5794"
"2,12 : 0.5704"
"12,2 : 0.5704"
"2,13 : 0.3384"
"13,2 : 0.3384"
"2,14 : 0.2452"
"14,2 : 0.2452"
"2,15 : 0.3766"
"15,2 : 0.3766"
"2,16 : 0.2163"
"16,2 : 0.2163"
"2,17 : 0.7184"
"17,2 : 0.7184"
"2,18 : 0.1273"
"18,2 : 0.1273"
"2,19 : 0.483"
"19,2 : 0.483"
"2,20 : 0.2377"
"20,2 : 0.2377"
"2,21 : 0.2886"
"21,2 : 0.2886"
"2,22 : 0.3606"
"22,2 : 0.3606"
"2,23 : 0.6237"
"23,2 : 0.6237"
"2,24 : 0.1442"
"24,2 : 0.1442"
"2,25 : 0.4031"
"25,2 : 0.4031"
"2,26 : 0.446"
"26,2 : 0.446"
"2,27 : 0.5597"
"27,2 : 0.5597"
"2,28 : 0.7094"
"28,2 : 0.7094"
"2,29 : 0.3276"
"29,2 : 0.3276"
"2,30 : 0.5341"
"30,2 : 0.5341"
"2,31 : 0.3002"
"31,2 : 0.3002"
"2,32 : 0.3061"
"32,2 : 0.3061"
"2,33 : 0.2816"
"33,2 : 0.2816"
"2,34 : 0.5579"
"34,2 : 0.5579"
"2,35 : 0.1924"
"35,2 : 0.1924"
"2,36 : 0.4243"
"36,2 : 0.4243"
"2,37 : 0.2941"
"37,2 : 0.2941"
"2,38 : 0.2343"
"38,2 : 0.2343"
"2,39 : 0.377"
"39,2 : 0.377"
"2,40 : 0.5557"
"40,2 : 0.5557"
"2,41 : 0.5255"
"41,2 : 0.5255"
"2,42 : 0.7187"
"42,2 : 0.7187"
"2,43 : 0.164"
"43,2 : 0.164"
"2,44 : 0.21"
"44,2 : 0.21"
"2,45 : 0.4144"
"45,2 : 0.4144"
"2,46 : 0.3105"
"46,2 : 0.3105"
"2,47 : 0.1118"
"47,2 : 0.1118"
"2,48 : 0.7284"
"48,2 : 0.7284"
"2,49 : 0.4522"
"49,2 : 0.4522"
"2,50 : 0.6978"
"50,2 : 0.6978"
"2,51 : 0.3748"
"51,2 : 0.3748"
"2,52 : 0.4982"
"52,2 : 0.4982"
"2,53 : 0.3002"
"53,2 : 0.3002"
"2,54 : 0.5316"
"54,2 : 0.5316"
"2,55 : 0.2452"
"55,2 : 0.2452"
"2,56 : 0.4948"
"56,2 : 0.4948"
"2,57 : 0.35"
"57,2 : 0.35"
"2,58 : 0.5131"
"58,2 : 0.5131"
"2,59 : 0.3124"
"59,2 : 0.3124"
"2,60 : 0.1581"
"60,2 : 0.1581"
"2,61 : 0.2983"
"61,2 : 0.2983"
"2,62 : 0.1304"
"62,2 : 0.1304"
"2,63 : 0.2377"
"63,2 : 0.2377"
"2,64 : 0.6888"
"64,2 : 0.6888"
"2,65 : 0.5248"
"65,2 : 0.5248"
"2,66 : 0.2702"
"66,2 : 0.2702"
"2,67 : 0.4319"
"67,2 : 0.4319"
"2,68 : 0.4743"
"68,2 : 0.4743"
"2,69 : 0.4115"
"69,2 : 0.4115"
"2,70 : 0.1342"
"70,2 : 0.1342"
"2,71 : 0.1345"
"71,2 : 0.1345"
"2,72 : 0.6447"
"72,2 : 0.6447"
"2,73 : 0.7572"
"73,2 : 0.7572"
"2,74 : 0.3189"
"74,2 : 0.3189"
"2,75 : 0.4841"
"75,2 : 0.4841"
"2,76 : 0.5099"
"76,2 : 0.5099"
"2,77 : 0.1414"
"77,2 : 0.1414"
"2,78 : 0.5532"
"78,2 : 0.5532"
"2,79 : 0.3764"
"79,2 : 0.3764"
"2,80 : 0.52"
"80,2 : 0.52"
"2,81 : 0.4901"
"81,2 : 0.4901"
"2,82 : 0.6329"
"82,2 : 0.6329"
"2,83 : 0.6139"
"83,2 : 0.6139"
"2,84 : 0.204"
"84,2 : 0.204"
"2,85 : 0.3748"
"85,2 : 0.3748"
"2,86 : 0.4652"
"86,2 : 0.4652"
"2,87 : 0.1342"
"87,2 : 0.1342"
"2,88 : 0.514"
"88,2 : 0.514"
"2,89 : 0.2102"
"89,2 : 0.2102"
"2,90 : 0.2617"
"90,2 : 0.2617"
"2,91 : 0.2126"
"91,2 : 0.2126"
"2,92 : 0.2617"
"92,2 : 0.2617"
"2,93 : 0.2025"
"93,2 : 0.2025"
"2,94 : 0.632"
"94,2 : 0.632"
"2,95 : 0.3089"
"95,2 : 0.3089"
"2,96 : 0.1581"
"96,2 : 0.1581"
"2,97 : 0.2778"
"97,2 : 0.2778"
"2,98 : 0.3276"
"98,2 : 0.3276"
"2,99 : 0.4855"
"99,2 : 0.4855"
"3,4 : 1.1021"
"4,3 : 1.1021"
"3,5 : 0.3406"
"5,3 : 0.3406"
"3,6 : 0.9014"
"6,3 : 0.9014"
"3,7 : 0.2865"
"7,3 : 0.2865"
"3,8 : 0.1404"
"8,3 : 0.1404"
"3,9 : 0.8305"
"9,3 : 0.8305"
"3,10 : 0.2816"
"10,3 : 0.2816"
"3,11 : 0.7225"
"11,3 : 0.7225"
"3,12 : 0.8041"
"12,3 : 0.8041"
"3,13 : 0.4707"
"13,3 : 0.4707"
"3,14 : 0.5263"
"14,3 : 0.5263"
"3,15 : 0.6494"
"15,3 : 0.6494"
"3,16 : 0.5308"
"16,3 : 0.5308"
"3,17 : 1.042"
"17,3 : 1.042"
"3,18 : 0.2012"
"18,3 : 0.2012"
"3,19 : 0.7824"
"19,3 : 0.7824"
"3,20 : 0.5142"
"20,3 : 0.5142"
"3,21 : 0.1105"
"21,3 : 0.1105"
"3,22 : 0.3812"
"22,3 : 0.3812"
"3,23 : 0.933"
"23,3 : 0.933"
"3,24 : 0.1992"
"24,3 : 0.1992"
"3,25 : 0.7084"
"25,3 : 0.7084"
"3,26 : 0.4837"
"26,3 : 0.4837"
"3,27 : 0.8"
"27,3 : 0.8"
"3,28 : 1.0323"
"28,3 : 1.0323"
"3,29 : 0.255"
"29,3 : 0.255"
"3,30 : 0.7061"
"30,3 : 0.7061"
"3,31 : 0.6243"
"31,3 : 0.6243"
"3,32 : 0.4276"
"32,3 : 0.4276"
"3,33 : 0.26"
"33,3 : 0.26"
"3,34 : 0.8709"
"34,3 : 0.8709"
"3,35 : 0.3601"
"35,3 : 0.3601"
"3,36 : 0.6848"
"36,3 : 0.6848"
"3,37 : 0.1166"
"37,3 : 0.1166"
"3,38 : 0.3421"
"38,3 : 0.3421"
"3,39 : 0.6977"
"39,3 : 0.6977"
"3,40 : 0.8798"
"40,3 : 0.8798"
"3,41 : 0.8453"
"41,3 : 0.8453"
"3,42 : 0.9024"
"42,3 : 0.9024"
"3,43 : 0.313"
"43,3 : 0.313"
"3,44 : 0.4743"
"44,3 : 0.4743"
"3,45 : 0.7021"
"45,3 : 0.7021"
"3,46 : 0.5787"
"46,3 : 0.5787"
"3,47 : 0.3922"
"47,3 : 0.3922"
"3,48 : 1.0489"
"48,3 : 1.0489"
"3,49 : 0.1903"
"49,3 : 0.1903"
"3,50 : 1.02"
"50,3 : 1.02"
"3,51 : 0.5459"
"51,3 : 0.5459"
"3,52 : 0.2138"
"52,3 : 0.2138"
"3,53 : 0.1442"
"53,3 : 0.1442"
"3,54 : 0.8469"
"54,3 : 0.8469"
"3,55 : 0.228"
"55,3 : 0.228"
"3,56 : 0.7666"
"56,3 : 0.7666"
"3,57 : 0.6456"
"57,3 : 0.6456"
"3,58 : 0.6101"
"58,3 : 0.6101"
"3,59 : 0.0922"
"59,3 : 0.0922"
"3,60 : 0.4751"
"60,3 : 0.4751"
"3,61 : 0.5707"
"61,3 : 0.5707"
"3,62 : 0.2119"
"62,3 : 0.2119"
"3,63 : 0.5263"
"63,3 : 0.5263"
"3,64 : 0.8911"
"64,3 : 0.8911"
"3,65 : 0.7256"
"65,3 : 0.7256"
"3,66 : 0.5661"
"66,3 : 0.5661"
"3,67 : 0.1208"
"67,3 : 0.1208"
"3,68 : 0.5794"
"68,3 : 0.5794"
"3,69 : 0.5573"
"69,3 : 0.5573"
"3,70 : 0.446"
"70,3 : 0.446"
"3,71 : 0.1924"
"71,3 : 0.1924"
"3,72 : 0.8637"
"72,3 : 0.8637"
"3,73 : 1.0817"
"73,3 : 1.0817"
"3,74 : 0.3912"
"74,3 : 0.3912"
"3,75 : 0.2022"
"75,3 : 0.2022"
"3,76 : 0.8281"
"76,3 : 0.8281"
"3,77 : 0.464"
"77,3 : 0.464"
"3,78 : 0.87"
"78,3 : 0.87"
"3,79 : 0.471"
"79,3 : 0.471"
"3,80 : 0.7503"
"80,3 : 0.7503"
"3,81 : 0.7262"
"81,3 : 0.7262"
"3,82 : 0.7225"
"82,3 : 0.7225"
"3,83 : 0.8714"
"83,3 : 0.8714"
"3,84 : 0.4442"
"84,3 : 0.4442"
"3,85 : 0.4501"
"85,3 : 0.4501"
"3,86 : 0.6041"
"86,3 : 0.6041"
"3,87 : 0.3662"
"87,3 : 0.3662"
"3,88 : 0.8382"
"88,3 : 0.8382"
"3,89 : 0.1803"
"89,3 : 0.1803"
"3,90 : 0.3105"
"90,3 : 0.3105"
"3,91 : 0.364"
"91,3 : 0.364"
"3,92 : 0.5701"
"92,3 : 0.5701"
"3,93 : 0.136"
"93,3 : 0.136"
"3,94 : 0.9289"
"94,3 : 0.9289"
"3,95 : 0.33"
"95,3 : 0.33"
"3,96 : 0.4826"
"96,3 : 0.4826"
"3,97 : 0.4144"
"97,3 : 0.4144"
"3,98 : 0.3501"
"98,3 : 0.3501"
"3,99 : 0.7931"
"99,3 : 0.7931"
"4,5 : 0.8363"
"5,4 : 0.8363"
"4,6 : 0.7001"
"6,4 : 0.7001"
"4,7 : 1.1715"
"7,4 : 1.1715"
"4,8 : 1.0171"
"8,4 : 1.0171"
"4,9 : 0.6229"
"9,4 : 0.6229"
"4,10 : 0.8698"
"10,4 : 0.8698"
"4,11 : 0.8329"
"11,4 : 0.8329"
"4,12 : 0.6083"
"12,4 : 0.6083"
"4,13 : 0.8645"
"13,4 : 0.8645"
"4,14 : 0.644"
"14,4 : 0.644"
"4,15 : 0.5951"
"15,4 : 0.5951"
"4,16 : 0.578"
"16,4 : 0.578"
"4,17 : 0.0632"
"17,4 : 0.0632"
"4,18 : 0.9043"
"18,4 : 0.9043"
"4,19 : 0.402"
"19,4 : 0.402"
"4,20 : 0.658"
"20,4 : 0.658"
"4,21 : 1.0496"
"21,4 : 1.0496"
"4,22 : 0.9588"
"22,4 : 0.9588"
"4,23 : 0.3401"
"23,4 : 0.3401"
"4,24 : 0.9155"
"24,4 : 0.9155"
"4,25 : 0.4368"
"25,4 : 0.4368"
"4,26 : 0.9651"
"26,4 : 0.9651"
"4,27 : 0.6562"
"27,4 : 0.6562"
"4,28 : 0.0806"
"28,4 : 0.0806"
"4,29 : 1.0216"
"29,4 : 1.0216"
"4,30 : 0.8246"
"30,4 : 0.8246"
"4,31 : 0.4817"
"31,4 : 0.4817"
"4,32 : 0.842"
"32,4 : 0.842"
"4,33 : 0.9925"
"33,4 : 0.9925"
"4,34 : 0.3396"
"34,4 : 0.3396"
"4,35 : 0.831"
"35,4 : 0.831"
"4,36 : 0.5622"
"36,4 : 0.5622"
"4,37 : 1.0622"
"37,4 : 1.0622"
"4,38 : 0.8616"
"38,4 : 0.8616"
"4,39 : 0.4264"
"39,4 : 0.4264"
"4,40 : 0.236"
"40,4 : 0.236"
"4,41 : 0.3087"
"41,4 : 0.3087"
"4,42 : 0.8501"
"42,4 : 0.8501"
"4,43 : 0.8363"
"43,4 : 0.8363"
"4,44 : 0.6723"
"44,4 : 0.6723"
"4,45 : 0.4866"
"45,4 : 0.4866"
"4,46 : 0.6363"
"46,4 : 0.6363"
"4,47 : 0.7354"
"47,4 : 0.7354"
"4,48 : 0.1077"
"48,4 : 0.1077"
"4,49 : 1.2166"
"49,4 : 1.2166"
"4,50 : 0.1703"
"50,4 : 0.1703"
"4,51 : 0.8096"
"51,4 : 0.8096"
"4,52 : 1.2667"
"52,4 : 1.2667"
"4,53 : 1.061"
"53,4 : 1.061"
"4,54 : 0.3384"
"54,4 : 0.3384"
"4,55 : 0.9762"
"55,4 : 0.9762"
"4,56 : 0.5001"
"56,4 : 0.5001"
"4,57 : 0.542"
"57,4 : 0.542"
"4,58 : 0.9009"
"58,4 : 0.9009"
"4,59 : 1.0847"
"59,4 : 1.0847"
"4,60 : 0.6297"
"60,4 : 0.6297"
"4,61 : 0.6329"
"61,4 : 0.6329"
"4,62 : 0.9014"
"62,4 : 0.9014"
"4,63 : 0.6093"
"63,4 : 0.6093"
"4,64 : 0.7901"
"64,4 : 0.7901"
"4,65 : 0.7593"
"65,4 : 0.7593"
"4,66 : 0.5941"
"66,4 : 0.5941"
"4,67 : 1.2088"
"67,4 : 1.2088"
"4,68 : 0.9285"
"68,4 : 0.9285"
"4,69 : 0.8062"
"69,4 : 0.8062"
"4,70 : 0.6604"
"70,4 : 0.6604"
"4,71 : 0.9121"
"71,4 : 0.9121"
"4,72 : 0.7306"
"72,4 : 0.7306"
"4,73 : 0.051"
"73,4 : 0.051"
"4,74 : 0.8984"
"74,4 : 0.8984"
"4,75 : 1.2526"
"75,4 : 1.2526"
"4,76 : 0.2941"
"76,4 : 0.2941"
"4,77 : 0.6382"
"77,4 : 0.6382"
"4,78 : 0.2648"
"78,4 : 0.2648"
"4,79 : 0.8786"
"79,4 : 0.8786"
"4,80 : 0.622"
"80,4 : 0.622"
"4,81 : 0.6103"
"81,4 : 0.6103"
"4,82 : 0.9526"
"82,4 : 0.9526"
"4,83 : 0.6003"
"83,4 : 0.6003"
"4,84 : 0.7131"
"84,4 : 0.7131"
"4,85 : 0.9024"
"85,4 : 0.9024"
"4,86 : 0.8215"
"86,4 : 0.8215"
"4,87 : 0.7648"
"87,4 : 0.7648"
"4,88 : 0.264"
"88,4 : 0.264"
"4,89 : 0.9694"
"89,4 : 0.9694"
"4,90 : 0.9386"
"90,4 : 0.9386"
"4,91 : 0.8208"
"91,4 : 0.8208"
"4,92 : 0.5685"
"92,4 : 0.5685"
"4,93 : 0.9735"
"93,4 : 0.9735"
"4,94 : 0.4201"
"94,4 : 0.4201"
"4,95 : 0.9458"
"95,4 : 0.9458"
"4,96 : 0.6201"
"96,4 : 0.6201"
"4,97 : 0.857"
"97,4 : 0.857"
"4,98 : 0.9487"
"98,4 : 0.9487"
"4,99 : 0.365"
"99,4 : 0.365"
"5,6 : 0.5644"
"6,5 : 0.5644"
"5,7 : 0.336"
"7,5 : 0.336"
"5,8 : 0.3511"
"8,5 : 0.3511"
"5,9 : 0.4901"
"9,5 : 0.4901"
"5,10 : 0.0608"
"10,5 : 0.0608"
"5,11 : 0.7539"
"11,5 : 0.7539"
"5,12 : 0.7317"
"12,5 : 0.7317"
"5,13 : 0.1697"
"13,5 : 0.1697"
"5,14 : 0.2025"
"14,5 : 0.2025"
"5,15 : 0.3132"
"15,5 : 0.3132"
"5,16 : 0.3437"
"16,5 : 0.3437"
"5,17 : 0.7824"
"17,5 : 0.7824"
"5,18 : 0.1746"
"18,5 : 0.1746"
"5,19 : 0.6088"
"19,5 : 0.6088"
"5,20 : 0.1887"
"20,5 : 0.1887"
"5,21 : 0.3614"
"21,5 : 0.3614"
"5,22 : 0.5162"
"22,5 : 0.5162"
"5,23 : 0.6129"
"23,5 : 0.6129"
"5,24 : 0.1552"
"24,5 : 0.1552"
"5,25 : 0.5263"
"25,5 : 0.5263"
"5,26 : 0.6096"
"26,5 : 0.6096"
"5,27 : 0.4604"
"27,5 : 0.4604"
"5,28 : 0.778"
"28,5 : 0.778"
"5,29 : 0.4528"
"29,5 : 0.4528"
"5,30 : 0.3891"
"30,5 : 0.3891"
"5,31 : 0.3636"
"31,5 : 0.3636"
"5,32 : 0.4771"
"32,5 : 0.4771"
"5,33 : 0.1562"
"33,5 : 0.1562"
"5,34 : 0.5576"
"34,5 : 0.5576"
"5,35 : 0.0224"
"35,5 : 0.0224"
"5,36 : 0.5801"
"36,5 : 0.5801"
"5,37 : 0.253"
"37,5 : 0.253"
"5,38 : 0.3982"
"38,5 : 0.3982"
"5,39 : 0.4104"
"39,5 : 0.4104"
"5,40 : 0.6014"
"40,5 : 0.6014"
"5,41 : 0.5467"
"41,5 : 0.5467"
"5,42 : 0.5831"
"42,5 : 0.5831"
"5,43 : 0.328"
"43,5 : 0.328"
"5,44 : 0.3766"
"44,5 : 0.3766"
"5,45 : 0.5544"
"45,5 : 0.5544"
"5,46 : 0.2435"
"46,5 : 0.2435"
"5,47 : 0.114"
"47,5 : 0.114"
"5,48 : 0.8071"
"48,5 : 0.8071"
"5,49 : 0.3912"
"49,5 : 0.3912"
"5,50 : 0.7247"
"50,5 : 0.7247"
"5,51 : 0.2236"
"51,5 : 0.2236"
"5,52 : 0.4442"
"52,5 : 0.4442"
"5,53 : 0.2417"
"53,5 : 0.2417"
"5,54 : 0.5382"
"54,5 : 0.5382"
"5,55 : 0.1442"
"55,5 : 0.1442"
"5,56 : 0.642"
"56,5 : 0.642"
"5,57 : 0.3225"
"57,5 : 0.3225"
"5,58 : 0.686"
"58,5 : 0.686"
"5,59 : 0.2816"
"59,5 : 0.2816"
"5,60 : 0.2907"
"60,5 : 0.2907"
"5,61 : 0.2377"
"61,5 : 0.2377"
"5,62 : 0.1487"
"62,5 : 0.1487"
"5,63 : 0.3901"
"63,5 : 0.3901"
"5,64 : 0.5632"
"64,5 : 0.5632"
"5,65 : 0.3956"
"65,5 : 0.3956"
"5,66 : 0.25"
"66,5 : 0.25"
"5,67 : 0.4111"
"67,5 : 0.4111"
"5,68 : 0.3048"
"68,5 : 0.3048"
"5,69 : 0.586"
"69,5 : 0.586"
"5,70 : 0.2802"
"70,5 : 0.2802"
"5,71 : 0.1838"
"71,5 : 0.1838"
"5,72 : 0.5295"
"72,5 : 0.5295"
"5,73 : 0.8062"
"73,5 : 0.8062"
"5,74 : 0.4827"
"74,5 : 0.4827"
"5,75 : 0.4305"
"75,5 : 0.4305"
"5,76 : 0.6037"
"76,5 : 0.6037"
"5,77 : 0.2617"
"77,5 : 0.2617"
"5,78 : 0.6485"
"78,5 : 0.6485"
"5,79 : 0.5464"
"79,5 : 0.5464"
"5,80 : 0.6836"
"80,5 : 0.6836"
"5,81 : 0.6528"
"81,5 : 0.6528"
"5,82 : 0.8062"
"82,5 : 0.8062"
"5,83 : 0.5308"
"83,5 : 0.5308"
"5,84 : 0.3764"
"84,5 : 0.3764"
"5,85 : 0.542"
"85,5 : 0.542"
"5,86 : 0.6398"
"86,5 : 0.6398"
"5,87 : 0.3087"
"87,5 : 0.3087"
"5,88 : 0.5801"
"88,5 : 0.5801"
"5,89 : 0.1628"
"89,5 : 0.1628"
"5,90 : 0.1077"
"90,5 : 0.1077"
"5,91 : 0.3828"
"91,5 : 0.3828"
"5,92 : 0.2687"
"92,5 : 0.2687"
"5,93 : 0.2751"
"93,5 : 0.2751"
"5,94 : 0.5981"
"94,5 : 0.5981"
"5,95 : 0.4601"
"95,5 : 0.4601"
"5,96 : 0.2571"
"96,5 : 0.2571"
"5,97 : 0.1063"
"97,5 : 0.1063"
"5,98 : 0.481"
"98,5 : 0.481"
"5,99 : 0.6008"
"99,5 : 0.6008"
"6,7 : 0.7859"
"7,6 : 0.7859"
"6,8 : 0.9101"
"8,6 : 0.9101"
"6,9 : 0.1063"
"9,6 : 0.1063"
"6,10 : 0.6251"
"10,6 : 0.6251"
"6,11 : 1.1395"
"11,6 : 1.1395"
"6,12 : 1.006"
"12,6 : 1.006"
"6,13 : 0.4428"
"13,6 : 0.4428"
"6,14 : 0.4295"
"14,6 : 0.4295"
"6,15 : 0.3053"
"15,6 : 0.3053"
"6,16 : 0.6544"
"16,6 : 0.6544"
"6,17 : 0.6836"
"17,6 : 0.6836"
"6,18 : 0.7335"
"18,6 : 0.7335"
"6,19 : 0.777"
"19,6 : 0.777"
"6,20 : 0.4346"
"20,6 : 0.4346"
"6,21 : 0.924"
"21,6 : 0.924"
"6,22 : 1.0246"
"22,6 : 1.0246"
"6,23 : 0.3606"
"23,6 : 0.3606"
"6,24 : 0.7185"
"24,6 : 0.7185"
"6,25 : 0.722"
"25,6 : 0.722"
"6,26 : 1.0966"
"26,6 : 1.0966"
"6,27 : 0.1118"
"27,6 : 0.1118"
"6,28 : 0.6958"
"28,6 : 0.6958"
"6,29 : 0.9962"
"29,6 : 0.9962"
"6,30 : 0.2326"
"30,6 : 0.2326"
"6,31 : 0.5304"
"31,6 : 0.5304"
"6,32 : 0.9451"
"32,6 : 0.9451"
"6,33 : 0.6619"
"33,6 : 0.6619"
"6,34 : 0.3808"
"34,6 : 0.3808"
"6,35 : 0.5433"
"35,6 : 0.5433"
"6,36 : 0.8645"
"36,6 : 0.8645"
"6,37 : 0.8001"
"37,6 : 0.8001"
"6,38 : 0.8947"
"38,6 : 0.8947"
"6,39 : 0.464"
"39,6 : 0.464"
"6,40 : 0.5316"
"40,6 : 0.5316"
"6,41 : 0.4427"
"41,6 : 0.4427"
"6,42 : 0.1513"
"42,6 : 0.1513"
"6,43 : 0.8286"
"43,6 : 0.8286"
"6,44 : 0.7684"
"44,6 : 0.7684"
"6,45 : 0.7903"
"45,6 : 0.7903"
"6,46 : 0.3625"
"46,6 : 0.3625"
"6,47 : 0.5597"
"47,6 : 0.5597"
"6,48 : 0.7481"
"48,6 : 0.7481"
"6,49 : 0.9009"
"49,6 : 0.9009"
"6,50 : 0.53"
"50,6 : 0.53"
"6,51 : 0.3612"
"51,6 : 0.3612"
"6,52 : 0.9535"
"52,6 : 0.9535"
"6,53 : 0.7806"
"53,6 : 0.7806"
"6,54 : 0.3985"
"54,6 : 0.3985"
"6,55 : 0.6801"
"55,6 : 0.6801"
"6,56 : 0.8742"
"56,6 : 0.8742"
"6,57 : 0.3624"
"57,6 : 0.3624"
"6,58 : 1.1241"
"58,6 : 1.1241"
"6,59 : 0.8301"
"59,6 : 0.8301"
"6,60 : 0.649"
"60,6 : 0.649"
"6,61 : 0.3758"
"61,6 : 0.3758"
"6,62 : 0.7102"
"62,6 : 0.7102"
"6,63 : 0.7325"
"63,6 : 0.7325"
"6,64 : 0.0922"
"64,6 : 0.0922"
"6,65 : 0.1844"
"65,6 : 0.1844"
"6,66 : 0.4219"
"66,6 : 0.4219"
"6,67 : 0.9519"
"67,6 : 0.9519"
"6,68 : 0.394"
"68,6 : 0.394"
"6,69 : 1.008"
"69,6 : 1.008"
"6,70 : 0.6689"
"70,6 : 0.6689"
"6,71 : 0.7433"
"71,6 : 0.7433"
"6,72 : 0.05"
"72,6 : 0.05"
"6,73 : 0.65"
"73,6 : 0.65"
"6,74 : 0.9749"
"74,6 : 0.9749"
"6,75 : 0.942"
"75,6 : 0.942"
"6,76 : 0.6754"
"76,6 : 0.6754"
"6,77 : 0.6243"
"77,6 : 0.6243"
"6,78 : 0.7038"
"78,6 : 0.7038"
"6,79 : 1.0136"
"79,6 : 1.0136"
"6,80 : 0.9795"
"80,6 : 0.9795"
"6,81 : 0.9502"
"81,6 : 0.9502"
"6,82 : 1.2307"
"82,6 : 1.2307"
"6,83 : 0.1044"
"83,6 : 0.1044"
"6,84 : 0.7961"
"84,6 : 0.7961"
"6,85 : 1.0208"
"85,6 : 1.0208"
"6,86 : 1.0542"
"86,6 : 1.0542"
"6,87 : 0.7737"
"87,6 : 0.7737"
"6,88 : 0.5831"
"88,6 : 0.5831"
"6,89 : 0.7211"
"89,6 : 0.7211"
"6,90 : 0.6007"
"90,6 : 0.6007"
"6,91 : 0.8631"
"91,6 : 0.8631"
"6,92 : 0.4522"
"92,6 : 0.4522"
"6,93 : 0.8355"
"93,6 : 0.8355"
"6,94 : 0.28"
"94,6 : 0.28"
"6,95 : 0.9769"
"95,6 : 0.9769"
"6,96 : 0.5936"
"96,6 : 0.5936"
"6,97 : 0.4901"
"97,6 : 0.4901"
"6,98 : 0.994"
"98,6 : 0.994"
"6,99 : 0.7393"
"99,6 : 0.7393"
"7,8 : 0.4111"
"8,7 : 0.4111"
"7,9 : 0.7446"
"9,7 : 0.7446"
"7,10 : 0.313"
"10,7 : 0.313"
"7,11 : 0.9733"
"11,7 : 0.9733"
"7,12 : 1.0112"
"12,7 : 1.0112"
"7,13 : 0.3534"
"13,7 : 0.3534"
"7,14 : 0.5304"
"14,7 : 0.5304"
"7,15 : 0.6161"
"15,7 : 0.6161"
"7,16 : 0.6592"
"16,7 : 0.6592"
"7,17 : 1.1183"
"17,7 : 1.1183"
"7,18 : 0.3423"
"18,7 : 0.3423"
"7,19 : 0.9285"
"19,7 : 0.9285"
"7,20 : 0.5162"
"20,7 : 0.5162"
"7,21 : 0.39"
"21,7 : 0.39"
"7,22 : 0.6525"
"22,7 : 0.6525"
"7,23 : 0.928"
"23,7 : 0.928"
"7,24 : 0.314"
"24,7 : 0.314"
"7,25 : 0.8469"
"25,7 : 0.8469"
"7,26 : 0.7569"
"26,7 : 0.7569"
"7,27 : 0.7058"
"27,7 : 0.7058"
"7,28 : 1.114"
"28,7 : 1.114"
"7,29 : 0.5349"
"29,7 : 0.5349"
"7,30 : 0.559"
"30,7 : 0.559"
"7,31 : 0.6989"
"31,7 : 0.6989"
"7,32 : 0.6727"
"32,7 : 0.6727"
"7,33 : 0.1803"
"33,7 : 0.1803"
"7,34 : 0.8797"
"34,7 : 0.8797"
"7,35 : 0.3406"
"35,7 : 0.3406"
"7,36 : 0.871"
"36,7 : 0.871"
"7,37 : 0.1942"
"37,7 : 0.1942"
"7,38 : 0.5822"
"38,7 : 0.5822"
"7,39 : 0.7452"
"39,7 : 0.7452"
"7,40 : 0.9361"
"40,7 : 0.9361"
"7,41 : 0.8768"
"41,7 : 0.8768"
"7,42 : 0.7417"
"42,7 : 0.7417"
"7,43 : 0.53"
"43,7 : 0.53"
"7,44 : 0.6531"
"44,7 : 0.6531"
"7,45 : 0.8633"
"45,7 : 0.8633"
"7,46 : 0.5544"
"46,7 : 0.5544"
"7,47 : 0.4442"
"47,7 : 0.4442"
"7,48 : 1.1428"
"48,7 : 1.1428"
"7,49 : 0.1432"
"49,7 : 0.1432"
"7,50 : 1.0538"
"50,7 : 1.0538"
"7,51 : 0.4346"
"51,7 : 0.4346"
"7,52 : 0.1844"
"52,7 : 0.1844"
"7,53 : 0.1712"
"53,7 : 0.1712"
"7,54 : 0.8637"
"54,7 : 0.8637"
"7,55 : 0.2062"
"55,7 : 0.2062"
"7,56 : 0.9437"
"56,7 : 0.9437"
"7,57 : 0.6444"
"57,7 : 0.6444"
"7,58 : 0.873"
"58,7 : 0.873"
"7,59 : 0.2025"
"59,7 : 0.2025"
"7,60 : 0.6017"
"60,7 : 0.6017"
"7,61 : 0.5532"
"61,7 : 0.5532"
"7,62 : 0.3256"
"62,7 : 0.3256"
"7,63 : 0.6868"
"63,7 : 0.6868"
"7,64 : 0.7481"
"64,7 : 0.7481"
"7,65 : 0.6017"
"65,7 : 0.6017"
"7,66 : 0.58"
"66,7 : 0.58"
"7,67 : 0.236"
"67,7 : 0.236"
"7,68 : 0.402"
"68,7 : 0.402"
"7,69 : 0.8016"
"69,7 : 0.8016"
"7,70 : 0.5819"
"70,7 : 0.5819"
"7,71 : 0.3413"
"71,7 : 0.3413"
"7,72 : 0.7398"
"72,7 : 0.7398"
"7,73 : 1.1402"
"73,7 : 1.1402"
"7,74 : 0.6494"
"74,7 : 0.6494"
"7,75 : 0.1772"
"75,7 : 0.1772"
"7,76 : 0.9365"
"76,7 : 0.9365"
"7,77 : 0.5778"
"77,7 : 0.5778"
"7,78 : 0.9811"
"78,7 : 0.9811"
"7,79 : 0.7284"
"79,7 : 0.7284"
"7,80 : 0.9589"
"80,7 : 0.9589"
"7,81 : 0.9306"
"81,7 : 0.9306"
"7,82 : 0.9904"
"82,7 : 0.9904"
"7,83 : 0.7892"
"83,7 : 0.7892"
"7,84 : 0.6364"
"84,7 : 0.6364"
"7,85 : 0.712"
"85,7 : 0.712"
"7,86 : 0.8529"
"86,7 : 0.8529"
"7,87 : 0.5544"
"87,7 : 0.5544"
"7,88 : 0.9161"
"88,7 : 0.9161"
"7,89 : 0.2433"
"89,7 : 0.2433"
"7,90 : 0.2335"
"90,7 : 0.2335"
"7,91 : 0.5901"
"91,7 : 0.5901"
"7,92 : 0.6031"
"92,7 : 0.6031"
"7,93 : 0.365"
"93,7 : 0.365"
"7,94 : 0.8989"
"94,7 : 0.8989"
"7,95 : 0.5967"
"95,7 : 0.5967"
"7,96 : 0.5814"
"96,7 : 0.5814"
"7,97 : 0.3302"
"97,7 : 0.3302"
"7,98 : 0.6185"
"98,7 : 0.6185"
"7,99 : 0.9261"
"99,7 : 0.9261"
"8,9 : 0.8273"
"9,8 : 0.8273"
"8,10 : 0.2915"
"10,8 : 0.2915"
"8,11 : 0.5822"
"11,8 : 0.5822"
"8,12 : 0.6712"
"12,8 : 0.6712"
"8,13 : 0.51"
"13,8 : 0.51"
"8,14 : 0.5001"
"14,8 : 0.5001"
"8,15 : 0.6307"
"15,8 : 0.6307"
"8,16 : 0.4391"
"16,8 : 0.4391"
"8,17 : 0.9552"
"17,8 : 0.9552"
"8,18 : 0.1772"
"18,8 : 0.1772"
"8,19 : 0.6718"
"19,8 : 0.6718"
"8,20 : 0.4904"
"20,8 : 0.4904"
"8,21 : 0.0361"
"21,8 : 0.0361"
"8,22 : 0.2433"
"22,8 : 0.2433"
"8,23 : 0.8865"
"23,8 : 0.8865"
"8,24 : 0.197"
"24,8 : 0.197"
"8,25 : 0.6031"
"25,8 : 0.6031"
"8,26 : 0.3471"
"26,8 : 0.3471"
"8,27 : 0.8023"
"27,8 : 0.8023"
"8,28 : 0.9434"
"28,8 : 0.9434"
"8,29 : 0.1253"
"29,8 : 0.1253"
"8,30 : 0.7393"
"30,8 : 0.7393"
"8,31 : 0.5536"
"31,8 : 0.5536"
"8,32 : 0.2886"
"32,8 : 0.2886"
"8,33 : 0.3324"
"33,8 : 0.3324"
"8,34 : 0.82"
"34,8 : 0.82"
"8,35 : 0.3734"
"35,8 : 0.3734"
"8,36 : 0.5604"
"36,8 : 0.5604"
"8,37 : 0.2193"
"37,8 : 0.2193"
"8,38 : 0.2062"
"38,8 : 0.2062"
"8,39 : 0.636"
"39,8 : 0.636"
"8,40 : 0.8062"
"40,8 : 0.8062"
"8,41 : 0.7845"
"41,8 : 0.7845"
"8,42 : 0.9341"
"42,8 : 0.9341"
"8,43 : 0.191"
"43,8 : 0.191"
"8,44 : 0.3607"
"44,8 : 0.3607"
"8,45 : 0.5873"
"45,8 : 0.5873"
"8,46 : 0.5614"
"46,8 : 0.5614"
"8,47 : 0.3601"
"47,8 : 0.3601"
"8,48 : 0.9544"
"48,8 : 0.9544"
"8,49 : 0.33"
"49,8 : 0.33"
"8,50 : 0.9527"
"50,8 : 0.9527"
"8,51 : 0.5738"
"51,8 : 0.5738"
"8,52 : 0.3536"
"52,8 : 0.3536"
"8,53 : 0.246"
"53,8 : 0.246"
"8,54 : 0.7931"
"54,8 : 0.7931"
"8,55 : 0.29"
"55,8 : 0.29"
"8,56 : 0.644"
"56,8 : 0.644"
"8,57 : 0.6113"
"57,8 : 0.6113"
"8,58 : 0.4704"
"58,8 : 0.4704"
"8,59 : 0.2088"
"59,8 : 0.2088"
"8,60 : 0.3891"
"60,8 : 0.3891"
"8,61 : 0.5508"
"61,8 : 0.5508"
"8,62 : 0.2025"
"62,8 : 0.2025"
"8,63 : 0.4187"
"63,8 : 0.4187"
"8,64 : 0.9139"
"64,8 : 0.9139"
"8,65 : 0.7463"
"65,8 : 0.7463"
"8,66 : 0.5308"
"66,8 : 0.5308"
"8,67 : 0.2571"
"67,8 : 0.2571"
"8,68 : 0.6351"
"68,8 : 0.6351"
"8,69 : 0.4177"
"69,8 : 0.4177"
"8,70 : 0.3578"
"70,8 : 0.3578"
"8,71 : 0.1676"
"71,8 : 0.1676"
"8,72 : 0.878"
"72,8 : 0.878"
"8,73 : 1.0018"
"73,8 : 1.0018"
"8,74 : 0.2508"
"74,8 : 0.2508"
"8,75 : 0.3423"
"75,8 : 0.3423"
"8,76 : 0.7324"
"76,8 : 0.7324"
"8,77 : 0.3863"
"77,8 : 0.3863"
"8,78 : 0.772"
"78,8 : 0.772"
"8,79 : 0.3306"
"79,8 : 0.3306"
"8,80 : 0.6174"
"80,8 : 0.6174"
"8,81 : 0.5948"
"81,8 : 0.5948"
"8,82 : 0.5842"
"82,8 : 0.5842"
"8,83 : 0.8647"
"83,8 : 0.8647"
"8,84 : 0.3256"
"84,8 : 0.3256"
"8,85 : 0.31"
"85,8 : 0.31"
"8,86 : 0.4639"
"86,8 : 0.4639"
"8,87 : 0.2561"
"87,8 : 0.2561"
"8,88 : 0.7559"
"88,8 : 0.7559"
"8,89 : 0.2267"
"89,8 : 0.2267"
"8,90 : 0.364"
"90,8 : 0.364"
"8,91 : 0.2332"
"91,8 : 0.2332"
"8,92 : 0.5247"
"92,8 : 0.5247"
"8,93 : 0.0762"
"93,8 : 0.0762"
"8,94 : 0.8945"
"94,8 : 0.8945"
"8,95 : 0.1903"
"95,8 : 0.1903"
"8,96 : 0.4111"
"96,8 : 0.4111"
"8,97 : 0.4472"
"97,8 : 0.4472"
"8,98 : 0.211"
"98,8 : 0.211"
"8,99 : 0.6877"
"99,8 : 0.6877"
"9,10 : 0.55"
"10,9 : 0.55"
"9,11 : 1.0339"
"11,9 : 1.0339"
"9,12 : 0.9"
"12,9 : 0.9"
"9,13 : 0.3922"
"13,9 : 0.3922"
"9,14 : 0.3353"
"14,9 : 0.3353"
"9,15 : 0.2062"
"15,9 : 0.2062"
"9,16 : 0.55"
"16,9 : 0.55"
"9,17 : 0.6"
"17,9 : 0.6"
"9,18 : 0.6528"
"18,9 : 0.6528"
"9,19 : 0.6723"
"19,9 : 0.6723"
"9,20 : 0.3421"
"20,9 : 0.3421"
"9,21 : 0.8438"
"21,9 : 0.8438"
"9,22 : 0.9285"
"22,9 : 0.9285"
"9,23 : 0.2844"
"23,9 : 0.2844"
"9,24 : 0.6407"
"24,9 : 0.6407"
"9,25 : 0.6161"
"25,9 : 0.6161"
"9,26 : 0.9973"
"26,9 : 0.9973"
"9,27 : 0.0424"
"27,9 : 0.0424"
"9,28 : 0.6103"
"28,9 : 0.6103"
"9,29 : 0.9071"
"29,9 : 0.9071"
"9,30 : 0.228"
"30,9 : 0.228"
"9,31 : 0.4243"
"31,9 : 0.4243"
"9,32 : 0.8453"
"32,9 : 0.8453"
"9,33 : 0.6042"
"33,9 : 0.6042"
"9,34 : 0.2907"
"34,9 : 0.2907"
"9,35 : 0.4704"
"35,9 : 0.4704"
"9,36 : 0.7582"
"36,9 : 0.7582"
"9,37 : 0.7355"
"37,9 : 0.7355"
"9,38 : 0.7985"
"38,9 : 0.7985"
"9,39 : 0.3581"
"39,9 : 0.3581"
"9,40 : 0.4374"
"40,9 : 0.4374"
"9,41 : 0.3471"
"41,9 : 0.3471"
"9,42 : 0.2354"
"42,9 : 0.2354"
"9,43 : 0.7339"
"43,9 : 0.7339"
"9,44 : 0.6657"
"44,9 : 0.6657"
"9,45 : 0.6841"
"45,9 : 0.6841"
"9,46 : 0.2693"
"46,9 : 0.2693"
"9,47 : 0.4707"
"47,9 : 0.4707"
"9,48 : 0.6612"
"48,9 : 0.6612"
"9,49 : 0.849"
"49,9 : 0.849"
"9,50 : 0.4554"
"50,9 : 0.4554"
"9,51 : 0.3102"
"51,9 : 0.3102"
"9,52 : 0.9025"
"52,9 : 0.9025"
"9,53 : 0.7185"
"53,9 : 0.7185"
"9,54 : 0.3041"
"54,9 : 0.3041"
"9,55 : 0.6166"
"55,9 : 0.6166"
"9,56 : 0.7684"
"56,9 : 0.7684"
"9,57 : 0.2581"
"57,9 : 0.2581"
"9,58 : 1.0208"
"58,9 : 1.0208"
"9,59 : 0.7653"
"59,9 : 0.7653"
"9,60 : 0.5471"
"60,9 : 0.5471"
"9,61 : 0.2816"
"61,9 : 0.2816"
"9,62 : 0.6313"
"62,9 : 0.6313"
"9,63 : 0.628"
"63,9 : 0.628"
"9,64 : 0.1772"
"64,9 : 0.1772"
"9,65 : 0.1628"
"65,9 : 0.1628"
"9,66 : 0.322"
"66,9 : 0.322"
"9,67 : 0.8911"
"67,9 : 0.8911"
"9,68 : 0.3764"
"68,9 : 0.3764"
"9,69 : 0.9044"
"69,9 : 0.9044"
"9,70 : 0.5682"
"70,9 : 0.5682"
"9,71 : 0.6627"
"71,9 : 0.6627"
"9,72 : 0.114"
"72,9 : 0.114"
"9,73 : 0.5743"
"73,9 : 0.5743"
"9,74 : 0.8773"
"74,9 : 0.8773"
"9,75 : 0.8902"
"75,9 : 0.8902"
"9,76 : 0.5738"
"76,9 : 0.5738"
"9,77 : 0.5235"
"77,9 : 0.5235"
"9,78 : 0.6041"
"78,9 : 0.6041"
"9,79 : 0.913"
"79,9 : 0.913"
"9,80 : 0.8732"
"80,9 : 0.8732"
"9,81 : 0.8439"
"81,9 : 0.8439"
"9,82 : 1.1261"
"82,9 : 1.1261"
"9,83 : 0.0447"
"83,9 : 0.0447"
"9,84 : 0.6946"
"84,9 : 0.6946"
"9,85 : 0.9213"
"85,9 : 0.9213"
"9,86 : 0.95"
"86,9 : 0.95"
"9,87 : 0.6762"
"87,9 : 0.6762"
"9,88 : 0.4838"
"88,9 : 0.4838"
"9,89 : 0.6512"
"89,9 : 0.6512"
"9,90 : 0.5413"
"90,9 : 0.5413"
"9,91 : 0.7656"
"91,9 : 0.7656"
"9,92 : 0.3499"
"92,9 : 0.3499"
"9,93 : 0.7543"
"93,9 : 0.7543"
"9,94 : 0.2119"
"94,9 : 0.2119"
"9,95 : 0.8826"
"95,9 : 0.8826"
"9,96 : 0.4924"
"96,9 : 0.4924"
"9,97 : 0.4295"
"97,9 : 0.4295"
"9,98 : 0.8989"
"98,9 : 0.8989"
"9,99 : 0.6353"
"99,9 : 0.6353"
"10,11 : 0.7242"
"11,10 : 0.7242"
"10,12 : 0.7201"
"12,10 : 0.7201"
"10,13 : 0.222"
"13,10 : 0.222"
"10,14 : 0.2508"
"14,10 : 0.2508"
"10,15 : 0.3688"
"15,10 : 0.3688"
"10,16 : 0.3479"
"16,10 : 0.3479"
"10,17 : 0.8139"
"17,10 : 0.8139"
"10,18 : 0.1166"
"18,10 : 0.1166"
"10,19 : 0.6168"
"19,10 : 0.6168"
"10,20 : 0.2377"
"20,10 : 0.2377"
"10,21 : 0.3008"
"21,10 : 0.3008"
"10,22 : 0.4675"
"22,10 : 0.4675"
"10,23 : 0.6621"
"23,10 : 0.6621"
"10,24 : 0.0949"
"24,10 : 0.0949"
"10,25 : 0.5349"
"25,10 : 0.5349"
"10,26 : 0.564"
"26,10 : 0.564"
"10,27 : 0.5209"
"27,10 : 0.5209"
"10,28 : 0.8081"
"28,10 : 0.8081"
"10,29 : 0.3966"
"29,10 : 0.3966"
"10,30 : 0.4478"
"30,10 : 0.4478"
"10,31 : 0.3905"
"31,10 : 0.3905"
"10,32 : 0.4383"
"32,10 : 0.4383"
"10,33 : 0.136"
"33,10 : 0.136"
"10,34 : 0.6042"
"34,10 : 0.6042"
"10,35 : 0.0825"
"35,10 : 0.0825"
"10,36 : 0.5722"
"36,10 : 0.5722"
"10,37 : 0.2012"
"37,10 : 0.2012"
"10,38 : 0.3551"
"38,10 : 0.3551"
"10,39 : 0.4469"
"39,10 : 0.4469"
"10,40 : 0.637"
"40,10 : 0.637"
"10,41 : 0.5882"
"41,10 : 0.5882"
"10,42 : 0.6426"
"42,10 : 0.6426"
"10,43 : 0.2865"
"43,10 : 0.2865"
"10,44 : 0.3601"
"44,10 : 0.3601"
"10,45 : 0.5554"
"45,10 : 0.5554"
"10,46 : 0.2983"
"46,10 : 0.2983"
"10,47 : 0.1345"
"47,10 : 0.1345"
"10,48 : 0.8341"
"48,10 : 0.8341"
"10,49 : 0.3483"
"49,10 : 0.3483"
"10,50 : 0.7661"
"50,10 : 0.7661"
"10,51 : 0.2823"
"51,10 : 0.2823"
"10,52 : 0.4"
"52,10 : 0.4"
"10,53 : 0.1942"
"53,10 : 0.1942"
"10,54 : 0.5831"
"54,10 : 0.5831"
"10,55 : 0.1082"
"55,10 : 0.1082"
"10,56 : 0.6395"
"56,10 : 0.6395"
"10,57 : 0.3716"
"57,10 : 0.3716"
"10,58 : 0.6485"
"58,10 : 0.6485"
"10,59 : 0.2285"
"59,10 : 0.2285"
"10,60 : 0.2912"
"60,10 : 0.2912"
"10,61 : 0.2912"
"61,10 : 0.2912"
"10,62 : 0.0894"
"62,10 : 0.0894"
"10,63 : 0.3833"
"63,10 : 0.3833"
"10,64 : 0.6236"
"64,10 : 0.6236"
"10,65 : 0.4561"
"65,10 : 0.4561"
"10,66 : 0.2953"
"66,10 : 0.2953"
"10,67 : 0.3585"
"67,10 : 0.3585"
"10,68 : 0.3538"
"68,10 : 0.3538"
"10,69 : 0.5536"
"69,10 : 0.5536"
"10,70 : 0.2746"
"70,10 : 0.2746"
"10,71 : 0.1253"
"71,10 : 0.1253"
"10,72 : 0.5903"
"72,10 : 0.5903"
"10,73 : 0.8422"
"73,10 : 0.8422"
"10,74 : 0.4383"
"74,10 : 0.4383"
"10,75 : 0.386"
"75,10 : 0.386"
"10,76 : 0.6243"
"76,10 : 0.6243"
"10,77 : 0.2657"
"77,10 : 0.2657"
"10,78 : 0.6689"
"78,10 : 0.6689"
"10,79 : 0.5061"
"79,10 : 0.5061"
"10,80 : 0.6701"
"80,10 : 0.6701"
"10,81 : 0.64"
"81,10 : 0.64"
"10,82 : 0.7692"
"82,10 : 0.7692"
"10,83 : 0.5903"
"83,10 : 0.5903"
"10,84 : 0.3536"
"84,10 : 0.3536"
"10,85 : 0.4993"
"85,10 : 0.4993"
"10,86 : 0.6075"
"86,10 : 0.6075"
"10,87 : 0.2789"
"87,10 : 0.2789"
"10,88 : 0.6096"
"88,10 : 0.6096"
"10,89 : 0.1077"
"89,10 : 0.1077"
"10,90 : 0.1118"
"90,10 : 0.1118"
"10,91 : 0.3444"
"91,10 : 0.3444"
"10,92 : 0.3081"
"92,10 : 0.3081"
"10,93 : 0.2154"
"93,10 : 0.2154"
"10,94 : 0.6515"
"94,10 : 0.6515"
"10,95 : 0.4104"
"95,10 : 0.4104"
"10,96 : 0.2683"
"96,10 : 0.2683"
"10,97 : 0.1581"
"97,10 : 0.1581"
"10,98 : 0.4319"
"98,10 : 0.4319"
"10,99 : 0.6133"
"99,10 : 0.6133"
"11,12 : 0.2319"
"12,11 : 0.2319"
"11,13 : 0.9124"
"13,11 : 0.9124"
"11,14 : 0.742"
"14,11 : 0.742"
"11,15 : 0.8417"
"15,11 : 0.8417"
"11,16 : 0.4884"
"16,11 : 0.4884"
"11,17 : 0.7752"
"17,11 : 0.7752"
"11,18 : 0.6413"
"18,11 : 0.6413"
"11,19 : 0.4438"
"19,11 : 0.4438"
"11,20 : 0.744"
"20,11 : 0.744"
"11,21 : 0.614"
"21,11 : 0.614"
"11,22 : 0.3517"
"22,11 : 0.3517"
"11,23 : 0.9168"
"23,11 : 0.9168"
"11,24 : 0.6727"
"24,11 : 0.6727"
"11,25 : 0.4519"
"25,11 : 0.4519"
"11,26 : 0.2683"
"26,11 : 0.2683"
"11,27 : 1.0325"
"27,11 : 1.0325"
"11,28 : 0.7543"
"28,11 : 0.7543"
"11,29 : 0.4827"
"29,11 : 0.4827"
"11,30 : 1.0742"
"30,11 : 1.0742"
"11,31 : 0.6107"
"31,11 : 0.6107"
"11,32 : 0.3007"
"32,11 : 0.3007"
"11,33 : 0.8395"
"33,11 : 0.8395"
"11,34 : 0.85"
"34,11 : 0.85"
"11,35 : 0.7708"
"35,11 : 0.7708"
"11,36 : 0.2955"
"36,11 : 0.2955"
"11,37 : 0.781"
"37,11 : 0.781"
"11,38 : 0.3912"
"38,11 : 0.3912"
"11,39 : 0.6882"
"39,11 : 0.6882"
"11,40 : 0.7374"
"40,11 : 0.7374"
"11,41 : 0.7826"
"41,11 : 0.7826"
"11,42 : 1.2324"
"42,11 : 1.2324"
"11,43 : 0.4472"
"43,11 : 0.4472"
"11,44 : 0.3912"
"44,11 : 0.3912"
"11,45 : 0.3808"
"45,11 : 0.3808"
"11,46 : 0.8028"
"46,11 : 0.8028"
"11,47 : 0.6665"
"47,11 : 0.6665"
"11,48 : 0.7306"
"48,11 : 0.7306"
"11,49 : 0.9114"
"49,11 : 0.9114"
"11,50 : 0.8736"
"50,11 : 0.8736"
"11,51 : 0.933"
"51,11 : 0.933"
"11,52 : 0.9354"
"52,11 : 0.9354"
"11,53 : 0.8022"
"53,11 : 0.8022"
"11,54 : 0.8188"
"54,11 : 0.8188"
"11,55 : 0.7962"
"55,11 : 0.7962"
"11,56 : 0.3354"
"56,11 : 0.3354"
"11,57 : 0.7779"
"57,11 : 0.7779"
"11,58 : 0.1304"
"58,11 : 0.1304"
"11,59 : 0.7801"
"59,11 : 0.7801"
"11,60 : 0.508"
"60,11 : 0.508"
"11,61 : 0.7887"
"61,11 : 0.7887"
"11,62 : 0.6649"
"62,11 : 0.6649"
"11,63 : 0.4111"
"63,11 : 0.4111"
"11,64 : 1.1883"
"64,11 : 1.1883"
"11,65 : 1.0448"
"65,11 : 1.0448"
"11,66 : 0.73"
"66,11 : 0.73"
"11,67 : 0.8373"
"67,11 : 0.8373"
"11,68 : 1.0466"
"68,11 : 1.0466"
"11,69 : 0.1726"
"69,11 : 0.1726"
"11,70 : 0.4993"
"70,11 : 0.4993"
"11,71 : 0.6395"
"71,11 : 0.6395"
"11,72 : 1.1314"
"72,11 : 1.1314"
"11,73 : 0.8485"
"73,11 : 0.8485"
"11,74 : 0.3314"
"74,11 : 0.3314"
"11,75 : 0.9244"
"75,11 : 0.9244"
"11,76 : 0.5728"
"76,11 : 0.5728"
"11,77 : 0.5382"
"77,11 : 0.5382"
"11,78 : 0.5825"
"78,11 : 0.5825"
"11,79 : 0.2518"
"79,11 : 0.2518"
"11,80 : 0.211"
"80,11 : 0.211"
"11,81 : 0.2256"
"81,11 : 0.2256"
"11,82 : 0.12"
"82,11 : 0.12"
"11,83 : 1.0512"
"83,11 : 1.0512"
"11,84 : 0.3801"
"84,11 : 0.3801"
"11,85 : 0.2746"
"85,11 : 0.2746"
"11,86 : 0.1204"
"86,11 : 0.1204"
"11,87 : 0.446"
"87,11 : 0.446"
"11,88 : 0.6613"
"88,11 : 0.6613"
"11,89 : 0.7398"
"89,11 : 0.7398"
"11,90 : 0.8352"
"90,11 : 0.8352"
"11,91 : 0.3864"
"91,11 : 0.3864"
"11,92 : 0.6935"
"92,11 : 0.6935"
"11,93 : 0.6103"
"93,11 : 0.6103"
"11,94 : 0.9725"
"94,11 : 0.9725"
"11,95 : 0.3946"
"95,11 : 0.3946"
"11,96 : 0.564"
"96,11 : 0.564"
"11,97 : 0.8549"
"97,11 : 0.8549"
"11,98 : 0.3766"
"98,11 : 0.3766"
"11,99 : 0.4876"
"99,11 : 0.4876"
"12,13 : 0.8668"
"13,12 : 0.8668"
"12,14 : 0.6579"
"14,12 : 0.6579"
"12,15 : 0.7295"
"15,12 : 0.7295"
"12,16 : 0.4026"
"16,12 : 0.4026"
"12,17 : 0.5532"
"17,12 : 0.5532"
"12,18 : 0.6691"
"18,12 : 0.6691"
"12,19 : 0.2441"
"19,12 : 0.2441"
"12,20 : 0.6641"
"20,12 : 0.6641"
"12,21 : 0.7068"
"21,12 : 0.7068"
"12,22 : 0.4892"
"22,12 : 0.4892"
"12,23 : 0.736"
"23,12 : 0.736"
"12,24 : 0.6972"
"24,12 : 0.6972"
"12,25 : 0.2843"
"25,12 : 0.2843"
"12,26 : 0.442"
"26,12 : 0.442"
"12,27 : 0.907"
"27,12 : 0.907"
"12,28 : 0.5315"
"28,12 : 0.5315"
"12,29 : 0.6046"
"29,12 : 0.6046"
"12,30 : 0.9849"
"30,12 : 0.9849"
"12,31 : 0.4837"
"31,12 : 0.4837"
"12,32 : 0.3912"
"32,12 : 0.3912"
"12,33 : 0.8515"
"33,12 : 0.8515"
"12,34 : 0.6748"
"34,12 : 0.6748"
"12,35 : 0.7433"
"35,12 : 0.7433"
"12,36 : 0.1552"
"36,12 : 0.1552"
"12,37 : 0.832"
"37,12 : 0.832"
"12,38 : 0.4652"
"38,12 : 0.4652"
"12,39 : 0.542"
"39,12 : 0.542"
"12,40 : 0.5438"
"40,12 : 0.5438"
"12,41 : 0.6044"
"41,12 : 0.6044"
"12,42 : 1.1183"
"42,12 : 1.1183"
"12,43 : 0.4934"
"43,12 : 0.4934"
"12,44 : 0.3606"
"44,12 : 0.3606"
"12,45 : 0.2163"
"45,12 : 0.2163"
"12,46 : 0.7077"
"46,12 : 0.7077"
"12,47 : 0.6251"
"47,12 : 0.6251"
"12,48 : 0.5036"
"48,12 : 0.5036"
"12,49 : 0.9808"
"49,12 : 0.9808"
"12,50 : 0.6671"
"50,12 : 0.6671"
"12,51 : 0.8668"
"51,12 : 0.8668"
"12,52 : 1.0151"
"52,12 : 1.0151"
"12,53 : 0.8472"
"53,12 : 0.8472"
"12,54 : 0.6454"
"54,12 : 0.6454"
"12,55 : 0.813"
"55,12 : 0.813"
"12,56 : 0.1345"
"56,12 : 0.1345"
"12,57 : 0.6586"
"57,12 : 0.6586"
"12,58 : 0.3311"
"58,12 : 0.3311"
"12,59 : 0.8393"
"59,12 : 0.8393"
"12,60 : 0.4455"
"60,12 : 0.4455"
"12,61 : 0.6946"
"61,12 : 0.6946"
"12,62 : 0.6859"
"62,12 : 0.6859"
"12,63 : 0.3423"
"63,12 : 0.3423"
"12,64 : 1.0678"
"64,12 : 1.0678"
"12,65 : 0.9437"
"65,12 : 0.9437"
"12,66 : 0.6316"
"66,12 : 0.6316"
"12,67 : 0.9248"
"67,12 : 0.9248"
"12,68 : 0.992"
"68,12 : 0.992"
"12,69 : 0.2828"
"69,12 : 0.2828"
"12,70 : 0.4518"
"70,12 : 0.4518"
"12,71 : 0.6708"
"71,12 : 0.6708"
"12,72 : 1.0069"
"72,12 : 1.0069"
"12,73 : 0.6282"
"73,12 : 0.6282"
"12,74 : 0.4441"
"74,12 : 0.4441"
"12,75 : 1.0024"
"75,12 : 1.0024"
"12,76 : 0.3722"
"76,12 : 0.3722"
"12,77 : 0.4768"
"77,12 : 0.4768"
"12,78 : 0.3716"
"78,12 : 0.3716"
"12,79 : 0.3821"
"79,12 : 0.3821"
"12,80 : 0.0539"
"80,12 : 0.0539"
"12,81 : 0.0806"
"81,12 : 0.0806"
"12,82 : 0.3513"
"82,12 : 0.3513"
"12,83 : 0.9091"
"83,12 : 0.9091"
"12,84 : 0.3748"
"84,12 : 0.3748"
"12,85 : 0.4104"
"85,12 : 0.4104"
"12,86 : 0.2663"
"86,12 : 0.2663"
"12,87 : 0.4571"
"87,12 : 0.4571"
"12,88 : 0.4687"
"88,12 : 0.4687"
"12,89 : 0.7679"
"89,12 : 0.7679"
"12,90 : 0.8301"
"90,12 : 0.8301"
"12,91 : 0.4401"
"91,12 : 0.4401"
"12,92 : 0.5909"
"92,12 : 0.5909"
"12,93 : 0.6736"
"93,12 : 0.6736"
"12,94 : 0.8016"
"94,12 : 0.8016"
"12,95 : 0.5104"
"95,12 : 0.5104"
"12,96 : 0.4924"
"96,12 : 0.4924"
"12,97 : 0.8188"
"97,12 : 0.8188"
"12,98 : 0.5"
"98,12 : 0.5"
"12,99 : 0.2884"
"99,12 : 0.2884"
"13,14 : 0.2354"
"14,13 : 0.2354"
"13,15 : 0.2766"
"15,13 : 0.2766"
"13,16 : 0.4653"
"16,13 : 0.4653"
"13,17 : 0.8184"
"17,13 : 0.8184"
"13,18 : 0.3384"
"18,13 : 0.3384"
"13,19 : 0.7106"
"19,13 : 0.7106"
"13,20 : 0.2236"
"20,13 : 0.2236"
"13,21 : 0.5148"
"21,13 : 0.5148"
"13,22 : 0.6859"
