x,y
0.97,0.21
0.7,0.12
0.5,0.21
0.23,0.06
0.1,0.93
0.51,0.02
0.17,0.57
0.03,0.54
0.62,0.62
0.58,0.75
0.22,0.08
0.03,0.96
0.1,0.92
0.02,0.09
0.16,0.62
0.17,0.86
0.16,0.38
0.98,0.34
0.51,0.98
0.51,0.87
0.03,0.92
0.73,0.09
0.87,0.18
0.66,0.95
0.66,0.38
0.07,0.97
0.62,0.19
0.47,0.49
0.1,0.81
0.55,0.71
0.26,0.55
0.79,0.71
0.19,0.92
0.52,0.72
0.26,0.46
0.59,0.98
0.15,0.15
0.02,0.25
0.0,0.08
0.35,0.02
0.81,0.55
0.98,0.13
1.0,0.64
0.95,0.66
0.28,0.43
0.41,0.52
0.4,0.95
0.18,0.6
0.32,0.41
0.23,0.77
0.49,0.89
0.5,0.52
0.71,0.71
0.51,0.05
0.03,0.12
0.24,0.45
0.32,0.41
0.84,0.01
0.11,0.53
0.56,0.36
0.58,0.11
0.32,0.47
0.63,0.85
0.9,0.76
0.76,0.0
0.2,0.95
0.56,0.18
0.99,0.76
0.56,0.46
0.83,0.55
0.75,0.11
0.97,0.21
0.64,0.43
0.79,0.85
0.01,0.92
0.63,0.8
0.56,0.68
0.26,0.55
0.67,0.51
0.74,0.67
0.52,0.85
0.49,0.98
0.82,0.4
0.32,0.96
0.69,0.49
0.38,0.39
0.98,0.89
0.7,0.67
0.01,0.25
0.58,0.51
0.99,0.8
0.36,0.15
0.13,0.52
0.04,0.09
0.18,0.24
0.85,0.8
0.19,0.69
0.76,0.35
0.86,0.18
0.22,0.14

Distanze
"0,1 : 0.2846"
"1,0 : 0.2846"
"0,2 : 0.47"
"2,0 : 0.47"
"0,3 : 0.755"
"3,0 : 0.755"
"0,4 : 1.1293"
"4,0 : 1.1293"
"0,5 : 0.4977"
"5,0 : 0.4977"
"0,6 : 0.8773"
"6,0 : 0.8773"
"0,7 : 0.9962"
"7,0 : 0.9962"
"0,8 : 0.5391"
"8,0 : 0.5391"
"0,9 : 0.6661"
"9,0 : 0.6661"
"0,10 : 0.7612"
"10,0 : 0.7612"
"0,11 : 1.2025"
"11,0 : 1.2025"
"0,12 : 1.1229"
"12,0 : 1.1229"
"0,13 : 0.9575"
"13,0 : 0.9575"
"0,14 : 0.9079"
"14,0 : 0.9079"
"0,15 : 1.0308"
"15,0 : 1.0308"
"0,16 : 0.8276"
"16,0 : 0.8276"
"0,17 : 0.1304"
"17,0 : 0.1304"
"0,18 : 0.8969"
"18,0 : 0.8969"
"0,19 : 0.8045"
"19,0 : 0.8045"
"0,20 : 1.178"
"20,0 : 1.178"
"0,21 : 0.2683"
"21,0 : 0.2683"
"0,22 : 0.1044"
"22,0 : 0.1044"
"0,23 : 0.8023"
"23,0 : 0.8023"
"0,24 : 0.3536"
"24,0 : 0.3536"
"0,25 : 1.178"
"25,0 : 1.178"
"0,26 : 0.3506"
"26,0 : 0.3506"
"0,27 : 0.5731"
"27,0 : 0.5731"
"0,28 : 1.0568"
"28,0 : 1.0568"
"0,29 : 0.653"
"29,0 : 0.653"
"0,30 : 0.7872"
"30,0 : 0.7872"
"0,31 : 0.5314"
"31,0 : 0.5314"
"0,32 : 1.0548"
"32,0 : 1.0548"
"0,33 : 0.6801"
"33,0 : 0.6801"
"0,34 : 0.7527"
"34,0 : 0.7527"
"0,35 : 0.8587"
"35,0 : 0.8587"
"0,36 : 0.8222"
"36,0 : 0.8222"
"0,37 : 0.9508"
"37,0 : 0.9508"
"0,38 : 0.9787"
"38,0 : 0.9787"
"0,39 : 0.6485"
"39,0 : 0.6485"
"0,40 : 0.3758"
"40,0 : 0.3758"
"0,41 : 0.0806"
"41,0 : 0.0806"
"0,42 : 0.431"
"42,0 : 0.431"
"0,43 : 0.4504"
"43,0 : 0.4504"
"0,44 : 0.7242"
"44,0 : 0.7242"
"0,45 : 0.6401"
"45,0 : 0.6401"
"0,46 : 0.9341"
"46,0 : 0.9341"
"0,47 : 0.881"
"47,0 : 0.881"
"0,48 : 0.6801"
"48,0 : 0.6801"
"0,49 : 0.928"
"49,0 : 0.928"
"0,50 : 0.8323"
"50,0 : 0.8323"
"0,51 : 0.563"
"51,0 : 0.563"
"0,52 : 0.5636"
"52,0 : 0.5636"
"0,53 : 0.487"
"53,0 : 0.487"
"0,54 : 0.9443"
"54,0 : 0.9443"
"0,55 : 0.7684"
"55,0 : 0.7684"
"0,56 : 0.6801"
"56,0 : 0.6801"
"0,57 : 0.2385"
"57,0 : 0.2385"
"0,58 : 0.9176"
"58,0 : 0.9176"
"0,59 : 0.4366"
"59,0 : 0.4366"
"0,60 : 0.4026"
"60,0 : 0.4026"
"0,61 : 0.7001"
"61,0 : 0.7001"
"0,62 : 0.7247"
"62,0 : 0.7247"
"0,63 : 0.5544"
"63,0 : 0.5544"
"0,64 : 0.297"
"64,0 : 0.297"
"0,65 : 1.0679"
"65,0 : 1.0679"
"0,66 : 0.4111"
"66,0 : 0.4111"
"0,67 : 0.5504"
"67,0 : 0.5504"
"0,68 : 0.4802"
"68,0 : 0.4802"
"0,69 : 0.3677"
"69,0 : 0.3677"
"0,70 : 0.2417"
"70,0 : 0.2417"
"0,71 : 0.0"
"71,0 : 0.0"
"0,72 : 0.3966"
"72,0 : 0.3966"
"0,73 : 0.6648"
"73,0 : 0.6648"
"0,74 : 1.194"
"74,0 : 1.194"
"0,75 : 0.681"
"75,0 : 0.681"
"0,76 : 0.6237"
"76,0 : 0.6237"
"0,77 : 0.7872"
"77,0 : 0.7872"
"0,78 : 0.4243"
"78,0 : 0.4243"
"0,79 : 0.5143"
"79,0 : 0.5143"
"0,80 : 0.7824"
"80,0 : 0.7824"
"0,81 : 0.9074"
"81,0 : 0.9074"
"0,82 : 0.2421"
"82,0 : 0.2421"
"0,83 : 0.9925"
"83,0 : 0.9925"
"0,84 : 0.396"
"84,0 : 0.396"
"0,85 : 0.6168"
"85,0 : 0.6168"
"0,86 : 0.6801"
"86,0 : 0.6801"
"0,87 : 0.5334"
"87,0 : 0.5334"
"0,88 : 0.9608"
"88,0 : 0.9608"
"0,89 : 0.492"
"89,0 : 0.492"
"0,90 : 0.5903"
"90,0 : 0.5903"
"0,91 : 0.6129"
"91,0 : 0.6129"
"0,92 : 0.8954"
"92,0 : 0.8954"
"0,93 : 0.9377"
"93,0 : 0.9377"
"0,94 : 0.7906"
"94,0 : 0.7906"
"0,95 : 0.6021"
"95,0 : 0.6021"
"0,96 : 0.9159"
"96,0 : 0.9159"
"0,97 : 0.2524"
"97,0 : 0.2524"
"0,98 : 0.114"
"98,0 : 0.114"
"0,99 : 0.7533"
"99,0 : 0.7533"
"1,2 : 0.2193"
"2,1 : 0.2193"
"1,3 : 0.4738"
"3,1 : 0.4738"
"1,4 : 1.008"
"4,1 : 1.008"
"1,5 : 0.2147"
"5,1 : 0.2147"
"1,6 : 0.6953"
"6,1 : 0.6953"
"1,7 : 0.7908"
"7,1 : 0.7908"
"1,8 : 0.5064"
"8,1 : 0.5064"
"1,9 : 0.6413"
"9,1 : 0.6413"
"1,10 : 0.4817"
"10,1 : 0.4817"
"1,11 : 1.0745"
"11,1 : 1.0745"
"1,12 : 1.0"
"12,1 : 1.0"
"1,13 : 0.6807"
"13,1 : 0.6807"
"1,14 : 0.7359"
"14,1 : 0.7359"
"1,15 : 0.9102"
"15,1 : 0.9102"
"1,16 : 0.5993"
"16,1 : 0.5993"
"1,17 : 0.3561"
"17,1 : 0.3561"
"1,18 : 0.8807"
"18,1 : 0.8807"
"1,19 : 0.7737"
"19,1 : 0.7737"
"1,20 : 1.0435"
"20,1 : 1.0435"
"1,21 : 0.0424"
"21,1 : 0.0424"
"1,22 : 0.1803"
"22,1 : 0.1803"
"1,23 : 0.831"
"23,1 : 0.831"
"1,24 : 0.2631"
"24,1 : 0.2631"
"1,25 : 1.058"
"25,1 : 1.058"
"1,26 : 0.1063"
"26,1 : 0.1063"
"1,27 : 0.4357"
"27,1 : 0.4357"
"1,28 : 0.9144"
"28,1 : 0.9144"
"1,29 : 0.6088"
"29,1 : 0.6088"
"1,30 : 0.6152"
"30,1 : 0.6152"
"1,31 : 0.5968"
"31,1 : 0.5968"
"1,32 : 0.9487"
"32,1 : 0.9487"
"1,33 : 0.6264"
"33,1 : 0.6264"
"1,34 : 0.5561"
"34,1 : 0.5561"
"1,35 : 0.867"
"35,1 : 0.867"
"1,36 : 0.5508"
"36,1 : 0.5508"
"1,37 : 0.6923"
"37,1 : 0.6923"
"1,38 : 0.7011"
"38,1 : 0.7011"
"1,39 : 0.364"
"39,1 : 0.364"
"1,40 : 0.4438"
"40,1 : 0.4438"
"1,41 : 0.2802"
"41,1 : 0.2802"
"1,42 : 0.6003"
"42,1 : 0.6003"
"1,43 : 0.5951"
"43,1 : 0.5951"
"1,44 : 0.522"
"44,1 : 0.522"
"1,45 : 0.4941"
"45,1 : 0.4941"
"1,46 : 0.8826"
"46,1 : 0.8826"
"1,47 : 0.7077"
"47,1 : 0.7077"
"1,48 : 0.478"
"48,1 : 0.478"
"1,49 : 0.8021"
"49,1 : 0.8021"
"1,50 : 0.7981"
"50,1 : 0.7981"
"1,51 : 0.4472"
"51,1 : 0.4472"
"1,52 : 0.5901"
"52,1 : 0.5901"
"1,53 : 0.2025"
"53,1 : 0.2025"
"1,54 : 0.67"
"54,1 : 0.67"
"1,55 : 0.5661"
"55,1 : 0.5661"
"1,56 : 0.478"
"56,1 : 0.478"
"1,57 : 0.178"
"57,1 : 0.178"
"1,58 : 0.7185"
"58,1 : 0.7185"
"1,59 : 0.2778"
"59,1 : 0.2778"
"1,60 : 0.1204"
"60,1 : 0.1204"
"1,61 : 0.5166"
"61,1 : 0.5166"
"1,62 : 0.7333"
"62,1 : 0.7333"
"1,63 : 0.6705"
"63,1 : 0.6705"
"1,64 : 0.1342"
"64,1 : 0.1342"
"1,65 : 0.969"
"65,1 : 0.969"
"1,66 : 0.1523"
"66,1 : 0.1523"
"1,67 : 0.7026"
"67,1 : 0.7026"
"1,68 : 0.3677"
"68,1 : 0.3677"
"1,69 : 0.4492"
"69,1 : 0.4492"
"1,70 : 0.051"
"70,1 : 0.051"
"1,71 : 0.2846"
"71,1 : 0.2846"
"1,72 : 0.3158"
"72,1 : 0.3158"
"1,73 : 0.7355"
"73,1 : 0.7355"
"1,74 : 1.0565"
"74,1 : 1.0565"
"1,75 : 0.6836"
"75,1 : 0.6836"
"1,76 : 0.5772"
"76,1 : 0.5772"
"1,77 : 0.6152"
"77,1 : 0.6152"
"1,78 : 0.3912"
"78,1 : 0.3912"
"1,79 : 0.5515"
"79,1 : 0.5515"
"1,80 : 0.7519"
"80,1 : 0.7519"
"1,81 : 0.8853"
"81,1 : 0.8853"
"1,82 : 0.3046"
"82,1 : 0.3046"
"1,83 : 0.922"
"83,1 : 0.922"
"1,84 : 0.3701"
"84,1 : 0.3701"
"1,85 : 0.4187"
"85,1 : 0.4187"
"1,86 : 0.8193"
"86,1 : 0.8193"
"1,87 : 0.55"
"87,1 : 0.55"
"1,88 : 0.7021"
"88,1 : 0.7021"
"1,89 : 0.408"
"89,1 : 0.408"
"1,90 : 0.7393"
"90,1 : 0.7393"
"1,91 : 0.3413"
"91,1 : 0.3413"
"1,92 : 0.6963"
"92,1 : 0.6963"
"1,93 : 0.6607"
"93,1 : 0.6607"
"1,94 : 0.5337"
"94,1 : 0.5337"
"1,95 : 0.6963"
"95,1 : 0.6963"
"1,96 : 0.7649"
"96,1 : 0.7649"
"1,97 : 0.2377"
"97,1 : 0.2377"
"1,98 : 0.1709"
"98,1 : 0.1709"
"1,99 : 0.4804"
"99,1 : 0.4804"
"2,3 : 0.3089"
"3,2 : 0.3089"
"2,4 : 0.8237"
"4,2 : 0.8237"
"2,5 : 0.1903"
"5,2 : 0.1903"
"2,6 : 0.4884"
"6,2 : 0.4884"
"2,7 : 0.5743"
"7,2 : 0.5743"
"2,8 : 0.4272"
"8,2 : 0.4272"
"2,9 : 0.5459"
"9,2 : 0.5459"
"2,10 : 0.3087"
"10,2 : 0.3087"
"2,11 : 0.8851"
"11,2 : 0.8851"
"2,12 : 0.8149"
"12,2 : 0.8149"
"2,13 : 0.4948"
"13,2 : 0.4948"
"2,14 : 0.5326"
"14,2 : 0.5326"
"2,15 : 0.729"
"15,2 : 0.729"
"2,16 : 0.3801"
"16,2 : 0.3801"
"2,17 : 0.4973"
"17,2 : 0.4973"
"2,18 : 0.7701"
"18,2 : 0.7701"
"2,19 : 0.6601"
"19,2 : 0.6601"
"2,20 : 0.8515"
"20,2 : 0.8515"
"2,21 : 0.2594"
"21,2 : 0.2594"
"2,22 : 0.3712"
"22,2 : 0.3712"
"2,23 : 0.7571"
"23,2 : 0.7571"
"2,24 : 0.2335"
"24,2 : 0.2335"
"2,25 : 0.8732"
"25,2 : 0.8732"
"2,26 : 0.1217"
"26,2 : 0.1217"
"2,27 : 0.2816"
"27,2 : 0.2816"
"2,28 : 0.7211"
"28,2 : 0.7211"
"2,29 : 0.5025"
"29,2 : 0.5025"
"2,30 : 0.4162"
"30,2 : 0.4162"
"2,31 : 0.578"
"31,2 : 0.578"
"2,32 : 0.7747"
"32,2 : 0.7747"
"2,33 : 0.5104"
"33,2 : 0.5104"
"2,34 : 0.3466"
"34,2 : 0.3466"
"2,35 : 0.7752"
"35,2 : 0.7752"
"2,36 : 0.3551"
"36,2 : 0.3551"
"2,37 : 0.4817"
"37,2 : 0.4817"
"2,38 : 0.5166"
"38,2 : 0.5166"
"2,39 : 0.2421"
"39,2 : 0.2421"
"2,40 : 0.4601"
"40,2 : 0.4601"
"2,41 : 0.4866"
"41,2 : 0.4866"
"2,42 : 0.6595"
"42,2 : 0.6595"
"2,43 : 0.6364"
"43,2 : 0.6364"
"2,44 : 0.3111"
"44,2 : 0.3111"
"2,45 : 0.3228"
"45,2 : 0.3228"
"2,46 : 0.7467"
"46,2 : 0.7467"
"2,47 : 0.5045"
"47,2 : 0.5045"
"2,48 : 0.2691"
"48,2 : 0.2691"
"2,49 : 0.6217"
"49,2 : 0.6217"
"2,50 : 0.6801"
"50,2 : 0.6801"
"2,51 : 0.31"
"51,2 : 0.31"
"2,52 : 0.5423"
"52,2 : 0.5423"
"2,53 : 0.1603"
"53,2 : 0.1603"
"2,54 : 0.4785"
"54,2 : 0.4785"
"2,55 : 0.3538"
"55,2 : 0.3538"
"2,56 : 0.2691"
"56,2 : 0.2691"
"2,57 : 0.3945"
"57,2 : 0.3945"
"2,58 : 0.5045"
"58,2 : 0.5045"
"2,59 : 0.1616"
"59,2 : 0.1616"
"2,60 : 0.1281"
"60,2 : 0.1281"
"2,61 : 0.3162"
"61,2 : 0.3162"
"2,62 : 0.6531"
"62,2 : 0.6531"
"2,63 : 0.6801"
"63,2 : 0.6801"
"2,64 : 0.3342"
"64,2 : 0.3342"
"2,65 : 0.7985"
"65,2 : 0.7985"
"2,66 : 0.0671"
"66,2 : 0.0671"
"2,67 : 0.7366"
"67,2 : 0.7366"
"2,68 : 0.2571"
"68,2 : 0.2571"
"2,69 : 0.4738"
"69,2 : 0.4738"
"2,70 : 0.2693"
"70,2 : 0.2693"
"2,71 : 0.47"
"71,2 : 0.47"
"2,72 : 0.2608"
"72,2 : 0.2608"
"2,73 : 0.7026"
"73,2 : 0.7026"
"2,74 : 0.8627"
"74,2 : 0.8627"
"2,75 : 0.6042"
"75,2 : 0.6042"
"2,76 : 0.4738"
"76,2 : 0.4738"
"2,77 : 0.4162"
"77,2 : 0.4162"
"2,78 : 0.3448"
"78,2 : 0.3448"
"2,79 : 0.5188"
"79,2 : 0.5188"
"2,80 : 0.6403"
"80,2 : 0.6403"
"2,81 : 0.7701"
"81,2 : 0.7701"
"2,82 : 0.3722"
"82,2 : 0.3722"
"2,83 : 0.7713"
"83,2 : 0.7713"
"2,84 : 0.3384"
"84,2 : 0.3384"
"2,85 : 0.2163"
"85,2 : 0.2163"
"2,86 : 0.8323"
"86,2 : 0.8323"
"2,87 : 0.5016"
"87,2 : 0.5016"
"2,88 : 0.4916"
"88,2 : 0.4916"
"2,89 : 0.3105"
"89,2 : 0.3105"
"2,90 : 0.7669"
"90,2 : 0.7669"
"2,91 : 0.1523"
"91,2 : 0.1523"
"2,92 : 0.4827"
"92,2 : 0.4827"
"2,93 : 0.4754"
"93,2 : 0.4754"
"2,94 : 0.3214"
"94,2 : 0.3214"
"2,95 : 0.686"
"95,2 : 0.686"
"2,96 : 0.5714"
"96,2 : 0.5714"
"2,97 : 0.2953"
"97,2 : 0.2953"
"2,98 : 0.3612"
"98,2 : 0.3612"
"2,99 : 0.2886"
"99,2 : 0.2886"
"3,4 : 0.8797"
"4,3 : 0.8797"
"3,5 : 0.2828"
"5,3 : 0.2828"
"3,6 : 0.5135"
"6,3 : 0.5135"
"3,7 : 0.52"
"7,3 : 0.52"
"3,8 : 0.6824"
"8,3 : 0.6824"
"3,9 : 0.7737"
"9,3 : 0.7737"
"3,10 : 0.0224"
"10,3 : 0.0224"
"3,11 : 0.922"
"11,3 : 0.922"
"3,12 : 0.8698"
"12,3 : 0.8698"
"3,13 : 0.2121"
"13,3 : 0.2121"
"3,14 : 0.5644"
"14,3 : 0.5644"
"3,15 : 0.8022"
"15,3 : 0.8022"
"3,16 : 0.3276"
"16,3 : 0.3276"
"3,17 : 0.8006"
"17,3 : 0.8006"
"3,18 : 0.9617"
"18,3 : 0.9617"
"3,19 : 0.857"
"19,3 : 0.857"
"3,20 : 0.8829"
"20,3 : 0.8829"
"3,21 : 0.5009"
"21,3 : 0.5009"
"3,22 : 0.6512"
"22,3 : 0.6512"
"3,23 : 0.9884"
"23,3 : 0.9884"
"3,24 : 0.536"
"24,3 : 0.536"
"3,25 : 0.924"
"25,3 : 0.924"
"3,26 : 0.4111"
"26,3 : 0.4111"
"3,27 : 0.4924"
"27,3 : 0.4924"
"3,28 : 0.7612"
"28,3 : 0.7612"
"3,29 : 0.7245"
"29,3 : 0.7245"
"3,30 : 0.4909"
"30,3 : 0.4909"
"3,31 : 0.858"
"31,3 : 0.858"
"3,32 : 0.8609"
"32,3 : 0.8609"
"3,33 : 0.7209"
"33,3 : 0.7209"
"3,34 : 0.4011"
"34,3 : 0.4011"
"3,35 : 0.9879"
"35,3 : 0.9879"
"3,36 : 0.1204"
"36,3 : 0.1204"
"3,37 : 0.2832"
"37,3 : 0.2832"
"3,38 : 0.2309"
"38,3 : 0.2309"
"3,39 : 0.1265"
"39,3 : 0.1265"
"3,40 : 0.7593"
"40,3 : 0.7593"
"3,41 : 0.7533"
"41,3 : 0.7533"
"3,42 : 0.964"
"42,3 : 0.964"
"3,43 : 0.9372"
"43,3 : 0.9372"
"3,44 : 0.3734"
"44,3 : 0.3734"
"3,45 : 0.494"
"45,3 : 0.494"
"3,46 : 0.9061"
"46,3 : 0.9061"
"3,47 : 0.5423"
"47,3 : 0.5423"
"3,48 : 0.3614"
"48,3 : 0.3614"
"3,49 : 0.71"
"49,3 : 0.71"
"3,50 : 0.8698"
"50,3 : 0.8698"
"3,51 : 0.5334"
"51,3 : 0.5334"
"3,52 : 0.808"
"52,3 : 0.808"
"3,53 : 0.2802"
"53,3 : 0.2802"
"3,54 : 0.2088"
"54,3 : 0.2088"
"3,55 : 0.3901"
"55,3 : 0.3901"
"3,56 : 0.3614"
"56,3 : 0.3614"
"3,57 : 0.612"
"57,3 : 0.612"
"3,58 : 0.4851"
"58,3 : 0.4851"
"3,59 : 0.446"
"59,3 : 0.446"
"3,60 : 0.3536"
"60,3 : 0.3536"
"3,61 : 0.4198"
"61,3 : 0.4198"
"3,62 : 0.8855"
"62,3 : 0.8855"
"3,63 : 0.969"
"63,3 : 0.969"
"3,64 : 0.5334"
"64,3 : 0.5334"
"3,65 : 0.8905"
"65,3 : 0.8905"
"3,66 : 0.3511"
"66,3 : 0.3511"
"3,67 : 1.0332"
"67,3 : 1.0332"
"3,68 : 0.5186"
"68,3 : 0.5186"
"3,69 : 0.7747"
"69,3 : 0.7747"
"3,70 : 0.5224"
"70,3 : 0.5224"
"3,71 : 0.755"
"71,3 : 0.755"
"3,72 : 0.5523"
"72,3 : 0.5523"
"3,73 : 0.9683"
"73,3 : 0.9683"
"3,74 : 0.8877"
"74,3 : 0.8877"
"3,75 : 0.8412"
"75,3 : 0.8412"
"3,76 : 0.7024"
"76,3 : 0.7024"
"3,77 : 0.4909"
"77,3 : 0.4909"
"3,78 : 0.6294"
"78,3 : 0.6294"
"3,79 : 0.7951"
"79,3 : 0.7951"
"3,80 : 0.8415"
"80,3 : 0.8415"
"3,81 : 0.956"
"81,3 : 0.956"
"3,82 : 0.681"
"82,3 : 0.681"
"3,83 : 0.9045"
"83,3 : 0.9045"
"3,84 : 0.6297"
"84,3 : 0.6297"
"3,85 : 0.3625"
"85,3 : 0.3625"
"3,86 : 1.1187"
"86,3 : 1.1187"
"3,87 : 0.7701"
"87,3 : 0.7701"
"3,88 : 0.2907"
"88,3 : 0.2907"
"3,89 : 0.5701"
"89,3 : 0.5701"
"3,90 : 1.0608"
"90,3 : 1.0608"
"3,91 : 0.1581"
"91,3 : 0.1581"
"3,92 : 0.4707"
"92,3 : 0.4707"
"3,93 : 0.1924"
"93,3 : 0.1924"
"3,94 : 0.1868"
"94,3 : 0.1868"
"3,95 : 0.9654"
"95,3 : 0.9654"
"3,96 : 0.6313"
"96,3 : 0.6313"
"3,97 : 0.6042"
"97,3 : 0.6042"
"3,98 : 0.6413"
"98,3 : 0.6413"
"3,99 : 0.0806"
"99,3 : 0.0806"
"4,5 : 0.9981"
"5,4 : 0.9981"
"4,6 : 0.3667"
"6,4 : 0.3667"
"4,7 : 0.3962"
"7,4 : 0.3962"
"4,8 : 0.6054"
"8,4 : 0.6054"
"4,9 : 0.5126"
"9,4 : 0.5126"
"4,10 : 0.8584"
"10,4 : 0.8584"
"4,11 : 0.0762"
"11,4 : 0.0762"
"4,12 : 0.01"
"12,4 : 0.01"
"4,13 : 0.8438"
"13,4 : 0.8438"
"4,14 : 0.3158"
"14,4 : 0.3158"
"4,15 : 0.099"
"15,4 : 0.099"
"4,16 : 0.5533"
"16,4 : 0.5533"
"4,17 : 1.0595"
"17,4 : 1.0595"
"4,18 : 0.413"
"18,4 : 0.413"
"4,19 : 0.4144"
"19,4 : 0.4144"
"4,20 : 0.0707"
"20,4 : 0.0707"
"4,21 : 1.05"
"21,4 : 1.05"
"4,22 : 1.0749"
"22,4 : 1.0749"
"4,23 : 0.5604"
"23,4 : 0.5604"
"4,24 : 0.7849"
"24,4 : 0.7849"
"4,25 : 0.05"
"25,4 : 0.05"
"4,26 : 0.9044"
"26,4 : 0.9044"
"4,27 : 0.5749"
"27,4 : 0.5749"
"4,28 : 0.12"
"28,4 : 0.12"
"4,29 : 0.5009"
"29,4 : 0.5009"
"4,30 : 0.4123"
"30,4 : 0.4123"
"4,31 : 0.7242"
"31,4 : 0.7242"
"4,32 : 0.0906"
"32,4 : 0.0906"
"4,33 : 0.4696"
"33,4 : 0.4696"
"4,34 : 0.4965"
"34,4 : 0.4965"
"4,35 : 0.4925"
"35,4 : 0.4925"
"4,36 : 0.7816"
"36,4 : 0.7816"
"4,37 : 0.6847"
"37,4 : 0.6847"
"4,38 : 0.8559"
"38,4 : 0.8559"
"4,39 : 0.9437"
"39,4 : 0.9437"
"4,40 : 0.8053"
"40,4 : 0.8053"
"4,41 : 1.1893"
"41,4 : 1.1893"
"4,42 : 0.9456"
"42,4 : 0.9456"
"4,43 : 0.8919"
"43,4 : 0.8919"
"4,44 : 0.5314"
"44,4 : 0.5314"
"4,45 : 0.514"
"45,4 : 0.514"
"4,46 : 0.3007"
"46,4 : 0.3007"
"4,47 : 0.3396"
"47,4 : 0.3396"
"4,48 : 0.5646"
"48,4 : 0.5646"
"4,49 : 0.2062"
"49,4 : 0.2062"
"4,50 : 0.392"
"50,4 : 0.392"
"4,51 : 0.5728"
"51,4 : 0.5728"
"4,52 : 0.6485"
"52,4 : 0.6485"
"4,53 : 0.9708"
"53,4 : 0.9708"
"4,54 : 0.813"
"54,4 : 0.813"
"4,55 : 0.5"
"55,4 : 0.5"
"4,56 : 0.5646"
"56,4 : 0.5646"
"4,57 : 1.1807"
"57,4 : 1.1807"
"4,58 : 0.4001"
"58,4 : 0.4001"
"4,59 : 0.7325"
"59,4 : 0.7325"
"4,60 : 0.9502"
"60,4 : 0.9502"
"4,61 : 0.5099"
"61,4 : 0.5099"
"4,62 : 0.536"
"62,4 : 0.536"
"4,63 : 0.8179"
"63,4 : 0.8179"
"4,64 : 1.1404"
"64,4 : 1.1404"
"4,65 : 0.102"
"65,4 : 0.102"
"4,66 : 0.8798"
"66,4 : 0.8798"
"4,67 : 0.9061"
"67,4 : 0.9061"
"4,68 : 0.6576"
"68,4 : 0.6576"
"4,69 : 0.823"
"69,4 : 0.823"
"4,70 : 1.0464"
"70,4 : 1.0464"
"4,71 : 1.1293"
"71,4 : 1.1293"
"4,72 : 0.7359"
"72,4 : 0.7359"
"4,73 : 0.6946"
"73,4 : 0.6946"
"4,74 : 0.0906"
"74,4 : 0.0906"
"4,75 : 0.5457"
"75,4 : 0.5457"
"4,76 : 0.5235"
"76,4 : 0.5235"
"4,77 : 0.4123"
"77,4 : 0.4123"
"4,78 : 0.708"
"78,4 : 0.708"
"4,79 : 0.6908"
"79,4 : 0.6908"
"4,80 : 0.4276"
"80,4 : 0.4276"
"4,81 : 0.3932"
"81,4 : 0.3932"
"4,82 : 0.894"
"82,4 : 0.894"
"4,83 : 0.222"
"83,4 : 0.222"
"4,84 : 0.736"
"84,4 : 0.736"
"4,85 : 0.6083"
"85,4 : 0.6083"
"4,86 : 0.8809"
"86,4 : 0.8809"
"4,87 : 0.6539"
"87,4 : 0.6539"
"4,88 : 0.6859"
"88,4 : 0.6859"
"4,89 : 0.6378"
"89,4 : 0.6378"
"4,90 : 0.8994"
"90,4 : 0.8994"
"4,91 : 0.8222"
"91,4 : 0.8222"
"4,92 : 0.4111"
"92,4 : 0.4111"
"4,93 : 0.8421"
"93,4 : 0.8421"
"4,94 : 0.6946"
"94,4 : 0.6946"
"4,95 : 0.7612"
"95,4 : 0.7612"
"4,96 : 0.2563"
"96,4 : 0.2563"
"4,97 : 0.8786"
"97,4 : 0.8786"
"4,98 : 1.0678"
"98,4 : 1.0678"
"4,99 : 0.7991"
"99,4 : 0.7991"
"5,6 : 0.6466"
"6,5 : 0.6466"
"5,7 : 0.7077"
"7,5 : 0.7077"
"5,8 : 0.61"
"8,5 : 0.61"
"5,9 : 0.7333"
"9,5 : 0.7333"
"5,10 : 0.2961"
"10,5 : 0.2961"
"5,11 : 1.0555"
"11,5 : 1.0555"
"5,12 : 0.989"
"12,5 : 0.989"
"5,13 : 0.495"
"13,5 : 0.495"
"5,14 : 0.6946"
"14,5 : 0.6946"
"5,15 : 0.9062"
"15,5 : 0.9062"
"5,16 : 0.5021"
"16,5 : 0.5021"
"5,17 : 0.5686"
"17,5 : 0.5686"
"5,18 : 0.96"
"18,5 : 0.96"
"5,19 : 0.85"
"19,5 : 0.85"
"5,20 : 1.02"
"20,5 : 1.02"
"5,21 : 0.2309"
"21,5 : 0.2309"
"5,22 : 0.394"
"22,5 : 0.394"
"5,23 : 0.942"
"23,5 : 0.942"
"5,24 : 0.39"
"24,5 : 0.39"
"5,25 : 1.0469"
"25,5 : 1.0469"
"5,26 : 0.2025"
"26,5 : 0.2025"
"5,27 : 0.4717"
"27,5 : 0.4717"
"5,28 : 0.8901"
"28,5 : 0.8901"
"5,29 : 0.6912"
"29,5 : 0.6912"
"5,30 : 0.586"
"30,5 : 0.586"
"5,31 : 0.7446"
"31,5 : 0.7446"
"5,32 : 0.9552"
"32,5 : 0.9552"
"5,33 : 0.7001"
"33,5 : 0.7001"
"5,34 : 0.5061"
"34,5 : 0.5061"
"5,35 : 0.9633"
"35,5 : 0.9633"
"5,36 : 0.3828"
"36,5 : 0.3828"
"5,37 : 0.5413"
"37,5 : 0.5413"
"5,38 : 0.5135"
"38,5 : 0.5135"
"5,39 : 0.16"
"39,5 : 0.16"
"5,40 : 0.609"
"40,5 : 0.609"
"5,41 : 0.4827"
"41,5 : 0.4827"
"5,42 : 0.7903"
"42,5 : 0.7903"
"5,43 : 0.7767"
"43,5 : 0.7767"
"5,44 : 0.4701"
"44,5 : 0.4701"
"5,45 : 0.5099"
"45,5 : 0.5099"
"5,46 : 0.9365"
"46,5 : 0.9365"
"5,47 : 0.6673"
"47,5 : 0.6673"
"5,48 : 0.4338"
"48,5 : 0.4338"
"5,49 : 0.8006"
"49,5 : 0.8006"
"5,50 : 0.8702"
"50,5 : 0.8702"
"5,51 : 0.5001"
"51,5 : 0.5001"
"5,52 : 0.7184"
"52,5 : 0.7184"
"5,53 : 0.03"
"53,5 : 0.03"
"5,54 : 0.4903"
"54,5 : 0.4903"
"5,55 : 0.5077"
"55,5 : 0.5077"
"5,56 : 0.4338"
"56,5 : 0.4338"
"5,57 : 0.3302"
"57,5 : 0.3302"
"5,58 : 0.6482"
"58,5 : 0.6482"
"5,59 : 0.3437"
"59,5 : 0.3437"
"5,60 : 0.114"
"60,5 : 0.114"
"5,61 : 0.4885"
"61,5 : 0.4885"
"5,62 : 0.8386"
"62,5 : 0.8386"
"5,63 : 0.8365"
"63,5 : 0.8365"
"5,64 : 0.2508"
"64,5 : 0.2508"
"5,65 : 0.9803"
"65,5 : 0.9803"
"5,66 : 0.1676"
"66,5 : 0.1676"
"5,67 : 0.882"
"67,5 : 0.882"
"5,68 : 0.4428"
"68,5 : 0.4428"
"5,69 : 0.6191"
"69,5 : 0.6191"
"5,70 : 0.2563"
"70,5 : 0.2563"
"5,71 : 0.4977"
"71,5 : 0.4977"
"5,72 : 0.4301"
"72,5 : 0.4301"
"5,73 : 0.876"
"73,5 : 0.876"
"5,74 : 1.0296"
"74,5 : 1.0296"
"5,75 : 0.7892"
"75,5 : 0.7892"
"5,76 : 0.6619"
"76,5 : 0.6619"
"5,77 : 0.586"
"77,5 : 0.586"
"5,78 : 0.5155"
"78,5 : 0.5155"
"5,79 : 0.6895"
"79,5 : 0.6895"
"5,80 : 0.8301"
"80,5 : 0.8301"
"5,81 : 0.9602"
"81,5 : 0.9602"
"5,82 : 0.4904"
"82,5 : 0.4904"
"5,83 : 0.959"
"83,5 : 0.959"
"5,84 : 0.5033"
"84,5 : 0.5033"
"5,85 : 0.3922"
"85,5 : 0.3922"
"5,86 : 0.9888"
"86,5 : 0.9888"
"5,87 : 0.6772"
"87,5 : 0.6772"
"5,88 : 0.5504"
"88,5 : 0.5504"
"5,89 : 0.495"
"89,5 : 0.495"
"5,90 : 0.9159"
"90,5 : 0.9159"
"5,91 : 0.1985"
"91,5 : 0.1985"
"5,92 : 0.628"
"92,5 : 0.628"
"5,93 : 0.4752"
"93,5 : 0.4752"
"5,94 : 0.3966"
"94,5 : 0.3966"
"5,95 : 0.8509"
"95,5 : 0.8509"
"5,96 : 0.7425"
"96,5 : 0.7425"
"5,97 : 0.414"
"97,5 : 0.414"
"5,98 : 0.3848"
"98,5 : 0.3848"
"5,99 : 0.3138"
"99,5 : 0.3138"
"6,7 : 0.1432"
"7,6 : 0.1432"
"6,8 : 0.4528"
"8,6 : 0.4528"
"6,9 : 0.4478"
"9,6 : 0.4478"
"6,10 : 0.4925"
"10,6 : 0.4925"
"6,11 : 0.4144"
"11,6 : 0.4144"
"6,12 : 0.3569"
"12,6 : 0.3569"
"6,13 : 0.5029"
"13,6 : 0.5029"
"6,14 : 0.051"
"14,6 : 0.051"
"6,15 : 0.29"
"15,6 : 0.29"
"6,16 : 0.1903"
"16,6 : 0.1903"
"6,17 : 0.842"
"17,6 : 0.842"
"6,18 : 0.5326"
"18,6 : 0.5326"
"6,19 : 0.4534"
"19,6 : 0.4534"
"6,20 : 0.377"
"20,6 : 0.377"
"6,21 : 0.7376"
"21,6 : 0.7376"
"6,22 : 0.8013"
"22,6 : 0.8013"
"6,23 : 0.6201"
"23,6 : 0.6201"
"6,24 : 0.5255"
"24,6 : 0.5255"
"6,25 : 0.4123"
"25,6 : 0.4123"
"6,26 : 0.589"
"26,6 : 0.589"
"6,27 : 0.3105"
"27,6 : 0.3105"
"6,28 : 0.25"
"28,6 : 0.25"
"6,29 : 0.405"
"29,6 : 0.405"
"6,30 : 0.0922"
"30,6 : 0.0922"
"6,31 : 0.6356"
"31,6 : 0.6356"
"6,32 : 0.3506"
"32,6 : 0.3506"
"6,33 : 0.3808"
"33,6 : 0.3808"
"6,34 : 0.1421"
"34,6 : 0.1421"
"6,35 : 0.5869"
"35,6 : 0.5869"
"6,36 : 0.4205"
"36,6 : 0.4205"
"6,37 : 0.3534"
"37,6 : 0.3534"
"6,38 : 0.5187"
"38,6 : 0.5187"
"6,39 : 0.5787"
"39,6 : 0.5787"
"6,40 : 0.6403"
"40,6 : 0.6403"
"6,41 : 0.9218"
"41,6 : 0.9218"
"6,42 : 0.8329"
"42,6 : 0.8329"
"6,43 : 0.7852"
"43,6 : 0.7852"
"6,44 : 0.178"
"44,6 : 0.178"
"6,45 : 0.2452"
"45,6 : 0.2452"
"6,46 : 0.4442"
"46,6 : 0.4442"
"6,47 : 0.0316"
"47,6 : 0.0316"
"6,48 : 0.2193"
"48,6 : 0.2193"
"6,49 : 0.2088"
"49,6 : 0.2088"
"6,50 : 0.4525"
"50,6 : 0.4525"
"6,51 : 0.3338"
"51,6 : 0.3338"
"6,52 : 0.5579"
"52,6 : 0.5579"
"6,53 : 0.6213"
"53,6 : 0.6213"
"6,54 : 0.4713"
"54,6 : 0.4713"
"6,55 : 0.1389"
"55,6 : 0.1389"
"6,56 : 0.2193"
"56,6 : 0.2193"
"6,57 : 0.8732"
"57,6 : 0.8732"
"6,58 : 0.0721"
"58,6 : 0.0721"
"6,59 : 0.4429"
"59,6 : 0.4429"
"6,60 : 0.6162"
"60,6 : 0.6162"
"6,61 : 0.1803"
"61,6 : 0.1803"
"6,62 : 0.5385"
"62,6 : 0.5385"
"6,63 : 0.7543"
"63,6 : 0.7543"
"6,64 : 0.8204"
"64,6 : 0.8204"
"6,65 : 0.3812"
"65,6 : 0.3812"
"6,66 : 0.5515"
"66,6 : 0.5515"
"6,67 : 0.8417"
"67,6 : 0.8417"
"6,68 : 0.4052"
"68,6 : 0.4052"
"6,69 : 0.6603"
"69,6 : 0.6603"
"6,70 : 0.7403"
"70,6 : 0.7403"
"6,71 : 0.8773"
"71,6 : 0.8773"
"6,72 : 0.4904"
"72,6 : 0.4904"
"6,73 : 0.6803"
"73,6 : 0.6803"
"6,74 : 0.3848"
"74,6 : 0.3848"
"6,75 : 0.5143"
"75,6 : 0.5143"
"6,76 : 0.4052"
"76,6 : 0.4052"
"6,77 : 0.0922"
"77,6 : 0.0922"
"6,78 : 0.5036"
"78,6 : 0.5036"
"6,79 : 0.5787"
"79,6 : 0.5787"
"6,80 : 0.4482"
"80,6 : 0.4482"
"6,81 : 0.5201"
"81,6 : 0.5201"
"6,82 : 0.6719"
"82,6 : 0.6719"
"6,83 : 0.4179"
"83,6 : 0.4179"
"6,84 : 0.5261"
"84,6 : 0.5261"
"6,85 : 0.2766"
"85,6 : 0.2766"
"6,86 : 0.8709"
"86,6 : 0.8709"
"6,87 : 0.5394"
"87,6 : 0.5394"
"6,88 : 0.3578"
"88,6 : 0.3578"
"6,89 : 0.4144"
"89,6 : 0.4144"
"6,90 : 0.8516"
"90,6 : 0.8516"
"6,91 : 0.461"
"91,6 : 0.461"
"6,92 : 0.064"
"92,6 : 0.064"
"6,93 : 0.4973"
"93,6 : 0.4973"
"6,94 : 0.3302"
"94,6 : 0.3302"
"6,95 : 0.7178"
"95,6 : 0.7178"
"6,96 : 0.1217"
"96,6 : 0.1217"
"6,97 : 0.6297"
"97,6 : 0.6297"
"6,98 : 0.7926"
"98,6 : 0.7926"
"6,99 : 0.4329"
"99,6 : 0.4329"
"7,8 : 0.5954"
"8,7 : 0.5954"
"7,9 : 0.5887"
"9,7 : 0.5887"
"7,10 : 0.4977"
"10,7 : 0.4977"
"7,11 : 0.42"
"11,7 : 0.42"
"7,12 : 0.3864"
"12,7 : 0.3864"
"7,13 : 0.4501"
"13,7 : 0.4501"
"7,14 : 0.1526"
"14,7 : 0.1526"
"7,15 : 0.3493"
"15,7 : 0.3493"
"7,16 : 0.2062"
"16,7 : 0.2062"
"7,17 : 0.9708"
"17,7 : 0.9708"
"7,18 : 0.6512"
"18,7 : 0.6512"
"7,19 : 0.5825"
"19,7 : 0.5825"
"7,20 : 0.38"
"20,7 : 0.38"
"7,21 : 0.8322"
"21,7 : 0.8322"
"7,22 : 0.9139"
"22,7 : 0.9139"
"7,23 : 0.7517"
"23,7 : 0.7517"
"7,24 : 0.65"
"24,7 : 0.65"
"7,25 : 0.4319"
"25,7 : 0.4319"
"7,26 : 0.686"
"26,7 : 0.686"
"7,27 : 0.4428"
"27,7 : 0.4428"
"7,28 : 0.2789"
"28,7 : 0.2789"
"7,29 : 0.5471"
"29,7 : 0.5471"
"7,30 : 0.2302"
"30,7 : 0.2302"
"7,31 : 0.7788"
"31,7 : 0.7788"
"7,32 : 0.4123"
"32,7 : 0.4123"
"7,33 : 0.522"
"33,7 : 0.522"
"7,34 : 0.2435"
"34,7 : 0.2435"
"7,35 : 0.7122"
"35,7 : 0.7122"
"7,36 : 0.408"
"36,7 : 0.408"
"7,37 : 0.2902"
"37,7 : 0.2902"
"7,38 : 0.461"
"38,7 : 0.461"
"7,39 : 0.6106"
"39,7 : 0.6106"
"7,40 : 0.7801"
"40,7 : 0.7801"
"7,41 : 1.0347"
"41,7 : 1.0347"
"7,42 : 0.9751"
"42,7 : 0.9751"
"7,43 : 0.9278"
"43,7 : 0.9278"
"7,44 : 0.2731"
"44,7 : 0.2731"
"7,45 : 0.3805"
"45,7 : 0.3805"
"7,46 : 0.5523"
"46,7 : 0.5523"
"7,47 : 0.1616"
"47,7 : 0.1616"
"7,48 : 0.3178"
"48,7 : 0.3178"
"7,49 : 0.3048"
"49,7 : 0.3048"
"7,50 : 0.578"
"50,7 : 0.578"
"7,51 : 0.4704"
"51,7 : 0.4704"
"7,52 : 0.7009"
"52,7 : 0.7009"
"7,53 : 0.6859"
"53,7 : 0.6859"
"7,54 : 0.42"
"54,7 : 0.42"
"7,55 : 0.2285"
"55,7 : 0.2285"
"7,56 : 0.3178"
"56,7 : 0.3178"
"7,57 : 0.968"
"57,7 : 0.968"
"7,58 : 0.0806"
"58,7 : 0.0806"
"7,59 : 0.5597"
"59,7 : 0.5597"
"7,60 : 0.6981"
"60,7 : 0.6981"
"7,61 : 0.2983"
"61,7 : 0.2983"
"7,62 : 0.6754"
"62,7 : 0.6754"
"7,63 : 0.8974"
"63,7 : 0.8974"
"7,64 : 0.908"
"64,7 : 0.908"
"7,65 : 0.4438"
"65,7 : 0.4438"
"7,66 : 0.6407"
"66,7 : 0.6407"
"7,67 : 0.9849"
"67,7 : 0.9849"
"7,68 : 0.536"
"68,7 : 0.536"
"7,69 : 0.8001"
"69,7 : 0.8001"
"7,70 : 0.8386"
"70,7 : 0.8386"
"7,71 : 0.9962"
"71,7 : 0.9962"
"7,72 : 0.6198"
"72,7 : 0.6198"
"7,73 : 0.8208"
"73,7 : 0.8208"
"7,74 : 0.3805"
"74,7 : 0.3805"
"7,75 : 0.6539"
"75,7 : 0.6539"
"7,76 : 0.5482"
"76,7 : 0.5482"
"7,77 : 0.2302"
"77,7 : 0.2302"
"7,78 : 0.6407"
"78,7 : 0.6407"
"7,79 : 0.7218"
"79,7 : 0.7218"
"7,80 : 0.5798"
"80,7 : 0.5798"
"7,81 : 0.6366"
"81,7 : 0.6366"
"7,82 : 0.8023"
"82,7 : 0.8023"
"7,83 : 0.5104"
"83,7 : 0.5104"
"7,84 : 0.6619"
"84,7 : 0.6619"
"7,85 : 0.3808"
"85,7 : 0.3808"
"7,86 : 1.0124"
"86,7 : 1.0124"
"7,87 : 0.6825"
"87,7 : 0.6825"
"7,88 : 0.2907"
"88,7 : 0.2907"
"7,89 : 0.5508"
"89,7 : 0.5508"
"7,90 : 0.9946"
"90,7 : 0.9946"
"7,91 : 0.5109"
"91,7 : 0.5109"
"7,92 : 0.102"
"92,7 : 0.102"
"7,93 : 0.4501"
"93,7 : 0.4501"
"7,94 : 0.3354"
"94,7 : 0.3354"
"7,95 : 0.8602"
"95,7 : 0.8602"
"7,96 : 0.2193"
"96,7 : 0.2193"
"7,97 : 0.7543"
"97,7 : 0.7543"
"7,98 : 0.9047"
"98,7 : 0.9047"
"7,99 : 0.4428"
"99,7 : 0.4428"
"8,9 : 0.136"
"9,8 : 0.136"
"8,10 : 0.672"
"10,8 : 0.672"
"8,11 : 0.681"
"11,8 : 0.681"
"8,12 : 0.6003"
"12,8 : 0.6003"
"8,13 : 0.8006"
"13,8 : 0.8006"
"8,14 : 0.46"
"14,8 : 0.46"
"8,15 : 0.51"
"15,8 : 0.51"
"8,16 : 0.5188"
"16,8 : 0.5188"
"8,17 : 0.4561"
"17,8 : 0.4561"
"8,18 : 0.3764"
"18,8 : 0.3764"
"8,19 : 0.2731"
"19,8 : 0.2731"
"8,20 : 0.6619"
"20,8 : 0.6619"
"8,21 : 0.5413"
"21,8 : 0.5413"
"8,22 : 0.5061"
"22,8 : 0.5061"
"8,23 : 0.3324"
"23,8 : 0.3324"
"8,24 : 0.2433"
"24,8 : 0.2433"
"8,25 : 0.6519"
"25,8 : 0.6519"
"8,26 : 0.43"
"26,8 : 0.43"
"8,27 : 0.1985"
"27,8 : 0.1985"
"8,28 : 0.5536"
"28,8 : 0.5536"
"8,29 : 0.114"
"29,8 : 0.114"
"8,30 : 0.3667"
"30,8 : 0.3667"
"8,31 : 0.1924"
"31,8 : 0.1924"
"8,32 : 0.5243"
"32,8 : 0.5243"
"8,33 : 0.1414"
"33,8 : 0.1414"
"8,34 : 0.394"
"34,8 : 0.394"
"8,35 : 0.3612"
"35,8 : 0.3612"
"8,36 : 0.6647"
"36,8 : 0.6647"
"8,37 : 0.7049"
"37,8 : 0.7049"
"8,38 : 0.8222"
"38,8 : 0.8222"
"8,39 : 0.658"
"39,8 : 0.658"
"8,40 : 0.2025"
"40,8 : 0.2025"
"8,41 : 0.608"
"41,8 : 0.608"
"8,42 : 0.3805"
"42,8 : 0.3805"
"8,43 : 0.3324"
"43,8 : 0.3324"
"8,44 : 0.3895"
"44,8 : 0.3895"
"8,45 : 0.2326"
"45,8 : 0.2326"
"8,46 : 0.3966"
"46,8 : 0.3966"
"8,47 : 0.4405"
"47,8 : 0.4405"
"8,48 : 0.3662"
"48,8 : 0.3662"
"8,49 : 0.4179"
"49,8 : 0.4179"
"8,50 : 0.2997"
"50,8 : 0.2997"
"8,51 : 0.1562"
"51,8 : 0.1562"
"8,52 : 0.1273"
"52,8 : 0.1273"
"8,53 : 0.5805"
"53,8 : 0.5805"
"8,54 : 0.7734"
"54,8 : 0.7734"
"8,55 : 0.4163"
"55,8 : 0.4163"
"8,56 : 0.3662"
"56,8 : 0.3662"
"8,57 : 0.6485"
"57,8 : 0.6485"
"8,58 : 0.5179"
"58,8 : 0.5179"
"8,59 : 0.2668"
"59,8 : 0.2668"
"8,60 : 0.5116"
"60,8 : 0.5116"
"8,61 : 0.3354"
"61,8 : 0.3354"
"8,62 : 0.2302"
"62,8 : 0.2302"
"8,63 : 0.313"
"63,8 : 0.313"
"8,64 : 0.6356"
"64,8 : 0.6356"
"8,65 : 0.5341"
"65,8 : 0.5341"
"8,66 : 0.4441"
"66,8 : 0.4441"
"8,67 : 0.3956"
"67,8 : 0.3956"
"8,68 : 0.1709"
"68,8 : 0.1709"
"8,69 : 0.2214"
"69,8 : 0.2214"
"8,70 : 0.5263"
"70,8 : 0.5263"
"8,71 : 0.5391"
"71,8 : 0.5391"
"8,72 : 0.191"
"72,8 : 0.191"
"8,73 : 0.286"
"73,8 : 0.286"
"8,74 : 0.6798"
"74,8 : 0.6798"
"8,75 : 0.1803"
"75,8 : 0.1803"
"8,76 : 0.0849"
"76,8 : 0.0849"
"8,77 : 0.3667"
"77,8 : 0.3667"
"8,78 : 0.1208"
"78,8 : 0.1208"
"8,79 : 0.13"
"79,8 : 0.13"
"8,80 : 0.2508"
"80,8 : 0.2508"
"8,81 : 0.3828"
"81,8 : 0.3828"
"8,82 : 0.2973"
"82,8 : 0.2973"
"8,83 : 0.4534"
"83,8 : 0.4534"
"8,84 : 0.1476"
"84,8 : 0.1476"
"8,85 : 0.3324"
"85,8 : 0.3324"
"8,86 : 0.45"
"86,8 : 0.45"
"8,87 : 0.0943"
"87,8 : 0.0943"
"8,88 : 0.7134"
"88,8 : 0.7134"
"8,89 : 0.117"
"89,8 : 0.117"
"8,90 : 0.4115"
"90,8 : 0.4115"
"8,91 : 0.5371"
"91,8 : 0.5371"
"8,92 : 0.5001"
"92,8 : 0.5001"
"8,93 : 0.7857"
"93,8 : 0.7857"
"8,94 : 0.5814"
"94,8 : 0.5814"
"8,95 : 0.2921"
"95,8 : 0.2921"
"8,96 : 0.4357"
"96,8 : 0.4357"
"8,97 : 0.3041"
"97,8 : 0.3041"
"8,98 : 0.5012"
"98,8 : 0.5012"
"8,99 : 0.6248"
"99,8 : 0.6248"
"9,10 : 0.7606"
"10,9 : 0.7606"
"9,11 : 0.5887"
"11,9 : 0.5887"
"9,12 : 0.5092"
"12,9 : 0.5092"
"9,13 : 0.8656"
"13,9 : 0.8656"
"9,14 : 0.4397"
"14,9 : 0.4397"
"9,15 : 0.4245"
"15,9 : 0.4245"
"9,16 : 0.5597"
"16,9 : 0.5597"
"9,17 : 0.5728"
"17,9 : 0.5728"
"9,18 : 0.2404"
"18,9 : 0.2404"
"9,19 : 0.1389"
"19,9 : 0.1389"
"9,20 : 0.5757"
"20,9 : 0.5757"
"9,21 : 0.6768"
"21,9 : 0.6768"
"9,22 : 0.6395"
"22,9 : 0.6395"
"9,23 : 0.2154"
"23,9 : 0.2154"
"9,24 : 0.3785"
"24,9 : 0.3785"
"9,25 : 0.5554"
"25,9 : 0.5554"
"9,26 : 0.5614"
"26,9 : 0.5614"
"9,27 : 0.2823"
"27,9 : 0.2823"
"9,28 : 0.4837"
"28,9 : 0.4837"
"9,29 : 0.05"
"29,9 : 0.05"
"9,30 : 0.3774"
"30,9 : 0.3774"
"9,31 : 0.2138"
"31,9 : 0.2138"
"9,32 : 0.4254"
"32,9 : 0.4254"
"9,33 : 0.0671"
"33,9 : 0.0671"
"9,34 : 0.4319"
"34,9 : 0.4319"
"9,35 : 0.2302"
"35,9 : 0.2302"
"9,36 : 0.7382"
"36,9 : 0.7382"
"9,37 : 0.7507"
"37,9 : 0.7507"
"9,38 : 0.8862"
"38,9 : 0.8862"
"9,39 : 0.7654"
"39,9 : 0.7654"
"9,40 : 0.3048"
"40,9 : 0.3048"
"9,41 : 0.7378"
"41,9 : 0.7378"
"9,42 : 0.4342"
"42,9 : 0.4342"
"9,43 : 0.3808"
"43,9 : 0.3808"
"9,44 : 0.4386"
"44,9 : 0.4386"
"9,45 : 0.286"
"45,9 : 0.286"
"9,46 : 0.2691"
"46,9 : 0.2691"
"9,47 : 0.4272"
"47,9 : 0.4272"
"9,48 : 0.428"
"48,9 : 0.428"
"9,49 : 0.3506"
"49,9 : 0.3506"
"9,50 : 0.1664"
"50,9 : 0.1664"
"9,51 : 0.2435"
"51,9 : 0.2435"
"9,52 : 0.136"
"52,9 : 0.136"
"9,53 : 0.7035"
"53,9 : 0.7035"
"9,54 : 0.8363"
"54,9 : 0.8363"
"9,55 : 0.4534"
"55,9 : 0.4534"
"9,56 : 0.428"
"56,9 : 0.428"
"9,57 : 0.7843"
"57,9 : 0.7843"
"9,58 : 0.5189"
"58,9 : 0.5189"
"9,59 : 0.3905"
"59,9 : 0.3905"
"9,60 : 0.64"
"60,9 : 0.64"
"9,61 : 0.3821"
"61,9 : 0.3821"
"9,62 : 0.1118"
"62,9 : 0.1118"
"9,63 : 0.3202"
"63,9 : 0.3202"
"9,64 : 0.7713"
"64,9 : 0.7713"
"9,65 : 0.4294"
"65,9 : 0.4294"
"9,66 : 0.5704"
"66,9 : 0.5704"
"9,67 : 0.4101"
"67,9 : 0.4101"
"9,68 : 0.2907"
"68,9 : 0.2907"
"9,69 : 0.3202"
"69,9 : 0.3202"
"9,70 : 0.6622"
"70,9 : 0.6622"
"9,71 : 0.6661"
"71,9 : 0.6661"
"9,72 : 0.3256"
"72,9 : 0.3256"
"9,73 : 0.2326"
"73,9 : 0.2326"
"9,74 : 0.5948"
"74,9 : 0.5948"
"9,75 : 0.0707"
"75,9 : 0.0707"
"9,76 : 0.0728"
"76,9 : 0.0728"
"9,77 : 0.3774"
"77,9 : 0.3774"
"9,78 : 0.2563"
"78,9 : 0.2563"
"9,79 : 0.1789"
"79,9 : 0.1789"
"9,80 : 0.1166"
"80,9 : 0.1166"
"9,81 : 0.247"
"81,9 : 0.247"
"9,82 : 0.4244"
"82,9 : 0.4244"
"9,83 : 0.3342"
"83,9 : 0.3342"
"9,84 : 0.2823"
"84,9 : 0.2823"
"9,85 : 0.4118"
"85,9 : 0.4118"
"9,86 : 0.4238"
"86,9 : 0.4238"
"9,87 : 0.1442"
"87,9 : 0.1442"
"9,88 : 0.7582"
"88,9 : 0.7582"
"9,89 : 0.24"
"89,9 : 0.24"
"9,90 : 0.413"
"90,9 : 0.413"
"9,91 : 0.6391"
"91,9 : 0.6391"
"9,92 : 0.5054"
"92,9 : 0.5054"
"9,93 : 0.8528"
"93,9 : 0.8528"
"9,94 : 0.6482"
"94,9 : 0.6482"
"9,95 : 0.2746"
"95,9 : 0.2746"
"9,96 : 0.3946"
"96,9 : 0.3946"
"9,97 : 0.4386"
"97,9 : 0.4386"
"9,98 : 0.6351"
"98,9 : 0.6351"
"9,99 : 0.7083"
"99,9 : 0.7083"
"10,11 : 0.9003"
"11,10 : 0.9003"
"10,12 : 0.8485"
"12,10 : 0.8485"
"10,13 : 0.2002"
"13,10 : 0.2002"
"10,14 : 0.5433"
"14,10 : 0.5433"
"10,15 : 0.7816"
"15,10 : 0.7816"
"10,16 : 0.3059"
"16,10 : 0.3059"
"10,17 : 0.8032"
"17,10 : 0.8032"
"10,18 : 0.9456"
"18,10 : 0.9456"
"10,19 : 0.8415"
"19,10 : 0.8415"
"10,20 : 0.8612"
"20,10 : 0.8612"
"10,21 : 0.5101"
"21,10 : 0.5101"
"10,22 : 0.6576"
"22,10 : 0.6576"
"10,23 : 0.9749"
"23,10 : 0.9749"
"10,24 : 0.5325"
"24,10 : 0.5325"
"10,25 : 0.9026"
"25,10 : 0.9026"
"10,26 : 0.4148"
"26,10 : 0.4148"
"10,27 : 0.4802"
"27,10 : 0.4802"
"10,28 : 0.7398"
"28,10 : 0.7398"
"10,29 : 0.7112"
"29,10 : 0.7112"
"10,30 : 0.4717"
"30,10 : 0.4717"
"10,31 : 0.8496"
"31,10 : 0.8496"
"10,32 : 0.8405"
"32,10 : 0.8405"
"10,33 : 0.7068"
"33,10 : 0.7068"
"10,34 : 0.3821"
"34,10 : 0.3821"
"10,35 : 0.9731"
"35,10 : 0.9731"
"10,36 : 0.099"
"36,10 : 0.099"
"10,37 : 0.2625"
"37,10 : 0.2625"
"10,38 : 0.22"
"38,10 : 0.22"
"10,39 : 0.1432"
"39,10 : 0.1432"
"10,40 : 0.7543"
"40,10 : 0.7543"
"10,41 : 0.7616"
"41,10 : 0.7616"
"10,42 : 0.9602"
"42,10 : 0.9602"
"10,43 : 0.9324"
"43,10 : 0.9324"
"10,44 : 0.3551"
"44,10 : 0.3551"
"10,45 : 0.4793"
"45,10 : 0.4793"
"10,46 : 0.8884"
"46,10 : 0.8884"
"10,47 : 0.5215"
"47,10 : 0.5215"
"10,48 : 0.3448"
"48,10 : 0.3448"
"10,49 : 0.6901"
"49,10 : 0.6901"
"10,50 : 0.8538"
"50,10 : 0.8538"
"10,51 : 0.5215"
"51,10 : 0.5215"
"10,52 : 0.7981"
"52,10 : 0.7981"
"10,53 : 0.2915"
"53,10 : 0.2915"
"10,54 : 0.1942"
"54,10 : 0.1942"
"10,55 : 0.3705"
"55,10 : 0.3705"
"10,56 : 0.3448"
"56,10 : 0.3448"
"10,57 : 0.6239"
"57,10 : 0.6239"
"10,58 : 0.4632"
"58,10 : 0.4632"
"10,59 : 0.4405"
"59,10 : 0.4405"
"10,60 : 0.3612"
"60,10 : 0.3612"
"10,61 : 0.4026"
"61,10 : 0.4026"
"10,62 : 0.8724"
"62,10 : 0.8724"
"10,63 : 0.9617"
"63,10 : 0.9617"
"10,64 : 0.5459"
"64,10 : 0.5459"
"10,65 : 0.8702"
"65,10 : 0.8702"
"10,66 : 0.3544"
"66,10 : 0.3544"
"10,67 : 1.0273"
"67,10 : 1.0273"
"10,68 : 0.5099"
"68,10 : 0.5099"
"10,69 : 0.7701"
"69,10 : 0.7701"
"10,70 : 0.5308"
"70,10 : 0.5308"
"10,71 : 0.7612"
"71,10 : 0.7612"
"10,72 : 0.5467"
"72,10 : 0.5467"
"10,73 : 0.958"
"73,10 : 0.958"
"10,74 : 0.8659"
"74,10 : 0.8659"
"10,75 : 0.8286"
"75,10 : 0.8286"
"10,76 : 0.6896"
"76,10 : 0.6896"
"10,77 : 0.4717"
"77,10 : 0.4717"
"10,78 : 0.6224"
"78,10 : 0.6224"
"10,79 : 0.7864"
"79,10 : 0.7864"
"10,80 : 0.8264"
"80,10 : 0.8264"
"10,81 : 0.9396"
"81,10 : 0.9396"
"10,82 : 0.68"
"82,10 : 0.68"
"10,83 : 0.8857"
"83,10 : 0.8857"
"10,84 : 0.6237"
"84,10 : 0.6237"
"10,85 : 0.3489"
"85,10 : 0.3489"
"10,86 : 1.1107"
"86,10 : 1.1107"
"10,87 : 0.7606"
"87,10 : 0.7606"
"10,88 : 0.2702"
"88,10 : 0.2702"
"10,89 : 0.5608"
"89,10 : 0.5608"
"10,90 : 1.0542"
"90,10 : 1.0542"
"10,91 : 0.1565"
"91,10 : 0.1565"
"10,92 : 0.4491"
"92,10 : 0.4491"
"10,93 : 0.1803"
"93,10 : 0.1803"
"10,94 : 0.1649"
"94,10 : 0.1649"
"10,95 : 0.9567"
"95,10 : 0.9567"
"10,96 : 0.6107"
"96,10 : 0.6107"
"10,97 : 0.6037"
"97,10 : 0.6037"
"10,98 : 0.6478"
"98,10 : 0.6478"
"10,99 : 0.06"
"99,10 : 0.06"
"11,12 : 0.0806"
"12,11 : 0.0806"
"11,13 : 0.8701"
"13,11 : 0.8701"
"11,14 : 0.364"
"14,11 : 0.364"
"11,15 : 0.172"
"15,11 : 0.172"
"11,16 : 0.5944"
"16,11 : 0.5944"
"11,17 : 1.1344"
"17,11 : 1.1344"
"11,18 : 0.4804"
"18,11 : 0.4804"
"11,19 : 0.4884"
"19,11 : 0.4884"
"11,20 : 0.04"
"20,11 : 0.04"
"11,21 : 1.1166"
"21,11 : 1.1166"
"11,22 : 1.1463"
"22,11 : 1.1463"
"11,23 : 0.6301"
"23,11 : 0.6301"
"11,24 : 0.8563"
"24,11 : 0.8563"
"11,25 : 0.0412"
"25,11 : 0.0412"
"11,26 : 0.9701"
"26,11 : 0.9701"
"11,27 : 0.6438"
"27,11 : 0.6438"
"11,28 : 0.1655"
"28,11 : 0.1655"
"11,29 : 0.577"
"29,11 : 0.577"
"11,30 : 0.4701"
"30,11 : 0.4701"
"11,31 : 0.8001"
"31,11 : 0.8001"
"11,32 : 0.1649"
"32,11 : 0.1649"
"11,33 : 0.5456"
"33,11 : 0.5456"
"11,34 : 0.5504"
"34,11 : 0.5504"
"11,35 : 0.5604"
"35,11 : 0.5604"
"11,36 : 0.8188"
"36,11 : 0.8188"
"11,37 : 0.7101"
"37,11 : 0.7101"
"11,38 : 0.8805"
"38,11 : 0.8805"
"11,39 : 0.993"
"39,11 : 0.993"
"11,40 : 0.8812"
"40,11 : 0.8812"
"11,41 : 1.2615"
"41,11 : 1.2615"
"11,42 : 1.0214"
"42,11 : 1.0214"
"11,43 : 0.9677"
"43,11 : 0.9677"
"11,44 : 0.586"
"44,11 : 0.586"
"11,45 : 0.5814"
"45,11 : 0.5814"
"11,46 : 0.3701"
"46,11 : 0.3701"
"11,47 : 0.39"
"47,11 : 0.39"
"11,48 : 0.6218"
"48,11 : 0.6218"
"11,49 : 0.2759"
"49,11 : 0.2759"
"11,50 : 0.4653"
"50,11 : 0.4653"
"11,51 : 0.6438"
"51,11 : 0.6438"
"11,52 : 0.7245"
"52,11 : 0.7245"
"11,53 : 1.0288"
"53,11 : 1.0288"
"11,54 : 0.84"
"54,11 : 0.84"
"11,55 : 0.5515"
"55,11 : 0.5515"
"11,56 : 0.6218"
"56,11 : 0.6218"
"11,57 : 1.2484"
"57,11 : 1.2484"
"11,58 : 0.4374"
"58,11 : 0.4374"
"11,59 : 0.8006"
"59,11 : 0.8006"
"11,60 : 1.0124"
"60,11 : 1.0124"
"11,61 : 0.5694"
"61,11 : 0.5694"
"11,62 : 0.61"
"62,11 : 0.61"
"11,63 : 0.8927"
"63,11 : 0.8927"
"11,64 : 1.206"
"64,11 : 1.206"
"11,65 : 0.1703"
"65,11 : 0.1703"
"11,66 : 0.943"
"66,11 : 0.943"
"11,67 : 0.9806"
"67,11 : 0.9806"
"11,68 : 0.7286"
"68,11 : 0.7286"
"11,69 : 0.8989"
"69,11 : 0.8989"
"11,70 : 1.114"
"70,11 : 1.114"
"11,71 : 1.2025"
"71,11 : 1.2025"
"11,72 : 0.8081"
"72,11 : 0.8081"
"11,73 : 0.7679"
"73,11 : 0.7679"
"11,74 : 0.0447"
"74,11 : 0.0447"
"11,75 : 0.621"
"75,11 : 0.621"
"11,76 : 0.5994"
"76,11 : 0.5994"
"11,77 : 0.4701"
"77,11 : 0.4701"
"11,78 : 0.7824"
"78,11 : 0.7824"
"11,79 : 0.7669"
"79,11 : 0.7669"
"11,80 : 0.5022"
"80,11 : 0.5022"
"11,81 : 0.4604"
"81,11 : 0.4604"
"11,82 : 0.9683"
"82,11 : 0.9683"
"11,83 : 0.29"
"83,11 : 0.29"
"11,84 : 0.8102"
"84,11 : 0.8102"
"11,85 : 0.6689"
"85,11 : 0.6689"
"11,86 : 0.9526"
"86,11 : 0.9526"
"11,87 : 0.7301"
"87,11 : 0.7301"
"11,88 : 0.7103"
"88,11 : 0.7103"
"11,89 : 0.7106"
"89,11 : 0.7106"
"11,90 : 0.9732"
"90,11 : 0.9732"
"11,91 : 0.8746"
"91,11 : 0.8746"
"11,92 : 0.4512"
"92,11 : 0.4512"
"11,93 : 0.8701"
"93,11 : 0.8701"
"11,94 : 0.7355"
"94,11 : 0.7355"
"11,95 : 0.8355"
"95,11 : 0.8355"
"11,96 : 0.3138"
"96,11 : 0.3138"
"11,97 : 0.9513"
"97,11 : 0.9513"
"11,98 : 1.139"
"98,11 : 1.139"
"11,99 : 0.8417"
"99,11 : 0.8417"
"12,13 : 0.8338"
"13,12 : 0.8338"
"12,14 : 0.3059"
"14,12 : 0.3059"
"12,15 : 0.0922"
"15,12 : 0.0922"
"12,16 : 0.5433"
"16,12 : 0.5433"
"12,17 : 1.0539"
"17,12 : 1.0539"
"12,18 : 0.4144"
"18,12 : 0.4144"
"12,19 : 0.413"
"19,12 : 0.413"
"12,20 : 0.07"
"20,12 : 0.07"
"12,21 : 1.042"
"21,12 : 1.042"
"12,22 : 1.0679"
"22,12 : 1.0679"
"12,23 : 0.5608"
"23,12 : 0.5608"
"12,24 : 0.7779"
"24,12 : 0.7779"
"12,25 : 0.0583"
"25,12 : 0.0583"
"12,26 : 0.8963"
"26,12 : 0.8963"
"12,27 : 0.5673"
"27,12 : 0.5673"
"12,28 : 0.11"
"28,12 : 0.11"
"12,29 : 0.4966"
"29,12 : 0.4966"
"12,30 : 0.4031"
"30,12 : 0.4031"
"12,31 : 0.7212"
"31,12 : 0.7212"
"12,32 : 0.09"
"32,12 : 0.09"
"12,33 : 0.4652"
"33,12 : 0.4652"
"12,34 : 0.487"
"34,12 : 0.487"
"12,35 : 0.4937"
"35,12 : 0.4937"
"12,36 : 0.7716"
"36,12 : 0.7716"
"12,37 : 0.6748"
"37,12 : 0.6748"
"12,38 : 0.8459"
"38,12 : 0.8459"
"12,39 : 0.9341"
"39,12 : 0.9341"
"12,40 : 0.8006"
"40,12 : 0.8006"
"12,41 : 1.1826"
"41,12 : 1.1826"
"12,42 : 0.9425"
"42,12 : 0.9425"
"12,43 : 0.8889"
"43,12 : 0.8889"
"12,44 : 0.522"
"44,12 : 0.522"
"12,45 : 0.5061"
"45,12 : 0.5061"
"12,46 : 0.3015"
"46,12 : 0.3015"
"12,47 : 0.3298"
"47,12 : 0.3298"
"12,48 : 0.5554"
"48,12 : 0.5554"
"12,49 : 0.1985"
"49,12 : 0.1985"
"12,50 : 0.3912"
"50,12 : 0.3912"
"12,51 : 0.5657"
"51,12 : 0.5657"
"12,52 : 0.6451"
"52,12 : 0.6451"
"12,53 : 0.9618"
"53,12 : 0.9618"
"12,54 : 0.8031"
"54,12 : 0.8031"
"12,55 : 0.4904"
"55,12 : 0.4904"
"12,56 : 0.5554"
"56,12 : 0.5554"
"12,57 : 1.1729"
"57,12 : 1.1729"
"12,58 : 0.3901"
"58,12 : 0.3901"
"12,59 : 0.7247"
"59,12 : 0.7247"
"12,60 : 0.9415"
"60,12 : 0.9415"
"12,61 : 0.5009"
"61,12 : 0.5009"
"12,62 : 0.5346"
"62,12 : 0.5346"
"12,63 : 0.8158"
"63,12 : 0.8158"
"12,64 : 1.1323"
"64,12 : 1.1323"
"12,65 : 0.1044"
"65,12 : 0.1044"
"12,66 : 0.8713"
"66,12 : 0.8713"
"12,67 : 0.9043"
"67,12 : 0.9043"
"12,68 : 0.6505"
"68,12 : 0.6505"
"12,69 : 0.8184"
"69,12 : 0.8184"
"12,70 : 1.0386"
"70,12 : 1.0386"
"12,71 : 1.1229"
"71,12 : 1.1229"
"12,72 : 0.7292"
"72,12 : 0.7292"
"12,73 : 0.6935"
"73,12 : 0.6935"
"12,74 : 0.09"
"74,12 : 0.09"
"12,75 : 0.5434"
"75,12 : 0.5434"
"12,76 : 0.5188"
"76,12 : 0.5188"
"12,77 : 0.4031"
"77,12 : 0.4031"
"12,78 : 0.7021"
"78,12 : 0.7021"
"12,79 : 0.6871"
"79,12 : 0.6871"
"12,80 : 0.4258"
"80,12 : 0.4258"
"12,81 : 0.3946"
"81,12 : 0.3946"
"12,82 : 0.8881"
"82,12 : 0.8881"
"12,83 : 0.2236"
"83,12 : 0.2236"
"12,84 : 0.7301"
"84,12 : 0.7301"
"12,85 : 0.5994"
"85,12 : 0.5994"
"12,86 : 0.8805"
"86,12 : 0.8805"
"12,87 : 0.65"
"87,12 : 0.65"
"12,88 : 0.676"
"88,12 : 0.676"
"12,89 : 0.6313"
"89,12 : 0.6313"
"12,90 : 0.8981"
"90,12 : 0.8981"
"12,91 : 0.8127"
"91,12 : 0.8127"
"12,92 : 0.4011"
"92,12 : 0.4011"
"12,93 : 0.8322"
"93,12 : 0.8322"
"12,94 : 0.6847"
"94,12 : 0.6847"
"12,95 : 0.7595"
"95,12 : 0.7595"
"12,96 : 0.247"
"96,12 : 0.247"
"12,97 : 0.8721"
"97,12 : 0.8721"
"12,98 : 1.0608"
"98,12 : 1.0608"
"12,99 : 0.7892"
"99,12 : 0.7892"
"13,14 : 0.5482"
"14,13 : 0.5482"
"13,15 : 0.7845"
"15,13 : 0.7845"
"13,16 : 0.322"
"16,13 : 0.322"
"13,17 : 0.992"
"17,13 : 0.992"
"13,18 : 1.016"
"18,13 : 1.016"
"13,19 : 0.9211"
"19,13 : 0.9211"
"13,20 : 0.8301"
"20,13 : 0.8301"
"13,21 : 0.71"
"21,13 : 0.71"
"13,22 : 0.8548"
"22,13 : 0.8548"
"13,23 : 1.072"
