x,y
0.82,0.79
0.17,0.39
0.28,0.87
0.71,0.55
0.03,0.11
0.42,0.85
0.81,0.18
0.25,0.39
0.51,0.23
0.01,0.0
0.95,0.56
0.98,0.66
0.36,0.84
0.81,0.68
0.3,0.76
0.27,0.18
0.35,0.32
0.2,0.42
0.62,0.78
0.33,0.1
0.2,0.32
0.24,0.12
0.28,0.15
0.18,0.48
0.29,0.52
0.47,0.77
0.16,0.97
0.36,0.6
0.05,0.81
0.76,0.11
0.71,0.67
0.95,0.43
0.76,0.76
1.0,0.22
0.24,0.71
0.22,0.67
0.25,0.76
0.72,0.08
0.66,0.16
0.15,0.29
0.22,0.28
0.55,0.34
0.91,0.6
0.81,0.6
0.18,0.79
0.36,0.85
0.4,0.87
0.54,0.46
0.63,0.41
0.61,0.44
0.23,0.01
0.04,0.01
0.55,0.22
0.99,0.65
0.54,0.12
0.41,0.79
0.42,0.68
0.37,0.52
0.12,0.16
0.98,0.27
0.07,0.51
0.31,1.0
0.97,0.94
0.66,0.99
0.71,0.76
0.68,0.41
0.89,0.7
0.82,0.77
0.83,0.35
0.79,0.98
0.27,0.19
0.18,0.28
0.84,0.72
0.1,0.92
0.74,0.4
0.33,0.34
0.19,0.54
0.73,0.8
0.58,0.33
0.56,0.06
0.67,0.2
0.25,0.36
0.04,0.11
0.34,0.57
0.62,0.78
0.93,0.65
0.49,0.45
0.72,0.08
0.71,0.31
0.21,0.79
0.44,0.16
0.39,0.56
0.4,0.3
0.64,0.64
0.38,0.4
0.35,0.25
0.37,0.6
0.12,0.01
0.22,0.87
0.84,0.09

Distanze
"0,1 : 0.7632"
"1,0 : 0.7632"
"0,2 : 0.5459"
"2,0 : 0.5459"
"0,3 : 0.264"
"3,0 : 0.264"
"0,4 : 1.0424"
"4,0 : 1.0424"
"0,5 : 0.4045"
"5,0 : 0.4045"
"0,6 : 0.6101"
"6,0 : 0.6101"
"0,7 : 0.6963"
"7,0 : 0.6963"
"0,8 : 0.6401"
"8,0 : 0.6401"
"0,9 : 1.1315"
"9,0 : 1.1315"
"0,10 : 0.2642"
"10,0 : 0.2642"
"0,11 : 0.2062"
"11,0 : 0.2062"
"0,12 : 0.4627"
"12,0 : 0.4627"
"0,13 : 0.1105"
"13,0 : 0.1105"
"0,14 : 0.5209"
"14,0 : 0.5209"
"0,15 : 0.8213"
"15,0 : 0.8213"
"0,16 : 0.6647"
"16,0 : 0.6647"
"0,17 : 0.722"
"17,0 : 0.722"
"0,18 : 0.2002"
"18,0 : 0.2002"
"0,19 : 0.8463"
"19,0 : 0.8463"
"0,20 : 0.778"
"20,0 : 0.778"
"0,21 : 0.8862"
"21,0 : 0.8862"
"0,22 : 0.8374"
"22,0 : 0.8374"
"0,23 : 0.7111"
"23,0 : 0.7111"
"0,24 : 0.5948"
"24,0 : 0.5948"
"0,25 : 0.3506"
"25,0 : 0.3506"
"0,26 : 0.6841"
"26,0 : 0.6841"
"0,27 : 0.4977"
"27,0 : 0.4977"
"0,28 : 0.7703"
"28,0 : 0.7703"
"0,29 : 0.6826"
"29,0 : 0.6826"
"0,30 : 0.1628"
"30,0 : 0.1628"
"0,31 : 0.3828"
"31,0 : 0.3828"
"0,32 : 0.0671"
"32,0 : 0.0671"
"0,33 : 0.5977"
"33,0 : 0.5977"
"0,34 : 0.5855"
"34,0 : 0.5855"
"0,35 : 0.6119"
"35,0 : 0.6119"
"0,36 : 0.5708"
"36,0 : 0.5708"
"0,37 : 0.717"
"37,0 : 0.717"
"0,38 : 0.65"
"38,0 : 0.65"
"0,39 : 0.836"
"39,0 : 0.836"
"0,40 : 0.7875"
"40,0 : 0.7875"
"0,41 : 0.5248"
"41,0 : 0.5248"
"0,42 : 0.2102"
"42,0 : 0.2102"
"0,43 : 0.1903"
"43,0 : 0.1903"
"0,44 : 0.64"
"44,0 : 0.64"
"0,45 : 0.4639"
"45,0 : 0.4639"
"0,46 : 0.4276"
"46,0 : 0.4276"
"0,47 : 0.4328"
"47,0 : 0.4328"
"0,48 : 0.4249"
"48,0 : 0.4249"
"0,49 : 0.4082"
"49,0 : 0.4082"
"0,50 : 0.978"
"50,0 : 0.978"
"0,51 : 1.1031"
"51,0 : 1.1031"
"0,52 : 0.6307"
"52,0 : 0.6307"
"0,53 : 0.2202"
"53,0 : 0.2202"
"0,54 : 0.7262"
"54,0 : 0.7262"
"0,55 : 0.41"
"55,0 : 0.41"
"0,56 : 0.4148"
"56,0 : 0.4148"
"0,57 : 0.5248"
"57,0 : 0.5248"
"0,58 : 0.9418"
"58,0 : 0.9418"
"0,59 : 0.5441"
"59,0 : 0.5441"
"0,60 : 0.8006"
"60,0 : 0.8006"
"0,61 : 0.5515"
"61,0 : 0.5515"
"0,62 : 0.2121"
"62,0 : 0.2121"
"0,63 : 0.2561"
"63,0 : 0.2561"
"0,64 : 0.114"
"64,0 : 0.114"
"0,65 : 0.405"
"65,0 : 0.405"
"0,66 : 0.114"
"66,0 : 0.114"
"0,67 : 0.02"
"67,0 : 0.02"
"0,68 : 0.4401"
"68,0 : 0.4401"
"0,69 : 0.1924"
"69,0 : 0.1924"
"0,70 : 0.8139"
"70,0 : 0.8139"
"0,71 : 0.8184"
"71,0 : 0.8184"
"0,72 : 0.0728"
"72,0 : 0.0728"
"0,73 : 0.7316"
"73,0 : 0.7316"
"0,74 : 0.3981"
"74,0 : 0.3981"
"0,75 : 0.6653"
"75,0 : 0.6653"
"0,76 : 0.6778"
"76,0 : 0.6778"
"0,77 : 0.0906"
"77,0 : 0.0906"
"0,78 : 0.5188"
"78,0 : 0.5188"
"0,79 : 0.7749"
"79,0 : 0.7749"
"0,80 : 0.6088"
"80,0 : 0.6088"
"0,81 : 0.714"
"81,0 : 0.714"
"0,82 : 1.0348"
"82,0 : 1.0348"
"0,83 : 0.528"
"83,0 : 0.528"
"0,84 : 0.2002"
"84,0 : 0.2002"
"0,85 : 0.178"
"85,0 : 0.178"
"0,86 : 0.4738"
"86,0 : 0.4738"
"0,87 : 0.717"
"87,0 : 0.717"
"0,88 : 0.4924"
"88,0 : 0.4924"
"0,89 : 0.61"
"89,0 : 0.61"
"0,90 : 0.7357"
"90,0 : 0.7357"
"0,91 : 0.4876"
"91,0 : 0.4876"
"0,92 : 0.6454"
"92,0 : 0.6454"
"0,93 : 0.2343"
"93,0 : 0.2343"
"0,94 : 0.588"
"94,0 : 0.588"
"0,95 : 0.7159"
"95,0 : 0.7159"
"0,96 : 0.4885"
"96,0 : 0.4885"
"0,97 : 1.048"
"97,0 : 1.048"
"0,98 : 0.6053"
"98,0 : 0.6053"
"0,99 : 0.7003"
"99,0 : 0.7003"
"1,2 : 0.4924"
"2,1 : 0.4924"
"1,3 : 0.5632"
"3,1 : 0.5632"
"1,4 : 0.313"
"4,1 : 0.313"
"1,5 : 0.5235"
"5,1 : 0.5235"
"1,6 : 0.6736"
"6,1 : 0.6736"
"1,7 : 0.08"
"7,1 : 0.08"
"1,8 : 0.3758"
"8,1 : 0.3758"
"1,9 : 0.4215"
"9,1 : 0.4215"
"1,10 : 0.7983"
"10,1 : 0.7983"
"1,11 : 0.8538"
"11,1 : 0.8538"
"1,12 : 0.4885"
"12,1 : 0.4885"
"1,13 : 0.7026"
"13,1 : 0.7026"
"1,14 : 0.3922"
"14,1 : 0.3922"
"1,15 : 0.2326"
"15,1 : 0.2326"
"1,16 : 0.1931"
"16,1 : 0.1931"
"1,17 : 0.0424"
"17,1 : 0.0424"
"1,18 : 0.5955"
"18,1 : 0.5955"
"1,19 : 0.3312"
"19,1 : 0.3312"
"1,20 : 0.0762"
"20,1 : 0.0762"
"1,21 : 0.2789"
"21,1 : 0.2789"
"1,22 : 0.264"
"22,1 : 0.264"
"1,23 : 0.0906"
"23,1 : 0.0906"
"1,24 : 0.1769"
"24,1 : 0.1769"
"1,25 : 0.4841"
"25,1 : 0.4841"
"1,26 : 0.5801"
"26,1 : 0.5801"
"1,27 : 0.2832"
"27,1 : 0.2832"
"1,28 : 0.4368"
"28,1 : 0.4368"
"1,29 : 0.6531"
"29,1 : 0.6531"
"1,30 : 0.6083"
"30,1 : 0.6083"
"1,31 : 0.781"
"31,1 : 0.781"
"1,32 : 0.6964"
"32,1 : 0.6964"
"1,33 : 0.8472"
"33,1 : 0.8472"
"1,34 : 0.3276"
"34,1 : 0.3276"
"1,35 : 0.2844"
"35,1 : 0.2844"
"1,36 : 0.3785"
"36,1 : 0.3785"
"1,37 : 0.6313"
"37,1 : 0.6313"
"1,38 : 0.5413"
"38,1 : 0.5413"
"1,39 : 0.102"
"39,1 : 0.102"
"1,40 : 0.1208"
"40,1 : 0.1208"
"1,41 : 0.3833"
"41,1 : 0.3833"
"1,42 : 0.7692"
"42,1 : 0.7692"
"1,43 : 0.6736"
"43,1 : 0.6736"
"1,44 : 0.4001"
"44,1 : 0.4001"
"1,45 : 0.4977"
"45,1 : 0.4977"
"1,46 : 0.5323"
"46,1 : 0.5323"
"1,47 : 0.3766"
"47,1 : 0.3766"
"1,48 : 0.4604"
"48,1 : 0.4604"
"1,49 : 0.4428"
"49,1 : 0.4428"
"1,50 : 0.3847"
"50,1 : 0.3847"
"1,51 : 0.4016"
"51,1 : 0.4016"
"1,52 : 0.4163"
"52,1 : 0.4163"
"1,53 : 0.8602"
"53,1 : 0.8602"
"1,54 : 0.458"
"54,1 : 0.458"
"1,55 : 0.4665"
"55,1 : 0.4665"
"1,56 : 0.3829"
"56,1 : 0.3829"
"1,57 : 0.2385"
"57,1 : 0.2385"
"1,58 : 0.2354"
"58,1 : 0.2354"
"1,59 : 0.8188"
"59,1 : 0.8188"
"1,60 : 0.1562"
"60,1 : 0.1562"
"1,61 : 0.6259"
"61,1 : 0.6259"
"1,62 : 0.9708"
"62,1 : 0.9708"
"1,63 : 0.7747"
"63,1 : 0.7747"
"1,64 : 0.6546"
"64,1 : 0.6546"
"1,65 : 0.5104"
"65,1 : 0.5104"
"1,66 : 0.7839"
"66,1 : 0.7839"
"1,67 : 0.7529"
"67,1 : 0.7529"
"1,68 : 0.6612"
"68,1 : 0.6612"
"1,69 : 0.8559"
"69,1 : 0.8559"
"1,70 : 0.2236"
"70,1 : 0.2236"
"1,71 : 0.1105"
"71,1 : 0.1105"
"1,72 : 0.7469"
"72,1 : 0.7469"
"1,73 : 0.5346"
"73,1 : 0.5346"
"1,74 : 0.5701"
"74,1 : 0.5701"
"1,75 : 0.1676"
"75,1 : 0.1676"
"1,76 : 0.1513"
"76,1 : 0.1513"
"1,77 : 0.694"
"77,1 : 0.694"
"1,78 : 0.4144"
"78,1 : 0.4144"
"1,79 : 0.5109"
"79,1 : 0.5109"
"1,80 : 0.5349"
"80,1 : 0.5349"
"1,81 : 0.0854"
"81,1 : 0.0854"
"1,82 : 0.3087"
"82,1 : 0.3087"
"1,83 : 0.2476"
"83,1 : 0.2476"
"1,84 : 0.5955"
"84,1 : 0.5955"
"1,85 : 0.8032"
"85,1 : 0.8032"
"1,86 : 0.3256"
"86,1 : 0.3256"
"1,87 : 0.6313"
"87,1 : 0.6313"
"1,88 : 0.5459"
"88,1 : 0.5459"
"1,89 : 0.402"
"89,1 : 0.402"
"1,90 : 0.3547"
"90,1 : 0.3547"
"1,91 : 0.278"
"91,1 : 0.278"
"1,92 : 0.247"
"92,1 : 0.247"
"1,93 : 0.5324"
"93,1 : 0.5324"
"1,94 : 0.2102"
"94,1 : 0.2102"
"1,95 : 0.228"
"95,1 : 0.228"
"1,96 : 0.29"
"96,1 : 0.29"
"1,97 : 0.3833"
"97,1 : 0.3833"
"1,98 : 0.4826"
"98,1 : 0.4826"
"1,99 : 0.7341"
"99,1 : 0.7341"
"2,3 : 0.536"
"3,2 : 0.536"
"2,4 : 0.8001"
"4,2 : 0.8001"
"2,5 : 0.1414"
"5,2 : 0.1414"
"2,6 : 0.8701"
"6,2 : 0.8701"
"2,7 : 0.4809"
"7,2 : 0.4809"
"2,8 : 0.6801"
"8,2 : 0.6801"
"2,9 : 0.9109"
"9,2 : 0.9109"
"2,10 : 0.7382"
"10,2 : 0.7382"
"2,11 : 0.7308"
"11,2 : 0.7308"
"2,12 : 0.0854"
"12,2 : 0.0854"
"2,13 : 0.563"
"13,2 : 0.563"
"2,14 : 0.1118"
"14,2 : 0.1118"
"2,15 : 0.6901"
"15,2 : 0.6901"
"2,16 : 0.5544"
"16,2 : 0.5544"
"2,17 : 0.4571"
"17,2 : 0.4571"
"2,18 : 0.3517"
"18,2 : 0.3517"
"2,19 : 0.7716"
"19,2 : 0.7716"
"2,20 : 0.5558"
"20,2 : 0.5558"
"2,21 : 0.7511"
"21,2 : 0.7511"
"2,22 : 0.72"
"22,2 : 0.72"
"2,23 : 0.4026"
"23,2 : 0.4026"
"2,24 : 0.3501"
"24,2 : 0.3501"
"2,25 : 0.2147"
"25,2 : 0.2147"
"2,26 : 0.1562"
"26,2 : 0.1562"
"2,27 : 0.2816"
"27,2 : 0.2816"
"2,28 : 0.2377"
"28,2 : 0.2377"
"2,29 : 0.8989"
"29,2 : 0.8989"
"2,30 : 0.4742"
"30,2 : 0.4742"
"2,31 : 0.8016"
"31,2 : 0.8016"
"2,32 : 0.4924"
"32,2 : 0.4924"
"2,33 : 0.97"
"33,2 : 0.97"
"2,34 : 0.1649"
"34,2 : 0.1649"
"2,35 : 0.2088"
"35,2 : 0.2088"
"2,36 : 0.114"
"36,2 : 0.114"
"2,37 : 0.9043"
"37,2 : 0.9043"
"2,38 : 0.8053"
"38,2 : 0.8053"
"2,39 : 0.5944"
"39,2 : 0.5944"
"2,40 : 0.593"
"40,2 : 0.593"
"2,41 : 0.5948"
"41,2 : 0.5948"
"2,42 : 0.6854"
"42,2 : 0.6854"
"2,43 : 0.5948"
"43,2 : 0.5948"
"2,44 : 0.1281"
"44,2 : 0.1281"
"2,45 : 0.0825"
"45,2 : 0.0825"
"2,46 : 0.12"
"46,2 : 0.12"
"2,47 : 0.4855"
"47,2 : 0.4855"
"2,48 : 0.578"
"48,2 : 0.578"
"2,49 : 0.542"
"49,2 : 0.542"
"2,50 : 0.8615"
"50,2 : 0.8615"
"2,51 : 0.8929"
"51,2 : 0.8929"
"2,52 : 0.7038"
"52,2 : 0.7038"
"2,53 : 0.7433"
"53,2 : 0.7433"
"2,54 : 0.7938"
"54,2 : 0.7938"
"2,55 : 0.1526"
"55,2 : 0.1526"
"2,56 : 0.236"
"56,2 : 0.236"
"2,57 : 0.3614"
"57,2 : 0.3614"
"2,58 : 0.7278"
"58,2 : 0.7278"
"2,59 : 0.922"
"59,2 : 0.922"
"2,60 : 0.4168"
"60,2 : 0.4168"
"2,61 : 0.1334"
"61,2 : 0.1334"
"2,62 : 0.6935"
"62,2 : 0.6935"
"2,63 : 0.3985"
"63,2 : 0.3985"
"2,64 : 0.4438"
"64,2 : 0.4438"
"2,65 : 0.6096"
"65,2 : 0.6096"
"2,66 : 0.6332"
"66,2 : 0.6332"
"2,67 : 0.5492"
"67,2 : 0.5492"
"2,68 : 0.7569"
"68,2 : 0.7569"
"2,69 : 0.5217"
"69,2 : 0.5217"
"2,70 : 0.6801"
"70,2 : 0.6801"
"2,71 : 0.5984"
"71,2 : 0.5984"
"2,72 : 0.5797"
"72,2 : 0.5797"
"2,73 : 0.1868"
"73,2 : 0.1868"
"2,74 : 0.6576"
"74,2 : 0.6576"
"2,75 : 0.5324"
"75,2 : 0.5324"
"2,76 : 0.3421"
"76,2 : 0.3421"
"2,77 : 0.4554"
"77,2 : 0.4554"
"2,78 : 0.6177"
"78,2 : 0.6177"
"2,79 : 0.857"
"79,2 : 0.857"
"2,80 : 0.7752"
"80,2 : 0.7752"
"2,81 : 0.5109"
"81,2 : 0.5109"
"2,82 : 0.797"
"82,2 : 0.797"
"2,83 : 0.3059"
"83,2 : 0.3059"
"2,84 : 0.3517"
"84,2 : 0.3517"
"2,85 : 0.6862"
"85,2 : 0.6862"
"2,86 : 0.4696"
"86,2 : 0.4696"
"2,87 : 0.9043"
"87,2 : 0.9043"
"2,88 : 0.706"
"88,2 : 0.706"
"2,89 : 0.1063"
"89,2 : 0.1063"
"2,90 : 0.7278"
"90,2 : 0.7278"
"2,91 : 0.3289"
"91,2 : 0.3289"
"2,92 : 0.5825"
"92,2 : 0.5825"
"2,93 : 0.4272"
"93,2 : 0.4272"
"2,94 : 0.4805"
"94,2 : 0.4805"
"2,95 : 0.6239"
"95,2 : 0.6239"
"2,96 : 0.2846"
"96,2 : 0.2846"
"2,97 : 0.8748"
"97,2 : 0.8748"
"2,98 : 0.06"
"98,2 : 0.06"
"2,99 : 0.9602"
"99,2 : 0.9602"
"3,4 : 0.8099"
"4,3 : 0.8099"
"3,5 : 0.4173"
"5,3 : 0.4173"
"3,6 : 0.3833"
"6,3 : 0.3833"
"3,7 : 0.487"
"7,3 : 0.487"
"3,8 : 0.3774"
"8,3 : 0.3774"
"3,9 : 0.8902"
"9,3 : 0.8902"
"3,10 : 0.2402"
"10,3 : 0.2402"
"3,11 : 0.2915"
"11,3 : 0.2915"
"3,12 : 0.4545"
"12,3 : 0.4545"
"3,13 : 0.164"
"13,3 : 0.164"
"3,14 : 0.4607"
"14,3 : 0.4607"
"3,15 : 0.5749"
"15,3 : 0.5749"
"3,16 : 0.4272"
"16,3 : 0.4272"
"3,17 : 0.5263"
"17,3 : 0.5263"
"3,18 : 0.247"
"18,3 : 0.247"
"3,19 : 0.589"
"19,3 : 0.589"
"3,20 : 0.5595"
"20,3 : 0.5595"
"3,21 : 0.637"
"21,3 : 0.637"
"3,22 : 0.5873"
"22,3 : 0.5873"
"3,23 : 0.5346"
"23,3 : 0.5346"
"3,24 : 0.4211"
"24,3 : 0.4211"
"3,25 : 0.3256"
"25,3 : 0.3256"
"3,26 : 0.692"
"26,3 : 0.692"
"3,27 : 0.3536"
"27,3 : 0.3536"
"3,28 : 0.7094"
"28,3 : 0.7094"
"3,29 : 0.4428"
"29,3 : 0.4428"
"3,30 : 0.12"
"30,3 : 0.12"
"3,31 : 0.2683"
"31,3 : 0.2683"
"3,32 : 0.2159"
"32,3 : 0.2159"
"3,33 : 0.4393"
"33,3 : 0.4393"
"3,34 : 0.4965"
"34,3 : 0.4965"
"3,35 : 0.5045"
"35,3 : 0.5045"
"3,36 : 0.5057"
"36,3 : 0.5057"
"3,37 : 0.4701"
"37,3 : 0.4701"
"3,38 : 0.3932"
"38,3 : 0.3932"
"3,39 : 0.6174"
"39,3 : 0.6174"
"3,40 : 0.5595"
"40,3 : 0.5595"
"3,41 : 0.264"
"41,3 : 0.264"
"3,42 : 0.2062"
"42,3 : 0.2062"
"3,43 : 0.1118"
"43,3 : 0.1118"
"3,44 : 0.5818"
"44,3 : 0.5818"
"3,45 : 0.461"
"45,3 : 0.461"
"3,46 : 0.4455"
"46,3 : 0.4455"
"3,47 : 0.1924"
"47,3 : 0.1924"
"3,48 : 0.1612"
"48,3 : 0.1612"
"3,49 : 0.1487"
"49,3 : 0.1487"
"3,50 : 0.7225"
"50,3 : 0.7225"
"3,51 : 0.8605"
"51,3 : 0.8605"
"3,52 : 0.3667"
"52,3 : 0.3667"
"3,53 : 0.2973"
"53,3 : 0.2973"
"3,54 : 0.4624"
"54,3 : 0.4624"
"3,55 : 0.3842"
"55,3 : 0.3842"
"3,56 : 0.3178"
"56,3 : 0.3178"
"3,57 : 0.3413"
"57,3 : 0.3413"
"3,58 : 0.7072"
"58,3 : 0.7072"
"3,59 : 0.389"
"59,3 : 0.389"
"3,60 : 0.6412"
"60,3 : 0.6412"
"3,61 : 0.6021"
"61,3 : 0.6021"
"3,62 : 0.4687"
"62,3 : 0.4687"
"3,63 : 0.4428"
"63,3 : 0.4428"
"3,64 : 0.21"
"64,3 : 0.21"
"3,65 : 0.1432"
"65,3 : 0.1432"
"3,66 : 0.2343"
"66,3 : 0.2343"
"3,67 : 0.246"
"67,3 : 0.246"
"3,68 : 0.2332"
"68,3 : 0.2332"
"3,69 : 0.4374"
"69,3 : 0.4374"
"3,70 : 0.5685"
"70,3 : 0.5685"
"3,71 : 0.5948"
"71,3 : 0.5948"
"3,72 : 0.214"
"72,3 : 0.214"
"3,73 : 0.7134"
"73,3 : 0.7134"
"3,74 : 0.153"
"74,3 : 0.153"
"3,75 : 0.4342"
"75,3 : 0.4342"
"3,76 : 0.5201"
"76,3 : 0.5201"
"3,77 : 0.2508"
"77,3 : 0.2508"
"3,78 : 0.2555"
"78,3 : 0.2555"
"3,79 : 0.5124"
"79,3 : 0.5124"
"3,80 : 0.3523"
"80,3 : 0.3523"
"3,81 : 0.4977"
"81,3 : 0.4977"
"3,82 : 0.8016"
"82,3 : 0.8016"
"3,83 : 0.3705"
"83,3 : 0.3705"
"3,84 : 0.247"
"84,3 : 0.247"
"3,85 : 0.2417"
"85,3 : 0.2417"
"3,86 : 0.2417"
"86,3 : 0.2417"
"3,87 : 0.4701"
"87,3 : 0.4701"
"3,88 : 0.24"
"88,3 : 0.24"
"3,89 : 0.5546"
"89,3 : 0.5546"
"3,90 : 0.4743"
"90,3 : 0.4743"
"3,91 : 0.3202"
"91,3 : 0.3202"
"3,92 : 0.3982"
"92,3 : 0.3982"
"3,93 : 0.114"
"93,3 : 0.114"
"3,94 : 0.3625"
"94,3 : 0.3625"
"3,95 : 0.4686"
"95,3 : 0.4686"
"3,96 : 0.3437"
"96,3 : 0.3437"
"3,97 : 0.7998"
"97,3 : 0.7998"
"3,98 : 0.5852"
"98,3 : 0.5852"
"3,99 : 0.478"
"99,3 : 0.478"
"4,5 : 0.8365"
"5,4 : 0.8365"
"4,6 : 0.7831"
"6,4 : 0.7831"
"4,7 : 0.3561"
"7,4 : 0.3561"
"4,8 : 0.4948"
"8,4 : 0.4948"
"4,9 : 0.1118"
"9,4 : 0.1118"
"4,10 : 1.0242"
"10,4 : 1.0242"
"4,11 : 1.0977"
"11,4 : 1.0977"
"4,12 : 0.8011"
"12,4 : 0.8011"
"4,13 : 0.9661"
"13,4 : 0.9661"
"4,14 : 0.7038"
"14,4 : 0.7038"
"4,15 : 0.25"
"15,4 : 0.25"
"4,16 : 0.3828"
"16,4 : 0.3828"
"4,17 : 0.3536"
"17,4 : 0.3536"
"4,18 : 0.8927"
"18,4 : 0.8927"
"4,19 : 0.3002"
"19,4 : 0.3002"
"4,20 : 0.2702"
"20,4 : 0.2702"
"4,21 : 0.2102"
"21,4 : 0.2102"
"4,22 : 0.2532"
"22,4 : 0.2532"
"4,23 : 0.3992"
"23,4 : 0.3992"
"4,24 : 0.4855"
"24,4 : 0.4855"
"4,25 : 0.7932"
"25,4 : 0.7932"
"4,26 : 0.8698"
"26,4 : 0.8698"
"4,27 : 0.5908"
"27,4 : 0.5908"
"4,28 : 0.7003"
"28,4 : 0.7003"
"4,29 : 0.73"
"29,4 : 0.73"
"4,30 : 0.8809"
"30,4 : 0.8809"
"4,31 : 0.9741"
"31,4 : 0.9741"
"4,32 : 0.9774"
"32,4 : 0.9774"
"4,33 : 0.9762"
"33,4 : 0.9762"
"4,34 : 0.6357"
"34,4 : 0.6357"
"4,35 : 0.5914"
"35,4 : 0.5914"
"4,36 : 0.6862"
"36,4 : 0.6862"
"4,37 : 0.6907"
"37,4 : 0.6907"
"4,38 : 0.632"
"38,4 : 0.632"
"4,39 : 0.2163"
"39,4 : 0.2163"
"4,40 : 0.255"
"40,4 : 0.255"
"4,41 : 0.5686"
"41,4 : 0.5686"
"4,42 : 1.0072"
"42,4 : 1.0072"
"4,43 : 0.9211"
"43,4 : 0.9211"
"4,44 : 0.6963"
"44,4 : 0.6963"
"4,45 : 0.8102"
"45,4 : 0.8102"
"4,46 : 0.8453"
"46,4 : 0.8453"
"4,47 : 0.6185"
"47,4 : 0.6185"
"4,48 : 0.6708"
"48,4 : 0.6708"
"4,49 : 0.6673"
"49,4 : 0.6673"
"4,50 : 0.2236"
"50,4 : 0.2236"
"4,51 : 0.1005"
"51,4 : 0.1005"
"4,52 : 0.5315"
"52,4 : 0.5315"
"4,53 : 1.1015"
"53,4 : 1.1015"
"4,54 : 0.5101"
"54,4 : 0.5101"
"4,55 : 0.779"
"55,4 : 0.779"
"4,56 : 0.6907"
"56,4 : 0.6907"
"4,57 : 0.5326"
"57,4 : 0.5326"
"4,58 : 0.103"
"58,4 : 0.103"
"4,59 : 0.9634"
"59,4 : 0.9634"
"4,60 : 0.402"
"60,4 : 0.402"
"4,61 : 0.933"
"61,4 : 0.933"
"4,62 : 1.254"
"62,4 : 1.254"
"4,63 : 1.0823"
"63,4 : 1.0823"
"4,64 : 0.9407"
"64,4 : 0.9407"
"4,65 : 0.7159"
"65,4 : 0.7159"
"4,66 : 1.0429"
"66,4 : 1.0429"
"4,67 : 1.0294"
"67,4 : 1.0294"
"4,68 : 0.8352"
"68,4 : 0.8352"
"4,69 : 1.1552"
"69,4 : 1.1552"
"4,70 : 0.253"
"70,4 : 0.253"
"4,71 : 0.2267"
"71,4 : 0.2267"
"4,72 : 1.014"
"72,4 : 1.014"
"4,73 : 0.813"
"73,4 : 0.813"
"4,74 : 0.7669"
"74,4 : 0.7669"
"4,75 : 0.378"
"75,4 : 0.378"
"4,76 : 0.4588"
"76,4 : 0.4588"
"4,77 : 0.9829"
"77,4 : 0.9829"
"4,78 : 0.5924"
"78,4 : 0.5924"
"4,79 : 0.5324"
"79,4 : 0.5324"
"4,80 : 0.6463"
"80,4 : 0.6463"
"4,81 : 0.333"
"81,4 : 0.333"
"4,82 : 0.01"
"82,4 : 0.01"
"4,83 : 0.5547"
"83,4 : 0.5547"
"4,84 : 0.8927"
"84,4 : 0.8927"
"4,85 : 1.0496"
"85,4 : 1.0496"
"4,86 : 0.572"
"86,4 : 0.572"
"4,87 : 0.6907"
"87,4 : 0.6907"
"4,88 : 0.7088"
"88,4 : 0.7088"
"4,89 : 0.7034"
"89,4 : 0.7034"
"4,90 : 0.413"
"90,4 : 0.413"
"4,91 : 0.5763"
"91,4 : 0.5763"
"4,92 : 0.4159"
"92,4 : 0.4159"
"4,93 : 0.8081"
"93,4 : 0.8081"
"4,94 : 0.4545"
"94,4 : 0.4545"
"4,95 : 0.3493"
"95,4 : 0.3493"
"4,96 : 0.5964"
"96,4 : 0.5964"
"4,97 : 0.1345"
"97,4 : 0.1345"
"4,98 : 0.7834"
"98,4 : 0.7834"
"4,99 : 0.8102"
"99,4 : 0.8102"
"5,6 : 0.7752"
"6,5 : 0.7752"
"5,7 : 0.4904"
"7,5 : 0.4904"
"5,8 : 0.6265"
"8,5 : 0.6265"
"5,9 : 0.9437"
"9,5 : 0.9437"
"5,10 : 0.6042"
"10,5 : 0.6042"
"5,11 : 0.5914"
"11,5 : 0.5914"
"5,12 : 0.0608"
"12,5 : 0.0608"
"5,13 : 0.4254"
"13,5 : 0.4254"
"5,14 : 0.15"
"14,5 : 0.15"
"5,15 : 0.6866"
"15,5 : 0.6866"
"5,16 : 0.5346"
"16,5 : 0.5346"
"5,17 : 0.483"
"17,5 : 0.483"
"5,18 : 0.2119"
"18,5 : 0.2119"
"5,19 : 0.7554"
"19,5 : 0.7554"
"5,20 : 0.5738"
"20,5 : 0.5738"
"5,21 : 0.7519"
"21,5 : 0.7519"
"5,22 : 0.7139"
"22,5 : 0.7139"
"5,23 : 0.441"
"23,5 : 0.441"
"5,24 : 0.3547"
"24,5 : 0.3547"
"5,25 : 0.0943"
"25,5 : 0.0943"
"5,26 : 0.2864"
"26,5 : 0.2864"
"5,27 : 0.2571"
"27,5 : 0.2571"
"5,28 : 0.3722"
"28,5 : 0.3722"
"5,29 : 0.8144"
"29,5 : 0.8144"
"5,30 : 0.3413"
"30,5 : 0.3413"
"5,31 : 0.6762"
"31,5 : 0.6762"
"5,32 : 0.3517"
"32,5 : 0.3517"
"5,33 : 0.8563"
"33,5 : 0.8563"
"5,34 : 0.228"
"34,5 : 0.228"
"5,35 : 0.2691"
"35,5 : 0.2691"
"5,36 : 0.1924"
"36,5 : 0.1924"
"5,37 : 0.8264"
"37,5 : 0.8264"
"5,38 : 0.7305"
"38,5 : 0.7305"
"5,39 : 0.6217"
"39,5 : 0.6217"
"5,40 : 0.6041"
"40,5 : 0.6041"
"5,41 : 0.5263"
"41,5 : 0.5263"
"5,42 : 0.5501"
"42,5 : 0.5501"
"5,43 : 0.4632"
"43,5 : 0.4632"
"5,44 : 0.2474"
"44,5 : 0.2474"
"5,45 : 0.06"
"45,5 : 0.06"
"5,46 : 0.0283"
"46,5 : 0.0283"
"5,47 : 0.408"
"47,5 : 0.408"
"5,48 : 0.4875"
"48,5 : 0.4875"
"5,49 : 0.4519"
"49,5 : 0.4519"
"5,50 : 0.8612"
"50,5 : 0.8612"
"5,51 : 0.922"
"51,5 : 0.922"
"5,52 : 0.6433"
"52,5 : 0.6433"
"5,53 : 0.6041"
"53,5 : 0.6041"
"5,54 : 0.7398"
"54,5 : 0.7398"
"5,55 : 0.0608"
"55,5 : 0.0608"
"5,56 : 0.17"
"56,5 : 0.17"
"5,57 : 0.3338"
"57,5 : 0.3338"
"5,58 : 0.7524"
"58,5 : 0.7524"
"5,59 : 0.8062"
"59,5 : 0.8062"
"5,60 : 0.488"
"60,5 : 0.488"
"5,61 : 0.186"
"61,5 : 0.186"
"5,62 : 0.5573"
"62,5 : 0.5573"
"5,63 : 0.2778"
"63,5 : 0.2778"
"5,64 : 0.3036"
"64,5 : 0.3036"
"5,65 : 0.5111"
"65,5 : 0.5111"
"5,66 : 0.4934"
"66,5 : 0.4934"
"5,67 : 0.4079"
"67,5 : 0.4079"
"5,68 : 0.6466"
"68,5 : 0.6466"
"5,69 : 0.3922"
"69,5 : 0.3922"
"5,70 : 0.6768"
"70,5 : 0.6768"
"5,71 : 0.6185"
"71,5 : 0.6185"
"5,72 : 0.4397"
"72,5 : 0.4397"
"5,73 : 0.3276"
"73,5 : 0.3276"
"5,74 : 0.5522"
"74,5 : 0.5522"
"5,75 : 0.5179"
"75,5 : 0.5179"
"5,76 : 0.386"
"76,5 : 0.386"
"5,77 : 0.314"
"77,5 : 0.314"
"5,78 : 0.5441"
"78,5 : 0.5441"
"5,79 : 0.8023"
"79,5 : 0.8023"
"5,80 : 0.6964"
"80,5 : 0.6964"
"5,81 : 0.5187"
"81,5 : 0.5187"
"5,82 : 0.8319"
"82,5 : 0.8319"
"5,83 : 0.2912"
"83,5 : 0.2912"
"5,84 : 0.2119"
"84,5 : 0.2119"
"5,85 : 0.5478"
"85,5 : 0.5478"
"5,86 : 0.4061"
"86,5 : 0.4061"
"5,87 : 0.8264"
"87,5 : 0.8264"
"5,88 : 0.6129"
"88,5 : 0.6129"
"5,89 : 0.2184"
"89,5 : 0.2184"
"5,90 : 0.6903"
"90,5 : 0.6903"
"5,91 : 0.2915"
"91,5 : 0.2915"
"5,92 : 0.5504"
"92,5 : 0.5504"
"5,93 : 0.3041"
"93,5 : 0.3041"
"5,94 : 0.4518"
"94,5 : 0.4518"
"5,95 : 0.6041"
"95,5 : 0.6041"
"5,96 : 0.255"
"96,5 : 0.255"
"5,97 : 0.892"
"97,5 : 0.892"
"5,98 : 0.201"
"98,5 : 0.201"
"5,99 : 0.8683"
"99,5 : 0.8683"
"6,7 : 0.5981"
"7,6 : 0.5981"
"6,8 : 0.3041"
"8,6 : 0.3041"
"6,9 : 0.82"
"9,6 : 0.82"
"6,10 : 0.405"
"10,6 : 0.405"
"6,11 : 0.5092"
"11,6 : 0.5092"
"6,12 : 0.7988"
"12,6 : 0.7988"
"6,13 : 0.5"
"13,6 : 0.5"
"6,14 : 0.7723"
"14,6 : 0.7723"
"6,15 : 0.54"
"15,6 : 0.54"
"6,16 : 0.4808"
"16,6 : 0.4808"
"6,17 : 0.6555"
"17,6 : 0.6555"
"6,18 : 0.6294"
"18,6 : 0.6294"
"6,19 : 0.4866"
"19,6 : 0.4866"
"6,20 : 0.6259"
"20,6 : 0.6259"
"6,21 : 0.5731"
"21,6 : 0.5731"
"6,22 : 0.5308"
"22,6 : 0.5308"
"6,23 : 0.6978"
"23,6 : 0.6978"
"6,24 : 0.6213"
"24,6 : 0.6213"
"6,25 : 0.681"
"25,6 : 0.681"
"6,26 : 1.023"
"26,6 : 1.023"
"6,27 : 0.6155"
"27,6 : 0.6155"
"6,28 : 0.9872"
"28,6 : 0.9872"
"6,29 : 0.086"
"29,6 : 0.086"
"6,30 : 0.5001"
"30,6 : 0.5001"
"6,31 : 0.2865"
"31,6 : 0.2865"
"6,32 : 0.5822"
"32,6 : 0.5822"
"6,33 : 0.1942"
"33,6 : 0.1942"
"6,34 : 0.7783"
"34,6 : 0.7783"
"6,35 : 0.7669"
"35,6 : 0.7669"
"6,36 : 0.8062"
"36,6 : 0.8062"
"6,37 : 0.1345"
"37,6 : 0.1345"
"6,38 : 0.1513"
"38,6 : 0.1513"
"6,39 : 0.6691"
"39,6 : 0.6691"
"6,40 : 0.5984"
"40,6 : 0.5984"
"6,41 : 0.3053"
"41,6 : 0.3053"
"6,42 : 0.4317"
"42,6 : 0.4317"
"6,43 : 0.42"
"43,6 : 0.42"
"6,44 : 0.8769"
"44,6 : 0.8769"
"6,45 : 0.8071"
"45,6 : 0.8071"
"6,46 : 0.8026"
"46,6 : 0.8026"
"6,47 : 0.389"
"47,6 : 0.389"
"6,48 : 0.2921"
"48,6 : 0.2921"
"6,49 : 0.328"
"49,6 : 0.328"
"6,50 : 0.6044"
"50,6 : 0.6044"
"6,51 : 0.7885"
"51,6 : 0.7885"
"6,52 : 0.2631"
"52,6 : 0.2631"
"6,53 : 0.5033"
"53,6 : 0.5033"
"6,54 : 0.2766"
"54,6 : 0.2766"
"6,55 : 0.7295"
"55,6 : 0.7295"
"6,56 : 0.6341"
"56,6 : 0.6341"
"6,57 : 0.5561"
"57,6 : 0.5561"
"6,58 : 0.6903"
"58,6 : 0.6903"
"6,59 : 0.1924"
"59,6 : 0.1924"
"6,60 : 0.8102"
"60,6 : 0.8102"
"6,61 : 0.9604"
"61,6 : 0.9604"
"6,62 : 0.7767"
"62,6 : 0.7767"
"6,63 : 0.8238"
"63,6 : 0.8238"
"6,64 : 0.5886"
"64,6 : 0.5886"
"6,65 : 0.2642"
"65,6 : 0.2642"
"6,66 : 0.5261"
"66,6 : 0.5261"
"6,67 : 0.5901"
"67,6 : 0.5901"
"6,68 : 0.1712"
"68,6 : 0.1712"
"6,69 : 0.8002"
"69,6 : 0.8002"
"6,70 : 0.5401"
"70,6 : 0.5401"
"6,71 : 0.6379"
"71,6 : 0.6379"
"6,72 : 0.5408"
"72,6 : 0.5408"
"6,73 : 1.0255"
"73,6 : 1.0255"
"6,74 : 0.2309"
"74,6 : 0.2309"
"6,75 : 0.506"
"75,6 : 0.506"
"6,76 : 0.7169"
"76,6 : 0.7169"
"6,77 : 0.6251"
"77,6 : 0.6251"
"6,78 : 0.2746"
"78,6 : 0.2746"
"6,79 : 0.2773"
"79,6 : 0.2773"
"6,80 : 0.1414"
"80,6 : 0.1414"
"6,81 : 0.5882"
"81,6 : 0.5882"
"6,82 : 0.7732"
"82,6 : 0.7732"
"6,83 : 0.6107"
"83,6 : 0.6107"
"6,84 : 0.6294"
"84,6 : 0.6294"
"6,85 : 0.4851"
"85,6 : 0.4851"
"6,86 : 0.4187"
"86,6 : 0.4187"
"6,87 : 0.1345"
"87,6 : 0.1345"
"6,88 : 0.164"
"88,6 : 0.164"
"6,89 : 0.8556"
"89,6 : 0.8556"
"6,90 : 0.3705"
"90,6 : 0.3705"
"6,91 : 0.5664"
"91,6 : 0.5664"
"6,92 : 0.4272"
"92,6 : 0.4272"
"6,93 : 0.4904"
"93,6 : 0.4904"
"6,94 : 0.483"
"94,6 : 0.483"
"6,95 : 0.4653"
"95,6 : 0.4653"
"6,96 : 0.6083"
"96,6 : 0.6083"
"6,97 : 0.7106"
"97,6 : 0.7106"
"6,98 : 0.9079"
"98,6 : 0.9079"
"6,99 : 0.0949"
"99,6 : 0.0949"
"7,8 : 0.3053"
"8,7 : 0.3053"
"7,9 : 0.4579"
"9,7 : 0.4579"
"7,10 : 0.7203"
"10,7 : 0.7203"
"7,11 : 0.7783"
"11,7 : 0.7783"
"7,12 : 0.4632"
"12,7 : 0.4632"
"7,13 : 0.6306"
"13,7 : 0.6306"
"7,14 : 0.3734"
"14,7 : 0.3734"
"7,15 : 0.211"
"15,7 : 0.211"
"7,16 : 0.1221"
"16,7 : 0.1221"
"7,17 : 0.0583"
"17,7 : 0.0583"
"7,18 : 0.5376"
"18,7 : 0.5376"
"7,19 : 0.3008"
"19,7 : 0.3008"
"7,20 : 0.086"
"20,7 : 0.086"
"7,21 : 0.2702"
"21,7 : 0.2702"
"7,22 : 0.2419"
"22,7 : 0.2419"
"7,23 : 0.114"
"23,7 : 0.114"
"7,24 : 0.136"
"24,7 : 0.136"
"7,25 : 0.4391"
"25,7 : 0.4391"
"7,26 : 0.5869"
"26,7 : 0.5869"
"7,27 : 0.2371"
"27,7 : 0.2371"
"7,28 : 0.4652"
"28,7 : 0.4652"
"7,29 : 0.5818"
"29,7 : 0.5818"
"7,30 : 0.5385"
"30,7 : 0.5385"
"7,31 : 0.7011"
"31,7 : 0.7011"
"7,32 : 0.6301"
"32,7 : 0.6301"
"7,33 : 0.769"
"33,7 : 0.769"
"7,34 : 0.3202"
"34,7 : 0.3202"
"7,35 : 0.2816"
"35,7 : 0.2816"
"7,36 : 0.37"
"36,7 : 0.37"
"7,37 : 0.563"
"37,7 : 0.563"
"7,38 : 0.4701"
"38,7 : 0.4701"
"7,39 : 0.1414"
"39,7 : 0.1414"
"7,40 : 0.114"
"40,7 : 0.114"
"7,41 : 0.3041"
"41,7 : 0.3041"
"7,42 : 0.6926"
"42,7 : 0.6926"
"7,43 : 0.5981"
"43,7 : 0.5981"
"7,44 : 0.4061"
"44,7 : 0.4061"
"7,45 : 0.473"
"45,7 : 0.473"
"7,46 : 0.5029"
"46,7 : 0.5029"
"7,47 : 0.2983"
"47,7 : 0.2983"
"7,48 : 0.3805"
"48,7 : 0.3805"
"7,49 : 0.3635"
"49,7 : 0.3635"
"7,50 : 0.3805"
"50,7 : 0.3805"
"7,51 : 0.4342"
"51,7 : 0.4342"
"7,52 : 0.3448"
"52,7 : 0.3448"
"7,53 : 0.7843"
"53,7 : 0.7843"
"7,54 : 0.3962"
"54,7 : 0.3962"
"7,55 : 0.4308"
"55,7 : 0.4308"
"7,56 : 0.3362"
"56,7 : 0.3362"
"7,57 : 0.1769"
"57,7 : 0.1769"
"7,58 : 0.2642"
"58,7 : 0.2642"
"7,59 : 0.7398"
"59,7 : 0.7398"
"7,60 : 0.2163"
"60,7 : 0.2163"
"7,61 : 0.6129"
"61,7 : 0.6129"
"7,62 : 0.906"
"62,7 : 0.906"
"7,63 : 0.7267"
"63,7 : 0.7267"
"7,64 : 0.5903"
"64,7 : 0.5903"
"7,65 : 0.4305"
"65,7 : 0.4305"
"7,66 : 0.7111"
"66,7 : 0.7111"
"7,67 : 0.6851"
"67,7 : 0.6851"
"7,68 : 0.5814"
"68,7 : 0.5814"
"7,69 : 0.7998"
"69,7 : 0.7998"
"7,70 : 0.201"
"70,7 : 0.201"
"7,71 : 0.1304"
"71,7 : 0.1304"
"7,72 : 0.676"
"72,7 : 0.676"
"7,73 : 0.5508"
"73,7 : 0.5508"
"7,74 : 0.4901"
"74,7 : 0.4901"
"7,75 : 0.0943"
"75,7 : 0.0943"
"7,76 : 0.1616"
"76,7 : 0.1616"
"7,77 : 0.6313"
"77,7 : 0.6313"
"7,78 : 0.3354"
"78,7 : 0.3354"
"7,79 : 0.4528"
"79,7 : 0.4528"
"7,80 : 0.461"
"80,7 : 0.461"
"7,81 : 0.03"
"81,7 : 0.03"
"7,82 : 0.35"
"82,7 : 0.35"
"7,83 : 0.2012"
"83,7 : 0.2012"
"7,84 : 0.5376"
"84,7 : 0.5376"
"7,85 : 0.728"
"85,7 : 0.728"
"7,86 : 0.2474"
"86,7 : 0.2474"
"7,87 : 0.563"
"87,7 : 0.563"
"7,88 : 0.4669"
"88,7 : 0.4669"
"7,89 : 0.402"
"89,7 : 0.402"
"7,90 : 0.2983"
"90,7 : 0.2983"
"7,91 : 0.2202"
"91,7 : 0.2202"
"7,92 : 0.1749"
"92,7 : 0.1749"
"7,93 : 0.4632"
"93,7 : 0.4632"
"7,94 : 0.1304"
"94,7 : 0.1304"
"7,95 : 0.172"
"95,7 : 0.172"
"7,96 : 0.2419"
"96,7 : 0.2419"
"7,97 : 0.4016"
"97,7 : 0.4016"
"7,98 : 0.4809"
"98,7 : 0.4809"
"7,99 : 0.6619"
"99,7 : 0.6619"
"8,9 : 0.5504"
"9,8 : 0.5504"
"8,10 : 0.55"
"10,8 : 0.55"
"8,11 : 0.637"
"11,8 : 0.637"
"8,12 : 0.6282"
"12,8 : 0.6282"
"8,13 : 0.5408"
"13,8 : 0.5408"
"8,14 : 0.5701"
"14,8 : 0.5701"
"8,15 : 0.2452"
"15,8 : 0.2452"
"8,16 : 0.1836"
"16,8 : 0.1836"
"8,17 : 0.3636"
"17,8 : 0.3636"
"8,18 : 0.5609"
"18,8 : 0.5609"
"8,19 : 0.222"
"19,8 : 0.222"
"8,20 : 0.3228"
"20,8 : 0.3228"
"8,21 : 0.2915"
"21,8 : 0.2915"
"8,22 : 0.2435"
"22,8 : 0.2435"
"8,23 : 0.414"
"23,8 : 0.414"
"8,24 : 0.364"
"24,8 : 0.364"
"8,25 : 0.5415"
"25,8 : 0.5415"
"8,26 : 0.8186"
"26,8 : 0.8186"
"8,27 : 0.3992"
"27,8 : 0.3992"
"8,28 : 0.7403"
"28,8 : 0.7403"
"8,29 : 0.2773"
"29,8 : 0.2773"
"8,30 : 0.4833"
"30,8 : 0.4833"
"8,31 : 0.4833"
"31,8 : 0.4833"
"8,32 : 0.586"
"32,8 : 0.586"
"8,33 : 0.4901"
"33,8 : 0.4901"
"8,34 : 0.5507"
"34,8 : 0.5507"
"8,35 : 0.527"
"35,8 : 0.527"
"8,36 : 0.5903"
"36,8 : 0.5903"
"8,37 : 0.2581"
"37,8 : 0.2581"
"8,38 : 0.1655"
"38,8 : 0.1655"
"8,39 : 0.365"
"39,8 : 0.365"
"8,40 : 0.2943"
"40,8 : 0.2943"
"8,41 : 0.117"
"41,8 : 0.117"
"8,42 : 0.5449"
"42,8 : 0.5449"
"8,43 : 0.4763"
"43,8 : 0.4763"
"8,44 : 0.65"
"44,8 : 0.65"
"8,45 : 0.6379"
"45,8 : 0.6379"
"8,46 : 0.6494"
"46,8 : 0.6494"
"8,47 : 0.2319"
"47,8 : 0.2319"
"8,48 : 0.2163"
"48,8 : 0.2163"
"8,49 : 0.2326"
"49,8 : 0.2326"
"8,50 : 0.3561"
"50,8 : 0.3561"
"8,51 : 0.5189"
"51,8 : 0.5189"
"8,52 : 0.0412"
"52,8 : 0.0412"
"8,53 : 0.6378"
"53,8 : 0.6378"
"8,54 : 0.114"
"54,8 : 0.114"
"8,55 : 0.5689"
"55,8 : 0.5689"
"8,56 : 0.4589"
"56,8 : 0.4589"
"8,57 : 0.322"
"57,8 : 0.322"
"8,58 : 0.3962"
"58,8 : 0.3962"
"8,59 : 0.4717"
"59,8 : 0.4717"
"8,60 : 0.5215"
"60,8 : 0.5215"
"8,61 : 0.7956"
"61,8 : 0.7956"
"8,62 : 0.846"
"62,8 : 0.846"
"8,63 : 0.7747"
"63,8 : 0.7747"
"8,64 : 0.5665"
"64,8 : 0.5665"
"8,65 : 0.2476"
"65,8 : 0.2476"
"8,66 : 0.6044"
"66,8 : 0.6044"
"8,67 : 0.6227"
"67,8 : 0.6227"
"8,68 : 0.3418"
"68,8 : 0.3418"
"8,69 : 0.8006"
"69,8 : 0.8006"
"8,70 : 0.2433"
"70,8 : 0.2433"
"8,71 : 0.3338"
"71,8 : 0.3338"
"8,72 : 0.5908"
"72,8 : 0.5908"
"8,73 : 0.8026"
"73,8 : 0.8026"
"8,74 : 0.286"
"74,8 : 0.286"
"8,75 : 0.211"
"75,8 : 0.211"
"8,76 : 0.4455"
"76,8 : 0.4455"
"8,77 : 0.611"
"77,8 : 0.611"
"8,78 : 0.1221"
"78,8 : 0.1221"
"8,79 : 0.1772"
"79,8 : 0.1772"
"8,80 : 0.1628"
"80,8 : 0.1628"
"8,81 : 0.2907"
"81,8 : 0.2907"
"8,82 : 0.4851"
"82,8 : 0.4851"
"8,83 : 0.3801"
"83,8 : 0.3801"
"8,84 : 0.5609"
"84,8 : 0.5609"
"8,85 : 0.594"
"85,8 : 0.594"
"8,86 : 0.2209"
"86,8 : 0.2209"
"8,87 : 0.2581"
"87,8 : 0.2581"
"8,88 : 0.2154"
"88,8 : 0.2154"
"8,89 : 0.6353"
"89,8 : 0.6353"
"8,90 : 0.099"
"90,8 : 0.099"
"8,91 : 0.3511"
"91,8 : 0.3511"
"8,92 : 0.1304"
"92,8 : 0.1304"
"8,93 : 0.4301"
"93,8 : 0.4301"
"8,94 : 0.214"
"94,8 : 0.214"
"8,95 : 0.1612"
"95,8 : 0.1612"
"8,96 : 0.3956"
"96,8 : 0.3956"
"8,97 : 0.4478"
"97,8 : 0.4478"
"8,98 : 0.7026"
"98,8 : 0.7026"
"8,99 : 0.3585"
"99,8 : 0.3585"
"9,10 : 1.0942"
"10,9 : 1.0942"
"9,11 : 1.1732"
"11,9 : 1.1732"
"9,12 : 0.91"
"12,9 : 0.91"
"9,13 : 1.05"
"13,9 : 1.05"
"9,14 : 0.8134"
"14,9 : 0.8134"
"9,15 : 0.3162"
"15,9 : 0.3162"
"9,16 : 0.4669"
"16,9 : 0.4669"
"9,17 : 0.461"
"17,9 : 0.461"
"9,18 : 0.9902"
"18,9 : 0.9902"
"9,19 : 0.3353"
"19,9 : 0.3353"
"9,20 : 0.3722"
"20,9 : 0.3722"
"9,21 : 0.2594"
"21,9 : 0.2594"
"9,22 : 0.3089"
"22,9 : 0.3089"
"9,23 : 0.5092"
"23,9 : 0.5092"
"9,24 : 0.5906"
"24,9 : 0.5906"
"9,25 : 0.8969"
"25,9 : 0.8969"
"9,26 : 0.9815"
"26,9 : 0.9815"
"9,27 : 0.6946"
"27,9 : 0.6946"
"9,28 : 0.811"
"28,9 : 0.811"
"9,29 : 0.758"
"29,9 : 0.758"
"9,30 : 0.969"
"30,9 : 0.969"
"9,31 : 1.0337"
"31,9 : 1.0337"
"9,32 : 1.0678"
"32,9 : 1.0678"
"9,33 : 1.0141"
"33,9 : 1.0141"
"9,34 : 0.7463"
"34,9 : 0.7463"
"9,35 : 0.7021"
"35,9 : 0.7021"
"9,36 : 0.797"
"36,9 : 0.797"
"9,37 : 0.7145"
"37,9 : 0.7145"
"9,38 : 0.6694"
"38,9 : 0.6694"
"9,39 : 0.322"
"39,9 : 0.322"
"9,40 : 0.35"
"40,9 : 0.35"
"9,41 : 0.6381"
"41,9 : 0.6381"
"9,42 : 1.0817"
"42,9 : 1.0817"
"9,43 : 1.0"
"43,9 : 1.0"
"9,44 : 0.8081"
"44,9 : 0.8081"
"9,45 : 0.9192"
"45,9 : 0.9192"
"9,46 : 0.9534"
"46,9 : 0.9534"
"9,47 : 0.7018"
"47,9 : 0.7018"
"9,48 : 0.7433"
"48,9 : 0.7433"
"9,49 : 0.744"
"49,9 : 0.744"
"9,50 : 0.2202"
"50,9 : 0.2202"
"9,51 : 0.0316"
"51,9 : 0.0316"
"9,52 : 0.5831"
"52,9 : 0.5831"
"9,53 : 1.176"
"53,9 : 1.176"
"9,54 : 0.5434"
"54,9 : 0.5434"
"9,55 : 0.8855"
"55,9 : 0.8855"
"9,56 : 0.794"
"56,9 : 0.794"
"9,57 : 0.6325"
"57,9 : 0.6325"
"9,58 : 0.1942"
"58,9 : 0.1942"
"9,59 : 1.0069"
"59,9 : 1.0069"
"9,60 : 0.5135"
"60,9 : 0.5135"
"9,61 : 1.044"
"61,9 : 1.044"
"9,62 : 1.3436"
"62,9 : 1.3436"
"9,63 : 1.1843"
"63,9 : 1.1843"
"9,64 : 1.0332"
"64,9 : 1.0332"
"9,65 : 0.7855"
"65,9 : 0.7855"
"9,66 : 1.1245"
"66,9 : 1.1245"
"9,67 : 1.1176"
"67,9 : 1.1176"
"9,68 : 0.8916"
"68,9 : 0.8916"
"9,69 : 1.2525"
"69,9 : 1.2525"
"9,70 : 0.322"
"70,9 : 0.322"
"9,71 : 0.3276"
"71,9 : 0.3276"
"9,72 : 1.0988"
"72,9 : 1.0988"
"9,73 : 0.9244"
"73,9 : 0.9244"
"9,74 : 0.8324"
"74,9 : 0.8324"
"9,75 : 0.4669"
"75,9 : 0.4669"
"9,76 : 0.5692"
"76,9 : 0.5692"
"9,77 : 1.0763"
"77,9 : 1.0763"
"9,78 : 0.6586"
"78,9 : 0.6586"
"9,79 : 0.5533"
"79,9 : 0.5533"
"9,80 : 0.6896"
"80,9 : 0.6896"
"9,81 : 0.4327"
"81,9 : 0.4327"
"9,82 : 0.114"
"82,9 : 0.114"
"9,83 : 0.6586"
"83,9 : 0.6586"
"9,84 : 0.9902"
"84,9 : 0.9902"
"9,85 : 1.1265"
"85,9 : 1.1265"
"9,86 : 0.658"
"86,9 : 0.658"
"9,87 : 0.7145"
"87,9 : 0.7145"
"9,88 : 0.7656"
"88,9 : 0.7656"
"9,89 : 0.8149"
"89,9 : 0.8149"
"9,90 : 0.4588"
"90,9 : 0.4588"
"9,91 : 0.6768"
"91,9 : 0.6768"
"9,92 : 0.492"
"92,9 : 0.492"
"9,93 : 0.8981"
"93,9 : 0.8981"
"9,94 : 0.5449"
"94,9 : 0.5449"
"9,95 : 0.422"
"95,9 : 0.422"
"9,96 : 0.6997"
"96,9 : 0.6997"
"9,97 : 0.1105"
"97,9 : 0.1105"
"9,98 : 0.895"
"98,9 : 0.895"
"9,99 : 0.8349"
"99,9 : 0.8349"
"10,11 : 0.1044"
"11,10 : 0.1044"
"10,12 : 0.6531"
"12,10 : 0.6531"
"10,13 : 0.1844"
"13,10 : 0.1844"
"10,14 : 0.6801"
"14,10 : 0.6801"
"10,15 : 0.779"
"15,10 : 0.779"
"10,16 : 0.6462"
"16,10 : 0.6462"
"10,17 : 0.763"
"17,10 : 0.763"
"10,18 : 0.3966"
"18,10 : 0.3966"
"10,19 : 0.772"
"19,10 : 0.772"
"10,20 : 0.7875"
"20,10 : 0.7875"
"10,21 : 0.8353"
"21,10 : 0.8353"
"10,22 : 0.7855"
"22,10 : 0.7855"
"10,23 : 0.7741"
"23,10 : 0.7741"
"10,24 : 0.6612"
"24,10 : 0.6612"
"10,25 : 0.5239"
"25,10 : 0.5239"
"10,26 : 0.8901"
"26,10 : 0.8901"
"10,27 : 0.5914"
"27,10 : 0.5914"
"10,28 : 0.9341"
"28,10 : 0.9341"
"10,29 : 0.4885"
"29,10 : 0.4885"
"10,30 : 0.264"
"30,10 : 0.264"
"10,31 : 0.13"
"31,10 : 0.13"
"10,32 : 0.2759"
"32,10 : 0.2759"
"10,33 : 0.3437"
"33,10 : 0.3437"
"10,34 : 0.7257"
"34,10 : 0.7257"
"10,35 : 0.7382"
"35,10 : 0.7382"
"10,36 : 0.728"
"36,10 : 0.728"
"10,37 : 0.5323"
"37,10 : 0.5323"
"10,38 : 0.4941"
"38,10 : 0.4941"
"10,39 : 0.8443"
"39,10 : 0.8443"
"10,40 : 0.7819"
"40,10 : 0.7819"
"10,41 : 0.4565"
"41,10 : 0.4565"
"10,42 : 0.0566"
"42,10 : 0.0566"
"10,43 : 0.1456"
"43,10 : 0.1456"
"10,44 : 0.8036"
"44,10 : 0.8036"
"10,45 : 0.6574"
"45,10 : 0.6574"
"10,46 : 0.6313"
"46,10 : 0.6313"
"10,47 : 0.422"
"47,10 : 0.422"
"10,48 : 0.3534"
"48,10 : 0.3534"
"10,49 : 0.3606"
"49,10 : 0.3606"
"10,50 : 0.906"
"50,10 : 0.906"
"10,51 : 1.0633"
"51,10 : 1.0633"
"10,52 : 0.525"
"52,10 : 0.525"
"10,53 : 0.0985"
"53,10 : 0.0985"
"10,54 : 0.6014"
"54,10 : 0.6014"
"10,55 : 0.5869"
"55,10 : 0.5869"
"10,56 : 0.5434"
"56,10 : 0.5434"
"10,57 : 0.5814"
"57,10 : 0.5814"
"10,58 : 0.9214"
"58,10 : 0.9214"
"10,59 : 0.2915"
"59,10 : 0.2915"
"10,60 : 0.8814"
"60,10 : 0.8814"
"10,61 : 0.7767"
"61,10 : 0.7767"
"10,62 : 0.3805"
"62,10 : 0.3805"
"10,63 : 0.5187"
"63,10 : 0.5187"
"10,64 : 0.3124"
"64,10 : 0.3124"
"10,65 : 0.3089"
"65,10 : 0.3089"
"10,66 : 0.1523"
"66,10 : 0.1523"
"10,67 : 0.247"
"67,10 : 0.247"
"10,68 : 0.2419"
"68,10 : 0.2419"
"10,69 : 0.4494"
"69,10 : 0.4494"
"10,70 : 0.7741"
"70,10 : 0.7741"
"10,71 : 0.8193"
"71,10 : 0.8193"
"10,72 : 0.1942"
"72,10 : 0.1942"
"10,73 : 0.9231"
"73,10 : 0.9231"
"10,74 : 0.264"
"74,10 : 0.264"
"10,75 : 0.6579"
"75,10 : 0.6579"
"10,76 : 0.7603"
"76,10 : 0.7603"
"10,77 : 0.3256"
"77,10 : 0.3256"
"10,78 : 0.4357"
"78,10 : 0.4357"
"10,79 : 0.6341"
"79,10 : 0.6341"
"10,80 : 0.4561"
"80,10 : 0.4561"
"10,81 : 0.728"
"81,10 : 0.728"
"10,82 : 1.0152"
"82,10 : 1.0152"
"10,83 : 0.6101"
"83,10 : 0.6101"
"10,84 : 0.3966"
"84,10 : 0.3966"
"10,85 : 0.0922"
"85,10 : 0.0922"
"10,86 : 0.473"
"86,10 : 0.473"
"10,87 : 0.5323"
"87,10 : 0.5323"
"10,88 : 0.3466"
"88,10 : 0.3466"
"10,89 : 0.7749"
"89,10 : 0.7749"
"10,90 : 0.6482"
"90,10 : 0.6482"
"10,91 : 0.56"
"91,10 : 0.56"
"10,92 : 0.6084"
"92,10 : 0.6084"
"10,93 : 0.3202"
"93,10 : 0.3202"
"10,94 : 0.592"
"94,10 : 0.592"
"10,95 : 0.6754"
"95,10 : 0.6754"
"10,96 : 0.5814"
"96,10 : 0.5814"
"10,97 : 0.9957"
"97,10 : 0.9957"
"10,98 : 0.7931"
"98,10 : 0.7931"
"10,99 : 0.4827"
"99,10 : 0.4827"
"11,12 : 0.6456"
"12,11 : 0.6456"
"11,13 : 0.1712"
"13,11 : 0.1712"
"11,14 : 0.6873"
"14,11 : 0.6873"
"11,15 : 0.857"
"15,11 : 0.857"
"11,16 : 0.7159"
"16,11 : 0.7159"
"11,17 : 0.8161"
"17,11 : 0.8161"
"11,18 : 0.3795"
"18,11 : 0.3795"
"11,19 : 0.858"
"19,11 : 0.858"
"11,20 : 0.8509"
"20,11 : 0.8509"
"11,21 : 0.9161"
"21,11 : 0.9161"
"11,22 : 0.8661"
"22,11 : 0.8661"
"11,23 : 0.82"
"23,11 : 0.82"
"11,24 : 0.7041"
"24,11 : 0.7041"
"11,25 : 0.5217"
"25,11 : 0.5217"
"11,26 : 0.8766"
"26,11 : 0.8766"
"11,27 : 0.6229"
"27,11 : 0.6229"
"11,28 : 0.942"
"28,11 : 0.942"
"11,29 : 0.5924"
"29,11 : 0.5924"
"11,30 : 0.2702"
"30,11 : 0.2702"
"11,31 : 0.2319"
"31,11 : 0.2319"
"11,32 : 0.2417"
"32,11 : 0.2417"
"11,33 : 0.4405"
"33,11 : 0.4405"
"11,34 : 0.7417"
"34,11 : 0.7417"
"11,35 : 0.7601"
"35,11 : 0.7601"
"11,36 : 0.7368"
"36,11 : 0.7368"
"11,37 : 0.6356"
"37,11 : 0.6356"
"11,38 : 0.5936"
"38,11 : 0.5936"
"11,39 : 0.9087"
"39,11 : 0.9087"
"11,40 : 0.8497"
"40,11 : 0.8497"
"11,41 : 0.536"
"41,11 : 0.536"
"11,42 : 0.0922"
"42,11 : 0.0922"
"11,43 : 0.1803"
"43,11 : 0.1803"
"11,44 : 0.8105"
"44,11 : 0.8105"
"11,45 : 0.6485"
"45,11 : 0.6485"
"11,46 : 0.6168"
"46,11 : 0.6168"
"11,47 : 0.4833"
"47,11 : 0.4833"
"11,48 : 0.4301"
"48,11 : 0.4301"
"11,49 : 0.4305"
"49,11 : 0.4305"
"11,50 : 0.9925"
"50,11 : 0.9925"
"11,51 : 1.1428"
"51,11 : 1.1428"
"11,52 : 0.6152"
"52,11 : 0.6152"
"11,53 : 0.0141"
"53,11 : 0.0141"
"11,54 : 0.6966"
"54,11 : 0.6966"
"11,55 : 0.5846"
"55,11 : 0.5846"
"11,56 : 0.5604"
"56,11 : 0.5604"
"11,57 : 0.6259"
"57,11 : 0.6259"
"11,58 : 0.9948"
"58,11 : 0.9948"
"11,59 : 0.39"
"59,11 : 0.39"
"11,60 : 0.9223"
"60,11 : 0.9223"
"11,61 : 0.7513"
"61,11 : 0.7513"
"11,62 : 0.2802"
"62,11 : 0.2802"
"11,63 : 0.4597"
"63,11 : 0.4597"
"11,64 : 0.2879"
"64,11 : 0.2879"
"11,65 : 0.3905"
"65,11 : 0.3905"
"11,66 : 0.0985"
"66,11 : 0.0985"
"11,67 : 0.1942"
"67,11 : 0.1942"
"11,68 : 0.3444"
"68,11 : 0.3444"
"11,69 : 0.3722"
"69,11 : 0.3722"
"11,70 : 0.8515"
"70,11 : 0.8515"
"11,71 : 0.8857"
"71,11 : 0.8857"
"11,72 : 0.1523"
"72,11 : 0.1523"
"11,73 : 0.9176"
"73,11 : 0.9176"
"11,74 : 0.3538"
"74,11 : 0.3538"
"11,75 : 0.7245"
"75,11 : 0.7245"
"11,76 : 0.7991"
"76,11 : 0.7991"
"11,77 : 0.2865"
"77,11 : 0.2865"
"11,78 : 0.5186"
"78,11 : 0.5186"
"11,79 : 0.7324"
"79,11 : 0.7324"
"11,80 : 0.5547"
"80,11 : 0.5547"
"11,81 : 0.7892"
"81,11 : 0.7892"
"11,82 : 1.0891"
"82,11 : 1.0891"
"11,83 : 0.6463"
"83,11 : 0.6463"
"11,84 : 0.3795"
"84,11 : 0.3795"
"11,85 : 0.051"
"85,11 : 0.051"
"11,86 : 0.5331"
"86,11 : 0.5331"
"11,87 : 0.6356"
"87,11 : 0.6356"
"11,88 : 0.442"
"88,11 : 0.442"
"11,89 : 0.7809"
"89,11 : 0.7809"
"11,90 : 0.7359"
"90,11 : 0.7359"
"11,91 : 0.5984"
"91,11 : 0.5984"
"11,92 : 0.6826"
"92,11 : 0.6826"
"11,93 : 0.3406"
"93,11 : 0.3406"
"11,94 : 0.6539"
"94,11 : 0.6539"
"11,95 : 0.7517"
"95,11 : 0.7517"
"11,96 : 0.6129"
"96,11 : 0.6129"
"11,97 : 1.078"
"97,11 : 1.078"
"11,98 : 0.7885"
"98,11 : 0.7885"
"11,99 : 0.5869"
"99,11 : 0.5869"
"12,13 : 0.4776"
"13,12 : 0.4776"
"12,14 : 0.1"
"14,12 : 0.1"
"12,15 : 0.6661"
"15,12 : 0.6661"
"12,16 : 0.5201"
"16,12 : 0.5201"
"12,17 : 0.4494"
"17,12 : 0.4494"
"12,18 : 0.2668"
"18,12 : 0.2668"
"12,19 : 0.7406"
"19,12 : 0.7406"
"12,20 : 0.5441"
"20,12 : 0.5441"
"12,21 : 0.7299"
"21,12 : 0.7299"
"12,22 : 0.6946"
"22,12 : 0.6946"
"12,23 : 0.4025"
"23,12 : 0.4025"
"12,24 : 0.3276"
"24,12 : 0.3276"
"12,25 : 0.1304"
"25,12 : 0.1304"
"12,26 : 0.2385"
"26,12 : 0.2385"
"12,27 : 0.24"
"27,12 : 0.24"
"12,28 : 0.3114"
"28,12 : 0.3114"
"12,29 : 0.8324"
"29,12 : 0.8324"
"12,30 : 0.3891"
"30,12 : 0.3891"
"12,31 : 0.7185"
"31,12 : 0.7185"
"12,32 : 0.4079"
"32,12 : 0.4079"
"12,33 : 0.8911"
"33,12 : 0.8911"
"12,34 : 0.1769"
"34,12 : 0.1769"
"12,35 : 0.2202"
"35,12 : 0.2202"
"12,36 : 0.136"
"36,12 : 0.136"
"12,37 : 0.841"
"37,12 : 0.841"
"12,38 : 0.7432"
"38,12 : 0.7432"
"12,39 : 0.5887"
"39,12 : 0.5887"
"12,40 : 0.5772"
"40,12 : 0.5772"
"12,41 : 0.5349"
"41,12 : 0.5349"
"12,42 : 0.6001"
"42,12 : 0.6001"
"12,43 : 0.51"
"43,12 : 0.51"
"12,44 : 0.1868"
"44,12 : 0.1868"
"12,45 : 0.01"
"45,12 : 0.01"
"12,46 : 0.05"
"46,12 : 0.05"
"12,47 : 0.4205"
"47,12 : 0.4205"
"12,48 : 0.5077"
"48,12 : 0.5077"
"12,49 : 0.4717"
"49,12 : 0.4717"
"12,50 : 0.8401"
"50,12 : 0.8401"
"12,51 : 0.8896"
"51,12 : 0.8896"
"12,52 : 0.6485"
"52,12 : 0.6485"
"12,53 : 0.658"
"53,12 : 0.658"
"12,54 : 0.7422"
"54,12 : 0.7422"
"12,55 : 0.0707"
"55,12 : 0.0707"
"12,56 : 0.1709"
"56,12 : 0.1709"
"12,57 : 0.3202"
"57,12 : 0.3202"
"12,58 : 0.7211"
"58,12 : 0.7211"
"12,59 : 0.8422"
"59,12 : 0.8422"
"12,60 : 0.4393"
"60,12 : 0.4393"
"12,61 : 0.1676"
"61,12 : 0.1676"
"12,62 : 0.6181"
"62,12 : 0.6181"
"12,63 : 0.3354"
"63,12 : 0.3354"
"12,64 : 0.359"
"64,12 : 0.359"
"12,65 : 0.536"
"65,12 : 0.536"
"12,66 : 0.5482"
"66,12 : 0.5482"
"12,67 : 0.4653"
"67,12 : 0.4653"
"12,68 : 0.679"
"68,12 : 0.679"
"12,69 : 0.4522"
"69,12 : 0.4522"
"12,70 : 0.6562"
"70,12 : 0.6562"
"12,71 : 0.5882"
"71,12 : 0.5882"
"12,72 : 0.4948"
"72,12 : 0.4948"
"12,73 : 0.272"
"73,12 : 0.272"
"12,74 : 0.5814"
"74,12 : 0.5814"
"12,75 : 0.5009"
"75,12 : 0.5009"
"12,76 : 0.3448"
"76,12 : 0.3448"
"12,77 : 0.3722"
"77,12 : 0.3722"
"12,78 : 0.5554"
"78,12 : 0.5554"
"12,79 : 0.8052"
"79,12 : 0.8052"
"12,80 : 0.7111"
"80,12 : 0.7111"
"12,81 : 0.4924"
"81,12 : 0.4924"
"12,82 : 0.7971"
"82,12 : 0.7971"
"12,83 : 0.2707"
"83,12 : 0.2707"
"12,84 : 0.2668"
"84,12 : 0.2668"
"12,85 : 0.6008"
"85,12 : 0.6008"
"12,86 : 0.4111"
"86,12 : 0.4111"
"12,87 : 0.841"
"87,12 : 0.841"
"12,88 : 0.6351"
"88,12 : 0.6351"
"12,89 : 0.1581"
"89,12 : 0.1581"
"12,90 : 0.6847"
"90,12 : 0.6847"
"12,91 : 0.2816"
"91,12 : 0.2816"
"12,92 : 0.5415"
"92,12 : 0.5415"
"12,93 : 0.3441"
"93,12 : 0.3441"
"12,94 : 0.4405"
"94,12 : 0.4405"
"12,95 : 0.5901"
"95,12 : 0.5901"
"12,96 : 0.2402"
"96,12 : 0.2402"
"12,97 : 0.864"
"97,12 : 0.864"
"12,98 : 0.1432"
"98,12 : 0.1432"
"12,99 : 0.8904"
"99,12 : 0.8904"
"13,14 : 0.5162"
"14,13 : 0.5162"
"13,15 : 0.7359"
"15,13 : 0.7359"
"13,16 : 0.5841"
"16,13 : 0.5841"
"13,17 : 0.6631"
"17,13 : 0.6631"
"13,18 : 0.2147"
"18,13 : 0.2147"
"13,19 : 0.7529"
"19,13 : 0.7529"
"13,20 : 0.7083"
"20,13 : 0.7083"
"13,21 : 0.7991"
"21,13 : 0.7991"
"13,22 : 0.7495"
"22,13 : 0.7495"
"13,23 : 0.661"
"23,13 : 0.661"
"13,24 : 0.5441"
"24,13 : 0.5441"
