x,y
0.84,0.08
0.6,0.27
0.6,0.1
0.44,0.38
0.14,0.12
0.74,0.37
0.86,0.26
0.84,0.67
0.37,0.25
0.91,0.33
0.65,0.31
0.58,0.61
0.97,0.27
0.91,0.81
0.46,0.58
0.36,0.1
0.34,0.96
0.35,0.81
0.56,0.8
0.09,0.91
0.43,0.58
0.27,0.76
0.05,0.31
0.15,0.7
0.61,0.74
0.34,0.42
0.76,0.68
0.9,0.15
0.27,0.5
0.85,0.04
0.13,0.78
0.64,0.73
0.25,0.34
0.57,0.99
0.76,0.99
0.92,0.19
0.0,0.29
0.8,0.21
0.97,0.46
0.65,0.93
0.17,0.62
0.15,0.24
0.5,0.75
0.26,0.08
0.39,0.79
0.31,0.75
0.59,0.76
0.72,0.58
0.16,0.36
0.51,0.39
0.32,0.16
0.16,0.74
0.09,0.49
0.92,0.22
0.19,0.19
0.72,0.46
0.88,0.29
0.2,0.34
0.61,0.31
0.37,0.34
0.78,0.24
0.38,0.78
0.75,0.5
0.72,0.2
0.16,0.8
0.47,0.62
0.06,0.58
0.34,0.22
0.21,0.07
0.13,0.13
0.4,0.11
0.33,0.21
0.31,0.42
0.83,0.56
0.87,0.21
0.53,0.93
0.12,0.77
0.47,0.18
0.05,0.1
0.03,0.59
0.46,0.43
0.76,0.33
0.72,0.33
0.45,0.05
0.77,0.98
0.99,0.64
0.16,0.87
0.72,0.04
0.55,0.02
0.14,0.51
0.72,0.81
0.12,0.13
0.72,0.9
0.46,0.42
0.57,0.65
0.98,0.68
0.26,0.5
0.26,0.56
0.81,0.34
0.07,0.69

Distanze
"0,1 : 0.3061"
"1,0 : 0.3061"
"0,2 : 0.2408"
"2,0 : 0.2408"
"0,3 : 0.5"
"3,0 : 0.5"
"0,4 : 0.7011"
"4,0 : 0.7011"
"0,5 : 0.3068"
"5,0 : 0.3068"
"0,6 : 0.1811"
"6,0 : 0.1811"
"0,7 : 0.59"
"7,0 : 0.59"
"0,8 : 0.4998"
"8,0 : 0.4998"
"0,9 : 0.2596"
"9,0 : 0.2596"
"0,10 : 0.2983"
"10,0 : 0.2983"
"0,11 : 0.5903"
"11,0 : 0.5903"
"0,12 : 0.2302"
"12,0 : 0.2302"
"0,13 : 0.7333"
"13,0 : 0.7333"
"0,14 : 0.628"
"14,0 : 0.628"
"0,15 : 0.4804"
"15,0 : 0.4804"
"0,16 : 1.0121"
"16,0 : 1.0121"
"0,17 : 0.8792"
"17,0 : 0.8792"
"0,18 : 0.7725"
"18,0 : 0.7725"
"0,19 : 1.1187"
"19,0 : 1.1187"
"0,20 : 0.6466"
"20,0 : 0.6466"
"0,21 : 0.8873"
"21,0 : 0.8873"
"0,22 : 0.8228"
"22,0 : 0.8228"
"0,23 : 0.9276"
"23,0 : 0.9276"
"0,24 : 0.6989"
"24,0 : 0.6989"
"0,25 : 0.6046"
"25,0 : 0.6046"
"0,26 : 0.6053"
"26,0 : 0.6053"
"0,27 : 0.0922"
"27,0 : 0.0922"
"0,28 : 0.708"
"28,0 : 0.708"
"0,29 : 0.0412"
"29,0 : 0.0412"
"0,30 : 0.997"
"30,0 : 0.997"
"0,31 : 0.6801"
"31,0 : 0.6801"
"0,32 : 0.6447"
"32,0 : 0.6447"
"0,33 : 0.9492"
"33,0 : 0.9492"
"0,34 : 0.9135"
"34,0 : 0.9135"
"0,35 : 0.136"
"35,0 : 0.136"
"0,36 : 0.8659"
"36,0 : 0.8659"
"0,37 : 0.136"
"37,0 : 0.136"
"0,38 : 0.4016"
"38,0 : 0.4016"
"0,39 : 0.871"
"39,0 : 0.871"
"0,40 : 0.8605"
"40,0 : 0.8605"
"0,41 : 0.7083"
"41,0 : 0.7083"
"0,42 : 0.7513"
"42,0 : 0.7513"
"0,43 : 0.58"
"43,0 : 0.58"
"0,44 : 0.8406"
"44,0 : 0.8406"
"0,45 : 0.8543"
"45,0 : 0.8543"
"0,46 : 0.7245"
"46,0 : 0.7245"
"0,47 : 0.5142"
"47,0 : 0.5142"
"0,48 : 0.7354"
"48,0 : 0.7354"
"0,49 : 0.4528"
"49,0 : 0.4528"
"0,50 : 0.5261"
"50,0 : 0.5261"
"0,51 : 0.9476"
"51,0 : 0.9476"
"0,52 : 0.8548"
"52,0 : 0.8548"
"0,53 : 0.1612"
"53,0 : 0.1612"
"0,54 : 0.6592"
"54,0 : 0.6592"
"0,55 : 0.3985"
"55,0 : 0.3985"
"0,56 : 0.2138"
"56,0 : 0.2138"
"0,57 : 0.6908"
"57,0 : 0.6908"
"0,58 : 0.3253"
"58,0 : 0.3253"
"0,59 : 0.5371"
"59,0 : 0.5371"
"0,60 : 0.1709"
"60,0 : 0.1709"
"0,61 : 0.8376"
"61,0 : 0.8376"
"0,62 : 0.4295"
"62,0 : 0.4295"
"0,63 : 0.1697"
"63,0 : 0.1697"
"0,64 : 0.9904"
"64,0 : 0.9904"
"0,65 : 0.6546"
"65,0 : 0.6546"
"0,66 : 0.9265"
"66,0 : 0.9265"
"0,67 : 0.5192"
"67,0 : 0.5192"
"0,68 : 0.6301"
"68,0 : 0.6301"
"0,69 : 0.7118"
"69,0 : 0.7118"
"0,70 : 0.441"
"70,0 : 0.441"
"0,71 : 0.5263"
"71,0 : 0.5263"
"0,72 : 0.6297"
"72,0 : 0.6297"
"0,73 : 0.4801"
"73,0 : 0.4801"
"0,74 : 0.1334"
"74,0 : 0.1334"
"0,75 : 0.9048"
"75,0 : 0.9048"
"0,76 : 0.9972"
"76,0 : 0.9972"
"0,77 : 0.3833"
"77,0 : 0.3833"
"0,78 : 0.7903"
"78,0 : 0.7903"
"0,79 : 0.9572"
"79,0 : 0.9572"
"0,80 : 0.5166"
"80,0 : 0.5166"
"0,81 : 0.2625"
"81,0 : 0.2625"
"0,82 : 0.2773"
"82,0 : 0.2773"
"0,83 : 0.3912"
"83,0 : 0.3912"
"0,84 : 0.9027"
"84,0 : 0.9027"
"0,85 : 0.5797"
"85,0 : 0.5797"
"0,86 : 1.0424"
"86,0 : 1.0424"
"0,87 : 0.1265"
"87,0 : 0.1265"
"0,88 : 0.2961"
"88,0 : 0.2961"
"0,89 : 0.8215"
"89,0 : 0.8215"
"0,90 : 0.7398"
"90,0 : 0.7398"
"0,91 : 0.7217"
"91,0 : 0.7217"
"0,92 : 0.8287"
"92,0 : 0.8287"
"0,93 : 0.5099"
"93,0 : 0.5099"
"0,94 : 0.6307"
"94,0 : 0.6307"
"0,95 : 0.6161"
"95,0 : 0.6161"
"0,96 : 0.7161"
"96,0 : 0.7161"
"0,97 : 0.7529"
"97,0 : 0.7529"
"0,98 : 0.2617"
"98,0 : 0.2617"
"0,99 : 0.9823"
"99,0 : 0.9823"
"1,2 : 0.17"
"2,1 : 0.17"
"1,3 : 0.1942"
"3,1 : 0.1942"
"1,4 : 0.4838"
"4,1 : 0.4838"
"1,5 : 0.172"
"5,1 : 0.172"
"1,6 : 0.2602"
"6,1 : 0.2602"
"1,7 : 0.4665"
"7,1 : 0.4665"
"1,8 : 0.2309"
"8,1 : 0.2309"
"1,9 : 0.3158"
"9,1 : 0.3158"
"1,10 : 0.064"
"10,1 : 0.064"
"1,11 : 0.3406"
"11,1 : 0.3406"
"1,12 : 0.37"
"12,1 : 0.37"
"1,13 : 0.6227"
"13,1 : 0.6227"
"1,14 : 0.3401"
"14,1 : 0.3401"
"1,15 : 0.2941"
"15,1 : 0.2941"
"1,16 : 0.7374"
"16,1 : 0.7374"
"1,17 : 0.5951"
"17,1 : 0.5951"
"1,18 : 0.5315"
"18,1 : 0.5315"
"1,19 : 0.8184"
"19,1 : 0.8184"
"1,20 : 0.3536"
"20,1 : 0.3536"
"1,21 : 0.5908"
"21,1 : 0.5908"
"1,22 : 0.5515"
"22,1 : 0.5515"
"1,23 : 0.6224"
"23,1 : 0.6224"
"1,24 : 0.4701"
"24,1 : 0.4701"
"1,25 : 0.3002"
"25,1 : 0.3002"
"1,26 : 0.4401"
"26,1 : 0.4401"
"1,27 : 0.3231"
"27,1 : 0.3231"
"1,28 : 0.4022"
"28,1 : 0.4022"
"1,29 : 0.3397"
"29,1 : 0.3397"
"1,30 : 0.6935"
"30,1 : 0.6935"
"1,31 : 0.4617"
"31,1 : 0.4617"
"1,32 : 0.3569"
"32,1 : 0.3569"
"1,33 : 0.7206"
"33,1 : 0.7206"
"1,34 : 0.7376"
"34,1 : 0.7376"
"1,35 : 0.3298"
"35,1 : 0.3298"
"1,36 : 0.6003"
"36,1 : 0.6003"
"1,37 : 0.2088"
"37,1 : 0.2088"
"1,38 : 0.4159"
"38,1 : 0.4159"
"1,39 : 0.6619"
"39,1 : 0.6619"
"1,40 : 0.5544"
"40,1 : 0.5544"
"1,41 : 0.451"
"41,1 : 0.451"
"1,42 : 0.4903"
"42,1 : 0.4903"
"1,43 : 0.3895"
"43,1 : 0.3895"
"1,44 : 0.5608"
"44,1 : 0.5608"
"1,45 : 0.5608"
"45,1 : 0.5608"
"1,46 : 0.4901"
"46,1 : 0.4901"
"1,47 : 0.3324"
"47,1 : 0.3324"
"1,48 : 0.4491"
"48,1 : 0.4491"
"1,49 : 0.15"
"49,1 : 0.15"
"1,50 : 0.3008"
"50,1 : 0.3008"
"1,51 : 0.6438"
"51,1 : 0.6438"
"1,52 : 0.5554"
"52,1 : 0.5554"
"1,53 : 0.3239"
"53,1 : 0.3239"
"1,54 : 0.4177"
"54,1 : 0.4177"
"1,55 : 0.2247"
"55,1 : 0.2247"
"1,56 : 0.2807"
"56,1 : 0.2807"
"1,57 : 0.4061"
"57,1 : 0.4061"
"1,58 : 0.0412"
"58,1 : 0.0412"
"1,59 : 0.2404"
"59,1 : 0.2404"
"1,60 : 0.1825"
"60,1 : 0.1825"
"1,61 : 0.5554"
"61,1 : 0.5554"
"1,62 : 0.2746"
"62,1 : 0.2746"
"1,63 : 0.1389"
"63,1 : 0.1389"
"1,64 : 0.6888"
"64,1 : 0.6888"
"1,65 : 0.3734"
"65,1 : 0.3734"
"1,66 : 0.6227"
"66,1 : 0.6227"
"1,67 : 0.2648"
"67,1 : 0.2648"
"1,68 : 0.4383"
"68,1 : 0.4383"
"1,69 : 0.4904"
"69,1 : 0.4904"
"1,70 : 0.2561"
"70,1 : 0.2561"
"1,71 : 0.2766"
"71,1 : 0.2766"
"1,72 : 0.3265"
"72,1 : 0.3265"
"1,73 : 0.3701"
"73,1 : 0.3701"
"1,74 : 0.2766"
"74,1 : 0.2766"
"1,75 : 0.6637"
"75,1 : 0.6637"
"1,76 : 0.6931"
"76,1 : 0.6931"
"1,77 : 0.1581"
"77,1 : 0.1581"
"1,78 : 0.5757"
"78,1 : 0.5757"
"1,79 : 0.6537"
"79,1 : 0.6537"
"1,80 : 0.2126"
"80,1 : 0.2126"
"1,81 : 0.1709"
"81,1 : 0.1709"
"1,82 : 0.1342"
"82,1 : 0.1342"
"1,83 : 0.2663"
"83,1 : 0.2663"
"1,84 : 0.7301"
"84,1 : 0.7301"
"1,85 : 0.5376"
"85,1 : 0.5376"
"1,86 : 0.744"
"86,1 : 0.744"
"1,87 : 0.2594"
"87,1 : 0.2594"
"1,88 : 0.255"
"88,1 : 0.255"
"1,89 : 0.5188"
"89,1 : 0.5188"
"1,90 : 0.5532"
"90,1 : 0.5532"
"1,91 : 0.5"
"91,1 : 0.5"
"1,92 : 0.6413"
"92,1 : 0.6413"
"1,93 : 0.2052"
"93,1 : 0.2052"
"1,94 : 0.3812"
"94,1 : 0.3812"
"1,95 : 0.559"
"95,1 : 0.559"
"1,96 : 0.4105"
"96,1 : 0.4105"
"1,97 : 0.4469"
"97,1 : 0.4469"
"1,98 : 0.2214"
"98,1 : 0.2214"
"1,99 : 0.6762"
"99,1 : 0.6762"
"2,3 : 0.3225"
"3,2 : 0.3225"
"2,4 : 0.4604"
"4,2 : 0.4604"
"2,5 : 0.3041"
"5,2 : 0.3041"
"2,6 : 0.3053"
"6,2 : 0.3053"
"2,7 : 0.6185"
"7,2 : 0.6185"
"2,8 : 0.2746"
"8,2 : 0.2746"
"2,9 : 0.386"
"9,2 : 0.386"
"2,10 : 0.2159"
"10,2 : 0.2159"
"2,11 : 0.5104"
"11,2 : 0.5104"
"2,12 : 0.4072"
"12,2 : 0.4072"
"2,13 : 0.7747"
"13,2 : 0.7747"
"2,14 : 0.5"
"14,2 : 0.5"
"2,15 : 0.24"
"15,2 : 0.24"
"2,16 : 0.8984"
"16,2 : 0.8984"
"2,17 : 0.7527"
"17,2 : 0.7527"
"2,18 : 0.7011"
"18,2 : 0.7011"
"2,19 : 0.9572"
"19,2 : 0.9572"
"2,20 : 0.5092"
"20,2 : 0.5092"
"2,21 : 0.7379"
"21,2 : 0.7379"
"2,22 : 0.5887"
"22,2 : 0.5887"
"2,23 : 0.75"
"23,2 : 0.75"
"2,24 : 0.6401"
"24,2 : 0.6401"
"2,25 : 0.4123"
"25,2 : 0.4123"
"2,26 : 0.6017"
"26,2 : 0.6017"
"2,27 : 0.3041"
"27,2 : 0.3041"
"2,28 : 0.5186"
"28,2 : 0.5186"
"2,29 : 0.2571"
"29,2 : 0.2571"
"2,30 : 0.8266"
"30,2 : 0.8266"
"2,31 : 0.6313"
"31,2 : 0.6313"
"2,32 : 0.4244"
"32,2 : 0.4244"
"2,33 : 0.8905"
"33,2 : 0.8905"
"2,34 : 0.9043"
"34,2 : 0.9043"
"2,35 : 0.3324"
"35,2 : 0.3324"
"2,36 : 0.6294"
"36,2 : 0.6294"
"2,37 : 0.2283"
"37,2 : 0.2283"
"2,38 : 0.5162"
"38,2 : 0.5162"
"2,39 : 0.8315"
"39,2 : 0.8315"
"2,40 : 0.6748"
"40,2 : 0.6748"
"2,41 : 0.4713"
"41,2 : 0.4713"
"2,42 : 0.6576"
"42,2 : 0.6576"
"2,43 : 0.3406"
"43,2 : 0.3406"
"2,44 : 0.7212"
"44,2 : 0.7212"
"2,45 : 0.7118"
"45,2 : 0.7118"
"2,46 : 0.6601"
"46,2 : 0.6601"
"2,47 : 0.4948"
"47,2 : 0.4948"
"2,48 : 0.5111"
"48,2 : 0.5111"
"2,49 : 0.3036"
"49,2 : 0.3036"
"2,50 : 0.2864"
"50,2 : 0.2864"
"2,51 : 0.7767"
"51,2 : 0.7767"
"2,52 : 0.642"
"52,2 : 0.642"
"2,53 : 0.3418"
"53,2 : 0.3418"
"2,54 : 0.4198"
"54,2 : 0.4198"
"2,55 : 0.3795"
"55,2 : 0.3795"
"2,56 : 0.3384"
"56,2 : 0.3384"
"2,57 : 0.4665"
"57,2 : 0.4665"
"2,58 : 0.2102"
"58,2 : 0.2102"
"2,59 : 0.3324"
"59,2 : 0.3324"
"2,60 : 0.228"
"60,2 : 0.228"
"2,61 : 0.7147"
"61,2 : 0.7147"
"2,62 : 0.4272"
"62,2 : 0.4272"
"2,63 : 0.1562"
"63,2 : 0.1562"
"2,64 : 0.8268"
"64,2 : 0.8268"
"2,65 : 0.536"
"65,2 : 0.536"
"2,66 : 0.7225"
"66,2 : 0.7225"
"2,67 : 0.2864"
"67,2 : 0.2864"
"2,68 : 0.3912"
"68,2 : 0.3912"
"2,69 : 0.471"
"69,2 : 0.471"
"2,70 : 0.2002"
"70,2 : 0.2002"
"2,71 : 0.2915"
"71,2 : 0.2915"
"2,72 : 0.4319"
"72,2 : 0.4319"
"2,73 : 0.5143"
"73,2 : 0.5143"
"2,74 : 0.2915"
"74,2 : 0.2915"
"2,75 : 0.8329"
"75,2 : 0.8329"
"2,76 : 0.8242"
"76,2 : 0.8242"
"2,77 : 0.1526"
"77,2 : 0.1526"
"2,78 : 0.55"
"78,2 : 0.55"
"2,79 : 0.7517"
"79,2 : 0.7517"
"2,80 : 0.3585"
"80,2 : 0.3585"
"2,81 : 0.2802"
"81,2 : 0.2802"
"2,82 : 0.2594"
"82,2 : 0.2594"
"2,83 : 0.1581"
"83,2 : 0.1581"
"2,84 : 0.8963"
"84,2 : 0.8963"
"2,85 : 0.6661"
"85,2 : 0.6661"
"2,86 : 0.8868"
"86,2 : 0.8868"
"2,87 : 0.1342"
"87,2 : 0.1342"
"2,88 : 0.0943"
"88,2 : 0.0943"
"2,89 : 0.6162"
"89,2 : 0.6162"
"2,90 : 0.7201"
"90,2 : 0.7201"
"2,91 : 0.4809"
"91,2 : 0.4809"
"2,92 : 0.8089"
"92,2 : 0.8089"
"2,93 : 0.3493"
"93,2 : 0.3493"
"2,94 : 0.5508"
"94,2 : 0.5508"
"2,95 : 0.6934"
"95,2 : 0.6934"
"2,96 : 0.525"
"96,2 : 0.525"
"2,97 : 0.572"
"97,2 : 0.572"
"2,98 : 0.3189"
"98,2 : 0.3189"
"2,99 : 0.7931"
"99,2 : 0.7931"
"3,4 : 0.397"
"4,3 : 0.397"
"3,5 : 0.3002"
"5,3 : 0.3002"
"3,6 : 0.4368"
"6,3 : 0.4368"
"3,7 : 0.4941"
"7,3 : 0.4941"
"3,8 : 0.1476"
"8,3 : 0.1476"
"3,9 : 0.4727"
"9,3 : 0.4727"
"3,10 : 0.2214"
"10,3 : 0.2214"
"3,11 : 0.2693"
"11,3 : 0.2693"
"3,12 : 0.5413"
"12,3 : 0.5413"
"3,13 : 0.637"
"13,3 : 0.637"
"3,14 : 0.201"
"14,3 : 0.201"
"3,15 : 0.2912"
"15,3 : 0.2912"
"3,16 : 0.5886"
"16,3 : 0.5886"
"3,17 : 0.4393"
"17,3 : 0.4393"
"3,18 : 0.4368"
"18,3 : 0.4368"
"3,19 : 0.6351"
"19,3 : 0.6351"
"3,20 : 0.2002"
"20,3 : 0.2002"
"3,21 : 0.4163"
"21,3 : 0.4163"
"3,22 : 0.3962"
"22,3 : 0.3962"
"3,23 : 0.4319"
"23,3 : 0.4319"
"3,24 : 0.3981"
"24,3 : 0.3981"
"3,25 : 0.1077"
"25,3 : 0.1077"
"3,26 : 0.4386"
"26,3 : 0.4386"
"3,27 : 0.5143"
"27,3 : 0.5143"
"3,28 : 0.2081"
"28,3 : 0.2081"
"3,29 : 0.5326"
"29,3 : 0.5326"
"3,30 : 0.5061"
"30,3 : 0.5061"
"3,31 : 0.4031"
"31,3 : 0.4031"
"3,32 : 0.1942"
"32,3 : 0.1942"
"3,33 : 0.6237"
"33,3 : 0.6237"
"3,34 : 0.6888"
"34,3 : 0.6888"
"3,35 : 0.5162"
"35,3 : 0.5162"
"3,36 : 0.4491"
"36,3 : 0.4491"
"3,37 : 0.3981"
"37,3 : 0.3981"
"3,38 : 0.536"
"38,3 : 0.536"
"3,39 : 0.5887"
"39,3 : 0.5887"
"3,40 : 0.3612"
"40,3 : 0.3612"
"3,41 : 0.322"
"41,3 : 0.322"
"3,42 : 0.3748"
"42,3 : 0.3748"
"3,43 : 0.3499"
"43,3 : 0.3499"
"3,44 : 0.413"
"44,3 : 0.413"
"3,45 : 0.3922"
"45,3 : 0.3922"
"3,46 : 0.4085"
"46,3 : 0.4085"
"3,47 : 0.3441"
"47,3 : 0.3441"
"3,48 : 0.2807"
"48,3 : 0.2807"
"3,49 : 0.0707"
"49,3 : 0.0707"
"3,50 : 0.2506"
"50,3 : 0.2506"
"3,51 : 0.4561"
"51,3 : 0.4561"
"3,52 : 0.3669"
"52,3 : 0.3669"
"3,53 : 0.506"
"53,3 : 0.506"
"3,54 : 0.314"
"54,3 : 0.314"
"3,55 : 0.2912"
"55,3 : 0.2912"
"3,56 : 0.4491"
"56,3 : 0.4491"
"3,57 : 0.2433"
"57,3 : 0.2433"
"3,58 : 0.1838"
"58,3 : 0.1838"
"3,59 : 0.0806"
"59,3 : 0.0806"
"3,60 : 0.3677"
"60,3 : 0.3677"
"3,61 : 0.4045"
"61,3 : 0.4045"
"3,62 : 0.3324"
"62,3 : 0.3324"
"3,63 : 0.3329"
"63,3 : 0.3329"
"3,64 : 0.5048"
"64,3 : 0.5048"
"3,65 : 0.2419"
"65,3 : 0.2419"
"3,66 : 0.4294"
"66,3 : 0.4294"
"3,67 : 0.1887"
"67,3 : 0.1887"
"3,68 : 0.386"
"68,3 : 0.386"
"3,69 : 0.3982"
"69,3 : 0.3982"
"3,70 : 0.2729"
"70,3 : 0.2729"
"3,71 : 0.2025"
"71,3 : 0.2025"
"3,72 : 0.136"
"72,3 : 0.136"
"3,73 : 0.4295"
"73,3 : 0.4295"
"3,74 : 0.4624"
"74,3 : 0.4624"
"3,75 : 0.5573"
"75,3 : 0.5573"
"3,76 : 0.5045"
"76,3 : 0.5045"
"3,77 : 0.2022"
"77,3 : 0.2022"
"3,78 : 0.4801"
"78,3 : 0.4801"
"3,79 : 0.4607"
"79,3 : 0.4607"
"3,80 : 0.0539"
"80,3 : 0.0539"
"3,81 : 0.3239"
"81,3 : 0.3239"
"3,82 : 0.2844"
"82,3 : 0.2844"
"3,83 : 0.3302"
"83,3 : 0.3302"
"3,84 : 0.6848"
"84,3 : 0.6848"
"3,85 : 0.6084"
"85,3 : 0.6084"
"3,86 : 0.5644"
"86,3 : 0.5644"
"3,87 : 0.4405"
"87,3 : 0.4405"
"3,88 : 0.3764"
"88,3 : 0.3764"
"3,89 : 0.327"
"89,3 : 0.327"
"3,90 : 0.5131"
"90,3 : 0.5131"
"3,91 : 0.4061"
"91,3 : 0.4061"
"3,92 : 0.5906"
"92,3 : 0.5906"
"3,93 : 0.0447"
"93,3 : 0.0447"
"3,94 : 0.2997"
"94,3 : 0.2997"
"3,95 : 0.6177"
"95,3 : 0.6177"
"3,96 : 0.2163"
"96,3 : 0.2163"
"3,97 : 0.2546"
"97,3 : 0.2546"
"3,98 : 0.3722"
"98,3 : 0.3722"
"3,99 : 0.4827"
"99,3 : 0.4827"
"4,5 : 0.65"
"5,4 : 0.65"
"4,6 : 0.7335"
"6,4 : 0.7335"
"4,7 : 0.8902"
"7,4 : 0.8902"
"4,8 : 0.2642"
"8,4 : 0.2642"
"4,9 : 0.7981"
"9,4 : 0.7981"
"4,10 : 0.5442"
"10,4 : 0.5442"
"4,11 : 0.6586"
"11,4 : 0.6586"
"4,12 : 0.8434"
"12,4 : 0.8434"
"4,13 : 1.0339"
"13,4 : 1.0339"
"4,14 : 0.5604"
"14,4 : 0.5604"
"4,15 : 0.2209"
"15,4 : 0.2209"
"4,16 : 0.8635"
"16,4 : 0.8635"
"4,17 : 0.7212"
"17,4 : 0.7212"
"4,18 : 0.7992"
"18,4 : 0.7992"
"4,19 : 0.7916"
"19,4 : 0.7916"
"4,20 : 0.5438"
"20,4 : 0.5438"
"4,21 : 0.6531"
"21,4 : 0.6531"
"4,22 : 0.2102"
"22,4 : 0.2102"
"4,23 : 0.5801"
"23,4 : 0.5801"
"4,24 : 0.778"
"24,4 : 0.778"
"4,25 : 0.3606"
"25,4 : 0.3606"
"4,26 : 0.8355"
"26,4 : 0.8355"
"4,27 : 0.7606"
"27,4 : 0.7606"
"4,28 : 0.4016"
"28,4 : 0.4016"
"4,29 : 0.7145"
"29,4 : 0.7145"
"4,30 : 0.6601"
"30,4 : 0.6601"
"4,31 : 0.7887"
"31,4 : 0.7887"
"4,32 : 0.246"
"32,4 : 0.246"
"4,33 : 0.9705"
"33,4 : 0.9705"
"4,34 : 1.0683"
"34,4 : 1.0683"
"4,35 : 0.7831"
"35,4 : 0.7831"
"4,36 : 0.2202"
"36,4 : 0.2202"
"4,37 : 0.6661"
"37,4 : 0.6661"
"4,38 : 0.8969"
"38,4 : 0.8969"
"4,39 : 0.9572"
"39,4 : 0.9572"
"4,40 : 0.5009"
"40,4 : 0.5009"
"4,41 : 0.1204"
"41,4 : 0.1204"
"4,42 : 0.7256"
"42,4 : 0.7256"
"4,43 : 0.1265"
"43,4 : 0.1265"
"4,44 : 0.7151"
"44,4 : 0.7151"
"4,45 : 0.6525"
"45,4 : 0.6525"
"4,46 : 0.7824"
"46,4 : 0.7824"
"4,47 : 0.7403"
"47,4 : 0.7403"
"4,48 : 0.2408"
"48,4 : 0.2408"
"4,49 : 0.458"
"49,4 : 0.458"
"4,50 : 0.1844"
"50,4 : 0.1844"
"4,51 : 0.6203"
"51,4 : 0.6203"
"4,52 : 0.3734"
"52,4 : 0.3734"
"4,53 : 0.7864"
"53,4 : 0.7864"
"4,54 : 0.086"
"54,4 : 0.086"
"4,55 : 0.6723"
"55,4 : 0.6723"
"4,56 : 0.7593"
"56,4 : 0.7593"
"4,57 : 0.228"
"57,4 : 0.228"
"4,58 : 0.507"
"58,4 : 0.507"
"4,59 : 0.3183"
"59,4 : 0.3183"
"4,60 : 0.6512"
"60,4 : 0.6512"
"4,61 : 0.7023"
"61,4 : 0.7023"
"4,62 : 0.7187"
"62,4 : 0.7187"
"4,63 : 0.5855"
"63,4 : 0.5855"
"4,64 : 0.6803"
"64,4 : 0.6803"
"4,65 : 0.5991"
"65,4 : 0.5991"
"4,66 : 0.4669"
"66,4 : 0.4669"
"4,67 : 0.2236"
"67,4 : 0.2236"
"4,68 : 0.086"
"68,4 : 0.086"
"4,69 : 0.0141"
"69,4 : 0.0141"
"4,70 : 0.2602"
"70,4 : 0.2602"
"4,71 : 0.2102"
"71,4 : 0.2102"
"4,72 : 0.3448"
"72,4 : 0.3448"
"4,73 : 0.8184"
"73,4 : 0.8184"
"4,74 : 0.7355"
"74,4 : 0.7355"
"4,75 : 0.899"
"75,4 : 0.899"
"4,76 : 0.6503"
"76,4 : 0.6503"
"4,77 : 0.3354"
"77,4 : 0.3354"
"4,78 : 0.0922"
"78,4 : 0.0922"
"4,79 : 0.4827"
"79,4 : 0.4827"
"4,80 : 0.4455"
"80,4 : 0.4455"
"4,81 : 0.6546"
"81,4 : 0.6546"
"4,82 : 0.6168"
"82,4 : 0.6168"
"4,83 : 0.3178"
"83,4 : 0.3178"
"4,84 : 1.0661"
"84,4 : 1.0661"
"4,85 : 0.9964"
"85,4 : 0.9964"
"4,86 : 0.7503"
"86,4 : 0.7503"
"4,87 : 0.5855"
"87,4 : 0.5855"
"4,88 : 0.422"
"88,4 : 0.422"
"4,89 : 0.39"
"89,4 : 0.39"
"4,90 : 0.9014"
"90,4 : 0.9014"
"4,91 : 0.0224"
"91,4 : 0.0224"
"4,92 : 0.972"
"92,4 : 0.972"
"4,93 : 0.4386"
"93,4 : 0.4386"
"4,94 : 0.6825"
"94,4 : 0.6825"
"4,95 : 1.0096"
"95,4 : 1.0096"
"4,96 : 0.3985"
"96,4 : 0.3985"
"4,97 : 0.4561"
"97,4 : 0.4561"
"4,98 : 0.7052"
"98,4 : 0.7052"
"4,99 : 0.5743"
"99,4 : 0.5743"
"5,6 : 0.1628"
"6,5 : 0.1628"
"5,7 : 0.3162"
"7,5 : 0.3162"
"5,8 : 0.389"
"8,5 : 0.389"
"5,9 : 0.1746"
"9,5 : 0.1746"
"5,10 : 0.1082"
"10,5 : 0.1082"
"5,11 : 0.2884"
"11,5 : 0.2884"
"5,12 : 0.2508"
"12,5 : 0.2508"
"5,13 : 0.4717"
"13,5 : 0.4717"
"5,14 : 0.35"
"14,5 : 0.35"
"5,15 : 0.4662"
"15,5 : 0.4662"
"5,16 : 0.7128"
"16,5 : 0.7128"
"5,17 : 0.588"
"17,5 : 0.588"
"5,18 : 0.4662"
"18,5 : 0.4662"
"5,19 : 0.845"
"19,5 : 0.845"
"5,20 : 0.3744"
"20,5 : 0.3744"
"5,21 : 0.6107"
"21,5 : 0.6107"
"5,22 : 0.6926"
"22,5 : 0.6926"
"5,23 : 0.676"
"23,5 : 0.676"
"5,24 : 0.3922"
"24,5 : 0.3922"
"5,25 : 0.4031"
"25,5 : 0.4031"
"5,26 : 0.3106"
"26,5 : 0.3106"
"5,27 : 0.272"
"27,5 : 0.272"
"5,28 : 0.4876"
"28,5 : 0.4876"
"5,29 : 0.3479"
"29,5 : 0.3479"
"5,30 : 0.735"
"30,5 : 0.735"
"5,31 : 0.3736"
"31,5 : 0.3736"
"5,32 : 0.4909"
"32,5 : 0.4909"
"5,33 : 0.6429"
"33,5 : 0.6429"
"5,34 : 0.6203"
"34,5 : 0.6203"
"5,35 : 0.2546"
"35,5 : 0.2546"
"5,36 : 0.7443"
"36,5 : 0.7443"
"5,37 : 0.1709"
"37,5 : 0.1709"
"5,38 : 0.247"
"38,5 : 0.247"
"5,39 : 0.5672"
"39,5 : 0.5672"
"5,40 : 0.6224"
"40,5 : 0.6224"
"5,41 : 0.6042"
"41,5 : 0.6042"
"5,42 : 0.4494"
"42,5 : 0.4494"
"5,43 : 0.5608"
"43,5 : 0.5608"
"5,44 : 0.5467"
"44,5 : 0.5467"
"5,45 : 0.5738"
"45,5 : 0.5738"
"5,46 : 0.4179"
"46,5 : 0.4179"
"5,47 : 0.211"
"47,5 : 0.211"
"5,48 : 0.5801"
"48,5 : 0.5801"
"5,49 : 0.2309"
"49,5 : 0.2309"
"5,50 : 0.4696"
"50,5 : 0.4696"
"5,51 : 0.688"
"51,5 : 0.688"
"5,52 : 0.661"
"52,5 : 0.661"
"5,53 : 0.2343"
"53,5 : 0.2343"
"5,54 : 0.5787"
"54,5 : 0.5787"
"5,55 : 0.0922"
"55,5 : 0.0922"
"5,56 : 0.1612"
"56,5 : 0.1612"
"5,57 : 0.5408"
"57,5 : 0.5408"
"5,58 : 0.1432"
"58,5 : 0.1432"
"5,59 : 0.3712"
"59,5 : 0.3712"
"5,60 : 0.136"
"60,5 : 0.136"
"5,61 : 0.5456"
"61,5 : 0.5456"
"5,62 : 0.1304"
"62,5 : 0.1304"
"5,63 : 0.1712"
"63,5 : 0.1712"
"5,64 : 0.722"
"64,5 : 0.722"
"5,65 : 0.368"
"65,5 : 0.368"
"5,66 : 0.7117"
"66,5 : 0.7117"
"5,67 : 0.4272"
"67,5 : 0.4272"
"5,68 : 0.609"
"68,5 : 0.609"
"5,69 : 0.6555"
"69,5 : 0.6555"
"5,70 : 0.428"
"70,5 : 0.428"
"5,71 : 0.4401"
"71,5 : 0.4401"
"5,72 : 0.4329"
"72,5 : 0.4329"
"5,73 : 0.2102"
"73,5 : 0.2102"
"5,74 : 0.2062"
"74,5 : 0.2062"
"5,75 : 0.5981"
"75,5 : 0.5981"
"5,76 : 0.7378"
"76,5 : 0.7378"
"5,77 : 0.3302"
"77,5 : 0.3302"
"5,78 : 0.7409"
"78,5 : 0.7409"
"5,79 : 0.7433"
"79,5 : 0.7433"
"5,80 : 0.2864"
"80,5 : 0.2864"
"5,81 : 0.0447"
"81,5 : 0.0447"
"5,82 : 0.0447"
"82,5 : 0.0447"
"5,83 : 0.4319"
"83,5 : 0.4319"
"5,84 : 0.6107"
"84,5 : 0.6107"
"5,85 : 0.368"
"85,5 : 0.368"
"5,86 : 0.7658"
"86,5 : 0.7658"
"5,87 : 0.3306"
"87,5 : 0.3306"
"5,88 : 0.3982"
"88,5 : 0.3982"
"5,89 : 0.6161"
"89,5 : 0.6161"
"5,90 : 0.4405"
"90,5 : 0.4405"
"5,91 : 0.6648"
"91,5 : 0.6648"
"5,92 : 0.5304"
"92,5 : 0.5304"
"5,93 : 0.2844"
"93,5 : 0.2844"
"5,94 : 0.3276"
"94,5 : 0.3276"
"5,95 : 0.392"
"95,5 : 0.392"
"5,96 : 0.4973"
"96,5 : 0.4973"
"5,97 : 0.5162"
"97,5 : 0.5162"
"5,98 : 0.0762"
"98,5 : 0.0762"
"5,99 : 0.7425"
"99,5 : 0.7425"
"6,7 : 0.4105"
"7,6 : 0.4105"
"6,8 : 0.4901"
"8,6 : 0.4901"
"6,9 : 0.086"
"9,6 : 0.086"
"6,10 : 0.2159"
"10,6 : 0.2159"
"6,11 : 0.4482"
"11,6 : 0.4482"
"6,12 : 0.1105"
"12,6 : 0.1105"
"6,13 : 0.5523"
"13,6 : 0.5523"
"6,14 : 0.5122"
"14,6 : 0.5122"
"6,15 : 0.525"
"15,6 : 0.525"
"6,16 : 0.872"
"16,6 : 0.872"
"6,17 : 0.7501"
"17,6 : 0.7501"
"6,18 : 0.6177"
"18,6 : 0.6177"
"6,19 : 1.0077"
"19,6 : 1.0077"
"6,20 : 0.536"
"20,6 : 0.536"
"6,21 : 0.7734"
"21,6 : 0.7734"
"6,22 : 0.8115"
"22,6 : 0.8115"
"6,23 : 0.8353"
"23,6 : 0.8353"
"6,24 : 0.5412"
"24,6 : 0.5412"
"6,25 : 0.5441"
"25,6 : 0.5441"
"6,26 : 0.4317"
"26,6 : 0.4317"
"6,27 : 0.117"
"27,6 : 0.117"
"6,28 : 0.6369"
"28,6 : 0.6369"
"6,29 : 0.2202"
"29,6 : 0.2202"
"6,30 : 0.8963"
"30,6 : 0.8963"
"6,31 : 0.5189"
"31,6 : 0.5189"
"6,32 : 0.6152"
"32,6 : 0.6152"
"6,33 : 0.7855"
"33,6 : 0.7855"
"6,34 : 0.7368"
"34,6 : 0.7368"
"6,35 : 0.0922"
"35,6 : 0.0922"
"6,36 : 0.8605"
"36,6 : 0.8605"
"6,37 : 0.0781"
"37,6 : 0.0781"
"6,38 : 0.2283"
"38,6 : 0.2283"
"6,39 : 0.7021"
"39,6 : 0.7021"
"6,40 : 0.7783"
"40,6 : 0.7783"
"6,41 : 0.7103"
"41,6 : 0.7103"
"6,42 : 0.608"
"42,6 : 0.608"
"6,43 : 0.6264"
"43,6 : 0.6264"
"6,44 : 0.7084"
"44,6 : 0.7084"
"6,45 : 0.7366"
"45,6 : 0.7366"
"6,46 : 0.5682"
"46,6 : 0.5682"
"6,47 : 0.3493"
"47,6 : 0.3493"
"6,48 : 0.7071"
"48,6 : 0.7071"
"6,49 : 0.3734"
"49,6 : 0.3734"
"6,50 : 0.5492"
"50,6 : 0.5492"
"6,51 : 0.8488"
"51,6 : 0.8488"
"6,52 : 0.8036"
"52,6 : 0.8036"
"6,53 : 0.0721"
"53,6 : 0.0721"
"6,54 : 0.6736"
"54,6 : 0.6736"
"6,55 : 0.2441"
"55,6 : 0.2441"
"6,56 : 0.0361"
"56,6 : 0.0361"
"6,57 : 0.6648"
"57,6 : 0.6648"
"6,58 : 0.255"
"58,6 : 0.255"
"6,59 : 0.4965"
"59,6 : 0.4965"
"6,60 : 0.0825"
"60,6 : 0.0825"
"6,61 : 0.7077"
"61,6 : 0.7077"
"6,62 : 0.264"
"62,6 : 0.264"
"6,63 : 0.1523"
"63,6 : 0.1523"
"6,64 : 0.8841"
"64,6 : 0.8841"
"6,65 : 0.5308"
"65,6 : 0.5308"
"6,66 : 0.8616"
"66,6 : 0.8616"
"6,67 : 0.5215"
"67,6 : 0.5215"
"6,68 : 0.6772"
"68,6 : 0.6772"
"6,69 : 0.7415"
"69,6 : 0.7415"
"6,70 : 0.4838"
"70,6 : 0.4838"
"6,71 : 0.5324"
"71,6 : 0.5324"
"6,72 : 0.5728"
"72,6 : 0.5728"
"6,73 : 0.3015"
"73,6 : 0.3015"
"6,74 : 0.051"
"74,6 : 0.051"
"6,75 : 0.7469"
"75,6 : 0.7469"
"6,76 : 0.8987"
"76,6 : 0.8987"
"6,77 : 0.3981"
"77,6 : 0.3981"
"6,78 : 0.8257"
"78,6 : 0.8257"
"6,79 : 0.8932"
"79,6 : 0.8932"
"6,80 : 0.4346"
"80,6 : 0.4346"
"6,81 : 0.1221"
"81,6 : 0.1221"
"6,82 : 0.1565"
"82,6 : 0.1565"
"6,83 : 0.4607"
"83,6 : 0.4607"
"6,84 : 0.7256"
"84,6 : 0.7256"
"6,85 : 0.4016"
"85,6 : 0.4016"
"6,86 : 0.9285"
"86,6 : 0.9285"
"6,87 : 0.2608"
"87,6 : 0.2608"
"6,88 : 0.392"
"88,6 : 0.392"
"6,89 : 0.7622"
"89,6 : 0.7622"
"6,90 : 0.5675"
"90,6 : 0.5675"
"6,91 : 0.7513"
"91,6 : 0.7513"
"6,92 : 0.6551"
"92,6 : 0.6551"
"6,93 : 0.4308"
"93,6 : 0.4308"
"6,94 : 0.486"
"94,6 : 0.486"
"6,95 : 0.4368"
"95,6 : 0.4368"
"6,96 : 0.6462"
"96,6 : 0.6462"
"6,97 : 0.6708"
"97,6 : 0.6708"
"6,98 : 0.0943"
"98,6 : 0.0943"
"6,99 : 0.8994"
"99,6 : 0.8994"
"7,8 : 0.6303"
"8,7 : 0.6303"
"7,9 : 0.3471"
"9,7 : 0.3471"
"7,10 : 0.4071"
"10,7 : 0.4071"
"7,11 : 0.2668"
"11,7 : 0.2668"
"7,12 : 0.4206"
"12,7 : 0.4206"
"7,13 : 0.1565"
"13,7 : 0.1565"
"7,14 : 0.3905"
"14,7 : 0.3905"
"7,15 : 0.7452"
"15,7 : 0.7452"
"7,16 : 0.578"
"16,7 : 0.578"
"7,17 : 0.5096"
"17,7 : 0.5096"
"7,18 : 0.3087"
"18,7 : 0.3087"
"7,19 : 0.7875"
"19,7 : 0.7875"
"7,20 : 0.4198"
"20,7 : 0.4198"
"7,21 : 0.5771"
"21,7 : 0.5771"
"7,22 : 0.8682"
"22,7 : 0.8682"
"7,23 : 0.6907"
"23,7 : 0.6907"
"7,24 : 0.2404"
"24,7 : 0.2404"
"7,25 : 0.559"
"25,7 : 0.559"
"7,26 : 0.0806"
"26,7 : 0.0806"
"7,27 : 0.5235"
"27,7 : 0.5235"
"7,28 : 0.5948"
"28,7 : 0.5948"
"7,29 : 0.6301"
"29,7 : 0.6301"
"7,30 : 0.7185"
"30,7 : 0.7185"
"7,31 : 0.2088"
"31,7 : 0.2088"
"7,32 : 0.676"
"32,7 : 0.676"
"7,33 : 0.4187"
"33,7 : 0.4187"
"7,34 : 0.3298"
"34,7 : 0.3298"
"7,35 : 0.4866"
"35,7 : 0.4866"
"7,36 : 0.922"
"36,7 : 0.922"
"7,37 : 0.4617"
"37,7 : 0.4617"
"7,38 : 0.247"
"38,7 : 0.247"
"7,39 : 0.322"
"39,7 : 0.322"
"7,40 : 0.6719"
"40,7 : 0.6719"
"7,41 : 0.813"
"41,7 : 0.813"
"7,42 : 0.3493"
"42,7 : 0.3493"
"7,43 : 0.8273"
"43,7 : 0.8273"
"7,44 : 0.4657"
"44,7 : 0.4657"
"7,45 : 0.536"
"45,7 : 0.536"
"7,46 : 0.2657"
"46,7 : 0.2657"
"7,47 : 0.15"
"47,7 : 0.15"
"7,48 : 0.7473"
"48,7 : 0.7473"
"7,49 : 0.4328"
"49,7 : 0.4328"
"7,50 : 0.7284"
"50,7 : 0.7284"
"7,51 : 0.6836"
"51,7 : 0.6836"
"7,52 : 0.7713"
"52,7 : 0.7713"
"7,53 : 0.4571"
"53,7 : 0.4571"
"7,54 : 0.808"
"54,7 : 0.808"
"7,55 : 0.2419"
"55,7 : 0.2419"
"7,56 : 0.3821"
"56,7 : 0.3821"
"7,57 : 0.7201"
"57,7 : 0.7201"
"7,58 : 0.4272"
"58,7 : 0.4272"
"7,59 : 0.5743"
"59,7 : 0.5743"
"7,60 : 0.4342"
"60,7 : 0.4342"
"7,61 : 0.473"
"61,7 : 0.473"
"7,62 : 0.1924"
"62,7 : 0.1924"
"7,63 : 0.4851"
"63,7 : 0.4851"
"7,64 : 0.6923"
"64,7 : 0.6923"
"7,65 : 0.3734"
"65,7 : 0.3734"
"7,66 : 0.7852"
"66,7 : 0.7852"
"7,67 : 0.6727"
"67,7 : 0.6727"
"7,68 : 0.87"
"68,7 : 0.87"
"7,69 : 0.892"
"69,7 : 0.892"
"7,70 : 0.7122"
"70,7 : 0.7122"
"7,71 : 0.6868"
"71,7 : 0.6868"
"7,72 : 0.586"
"72,7 : 0.586"
"7,73 : 0.1105"
"73,7 : 0.1105"
"7,74 : 0.461"
"74,7 : 0.461"
"7,75 : 0.4046"
"75,7 : 0.4046"
"7,76 : 0.7269"
"76,7 : 0.7269"
"7,77 : 0.614"
"77,7 : 0.614"
"7,78 : 0.9742"
"78,7 : 0.9742"
"7,79 : 0.8139"
"79,7 : 0.8139"
"7,80 : 0.4494"
"80,7 : 0.4494"
"7,81 : 0.3493"
"81,7 : 0.3493"
"7,82 : 0.3606"
"82,7 : 0.3606"
"7,83 : 0.7325"
"83,7 : 0.7325"
"7,84 : 0.3178"
"84,7 : 0.3178"
"7,85 : 0.153"
"85,7 : 0.153"
"7,86 : 0.7088"
"86,7 : 0.7088"
"7,87 : 0.6413"
"87,7 : 0.6413"
"7,88 : 0.7118"
"88,7 : 0.7118"
"7,89 : 0.7181"
"89,7 : 0.7181"
"7,90 : 0.1844"
"90,7 : 0.1844"
"7,91 : 0.9"
"91,7 : 0.9"
"7,92 : 0.2594"
"92,7 : 0.2594"
"7,93 : 0.4549"
"93,7 : 0.4549"
"7,94 : 0.2707"
"94,7 : 0.2707"
"7,95 : 0.1404"
"95,7 : 0.1404"
"7,96 : 0.6044"
"96,7 : 0.6044"
"7,97 : 0.5903"
"97,7 : 0.5903"
"7,98 : 0.3314"
"98,7 : 0.3314"
"7,99 : 0.7703"
"99,7 : 0.7703"
"8,9 : 0.5459"
"9,8 : 0.5459"
"8,10 : 0.2864"
"10,8 : 0.2864"
"8,11 : 0.4168"
"11,8 : 0.4168"
"8,12 : 0.6003"
"12,8 : 0.6003"
"8,13 : 0.7779"
"13,8 : 0.7779"
"8,14 : 0.3421"
"14,8 : 0.3421"
"8,15 : 0.1503"
"15,8 : 0.1503"
"8,16 : 0.7106"
"16,8 : 0.7106"
"8,17 : 0.5604"
"17,8 : 0.5604"
"8,18 : 0.5819"
"18,8 : 0.5819"
"8,19 : 0.7169"
"19,8 : 0.7169"
"8,20 : 0.3354"
"20,8 : 0.3354"
"8,21 : 0.5197"
"21,8 : 0.5197"
"8,22 : 0.3256"
"22,8 : 0.3256"
"8,23 : 0.5009"
"23,8 : 0.5009"
"8,24 : 0.5456"
"24,8 : 0.5456"
"8,25 : 0.1726"
"25,8 : 0.1726"
"8,26 : 0.5805"
"26,8 : 0.5805"
"8,27 : 0.5394"
"27,8 : 0.5394"
"8,28 : 0.2693"
"28,8 : 0.2693"
"8,29 : 0.5239"
"29,8 : 0.5239"
"8,30 : 0.5818"
"30,8 : 0.5818"
"8,31 : 0.5507"
"31,8 : 0.5507"
"8,32 : 0.15"
"32,8 : 0.15"
"8,33 : 0.7666"
"33,8 : 0.7666"
"8,34 : 0.8365"
"34,8 : 0.8365"
"8,35 : 0.5533"
"35,8 : 0.5533"
"8,36 : 0.3722"
"36,8 : 0.3722"
"8,37 : 0.4319"
"37,8 : 0.4319"
"8,38 : 0.6357"
"38,8 : 0.6357"
"8,39 : 0.7354"
"39,8 : 0.7354"
"8,40 : 0.4206"
"40,8 : 0.4206"
"8,41 : 0.2202"
"41,8 : 0.2202"
"8,42 : 0.5166"
"42,8 : 0.5166"
"8,43 : 0.2025"
"43,8 : 0.2025"
"8,44 : 0.5404"
"44,8 : 0.5404"
"8,45 : 0.5036"
"45,8 : 0.5036"
"8,46 : 0.5554"
"46,8 : 0.5554"
"8,47 : 0.481"
"47,8 : 0.481"
"8,48 : 0.2371"
"48,8 : 0.2371"
"8,49 : 0.198"
"49,8 : 0.198"
"8,50 : 0.103"
"50,8 : 0.103"
"8,51 : 0.5331"
"51,8 : 0.5331"
"8,52 : 0.3688"
"52,8 : 0.3688"
"8,53 : 0.5508"
"53,8 : 0.5508"
"8,54 : 0.1897"
"54,8 : 0.1897"
"8,55 : 0.4082"
"55,8 : 0.4082"
"8,56 : 0.5116"
"56,8 : 0.5116"
"8,57 : 0.1924"
"57,8 : 0.1924"
"8,58 : 0.2474"
"58,8 : 0.2474"
"8,59 : 0.09"
"59,8 : 0.09"
"8,60 : 0.4101"
"60,8 : 0.4101"
"8,61 : 0.5301"
"61,8 : 0.5301"
"8,62 : 0.4549"
"62,8 : 0.4549"
"8,63 : 0.3536"
"63,8 : 0.3536"
"8,64 : 0.5887"
"64,8 : 0.5887"
"8,65 : 0.3833"
"65,8 : 0.3833"
"8,66 : 0.4528"
"66,8 : 0.4528"
"8,67 : 0.0424"
"67,8 : 0.0424"
"8,68 : 0.2408"
"68,8 : 0.2408"
"8,69 : 0.2683"
"69,8 : 0.2683"
"8,70 : 0.1432"
"70,8 : 0.1432"
"8,71 : 0.0566"
"71,8 : 0.0566"
"8,72 : 0.1803"
"72,8 : 0.1803"
"8,73 : 0.5547"
"73,8 : 0.5547"
"8,74 : 0.5016"
"74,8 : 0.5016"
"8,75 : 0.6986"
"75,8 : 0.6986"
"8,76 : 0.577"
"76,8 : 0.577"
"8,77 : 0.1221"
"77,8 : 0.1221"
"8,78 : 0.3534"
"78,8 : 0.3534"
"8,79 : 0.4808"
"79,8 : 0.4808"
"8,80 : 0.2012"
"80,8 : 0.2012"
"8,81 : 0.3981"
"81,8 : 0.3981"
"8,82 : 0.359"
"82,8 : 0.359"
"8,83 : 0.2154"
"83,8 : 0.2154"
"8,84 : 0.8324"
"84,8 : 0.8324"
"8,85 : 0.7325"
"85,8 : 0.7325"
"8,86 : 0.6546"
"86,8 : 0.6546"
"8,87 : 0.4082"
"87,8 : 0.4082"
"8,88 : 0.2921"
"88,8 : 0.2921"
"8,89 : 0.3471"
"89,8 : 0.3471"
"8,90 : 0.6604"
"90,8 : 0.6604"
"8,91 : 0.2773"
"91,8 : 0.2773"
"8,92 : 0.7382"
"92,8 : 0.7382"
"8,93 : 0.1924"
"93,8 : 0.1924"
"8,94 : 0.4472"
"94,8 : 0.4472"
"8,95 : 0.7463"
"95,8 : 0.7463"
"8,96 : 0.2731"
"96,8 : 0.2731"
"8,97 : 0.3289"
"97,8 : 0.3289"
"8,98 : 0.4491"
"98,8 : 0.4491"
"8,99 : 0.5325"
"99,8 : 0.5325"
"9,10 : 0.2608"
"10,9 : 0.2608"
"9,11 : 0.4328"
"11,9 : 0.4328"
"9,12 : 0.0849"
"12,9 : 0.0849"
"9,13 : 0.48"
"13,9 : 0.48"
"9,14 : 0.5148"
"14,9 : 0.5148"
"9,15 : 0.5962"
"15,9 : 0.5962"
"9,16 : 0.8496"
"16,9 : 0.8496"
"9,17 : 0.7376"
"17,9 : 0.7376"
"9,18 : 0.586"
"18,9 : 0.586"
"9,19 : 1.0044"
"19,9 : 1.0044"
"9,20 : 0.5412"
"20,9 : 0.5412"
"9,21 : 0.771"
"21,9 : 0.771"
"9,22 : 0.8602"
"22,9 : 0.8602"
"9,23 : 0.8453"
"23,9 : 0.8453"
"9,24 : 0.508"
"24,9 : 0.508"
"9,25 : 0.5771"
"25,9 : 0.5771"
"9,26 : 0.3808"
"26,9 : 0.3808"
"9,27 : 0.1803"
"27,9 : 0.1803"
"9,28 : 0.6622"
"28,9 : 0.6622"
"9,29 : 0.2961"
"29,9 : 0.2961"
"9,30 : 0.9005"
"30,9 : 0.9005"
"9,31 : 0.4826"
"31,9 : 0.4826"
"9,32 : 0.6601"
"32,9 : 0.6601"
"9,33 : 0.7424"
"33,9 : 0.7424"
"9,34 : 0.6768"
"34,9 : 0.6768"
"9,35 : 0.1404"
"35,9 : 0.1404"
"9,36 : 0.9109"
"36,9 : 0.9109"
"9,37 : 0.1628"
"37,9 : 0.1628"
"9,38 : 0.1432"
"38,9 : 0.1432"
"9,39 : 0.6539"
"39,9 : 0.6539"
"9,40 : 0.7948"
"40,9 : 0.7948"
"9,41 : 0.7653"
"41,9 : 0.7653"
"9,42 : 0.5869"
"42,9 : 0.5869"
"9,43 : 0.6964"
"43,9 : 0.6964"
"9,44 : 0.6943"
"44,9 : 0.6943"
"9,45 : 0.7324"
"45,9 : 0.7324"
"9,46 : 0.536"
"46,9 : 0.536"
"9,47 : 0.314"
"47,9 : 0.314"
"9,48 : 0.7506"
"48,9 : 0.7506"
"9,49 : 0.4045"
"49,9 : 0.4045"
"9,50 : 0.614"
"50,9 : 0.614"
"9,51 : 0.8548"
"51,9 : 0.8548"
"9,52 : 0.8355"
"52,9 : 0.8355"
"9,53 : 0.1105"
"53,9 : 0.1105"
"9,54 : 0.7335"
"54,9 : 0.7335"
"9,55 : 0.2302"
"55,9 : 0.2302"
"9,56 : 0.05"
"56,9 : 0.05"
"9,57 : 0.7101"
"57,9 : 0.7101"
"9,58 : 0.3007"
"58,9 : 0.3007"
"9,59 : 0.5401"
"59,9 : 0.5401"
"9,60 : 0.1581"
"60,9 : 0.1581"
"9,61 : 0.6953"
"61,9 : 0.6953"
"9,62 : 0.2335"
"62,9 : 0.2335"
"9,63 : 0.2302"
"63,9 : 0.2302"
"9,64 : 0.8851"
"64,9 : 0.8851"
"9,65 : 0.527"
"65,9 : 0.527"
"9,66 : 0.886"
"66,9 : 0.886"
"9,67 : 0.5805"
"67,9 : 0.5805"
"9,68 : 0.7467"
"68,9 : 0.7467"
"9,69 : 0.8052"
"69,9 : 0.8052"
"9,70 : 0.5554"
"70,9 : 0.5554"
"9,71 : 0.5923"
"71,9 : 0.5923"
"9,72 : 0.6067"
"72,9 : 0.6067"
"9,73 : 0.2435"
"73,9 : 0.2435"
"9,74 : 0.1265"
"74,9 : 0.1265"
"9,75 : 0.7102"
"75,9 : 0.7102"
"9,76 : 0.9043"
"76,9 : 0.9043"
"9,77 : 0.4649"
"77,9 : 0.4649"
"9,78 : 0.8902"
"78,9 : 0.8902"
"9,79 : 0.9176"
"79,9 : 0.9176"
"9,80 : 0.461"
"80,9 : 0.461"
"9,81 : 0.15"
"81,9 : 0.15"
"9,82 : 0.19"
"82,9 : 0.19"
"9,83 : 0.5385"
"83,9 : 0.5385"
"9,84 : 0.6649"
"84,9 : 0.6649"
"9,85 : 0.3202"
"85,9 : 0.3202"
"9,86 : 0.9242"
"86,9 : 0.9242"
"9,87 : 0.3467"
"87,9 : 0.3467"
"9,88 : 0.4751"
"88,9 : 0.4751"
"9,89 : 0.7908"
"89,9 : 0.7908"
"9,90 : 0.5162"
"90,9 : 0.5162"
"9,91 : 0.8149"
"91,9 : 0.8149"
"9,92 : 0.6008"
"92,9 : 0.6008"
"9,93 : 0.4589"
"93,9 : 0.4589"
"9,94 : 0.4669"
"94,9 : 0.4669"
"9,95 : 0.3569"
"95,9 : 0.3569"
"9,96 : 0.6719"
"96,9 : 0.6719"
"9,97 : 0.6895"
"97,9 : 0.6895"
"9,98 : 0.1005"
"98,9 : 0.1005"
"9,99 : 0.9139"
"99,9 : 0.9139"
"10,11 : 0.3081"
"11,10 : 0.3081"
"10,12 : 0.3225"
"12,10 : 0.3225"
"10,13 : 0.5636"
"13,10 : 0.5636"
"10,14 : 0.3302"
"14,10 : 0.3302"
"10,15 : 0.3581"
"15,10 : 0.3581"
"10,16 : 0.7201"
"16,10 : 0.7201"
"10,17 : 0.5831"
"17,10 : 0.5831"
"10,18 : 0.4982"
"18,10 : 0.4982"
"10,19 : 0.8207"
"19,10 : 0.8207"
"10,20 : 0.3483"
"20,10 : 0.3483"
"10,21 : 0.589"
"21,10 : 0.589"
"10,22 : 0.6"
"22,10 : 0.6"
"10,23 : 0.6341"
"23,10 : 0.6341"
"10,24 : 0.4319"
"24,10 : 0.4319"
"10,25 : 0.3289"
"25,10 : 0.3289"
"10,26 : 0.386"
"26,10 : 0.386"
"10,27 : 0.2968"
"27,10 : 0.2968"
"10,28 : 0.4249"
"28,10 : 0.4249"
"10,29 : 0.336"
"29,10 : 0.336"
"10,30 : 0.7009"
"30,10 : 0.7009"
"10,31 : 0.4201"
"31,10 : 0.4201"
"10,32 : 0.4011"
"32,10 : 0.4011"
"10,33 : 0.6847"
"33,10 : 0.6847"
"10,34 : 0.6888"
"34,10 : 0.6888"
"10,35 : 0.2955"
"35,10 : 0.2955"
"10,36 : 0.6503"
"36,10 : 0.6503"
"10,37 : 0.1803"
"37,10 : 0.1803"
"10,38 : 0.3534"
"38,10 : 0.3534"
"10,39 : 0.62"
"39,10 : 0.62"
"10,40 : 0.5714"
"40,10 : 0.5714"
"10,41 : 0.5049"
"41,10 : 0.5049"
"10,42 : 0.4649"
"42,10 : 0.4649"
"10,43 : 0.4528"
"43,10 : 0.4528"
"10,44 : 0.5459"
"44,10 : 0.5459"
"10,45 : 0.5561"
"45,10 : 0.5561"
"10,46 : 0.454"
"46,10 : 0.454"
"10,47 : 0.2789"
"47,10 : 0.2789"
"10,48 : 0.4925"
"48,10 : 0.4925"
"10,49 : 0.1612"
"49,10 : 0.1612"
"10,50 : 0.3625"
"50,10 : 0.3625"
"10,51 : 0.6519"
"51,10 : 0.6519"
"10,52 : 0.5882"
"52,10 : 0.5882"
"10,53 : 0.2846"
"53,10 : 0.2846"
"10,54 : 0.4754"
"54,10 : 0.4754"
"10,55 : 0.1655"
"55,10 : 0.1655"
"10,56 : 0.2309"
"56,10 : 0.2309"
"10,57 : 0.451"
"57,10 : 0.451"
"10,58 : 0.04"
"58,10 : 0.04"
"10,59 : 0.2816"
"59,10 : 0.2816"
"10,60 : 0.1476"
"60,10 : 0.1476"
"10,61 : 0.542"
"61,10 : 0.542"
"10,62 : 0.2147"
"62,10 : 0.2147"
"10,63 : 0.1304"
"63,10 : 0.1304"
"10,64 : 0.693"
"64,10 : 0.693"
"10,65 : 0.3585"
"65,10 : 0.3585"
"10,66 : 0.6488"
"66,10 : 0.6488"
"10,67 : 0.3228"
"67,10 : 0.3228"
"10,68 : 0.5012"
"68,10 : 0.5012"
"10,69 : 0.5503"
"69,10 : 0.5503"
"10,70 : 0.3202"
"70,10 : 0.3202"
"10,71 : 0.3353"
"71,10 : 0.3353"
"10,72 : 0.3574"
"72,10 : 0.3574"
"10,73 : 0.3081"
"73,10 : 0.3081"
"10,74 : 0.2417"
"74,10 : 0.2417"
"10,75 : 0.6315"
"75,10 : 0.6315"
"10,76 : 0.7018"
"76,10 : 0.7018"
"10,77 : 0.222"
"77,10 : 0.222"
"10,78 : 0.6357"
"78,10 : 0.6357"
"10,79 : 0.6803"
"79,10 : 0.6803"
"10,80 : 0.2247"
"80,10 : 0.2247"
"10,81 : 0.1118"
"81,10 : 0.1118"
"10,82 : 0.0728"
"82,10 : 0.0728"
"10,83 : 0.328"
"83,10 : 0.328"
"10,84 : 0.6807"
"84,10 : 0.6807"
"10,85 : 0.4738"
"85,10 : 0.4738"
"10,86 : 0.7441"
"86,10 : 0.7441"
"10,87 : 0.2789"
"87,10 : 0.2789"
"10,88 : 0.3068"
"88,10 : 0.3068"
"10,89 : 0.5478"
"89,10 : 0.5478"
"10,90 : 0.5049"
"90,10 : 0.5049"
"10,91 : 0.5597"
"91,10 : 0.5597"
"10,92 : 0.5941"
"92,10 : 0.5941"
"10,93 : 0.2195"
"93,10 : 0.2195"
"10,94 : 0.3493"
"94,10 : 0.3493"
"10,95 : 0.4958"
"95,10 : 0.4958"
"10,96 : 0.4338"
"96,10 : 0.4338"
"10,97 : 0.4632"
"97,10 : 0.4632"
"10,98 : 0.1628"
"98,10 : 0.1628"
"10,99 : 0.6934"
"99,10 : 0.6934"
"11,12 : 0.5174"
"12,11 : 0.5174"
"11,13 : 0.3859"
"13,11 : 0.3859"
"11,14 : 0.1237"
"14,11 : 0.1237"
"11,15 : 0.5554"
"15,11 : 0.5554"
"11,16 : 0.4244"
"16,11 : 0.4244"
"11,17 : 0.3048"
"17,11 : 0.3048"
"11,18 : 0.191"
"18,11 : 0.191"
"11,19 : 0.5745"
"19,11 : 0.5745"
"11,20 : 0.153"
"20,11 : 0.153"
"11,21 : 0.3444"
"21,11 : 0.3444"
"11,22 : 0.609"
"22,11 : 0.609"
"11,23 : 0.4393"
"23,11 : 0.4393"
"11,24 : 0.1334"
"24,11 : 0.1334"
"11,25 : 0.3061"
"25,11 : 0.3061"
"11,26 : 0.1931"
"26,11 : 0.1931"
"11,27 : 0.5604"
"27,11 : 0.5604"
"11,28 : 0.3289"
"28,11 : 0.3289"
"11,29 : 0.6307"
"29,11 : 0.6307"
"11,30 : 0.481"
"30,11 : 0.481"
"11,31 : 0.1342"
"31,11 : 0.1342"
"11,32 : 0.4264"
"32,11 : 0.4264"
"11,33 : 0.3801"
"33,11 : 0.3801"
"11,34 : 0.4205"
"34,11 : 0.4205"
"11,35 : 0.5404"
"35,11 : 0.5404"
"11,36 : 0.6624"
"36,11 : 0.6624"
"11,37 : 0.4565"
"37,11 : 0.4565"
"11,38 : 0.4179"
"38,11 : 0.4179"
"11,39 : 0.3276"
"39,11 : 0.3276"
"11,40 : 0.4101"
"40,11 : 0.4101"
"11,41 : 0.5673"
"41,11 : 0.5673"
"11,42 : 0.1612"
"42,11 : 0.1612"
"11,43 : 0.6191"
"43,11 : 0.6191"
"11,44 : 0.2617"
"44,11 : 0.2617"
"11,45 : 0.3041"
"45,11 : 0.3041"
"11,46 : 0.1503"
"46,11 : 0.1503"
"11,47 : 0.1432"
"47,11 : 0.1432"
"11,48 : 0.4888"
"48,11 : 0.4888"
"11,49 : 0.2309"
"49,11 : 0.2309"
"11,50 : 0.5197"
"50,11 : 0.5197"
"11,51 : 0.4397"
"51,11 : 0.4397"
"11,52 : 0.5045"
"52,11 : 0.5045"
"11,53 : 0.5174"
"53,11 : 0.5174"
"11,54 : 0.5731"
"54,11 : 0.5731"
"11,55 : 0.2052"
"55,11 : 0.2052"
"11,56 : 0.4386"
"56,11 : 0.4386"
"11,57 : 0.4662"
"57,11 : 0.4662"
"11,58 : 0.3015"
"58,11 : 0.3015"
"11,59 : 0.3421"
"59,11 : 0.3421"
"11,60 : 0.4206"
"60,11 : 0.4206"
"11,61 : 0.2625"
"61,11 : 0.2625"
"11,62 : 0.2025"
"62,11 : 0.2025"
"11,63 : 0.4332"
"63,11 : 0.4332"
"11,64 : 0.461"
"64,11 : 0.461"
"11,65 : 0.1105"
"65,11 : 0.1105"
"11,66 : 0.5209"
"66,11 : 0.5209"
"11,67 : 0.4579"
"67,11 : 0.4579"
"11,68 : 0.6546"
"68,11 : 0.6546"
"11,69 : 0.658"
"69,11 : 0.658"
"11,70 : 0.5314"
"70,11 : 0.5314"
"11,71 : 0.4717"
"71,11 : 0.4717"
"11,72 : 0.3302"
"72,11 : 0.3302"
"11,73 : 0.255"
"73,11 : 0.255"
"11,74 : 0.4941"
"74,11 : 0.4941"
"11,75 : 0.3239"
"75,11 : 0.3239"
"11,76 : 0.487"
"76,11 : 0.487"
"11,77 : 0.4438"
"77,11 : 0.4438"
"11,78 : 0.7355"
"78,11 : 0.7355"
"11,79 : 0.5504"
"79,11 : 0.5504"
"11,80 : 0.2163"
"80,11 : 0.2163"
"11,81 : 0.3329"
"81,11 : 0.3329"
"11,82 : 0.313"
"82,11 : 0.313"
"11,83 : 0.5749"
"83,11 : 0.5749"
"11,84 : 0.4159"
"84,11 : 0.4159"
"11,85 : 0.4111"
"85,11 : 0.4111"
"11,86 : 0.494"
"86,11 : 0.494"
"11,87 : 0.5869"
"87,11 : 0.5869"
"11,88 : 0.5908"
"88,11 : 0.5908"
"11,89 : 0.4512"
"89,11 : 0.4512"
"11,90 : 0.2441"
"90,11 : 0.2441"
"11,91 : 0.6648"
"91,11 : 0.6648"
"11,92 : 0.322"
"92,11 : 0.322"
"11,93 : 0.2247"
"93,11 : 0.2247"
"11,94 : 0.0412"
"94,11 : 0.0412"
"11,95 : 0.4061"
"95,11 : 0.4061"
"11,96 : 0.3384"
"96,11 : 0.3384"
"11,97 : 0.3239"
"97,11 : 0.3239"
"11,98 : 0.3547"
"98,11 : 0.3547"
"11,99 : 0.5162"
"99,11 : 0.5162"
"12,13 : 0.5433"
"13,12 : 0.5433"
"12,14 : 0.5968"
"14,12 : 0.5968"
"12,15 : 0.6332"
"15,12 : 0.6332"
"12,16 : 0.9343"
"16,12 : 0.9343"
"12,17 : 0.8222"
"17,12 : 0.8222"
"12,18 : 0.6701"
"18,12 : 0.6701"
"12,19 : 1.0881"
"19,12 : 1.0881"
"12,20 : 0.6227"
"20,12 : 0.6227"
"12,21 : 0.8545"
"21,12 : 0.8545"
"12,22 : 0.9209"
"22,12 : 0.9209"
"12,23 : 0.9259"
"23,12 : 0.9259"
"12,24 : 0.592"
"24,12 : 0.592"
"12,25 : 0.6476"
"25,12 : 0.6476"
"12,26 : 0.4607"
"26,12 : 0.4607"
"12,27 : 0.1389"
"27,12 : 0.1389"
"12,28 : 0.7368"
"28,12 : 0.7368"
"12,29 : 0.2594"
"29,12 : 0.2594"
"12,30 : 0.9827"
"30,12 : 0.9827"
"12,31 : 0.5661"
"31,12 : 0.5661"
"12,32 : 0.7234"
"32,12 : 0.7234"
"12,33 : 0.8237"
"33,12 : 0.8237"
"12,34 : 0.75"
"34,12 : 0.75"
"12,35 : 0.0943"
"35,12 : 0.0943"
"12,36 : 0.9702"
"36,12 : 0.9702"
"12,37 : 0.1803"
"37,12 : 0.1803"
"12,38 : 0.19"
"38,12 : 0.19"
"12,39 : 0.7335"
"39,12 : 0.7335"
"12,40 : 0.8732"
"40,12 : 0.8732"
"12,41 : 0.8205"
"41,12 : 0.8205"
"12,42 : 0.6718"
"42,12 : 0.6718"
"12,43 : 0.735"
"43,12 : 0.735"
"12,44 : 0.779"
"44,12 : 0.779"
"12,45 : 0.8161"
"45,12 : 0.8161"
"12,46 : 0.6201"
"46,12 : 0.6201"
"12,47 : 0.3982"
"47,12 : 0.3982"
"12,48 : 0.815"
"48,12 : 0.815"
"12,49 : 0.4754"
"49,12 : 0.4754"
"12,50 : 0.6592"
"50,12 : 0.6592"
"12,51 : 0.9365"
"51,12 : 0.9365"
"12,52 : 0.9071"
"52,12 : 0.9071"
"12,53 : 0.0707"
"53,12 : 0.0707"
"12,54 : 0.7841"
"54,12 : 0.7841"
"12,55 : 0.314"
"55,12 : 0.314"
"12,56 : 0.0922"
"56,12 : 0.0922"
"12,57 : 0.7732"
"57,12 : 0.7732"
"12,58 : 0.3622"
"58,12 : 0.3622"
"12,59 : 0.6041"
"59,12 : 0.6041"
"12,60 : 0.1924"
"60,12 : 0.1924"
"12,61 : 0.7799"
"61,12 : 0.7799"
"12,62 : 0.3183"
"62,12 : 0.3183"
"12,63 : 0.2596"
"63,12 : 0.2596"
"12,64 : 0.968"
"64,12 : 0.968"
"12,65 : 0.6103"
"65,12 : 0.6103"
"12,66 : 0.9614"
"66,12 : 0.9614"
"12,67 : 0.632"
"67,12 : 0.632"
"12,68 : 0.7859"
"68,12 : 0.7859"
"12,69 : 0.8516"
"69,12 : 0.8516"
"12,70 : 0.592"
"70,12 : 0.592"
"12,71 : 0.6428"
"71,12 : 0.6428"
"12,72 : 0.6768"
"72,12 : 0.6768"
"12,73 : 0.322"
"73,12 : 0.322"
"12,74 : 0.1166"
"74,12 : 0.1166"
"12,75 : 0.7932"
"75,12 : 0.7932"
"12,76 : 0.9862"
"76,12 : 0.9862"
"12,77 : 0.508"
"77,12 : 0.508"
"12,78 : 0.9356"
"78,12 : 0.9356"
"12,79 : 0.993"
"79,12 : 0.993"
"12,80 : 0.5345"
"80,12 : 0.5345"
"12,81 : 0.2184"
"81,12 : 0.2184"
"12,82 : 0.2571"
"82,12 : 0.2571"
"12,83 : 0.5646"
"83,12 : 0.5646"
"12,84 : 0.7376"
"84,12 : 0.7376"
"12,85 : 0.3705"
"85,12 : 0.3705"
"12,86 : 1.008"
"86,12 : 1.008"
"12,87 : 0.3397"
"87,12 : 0.3397"
"12,88 : 0.4888"
"88,12 : 0.4888"
"12,89 : 0.864"
"89,12 : 0.864"
"12,90 : 0.5951"
"90,12 : 0.5951"
"12,91 : 0.8615"
"91,12 : 0.8615"
"12,92 : 0.6778"
"92,12 : 0.6778"
"12,93 : 0.5316"
"93,12 : 0.5316"
"12,94 : 0.5517"
"94,12 : 0.5517"
"12,95 : 0.4101"
"95,12 : 0.4101"
"12,96 : 0.7463"
"96,12 : 0.7463"
"12,97 : 0.7669"
"97,12 : 0.7669"
"12,98 : 0.1746"
"98,12 : 0.1746"
"12,99 : 0.9932"
"99,12 : 0.9932"
"13,14 : 0.5054"
"14,13 : 0.5054"
"13,15 : 0.8981"
"15,13 : 0.8981"
"13,16 : 0.5894"
"16,13 : 0.5894"
"13,17 : 0.56"
"17,13 : 0.56"
"13,18 : 0.3501"
"18,13 : 0.3501"
"13,19 : 0.8261"
"19,13 : 0.8261"
"13,20 : 0.5323"
"20,13 : 0.5323"
"13,21 : 0.642"
