x,y
0.64,0.83
0.55,0.2
0.3,0.86
0.2,0.6
0.55,0.11
0.41,0.09
0.91,0.69
0.32,0.74
0.29,0.25
0.59,0.27
0.6,0.89
0.12,0.54
0.07,0.46
0.76,0.96
0.92,0.12
0.89,0.02
0.63,0.64
0.91,0.35
0.1,0.23
0.41,0.88
0.26,0.58
0.05,0.85
0.62,0.38
0.72,0.72
0.98,0.54
0.57,0.42
0.85,0.23
0.6,0.94
0.57,0.48
0.93,0.47
0.58,0.67
0.2,0.23
0.73,0.36
0.47,0.02
0.48,0.62
0.76,0.85
0.93,0.68
0.09,0.22
0.98,0.22
0.66,0.3
0.47,0.85
0.87,0.74
0.21,0.12
0.61,0.84
0.03,0.97
0.88,0.02
0.11,0.95
0.68,0.41
0.39,0.47
0.54,0.77
0.14,0.32
0.45,0.31
0.5,0.11
0.0,0.21
0.3,0.71
1.0,0.48
0.33,0.56
0.12,0.53
0.25,0.71
0.24,0.13
0.35,0.9
0.21,0.71
0.13,0.4
0.09,0.26
1.0,0.48
0.93,0.76
0.53,0.58
0.88,0.22
0.03,0.8
0.99,0.32
0.37,0.31
0.68,0.57
0.01,0.23
0.23,0.5
0.52,0.81
0.59,0.73
0.28,0.97
0.7,0.37
0.36,0.66
0.94,0.23
0.95,0.64
0.18,0.98
0.01,0.43
0.25,0.76
0.13,0.97
0.11,0.05
0.01,0.35
0.05,0.96
0.63,0.58
0.53,0.46
0.97,0.18
0.96,0.6
0.56,0.75
0.77,0.08
0.43,0.46
0.22,0.56
0.49,0.74
0.5,0.57
0.14,0.78
0.26,0.72

Distanze
"0,1 : 0.6364"
"1,0 : 0.6364"
"0,2 : 0.3413"
"2,0 : 0.3413"
"0,3 : 0.4965"
"3,0 : 0.4965"
"0,4 : 0.7256"
"4,0 : 0.7256"
"0,5 : 0.7749"
"5,0 : 0.7749"
"0,6 : 0.3041"
"6,0 : 0.3041"
"0,7 : 0.3324"
"7,0 : 0.3324"
"0,8 : 0.6774"
"8,0 : 0.6774"
"0,9 : 0.5622"
"9,0 : 0.5622"
"0,10 : 0.0721"
"10,0 : 0.0721"
"0,11 : 0.5954"
"11,0 : 0.5954"
"0,12 : 0.6796"
"12,0 : 0.6796"
"0,13 : 0.1769"
"13,0 : 0.1769"
"0,14 : 0.7632"
"14,0 : 0.7632"
"0,15 : 0.8477"
"15,0 : 0.8477"
"0,16 : 0.1903"
"16,0 : 0.1903"
"0,17 : 0.5507"
"17,0 : 0.5507"
"0,18 : 0.8072"
"18,0 : 0.8072"
"0,19 : 0.2354"
"19,0 : 0.2354"
"0,20 : 0.4549"
"20,0 : 0.4549"
"0,21 : 0.5903"
"21,0 : 0.5903"
"0,22 : 0.4504"
"22,0 : 0.4504"
"0,23 : 0.136"
"23,0 : 0.136"
"0,24 : 0.4469"
"24,0 : 0.4469"
"0,25 : 0.4159"
"25,0 : 0.4159"
"0,26 : 0.6357"
"26,0 : 0.6357"
"0,27 : 0.117"
"27,0 : 0.117"
"0,28 : 0.3569"
"28,0 : 0.3569"
"0,29 : 0.4623"
"29,0 : 0.4623"
"0,30 : 0.1709"
"30,0 : 0.1709"
"0,31 : 0.744"
"31,0 : 0.744"
"0,32 : 0.4785"
"32,0 : 0.4785"
"0,33 : 0.8276"
"33,0 : 0.8276"
"0,34 : 0.264"
"34,0 : 0.264"
"0,35 : 0.1217"
"35,0 : 0.1217"
"0,36 : 0.3265"
"36,0 : 0.3265"
"0,37 : 0.8213"
"37,0 : 0.8213"
"0,38 : 0.6984"
"38,0 : 0.6984"
"0,39 : 0.5304"
"39,0 : 0.5304"
"0,40 : 0.1712"
"40,0 : 0.1712"
"0,41 : 0.247"
"41,0 : 0.247"
"0,42 : 0.8301"
"42,0 : 0.8301"
"0,43 : 0.0316"
"43,0 : 0.0316"
"0,44 : 0.6259"
"44,0 : 0.6259"
"0,45 : 0.8448"
"45,0 : 0.8448"
"0,46 : 0.5434"
"46,0 : 0.5434"
"0,47 : 0.4219"
"47,0 : 0.4219"
"0,48 : 0.4383"
"48,0 : 0.4383"
"0,49 : 0.1166"
"49,0 : 0.1166"
"0,50 : 0.7142"
"50,0 : 0.7142"
"0,51 : 0.5536"
"51,0 : 0.5536"
"0,52 : 0.7335"
"52,0 : 0.7335"
"0,53 : 0.8911"
"53,0 : 0.8911"
"0,54 : 0.3606"
"54,0 : 0.3606"
"0,55 : 0.5021"
"55,0 : 0.5021"
"0,56 : 0.4111"
"56,0 : 0.4111"
"0,57 : 0.6003"
"57,0 : 0.6003"
"0,58 : 0.408"
"58,0 : 0.408"
"0,59 : 0.8062"
"59,0 : 0.8062"
"0,60 : 0.2983"
"60,0 : 0.2983"
"0,61 : 0.4464"
"61,0 : 0.4464"
"0,62 : 0.6671"
"62,0 : 0.6671"
"0,63 : 0.7921"
"63,0 : 0.7921"
"0,64 : 0.5021"
"64,0 : 0.5021"
"0,65 : 0.2983"
"65,0 : 0.2983"
"0,66 : 0.2731"
"66,0 : 0.2731"
"0,67 : 0.6555"
"67,0 : 0.6555"
"0,68 : 0.6107"
"68,0 : 0.6107"
"0,69 : 0.6185"
"69,0 : 0.6185"
"0,70 : 0.5859"
"70,0 : 0.5859"
"0,71 : 0.2631"
"71,0 : 0.2631"
"0,72 : 0.87"
"72,0 : 0.87"
"0,73 : 0.5263"
"73,0 : 0.5263"
"0,74 : 0.1217"
"74,0 : 0.1217"
"0,75 : 0.1118"
"75,0 : 0.1118"
"0,76 : 0.3863"
"76,0 : 0.3863"
"0,77 : 0.4639"
"77,0 : 0.4639"
"0,78 : 0.3276"
"78,0 : 0.3276"
"0,79 : 0.6708"
"79,0 : 0.6708"
"0,80 : 0.3636"
"80,0 : 0.3636"
"0,81 : 0.4838"
"81,0 : 0.4838"
"0,82 : 0.7463"
"82,0 : 0.7463"
"0,83 : 0.3962"
"83,0 : 0.3962"
"0,84 : 0.5289"
"84,0 : 0.5289"
"0,85 : 0.943"
"85,0 : 0.943"
"0,86 : 0.792"
"86,0 : 0.792"
"0,87 : 0.6042"
"87,0 : 0.6042"
"0,88 : 0.2502"
"88,0 : 0.2502"
"0,89 : 0.386"
"89,0 : 0.386"
"0,90 : 0.729"
"90,0 : 0.729"
"0,91 : 0.3941"
"91,0 : 0.3941"
"0,92 : 0.1131"
"92,0 : 0.1131"
"0,93 : 0.7612"
"93,0 : 0.7612"
"0,94 : 0.4254"
"94,0 : 0.4254"
"0,95 : 0.4993"
"95,0 : 0.4993"
"0,96 : 0.1749"
"96,0 : 0.1749"
"0,97 : 0.2953"
"97,0 : 0.2953"
"0,98 : 0.5025"
"98,0 : 0.5025"
"0,99 : 0.3956"
"99,0 : 0.3956"
"1,2 : 0.7058"
"2,1 : 0.7058"
"1,3 : 0.5315"
"3,1 : 0.5315"
"1,4 : 0.09"
"4,1 : 0.09"
"1,5 : 0.178"
"5,1 : 0.178"
"1,6 : 0.608"
"6,1 : 0.608"
"1,7 : 0.5869"
"7,1 : 0.5869"
"1,8 : 0.2648"
"8,1 : 0.2648"
"1,9 : 0.0806"
"9,1 : 0.0806"
"1,10 : 0.6918"
"10,1 : 0.6918"
"1,11 : 0.5482"
"11,1 : 0.5482"
"1,12 : 0.5459"
"12,1 : 0.5459"
"1,13 : 0.7885"
"13,1 : 0.7885"
"1,14 : 0.3785"
"14,1 : 0.3785"
"1,15 : 0.3847"
"15,1 : 0.3847"
"1,16 : 0.4472"
"16,1 : 0.4472"
"1,17 : 0.39"
"17,1 : 0.39"
"1,18 : 0.451"
"18,1 : 0.451"
"1,19 : 0.6943"
"19,1 : 0.6943"
"1,20 : 0.478"
"20,1 : 0.478"
"1,21 : 0.8201"
"21,1 : 0.8201"
"1,22 : 0.1931"
"22,1 : 0.1931"
"1,23 : 0.5471"
"23,1 : 0.5471"
"1,24 : 0.5482"
"24,1 : 0.5482"
"1,25 : 0.2209"
"25,1 : 0.2209"
"1,26 : 0.3015"
"26,1 : 0.3015"
"1,27 : 0.7417"
"27,1 : 0.7417"
"1,28 : 0.2807"
"28,1 : 0.2807"
"1,29 : 0.4662"
"29,1 : 0.4662"
"1,30 : 0.471"
"30,1 : 0.471"
"1,31 : 0.3513"
"31,1 : 0.3513"
"1,32 : 0.2408"
"32,1 : 0.2408"
"1,33 : 0.197"
"33,1 : 0.197"
"1,34 : 0.4258"
"34,1 : 0.4258"
"1,35 : 0.6831"
"35,1 : 0.6831"
"1,36 : 0.6122"
"36,1 : 0.6122"
"1,37 : 0.4604"
"37,1 : 0.4604"
"1,38 : 0.4305"
"38,1 : 0.4305"
"1,39 : 0.1487"
"39,1 : 0.1487"
"1,40 : 0.6549"
"40,1 : 0.6549"
"1,41 : 0.6277"
"41,1 : 0.6277"
"1,42 : 0.3493"
"42,1 : 0.3493"
"1,43 : 0.6428"
"43,1 : 0.6428"
"1,44 : 0.9291"
"44,1 : 0.9291"
"1,45 : 0.3759"
"45,1 : 0.3759"
"1,46 : 0.8695"
"46,1 : 0.8695"
"1,47 : 0.247"
"47,1 : 0.247"
"1,48 : 0.3138"
"48,1 : 0.3138"
"1,49 : 0.5701"
"49,1 : 0.5701"
"1,50 : 0.4272"
"50,1 : 0.4272"
"1,51 : 0.1487"
"51,1 : 0.1487"
"1,52 : 0.103"
"52,1 : 0.103"
"1,53 : 0.5501"
"53,1 : 0.5501"
"1,54 : 0.568"
"54,1 : 0.568"
"1,55 : 0.53"
"55,1 : 0.53"
"1,56 : 0.4219"
"56,1 : 0.4219"
"1,57 : 0.542"
"57,1 : 0.542"
"1,58 : 0.5917"
"58,1 : 0.5917"
"1,59 : 0.3178"
"59,1 : 0.3178"
"1,60 : 0.728"
"60,1 : 0.728"
"1,61 : 0.6129"
"61,1 : 0.6129"
"1,62 : 0.4652"
"62,1 : 0.4652"
"1,63 : 0.4639"
"63,1 : 0.4639"
"1,64 : 0.53"
"64,1 : 0.53"
"1,65 : 0.6768"
"65,1 : 0.6768"
"1,66 : 0.3805"
"66,1 : 0.3805"
"1,67 : 0.3306"
"67,1 : 0.3306"
"1,68 : 0.794"
"68,1 : 0.794"
"1,69 : 0.4561"
"69,1 : 0.4561"
"1,70 : 0.211"
"70,1 : 0.211"
"1,71 : 0.3922"
"71,1 : 0.3922"
"1,72 : 0.5408"
"72,1 : 0.5408"
"1,73 : 0.4386"
"73,1 : 0.4386"
"1,74 : 0.6107"
"74,1 : 0.6107"
"1,75 : 0.5315"
"75,1 : 0.5315"
"1,76 : 0.816"
"76,1 : 0.816"
"1,77 : 0.2267"
"77,1 : 0.2267"
"1,78 : 0.4977"
"78,1 : 0.4977"
"1,79 : 0.3912"
"79,1 : 0.3912"
"1,80 : 0.5946"
"80,1 : 0.5946"
"1,81 : 0.8633"
"81,1 : 0.8633"
"1,82 : 0.5869"
"82,1 : 0.5869"
"1,83 : 0.6353"
"83,1 : 0.6353"
"1,84 : 0.8771"
"84,1 : 0.8771"
"1,85 : 0.4649"
"85,1 : 0.4649"
"1,86 : 0.5604"
"86,1 : 0.5604"
"1,87 : 0.9097"
"87,1 : 0.9097"
"1,88 : 0.3883"
"88,1 : 0.3883"
"1,89 : 0.2608"
"89,1 : 0.2608"
"1,90 : 0.4205"
"90,1 : 0.4205"
"1,91 : 0.5728"
"91,1 : 0.5728"
"1,92 : 0.5501"
"92,1 : 0.5501"
"1,93 : 0.2506"
"93,1 : 0.2506"
"1,94 : 0.2864"
"94,1 : 0.2864"
"1,95 : 0.4884"
"95,1 : 0.4884"
"1,96 : 0.5433"
"96,1 : 0.5433"
"1,97 : 0.3734"
"97,1 : 0.3734"
"1,98 : 0.7103"
"98,1 : 0.7103"
"1,99 : 0.5954"
"99,1 : 0.5954"
"2,3 : 0.2786"
"3,2 : 0.2786"
"2,4 : 0.7906"
"4,2 : 0.7906"
"2,5 : 0.7778"
"5,2 : 0.7778"
"2,6 : 0.6332"
"6,2 : 0.6332"
"2,7 : 0.1217"
"7,2 : 0.1217"
"2,8 : 0.6101"
"8,2 : 0.6101"
"2,9 : 0.6574"
"9,2 : 0.6574"
"2,10 : 0.3015"
"10,2 : 0.3015"
"2,11 : 0.3672"
"11,2 : 0.3672"
"2,12 : 0.4614"
"12,2 : 0.4614"
"2,13 : 0.4707"
"13,2 : 0.4707"
"2,14 : 0.9654"
"14,2 : 0.9654"
"2,15 : 1.0265"
"15,2 : 1.0265"
"2,16 : 0.3966"
"16,2 : 0.3966"
"2,17 : 0.7951"
"17,2 : 0.7951"
"2,18 : 0.661"
"18,2 : 0.661"
"2,19 : 0.1118"
"19,2 : 0.1118"
"2,20 : 0.2828"
"20,2 : 0.2828"
"2,21 : 0.2502"
"21,2 : 0.2502"
"2,22 : 0.5769"
"22,2 : 0.5769"
"2,23 : 0.4427"
"23,2 : 0.4427"
"2,24 : 0.7515"
"24,2 : 0.7515"
"2,25 : 0.5162"
"25,2 : 0.5162"
"2,26 : 0.8363"
"26,2 : 0.8363"
"2,27 : 0.3105"
"27,2 : 0.3105"
"2,28 : 0.4662"
"28,2 : 0.4662"
"2,29 : 0.7409"
"29,2 : 0.7409"
"2,30 : 0.3384"
"30,2 : 0.3384"
"2,31 : 0.6379"
"31,2 : 0.6379"
"2,32 : 0.6595"
"32,2 : 0.6595"
"2,33 : 0.857"
"33,2 : 0.857"
"2,34 : 0.3"
"34,2 : 0.3"
"2,35 : 0.4601"
"35,2 : 0.4601"
"2,36 : 0.6552"
"36,2 : 0.6552"
"2,37 : 0.6736"
"37,2 : 0.6736"
"2,38 : 0.9338"
"38,2 : 0.9338"
"2,39 : 0.6657"
"39,2 : 0.6657"
"2,40 : 0.1703"
"40,2 : 0.1703"
"2,41 : 0.5825"
"41,2 : 0.5825"
"2,42 : 0.7455"
"42,2 : 0.7455"
"2,43 : 0.3106"
"43,2 : 0.3106"
"2,44 : 0.2915"
"44,2 : 0.2915"
"2,45 : 1.0208"
"45,2 : 1.0208"
"2,46 : 0.2102"
"46,2 : 0.2102"
"2,47 : 0.589"
"47,2 : 0.589"
"2,48 : 0.4002"
"48,2 : 0.4002"
"2,49 : 0.2563"
"49,2 : 0.2563"
"2,50 : 0.5632"
"50,2 : 0.5632"
"2,51 : 0.5701"
"51,2 : 0.5701"
"2,52 : 0.7762"
"52,2 : 0.7762"
"2,53 : 0.7159"
"53,2 : 0.7159"
"2,54 : 0.15"
"54,2 : 0.15"
"2,55 : 0.7965"
"55,2 : 0.7965"
"2,56 : 0.3015"
"56,2 : 0.3015"
"2,57 : 0.3759"
"57,2 : 0.3759"
"2,58 : 0.1581"
"58,2 : 0.1581"
"2,59 : 0.7325"
"59,2 : 0.7325"
"2,60 : 0.064"
"60,2 : 0.064"
"2,61 : 0.1749"
"61,2 : 0.1749"
"2,62 : 0.4904"
"62,2 : 0.4904"
"2,63 : 0.6357"
"63,2 : 0.6357"
"2,64 : 0.7965"
"64,2 : 0.7965"
"2,65 : 0.6379"
"65,2 : 0.6379"
"2,66 : 0.3624"
"66,2 : 0.3624"
"2,67 : 0.8637"
"67,2 : 0.8637"
"2,68 : 0.2766"
"68,2 : 0.2766"
"2,69 : 0.8762"
"69,2 : 0.8762"
"2,70 : 0.5544"
"70,2 : 0.5544"
"2,71 : 0.478"
"71,2 : 0.478"
"2,72 : 0.6935"
"72,2 : 0.6935"
"2,73 : 0.3667"
"73,2 : 0.3667"
"2,74 : 0.2256"
"74,2 : 0.2256"
"2,75 : 0.3178"
"75,2 : 0.3178"
"2,76 : 0.1118"
"76,2 : 0.1118"
"2,77 : 0.6325"
"77,2 : 0.6325"
"2,78 : 0.2088"
"78,2 : 0.2088"
"2,79 : 0.8981"
"79,2 : 0.8981"
"2,80 : 0.6862"
"80,2 : 0.6862"
"2,81 : 0.1697"
"81,2 : 0.1697"
"2,82 : 0.5187"
"82,2 : 0.5187"
"2,83 : 0.1118"
"83,2 : 0.1118"
"2,84 : 0.2025"
"84,2 : 0.2025"
"2,85 : 0.832"
"85,2 : 0.832"
"2,86 : 0.5867"
"86,2 : 0.5867"
"2,87 : 0.2693"
"87,2 : 0.2693"
"2,88 : 0.4328"
"88,2 : 0.4328"
"2,89 : 0.4614"
"89,2 : 0.4614"
"2,90 : 0.9546"
"90,2 : 0.9546"
"2,91 : 0.7094"
"91,2 : 0.7094"
"2,92 : 0.2823"
"92,2 : 0.2823"
"2,93 : 0.9107"
"93,2 : 0.9107"
"2,94 : 0.4206"
"94,2 : 0.4206"
"2,95 : 0.3105"
"95,2 : 0.3105"
"2,96 : 0.2247"
"96,2 : 0.2247"
"2,97 : 0.3523"
"97,2 : 0.3523"
"2,98 : 0.1789"
"98,2 : 0.1789"
"2,99 : 0.1456"
"99,2 : 0.1456"
"3,4 : 0.6022"
"4,3 : 0.6022"
"3,5 : 0.5515"
"5,3 : 0.5515"
"3,6 : 0.7157"
"6,3 : 0.7157"
"3,7 : 0.1844"
"7,3 : 0.1844"
"3,8 : 0.3614"
"8,3 : 0.3614"
"3,9 : 0.5109"
"9,3 : 0.5109"
"3,10 : 0.4941"
"10,3 : 0.4941"
"3,11 : 0.1"
"11,3 : 0.1"
"3,12 : 0.191"
"12,3 : 0.191"
"3,13 : 0.6657"
"13,3 : 0.6657"
"3,14 : 0.8653"
"14,3 : 0.8653"
"3,15 : 0.9014"
"15,3 : 0.9014"
"3,16 : 0.4319"
"16,3 : 0.4319"
"3,17 : 0.7527"
"17,3 : 0.7527"
"3,18 : 0.3833"
"18,3 : 0.3833"
"3,19 : 0.35"
"19,3 : 0.35"
"3,20 : 0.0632"
"20,3 : 0.0632"
"3,21 : 0.2915"
"21,3 : 0.2915"
"3,22 : 0.4741"
"22,3 : 0.4741"
"3,23 : 0.5337"
"23,3 : 0.5337"
"3,24 : 0.7823"
"24,3 : 0.7823"
"3,25 : 0.4115"
"25,3 : 0.4115"
"3,26 : 0.7479"
"26,3 : 0.7479"
"3,27 : 0.525"
"27,3 : 0.525"
"3,28 : 0.389"
"28,3 : 0.389"
"3,29 : 0.7415"
"29,3 : 0.7415"
"3,30 : 0.3864"
"30,3 : 0.3864"
"3,31 : 0.37"
"31,3 : 0.37"
"3,32 : 0.5818"
"32,3 : 0.5818"
"3,33 : 0.6398"
"33,3 : 0.6398"
"3,34 : 0.2807"
"34,3 : 0.2807"
"3,35 : 0.6133"
"35,3 : 0.6133"
"3,36 : 0.7344"
"36,3 : 0.7344"
"3,37 : 0.3956"
"37,3 : 0.3956"
"3,38 : 0.8676"
"38,3 : 0.8676"
"3,39 : 0.5492"
"39,3 : 0.5492"
"3,40 : 0.368"
"40,3 : 0.368"
"3,41 : 0.6845"
"41,3 : 0.6845"
"3,42 : 0.4801"
"42,3 : 0.4801"
"3,43 : 0.4751"
"43,3 : 0.4751"
"3,44 : 0.4072"
"44,3 : 0.4072"
"3,45 : 0.8938"
"45,3 : 0.8938"
"3,46 : 0.3614"
"46,3 : 0.3614"
"3,47 : 0.5162"
"47,3 : 0.5162"
"3,48 : 0.2302"
"48,3 : 0.2302"
"3,49 : 0.3801"
"49,3 : 0.3801"
"3,50 : 0.2864"
"50,3 : 0.2864"
"3,51 : 0.3829"
"51,3 : 0.3829"
"3,52 : 0.5745"
"52,3 : 0.5745"
"3,53 : 0.4383"
"53,3 : 0.4383"
"3,54 : 0.1487"
"54,3 : 0.1487"
"3,55 : 0.8089"
"55,3 : 0.8089"
"3,56 : 0.136"
"56,3 : 0.136"
"3,57 : 0.1063"
"57,3 : 0.1063"
"3,58 : 0.1208"
"58,3 : 0.1208"
"3,59 : 0.4717"
"59,3 : 0.4717"
"3,60 : 0.3354"
"60,3 : 0.3354"
"3,61 : 0.1105"
"61,3 : 0.1105"
"3,62 : 0.2119"
"62,3 : 0.2119"
"3,63 : 0.3574"
"63,3 : 0.3574"
"3,64 : 0.8089"
"64,3 : 0.8089"
"3,65 : 0.7473"
"65,3 : 0.7473"
"3,66 : 0.3306"
"66,3 : 0.3306"
"3,67 : 0.779"
"67,3 : 0.779"
"3,68 : 0.2625"
"68,3 : 0.2625"
"3,69 : 0.8382"
"69,3 : 0.8382"
"3,70 : 0.3362"
"70,3 : 0.3362"
"3,71 : 0.4809"
"71,3 : 0.4809"
"3,72 : 0.4159"
"72,3 : 0.4159"
"3,73 : 0.1044"
"73,3 : 0.1044"
"3,74 : 0.3828"
"74,3 : 0.3828"
"3,75 : 0.4111"
"75,3 : 0.4111"
"3,76 : 0.3785"
"76,3 : 0.3785"
"3,77 : 0.5504"
"77,3 : 0.5504"
"3,78 : 0.1709"
"78,3 : 0.1709"
"3,79 : 0.8273"
"79,3 : 0.8273"
"3,80 : 0.7511"
"80,3 : 0.7511"
"3,81 : 0.3805"
"81,3 : 0.3805"
"3,82 : 0.255"
"82,3 : 0.255"
"3,83 : 0.1676"
"83,3 : 0.1676"
"3,84 : 0.3766"
"84,3 : 0.3766"
"3,85 : 0.5573"
"85,3 : 0.5573"
"3,86 : 0.314"
"86,3 : 0.314"
"3,87 : 0.39"
"87,3 : 0.39"
"3,88 : 0.4305"
"88,3 : 0.4305"
"3,89 : 0.3585"
"89,3 : 0.3585"
"3,90 : 0.8771"
"90,3 : 0.8771"
"3,91 : 0.76"
"91,3 : 0.76"
"3,92 : 0.39"
"92,3 : 0.39"
"3,93 : 0.7716"
"93,3 : 0.7716"
"3,94 : 0.2693"
"94,3 : 0.2693"
"3,95 : 0.0447"
"95,3 : 0.0447"
"3,96 : 0.322"
"96,3 : 0.322"
"3,97 : 0.3015"
"97,3 : 0.3015"
"3,98 : 0.1897"
"98,3 : 0.1897"
"3,99 : 0.1342"
"99,3 : 0.1342"
"4,5 : 0.1414"
"5,4 : 0.1414"
"4,6 : 0.6826"
"6,4 : 0.6826"
"4,7 : 0.6707"
"7,4 : 0.6707"
"4,8 : 0.2953"
"8,4 : 0.2953"
"4,9 : 0.1649"
"9,4 : 0.1649"
"4,10 : 0.7816"
"10,4 : 0.7816"
"4,11 : 0.6081"
"11,4 : 0.6081"
"4,12 : 0.5941"
"12,4 : 0.5941"
"4,13 : 0.8756"
"13,4 : 0.8756"
"4,14 : 0.3701"
"14,4 : 0.3701"
"4,15 : 0.3517"
"15,4 : 0.3517"
"4,16 : 0.536"
"16,4 : 0.536"
"4,17 : 0.4327"
"17,4 : 0.4327"
"4,18 : 0.4657"
"18,4 : 0.4657"
"4,19 : 0.7826"
"19,4 : 0.7826"
"4,20 : 0.5523"
"20,4 : 0.5523"
"4,21 : 0.8931"
"21,4 : 0.8931"
"4,22 : 0.2789"
"22,4 : 0.2789"
"4,23 : 0.6332"
"23,4 : 0.6332"
"4,24 : 0.6081"
"24,4 : 0.6081"
"4,25 : 0.3106"
"25,4 : 0.3106"
"4,26 : 0.3231"
"26,4 : 0.3231"
"4,27 : 0.8315"
"27,4 : 0.8315"
"4,28 : 0.3705"
"28,4 : 0.3705"
"4,29 : 0.5235"
"29,4 : 0.5235"
"4,30 : 0.5608"
"30,4 : 0.5608"
"4,31 : 0.37"
"31,4 : 0.37"
"4,32 : 0.3081"
"32,4 : 0.3081"
"4,33 : 0.1204"
"33,4 : 0.1204"
"4,34 : 0.5148"
"34,4 : 0.5148"
"4,35 : 0.7692"
"35,4 : 0.7692"
"4,36 : 0.6851"
"36,4 : 0.6851"
"4,37 : 0.473"
"37,4 : 0.473"
"4,38 : 0.4438"
"38,4 : 0.4438"
"4,39 : 0.2195"
"39,4 : 0.2195"
"4,40 : 0.7443"
"40,4 : 0.7443"
"4,41 : 0.7066"
"41,4 : 0.7066"
"4,42 : 0.3401"
"42,4 : 0.3401"
"4,43 : 0.7325"
"43,4 : 0.7325"
"4,44 : 1.005"
"44,4 : 1.005"
"4,45 : 0.3421"
"45,4 : 0.3421"
"4,46 : 0.9483"
"46,4 : 0.9483"
"4,47 : 0.327"
"47,4 : 0.327"
"4,48 : 0.394"
"48,4 : 0.394"
"4,49 : 0.6601"
"49,4 : 0.6601"
"4,50 : 0.4607"
"50,4 : 0.4607"
"4,51 : 0.2236"
"51,4 : 0.2236"
"4,52 : 0.05"
"52,4 : 0.05"
"4,53 : 0.559"
"53,4 : 0.559"
"4,54 : 0.65"
"54,4 : 0.65"
"4,55 : 0.5826"
"55,4 : 0.5826"
"4,56 : 0.5009"
"56,4 : 0.5009"
"4,57 : 0.6011"
"57,4 : 0.6011"
"4,58 : 0.6708"
"58,4 : 0.6708"
"4,59 : 0.3106"
"59,4 : 0.3106"
"4,60 : 0.8149"
"60,4 : 0.8149"
"4,61 : 0.6896"
"61,4 : 0.6896"
"4,62 : 0.5104"
"62,4 : 0.5104"
"4,63 : 0.4838"
"63,4 : 0.4838"
"4,64 : 0.5826"
"64,4 : 0.5826"
"4,65 : 0.7529"
"65,4 : 0.7529"
"4,66 : 0.4704"
"66,4 : 0.4704"
"4,67 : 0.3479"
"67,4 : 0.3479"
"4,68 : 0.864"
"68,4 : 0.864"
"4,69 : 0.4875"
"69,4 : 0.4875"
"4,70 : 0.2691"
"70,4 : 0.2691"
"4,71 : 0.478"
"71,4 : 0.478"
"4,72 : 0.5532"
"72,4 : 0.5532"
"4,73 : 0.5045"
"73,4 : 0.5045"
"4,74 : 0.7006"
"74,4 : 0.7006"
"4,75 : 0.6213"
"75,4 : 0.6213"
"4,76 : 0.9014"
"76,4 : 0.9014"
"4,77 : 0.3002"
"77,4 : 0.3002"
"4,78 : 0.5819"
"78,4 : 0.5819"
"4,79 : 0.408"
"79,4 : 0.408"
"4,80 : 0.664"
"80,4 : 0.664"
"4,81 : 0.9454"
"81,4 : 0.9454"
"4,82 : 0.6277"
"82,4 : 0.6277"
"4,83 : 0.7159"
"83,4 : 0.7159"
"4,84 : 0.9571"
"84,4 : 0.9571"
"4,85 : 0.4441"
"85,4 : 0.4441"
"4,86 : 0.5909"
"86,4 : 0.5909"
"4,87 : 0.9862"
"87,4 : 0.9862"
"4,88 : 0.4768"
"88,4 : 0.4768"
"4,89 : 0.3506"
"89,4 : 0.3506"
"4,90 : 0.4258"
"90,4 : 0.4258"
"4,91 : 0.6389"
"91,4 : 0.6389"
"4,92 : 0.6401"
"92,4 : 0.6401"
"4,93 : 0.222"
"93,4 : 0.222"
"4,94 : 0.37"
"94,4 : 0.37"
"4,95 : 0.558"
"95,4 : 0.558"
"4,96 : 0.6329"
"96,4 : 0.6329"
"4,97 : 0.4627"
"97,4 : 0.4627"
"4,98 : 0.7855"
"98,4 : 0.7855"
"4,99 : 0.6754"
"99,4 : 0.6754"
"5,6 : 0.781"
"6,5 : 0.781"
"5,7 : 0.6562"
"7,5 : 0.6562"
"5,8 : 0.2"
"8,5 : 0.2"
"5,9 : 0.2546"
"9,5 : 0.2546"
"5,10 : 0.8223"
"10,5 : 0.8223"
"5,11 : 0.5354"
"11,5 : 0.5354"
"5,12 : 0.5025"
"12,5 : 0.5025"
"5,13 : 0.9378"
"13,5 : 0.9378"
"5,14 : 0.5109"
"14,5 : 0.5109"
"5,15 : 0.4851"
"15,5 : 0.4851"
"5,16 : 0.5924"
"16,5 : 0.5924"
"5,17 : 0.5636"
"17,5 : 0.5636"
"5,18 : 0.3401"
"18,5 : 0.3401"
"5,19 : 0.79"
"19,5 : 0.79"
"5,20 : 0.5124"
"20,5 : 0.5124"
"5,21 : 0.841"
"21,5 : 0.841"
"5,22 : 0.3581"
"22,5 : 0.3581"
"5,23 : 0.7021"
"23,5 : 0.7021"
"5,24 : 0.7262"
"24,5 : 0.7262"
"5,25 : 0.3667"
"25,5 : 0.3667"
"5,26 : 0.4617"
"26,5 : 0.4617"
"5,27 : 0.871"
"27,5 : 0.871"
"5,28 : 0.4215"
"28,5 : 0.4215"
"5,29 : 0.644"
"29,5 : 0.644"
"5,30 : 0.6044"
"30,5 : 0.6044"
"5,31 : 0.2524"
"31,5 : 0.2524"
"5,32 : 0.4187"
"32,5 : 0.4187"
"5,33 : 0.0922"
"33,5 : 0.0922"
"5,34 : 0.5346"
"34,5 : 0.5346"
"5,35 : 0.8367"
"35,5 : 0.8367"
"5,36 : 0.7864"
"36,5 : 0.7864"
"5,37 : 0.3454"
"37,5 : 0.3454"
"5,38 : 0.5846"
"38,5 : 0.5846"
"5,39 : 0.3265"
"39,5 : 0.3265"
"5,40 : 0.7624"
"40,5 : 0.7624"
"5,41 : 0.7963"
"41,5 : 0.7963"
"5,42 : 0.2022"
"42,5 : 0.2022"
"5,43 : 0.7762"
"43,5 : 0.7762"
"5,44 : 0.9585"
"44,5 : 0.9585"
"5,45 : 0.4752"
"45,5 : 0.4752"
"5,46 : 0.9108"
"46,5 : 0.9108"
"5,47 : 0.4187"
"47,5 : 0.4187"
"5,48 : 0.3805"
"48,5 : 0.3805"
"5,49 : 0.6923"
"49,5 : 0.6923"
"5,50 : 0.3547"
"50,5 : 0.3547"
"5,51 : 0.2236"
"51,5 : 0.2236"
"5,52 : 0.0922"
"52,5 : 0.0922"
"5,53 : 0.4272"
"53,5 : 0.4272"
"5,54 : 0.6297"
"54,5 : 0.6297"
"5,55 : 0.7072"
"55,5 : 0.7072"
"5,56 : 0.4768"
"56,5 : 0.4768"
"5,57 : 0.527"
"57,5 : 0.527"
"5,58 : 0.6403"
"58,5 : 0.6403"
"5,59 : 0.1746"
"59,5 : 0.1746"
"5,60 : 0.8122"
"60,5 : 0.8122"
"5,61 : 0.6515"
"61,5 : 0.6515"
"5,62 : 0.4177"
"62,5 : 0.4177"
"5,63 : 0.3624"
"63,5 : 0.3624"
"5,64 : 0.7072"
"64,5 : 0.7072"
"5,65 : 0.8481"
"65,5 : 0.8481"
"5,66 : 0.5045"
"66,5 : 0.5045"
"5,67 : 0.4876"
"67,5 : 0.4876"
"5,68 : 0.8053"
"68,5 : 0.8053"
"5,69 : 0.6239"
"69,5 : 0.6239"
"5,70 : 0.2236"
"70,5 : 0.2236"
"5,71 : 0.5507"
"71,5 : 0.5507"
"5,72 : 0.4238"
"72,5 : 0.4238"
"5,73 : 0.4478"
"73,5 : 0.4478"
"5,74 : 0.7284"
"74,5 : 0.7284"
"5,75 : 0.6648"
"75,5 : 0.6648"
"5,76 : 0.8896"
"76,5 : 0.8896"
"5,77 : 0.4031"
"77,5 : 0.4031"
"5,78 : 0.5722"
"78,5 : 0.5722"
"5,79 : 0.5482"
"79,5 : 0.5482"
"5,80 : 0.7708"
"80,5 : 0.7708"
"5,81 : 0.9192"
"81,5 : 0.9192"
"5,82 : 0.525"
"82,5 : 0.525"
"5,83 : 0.6888"
"83,5 : 0.6888"
"5,84 : 0.9235"
"84,5 : 0.9235"
"5,85 : 0.3027"
"85,5 : 0.3027"
"5,86 : 0.4771"
"86,5 : 0.4771"
"5,87 : 0.9415"
"87,5 : 0.9415"
"5,88 : 0.5371"
"88,5 : 0.5371"
"5,89 : 0.389"
"89,5 : 0.389"
"5,90 : 0.5672"
"90,5 : 0.5672"
"5,91 : 0.7501"
"91,5 : 0.7501"
"5,92 : 0.6768"
"92,5 : 0.6768"
"5,93 : 0.3601"
"93,5 : 0.3601"
"5,94 : 0.3705"
"94,5 : 0.3705"
"5,95 : 0.507"
"95,5 : 0.507"
"5,96 : 0.6549"
"96,5 : 0.6549"
"5,97 : 0.4884"
"97,5 : 0.4884"
"5,98 : 0.7409"
"98,5 : 0.7409"
"5,99 : 0.6476"
"99,5 : 0.6476"
"6,7 : 0.5921"
"7,6 : 0.5921"
"6,8 : 0.7603"
"8,6 : 0.7603"
"6,9 : 0.528"
"9,6 : 0.528"
"6,10 : 0.3689"
"10,6 : 0.3689"
"6,11 : 0.8041"
"11,6 : 0.8041"
"6,12 : 0.8709"
"12,6 : 0.8709"
"6,13 : 0.3089"
"13,6 : 0.3089"
"6,14 : 0.5701"
"14,6 : 0.5701"
"6,15 : 0.6703"
"15,6 : 0.6703"
"6,16 : 0.2844"
"16,6 : 0.2844"
"6,17 : 0.34"
"17,6 : 0.34"
"6,18 : 0.9315"
"18,6 : 0.9315"
"6,19 : 0.5349"
"19,6 : 0.5349"
"6,20 : 0.6592"
"20,6 : 0.6592"
"6,21 : 0.8748"
"21,6 : 0.8748"
"6,22 : 0.4245"
"22,6 : 0.4245"
"6,23 : 0.1924"
"23,6 : 0.1924"
"6,24 : 0.1655"
"24,6 : 0.1655"
"6,25 : 0.4342"
"25,6 : 0.4342"
"6,26 : 0.4639"
"26,6 : 0.4639"
"6,27 : 0.3982"
"27,6 : 0.3982"
"6,28 : 0.3996"
"28,6 : 0.3996"
"6,29 : 0.2209"
"29,6 : 0.2209"
"6,30 : 0.3306"
"30,6 : 0.3306"
"6,31 : 0.846"
"31,6 : 0.846"
"6,32 : 0.3759"
"32,6 : 0.3759"
"6,33 : 0.8016"
"33,6 : 0.8016"
"6,34 : 0.4357"
"34,6 : 0.4357"
"6,35 : 0.2193"
"35,6 : 0.2193"
"6,36 : 0.0224"
"36,6 : 0.0224"
"6,37 : 0.9451"
"37,6 : 0.9451"
"6,38 : 0.4752"
"38,6 : 0.4752"
"6,39 : 0.4632"
"39,6 : 0.4632"
"6,40 : 0.4682"
"40,6 : 0.4682"
"6,41 : 0.064"
"41,6 : 0.064"
"6,42 : 0.9027"
"42,6 : 0.9027"
"6,43 : 0.3354"
"43,6 : 0.3354"
"6,44 : 0.9235"
"44,6 : 0.9235"
"6,45 : 0.6707"
"45,6 : 0.6707"
"6,46 : 0.8412"
"46,6 : 0.8412"
"6,47 : 0.3624"
"47,6 : 0.3624"
"6,48 : 0.5646"
"48,6 : 0.5646"
"6,49 : 0.3785"
"49,6 : 0.3785"
"6,50 : 0.8543"
"50,6 : 0.8543"
"6,51 : 0.5967"
"51,6 : 0.5967"
"6,52 : 0.7103"
"52,6 : 0.7103"
"6,53 : 1.0288"
"53,6 : 1.0288"
"6,54 : 0.6103"
"54,6 : 0.6103"
"6,55 : 0.2285"
"55,6 : 0.2285"
"6,56 : 0.5944"
"56,6 : 0.5944"
"6,57 : 0.806"
"57,6 : 0.806"
"6,58 : 0.6603"
"58,6 : 0.6603"
"6,59 : 0.8732"
"59,6 : 0.8732"
"6,60 : 0.5981"
"60,6 : 0.5981"
"6,61 : 0.7003"
"61,6 : 0.7003"
"6,62 : 0.8322"
"62,6 : 0.8322"
"6,63 : 0.9259"
"63,6 : 0.9259"
"6,64 : 0.2285"
"64,6 : 0.2285"
"6,65 : 0.0728"
"65,6 : 0.0728"
"6,66 : 0.3956"
"66,6 : 0.3956"
"6,67 : 0.471"
"67,6 : 0.471"
"6,68 : 0.8868"
"68,6 : 0.8868"
"6,69 : 0.3785"
"69,6 : 0.3785"
"6,70 : 0.6603"
"70,6 : 0.6603"
"6,71 : 0.2594"
"71,6 : 0.2594"
"6,72 : 1.0107"
"72,6 : 1.0107"
"6,73 : 0.706"
"73,6 : 0.706"
"6,74 : 0.408"
"74,6 : 0.408"
"6,75 : 0.3225"
"75,6 : 0.3225"
"6,76 : 0.6894"
"76,6 : 0.6894"
"6,77 : 0.3828"
"77,6 : 0.3828"
"6,78 : 0.5508"
"78,6 : 0.5508"
"6,79 : 0.461"
"79,6 : 0.461"
"6,80 : 0.064"
"80,6 : 0.064"
"6,81 : 0.7855"
"81,6 : 0.7855"
"6,82 : 0.9368"
"82,6 : 0.9368"
"6,83 : 0.6637"
"83,6 : 0.6637"
"6,84 : 0.8287"
"84,6 : 0.8287"
"6,85 : 1.0245"
"85,6 : 1.0245"
"6,86 : 0.9621"
"86,6 : 0.9621"
"6,87 : 0.9014"
"87,6 : 0.9014"
"6,88 : 0.3008"
"88,6 : 0.3008"
"6,89 : 0.4442"
"89,6 : 0.4442"
"6,90 : 0.5135"
"90,6 : 0.5135"
"6,91 : 0.103"
"91,6 : 0.103"
"6,92 : 0.3551"
"92,6 : 0.3551"
"6,93 : 0.6259"
"93,6 : 0.6259"
"6,94 : 0.5323"
"94,6 : 0.5323"
"6,95 : 0.7021"
"95,6 : 0.7021"
"6,96 : 0.423"
"96,6 : 0.423"
"6,97 : 0.4272"
"97,6 : 0.4272"
"6,98 : 0.7752"
"98,6 : 0.7752"
"6,99 : 0.6507"
"99,6 : 0.6507"
"7,8 : 0.4909"
"8,7 : 0.4909"
"7,9 : 0.542"
"9,7 : 0.542"
"7,10 : 0.3176"
"10,7 : 0.3176"
"7,11 : 0.2828"
"11,7 : 0.2828"
"7,12 : 0.3754"
"12,7 : 0.3754"
"7,13 : 0.4919"
"13,7 : 0.4919"
"7,14 : 0.8628"
"14,7 : 0.8628"
"7,15 : 0.9183"
"15,7 : 0.9183"
"7,16 : 0.3257"
"16,7 : 0.3257"
"7,17 : 0.7072"
"17,7 : 0.7072"
"7,18 : 0.5554"
"18,7 : 0.5554"
"7,19 : 0.1664"
"19,7 : 0.1664"
"7,20 : 0.1709"
"20,7 : 0.1709"
"7,21 : 0.2915"
"21,7 : 0.2915"
"7,22 : 0.4686"
"22,7 : 0.4686"
"7,23 : 0.4005"
"23,7 : 0.4005"
"7,24 : 0.6896"
"24,7 : 0.6896"
"7,25 : 0.4061"
"25,7 : 0.4061"
"7,26 : 0.7355"
"26,7 : 0.7355"
"7,27 : 0.3441"
"27,7 : 0.3441"
"7,28 : 0.3607"
"28,7 : 0.3607"
"7,29 : 0.6671"
"29,7 : 0.6671"
"7,30 : 0.2693"
"30,7 : 0.2693"
"7,31 : 0.5239"
"31,7 : 0.5239"
"7,32 : 0.559"
"32,7 : 0.559"
"7,33 : 0.7355"
"33,7 : 0.7355"
"7,34 : 0.2"
"34,7 : 0.2"
"7,35 : 0.4535"
"35,7 : 0.4535"
"7,36 : 0.6129"
"36,7 : 0.6129"
"7,37 : 0.5686"
"37,7 : 0.5686"
"7,38 : 0.8402"
"38,7 : 0.8402"
"7,39 : 0.5561"
"39,7 : 0.5561"
"7,40 : 0.186"
"40,7 : 0.186"
"7,41 : 0.55"
"41,7 : 0.55"
"7,42 : 0.6297"
"42,7 : 0.6297"
"7,43 : 0.3068"
"43,7 : 0.3068"
"7,44 : 0.3701"
"44,7 : 0.3701"
"7,45 : 0.9121"
"45,7 : 0.9121"
"7,46 : 0.297"
"46,7 : 0.297"
"7,47 : 0.4884"
"47,7 : 0.4884"
"7,48 : 0.2789"
"48,7 : 0.2789"
"7,49 : 0.222"
"49,7 : 0.222"
"7,50 : 0.4569"
"50,7 : 0.4569"
"7,51 : 0.4492"
"51,7 : 0.4492"
"7,52 : 0.6552"
"52,7 : 0.6552"
"7,53 : 0.6191"
"53,7 : 0.6191"
"7,54 : 0.0361"
"54,7 : 0.0361"
"7,55 : 0.728"
"55,7 : 0.728"
"7,56 : 0.1803"
"56,7 : 0.1803"
"7,57 : 0.29"
"57,7 : 0.29"
"7,58 : 0.0762"
"58,7 : 0.0762"
"7,59 : 0.6152"
"59,7 : 0.6152"
"7,60 : 0.1628"
"60,7 : 0.1628"
"7,61 : 0.114"
"61,7 : 0.114"
"7,62 : 0.3895"
"62,7 : 0.3895"
"7,63 : 0.5323"
"63,7 : 0.5323"
"7,64 : 0.728"
"64,7 : 0.728"
"7,65 : 0.6103"
"65,7 : 0.6103"
"7,66 : 0.264"
"66,7 : 0.264"
"7,67 : 0.7642"
"67,7 : 0.7642"
"7,68 : 0.2961"
"68,7 : 0.2961"
"7,69 : 0.7908"
"69,7 : 0.7908"
"7,70 : 0.4329"
"70,7 : 0.4329"
"7,71 : 0.3981"
"71,7 : 0.3981"
"7,72 : 0.5968"
"72,7 : 0.5968"
"7,73 : 0.2563"
"73,7 : 0.2563"
"7,74 : 0.2119"
"74,7 : 0.2119"
"7,75 : 0.2702"
"75,7 : 0.2702"
"7,76 : 0.2335"
"76,7 : 0.2335"
"7,77 : 0.5304"
"77,7 : 0.5304"
"7,78 : 0.0894"
"78,7 : 0.0894"
"7,79 : 0.8028"
"79,7 : 0.8028"
"7,80 : 0.6379"
"80,7 : 0.6379"
"7,81 : 0.2778"
"81,7 : 0.2778"
"7,82 : 0.4384"
"82,7 : 0.4384"
"7,83 : 0.0728"
"83,7 : 0.0728"
"7,84 : 0.2983"
"84,7 : 0.2983"
"7,85 : 0.7212"
"85,7 : 0.7212"
"7,86 : 0.4982"
"86,7 : 0.4982"
"7,87 : 0.3483"
"87,7 : 0.3483"
"7,88 : 0.3489"
"88,7 : 0.3489"
"7,89 : 0.35"
"89,7 : 0.35"
"7,90 : 0.858"
"90,7 : 0.858"
"7,91 : 0.6551"
"91,7 : 0.6551"
"7,92 : 0.2402"
"92,7 : 0.2402"
"7,93 : 0.7988"
"93,7 : 0.7988"
"7,94 : 0.3008"
"94,7 : 0.3008"
"7,95 : 0.2059"
"95,7 : 0.2059"
"7,96 : 0.17"
"96,7 : 0.17"
"7,97 : 0.2476"
"97,7 : 0.2476"
"7,98 : 0.1844"
"98,7 : 0.1844"
"7,99 : 0.0632"
"99,7 : 0.0632"
"8,9 : 0.3007"
"9,8 : 0.3007"
"8,10 : 0.7111"
"10,8 : 0.7111"
"8,11 : 0.3362"
"11,8 : 0.3362"
"8,12 : 0.3041"
"12,8 : 0.3041"
"8,13 : 0.8515"
"13,8 : 0.8515"
"8,14 : 0.6433"
"14,8 : 0.6433"
"8,15 : 0.6426"
"15,8 : 0.6426"
"8,16 : 0.5174"
"16,8 : 0.5174"
"8,17 : 0.628"
"17,8 : 0.628"
"8,18 : 0.191"
"18,8 : 0.191"
"8,19 : 0.6413"
"19,8 : 0.6413"
"8,20 : 0.3314"
"20,8 : 0.3314"
"8,21 : 0.6462"
"21,8 : 0.6462"
"8,22 : 0.3547"
"22,8 : 0.3547"
"8,23 : 0.637"
"23,8 : 0.637"
"8,24 : 0.7485"
"24,8 : 0.7485"
"8,25 : 0.3276"
"25,8 : 0.3276"
"8,26 : 0.5604"
"26,8 : 0.5604"
"8,27 : 0.7564"
"27,8 : 0.7564"
"8,28 : 0.3624"
"28,8 : 0.3624"
"8,29 : 0.6768"
"29,8 : 0.6768"
"8,30 : 0.5104"
"30,8 : 0.5104"
"8,31 : 0.0922"
"31,8 : 0.0922"
"8,32 : 0.4535"
"32,8 : 0.4535"
"8,33 : 0.2921"
"33,8 : 0.2921"
"8,34 : 0.4159"
"34,8 : 0.4159"
"8,35 : 0.7622"
"35,8 : 0.7622"
"8,36 : 0.771"
"36,8 : 0.771"
"8,37 : 0.2022"
"37,8 : 0.2022"
"8,38 : 0.6907"
"38,8 : 0.6907"
"8,39 : 0.3734"
"39,8 : 0.3734"
"8,40 : 0.6264"
"40,8 : 0.6264"
"8,41 : 0.7593"
"41,8 : 0.7593"
"8,42 : 0.1526"
"42,8 : 0.1526"
"8,43 : 0.6712"
"43,8 : 0.6712"
"8,44 : 0.7655"
"44,8 : 0.7655"
"8,45 : 0.6332"
"45,8 : 0.6332"
"8,46 : 0.7228"
"46,8 : 0.7228"
"8,47 : 0.4215"
"47,8 : 0.4215"
"8,48 : 0.2417"
"48,8 : 0.2417"
"8,49 : 0.577"
"49,8 : 0.577"
"8,50 : 0.1655"
"50,8 : 0.1655"
"8,51 : 0.1709"
"51,8 : 0.1709"
"8,52 : 0.2524"
"52,8 : 0.2524"
"8,53 : 0.2927"
"53,8 : 0.2927"
"8,54 : 0.4601"
"54,8 : 0.4601"
"8,55 : 0.7463"
"55,8 : 0.7463"
"8,56 : 0.3126"
"56,8 : 0.3126"
"8,57 : 0.3276"
"57,8 : 0.3276"
"8,58 : 0.4617"
"58,8 : 0.4617"
"8,59 : 0.13"
"59,8 : 0.13"
"8,60 : 0.6528"
"60,8 : 0.6528"
"8,61 : 0.4669"
"61,8 : 0.4669"
"8,62 : 0.2193"
"62,8 : 0.2193"
"8,63 : 0.2002"
"63,8 : 0.2002"
"8,64 : 0.7463"
"64,8 : 0.7463"
"8,65 : 0.8184"
"65,8 : 0.8184"
"8,66 : 0.408"
"66,8 : 0.408"
"8,67 : 0.5908"
"67,8 : 0.5908"
"8,68 : 0.6084"
"68,8 : 0.6084"
"8,69 : 0.7035"
"69,8 : 0.7035"
"8,70 : 0.1"
"70,8 : 0.1"
"8,71 : 0.5045"
"71,8 : 0.5045"
"8,72 : 0.2807"
"72,8 : 0.2807"
"8,73 : 0.2571"
"73,8 : 0.2571"
"8,74 : 0.6054"
"74,8 : 0.6054"
"8,75 : 0.566"
"75,8 : 0.566"
"8,76 : 0.7201"
"76,8 : 0.7201"
"8,77 : 0.4272"
"77,8 : 0.4272"
"8,78 : 0.4159"
"78,8 : 0.4159"
"8,79 : 0.6503"
"79,8 : 0.6503"
"8,80 : 0.7666"
"80,8 : 0.7666"
"8,81 : 0.7382"
"81,8 : 0.7382"
"8,82 : 0.3329"
"82,8 : 0.3329"
"8,83 : 0.5116"
"83,8 : 0.5116"
"8,84 : 0.7376"
"84,8 : 0.7376"
"8,85 : 0.2691"
"85,8 : 0.2691"
"8,86 : 0.2973"
"86,8 : 0.2973"
"8,87 : 0.7495"
"87,8 : 0.7495"
"8,88 : 0.4738"
"88,8 : 0.4738"
"8,89 : 0.3189"
"89,8 : 0.3189"
"8,90 : 0.6836"
"90,8 : 0.6836"
"8,91 : 0.7559"
"91,8 : 0.7559"
"8,92 : 0.5682"
"92,8 : 0.5682"
"8,93 : 0.5092"
"93,8 : 0.5092"
"8,94 : 0.2524"
"94,8 : 0.2524"
"8,95 : 0.3178"
"95,8 : 0.3178"
"8,96 : 0.5292"
"96,8 : 0.5292"
"8,97 : 0.3828"
"97,8 : 0.3828"
"8,98 : 0.5508"
"98,8 : 0.5508"
"8,99 : 0.471"
"99,8 : 0.471"
"9,10 : 0.6201"
"10,9 : 0.6201"
"9,11 : 0.542"
"11,9 : 0.542"
"9,12 : 0.5536"
"12,9 : 0.5536"
"9,13 : 0.7106"
"13,9 : 0.7106"
"9,14 : 0.3625"
"14,9 : 0.3625"
"9,15 : 0.3905"
"15,9 : 0.3905"
"9,16 : 0.3722"
"16,9 : 0.3722"
"9,17 : 0.3298"
"17,9 : 0.3298"
"9,18 : 0.4916"
"18,9 : 0.4916"
"9,19 : 0.636"
"19,9 : 0.636"
"9,20 : 0.4528"
"20,9 : 0.4528"
"9,21 : 0.7925"
"21,9 : 0.7925"
"9,22 : 0.114"
"22,9 : 0.114"
"9,23 : 0.4684"
"23,9 : 0.4684"
"9,24 : 0.4743"
"24,9 : 0.4743"
"9,25 : 0.1513"
"25,9 : 0.1513"
"9,26 : 0.2631"
"26,9 : 0.2631"
"9,27 : 0.6701"
"27,9 : 0.6701"
"9,28 : 0.211"
"28,9 : 0.211"
"9,29 : 0.3945"
"29,9 : 0.3945"
"9,30 : 0.4001"
"30,9 : 0.4001"
"9,31 : 0.392"
"31,9 : 0.392"
"9,32 : 0.1664"
"32,9 : 0.1664"
"9,33 : 0.2773"
"33,9 : 0.2773"
"9,34 : 0.3669"
"34,9 : 0.3669"
"9,35 : 0.6044"
"35,9 : 0.6044"
"9,36 : 0.5326"
"36,9 : 0.5326"
"9,37 : 0.5025"
"37,9 : 0.5025"
"9,38 : 0.3932"
"38,9 : 0.3932"
"9,39 : 0.0762"
"39,9 : 0.0762"
"9,40 : 0.5923"
"40,9 : 0.5923"
"9,41 : 0.5471"
"41,9 : 0.5471"
"9,42 : 0.4085"
"42,9 : 0.4085"
"9,43 : 0.5704"
"43,9 : 0.5704"
"9,44 : 0.8964"
"44,9 : 0.8964"
"9,45 : 0.3829"
"45,9 : 0.3829"
"9,46 : 0.8323"
"46,9 : 0.8323"
"9,47 : 0.1664"
"47,9 : 0.1664"
"9,48 : 0.2828"
"48,9 : 0.2828"
"9,49 : 0.5025"
"49,9 : 0.5025"
"9,50 : 0.4528"
"50,9 : 0.4528"
"9,51 : 0.1456"
"51,9 : 0.1456"
"9,52 : 0.1836"
"52,9 : 0.1836"
"9,53 : 0.593"
"53,9 : 0.593"
"9,54 : 0.527"
"54,9 : 0.527"
"9,55 : 0.4607"
"55,9 : 0.4607"
"9,56 : 0.3895"
"56,9 : 0.3895"
"9,57 : 0.5371"
"57,9 : 0.5371"
"9,58 : 0.5561"
"58,9 : 0.5561"
"9,59 : 0.377"
"59,9 : 0.377"
"9,60 : 0.6742"
"60,9 : 0.6742"
"9,61 : 0.5814"
"61,9 : 0.5814"
"9,62 : 0.478"
"62,9 : 0.478"
"9,63 : 0.5001"
"63,9 : 0.5001"
"9,64 : 0.4607"
"64,9 : 0.4607"
"9,65 : 0.5964"
"65,9 : 0.5964"
"9,66 : 0.3158"
"66,9 : 0.3158"
"9,67 : 0.2943"
"67,9 : 0.2943"
"9,68 : 0.771"
"68,9 : 0.771"
"9,69 : 0.4031"
"69,9 : 0.4031"
"9,70 : 0.2236"
"70,9 : 0.2236"
"9,71 : 0.3132"
"71,9 : 0.3132"
"9,72 : 0.5814"
"72,9 : 0.5814"
"9,73 : 0.4272"
"73,9 : 0.4272"
"9,74 : 0.5445"
"74,9 : 0.5445"
"9,75 : 0.46"
"75,9 : 0.46"
"9,76 : 0.7656"
"76,9 : 0.7656"
"9,77 : 0.1487"
"77,9 : 0.1487"
"9,78 : 0.4528"
"78,9 : 0.4528"
"9,79 : 0.3523"
"79,9 : 0.3523"
"9,80 : 0.5162"
"80,9 : 0.5162"
"9,81 : 0.8199"
"81,9 : 0.8199"
"9,82 : 0.6017"
"82,9 : 0.6017"
"9,83 : 0.5964"
"83,9 : 0.5964"
"9,84 : 0.8376"
"84,9 : 0.8376"
"9,85 : 0.528"
"85,9 : 0.528"
"9,86 : 0.5855"
"86,9 : 0.5855"
"9,87 : 0.8762"
"87,9 : 0.8762"
"9,88 : 0.3126"
"88,9 : 0.3126"
"9,89 : 0.1992"
"89,9 : 0.1992"
"9,90 : 0.3905"
"90,9 : 0.3905"
"9,91 : 0.4958"
"91,9 : 0.4958"
"9,92 : 0.4809"
"92,9 : 0.4809"
"9,93 : 0.2617"
"93,9 : 0.2617"
"9,94 : 0.2484"
"94,9 : 0.2484"
"9,95 : 0.4701"
"95,9 : 0.4701"
"9,96 : 0.4805"
"96,9 : 0.4805"
"9,97 : 0.3132"
"97,9 : 0.3132"
"9,98 : 0.6801"
"98,9 : 0.6801"
"9,99 : 0.558"
"99,9 : 0.558"
"10,11 : 0.5941"
"11,10 : 0.5941"
"10,12 : 0.6825"
"12,10 : 0.6825"
"10,13 : 0.1746"
"13,10 : 0.1746"
"10,14 : 0.8338"
"14,10 : 0.8338"
"10,15 : 0.9171"
"15,10 : 0.9171"
"10,16 : 0.2518"
"16,10 : 0.2518"
"10,17 : 0.6227"
"17,10 : 0.6227"
"10,18 : 0.828"
"18,10 : 0.828"
"10,19 : 0.1903"
"19,10 : 0.1903"
"10,20 : 0.4601"
"20,10 : 0.4601"
"10,21 : 0.5515"
"21,10 : 0.5515"
"10,22 : 0.5104"
"22,10 : 0.5104"
"10,23 : 0.2081"
"23,10 : 0.2081"
"10,24 : 0.5166"
"24,10 : 0.5166"
"10,25 : 0.471"
"25,10 : 0.471"
"10,26 : 0.7058"
"26,10 : 0.7058"
"10,27 : 0.05"
"27,10 : 0.05"
"10,28 : 0.4111"
"28,10 : 0.4111"
"10,29 : 0.5341"
"29,10 : 0.5341"
"10,30 : 0.2209"
"30,10 : 0.2209"
"10,31 : 0.7718"
"31,10 : 0.7718"
"10,32 : 0.5457"
"32,10 : 0.5457"
"10,33 : 0.8797"
"33,10 : 0.8797"
"10,34 : 0.2955"
"34,10 : 0.2955"
"10,35 : 0.1649"
"35,10 : 0.1649"
"10,36 : 0.3912"
"36,10 : 0.3912"
"10,37 : 0.842"
"37,10 : 0.842"
"10,38 : 0.7703"
"38,10 : 0.7703"
"10,39 : 0.593"
"39,10 : 0.593"
"10,40 : 0.136"
"40,10 : 0.136"
"10,41 : 0.3089"
"41,10 : 0.3089"
"10,42 : 0.8631"
"42,10 : 0.8631"
"10,43 : 0.051"
"43,10 : 0.051"
"10,44 : 0.5756"
"44,10 : 0.5756"
"10,45 : 0.9139"
"45,10 : 0.9139"
"10,46 : 0.4937"
"46,10 : 0.4937"
"10,47 : 0.4866"
"47,10 : 0.4866"
"10,48 : 0.4696"
"48,10 : 0.4696"
"10,49 : 0.1342"
"49,10 : 0.1342"
"10,50 : 0.7325"
"50,10 : 0.7325"
"10,51 : 0.5991"
"51,10 : 0.5991"
"10,52 : 0.7864"
"52,10 : 0.7864"
"10,53 : 0.9069"
"53,10 : 0.9069"
"10,54 : 0.3499"
"54,10 : 0.3499"
"10,55 : 0.5728"
"55,10 : 0.5728"
"10,56 : 0.4264"
"56,10 : 0.4264"
"10,57 : 0.6"
"57,10 : 0.6"
"10,58 : 0.3936"
"58,10 : 0.3936"
"10,59 : 0.841"
"59,10 : 0.841"
"10,60 : 0.2502"
"60,10 : 0.2502"
"10,61 : 0.4295"
"61,10 : 0.4295"
"10,62 : 0.679"
"62,10 : 0.679"
"10,63 : 0.8106"
"63,10 : 0.8106"
"10,64 : 0.5728"
"64,10 : 0.5728"
"10,65 : 0.3547"
"65,10 : 0.3547"
"10,66 : 0.3178"
"66,10 : 0.3178"
"10,67 : 0.7262"
"67,10 : 0.7262"
"10,68 : 0.5771"
"68,10 : 0.5771"
"10,69 : 0.6907"
"69,10 : 0.6907"
"10,70 : 0.6239"
"70,10 : 0.6239"
"10,71 : 0.3298"
"71,10 : 0.3298"
"10,72 : 0.8853"
"72,10 : 0.8853"
"10,73 : 0.5376"
"73,10 : 0.5376"
"10,74 : 0.1131"
"74,10 : 0.1131"
"10,75 : 0.1603"
"75,10 : 0.1603"
"10,76 : 0.3298"
"76,10 : 0.3298"
"10,77 : 0.5295"
"77,10 : 0.5295"
"10,78 : 0.3324"
"78,10 : 0.3324"
"10,79 : 0.7424"
"79,10 : 0.7424"
"10,80 : 0.4301"
"80,10 : 0.4301"
"10,81 : 0.4295"
"81,10 : 0.4295"
"10,82 : 0.7481"
"82,10 : 0.7481"
"10,83 : 0.3734"
"83,10 : 0.3734"
"10,84 : 0.4768"
"84,10 : 0.4768"
"10,85 : 0.9725"
"85,10 : 0.9725"
"10,86 : 0.7998"
"86,10 : 0.7998"
"10,87 : 0.5544"
"87,10 : 0.5544"
"10,88 : 0.3114"
"88,10 : 0.3114"
"10,89 : 0.4357"
"89,10 : 0.4357"
"10,90 : 0.8006"
"90,10 : 0.8006"
"10,91 : 0.4623"
"91,10 : 0.4623"
"10,92 : 0.1456"
"92,10 : 0.1456"
"10,93 : 0.8276"
"93,10 : 0.8276"
"10,94 : 0.4624"
"94,10 : 0.4624"
"10,95 : 0.5033"
"95,10 : 0.5033"
"10,96 : 0.186"
"96,10 : 0.186"
"10,97 : 0.3353"
"97,10 : 0.3353"
"10,98 : 0.473"
"98,10 : 0.473"
"10,99 : 0.3801"
"99,10 : 0.3801"
"11,12 : 0.0943"
"12,11 : 0.0943"
"11,13 : 0.7655"
"13,11 : 0.7655"
"11,14 : 0.9035"
"14,11 : 0.9035"
"11,15 : 0.9291"
"15,11 : 0.9291"
"11,16 : 0.5197"
"16,11 : 0.5197"
"11,17 : 0.8125"
"17,11 : 0.8125"
"11,18 : 0.3106"
"18,11 : 0.3106"
"11,19 : 0.4469"
"19,11 : 0.4469"
"11,20 : 0.1456"
"20,11 : 0.1456"
"11,21 : 0.3178"
"21,11 : 0.3178"
"11,22 : 0.525"
"22,11 : 0.525"
"11,23 : 0.6264"
"23,11 : 0.6264"
"11,24 : 0.86"
"24,11 : 0.86"
"11,25 : 0.4657"
"25,11 : 0.4657"
"11,26 : 0.7931"
"26,11 : 0.7931"
"11,27 : 0.6248"
"27,11 : 0.6248"
"11,28 : 0.454"
"28,11 : 0.454"
"11,29 : 0.813"
"29,11 : 0.813"
"11,30 : 0.478"
"30,11 : 0.478"
"11,31 : 0.3202"
"31,11 : 0.3202"
"11,32 : 0.636"
"32,11 : 0.636"
"11,33 : 0.6268"
"33,11 : 0.6268"
"11,34 : 0.3688"
"34,11 : 0.3688"
"11,35 : 0.7111"
"35,11 : 0.7111"
"11,36 : 0.822"
"36,11 : 0.822"
"11,37 : 0.3214"
"37,11 : 0.3214"
"11,38 : 0.9176"
"38,11 : 0.9176"
"11,39 : 0.5909"
"39,11 : 0.5909"
"11,40 : 0.4675"
"40,11 : 0.4675"
"11,41 : 0.7762"
"41,11 : 0.7762"
"11,42 : 0.4295"
"42,11 : 0.4295"
"11,43 : 0.5745"
"43,11 : 0.5745"
"11,44 : 0.4393"
"44,11 : 0.4393"
"11,45 : 0.9209"
"45,11 : 0.9209"
"11,46 : 0.4101"
"46,11 : 0.4101"
"11,47 : 0.5749"
"47,11 : 0.5749"
"11,48 : 0.2789"
"48,11 : 0.2789"
"11,49 : 0.4789"
"49,11 : 0.4789"
"11,50 : 0.2209"
"50,11 : 0.2209"
"11,51 : 0.4022"
"51,11 : 0.4022"
"11,52 : 0.5738"
"52,11 : 0.5738"
"11,53 : 0.3511"
"53,11 : 0.3511"
"11,54 : 0.2476"
"54,11 : 0.2476"
"11,55 : 0.882"
"55,11 : 0.882"
"11,56 : 0.211"
"56,11 : 0.211"
"11,57 : 0.01"
"57,11 : 0.01"
"11,58 : 0.214"
"58,11 : 0.214"
"11,59 : 0.4272"
"59,11 : 0.4272"
"11,60 : 0.4272"
"60,11 : 0.4272"
"11,61 : 0.1924"
"61,11 : 0.1924"
"11,62 : 0.1404"
"62,11 : 0.1404"
"11,63 : 0.2816"
"63,11 : 0.2816"
"11,64 : 0.882"
"64,11 : 0.882"
"11,65 : 0.8393"
"65,11 : 0.8393"
"11,66 : 0.4119"
"66,11 : 0.4119"
"11,67 : 0.8246"
"67,11 : 0.8246"
"11,68 : 0.2751"
"68,11 : 0.2751"
"11,69 : 0.8974"
"69,11 : 0.8974"
"11,70 : 0.3397"
"70,11 : 0.3397"
"11,71 : 0.5608"
"71,11 : 0.5608"
"11,72 : 0.3289"
"72,11 : 0.3289"
"11,73 : 0.117"
"73,11 : 0.117"
"11,74 : 0.4826"
"74,11 : 0.4826"
"11,75 : 0.507"
"75,11 : 0.507"
"11,76 : 0.4588"
"76,11 : 0.4588"
"11,77 : 0.6044"
"77,11 : 0.6044"
"11,78 : 0.2683"
"78,11 : 0.2683"
"11,79 : 0.8766"
"79,11 : 0.8766"
"11,80 : 0.836"
"80,11 : 0.836"
"11,81 : 0.4441"
"81,11 : 0.4441"
"11,82 : 0.1556"
"82,11 : 0.1556"
"11,83 : 0.2555"
"83,11 : 0.2555"
"11,84 : 0.4301"
"84,11 : 0.4301"
"11,85 : 0.4901"
"85,11 : 0.4901"
"11,86 : 0.2195"
"86,11 : 0.2195"
"11,87 : 0.4258"
"87,11 : 0.4258"
"11,88 : 0.5116"
"88,11 : 0.5116"
"11,89 : 0.4177"
"89,11 : 0.4177"
"11,90 : 0.9231"
"90,11 : 0.9231"
"11,91 : 0.8421"
"91,11 : 0.8421"
"11,92 : 0.4875"
"92,11 : 0.4875"
"11,93 : 0.7963"
"93,11 : 0.7963"
"11,94 : 0.3202"
"94,11 : 0.3202"
"11,95 : 0.102"
"95,11 : 0.102"
"11,96 : 0.4206"
"96,11 : 0.4206"
"11,97 : 0.3812"
"97,11 : 0.3812"
"11,98 : 0.2408"
"98,11 : 0.2408"
"11,99 : 0.228"
"99,11 : 0.228"
"12,13 : 0.8521"
"13,12 : 0.8521"
"12,14 : 0.9155"
"14,12 : 0.9155"
"12,15 : 0.9306"
"15,12 : 0.9306"
"12,16 : 0.5882"
"16,12 : 0.5882"
"12,17 : 0.8472"
"17,12 : 0.8472"
"12,18 : 0.2319"
"18,12 : 0.2319"
"12,19 : 0.5404"
"19,12 : 0.5404"
"12,20 : 0.2247"
"20,12 : 0.2247"
"12,21 : 0.3905"
"21,12 : 0.3905"
"12,22 : 0.5558"
"22,12 : 0.5558"
"12,23 : 0.7001"
"23,12 : 0.7001"
"12,24 : 0.9135"
"24,12 : 0.9135"
"12,25 : 0.5016"
"25,12 : 0.5016"
"12,26 : 0.8132"
"26,12 : 0.8132"
"12,27 : 0.7151"
"27,12 : 0.7151"
"12,28 : 0.5004"
"28,12 : 0.5004"
"12,29 : 0.8601"
"29,12 : 0.8601"
"12,30 : 0.5515"
"30,12 : 0.5515"
"12,31 : 0.2642"
"31,12 : 0.2642"
"12,32 : 0.6675"
"32,12 : 0.6675"
"12,33 : 0.5946"
"33,12 : 0.5946"
"12,34 : 0.4401"
"34,12 : 0.4401"
"12,35 : 0.7926"
"35,12 : 0.7926"
"12,36 : 0.8877"
"36,12 : 0.8877"
"12,37 : 0.2408"
"37,12 : 0.2408"
"12,38 : 0.9411"
"38,12 : 0.9411"
"12,39 : 0.6113"
"39,12 : 0.6113"
"12,40 : 0.5587"
"40,12 : 0.5587"
"12,41 : 0.8476"
"41,12 : 0.8476"
"12,42 : 0.3677"
"42,12 : 0.3677"
"12,43 : 0.6603"
"43,12 : 0.6603"
"12,44 : 0.5116"
"44,12 : 0.5116"
"12,45 : 0.9218"
"45,12 : 0.9218"
"12,46 : 0.4916"
"46,12 : 0.4916"
"12,47 : 0.612"
"47,12 : 0.612"
"12,48 : 0.3202"
"48,12 : 0.3202"
"12,49 : 0.563"
"49,12 : 0.563"
"12,50 : 0.1565"
"50,12 : 0.1565"
"12,51 : 0.4085"
"51,12 : 0.4085"
"12,52 : 0.5544"
"52,12 : 0.5544"
"12,53 : 0.2596"
"53,12 : 0.2596"
"12,54 : 0.3397"
"54,12 : 0.3397"
"12,55 : 0.9302"
"55,12 : 0.9302"
"12,56 : 0.2786"
"56,12 : 0.2786"
"12,57 : 0.086"
"57,12 : 0.086"
"12,58 : 0.3081"
"58,12 : 0.3081"
"12,59 : 0.3712"
"59,12 : 0.3712"
"12,60 : 0.5215"
"60,12 : 0.5215"
"12,61 : 0.2865"
"61,12 : 0.2865"
"12,62 : 0.0849"
"62,12 : 0.0849"
"12,63 : 0.201"
"63,12 : 0.201"
"12,64 : 0.9302"
"64,12 : 0.9302"
"12,65 : 0.9108"
"65,12 : 0.9108"
"12,66 : 0.4754"
"66,12 : 0.4754"
"12,67 : 0.8448"
"67,12 : 0.8448"
"12,68 : 0.3423"
"68,12 : 0.3423"
"12,69 : 0.9306"
"69,12 : 0.9306"
"12,70 : 0.3354"
"70,12 : 0.3354"
"12,71 : 0.6198"
"71,12 : 0.6198"
"12,72 : 0.2377"
"72,12 : 0.2377"
"12,73 : 0.1649"
"73,12 : 0.1649"
"12,74 : 0.5701"
"74,12 : 0.5701"
"12,75 : 0.5859"
"75,12 : 0.5859"
"12,76 : 0.5515"
"76,12 : 0.5515"
"12,77 : 0.6364"
"77,12 : 0.6364"
"12,78 : 0.3523"
"78,12 : 0.3523"
"12,79 : 0.8999"
"79,12 : 0.8999"
"12,80 : 0.8982"
"80,12 : 0.8982"
"12,81 : 0.5315"
"81,12 : 0.5315"
"12,82 : 0.0671"
"82,12 : 0.0671"
"12,83 : 0.3499"
"83,12 : 0.3499"
"12,84 : 0.5135"
"84,12 : 0.5135"
"12,85 : 0.4119"
"85,12 : 0.4119"
"12,86 : 0.1253"
"86,12 : 0.1253"
"12,87 : 0.5004"
"87,12 : 0.5004"
"12,88 : 0.5727"
"88,12 : 0.5727"
"12,89 : 0.46"
"89,12 : 0.46"
"12,90 : 0.9425"
"90,12 : 0.9425"
"12,91 : 0.9009"
"91,12 : 0.9009"
"12,92 : 0.5694"
"92,12 : 0.5694"
"12,93 : 0.7965"
"93,12 : 0.7965"
"12,94 : 0.36"
"94,12 : 0.36"
"12,95 : 0.1803"
"95,12 : 0.1803"
"12,96 : 0.5048"
"96,12 : 0.5048"
"12,97 : 0.4438"
"97,12 : 0.4438"
"12,98 : 0.3276"
"98,12 : 0.3276"
"12,99 : 0.322"
"99,12 : 0.322"
"13,14 : 0.8551"
"14,13 : 0.8551"
"13,15 : 0.9489"
"15,13 : 0.9489"
"13,16 : 0.3454"
"16,13 : 0.3454"
"13,17 : 0.6282"
"17,13 : 0.6282"
"13,18 : 0.9841"
"18,13 : 0.9841"
"13,19 : 0.359"
"19,13 : 0.359"
"13,20 : 0.628"
"20,13 : 0.628"
"13,21 : 0.7185"
"21,13 : 0.7185"
"13,22 : 0.5967"
