x,y
75,33
60,26
93,30
48,88
27,80
35,74
13,37
97,58
100,32
88,97
26,91
99,83
85,49
51,22
63,56
66,44
16,69
61,34
41,66
13,54
70,99
85,20
38,72
6,1
62,94
60,97
38,96
46,5
89,5
85,33
18,65
18,10
27,61
70,68
21,64
11,22
87,96
87,83
69,84
33,99
56,80
71,19
40,17
41,20
34,91
6,68
44,91
10,73
27,52
89,86
50,30
65,1
95,67
39,79
75,77
100,35
31,19
7,27
10,21
9,57
59,88
97,55
70,82
92,93
93,94
40,26
86,93
85,94
54,6
3,51
53,82
83,70
18,14
73,34
39,86
70,90
17,20
27,28
17,71
8,63
1,11
78,76
99,74
89,8
44,56
90,5
52,12
33,99
25,23
8,85
13,95
81,88
90,59
24,78
23,24
49,38
20,23
14,54
66,54
21,40

Distanze
"0,0 : 0.0"
"0,1 : 16.55"
"0,2 : 18.25"
"0,3 : 61.27"
"0,4 : 67.18"
"0,5 : 57.28"
"0,6 : 62.13"
"0,7 : 33.3"
"0,8 : 25.02"
"0,9 : 65.31"
"0,10 : 75.93"
"0,11 : 55.46"
"0,12 : 18.87"
"0,13 : 26.4"
"0,14 : 25.94"
"0,15 : 14.21"
"0,16 : 69.12"
"0,17 : 14.04"
"0,18 : 47.38"
"0,19 : 65.46"
"0,20 : 66.19"
"0,21 : 16.4"
"0,22 : 53.76"
"0,23 : 76.06"
"0,24 : 62.37"
"0,25 : 65.73"
"0,26 : 73.06"
"0,27 : 40.31"
"0,28 : 31.3"
"0,29 : 10.0"
"0,30 : 65.37"
"0,31 : 61.47"
"0,32 : 55.57"
"0,33 : 35.36"
"0,34 : 62.27"
"0,35 : 64.94"
"0,36 : 64.13"
"0,37 : 51.42"
"0,38 : 51.35"
"0,39 : 78.23"
"0,40 : 50.7"
"0,41 : 14.56"
"0,42 : 38.48"
"0,43 : 36.4"
"0,44 : 71.03"
"0,45 : 77.37"
"0,46 : 65.76"
"0,47 : 76.32"
"0,48 : 51.62"
"0,49 : 54.82"
"0,50 : 25.18"
"0,51 : 33.53"
"0,52 : 39.45"
"0,53 : 58.41"
"0,54 : 44.0"
"0,55 : 25.08"
"0,56 : 46.17"
"0,57 : 68.26"
"0,58 : 66.1"
"0,59 : 70.23"
"0,60 : 57.28"
"0,61 : 31.11"
"0,62 : 49.25"
"0,63 : 62.36"
"0,64 : 63.6"
"0,65 : 35.69"
"0,66 : 61.0"
"0,67 : 61.81"
"0,68 : 34.21"
"0,69 : 74.22"
"0,70 : 53.71"
"0,71 : 37.85"
"0,72 : 60.08"
"0,73 : 2.24"
"0,74 : 64.07"
"0,75 : 57.22"
"0,76 : 59.44"
"0,77 : 48.26"
"0,78 : 69.34"
"0,79 : 73.41"
"0,80 : 77.2"
"0,81 : 43.1"
"0,82 : 47.51"
"0,83 : 28.65"
"0,84 : 38.6"
"0,85 : 31.76"
"0,86 : 31.14"
"0,87 : 78.23"
"0,88 : 50.99"
"0,89 : 84.81"
"0,90 : 87.68"
"0,91 : 55.33"
"0,92 : 30.02"
"0,93 : 68.01"
"0,94 : 52.77"
"0,95 : 26.48"
"0,96 : 55.9"
"0,97 : 64.51"
"0,98 : 22.85"
"0,99 : 54.45"
"1,0 : 16.55"
"1,1 : 0.0"
"1,2 : 33.24"
"1,3 : 63.15"
"1,4 : 63.29"
"1,5 : 54.12"
"1,6 : 48.27"
"1,7 : 48.92"
"1,8 : 40.45"
"1,9 : 76.32"
"1,10 : 73.36"
"1,11 : 69.07"
"1,12 : 33.97"
"1,13 : 9.85"
"1,14 : 30.15"
"1,15 : 18.97"
"1,16 : 61.52"
"1,17 : 8.06"
"1,18 : 44.28"
"1,19 : 54.71"
"1,20 : 73.68"
"1,21 : 25.71"
"1,22 : 50.99"
"1,23 : 59.51"
"1,24 : 68.03"
"1,25 : 71.0"
"1,26 : 73.38"
"1,27 : 25.24"
"1,28 : 35.81"
"1,29 : 25.96"
"1,30 : 57.31"
"1,31 : 44.94"
"1,32 : 48.1"
"1,33 : 43.17"
"1,34 : 54.45"
"1,35 : 49.16"
"1,36 : 75.03"
"1,37 : 63.07"
"1,38 : 58.69"
"1,39 : 77.83"
"1,40 : 54.15"
"1,41 : 13.04"
"1,42 : 21.93"
"1,43 : 19.92"
"1,44 : 70.01"
"1,45 : 68.41"
"1,46 : 66.94"
"1,47 : 68.62"
"1,48 : 42.01"
"1,49 : 66.64"
"1,50 : 10.77"
"1,51 : 25.5"
"1,52 : 53.91"
"1,53 : 57.01"
"1,54 : 53.16"
"1,55 : 41.0"
"1,56 : 29.83"
"1,57 : 53.01"
"1,58 : 50.25"
"1,59 : 59.68"
"1,60 : 62.01"
"1,61 : 47.01"
"1,62 : 56.89"
"1,63 : 74.25"
"1,64 : 75.58"
"1,65 : 20.0"
"1,66 : 71.87"
"1,67 : 72.45"
"1,68 : 20.88"
"1,69 : 62.24"
"1,70 : 56.44"
"1,71 : 49.65"
"1,72 : 43.68"
"1,73 : 15.26"
"1,74 : 63.57"
"1,75 : 64.78"
"1,76 : 43.42"
"1,77 : 33.06"
"1,78 : 62.24"
"1,79 : 63.82"
"1,80 : 60.88"
"1,81 : 53.14"
"1,82 : 61.85"
"1,83 : 34.13"
"1,84 : 34.0"
"1,85 : 36.62"
"1,86 : 16.12"
"1,87 : 77.83"
"1,88 : 35.13"
"1,89 : 78.64"
"1,90 : 83.49"
"1,91 : 65.46"
"1,92 : 44.6"
"1,93 : 63.25"
"1,94 : 37.05"
"1,95 : 16.28"
"1,96 : 40.11"
"1,97 : 53.85"
"1,98 : 28.64"
"1,99 : 41.44"
"2,0 : 18.25"
"2,1 : 33.24"
"2,2 : 0.0"
"2,3 : 73.41"
"2,4 : 82.8"
"2,5 : 72.8"
"2,6 : 80.31"
"2,7 : 28.28"
"2,8 : 7.28"
"2,9 : 67.19"
"2,10 : 90.61"
"2,11 : 53.34"
"2,12 : 20.62"
"2,13 : 42.76"
"2,14 : 39.7"
"2,15 : 30.41"
"2,16 : 86.31"
"2,17 : 32.25"
"2,18 : 63.25"
"2,19 : 83.52"
"2,20 : 72.73"
"2,21 : 12.81"
"2,22 : 69.2"
"2,23 : 91.71"
"2,24 : 71.11"
"2,25 : 74.69"
"2,26 : 85.91"
"2,27 : 53.24"
"2,28 : 25.32"
"2,29 : 8.54"
"2,30 : 82.76"
"2,31 : 77.62"
"2,32 : 72.92"
"2,33 : 44.42"
"2,34 : 79.62"
"2,35 : 82.39"
"2,36 : 66.27"
"2,37 : 53.34"
"2,38 : 59.09"
"2,39 : 91.44"
"2,40 : 62.2"
"2,41 : 24.6"
"2,42 : 54.57"
"2,43 : 52.95"
"2,44 : 84.86"
"2,45 : 94.94"
"2,46 : 78.24"
"2,47 : 93.48"
"2,48 : 69.57"
"2,49 : 56.14"
"2,50 : 43.0"
"2,51 : 40.31"
"2,52 : 37.05"
"2,53 : 72.92"
"2,54 : 50.33"
"2,55 : 8.6"
"2,56 : 62.97"
"2,57 : 86.05"
"2,58 : 83.49"
"2,59 : 88.23"
"2,60 : 67.23"
"2,61 : 25.32"
"2,62 : 56.86"
"2,63 : 63.01"
"2,64 : 64.0"
"2,65 : 53.15"
"2,66 : 63.39"
"2,67 : 64.5"
"2,68 : 45.79"
"2,69 : 92.42"
"2,70 : 65.6"
"2,71 : 41.23"
"2,72 : 76.69"
"2,73 : 20.4"
"2,74 : 77.79"
"2,75 : 64.26"
"2,76 : 76.66"
"2,77 : 66.03"
"2,78 : 86.35"
"2,79 : 91.18"
"2,80 : 93.94"
"2,81 : 48.38"
"2,82 : 44.41"
"2,83 : 22.36"
"2,84 : 55.47"
"2,85 : 25.18"
"2,86 : 44.78"
"2,87 : 91.44"
"2,88 : 68.36"
"2,89 : 101.24"
"2,90 : 103.08"
"2,91 : 59.23"
"2,92 : 29.15"
"2,93 : 84.05"
"2,94 : 70.26"
"2,95 : 44.72"
"2,96 : 73.33"
"2,97 : 82.57"
"2,98 : 36.12"
"2,99 : 72.69"
"3,0 : 61.27"
"3,1 : 63.15"
"3,2 : 73.41"
"3,3 : 0.0"
"3,4 : 22.47"
"3,5 : 19.1"
"3,6 : 61.85"
"3,7 : 57.45"
"3,8 : 76.42"
"3,9 : 41.0"
"3,10 : 22.2"
"3,11 : 51.24"
"3,12 : 53.76"
"3,13 : 66.07"
"3,14 : 35.34"
"3,15 : 47.54"
"3,16 : 37.22"
"3,17 : 55.54"
"3,18 : 23.09"
"3,19 : 48.8"
"3,20 : 24.6"
"3,21 : 77.41"
"3,22 : 18.87"
"3,23 : 96.61"
"3,24 : 15.23"
"3,25 : 15.0"
"3,26 : 12.81"
"3,27 : 83.02"
"3,28 : 92.57"
"3,29 : 66.29"
"3,30 : 37.8"
"3,31 : 83.57"
"3,32 : 34.21"
"3,33 : 29.73"
"3,34 : 36.12"
"3,35 : 75.66"
"3,36 : 39.81"
"3,37 : 39.32"
"3,38 : 21.38"
"3,39 : 18.6"
"3,40 : 11.31"
"3,41 : 72.73"
"3,42 : 71.45"
"3,43 : 68.36"
"3,44 : 14.32"
"3,45 : 46.52"
"3,46 : 5.0"
"3,47 : 40.85"
"3,48 : 41.68"
"3,49 : 41.05"
"3,50 : 58.03"
"3,51 : 88.65"
"3,52 : 51.48"
"3,53 : 12.73"
"3,54 : 29.15"
"3,55 : 74.25"
"3,56 : 71.06"
"3,57 : 73.5"
"3,58 : 77.03"
"3,59 : 49.82"
"3,60 : 11.0"
"3,61 : 59.08"
"3,62 : 22.8"
"3,63 : 44.28"
"3,64 : 45.4"
"3,65 : 62.51"
"3,66 : 38.33"
"3,67 : 37.48"
"3,68 : 82.22"
"3,69 : 58.26"
"3,70 : 7.81"
"3,71 : 39.36"
"3,72 : 79.85"
"3,73 : 59.51"
"3,74 : 9.22"
"3,75 : 22.09"
"3,76 : 74.73"
"3,77 : 63.57"
"3,78 : 35.36"
"3,79 : 47.17"
"3,80 : 90.21"
"3,81 : 32.31"
"3,82 : 52.89"
"3,83 : 89.89"
"3,84 : 32.25"
"3,85 : 93.02"
"3,86 : 76.11"
"3,87 : 18.6"
"3,88 : 68.95"
"3,89 : 40.11"
"3,90 : 35.69"
"3,91 : 33.0"
"3,92 : 51.04"
"3,93 : 26.0"
"3,94 : 68.71"
"3,95 : 50.01"
"3,96 : 70.77"
"3,97 : 48.08"
"3,98 : 38.47"
"3,99 : 55.07"
"4,0 : 67.18"
"4,1 : 63.29"
"4,2 : 82.8"
"4,3 : 22.47"
"4,4 : 0.0"
"4,5 : 10.0"
"4,6 : 45.22"
"4,7 : 73.38"
"4,8 : 87.37"
"4,9 : 63.32"
"4,10 : 11.05"
"4,11 : 72.06"
"4,12 : 65.76"
"4,13 : 62.77"
"4,14 : 43.27"
"4,15 : 53.08"
"4,16 : 15.56"
"4,17 : 57.2"
"4,18 : 19.8"
"4,19 : 29.53"
"4,20 : 47.01"
"4,21 : 83.45"
"4,22 : 13.6"
"4,23 : 81.74"
"4,24 : 37.7"
"4,25 : 37.12"
"4,26 : 19.42"
"4,27 : 77.37"
"4,28 : 97.31"
"4,29 : 74.65"
"4,30 : 17.49"
"4,31 : 70.58"
"4,32 : 19.0"
"4,33 : 44.64"
"4,34 : 17.09"
"4,35 : 60.17"
"4,36 : 62.1"
"4,37 : 60.07"
"4,38 : 42.19"
"4,39 : 19.92"
"4,40 : 29.0"
"4,41 : 75.21"
"4,42 : 64.33"
"4,43 : 61.61"
"4,44 : 13.04"
"4,45 : 24.19"
"4,46 : 20.25"
"4,47 : 18.38"
"4,48 : 28.0"
"4,49 : 62.29"
"4,50 : 55.04"
"4,51 : 87.66"
"4,52 : 69.23"
"4,53 : 12.04"
"4,54 : 48.09"
"4,55 : 85.76"
"4,56 : 61.13"
"4,57 : 56.65"
"4,58 : 61.4"
"4,59 : 29.21"
"4,60 : 32.98"
"4,61 : 74.33"
"4,62 : 43.05"
"4,63 : 66.29"
"4,64 : 67.47"
"4,65 : 55.54"
"4,66 : 60.42"
"4,67 : 59.67"
"4,68 : 78.77"
"4,69 : 37.64"
"4,70 : 26.08"
"4,71 : 56.89"
"4,72 : 66.61"
"4,73 : 65.05"
"4,74 : 13.42"
"4,75 : 44.15"
"4,76 : 60.83"
"4,77 : 52.0"
"4,78 : 13.45"
"4,79 : 25.5"
"4,80 : 73.74"
"4,81 : 51.16"
"4,82 : 72.25"
"4,83 : 95.02"
"4,84 : 29.41"
"4,85 : 97.95"
"4,86 : 72.45"
"4,87 : 19.92"
"4,88 : 57.04"
"4,89 : 19.65"
"4,90 : 20.52"
"4,91 : 54.59"
"4,92 : 66.41"
"4,93 : 3.61"
"4,94 : 56.14"
"4,95 : 47.41"
"4,96 : 57.43"
"4,97 : 29.07"
"4,98 : 46.87"
"4,99 : 40.45"
"5,0 : 57.28"
"5,1 : 54.12"
"5,2 : 72.8"
"5,3 : 19.1"
"5,4 : 10.0"
"5,5 : 0.0"
"5,6 : 43.05"
"5,7 : 64.03"
"5,8 : 77.39"
"5,9 : 57.78"
"5,10 : 19.24"
"5,11 : 64.63"
"5,12 : 55.9"
"5,13 : 54.41"
"5,14 : 33.29"
"5,15 : 43.14"
"5,16 : 19.65"
"5,17 : 47.71"
"5,18 : 10.0"
"5,19 : 29.73"
"5,20 : 43.01"
"5,21 : 73.59"
"5,22 : 3.61"
"5,23 : 78.55"
"5,24 : 33.6"
"5,25 : 33.97"
"5,26 : 22.2"
"5,27 : 69.87"
"5,28 : 87.62"
"5,29 : 64.66"
"5,30 : 19.24"
"5,31 : 66.22"
"5,32 : 15.26"
"5,33 : 35.51"
"5,34 : 17.2"
"5,35 : 57.27"
"5,36 : 56.46"
"5,37 : 52.77"
"5,38 : 35.44"
"5,39 : 25.08"
"5,40 : 21.84"
"5,41 : 65.73"
"5,42 : 57.22"
"5,43 : 54.33"
"5,44 : 17.03"
"5,45 : 29.61"
"5,46 : 19.24"
"5,47 : 25.02"
"5,48 : 23.41"
"5,49 : 55.32"
"5,50 : 46.49"
"5,51 : 78.92"
"5,52 : 60.41"
"5,53 : 6.4"
"5,54 : 40.11"
"5,55 : 75.8"
"5,56 : 55.15"
"5,57 : 54.71"
"5,58 : 58.6"
"5,59 : 31.06"
"5,60 : 27.78"
"5,61 : 64.85"
"5,62 : 35.9"
"5,63 : 60.08"
"5,64 : 61.35"
"5,65 : 48.26"
"5,66 : 54.42"
"5,67 : 53.85"
"5,68 : 70.6"
"5,69 : 39.41"
"5,70 : 19.7"
"5,71 : 48.17"
"5,72 : 62.36"
"5,73 : 55.17"
"5,74 : 12.65"
"5,75 : 38.48"
"5,76 : 56.92"
"5,77 : 46.69"
"5,78 : 18.25"
"5,79 : 29.15"
"5,80 : 71.59"
"5,81 : 43.05"
"5,82 : 64.0"
"5,83 : 85.28"
"5,84 : 20.12"
"5,85 : 88.24"
"5,86 : 64.29"
"5,87 : 25.08"
"5,88 : 51.97"
"5,89 : 29.15"
"5,90 : 30.41"
"5,91 : 48.08"
"5,92 : 57.01"
"5,93 : 11.7"
"5,94 : 51.42"
"5,95 : 38.63"
"5,96 : 53.16"
"5,97 : 29.0"
"5,98 : 36.89"
"5,99 : 36.77"
"6,0 : 62.13"
"6,1 : 48.27"
"6,2 : 80.31"
"6,3 : 61.85"
"6,4 : 45.22"
"6,5 : 43.05"
"6,6 : 0.0"
"6,7 : 86.59"
"6,8 : 87.14"
"6,9 : 96.05"
"6,10 : 55.54"
"6,11 : 97.53"
"6,12 : 72.99"
"6,13 : 40.85"
"6,14 : 53.49"
"6,15 : 53.46"
"6,16 : 32.14"
"6,17 : 48.09"
"6,18 : 40.31"
"6,19 : 17.0"
"6,20 : 84.22"
"6,21 : 73.98"
"6,22 : 43.01"
"6,23 : 36.67"
"6,24 : 75.17"
"6,25 : 76.22"
"6,26 : 64.08"
"6,27 : 45.97"
"6,28 : 82.46"
"6,29 : 72.11"
"6,30 : 28.44"
"6,31 : 27.46"
"6,32 : 27.78"
"6,33 : 64.88"
"6,34 : 28.16"
"6,35 : 15.13"
"6,36 : 94.64"
"6,37 : 87.13"
"6,38 : 73.11"
"6,39 : 65.15"
"6,40 : 60.81"
"6,41 : 60.73"
"6,42 : 33.6"
"6,43 : 32.76"
"6,44 : 57.94"
"6,45 : 31.78"
"6,46 : 62.27"
"6,47 : 36.12"
"6,48 : 20.52"
"6,49 : 90.43"
"6,50 : 37.66"
"6,51 : 63.25"
"6,52 : 87.32"
"6,53 : 49.4"
"6,54 : 73.78"
"6,55 : 87.02"
"6,56 : 25.46"
"6,57 : 11.66"
"6,58 : 16.28"
"6,59 : 20.4"
"6,60 : 68.68"
"6,61 : 85.91"
"6,62 : 72.62"
"6,63 : 96.83"
"6,64 : 98.23"
"6,65 : 29.15"
"6,66 : 92.01"
"6,67 : 91.83"
"6,68 : 51.4"
"6,69 : 17.2"
"6,70 : 60.21"
"6,71 : 77.39"
"6,72 : 23.54"
"6,73 : 60.07"
"6,74 : 55.47"
"6,75 : 77.83"
"6,76 : 17.46"
"6,77 : 16.64"
"6,78 : 34.23"
"6,79 : 26.48"
"6,80 : 28.64"
"6,81 : 75.8"
"6,82 : 93.62"
"6,83 : 81.34"
"6,84 : 36.36"
"6,85 : 83.38"
"6,86 : 46.32"
"6,87 : 65.15"
"6,88 : 18.44"
"6,89 : 48.26"
"6,90 : 58.0"
"6,91 : 85.0"
"6,92 : 80.08"
"6,93 : 42.45"
"6,94 : 16.4"
"6,95 : 36.01"
"6,96 : 15.65"
"6,97 : 17.03"
"6,98 : 55.66"
"6,99 : 8.54"
"7,0 : 33.3"
"7,1 : 48.92"
"7,2 : 28.28"
"7,3 : 57.45"
"7,4 : 73.38"
"7,5 : 64.03"
"7,6 : 86.59"
"7,7 : 0.0"
"7,8 : 26.17"
"7,9 : 40.02"
"7,10 : 78.29"
"7,11 : 25.08"
"7,12 : 15.0"
"7,13 : 58.41"
"7,14 : 34.06"
"7,15 : 34.01"
"7,16 : 81.74"
"7,17 : 43.27"
"7,18 : 56.57"
"7,19 : 84.1"
"7,20 : 49.09"
"7,21 : 39.85"
"7,22 : 60.64"
"7,23 : 107.38"
"7,24 : 50.21"
"7,25 : 53.76"
"7,26 : 70.18"
"7,27 : 73.55"
"7,28 : 53.6"
"7,29 : 27.73"
"7,30 : 79.31"
"7,31 : 92.44"
"7,32 : 70.06"
"7,33 : 28.79"
"7,34 : 76.24"
"7,35 : 93.23"
"7,36 : 39.29"
"7,37 : 26.93"
"7,38 : 38.21"
"7,39 : 76.01"
"7,40 : 46.53"
"7,41 : 46.87"
"7,42 : 70.21"
"7,43 : 67.68"
"7,44 : 71.12"
"7,45 : 91.55"
"7,46 : 62.43"
"7,47 : 88.28"
"7,48 : 70.26"
"7,49 : 29.12"
"7,50 : 54.71"
"7,51 : 65.37"
"7,52 : 9.22"
"7,53 : 61.68"
"7,54 : 29.07"
"7,55 : 23.19"
"7,56 : 76.66"
"7,57 : 95.19"
"7,58 : 94.54"
"7,59 : 88.01"
"7,60 : 48.41"
"7,61 : 3.0"
"7,62 : 36.12"
"7,63 : 35.36"
"7,64 : 36.22"
"7,65 : 65.37"
"7,66 : 36.69"
"7,67 : 37.95"
"7,68 : 67.48"
"7,69 : 94.26"
"7,70 : 50.12"
"7,71 : 18.44"
"7,72 : 90.43"
"7,73 : 33.94"
"7,74 : 64.4"
"7,75 : 41.87"
"7,76 : 88.57"
"7,77 : 76.16"
"7,78 : 81.05"
"7,79 : 89.14"
"7,80 : 106.89"
"7,81 : 26.17"
"7,82 : 16.12"
"7,83 : 50.64"
"7,84 : 53.04"
"7,85 : 53.46"
"7,86 : 64.35"
"7,87 : 76.01"
"7,88 : 80.06"
"7,89 : 93.01"
"7,90 : 91.79"
"7,91 : 34.0"
"7,92 : 7.07"
"7,93 : 75.69"
"7,94 : 81.44"
"7,95 : 52.0"
"7,96 : 84.58"
"7,97 : 83.1"
"7,98 : 31.26"
"7,99 : 78.1"
"8,0 : 25.02"
"8,1 : 40.45"
"8,2 : 7.28"
"8,3 : 76.42"
"8,4 : 87.37"
"8,5 : 77.39"
"8,6 : 87.14"
"8,7 : 26.17"
"8,8 : 0.0"
"8,9 : 66.1"
"8,10 : 94.64"
"8,11 : 51.01"
"8,12 : 22.67"
"8,13 : 50.01"
"8,14 : 44.1"
"8,15 : 36.06"
"8,16 : 91.79"
"8,17 : 39.05"
"8,18 : 68.1"
"8,19 : 89.74"
"8,20 : 73.41"
"8,21 : 19.21"
"8,22 : 73.78"
"8,23 : 98.98"
"8,24 : 72.72"
"8,25 : 76.32"
"8,26 : 89.11"
"8,27 : 60.37"
"8,28 : 29.15"
"8,29 : 15.03"
"8,30 : 88.39"
"8,31 : 84.9"
"8,32 : 78.55"
"8,33 : 46.86"
"8,34 : 85.23"
"8,35 : 89.56"
"8,36 : 65.31"
"8,37 : 52.63"
"8,38 : 60.54"
"8,39 : 94.75"
"8,40 : 65.12"
"8,41 : 31.78"
"8,42 : 61.85"
"8,43 : 60.21"
"8,44 : 88.53"
"8,45 : 100.66"
"8,46 : 81.34"
"8,47 : 98.9"
"8,48 : 75.69"
"8,49 : 55.11"
"8,50 : 50.04"
"8,51 : 46.75"
"8,52 : 35.36"
"8,53 : 77.01"
"8,54 : 51.48"
"8,55 : 3.0"
"8,56 : 70.21"
"8,57 : 93.13"
"8,58 : 90.67"
"8,59 : 94.37"
"8,60 : 69.4"
"8,61 : 23.19"
"8,62 : 58.31"
"8,63 : 61.52"
"8,64 : 62.39"
"8,65 : 60.3"
"8,66 : 62.59"
"8,67 : 63.79"
"8,68 : 52.84"
"8,69 : 98.84"
"8,70 : 68.62"
"8,71 : 41.63"
"8,72 : 83.95"
"8,73 : 27.07"
"8,74 : 81.47"
"8,75 : 65.3"
"8,76 : 83.86"
"8,77 : 73.11"
"8,78 : 91.71"
"8,79 : 97.08"
"8,80 : 101.2"
"8,81 : 49.19"
"8,82 : 42.01"
"8,83 : 26.4"
"8,84 : 60.93"
"8,85 : 28.79"
"8,86 : 52.0"
"8,87 : 94.75"
"8,88 : 75.54"
"8,89 : 106.17"
"8,90 : 107.42"
"8,91 : 59.14"
"8,92 : 28.79"
"8,93 : 88.84"
"8,94 : 77.41"
"8,95 : 51.35"
"8,96 : 80.5"
"8,97 : 88.77"
"8,98 : 40.5"
"8,99 : 79.4"
"9,0 : 65.31"
"9,1 : 76.32"
"9,2 : 67.19"
"9,3 : 41.0"
"9,4 : 63.32"
"9,5 : 57.78"
"9,6 : 96.05"
"9,7 : 40.02"
"9,8 : 66.1"
"9,9 : 0.0"
"9,10 : 62.29"
"9,11 : 17.8"
"9,12 : 48.09"
"9,13 : 83.63"
"9,14 : 48.02"
"9,15 : 57.38"
"9,16 : 77.25"
"9,17 : 68.54"
"9,18 : 56.3"
"9,19 : 86.45"
"9,20 : 18.11"
"9,21 : 77.06"
"9,22 : 55.9"
"9,23 : 126.25"
"9,24 : 26.17"
"9,25 : 28.0"
"9,26 : 50.01"
"9,27 : 101.13"
"9,28 : 92.01"
"9,29 : 64.07"
"9,30 : 76.97"
"9,31 : 111.66"
"9,32 : 70.83"
"9,33 : 34.13"
"9,34 : 74.69"
"9,35 : 107.49"
"9,36 : 1.41"
"9,37 : 14.04"
"9,38 : 23.02"
"9,39 : 55.04"
"9,40 : 36.24"
"9,41 : 79.83"
"9,42 : 93.3"
"9,43 : 90.21"
"9,44 : 54.33"
"9,45 : 86.98"
"9,46 : 44.41"
"9,47 : 81.61"
"9,48 : 75.8"
"9,49 : 11.05"
"9,50 : 77.03"
"9,51 : 98.72"
"9,52 : 30.81"
"9,53 : 52.2"
"9,54 : 23.85"
"9,55 : 63.15"
"9,56 : 96.61"
"9,57 : 107.06"
"9,58 : 108.9"
"9,59 : 88.55"
"9,60 : 30.36"
"9,61 : 42.95"
"9,62 : 23.43"
"9,63 : 5.66"
"9,64 : 5.83"
"9,65 : 85.7"
"9,66 : 4.47"
"9,67 : 4.24"
"9,68 : 97.14"
"9,69 : 96.65"
"9,70 : 38.08"
"9,71 : 27.46"
"9,72 : 108.58"
"9,73 : 64.76"
"9,74 : 50.22"
"9,75 : 19.31"
"9,76 : 104.74"
"9,77 : 92.1"
"9,78 : 75.61"
"9,79 : 86.93"
"9,80 : 122.33"
"9,81 : 23.26"
"9,82 : 25.5"
"9,83 : 89.01"
"9,84 : 60.14"
"9,85 : 92.02"
"9,86 : 92.31"
"9,87 : 55.04"
"9,88 : 97.19"
"9,89 : 80.89"
"9,90 : 75.03"
"9,91 : 11.4"
"9,92 : 38.05"
"9,93 : 66.76"
"9,94 : 97.74"
"9,95 : 70.72"
"9,96 : 100.5"
"9,97 : 85.59"
"9,98 : 48.3"
"9,99 : 87.97"
"10,0 : 75.93"
"10,1 : 73.36"
"10,2 : 90.61"
"10,3 : 22.2"
"10,4 : 11.05"
"10,5 : 19.24"
"10,6 : 55.54"
"10,7 : 78.29"
"10,8 : 94.64"
"10,9 : 62.29"
"10,10 : 0.0"
"10,11 : 73.44"
"10,12 : 72.42"
"10,13 : 73.39"
"10,14 : 50.93"
"10,15 : 61.72"
"10,16 : 24.17"
"10,17 : 66.89"
"10,18 : 29.15"
"10,19 : 39.22"
"10,20 : 44.72"
"10,21 : 92.31"
"10,22 : 22.47"
"10,23 : 92.2"
"10,24 : 36.12"
"10,25 : 34.53"
"10,26 : 13.0"
"10,27 : 88.29"
"10,28 : 106.61"
"10,29 : 82.73"
"10,30 : 27.2"
"10,31 : 81.39"
"10,32 : 30.02"
"10,33 : 49.65"
"10,34 : 27.46"
"10,35 : 70.61"
"10,36 : 61.2"
"10,37 : 61.52"
"10,38 : 43.57"
"10,39 : 10.63"
"10,40 : 31.95"
"10,41 : 84.91"
"10,42 : 75.31"
"10,43 : 72.57"
"10,44 : 8.0"
"10,45 : 30.48"
"10,46 : 18.0"
"10,47 : 24.08"
"10,48 : 39.01"
"10,49 : 63.2"
"10,50 : 65.55"
"10,51 : 98.09"
"10,52 : 73.05"
"10,53 : 17.69"
"10,54 : 50.96"
"10,55 : 92.8"
"10,56 : 72.17"
"10,57 : 66.76"
"10,58 : 71.81"
"10,59 : 38.01"
"10,60 : 33.14"
"10,61 : 79.61"
"10,62 : 44.91"
"10,63 : 66.03"
"10,64 : 67.07"
"10,65 : 66.49"
"10,66 : 60.03"
"10,67 : 59.08"
"10,68 : 89.49"
"10,69 : 46.14"
"10,70 : 28.46"
"10,71 : 60.75"
"10,72 : 77.41"
"10,73 : 73.88"
"10,74 : 13.93"
"10,75 : 44.01"
"10,76 : 71.57"
"10,77 : 63.01"
"10,78 : 21.93"
"10,79 : 33.29"
"10,80 : 83.82"
"10,81 : 54.12"
"10,82 : 74.95"
"10,83 : 104.2"
"10,84 : 39.36"
"10,85 : 107.2"
"10,86 : 83.17"
"10,87 : 10.63"
"10,88 : 68.01"
"10,89 : 18.97"
"10,90 : 13.6"
"10,91 : 55.08"
"10,92 : 71.55"
"10,93 : 13.15"
"10,94 : 67.07"
"10,95 : 57.78"
"10,96 : 68.26"
"10,97 : 38.9"
"10,98 : 54.49"
"10,99 : 51.24"
"11,0 : 55.46"
"11,1 : 69.07"
"11,2 : 53.34"
"11,3 : 51.24"
"11,4 : 72.06"
"11,5 : 64.63"
"11,6 : 97.53"
"11,7 : 25.08"
"11,8 : 51.01"
"11,9 : 17.8"
"11,10 : 73.44"
"11,11 : 0.0"
"11,12 : 36.77"
"11,13 : 77.62"
"11,14 : 45.0"
"11,15 : 51.09"
"11,16 : 84.17"
"11,17 : 62.01"
"11,18 : 60.44"
"11,19 : 90.76"
"11,20 : 33.12"
"11,21 : 64.54"
"11,22 : 61.98"
"11,23 : 123.99"
"11,24 : 38.6"
"11,25 : 41.44"
"11,26 : 62.37"
"11,27 : 94.3"
"11,28 : 78.64"
"11,29 : 51.92"
"11,30 : 82.98"
"11,31 : 109.04"
"11,32 : 75.29"
"11,33 : 32.65"
"11,34 : 80.28"
"11,35 : 107.07"
"11,36 : 17.69"
"11,37 : 12.0"
"11,38 : 30.02"
"11,39 : 67.91"
"11,40 : 43.1"
"11,41 : 69.86"
"11,42 : 88.53"
"11,43 : 85.63"
"11,44 : 65.49"
"11,45 : 94.2"
"11,46 : 55.58"
"11,47 : 89.56"
"11,48 : 78.39"
"11,49 : 10.44"
"11,50 : 72.18"
"11,51 : 88.77"
"11,52 : 16.49"
"11,53 : 60.13"
"11,54 : 24.74"
"11,55 : 48.01"
"11,56 : 93.38"
"11,57 : 107.7"
"11,58 : 108.47"
"11,59 : 93.68"
"11,60 : 40.31"
"11,61 : 28.07"
"11,62 : 29.02"
"11,63 : 12.21"
"11,64 : 12.53"
"11,65 : 82.04"
"11,66 : 16.4"
"11,67 : 17.8"
"11,68 : 89.19"
"11,69 : 101.19"
"11,70 : 46.01"
"11,71 : 20.62"
"11,72 : 106.4"
"11,73 : 55.47"
"11,74 : 60.07"
"11,75 : 29.83"
"11,76 : 103.41"
"11,77 : 90.6"
"11,78 : 82.87"
"11,79 : 93.17"
"11,80 : 121.61"
"11,81 : 22.14"
"11,82 : 9.0"
"11,83 : 75.66"
"11,84 : 61.27"
"11,85 : 78.52"
"11,86 : 85.15"
"11,87 : 67.91"
"11,88 : 95.27"
"11,89 : 91.02"
"11,90 : 86.83"
"11,91 : 18.68"
"11,92 : 25.63"
"11,93 : 75.17"
"11,94 : 96.21"
"11,95 : 67.27"
"11,96 : 99.2"
"11,97 : 89.81"
"11,98 : 43.93"
"11,99 : 89.07"
"12,0 : 18.87"
"12,1 : 33.97"
"12,2 : 20.62"
"12,3 : 53.76"
"12,4 : 65.76"
"12,5 : 55.9"
"12,6 : 72.99"
"12,7 : 15.0"
"12,8 : 22.67"
"12,9 : 48.09"
"12,10 : 72.42"
"12,11 : 36.77"
"12,12 : 0.0"
"12,13 : 43.42"
"12,14 : 23.09"
"12,15 : 19.65"
"12,16 : 71.84"
"12,17 : 28.3"
"12,18 : 47.17"
"12,19 : 72.17"
"12,20 : 52.2"
"12,21 : 29.0"
"12,22 : 52.33"
"12,23 : 92.44"
"12,24 : 50.54"
"12,25 : 54.12"
"12,26 : 66.47"
"12,27 : 58.8"
"12,28 : 44.18"
"12,29 : 16.0"
"12,30 : 68.88"
"12,31 : 77.52"
"12,32 : 59.23"
"12,33 : 24.21"
"12,34 : 65.73"
"12,35 : 78.77"
"12,36 : 47.04"
"12,37 : 34.06"
"12,38 : 38.48"
"12,39 : 72.14"
"12,40 : 42.45"
"12,41 : 33.11"
"12,42 : 55.22"
"12,43 : 52.7"
"12,44 : 66.07"
"12,45 : 81.25"
"12,46 : 58.69"
"12,47 : 78.75"
"12,48 : 58.08"
"12,49 : 37.22"
"12,50 : 39.82"
"12,51 : 52.0"
"12,52 : 20.59"
"12,53 : 54.92"
"12,54 : 29.73"
"12,55 : 20.52"
"12,56 : 61.77"
"12,57 : 81.04"
"12,58 : 80.06"
"12,59 : 76.42"
"12,60 : 46.87"
"12,61 : 13.42"
"12,62 : 36.25"
"12,63 : 44.55"
"12,64 : 45.71"
"12,65 : 50.54"
"12,66 : 44.01"
"12,67 : 45.0"
"12,68 : 53.01"
"12,69 : 82.02"
"12,70 : 45.97"
"12,71 : 21.1"
"12,72 : 75.59"
"12,73 : 19.21"
"12,74 : 59.03"
"12,75 : 43.66"
"12,76 : 73.93"
"12,77 : 61.68"
"12,78 : 71.47"
"12,79 : 78.26"
"12,80 : 92.2"
"12,81 : 27.89"
"12,82 : 28.65"
"12,83 : 41.19"
"12,84 : 41.59"
"12,85 : 44.28"
"12,86 : 49.58"
"12,87 : 72.14"
"12,88 : 65.39"
"12,89 : 85.0"
"12,90 : 85.44"
"12,91 : 39.2"
"12,92 : 11.18"
"12,93 : 67.54"
"12,94 : 66.85"
"12,95 : 37.64"
"12,96 : 70.01"
"12,97 : 71.18"
"12,98 : 19.65"
"12,99 : 64.63"
"13,0 : 26.4"
"13,1 : 9.85"
"13,2 : 42.76"
"13,3 : 66.07"
"13,4 : 62.77"
"13,5 : 54.41"
"13,6 : 40.85"
"13,7 : 58.41"
"13,8 : 50.01"
"13,9 : 83.63"
"13,10 : 73.39"
"13,11 : 77.62"
"13,12 : 43.42"
"13,13 : 0.0"
"13,14 : 36.06"
"13,15 : 26.63"
"13,16 : 58.6"
"13,17 : 15.62"
"13,18 : 45.12"
"13,19 : 49.68"
"13,20 : 79.31"
"13,21 : 34.06"
"13,22 : 51.66"
"13,23 : 49.66"
"13,24 : 72.84"
"13,25 : 75.54"
"13,26 : 75.13"
"13,27 : 17.72"
"13,28 : 41.63"
"13,29 : 35.74"
"13,30 : 54.2"
"13,31 : 35.11"
"13,32 : 45.79"
"13,33 : 49.77"
"13,34 : 51.61"
"13,35 : 40.0"
"13,36 : 82.29"
"13,37 : 70.83"
"13,38 : 64.56"
"13,39 : 79.08"
"13,40 : 58.22"
"13,41 : 20.22"
"13,42 : 12.08"
"13,43 : 10.2"
"13,44 : 71.06"
"13,45 : 64.35"
"13,46 : 69.35"
"13,47 : 65.44"
"13,48 : 38.42"
"13,49 : 74.43"
"13,50 : 8.06"
"13,51 : 25.24"
"13,52 : 62.94"
"13,53 : 58.25"
"13,54 : 60.01"
"13,55 : 50.7"
"13,56 : 20.22"
"13,57 : 44.28"
"13,58 : 41.01"
"13,59 : 54.67"
"13,60 : 66.48"
"13,61 : 56.61"
"13,62 : 62.94"
"13,63 : 81.99"
"13,64 : 83.35"
"13,65 : 11.7"
"13,66 : 79.16"
"13,67 : 79.62"
"13,68 : 16.28"
"13,69 : 56.08"
"13,70 : 60.03"
"13,71 : 57.69"
"13,72 : 33.96"
"13,73 : 25.06"
"13,74 : 65.12"
"13,75 : 70.6"
"13,76 : 34.06"
"13,77 : 24.74"
"13,78 : 59.64"
"13,79 : 59.41"
"13,80 : 51.2"
"13,81 : 60.37"
"13,82 : 70.77"
"13,83 : 40.5"
"13,84 : 34.71"
"13,85 : 42.54"
"13,86 : 10.05"
"13,87 : 79.08"
"13,88 : 26.02"
"13,89 : 76.28"
"13,90 : 82.3"
"13,91 : 72.5"
"13,92 : 53.76"
"13,93 : 62.17"
"13,94 : 28.07"
"13,95 : 16.12"
"13,96 : 31.02"
"13,97 : 48.92"
"13,98 : 35.34"
"13,99 : 34.99"
"14,0 : 25.94"
"14,1 : 30.15"
"14,2 : 39.7"
"14,3 : 35.34"
"14,4 : 43.27"
"14,5 : 33.29"
"14,6 : 53.49"
"14,7 : 34.06"
"14,8 : 44.1"
"14,9 : 48.02"
"14,10 : 50.93"
"14,11 : 45.0"
"14,12 : 23.09"
"14,13 : 36.06"
"14,14 : 0.0"
"14,15 : 12.37"
"14,16 : 48.76"
"14,17 : 22.09"
"14,18 : 24.17"
"14,19 : 50.04"
"14,20 : 43.57"
"14,21 : 42.19"
"14,22 : 29.68"
"14,23 : 79.21"
"14,24 : 38.01"
"14,25 : 41.11"
"14,26 : 47.17"
"14,27 : 53.76"
"14,28 : 57.25"
"14,29 : 31.83"
"14,30 : 45.89"
"14,31 : 64.35"
"14,32 : 36.35"
"14,33 : 13.89"
"14,34 : 42.76"
"14,35 : 62.13"
"14,36 : 46.65"
"14,37 : 36.12"
"14,38 : 28.64"
"14,39 : 52.43"
"14,40 : 25.0"
"14,41 : 37.85"
"14,42 : 45.28"
"14,43 : 42.19"
"14,44 : 45.45"
"14,45 : 58.25"
"14,46 : 39.82"
"14,47 : 55.66"
"14,48 : 36.22"
"14,49 : 39.7"
"14,50 : 29.07"
"14,51 : 55.04"
"14,52 : 33.84"
"14,53 : 33.24"
"14,54 : 24.19"
"14,55 : 42.54"
"14,56 : 48.92"
"14,57 : 63.06"
"14,58 : 63.51"
"14,59 : 54.01"
"14,60 : 32.25"
"14,61 : 34.01"
"14,62 : 26.93"
"14,63 : 47.01"
"14,64 : 48.41"
"14,65 : 37.8"
"14,66 : 43.57"
"14,67 : 43.91"
"14,68 : 50.8"
"14,69 : 60.21"
"14,70 : 27.86"
"14,71 : 24.41"
"14,72 : 61.55"
"14,73 : 24.17"
"14,74 : 38.42"
"14,75 : 34.71"
"14,76 : 58.41"
"14,77 : 45.61"
"14,78 : 48.38"
"14,79 : 55.44"
"14,80 : 76.61"
"14,81 : 25.0"
"14,82 : 40.25"
"14,83 : 54.59"
"14,84 : 19.0"
"14,85 : 57.71"
"14,86 : 45.35"
"14,87 : 52.43"
"14,88 : 50.33"
"14,89 : 62.18"
"14,90 : 63.41"
"14,91 : 36.72"
"14,92 : 27.17"
"14,93 : 44.78"
"14,94 : 51.22"
"14,95 : 22.8"
"14,96 : 54.2"
"14,97 : 49.04"
"14,98 : 3.61"
"14,99 : 44.94"
"15,0 : 14.21"
"15,1 : 18.97"
"15,2 : 30.41"
"15,3 : 47.54"
"15,4 : 53.08"
"15,5 : 43.14"
"15,6 : 53.46"
"15,7 : 34.01"
"15,8 : 36.06"
"15,9 : 57.38"
"15,10 : 61.72"
"15,11 : 51.09"
"15,12 : 19.65"
"15,13 : 26.63"
"15,14 : 12.37"
"15,15 : 0.0"
"15,16 : 55.9"
"15,17 : 11.18"
"15,18 : 33.3"
"15,19 : 53.94"
"15,20 : 55.15"
"15,21 : 30.61"
"15,22 : 39.6"
"15,23 : 73.82"
"15,24 : 50.16"
"15,25 : 53.34"
"15,26 : 59.06"
"15,27 : 43.83"
"15,28 : 45.28"
"15,29 : 21.95"
"15,30 : 52.39"
"15,31 : 58.82"
"15,32 : 42.54"
"15,33 : 24.33"
"15,34 : 49.24"
"15,35 : 59.24"
"15,36 : 56.08"
"15,37 : 44.29"
"15,38 : 40.11"
"15,39 : 64.14"
"15,40 : 37.36"
"15,41 : 25.5"
"15,42 : 37.48"
"15,43 : 34.66"
"15,44 : 56.86"
"15,45 : 64.62"
"15,46 : 51.89"
"15,47 : 63.06"
"15,48 : 39.81"
"15,49 : 47.89"
"15,50 : 21.26"
"15,51 : 43.01"
"15,52 : 37.01"
"15,53 : 44.2"
"15,54 : 34.21"
"15,55 : 35.17"
"15,56 : 43.01"
"15,57 : 61.4"
"15,58 : 60.54"
"15,59 : 58.46"
"15,60 : 44.55"
"15,61 : 32.89"
"15,62 : 38.21"
"15,63 : 55.47"
"15,64 : 56.82"
"15,65 : 31.62"
"15,66 : 52.92"
"15,67 : 53.49"
"15,68 : 39.85"
"15,69 : 63.39"
"15,70 : 40.16"
"15,71 : 31.06"
"15,72 : 56.6"
"15,73 : 12.21"
"15,74 : 49.93"
"15,75 : 46.17"
"15,76 : 54.56"
"15,77 : 42.15"
"15,78 : 55.95"
"15,79 : 61.03"
"15,80 : 72.9"
"15,81 : 34.18"
"15,82 : 44.6"
"15,83 : 42.72"
"15,84 : 25.06"
"15,85 : 45.79"
"15,86 : 34.93"
"15,87 : 64.14"
"15,88 : 46.07"
"15,89 : 71.03"
"15,90 : 73.55"
"15,91 : 46.49"
"15,92 : 28.3"
"15,93 : 54.04"
"15,94 : 47.42"
"15,95 : 18.03"
"15,96 : 50.57"
"15,97 : 52.95"
"15,98 : 10.0"
"15,99 : 45.18"
"16,0 : 69.12"
"16,1 : 61.52"
"16,2 : 86.31"
"16,3 : 37.22"
"16,4 : 15.56"
"16,5 : 19.65"
"16,6 : 32.14"
"16,7 : 81.74"
"16,8 : 91.79"
"16,9 : 77.25"
"16,10 : 24.17"
"16,11 : 84.17"
"16,12 : 71.84"
"16,13 : 58.6"
"16,14 : 48.76"
"16,15 : 55.9"
"16,16 : 0.0"
"16,17 : 57.01"
"16,18 : 25.18"
"16,19 : 15.3"
"16,20 : 61.77"
"16,21 : 84.63"
"16,22 : 22.2"
"16,23 : 68.73"
"16,24 : 52.35"
"16,25 : 52.15"
"16,26 : 34.83"
"16,27 : 70.68"
"16,28 : 97.08"
"16,29 : 77.83"
"16,30 : 4.47"
"16,31 : 59.03"
"16,32 : 13.6"
"16,33 : 54.01"
"16,34 : 7.07"
"16,35 : 47.27"
"16,36 : 75.96"
"16,37 : 72.37"
"16,38 : 55.08"
"16,39 : 34.48"
"16,40 : 41.48"
"16,41 : 74.33"
"16,42 : 57.27"
"16,43 : 55.01"
"16,44 : 28.43"
"16,45 : 10.05"
"16,46 : 35.61"
"16,47 : 7.21"
"16,48 : 20.25"
"16,49 : 74.95"
"16,50 : 51.74"
"16,51 : 83.82"
"16,52 : 79.03"
"16,53 : 25.08"
"16,54 : 59.54"
"16,55 : 90.62"
"16,56 : 52.2"
"16,57 : 42.95"
"16,58 : 48.37"
"16,59 : 13.89"
"16,60 : 47.01"
"16,61 : 82.2"
"16,62 : 55.54"
"16,63 : 79.7"
"16,64 : 80.96"
"16,65 : 49.24"
"16,66 : 74.0"
"16,67 : 73.39"
"16,68 : 73.57"
"16,69 : 22.2"
"16,70 : 39.22"
"16,71 : 67.01"
"16,72 : 55.04"
"16,73 : 66.89"
"16,74 : 28.6"
"16,75 : 57.94"
"16,76 : 49.01"
"16,77 : 42.45"
"16,78 : 2.24"
"16,79 : 10.0"
"16,80 : 59.91"
"16,81 : 62.39"
"16,82 : 83.15"
"16,83 : 95.13"
"16,84 : 30.87"
"16,85 : 97.84"
"16,86 : 67.42"
"16,87 : 34.48"
"16,88 : 46.87"
"16,89 : 17.89"
"16,90 : 26.17"
"16,91 : 67.72"
"16,92 : 74.67"
"16,93 : 12.04"
"16,94 : 45.54"
"16,95 : 45.28"
"16,96 : 46.17"
"16,97 : 15.13"
"16,98 : 52.2"
"16,99 : 29.43"
"17,0 : 14.04"
"17,1 : 8.06"
"17,2 : 32.25"
"17,3 : 55.54"
"17,4 : 57.2"
"17,5 : 47.71"
"17,6 : 48.09"
"17,7 : 43.27"
"17,8 : 39.05"
"17,9 : 68.54"
"17,10 : 66.89"
"17,11 : 62.01"
"17,12 : 28.3"
"17,13 : 15.62"
"17,14 : 22.09"
"17,15 : 11.18"
"17,16 : 57.01"
"17,17 : 0.0"
"17,18 : 37.74"
"17,19 : 52.0"
"17,20 : 65.62"
"17,21 : 27.78"
"17,22 : 44.42"
"17,23 : 64.14"
"17,24 : 60.01"
"17,25 : 63.01"
"17,26 : 66.13"
"17,27 : 32.65"
"17,28 : 40.31"
"17,29 : 24.02"
"17,30 : 53.01"
"17,31 : 49.24"
"17,32 : 43.42"
"17,33 : 35.17"
"17,34 : 50.0"
"17,35 : 51.42"
"17,36 : 67.23"
"17,37 : 55.47"
"17,38 : 50.64"
"17,39 : 70.77"
"17,40 : 46.27"
"17,41 : 18.03"
"17,42 : 27.02"
"17,43 : 24.41"
"17,44 : 63.07"
"17,45 : 64.66"
"17,46 : 59.48"
"17,47 : 64.2"
"17,48 : 38.47"
"17,49 : 59.06"
"17,50 : 11.7"
"17,51 : 33.24"
"17,52 : 47.38"
"17,53 : 50.09"
"17,54 : 45.22"
"17,55 : 39.01"
"17,56 : 33.54"
"17,57 : 54.45"
"17,58 : 52.63"
"17,59 : 56.86"
"17,60 : 54.04"
"17,61 : 41.68"
"17,62 : 48.84"
"17,63 : 66.65"
"17,64 : 68.0"
"17,65 : 22.47"
"17,66 : 64.08"
"17,67 : 64.62"
"17,68 : 28.86"
"17,69 : 60.44"
"17,70 : 48.66"
"17,71 : 42.19"
"17,72 : 47.42"
"17,73 : 12.0"
"17,74 : 56.46"
"17,75 : 56.72"
"17,76 : 46.17"
"17,77 : 34.53"
"17,78 : 57.49"
"17,79 : 60.42"
"17,80 : 64.26"
"17,81 : 45.31"
"17,82 : 55.17"
"17,83 : 38.21"
"17,84 : 27.8"
"17,85 : 41.01"
"17,86 : 23.77"
"17,87 : 70.77"
"17,88 : 37.64"
"17,89 : 73.55"
"17,90 : 77.62"
"17,91 : 57.58"
"17,92 : 38.29"
"17,93 : 57.49"
"17,94 : 39.29"
"17,95 : 12.65"
"17,96 : 42.45"
"17,97 : 51.08"
"17,98 : 20.62"
"17,99 : 40.45"
"18,0 : 47.38"
"18,1 : 44.28"
"18,2 : 63.25"
"18,3 : 23.09"
"18,4 : 19.8"
"18,5 : 10.0"
"18,6 : 40.31"
"18,7 : 56.57"
"18,8 : 68.1"
"18,9 : 56.3"
"18,10 : 29.15"
"18,11 : 60.44"
"18,12 : 47.17"
"18,13 : 45.12"
"18,14 : 24.17"
"18,15 : 33.3"
"18,16 : 25.18"
"18,17 : 37.74"
"18,18 : 0.0"
"18,19 : 30.46"
"18,20 : 43.93"
"18,21 : 63.66"
"18,22 : 6.71"
"18,23 : 73.82"
"18,24 : 35.0"
"18,25 : 36.36"
"18,26 : 30.15"
"18,27 : 61.2"
"18,28 : 77.62"
"18,29 : 55.0"
"18,30 : 23.02"
"18,31 : 60.54"
"18,32 : 14.87"
"18,33 : 29.07"
"18,34 : 20.1"
"18,35 : 53.25"
"18,36 : 54.92"
"18,37 : 49.04"
"18,38 : 33.29"
"18,39 : 33.96"
"18,40 : 20.52"
"18,41 : 55.76"
"18,42 : 49.01"
"18,43 : 46.0"
"18,44 : 25.96"
"18,45 : 35.06"
"18,46 : 25.18"
"18,47 : 31.78"
"18,48 : 19.8"
"18,49 : 52.0"
"18,50 : 37.11"
"18,51 : 69.29"
"18,52 : 54.01"
"18,53 : 13.15"
"18,54 : 35.74"
"18,55 : 66.65"
"18,56 : 48.05"
"18,57 : 51.74"
"18,58 : 54.64"
"18,59 : 33.24"
"18,60 : 28.43"
"18,61 : 57.07"
"18,62 : 33.12"
"18,63 : 57.71"
"18,64 : 59.06"
"18,65 : 40.01"
"18,66 : 52.48"
"18,67 : 52.15"
"18,68 : 61.39"
"18,69 : 40.85"
"18,70 : 20.0"
"18,71 : 42.19"
"18,72 : 56.86"
"18,73 : 45.25"
"18,74 : 20.1"
"18,75 : 37.64"
"18,76 : 51.88"
"18,77 : 40.5"
"18,78 : 24.52"
"18,79 : 33.14"
"18,80 : 68.01"
"18,81 : 38.33"
"18,82 : 58.55"
"18,83 : 75.29"
"18,84 : 10.44"
"18,85 : 78.24"
"18,86 : 55.11"
"18,87 : 33.96"
"18,88 : 45.88"
"18,89 : 38.08"
"18,90 : 40.31"
"18,91 : 45.65"
"18,92 : 49.5"
"18,93 : 20.81"
"18,94 : 45.69"
"18,95 : 29.12"
"18,96 : 47.85"
"18,97 : 29.55"
"18,98 : 27.73"
"18,99 : 32.8"
"19,0 : 65.46"
"19,1 : 54.71"
"19,2 : 83.52"
"19,3 : 48.8"
"19,4 : 29.53"
"19,5 : 29.73"
"19,6 : 17.0"
"19,7 : 84.1"
"19,8 : 89.74"
"19,9 : 86.45"
"19,10 : 39.22"
"19,11 : 90.76"
"19,12 : 72.17"
"19,13 : 49.68"
"19,14 : 50.04"
"19,15 : 53.94"
"19,16 : 15.3"
"19,17 : 52.0"
"19,18 : 30.46"
"19,19 : 0.0"
"19,20 : 72.62"
"19,21 : 79.62"
"19,22 : 30.81"
"19,23 : 53.46"
"19,24 : 63.25"
"19,25 : 63.7"
"19,26 : 48.88"
"19,27 : 59.08"
"19,28 : 90.43"
"19,29 : 75.0"
"19,30 : 12.08"
"19,31 : 44.28"
"19,32 : 15.65"
"19,33 : 58.69"
"19,34 : 12.81"
"19,35 : 32.06"
"19,36 : 85.09"
"19,37 : 79.48"
"19,38 : 63.53"
"19,39 : 49.24"
"19,40 : 50.25"
"19,41 : 67.74"
"19,42 : 45.8"
"19,43 : 44.05"
"19,44 : 42.54"
"19,45 : 15.65"
"19,46 : 48.27"
"19,47 : 19.24"
"19,48 : 14.14"
"19,49 : 82.46"
"19,50 : 44.1"
"19,51 : 74.25"
"19,52 : 83.02"
"19,53 : 36.07"
"19,54 : 66.13"
"19,55 : 89.05"
"19,56 : 39.36"
"19,57 : 27.66"
"19,58 : 33.14"
"19,59 : 5.0"
"19,60 : 57.2"
"19,61 : 84.01"
"19,62 : 63.51"
"19,63 : 88.1"
"19,64 : 89.44"
"19,65 : 38.9"
"19,66 : 82.76"
"19,67 : 82.37"
"19,68 : 63.13"
"19,69 : 10.44"
"19,70 : 48.83"
"19,71 : 71.81"
"19,72 : 40.31"
"19,73 : 63.25"
"19,74 : 41.23"
"19,75 : 67.42"
"19,76 : 34.23"
"19,77 : 29.53"
"19,78 : 17.46"
"19,79 : 10.3"
"19,80 : 44.64"
"19,81 : 68.62"
"19,82 : 88.29"
"19,83 : 88.84"
"19,84 : 31.06"
"19,85 : 91.27"
"19,86 : 57.31"
"19,87 : 49.24"
"19,88 : 33.24"
"19,89 : 31.4"
"19,90 : 41.0"
"19,91 : 76.03"
"19,92 : 77.16"
"19,93 : 26.4"
"19,94 : 31.62"
"19,95 : 39.4"
"19,96 : 31.78"
"19,97 : 1.0"
"19,98 : 53.0"
"19,99 : 16.12"
"20,0 : 66.19"
"20,1 : 73.68"
"20,2 : 72.73"
"20,3 : 24.6"
"20,4 : 47.01"
"20,5 : 43.01"
"20,6 : 84.22"
"20,7 : 49.09"
"20,8 : 73.41"
"20,9 : 18.11"
"20,10 : 44.72"
"20,11 : 33.12"
"20,12 : 52.2"
"20,13 : 79.31"
"20,14 : 43.57"
"20,15 : 55.15"
"20,16 : 61.77"
"20,17 : 65.62"
"20,18 : 43.93"
"20,19 : 72.62"
"20,20 : 0.0"
"20,21 : 80.41"
"20,22 : 41.87"
"20,23 : 117.05"
"20,24 : 9.43"
"20,25 : 10.2"
"20,26 : 32.14"
"20,27 : 97.02"
"20,28 : 95.9"
"20,29 : 67.68"
"20,30 : 62.13"
"20,31 : 103.08"
"20,32 : 57.38"
"20,33 : 31.0"
"20,34 : 60.22"
"20,35 : 97.01"
"20,36 : 17.26"
"20,37 : 23.35"
"20,38 : 15.03"
"20,39 : 37.0"
"20,40 : 23.6"
"20,41 : 80.01"
"20,42 : 87.32"
"20,43 : 84.15"
"20,44 : 36.88"
"20,45 : 71.11"
"20,46 : 27.2"
"20,47 : 65.39"
"20,48 : 63.7"
"20,49 : 23.02"
"20,50 : 71.84"
"20,51 : 98.13"
"20,52 : 40.61"
"20,53 : 36.89"
"20,54 : 22.56"
"20,55 : 70.68"
"20,56 : 89.0"
"20,57 : 95.67"
"20,58 : 98.41"
"20,59 : 74.06"
"20,60 : 15.56"
"20,61 : 51.62"
"20,62 : 17.0"
"20,63 : 22.8"
"20,64 : 23.54"
"20,65 : 78.92"
"20,66 : 17.09"
"20,67 : 15.81"
"20,68 : 94.37"
"20,69 : 82.42"
"20,70 : 24.04"
"20,71 : 31.78"
"20,72 : 99.64"
"20,73 : 65.07"
"20,74 : 33.62"
"20,75 : 9.0"
"20,76 : 95.13"
"20,77 : 83.01"
"20,78 : 59.94"
"20,79 : 71.69"
"20,80 : 111.83"
"20,81 : 24.35"
"20,82 : 38.29"
"20,83 : 92.96"
"20,84 : 50.25"
"20,85 : 96.1"
"20,86 : 88.84"
"20,87 : 37.0"
"20,88 : 88.32"
"20,89 : 63.56"
"20,90 : 57.14"
"20,91 : 15.56"
"20,92 : 44.72"
"20,93 : 50.57"
"20,94 : 88.51"
"20,95 : 64.51"
"20,96 : 90.97"
"20,97 : 71.84"
"20,98 : 45.18"
"20,99 : 76.69"
"21,0 : 16.4"
"21,1 : 25.71"
"21,2 : 12.81"
"21,3 : 77.41"
"21,4 : 83.45"
"21,5 : 73.59"
"21,6 : 73.98"
"21,7 : 39.85"
"21,8 : 19.21"
"21,9 : 77.06"
"21,10 : 92.31"
"21,11 : 64.54"
"21,12 : 29.0"
"21,13 : 34.06"
"21,14 : 42.19"
"21,15 : 30.61"
"21,16 : 84.63"
"21,17 : 27.78"
"21,18 : 63.66"
"21,19 : 79.62"
"21,20 : 80.41"
"21,21 : 0.0"
"21,22 : 70.09"
"21,23 : 81.25"
"21,24 : 77.49"
"21,25 : 80.96"
"21,26 : 89.36"
"21,27 : 41.79"
"21,28 : 15.52"
"21,29 : 13.0"
"21,30 : 80.71"
"21,31 : 67.74"
"21,32 : 71.03"
"21,33 : 50.29"
"21,34 : 77.67"
"21,35 : 74.03"
"21,36 : 76.03"
"21,37 : 63.03"
"21,38 : 65.97"
"21,39 : 94.58"
"21,40 : 66.64"
"21,41 : 14.04"
"21,42 : 45.1"
"21,43 : 44.0"
"21,44 : 87.42"
"21,45 : 92.44"
"21,46 : 81.99"
"21,47 : 91.84"
"21,48 : 66.24"
"21,49 : 66.12"
"21,50 : 36.4"
"21,51 : 27.59"
"21,52 : 48.05"
"21,53 : 74.81"
"21,54 : 57.87"
"21,55 : 21.21"
"21,56 : 54.01"
"21,57 : 78.31"
"21,58 : 75.01"
"21,59 : 84.53"
"21,60 : 72.8"
"21,61 : 37.0"
"21,62 : 63.79"
"21,63 : 73.33"
"21,64 : 74.43"
"21,65 : 45.4"
"21,66 : 73.01"
"21,67 : 74.0"
"21,68 : 34.01"
"21,69 : 87.66"
"21,70 : 69.77"
"21,71 : 50.04"
"21,72 : 67.27"
"21,73 : 18.44"
"21,74 : 80.45"
"21,75 : 71.59"
"21,76 : 68.0"
"21,77 : 58.55"
"21,78 : 85.0"
"21,79 : 88.19"
"21,80 : 84.48"
"21,81 : 56.44"
"21,82 : 55.79"
"21,83 : 12.65"
"21,84 : 54.56"
"21,85 : 15.81"
"21,86 : 33.96"
"21,87 : 94.58"
"21,88 : 60.07"
"21,89 : 100.77"
"21,90 : 103.97"
"21,91 : 68.12"
"21,92 : 39.32"
"21,93 : 84.17"
"21,94 : 62.13"
"21,95 : 40.25"
"21,96 : 65.07"
"21,97 : 78.72"
"21,98 : 38.95"
"21,99 : 67.05"
"22,0 : 53.76"
"22,1 : 50.99"
"22,2 : 69.2"
"22,3 : 18.87"
"22,4 : 13.6"
"22,5 : 3.61"
"22,6 : 43.01"
"22,7 : 60.64"
"22,8 : 73.78"
"22,9 : 55.9"
"22,10 : 22.47"
"22,11 : 61.98"
"22,12 : 52.33"
"22,13 : 51.66"
"22,14 : 29.68"
"22,15 : 39.6"
"22,16 : 22.2"
"22,17 : 44.42"
"22,18 : 6.71"
"22,19 : 30.81"
"22,20 : 41.87"
"22,21 : 70.09"
"22,22 : 0.0"
"22,23 : 77.88"
"22,24 : 32.56"
"22,25 : 33.3"
"22,26 : 24.0"
"22,27 : 67.48"
"22,28 : 84.2"
"22,29 : 61.07"
"22,30 : 21.19"
"22,31 : 65.15"
"22,32 : 15.56"
"22,33 : 32.25"
"22,34 : 18.79"
"22,35 : 56.82"
"22,36 : 54.56"
"22,37 : 50.22"
"22,38 : 33.24"
"22,39 : 27.46"
"22,40 : 19.7"
"22,41 : 62.43"
"22,42 : 55.04"
"22,43 : 52.09"
"22,44 : 19.42"
"22,45 : 32.25"
"22,46 : 19.92"
"22,47 : 28.02"
"22,48 : 22.83"
"22,49 : 52.89"
"22,50 : 43.68"
"22,51 : 75.96"
"22,52 : 57.22"
"22,53 : 7.07"
"22,54 : 37.34"
"22,55 : 72.2"
"22,56 : 53.46"
"22,57 : 54.64"
"22,58 : 58.18"
"22,59 : 32.65"
"22,60 : 26.4"
"22,61 : 61.4"
"22,62 : 33.53"
"22,63 : 57.94"
"22,64 : 59.24"
"22,65 : 46.04"
"22,66 : 52.39"
"22,67 : 51.89"
"22,68 : 67.91"
"22,69 : 40.82"
"22,70 : 18.03"
"22,71 : 45.04"
"22,72 : 61.35"
"22,73 : 51.66"
"22,74 : 14.04"
"22,75 : 36.72"
"22,76 : 56.08"
"22,77 : 45.35"
"22,78 : 21.02"
"22,79 : 31.32"
"22,80 : 71.34"
"22,81 : 40.2"
"22,82 : 61.03"
"22,83 : 81.84"
"22,84 : 17.09"
"22,85 : 84.81"
"22,86 : 61.61"
"22,87 : 27.46"
"22,88 : 50.7"
"22,89 : 32.7"
"22,90 : 33.97"
"22,91 : 45.88"
"22,92 : 53.6"
"22,93 : 15.23"
"22,94 : 50.29"
"22,95 : 35.74"
"22,96 : 52.2"
"22,97 : 30.0"
"22,98 : 33.29"
"22,99 : 36.24"
"23,0 : 76.06"
"23,1 : 59.51"
"23,2 : 91.71"
"23,3 : 96.61"
"23,4 : 81.74"
"23,5 : 78.55"
"23,6 : 36.67"
"23,7 : 107.38"
"23,8 : 98.98"
"23,9 : 126.25"
"23,10 : 92.2"
"23,11 : 123.99"
"23,12 : 92.44"
"23,13 : 49.66"
"23,14 : 79.21"
"23,15 : 73.82"
"23,16 : 68.73"
"23,17 : 64.14"
"23,18 : 73.82"
"23,19 : 53.46"
"23,20 : 117.05"
"23,21 : 81.25"
"23,22 : 77.88"
"23,23 : 0.0"
"23,24 : 108.56"
"23,25 : 110.15"
"23,26 : 100.24"
"23,27 : 40.2"
"23,28 : 83.1"
"23,29 : 85.23"
"23,30 : 65.12"
"23,31 : 15.0"
"23,32 : 63.57"
"23,33 : 92.66"
"23,34 : 64.76"
"23,35 : 21.59"
"23,36 : 124.84"
"23,37 : 115.26"
"23,38 : 104.2"
"23,39 : 101.65"
"23,40 : 93.49"
"23,41 : 67.45"
"23,42 : 37.58"
"23,43 : 39.82"
"23,44 : 94.25"
"23,45 : 67.0"
"23,46 : 97.69"
"23,47 : 72.11"
"23,48 : 55.15"
"23,49 : 118.8"
"23,50 : 52.7"
"23,51 : 59.0"
"23,52 : 110.8"
"23,53 : 84.69"
"23,54 : 102.65"
"23,55 : 99.96"
"23,56 : 30.81"
"23,57 : 26.02"
"23,58 : 20.4"
"23,59 : 56.08"
"23,60 : 101.87"
"23,61 : 105.82"
"23,62 : 103.23"
"23,63 : 125.94"
"23,64 : 127.35"
"23,65 : 42.2"
"23,66 : 121.92"
"23,67 : 122.02"
"23,68 : 48.26"
"23,69 : 50.09"
"23,70 : 93.65"
"23,71 : 103.39"
"23,72 : 17.69"
"23,73 : 74.69"
"23,74 : 91.18"
"23,75 : 109.62"
"23,76 : 21.95"
"23,77 : 34.21"
"23,78 : 70.86"
"23,79 : 62.03"
"23,80 : 11.18"
"23,81 : 103.97"
"23,82 : 118.23"
"23,83 : 83.29"
"23,84 : 66.85"
"23,85 : 84.1"
"23,86 : 47.3"
"23,87 : 101.65"
"23,88 : 29.07"
"23,89 : 84.02"
"23,90 : 94.26"
"23,91 : 114.87"
"23,92 : 102.08"
"23,93 : 79.08"
"23,94 : 28.6"
"23,95 : 56.73"
"23,96 : 26.08"
"23,97 : 53.6"
"23,98 : 80.06"
"23,99 : 41.79"
"24,0 : 62.37"
"24,1 : 68.03"
"24,2 : 71.11"
"24,3 : 15.23"
"24,4 : 37.7"
"24,5 : 33.6"
"24,6 : 75.17"
"24,7 : 50.21"
"24,8 : 72.72"
"24,9 : 26.17"
"24,10 : 36.12"
"24,11 : 38.6"
"24,12 : 50.54"
"24,13 : 72.84"
"24,14 : 38.01"
"24,15 : 50.16"
"24,16 : 52.35"
"24,17 : 60.01"
"24,18 : 35.0"
"24,19 : 63.25"
"24,20 : 9.43"
"24,21 : 77.49"
"24,22 : 32.56"
"24,23 : 108.56"
"24,24 : 0.0"
"24,25 : 3.61"
"24,26 : 24.08"
"24,27 : 90.43"
"24,28 : 93.01"
"24,29 : 65.19"
"24,30 : 52.7"
"24,31 : 94.83"
"24,32 : 48.1"
"24,33 : 27.2"
"24,34 : 50.8"
"24,35 : 88.23"
"24,36 : 25.08"
"24,37 : 27.31"
"24,38 : 12.21"
"24,39 : 29.43"
"24,40 : 15.23"
"24,41 : 75.54"
"24,42 : 80.08"
"24,43 : 76.92"
"24,44 : 28.16"
"24,45 : 61.74"
"24,46 : 18.25"
"24,47 : 56.08"
"24,48 : 54.67"
"24,49 : 28.16"
"24,50 : 65.12"
"24,51 : 93.05"
"24,52 : 42.64"
"24,53 : 27.46"
"24,54 : 21.4"
"24,55 : 70.18"
"24,56 : 81.15"
"24,57 : 86.68"
"24,58 : 89.63"
"24,59 : 64.64"
"24,60 : 6.71"
"24,61 : 52.4"
"24,62 : 14.42"
"24,63 : 30.02"
"24,64 : 31.0"
"24,65 : 71.47"
"24,66 : 24.02"
"24,67 : 23.0"
"24,68 : 88.36"
"24,69 : 73.01"
"24,70 : 15.0"
"24,71 : 31.89"
"24,72 : 91.3"
"24,73 : 61.0"
"24,74 : 24.35"
"24,75 : 8.94"
"24,76 : 86.61"
"24,77 : 74.71"
"24,78 : 50.54"
"24,79 : 62.27"
"24,80 : 103.0"
"24,81 : 24.08"
"24,82 : 42.06"
"24,83 : 90.14"
"24,84 : 42.05"
"24,85 : 93.3"
"24,86 : 82.61"
"24,87 : 29.43"
"24,88 : 80.06"
"24,89 : 54.74"
"24,90 : 49.01"
"24,91 : 19.92"
"24,92 : 44.82"
"24,93 : 41.23"
"24,94 : 80.13"
"24,95 : 57.49"
"24,96 : 82.49"
"24,97 : 62.48"
"24,98 : 40.2"
"24,99 : 67.8"
"25,0 : 65.73"
"25,1 : 71.0"
"25,2 : 74.69"
"25,3 : 15.0"
"25,4 : 37.12"
"25,5 : 33.97"
"25,6 : 76.22"
"25,7 : 53.76"
"25,8 : 76.32"
"25,9 : 28.0"
"25,10 : 34.53"
"25,11 : 41.44"
"25,12 : 54.12"
"25,13 : 75.54"
"25,14 : 41.11"
"25,15 : 53.34"
"25,16 : 52.15"
"25,17 : 63.01"
"25,18 : 36.36"
"25,19 : 63.7"
"25,20 : 10.2"
"25,21 : 80.96"
"25,22 : 33.3"
"25,23 : 110.15"
"25,24 : 3.61"
"25,25 : 0.0"
"25,26 : 22.02"
"25,27 : 93.06"
"25,28 : 96.46"
"25,29 : 68.71"
"25,30 : 52.8"
"25,31 : 96.61"
"25,32 : 48.84"
"25,33 : 30.68"
"25,34 : 51.09"
"25,35 : 89.59"
"25,36 : 27.02"
"25,37 : 30.41"
"25,38 : 15.81"
"25,39 : 27.07"
"25,40 : 17.46"
"25,41 : 78.77"
"25,42 : 82.46"
"25,43 : 79.31"
"25,44 : 26.68"
"25,45 : 61.29"
"25,46 : 17.09"
"25,47 : 55.46"
"25,48 : 55.8"
"25,49 : 31.02"
"25,50 : 67.74"
"25,51 : 96.13"
"25,52 : 46.1"
"25,53 : 27.66"
"25,54 : 25.0"
"25,55 : 73.78"
"25,56 : 83.22"
"25,57 : 87.8"
"25,58 : 90.97"
"25,59 : 64.82"
"25,60 : 9.06"
"25,61 : 55.97"
"25,62 : 18.03"
"25,63 : 32.25"
"25,64 : 33.14"
