x,y
84,51
36,92
77,50
66,14
43,41
83,12
16,36
6,85
65,4
39,68
50,36
8,77
45,30
26,23
23,35
94,61
9,47
39,77
0,73
63,36
42,41
51,32
31,64
9,96
24,92
29,36
89,10
11,20
94,30
85,15
67,35
72,35
6,71
60,100
28,72
96,63
72,11
46,68
89,11
6,27
98,69
61,99
12,45
56,48
60,34
72,55
42,84
74,36
47,15
20,56
60,36
74,87
18,67
68,44
49,63
7,55
19,73
56,37
91,7
91,98
71,30
71,66
11,98
65,91
84,89
97,19
38,41
96,56
17,60
93,33
60,86
92,72
63,3
52,70
71,44
0,90
49,95
40,43
8,4
44,17
70,27
12,85
14,74
72,70
24,72
9,19
49,96
11,17
23,36
49,19
5,96
75,69
71,3
61,44
95,49
48,37
92,92
84,51
51,87
27,83

Distanze
"0,0 : 0.0"
"0,1 : 63.13"
"0,2 : 7.07"
"0,3 : 41.15"
"0,4 : 42.2"
"0,5 : 39.01"
"0,6 : 69.63"
"0,7 : 85.09"
"0,8 : 50.7"
"0,9 : 48.1"
"0,10 : 37.16"
"0,11 : 80.32"
"0,12 : 44.29"
"0,13 : 64.4"
"0,14 : 63.06"
"0,15 : 14.14"
"0,16 : 75.11"
"0,17 : 51.97"
"0,18 : 86.83"
"0,19 : 25.81"
"0,20 : 43.17"
"0,21 : 38.08"
"0,22 : 54.57"
"0,23 : 87.46"
"0,24 : 72.67"
"0,25 : 57.01"
"0,26 : 41.3"
"0,27 : 79.31"
"0,28 : 23.26"
"0,29 : 36.01"
"0,30 : 23.35"
"0,31 : 20.0"
"0,32 : 80.52"
"0,33 : 54.56"
"0,34 : 59.81"
"0,35 : 16.97"
"0,36 : 41.76"
"0,37 : 41.63"
"0,38 : 40.31"
"0,39 : 81.61"
"0,40 : 22.8"
"0,41 : 53.23"
"0,42 : 72.25"
"0,43 : 28.16"
"0,44 : 29.41"
"0,45 : 12.65"
"0,46 : 53.41"
"0,47 : 18.03"
"0,48 : 51.62"
"0,49 : 64.2"
"0,50 : 28.3"
"0,51 : 37.36"
"0,52 : 67.91"
"0,53 : 17.46"
"0,54 : 37.0"
"0,55 : 77.1"
"0,56 : 68.62"
"0,57 : 31.3"
"0,58 : 44.55"
"0,59 : 47.52"
"0,60 : 24.7"
"0,61 : 19.85"
"0,62 : 86.82"
"0,63 : 44.28"
"0,64 : 38.0"
"0,65 : 34.54"
"0,66 : 47.07"
"0,67 : 13.0"
"0,68 : 67.6"
"0,69 : 20.12"
"0,70 : 42.44"
"0,71 : 22.47"
"0,72 : 52.39"
"0,73 : 37.22"
"0,74 : 14.76"
"0,75 : 92.61"
"0,76 : 56.22"
"0,77 : 44.72"
"0,78 : 89.36"
"0,79 : 52.5"
"0,80 : 27.78"
"0,81 : 79.62"
"0,82 : 73.68"
"0,83 : 22.47"
"0,84 : 63.57"
"0,85 : 81.54"
"0,86 : 57.01"
"0,87 : 80.53"
"0,88 : 62.82"
"0,89 : 47.42"
"0,90 : 90.92"
"0,91 : 20.12"
"0,92 : 49.73"
"0,93 : 24.04"
"0,94 : 11.18"
"0,95 : 38.63"
"0,96 : 41.77"
"0,97 : 0.0"
"0,98 : 48.84"
"0,99 : 65.37"
"1,0 : 63.13"
"1,1 : 0.0"
"1,2 : 58.69"
"1,3 : 83.57"
"1,4 : 51.48"
"1,5 : 92.78"
"1,6 : 59.46"
"1,7 : 30.81"
"1,8 : 92.66"
"1,9 : 24.19"
"1,10 : 57.72"
"1,11 : 31.76"
"1,12 : 62.65"
"1,13 : 69.72"
"1,14 : 58.46"
"1,15 : 65.76"
"1,16 : 52.48"
"1,17 : 15.3"
"1,18 : 40.71"
"1,19 : 62.17"
"1,20 : 51.35"
"1,21 : 61.85"
"1,22 : 28.44"
"1,23 : 27.29"
"1,24 : 12.0"
"1,25 : 56.44"
"1,26 : 97.64"
"1,27 : 76.22"
"1,28 : 84.9"
"1,29 : 91.27"
"1,30 : 64.88"
"1,31 : 67.42"
"1,32 : 36.62"
"1,33 : 25.3"
"1,34 : 21.54"
"1,35 : 66.64"
"1,36 : 88.64"
"1,37 : 26.0"
"1,38 : 96.8"
"1,39 : 71.59"
"1,40 : 66.13"
"1,41 : 25.96"
"1,42 : 52.77"
"1,43 : 48.33"
"1,44 : 62.77"
"1,45 : 51.62"
"1,46 : 10.0"
"1,47 : 67.68"
"1,48 : 77.78"
"1,49 : 39.4"
"1,50 : 60.93"
"1,51 : 38.33"
"1,52 : 30.81"
"1,53 : 57.69"
"1,54 : 31.78"
"1,55 : 47.01"
"1,56 : 25.5"
"1,57 : 58.52"
"1,58 : 101.24"
"1,59 : 55.33"
"1,60 : 71.2"
"1,61 : 43.6"
"1,62 : 25.71"
"1,63 : 29.02"
"1,64 : 48.09"
"1,65 : 95.13"
"1,66 : 51.04"
"1,67 : 69.97"
"1,68 : 37.22"
"1,69 : 82.04"
"1,70 : 24.74"
"1,71 : 59.46"
"1,72 : 93.01"
"1,73 : 27.2"
"1,74 : 59.41"
"1,75 : 36.06"
"1,76 : 13.34"
"1,77 : 49.16"
"1,78 : 92.35"
"1,79 : 75.43"
"1,80 : 73.36"
"1,81 : 25.0"
"1,82 : 28.43"
"1,83 : 42.19"
"1,84 : 23.32"
"1,85 : 77.83"
"1,86 : 13.6"
"1,87 : 79.06"
"1,88 : 57.49"
"1,89 : 74.15"
"1,90 : 31.26"
"1,91 : 45.28"
"1,92 : 95.63"
"1,93 : 54.12"
"1,94 : 73.01"
"1,95 : 56.29"
"1,96 : 56.0"
"1,97 : 63.13"
"1,98 : 15.81"
"1,99 : 12.73"
"2,0 : 7.07"
"2,1 : 58.69"
"2,2 : 0.0"
"2,3 : 37.64"
"2,4 : 35.17"
"2,5 : 38.47"
"2,6 : 62.59"
"2,7 : 79.16"
"2,8 : 47.54"
"2,9 : 42.05"
"2,10 : 30.41"
"2,11 : 74.09"
"2,12 : 37.74"
"2,13 : 57.71"
"2,14 : 56.04"
"2,15 : 20.25"
"2,16 : 68.07"
"2,17 : 46.62"
"2,18 : 80.36"
"2,19 : 19.8"
"2,20 : 36.14"
"2,21 : 31.62"
"2,22 : 48.08"
"2,23 : 82.1"
"2,24 : 67.62"
"2,25 : 50.0"
"2,26 : 41.76"
"2,27 : 72.5"
"2,28 : 26.25"
"2,29 : 35.9"
"2,30 : 18.03"
"2,31 : 15.81"
"2,32 : 74.04"
"2,33 : 52.81"
"2,34 : 53.71"
"2,35 : 23.02"
"2,36 : 39.32"
"2,37 : 35.85"
"2,38 : 40.8"
"2,39 : 74.63"
"2,40 : 28.32"
"2,41 : 51.55"
"2,42 : 65.19"
"2,43 : 21.1"
"2,44 : 23.35"
"2,45 : 7.07"
"2,46 : 48.8"
"2,47 : 14.32"
"2,48 : 46.1"
"2,49 : 57.31"
"2,50 : 22.02"
"2,51 : 37.12"
"2,52 : 61.4"
"2,53 : 10.82"
"2,54 : 30.87"
"2,55 : 70.18"
"2,56 : 62.39"
"2,57 : 24.7"
"2,58 : 45.22"
"2,59 : 50.0"
"2,60 : 20.88"
"2,61 : 17.09"
"2,62 : 81.61"
"2,63 : 42.72"
"2,64 : 39.62"
"2,65 : 36.89"
"2,66 : 40.02"
"2,67 : 19.92"
"2,68 : 60.83"
"2,69 : 23.35"
"2,70 : 39.81"
"2,71 : 26.63"
"2,72 : 49.04"
"2,73 : 32.02"
"2,74 : 8.49"
"2,75 : 86.77"
"2,76 : 53.0"
"2,77 : 37.66"
"2,78 : 82.93"
"2,79 : 46.67"
"2,80 : 24.04"
"2,81 : 73.82"
"2,82 : 67.42"
"2,83 : 20.62"
"2,84 : 57.38"
"2,85 : 74.73"
"2,86 : 53.85"
"2,87 : 73.79"
"2,88 : 55.79"
"2,89 : 41.77"
"2,90 : 85.44"
"2,91 : 19.1"
"2,92 : 47.38"
"2,93 : 17.09"
"2,94 : 18.03"
"2,95 : 31.78"
"2,96 : 44.6"
"2,97 : 7.07"
"2,98 : 45.22"
"2,99 : 59.91"
"3,0 : 41.15"
"3,1 : 83.57"
"3,2 : 37.64"
"3,3 : 0.0"
"3,4 : 35.47"
"3,5 : 17.12"
"3,6 : 54.63"
"3,7 : 92.96"
"3,8 : 10.05"
"3,9 : 60.37"
"3,10 : 27.2"
"3,11 : 85.63"
"3,12 : 26.4"
"3,13 : 41.0"
"3,14 : 47.85"
"3,15 : 54.71"
"3,16 : 65.86"
"3,17 : 68.54"
"3,18 : 88.53"
"3,19 : 22.2"
"3,20 : 36.12"
"3,21 : 23.43"
"3,22 : 61.03"
"3,23 : 99.86"
"3,24 : 88.59"
"3,25 : 43.05"
"3,26 : 23.35"
"3,27 : 55.33"
"3,28 : 32.25"
"3,29 : 19.03"
"3,30 : 21.02"
"3,31 : 21.84"
"3,32 : 82.76"
"3,33 : 86.21"
"3,34 : 69.34"
"3,35 : 57.45"
"3,36 : 6.71"
"3,37 : 57.58"
"3,38 : 23.19"
"3,39 : 61.39"
"3,40 : 63.63"
"3,41 : 85.15"
"3,42 : 62.27"
"3,43 : 35.44"
"3,44 : 20.88"
"3,45 : 41.44"
"3,46 : 74.0"
"3,47 : 23.41"
"3,48 : 19.03"
"3,49 : 62.29"
"3,50 : 22.8"
"3,51 : 73.44"
"3,52 : 71.51"
"3,53 : 30.07"
"3,54 : 51.87"
"3,55 : 71.85"
"3,56 : 75.43"
"3,57 : 25.08"
"3,58 : 25.96"
"3,59 : 87.64"
"3,60 : 16.76"
"3,61 : 52.24"
"3,62 : 100.4"
"3,63 : 77.01"
"3,64 : 77.13"
"3,65 : 31.4"
"3,66 : 38.9"
"3,67 : 51.61"
"3,68 : 67.21"
"3,69 : 33.02"
"3,70 : 72.25"
"3,71 : 63.56"
"3,72 : 11.4"
"3,73 : 57.72"
"3,74 : 30.41"
"3,75 : 100.66"
"3,76 : 82.76"
"3,77 : 38.95"
"3,78 : 58.86"
"3,79 : 22.2"
"3,80 : 13.6"
"3,81 : 89.2"
"3,82 : 79.4"
"3,83 : 56.32"
"3,84 : 71.61"
"3,85 : 57.22"
"3,86 : 83.74"
"3,87 : 55.08"
"3,88 : 48.3"
"3,89 : 17.72"
"3,90 : 102.2"
"3,91 : 55.73"
"3,92 : 12.08"
"3,93 : 30.41"
"3,94 : 45.45"
"3,95 : 29.21"
"3,96 : 82.22"
"3,97 : 41.15"
"3,98 : 74.53"
"3,99 : 79.26"
"4,0 : 42.2"
"4,1 : 51.48"
"4,2 : 35.17"
"4,3 : 35.47"
"4,4 : 0.0"
"4,5 : 49.41"
"4,6 : 27.46"
"4,7 : 57.49"
"4,8 : 43.05"
"4,9 : 27.29"
"4,10 : 8.6"
"4,11 : 50.21"
"4,12 : 11.18"
"4,13 : 24.76"
"4,14 : 20.88"
"4,15 : 54.78"
"4,16 : 34.53"
"4,17 : 36.22"
"4,18 : 53.6"
"4,19 : 20.62"
"4,20 : 1.0"
"4,21 : 12.04"
"4,22 : 25.94"
"4,23 : 64.66"
"4,24 : 54.42"
"4,25 : 14.87"
"4,26 : 55.47"
"4,27 : 38.28"
"4,28 : 52.17"
"4,29 : 49.4"
"4,30 : 24.74"
"4,31 : 29.61"
"4,32 : 47.63"
"4,33 : 61.4"
"4,34 : 34.44"
"4,35 : 57.38"
"4,36 : 41.73"
"4,37 : 27.17"
"4,38 : 54.92"
"4,39 : 39.56"
"4,40 : 61.72"
"4,41 : 60.73"
"4,42 : 31.26"
"4,43 : 14.76"
"4,44 : 18.38"
"4,45 : 32.2"
"4,46 : 43.01"
"4,47 : 31.4"
"4,48 : 26.31"
"4,49 : 27.46"
"4,50 : 17.72"
"4,51 : 55.47"
"4,52 : 36.07"
"4,53 : 25.18"
"4,54 : 22.8"
"4,55 : 38.63"
"4,56 : 40.0"
"4,57 : 13.6"
"4,58 : 58.82"
"4,59 : 74.52"
"4,60 : 30.08"
"4,61 : 37.54"
"4,62 : 65.37"
"4,63 : 54.63"
"4,64 : 63.13"
"4,65 : 58.31"
"4,66 : 5.0"
"4,67 : 55.08"
"4,68 : 32.2"
"4,69 : 50.64"
"4,70 : 48.1"
"4,71 : 57.98"
"4,72 : 42.94"
"4,73 : 30.36"
"4,74 : 28.16"
"4,75 : 65.19"
"4,76 : 54.33"
"4,77 : 3.61"
"4,78 : 50.93"
"4,79 : 24.02"
"4,80 : 30.41"
"4,81 : 53.82"
"4,82 : 43.93"
"4,83 : 41.01"
"4,84 : 36.36"
"4,85 : 40.5"
"4,86 : 55.33"
"4,87 : 40.0"
"4,88 : 20.62"
"4,89 : 22.8"
"4,90 : 66.85"
"4,91 : 42.52"
"4,92 : 47.2"
"4,93 : 18.25"
"4,94 : 52.61"
"4,95 : 6.4"
"4,96 : 70.72"
"4,97 : 42.2"
"4,98 : 46.69"
"4,99 : 44.94"
"5,0 : 39.01"
"5,1 : 92.78"
"5,2 : 38.47"
"5,3 : 17.12"
"5,4 : 49.41"
"5,5 : 0.0"
"5,6 : 71.17"
"5,7 : 106.1"
"5,8 : 19.7"
"5,9 : 71.22"
"5,10 : 40.8"
"5,11 : 99.25"
"5,12 : 42.05"
"5,13 : 58.05"
"5,14 : 64.26"
"5,15 : 50.22"
"5,16 : 81.86"
"5,17 : 78.49"
"5,18 : 103.0"
"5,19 : 31.24"
"5,20 : 50.22"
"5,21 : 37.74"
"5,22 : 73.54"
"5,23 : 111.95"
"5,24 : 99.4"
"5,25 : 59.09"
"5,26 : 6.32"
"5,27 : 72.44"
"5,28 : 21.1"
"5,29 : 3.61"
"5,30 : 28.02"
"5,31 : 25.5"
"5,32 : 97.01"
"5,33 : 90.96"
"5,34 : 81.39"
"5,35 : 52.63"
"5,36 : 11.05"
"5,37 : 67.12"
"5,38 : 6.08"
"5,39 : 78.45"
"5,40 : 58.94"
"5,41 : 89.74"
"5,42 : 78.29"
"5,43 : 45.0"
"5,44 : 31.83"
"5,45 : 44.38"
"5,46 : 82.86"
"5,47 : 25.63"
"5,48 : 36.12"
"5,49 : 76.84"
"5,50 : 33.24"
"5,51 : 75.54"
"5,52 : 85.15"
"5,53 : 35.34"
"5,54 : 61.29"
"5,55 : 87.32"
"5,56 : 88.41"
"5,57 : 36.8"
"5,58 : 9.43"
"5,59 : 86.37"
"5,60 : 21.63"
"5,61 : 55.32"
"5,62 : 112.16"
"5,63 : 81.02"
"5,64 : 77.01"
"5,65 : 15.65"
"5,66 : 53.54"
"5,67 : 45.88"
"5,68 : 81.61"
"5,69 : 23.26"
"5,70 : 77.49"
"5,71 : 60.67"
"5,72 : 21.93"
"5,73 : 65.76"
"5,74 : 34.18"
"5,75 : 113.9"
"5,76 : 89.69"
"5,77 : 53.01"
"5,78 : 75.43"
"5,79 : 39.32"
"5,80 : 19.85"
"5,81 : 101.83"
"5,82 : 92.76"
"5,83 : 59.03"
"5,84 : 84.15"
"5,85 : 74.33"
"5,86 : 90.62"
"5,87 : 72.17"
"5,88 : 64.62"
"5,89 : 34.71"
"5,90 : 114.63"
"5,91 : 57.56"
"5,92 : 15.0"
"5,93 : 38.83"
"5,94 : 38.9"
"5,95 : 43.01"
"5,96 : 80.5"
"5,97 : 39.01"
"5,98 : 81.54"
"5,99 : 90.43"
"6,0 : 69.63"
"6,1 : 59.46"
"6,2 : 62.59"
"6,3 : 54.63"
"6,4 : 27.46"
"6,5 : 71.17"
"6,6 : 0.0"
"6,7 : 50.01"
"6,8 : 58.52"
"6,9 : 39.41"
"6,10 : 34.0"
"6,11 : 41.77"
"6,12 : 29.61"
"6,13 : 16.4"
"6,14 : 7.07"
"6,15 : 81.91"
"6,16 : 13.04"
"6,17 : 47.01"
"6,18 : 40.31"
"6,19 : 47.0"
"6,20 : 26.48"
"6,21 : 35.23"
"6,22 : 31.76"
"6,23 : 60.41"
"6,24 : 56.57"
"6,25 : 13.0"
"6,26 : 77.49"
"6,27 : 16.76"
"6,28 : 78.23"
"6,29 : 72.12"
"6,30 : 51.01"
"6,31 : 56.01"
"6,32 : 36.4"
"6,33 : 77.67"
"6,34 : 37.95"
"6,35 : 84.43"
"6,36 : 61.33"
"6,37 : 43.86"
"6,38 : 77.16"
"6,39 : 13.45"
"6,40 : 88.39"
"6,41 : 77.42"
"6,42 : 9.85"
"6,43 : 41.76"
"6,44 : 44.05"
"6,45 : 59.14"
"6,46 : 54.59"
"6,47 : 58.0"
"6,48 : 37.44"
"6,49 : 20.4"
"6,50 : 44.0"
"6,51 : 77.23"
"6,52 : 31.06"
"6,53 : 52.61"
"6,54 : 42.64"
"6,55 : 21.02"
"6,56 : 37.12"
"6,57 : 40.01"
"6,58 : 80.41"
"6,59 : 97.31"
"6,60 : 55.33"
"6,61 : 62.65"
"6,62 : 62.2"
"6,63 : 73.66"
"6,64 : 86.21"
"6,65 : 82.76"
"6,66 : 22.56"
"6,67 : 82.46"
"6,68 : 24.02"
"6,69 : 77.06"
"6,70 : 66.6"
"6,71 : 84.1"
"6,72 : 57.43"
"6,73 : 49.52"
"6,74 : 55.58"
"6,75 : 56.32"
"6,76 : 67.6"
"6,77 : 25.0"
"6,78 : 32.98"
"6,79 : 33.84"
"6,80 : 54.74"
"6,81 : 49.16"
"6,82 : 38.05"
"6,83 : 65.51"
"6,84 : 36.88"
"6,85 : 18.38"
"6,86 : 68.48"
"6,87 : 19.65"
"6,88 : 7.0"
"6,89 : 37.12"
"6,90 : 61.0"
"6,91 : 67.6"
"6,92 : 64.14"
"6,93 : 45.71"
"6,94 : 80.06"
"6,95 : 32.02"
"6,96 : 94.4"
"6,97 : 69.63"
"6,98 : 61.85"
"6,99 : 48.27"
"7,0 : 85.09"
"7,1 : 30.81"
"7,2 : 79.16"
"7,3 : 92.96"
"7,4 : 57.49"
"7,5 : 106.1"
"7,6 : 50.01"
"7,7 : 0.0"
"7,8 : 100.21"
"7,9 : 37.12"
"7,10 : 65.86"
"7,11 : 8.25"
"7,12 : 67.42"
"7,13 : 65.15"
"7,14 : 52.81"
"7,15 : 91.21"
"7,16 : 38.12"
"7,17 : 33.96"
"7,18 : 13.42"
"7,19 : 75.17"
"7,20 : 56.85"
"7,21 : 69.53"
"7,22 : 32.65"
"7,23 : 11.4"
"7,24 : 19.31"
"7,25 : 54.13"
"7,26 : 111.87"
"7,27 : 65.19"
"7,28 : 103.77"
"7,29 : 105.55"
"7,30 : 78.87"
"7,31 : 82.8"
"7,32 : 14.0"
"7,33 : 56.04"
"7,34 : 25.55"
"7,35 : 92.65"
"7,36 : 99.16"
"7,37 : 43.46"
"7,38 : 111.2"
"7,39 : 58.0"
"7,40 : 93.38"
"7,41 : 56.75"
"7,42 : 40.45"
"7,43 : 62.2"
"7,44 : 74.28"
"7,45 : 72.5"
"7,46 : 36.01"
"7,47 : 83.82"
"7,48 : 81.12"
"7,49 : 32.2"
"7,50 : 72.92"
"7,51 : 68.03"
"7,52 : 21.63"
"7,53 : 74.33"
"7,54 : 48.3"
"7,55 : 30.02"
"7,56 : 17.69"
"7,57 : 69.31"
"7,58 : 115.36"
"7,59 : 85.99"
"7,60 : 85.15"
"7,61 : 67.72"
"7,62 : 13.93"
"7,63 : 59.3"
"7,64 : 78.1"
"7,65 : 112.41"
"7,66 : 54.41"
"7,67 : 94.56"
"7,68 : 27.31"
"7,69 : 101.36"
"7,70 : 54.01"
"7,71 : 86.98"
"7,72 : 99.86"
"7,73 : 48.38"
"7,74 : 76.85"
"7,75 : 7.81"
"7,76 : 44.15"
"7,77 : 54.04"
"7,78 : 81.02"
"7,79 : 77.9"
"7,80 : 86.37"
"7,81 : 6.0"
"7,82 : 13.6"
"7,83 : 67.68"
"7,84 : 22.2"
"7,85 : 66.07"
"7,86 : 44.38"
"7,87 : 68.18"
"7,88 : 51.87"
"7,89 : 78.77"
"7,90 : 11.05"
"7,91 : 70.83"
"7,92 : 104.64"
"7,93 : 68.6"
"7,94 : 96.01"
"7,95 : 63.78"
"7,96 : 86.28"
"7,97 : 85.09"
"7,98 : 45.04"
"7,99 : 21.1"
"8,0 : 50.7"
"8,1 : 92.66"
"8,2 : 47.54"
"8,3 : 10.05"
"8,4 : 43.05"
"8,5 : 19.7"
"8,6 : 58.52"
"8,7 : 100.21"
"8,8 : 0.0"
"8,9 : 69.08"
"8,10 : 35.34"
"8,11 : 92.62"
"8,12 : 32.8"
"8,13 : 43.38"
"8,14 : 52.2"
"8,15 : 63.95"
"8,16 : 70.6"
"8,17 : 77.49"
"8,18 : 94.79"
"8,19 : 32.06"
"8,20 : 43.57"
"8,21 : 31.3"
"8,22 : 68.96"
"8,23 : 107.7"
"8,24 : 97.08"
"8,25 : 48.17"
"8,26 : 24.74"
"8,27 : 56.32"
"8,28 : 38.95"
"8,29 : 22.83"
"8,30 : 31.06"
"8,31 : 31.78"
"8,32 : 89.27"
"8,33 : 96.13"
"8,34 : 77.41"
"8,35 : 66.65"
"8,36 : 9.9"
"8,37 : 66.76"
"8,38 : 25.0"
"8,39 : 63.32"
"8,40 : 72.9"
"8,41 : 95.08"
"8,42 : 67.01"
"8,43 : 44.91"
"8,44 : 30.41"
"8,45 : 51.48"
"8,46 : 83.24"
"8,47 : 33.24"
"8,48 : 21.1"
"8,49 : 68.77"
"8,50 : 32.39"
"8,51 : 83.49"
"8,52 : 78.6"
"8,53 : 40.11"
"8,54 : 61.13"
"8,55 : 77.23"
"8,56 : 82.93"
"8,57 : 34.21"
"8,58 : 26.17"
"8,59 : 97.53"
"8,60 : 26.68"
"8,61 : 62.29"
"8,62 : 108.41"
"8,63 : 87.0"
"8,64 : 87.1"
"8,65 : 35.34"
"8,66 : 45.8"
"8,67 : 60.54"
"8,68 : 73.76"
"8,69 : 40.31"
"8,70 : 82.15"
"8,71 : 73.16"
"8,72 : 2.24"
"8,73 : 67.27"
"8,74 : 40.45"
"8,75 : 107.8"
"8,76 : 92.4"
"8,77 : 46.32"
"8,78 : 57.0"
"8,79 : 24.7"
"8,80 : 23.54"
"8,81 : 96.8"
"8,82 : 86.61"
"8,83 : 66.37"
"8,84 : 79.4"
"8,85 : 57.97"
"8,86 : 93.38"
"8,87 : 55.54"
"8,88 : 52.8"
"8,89 : 21.93"
"8,90 : 109.84"
"8,91 : 65.76"
"8,92 : 6.08"
"8,93 : 40.2"
"8,94 : 54.08"
"8,95 : 37.12"
"8,96 : 92.05"
"8,97 : 50.7"
"8,98 : 84.17"
"8,99 : 87.66"
"9,0 : 48.1"
"9,1 : 24.19"
"9,2 : 42.05"
"9,3 : 60.37"
"9,4 : 27.29"
"9,5 : 71.22"
"9,6 : 39.41"
"9,7 : 37.12"
"9,8 : 69.08"
"9,9 : 0.0"
"9,10 : 33.84"
"9,11 : 32.28"
"9,12 : 38.47"
"9,13 : 46.84"
"9,14 : 36.67"
"9,15 : 55.44"
"9,16 : 36.62"
"9,17 : 9.0"
"9,18 : 39.32"
"9,19 : 40.0"
"9,20 : 27.17"
"9,21 : 37.95"
"9,22 : 8.94"
"9,23 : 41.04"
"9,24 : 28.3"
"9,25 : 33.53"
"9,26 : 76.58"
"9,27 : 55.57"
"9,28 : 66.85"
"9,29 : 70.18"
"9,30 : 43.28"
"9,31 : 46.67"
"9,32 : 33.14"
"9,33 : 38.28"
"9,34 : 11.7"
"9,35 : 57.22"
"9,36 : 65.86"
"9,37 : 7.0"
"9,38 : 75.82"
"9,39 : 52.63"
"9,40 : 59.01"
"9,41 : 38.01"
"9,42 : 35.47"
"9,43 : 26.25"
"9,44 : 39.96"
"9,45 : 35.47"
"9,46 : 16.28"
"9,47 : 47.42"
"9,48 : 53.6"
"9,49 : 22.47"
"9,50 : 38.28"
"9,51 : 39.82"
"9,52 : 21.02"
"9,53 : 37.64"
"9,54 : 11.18"
"9,55 : 34.54"
"9,56 : 20.62"
"9,57 : 35.36"
"9,58 : 80.16"
"9,59 : 60.03"
"9,60 : 49.68"
"9,61 : 32.06"
"9,62 : 41.04"
"9,63 : 34.71"
"9,64 : 49.66"
"9,65 : 75.93"
"9,66 : 27.02"
"9,67 : 58.25"
"9,68 : 23.41"
"9,69 : 64.35"
"9,70 : 27.66"
"9,71 : 53.15"
"9,72 : 69.29"
"9,73 : 13.15"
"9,74 : 40.0"
"9,75 : 44.78"
"9,76 : 28.79"
"9,77 : 25.02"
"9,78 : 71.11"
"9,79 : 51.24"
"9,80 : 51.4"
"9,81 : 31.91"
"9,82 : 25.71"
"9,83 : 33.06"
"9,84 : 15.52"
"9,85 : 57.45"
"9,86 : 29.73"
"9,87 : 58.18"
"9,88 : 35.78"
"9,89 : 50.01"
"9,90 : 44.05"
"9,91 : 36.01"
"9,92 : 72.45"
"9,93 : 32.56"
"9,94 : 59.14"
"9,95 : 32.28"
"9,96 : 58.18"
"9,97 : 48.1"
"9,98 : 22.47"
"9,99 : 19.21"
"10,0 : 37.16"
"10,1 : 57.72"
"10,2 : 30.41"
"10,3 : 27.2"
"10,4 : 8.6"
"10,5 : 40.8"
"10,6 : 34.0"
"10,7 : 65.86"
"10,8 : 35.34"
"10,9 : 33.84"
"10,10 : 0.0"
"10,11 : 58.69"
"10,12 : 7.81"
"10,13 : 27.29"
"10,14 : 27.02"
"10,15 : 50.61"
"10,16 : 42.45"
"10,17 : 42.45"
"10,18 : 62.2"
"10,19 : 13.0"
"10,20 : 9.43"
"10,21 : 4.12"
"10,22 : 33.84"
"10,23 : 72.67"
"10,24 : 61.74"
"10,25 : 21.0"
"10,26 : 46.87"
"10,27 : 42.15"
"10,28 : 44.41"
"10,29 : 40.82"
"10,30 : 17.03"
"10,31 : 22.02"
"10,32 : 56.22"
"10,33 : 64.78"
"10,34 : 42.19"
"10,35 : 53.34"
"10,36 : 33.3"
"10,37 : 32.25"
"10,38 : 46.32"
"10,39 : 44.91"
"10,40 : 58.25"
"10,41 : 63.95"
"10,42 : 39.05"
"10,43 : 13.42"
"10,44 : 10.2"
"10,45 : 29.07"
"10,46 : 48.66"
"10,47 : 24.0"
"10,48 : 21.21"
"10,49 : 36.06"
"10,50 : 10.0"
"10,51 : 56.36"
"10,52 : 44.55"
"10,53 : 19.7"
"10,54 : 27.02"
"10,55 : 47.01"
"10,56 : 48.27"
"10,57 : 6.08"
"10,58 : 50.22"
"10,59 : 74.33"
"10,60 : 21.84"
"10,61 : 36.62"
"10,62 : 73.25"
"10,63 : 57.01"
"10,64 : 62.97"
"10,65 : 49.98"
"10,66 : 13.0"
"10,67 : 50.16"
"10,68 : 40.8"
"10,69 : 43.1"
"10,70 : 50.99"
"10,71 : 55.32"
"10,72 : 35.47"
"10,73 : 34.06"
"10,74 : 22.47"
"10,75 : 73.59"
"10,76 : 59.01"
"10,77 : 12.21"
"10,78 : 52.8"
"10,79 : 19.92"
"10,80 : 21.93"
"10,81 : 62.01"
"10,82 : 52.35"
"10,83 : 40.5"
"10,84 : 44.41"
"10,85 : 44.38"
"10,86 : 60.01"
"10,87 : 43.38"
"10,88 : 27.0"
"10,89 : 17.03"
"10,90 : 75.0"
"10,91 : 41.4"
"10,92 : 39.12"
"10,93 : 13.6"
"10,94 : 46.84"
"10,95 : 2.24"
"10,96 : 70.0"
"10,97 : 37.16"
"10,98 : 51.01"
"10,99 : 52.33"
"11,0 : 80.32"
"11,1 : 31.76"
"11,2 : 74.09"
"11,3 : 85.63"
"11,4 : 50.21"
"11,5 : 99.25"
"11,6 : 41.77"
"11,7 : 8.25"
"11,8 : 92.62"
"11,9 : 32.28"
"11,10 : 58.69"
"11,11 : 0.0"
"11,12 : 59.82"
"11,13 : 56.92"
"11,14 : 44.6"
"11,15 : 87.48"
"11,16 : 30.02"
"11,17 : 31.0"
"11,18 : 8.94"
"11,19 : 68.6"
"11,20 : 49.52"
"11,21 : 62.24"
"11,22 : 26.42"
"11,23 : 19.03"
"11,24 : 21.93"
"11,25 : 46.07"
"11,26 : 105.12"
"11,27 : 57.08"
"11,28 : 98.01"
"11,29 : 98.86"
"11,30 : 72.42"
"11,31 : 76.55"
"11,32 : 6.32"
"11,33 : 56.86"
"11,34 : 20.62"
"11,35 : 89.11"
"11,36 : 91.93"
"11,37 : 39.05"
"11,38 : 104.48"
"11,39 : 50.04"
"11,40 : 90.35"
"11,41 : 57.38"
"11,42 : 32.25"
"11,43 : 56.08"
"11,44 : 67.48"
"11,45 : 67.68"
"11,46 : 34.71"
"11,47 : 77.7"
"11,48 : 73.25"
"11,49 : 24.19"
"11,50 : 66.22"
"11,51 : 66.75"
"11,52 : 14.14"
"11,53 : 68.48"
"11,54 : 43.32"
"11,55 : 22.02"
"11,56 : 11.7"
"11,57 : 62.48"
"11,58 : 108.58"
"11,59 : 85.62"
"11,60 : 78.6"
"11,61 : 63.95"
"11,62 : 21.21"
"11,63 : 58.69"
"11,64 : 76.94"
"11,65 : 106.23"
"11,66 : 46.86"
"11,67 : 90.47"
"11,68 : 19.24"
"11,69 : 95.71"
"11,70 : 52.77"
"11,71 : 84.15"
"11,72 : 92.2"
"11,73 : 44.55"
"11,74 : 71.12"
"11,75 : 15.26"
"11,76 : 44.78"
"11,77 : 46.69"
"11,78 : 73.0"
"11,79 : 69.97"
"11,80 : 79.65"
"11,81 : 8.94"
"11,82 : 6.71"
"11,83 : 64.38"
"11,84 : 16.76"
"11,85 : 58.01"
"11,86 : 45.19"
"11,87 : 60.07"
"11,88 : 43.66"
"11,89 : 71.03"
"11,90 : 19.24"
"11,91 : 67.48"
"11,92 : 97.19"
"11,93 : 62.43"
"11,94 : 91.39"
"11,95 : 56.57"
"11,96 : 85.33"
"11,97 : 80.32"
"11,98 : 44.15"
"11,99 : 19.92"
"12,0 : 44.29"
"12,1 : 62.65"
"12,2 : 37.74"
"12,3 : 26.4"
"12,4 : 11.18"
"12,5 : 42.05"
"12,6 : 29.61"
"12,7 : 67.42"
"12,8 : 32.8"
"12,9 : 38.47"
"12,10 : 7.81"
"12,11 : 59.82"
"12,12 : 0.0"
"12,13 : 20.25"
"12,14 : 22.56"
"12,15 : 57.98"
"12,16 : 39.81"
"12,17 : 47.38"
"12,18 : 62.24"
"12,19 : 18.97"
"12,20 : 11.4"
"12,21 : 6.32"
"12,22 : 36.77"
"12,23 : 75.18"
"12,24 : 65.46"
"12,25 : 17.09"
"12,26 : 48.33"
"12,27 : 35.44"
"12,28 : 49.0"
"12,29 : 42.72"
"12,30 : 22.56"
"12,31 : 27.46"
"12,32 : 56.59"
"12,33 : 71.59"
"12,34 : 45.31"
"12,35 : 60.75"
"12,36 : 33.02"
"12,37 : 38.01"
"12,38 : 47.93"
"12,39 : 39.12"
"12,40 : 65.8"
"12,41 : 70.83"
"12,42 : 36.25"
"12,43 : 21.1"
"12,44 : 15.52"
"12,45 : 36.8"
"12,46 : 54.08"
"12,47 : 29.61"
"12,48 : 15.13"
"12,49 : 36.07"
"12,50 : 16.16"
"12,51 : 63.95"
"12,52 : 45.8"
"12,53 : 26.93"
"12,54 : 33.24"
"12,55 : 45.49"
"12,56 : 50.25"
"12,57 : 13.04"
"12,58 : 51.43"
"12,59 : 82.1"
"12,60 : 26.0"
"12,61 : 44.41"
"12,62 : 76.03"
"12,63 : 64.2"
"12,64 : 70.72"
"12,65 : 53.15"
"12,66 : 13.04"
"12,67 : 57.25"
"12,68 : 41.04"
"12,69 : 48.09"
"12,70 : 57.97"
"12,71 : 63.03"
"12,72 : 32.45"
"12,73 : 40.61"
"12,74 : 29.53"
"12,75 : 75.0"
"12,76 : 65.12"
"12,77 : 13.93"
"12,78 : 45.22"
"12,79 : 13.04"
"12,80 : 25.18"
"12,81 : 64.14"
"12,82 : 53.82"
"12,83 : 48.26"
"12,84 : 46.96"
"12,85 : 37.64"
"12,86 : 66.12"
"12,87 : 36.4"
"12,88 : 22.8"
"12,89 : 11.7"
"12,90 : 77.18"
"12,91 : 49.2"
"12,92 : 37.48"
"12,93 : 21.26"
"12,94 : 53.49"
"12,95 : 7.62"
"12,96 : 77.8"
"12,97 : 44.29"
"12,98 : 57.31"
"12,99 : 55.97"
"13,0 : 64.4"
"13,1 : 69.72"
"13,2 : 57.71"
"13,3 : 41.0"
"13,4 : 24.76"
"13,5 : 58.05"
"13,6 : 16.4"
"13,7 : 65.15"
"13,8 : 43.38"
"13,9 : 46.84"
"13,10 : 27.29"
"13,11 : 56.92"
"13,12 : 20.25"
"13,13 : 0.0"
"13,14 : 12.37"
"13,15 : 77.9"
"13,16 : 29.41"
"13,17 : 55.54"
"13,18 : 56.36"
"13,19 : 39.22"
"13,20 : 24.08"
"13,21 : 26.57"
"13,22 : 41.3"
"13,23 : 74.95"
"13,24 : 69.03"
"13,25 : 13.34"
"13,26 : 64.33"
"13,27 : 15.3"
"13,28 : 68.36"
"13,29 : 59.54"
"13,30 : 42.72"
"13,31 : 47.54"
"13,32 : 52.0"
"13,33 : 84.17"
"13,34 : 49.04"
"13,35 : 80.62"
"13,36 : 47.54"
"13,37 : 49.24"
"13,38 : 64.13"
"13,39 : 20.4"
"13,40 : 85.44"
"13,41 : 83.67"
"13,42 : 26.08"
"13,43 : 39.05"
"13,44 : 35.74"
"13,45 : 56.04"
"13,46 : 63.06"
"13,47 : 49.73"
"13,48 : 22.47"
"13,49 : 33.54"
"13,50 : 36.4"
"13,51 : 80.0"
"13,52 : 44.72"
"13,53 : 46.96"
"13,54 : 46.14"
"13,55 : 37.22"
"13,56 : 50.49"
"13,57 : 33.11"
"13,58 : 66.94"
"13,59 : 99.25"
"13,60 : 45.54"
"13,61 : 62.24"
"13,62 : 76.49"
"13,63 : 78.39"
"13,64 : 87.86"
"13,65 : 71.11"
"13,66 : 21.63"
"13,67 : 77.39"
"13,68 : 38.08"
"13,69 : 67.74"
"13,70 : 71.59"
"13,71 : 82.2"
"13,72 : 42.06"
"13,73 : 53.71"
"13,74 : 49.66"
"13,75 : 71.87"
"13,76 : 75.58"
"13,77 : 24.41"
"13,78 : 26.17"
"13,79 : 18.97"
"13,80 : 44.18"
"13,81 : 63.56"
"13,82 : 52.39"
"13,83 : 65.76"
"13,84 : 49.04"
"13,85 : 17.46"
"13,86 : 76.54"
"13,87 : 16.16"
"13,88 : 13.34"
"13,89 : 23.35"
"13,90 : 75.96"
"13,91 : 67.21"
"13,92 : 49.24"
"13,93 : 40.82"
"13,94 : 73.74"
"13,95 : 26.08"
"13,96 : 95.48"
"13,97 : 64.4"
"13,98 : 68.71"
"13,99 : 60.01"
"14,0 : 63.06"
"14,1 : 58.46"
"14,2 : 56.04"
"14,3 : 47.85"
"14,4 : 20.88"
"14,5 : 64.26"
"14,6 : 7.07"
"14,7 : 52.81"
"14,8 : 52.2"
"14,9 : 36.67"
"14,10 : 27.02"
"14,11 : 44.6"
"14,12 : 22.56"
"14,13 : 12.37"
"14,14 : 0.0"
"14,15 : 75.61"
"14,16 : 18.44"
"14,17 : 44.94"
"14,18 : 44.42"
"14,19 : 40.01"
"14,20 : 19.92"
"14,21 : 28.16"
"14,22 : 30.08"
"14,23 : 62.59"
"14,24 : 57.01"
"14,25 : 6.08"
"14,26 : 70.58"
"14,27 : 19.21"
"14,28 : 71.18"
"14,29 : 65.15"
"14,30 : 44.0"
"14,31 : 49.0"
"14,32 : 39.81"
"14,33 : 74.79"
"14,34 : 37.34"
"14,35 : 78.19"
"14,36 : 54.56"
"14,37 : 40.22"
"14,38 : 70.23"
"14,39 : 18.79"
"14,40 : 82.35"
"14,41 : 74.43"
"14,42 : 14.87"
"14,43 : 35.47"
"14,44 : 37.01"
"14,45 : 52.92"
"14,46 : 52.55"
"14,47 : 51.01"
"14,48 : 31.24"
"14,49 : 21.21"
"14,50 : 37.01"
"14,51 : 72.84"
"14,52 : 32.39"
"14,53 : 45.89"
"14,54 : 38.21"
"14,55 : 25.61"
"14,56 : 38.21"
"14,57 : 33.06"
"14,58 : 73.54"
"14,59 : 92.7"
"14,60 : 48.26"
"14,61 : 57.14"
"14,62 : 64.13"
"14,63 : 70.0"
"14,64 : 81.47"
"14,65 : 75.71"
"14,66 : 16.16"
"14,67 : 75.96"
"14,68 : 25.71"
"14,69 : 70.03"
"14,70 : 63.01"
"14,71 : 78.29"
"14,72 : 51.22"
"14,73 : 45.45"
"14,74 : 48.84"
"14,75 : 59.62"
"14,76 : 65.39"
"14,77 : 18.79"
"14,78 : 34.44"
"14,79 : 27.66"
"14,80 : 47.68"
"14,81 : 51.2"
"14,82 : 40.02"
"14,83 : 60.22"
"14,84 : 37.01"
"14,85 : 21.26"
"14,86 : 66.31"
"14,87 : 21.63"
"14,88 : 1.0"
"14,89 : 30.53"
"14,90 : 63.6"
"14,91 : 62.13"
"14,92 : 57.69"
"14,93 : 39.05"
"14,94 : 73.35"
"14,95 : 25.08"
"14,96 : 89.5"
"14,97 : 63.06"
"14,98 : 59.06"
"14,99 : 48.17"
"15,0 : 14.14"
"15,1 : 65.76"
"15,2 : 20.25"
"15,3 : 54.71"
"15,4 : 54.78"
"15,5 : 50.22"
"15,6 : 81.91"
"15,7 : 91.21"
"15,8 : 63.95"
"15,9 : 55.44"
"15,10 : 50.61"
"15,11 : 87.48"
"15,12 : 57.98"
"15,13 : 77.9"
"15,14 : 75.61"
"15,15 : 0.0"
"15,16 : 86.15"
"15,17 : 57.28"
"15,18 : 94.76"
"15,19 : 39.82"
"15,20 : 55.71"
"15,21 : 51.87"
"15,22 : 63.07"
"15,23 : 91.92"
"15,24 : 76.56"
"15,25 : 69.64"
"15,26 : 51.24"
"15,27 : 92.57"
"15,28 : 31.0"
"15,29 : 46.87"
"15,30 : 37.48"
"15,31 : 34.06"
"15,32 : 88.57"
"15,33 : 51.74"
"15,34 : 66.91"
"15,35 : 2.83"
"15,36 : 54.63"
"15,37 : 48.51"
"15,38 : 50.25"
"15,39 : 94.34"
"15,40 : 8.94"
"15,41 : 50.33"
"15,42 : 83.55"
"15,43 : 40.16"
"15,44 : 43.42"
"15,45 : 22.8"
"15,46 : 56.86"
"15,47 : 32.02"
"15,48 : 65.76"
"15,49 : 74.17"
"15,50 : 42.2"
"15,51 : 32.8"
"15,52 : 76.24"
"15,53 : 31.06"
"15,54 : 45.04"
"15,55 : 87.21"
"15,56 : 75.95"
"15,57 : 44.94"
"15,58 : 54.08"
"15,59 : 37.12"
"15,60 : 38.6"
"15,61 : 23.54"
"15,62 : 90.87"
"15,63 : 41.73"
"15,64 : 29.73"
"15,65 : 42.11"
"15,66 : 59.46"
"15,67 : 5.39"
"15,68 : 77.01"
"15,69 : 28.02"
"15,70 : 42.2"
"15,71 : 11.18"
"15,72 : 65.76"
"15,73 : 42.95"
"15,74 : 28.6"
"15,75 : 98.37"
"15,76 : 56.4"
"15,77 : 56.92"
"15,78 : 103.17"
"15,79 : 66.6"
"15,80 : 41.62"
"15,81 : 85.44"
"15,82 : 81.05"
"15,83 : 23.77"
"15,84 : 70.86"
"15,85 : 94.81"
"15,86 : 57.01"
"15,87 : 93.94"
"15,88 : 75.27"
"15,89 : 61.55"
"15,90 : 95.63"
"15,91 : 20.62"
"15,92 : 62.39"
"15,93 : 37.12"
"15,94 : 12.04"
"15,95 : 51.88"
"15,96 : 31.06"
"15,97 : 14.14"
"15,98 : 50.25"
"15,99 : 70.52"
"16,0 : 75.11"
"16,1 : 52.48"
"16,2 : 68.07"
"16,3 : 65.86"
"16,4 : 34.53"
"16,5 : 81.86"
"16,6 : 13.04"
"16,7 : 38.12"
"16,8 : 70.6"
"16,9 : 36.62"
"16,10 : 42.45"
"16,11 : 30.02"
"16,12 : 39.81"
"16,13 : 29.41"
"16,14 : 18.44"
"16,15 : 86.15"
"16,16 : 0.0"
"16,17 : 42.43"
"16,18 : 27.51"
"16,19 : 55.11"
"16,20 : 33.54"
"16,21 : 44.6"
"16,22 : 27.8"
"16,23 : 49.0"
"16,24 : 47.43"
"16,25 : 22.83"
"16,26 : 88.14"
"16,27 : 27.07"
"16,28 : 86.68"
"16,29 : 82.46"
"16,30 : 59.23"
"16,31 : 64.13"
"16,32 : 24.19"
"16,33 : 73.55"
"16,34 : 31.4"
"16,35 : 88.46"
"16,36 : 72.56"
"16,37 : 42.54"
"16,38 : 87.73"
"16,39 : 20.22"
"16,40 : 91.68"
"16,41 : 73.54"
"16,42 : 3.61"
"16,43 : 47.01"
"16,44 : 52.63"
"16,45 : 63.51"
"16,46 : 49.58"
"16,47 : 65.92"
"16,48 : 49.68"
"16,49 : 14.21"
"16,50 : 52.17"
"16,51 : 76.32"
"16,52 : 21.93"
"16,53 : 59.08"
"16,54 : 43.08"
"16,55 : 8.25"
"16,56 : 27.86"
"16,57 : 48.05"
"16,58 : 91.24"
"16,59 : 96.57"
"16,60 : 64.29"
"16,61 : 64.85"
"16,62 : 51.04"
"16,63 : 71.22"
"16,64 : 85.96"
"16,65 : 92.35"
"16,66 : 29.61"
"16,67 : 87.46"
"16,68 : 15.26"
"16,69 : 85.16"
"16,70 : 64.2"
"16,71 : 86.68"
"16,72 : 69.66"
"16,73 : 48.76"
"16,74 : 62.07"
"16,75 : 43.93"
"16,76 : 62.48"
"16,77 : 31.26"
"16,78 : 43.01"
"16,79 : 46.1"
"16,80 : 64.2"
"16,81 : 38.12"
"16,82 : 27.46"
"16,83 : 67.07"
"16,84 : 29.15"
"16,85 : 28.0"
"16,86 : 63.25"
"16,87 : 30.07"
"16,88 : 17.8"
"16,89 : 48.83"
"16,90 : 49.16"
"16,91 : 69.57"
"16,92 : 76.03"
"16,93 : 52.09"
"16,94 : 86.02"
"16,95 : 40.26"
"16,96 : 94.41"
"16,97 : 75.11"
"16,98 : 58.0"
"16,99 : 40.25"
"17,0 : 51.97"
"17,1 : 15.3"
"17,2 : 46.62"
"17,3 : 68.54"
"17,4 : 36.22"
"17,5 : 78.49"
"17,6 : 47.01"
"17,7 : 33.96"
"17,8 : 77.49"
"17,9 : 9.0"
"17,10 : 42.45"
"17,11 : 31.0"
"17,12 : 47.38"
"17,13 : 55.54"
"17,14 : 44.94"
"17,15 : 57.28"
"17,16 : 42.43"
"17,17 : 0.0"
"17,18 : 39.2"
"17,19 : 47.51"
"17,20 : 36.12"
"17,21 : 46.57"
"17,22 : 15.26"
"17,23 : 35.51"
"17,24 : 21.21"
"17,25 : 42.2"
"17,26 : 83.6"
"17,27 : 63.51"
"17,28 : 72.35"
"17,29 : 77.2"
"17,30 : 50.48"
"17,31 : 53.41"
"17,32 : 33.54"
"17,33 : 31.14"
"17,34 : 12.08"
"17,35 : 58.69"
"17,36 : 73.79"
"17,37 : 11.4"
"17,38 : 82.8"
"17,39 : 59.91"
"17,40 : 59.54"
"17,41 : 31.11"
"17,42 : 41.87"
"17,43 : 33.62"
"17,44 : 47.85"
"17,45 : 39.66"
"17,46 : 7.62"
"17,47 : 53.91"
"17,48 : 62.51"
"17,49 : 28.32"
"17,50 : 46.07"
"17,51 : 36.4"
"17,52 : 23.26"
"17,53 : 43.93"
"17,54 : 17.2"
"17,55 : 38.83"
"17,56 : 20.4"
"17,57 : 43.46"
"17,58 : 87.2"
"17,59 : 56.08"
"17,60 : 56.86"
"17,61 : 33.84"
"17,62 : 35.0"
"17,63 : 29.53"
"17,64 : 46.57"
"17,65 : 82.02"
"17,66 : 36.01"
"17,67 : 60.75"
"17,68 : 27.8"
"17,69 : 69.66"
"17,70 : 22.85"
"17,71 : 53.24"
"17,72 : 77.79"
"17,73 : 14.76"
"17,74 : 45.97"
"17,75 : 41.11"
"17,76 : 20.59"
"17,77 : 34.01"
"17,78 : 79.31"
"17,79 : 60.21"
"17,80 : 58.83"
"17,81 : 28.16"
"17,82 : 25.18"
"17,83 : 33.73"
"17,84 : 15.81"
"17,85 : 65.3"
"17,86 : 21.47"
"17,87 : 66.21"
"17,88 : 44.01"
"17,89 : 58.86"
"17,90 : 38.95"
"17,91 : 36.88"
"17,92 : 80.62"
"17,93 : 39.66"
"17,94 : 62.61"
"17,95 : 41.0"
"17,96 : 55.08"
"17,97 : 51.97"
"17,98 : 15.62"
"17,99 : 13.42"
"18,0 : 86.83"
"18,1 : 40.71"
"18,2 : 80.36"
"18,3 : 88.53"
"18,4 : 53.6"
"18,5 : 103.0"
"18,6 : 40.31"
"18,7 : 13.42"
"18,8 : 94.79"
"18,9 : 39.32"
"18,10 : 62.2"
"18,11 : 8.94"
"18,12 : 62.24"
"18,13 : 56.36"
"18,14 : 44.42"
"18,15 : 94.76"
"18,16 : 27.51"
"18,17 : 39.2"
"18,18 : 0.0"
"18,19 : 73.06"
"18,20 : 52.8"
"18,21 : 65.44"
"18,22 : 32.28"
"18,23 : 24.7"
"18,24 : 30.61"
"18,25 : 47.01"
"18,26 : 109.04"
"18,27 : 54.13"
"18,28 : 103.37"
"18,29 : 102.9"
"18,30 : 77.03"
"18,31 : 81.41"
"18,32 : 6.32"
"18,33 : 65.8"
"18,34 : 28.02"
"18,35 : 96.52"
"18,36 : 95.02"
"18,37 : 46.27"
"18,38 : 108.47"
"18,39 : 46.39"
"18,40 : 98.08"
"18,41 : 66.31"
"18,42 : 30.46"
"18,43 : 61.33"
"18,44 : 71.56"
"18,45 : 74.22"
"18,46 : 43.42"
"18,47 : 82.73"
"18,48 : 74.65"
"18,49 : 26.25"
"18,50 : 70.49"
"18,51 : 75.31"
"18,52 : 18.97"
"18,53 : 73.93"
"18,54 : 50.01"
"18,55 : 19.31"
"18,56 : 19.0"
"18,57 : 66.57"
"18,58 : 112.41"
"18,59 : 94.37"
"18,60 : 83.01"
"18,61 : 71.34"
"18,62 : 27.31"
"18,63 : 67.45"
"18,64 : 85.51"
"18,65 : 111.02"
"18,66 : 49.68"
"18,67 : 97.49"
"18,68 : 21.4"
"18,69 : 101.24"
"18,70 : 61.39"
"18,71 : 92.01"
"18,72 : 94.18"
"18,73 : 52.09"
"18,74 : 76.69"
"18,75 : 17.0"
"18,76 : 53.71"
"18,77 : 50.0"
"18,78 : 69.46"
"18,79 : 71.22"
"18,80 : 83.76"
"18,81 : 16.97"
"18,82 : 14.04"
"18,83 : 72.06"
"18,84 : 24.02"
"18,85 : 54.74"
"18,86 : 54.13"
"18,87 : 57.07"
"18,88 : 43.57"
"18,89 : 72.92"
"18,90 : 23.54"
"18,91 : 75.11"
"18,92 : 99.7"
"18,93 : 67.54"
"18,94 : 97.98"
"18,95 : 60.0"
"18,96 : 93.94"
"18,97 : 86.83"
"18,98 : 52.89"
"18,99 : 28.79"
"19,0 : 25.81"
"19,1 : 62.17"
"19,2 : 19.8"
"19,3 : 22.2"
"19,4 : 20.62"
"19,5 : 31.24"
"19,6 : 47.0"
"19,7 : 75.17"
"19,8 : 32.06"
"19,9 : 40.0"
"19,10 : 13.0"
"19,11 : 68.6"
"19,12 : 18.97"
"19,13 : 39.22"
"19,14 : 40.01"
"19,15 : 39.82"
"19,16 : 55.11"
"19,17 : 47.51"
"19,18 : 73.06"
"19,19 : 0.0"
"19,20 : 21.59"
"19,21 : 12.65"
"19,22 : 42.52"
"19,23 : 80.72"
"19,24 : 68.24"
"19,25 : 34.0"
"19,26 : 36.77"
"19,27 : 54.41"
"19,28 : 31.58"
"19,29 : 30.41"
"19,30 : 4.12"
"19,31 : 9.06"
"19,32 : 66.89"
"19,33 : 64.07"
"19,34 : 50.21"
"19,35 : 42.64"
"19,36 : 26.57"
"19,37 : 36.24"
"19,38 : 36.07"
"19,39 : 57.71"
"19,40 : 48.1"
"19,41 : 63.03"
"19,42 : 51.79"
"19,43 : 13.89"
"19,44 : 3.61"
"19,45 : 21.02"
"19,46 : 52.39"
"19,47 : 11.0"
"19,48 : 26.4"
"19,49 : 47.42"
"19,50 : 3.0"
"19,51 : 52.17"
"19,52 : 54.64"
"19,53 : 9.43"
"19,54 : 30.41"
"19,55 : 59.14"
"19,56 : 57.49"
"19,57 : 7.07"
"19,58 : 40.31"
"19,59 : 68.03"
"19,60 : 10.0"
"19,61 : 31.05"
"19,62 : 80.92"
"19,63 : 55.04"
"19,64 : 57.01"
"19,65 : 38.01"
"19,66 : 25.5"
"19,67 : 38.59"
"19,68 : 51.88"
"19,69 : 30.15"
"19,70 : 50.09"
"19,71 : 46.23"
"19,72 : 33.0"
"19,73 : 35.74"
"19,74 : 11.31"
"19,75 : 82.98"
"19,76 : 60.64"
"19,77 : 24.04"
"19,78 : 63.63"
"19,79 : 26.87"
"19,80 : 11.4"
"19,81 : 70.72"
"19,82 : 62.01"
"19,83 : 35.17"
"19,84 : 53.08"
"19,85 : 56.61"
"19,86 : 61.61"
"19,87 : 55.36"
"19,88 : 40.0"
"19,89 : 22.02"
"19,90 : 83.45"
"19,91 : 35.11"
"19,92 : 33.96"
"19,93 : 8.25"
"19,94 : 34.54"
"19,95 : 15.03"
"19,96 : 63.06"
"19,97 : 25.81"
"19,98 : 52.39"
"19,99 : 59.2"
"20,0 : 43.17"
"20,1 : 51.35"
"20,2 : 36.14"
"20,3 : 36.12"
"20,4 : 1.0"
"20,5 : 50.22"
"20,6 : 26.48"
"20,7 : 56.85"
"20,8 : 43.57"
"20,9 : 27.17"
"20,10 : 9.43"
"20,11 : 49.52"
"20,12 : 11.4"
"20,13 : 24.08"
"20,14 : 19.92"
"20,15 : 55.71"
"20,16 : 33.54"
"20,17 : 36.12"
"20,18 : 52.8"
"20,19 : 21.59"
"20,20 : 0.0"
"20,21 : 12.73"
"20,22 : 25.5"
"20,23 : 64.14"
"20,24 : 54.08"
"20,25 : 13.93"
"20,26 : 56.3"
"20,27 : 37.44"
"20,28 : 53.15"
"20,29 : 50.25"
"20,30 : 25.71"
"20,31 : 30.59"
"20,32 : 46.86"
"20,33 : 61.68"
"20,34 : 34.01"
"20,35 : 58.31"
"20,36 : 42.43"
"20,37 : 27.29"
"20,38 : 55.76"
"20,39 : 38.63"
"20,40 : 62.61"
"20,41 : 61.03"
"20,42 : 30.27"
"20,43 : 15.65"
"20,44 : 19.31"
"20,45 : 33.11"
"20,46 : 43.0"
"20,47 : 32.39"
"20,48 : 26.48"
"20,49 : 26.63"
"20,50 : 18.68"
"20,51 : 56.04"
"20,52 : 35.38"
"20,53 : 26.17"
"20,54 : 23.09"
"20,55 : 37.7"
"20,56 : 39.41"
"20,57 : 14.56"
"20,58 : 59.64"
"20,59 : 75.17"
"20,60 : 31.02"
"20,61 : 38.29"
"20,62 : 64.88"
"20,63 : 55.04"
"20,64 : 63.78"
"20,65 : 59.24"
"20,66 : 4.0"
"20,67 : 56.04"
"20,68 : 31.4"
"20,69 : 51.62"
"20,70 : 48.47"
"20,71 : 58.83"
"20,72 : 43.42"
"20,73 : 30.68"
"20,74 : 29.15"
"20,75 : 64.54"
"20,76 : 54.45"
"20,77 : 2.83"
"20,78 : 50.25"
"20,79 : 24.08"
"20,80 : 31.3"
"20,81 : 53.25"
"20,82 : 43.28"
"20,83 : 41.73"
"20,84 : 35.85"
"20,85 : 39.66"
"20,86 : 55.44"
"20,87 : 39.2"
"20,88 : 19.65"
"20,89 : 23.09"
"20,90 : 66.29"
"20,91 : 43.28"
"20,92 : 47.8"
"20,93 : 19.24"
"20,94 : 53.6"
"20,95 : 7.21"
"20,96 : 71.42"
"20,97 : 43.17"
"20,98 : 46.87"
"20,99 : 44.6"
"21,0 : 38.08"
"21,1 : 61.85"
"21,2 : 31.62"
"21,3 : 23.43"
"21,4 : 12.04"
"21,5 : 37.74"
"21,6 : 35.23"
"21,7 : 69.53"
"21,8 : 31.3"
"21,9 : 37.95"
"21,10 : 4.12"
"21,11 : 62.24"
"21,12 : 6.32"
"21,13 : 26.57"
"21,14 : 28.16"
"21,15 : 51.87"
"21,16 : 44.6"
"21,17 : 46.57"
"21,18 : 65.44"
"21,19 : 12.65"
"21,20 : 12.73"
"21,21 : 0.0"
"21,22 : 37.74"
"21,23 : 76.55"
"21,24 : 65.8"
"21,25 : 22.36"
"21,26 : 43.91"
"21,27 : 41.76"
"21,28 : 43.05"
"21,29 : 38.01"
"21,30 : 16.28"
"21,31 : 21.21"
"21,32 : 59.55"
"21,33 : 68.59"
"21,34 : 46.14"
"21,35 : 54.64"
"21,36 : 29.7"
"21,37 : 36.35"
"21,38 : 43.42"
"21,39 : 45.28"
"21,40 : 59.82"
"21,41 : 67.74"
"21,42 : 41.11"
"21,43 : 16.76"
"21,44 : 9.22"
"21,45 : 31.14"
"21,46 : 52.77"
"21,47 : 23.35"
"21,48 : 17.46"
"21,49 : 39.2"
"21,50 : 9.85"
"21,51 : 59.62"
"21,52 : 48.1"
"21,53 : 20.81"
"21,54 : 31.06"
"21,55 : 49.65"
"21,56 : 52.01"
"21,57 : 7.07"
"21,58 : 47.17"
"21,59 : 77.18"
"21,60 : 20.1"
"21,61 : 39.45"
"21,62 : 77.18"
"21,63 : 60.64"
"21,64 : 65.86"
"21,65 : 47.8"
"21,66 : 15.81"
"21,67 : 51.0"
"21,68 : 44.05"
"21,69 : 42.01"
"21,70 : 54.74"
"21,71 : 57.28"
"21,72 : 31.38"
"21,73 : 38.01"
"21,74 : 23.32"
"21,75 : 77.23"
"21,76 : 63.03"
"21,77 : 15.56"
"21,78 : 51.31"
"21,79 : 16.55"
"21,80 : 19.65"
"21,81 : 65.8"
"21,82 : 55.97"
"21,83 : 43.42"
"21,84 : 48.26"
"21,85 : 43.97"
"21,86 : 64.03"
"21,87 : 42.72"
"21,88 : 28.28"
"21,89 : 13.15"
"21,90 : 78.82"
"21,91 : 44.1"
"21,92 : 35.23"
"21,93 : 15.62"
"21,94 : 47.17"
"21,95 : 5.83"
"21,96 : 72.67"
"21,97 : 38.08"
"21,98 : 55.0"
"21,99 : 56.36"
"22,0 : 54.57"
"22,1 : 28.44"
"22,2 : 48.08"
"22,3 : 61.03"
"22,4 : 25.94"
"22,5 : 73.54"
"22,6 : 31.76"
"22,7 : 32.65"
"22,8 : 68.96"
"22,9 : 8.94"
"22,10 : 33.84"
"22,11 : 26.42"
"22,12 : 36.77"
"22,13 : 41.3"
"22,14 : 30.08"
"22,15 : 63.07"
"22,16 : 27.8"
"22,17 : 15.26"
"22,18 : 32.28"
"22,19 : 42.52"
"22,20 : 25.5"
"22,21 : 37.74"
"22,22 : 0.0"
"22,23 : 38.83"
"22,24 : 28.86"
"22,25 : 28.07"
"22,26 : 79.25"
"22,27 : 48.33"
"22,28 : 71.59"
"22,29 : 72.92"
"22,30 : 46.23"
"22,31 : 50.22"
"22,32 : 25.96"
"22,33 : 46.23"
"22,34 : 8.54"
"22,35 : 65.01"
"22,36 : 67.01"
"22,37 : 15.52"
"22,38 : 78.57"
"22,39 : 44.65"
"22,40 : 67.19"
"22,41 : 46.1"
"22,42 : 26.87"
"22,43 : 29.68"
"22,44 : 41.73"
"22,45 : 41.98"
"22,46 : 22.83"
"22,47 : 51.31"
"22,48 : 51.55"
"22,49 : 13.6"
"22,50 : 40.31"
"22,51 : 48.76"
"22,52 : 13.34"
"22,53 : 42.06"
"22,54 : 18.03"
"22,55 : 25.63"
"22,56 : 15.0"
"22,57 : 36.8"
"22,58 : 82.76"
"22,59 : 68.96"
"22,60 : 52.5"
"22,61 : 40.05"
"22,62 : 39.45"
"22,63 : 43.42"
"22,64 : 58.6"
"22,65 : 79.88"
"22,66 : 24.04"
"22,67 : 65.49"
"22,68 : 14.56"
"22,69 : 69.32"
"22,70 : 36.4"
"22,71 : 61.52"
"22,72 : 68.88"
"22,73 : 21.84"
"22,74 : 44.72"
"22,75 : 40.46"
"22,76 : 35.85"
"22,77 : 22.85"
"22,78 : 64.26"
"22,79 : 48.76"
"22,80 : 53.76"
"22,81 : 28.32"
"22,82 : 19.72"
"22,83 : 41.44"
"22,84 : 10.63"
"22,85 : 50.09"
"22,86 : 36.72"
"22,87 : 51.08"
"22,88 : 29.12"
"22,89 : 48.47"
"22,90 : 41.23"
"22,91 : 44.28"
"22,92 : 72.95"
"22,93 : 36.06"
"22,94 : 65.73"
"22,95 : 31.91"
"22,96 : 67.12"
"22,97 : 54.57"
"22,98 : 30.48"
"22,99 : 19.42"
"23,0 : 87.46"
"23,1 : 27.29"
"23,2 : 82.1"
"23,3 : 99.86"
"23,4 : 64.66"
"23,5 : 111.95"
"23,6 : 60.41"
"23,7 : 11.4"
"23,8 : 107.7"
"23,9 : 41.04"
"23,10 : 72.67"
"23,11 : 19.03"
"23,12 : 75.18"
"23,13 : 74.95"
"23,14 : 62.59"
"23,15 : 91.92"
"23,16 : 49.0"
"23,17 : 35.51"
"23,18 : 24.7"
"23,19 : 80.72"
"23,20 : 64.14"
"23,21 : 76.55"
"23,22 : 38.83"
"23,23 : 0.0"
"23,24 : 15.52"
"23,25 : 63.25"
"23,26 : 117.46"
"23,27 : 76.03"
"23,28 : 107.62"
"23,29 : 111.07"
"23,30 : 84.17"
"23,31 : 87.69"
"23,32 : 25.18"
"23,33 : 51.16"
"23,34 : 30.61"
"23,35 : 93.05"
"23,36 : 105.8"
"23,37 : 46.4"
"23,38 : 116.73"
"23,39 : 69.07"
"23,40 : 93.01"
"23,41 : 52.09"
"23,42 : 51.09"
"23,43 : 67.18"
"23,44 : 80.28"
"23,45 : 75.17"
"23,46 : 35.11"
"23,47 : 88.46"
"23,48 : 89.47"
"23,49 : 41.48"
"23,50 : 78.75"
"23,51 : 65.62"
"23,52 : 30.36"
"23,53 : 78.64"
"23,54 : 51.86"
"23,55 : 41.05"
"23,56 : 25.08"
"23,57 : 75.43"
"23,58 : 121.02"
"23,59 : 82.02"
"23,60 : 90.55"
"23,61 : 68.88"
"23,62 : 2.83"
"23,63 : 56.22"
"23,64 : 75.33"
"23,65 : 116.93"
"23,66 : 62.18"
"23,67 : 95.75"
"23,68 : 36.88"
"23,69 : 105.0"
"23,70 : 51.97"
"23,71 : 86.4"
"23,72 : 107.54"
"23,73 : 50.25"
"23,74 : 80.92"
"23,75 : 10.82"
"23,76 : 40.01"
"23,77 : 61.4"
"23,78 : 92.01"
"23,79 : 86.41"
"23,80 : 92.1"
"23,81 : 11.4"
"23,82 : 22.56"
"23,83 : 68.15"
"23,84 : 28.3"
"23,85 : 77.0"
"23,86 : 40.0"
"23,87 : 79.03"
"23,88 : 61.61"
"23,89 : 86.77"
"23,90 : 4.0"
"23,91 : 71.31"
"23,92 : 111.77"
"23,93 : 73.54"
"23,94 : 98.01"
"23,95 : 70.72"
"23,96 : 83.1"
"23,97 : 87.46"
"23,98 : 42.95"
"23,99 : 22.2"
"24,0 : 72.67"
"24,1 : 12.0"
"24,2 : 67.62"
"24,3 : 88.59"
"24,4 : 54.42"
"24,5 : 99.4"
"24,6 : 56.57"
"24,7 : 19.31"
"24,8 : 97.08"
"24,9 : 28.3"
"24,10 : 61.74"
"24,11 : 21.93"
"24,12 : 65.46"
"24,13 : 69.03"
"24,14 : 57.01"
"24,15 : 76.56"
"24,16 : 47.43"
"24,17 : 21.21"
"24,18 : 30.61"
"24,19 : 68.24"
"24,20 : 54.08"
"24,21 : 65.8"
"24,22 : 28.86"
"24,23 : 15.52"
"24,24 : 0.0"
"24,25 : 56.22"
"24,26 : 104.64"
"24,27 : 73.16"
"24,28 : 93.51"
"24,29 : 98.23"
"24,30 : 71.4"
"24,31 : 74.52"
"24,32 : 27.66"
"24,33 : 36.88"
"24,34 : 20.4"
"24,35 : 77.62"
"24,36 : 94.15"
"24,37 : 32.56"
"24,38 : 103.86"
"24,39 : 67.45"
"24,40 : 77.49"
"24,41 : 37.66"
"24,42 : 48.51"
"24,43 : 54.41"
"24,44 : 68.26"
"24,45 : 60.61"
"24,46 : 19.7"
"24,47 : 75.07"
"24,48 : 80.36"
"24,49 : 36.22"
"24,50 : 66.57"
"24,51 : 50.25"
"24,52 : 25.71"
"24,53 : 65.12"
"24,54 : 38.29"
"24,55 : 40.72"
"24,56 : 19.65"
"24,57 : 63.63"
"24,58 : 108.23"
"24,59 : 67.27"
"24,60 : 77.8"
"24,61 : 53.71"
"24,62 : 14.32"
"24,63 : 41.01"
"24,64 : 60.07"
"24,65 : 103.24"
"24,66 : 52.89"
"24,67 : 80.5"
"24,68 : 32.76"
"24,69 : 90.79"
"24,70 : 36.5"
"24,71 : 70.88"
"24,72 : 97.17"
"24,73 : 35.61"
"24,74 : 67.18"
"24,75 : 24.08"
"24,76 : 25.18"
"24,77 : 51.55"
"24,78 : 89.44"
"24,79 : 77.62"
"24,80 : 79.63"
"24,81 : 13.89"
"24,82 : 20.59"
"24,83 : 52.8"
"24,84 : 20.0"
"24,85 : 74.53"
"24,86 : 25.32"
"24,87 : 76.12"
"24,88 : 56.01"
"24,89 : 77.16"
"24,90 : 19.42"
"24,91 : 55.95"
"24,92 : 100.65"
"24,93 : 60.61"
"24,94 : 83.01"
"24,95 : 60.01"
"24,96 : 68.0"
"24,97 : 72.67"
"24,98 : 27.46"
"24,99 : 9.49"
"25,0 : 57.01"
"25,1 : 56.44"
"25,2 : 50.0"
"25,3 : 43.05"
"25,4 : 14.87"
"25,5 : 59.09"
"25,6 : 13.0"
"25,7 : 54.13"
"25,8 : 48.17"
"25,9 : 33.53"
"25,10 : 21.0"
"25,11 : 46.07"
"25,12 : 17.09"
"25,13 : 13.34"
"25,14 : 6.08"
"25,15 : 69.64"
"25,16 : 22.83"
"25,17 : 42.2"
"25,18 : 47.01"
"25,19 : 34.0"
"25,20 : 13.93"
"25,21 : 22.36"
"25,22 : 28.07"
"25,23 : 63.25"
"25,24 : 56.22"
"25,25 : 0.0"
"25,26 : 65.39"
"25,27 : 24.08"
"25,28 : 65.28"
"25,29 : 59.81"
"25,30 : 38.01"
"25,31 : 43.01"
"25,32 : 41.88"
"25,33 : 71.11"
"25,34 : 36.01"
"25,35 : 72.24"
"25,36 : 49.74"
"25,37 : 36.24"
"25,38 : 65.0"
"25,39 : 24.7"
"25,40 : 76.49"
"25,41 : 70.66"
"25,42 : 19.24"
"25,43 : 29.55"
"25,44 : 31.06"
"25,45 : 47.01"
"25,46 : 49.73"
"25,47 : 45.0"
"25,48 : 27.66"
"25,49 : 21.93"
"25,50 : 31.0"
"25,51 : 68.01"
"25,52 : 32.89"
"25,53 : 39.81"
"25,54 : 33.6"
"25,55 : 29.07"
"25,56 : 38.33"
"25,57 : 27.02"
"25,58 : 68.45"
"25,59 : 87.68"
"25,60 : 42.43"
"25,61 : 51.61"
"25,62 : 64.56"
"25,63 : 65.73"
"25,64 : 76.38"
"25,65 : 70.09"
"25,66 : 10.3"
"25,67 : 69.92"
"25,68 : 26.83"
