x,y
7,82
69,77
75,88
34,30
82,44
0,64
99,63
30,72
17,15
49,56
42,84
30,78
21,53
43,66
42,1
43,12
42,58
57,77
83,35
29,19
59,0
63,26
12,49
68,13
76,42
62,97
32,53
80,94
23,61
45,50
33,74
8,41
68,78
22,57
6,19
40,58
5,9
53,42
13,58
53,57
89,13
13,42
9,48
55,88
58,48
33,63
52,88
9,48
95,7
87,93
8,35
14,33
43,66
29,47
0,5
83,16
47,94
17,63
22,80
99,93
27,33
49,29
4,53
37,1
47,9
55,56
90,29
42,25
29,34
91,49
71,86
49,4
38,8
5,56
84,56
95,10
38,81
15,16
46,2
24,33
51,36
74,35
5,64
54,28
93,61
22,96
28,76
86,57
99,10
27,37
100,56
75,32
19,11
47,74
84,37
82,34
50,30
62,46
93,2
44,51

Distanze
"0,0 : 0.0"
"0,1 : 24.0"
"0,2 : 53.16"
"0,3 : 50.01"
"0,4 : 24.7"
"0,5 : 45.01"
"0,6 : 68.01"
"0,7 : 20.62"
"0,8 : 77.23"
"0,9 : 26.31"
"0,10 : 43.57"
"0,11 : 37.95"
"0,12 : 35.44"
"0,13 : 35.47"
"0,14 : 12.81"
"0,15 : 27.86"
"0,16 : 35.13"
"0,17 : 30.87"
"0,18 : 23.85"
"0,19 : 43.57"
"0,20 : 52.33"
"0,21 : 61.55"
"0,22 : 30.0"
"0,23 : 50.01"
"0,24 : 68.26"
"0,25 : 52.8"
"0,26 : 32.89"
"0,27 : 70.58"
"0,28 : 66.53"
"0,29 : 12.37"
"0,30 : 38.08"
"0,31 : 26.93"
"0,32 : 43.42"
"0,33 : 12.17"
"0,34 : 59.17"
"0,35 : 58.31"
"0,36 : 46.62"
"0,37 : 51.62"
"0,38 : 62.97"
"0,39 : 32.56"
"0,40 : 26.87"
"0,41 : 40.25"
"0,42 : 30.59"
"0,43 : 12.37"
"0,44 : 74.32"
"0,45 : 71.34"
"0,46 : 40.31"
"0,47 : 47.63"
"0,48 : 19.21"
"0,49 : 45.4"
"0,50 : 11.66"
"0,51 : 28.07"
"0,52 : 35.0"
"0,53 : 46.01"
"0,54 : 58.25"
"0,55 : 48.01"
"0,56 : 36.88"
"0,57 : 20.62"
"0,58 : 32.45"
"0,59 : 56.85"
"0,60 : 71.7"
"0,61 : 5.1"
"0,62 : 48.01"
"0,63 : 57.72"
"0,64 : 48.47"
"0,65 : 56.46"
"0,66 : 43.93"
"0,67 : 21.02"
"0,68 : 44.28"
"0,69 : 33.06"
"0,70 : 71.4"
"0,71 : 31.4"
"0,72 : 28.64"
"0,73 : 57.87"
"0,74 : 44.01"
"0,75 : 65.0"
"0,76 : 64.38"
"0,77 : 17.46"
"0,78 : 48.76"
"0,79 : 31.62"
"0,80 : 52.2"
"0,81 : 27.73"
"0,82 : 45.45"
"0,83 : 48.01"
"0,84 : 25.5"
"0,85 : 42.94"
"0,86 : 64.51"
"0,87 : 26.17"
"0,88 : 17.26"
"0,89 : 48.6"
"0,90 : 48.01"
"0,91 : 38.9"
"0,92 : 65.86"
"0,93 : 63.69"
"0,94 : 41.79"
"0,95 : 56.3"
"0,96 : 33.12"
"0,97 : 30.48"
"0,98 : 40.36"
"0,99 : 75.0"
"1,0 : 24.0"
"1,1 : 0.0"
"1,2 : 76.49"
"1,3 : 73.68"
"1,4 : 40.22"
"1,5 : 51.48"
"1,6 : 87.46"
"1,7 : 9.43"
"1,8 : 96.57"
"1,9 : 38.21"
"1,10 : 59.82"
"1,11 : 50.91"
"1,12 : 58.86"
"1,13 : 54.2"
"1,14 : 18.87"
"1,15 : 50.99"
"1,16 : 59.08"
"1,17 : 46.4"
"1,18 : 45.88"
"1,19 : 65.19"
"1,20 : 74.63"
"1,21 : 80.78"
"1,22 : 38.42"
"1,23 : 73.68"
"1,24 : 83.45"
"1,25 : 73.35"
"1,26 : 56.09"
"1,27 : 93.41"
"1,28 : 84.63"
"1,29 : 36.12"
"1,30 : 60.08"
"1,31 : 50.49"
"1,32 : 61.29"
"1,33 : 25.06"
"1,34 : 80.78"
"1,35 : 82.22"
"1,36 : 43.42"
"1,37 : 73.16"
"1,38 : 85.87"
"1,39 : 51.88"
"1,40 : 47.01"
"1,41 : 36.5"
"1,42 : 8.49"
"1,43 : 12.37"
"1,44 : 96.77"
"1,45 : 86.27"
"1,46 : 35.23"
"1,47 : 37.48"
"1,48 : 39.0"
"1,49 : 69.26"
"1,50 : 20.59"
"1,51 : 52.04"
"1,52 : 53.0"
"1,53 : 65.76"
"1,54 : 79.2"
"1,55 : 65.0"
"1,56 : 55.57"
"1,57 : 15.26"
"1,58 : 54.08"
"1,59 : 76.94"
"1,60 : 91.42"
"1,61 : 23.54"
"1,62 : 68.94"
"1,63 : 81.22"
"1,64 : 45.4"
"1,65 : 79.12"
"1,66 : 63.95"
"1,67 : 32.65"
"1,68 : 66.76"
"1,69 : 57.04"
"1,70 : 87.97"
"1,71 : 36.36"
"1,72 : 52.35"
"1,73 : 81.02"
"1,74 : 57.28"
"1,75 : 81.69"
"1,76 : 83.53"
"1,77 : 8.06"
"1,78 : 70.84"
"1,79 : 54.92"
"1,80 : 72.92"
"1,81 : 12.04"
"1,82 : 35.36"
"1,83 : 39.2"
"1,84 : 45.19"
"1,85 : 65.15"
"1,86 : 75.8"
"1,87 : 50.09"
"1,88 : 27.02"
"1,89 : 39.32"
"1,90 : 39.2"
"1,91 : 38.9"
"1,92 : 87.46"
"1,93 : 76.06"
"1,94 : 64.76"
"1,95 : 79.31"
"1,96 : 55.36"
"1,97 : 51.08"
"1,98 : 60.37"
"1,99 : 95.29"
"2,0 : 53.16"
"2,1 : 76.49"
"2,2 : 0.0"
"2,3 : 25.08"
"2,4 : 56.64"
"2,5 : 58.31"
"2,6 : 30.0"
"2,7 : 70.35"
"2,8 : 36.67"
"2,9 : 48.27"
"2,10 : 59.06"
"2,11 : 44.29"
"2,12 : 17.72"
"2,13 : 50.48"
"2,14 : 59.21"
"2,15 : 35.36"
"2,16 : 24.08"
"2,17 : 40.16"
"2,18 : 41.77"
"2,19 : 16.12"
"2,20 : 8.94"
"2,21 : 27.66"
"2,22 : 68.01"
"2,23 : 5.39"
"2,24 : 45.54"
"2,25 : 19.24"
"2,26 : 20.4"
"2,27 : 42.72"
"2,28 : 34.53"
"2,29 : 42.95"
"2,30 : 38.47"
"2,31 : 26.25"
"2,32 : 30.61"
"2,33 : 53.08"
"2,34 : 45.0"
"2,35 : 11.4"
"2,36 : 74.46"
"2,37 : 13.89"
"2,38 : 10.63"
"2,39 : 30.36"
"2,40 : 32.25"
"2,41 : 85.8"
"2,42 : 81.5"
"2,43 : 64.13"
"2,44 : 22.67"
"2,45 : 48.08"
"2,46 : 73.76"
"2,47 : 83.93"
"2,48 : 39.0"
"2,49 : 10.82"
"2,50 : 57.22"
"2,51 : 28.6"
"2,52 : 52.43"
"2,53 : 23.35"
"2,54 : 48.09"
"2,55 : 58.69"
"2,56 : 29.97"
"2,57 : 67.03"
"2,58 : 24.19"
"2,59 : 22.14"
"2,60 : 31.26"
"2,61 : 52.95"
"2,62 : 44.64"
"2,63 : 5.1"
"2,64 : 75.24"
"2,65 : 37.01"
"2,66 : 22.8"
"2,67 : 50.36"
"2,68 : 11.7"
"2,69 : 24.76"
"2,70 : 42.76"
"2,71 : 72.47"
"2,72 : 24.7"
"2,73 : 33.24"
"2,74 : 43.6"
"2,75 : 38.9"
"2,76 : 29.27"
"2,77 : 70.6"
"2,78 : 11.31"
"2,79 : 32.65"
"2,80 : 46.87"
"2,81 : 76.06"
"2,82 : 82.46"
"2,83 : 95.69"
"2,84 : 48.08"
"2,85 : 37.34"
"2,86 : 54.92"
"2,87 : 30.81"
"2,88 : 62.77"
"2,89 : 83.52"
"2,90 : 82.57"
"2,91 : 81.69"
"2,92 : 18.97"
"2,93 : 51.62"
"2,94 : 12.0"
"2,95 : 34.06"
"2,96 : 38.01"
"2,97 : 44.82"
"2,98 : 46.96"
"2,99 : 31.32"
"3,0 : 50.01"
"3,1 : 73.68"
"3,2 : 25.08"
"3,3 : 0.0"
"3,4 : 42.06"
"3,5 : 73.0"
"3,6 : 55.04"
"3,7 : 70.34"
"3,8 : 61.66"
"3,9 : 57.63"
"3,10 : 37.48"
"3,11 : 59.03"
"3,12 : 25.0"
"3,13 : 31.06"
"3,14 : 60.41"
"3,15 : 23.0"
"3,16 : 15.65"
"3,17 : 52.35"
"3,18 : 29.15"
"3,19 : 35.11"
"3,20 : 33.06"
"3,21 : 52.15"
"3,22 : 52.92"
"3,23 : 20.0"
"3,24 : 69.23"
"3,25 : 42.58"
"3,26 : 27.66"
"3,27 : 22.67"
"3,28 : 59.14"
"3,29 : 37.66"
"3,30 : 18.36"
"3,31 : 28.6"
"3,32 : 49.19"
"3,33 : 55.54"
"3,34 : 20.1"
"3,35 : 18.36"
"3,36 : 85.43"
"3,37 : 37.34"
"3,38 : 33.53"
"3,39 : 43.42"
"3,40 : 41.73"
"3,41 : 71.87"
"3,42 : 80.6"
"3,43 : 62.37"
"3,44 : 44.28"
"3,45 : 72.01"
"3,46 : 82.38"
"3,47 : 91.92"
"3,48 : 44.65"
"3,49 : 16.49"
"3,50 : 58.52"
"3,51 : 22.47"
"3,52 : 33.29"
"3,53 : 43.66"
"3,54 : 23.02"
"3,55 : 35.81"
"3,56 : 45.49"
"3,57 : 68.95"
"3,58 : 35.61"
"3,59 : 46.27"
"3,60 : 56.32"
"3,61 : 52.2"
"3,62 : 20.59"
"3,63 : 25.0"
"3,64 : 86.68"
"3,65 : 12.37"
"3,66 : 42.15"
"3,67 : 57.14"
"3,68 : 30.36"
"3,69 : 17.89"
"3,70 : 67.27"
"3,71 : 57.94"
"3,72 : 26.4"
"3,73 : 10.0"
"3,74 : 60.75"
"3,75 : 62.8"
"3,76 : 54.04"
"3,77 : 66.27"
"3,78 : 33.54"
"3,79 : 19.0"
"3,80 : 22.14"
"3,81 : 77.2"
"3,82 : 90.05"
"3,83 : 82.28"
"3,84 : 33.24"
"3,85 : 14.87"
"3,86 : 76.32"
"3,87 : 24.04"
"3,88 : 52.47"
"3,89 : 92.11"
"3,90 : 91.27"
"3,91 : 66.71"
"3,92 : 43.74"
"3,93 : 73.39"
"3,94 : 26.93"
"3,95 : 9.85"
"3,96 : 20.88"
"3,97 : 27.86"
"3,98 : 25.5"
"3,99 : 56.09"
"4,0 : 24.7"
"4,1 : 40.22"
"4,2 : 56.64"
"4,3 : 42.06"
"4,4 : 0.0"
"4,5 : 68.47"
"4,6 : 79.92"
"4,7 : 41.77"
"4,8 : 88.75"
"4,9 : 49.25"
"4,10 : 19.8"
"4,11 : 59.08"
"4,12 : 41.4"
"4,13 : 14.56"
"4,14 : 37.12"
"4,15 : 21.4"
"4,16 : 32.8"
"4,17 : 51.16"
"4,18 : 14.87"
"4,19 : 53.85"
"4,20 : 59.67"
"4,21 : 74.3"
"4,22 : 11.4"
"4,23 : 51.86"
"4,24 : 85.38"
"4,25 : 64.14"
"4,26 : 40.5"
"4,27 : 57.04"
"4,28 : 80.5"
"4,29 : 20.22"
"4,30 : 24.33"
"4,31 : 34.48"
"4,32 : 59.77"
"4,33 : 36.69"
"4,34 : 42.58"
"4,35 : 56.94"
"4,36 : 71.31"
"4,37 : 61.03"
"4,38 : 67.27"
"4,39 : 48.76"
"4,40 : 43.17"
"4,41 : 29.97"
"4,42 : 48.6"
"4,43 : 33.42"
"4,44 : 79.31"
"4,45 : 88.54"
"4,46 : 64.85"
"4,47 : 71.56"
"4,48 : 38.12"
"4,49 : 46.23"
"4,50 : 36.25"
"4,51 : 28.32"
"4,52 : 13.0"
"4,53 : 59.51"
"4,54 : 40.26"
"4,55 : 24.84"
"4,56 : 53.16"
"4,57 : 43.83"
"4,58 : 44.78"
"4,59 : 68.6"
"4,60 : 82.93"
"4,61 : 29.73"
"4,62 : 30.41"
"4,63 : 59.82"
"4,64 : 73.16"
"4,65 : 43.01"
"4,66 : 57.27"
"4,67 : 44.72"
"4,68 : 52.2"
"4,69 : 31.89"
"4,70 : 86.93"
"4,71 : 16.12"
"4,72 : 34.67"
"4,73 : 46.27"
"4,74 : 64.38"
"4,75 : 80.78"
"4,76 : 77.03"
"4,77 : 32.2"
"4,78 : 57.2"
"4,79 : 24.7"
"4,80 : 33.96"
"4,81 : 48.8"
"4,82 : 69.34"
"4,83 : 40.31"
"4,84 : 8.94"
"4,85 : 29.15"
"4,86 : 84.85"
"4,87 : 26.25"
"4,88 : 13.42"
"4,89 : 72.72"
"4,90 : 72.2"
"4,91 : 25.24"
"4,92 : 73.76"
"4,93 : 83.36"
"4,94 : 48.41"
"4,95 : 44.18"
"4,96 : 21.19"
"4,97 : 14.32"
"4,98 : 21.38"
"4,99 : 85.0"
"5,0 : 45.01"
"5,1 : 51.48"
"5,2 : 58.31"
"5,3 : 73.0"
"5,4 : 68.47"
"5,5 : 0.0"
"5,6 : 50.0"
"5,7 : 42.06"
"5,8 : 57.31"
"5,9 : 19.24"
"5,10 : 84.9"
"5,11 : 14.21"
"5,12 : 48.1"
"5,13 : 75.29"
"5,14 : 36.14"
"5,15 : 60.42"
"5,16 : 58.82"
"5,17 : 20.81"
"5,18 : 61.03"
"5,19 : 42.19"
"5,20 : 50.99"
"5,21 : 44.1"
"5,22 : 75.01"
"5,23 : 59.41"
"5,24 : 37.34"
"5,25 : 43.01"
"5,26 : 45.34"
"5,27 : 95.52"
"5,28 : 44.18"
"5,29 : 49.24"
"5,30 : 71.55"
"5,31 : 45.49"
"5,32 : 28.23"
"5,33 : 33.14"
"5,34 : 90.14"
"5,35 : 69.07"
"5,36 : 19.1"
"5,37 : 46.62"
"5,38 : 62.39"
"5,39 : 29.7"
"5,40 : 31.62"
"5,41 : 83.2"
"5,42 : 49.82"
"5,43 : 43.97"
"5,44 : 68.66"
"5,45 : 39.4"
"5,46 : 23.26"
"5,47 : 32.02"
"5,48 : 31.95"
"5,49 : 58.8"
"5,50 : 35.69"
"5,51 : 54.2"
"5,52 : 75.69"
"5,53 : 35.85"
"5,54 : 91.07"
"5,55 : 88.23"
"5,56 : 28.6"
"5,57 : 36.24"
"5,58 : 37.48"
"5,59 : 43.93"
"5,60 : 54.01"
"5,61 : 40.05"
"5,62 : 82.3"
"5,63 : 63.13"
"5,64 : 19.0"
"5,65 : 84.2"
"5,66 : 35.78"
"5,67 : 24.0"
"5,68 : 46.87"
"5,69 : 56.86"
"5,70 : 43.68"
"5,71 : 76.24"
"5,72 : 47.43"
"5,73 : 82.98"
"5,74 : 15.52"
"5,75 : 38.64"
"5,76 : 46.01"
"5,77 : 52.2"
"5,78 : 47.41"
"5,79 : 62.18"
"5,80 : 86.35"
"5,81 : 42.01"
"5,82 : 31.62"
"5,83 : 88.87"
"5,84 : 65.97"
"5,85 : 74.79"
"5,86 : 25.61"
"5,87 : 54.12"
"5,88 : 62.13"
"5,89 : 30.59"
"5,90 : 29.61"
"5,91 : 83.02"
"5,92 : 57.27"
"5,93 : 26.93"
"5,94 : 48.41"
"5,95 : 82.46"
"5,96 : 67.12"
"5,97 : 68.62"
"5,98 : 77.62"
"5,99 : 59.0"
"6,0 : 68.01"
"6,1 : 87.46"
"6,2 : 30.0"
"6,3 : 55.04"
"6,4 : 79.92"
"6,5 : 50.0"
"6,6 : 0.0"
"6,7 : 79.18"
"6,8 : 9.22"
"6,9 : 50.7"
"6,10 : 86.65"
"6,11 : 40.02"
"6,12 : 38.91"
"6,13 : 77.25"
"6,14 : 68.6"
"6,15 : 60.42"
"6,16 : 50.6"
"6,17 : 41.63"
"6,18 : 65.76"
"6,19 : 26.08"
"6,20 : 22.36"
"6,21 : 6.71"
"6,22 : 90.7"
"6,23 : 35.06"
"6,24 : 19.85"
"6,25 : 15.81"
"6,26 : 39.45"
"6,27 : 71.59"
"6,28 : 7.21"
"6,29 : 61.85"
"6,30 : 66.48"
"6,31 : 45.49"
"6,32 : 26.4"
"6,33 : 62.43"
"6,34 : 75.0"
"6,35 : 39.62"
"6,36 : 69.03"
"6,37 : 19.31"
"6,38 : 24.35"
"6,39 : 35.81"
"6,40 : 41.23"
"6,41 : 106.4"
"6,42 : 89.9"
"6,43 : 75.72"
"6,44 : 22.67"
"6,45 : 21.26"
"6,46 : 71.7"
"6,47 : 81.39"
"6,48 : 49.2"
"6,49 : 39.46"
"6,50 : 66.89"
"6,51 : 52.33"
"6,52 : 78.92"
"6,53 : 22.02"
"6,54 : 78.06"
"6,55 : 87.09"
"6,56 : 31.91"
"6,57 : 74.25"
"6,58 : 36.12"
"6,59 : 11.4"
"6,60 : 4.12"
"6,61 : 65.6"
"6,62 : 73.98"
"6,63 : 31.4"
"6,64 : 69.0"
"6,65 : 67.01"
"6,66 : 24.08"
"6,67 : 55.46"
"6,68 : 28.23"
"6,69 : 50.33"
"6,70 : 14.42"
"6,71 : 94.4"
"6,72 : 45.28"
"6,73 : 63.13"
"6,74 : 35.23"
"6,75 : 13.89"
"6,76 : 4.12"
"6,77 : 83.82"
"6,78 : 23.41"
"6,79 : 58.87"
"6,80 : 76.53"
"6,81 : 82.86"
"6,82 : 80.62"
"6,83 : 115.31"
"6,84 : 72.47"
"6,85 : 66.29"
"6,86 : 34.0"
"6,87 : 54.12"
"6,88 : 82.22"
"6,89 : 80.22"
"6,90 : 79.23"
"6,91 : 103.41"
"6,92 : 13.42"
"6,93 : 30.41"
"6,94 : 32.31"
"6,95 : 64.03"
"6,96 : 64.85"
"6,97 : 70.77"
"6,98 : 75.0"
"6,99 : 9.0"
"7,0 : 20.62"
"7,1 : 9.43"
"7,2 : 70.35"
"7,3 : 70.34"
"7,4 : 41.77"
"7,5 : 42.06"
"7,6 : 79.18"
"7,7 : 0.0"
"7,8 : 88.19"
"7,9 : 29.21"
"7,10 : 61.55"
"7,11 : 41.77"
"7,12 : 53.04"
"7,13 : 54.67"
"7,14 : 11.18"
"7,15 : 48.47"
"7,16 : 55.11"
"7,17 : 37.74"
"7,18 : 44.29"
"7,19 : 57.97"
"7,20 : 67.68"
"7,21 : 72.47"
"7,22 : 42.49"
"7,23 : 68.03"
"7,24 : 74.33"
"7,25 : 65.55"
"7,26 : 50.09"
"7,27 : 91.18"
"7,28 : 76.01"
"7,29 : 32.89"
"7,30 : 58.59"
"7,31 : 45.01"
"7,32 : 52.84"
"7,33 : 17.46"
"7,34 : 79.65"
"7,35 : 77.03"
"7,36 : 35.01"
"7,37 : 65.8"
"7,38 : 79.25"
"7,39 : 44.01"
"7,40 : 39.56"
"7,41 : 44.01"
"7,42 : 11.18"
"7,43 : 8.6"
"7,44 : 89.74"
"7,45 : 77.1"
"7,46 : 27.02"
"7,47 : 31.02"
"7,48 : 31.78"
"7,49 : 64.03"
"7,50 : 13.15"
"7,51 : 48.05"
"7,52 : 53.81"
"7,53 : 57.78"
"7,54 : 78.55"
"7,55 : 66.47"
"7,56 : 47.42"
"7,57 : 5.83"
"7,58 : 47.07"
"7,59 : 68.94"
"7,60 : 83.19"
"7,61 : 18.25"
"7,62 : 68.26"
"7,63 : 75.24"
"7,64 : 37.01"
"7,65 : 77.08"
"7,66 : 56.08"
"7,67 : 23.85"
"7,68 : 60.02"
"7,69 : 52.95"
"7,70 : 79.03"
"7,71 : 41.44"
"7,72 : 47.04"
"7,73 : 78.43"
"7,74 : 48.1"
"7,75 : 72.8"
"7,76 : 75.18"
"7,77 : 12.17"
"7,78 : 63.79"
"7,79 : 52.2"
"7,80 : 72.4"
"7,81 : 7.21"
"7,82 : 28.79"
"7,83 : 47.85"
"7,84 : 45.0"
"7,85 : 63.51"
"7,86 : 66.4"
"7,87 : 46.32"
"7,88 : 29.68"
"7,89 : 32.57"
"7,90 : 32.28"
"7,91 : 45.54"
"7,92 : 80.01"
"7,93 : 66.71"
"7,94 : 58.42"
"7,95 : 76.9"
"7,96 : 53.67"
"7,97 : 50.48"
"7,98 : 60.22"
"7,99 : 87.24"
"8,0 : 77.23"
"8,1 : 96.57"
"8,2 : 36.67"
"8,3 : 61.66"
"8,4 : 88.75"
"8,5 : 57.31"
"8,6 : 9.22"
"8,7 : 88.19"
"8,8 : 0.0"
"8,9 : 59.51"
"8,10 : 94.7"
"8,11 : 48.38"
"8,12 : 47.51"
"8,13 : 85.49"
"8,14 : 77.7"
"8,15 : 68.88"
"8,16 : 58.69"
"8,17 : 50.54"
"8,18 : 74.43"
"8,19 : 35.0"
"8,20 : 30.08"
"8,21 : 15.81"
"8,22 : 99.62"
"8,23 : 41.98"
"8,24 : 23.09"
"8,25 : 24.84"
"8,26 : 48.26"
"8,27 : 76.42"
"8,28 : 13.15"
"8,29 : 70.94"
"8,30 : 74.33"
"8,31 : 54.41"
"8,32 : 35.36"
"8,33 : 71.56"
"8,34 : 81.3"
"8,35 : 45.0"
"8,36 : 76.42"
"8,37 : 27.78"
"8,38 : 29.02"
"8,39 : 45.0"
"8,40 : 50.45"
"8,41 : 115.52"
"8,42 : 98.84"
"8,43 : 84.88"
"8,44 : 23.26"
"8,45 : 23.26"
"8,46 : 79.62"
"8,47 : 89.11"
"8,48 : 58.41"
"8,49 : 46.84"
"8,50 : 76.01"
"8,51 : 60.9"
"8,52 : 87.24"
"8,53 : 31.24"
"8,54 : 84.59"
"8,55 : 94.87"
"8,56 : 41.05"
"8,57 : 83.19"
"8,58 : 45.28"
"8,59 : 20.52"
"8,60 : 5.83"
"8,61 : 74.81"
"8,62 : 81.25"
"8,63 : 37.05"
"8,64 : 76.24"
"8,65 : 73.25"
"8,66 : 33.3"
"8,67 : 64.41"
"8,68 : 36.72"
"8,69 : 58.6"
"8,70 : 16.16"
"8,71 : 103.41"
"8,72 : 54.08"
"8,73 : 69.07"
"8,74 : 43.17"
"8,75 : 19.03"
"8,76 : 13.04"
"8,77 : 93.01"
"8,78 : 31.76"
"8,79 : 67.12"
"8,80 : 83.55"
"8,81 : 91.71"
"8,82 : 88.46"
"8,83 : 124.48"
"8,84 : 81.12"
"8,85 : 73.76"
"8,86 : 38.33"
"8,87 : 62.77"
"8,88 : 91.35"
"8,89 : 87.82"
"8,90 : 86.83"
"8,91 : 112.45"
"8,92 : 18.03"
"8,93 : 34.93"
"8,94 : 40.71"
"8,95 : 70.18"
"8,96 : 73.01"
"8,97 : 79.16"
"8,98 : 82.87"
"8,99 : 6.32"
"9,0 : 26.31"
"9,1 : 38.21"
"9,2 : 48.27"
"9,3 : 57.63"
"9,4 : 49.25"
"9,5 : 19.24"
"9,6 : 50.7"
"9,7 : 29.21"
"9,8 : 59.51"
"9,9 : 0.0"
"9,10 : 65.8"
"9,11 : 12.81"
"9,12 : 34.0"
"9,13 : 56.3"
"9,14 : 20.0"
"9,15 : 42.19"
"9,16 : 42.45"
"9,17 : 9.22"
"9,18 : 42.15"
"9,19 : 33.14"
"9,20 : 43.1"
"9,21 : 44.01"
"9,22 : 56.14"
"9,23 : 47.76"
"9,24 : 45.25"
"9,25 : 38.47"
"9,26 : 30.89"
"9,27 : 80.28"
"9,28 : 47.01"
"9,29 : 30.08"
"9,30 : 53.54"
"9,31 : 29.07"
"9,32 : 24.35"
"9,33 : 15.23"
"9,34 : 73.11"
"9,35 : 57.58"
"9,36 : 27.8"
"9,37 : 40.01"
"9,38 : 55.15"
"9,39 : 18.11"
"9,40 : 16.55"
"9,41 : 65.79"
"9,42 : 39.45"
"9,43 : 28.02"
"9,44 : 64.12"
"9,45 : 48.1"
"9,46 : 25.63"
"9,47 : 35.74"
"9,48 : 13.6"
"9,49 : 45.62"
"9,50 : 18.87"
"9,51 : 36.88"
"9,52 : 56.61"
"9,53 : 30.41"
"9,54 : 73.6"
"9,55 : 69.29"
"9,56 : 20.1"
"9,57 : 23.85"
"9,58 : 24.35"
"9,59 : 41.23"
"9,60 : 54.78"
"9,61 : 21.59"
"9,62 : 64.35"
"9,63 : 53.37"
"9,64 : 29.07"
"9,65 : 67.88"
"9,66 : 29.15"
"9,67 : 5.83"
"9,68 : 36.67"
"9,69 : 40.31"
"9,70 : 49.82"
"9,71 : 57.71"
"9,72 : 31.24"
"9,73 : 67.36"
"9,74 : 19.21"
"9,75 : 43.6"
"9,76 : 46.62"
"9,77 : 36.62"
"9,78 : 39.12"
"9,79 : 44.41"
"9,80 : 68.51"
"9,81 : 32.2"
"9,82 : 34.21"
"9,83 : 72.45"
"9,84 : 46.84"
"9,85 : 57.2"
"9,86 : 38.91"
"9,87 : 36.4"
"9,88 : 43.57"
"9,89 : 35.47"
"9,90 : 34.54"
"9,91 : 65.0"
"9,92 : 53.46"
"9,93 : 38.59"
"9,94 : 36.69"
"9,95 : 66.53"
"9,96 : 48.88"
"9,97 : 49.77"
"9,98 : 59.03"
"9,99 : 59.14"
"10,0 : 43.57"
"10,1 : 59.82"
"10,2 : 59.06"
"10,3 : 37.48"
"10,4 : 19.8"
"10,5 : 84.9"
"10,6 : 86.65"
"10,7 : 61.55"
"10,8 : 94.7"
"10,9 : 65.8"
"10,10 : 0.0"
"10,11 : 73.82"
"10,12 : 48.27"
"10,13 : 10.0"
"10,14 : 56.3"
"10,15 : 27.17"
"10,16 : 36.06"
"10,17 : 65.76"
"10,18 : 24.19"
"10,19 : 61.61"
"10,20 : 64.62"
"10,21 : 82.01"
"10,22 : 24.04"
"10,23 : 53.71"
"10,24 : 95.89"
"10,25 : 71.57"
"10,26 : 48.66"
"10,27 : 44.64"
"10,28 : 88.77"
"10,29 : 35.74"
"10,30 : 20.59"
"10,31 : 44.1"
"10,32 : 71.11"
"10,33 : 55.01"
"10,34 : 28.86"
"10,35 : 55.44"
"10,36 : 89.89"
"10,37 : 67.36"
"10,38 : 69.12"
"10,39 : 61.01"
"10,40 : 56.14"
"10,41 : 41.01"
"10,42 : 68.25"
"10,43 : 53.15"
"10,44 : 80.71"
"10,45 : 98.99"
"10,46 : 83.86"
"10,47 : 91.02"
"10,48 : 53.15"
"10,49 : 48.3"
"10,50 : 55.23"
"10,51 : 35.36"
"10,52 : 9.22"
"10,53 : 68.88"
"10,54 : 25.32"
"10,55 : 5.39"
"10,56 : 65.01"
"10,57 : 63.41"
"10,58 : 55.15"
"10,59 : 75.96"
"10,60 : 88.96"
"10,61 : 48.37"
"10,62 : 18.36"
"10,63 : 60.75"
"10,64 : 91.68"
"10,65 : 32.65"
"10,66 : 66.75"
"10,67 : 62.03"
"10,68 : 58.52"
"10,69 : 36.4"
"10,70 : 96.1"
"10,71 : 28.64"
"10,72 : 43.29"
"10,73 : 37.22"
"10,74 : 78.31"
"10,75 : 90.43"
"10,76 : 84.48"
"10,77 : 51.86"
"10,78 : 63.25"
"10,79 : 27.89"
"10,80 : 19.92"
"10,81 : 68.59"
"10,82 : 88.81"
"10,83 : 51.04"
"10,84 : 18.97"
"10,85 : 22.67"
"10,86 : 98.02"
"10,87 : 34.13"
"10,88 : 32.8"
"10,89 : 92.09"
"10,90 : 91.53"
"10,91 : 35.0"
"10,92 : 77.82"
"10,93 : 96.01"
"10,94 : 54.41"
"10,95 : 34.99"
"10,96 : 21.84"
"10,97 : 17.0"
"10,98 : 12.21"
"10,99 : 89.96"
"11,0 : 37.95"
"11,1 : 50.91"
"11,2 : 44.29"
"11,3 : 59.03"
"11,4 : 59.08"
"11,5 : 14.21"
"11,6 : 40.02"
"11,7 : 41.77"
"11,8 : 48.38"
"11,9 : 12.81"
"11,10 : 73.82"
"11,11 : 0.0"
"11,12 : 34.06"
"11,13 : 63.95"
"11,14 : 32.8"
"11,15 : 48.08"
"11,16 : 45.28"
"11,17 : 8.06"
"11,18 : 49.65"
"11,19 : 28.18"
"11,20 : 37.34"
"11,21 : 33.54"
"11,22 : 67.08"
"11,23 : 45.22"
"11,24 : 32.56"
"11,25 : 30.27"
"11,26 : 31.4"
"11,27 : 81.47"
"11,28 : 35.47"
"11,29 : 39.0"
"11,30 : 58.87"
"11,31 : 32.2"
"11,32 : 15.13"
"11,33 : 27.78"
"11,34 : 76.66"
"11,35 : 54.92"
"11,36 : 30.81"
"11,37 : 33.24"
"11,38 : 49.04"
"11,39 : 15.62"
"11,40 : 18.38"
"11,41 : 78.0"
"11,42 : 51.61"
"11,43 : 40.8"
"11,44 : 56.32"
"11,45 : 35.36"
"11,46 : 32.02"
"11,47 : 42.01"
"11,48 : 21.0"
"11,49 : 44.6"
"11,50 : 31.62"
"11,51 : 41.23"
"11,52 : 64.63"
"11,53 : 22.56"
"11,54 : 77.83"
"11,55 : 76.69"
"11,56 : 14.42"
"11,57 : 36.24"
"11,58 : 23.43"
"11,59 : 32.0"
"11,60 : 44.15"
"11,61 : 33.62"
"11,62 : 69.46"
"11,63 : 49.19"
"11,64 : 31.32"
"11,65 : 70.46"
"11,66 : 22.14"
"11,67 : 18.6"
"11,68 : 32.76"
"11,69 : 43.42"
"11,70 : 37.44"
"11,71 : 69.12"
"11,72 : 34.0"
"11,73 : 69.03"
"11,74 : 6.4"
"11,75 : 31.38"
"11,76 : 35.9"
"11,77 : 49.41"
"11,78 : 33.62"
"11,79 : 49.4"
"11,80 : 73.41"
"11,81 : 44.1"
"11,82 : 41.01"
"11,83 : 85.0"
"11,84 : 55.23"
"11,85 : 61.74"
"11,86 : 26.57"
"11,87 : 41.44"
"11,88 : 55.08"
"11,89 : 41.11"
"11,90 : 40.11"
"11,91 : 76.84"
"11,92 : 45.1"
"11,93 : 25.94"
"11,94 : 34.21"
"11,95 : 68.6"
"11,96 : 54.71"
"11,97 : 57.07"
"11,98 : 65.52"
"11,99 : 48.84"
"12,0 : 35.44"
"12,1 : 58.86"
"12,2 : 17.72"
"12,3 : 25.0"
"12,4 : 41.4"
"12,5 : 48.1"
"12,6 : 38.91"
"12,7 : 53.04"
"12,8 : 47.51"
"12,9 : 34.0"
"12,10 : 48.27"
"12,11 : 34.06"
"12,12 : 0.0"
"12,13 : 38.6"
"12,14 : 42.0"
"12,15 : 21.54"
"12,16 : 13.04"
"12,17 : 27.66"
"12,18 : 26.93"
"12,19 : 13.34"
"12,20 : 18.38"
"12,21 : 33.84"
"12,22 : 52.5"
"12,23 : 15.0"
"12,24 : 48.04"
"12,25 : 23.41"
"12,26 : 3.16"
"12,27 : 47.42"
"12,28 : 40.52"
"12,29 : 25.55"
"12,30 : 29.02"
"12,31 : 8.54"
"12,32 : 25.0"
"12,33 : 36.06"
"12,34 : 43.46"
"12,35 : 24.33"
"12,36 : 61.59"
"12,37 : 19.72"
"12,38 : 27.73"
"12,39 : 18.44"
"12,40 : 17.49"
"12,41 : 69.43"
"12,42 : 64.12"
"12,43 : 46.53"
"12,44 : 39.45"
"12,45 : 51.09"
"12,46 : 59.51"
"12,47 : 69.46"
"12,48 : 22.56"
"12,49 : 11.7"
"12,50 : 40.0"
"12,51 : 13.42"
"12,52 : 40.16"
"12,53 : 21.0"
"12,54 : 45.22"
"12,55 : 49.37"
"12,56 : 20.59"
"12,57 : 50.09"
"12,58 : 10.63"
"12,59 : 27.86"
"12,60 : 41.68"
"12,61 : 35.36"
"12,62 : 38.33"
"12,63 : 22.36"
"12,64 : 62.68"
"12,65 : 36.72"
"12,66 : 19.03"
"12,67 : 34.79"
"12,68 : 10.82"
"12,69 : 12.04"
"12,70 : 47.85"
"12,71 : 56.59"
"12,72 : 7.21"
"12,73 : 35.0"
"12,74 : 35.85"
"12,75 : 42.3"
"12,76 : 36.4"
"12,77 : 52.89"
"12,78 : 15.81"
"12,79 : 20.4"
"12,80 : 41.77"
"12,81 : 59.03"
"12,82 : 67.78"
"12,83 : 79.03"
"12,84 : 33.62"
"12,85 : 30.27"
"12,86 : 52.63"
"12,87 : 15.26"
"12,88 : 45.8"
"12,89 : 69.35"
"12,90 : 68.45"
"12,91 : 65.76"
"12,92 : 32.53"
"12,93 : 50.01"
"12,94 : 7.07"
"12,95 : 34.67"
"12,96 : 26.48"
"12,97 : 31.95"
"12,98 : 37.22"
"12,99 : 43.6"
"13,0 : 35.47"
"13,1 : 54.2"
"13,2 : 50.48"
"13,3 : 31.06"
"13,4 : 14.56"
"13,5 : 75.29"
"13,6 : 77.25"
"13,7 : 54.67"
"13,8 : 85.49"
"13,9 : 56.3"
"13,10 : 10.0"
"13,11 : 63.95"
"13,12 : 38.6"
"13,13 : 0.0"
"13,14 : 48.27"
"13,15 : 17.26"
"13,16 : 26.83"
"13,17 : 55.9"
"13,18 : 14.32"
"13,19 : 51.92"
"13,20 : 55.46"
"13,21 : 72.42"
"13,22 : 23.19"
"13,23 : 45.22"
"13,24 : 85.99"
"13,25 : 61.98"
"13,26 : 38.83"
"13,27 : 43.05"
"13,28 : 79.12"
"13,29 : 26.4"
"13,30 : 12.81"
"13,31 : 34.13"
"13,32 : 61.13"
"13,33 : 46.32"
"13,34 : 28.16"
"13,35 : 48.1"
"13,36 : 81.12"
"13,37 : 57.94"
"13,38 : 60.8"
"13,39 : 51.01"
"13,40 : 46.17"
"13,41 : 41.98"
"13,42 : 62.43"
"13,43 : 46.1"
"13,44 : 72.62"
"13,45 : 89.11"
"13,46 : 75.45"
"13,47 : 83.1"
"13,48 : 43.42"
"13,49 : 39.66"
"13,50 : 47.01"
"13,51 : 25.5"
"13,52 : 2.24"
"13,53 : 59.03"
"13,54 : 25.71"
"13,55 : 13.0"
"13,56 : 55.01"
"13,57 : 55.87"
"13,58 : 45.18"
"13,59 : 66.41"
"13,60 : 79.71"
"13,61 : 40.0"
"13,62 : 16.03"
"13,63 : 52.63"
"13,64 : 82.86"
"13,65 : 29.43"
"13,66 : 56.89"
"13,67 : 52.8"
"13,68 : 49.04"
"13,69 : 26.93"
"13,70 : 86.35"
"13,71 : 28.28"
"13,72 : 33.38"
"13,73 : 33.24"
"13,74 : 68.36"
"13,75 : 80.6"
"13,76 : 74.95"
"13,77 : 46.14"
"13,78 : 53.85"
"13,79 : 18.38"
"13,80 : 19.42"
"13,81 : 61.85"
"13,82 : 80.92"
"13,83 : 52.39"
"13,84 : 10.0"
"13,85 : 16.55"
"13,86 : 88.02"
"13,87 : 24.19"
"13,88 : 27.86"
"13,89 : 84.02"
"13,90 : 83.41"
"13,91 : 36.4"
"13,92 : 68.96"
"13,93 : 86.01"
"13,94 : 44.94"
"13,95 : 31.05"
"13,96 : 12.53"
"13,97 : 7.0"
"13,98 : 7.0"
"13,99 : 80.95"
"14,0 : 12.81"
"14,1 : 18.87"
"14,2 : 59.21"
"14,3 : 60.41"
"14,4 : 37.12"
"14,5 : 36.14"
"14,6 : 68.6"
"14,7 : 11.18"
"14,8 : 77.7"
"14,9 : 20.0"
"14,10 : 56.3"
"14,11 : 32.8"
"14,12 : 42.0"
"14,13 : 48.27"
"14,14 : 0.0"
"14,15 : 39.45"
"14,16 : 44.92"
"14,17 : 27.66"
"14,18 : 36.24"
"14,19 : 46.84"
"14,20 : 56.52"
"14,21 : 61.91"
"14,22 : 40.79"
"14,23 : 57.0"
"14,24 : 65.12"
"14,25 : 54.63"
"14,26 : 39.01"
"14,27 : 81.86"
"14,28 : 65.8"
"14,29 : 23.85"
"14,30 : 50.22"
"14,31 : 34.13"
"14,32 : 42.44"
"14,33 : 6.32"
"14,34 : 71.28"
"14,35 : 66.12"
"14,36 : 34.48"
"14,37 : 54.71"
"14,38 : 68.07"
"14,39 : 33.11"
"14,40 : 28.46"
"14,41 : 47.07"
"14,42 : 22.36"
"14,43 : 8.06"
"14,44 : 78.59"
"14,45 : 68.01"
"14,46 : 27.73"
"14,47 : 34.83"
"14,48 : 20.62"
"14,49 : 53.15"
"14,50 : 2.0"
"14,51 : 37.95"
"14,52 : 47.8"
"14,53 : 46.96"
"14,54 : 70.6"
"14,55 : 60.8"
"14,56 : 36.72"
"14,57 : 8.54"
"14,58 : 35.9"
"14,59 : 58.14"
"14,60 : 72.56"
"14,61 : 8.6"
"14,62 : 60.44"
"14,63 : 64.12"
"14,64 : 36.4"
"14,65 : 68.0"
"14,66 : 45.19"
"14,67 : 14.21"
"14,68 : 48.84"
"14,69 : 42.72"
"14,70 : 69.35"
"14,71 : 41.11"
"14,72 : 36.22"
"14,73 : 68.94"
"14,74 : 39.2"
"14,75 : 63.03"
"14,76 : 64.66"
"14,77 : 16.64"
"14,78 : 52.63"
"14,79 : 42.94"
"14,80 : 64.66"
"14,81 : 17.12"
"14,82 : 32.65"
"14,83 : 52.92"
"14,84 : 38.29"
"14,85 : 54.92"
"14,86 : 58.67"
"14,87 : 36.4"
"14,88 : 27.46"
"14,89 : 35.81"
"14,90 : 35.23"
"14,91 : 47.17"
"14,92 : 68.95"
"14,93 : 58.52"
"14,94 : 47.27"
"14,95 : 67.54"
"14,96 : 45.22"
"14,97 : 43.14"
"14,98 : 53.04"
"14,99 : 76.48"
"15,0 : 27.86"
"15,1 : 50.99"
"15,2 : 35.36"
"15,3 : 23.0"
"15,4 : 21.4"
"15,5 : 60.42"
"15,6 : 60.42"
"15,7 : 48.47"
"15,8 : 68.88"
"15,9 : 42.19"
"15,10 : 27.17"
"15,11 : 48.08"
"15,12 : 21.54"
"15,13 : 17.26"
"15,14 : 39.45"
"15,15 : 0.0"
"15,16 : 11.4"
"15,17 : 40.16"
"15,18 : 6.71"
"15,19 : 34.79"
"15,20 : 39.12"
"15,21 : 55.36"
"15,22 : 32.8"
"15,23 : 30.48"
"15,24 : 68.73"
"15,25 : 44.94"
"15,26 : 21.59"
"15,27 : 42.72"
"15,28 : 61.98"
"15,29 : 15.65"
"15,30 : 11.4"
"15,31 : 17.0"
"15,32 : 44.01"
"15,33 : 35.61"
"15,34 : 32.02"
"15,35 : 35.78"
"15,36 : 68.88"
"15,37 : 41.15"
"15,38 : 45.97"
"15,39 : 34.23"
"15,40 : 29.83"
"15,41 : 51.11"
"15,42 : 58.24"
"15,43 : 40.16"
"15,44 : 58.0"
"15,45 : 71.85"
"15,46 : 64.35"
"15,47 : 73.11"
"15,48 : 28.65"
"15,49 : 24.84"
"15,50 : 37.74"
"15,51 : 8.25"
"15,52 : 18.68"
"15,53 : 41.77"
"15,54 : 31.83"
"15,55 : 29.07"
"15,56 : 38.05"
"15,57 : 47.89"
"15,58 : 28.02"
"15,59 : 49.4"
"15,60 : 63.06"
"15,61 : 30.89"
"15,62 : 22.2"
"15,63 : 38.42"
"15,64 : 70.43"
"15,65 : 28.64"
"15,66 : 39.62"
"15,67 : 39.82"
"15,68 : 32.2"
"15,69 : 10.63"
"15,70 : 69.12"
"15,71 : 37.44"
"15,72 : 16.12"
"15,73 : 30.08"
"15,74 : 51.97"
"15,75 : 63.35"
"15,76 : 57.94"
"15,77 : 43.42"
"15,78 : 37.12"
"15,79 : 4.0"
"15,80 : 26.4"
"15,81 : 55.54"
"15,82 : 71.06"
"15,83 : 61.29"
"15,84 : 12.73"
"15,85 : 15.62"
"15,86 : 71.18"
"15,87 : 7.0"
"15,88 : 29.83"
"15,89 : 73.66"
"15,90 : 72.92"
"15,91 : 46.62"
"15,92 : 53.01"
"15,93 : 69.03"
"15,94 : 28.18"
"15,95 : 28.46"
"15,96 : 6.71"
"15,97 : 10.44"
"15,98 : 17.46"
"15,99 : 64.66"
"16,0 : 35.13"
"16,1 : 59.08"
"16,2 : 24.08"
"16,3 : 15.65"
"16,4 : 32.8"
"16,5 : 58.82"
"16,6 : 50.6"
"16,7 : 55.11"
"16,8 : 58.69"
"16,9 : 42.45"
"16,10 : 36.06"
"16,11 : 45.28"
"16,12 : 13.04"
"16,13 : 26.83"
"16,14 : 44.92"
"16,15 : 11.4"
"16,16 : 0.0"
"16,17 : 38.01"
"16,18 : 18.03"
"16,19 : 26.08"
"16,20 : 28.64"
"16,21 : 46.1"
"16,22 : 44.2"
"16,23 : 19.1"
"16,24 : 61.01"
"16,25 : 35.69"
"16,26 : 14.56"
"16,27 : 38.01"
"16,28 : 52.95"
"16,29 : 23.0"
"16,30 : 16.12"
"16,31 : 13.45"
"16,32 : 37.85"
"16,33 : 39.92"
"16,34 : 31.38"
"16,35 : 24.7"
"16,36 : 70.18"
"16,37 : 31.32"
"16,38 : 34.66"
"16,39 : 29.97"
"16,40 : 27.2"
"16,41 : 62.43"
"16,42 : 65.62"
"16,43 : 47.38"
"16,44 : 46.67"
"16,45 : 64.03"
"16,46 : 66.85"
"16,47 : 76.32"
"16,48 : 29.21"
"16,49 : 13.45"
"16,50 : 43.01"
"16,51 : 7.07"
"16,52 : 28.65"
"16,53 : 34.01"
"16,54 : 32.7"
"16,55 : 36.67"
"16,56 : 32.89"
"16,57 : 53.45"
"16,58 : 22.47"
"16,59 : 40.02"
"16,60 : 52.92"
"16,61 : 36.88"
"16,62 : 25.32"
"16,63 : 27.02"
"16,64 : 71.51"
"16,65 : 25.5"
"16,66 : 32.06"
"16,67 : 41.62"
"16,68 : 22.56"
"16,69 : 2.24"
"16,70 : 60.53"
"16,71 : 48.83"
"16,72 : 11.4"
"16,73 : 25.0"
"16,74 : 47.93"
"16,75 : 55.15"
"16,76 : 48.51"
"16,77 : 52.01"
"16,78 : 27.2"
"16,79 : 8.6"
"16,80 : 28.86"
"16,81 : 61.85"
"16,82 : 74.43"
"16,83 : 72.56"
"16,84 : 24.08"
"16,85 : 17.26"
"16,86 : 65.51"
"16,87 : 9.0"
"16,88 : 40.5"
"16,89 : 76.55"
"16,90 : 75.72"
"16,91 : 58.01"
"16,92 : 42.19"
"16,93 : 62.97"
"16,94 : 18.44"
"16,95 : 24.08"
"16,96 : 14.32"
"16,97 : 20.81"
"16,98 : 24.52"
"16,99 : 54.12"
"17,0 : 30.87"
"17,1 : 46.4"
"17,2 : 40.16"
"17,3 : 52.35"
"17,4 : 51.16"
"17,5 : 20.81"
"17,6 : 41.63"
"17,7 : 37.74"
"17,8 : 50.54"
"17,9 : 9.22"
"17,10 : 65.76"
"17,11 : 8.06"
"17,12 : 27.66"
"17,13 : 55.9"
"17,14 : 27.66"
"17,15 : 40.16"
"17,16 : 38.01"
"17,17 : 0.0"
"17,18 : 41.59"
"17,19 : 24.52"
"17,20 : 34.37"
"17,21 : 34.93"
"17,22 : 59.44"
"17,23 : 40.25"
"17,24 : 37.8"
"17,25 : 29.27"
"17,26 : 24.76"
"17,27 : 74.95"
"17,28 : 38.28"
"17,29 : 31.02"
"17,30 : 51.08"
"17,31 : 24.7"
"17,32 : 15.23"
"17,33 : 21.93"
"17,34 : 69.34"
"17,35 : 50.09"
"17,36 : 34.44"
"17,37 : 31.02"
"17,38 : 46.39"
"17,39 : 9.85"
"17,40 : 10.82"
"17,41 : 71.11"
"17,42 : 48.3"
"17,43 : 35.36"
"17,44 : 55.04"
"17,45 : 40.8"
"17,46 : 33.73"
"17,47 : 43.93"
"17,48 : 13.04"
"17,49 : 38.83"
"17,50 : 26.17"
"17,51 : 33.54"
"17,52 : 56.57"
"17,53 : 21.21"
"17,54 : 70.33"
"17,55 : 68.66"
"17,56 : 11.0"
"17,57 : 32.65"
"17,58 : 17.2"
"17,59 : 32.02"
"17,60 : 45.69"
"17,61 : 26.93"
"17,62 : 61.74"
"17,63 : 45.22"
"17,64 : 35.36"
"17,65 : 63.41"
"17,66 : 20.02"
"17,67 : 13.89"
"17,68 : 28.46"
"17,69 : 36.06"
"17,70 : 41.73"
"17,71 : 61.68"
"17,72 : 26.63"
"17,73 : 62.29"
"17,74 : 13.34"
"17,75 : 35.38"
"17,76 : 37.58"
"17,77 : 43.86"
"17,78 : 30.41"
"17,79 : 41.63"
"17,80 : 65.74"
"17,81 : 41.23"
"17,82 : 42.58"
"17,83 : 78.55"
"17,84 : 47.17"
"17,85 : 54.12"
"17,86 : 33.96"
"17,87 : 33.62"
"17,88 : 47.76"
"17,89 : 43.42"
"17,90 : 42.45"
"17,91 : 69.64"
"17,92 : 44.28"
"17,93 : 32.89"
"17,94 : 29.07"
"17,95 : 61.72"
"17,96 : 46.82"
"17,97 : 49.03"
"17,98 : 57.57"
"17,99 : 49.98"
"18,0 : 23.85"
"18,1 : 45.88"
"18,2 : 41.77"
"18,3 : 29.15"
"18,4 : 14.87"
"18,5 : 61.03"
"18,6 : 65.76"
"18,7 : 44.29"
"18,8 : 74.43"
"18,9 : 42.15"
"18,10 : 24.19"
"18,11 : 49.65"
"18,12 : 26.93"
"18,13 : 14.32"
"18,14 : 36.24"
"18,15 : 6.71"
"18,16 : 18.03"
"18,17 : 41.59"
"18,18 : 0.0"
"18,19 : 39.81"
"18,20 : 45.0"
"18,21 : 60.42"
"18,22 : 26.25"
"18,23 : 37.01"
"18,24 : 72.78"
"18,25 : 50.09"
"18,26 : 26.4"
"18,27 : 47.54"
"18,28 : 66.85"
"18,29 : 12.81"
"18,30 : 14.32"
"18,31 : 20.88"
"18,32 : 47.52"
"18,33 : 33.3"
"18,34 : 35.36"
"18,35 : 42.49"
"18,36 : 67.68"
"18,37 : 46.65"
"18,38 : 52.4"
"18,39 : 37.05"
"18,40 : 32.02"
"18,41 : 44.42"
"18,42 : 53.49"
"18,43 : 35.78"
"18,44 : 64.44"
"18,45 : 75.93"
"18,46 : 62.48"
"18,47 : 70.71"
"18,48 : 29.12"
"18,49 : 31.4"
"18,50 : 34.71"
"18,51 : 13.6"
"18,52 : 15.03"
"18,53 : 46.17"
"18,54 : 34.41"
"18,55 : 27.2"
"18,56 : 41.19"
"18,57 : 44.41"
"18,58 : 31.78"
"18,59 : 54.56"
"18,60 : 68.6"
"18,61 : 27.66"
"18,62 : 24.21"
"18,63 : 45.0"
"18,64 : 69.34"
"18,65 : 33.24"
"18,66 : 43.97"
"18,67 : 38.95"
"18,68 : 37.74"
"18,69 : 17.03"
"18,70 : 73.68"
"18,71 : 30.81"
"18,72 : 20.62"
"18,73 : 35.36"
"18,74 : 54.15"
"18,75 : 67.72"
"18,76 : 63.07"
"18,77 : 38.08"
"18,78 : 42.72"
"18,79 : 10.44"
"18,80 : 28.43"
"18,81 : 51.48"
"18,82 : 68.59"
"18,83 : 54.59"
"18,84 : 6.71"
"18,85 : 19.31"
"18,86 : 74.01"
"18,87 : 11.66"
"18,88 : 23.35"
"18,89 : 71.45"
"18,90 : 70.77"
"18,91 : 40.0"
"18,92 : 59.03"
"18,93 : 72.11"
"18,94 : 33.84"
"18,95 : 33.54"
"18,96 : 9.49"
"18,97 : 7.62"
"18,98 : 17.2"
"18,99 : 70.46"
"19,0 : 43.57"
"19,1 : 65.19"
"19,2 : 16.12"
"19,3 : 35.11"
"19,4 : 53.85"
"19,5 : 42.19"
"19,6 : 26.08"
"19,7 : 57.97"
"19,8 : 35.0"
"19,9 : 33.14"
"19,10 : 61.61"
"19,11 : 28.18"
"19,12 : 13.34"
"19,13 : 51.92"
"19,14 : 46.84"
"19,15 : 34.79"
"19,16 : 26.08"
"19,17 : 24.52"
"19,18 : 39.81"
"19,19 : 0.0"
"19,20 : 10.0"
"19,21 : 20.62"
"19,22 : 64.64"
"19,23 : 17.69"
"19,24 : 35.01"
"19,25 : 10.3"
"19,26 : 13.42"
"19,27 : 56.08"
"19,28 : 27.2"
"19,29 : 36.07"
"19,30 : 42.19"
"19,31 : 19.42"
"19,32 : 14.87"
"19,33 : 40.52"
"19,34 : 54.82"
"19,35 : 27.02"
"19,36 : 58.52"
"19,37 : 8.06"
"19,38 : 22.02"
"19,39 : 15.03"
"19,40 : 18.44"
"19,41 : 80.66"
"19,42 : 69.12"
"19,43 : 52.92"
"19,44 : 31.78"
"19,45 : 38.0"
"19,46 : 58.25"
"19,47 : 68.45"
"19,48 : 26.25"
"19,49 : 18.79"
"19,50 : 44.92"
"19,51 : 26.57"
"19,52 : 53.45"
"19,53 : 8.54"
"19,54 : 57.07"
"19,55 : 62.65"
"19,56 : 13.93"
"19,57 : 53.94"
"19,58 : 11.18"
"19,59 : 14.76"
"19,60 : 29.21"
"19,61 : 42.05"
"19,62 : 51.04"
"19,63 : 21.02"
"19,64 : 59.24"
"19,65 : 47.43"
"19,66 : 7.21"
"19,67 : 36.06"
"19,68 : 5.0"
"19,69 : 25.32"
"19,70 : 34.53"
"19,71 : 68.41"
"19,72 : 19.24"
"19,73 : 44.78"
"19,74 : 27.66"
"19,75 : 29.07"
"19,76 : 23.26"
"19,77 : 60.37"
"19,78 : 6.0"
"19,79 : 33.73"
"19,80 : 54.23"
"19,81 : 62.97"
"19,82 : 67.08"
"19,83 : 89.83"
"19,84 : 46.52"
"19,85 : 43.01"
"19,86 : 41.23"
"19,87 : 28.23"
"19,88 : 56.57"
"19,89 : 67.91"
"19,90 : 66.94"
"19,91 : 77.47"
"19,92 : 22.36"
"19,93 : 38.28"
"19,94 : 8.25"
"19,95 : 44.94"
"19,96 : 39.81"
"19,97 : 45.22"
"19,98 : 50.49"
"19,99 : 31.83"
"20,0 : 52.33"
"20,1 : 74.63"
"20,2 : 8.94"
"20,3 : 33.06"
"20,4 : 59.67"
"20,5 : 50.99"
"20,6 : 22.36"
"20,7 : 67.68"
"20,8 : 30.08"
"20,9 : 43.1"
"20,10 : 64.62"
"20,11 : 37.34"
"20,12 : 18.38"
"20,13 : 55.46"
"20,14 : 56.52"
"20,15 : 39.12"
"20,16 : 28.64"
"20,17 : 34.37"
"20,18 : 45.0"
"20,19 : 10.0"
"20,20 : 0.0"
"20,21 : 19.1"
"20,22 : 70.84"
"20,23 : 13.15"
"20,24 : 36.69"
"20,25 : 10.3"
"20,26 : 20.0"
"20,27 : 51.62"
"20,28 : 26.08"
"20,29 : 43.6"
"20,30 : 44.27"
"20,31 : 26.4"
"20,32 : 22.83"
"20,33 : 50.22"
"20,34 : 53.15"
"20,35 : 20.25"
"20,36 : 68.01"
"20,37 : 5.0"
"20,38 : 12.04"
"20,39 : 25.02"
"20,40 : 28.28"
"20,41 : 87.78"
"20,42 : 78.85"
"20,43 : 62.3"
"20,44 : 22.14"
"20,45 : 39.29"
"20,46 : 68.07"
"20,47 : 78.26"
"20,48 : 35.9"
"20,49 : 17.12"
"20,50 : 54.57"
"20,51 : 31.4"
"20,52 : 57.25"
"20,53 : 15.26"
"20,54 : 56.01"
"20,55 : 64.85"
"20,56 : 23.54"
"20,57 : 63.79"
"20,58 : 20.62"
"20,59 : 13.34"
"20,60 : 24.35"
"20,61 : 51.26"
"20,62 : 51.62"
"20,63 : 12.73"
"20,64 : 68.62"
"20,65 : 45.28"
"20,66 : 15.23"
"20,67 : 46.04"
"20,68 : 8.06"
"20,69 : 28.65"
"20,70 : 34.23"
"20,71 : 74.97"
"20,72 : 25.5"
"20,73 : 41.77"
"20,74 : 35.85"
"20,75 : 30.08"
"20,76 : 21.0"
"20,77 : 69.46"
"20,78 : 4.0"
"20,79 : 37.12"
"20,80 : 54.23"
"20,81 : 72.84"
"20,82 : 76.94"
"20,83 : 97.31"
"20,84 : 51.61"
"20,85 : 43.93"
"20,86 : 46.04"
"20,87 : 33.42"
"20,88 : 64.03"
"20,89 : 77.67"
"20,90 : 76.69"
"20,91 : 84.15"
"20,92 : 14.14"
"20,93 : 42.72"
"20,94 : 11.31"
"20,95 : 42.43"
"20,96 : 42.95"
"20,97 : 49.24"
"20,98 : 52.81"
"20,99 : 25.55"
"21,0 : 61.55"
"21,1 : 80.78"
"21,2 : 27.66"
"21,3 : 52.15"
"21,4 : 74.3"
"21,5 : 44.1"
"21,6 : 6.71"
"21,7 : 72.47"
"21,8 : 15.81"
"21,9 : 44.01"
"21,10 : 82.01"
"21,11 : 33.54"
"21,12 : 33.84"
"21,13 : 72.42"
"21,14 : 61.91"
"21,15 : 55.36"
"21,16 : 46.1"
"21,17 : 34.93"
"21,18 : 60.42"
"21,19 : 20.62"
"21,20 : 19.1"
"21,21 : 0.0"
"21,22 : 84.91"
"21,23 : 32.25"
"21,24 : 18.36"
"21,25 : 10.44"
"21,26 : 34.01"
"21,27 : 70.21"
"21,28 : 7.0"
"21,29 : 55.8"
"21,30 : 62.17"
"21,31 : 39.82"
"21,32 : 19.7"
"21,33 : 55.76"
"21,34 : 72.25"
"21,35 : 38.28"
"21,36 : 63.01"
"21,37 : 15.03"
"21,38 : 24.41"
"21,39 : 29.21"
"21,40 : 34.71"
"21,41 : 100.26"
"21,42 : 83.19"
"21,43 : 69.07"
"21,44 : 25.94"
"21,45 : 20.62"
"21,46 : 65.38"
"21,47 : 75.17"
"21,48 : 42.64"
"21,49 : 36.0"
"21,50 : 60.21"
"21,51 : 47.17"
"21,52 : 74.0"
"21,53 : 15.56"
"21,54 : 75.06"
"21,55 : 82.76"
"21,56 : 25.24"
"21,57 : 67.54"
"21,58 : 30.0"
"21,59 : 6.08"
"21,60 : 10.77"
"21,61 : 59.03"
"21,62 : 70.26"
"21,63 : 30.08"
"21,64 : 63.07"
"21,65 : 64.38"
"21,66 : 17.69"
"21,67 : 48.75"
"21,68 : 23.54"
"21,69 : 45.61"
"21,70 : 15.13"
"21,71 : 88.48"
"21,72 : 39.81"
"21,73 : 60.83"
"21,74 : 29.02"
"21,75 : 11.66"
"21,76 : 2.83"
"21,77 : 77.2"
"21,78 : 19.1"
"21,79 : 54.12"
"21,80 : 73.06"
"21,81 : 76.16"
"21,82 : 74.33"
"21,83 : 109.04"
"21,84 : 67.12"
"21,85 : 62.39"
"21,86 : 30.61"
"21,87 : 48.85"
"21,88 : 76.06"
"21,89 : 74.06"
"21,90 : 73.06"
"21,91 : 97.42"
"21,92 : 15.0"
"21,93 : 27.02"
"21,94 : 27.66"
"21,95 : 61.52"
"21,96 : 60.17"
"21,97 : 65.79"
"21,98 : 70.61"
"21,99 : 15.3"
"22,0 : 30.0"
"22,1 : 38.42"
"22,2 : 68.01"
"22,3 : 52.92"
"22,4 : 11.4"
"22,5 : 75.01"
"22,6 : 90.7"
"22,7 : 42.49"
"22,8 : 99.62"
"22,9 : 56.14"
"22,10 : 24.04"
"22,11 : 67.08"
"22,12 : 52.5"
"22,13 : 23.19"
"22,14 : 40.79"
"22,15 : 32.8"
"22,16 : 44.2"
"22,17 : 59.44"
"22,18 : 26.25"
"22,19 : 64.64"
"22,20 : 70.84"
"22,21 : 84.91"
"22,22 : 0.0"
"22,23 : 63.25"
"22,24 : 95.08"
"22,25 : 74.89"
"22,26 : 51.4"
"22,27 : 66.19"
"22,28 : 90.92"
"22,29 : 29.55"
"22,30 : 34.79"
"22,31 : 45.22"
"22,32 : 69.46"
"22,33 : 42.05"
"22,34 : 51.0"
"22,35 : 68.26"
"22,36 : 75.19"
"22,37 : 72.01"
"22,38 : 78.64"
"22,39 : 58.31"
"22,40 : 52.55"
"22,41 : 18.97"
"22,42 : 46.86"
"22,43 : 35.11"
"22,44 : 90.69"
"22,45 : 98.23"
"22,46 : 68.01"
"22,47 : 73.41"
"22,48 : 46.57"
"22,49 : 57.63"
"22,50 : 40.45"
"22,51 : 39.6"
"22,52 : 21.1"
"22,53 : 69.84"
"22,54 : 48.09"
"22,55 : 29.41"
"22,56 : 62.77"
"22,57 : 45.88"
"22,58 : 55.07"
"22,59 : 79.32"
"22,60 : 93.81"
"22,61 : 35.01"
"22,62 : 39.05"
"22,63 : 71.22"
"22,64 : 77.13"
"22,65 : 52.61"
"22,66 : 67.6"
"22,67 : 51.01"
"22,68 : 63.25"
"22,69 : 43.28"
"22,70 : 97.05"
"22,71 : 5.1"
"22,72 : 45.61"
"22,73 : 56.29"
"22,74 : 72.78"
"22,75 : 90.8"
"22,76 : 87.66"
"22,77 : 31.06"
"22,78 : 68.25"
"22,79 : 36.06"
"22,80 : 42.01"
"22,81 : 48.88"
"22,82 : 71.18"
"22,83 : 29.41"
"22,84 : 20.25"
"22,85 : 39.29"
"22,86 : 93.39"
"22,87 : 37.48"
"22,88 : 13.34"
"22,89 : 74.85"
"22,90 : 74.46"
"22,91 : 13.89"
"22,92 : 84.96"
"22,93 : 92.18"
"22,94 : 59.55"
"22,95 : 54.13"
"22,96 : 32.2"
"22,97 : 25.08"
"22,98 : 30.15"
"22,99 : 96.05"
"23,0 : 50.01"
"23,1 : 73.68"
"23,2 : 5.39"
"23,3 : 20.0"
"23,4 : 51.86"
"23,5 : 59.41"
"23,6 : 35.06"
"23,7 : 68.03"
"23,8 : 41.98"
"23,9 : 47.76"
"23,10 : 53.71"
"23,11 : 45.22"
"23,12 : 15.0"
"23,13 : 45.22"
"23,14 : 57.0"
"23,15 : 30.48"
"23,16 : 19.1"
"23,17 : 40.25"
"23,18 : 37.01"
"23,19 : 17.69"
"23,20 : 13.15"
"23,21 : 32.25"
"23,22 : 63.25"
"23,23 : 0.0"
"23,24 : 49.73"
"23,25 : 23.09"
"23,26 : 18.03"
"23,27 : 38.91"
"23,28 : 39.2"
"23,29 : 39.22"
"23,30 : 33.12"
"23,31 : 23.19"
"23,32 : 32.56"
"23,33 : 51.04"
"23,34 : 40.05"
"23,35 : 9.85"
"23,36 : 74.69"
"23,37 : 17.72"
"23,38 : 15.62"
"23,39 : 30.41"
"23,40 : 31.32"
"23,41 : 81.27"
"23,42 : 79.1"
"23,43 : 61.4"
"23,44 : 27.59"
"23,45 : 52.39"
"23,46 : 73.39"
"23,47 : 83.49"
"23,48 : 37.34"
"23,49 : 5.66"
"23,50 : 55.0"
"23,51 : 24.19"
"23,52 : 47.2"
"23,53 : 25.81"
"23,54 : 43.01"
"23,55 : 53.31"
"23,56 : 30.81"
"23,57 : 65.07"
"23,58 : 23.41"
"23,59 : 26.48"
"23,60 : 36.5"
"23,61 : 50.25"
"23,62 : 39.29"
"23,63 : 8.06"
"23,64 : 75.59"
"23,65 : 32.14"
"23,66 : 24.84"
"23,67 : 49.24"
"23,68 : 12.73"
"23,69 : 20.0"
"23,70 : 47.38"
"23,71 : 67.8"
"23,72 : 21.38"
"23,73 : 28.64"
"23,74 : 45.28"
"23,75 : 43.17"
"23,76 : 34.06"
"23,77 : 67.47"
"23,78 : 14.32"
"23,79 : 27.59"
"23,80 : 41.59"
"23,81 : 74.03"
"23,82 : 81.91"
"23,83 : 91.27"
"23,84 : 43.19"
"23,85 : 31.95"
"23,86 : 58.18"
"23,87 : 26.42"
"23,88 : 58.59"
"23,89 : 83.22"
"23,90 : 82.28"
"23,91 : 77.01"
"23,92 : 24.35"
"23,93 : 55.01"
"23,94 : 11.18"
"23,95 : 29.27"
"23,96 : 32.8"
"23,97 : 39.7"
"23,98 : 41.59"
"23,99 : 36.69"
"24,0 : 68.26"
"24,1 : 83.45"
"24,2 : 45.54"
"24,3 : 69.23"
"24,4 : 85.38"
"24,5 : 37.34"
"24,6 : 19.85"
"24,7 : 74.33"
"24,8 : 23.09"
"24,9 : 45.25"
"24,10 : 95.89"
"24,11 : 32.56"
"24,12 : 48.04"
"24,13 : 85.99"
"24,14 : 65.12"
"24,15 : 68.73"
"24,16 : 61.01"
"24,17 : 37.8"
"24,18 : 72.78"
"24,19 : 35.01"
"24,20 : 36.69"
"24,21 : 18.36"
"24,22 : 95.08"
"24,23 : 49.73"
"24,24 : 0.0"
"24,25 : 26.68"
"24,26 : 47.27"
"24,27 : 88.26"
"24,28 : 12.73"
"24,29 : 65.55"
"24,30 : 77.06"
"24,31 : 51.97"
"24,32 : 25.63"
"24,33 : 59.67"
"24,34 : 89.27"
"24,35 : 56.46"
"24,36 : 56.04"
"24,37 : 32.02"
"24,38 : 42.72"
"24,39 : 36.77"
"24,40 : 42.54"
"24,41 : 108.41"
"24,42 : 84.02"
"24,43 : 73.0"
"24,44 : 42.52"
"24,45 : 3.16"
"24,46 : 60.54"
"24,47 : 69.26"
"24,48 : 49.24"
"24,49 : 52.77"
"24,50 : 63.78"
"24,51 : 60.53"
"24,52 : 87.3"
"24,53 : 27.07"
"24,54 : 91.79"
"24,55 : 97.33"
"24,56 : 32.31"
"24,57 : 68.77"
"24,58 : 41.0"
"24,59 : 23.41"
"24,60 : 22.47"
"24,61 : 64.64"
"24,62 : 86.05"
"24,63 : 48.33"
"24,64 : 55.54"
"24,65 : 81.58"
"24,66 : 29.15"
"24,67 : 50.93"
"24,68 : 39.2"
"24,69 : 60.07"
"24,70 : 7.07"
"24,71 : 97.99"
"24,72 : 52.61"
"24,73 : 78.34"
"24,74 : 26.25"
"24,75 : 6.71"
"24,76 : 17.8"
"24,77 : 81.57"
"24,78 : 35.69"
"24,79 : 68.26"
"24,80 : 89.2"
"24,81 : 76.4"
"24,82 : 68.95"
"24,83 : 116.21"
"24,84 : 79.31"
"24,85 : 78.03"
"24,86 : 15.3"
"24,87 : 61.81"
"24,88 : 84.53"
"24,89 : 67.72"
"24,90 : 66.76"
"24,91 : 106.44"
"24,92 : 32.65"
"24,93 : 12.04"
"24,94 : 43.1"
"24,95 : 78.85"
"24,96 : 74.33"
"24,97 : 79.08"
"24,98 : 85.21"
"24,99 : 27.29"
"25,0 : 52.8"
"25,1 : 73.35"
"25,2 : 19.24"
"25,3 : 42.58"
"25,4 : 64.14"
"25,5 : 43.01"
"25,6 : 15.81"
"25,7 : 65.55"
"25,8 : 24.84"
"25,9 : 38.47"
"25,10 : 71.57"
"25,11 : 30.27"
"25,12 : 23.41"
"25,13 : 61.98"
"25,14 : 54.63"
"25,15 : 44.94"
"25,16 : 35.69"
"25,17 : 29.27"
"25,18 : 50.09"
"25,19 : 10.3"
"25,20 : 10.3"
"25,21 : 10.44"
"25,22 : 74.89"
"25,23 : 23.09"
"25,24 : 26.68"
"25,25 : 0.0"
"25,26 : 23.71"
"25,27 : 61.85"
"25,28 : 17.26"
"25,29 : 46.1"
"25,30 : 51.79"
"25,31 : 29.68"
"25,32 : 15.13"
"25,33 : 48.33"
"25,34 : 62.65"
"25,35 : 30.53"
"25,36 : 61.0"
"25,37 : 5.39"
"25,38 : 19.72"
"25,39 : 21.54"
"25,40 : 26.42"
"25,41 : 90.69"
"25,42 : 76.55"
"25,43 : 61.29"
"25,44 : 26.08"
"25,45 : 29.43"
"25,46 : 62.07"
"25,47 : 72.17"
"25,48 : 34.48"
"25,49 : 26.17"
"25,50 : 52.8"
"25,51 : 36.77"
"25,52 : 63.57"
"25,53 : 8.06"
"25,54 : 65.28"
"25,55 : 72.37"
"25,56 : 18.44"
"25,57 : 61.03"
"25,58 : 20.52"
"25,59 : 4.47"
"25,60 : 19.1"
"25,61 : 50.77"
"25,62 : 60.07"
"25,63 : 22.8"
"25,64 : 61.39"
"25,65 : 54.92"
"25,66 : 9.49"
"25,67 : 42.45"
"25,68 : 13.15"
"25,69 : 35.17"
"25,70 : 25.02"
"25,71 : 78.6"
