x,y
98,60
82,72
54,49
37,4
58,91
50,26
23,87
100,27
7,71
18,86
98,90
38,96
17,46
42,14
56,47
36,98
41,70
27,48
60,44
36,5
0,70
95,30
8,59
98,0
72,0
42,99
59,97
49,44
60,66
61,60
2,77
18,17
64,74
60,28
46,81
89,70
39,19
86,32
97,99
47,74
40,75
50,14
7,90
9,42
7,94
73,24
64,4
16,1
9,16
29,18
17,45
33,22
66,74
48,71
20,91
7,47
80,70
99,4
17,62
71,7
27,21
57,68
38,61
42,2
53,87
56,73
52,73
62,60
33,70
88,37
0,34
6,0
91,84
4,77
76,1
50,84
94,88
37,30
57,41
86,76
56,7
96,78
59,100
10,78
93,57
66,81
86,26
53,12
69,5
61,42
100,29
60,15
92,5
47,48
17,93
82,23
27,72
40,4
25,55
70,76

Distanze
"0,0 : 0.0"
"0,1 : 20.0"
"0,2 : 45.35"
"0,3 : 82.81"
"0,4 : 50.61"
"0,5 : 58.82"
"0,6 : 79.71"
"0,7 : 33.06"
"0,8 : 91.66"
"0,9 : 84.12"
"0,10 : 30.0"
"0,11 : 69.97"
"0,12 : 82.2"
"0,13 : 72.47"
"0,14 : 43.97"
"0,15 : 72.72"
"0,16 : 57.87"
"0,17 : 72.01"
"0,18 : 41.23"
"0,19 : 82.88"
"0,20 : 98.51"
"0,21 : 30.15"
"0,22 : 90.01"
"0,23 : 60.0"
"0,24 : 65.39"
"0,25 : 68.24"
"0,26 : 53.76"
"0,27 : 51.55"
"0,28 : 38.47"
"0,29 : 37.0"
"0,30 : 97.49"
"0,31 : 90.82"
"0,32 : 36.77"
"0,33 : 49.68"
"0,34 : 56.08"
"0,35 : 13.45"
"0,36 : 71.85"
"0,37 : 30.46"
"0,38 : 39.01"
"0,39 : 52.89"
"0,40 : 59.91"
"0,41 : 66.48"
"0,42 : 95.82"
"0,43 : 90.8"
"0,44 : 97.14"
"0,45 : 43.83"
"0,46 : 65.51"
"0,47 : 101.02"
"0,48 : 99.28"
"0,49 : 80.78"
"0,50 : 82.38"
"0,51 : 75.29"
"0,52 : 34.93"
"0,53 : 51.2"
"0,54 : 83.93"
"0,55 : 91.92"
"0,56 : 20.59"
"0,57 : 56.01"
"0,58 : 81.02"
"0,59 : 59.48"
"0,60 : 81.01"
"0,61 : 41.77"
"0,62 : 60.01"
"0,63 : 80.62"
"0,64 : 52.48"
"0,65 : 43.97"
"0,66 : 47.8"
"0,67 : 36.0"
"0,68 : 65.76"
"0,69 : 25.08"
"0,70 : 101.39"
"0,71 : 109.84"
"0,72 : 25.0"
"0,73 : 95.52"
"0,74 : 62.97"
"0,75 : 53.67"
"0,76 : 28.28"
"0,77 : 67.98"
"0,78 : 45.19"
"0,79 : 20.0"
"0,80 : 67.62"
"0,81 : 18.11"
"0,82 : 55.87"
"0,83 : 89.82"
"0,84 : 5.83"
"0,85 : 38.28"
"0,86 : 36.06"
"0,87 : 65.8"
"0,88 : 62.18"
"0,89 : 41.15"
"0,90 : 31.06"
"0,91 : 58.9"
"0,92 : 55.33"
"0,93 : 52.39"
"0,94 : 87.46"
"0,95 : 40.31"
"0,96 : 72.01"
"0,97 : 80.62"
"0,98 : 73.17"
"0,99 : 32.25"
"1,0 : 20.0"
"1,1 : 0.0"
"1,2 : 36.24"
"1,3 : 81.54"
"1,4 : 30.61"
"1,5 : 56.04"
"1,6 : 60.88"
"1,7 : 48.47"
"1,8 : 75.01"
"1,9 : 65.51"
"1,10 : 24.08"
"1,11 : 50.12"
"1,12 : 70.01"
"1,13 : 70.46"
"1,14 : 36.07"
"1,15 : 52.84"
"1,16 : 41.05"
"1,17 : 60.01"
"1,18 : 35.61"
"1,19 : 81.27"
"1,20 : 82.02"
"1,21 : 43.97"
"1,22 : 75.13"
"1,23 : 73.76"
"1,24 : 72.69"
"1,25 : 48.26"
"1,26 : 33.97"
"1,27 : 43.28"
"1,28 : 22.8"
"1,29 : 24.19"
"1,30 : 80.16"
"1,31 : 84.39"
"1,32 : 18.11"
"1,33 : 49.19"
"1,34 : 37.11"
"1,35 : 7.28"
"1,36 : 68.25"
"1,37 : 40.2"
"1,38 : 30.89"
"1,39 : 35.06"
"1,40 : 42.11"
"1,41 : 66.24"
"1,42 : 77.13"
"1,43 : 78.92"
"1,44 : 78.16"
"1,45 : 48.84"
"1,46 : 70.34"
"1,47 : 96.94"
"1,48 : 92.01"
"1,49 : 75.66"
"1,50 : 70.38"
"1,51 : 70.01"
"1,52 : 16.12"
"1,53 : 34.01"
"1,54 : 64.85"
"1,55 : 79.06"
"1,56 : 2.83"
"1,57 : 70.09"
"1,58 : 65.76"
"1,59 : 65.92"
"1,60 : 75.01"
"1,61 : 25.32"
"1,62 : 45.35"
"1,63 : 80.62"
"1,64 : 32.65"
"1,65 : 26.02"
"1,66 : 30.02"
"1,67 : 23.32"
"1,68 : 49.04"
"1,69 : 35.51"
"1,70 : 90.38"
"1,71 : 104.69"
"1,72 : 15.0"
"1,73 : 78.16"
"1,74 : 71.25"
"1,75 : 34.18"
"1,76 : 20.0"
"1,77 : 61.55"
"1,78 : 39.82"
"1,79 : 5.66"
"1,80 : 70.01"
"1,81 : 15.23"
"1,82 : 36.24"
"1,83 : 72.25"
"1,84 : 18.6"
"1,85 : 18.36"
"1,86 : 46.17"
"1,87 : 66.64"
"1,88 : 68.25"
"1,89 : 36.62"
"1,90 : 46.62"
"1,91 : 61.1"
"1,92 : 67.74"
"1,93 : 42.44"
"1,94 : 68.31"
"1,95 : 49.0"
"1,96 : 55.0"
"1,97 : 79.92"
"1,98 : 59.48"
"1,99 : 12.65"
"2,0 : 45.35"
"2,1 : 36.24"
"2,2 : 0.0"
"2,3 : 48.1"
"2,4 : 42.19"
"2,5 : 23.35"
"2,6 : 49.04"
"2,7 : 50.99"
"2,8 : 51.89"
"2,9 : 51.62"
"2,10 : 60.14"
"2,11 : 49.65"
"2,12 : 37.12"
"2,13 : 37.0"
"2,14 : 2.83"
"2,15 : 52.2"
"2,16 : 24.7"
"2,17 : 27.02"
"2,18 : 7.81"
"2,19 : 47.54"
"2,20 : 57.94"
"2,21 : 45.19"
"2,22 : 47.07"
"2,23 : 65.86"
"2,24 : 52.2"
"2,25 : 51.42"
"2,26 : 48.26"
"2,27 : 7.07"
"2,28 : 18.03"
"2,29 : 13.04"
"2,30 : 59.06"
"2,31 : 48.17"
"2,32 : 26.93"
"2,33 : 21.84"
"2,34 : 32.98"
"2,35 : 40.82"
"2,36 : 33.54"
"2,37 : 36.24"
"2,38 : 65.95"
"2,39 : 25.96"
"2,40 : 29.53"
"2,41 : 35.23"
"2,42 : 62.37"
"2,43 : 45.54"
"2,44 : 65.07"
"2,45 : 31.4"
"2,46 : 46.1"
"2,47 : 61.22"
"2,48 : 55.8"
"2,49 : 39.82"
"2,50 : 37.22"
"2,51 : 34.21"
"2,52 : 27.73"
"2,53 : 22.8"
"2,54 : 54.04"
"2,55 : 47.04"
"2,56 : 33.42"
"2,57 : 63.64"
"2,58 : 39.22"
"2,59 : 45.31"
"2,60 : 38.9"
"2,61 : 19.24"
"2,62 : 20.0"
"2,63 : 48.51"
"2,64 : 38.01"
"2,65 : 24.08"
"2,66 : 24.08"
"2,67 : 13.6"
"2,68 : 29.7"
"2,69 : 36.06"
"2,70 : 56.04"
"2,71 : 68.59"
"2,72 : 50.93"
"2,73 : 57.31"
"2,74 : 52.8"
"2,75 : 35.23"
"2,76 : 55.87"
"2,77 : 25.5"
"2,78 : 8.54"
"2,79 : 41.87"
"2,80 : 42.05"
"2,81 : 51.04"
"2,82 : 51.24"
"2,83 : 52.7"
"2,84 : 39.81"
"2,85 : 34.18"
"2,86 : 39.41"
"2,87 : 37.01"
"2,88 : 46.49"
"2,89 : 9.9"
"2,90 : 50.16"
"2,91 : 34.53"
"2,92 : 58.14"
"2,93 : 7.07"
"2,94 : 57.49"
"2,95 : 38.21"
"2,96 : 35.47"
"2,97 : 47.13"
"2,98 : 29.61"
"2,99 : 31.38"
"3,0 : 82.81"
"3,1 : 81.54"
"3,2 : 48.1"
"3,3 : 0.0"
"3,4 : 89.5"
"3,5 : 25.55"
"3,6 : 84.17"
"3,7 : 67.07"
"3,8 : 73.41"
"3,9 : 84.17"
"3,10 : 105.44"
"3,11 : 92.01"
"3,12 : 46.52"
"3,13 : 11.18"
"3,14 : 47.01"
"3,15 : 94.01"
"3,16 : 66.12"
"3,17 : 45.12"
"3,18 : 46.14"
"3,19 : 1.41"
"3,20 : 75.66"
"3,21 : 63.56"
"3,22 : 62.18"
"3,23 : 61.13"
"3,24 : 35.23"
"3,25 : 95.13"
"3,26 : 95.57"
"3,27 : 41.76"
"3,28 : 66.13"
"3,29 : 60.93"
"3,30 : 80.96"
"3,31 : 23.02"
"3,32 : 75.03"
"3,33 : 33.24"
"3,34 : 77.52"
"3,35 : 84.02"
"3,36 : 15.13"
"3,37 : 56.44"
"3,38 : 112.36"
"3,39 : 70.71"
"3,40 : 71.06"
"3,41 : 16.4"
"3,42 : 91.08"
"3,43 : 47.2"
"3,44 : 94.87"
"3,45 : 41.18"
"3,46 : 27.0"
"3,47 : 21.21"
"3,48 : 30.46"
"3,49 : 16.12"
"3,50 : 45.62"
"3,51 : 18.44"
"3,52 : 75.77"
"3,53 : 67.9"
"3,54 : 88.65"
"3,55 : 52.43"
"3,56 : 78.77"
"3,57 : 62.0"
"3,58 : 61.35"
"3,59 : 34.13"
"3,60 : 19.72"
"3,61 : 67.05"
"3,62 : 57.01"
"3,63 : 5.39"
"3,64 : 84.53"
"3,65 : 71.57"
"3,66 : 70.61"
"3,67 : 61.33"
"3,68 : 66.12"
"3,69 : 60.75"
"3,70 : 47.63"
"3,71 : 31.26"
"3,72 : 96.52"
"3,73 : 80.11"
"3,74 : 39.12"
"3,75 : 81.05"
"3,76 : 101.51"
"3,77 : 26.0"
"3,78 : 42.06"
"3,79 : 87.09"
"3,80 : 19.24"
"3,81 : 94.64"
"3,82 : 98.49"
"3,83 : 78.77"
"3,84 : 77.1"
"3,85 : 82.28"
"3,86 : 53.71"
"3,87 : 17.89"
"3,88 : 32.02"
"3,89 : 44.94"
"3,90 : 67.78"
"3,91 : 25.5"
"3,92 : 55.01"
"3,93 : 45.12"
"3,94 : 91.22"
"3,95 : 48.85"
"3,96 : 68.73"
"3,97 : 3.0"
"3,98 : 52.39"
"3,99 : 79.2"
"4,0 : 50.61"
"4,1 : 30.61"
"4,2 : 42.19"
"4,3 : 89.5"
"4,4 : 0.0"
"4,5 : 65.49"
"4,6 : 35.23"
"4,7 : 76.55"
"4,8 : 54.78"
"4,9 : 40.31"
"4,10 : 40.01"
"4,11 : 20.62"
"4,12 : 60.88"
"4,13 : 78.64"
"4,14 : 44.05"
"4,15 : 23.09"
"4,16 : 27.02"
"4,17 : 53.01"
"4,18 : 47.04"
"4,19 : 88.77"
"4,20 : 61.68"
"4,21 : 71.34"
"4,22 : 59.36"
"4,23 : 99.4"
"4,24 : 92.07"
"4,25 : 17.89"
"4,26 : 6.08"
"4,27 : 47.85"
"4,28 : 25.08"
"4,29 : 31.14"
"4,30 : 57.72"
"4,31 : 84.12"
"4,32 : 18.03"
"4,33 : 63.03"
"4,34 : 15.62"
"4,35 : 37.44"
"4,36 : 74.46"
"4,37 : 65.31"
"4,38 : 39.81"
"4,39 : 20.25"
"4,40 : 24.08"
"4,41 : 77.41"
"4,42 : 51.01"
"4,43 : 69.3"
"4,44 : 51.09"
"4,45 : 68.66"
"4,46 : 87.21"
"4,47 : 99.32"
"4,48 : 89.59"
"4,49 : 78.55"
"4,50 : 61.62"
"4,51 : 73.39"
"4,52 : 18.79"
"4,53 : 22.36"
"4,54 : 38.0"
"4,55 : 67.36"
"4,56 : 30.41"
"4,57 : 96.18"
"4,58 : 50.22"
"4,59 : 85.0"
"4,60 : 76.56"
"4,61 : 23.02"
"4,62 : 36.06"
"4,63 : 90.43"
"4,64 : 6.4"
"4,65 : 18.11"
"4,66 : 18.97"
"4,67 : 31.26"
"4,68 : 32.65"
"4,69 : 61.77"
"4,70 : 81.32"
"4,71 : 104.81"
"4,72 : 33.73"
"4,73 : 55.79"
"4,74 : 91.78"
"4,75 : 10.63"
"4,76 : 36.12"
"4,77 : 64.51"
"4,78 : 50.01"
"4,79 : 31.76"
"4,80 : 84.02"
"4,81 : 40.16"
"4,82 : 9.06"
"4,83 : 49.73"
"4,84 : 48.8"
"4,85 : 12.81"
"4,86 : 70.77"
"4,87 : 79.16"
"4,88 : 86.7"
"4,89 : 49.09"
"4,90 : 74.89"
"4,91 : 76.03"
"4,92 : 92.48"
"4,93 : 44.38"
"4,94 : 41.05"
"4,95 : 72.11"
"4,96 : 36.36"
"4,97 : 88.84"
"4,98 : 48.84"
"4,99 : 19.21"
"5,0 : 58.82"
"5,1 : 56.04"
"5,2 : 23.35"
"5,3 : 25.55"
"5,4 : 65.49"
"5,5 : 0.0"
"5,6 : 66.71"
"5,7 : 50.01"
"5,8 : 62.24"
"5,9 : 68.0"
"5,10 : 80.0"
"5,11 : 71.02"
"5,12 : 38.59"
"5,13 : 14.42"
"5,14 : 21.84"
"5,15 : 73.35"
"5,16 : 44.91"
"5,17 : 31.83"
"5,18 : 20.59"
"5,19 : 25.24"
"5,20 : 66.6"
"5,21 : 45.18"
"5,22 : 53.41"
"5,23 : 54.59"
"5,24 : 34.06"
"5,25 : 73.44"
"5,26 : 71.57"
"5,27 : 18.03"
"5,28 : 41.23"
"5,29 : 35.74"
"5,30 : 70.04"
"5,31 : 33.24"
"5,32 : 50.0"
"5,33 : 10.2"
"5,34 : 55.15"
"5,35 : 58.8"
"5,36 : 13.04"
"5,37 : 36.5"
"5,38 : 86.82"
"5,39 : 48.09"
"5,40 : 50.01"
"5,41 : 12.0"
"5,42 : 77.1"
"5,43 : 44.01"
"5,44 : 80.45"
"5,45 : 23.09"
"5,46 : 26.08"
"5,47 : 42.2"
"5,48 : 42.2"
"5,49 : 22.47"
"5,50 : 38.08"
"5,51 : 17.46"
"5,52 : 50.6"
"5,53 : 45.04"
"5,54 : 71.59"
"5,55 : 47.85"
"5,56 : 53.25"
"5,57 : 53.71"
"5,58 : 48.84"
"5,59 : 28.32"
"5,60 : 23.54"
"5,61 : 42.58"
"5,62 : 37.0"
"5,63 : 25.3"
"5,64 : 61.07"
"5,65 : 47.38"
"5,66 : 47.04"
"5,67 : 36.06"
"5,68 : 47.17"
"5,69 : 39.56"
"5,70 : 50.64"
"5,71 : 51.11"
"5,72 : 71.03"
"5,73 : 68.68"
"5,74 : 36.07"
"5,75 : 58.0"
"5,76 : 76.03"
"5,77 : 13.6"
"5,78 : 16.55"
"5,79 : 61.61"
"5,80 : 19.92"
"5,81 : 69.43"
"5,82 : 74.55"
"5,83 : 65.6"
"5,84 : 53.01"
"5,85 : 57.28"
"5,86 : 36.0"
"5,87 : 14.32"
"5,88 : 28.32"
"5,89 : 19.42"
"5,90 : 50.09"
"5,91 : 14.87"
"5,92 : 46.96"
"5,93 : 22.2"
"5,94 : 74.69"
"5,95 : 32.14"
"5,96 : 51.43"
"5,97 : 24.17"
"5,98 : 38.29"
"5,99 : 53.85"
"6,0 : 79.71"
"6,1 : 60.88"
"6,2 : 49.04"
"6,3 : 84.17"
"6,4 : 35.23"
"6,5 : 66.71"
"6,6 : 0.0"
"6,7 : 97.62"
"6,8 : 22.63"
"6,9 : 5.1"
"6,10 : 75.06"
"6,11 : 17.49"
"6,12 : 41.44"
"6,13 : 75.43"
"6,14 : 51.86"
"6,15 : 17.03"
"6,16 : 24.76"
"6,17 : 39.2"
"6,18 : 56.73"
"6,19 : 83.02"
"6,20 : 28.6"
"6,21 : 91.83"
"6,22 : 31.76"
"6,23 : 114.87"
"6,24 : 99.85"
"6,25 : 22.47"
"6,26 : 37.36"
"6,27 : 50.25"
"6,28 : 42.54"
"6,29 : 46.62"
"6,30 : 23.26"
"6,31 : 70.18"
"6,32 : 43.01"
"6,33 : 69.64"
"6,34 : 23.77"
"6,35 : 68.15"
"6,36 : 69.86"
"6,37 : 83.63"
"6,38 : 74.97"
"6,39 : 27.29"
"6,40 : 20.81"
"6,41 : 77.83"
"6,42 : 16.28"
"6,43 : 47.13"
"6,44 : 17.46"
"6,45 : 80.43"
"6,46 : 92.57"
"6,47 : 86.28"
"6,48 : 72.37"
"6,49 : 69.26"
"6,50 : 42.43"
"6,51 : 65.76"
"6,52 : 44.92"
"6,53 : 29.68"
"6,54 : 5.0"
"6,55 : 43.08"
"6,56 : 59.48"
"6,57 : 112.54"
"6,58 : 25.71"
"6,59 : 93.3"
"6,60 : 66.12"
"6,61 : 38.95"
"6,62 : 30.02"
"6,63 : 87.1"
"6,64 : 30.0"
"6,65 : 35.85"
"6,66 : 32.2"
"6,67 : 47.43"
"6,68 : 19.72"
"6,69 : 82.01"
"6,70 : 57.78"
"6,71 : 88.65"
"6,72 : 68.07"
"6,73 : 21.47"
"6,74 : 101.02"
"6,75 : 27.17"
"6,76 : 71.01"
"6,77 : 58.69"
"6,78 : 57.2"
"6,79 : 63.95"
"6,80 : 86.54"
"6,81 : 73.55"
"6,82 : 38.28"
"6,83 : 15.81"
"6,84 : 76.16"
"6,85 : 43.42"
"6,86 : 87.69"
"6,87 : 80.78"
"6,88 : 94.02"
"6,89 : 58.9"
"6,90 : 96.4"
"6,91 : 80.95"
"6,92 : 107.17"
"6,93 : 45.79"
"6,94 : 8.49"
"6,95 : 87.05"
"6,96 : 15.52"
"6,97 : 84.72"
"6,98 : 32.06"
"6,99 : 48.27"
"7,0 : 33.06"
"7,1 : 48.47"
"7,2 : 50.99"
"7,3 : 67.07"
"7,4 : 76.55"
"7,5 : 50.01"
"7,6 : 97.62"
"7,7 : 0.0"
"7,8 : 102.88"
"7,9 : 101.02"
"7,10 : 63.03"
"7,11 : 92.76"
"7,12 : 85.15"
"7,13 : 59.44"
"7,14 : 48.33"
"7,15 : 95.59"
"7,16 : 73.01"
"7,17 : 75.96"
"7,18 : 43.46"
"7,19 : 67.68"
"7,20 : 108.85"
"7,21 : 5.83"
"7,22 : 97.41"
"7,23 : 27.07"
"7,24 : 38.9"
"7,25 : 92.46"
"7,26 : 81.12"
"7,27 : 53.76"
"7,28 : 55.87"
"7,29 : 51.09"
"7,30 : 110.02"
"7,31 : 82.61"
"7,32 : 59.2"
"7,33 : 40.01"
"7,34 : 76.37"
"7,35 : 44.38"
"7,36 : 61.52"
"7,37 : 14.87"
"7,38 : 72.06"
"7,39 : 70.84"
"7,40 : 76.84"
"7,41 : 51.66"
"7,42 : 112.33"
"7,43 : 92.23"
"7,44 : 114.62"
"7,45 : 27.17"
"7,46 : 42.72"
"7,47 : 87.93"
"7,48 : 91.66"
"7,49 : 71.57"
"7,50 : 84.93"
"7,51 : 67.19"
"7,52 : 58.01"
"7,53 : 68.12"
"7,54 : 102.45"
"7,55 : 95.13"
"7,56 : 47.42"
"7,57 : 23.02"
"7,58 : 90.08"
"7,59 : 35.23"
"7,60 : 73.25"
"7,61 : 59.41"
"7,62 : 70.71"
"7,63 : 63.16"
"7,64 : 76.22"
"7,65 : 63.66"
"7,66 : 66.48"
"7,67 : 50.33"
"7,68 : 79.61"
"7,69 : 15.62"
"7,70 : 100.24"
"7,71 : 97.8"
"7,72 : 57.71"
"7,73 : 108.24"
"7,74 : 35.38"
"7,75 : 75.82"
"7,76 : 61.29"
"7,77 : 63.07"
"7,78 : 45.22"
"7,79 : 50.96"
"7,80 : 48.33"
"7,81 : 51.16"
"7,82 : 83.73"
"7,83 : 103.45"
"7,84 : 30.81"
"7,85 : 63.81"
"7,86 : 14.04"
"7,87 : 49.34"
"7,88 : 38.01"
"7,89 : 41.79"
"7,90 : 2.0"
"7,91 : 41.76"
"7,92 : 23.41"
"7,93 : 57.01"
"7,94 : 106.04"
"7,95 : 18.44"
"7,96 : 85.76"
"7,97 : 64.26"
"7,98 : 80.06"
"7,99 : 57.45"
"8,0 : 91.66"
"8,1 : 75.01"
"8,2 : 51.89"
"8,3 : 73.41"
"8,4 : 54.78"
"8,5 : 62.24"
"8,6 : 22.63"
"8,7 : 102.88"
"8,8 : 0.0"
"8,9 : 18.6"
"8,10 : 92.96"
"8,11 : 39.82"
"8,12 : 26.93"
"8,13 : 66.89"
"8,14 : 54.56"
"8,15 : 39.62"
"8,16 : 34.01"
"8,17 : 30.48"
"8,18 : 59.48"
"8,19 : 72.09"
"8,20 : 7.07"
"8,21 : 97.08"
"8,22 : 12.04"
"8,23 : 115.42"
"8,24 : 96.26"
"8,25 : 44.82"
"8,26 : 58.14"
"8,27 : 49.93"
"8,28 : 53.24"
"8,29 : 55.11"
"8,30 : 7.81"
"8,31 : 55.11"
"8,32 : 57.08"
"8,33 : 68.25"
"8,34 : 40.26"
"8,35 : 82.01"
"8,36 : 61.06"
"8,37 : 88.1"
"8,38 : 94.25"
"8,39 : 40.11"
"8,40 : 33.24"
"8,41 : 71.4"
"8,42 : 19.0"
"8,43 : 29.07"
"8,44 : 23.0"
"8,45 : 81.02"
"8,46 : 87.97"
"8,47 : 70.58"
"8,48 : 55.04"
"8,49 : 57.38"
"8,50 : 27.86"
"8,51 : 55.47"
"8,52 : 59.08"
"8,53 : 41.0"
"8,54 : 23.85"
"8,55 : 24.0"
"8,56 : 73.01"
"8,57 : 113.81"
"8,58 : 13.45"
"8,59 : 90.51"
"8,60 : 53.85"
"8,61 : 50.09"
"8,62 : 32.57"
"8,63 : 77.37"
"8,64 : 48.7"
"8,65 : 49.04"
"8,66 : 45.04"
"8,67 : 56.09"
"8,68 : 26.02"
"8,69 : 87.85"
"8,70 : 37.66"
"8,71 : 71.01"
"8,72 : 85.0"
"8,73 : 6.71"
"8,74 : 98.29"
"8,75 : 44.92"
"8,76 : 88.65"
"8,77 : 50.8"
"8,78 : 58.31"
"8,79 : 79.16"
"8,80 : 80.6"
"8,81 : 89.27"
"8,82 : 59.54"
"8,83 : 7.62"
"8,84 : 87.13"
"8,85 : 59.84"
"8,86 : 90.92"
"8,87 : 74.81"
"8,88 : 90.55"
"8,89 : 61.29"
"8,90 : 102.04"
"8,91 : 77.1"
"8,92 : 107.62"
"8,93 : 46.14"
"8,94 : 24.17"
"8,95 : 89.04"
"8,96 : 20.02"
"8,97 : 74.69"
"8,98 : 24.08"
"8,99 : 63.2"
"9,0 : 84.12"
"9,1 : 65.51"
"9,2 : 51.62"
"9,3 : 84.17"
"9,4 : 40.31"
"9,5 : 68.0"
"9,6 : 5.1"
"9,7 : 101.02"
"9,8 : 18.6"
"9,9 : 0.0"
"9,10 : 80.1"
"9,11 : 22.36"
"9,12 : 40.01"
"9,13 : 75.89"
"9,14 : 54.45"
"9,15 : 21.63"
"9,16 : 28.02"
"9,17 : 39.05"
"9,18 : 59.4"
"9,19 : 82.98"
"9,20 : 24.08"
"9,21 : 95.21"
"9,22 : 28.79"
"9,23 : 117.46"
"9,24 : 101.55"
"9,25 : 27.29"
"9,26 : 42.45"
"9,27 : 52.2"
"9,28 : 46.52"
"9,29 : 50.25"
"9,30 : 18.36"
"9,31 : 69.0"
"9,32 : 47.54"
"9,33 : 71.61"
"9,34 : 28.44"
"9,35 : 72.78"
"9,36 : 70.21"
"9,37 : 86.83"
"9,38 : 80.06"
"9,39 : 31.38"
"9,40 : 24.6"
"9,41 : 78.79"
"9,42 : 11.7"
"9,43 : 44.91"
"9,44 : 13.6"
"9,45 : 82.88"
"9,46 : 94.02"
"9,47 : 85.02"
"9,48 : 70.58"
"9,49 : 68.88"
"9,50 : 41.01"
"9,51 : 65.73"
"9,52 : 49.48"
"9,53 : 33.54"
"9,54 : 5.39"
"9,55 : 40.52"
"9,56 : 64.03"
"9,57 : 115.26"
"9,58 : 24.02"
"9,59 : 95.13"
"9,60 : 65.62"
"9,61 : 42.95"
"9,62 : 32.02"
"9,63 : 87.36"
"9,64 : 35.01"
"9,65 : 40.16"
"9,66 : 36.4"
"9,67 : 51.11"
"9,68 : 21.93"
"9,69 : 85.45"
"9,70 : 55.03"
"9,71 : 86.83"
"9,72 : 73.03"
"9,73 : 16.64"
"9,74 : 102.9"
"9,75 : 32.06"
"9,76 : 76.03"
"9,77 : 59.14"
"9,78 : 59.55"
"9,79 : 68.73"
"9,80 : 87.66"
"9,81 : 78.41"
"9,82 : 43.32"
"9,83 : 11.31"
"9,84 : 80.41"
"9,85 : 48.26"
"9,86 : 90.69"
"9,87 : 81.86"
"9,88 : 95.72"
"9,89 : 61.52"
"9,90 : 99.86"
"9,91 : 82.49"
"9,92 : 109.71"
"9,93 : 47.8"
"9,94 : 7.07"
"9,95 : 89.81"
"9,96 : 16.64"
"9,97 : 84.9"
"9,98 : 31.78"
"9,99 : 52.95"
"10,0 : 30.0"
"10,1 : 24.08"
"10,2 : 60.14"
"10,3 : 105.44"
"10,4 : 40.01"
"10,5 : 80.0"
"10,6 : 75.06"
"10,7 : 63.03"
"10,8 : 92.96"
"10,9 : 80.1"
"10,10 : 0.0"
"10,11 : 60.3"
"10,12 : 92.18"
"10,13 : 94.4"
"10,14 : 60.11"
"10,15 : 62.51"
"10,16 : 60.41"
"10,17 : 82.49"
"10,18 : 59.67"
"10,19 : 105.21"
"10,20 : 100.02"
"10,21 : 60.07"
"10,22 : 95.19"
"10,23 : 90.0"
"10,24 : 93.68"
"10,25 : 56.72"
"10,26 : 39.62"
"10,27 : 67.21"
"10,28 : 44.94"
"10,29 : 47.63"
"10,30 : 96.88"
"10,31 : 108.3"
"10,32 : 37.58"
"10,33 : 72.72"
"10,34 : 52.77"
"10,35 : 21.93"
"10,36 : 92.31"
"10,37 : 59.23"
"10,38 : 9.06"
"10,39 : 53.45"
"10,40 : 59.91"
"10,41 : 89.89"
"10,42 : 91.0"
"10,43 : 101.12"
"10,44 : 91.09"
"10,45 : 70.58"
"10,46 : 92.48"
"10,47 : 121.02"
"10,48 : 115.75"
"10,49 : 99.72"
"10,50 : 92.66"
"10,51 : 94.07"
"10,52 : 35.78"
"10,53 : 53.49"
"10,54 : 78.01"
"10,55 : 100.65"
"10,56 : 26.91"
"10,57 : 86.01"
"10,58 : 85.7"
"10,59 : 87.28"
"10,60 : 99.01"
"10,61 : 46.53"
"10,62 : 66.64"
"10,63 : 104.31"
"10,64 : 45.1"
"10,65 : 45.31"
"10,66 : 49.04"
"10,67 : 46.86"
"10,68 : 68.01"
"10,69 : 53.94"
"10,70 : 112.87"
"10,71 : 128.7"
"10,72 : 9.22"
"10,73 : 94.89"
"10,74 : 91.68"
"10,75 : 48.37"
"10,76 : 4.47"
"10,77 : 85.56"
"10,78 : 63.89"
"10,79 : 18.44"
"10,80 : 93.02"
"10,81 : 12.17"
"10,82 : 40.26"
"10,83 : 88.81"
"10,84 : 33.38"
"10,85 : 33.24"
"10,86 : 65.12"
"10,87 : 90.05"
"10,88 : 89.81"
"10,89 : 60.61"
"10,90 : 61.03"
"10,91 : 84.08"
"10,92 : 85.21"
"10,93 : 66.07"
"10,94 : 81.06"
"10,95 : 68.88"
"10,96 : 73.25"
"10,97 : 103.73"
"10,98 : 80.96"
"10,99 : 31.3"
"11,0 : 69.97"
"11,1 : 50.12"
"11,2 : 49.65"
"11,3 : 92.01"
"11,4 : 20.62"
"11,5 : 71.02"
"11,6 : 17.49"
"11,7 : 92.76"
"11,8 : 39.82"
"11,9 : 22.36"
"11,10 : 60.3"
"11,11 : 0.0"
"11,12 : 54.23"
"11,13 : 82.1"
"11,14 : 52.2"
"11,15 : 2.83"
"11,16 : 26.17"
"11,17 : 49.24"
"11,18 : 56.46"
"11,19 : 91.02"
"11,20 : 46.04"
"11,21 : 87.21"
"11,22 : 47.63"
"11,23 : 113.21"
"11,24 : 101.84"
"11,25 : 5.0"
"11,26 : 21.02"
"11,27 : 53.15"
"11,28 : 37.2"
"11,29 : 42.72"
"11,30 : 40.71"
"11,31 : 81.49"
"11,32 : 34.06"
"11,33 : 71.47"
"11,34 : 17.0"
"11,35 : 57.25"
"11,36 : 77.01"
"11,37 : 80.0"
"11,38 : 59.08"
"11,39 : 23.77"
"11,40 : 21.1"
"11,41 : 82.87"
"11,42 : 31.58"
"11,43 : 61.29"
"11,44 : 31.06"
"11,45 : 80.06"
"11,46 : 95.6"
"11,47 : 97.51"
"11,48 : 85.09"
"11,49 : 78.52"
"11,50 : 55.15"
"11,51 : 74.17"
"11,52 : 35.61"
"11,53 : 26.93"
"11,54 : 18.68"
"11,55 : 57.98"
"11,56 : 49.4"
"11,57 : 110.39"
"11,58 : 39.96"
"11,59 : 94.92"
"11,60 : 75.8"
"11,61 : 33.84"
"11,62 : 35.0"
"11,63 : 94.09"
"11,64 : 17.49"
"11,65 : 29.21"
"11,66 : 26.93"
"11,67 : 43.27"
"11,68 : 26.48"
"11,69 : 77.34"
"11,70 : 72.72"
"11,71 : 101.19"
"11,72 : 54.34"
"11,73 : 38.95"
"11,74 : 102.32"
"11,75 : 16.97"
"11,76 : 56.57"
"11,77 : 66.01"
"11,78 : 58.19"
"11,79 : 52.0"
"11,80 : 90.8"
"11,81 : 60.73"
"11,82 : 21.38"
"11,83 : 33.29"
"11,84 : 67.42"
"11,85 : 31.76"
"11,86 : 84.88"
"11,87 : 85.33"
"11,88 : 96.14"
"11,89 : 58.69"
"11,90 : 91.29"
"11,91 : 83.93"
"11,92 : 105.82"
"11,93 : 48.84"
"11,94 : 21.21"
"11,95 : 85.23"
"11,96 : 26.4"
"11,97 : 92.02"
"11,98 : 43.01"
"11,99 : 37.74"
"12,0 : 82.2"
"12,1 : 70.01"
"12,2 : 37.12"
"12,3 : 46.52"
"12,4 : 60.88"
"12,5 : 38.59"
"12,6 : 41.44"
"12,7 : 85.15"
"12,8 : 26.93"
"12,9 : 40.01"
"12,10 : 92.18"
"12,11 : 54.23"
"12,12 : 0.0"
"12,13 : 40.61"
"12,14 : 39.01"
"12,15 : 55.36"
"12,16 : 33.94"
"12,17 : 10.2"
"12,18 : 43.05"
"12,19 : 45.19"
"12,20 : 29.41"
"12,21 : 79.62"
"12,22 : 15.81"
"12,23 : 93.15"
"12,24 : 71.7"
"12,25 : 58.6"
"12,26 : 66.07"
"12,27 : 32.06"
"12,28 : 47.42"
"12,29 : 46.17"
"12,30 : 34.44"
"12,31 : 29.02"
"12,32 : 54.71"
"12,33 : 46.62"
"12,34 : 45.45"
"12,35 : 75.89"
"12,36 : 34.83"
"12,37 : 70.41"
"12,38 : 95.96"
"12,39 : 41.04"
"12,40 : 37.01"
"12,41 : 45.97"
"12,42 : 45.12"
"12,43 : 8.94"
"12,44 : 49.03"
"12,45 : 60.17"
"12,46 : 63.03"
"12,47 : 45.01"
"12,48 : 31.05"
"12,49 : 30.46"
"12,50 : 1.0"
"12,51 : 28.84"
"12,52 : 56.44"
"12,53 : 39.82"
"12,54 : 45.1"
"12,55 : 10.05"
"12,56 : 67.42"
"12,57 : 92.13"
"12,58 : 16.0"
"12,59 : 66.61"
"12,60 : 26.93"
"12,61 : 45.65"
"12,62 : 25.81"
"12,63 : 50.61"
"12,64 : 54.56"
"12,65 : 47.43"
"12,66 : 44.2"
"12,67 : 47.13"
"12,68 : 28.84"
"12,69 : 71.57"
"12,70 : 20.81"
"12,71 : 47.3"
"12,72 : 83.19"
"12,73 : 33.62"
"12,74 : 74.2"
"12,75 : 50.33"
"12,76 : 87.71"
"12,77 : 25.61"
"12,78 : 40.31"
"12,79 : 75.24"
"12,80 : 55.15"
"12,81 : 85.23"
"12,82 : 68.41"
"12,83 : 32.76"
"12,84 : 76.79"
"12,85 : 60.22"
"12,86 : 71.84"
"12,87 : 49.52"
"12,88 : 66.22"
"12,89 : 44.18"
"12,90 : 84.72"
"12,91 : 53.01"
"12,92 : 85.48"
"12,93 : 30.07"
"12,94 : 47.0"
"12,95 : 68.95"
"12,96 : 27.86"
"12,97 : 47.89"
"12,98 : 12.04"
"12,99 : 60.9"
"13,0 : 72.47"
"13,1 : 70.46"
"13,2 : 37.0"
"13,3 : 11.18"
"13,4 : 78.64"
"13,5 : 14.42"
"13,6 : 75.43"
"13,7 : 59.44"
"13,8 : 66.89"
"13,9 : 75.89"
"13,10 : 94.4"
"13,11 : 82.1"
"13,12 : 40.61"
"13,13 : 0.0"
"13,14 : 35.85"
"13,15 : 84.21"
"13,16 : 56.01"
"13,17 : 37.16"
"13,18 : 34.99"
"13,19 : 10.82"
"13,20 : 70.0"
"13,21 : 55.36"
"13,22 : 56.4"
"13,23 : 57.72"
"13,24 : 33.11"
"13,25 : 85.0"
"13,26 : 84.72"
"13,27 : 30.81"
"13,28 : 55.03"
"13,29 : 49.77"
"13,30 : 74.63"
"13,31 : 24.19"
"13,32 : 63.91"
"13,33 : 22.8"
"13,34 : 67.12"
"13,35 : 73.11"
"13,36 : 5.83"
"13,37 : 47.54"
"13,38 : 101.24"
"13,39 : 60.21"
"13,40 : 61.03"
"13,41 : 8.0"
"13,42 : 83.67"
"13,43 : 43.28"
"13,44 : 87.32"
"13,45 : 32.57"
"13,46 : 24.17"
"13,47 : 29.07"
"13,48 : 33.06"
"13,49 : 13.6"
"13,50 : 39.82"
"13,51 : 12.04"
"13,52 : 64.62"
"13,53 : 57.31"
"13,54 : 80.08"
"13,55 : 48.1"
"13,56 : 67.68"
"13,57 : 57.87"
"13,58 : 54.12"
"13,59 : 29.83"
"13,60 : 16.55"
"13,61 : 56.04"
"13,62 : 47.17"
"13,63 : 12.0"
"13,64 : 73.82"
"13,65 : 60.64"
"13,66 : 59.84"
"13,67 : 50.16"
"13,68 : 56.72"
"13,69 : 51.43"
"13,70 : 46.52"
"13,71 : 38.63"
"13,72 : 85.45"
"13,73 : 73.57"
"13,74 : 36.4"
"13,75 : 70.46"
"13,76 : 90.44"
"13,77 : 16.76"
"13,78 : 30.89"
"13,79 : 76.03"
"13,80 : 15.65"
"13,81 : 83.74"
"13,82 : 87.66"
"13,83 : 71.55"
"13,84 : 66.71"
"13,85 : 71.17"
"13,86 : 45.61"
"13,87 : 11.18"
"13,88 : 28.46"
"13,89 : 33.84"
"13,90 : 59.91"
"13,91 : 18.03"
"13,92 : 50.8"
"13,93 : 34.37"
"13,94 : 82.86"
"13,95 : 41.0"
"13,96 : 59.91"
"13,97 : 10.2"
"13,98 : 44.38"
"13,99 : 68.03"
"14,0 : 43.97"
"14,1 : 36.07"
"14,2 : 2.83"
"14,3 : 47.01"
"14,4 : 44.05"
"14,5 : 21.84"
"14,6 : 51.86"
"14,7 : 48.33"
"14,8 : 54.56"
"14,9 : 54.45"
"14,10 : 60.11"
"14,11 : 52.2"
"14,12 : 39.01"
"14,13 : 35.85"
"14,14 : 0.0"
"14,15 : 54.78"
"14,16 : 27.46"
"14,17 : 29.02"
"14,18 : 5.0"
"14,19 : 46.52"
"14,20 : 60.54"
"14,21 : 42.54"
"14,22 : 49.48"
"14,23 : 63.03"
"14,24 : 49.65"
"14,25 : 53.85"
"14,26 : 50.09"
"14,27 : 7.62"
"14,28 : 19.42"
"14,29 : 13.93"
"14,30 : 61.77"
"14,31 : 48.41"
"14,32 : 28.16"
"14,33 : 19.42"
"14,34 : 35.44"
"14,35 : 40.22"
"14,36 : 32.76"
"14,37 : 33.54"
"14,38 : 66.22"
"14,39 : 28.46"
"14,40 : 32.25"
"14,41 : 33.54"
"14,42 : 65.19"
"14,43 : 47.27"
"14,44 : 67.9"
"14,45 : 28.6"
"14,46 : 43.74"
"14,47 : 60.96"
"14,48 : 56.3"
"14,49 : 39.62"
"14,50 : 39.05"
"14,51 : 33.97"
"14,52 : 28.79"
"14,53 : 25.3"
"14,54 : 56.85"
"14,55 : 49.0"
"14,56 : 33.24"
"14,57 : 60.81"
"14,58 : 41.79"
"14,59 : 42.72"
"14,60 : 38.95"
"14,61 : 21.02"
"14,62 : 22.8"
"14,63 : 47.13"
"14,64 : 40.11"
"14,65 : 26.0"
"14,66 : 26.31"
"14,67 : 14.32"
"14,68 : 32.53"
"14,69 : 33.53"
"14,70 : 57.49"
"14,71 : 68.62"
"14,72 : 50.93"
"14,73 : 60.03"
"14,74 : 50.16"
"14,75 : 37.48"
"14,76 : 55.9"
"14,77 : 25.5"
"14,78 : 6.08"
"14,79 : 41.73"
"14,80 : 40.0"
"14,81 : 50.61"
"14,82 : 53.08"
"14,83 : 55.47"
"14,84 : 38.33"
"14,85 : 35.44"
"14,86 : 36.62"
"14,87 : 35.13"
"14,88 : 43.97"
"14,89 : 7.07"
"14,90 : 47.54"
"14,91 : 32.25"
"14,92 : 55.32"
"14,93 : 9.06"
"14,94 : 60.31"
"14,95 : 35.38"
"14,96 : 38.29"
"14,97 : 45.88"
"14,98 : 32.02"
"14,99 : 32.2"
"15,0 : 72.72"
"15,1 : 52.84"
"15,2 : 52.2"
"15,3 : 94.01"
"15,4 : 23.09"
"15,5 : 73.35"
"15,6 : 17.03"
"15,7 : 95.59"
"15,8 : 39.62"
"15,9 : 21.63"
"15,10 : 62.51"
"15,11 : 2.83"
"15,12 : 55.36"
"15,13 : 84.21"
"15,14 : 54.78"
"15,15 : 0.0"
"15,16 : 28.44"
"15,17 : 50.8"
"15,18 : 59.09"
"15,19 : 93.0"
"15,20 : 45.61"
"15,21 : 90.03"
"15,22 : 48.01"
"15,23 : 115.97"
"15,24 : 104.4"
"15,25 : 6.08"
"15,26 : 23.02"
"15,27 : 55.54"
"15,28 : 40.0"
"15,29 : 45.49"
"15,30 : 39.96"
"15,31 : 82.98"
"15,32 : 36.88"
"15,33 : 74.0"
"15,34 : 19.72"
"15,35 : 59.94"
"15,36 : 79.06"
"15,37 : 82.8"
"15,38 : 61.01"
"15,39 : 26.4"
"15,40 : 23.35"
"15,41 : 85.16"
"15,42 : 30.08"
"15,43 : 62.17"
"15,44 : 29.27"
"15,45 : 82.73"
"15,46 : 98.08"
"15,47 : 99.04"
"15,48 : 86.33"
"15,49 : 80.31"
"15,50 : 56.3"
"15,51 : 76.06"
"15,52 : 38.42"
"15,53 : 29.55"
"15,54 : 17.46"
"15,55 : 58.67"
"15,56 : 52.15"
"15,57 : 113.16"
"15,58 : 40.71"
"15,59 : 97.5"
"15,60 : 77.52"
"15,61 : 36.62"
"15,62 : 37.05"
"15,63 : 96.19"
"15,64 : 20.25"
"15,65 : 32.02"
"15,66 : 29.68"
"15,67 : 46.04"
"15,68 : 28.16"
"15,69 : 80.16"
"15,70 : 73.43"
"15,71 : 102.49"
"15,72 : 56.75"
"15,73 : 38.28"
"15,74 : 104.92"
"15,75 : 19.8"
"15,76 : 58.86"
"15,77 : 68.01"
"15,78 : 60.75"
"15,79 : 54.63"
"15,80 : 93.17"
"15,81 : 63.25"
"15,82 : 23.09"
"15,83 : 32.8"
"15,84 : 70.21"
"15,85 : 34.48"
"15,86 : 87.66"
"15,87 : 87.66"
"15,88 : 98.68"
"15,89 : 61.33"
"15,90 : 94.11"
"15,91 : 86.4"
"15,92 : 108.56"
"15,93 : 51.2"
"15,94 : 19.65"
"15,95 : 87.98"
"15,96 : 27.51"
"15,97 : 94.09"
"15,98 : 44.38"
"15,99 : 40.5"
"16,0 : 57.87"
"16,1 : 41.05"
"16,2 : 24.7"
"16,3 : 66.12"
"16,4 : 27.02"
"16,5 : 44.91"
"16,6 : 24.76"
"16,7 : 73.01"
"16,8 : 34.01"
"16,9 : 28.02"
"16,10 : 60.41"
"16,11 : 26.17"
"16,12 : 33.94"
"16,13 : 56.01"
"16,14 : 27.46"
"16,15 : 28.44"
"16,16 : 0.0"
"16,17 : 26.08"
"16,18 : 32.2"
"16,19 : 65.19"
"16,20 : 41.0"
"16,21 : 67.2"
"16,22 : 34.79"
"16,23 : 90.27"
"16,24 : 76.56"
"16,25 : 29.02"
"16,26 : 32.45"
"16,27 : 27.2"
"16,28 : 19.42"
"16,29 : 22.36"
"16,30 : 39.62"
"16,31 : 57.78"
"16,32 : 23.35"
"16,33 : 46.1"
"16,34 : 12.08"
"16,35 : 48.0"
"16,36 : 51.04"
"16,37 : 58.9"
"16,38 : 63.06"
"16,39 : 7.21"
"16,40 : 5.1"
"16,41 : 56.72"
"16,42 : 39.45"
"16,43 : 42.52"
"16,44 : 41.62"
"16,45 : 56.04"
"16,46 : 69.89"
"16,47 : 73.39"
"16,48 : 62.77"
"16,49 : 53.37"
"16,50 : 34.66"
"16,51 : 48.66"
"16,52 : 25.32"
"16,53 : 7.07"
"16,54 : 29.7"
"16,55 : 41.05"
"16,56 : 39.0"
"16,57 : 87.86"
"16,58 : 25.3"
"16,59 : 69.78"
"16,60 : 50.96"
"16,61 : 16.12"
"16,62 : 9.49"
"16,63 : 68.01"
"16,64 : 20.81"
"16,65 : 15.3"
"16,66 : 11.4"
"16,67 : 23.26"
"16,68 : 8.0"
"16,69 : 57.43"
"16,70 : 54.56"
"16,71 : 78.26"
"16,72 : 51.92"
"16,73 : 37.66"
"16,74 : 77.37"
"16,75 : 16.64"
"16,76 : 55.97"
"16,77 : 40.2"
"16,78 : 33.12"
"16,79 : 45.4"
"16,80 : 64.76"
"16,81 : 55.58"
"16,82 : 34.99"
"16,83 : 32.02"
"16,84 : 53.6"
"16,85 : 27.31"
"16,86 : 62.94"
"16,87 : 59.23"
"16,88 : 70.77"
"16,89 : 34.41"
"16,90 : 71.85"
"16,91 : 58.19"
"16,92 : 82.62"
"16,93 : 22.8"
"16,94 : 33.24"
"16,95 : 62.37"
"16,96 : 14.14"
"16,97 : 66.01"
"16,98 : 21.93"
"16,99 : 29.61"
"17,0 : 72.01"
"17,1 : 60.01"
"17,2 : 27.02"
"17,3 : 45.12"
"17,4 : 53.01"
"17,5 : 31.83"
"17,6 : 39.2"
"17,7 : 75.96"
"17,8 : 30.48"
"17,9 : 39.05"
"17,10 : 82.49"
"17,11 : 49.24"
"17,12 : 10.2"
"17,13 : 37.16"
"17,14 : 29.02"
"17,15 : 50.8"
"17,16 : 26.08"
"17,17 : 0.0"
"17,18 : 33.24"
"17,19 : 43.93"
"17,20 : 34.83"
"17,21 : 70.34"
"17,22 : 21.95"
"17,23 : 85.7"
"17,24 : 65.8"
"17,25 : 53.16"
"17,26 : 58.52"
"17,27 : 22.36"
"17,28 : 37.59"
"17,29 : 36.06"
"17,30 : 38.29"
"17,31 : 32.28"
"17,32 : 45.22"
"17,33 : 38.59"
"17,34 : 38.08"
"17,35 : 65.79"
"17,36 : 31.38"
"17,37 : 61.13"
"17,38 : 86.61"
"17,39 : 32.8"
"17,40 : 29.97"
"17,41 : 41.05"
"17,42 : 46.52"
"17,43 : 18.97"
"17,44 : 50.16"
"17,45 : 51.88"
"17,46 : 57.49"
"17,47 : 48.27"
"17,48 : 36.72"
"17,49 : 30.07"
"17,50 : 10.44"
"17,51 : 26.68"
"17,52 : 46.87"
"17,53 : 31.14"
"17,54 : 43.57"
"17,55 : 20.02"
"17,56 : 57.38"
"17,57 : 84.38"
"17,58 : 17.2"
"17,59 : 60.14"
"17,60 : 27.0"
"17,61 : 36.06"
"17,62 : 17.03"
"17,63 : 48.38"
"17,64 : 46.87"
"17,65 : 38.29"
"17,66 : 35.36"
"17,67 : 37.0"
"17,68 : 22.8"
"17,69 : 61.98"
"17,70 : 30.41"
"17,71 : 52.39"
"17,72 : 73.43"
"17,73 : 37.01"
"17,74 : 67.9"
"17,75 : 42.72"
"17,76 : 78.03"
"17,77 : 20.59"
"17,78 : 30.81"
"17,79 : 65.31"
"17,80 : 50.22"
"17,81 : 75.24"
"17,82 : 61.06"
"17,83 : 34.48"
"17,84 : 66.61"
"17,85 : 51.09"
"17,86 : 62.97"
"17,87 : 44.41"
"17,88 : 60.11"
"17,89 : 34.53"
"17,90 : 75.43"
"17,91 : 46.67"
"17,92 : 77.94"
"17,93 : 20.0"
"17,94 : 46.1"
"17,95 : 60.42"
"17,96 : 24.0"
"17,97 : 45.88"
"17,98 : 7.28"
"17,99 : 51.31"
"18,0 : 41.23"
"18,1 : 35.61"
"18,2 : 7.81"
"18,3 : 46.14"
"18,4 : 47.04"
"18,5 : 20.59"
"18,6 : 56.73"
"18,7 : 43.46"
"18,8 : 59.48"
"18,9 : 59.4"
"18,10 : 59.67"
"18,11 : 56.46"
"18,12 : 43.05"
"18,13 : 34.99"
"18,14 : 5.0"
"18,15 : 59.09"
"18,16 : 32.2"
"18,17 : 33.24"
"18,18 : 0.0"
"18,19 : 45.79"
"18,20 : 65.39"
"18,21 : 37.7"
"18,22 : 54.12"
"18,23 : 58.14"
"18,24 : 45.61"
"18,25 : 57.87"
"18,26 : 53.01"
"18,27 : 11.0"
"18,28 : 22.0"
"18,29 : 16.03"
"18,30 : 66.73"
"18,31 : 49.93"
"18,32 : 30.27"
"18,33 : 16.0"
"18,34 : 39.56"
"18,35 : 38.95"
"18,36 : 32.65"
"18,37 : 28.64"
"18,38 : 66.29"
"18,39 : 32.7"
"18,40 : 36.89"
"18,41 : 31.62"
"18,42 : 70.18"
"18,43 : 51.04"
"18,44 : 72.86"
"18,45 : 23.85"
"18,46 : 40.2"
"18,47 : 61.52"
"18,48 : 58.18"
"18,49 : 40.46"
"18,50 : 43.01"
"18,51 : 34.83"
"18,52 : 30.59"
"18,53 : 29.55"
"18,54 : 61.72"
"18,55 : 53.08"
"18,56 : 32.8"
"18,57 : 55.87"
"18,58 : 46.62"
"18,59 : 38.6"
"18,60 : 40.22"
"18,61 : 24.19"
"18,62 : 27.8"
"18,63 : 45.69"
"18,64 : 43.57"
"18,65 : 29.27"
"18,66 : 30.08"
"18,67 : 16.12"
"18,68 : 37.48"
"18,69 : 28.86"
"18,70 : 60.83"
"18,71 : 69.66"
"18,72 : 50.61"
"18,73 : 65.0"
"18,74 : 45.88"
"18,75 : 41.23"
"18,76 : 55.61"
"18,77 : 26.93"
"18,78 : 4.24"
"18,79 : 41.23"
"18,80 : 37.22"
"18,81 : 49.52"
"18,82 : 56.01"
"18,83 : 60.46"
"18,84 : 35.47"
"18,85 : 37.48"
"18,86 : 31.62"
"18,87 : 32.76"
"18,88 : 40.02"
"18,89 : 2.24"
"18,90 : 42.72"
"18,91 : 29.0"
"18,92 : 50.45"
"18,93 : 13.6"
"18,94 : 65.19"
"18,95 : 30.41"
"18,96 : 43.28"
"18,97 : 44.72"
"18,98 : 36.69"
"18,99 : 33.53"
"19,0 : 82.88"
"19,1 : 81.27"
"19,2 : 47.54"
"19,3 : 1.41"
"19,4 : 88.77"
"19,5 : 25.24"
"19,6 : 83.02"
"19,7 : 67.68"
"19,8 : 72.09"
"19,9 : 82.98"
"19,10 : 105.21"
"19,11 : 91.02"
"19,12 : 45.19"
"19,13 : 10.82"
"19,14 : 46.52"
"19,15 : 93.0"
"19,16 : 65.19"
"19,17 : 43.93"
"19,18 : 45.79"
"19,19 : 0.0"
"19,20 : 74.3"
"19,21 : 64.08"
"19,22 : 60.83"
"19,23 : 62.2"
"19,24 : 36.35"
"19,25 : 94.19"
"19,26 : 94.83"
"19,27 : 41.11"
"19,28 : 65.55"
"19,29 : 60.42"
"19,30 : 79.62"
"19,31 : 21.63"
"19,32 : 74.46"
"19,33 : 33.24"
"19,34 : 76.66"
"19,35 : 83.87"
"19,36 : 14.32"
"19,37 : 56.82"
"19,38 : 112.06"
"19,39 : 69.87"
"19,40 : 70.11"
"19,41 : 16.64"
"19,42 : 89.81"
"19,43 : 45.8"
"19,44 : 93.61"
"19,45 : 41.59"
"19,46 : 28.02"
"19,47 : 20.4"
"19,48 : 29.15"
"19,49 : 14.76"
"19,50 : 44.28"
"19,51 : 17.26"
"19,52 : 75.24"
"19,53 : 67.08"
"19,54 : 87.48"
"19,55 : 51.04"
"19,56 : 78.49"
"19,57 : 63.01"
"19,58 : 60.08"
"19,59 : 35.06"
"19,60 : 18.36"
"19,61 : 66.41"
"19,62 : 56.04"
"19,63 : 6.71"
"19,64 : 83.74"
"19,65 : 70.88"
"19,66 : 69.86"
"19,67 : 60.84"
"19,68 : 65.07"
"19,69 : 61.06"
"19,70 : 46.23"
"19,71 : 30.41"
"19,72 : 96.26"
"19,73 : 78.79"
"19,74 : 40.2"
"19,75 : 80.23"
"19,76 : 101.26"
"19,77 : 25.02"
"19,78 : 41.68"
"19,79 : 86.84"
"19,80 : 20.1"
"19,81 : 94.49"
"19,82 : 97.74"
"19,83 : 77.49"
"19,84 : 77.16"
"19,85 : 81.71"
"19,86 : 54.23"
"19,87 : 18.38"
"19,88 : 33.0"
"19,89 : 44.65"
"19,90 : 68.35"
"19,91 : 26.0"
"19,92 : 56.0"
"19,93 : 44.38"
"19,94 : 90.03"
"19,95 : 49.4"
"19,96 : 67.6"
"19,97 : 4.12"
"19,98 : 51.2"
"19,99 : 78.72"
"20,0 : 98.51"
"20,1 : 82.02"
"20,2 : 57.94"
"20,3 : 75.66"
"20,4 : 61.68"
"20,5 : 66.6"
"20,6 : 28.6"
"20,7 : 108.85"
"20,8 : 7.07"
"20,9 : 24.08"
"20,10 : 100.02"
"20,11 : 46.04"
"20,12 : 29.41"
"20,13 : 70.0"
"20,14 : 60.54"
"20,15 : 45.61"
"20,16 : 41.0"
"20,17 : 34.83"
"20,18 : 65.39"
"20,19 : 74.3"
"20,20 : 0.0"
"20,21 : 103.08"
"20,22 : 13.6"
"20,23 : 120.43"
"20,24 : 100.42"
"20,25 : 51.04"
"20,26 : 64.88"
"20,27 : 55.47"
"20,28 : 60.13"
"20,29 : 61.81"
"20,30 : 7.28"
"20,31 : 55.97"
"20,32 : 64.12"
"20,33 : 73.24"
"20,34 : 47.3"
"20,35 : 89.0"
"20,36 : 64.2"
"20,37 : 94.02"
"20,38 : 101.24"
"20,39 : 47.17"
"20,40 : 40.31"
"20,41 : 75.07"
"20,42 : 21.19"
"20,43 : 29.41"
"20,44 : 25.0"
"20,45 : 86.28"
"20,46 : 91.93"
"20,47 : 70.83"
"20,48 : 54.74"
"20,49 : 59.54"
"20,50 : 30.23"
"20,51 : 58.25"
"20,52 : 66.12"
"20,53 : 48.01"
"20,54 : 29.0"
"20,55 : 24.04"
"20,56 : 80.0"
"20,57 : 118.98"
"20,58 : 18.79"
"20,59 : 94.92"
"20,60 : 55.95"
"20,61 : 57.04"
"20,62 : 39.05"
"20,63 : 79.92"
"20,64 : 55.66"
"20,65 : 56.08"
"20,66 : 52.09"
"20,67 : 62.8"
"20,68 : 33.0"
"20,69 : 93.98"
"20,70 : 36.0"
"20,71 : 70.26"
"20,72 : 92.07"
"20,73 : 8.06"
"20,74 : 102.65"
"20,75 : 51.92"
"20,76 : 95.71"
"20,77 : 54.49"
"20,78 : 63.95"
"20,79 : 86.21"
"20,80 : 84.29"
"20,81 : 96.33"
"20,82 : 66.19"
"20,83 : 12.81"
"20,84 : 93.9"
"20,85 : 66.91"
"20,86 : 96.6"
"20,87 : 78.57"
"20,88 : 94.79"
"20,89 : 67.12"
"20,90 : 108.08"
"20,91 : 81.39"
"20,92 : 112.65"
"20,93 : 51.89"
"20,94 : 28.6"
"20,95 : 94.51"
"20,96 : 27.07"
"20,97 : 77.18"
"20,98 : 29.15"
"20,99 : 70.26"
"21,0 : 30.15"
"21,1 : 43.97"
"21,2 : 45.19"
"21,3 : 63.56"
"21,4 : 71.34"
"21,5 : 45.18"
"21,6 : 91.83"
"21,7 : 5.83"
"21,8 : 97.08"
"21,9 : 95.21"
"21,10 : 60.07"
"21,11 : 87.21"
"21,12 : 79.62"
"21,13 : 55.36"
"21,14 : 42.54"
"21,15 : 90.03"
"21,16 : 67.2"
"21,17 : 70.34"
"21,18 : 37.7"
"21,19 : 64.08"
"21,20 : 103.08"
"21,21 : 0.0"
"21,22 : 91.71"
"21,23 : 30.15"
"21,24 : 37.8"
"21,25 : 87.01"
"21,26 : 76.06"
"21,27 : 48.08"
"21,28 : 50.21"
"21,29 : 45.34"
"21,30 : 104.2"
"21,31 : 78.09"
"21,32 : 53.82"
"21,33 : 35.06"
"21,34 : 70.72"
"21,35 : 40.45"
"21,36 : 57.07"
"21,37 : 9.22"
"21,38 : 69.03"
"21,39 : 65.12"
"21,40 : 71.06"
"21,41 : 47.76"
"21,42 : 106.51"
"21,43 : 86.83"
"21,44 : 108.81"
"21,45 : 22.8"
"21,46 : 40.46"
"21,47 : 84.15"
"21,48 : 87.13"
"21,49 : 67.08"
"21,50 : 79.43"
"21,51 : 62.51"
"21,52 : 52.7"
"21,53 : 62.37"
"21,54 : 96.67"
"21,55 : 89.63"
"21,56 : 42.72"
"21,57 : 26.31"
"21,58 : 84.31"
"21,59 : 33.24"
"21,60 : 68.59"
"21,61 : 53.74"
"21,62 : 64.88"
"21,63 : 59.94"
"21,64 : 70.8"
"21,65 : 58.05"
"21,66 : 60.81"
"21,67 : 44.6"
"21,68 : 73.78"
"21,69 : 9.9"
"21,70 : 95.08"
"21,71 : 93.92"
"21,72 : 54.15"
"21,73 : 102.42"
"21,74 : 34.67"
"21,75 : 70.29"
"21,76 : 58.01"
"21,77 : 58.0"
"21,78 : 39.56"
"21,79 : 46.87"
"21,80 : 45.28"
"21,81 : 48.01"
"21,82 : 78.71"
"21,83 : 97.62"
"21,84 : 27.07"
"21,85 : 58.67"
"21,86 : 9.85"
"21,87 : 45.69"
"21,88 : 36.07"
"21,89 : 36.06"
"21,90 : 5.1"
"21,91 : 38.08"
"21,92 : 25.18"
"21,93 : 51.26"
"21,94 : 100.26"
"21,95 : 14.76"
"21,96 : 79.92"
"21,97 : 60.84"
"21,98 : 74.33"
"21,99 : 52.35"
"22,0 : 90.01"
"22,1 : 75.13"
"22,2 : 47.07"
"22,3 : 62.18"
"22,4 : 59.36"
"22,5 : 53.41"
"22,6 : 31.76"
"22,7 : 97.41"
"22,8 : 12.04"
"22,9 : 28.79"
"22,10 : 95.19"
"22,11 : 47.63"
"22,12 : 15.81"
"22,13 : 56.4"
"22,14 : 49.48"
"22,15 : 48.01"
"22,16 : 34.79"
"22,17 : 21.95"
"22,18 : 54.12"
"22,19 : 60.83"
"22,20 : 13.6"
"22,21 : 91.71"
"22,22 : 0.0"
"22,23 : 107.62"
"22,24 : 87.05"
"22,25 : 52.5"
"22,26 : 63.6"
"22,27 : 43.66"
"22,28 : 52.47"
"22,29 : 53.01"
"22,30 : 18.97"
"22,31 : 43.17"
"22,32 : 57.97"
"22,33 : 60.54"
"22,34 : 43.91"
"22,35 : 81.74"
"22,36 : 50.61"
"22,37 : 82.54"
"22,38 : 97.58"
"22,39 : 41.79"
"22,40 : 35.78"
"22,41 : 61.55"
"22,42 : 31.02"
"22,43 : 17.03"
"22,44 : 35.01"
"22,45 : 73.82"
"22,46 : 78.49"
"22,47 : 58.55"
"22,48 : 43.01"
"22,49 : 46.07"
"22,50 : 16.64"
"22,51 : 44.65"
"22,52 : 59.91"
"22,53 : 41.76"
"22,54 : 34.18"
"22,55 : 12.04"
"22,56 : 72.84"
"22,57 : 106.33"
"22,58 : 9.49"
"22,59 : 81.69"
"22,60 : 42.49"
"22,61 : 49.82"
"22,62 : 30.07"
"22,63 : 66.37"
"22,64 : 53.0"
"22,65 : 50.0"
"22,66 : 46.17"
"22,67 : 54.01"
"22,68 : 27.31"
"22,69 : 82.97"
"22,70 : 26.25"
"22,71 : 59.03"
"22,72 : 86.68"
"22,73 : 18.44"
"22,74 : 89.38"
"22,75 : 48.88"
"22,76 : 90.76"
"22,77 : 41.01"
"22,78 : 52.2"
"22,79 : 79.83"
"22,80 : 70.77"
"22,81 : 90.03"
"22,82 : 65.44"
"22,83 : 19.1"
"22,84 : 85.02"
"22,85 : 62.03"
"22,86 : 84.69"
"22,87 : 65.07"
"22,88 : 81.47"
"22,89 : 55.66"
"22,90 : 96.77"
"22,91 : 68.12"
"22,92 : 99.86"
"22,93 : 40.52"
"22,94 : 35.17"
"22,95 : 82.29"
"22,96 : 23.02"
"22,97 : 63.63"
"22,98 : 17.46"
"22,99 : 64.29"
"23,0 : 60.0"
"23,1 : 73.76"
"23,2 : 65.86"
"23,3 : 61.13"
"23,4 : 99.4"
"23,5 : 54.59"
"23,6 : 114.87"
"23,7 : 27.07"
"23,8 : 115.42"
"23,9 : 117.46"
"23,10 : 90.0"
"23,11 : 113.21"
"23,12 : 93.15"
"23,13 : 57.72"
"23,14 : 63.03"
"23,15 : 115.97"
"23,16 : 90.27"
"23,17 : 85.7"
"23,18 : 58.14"
"23,19 : 62.2"
"23,20 : 120.43"
"23,21 : 30.15"
"23,22 : 107.62"
"23,23 : 0.0"
"23,24 : 26.0"
"23,25 : 113.74"
"23,26 : 104.55"
"23,27 : 65.86"
"23,28 : 76.16"
"23,29 : 70.49"
"23,30 : 123.07"
"23,31 : 81.79"
"23,32 : 81.44"
"23,33 : 47.2"
"23,34 : 96.25"
"23,35 : 70.58"
"23,36 : 61.98"
"23,37 : 34.18"
"23,38 : 99.01"
"23,39 : 89.87"
"23,40 : 94.81"
"23,41 : 50.0"
"23,42 : 127.99"
"23,43 : 98.41"
"23,44 : 130.83"
"23,45 : 34.66"
"23,46 : 34.23"
"23,47 : 82.01"
"23,48 : 90.43"
"23,49 : 71.31"
"23,50 : 92.66"
"23,51 : 68.62"
"23,52 : 80.62"
"23,53 : 86.84"
"23,54 : 119.85"
"23,55 : 102.42"
"23,56 : 72.28"
"23,57 : 4.12"
"23,58 : 102.0"
"23,59 : 27.89"
"23,60 : 74.04"
"23,61 : 79.4"
"23,62 : 85.56"
"23,63 : 56.04"
"23,64 : 97.95"
"23,65 : 84.22"
"23,66 : 86.28"
"23,67 : 69.97"
"23,68 : 95.52"
"23,69 : 38.33"
"23,70 : 103.73"
"23,71 : 92.0"
"23,72 : 84.29"
"23,73 : 121.51"
"23,74 : 22.02"
"23,75 : 96.75"
"23,76 : 88.09"
"23,77 : 67.98"
"23,78 : 57.98"
"23,79 : 76.94"
"23,80 : 42.58"
"23,81 : 78.03"
"23,82 : 107.34"
"23,83 : 117.59"
"23,84 : 57.22"
"23,85 : 87.09"
"23,86 : 28.64"
"23,87 : 46.57"
"23,88 : 29.43"
"23,89 : 55.97"
"23,90 : 29.07"
"23,91 : 40.85"
"23,92 : 7.81"
"23,93 : 70.04"
"23,94 : 123.33"
"23,95 : 28.02"
"23,96 : 101.12"
"23,97 : 58.14"
"23,98 : 91.4"
"23,99 : 80.99"
"24,0 : 65.39"
"24,1 : 72.69"
"24,2 : 52.2"
"24,3 : 35.23"
"24,4 : 92.07"
"24,5 : 34.06"
"24,6 : 99.85"
"24,7 : 38.9"
"24,8 : 96.26"
"24,9 : 101.55"
"24,10 : 93.68"
"24,11 : 101.84"
"24,12 : 71.7"
"24,13 : 33.11"
"24,14 : 49.65"
"24,15 : 104.4"
"24,16 : 76.56"
"24,17 : 65.8"
"24,18 : 45.61"
"24,19 : 36.35"
"24,20 : 100.42"
"24,21 : 37.8"
"24,22 : 87.05"
"24,23 : 26.0"
"24,24 : 0.0"
"24,25 : 103.45"
"24,26 : 97.87"
"24,27 : 49.65"
"24,28 : 67.08"
"24,29 : 61.0"
"24,30 : 104.06"
"24,31 : 56.61"
"24,32 : 74.43"
"24,33 : 30.46"
"24,34 : 85.07"
"24,35 : 72.03"
"24,36 : 38.08"
"24,37 : 34.93"
"24,38 : 102.11"
"24,39 : 78.11"
"24,40 : 81.54"
"24,41 : 26.08"
"24,42 : 111.02"
"24,43 : 75.72"
"24,44 : 114.28"
"24,45 : 24.02"
"24,46 : 8.94"
"24,47 : 56.01"
"24,48 : 65.0"
"24,49 : 46.62"
"24,50 : 71.06"
"24,51 : 44.78"
"24,52 : 74.24"
"24,53 : 74.95"
"24,54 : 104.81"
"24,55 : 80.21"
"24,56 : 70.46"
"24,57 : 27.29"
"24,58 : 82.88"
"24,59 : 7.07"
"24,60 : 49.66"
"24,61 : 69.63"
"24,62 : 69.84"
"24,63 : 30.07"
"24,64 : 89.05"
"24,65 : 74.73"
"24,66 : 75.69"
"24,67 : 60.83"
"24,68 : 80.13"
"24,69 : 40.31"
"24,70 : 79.62"
"24,71 : 66.0"
"24,72 : 86.12"
"24,73 : 102.73"
"24,74 : 4.12"
"24,75 : 86.83"
"24,76 : 90.71"
"24,77 : 46.1"
"24,78 : 43.66"
"24,79 : 77.28"
"24,80 : 17.46"
"24,81 : 81.61"
"24,82 : 100.84"
"24,83 : 99.64"
"24,84 : 60.75"
"24,85 : 81.22"
"24,86 : 29.53"
"24,87 : 22.47"
"24,88 : 5.83"
"24,89 : 43.42"
"24,90 : 40.31"
"24,91 : 19.21"
"24,92 : 20.62"
"24,93 : 54.12"
"24,94 : 108.05"
"24,95 : 25.08"
"24,96 : 84.91"
"24,97 : 32.25"
"24,98 : 72.35"
"24,99 : 76.03"
"25,0 : 68.24"
"25,1 : 48.26"
"25,2 : 51.42"
"25,3 : 95.13"
"25,4 : 17.89"
"25,5 : 73.44"
"25,6 : 22.47"
"25,7 : 92.46"
"25,8 : 44.82"
"25,9 : 27.29"
"25,10 : 56.72"
"25,11 : 5.0"
"25,12 : 58.6"
"25,13 : 85.0"
"25,14 : 53.85"
"25,15 : 6.08"
"25,16 : 29.02"
"25,17 : 53.16"
"25,18 : 57.87"
"25,19 : 94.19"
"25,20 : 51.04"
"25,21 : 87.01"
"25,22 : 52.5"
"25,23 : 113.74"
"25,24 : 103.45"
"25,25 : 0.0"
"25,26 : 17.12"
"25,27 : 55.44"
"25,28 : 37.59"
"25,29 : 43.38"
"25,30 : 45.65"
"25,31 : 85.44"
"25,32 : 33.3"
"25,33 : 73.25"
"25,34 : 18.44"
"25,35 : 55.23"
"25,36 : 80.06"
"25,37 : 80.16"
"25,38 : 55.0"
"25,39 : 25.5"
"25,40 : 24.08"
"25,41 : 85.38"
"25,42 : 36.14"
"25,43 : 65.86"
"25,44 : 35.36"
"25,45 : 81.15"
"25,46 : 97.51"
"25,47 : 101.39"
"25,48 : 89.32"
"25,49 : 82.04"
"25,50 : 59.51"
"25,51 : 77.52"
"25,52 : 34.66"
"25,53 : 28.64"
"25,54 : 23.41"
"25,55 : 62.68"
"25,56 : 47.8"
"25,57 : 110.79"
"25,58 : 44.65"
"25,59 : 96.46"
"25,60 : 79.43"
"25,61 : 34.44"
"25,62 : 38.21"
