x,y
96,88
13,65
39,13
9,63
63,75
39,65
19,44
28,28
92,4
93,10
60,49
29,53
28,3
70,14
95,92
76,10
99,88
14,46
42,60
45,9
48,77
89,67
79,48
90,92
96,73
66,35
82,39
57,37
81,8
0,37
96,5
30,33
55,94
19,23
1,18
79,34
48,21
5,59
97,99
68,48
37,46
65,95
48,88
50,43
31,100
29,35
50,46
74,99
68,77
12,66
86,46
100,97
29,44
51,76
56,11
28,56
54,68
51,73
78,93
85,97
75,68
77,88
43,90
66,76
24,42
86,28
16,68
99,51
4,77
19,44
14,79
49,59
64,2
75,88
24,82
4,38
43,98
17,27
16,97
56,35
95,72
40,21
44,58
86,59
7,30
82,74
29,92
22,11
56,57
5,15
15,85
5,57
29,41
13,47
29,10
14,56
67,45
89,63
82,54
19,99

Distanze
"0,0 : 0.0"
"0,1 : 41.05"
"0,2 : 38.47"
"0,3 : 64.78"
"0,4 : 100.21"
"0,5 : 20.0"
"0,6 : 86.01"
"0,7 : 15.81"
"0,8 : 86.45"
"0,9 : 97.91"
"0,10 : 83.45"
"0,11 : 48.08"
"0,12 : 86.31"
"0,13 : 52.39"
"0,14 : 70.23"
"0,15 : 66.48"
"0,16 : 46.53"
"0,17 : 14.0"
"0,18 : 54.82"
"0,19 : 88.02"
"0,20 : 21.1"
"0,21 : 56.29"
"0,22 : 12.04"
"0,23 : 26.93"
"0,24 : 57.8"
"0,25 : 16.64"
"0,26 : 107.07"
"0,27 : 28.02"
"0,28 : 20.1"
"0,29 : 70.21"
"0,30 : 15.62"
"0,31 : 14.76"
"0,32 : 40.02"
"0,33 : 28.43"
"0,34 : 40.8"
"0,35 : 18.97"
"0,36 : 35.69"
"0,37 : 21.59"
"0,38 : 21.1"
"0,39 : 65.73"
"0,40 : 89.69"
"0,41 : 29.21"
"0,42 : 40.11"
"0,43 : 57.57"
"0,44 : 64.62"
"0,45 : 31.14"
"0,46 : 85.87"
"0,47 : 67.96"
"0,48 : 77.62"
"0,49 : 95.69"
"0,50 : 74.95"
"0,51 : 62.24"
"0,52 : 94.92"
"0,53 : 26.4"
"0,54 : 83.02"
"0,55 : 78.71"
"0,56 : 22.02"
"0,57 : 23.02"
"0,58 : 46.82"
"0,59 : 17.89"
"0,60 : 57.97"
"0,61 : 97.95"
"0,62 : 43.46"
"0,63 : 68.48"
"0,64 : 37.0"
"0,65 : 9.22"
"0,66 : 38.12"
"0,67 : 47.42"
"0,68 : 30.81"
"0,69 : 23.35"
"0,70 : 30.41"
"0,71 : 57.31"
"0,72 : 36.89"
"0,73 : 42.19"
"0,74 : 61.01"
"0,75 : 76.03"
"0,76 : 21.54"
"0,77 : 63.56"
"0,78 : 62.17"
"0,79 : 76.4"
"0,80 : 45.22"
"0,81 : 26.25"
"0,82 : 49.09"
"0,83 : 47.01"
"0,84 : 15.81"
"0,85 : 42.49"
"0,86 : 87.32"
"0,87 : 88.6"
"0,88 : 9.85"
"0,89 : 6.4"
"0,90 : 69.32"
"0,91 : 78.03"
"0,92 : 86.12"
"0,93 : 88.81"
"0,94 : 44.64"
"0,95 : 19.21"
"0,96 : 80.96"
"0,97 : 89.68"
"0,98 : 15.03"
"0,99 : 55.79"
"1,0 : 41.05"
"1,1 : 0.0"
"1,2 : 59.2"
"1,3 : 32.7"
"1,4 : 59.2"
"1,5 : 26.93"
"1,6 : 56.46"
"1,7 : 47.8"
"1,8 : 45.62"
"1,9 : 56.86"
"1,10 : 44.1"
"1,11 : 11.0"
"1,12 : 47.17"
"1,13 : 14.14"
"1,14 : 32.02"
"1,15 : 26.93"
"1,16 : 20.0"
"1,17 : 50.25"
"1,18 : 14.21"
"1,19 : 57.94"
"1,20 : 47.01"
"1,21 : 38.83"
"1,22 : 32.56"
"1,23 : 44.05"
"1,24 : 16.97"
"1,25 : 37.74"
"1,26 : 66.03"
"1,27 : 61.85"
"1,28 : 53.6"
"1,29 : 34.71"
"1,30 : 25.55"
"1,31 : 42.2"
"1,32 : 32.39"
"1,33 : 13.0"
"1,34 : 1.41"
"1,35 : 49.65"
"1,36 : 30.02"
"1,37 : 39.05"
"1,38 : 32.06"
"1,39 : 48.41"
"1,40 : 75.17"
"1,41 : 16.0"
"1,42 : 35.36"
"1,43 : 21.84"
"1,44 : 26.02"
"1,45 : 13.0"
"1,46 : 66.53"
"1,47 : 64.26"
"1,48 : 59.41"
"1,49 : 54.64"
"1,50 : 34.0"
"1,51 : 23.77"
"1,52 : 54.49"
"1,53 : 52.33"
"1,54 : 55.01"
"1,55 : 69.12"
"1,56 : 19.24"
"1,57 : 57.8"
"1,58 : 27.66"
"1,59 : 23.43"
"1,60 : 38.08"
"1,61 : 57.28"
"1,62 : 40.45"
"1,63 : 61.74"
"1,64 : 11.05"
"1,65 : 32.25"
"1,66 : 26.31"
"1,67 : 43.93"
"1,68 : 50.6"
"1,69 : 29.15"
"1,70 : 65.8"
"1,71 : 52.5"
"1,72 : 55.79"
"1,73 : 20.62"
"1,74 : 36.12"
"1,75 : 35.74"
"1,76 : 34.01"
"1,77 : 46.4"
"1,78 : 54.63"
"1,79 : 39.85"
"1,80 : 16.12"
"1,81 : 17.49"
"1,82 : 19.31"
"1,83 : 21.1"
"1,84 : 44.15"
"1,85 : 21.21"
"1,86 : 47.54"
"1,87 : 47.63"
"1,88 : 47.01"
"1,89 : 47.43"
"1,90 : 29.12"
"1,91 : 48.75"
"1,92 : 65.3"
"1,93 : 47.8"
"1,94 : 14.21"
"1,95 : 21.95"
"1,96 : 43.05"
"1,97 : 56.29"
"1,98 : 30.61"
"1,99 : 21.93"
"2,0 : 38.47"
"2,1 : 59.2"
"2,2 : 0.0"
"2,3 : 63.66"
"2,4 : 112.33"
"2,5 : 34.06"
"2,6 : 76.48"
"2,7 : 23.02"
"2,8 : 95.8"
"2,9 : 109.04"
"2,10 : 102.16"
"2,11 : 69.86"
"2,12 : 105.31"
"2,13 : 62.65"
"2,14 : 75.29"
"2,15 : 85.44"
"2,16 : 49.65"
"2,17 : 26.91"
"2,18 : 72.45"
"2,19 : 78.71"
"2,20 : 17.46"
"2,21 : 89.2"
"2,22 : 33.54"
"2,23 : 65.31"
"2,24 : 74.46"
"2,25 : 25.32"
"2,26 : 118.0"
"2,27 : 19.92"
"2,28 : 21.26"
"2,29 : 93.86"
"2,30 : 44.41"
"2,31 : 53.24"
"2,32 : 32.65"
"2,33 : 52.15"
"2,34 : 59.91"
"2,35 : 20.0"
"2,36 : 31.91"
"2,37 : 59.62"
"2,38 : 57.28"
"2,39 : 49.77"
"2,40 : 65.0"
"2,41 : 57.0"
"2,42 : 75.5"
"2,43 : 63.01"
"2,44 : 71.61"
"2,45 : 57.08"
"2,46 : 66.1"
"2,47 : 39.12"
"2,48 : 58.69"
"2,49 : 107.07"
"2,50 : 86.28"
"2,51 : 82.86"
"2,52 : 110.54"
"2,53 : 12.21"
"2,54 : 72.45"
"2,55 : 52.04"
"2,56 : 48.01"
"2,57 : 21.95"
"2,58 : 78.03"
"2,59 : 42.05"
"2,60 : 90.05"
"2,61 : 112.51"
"2,62 : 27.8"
"2,63 : 42.01"
"2,64 : 49.04"
"2,65 : 42.72"
"2,66 : 36.89"
"2,67 : 28.65"
"2,68 : 9.0"
"2,69 : 30.41"
"2,70 : 23.35"
"2,71 : 94.11"
"2,72 : 3.61"
"2,73 : 44.94"
"2,74 : 54.2"
"2,75 : 84.4"
"2,76 : 26.08"
"2,77 : 48.33"
"2,78 : 38.64"
"2,79 : 99.04"
"2,80 : 71.45"
"2,81 : 42.58"
"2,82 : 75.54"
"2,83 : 75.17"
"2,84 : 54.2"
"2,85 : 72.01"
"2,86 : 92.76"
"2,87 : 101.87"
"2,88 : 46.62"
"2,89 : 37.8"
"2,90 : 78.49"
"2,91 : 69.97"
"2,92 : 67.68"
"2,93 : 101.55"
"2,94 : 52.35"
"2,95 : 46.1"
"2,96 : 83.44"
"2,97 : 84.06"
"2,98 : 33.14"
"2,99 : 60.0"
"3,0 : 64.78"
"3,1 : 32.7"
"3,2 : 63.66"
"3,3 : 0.0"
"3,4 : 51.87"
"3,5 : 45.12"
"3,6 : 23.77"
"3,7 : 64.08"
"3,8 : 34.79"
"3,9 : 48.1"
"3,10 : 50.36"
"3,11 : 38.42"
"3,12 : 53.24"
"3,13 : 19.42"
"3,14 : 14.14"
"3,15 : 39.4"
"3,16 : 18.25"
"3,17 : 68.35"
"3,18 : 31.89"
"3,19 : 25.3"
"3,20 : 59.94"
"3,21 : 68.77"
"3,22 : 53.15"
"3,23 : 75.5"
"3,24 : 30.81"
"3,25 : 53.49"
"3,26 : 56.36"
"3,27 : 75.29"
"3,28 : 68.88"
"3,29 : 52.33"
"3,30 : 52.0"
"3,31 : 71.06"
"3,32 : 31.4"
"3,33 : 42.76"
"3,34 : 34.01"
"3,35 : 64.4"
"3,36 : 33.62"
"3,37 : 69.87"
"3,38 : 62.97"
"3,39 : 25.0"
"3,40 : 47.93"
"3,41 : 47.8"
"3,42 : 67.98"
"3,43 : 11.4"
"3,44 : 14.56"
"3,45 : 44.92"
"3,46 : 37.22"
"3,47 : 47.52"
"3,48 : 31.95"
"3,49 : 46.49"
"3,50 : 29.0"
"3,51 : 40.82"
"3,52 : 53.46"
"3,53 : 62.97"
"3,54 : 22.47"
"3,55 : 46.39"
"3,56 : 47.17"
"3,57 : 72.9"
"3,58 : 58.82"
"3,59 : 48.04"
"3,60 : 67.21"
"3,61 : 54.13"
"3,62 : 36.12"
"3,63 : 43.19"
"3,64 : 29.07"
"3,65 : 58.08"
"3,66 : 29.07"
"3,67 : 36.62"
"3,68 : 57.8"
"3,69 : 43.32"
"3,70 : 79.76"
"3,71 : 84.31"
"3,72 : 60.14"
"3,73 : 22.8"
"3,74 : 11.4"
"3,75 : 24.33"
"3,76 : 47.54"
"3,77 : 24.08"
"3,78 : 37.85"
"3,79 : 54.08"
"3,80 : 46.62"
"3,81 : 39.05"
"3,82 : 48.27"
"3,83 : 51.4"
"3,84 : 73.06"
"3,85 : 53.0"
"3,86 : 29.68"
"3,87 : 43.57"
"3,88 : 73.25"
"3,89 : 70.41"
"3,90 : 21.1"
"3,91 : 16.12"
"3,92 : 35.23"
"3,93 : 42.76"
"3,94 : 21.1"
"3,95 : 49.04"
"3,96 : 19.85"
"3,97 : 25.02"
"3,98 : 50.22"
"3,99 : 10.77"
"4,0 : 100.21"
"4,1 : 59.2"
"4,2 : 112.33"
"4,3 : 51.87"
"4,4 : 0.0"
"4,5 : 84.86"
"4,6 : 58.22"
"4,7 : 106.08"
"4,8 : 17.09"
"4,9 : 4.0"
"4,10 : 23.02"
"4,11 : 53.24"
"4,12 : 22.36"
"4,13 : 50.33"
"4,14 : 38.08"
"4,15 : 35.47"
"4,16 : 62.68"
"4,17 : 109.04"
"4,18 : 45.49"
"4,19 : 57.43"
"4,20 : 104.06"
"4,21 : 69.12"
"4,22 : 91.44"
"4,23 : 97.14"
"4,24 : 42.44"
"4,25 : 95.46"
"4,26 : 7.28"
"4,27 : 119.55"
"4,28 : 111.72"
"4,29 : 40.05"
"4,30 : 84.63"
"4,31 : 99.3"
"4,32 : 79.92"
"4,33 : 71.85"
"4,34 : 59.41"
"4,35 : 107.49"
"4,36 : 80.45"
"4,37 : 94.02"
"4,38 : 87.66"
"4,39 : 75.93"
"4,40 : 93.02"
"4,41 : 72.56"
"4,42 : 80.28"
"4,43 : 49.4"
"4,44 : 40.82"
"4,45 : 69.97"
"4,46 : 81.02"
"4,47 : 98.95"
"4,48 : 79.23"
"4,49 : 5.39"
"4,50 : 26.25"
"4,51 : 40.5"
"4,52 : 10.77"
"4,53 : 108.58"
"4,54 : 61.03"
"4,55 : 95.63"
"4,56 : 78.24"
"4,57 : 115.97"
"4,58 : 66.71"
"4,59 : 82.62"
"4,60 : 66.07"
"4,61 : 7.21"
"4,62 : 86.35"
"4,63 : 94.37"
"4,64 : 65.76"
"4,65 : 91.26"
"4,66 : 75.45"
"4,67 : 87.66"
"4,68 : 105.0"
"4,69 : 85.63"
"4,70 : 123.76"
"4,71 : 87.02"
"4,72 : 108.72"
"4,73 : 67.42"
"4,74 : 63.25"
"4,75 : 28.18"
"4,76 : 90.61"
"4,77 : 75.43"
"4,78 : 89.56"
"4,79 : 35.06"
"4,80 : 59.24"
"4,81 : 75.74"
"4,82 : 56.92"
"4,83 : 60.73"
"4,84 : 101.07"
"4,85 : 65.46"
"4,86 : 24.02"
"4,87 : 11.66"
"4,88 : 105.48"
"4,89 : 106.61"
"4,90 : 33.84"
"4,91 : 57.08"
"4,92 : 78.06"
"4,93 : 11.4"
"4,94 : 60.44"
"4,95 : 81.02"
"4,96 : 34.23"
"4,97 : 48.66"
"4,98 : 89.2"
"4,99 : 52.48"
"5,0 : 20.0"
"5,1 : 26.93"
"5,2 : 34.06"
"5,3 : 45.12"
"5,4 : 84.86"
"5,5 : 0.0"
"5,6 : 66.01"
"5,7 : 21.21"
"5,8 : 69.81"
"5,9 : 82.13"
"5,10 : 71.02"
"5,11 : 36.77"
"5,12 : 74.09"
"5,13 : 35.0"
"5,14 : 51.88"
"5,15 : 53.85"
"5,16 : 26.93"
"5,17 : 24.41"
"5,18 : 41.05"
"5,19 : 68.03"
"5,20 : 20.12"
"5,21 : 55.58"
"5,22 : 8.06"
"5,23 : 39.05"
"5,24 : 43.6"
"5,25 : 10.82"
"5,26 : 91.35"
"5,27 : 35.0"
"5,28 : 26.91"
"5,29 : 60.75"
"5,30 : 12.81"
"5,31 : 29.97"
"5,32 : 21.02"
"5,33 : 18.11"
"5,34 : 27.29"
"5,35 : 22.8"
"5,36 : 16.55"
"5,37 : 32.65"
"5,38 : 27.66"
"5,39 : 46.49"
"5,40 : 71.59"
"5,41 : 23.09"
"5,42 : 43.46"
"5,43 : 38.91"
"5,44 : 46.65"
"5,45 : 23.02"
"5,46 : 66.73"
"5,47 : 52.33"
"5,48 : 58.52"
"5,49 : 79.98"
"5,50 : 58.8"
"5,51 : 50.54"
"5,52 : 81.06"
"5,53 : 25.63"
"5,54 : 63.03"
"5,55 : 61.61"
"5,56 : 14.32"
"5,57 : 31.14"
"5,58 : 44.18"
"5,59 : 8.94"
"5,60 : 56.22"
"5,61 : 83.63"
"5,62 : 26.25"
"5,63 : 51.86"
"5,64 : 19.21"
"5,65 : 15.65"
"5,66 : 18.25"
"5,67 : 30.48"
"5,68 : 25.08"
"5,69 : 5.0"
"5,70 : 39.05"
"5,71 : 62.65"
"5,72 : 31.0"
"5,73 : 22.36"
"5,74 : 41.01"
"5,75 : 58.82"
"5,76 : 8.0"
"5,77 : 44.27"
"5,78 : 45.0"
"5,79 : 66.31"
"5,80 : 37.48"
"5,81 : 9.43"
"5,82 : 41.59"
"5,83 : 41.11"
"5,84 : 31.78"
"5,85 : 38.01"
"5,86 : 69.46"
"5,87 : 73.55"
"5,88 : 29.27"
"5,89 : 25.32"
"5,90 : 52.2"
"5,91 : 58.03"
"5,92 : 66.76"
"5,93 : 73.54"
"5,94 : 25.94"
"5,95 : 13.0"
"5,96 : 62.24"
"5,97 : 69.87"
"5,98 : 5.1"
"5,99 : 36.77"
"6,0 : 86.01"
"6,1 : 56.46"
"6,2 : 76.48"
"6,3 : 23.77"
"6,4 : 58.22"
"6,5 : 66.01"
"6,6 : 0.0"
"6,7 : 82.57"
"6,8 : 43.42"
"6,9 : 54.23"
"6,10 : 65.31"
"6,11 : 61.59"
"6,12 : 67.62"
"6,13 : 42.94"
"6,14 : 30.48"
"6,15 : 58.9"
"6,16 : 40.45"
"6,17 : 87.3"
"6,18 : 54.2"
"6,19 : 2.24"
"6,20 : 77.37"
"6,21 : 91.61"
"6,22 : 74.03"
"6,23 : 98.95"
"6,24 : 52.5"
"6,25 : 72.69"
"6,26 : 60.03"
"6,27 : 91.71"
"6,28 : 86.59"
"6,29 : 71.84"
"6,30 : 74.55"
"6,31 : 93.77"
"6,32 : 48.05"
"6,33 : 66.22"
"6,34 : 57.78"
"6,35 : 82.23"
"6,36 : 51.62"
"6,37 : 93.17"
"6,38 : 86.35"
"6,39 : 27.2"
"6,40 : 35.13"
"6,41 : 71.47"
"6,42 : 91.71"
"6,43 : 34.89"
"6,44 : 34.71"
"6,45 : 68.62"
"6,46 : 23.19"
"6,47 : 47.8"
"6,48 : 23.71"
"6,49 : 53.46"
"6,50 : 43.91"
"6,51 : 61.52"
"6,52 : 63.79"
"6,53 : 79.06"
"6,54 : 4.24"
"6,55 : 40.31"
"6,56 : 70.21"
"6,57 : 90.25"
"6,58 : 82.15"
"6,59 : 70.35"
"6,60 : 89.81"
"6,61 : 62.97"
"6,62 : 49.4"
"6,63 : 42.8"
"6,64 : 52.17"
"6,65 : 80.22"
"6,66 : 48.17"
"6,67 : 47.85"
"6,68 : 72.8"
"6,69 : 63.2"
"6,70 : 96.14"
"6,71 : 107.7"
"6,72 : 73.35"
"6,73 : 44.1"
"6,74 : 25.08"
"6,75 : 37.59"
"6,76 : 66.61"
"6,77 : 28.3"
"6,78 : 41.04"
"6,79 : 72.11"
"6,80 : 69.97"
"6,81 : 61.4"
"6,82 : 71.28"
"6,83 : 74.63"
"6,84 : 95.75"
"6,85 : 76.54"
"6,86 : 34.53"
"6,87 : 54.12"
"6,88 : 95.05"
"6,89 : 91.14"
"6,90 : 38.42"
"6,91 : 8.06"
"6,92 : 20.1"
"6,93 : 52.89"
"6,94 : 44.38"
"6,95 : 71.85"
"6,96 : 25.63"
"6,97 : 10.44"
"6,98 : 71.03"
"6,99 : 34.54"
"7,0 : 15.81"
"7,1 : 47.8"
"7,2 : 23.02"
"7,3 : 64.08"
"7,4 : 106.08"
"7,5 : 21.21"
"7,6 : 82.57"
"7,7 : 0.0"
"7,8 : 90.91"
"7,9 : 103.32"
"7,10 : 91.84"
"7,11 : 56.94"
"7,12 : 94.87"
"7,13 : 56.08"
"7,14 : 72.4"
"7,15 : 74.63"
"7,16 : 46.53"
"7,17 : 5.1"
"7,18 : 62.01"
"7,19 : 84.72"
"7,20 : 6.71"
"7,21 : 70.35"
"7,22 : 15.65"
"7,23 : 42.72"
"7,24 : 64.66"
"7,25 : 10.82"
"7,26 : 112.54"
"7,27 : 14.32"
"7,28 : 5.83"
"7,29 : 80.5"
"7,30 : 25.96"
"7,31 : 30.46"
"7,32 : 34.53"
"7,33 : 37.12"
"7,34 : 48.01"
"7,35 : 3.16"
"7,36 : 31.05"
"7,37 : 37.36"
"7,38 : 36.12"
"7,39 : 59.0"
"7,40 : 80.28"
"7,41 : 40.16"
"7,42 : 55.04"
"7,43 : 59.36"
"7,44 : 67.42"
"7,45 : 41.23"
"7,46 : 78.31"
"7,47 : 56.46"
"7,48 : 70.18"
"7,49 : 101.18"
"7,50 : 79.98"
"7,51 : 71.02"
"7,52 : 102.18"
"7,53 : 10.82"
"7,54 : 79.08"
"7,55 : 68.31"
"7,56 : 31.38"
"7,57 : 10.0"
"7,58 : 60.02"
"7,59 : 25.5"
"7,60 : 71.7"
"7,61 : 104.8"
"7,62 : 35.06"
"7,63 : 57.87"
"7,64 : 40.36"
"7,65 : 22.02"
"7,66 : 35.11"
"7,67 : 38.33"
"7,68 : 16.4"
"7,69 : 21.1"
"7,70 : 18.03"
"7,71 : 72.84"
"7,72 : 21.93"
"7,73 : 41.59"
"7,74 : 57.72"
"7,75 : 79.81"
"7,76 : 16.55"
"7,77 : 57.01"
"7,78 : 52.39"
"7,79 : 86.35"
"7,80 : 56.08"
"7,81 : 30.48"
"7,82 : 60.17"
"7,83 : 58.82"
"7,84 : 31.3"
"7,85 : 54.82"
"7,86 : 90.14"
"7,87 : 94.76"
"7,88 : 23.6"
"7,89 : 14.87"
"7,90 : 73.25"
"7,91 : 74.95"
"7,92 : 79.1"
"7,93 : 94.75"
"7,94 : 46.62"
"7,95 : 28.79"
"7,96 : 82.37"
"7,97 : 87.93"
"7,98 : 17.2"
"7,99 : 56.94"
"8,0 : 86.45"
"8,1 : 45.62"
"8,2 : 95.8"
"8,3 : 34.79"
"8,4 : 17.09"
"8,5 : 69.81"
"8,6 : 43.42"
"8,7 : 90.91"
"8,8 : 0.0"
"8,9 : 13.42"
"8,10 : 24.04"
"8,11 : 41.98"
"8,12 : 25.61"
"8,13 : 34.83"
"8,14 : 21.02"
"8,15 : 27.17"
"8,16 : 46.23"
"8,17 : 94.2"
"8,18 : 33.24"
"8,19 : 43.01"
"8,20 : 88.41"
"8,21 : 64.13"
"8,22 : 76.84"
"8,23 : 86.88"
"8,24 : 30.08"
"8,25 : 80.16"
"8,26 : 22.2"
"8,27 : 104.0"
"8,28 : 96.43"
"8,29 : 36.77"
"8,30 : 71.12"
"8,31 : 87.32"
"8,32 : 63.25"
"8,33 : 58.6"
"8,34 : 46.1"
"8,35 : 92.1"
"8,36 : 64.03"
"8,37 : 82.97"
"8,38 : 76.24"
"8,39 : 59.03"
"8,40 : 77.41"
"8,41 : 60.41"
"8,42 : 72.06"
"8,43 : 32.8"
"8,44 : 24.21"
"8,45 : 57.58"
"8,46 : 65.49"
"8,47 : 82.0"
"8,48 : 63.0"
"8,49 : 11.7"
"8,50 : 11.7"
"8,51 : 32.06"
"8,52 : 20.4"
"8,53 : 92.66"
"8,54 : 45.71"
"8,55 : 79.16"
"8,56 : 64.85"
"8,57 : 100.66"
"8,58 : 59.01"
"8,59 : 68.6"
"8,60 : 61.39"
"8,61 : 20.0"
"8,62 : 69.46"
"8,63 : 77.47"
"8,64 : 50.61"
"8,65 : 77.83"
"8,66 : 59.03"
"8,67 : 70.66"
"8,68 : 88.73"
"8,69 : 70.09"
"8,70 : 108.3"
"8,71 : 82.2"
"8,72 : 92.2"
"8,73 : 51.09"
"8,74 : 46.17"
"8,75 : 11.4"
"8,76 : 75.01"
"8,77 : 58.46"
"8,78 : 72.53"
"8,79 : 34.13"
"8,80 : 49.37"
"8,81 : 61.03"
"8,82 : 48.04"
"8,83 : 52.04"
"8,84 : 89.2"
"8,85 : 56.22"
"8,86 : 9.43"
"8,87 : 10.77"
"8,88 : 92.61"
"8,89 : 92.78"
"8,90 : 17.69"
"8,91 : 41.11"
"8,92 : 62.65"
"8,93 : 9.49"
"8,94 : 44.55"
"8,95 : 67.54"
"8,96 : 18.11"
"8,97 : 34.93"
"8,98 : 74.4"
"8,99 : 35.81"
"9,0 : 97.91"
"9,1 : 56.86"
"9,2 : 109.04"
"9,3 : 48.1"
"9,4 : 4.0"
"9,5 : 82.13"
"9,6 : 54.23"
"9,7 : 103.32"
"9,8 : 13.42"
"9,9 : 0.0"
"9,10 : 23.54"
"9,11 : 51.48"
"9,12 : 23.41"
"9,13 : 47.38"
"9,14 : 34.44"
"9,15 : 34.21"
"9,16 : 59.41"
"9,17 : 106.4"
"9,18 : 43.42"
"9,19 : 53.46"
"9,20 : 101.14"
"9,21 : 69.0"
"9,22 : 88.87"
"9,23 : 95.82"
"9,24 : 40.31"
"9,25 : 92.66"
"9,26 : 9.22"
"9,27 : 116.67"
"9,28 : 108.93"
"9,29 : 40.05"
"9,30 : 82.38"
"9,31 : 97.51"
"9,32 : 76.55"
"9,33 : 69.64"
"9,34 : 57.14"
"9,35 : 104.66"
"9,36 : 77.2"
"9,37 : 92.48"
"9,38 : 86.01"
"9,39 : 72.03"
"9,40 : 89.02"
"9,41 : 70.66"
"9,42 : 79.43"
"9,43 : 46.04"
"9,44 : 37.44"
"9,45 : 68.0"
"9,46 : 77.03"
"9,47 : 95.08"
"9,48 : 75.24"
"9,49 : 2.24"
"9,50 : 23.35"
"9,51 : 39.29"
"9,52 : 12.81"
"9,53 : 105.55"
"9,54 : 57.04"
"9,55 : 91.66"
"9,56 : 76.01"
"9,57 : 113.17"
"9,58 : 65.92"
"9,59 : 80.21"
"9,60 : 66.01"
"9,61 : 10.0"
"9,62 : 82.86"
"9,63 : 90.47"
"9,64 : 62.97"
"9,65 : 89.04"
"9,66 : 72.2"
"9,67 : 84.08"
"9,68 : 101.83"
"9,69 : 82.73"
"9,70 : 120.92"
"9,71 : 87.02"
"9,72 : 105.44"
"9,73 : 64.2"
"9,74 : 59.46"
"9,75 : 24.7"
"9,76 : 87.69"
"9,77 : 71.57"
"9,78 : 85.73"
"9,79 : 35.51"
"9,80 : 57.87"
"9,81 : 73.11"
"9,82 : 55.79"
"9,83 : 59.67"
"9,84 : 99.32"
"9,85 : 64.29"
"9,86 : 20.02"
"9,87 : 10.2"
"9,88 : 103.45"
"9,89 : 104.29"
"9,90 : 30.61"
"9,91 : 53.08"
"9,92 : 74.06"
"9,93 : 9.49"
"9,94 : 57.38"
"9,95 : 78.77"
"9,96 : 30.27"
"9,97 : 44.72"
"9,98 : 86.56"
"9,99 : 49.09"
"10,0 : 83.45"
"10,1 : 44.1"
"10,2 : 102.16"
"10,3 : 50.36"
"10,4 : 23.02"
"10,5 : 71.02"
"10,6 : 65.31"
"10,7 : 91.84"
"10,8 : 24.04"
"10,9 : 23.54"
"10,10 : 0.0"
"10,11 : 35.38"
"10,12 : 3.16"
"10,13 : 40.26"
"10,14 : 36.88"
"10,15 : 17.2"
"10,16 : 54.34"
"10,17 : 94.02"
"10,18 : 30.02"
"10,19 : 65.3"
"10,20 : 91.07"
"10,21 : 46.27"
"10,22 : 76.4"
"10,23 : 76.48"
"10,24 : 27.73"
"10,25 : 81.84"
"10,26 : 30.02"
"10,27 : 105.95"
"10,28 : 97.65"
"10,29 : 17.26"
"10,30 : 67.94"
"10,31 : 80.21"
"10,32 : 71.57"
"10,33 : 55.32"
"10,34 : 43.83"
"10,35 : 93.74"
"10,36 : 70.84"
"10,37 : 74.09"
"10,38 : 68.24"
"10,39 : 75.24"
"10,40 : 97.27"
"10,41 : 54.49"
"10,42 : 58.52"
"10,43 : 43.1"
"10,44 : 36.06"
"10,45 : 52.33"
"10,46 : 85.73"
"10,47 : 97.01"
"10,48 : 81.79"
"10,49 : 21.84"
"10,50 : 21.84"
"10,51 : 21.21"
"10,52 : 13.34"
"10,53 : 96.25"
"10,54 : 66.85"
"10,55 : 96.75"
"10,56 : 61.62"
"10,57 : 101.83"
"10,58 : 44.94"
"10,59 : 66.84"
"10,60 : 43.19"
"10,61 : 17.26"
"10,62 : 79.08"
"10,63 : 93.02"
"10,64 : 53.23"
"10,65 : 74.25"
"10,66 : 66.1"
"10,67 : 81.39"
"10,68 : 93.94"
"10,69 : 72.95"
"10,70 : 109.86"
"10,71 : 64.07"
"10,72 : 98.62"
"10,73 : 58.24"
"10,74 : 61.07"
"10,75 : 27.86"
"10,76 : 77.9"
"10,77 : 74.11"
"10,78 : 87.02"
"10,79 : 12.04"
"10,80 : 39.41"
"10,81 : 61.59"
"10,82 : 36.36"
"10,83 : 39.82"
"10,84 : 81.84"
"10,85 : 44.78"
"10,86 : 33.3"
"10,87 : 14.76"
"10,88 : 87.32"
"10,89 : 89.81"
"10,90 : 29.27"
"10,91 : 61.35"
"10,92 : 83.17"
"10,93 : 16.12"
"10,94 : 50.29"
"10,95 : 64.44"
"10,96 : 39.82"
"10,97 : 57.98"
"10,98 : 74.63"
"10,99 : 46.17"
"11,0 : 48.08"
"11,1 : 11.0"
"11,2 : 69.86"
"11,3 : 38.42"
"11,4 : 53.24"
"11,5 : 36.77"
"11,6 : 61.59"
"11,7 : 56.94"
"11,8 : 41.98"
"11,9 : 51.48"
"11,10 : 35.38"
"11,11 : 0.0"
"11,12 : 38.29"
"11,13 : 19.1"
"11,14 : 33.53"
"11,15 : 18.44"
"11,16 : 29.55"
"11,17 : 58.82"
"11,18 : 9.0"
"11,19 : 62.77"
"11,20 : 56.86"
"11,21 : 30.41"
"11,22 : 41.34"
"11,23 : 44.91"
"11,24 : 12.04"
"11,25 : 47.42"
"11,26 : 60.37"
"11,27 : 71.2"
"11,28 : 62.77"
"11,29 : 24.04"
"11,30 : 32.56"
"11,31 : 46.07"
"11,32 : 43.29"
"11,33 : 20.0"
"11,34 : 10.05"
"11,35 : 59.06"
"11,36 : 41.01"
"11,37 : 41.11"
"11,38 : 34.54"
"11,39 : 57.45"
"11,40 : 83.82"
"11,41 : 19.42"
"11,42 : 31.58"
"11,43 : 27.02"
"11,44 : 27.86"
"11,45 : 17.03"
"11,46 : 74.41"
"11,47 : 74.63"
"11,48 : 67.8"
"11,49 : 49.24"
"11,50 : 30.41"
"11,51 : 14.21"
"11,52 : 47.01"
"11,53 : 62.39"
"11,54 : 60.8"
"11,55 : 78.71"
"11,56 : 26.25"
"11,57 : 66.89"
"11,58 : 20.59"
"11,59 : 31.62"
"11,60 : 29.07"
"11,61 : 50.22"
"11,62 : 51.35"
"11,63 : 71.87"
"11,64 : 22.02"
"11,65 : 38.9"
"11,66 : 37.22"
"11,67 : 54.74"
"11,68 : 61.13"
"11,69 : 39.56"
"11,70 : 74.95"
"11,71 : 46.14"
"11,72 : 66.49"
"11,73 : 31.05"
"11,74 : 44.2"
"11,75 : 34.0"
"11,76 : 44.27"
"11,77 : 55.57"
"11,78 : 64.85"
"11,79 : 29.55"
"11,80 : 8.54"
"11,81 : 27.51"
"11,82 : 9.9"
"11,83 : 13.04"
"11,84 : 47.85"
"11,85 : 15.52"
"11,86 : 46.01"
"11,87 : 41.59"
"11,88 : 52.43"
"11,89 : 54.45"
"11,90 : 28.16"
"11,91 : 54.41"
"11,92 : 72.86"
"11,93 : 42.05"
"11,94 : 23.77"
"11,95 : 29.07"
"11,96 : 43.93"
"11,97 : 59.62"
"11,98 : 39.82"
"11,99 : 28.28"
"12,0 : 86.31"
"12,1 : 47.17"
"12,2 : 105.31"
"12,3 : 53.24"
"12,4 : 22.36"
"12,5 : 74.09"
"12,6 : 67.62"
"12,7 : 94.87"
"12,8 : 25.61"
"12,9 : 23.41"
"12,10 : 3.16"
"12,11 : 38.29"
"12,12 : 0.0"
"12,13 : 43.42"
"12,14 : 39.62"
"12,15 : 20.25"
"12,16 : 57.49"
"12,17 : 97.01"
"12,18 : 33.12"
"12,19 : 67.54"
"12,20 : 94.15"
"12,21 : 47.68"
"12,22 : 79.4"
"12,23 : 78.77"
"12,24 : 30.87"
"12,25 : 84.91"
"12,26 : 29.07"
"12,27 : 109.0"
"12,28 : 100.69"
"12,29 : 18.97"
"12,30 : 70.84"
"12,31 : 82.8"
"12,32 : 74.73"
"12,33 : 58.26"
"12,34 : 46.87"
"12,35 : 96.8"
"12,36 : 74.0"
"12,37 : 76.55"
"12,38 : 70.8"
"12,39 : 78.16"
"12,40 : 99.92"
"12,41 : 57.28"
"12,42 : 60.54"
"12,43 : 46.17"
"12,44 : 39.01"
"12,45 : 55.17"
"12,46 : 88.32"
"12,47 : 100.02"
"12,48 : 84.53"
"12,49 : 21.93"
"12,50 : 24.52"
"12,51 : 24.08"
"12,52 : 12.0"
"12,53 : 99.36"
"12,54 : 69.29"
"12,55 : 99.61"
"12,56 : 64.54"
"12,57 : 104.86"
"12,58 : 47.01"
"12,59 : 69.81"
"12,60 : 44.55"
"12,61 : 16.0"
"12,62 : 82.23"
"12,63 : 96.01"
"12,64 : 56.36"
"12,65 : 77.1"
"12,66 : 69.26"
"12,67 : 84.53"
"12,68 : 97.08"
"12,69 : 76.06"
"12,70 : 112.89"
"12,71 : 65.28"
"12,72 : 101.77"
"12,73 : 61.4"
"12,74 : 64.03"
"12,75 : 30.36"
"12,76 : 81.01"
"12,77 : 77.06"
"12,78 : 90.05"
"12,79 : 13.15"
"12,80 : 42.01"
"12,81 : 64.66"
"12,82 : 38.83"
"12,83 : 42.19"
"12,84 : 84.4"
"12,85 : 47.17"
"12,86 : 35.0"
"12,87 : 15.62"
"12,88 : 90.03"
"12,89 : 92.66"
"12,90 : 32.14"
"12,91 : 63.89"
"12,92 : 85.73"
"12,93 : 17.03"
"12,94 : 53.45"
"12,95 : 67.36"
"12,96 : 42.05"
"12,97 : 60.03"
"12,98 : 77.67"
"12,99 : 49.25"
"13,0 : 52.39"
"13,1 : 14.14"
"13,2 : 62.65"
"13,3 : 19.42"
"13,4 : 50.33"
"13,5 : 35.0"
"13,6 : 42.94"
"13,7 : 56.08"
"13,8 : 34.83"
"13,9 : 47.38"
"13,10 : 40.26"
"13,11 : 19.1"
"13,12 : 43.42"
"13,13 : 0.0"
"13,14 : 18.25"
"13,15 : 25.0"
"13,16 : 14.14"
"13,17 : 59.41"
"13,18 : 13.93"
"13,19 : 44.28"
"13,20 : 53.76"
"13,21 : 49.52"
"13,22 : 42.19"
"13,23 : 58.14"
"13,24 : 14.14"
"13,25 : 45.34"
"13,26 : 56.57"
"13,27 : 69.3"
"13,28 : 61.62"
"13,29 : 36.67"
"13,30 : 37.64"
"13,31 : 55.58"
"13,32 : 31.32"
"13,33 : 26.17"
"13,34 : 15.3"
"13,35 : 57.31"
"13,36 : 30.87"
"13,37 : 53.0"
"13,38 : 46.0"
"13,39 : 39.4"
"13,40 : 65.19"
"13,41 : 30.07"
"13,42 : 48.85"
"13,43 : 8.06"
"13,44 : 12.37"
"13,45 : 27.07"
"13,46 : 55.44"
"13,47 : 58.69"
"13,48 : 49.09"
"13,49 : 45.28"
"13,50 : 24.08"
"13,51 : 24.52"
"13,52 : 47.89"
"13,53 : 58.26"
"13,54 : 41.88"
"13,55 : 61.1"
"13,56 : 31.78"
"13,57 : 65.86"
"13,58 : 39.41"
"13,59 : 34.54"
"13,60 : 48.1"
"13,61 : 49.93"
"13,62 : 38.83"
"13,63 : 55.32"
"13,64 : 15.81"
"13,65 : 44.27"
"13,66 : 26.0"
"13,67 : 41.3"
"13,68 : 54.92"
"13,69 : 35.36"
"13,70 : 73.55"
"13,71 : 64.9"
"13,72 : 59.06"
"13,73 : 18.03"
"13,74 : 25.55"
"13,75 : 23.85"
"13,76 : 40.31"
"13,77 : 37.7"
"13,78 : 48.66"
"13,79 : 40.05"
"13,80 : 27.2"
"13,81 : 26.42"
"13,82 : 29.0"
"13,83 : 32.02"
"13,84 : 57.56"
"13,85 : 33.62"
"13,86 : 34.93"
"13,87 : 39.41"
"13,88 : 59.48"
"13,89 : 58.6"
"13,90 : 17.2"
"13,91 : 35.51"
"13,92 : 53.81"
"13,93 : 39.2"
"13,94 : 10.3"
"13,95 : 34.21"
"13,96 : 29.27"
"13,97 : 42.2"
"13,98 : 39.66"
"13,99 : 9.22"
"14,0 : 70.23"
"14,1 : 32.02"
"14,2 : 75.29"
"14,3 : 14.14"
"14,4 : 38.08"
"14,5 : 51.88"
"14,6 : 30.48"
"14,7 : 72.4"
"14,8 : 21.02"
"14,9 : 34.44"
"14,10 : 36.88"
"14,11 : 33.53"
"14,12 : 39.62"
"14,13 : 18.25"
"14,14 : 0.0"
"14,15 : 28.43"
"14,16 : 26.25"
"14,17 : 76.16"
"14,18 : 25.08"
"14,19 : 31.11"
"14,20 : 69.2"
"14,21 : 62.27"
"14,22 : 59.51"
"14,23 : 76.01"
"14,24 : 22.83"
"14,25 : 61.59"
"14,26 : 43.05"
"14,27 : 84.81"
"14,28 : 77.67"
"14,29 : 41.4"
"14,30 : 55.79"
"14,31 : 73.82"
"14,32 : 42.64"
"14,33 : 44.41"
"14,34 : 33.0"
"14,35 : 73.24"
"14,36 : 43.84"
"14,37 : 71.06"
"14,38 : 64.07"
"14,39 : 39.05"
"14,40 : 60.44"
"14,41 : 48.01"
"14,42 : 65.0"
"14,43 : 13.04"
"14,44 : 6.0"
"14,45 : 45.01"
"14,46 : 49.04"
"14,47 : 61.66"
"14,48 : 44.91"
"14,49 : 32.7"
"14,50 : 15.13"
"14,51 : 31.14"
"14,52 : 39.32"
"14,53 : 73.0"
"14,54 : 31.06"
"14,55 : 60.13"
"14,56 : 50.01"
"14,57 : 81.84"
"14,58 : 53.85"
"14,59 : 52.5"
"14,60 : 60.21"
"14,61 : 40.02"
"14,62 : 48.55"
"14,63 : 57.31"
"14,64 : 33.24"
"14,65 : 62.36"
"14,66 : 38.9"
"14,67 : 49.65"
"14,68 : 68.59"
"14,69 : 51.31"
"14,70 : 89.2"
"14,71 : 79.2"
"14,72 : 71.7"
"14,73 : 31.24"
"14,74 : 25.5"
"14,75 : 10.2"
"14,76 : 56.04"
"14,77 : 38.21"
"14,78 : 51.97"
"14,79 : 42.06"
"14,80 : 42.06"
"14,81 : 44.01"
"14,82 : 42.54"
"14,83 : 46.24"
"14,84 : 75.8"
"14,85 : 49.04"
"14,86 : 17.8"
"14,87 : 29.43"
"14,88 : 77.62"
"14,89 : 76.32"
"14,90 : 8.06"
"14,91 : 25.06"
"14,92 : 46.62"
"14,93 : 28.64"
"14,94 : 25.94"
"14,95 : 52.39"
"14,96 : 11.05"
"14,97 : 26.42"
"14,98 : 56.8"
"14,99 : 15.62"
"15,0 : 66.48"
"15,1 : 26.93"
"15,2 : 85.44"
"15,3 : 39.4"
"15,4 : 35.47"
"15,5 : 53.85"
"15,6 : 58.9"
"15,7 : 74.63"
"15,8 : 27.17"
"15,9 : 34.21"
"15,10 : 17.2"
"15,11 : 18.44"
"15,12 : 20.25"
"15,13 : 25.0"
"15,14 : 28.43"
"15,15 : 0.0"
"15,16 : 39.05"
"15,17 : 76.84"
"15,18 : 13.0"
"15,19 : 59.46"
"15,20 : 73.93"
"15,21 : 37.11"
"15,22 : 59.2"
"15,23 : 61.68"
"15,24 : 11.18"
"15,25 : 64.66"
"15,26 : 42.72"
"15,27 : 88.75"
"15,28 : 80.45"
"15,29 : 13.04"
"15,30 : 50.91"
"15,31 : 64.14"
"15,32 : 55.73"
"15,33 : 38.21"
"15,34 : 26.63"
"15,35 : 76.55"
"15,36 : 54.57"
"15,37 : 58.6"
"15,38 : 52.35"
"15,39 : 63.06"
"15,40 : 87.32"
"15,41 : 37.8"
"15,42 : 45.4"
"15,43 : 29.83"
"15,44 : 25.06"
"15,45 : 35.47"
"15,46 : 76.48"
"15,47 : 83.49"
"15,48 : 71.31"
"15,49 : 32.02"
"15,50 : 17.46"
"15,51 : 5.1"
"15,52 : 28.6"
"15,53 : 79.18"
"15,54 : 59.41"
"15,55 : 84.9"
"15,56 : 44.55"
"15,57 : 84.63"
"15,58 : 32.06"
"15,59 : 49.68"
"15,60 : 34.48"
"15,61 : 31.91"
"15,62 : 63.51"
"15,63 : 79.91"
"15,64 : 36.4"
"15,65 : 57.31"
"15,66 : 50.01"
"15,67 : 66.19"
"15,68 : 77.08"
"15,69 : 55.9"
"15,70 : 92.66"
"15,71 : 55.11"
"15,72 : 81.93"
"15,73 : 42.43"
"15,74 : 48.76"
"15,75 : 23.32"
"15,76 : 60.83"
"15,77 : 61.61"
"15,78 : 73.44"
"15,79 : 15.13"
"15,80 : 23.77"
"15,81 : 44.42"
"15,82 : 21.59"
"15,83 : 25.5"
"15,84 : 65.86"
"15,85 : 30.08"
"15,86 : 33.84"
"15,87 : 24.04"
"15,88 : 70.8"
"15,89 : 72.86"
"15,90 : 20.52"
"15,91 : 53.25"
"15,92 : 74.3"
"15,93 : 24.74"
"15,94 : 34.37"
"15,95 : 47.38"
"15,96 : 35.81"
"15,97 : 53.91"
"15,98 : 57.43"
"15,99 : 32.56"
"16,0 : 46.53"
"16,1 : 20.0"
"16,2 : 49.65"
"16,3 : 18.25"
"16,4 : 62.68"
"16,5 : 26.93"
"16,6 : 40.45"
"16,7 : 46.53"
"16,8 : 46.23"
"16,9 : 59.41"
"16,10 : 54.34"
"16,11 : 29.55"
"16,12 : 57.49"
"16,13 : 14.14"
"16,14 : 26.25"
"16,15 : 39.05"
"16,16 : 0.0"
"16,17 : 50.57"
"16,18 : 27.17"
"16,19 : 42.3"
"16,20 : 43.01"
"16,21 : 58.82"
"16,22 : 34.93"
"16,23 : 58.82"
"16,24 : 28.0"
"16,25 : 35.78"
"16,26 : 68.41"
"16,27 : 58.6"
"16,28 : 51.62"
"16,29 : 50.25"
"16,30 : 34.13"
"16,31 : 53.34"
"16,32 : 17.46"
"16,33 : 26.4"
"16,34 : 21.4"
"16,35 : 47.17"
"16,36 : 17.8"
"16,37 : 52.89"
"16,38 : 46.17"
"16,39 : 28.43"
"16,40 : 55.23"
"16,41 : 32.25"
"16,42 : 54.2"
"16,43 : 13.45"
"16,44 : 22.02"
"16,45 : 29.68"
"16,46 : 47.01"
"16,47 : 45.35"
"16,48 : 39.62"
"16,49 : 57.43"
"16,50 : 36.72"
"16,51 : 38.12"
"16,52 : 61.33"
"16,53 : 46.75"
"16,54 : 38.08"
"16,55 : 49.24"
"16,56 : 29.83"
"16,57 : 55.76"
"16,58 : 47.63"
"16,59 : 30.02"
"16,60 : 57.98"
"16,61 : 63.06"
"16,62 : 24.74"
"16,63 : 42.38"
"16,64 : 12.08"
"16,65 : 40.0"
"16,66 : 12.81"
"16,67 : 27.17"
"16,68 : 42.52"
"16,69 : 25.5"
"16,70 : 63.01"
"16,71 : 72.14"
"16,72 : 46.04"
"16,73 : 5.0"
"16,74 : 17.0"
"16,75 : 34.83"
"16,76 : 30.02"
"16,77 : 26.4"
"16,78 : 35.44"
"16,79 : 54.0"
"16,80 : 36.06"
"16,81 : 21.02"
"16,82 : 38.95"
"16,83 : 41.05"
"16,84 : 55.33"
"16,85 : 41.11"
"16,86 : 44.05"
"16,87 : 52.35"
"16,88 : 55.08"
"16,89 : 52.17"
"16,90 : 28.84"
"16,91 : 32.39"
"16,92 : 46.04"
"16,93 : 51.97"
"16,94 : 5.83"
"16,95 : 31.4"
"16,96 : 35.85"
"16,97 : 43.19"
"16,98 : 32.02"
"16,99 : 10.63"
"17,0 : 14.0"
"17,1 : 50.25"
"17,2 : 26.91"
"17,3 : 68.35"
"17,4 : 109.04"
"17,5 : 24.41"
"17,6 : 87.3"
"17,7 : 5.1"
"17,8 : 94.2"
"17,9 : 106.4"
"17,10 : 94.02"
"17,11 : 58.82"
"17,12 : 97.01"
"17,13 : 59.41"
"17,14 : 76.16"
"17,15 : 76.84"
"17,16 : 50.57"
"17,17 : 0.0"
"17,18 : 64.44"
"17,19 : 89.44"
"17,20 : 11.7"
"17,21 : 70.04"
"17,22 : 17.69"
"17,23 : 40.26"
"17,24 : 67.21"
"17,25 : 14.87"
"17,26 : 115.62"
"17,27 : 14.04"
"17,28 : 6.32"
"17,29 : 81.99"
"17,30 : 26.83"
"17,31 : 27.89"
"17,32 : 39.32"
"17,33 : 38.83"
"17,34 : 50.33"
"17,35 : 7.21"
"17,36 : 35.69"
"17,37 : 35.36"
"17,38 : 35.06"
"17,39 : 64.01"
"17,40 : 85.38"
"17,41 : 41.15"
"17,42 : 54.08"
"17,43 : 63.13"
"17,44 : 71.02"
"17,45 : 42.54"
"17,46 : 83.38"
"17,47 : 61.47"
"17,48 : 75.24"
"17,49 : 104.24"
"17,50 : 83.1"
"17,51 : 73.01"
"17,52 : 104.74"
"17,53 : 14.87"
"17,54 : 83.86"
"17,55 : 73.38"
"17,56 : 32.76"
"17,57 : 9.06"
"17,58 : 60.17"
"17,59 : 27.2"
"17,60 : 71.59"
"17,61 : 107.49"
"17,62 : 40.11"
"17,63 : 62.94"
"17,64 : 43.6"
"17,65 : 21.84"
"17,66 : 39.56"
"17,67 : 43.42"
"17,68 : 21.1"
"17,69 : 25.08"
"17,70 : 16.76"
"17,71 : 71.25"
"17,72 : 26.25"
"17,73 : 45.69"
"17,74 : 62.37"
"17,75 : 83.23"
"17,76 : 20.88"
"17,77 : 62.0"
"17,78 : 57.49"
"17,79 : 87.98"
"17,80 : 57.25"
"17,81 : 33.3"
"17,82 : 61.27"
"17,83 : 59.62"
"17,84 : 28.46"
"17,85 : 55.36"
"17,86 : 93.81"
"17,87 : 97.62"
"17,88 : 20.12"
"17,89 : 11.18"
"17,90 : 76.61"
"17,91 : 79.62"
"17,92 : 84.15"
"17,93 : 97.67"
"17,94 : 50.25"
"17,95 : 30.02"
"17,96 : 86.31"
"17,97 : 92.44"
"17,98 : 19.85"
"17,99 : 60.83"
"18,0 : 54.82"
"18,1 : 14.21"
"18,2 : 72.45"
"18,3 : 31.89"
"18,4 : 45.49"
"18,5 : 41.05"
"18,6 : 54.2"
"18,7 : 62.01"
"18,8 : 33.24"
"18,9 : 43.42"
"18,10 : 30.02"
"18,11 : 9.0"
"18,12 : 33.12"
"18,13 : 13.93"
"18,14 : 25.08"
"18,15 : 13.0"
"18,16 : 27.17"
"18,17 : 64.44"
"18,18 : 0.0"
"18,19 : 55.22"
"18,20 : 61.06"
"18,21 : 37.44"
"18,22 : 46.75"
"18,23 : 53.76"
"18,24 : 3.16"
"18,25 : 51.87"
"18,26 : 52.48"
"18,27 : 76.03"
"18,28 : 67.8"
"18,29 : 23.09"
"18,30 : 39.2"
"18,31 : 54.23"
"18,32 : 43.19"
"18,33 : 26.4"
"18,34 : 14.14"
"18,35 : 63.82"
"18,36 : 41.77"
"18,37 : 49.73"
"18,38 : 43.01"
"18,39 : 53.31"
"18,40 : 78.89"
"18,41 : 27.31"
"18,42 : 40.45"
"18,43 : 20.81"
"18,44 : 19.72"
"18,45 : 24.6"
"18,46 : 68.82"
"18,47 : 72.37"
"18,48 : 62.77"
"18,49 : 41.18"
"18,50 : 21.59"
"18,51 : 11.0"
"18,52 : 40.31"
"18,53 : 66.24"
"18,54 : 53.81"
"18,55 : 75.03"
"18,56 : 32.8"
"18,57 : 72.01"
"18,58 : 28.79"
"18,59 : 37.48"
"18,60 : 35.61"
"18,61 : 43.19"
"18,62 : 51.09"
"18,63 : 69.12"
"18,64 : 23.41"
"18,65 : 45.8"
"18,66 : 37.34"
"18,67 : 54.0"
"18,68 : 64.08"
"18,69 : 42.94"
"18,70 : 80.0"
"18,71 : 54.13"
"18,72 : 68.95"
"18,73 : 30.02"
"18,74 : 39.36"
"18,75 : 25.0"
"18,76 : 47.89"
"18,77 : 51.62"
"18,78 : 62.37"
"18,79 : 27.17"
"18,80 : 17.26"
"18,81 : 31.62"
"18,82 : 17.46"
"18,83 : 21.19"
"18,84 : 56.08"
"18,85 : 24.33"
"18,86 : 37.01"
"18,87 : 33.84"
"18,88 : 60.03"
"18,89 : 61.22"
"18,90 : 19.24"
"18,91 : 47.42"
"18,92 : 67.01"
"18,93 : 34.13"
"18,94 : 22.0"
"18,95 : 35.61"
"18,96 : 35.17"
"18,97 : 51.43"
"18,98 : 44.82"
"18,99 : 22.83"
"19,0 : 88.02"
"19,1 : 57.94"
"19,2 : 78.71"
"19,3 : 25.3"
"19,4 : 57.43"
"19,5 : 68.03"
"19,6 : 2.24"
"19,7 : 84.72"
"19,8 : 43.01"
"19,9 : 53.46"
"19,10 : 65.3"
"19,11 : 62.77"
"19,12 : 67.54"
"19,13 : 44.28"
"19,14 : 31.11"
"19,15 : 59.46"
"19,16 : 42.3"
"19,17 : 89.44"
"19,18 : 55.22"
"19,19 : 0.0"
"19,20 : 79.56"
"19,21 : 92.66"
"19,22 : 76.06"
"19,23 : 100.66"
"19,24 : 53.41"
"19,25 : 74.81"
"19,26 : 59.0"
"19,27 : 93.92"
"19,28 : 88.77"
"19,29 : 72.35"
"19,30 : 76.42"
"19,31 : 95.63"
"19,32 : 50.22"
"19,33 : 67.91"
"19,34 : 59.24"
"19,35 : 84.4"
"19,36 : 53.76"
"19,37 : 94.92"
"19,38 : 88.07"
"19,39 : 29.41"
"19,40 : 36.35"
"19,41 : 73.08"
"19,42 : 93.11"
"19,43 : 36.25"
"19,44 : 35.61"
"19,45 : 70.21"
"19,46 : 24.52"
"19,47 : 49.82"
"19,48 : 25.55"
"19,49 : 52.77"
"19,50 : 44.1"
"19,51 : 62.24"
"19,52 : 63.32"
"19,53 : 81.27"
"19,54 : 6.4"
"19,55 : 42.05"
"19,56 : 72.01"
"19,57 : 92.44"
"19,58 : 83.35"
"19,59 : 72.25"
"19,60 : 90.8"
"19,61 : 62.37"
"19,62 : 51.62"
"19,63 : 44.82"
"19,64 : 53.94"
"19,65 : 82.15"
"19,66 : 50.25"
"19,67 : 50.09"
"19,68 : 75.03"
"19,69 : 65.28"
"19,70 : 98.35"
"19,71 : 108.91"
"19,72 : 75.58"
"19,73 : 46.04"
"19,74 : 27.17"
"19,75 : 37.74"
"19,76 : 68.73"
"19,77 : 30.53"
"19,78 : 43.19"
"19,79 : 72.42"
"19,80 : 71.2"
"19,81 : 63.29"
"19,82 : 72.4"
"19,83 : 75.8"
"19,84 : 97.62"
"19,85 : 77.83"
"19,86 : 33.96"
"19,87 : 53.76"
"19,88 : 97.02"
"19,89 : 93.19"
"19,90 : 38.95"
"19,91 : 10.0"
"19,92 : 21.38"
"19,93 : 52.5"
"19,94 : 46.1"
"19,95 : 73.68"
"19,96 : 25.5"
"19,97 : 9.06"
"19,98 : 73.06"
"19,99 : 36.06"
"20,0 : 21.1"
"20,1 : 47.01"
"20,2 : 17.46"
"20,3 : 59.94"
"20,4 : 104.06"
"20,5 : 20.12"
"20,6 : 77.37"
"20,7 : 6.71"
"20,8 : 88.41"
"20,9 : 101.14"
"20,10 : 91.07"
"20,11 : 56.86"
"20,12 : 94.15"
"20,13 : 53.76"
"20,14 : 69.2"
"20,15 : 73.93"
"20,16 : 43.01"
"20,17 : 11.7"
"20,18 : 61.06"
"20,19 : 79.56"
"20,20 : 0.0"
"20,21 : 73.01"
"20,22 : 17.03"
"20,23 : 47.85"
"20,24 : 63.51"
"20,25 : 9.49"
"20,26 : 110.32"
"20,27 : 15.62"
"20,28 : 9.22"
"20,29 : 80.78"
"20,30 : 28.02"
"20,31 : 35.85"
"20,32 : 29.41"
"20,33 : 37.64"
"20,34 : 47.41"
"20,35 : 5.0"
"20,36 : 26.4"
"20,37 : 42.15"
"20,38 : 40.02"
"20,39 : 53.08"
"20,40 : 73.76"
"20,41 : 41.59"
"20,42 : 58.55"
"20,43 : 56.22"
"20,44 : 64.54"
"20,45 : 42.2"
"20,46 : 72.11"
"20,47 : 49.77"
"20,48 : 64.03"
"20,49 : 99.04"
"20,50 : 77.83"
"20,51 : 70.66"
"20,52 : 100.8"
"20,53 : 6.0"
"20,54 : 73.76"
"20,55 : 61.68"
"20,56 : 32.56"
"20,57 : 13.0"
"20,58 : 62.2"
"20,59 : 26.48"
"20,60 : 74.11"
"20,61 : 103.23"
"20,62 : 29.02"
"20,63 : 51.24"
"20,64 : 38.42"
"20,65 : 25.5"
"20,66 : 30.89"
"20,67 : 32.06"
"20,68 : 9.9"
"20,69 : 18.44"
"20,70 : 20.0"
"20,71 : 76.9"
"20,72 : 15.81"
"20,73 : 38.01"
"20,74 : 52.81"
"20,75 : 77.16"
"20,76 : 13.45"
"20,77 : 51.16"
"20,78 : 45.89"
"20,79 : 86.41"
"20,80 : 57.01"
"20,81 : 29.53"
"20,82 : 61.13"
"20,83 : 60.21"
"20,84 : 36.89"
"20,85 : 56.57"
"20,86 : 87.01"
"20,87 : 92.96"
"20,88 : 29.73"
"20,89 : 21.26"
"20,90 : 70.72"
"20,91 : 69.92"
"20,92 : 73.01"
"20,93 : 92.85"
"20,94 : 43.86"
"20,95 : 30.27"
"20,96 : 78.77"
"20,97 : 83.22"
"20,98 : 17.46"
"20,99 : 53.6"
"21,0 : 56.29"
"21,1 : 38.83"
"21,2 : 89.2"
"21,3 : 68.77"
"21,4 : 69.12"
"21,5 : 55.58"
"21,6 : 91.61"
"21,7 : 70.35"
"21,8 : 64.13"
"21,9 : 69.0"
"21,10 : 46.27"
"21,11 : 30.41"
"21,12 : 47.68"
"21,13 : 49.52"
"21,14 : 62.27"
"21,15 : 37.11"
"21,16 : 58.82"
"21,17 : 70.04"
"21,18 : 37.44"
"21,19 : 92.66"
"21,20 : 73.01"
"21,21 : 0.0"
"21,22 : 56.0"
"21,23 : 37.2"
"21,24 : 39.45"
"21,25 : 64.03"
"21,26 : 76.24"
"21,27 : 84.01"
"21,28 : 75.66"
"21,29 : 29.07"
"21,30 : 45.0"
"21,31 : 46.1"
"21,32 : 69.46"
"21,33 : 38.33"
"21,34 : 37.44"
"21,35 : 73.25"
"21,36 : 66.13"
"21,37 : 38.01"
"21,38 : 35.44"
"21,39 : 87.2"
"21,40 : 113.85"
"21,41 : 32.56"
"21,42 : 17.49"
"21,43 : 57.38"
"21,44 : 57.14"
"21,45 : 33.24"
"21,46 : 104.74"
"21,47 : 102.42"
"21,48 : 97.95"
"21,49 : 67.01"
"21,50 : 54.41"
"21,51 : 32.57"
"21,52 : 59.54"
"21,53 : 79.01"
"21,54 : 91.05"
"21,55 : 107.91"
"21,56 : 41.3"
"21,57 : 79.08"
"21,58 : 11.7"
"21,59 : 47.17"
"21,60 : 3.16"
"21,61 : 63.51"
"21,62 : 77.25"
"21,63 : 100.24"
"21,64 : 48.76"
"21,65 : 48.37"
"21,66 : 63.56"
"21,67 : 81.15"
"21,68 : 80.22"
"21,69 : 60.02"
"21,70 : 86.68"
"21,71 : 18.11"
"21,72 : 86.37"
"21,73 : 59.17"
"21,74 : 74.41"
"21,75 : 59.81"
"21,76 : 63.51"
"21,77 : 85.21"
"21,78 : 93.06"
"21,79 : 34.53"
"21,80 : 22.8"
"21,81 : 48.76"
"21,82 : 20.52"
"21,83 : 17.8"
"21,84 : 46.96"
"21,85 : 18.38"
"21,86 : 70.88"
"21,87 : 59.03"
"21,88 : 55.15"
"21,89 : 61.4"
"21,90 : 55.46"
"21,91 : 84.65"
"21,92 : 103.25"
"21,93 : 60.07"
"21,94 : 53.01"
"21,95 : 43.1"
"21,96 : 71.59"
"21,97 : 88.68"
"21,98 : 56.08"
"21,99 : 58.69"
"22,0 : 12.04"
"22,1 : 32.56"
"22,2 : 33.54"
"22,3 : 53.15"
"22,4 : 91.44"
"22,5 : 8.06"
"22,6 : 74.03"
"22,7 : 15.65"
"22,8 : 76.84"
"22,9 : 88.87"
"22,10 : 76.4"
"22,11 : 41.34"
"22,12 : 79.4"
"22,13 : 42.19"
"22,14 : 59.51"
"22,15 : 59.2"
"22,16 : 34.93"
"22,17 : 17.69"
"22,18 : 46.75"
"22,19 : 76.06"
"22,20 : 17.03"
"22,21 : 56.0"
"22,22 : 0.0"
"22,23 : 34.06"
"22,24 : 49.52"
"22,25 : 8.25"
"22,26 : 98.08"
"22,27 : 29.97"
"22,28 : 21.47"
"22,29 : 64.85"
"22,30 : 11.0"
"22,31 : 23.6"
"22,32 : 28.16"
"22,33 : 21.47"
"22,34 : 32.65"
"22,35 : 18.03"
"22,36 : 23.77"
"22,37 : 27.8"
"22,38 : 24.17"
"22,39 : 53.85"
"22,40 : 78.29"
"22,41 : 24.74"
"22,42 : 41.98"
"22,43 : 46.62"
"22,44 : 54.12"
"22,45 : 25.63"
"22,46 : 74.04"
"22,47 : 57.63"
"22,48 : 65.8"
"22,49 : 86.68"
"22,50 : 65.6"
"22,51 : 55.47"
"22,52 : 87.05"
"22,53 : 23.02"
"22,54 : 71.01"
"22,55 : 67.74"
"22,56 : 15.81"
"22,57 : 25.55"
"22,58 : 45.18"
"22,59 : 9.85"
"22,60 : 57.08"
"22,61 : 89.81"
"22,62 : 32.25"
"22,63 : 57.69"
"22,64 : 26.42"
"22,65 : 10.0"
"22,66 : 26.08"
"22,67 : 36.36"
"22,68 : 24.74"
"22,69 : 11.4"
"22,70 : 33.62"
"22,71 : 60.73"
"22,72 : 31.05"
"22,73 : 30.41"
"22,74 : 49.0"
"22,75 : 66.04"
"22,76 : 10.63"
"22,77 : 51.66"
"22,78 : 51.11"
"22,79 : 70.71"
"22,80 : 40.5"
"22,81 : 15.81"
"22,82 : 44.6"
"22,83 : 43.42"
"22,84 : 25.24"
"22,85 : 39.62"
"22,86 : 76.94"
"22,87 : 79.98"
"22,88 : 21.59"
"22,89 : 17.26"
"22,90 : 59.36"
"22,91 : 66.07"
"22,92 : 74.22"
"22,93 : 80.06"
"22,94 : 33.62"
"22,95 : 13.34"
"22,96 : 70.01"
"22,97 : 77.93"
"22,98 : 3.0"
"22,99 : 44.6"
"23,0 : 26.93"
"23,1 : 44.05"
"23,2 : 65.31"
"23,3 : 75.5"
"23,4 : 97.14"
"23,5 : 39.05"
"23,6 : 98.95"
"23,7 : 42.72"
"23,8 : 86.88"
"23,9 : 95.82"
"23,10 : 76.48"
"23,11 : 44.91"
"23,12 : 78.77"
"23,13 : 58.14"
"23,14 : 76.01"
"23,15 : 61.68"
"23,16 : 58.82"
"23,17 : 40.26"
"23,18 : 53.76"
"23,19 : 100.66"
"23,20 : 47.85"
"23,21 : 37.2"
"23,22 : 34.06"
"23,23 : 0.0"
"23,24 : 56.89"
"23,25 : 41.62"
"23,26 : 104.4"
"23,27 : 53.76"
"23,28 : 46.57"
"23,29 : 60.21"
"23,30 : 26.63"
"23,31 : 12.37"
"23,32 : 59.64"
"23,33 : 32.76"
"23,34 : 43.01"
"23,35 : 45.88"
"23,36 : 55.22"
"23,37 : 6.4"
"23,38 : 12.65"
"23,39 : 84.12"
"23,40 : 110.14"
"23,41 : 28.07"
"23,42 : 19.85"
"23,43 : 65.49"
"23,44 : 70.01"
"23,45 : 31.06"
"23,46 : 104.2"
"23,47 : 91.29"
"23,48 : 96.18"
"23,49 : 93.61"
"23,50 : 75.31"
"23,51 : 56.65"
"23,52 : 89.47"
"23,53 : 53.31"
"23,54 : 96.84"
"23,55 : 100.6"
"23,56 : 29.15"
"23,57 : 48.84"
"23,58 : 32.2"
"23,59 : 31.06"
"23,60 : 39.82"
"23,61 : 93.11"
"23,62 : 65.3"
"23,63 : 90.91"
"23,64 : 46.84"
"23,65 : 24.08"
"23,66 : 55.57"
"23,67 : 69.53"
"23,68 : 57.31"
"23,69 : 43.93"
"23,70 : 55.23"
"23,71 : 32.25"
"23,72 : 63.53"
"23,73 : 56.08"
"23,74 : 75.61"
"23,75 : 78.52"
"23,76 : 44.6"
"23,77 : 81.88"
"23,78 : 84.02"
"23,79 : 66.57"
"23,80 : 37.95"
"23,81 : 38.91"
"23,82 : 40.31"
"23,83 : 36.67"
"23,84 : 12.04"
"23,85 : 31.78"
"23,86 : 90.55"
"23,87 : 85.7"
"23,88 : 21.02"
"23,89 : 29.43"
"23,90 : 72.25"
"23,91 : 90.96"
"23,92 : 103.79"
"23,93 : 86.33"
"23,94 : 54.57"
"23,95 : 28.18"
"23,96 : 87.0"
"23,97 : 99.98"
"23,98 : 36.07"
"23,99 : 64.94"
"24,0 : 57.8"
"24,1 : 16.97"
"24,2 : 74.46"
"24,3 : 30.81"
"24,4 : 42.44"
"24,5 : 43.6"
"24,6 : 52.5"
"24,7 : 64.66"
"24,8 : 30.08"
"24,9 : 40.31"
"24,10 : 27.73"
"24,11 : 12.04"
"24,12 : 30.87"
"24,13 : 14.14"
"24,14 : 22.83"
"24,15 : 11.18"
"24,16 : 28.0"
"24,17 : 67.21"
"24,18 : 3.16"
"24,19 : 53.41"
"24,20 : 63.51"
"24,21 : 39.45"
"24,22 : 49.52"
"24,23 : 56.89"
"24,24 : 0.0"
"24,25 : 54.41"
"24,26 : 49.4"
"24,27 : 78.6"
"24,28 : 70.43"
"24,29 : 22.56"
"24,30 : 42.2"
"24,31 : 57.38"
"24,32 : 44.55"
"24,33 : 29.41"
"24,34 : 17.03"
"24,35 : 66.4"
"24,36 : 43.42"
"24,37 : 52.89"
"24,38 : 46.17"
"24,39 : 53.14"
"24,40 : 78.29"
"24,41 : 30.46"
"24,42 : 43.29"
"24,43 : 20.12"
"24,44 : 17.8"
"24,45 : 27.73"
"24,46 : 67.96"
"24,47 : 72.84"
"24,48 : 62.18"
"24,49 : 38.08"
"24,50 : 18.44"
"24,51 : 10.44"
"24,52 : 37.54"
"24,53 : 68.6"
"24,54 : 52.33"
"24,55 : 74.95"
"24,56 : 35.81"
"24,57 : 74.65"
"24,58 : 31.32"
"24,59 : 40.36"
"24,60 : 37.44"
"24,61 : 40.31"
"24,62 : 52.35"
"24,63 : 69.43"
"24,64 : 25.5"
"24,65 : 48.83"
"24,66 : 38.83"
"24,67 : 55.08"
"24,68 : 66.21"
"24,69 : 45.28"
"24,70 : 82.62"
"24,71 : 56.46"
"24,72 : 70.94"
"24,73 : 31.26"
"24,74 : 39.0"
"24,75 : 22.02"
"24,76 : 50.25"
"24,77 : 51.55"
"24,78 : 62.8"
"24,79 : 26.0"
"24,80 : 20.1"
"24,81 : 34.21"
"24,82 : 19.92"
"24,83 : 23.77"
"24,84 : 59.24"
"24,85 : 27.17"
"24,86 : 34.0"
"24,87 : 30.81"
"24,88 : 63.13"
"24,89 : 64.2"
"24,90 : 16.49"
"24,91 : 45.97"
"24,92 : 66.03"
"24,93 : 31.06"
"24,94 : 23.19"
"24,95 : 38.6"
"24,96 : 32.57"
"24,97 : 49.24"
"24,98 : 47.51"
"24,99 : 22.47"
"25,0 : 16.64"
"25,1 : 37.74"
"25,2 : 25.32"
"25,3 : 53.49"
"25,4 : 95.46"
"25,5 : 10.82"
"25,6 : 72.69"
"25,7 : 10.82"
"25,8 : 80.16"
"25,9 : 92.66"
"25,10 : 81.84"
"25,11 : 47.42"
"25,12 : 84.91"
"25,13 : 45.34"
"25,14 : 61.59"
"25,15 : 64.66"
"25,16 : 35.78"
"25,17 : 14.87"
"25,18 : 51.87"
"25,19 : 74.81"
"25,20 : 9.49"
"25,21 : 64.03"
"25,22 : 8.25"
"25,23 : 41.62"
"25,24 : 54.41"
"25,25 : 0.0"
"25,26 : 101.86"
"25,27 : 24.21"
"25,28 : 16.28"
"25,29 : 71.31"
"25,30 : 19.1"
"25,31 : 30.41"
"25,32 : 25.0"
"25,33 : 28.16"
"25,34 : 38.08"
"25,35 : 12.04"
"25,36 : 21.1"
"25,37 : 35.51"
"25,38 : 32.31"
"25,39 : 50.36"
"25,40 : 73.39"
"25,41 : 32.25"
"25,42 : 50.22"
"25,43 : 48.55"
"25,44 : 56.61"
"25,45 : 32.76"
"25,46 : 70.21"
"25,47 : 51.31"
"25,48 : 61.98"
"25,49 : 90.52"
"25,50 : 69.31"
"25,51 : 61.29"
"25,52 : 91.83"
"25,53 : 15.3"
"25,54 : 69.35"
"25,55 : 62.17"
"25,56 : 23.19"
"25,57 : 20.52"
"25,58 : 53.04"
"25,59 : 17.12"
"25,60 : 65.01"
"25,61 : 94.37"
"25,62 : 27.2"
"25,63 : 51.88"
"25,64 : 29.7"
"25,65 : 17.89"
