x,y
58,22
11,54
44,53
13,88
17,28
11,36
77,4
94,46
99,77
21,11
96,3
18,59
56,71
83,87
83,75
57,1
36,66
29,67
63,39
52,33
50,71
95,62
59,76
93,83
17,20
71,86
44,75
68,13
41,1
55,73
0,60
56,56
3,31
71,18
31,8
95,98
96,100
93,100
5,67
61,7
48,85
39,41
93,46
15,65
5,57
99,71
40,67
16,9
37,14
87,6
17,75
24,31
96,2
42,83
23,49
29,77
68,89
90,50
14,25
51,52
46,100
11,44
94,62
22,51
81,50
61,33
86,37
11,64
89,57
42,26
42,19
0,15
26,76
14,6
56,81
9,62
25,8
66,10
49,5
86,60
55,15
22,11
68,71
16,76
28,66
10,78
27,80
44,3
13,9
91,5
15,71
84,42
50,76
17,46
33,21
78,30
32,94
1,35
78,91
72,78

Distanze
"0,0 : 0.0"
"0,1 : 56.86"
"0,2 : 34.01"
"0,3 : 79.88"
"0,4 : 41.44"
"0,5 : 49.04"
"0,6 : 26.17"
"0,7 : 43.27"
"0,8 : 68.6"
"0,9 : 38.6"
"0,10 : 42.49"
"0,11 : 54.49"
"0,12 : 49.04"
"0,13 : 69.64"
"0,14 : 58.6"
"0,15 : 21.02"
"0,16 : 49.19"
"0,17 : 53.54"
"0,18 : 17.72"
"0,19 : 12.53"
"0,20 : 49.65"
"0,21 : 54.49"
"0,22 : 54.01"
"0,23 : 70.33"
"0,24 : 41.05"
"0,25 : 65.31"
"0,26 : 54.82"
"0,27 : 13.45"
"0,28 : 27.02"
"0,29 : 51.09"
"0,30 : 69.34"
"0,31 : 34.06"
"0,32 : 55.73"
"0,33 : 13.6"
"0,34 : 30.41"
"0,35 : 84.53"
"0,36 : 86.76"
"0,37 : 85.49"
"0,38 : 69.53"
"0,39 : 15.3"
"0,40 : 63.79"
"0,41 : 26.87"
"0,42 : 42.44"
"0,43 : 60.81"
"0,44 : 63.51"
"0,45 : 63.89"
"0,46 : 48.47"
"0,47 : 43.97"
"0,48 : 22.47"
"0,49 : 33.12"
"0,50 : 67.01"
"0,51 : 35.17"
"0,52 : 42.94"
"0,53 : 63.06"
"0,54 : 44.2"
"0,55 : 62.18"
"0,56 : 67.74"
"0,57 : 42.52"
"0,58 : 44.1"
"0,59 : 30.81"
"0,60 : 78.92"
"0,61 : 51.89"
"0,62 : 53.81"
"0,63 : 46.23"
"0,64 : 36.24"
"0,65 : 11.4"
"0,66 : 31.76"
"0,67 : 63.03"
"0,68 : 46.75"
"0,69 : 16.49"
"0,70 : 16.28"
"0,71 : 58.42"
"0,72 : 62.77"
"0,73 : 46.82"
"0,74 : 59.03"
"0,75 : 63.25"
"0,76 : 35.85"
"0,77 : 14.42"
"0,78 : 19.24"
"0,79 : 47.2"
"0,80 : 7.62"
"0,81 : 37.64"
"0,82 : 50.01"
"0,83 : 68.41"
"0,84 : 53.25"
"0,85 : 73.76"
"0,86 : 65.76"
"0,87 : 23.6"
"0,88 : 46.84"
"0,89 : 37.12"
"0,90 : 65.19"
"0,91 : 32.8"
"0,92 : 54.59"
"0,93 : 47.51"
"0,94 : 25.02"
"0,95 : 21.54"
"0,96 : 76.55"
"0,97 : 58.46"
"0,98 : 71.84"
"0,99 : 57.72"
"1,0 : 56.86"
"1,1 : 0.0"
"1,2 : 33.02"
"1,3 : 34.06"
"1,4 : 26.68"
"1,5 : 18.0"
"1,6 : 82.8"
"1,7 : 83.38"
"1,8 : 90.96"
"1,9 : 44.15"
"1,10 : 99.13"
"1,11 : 8.6"
"1,12 : 48.1"
"1,13 : 79.2"
"1,14 : 75.0"
"1,15 : 70.18"
"1,16 : 27.73"
"1,17 : 22.2"
"1,18 : 54.12"
"1,19 : 46.07"
"1,20 : 42.54"
"1,21 : 84.38"
"1,22 : 52.8"
"1,23 : 86.98"
"1,24 : 34.53"
"1,25 : 68.0"
"1,26 : 39.12"
"1,27 : 70.21"
"1,28 : 60.9"
"1,29 : 47.93"
"1,30 : 12.53"
"1,31 : 45.04"
"1,32 : 24.35"
"1,33 : 69.97"
"1,34 : 50.16"
"1,35 : 94.83"
"1,36 : 96.65"
"1,37 : 94.02"
"1,38 : 14.32"
"1,39 : 68.62"
"1,40 : 48.27"
"1,41 : 30.87"
"1,42 : 82.39"
"1,43 : 11.7"
"1,44 : 6.71"
"1,45 : 89.63"
"1,46 : 31.78"
"1,47 : 45.28"
"1,48 : 47.71"
"1,49 : 89.89"
"1,50 : 21.84"
"1,51 : 26.42"
"1,52 : 99.64"
"1,53 : 42.45"
"1,54 : 13.0"
"1,55 : 29.21"
"1,56 : 66.89"
"1,57 : 79.1"
"1,58 : 29.15"
"1,59 : 40.05"
"1,60 : 57.8"
"1,61 : 10.0"
"1,62 : 83.38"
"1,63 : 11.4"
"1,64 : 70.11"
"1,65 : 54.23"
"1,66 : 76.9"
"1,67 : 10.0"
"1,68 : 78.06"
"1,69 : 41.77"
"1,70 : 46.75"
"1,71 : 40.52"
"1,72 : 26.63"
"1,73 : 48.09"
"1,74 : 52.48"
"1,75 : 8.25"
"1,76 : 48.08"
"1,77 : 70.43"
"1,78 : 62.01"
"1,79 : 75.24"
"1,80 : 58.8"
"1,81 : 44.38"
"1,82 : 59.48"
"1,83 : 22.56"
"1,84 : 20.81"
"1,85 : 24.02"
"1,86 : 30.53"
"1,87 : 60.75"
"1,88 : 45.04"
"1,89 : 93.81"
"1,90 : 17.46"
"1,91 : 73.98"
"1,92 : 44.78"
"1,93 : 10.0"
"1,94 : 39.66"
"1,95 : 71.17"
"1,96 : 45.18"
"1,97 : 21.47"
"1,98 : 76.54"
"1,99 : 65.55"
"2,0 : 34.01"
"2,1 : 33.02"
"2,2 : 0.0"
"2,3 : 46.75"
"2,4 : 36.8"
"2,5 : 37.12"
"2,6 : 59.08"
"2,7 : 50.49"
"2,8 : 60.01"
"2,9 : 47.89"
"2,10 : 72.14"
"2,11 : 26.68"
"2,12 : 21.63"
"2,13 : 51.74"
"2,14 : 44.78"
"2,15 : 53.6"
"2,16 : 15.26"
"2,17 : 20.52"
"2,18 : 23.6"
"2,19 : 21.54"
"2,20 : 18.97"
"2,21 : 51.79"
"2,22 : 27.46"
"2,23 : 57.45"
"2,24 : 42.64"
"2,25 : 42.64"
"2,26 : 22.0"
"2,27 : 46.65"
"2,28 : 52.09"
"2,29 : 22.83"
"2,30 : 44.55"
"2,31 : 12.37"
"2,32 : 46.53"
"2,33 : 44.2"
"2,34 : 46.84"
"2,35 : 68.01"
"2,36 : 70.09"
"2,37 : 67.9"
"2,38 : 41.44"
"2,39 : 49.04"
"2,40 : 32.25"
"2,41 : 13.0"
"2,42 : 49.5"
"2,43 : 31.38"
"2,44 : 39.2"
"2,45 : 57.87"
"2,46 : 14.56"
"2,47 : 52.15"
"2,48 : 39.62"
"2,49 : 63.7"
"2,50 : 34.83"
"2,51 : 29.73"
"2,52 : 72.84"
"2,53 : 30.07"
"2,54 : 21.38"
"2,55 : 28.3"
"2,56 : 43.27"
"2,57 : 46.1"
"2,58 : 41.04"
"2,59 : 7.07"
"2,60 : 47.04"
"2,61 : 34.21"
"2,62 : 50.8"
"2,63 : 22.09"
"2,64 : 37.12"
"2,65 : 26.25"
"2,66 : 44.94"
"2,67 : 34.79"
"2,68 : 45.18"
"2,69 : 27.07"
"2,70 : 34.06"
"2,71 : 58.14"
"2,72 : 29.21"
"2,73 : 55.76"
"2,74 : 30.46"
"2,75 : 36.14"
"2,76 : 48.85"
"2,77 : 48.3"
"2,78 : 48.26"
"2,79 : 42.58"
"2,80 : 39.56"
"2,81 : 47.41"
"2,82 : 30.0"
"2,83 : 36.24"
"2,84 : 20.62"
"2,85 : 42.2"
"2,86 : 31.91"
"2,87 : 50.0"
"2,88 : 53.82"
"2,89 : 67.18"
"2,90 : 34.13"
"2,91 : 41.48"
"2,92 : 23.77"
"2,93 : 27.89"
"2,94 : 33.84"
"2,95 : 41.05"
"2,96 : 42.72"
"2,97 : 46.62"
"2,98 : 50.99"
"2,99 : 37.54"
"3,0 : 79.88"
"3,1 : 34.06"
"3,2 : 46.75"
"3,3 : 0.0"
"3,4 : 60.13"
"3,5 : 52.04"
"3,6 : 105.6"
"3,7 : 91.24"
"3,8 : 86.7"
"3,9 : 77.41"
"3,10 : 118.8"
"3,11 : 29.43"
"3,12 : 46.24"
"3,13 : 70.01"
"3,14 : 71.2"
"3,15 : 97.49"
"3,16 : 31.83"
"3,17 : 26.4"
"3,18 : 70.01"
"3,19 : 67.42"
"3,20 : 40.72"
"3,21 : 86.02"
"3,22 : 47.54"
"3,23 : 80.16"
"3,24 : 68.12"
"3,25 : 58.03"
"3,26 : 33.62"
"3,27 : 93.01"
"3,28 : 91.39"
"3,29 : 44.6"
"3,30 : 30.87"
"3,31 : 53.6"
"3,32 : 57.87"
"3,33 : 90.91"
"3,34 : 82.0"
"3,35 : 82.61"
"3,36 : 83.86"
"3,37 : 80.89"
"3,38 : 22.47"
"3,39 : 94.15"
"3,40 : 35.13"
"3,41 : 53.71"
"3,42 : 90.35"
"3,43 : 23.09"
"3,44 : 32.02"
"3,45 : 87.66"
"3,46 : 34.21"
"3,47 : 79.06"
"3,48 : 77.79"
"3,49 : 110.45"
"3,50 : 13.6"
"3,51 : 58.05"
"3,52 : 119.52"
"3,53 : 29.43"
"3,54 : 40.26"
"3,55 : 19.42"
"3,56 : 55.01"
"3,57 : 85.87"
"3,58 : 63.01"
"3,59 : 52.35"
"3,60 : 35.11"
"3,61 : 44.05"
"3,62 : 85.07"
"3,63 : 38.08"
"3,64 : 77.9"
"3,65 : 73.0"
"3,66 : 89.05"
"3,67 : 24.08"
"3,68 : 82.08"
"3,69 : 68.45"
"3,70 : 74.85"
"3,71 : 74.15"
"3,72 : 17.69"
"3,73 : 82.01"
"3,74 : 43.57"
"3,75 : 26.31"
"3,76 : 80.89"
"3,77 : 94.3"
"3,78 : 90.47"
"3,79 : 78.19"
"3,80 : 84.22"
"3,81 : 77.52"
"3,82 : 57.57"
"3,83 : 12.37"
"3,84 : 26.63"
"3,85 : 10.44"
"3,86 : 16.12"
"3,87 : 90.48"
"3,88 : 79.0"
"3,89 : 113.9"
"3,90 : 17.12"
"3,91 : 84.6"
"3,92 : 38.9"
"3,93 : 42.19"
"3,94 : 69.92"
"3,95 : 87.11"
"3,96 : 19.92"
"3,97 : 54.34"
"3,98 : 65.07"
"3,99 : 59.84"
"4,0 : 41.44"
"4,1 : 26.68"
"4,2 : 36.8"
"4,3 : 60.13"
"4,4 : 0.0"
"4,5 : 10.0"
"4,6 : 64.62"
"4,7 : 79.08"
"4,8 : 95.52"
"4,9 : 17.46"
"4,10 : 82.86"
"4,11 : 31.02"
"4,12 : 58.05"
"4,13 : 88.53"
"4,14 : 81.02"
"4,15 : 48.26"
"4,16 : 42.49"
"4,17 : 40.8"
"4,18 : 47.3"
"4,19 : 35.36"
"4,20 : 54.2"
"4,21 : 85.09"
"4,22 : 63.78"
"4,23 : 93.81"
"4,24 : 8.0"
"4,25 : 79.25"
"4,26 : 54.2"
"4,27 : 53.16"
"4,28 : 36.12"
"4,29 : 58.9"
"4,30 : 36.24"
"4,31 : 48.01"
"4,32 : 14.32"
"4,33 : 54.92"
"4,34 : 24.41"
"4,35 : 104.8"
"4,36 : 106.89"
"4,37 : 104.69"
"4,38 : 40.8"
"4,39 : 48.75"
"4,40 : 64.88"
"4,41 : 25.55"
"4,42 : 78.1"
"4,43 : 37.05"
"4,44 : 31.38"
"4,45 : 92.59"
"4,46 : 45.28"
"4,47 : 19.03"
"4,48 : 24.41"
"4,49 : 73.38"
"4,50 : 47.0"
"4,51 : 7.62"
"4,52 : 83.17"
"4,53 : 60.42"
"4,54 : 21.84"
"4,55 : 50.45"
"4,56 : 79.51"
"4,57 : 76.24"
"4,58 : 4.24"
"4,59 : 41.62"
"4,60 : 77.62"
"4,61 : 17.09"
"4,62 : 84.17"
"4,63 : 23.54"
"4,64 : 67.68"
"4,65 : 44.28"
"4,66 : 69.58"
"4,67 : 36.5"
"4,68 : 77.62"
"4,69 : 25.08"
"4,70 : 26.57"
"4,71 : 21.4"
"4,72 : 48.84"
"4,73 : 22.2"
"4,74 : 65.8"
"4,75 : 34.93"
"4,76 : 21.54"
"4,77 : 52.2"
"4,78 : 39.41"
"4,79 : 76.06"
"4,80 : 40.16"
"4,81 : 17.72"
"4,82 : 66.71"
"4,83 : 48.01"
"4,84 : 39.56"
"4,85 : 50.49"
"4,86 : 52.95"
"4,87 : 36.8"
"4,88 : 19.42"
"4,89 : 77.49"
"4,90 : 43.05"
"4,91 : 68.45"
"4,92 : 58.25"
"4,93 : 18.0"
"4,94 : 17.46"
"4,95 : 61.03"
"4,96 : 67.68"
"4,97 : 17.46"
"4,98 : 87.69"
"4,99 : 74.33"
"5,0 : 49.04"
"5,1 : 18.0"
"5,2 : 37.12"
"5,3 : 52.04"
"5,4 : 10.0"
"5,5 : 0.0"
"5,6 : 73.35"
"5,7 : 83.6"
"5,8 : 97.08"
"5,9 : 26.93"
"5,10 : 91.18"
"5,11 : 24.04"
"5,12 : 57.01"
"5,13 : 88.23"
"5,14 : 81.88"
"5,15 : 57.8"
"5,16 : 39.05"
"5,17 : 35.85"
"5,18 : 52.09"
"5,19 : 41.11"
"5,20 : 52.4"
"5,21 : 87.93"
"5,22 : 62.48"
"5,23 : 94.51"
"5,24 : 17.09"
"5,25 : 78.1"
"5,26 : 51.09"
"5,27 : 61.47"
"5,28 : 46.1"
"5,29 : 57.49"
"5,30 : 26.4"
"5,31 : 49.24"
"5,32 : 9.43"
"5,33 : 62.64"
"5,34 : 34.41"
"5,35 : 104.4"
"5,36 : 106.4"
"5,37 : 104.02"
"5,38 : 31.58"
"5,39 : 57.8"
"5,40 : 61.4"
"5,41 : 28.44"
"5,42 : 82.61"
"5,43 : 29.27"
"5,44 : 21.84"
"5,45 : 94.7"
"5,46 : 42.45"
"5,47 : 27.46"
"5,48 : 34.06"
"5,49 : 81.71"
"5,50 : 39.46"
"5,51 : 13.93"
"5,52 : 91.55"
"5,53 : 56.3"
"5,54 : 17.69"
"5,55 : 44.78"
"5,56 : 77.83"
"5,57 : 80.23"
"5,58 : 11.4"
"5,59 : 43.08"
"5,60 : 72.95"
"5,61 : 8.0"
"5,62 : 86.98"
"5,63 : 18.6"
"5,64 : 71.39"
"5,65 : 50.09"
"5,66 : 75.01"
"5,67 : 28.0"
"5,68 : 80.78"
"5,69 : 32.57"
"5,70 : 35.36"
"5,71 : 23.71"
"5,72 : 42.72"
"5,73 : 30.15"
"5,74 : 63.64"
"5,75 : 26.08"
"5,76 : 31.3"
"5,77 : 60.84"
"5,78 : 49.04"
"5,79 : 78.75"
"5,80 : 48.75"
"5,81 : 27.31"
"5,82 : 66.89"
"5,83 : 40.31"
"5,84 : 34.48"
"5,85 : 42.01"
"5,86 : 46.82"
"5,87 : 46.67"
"5,88 : 27.07"
"5,89 : 85.8"
"5,90 : 35.23"
"5,91 : 73.25"
"5,92 : 55.87"
"5,93 : 11.66"
"5,94 : 26.63"
"5,95 : 67.27"
"5,96 : 61.68"
"5,97 : 10.05"
"5,98 : 86.68"
"5,99 : 74.06"
"6,0 : 26.17"
"6,1 : 82.8"
"6,2 : 59.08"
"6,3 : 105.6"
"6,4 : 64.62"
"6,5 : 73.35"
"6,6 : 0.0"
"6,7 : 45.31"
"6,8 : 76.24"
"6,9 : 56.44"
"6,10 : 19.03"
"6,11 : 80.66"
"6,12 : 70.21"
"6,13 : 83.22"
"6,14 : 71.25"
"6,15 : 20.22"
"6,16 : 74.33"
"6,17 : 79.2"
"6,18 : 37.7"
"6,19 : 38.29"
"6,20 : 72.24"
"6,21 : 60.73"
"6,22 : 74.22"
"6,23 : 80.6"
"6,24 : 62.1"
"6,25 : 82.22"
"6,26 : 78.29"
"6,27 : 12.73"
"6,28 : 36.12"
"6,29 : 72.42"
"6,30 : 95.21"
"6,31 : 56.08"
"6,32 : 78.77"
"6,33 : 15.23"
"6,34 : 46.17"
"6,35 : 95.71"
"6,36 : 97.86"
"6,37 : 97.32"
"6,38 : 95.67"
"6,39 : 16.28"
"6,40 : 86.03"
"6,41 : 53.04"
"6,42 : 44.94"
"6,43 : 86.98"
"6,44 : 89.4"
"6,45 : 70.52"
"6,46 : 73.06"
"6,47 : 61.2"
"6,48 : 41.23"
"6,49 : 10.2"
"6,50 : 92.96"
"6,51 : 59.48"
"6,52 : 19.1"
"6,53 : 86.41"
"6,54 : 70.29"
"6,55 : 87.37"
"6,56 : 85.48"
"6,57 : 47.8"
"6,58 : 66.41"
"6,59 : 54.59"
"6,60 : 100.88"
"6,61 : 77.18"
"6,62 : 60.44"
"6,63 : 72.35"
"6,64 : 46.17"
"6,65 : 33.12"
"6,66 : 34.21"
"6,67 : 89.2"
"6,68 : 54.34"
"6,69 : 41.34"
"6,70 : 38.08"
"6,71 : 77.78"
"6,72 : 88.23"
"6,73 : 63.03"
"6,74 : 79.81"
"6,75 : 89.38"
"6,76 : 52.15"
"6,77 : 12.53"
"6,78 : 28.02"
"6,79 : 56.72"
"6,80 : 24.6"
"6,81 : 55.44"
"6,82 : 67.6"
"6,83 : 94.37"
"6,84 : 79.03"
"6,85 : 99.82"
"6,86 : 90.97"
"6,87 : 33.02"
"6,88 : 64.2"
"6,89 : 14.04"
"6,90 : 91.29"
"6,91 : 38.64"
"6,92 : 76.9"
"6,93 : 73.24"
"6,94 : 47.17"
"6,95 : 26.02"
"6,96 : 100.62"
"6,97 : 82.08"
"6,98 : 87.01"
"6,99 : 74.17"
"7,0 : 43.27"
"7,1 : 83.38"
"7,2 : 50.49"
"7,3 : 91.24"
"7,4 : 79.08"
"7,5 : 83.6"
"7,6 : 45.31"
"7,7 : 0.0"
"7,8 : 31.4"
"7,9 : 80.96"
"7,10 : 43.05"
"7,11 : 77.1"
"7,12 : 45.49"
"7,13 : 42.45"
"7,14 : 31.02"
"7,15 : 58.26"
"7,16 : 61.35"
"7,17 : 68.31"
"7,18 : 31.78"
"7,19 : 43.97"
"7,20 : 50.61"
"7,21 : 16.03"
"7,22 : 46.1"
"7,23 : 37.01"
"7,24 : 81.27"
"7,25 : 46.14"
"7,26 : 57.8"
"7,27 : 42.01"
"7,28 : 69.53"
"7,29 : 47.43"
"7,30 : 95.04"
"7,31 : 39.29"
"7,32 : 92.23"
"7,33 : 36.24"
"7,34 : 73.57"
"7,35 : 52.01"
"7,36 : 54.04"
"7,37 : 54.01"
"7,38 : 91.44"
"7,39 : 51.09"
"7,40 : 60.31"
"7,41 : 55.23"
"7,42 : 1.0"
"7,43 : 81.25"
"7,44 : 89.68"
"7,45 : 25.5"
"7,46 : 57.94"
"7,47 : 86.33"
"7,48 : 65.37"
"7,49 : 40.61"
"7,50 : 82.28"
"7,51 : 71.59"
"7,52 : 44.05"
"7,53 : 63.82"
"7,54 : 71.06"
"7,55 : 72.01"
"7,56 : 50.25"
"7,57 : 5.66"
"7,58 : 82.71"
"7,59 : 43.42"
"7,60 : 72.25"
"7,61 : 83.02"
"7,62 : 16.0"
"7,63 : 72.17"
"7,64 : 13.6"
"7,65 : 35.47"
"7,66 : 12.04"
"7,67 : 84.93"
"7,68 : 12.08"
"7,69 : 55.71"
"7,70 : 58.59"
"7,71 : 98.98"
"7,72 : 74.32"
"7,73 : 89.44"
"7,74 : 51.66"
"7,75 : 86.49"
"7,76 : 78.77"
"7,77 : 45.61"
"7,78 : 60.88"
"7,79 : 16.12"
"7,80 : 49.82"
"7,81 : 80.06"
"7,82 : 36.07"
"7,83 : 83.57"
"7,84 : 68.96"
"7,85 : 89.89"
"7,86 : 75.13"
"7,87 : 65.95"
"7,88 : 89.05"
"7,89 : 41.11"
"7,90 : 82.86"
"7,91 : 10.77"
"7,92 : 53.25"
"7,93 : 77.0"
"7,94 : 65.92"
"7,95 : 22.63"
"7,96 : 78.41"
"7,97 : 93.65"
"7,98 : 47.76"
"7,99 : 38.83"
"8,0 : 68.6"
"8,1 : 90.96"
"8,2 : 60.01"
"8,3 : 86.7"
"8,4 : 95.52"
"8,5 : 97.08"
"8,6 : 76.24"
"8,7 : 31.4"
"8,8 : 0.0"
"8,9 : 102.18"
"8,10 : 74.06"
"8,11 : 82.98"
"8,12 : 43.42"
"8,13 : 18.87"
"8,14 : 16.12"
"8,15 : 86.83"
"8,16 : 63.95"
"8,17 : 70.71"
"8,18 : 52.35"
"8,19 : 64.38"
"8,20 : 49.37"
"8,21 : 15.52"
"8,22 : 40.01"
"8,23 : 8.49"
"8,24 : 99.86"
"8,25 : 29.41"
"8,26 : 55.04"
"8,27 : 71.11"
"8,28 : 95.6"
"8,29 : 44.18"
"8,30 : 100.45"
"8,31 : 47.85"
"8,32 : 106.45"
"8,33 : 65.31"
"8,34 : 96.88"
"8,35 : 21.38"
"8,36 : 23.19"
"8,37 : 23.77"
"8,38 : 94.53"
"8,39 : 79.65"
"8,40 : 51.62"
"8,41 : 69.97"
"8,42 : 31.58"
"8,43 : 84.85"
"8,44 : 96.1"
"8,45 : 6.0"
"8,46 : 59.84"
"8,47 : 107.3"
"8,48 : 88.39"
"8,49 : 72.01"
"8,50 : 82.02"
"8,51 : 87.98"
"8,52 : 75.06"
"8,53 : 57.31"
"8,54 : 80.99"
"8,55 : 70.0"
"8,56 : 33.24"
"8,57 : 28.46"
"8,58 : 99.64"
"8,59 : 54.12"
"8,60 : 57.78"
"8,61 : 93.98"
"8,62 : 15.81"
"8,63 : 81.27"
"8,64 : 32.45"
"8,65 : 58.14"
"8,66 : 42.06"
"8,67 : 88.96"
"8,68 : 22.36"
"8,69 : 76.49"
"8,70 : 81.32"
"8,71 : 116.81"
"8,72 : 73.01"
"8,73 : 110.75"
"8,74 : 43.19"
"8,75 : 91.24"
"8,76 : 101.18"
"8,77 : 74.69"
"8,78 : 87.66"
"8,79 : 21.4"
"8,80 : 76.03"
"8,81 : 101.41"
"8,82 : 31.58"
"8,83 : 83.01"
"8,84 : 71.85"
"8,85 : 89.01"
"8,86 : 72.06"
"8,87 : 92.2"
"8,88 : 109.64"
"8,89 : 72.44"
"8,90 : 84.21"
"8,91 : 38.08"
"8,92 : 49.01"
"8,93 : 87.66"
"8,94 : 86.56"
"8,95 : 51.48"
"8,96 : 69.12"
"8,97 : 106.62"
"8,98 : 25.24"
"8,99 : 27.02"
"9,0 : 38.6"
"9,1 : 44.15"
"9,2 : 47.89"
"9,3 : 77.41"
"9,4 : 17.46"
"9,5 : 26.93"
"9,6 : 56.44"
"9,7 : 80.96"
"9,8 : 102.18"
"9,9 : 0.0"
"9,10 : 75.43"
"9,11 : 48.09"
"9,12 : 69.46"
"9,13 : 98.08"
"9,14 : 89.11"
"9,15 : 37.36"
"9,16 : 57.01"
"9,17 : 56.57"
"9,18 : 50.48"
"9,19 : 38.01"
"9,20 : 66.64"
"9,21 : 89.87"
"9,22 : 75.29"
"9,23 : 101.82"
"9,24 : 9.85"
"9,25 : 90.14"
"9,26 : 68.01"
"9,27 : 47.04"
"9,28 : 22.36"
"9,29 : 70.71"
"9,30 : 53.31"
"9,31 : 57.01"
"9,32 : 26.91"
"9,33 : 50.49"
"9,34 : 10.44"
"9,35 : 114.21"
"9,36 : 116.39"
"9,37 : 114.48"
"9,38 : 58.24"
"9,39 : 40.2"
"9,40 : 78.77"
"9,41 : 34.99"
"9,42 : 80.06"
"9,43 : 54.33"
"9,44 : 48.7"
"9,45 : 98.41"
"9,46 : 59.14"
"9,47 : 5.39"
"9,48 : 16.28"
"9,49 : 66.19"
"9,50 : 64.12"
"9,51 : 20.22"
"9,52 : 75.54"
"9,53 : 75.0"
"9,54 : 38.05"
"9,55 : 66.48"
"9,56 : 91.07"
"9,57 : 79.26"
"9,58 : 15.65"
"9,59 : 50.8"
"9,60 : 92.44"
"9,61 : 34.48"
"9,62 : 89.05"
"9,63 : 40.01"
"9,64 : 71.56"
"9,65 : 45.65"
"9,66 : 70.01"
"9,67 : 53.94"
"9,68 : 82.1"
"9,69 : 25.81"
"9,70 : 22.47"
"9,71 : 21.38"
"9,72 : 65.19"
"9,73 : 8.6"
"9,74 : 78.26"
"9,75 : 52.39"
"9,76 : 5.0"
"9,77 : 45.01"
"9,78 : 28.64"
"9,79 : 81.4"
"9,80 : 34.23"
"9,81 : 1.0"
"9,82 : 76.22"
"9,83 : 65.19"
"9,84 : 55.44"
"9,85 : 67.9"
"9,86 : 69.26"
"9,87 : 24.35"
"9,88 : 8.25"
"9,89 : 70.26"
"9,90 : 60.3"
"9,91 : 70.21"
"9,92 : 71.18"
"9,93 : 35.23"
"9,94 : 15.62"
"9,95 : 60.08"
"9,96 : 83.73"
"9,97 : 31.24"
"9,98 : 98.23"
"9,99 : 84.2"
"10,0 : 42.49"
"10,1 : 99.13"
"10,2 : 72.14"
"10,3 : 118.8"
"10,4 : 82.86"
"10,5 : 91.18"
"10,6 : 19.03"
"10,7 : 43.05"
"10,8 : 74.06"
"10,9 : 75.43"
"10,10 : 0.0"
"10,11 : 96.02"
"10,12 : 78.89"
"10,13 : 85.0"
"10,14 : 73.16"
"10,15 : 39.05"
"10,16 : 87.0"
"10,17 : 92.66"
"10,18 : 48.84"
"10,19 : 53.25"
"10,20 : 82.1"
"10,21 : 59.01"
"10,22 : 81.84"
"10,23 : 80.06"
"10,24 : 80.81"
"10,25 : 86.68"
"10,26 : 88.81"
"10,27 : 29.73"
"10,28 : 55.04"
"10,29 : 81.12"
"10,30 : 111.65"
"10,31 : 66.4"
"10,32 : 97.12"
"10,33 : 29.15"
"10,34 : 65.19"
"10,35 : 95.01"
"10,36 : 97.0"
"10,37 : 97.05"
"10,38 : 111.25"
"10,39 : 35.23"
"10,40 : 95.02"
"10,41 : 68.51"
"10,42 : 43.1"
"10,43 : 102.0"
"10,44 : 105.82"
"10,45 : 68.07"
"10,46 : 85.04"
"10,47 : 80.22"
"10,48 : 60.02"
"10,49 : 9.49"
"10,50 : 106.89"
"10,51 : 77.25"
"10,52 : 1.0"
"10,53 : 96.52"
"10,54 : 86.28"
"10,55 : 99.82"
"10,56 : 90.44"
"10,57 : 47.38"
"10,58 : 84.9"
"10,59 : 66.53"
"10,60 : 109.13"
"10,61 : 94.37"
"10,62 : 59.03"
"10,63 : 88.2"
"10,64 : 49.34"
"10,65 : 46.1"
"10,66 : 35.44"
"10,67 : 104.62"
"10,68 : 54.45"
"10,69 : 58.69"
"10,70 : 56.32"
"10,71 : 96.75"
"10,72 : 101.14"
"10,73 : 82.05"
"10,74 : 87.66"
"10,75 : 105.12"
"10,76 : 71.18"
"10,77 : 30.81"
"10,78 : 47.04"
"10,79 : 57.87"
"10,80 : 42.72"
"10,81 : 74.43"
"10,82 : 73.54"
"10,83 : 108.3"
"10,84 : 92.7"
"10,85 : 114.11"
"10,86 : 103.39"
"10,87 : 52.0"
"10,88 : 83.22"
"10,89 : 5.39"
"10,90 : 105.76"
"10,91 : 40.8"
"10,92 : 86.28"
"10,93 : 89.94"
"10,94 : 65.52"
"10,95 : 32.45"
"10,96 : 111.25"
"10,97 : 100.24"
"10,98 : 89.82"
"10,99 : 78.75"
"11,0 : 54.49"
"11,1 : 8.6"
"11,2 : 26.68"
"11,3 : 29.43"
"11,4 : 31.02"
"11,5 : 24.04"
"11,6 : 80.66"
"11,7 : 77.1"
"11,8 : 82.98"
"11,9 : 48.09"
"11,10 : 96.02"
"11,11 : 0.0"
"11,12 : 39.85"
"11,13 : 70.77"
"11,14 : 66.94"
"11,15 : 69.89"
"11,16 : 19.31"
"11,17 : 13.6"
"11,18 : 49.24"
"11,19 : 42.8"
"11,20 : 34.18"
"11,21 : 77.06"
"11,22 : 44.38"
"11,23 : 78.75"
"11,24 : 39.01"
"11,25 : 59.48"
"11,26 : 30.53"
"11,27 : 67.94"
"11,28 : 62.39"
"11,29 : 39.56"
"11,30 : 18.03"
"11,31 : 38.12"
"11,32 : 31.76"
"11,33 : 67.01"
"11,34 : 52.63"
"11,35 : 86.31"
"11,36 : 88.12"
"11,37 : 85.48"
"11,38 : 15.26"
"11,39 : 67.48"
"11,40 : 39.7"
"11,41 : 27.66"
"11,42 : 76.12"
"11,43 : 6.71"
"11,44 : 13.15"
"11,45 : 81.88"
"11,46 : 23.41"
"11,47 : 50.04"
"11,48 : 48.85"
"11,49 : 87.01"
"11,50 : 16.03"
"11,51 : 28.64"
"11,52 : 96.61"
"11,53 : 33.94"
"11,54 : 11.18"
"11,55 : 21.1"
"11,56 : 58.31"
"11,57 : 72.56"
"11,58 : 34.23"
"11,59 : 33.73"
"11,60 : 49.65"
"11,61 : 16.55"
"11,62 : 76.06"
"11,63 : 8.94"
"11,64 : 63.64"
"11,65 : 50.25"
"11,66 : 71.47"
"11,67 : 8.6"
"11,68 : 71.03"
"11,69 : 40.8"
"11,70 : 46.65"
"11,71 : 47.54"
"11,72 : 18.79"
"11,73 : 53.15"
"11,74 : 43.91"
"11,75 : 9.49"
"11,76 : 51.48"
"11,77 : 68.59"
"11,78 : 62.27"
"11,79 : 68.01"
"11,80 : 57.49"
"11,81 : 48.17"
"11,82 : 51.42"
"11,83 : 17.12"
"11,84 : 12.21"
"11,85 : 20.62"
"11,86 : 22.85"
"11,87 : 61.74"
"11,88 : 50.25"
"11,89 : 90.8"
"11,90 : 12.37"
"11,91 : 68.15"
"11,92 : 36.24"
"11,93 : 13.04"
"11,94 : 40.85"
"11,95 : 66.64"
"11,96 : 37.7"
"11,97 : 29.41"
"11,98 : 68.0"
"11,99 : 57.25"
"12,0 : 49.04"
"12,1 : 48.1"
"12,2 : 21.63"
"12,3 : 46.24"
"12,4 : 58.05"
"12,5 : 57.01"
"12,6 : 70.21"
"12,7 : 45.49"
"12,8 : 43.42"
"12,9 : 69.46"
"12,10 : 78.89"
"12,11 : 39.85"
"12,12 : 0.0"
"12,13 : 31.38"
"12,14 : 27.29"
"12,15 : 70.01"
"12,16 : 20.62"
"12,17 : 27.29"
"12,18 : 32.76"
"12,19 : 38.21"
"12,20 : 6.0"
"12,21 : 40.02"
"12,22 : 5.83"
"12,23 : 38.9"
"12,24 : 64.2"
"12,25 : 21.21"
"12,26 : 12.65"
"12,27 : 59.23"
"12,28 : 71.59"
"12,29 : 2.24"
"12,30 : 57.07"
"12,31 : 15.0"
"12,32 : 66.4"
"12,33 : 55.08"
"12,34 : 67.78"
"12,35 : 47.43"
"12,36 : 49.41"
"12,37 : 47.01"
"12,38 : 51.16"
"12,39 : 64.2"
"12,40 : 16.12"
"12,41 : 34.48"
"12,42 : 44.65"
"12,43 : 41.44"
"12,44 : 52.89"
"12,45 : 43.0"
"12,46 : 16.49"
"12,47 : 73.78"
"12,48 : 60.08"
"12,49 : 72.01"
"12,50 : 39.2"
"12,51 : 51.22"
"12,52 : 79.76"
"12,53 : 18.44"
"12,54 : 39.66"
"12,55 : 27.66"
"12,56 : 21.63"
"12,57 : 39.96"
"12,58 : 62.29"
"12,59 : 19.65"
"12,60 : 30.68"
"12,61 : 52.48"
"12,62 : 39.05"
"12,63 : 39.45"
"12,64 : 32.65"
"12,65 : 38.33"
"12,66 : 45.34"
"12,67 : 45.54"
"12,68 : 35.85"
"12,69 : 47.13"
"12,70 : 53.85"
"12,71 : 79.2"
"12,72 : 30.41"
"12,73 : 77.39"
"12,74 : 10.0"
"12,75 : 47.85"
"12,76 : 70.21"
"12,77 : 61.81"
"12,78 : 66.37"
"12,79 : 31.95"
"12,80 : 56.01"
"12,81 : 68.96"
"12,82 : 12.0"
"12,83 : 40.31"
"12,84 : 28.44"
"12,85 : 46.53"
"12,86 : 30.36"
"12,87 : 69.05"
"12,88 : 75.45"
"12,89 : 74.71"
"12,90 : 41.0"
"12,91 : 40.31"
"12,92 : 7.81"
"12,93 : 46.32"
"12,94 : 55.04"
"12,95 : 46.53"
"12,96 : 33.24"
"12,97 : 65.73"
"12,98 : 29.73"
"12,99 : 17.46"
"13,0 : 69.64"
"13,1 : 79.2"
"13,2 : 51.74"
"13,3 : 70.01"
"13,4 : 88.53"
"13,5 : 88.23"
"13,6 : 83.22"
"13,7 : 42.45"
"13,8 : 18.87"
"13,9 : 98.08"
"13,10 : 85.0"
"13,11 : 70.77"
"13,12 : 31.38"
"13,13 : 0.0"
"13,14 : 12.0"
"13,15 : 89.84"
"13,16 : 51.48"
"13,17 : 57.58"
"13,18 : 52.0"
"13,19 : 62.27"
"13,20 : 36.67"
"13,21 : 27.73"
"13,22 : 26.4"
"13,23 : 10.77"
"13,24 : 94.05"
"13,25 : 12.04"
"13,26 : 40.8"
"13,27 : 75.5"
"13,28 : 95.71"
"13,29 : 31.3"
"13,30 : 87.28"
"13,31 : 41.11"
"13,32 : 97.65"
"13,33 : 70.04"
"13,34 : 94.58"
"13,35 : 16.28"
"13,36 : 18.38"
"13,37 : 16.4"
"13,38 : 80.52"
"13,39 : 82.97"
"13,40 : 35.06"
"13,41 : 63.66"
"13,42 : 42.2"
"13,43 : 71.47"
"13,44 : 83.57"
"13,45 : 22.63"
"13,46 : 47.42"
"13,47 : 102.83"
"13,48 : 86.28"
"13,49 : 81.1"
"13,50 : 67.08"
"13,51 : 81.34"
"13,52 : 85.99"
"13,53 : 41.19"
"13,54 : 71.02"
"13,55 : 54.92"
"13,56 : 15.13"
"13,57 : 37.66"
"13,58 : 92.76"
"13,59 : 47.42"
"13,60 : 39.22"
"13,61 : 83.86"
"13,62 : 27.31"
"13,63 : 70.83"
"13,64 : 37.05"
"13,65 : 58.31"
"13,66 : 50.09"
"13,67 : 75.58"
"13,68 : 30.59"
"13,69 : 73.5"
"13,70 : 79.4"
"13,71 : 109.88"
"13,72 : 58.05"
"13,73 : 106.4"
"13,74 : 27.66"
"13,75 : 78.11"
"13,76 : 98.01"
"13,77 : 78.85"
"13,78 : 88.77"
"13,79 : 27.17"
"13,80 : 77.25"
"13,81 : 97.45"
"13,82 : 21.93"
"13,83 : 67.9"
"13,84 : 58.87"
"13,85 : 73.55"
"13,86 : 56.44"
"13,87 : 92.61"
"13,88 : 104.8"
"13,89 : 82.39"
"13,90 : 69.86"
"13,91 : 45.01"
"13,92 : 34.79"
"13,93 : 77.7"
"13,94 : 82.8"
"13,95 : 57.22"
"13,96 : 51.48"
"13,97 : 97.1"
"13,98 : 6.4"
"13,99 : 14.21"
"14,0 : 58.6"
"14,1 : 75.0"
"14,2 : 44.78"
"14,3 : 71.2"
"14,4 : 81.02"
"14,5 : 81.88"
"14,6 : 71.25"
"14,7 : 31.02"
"14,8 : 16.12"
"14,9 : 89.11"
"14,10 : 73.16"
"14,11 : 66.94"
"14,12 : 27.29"
"14,13 : 12.0"
"14,14 : 0.0"
"14,15 : 78.43"
"14,16 : 47.85"
"14,17 : 54.59"
"14,18 : 41.18"
"14,19 : 52.2"
"14,20 : 33.24"
"14,21 : 17.69"
"14,22 : 24.02"
"14,23 : 12.81"
"14,24 : 85.91"
"14,25 : 16.28"
"14,26 : 39.0"
"14,27 : 63.79"
"14,28 : 85.09"
"14,29 : 28.07"
"14,30 : 84.34"
"14,31 : 33.02"
"14,32 : 91.3"
"14,33 : 58.25"
"14,34 : 84.81"
"14,35 : 25.94"
"14,36 : 28.18"
"14,37 : 26.93"
"14,38 : 78.41"
"14,39 : 71.47"
"14,40 : 36.4"
"14,41 : 55.61"
"14,42 : 30.68"
"14,43 : 68.73"
"14,44 : 80.05"
"14,45 : 16.49"
"14,46 : 43.74"
"14,47 : 94.05"
"14,48 : 76.4"
"14,49 : 69.12"
"14,50 : 66.0"
"14,51 : 73.6"
"14,52 : 74.15"
"14,53 : 41.77"
"14,54 : 65.39"
"14,55 : 54.04"
"14,56 : 20.52"
"14,57 : 25.96"
"14,58 : 85.21"
"14,59 : 39.41"
"14,60 : 44.65"
"14,61 : 78.39"
"14,62 : 17.03"
"14,63 : 65.55"
"14,64 : 25.08"
"14,65 : 47.41"
"14,66 : 38.12"
"14,67 : 72.84"
"14,68 : 18.97"
"14,69 : 63.89"
"14,70 : 69.4"
"14,71 : 102.42"
"14,72 : 57.01"
"14,73 : 97.58"
"14,74 : 27.66"
"14,75 : 75.13"
"14,76 : 88.62"
"14,77 : 67.19"
"14,78 : 77.82"
"14,79 : 15.3"
"14,80 : 66.21"
"14,81 : 88.41"
"14,82 : 15.52"
"14,83 : 67.01"
"14,84 : 55.73"
"14,85 : 73.06"
"14,86 : 56.22"
"14,87 : 81.88"
"14,88 : 96.21"
"14,89 : 70.46"
"14,90 : 68.12"
"14,91 : 33.02"
"14,92 : 33.02"
"14,93 : 72.09"
"14,94 : 73.59"
"14,95 : 45.28"
"14,96 : 54.42"
"14,97 : 91.24"
"14,98 : 16.76"
"14,99 : 11.4"
"15,0 : 21.02"
"15,1 : 70.18"
"15,2 : 53.6"
"15,3 : 97.49"
"15,4 : 48.26"
"15,5 : 57.8"
"15,6 : 20.22"
"15,7 : 58.26"
"15,8 : 86.83"
"15,9 : 37.36"
"15,10 : 39.05"
"15,11 : 69.89"
"15,12 : 70.01"
"15,13 : 89.84"
"15,14 : 78.43"
"15,15 : 0.0"
"15,16 : 68.31"
"15,17 : 71.69"
"15,18 : 38.47"
"15,19 : 32.39"
"15,20 : 70.35"
"15,21 : 71.87"
"15,22 : 75.03"
"15,23 : 89.55"
"15,24 : 44.28"
"15,25 : 86.15"
"15,26 : 75.13"
"15,27 : 16.28"
"15,28 : 16.0"
"15,29 : 72.03"
"15,30 : 82.04"
"15,31 : 55.01"
"15,32 : 61.77"
"15,33 : 22.02"
"15,34 : 26.93"
"15,35 : 104.18"
"15,36 : 106.4"
"15,37 : 105.34"
"15,38 : 84.02"
"15,39 : 7.21"
"15,40 : 84.48"
"15,41 : 43.86"
"15,42 : 57.63"
"15,43 : 76.55"
"15,44 : 76.42"
"15,45 : 81.63"
"15,46 : 68.15"
"15,47 : 41.77"
"15,48 : 23.85"
"15,49 : 30.41"
"15,50 : 84.12"
"15,51 : 44.6"
"15,52 : 39.01"
"15,53 : 83.36"
"15,54 : 58.82"
"15,55 : 80.99"
"15,56 : 88.68"
"15,57 : 59.08"
"15,58 : 49.24"
"15,59 : 51.35"
"15,60 : 99.61"
"15,61 : 62.97"
"15,62 : 71.34"
"15,63 : 61.03"
"15,64 : 54.56"
"15,65 : 32.25"
"15,66 : 46.23"
"15,67 : 78.01"
"15,68 : 64.5"
"15,69 : 29.15"
"15,70 : 23.43"
"15,71 : 58.69"
"15,72 : 81.15"
"15,73 : 43.29"
"15,74 : 80.01"
"15,75 : 77.62"
"15,76 : 32.76"
"15,77 : 12.73"
"15,78 : 8.94"
"15,79 : 65.74"
"15,80 : 14.14"
"15,81 : 36.4"
"15,82 : 70.86"
"15,83 : 85.48"
"15,84 : 71.18"
"15,85 : 90.21"
"15,86 : 84.5"
"15,87 : 13.15"
"15,88 : 44.72"
"15,89 : 34.23"
"15,90 : 81.63"
"15,91 : 49.09"
"15,92 : 75.33"
"15,93 : 60.21"
"15,94 : 31.24"
"15,95 : 35.81"
"15,96 : 96.3"
"15,97 : 65.51"
"15,98 : 92.42"
"15,99 : 78.45"
"16,0 : 49.19"
"16,1 : 27.73"
"16,2 : 15.26"
"16,3 : 31.83"
"16,4 : 42.49"
"16,5 : 39.05"
"16,6 : 74.33"
"16,7 : 61.35"
"16,8 : 63.95"
"16,9 : 57.01"
"16,10 : 87.0"
"16,11 : 19.31"
"16,12 : 20.62"
"16,13 : 51.48"
"16,14 : 47.85"
"16,15 : 68.31"
"16,16 : 0.0"
"16,17 : 7.07"
"16,18 : 38.18"
"16,19 : 36.67"
"16,20 : 14.87"
"16,21 : 59.14"
"16,22 : 25.08"
"16,23 : 59.48"
"16,24 : 49.77"
"16,25 : 40.31"
"16,26 : 12.04"
"16,27 : 61.91"
"16,28 : 65.19"
"16,29 : 20.25"
"16,30 : 36.5"
"16,31 : 22.36"
"16,32 : 48.1"
"16,33 : 59.41"
"16,34 : 58.22"
"16,35 : 67.12"
"16,36 : 68.96"
"16,37 : 66.37"
"16,38 : 31.02"
"16,39 : 64.08"
"16,40 : 22.47"
"16,41 : 25.18"
"16,42 : 60.41"
"16,43 : 21.02"
"16,44 : 32.28"
"16,45 : 63.2"
"16,46 : 4.12"
"16,47 : 60.41"
"16,48 : 52.01"
"16,49 : 78.75"
"16,50 : 21.02"
"16,51 : 37.0"
"16,52 : 87.73"
"16,53 : 18.03"
"16,54 : 21.4"
"16,55 : 13.04"
"16,56 : 39.41"
"16,57 : 56.32"
"16,58 : 46.53"
"16,59 : 20.52"
"16,60 : 35.44"
"16,61 : 33.3"
"16,62 : 58.14"
"16,63 : 20.52"
"16,64 : 47.76"
"16,65 : 41.4"
"16,66 : 57.8"
"16,67 : 25.08"
"16,68 : 53.76"
"16,69 : 40.45"
"16,70 : 47.38"
"16,71 : 62.43"
"16,72 : 14.14"
"16,73 : 63.91"
"16,74 : 25.0"
"16,75 : 27.29"
"16,76 : 59.03"
"16,77 : 63.53"
"16,78 : 62.37"
"16,79 : 50.36"
"16,80 : 54.42"
"16,81 : 56.75"
"16,82 : 32.39"
"16,83 : 22.36"
"16,84 : 8.0"
"16,85 : 28.64"
"16,86 : 16.64"
"16,87 : 63.51"
"16,88 : 61.47"
"16,89 : 82.13"
"16,90 : 21.59"
"16,91 : 53.67"
"16,92 : 17.2"
"16,93 : 27.59"
"16,94 : 45.1"
"16,95 : 55.32"
"16,96 : 28.28"
"16,97 : 46.75"
"16,98 : 48.88"
"16,99 : 37.95"
"17,0 : 53.54"
"17,1 : 22.2"
"17,2 : 20.52"
"17,3 : 26.4"
"17,4 : 40.8"
"17,5 : 35.85"
"17,6 : 79.2"
"17,7 : 68.31"
"17,8 : 70.71"
"17,9 : 56.57"
"17,10 : 92.66"
"17,11 : 13.6"
"17,12 : 27.29"
"17,13 : 57.58"
"17,14 : 54.59"
"17,15 : 71.69"
"17,16 : 7.07"
"17,17 : 0.0"
"17,18 : 44.05"
"17,19 : 41.05"
"17,20 : 21.38"
"17,21 : 66.19"
"17,22 : 31.32"
"17,23 : 65.97"
"17,24 : 48.51"
"17,25 : 46.1"
"17,26 : 17.0"
"17,27 : 66.61"
"17,28 : 67.08"
"17,29 : 26.68"
"17,30 : 29.83"
"17,31 : 29.15"
"17,32 : 44.41"
"17,33 : 64.54"
"17,34 : 59.03"
"17,35 : 72.92"
"17,36 : 74.69"
"17,37 : 72.01"
"17,38 : 24.0"
"17,39 : 68.0"
"17,40 : 26.17"
"17,41 : 27.86"
"17,42 : 67.36"
"17,43 : 14.14"
"17,44 : 26.0"
"17,45 : 70.11"
"17,46 : 11.0"
"17,47 : 59.44"
"17,48 : 53.6"
"17,49 : 84.17"
"17,50 : 14.42"
"17,51 : 36.35"
"17,52 : 93.35"
"17,53 : 20.62"
"17,54 : 18.97"
"17,55 : 10.0"
"17,56 : 44.78"
"17,57 : 63.32"
"17,58 : 44.6"
"17,59 : 26.63"
"17,60 : 37.12"
"17,61 : 29.21"
"17,62 : 65.19"
"17,63 : 17.46"
"17,64 : 54.71"
"17,65 : 46.69"
"17,66 : 64.41"
"17,67 : 18.25"
"17,68 : 60.83"
"17,69 : 43.01"
"17,70 : 49.73"
"17,71 : 59.54"
"17,72 : 9.49"
"17,73 : 62.82"
"17,74 : 30.41"
"17,75 : 20.62"
"17,76 : 59.14"
"17,77 : 67.96"
"17,78 : 65.15"
"17,79 : 57.43"
"17,80 : 58.14"
"17,81 : 56.44"
"17,82 : 39.2"
"17,83 : 15.81"
"17,84 : 1.41"
"17,85 : 21.95"
"17,86 : 13.15"
"17,87 : 65.73"
"17,88 : 60.17"
"17,89 : 87.68"
"17,90 : 14.56"
"17,91 : 60.42"
"17,92 : 22.85"
"17,93 : 24.19"
"17,94 : 46.17"
"17,95 : 61.4"
"17,96 : 27.17"
"17,97 : 42.52"
"17,98 : 54.56"
"17,99 : 44.38"
"18,0 : 17.72"
"18,1 : 54.12"
"18,2 : 23.6"
"18,3 : 70.01"
"18,4 : 47.3"
"18,5 : 52.09"
"18,6 : 37.7"
"18,7 : 31.78"
"18,8 : 52.35"
"18,9 : 50.48"
"18,10 : 48.84"
"18,11 : 49.24"
"18,12 : 32.76"
"18,13 : 52.0"
"18,14 : 41.18"
"18,15 : 38.47"
"18,16 : 38.18"
"18,17 : 44.05"
"18,18 : 0.0"
"18,19 : 12.53"
"18,20 : 34.54"
"18,21 : 39.41"
"18,22 : 37.22"
"18,23 : 53.25"
"18,24 : 49.77"
"18,25 : 47.68"
"18,26 : 40.71"
"18,27 : 26.48"
"18,28 : 43.91"
"18,29 : 34.93"
"18,30 : 66.41"
"18,31 : 18.38"
"18,32 : 60.53"
"18,33 : 22.47"
"18,34 : 44.55"
"18,35 : 67.12"
"18,36 : 69.35"
"18,37 : 67.98"
"18,38 : 64.4"
"18,39 : 32.06"
"18,40 : 48.38"
"18,41 : 24.08"
"18,42 : 30.81"
"18,43 : 54.59"
"18,44 : 60.73"
"18,45 : 48.17"
"18,46 : 36.24"
"18,47 : 55.76"
"18,48 : 36.07"
"18,49 : 40.8"
"18,50 : 58.41"
"18,51 : 39.81"
"18,52 : 49.58"
"18,53 : 48.75"
"18,54 : 41.23"
"18,55 : 50.99"
"18,56 : 50.25"
"18,57 : 29.15"
"18,58 : 50.96"
"18,59 : 17.69"
"18,60 : 63.32"
"18,61 : 52.24"
"18,62 : 38.6"
"18,63 : 42.72"
"18,64 : 21.1"
"18,65 : 6.32"
"18,66 : 23.09"
"18,67 : 57.7"
"18,68 : 31.62"
"18,69 : 24.7"
"18,70 : 29.0"
"18,71 : 67.42"
"18,72 : 52.33"
"18,73 : 59.08"
"18,74 : 42.58"
"18,75 : 58.69"
"18,76 : 49.04"
"18,77 : 29.15"
"18,78 : 36.77"
"18,79 : 31.14"
"18,80 : 25.3"
"18,81 : 49.65"
"18,82 : 32.39"
"18,83 : 59.82"
"18,84 : 44.2"
"18,85 : 65.8"
"18,86 : 54.56"
"18,87 : 40.71"
"18,88 : 58.31"
"18,89 : 44.05"
"18,90 : 57.69"
"18,91 : 21.21"
"18,92 : 39.22"
"18,93 : 46.53"
"18,94 : 34.99"
"18,95 : 17.49"
"18,96 : 63.13"
"18,97 : 62.13"
"18,98 : 54.12"
"18,99 : 40.02"
"19,0 : 12.53"
"19,1 : 46.07"
"19,2 : 21.54"
"19,3 : 67.42"
"19,4 : 35.36"
"19,5 : 41.11"
"19,6 : 38.29"
"19,7 : 43.97"
"19,8 : 64.38"
"19,9 : 38.01"
"19,10 : 53.25"
"19,11 : 42.8"
"19,12 : 38.21"
"19,13 : 62.27"
"19,14 : 52.2"
"19,15 : 32.39"
"19,16 : 36.67"
"19,17 : 41.05"
"19,18 : 12.53"
"19,19 : 0.0"
"19,20 : 38.05"
"19,21 : 51.87"
"19,22 : 43.57"
"19,23 : 64.66"
"19,24 : 37.34"
"19,25 : 56.3"
"19,26 : 42.76"
"19,27 : 25.61"
"19,28 : 33.84"
"19,29 : 40.11"
"19,30 : 58.59"
"19,31 : 23.35"
"19,32 : 49.04"
"19,33 : 24.21"
"19,34 : 32.65"
"19,35 : 77.94"
"19,36 : 80.16"
"19,37 : 78.55"
"19,38 : 58.01"
"19,39 : 27.51"
"19,40 : 52.15"
"19,41 : 15.26"
"19,42 : 43.01"
"19,43 : 48.92"
"19,44 : 52.77"
"19,45 : 60.44"
"19,46 : 36.06"
"19,47 : 43.27"
"19,48 : 24.21"
"19,49 : 44.2"
"19,50 : 54.67"
"19,51 : 28.07"
"19,52 : 53.82"
"19,53 : 50.99"
"19,54 : 33.12"
"19,55 : 49.65"
"19,56 : 58.24"
"19,57 : 41.63"
"19,58 : 38.83"
"19,59 : 19.03"
"19,60 : 67.27"
"19,61 : 42.45"
"19,62 : 51.04"
"19,63 : 34.99"
"19,64 : 33.62"
"19,65 : 9.0"
"19,66 : 34.23"
"19,67 : 51.4"
"19,68 : 44.1"
"19,69 : 12.21"
"19,70 : 17.2"
"19,71 : 55.03"
"19,72 : 50.25"
"19,73 : 46.62"
"19,74 : 48.17"
"19,75 : 51.87"
"19,76 : 36.8"
"19,77 : 26.93"
"19,78 : 28.16"
"19,79 : 43.42"
"19,80 : 18.25"
"19,81 : 37.2"
"19,82 : 41.23"
"19,83 : 56.08"
"19,84 : 40.8"
"19,85 : 61.55"
"19,86 : 53.24"
"19,87 : 31.05"
"19,88 : 45.79"
"19,89 : 48.01"
"19,90 : 53.04"
"19,91 : 33.24"
"19,92 : 43.05"
"19,93 : 37.34"
"19,94 : 22.47"
"19,95 : 26.17"
"19,96 : 64.2"
"19,97 : 51.04"
"19,98 : 63.56"
"19,99 : 49.24"
"20,0 : 49.65"
"20,1 : 42.54"
"20,2 : 18.97"
"20,3 : 40.72"
"20,4 : 54.2"
"20,5 : 52.4"
"20,6 : 72.24"
"20,7 : 50.61"
"20,8 : 49.37"
"20,9 : 66.64"
"20,10 : 82.1"
"20,11 : 34.18"
"20,12 : 6.0"
"20,13 : 36.67"
"20,14 : 33.24"
"20,15 : 70.35"
"20,16 : 14.87"
"20,17 : 21.38"
"20,18 : 34.54"
"20,19 : 38.05"
"20,20 : 0.0"
"20,21 : 45.89"
"20,22 : 10.3"
"20,23 : 44.64"
"20,24 : 60.75"
"20,25 : 25.81"
"20,26 : 7.21"
"20,27 : 60.73"
"20,28 : 70.58"
"20,29 : 5.39"
"20,30 : 51.2"
"20,31 : 16.16"
"20,32 : 61.72"
"20,33 : 57.01"
"20,34 : 65.8"
"20,35 : 52.48"
"20,36 : 54.38"
"20,37 : 51.87"
"20,38 : 45.18"
"20,39 : 64.94"
"20,40 : 14.14"
"20,41 : 31.95"
"20,42 : 49.74"
"20,43 : 35.51"
"20,44 : 47.13"
"20,45 : 49.0"
"20,46 : 10.77"
"20,47 : 70.71"
"20,48 : 58.46"
"20,49 : 74.79"
"20,50 : 33.24"
"20,51 : 47.71"
"20,52 : 82.93"
"20,53 : 14.42"
"20,54 : 34.83"
"20,55 : 21.84"
"20,56 : 25.46"
"20,57 : 45.18"
"20,58 : 58.41"
"20,59 : 19.03"
"20,60 : 29.27"
"20,61 : 47.43"
"20,62 : 44.91"
"20,63 : 34.41"
"20,64 : 37.44"
"20,65 : 39.56"
"20,66 : 49.52"
"20,67 : 39.62"
"20,68 : 41.44"
"20,69 : 45.71"
"20,70 : 52.61"
"20,71 : 75.07"
"20,72 : 24.52"
"20,73 : 74.3"
"20,74 : 11.66"
"20,75 : 41.98"
"20,76 : 67.78"
"20,77 : 63.06"
"20,78 : 66.01"
"20,79 : 37.64"
"20,80 : 56.22"
"20,81 : 66.21"
"20,82 : 18.0"
"20,83 : 34.37"
"20,84 : 22.56"
"20,85 : 40.61"
"20,86 : 24.7"
"20,87 : 68.26"
"20,88 : 72.2"
"20,89 : 77.7"
"20,90 : 35.0"
"20,91 : 44.69"
"20,92 : 5.0"
"20,93 : 41.4"
"20,94 : 52.81"
"20,95 : 49.65"
"20,96 : 29.21"
"20,97 : 60.8"
"20,98 : 34.41"
"20,99 : 23.09"
"21,0 : 54.49"
"21,1 : 84.38"
"21,2 : 51.79"
"21,3 : 86.02"
"21,4 : 85.09"
"21,5 : 87.93"
"21,6 : 60.73"
"21,7 : 16.03"
"21,8 : 15.52"
"21,9 : 89.87"
"21,10 : 59.01"
"21,11 : 77.06"
"21,12 : 40.02"
"21,13 : 27.73"
"21,14 : 17.69"
"21,15 : 71.87"
"21,16 : 59.14"
"21,17 : 66.19"
"21,18 : 39.41"
"21,19 : 51.87"
"21,20 : 45.89"
"21,21 : 0.0"
"21,22 : 38.63"
"21,23 : 21.1"
"21,24 : 88.59"
"21,25 : 33.94"
"21,26 : 52.63"
"21,27 : 55.95"
"21,28 : 81.47"
"21,29 : 41.48"
"21,30 : 95.02"
"21,31 : 39.46"
"21,32 : 97.08"
"21,33 : 50.12"
"21,34 : 83.74"
"21,35 : 36.0"
"21,36 : 38.01"
"21,37 : 38.05"
"21,38 : 90.14"
"21,39 : 64.66"
"21,40 : 52.33"
"21,41 : 59.81"
"21,42 : 16.12"
"21,43 : 80.06"
"21,44 : 90.14"
"21,45 : 9.85"
"21,46 : 55.23"
"21,47 : 95.13"
"21,48 : 75.29"
"21,49 : 56.57"
"21,50 : 79.08"
"21,51 : 77.47"
"21,52 : 60.01"
"21,53 : 57.01"
"21,54 : 73.16"
"21,55 : 67.68"
"21,56 : 38.18"
"21,57 : 13.0"
"21,58 : 89.05"
"21,59 : 45.12"
"21,60 : 62.01"
"21,61 : 85.91"
"21,62 : 1.0"
"21,63 : 73.82"
"21,64 : 18.44"
"21,65 : 44.69"
"21,66 : 26.57"
"21,67 : 84.02"
"21,68 : 7.81"
"21,69 : 64.07"
"21,70 : 68.25"
"21,71 : 105.99"
"21,72 : 70.41"
"21,73 : 98.47"
"21,74 : 43.38"
"21,75 : 86.0"
"21,76 : 88.41"
"21,77 : 59.54"
"21,78 : 73.25"
"21,79 : 9.22"
"21,80 : 61.72"
"21,81 : 89.05"
"21,82 : 28.46"
"21,83 : 80.23"
"21,84 : 67.12"
"21,85 : 86.49"
"21,86 : 70.34"
"21,87 : 77.99"
"21,88 : 97.64"
"21,89 : 57.14"
"21,90 : 80.5"
"21,91 : 22.83"
"21,92 : 47.13"
"21,93 : 79.62"
"21,94 : 74.33"
"21,95 : 36.24"
"21,96 : 70.66"
"21,97 : 97.8"
"21,98 : 33.62"
"21,99 : 28.02"
"22,0 : 54.01"
"22,1 : 52.8"
"22,2 : 27.46"
"22,3 : 47.54"
"22,4 : 63.78"
"22,5 : 62.48"
"22,6 : 74.22"
"22,7 : 46.1"
"22,8 : 40.01"
"22,9 : 75.29"
"22,10 : 81.84"
"22,11 : 44.38"
"22,12 : 5.83"
"22,13 : 26.4"
"22,14 : 24.02"
"22,15 : 75.03"
"22,16 : 25.08"
"22,17 : 31.32"
"22,18 : 37.22"
"22,19 : 43.57"
"22,20 : 10.3"
"22,21 : 38.63"
"22,22 : 0.0"
"22,23 : 34.71"
"22,24 : 70.0"
"22,25 : 15.62"
"22,26 : 15.03"
"22,27 : 63.64"
"22,28 : 77.13"
"22,29 : 5.0"
"22,30 : 61.13"
"22,31 : 20.22"
"22,32 : 71.84"
"22,33 : 59.23"
"22,34 : 73.54"
"22,35 : 42.19"
"22,36 : 44.1"
"22,37 : 41.62"
"22,38 : 54.74"
"22,39 : 69.03"
"22,40 : 14.21"
"22,41 : 40.31"
"22,42 : 45.34"
"22,43 : 45.35"
"22,44 : 57.25"
"22,45 : 40.31"
"22,46 : 21.02"
"22,47 : 79.61"
"22,48 : 65.79"
"22,49 : 75.39"
"22,50 : 42.01"
"22,51 : 57.01"
"22,52 : 82.73"
"22,53 : 18.38"
"22,54 : 45.0"
"22,55 : 30.02"
"22,56 : 15.81"
"22,57 : 40.46"
"22,58 : 68.01"
"22,59 : 25.3"
"22,60 : 27.29"
"22,61 : 57.69"
"22,62 : 37.7"
"22,63 : 44.65"
"22,64 : 34.06"
"22,65 : 43.05"
"22,66 : 47.43"
"22,67 : 49.48"
"22,68 : 35.51"
"22,69 : 52.81"
"22,70 : 59.48"
"22,71 : 84.86"
"22,72 : 33.0"
"22,73 : 83.22"
"22,74 : 5.83"
"22,75 : 51.92"
"22,76 : 76.03"
"22,77 : 66.37"
"22,78 : 71.7"
"22,79 : 31.38"
"22,80 : 61.13"
"22,81 : 74.79"
"22,82 : 10.3"
"22,83 : 43.0"
"22,84 : 32.57"
"22,85 : 49.04"
"22,86 : 32.25"
"22,87 : 74.53"
"22,88 : 81.27"
"22,89 : 77.88"
"22,90 : 44.28"
"22,91 : 42.2"
"22,92 : 9.0"
"22,93 : 51.61"
"22,94 : 60.84"
"22,95 : 49.77"
"22,96 : 32.45"
"22,97 : 71.03"
"22,98 : 24.21"
"22,99 : 13.15"
"23,0 : 70.33"
"23,1 : 86.98"
"23,2 : 57.45"
"23,3 : 80.16"
"23,4 : 93.81"
"23,5 : 94.51"
"23,6 : 80.6"
"23,7 : 37.01"
"23,8 : 8.49"
"23,9 : 101.82"
"23,10 : 80.06"
"23,11 : 78.75"
"23,12 : 38.9"
"23,13 : 10.77"
"23,14 : 12.81"
"23,15 : 89.55"
"23,16 : 59.48"
"23,17 : 65.97"
"23,18 : 53.25"
"23,19 : 64.66"
"23,20 : 44.64"
"23,21 : 21.1"
"23,22 : 34.71"
"23,23 : 0.0"
"23,24 : 98.72"
"23,25 : 22.2"
"23,26 : 49.65"
"23,27 : 74.33"
"23,28 : 97.1"
"23,29 : 39.29"
"23,30 : 95.8"
"23,31 : 45.8"
"23,32 : 103.94"
"23,33 : 68.62"
"23,34 : 97.31"
"23,35 : 15.13"
"23,36 : 17.26"
"23,37 : 17.0"
"23,38 : 89.44"
"23,39 : 82.46"
"23,40 : 45.04"
"23,41 : 68.41"
"23,42 : 37.0"
"23,43 : 80.05"
"23,44 : 91.76"
"23,45 : 13.42"
"23,46 : 55.36"
"23,47 : 106.79"
"23,48 : 88.87"
"23,49 : 77.23"
"23,50 : 76.42"
"23,51 : 86.4"
"23,52 : 81.06"
"23,53 : 51.0"
"23,54 : 77.82"
"23,55 : 64.28"
"23,56 : 25.71"
"23,57 : 33.14"
"23,58 : 98.01"
"23,59 : 52.2"
"23,60 : 49.98"
"23,61 : 90.8"
"23,62 : 21.02"
"23,63 : 77.88"
"23,64 : 35.11"
"23,65 : 59.36"
"23,66 : 46.53"
"23,67 : 84.17"
"23,68 : 26.31"
"23,69 : 76.49"
"23,70 : 81.84"
"23,71 : 115.21"
"23,72 : 67.36"
"23,73 : 110.32"
"23,74 : 37.05"
"23,75 : 86.59"
"23,76 : 101.24"
"23,77 : 77.83"
"23,78 : 89.55"
"23,79 : 24.04"
"23,80 : 77.9"
"23,81 : 101.12"
"23,82 : 27.73"
"23,83 : 77.32"
"23,84 : 67.19"
"23,85 : 83.15"
"23,86 : 66.07"
"23,87 : 93.81"
"23,88 : 108.98"
"23,89 : 78.03"
"23,90 : 78.92"
"23,91 : 41.98"
"23,92 : 43.57"
"23,93 : 84.53"
"23,94 : 86.28"
"23,95 : 55.08"
"23,96 : 61.98"
"23,97 : 103.77"
"23,98 : 17.0"
"23,99 : 21.59"
"24,0 : 41.05"
"24,1 : 34.53"
"24,2 : 42.64"
"24,3 : 68.12"
"24,4 : 8.0"
"24,5 : 17.09"
"24,6 : 62.1"
"24,7 : 81.27"
"24,8 : 99.86"
"24,9 : 9.85"
"24,10 : 80.81"
"24,11 : 39.01"
"24,12 : 64.2"
"24,13 : 94.05"
"24,14 : 85.91"
"24,15 : 44.28"
"24,16 : 49.77"
"24,17 : 48.51"
"24,18 : 49.77"
"24,19 : 37.34"
"24,20 : 60.75"
"24,21 : 88.59"
"24,22 : 70.0"
"24,23 : 98.72"
"24,24 : 0.0"
"24,25 : 85.28"
"24,26 : 61.27"
"24,27 : 51.48"
"24,28 : 30.61"
"24,29 : 65.22"
"24,30 : 43.46"
"24,31 : 53.08"
"24,32 : 17.8"
"24,33 : 54.04"
"24,34 : 18.44"
"24,35 : 110.31"
"24,36 : 112.43"
"24,37 : 110.34"
"24,38 : 48.51"
"24,39 : 45.88"
"24,40 : 72.01"
"24,41 : 30.41"
"24,42 : 80.32"
"24,43 : 45.04"
"24,44 : 38.9"
"24,45 : 96.57"
"24,46 : 52.33"
"24,47 : 11.05"
"24,48 : 20.88"
"24,49 : 71.39"
"24,50 : 55.0"
"24,51 : 13.04"
"24,52 : 81.02"
"24,53 : 67.78"
"24,54 : 29.61"
"24,55 : 58.25"
"24,56 : 85.8"
"24,57 : 78.92"
"24,58 : 5.83"
"24,59 : 46.69"
"24,60 : 85.09"
"24,61 : 24.74"
"24,62 : 87.71"
"24,63 : 31.4"
"24,64 : 70.68"
"24,65 : 45.88"
"24,66 : 71.06"
"24,67 : 44.41"
"24,68 : 80.95"
"24,69 : 25.71"
"24,70 : 25.02"
"24,71 : 17.72"
"24,72 : 56.72"
"24,73 : 14.32"
"24,74 : 72.4"
"24,75 : 42.76"
"24,76 : 14.42"
"24,77 : 50.01"
"24,78 : 35.34"
"24,79 : 79.76"
"24,80 : 38.33"
"24,81 : 10.3"
"24,82 : 72.12"
"24,83 : 56.01"
"24,84 : 47.3"
"24,85 : 58.42"
"24,86 : 60.83"
"24,87 : 31.91"
"24,88 : 11.7"
"24,89 : 75.5"
"24,90 : 51.04"
"24,91 : 70.52"
"24,92 : 65.0"
"24,93 : 26.0"
"24,94 : 16.03"
"24,95 : 61.81"
"24,96 : 75.5"
"24,97 : 21.93"
"24,98 : 93.61"
"24,99 : 79.93"
"25,0 : 65.31"
"25,1 : 68.0"
"25,2 : 42.64"
"25,3 : 58.03"
"25,4 : 79.25"
"25,5 : 78.1"
"25,6 : 82.22"
"25,7 : 46.14"
"25,8 : 29.41"
"25,9 : 90.14"
"25,10 : 86.68"
"25,11 : 59.48"
"25,12 : 21.21"
"25,13 : 12.04"
"25,14 : 16.28"
"25,15 : 86.15"
"25,16 : 40.31"
"25,17 : 46.1"
"25,18 : 47.68"
"25,19 : 56.3"
"25,20 : 25.81"
"25,21 : 33.94"
"25,22 : 15.62"
"25,23 : 22.2"
"25,24 : 85.28"
"25,25 : 0.0"
"25,26 : 29.15"
"25,27 : 73.06"
"25,28 : 90.14"
"25,29 : 20.62"
"25,30 : 75.61"
"25,31 : 33.54"
"25,32 : 87.46"
"25,33 : 68.0"
"25,34 : 87.66"
"25,35 : 26.83"
"25,36 : 28.65"
"25,37 : 26.08"
"25,38 : 68.68"
"25,39 : 79.63"
"25,40 : 23.02"
"25,41 : 55.22"
"25,42 : 45.65"
"25,43 : 59.81"
"25,44 : 72.09"
"25,45 : 31.76"
"25,46 : 36.36"
"25,47 : 94.63"
"25,48 : 79.62"
"25,49 : 81.58"
"25,50 : 55.11"
"25,51 : 72.35"
"25,52 : 87.64"
"25,53 : 29.15"
"25,54 : 60.61"
"25,55 : 42.95"
"25,56 : 4.24"
"25,57 : 40.71"
"25,58 : 83.49"
"25,59 : 39.45"
"25,60 : 28.65"
"25,61 : 73.24"
"25,62 : 33.24"
"25,63 : 60.22"
"25,64 : 37.36"
"25,65 : 53.94"
"25,66 : 51.24"
