x,y
4,88
65,19
7,91
47,77
75,62
66,82
22,82
12,74
19,67
55,48
69,52
98,26
11,77
59,100
33,80
56,72
59,71
4,29
54,31
59,15
9,87
29,12
62,97
99,61
33,65
73,35
76,30
40,43
29,93
6,63
43,80
52,9
7,38
69,66
10,49
83,88
33,77
64,27
33,33
17,6
2,83
12,30
16,98
89,28
92,42
3,28
55,91
18,50
36,50
43,24
38,33
52,8
60,0
60,43
29,27
19,47
77,9
56,81
92,73
58,37
56,54
91,8
66,75
29,97
99,79
57,47
25,9
90,27
68,69
87,34
41,78
53,13
19,11
19,83
64,66
17,86
46,57
57,55
65,72
64,86
93,27
55,80
25,82
23,52
91,26
1,17
46,66
28,72
38,9
25,77
20,2
97,38
13,8
60,5
33,56
48,58
49,77
3,66
57,17
48,62

Distanze
"0,0 : 0.0"
"0,1 : 75.43"
"0,2 : 6.0"
"0,3 : 66.29"
"0,4 : 83.73"
"0,5 : 22.09"
"0,6 : 27.73"
"0,7 : 52.15"
"0,8 : 60.88"
"0,9 : 60.07"
"0,10 : 62.29"
"0,11 : 52.39"
"0,12 : 46.53"
"0,13 : 9.22"
"0,14 : 61.59"
"0,15 : 22.2"
"0,16 : 68.36"
"0,17 : 17.46"
"0,18 : 38.42"
"0,19 : 18.6"
"0,20 : 4.0"
"0,21 : 46.32"
"0,22 : 72.5"
"0,23 : 44.72"
"0,24 : 1.0"
"0,25 : 73.0"
"0,26 : 94.79"
"0,27 : 84.85"
"0,28 : 63.63"
"0,29 : 88.77"
"0,30 : 16.28"
"0,31 : 36.12"
"0,32 : 98.01"
"0,33 : 82.64"
"0,34 : 9.22"
"0,35 : 51.43"
"0,36 : 78.55"
"0,37 : 77.88"
"0,38 : 63.13"
"0,39 : 59.09"
"0,40 : 86.01"
"0,41 : 100.5"
"0,42 : 97.2"
"0,43 : 41.76"
"0,44 : 33.53"
"0,45 : 82.42"
"0,46 : 99.4"
"0,47 : 47.85"
"0,48 : 104.66"
"0,49 : 32.2"
"0,50 : 53.76"
"0,51 : 102.9"
"0,52 : 12.17"
"0,53 : 29.73"
"0,54 : 75.43"
"0,55 : 64.41"
"0,56 : 85.48"
"0,57 : 64.85"
"0,58 : 78.03"
"0,59 : 23.77"
"0,60 : 56.04"
"0,61 : 62.37"
"0,62 : 94.4"
"0,63 : 81.74"
"0,64 : 60.21"
"0,65 : 45.01"
"0,66 : 26.48"
"0,67 : 81.93"
"0,68 : 74.25"
"0,69 : 49.09"
"0,70 : 74.25"
"0,71 : 61.62"
"0,72 : 76.24"
"0,73 : 23.6"
"0,74 : 65.92"
"0,75 : 76.84"
"0,76 : 87.73"
"0,77 : 44.18"
"0,78 : 31.32"
"0,79 : 72.01"
"0,80 : 52.8"
"0,81 : 107.71"
"0,82 : 65.46"
"0,83 : 18.79"
"0,84 : 55.07"
"0,85 : 102.2"
"0,86 : 70.68"
"0,87 : 61.19"
"0,88 : 25.32"
"0,89 : 65.07"
"0,90 : 51.87"
"0,91 : 96.88"
"0,92 : 78.87"
"0,93 : 38.47"
"0,94 : 77.62"
"0,95 : 48.09"
"0,96 : 19.85"
"0,97 : 78.0"
"0,98 : 59.46"
"0,99 : 50.6"
"1,0 : 75.43"
"1,1 : 0.0"
"1,2 : 80.21"
"1,3 : 60.3"
"1,4 : 15.23"
"1,5 : 61.4"
"1,6 : 51.89"
"1,7 : 31.14"
"1,8 : 62.0"
"1,9 : 63.35"
"1,10 : 55.08"
"1,11 : 59.54"
"1,12 : 52.01"
"1,13 : 74.25"
"1,14 : 26.48"
"1,15 : 53.26"
"1,16 : 69.26"
"1,17 : 81.69"
"1,18 : 38.91"
"1,19 : 76.97"
"1,20 : 77.99"
"1,21 : 29.73"
"1,22 : 18.38"
"1,23 : 57.01"
"1,24 : 74.81"
"1,25 : 13.6"
"1,26 : 22.8"
"1,27 : 64.08"
"1,28 : 15.52"
"1,29 : 74.09"
"1,30 : 91.55"
"1,31 : 55.04"
"1,32 : 22.83"
"1,33 : 24.76"
"1,34 : 81.54"
"1,35 : 36.01"
"1,36 : 39.7"
"1,37 : 69.86"
"1,38 : 43.19"
"1,39 : 71.18"
"1,40 : 23.85"
"1,41 : 25.81"
"1,42 : 21.95"
"1,43 : 61.98"
"1,44 : 45.8"
"1,45 : 8.06"
"1,46 : 24.19"
"1,47 : 39.85"
"1,48 : 30.53"
"1,49 : 45.18"
"1,50 : 42.19"
"1,51 : 28.23"
"1,52 : 66.89"
"1,53 : 76.54"
"1,54 : 0.0"
"1,55 : 17.12"
"1,56 : 61.74"
"1,57 : 66.07"
"1,58 : 27.59"
"1,59 : 72.45"
"1,60 : 57.71"
"1,61 : 34.06"
"1,62 : 29.15"
"1,63 : 62.03"
"1,64 : 59.0"
"1,65 : 58.03"
"1,66 : 61.59"
"1,67 : 26.17"
"1,68 : 33.6"
"1,69 : 62.03"
"1,70 : 33.6"
"1,71 : 14.32"
"1,72 : 71.18"
"1,73 : 79.88"
"1,74 : 36.5"
"1,75 : 5.0"
"1,76 : 23.71"
"1,77 : 55.08"
"1,78 : 70.09"
"1,79 : 65.0"
"1,80 : 37.01"
"1,81 : 32.56"
"1,82 : 68.07"
"1,83 : 92.66"
"1,84 : 22.83"
"1,85 : 26.93"
"1,86 : 33.62"
"1,87 : 48.76"
"1,88 : 61.29"
"1,89 : 14.0"
"1,90 : 42.05"
"1,91 : 23.77"
"1,92 : 3.61"
"1,93 : 57.01"
"1,94 : 2.24"
"1,95 : 62.01"
"1,96 : 55.61"
"1,97 : 21.4"
"1,98 : 27.17"
"1,99 : 43.01"
"2,0 : 6.0"
"2,1 : 80.21"
"2,2 : 0.0"
"2,3 : 72.18"
"2,4 : 89.01"
"2,5 : 28.07"
"2,6 : 30.81"
"2,7 : 55.61"
"2,8 : 66.71"
"2,9 : 60.07"
"2,10 : 63.15"
"2,11 : 58.25"
"2,12 : 47.8"
"2,13 : 14.32"
"2,14 : 65.0"
"2,15 : 27.29"
"2,16 : 68.01"
"2,17 : 20.62"
"2,18 : 42.43"
"2,19 : 15.81"
"2,20 : 7.21"
"2,21 : 51.48"
"2,22 : 78.0"
"2,23 : 50.64"
"2,24 : 6.08"
"2,25 : 77.08"
"2,26 : 99.01"
"2,27 : 90.8"
"2,28 : 68.88"
"2,29 : 94.59"
"2,30 : 13.0"
"2,31 : 42.11"
"2,32 : 102.9"
"2,33 : 88.26"
"2,34 : 3.61"
"2,35 : 54.38"
"2,36 : 80.96"
"2,37 : 83.68"
"2,38 : 69.12"
"2,39 : 64.62"
"2,40 : 91.55"
"2,41 : 105.0"
"2,42 : 102.08"
"2,43 : 47.54"
"2,44 : 39.29"
"2,45 : 87.37"
"2,46 : 104.29"
"2,47 : 53.76"
"2,48 : 109.04"
"2,49 : 36.07"
"2,50 : 55.95"
"2,51 : 107.91"
"2,52 : 14.42"
"2,53 : 34.41"
"2,54 : 80.21"
"2,55 : 69.78"
"2,56 : 91.44"
"2,57 : 70.6"
"2,58 : 81.27"
"2,59 : 22.2"
"2,60 : 56.57"
"2,61 : 68.25"
"2,62 : 98.08"
"2,63 : 87.69"
"2,64 : 66.1"
"2,65 : 45.54"
"2,66 : 32.39"
"2,67 : 87.6"
"2,68 : 77.03"
"2,69 : 49.09"
"2,70 : 77.03"
"2,71 : 66.22"
"2,72 : 76.0"
"2,73 : 27.59"
"2,74 : 71.85"
"2,75 : 81.84"
"2,76 : 93.23"
"2,77 : 45.12"
"2,78 : 30.15"
"2,79 : 72.17"
"2,80 : 55.57"
"2,81 : 112.29"
"2,82 : 71.17"
"2,83 : 17.12"
"2,84 : 60.37"
"2,85 : 107.07"
"2,86 : 73.43"
"2,87 : 62.64"
"2,88 : 31.26"
"2,89 : 69.35"
"2,90 : 54.13"
"2,91 : 101.18"
"2,92 : 83.6"
"2,93 : 44.41"
"2,94 : 82.42"
"2,95 : 48.09"
"2,96 : 24.7"
"2,97 : 83.57"
"2,98 : 65.15"
"2,99 : 52.8"
"3,0 : 66.29"
"3,1 : 60.3"
"3,2 : 72.18"
"3,3 : 0.0"
"3,4 : 54.59"
"3,5 : 44.38"
"3,6 : 65.22"
"3,7 : 67.96"
"3,8 : 6.32"
"3,9 : 99.76"
"3,10 : 95.43"
"3,11 : 14.04"
"3,12 : 82.73"
"3,13 : 58.42"
"3,14 : 72.45"
"3,15 : 53.71"
"3,16 : 108.37"
"3,17 : 58.08"
"3,18 : 59.41"
"3,19 : 80.99"
"3,20 : 65.62"
"3,21 : 46.04"
"3,22 : 43.01"
"3,23 : 21.59"
"3,24 : 66.49"
"3,25 : 70.09"
"3,26 : 82.0"
"3,27 : 19.03"
"3,28 : 46.1"
"3,29 : 22.85"
"3,30 : 76.01"
"3,31 : 30.68"
"3,32 : 72.37"
"3,33 : 44.64"
"3,34 : 75.5"
"3,35 : 72.42"
"3,36 : 93.23"
"3,37 : 12.81"
"3,38 : 17.12"
"3,39 : 15.56"
"3,40 : 49.04"
"3,41 : 81.5"
"3,42 : 72.18"
"3,43 : 25.02"
"3,44 : 40.22"
"3,45 : 61.03"
"3,46 : 73.55"
"3,47 : 28.43"
"3,48 : 86.58"
"3,49 : 60.31"
"3,50 : 80.0"
"3,51 : 73.76"
"3,52 : 67.78"
"3,53 : 43.57"
"3,54 : 60.3"
"3,55 : 43.74"
"3,56 : 20.4"
"3,57 : 6.71"
"3,58 : 83.82"
"3,59 : 81.86"
"3,60 : 93.43"
"3,61 : 26.31"
"3,62 : 89.45"
"3,63 : 16.12"
"3,64 : 6.08"
"3,65 : 86.37"
"3,66 : 39.81"
"3,67 : 42.72"
"3,68 : 86.54"
"3,69 : 92.02"
"3,70 : 86.54"
"3,71 : 57.25"
"3,72 : 113.85"
"3,73 : 51.35"
"3,74 : 24.0"
"3,75 : 57.04"
"3,76 : 51.24"
"3,77 : 83.49"
"3,78 : 85.59"
"3,79 : 107.62"
"3,80 : 74.63"
"3,81 : 85.51"
"3,82 : 8.54"
"3,83 : 73.11"
"3,84 : 43.46"
"3,85 : 75.93"
"3,86 : 84.58"
"3,87 : 90.21"
"3,88 : 41.0"
"3,89 : 63.25"
"3,90 : 78.41"
"3,91 : 82.05"
"3,92 : 63.13"
"3,93 : 27.89"
"3,94 : 61.13"
"3,95 : 91.35"
"3,96 : 56.36"
"3,97 : 43.57"
"3,98 : 34.21"
"3,99 : 78.24"
"4,0 : 83.73"
"4,1 : 15.23"
"4,2 : 89.01"
"4,3 : 54.59"
"4,4 : 0.0"
"4,5 : 66.71"
"4,6 : 63.06"
"4,7 : 45.1"
"4,8 : 57.72"
"4,9 : 78.34"
"4,10 : 70.21"
"4,11 : 57.38"
"4,12 : 66.19"
"4,13 : 81.02"
"4,14 : 41.48"
"4,15 : 61.72"
"4,16 : 84.43"
"4,17 : 87.21"
"4,18 : 50.22"
"4,19 : 87.93"
"4,20 : 85.76"
"4,21 : 37.58"
"4,22 : 13.04"
"4,23 : 56.94"
"4,24 : 83.24"
"4,25 : 28.65"
"4,26 : 29.12"
"4,27 : 54.13"
"4,28 : 20.12"
"4,29 : 64.33"
"4,30 : 99.32"
"4,31 : 57.49"
"4,32 : 18.03"
"4,33 : 11.7"
"4,34 : 90.8"
"4,35 : 50.25"
"4,36 : 54.41"
"4,37 : 62.03"
"4,38 : 38.33"
"4,39 : 67.72"
"4,40 : 9.22"
"4,41 : 27.02"
"4,42 : 17.72"
"4,43 : 62.43"
"4,44 : 51.4"
"4,45 : 9.22"
"4,46 : 19.31"
"4,47 : 41.23"
"4,48 : 32.06"
"4,49 : 56.04"
"4,50 : 56.89"
"4,51 : 20.81"
"4,52 : 76.69"
"4,53 : 79.51"
"4,54 : 15.23"
"4,55 : 19.42"
"4,56 : 51.42"
"4,57 : 61.0"
"4,58 : 42.01"
"4,59 : 84.17"
"4,60 : 72.57"
"4,61 : 30.46"
"4,62 : 38.91"
"4,63 : 52.61"
"4,64 : 54.82"
"4,65 : 72.11"
"4,66 : 65.76"
"4,67 : 13.6"
"4,68 : 48.55"
"4,69 : 76.42"
"4,70 : 48.55"
"4,71 : 27.0"
"4,72 : 86.41"
"4,73 : 84.15"
"4,74 : 31.05"
"4,75 : 10.44"
"4,76 : 8.6"
"4,77 : 69.07"
"4,78 : 82.73"
"4,79 : 80.23"
"4,80 : 51.48"
"4,81 : 31.05"
"4,82 : 62.97"
"4,83 : 99.62"
"4,84 : 28.65"
"4,85 : 21.93"
"4,86 : 48.76"
"4,87 : 63.89"
"4,88 : 65.8"
"4,89 : 28.64"
"4,90 : 56.57"
"4,91 : 28.44"
"4,92 : 15.0"
"4,93 : 58.6"
"4,94 : 13.89"
"4,95 : 76.32"
"4,96 : 64.4"
"4,97 : 11.05"
"4,98 : 27.02"
"4,99 : 57.43"
"5,0 : 22.09"
"5,1 : 61.4"
"5,2 : 28.07"
"5,3 : 44.38"
"5,4 : 66.71"
"5,5 : 0.0"
"5,6 : 28.79"
"5,7 : 46.39"
"5,8 : 39.22"
"5,9 : 66.85"
"5,10 : 65.97"
"5,11 : 30.68"
"5,12 : 50.29"
"5,13 : 15.52"
"5,14 : 55.11"
"5,15 : 15.52"
"5,16 : 75.77"
"5,17 : 20.52"
"5,18 : 32.06"
"5,19 : 37.12"
"5,20 : 22.09"
"5,21 : 31.91"
"5,22 : 54.41"
"5,23 : 22.8"
"5,24 : 22.2"
"5,25 : 62.65"
"5,26 : 83.01"
"5,27 : 62.8"
"5,28 : 47.38"
"5,29 : 67.05"
"5,30 : 34.48"
"5,31 : 14.04"
"5,32 : 82.76"
"5,33 : 63.63"
"5,34 : 31.26"
"5,35 : 48.01"
"5,36 : 75.33"
"5,37 : 56.3"
"5,38 : 41.44"
"5,39 : 38.83"
"5,40 : 67.42"
"5,41 : 87.2"
"5,42 : 82.07"
"5,43 : 20.59"
"5,44 : 15.62"
"5,45 : 67.27"
"5,46 : 84.17"
"5,47 : 27.31"
"5,48 : 91.84"
"5,49 : 28.16"
"5,50 : 53.24"
"5,51 : 87.0"
"5,52 : 24.41"
"5,53 : 18.0"
"5,54 : 61.4"
"5,55 : 47.42"
"5,56 : 63.39"
"5,57 : 43.46"
"5,58 : 71.31"
"5,59 : 39.2"
"5,60 : 61.35"
"5,61 : 41.79"
"5,62 : 85.09"
"5,63 : 59.68"
"5,64 : 38.33"
"5,65 : 51.48"
"5,66 : 5.0"
"5,67 : 62.65"
"5,68 : 69.72"
"5,69 : 56.8"
"5,70 : 69.72"
"5,71 : 49.24"
"5,72 : 82.87"
"5,73 : 18.79"
"5,74 : 44.92"
"5,75 : 61.62"
"5,76 : 69.34"
"5,77 : 49.4"
"5,78 : 44.55"
"5,79 : 77.49"
"5,80 : 50.0"
"5,81 : 93.86"
"5,82 : 44.28"
"5,83 : 33.54"
"5,84 : 38.95"
"5,85 : 87.0"
"5,86 : 66.48"
"5,87 : 62.8"
"5,88 : 3.61"
"5,89 : 54.13"
"5,90 : 51.24"
"5,91 : 84.6"
"5,92 : 65.0"
"5,93 : 16.49"
"5,94 : 63.41"
"5,95 : 55.9"
"5,96 : 16.55"
"5,97 : 59.36"
"5,98 : 40.5"
"5,99 : 50.36"
"6,0 : 27.73"
"6,1 : 51.89"
"6,2 : 30.81"
"6,3 : 65.22"
"6,4 : 63.06"
"6,5 : 28.79"
"6,6 : 0.0"
"6,7 : 24.84"
"6,8 : 61.72"
"6,9 : 38.08"
"6,10 : 37.48"
"6,11 : 53.76"
"6,12 : 21.59"
"6,13 : 31.4"
"6,14 : 34.21"
"6,15 : 13.42"
"6,16 : 47.01"
"6,17 : 41.3"
"6,18 : 13.0"
"6,19 : 25.08"
"6,20 : 31.38"
"6,21 : 27.0"
"6,22 : 54.23"
"6,23 : 45.97"
"6,24 : 26.83"
"6,25 : 46.86"
"6,26 : 68.88"
"6,27 : 80.95"
"6,28 : 43.57"
"6,29 : 87.66"
"6,30 : 43.57"
"6,31 : 36.88"
"6,32 : 74.69"
"6,33 : 65.19"
"6,34 : 31.14"
"6,35 : 23.71"
"6,36 : 50.92"
"6,37 : 78.01"
"6,38 : 55.15"
"6,39 : 64.54"
"6,40 : 67.6"
"6,41 : 75.45"
"6,42 : 73.79"
"6,43 : 46.4"
"6,44 : 25.0"
"6,45 : 59.62"
"6,46 : 76.03"
"6,47 : 38.48"
"6,48 : 79.2"
"6,49 : 7.07"
"6,50 : 26.48"
"6,51 : 80.11"
"6,52 : 16.4"
"6,53 : 46.1"
"6,54 : 51.89"
"6,55 : 45.28"
"6,56 : 80.53"
"6,57 : 66.6"
"6,58 : 50.48"
"6,59 : 21.21"
"6,60 : 32.57"
"6,61 : 50.45"
"6,62 : 67.36"
"6,63 : 77.83"
"6,64 : 59.82"
"6,65 : 22.83"
"6,66 : 33.11"
"6,67 : 65.07"
"6,68 : 46.52"
"6,69 : 28.3"
"6,70 : 46.52"
"6,71 : 37.58"
"6,72 : 54.08"
"6,73 : 44.05"
"6,74 : 54.82"
"6,75 : 54.42"
"6,76 : 68.88"
"6,77 : 20.62"
"6,78 : 21.59"
"6,79 : 48.76"
"6,80 : 25.08"
"6,81 : 82.93"
"6,82 : 67.94"
"6,83 : 46.52"
"6,84 : 36.06"
"6,85 : 78.71"
"6,86 : 42.95"
"6,87 : 35.0"
"6,88 : 31.78"
"6,89 : 39.66"
"6,90 : 24.52"
"6,91 : 71.22"
"6,92 : 55.01"
"6,93 : 40.46"
"6,94 : 54.13"
"6,95 : 27.46"
"6,96 : 12.37"
"6,97 : 60.21"
"6,98 : 44.28"
"6,99 : 23.35"
"7,0 : 52.15"
"7,1 : 31.14"
"7,2 : 55.61"
"7,3 : 67.96"
"7,4 : 45.1"
"7,5 : 46.39"
"7,6 : 24.84"
"7,7 : 0.0"
"7,8 : 66.65"
"7,9 : 34.89"
"7,10 : 28.43"
"7,11 : 60.54"
"7,12 : 21.1"
"7,13 : 54.23"
"7,14 : 9.43"
"7,15 : 32.57"
"7,16 : 42.44"
"7,17 : 63.57"
"7,18 : 14.56"
"7,19 : 48.6"
"7,20 : 55.57"
"7,21 : 21.95"
"7,22 : 40.5"
"7,23 : 54.41"
"7,24 : 51.31"
"7,25 : 22.83"
"7,26 : 44.65"
"7,27 : 79.2"
"7,28 : 29.55"
"7,29 : 87.86"
"7,30 : 68.24"
"7,31 : 47.68"
"7,32 : 52.89"
"7,33 : 50.96"
"7,34 : 55.97"
"7,35 : 5.39"
"7,36 : 29.02"
"7,37 : 80.21"
"7,38 : 53.15"
"7,39 : 72.8"
"7,40 : 51.97"
"7,41 : 51.88"
"7,42 : 51.92"
"7,43 : 57.27"
"7,44 : 34.23"
"7,45 : 39.2"
"7,46 : 54.12"
"7,47 : 39.82"
"7,48 : 55.23"
"7,49 : 20.12"
"7,50 : 13.04"
"7,51 : 58.69"
"7,52 : 41.23"
"7,53 : 64.28"
"7,54 : 31.14"
"7,55 : 32.2"
"7,56 : 77.83"
"7,57 : 71.59"
"7,58 : 25.94"
"7,59 : 43.05"
"7,60 : 28.64"
"7,61 : 45.28"
"7,62 : 42.52"
"7,63 : 76.38"
"7,64 : 64.01"
"7,65 : 27.02"
"7,66 : 49.04"
"7,67 : 51.55"
"7,68 : 23.35"
"7,69 : 31.4"
"7,70 : 23.35"
"7,71 : 18.25"
"7,72 : 46.69"
"7,73 : 64.54"
"7,74 : 49.58"
"7,75 : 35.0"
"7,76 : 52.61"
"7,77 : 24.0"
"7,78 : 39.56"
"7,79 : 40.31"
"7,80 : 7.21"
"7,81 : 59.48"
"7,82 : 73.36"
"7,83 : 70.83"
"7,84 : 26.25"
"7,85 : 56.61"
"7,86 : 20.1"
"7,87 : 22.63"
"7,88 : 48.09"
"7,89 : 17.26"
"7,90 : 12.08"
"7,91 : 47.17"
"7,92 : 33.54"
"7,93 : 50.99"
"7,94 : 33.24"
"7,95 : 31.26"
"7,96 : 33.62"
"7,97 : 46.17"
"7,98 : 36.88"
"7,99 : 12.65"
"8,0 : 60.88"
"8,1 : 62.0"
"8,2 : 66.71"
"8,3 : 6.32"
"8,4 : 57.72"
"8,5 : 39.22"
"8,6 : 61.72"
"8,7 : 66.65"
"8,8 : 0.0"
"8,9 : 97.31"
"8,10 : 93.48"
"8,11 : 8.54"
"8,12 : 80.16"
"8,13 : 52.77"
"8,14 : 71.87"
"8,15 : 49.65"
"8,16 : 106.04"
"8,17 : 52.01"
"8,18 : 57.01"
"8,19 : 76.16"
"8,20 : 60.02"
"8,21 : 44.72"
"8,22 : 45.54"
"8,23 : 16.55"
"8,24 : 61.13"
"8,25 : 70.86"
"8,26 : 84.21"
"8,27 : 25.18"
"8,28 : 47.17"
"8,29 : 27.89"
"8,30 : 70.06"
"8,31 : 25.94"
"8,32 : 75.69"
"8,33 : 48.47"
"8,34 : 70.09"
"8,35 : 70.83"
"8,36 : 92.97"
"8,37 : 17.09"
"8,38 : 19.42"
"8,39 : 10.3"
"8,40 : 52.92"
"8,41 : 84.34"
"8,42 : 75.43"
"8,43 : 19.24"
"8,44 : 36.8"
"8,45 : 63.51"
"8,46 : 76.92"
"8,47 : 26.83"
"8,48 : 89.44"
"8,49 : 57.28"
"8,50 : 78.23"
"8,51 : 77.49"
"8,52 : 63.07"
"8,53 : 37.34"
"8,54 : 62.0"
"8,55 : 45.04"
"8,56 : 26.68"
"8,57 : 5.0"
"8,58 : 84.17"
"8,59 : 77.41"
"8,60 : 91.05"
"8,61 : 28.07"
"8,62 : 91.05"
"8,63 : 22.36"
"8,64 : 3.0"
"8,65 : 83.45"
"8,66 : 34.48"
"8,67 : 46.62"
"8,68 : 86.33"
"8,69 : 89.11"
"8,70 : 86.33"
"8,71 : 57.49"
"8,72 : 111.83"
"8,73 : 45.18"
"8,74 : 26.68"
"8,75 : 59.14"
"8,76 : 55.15"
"8,77 : 80.66"
"8,78 : 81.54"
"8,79 : 105.68"
"8,80 : 73.06"
"8,81 : 88.77"
"8,82 : 6.71"
"8,83 : 67.03"
"8,84 : 43.42"
"8,85 : 79.4"
"8,86 : 84.15"
"8,87 : 88.51"
"8,88 : 35.74"
"8,89 : 63.56"
"8,90 : 76.55"
"8,91 : 84.48"
"8,92 : 65.03"
"8,93 : 22.85"
"8,94 : 63.03"
"8,95 : 88.39"
"8,96 : 52.15"
"8,97 : 46.84"
"8,98 : 35.13"
"8,99 : 76.28"
"9,0 : 60.07"
"9,1 : 63.35"
"9,2 : 60.07"
"9,3 : 99.76"
"9,4 : 78.34"
"9,5 : 66.85"
"9,6 : 38.08"
"9,7 : 34.89"
"9,8 : 97.31"
"9,9 : 0.0"
"9,10 : 9.22"
"9,11 : 90.0"
"9,12 : 17.2"
"9,13 : 66.75"
"9,14 : 36.88"
"9,15 : 51.48"
"9,16 : 8.94"
"9,17 : 76.66"
"9,18 : 40.36"
"9,19 : 45.71"
"9,20 : 64.07"
"9,21 : 54.67"
"9,22 : 75.24"
"9,23 : 82.66"
"9,24 : 59.08"
"9,25 : 51.24"
"9,26 : 68.59"
"9,27 : 112.93"
"9,28 : 64.4"
"9,29 : 121.02"
"9,30 : 72.44"
"9,31 : 74.09"
"9,32 : 82.02"
"9,33 : 85.44"
"9,34 : 58.31"
"9,35 : 29.53"
"9,36 : 34.54"
"9,37 : 112.45"
"9,38 : 86.56"
"9,39 : 101.51"
"9,40 : 86.02"
"9,41 : 77.41"
"9,42 : 81.02"
"9,43 : 83.86"
"9,44 : 61.03"
"9,45 : 71.02"
"9,46 : 83.01"
"9,47 : 71.42"
"9,48 : 79.08"
"9,49 : 40.5"
"9,50 : 21.93"
"9,51 : 88.02"
"9,52 : 48.26"
"9,53 : 83.82"
"9,54 : 63.35"
"9,55 : 67.08"
"9,56 : 111.83"
"9,57 : 102.3"
"9,58 : 43.57"
"9,59 : 38.47"
"9,60 : 6.4"
"9,61 : 79.4"
"9,62 : 61.13"
"9,63 : 109.99"
"9,64 : 95.02"
"9,65 : 15.52"
"9,66 : 71.18"
"9,67 : 86.16"
"9,68 : 35.69"
"9,69 : 11.0"
"9,70 : 35.69"
"9,71 : 52.55"
"9,72 : 16.28"
"9,73 : 80.81"
"9,74 : 83.82"
"9,75 : 67.91"
"9,76 : 86.4"
"9,77 : 17.46"
"9,78 : 30.59"
"9,79 : 12.17"
"9,80 : 27.73"
"9,81 : 84.72"
"9,82 : 103.86"
"9,83 : 77.16"
"9,84 : 60.75"
"9,85 : 85.01"
"9,86 : 33.24"
"9,87 : 15.0"
"9,88 : 69.86"
"9,89 : 49.73"
"9,90 : 22.83"
"9,91 : 71.57"
"9,92 : 64.78"
"9,93 : 77.7"
"9,94 : 65.12"
"9,95 : 12.0"
"9,96 : 50.33"
"9,97 : 80.78"
"9,98 : 71.28"
"9,99 : 22.47"
"10,0 : 62.29"
"10,1 : 55.08"
"10,2 : 63.15"
"10,3 : 95.43"
"10,4 : 70.21"
"10,5 : 65.97"
"10,6 : 37.48"
"10,7 : 28.43"
"10,8 : 93.48"
"10,9 : 9.22"
"10,10 : 0.0"
"10,11 : 86.61"
"10,12 : 16.03"
"10,13 : 68.01"
"10,14 : 28.79"
"10,15 : 50.45"
"10,16 : 14.32"
"10,17 : 78.01"
"10,18 : 36.72"
"10,19 : 49.98"
"10,20 : 66.27"
"10,21 : 49.58"
"10,22 : 68.0"
"10,23 : 79.65"
"10,24 : 61.29"
"10,25 : 42.58"
"10,26 : 59.41"
"10,27 : 107.52"
"10,28 : 57.45"
"10,29 : 116.0"
"10,30 : 75.93"
"10,31 : 71.59"
"10,32 : 73.11"
"10,33 : 77.88"
"10,34 : 61.85"
"10,35 : 23.35"
"10,36 : 25.5"
"10,37 : 107.94"
"10,38 : 81.32"
"10,39 : 98.49"
"10,40 : 78.19"
"10,41 : 68.26"
"10,42 : 72.11"
"10,43 : 81.44"
"10,44 : 58.14"
"10,45 : 62.59"
"10,46 : 74.06"
"10,47 : 67.01"
"10,48 : 69.87"
"10,49 : 38.28"
"10,50 : 15.56"
"10,51 : 79.1"
"10,52 : 50.16"
"10,53 : 83.55"
"10,54 : 55.08"
"10,55 : 60.21"
"10,56 : 106.22"
"10,57 : 98.47"
"10,58 : 34.37"
"10,59 : 42.72"
"10,60 : 7.21"
"10,61 : 73.66"
"10,62 : 51.92"
"10,63 : 104.66"
"10,64 : 91.02"
"10,65 : 17.72"
"10,66 : 69.92"
"10,67 : 78.72"
"10,68 : 26.48"
"10,69 : 15.81"
"10,70 : 26.48"
"10,71 : 45.18"
"10,72 : 18.44"
"10,73 : 81.39"
"10,74 : 77.99"
"10,75 : 59.77"
"10,76 : 78.43"
"10,77 : 18.11"
"10,78 : 35.34"
"10,79 : 12.21"
"10,80 : 21.26"
"10,81 : 75.54"
"10,82 : 100.12"
"10,83 : 80.23"
"10,84 : 54.67"
"10,85 : 76.01"
"10,86 : 24.08"
"10,87 : 6.32"
"10,88 : 68.68"
"10,89 : 41.79"
"10,90 : 17.03"
"10,91 : 62.39"
"10,92 : 56.29"
"10,93 : 75.15"
"10,94 : 56.75"
"10,95 : 16.64"
"10,96 : 49.82"
"10,97 : 73.35"
"10,98 : 65.3"
"10,99 : 17.2"
"11,0 : 52.39"
"11,1 : 59.54"
"11,2 : 58.25"
"11,3 : 14.04"
"11,4 : 57.38"
"11,5 : 30.68"
"11,6 : 53.76"
"11,7 : 60.54"
"11,8 : 8.54"
"11,9 : 90.0"
"11,10 : 86.61"
"11,11 : 0.0"
"11,12 : 72.8"
"11,13 : 44.41"
"11,14 : 66.48"
"11,15 : 41.4"
"11,16 : 98.81"
"11,17 : 44.18"
"11,18 : 49.93"
"11,19 : 67.62"
"11,20 : 51.62"
"11,21 : 38.9"
"11,22 : 44.6"
"11,23 : 8.06"
"11,24 : 52.63"
"11,25 : 67.07"
"11,26 : 82.2"
"11,27 : 33.0"
"11,28 : 44.18"
"11,29 : 36.4"
"11,30 : 62.0"
"11,31 : 17.49"
"11,32 : 75.39"
"11,33 : 49.4"
"11,34 : 61.61"
"11,35 : 64.4"
"11,36 : 87.8"
"11,37 : 25.63"
"11,38 : 20.0"
"11,39 : 12.37"
"11,40 : 53.85"
"11,41 : 83.24"
"11,42 : 75.03"
"11,43 : 11.0"
"11,44 : 29.07"
"11,45 : 62.1"
"11,46 : 76.69"
"11,47 : 21.38"
"11,48 : 88.32"
"11,49 : 49.68"
"11,50 : 71.59"
"11,51 : 77.82"
"11,52 : 54.56"
"11,53 : 30.08"
"11,54 : 59.54"
"11,55 : 42.43"
"11,56 : 34.13"
"11,57 : 13.04"
"11,58 : 79.76"
"11,59 : 68.96"
"11,60 : 83.82"
"11,61 : 26.93"
"11,62 : 88.14"
"11,63 : 30.02"
"11,64 : 8.0"
"11,65 : 75.82"
"11,66 : 25.96"
"11,67 : 47.71"
"11,68 : 81.25"
"11,69 : 81.47"
"11,70 : 81.25"
"11,71 : 53.24"
"11,72 : 104.85"
"11,73 : 37.66"
"11,74 : 26.93"
"11,75 : 57.27"
"11,76 : 56.08"
"11,77 : 73.11"
"11,78 : 73.24"
"11,79 : 98.79"
"11,80 : 66.64"
"11,81 : 88.26"
"11,82 : 14.21"
"11,83 : 59.21"
"11,84 : 39.12"
"11,85 : 79.31"
"11,86 : 78.85"
"11,87 : 81.88"
"11,88 : 27.2"
"11,89 : 59.3"
"11,90 : 69.84"
"11,91 : 82.76"
"11,92 : 62.8"
"11,93 : 14.32"
"11,94 : 60.83"
"11,95 : 80.72"
"11,96 : 43.83"
"11,97 : 46.96"
"11,98 : 32.39"
"11,99 : 69.46"
"12,0 : 46.53"
"12,1 : 52.01"
"12,2 : 47.8"
"12,3 : 82.73"
"12,4 : 66.19"
"12,5 : 50.29"
"12,6 : 21.59"
"12,7 : 21.1"
"12,8 : 80.16"
"12,9 : 17.2"
"12,10 : 16.03"
"12,11 : 72.8"
"12,12 : 0.0"
"12,13 : 52.0"
"12,14 : 26.68"
"12,15 : 34.79"
"12,16 : 26.08"
"12,17 : 62.0"
"12,18 : 23.35"
"12,19 : 35.85"
"12,20 : 50.49"
"12,21 : 38.28"
"12,22 : 61.13"
"12,23 : 65.46"
"12,24 : 45.54"
"12,25 : 41.98"
"12,26 : 62.39"
"12,27 : 96.4"
"12,28 : 50.0"
"12,29 : 104.24"
"12,30 : 60.73"
"12,31 : 56.94"
"12,32 : 72.99"
"12,33 : 71.81"
"12,34 : 46.82"
"12,35 : 16.0"
"12,36 : 34.83"
"12,37 : 95.46"
"12,38 : 70.0"
"12,39 : 84.31"
"12,40 : 72.99"
"12,41 : 70.52"
"12,42 : 72.01"
"12,43 : 66.73"
"12,44 : 43.83"
"12,45 : 60.03"
"12,46 : 74.15"
"12,47 : 54.49"
"12,48 : 73.16"
"12,49 : 23.32"
"12,50 : 11.18"
"12,51 : 78.92"
"12,52 : 34.37"
"12,53 : 67.68"
"12,54 : 52.01"
"12,55 : 52.5"
"12,56 : 95.44"
"12,57 : 85.15"
"12,58 : 39.12"
"12,59 : 28.84"
"12,60 : 11.18"
"12,61 : 63.29"
"12,62 : 57.45"
"12,63 : 93.41"
"12,64 : 77.9"
"12,65 : 6.08"
"12,66 : 54.42"
"12,67 : 72.28"
"12,68 : 32.65"
"12,69 : 10.44"
"12,70 : 32.65"
"12,71 : 39.32"
"12,72 : 32.7"
"12,73 : 65.38"
"12,74 : 67.74"
"12,75 : 56.04"
"12,76 : 73.68"
"12,77 : 3.61"
"12,78 : 22.63"
"12,79 : 27.2"
"12,80 : 15.13"
"12,81 : 78.11"
"12,82 : 86.68"
"12,83 : 64.76"
"12,84 : 45.19"
"12,85 : 76.49"
"12,86 : 29.21"
"12,87 : 14.87"
"12,88 : 53.14"
"12,89 : 38.01"
"12,90 : 10.44"
"12,91 : 65.19"
"12,92 : 54.15"
"12,93 : 60.54"
"12,94 : 54.04"
"12,95 : 10.2"
"12,96 : 33.96"
"12,97 : 66.94"
"12,98 : 55.47"
"12,99 : 9.22"
"13,0 : 9.22"
"13,1 : 74.25"
"13,2 : 14.32"
"13,3 : 58.42"
"13,4 : 81.02"
"13,5 : 15.52"
"13,6 : 31.4"
"13,7 : 54.23"
"13,8 : 52.77"
"13,9 : 66.75"
"13,10 : 68.01"
"13,11 : 44.41"
"13,12 : 52.0"
"13,13 : 0.0"
"13,14 : 63.56"
"13,15 : 21.95"
"13,16 : 75.31"
"13,17 : 10.0"
"13,18 : 39.81"
"13,19 : 27.66"
"13,20 : 7.28"
"13,21 : 44.55"
"13,22 : 69.12"
"13,23 : 37.05"
"13,24 : 9.9"
"13,25 : 73.5"
"13,26 : 94.81"
"13,27 : 77.23"
"13,28 : 61.22"
"13,29 : 80.6"
"13,30 : 18.97"
"13,31 : 29.15"
"13,32 : 96.33"
"13,33 : 78.71"
"13,34 : 17.89"
"13,35 : 54.41"
"13,36 : 82.01"
"13,37 : 69.63"
"13,38 : 56.89"
"13,39 : 50.33"
"13,40 : 82.37"
"13,41 : 99.82"
"13,42 : 95.59"
"13,43 : 33.54"
"13,44 : 29.68"
"13,45 : 80.72"
"13,46 : 97.74"
"13,47 : 42.72"
"13,48 : 104.24"
"13,49 : 34.18"
"13,50 : 57.87"
"13,51 : 100.9"
"13,52 : 18.68"
"13,53 : 20.52"
"13,54 : 74.25"
"13,55 : 61.61"
"13,56 : 78.06"
"13,57 : 56.52"
"13,58 : 80.11"
"13,59 : 32.25"
"13,60 : 62.2"
"13,61 : 57.25"
"13,62 : 95.52"
"13,63 : 74.17"
"13,64 : 52.35"
"13,65 : 51.35"
"13,66 : 19.03"
"13,67 : 77.82"
"13,68 : 77.16"
"13,69 : 55.9"
"13,70 : 77.16"
"13,71 : 61.07"
"13,72 : 83.02"
"13,73 : 14.76"
"13,74 : 60.44"
"13,75 : 75.07"
"13,76 : 84.22"
"13,77 : 50.09"
"13,78 : 39.4"
"13,79 : 78.41"
"13,80 : 56.04"
"13,81 : 106.79"
"13,82 : 57.01"
"13,83 : 18.6"
"13,84 : 52.63"
"13,85 : 100.57"
"13,86 : 73.68"
"13,87 : 66.19"
"13,88 : 18.11"
"13,89 : 65.22"
"13,90 : 55.9"
"13,91 : 96.67"
"13,92 : 77.79"
"13,93 : 31.0"
"13,94 : 76.37"
"13,95 : 54.92"
"13,96 : 20.62"
"13,97 : 74.3"
"13,98 : 55.47"
"13,99 : 54.74"
"14,0 : 61.59"
"14,1 : 26.48"
"14,2 : 65.0"
"14,3 : 72.45"
"14,4 : 41.48"
"14,5 : 55.11"
"14,6 : 34.21"
"14,7 : 9.43"
"14,8 : 71.87"
"14,9 : 36.88"
"14,10 : 28.79"
"14,11 : 66.48"
"14,12 : 26.68"
"14,13 : 63.56"
"14,14 : 0.0"
"14,15 : 41.79"
"14,16 : 43.08"
"14,17 : 72.8"
"14,18 : 23.77"
"14,19 : 57.49"
"14,20 : 65.0"
"14,21 : 27.66"
"14,22 : 39.66"
"14,23 : 61.0"
"14,24 : 60.75"
"14,25 : 15.3"
"14,26 : 36.24"
"14,27 : 81.84"
"14,28 : 29.73"
"14,29 : 91.02"
"14,30 : 77.67"
"14,31 : 55.08"
"14,32 : 46.39"
"14,33 : 49.19"
"14,34 : 65.3"
"14,35 : 11.66"
"14,36 : 21.38"
"14,37 : 84.22"
"14,38 : 56.6"
"14,39 : 78.85"
"14,40 : 49.4"
"14,41 : 44.01"
"14,42 : 45.4"
"14,43 : 64.38"
"14,44 : 42.01"
"14,45 : 34.23"
"14,46 : 47.52"
"14,47 : 45.22"
"14,48 : 46.96"
"14,49 : 29.53"
"14,50 : 16.03"
"14,51 : 52.35"
"14,52 : 50.61"
"14,53 : 72.84"
"14,54 : 26.48"
"14,55 : 32.56"
"14,56 : 80.16"
"14,57 : 76.69"
"14,58 : 16.55"
"14,59 : 51.61"
"14,60 : 31.26"
"14,61 : 48.01"
"14,62 : 33.24"
"14,63 : 79.2"
"14,64 : 69.08"
"14,65 : 32.76"
"14,66 : 57.43"
"14,67 : 50.12"
"14,68 : 15.03"
"14,69 : 36.12"
"14,70 : 15.03"
"14,71 : 17.03"
"14,72 : 45.79"
"14,73 : 73.5"
"14,74 : 52.01"
"14,75 : 31.05"
"14,76 : 49.65"
"14,77 : 30.08"
"14,78 : 47.41"
"14,79 : 39.45"
"14,80 : 11.7"
"14,81 : 51.62"
"14,82 : 78.55"
"14,83 : 80.26"
"14,84 : 29.15"
"14,85 : 49.82"
"14,86 : 12.37"
"14,87 : 22.47"
"14,88 : 56.57"
"14,89 : 13.0"
"14,90 : 16.28"
"14,91 : 38.91"
"14,92 : 28.07"
"14,93 : 58.22"
"14,94 : 28.28"
"14,95 : 36.22"
"14,96 : 42.95"
"14,97 : 44.78"
"14,98 : 39.41"
"14,99 : 17.46"
"15,0 : 22.2"
"15,1 : 53.26"
"15,2 : 27.29"
"15,3 : 53.71"
"15,4 : 61.72"
"15,5 : 15.52"
"15,6 : 13.42"
"15,7 : 32.57"
"15,8 : 49.65"
"15,9 : 51.48"
"15,10 : 50.45"
"15,11 : 41.4"
"15,12 : 34.79"
"15,13 : 21.95"
"15,14 : 41.79"
"15,15 : 0.0"
"15,16 : 60.42"
"15,17 : 31.02"
"15,18 : 18.03"
"15,19 : 29.07"
"15,20 : 24.76"
"15,21 : 24.19"
"15,22 : 50.92"
"15,23 : 33.42"
"15,24 : 21.63"
"15,25 : 51.61"
"15,26 : 73.11"
"15,27 : 70.58"
"15,28 : 41.59"
"15,29 : 76.48"
"15,30 : 38.29"
"15,31 : 24.08"
"15,32 : 75.8"
"15,33 : 61.4"
"15,34 : 29.15"
"15,35 : 33.38"
"15,36 : 61.0"
"15,37 : 66.37"
"15,38 : 45.89"
"15,39 : 51.62"
"15,40 : 64.51"
"15,41 : 78.49"
"15,42 : 75.0"
"15,43 : 33.3"
"15,44 : 14.32"
"15,45 : 60.22"
"15,46 : 77.2"
"15,47 : 29.27"
"15,48 : 82.76"
"15,49 : 13.04"
"15,50 : 38.01"
"15,51 : 80.71"
"15,52 : 16.03"
"15,53 : 33.24"
"15,54 : 53.26"
"15,55 : 42.54"
"15,56 : 70.52"
"15,57 : 54.41"
"15,58 : 58.31"
"15,59 : 28.46"
"15,60 : 45.88"
"15,61 : 43.0"
"15,62 : 73.57"
"15,63 : 67.42"
"15,64 : 48.02"
"15,65 : 36.24"
"15,66 : 19.7"
"15,67 : 60.88"
"15,68 : 55.79"
"15,69 : 41.68"
"15,70 : 55.79"
"15,71 : 39.6"
"15,72 : 67.42"
"15,73 : 32.25"
"15,74 : 47.04"
"15,75 : 54.64"
"15,76 : 66.13"
"15,77 : 34.01"
"15,78 : 31.91"
"15,79 : 61.98"
"15,80 : 35.23"
"15,81 : 85.63"
"15,82 : 55.61"
"15,83 : 39.7"
"15,84 : 33.11"
"15,85 : 80.0"
"15,86 : 52.39"
"15,87 : 47.38"
"15,88 : 18.38"
"15,89 : 43.42"
"15,90 : 36.01"
"15,91 : 75.07"
"15,92 : 56.73"
"15,93 : 27.59"
"15,94 : 55.44"
"15,95 : 40.82"
"15,96 : 3.0"
"15,97 : 56.61"
"15,98 : 38.64"
"15,99 : 35.06"
"16,0 : 68.36"
"16,1 : 69.26"
"16,2 : 68.01"
"16,3 : 108.37"
"16,4 : 84.43"
"16,5 : 75.77"
"16,6 : 47.01"
"16,7 : 42.44"
"16,8 : 106.04"
"16,9 : 8.94"
"16,10 : 14.32"
"16,11 : 98.81"
"16,12 : 26.08"
"16,13 : 75.31"
"16,14 : 43.08"
"16,15 : 60.42"
"16,16 : 0.0"
"16,17 : 85.16"
"16,18 : 49.04"
"16,19 : 53.15"
"16,20 : 72.34"
"16,21 : 62.97"
"16,22 : 82.3"
"16,23 : 91.53"
"16,24 : 67.36"
"16,25 : 56.52"
"16,26 : 72.01"
"16,27 : 121.17"
"16,28 : 71.69"
"16,29 : 129.42"
"16,30 : 80.1"
"16,31 : 83.01"
"16,32 : 86.58"
"16,33 : 92.2"
"16,34 : 66.03"
"16,35 : 37.2"
"16,36 : 36.35"
"16,37 : 121.02"
"16,38 : 94.85"
"16,39 : 110.39"
"16,40 : 92.48"
"16,41 : 81.0"
"16,42 : 85.59"
"16,43 : 92.78"
"16,44 : 69.89"
"16,45 : 76.66"
"16,46 : 87.46"
"16,47 : 79.98"
"16,48 : 82.15"
"16,49 : 49.4"
"16,50 : 29.41"
"16,51 : 92.54"
"16,52 : 56.72"
"16,53 : 92.66"
"16,54 : 69.26"
"16,55 : 74.43"
"16,56 : 119.97"
"16,57 : 111.04"
"16,58 : 47.01"
"16,59 : 46.04"
"16,60 : 15.0"
"16,61 : 87.46"
"16,62 : 63.51"
"16,63 : 118.26"
"16,64 : 103.71"
"16,65 : 24.35"
"16,66 : 80.11"
"16,67 : 93.04"
"16,68 : 39.01"
"16,69 : 19.42"
"16,70 : 39.01"
"16,71 : 59.48"
"16,72 : 8.06"
"16,73 : 89.5"
"16,74 : 91.83"
"16,75 : 74.0"
"16,76 : 92.7"
"16,77 : 26.4"
"16,78 : 38.05"
"16,79 : 7.21"
"16,80 : 35.23"
"16,81 : 88.05"
"16,82 : 112.61"
"16,83 : 85.01"
"16,84 : 68.6"
"16,85 : 89.27"
"16,86 : 37.22"
"16,87 : 20.62"
"16,88 : 78.79"
"16,89 : 56.08"
"16,90 : 30.61"
"16,91 : 75.01"
"16,92 : 70.34"
"16,93 : 86.61"
"16,94 : 70.88"
"16,95 : 20.4"
"16,96 : 59.24"
"16,97 : 87.66"
"16,98 : 79.2"
"16,99 : 30.48"
"17,0 : 17.46"
"17,1 : 81.69"
"17,2 : 20.62"
"17,3 : 58.08"
"17,4 : 87.21"
"17,5 : 20.52"
"17,6 : 41.3"
"17,7 : 63.57"
"17,8 : 52.01"
"17,9 : 76.66"
"17,10 : 78.01"
"17,11 : 44.18"
"17,12 : 62.0"
"17,13 : 10.0"
"17,14 : 72.8"
"17,15 : 31.02"
"17,16 : 85.16"
"17,17 : 0.0"
"17,18 : 49.04"
"17,19 : 35.85"
"17,20 : 13.89"
"17,21 : 52.01"
"17,22 : 74.81"
"17,23 : 37.85"
"17,24 : 18.38"
"17,25 : 81.99"
"17,26 : 102.9"
"17,27 : 77.1"
"17,28 : 67.88"
"17,29 : 79.23"
"17,30 : 18.44"
"17,31 : 31.78"
"17,32 : 103.25"
"17,33 : 83.76"
"17,34 : 24.08"
"17,35 : 64.03"
"17,36 : 91.68"
"17,37 : 68.18"
"17,38 : 59.46"
"17,39 : 47.68"
"17,40 : 87.66"
"17,41 : 107.45"
"17,42 : 102.55"
"17,43 : 33.24"
"17,44 : 36.07"
"17,45 : 87.73"
"17,46 : 104.66"
"17,47 : 47.17"
"17,48 : 112.0"
"17,49 : 43.68"
"17,50 : 67.74"
"17,51 : 107.52"
"17,52 : 28.44"
"17,53 : 15.52"
"17,54 : 81.69"
"17,55 : 67.94"
"17,56 : 78.31"
"17,57 : 55.08"
"17,58 : 89.32"
"17,59 : 41.23"
"17,60 : 72.17"
"17,61 : 61.29"
"17,62 : 104.24"
"17,63 : 74.17"
"17,64 : 52.15"
"17,65 : 61.29"
"17,66 : 21.95"
"17,67 : 82.68"
"17,68 : 86.68"
"17,69 : 65.76"
"17,70 : 86.68"
"17,71 : 69.07"
"17,72 : 92.91"
"17,73 : 7.62"
"17,74 : 63.98"
"17,75 : 82.07"
"17,76 : 89.63"
"17,77 : 60.07"
"17,78 : 48.7"
"17,79 : 88.36"
"17,80 : 65.73"
"17,81 : 114.21"
"17,82 : 55.23"
"17,83 : 15.03"
"17,84 : 59.41"
"17,85 : 107.49"
"17,86 : 83.24"
"17,87 : 76.16"
"17,88 : 21.63"
"17,89 : 73.57"
"17,90 : 65.76"
"17,91 : 104.62"
"17,92 : 85.28"
"17,93 : 32.57"
"17,94 : 83.74"
"17,95 : 64.78"
"17,96 : 30.08"
"17,97 : 79.63"
"17,98 : 60.8"
"17,99 : 64.63"
"18,0 : 38.42"
"18,1 : 38.91"
"18,2 : 42.43"
"18,3 : 59.41"
"18,4 : 50.22"
"18,5 : 32.06"
"18,6 : 13.0"
"18,7 : 14.56"
"18,8 : 57.01"
"18,9 : 40.36"
"18,10 : 36.72"
"18,11 : 49.93"
"18,12 : 23.35"
"18,13 : 39.81"
"18,14 : 23.77"
"18,15 : 18.03"
"18,16 : 49.04"
"18,17 : 49.04"
"18,18 : 0.0"
"18,19 : 38.08"
"18,20 : 41.62"
"18,21 : 15.81"
"18,22 : 42.0"
"18,23 : 42.94"
"18,24 : 37.64"
"18,25 : 34.66"
"18,26 : 56.59"
"18,27 : 73.24"
"18,28 : 31.06"
"18,29 : 80.92"
"18,30 : 54.67"
"18,31 : 35.11"
"18,32 : 61.72"
"18,33 : 53.0"
"18,34 : 43.28"
"18,35 : 16.03"
"18,36 : 43.29"
"18,37 : 72.12"
"18,38 : 46.87"
"18,39 : 61.77"
"18,40 : 55.15"
"18,41 : 62.8"
"18,42 : 60.83"
"18,43 : 44.94"
"18,44 : 21.54"
"18,45 : 46.62"
"18,46 : 63.06"
"18,47 : 31.14"
"18,48 : 66.71"
"18,49 : 6.4"
"18,50 : 22.14"
"18,51 : 67.12"
"18,52 : 28.43"
"18,53 : 50.04"
"18,54 : 38.91"
"18,55 : 33.0"
"18,56 : 72.4"
"18,57 : 62.01"
"18,58 : 40.31"
"18,59 : 33.96"
"18,60 : 34.06"
"18,61 : 40.72"
"18,62 : 56.04"
"18,63 : 70.21"
"18,64 : 54.67"
"18,65 : 27.46"
"18,66 : 35.06"
"18,67 : 53.04"
"18,68 : 37.85"
"18,69 : 33.02"
"18,70 : 37.85"
"18,71 : 24.6"
"18,72 : 54.92"
"18,73 : 50.01"
"18,74 : 45.19"
"18,75 : 41.44"
"18,76 : 56.32"
"18,77 : 24.41"
"18,78 : 33.0"
"18,79 : 48.88"
"18,80 : 18.11"
"18,81 : 70.21"
"18,82 : 63.6"
"18,83 : 56.86"
"18,84 : 24.19"
"18,85 : 65.76"
"18,86 : 34.53"
"18,87 : 32.31"
"18,88 : 34.01"
"18,89 : 27.02"
"18,90 : 20.25"
"18,91 : 58.8"
"18,92 : 42.06"
"18,93 : 38.63"
"18,94 : 41.15"
"18,95 : 32.45"
"18,96 : 19.24"
"18,97 : 48.0"
"18,98 : 33.53"
"18,99 : 19.7"
"19,0 : 18.6"
"19,1 : 76.97"
"19,2 : 15.81"
"19,3 : 80.99"
"19,4 : 87.93"
"19,5 : 37.12"
"19,6 : 25.08"
"19,7 : 48.6"
"19,8 : 76.16"
"19,9 : 45.71"
"19,10 : 49.98"
"19,11 : 67.62"
"19,12 : 35.85"
"19,13 : 27.66"
"19,14 : 57.49"
"19,15 : 29.07"
"19,16 : 53.15"
"19,17 : 35.85"
"19,18 : 38.08"
"19,19 : 0.0"
"19,20 : 21.95"
"19,21 : 50.99"
"19,22 : 78.45"
"19,23 : 59.62"
"19,24 : 17.8"
"19,25 : 71.28"
"19,26 : 93.23"
"19,27 : 98.76"
"19,28 : 68.15"
"19,29 : 103.82"
"19,30 : 27.0"
"19,31 : 50.33"
"19,32 : 99.74"
"19,33 : 89.27"
"19,34 : 13.15"
"19,35 : 46.01"
"19,36 : 70.46"
"19,37 : 93.23"
"19,38 : 74.81"
"19,39 : 75.8"
"19,40 : 91.98"
"19,41 : 100.17"
"19,42 : 98.84"
"19,43 : 57.71"
"19,44 : 43.29"
"19,45 : 84.69"
"19,46 : 101.08"
"19,47 : 58.31"
"19,48 : 103.73"
"19,49 : 31.95"
"19,50 : 45.61"
"19,51 : 105.19"
"19,52 : 13.34"
"19,53 : 48.1"
"19,54 : 76.97"
"19,55 : 69.63"
"19,56 : 98.95"
"19,57 : 80.53"
"19,58 : 72.84"
"19,59 : 7.28"
"19,60 : 43.01"
"19,61 : 72.03"
"19,62 : 90.61"
"19,63 : 95.6"
"19,64 : 75.03"
"19,65 : 32.31"
"19,66 : 42.06"
"19,67 : 88.96"
"19,68 : 67.48"
"19,69 : 34.93"
"19,70 : 67.48"
"19,71 : 62.65"
"19,72 : 61.2"
"19,73 : 42.2"
"19,74 : 76.11"
"19,75 : 79.48"
"19,76 : 93.39"
"19,77 : 32.65"
"19,78 : 15.13"
"19,79 : 57.87"
"19,80 : 46.67"
"19,81 : 107.7"
"19,82 : 81.39"
"19,83 : 32.14"
"19,84 : 60.21"
"19,85 : 103.75"
"19,86 : 63.89"
"19,87 : 50.54"
"19,88 : 40.71"
"19,89 : 64.5"
"19,90 : 44.05"
"19,91 : 95.69"
"19,92 : 80.06"
"19,93 : 53.31"
"19,94 : 79.2"
"19,95 : 33.96"
"19,96 : 26.08"
"19,97 : 84.34"
"19,98 : 67.19"
"19,99 : 42.64"
"20,0 : 4.0"
"20,1 : 77.99"
"20,2 : 7.21"
"20,3 : 65.62"
"20,4 : 85.76"
"20,5 : 22.09"
"20,6 : 31.38"
"20,7 : 55.57"
"20,8 : 60.02"
"20,9 : 64.07"
"20,10 : 66.27"
"20,11 : 51.62"
"20,12 : 50.49"
"20,13 : 7.28"
"20,14 : 65.0"
"20,15 : 24.76"
"20,16 : 72.34"
"20,17 : 13.89"
"20,18 : 41.62"
"20,19 : 21.95"
"20,20 : 0.0"
"20,21 : 48.6"
"20,22 : 74.24"
"20,23 : 44.18"
"20,24 : 5.0"
"20,25 : 76.06"
"20,26 : 97.74"
"20,27 : 84.38"
"20,28 : 65.73"
"20,29 : 87.86"
"20,30 : 13.6"
"20,31 : 36.01"
"20,32 : 100.42"
"20,33 : 84.17"
"20,34 : 10.82"
"20,35 : 55.04"
"20,36 : 82.28"
"20,37 : 76.9"
"20,38 : 63.51"
"20,39 : 57.58"
"20,40 : 87.66"
"20,41 : 103.25"
"20,42 : 99.64"
"20,43 : 40.79"
"20,44 : 34.93"
"20,45 : 84.81"
"20,46 : 101.83"
"20,47 : 48.76"
"20,48 : 107.49"
"20,49 : 35.51"
"20,50 : 57.57"
"20,51 : 105.21"
"20,52 : 16.12"
"20,53 : 27.2"
"20,54 : 77.99"
"20,55 : 66.37"
"20,56 : 85.15"
"20,57 : 63.79"
"20,58 : 81.49"
"20,59 : 27.51"
"20,60 : 60.03"
"20,61 : 63.32"
"20,62 : 97.65"
"20,63 : 81.3"
"20,64 : 59.54"
"20,65 : 49.01"
"20,66 : 26.02"
"20,67 : 83.38"
"20,68 : 77.88"
"20,69 : 53.08"
"20,70 : 77.88"
"20,71 : 64.35"
"20,72 : 80.22"
"20,73 : 20.52"
"20,74 : 66.71"
"20,75 : 79.2"
"20,76 : 89.44"
"20,77 : 48.17"
"20,78 : 35.17"
"20,79 : 76.01"
"20,80 : 56.46"
"20,81 : 110.39"
"20,82 : 64.29"
"20,83 : 15.26"
"20,84 : 57.14"
"20,85 : 104.64"
"20,86 : 74.32"
"20,87 : 65.12"
"20,88 : 25.0"
"20,89 : 68.01"
"20,90 : 55.66"
"20,91 : 99.76"
"20,92 : 81.47"
"20,93 : 38.05"
"20,94 : 80.16"
"20,95 : 52.09"
"20,96 : 22.67"
"20,97 : 79.62"
"20,98 : 60.93"
"20,99 : 54.41"
"21,0 : 46.32"
"21,1 : 29.73"
"21,2 : 51.48"
"21,3 : 46.04"
"21,4 : 37.58"
"21,5 : 31.91"
"21,6 : 27.0"
"21,7 : 21.95"
"21,8 : 44.72"
"21,9 : 54.67"
"21,10 : 49.58"
"21,11 : 38.9"
"21,12 : 38.28"
"21,13 : 44.55"
"21,14 : 27.66"
"21,15 : 24.19"
"21,16 : 62.97"
"21,17 : 52.01"
"21,18 : 15.81"
"21,19 : 50.99"
"21,20 : 48.6"
"21,21 : 0.0"
"21,22 : 27.46"
"21,23 : 33.38"
"21,24 : 45.79"
"21,25 : 31.32"
"21,26 : 51.11"
"21,27 : 58.26"
"21,28 : 17.46"
"21,29 : 66.47"
"21,30 : 62.2"
"21,31 : 28.16"
"21,32 : 51.86"
"21,33 : 38.33"
"21,34 : 53.23"
"21,35 : 26.4"
"21,36 : 49.03"
"21,37 : 58.41"
"21,38 : 31.89"
"21,39 : 51.24"
"21,40 : 41.0"
"21,41 : 55.44"
"21,42 : 51.09"
"21,43 : 37.01"
"21,44 : 16.55"
"21,45 : 36.24"
"21,46 : 53.26"
"21,47 : 17.89"
"21,48 : 60.0"
"21,49 : 20.02"
"21,50 : 34.06"
"21,51 : 56.61"
"21,52 : 39.22"
"21,53 : 48.1"
"21,54 : 29.73"
"21,55 : 18.68"
"21,56 : 57.2"
"21,57 : 49.65"
"21,58 : 42.01"
"21,59 : 48.09"
"21,60 : 48.27"
"21,61 : 25.06"
"21,62 : 53.76"
"21,63 : 55.32"
"21,64 : 42.06"
"21,65 : 42.94"
"21,66 : 32.7"
"21,67 : 38.12"
"21,68 : 42.58"
"21,69 : 48.37"
"21,70 : 42.58"
"21,71 : 17.46"
"21,72 : 68.01"
"21,73 : 50.61"
"21,74 : 29.53"
"21,75 : 30.61"
"21,76 : 42.45"
"21,77 : 39.82"
"21,78 : 48.26"
"21,79 : 61.72"
"21,80 : 28.6"
"21,81 : 62.29"
"21,82 : 51.43"
"21,83 : 63.03"
"21,84 : 9.22"
"21,85 : 56.08"
"21,86 : 40.02"
"21,87 : 44.2"
"21,88 : 32.2"
"21,89 : 22.8"
"21,90 : 32.56"
"21,91 : 52.7"
"21,92 : 33.3"
"21,93 : 31.02"
"21,94 : 31.83"
"21,95 : 47.89"
"21,96 : 26.83"
"21,97 : 33.38"
"21,98 : 17.72"
"21,99 : 32.53"
"22,0 : 72.5"
"22,1 : 18.38"
"22,2 : 78.0"
"22,3 : 43.01"
"22,4 : 13.04"
"22,5 : 54.41"
"22,6 : 54.23"
"22,7 : 40.5"
"22,8 : 45.54"
"22,9 : 75.24"
"22,10 : 68.0"
"22,11 : 44.6"
"22,12 : 61.13"
"22,13 : 69.12"
"22,14 : 39.66"
"22,15 : 50.92"
"22,16 : 82.3"
"22,17 : 74.81"
"22,18 : 42.0"
"22,19 : 78.45"
"22,20 : 74.24"
"22,21 : 27.46"
"22,22 : 0.0"
"22,23 : 43.91"
"22,24 : 72.09"
"22,25 : 30.81"
"22,26 : 39.01"
"22,27 : 45.69"
"22,28 : 11.18"
"22,29 : 55.71"
"22,30 : 87.71"
"22,31 : 44.6"
"22,32 : 30.87"
"22,33 : 11.0"
"22,34 : 80.06"
"22,35 : 45.88"
"22,36 : 56.73"
"22,37 : 51.79"
"22,38 : 26.17"
"22,39 : 55.32"
"22,40 : 13.6"
"22,41 : 38.83"
"22,42 : 30.46"
"22,43 : 49.4"
"22,44 : 39.45"
"22,45 : 18.03"
"22,46 : 32.2"
"22,47 : 28.32"
"22,48 : 43.93"
"22,49 : 47.17"
"22,50 : 53.31"
"22,51 : 33.84"
"22,52 : 66.48"
"22,53 : 66.6"
"22,54 : 18.38"
"22,55 : 9.0"
"22,56 : 43.38"
"22,57 : 49.16"
"22,58 : 45.22"
"22,59 : 75.43"
"22,60 : 69.08"
"22,61 : 17.72"
"22,62 : 47.07"
"22,63 : 43.66"
"22,64 : 42.58"
"22,65 : 66.71"
"22,66 : 53.15"
"22,67 : 11.18"
"22,68 : 50.25"
"22,69 : 71.57"
"22,70 : 50.25"
"22,71 : 22.83"
"22,72 : 85.44"
"22,73 : 71.45"
"22,74 : 19.03"
"22,75 : 14.32"
"22,76 : 15.23"
"22,77 : 63.56"
"22,78 : 75.0"
"22,79 : 79.08"
"22,80 : 47.54"
"22,81 : 43.66"
"22,82 : 51.16"
"22,83 : 87.66"
"22,84 : 18.25"
"22,85 : 34.89"
"22,86 : 49.52"
"22,87 : 61.77"
"22,88 : 53.26"
"22,89 : 27.02"
"22,90 : 52.55"
"22,91 : 39.05"
"22,92 : 20.62"
"22,93 : 45.61"
"22,94 : 18.68"
"22,95 : 71.31"
"22,96 : 53.76"
"22,97 : 6.0"
"22,98 : 14.14"
"22,99 : 53.14"
"23,0 : 44.72"
"23,1 : 57.01"
"23,2 : 50.64"
"23,3 : 21.59"
"23,4 : 56.94"
"23,5 : 22.8"
"23,6 : 45.97"
"23,7 : 54.41"
"23,8 : 16.55"
"23,9 : 82.66"
"23,10 : 79.65"
"23,11 : 8.06"
"23,12 : 65.46"
"23,13 : 37.05"
"23,14 : 61.0"
"23,15 : 33.42"
"23,16 : 91.53"
"23,17 : 37.85"
"23,18 : 42.94"
"23,19 : 59.62"
"23,20 : 44.18"
"23,21 : 33.38"
"23,22 : 43.91"
"23,23 : 0.0"
"23,24 : 44.91"
"23,25 : 63.13"
"23,26 : 79.81"
"23,27 : 40.2"
"23,28 : 41.48"
"23,29 : 44.27"
"23,30 : 55.15"
"23,31 : 9.43"
"23,32 : 74.71"
"23,33 : 50.33"
"23,34 : 53.94"
"23,35 : 57.94"
"23,36 : 82.38"
"23,37 : 33.62"
"23,38 : 22.47"
"23,39 : 18.87"
"23,40 : 54.67"
"23,41 : 81.71"
"23,42 : 74.24"
"23,43 : 5.66"
"23,44 : 21.63"
"23,45 : 60.54"
"23,46 : 76.06"
"23,47 : 17.26"
"23,48 : 86.73"
"23,49 : 42.2"
"23,50 : 64.88"
"23,51 : 77.7"
"23,52 : 46.52"
"23,53 : 25.06"
"23,54 : 57.01"
"23,55 : 40.16"
"23,56 : 41.01"
"23,57 : 21.1"
"23,58 : 75.11"
"23,59 : 60.9"
"23,60 : 76.55"
"23,61 : 27.02"
"23,62 : 84.85"
"23,63 : 37.12"
"23,64 : 15.52"
"23,65 : 68.25"
"23,66 : 18.25"
"23,67 : 48.84"
"23,68 : 75.95"
"23,69 : 73.88"
"23,70 : 75.95"
"23,71 : 49.04"
"23,72 : 97.75"
"23,73 : 31.95"
"23,74 : 28.32"
"23,75 : 55.36"
"23,76 : 56.85"
"23,77 : 65.6"
"23,78 : 65.22"
"23,79 : 91.79"
"23,80 : 60.17"
"23,81 : 87.24"
"23,82 : 22.2"
"23,83 : 52.77"
"23,84 : 35.23"
"23,85 : 78.77"
"23,86 : 73.35"
"23,87 : 75.15"
"23,88 : 19.42"
"23,89 : 55.01"
"23,90 : 63.07"
"23,91 : 80.65"
"23,92 : 60.44"
"23,93 : 6.32"
"23,94 : 58.52"
"23,95 : 73.11"
"23,96 : 35.81"
"23,97 : 47.2"
"23,98 : 30.46"
"23,99 : 62.61"
"24,0 : 1.0"
"24,1 : 74.81"
"24,2 : 6.08"
"24,3 : 66.49"
"24,4 : 83.24"
"24,5 : 22.2"
"24,6 : 26.83"
"24,7 : 51.31"
"24,8 : 61.13"
"24,9 : 59.08"
"24,10 : 61.29"
"24,11 : 52.63"
"24,12 : 45.54"
"24,13 : 9.9"
"24,14 : 60.75"
"24,15 : 21.63"
"24,16 : 67.36"
"24,17 : 18.38"
"24,18 : 37.64"
"24,19 : 17.8"
"24,20 : 5.0"
"24,21 : 45.79"
"24,22 : 72.09"
"24,23 : 44.91"
"24,24 : 0.0"
"24,25 : 72.25"
"24,26 : 94.07"
"24,27 : 85.0"
"24,28 : 63.13"
"24,29 : 89.02"
"24,30 : 17.03"
"24,31 : 36.22"
"24,32 : 97.42"
"24,33 : 82.28"
"24,34 : 9.06"
"24,35 : 50.54"
"24,36 : 77.62"
"24,37 : 78.16"
"24,38 : 63.07"
"24,39 : 59.51"
"24,40 : 85.62"
"24,41 : 99.82"
"24,42 : 96.61"
"24,43 : 42.06"
"24,44 : 33.24"
"24,45 : 81.84"
"24,46 : 98.81"
"24,47 : 47.68"
"24,48 : 103.97"
"24,49 : 31.4"
"24,50 : 52.81"
"24,51 : 102.34"
"24,52 : 11.18"
"24,53 : 30.41"
"24,54 : 74.81"
"24,55 : 63.95"
"24,56 : 85.59"
"24,57 : 65.15"
"24,58 : 77.18"
"24,59 : 22.85"
"24,60 : 55.04"
"24,61 : 62.17"
"24,62 : 93.6"
"24,63 : 81.88"
"24,64 : 60.42"
"24,65 : 44.01"
"24,66 : 26.68"
"24,67 : 81.6"
"24,68 : 73.35"
"24,69 : 48.09"
"24,70 : 73.35"
"24,71 : 60.96"
"24,72 : 75.24"
"24,73 : 24.41"
"24,74 : 65.76"
"24,75 : 76.28"
"24,76 : 87.32"
"24,77 : 43.19"
"24,78 : 30.36"
"24,79 : 71.01"
"24,80 : 51.89"
"24,81 : 107.06"
"24,82 : 65.79"
"24,83 : 19.7"
"24,84 : 54.59"
"24,85 : 101.61"
"24,86 : 69.78"
"24,87 : 60.21"
"24,88 : 25.5"
"24,89 : 64.35"
"24,90 : 50.92"
"24,91 : 96.17"
"24,92 : 78.24"
"24,93 : 38.64"
"24,94 : 77.01"
"24,95 : 47.1"
"24,96 : 19.21"
"24,97 : 77.62"
"24,98 : 59.14"
"24,99 : 49.65"
"25,0 : 73.0"
"25,1 : 13.6"
"25,2 : 77.08"
"25,3 : 70.09"
"25,4 : 28.65"
"25,5 : 62.65"
"25,6 : 46.86"
"25,7 : 22.83"
"25,8 : 70.86"
"25,9 : 51.24"
"25,10 : 42.58"
"25,11 : 67.07"
"25,12 : 41.98"
"25,13 : 73.5"
"25,14 : 15.3"
"25,15 : 51.61"
"25,16 : 56.52"
"25,17 : 81.99"
"25,18 : 34.66"
"25,19 : 71.28"
"25,20 : 76.06"
"25,21 : 31.32"
"25,22 : 30.81"
"25,23 : 63.13"
"25,24 : 72.25"
"25,25 : 0.0"
"25,26 : 22.02"
"25,27 : 76.06"
"25,28 : 24.04"
"25,29 : 85.87"
"25,30 : 89.27"
"25,31 : 59.23"
"25,32 : 31.14"
"25,33 : 38.29"
"25,34 : 77.83"
"25,35 : 26.57"
"25,36 : 26.17"
"25,37 : 80.65"
"25,38 : 53.16"
"25,39 : 79.23"
"25,40 : 37.44"
"25,41 : 29.07"
"25,42 : 30.15"
"25,43 : 67.48"
"25,44 : 47.76"
"25,45 : 20.25"
"25,46 : 32.25"
"25,47 : 46.01"
"25,48 : 32.45"
"25,49 : 41.01"
"25,50 : 31.26"
"25,51 : 37.12"
"25,52 : 62.97"
"25,53 : 79.38"
"25,54 : 13.6"
"25,55 : 26.57"
"25,56 : 73.93"
"25,57 : 75.31"
"25,58 : 14.42"
"25,59 : 65.86"
"25,60 : 46.01"
"25,61 : 43.97"
"25,62 : 22.47"
"25,63 : 73.79"
"25,64 : 67.9"
