x,y
14,10
60,75
7,7
23,44
41,16
97,70
63,5
16,96
9,1
4,79
92,58
92,20
65,47
8,89
69,48
36,30
29,14
52,54
80,87
31,58
45,8
69,91
44,1
80,77
82,43
16,91
53,79
92,2
65,69
8,61
76,35
11,73
33,34
65,87
62,30
18,88
59,40
9,72
18,99
87,84
23,7
49,21
14,95
14,8
12,37
63,58
16,70
21,59
11,64
80,6
64,97
92,62
40,9
77,67
87,1
16,11
14,7
88,90
77,46
45,18
19,14
23,46
99,9
58,46
51,84
1,92
98,0
80,6
91,48
76,18
88,83
7,83
71,47
26,13
54,94
94,13
51,18
40,75
79,38
80,89
17,40
27,52
50,56
12,30
29,7
50,51
18,47
36,45
67,81
64,80
41,54
23,88
53,6
65,99
92,99
66,7
38,45
48,95
61,40
78,88

Distanze
"0,0 : 0.0"
"0,1 : 42.54"
"0,2 : 50.92"
"0,3 : 49.04"
"0,4 : 8.06"
"0,5 : 44.78"
"0,6 : 48.51"
"0,7 : 98.27"
"0,8 : 50.0"
"0,9 : 94.94"
"0,10 : 53.34"
"0,11 : 42.44"
"0,12 : 89.87"
"0,13 : 24.33"
"0,14 : 88.59"
"0,15 : 45.18"
"0,16 : 44.1"
"0,17 : 54.63"
"0,18 : 75.77"
"0,19 : 49.82"
"0,20 : 45.88"
"0,21 : 84.5"
"0,22 : 44.72"
"0,23 : 42.06"
"0,24 : 30.89"
"0,25 : 61.13"
"0,26 : 57.43"
"0,27 : 11.4"
"0,28 : 94.94"
"0,29 : 97.08"
"0,30 : 43.19"
"0,31 : 14.32"
"0,32 : 29.53"
"0,33 : 13.45"
"0,34 : 81.74"
"0,35 : 28.46"
"0,36 : 28.02"
"0,37 : 67.42"
"0,38 : 75.33"
"0,39 : 62.36"
"0,40 : 74.89"
"0,41 : 44.28"
"0,42 : 86.83"
"0,43 : 76.24"
"0,44 : 86.4"
"0,45 : 92.18"
"0,46 : 16.03"
"0,47 : 83.93"
"0,48 : 33.84"
"0,49 : 5.83"
"0,50 : 49.65"
"0,51 : 47.51"
"0,52 : 58.31"
"0,53 : 80.4"
"0,54 : 83.19"
"0,55 : 18.87"
"0,56 : 38.42"
"0,57 : 33.12"
"0,58 : 91.92"
"0,59 : 27.2"
"0,60 : 40.26"
"0,61 : 44.72"
"0,62 : 98.41"
"0,63 : 50.09"
"0,64 : 91.09"
"0,65 : 38.48"
"0,66 : 55.32"
"0,67 : 61.22"
"0,68 : 71.51"
"0,69 : 60.01"
"0,70 : 67.6"
"0,71 : 56.75"
"0,72 : 48.27"
"0,73 : 54.92"
"0,74 : 15.0"
"0,75 : 53.45"
"0,76 : 4.0"
"0,77 : 50.12"
"0,78 : 36.4"
"0,79 : 49.16"
"0,80 : 46.84"
"0,81 : 84.63"
"0,82 : 46.57"
"0,83 : 63.41"
"0,84 : 50.6"
"0,85 : 23.6"
"0,86 : 27.29"
"0,87 : 30.15"
"0,88 : 42.58"
"0,89 : 76.54"
"0,90 : 62.23"
"0,91 : 49.34"
"0,92 : 16.55"
"0,93 : 32.7"
"0,94 : 44.28"
"0,95 : 76.37"
"0,96 : 37.12"
"0,97 : 72.95"
"0,98 : 13.0"
"0,99 : 11.4"
"1,0 : 42.54"
"1,1 : 0.0"
"1,2 : 38.01"
"1,3 : 78.26"
"1,4 : 36.4"
"1,5 : 64.85"
"1,6 : 44.55"
"1,7 : 112.2"
"1,8 : 72.73"
"1,9 : 70.01"
"1,10 : 85.59"
"1,11 : 8.06"
"1,12 : 106.53"
"1,13 : 19.85"
"1,14 : 61.07"
"1,15 : 86.59"
"1,16 : 76.32"
"1,17 : 37.12"
"1,18 : 86.21"
"1,19 : 23.41"
"1,20 : 37.48"
"1,21 : 92.76"
"1,22 : 54.2"
"1,23 : 4.12"
"1,24 : 26.0"
"1,25 : 61.52"
"1,26 : 78.0"
"1,27 : 32.98"
"1,28 : 104.06"
"1,29 : 71.03"
"1,30 : 21.38"
"1,31 : 34.71"
"1,32 : 26.57"
"1,33 : 30.81"
"1,34 : 86.28"
"1,35 : 49.03"
"1,36 : 21.1"
"1,37 : 96.54"
"1,38 : 74.03"
"1,39 : 70.6"
"1,40 : 45.1"
"1,41 : 30.48"
"1,42 : 100.21"
"1,43 : 58.52"
"1,44 : 104.81"
"1,45 : 73.55"
"1,46 : 28.02"
"1,47 : 66.22"
"1,48 : 67.03"
"1,49 : 36.77"
"1,50 : 88.46"
"1,51 : 14.32"
"1,52 : 71.34"
"1,53 : 70.21"
"1,54 : 58.08"
"1,55 : 55.44"
"1,56 : 19.85"
"1,57 : 25.94"
"1,58 : 68.12"
"1,59 : 55.23"
"1,60 : 53.71"
"1,61 : 54.2"
"1,62 : 110.11"
"1,63 : 48.84"
"1,64 : 96.21"
"1,65 : 4.12"
"1,66 : 45.8"
"1,67 : 83.01"
"1,68 : 51.92"
"1,69 : 40.85"
"1,70 : 69.31"
"1,71 : 94.05"
"1,72 : 58.31"
"1,73 : 61.4"
"1,74 : 29.41"
"1,75 : 90.01"
"1,76 : 41.11"
"1,77 : 68.54"
"1,78 : 73.11"
"1,79 : 53.6"
"1,80 : 84.1"
"1,81 : 102.22"
"1,82 : 84.15"
"1,83 : 33.0"
"1,84 : 63.13"
"1,85 : 58.08"
"1,86 : 63.13"
"1,87 : 43.97"
"1,88 : 10.44"
"1,89 : 90.97"
"1,90 : 87.28"
"1,91 : 61.77"
"1,92 : 46.04"
"1,93 : 53.6"
"1,94 : 13.0"
"1,95 : 100.09"
"1,96 : 41.18"
"1,97 : 47.17"
"1,98 : 44.28"
"1,99 : 31.3"
"2,0 : 50.92"
"2,1 : 38.01"
"2,2 : 0.0"
"2,3 : 57.57"
"2,4 : 43.01"
"2,5 : 40.02"
"2,6 : 10.0"
"2,7 : 76.94"
"2,8 : 47.68"
"2,9 : 44.29"
"2,10 : 66.41"
"2,11 : 30.0"
"2,12 : 72.8"
"2,13 : 44.55"
"2,14 : 39.05"
"2,15 : 80.92"
"2,16 : 59.09"
"2,17 : 5.39"
"2,18 : 50.99"
"2,19 : 16.64"
"2,20 : 5.66"
"2,21 : 56.3"
"2,22 : 25.32"
"2,23 : 41.88"
"2,24 : 21.1"
"2,25 : 24.7"
"2,26 : 50.01"
"2,27 : 40.26"
"2,28 : 67.42"
"2,29 : 46.65"
"2,30 : 58.14"
"2,31 : 54.15"
"2,32 : 22.2"
"2,33 : 38.83"
"2,34 : 49.04"
"2,35 : 33.42"
"2,36 : 50.22"
"2,37 : 72.56"
"2,38 : 36.12"
"2,39 : 36.06"
"2,40 : 28.65"
"2,41 : 8.25"
"2,42 : 65.31"
"2,43 : 25.5"
"2,44 : 72.12"
"2,45 : 41.59"
"2,46 : 47.01"
"2,47 : 33.38"
"2,48 : 53.54"
"2,49 : 46.57"
"2,50 : 77.18"
"2,51 : 25.5"
"2,52 : 39.46"
"2,53 : 33.24"
"2,54 : 33.02"
"2,55 : 50.33"
"2,56 : 19.31"
"2,57 : 19.03"
"2,58 : 41.15"
"2,59 : 42.01"
"2,60 : 28.46"
"2,61 : 25.32"
"2,62 : 74.09"
"2,63 : 14.14"
"2,64 : 58.8"
"2,65 : 36.72"
"2,66 : 7.81"
"2,67 : 55.0"
"2,68 : 20.62"
"2,69 : 9.9"
"2,70 : 32.2"
"2,71 : 79.62"
"2,72 : 28.02"
"2,73 : 27.66"
"2,74 : 48.04"
"2,75 : 75.15"
"2,76 : 47.17"
"2,77 : 41.19"
"2,78 : 61.85"
"2,79 : 21.02"
"2,80 : 71.2"
"2,81 : 69.26"
"2,82 : 71.69"
"2,83 : 22.09"
"2,84 : 33.0"
"2,85 : 49.52"
"2,86 : 53.91"
"2,87 : 26.91"
"2,88 : 48.02"
"2,89 : 57.25"
"2,90 : 61.13"
"2,91 : 32.02"
"2,92 : 40.8"
"2,93 : 34.99"
"2,94 : 50.77"
"2,95 : 71.25"
"2,96 : 17.8"
"2,97 : 24.08"
"2,98 : 42.19"
"2,99 : 45.4"
"3,0 : 49.04"
"3,1 : 78.26"
"3,2 : 57.57"
"3,3 : 0.0"
"3,4 : 48.37"
"3,5 : 17.89"
"3,6 : 48.1"
"3,7 : 54.57"
"3,8 : 12.04"
"3,9 : 94.4"
"3,10 : 8.94"
"3,11 : 73.33"
"3,12 : 44.92"
"3,13 : 67.62"
"3,14 : 92.78"
"3,15 : 35.69"
"3,16 : 7.07"
"3,17 : 62.94"
"3,18 : 40.02"
"3,19 : 69.46"
"3,20 : 52.63"
"3,21 : 48.66"
"3,22 : 32.7"
"3,23 : 80.05"
"3,24 : 53.15"
"3,25 : 45.34"
"3,26 : 16.76"
"3,27 : 50.09"
"3,28 : 56.0"
"3,29 : 97.42"
"3,30 : 88.24"
"3,31 : 63.01"
"3,32 : 52.24"
"3,33 : 51.48"
"3,34 : 50.92"
"3,35 : 29.27"
"3,36 : 73.35"
"3,37 : 18.79"
"3,38 : 53.82"
"3,39 : 35.81"
"3,40 : 85.8"
"3,41 : 57.71"
"3,42 : 45.18"
"3,43 : 73.24"
"3,44 : 40.5"
"3,45 : 84.9"
"3,46 : 61.77"
"3,47 : 78.1"
"3,48 : 15.62"
"3,49 : 51.31"
"3,50 : 25.5"
"3,51 : 74.0"
"3,52 : 28.02"
"3,53 : 67.21"
"3,54 : 86.09"
"3,55 : 30.41"
"3,56 : 62.01"
"3,57 : 54.04"
"3,58 : 90.8"
"3,59 : 23.77"
"3,60 : 29.12"
"3,61 : 32.7"
"3,62 : 56.57"
"3,63 : 45.19"
"3,64 : 57.07"
"3,65 : 74.53"
"3,66 : 55.04"
"3,67 : 17.0"
"3,68 : 72.56"
"3,69 : 66.48"
"3,70 : 46.23"
"3,71 : 24.04"
"3,72 : 31.38"
"3,73 : 36.24"
"3,74 : 61.4"
"3,75 : 19.85"
"3,76 : 46.62"
"3,77 : 19.1"
"3,78 : 18.44"
"3,79 : 38.47"
"3,80 : 19.31"
"3,81 : 39.56"
"3,82 : 20.25"
"3,83 : 79.31"
"3,84 : 27.8"
"3,85 : 25.5"
"3,86 : 22.8"
"3,87 : 35.01"
"3,88 : 83.52"
"3,89 : 36.01"
"3,90 : 14.32"
"3,91 : 28.02"
"3,92 : 34.89"
"3,93 : 25.02"
"3,94 : 86.02"
"3,95 : 28.02"
"3,96 : 41.44"
"3,97 : 80.11"
"3,98 : 38.08"
"3,99 : 56.44"
"4,0 : 8.06"
"4,1 : 36.4"
"4,2 : 43.01"
"4,3 : 48.37"
"4,4 : 0.0"
"4,5 : 41.23"
"4,6 : 41.11"
"4,7 : 94.63"
"4,8 : 47.38"
"4,9 : 86.93"
"4,10 : 53.85"
"4,11 : 35.36"
"4,12 : 86.68"
"4,13 : 20.22"
"4,14 : 80.53"
"4,15 : 50.22"
"4,16 : 44.38"
"4,17 : 46.62"
"4,18 : 71.12"
"4,19 : 41.87"
"4,20 : 38.08"
"4,21 : 79.62"
"4,22 : 38.9"
"4,23 : 36.5"
"4,24 : 22.83"
"4,25 : 54.59"
"4,26 : 54.49"
"4,27 : 3.61"
"4,28 : 90.35"
"4,29 : 89.05"
"4,30 : 40.52"
"4,31 : 15.81"
"4,32 : 21.47"
"4,33 : 5.83"
"4,34 : 76.22"
"4,35 : 23.85"
"4,36 : 25.3"
"4,37 : 67.12"
"4,38 : 68.88"
"4,39 : 57.01"
"4,40 : 66.85"
"4,41 : 36.25"
"4,42 : 82.93"
"4,43 : 68.41"
"4,44 : 83.55"
"4,45 : 84.4"
"4,46 : 13.42"
"4,47 : 76.16"
"4,48 : 34.18"
"4,49 : 4.12"
"4,50 : 53.01"
"4,51 : 40.0"
"4,52 : 53.71"
"4,53 : 73.11"
"4,54 : 75.15"
"4,55 : 20.22"
"4,56 : 30.48"
"4,57 : 25.06"
"4,58 : 83.93"
"4,59 : 25.0"
"4,60 : 34.93"
"4,61 : 38.9"
"4,62 : 94.34"
"4,63 : 43.01"
"4,64 : 85.8"
"4,65 : 32.28"
"4,66 : 47.68"
"4,67 : 58.69"
"4,68 : 63.57"
"4,69 : 52.0"
"4,70 : 61.39"
"4,71 : 59.41"
"4,72 : 42.72"
"4,73 : 49.04"
"4,74 : 13.04"
"4,75 : 55.73"
"4,76 : 5.0"
"4,77 : 46.4"
"4,78 : 38.47"
"4,79 : 42.76"
"4,80 : 49.37"
"4,81 : 81.57"
"4,82 : 49.25"
"4,83 : 55.44"
"4,84 : 45.62"
"4,85 : 24.04"
"4,86 : 28.64"
"4,87 : 24.04"
"4,88 : 38.0"
"4,89 : 72.67"
"4,90 : 60.61"
"4,91 : 44.28"
"4,92 : 13.6"
"4,93 : 28.6"
"4,94 : 40.05"
"4,95 : 74.65"
"4,96 : 30.02"
"4,97 : 64.88"
"4,98 : 10.3"
"4,99 : 8.06"
"5,0 : 44.78"
"5,1 : 64.85"
"5,2 : 40.02"
"5,3 : 17.89"
"5,4 : 41.23"
"5,5 : 0.0"
"5,6 : 30.36"
"5,7 : 53.54"
"5,8 : 8.06"
"5,9 : 76.84"
"5,10 : 26.83"
"5,11 : 58.94"
"5,12 : 45.45"
"5,13 : 57.8"
"5,14 : 74.95"
"5,15 : 48.76"
"5,16 : 21.21"
"5,17 : 45.35"
"5,18 : 31.78"
"5,19 : 53.0"
"5,20 : 35.36"
"5,21 : 40.79"
"5,22 : 14.87"
"5,23 : 67.23"
"5,24 : 38.9"
"5,25 : 28.43"
"5,26 : 13.6"
"5,27 : 41.73"
"5,28 : 50.6"
"5,29 : 79.81"
"5,30 : 77.94"
"5,31 : 57.01"
"5,32 : 38.28"
"5,33 : 42.45"
"5,34 : 40.01"
"5,35 : 17.69"
"5,36 : 64.03"
"5,37 : 33.0"
"5,38 : 39.0"
"5,39 : 21.59"
"5,40 : 68.01"
"5,41 : 41.01"
"5,42 : 42.06"
"5,43 : 55.61"
"5,44 : 42.43"
"5,45 : 67.94"
"5,46 : 53.74"
"5,47 : 60.83"
"5,48 : 20.88"
"5,49 : 45.0"
"5,50 : 41.11"
"5,51 : 58.55"
"5,52 : 15.0"
"5,53 : 50.8"
"5,54 : 68.26"
"5,55 : 29.61"
"5,56 : 46.87"
"5,57 : 39.29"
"5,58 : 73.25"
"5,59 : 18.03"
"5,60 : 12.0"
"5,61 : 14.87"
"5,62 : 53.67"
"5,63 : 27.31"
"5,64 : 48.26"
"5,65 : 61.47"
"5,66 : 37.16"
"5,67 : 18.36"
"5,68 : 54.71"
"5,69 : 48.7"
"5,70 : 30.87"
"5,71 : 41.4"
"5,72 : 13.6"
"5,73 : 19.21"
"5,74 : 53.76"
"5,75 : 37.01"
"5,76 : 41.34"
"5,77 : 5.39"
"5,78 : 28.64"
"5,79 : 20.59"
"5,80 : 34.71"
"5,81 : 40.36"
"5,82 : 35.47"
"5,83 : 61.98"
"5,84 : 10.82"
"5,85 : 25.18"
"5,86 : 26.08"
"5,87 : 21.02"
"5,88 : 71.55"
"5,89 : 31.76"
"5,90 : 22.56"
"5,91 : 10.63"
"5,92 : 28.3"
"5,93 : 12.73"
"5,94 : 74.24"
"5,95 : 35.34"
"5,96 : 25.08"
"5,97 : 62.24"
"5,98 : 31.91"
"5,99 : 48.84"
"6,0 : 48.51"
"6,1 : 44.55"
"6,2 : 10.0"
"6,3 : 48.1"
"6,4 : 41.11"
"6,5 : 30.36"
"6,6 : 0.0"
"6,7 : 68.26"
"6,8 : 37.85"
"6,9 : 49.82"
"6,10 : 57.01"
"6,11 : 36.88"
"6,12 : 63.56"
"6,13 : 47.17"
"6,14 : 46.1"
"6,15 : 73.54"
"6,16 : 50.12"
"6,17 : 15.13"
"6,18 : 42.19"
"6,19 : 25.63"
"6,20 : 7.21"
"6,21 : 48.27"
"6,22 : 15.52"
"6,23 : 48.1"
"6,24 : 22.47"
"6,25 : 17.03"
"6,26 : 40.01"
"6,27 : 39.0"
"6,28 : 59.55"
"6,29 : 52.5"
"6,30 : 63.25"
"6,31 : 54.33"
"6,32 : 23.09"
"6,33 : 38.05"
"6,34 : 41.77"
"6,35 : 26.4"
"6,36 : 53.31"
"6,37 : 62.65"
"6,38 : 30.41"
"6,39 : 26.83"
"6,40 : 37.7"
"6,41 : 14.42"
"6,42 : 56.44"
"6,43 : 29.15"
"6,44 : 62.63"
"6,45 : 44.38"
"6,46 : 47.85"
"6,47 : 36.25"
"6,48 : 45.45"
"6,49 : 45.04"
"6,50 : 68.82"
"6,51 : 33.62"
"6,52 : 29.61"
"6,53 : 32.02"
"6,54 : 39.62"
"6,55 : 44.42"
"6,56 : 24.76"
"6,57 : 21.02"
"6,58 : 46.4"
"6,59 : 34.71"
"6,60 : 19.24"
"6,61 : 15.52"
"6,62 : 65.8"
"6,63 : 4.47"
"6,64 : 51.74"
"6,65 : 42.52"
"6,66 : 7.81"
"6,67 : 45.0"
"6,68 : 26.17"
"6,69 : 18.38"
"6,70 : 24.84"
"6,71 : 70.71"
"6,72 : 18.03"
"6,73 : 18.03"
"6,74 : 48.66"
"6,75 : 66.24"
"6,76 : 44.55"
"6,77 : 31.26"
"6,78 : 53.91"
"6,79 : 11.05"
"6,80 : 62.68"
"6,81 : 59.81"
"6,82 : 63.25"
"6,83 : 32.06"
"6,84 : 23.0"
"6,85 : 42.8"
"6,86 : 46.75"
"6,87 : 20.59"
"6,88 : 53.91"
"6,89 : 47.93"
"6,90 : 51.16"
"6,91 : 22.02"
"6,92 : 35.85"
"6,93 : 26.91"
"6,94 : 56.73"
"6,95 : 61.29"
"6,96 : 11.7"
"6,97 : 32.25"
"6,98 : 37.95"
"6,99 : 45.18"
"7,0 : 98.27"
"7,1 : 112.2"
"7,2 : 76.94"
"7,3 : 54.57"
"7,4 : 94.63"
"7,5 : 53.54"
"7,6 : 68.26"
"7,7 : 0.0"
"7,8 : 48.75"
"7,9 : 89.05"
"7,10 : 57.22"
"7,11 : 104.86"
"7,12 : 10.0"
"7,13 : 109.66"
"7,14 : 93.19"
"7,15 : 88.2"
"7,16 : 61.61"
"7,17 : 80.53"
"7,18 : 26.08"
"7,19 : 93.54"
"7,20 : 75.47"
"7,21 : 21.59"
"7,22 : 58.73"
"7,23 : 115.42"
"7,24 : 87.21"
"7,25 : 52.33"
"7,26 : 41.15"
"7,27 : 94.81"
"7,28 : 13.34"
"7,29 : 92.09"
"7,30 : 128.76"
"7,31 : 110.44"
"7,32 : 87.11"
"7,33 : 95.27"
"7,34 : 30.41"
"7,35 : 70.8"
"7,36 : 116.04"
"7,37 : 45.18"
"7,38 : 44.91"
"7,39 : 41.62"
"7,40 : 95.57"
"7,41 : 82.68"
"7,42 : 12.04"
"7,43 : 73.82"
"7,44 : 15.03"
"7,45 : 75.17"
"7,46 : 106.67"
"7,47 : 73.06"
"7,48 : 68.95"
"7,49 : 98.47"
"7,50 : 76.03"
"7,51 : 101.87"
"7,52 : 41.73"
"7,53 : 59.14"
"7,54 : 87.46"
"7,55 : 81.86"
"7,56 : 92.42"
"7,57 : 86.68"
"7,58 : 86.01"
"7,59 : 71.2"
"7,60 : 60.88"
"7,61 : 58.73"
"7,62 : 5.83"
"7,63 : 63.81"
"7,64 : 24.19"
"7,65 : 109.64"
"7,66 : 69.78"
"7,67 : 38.28"
"7,68 : 77.88"
"7,69 : 80.41"
"7,70 : 45.31"
"7,71 : 70.11"
"7,72 : 54.49"
"7,73 : 50.8"
"7,74 : 106.83"
"7,75 : 68.0"
"7,76 : 94.87"
"7,77 : 48.26"
"7,78 : 73.01"
"7,79 : 58.6"
"7,80 : 71.25"
"7,81 : 15.13"
"7,82 : 72.25"
"7,83 : 96.21"
"7,84 : 50.21"
"7,85 : 76.97"
"7,86 : 75.96"
"7,87 : 72.25"
"7,88 : 120.74"
"7,89 : 22.02"
"7,90 : 40.61"
"7,91 : 51.62"
"7,92 : 81.84"
"7,93 : 66.03"
"7,94 : 123.56"
"7,95 : 30.15"
"7,96 : 71.59"
"7,97 : 88.29"
"7,98 : 85.44"
"7,99 : 102.0"
"8,0 : 50.0"
"8,1 : 72.73"
"8,2 : 47.68"
"8,3 : 12.04"
"8,4 : 47.38"
"8,5 : 8.06"
"8,6 : 37.85"
"8,7 : 48.75"
"8,8 : 0.0"
"8,9 : 82.66"
"8,10 : 20.62"
"8,11 : 66.94"
"8,12 : 39.96"
"8,13 : 64.9"
"8,14 : 81.41"
"8,15 : 46.49"
"8,16 : 17.46"
"8,17 : 52.95"
"8,18 : 30.02"
"8,19 : 61.01"
"8,20 : 43.19"
"8,21 : 39.0"
"8,22 : 22.36"
"8,23 : 75.03"
"8,24 : 46.84"
"8,25 : 33.42"
"8,26 : 7.62"
"8,27 : 48.27"
"8,28 : 47.68"
"8,29 : 85.7"
"8,30 : 85.23"
"8,31 : 62.97"
"8,32 : 46.17"
"8,33 : 49.2"
"8,34 : 40.02"
"8,35 : 24.7"
"8,36 : 71.03"
"8,37 : 25.02"
"8,38 : 41.88"
"8,39 : 23.85"
"8,40 : 75.29"
"8,41 : 49.0"
"8,42 : 37.95"
"8,43 : 61.59"
"8,44 : 36.4"
"8,45 : 72.92"
"8,46 : 60.31"
"8,47 : 66.22"
"8,48 : 21.1"
"8,49 : 50.93"
"8,50 : 37.22"
"8,51 : 66.61"
"8,52 : 16.12"
"8,53 : 55.17"
"8,54 : 74.71"
"8,55 : 33.11"
"8,56 : 54.92"
"8,57 : 47.3"
"8,58 : 79.06"
"8,59 : 22.8"
"8,60 : 20.02"
"8,61 : 22.36"
"8,62 : 49.65"
"8,63 : 34.48"
"8,64 : 47.1"
"8,65 : 69.29"
"8,66 : 44.27"
"8,67 : 11.31"
"8,68 : 61.27"
"8,69 : 56.04"
"8,70 : 34.21"
"8,71 : 36.07"
"8,72 : 20.25"
"8,73 : 24.41"
"8,74 : 60.21"
"8,75 : 31.89"
"8,76 : 46.86"
"8,77 : 7.21"
"8,78 : 27.29"
"8,79 : 27.51"
"8,80 : 30.89"
"8,81 : 34.67"
"8,82 : 31.76"
"8,83 : 69.72"
"8,84 : 16.12"
"8,85 : 28.23"
"8,86 : 27.66"
"8,87 : 28.79"
"8,88 : 79.2"
"8,89 : 27.89"
"8,90 : 14.56"
"8,91 : 16.55"
"8,92 : 33.97"
"8,93 : 19.72"
"8,94 : 81.86"
"8,95 : 27.78"
"8,96 : 33.14"
"8,97 : 69.29"
"8,98 : 37.54"
"8,99 : 55.23"
"9,0 : 94.94"
"9,1 : 70.01"
"9,2 : 44.29"
"9,3 : 94.4"
"9,4 : 86.93"
"9,5 : 76.84"
"9,6 : 49.82"
"9,7 : 89.05"
"9,8 : 82.66"
"9,9 : 0.0"
"9,10 : 103.23"
"9,11 : 63.07"
"9,12 : 89.94"
"9,13 : 84.17"
"9,14 : 9.85"
"9,15 : 123.17"
"9,16 : 97.95"
"9,17 : 40.31"
"9,18 : 69.12"
"9,19 : 48.51"
"9,20 : 49.74"
"9,21 : 68.47"
"9,22 : 62.97"
"9,23 : 74.03"
"9,24 : 64.26"
"9,25 : 49.4"
"9,26 : 81.49"
"9,27 : 83.93"
"9,28 : 76.0"
"9,29 : 3.16"
"9,30 : 91.14"
"9,31 : 96.3"
"9,32 : 65.55"
"9,33 : 82.28"
"9,34 : 59.54"
"9,35 : 76.22"
"9,36 : 88.57"
"9,37 : 104.66"
"9,38 : 46.57"
"9,39 : 61.27"
"9,40 : 25.32"
"9,41 : 50.7"
"9,42 : 80.75"
"9,43 : 21.26"
"9,44 : 91.78"
"9,45 : 14.14"
"9,46 : 88.77"
"9,47 : 17.09"
"9,48 : 94.76"
"9,49 : 90.25"
"9,50 : 117.52"
"9,51 : 56.04"
"9,52 : 68.48"
"9,53 : 30.81"
"9,54 : 12.17"
"9,55 : 94.05"
"9,56 : 58.69"
"9,57 : 62.03"
"9,58 : 3.61"
"9,59 : 84.5"
"9,60 : 67.88"
"9,61 : 62.97"
"9,62 : 84.0"
"9,63 : 50.93"
"9,64 : 65.0"
"9,65 : 71.06"
"9,66 : 42.01"
"9,67 : 85.42"
"9,68 : 23.85"
"9,69 : 34.93"
"9,70 : 51.08"
"9,71 : 118.23"
"9,72 : 63.25"
"9,73 : 58.25"
"9,74 : 89.99"
"9,75 : 113.85"
"9,76 : 91.29"
"9,77 : 75.45"
"9,78 : 103.25"
"9,79 : 56.64"
"9,80 : 111.2"
"9,81 : 88.84"
"9,82 : 111.87"
"9,83 : 37.01"
"9,84 : 66.61"
"9,85 : 92.62"
"9,86 : 96.54"
"9,87 : 70.21"
"9,88 : 80.1"
"9,89 : 77.62"
"9,90 : 92.59"
"9,91 : 66.4"
"9,92 : 84.91"
"9,93 : 76.49"
"9,94 : 82.22"
"9,95 : 97.74"
"9,96 : 61.03"
"9,97 : 23.19"
"9,98 : 86.45"
"9,99 : 88.23"
"10,0 : 53.34"
"10,1 : 85.59"
"10,2 : 66.41"
"10,3 : 8.94"
"10,4 : 53.85"
"10,5 : 26.83"
"10,6 : 57.01"
"10,7 : 57.22"
"10,8 : 20.62"
"10,9 : 103.23"
"10,10 : 0.0"
"10,11 : 81.06"
"10,12 : 47.27"
"10,13 : 73.68"
"10,14 : 101.71"
"10,15 : 31.02"
"10,16 : 9.49"
"10,17 : 71.78"
"10,18 : 46.24"
"10,19 : 77.93"
"10,20 : 61.4"
"10,21 : 54.41"
"10,22 : 41.63"
"10,23 : 87.13"
"10,24 : 61.0"
"10,25 : 54.04"
"10,26 : 23.85"
"10,27 : 55.97"
"10,28 : 60.53"
"10,29 : 106.25"
"10,30 : 94.24"
"10,31 : 67.6"
"10,32 : 60.01"
"10,33 : 57.57"
"10,34 : 57.7"
"10,35 : 37.0"
"10,36 : 79.12"
"10,37 : 15.0"
"10,38 : 61.85"
"10,39 : 43.93"
"10,40 : 94.7"
"10,41 : 66.29"
"10,42 : 49.16"
"10,43 : 82.1"
"10,44 : 42.43"
"10,45 : 93.51"
"10,46 : 67.23"
"10,47 : 86.83"
"10,48 : 19.7"
"10,49 : 56.36"
"10,50 : 19.24"
"10,51 : 82.1"
"10,52 : 36.12"
"10,53 : 75.66"
"10,54 : 95.02"
"10,55 : 34.48"
"10,56 : 70.06"
"10,57 : 62.03"
"10,58 : 99.62"
"10,59 : 30.41"
"10,60 : 37.95"
"10,61 : 41.63"
"10,62 : 60.0"
"10,63 : 54.13"
"10,64 : 62.94"
"10,65 : 81.74"
"10,66 : 63.98"
"10,67 : 22.47"
"10,68 : 81.49"
"10,69 : 75.39"
"10,70 : 54.49"
"10,71 : 15.81"
"10,72 : 40.31"
"10,73 : 45.0"
"10,74 : 66.71"
"10,75 : 12.08"
"10,76 : 51.43"
"10,77 : 27.8"
"10,78 : 18.44"
"10,79 : 47.41"
"10,80 : 14.04"
"10,81 : 42.11"
"10,82 : 15.03"
"10,83 : 88.06"
"10,84 : 36.62"
"10,85 : 29.97"
"10,86 : 26.08"
"10,87 : 43.1"
"10,88 : 90.24"
"10,89 : 41.0"
"10,90 : 17.12"
"10,91 : 36.89"
"10,92 : 40.8"
"10,93 : 33.14"
"10,94 : 92.65"
"10,95 : 28.16"
"10,96 : 50.01"
"10,97 : 89.05"
"10,98 : 43.66"
"10,99 : 61.85"
"11,0 : 42.44"
"11,1 : 8.06"
"11,2 : 30.0"
"11,3 : 73.33"
"11,4 : 35.36"
"11,5 : 58.94"
"11,6 : 36.88"
"11,7 : 104.86"
"11,8 : 66.94"
"11,9 : 63.07"
"11,10 : 81.06"
"11,11 : 0.0"
"11,12 : 99.48"
"11,13 : 22.83"
"11,14 : 54.45"
"11,15 : 84.76"
"11,16 : 72.0"
"11,17 : 29.07"
"11,18 : 78.82"
"11,19 : 15.52"
"11,20 : 29.73"
"11,21 : 85.15"
"11,22 : 47.42"
"11,23 : 12.08"
"11,24 : 20.22"
"11,25 : 53.76"
"11,26 : 71.78"
"11,27 : 31.76"
"11,28 : 96.43"
"11,29 : 64.28"
"11,30 : 29.12"
"11,31 : 37.2"
"11,32 : 21.1"
"11,33 : 29.53"
"11,34 : 78.49"
"11,35 : 44.1"
"11,36 : 25.96"
"11,37 : 91.24"
"11,38 : 66.07"
"11,39 : 63.25"
"11,40 : 38.64"
"11,41 : 22.63"
"11,42 : 92.91"
"11,43 : 50.7"
"11,44 : 97.95"
"11,45 : 65.92"
"11,46 : 29.83"
"11,47 : 58.46"
"11,48 : 63.2"
"11,49 : 36.62"
"11,50 : 85.51"
"11,51 : 7.07"
"11,52 : 64.41"
"11,53 : 62.17"
"11,54 : 51.01"
"11,55 : 52.89"
"11,56 : 12.53"
"11,57 : 19.65"
"11,58 : 61.0"
"11,59 : 51.04"
"11,60 : 47.43"
"11,61 : 47.42"
"11,62 : 102.62"
"11,63 : 41.23"
"11,64 : 88.39"
"11,65 : 8.0"
"11,66 : 37.8"
"11,67 : 76.84"
"11,68 : 44.15"
"11,69 : 32.89"
"11,70 : 61.52"
"11,71 : 90.55"
"11,72 : 51.43"
"11,73 : 54.08"
"11,74 : 31.24"
"11,75 : 86.37"
"11,76 : 40.31"
"11,77 : 62.3"
"11,78 : 69.87"
"11,79 : 46.32"
"11,80 : 80.75"
"11,81 : 95.29"
"11,82 : 80.89"
"11,83 : 26.31"
"11,84 : 56.36"
"11,85 : 54.92"
"11,86 : 60.02"
"11,87 : 38.47"
"11,88 : 18.38"
"11,89 : 83.86"
"11,90 : 81.49"
"11,91 : 55.04"
"11,92 : 42.95"
"11,93 : 48.37"
"11,94 : 21.02"
"11,95 : 93.92"
"11,96 : 34.54"
"11,97 : 40.0"
"11,98 : 41.76"
"11,99 : 31.89"
"12,0 : 89.87"
"12,1 : 106.53"
"12,2 : 72.8"
"12,3 : 44.92"
"12,4 : 86.68"
"12,5 : 45.45"
"12,6 : 63.56"
"12,7 : 10.0"
"12,8 : 39.96"
"12,9 : 89.94"
"12,10 : 47.27"
"12,11 : 99.48"
"12,12 : 0.0"
"12,13 : 102.59"
"12,14 : 93.09"
"12,15 : 78.23"
"12,16 : 51.92"
"12,17 : 76.84"
"12,18 : 22.36"
"12,19 : 89.16"
"12,20 : 70.68"
"12,21 : 21.59"
"12,22 : 52.43"
"12,23 : 109.55"
"12,24 : 81.02"
"12,25 : 48.76"
"12,26 : 32.45"
"12,27 : 87.11"
"12,28 : 18.38"
"12,29 : 93.06"
"12,30 : 122.15"
"12,31 : 102.45"
"12,32 : 80.8"
"12,33 : 87.73"
"12,34 : 30.41"
"12,35 : 63.03"
"12,36 : 108.93"
"12,37 : 35.23"
"12,38 : 44.01"
"12,39 : 36.77"
"12,40 : 93.77"
"12,41 : 77.82"
"12,42 : 9.22"
"12,43 : 73.01"
"12,44 : 5.1"
"12,45 : 76.49"
"12,46 : 99.09"
"12,47 : 73.33"
"12,48 : 59.62"
"12,49 : 90.43"
"12,50 : 66.03"
"12,51 : 97.05"
"12,52 : 35.23"
"12,53 : 59.3"
"12,54 : 87.01"
"12,55 : 72.95"
"12,56 : 86.95"
"12,57 : 80.71"
"12,58 : 86.7"
"12,59 : 62.68"
"12,60 : 53.91"
"12,61 : 52.43"
"12,62 : 13.93"
"12,63 : 59.09"
"12,64 : 27.29"
"12,65 : 103.73"
"12,66 : 66.1"
"12,67 : 29.07"
"12,68 : 76.32"
"12,69 : 77.37"
"12,70 : 42.58"
"12,71 : 60.13"
"12,72 : 48.26"
"12,73 : 45.62"
"12,74 : 99.16"
"12,75 : 58.0"
"12,76 : 86.61"
"12,77 : 40.36"
"12,78 : 63.32"
"12,79 : 53.24"
"12,80 : 61.29"
"12,81 : 5.39"
"12,82 : 62.29"
"12,83 : 93.15"
"12,84 : 43.6"
"12,85 : 68.0"
"12,86 : 66.71"
"12,87 : 65.12"
"12,88 : 114.62"
"12,89 : 15.65"
"12,90 : 30.81"
"12,91 : 45.0"
"12,92 : 73.6"
"12,93 : 58.14"
"12,94 : 117.41"
"12,95 : 20.22"
"12,96 : 65.46"
"12,97 : 86.58"
"12,98 : 77.2"
"12,99 : 94.26"
"13,0 : 24.33"
"13,1 : 19.85"
"13,2 : 44.55"
"13,3 : 67.62"
"13,4 : 20.22"
"13,5 : 57.8"
"13,6 : 47.17"
"13,7 : 109.66"
"13,8 : 64.9"
"13,9 : 84.17"
"13,10 : 73.68"
"13,11 : 22.83"
"13,12 : 102.59"
"13,13 : 0.0"
"13,14 : 76.16"
"13,15 : 69.46"
"13,16 : 64.2"
"13,17 : 46.04"
"13,18 : 84.65"
"13,19 : 35.69"
"13,20 : 41.48"
"13,21 : 92.42"
"13,22 : 51.22"
"13,23 : 18.36"
"13,24 : 24.7"
"13,25 : 63.51"
"13,26 : 71.4"
"13,27 : 17.72"
"13,28 : 103.6"
"13,29 : 85.7"
"13,30 : 20.62"
"13,31 : 14.87"
"13,32 : 24.17"
"13,33 : 16.16"
"13,34 : 87.46"
"13,35 : 40.22"
"13,36 : 6.4"
"13,37 : 86.41"
"13,38 : 77.47"
"13,39 : 69.4"
"13,40 : 60.73"
"13,41 : 36.35"
"13,42 : 97.67"
"13,43 : 69.03"
"13,44 : 100.0"
"13,45 : 85.0"
"13,46 : 8.54"
"13,47 : 77.03"
"13,48 : 54.12"
"13,49 : 19.03"
"13,50 : 73.11"
"13,51 : 29.55"
"13,52 : 67.94"
"13,53 : 77.67"
"13,54 : 72.01"
"13,55 : 40.45"
"13,56 : 26.0"
"13,57 : 26.25"
"13,58 : 81.74"
"13,59 : 43.86"
"13,60 : 48.8"
"13,61 : 51.22"
"13,62 : 108.58"
"13,63 : 50.57"
"13,64 : 97.42"
"13,65 : 16.28"
"13,66 : 51.42"
"13,67 : 76.03"
"13,68 : 63.01"
"13,69 : 51.0"
"13,70 : 71.12"
"13,71 : 79.63"
"13,72 : 55.44"
"13,73 : 60.46"
"13,74 : 9.85"
"13,75 : 75.95"
"13,76 : 24.0"
"13,77 : 62.48"
"13,78 : 58.69"
"13,79 : 53.0"
"13,80 : 69.58"
"13,81 : 97.74"
"13,82 : 69.46"
"13,83 : 48.38"
"13,84 : 59.46"
"13,85 : 44.15"
"13,86 : 48.84"
"13,87 : 37.48"
"13,88 : 18.25"
"13,89 : 87.69"
"13,90 : 78.89"
"13,91 : 58.05"
"13,92 : 32.89"
"13,93 : 45.22"
"13,94 : 20.02"
"13,95 : 92.65"
"13,96 : 39.12"
"13,97 : 61.0"
"13,98 : 30.08"
"13,99 : 13.04"
"14,0 : 88.59"
"14,1 : 61.07"
"14,2 : 39.05"
"14,3 : 92.78"
"14,4 : 80.53"
"14,5 : 74.95"
"14,6 : 46.1"
"14,7 : 93.19"
"14,8 : 81.41"
"14,9 : 9.85"
"14,10 : 101.71"
"14,11 : 54.45"
"14,12 : 93.09"
"14,13 : 76.16"
"14,14 : 0.0"
"14,15 : 119.55"
"14,16 : 95.69"
"14,17 : 34.41"
"14,18 : 71.45"
"14,19 : 40.52"
"14,20 : 44.69"
"14,21 : 72.01"
"14,22 : 60.46"
"14,23 : 65.03"
"14,24 : 57.71"
"14,25 : 49.04"
"14,26 : 81.15"
"14,27 : 77.37"
"14,28 : 80.5"
"14,29 : 10.05"
"14,30 : 82.01"
"14,31 : 88.87"
"14,32 : 59.06"
"14,33 : 75.58"
"14,34 : 63.01"
"14,35 : 72.12"
"14,36 : 80.23"
"14,37 : 104.55"
"14,38 : 49.09"
"14,39 : 61.68"
"14,40 : 16.0"
"14,41 : 44.42"
"14,42 : 84.02"
"14,43 : 20.62"
"14,44 : 94.43"
"14,45 : 21.1"
"14,46 : 81.27"
"14,47 : 20.22"
"14,48 : 91.55"
"14,49 : 83.63"
"14,50 : 114.81"
"14,51 : 47.38"
"14,52 : 68.35"
"14,53 : 34.06"
"14,54 : 6.71"
"14,55 : 89.38"
"14,56 : 51.26"
"14,57 : 55.47"
"14,58 : 9.9"
"14,59 : 80.62"
"14,60 : 65.0"
"14,61 : 60.46"
"14,62 : 88.46"
"14,63 : 48.01"
"14,64 : 69.58"
"14,65 : 62.39"
"14,66 : 38.42"
"14,67 : 85.44"
"14,68 : 20.25"
"14,69 : 29.21"
"14,70 : 52.17"
"14,71 : 116.21"
"14,72 : 61.4"
"14,73 : 57.27"
"14,74 : 82.54"
"14,75 : 111.77"
"14,76 : 85.09"
"14,77 : 74.24"
"14,78 : 100.0"
"14,79 : 54.38"
"14,80 : 108.6"
"14,81 : 91.44"
"14,82 : 109.2"
"14,83 : 28.16"
"14,84 : 65.3"
"14,85 : 88.41"
"14,86 : 92.63"
"14,87 : 65.8"
"14,88 : 71.0"
"14,89 : 79.76"
"14,90 : 92.48"
"14,91 : 64.88"
"14,92 : 79.81"
"14,93 : 73.0"
"14,94 : 73.03"
"14,95 : 98.95"
"14,96 : 56.59"
"14,97 : 15.65"
"14,98 : 81.02"
"14,99 : 81.15"
"15,0 : 45.18"
"15,1 : 86.59"
"15,2 : 80.92"
"15,3 : 35.69"
"15,4 : 50.22"
"15,5 : 48.76"
"15,6 : 73.54"
"15,7 : 88.2"
"15,8 : 46.49"
"15,9 : 123.17"
"15,10 : 31.02"
"15,11 : 84.76"
"15,12 : 78.23"
"15,13 : 69.46"
"15,14 : 119.55"
"15,15 : 0.0"
"15,16 : 29.12"
"15,17 : 86.05"
"15,18 : 75.71"
"15,19 : 87.32"
"15,20 : 75.29"
"15,21 : 84.34"
"15,22 : 60.61"
"15,23 : 86.68"
"15,24 : 67.54"
"15,25 : 76.85"
"15,26 : 52.39"
"15,27 : 53.6"
"15,28 : 91.27"
"15,29 : 125.94"
"15,30 : 88.0"
"15,31 : 58.03"
"15,32 : 66.19"
"15,33 : 55.79"
"15,34 : 86.4"
"15,35 : 47.51"
"15,36 : 73.06"
"15,37 : 44.15"
"15,38 : 87.66"
"15,39 : 69.86"
"15,40 : 109.2"
"15,41 : 77.67"
"15,42 : 80.06"
"15,43 : 102.07"
"15,44 : 73.33"
"15,45 : 115.8"
"15,46 : 61.2"
"15,47 : 108.23"
"15,48 : 28.6"
"15,49 : 50.49"
"15,50 : 12.65"
"15,51 : 88.24"
"15,52 : 62.39"
"15,53 : 99.32"
"15,54 : 113.15"
"15,55 : 32.2"
"15,56 : 76.92"
"15,57 : 69.35"
"15,58 : 119.67"
"15,59 : 38.95"
"15,60 : 55.44"
"15,61 : 60.61"
"15,62 : 91.01"
"15,63 : 72.25"
"15,64 : 92.76"
"15,65 : 82.46"
"15,66 : 81.32"
"15,67 : 52.47"
"15,68 : 99.7"
"15,69 : 90.79"
"15,70 : 79.61"
"15,71 : 20.59"
"15,72 : 61.29"
"15,73 : 67.74"
"15,74 : 60.13"
"15,75 : 20.88"
"15,76 : 45.71"
"15,77 : 52.39"
"15,78 : 20.25"
"15,79 : 67.01"
"15,80 : 17.0"
"15,81 : 73.11"
"15,82 : 16.0"
"15,83 : 99.86"
"15,84 : 59.54"
"15,85 : 31.62"
"15,86 : 27.02"
"15,87 : 54.04"
"15,88 : 87.69"
"15,89 : 71.45"
"15,90 : 48.01"
"15,91 : 59.17"
"15,92 : 42.49"
"15,93 : 46.69"
"15,94 : 89.45"
"15,95 : 58.69"
"15,96 : 63.13"
"15,97 : 105.0"
"15,98 : 43.08"
"15,99 : 56.44"
"16,0 : 44.1"
"16,1 : 76.32"
"16,2 : 59.09"
"16,3 : 7.07"
"16,4 : 44.38"
"16,5 : 21.21"
"16,6 : 50.12"
"16,7 : 61.61"
"16,8 : 17.46"
"16,9 : 97.95"
"16,10 : 9.49"
"16,11 : 72.0"
"16,12 : 51.92"
"16,13 : 64.2"
"16,14 : 95.69"
"16,15 : 29.12"
"16,16 : 0.0"
"16,17 : 64.47"
"16,18 : 46.69"
"16,19 : 69.63"
"16,20 : 53.85"
"16,21 : 55.44"
"16,22 : 35.23"
"16,23 : 77.78"
"16,24 : 52.09"
"16,25 : 49.58"
"16,26 : 23.35"
"16,27 : 46.49"
"16,28 : 63.01"
"16,29 : 100.9"
"16,30 : 84.76"
"16,31 : 58.31"
"16,32 : 51.04"
"16,33 : 48.08"
"16,34 : 57.28"
"16,35 : 28.16"
"16,36 : 69.64"
"16,37 : 23.43"
"16,38 : 59.17"
"16,39 : 41.18"
"16,40 : 87.66"
"16,41 : 58.24"
"16,42 : 52.24"
"16,43 : 76.69"
"16,44 : 47.43"
"16,45 : 89.14"
"16,46 : 57.78"
"16,47 : 82.04"
"16,48 : 10.3"
"16,49 : 46.96"
"16,50 : 20.0"
"16,51 : 73.33"
"16,52 : 33.54"
"16,53 : 71.84"
"16,54 : 89.05"
"16,55 : 25.24"
"16,56 : 61.29"
"16,57 : 53.24"
"16,58 : 94.37"
"16,59 : 21.1"
"16,60 : 30.89"
"16,61 : 35.23"
"16,62 : 63.64"
"16,63 : 47.71"
"16,64 : 63.79"
"16,65 : 72.44"
"16,66 : 57.45"
"16,67 : 24.02"
"16,68 : 75.45"
"16,69 : 68.43"
"16,70 : 51.31"
"16,71 : 20.59"
"16,72 : 34.71"
"16,73 : 40.36"
"16,74 : 57.27"
"16,75 : 16.12"
"16,76 : 42.06"
"16,77 : 23.85"
"16,78 : 11.4"
"16,79 : 41.4"
"16,80 : 13.6"
"16,81 : 46.57"
"16,82 : 14.42"
"16,83 : 80.32"
"16,84 : 31.89"
"16,85 : 20.59"
"16,86 : 17.03"
"16,87 : 34.53"
"16,88 : 80.81"
"16,89 : 43.0"
"16,90 : 21.19"
"16,91 : 31.83"
"16,92 : 31.32"
"16,93 : 24.74"
"16,94 : 83.2"
"16,95 : 34.48"
"16,96 : 42.06"
"16,97 : 82.37"
"16,98 : 34.18"
"16,99 : 52.39"
"17,0 : 54.63"
"17,1 : 37.12"
"17,2 : 5.39"
"17,3 : 62.94"
"17,4 : 46.62"
"17,5 : 45.35"
"17,6 : 15.13"
"17,7 : 80.53"
"17,8 : 52.95"
"17,9 : 40.31"
"17,10 : 71.78"
"17,11 : 29.07"
"17,12 : 76.84"
"17,13 : 46.04"
"17,14 : 34.41"
"17,15 : 86.05"
"17,16 : 64.47"
"17,17 : 0.0"
"17,18 : 54.78"
"17,19 : 14.21"
"17,20 : 10.82"
"17,21 : 59.54"
"17,22 : 30.59"
"17,23 : 41.15"
"17,24 : 24.04"
"17,25 : 28.23"
"17,26 : 55.08"
"17,27 : 43.66"
"17,28 : 70.49"
"17,29 : 42.49"
"17,30 : 57.94"
"17,31 : 56.72"
"17,32 : 25.3"
"17,33 : 42.06"
"17,34 : 51.87"
"17,35 : 38.6"
"17,36 : 51.35"
"17,37 : 77.78"
"17,38 : 38.29"
"17,39 : 40.26"
"17,40 : 23.32"
"17,41 : 10.44"
"17,42 : 69.08"
"17,43 : 23.0"
"17,44 : 76.4"
"17,45 : 39.05"
"17,46 : 49.37"
"17,47 : 31.0"
"17,48 : 58.83"
"17,49 : 49.98"
"17,50 : 82.49"
"17,51 : 23.6"
"17,52 : 44.18"
"17,53 : 33.11"
"17,54 : 28.65"
"17,55 : 55.17"
"17,56 : 20.1"
"17,57 : 21.84"
"17,58 : 37.34"
"17,59 : 47.2"
"17,60 : 33.84"
"17,61 : 30.59"
"17,62 : 77.41"
"17,63 : 19.0"
"17,64 : 61.4"
"17,65 : 36.4"
"17,66 : 10.77"
"17,67 : 60.03"
"17,68 : 17.26"
"17,69 : 5.39"
"17,70 : 35.36"
"17,71 : 85.0"
"17,72 : 33.14"
"17,73 : 32.25"
"17,74 : 50.49"
"17,75 : 80.53"
"17,76 : 50.99"
"17,77 : 46.39"
"17,78 : 67.12"
"17,79 : 26.02"
"17,80 : 76.54"
"17,81 : 73.5"
"17,82 : 77.03"
"17,83 : 17.0"
"17,84 : 38.05"
"17,85 : 54.56"
"17,86 : 59.03"
"17,87 : 32.02"
"17,88 : 47.42"
"17,89 : 61.4"
"17,90 : 66.27"
"17,91 : 37.12"
"17,92 : 45.45"
"17,93 : 40.31"
"17,94 : 50.09"
"17,95 : 76.11"
"17,96 : 23.02"
"17,97 : 19.1"
"17,98 : 46.62"
"17,99 : 48.27"
"18,0 : 75.77"
"18,1 : 86.21"
"18,2 : 50.99"
"18,3 : 40.02"
"18,4 : 71.12"
"18,5 : 31.78"
"18,6 : 42.19"
"18,7 : 26.08"
"18,8 : 30.02"
"18,9 : 69.12"
"18,10 : 46.24"
"18,11 : 78.82"
"18,12 : 22.36"
"18,13 : 84.65"
"18,14 : 71.45"
"18,15 : 75.71"
"18,16 : 46.69"
"18,17 : 54.78"
"18,18 : 0.0"
"18,19 : 67.54"
"18,20 : 49.4"
"18,21 : 9.06"
"18,22 : 33.42"
"18,23 : 89.5"
"18,24 : 61.52"
"18,25 : 26.57"
"18,26 : 23.35"
"18,27 : 70.83"
"18,28 : 19.24"
"18,29 : 72.28"
"18,30 : 103.25"
"18,31 : 86.83"
"18,32 : 61.52"
"18,33 : 71.02"
"18,34 : 12.04"
"18,35 : 47.42"
"18,36 : 91.05"
"18,37 : 40.46"
"18,38 : 22.56"
"18,39 : 15.62"
"18,40 : 71.45"
"18,41 : 56.6"
"18,42 : 14.32"
"18,43 : 51.09"
"18,44 : 23.02"
"18,45 : 56.3"
"18,46 : 82.38"
"18,47 : 52.17"
"18,48 : 51.01"
"18,49 : 75.13"
"18,50 : 65.15"
"18,51 : 75.8"
"18,52 : 17.46"
"18,53 : 38.33"
"18,54 : 65.19"
"18,55 : 61.39"
"18,56 : 66.4"
"18,57 : 60.88"
"18,58 : 65.73"
"18,59 : 49.73"
"18,60 : 36.36"
"18,61 : 33.42"
"18,62 : 24.04"
"18,63 : 37.74"
"18,64 : 17.12"
"18,65 : 83.74"
"18,66 : 44.01"
"18,67 : 23.77"
"18,68 : 54.08"
"18,69 : 55.08"
"18,70 : 20.22"
"18,71 : 61.74"
"18,72 : 29.21"
"18,73 : 24.84"
"18,74 : 82.68"
"18,75 : 58.31"
"18,76 : 72.09"
"18,77 : 26.48"
"18,78 : 57.22"
"18,79 : 32.65"
"18,80 : 59.2"
"18,81 : 20.02"
"18,82 : 60.17"
"18,83 : 70.88"
"18,84 : 25.55"
"18,85 : 56.89"
"18,86 : 57.22"
"18,87 : 47.71"
"18,88 : 94.92"
"18,89 : 8.54"
"18,90 : 30.02"
"18,91 : 26.93"
"18,92 : 59.24"
"18,93 : 43.08"
"18,94 : 97.74"
"18,95 : 29.68"
"18,96 : 45.97"
"18,97 : 64.28"
"18,98 : 62.77"
"18,99 : 78.03"
"19,0 : 49.82"
"19,1 : 23.41"
"19,2 : 16.64"
"19,3 : 69.46"
"19,4 : 41.87"
"19,5 : 53.0"
"19,6 : 25.63"
"19,7 : 93.54"
"19,8 : 61.01"
"19,9 : 48.51"
"19,10 : 77.93"
"19,11 : 15.52"
"19,12 : 89.16"
"19,13 : 35.69"
"19,14 : 40.52"
"19,15 : 87.32"
"19,16 : 69.63"
"19,17 : 14.21"
"19,18 : 67.54"
"19,19 : 0.0"
"19,20 : 18.68"
"19,21 : 72.95"
"19,22 : 39.32"
"19,23 : 27.51"
"19,24 : 20.0"
"19,25 : 41.34"
"19,26 : 64.5"
"19,27 : 38.42"
"19,28 : 84.05"
"19,29 : 50.01"
"19,30 : 44.64"
"19,31 : 48.47"
"19,32 : 21.4"
"19,33 : 36.4"
"19,34 : 65.6"
"19,35 : 41.76"
"19,36 : 40.11"
"19,37 : 86.0"
"19,38 : 52.35"
"19,39 : 52.39"
"19,40 : 25.5"
"19,41 : 12.04"
"19,42 : 81.84"
"19,43 : 35.17"
"19,44 : 88.26"
"19,45 : 50.49"
"19,46 : 40.85"
"19,47 : 42.95"
"19,48 : 62.3"
"19,49 : 44.41"
"19,50 : 85.8"
"19,51 : 9.43"
"19,52 : 55.08"
"19,53 : 47.01"
"19,54 : 36.35"
"19,55 : 55.23"
"19,56 : 11.4"
"19,57 : 18.03"
"19,58 : 46.17"
"19,59 : 49.98"
"19,60 : 41.0"
"19,61 : 39.32"
"19,62 : 90.74"
"19,63 : 30.08"
"19,64 : 75.29"
"19,65 : 23.35"
"19,66 : 24.21"
"19,67 : 69.58"
"19,68 : 28.64"
"19,69 : 17.46"
"19,70 : 48.83"
"19,71 : 89.56"
"19,72 : 42.76"
"19,73 : 43.66"
"19,74 : 42.15"
"19,75 : 85.16"
"19,76 : 46.75"
"19,77 : 55.23"
"19,78 : 70.01"
"19,79 : 36.4"
"19,80 : 80.32"
"19,81 : 85.44"
"19,82 : 80.65"
"19,83 : 13.6"
"19,84 : 47.85"
"19,85 : 55.9"
"19,86 : 60.84"
"19,87 : 35.17"
"19,88 : 33.84"
"19,89 : 73.54"
"19,90 : 75.17"
"19,91 : 46.69"
"19,92 : 44.94"
"19,93 : 44.91"
"19,94 : 36.4"
"19,95 : 86.31"
"19,96 : 28.07"
"19,97 : 25.32"
"19,98 : 45.0"
"19,99 : 41.18"
"20,0 : 45.88"
"20,1 : 37.48"
"20,2 : 5.66"
"20,3 : 52.63"
"20,4 : 38.08"
"20,5 : 35.36"
"20,6 : 7.21"
"20,7 : 75.47"
"20,8 : 43.19"
"20,9 : 49.74"
"20,10 : 61.4"
"20,11 : 29.73"
"20,12 : 70.68"
"20,13 : 41.48"
"20,14 : 44.69"
"20,15 : 75.29"
"20,16 : 53.85"
"20,17 : 10.82"
"20,18 : 49.4"
"20,19 : 18.68"
"20,20 : 0.0"
"20,21 : 55.44"
"20,22 : 21.0"
"20,23 : 41.11"
"20,24 : 17.12"
"20,25 : 24.04"
"20,26 : 46.1"
"20,27 : 35.51"
"20,28 : 66.71"
"20,29 : 52.15"
"20,30 : 56.6"
"20,31 : 50.0"
"20,32 : 18.03"
"20,33 : 34.23"
"20,34 : 48.8"
"20,35 : 27.8"
"20,36 : 47.43"
"20,37 : 68.18"
"20,38 : 36.89"
"20,39 : 34.0"
"20,40 : 34.13"
"20,41 : 7.21"
"20,42 : 63.63"
"20,43 : 30.36"
"20,44 : 69.64"
"20,45 : 46.32"
"20,46 : 43.1"
"20,47 : 38.08"
"20,48 : 48.02"
"20,49 : 41.77"
"20,50 : 71.69"
"20,51 : 26.42"
"20,52 : 36.4"
"20,53 : 36.35"
"20,54 : 38.6"
"20,55 : 44.69"
"20,56 : 17.8"
"20,57 : 15.3"
"20,58 : 46.53"
"20,59 : 36.4"
"20,60 : 23.54"
"20,61 : 21.0"
"20,62 : 73.01"
"20,63 : 11.66"
"20,64 : 58.73"
"20,65 : 35.61"
"20,66 : 10.05"
"20,67 : 51.16"
"20,68 : 25.94"
"20,69 : 15.56"
"20,70 : 31.83"
"20,71 : 74.32"
"20,72 : 24.19"
"20,73 : 25.08"
"20,74 : 44.05"
"20,75 : 69.86"
"20,76 : 42.06"
"20,77 : 37.0"
"20,78 : 56.3"
"20,79 : 17.72"
"20,80 : 65.76"
"20,81 : 66.85"
"20,82 : 66.24"
"20,83 : 26.68"
"20,84 : 29.27"
"20,85 : 43.86"
"20,86 : 48.27"
"20,87 : 21.26"
"20,88 : 47.01"
"20,89 : 55.04"
"20,90 : 57.0"
"20,91 : 28.16"
"20,92 : 35.23"
"20,93 : 29.53"
"20,94 : 49.82"
"20,95 : 67.74"
"20,96 : 12.21"
"20,97 : 29.73"
"20,98 : 36.72"
"20,99 : 41.05"
"21,0 : 84.5"
"21,1 : 92.76"
"21,2 : 56.3"
"21,3 : 48.66"
"21,4 : 79.62"
"21,5 : 40.79"
"21,6 : 48.27"
"21,7 : 21.59"
"21,8 : 39.0"
"21,9 : 68.47"
"21,10 : 54.41"
"21,11 : 85.15"
"21,12 : 21.59"
"21,13 : 92.42"
"21,14 : 72.01"
"21,15 : 84.34"
"21,16 : 55.44"
"21,17 : 59.54"
"21,18 : 9.06"
"21,19 : 72.95"
"21,20 : 55.44"
"21,21 : 0.0"
"21,22 : 41.34"
"21,23 : 96.21"
"21,24 : 68.77"
"21,25 : 31.62"
"21,26 : 32.14"
"21,27 : 79.18"
"21,28 : 11.31"
"21,29 : 71.57"
"21,30 : 110.54"
"21,31 : 95.26"
"21,32 : 68.88"
"21,33 : 79.26"
"21,34 : 9.0"
"21,35 : 56.08"
"21,36 : 98.81"
"21,37 : 47.17"
"21,38 : 23.35"
"21,39 : 23.02"
"21,40 : 73.98"
"21,41 : 62.63"
"21,42 : 12.37"
"21,43 : 52.35"
"21,44 : 24.17"
"21,45 : 54.92"
"21,46 : 90.55"
"21,47 : 52.04"
"21,48 : 60.03"
"21,49 : 83.67"
"21,50 : 73.5"
"21,51 : 81.61"
"21,52 : 26.25"
"21,53 : 38.01"
"21,54 : 66.12"
"21,55 : 70.41"
"21,56 : 72.92"
"21,57 : 67.94"
"21,58 : 65.28"
"21,59 : 58.69"
"21,60 : 44.72"
"21,61 : 41.34"
"21,62 : 17.89"
"21,63 : 43.93"
"21,64 : 8.54"
"21,65 : 90.52"
"21,66 : 48.88"
"21,67 : 32.02"
"21,68 : 56.29"
"21,69 : 59.09"
"21,70 : 24.19"
"21,71 : 69.64"
"21,72 : 37.22"
"21,73 : 32.02"
"21,74 : 90.92"
"21,75 : 66.41"
"21,76 : 80.78"
"21,77 : 35.51"
"21,78 : 66.12"
"21,79 : 39.7"
"21,80 : 67.68"
"21,81 : 21.47"
"21,82 : 68.66"
"21,83 : 74.85"
"21,84 : 34.01"
"21,85 : 65.92"
"21,86 : 66.27"
"21,87 : 55.95"
"21,88 : 101.82"
"21,89 : 13.89"
"21,90 : 37.7"
"21,91 : 35.34"
"21,92 : 68.01"
"21,93 : 51.87"
"21,94 : 104.65"
"21,95 : 34.66"
"21,96 : 53.41"
"21,97 : 66.71"
"21,98 : 71.51"
"21,99 : 86.35"
"22,0 : 44.72"
"22,1 : 54.2"
"22,2 : 25.32"
"22,3 : 32.7"
"22,4 : 38.9"
"22,5 : 14.87"
"22,6 : 15.52"
"22,7 : 58.73"
"22,8 : 22.36"
"22,9 : 62.97"
"22,10 : 41.63"
"22,11 : 47.42"
"22,12 : 52.43"
"22,13 : 51.22"
"22,14 : 60.46"
"22,15 : 60.61"
"22,16 : 35.23"
"22,17 : 30.59"
"22,18 : 33.42"
"22,19 : 39.32"
"22,20 : 21.0"
"22,21 : 41.34"
"22,22 : 0.0"
"22,23 : 57.14"
"22,24 : 28.6"
"22,25 : 17.46"
"22,26 : 25.18"
"22,27 : 38.08"
"22,28 : 52.43"
"22,29 : 65.86"
"22,30 : 70.04"
"22,31 : 54.23"
"22,32 : 28.43"
"22,33 : 38.01"
"22,34 : 37.34"
"22,35 : 17.03"
"22,36 : 57.63"
"22,37 : 47.27"
"22,38 : 31.02"
"22,39 : 18.36"
"22,40 : 53.14"
"22,41 : 27.29"
"22,42 : 46.69"
"22,43 : 41.73"
"22,44 : 50.61"
"22,45 : 55.22"
"22,46 : 49.24"
"22,47 : 47.63"
"22,48 : 32.02"
"22,49 : 43.01"
"22,50 : 54.56"
"22,51 : 45.88"
"22,52 : 17.2"
"22,53 : 39.4"
"22,54 : 53.82"
"22,55 : 34.93"
"22,56 : 34.93"
"22,57 : 28.3"
"22,58 : 59.41"
"22,59 : 23.41"
"22,60 : 5.39"
"22,61 : 0.0"
"22,62 : 57.38"
"22,63 : 12.53"
"22,64 : 47.01"
"22,65 : 51.31"
"22,66 : 22.36"
"22,67 : 30.27"
"22,68 : 40.22"
"22,69 : 33.84"
"22,70 : 23.02"
"22,71 : 55.76"
"22,72 : 4.24"
"22,73 : 10.2"
"22,74 : 49.65"
"22,75 : 51.31"
"22,76 : 40.79"
"22,77 : 16.0"
"22,78 : 40.46"
"22,79 : 6.4"
"22,80 : 48.27"
"22,81 : 48.02"
"22,82 : 48.92"
"22,83 : 47.38"
"22,84 : 8.94"
"22,85 : 31.95"
"22,86 : 34.89"
"22,87 : 14.87"
"22,88 : 62.2"
"22,89 : 37.01"
"22,90 : 36.0"
"22,91 : 7.62"
"22,92 : 29.02"
"22,93 : 14.87"
"22,94 : 65.0"
"22,95 : 47.07"
"22,96 : 13.04"
"22,97 : 47.42"
"22,98 : 32.14"
"22,99 : 45.19"
"23,0 : 42.06"
"23,1 : 4.12"
"23,2 : 41.88"
"23,3 : 80.05"
"23,4 : 36.5"
"23,5 : 67.23"
"23,6 : 48.1"
"23,7 : 115.42"
"23,8 : 75.03"
"23,9 : 74.03"
"23,10 : 87.13"
"23,11 : 12.08"
"23,12 : 109.55"
"23,13 : 18.36"
"23,14 : 65.03"
"23,15 : 86.68"
"23,16 : 77.78"
"23,17 : 41.15"
"23,18 : 89.5"
"23,19 : 27.51"
"23,20 : 41.11"
"23,21 : 96.21"
"23,22 : 57.14"
"23,23 : 0.0"
"23,24 : 28.65"
"23,25 : 65.12"
"23,26 : 80.53"
"23,27 : 33.24"
"23,28 : 107.52"
"23,29 : 75.01"
"23,30 : 17.26"
"23,31 : 33.02"
"23,32 : 29.07"
"23,33 : 31.14"
"23,34 : 89.87"
"23,35 : 50.96"
"23,36 : 18.44"
"23,37 : 98.49"
"23,38 : 77.8"
"23,39 : 73.88"
"23,40 : 49.04"
"23,41 : 34.21"
"23,42 : 103.41"
"23,43 : 62.64"
"23,44 : 107.7"
"23,45 : 77.67"
"23,46 : 26.83"
"23,47 : 70.34"
"23,48 : 68.26"
"23,49 : 36.4"
"23,50 : 89.14"
"23,51 : 18.44"
"23,52 : 74.33"
"23,53 : 74.25"
"23,54 : 62.13"
"23,55 : 56.08"
"23,56 : 23.35"
"23,57 : 28.84"
"23,58 : 72.17"
"23,59 : 56.72"
"23,60 : 56.36"
"23,61 : 57.14"
"23,62 : 113.45"
"23,63 : 52.33"
"23,64 : 99.82"
"23,65 : 5.83"
"23,66 : 49.65"
"23,67 : 85.49"
"23,68 : 56.04"
"23,69 : 44.94"
"23,70 : 72.92"
"23,71 : 95.01"
"23,72 : 61.29"
"23,73 : 64.66"
"23,74 : 28.18"
"23,75 : 91.05"
"23,76 : 41.0"
"23,77 : 71.11"
"23,78 : 74.0"
"23,79 : 56.85"
"23,80 : 85.0"
"23,81 : 105.15"
"23,82 : 85.01"
"23,83 : 37.01"
"23,84 : 66.04"
"23,85 : 59.01"
"23,86 : 64.0"
"23,87 : 46.24"
"23,88 : 6.32"
"23,89 : 94.05"
"23,90 : 89.54"
"23,91 : 64.66"
"23,92 : 47.04"
"23,93 : 55.66"
"23,94 : 8.94"
"23,95 : 102.55"
"23,96 : 44.1"
"23,97 : 51.24"
"23,98 : 45.01"
"23,99 : 30.68"
"24,0 : 30.89"
"24,1 : 26.0"
"24,2 : 21.1"
"24,3 : 53.15"
"24,4 : 22.83"
"24,5 : 38.9"
"24,6 : 22.47"
"24,7 : 87.21"
"24,8 : 46.84"
"24,9 : 64.26"
"24,10 : 61.0"
"24,11 : 20.22"
"24,12 : 81.02"
"24,13 : 24.7"
"24,14 : 57.71"
"24,15 : 67.54"
"24,16 : 52.09"
"24,17 : 24.04"
"24,18 : 61.52"
"24,19 : 20.0"
"24,20 : 17.12"
"24,21 : 68.77"
"24,22 : 28.6"
"24,23 : 28.65"
"24,24 : 0.0"
"24,25 : 38.95"
"24,26 : 52.0"
"24,27 : 19.7"
"24,28 : 80.06"
"24,29 : 66.31"
"24,30 : 41.77"
"24,31 : 33.06"
"24,32 : 1.41"
"24,33 : 18.03"
"24,34 : 63.25"
"24,35 : 24.0"
"24,36 : 30.87"
"24,37 : 71.02"
"24,38 : 52.8"
"24,39 : 45.97"
"24,40 : 44.2"
"24,41 : 13.6"
"24,42 : 75.17"
"24,43 : 46.53"
"24,44 : 79.08"
"24,45 : 62.65"
"24,46 : 26.02"
"24,47 : 54.45"
"24,48 : 43.74"
"24,49 : 26.0"
"24,50 : 66.76"
"24,51 : 21.38"
"24,52 : 45.8"
"24,53 : 53.46"
"24,54 : 52.39"
"24,55 : 35.36"
"24,56 : 9.49"
"24,57 : 2.24"
"24,58 : 61.35"
"24,59 : 31.4"
"24,60 : 27.73"
"24,61 : 28.6"
"24,62 : 85.56"
"24,63 : 25.94"
"24,64 : 73.24"
"24,65 : 22.83"
"24,66 : 27.17"
"24,67 : 57.01"
"24,68 : 41.23"
"24,69 : 29.41"
"24,70 : 46.65"
"24,71 : 71.2"
"24,72 : 32.8"
"24,73 : 36.8"
"24,74 : 27.0"
"24,75 : 66.91"
"24,76 : 27.46"
"24,77 : 42.54"
"24,78 : 50.96"
"24,79 : 29.07"
"24,80 : 61.61"
"24,81 : 76.55"
"24,82 : 61.85"
"24,83 : 33.24"
"24,84 : 37.44"
"24,85 : 36.4"
"24,86 : 41.44"
"24,87 : 18.25"
"24,88 : 33.6"
"24,89 : 65.6"
"24,90 : 61.4"
"24,91 : 36.06"
"24,92 : 25.06"
"24,93 : 28.16"
"24,94 : 36.4"
"24,95 : 74.09"
"24,96 : 15.62"
"24,97 : 42.06"
"24,98 : 25.0"
"24,99 : 24.33"
"25,0 : 61.13"
"25,1 : 61.52"
"25,2 : 24.7"
"25,3 : 45.34"
"25,4 : 54.59"
"25,5 : 28.43"
"25,6 : 17.03"
"25,7 : 52.33"
"25,8 : 33.42"
"25,9 : 49.4"
"25,10 : 54.04"
"25,11 : 53.76"
"25,12 : 48.76"
"25,13 : 63.51"
"25,14 : 49.04"
"25,15 : 76.85"
"25,16 : 49.58"
"25,17 : 28.23"
"25,18 : 26.57"
"25,19 : 41.34"
"25,20 : 24.04"
"25,21 : 31.62"
"25,22 : 17.46"
"25,23 : 65.12"
"25,24 : 38.95"
"25,25 : 0.0"
"25,26 : 32.2"
"25,27 : 53.15"
"25,28 : 42.8"
"25,29 : 52.48"
"25,30 : 80.21"
"25,31 : 69.12"
"25,32 : 39.36"
"25,33 : 52.63"
"25,34 : 24.76"
"25,35 : 34.37"
"25,36 : 69.77"
"25,37 : 55.54"
"25,38 : 14.32"
"25,39 : 13.04"
"25,40 : 46.01"
"25,41 : 31.14"
"25,42 : 40.85"
"25,43 : 28.64"
"25,44 : 48.66"
"25,45 : 39.6"
"25,46 : 63.25"
"25,47 : 32.8"
"25,48 : 48.37"
"25,49 : 58.69"
"25,50 : 69.53"
"25,51 : 50.0"
"25,52 : 19.31"
"25,53 : 22.47"
"25,54 : 42.38"
"25,55 : 52.39"
"25,56 : 41.77"
"25,57 : 37.74"
"25,58 : 45.79"
"25,59 : 40.8"
"25,60 : 22.8"
"25,61 : 17.46"
"25,62 : 49.4"
"25,63 : 13.04"
"25,64 : 34.71"
"25,65 : 59.55"
"25,66 : 17.46"
