x,y
48,72
70,74
9,49
21,70
6,46
70,16
60,51
18,44
56,11
96,82
93,47
45,3
0,46
79,9
21,100
30,34
88,79
18,73
81,14
73,23
65,31
74,32
3,29
50,47
56,76
0,65
6,37
91,10
27,14
16,77
52,17
42,33
37,89
44,11
46,34
21,94
94,7
31,2
14,11
43,80
47,73
15,47
55,75
39,11
62,61
81,9
39,4
45,26
59,47
63,30
15,95
100,30
10,64
41,3
98,52
58,78
38,73
51,16
0,62
13,78
14,45
81,51
54,43
9,11
33,31
8,8
4,19
69,34
44,81
63,85
29,64
58,95
16,79
0,72
49,48
46,17
57,2
20,88
33,50
41,95
49,44
55,55
90,91
34,33
7,6
8,31
71,89
26,97
78,53
76,15
61,57
69,22
96,0
50,49
61,81
5,36
85,96
91,4
21,10
81,13

Distanze
"0,0 : 0.0"
"0,1 : 22.09"
"0,2 : 45.28"
"0,3 : 27.07"
"0,4 : 49.4"
"0,5 : 60.17"
"0,6 : 24.19"
"0,7 : 41.04"
"0,8 : 61.52"
"0,9 : 49.03"
"0,10 : 51.48"
"0,11 : 69.07"
"0,12 : 54.59"
"0,13 : 70.21"
"0,14 : 38.9"
"0,15 : 42.05"
"0,16 : 40.61"
"0,17 : 30.02"
"0,18 : 66.73"
"0,19 : 55.01"
"0,20 : 44.38"
"0,21 : 47.71"
"0,22 : 62.24"
"0,23 : 25.08"
"0,24 : 8.94"
"0,25 : 48.51"
"0,26 : 54.67"
"0,27 : 75.45"
"0,28 : 61.68"
"0,29 : 32.39"
"0,30 : 55.15"
"0,31 : 39.46"
"0,32 : 20.25"
"0,33 : 61.13"
"0,34 : 38.05"
"0,35 : 34.83"
"0,36 : 79.63"
"0,37 : 72.03"
"0,38 : 69.84"
"0,39 : 9.43"
"0,40 : 1.41"
"0,41 : 41.4"
"0,42 : 7.62"
"0,43 : 61.66"
"0,44 : 17.8"
"0,45 : 71.12"
"0,46 : 68.59"
"0,47 : 46.1"
"0,48 : 27.31"
"0,49 : 44.6"
"0,50 : 40.22"
"0,51 : 66.84"
"0,52 : 38.83"
"0,53 : 69.35"
"0,54 : 53.85"
"0,55 : 11.66"
"0,56 : 10.05"
"0,57 : 56.08"
"0,58 : 49.03"
"0,59 : 35.51"
"0,60 : 43.42"
"0,61 : 39.12"
"0,62 : 29.61"
"0,63 : 72.4"
"0,64 : 43.66"
"0,65 : 75.47"
"0,66 : 68.88"
"0,67 : 43.42"
"0,68 : 9.85"
"0,69 : 19.85"
"0,70 : 20.62"
"0,71 : 25.08"
"0,72 : 32.76"
"0,73 : 48.0"
"0,74 : 24.02"
"0,75 : 55.04"
"0,76 : 70.58"
"0,77 : 32.25"
"0,78 : 26.63"
"0,79 : 24.04"
"0,80 : 28.02"
"0,81 : 18.38"
"0,82 : 46.1"
"0,83 : 41.44"
"0,84 : 77.7"
"0,85 : 57.28"
"0,86 : 28.6"
"0,87 : 33.3"
"0,88 : 35.51"
"0,89 : 63.51"
"0,90 : 19.85"
"0,91 : 54.23"
"0,92 : 86.53"
"0,93 : 23.09"
"0,94 : 15.81"
"0,95 : 56.08"
"0,96 : 44.1"
"0,97 : 80.45"
"0,98 : 67.62"
"0,99 : 67.6"
"1,0 : 22.09"
"1,1 : 0.0"
"1,2 : 65.92"
"1,3 : 49.16"
"1,4 : 69.86"
"1,5 : 58.0"
"1,6 : 25.08"
"1,7 : 60.03"
"1,8 : 64.54"
"1,9 : 27.2"
"1,10 : 35.47"
"1,11 : 75.27"
"1,12 : 75.39"
"1,13 : 65.62"
"1,14 : 55.47"
"1,15 : 56.57"
"1,16 : 18.68"
"1,17 : 52.01"
"1,18 : 61.0"
"1,19 : 51.09"
"1,20 : 43.29"
"1,21 : 42.19"
"1,22 : 80.71"
"1,23 : 33.6"
"1,24 : 14.14"
"1,25 : 70.58"
"1,26 : 73.93"
"1,27 : 67.36"
"1,28 : 73.82"
"1,29 : 54.08"
"1,30 : 59.77"
"1,31 : 49.65"
"1,32 : 36.25"
"1,33 : 68.15"
"1,34 : 46.65"
"1,35 : 52.92"
"1,36 : 71.17"
"1,37 : 81.88"
"1,38 : 84.29"
"1,39 : 27.66"
"1,40 : 23.02"
"1,41 : 61.27"
"1,42 : 15.03"
"1,43 : 70.21"
"1,44 : 15.26"
"1,45 : 65.92"
"1,46 : 76.56"
"1,47 : 54.12"
"1,48 : 29.15"
"1,49 : 44.55"
"1,50 : 58.87"
"1,51 : 53.25"
"1,52 : 60.83"
"1,53 : 76.69"
"1,54 : 35.61"
"1,55 : 12.65"
"1,56 : 32.02"
"1,57 : 61.03"
"1,58 : 71.02"
"1,59 : 57.14"
"1,60 : 63.06"
"1,61 : 25.5"
"1,62 : 34.89"
"1,63 : 87.69"
"1,64 : 56.73"
"1,65 : 90.55"
"1,66 : 85.91"
"1,67 : 40.01"
"1,68 : 26.93"
"1,69 : 13.04"
"1,70 : 42.2"
"1,71 : 24.19"
"1,72 : 54.23"
"1,73 : 70.03"
"1,74 : 33.42"
"1,75 : 61.85"
"1,76 : 73.16"
"1,77 : 51.92"
"1,78 : 44.1"
"1,79 : 35.81"
"1,80 : 36.62"
"1,81 : 24.21"
"1,82 : 26.25"
"1,83 : 54.56"
"1,84 : 92.7"
"1,85 : 75.45"
"1,86 : 15.03"
"1,87 : 49.65"
"1,88 : 22.47"
"1,89 : 59.3"
"1,90 : 19.24"
"1,91 : 52.01"
"1,92 : 78.43"
"1,93 : 32.02"
"1,94 : 11.4"
"1,95 : 75.29"
"1,96 : 26.63"
"1,97 : 73.08"
"1,98 : 80.6"
"1,99 : 61.98"
"2,0 : 45.28"
"2,1 : 65.92"
"2,2 : 0.0"
"2,3 : 24.19"
"2,4 : 4.24"
"2,5 : 69.35"
"2,6 : 51.04"
"2,7 : 10.3"
"2,8 : 60.44"
"2,9 : 93.05"
"2,10 : 84.02"
"2,11 : 58.41"
"2,12 : 9.49"
"2,13 : 80.62"
"2,14 : 52.39"
"2,15 : 25.81"
"2,16 : 84.5"
"2,17 : 25.63"
"2,18 : 80.06"
"2,19 : 69.08"
"2,20 : 58.82"
"2,21 : 67.19"
"2,22 : 20.88"
"2,23 : 41.05"
"2,24 : 54.2"
"2,25 : 18.36"
"2,26 : 12.37"
"2,27 : 90.8"
"2,28 : 39.36"
"2,29 : 28.86"
"2,30 : 53.6"
"2,31 : 36.67"
"2,32 : 48.83"
"2,33 : 51.66"
"2,34 : 39.92"
"2,35 : 46.57"
"2,36 : 94.81"
"2,37 : 51.89"
"2,38 : 38.33"
"2,39 : 46.01"
"2,40 : 44.94"
"2,41 : 6.32"
"2,42 : 52.84"
"2,43 : 48.41"
"2,44 : 54.34"
"2,45 : 82.37"
"2,46 : 54.08"
"2,47 : 42.72"
"2,48 : 50.04"
"2,49 : 57.25"
"2,50 : 46.39"
"2,51 : 92.96"
"2,52 : 15.03"
"2,53 : 56.04"
"2,54 : 89.05"
"2,55 : 56.94"
"2,56 : 37.64"
"2,57 : 53.41"
"2,58 : 15.81"
"2,59 : 29.27"
"2,60 : 6.4"
"2,61 : 72.03"
"2,62 : 45.4"
"2,63 : 38.0"
"2,64 : 30.0"
"2,65 : 41.01"
"2,66 : 30.41"
"2,67 : 61.85"
"2,68 : 47.42"
"2,69 : 64.9"
"2,70 : 25.0"
"2,71 : 67.21"
"2,72 : 30.81"
"2,73 : 24.7"
"2,74 : 40.01"
"2,75 : 48.92"
"2,76 : 67.18"
"2,77 : 40.52"
"2,78 : 24.02"
"2,79 : 56.04"
"2,80 : 40.31"
"2,81 : 46.39"
"2,82 : 91.24"
"2,83 : 29.68"
"2,84 : 43.05"
"2,85 : 18.03"
"2,86 : 73.78"
"2,87 : 50.92"
"2,88 : 69.12"
"2,89 : 75.13"
"2,90 : 52.61"
"2,91 : 65.8"
"2,92 : 99.85"
"2,93 : 41.0"
"2,94 : 61.06"
"2,95 : 13.6"
"2,96 : 89.36"
"2,97 : 93.54"
"2,98 : 40.8"
"2,99 : 80.5"
"3,0 : 27.07"
"3,1 : 49.16"
"3,2 : 24.19"
"3,3 : 0.0"
"3,4 : 28.3"
"3,5 : 72.92"
"3,6 : 43.38"
"3,7 : 26.17"
"3,8 : 68.6"
"3,9 : 75.95"
"3,10 : 75.58"
"3,11 : 71.17"
"3,12 : 31.89"
"3,13 : 84.17"
"3,14 : 30.0"
"3,15 : 37.11"
"3,16 : 67.6"
"3,17 : 4.24"
"3,18 : 82.07"
"3,19 : 70.09"
"3,20 : 58.8"
"3,21 : 65.22"
"3,22 : 44.78"
"3,23 : 37.01"
"3,24 : 35.51"
"3,25 : 21.59"
"3,26 : 36.25"
"3,27 : 92.2"
"3,28 : 56.32"
"3,29 : 8.6"
"3,30 : 61.4"
"3,31 : 42.54"
"3,32 : 24.84"
"3,33 : 63.32"
"3,34 : 43.83"
"3,35 : 24.0"
"3,36 : 96.43"
"3,37 : 68.73"
"3,38 : 59.41"
"3,39 : 24.17"
"3,40 : 26.17"
"3,41 : 23.77"
"3,42 : 34.37"
"3,43 : 61.68"
"3,44 : 41.98"
"3,45 : 85.56"
"3,46 : 68.41"
"3,47 : 50.12"
"3,48 : 44.42"
"3,49 : 58.0"
"3,50 : 25.71"
"3,51 : 88.55"
"3,52 : 12.53"
"3,53 : 69.92"
"3,54 : 79.08"
"3,55 : 37.85"
"3,56 : 17.26"
"3,57 : 61.77"
"3,58 : 22.47"
"3,59 : 11.31"
"3,60 : 25.96"
"3,61 : 62.94"
"3,62 : 42.64"
"3,63 : 60.21"
"3,64 : 40.8"
"3,65 : 63.35"
"3,66 : 53.76"
"3,67 : 60.0"
"3,68 : 25.5"
"3,69 : 44.6"
"3,70 : 10.0"
"3,71 : 44.65"
"3,72 : 10.3"
"3,73 : 21.1"
"3,74 : 35.61"
"3,75 : 58.6"
"3,76 : 76.94"
"3,77 : 18.03"
"3,78 : 23.32"
"3,79 : 32.02"
"3,80 : 38.21"
"3,81 : 37.16"
"3,82 : 72.12"
"3,83 : 39.22"
"3,84 : 65.51"
"3,85 : 41.11"
"3,86 : 53.49"
"3,87 : 27.46"
"3,88 : 59.48"
"3,89 : 77.78"
"3,90 : 42.06"
"3,91 : 67.88"
"3,92 : 102.59"
"3,93 : 35.81"
"3,94 : 41.48"
"3,95 : 37.58"
"3,96 : 69.08"
"3,97 : 96.21"
"3,98 : 60.0"
"3,99 : 82.76"
"4,0 : 49.4"
"4,1 : 69.86"
"4,2 : 4.24"
"4,3 : 28.3"
"4,4 : 0.0"
"4,5 : 70.68"
"4,6 : 54.23"
"4,7 : 12.17"
"4,8 : 61.03"
"4,9 : 96.93"
"4,10 : 87.01"
"4,11 : 58.05"
"4,12 : 6.0"
"4,13 : 81.84"
"4,14 : 56.04"
"4,15 : 26.83"
"4,16 : 88.39"
"4,17 : 29.55"
"4,18 : 81.54"
"4,19 : 70.84"
"4,20 : 60.88"
"4,21 : 69.43"
"4,22 : 17.26"
"4,23 : 44.01"
"4,24 : 58.31"
"4,25 : 19.92"
"4,26 : 9.0"
"4,27 : 92.31"
"4,28 : 38.28"
"4,29 : 32.57"
"4,30 : 54.38"
"4,31 : 38.28"
"4,32 : 53.01"
"4,33 : 51.66"
"4,34 : 41.76"
"4,35 : 50.29"
"4,36 : 96.25"
"4,37 : 50.61"
"4,38 : 35.9"
"4,39 : 50.25"
"4,40 : 49.09"
"4,41 : 9.06"
"4,42 : 56.94"
"4,43 : 48.1"
"4,44 : 57.97"
"4,45 : 83.63"
"4,46 : 53.41"
"4,47 : 43.83"
"4,48 : 53.01"
"4,49 : 59.2"
"4,50 : 49.82"
"4,51 : 95.35"
"4,52 : 18.44"
"4,53 : 55.44"
"4,54 : 92.2"
"4,55 : 61.06"
"4,56 : 41.87"
"4,57 : 54.08"
"4,58 : 17.09"
"4,59 : 32.76"
"4,60 : 8.06"
"4,61 : 75.17"
"4,62 : 48.09"
"4,63 : 35.13"
"4,64 : 30.89"
"4,65 : 38.05"
"4,66 : 27.07"
"4,67 : 64.13"
"4,68 : 51.66"
"4,69 : 69.07"
"4,70 : 29.21"
"4,71 : 71.45"
"4,72 : 34.48"
"4,73 : 26.68"
"4,74 : 43.05"
"4,75 : 49.41"
"4,76 : 67.36"
"4,77 : 44.27"
"4,78 : 27.29"
"4,79 : 60.22"
"4,80 : 43.05"
"4,81 : 49.82"
"4,82 : 95.29"
"4,83 : 30.87"
"4,84 : 40.01"
"4,85 : 15.13"
"4,86 : 77.94"
"4,87 : 54.78"
"4,88 : 72.34"
"4,89 : 76.56"
"4,90 : 56.09"
"4,91 : 67.42"
"4,92 : 101.07"
"4,93 : 44.1"
"4,94 : 65.19"
"4,95 : 10.05"
"4,96 : 93.49"
"4,97 : 94.81"
"4,98 : 39.0"
"4,99 : 81.94"
"5,0 : 60.17"
"5,1 : 58.0"
"5,2 : 69.35"
"5,3 : 72.92"
"5,4 : 70.68"
"5,5 : 0.0"
"5,6 : 36.4"
"5,7 : 59.06"
"5,8 : 14.87"
"5,9 : 70.94"
"5,10 : 38.6"
"5,11 : 28.18"
"5,12 : 76.16"
"5,13 : 11.4"
"5,14 : 97.25"
"5,15 : 43.86"
"5,16 : 65.52"
"5,17 : 77.16"
"5,18 : 11.18"
"5,19 : 7.62"
"5,20 : 15.81"
"5,21 : 16.49"
"5,22 : 68.25"
"5,23 : 36.89"
"5,24 : 61.61"
"5,25 : 85.45"
"5,26 : 67.36"
"5,27 : 21.84"
"5,28 : 43.05"
"5,29 : 81.47"
"5,30 : 18.03"
"5,31 : 32.76"
"5,32 : 80.11"
"5,33 : 26.48"
"5,34 : 30.0"
"5,35 : 92.11"
"5,36 : 25.63"
"5,37 : 41.44"
"5,38 : 56.22"
"5,39 : 69.46"
"5,40 : 61.47"
"5,41 : 63.13"
"5,42 : 60.88"
"5,43 : 31.4"
"5,44 : 45.71"
"5,45 : 13.04"
"5,46 : 33.24"
"5,47 : 26.93"
"5,48 : 32.89"
"5,49 : 15.65"
"5,50 : 96.26"
"5,51 : 33.11"
"5,52 : 76.84"
"5,53 : 31.78"
"5,54 : 45.61"
"5,55 : 63.15"
"5,56 : 65.37"
"5,57 : 19.0"
"5,58 : 83.76"
"5,59 : 84.22"
"5,60 : 63.06"
"5,61 : 36.69"
"5,62 : 31.38"
"5,63 : 61.2"
"5,64 : 39.92"
"5,65 : 62.51"
"5,66 : 66.07"
"5,67 : 18.03"
"5,68 : 70.01"
"5,69 : 69.35"
"5,70 : 63.13"
"5,71 : 79.91"
"5,72 : 82.98"
"5,73 : 89.64"
"5,74 : 38.28"
"5,75 : 24.02"
"5,76 : 19.1"
"5,77 : 87.66"
"5,78 : 50.25"
"5,79 : 84.15"
"5,80 : 35.0"
"5,81 : 41.79"
"5,82 : 77.62"
"5,83 : 39.81"
"5,84 : 63.79"
"5,85 : 63.79"
"5,86 : 73.01"
"5,87 : 92.18"
"5,88 : 37.85"
"5,89 : 6.08"
"5,90 : 41.98"
"5,91 : 6.08"
"5,92 : 30.53"
"5,93 : 38.59"
"5,94 : 65.62"
"5,95 : 68.01"
"5,96 : 81.39"
"5,97 : 24.19"
"5,98 : 49.37"
"5,99 : 11.4"
"6,0 : 24.19"
"6,1 : 25.08"
"6,2 : 51.04"
"6,3 : 43.38"
"6,4 : 54.23"
"6,5 : 36.4"
"6,6 : 0.0"
"6,7 : 42.58"
"6,8 : 40.2"
"6,9 : 47.51"
"6,10 : 33.24"
"6,11 : 50.29"
"6,12 : 60.21"
"6,13 : 46.1"
"6,14 : 62.63"
"6,15 : 34.48"
"6,16 : 39.6"
"6,17 : 47.41"
"6,18 : 42.54"
"6,19 : 30.87"
"6,20 : 20.62"
"6,21 : 23.6"
"6,22 : 61.1"
"6,23 : 10.77"
"6,24 : 25.32"
"6,25 : 61.61"
"6,26 : 55.79"
"6,27 : 51.4"
"6,28 : 49.58"
"6,29 : 51.11"
"6,30 : 34.93"
"6,31 : 25.46"
"6,32 : 44.42"
"6,33 : 43.08"
"6,34 : 22.02"
"6,35 : 58.05"
"6,36 : 55.61"
"6,37 : 56.94"
"6,38 : 60.96"
"6,39 : 33.62"
"6,40 : 25.55"
"6,41 : 45.18"
"6,42 : 24.52"
"6,43 : 45.18"
"6,44 : 10.2"
"6,45 : 46.96"
"6,46 : 51.48"
"6,47 : 29.15"
"6,48 : 4.12"
"6,49 : 21.21"
"6,50 : 62.94"
"6,51 : 45.18"
"6,52 : 51.66"
"6,53 : 51.62"
"6,54 : 38.01"
"6,55 : 27.07"
"6,56 : 31.11"
"6,57 : 36.14"
"6,58 : 61.0"
"6,59 : 54.2"
"6,60 : 46.39"
"6,61 : 21.0"
"6,62 : 10.0"
"6,63 : 64.82"
"6,64 : 33.6"
"6,65 : 67.48"
"6,66 : 64.5"
"6,67 : 19.24"
"6,68 : 34.0"
"6,69 : 34.13"
"6,70 : 33.62"
"6,71 : 44.05"
"6,72 : 52.15"
"6,73 : 63.57"
"6,74 : 11.4"
"6,75 : 36.77"
"6,76 : 49.09"
"6,77 : 54.49"
"6,78 : 27.02"
"6,79 : 47.93"
"6,80 : 13.04"
"6,81 : 6.4"
"6,82 : 50.0"
"6,83 : 31.62"
"6,84 : 69.53"
"6,85 : 55.71"
"6,86 : 39.56"
"6,87 : 57.2"
"6,88 : 18.11"
"6,89 : 39.4"
"6,90 : 6.08"
"6,91 : 30.36"
"6,92 : 62.43"
"6,93 : 10.2"
"6,94 : 30.02"
"6,95 : 57.01"
"6,96 : 51.48"
"6,97 : 56.3"
"6,98 : 56.59"
"6,99 : 43.42"
"7,0 : 41.04"
"7,1 : 60.03"
"7,2 : 10.3"
"7,3 : 26.17"
"7,4 : 12.17"
"7,5 : 59.06"
"7,6 : 42.58"
"7,7 : 0.0"
"7,8 : 50.33"
"7,9 : 86.76"
"7,10 : 75.06"
"7,11 : 49.09"
"7,12 : 18.11"
"7,13 : 70.33"
"7,14 : 56.08"
"7,15 : 15.62"
"7,16 : 78.26"
"7,17 : 29.0"
"7,18 : 69.78"
"7,19 : 58.87"
"7,20 : 48.76"
"7,21 : 57.27"
"7,22 : 21.21"
"7,23 : 32.14"
"7,24 : 49.68"
"7,25 : 27.66"
"7,26 : 13.89"
"7,27 : 80.53"
"7,28 : 31.32"
"7,29 : 33.06"
"7,30 : 43.42"
"7,31 : 26.4"
"7,32 : 48.85"
"7,33 : 42.01"
"7,34 : 29.73"
"7,35 : 50.09"
"7,36 : 84.53"
"7,37 : 43.97"
"7,38 : 33.24"
"7,39 : 43.83"
"7,40 : 41.01"
"7,41 : 4.24"
"7,42 : 48.27"
"7,43 : 39.12"
"7,44 : 47.17"
"7,45 : 72.07"
"7,46 : 45.18"
"7,47 : 32.45"
"7,48 : 41.11"
"7,49 : 47.13"
"7,50 : 51.09"
"7,51 : 83.19"
"7,52 : 21.54"
"7,53 : 47.01"
"7,54 : 80.4"
"7,55 : 52.5"
"7,56 : 35.23"
"7,57 : 43.28"
"7,58 : 25.46"
"7,59 : 34.37"
"7,60 : 4.12"
"7,61 : 63.39"
"7,62 : 36.01"
"7,63 : 34.21"
"7,64 : 19.85"
"7,65 : 37.36"
"7,66 : 28.65"
"7,67 : 51.97"
"7,68 : 45.22"
"7,69 : 60.88"
"7,70 : 22.83"
"7,71 : 64.82"
"7,72 : 35.06"
"7,73 : 33.29"
"7,74 : 31.26"
"7,75 : 38.9"
"7,76 : 57.31"
"7,77 : 44.05"
"7,78 : 16.16"
"7,79 : 55.95"
"7,80 : 31.0"
"7,81 : 38.6"
"7,82 : 85.98"
"7,83 : 19.42"
"7,84 : 39.56"
"7,85 : 16.4"
"7,86 : 69.53"
"7,87 : 53.6"
"7,88 : 60.67"
"7,89 : 64.85"
"7,90 : 44.92"
"7,91 : 55.54"
"7,92 : 89.55"
"7,93 : 32.39"
"7,94 : 56.73"
"7,95 : 15.26"
"7,96 : 84.81"
"7,97 : 83.24"
"7,98 : 34.13"
"7,99 : 70.21"
"8,0 : 61.52"
"8,1 : 64.54"
"8,2 : 60.44"
"8,3 : 68.6"
"8,4 : 61.03"
"8,5 : 14.87"
"8,6 : 40.2"
"8,7 : 50.33"
"8,8 : 0.0"
"8,9 : 81.49"
"8,10 : 51.62"
"8,11 : 13.6"
"8,12 : 66.04"
"8,13 : 23.09"
"8,14 : 95.63"
"8,15 : 34.71"
"8,16 : 75.15"
"8,17 : 72.72"
"8,18 : 25.18"
"8,19 : 20.81"
"8,20 : 21.93"
"8,21 : 27.66"
"8,22 : 55.97"
"8,23 : 36.5"
"8,24 : 65.0"
"8,25 : 77.79"
"8,26 : 56.36"
"8,27 : 35.01"
"8,28 : 29.15"
"8,29 : 77.18"
"8,30 : 7.21"
"8,31 : 26.08"
"8,32 : 80.28"
"8,33 : 12.0"
"8,34 : 25.08"
"8,35 : 90.08"
"8,36 : 38.21"
"8,37 : 26.57"
"8,38 : 42.0"
"8,39 : 70.21"
"8,40 : 62.65"
"8,41 : 54.56"
"8,42 : 64.01"
"8,43 : 17.0"
"8,44 : 50.36"
"8,45 : 25.08"
"8,46 : 18.38"
"8,47 : 18.6"
"8,48 : 36.12"
"8,49 : 20.25"
"8,50 : 93.47"
"8,51 : 47.93"
"8,52 : 70.18"
"8,53 : 17.0"
"8,54 : 58.69"
"8,55 : 67.03"
"8,56 : 64.56"
"8,57 : 7.07"
"8,58 : 75.74"
"8,59 : 79.61"
"8,60 : 54.04"
"8,61 : 47.17"
"8,62 : 32.06"
"8,63 : 47.0"
"8,64 : 30.48"
"8,65 : 48.09"
"8,66 : 52.61"
"8,67 : 26.42"
"8,68 : 71.02"
"8,69 : 74.33"
"8,70 : 59.48"
"8,71 : 84.02"
"8,72 : 78.89"
"8,73 : 82.81"
"8,74 : 37.66"
"8,75 : 11.66"
"8,76 : 9.06"
"8,77 : 85.0"
"8,78 : 45.28"
"8,79 : 85.33"
"8,80 : 33.73"
"8,81 : 44.01"
"8,82 : 86.93"
"8,83 : 31.11"
"8,84 : 49.25"
"8,85 : 52.0"
"8,86 : 79.43"
"8,87 : 91.08"
"8,88 : 47.41"
"8,89 : 20.4"
"8,90 : 46.27"
"8,91 : 17.03"
"8,92 : 41.48"
"8,93 : 38.47"
"8,94 : 70.18"
"8,95 : 56.8"
"8,96 : 89.81"
"8,97 : 35.69"
"8,98 : 35.01"
"8,99 : 25.08"
"9,0 : 49.03"
"9,1 : 27.2"
"9,2 : 93.05"
"9,3 : 75.95"
"9,4 : 96.93"
"9,5 : 70.94"
"9,6 : 47.51"
"9,7 : 86.76"
"9,8 : 81.49"
"9,9 : 0.0"
"9,10 : 35.13"
"9,11 : 94.03"
"9,12 : 102.53"
"9,13 : 74.95"
"9,14 : 77.13"
"9,15 : 81.61"
"9,16 : 8.54"
"9,17 : 78.52"
"9,18 : 69.63"
"9,19 : 63.32"
"9,20 : 59.68"
"9,21 : 54.63"
"9,22 : 107.04"
"9,23 : 57.8"
"9,24 : 40.45"
"9,25 : 97.49"
"9,26 : 100.62"
"9,27 : 72.17"
"9,28 : 96.88"
"9,29 : 80.16"
"9,30 : 78.49"
"9,31 : 72.92"
"9,32 : 59.41"
"9,33 : 88.01"
"9,34 : 69.31"
"9,35 : 75.95"
"9,36 : 75.03"
"9,37 : 103.08"
"9,38 : 108.47"
"9,39 : 53.04"
"9,40 : 49.82"
"9,41 : 88.24"
"9,42 : 41.59"
"9,43 : 91.05"
"9,44 : 39.96"
"9,45 : 74.53"
"9,46 : 96.61"
"9,47 : 75.74"
"9,48 : 50.93"
"9,49 : 61.59"
"9,50 : 82.04"
"9,51 : 52.15"
"9,52 : 87.86"
"9,53 : 96.26"
"9,54 : 30.07"
"9,55 : 38.21"
"9,56 : 58.69"
"9,57 : 79.88"
"9,58 : 98.06"
"9,59 : 83.1"
"9,60 : 89.96"
"9,61 : 34.44"
"9,62 : 57.31"
"9,63 : 112.29"
"9,64 : 81.06"
"9,65 : 114.98"
"9,66 : 111.5"
"9,67 : 55.07"
"9,68 : 52.01"
"9,69 : 33.14"
"9,70 : 69.38"
"9,71 : 40.16"
"9,72 : 80.06"
"9,73 : 96.52"
"9,74 : 58.01"
"9,75 : 82.01"
"9,76 : 89.0"
"9,77 : 76.24"
"9,78 : 70.66"
"9,79 : 56.52"
"9,80 : 60.44"
"9,81 : 49.09"
"9,82 : 10.82"
"9,83 : 79.03"
"9,84 : 117.03"
"9,85 : 101.71"
"9,86 : 25.96"
"9,87 : 71.59"
"9,88 : 34.13"
"9,89 : 69.92"
"9,90 : 43.01"
"9,91 : 65.8"
"9,92 : 82.0"
"9,93 : 56.61"
"9,94 : 35.01"
"9,95 : 101.97"
"9,96 : 17.8"
"9,97 : 78.16"
"9,98 : 103.97"
"9,99 : 70.61"
"10,0 : 51.48"
"10,1 : 35.47"
"10,2 : 84.02"
"10,3 : 75.58"
"10,4 : 87.01"
"10,5 : 38.6"
"10,6 : 33.24"
"10,7 : 75.06"
"10,8 : 51.62"
"10,9 : 35.13"
"10,10 : 0.0"
"10,11 : 65.12"
"10,12 : 93.01"
"10,13 : 40.5"
"10,14 : 89.4"
"10,15 : 64.33"
"10,16 : 32.39"
"10,17 : 79.38"
"10,18 : 35.11"
"10,19 : 31.24"
"10,20 : 32.25"
"10,21 : 24.21"
"10,22 : 91.78"
"10,23 : 43.0"
"10,24 : 47.01"
"10,25 : 94.73"
"10,26 : 87.57"
"10,27 : 37.05"
"10,28 : 73.79"
"10,29 : 82.64"
"10,30 : 50.8"
"10,31 : 52.89"
"10,32 : 70.0"
"10,33 : 60.8"
"10,34 : 48.76"
"10,35 : 85.98"
"10,36 : 40.01"
"10,37 : 76.61"
"10,38 : 86.82"
"10,39 : 59.91"
"10,40 : 52.84"
"10,41 : 78.0"
"10,42 : 47.2"
"10,43 : 64.9"
"10,44 : 34.01"
"10,45 : 39.85"
"10,46 : 69.03"
"10,47 : 52.39"
"10,48 : 34.0"
"10,49 : 34.48"
"10,50 : 91.59"
"10,51 : 18.38"
"10,52 : 84.72"
"10,53 : 68.12"
"10,54 : 7.07"
"10,55 : 46.75"
"10,56 : 60.84"
"10,57 : 52.2"
"10,58 : 94.2"
"10,59 : 85.8"
"10,60 : 79.03"
"10,61 : 12.65"
"10,62 : 39.2"
"10,63 : 91.39"
"10,64 : 62.1"
"10,65 : 93.52"
"10,66 : 93.3"
"10,67 : 27.29"
"10,68 : 59.64"
"10,69 : 48.41"
"10,70 : 66.22"
"10,71 : 59.41"
"10,72 : 83.38"
"10,73 : 96.3"
"10,74 : 44.01"
"10,75 : 55.76"
"10,76 : 57.63"
"10,77 : 83.73"
"10,78 : 60.07"
"10,79 : 70.77"
"10,80 : 44.1"
"10,81 : 38.83"
"10,82 : 44.1"
"10,83 : 60.64"
"10,84 : 95.27"
"10,85 : 86.49"
"10,86 : 47.41"
"10,87 : 83.6"
"10,88 : 16.16"
"10,89 : 36.24"
"10,90 : 33.53"
"10,91 : 34.66"
"10,92 : 47.1"
"10,93 : 43.05"
"10,94 : 46.69"
"10,95 : 88.68"
"10,96 : 49.65"
"10,97 : 43.05"
"10,98 : 80.95"
"10,99 : 36.06"
"11,0 : 69.07"
"11,1 : 75.27"
"11,2 : 58.41"
"11,3 : 71.17"
"11,4 : 58.05"
"11,5 : 28.18"
"11,6 : 50.29"
"11,7 : 49.09"
"11,8 : 13.6"
"11,9 : 94.03"
"11,10 : 65.12"
"11,11 : 0.0"
"11,12 : 62.24"
"11,13 : 34.53"
"11,14 : 99.92"
"11,15 : 34.44"
"11,16 : 87.32"
"11,17 : 75.03"
"11,18 : 37.64"
"11,19 : 34.41"
"11,20 : 34.41"
"11,21 : 41.01"
"11,22 : 49.4"
"11,23 : 44.28"
"11,24 : 73.82"
"11,25 : 76.61"
"11,26 : 51.74"
"11,27 : 46.53"
"11,28 : 21.1"
"11,29 : 79.48"
"11,30 : 15.65"
"11,31 : 30.15"
"11,32 : 86.37"
"11,33 : 8.06"
"11,34 : 31.02"
"11,35 : 94.11"
"11,36 : 49.16"
"11,37 : 14.04"
"11,38 : 32.02"
"11,39 : 77.03"
"11,40 : 70.03"
"11,41 : 53.25"
"11,42 : 72.69"
"11,43 : 10.0"
"11,44 : 60.44"
"11,45 : 36.5"
"11,46 : 6.08"
"11,47 : 23.0"
"11,48 : 46.17"
"11,49 : 32.45"
"11,50 : 96.77"
"11,51 : 61.27"
"11,52 : 70.33"
"11,53 : 4.0"
"11,54 : 72.18"
"11,55 : 76.12"
"11,56 : 70.35"
"11,57 : 14.32"
"11,58 : 74.2"
"11,59 : 81.54"
"11,60 : 52.2"
"11,61 : 60.0"
"11,62 : 41.0"
"11,63 : 36.88"
"11,64 : 30.46"
"11,65 : 37.34"
"11,66 : 44.01"
"11,67 : 39.2"
"11,68 : 78.01"
"11,69 : 83.95"
"11,70 : 63.06"
"11,71 : 92.91"
"11,72 : 81.34"
"11,73 : 82.38"
"11,74 : 45.18"
"11,75 : 14.04"
"11,76 : 12.04"
"11,77 : 88.6"
"11,78 : 48.51"
"11,79 : 92.09"
"11,80 : 41.19"
"11,81 : 52.95"
"11,82 : 98.84"
"11,83 : 31.95"
"11,84 : 38.12"
"11,85 : 46.4"
"11,86 : 89.84"
"11,87 : 95.9"
"11,88 : 59.91"
"11,89 : 33.24"
"11,90 : 56.32"
"11,91 : 30.61"
"11,92 : 51.09"
"11,93 : 46.27"
"11,94 : 79.62"
"11,95 : 51.86"
"11,96 : 101.24"
"11,97 : 46.01"
"11,98 : 25.0"
"11,99 : 37.36"
"12,0 : 54.59"
"12,1 : 75.39"
"12,2 : 9.49"
"12,3 : 31.89"
"12,4 : 6.0"
"12,5 : 76.16"
"12,6 : 60.21"
"12,7 : 18.11"
"12,8 : 66.04"
"12,9 : 102.53"
"12,10 : 93.01"
"12,11 : 62.24"
"12,12 : 0.0"
"12,13 : 87.24"
"12,14 : 57.94"
"12,15 : 32.31"
"12,16 : 93.98"
"12,17 : 32.45"
"12,18 : 87.09"
"12,19 : 76.54"
"12,20 : 66.71"
"12,21 : 75.31"
"12,22 : 17.26"
"12,23 : 50.01"
"12,24 : 63.53"
"12,25 : 19.0"
"12,26 : 10.82"
"12,27 : 97.86"
"12,28 : 41.87"
"12,29 : 34.89"
"12,30 : 59.54"
"12,31 : 43.97"
"12,32 : 56.73"
"12,33 : 56.22"
"12,34 : 47.54"
"12,35 : 52.39"
"12,36 : 101.77"
"12,37 : 53.82"
"12,38 : 37.7"
"12,39 : 54.82"
"12,40 : 54.2"
"12,41 : 15.03"
"12,42 : 62.18"
"12,43 : 52.4"
"12,44 : 63.79"
"12,45 : 89.05"
"12,46 : 57.31"
"12,47 : 49.24"
"12,48 : 59.01"
"12,49 : 65.0"
"12,50 : 51.24"
"12,51 : 101.27"
"12,52 : 20.59"
"12,53 : 59.41"
"12,54 : 98.18"
"12,55 : 66.24"
"12,56 : 46.62"
"12,57 : 59.17"
"12,58 : 16.0"
"12,59 : 34.54"
"12,60 : 14.04"
"12,61 : 81.15"
"12,62 : 54.08"
"12,63 : 36.14"
"12,64 : 36.25"
"12,65 : 38.83"
"12,66 : 27.29"
"12,67 : 70.04"
"12,68 : 56.22"
"12,69 : 74.09"
"12,70 : 34.13"
"12,71 : 75.93"
"12,72 : 36.67"
"12,73 : 26.0"
"12,74 : 49.04"
"12,75 : 54.38"
"12,76 : 72.01"
"12,77 : 46.52"
"12,78 : 33.24"
"12,79 : 63.89"
"12,80 : 49.04"
"12,81 : 55.73"
"12,82 : 100.62"
"12,83 : 36.4"
"12,84 : 40.61"
"12,85 : 17.0"
"12,86 : 83.01"
"12,87 : 57.25"
"12,88 : 78.31"
"12,89 : 82.08"
"12,90 : 61.98"
"12,91 : 73.05"
"12,92 : 106.45"
"12,93 : 50.09"
"12,94 : 70.33"
"12,95 : 11.18"
"12,96 : 98.62"
"12,97 : 100.22"
"12,98 : 41.68"
"12,99 : 87.46"
"13,0 : 70.21"
"13,1 : 65.62"
"13,2 : 80.62"
"13,3 : 84.17"
"13,4 : 81.84"
"13,5 : 11.4"
"13,6 : 46.1"
"13,7 : 70.33"
"13,8 : 23.09"
"13,9 : 74.95"
"13,10 : 40.5"
"13,11 : 34.53"
"13,12 : 87.24"
"13,13 : 0.0"
"13,14 : 107.91"
"13,15 : 55.01"
"13,16 : 70.58"
"13,17 : 88.41"
"13,18 : 5.39"
"13,19 : 15.23"
"13,20 : 26.08"
"13,21 : 23.54"
"13,22 : 78.59"
"13,23 : 47.8"
"13,24 : 70.84"
"13,25 : 96.83"
"13,26 : 78.19"
"13,27 : 12.04"
"13,28 : 52.24"
"13,29 : 92.7"
"13,30 : 28.16"
"13,31 : 44.1"
"13,32 : 90.35"
"13,33 : 35.06"
"13,34 : 41.4"
"13,35 : 102.9"
"13,36 : 15.13"
"13,37 : 48.51"
"13,38 : 65.03"
"13,39 : 79.61"
"13,40 : 71.55"
"13,41 : 74.43"
"13,42 : 70.23"
"13,43 : 40.05"
"13,44 : 54.71"
"13,45 : 2.0"
"13,46 : 40.31"
"13,47 : 38.01"
"13,48 : 42.94"
"13,49 : 26.4"
"13,50 : 107.2"
"13,51 : 29.7"
"13,52 : 88.24"
"13,53 : 38.47"
"13,54 : 47.01"
"13,55 : 72.12"
"13,56 : 76.01"
"13,57 : 28.86"
"13,58 : 95.13"
"13,59 : 95.48"
"13,60 : 74.3"
"13,61 : 42.05"
"13,62 : 42.2"
"13,63 : 70.03"
"13,64 : 50.99"
"13,65 : 71.01"
"13,66 : 75.66"
"13,67 : 26.93"
"13,68 : 80.06"
"13,69 : 77.67"
"13,70 : 74.33"
"13,71 : 88.53"
"13,72 : 94.18"
"13,73 : 101.04"
"13,74 : 49.2"
"13,75 : 33.96"
"13,76 : 23.09"
"13,77 : 98.6"
"13,78 : 61.62"
"13,79 : 94.02"
"13,80 : 46.1"
"13,81 : 51.88"
"13,82 : 82.73"
"13,83 : 51.0"
"13,84 : 72.06"
"13,85 : 74.33"
"13,86 : 80.4"
"13,87 : 102.73"
"13,88 : 44.01"
"13,89 : 6.71"
"13,90 : 51.26"
"13,91 : 16.4"
"13,92 : 19.24"
"13,93 : 49.41"
"13,94 : 74.22"
"13,95 : 78.77"
"13,96 : 87.21"
"13,97 : 13.0"
"13,98 : 58.01"
"13,99 : 4.47"
"14,0 : 38.9"
"14,1 : 55.47"
"14,2 : 52.39"
"14,3 : 30.0"
"14,4 : 56.04"
"14,5 : 97.25"
"14,6 : 62.63"
"14,7 : 56.08"
"14,8 : 95.63"
"14,9 : 77.13"
"14,10 : 89.4"
"14,11 : 99.92"
"14,12 : 57.94"
"14,13 : 107.91"
"14,14 : 0.0"
"14,15 : 66.61"
"14,16 : 70.21"
"14,17 : 27.17"
"14,18 : 104.86"
"14,19 : 92.91"
"14,20 : 81.84"
"14,21 : 86.21"
"14,22 : 73.25"
"14,23 : 60.42"
"14,24 : 42.44"
"14,25 : 40.82"
"14,26 : 64.76"
"14,27 : 114.02"
"14,28 : 86.21"
"14,29 : 23.54"
"14,30 : 88.6"
"14,31 : 70.21"
"14,32 : 19.42"
"14,33 : 91.92"
"14,34 : 70.58"
"14,35 : 6.0"
"14,36 : 118.23"
"14,37 : 98.51"
"14,38 : 89.27"
"14,39 : 29.73"
"14,40 : 37.48"
"14,41 : 53.34"
"14,42 : 42.2"
"14,43 : 90.8"
"14,44 : 56.59"
"14,45 : 109.0"
"14,46 : 97.67"
"14,47 : 77.79"
"14,48 : 65.22"
"14,49 : 81.63"
"14,50 : 7.81"
"14,51 : 105.55"
"14,52 : 37.64"
"14,53 : 99.04"
"14,54 : 90.74"
"14,55 : 43.05"
"14,56 : 31.91"
"14,57 : 89.2"
"14,58 : 43.42"
"14,59 : 23.41"
"14,60 : 55.44"
"14,61 : 77.47"
"14,62 : 65.86"
"14,63 : 89.81"
"14,64 : 70.04"
"14,65 : 92.91"
"14,66 : 82.76"
"14,67 : 81.61"
"14,68 : 29.83"
"14,69 : 44.6"
"14,70 : 36.88"
"14,71 : 37.34"
"14,72 : 21.59"
"14,73 : 35.0"
"14,74 : 59.06"
"14,75 : 86.68"
"14,76 : 104.4"
"14,77 : 12.04"
"14,78 : 51.42"
"14,79 : 20.62"
"14,80 : 62.61"
"14,81 : 56.4"
"14,82 : 69.58"
"14,83 : 68.25"
"14,84 : 95.04"
"14,85 : 70.21"
"14,86 : 51.2"
"14,87 : 5.83"
"14,88 : 73.88"
"14,89 : 101.24"
"14,90 : 58.73"
"14,91 : 91.59"
"14,92 : 125.0"
"14,93 : 58.67"
"14,94 : 44.28"
"14,95 : 65.97"
"14,96 : 64.12"
"14,97 : 118.81"
"14,98 : 90.0"
"14,99 : 105.68"
"15,0 : 42.05"
"15,1 : 56.57"
"15,2 : 25.81"
"15,3 : 37.11"
"15,4 : 26.83"
"15,5 : 43.86"
"15,6 : 34.48"
"15,7 : 15.62"
"15,8 : 34.71"
"15,9 : 81.61"
"15,10 : 64.33"
"15,11 : 34.44"
"15,12 : 32.31"
"15,13 : 55.01"
"15,14 : 66.61"
"15,15 : 0.0"
"15,16 : 73.41"
"15,17 : 40.8"
"15,18 : 54.78"
"15,19 : 44.38"
"15,20 : 35.13"
"15,21 : 44.05"
"15,22 : 27.46"
"15,23 : 23.85"
"15,24 : 49.4"
"15,25 : 43.14"
"15,26 : 24.19"
"15,27 : 65.55"
"15,28 : 20.22"
"15,29 : 45.22"
"15,30 : 27.8"
"15,31 : 12.04"
"15,32 : 55.44"
"15,33 : 26.93"
"15,34 : 16.0"
"15,35 : 60.67"
"15,36 : 69.46"
"15,37 : 32.02"
"15,38 : 28.02"
"15,39 : 47.8"
"15,40 : 42.54"
"15,41 : 19.85"
"15,42 : 48.02"
"15,43 : 24.7"
"15,44 : 41.87"
"15,45 : 56.8"
"15,46 : 31.32"
"15,47 : 17.0"
"15,48 : 31.78"
"15,49 : 33.24"
"15,50 : 62.82"
"15,51 : 70.11"
"15,52 : 36.06"
"15,53 : 32.89"
"15,54 : 70.34"
"15,55 : 52.15"
"15,56 : 39.81"
"15,57 : 27.66"
"15,58 : 41.04"
"15,59 : 47.17"
"15,60 : 19.42"
"15,61 : 53.76"
"15,62 : 25.63"
"15,63 : 31.14"
"15,64 : 4.24"
"15,65 : 34.06"
"15,66 : 30.02"
"15,67 : 39.0"
"15,68 : 49.04"
"15,69 : 60.75"
"15,70 : 30.02"
"15,71 : 67.12"
"15,72 : 47.13"
"15,73 : 48.41"
"15,74 : 23.6"
"15,75 : 23.35"
"15,76 : 41.87"
"15,77 : 54.92"
"15,78 : 16.28"
"15,79 : 61.98"
"15,80 : 21.47"
"15,81 : 32.65"
"15,82 : 82.76"
"15,83 : 4.12"
"15,84 : 36.24"
"15,85 : 22.2"
"15,86 : 68.6"
"15,87 : 63.13"
"15,88 : 51.62"
"15,89 : 49.77"
"15,90 : 38.6"
"15,91 : 40.8"
"15,92 : 74.24"
"15,93 : 25.0"
"15,94 : 56.3"
"15,95 : 25.08"
"15,96 : 82.88"
"15,97 : 67.98"
"15,98 : 25.63"
"15,99 : 55.15"
"16,0 : 40.61"
"16,1 : 18.68"
"16,2 : 84.5"
"16,3 : 67.6"
"16,4 : 88.39"
"16,5 : 65.52"
"16,6 : 39.6"
"16,7 : 78.26"
"16,8 : 75.15"
"16,9 : 8.54"
"16,10 : 32.39"
"16,11 : 87.32"
"16,12 : 93.98"
"16,13 : 70.58"
"16,14 : 70.21"
"16,15 : 73.41"
"16,16 : 0.0"
"16,17 : 70.26"
"16,18 : 65.38"
"16,19 : 57.97"
"16,20 : 53.23"
"16,21 : 49.04"
"16,22 : 98.62"
"16,23 : 49.68"
"16,24 : 32.14"
"16,25 : 89.11"
"16,26 : 92.13"
"16,27 : 69.07"
"16,28 : 89.14"
"16,29 : 72.03"
"16,30 : 71.69"
"16,31 : 65.05"
"16,32 : 51.97"
"16,33 : 80.99"
"16,34 : 61.55"
"16,35 : 68.66"
"16,36 : 72.25"
"16,37 : 95.8"
"16,38 : 100.5"
"16,39 : 45.01"
"16,40 : 41.44"
"16,41 : 79.71"
"16,42 : 33.24"
"16,43 : 83.82"
"16,44 : 31.62"
"16,45 : 70.35"
"16,46 : 89.59"
"16,47 : 68.25"
"16,48 : 43.19"
"16,49 : 55.01"
"16,50 : 74.73"
"16,51 : 50.45"
"16,52 : 79.43"
"16,53 : 89.36"
"16,54 : 28.79"
"16,55 : 30.02"
"16,56 : 50.36"
"16,57 : 73.06"
"16,58 : 89.63"
"16,59 : 75.01"
"16,60 : 81.44"
"16,61 : 28.86"
"16,62 : 49.52"
"16,63 : 104.24"
"16,64 : 73.0"
"16,65 : 106.96"
"16,66 : 103.23"
"16,67 : 48.85"
"16,68 : 44.05"
"16,69 : 25.71"
"16,70 : 60.88"
"16,71 : 34.0"
"16,72 : 72.0"
"16,73 : 88.28"
"16,74 : 49.82"
"16,75 : 74.89"
"16,76 : 83.01"
"16,77 : 68.59"
"16,78 : 62.18"
"16,79 : 49.65"
"16,80 : 52.4"
"16,81 : 40.8"
"16,82 : 12.17"
"16,83 : 70.94"
"16,84 : 109.04"
"16,85 : 93.3"
"16,86 : 19.72"
"16,87 : 64.56"
"16,88 : 27.86"
"16,89 : 65.12"
"16,90 : 34.83"
"16,91 : 60.08"
"16,92 : 79.4"
"16,93 : 48.41"
"16,94 : 27.07"
"16,95 : 93.48"
"16,96 : 17.26"
"16,97 : 75.06"
"16,98 : 96.18"
"16,99 : 66.37"
"17,0 : 30.02"
"17,1 : 52.01"
"17,2 : 25.63"
"17,3 : 4.24"
"17,4 : 29.55"
"17,5 : 77.16"
"17,6 : 47.41"
"17,7 : 29.0"
"17,8 : 72.72"
"17,9 : 78.52"
"17,10 : 79.38"
"17,11 : 75.03"
"17,12 : 32.45"
"17,13 : 88.41"
"17,14 : 27.17"
"17,15 : 40.8"
"17,16 : 70.26"
"17,17 : 0.0"
"17,18 : 86.31"
"17,19 : 74.33"
"17,20 : 63.03"
"17,21 : 69.4"
"17,22 : 46.49"
"17,23 : 41.23"
"17,24 : 38.12"
"17,25 : 19.7"
"17,26 : 37.95"
"17,27 : 96.43"
"17,28 : 59.68"
"17,29 : 4.47"
"17,30 : 65.51"
"17,31 : 46.65"
"17,32 : 24.84"
"17,33 : 67.23"
"17,34 : 48.01"
"17,35 : 21.21"
"17,36 : 100.66"
"17,37 : 72.18"
"17,38 : 62.13"
"17,39 : 25.96"
"17,40 : 29.0"
"17,41 : 26.17"
"17,42 : 37.05"
"17,43 : 65.46"
"17,44 : 45.61"
"17,45 : 89.81"
"17,46 : 72.12"
"17,47 : 54.2"
"17,48 : 48.55"
"17,49 : 62.24"
"17,50 : 22.2"
"17,51 : 92.59"
"17,52 : 12.04"
"17,53 : 73.68"
"17,54 : 82.71"
"17,55 : 40.31"
"17,56 : 20.0"
"17,57 : 65.86"
"17,58 : 21.1"
"17,59 : 7.07"
"17,60 : 28.28"
"17,61 : 66.73"
"17,62 : 46.86"
"17,63 : 62.65"
"17,64 : 44.6"
"17,65 : 65.76"
"17,66 : 55.79"
"17,67 : 64.2"
"17,68 : 27.2"
"17,69 : 46.57"
"17,70 : 14.21"
"17,71 : 45.65"
"17,72 : 6.32"
"17,73 : 18.03"
"17,74 : 39.82"
"17,75 : 62.61"
"17,76 : 81.01"
"17,77 : 15.13"
"17,78 : 27.46"
"17,79 : 31.83"
"17,80 : 42.45"
"17,81 : 41.15"
"17,82 : 74.22"
"17,83 : 43.08"
"17,84 : 67.9"
"17,85 : 43.17"
"17,86 : 55.36"
"17,87 : 25.3"
"17,88 : 63.25"
"17,89 : 82.02"
"17,90 : 45.88"
"17,91 : 72.12"
"17,92 : 106.83"
"17,93 : 40.0"
"17,94 : 43.74"
"17,95 : 39.22"
"17,96 : 70.84"
"17,97 : 100.45"
"17,98 : 63.07"
"17,99 : 87.0"
"18,0 : 66.73"
"18,1 : 61.0"
"18,2 : 80.06"
"18,3 : 82.07"
"18,4 : 81.54"
"18,5 : 11.18"
"18,6 : 42.54"
"18,7 : 69.78"
"18,8 : 25.18"
"18,9 : 69.63"
"18,10 : 35.11"
"18,11 : 37.64"
"18,12 : 87.09"
"18,13 : 5.39"
"18,14 : 104.86"
"18,15 : 54.78"
"18,16 : 65.38"
"18,17 : 86.31"
"18,18 : 0.0"
"18,19 : 12.04"
"18,20 : 23.35"
"18,21 : 19.31"
"18,22 : 79.43"
"18,23 : 45.28"
"18,24 : 66.85"
"18,25 : 95.72"
"18,26 : 78.45"
"18,27 : 10.77"
"18,28 : 54.0"
"18,29 : 90.52"
"18,30 : 29.15"
"18,31 : 43.38"
"18,32 : 86.95"
"18,33 : 37.12"
"18,34 : 40.31"
"18,35 : 100.0"
"18,36 : 14.76"
"18,37 : 51.42"
"18,38 : 67.07"
"18,39 : 76.16"
"18,40 : 68.1"
"18,41 : 73.79"
"18,42 : 66.31"
"18,43 : 42.11"
"18,44 : 50.7"
"18,45 : 5.0"
"18,46 : 43.17"
"18,47 : 37.95"
"18,48 : 39.66"
"18,49 : 24.08"
"18,50 : 104.48"
"18,51 : 24.84"
"18,52 : 86.84"
"18,53 : 41.48"
"18,54 : 41.63"
"18,55 : 68.01"
"18,56 : 73.01"
"18,57 : 30.07"
"18,58 : 94.15"
"18,59 : 93.38"
"18,60 : 73.82"
"18,61 : 37.0"
"18,62 : 39.62"
"18,63 : 72.06"
"18,64 : 50.92"
"18,65 : 73.25"
"18,66 : 77.16"
"18,67 : 23.32"
"18,68 : 76.54"
"18,69 : 73.25"
"18,70 : 72.14"
"18,71 : 84.2"
"18,72 : 91.92"
"18,73 : 99.62"
"18,74 : 46.69"
"18,75 : 35.13"
"18,76 : 26.83"
"18,77 : 95.9"
"18,78 : 60.0"
"18,79 : 90.34"
"18,80 : 43.86"
"18,81 : 48.55"
"18,82 : 77.52"
"18,83 : 50.7"
"18,84 : 74.43"
"18,85 : 74.95"
"18,86 : 75.66"
"18,87 : 99.57"
"18,88 : 39.12"
"18,89 : 5.1"
"18,90 : 47.42"
"18,91 : 14.42"
"18,92 : 20.52"
"18,93 : 46.75"
"18,94 : 69.92"
"18,95 : 79.12"
"18,96 : 82.1"
"18,97 : 14.14"
"18,98 : 60.13"
"18,99 : 1.0"
"19,0 : 55.01"
"19,1 : 51.09"
"19,2 : 69.08"
"19,3 : 70.09"
"19,4 : 70.84"
"19,5 : 7.62"
"19,6 : 30.87"
"19,7 : 58.87"
"19,8 : 20.81"
"19,9 : 63.32"
"19,10 : 31.24"
"19,11 : 34.41"
"19,12 : 76.54"
"19,13 : 15.23"
"19,14 : 92.91"
"19,15 : 44.38"
"19,16 : 57.97"
"19,17 : 74.33"
"19,18 : 12.04"
"19,19 : 0.0"
"19,20 : 11.31"
"19,21 : 9.06"
"19,22 : 70.26"
"19,23 : 33.24"
"19,24 : 55.66"
"19,25 : 84.22"
"19,26 : 68.45"
"19,27 : 22.2"
"19,28 : 46.87"
"19,29 : 78.52"
"19,30 : 21.84"
"19,31 : 32.57"
"19,32 : 75.18"
"19,33 : 31.38"
"19,34 : 29.15"
"19,35 : 88.01"
"19,36 : 26.4"
"19,37 : 46.96"
"19,38 : 60.21"
"19,39 : 64.41"
"19,40 : 56.36"
"19,41 : 62.77"
"19,42 : 55.03"
"19,43 : 36.06"
"19,44 : 39.56"
"19,45 : 16.12"
"19,46 : 38.95"
"19,47 : 28.16"
"19,48 : 27.78"
"19,49 : 12.21"
"19,50 : 92.46"
"19,51 : 27.89"
"19,52 : 75.17"
"19,53 : 37.74"
"19,54 : 38.29"
"19,55 : 57.01"
"19,56 : 61.03"
"19,57 : 23.09"
"19,58 : 82.76"
"19,59 : 81.39"
"19,60 : 62.97"
"19,61 : 29.12"
"19,62 : 27.59"
"19,63 : 65.12"
"19,64 : 40.79"
"19,65 : 66.71"
"19,66 : 69.12"
"19,67 : 11.7"
"19,68 : 64.85"
"19,69 : 62.8"
"19,70 : 60.14"
"19,71 : 73.55"
"19,72 : 79.91"
"19,73 : 87.92"
"19,74 : 34.66"
"19,75 : 27.66"
"19,76 : 26.4"
"19,77 : 83.87"
"19,78 : 48.26"
"19,79 : 78.79"
"19,80 : 31.89"
"19,81 : 36.72"
"19,82 : 70.09"
"19,83 : 40.26"
"19,84 : 68.15"
"19,85 : 65.49"
"19,86 : 66.03"
"19,87 : 87.66"
"19,88 : 30.41"
"19,89 : 8.54"
"19,90 : 36.06"
"19,91 : 4.12"
"19,92 : 32.53"
"19,93 : 34.71"
"19,94 : 59.23"
"19,95 : 69.23"
"19,96 : 73.98"
"19,97 : 26.17"
"19,98 : 53.6"
"19,99 : 12.81"
"20,0 : 44.38"
"20,1 : 43.29"
"20,2 : 58.82"
"20,3 : 58.8"
"20,4 : 60.88"
"20,5 : 15.81"
"20,6 : 20.62"
"20,7 : 48.76"
"20,8 : 21.93"
"20,9 : 59.68"
"20,10 : 32.25"
"20,11 : 34.41"
"20,12 : 66.71"
"20,13 : 26.08"
"20,14 : 81.84"
"20,15 : 35.13"
"20,16 : 53.23"
"20,17 : 63.03"
"20,18 : 23.35"
"20,19 : 11.31"
"20,20 : 0.0"
"20,21 : 9.06"
"20,22 : 62.03"
"20,23 : 21.93"
"20,24 : 45.89"
"20,25 : 73.36"
"20,26 : 59.3"
"20,27 : 33.42"
"20,28 : 41.63"
"20,29 : 67.21"
"20,30 : 19.1"
"20,31 : 23.09"
"20,32 : 64.4"
"20,33 : 29.0"
"20,34 : 19.24"
"20,35 : 76.84"
"20,36 : 37.64"
"20,37 : 44.69"
"20,38 : 54.78"
"20,39 : 53.71"
"20,40 : 45.69"
"20,41 : 52.5"
"20,42 : 45.12"
"20,43 : 32.8"
"20,44 : 30.15"
"20,45 : 27.2"
"20,46 : 37.48"
"20,47 : 20.62"
"20,48 : 17.09"
"20,49 : 2.24"
"20,50 : 81.22"
"20,51 : 35.01"
"20,52 : 64.14"
"20,53 : 36.88"
"20,54 : 39.12"
"20,55 : 47.52"
"20,56 : 49.93"
"20,57 : 20.52"
"20,58 : 72.01"
"20,59 : 70.09"
"20,60 : 52.89"
"20,61 : 25.61"
"20,62 : 16.28"
"20,63 : 59.46"
"20,64 : 32.0"
"20,65 : 61.47"
"20,66 : 62.17"
"20,67 : 5.0"
"20,68 : 54.23"
"20,69 : 54.04"
"20,70 : 48.84"
"20,71 : 64.38"
"20,72 : 68.59"
"20,73 : 76.85"
"20,74 : 23.35"
"20,75 : 23.6"
"20,76 : 30.08"
"20,77 : 72.62"
"20,78 : 37.22"
"20,79 : 68.35"
"20,80 : 20.62"
"20,81 : 26.0"
"20,82 : 65.0"
"20,83 : 31.06"
"20,84 : 63.16"
"20,85 : 57.0"
"20,86 : 58.31"
"20,87 : 76.66"
"20,88 : 25.55"
"20,89 : 19.42"
"20,90 : 26.31"
"20,91 : 9.85"
"20,92 : 43.84"
"20,93 : 23.43"
"20,94 : 50.16"
"20,95 : 60.21"
"20,96 : 68.01"
"20,97 : 37.48"
"20,98 : 48.75"
"20,99 : 24.08"
"21,0 : 47.71"
"21,1 : 42.19"
"21,2 : 67.19"
"21,3 : 65.22"
"21,4 : 69.43"
"21,5 : 16.49"
"21,6 : 23.6"
"21,7 : 57.27"
"21,8 : 27.66"
"21,9 : 54.63"
"21,10 : 24.21"
"21,11 : 41.01"
"21,12 : 75.31"
"21,13 : 23.54"
"21,14 : 86.21"
"21,15 : 44.05"
"21,16 : 49.04"
"21,17 : 69.4"
"21,18 : 19.31"
"21,19 : 9.06"
"21,20 : 9.06"
"21,21 : 0.0"
"21,22 : 71.06"
"21,23 : 28.3"
"21,24 : 47.54"
"21,25 : 81.02"
"21,26 : 68.18"
"21,27 : 27.8"
"21,28 : 50.33"
"21,29 : 73.41"
"21,30 : 26.63"
"21,31 : 32.02"
"21,32 : 67.96"
"21,33 : 36.62"
"21,34 : 28.07"
"21,35 : 81.57"
"21,36 : 32.02"
"21,37 : 52.43"
"21,38 : 63.57"
"21,39 : 57.14"
"21,40 : 49.09"
"21,41 : 60.88"
"21,42 : 47.01"
"21,43 : 40.82"
"21,44 : 31.38"
"21,45 : 24.04"
"21,46 : 44.82"
"21,47 : 29.61"
"21,48 : 21.21"
"21,49 : 11.18"
"21,50 : 86.31"
"21,51 : 26.08"
"21,52 : 71.55"
"21,53 : 43.93"
"21,54 : 31.24"
"21,55 : 48.7"
"21,56 : 54.56"
"21,57 : 28.02"
"21,58 : 79.85"
"21,59 : 76.4"
"21,60 : 61.39"
"21,61 : 20.25"
"21,62 : 22.83"
"21,63 : 68.31"
"21,64 : 41.01"
"21,65 : 70.23"
"21,66 : 71.2"
"21,67 : 5.39"
"21,68 : 57.45"
"21,69 : 54.13"
"21,70 : 55.22"
"21,71 : 65.0"
"21,72 : 74.65"
"21,73 : 84.12"
"21,74 : 29.68"
"21,75 : 31.76"
"21,76 : 34.48"
"21,77 : 77.79"
"21,78 : 44.78"
"21,79 : 71.12"
"21,80 : 27.73"
"21,81 : 29.83"
"21,82 : 61.13"
"21,83 : 40.01"
"21,84 : 71.87"
"21,85 : 66.01"
"21,86 : 57.08"
"21,87 : 80.8"
"21,88 : 21.38"
"21,89 : 17.12"
"21,90 : 28.18"
"21,91 : 11.18"
"21,92 : 38.83"
"21,93 : 29.41"
"21,94 : 50.7"
"21,95 : 69.12"
"21,96 : 64.94"
"21,97 : 32.76"
"21,98 : 57.38"
"21,99 : 20.25"
"22,0 : 62.24"
"22,1 : 80.71"
"22,2 : 20.88"
"22,3 : 44.78"
"22,4 : 17.26"
"22,5 : 68.25"
"22,6 : 61.1"
"22,7 : 21.21"
"22,8 : 55.97"
"22,9 : 107.04"
"22,10 : 91.78"
"22,11 : 49.4"
"22,12 : 17.26"
"22,13 : 78.59"
"22,14 : 73.25"
"22,15 : 27.46"
"22,16 : 98.62"
"22,17 : 46.49"
"22,18 : 79.43"
"22,19 : 70.26"
"22,20 : 62.03"
"22,21 : 71.06"
"22,22 : 0.0"
"22,23 : 50.33"
"22,24 : 70.84"
"22,25 : 36.12"
"22,26 : 8.54"
"22,27 : 90.03"
"22,28 : 28.3"
"22,29 : 49.73"
"22,30 : 50.45"
"22,31 : 39.2"
"22,32 : 68.96"
"22,33 : 44.78"
"22,34 : 43.29"
"22,35 : 67.45"
"22,36 : 93.62"
"22,37 : 38.9"
"22,38 : 21.1"
"22,39 : 64.82"
"22,40 : 62.23"
"22,41 : 21.63"
"22,42 : 69.43"
"22,43 : 40.25"
"22,44 : 67.12"
"22,45 : 80.52"
"22,46 : 43.83"
"22,47 : 42.11"
"22,48 : 58.82"
"22,49 : 60.01"
"22,50 : 67.08"
"22,51 : 97.01"
"22,52 : 35.69"
"22,53 : 46.04"
"22,54 : 97.74"
"22,55 : 73.66"
"22,56 : 56.22"
"22,57 : 49.73"
"22,58 : 33.14"
"22,59 : 50.01"
"22,60 : 19.42"
"22,61 : 81.04"
"22,62 : 52.89"
"22,63 : 18.97"
"22,64 : 30.07"
"22,65 : 21.59"
"22,66 : 10.05"
"22,67 : 66.19"
"22,68 : 66.22"
"22,69 : 82.07"
"22,70 : 43.6"
"22,71 : 85.91"
"22,72 : 51.66"
"22,73 : 43.1"
"22,74 : 49.77"
"22,75 : 44.64"
"22,76 : 60.37"
"22,77 : 61.4"
"22,78 : 36.62"
"22,79 : 76.16"
"22,80 : 48.38"
"22,81 : 58.14"
"22,82 : 106.83"
"22,83 : 31.26"
"22,84 : 23.35"
"22,85 : 5.39"
"22,86 : 90.69"
"22,87 : 71.78"
"22,88 : 78.75"
"22,89 : 74.33"
"22,90 : 64.4"
"22,91 : 66.37"
"22,92 : 97.42"
"22,93 : 51.08"
"22,94 : 77.9"
"22,95 : 7.28"
"22,96 : 105.89"
"22,97 : 91.48"
"22,98 : 26.17"
"22,99 : 79.62"
"23,0 : 25.08"
"23,1 : 33.6"
"23,2 : 41.05"
"23,3 : 37.01"
"23,4 : 44.01"
"23,5 : 36.89"
"23,6 : 10.77"
"23,7 : 32.14"
"23,8 : 36.5"
"23,9 : 57.8"
"23,10 : 43.0"
"23,11 : 44.28"
"23,12 : 50.01"
"23,13 : 47.8"
"23,14 : 60.42"
"23,15 : 23.85"
"23,16 : 49.68"
"23,17 : 41.23"
"23,18 : 45.28"
"23,19 : 33.24"
"23,20 : 21.93"
"23,21 : 28.3"
"23,22 : 50.33"
"23,23 : 0.0"
"23,24 : 29.61"
"23,25 : 53.14"
"23,26 : 45.12"
"23,27 : 55.23"
"23,28 : 40.22"
"23,29 : 45.34"
"23,30 : 30.07"
"23,31 : 16.12"
"23,32 : 43.97"
"23,33 : 36.5"
"23,34 : 13.6"
"23,35 : 55.23"
"23,36 : 59.46"
"23,37 : 48.85"
"23,38 : 50.91"
"23,39 : 33.73"
"23,40 : 26.17"
"23,41 : 35.0"
"23,42 : 28.44"
"23,43 : 37.64"
"23,44 : 18.44"
"23,45 : 49.04"
"23,46 : 44.38"
"23,47 : 21.59"
"23,48 : 9.0"
"23,49 : 21.4"
"23,50 : 59.41"
"23,51 : 52.81"
"23,52 : 43.46"
"23,53 : 44.91"
"23,54 : 48.26"
"23,55 : 32.02"
"23,56 : 28.64"
"23,57 : 31.02"
"23,58 : 52.2"
"23,59 : 48.27"
"23,60 : 36.06"
"23,61 : 31.26"
"23,62 : 5.66"
"23,63 : 54.56"
"23,64 : 23.35"
"23,65 : 57.31"
"23,66 : 53.85"
"23,67 : 23.02"
"23,68 : 34.53"
"23,69 : 40.16"
"23,70 : 27.02"
"23,71 : 48.66"
"23,72 : 46.69"
"23,73 : 55.9"
"23,74 : 1.41"
"23,75 : 30.27"
"23,76 : 45.54"
"23,77 : 50.8"
"23,78 : 17.26"
"23,79 : 48.84"
"23,80 : 3.16"
"23,81 : 9.43"
"23,82 : 59.46"
"23,83 : 21.26"
"23,84 : 59.41"
"23,85 : 44.94"
"23,86 : 46.96"
"23,87 : 55.46"
"23,88 : 28.64"
"23,89 : 41.23"
"23,90 : 14.87"
"23,91 : 31.4"
"23,92 : 65.76"
"23,93 : 2.0"
"23,94 : 35.74"
"23,95 : 46.32"
"23,96 : 60.22"
"23,97 : 59.41"
"23,98 : 47.01"
"23,99 : 46.01"
"24,0 : 8.94"
"24,1 : 14.14"
"24,2 : 54.2"
"24,3 : 35.51"
"24,4 : 58.31"
"24,5 : 61.61"
"24,6 : 25.32"
"24,7 : 49.68"
"24,8 : 65.0"
"24,9 : 40.45"
"24,10 : 47.01"
"24,11 : 73.82"
"24,12 : 63.53"
"24,13 : 70.84"
"24,14 : 42.44"
"24,15 : 49.4"
"24,16 : 32.14"
"24,17 : 38.12"
"24,18 : 66.85"
"24,19 : 55.66"
"24,20 : 45.89"
"24,21 : 47.54"
"24,22 : 70.84"
"24,23 : 29.61"
"24,24 : 0.0"
"24,25 : 57.07"
"24,26 : 63.41"
"24,27 : 74.71"
"24,28 : 68.45"
"24,29 : 40.01"
"24,30 : 59.14"
"24,31 : 45.22"
"24,32 : 23.02"
"24,33 : 66.1"
"24,34 : 43.17"
"24,35 : 39.36"
"24,36 : 78.77"
"24,37 : 78.11"
"24,38 : 77.39"
"24,39 : 13.6"
"24,40 : 9.49"
"24,41 : 50.22"
"24,42 : 1.41"
"24,43 : 67.19"
"24,44 : 16.16"
"24,45 : 71.51"
"24,46 : 73.98"
"24,47 : 51.2"
"24,48 : 29.15"
"24,49 : 46.53"
"24,50 : 45.19"
"24,51 : 63.66"
"24,52 : 47.54"
"24,53 : 74.53"
"24,54 : 48.37"
"24,55 : 2.83"
"24,56 : 18.25"
"24,57 : 60.21"
"24,58 : 57.72"
"24,59 : 43.05"
"24,60 : 52.2"
"24,61 : 35.36"
"24,62 : 33.06"
"24,63 : 80.21"
"24,64 : 50.54"
"24,65 : 83.23"
"24,66 : 77.16"
"24,67 : 43.97"
"24,68 : 13.0"
"24,69 : 11.4"
"24,70 : 29.55"
"24,71 : 19.1"
"24,72 : 40.11"
"24,73 : 56.14"
"24,74 : 28.86"
"24,75 : 59.84"
"24,76 : 74.01"
"24,77 : 37.95"
"24,78 : 34.71"
"24,79 : 24.21"
"24,80 : 32.76"
"24,81 : 21.02"
"24,82 : 37.16"
"24,83 : 48.3"
"24,84 : 85.45"
"24,85 : 65.8"
"24,86 : 19.85"
"24,87 : 36.62"
"24,88 : 31.83"
"24,89 : 64.2"
"24,90 : 19.65"
"24,91 : 55.54"
"24,92 : 85.88"
"24,93 : 27.66"
"24,94 : 7.07"
"24,95 : 64.82"
"24,96 : 35.23"
"24,97 : 80.06"
"24,98 : 74.71"
"24,99 : 67.78"
"25,0 : 48.51"
"25,1 : 70.58"
"25,2 : 18.36"
"25,3 : 21.59"
"25,4 : 19.92"
"25,5 : 85.45"
"25,6 : 61.61"
"25,7 : 27.66"
"25,8 : 77.79"
"25,9 : 97.49"
"25,10 : 94.73"
"25,11 : 76.61"
"25,12 : 19.0"
"25,13 : 96.83"
"25,14 : 40.82"
"25,15 : 43.14"
"25,16 : 89.11"
"25,17 : 19.7"
"25,18 : 95.72"
"25,19 : 84.22"
"25,20 : 73.36"
"25,21 : 81.02"
"25,22 : 36.12"
"25,23 : 53.14"
"25,24 : 57.07"
"25,25 : 0.0"
"25,26 : 28.64"
"25,27 : 106.33"
"25,28 : 57.71"
"25,29 : 20.0"
"25,30 : 70.77"
"25,31 : 52.8"
"25,32 : 44.1"
"25,33 : 69.66"
"25,34 : 55.47"
"25,35 : 35.81"
"25,36 : 110.45"
"25,37 : 70.21"
"25,38 : 55.79"
"25,39 : 45.54"
"25,40 : 47.68"
"25,41 : 23.43"
"25,42 : 55.9"
"25,43 : 66.61"
"25,44 : 62.13"
"25,45 : 98.47"
"25,46 : 72.4"
"25,47 : 59.55"
"25,48 : 61.68"
"25,49 : 72.07"
"25,50 : 33.54"
"25,51 : 105.95"
"25,52 : 10.05"
"25,53 : 74.33"
"25,54 : 98.86"
"25,55 : 59.44"
"25,56 : 38.83"
"25,57 : 70.72"
"25,58 : 3.0"
"25,59 : 18.38"
"25,60 : 24.41"
"25,61 : 82.2"
"25,62 : 58.31"
"25,63 : 54.74"
"25,64 : 47.38"
"25,65 : 57.56"
"25,66 : 46.17"
"25,67 : 75.64"
"25,68 : 46.82"
