x,y
16,96
77,60
94,95
89,37
66,56
48,13
57,55
31,24
12,45
5,80
92,25
59,80
52,83
12,32
73,0
94,69
93,71
91,90
21,45
68,17
82,24
0,37
87,37
16,47
75,84
17,89
100,29
67,97
11,50
22,95
5,98
88,48
19,77
41,4
52,47
26,57
55,92
5,32
45,57
56,90
80,17
25,53
48,23
25,22
66,42
78,5
7,14
36,49
69,30
33,96
65,42
34,60
46,47
25,80
14,31
71,13
53,4
18,81
95,22
8,93
1,43
25,1
1,9
6,52
49,27
58,47
48,4
34,15
31,45
55,22
2,18
23,30
87,68
32,13
38,10
97,70
37,31
53,74
47,38
40,39
38,67
60,40
29,16
65,93
81,70
16,94
9,58
9,45
63,24
49,45
18,13
76,27
47,24
15,7
92,50
2,93
56,9
51,38
0,27
47,22

Distanze
"0,0 : 0.0"
"0,1 : 70.83"
"0,2 : 78.01"
"0,3 : 93.86"
"0,4 : 64.03"
"0,5 : 88.96"
"0,6 : 57.98"
"0,7 : 73.55"
"0,8 : 51.16"
"0,9 : 19.42"
"0,10 : 104.0"
"0,11 : 45.88"
"0,12 : 38.28"
"0,13 : 64.12"
"0,14 : 111.65"
"0,15 : 82.54"
"0,16 : 80.96"
"0,17 : 75.24"
"0,18 : 51.24"
"0,19 : 94.58"
"0,20 : 97.67"
"0,21 : 61.13"
"0,22 : 92.31"
"0,23 : 49.0"
"0,24 : 60.21"
"0,25 : 7.07"
"0,26 : 107.45"
"0,27 : 51.01"
"0,28 : 46.27"
"0,29 : 6.08"
"0,30 : 11.18"
"0,31 : 86.53"
"0,32 : 19.24"
"0,33 : 95.34"
"0,34 : 60.8"
"0,35 : 40.26"
"0,36 : 39.2"
"0,37 : 64.94"
"0,38 : 48.6"
"0,39 : 40.45"
"0,40 : 101.67"
"0,41 : 43.93"
"0,42 : 79.71"
"0,43 : 74.55"
"0,44 : 73.59"
"0,45 : 110.11"
"0,46 : 82.49"
"0,47 : 51.08"
"0,48 : 84.65"
"0,49 : 17.0"
"0,50 : 72.92"
"0,51 : 40.25"
"0,52 : 57.45"
"0,53 : 18.36"
"0,54 : 65.03"
"0,55 : 99.57"
"0,56 : 99.16"
"0,57 : 15.13"
"0,58 : 108.25"
"0,59 : 8.54"
"0,60 : 55.08"
"0,61 : 95.43"
"0,62 : 88.28"
"0,63 : 45.12"
"0,64 : 76.49"
"0,65 : 64.54"
"0,66 : 97.41"
"0,67 : 82.98"
"0,68 : 53.16"
"0,69 : 83.65"
"0,70 : 79.25"
"0,71 : 66.37"
"0,72 : 76.32"
"0,73 : 84.53"
"0,74 : 88.77"
"0,75 : 85.07"
"0,76 : 68.31"
"0,77 : 43.05"
"0,78 : 65.76"
"0,79 : 61.85"
"0,80 : 36.4"
"0,81 : 71.22"
"0,82 : 81.05"
"0,83 : 49.09"
"0,84 : 70.01"
"0,85 : 2.0"
"0,86 : 38.64"
"0,87 : 51.48"
"0,88 : 85.98"
"0,89 : 60.75"
"0,90 : 83.02"
"0,91 : 91.44"
"0,92 : 78.39"
"0,93 : 89.01"
"0,94 : 88.84"
"0,95 : 14.32"
"0,96 : 95.75"
"0,97 : 67.74"
"0,98 : 70.83"
"0,99 : 80.23"
"1,0 : 70.83"
"1,1 : 0.0"
"1,2 : 38.91"
"1,3 : 25.94"
"1,4 : 11.7"
"1,5 : 55.23"
"1,6 : 20.62"
"1,7 : 58.41"
"1,8 : 66.71"
"1,9 : 74.73"
"1,10 : 38.08"
"1,11 : 26.91"
"1,12 : 33.97"
"1,13 : 70.77"
"1,14 : 60.13"
"1,15 : 19.24"
"1,16 : 19.42"
"1,17 : 33.11"
"1,18 : 57.97"
"1,19 : 43.93"
"1,20 : 36.35"
"1,21 : 80.36"
"1,22 : 25.08"
"1,23 : 62.37"
"1,24 : 24.08"
"1,25 : 66.64"
"1,26 : 38.6"
"1,27 : 38.33"
"1,28 : 66.75"
"1,29 : 65.19"
"1,30 : 81.41"
"1,31 : 16.28"
"1,32 : 60.44"
"1,33 : 66.57"
"1,34 : 28.18"
"1,35 : 51.09"
"1,36 : 38.83"
"1,37 : 77.25"
"1,38 : 32.14"
"1,39 : 36.62"
"1,40 : 43.1"
"1,41 : 52.47"
"1,42 : 47.01"
"1,43 : 64.4"
"1,44 : 21.1"
"1,45 : 55.01"
"1,46 : 83.76"
"1,47 : 42.45"
"1,48 : 31.05"
"1,49 : 56.85"
"1,50 : 21.63"
"1,51 : 43.0"
"1,52 : 33.62"
"1,53 : 55.71"
"1,54 : 69.35"
"1,55 : 47.38"
"1,56 : 60.93"
"1,57 : 62.63"
"1,58 : 42.05"
"1,59 : 76.49"
"1,60 : 77.88"
"1,61 : 78.64"
"1,62 : 91.53"
"1,63 : 71.45"
"1,64 : 43.28"
"1,65 : 23.02"
"1,66 : 63.06"
"1,67 : 62.24"
"1,68 : 48.38"
"1,69 : 43.91"
"1,70 : 85.96"
"1,71 : 61.77"
"1,72 : 12.81"
"1,73 : 65.07"
"1,74 : 63.41"
"1,75 : 22.36"
"1,76 : 49.41"
"1,77 : 27.78"
"1,78 : 37.2"
"1,79 : 42.54"
"1,80 : 39.62"
"1,81 : 26.25"
"1,82 : 65.12"
"1,83 : 35.11"
"1,84 : 10.77"
"1,85 : 69.84"
"1,86 : 68.03"
"1,87 : 69.63"
"1,88 : 38.63"
"1,89 : 31.76"
"1,90 : 75.43"
"1,91 : 33.02"
"1,92 : 46.86"
"1,93 : 81.57"
"1,94 : 18.03"
"1,95 : 81.94"
"1,96 : 55.15"
"1,97 : 34.06"
"1,98 : 83.77"
"1,99 : 48.41"
"2,0 : 78.01"
"2,1 : 38.91"
"2,2 : 0.0"
"2,3 : 58.22"
"2,4 : 48.01"
"2,5 : 94.02"
"2,6 : 54.49"
"2,7 : 94.92"
"2,8 : 96.04"
"2,9 : 90.26"
"2,10 : 70.03"
"2,11 : 38.08"
"2,12 : 43.68"
"2,13 : 103.41"
"2,14 : 97.29"
"2,15 : 26.0"
"2,16 : 24.02"
"2,17 : 5.83"
"2,18 : 88.48"
"2,19 : 82.22"
"2,20 : 72.01"
"2,21 : 110.45"
"2,22 : 58.42"
"2,23 : 91.59"
"2,24 : 21.95"
"2,25 : 77.23"
"2,26 : 66.27"
"2,27 : 27.07"
"2,28 : 94.41"
"2,29 : 72.0"
"2,30 : 89.05"
"2,31 : 47.38"
"2,32 : 77.13"
"2,33 : 105.31"
"2,34 : 63.78"
"2,35 : 77.9"
"2,36 : 39.12"
"2,37 : 109.04"
"2,38 : 62.01"
"2,39 : 38.33"
"2,40 : 79.25"
"2,41 : 80.78"
"2,42 : 85.44"
"2,43 : 100.45"
"2,44 : 59.94"
"2,45 : 91.41"
"2,46 : 118.87"
"2,47 : 74.03"
"2,48 : 69.64"
"2,49 : 61.01"
"2,50 : 60.42"
"2,51 : 69.46"
"2,52 : 67.88"
"2,53 : 70.61"
"2,54 : 102.45"
"2,55 : 85.16"
"2,56 : 99.81"
"2,57 : 77.28"
"2,58 : 73.01"
"2,59 : 86.02"
"2,60 : 106.55"
"2,61 : 116.61"
"2,62 : 126.67"
"2,63 : 97.94"
"2,64 : 81.54"
"2,65 : 60.0"
"2,66 : 101.97"
"2,67 : 100.0"
"2,68 : 80.43"
"2,69 : 82.76"
"2,70 : 119.97"
"2,71 : 96.26"
"2,72 : 27.89"
"2,73 : 102.8"
"2,74 : 101.79"
"2,75 : 25.18"
"2,76 : 85.7"
"2,77 : 46.07"
"2,78 : 73.88"
"2,79 : 77.79"
"2,80 : 62.61"
"2,81 : 64.66"
"2,82 : 102.3"
"2,83 : 29.07"
"2,84 : 28.18"
"2,85 : 78.01"
"2,86 : 92.7"
"2,87 : 98.62"
"2,88 : 77.47"
"2,89 : 67.27"
"2,90 : 111.8"
"2,91 : 70.34"
"2,92 : 85.15"
"2,93 : 118.26"
"2,94 : 45.04"
"2,95 : 92.02"
"2,96 : 94.02"
"2,97 : 71.4"
"2,98 : 116.02"
"2,99 : 86.82"
"3,0 : 93.86"
"3,1 : 25.94"
"3,2 : 58.22"
"3,3 : 0.0"
"3,4 : 29.83"
"3,5 : 47.51"
"3,6 : 36.72"
"3,7 : 59.44"
"3,8 : 77.41"
"3,9 : 94.37"
"3,10 : 12.37"
"3,11 : 52.43"
"3,12 : 59.03"
"3,13 : 77.16"
"3,14 : 40.31"
"3,15 : 32.39"
"3,16 : 34.23"
"3,17 : 53.04"
"3,18 : 68.47"
"3,19 : 29.0"
"3,20 : 14.76"
"3,21 : 89.0"
"3,22 : 2.0"
"3,23 : 73.68"
"3,24 : 49.04"
"3,25 : 88.81"
"3,26 : 13.6"
"3,27 : 63.91"
"3,28 : 79.08"
"3,29 : 88.62"
"3,30 : 103.81"
"3,31 : 11.05"
"3,32 : 80.62"
"3,33 : 58.25"
"3,34 : 38.33"
"3,35 : 66.1"
"3,36 : 64.66"
"3,37 : 84.15"
"3,38 : 48.33"
"3,39 : 62.43"
"3,40 : 21.93"
"3,41 : 65.97"
"3,42 : 43.32"
"3,43 : 65.73"
"3,44 : 23.54"
"3,45 : 33.84"
"3,46 : 85.16"
"3,47 : 54.34"
"3,48 : 21.19"
"3,49 : 81.34"
"3,50 : 24.52"
"3,51 : 59.62"
"3,52 : 44.15"
"3,53 : 77.1"
"3,54 : 75.24"
"3,55 : 30.0"
"3,56 : 48.84"
"3,57 : 83.53"
"3,58 : 16.16"
"3,59 : 98.47"
"3,60 : 88.2"
"3,61 : 73.43"
"3,62 : 92.35"
"3,63 : 84.34"
"3,64 : 41.23"
"3,65 : 32.57"
"3,66 : 52.63"
"3,67 : 59.24"
"3,68 : 58.55"
"3,69 : 37.16"
"3,70 : 89.05"
"3,71 : 66.37"
"3,72 : 31.06"
"3,73 : 61.85"
"3,74 : 57.71"
"3,75 : 33.96"
"3,76 : 52.35"
"3,77 : 51.62"
"3,78 : 42.01"
"3,79 : 49.04"
"3,80 : 59.17"
"3,81 : 29.15"
"3,82 : 63.57"
"3,83 : 60.93"
"3,84 : 33.96"
"3,85 : 92.62"
"3,86 : 82.71"
"3,87 : 80.4"
"3,88 : 29.07"
"3,89 : 40.79"
"3,90 : 74.95"
"3,91 : 16.4"
"3,92 : 43.97"
"3,93 : 79.85"
"3,94 : 13.34"
"3,95 : 103.46"
"3,96 : 43.28"
"3,97 : 38.01"
"3,98 : 89.56"
"3,99 : 44.6"
"4,0 : 64.03"
"4,1 : 11.7"
"4,2 : 48.01"
"4,3 : 29.83"
"4,4 : 0.0"
"4,5 : 46.62"
"4,6 : 9.06"
"4,7 : 47.42"
"4,8 : 55.11"
"4,9 : 65.55"
"4,10 : 40.46"
"4,11 : 25.0"
"4,12 : 30.41"
"4,13 : 59.09"
"4,14 : 56.44"
"4,15 : 30.87"
"4,16 : 30.89"
"4,17 : 42.2"
"4,18 : 46.32"
"4,19 : 39.05"
"4,20 : 35.78"
"4,21 : 68.68"
"4,22 : 28.32"
"4,23 : 50.8"
"4,24 : 29.41"
"4,25 : 59.08"
"4,26 : 43.42"
"4,27 : 41.01"
"4,28 : 55.33"
"4,29 : 58.8"
"4,30 : 74.06"
"4,31 : 23.41"
"4,32 : 51.48"
"4,33 : 57.7"
"4,34 : 16.64"
"4,35 : 40.01"
"4,36 : 37.64"
"4,37 : 65.55"
"4,38 : 21.02"
"4,39 : 35.44"
"4,40 : 41.44"
"4,41 : 41.11"
"4,42 : 37.59"
"4,43 : 53.26"
"4,44 : 14.0"
"4,45 : 52.39"
"4,46 : 72.42"
"4,47 : 30.81"
"4,48 : 26.17"
"4,49 : 51.86"
"4,50 : 14.04"
"4,51 : 32.25"
"4,52 : 21.93"
"4,53 : 47.51"
"4,54 : 57.7"
"4,55 : 43.29"
"4,56 : 53.6"
"4,57 : 54.12"
"4,58 : 44.69"
"4,59 : 68.8"
"4,60 : 66.29"
"4,61 : 68.6"
"4,62 : 80.21"
"4,63 : 60.13"
"4,64 : 33.62"
"4,65 : 12.04"
"4,66 : 55.03"
"4,67 : 52.01"
"4,68 : 36.69"
"4,69 : 35.74"
"4,70 : 74.43"
"4,71 : 50.25"
"4,72 : 24.19"
"4,73 : 54.82"
"4,74 : 53.85"
"4,75 : 34.01"
"4,76 : 38.29"
"4,77 : 22.2"
"4,78 : 26.17"
"4,79 : 31.06"
"4,80 : 30.08"
"4,81 : 17.09"
"4,82 : 54.49"
"4,83 : 37.01"
"4,84 : 20.52"
"4,85 : 62.8"
"4,86 : 57.04"
"4,87 : 58.05"
"4,88 : 32.14"
"4,89 : 20.25"
"4,90 : 64.44"
"4,91 : 30.68"
"4,92 : 37.22"
"4,93 : 70.72"
"4,94 : 26.68"
"4,95 : 73.93"
"4,96 : 48.05"
"4,97 : 23.43"
"4,98 : 72.09"
"4,99 : 38.95"
"5,0 : 88.96"
"5,1 : 55.23"
"5,2 : 94.02"
"5,3 : 47.51"
"5,4 : 46.62"
"5,5 : 0.0"
"5,6 : 42.95"
"5,7 : 20.25"
"5,8 : 48.17"
"5,9 : 79.61"
"5,10 : 45.61"
"5,11 : 67.9"
"5,12 : 70.11"
"5,13 : 40.71"
"5,14 : 28.18"
"5,15 : 72.47"
"5,16 : 73.41"
"5,17 : 88.19"
"5,18 : 41.87"
"5,19 : 20.4"
"5,20 : 35.74"
"5,21 : 53.67"
"5,22 : 45.79"
"5,23 : 46.69"
"5,24 : 75.96"
"5,25 : 82.08"
"5,26 : 54.41"
"5,27 : 86.12"
"5,28 : 52.33"
"5,29 : 86.02"
"5,30 : 95.26"
"5,31 : 53.15"
"5,32 : 70.26"
"5,33 : 11.4"
"5,34 : 34.23"
"5,35 : 49.19"
"5,36 : 79.31"
"5,37 : 47.01"
"5,38 : 44.1"
"5,39 : 77.41"
"5,40 : 32.25"
"5,41 : 46.14"
"5,42 : 10.0"
"5,43 : 24.7"
"5,44 : 34.13"
"5,45 : 31.05"
"5,46 : 41.01"
"5,47 : 37.95"
"5,48 : 27.02"
"5,49 : 84.34"
"5,50 : 33.62"
"5,51 : 49.04"
"5,52 : 34.06"
"5,53 : 70.84"
"5,54 : 38.47"
"5,55 : 23.0"
"5,56 : 10.3"
"5,57 : 74.32"
"5,58 : 47.85"
"5,59 : 89.44"
"5,60 : 55.76"
"5,61 : 25.94"
"5,62 : 47.17"
"5,63 : 57.31"
"5,64 : 14.04"
"5,65 : 35.44"
"5,66 : 9.0"
"5,67 : 14.14"
"5,68 : 36.24"
"5,69 : 11.4"
"5,70 : 46.27"
"5,71 : 30.23"
"5,72 : 67.42"
"5,73 : 16.0"
"5,74 : 10.44"
"5,75 : 75.17"
"5,76 : 21.1"
"5,77 : 61.2"
"5,78 : 25.02"
"5,79 : 27.2"
"5,80 : 54.92"
"5,81 : 29.55"
"5,82 : 19.24"
"5,83 : 81.79"
"5,84 : 65.86"
"5,85 : 87.09"
"5,86 : 59.55"
"5,87 : 50.45"
"5,88 : 18.6"
"5,89 : 32.02"
"5,90 : 30.0"
"5,91 : 31.3"
"5,92 : 11.05"
"5,93 : 33.54"
"5,94 : 57.49"
"5,95 : 92.28"
"5,96 : 8.94"
"5,97 : 25.18"
"5,98 : 50.0"
"5,99 : 9.06"
"6,0 : 57.98"
"6,1 : 20.62"
"6,2 : 54.49"
"6,3 : 36.72"
"6,4 : 9.06"
"6,5 : 42.95"
"6,6 : 0.0"
"6,7 : 40.46"
"6,8 : 46.1"
"6,9 : 57.7"
"6,10 : 46.1"
"6,11 : 25.08"
"6,12 : 28.44"
"6,13 : 50.54"
"6,14 : 57.28"
"6,15 : 39.56"
"6,16 : 39.4"
"6,17 : 48.8"
"6,18 : 37.36"
"6,19 : 39.56"
"6,20 : 39.82"
"6,21 : 59.77"
"6,22 : 34.99"
"6,23 : 41.77"
"6,24 : 34.13"
"6,25 : 52.5"
"6,26 : 50.25"
"6,27 : 43.17"
"6,28 : 46.27"
"6,29 : 53.15"
"6,30 : 67.48"
"6,31 : 31.78"
"6,32 : 43.91"
"6,33 : 53.45"
"6,34 : 9.43"
"6,35 : 31.06"
"6,36 : 37.05"
"6,37 : 56.86"
"6,38 : 12.17"
"6,39 : 35.01"
"6,40 : 44.42"
"6,41 : 32.06"
"6,42 : 33.24"
"6,43 : 45.97"
"6,44 : 15.81"
"6,45 : 54.23"
"6,46 : 64.66"
"6,47 : 21.84"
"6,48 : 27.73"
"6,49 : 47.51"
"6,50 : 15.26"
"6,51 : 23.54"
"6,52 : 13.6"
"6,53 : 40.61"
"6,54 : 49.24"
"6,55 : 44.27"
"6,56 : 51.16"
"6,57 : 46.87"
"6,58 : 50.33"
"6,59 : 62.01"
"6,60 : 57.27"
"6,61 : 62.77"
"6,62 : 72.47"
"6,63 : 51.09"
"6,64 : 29.12"
"6,65 : 8.06"
"6,66 : 51.79"
"6,67 : 46.14"
"6,68 : 27.86"
"6,69 : 33.06"
"6,70 : 66.29"
"6,71 : 42.2"
"6,72 : 32.7"
"6,73 : 48.88"
"6,74 : 48.85"
"6,75 : 42.72"
"6,76 : 31.24"
"6,77 : 19.42"
"6,78 : 19.72"
"6,79 : 23.35"
"6,80 : 22.47"
"6,81 : 15.3"
"6,82 : 48.01"
"6,83 : 38.83"
"6,84 : 28.3"
"6,85 : 56.59"
"6,86 : 48.09"
"6,87 : 49.03"
"6,88 : 31.58"
"6,89 : 12.81"
"6,90 : 57.31"
"6,91 : 33.84"
"6,92 : 32.57"
"6,93 : 63.78"
"6,94 : 35.36"
"6,95 : 66.85"
"6,96 : 46.01"
"6,97 : 18.03"
"6,98 : 63.51"
"6,99 : 34.48"
"7,0 : 73.55"
"7,1 : 58.41"
"7,2 : 94.92"
"7,3 : 59.44"
"7,4 : 47.42"
"7,5 : 20.25"
"7,6 : 40.46"
"7,7 : 0.0"
"7,8 : 28.32"
"7,9 : 61.74"
"7,10 : 61.01"
"7,11 : 62.61"
"7,12 : 62.63"
"7,13 : 20.62"
"7,14 : 48.37"
"7,15 : 77.42"
"7,16 : 77.8"
"7,17 : 89.2"
"7,18 : 23.26"
"7,19 : 37.66"
"7,20 : 51.0"
"7,21 : 33.62"
"7,22 : 57.49"
"7,23 : 27.46"
"7,24 : 74.4"
"7,25 : 66.49"
"7,26 : 69.18"
"7,27 : 81.39"
"7,28 : 32.8"
"7,29 : 71.57"
"7,30 : 78.43"
"7,31 : 61.85"
"7,32 : 54.34"
"7,33 : 22.36"
"7,34 : 31.14"
"7,35 : 33.38"
"7,36 : 72.11"
"7,37 : 27.2"
"7,38 : 35.85"
"7,39 : 70.58"
"7,40 : 49.5"
"7,41 : 29.61"
"7,42 : 17.03"
"7,43 : 6.32"
"7,44 : 39.36"
"7,45 : 50.7"
"7,46 : 26.0"
"7,47 : 25.5"
"7,48 : 38.47"
"7,49 : 72.03"
"7,50 : 38.47"
"7,51 : 36.12"
"7,52 : 27.46"
"7,53 : 56.32"
"7,54 : 18.38"
"7,55 : 41.48"
"7,56 : 29.73"
"7,57 : 58.46"
"7,58 : 64.03"
"7,59 : 72.73"
"7,60 : 35.51"
"7,61 : 23.77"
"7,62 : 33.54"
"7,63 : 37.54"
"7,64 : 18.25"
"7,65 : 35.47"
"7,66 : 26.25"
"7,67 : 9.49"
"7,68 : 21.0"
"7,69 : 24.08"
"7,70 : 29.61"
"7,71 : 10.0"
"7,72 : 71.22"
"7,73 : 11.05"
"7,74 : 15.65"
"7,75 : 80.45"
"7,76 : 9.22"
"7,77 : 54.63"
"7,78 : 21.26"
"7,79 : 17.49"
"7,80 : 43.57"
"7,81 : 33.12"
"7,82 : 8.25"
"7,83 : 76.92"
"7,84 : 67.94"
"7,85 : 71.59"
"7,86 : 40.5"
"7,87 : 30.41"
"7,88 : 32.0"
"7,89 : 27.66"
"7,90 : 17.03"
"7,91 : 45.1"
"7,92 : 16.0"
"7,93 : 23.35"
"7,94 : 66.31"
"7,95 : 74.85"
"7,96 : 29.15"
"7,97 : 24.41"
"7,98 : 31.14"
"7,99 : 16.12"
"8,0 : 51.16"
"8,1 : 66.71"
"8,2 : 96.04"
"8,3 : 77.41"
"8,4 : 55.11"
"8,5 : 48.17"
"8,6 : 46.1"
"8,7 : 28.32"
"8,8 : 0.0"
"8,9 : 35.69"
"8,10 : 82.46"
"8,11 : 58.6"
"8,12 : 55.17"
"8,13 : 13.0"
"8,14 : 75.8"
"8,15 : 85.44"
"8,16 : 85.07"
"8,17 : 90.92"
"8,18 : 9.0"
"8,19 : 62.61"
"8,20 : 73.08"
"8,21 : 14.42"
"8,22 : 75.43"
"8,23 : 4.47"
"8,24 : 74.09"
"8,25 : 44.28"
"8,26 : 89.44"
"8,27 : 75.69"
"8,28 : 5.1"
"8,29 : 50.99"
"8,30 : 53.46"
"8,31 : 76.06"
"8,32 : 32.76"
"8,33 : 50.22"
"8,34 : 40.05"
"8,35 : 18.44"
"8,36 : 63.7"
"8,37 : 14.76"
"8,38 : 35.11"
"8,39 : 62.94"
"8,40 : 73.54"
"8,41 : 15.26"
"8,42 : 42.19"
"8,43 : 26.42"
"8,44 : 54.08"
"8,45 : 77.18"
"8,46 : 31.4"
"8,47 : 24.33"
"8,48 : 58.94"
"8,49 : 55.15"
"8,50 : 53.08"
"8,51 : 26.63"
"8,52 : 34.06"
"8,53 : 37.34"
"8,54 : 14.14"
"8,55 : 67.12"
"8,56 : 57.98"
"8,57 : 36.5"
"8,58 : 86.13"
"8,59 : 48.17"
"8,60 : 11.18"
"8,61 : 45.88"
"8,62 : 37.64"
"8,63 : 9.22"
"8,64 : 41.15"
"8,65 : 46.04"
"8,66 : 54.56"
"8,67 : 37.2"
"8,68 : 19.0"
"8,69 : 48.76"
"8,70 : 28.79"
"8,71 : 18.6"
"8,72 : 78.45"
"8,73 : 37.74"
"8,74 : 43.6"
"8,75 : 88.6"
"8,76 : 28.65"
"8,77 : 50.22"
"8,78 : 35.69"
"8,79 : 28.64"
"8,80 : 34.06"
"8,81 : 48.26"
"8,82 : 33.62"
"8,83 : 71.51"
"8,84 : 73.39"
"8,85 : 49.16"
"8,86 : 13.34"
"8,87 : 3.0"
"8,88 : 55.15"
"8,89 : 37.0"
"8,90 : 32.56"
"8,91 : 66.48"
"8,92 : 40.82"
"8,93 : 38.12"
"8,94 : 80.16"
"8,95 : 49.03"
"8,96 : 56.85"
"8,97 : 39.62"
"8,98 : 21.63"
"8,99 : 41.88"
"9,0 : 19.42"
"9,1 : 74.73"
"9,2 : 90.26"
"9,3 : 94.37"
"9,4 : 65.55"
"9,5 : 79.61"
"9,6 : 57.7"
"9,7 : 61.74"
"9,8 : 35.69"
"9,9 : 0.0"
"9,10 : 102.93"
"9,11 : 54.0"
"9,12 : 47.1"
"9,13 : 48.51"
"9,14 : 105.0"
"9,15 : 89.68"
"9,16 : 88.46"
"9,17 : 86.58"
"9,18 : 38.48"
"9,19 : 89.1"
"9,20 : 95.21"
"9,21 : 43.29"
"9,22 : 92.59"
"9,23 : 34.79"
"9,24 : 70.11"
"9,25 : 15.0"
"9,26 : 107.82"
"9,27 : 64.29"
"9,28 : 30.59"
"9,29 : 22.67"
"9,30 : 18.0"
"9,31 : 88.96"
"9,32 : 14.32"
"9,33 : 84.1"
"9,34 : 57.43"
"9,35 : 31.14"
"9,36 : 51.42"
"9,37 : 48.0"
"9,38 : 46.14"
"9,39 : 51.97"
"9,40 : 97.95"
"9,41 : 33.6"
"9,42 : 71.4"
"9,43 : 61.35"
"9,44 : 71.87"
"9,45 : 104.66"
"9,46 : 66.03"
"9,47 : 43.84"
"9,48 : 81.22"
"9,49 : 32.25"
"9,50 : 71.02"
"9,51 : 35.23"
"9,52 : 52.63"
"9,53 : 20.0"
"9,54 : 49.82"
"9,55 : 94.05"
"9,56 : 89.89"
"9,57 : 13.04"
"9,58 : 107.07"
"9,59 : 13.34"
"9,60 : 37.22"
"9,61 : 81.49"
"9,62 : 71.11"
"9,63 : 28.02"
"9,64 : 68.88"
"9,65 : 62.43"
"9,66 : 87.32"
"9,67 : 71.18"
"9,68 : 43.6"
"9,69 : 76.58"
"9,70 : 62.07"
"9,71 : 53.14"
"9,72 : 82.87"
"9,73 : 72.24"
"9,74 : 77.39"
"9,75 : 92.54"
"9,76 : 58.52"
"9,77 : 48.37"
"9,78 : 59.4"
"9,79 : 53.91"
"9,80 : 35.47"
"9,81 : 68.01"
"9,82 : 68.35"
"9,83 : 61.39"
"9,84 : 76.66"
"9,85 : 17.8"
"9,86 : 22.36"
"9,87 : 35.23"
"9,88 : 80.62"
"9,89 : 56.22"
"9,90 : 68.25"
"9,91 : 88.6"
"9,92 : 70.0"
"9,93 : 73.68"
"9,94 : 92.03"
"9,95 : 13.34"
"9,96 : 87.42"
"9,97 : 62.29"
"9,98 : 53.24"
"9,99 : 71.61"
"10,0 : 104.0"
"10,1 : 38.08"
"10,2 : 70.03"
"10,3 : 12.37"
"10,4 : 40.46"
"10,5 : 45.61"
"10,6 : 46.1"
"10,7 : 61.01"
"10,8 : 82.46"
"10,9 : 102.93"
"10,10 : 0.0"
"10,11 : 64.14"
"10,12 : 70.46"
"10,13 : 80.31"
"10,14 : 31.4"
"10,15 : 44.05"
"10,16 : 46.01"
"10,17 : 65.01"
"10,18 : 73.76"
"10,19 : 25.3"
"10,20 : 10.05"
"10,21 : 92.78"
"10,22 : 13.0"
"10,23 : 79.12"
"10,24 : 61.4"
"10,25 : 98.6"
"10,26 : 8.94"
"10,27 : 76.22"
"10,28 : 84.77"
"10,29 : 98.99"
"10,30 : 113.57"
"10,31 : 23.35"
"10,32 : 89.63"
"10,33 : 55.15"
"10,34 : 45.65"
"10,35 : 73.35"
"10,36 : 76.54"
"10,37 : 87.28"
"10,38 : 56.86"
"10,39 : 74.3"
"10,40 : 14.42"
"10,41 : 72.62"
"10,42 : 44.05"
"10,43 : 67.07"
"10,44 : 31.06"
"10,45 : 24.41"
"10,46 : 85.71"
"10,47 : 60.93"
"10,48 : 23.54"
"10,49 : 92.31"
"10,50 : 31.91"
"10,51 : 67.74"
"10,52 : 50.99"
"10,53 : 86.68"
"10,54 : 78.23"
"10,55 : 24.19"
"10,56 : 44.29"
"10,57 : 92.8"
"10,58 : 4.24"
"10,59 : 108.07"
"10,60 : 92.76"
"10,61 : 71.17"
"10,62 : 92.4"
"10,63 : 90.14"
"10,64 : 43.05"
"10,65 : 40.5"
"10,66 : 48.75"
"10,67 : 58.86"
"10,68 : 64.2"
"10,69 : 37.12"
"10,70 : 90.27"
"10,71 : 69.18"
"10,72 : 43.29"
"10,73 : 61.19"
"10,74 : 56.04"
"10,75 : 45.28"
"10,76 : 55.33"
"10,77 : 62.63"
"10,78 : 46.84"
"10,79 : 53.85"
"10,80 : 68.41"
"10,81 : 35.34"
"10,82 : 63.64"
"10,83 : 73.16"
"10,84 : 46.32"
"10,85 : 102.65"
"10,86 : 89.32"
"10,87 : 85.38"
"10,88 : 29.02"
"10,89 : 47.42"
"10,90 : 74.97"
"10,91 : 16.12"
"10,92 : 45.01"
"10,93 : 79.08"
"10,94 : 25.0"
"10,95 : 112.8"
"10,96 : 39.4"
"10,97 : 43.01"
"10,98 : 92.02"
"10,99 : 45.1"
"11,0 : 45.88"
"11,1 : 26.91"
"11,2 : 38.08"
"11,3 : 52.43"
"11,4 : 25.0"
"11,5 : 67.9"
"11,6 : 25.08"
"11,7 : 62.61"
"11,8 : 58.6"
"11,9 : 54.0"
"11,10 : 64.14"
"11,11 : 0.0"
"11,12 : 7.62"
"11,13 : 67.18"
"11,14 : 81.22"
"11,15 : 36.69"
"11,16 : 35.17"
"11,17 : 33.53"
"11,18 : 51.66"
"11,19 : 63.64"
"11,20 : 60.54"
"11,21 : 73.01"
"11,22 : 51.31"
"11,23 : 54.2"
"11,24 : 16.49"
"11,25 : 42.95"
"11,26 : 65.44"
"11,27 : 18.79"
"11,28 : 56.6"
"11,29 : 39.92"
"11,30 : 56.92"
"11,31 : 43.19"
"11,32 : 40.11"
"11,33 : 78.1"
"11,34 : 33.73"
"11,35 : 40.22"
"11,36 : 12.65"
"11,37 : 72.25"
"11,38 : 26.93"
"11,39 : 10.44"
"11,40 : 66.41"
"11,41 : 43.42"
"11,42 : 58.05"
"11,43 : 67.23"
"11,44 : 38.64"
"11,45 : 77.37"
"11,46 : 84.02"
"11,47 : 38.6"
"11,48 : 50.99"
"11,49 : 30.53"
"11,50 : 38.47"
"11,51 : 32.02"
"11,52 : 35.47"
"11,53 : 34.0"
"11,54 : 66.53"
"11,55 : 68.07"
"11,56 : 76.24"
"11,57 : 41.01"
"11,58 : 68.26"
"11,59 : 52.63"
"11,60 : 68.8"
"11,61 : 86.01"
"11,62 : 91.68"
"11,63 : 59.94"
"11,64 : 53.94"
"11,65 : 33.02"
"11,66 : 76.79"
"11,67 : 69.64"
"11,68 : 44.82"
"11,69 : 58.14"
"11,70 : 84.22"
"11,71 : 61.61"
"11,72 : 30.46"
"11,73 : 72.24"
"11,74 : 73.08"
"11,75 : 39.29"
"11,76 : 53.71"
"11,77 : 8.49"
"11,78 : 43.68"
"11,79 : 45.19"
"11,80 : 24.7"
"11,81 : 40.01"
"11,82 : 70.68"
"11,83 : 14.32"
"11,84 : 24.17"
"11,85 : 45.22"
"11,86 : 54.63"
"11,87 : 61.03"
"11,88 : 56.14"
"11,89 : 36.4"
"11,90 : 78.55"
"11,91 : 55.66"
"11,92 : 57.27"
"11,93 : 85.23"
"11,94 : 44.6"
"11,95 : 58.46"
"11,96 : 71.06"
"11,97 : 42.76"
"11,98 : 79.31"
"11,99 : 59.23"
"12,0 : 38.28"
"12,1 : 33.97"
"12,2 : 43.68"
"12,3 : 59.03"
"12,4 : 30.41"
"12,5 : 70.11"
"12,6 : 28.44"
"12,7 : 62.63"
"12,8 : 55.17"
"12,9 : 47.1"
"12,10 : 70.46"
"12,11 : 7.62"
"12,12 : 0.0"
"12,13 : 64.82"
"12,14 : 85.62"
"12,15 : 44.27"
"12,16 : 42.72"
"12,17 : 39.62"
"12,18 : 49.04"
"12,19 : 67.91"
"12,20 : 66.19"
"12,21 : 69.43"
"12,22 : 57.8"
"12,23 : 50.91"
"12,24 : 23.02"
"12,25 : 35.51"
"12,26 : 72.25"
"12,27 : 20.52"
"12,28 : 52.63"
"12,29 : 32.31"
"12,30 : 49.34"
"12,31 : 50.21"
"12,32 : 33.54"
"12,33 : 79.76"
"12,34 : 36.0"
"12,35 : 36.77"
"12,36 : 9.49"
"12,37 : 69.35"
"12,38 : 26.93"
"12,39 : 8.06"
"12,40 : 71.69"
"12,41 : 40.36"
"12,42 : 60.13"
"12,43 : 66.71"
"12,44 : 43.32"
"12,45 : 82.22"
"12,46 : 82.38"
"12,47 : 37.58"
"12,48 : 55.66"
"12,49 : 23.02"
"12,50 : 43.01"
"12,51 : 29.21"
"12,52 : 36.5"
"12,53 : 27.17"
"12,54 : 64.4"
"12,55 : 72.53"
"12,56 : 79.01"
"12,57 : 34.06"
"12,58 : 74.63"
"12,59 : 45.12"
"12,60 : 64.82"
"12,61 : 86.33"
"12,62 : 89.87"
"12,63 : 55.47"
"12,64 : 56.08"
"12,65 : 36.5"
"12,66 : 79.1"
"12,67 : 70.34"
"12,68 : 43.42"
"12,69 : 61.07"
"12,70 : 82.01"
"12,71 : 60.42"
"12,72 : 38.08"
"12,73 : 72.8"
"12,74 : 74.33"
"12,75 : 46.84"
"12,76 : 54.12"
"12,77 : 9.06"
"12,78 : 45.28"
"12,79 : 45.61"
"12,80 : 21.26"
"12,81 : 43.74"
"12,82 : 70.84"
"12,83 : 16.4"
"12,84 : 31.78"
"12,85 : 37.64"
"12,86 : 49.74"
"12,87 : 57.38"
"12,88 : 60.02"
"12,89 : 38.12"
"12,90 : 77.82"
"12,91 : 60.93"
"12,92 : 59.21"
"12,93 : 84.53"
"12,94 : 51.86"
"12,95 : 50.99"
"12,96 : 74.11"
"12,97 : 45.01"
"12,98 : 76.42"
"12,99 : 61.2"
"13,0 : 64.12"
"13,1 : 70.77"
"13,2 : 103.41"
"13,3 : 77.16"
"13,4 : 59.09"
"13,5 : 40.71"
"13,6 : 50.54"
"13,7 : 20.62"
"13,8 : 13.0"
"13,9 : 48.51"
"13,10 : 80.31"
"13,11 : 67.18"
"13,12 : 64.82"
"13,13 : 0.0"
"13,14 : 68.88"
"13,15 : 89.96"
"13,16 : 89.9"
"13,17 : 98.01"
"13,18 : 15.81"
"13,19 : 57.97"
"13,20 : 70.46"
"13,21 : 13.0"
"13,22 : 75.17"
"13,23 : 15.52"
"13,24 : 81.69"
"13,25 : 57.22"
"13,26 : 88.05"
"13,27 : 85.15"
"13,28 : 18.03"
"13,29 : 63.79"
"13,30 : 66.37"
"13,31 : 77.67"
"13,32 : 45.54"
"13,33 : 40.31"
"13,34 : 42.72"
"13,35 : 28.65"
"13,36 : 73.82"
"13,37 : 7.0"
"13,38 : 41.4"
"13,39 : 72.8"
"13,40 : 69.63"
"13,41 : 24.7"
"13,42 : 37.11"
"13,43 : 16.4"
"13,44 : 54.92"
"13,45 : 71.31"
"13,46 : 18.68"
"13,47 : 29.41"
"13,48 : 57.04"
"13,49 : 67.36"
"13,50 : 53.94"
"13,51 : 35.61"
"13,52 : 37.16"
"13,53 : 49.73"
"13,54 : 2.24"
"13,55 : 61.98"
"13,56 : 49.65"
"13,57 : 49.37"
"13,58 : 83.6"
"13,59 : 61.13"
"13,60 : 15.56"
"13,61 : 33.62"
"13,62 : 25.5"
"13,63 : 20.88"
"13,64 : 37.34"
"13,65 : 48.38"
"13,66 : 45.61"
"13,67 : 27.8"
"13,68 : 23.02"
"13,69 : 44.15"
"13,70 : 17.2"
"13,71 : 11.18"
"13,72 : 83.19"
"13,73 : 27.59"
"13,74 : 34.06"
"13,75 : 93.11"
"13,76 : 25.02"
"13,77 : 58.69"
"13,78 : 35.51"
"13,79 : 28.86"
"13,80 : 43.6"
"13,81 : 48.66"
"13,82 : 23.35"
"13,83 : 80.81"
"13,84 : 78.77"
"13,85 : 62.13"
"13,86 : 26.17"
"13,87 : 13.34"
"13,88 : 51.62"
"13,89 : 39.22"
"13,90 : 19.92"
"13,91 : 64.2"
"13,92 : 35.9"
"13,93 : 25.18"
"13,94 : 82.0"
"13,95 : 61.81"
"13,96 : 49.65"
"13,97 : 39.46"
"13,98 : 13.0"
"13,99 : 36.4"
"14,0 : 111.65"
"14,1 : 60.13"
"14,2 : 97.29"
"14,3 : 40.31"
"14,4 : 56.44"
"14,5 : 28.18"
"14,6 : 57.28"
"14,7 : 48.37"
"14,8 : 75.8"
"14,9 : 105.0"
"14,10 : 31.4"
"14,11 : 81.22"
"14,12 : 85.62"
"14,13 : 68.88"
"14,14 : 0.0"
"14,15 : 72.12"
"14,16 : 73.76"
"14,17 : 91.78"
"14,18 : 68.77"
"14,19 : 17.72"
"14,20 : 25.63"
"14,21 : 81.84"
"14,22 : 39.56"
"14,23 : 73.88"
"14,24 : 84.02"
"14,25 : 105.15"
"14,26 : 39.62"
"14,27 : 97.19"
"14,28 : 79.65"
"14,29 : 107.82"
"14,30 : 119.28"
"14,31 : 50.29"
"14,32 : 94.05"
"14,33 : 32.25"
"14,34 : 51.48"
"14,35 : 73.88"
"14,36 : 93.74"
"14,37 : 75.15"
"14,38 : 63.51"
"14,39 : 91.59"
"14,40 : 18.38"
"14,41 : 71.51"
"14,42 : 33.97"
"14,43 : 52.8"
"14,44 : 42.58"
"14,45 : 7.07"
"14,46 : 67.47"
"14,47 : 61.4"
"14,48 : 30.27"
"14,49 : 104.0"
"14,50 : 42.76"
"14,51 : 71.56"
"14,52 : 54.2"
"14,53 : 93.3"
"14,54 : 66.65"
"14,55 : 13.15"
"14,56 : 20.4"
"14,57 : 97.91"
"14,58 : 31.11"
"14,59 : 113.46"
"14,60 : 83.86"
"14,61 : 48.01"
"14,62 : 72.56"
"14,63 : 84.81"
"14,64 : 36.12"
"14,65 : 49.34"
"14,66 : 25.32"
"14,67 : 41.79"
"14,68 : 61.55"
"14,69 : 28.43"
"14,70 : 73.25"
"14,71 : 58.31"
"14,72 : 69.43"
"14,73 : 43.01"
"14,74 : 36.4"
"14,75 : 74.0"
"14,76 : 47.51"
"14,77 : 76.66"
"14,78 : 46.04"
"14,79 : 51.09"
"14,80 : 75.59"
"14,81 : 42.06"
"14,82 : 46.82"
"14,83 : 93.34"
"14,84 : 70.46"
"14,85 : 109.93"
"14,86 : 86.37"
"14,87 : 78.24"
"14,88 : 26.0"
"14,89 : 51.0"
"14,90 : 56.52"
"14,91 : 27.17"
"14,92 : 35.38"
"14,93 : 58.42"
"14,94 : 53.49"
"14,95 : 117.0"
"14,96 : 19.24"
"14,97 : 43.91"
"14,98 : 77.83"
"14,99 : 34.06"
"15,0 : 82.54"
"15,1 : 19.24"
"15,2 : 26.0"
"15,3 : 32.39"
"15,4 : 30.87"
"15,5 : 72.47"
"15,6 : 39.56"
"15,7 : 77.42"
"15,8 : 85.44"
"15,9 : 89.68"
"15,10 : 44.05"
"15,11 : 36.69"
"15,12 : 44.27"
"15,13 : 89.96"
"15,14 : 72.12"
"15,15 : 0.0"
"15,16 : 2.24"
"15,17 : 21.21"
"15,18 : 76.84"
"15,19 : 58.14"
"15,20 : 46.57"
"15,21 : 99.3"
"15,22 : 32.76"
"15,23 : 81.04"
"15,24 : 24.21"
"15,25 : 79.56"
"15,26 : 40.45"
"15,27 : 38.9"
"15,28 : 85.15"
"15,29 : 76.55"
"15,30 : 93.61"
"15,31 : 21.84"
"15,32 : 75.43"
"15,33 : 83.87"
"15,34 : 47.41"
"15,35 : 69.05"
"15,36 : 45.28"
"15,37 : 96.38"
"15,38 : 50.45"
"15,39 : 43.42"
"15,40 : 53.85"
"15,41 : 70.83"
"15,42 : 65.05"
"15,43 : 83.49"
"15,44 : 38.9"
"15,45 : 65.97"
"15,46 : 102.93"
"15,47 : 61.35"
"15,48 : 46.32"
"15,49 : 66.71"
"15,50 : 39.62"
"15,51 : 60.67"
"15,52 : 52.8"
"15,53 : 69.87"
"15,54 : 88.57"
"15,55 : 60.54"
"15,56 : 76.85"
"15,57 : 76.94"
"15,58 : 47.01"
"15,59 : 89.29"
"15,60 : 96.57"
"15,61 : 96.88"
"15,62 : 110.68"
"15,63 : 89.63"
"15,64 : 61.55"
"15,65 : 42.19"
"15,66 : 79.63"
"15,67 : 80.72"
"15,68 : 67.42"
"15,69 : 61.07"
"15,70 : 105.19"
"15,71 : 81.01"
"15,72 : 7.07"
"15,73 : 83.55"
"15,74 : 81.34"
"15,75 : 3.16"
"15,76 : 68.51"
"15,77 : 41.3"
"15,78 : 56.3"
"15,79 : 61.77"
"15,80 : 56.04"
"15,81 : 44.69"
"15,82 : 83.87"
"15,83 : 37.64"
"15,84 : 13.04"
"15,85 : 81.91"
"15,86 : 85.71"
"15,87 : 88.32"
"15,88 : 54.64"
"15,89 : 51.0"
"15,90 : 94.4"
"15,91 : 45.69"
"15,92 : 65.07"
"15,93 : 100.42"
"15,94 : 19.1"
"15,95 : 95.08"
"15,96 : 71.02"
"15,97 : 53.01"
"15,98 : 102.96"
"15,99 : 66.47"
"16,0 : 80.96"
"16,1 : 19.42"
"16,2 : 24.02"
"16,3 : 34.23"
"16,4 : 30.89"
"16,5 : 73.41"
"16,6 : 39.4"
"16,7 : 77.8"
"16,8 : 85.07"
"16,9 : 88.46"
"16,10 : 46.01"
"16,11 : 35.17"
"16,12 : 42.72"
"16,13 : 89.9"
"16,14 : 73.76"
"16,15 : 2.24"
"16,16 : 0.0"
"16,17 : 19.1"
"16,18 : 76.55"
"16,19 : 59.51"
"16,20 : 48.27"
"16,21 : 99.02"
"16,22 : 34.53"
"16,23 : 80.65"
"16,24 : 22.2"
"16,25 : 78.1"
"16,26 : 42.58"
"16,27 : 36.77"
"16,28 : 84.65"
"16,29 : 74.95"
"16,30 : 92.05"
"16,31 : 23.54"
"16,32 : 74.24"
"16,33 : 84.81"
"16,34 : 47.51"
"16,35 : 68.45"
"16,36 : 43.42"
"16,37 : 96.25"
"16,38 : 50.0"
"16,39 : 41.59"
"16,40 : 55.54"
"16,41 : 70.34"
"16,42 : 65.8"
"16,43 : 83.82"
"16,44 : 39.62"
"16,45 : 67.68"
"16,46 : 103.17"
"16,47 : 61.1"
"16,48 : 47.51"
"16,49 : 65.0"
"16,50 : 40.31"
"16,51 : 60.02"
"16,52 : 52.77"
"16,53 : 68.59"
"16,54 : 88.55"
"16,55 : 62.03"
"16,56 : 78.03"
"16,57 : 75.66"
"16,58 : 49.04"
"16,59 : 87.8"
"16,60 : 96.17"
"16,61 : 97.59"
"16,62 : 110.94"
"16,63 : 89.05"
"16,64 : 62.23"
"16,65 : 42.44"
"16,66 : 80.71"
"16,67 : 81.34"
"16,68 : 67.23"
"16,69 : 62.01"
"16,70 : 105.31"
"16,71 : 81.12"
"16,72 : 6.71"
"16,73 : 84.17"
"16,74 : 82.13"
"16,75 : 4.12"
"16,76 : 68.82"
"16,77 : 40.11"
"16,78 : 56.61"
"16,79 : 61.91"
"16,80 : 55.15"
"16,81 : 45.28"
"16,82 : 84.39"
"16,83 : 35.61"
"16,84 : 12.04"
"16,85 : 80.36"
"16,86 : 85.0"
"16,87 : 87.93"
"16,88 : 55.76"
"16,89 : 51.11"
"16,90 : 94.81"
"16,91 : 47.17"
"16,92 : 65.76"
"16,93 : 100.9"
"16,94 : 21.02"
"16,95 : 93.62"
"16,96 : 72.2"
"16,97 : 53.41"
"16,98 : 102.88"
"16,99 : 67.21"
"17,0 : 75.24"
"17,1 : 33.11"
"17,2 : 5.83"
"17,3 : 53.04"
"17,4 : 42.2"
"17,5 : 88.19"
"17,6 : 48.8"
"17,7 : 89.2"
"17,8 : 90.92"
"17,9 : 86.58"
"17,10 : 65.01"
"17,11 : 33.53"
"17,12 : 39.62"
"17,13 : 98.01"
"17,14 : 91.78"
"17,15 : 21.21"
"17,16 : 19.1"
"17,17 : 0.0"
"17,18 : 83.22"
"17,19 : 76.54"
"17,20 : 66.61"
"17,21 : 105.31"
"17,22 : 53.15"
"17,23 : 86.45"
"17,24 : 17.09"
"17,25 : 74.01"
"17,26 : 61.66"
"17,27 : 25.0"
"17,28 : 89.44"
"17,29 : 69.18"
"17,30 : 86.37"
"17,31 : 42.11"
"17,32 : 73.16"
"17,33 : 99.48"
"17,34 : 58.05"
"17,35 : 72.9"
"17,36 : 36.06"
"17,37 : 103.73"
"17,38 : 56.61"
"17,39 : 35.0"
"17,40 : 73.82"
"17,41 : 75.66"
"17,42 : 79.61"
"17,43 : 94.76"
"17,44 : 54.12"
"17,45 : 85.99"
"17,46 : 113.28"
"17,47 : 68.6"
"17,48 : 63.91"
"17,49 : 58.31"
"17,50 : 54.59"
"17,51 : 64.41"
"17,52 : 62.24"
"17,53 : 66.75"
"17,54 : 97.01"
"17,55 : 79.56"
"17,56 : 94.02"
"17,57 : 73.55"
"17,58 : 68.12"
"17,59 : 83.05"
"17,60 : 101.53"
"17,61 : 110.8"
"17,62 : 121.08"
"17,63 : 93.11"
"17,64 : 75.72"
"17,65 : 54.2"
"17,66 : 96.15"
"17,67 : 94.2"
"17,68 : 75.0"
"17,69 : 76.94"
"17,70 : 114.48"
"17,71 : 90.69"
"17,72 : 22.36"
"17,73 : 97.01"
"17,74 : 95.96"
"17,75 : 20.88"
"17,76 : 79.98"
"17,77 : 41.23"
"17,78 : 68.12"
"17,79 : 72.12"
"17,80 : 57.78"
"17,81 : 58.83"
"17,82 : 96.54"
"17,83 : 26.17"
"17,84 : 22.36"
"17,85 : 75.11"
"17,86 : 88.02"
"17,87 : 93.54"
"17,88 : 71.69"
"17,89 : 61.55"
"17,90 : 106.1"
"17,91 : 64.76"
"17,92 : 79.32"
"17,93 : 112.54"
"17,94 : 40.01"
"17,95 : 89.05"
"17,96 : 88.24"
"17,97 : 65.6"
"17,98 : 110.68"
"17,99 : 80.99"
"18,0 : 51.24"
"18,1 : 57.97"
"18,2 : 88.48"
"18,3 : 68.47"
"18,4 : 46.32"
"18,5 : 41.87"
"18,6 : 37.36"
"18,7 : 23.26"
"18,8 : 9.0"
"18,9 : 38.48"
"18,10 : 73.76"
"18,11 : 51.66"
"18,12 : 49.04"
"18,13 : 15.81"
"18,14 : 68.77"
"18,15 : 76.84"
"18,16 : 76.55"
"18,17 : 83.22"
"18,18 : 0.0"
"18,19 : 54.71"
"18,20 : 64.51"
"18,21 : 22.47"
"18,22 : 66.48"
"18,23 : 5.39"
"18,24 : 66.61"
"18,25 : 44.18"
"18,26 : 80.6"
"18,27 : 69.43"
"18,28 : 11.18"
"18,29 : 50.01"
"18,30 : 55.36"
"18,31 : 67.07"
"18,32 : 32.06"
"18,33 : 45.62"
"18,34 : 31.06"
"18,35 : 13.0"
"18,36 : 58.01"
"18,37 : 20.62"
"18,38 : 26.83"
"18,39 : 57.01"
"18,40 : 65.31"
"18,41 : 8.94"
"18,42 : 34.83"
"18,43 : 23.35"
"18,44 : 45.1"
"18,45 : 69.63"
"18,46 : 34.01"
"18,47 : 15.52"
"18,48 : 50.29"
"18,49 : 52.39"
"18,50 : 44.1"
"18,51 : 19.85"
"18,52 : 25.08"
"18,53 : 35.23"
"18,54 : 15.65"
"18,55 : 59.36"
"18,56 : 52.01"
"18,57 : 36.12"
"18,58 : 77.49"
"18,59 : 49.73"
"18,60 : 20.1"
"18,61 : 44.18"
"18,62 : 41.18"
"18,63 : 16.55"
"18,64 : 33.29"
"18,65 : 37.05"
"18,66 : 49.09"
"18,67 : 32.7"
"18,68 : 10.0"
"18,69 : 41.05"
"18,70 : 33.02"
"18,71 : 15.13"
"18,72 : 69.89"
"18,73 : 33.84"
"18,74 : 38.91"
"18,75 : 80.01"
"18,76 : 21.26"
"18,77 : 43.19"
"18,78 : 26.93"
"18,79 : 19.92"
"18,80 : 27.8"
"18,81 : 39.32"
"18,82 : 30.08"
"18,83 : 65.12"
"18,84 : 65.0"
"18,85 : 49.25"
"18,86 : 17.69"
"18,87 : 12.0"
"18,88 : 46.96"
"18,89 : 28.0"
"18,90 : 32.14"
"18,91 : 57.87"
"18,92 : 33.42"
"18,93 : 38.47"
"18,94 : 71.18"
"18,95 : 51.62"
"18,96 : 50.21"
"18,97 : 30.81"
"18,98 : 27.66"
"18,99 : 34.71"
"19,0 : 94.58"
"19,1 : 43.93"
"19,2 : 82.22"
"19,3 : 29.0"
"19,4 : 39.05"
"19,5 : 20.4"
"19,6 : 39.56"
"19,7 : 37.66"
"19,8 : 62.61"
"19,9 : 89.1"
"19,10 : 25.3"
"19,11 : 63.64"
"19,12 : 67.91"
"19,13 : 57.97"
"19,14 : 17.72"
"19,15 : 58.14"
"19,16 : 59.51"
"19,17 : 76.54"
"19,18 : 54.71"
"19,19 : 0.0"
"19,20 : 15.65"
"19,21 : 70.88"
"19,22 : 27.59"
"19,23 : 60.03"
"19,24 : 67.36"
"19,25 : 88.23"
"19,26 : 34.18"
"19,27 : 80.01"
"19,28 : 65.86"
"19,29 : 90.55"
"19,30 : 102.62"
"19,31 : 36.89"
"19,32 : 77.47"
"19,33 : 29.97"
"19,34 : 34.0"
"19,35 : 58.0"
"19,36 : 76.12"
"19,37 : 64.76"
"19,38 : 46.14"
"19,39 : 73.98"
"19,40 : 12.0"
"19,41 : 56.08"
"19,42 : 20.88"
"19,43 : 43.29"
"19,44 : 25.08"
"19,45 : 15.62"
"19,46 : 61.07"
"19,47 : 45.25"
"19,48 : 13.04"
"19,49 : 86.41"
"19,50 : 25.18"
"19,51 : 54.82"
"19,52 : 37.2"
"19,53 : 76.28"
"19,54 : 55.79"
"19,55 : 5.0"
"19,56 : 19.85"
"19,57 : 81.22"
"19,58 : 27.46"
"19,59 : 96.83"
"19,60 : 71.87"
"19,61 : 45.88"
"19,62 : 67.48"
"19,63 : 71.2"
"19,64 : 21.47"
"19,65 : 31.62"
"19,66 : 23.85"
"19,67 : 34.06"
"19,68 : 46.4"
"19,69 : 13.93"
"19,70 : 66.01"
"19,71 : 46.84"
"19,72 : 54.42"
"19,73 : 36.22"
"19,74 : 30.81"
"19,75 : 60.42"
"19,76 : 34.01"
"19,77 : 58.94"
"19,78 : 29.7"
"19,79 : 35.61"
"19,80 : 58.31"
"19,81 : 24.35"
"19,82 : 39.01"
"19,83 : 76.06"
"19,84 : 54.57"
"19,85 : 92.91"
"19,86 : 71.85"
"19,87 : 65.31"
"19,88 : 8.6"
"19,89 : 33.84"
"19,90 : 50.16"
"19,91 : 12.81"
"19,92 : 22.14"
"19,93 : 53.94"
"19,94 : 40.8"
"19,95 : 100.66"
"19,96 : 14.42"
"19,97 : 27.02"
"19,98 : 68.73"
"19,99 : 21.59"
"20,0 : 97.67"
"20,1 : 36.35"
"20,2 : 72.01"
"20,3 : 14.76"
"20,4 : 35.78"
"20,5 : 35.74"
"20,6 : 39.82"
"20,7 : 51.0"
"20,8 : 73.08"
"20,9 : 95.21"
"20,10 : 10.05"
"20,11 : 60.54"
"20,12 : 66.19"
"20,13 : 70.46"
"20,14 : 25.63"
"20,15 : 46.57"
"20,16 : 48.27"
"20,17 : 66.61"
"20,18 : 64.51"
"20,19 : 15.65"
"20,20 : 0.0"
"20,21 : 83.02"
"20,22 : 13.93"
"20,23 : 69.89"
"20,24 : 60.41"
"20,25 : 91.92"
"20,26 : 18.68"
"20,27 : 74.53"
"20,28 : 75.61"
"20,29 : 92.96"
"20,30 : 106.79"
"20,31 : 24.74"
"20,32 : 82.33"
"20,33 : 45.62"
"20,34 : 37.8"
"20,35 : 65.0"
"20,36 : 73.16"
"20,37 : 77.41"
"20,38 : 49.58"
"20,39 : 70.94"
"20,40 : 7.28"
"20,41 : 63.95"
"20,42 : 34.01"
"20,43 : 57.04"
"20,44 : 24.08"
"20,45 : 19.42"
"20,46 : 75.66"
"20,47 : 52.35"
"20,48 : 14.32"
"20,49 : 87.09"
"20,50 : 24.76"
"20,51 : 60.0"
"20,52 : 42.72"
"20,53 : 79.91"
"20,54 : 68.36"
"20,55 : 15.56"
"20,56 : 35.23"
"20,57 : 85.7"
"20,58 : 13.15"
"20,59 : 101.18"
"20,60 : 83.2"
"20,61 : 61.47"
"20,62 : 82.38"
"20,63 : 80.99"
"20,64 : 33.14"
"20,65 : 33.24"
"20,66 : 39.45"
"20,67 : 48.84"
"20,68 : 55.15"
"20,69 : 27.07"
"20,70 : 80.22"
"20,71 : 59.3"
"20,72 : 44.28"
"20,73 : 51.2"
"20,74 : 46.17"
"20,75 : 48.38"
"20,76 : 45.54"
"20,77 : 57.8"
"20,78 : 37.7"
"20,79 : 44.6"
"20,80 : 61.52"
"20,81 : 27.2"
"20,82 : 53.6"
"20,83 : 71.06"
"20,84 : 46.01"
"20,85 : 96.21"
"20,86 : 80.53"
"20,87 : 75.96"
"20,88 : 19.0"
"20,89 : 39.12"
"20,90 : 64.94"
"20,91 : 6.71"
"20,92 : 35.0"
"20,93 : 69.12"
"20,94 : 27.86"
"20,95 : 105.65"
"20,96 : 30.02"
"20,97 : 34.01"
"20,98 : 82.05"
"20,99 : 35.06"
"21,0 : 61.13"
"21,1 : 80.36"
"21,2 : 110.45"
"21,3 : 89.0"
"21,4 : 68.68"
"21,5 : 53.67"
"21,6 : 59.77"
"21,7 : 33.62"
"21,8 : 14.42"
"21,9 : 43.29"
"21,10 : 92.78"
"21,11 : 73.01"
"21,12 : 69.43"
"21,13 : 13.0"
"21,14 : 81.84"
"21,15 : 99.3"
"21,16 : 99.02"
"21,17 : 105.31"
"21,18 : 22.47"
"21,19 : 70.88"
"21,20 : 83.02"
"21,21 : 0.0"
"21,22 : 87.0"
"21,23 : 18.87"
"21,24 : 88.51"
"21,25 : 54.71"
"21,26 : 100.32"
"21,27 : 89.94"
"21,28 : 17.03"
"21,29 : 62.03"
"21,30 : 61.2"
"21,31 : 88.68"
"21,32 : 44.28"
"21,33 : 52.63"
"21,34 : 52.95"
"21,35 : 32.8"
"21,36 : 77.78"
"21,37 : 7.07"
"21,38 : 49.24"
"21,39 : 77.1"
"21,40 : 82.46"
"21,41 : 29.68"
"21,42 : 50.0"
"21,43 : 29.15"
"21,44 : 66.19"
"21,45 : 84.31"
"21,46 : 24.04"
"21,47 : 37.95"
"21,48 : 69.35"
"21,49 : 67.6"
"21,50 : 65.19"
"21,51 : 41.05"
"21,52 : 47.07"
"21,53 : 49.74"
"21,54 : 15.23"
"21,55 : 74.95"
"21,56 : 62.43"
"21,57 : 47.54"
"21,58 : 96.18"
"21,59 : 56.57"
"21,60 : 6.08"
"21,61 : 43.83"
"21,62 : 28.02"
"21,63 : 16.16"
"21,64 : 50.01"
"21,65 : 58.86"
"21,66 : 58.25"
"21,67 : 40.5"
"21,68 : 32.02"
"21,69 : 57.01"
"21,70 : 19.1"
"21,71 : 24.04"
"21,72 : 92.36"
"21,73 : 40.0"
"21,74 : 46.62"
"21,75 : 102.46"
"21,76 : 37.48"
"21,77 : 64.64"
"21,78 : 47.01"
"21,79 : 40.05"
"21,80 : 48.41"
"21,81 : 60.07"
"21,82 : 35.81"
"21,83 : 85.8"
"21,84 : 87.46"
"21,85 : 59.2"
"21,86 : 22.85"
"21,87 : 12.04"
"21,88 : 64.33"
"21,89 : 49.65"
"21,90 : 30.0"
"21,91 : 76.66"
"21,92 : 48.76"
"21,93 : 33.54"
"21,94 : 92.91"
"21,95 : 56.04"
"21,96 : 62.61"
"21,97 : 51.01"
"21,98 : 10.0"
"21,99 : 49.34"
"22,0 : 92.31"
"22,1 : 25.08"
"22,2 : 58.42"
"22,3 : 2.0"
"22,4 : 28.32"
"22,5 : 45.79"
"22,6 : 34.99"
"22,7 : 57.49"
"22,8 : 75.43"
"22,9 : 92.59"
"22,10 : 13.0"
"22,11 : 51.31"
"22,12 : 57.8"
"22,13 : 75.17"
"22,14 : 39.56"
"22,15 : 32.76"
"22,16 : 34.53"
"22,17 : 53.15"
"22,18 : 66.48"
"22,19 : 27.59"
"22,20 : 13.93"
"22,21 : 87.0"
"22,22 : 0.0"
"22,23 : 71.7"
"22,24 : 48.51"
"22,25 : 87.2"
"22,26 : 15.26"
"22,27 : 63.25"
"22,28 : 77.1"
"22,29 : 87.11"
"22,30 : 102.2"
"22,31 : 11.05"
"22,32 : 78.89"
"22,33 : 56.61"
"22,34 : 36.4"
"22,35 : 64.2"
"22,36 : 63.63"
"22,37 : 82.15"
"22,38 : 46.52"
"22,39 : 61.4"
"22,40 : 21.19"
"22,41 : 64.03"
"22,42 : 41.44"
"22,43 : 63.79"
"22,44 : 21.59"
"22,45 : 33.24"
"22,46 : 83.24"
"22,47 : 52.39"
"22,48 : 19.31"
"22,49 : 79.98"
"22,50 : 22.56"
"22,51 : 57.78"
"22,52 : 42.2"
"22,53 : 75.45"
"22,54 : 73.25"
"22,55 : 28.84"
"22,56 : 47.38"
"22,57 : 81.84"
"22,58 : 17.0"
"22,59 : 96.83"
"22,60 : 86.21"
"22,61 : 71.69"
"22,62 : 90.44"
"22,63 : 82.38"
"22,64 : 39.29"
"22,65 : 30.68"
"22,66 : 51.09"
"22,67 : 57.38"
"22,68 : 56.57"
"22,69 : 35.34"
"22,70 : 87.1"
"22,71 : 64.38"
"22,72 : 31.0"
"22,73 : 60.01"
"22,74 : 55.95"
"22,75 : 34.48"
"22,76 : 50.36"
"22,77 : 50.25"
"22,78 : 40.01"
"22,79 : 47.04"
"22,80 : 57.45"
"22,81 : 27.17"
"22,82 : 61.68"
"22,83 : 60.17"
"22,84 : 33.54"
"22,85 : 91.05"
"22,86 : 80.78"
"22,87 : 78.41"
"22,88 : 27.29"
"22,89 : 38.83"
"22,90 : 73.05"
"22,91 : 14.87"
"22,92 : 42.06"
"22,93 : 78.0"
"22,94 : 13.93"
"22,95 : 101.79"
"22,96 : 41.77"
"22,97 : 36.01"
"22,98 : 87.57"
"22,99 : 42.72"
"23,0 : 49.0"
"23,1 : 62.37"
"23,2 : 91.59"
"23,3 : 73.68"
"23,4 : 50.8"
"23,5 : 46.69"
"23,6 : 41.77"
"23,7 : 27.46"
"23,8 : 4.47"
"23,9 : 34.79"
"23,10 : 79.12"
"23,11 : 54.2"
"23,12 : 50.91"
"23,13 : 15.52"
"23,14 : 73.88"
"23,15 : 81.04"
"23,16 : 80.65"
"23,17 : 86.45"
"23,18 : 5.39"
"23,19 : 60.03"
"23,20 : 69.89"
"23,21 : 18.87"
"23,22 : 71.7"
"23,23 : 0.0"
"23,24 : 69.64"
"23,25 : 42.01"
"23,26 : 85.91"
"23,27 : 71.42"
"23,28 : 5.83"
"23,29 : 48.37"
"23,30 : 52.17"
"23,31 : 72.01"
"23,32 : 30.15"
"23,33 : 49.74"
"23,34 : 36.0"
"23,35 : 14.14"
"23,36 : 59.55"
"23,37 : 18.6"
"23,38 : 30.68"
"23,39 : 58.73"
"23,40 : 70.68"
"23,41 : 10.82"
"23,42 : 40.0"
"23,43 : 26.57"
"23,44 : 50.25"
"23,45 : 74.89"
"23,46 : 34.21"
"23,47 : 20.1"
"23,48 : 55.66"
"23,49 : 51.87"
"23,50 : 49.25"
"23,51 : 22.2"
"23,52 : 30.0"
"23,53 : 34.21"
"23,54 : 16.12"
"23,55 : 64.66"
"23,56 : 56.73"
"23,57 : 34.06"
"23,58 : 82.86"
"23,59 : 46.69"
"23,60 : 15.52"
"23,61 : 46.87"
"23,62 : 40.85"
"23,63 : 11.18"
"23,64 : 38.59"
"23,65 : 42.0"
"23,66 : 53.6"
"23,67 : 36.72"
"23,68 : 15.13"
"23,69 : 46.32"
"23,70 : 32.2"
"23,71 : 18.38"
"23,72 : 74.04"
"23,73 : 37.58"
"23,74 : 43.05"
"23,75 : 84.2"
"23,76 : 26.4"
"23,77 : 45.8"
"23,78 : 32.28"
"23,79 : 25.3"
"23,80 : 29.73"
"23,81 : 44.55"
"23,82 : 33.62"
"23,83 : 67.21"
"23,84 : 68.95"
"23,85 : 47.0"
"23,86 : 13.04"
"23,87 : 7.28"
"23,88 : 52.33"
"23,89 : 33.06"
"23,90 : 34.06"
"23,91 : 63.25"
"23,92 : 38.6"
"23,93 : 40.01"
"23,94 : 76.06"
"23,95 : 48.08"
"23,96 : 55.17"
"23,97 : 36.14"
"23,98 : 25.61"
"23,99 : 39.82"
"24,0 : 60.21"
"24,1 : 24.08"
"24,2 : 21.95"
"24,3 : 49.04"
"24,4 : 29.41"
"24,5 : 75.96"
"24,6 : 34.13"
"24,7 : 74.4"
"24,8 : 74.09"
"24,9 : 70.11"
"24,10 : 61.4"
"24,11 : 16.49"
"24,12 : 23.02"
"24,13 : 81.69"
"24,14 : 84.02"
"24,15 : 24.21"
"24,16 : 22.2"
"24,17 : 17.09"
"24,18 : 66.61"
"24,19 : 67.36"
"24,20 : 60.41"
"24,21 : 88.51"
"24,22 : 48.51"
"24,23 : 69.64"
"24,24 : 0.0"
"24,25 : 58.22"
"24,26 : 60.42"
"24,27 : 15.26"
"24,28 : 72.47"
"24,29 : 54.13"
"24,30 : 71.39"
"24,31 : 38.28"
"24,32 : 56.44"
"24,33 : 86.93"
"24,34 : 43.57"
"24,35 : 55.95"
"24,36 : 21.54"
"24,37 : 87.2"
"24,38 : 40.36"
"24,39 : 19.92"
"24,40 : 67.19"
"24,41 : 58.83"
"24,42 : 66.71"
"24,43 : 79.65"
"24,44 : 42.95"
"24,45 : 79.06"
"24,46 : 97.59"
"24,47 : 52.4"
"24,48 : 54.33"
"24,49 : 43.68"
"24,50 : 43.17"
"24,51 : 47.51"
"24,52 : 47.01"
"24,53 : 50.16"
"24,54 : 80.81"
"24,55 : 71.11"
"24,56 : 82.97"
"24,57 : 57.08"
"24,58 : 65.15"
"24,59 : 67.6"
"24,60 : 84.6"
"24,61 : 96.9"
"24,62 : 105.36"
"24,63 : 76.06"
"24,64 : 62.65"
"24,65 : 40.72"
"24,66 : 84.43"
"24,67 : 80.26"
"24,68 : 58.8"
"24,69 : 65.15"
"24,70 : 98.41"
"24,71 : 74.97"
"24,72 : 20.0"
"24,73 : 83.01"
"24,74 : 82.73"
"24,75 : 26.08"
"24,76 : 65.22"
"24,77 : 24.17"
"24,78 : 53.85"
"24,79 : 57.01"
"24,80 : 40.72"
"24,81 : 46.49"
"24,82 : 82.1"
"24,83 : 13.45"
"24,84 : 15.23"
"24,85 : 59.84"
"24,86 : 70.94"
"24,87 : 76.66"
"24,88 : 61.19"
"24,89 : 46.87"
"24,90 : 91.05"
"24,91 : 57.01"
"24,92 : 66.21"
"24,93 : 97.62"
"24,94 : 38.01"
"24,95 : 73.55"
"24,96 : 77.37"
"24,97 : 51.88"
"24,98 : 94.2"
"24,99 : 68.03"
"25,0 : 7.07"
"25,1 : 66.64"
"25,2 : 77.23"
"25,3 : 88.81"
"25,4 : 59.08"
"25,5 : 82.08"
"25,6 : 52.5"
"25,7 : 66.49"
"25,8 : 44.28"
"25,9 : 15.0"
"25,10 : 98.6"
"25,11 : 42.95"
"25,12 : 35.51"
"25,13 : 57.22"
"25,14 : 105.15"
"25,15 : 79.56"
"25,16 : 78.1"
"25,17 : 74.01"
"25,18 : 44.18"
"25,19 : 88.23"
"25,20 : 91.92"
"25,21 : 54.71"
"25,22 : 87.2"
"25,23 : 42.01"
"25,24 : 58.22"
"25,25 : 0.0"
"25,26 : 102.42"
"25,27 : 50.64"
"25,28 : 39.46"
"25,29 : 7.81"
"25,30 : 15.0"
"25,31 : 81.99"
"25,32 : 12.17"
"25,33 : 88.32"
"25,34 : 54.67"
"25,35 : 33.24"
"25,36 : 38.12"
"25,37 : 58.25"
"25,38 : 42.52"
"25,39 : 39.01"
"25,40 : 95.67"
"25,41 : 36.88"
"25,42 : 72.92"
"25,43 : 67.48"
"25,44 : 67.9"
"25,45 : 103.81"
"25,46 : 75.66"
"25,47 : 44.28"
"25,48 : 78.64"
"25,49 : 17.46"
"25,50 : 67.18"
"25,51 : 33.62"
"25,52 : 51.04"
"25,53 : 12.04"
"25,54 : 58.08"
"25,55 : 93.23"
"25,56 : 92.31"
"25,57 : 8.06"
"25,58 : 102.83"
"25,59 : 9.85"
"25,60 : 48.7"
"25,61 : 88.36"
"25,62 : 81.58"
"25,63 : 38.6"
"25,64 : 69.77"
