x,y
62,84
73,52
52,31
92,76
78,77
77,76
56,71
88,27
40,89
78,75
37,19
8,9
82,99
84,72
44,8
67,48
61,37
42,96
74,88
17,67
55,8
86,24
46,57
46,26
74,2
46,51
28,29
82,79
44,23
41,58
84,62
60,35
20,68
98,59
65,2
49,62
54,67
94,45
84,6
50,68
70,83
55,6
42,97
14,77
63,23
94,24
90,51
3,87
54,97
55,67
98,50
3,85
12,6
27,87
74,58
22,93
19,49
33,52
46,67
54,55
7,56
78,4
0,94
7,29
24,25
88,76
95,67
52,76
51,13
50,51
41,14
32,25
13,18
36,59
34,55
19,26
14,66
54,29
35,22
69,64
40,19
3,40
39,88
24,8
19,79
32,37
54,17
44,82
89,86
20,96
13,64
92,28
54,32
80,20
100,11
42,59
93,62
71,57
11,92
66,30

Distanze
"0,0 : 0.0"
"0,1 : 33.84"
"0,2 : 53.94"
"0,3 : 31.05"
"0,4 : 17.46"
"0,5 : 17.0"
"0,6 : 14.32"
"0,7 : 62.65"
"0,8 : 22.56"
"0,9 : 18.36"
"0,10 : 69.64"
"0,11 : 92.42"
"0,12 : 25.0"
"0,13 : 25.06"
"0,14 : 78.1"
"0,15 : 36.35"
"0,16 : 47.01"
"0,17 : 23.32"
"0,18 : 12.65"
"0,19 : 48.1"
"0,20 : 76.32"
"0,21 : 64.62"
"0,22 : 31.38"
"0,23 : 60.17"
"0,24 : 82.87"
"0,25 : 36.67"
"0,26 : 64.66"
"0,27 : 20.62"
"0,28 : 63.6"
"0,29 : 33.42"
"0,30 : 31.11"
"0,31 : 49.04"
"0,32 : 44.94"
"0,33 : 43.83"
"0,34 : 82.05"
"0,35 : 25.55"
"0,36 : 18.79"
"0,37 : 50.45"
"0,38 : 81.04"
"0,39 : 20.0"
"0,40 : 8.06"
"0,41 : 78.31"
"0,42 : 23.85"
"0,43 : 48.51"
"0,44 : 61.01"
"0,45 : 68.0"
"0,46 : 43.28"
"0,47 : 59.08"
"0,48 : 15.26"
"0,49 : 18.38"
"0,50 : 49.52"
"0,51 : 59.01"
"0,52 : 92.65"
"0,53 : 35.13"
"0,54 : 28.64"
"0,55 : 41.0"
"0,56 : 55.44"
"0,57 : 43.19"
"0,58 : 23.35"
"0,59 : 30.08"
"0,60 : 61.72"
"0,61 : 81.58"
"0,62 : 62.8"
"0,63 : 77.78"
"0,64 : 70.18"
"0,65 : 27.2"
"0,66 : 37.12"
"0,67 : 12.81"
"0,68 : 71.85"
"0,69 : 35.11"
"0,70 : 73.08"
"0,71 : 66.19"
"0,72 : 82.2"
"0,73 : 36.07"
"0,74 : 40.31"
"0,75 : 72.2"
"0,76 : 51.26"
"0,77 : 55.58"
"0,78 : 67.62"
"0,79 : 21.19"
"0,80 : 68.62"
"0,81 : 73.6"
"0,82 : 23.35"
"0,83 : 84.97"
"0,84 : 43.29"
"0,85 : 55.76"
"0,86 : 67.48"
"0,87 : 18.11"
"0,88 : 27.07"
"0,89 : 43.68"
"0,90 : 52.92"
"0,91 : 63.53"
"0,92 : 52.61"
"0,93 : 66.48"
"0,94 : 82.3"
"0,95 : 32.02"
"0,96 : 38.01"
"0,97 : 28.46"
"0,98 : 51.62"
"0,99 : 54.15"
"1,0 : 33.84"
"1,1 : 0.0"
"1,2 : 29.7"
"1,3 : 30.61"
"1,4 : 25.5"
"1,5 : 24.33"
"1,6 : 25.5"
"1,7 : 29.15"
"1,8 : 49.58"
"1,9 : 23.54"
"1,10 : 48.84"
"1,11 : 77.94"
"1,12 : 47.85"
"1,13 : 22.83"
"1,14 : 52.7"
"1,15 : 7.21"
"1,16 : 19.21"
"1,17 : 53.82"
"1,18 : 36.01"
"1,19 : 57.97"
"1,20 : 47.54"
"1,21 : 30.87"
"1,22 : 27.46"
"1,23 : 37.48"
"1,24 : 50.01"
"1,25 : 27.02"
"1,26 : 50.54"
"1,27 : 28.46"
"1,28 : 41.01"
"1,29 : 32.56"
"1,30 : 14.87"
"1,31 : 21.4"
"1,32 : 55.36"
"1,33 : 25.96"
"1,34 : 50.64"
"1,35 : 26.0"
"1,36 : 24.21"
"1,37 : 22.14"
"1,38 : 47.3"
"1,39 : 28.02"
"1,40 : 31.14"
"1,41 : 49.4"
"1,42 : 54.64"
"1,43 : 64.08"
"1,44 : 30.68"
"1,45 : 35.0"
"1,46 : 17.03"
"1,47 : 78.26"
"1,48 : 48.85"
"1,49 : 23.43"
"1,50 : 25.08"
"1,51 : 77.39"
"1,52 : 76.4"
"1,53 : 57.8"
"1,54 : 6.08"
"1,55 : 65.44"
"1,56 : 54.08"
"1,57 : 40.0"
"1,58 : 30.89"
"1,59 : 19.24"
"1,60 : 66.12"
"1,61 : 48.26"
"1,62 : 84.22"
"1,63 : 69.89"
"1,64 : 55.95"
"1,65 : 28.3"
"1,66 : 26.63"
"1,67 : 31.89"
"1,68 : 44.78"
"1,69 : 23.02"
"1,70 : 49.68"
"1,71 : 49.09"
"1,72 : 68.96"
"1,73 : 37.66"
"1,74 : 39.12"
"1,75 : 59.93"
"1,76 : 60.64"
"1,77 : 29.83"
"1,78 : 48.41"
"1,79 : 12.65"
"1,80 : 46.67"
"1,81 : 71.02"
"1,82 : 49.52"
"1,83 : 65.86"
"1,84 : 60.37"
"1,85 : 43.66"
"1,86 : 39.82"
"1,87 : 41.73"
"1,88 : 37.58"
"1,89 : 68.88"
"1,90 : 61.19"
"1,91 : 30.61"
"1,92 : 27.59"
"1,93 : 32.76"
"1,94 : 49.09"
"1,95 : 31.78"
"1,96 : 22.36"
"1,97 : 5.39"
"1,98 : 73.78"
"1,99 : 23.09"
"2,0 : 53.94"
"2,1 : 29.7"
"2,2 : 0.0"
"2,3 : 60.21"
"2,4 : 52.84"
"2,5 : 51.48"
"2,6 : 40.2"
"2,7 : 36.22"
"2,8 : 59.23"
"2,9 : 51.11"
"2,10 : 19.21"
"2,11 : 49.19"
"2,12 : 74.32"
"2,13 : 52.01"
"2,14 : 24.35"
"2,15 : 22.67"
"2,16 : 10.82"
"2,17 : 65.76"
"2,18 : 61.1"
"2,19 : 50.21"
"2,20 : 23.19"
"2,21 : 34.71"
"2,22 : 26.68"
"2,23 : 7.81"
"2,24 : 36.4"
"2,25 : 20.88"
"2,26 : 24.08"
"2,27 : 56.6"
"2,28 : 11.31"
"2,29 : 29.15"
"2,30 : 44.55"
"2,31 : 8.94"
"2,32 : 48.92"
"2,33 : 53.85"
"2,34 : 31.78"
"2,35 : 31.14"
"2,36 : 36.06"
"2,37 : 44.27"
"2,38 : 40.61"
"2,39 : 37.05"
"2,40 : 55.03"
"2,41 : 25.18"
"2,42 : 66.75"
"2,43 : 59.67"
"2,44 : 13.6"
"2,45 : 42.58"
"2,46 : 42.94"
"2,47 : 74.41"
"2,48 : 66.03"
"2,49 : 36.12"
"2,50 : 49.77"
"2,51 : 72.92"
"2,52 : 47.17"
"2,53 : 61.33"
"2,54 : 34.83"
"2,55 : 68.88"
"2,56 : 37.59"
"2,57 : 28.32"
"2,58 : 36.5"
"2,59 : 24.08"
"2,60 : 51.48"
"2,61 : 37.48"
"2,62 : 81.69"
"2,63 : 45.04"
"2,64 : 28.64"
"2,65 : 57.63"
"2,66 : 56.08"
"2,67 : 45.0"
"2,68 : 18.03"
"2,69 : 20.1"
"2,70 : 20.25"
"2,71 : 20.88"
"2,72 : 41.11"
"2,73 : 32.25"
"2,74 : 30.0"
"2,75 : 33.38"
"2,76 : 51.66"
"2,77 : 2.83"
"2,78 : 19.24"
"2,79 : 37.12"
"2,80 : 16.97"
"2,81 : 49.82"
"2,82 : 58.46"
"2,83 : 36.24"
"2,84 : 58.25"
"2,85 : 20.88"
"2,86 : 14.14"
"2,87 : 51.62"
"2,88 : 66.29"
"2,89 : 72.45"
"2,90 : 51.09"
"2,91 : 40.11"
"2,92 : 2.24"
"2,93 : 30.08"
"2,94 : 52.0"
"2,95 : 29.73"
"2,96 : 51.4"
"2,97 : 32.2"
"2,98 : 73.5"
"2,99 : 14.04"
"3,0 : 31.05"
"3,1 : 30.61"
"3,2 : 60.21"
"3,3 : 0.0"
"3,4 : 14.04"
"3,5 : 15.0"
"3,6 : 36.35"
"3,7 : 49.16"
"3,8 : 53.6"
"3,9 : 14.04"
"3,10 : 79.21"
"3,11 : 107.45"
"3,12 : 25.08"
"3,13 : 8.94"
"3,14 : 83.23"
"3,15 : 37.54"
"3,16 : 49.82"
"3,17 : 53.85"
"3,18 : 21.63"
"3,19 : 75.54"
"3,20 : 77.41"
"3,21 : 52.35"
"3,22 : 49.77"
"3,23 : 67.94"
"3,24 : 76.16"
"3,25 : 52.35"
"3,26 : 79.4"
"3,27 : 10.44"
"3,28 : 71.51"
"3,29 : 54.08"
"3,30 : 16.12"
"3,31 : 52.01"
"3,32 : 72.44"
"3,33 : 18.03"
"3,34 : 78.77"
"3,35 : 45.22"
"3,36 : 39.05"
"3,37 : 31.06"
"3,38 : 70.46"
"3,39 : 42.76"
"3,40 : 23.09"
"3,41 : 79.18"
"3,42 : 54.23"
"3,43 : 78.01"
"3,44 : 60.42"
"3,45 : 52.04"
"3,46 : 25.08"
"3,47 : 89.68"
"3,48 : 43.42"
"3,49 : 38.08"
"3,50 : 26.68"
"3,51 : 89.45"
"3,52 : 106.3"
"3,53 : 65.92"
"3,54 : 25.46"
"3,55 : 72.03"
"3,56 : 77.83"
"3,57 : 63.69"
"3,58 : 46.87"
"3,59 : 43.42"
"3,60 : 87.32"
"3,61 : 73.35"
"3,62 : 93.74"
"3,63 : 97.13"
"3,64 : 85.0"
"3,65 : 4.0"
"3,66 : 9.49"
"3,67 : 40.0"
"3,68 : 75.17"
"3,69 : 48.88"
"3,70 : 80.28"
"3,71 : 78.75"
"3,72 : 98.01"
"3,73 : 58.52"
"3,74 : 61.68"
"3,75 : 88.48"
"3,76 : 78.64"
"3,77 : 60.44"
"3,78 : 78.52"
"3,79 : 25.94"
"3,80 : 77.16"
"3,81 : 96.01"
"3,82 : 54.34"
"3,83 : 96.17"
"3,84 : 73.06"
"3,85 : 71.56"
"3,86 : 70.18"
"3,87 : 48.37"
"3,88 : 10.44"
"3,89 : 74.73"
"3,90 : 79.91"
"3,91 : 48.0"
"3,92 : 58.14"
"3,93 : 57.27"
"3,94 : 65.49"
"3,95 : 52.81"
"3,96 : 14.04"
"3,97 : 28.32"
"3,98 : 82.57"
"3,99 : 52.84"
"4,0 : 17.46"
"4,1 : 25.5"
"4,2 : 52.84"
"4,3 : 14.04"
"4,4 : 0.0"
"4,5 : 1.41"
"4,6 : 22.8"
"4,7 : 50.99"
"4,8 : 39.85"
"4,9 : 2.0"
"4,10 : 71.03"
"4,11 : 97.59"
"4,12 : 22.36"
"4,13 : 7.81"
"4,14 : 76.92"
"4,15 : 31.02"
"4,16 : 43.46"
"4,17 : 40.71"
"4,18 : 11.7"
"4,19 : 61.81"
"4,20 : 72.73"
"4,21 : 53.6"
"4,22 : 37.74"
"4,23 : 60.21"
"4,24 : 75.11"
"4,25 : 41.23"
"4,26 : 69.31"
"4,27 : 4.47"
"4,28 : 63.81"
"4,29 : 41.59"
"4,30 : 16.16"
"4,31 : 45.69"
"4,32 : 58.69"
"4,33 : 26.91"
"4,34 : 76.12"
"4,35 : 32.65"
"4,36 : 26.0"
"4,37 : 35.78"
"4,38 : 71.25"
"4,39 : 29.41"
"4,40 : 10.0"
"4,41 : 74.63"
"4,42 : 41.18"
"4,43 : 64.0"
"4,44 : 56.04"
"4,45 : 55.36"
"4,46 : 28.64"
"4,47 : 75.66"
"4,48 : 31.24"
"4,49 : 25.08"
"4,50 : 33.6"
"4,51 : 75.43"
"4,52 : 96.94"
"4,53 : 51.97"
"4,54 : 19.42"
"4,55 : 58.24"
"4,56 : 65.31"
"4,57 : 51.48"
"4,58 : 33.53"
"4,59 : 32.56"
"4,60 : 74.04"
"4,61 : 73.0"
"4,62 : 79.83"
"4,63 : 85.7"
"4,64 : 74.97"
"4,65 : 10.05"
"4,66 : 19.72"
"4,67 : 26.02"
"4,68 : 69.46"
"4,69 : 38.21"
"4,70 : 73.06"
"4,71 : 69.43"
"4,72 : 87.78"
"4,73 : 45.69"
"4,74 : 49.19"
"4,75 : 77.99"
"4,76 : 64.94"
"4,77 : 53.67"
"4,78 : 69.81"
"4,79 : 15.81"
"4,80 : 69.34"
"4,81 : 83.63"
"4,82 : 40.52"
"4,83 : 87.62"
"4,84 : 59.03"
"4,85 : 60.96"
"4,86 : 64.62"
"4,87 : 34.37"
"4,88 : 14.21"
"4,89 : 61.03"
"4,90 : 66.29"
"4,91 : 50.96"
"4,92 : 51.0"
"4,93 : 57.04"
"4,94 : 69.57"
"4,95 : 40.25"
"4,96 : 21.21"
"4,97 : 21.19"
"4,98 : 68.66"
"4,99 : 48.51"
"5,0 : 17.0"
"5,1 : 24.33"
"5,2 : 51.48"
"5,3 : 15.0"
"5,4 : 1.41"
"5,5 : 0.0"
"5,6 : 21.59"
"5,7 : 50.22"
"5,8 : 39.22"
"5,9 : 1.41"
"5,10 : 69.63"
"5,11 : 96.18"
"5,12 : 23.54"
"5,13 : 8.06"
"5,14 : 75.58"
"5,15 : 29.73"
"5,16 : 42.15"
"5,17 : 40.31"
"5,18 : 12.37"
"5,19 : 60.67"
"5,20 : 71.47"
"5,21 : 52.77"
"5,22 : 36.36"
"5,23 : 58.83"
"5,24 : 74.06"
"5,25 : 39.82"
"5,26 : 67.9"
"5,27 : 5.83"
"5,28 : 62.43"
"5,29 : 40.25"
"5,30 : 15.65"
"5,31 : 44.38"
"5,32 : 57.56"
"5,33 : 27.02"
"5,34 : 74.97"
"5,35 : 31.3"
"5,36 : 24.7"
"5,37 : 35.36"
"5,38 : 70.35"
"5,39 : 28.16"
"5,40 : 9.9"
"5,41 : 73.38"
"5,42 : 40.82"
"5,43 : 63.01"
"5,44 : 54.82"
"5,45 : 54.71"
"5,46 : 28.18"
"5,47 : 74.81"
"5,48 : 31.14"
"5,49 : 23.77"
"5,50 : 33.42"
"5,51 : 74.55"
"5,52 : 95.52"
"5,53 : 51.2"
"5,54 : 18.25"
"5,55 : 57.57"
"5,56 : 63.98"
"5,57 : 50.12"
"5,58 : 32.28"
"5,59 : 31.14"
"5,60 : 72.8"
"5,61 : 72.01"
"5,62 : 79.08"
"5,63 : 84.31"
"5,64 : 73.55"
"5,65 : 11.0"
"5,66 : 20.12"
"5,67 : 25.0"
"5,68 : 68.15"
"5,69 : 36.8"
"5,70 : 71.69"
"5,71 : 68.01"
"5,72 : 86.37"
"5,73 : 44.38"
"5,74 : 47.85"
"5,75 : 76.58"
"5,76 : 63.79"
"5,77 : 52.33"
"5,78 : 68.41"
"5,79 : 14.42"
"5,80 : 67.96"
"5,81 : 82.29"
"5,82 : 39.85"
"5,83 : 86.21"
"5,84 : 58.08"
"5,85 : 59.55"
"5,86 : 63.32"
"5,87 : 33.54"
"5,88 : 15.62"
"5,89 : 60.41"
"5,90 : 65.12"
"5,91 : 50.29"
"5,92 : 49.65"
"5,93 : 56.08"
"5,94 : 68.95"
"5,95 : 38.91"
"5,96 : 21.26"
"5,97 : 19.92"
"5,98 : 67.91"
"5,99 : 47.3"
"6,0 : 14.32"
"6,1 : 25.5"
"6,2 : 40.2"
"6,3 : 36.35"
"6,4 : 22.8"
"6,5 : 21.59"
"6,6 : 0.0"
"6,7 : 54.41"
"6,8 : 24.08"
"6,9 : 22.36"
"6,10 : 55.36"
"6,11 : 78.41"
"6,12 : 38.21"
"6,13 : 28.02"
"6,14 : 64.13"
"6,15 : 25.5"
"6,16 : 34.37"
"6,17 : 28.65"
"6,18 : 24.76"
"6,19 : 39.2"
"6,20 : 63.01"
"6,21 : 55.76"
"6,22 : 17.2"
"6,23 : 46.1"
"6,24 : 71.31"
"6,25 : 22.36"
"6,26 : 50.48"
"6,27 : 27.2"
"6,28 : 49.48"
"6,29 : 19.85"
"6,30 : 29.41"
"6,31 : 36.22"
"6,32 : 36.12"
"6,33 : 43.68"
"6,34 : 69.58"
"6,35 : 11.4"
"6,36 : 4.47"
"6,37 : 46.04"
"6,38 : 70.77"
"6,39 : 6.71"
"6,40 : 18.44"
"6,41 : 65.01"
"6,42 : 29.53"
"6,43 : 42.43"
"6,44 : 48.51"
"6,45 : 60.44"
"6,46 : 39.45"
"6,47 : 55.36"
"6,48 : 26.08"
"6,49 : 4.12"
"6,50 : 46.96"
"6,51 : 54.82"
"6,52 : 78.49"
"6,53 : 33.12"
"6,54 : 22.2"
"6,55 : 40.5"
"6,56 : 43.05"
"6,57 : 29.83"
"6,58 : 10.77"
"6,59 : 16.12"
"6,60 : 51.24"
"6,61 : 70.52"
"6,62 : 60.54"
"6,63 : 64.54"
"6,64 : 56.04"
"6,65 : 32.39"
"6,66 : 39.2"
"6,67 : 6.4"
"6,68 : 58.22"
"6,69 : 20.88"
"6,70 : 58.94"
"6,71 : 51.88"
"6,72 : 68.25"
"6,73 : 23.32"
"6,74 : 27.2"
"6,75 : 58.26"
"6,76 : 42.3"
"6,77 : 42.05"
"6,78 : 53.31"
"6,79 : 14.76"
"6,80 : 54.41"
"6,81 : 61.4"
"6,82 : 24.04"
"6,83 : 70.66"
"6,84 : 37.85"
"6,85 : 41.62"
"6,86 : 54.04"
"6,87 : 16.28"
"6,88 : 36.25"
"6,89 : 43.83"
"6,90 : 43.57"
"6,91 : 56.08"
"6,92 : 39.05"
"6,93 : 56.36"
"6,94 : 74.4"
"6,95 : 18.44"
"6,96 : 38.08"
"6,97 : 20.52"
"6,98 : 49.66"
"6,99 : 42.2"
"7,0 : 62.65"
"7,1 : 29.15"
"7,2 : 36.22"
"7,3 : 49.16"
"7,4 : 50.99"
"7,5 : 50.22"
"7,6 : 54.41"
"7,7 : 0.0"
"7,8 : 78.41"
"7,9 : 49.03"
"7,10 : 51.62"
"7,11 : 82.0"
"7,12 : 72.25"
"7,13 : 45.18"
"7,14 : 47.93"
"7,15 : 29.7"
"7,16 : 28.79"
"7,17 : 82.93"
"7,18 : 62.59"
"7,19 : 81.49"
"7,20 : 38.08"
"7,21 : 3.61"
"7,22 : 51.61"
"7,23 : 42.01"
"7,24 : 28.65"
"7,25 : 48.37"
"7,26 : 60.03"
"7,27 : 52.35"
"7,28 : 44.18"
"7,29 : 56.3"
"7,30 : 35.23"
"7,31 : 29.12"
"7,32 : 79.4"
"7,33 : 33.53"
"7,34 : 33.97"
"7,35 : 52.4"
"7,36 : 52.5"
"7,37 : 18.97"
"7,38 : 21.38"
"7,39 : 55.9"
"7,40 : 58.82"
"7,41 : 39.12"
"7,42 : 83.76"
"7,43 : 89.31"
"7,44 : 25.32"
"7,45 : 6.71"
"7,46 : 24.08"
"7,47 : 104.04"
"7,48 : 77.82"
"7,49 : 51.86"
"7,50 : 25.08"
"7,51 : 102.9"
"7,52 : 78.85"
"7,53 : 85.56"
"7,54 : 34.01"
"7,55 : 93.34"
"7,56 : 72.42"
"7,57 : 60.42"
"7,58 : 58.0"
"7,59 : 44.05"
"7,60 : 86.03"
"7,61 : 25.08"
"7,62 : 110.6"
"7,63 : 81.02"
"7,64 : 64.03"
"7,65 : 49.0"
"7,66 : 40.61"
"7,67 : 60.8"
"7,68 : 39.56"
"7,69 : 44.94"
"7,70 : 48.76"
"7,71 : 56.04"
"7,72 : 75.54"
"7,73 : 61.06"
"7,74 : 60.83"
"7,75 : 69.01"
"7,76 : 83.65"
"7,77 : 34.06"
"7,78 : 53.24"
"7,79 : 41.59"
"7,80 : 48.66"
"7,81 : 85.99"
"7,82 : 78.24"
"7,83 : 66.76"
"7,84 : 86.4"
"7,85 : 56.89"
"7,86 : 35.44"
"7,87 : 70.43"
"7,88 : 59.01"
"7,89 : 96.88"
"7,90 : 83.63"
"7,91 : 4.12"
"7,92 : 34.37"
"7,93 : 10.63"
"7,94 : 20.0"
"7,95 : 56.04"
"7,96 : 35.36"
"7,97 : 34.48"
"7,98 : 100.77"
"7,99 : 22.2"
"8,0 : 22.56"
"8,1 : 49.58"
"8,2 : 59.23"
"8,3 : 53.6"
"8,4 : 39.85"
"8,5 : 39.22"
"8,6 : 24.08"
"8,7 : 78.41"
"8,8 : 0.0"
"8,9 : 40.5"
"8,10 : 70.06"
"8,11 : 86.16"
"8,12 : 43.17"
"8,13 : 47.17"
"8,14 : 81.1"
"8,15 : 49.09"
"8,16 : 56.08"
"8,17 : 7.28"
"8,18 : 34.01"
"8,19 : 31.83"
"8,20 : 82.38"
"8,21 : 79.63"
"8,22 : 32.56"
"8,23 : 63.29"
"8,24 : 93.41"
"8,25 : 38.47"
"8,26 : 61.19"
"8,27 : 43.17"
"8,28 : 66.12"
"8,29 : 31.02"
"8,30 : 51.62"
"8,31 : 57.58"
"8,32 : 29.0"
"8,33 : 65.3"
"8,34 : 90.52"
"8,35 : 28.46"
"8,36 : 26.08"
"8,37 : 69.66"
"8,38 : 93.94"
"8,39 : 23.26"
"8,40 : 30.59"
"8,41 : 84.34"
"8,42 : 8.25"
"8,43 : 28.64"
"8,44 : 69.89"
"8,45 : 84.5"
"8,46 : 62.8"
"8,47 : 37.05"
"8,48 : 16.12"
"8,49 : 26.63"
"8,50 : 69.89"
"8,51 : 37.22"
"8,52 : 87.6"
"8,53 : 13.15"
"8,54 : 46.01"
"8,55 : 18.44"
"8,56 : 45.18"
"8,57 : 37.66"
"8,58 : 22.8"
"8,59 : 36.77"
"8,60 : 46.67"
"8,61 : 93.11"
"8,62 : 40.31"
"8,63 : 68.48"
"8,64 : 65.97"
"8,65 : 49.73"
"8,66 : 59.24"
"8,67 : 17.69"
"8,68 : 76.79"
"8,69 : 39.29"
"8,70 : 75.01"
"8,71 : 64.5"
"8,72 : 75.96"
"8,73 : 30.27"
"8,74 : 34.53"
"8,75 : 66.41"
"8,76 : 34.71"
"8,77 : 61.61"
"8,78 : 67.19"
"8,79 : 38.29"
"8,80 : 70.0"
"8,81 : 61.4"
"8,82 : 1.41"
"8,83 : 82.57"
"8,84 : 23.26"
"8,85 : 52.61"
"8,86 : 73.35"
"8,87 : 8.06"
"8,88 : 49.09"
"8,89 : 21.19"
"8,90 : 36.8"
"8,91 : 80.16"
"8,92 : 58.69"
"8,93 : 79.76"
"8,94 : 98.41"
"8,95 : 30.07"
"8,96 : 59.48"
"8,97 : 44.55"
"8,98 : 29.15"
"8,99 : 64.47"
"9,0 : 18.36"
"9,1 : 23.54"
"9,2 : 51.11"
"9,3 : 14.04"
"9,4 : 2.0"
"9,5 : 1.41"
"9,6 : 22.36"
"9,7 : 49.03"
"9,8 : 40.5"
"9,9 : 0.0"
"9,10 : 69.4"
"9,11 : 96.21"
"9,12 : 24.33"
"9,13 : 6.71"
"9,14 : 75.13"
"9,15 : 29.15"
"9,16 : 41.63"
"9,17 : 41.68"
"9,18 : 13.6"
"9,19 : 61.52"
"9,20 : 70.84"
"9,21 : 51.62"
"9,22 : 36.72"
"9,23 : 58.52"
"9,24 : 73.11"
"9,25 : 40.0"
"9,26 : 67.94"
"9,27 : 5.66"
"9,28 : 62.13"
"9,29 : 40.72"
"9,30 : 14.32"
"9,31 : 43.86"
"9,32 : 58.42"
"9,33 : 25.61"
"9,34 : 74.15"
"9,35 : 31.78"
"9,36 : 25.3"
"9,37 : 34.0"
"9,38 : 69.26"
"9,39 : 28.86"
"9,40 : 11.31"
"9,41 : 72.73"
"9,42 : 42.19"
"9,43 : 64.03"
"9,44 : 54.12"
"9,45 : 53.45"
"9,46 : 26.83"
"9,47 : 75.95"
"9,48 : 32.56"
"9,49 : 24.35"
"9,50 : 32.02"
"9,51 : 75.66"
"9,52 : 95.48"
"9,53 : 52.39"
"9,54 : 17.46"
"9,55 : 58.82"
"9,56 : 64.47"
"9,57 : 50.54"
"9,58 : 32.98"
"9,59 : 31.24"
"9,60 : 73.5"
"9,61 : 71.0"
"9,62 : 80.28"
"9,63 : 84.6"
"9,64 : 73.59"
"9,65 : 10.05"
"9,66 : 18.79"
"9,67 : 26.02"
"9,68 : 67.62"
"9,69 : 36.88"
"9,70 : 71.34"
"9,71 : 67.94"
"9,72 : 86.45"
"9,73 : 44.94"
"9,74 : 48.33"
"9,75 : 76.69"
"9,76 : 64.63"
"9,77 : 51.88"
"9,78 : 68.25"
"9,79 : 14.21"
"9,80 : 67.68"
"9,81 : 82.76"
"9,82 : 41.11"
"9,83 : 86.05"
"9,84 : 59.14"
"9,85 : 59.67"
"9,86 : 62.77"
"9,87 : 34.71"
"9,88 : 15.56"
"9,89 : 61.68"
"9,90 : 65.92"
"9,91 : 49.04"
"9,92 : 49.24"
"9,93 : 55.04"
"9,94 : 67.68"
"9,95 : 39.4"
"9,96 : 19.85"
"9,97 : 19.31"
"9,98 : 69.12"
"9,99 : 46.57"
"10,0 : 69.64"
"10,1 : 48.84"
"10,2 : 19.21"
"10,3 : 79.21"
"10,4 : 71.03"
"10,5 : 69.63"
"10,6 : 55.36"
"10,7 : 51.62"
"10,8 : 70.06"
"10,9 : 69.4"
"10,10 : 0.0"
"10,11 : 30.68"
"10,12 : 91.79"
"10,13 : 70.84"
"10,14 : 13.04"
"10,15 : 41.73"
"10,16 : 30.0"
"10,17 : 77.16"
"10,18 : 78.29"
"10,19 : 52.0"
"10,20 : 21.1"
"10,21 : 49.25"
"10,22 : 39.05"
"10,23 : 11.4"
"10,24 : 40.72"
"10,25 : 33.24"
"10,26 : 13.45"
"10,27 : 75.0"
"10,28 : 8.06"
"10,29 : 39.2"
"10,30 : 63.7"
"10,31 : 28.02"
"10,32 : 51.87"
"10,33 : 72.95"
"10,34 : 32.76"
"10,35 : 44.64"
"10,36 : 50.92"
"10,37 : 62.65"
"10,38 : 48.76"
"10,39 : 50.7"
"10,40 : 72.01"
"10,41 : 22.2"
"10,42 : 78.16"
"10,43 : 62.39"
"10,44 : 26.31"
"10,45 : 57.22"
"10,46 : 61.91"
"10,47 : 76.03"
"10,48 : 79.83"
"10,49 : 51.26"
"10,50 : 68.43"
"10,51 : 74.24"
"10,52 : 28.18"
"10,53 : 68.73"
"10,54 : 53.76"
"10,55 : 75.5"
"10,56 : 34.99"
"10,57 : 33.24"
"10,58 : 48.84"
"10,59 : 39.81"
"10,60 : 47.63"
"10,61 : 43.66"
"10,62 : 83.63"
"10,63 : 31.62"
"10,64 : 14.32"
"10,65 : 76.49"
"10,66 : 75.29"
"10,67 : 58.94"
"10,68 : 15.23"
"10,69 : 34.54"
"10,70 : 6.4"
"10,71 : 7.81"
"10,72 : 24.02"
"10,73 : 40.01"
"10,74 : 36.12"
"10,75 : 19.31"
"10,76 : 52.33"
"10,77 : 19.72"
"10,78 : 3.61"
"10,79 : 55.22"
"10,80 : 3.0"
"10,81 : 39.96"
"10,82 : 69.03"
"10,83 : 17.03"
"10,84 : 62.64"
"10,85 : 18.68"
"10,86 : 17.12"
"10,87 : 63.39"
"10,88 : 84.81"
"10,89 : 78.85"
"10,90 : 51.0"
"10,91 : 55.73"
"10,92 : 21.4"
"10,93 : 43.01"
"10,94 : 63.51"
"10,95 : 40.31"
"10,96 : 70.6"
"10,97 : 50.99"
"10,98 : 77.49"
"10,99 : 31.02"
"11,0 : 92.42"
"11,1 : 77.94"
"11,2 : 49.19"
"11,3 : 107.45"
"11,4 : 97.59"
"11,5 : 96.18"
"11,6 : 78.41"
"11,7 : 82.0"
"11,8 : 86.16"
"11,9 : 96.21"
"11,10 : 30.68"
"11,11 : 0.0"
"11,12 : 116.52"
"11,13 : 98.72"
"11,14 : 36.01"
"11,15 : 70.72"
"11,16 : 59.94"
"11,17 : 93.41"
"11,18 : 102.94"
"11,19 : 58.69"
"11,20 : 47.01"
"11,21 : 79.43"
"11,22 : 61.22"
"11,23 : 41.63"
"11,24 : 66.37"
"11,25 : 56.64"
"11,26 : 28.28"
"11,27 : 101.86"
"11,28 : 38.63"
"11,29 : 59.08"
"11,30 : 92.66"
"11,31 : 58.14"
"11,32 : 60.21"
"11,33 : 102.96"
"11,34 : 57.43"
"11,35 : 67.01"
"11,36 : 74.03"
"11,37 : 93.23"
"11,38 : 76.06"
"11,39 : 72.42"
"11,40 : 96.54"
"11,41 : 47.1"
"11,42 : 94.34"
"11,43 : 68.26"
"11,44 : 56.75"
"11,45 : 87.3"
"11,46 : 92.13"
"11,47 : 78.16"
"11,48 : 99.3"
"11,49 : 74.65"
"11,50 : 98.9"
"11,51 : 76.16"
"11,52 : 5.0"
"11,53 : 80.28"
"11,54 : 82.2"
"11,55 : 85.16"
"11,56 : 41.48"
"11,57 : 49.74"
"11,58 : 69.34"
"11,59 : 65.05"
"11,60 : 47.01"
"11,61 : 70.18"
"11,62 : 85.38"
"11,63 : 20.02"
"11,64 : 22.63"
"11,65 : 104.35"
"11,66 : 104.56"
"11,67 : 80.16"
"11,68 : 43.19"
"11,69 : 59.4"
"11,70 : 33.38"
"11,71 : 28.84"
"11,72 : 10.3"
"11,73 : 57.31"
"11,74 : 52.84"
"11,75 : 20.25"
"11,76 : 57.31"
"11,77 : 50.16"
"11,78 : 29.97"
"11,79 : 82.13"
"11,80 : 33.53"
"11,81 : 31.4"
"11,82 : 84.86"
"11,83 : 16.03"
"11,84 : 70.86"
"11,85 : 36.88"
"11,86 : 46.69"
"11,87 : 81.39"
"11,88 : 111.76"
"11,89 : 87.82"
"11,90 : 55.23"
"11,91 : 86.12"
"11,92 : 51.43"
"11,93 : 72.84"
"11,94 : 92.02"
"11,95 : 60.46"
"11,96 : 100.17"
"11,97 : 79.2"
"11,98 : 83.05"
"11,99 : 61.68"
"12,0 : 25.0"
"12,1 : 47.85"
"12,2 : 74.32"
"12,3 : 25.08"
"12,4 : 22.36"
"12,5 : 23.54"
"12,6 : 38.21"
"12,7 : 72.25"
"12,8 : 43.17"
"12,9 : 24.33"
"12,10 : 91.79"
"12,11 : 116.52"
"12,12 : 0.0"
"12,13 : 27.07"
"12,14 : 98.62"
"12,15 : 53.16"
"12,16 : 65.46"
"12,17 : 40.11"
"12,18 : 13.6"
"12,19 : 72.45"
"12,20 : 94.92"
"12,21 : 75.11"
"12,22 : 55.32"
"12,23 : 81.39"
"12,24 : 97.33"
"12,25 : 60.0"
"12,26 : 88.41"
"12,27 : 20.0"
"12,28 : 84.97"
"12,29 : 57.98"
"12,30 : 37.05"
"12,31 : 67.68"
"12,32 : 69.32"
"12,33 : 43.08"
"12,34 : 98.48"
"12,35 : 49.58"
"12,36 : 42.52"
"12,37 : 55.32"
"12,38 : 93.02"
"12,39 : 44.55"
"12,40 : 20.0"
"12,41 : 96.84"
"12,42 : 40.05"
"12,43 : 71.47"
"12,44 : 78.34"
"12,45 : 75.95"
"12,46 : 48.66"
"12,47 : 79.91"
"12,48 : 28.07"
"12,49 : 41.87"
"12,50 : 51.55"
"12,51 : 80.23"
"12,52 : 116.4"
"12,53 : 56.29"
"12,54 : 41.77"
"12,55 : 60.3"
"12,56 : 80.43"
"12,57 : 67.9"
"12,58 : 48.17"
"12,59 : 52.15"
"12,60 : 86.45"
"12,61 : 95.08"
"12,62 : 82.15"
"12,63 : 102.59"
"12,64 : 94.02"
"12,65 : 23.77"
"12,66 : 34.54"
"12,67 : 37.8"
"12,68 : 91.42"
"12,69 : 57.69"
"12,70 : 94.37"
"12,71 : 89.31"
"12,72 : 106.4"
"12,73 : 60.96"
"12,74 : 65.12"
"12,75 : 96.43"
"12,76 : 75.58"
"12,77 : 75.39"
"12,78 : 90.21"
"12,79 : 37.34"
"12,80 : 90.35"
"12,81 : 98.6"
"12,82 : 44.38"
"12,83 : 107.91"
"12,84 : 66.1"
"12,85 : 79.65"
"12,86 : 86.65"
"12,87 : 41.63"
"12,88 : 14.76"
"12,89 : 62.07"
"12,90 : 77.37"
"12,91 : 71.7"
"12,92 : 72.62"
"12,93 : 79.03"
"12,94 : 89.82"
"12,95 : 56.57"
"12,96 : 38.6"
"12,97 : 43.42"
"12,98 : 71.34"
"12,99 : 70.83"
"13,0 : 25.06"
"13,1 : 22.83"
"13,2 : 52.01"
"13,3 : 8.94"
"13,4 : 7.81"
"13,5 : 8.06"
"13,6 : 28.02"
"13,7 : 45.18"
"13,8 : 47.17"
"13,9 : 6.71"
"13,10 : 70.84"
"13,11 : 98.72"
"13,12 : 27.07"
"13,13 : 0.0"
"13,14 : 75.47"
"13,15 : 29.41"
"13,16 : 41.88"
"13,17 : 48.37"
"13,18 : 18.87"
"13,19 : 67.19"
"13,20 : 70.26"
"13,21 : 48.04"
"13,22 : 40.85"
"13,23 : 59.67"
"13,24 : 70.71"
"13,25 : 43.42"
"13,26 : 70.6"
"13,27 : 7.28"
"13,28 : 63.25"
"13,29 : 45.22"
"13,30 : 10.0"
"13,31 : 44.1"
"13,32 : 64.12"
"13,33 : 19.1"
"13,34 : 72.53"
"13,35 : 36.4"
"13,36 : 30.41"
"13,37 : 28.79"
"13,38 : 66.0"
"13,39 : 34.23"
"13,40 : 17.8"
"13,41 : 72.09"
"13,42 : 48.88"
"13,43 : 70.18"
"13,44 : 53.31"
"13,45 : 49.03"
"13,46 : 21.84"
"13,47 : 82.38"
"13,48 : 39.05"
"13,49 : 29.43"
"13,50 : 26.08"
"13,51 : 82.04"
"13,52 : 97.67"
"13,53 : 58.94"
"13,54 : 17.2"
"13,55 : 65.46"
"13,56 : 68.95"
"13,57 : 54.78"
"13,58 : 38.33"
"13,59 : 34.48"
"13,60 : 78.64"
"13,61 : 68.26"
"13,62 : 86.83"
"13,63 : 88.19"
"13,64 : 76.22"
"13,65 : 5.66"
"13,66 : 12.08"
"13,67 : 32.25"
"13,68 : 67.6"
"13,69 : 39.96"
"13,70 : 72.2"
"13,71 : 70.09"
"13,72 : 89.2"
"13,73 : 49.73"
"13,74 : 52.81"
"13,75 : 79.63"
"13,76 : 70.26"
"13,77 : 52.43"
"13,78 : 70.01"
"13,79 : 17.0"
"13,80 : 68.88"
"13,81 : 87.09"
"13,82 : 47.76"
"13,83 : 87.73"
"13,84 : 65.38"
"13,85 : 62.68"
"13,86 : 62.65"
"13,87 : 41.23"
"13,88 : 14.87"
"13,89 : 68.35"
"13,90 : 71.45"
"13,91 : 44.72"
"13,92 : 50.0"
"13,93 : 52.15"
"13,94 : 63.06"
"13,95 : 43.97"
"13,96 : 13.45"
"13,97 : 19.85"
"13,98 : 75.69"
"13,99 : 45.69"
"14,0 : 78.1"
"14,1 : 52.7"
"14,2 : 24.35"
"14,3 : 83.23"
"14,4 : 76.92"
"14,5 : 75.58"
"14,6 : 64.13"
"14,7 : 47.93"
"14,8 : 81.1"
"14,9 : 75.13"
"14,10 : 13.04"
"14,11 : 36.01"
"14,12 : 98.62"
"14,13 : 75.47"
"14,14 : 0.0"
"14,15 : 46.14"
"14,16 : 33.62"
"14,17 : 88.02"
"14,18 : 85.44"
"14,19 : 64.88"
"14,20 : 11.0"
"14,21 : 44.94"
"14,22 : 49.04"
"14,23 : 18.11"
"14,24 : 30.59"
"14,25 : 43.05"
"14,26 : 26.4"
"14,27 : 80.53"
"14,28 : 15.0"
"14,29 : 50.09"
"14,30 : 67.2"
"14,31 : 31.38"
"14,32 : 64.62"
"14,33 : 74.28"
"14,34 : 21.84"
"14,35 : 54.23"
"14,36 : 59.84"
"14,37 : 62.2"
"14,38 : 40.05"
"14,39 : 60.3"
"14,40 : 79.38"
"14,41 : 11.18"
"14,42 : 89.02"
"14,43 : 75.24"
"14,44 : 24.21"
"14,45 : 52.5"
"14,46 : 62.97"
"14,47 : 89.01"
"14,48 : 89.56"
"14,49 : 60.02"
"14,50 : 68.41"
"14,51 : 87.24"
"14,52 : 32.06"
"14,53 : 80.81"
"14,54 : 58.31"
"14,55 : 87.8"
"14,56 : 48.02"
"14,57 : 45.35"
"14,58 : 59.03"
"14,59 : 48.05"
"14,60 : 60.61"
"14,61 : 34.23"
"14,62 : 96.6"
"14,63 : 42.54"
"14,64 : 26.25"
"14,65 : 80.99"
"14,66 : 77.99"
"14,67 : 68.47"
"14,68 : 8.6"
"14,69 : 43.42"
"14,70 : 6.71"
"14,71 : 20.81"
"14,72 : 32.57"
"14,73 : 51.62"
"14,74 : 48.05"
"14,75 : 30.81"
"14,76 : 65.3"
"14,77 : 23.26"
"14,78 : 16.64"
"14,79 : 61.33"
"14,80 : 11.7"
"14,81 : 52.01"
"14,82 : 80.16"
"14,83 : 20.0"
"14,84 : 75.27"
"14,85 : 31.38"
"14,86 : 13.45"
"14,87 : 74.0"
"14,88 : 90.05"
"14,89 : 91.21"
"14,90 : 64.01"
"14,91 : 52.0"
"14,92 : 26.0"
"14,93 : 37.95"
"14,94 : 56.08"
"14,95 : 51.04"
"14,96 : 72.92"
"14,97 : 55.95"
"14,98 : 90.25"
"14,99 : 31.11"
"15,0 : 36.35"
"15,1 : 7.21"
"15,2 : 22.67"
"15,3 : 37.54"
"15,4 : 31.02"
"15,5 : 29.73"
"15,6 : 25.5"
"15,7 : 29.7"
"15,8 : 49.09"
"15,9 : 29.15"
"15,10 : 41.73"
"15,11 : 70.72"
"15,12 : 53.16"
"15,13 : 29.41"
"15,14 : 46.14"
"15,15 : 0.0"
"15,16 : 12.53"
"15,17 : 54.12"
"15,18 : 40.61"
"15,19 : 53.49"
"15,20 : 41.76"
"15,21 : 30.61"
"15,22 : 22.85"
"15,23 : 30.41"
"15,24 : 46.53"
"15,25 : 21.21"
"15,26 : 43.38"
"15,27 : 34.44"
"15,28 : 33.97"
"15,29 : 27.86"
"15,30 : 22.02"
"15,31 : 14.76"
"15,32 : 51.08"
"15,33 : 32.89"
"15,34 : 46.04"
"15,35 : 22.8"
"15,36 : 23.02"
"15,37 : 27.17"
"15,38 : 45.31"
"15,39 : 26.25"
"15,40 : 35.13"
"15,41 : 43.68"
"15,42 : 55.01"
"15,43 : 60.42"
"15,44 : 25.32"
"15,45 : 36.12"
"15,46 : 23.19"
"15,47 : 74.95"
"15,48 : 50.7"
"15,49 : 22.47"
"15,50 : 31.06"
"15,51 : 73.93"
"15,52 : 69.2"
"15,53 : 55.87"
"15,54 : 12.21"
"15,55 : 63.64"
"15,56 : 48.01"
"15,57 : 34.23"
"15,58 : 28.32"
"15,59 : 14.76"
"15,60 : 60.53"
"15,61 : 45.35"
"15,62 : 81.27"
"15,63 : 62.94"
"15,64 : 48.76"
"15,65 : 35.0"
"15,66 : 33.84"
"15,67 : 31.76"
"15,68 : 38.48"
"15,69 : 17.26"
"15,70 : 42.8"
"15,71 : 41.88"
"15,72 : 61.77"
"15,73 : 32.89"
"15,74 : 33.73"
"15,75 : 52.8"
"15,76 : 55.97"
"15,77 : 23.02"
"15,78 : 41.23"
"15,79 : 16.12"
"15,80 : 39.62"
"15,81 : 64.5"
"15,82 : 48.83"
"15,83 : 58.73"
"15,84 : 57.14"
"15,85 : 36.69"
"15,86 : 33.62"
"15,87 : 41.05"
"15,88 : 43.91"
"15,89 : 67.18"
"15,90 : 56.32"
"15,91 : 32.02"
"15,92 : 20.62"
"15,93 : 30.87"
"15,94 : 49.58"
"15,95 : 27.31"
"15,96 : 29.53"
"15,97 : 9.85"
"15,98 : 71.22"
"15,99 : 18.03"
"16,0 : 47.01"
"16,1 : 19.21"
"16,2 : 10.82"
"16,3 : 49.82"
"16,4 : 43.46"
"16,5 : 42.15"
"16,6 : 34.37"
"16,7 : 28.79"
"16,8 : 56.08"
"16,9 : 41.63"
"16,10 : 30.0"
"16,11 : 59.94"
"16,12 : 65.46"
"16,13 : 41.88"
"16,14 : 33.62"
"16,15 : 12.53"
"16,16 : 0.0"
"16,17 : 61.98"
"16,18 : 52.63"
"16,19 : 53.25"
"16,20 : 29.61"
"16,21 : 28.18"
"16,22 : 25.0"
"16,23 : 18.6"
"16,24 : 37.34"
"16,25 : 20.52"
"16,26 : 33.96"
"16,27 : 46.96"
"16,28 : 22.02"
"16,29 : 29.0"
"16,30 : 33.97"
"16,31 : 2.24"
"16,32 : 51.4"
"16,33 : 43.05"
"16,34 : 35.23"
"16,35 : 27.73"
"16,36 : 30.81"
"16,37 : 33.96"
"16,38 : 38.6"
"16,39 : 32.89"
"16,40 : 46.87"
"16,41 : 31.58"
"16,42 : 62.94"
"16,43 : 61.72"
"16,44 : 14.14"
"16,45 : 35.47"
"16,46 : 32.2"
"16,47 : 76.58"
"16,48 : 60.41"
"16,49 : 30.59"
"16,50 : 39.22"
"16,51 : 75.29"
"16,52 : 57.98"
"16,53 : 60.46"
"16,54 : 24.7"
"16,55 : 68.24"
"16,56 : 43.68"
"16,57 : 31.76"
"16,58 : 33.54"
"16,59 : 19.31"
"16,60 : 57.25"
"16,61 : 37.12"
"16,62 : 83.49"
"16,63 : 54.59"
"16,64 : 38.9"
"16,65 : 47.43"
"16,66 : 45.34"
"16,67 : 40.02"
"16,68 : 26.0"
"16,69 : 17.8"
"16,70 : 30.48"
"16,71 : 31.38"
"16,72 : 51.62"
"16,73 : 33.3"
"16,74 : 32.45"
"16,75 : 43.42"
"16,76 : 55.23"
"16,77 : 10.63"
"16,78 : 30.02"
"16,79 : 28.16"
"16,80 : 27.66"
"16,81 : 58.08"
"16,82 : 55.54"
"16,83 : 47.01"
"16,84 : 59.4"
"16,85 : 29.0"
"16,86 : 21.19"
"16,87 : 48.1"
"16,88 : 56.44"
"16,89 : 71.85"
"16,90 : 55.07"
"16,91 : 32.28"
"16,92 : 8.6"
"16,93 : 25.5"
"16,94 : 46.87"
"16,95 : 29.07"
"16,96 : 40.61"
"16,97 : 22.36"
"16,98 : 74.33"
"16,99 : 8.6"
"17,0 : 23.32"
"17,1 : 53.82"
"17,2 : 65.76"
"17,3 : 53.85"
"17,4 : 40.71"
"17,5 : 40.31"
"17,6 : 28.65"
"17,7 : 82.93"
"17,8 : 7.28"
"17,9 : 41.68"
"17,10 : 77.16"
"17,11 : 93.41"
"17,12 : 40.11"
"17,13 : 48.37"
"17,14 : 88.02"
"17,15 : 54.12"
"17,16 : 61.98"
"17,17 : 0.0"
"17,18 : 32.98"
"17,19 : 38.29"
"17,20 : 88.96"
"17,21 : 84.38"
"17,22 : 39.2"
"17,23 : 70.11"
"17,24 : 99.3"
"17,25 : 45.18"
"17,26 : 68.45"
"17,27 : 43.46"
"17,28 : 73.03"
"17,29 : 38.01"
"17,30 : 54.04"
"17,31 : 63.6"
"17,32 : 35.61"
"17,33 : 67.12"
"17,34 : 96.77"
"17,35 : 34.71"
"17,36 : 31.38"
"17,37 : 72.84"
"17,38 : 99.32"
"17,39 : 29.12"
"17,40 : 30.87"
"17,41 : 90.93"
"17,42 : 1.0"
"17,43 : 33.84"
"17,44 : 75.96"
"17,45 : 88.81"
"17,46 : 65.8"
"17,47 : 40.02"
"17,48 : 12.04"
"17,49 : 31.78"
"17,50 : 72.47"
"17,51 : 40.52"
"17,52 : 94.87"
"17,53 : 17.49"
"17,54 : 49.68"
"17,55 : 20.22"
"17,56 : 52.33"
"17,57 : 44.91"
"17,58 : 29.27"
"17,59 : 42.72"
"17,60 : 53.15"
"17,61 : 98.79"
"17,62 : 42.05"
"17,63 : 75.59"
"17,64 : 73.25"
"17,65 : 50.16"
"17,66 : 60.42"
"17,67 : 22.36"
"17,68 : 83.49"
"17,69 : 45.71"
"17,70 : 82.01"
"17,71 : 71.7"
"17,72 : 83.22"
"17,73 : 37.48"
"17,74 : 41.77"
"17,75 : 73.68"
"17,76 : 41.04"
"17,77 : 68.07"
"17,78 : 74.33"
"17,79 : 41.87"
"17,80 : 77.03"
"17,81 : 68.24"
"17,82 : 8.54"
"17,83 : 89.82"
"17,84 : 28.6"
"17,85 : 59.84"
"17,86 : 79.91"
"17,87 : 14.14"
"17,88 : 48.05"
"17,89 : 22.0"
"17,90 : 43.19"
"17,91 : 84.4"
"17,92 : 65.12"
"17,93 : 84.97"
"17,94 : 102.9"
"17,95 : 37.0"
"17,96 : 61.29"
"17,97 : 48.6"
"17,98 : 31.26"
"17,99 : 70.23"
"18,0 : 12.65"
"18,1 : 36.01"
"18,2 : 61.1"
"18,3 : 21.63"
"18,4 : 11.7"
"18,5 : 12.37"
"18,6 : 24.76"
"18,7 : 62.59"
"18,8 : 34.01"
"18,9 : 13.6"
"18,10 : 78.29"
"18,11 : 102.94"
"18,12 : 13.6"
"18,13 : 18.87"
"18,14 : 85.44"
"18,15 : 40.61"
"18,16 : 52.63"
"18,17 : 32.98"
"18,18 : 0.0"
"18,19 : 60.75"
"18,20 : 82.23"
"18,21 : 65.12"
"18,22 : 41.77"
"18,23 : 68.03"
"18,24 : 86.0"
"18,25 : 46.4"
"18,26 : 74.81"
"18,27 : 12.04"
"18,28 : 71.59"
"18,29 : 44.6"
"18,30 : 27.86"
"18,31 : 54.82"
"18,32 : 57.58"
"18,33 : 37.64"
"18,34 : 86.47"
"18,35 : 36.07"
"18,36 : 29.0"
"18,37 : 47.42"
"18,38 : 82.61"
"18,39 : 31.24"
"18,40 : 6.4"
"18,41 : 84.17"
"18,42 : 33.24"
"18,43 : 61.0"
"18,44 : 65.92"
"18,45 : 67.05"
"18,46 : 40.31"
"18,47 : 71.01"
"18,48 : 21.93"
"18,49 : 28.32"
"18,50 : 44.94"
"18,51 : 71.06"
"18,52 : 102.8"
"18,53 : 47.01"
"18,54 : 30.0"
"18,55 : 52.24"
"18,56 : 67.42"
"18,57 : 54.56"
"18,58 : 35.0"
"18,59 : 38.59"
"18,60 : 74.25"
"18,61 : 84.1"
"18,62 : 74.24"
"18,63 : 89.27"
"18,64 : 80.43"
"18,65 : 18.44"
"18,66 : 29.7"
"18,67 : 25.06"
"18,68 : 78.45"
"18,69 : 44.1"
"18,70 : 81.02"
"18,71 : 75.72"
"18,72 : 92.85"
"18,73 : 47.8"
"18,74 : 51.86"
"18,75 : 82.88"
"18,76 : 63.91"
"18,77 : 62.3"
"18,78 : 76.66"
"18,79 : 24.52"
"18,80 : 76.92"
"18,81 : 85.7"
"18,82 : 35.0"
"18,83 : 94.34"
"18,84 : 55.73"
"18,85 : 66.07"
"18,86 : 73.76"
"18,87 : 30.59"
"18,88 : 15.13"
"18,89 : 54.59"
"18,90 : 65.55"
"18,91 : 62.64"
"18,92 : 59.46"
"18,93 : 68.26"
"18,94 : 81.27"
"18,95 : 43.19"
"18,96 : 32.2"
"18,97 : 31.14"
"18,98 : 63.13"
"18,99 : 58.55"
"19,0 : 48.1"
"19,1 : 57.97"
"19,2 : 50.21"
"19,3 : 75.54"
"19,4 : 61.81"
"19,5 : 60.67"
"19,6 : 39.2"
"19,7 : 81.49"
"19,8 : 31.83"
"19,9 : 61.52"
"19,10 : 52.0"
"19,11 : 58.69"
"19,12 : 72.45"
"19,13 : 67.19"
"19,14 : 64.88"
"19,15 : 53.49"
"19,16 : 53.25"
"19,17 : 38.29"
"19,18 : 60.75"
"19,19 : 0.0"
"19,20 : 70.18"
"19,21 : 81.3"
"19,22 : 30.68"
"19,23 : 50.22"
"19,24 : 86.45"
"19,25 : 33.12"
"19,26 : 39.56"
"19,27 : 66.1"
"19,28 : 51.62"
"19,29 : 25.63"
"19,30 : 67.19"
"19,31 : 53.6"
"19,32 : 3.16"
"19,33 : 81.39"
"19,34 : 80.8"
"19,35 : 32.39"
"19,36 : 37.0"
"19,37 : 80.08"
"19,38 : 90.61"
"19,39 : 33.02"
"19,40 : 55.36"
"19,41 : 71.87"
"19,42 : 39.05"
"19,43 : 10.44"
"19,44 : 63.66"
"19,45 : 88.19"
"19,46 : 74.73"
"19,47 : 24.41"
"19,48 : 47.63"
"19,49 : 38.0"
"19,50 : 82.76"
"19,51 : 22.8"
"19,52 : 61.2"
"19,53 : 22.36"
"19,54 : 57.71"
"19,55 : 26.48"
"19,56 : 18.11"
"19,57 : 21.93"
"19,58 : 29.0"
"19,59 : 38.9"
"19,60 : 14.87"
"19,61 : 87.69"
"19,62 : 31.91"
"19,63 : 39.29"
"19,64 : 42.58"
"19,65 : 71.57"
"19,66 : 78.0"
"19,67 : 36.14"
"19,68 : 63.81"
"19,69 : 36.67"
"19,70 : 58.18"
"19,71 : 44.6"
"19,72 : 49.16"
"19,73 : 20.62"
"19,74 : 20.81"
"19,75 : 41.05"
"19,76 : 3.16"
"19,77 : 53.04"
"19,78 : 48.47"
"19,79 : 52.09"
"19,80 : 53.23"
"19,81 : 30.41"
"19,82 : 30.41"
"19,83 : 59.41"
"19,84 : 12.17"
"19,85 : 33.54"
"19,86 : 62.2"
"19,87 : 30.89"
"19,88 : 74.46"
"19,89 : 29.15"
"19,90 : 5.0"
"19,91 : 84.53"
"19,92 : 50.93"
"19,93 : 78.6"
"19,94 : 100.12"
"19,95 : 26.25"
"19,96 : 76.16"
"19,97 : 54.92"
"19,98 : 25.71"
"19,99 : 61.4"
"20,0 : 76.32"
"20,1 : 47.54"
"20,2 : 23.19"
"20,3 : 77.41"
"20,4 : 72.73"
"20,5 : 71.47"
"20,6 : 63.01"
"20,7 : 38.08"
"20,8 : 82.38"
"20,9 : 70.84"
"20,10 : 21.1"
"20,11 : 47.01"
"20,12 : 94.92"
"20,13 : 70.26"
"20,14 : 11.0"
"20,15 : 41.76"
"20,16 : 29.61"
"20,17 : 88.96"
"20,18 : 82.23"
"20,19 : 70.18"
"20,20 : 0.0"
"20,21 : 34.89"
"20,22 : 49.82"
"20,23 : 20.12"
"20,24 : 19.92"
"20,25 : 43.93"
"20,26 : 34.21"
"20,27 : 75.96"
"20,28 : 18.6"
"20,29 : 51.92"
"20,30 : 61.29"
"20,31 : 27.46"
"20,32 : 69.46"
"20,33 : 66.71"
"20,34 : 11.66"
"20,35 : 54.33"
"20,36 : 59.01"
"20,37 : 53.76"
"20,38 : 29.07"
"20,39 : 60.21"
"20,40 : 76.49"
"20,41 : 2.0"
"20,42 : 89.94"
"20,43 : 80.26"
"20,44 : 17.0"
"20,45 : 42.15"
"20,46 : 55.44"
"20,47 : 94.58"
"20,48 : 89.01"
"20,49 : 59.0"
"20,50 : 60.11"
"20,51 : 92.91"
"20,52 : 43.05"
"20,53 : 83.82"
"20,54 : 53.49"
"20,55 : 91.18"
"20,56 : 54.56"
"20,57 : 49.19"
"20,58 : 59.68"
"20,59 : 47.01"
"20,60 : 67.88"
"20,61 : 23.35"
"20,62 : 102.08"
"20,63 : 52.39"
"20,64 : 35.36"
"20,65 : 75.58"
"20,66 : 71.28"
"20,67 : 68.07"
"20,68 : 6.4"
"20,69 : 43.29"
"20,70 : 15.23"
"20,71 : 28.6"
"20,72 : 43.17"
"20,73 : 54.42"
"20,74 : 51.48"
"20,75 : 40.25"
"20,76 : 71.03"
"20,77 : 21.02"
"20,78 : 24.41"
"20,79 : 57.72"
"20,80 : 18.6"
"20,81 : 61.06"
"20,82 : 81.58"
"20,83 : 31.0"
"20,84 : 79.61"
"20,85 : 37.01"
"20,86 : 9.06"
"20,87 : 74.81"
"20,88 : 85.09"
"20,89 : 94.7"
"20,90 : 70.0"
"20,91 : 42.06"
"20,92 : 24.02"
"20,93 : 27.73"
"20,94 : 45.1"
"20,95 : 52.63"
"20,96 : 66.03"
"20,97 : 51.55"
"20,98 : 94.83"
"20,99 : 24.6"
"21,0 : 64.62"
"21,1 : 30.87"
"21,2 : 34.71"
"21,3 : 52.35"
"21,4 : 53.6"
"21,5 : 52.77"
"21,6 : 55.76"
"21,7 : 3.61"
"21,8 : 79.63"
"21,9 : 51.62"
"21,10 : 49.25"
"21,11 : 79.43"
"21,12 : 75.11"
"21,13 : 48.04"
"21,14 : 44.94"
"21,15 : 30.61"
"21,16 : 28.18"
"21,17 : 84.38"
"21,18 : 65.12"
"21,19 : 81.3"
"21,20 : 34.89"
"21,21 : 0.0"
"21,22 : 51.86"
"21,23 : 40.05"
"21,24 : 25.06"
"21,25 : 48.26"
"21,26 : 58.22"
"21,27 : 55.15"
"21,28 : 42.01"
"21,29 : 56.4"
"21,30 : 38.05"
"21,31 : 28.23"
"21,32 : 79.32"
"21,33 : 37.0"
"21,34 : 30.41"
"21,35 : 53.04"
"21,36 : 53.6"
"21,37 : 22.47"
"21,38 : 18.11"
"21,39 : 56.85"
"21,40 : 61.13"
"21,41 : 35.85"
"21,42 : 85.23"
"21,43 : 89.4"
"21,44 : 23.02"
"21,45 : 8.0"
"21,46 : 27.29"
"21,47 : 104.2"
"21,48 : 79.71"
"21,49 : 53.01"
"21,50 : 28.64"
"21,51 : 103.0"
"21,52 : 76.16"
"21,53 : 86.31"
"21,54 : 36.06"
"21,55 : 94.11"
"21,56 : 71.51"
"21,57 : 59.94"
"21,58 : 58.73"
"21,59 : 44.55"
"21,60 : 85.23"
"21,61 : 21.54"
"21,62 : 110.89"
"21,63 : 79.16"
"21,64 : 62.01"
"21,65 : 52.04"
"21,66 : 43.93"
"21,67 : 62.13"
"21,68 : 36.69"
"21,69 : 45.0"
"21,70 : 46.1"
"21,71 : 54.01"
"21,72 : 73.25"
"21,73 : 61.03"
"21,74 : 60.54"
"21,75 : 67.03"
"21,76 : 83.35"
"21,77 : 32.39"
"21,78 : 51.04"
"21,79 : 43.46"
"21,80 : 46.27"
"21,81 : 84.53"
"21,82 : 79.4"
"21,83 : 64.03"
"21,84 : 86.68"
"21,85 : 55.54"
"21,86 : 32.76"
"21,87 : 71.61"
"21,88 : 62.07"
"21,89 : 97.67"
"21,90 : 83.24"
"21,91 : 7.21"
"21,92 : 32.98"
"21,93 : 7.21"
"21,94 : 19.1"
"21,95 : 56.22"
"21,96 : 38.64"
"21,97 : 36.25"
"21,98 : 101.24"
"21,99 : 20.88"
"22,0 : 31.38"
"22,1 : 27.46"
"22,2 : 26.68"
"22,3 : 49.77"
"22,4 : 37.74"
"22,5 : 36.36"
"22,6 : 17.2"
"22,7 : 51.61"
"22,8 : 32.56"
"22,9 : 36.72"
"22,10 : 39.05"
"22,11 : 61.22"
"22,12 : 55.32"
"22,13 : 40.85"
"22,14 : 49.04"
"22,15 : 22.85"
"22,16 : 25.0"
"22,17 : 39.2"
"22,18 : 41.77"
"22,19 : 30.68"
"22,20 : 49.82"
"22,21 : 51.86"
"22,22 : 0.0"
"22,23 : 31.0"
"22,24 : 61.72"
"22,25 : 6.0"
"22,26 : 33.29"
"22,27 : 42.19"
"22,28 : 34.06"
"22,29 : 5.1"
"22,30 : 38.33"
"22,31 : 26.08"
"22,32 : 28.23"
"22,33 : 52.04"
"22,34 : 58.19"
"22,35 : 5.83"
"22,36 : 12.81"
"22,37 : 49.48"
"22,38 : 63.6"
"22,39 : 11.7"
"22,40 : 35.38"
"22,41 : 51.79"
"22,42 : 40.2"
"22,43 : 37.74"
"22,44 : 38.01"
"22,45 : 58.25"
"22,46 : 44.41"
"22,47 : 52.43"
"22,48 : 40.79"
"22,49 : 13.45"
"22,50 : 52.47"
"22,51 : 51.31"
"22,52 : 61.29"
"22,53 : 35.51"
"22,54 : 28.02"
"22,55 : 43.27"
"22,56 : 28.16"
"22,57 : 13.93"
"22,58 : 10.0"
"22,59 : 8.25"
"22,60 : 39.01"
"22,61 : 61.91"
"22,62 : 59.03"
"22,63 : 48.01"
"22,64 : 38.83"
"22,65 : 46.1"
"22,66 : 50.01"
"22,67 : 19.92"
"22,68 : 44.28"
"22,69 : 7.21"
"22,70 : 43.29"
"22,71 : 34.93"
"22,72 : 51.09"
"22,73 : 10.2"
"22,74 : 12.17"
"22,75 : 41.11"
"22,76 : 33.24"
"22,77 : 29.12"
"22,78 : 36.69"
"22,79 : 24.04"
"22,80 : 38.47"
"22,81 : 46.24"
"22,82 : 31.78"
"22,83 : 53.71"
"22,84 : 34.83"
"22,85 : 24.41"
"22,86 : 40.79"
"22,87 : 25.08"
"22,88 : 51.87"
"22,89 : 46.87"
"22,90 : 33.73"
"22,91 : 54.38"
"22,92 : 26.25"
"22,93 : 50.25"
"22,94 : 70.94"
"22,95 : 4.47"
"22,96 : 47.27"
"22,97 : 25.0"
"22,98 : 49.5"
"22,99 : 33.6"
"23,0 : 60.17"
"23,1 : 37.48"
"23,2 : 7.81"
"23,3 : 67.94"
"23,4 : 60.21"
"23,5 : 58.83"
"23,6 : 46.1"
"23,7 : 42.01"
"23,8 : 63.29"
"23,9 : 58.52"
"23,10 : 11.4"
"23,11 : 41.63"
"23,12 : 81.39"
"23,13 : 59.67"
"23,14 : 18.11"
"23,15 : 30.41"
"23,16 : 18.6"
"23,17 : 70.11"
"23,18 : 68.03"
"23,19 : 50.22"
"23,20 : 20.12"
"23,21 : 40.05"
"23,22 : 31.0"
"23,23 : 0.0"
"23,24 : 36.88"
"23,25 : 25.0"
"23,26 : 18.25"
"23,27 : 64.07"
"23,28 : 3.61"
"23,29 : 32.39"
"23,30 : 52.35"
"23,31 : 16.64"
"23,32 : 49.4"
"23,33 : 61.59"
"23,34 : 30.61"
"23,35 : 36.12"
"23,36 : 41.77"
"23,37 : 51.62"
"23,38 : 42.94"
"23,39 : 42.19"
"23,40 : 61.85"
"23,41 : 21.93"
"23,42 : 71.11"
"23,43 : 60.21"
"23,44 : 17.26"
"23,45 : 48.04"
"23,46 : 50.61"
"23,47 : 74.63"
"23,48 : 71.45"
"23,49 : 41.98"
"23,50 : 57.27"
"23,51 : 73.01"
"23,52 : 39.45"
"23,53 : 63.89"
"23,54 : 42.52"
"23,55 : 71.17"
"23,56 : 35.47"
"23,57 : 29.07"
"23,58 : 41.0"
"23,59 : 30.08"
"23,60 : 49.2"
"23,61 : 38.83"
"23,62 : 82.1"
"23,63 : 39.12"
"23,64 : 22.02"
"23,65 : 65.3"
"23,66 : 63.89"
"23,67 : 50.36"
"23,68 : 13.93"
"23,69 : 25.32"
"23,70 : 13.0"
"23,71 : 14.04"
"23,72 : 33.96"
"23,73 : 34.48"
"23,74 : 31.38"
"23,75 : 27.0"
"23,76 : 51.22"
"23,77 : 8.54"
"23,78 : 11.7"
"23,79 : 44.42"
"23,80 : 9.22"
"23,81 : 45.22"
"23,82 : 62.39"
"23,83 : 28.43"
"23,84 : 59.48"
"23,85 : 17.8"
"23,86 : 12.04"
"23,87 : 56.04"
"23,88 : 73.82"
"23,89 : 74.67"
"23,90 : 50.33"
"23,91 : 46.04"
"23,92 : 10.0"
"23,93 : 34.53"
"23,94 : 56.04"
"23,95 : 33.24"
"23,96 : 59.2"
"23,97 : 39.82"
"23,98 : 74.71"
"23,99 : 20.4"
"24,0 : 82.87"
"24,1 : 50.01"
"24,2 : 36.4"
"24,3 : 76.16"
"24,4 : 75.11"
"24,5 : 74.06"
"24,6 : 71.31"
"24,7 : 28.65"
"24,8 : 93.41"
"24,9 : 73.11"
"24,10 : 40.72"
"24,11 : 66.37"
"24,12 : 97.33"
"24,13 : 70.71"
"24,14 : 30.59"
"24,15 : 46.53"
"24,16 : 37.34"
"24,17 : 99.3"
"24,18 : 86.0"
"24,19 : 86.45"
"24,20 : 19.92"
"24,21 : 25.06"
"24,22 : 61.72"
"24,23 : 36.88"
"24,24 : 0.0"
"24,25 : 56.44"
"24,26 : 53.34"
"24,27 : 77.41"
"24,28 : 36.62"
"24,29 : 65.0"
"24,30 : 60.83"
"24,31 : 35.85"
"24,32 : 85.28"
"24,33 : 61.85"
"24,34 : 9.0"
"24,35 : 65.0"
"24,36 : 68.01"
"24,37 : 47.42"
"24,38 : 10.77"
"24,39 : 70.23"
"24,40 : 81.1"
"24,41 : 19.42"
"24,42 : 100.24"
"24,43 : 96.05"
"24,44 : 23.71"
"24,45 : 29.73"
"24,46 : 51.55"
"24,47 : 110.75"
"24,48 : 97.08"
"24,49 : 67.72"
"24,50 : 53.67"
"24,51 : 109.22"
"24,52 : 62.13"
"24,53 : 97.13"
"24,54 : 56.0"
"24,55 : 104.81"
"24,56 : 72.35"
"24,57 : 64.66"
"24,58 : 70.77"
"24,59 : 56.65"
"24,60 : 86.05"
"24,61 : 4.47"
"24,62 : 118.07"
"24,63 : 72.24"
"24,64 : 55.04"
"24,65 : 75.31"
"24,66 : 68.31"
"24,67 : 77.2"
"24,68 : 25.5"
"24,69 : 54.56"
"24,70 : 35.11"
"24,71 : 47.89"
"24,72 : 63.06"
"24,73 : 68.51"
"24,74 : 66.4"
"24,75 : 60.01"
"24,76 : 87.73"
"24,77 : 33.6"
"24,78 : 43.83"
"24,79 : 62.2"
"24,80 : 38.01"
"24,81 : 80.53"
"24,82 : 92.85"
"24,83 : 50.36"
"24,84 : 94.63"
"24,85 : 54.67"
"24,86 : 25.0"
"24,87 : 85.44"
"24,88 : 85.33"
"24,89 : 108.41"
"24,90 : 86.98"
"24,91 : 31.62"
"24,92 : 36.06"
"24,93 : 18.97"
"24,94 : 27.51"
"24,95 : 65.37"
"24,96 : 62.94"
"24,97 : 55.08"
"24,98 : 109.86"
"24,99 : 29.12"
"25,0 : 36.67"
"25,1 : 27.02"
"25,2 : 20.88"
"25,3 : 52.35"
"25,4 : 41.23"
"25,5 : 39.82"
"25,6 : 22.36"
"25,7 : 48.37"
"25,8 : 38.47"
"25,9 : 40.0"
"25,10 : 33.24"
"25,11 : 56.64"
"25,12 : 60.0"
"25,13 : 43.42"
"25,14 : 43.05"
"25,15 : 21.21"
"25,16 : 20.52"
"25,17 : 45.18"
"25,18 : 46.4"
"25,19 : 33.12"
"25,20 : 43.93"
"25,21 : 48.26"
"25,22 : 6.0"
"25,23 : 25.0"
"25,24 : 56.44"
"25,25 : 0.0"
"25,26 : 28.43"
"25,27 : 45.61"
"25,28 : 28.07"
"25,29 : 8.6"
"25,30 : 39.56"
"25,31 : 21.26"
"25,32 : 31.06"
"25,33 : 52.61"
"25,34 : 52.55"
"25,35 : 11.4"
"25,36 : 17.89"
"25,37 : 48.37"
"25,38 : 58.9"
"25,39 : 17.46"
"25,40 : 40.0"
"25,41 : 45.89"
"25,42 : 46.17"
"25,43 : 41.23"
"25,44 : 32.76"
"25,45 : 55.07"
"25,46 : 44.0"
"25,47 : 56.08"
"25,48 : 46.69"
"25,49 : 18.36"
"25,50 : 52.01"
"25,51 : 54.82"
"25,52 : 56.4"
"25,53 : 40.71"
"25,54 : 28.86"
"25,55 : 48.37"
"25,56 : 27.07"
"25,57 : 13.04"
"25,58 : 16.0"
"25,59 : 8.94"
"25,60 : 39.32"
"25,61 : 56.86"
"25,62 : 62.97"
"25,63 : 44.78"
"25,64 : 34.06"
"25,65 : 48.88"
"25,66 : 51.55"
"25,67 : 25.71"
"25,68 : 38.33"
"25,69 : 4.0"
