x,y
38,62
24,1
8,61
50,45
96,32
94,13
12,94
9,61
9,5
73,25
67,32
57,60
58,62
19,82
27,20
34,86
93,54
76,31
2,63
40,6
75,44
10,23
29,95
21,76
10,6
34,78
45,10
38,89
4,10
25,41
87,79
31,51
91,33
76,51
85,0
38,50
48,42
81,57
2,18
98,89
92,40
23,83
99,40
60,82
44,5
89,58
32,18
29,2
53,34
100,0
65,34
86,9
51,56
38,0
64,81
84,54
94,38
49,98
61,65
18,45
56,36
82,36
10,55
68,30
28,3
71,63
38,48
3,3
88,49
49,57
11,43
53,91
15,79
66,67
67,44
2,65
3,49
22,38
69,71
56,39
57,11
64,32
54,91
40,95
52,12
53,48
15,98
54,23
18,10
57,36
4,43
82,34
17,14
39,25
76,45
21,85
1,33
37,44
89,91
65,45

Distanze
"0,0 : 0.0"
"0,1 : 62.59"
"0,2 : 30.02"
"0,3 : 20.81"
"0,4 : 65.3"
"0,5 : 74.41"
"0,6 : 41.23"
"0,7 : 29.02"
"0,8 : 63.95"
"0,9 : 50.93"
"0,10 : 41.73"
"0,11 : 19.1"
"0,12 : 20.0"
"0,13 : 27.59"
"0,14 : 43.42"
"0,15 : 24.33"
"0,16 : 55.58"
"0,17 : 49.04"
"0,18 : 36.01"
"0,19 : 56.04"
"0,20 : 41.15"
"0,21 : 48.01"
"0,22 : 34.21"
"0,23 : 22.02"
"0,24 : 62.61"
"0,25 : 16.49"
"0,26 : 52.47"
"0,27 : 27.0"
"0,28 : 62.13"
"0,29 : 24.7"
"0,30 : 51.87"
"0,31 : 13.04"
"0,32 : 60.42"
"0,33 : 39.56"
"0,34 : 77.8"
"0,35 : 12.0"
"0,36 : 22.36"
"0,37 : 43.29"
"0,38 : 56.85"
"0,39 : 65.8"
"0,40 : 58.31"
"0,41 : 25.81"
"0,42 : 64.85"
"0,43 : 29.73"
"0,44 : 57.31"
"0,45 : 51.16"
"0,46 : 44.41"
"0,47 : 60.67"
"0,48 : 31.76"
"0,49 : 87.68"
"0,50 : 38.9"
"0,51 : 71.51"
"0,52 : 14.32"
"0,53 : 62.0"
"0,54 : 32.2"
"0,55 : 46.69"
"0,56 : 60.93"
"0,57 : 37.64"
"0,58 : 23.19"
"0,59 : 26.25"
"0,60 : 31.62"
"0,61 : 51.11"
"0,62 : 28.86"
"0,63 : 43.86"
"0,64 : 59.84"
"0,65 : 33.02"
"0,66 : 14.0"
"0,67 : 68.6"
"0,68 : 51.66"
"0,69 : 12.08"
"0,70 : 33.02"
"0,71 : 32.65"
"0,72 : 28.6"
"0,73 : 28.44"
"0,74 : 34.13"
"0,75 : 36.12"
"0,76 : 37.34"
"0,77 : 28.84"
"0,78 : 32.28"
"0,79 : 29.21"
"0,80 : 54.42"
"0,81 : 39.7"
"0,82 : 33.12"
"0,83 : 33.06"
"0,84 : 51.92"
"0,85 : 20.52"
"0,86 : 42.72"
"0,87 : 42.15"
"0,88 : 55.71"
"0,89 : 32.2"
"0,90 : 38.95"
"0,91 : 52.15"
"0,92 : 52.39"
"0,93 : 37.01"
"0,94 : 41.63"
"0,95 : 28.6"
"0,96 : 47.01"
"0,97 : 18.03"
"0,98 : 58.67"
"0,99 : 31.91"
"1,0 : 62.59"
"1,1 : 0.0"
"1,2 : 62.1"
"1,3 : 51.11"
"1,4 : 78.39"
"1,5 : 71.02"
"1,6 : 93.77"
"1,7 : 61.85"
"1,8 : 15.52"
"1,9 : 54.56"
"1,10 : 53.01"
"1,11 : 67.6"
"1,12 : 69.84"
"1,13 : 81.15"
"1,14 : 19.24"
"1,15 : 85.59"
"1,16 : 87.01"
"1,17 : 60.03"
"1,18 : 65.79"
"1,19 : 16.76"
"1,20 : 66.71"
"1,21 : 26.08"
"1,22 : 94.13"
"1,23 : 75.06"
"1,24 : 14.87"
"1,25 : 77.65"
"1,26 : 22.85"
"1,27 : 89.11"
"1,28 : 21.93"
"1,29 : 40.01"
"1,30 : 100.26"
"1,31 : 50.49"
"1,32 : 74.25"
"1,33 : 72.14"
"1,34 : 61.01"
"1,35 : 50.96"
"1,36 : 47.51"
"1,37 : 79.91"
"1,38 : 27.8"
"1,39 : 114.98"
"1,40 : 78.39"
"1,41 : 82.01"
"1,42 : 84.53"
"1,43 : 88.64"
"1,44 : 20.4"
"1,45 : 86.45"
"1,46 : 18.79"
"1,47 : 5.1"
"1,48 : 43.93"
"1,49 : 76.01"
"1,50 : 52.63"
"1,51 : 62.51"
"1,52 : 61.27"
"1,53 : 14.04"
"1,54 : 89.44"
"1,55 : 80.06"
"1,56 : 79.18"
"1,57 : 100.17"
"1,58 : 73.93"
"1,59 : 44.41"
"1,60 : 47.42"
"1,61 : 67.74"
"1,62 : 55.79"
"1,63 : 52.7"
"1,64 : 4.47"
"1,65 : 77.8"
"1,66 : 49.04"
"1,67 : 21.1"
"1,68 : 80.0"
"1,69 : 61.33"
"1,70 : 43.97"
"1,71 : 94.56"
"1,72 : 78.52"
"1,73 : 78.23"
"1,74 : 60.81"
"1,75 : 67.68"
"1,76 : 52.39"
"1,77 : 37.05"
"1,78 : 83.22"
"1,79 : 49.68"
"1,80 : 34.48"
"1,81 : 50.61"
"1,82 : 94.87"
"1,83 : 95.35"
"1,84 : 30.08"
"1,85 : 55.23"
"1,86 : 97.42"
"1,87 : 37.2"
"1,88 : 10.82"
"1,89 : 48.1"
"1,90 : 46.52"
"1,91 : 66.73"
"1,92 : 14.76"
"1,93 : 28.3"
"1,94 : 68.12"
"1,95 : 84.05"
"1,96 : 39.41"
"1,97 : 44.92"
"1,98 : 111.02"
"1,99 : 60.14"
"2,0 : 30.02"
"2,1 : 62.1"
"2,2 : 0.0"
"2,3 : 44.94"
"2,4 : 92.66"
"2,5 : 98.49"
"2,6 : 33.24"
"2,7 : 1.0"
"2,8 : 56.01"
"2,9 : 74.3"
"2,10 : 65.74"
"2,11 : 49.01"
"2,12 : 50.01"
"2,13 : 23.71"
"2,14 : 45.19"
"2,15 : 36.07"
"2,16 : 85.29"
"2,17 : 74.32"
"2,18 : 6.32"
"2,19 : 63.63"
"2,20 : 69.12"
"2,21 : 38.05"
"2,22 : 39.96"
"2,23 : 19.85"
"2,24 : 55.04"
"2,25 : 31.06"
"2,26 : 63.01"
"2,27 : 41.04"
"2,28 : 51.16"
"2,29 : 26.25"
"2,30 : 81.02"
"2,31 : 25.08"
"2,32 : 87.6"
"2,33 : 68.73"
"2,34 : 98.23"
"2,35 : 31.95"
"2,36 : 44.28"
"2,37 : 73.11"
"2,38 : 43.42"
"2,39 : 94.25"
"2,40 : 86.59"
"2,41 : 26.63"
"2,42 : 93.39"
"2,43 : 56.08"
"2,44 : 66.57"
"2,45 : 81.06"
"2,46 : 49.24"
"2,47 : 62.63"
"2,48 : 52.48"
"2,49 : 110.39"
"2,50 : 63.07"
"2,51 : 93.74"
"2,52 : 43.29"
"2,53 : 67.98"
"2,54 : 59.46"
"2,55 : 76.32"
"2,56 : 89.02"
"2,57 : 55.23"
"2,58 : 53.15"
"2,59 : 18.87"
"2,60 : 54.12"
"2,61 : 78.11"
"2,62 : 6.32"
"2,63 : 67.54"
"2,64 : 61.35"
"2,65 : 63.03"
"2,66 : 32.7"
"2,67 : 58.22"
"2,68 : 80.89"
"2,69 : 41.19"
"2,70 : 18.25"
"2,71 : 54.08"
"2,72 : 19.31"
"2,73 : 58.31"
"2,74 : 61.4"
"2,75 : 7.21"
"2,76 : 13.0"
"2,77 : 26.93"
"2,78 : 61.81"
"2,79 : 52.8"
"2,80 : 70.01"
"2,81 : 63.06"
"2,82 : 54.92"
"2,83 : 46.69"
"2,84 : 65.86"
"2,85 : 46.84"
"2,86 : 37.66"
"2,87 : 59.67"
"2,88 : 51.97"
"2,89 : 55.01"
"2,90 : 18.44"
"2,91 : 78.77"
"2,92 : 47.85"
"2,93 : 47.51"
"2,94 : 69.86"
"2,95 : 27.29"
"2,96 : 28.86"
"2,97 : 33.62"
"2,98 : 86.38"
"2,99 : 59.2"
"3,0 : 20.81"
"3,1 : 51.11"
"3,2 : 44.94"
"3,3 : 0.0"
"3,4 : 47.8"
"3,5 : 54.41"
"3,6 : 62.01"
"3,7 : 44.01"
"3,8 : 57.28"
"3,9 : 30.48"
"3,10 : 21.4"
"3,11 : 16.55"
"3,12 : 18.79"
"3,13 : 48.27"
"3,14 : 33.97"
"3,15 : 44.01"
"3,16 : 43.93"
"3,17 : 29.53"
"3,18 : 51.26"
"3,19 : 40.26"
"3,20 : 25.02"
"3,21 : 45.65"
"3,22 : 54.23"
"3,23 : 42.45"
"3,24 : 55.87"
"3,25 : 36.67"
"3,26 : 35.36"
"3,27 : 45.61"
"3,28 : 57.8"
"3,29 : 25.32"
"3,30 : 50.25"
"3,31 : 19.92"
"3,32 : 42.72"
"3,33 : 26.68"
"3,34 : 57.01"
"3,35 : 13.0"
"3,36 : 3.61"
"3,37 : 33.24"
"3,38 : 55.07"
"3,39 : 65.12"
"3,40 : 42.3"
"3,41 : 46.62"
"3,42 : 49.25"
"3,43 : 38.33"
"3,44 : 40.45"
"3,45 : 41.11"
"3,46 : 32.45"
"3,47 : 47.85"
"3,48 : 11.4"
"3,49 : 67.27"
"3,50 : 18.6"
"3,51 : 50.91"
"3,52 : 11.05"
"3,53 : 46.57"
"3,54 : 38.63"
"3,55 : 35.17"
"3,56 : 44.55"
"3,57 : 53.01"
"3,58 : 22.83"
"3,59 : 32.0"
"3,60 : 10.82"
"3,61 : 33.24"
"3,62 : 41.23"
"3,63 : 23.43"
"3,64 : 47.41"
"3,65 : 27.66"
"3,66 : 12.37"
"3,67 : 63.03"
"3,68 : 38.21"
"3,69 : 12.04"
"3,70 : 39.05"
"3,71 : 46.1"
"3,72 : 48.8"
"3,73 : 27.2"
"3,74 : 17.03"
"3,75 : 52.0"
"3,76 : 47.17"
"3,77 : 28.86"
"3,78 : 32.2"
"3,79 : 8.49"
"3,80 : 34.71"
"3,81 : 19.1"
"3,82 : 46.17"
"3,83 : 50.99"
"3,84 : 33.06"
"3,85 : 4.24"
"3,86 : 63.51"
"3,87 : 22.36"
"3,88 : 47.42"
"3,89 : 11.4"
"3,90 : 46.04"
"3,91 : 33.84"
"3,92 : 45.28"
"3,93 : 22.83"
"3,94 : 26.0"
"3,95 : 49.41"
"3,96 : 50.45"
"3,97 : 13.04"
"3,98 : 60.31"
"3,99 : 15.0"
"4,0 : 65.3"
"4,1 : 78.39"
"4,2 : 92.66"
"4,3 : 47.8"
"4,4 : 0.0"
"4,5 : 19.1"
"4,6 : 104.4"
"4,7 : 91.71"
"4,8 : 91.09"
"4,9 : 24.04"
"4,10 : 29.0"
"4,11 : 48.01"
"4,12 : 48.41"
"4,13 : 91.81"
"4,14 : 70.04"
"4,15 : 82.22"
"4,16 : 22.2"
"4,17 : 20.02"
"4,18 : 98.98"
"4,19 : 61.74"
"4,20 : 24.19"
"4,21 : 86.47"
"4,22 : 91.97"
"4,23 : 86.95"
"4,24 : 89.84"
"4,25 : 77.2"
"4,26 : 55.54"
"4,27 : 81.32"
"4,28 : 94.59"
"4,29 : 71.57"
"4,30 : 47.85"
"4,31 : 67.72"
"4,32 : 5.1"
"4,33 : 27.59"
"4,34 : 33.84"
"4,35 : 60.73"
"4,36 : 49.03"
"4,37 : 29.15"
"4,38 : 95.04"
"4,39 : 57.04"
"4,40 : 8.94"
"4,41 : 89.05"
"4,42 : 8.54"
"4,43 : 61.61"
"4,44 : 58.59"
"4,45 : 26.93"
"4,46 : 65.51"
"4,47 : 73.41"
"4,48 : 43.05"
"4,49 : 32.25"
"4,50 : 31.06"
"4,51 : 25.08"
"4,52 : 51.0"
"4,53 : 66.24"
"4,54 : 58.52"
"4,55 : 25.06"
"4,56 : 6.32"
"4,57 : 81.02"
"4,58 : 48.1"
"4,59 : 79.08"
"4,60 : 40.2"
"4,61 : 14.56"
"4,62 : 89.02"
"4,63 : 28.07"
"4,64 : 73.93"
"4,65 : 39.82"
"4,66 : 60.17"
"4,67 : 97.42"
"4,68 : 18.79"
"4,69 : 53.24"
"4,70 : 85.71"
"4,71 : 73.01"
"4,72 : 93.65"
"4,73 : 46.1"
"4,74 : 31.38"
"4,75 : 99.62"
"4,76 : 94.54"
"4,77 : 74.24"
"4,78 : 47.43"
"4,79 : 40.61"
"4,80 : 44.29"
"4,81 : 32.0"
"4,82 : 72.42"
"4,83 : 84.29"
"4,84 : 48.33"
"4,85 : 45.88"
"4,86 : 104.48"
"4,87 : 42.95"
"4,88 : 81.04"
"4,89 : 39.2"
"4,90 : 92.66"
"4,91 : 14.14"
"4,92 : 81.02"
"4,93 : 57.43"
"4,94 : 23.85"
"4,95 : 91.84"
"4,96 : 95.01"
"4,97 : 60.21"
"4,98 : 59.41"
"4,99 : 33.62"
"5,0 : 74.41"
"5,1 : 71.02"
"5,2 : 98.49"
"5,3 : 54.41"
"5,4 : 19.1"
"5,5 : 0.0"
"5,6 : 115.26"
"5,7 : 97.62"
"5,8 : 85.38"
"5,9 : 24.19"
"5,10 : 33.02"
"5,11 : 59.82"
"5,12 : 60.8"
"5,13 : 101.91"
"5,14 : 67.36"
"5,15 : 94.49"
"5,16 : 41.01"
"5,17 : 25.46"
"5,18 : 104.71"
"5,19 : 54.45"
"5,20 : 36.36"
"5,21 : 84.59"
"5,22 : 104.64"
"5,23 : 96.43"
"5,24 : 84.29"
"5,25 : 88.46"
"5,26 : 49.09"
"5,27 : 94.4"
"5,28 : 90.05"
"5,29 : 74.46"
"5,30 : 66.37"
"5,31 : 73.57"
"5,32 : 20.22"
"5,33 : 42.05"
"5,34 : 15.81"
"5,35 : 67.12"
"5,36 : 54.38"
"5,37 : 45.88"
"5,38 : 92.14"
"5,39 : 76.11"
"5,40 : 27.07"
"5,41 : 99.7"
"5,42 : 27.46"
"5,43 : 76.92"
"5,44 : 50.64"
"5,45 : 45.28"
"5,46 : 62.2"
"5,47 : 65.92"
"5,48 : 46.07"
"5,49 : 14.32"
"5,50 : 35.81"
"5,51 : 8.94"
"5,52 : 60.81"
"5,53 : 57.49"
"5,54 : 74.32"
"5,55 : 42.2"
"5,56 : 25.0"
"5,57 : 96.18"
"5,58 : 61.59"
"5,59 : 82.46"
"5,60 : 44.42"
"5,61 : 25.94"
"5,62 : 93.91"
"5,63 : 31.06"
"5,64 : 66.75"
"5,65 : 55.04"
"5,66 : 66.04"
"5,67 : 91.55"
"5,68 : 36.5"
"5,69 : 62.94"
"5,70 : 88.26"
"5,71 : 88.12"
"5,72 : 102.94"
"5,73 : 60.83"
"5,74 : 41.11"
"5,75 : 105.68"
"5,76 : 97.86"
"5,77 : 76.22"
"5,78 : 63.16"
"5,79 : 46.04"
"5,80 : 37.05"
"5,81 : 35.51"
"5,82 : 87.66"
"5,83 : 98.18"
"5,84 : 42.01"
"5,85 : 53.91"
"5,86 : 116.04"
"5,87 : 41.23"
"5,88 : 76.06"
"5,89 : 43.57"
"5,90 : 94.87"
"5,91 : 24.19"
"5,92 : 77.01"
"5,93 : 56.29"
"5,94 : 36.72"
"5,95 : 102.53"
"5,96 : 95.13"
"5,97 : 64.88"
"5,98 : 78.16"
"5,99 : 43.19"
"6,0 : 41.23"
"6,1 : 93.77"
"6,2 : 33.24"
"6,3 : 62.01"
"6,4 : 104.4"
"6,5 : 115.26"
"6,6 : 0.0"
"6,7 : 33.14"
"6,8 : 89.05"
"6,9 : 92.1"
"6,10 : 82.88"
"6,11 : 56.4"
"6,12 : 56.04"
"6,13 : 13.89"
"6,14 : 75.5"
"6,15 : 23.41"
"6,16 : 90.34"
"6,17 : 89.81"
"6,18 : 32.57"
"6,19 : 92.35"
"6,20 : 80.43"
"6,21 : 71.03"
"6,22 : 17.03"
"6,23 : 20.12"
"6,24 : 88.02"
"6,25 : 27.2"
"6,26 : 90.25"
"6,27 : 26.48"
"6,28 : 84.38"
"6,29 : 54.57"
"6,30 : 76.49"
"6,31 : 47.01"
"6,32 : 99.81"
"6,33 : 77.1"
"6,34 : 119.02"
"6,35 : 51.11"
"6,36 : 63.25"
"6,37 : 78.29"
"6,38 : 76.66"
"6,39 : 86.15"
"6,40 : 96.52"
"6,41 : 15.56"
"6,42 : 102.4"
"6,43 : 49.48"
"6,44 : 94.58"
"6,45 : 85.0"
"6,46 : 78.59"
"6,47 : 93.56"
"6,48 : 72.67"
"6,49 : 128.76"
"6,50 : 80.06"
"6,51 : 112.7"
"6,52 : 54.45"
"6,53 : 97.53"
"6,54 : 53.6"
"6,55 : 82.37"
"6,56 : 99.3"
"6,57 : 37.22"
"6,58 : 56.94"
"6,59 : 49.37"
"6,60 : 72.8"
"6,61 : 90.91"
"6,62 : 39.05"
"6,63 : 85.04"
"6,64 : 92.4"
"6,65 : 66.65"
"6,66 : 52.84"
"6,67 : 91.44"
"6,68 : 88.32"
"6,69 : 52.33"
"6,70 : 51.01"
"6,71 : 41.11"
"6,72 : 15.3"
"6,73 : 60.37"
"6,74 : 74.33"
"6,75 : 30.68"
"6,76 : 45.89"
"6,77 : 56.89"
"6,78 : 61.47"
"6,79 : 70.43"
"6,80 : 94.41"
"6,81 : 80.92"
"6,82 : 42.11"
"6,83 : 28.02"
"6,84 : 91.24"
"6,85 : 61.62"
"6,86 : 5.0"
"6,87 : 82.49"
"6,88 : 84.21"
"6,89 : 73.41"
"6,90 : 51.62"
"6,91 : 92.2"
"6,92 : 80.16"
"6,93 : 74.09"
"6,94 : 80.6"
"6,95 : 12.73"
"6,96 : 61.98"
"6,97 : 55.9"
"6,98 : 77.06"
"6,99 : 72.18"
"7,0 : 29.02"
"7,1 : 61.85"
"7,2 : 1.0"
"7,3 : 44.01"
"7,4 : 91.71"
"7,5 : 97.62"
"7,6 : 33.14"
"7,7 : 0.0"
"7,8 : 56.0"
"7,9 : 73.43"
"7,10 : 64.85"
"7,11 : 48.01"
"7,12 : 49.01"
"7,13 : 23.26"
"7,14 : 44.78"
"7,15 : 35.36"
"7,16 : 84.29"
"7,17 : 73.41"
"7,18 : 7.28"
"7,19 : 63.13"
"7,20 : 68.15"
"7,21 : 38.01"
"7,22 : 39.45"
"7,23 : 19.21"
"7,24 : 55.01"
"7,25 : 30.23"
"7,26 : 62.43"
"7,27 : 40.31"
"7,28 : 51.24"
"7,29 : 25.61"
"7,30 : 80.05"
"7,31 : 24.17"
"7,32 : 86.65"
"7,33 : 67.74"
"7,34 : 97.45"
"7,35 : 31.02"
"7,36 : 43.38"
"7,37 : 72.11"
"7,38 : 43.57"
"7,39 : 93.3"
"7,40 : 85.62"
"7,41 : 26.08"
"7,42 : 92.42"
"7,43 : 55.15"
"7,44 : 66.04"
"7,45 : 80.06"
"7,46 : 48.76"
"7,47 : 62.3"
"7,48 : 51.62"
"7,49 : 109.55"
"7,50 : 62.17"
"7,51 : 92.91"
"7,52 : 42.3"
"7,53 : 67.54"
"7,54 : 58.52"
"7,55 : 75.33"
"7,56 : 88.06"
"7,57 : 54.49"
"7,58 : 52.15"
"7,59 : 18.36"
"7,60 : 53.24"
"7,61 : 77.16"
"7,62 : 6.08"
"7,63 : 66.65"
"7,64 : 61.03"
"7,65 : 62.03"
"7,66 : 31.78"
"7,67 : 58.31"
"7,68 : 79.91"
"7,69 : 40.2"
"7,70 : 18.11"
"7,71 : 53.25"
"7,72 : 18.97"
"7,73 : 57.31"
"7,74 : 60.44"
"7,75 : 8.06"
"7,76 : 13.42"
"7,77 : 26.42"
"7,78 : 60.83"
"7,79 : 51.89"
"7,80 : 69.31"
"7,81 : 62.18"
"7,82 : 54.08"
"7,83 : 46.01"
"7,84 : 65.19"
"7,85 : 45.88"
"7,86 : 37.48"
"7,87 : 58.9"
"7,88 : 51.79"
"7,89 : 54.12"
"7,90 : 18.68"
"7,91 : 77.83"
"7,92 : 47.68"
"7,93 : 46.86"
"7,94 : 68.88"
"7,95 : 26.83"
"7,96 : 29.12"
"7,97 : 32.76"
"7,98 : 85.44"
"7,99 : 58.24"
"8,0 : 63.95"
"8,1 : 15.52"
"8,2 : 56.01"
"8,3 : 57.28"
"8,4 : 91.09"
"8,5 : 85.38"
"8,6 : 89.05"
"8,7 : 56.0"
"8,8 : 0.0"
"8,9 : 67.05"
"8,10 : 63.98"
"8,11 : 73.0"
"8,12 : 75.17"
"8,13 : 77.65"
"8,14 : 23.43"
"8,15 : 84.77"
"8,16 : 97.25"
"8,17 : 71.87"
"8,18 : 58.42"
"8,19 : 31.02"
"8,20 : 76.66"
"8,21 : 18.03"
"8,22 : 92.2"
"8,23 : 72.01"
"8,24 : 1.41"
"8,25 : 77.16"
"8,26 : 36.35"
"8,27 : 88.87"
"8,28 : 7.07"
"8,29 : 39.4"
"8,30 : 107.52"
"8,31 : 50.99"
"8,32 : 86.65"
"8,33 : 81.27"
"8,34 : 76.16"
"8,35 : 53.54"
"8,36 : 53.76"
"8,37 : 88.81"
"8,38 : 14.76"
"8,39 : 122.38"
"8,40 : 90.08"
"8,41 : 79.25"
"8,42 : 96.57"
"8,43 : 92.36"
"8,44 : 35.0"
"8,45 : 95.96"
"8,46 : 26.42"
"8,47 : 20.22"
"8,48 : 52.7"
"8,49 : 91.14"
"8,50 : 63.06"
"8,51 : 77.1"
"8,52 : 66.07"
"8,53 : 29.43"
"8,54 : 93.81"
"8,55 : 89.59"
"8,56 : 91.18"
"8,57 : 101.24"
"8,58 : 79.4"
"8,59 : 41.0"
"8,60 : 56.3"
"8,61 : 79.31"
"8,62 : 50.01"
"8,63 : 64.08"
"8,64 : 19.1"
"8,65 : 84.9"
"8,66 : 51.87"
"8,67 : 6.32"
"8,68 : 90.43"
"8,69 : 65.6"
"8,70 : 38.05"
"8,71 : 96.6"
"8,72 : 74.24"
"8,73 : 84.22"
"8,74 : 69.89"
"8,75 : 60.41"
"8,76 : 44.41"
"8,77 : 35.47"
"8,78 : 89.2"
"8,79 : 58.01"
"8,80 : 48.37"
"8,81 : 61.27"
"8,82 : 97.06"
"8,83 : 95.19"
"8,84 : 43.57"
"8,85 : 61.52"
"8,86 : 93.19"
"8,87 : 48.47"
"8,88 : 10.3"
"8,89 : 57.14"
"8,90 : 38.33"
"8,91 : 78.55"
"8,92 : 12.04"
"8,93 : 36.06"
"8,94 : 78.03"
"8,95 : 80.89"
"8,96 : 29.12"
"8,97 : 48.01"
"8,98 : 117.46"
"8,99 : 68.82"
"9,0 : 50.93"
"9,1 : 54.56"
"9,2 : 74.3"
"9,3 : 30.48"
"9,4 : 24.04"
"9,5 : 24.19"
"9,6 : 92.1"
"9,7 : 73.43"
"9,8 : 67.05"
"9,9 : 0.0"
"9,10 : 9.22"
"9,11 : 38.48"
"9,12 : 39.92"
"9,13 : 78.52"
"9,14 : 46.27"
"9,15 : 72.4"
"9,16 : 35.23"
"9,17 : 6.71"
"9,18 : 80.53"
"9,19 : 38.08"
"9,20 : 19.1"
"9,21 : 63.03"
"9,22 : 82.68"
"9,23 : 72.84"
"9,24 : 65.8"
"9,25 : 65.8"
"9,26 : 31.76"
"9,27 : 72.95"
"9,28 : 70.61"
"9,29 : 50.6"
"9,30 : 55.79"
"9,31 : 49.4"
"9,32 : 19.7"
"9,33 : 26.17"
"9,34 : 27.73"
"9,35 : 43.01"
"9,36 : 30.23"
"9,37 : 32.98"
"9,38 : 71.34"
"9,39 : 68.71"
"9,40 : 24.21"
"9,41 : 76.58"
"9,42 : 30.02"
"9,43 : 58.46"
"9,44 : 35.23"
"9,45 : 36.67"
"9,46 : 41.59"
"9,47 : 49.65"
"9,48 : 21.93"
"9,49 : 36.8"
"9,50 : 12.04"
"9,51 : 20.62"
"9,52 : 38.01"
"9,53 : 43.01"
"9,54 : 56.72"
"9,55 : 31.02"
"9,56 : 24.7"
"9,57 : 76.84"
"9,58 : 41.76"
"9,59 : 58.52"
"9,60 : 20.25"
"9,61 : 14.21"
"9,62 : 69.78"
"9,63 : 7.07"
"9,64 : 50.09"
"9,65 : 38.05"
"9,66 : 41.88"
"9,67 : 73.38"
"9,68 : 28.3"
"9,69 : 40.0"
"9,70 : 64.56"
"9,71 : 68.96"
"9,72 : 79.25"
"9,73 : 42.58"
"9,74 : 19.92"
"9,75 : 81.49"
"9,76 : 74.0"
"9,77 : 52.63"
"9,78 : 46.17"
"9,79 : 22.02"
"9,80 : 21.26"
"9,81 : 11.4"
"9,82 : 68.68"
"9,83 : 77.39"
"9,84 : 24.7"
"9,85 : 30.48"
"9,86 : 93.24"
"9,87 : 19.1"
"9,88 : 57.01"
"9,89 : 19.42"
"9,90 : 71.31"
"9,91 : 12.73"
"9,92 : 57.07"
"9,93 : 34.0"
"9,94 : 20.22"
"9,95 : 79.4"
"9,96 : 72.44"
"9,97 : 40.71"
"9,98 : 67.91"
"9,99 : 21.54"
"10,0 : 41.73"
"10,1 : 53.01"
"10,2 : 65.74"
"10,3 : 21.4"
"10,4 : 29.0"
"10,5 : 33.02"
"10,6 : 82.88"
"10,7 : 64.85"
"10,8 : 63.98"
"10,9 : 9.22"
"10,10 : 0.0"
"10,11 : 29.73"
"10,12 : 31.32"
"10,13 : 69.31"
"10,14 : 41.76"
"10,15 : 63.29"
"10,16 : 34.06"
"10,17 : 9.06"
"10,18 : 72.01"
"10,19 : 37.48"
"10,20 : 14.42"
"10,21 : 57.71"
"10,22 : 73.57"
"10,23 : 63.66"
"10,24 : 62.65"
"10,25 : 56.61"
"10,26 : 31.11"
"10,27 : 63.95"
"10,28 : 66.73"
"10,29 : 42.95"
"10,30 : 51.08"
"10,31 : 40.71"
"10,32 : 24.02"
"10,33 : 21.02"
"10,34 : 36.72"
"10,35 : 34.13"
"10,36 : 21.47"
"10,37 : 28.65"
"10,38 : 66.49"
"10,39 : 64.88"
"10,40 : 26.25"
"10,41 : 67.36"
"10,42 : 32.98"
"10,43 : 50.49"
"10,44 : 35.47"
"10,45 : 34.06"
"10,46 : 37.7"
"10,47 : 48.41"
"10,48 : 14.14"
"10,49 : 45.97"
"10,50 : 2.83"
"10,51 : 29.83"
"10,52 : 28.84"
"10,53 : 43.19"
"10,54 : 49.09"
"10,55 : 27.8"
"10,56 : 27.66"
"10,57 : 68.41"
"10,58 : 33.54"
"10,59 : 50.7"
"10,60 : 11.7"
"10,61 : 15.52"
"10,62 : 61.47"
"10,63 : 2.24"
"10,64 : 48.6"
"10,65 : 31.26"
"10,66 : 33.12"
"10,67 : 70.26"
"10,68 : 27.02"
"10,69 : 30.81"
"10,70 : 57.07"
"10,71 : 60.64"
"10,72 : 70.09"
"10,73 : 35.01"
"10,74 : 12.0"
"10,75 : 72.9"
"10,76 : 66.22"
"10,77 : 45.4"
"10,78 : 39.05"
"10,79 : 13.04"
"10,80 : 23.26"
"10,81 : 3.0"
"10,82 : 60.42"
"10,83 : 68.54"
"10,84 : 25.0"
"10,85 : 21.26"
"10,86 : 84.02"
"10,87 : 15.81"
"10,88 : 53.71"
"10,89 : 10.77"
"10,90 : 63.95"
"10,91 : 15.13"
"10,92 : 53.14"
"10,93 : 28.86"
"10,94 : 15.81"
"10,95 : 70.18"
"10,96 : 66.01"
"10,97 : 32.31"
"10,98 : 62.97"
"10,99 : 13.15"
"11,0 : 19.1"
"11,1 : 67.6"
"11,2 : 49.01"
"11,3 : 16.55"
"11,4 : 48.01"
"11,5 : 59.82"
"11,6 : 56.4"
"11,7 : 48.01"
"11,8 : 73.0"
"11,9 : 38.48"
"11,10 : 29.73"
"11,11 : 0.0"
"11,12 : 2.24"
"11,13 : 43.91"
"11,14 : 50.0"
"11,15 : 34.71"
"11,16 : 36.5"
"11,17 : 34.67"
"11,18 : 55.08"
"11,19 : 56.61"
"11,20 : 24.08"
"11,21 : 59.82"
"11,22 : 44.82"
"11,23 : 39.4"
"11,24 : 71.59"
"11,25 : 29.21"
"11,26 : 51.42"
"11,27 : 34.67"
"11,28 : 72.86"
"11,29 : 37.22"
"11,30 : 35.51"
"11,31 : 27.51"
"11,32 : 43.42"
"11,33 : 21.02"
"11,34 : 66.21"
"11,35 : 21.47"
"11,36 : 20.12"
"11,37 : 24.19"
"11,38 : 69.2"
"11,39 : 50.22"
"11,40 : 40.31"
"11,41 : 41.05"
"11,42 : 46.52"
"11,43 : 22.2"
"11,44 : 56.52"
"11,45 : 32.06"
"11,46 : 48.88"
"11,47 : 64.4"
"11,48 : 26.31"
"11,49 : 73.82"
"11,50 : 27.2"
"11,51 : 58.67"
"11,52 : 7.21"
"11,53 : 62.94"
"11,54 : 22.14"
"11,55 : 27.66"
"11,56 : 43.05"
"11,57 : 38.83"
"11,58 : 6.4"
"11,59 : 41.79"
"11,60 : 24.02"
"11,61 : 34.66"
"11,62 : 47.27"
"11,63 : 31.95"
"11,64 : 63.95"
"11,65 : 14.32"
"11,66 : 22.47"
"11,67 : 78.52"
"11,68 : 32.89"
"11,69 : 8.54"
"11,70 : 49.04"
"11,71 : 31.26"
"11,72 : 46.1"
"11,73 : 11.4"
"11,74 : 18.87"
"11,75 : 55.23"
"11,76 : 55.11"
"11,77 : 41.34"
"11,78 : 16.28"
"11,79 : 21.02"
"11,80 : 49.0"
"11,81 : 28.86"
"11,82 : 31.14"
"11,83 : 38.91"
"11,84 : 48.26"
"11,85 : 12.65"
"11,86 : 56.64"
"11,87 : 37.12"
"11,88 : 63.41"
"11,89 : 24.0"
"11,90 : 55.66"
"11,91 : 36.07"
"11,92 : 60.96"
"11,93 : 39.36"
"11,94 : 24.21"
"11,95 : 43.83"
"11,96 : 62.17"
"11,97 : 25.61"
"11,98 : 44.55"
"11,99 : 17.0"
"12,0 : 20.0"
"12,1 : 69.84"
"12,2 : 50.01"
"12,3 : 18.79"
"12,4 : 48.41"
"12,5 : 60.8"
"12,6 : 56.04"
"12,7 : 49.01"
"12,8 : 75.17"
"12,9 : 39.92"
"12,10 : 31.32"
"12,11 : 2.24"
"12,12 : 0.0"
"12,13 : 43.83"
"12,14 : 52.2"
"12,15 : 33.94"
"12,16 : 35.9"
"12,17 : 35.85"
"12,18 : 56.01"
"12,19 : 58.82"
"12,20 : 24.76"
"12,21 : 61.85"
"12,22 : 43.93"
"12,23 : 39.56"
"12,24 : 73.76"
"12,25 : 28.84"
"12,26 : 53.6"
"12,27 : 33.6"
"12,28 : 74.97"
"12,29 : 39.12"
"12,30 : 33.62"
"12,31 : 29.15"
"12,32 : 43.93"
"12,33 : 21.1"
"12,34 : 67.62"
"12,35 : 23.32"
"12,36 : 22.36"
"12,37 : 23.54"
"12,38 : 71.22"
"12,39 : 48.26"
"12,40 : 40.5"
"12,41 : 40.82"
"12,42 : 46.53"
"12,43 : 20.1"
"12,44 : 58.69"
"12,45 : 31.26"
"12,46 : 51.11"
"12,47 : 66.64"
"12,48 : 28.44"
"12,49 : 74.89"
"12,50 : 28.86"
"12,51 : 59.94"
"12,52 : 9.22"
"12,53 : 65.15"
"12,54 : 19.92"
"12,55 : 27.2"
"12,56 : 43.27"
"12,57 : 37.11"
"12,58 : 4.24"
"12,59 : 43.46"
"12,60 : 26.08"
"12,61 : 35.38"
"12,62 : 48.51"
"12,63 : 33.53"
"12,64 : 66.19"
"12,65 : 13.04"
"12,66 : 24.41"
"12,67 : 80.66"
"12,68 : 32.7"
"12,69 : 10.3"
"12,70 : 50.7"
"12,71 : 29.43"
"12,72 : 46.24"
"12,73 : 9.43"
"12,74 : 20.12"
"12,75 : 56.08"
"12,76 : 56.52"
"12,77 : 43.27"
"12,78 : 14.21"
"12,79 : 23.09"
"12,80 : 51.01"
"12,81 : 30.59"
"12,82 : 29.27"
"12,83 : 37.59"
"12,84 : 50.36"
"12,85 : 14.87"
"12,86 : 56.08"
"12,87 : 39.2"
"12,88 : 65.6"
"12,89 : 26.02"
"12,90 : 57.25"
"12,91 : 36.88"
"12,92 : 63.13"
"12,93 : 41.59"
"12,94 : 24.76"
"12,95 : 43.57"
"12,96 : 63.95"
"12,97 : 27.66"
"12,98 : 42.45"
"12,99 : 18.38"
"13,0 : 27.59"
"13,1 : 81.15"
"13,2 : 23.71"
"13,3 : 48.27"
"13,4 : 91.81"
"13,5 : 101.91"
"13,6 : 13.89"
"13,7 : 23.26"
"13,8 : 77.65"
"13,9 : 78.52"
"13,10 : 69.31"
"13,11 : 43.91"
"13,12 : 43.83"
"13,13 : 0.0"
"13,14 : 62.51"
"13,15 : 15.52"
"13,16 : 79.12"
"13,17 : 76.49"
"13,18 : 25.5"
"13,19 : 78.85"
"13,20 : 67.68"
"13,21 : 59.68"
"13,22 : 16.4"
"13,23 : 6.32"
"13,24 : 76.53"
"13,25 : 15.52"
"13,26 : 76.55"
"13,27 : 20.25"
"13,28 : 73.55"
"13,29 : 41.44"
"13,30 : 68.07"
"13,31 : 33.24"
"13,32 : 87.09"
"13,33 : 64.88"
"13,34 : 105.26"
"13,35 : 37.22"
"13,36 : 49.41"
"13,37 : 66.85"
"13,38 : 66.22"
"13,39 : 79.31"
"13,40 : 84.22"
"13,41 : 4.12"
"13,42 : 90.35"
"13,43 : 41.0"
"13,44 : 80.96"
"13,45 : 74.0"
"13,46 : 65.31"
"13,47 : 80.62"
"13,48 : 58.82"
"13,49 : 115.26"
"13,50 : 66.48"
"13,51 : 99.09"
"13,52 : 41.23"
"13,53 : 84.17"
"13,54 : 45.01"
"13,55 : 70.77"
"13,56 : 86.95"
"13,57 : 34.0"
"13,58 : 45.31"
"13,59 : 37.01"
"13,60 : 59.03"
"13,61 : 78.01"
"13,62 : 28.46"
"13,63 : 71.45"
"13,64 : 79.51"
"13,65 : 55.36"
"13,66 : 38.95"
"13,67 : 80.6"
"13,68 : 76.49"
"13,69 : 39.05"
"13,70 : 39.81"
"13,71 : 35.17"
"13,72 : 5.0"
"13,73 : 49.34"
"13,74 : 61.22"
"13,75 : 24.04"
"13,76 : 36.67"
"13,77 : 44.1"
"13,78 : 51.2"
"13,79 : 56.73"
"13,80 : 80.53"
"13,81 : 67.27"
"13,82 : 36.14"
"13,83 : 24.7"
"13,84 : 77.39"
"13,85 : 48.08"
"13,86 : 16.49"
"13,87 : 68.6"
"13,88 : 72.01"
"13,89 : 59.67"
"13,90 : 41.79"
"13,91 : 79.2"
"13,92 : 68.03"
"13,93 : 60.41"
"13,94 : 67.96"
"13,95 : 3.61"
"13,96 : 52.2"
"13,97 : 42.05"
"13,98 : 70.58"
"13,99 : 59.03"
"14,0 : 43.42"
"14,1 : 19.24"
"14,2 : 45.19"
"14,3 : 33.97"
"14,4 : 70.04"
"14,5 : 67.36"
"14,6 : 75.5"
"14,7 : 44.78"
"14,8 : 23.43"
"14,9 : 46.27"
"14,10 : 41.76"
"14,11 : 50.0"
"14,12 : 52.2"
"14,13 : 62.51"
"14,14 : 0.0"
"14,15 : 66.37"
"14,16 : 74.24"
"14,17 : 50.22"
"14,18 : 49.74"
"14,19 : 19.1"
"14,20 : 53.67"
"14,21 : 17.26"
"14,22 : 75.03"
"14,23 : 56.32"
"14,24 : 22.02"
"14,25 : 58.42"
"14,26 : 20.59"
"14,27 : 69.87"
"14,28 : 25.08"
"14,29 : 21.1"
"14,30 : 84.15"
"14,31 : 31.26"
"14,32 : 65.31"
"14,33 : 57.98"
"14,34 : 61.35"
"14,35 : 31.95"
"14,36 : 30.41"
"14,37 : 65.46"
"14,38 : 25.08"
"14,39 : 99.01"
"14,40 : 68.01"
"14,41 : 63.13"
"14,42 : 74.73"
"14,43 : 70.24"
"14,44 : 22.67"
"14,45 : 72.72"
"14,46 : 5.39"
"14,47 : 18.11"
"14,48 : 29.53"
"14,49 : 75.69"
"14,50 : 40.5"
"14,51 : 60.02"
"14,52 : 43.27"
"14,53 : 22.83"
"14,54 : 71.34"
"14,55 : 66.37"
"14,56 : 69.38"
"14,57 : 81.04"
"14,58 : 56.4"
"14,59 : 26.57"
"14,60 : 33.12"
"14,61 : 57.28"
"14,62 : 38.91"
"14,63 : 42.2"
"14,64 : 17.03"
"14,65 : 61.52"
"14,66 : 30.08"
"14,67 : 29.41"
"14,68 : 67.54"
"14,69 : 43.05"
"14,70 : 28.02"
"14,71 : 75.61"
"14,72 : 60.21"
"14,73 : 61.07"
"14,74 : 46.65"
"14,75 : 51.48"
"14,76 : 37.64"
"14,77 : 18.68"
"14,78 : 66.07"
"14,79 : 34.67"
"14,80 : 31.32"
"14,81 : 38.9"
"14,82 : 75.96"
"14,83 : 76.12"
"14,84 : 26.25"
"14,85 : 38.21"
"14,86 : 78.92"
"14,87 : 27.17"
"14,88 : 13.45"
"14,89 : 34.0"
"14,90 : 32.53"
"14,91 : 56.75"
"14,92 : 11.66"
"14,93 : 13.0"
"14,94 : 55.01"
"14,95 : 65.28"
"14,96 : 29.07"
"14,97 : 26.0"
"14,98 : 94.26"
"14,99 : 45.49"
"15,0 : 24.33"
"15,1 : 85.59"
"15,2 : 36.07"
"15,3 : 44.01"
"15,4 : 82.22"
"15,5 : 94.49"
"15,6 : 23.41"
"15,7 : 35.36"
"15,8 : 84.77"
"15,9 : 72.4"
"15,10 : 63.29"
"15,11 : 34.71"
"15,12 : 33.94"
"15,13 : 15.52"
"15,14 : 66.37"
"15,15 : 0.0"
"15,16 : 67.12"
"15,17 : 69.2"
"15,18 : 39.41"
"15,19 : 80.22"
"15,20 : 58.69"
"15,21 : 67.42"
"15,22 : 10.3"
"15,23 : 16.4"
"15,24 : 83.52"
"15,25 : 8.0"
"15,26 : 76.79"
"15,27 : 5.0"
"15,28 : 81.71"
"15,29 : 45.89"
"15,30 : 53.46"
"15,31 : 35.13"
"15,32 : 77.83"
"15,33 : 54.67"
"15,34 : 99.98"
"15,35 : 36.22"
"15,36 : 46.17"
"15,37 : 55.23"
"15,38 : 75.15"
"15,39 : 64.07"
"15,40 : 74.03"
"15,41 : 11.4"
"15,42 : 79.63"
"15,43 : 26.31"
"15,44 : 81.61"
"15,45 : 61.72"
"15,46 : 68.03"
"15,47 : 84.15"
"15,48 : 55.36"
"15,49 : 108.41"
"15,50 : 60.54"
"15,51 : 92.91"
"15,52 : 34.48"
"15,53 : 86.09"
"15,54 : 30.41"
"15,55 : 59.36"
"15,56 : 76.84"
"15,57 : 19.21"
"15,58 : 34.21"
"15,59 : 44.01"
"15,60 : 54.63"
"15,61 : 69.31"
"15,62 : 39.2"
"15,63 : 65.51"
"15,64 : 83.22"
"15,65 : 43.57"
"15,66 : 38.21"
"15,67 : 88.6"
"15,68 : 65.46"
"15,69 : 32.65"
"15,70 : 48.76"
"15,71 : 19.65"
"15,72 : 20.25"
"15,73 : 37.22"
"15,74 : 53.41"
"15,75 : 38.28"
"15,76 : 48.27"
"15,77 : 49.48"
"15,78 : 38.08"
"15,79 : 51.89"
"15,80 : 78.45"
"15,81 : 61.77"
"15,82 : 20.62"
"15,83 : 10.82"
"15,84 : 76.16"
"15,85 : 42.49"
"15,86 : 22.47"
"15,87 : 66.1"
"15,88 : 77.67"
"15,89 : 55.04"
"15,90 : 52.43"
"15,91 : 70.77"
"15,92 : 73.98"
"15,93 : 61.2"
"15,94 : 58.69"
"15,95 : 13.04"
"15,96 : 62.43"
"15,97 : 42.11"
"15,98 : 55.23"
"15,99 : 51.4"
"16,0 : 55.58"
"16,1 : 87.01"
"16,2 : 85.29"
"16,3 : 43.93"
"16,4 : 22.2"
"16,5 : 41.01"
"16,6 : 90.34"
"16,7 : 84.29"
"16,8 : 97.25"
"16,9 : 35.23"
"16,10 : 34.06"
"16,11 : 36.5"
"16,12 : 35.9"
"16,13 : 79.12"
"16,14 : 74.24"
"16,15 : 67.12"
"16,16 : 0.0"
"16,17 : 28.6"
"16,18 : 91.44"
"16,19 : 71.51"
"16,20 : 20.59"
"16,21 : 88.6"
"16,22 : 76.01"
"16,23 : 75.29"
"16,24 : 95.88"
"16,25 : 63.69"
"16,26 : 65.12"
"16,27 : 65.19"
"16,28 : 99.28"
"16,29 : 69.23"
"16,30 : 25.71"
"16,31 : 62.07"
"16,32 : 21.1"
"16,33 : 17.26"
"16,34 : 54.59"
"16,35 : 55.15"
"16,36 : 46.57"
"16,37 : 12.37"
"16,38 : 97.86"
"16,39 : 35.36"
"16,40 : 14.04"
"16,41 : 75.77"
"16,42 : 15.23"
"16,43 : 43.28"
"16,44 : 69.3"
"16,45 : 5.66"
"16,46 : 70.83"
"16,47 : 82.46"
"16,48 : 44.72"
"16,49 : 54.45"
"16,50 : 34.41"
"16,51 : 45.54"
"16,52 : 42.05"
"16,53 : 77.08"
"16,54 : 39.62"
"16,55 : 9.0"
"16,56 : 16.03"
"16,57 : 62.23"
"16,58 : 33.84"
"16,59 : 75.54"
"16,60 : 41.15"
"16,61 : 21.1"
"16,62 : 83.01"
"16,63 : 34.66"
"16,64 : 82.62"
"16,65 : 23.77"
"16,66 : 55.33"
"16,67 : 103.45"
"16,68 : 7.07"
"16,69 : 44.1"
"16,70 : 82.73"
"16,71 : 54.49"
"16,72 : 81.91"
"16,73 : 29.97"
"16,74 : 27.86"
"16,75 : 91.66"
"16,76 : 90.14"
"16,77 : 72.78"
"16,78 : 29.41"
"16,79 : 39.92"
"16,80 : 56.08"
"16,81 : 36.4"
"16,82 : 53.76"
"16,83 : 67.01"
"16,84 : 58.69"
"16,85 : 40.45"
"16,86 : 89.55"
"16,87 : 49.82"
"16,88 : 86.95"
"16,89 : 40.25"
"16,90 : 89.68"
"16,91 : 22.83"
"16,92 : 85.88"
"16,93 : 61.29"
"16,94 : 19.24"
"16,95 : 78.39"
"16,96 : 94.37"
"16,97 : 56.89"
"16,98 : 37.22"
"16,99 : 29.41"
"17,0 : 49.04"
"17,1 : 60.03"
"17,2 : 74.32"
"17,3 : 29.53"
"17,4 : 20.02"
"17,5 : 25.46"
"17,6 : 89.81"
"17,7 : 73.41"
"17,8 : 71.87"
"17,9 : 6.71"
"17,10 : 9.06"
"17,11 : 34.67"
"17,12 : 35.85"
"17,13 : 76.49"
"17,14 : 50.22"
"17,15 : 69.2"
"17,16 : 28.6"
"17,17 : 0.0"
"17,18 : 80.62"
"17,19 : 43.83"
"17,20 : 13.04"
"17,21 : 66.48"
"17,22 : 79.4"
"17,23 : 71.06"
"17,24 : 70.58"
"17,25 : 63.03"
"17,26 : 37.44"
"17,27 : 69.34"
"17,28 : 75.0"
"17,29 : 51.97"
"17,30 : 49.24"
"17,31 : 49.24"
"17,32 : 15.13"
"17,33 : 20.0"
"17,34 : 32.28"
"17,35 : 42.49"
"17,36 : 30.08"
"17,37 : 26.48"
"17,38 : 75.13"
"17,39 : 62.03"
"17,40 : 18.36"
"17,41 : 74.25"
"17,42 : 24.7"
"17,43 : 53.45"
"17,44 : 41.23"
"17,45 : 29.97"
"17,46 : 45.88"
"17,47 : 55.23"
"17,48 : 23.19"
"17,49 : 39.2"
"17,50 : 11.4"
"17,51 : 24.17"
"17,52 : 35.36"
"17,53 : 49.04"
"17,54 : 51.42"
"17,55 : 24.35"
"17,56 : 19.31"
"17,57 : 72.24"
"17,58 : 37.16"
"17,59 : 59.67"
"17,60 : 20.62"
"17,61 : 7.81"
"17,62 : 70.23"
"17,63 : 8.06"
"17,64 : 55.57"
"17,65 : 32.39"
"17,66 : 41.63"
"17,67 : 78.19"
"17,68 : 21.63"
"17,69 : 37.48"
"17,70 : 66.1"
"17,71 : 64.26"
"17,72 : 77.62"
"17,73 : 37.36"
"17,74 : 15.81"
"17,75 : 81.44"
"17,76 : 75.19"
"17,77 : 54.45"
"17,78 : 40.61"
"17,79 : 21.54"
"17,80 : 27.59"
"17,81 : 12.04"
"17,82 : 63.91"
"17,83 : 73.43"
"17,84 : 30.61"
"17,85 : 28.6"
"17,86 : 90.61"
"17,87 : 23.41"
"17,88 : 61.68"
"17,89 : 19.65"
"17,90 : 72.99"
"17,91 : 6.71"
"17,92 : 61.4"
"17,93 : 37.48"
"17,94 : 14.0"
"17,95 : 77.08"
"17,96 : 75.03"
"17,97 : 41.11"
"17,98 : 61.39"
"17,99 : 17.8"
"18,0 : 36.01"
"18,1 : 65.79"
"18,2 : 6.32"
"18,3 : 51.26"
"18,4 : 98.98"
"18,5 : 104.71"
"18,6 : 32.57"
"18,7 : 7.28"
"18,8 : 58.42"
"18,9 : 80.53"
"18,10 : 72.01"
"18,11 : 55.08"
"18,12 : 56.01"
"18,13 : 25.5"
"18,14 : 49.74"
"18,15 : 39.41"
"18,16 : 91.44"
"18,17 : 80.62"
"18,18 : 0.0"
"18,19 : 68.51"
"18,20 : 75.43"
"18,21 : 40.79"
"18,22 : 41.87"
"18,23 : 23.02"
"18,24 : 57.56"
"18,25 : 35.34"
"18,26 : 68.25"
"18,27 : 44.41"
"18,28 : 53.04"
"18,29 : 31.83"
"18,30 : 86.49"
"18,31 : 31.38"
"18,32 : 93.92"
"18,33 : 74.97"
"18,34 : 104.2"
"18,35 : 38.28"
"18,36 : 50.57"
"18,37 : 79.23"
"18,38 : 45.0"
"18,39 : 99.46"
"18,40 : 92.89"
"18,41 : 29.0"
"18,42 : 99.69"
"18,43 : 61.03"
"18,44 : 71.61"
"18,45 : 87.14"
"18,46 : 54.08"
"18,47 : 66.71"
"18,48 : 58.67"
"18,49 : 116.5"
"18,50 : 69.35"
"18,51 : 99.86"
"18,52 : 49.5"
"18,53 : 72.56"
"18,54 : 64.56"
"18,55 : 82.49"
"18,56 : 95.34"
"18,57 : 58.6"
"18,58 : 59.03"
"18,59 : 24.08"
"18,60 : 60.37"
"18,61 : 84.43"
"18,62 : 11.31"
"18,63 : 73.79"
"18,64 : 65.39"
"18,65 : 69.0"
"18,66 : 39.0"
"18,67 : 60.01"
"18,68 : 87.13"
"18,69 : 47.38"
"18,70 : 21.93"
"18,71 : 58.18"
"18,72 : 20.62"
"18,73 : 64.12"
"18,74 : 67.72"
"18,75 : 2.0"
"18,76 : 14.04"
"18,77 : 32.02"
"18,78 : 67.48"
"18,79 : 59.09"
"18,80 : 75.69"
"18,81 : 69.32"
"18,82 : 59.06"
"18,83 : 49.68"
"18,84 : 71.42"
"18,85 : 53.16"
"18,86 : 37.34"
"18,87 : 65.6"
"18,88 : 55.36"
"18,89 : 61.27"
"18,90 : 20.1"
"18,91 : 85.09"
"18,92 : 51.24"
"18,93 : 53.04"
"18,94 : 76.16"
"18,95 : 29.07"
"18,96 : 30.02"
"18,97 : 39.82"
"18,98 : 91.39"
"18,99 : 65.52"
"19,0 : 56.04"
"19,1 : 16.76"
"19,2 : 63.63"
"19,3 : 40.26"
"19,4 : 61.74"
"19,5 : 54.45"
"19,6 : 92.35"
"19,7 : 63.13"
"19,8 : 31.02"
"19,9 : 38.08"
"19,10 : 37.48"
"19,11 : 56.61"
"19,12 : 58.82"
"19,13 : 78.85"
"19,14 : 19.1"
"19,15 : 80.22"
"19,16 : 71.51"
"19,17 : 43.83"
"19,18 : 68.51"
"19,19 : 0.0"
"19,20 : 51.66"
"19,21 : 34.48"
"19,22 : 89.68"
"19,23 : 72.53"
"19,24 : 30.0"
"19,25 : 72.25"
"19,26 : 6.4"
"19,27 : 83.02"
"19,28 : 36.22"
"19,29 : 38.08"
"19,30 : 86.82"
"19,31 : 45.89"
"19,32 : 57.71"
"19,33 : 57.63"
"19,34 : 45.4"
"19,35 : 44.05"
"19,36 : 36.88"
"19,37 : 65.44"
"19,38 : 39.85"
"19,39 : 101.26"
"19,40 : 62.13"
"19,41 : 78.85"
"19,42 : 68.1"
"19,43 : 78.59"
"19,44 : 4.12"
"19,45 : 71.45"
"19,46 : 14.42"
"19,47 : 11.7"
"19,48 : 30.87"
"19,49 : 60.3"
"19,50 : 37.54"
"19,51 : 46.1"
"19,52 : 51.2"
"19,53 : 6.32"
"19,54 : 78.75"
"19,55 : 65.12"
"19,56 : 62.77"
"19,57 : 92.44"
"19,58 : 62.63"
"19,59 : 44.78"
"19,60 : 34.0"
"19,61 : 51.61"
"19,62 : 57.45"
"19,63 : 36.88"
"19,64 : 12.37"
"19,65 : 64.88"
"19,66 : 42.05"
"19,67 : 37.12"
"19,68 : 64.44"
"19,69 : 51.79"
"19,70 : 47.01"
"19,71 : 85.99"
"19,72 : 77.16"
"19,73 : 66.31"
"19,74 : 46.62"
"19,75 : 70.18"
"19,76 : 56.73"
"19,77 : 36.72"
"19,78 : 71.18"
"19,79 : 36.67"
"19,80 : 17.72"
"19,81 : 35.38"
"19,82 : 86.15"
"19,83 : 89.0"
"19,84 : 13.42"
"19,85 : 43.97"
"19,86 : 95.34"
"19,87 : 22.02"
"19,88 : 22.36"
"19,89 : 34.48"
"19,90 : 51.62"
"19,91 : 50.48"
"19,92 : 24.35"
"19,93 : 19.03"
"19,94 : 53.08"
"19,95 : 81.25"
"19,96 : 47.43"
"19,97 : 38.12"
"19,98 : 98.11"
"19,99 : 46.32"
"20,0 : 41.15"
"20,1 : 66.71"
"20,2 : 69.12"
"20,3 : 25.02"
"20,4 : 24.19"
"20,5 : 36.36"
"20,6 : 80.43"
"20,7 : 68.15"
"20,8 : 76.66"
"20,9 : 19.1"
"20,10 : 14.42"
"20,11 : 24.08"
"20,12 : 24.76"
"20,13 : 67.68"
"20,14 : 53.67"
"20,15 : 58.69"
"20,16 : 20.59"
"20,17 : 13.04"
"20,18 : 75.43"
"20,19 : 51.66"
"20,20 : 0.0"
"20,21 : 68.31"
"20,22 : 68.68"
"20,23 : 62.77"
"20,24 : 75.29"
"20,25 : 53.26"
"20,26 : 45.34"
"20,27 : 58.26"
"20,28 : 78.72"
"20,29 : 50.09"
"20,30 : 37.0"
"20,31 : 44.55"
"20,32 : 19.42"
"20,33 : 7.07"
"20,34 : 45.12"
"20,35 : 37.48"
"20,36 : 27.07"
"20,37 : 14.32"
"20,38 : 77.49"
"20,39 : 50.54"
"20,40 : 17.46"
"20,41 : 65.0"
"20,42 : 24.33"
"20,43 : 40.85"
"20,44 : 49.82"
"20,45 : 19.8"
"20,46 : 50.25"
"20,47 : 62.29"
"20,48 : 24.17"
"20,49 : 50.61"
"20,50 : 14.14"
"20,51 : 36.69"
"20,52 : 26.83"
"20,53 : 57.49"
"20,54 : 38.6"
"20,55 : 13.45"
"20,56 : 19.92"
"20,57 : 59.93"
"20,58 : 25.24"
"20,59 : 57.01"
"20,60 : 20.62"
"20,61 : 10.63"
"20,62 : 65.92"
"20,63 : 15.65"
"20,64 : 62.37"
"20,65 : 19.42"
"20,66 : 37.22"
"20,67 : 82.86"
"20,68 : 13.93"
"20,69 : 29.07"
"20,70 : 64.01"
"20,71 : 51.89"
"20,72 : 69.46"
"20,73 : 24.7"
"20,74 : 8.0"
"20,75 : 75.96"
"20,76 : 72.17"
"20,77 : 53.34"
"20,78 : 27.66"
"20,79 : 19.65"
"20,80 : 37.59"
"20,81 : 16.28"
"20,82 : 51.48"
"20,83 : 61.85"
"20,84 : 39.41"
"20,85 : 22.36"
"20,86 : 80.72"
"20,87 : 29.7"
"20,88 : 66.37"
"20,89 : 19.7"
"20,90 : 71.01"
"20,91 : 12.21"
"20,92 : 65.3"
"20,93 : 40.71"
"20,94 : 1.41"
"20,95 : 67.8"
"20,96 : 74.81"
"20,97 : 38.0"
"20,98 : 49.04"
"20,99 : 10.05"
"21,0 : 48.01"
"21,1 : 26.08"
"21,2 : 38.05"
"21,3 : 45.65"
"21,4 : 86.47"
"21,5 : 84.59"
"21,6 : 71.03"
"21,7 : 38.01"
"21,8 : 18.03"
"21,9 : 63.03"
"21,10 : 57.71"
"21,11 : 59.82"
"21,12 : 61.85"
"21,13 : 59.68"
"21,14 : 17.26"
"21,15 : 67.42"
"21,16 : 88.6"
"21,17 : 66.48"
"21,18 : 40.79"
"21,19 : 34.48"
"21,20 : 68.31"
"21,21 : 0.0"
"21,22 : 74.46"
"21,23 : 54.13"
"21,24 : 17.0"
"21,25 : 60.01"
"21,26 : 37.34"
"21,27 : 71.69"
"21,28 : 14.32"
"21,29 : 23.43"
"21,30 : 95.21"
"21,31 : 35.0"
"21,32 : 81.61"
"21,33 : 71.69"
"21,34 : 78.45"
"21,35 : 38.9"
"21,36 : 42.49"
"21,37 : 78.72"
"21,38 : 9.43"
"21,39 : 110.0"
"21,40 : 83.74"
"21,41 : 61.39"
"21,42 : 90.61"
"21,43 : 77.34"
"21,44 : 38.47"
"21,45 : 86.41"
"21,46 : 22.56"
"21,47 : 28.32"
"21,48 : 44.38"
"21,49 : 92.89"
"21,50 : 56.09"
"21,51 : 77.28"
"21,52 : 52.63"
"21,53 : 36.24"
"21,54 : 79.25"
"21,55 : 80.23"
"21,56 : 85.33"
"21,57 : 84.53"
"21,58 : 66.07"
"21,59 : 23.41"
"21,60 : 47.8"
"21,61 : 73.16"
"21,62 : 32.0"
"21,63 : 58.42"
"21,64 : 26.91"
"21,65 : 72.95"
"21,66 : 37.54"
"21,67 : 21.19"
"21,68 : 82.22"
"21,69 : 51.74"
"21,70 : 20.02"
"21,71 : 80.45"
"21,72 : 56.22"
"21,73 : 71.22"
"21,74 : 60.75"
"21,75 : 42.76"
"21,76 : 26.93"
"21,77 : 19.21"
"21,78 : 76.06"
"21,79 : 48.7"
"21,80 : 48.51"
"21,81 : 54.74"
"21,82 : 80.99"
"21,83 : 78.0"
"21,84 : 43.42"
"21,85 : 49.74"
"21,86 : 75.17"
"21,87 : 44.0"
"21,88 : 15.26"
"21,89 : 48.76"
"21,90 : 20.88"
"21,91 : 72.84"
"21,92 : 11.4"
"21,93 : 29.07"
"21,94 : 69.57"
"21,95 : 62.97"
"21,96 : 13.45"
"21,97 : 34.21"
"21,98 : 104.24"
"21,99 : 59.24"
"22,0 : 34.21"
"22,1 : 94.13"
"22,2 : 39.96"
"22,3 : 54.23"
"22,4 : 91.97"
"22,5 : 104.64"
"22,6 : 17.03"
"22,7 : 39.45"
"22,8 : 92.2"
"22,9 : 82.68"
"22,10 : 73.57"
"22,11 : 44.82"
"22,12 : 43.93"
"22,13 : 16.4"
"22,14 : 75.03"
"22,15 : 10.3"
"22,16 : 76.01"
"22,17 : 79.4"
"22,18 : 41.87"
"22,19 : 89.68"
"22,20 : 68.68"
"22,21 : 74.46"
"22,22 : 0.0"
"22,23 : 20.62"
"22,24 : 91.01"
"22,25 : 17.72"
"22,26 : 86.49"
"22,27 : 10.82"
"22,28 : 88.6"
"22,29 : 54.15"
"22,30 : 60.17"
"22,31 : 44.05"
"22,32 : 87.68"
"22,33 : 64.38"
"22,34 : 110.28"
"22,35 : 45.89"
"22,36 : 56.3"
"22,37 : 64.4"
"22,38 : 81.6"
"22,39 : 69.26"
"22,40 : 83.63"
"22,41 : 13.42"
"22,42 : 89.02"
"22,43 : 33.62"
"22,44 : 91.24"
"22,45 : 70.49"
"22,46 : 77.06"
"22,47 : 93.0"
"22,48 : 65.55"
"22,49 : 118.6"
"22,50 : 70.83"
"22,51 : 103.17"
"22,52 : 44.78"
"22,53 : 95.43"
"22,54 : 37.7"
"22,55 : 68.6"
"22,56 : 86.45"
"22,57 : 20.22"
"22,58 : 43.86"
"22,59 : 51.2"
"22,60 : 64.88"
"22,61 : 79.31"
"22,62 : 44.28"
"22,63 : 75.8"
"22,64 : 92.01"
"22,65 : 52.8"
"22,66 : 47.85"
"22,67 : 95.6"
"22,68 : 74.81"
"22,69 : 42.94"
"22,70 : 55.03"
"22,71 : 24.33"
"22,72 : 21.26"
"22,73 : 46.4"
"22,74 : 63.6"
"22,75 : 40.36"
"22,76 : 52.84"
"22,77 : 57.43"
"22,78 : 46.65"
"22,79 : 62.17"
"22,80 : 88.54"
"22,81 : 72.07"
"22,82 : 25.32"
"22,83 : 11.0"
"22,84 : 86.13"
"22,85 : 52.77"
"22,86 : 14.32"
"22,87 : 76.22"
"22,88 : 85.71"
"22,89 : 65.31"
"22,90 : 57.7"
"22,91 : 80.81"
"22,92 : 81.88"
"22,93 : 70.71"
"22,94 : 68.62"
"22,95 : 12.81"
"22,96 : 68.03"
"22,97 : 51.62"
"22,98 : 60.13"
"22,99 : 61.61"
"23,0 : 22.02"
"23,1 : 75.06"
"23,2 : 19.85"
"23,3 : 42.45"
"23,4 : 86.95"
"23,5 : 96.43"
"23,6 : 20.12"
"23,7 : 19.21"
"23,8 : 72.01"
"23,9 : 72.84"
"23,10 : 63.66"
"23,11 : 39.4"
"23,12 : 39.56"
"23,13 : 6.32"
"23,14 : 56.32"
"23,15 : 16.4"
"23,16 : 75.29"
"23,17 : 71.06"
"23,18 : 23.02"
"23,19 : 72.53"
"23,20 : 62.77"
"23,21 : 54.13"
"23,22 : 20.62"
"23,23 : 0.0"
"23,24 : 70.86"
"23,25 : 13.15"
"23,26 : 70.23"
"23,27 : 21.4"
"23,28 : 68.15"
"23,29 : 35.23"
"23,30 : 66.07"
"23,31 : 26.93"
"23,32 : 82.15"
"23,33 : 60.42"
"23,34 : 99.36"
"23,35 : 31.06"
"23,36 : 43.42"
"23,37 : 62.94"
"23,38 : 61.03"
"23,39 : 78.09"
"23,40 : 79.61"
"23,41 : 7.28"
"23,42 : 85.91"
"23,43 : 39.46"
"23,44 : 74.63"
"23,45 : 70.34"
"23,46 : 59.03"
"23,47 : 74.43"
"23,48 : 52.8"
"23,49 : 109.62"
"23,50 : 60.83"
"23,51 : 93.35"
"23,52 : 36.06"
"23,53 : 77.88"
"23,54 : 43.29"
"23,55 : 66.73"
"23,56 : 82.3"
"23,57 : 35.61"
"23,58 : 41.48"
"23,59 : 31.14"
"23,60 : 53.15"
"23,61 : 72.95"
"23,62 : 23.71"
"23,63 : 65.76"
"23,64 : 73.33"
"23,65 : 51.66"
"23,66 : 32.76"
"23,67 : 75.19"
"23,68 : 72.24"
"23,69 : 33.84"
"23,70 : 34.48"
"23,71 : 35.34"
"23,72 : 6.71"
"23,73 : 45.89"
"23,74 : 56.04"
"23,75 : 21.95"
"23,76 : 32.45"
"23,77 : 38.01"
"23,78 : 48.26"
"23,79 : 50.93"
"23,80 : 74.3"
"23,81 : 61.52"
"23,82 : 36.25"
"23,83 : 26.87"
"23,84 : 71.11"
"23,85 : 42.52"
"23,86 : 22.8"
"23,87 : 62.43"
"23,88 : 66.07"
"23,89 : 53.81"
"23,90 : 37.12"
"23,91 : 74.06"
"23,92 : 62.13"
"23,93 : 54.08"
"23,94 : 63.13"
"23,95 : 9.0"
"23,96 : 47.42"
"23,97 : 35.78"
"23,98 : 69.63"
"23,99 : 53.82"
"24,0 : 62.61"
"24,1 : 14.87"
"24,2 : 55.04"
"24,3 : 55.87"
"24,4 : 89.84"
"24,5 : 84.29"
"24,6 : 88.02"
"24,7 : 55.01"
"24,8 : 1.41"
"24,9 : 65.8"
"24,10 : 62.65"
"24,11 : 71.59"
"24,12 : 73.76"
"24,13 : 76.53"
"24,14 : 22.02"
"24,15 : 83.52"
"24,16 : 95.88"
"24,17 : 70.58"
"24,18 : 57.56"
"24,19 : 30.0"
"24,20 : 75.29"
"24,21 : 17.0"
"24,22 : 91.01"
"24,23 : 70.86"
"24,24 : 0.0"
"24,25 : 75.89"
"24,26 : 35.23"
"24,27 : 87.6"
"24,28 : 7.21"
"24,29 : 38.08"
"24,30 : 106.1"
"24,31 : 49.66"
"24,32 : 85.38"
"24,33 : 79.88"
"24,34 : 75.24"
"24,35 : 52.15"
"24,36 : 52.35"
"24,37 : 87.42"
"24,38 : 14.42"
"24,39 : 120.97"
"24,40 : 88.77"
"24,41 : 78.09"
"24,42 : 95.27"
"24,43 : 90.97"
"24,44 : 34.01"
"24,45 : 94.58"
"24,46 : 25.06"
"24,47 : 19.42"
"24,48 : 51.31"
"24,49 : 90.2"
"24,50 : 61.72"
"24,51 : 76.06"
"24,52 : 64.66"
"24,53 : 28.64"
"24,54 : 92.42"
"24,55 : 88.2"
"24,56 : 89.89"
"24,57 : 99.92"
"24,58 : 77.99"
"24,59 : 39.81"
"24,60 : 54.92"
"24,61 : 78.0"
"24,62 : 49.0"
"24,63 : 62.77"
"24,64 : 18.25"
"24,65 : 83.49"
"24,66 : 50.48"
"24,67 : 7.62"
"24,68 : 89.07"
"24,69 : 64.2"
"24,70 : 37.01"
"24,71 : 95.26"
"24,72 : 73.17"
"24,73 : 82.81"
"24,74 : 68.51"
"24,75 : 59.54"
"24,76 : 43.57"
"24,77 : 34.18"
"24,78 : 87.78"
"24,79 : 56.61"
"24,80 : 47.27"
"24,81 : 59.93"
"24,82 : 95.71"
"24,83 : 93.92"
"24,84 : 42.43"
"24,85 : 60.11"
"24,86 : 92.14"
"24,87 : 47.17"
"24,88 : 8.94"
"24,89 : 55.76"
"24,90 : 37.48"
"24,91 : 77.25"
"24,92 : 10.63"
"24,93 : 34.67"
"24,94 : 76.66"
"24,95 : 79.76"
"24,96 : 28.46"
"24,97 : 46.62"
"24,98 : 116.04"
"24,99 : 67.42"
"25,0 : 16.49"
"25,1 : 77.65"
"25,2 : 31.06"
"25,3 : 36.67"
"25,4 : 77.2"
"25,5 : 88.46"
"25,6 : 27.2"
"25,7 : 30.23"
"25,8 : 77.16"
"25,9 : 65.8"
"25,10 : 56.61"
"25,11 : 29.21"
"25,12 : 28.84"
"25,13 : 15.52"
"25,14 : 58.42"
"25,15 : 8.0"
"25,16 : 63.69"
"25,17 : 63.03"
"25,18 : 35.34"
"25,19 : 72.25"
"25,20 : 53.26"
"25,21 : 60.01"
"25,22 : 17.72"
"25,23 : 13.15"
"25,24 : 75.89"
"25,25 : 0.0"
"25,26 : 68.88"
"25,27 : 11.7"
"25,28 : 74.32"
"25,29 : 38.08"
"25,30 : 53.01"
"25,31 : 27.17"
"25,32 : 72.62"
"25,33 : 49.93"
"25,34 : 93.19"
"25,35 : 28.28"
"25,36 : 38.63"
"25,37 : 51.48"
"25,38 : 68.0"
"25,39 : 64.94"
"25,40 : 69.34"
"25,41 : 12.08"
"25,42 : 75.29"
"25,43 : 26.31"
"25,44 : 73.68"
"25,45 : 58.52"
"25,46 : 60.03"
"25,47 : 76.16"
"25,48 : 47.93"
"25,49 : 102.18"
"25,50 : 53.82"
"25,51 : 86.4"
"25,52 : 27.8"
"25,53 : 78.1"
"25,54 : 30.15"
"25,55 : 55.46"
"25,56 : 72.11"
"25,57 : 25.0"
"25,58 : 29.97"
"25,59 : 36.67"
"25,60 : 47.41"
"25,61 : 63.78"
"25,62 : 33.24"
"25,63 : 58.82"
"25,64 : 75.24"
"25,65 : 39.92"
"25,66 : 30.27"
