x,y
53,36
82,65
97,50
62,91
16,6
26,91
81,52
78,24
7,70
76,75
70,72
5,12
27,11
78,47
92,56
66,87
0,67
16,18
37,3
2,93
42,15
71,30
12,93
34,14
36,35
34,26
62,28
32,9
16,34
20,86
18,26
4,57
76,31
49,81
61,37
66,79
27,34
78,84
63,82
30,6
9,52
27,43
47,92
39,95
33,42
33,91
51,38
57,78
22,62
80,73
80,71
54,9
81,57
17,49
26,8
96,99
43,34
60,14
3,8
88,74
63,35
16,95
6,30
19,98
36,73
21,23
3,30
96,52
91,43
20,18
36,100
38,95
1,47
1,71
57,94
60,15
54,18
13,8
38,48
69,81
54,83
86,97
16,14
82,66
32,37
5,38
99,17
40,98
35,23
31,34
24,18
80,79
76,23
47,59
12,92
88,2
1,83
22,42
13,70
7,7

Distanze
"0,0 : 0.0"
"0,1 : 41.01"
"0,2 : 46.17"
"0,3 : 55.73"
"0,4 : 47.63"
"0,5 : 61.27"
"0,6 : 32.25"
"0,7 : 27.73"
"0,8 : 57.2"
"0,9 : 45.28"
"0,10 : 39.81"
"0,11 : 53.67"
"0,12 : 36.07"
"0,13 : 27.31"
"0,14 : 43.83"
"0,15 : 52.63"
"0,16 : 61.4"
"0,17 : 41.15"
"0,18 : 36.67"
"0,19 : 76.49"
"0,20 : 23.71"
"0,21 : 18.97"
"0,22 : 70.21"
"0,23 : 29.07"
"0,24 : 17.03"
"0,25 : 21.47"
"0,26 : 12.04"
"0,27 : 34.21"
"0,28 : 37.05"
"0,29 : 59.91"
"0,30 : 36.4"
"0,31 : 53.31"
"0,32 : 23.54"
"0,33 : 45.18"
"0,34 : 8.06"
"0,35 : 44.92"
"0,36 : 26.08"
"0,37 : 54.12"
"0,38 : 47.07"
"0,39 : 37.8"
"0,40 : 46.82"
"0,41 : 26.93"
"0,42 : 56.32"
"0,43 : 60.64"
"0,44 : 20.88"
"0,45 : 58.52"
"0,46 : 2.83"
"0,47 : 42.19"
"0,48 : 40.46"
"0,49 : 45.8"
"0,50 : 44.2"
"0,51 : 27.02"
"0,52 : 35.0"
"0,53 : 38.28"
"0,54 : 38.9"
"0,55 : 76.28"
"0,56 : 10.2"
"0,57 : 23.09"
"0,58 : 57.31"
"0,59 : 51.66"
"0,60 : 10.05"
"0,61 : 69.64"
"0,62 : 47.38"
"0,63 : 70.71"
"0,64 : 40.72"
"0,65 : 34.54"
"0,66 : 50.36"
"0,67 : 45.88"
"0,68 : 38.64"
"0,69 : 37.59"
"0,70 : 66.22"
"0,71 : 60.88"
"0,72 : 53.15"
"0,73 : 62.68"
"0,74 : 58.14"
"0,75 : 22.14"
"0,76 : 18.03"
"0,77 : 48.83"
"0,78 : 19.21"
"0,79 : 47.76"
"0,80 : 47.01"
"0,81 : 69.35"
"0,82 : 43.05"
"0,83 : 41.73"
"0,84 : 21.02"
"0,85 : 48.04"
"0,86 : 49.77"
"0,87 : 63.35"
"0,88 : 22.2"
"0,89 : 22.09"
"0,90 : 34.13"
"0,91 : 50.77"
"0,92 : 26.42"
"0,93 : 23.77"
"0,94 : 69.4"
"0,95 : 48.8"
"0,96 : 70.09"
"0,97 : 31.58"
"0,98 : 52.5"
"0,99 : 54.38"
"1,0 : 41.01"
"1,1 : 0.0"
"1,2 : 21.21"
"1,3 : 32.8"
"1,4 : 88.53"
"1,5 : 61.74"
"1,6 : 13.04"
"1,7 : 41.19"
"1,8 : 75.17"
"1,9 : 11.66"
"1,10 : 13.89"
"1,11 : 93.48"
"1,12 : 77.08"
"1,13 : 18.44"
"1,14 : 13.45"
"1,15 : 27.2"
"1,16 : 82.02"
"1,17 : 81.02"
"1,18 : 76.61"
"1,19 : 84.76"
"1,20 : 64.03"
"1,21 : 36.69"
"1,22 : 75.39"
"1,23 : 70.04"
"1,24 : 54.92"
"1,25 : 61.85"
"1,26 : 42.06"
"1,27 : 75.07"
"1,28 : 72.92"
"1,29 : 65.46"
"1,30 : 74.95"
"1,31 : 78.41"
"1,32 : 34.53"
"1,33 : 36.67"
"1,34 : 35.0"
"1,35 : 21.26"
"1,36 : 63.13"
"1,37 : 19.42"
"1,38 : 25.5"
"1,39 : 78.64"
"1,40 : 74.15"
"1,41 : 59.24"
"1,42 : 44.2"
"1,43 : 52.43"
"1,44 : 54.13"
"1,45 : 55.47"
"1,46 : 41.11"
"1,47 : 28.18"
"1,48 : 60.07"
"1,49 : 8.25"
"1,50 : 6.32"
"1,51 : 62.61"
"1,52 : 8.06"
"1,53 : 66.94"
"1,54 : 79.91"
"1,55 : 36.77"
"1,56 : 49.82"
"1,57 : 55.54"
"1,58 : 97.42"
"1,59 : 10.82"
"1,60 : 35.51"
"1,61 : 72.5"
"1,62 : 83.67"
"1,63 : 71.12"
"1,64 : 46.69"
"1,65 : 74.06"
"1,66 : 86.41"
"1,67 : 19.1"
"1,68 : 23.77"
"1,69 : 77.8"
"1,70 : 57.8"
"1,71 : 53.25"
"1,72 : 82.98"
"1,73 : 81.22"
"1,74 : 38.29"
"1,75 : 54.63"
"1,76 : 54.71"
"1,77 : 89.5"
"1,78 : 47.17"
"1,79 : 20.62"
"1,80 : 33.29"
"1,81 : 32.25"
"1,82 : 83.41"
"1,83 : 1.0"
"1,84 : 57.31"
"1,85 : 81.6"
"1,86 : 50.92"
"1,87 : 53.41"
"1,88 : 63.03"
"1,89 : 59.68"
"1,90 : 74.65"
"1,91 : 14.14"
"1,92 : 42.43"
"1,93 : 35.51"
"1,94 : 75.03"
"1,95 : 63.29"
"1,96 : 82.98"
"1,97 : 64.26"
"1,98 : 69.18"
"1,99 : 94.81"
"2,0 : 46.17"
"2,1 : 21.21"
"2,2 : 0.0"
"2,3 : 53.91"
"2,4 : 92.18"
"2,5 : 81.99"
"2,6 : 16.12"
"2,7 : 32.2"
"2,8 : 92.2"
"2,9 : 32.65"
"2,10 : 34.83"
"2,11 : 99.54"
"2,12 : 80.13"
"2,13 : 19.24"
"2,14 : 7.81"
"2,15 : 48.27"
"2,16 : 98.48"
"2,17 : 87.09"
"2,18 : 76.22"
"2,19 : 104.28"
"2,20 : 65.19"
"2,21 : 32.8"
"2,22 : 95.26"
"2,23 : 72.56"
"2,24 : 62.82"
"2,25 : 67.42"
"2,26 : 41.34"
"2,27 : 76.85"
"2,28 : 82.57"
"2,29 : 85.0"
"2,30 : 82.57"
"2,31 : 93.26"
"2,32 : 28.32"
"2,33 : 57.14"
"2,34 : 38.28"
"2,35 : 42.45"
"2,36 : 71.81"
"2,37 : 38.95"
"2,38 : 46.69"
"2,39 : 80.16"
"2,40 : 88.02"
"2,41 : 70.35"
"2,42 : 65.3"
"2,43 : 73.41"
"2,44 : 64.5"
"2,45 : 76.01"
"2,46 : 47.54"
"2,47 : 48.83"
"2,48 : 75.95"
"2,49 : 28.6"
"2,50 : 27.02"
"2,51 : 59.41"
"2,52 : 17.46"
"2,53 : 80.01"
"2,54 : 82.49"
"2,55 : 49.01"
"2,56 : 56.32"
"2,57 : 51.62"
"2,58 : 102.96"
"2,59 : 25.63"
"2,60 : 37.16"
"2,61 : 92.66"
"2,62 : 93.17"
"2,63 : 91.59"
"2,64 : 65.19"
"2,65 : 80.65"
"2,66 : 96.1"
"2,67 : 2.24"
"2,68 : 9.22"
"2,69 : 83.38"
"2,70 : 78.87"
"2,71 : 74.2"
"2,72 : 96.05"
"2,73 : 98.27"
"2,74 : 59.46"
"2,75 : 50.93"
"2,76 : 53.6"
"2,77 : 93.91"
"2,78 : 59.03"
"2,79 : 41.77"
"2,80 : 54.2"
"2,81 : 48.27"
"2,82 : 88.64"
"2,83 : 21.93"
"2,84 : 66.29"
"2,85 : 92.78"
"2,86 : 33.06"
"2,87 : 74.52"
"2,88 : 67.62"
"2,89 : 67.91"
"2,90 : 79.71"
"2,91 : 33.62"
"2,92 : 34.21"
"2,93 : 50.8"
"2,94 : 94.81"
"2,95 : 48.84"
"2,96 : 101.51"
"2,97 : 75.43"
"2,98 : 86.35"
"2,99 : 99.74"
"3,0 : 55.73"
"3,1 : 32.8"
"3,2 : 53.91"
"3,3 : 0.0"
"3,4 : 96.65"
"3,5 : 36.0"
"3,6 : 43.38"
"3,7 : 68.88"
"3,8 : 58.87"
"3,9 : 21.26"
"3,10 : 20.62"
"3,11 : 97.42"
"3,12 : 87.32"
"3,13 : 46.82"
"3,14 : 46.1"
"3,15 : 5.66"
"3,16 : 66.48"
"3,17 : 86.28"
"3,18 : 91.48"
"3,19 : 60.03"
"3,20 : 78.59"
"3,21 : 61.66"
"3,22 : 50.04"
"3,23 : 81.93"
"3,24 : 61.74"
"3,25 : 70.77"
"3,26 : 63.0"
"3,27 : 87.32"
"3,28 : 73.25"
"3,29 : 42.3"
"3,30 : 78.49"
"3,31 : 67.23"
"3,32 : 61.61"
"3,33 : 16.4"
"3,34 : 54.01"
"3,35 : 12.65"
"3,36 : 66.89"
"3,37 : 17.46"
"3,38 : 9.06"
"3,39 : 90.82"
"3,40 : 65.8"
"3,41 : 59.41"
"3,42 : 15.03"
"3,43 : 23.35"
"3,44 : 56.94"
"3,45 : 29.0"
"3,46 : 54.13"
"3,47 : 13.93"
"3,48 : 49.41"
"3,49 : 25.46"
"3,50 : 26.91"
"3,51 : 82.39"
"3,52 : 38.95"
"3,53 : 61.55"
"3,54 : 90.47"
"3,55 : 34.93"
"3,56 : 60.08"
"3,57 : 77.03"
"3,58 : 101.83"
"3,59 : 31.06"
"3,60 : 56.01"
"3,61 : 46.17"
"3,62 : 82.81"
"3,63 : 43.57"
"3,64 : 31.62"
"3,65 : 79.4"
"3,66 : 84.86"
"3,67 : 51.74"
"3,68 : 56.08"
"3,69 : 84.22"
"3,70 : 27.51"
"3,71 : 24.33"
"3,72 : 75.21"
"3,73 : 64.2"
"3,74 : 5.83"
"3,75 : 76.03"
"3,76 : 73.44"
"3,77 : 96.38"
"3,78 : 49.24"
"3,79 : 12.21"
"3,80 : 11.31"
"3,81 : 24.74"
"3,82 : 89.69"
"3,83 : 32.02"
"3,84 : 61.77"
"3,85 : 77.83"
"3,86 : 82.73"
"3,87 : 23.09"
"3,88 : 73.16"
"3,89 : 64.88"
"3,90 : 82.3"
"3,91 : 21.63"
"3,92 : 69.43"
"3,93 : 35.34"
"3,94 : 50.01"
"3,95 : 92.72"
"3,96 : 61.52"
"3,97 : 63.25"
"3,98 : 53.31"
"3,99 : 100.4"
"4,0 : 47.63"
"4,1 : 88.53"
"4,2 : 92.18"
"4,3 : 96.65"
"4,4 : 0.0"
"4,5 : 85.59"
"4,6 : 79.63"
"4,7 : 64.56"
"4,8 : 64.63"
"4,9 : 91.44"
"4,10 : 85.28"
"4,11 : 12.53"
"4,12 : 12.08"
"4,13 : 74.33"
"4,14 : 90.97"
"4,15 : 95.19"
"4,16 : 63.06"
"4,17 : 12.0"
"4,18 : 21.21"
"4,19 : 88.12"
"4,20 : 27.51"
"4,21 : 60.01"
"4,22 : 87.09"
"4,23 : 19.7"
"4,24 : 35.23"
"4,25 : 26.91"
"4,26 : 50.99"
"4,27 : 16.28"
"4,28 : 28.0"
"4,29 : 80.1"
"4,30 : 20.1"
"4,31 : 52.39"
"4,32 : 65.0"
"4,33 : 81.94"
"4,34 : 54.64"
"4,35 : 88.48"
"4,36 : 30.08"
"4,37 : 99.64"
"4,38 : 89.36"
"4,39 : 14.0"
"4,40 : 46.53"
"4,41 : 38.6"
"4,42 : 91.42"
"4,43 : 91.92"
"4,44 : 39.81"
"4,45 : 86.68"
"4,46 : 47.42"
"4,47 : 82.86"
"4,48 : 56.32"
"4,49 : 92.66"
"4,50 : 91.22"
"4,51 : 38.12"
"4,52 : 82.62"
"4,53 : 43.01"
"4,54 : 10.2"
"4,55 : 122.67"
"4,56 : 38.9"
"4,57 : 44.72"
"4,58 : 13.15"
"4,59 : 99.04"
"4,60 : 55.23"
"4,61 : 89.0"
"4,62 : 26.0"
"4,63 : 92.05"
"4,64 : 69.92"
"4,65 : 17.72"
"4,66 : 27.29"
"4,67 : 92.28"
"4,68 : 83.63"
"4,69 : 12.65"
"4,70 : 96.1"
"4,71 : 91.68"
"4,72 : 43.66"
"4,73 : 66.71"
"4,74 : 97.08"
"4,75 : 44.91"
"4,76 : 39.85"
"4,77 : 3.61"
"4,78 : 47.41"
"4,79 : 91.84"
"4,80 : 85.87"
"4,81 : 114.81"
"4,82 : 8.0"
"4,83 : 89.2"
"4,84 : 34.89"
"4,85 : 33.84"
"4,86 : 83.73"
"4,87 : 95.08"
"4,88 : 25.5"
"4,89 : 31.76"
"4,90 : 14.42"
"4,91 : 97.08"
"4,92 : 62.36"
"4,93 : 61.4"
"4,94 : 86.09"
"4,95 : 72.11"
"4,96 : 78.45"
"4,97 : 36.5"
"4,98 : 64.07"
"4,99 : 9.06"
"5,0 : 61.27"
"5,1 : 61.74"
"5,2 : 81.99"
"5,3 : 36.0"
"5,4 : 85.59"
"5,5 : 0.0"
"5,6 : 67.42"
"5,7 : 84.81"
"5,8 : 28.32"
"5,9 : 52.5"
"5,10 : 47.93"
"5,11 : 81.74"
"5,12 : 80.01"
"5,13 : 68.12"
"5,14 : 74.71"
"5,15 : 40.2"
"5,16 : 35.38"
"5,17 : 73.68"
"5,18 : 88.68"
"5,19 : 24.08"
"5,20 : 77.67"
"5,21 : 75.8"
"5,22 : 14.14"
"5,23 : 77.41"
"5,24 : 56.89"
"5,25 : 65.49"
"5,26 : 72.56"
"5,27 : 82.22"
"5,28 : 57.87"
"5,29 : 7.81"
"5,30 : 65.49"
"5,31 : 40.5"
"5,32 : 78.1"
"5,33 : 25.08"
"5,34 : 64.35"
"5,35 : 41.76"
"5,36 : 57.01"
"5,37 : 52.47"
"5,38 : 38.08"
"5,39 : 85.09"
"5,40 : 42.54"
"5,41 : 48.01"
"5,42 : 21.02"
"5,43 : 13.6"
"5,44 : 49.5"
"5,45 : 7.0"
"5,46 : 58.6"
"5,47 : 33.62"
"5,48 : 29.27"
"5,49 : 56.92"
"5,50 : 57.58"
"5,51 : 86.65"
"5,52 : 64.66"
"5,53 : 42.95"
"5,54 : 83.0"
"5,55 : 70.46"
"5,56 : 59.48"
"5,57 : 84.17"
"5,58 : 86.13"
"5,59 : 64.29"
"5,60 : 67.12"
"5,61 : 10.77"
"5,62 : 64.2"
"5,63 : 9.9"
"5,64 : 20.59"
"5,65 : 68.18"
"5,66 : 65.19"
"5,67 : 80.13"
"5,68 : 80.8"
"5,69 : 73.25"
"5,70 : 13.45"
"5,71 : 12.65"
"5,72 : 50.61"
"5,73 : 32.02"
"5,74 : 31.14"
"5,75 : 83.26"
"5,76 : 78.19"
"5,77 : 84.01"
"5,78 : 44.64"
"5,79 : 44.15"
"5,80 : 29.12"
"5,81 : 60.3"
"5,82 : 77.65"
"5,83 : 61.33"
"5,84 : 54.33"
"5,85 : 57.01"
"5,86 : 103.95"
"5,87 : 15.65"
"5,88 : 68.59"
"5,89 : 57.22"
"5,90 : 73.03"
"5,91 : 55.32"
"5,92 : 84.4"
"5,93 : 38.28"
"5,94 : 14.04"
"5,95 : 108.47"
"5,96 : 26.25"
"5,97 : 49.16"
"5,98 : 24.7"
"5,99 : 86.12"
"6,0 : 32.25"
"6,1 : 13.04"
"6,2 : 16.12"
"6,3 : 43.38"
"6,4 : 79.63"
"6,5 : 67.42"
"6,6 : 0.0"
"6,7 : 28.16"
"6,8 : 76.16"
"6,9 : 23.54"
"6,10 : 22.83"
"6,11 : 85.88"
"6,12 : 67.8"
"6,13 : 5.83"
"6,14 : 11.7"
"6,15 : 38.08"
"6,16 : 82.38"
"6,17 : 73.36"
"6,18 : 65.86"
"6,19 : 89.01"
"6,20 : 53.76"
"6,21 : 24.17"
"6,22 : 80.26"
"6,23 : 60.44"
"6,24 : 48.1"
"6,25 : 53.71"
"6,26 : 30.61"
"6,27 : 65.19"
"6,28 : 67.45"
"6,29 : 69.84"
"6,30 : 68.15"
"6,31 : 77.16"
"6,32 : 21.59"
"6,33 : 43.19"
"6,34 : 25.0"
"6,35 : 30.89"
"6,36 : 56.92"
"6,37 : 32.14"
"6,38 : 34.99"
"6,39 : 68.68"
"6,40 : 72.0"
"6,41 : 54.74"
"6,42 : 52.5"
"6,43 : 60.11"
"6,44 : 49.03"
"6,45 : 61.85"
"6,46 : 33.11"
"6,47 : 35.38"
"6,48 : 59.84"
"6,49 : 21.02"
"6,50 : 19.03"
"6,51 : 50.77"
"6,52 : 5.0"
"6,53 : 64.07"
"6,54 : 70.43"
"6,55 : 49.34"
"6,56 : 42.05"
"6,57 : 43.42"
"6,58 : 89.55"
"6,59 : 23.09"
"6,60 : 24.76"
"6,61 : 77.94"
"6,62 : 78.16"
"6,63 : 77.2"
"6,64 : 49.66"
"6,65 : 66.64"
"6,66 : 81.04"
"6,67 : 15.0"
"6,68 : 13.45"
"6,69 : 69.84"
"6,70 : 65.8"
"6,71 : 60.81"
"6,72 : 80.16"
"6,73 : 82.23"
"6,74 : 48.37"
"6,75 : 42.54"
"6,76 : 43.42"
"6,77 : 80.99"
"6,78 : 43.19"
"6,79 : 31.38"
"6,80 : 41.11"
"6,81 : 45.28"
"6,82 : 75.29"
"6,83 : 14.04"
"6,84 : 51.24"
"6,85 : 77.28"
"6,86 : 39.36"
"6,87 : 61.62"
"6,88 : 54.38"
"6,89 : 53.14"
"6,90 : 66.37"
"6,91 : 27.02"
"6,92 : 29.43"
"6,93 : 34.71"
"6,94 : 79.76"
"6,95 : 50.49"
"6,96 : 85.8"
"6,97 : 59.84"
"6,98 : 70.34"
"6,99 : 86.61"
"7,0 : 27.73"
"7,1 : 41.19"
"7,2 : 32.2"
"7,3 : 68.88"
"7,4 : 64.56"
"7,5 : 84.81"
"7,6 : 28.16"
"7,7 : 0.0"
"7,8 : 84.6"
"7,9 : 51.04"
"7,10 : 48.66"
"7,11 : 73.98"
"7,12 : 52.63"
"7,13 : 23.0"
"7,14 : 34.93"
"7,15 : 64.13"
"7,16 : 89.07"
"7,17 : 62.29"
"7,18 : 46.07"
"7,19 : 102.65"
"7,20 : 37.11"
"7,21 : 9.22"
"7,22 : 95.48"
"7,23 : 45.12"
"7,24 : 43.42"
"7,25 : 44.05"
"7,26 : 16.49"
"7,27 : 48.38"
"7,28 : 62.8"
"7,29 : 84.9"
"7,30 : 60.03"
"7,31 : 81.02"
"7,32 : 7.28"
"7,33 : 63.95"
"7,34 : 21.4"
"7,35 : 56.29"
"7,36 : 51.97"
"7,37 : 60.0"
"7,38 : 59.91"
"7,39 : 51.26"
"7,40 : 74.46"
"7,41 : 54.42"
"7,42 : 74.73"
"7,43 : 81.01"
"7,44 : 48.47"
"7,45 : 80.71"
"7,46 : 30.41"
"7,47 : 57.94"
"7,48 : 67.68"
"7,49 : 49.04"
"7,50 : 47.04"
"7,51 : 28.3"
"7,52 : 33.14"
"7,53 : 65.92"
"7,54 : 54.41"
"7,55 : 77.13"
"7,56 : 36.4"
"7,57 : 20.59"
"7,58 : 76.69"
"7,59 : 50.99"
"7,60 : 18.6"
"7,61 : 94.26"
"7,62 : 72.25"
"7,63 : 94.64"
"7,64 : 64.54"
"7,65 : 57.01"
"7,66 : 75.24"
"7,67 : 33.29"
"7,68 : 23.02"
"7,69 : 58.31"
"7,70 : 86.83"
"7,71 : 81.49"
"7,72 : 80.36"
"7,73 : 90.21"
"7,74 : 73.08"
"7,75 : 20.12"
"7,76 : 24.74"
"7,77 : 66.94"
"7,78 : 46.65"
"7,79 : 57.71"
"7,80 : 63.69"
"7,81 : 73.44"
"7,82 : 62.8"
"7,83 : 42.19"
"7,84 : 47.8"
"7,85 : 74.33"
"7,86 : 22.14"
"7,87 : 83.19"
"7,88 : 43.01"
"7,89 : 48.05"
"7,90 : 54.33"
"7,91 : 55.04"
"7,92 : 2.24"
"7,93 : 46.75"
"7,94 : 94.76"
"7,95 : 24.17"
"7,96 : 97.01"
"7,97 : 58.82"
"7,98 : 79.63"
"7,99 : 73.01"
"8,0 : 57.2"
"8,1 : 75.17"
"8,2 : 92.2"
"8,3 : 58.87"
"8,4 : 64.63"
"8,5 : 28.32"
"8,6 : 76.16"
"8,7 : 84.6"
"8,8 : 0.0"
"8,9 : 69.18"
"8,10 : 63.03"
"8,11 : 58.03"
"8,12 : 62.3"
"8,13 : 74.63"
"8,14 : 86.15"
"8,15 : 61.4"
"8,16 : 7.62"
"8,17 : 52.77"
"8,18 : 73.41"
"8,19 : 23.54"
"8,20 : 65.19"
"8,21 : 75.47"
"8,22 : 23.54"
"8,23 : 62.17"
"8,24 : 45.45"
"8,25 : 51.62"
"8,26 : 69.2"
"8,27 : 65.92"
"8,28 : 37.11"
"8,29 : 20.62"
"8,30 : 45.35"
"8,31 : 13.34"
"8,32 : 79.26"
"8,33 : 43.42"
"8,34 : 63.29"
"8,35 : 59.68"
"8,36 : 41.18"
"8,37 : 72.37"
"8,38 : 57.27"
"8,39 : 68.01"
"8,40 : 18.11"
"8,41 : 33.6"
"8,42 : 45.65"
"8,43 : 40.61"
"8,44 : 38.21"
"8,45 : 33.42"
"8,46 : 54.41"
"8,47 : 50.64"
"8,48 : 17.0"
"8,49 : 73.06"
"8,50 : 73.01"
"8,51 : 77.01"
"8,52 : 75.13"
"8,53 : 23.26"
"8,54 : 64.85"
"8,55 : 93.61"
"8,56 : 50.91"
"8,57 : 77.1"
"8,58 : 62.13"
"8,59 : 81.1"
"8,60 : 66.04"
"8,61 : 26.57"
"8,62 : 40.01"
"8,63 : 30.46"
"8,64 : 29.15"
"8,65 : 49.04"
"8,66 : 40.2"
"8,67 : 90.8"
"8,68 : 88.23"
"8,69 : 53.6"
"8,70 : 41.73"
"8,71 : 39.82"
"8,72 : 23.77"
"8,73 : 6.08"
"8,74 : 55.46"
"8,75 : 76.38"
"8,76 : 70.09"
"8,77 : 62.29"
"8,78 : 38.01"
"8,79 : 62.97"
"8,80 : 48.76"
"8,81 : 83.49"
"8,82 : 56.72"
"8,83 : 75.11"
"8,84 : 41.4"
"8,85 : 32.06"
"8,86 : 106.17"
"8,87 : 43.28"
"8,88 : 54.71"
"8,89 : 43.27"
"8,90 : 54.71"
"8,91 : 73.55"
"8,92 : 83.49"
"8,93 : 41.48"
"8,94 : 22.56"
"8,95 : 105.76"
"8,96 : 14.32"
"8,97 : 31.76"
"8,98 : 6.0"
"8,99 : 63.0"
"9,0 : 45.28"
"9,1 : 11.66"
"9,2 : 32.65"
"9,3 : 21.26"
"9,4 : 91.44"
"9,5 : 52.5"
"9,6 : 23.54"
"9,7 : 51.04"
"9,8 : 69.18"
"9,9 : 0.0"
"9,10 : 6.71"
"9,11 : 94.92"
"9,12 : 80.6"
"9,13 : 28.07"
"9,14 : 24.84"
"9,15 : 15.62"
"9,16 : 76.42"
"9,17 : 82.76"
"9,18 : 81.88"
"9,19 : 76.16"
"9,20 : 68.96"
"9,21 : 45.28"
"9,22 : 66.48"
"9,23 : 74.06"
"9,24 : 56.57"
"9,25 : 64.54"
"9,26 : 49.04"
"9,27 : 79.32"
"9,28 : 72.67"
"9,29 : 57.07"
"9,30 : 75.93"
"9,31 : 74.22"
"9,32 : 44.0"
"9,33 : 27.66"
"9,34 : 40.85"
"9,35 : 10.77"
"9,36 : 63.89"
"9,37 : 9.22"
"9,38 : 14.76"
"9,39 : 82.93"
"9,40 : 70.84"
"9,41 : 58.52"
"9,42 : 33.62"
"9,43 : 42.06"
"9,44 : 54.2"
"9,45 : 45.88"
"9,46 : 44.65"
"9,47 : 19.24"
"9,48 : 55.54"
"9,49 : 4.47"
"9,50 : 5.66"
"9,51 : 69.57"
"9,52 : 18.68"
"9,53 : 64.47"
"9,54 : 83.6"
"9,55 : 31.24"
"9,56 : 52.63"
"9,57 : 63.06"
"9,58 : 99.09"
"9,59 : 12.04"
"9,60 : 42.06"
"9,61 : 63.25"
"9,62 : 83.22"
"9,63 : 61.47"
"9,64 : 40.05"
"9,65 : 75.69"
"9,66 : 85.76"
"9,67 : 30.48"
"9,68 : 35.34"
"9,69 : 79.91"
"9,70 : 47.17"
"9,71 : 42.94"
"9,72 : 80.06"
"9,73 : 75.11"
"9,74 : 26.87"
"9,75 : 62.1"
"9,76 : 61.1"
"9,77 : 91.97"
"9,78 : 46.62"
"9,79 : 9.22"
"9,80 : 23.41"
"9,81 : 24.17"
"9,82 : 85.56"
"9,83 : 10.82"
"9,84 : 58.14"
"9,85 : 80.06"
"9,86 : 62.39"
"9,87 : 42.72"
"9,88 : 66.22"
"9,89 : 60.88"
"9,90 : 77.16"
"9,91 : 5.66"
"9,92 : 52.0"
"9,93 : 33.12"
"9,94 : 66.22"
"9,95 : 73.98"
"9,96 : 75.43"
"9,97 : 63.29"
"9,98 : 63.2"
"9,99 : 96.88"
"10,0 : 39.81"
"10,1 : 13.89"
"10,2 : 34.83"
"10,3 : 20.62"
"10,4 : 85.28"
"10,5 : 47.93"
"10,6 : 22.83"
"10,7 : 48.66"
"10,8 : 63.03"
"10,9 : 6.71"
"10,10 : 0.0"
"10,11 : 88.46"
"10,12 : 74.63"
"10,13 : 26.25"
"10,14 : 27.2"
"10,15 : 15.52"
"10,16 : 70.18"
"10,17 : 76.37"
"10,18 : 76.49"
"10,19 : 71.17"
"10,20 : 63.51"
"10,21 : 42.01"
"10,22 : 61.68"
"10,23 : 68.26"
"10,24 : 50.25"
"10,25 : 58.41"
"10,26 : 44.72"
"10,27 : 73.57"
"10,28 : 66.03"
"10,29 : 51.92"
"10,30 : 69.43"
"10,31 : 67.68"
"10,32 : 41.44"
"10,33 : 22.85"
"10,34 : 36.14"
"10,35 : 8.06"
"10,36 : 57.38"
"10,37 : 14.42"
"10,38 : 12.21"
"10,39 : 77.18"
"10,40 : 64.2"
"10,41 : 51.87"
"10,42 : 30.48"
"10,43 : 38.6"
"10,44 : 47.63"
"10,45 : 41.59"
"10,46 : 38.95"
"10,47 : 14.32"
"10,48 : 49.03"
"10,49 : 10.05"
"10,50 : 10.05"
"10,51 : 65.0"
"10,52 : 18.6"
"10,53 : 57.78"
"10,54 : 77.67"
"10,55 : 37.48"
"10,56 : 46.62"
"10,57 : 58.86"
"10,58 : 92.66"
"10,59 : 18.11"
"10,60 : 37.66"
"10,61 : 58.69"
"10,62 : 76.55"
"10,63 : 57.25"
"10,64 : 34.01"
"10,65 : 69.3"
"10,66 : 79.08"
"10,67 : 32.8"
"10,68 : 35.81"
"10,69 : 73.59"
"10,70 : 44.05"
"10,71 : 39.41"
"10,72 : 73.39"
"10,73 : 69.01"
"10,74 : 25.55"
"10,75 : 57.87"
"10,76 : 56.32"
"10,77 : 85.7"
"10,78 : 40.0"
"10,79 : 9.06"
"10,80 : 19.42"
"10,81 : 29.68"
"10,82 : 79.25"
"10,83 : 13.42"
"10,84 : 51.66"
"10,85 : 73.36"
"10,86 : 62.18"
"10,87 : 39.7"
"10,88 : 60.22"
"10,89 : 54.45"
"10,90 : 70.94"
"10,91 : 12.21"
"10,92 : 49.37"
"10,93 : 26.42"
"10,94 : 61.35"
"10,95 : 72.28"
"10,96 : 69.87"
"10,97 : 56.6"
"10,98 : 57.04"
"10,99 : 90.52"
"11,0 : 53.67"
"11,1 : 93.48"
"11,2 : 99.54"
"11,3 : 97.42"
"11,4 : 12.53"
"11,5 : 81.74"
"11,6 : 85.88"
"11,7 : 73.98"
"11,8 : 58.03"
"11,9 : 94.92"
"11,10 : 88.46"
"11,11 : 0.0"
"11,12 : 22.02"
"11,13 : 80.96"
"11,14 : 97.49"
"11,15 : 96.67"
"11,16 : 55.23"
"11,17 : 12.53"
"11,18 : 33.24"
"11,19 : 81.06"
"11,20 : 37.12"
"11,21 : 68.41"
"11,22 : 81.3"
"11,23 : 29.07"
"11,24 : 38.6"
"11,25 : 32.2"
"11,26 : 59.2"
"11,27 : 27.17"
"11,28 : 24.6"
"11,29 : 75.5"
"11,30 : 19.1"
"11,31 : 45.01"
"11,32 : 73.5"
"11,33 : 81.84"
"11,34 : 61.33"
"11,35 : 90.61"
"11,36 : 31.11"
"11,37 : 102.53"
"11,38 : 90.91"
"11,39 : 25.71"
"11,40 : 40.2"
"11,41 : 38.01"
"11,42 : 90.35"
"11,43 : 89.69"
"11,44 : 41.04"
"11,45 : 83.82"
"11,46 : 52.84"
"11,47 : 84.02"
"11,48 : 52.81"
"11,49 : 96.67"
"11,50 : 95.43"
"11,51 : 49.09"
"11,52 : 88.32"
"11,53 : 38.9"
"11,54 : 21.38"
"11,55 : 125.9"
"11,56 : 43.91"
"11,57 : 55.04"
"11,58 : 4.47"
"11,59 : 103.6"
"11,60 : 62.39"
"11,61 : 83.73"
"11,62 : 18.03"
"11,63 : 87.13"
"11,64 : 68.43"
"11,65 : 19.42"
"11,66 : 18.11"
"11,67 : 99.4"
"11,68 : 91.42"
"11,69 : 16.16"
"11,70 : 93.3"
"11,71 : 89.32"
"11,72 : 35.23"
"11,73 : 59.14"
"11,74 : 97.1"
"11,75 : 55.08"
"11,76 : 49.37"
"11,77 : 8.94"
"11,78 : 48.84"
"11,79 : 94.11"
"11,80 : 86.27"
"11,81 : 117.41"
"11,82 : 11.18"
"11,83 : 94.05"
"11,84 : 36.8"
"11,85 : 26.0"
"11,86 : 94.13"
"11,87 : 92.85"
"11,88 : 31.95"
"11,89 : 34.06"
"11,90 : 19.92"
"11,91 : 100.57"
"11,92 : 71.85"
"11,93 : 63.03"
"11,94 : 80.31"
"11,95 : 83.6"
"11,96 : 71.11"
"11,97 : 34.48"
"11,98 : 58.55"
"11,99 : 5.39"
"12,0 : 36.07"
"12,1 : 77.08"
"12,2 : 80.13"
"12,3 : 87.32"
"12,4 : 12.08"
"12,5 : 80.01"
"12,6 : 67.8"
"12,7 : 52.63"
"12,8 : 62.3"
"12,9 : 80.6"
"12,10 : 74.63"
"12,11 : 22.02"
"12,12 : 0.0"
"12,13 : 62.43"
"12,14 : 79.06"
"12,15 : 85.42"
"12,16 : 62.17"
"12,17 : 13.04"
"12,18 : 12.81"
"12,19 : 85.73"
"12,20 : 15.52"
"12,21 : 47.93"
"12,22 : 83.36"
"12,23 : 7.62"
"12,24 : 25.63"
"12,25 : 16.55"
"12,26 : 38.91"
"12,27 : 5.39"
"12,28 : 25.5"
"12,29 : 75.33"
"12,30 : 17.49"
"12,31 : 51.43"
"12,32 : 52.92"
"12,33 : 73.38"
"12,34 : 42.8"
"12,35 : 78.39"
"12,36 : 23.0"
"12,37 : 89.05"
"12,38 : 79.61"
"12,39 : 5.83"
"12,40 : 44.78"
"12,41 : 32.0"
"12,42 : 83.43"
"12,43 : 84.85"
"12,44 : 31.58"
"12,45 : 80.22"
"12,46 : 36.12"
"12,47 : 73.41"
"12,48 : 51.24"
"12,49 : 81.57"
"12,50 : 80.06"
"12,51 : 27.07"
"12,52 : 70.94"
"12,53 : 39.29"
"12,54 : 3.16"
"12,55 : 111.83"
"12,56 : 28.02"
"12,57 : 33.14"
"12,58 : 24.19"
"12,59 : 87.69"
"12,60 : 43.27"
"12,61 : 84.72"
"12,62 : 28.32"
"12,63 : 87.37"
"12,64 : 62.65"
"12,65 : 13.42"
"12,66 : 30.61"
"12,67 : 80.26"
"12,68 : 71.55"
"12,69 : 9.9"
"12,70 : 89.45"
"12,71 : 84.72"
"12,72 : 44.41"
"12,73 : 65.39"
"12,74 : 88.26"
"12,75 : 33.24"
"12,76 : 27.89"
"12,77 : 14.32"
"12,78 : 38.6"
"12,79 : 81.63"
"12,80 : 76.9"
"12,81 : 104.29"
"12,82 : 11.4"
"12,83 : 77.78"
"12,84 : 26.48"
"12,85 : 34.83"
"12,86 : 72.25"
"12,87 : 87.97"
"12,88 : 14.42"
"12,89 : 23.35"
"12,90 : 7.62"
"12,91 : 86.21"
"12,92 : 50.45"
"12,93 : 52.0"
"12,94 : 82.38"
"12,95 : 61.66"
"12,96 : 76.55"
"12,97 : 31.4"
"12,98 : 60.64"
"12,99 : 20.4"
"13,0 : 27.31"
"13,1 : 18.44"
"13,2 : 19.24"
"13,3 : 46.82"
"13,4 : 74.33"
"13,5 : 68.12"
"13,6 : 5.83"
"13,7 : 23.0"
"13,8 : 74.63"
"13,9 : 28.07"
"13,10 : 26.25"
"13,11 : 80.96"
"13,12 : 62.43"
"13,13 : 0.0"
"13,14 : 16.64"
"13,15 : 41.76"
"13,16 : 80.52"
"13,17 : 68.45"
"13,18 : 60.14"
"13,19 : 88.84"
"13,20 : 48.17"
"13,21 : 18.38"
"13,22 : 80.45"
"13,23 : 55.0"
"13,24 : 43.68"
"13,25 : 48.75"
"13,26 : 24.84"
"13,27 : 59.67"
"13,28 : 63.35"
"13,29 : 69.89"
"13,30 : 63.57"
"13,31 : 74.67"
"13,32 : 16.12"
"13,33 : 44.69"
"13,34 : 19.72"
"13,35 : 34.18"
"13,36 : 52.63"
"13,37 : 37.0"
"13,38 : 38.08"
"13,39 : 63.13"
"13,40 : 69.18"
"13,41 : 51.16"
"13,42 : 54.64"
"13,43 : 61.85"
"13,44 : 45.28"
"13,45 : 62.94"
"13,46 : 28.46"
"13,47 : 37.44"
"13,48 : 57.97"
"13,49 : 26.08"
"13,50 : 24.08"
"13,51 : 44.94"
"13,52 : 10.44"
"13,53 : 61.03"
"13,54 : 65.0"
"13,55 : 55.03"
"13,56 : 37.34"
"13,57 : 37.59"
"13,58 : 84.53"
"13,59 : 28.79"
"13,60 : 19.21"
"13,61 : 78.41"
"13,62 : 73.98"
"13,63 : 77.99"
"13,64 : 49.4"
"13,65 : 61.85"
"13,66 : 76.9"
"13,67 : 18.68"
"13,68 : 13.6"
"13,69 : 64.85"
"13,70 : 67.62"
"13,71 : 62.48"
"13,72 : 77.0"
"13,73 : 80.65"
"13,74 : 51.48"
"13,75 : 36.72"
"13,76 : 37.64"
"13,77 : 75.8"
"13,78 : 40.01"
"13,79 : 35.17"
"13,80 : 43.27"
"13,81 : 50.64"
"13,82 : 70.24"
"13,83 : 19.42"
"13,84 : 47.07"
"13,85 : 73.55"
"13,86 : 36.62"
"13,87 : 63.6"
"13,88 : 49.24"
"13,89 : 48.76"
"13,90 : 61.29"
"13,91 : 32.06"
"13,92 : 24.08"
"13,93 : 33.24"
"13,94 : 79.88"
"13,95 : 46.1"
"13,96 : 85.0"
"13,97 : 56.22"
"13,98 : 68.95"
"13,99 : 81.49"
"14,0 : 43.83"
"14,1 : 13.45"
"14,2 : 7.81"
"14,3 : 46.1"
"14,4 : 90.97"
"14,5 : 74.71"
"14,6 : 11.7"
"14,7 : 34.93"
"14,8 : 86.15"
"14,9 : 24.84"
"14,10 : 27.2"
"14,11 : 97.49"
"14,12 : 79.06"
"14,13 : 16.64"
"14,14 : 0.0"
"14,15 : 40.46"
"14,16 : 92.66"
"14,17 : 84.97"
"14,18 : 76.38"
"14,19 : 97.31"
"14,20 : 64.66"
"14,21 : 33.42"
"14,22 : 88.14"
"14,23 : 71.61"
"14,24 : 59.81"
"14,25 : 65.3"
"14,26 : 41.04"
"14,27 : 76.22"
"14,28 : 79.12"
"14,29 : 78.0"
"14,30 : 79.85"
"14,31 : 88.01"
"14,32 : 29.68"
"14,33 : 49.74"
"14,34 : 36.36"
"14,35 : 34.71"
"14,36 : 68.62"
"14,37 : 31.3"
"14,38 : 38.95"
"14,39 : 79.65"
"14,40 : 83.1"
"14,41 : 66.29"
"14,42 : 57.63"
"14,43 : 65.8"
"14,44 : 60.64"
"14,45 : 68.6"
"14,46 : 44.78"
"14,47 : 41.34"
"14,48 : 70.26"
"14,49 : 20.81"
"14,50 : 19.21"
"14,51 : 60.44"
"14,52 : 11.05"
"14,53 : 75.33"
"14,54 : 81.61"
"14,55 : 43.19"
"14,56 : 53.71"
"14,57 : 52.8"
"14,58 : 101.12"
"14,59 : 18.44"
"14,60 : 35.81"
"14,61 : 85.42"
"14,62 : 89.84"
"14,63 : 84.22"
"14,64 : 58.52"
"14,65 : 78.29"
"14,66 : 92.72"
"14,67 : 5.66"
"14,68 : 13.04"
"14,69 : 81.41"
"14,70 : 71.22"
"14,71 : 66.61"
"14,72 : 91.44"
"14,73 : 92.23"
"14,74 : 51.66"
"14,75 : 52.01"
"14,76 : 53.74"
"14,77 : 92.44"
"14,78 : 54.59"
"14,79 : 33.97"
"14,80 : 46.62"
"14,81 : 41.44"
"14,82 : 86.83"
"14,83 : 14.14"
"14,84 : 62.94"
"14,85 : 88.84"
"14,86 : 39.62"
"14,87 : 66.84"
"14,88 : 65.86"
"14,89 : 64.85"
"14,90 : 77.9"
"14,91 : 25.94"
"14,92 : 36.67"
"14,93 : 45.1"
"14,94 : 87.73"
"14,95 : 54.15"
"14,96 : 94.92"
"14,97 : 71.39"
"14,98 : 80.23"
"14,99 : 98.11"
"15,0 : 52.63"
"15,1 : 27.2"
"15,2 : 48.27"
"15,3 : 5.66"
"15,4 : 95.19"
"15,5 : 40.2"
"15,6 : 38.08"
"15,7 : 64.13"
"15,8 : 61.4"
"15,9 : 15.62"
"15,10 : 15.52"
"15,11 : 96.67"
"15,12 : 85.42"
"15,13 : 41.76"
"15,14 : 40.46"
"15,15 : 0.0"
"15,16 : 68.96"
"15,17 : 85.21"
"15,18 : 88.87"
"15,19 : 64.28"
"15,20 : 75.89"
"15,21 : 57.22"
"15,22 : 54.33"
"15,23 : 79.71"
"15,24 : 60.03"
"15,25 : 68.88"
"15,26 : 59.14"
"15,27 : 85.09"
"15,28 : 72.86"
"15,29 : 46.01"
"15,30 : 77.62"
"15,31 : 68.88"
"15,32 : 56.89"
"15,33 : 18.03"
"15,34 : 50.25"
"15,35 : 8.0"
"15,36 : 65.8"
"15,37 : 12.37"
"15,38 : 5.83"
"15,39 : 88.64"
"15,40 : 66.89"
"15,41 : 58.8"
"15,42 : 19.65"
"15,43 : 28.16"
"15,44 : 55.8"
"15,45 : 33.24"
"15,46 : 51.24"
"15,47 : 12.73"
"15,48 : 50.61"
"15,49 : 19.8"
"15,50 : 21.26"
"15,51 : 78.92"
"15,52 : 33.54"
"15,53 : 62.01"
"15,54 : 88.55"
"15,55 : 32.31"
"15,56 : 57.78"
"15,57 : 73.25"
"15,58 : 101.04"
"15,59 : 25.55"
"15,60 : 52.09"
"15,61 : 50.64"
"15,62 : 82.76"
"15,63 : 48.27"
"15,64 : 33.11"
"15,65 : 78.24"
"15,66 : 84.96"
"15,67 : 46.1"
"15,68 : 50.61"
"15,69 : 82.93"
"15,70 : 32.7"
"15,71 : 29.12"
"15,72 : 76.32"
"15,73 : 66.94"
"15,74 : 11.4"
"15,75 : 72.25"
"15,76 : 70.04"
"15,77 : 95.13"
"15,78 : 48.01"
"15,79 : 6.71"
"15,80 : 12.65"
"15,81 : 22.36"
"15,82 : 88.48"
"15,83 : 26.4"
"15,84 : 60.46"
"15,85 : 78.24"
"15,86 : 77.39"
"15,87 : 28.23"
"15,88 : 71.11"
"15,89 : 63.51"
"15,90 : 80.78"
"15,91 : 16.12"
"15,92 : 64.78"
"15,93 : 33.84"
"15,94 : 54.23"
"15,95 : 87.8"
"15,96 : 65.12"
"15,97 : 62.94"
"15,98 : 55.66"
"15,99 : 99.4"
"16,0 : 61.4"
"16,1 : 82.02"
"16,2 : 98.48"
"16,3 : 66.48"
"16,4 : 63.06"
"16,5 : 35.38"
"16,6 : 82.38"
"16,7 : 89.07"
"16,8 : 7.62"
"16,9 : 76.42"
"16,10 : 70.18"
"16,11 : 55.23"
"16,12 : 62.17"
"16,13 : 80.52"
"16,14 : 92.66"
"16,15 : 68.96"
"16,16 : 0.0"
"16,17 : 51.55"
"16,18 : 73.93"
"16,19 : 26.08"
"16,20 : 66.84"
"16,21 : 80.06"
"16,22 : 28.64"
"16,23 : 62.97"
"16,24 : 48.17"
"16,25 : 53.26"
"16,26 : 73.25"
"16,27 : 66.24"
"16,28 : 36.67"
"16,29 : 27.59"
"16,30 : 44.78"
"16,31 : 10.77"
"16,32 : 84.1"
"16,33 : 50.96"
"16,34 : 67.98"
"16,35 : 67.08"
"16,36 : 42.64"
"16,37 : 79.83"
"16,38 : 64.76"
"16,39 : 67.98"
"16,40 : 17.49"
"16,41 : 36.12"
"16,42 : 53.24"
"16,43 : 48.01"
"16,44 : 41.4"
"16,45 : 40.8"
"16,46 : 58.67"
"16,47 : 58.05"
"16,48 : 22.56"
"16,49 : 80.22"
"16,50 : 80.1"
"16,51 : 79.25"
"16,52 : 81.61"
"16,53 : 24.76"
"16,54 : 64.47"
"16,55 : 101.19"
"16,56 : 54.2"
"16,57 : 80.06"
"16,58 : 59.08"
"16,59 : 88.28"
"16,60 : 70.66"
"16,61 : 32.25"
"16,62 : 37.48"
"16,63 : 36.36"
"16,64 : 36.5"
"16,65 : 48.75"
"16,66 : 37.12"
"16,67 : 97.16"
"16,68 : 94.11"
"16,69 : 52.92"
"16,70 : 48.84"
"16,71 : 47.2"
"16,72 : 20.02"
"16,73 : 4.12"
"16,74 : 63.07"
"16,75 : 79.4"
"16,76 : 72.92"
"16,77 : 60.42"
"16,78 : 42.49"
"16,79 : 70.41"
"16,80 : 56.32"
"16,81 : 91.08"
"16,82 : 55.36"
"16,83 : 82.01"
"16,84 : 43.86"
"16,85 : 29.43"
"16,86 : 110.91"
"16,87 : 50.61"
"16,88 : 56.22"
"16,89 : 45.28"
"16,90 : 54.56"
"16,91 : 80.89"
"16,92 : 87.82"
"16,93 : 47.68"
"16,94 : 27.73"
"16,95 : 109.4"
"16,96 : 16.03"
"16,97 : 33.3"
"16,98 : 13.34"
"16,99 : 60.41"
"17,0 : 41.15"
"17,1 : 81.02"
"17,2 : 87.09"
"17,3 : 86.28"
"17,4 : 12.0"
"17,5 : 73.68"
"17,6 : 73.36"
"17,7 : 62.29"
"17,8 : 52.77"
"17,9 : 82.76"
"17,10 : 76.37"
"17,11 : 12.53"
"17,12 : 13.04"
"17,13 : 68.45"
"17,14 : 84.97"
"17,15 : 85.21"
"17,16 : 51.55"
"17,17 : 0.0"
"17,18 : 25.81"
"17,19 : 76.3"
"17,20 : 26.17"
"17,21 : 56.29"
"17,22 : 75.11"
"17,23 : 18.44"
"17,24 : 26.25"
"17,25 : 19.7"
"17,26 : 47.07"
"17,27 : 18.36"
"17,28 : 16.0"
"17,29 : 68.12"
"17,30 : 8.25"
"17,31 : 40.8"
"17,32 : 61.39"
"17,33 : 71.12"
"17,34 : 48.85"
"17,35 : 78.87"
"17,36 : 19.42"
"17,37 : 90.55"
"17,38 : 79.4"
"17,39 : 18.44"
"17,40 : 34.71"
"17,41 : 27.31"
"17,42 : 80.23"
"17,43 : 80.36"
"17,44 : 29.41"
"17,45 : 74.95"
"17,46 : 40.31"
"17,47 : 72.67"
"17,48 : 44.41"
"17,49 : 84.39"
"17,50 : 83.1"
"17,51 : 39.05"
"17,52 : 75.8"
"17,53 : 31.02"
"17,54 : 14.14"
"17,55 : 113.85"
"17,56 : 31.38"
"17,57 : 44.18"
"17,58 : 16.4"
"17,59 : 91.21"
"17,60 : 49.98"
"17,61 : 77.0"
"17,62 : 15.62"
"17,63 : 80.06"
"17,64 : 58.52"
"17,65 : 7.07"
"17,66 : 17.69"
"17,67 : 86.93"
"17,68 : 79.06"
"17,69 : 4.0"
"17,70 : 84.4"
"17,71 : 80.08"
"17,72 : 32.65"
"17,73 : 55.08"
"17,74 : 86.35"
"17,75 : 44.1"
"17,76 : 38.0"
"17,77 : 10.44"
"17,78 : 37.2"
"17,79 : 82.33"
"17,80 : 75.29"
"17,81 : 105.55"
"17,82 : 4.0"
"17,83 : 81.61"
"17,84 : 24.84"
"17,85 : 22.83"
"17,86 : 83.01"
"17,87 : 83.52"
"17,88 : 19.65"
"17,89 : 21.93"
"17,90 : 8.0"
"17,91 : 88.41"
"17,92 : 60.21"
"17,93 : 51.4"
"17,94 : 74.11"
"17,95 : 73.76"
"17,96 : 66.71"
"17,97 : 24.74"
"17,98 : 52.09"
"17,99 : 14.21"
"18,0 : 36.67"
"18,1 : 76.61"
"18,2 : 76.22"
"18,3 : 91.48"
"18,4 : 21.21"
"18,5 : 88.68"
"18,6 : 65.86"
"18,7 : 46.07"
"18,8 : 73.41"
"18,9 : 81.88"
"18,10 : 76.49"
"18,11 : 33.24"
"18,12 : 12.81"
"18,13 : 60.14"
"18,14 : 76.38"
"18,15 : 88.87"
"18,16 : 73.93"
"18,17 : 25.81"
"18,18 : 0.0"
"18,19 : 96.57"
"18,20 : 13.0"
"18,21 : 43.42"
"18,22 : 93.41"
"18,23 : 11.4"
"18,24 : 32.02"
"18,25 : 23.19"
"18,26 : 35.36"
"18,27 : 7.81"
"18,28 : 37.44"
"18,29 : 84.72"
"18,30 : 29.83"
"18,31 : 63.29"
"18,32 : 48.01"
"18,33 : 78.92"
"18,34 : 41.62"
"18,35 : 81.34"
"18,36 : 32.57"
"18,37 : 90.79"
"18,38 : 83.17"
"18,39 : 7.62"
"18,40 : 56.44"
"18,41 : 41.23"
"18,42 : 89.56"
"18,43 : 92.02"
"18,44 : 39.2"
"18,45 : 88.09"
"18,46 : 37.7"
"18,47 : 77.62"
"18,48 : 60.88"
"18,49 : 82.15"
"18,50 : 80.45"
"18,51 : 18.03"
"18,52 : 69.66"
"18,53 : 50.16"
"18,54 : 12.08"
"18,55 : 112.68"
"18,56 : 31.58"
"18,57 : 25.5"
"18,58 : 34.37"
"18,59 : 87.42"
"18,60 : 41.23"
"18,61 : 94.37"
"18,62 : 41.11"
"18,63 : 96.69"
"18,64 : 70.01"
"18,65 : 25.61"
"18,66 : 43.42"
"18,67 : 76.69"
"18,68 : 67.2"
"18,69 : 22.67"
"18,70 : 97.01"
"18,71 : 92.01"
"18,72 : 56.85"
"18,73 : 76.94"
"18,74 : 93.17"
"18,75 : 25.94"
"18,76 : 22.67"
"18,77 : 24.52"
"18,78 : 45.01"
"18,79 : 84.31"
"18,80 : 81.79"
"18,81 : 106.0"
"18,82 : 23.71"
"18,83 : 77.42"
"18,84 : 34.37"
"18,85 : 47.42"
"18,86 : 63.56"
"18,87 : 95.05"
"18,88 : 20.1"
"18,89 : 31.58"
"18,90 : 19.85"
"18,91 : 87.32"
"18,92 : 43.83"
"18,93 : 56.89"
"18,94 : 92.44"
"18,95 : 51.01"
"18,96 : 87.73"
"18,97 : 41.79"
"18,98 : 71.17"
"18,99 : 30.27"
"19,0 : 76.49"
"19,1 : 84.76"
"19,2 : 104.28"
"19,3 : 60.03"
"19,4 : 88.12"
"19,5 : 24.08"
"19,6 : 89.01"
"19,7 : 102.65"
"19,8 : 23.54"
"19,9 : 76.16"
"19,10 : 71.17"
"19,11 : 81.06"
"19,12 : 85.73"
"19,13 : 88.84"
"19,14 : 97.31"
"19,15 : 64.28"
"19,16 : 26.08"
"19,17 : 76.3"
"19,18 : 96.57"
"19,19 : 0.0"
"19,20 : 87.66"
"19,21 : 93.43"
"19,22 : 10.0"
"19,23 : 85.23"
"19,24 : 67.23"
"19,25 : 74.25"
"19,26 : 88.46"
"19,27 : 89.2"
"19,28 : 60.64"
"19,29 : 19.31"
"19,30 : 68.88"
"19,31 : 36.06"
"19,32 : 96.54"
"19,33 : 48.51"
"19,34 : 81.34"
"19,35 : 65.51"
"19,36 : 64.08"
"19,37 : 76.53"
"19,38 : 61.98"
"19,39 : 91.39"
"19,40 : 41.59"
"19,41 : 55.9"
"19,42 : 45.01"
"19,43 : 37.05"
"19,44 : 59.68"
"19,45 : 31.06"
"19,46 : 73.66"
"19,47 : 57.01"
"19,48 : 36.89"
"19,49 : 80.52"
"19,50 : 81.04"
"19,51 : 98.79"
"19,52 : 86.82"
"19,53 : 46.49"
"19,54 : 88.32"
"19,55 : 94.19"
"19,56 : 71.85"
"19,57 : 98.01"
"19,58 : 85.01"
"19,59 : 88.07"
"19,60 : 84.17"
"19,61 : 14.14"
"19,62 : 63.13"
"19,63 : 17.72"
"19,64 : 39.45"
"19,65 : 72.53"
"19,66 : 63.01"
"19,67 : 102.55"
"19,68 : 102.08"
"19,69 : 77.13"
"19,70 : 34.71"
"19,71 : 36.06"
"19,72 : 46.01"
"19,73 : 22.02"
"19,74 : 55.01"
"19,75 : 97.2"
"19,76 : 91.26"
"19,77 : 85.71"
"19,78 : 57.63"
"19,79 : 68.07"
"19,80 : 52.95"
"19,81 : 84.1"
"19,82 : 80.23"
"19,83 : 84.43"
"19,84 : 63.53"
"19,85 : 55.08"
"19,86 : 123.23"
"19,87 : 38.33"
"19,88 : 77.39"
"19,89 : 65.74"
"19,90 : 78.16"
"19,91 : 79.25"
"19,92 : 101.86"
"19,93 : 56.4"
"19,94 : 10.05"
"19,95 : 125.21"
"19,96 : 10.05"
"19,97 : 54.78"
"19,98 : 25.5"
"19,99 : 86.15"
"20,0 : 23.71"
"20,1 : 64.03"
"20,2 : 65.19"
"20,3 : 78.59"
"20,4 : 27.51"
"20,5 : 77.67"
"20,6 : 53.76"
"20,7 : 37.11"
"20,8 : 65.19"
"20,9 : 68.96"
"20,10 : 63.51"
"20,11 : 37.12"
"20,12 : 15.52"
"20,13 : 48.17"
"20,14 : 64.66"
"20,15 : 75.89"
"20,16 : 66.84"
"20,17 : 26.17"
"20,18 : 13.0"
"20,19 : 87.66"
"20,20 : 0.0"
"20,21 : 32.65"
"20,22 : 83.57"
"20,23 : 8.06"
"20,24 : 20.88"
"20,25 : 13.6"
"20,26 : 23.85"
"20,27 : 11.66"
"20,28 : 32.2"
"20,29 : 74.33"
"20,30 : 26.4"
"20,31 : 56.64"
"20,32 : 37.58"
"20,33 : 66.37"
"20,34 : 29.07"
"20,35 : 68.35"
"20,36 : 24.21"
"20,37 : 77.83"
"20,38 : 70.21"
"20,39 : 15.0"
"20,40 : 49.58"
"20,41 : 31.76"
"20,42 : 77.16"
"20,43 : 80.06"
"20,44 : 28.46"
"20,45 : 76.53"
"20,46 : 24.7"
"20,47 : 64.76"
"20,48 : 51.08"
"20,49 : 69.34"
"20,50 : 67.68"
"20,51 : 13.42"
"20,52 : 57.31"
"20,53 : 42.2"
"20,54 : 17.46"
"20,55 : 99.86"
"20,56 : 19.03"
"20,57 : 18.03"
"20,58 : 39.62"
"20,59 : 74.81"
"20,60 : 29.0"
"20,61 : 84.12"
"20,62 : 39.0"
"20,63 : 86.13"
"20,64 : 58.31"
"20,65 : 22.47"
"20,66 : 41.79"
"20,67 : 65.46"
"20,68 : 56.44"
"20,69 : 22.2"
"20,70 : 85.21"
"20,71 : 80.1"
"20,72 : 52.01"
"20,73 : 69.4"
"20,74 : 80.41"
"20,75 : 18.0"
"20,76 : 12.37"
"20,77 : 29.83"
"20,78 : 33.24"
"20,79 : 71.31"
"20,80 : 69.05"
"20,81 : 93.06"
"20,82 : 26.02"
"20,83 : 64.82"
"20,84 : 24.17"
"20,85 : 43.57"
"20,86 : 57.04"
"20,87 : 83.02"
"20,88 : 10.63"
"20,89 : 21.95"
"20,90 : 18.25"
"20,91 : 74.43"
"20,92 : 34.93"
"20,93 : 44.28"
"20,94 : 82.64"
"20,95 : 47.8"
"20,96 : 79.4"
"20,97 : 33.6"
"20,98 : 62.18"
"20,99 : 35.9"
"21,0 : 18.97"
"21,1 : 36.69"
"21,2 : 32.8"
"21,3 : 61.66"
"21,4 : 60.01"
"21,5 : 75.8"
"21,6 : 24.17"
"21,7 : 9.22"
"21,8 : 75.47"
"21,9 : 45.28"
"21,10 : 42.01"
"21,11 : 68.41"
"21,12 : 47.93"
"21,13 : 18.38"
"21,14 : 33.42"
"21,15 : 57.22"
"21,16 : 80.06"
"21,17 : 56.29"
"21,18 : 43.42"
"21,19 : 93.43"
"21,20 : 32.65"
"21,21 : 0.0"
"21,22 : 86.31"
"21,23 : 40.31"
"21,24 : 35.36"
"21,25 : 37.22"
"21,26 : 9.22"
"21,27 : 44.29"
"21,28 : 55.15"
"21,29 : 75.74"
"21,30 : 53.15"
"21,31 : 72.24"
"21,32 : 5.1"
"21,33 : 55.54"
"21,34 : 12.21"
"21,35 : 49.25"
"21,36 : 44.18"
"21,37 : 54.45"
"21,38 : 52.61"
"21,39 : 47.51"
"21,40 : 65.79"
"21,41 : 45.88"
"21,42 : 66.48"
"21,43 : 72.45"
"21,44 : 39.85"
"21,45 : 71.87"
"21,46 : 21.54"
"21,47 : 50.0"
"21,48 : 58.52"
"21,49 : 43.93"
"21,50 : 41.98"
"21,51 : 27.02"
"21,52 : 28.79"
"21,53 : 57.25"
"21,54 : 50.09"
"21,55 : 73.39"
"21,56 : 28.28"
"21,57 : 19.42"
"21,58 : 71.47"
"21,59 : 47.17"
"21,60 : 9.43"
"21,61 : 85.15"
"21,62 : 65.0"
"21,63 : 85.6"
"21,64 : 55.44"
"21,65 : 50.49"
"21,66 : 68.0"
"21,67 : 33.3"
"21,68 : 23.85"
"21,69 : 52.39"
"21,70 : 78.26"
"21,71 : 72.9"
"21,72 : 72.03"
"21,73 : 81.12"
"21,74 : 65.51"
"21,75 : 18.6"
"21,76 : 20.81"
"21,77 : 62.03"
"21,78 : 37.59"
"21,79 : 51.04"
"21,80 : 55.66"
"21,81 : 68.66"
"21,82 : 57.28"
"21,83 : 37.64"
"21,84 : 39.62"
"21,85 : 66.48"
"21,86 : 30.87"
"21,87 : 74.73"
"21,88 : 36.67"
"21,89 : 40.2"
"21,90 : 48.51"
"21,91 : 49.82"
"21,92 : 8.6"
"21,93 : 37.64"
"21,94 : 85.59"
"21,95 : 32.76"
"21,96 : 87.8"
"21,97 : 50.45"
"21,98 : 70.46"
"21,99 : 68.01"
"22,0 : 70.21"
"22,1 : 75.39"
"22,2 : 95.26"
"22,3 : 50.04"
"22,4 : 87.09"
"22,5 : 14.14"
"22,6 : 80.26"
"22,7 : 95.48"
"22,8 : 23.54"
"22,9 : 66.48"
"22,10 : 61.68"
"22,11 : 81.3"
"22,12 : 83.36"
"22,13 : 80.45"
"22,14 : 88.14"
"22,15 : 54.33"
"22,16 : 28.64"
"22,17 : 75.11"
"22,18 : 93.41"
"22,19 : 10.0"
"22,20 : 83.57"
"22,21 : 86.31"
"22,22 : 0.0"
"22,23 : 82.01"
"22,24 : 62.77"
"22,25 : 70.52"
"22,26 : 82.01"
"22,27 : 86.35"
"22,28 : 59.14"
"22,29 : 10.63"
"22,30 : 67.27"
"22,31 : 36.88"
"22,32 : 89.11"
"22,33 : 38.9"
"22,34 : 74.41"
"22,35 : 55.79"
"22,36 : 60.88"
"22,37 : 66.61"
"22,38 : 52.17"
"22,39 : 88.84"
"22,40 : 41.11"
"22,41 : 52.2"
"22,42 : 35.01"
"22,43 : 27.07"
"22,44 : 55.15"
"22,45 : 21.1"
"22,46 : 67.42"
"22,47 : 47.43"
"22,48 : 32.57"
"22,49 : 70.88"
"22,50 : 71.47"
"22,51 : 93.91"
"22,52 : 77.83"
"22,53 : 44.28"
"22,54 : 86.15"
"22,55 : 84.21"
"22,56 : 66.65"
"22,57 : 92.44"
"22,58 : 85.48"
"22,59 : 78.34"
"22,60 : 77.23"
"22,61 : 4.47"
"22,62 : 63.29"
"22,63 : 8.6"
"22,64 : 31.24"
"22,65 : 70.58"
"22,66 : 63.64"
"22,67 : 93.47"
"22,68 : 93.49"
"22,69 : 75.43"
"22,70 : 25.0"
"22,71 : 26.08"
"22,72 : 47.3"
"22,73 : 24.6"
"22,74 : 45.01"
"22,75 : 91.59"
"22,76 : 85.96"
"22,77 : 85.01"
"22,78 : 51.97"
"22,79 : 58.25"
"22,80 : 43.17"
"22,81 : 74.11"
"22,82 : 79.1"
"22,83 : 75.03"
"22,84 : 59.46"
"22,85 : 55.44"
"22,86 : 115.52"
"22,87 : 28.44"
"22,88 : 73.68"
"22,89 : 61.98"
"22,90 : 75.95"
"22,91 : 69.43"
"22,92 : 94.85"
"22,93 : 48.8"
"22,94 : 1.0"
"22,95 : 118.56"
"22,96 : 14.87"
"22,97 : 51.97"
"22,98 : 23.02"
"22,99 : 86.15"
"23,0 : 29.07"
"23,1 : 70.04"
"23,2 : 72.56"
"23,3 : 81.93"
"23,4 : 19.7"
"23,5 : 77.41"
"23,6 : 60.44"
"23,7 : 45.12"
"23,8 : 62.17"
"23,9 : 74.06"
"23,10 : 68.26"
"23,11 : 29.07"
"23,12 : 7.62"
"23,13 : 55.0"
"23,14 : 71.61"
"23,15 : 79.71"
"23,16 : 62.97"
"23,17 : 18.44"
"23,18 : 11.4"
"23,19 : 85.23"
"23,20 : 8.06"
"23,21 : 40.31"
"23,22 : 82.01"
"23,23 : 0.0"
"23,24 : 21.1"
"23,25 : 12.0"
"23,26 : 31.3"
"23,27 : 5.39"
"23,28 : 26.91"
"23,29 : 73.35"
"23,30 : 20.0"
"23,31 : 52.43"
"23,32 : 45.31"
"23,33 : 68.66"
"23,34 : 35.47"
"23,35 : 72.45"
"23,36 : 21.19"
"23,37 : 82.68"
"23,38 : 73.93"
"23,39 : 8.94"
"23,40 : 45.49"
"23,41 : 29.83"
"23,42 : 79.08"
"23,43 : 81.15"
"23,44 : 28.02"
"23,45 : 77.01"
"23,46 : 29.41"
"23,47 : 68.01"
"23,48 : 49.48"
"23,49 : 74.81"
"23,50 : 73.25"
"23,51 : 20.62"
"23,52 : 63.7"
"23,53 : 38.91"
"23,54 : 10.0"
"23,55 : 105.21"
"23,56 : 21.93"
"23,57 : 26.0"
"23,58 : 31.58"
"23,59 : 80.72"
"23,60 : 35.81"
"23,61 : 82.98"
"23,62 : 32.25"
"23,63 : 85.33"
"23,64 : 59.03"
"23,65 : 15.81"
"23,66 : 34.89"
"23,67 : 72.72"
"23,68 : 63.95"
"23,69 : 14.56"
"23,70 : 86.02"
"23,71 : 81.1"
"23,72 : 46.67"
"23,73 : 65.86"
"23,74 : 83.24"
"23,75 : 26.02"
"23,76 : 20.4"
"23,77 : 21.84"
"23,78 : 34.23"
"23,79 : 75.59"
"23,80 : 71.84"
"23,81 : 97.94"
"23,82 : 18.0"
"23,83 : 70.77"
"23,84 : 23.09"
"23,85 : 37.64"
"23,86 : 65.07"
"23,87 : 84.21"
"23,88 : 9.06"
"23,89 : 20.22"
"23,90 : 10.77"
"23,91 : 79.63"
"23,92 : 42.95"
"23,93 : 46.84"
"23,94 : 81.04"
"23,95 : 55.32"
"23,96 : 76.49"
"23,97 : 30.46"
"23,98 : 59.81"
"23,99 : 27.89"
"24,0 : 17.03"
"24,1 : 54.92"
"24,2 : 62.82"
"24,3 : 61.74"
"24,4 : 35.23"
"24,5 : 56.89"
"24,6 : 48.1"
"24,7 : 43.42"
"24,8 : 45.45"
"24,9 : 56.57"
"24,10 : 50.25"
"24,11 : 38.6"
"24,12 : 25.63"
"24,13 : 43.68"
"24,14 : 59.81"
"24,15 : 60.03"
"24,16 : 48.17"
"24,17 : 26.25"
"24,18 : 32.02"
"24,19 : 67.23"
"24,20 : 20.88"
"24,21 : 35.36"
"24,22 : 62.77"
"24,23 : 21.1"
"24,24 : 0.0"
"24,25 : 9.22"
"24,26 : 26.93"
"24,27 : 26.31"
"24,28 : 20.02"
"24,29 : 53.45"
"24,30 : 20.12"
"24,31 : 38.83"
"24,32 : 40.2"
"24,33 : 47.8"
"24,34 : 25.08"
"24,35 : 53.25"
"24,36 : 9.06"
"24,37 : 64.54"
"24,38 : 54.2"
"24,39 : 29.61"
"24,40 : 31.91"
"24,41 : 12.04"
"24,42 : 58.05"
"24,43 : 60.07"
"24,44 : 7.62"
"24,45 : 56.08"
"24,46 : 15.3"
"24,47 : 47.85"
"24,48 : 30.41"
"24,49 : 58.14"
"24,50 : 56.85"
"24,51 : 31.62"
"24,52 : 50.09"
"24,53 : 23.6"
"24,54 : 28.79"
"24,55 : 87.73"
"24,56 : 7.07"
"24,57 : 31.89"
"24,58 : 42.64"
"24,59 : 65.0"
"24,60 : 27.0"
"24,61 : 63.25"
"24,62 : 30.41"
"24,63 : 65.25"
"24,64 : 38.0"
"24,65 : 19.21"
"24,66 : 33.38"
"24,67 : 62.36"
"24,68 : 55.58"
"24,69 : 23.35"
"24,70 : 65.0"
"24,71 : 60.03"
"24,72 : 37.0"
"24,73 : 50.21"
"24,74 : 62.63"
"24,75 : 31.24"
"24,76 : 24.76"
"24,77 : 35.47"
"24,78 : 13.15"
"24,79 : 56.61"
"24,80 : 51.26"
"24,81 : 79.65"
"24,82 : 29.0"
"24,83 : 55.47"
"24,84 : 4.47"
"24,85 : 31.14"
"24,86 : 65.52"
"24,87 : 63.13"
"24,88 : 12.04"
"24,89 : 5.1"
"24,90 : 20.81"
"24,91 : 62.23"
"24,92 : 41.76"
"24,93 : 26.4"
"24,94 : 61.85"
"24,95 : 61.59"
"24,96 : 59.41"
"24,97 : 15.65"
"24,98 : 41.88"
"24,99 : 40.31"
"25,0 : 21.47"
"25,1 : 61.85"
"25,2 : 67.42"
"25,3 : 70.77"
"25,4 : 26.91"
"25,5 : 65.49"
"25,6 : 53.71"
"25,7 : 44.05"
"25,8 : 51.62"
"25,9 : 64.54"
"25,10 : 58.41"
"25,11 : 32.2"
"25,12 : 16.55"
"25,13 : 48.75"
"25,14 : 65.3"
"25,15 : 68.88"
"25,16 : 53.26"
"25,17 : 19.7"
"25,18 : 23.19"
"25,19 : 74.25"
"25,20 : 13.6"
"25,21 : 37.22"
"25,22 : 70.52"
"25,23 : 12.0"
"25,24 : 9.22"
"25,25 : 0.0"
"25,26 : 28.07"
"25,27 : 17.12"
"25,28 : 19.7"
"25,29 : 61.61"
"25,30 : 16.0"
"25,31 : 43.14"
"25,32 : 42.3"
"25,33 : 57.01"
"25,34 : 29.15"
"25,35 : 61.91"
"25,36 : 10.63"
"25,37 : 72.8"
"25,38 : 63.06"
"25,39 : 20.4"
"25,40 : 36.07"
"25,41 : 18.38"
"25,42 : 67.27"
"25,43 : 69.18"
"25,44 : 16.03"
"25,45 : 65.01"
"25,46 : 20.81"
"25,47 : 56.86"
"25,48 : 37.95"
"25,49 : 65.76"
"25,50 : 64.35"
"25,51 : 26.25"
"25,52 : 56.3"
"25,53 : 28.6"
"25,54 : 19.7"
"25,55 : 95.78"
"25,56 : 12.04"
"25,57 : 28.64"
"25,58 : 35.85"
"25,59 : 72.25"
"25,60 : 30.36"
"25,61 : 71.31"
"25,62 : 28.28"
"25,63 : 73.55"
"25,64 : 47.04"
"25,65 : 13.34"
"25,66 : 31.26"
"25,67 : 67.23"
"25,68 : 59.48"
