x,y
24,43
68,47
1,41
5,92
91,51
26,92
89,7
42,57
19,30
97,82
30,80
33,87
35,0
77,10
1,99
40,81
33,48
5,86
13,38
88,27
15,69
97,5
80,55
100,96
30,94
49,79
69,68
2,56
38,19
41,49
19,73
43,53
87,26
27,81
24,70
75,88
53,16
67,63
21,83
27,79
74,68
36,34
72,92
56,36
78,29
3,71
20,7
51,9
14,73
90,80
98,65
96,13
26,13
81,85
15,23
84,0
84,56
67,1
49,84
61,1
53,98
42,14
47,50
88,29
81,31
63,42
50,49
76,9
39,89
12,36
90,63
66,52
93,32
12,91
82,0
82,18
34,100
7,100
12,57
14,46
68,84
27,62
76,8
63,14
23,78
47,58
40,11
40,8
45,90
73,69
30,57
77,32
43,11
71,74
17,90
98,7
77,55
80,58
36,34
95,61

Distanze
"0,0 : 0.0"
"0,1 : 23.43"
"0,2 : 31.76"
"0,3 : 35.01"
"0,4 : 93.02"
"0,5 : 45.45"
"0,6 : 53.71"
"0,7 : 55.04"
"0,8 : 22.56"
"0,9 : 7.0"
"0,10 : 61.39"
"0,11 : 109.27"
"0,12 : 93.61"
"0,13 : 102.73"
"0,14 : 73.06"
"0,15 : 31.4"
"0,16 : 33.14"
"0,17 : 7.81"
"0,18 : 69.2"
"0,19 : 60.21"
"0,20 : 20.4"
"0,21 : 80.92"
"0,22 : 103.58"
"0,23 : 104.06"
"0,24 : 102.62"
"0,25 : 22.56"
"0,26 : 41.23"
"0,27 : 109.27"
"0,28 : 58.14"
"0,29 : 35.13"
"0,30 : 93.54"
"0,31 : 40.22"
"0,32 : 100.5"
"0,33 : 55.57"
"0,34 : 60.17"
"0,35 : 98.68"
"0,36 : 90.45"
"0,37 : 73.82"
"0,38 : 49.03"
"0,39 : 80.61"
"0,40 : 74.17"
"0,41 : 82.28"
"0,42 : 47.17"
"0,43 : 77.83"
"0,44 : 48.3"
"0,45 : 30.02"
"0,46 : 27.07"
"0,47 : 89.27"
"0,48 : 53.0"
"0,49 : 20.62"
"0,50 : 77.49"
"0,51 : 97.42"
"0,52 : 41.18"
"0,53 : 70.6"
"0,54 : 75.03"
"0,55 : 81.47"
"0,56 : 92.57"
"0,57 : 96.01"
"0,58 : 49.4"
"0,59 : 99.04"
"0,60 : 83.36"
"0,61 : 58.01"
"0,62 : 69.07"
"0,63 : 84.6"
"0,64 : 65.46"
"0,65 : 55.33"
"0,66 : 19.92"
"0,67 : 31.4"
"0,68 : 75.72"
"0,69 : 43.97"
"0,70 : 37.05"
"0,71 : 43.93"
"0,72 : 71.56"
"0,73 : 74.0"
"0,74 : 99.04"
"0,75 : 94.24"
"0,76 : 71.34"
"0,77 : 98.23"
"0,78 : 101.87"
"0,79 : 33.24"
"0,80 : 79.25"
"0,81 : 76.79"
"0,82 : 48.83"
"0,83 : 84.06"
"0,84 : 34.66"
"0,85 : 87.66"
"0,86 : 16.64"
"0,87 : 68.62"
"0,88 : 50.92"
"0,89 : 49.98"
"0,90 : 94.83"
"0,91 : 17.09"
"0,92 : 35.81"
"0,93 : 95.48"
"0,94 : 35.17"
"0,95 : 47.43"
"0,96 : 93.01"
"0,97 : 66.6"
"0,98 : 43.0"
"0,99 : 35.81"
"1,0 : 23.43"
"1,1 : 0.0"
"1,2 : 31.62"
"1,3 : 26.25"
"1,4 : 76.9"
"1,5 : 22.02"
"1,6 : 34.23"
"1,7 : 39.22"
"1,8 : 10.77"
"1,9 : 28.43"
"1,10 : 50.48"
"1,11 : 86.31"
"1,12 : 72.37"
"1,13 : 79.65"
"1,14 : 51.62"
"1,15 : 8.06"
"1,16 : 23.43"
"1,17 : 15.81"
"1,18 : 45.8"
"1,19 : 38.63"
"1,20 : 11.18"
"1,21 : 58.01"
"1,22 : 82.87"
"1,23 : 82.46"
"1,24 : 81.88"
"1,25 : 14.76"
"1,26 : 17.8"
"1,27 : 86.31"
"1,28 : 44.28"
"1,29 : 25.0"
"1,30 : 70.68"
"1,31 : 18.68"
"1,32 : 85.73"
"1,33 : 32.7"
"1,34 : 41.19"
"1,35 : 77.13"
"1,36 : 72.25"
"1,37 : 58.42"
"1,38 : 33.96"
"1,39 : 57.31"
"1,40 : 56.89"
"1,41 : 61.52"
"1,42 : 34.67"
"1,43 : 58.69"
"1,44 : 44.65"
"1,45 : 22.67"
"1,46 : 20.0"
"1,47 : 76.16"
"1,48 : 42.05"
"1,49 : 13.93"
"1,50 : 68.6"
"1,51 : 74.3"
"1,52 : 18.68"
"1,53 : 60.46"
"1,54 : 55.73"
"1,55 : 58.41"
"1,56 : 73.03"
"1,57 : 79.62"
"1,58 : 26.4"
"1,59 : 75.66"
"1,60 : 70.68"
"1,61 : 46.24"
"1,62 : 45.79"
"1,63 : 61.74"
"1,64 : 42.19"
"1,65 : 42.54"
"1,66 : 9.06"
"1,67 : 10.05"
"1,68 : 53.67"
"1,69 : 27.46"
"1,70 : 25.5"
"1,71 : 34.66"
"1,72 : 49.66"
"1,73 : 57.97"
"1,74 : 86.41"
"1,75 : 72.78"
"1,76 : 57.07"
"1,77 : 76.24"
"1,78 : 89.9"
"1,79 : 10.0"
"1,80 : 60.01"
"1,81 : 63.56"
"1,82 : 26.93"
"1,83 : 62.17"
"1,84 : 11.66"
"1,85 : 65.37"
"1,86 : 7.21"
"1,87 : 50.16"
"1,88 : 33.02"
"1,89 : 32.02"
"1,90 : 83.19"
"1,91 : 21.1"
"1,92 : 12.53"
"1,93 : 72.25"
"1,94 : 21.02"
"1,95 : 46.96"
"1,96 : 76.3"
"1,97 : 43.6"
"1,98 : 29.15"
"1,99 : 12.53"
"2,0 : 31.76"
"2,1 : 31.62"
"2,2 : 0.0"
"2,3 : 56.82"
"2,4 : 66.29"
"2,5 : 44.55"
"2,6 : 64.28"
"2,7 : 31.91"
"2,8 : 20.88"
"2,9 : 29.12"
"2,10 : 32.06"
"2,11 : 96.18"
"2,12 : 75.21"
"2,13 : 90.69"
"2,14 : 78.52"
"2,15 : 34.13"
"2,16 : 13.0"
"2,17 : 31.14"
"2,18 : 63.07"
"2,19 : 66.12"
"2,20 : 20.62"
"2,21 : 80.65"
"2,22 : 83.35"
"2,23 : 86.02"
"2,24 : 82.49"
"2,25 : 43.57"
"2,26 : 41.19"
"2,27 : 96.18"
"2,28 : 31.95"
"2,29 : 55.9"
"2,30 : 80.72"
"2,31 : 48.26"
"2,32 : 72.17"
"2,33 : 47.42"
"2,34 : 71.25"
"2,35 : 80.8"
"2,36 : 66.48"
"2,37 : 89.63"
"2,38 : 65.52"
"2,39 : 77.62"
"2,40 : 50.16"
"2,41 : 63.6"
"2,42 : 21.95"
"2,43 : 88.01"
"2,44 : 16.55"
"2,45 : 52.48"
"2,46 : 49.4"
"2,47 : 60.0"
"2,48 : 73.54"
"2,49 : 41.88"
"2,50 : 46.32"
"2,51 : 85.91"
"2,52 : 35.9"
"2,53 : 40.2"
"2,54 : 85.01"
"2,55 : 80.32"
"2,56 : 70.66"
"2,57 : 69.43"
"2,58 : 43.32"
"2,59 : 93.94"
"2,60 : 54.0"
"2,61 : 77.83"
"2,62 : 61.29"
"2,63 : 72.47"
"2,64 : 58.14"
"2,65 : 28.46"
"2,66 : 22.85"
"2,67 : 41.0"
"2,68 : 79.25"
"2,69 : 58.94"
"2,70 : 15.81"
"2,71 : 16.16"
"2,72 : 75.8"
"2,73 : 48.38"
"2,74 : 69.18"
"2,75 : 76.4"
"2,76 : 88.53"
"2,77 : 81.69"
"2,78 : 71.57"
"2,79 : 38.21"
"2,80 : 57.8"
"2,81 : 48.17"
"2,82 : 55.0"
"2,83 : 87.66"
"2,84 : 40.2"
"2,85 : 89.74"
"2,86 : 27.78"
"2,87 : 80.22"
"2,88 : 63.95"
"2,89 : 62.97"
"2,90 : 64.5"
"2,91 : 15.0"
"2,92 : 36.01"
"2,93 : 92.2"
"2,94 : 52.55"
"2,95 : 16.28"
"2,96 : 66.94"
"2,97 : 66.94"
"2,98 : 21.21"
"2,99 : 36.01"
"3,0 : 35.01"
"3,1 : 26.25"
"3,2 : 56.82"
"3,3 : 0.0"
"3,4 : 99.16"
"3,5 : 34.53"
"3,6 : 25.24"
"3,7 : 63.29"
"3,8 : 36.62"
"3,9 : 42.01"
"3,10 : 76.06"
"3,11 : 95.9"
"3,12 : 88.2"
"3,13 : 88.84"
"3,14 : 45.61"
"3,15 : 28.84"
"3,16 : 49.68"
"3,17 : 29.27"
"3,18 : 54.45"
"3,19 : 34.89"
"3,20 : 36.36"
"3,21 : 57.71"
"3,22 : 99.32"
"3,23 : 97.0"
"3,24 : 98.33"
"3,25 : 13.6"
"3,26 : 32.28"
"3,27 : 95.9"
"3,28 : 69.07"
"3,29 : 2.0"
"3,30 : 81.61"
"3,31 : 22.09"
"3,32 : 108.75"
"3,33 : 47.52"
"3,34 : 29.7"
"3,35 : 92.02"
"3,36 : 92.72"
"3,37 : 39.29"
"3,38 : 15.81"
"3,39 : 60.17"
"3,40 : 78.92"
"3,41 : 78.92"
"3,42 : 60.31"
"3,43 : 46.04"
"3,44 : 70.8"
"3,45 : 5.0"
"3,46 : 8.06"
"3,47 : 100.34"
"3,48 : 18.03"
"3,49 : 15.52"
"3,50 : 94.37"
"3,51 : 83.55"
"3,52 : 38.08"
"3,53 : 86.05"
"3,54 : 43.6"
"3,55 : 59.03"
"3,56 : 91.78"
"3,57 : 101.59"
"3,58 : 41.98"
"3,59 : 78.29"
"3,60 : 95.19"
"3,61 : 23.0"
"3,62 : 56.14"
"3,63 : 73.25"
"3,64 : 53.04"
"3,65 : 67.8"
"3,66 : 34.13"
"3,67 : 20.59"
"3,68 : 49.65"
"3,69 : 13.89"
"3,70 : 51.62"
"3,71 : 60.83"
"3,72 : 45.49"
"3,73 : 80.96"
"3,74 : 110.64"
"3,75 : 88.09"
"3,76 : 36.5"
"3,77 : 90.02"
"3,78 : 114.39"
"3,79 : 25.94"
"3,80 : 79.81"
"3,81 : 87.98"
"3,82 : 27.46"
"3,83 : 56.85"
"3,84 : 25.08"
"3,85 : 61.4"
"3,86 : 29.07"
"3,87 : 36.62"
"3,88 : 20.62"
"3,89 : 20.0"
"3,90 : 107.91"
"3,91 : 43.66"
"3,92 : 31.3"
"3,93 : 73.36"
"3,94 : 8.06"
"3,95 : 72.72"
"3,96 : 98.08"
"3,97 : 45.54"
"3,98 : 54.67"
"3,99 : 31.3"
"4,0 : 93.02"
"4,1 : 76.9"
"4,2 : 66.29"
"4,3 : 99.16"
"4,4 : 0.0"
"4,5 : 65.76"
"4,6 : 87.42"
"4,7 : 38.21"
"4,8 : 71.34"
"4,9 : 93.13"
"4,10 : 34.79"
"4,11 : 56.04"
"4,12 : 31.26"
"4,13 : 55.23"
"4,14 : 85.8"
"4,15 : 71.17"
"4,16 : 60.01"
"4,17 : 88.36"
"4,18 : 58.14"
"4,19 : 80.81"
"4,20 : 73.25"
"4,21 : 76.01"
"4,22 : 29.83"
"4,23 : 37.34"
"4,24 : 29.61"
"4,25 : 91.21"
"4,26 : 67.12"
"4,27 : 56.04"
"4,28 : 35.06"
"4,29 : 97.31"
"4,30 : 48.27"
"4,31 : 78.26"
"4,32 : 10.63"
"4,33 : 54.08"
"4,34 : 91.68"
"4,35 : 35.0"
"4,36 : 11.4"
"4,37 : 111.13"
"4,38 : 96.9"
"4,39 : 69.12"
"4,40 : 20.25"
"4,41 : 28.65"
"4,42 : 46.04"
"4,43 : 99.9"
"4,44 : 53.85"
"4,45 : 97.41"
"4,46 : 95.51"
"4,47 : 13.93"
"4,48 : 108.05"
"4,49 : 90.71"
"4,50 : 31.24"
"4,51 : 53.94"
"4,52 : 61.1"
"4,53 : 30.23"
"4,54 : 97.67"
"4,55 : 74.09"
"4,56 : 19.1"
"4,57 : 3.16"
"4,58 : 58.18"
"4,59 : 73.08"
"4,60 : 17.03"
"4,61 : 109.84"
"4,62 : 54.56"
"4,63 : 47.01"
"4,64 : 55.15"
"4,65 : 38.21"
"4,66 : 74.43"
"4,67 : 78.77"
"4,68 : 82.62"
"4,69 : 91.3"
"4,70 : 56.0"
"4,71 : 50.49"
"4,72 : 82.22"
"4,73 : 19.1"
"4,74 : 18.44"
"4,75 : 33.24"
"4,76 : 112.81"
"4,77 : 39.05"
"4,78 : 22.8"
"4,79 : 73.39"
"4,80 : 21.93"
"4,81 : 19.24"
"4,82 : 77.39"
"4,83 : 87.37"
"4,84 : 74.09"
"4,85 : 85.59"
"4,86 : 79.76"
"4,87 : 97.62"
"4,88 : 90.97"
"4,89 : 90.43"
"4,90 : 21.02"
"4,91 : 77.1"
"4,92 : 68.01"
"4,93 : 75.96"
"4,94 : 91.39"
"4,95 : 59.51"
"4,96 : 3.0"
"4,97 : 71.45"
"4,98 : 50.04"
"4,99 : 68.01"
"5,0 : 45.45"
"5,1 : 22.02"
"5,2 : 44.55"
"5,3 : 34.53"
"5,4 : 65.76"
"5,5 : 0.0"
"5,6 : 23.85"
"5,7 : 33.6"
"5,8 : 27.29"
"5,9 : 50.21"
"5,10 : 48.88"
"5,11 : 65.0"
"5,12 : 54.0"
"5,13 : 58.18"
"5,14 : 34.06"
"5,15 : 14.14"
"5,16 : 32.06"
"5,17 : 37.8"
"5,18 : 23.85"
"5,19 : 22.2"
"5,20 : 29.15"
"5,21 : 37.12"
"5,22 : 65.03"
"5,23 : 63.29"
"5,24 : 64.03"
"5,25 : 30.81"
"5,26 : 4.24"
"5,27 : 65.0"
"5,28 : 40.22"
"5,29 : 32.56"
"5,30 : 49.65"
"5,31 : 12.65"
"5,32 : 75.8"
"5,33 : 13.04"
"5,34 : 29.97"
"5,35 : 58.14"
"5,36 : 58.52"
"5,37 : 50.12"
"5,38 : 31.4"
"5,39 : 35.61"
"5,40 : 45.79"
"5,41 : 44.41"
"5,42 : 35.11"
"5,43 : 44.72"
"5,44 : 51.62"
"5,45 : 34.01"
"5,46 : 33.06"
"5,47 : 68.88"
"5,48 : 42.44"
"5,49 : 31.32"
"5,50 : 66.85"
"5,51 : 52.8"
"5,52 : 9.06"
"5,53 : 58.25"
"5,54 : 41.77"
"5,55 : 37.22"
"5,56 : 57.27"
"5,57 : 67.98"
"5,58 : 7.62"
"5,59 : 53.76"
"5,60 : 64.38"
"5,61 : 44.69"
"5,62 : 24.17"
"5,63 : 40.8"
"5,64 : 20.62"
"5,65 : 40.31"
"5,66 : 28.02"
"5,67 : 16.49"
"5,68 : 34.71"
"5,69 : 25.55"
"5,70 : 31.06"
"5,71 : 38.83"
"5,72 : 31.26"
"5,73 : 48.6"
"5,74 : 79.03"
"5,75 : 54.04"
"5,76 : 50.48"
"5,77 : 56.57"
"5,78 : 83.1"
"5,79 : 12.53"
"5,80 : 45.54"
"5,81 : 57.28"
"5,82 : 13.04"
"5,83 : 43.17"
"5,84 : 11.7"
"5,85 : 45.54"
"5,86 : 29.0"
"5,87 : 38.28"
"5,88 : 26.17"
"5,89 : 25.46"
"5,90 : 77.16"
"5,91 : 39.82"
"5,92 : 10.0"
"5,93 : 50.61"
"5,94 : 26.48"
"5,95 : 56.14"
"5,96 : 64.4"
"5,97 : 22.85"
"5,98 : 30.08"
"5,99 : 10.0"
"6,0 : 53.71"
"6,1 : 34.23"
"6,2 : 64.28"
"6,3 : 25.24"
"6,4 : 87.42"
"6,5 : 23.85"
"6,6 : 0.0"
"6,7 : 57.43"
"6,8 : 44.0"
"6,9 : 60.17"
"6,10 : 72.72"
"6,11 : 73.17"
"6,12 : 69.92"
"6,13 : 66.12"
"6,14 : 20.52"
"6,15 : 30.15"
"6,16 : 53.15"
"6,17 : 46.24"
"6,18 : 33.73"
"6,19 : 10.2"
"6,20 : 45.04"
"6,21 : 32.7"
"6,22 : 81.04"
"6,23 : 77.28"
"6,24 : 80.08"
"6,25 : 31.91"
"6,26 : 25.08"
"6,27 : 73.17"
"6,28 : 64.07"
"6,29 : 23.6"
"6,30 : 60.13"
"6,31 : 16.03"
"6,32 : 97.8"
"6,33 : 33.42"
"6,34 : 7.0"
"6,35 : 72.78"
"6,36 : 78.89"
"6,37 : 26.4"
"6,38 : 12.04"
"6,39 : 35.9"
"6,40 : 68.12"
"6,41 : 62.65"
"6,42 : 58.6"
"6,43 : 24.52"
"6,44 : 74.04"
"6,45 : 28.32"
"6,46 : 29.73"
"6,47 : 91.93"
"6,48 : 22.36"
"6,49 : 33.62"
"6,50 : 90.7"
"6,51 : 61.03"
"6,52 : 32.2"
"6,53 : 82.1"
"6,54 : 21.59"
"6,55 : 34.18"
"6,56 : 76.06"
"6,57 : 89.31"
"6,58 : 30.48"
"6,59 : 53.49"
"6,60 : 87.73"
"6,61 : 22.85"
"6,62 : 36.4"
"6,63 : 52.61"
"6,64 : 34.18"
"6,65 : 64.14"
"6,66 : 43.1"
"6,67 : 24.19"
"6,68 : 24.41"
"6,69 : 11.4"
"6,70 : 53.16"
"6,71 : 61.68"
"6,72 : 20.25"
"6,73 : 71.45"
"6,74 : 101.91"
"6,75 : 69.38"
"6,76 : 26.63"
"6,77 : 70.04"
"6,78 : 106.1"
"6,79 : 26.08"
"6,80 : 66.04"
"6,81 : 80.72"
"6,82 : 10.82"
"6,83 : 31.83"
"6,84 : 24.08"
"6,85 : 36.24"
"6,86 : 40.79"
"6,87 : 16.0"
"6,88 : 5.1"
"6,89 : 5.39"
"6,90 : 100.42"
"6,91 : 55.33"
"6,92 : 28.86"
"6,93 : 48.33"
"6,94 : 19.85"
"6,95 : 77.88"
"6,96 : 85.7"
"6,97 : 22.02"
"6,98 : 53.31"
"6,99 : 28.86"
"7,0 : 55.04"
"7,1 : 39.22"
"7,2 : 31.91"
"7,3 : 63.29"
"7,4 : 38.21"
"7,5 : 33.6"
"7,6 : 57.43"
"7,7 : 0.0"
"7,8 : 33.14"
"7,9 : 55.73"
"7,10 : 15.81"
"7,11 : 65.6"
"7,12 : 43.42"
"7,13 : 60.75"
"7,14 : 63.6"
"7,15 : 34.48"
"7,16 : 22.56"
"7,17 : 50.16"
"7,18 : 40.0"
"7,19 : 54.13"
"7,20 : 35.06"
"7,21 : 60.07"
"7,22 : 51.48"
"7,23 : 54.2"
"7,24 : 50.61"
"7,25 : 53.85"
"7,26 : 33.24"
"7,27 : 65.6"
"7,28 : 6.71"
"7,29 : 61.59"
"7,30 : 50.77"
"7,31 : 44.55"
"7,32 : 46.57"
"7,33 : 26.93"
"7,34 : 63.29"
"7,35 : 49.04"
"7,36 : 35.69"
"7,37 : 83.53"
"7,38 : 64.35"
"7,39 : 55.04"
"7,40 : 19.24"
"7,41 : 31.89"
"7,42 : 10.0"
"7,43 : 76.32"
"7,44 : 26.83"
"7,45 : 60.83"
"7,46 : 58.6"
"7,47 : 37.12"
"7,48 : 75.01"
"7,49 : 53.14"
"7,50 : 33.29"
"7,51 : 56.44"
"7,52 : 26.17"
"7,53 : 24.7"
"7,54 : 73.54"
"7,55 : 59.01"
"7,56 : 39.0"
"7,57 : 41.11"
"7,58 : 27.29"
"7,59 : 68.15"
"7,60 : 31.91"
"7,61 : 77.79"
"7,62 : 37.05"
"7,63 : 43.38"
"7,64 : 35.01"
"7,65 : 8.0"
"7,66 : 36.22"
"7,67 : 42.72"
"7,68 : 62.37"
"7,69 : 58.0"
"7,70 : 18.44"
"7,71 : 16.28"
"7,72 : 60.17"
"7,73 : 19.1"
"7,74 : 47.41"
"7,75 : 44.69"
"7,76 : 84.05"
"7,77 : 50.21"
"7,78 : 51.11"
"7,79 : 37.44"
"7,80 : 25.94"
"7,81 : 24.7"
"7,82 : 46.62"
"7,83 : 69.72"
"7,84 : 38.6"
"7,85 : 70.18"
"7,86 : 41.59"
"7,87 : 71.12"
"7,88 : 59.67"
"7,89 : 58.9"
"7,90 : 44.65"
"7,91 : 39.81"
"7,92 : 32.2"
"7,93 : 67.9"
"7,94 : 56.04"
"7,95 : 33.12"
"7,96 : 38.01"
"7,97 : 49.24"
"7,98 : 12.17"
"7,99 : 32.2"
"8,0 : 22.56"
"8,1 : 10.77"
"8,2 : 20.88"
"8,3 : 36.62"
"8,4 : 71.34"
"8,5 : 27.29"
"8,6 : 44.0"
"8,7 : 33.14"
"8,8 : 0.0"
"8,9 : 25.06"
"8,10 : 42.05"
"8,11 : 87.92"
"8,12 : 71.17"
"8,13 : 81.61"
"8,14 : 59.91"
"8,15 : 14.32"
"8,16 : 13.6"
"8,17 : 17.03"
"8,18 : 49.58"
"8,19 : 47.07"
"8,20 : 2.24"
"8,21 : 64.41"
"8,22 : 81.04"
"8,23 : 81.71"
"8,24 : 80.08"
"8,25 : 24.04"
"8,26 : 23.26"
"8,27 : 87.92"
"8,28 : 37.11"
"8,29 : 35.51"
"8,30 : 72.11"
"8,31 : 28.02"
"8,32 : 79.43"
"8,33 : 34.71"
"8,34 : 51.0"
"8,35 : 76.32"
"8,36 : 68.12"
"8,37 : 68.88"
"8,38 : 44.64"
"8,39 : 62.68"
"8,40 : 52.0"
"8,41 : 59.77"
"8,42 : 26.57"
"8,43 : 68.18"
"8,44 : 34.21"
"8,45 : 32.65"
"8,46 : 29.73"
"8,47 : 68.96"
"8,48 : 52.8"
"8,49 : 22.67"
"8,50 : 59.68"
"8,51 : 76.4"
"8,52 : 20.52"
"8,53 : 51.88"
"8,54 : 65.19"
"8,55 : 64.5"
"8,56 : 70.04"
"8,57 : 74.24"
"8,58 : 29.0"
"8,59 : 80.43"
"8,60 : 63.25"
"8,61 : 57.01"
"8,62 : 48.8"
"8,63 : 63.25"
"8,64 : 45.25"
"8,65 : 34.79"
"8,66 : 3.16"
"8,67 : 20.22"
"8,68 : 61.35"
"8,69 : 38.08"
"8,70 : 16.55"
"8,71 : 25.24"
"8,72 : 57.57"
"8,73 : 52.24"
"8,74 : 79.06"
"8,75 : 71.87"
"8,76 : 67.68"
"8,77 : 76.06"
"8,78 : 82.28"
"8,79 : 18.11"
"8,80 : 56.72"
"8,81 : 56.32"
"8,82 : 35.51"
"8,83 : 69.89"
"8,84 : 20.1"
"8,85 : 72.62"
"8,86 : 8.94"
"8,87 : 60.0"
"8,88 : 43.29"
"8,89 : 42.3"
"8,90 : 75.39"
"8,91 : 12.53"
"8,92 : 17.46"
"8,93 : 77.67"
"8,94 : 31.78"
"8,95 : 36.24"
"8,96 : 71.11"
"8,97 : 50.09"
"8,98 : 21.59"
"8,99 : 17.46"
"9,0 : 7.0"
"9,1 : 28.43"
"9,2 : 29.12"
"9,3 : 42.01"
"9,4 : 93.13"
"9,5 : 50.21"
"9,6 : 60.17"
"9,7 : 55.73"
"9,8 : 25.06"
"9,9 : 0.0"
"9,10 : 60.3"
"9,11 : 112.9"
"9,12 : 96.01"
"9,13 : 106.51"
"9,14 : 79.18"
"9,15 : 36.07"
"9,16 : 33.24"
"9,17 : 13.93"
"9,18 : 73.66"
"9,19 : 66.24"
"9,20 : 22.83"
"9,21 : 86.4"
"9,22 : 105.62"
"9,23 : 106.62"
"9,24 : 104.68"
"9,25 : 29.43"
"9,26 : 45.97"
"9,27 : 112.9"
"9,28 : 58.08"
"9,29 : 42.11"
"9,30 : 97.1"
"9,31 : 46.14"
"9,32 : 100.04"
"9,33 : 59.41"
"9,34 : 66.73"
"9,35 : 101.24"
"9,36 : 91.41"
"9,37 : 80.75"
"9,38 : 55.9"
"9,39 : 85.7"
"9,40 : 74.97"
"9,41 : 84.5"
"9,42 : 47.1"
"9,43 : 84.43"
"9,44 : 45.54"
"9,45 : 37.01"
"9,46 : 34.06"
"9,47 : 88.36"
"9,48 : 60.0"
"9,49 : 27.46"
"9,50 : 75.43"
"9,51 : 101.26"
"9,52 : 45.0"
"9,53 : 69.05"
"9,54 : 81.6"
"9,55 : 86.83"
"9,56 : 94.11"
"9,57 : 96.19"
"9,58 : 53.41"
"9,59 : 103.97"
"9,60 : 82.39"
"9,61 : 65.01"
"9,62 : 73.25"
"9,63 : 88.2"
"9,64 : 69.66"
"9,65 : 55.01"
"9,66 : 23.02"
"9,67 : 37.22"
"9,68 : 81.63"
"9,69 : 50.7"
"9,70 : 37.34"
"9,71 : 43.05"
"9,72 : 77.52"
"9,73 : 74.33"
"9,74 : 97.87"
"9,75 : 96.77"
"9,76 : 78.31"
"9,77 : 101.08"
"9,78 : 100.45"
"9,79 : 38.42"
"9,80 : 80.78"
"9,81 : 76.11"
"9,82 : 54.71"
"9,83 : 90.05"
"9,84 : 40.0"
"9,85 : 93.49"
"9,86 : 21.26"
"9,87 : 75.29"
"9,88 : 57.57"
"9,89 : 56.61"
"9,90 : 93.38"
"9,91 : 16.03"
"9,92 : 40.31"
"9,93 : 100.66"
"9,94 : 41.98"
"9,95 : 43.83"
"9,96 : 93.34"
"9,97 : 72.01"
"9,98 : 43.57"
"9,99 : 40.31"
"10,0 : 61.39"
"10,1 : 50.48"
"10,2 : 32.06"
"10,3 : 76.06"
"10,4 : 34.79"
"10,5 : 48.88"
"10,6 : 72.72"
"10,7 : 15.81"
"10,8 : 42.05"
"10,9 : 60.3"
"10,10 : 0.0"
"10,11 : 75.59"
"10,12 : 51.04"
"10,13 : 71.69"
"10,14 : 79.4"
"10,15 : 47.42"
"10,16 : 28.79"
"10,17 : 58.19"
"10,18 : 55.23"
"10,19 : 69.86"
"10,20 : 43.46"
"10,21 : 75.43"
"10,22 : 56.57"
"10,23 : 61.22"
"10,24 : 55.87"
"10,25 : 65.19"
"10,26 : 48.01"
"10,27 : 75.59"
"10,28 : 9.22"
"10,29 : 74.52"
"10,30 : 62.03"
"10,31 : 59.03"
"10,32 : 40.11"
"10,33 : 42.72"
"10,34 : 78.77"
"10,35 : 56.61"
"10,36 : 37.2"
"10,37 : 98.98"
"10,38 : 78.87"
"10,39 : 70.06"
"10,40 : 22.8"
"10,41 : 40.71"
"10,42 : 15.81"
"10,43 : 92.11"
"10,44 : 19.24"
"10,45 : 73.01"
"10,46 : 70.46"
"10,47 : 28.07"
"10,48 : 89.2"
"10,49 : 64.14"
"10,50 : 18.38"
"10,51 : 68.01"
"10,52 : 40.8"
"10,53 : 10.0"
"10,54 : 89.32"
"10,55 : 74.24"
"10,56 : 43.14"
"10,57 : 37.95"
"10,58 : 42.95"
"10,59 : 81.88"
"10,60 : 22.09"
"10,61 : 92.31"
"10,62 : 52.09"
"10,63 : 55.79"
"10,64 : 50.36"
"10,65 : 8.6"
"10,66 : 45.19"
"10,67 : 55.9"
"10,68 : 78.1"
"10,69 : 72.35"
"10,70 : 25.5"
"10,71 : 17.46"
"10,72 : 75.96"
"10,73 : 19.1"
"10,74 : 37.66"
"10,75 : 52.7"
"10,76 : 99.32"
"10,77 : 58.83"
"10,78 : 40.52"
"10,79 : 50.91"
"10,80 : 32.45"
"10,81 : 16.12"
"10,82 : 61.91"
"10,83 : 85.33"
"10,84 : 52.35"
"10,85 : 85.59"
"10,86 : 50.99"
"10,87 : 86.76"
"10,88 : 74.63"
"10,89 : 73.82"
"10,90 : 33.53"
"10,91 : 44.55"
"10,92 : 46.01"
"10,93 : 82.22"
"10,94 : 69.35"
"10,95 : 25.24"
"10,96 : 35.85"
"10,97 : 65.0"
"10,98 : 21.4"
"10,99 : 46.01"
"11,0 : 109.27"
"11,1 : 86.31"
"11,2 : 96.18"
"11,3 : 95.9"
"11,4 : 56.04"
"11,5 : 65.0"
"11,6 : 73.17"
"11,7 : 65.6"
"11,8 : 87.92"
"11,9 : 112.9"
"11,10 : 75.59"
"11,11 : 0.0"
"11,12 : 25.71"
"11,13 : 7.07"
"11,14 : 58.69"
"11,15 : 78.26"
"11,16 : 84.22"
"11,17 : 102.0"
"11,18 : 41.76"
"11,19 : 63.07"
"11,20 : 90.14"
"11,21 : 43.74"
"11,22 : 27.46"
"11,23 : 19.24"
"11,24 : 27.29"
"11,25 : 95.52"
"11,26 : 68.94"
"11,27 : 0.0"
"11,28 : 68.8"
"11,29 : 93.94"
"11,30 : 15.81"
"11,31 : 75.0"
"11,32 : 64.2"
"11,33 : 53.71"
"11,34 : 73.03"
"11,35 : 21.1"
"11,36 : 45.28"
"11,37 : 86.12"
"11,38 : 85.21"
"11,39 : 38.12"
"11,40 : 53.31"
"11,41 : 34.89"
"11,42 : 75.29"
"11,43 : 70.6"
"11,44 : 92.09"
"11,45 : 97.02"
"11,46 : 96.84"
"11,47 : 69.35"
"11,48 : 95.01"
"11,49 : 96.21"
"11,50 : 82.97"
"11,51 : 12.37"
"11,52 : 68.1"
"11,53 : 77.83"
"11,54 : 69.86"
"11,55 : 41.59"
"11,56 : 37.22"
"11,57 : 55.01"
"11,58 : 59.94"
"11,59 : 26.93"
"11,60 : 70.21"
"11,61 : 94.09"
"11,62 : 40.85"
"11,63 : 24.7"
"11,64 : 44.38"
"11,65 : 72.11"
"11,66 : 89.89"
"11,67 : 81.34"
"11,68 : 53.76"
"11,69 : 82.87"
"11,70 : 80.62"
"11,71 : 81.69"
"11,72 : 56.32"
"11,73 : 57.94"
"11,74 : 74.03"
"11,75 : 23.77"
"11,76 : 89.63"
"11,77 : 17.46"
"11,78 : 78.1"
"11,79 : 77.47"
"11,80 : 43.46"
"11,81 : 67.72"
"11,82 : 68.45"
"11,83 : 52.81"
"11,84 : 76.69"
"11,85 : 48.47"
"11,86 : 92.66"
"11,87 : 73.82"
"11,88 : 78.23"
"11,89 : 78.31"
"11,90 : 77.06"
"11,91 : 99.2"
"11,92 : 73.79"
"11,93 : 32.65"
"11,94 : 88.29"
"11,95 : 98.47"
"11,96 : 53.04"
"11,97 : 51.16"
"11,98 : 74.97"
"11,99 : 73.79"
"12,0 : 93.61"
"12,1 : 72.37"
"12,2 : 75.21"
"12,3 : 88.2"
"12,4 : 31.26"
"12,5 : 54.0"
"12,6 : 69.92"
"12,7 : 43.42"
"12,8 : 71.17"
"12,9 : 96.01"
"12,10 : 51.04"
"12,11 : 25.71"
"12,12 : 0.0"
"12,13 : 24.02"
"12,14 : 62.13"
"12,15 : 64.78"
"12,16 : 64.5"
"12,17 : 87.09"
"12,18 : 36.4"
"12,19 : 61.1"
"12,20 : 73.39"
"12,21 : 49.58"
"12,22 : 11.18"
"12,23 : 10.82"
"12,24 : 10.2"
"12,25 : 84.29"
"12,26 : 57.08"
"12,27 : 25.71"
"12,28 : 45.28"
"12,29 : 86.21"
"12,30 : 17.46"
"12,31 : 66.12"
"12,32 : 40.52"
"12,33 : 41.01"
"12,34 : 72.24"
"12,35 : 5.66"
"12,36 : 20.02"
"12,37 : 89.55"
"12,38 : 81.25"
"12,39 : 42.52"
"12,40 : 28.3"
"12,41 : 11.66"
"12,42 : 53.41"
"12,43 : 76.03"
"12,44 : 68.68"
"12,45 : 88.01"
"12,46 : 87.02"
"12,47 : 44.01"
"12,48 : 92.18"
"12,49 : 84.48"
"12,50 : 57.28"
"12,51 : 22.8"
"12,52 : 53.76"
"12,53 : 52.39"
"12,54 : 74.33"
"12,55 : 47.42"
"12,56 : 12.17"
"12,57 : 30.81"
"12,58 : 47.1"
"12,59 : 42.54"
"12,60 : 44.55"
"12,61 : 92.66"
"12,62 : 33.53"
"12,63 : 19.21"
"12,64 : 35.9"
"12,65 : 48.8"
"12,66 : 73.68"
"12,67 : 70.11"
"12,68 : 58.01"
"12,69 : 77.1"
"12,70 : 60.54"
"12,71 : 59.67"
"12,72 : 58.83"
"12,73 : 32.65"
"12,74 : 49.65"
"12,75 : 2.0"
"12,76 : 92.13"
"12,77 : 8.25"
"12,78 : 53.94"
"12,79 : 65.28"
"12,80 : 18.6"
"12,81 : 42.06"
"12,82 : 61.98"
"12,83 : 60.83"
"12,84 : 65.12"
"12,85 : 58.05"
"12,86 : 77.62"
"12,87 : 76.06"
"12,88 : 74.46"
"12,89 : 74.22"
"12,90 : 52.09"
"12,91 : 80.96"
"12,92 : 60.53"
"12,93 : 46.14"
"12,94 : 80.16"
"12,95 : 75.07"
"12,96 : 28.28"
"12,97 : 49.66"
"12,98 : 54.38"
"12,99 : 60.53"
"13,0 : 102.73"
"13,1 : 79.65"
"13,2 : 90.69"
"13,3 : 88.84"
"13,4 : 55.23"
"13,5 : 58.18"
"13,6 : 66.12"
"13,7 : 60.75"
"13,8 : 81.61"
"13,9 : 106.51"
"13,10 : 71.69"
"13,11 : 7.07"
"13,12 : 24.02"
"13,13 : 0.0"
"13,14 : 51.97"
"13,15 : 71.59"
"13,16 : 78.49"
"13,17 : 95.38"
"13,18 : 34.79"
"13,19 : 56.04"
"13,20 : 83.82"
"13,21 : 37.11"
"13,22 : 28.64"
"13,23 : 20.59"
"13,24 : 28.23"
"13,25 : 88.6"
"13,26 : 62.17"
"13,27 : 7.07"
"13,28 : 64.41"
"13,29 : 86.88"
"13,30 : 10.0"
"13,31 : 68.01"
"13,32 : 64.13"
"13,33 : 47.17"
"13,34 : 66.07"
"13,35 : 20.62"
"13,36 : 44.05"
"13,37 : 79.56"
"13,38 : 78.16"
"13,39 : 31.26"
"13,40 : 50.0"
"13,41 : 31.32"
"13,42 : 70.21"
"13,43 : 64.2"
"13,44 : 87.46"
"13,45 : 89.99"
"13,46 : 89.84"
"13,47 : 68.0"
"13,48 : 88.0"
"13,49 : 89.32"
"13,50 : 80.41"
"13,51 : 5.39"
"13,52 : 61.59"
"13,53 : 74.73"
"13,54 : 63.32"
"13,55 : 34.93"
"13,56 : 36.12"
"13,57 : 54.59"
"13,58 : 53.34"
"13,59 : 21.93"
"13,60 : 68.26"
"13,61 : 87.14"
"13,62 : 34.01"
"13,63 : 18.44"
"13,64 : 37.58"
"13,65 : 67.6"
"13,66 : 83.49"
"13,67 : 74.46"
"13,68 : 47.07"
"13,69 : 75.8"
"13,70 : 75.01"
"13,71 : 76.61"
"13,72 : 49.5"
"13,73 : 54.82"
"13,74 : 73.55"
"13,75 : 22.02"
"13,76 : 82.98"
"13,77 : 16.28"
"13,78 : 77.78"
"13,79 : 70.68"
"13,80 : 40.26"
"13,81 : 65.12"
"13,82 : 61.39"
"13,83 : 46.62"
"13,84 : 69.86"
"13,85 : 42.49"
"13,86 : 86.09"
"13,87 : 67.08"
"13,88 : 71.18"
"13,89 : 71.25"
"13,90 : 76.11"
"13,91 : 93.09"
"13,92 : 67.12"
"13,93 : 27.2"
"13,94 : 81.25"
"13,95 : 93.81"
"13,96 : 52.24"
"13,97 : 44.1"
"13,98 : 69.53"
"13,99 : 67.12"
"14,0 : 73.06"
"14,1 : 51.62"
"14,2 : 78.52"
"14,3 : 45.61"
"14,4 : 85.8"
"14,5 : 34.06"
"14,6 : 20.52"
"14,7 : 63.6"
"14,8 : 59.91"
"14,9 : 79.18"
"14,10 : 79.4"
"14,11 : 58.69"
"14,12 : 62.13"
"14,13 : 51.97"
"14,14 : 0.0"
"14,15 : 45.61"
"14,16 : 66.12"
"14,17 : 65.37"
"14,18 : 27.66"
"14,19 : 13.0"
"14,20 : 61.4"
"14,21 : 15.03"
"14,22 : 72.56"
"14,23 : 67.12"
"14,24 : 71.69"
"14,25 : 52.01"
"14,26 : 37.34"
"14,27 : 58.69"
"14,28 : 70.21"
"14,29 : 44.05"
"14,30 : 48.47"
"14,31 : 33.11"
"14,32 : 96.43"
"14,33 : 36.69"
"14,34 : 16.55"
"14,35 : 63.53"
"14,36 : 75.66"
"14,37 : 27.86"
"14,38 : 30.89"
"14,39 : 20.88"
"14,40 : 68.8"
"14,41 : 58.0"
"14,42 : 67.74"
"14,43 : 14.14"
"14,44 : 85.21"
"14,45 : 48.84"
"14,46 : 50.21"
"14,47 : 93.19"
"14,48 : 38.33"
"14,49 : 53.6"
"14,50 : 96.01"
"14,51 : 47.54"
"14,52 : 43.01"
"14,53 : 87.66"
"14,54 : 12.21"
"14,55 : 17.12"
"14,56 : 70.94"
"14,57 : 87.05"
"14,58 : 37.34"
"14,59 : 35.36"
"14,60 : 90.05"
"14,61 : 36.35"
"14,62 : 31.24"
"14,63 : 43.05"
"14,64 : 31.06"
"14,65 : 71.31"
"14,66 : 59.77"
"14,67 : 42.05"
"14,68 : 5.0"
"14,69 : 31.89"
"14,70 : 65.0"
"14,71 : 72.25"
"14,72 : 3.61"
"14,73 : 73.06"
"14,74 : 102.42"
"14,75 : 61.06"
"14,76 : 31.05"
"14,77 : 59.93"
"14,78 : 106.83"
"14,79 : 42.06"
"14,80 : 63.89"
"14,81 : 83.65"
"14,82 : 24.7"
"14,83 : 11.31"
"14,84 : 40.16"
"14,85 : 15.81"
"14,86 : 58.69"
"14,87 : 15.13"
"14,88 : 25.0"
"14,89 : 25.61"
"14,90 : 102.08"
"14,91 : 72.12"
"14,92 : 42.76"
"14,93 : 29.61"
"14,94 : 40.31"
"14,95 : 90.02"
"14,96 : 83.55"
"14,97 : 14.76"
"14,98 : 63.29"
"14,99 : 42.76"
"15,0 : 31.4"
"15,1 : 8.06"
"15,2 : 34.13"
"15,3 : 28.84"
"15,4 : 71.17"
"15,5 : 14.14"
"15,6 : 30.15"
"15,7 : 34.48"
"15,8 : 14.32"
"15,9 : 36.07"
"15,10 : 47.42"
"15,11 : 78.26"
"15,12 : 64.78"
"15,13 : 71.59"
"15,14 : 45.61"
"15,15 : 0.0"
"15,16 : 23.41"
"15,17 : 23.85"
"15,18 : 37.8"
"15,19 : 32.76"
"15,20 : 15.81"
"15,21 : 50.77"
"15,22 : 75.43"
"15,23 : 74.73"
"15,24 : 74.43"
"15,25 : 20.22"
"15,26 : 9.9"
"15,27 : 78.26"
"15,28 : 40.22"
"15,29 : 27.2"
"15,30 : 62.65"
"15,31 : 14.14"
"15,32 : 80.41"
"15,33 : 24.7"
"15,34 : 37.12"
"15,35 : 69.43"
"15,36 : 65.76"
"15,37 : 55.79"
"15,38 : 32.65"
"15,39 : 49.68"
"15,40 : 50.96"
"15,41 : 54.15"
"15,42 : 31.83"
"15,43 : 54.04"
"15,44 : 44.78"
"15,45 : 26.4"
"15,46 : 24.35"
"15,47 : 71.59"
"15,48 : 42.2"
"15,49 : 20.02"
"15,50 : 65.8"
"15,51 : 66.24"
"15,52 : 11.05"
"15,53 : 57.38"
"15,54 : 51.04"
"15,55 : 51.04"
"15,56 : 66.03"
"15,57 : 73.76"
"15,58 : 18.38"
"15,59 : 67.9"
"15,60 : 66.37"
"15,61 : 45.79"
"15,62 : 37.74"
"15,63 : 53.71"
"15,64 : 34.13"
"15,65 : 39.05"
"15,66 : 14.32"
"15,67 : 8.49"
"15,68 : 47.17"
"15,69 : 25.94"
"15,70 : 24.19"
"15,71 : 33.29"
"15,72 : 43.32"
"15,73 : 52.55"
"15,74 : 81.88"
"15,75 : 65.12"
"15,76 : 55.03"
"15,77 : 68.41"
"15,78 : 85.59"
"15,79 : 4.12"
"15,80 : 53.24"
"15,81 : 59.17"
"15,82 : 21.21"
"15,83 : 55.71"
"15,84 : 6.08"
"15,85 : 58.6"
"15,86 : 14.87"
"15,87 : 46.1"
"15,88 : 30.08"
"15,89 : 29.12"
"15,90 : 79.08"
"15,91 : 26.57"
"15,92 : 4.47"
"15,93 : 64.66"
"15,94 : 21.93"
"15,95 : 48.08"
"15,96 : 70.34"
"15,97 : 36.36"
"15,98 : 26.17"
"15,99 : 4.47"
"16,0 : 33.14"
"16,1 : 23.43"
"16,2 : 13.0"
"16,3 : 49.68"
"16,4 : 60.01"
"16,5 : 32.06"
"16,6 : 53.15"
"16,7 : 22.56"
"16,8 : 13.6"
"16,9 : 33.24"
"16,10 : 28.79"
"16,11 : 84.22"
"16,12 : 64.5"
"16,13 : 78.49"
"16,14 : 66.12"
"16,15 : 23.41"
"16,16 : 0.0"
"16,17 : 29.41"
"16,18 : 50.09"
"16,19 : 54.01"
"16,20 : 14.76"
"16,21 : 67.72"
"16,22 : 73.41"
"16,23 : 75.29"
"16,24 : 72.5"
"16,25 : 37.54"
"16,26 : 29.02"
"16,27 : 84.22"
"16,28 : 25.02"
"16,29 : 48.41"
"16,30 : 68.59"
"16,31 : 37.36"
"16,32 : 67.36"
"16,33 : 34.44"
"16,34 : 60.02"
"16,35 : 69.97"
"16,36 : 58.25"
"16,37 : 79.12"
"16,38 : 55.95"
"16,39 : 64.62"
"16,40 : 41.77"
"16,41 : 52.84"
"16,42 : 14.04"
"16,43 : 76.24"
"16,44 : 21.47"
"16,45 : 45.97"
"16,46 : 43.14"
"16,47 : 56.29"
"16,48 : 65.0"
"16,49 : 36.24"
"16,50 : 46.14"
"16,51 : 73.59"
"16,52 : 23.19"
"16,53 : 38.48"
"16,54 : 73.25"
"16,55 : 67.36"
"16,56 : 61.35"
"16,57 : 63.03"
"16,58 : 30.36"
"16,59 : 81.01"
"16,60 : 50.45"
"16,61 : 68.88"
"16,62 : 48.37"
"16,63 : 60.14"
"16,64 : 45.18"
"16,65 : 22.2"
"16,66 : 16.64"
"16,67 : 31.3"
"16,68 : 66.61"
"16,69 : 49.24"
"16,70 : 4.12"
"16,71 : 11.66"
"16,72 : 63.29"
"16,73 : 41.11"
"16,74 : 66.22"
"16,75 : 65.51"
"16,76 : 78.43"
"16,77 : 70.46"
"16,78 : 69.26"
"16,79 : 27.51"
"16,80 : 48.1"
"16,81 : 43.74"
"16,82 : 43.29"
"16,83 : 74.97"
"16,84 : 29.41"
"16,85 : 76.9"
"16,86 : 22.47"
"16,87 : 68.88"
"16,88 : 53.45"
"16,89 : 52.5"
"16,90 : 62.3"
"16,91 : 17.26"
"16,92 : 24.33"
"16,93 : 79.2"
"16,94 : 44.1"
"16,95 : 24.74"
"16,96 : 60.13"
"16,97 : 54.13"
"16,98 : 10.44"
"16,99 : 24.33"
"17,0 : 7.81"
"17,1 : 15.81"
"17,2 : 31.14"
"17,3 : 29.27"
"17,4 : 88.36"
"17,5 : 37.8"
"17,6 : 46.24"
"17,7 : 50.16"
"17,8 : 17.03"
"17,9 : 13.93"
"17,10 : 58.19"
"17,11 : 102.0"
"17,12 : 87.09"
"17,13 : 95.38"
"17,14 : 65.37"
"17,15 : 23.85"
"17,16 : 29.41"
"17,17 : 0.0"
"17,18 : 61.61"
"17,19 : 52.48"
"17,20 : 15.13"
"17,21 : 73.11"
"17,22 : 97.29"
"17,23 : 97.42"
"17,24 : 96.32"
"17,25 : 16.0"
"17,26 : 33.6"
"17,27 : 102.0"
"17,28 : 53.94"
"17,29 : 29.07"
"17,30 : 86.31"
"17,31 : 32.45"
"17,32 : 96.34"
"17,33 : 48.3"
"17,34 : 52.81"
"17,35 : 92.05"
"17,36 : 85.05"
"17,37 : 67.27"
"17,38 : 42.3"
"17,39 : 72.84"
"17,40 : 69.01"
"17,41 : 75.93"
"17,42 : 43.17"
"17,43 : 70.52"
"17,44 : 47.2"
"17,45 : 24.33"
"17,46 : 21.21"
"17,47 : 85.62"
"17,48 : 47.27"
"17,49 : 14.0"
"17,50 : 75.15"
"17,51 : 90.05"
"17,52 : 34.01"
"17,53 : 67.78"
"17,54 : 67.68"
"17,55 : 73.66"
"17,56 : 86.7"
"17,57 : 91.27"
"17,58 : 42.06"
"17,59 : 91.29"
"17,60 : 79.81"
"17,61 : 52.15"
"17,62 : 61.59"
"17,63 : 77.37"
"17,64 : 57.98"
"17,65 : 51.42"
"17,66 : 14.0"
"17,67 : 23.6"
"17,68 : 67.96"
"17,69 : 36.88"
"17,70 : 32.98"
"17,71 : 40.85"
"17,72 : 63.81"
"17,73 : 69.26"
"17,74 : 95.6"
"17,75 : 87.64"
"17,76 : 65.03"
"17,77 : 91.42"
"17,78 : 98.67"
"17,79 : 25.5"
"17,80 : 73.44"
"17,81 : 73.01"
"17,82 : 41.05"
"17,83 : 76.32"
"17,84 : 26.87"
"17,85 : 79.88"
"17,86 : 9.49"
"17,87 : 61.4"
"17,88 : 43.68"
"17,89 : 42.72"
"17,90 : 91.71"
"17,91 : 16.28"
"17,92 : 28.3"
"17,93 : 87.69"
"17,94 : 28.28"
"17,95 : 47.38"
"17,96 : 88.14"
"17,97 : 58.8"
"17,98 : 38.47"
"17,99 : 28.3"
"18,0 : 69.2"
"18,1 : 45.8"
"18,2 : 63.07"
"18,3 : 54.45"
"18,4 : 58.14"
"18,5 : 23.85"
"18,6 : 33.73"
"18,7 : 40.0"
"18,8 : 49.58"
"18,9 : 73.66"
"18,10 : 55.23"
"18,11 : 41.76"
"18,12 : 36.4"
"18,13 : 34.79"
"18,14 : 27.66"
"18,15 : 37.8"
"18,16 : 50.09"
"18,17 : 61.61"
"18,18 : 0.0"
"18,19 : 24.7"
"18,20 : 51.66"
"18,21 : 20.22"
"18,22 : 47.43"
"18,23 : 43.57"
"18,24 : 46.49"
"18,25 : 53.85"
"18,26 : 28.02"
"18,27 : 41.76"
"18,28 : 46.1"
"18,29 : 52.47"
"18,30 : 27.17"
"18,31 : 33.24"
"18,32 : 68.77"
"18,33 : 15.65"
"18,34 : 35.85"
"18,35 : 39.05"
"18,36 : 48.1"
"18,37 : 53.82"
"18,38 : 45.4"
"18,39 : 15.13"
"18,40 : 41.59"
"18,41 : 30.61"
"18,42 : 46.69"
"18,43 : 41.77"
"18,44 : 65.12"
"18,45 : 55.32"
"18,46 : 55.08"
"18,47 : 65.86"
"18,48 : 56.09"
"18,49 : 54.63"
"18,50 : 70.34"
"18,51 : 29.41"
"18,52 : 29.07"
"18,53 : 62.37"
"18,54 : 39.6"
"18,55 : 19.03"
"18,56 : 43.83"
"18,57 : 59.41"
"18,58 : 20.62"
"18,59 : 31.06"
"18,60 : 63.07"
"18,61 : 56.32"
"18,62 : 3.61"
"18,63 : 19.03"
"18,64 : 5.1"
"18,65 : 48.0"
"18,66 : 50.91"
"18,67 : 39.81"
"18,68 : 24.7"
"18,69 : 42.0"
"18,70 : 47.54"
"18,71 : 52.39"
"18,72 : 24.08"
"18,73 : 46.1"
"18,74 : 74.89"
"18,75 : 35.74"
"18,76 : 56.08"
"18,77 : 36.35"
"18,78 : 79.32"
"18,79 : 36.36"
"18,80 : 36.24"
"18,81 : 57.01"
"18,82 : 27.07"
"18,83 : 30.68"
"18,84 : 35.36"
"18,85 : 30.41"
"18,86 : 52.63"
"18,87 : 40.22"
"18,88 : 38.47"
"18,89 : 38.33"
"18,90 : 74.79"
"18,91 : 61.85"
"18,92 : 33.42"
"18,93 : 29.15"
"18,94 : 46.69"
"18,95 : 70.83"
"18,96 : 55.9"
"18,97 : 13.6"
"18,98 : 43.68"
"18,99 : 33.42"
"19,0 : 60.21"
"19,1 : 38.63"
"19,2 : 66.12"
"19,3 : 34.89"
"19,4 : 80.81"
"19,5 : 22.2"
"19,6 : 10.2"
"19,7 : 54.13"
"19,8 : 47.07"
"19,9 : 66.24"
"19,10 : 69.86"
"19,11 : 63.07"
"19,12 : 61.1"
"19,13 : 56.04"
"19,14 : 13.0"
"19,15 : 32.76"
"19,16 : 54.01"
"19,17 : 52.48"
"19,18 : 24.7"
"19,19 : 0.0"
"19,20 : 48.51"
"19,21 : 22.83"
"19,22 : 72.11"
"19,23 : 67.91"
"19,24 : 71.17"
"19,25 : 39.62"
"19,26 : 25.0"
"19,27 : 63.07"
"19,28 : 60.84"
"19,29 : 33.12"
"19,30 : 50.36"
"19,31 : 20.12"
"19,32 : 91.35"
"19,33 : 28.02"
"19,34 : 11.18"
"19,35 : 63.6"
"19,36 : 71.61"
"19,37 : 30.41"
"19,38 : 22.2"
"19,39 : 25.71"
"19,40 : 62.29"
"19,41 : 54.71"
"19,42 : 57.01"
"19,43 : 22.56"
"19,44 : 73.82"
"19,45 : 37.44"
"19,46 : 38.42"
"19,47 : 86.56"
"19,48 : 32.06"
"19,49 : 41.11"
"19,50 : 87.24"
"19,51 : 51.0"
"19,52 : 31.26"
"19,53 : 78.71"
"19,54 : 19.65"
"19,55 : 24.17"
"19,56 : 68.1"
"19,57 : 82.46"
"19,58 : 26.93"
"19,59 : 43.46"
"19,60 : 82.8"
"19,61 : 31.78"
"19,62 : 27.73"
"19,63 : 43.17"
"19,64 : 26.08"
"19,65 : 61.47"
"19,66 : 46.84"
"19,67 : 29.07"
"19,68 : 15.62"
"19,69 : 21.02"
"19,70 : 53.24"
"19,71 : 61.0"
"19,72 : 11.4"
"19,73 : 66.07"
"19,74 : 96.26"
"19,75 : 60.41"
"19,76 : 32.02"
"19,77 : 60.64"
"19,78 : 100.57"
"19,79 : 29.12"
"19,80 : 59.03"
"19,81 : 76.03"
"19,82 : 11.7"
"19,83 : 23.85"
"19,84 : 27.2"
"19,85 : 27.66"
"19,86 : 45.69"
"19,87 : 17.2"
"19,88 : 15.3"
"19,89 : 15.52"
"19,90 : 95.27"
"19,91 : 59.2"
"19,92 : 30.15"
"19,93 : 38.47"
"19,94 : 28.6"
"19,95 : 78.31"
"19,96 : 78.87"
"19,97 : 12.04"
"19,98 : 52.17"
"19,99 : 30.15"
"20,0 : 20.4"
"20,1 : 11.18"
"20,2 : 20.62"
"20,3 : 36.36"
"20,4 : 73.25"
"20,5 : 29.15"
"20,6 : 45.04"
"20,7 : 35.06"
"20,8 : 2.24"
"20,9 : 22.83"
"20,10 : 43.46"
"20,11 : 90.14"
"20,12 : 73.39"
"20,13 : 83.82"
"20,14 : 61.4"
"20,15 : 15.81"
"20,16 : 14.76"
"20,17 : 15.13"
"20,18 : 51.66"
"20,19 : 48.51"
"20,20 : 0.0"
"20,21 : 66.24"
"20,22 : 83.24"
"20,23 : 83.93"
"20,24 : 82.28"
"20,25 : 23.43"
"20,26 : 25.06"
"20,27 : 90.14"
"20,28 : 38.83"
"20,29 : 35.36"
"20,30 : 74.33"
"20,31 : 29.15"
"20,32 : 81.22"
"20,33 : 36.88"
"20,34 : 52.04"
"20,35 : 78.55"
"20,36 : 70.18"
"20,37 : 69.58"
"20,38 : 45.12"
"20,39 : 64.64"
"20,40 : 54.01"
"20,41 : 61.98"
"20,42 : 28.16"
"20,43 : 69.35"
"20,44 : 34.71"
"20,45 : 32.2"
"20,46 : 29.21"
"20,47 : 70.6"
"20,48 : 52.92"
"20,49 : 21.93"
"20,50 : 60.9"
"20,51 : 78.6"
"20,52 : 22.63"
"20,53 : 53.23"
"20,54 : 66.37"
"20,55 : 66.37"
"20,56 : 72.18"
"20,57 : 76.16"
"20,58 : 31.11"
"20,59 : 82.46"
"20,60 : 64.85"
"20,61 : 57.25"
"20,62 : 50.93"
"20,63 : 65.46"
"20,64 : 47.38"
"20,65 : 36.4"
"20,66 : 2.24"
"20,67 : 21.02"
"20,68 : 62.97"
"20,69 : 38.64"
"20,70 : 18.03"
"20,71 : 26.42"
"20,72 : 59.14"
"20,73 : 54.15"
"20,74 : 80.65"
"20,75 : 74.09"
"20,76 : 68.25"
"20,77 : 78.29"
"20,78 : 83.82"
"20,79 : 19.42"
"20,80 : 58.86"
"20,81 : 57.97"
"20,82 : 36.88"
"20,83 : 71.51"
"20,84 : 21.38"
"20,85 : 74.32"
"20,86 : 7.81"
"20,87 : 61.03"
"20,88 : 44.1"
"20,89 : 43.1"
"20,90 : 76.9"
"20,91 : 10.77"
"20,92 : 19.24"
"20,93 : 79.63"
"20,94 : 31.95"
"20,95 : 36.36"
"20,96 : 73.06"
"20,97 : 51.88"
"20,98 : 23.35"
"20,99 : 19.24"
"21,0 : 80.92"
"21,1 : 58.01"
"21,2 : 80.65"
"21,3 : 57.71"
"21,4 : 76.01"
"21,5 : 37.12"
"21,6 : 32.7"
"21,7 : 60.07"
"21,8 : 64.41"
"21,9 : 86.4"
"21,10 : 75.43"
"21,11 : 43.74"
"21,12 : 49.58"
"21,13 : 37.11"
"21,14 : 15.03"
"21,15 : 50.77"
"21,16 : 67.72"
"21,17 : 73.11"
"21,18 : 20.22"
"21,19 : 22.83"
"21,20 : 66.24"
"21,21 : 0.0"
"21,22 : 59.41"
"21,23 : 53.34"
"21,24 : 58.6"
"21,25 : 61.72"
"21,26 : 41.18"
"21,27 : 43.74"
"21,28 : 66.27"
"21,29 : 55.95"
"21,30 : 34.48"
"21,31 : 41.01"
"21,32 : 86.53"
"21,33 : 34.23"
"21,34 : 30.59"
"21,35 : 50.22"
"21,36 : 65.22"
"21,37 : 42.45"
"21,38 : 44.27"
"21,39 : 7.07"
"21,40 : 61.1"
"21,41 : 47.43"
"21,42 : 66.19"
"21,43 : 27.31"
"21,44 : 84.48"
"21,45 : 60.21"
"21,46 : 61.03"
"21,47 : 85.0"
"21,48 : 52.77"
"21,49 : 63.03"
"21,50 : 90.47"
"21,51 : 32.89"
"21,52 : 44.94"
"21,53 : 82.57"
"21,54 : 26.25"
"21,55 : 2.24"
"21,56 : 59.55"
"21,57 : 76.84"
"21,58 : 37.36"
"21,59 : 20.88"
"21,60 : 82.64"
"21,61 : 51.16"
"21,62 : 23.54"
"21,63 : 30.41"
"21,64 : 25.08"
"21,65 : 68.07"
"21,66 : 65.0"
"21,67 : 49.58"
"21,68 : 10.05"
"21,69 : 43.83"
"21,70 : 65.73"
"21,71 : 71.57"
"21,72 : 13.15"
"21,73 : 65.79"
"21,74 : 93.54"
"21,75 : 48.27"
"21,76 : 45.89"
"21,77 : 46.32"
"21,78 : 98.01"
"21,79 : 48.01"
"21,80 : 54.59"
"21,81 : 76.84"
"21,82 : 32.56"
"21,83 : 11.4"
"21,84 : 46.4"
"21,85 : 10.2"
"21,86 : 65.22"
"21,87 : 30.15"
"21,88 : 37.7"
"21,89 : 38.08"
"21,90 : 93.94"
"21,91 : 76.94"
"21,92 : 47.01"
"21,93 : 15.65"
"21,94 : 51.31"
"21,95 : 89.94"
"21,96 : 73.5"
"21,97 : 14.42"
"21,98 : 62.65"
"21,99 : 47.01"
"22,0 : 103.58"
"22,1 : 82.87"
"22,2 : 83.35"
"22,3 : 99.32"
"22,4 : 29.83"
"22,5 : 65.03"
"22,6 : 81.04"
"22,7 : 51.48"
"22,8 : 81.04"
"22,9 : 105.62"
"22,10 : 56.57"
"22,11 : 27.46"
"22,12 : 11.18"
"22,13 : 28.64"
"22,14 : 72.56"
"22,15 : 75.43"
"22,16 : 73.41"
"22,17 : 97.29"
"22,18 : 47.43"
"22,19 : 72.11"
"22,20 : 83.24"
"22,21 : 59.41"
"22,22 : 0.0"
"22,23 : 8.25"
"22,24 : 1.0"
"22,25 : 95.13"
"22,26 : 68.01"
"22,27 : 27.46"
"22,28 : 52.2"
"22,29 : 97.33"
"22,30 : 25.46"
"22,31 : 77.23"
"22,32 : 37.0"
"22,33 : 52.01"
"22,34 : 83.22"
"22,35 : 9.22"
"22,36 : 20.59"
"22,37 : 100.18"
"22,38 : 92.42"
"22,39 : 52.43"
"22,40 : 34.06"
"22,41 : 21.38"
"22,42 : 61.4"
"22,43 : 86.28"
"22,44 : 75.17"
"22,45 : 99.05"
"22,46 : 98.0"
"22,47 : 43.68"
"22,48 : 103.32"
"22,49 : 95.26"
"22,50 : 59.48"
"22,51 : 29.41"
"22,52 : 64.38"
"22,53 : 56.04"
"22,54 : 84.72"
"22,55 : 57.2"
"22,56 : 13.45"
"22,57 : 28.28"
"22,58 : 58.01"
"22,59 : 49.65"
"22,60 : 45.69"
"22,61 : 103.74"
"22,62 : 44.64"
"22,63 : 29.53"
"22,64 : 47.07"
"22,65 : 55.8"
"22,66 : 83.68"
"22,67 : 81.02"
"22,68 : 68.26"
"22,69 : 88.28"
"22,70 : 69.35"
"22,71 : 67.42"
"22,72 : 69.35"
"22,73 : 37.48"
"22,74 : 47.1"
"22,75 : 11.7"
"22,76 : 102.88"
"22,77 : 13.45"
"22,78 : 51.01"
"22,79 : 76.11"
"22,80 : 25.55"
"22,81 : 44.94"
"22,82 : 73.16"
"22,83 : 70.43"
"22,84 : 76.03"
"22,85 : 67.27"
"22,86 : 87.86"
"22,87 : 86.76"
"22,88 : 85.62"
"22,89 : 85.38"
"22,90 : 50.64"
"22,91 : 90.25"
"22,92 : 71.25"
"22,93 : 54.04"
"22,94 : 91.27"
"22,95 : 81.47"
"22,96 : 26.93"
"22,97 : 60.54"
"22,98 : 63.07"
"22,99 : 71.25"
"23,0 : 104.06"
"23,1 : 82.46"
"23,2 : 86.02"
"23,3 : 97.0"
"23,4 : 37.34"
"23,5 : 63.29"
"23,6 : 77.28"
"23,7 : 54.2"
"23,8 : 81.71"
"23,9 : 106.62"
"23,10 : 61.22"
"23,11 : 19.24"
"23,12 : 10.82"
"23,13 : 20.59"
"23,14 : 67.12"
"23,15 : 74.73"
"23,16 : 75.29"
"23,17 : 97.42"
"23,18 : 43.57"
"23,19 : 67.91"
"23,20 : 83.93"
"23,21 : 53.34"
"23,22 : 8.25"
"23,23 : 0.0"
"23,24 : 8.06"
"23,25 : 93.9"
"23,26 : 66.61"
"23,27 : 19.24"
"23,28 : 55.87"
"23,29 : 95.0"
"23,30 : 18.87"
"23,31 : 75.03"
"23,32 : 45.04"
"23,33 : 50.49"
"23,34 : 78.85"
"23,35 : 5.39"
"23,36 : 27.2"
"23,37 : 94.94"
"23,38 : 88.96"
"23,39 : 46.53"
"23,40 : 38.42"
"23,41 : 22.47"
"23,42 : 64.2"
"23,43 : 80.53"
"23,44 : 79.21"
"23,45 : 97.13"
"23,46 : 96.33"
"23,47 : 50.99"
"23,48 : 99.64"
"23,49 : 94.2"
"23,50 : 65.92"
"23,51 : 21.93"
"23,52 : 63.79"
"23,53 : 61.77"
"23,54 : 79.16"
"23,55 : 51.11"
"23,56 : 19.31"
"23,57 : 36.06"
"23,58 : 56.72"
"23,59 : 42.01"
"23,60 : 52.5"
"23,61 : 99.69"
"23,62 : 41.19"
"23,63 : 24.74"
"23,64 : 44.05"
"23,65 : 59.41"
"23,66 : 84.15"
"23,67 : 79.63"
"23,68 : 62.61"
"23,69 : 85.29"
"23,70 : 71.34"
"23,71 : 70.43"
"23,72 : 64.08"
"23,73 : 42.44"
"23,74 : 55.01"
"23,75 : 9.85"
"23,76 : 97.86"
"23,77 : 7.28"
"23,78 : 59.01"
"23,79 : 74.97"
"23,80 : 29.0"
"23,81 : 50.99"
"23,82 : 70.18"
"23,83 : 64.07"
"23,84 : 74.67"
"23,85 : 60.61"
"23,86 : 87.93"
"23,87 : 81.71"
"23,88 : 82.04"
"23,89 : 81.88"
"23,90 : 58.31"
"23,91 : 91.68"
"23,92 : 70.41"
"23,93 : 46.69"
"23,94 : 89.01"
"23,95 : 85.59"
"23,96 : 34.37"
"23,97 : 56.04"
"23,98 : 65.19"
"23,99 : 70.41"
"24,0 : 102.62"
"24,1 : 81.88"
"24,2 : 82.49"
"24,3 : 98.33"
"24,4 : 29.61"
"24,5 : 64.03"
"24,6 : 80.08"
"24,7 : 50.61"
"24,8 : 80.08"
"24,9 : 104.68"
"24,10 : 55.87"
"24,11 : 27.29"
"24,12 : 10.2"
"24,13 : 28.23"
"24,14 : 71.69"
"24,15 : 74.43"
"24,16 : 72.5"
"24,17 : 96.32"
"24,18 : 46.49"
"24,19 : 71.17"
"24,20 : 82.28"
"24,21 : 58.6"
"24,22 : 1.0"
"24,23 : 8.06"
"24,24 : 0.0"
"24,25 : 94.13"
"24,26 : 67.01"
"24,27 : 27.29"
"24,28 : 51.4"
"24,29 : 96.33"
"24,30 : 24.76"
"24,31 : 76.24"
"24,32 : 37.01"
"24,33 : 51.01"
"24,34 : 82.28"
"24,35 : 8.49"
"24,36 : 20.12"
"24,37 : 99.3"
"24,38 : 91.44"
"24,39 : 51.61"
"24,40 : 33.3"
"24,41 : 20.4"
"24,42 : 60.54"
"24,43 : 85.44"
"24,44 : 74.41"
"24,45 : 98.05"
"24,46 : 97.0"
"24,47 : 43.42"
"24,48 : 102.36"
"24,49 : 94.26"
"24,50 : 59.03"
"24,51 : 28.84"
"24,52 : 63.39"
"24,53 : 55.47"
"24,54 : 83.86"
"24,55 : 56.4"
"24,56 : 12.81"
"24,57 : 28.16"
"24,58 : 57.01"
"24,59 : 49.09"
"24,60 : 45.31"
"24,61 : 102.79"
"24,62 : 43.68"
"24,63 : 28.65"
"24,64 : 46.1"
"24,65 : 55.0"
"24,66 : 82.71"
"24,67 : 80.02"
"24,68 : 67.42"
"24,69 : 87.3"
"24,70 : 68.45"
"24,71 : 66.57"
"24,72 : 68.48"
"24,73 : 36.8"
"24,74 : 47.04"
"24,75 : 10.77"
"24,76 : 101.98"
"24,77 : 12.81"
"24,78 : 51.0"
"24,79 : 75.11"
"24,80 : 24.7"
"24,81 : 44.42"
"24,82 : 72.18"
"24,83 : 69.66"
"24,84 : 75.03"
"24,85 : 66.53"
"24,86 : 86.88"
"24,87 : 85.87"
"24,88 : 84.65"
"24,89 : 84.4"
"24,90 : 50.49"
"24,91 : 89.32"
"24,92 : 70.26"
"24,93 : 53.41"
"24,94 : 90.27"
"24,95 : 80.72"
"24,96 : 26.68"
"24,97 : 59.62"
"24,98 : 62.17"
"24,99 : 70.26"
"25,0 : 22.56"
"25,1 : 14.76"
"25,2 : 43.57"
"25,3 : 13.6"
"25,4 : 91.21"
"25,5 : 30.81"
"25,6 : 31.91"
"25,7 : 53.85"
"25,8 : 24.04"
"25,9 : 29.43"
"25,10 : 65.19"
"25,11 : 95.52"
"25,12 : 84.29"
"25,13 : 88.6"
"25,14 : 52.01"
"25,15 : 20.22"
"25,16 : 37.54"
"25,17 : 16.0"
"25,18 : 53.85"
"25,19 : 39.62"
"25,20 : 23.43"
"25,21 : 61.72"
"25,22 : 95.13"
"25,23 : 93.9"
"25,24 : 94.13"
"25,25 : 0.0"
"25,26 : 27.29"
"25,27 : 95.52"
"25,28 : 59.03"
"25,29 : 13.15"
"25,30 : 80.36"
"25,31 : 21.1"
"25,32 : 100.24"
"25,33 : 43.42"
"25,34 : 38.01"
"25,35 : 88.68"
"25,36 : 85.99"
"25,37 : 51.35"
"25,38 : 26.48"
"25,39 : 62.68"
"25,40 : 71.06"
"25,41 : 74.01"
"25,42 : 49.4"
"25,43 : 55.54"
"25,44 : 58.14"
"25,45 : 8.94"
"25,46 : 5.83"
"25,47 : 90.87"
"25,48 : 31.4"
"25,49 : 2.0"
"25,50 : 83.23"
"25,51 : 83.22"
"25,52 : 31.06"
"25,53 : 75.17"
"25,54 : 52.8"
"25,55 : 62.63"
"25,56 : 86.15"
"25,57 : 93.86"
"25,58 : 37.22"
"25,59 : 81.27"
"25,60 : 85.43"
"25,61 : 36.22"
"25,62 : 54.71"
"25,63 : 71.57"
"25,64 : 51.24"
"25,65 : 57.31"
"25,66 : 21.26"
"25,67 : 14.32"
