x,y
35,52
36,31
58,60
33,62
86,45
99,56
57,25
9,100
91,37
22,41
11,71
88,83
6,0
1,23
61,57
0,27
40,57
78,35
63,12
17,88
13,12
14,97
62,24
21,47
25,98
35,95
45,56
36,50
5,17
34,68
17,62
13,44
61,16
13,38
19,77
44,92
35,67
86,92
97,12
32,39
71,48
64,75
35,42
20,49
77,64
20,84
51,70
21,0
26,27
16,62
92,52
59,7
67,40
59,6
48,39
33,22
27,81
24,94
84,50
85,92
89,11
73,35
91,59
54,91
9,33
20,71
36,41
8,8
21,62
96,5
94,45
16,45
28,75
94,79
16,74
31,39
10,8
87,24
99,32
43,57
45,18
98,67
76,25
44,44
54,33
40,43
45,57
57,6
82,82
62,15
68,30
51,29
41,56
97,10
100,15
88,95
38,78
7,3
54,8
19,18

Distanze
"0,0 : 0.0"
"0,1 : 21.02"
"0,2 : 24.35"
"0,3 : 10.2"
"0,4 : 51.48"
"0,5 : 64.12"
"0,6 : 34.83"
"0,7 : 54.59"
"0,8 : 57.97"
"0,9 : 17.03"
"0,10 : 30.61"
"0,11 : 61.4"
"0,12 : 59.54"
"0,13 : 44.69"
"0,14 : 26.48"
"0,15 : 43.01"
"0,16 : 7.07"
"0,17 : 46.24"
"0,18 : 48.83"
"0,19 : 40.25"
"0,20 : 45.65"
"0,21 : 49.66"
"0,22 : 38.9"
"0,23 : 14.87"
"0,24 : 47.07"
"0,25 : 43.0"
"0,26 : 10.77"
"0,27 : 2.24"
"0,28 : 46.1"
"0,29 : 16.03"
"0,30 : 20.59"
"0,31 : 23.41"
"0,32 : 44.41"
"0,33 : 26.08"
"0,34 : 29.68"
"0,35 : 41.0"
"0,36 : 15.0"
"0,37 : 64.82"
"0,38 : 73.78"
"0,39 : 13.34"
"0,40 : 36.22"
"0,41 : 37.01"
"0,42 : 10.0"
"0,43 : 15.3"
"0,44 : 43.68"
"0,45 : 35.34"
"0,46 : 24.08"
"0,47 : 53.85"
"0,48 : 26.57"
"0,49 : 21.47"
"0,50 : 57.0"
"0,51 : 51.0"
"0,52 : 34.18"
"0,53 : 51.88"
"0,54 : 18.38"
"0,55 : 30.07"
"0,56 : 30.08"
"0,57 : 43.42"
"0,58 : 49.04"
"0,59 : 64.03"
"0,60 : 67.8"
"0,61 : 41.63"
"0,62 : 56.44"
"0,63 : 43.38"
"0,64 : 32.2"
"0,65 : 24.21"
"0,66 : 11.05"
"0,67 : 51.62"
"0,68 : 17.2"
"0,69 : 77.01"
"0,70 : 59.41"
"0,71 : 20.25"
"0,72 : 24.04"
"0,73 : 64.88"
"0,74 : 29.07"
"0,75 : 13.6"
"0,76 : 50.61"
"0,77 : 59.06"
"0,78 : 67.05"
"0,79 : 9.43"
"0,80 : 35.44"
"0,81 : 64.76"
"0,82 : 49.09"
"0,83 : 12.04"
"0,84 : 26.87"
"0,85 : 10.3"
"0,86 : 11.18"
"0,87 : 50.99"
"0,88 : 55.76"
"0,89 : 45.8"
"0,90 : 39.66"
"0,91 : 28.02"
"0,92 : 7.21"
"0,93 : 74.89"
"0,94 : 74.79"
"0,95 : 68.25"
"0,96 : 26.17"
"0,97 : 56.44"
"0,98 : 47.93"
"0,99 : 37.58"
"1,0 : 21.02"
"1,1 : 0.0"
"1,2 : 36.4"
"1,3 : 31.14"
"1,4 : 51.92"
"1,5 : 67.78"
"1,6 : 21.84"
"1,7 : 74.09"
"1,8 : 55.33"
"1,9 : 17.2"
"1,10 : 47.17"
"1,11 : 73.54"
"1,12 : 43.14"
"1,13 : 35.9"
"1,14 : 36.07"
"1,15 : 36.22"
"1,16 : 26.31"
"1,17 : 42.19"
"1,18 : 33.02"
"1,19 : 60.08"
"1,20 : 29.83"
"1,21 : 69.57"
"1,22 : 26.93"
"1,23 : 21.93"
"1,24 : 67.9"
"1,25 : 64.01"
"1,26 : 26.57"
"1,27 : 19.0"
"1,28 : 34.01"
"1,29 : 37.05"
"1,30 : 36.36"
"1,31 : 26.42"
"1,32 : 29.15"
"1,33 : 24.04"
"1,34 : 49.04"
"1,35 : 61.52"
"1,36 : 36.01"
"1,37 : 78.87"
"1,38 : 63.89"
"1,39 : 8.94"
"1,40 : 38.91"
"1,41 : 52.15"
"1,42 : 11.05"
"1,43 : 24.08"
"1,44 : 52.63"
"1,45 : 55.36"
"1,46 : 41.79"
"1,47 : 34.44"
"1,48 : 10.77"
"1,49 : 36.89"
"1,50 : 59.81"
"1,51 : 33.24"
"1,52 : 32.28"
"1,53 : 33.97"
"1,54 : 14.42"
"1,55 : 9.49"
"1,56 : 50.8"
"1,57 : 64.13"
"1,58 : 51.62"
"1,59 : 78.24"
"1,60 : 56.65"
"1,61 : 37.22"
"1,62 : 61.72"
"1,63 : 62.64"
"1,64 : 27.07"
"1,65 : 43.08"
"1,66 : 10.0"
"1,67 : 36.24"
"1,68 : 34.44"
"1,69 : 65.39"
"1,70 : 59.67"
"1,71 : 24.41"
"1,72 : 44.72"
"1,73 : 75.29"
"1,74 : 47.42"
"1,75 : 9.43"
"1,76 : 34.71"
"1,77 : 51.48"
"1,78 : 63.01"
"1,79 : 26.93"
"1,80 : 15.81"
"1,81 : 71.69"
"1,82 : 40.45"
"1,83 : 15.26"
"1,84 : 18.11"
"1,85 : 12.65"
"1,86 : 27.51"
"1,87 : 32.65"
"1,88 : 68.68"
"1,89 : 30.53"
"1,90 : 32.02"
"1,91 : 15.13"
"1,92 : 25.5"
"1,93 : 64.51"
"1,94 : 65.97"
"1,95 : 82.46"
"1,96 : 47.04"
"1,97 : 40.31"
"1,98 : 29.21"
"1,99 : 21.4"
"2,0 : 24.35"
"2,1 : 36.4"
"2,2 : 0.0"
"2,3 : 25.08"
"2,4 : 31.76"
"2,5 : 41.19"
"2,6 : 35.01"
"2,7 : 63.25"
"2,8 : 40.22"
"2,9 : 40.71"
"2,10 : 48.27"
"2,11 : 37.8"
"2,12 : 79.4"
"2,13 : 67.96"
"2,14 : 4.24"
"2,15 : 66.73"
"2,16 : 18.25"
"2,17 : 32.02"
"2,18 : 48.26"
"2,19 : 49.65"
"2,20 : 65.8"
"2,21 : 57.49"
"2,22 : 36.22"
"2,23 : 39.22"
"2,24 : 50.33"
"2,25 : 41.88"
"2,26 : 13.6"
"2,27 : 24.17"
"2,28 : 68.25"
"2,29 : 25.3"
"2,30 : 41.05"
"2,31 : 47.76"
"2,32 : 44.1"
"2,33 : 50.09"
"2,34 : 42.54"
"2,35 : 34.93"
"2,36 : 24.04"
"2,37 : 42.52"
"2,38 : 61.85"
"2,39 : 33.42"
"2,40 : 17.69"
"2,41 : 16.16"
"2,42 : 29.21"
"2,43 : 39.56"
"2,44 : 19.42"
"2,45 : 44.94"
"2,46 : 12.21"
"2,47 : 70.49"
"2,48 : 45.97"
"2,49 : 42.05"
"2,50 : 34.93"
"2,51 : 53.01"
"2,52 : 21.93"
"2,53 : 54.01"
"2,54 : 23.26"
"2,55 : 45.49"
"2,56 : 37.44"
"2,57 : 48.08"
"2,58 : 27.86"
"2,59 : 41.87"
"2,60 : 57.98"
"2,61 : 29.15"
"2,62 : 33.02"
"2,63 : 31.26"
"2,64 : 55.95"
"2,65 : 39.56"
"2,66 : 29.07"
"2,67 : 72.14"
"2,68 : 37.05"
"2,69 : 66.85"
"2,70 : 39.0"
"2,71 : 44.6"
"2,72 : 33.54"
"2,73 : 40.71"
"2,74 : 44.27"
"2,75 : 34.21"
"2,76 : 70.77"
"2,77 : 46.23"
"2,78 : 49.65"
"2,79 : 15.3"
"2,80 : 43.97"
"2,81 : 40.61"
"2,82 : 39.36"
"2,83 : 21.26"
"2,84 : 27.29"
"2,85 : 24.76"
"2,86 : 13.34"
"2,87 : 54.01"
"2,88 : 32.56"
"2,89 : 45.18"
"2,90 : 31.62"
"2,91 : 31.78"
"2,92 : 17.46"
"2,93 : 63.41"
"2,94 : 61.55"
"2,95 : 46.1"
"2,96 : 26.91"
"2,97 : 76.49"
"2,98 : 52.15"
"2,99 : 57.31"
"3,0 : 10.2"
"3,1 : 31.14"
"3,2 : 25.08"
"3,3 : 0.0"
"3,4 : 55.66"
"3,5 : 66.27"
"3,6 : 44.1"
"3,7 : 44.94"
"3,8 : 63.16"
"3,9 : 23.71"
"3,10 : 23.77"
"3,11 : 58.87"
"3,12 : 67.62"
"3,13 : 50.45"
"3,14 : 28.44"
"3,15 : 48.1"
"3,16 : 8.6"
"3,17 : 52.48"
"3,18 : 58.31"
"3,19 : 30.53"
"3,20 : 53.85"
"3,21 : 39.82"
"3,22 : 47.8"
"3,23 : 19.21"
"3,24 : 36.88"
"3,25 : 33.06"
"3,26 : 13.42"
"3,27 : 12.37"
"3,28 : 53.0"
"3,29 : 6.08"
"3,30 : 16.0"
"3,31 : 26.91"
"3,32 : 53.85"
"3,33 : 31.24"
"3,34 : 20.52"
"3,35 : 31.95"
"3,36 : 5.39"
"3,37 : 60.9"
"3,38 : 81.22"
"3,39 : 23.02"
"3,40 : 40.5"
"3,41 : 33.62"
"3,42 : 20.1"
"3,43 : 18.38"
"3,44 : 44.05"
"3,45 : 25.55"
"3,46 : 19.7"
"3,47 : 63.15"
"3,48 : 35.69"
"3,49 : 17.0"
"3,50 : 59.84"
"3,51 : 60.84"
"3,52 : 40.5"
"3,53 : 61.74"
"3,54 : 27.46"
"3,55 : 40.0"
"3,56 : 19.92"
"3,57 : 33.24"
"3,58 : 52.39"
"3,59 : 60.03"
"3,60 : 75.74"
"3,61 : 48.26"
"3,62 : 58.08"
"3,63 : 35.81"
"3,64 : 37.64"
"3,65 : 15.81"
"3,66 : 21.21"
"3,67 : 59.51"
"3,68 : 12.0"
"3,69 : 84.96"
"3,70 : 63.32"
"3,71 : 24.04"
"3,72 : 13.93"
"3,73 : 63.32"
"3,74 : 20.81"
"3,75 : 23.09"
"3,76 : 58.69"
"3,77 : 66.03"
"3,78 : 72.5"
"3,79 : 11.18"
"3,80 : 45.61"
"3,81 : 65.19"
"3,82 : 56.73"
"3,83 : 21.1"
"3,84 : 35.81"
"3,85 : 20.25"
"3,86 : 13.0"
"3,87 : 60.93"
"3,88 : 52.92"
"3,89 : 55.23"
"3,90 : 47.42"
"3,91 : 37.59"
"3,92 : 10.0"
"3,93 : 82.46"
"3,94 : 81.84"
"3,95 : 64.14"
"3,96 : 16.76"
"3,97 : 64.47"
"3,98 : 57.94"
"3,99 : 46.17"
"4,0 : 51.48"
"4,1 : 51.92"
"4,2 : 31.76"
"4,3 : 55.66"
"4,4 : 0.0"
"4,5 : 17.03"
"4,6 : 35.23"
"4,7 : 94.63"
"4,8 : 9.43"
"4,9 : 64.12"
"4,10 : 79.38"
"4,11 : 38.05"
"4,12 : 91.79"
"4,13 : 87.8"
"4,14 : 27.73"
"4,15 : 87.86"
"4,16 : 47.54"
"4,17 : 12.81"
"4,18 : 40.22"
"4,19 : 81.3"
"4,20 : 80.11"
"4,21 : 88.81"
"4,22 : 31.89"
"4,23 : 65.03"
"4,24 : 80.81"
"4,25 : 71.42"
"4,26 : 42.45"
"4,27 : 50.25"
"4,28 : 85.7"
"4,29 : 56.86"
"4,30 : 71.06"
"4,31 : 73.01"
"4,32 : 38.29"
"4,33 : 73.33"
"4,34 : 74.25"
"4,35 : 63.03"
"4,36 : 55.54"
"4,37 : 47.0"
"4,38 : 34.79"
"4,39 : 54.33"
"4,40 : 15.3"
"4,41 : 37.2"
"4,42 : 51.09"
"4,43 : 66.12"
"4,44 : 21.02"
"4,45 : 76.66"
"4,46 : 43.01"
"4,47 : 79.06"
"4,48 : 62.64"
"4,49 : 72.03"
"4,50 : 9.22"
"4,51 : 46.62"
"4,52 : 19.65"
"4,53 : 47.43"
"4,54 : 38.47"
"4,55 : 57.78"
"4,56 : 69.12"
"4,57 : 79.03"
"4,58 : 5.39"
"4,59 : 47.01"
"4,60 : 34.13"
"4,61 : 16.4"
"4,62 : 14.87"
"4,63 : 56.04"
"4,64 : 77.93"
"4,65 : 70.94"
"4,66 : 50.16"
"4,67 : 86.33"
"4,68 : 67.19"
"4,69 : 41.23"
"4,70 : 8.0"
"4,71 : 70.0"
"4,72 : 65.3"
"4,73 : 34.93"
"4,74 : 75.77"
"4,75 : 55.33"
"4,76 : 84.53"
"4,77 : 21.02"
"4,78 : 18.38"
"4,79 : 44.64"
"4,80 : 49.09"
"4,81 : 25.06"
"4,82 : 22.36"
"4,83 : 42.01"
"4,84 : 34.18"
"4,85 : 46.04"
"4,86 : 42.72"
"4,87 : 48.6"
"4,88 : 37.22"
"4,89 : 38.42"
"4,90 : 23.43"
"4,91 : 38.48"
"4,92 : 46.32"
"4,93 : 36.69"
"4,94 : 33.11"
"4,95 : 50.04"
"4,96 : 58.25"
"4,97 : 89.47"
"4,98 : 48.92"
"4,99 : 72.24"
"5,0 : 64.12"
"5,1 : 67.78"
"5,2 : 41.19"
"5,3 : 66.27"
"5,4 : 17.03"
"5,5 : 0.0"
"5,6 : 52.2"
"5,7 : 100.18"
"5,8 : 20.62"
"5,9 : 78.45"
"5,10 : 89.27"
"5,11 : 29.15"
"5,12 : 108.56"
"5,13 : 103.41"
"5,14 : 38.01"
"5,15 : 103.16"
"5,16 : 59.01"
"5,17 : 29.7"
"5,18 : 56.85"
"5,19 : 88.02"
"5,20 : 96.6"
"5,21 : 94.37"
"5,22 : 48.92"
"5,23 : 78.52"
"5,24 : 85.09"
"5,25 : 74.95"
"5,26 : 54.0"
"5,27 : 63.29"
"5,28 : 101.77"
"5,29 : 66.1"
"5,30 : 82.22"
"5,31 : 86.83"
"5,32 : 55.17"
"5,33 : 87.86"
"5,34 : 82.71"
"5,35 : 65.73"
"5,36 : 64.94"
"5,37 : 38.28"
"5,38 : 44.05"
"5,39 : 69.12"
"5,40 : 29.12"
"5,41 : 39.82"
"5,42 : 65.51"
"5,43 : 79.31"
"5,44 : 23.41"
"5,45 : 83.82"
"5,46 : 50.0"
"5,47 : 96.02"
"5,48 : 78.55"
"5,49 : 83.22"
"5,50 : 8.06"
"5,51 : 63.25"
"5,52 : 35.78"
"5,53 : 64.03"
"5,54 : 53.76"
"5,55 : 74.24"
"5,56 : 76.22"
"5,57 : 84.08"
"5,58 : 16.16"
"5,59 : 38.63"
"5,60 : 46.1"
"5,61 : 33.42"
"5,62 : 8.54"
"5,63 : 57.01"
"5,64 : 92.89"
"5,65 : 80.41"
"5,66 : 64.76"
"5,67 : 102.88"
"5,68 : 78.23"
"5,69 : 51.09"
"5,70 : 12.08"
"5,71 : 83.73"
"5,72 : 73.5"
"5,73 : 23.54"
"5,74 : 84.93"
"5,75 : 70.09"
"5,76 : 101.12"
"5,77 : 34.18"
"5,78 : 24.0"
"5,79 : 56.01"
"5,80 : 66.03"
"5,81 : 11.05"
"5,82 : 38.6"
"5,83 : 56.29"
"5,84 : 50.54"
"5,85 : 60.42"
"5,86 : 54.01"
"5,87 : 65.3"
"5,88 : 31.06"
"5,89 : 55.23"
"5,90 : 40.46"
"5,91 : 55.07"
"5,92 : 58.0"
"5,93 : 46.04"
"5,94 : 41.01"
"5,95 : 40.52"
"5,96 : 64.85"
"5,97 : 106.17"
"5,98 : 65.8"
"5,99 : 88.57"
"6,0 : 34.83"
"6,1 : 21.84"
"6,2 : 35.01"
"6,3 : 44.1"
"6,4 : 35.23"
"6,5 : 52.2"
"6,6 : 0.0"
"6,7 : 89.04"
"6,8 : 36.06"
"6,9 : 38.48"
"6,10 : 65.05"
"6,11 : 65.76"
"6,12 : 56.8"
"6,13 : 56.04"
"6,14 : 32.25"
"6,15 : 57.04"
"6,16 : 36.24"
"6,17 : 23.26"
"6,18 : 14.32"
"6,19 : 74.63"
"6,20 : 45.88"
"6,21 : 83.86"
"6,22 : 5.1"
"6,23 : 42.19"
"6,24 : 79.71"
"6,25 : 73.38"
"6,26 : 33.24"
"6,27 : 32.65"
"6,28 : 52.61"
"6,29 : 48.76"
"6,30 : 54.49"
"6,31 : 47.93"
"6,32 : 9.85"
"6,33 : 45.88"
"6,34 : 64.4"
"6,35 : 68.25"
"6,36 : 47.41"
"6,37 : 73.01"
"6,38 : 42.06"
"6,39 : 28.65"
"6,40 : 26.93"
"6,41 : 50.49"
"6,42 : 27.8"
"6,43 : 44.1"
"6,44 : 43.83"
"6,45 : 69.64"
"6,46 : 45.4"
"6,47 : 43.83"
"6,48 : 31.06"
"6,49 : 55.23"
"6,50 : 44.2"
"6,51 : 18.11"
"6,52 : 18.03"
"6,53 : 19.1"
"6,54 : 16.64"
"6,55 : 24.19"
"6,56 : 63.53"
"6,57 : 76.49"
"6,58 : 36.8"
"6,59 : 72.62"
"6,60 : 34.93"
"6,61 : 18.87"
"6,62 : 48.08"
"6,63 : 66.07"
"6,64 : 48.66"
"6,65 : 59.03"
"6,66 : 26.4"
"6,67 : 51.87"
"6,68 : 51.62"
"6,69 : 43.83"
"6,70 : 42.06"
"6,71 : 45.62"
"6,72 : 57.8"
"6,73 : 65.46"
"6,74 : 63.89"
"6,75 : 29.53"
"6,76 : 49.98"
"6,77 : 30.02"
"6,78 : 42.58"
"6,79 : 34.93"
"6,80 : 13.89"
"6,81 : 58.69"
"6,82 : 19.0"
"6,83 : 23.02"
"6,84 : 8.54"
"6,85 : 24.76"
"6,86 : 34.18"
"6,87 : 19.0"
"6,88 : 62.24"
"6,89 : 11.18"
"6,90 : 12.08"
"6,91 : 7.21"
"6,92 : 34.89"
"6,93 : 42.72"
"6,94 : 44.15"
"6,95 : 76.56"
"6,96 : 56.3"
"6,97 : 54.63"
"6,98 : 17.26"
"6,99 : 38.64"
"7,0 : 54.59"
"7,1 : 74.09"
"7,2 : 63.25"
"7,3 : 44.94"
"7,4 : 94.63"
"7,5 : 100.18"
"7,6 : 89.04"
"7,7 : 0.0"
"7,8 : 103.41"
"7,9 : 60.42"
"7,10 : 29.07"
"7,11 : 80.81"
"7,12 : 100.04"
"7,13 : 77.41"
"7,14 : 67.48"
"7,15 : 73.55"
"7,16 : 53.01"
"7,17 : 94.79"
"7,18 : 103.25"
"7,19 : 14.42"
"7,20 : 88.09"
"7,21 : 5.83"
"7,22 : 92.66"
"7,23 : 54.34"
"7,24 : 16.12"
"7,25 : 26.48"
"7,26 : 56.85"
"7,27 : 56.82"
"7,28 : 83.1"
"7,29 : 40.61"
"7,30 : 38.83"
"7,31 : 56.14"
"7,32 : 98.79"
"7,33 : 62.13"
"7,34 : 25.08"
"7,35 : 35.9"
"7,36 : 42.01"
"7,37 : 77.41"
"7,38 : 124.45"
"7,39 : 65.19"
"7,40 : 80.92"
"7,41 : 60.42"
"7,42 : 63.56"
"7,43 : 52.17"
"7,44 : 76.94"
"7,45 : 19.42"
"7,46 : 51.61"
"7,47 : 100.72"
"7,48 : 74.95"
"7,49 : 38.64"
"7,50 : 95.88"
"7,51 : 105.59"
"7,52 : 83.45"
"7,53 : 106.47"
"7,54 : 72.4"
"7,55 : 81.61"
"7,56 : 26.17"
"7,57 : 16.16"
"7,58 : 90.14"
"7,59 : 76.42"
"7,60 : 119.67"
"7,61 : 91.22"
"7,62 : 91.68"
"7,63 : 45.89"
"7,64 : 67.0"
"7,65 : 31.02"
"7,66 : 64.88"
"7,67 : 92.01"
"7,68 : 39.85"
"7,69 : 128.82"
"7,70 : 101.24"
"7,71 : 55.44"
"7,72 : 31.4"
"7,73 : 87.56"
"7,74 : 26.93"
"7,75 : 64.85"
"7,76 : 92.01"
"7,77 : 108.9"
"7,78 : 112.8"
"7,79 : 54.82"
"7,80 : 89.55"
"7,81 : 94.92"
"7,82 : 100.57"
"7,83 : 66.04"
"7,84 : 80.71"
"7,85 : 64.88"
"7,86 : 56.08"
"7,87 : 105.55"
"7,88 : 75.19"
"7,89 : 100.17"
"7,90 : 91.55"
"7,91 : 82.49"
"7,92 : 54.41"
"7,93 : 125.87"
"7,94 : 124.52"
"7,95 : 79.16"
"7,96 : 36.4"
"7,97 : 97.02"
"7,98 : 102.42"
"7,99 : 82.61"
"8,0 : 57.97"
"8,1 : 55.33"
"8,2 : 40.22"
"8,3 : 63.16"
"8,4 : 9.43"
"8,5 : 20.62"
"8,6 : 36.06"
"8,7 : 103.41"
"8,8 : 0.0"
"8,9 : 69.12"
"8,10 : 86.93"
"8,11 : 46.1"
"8,12 : 92.7"
"8,13 : 91.08"
"8,14 : 36.06"
"8,15 : 91.55"
"8,16 : 54.78"
"8,17 : 13.15"
"8,18 : 37.54"
"8,19 : 89.87"
"8,20 : 81.91"
"8,21 : 97.62"
"8,22 : 31.78"
"8,23 : 70.71"
"8,24 : 89.87"
"8,25 : 80.62"
"8,26 : 49.77"
"8,27 : 56.52"
"8,28 : 88.29"
"8,29 : 64.88"
"8,30 : 78.11"
"8,31 : 78.31"
"8,32 : 36.62"
"8,33 : 78.01"
"8,34 : 82.37"
"8,35 : 72.35"
"8,36 : 63.53"
"8,37 : 55.23"
"8,38 : 25.71"
"8,39 : 59.03"
"8,40 : 22.83"
"8,41 : 46.62"
"8,42 : 56.22"
"8,43 : 72.01"
"8,44 : 30.41"
"8,45 : 85.15"
"8,46 : 51.86"
"8,47 : 79.18"
"8,48 : 65.76"
"8,49 : 79.06"
"8,50 : 15.03"
"8,51 : 43.86"
"8,52 : 24.19"
"8,53 : 44.55"
"8,54 : 43.05"
"8,55 : 59.91"
"8,56 : 77.67"
"8,57 : 87.97"
"8,58 : 14.76"
"8,59 : 55.33"
"8,60 : 26.08"
"8,61 : 18.11"
"8,62 : 22.0"
"8,63 : 65.46"
"8,64 : 82.1"
"8,65 : 78.72"
"8,66 : 55.15"
"8,67 : 87.92"
"8,68 : 74.33"
"8,69 : 32.39"
"8,70 : 8.54"
"8,71 : 75.43"
"8,72 : 73.57"
"8,73 : 42.11"
"8,74 : 83.63"
"8,75 : 60.03"
"8,76 : 86.03"
"8,77 : 13.6"
"8,78 : 9.43"
"8,79 : 52.0"
"8,80 : 49.77"
"8,81 : 30.81"
"8,82 : 19.21"
"8,83 : 47.52"
"8,84 : 37.22"
"8,85 : 51.35"
"8,86 : 50.16"
"8,87 : 46.01"
"8,88 : 45.89"
"8,89 : 36.4"
"8,90 : 24.04"
"8,91 : 40.79"
"8,92 : 53.49"
"8,93 : 27.66"
"8,94 : 23.77"
"8,95 : 58.08"
"8,96 : 67.01"
"8,97 : 90.62"
"8,98 : 47.01"
"8,99 : 74.46"
"9,0 : 17.03"
"9,1 : 17.2"
"9,2 : 40.71"
"9,3 : 23.71"
"9,4 : 64.12"
"9,5 : 78.45"
"9,6 : 38.48"
"9,7 : 60.42"
"9,8 : 69.12"
"9,9 : 0.0"
"9,10 : 31.95"
"9,11 : 78.23"
"9,12 : 44.01"
"9,13 : 27.66"
"9,14 : 42.15"
"9,15 : 26.08"
"9,16 : 24.08"
"9,17 : 56.32"
"9,18 : 50.22"
"9,19 : 47.27"
"9,20 : 30.36"
"9,21 : 56.57"
"9,22 : 43.46"
"9,23 : 6.08"
"9,24 : 57.08"
"9,25 : 55.54"
"9,26 : 27.46"
"9,27 : 16.64"
"9,28 : 29.41"
"9,29 : 29.55"
"9,30 : 21.59"
"9,31 : 9.49"
"9,32 : 46.32"
"9,33 : 9.49"
"9,34 : 36.12"
"9,35 : 55.54"
"9,36 : 29.07"
"9,37 : 81.84"
"9,38 : 80.41"
"9,39 : 10.2"
"9,40 : 49.5"
"9,41 : 54.04"
"9,42 : 13.04"
"9,43 : 8.25"
"9,44 : 59.62"
"9,45 : 43.05"
"9,46 : 41.01"
"9,47 : 41.01"
"9,48 : 14.56"
"9,49 : 21.84"
"9,50 : 70.86"
"9,51 : 50.25"
"9,52 : 45.01"
"9,53 : 50.93"
"9,54 : 26.08"
"9,55 : 21.95"
"9,56 : 40.31"
"9,57 : 53.04"
"9,58 : 62.65"
"9,59 : 81.06"
"9,60 : 73.41"
"9,61 : 51.35"
"9,62 : 71.31"
"9,63 : 59.36"
"9,64 : 15.26"
"9,65 : 30.07"
"9,66 : 14.0"
"9,67 : 35.85"
"9,68 : 21.02"
"9,69 : 82.29"
"9,70 : 72.11"
"9,71 : 7.21"
"9,72 : 34.53"
"9,73 : 81.41"
"9,74 : 33.54"
"9,75 : 9.22"
"9,76 : 35.11"
"9,77 : 67.19"
"9,78 : 77.52"
"9,79 : 26.4"
"9,80 : 32.53"
"9,81 : 80.32"
"9,82 : 56.32"
"9,83 : 22.2"
"9,84 : 32.98"
"9,85 : 18.11"
"9,86 : 28.02"
"9,87 : 49.5"
"9,88 : 72.67"
"9,89 : 47.71"
"9,90 : 47.3"
"9,91 : 31.38"
"9,92 : 24.21"
"9,93 : 81.15"
"9,94 : 82.22"
"9,95 : 85.28"
"9,96 : 40.31"
"9,97 : 40.85"
"9,98 : 45.97"
"9,99 : 23.19"
"10,0 : 30.61"
"10,1 : 47.17"
"10,2 : 48.27"
"10,3 : 23.77"
"10,4 : 79.38"
"10,5 : 89.27"
"10,6 : 65.05"
"10,7 : 29.07"
"10,8 : 86.93"
"10,9 : 31.95"
"10,10 : 0.0"
"10,11 : 77.93"
"10,12 : 71.18"
"10,13 : 49.03"
"10,14 : 51.92"
"10,15 : 45.35"
"10,16 : 32.2"
"10,17 : 76.06"
"10,18 : 78.64"
"10,19 : 18.03"
"10,20 : 59.03"
"10,21 : 26.17"
"10,22 : 69.35"
"10,23 : 26.0"
"10,24 : 30.41"
"10,25 : 33.94"
"10,26 : 37.16"
"10,27 : 32.65"
"10,28 : 54.33"
"10,29 : 23.19"
"10,30 : 10.82"
"10,31 : 27.07"
"10,32 : 74.33"
"10,33 : 33.06"
"10,34 : 10.0"
"10,35 : 39.12"
"10,36 : 24.33"
"10,37 : 77.88"
"10,38 : 104.29"
"10,39 : 38.28"
"10,40 : 64.26"
"10,41 : 53.15"
"10,42 : 37.64"
"10,43 : 23.77"
"10,44 : 66.37"
"10,45 : 15.81"
"10,46 : 40.01"
"10,47 : 71.7"
"10,48 : 46.49"
"10,49 : 10.3"
"10,50 : 83.2"
"10,51 : 80.0"
"10,52 : 64.01"
"10,53 : 80.8"
"10,54 : 48.92"
"10,55 : 53.71"
"10,56 : 18.87"
"10,57 : 26.42"
"10,58 : 75.96"
"10,59 : 76.92"
"10,60 : 98.41"
"10,61 : 71.69"
"10,62 : 80.89"
"10,63 : 47.42"
"10,64 : 38.05"
"10,65 : 9.0"
"10,66 : 39.05"
"10,67 : 63.07"
"10,68 : 13.45"
"10,69 : 107.62"
"10,70 : 86.98"
"10,71 : 26.48"
"10,72 : 17.46"
"10,73 : 83.38"
"10,74 : 5.83"
"10,75 : 37.74"
"10,76 : 63.01"
"10,77 : 89.36"
"10,78 : 96.25"
"10,79 : 34.93"
"10,80 : 62.97"
"10,81 : 87.09"
"10,82 : 79.63"
"10,83 : 42.64"
"10,84 : 57.38"
"10,85 : 40.31"
"10,86 : 36.77"
"10,87 : 79.63"
"10,88 : 71.85"
"10,89 : 75.74"
"10,90 : 70.21"
"10,91 : 58.0"
"10,92 : 33.54"
"10,93 : 105.44"
"10,94 : 105.15"
"10,95 : 80.65"
"10,96 : 27.89"
"10,97 : 68.12"
"10,98 : 76.28"
"10,99 : 53.6"
"11,0 : 61.4"
"11,1 : 73.54"
"11,2 : 37.8"
"11,3 : 58.87"
"11,4 : 38.05"
"11,5 : 29.15"
"11,6 : 65.76"
"11,7 : 80.81"
"11,8 : 46.1"
"11,9 : 78.23"
"11,10 : 77.93"
"11,11 : 0.0"
"11,12 : 116.67"
"11,13 : 105.68"
"11,14 : 37.48"
"11,15 : 104.31"
"11,16 : 54.59"
"11,17 : 49.03"
"11,18 : 75.27"
"11,19 : 71.18"
"11,20 : 103.28"
"11,21 : 75.31"
"11,22 : 64.47"
"11,23 : 76.06"
"11,24 : 64.76"
"11,25 : 54.34"
"11,26 : 50.77"
"11,27 : 61.59"
"11,28 : 106.04"
"11,29 : 56.04"
"11,30 : 74.04"
"11,31 : 84.53"
"11,32 : 72.24"
"11,33 : 87.46"
"11,34 : 69.26"
"11,35 : 44.91"
"11,36 : 55.36"
"11,37 : 9.22"
"11,38 : 71.57"
"11,39 : 71.22"
"11,40 : 38.91"
"11,41 : 25.3"
"11,42 : 67.01"
"11,43 : 76.03"
"11,44 : 21.95"
"11,45 : 68.01"
"11,46 : 39.22"
"11,47 : 106.67"
"11,48 : 83.55"
"11,49 : 75.0"
"11,50 : 31.26"
"11,51 : 81.34"
"11,52 : 47.85"
"11,53 : 82.28"
"11,54 : 59.46"
"11,55 : 82.13"
"11,56 : 61.03"
"11,57 : 64.94"
"11,58 : 33.24"
"11,59 : 9.49"
"11,60 : 72.01"
"11,61 : 50.29"
"11,62 : 24.19"
"11,63 : 34.93"
"11,64 : 93.49"
"11,65 : 69.05"
"11,66 : 66.84"
"11,67 : 109.66"
"11,68 : 70.21"
"11,69 : 78.41"
"11,70 : 38.47"
"11,71 : 81.41"
"11,72 : 60.53"
"11,73 : 7.21"
"11,74 : 72.56"
"11,75 : 72.01"
"11,76 : 108.21"
"11,77 : 59.01"
"11,78 : 52.17"
"11,79 : 51.97"
"11,80 : 77.94"
"11,81 : 18.87"
"11,82 : 59.23"
"11,83 : 58.8"
"11,84 : 60.46"
"11,85 : 62.48"
"11,86 : 50.25"
"11,87 : 83.01"
"11,88 : 6.08"
"11,89 : 72.8"
"11,90 : 56.65"
"11,91 : 65.46"
"11,92 : 54.2"
"11,93 : 73.55"
"11,94 : 69.05"
"11,95 : 12.0"
"11,96 : 50.25"
"11,97 : 113.85"
"11,98 : 82.35"
"11,99 : 94.79"
"12,0 : 59.54"
"12,1 : 43.14"
"12,2 : 79.4"
"12,3 : 67.62"
"12,4 : 91.79"
"12,5 : 108.56"
"12,6 : 56.8"
"12,7 : 100.04"
"12,8 : 92.7"
"12,9 : 44.01"
"12,10 : 71.18"
"12,11 : 116.67"
"12,12 : 0.0"
"12,13 : 23.54"
"12,14 : 79.21"
"12,15 : 27.66"
"12,16 : 66.37"
"12,17 : 80.06"
"12,18 : 58.25"
"12,19 : 88.68"
"12,20 : 13.89"
"12,21 : 97.33"
"12,22 : 60.93"
"12,23 : 49.34"
"12,24 : 99.82"
"12,25 : 99.33"
"12,26 : 68.24"
"12,27 : 58.31"
"12,28 : 17.03"
"12,29 : 73.54"
"12,30 : 62.97"
"12,31 : 44.55"
"12,32 : 57.28"
"12,33 : 38.64"
"12,34 : 78.09"
"12,35 : 99.54"
"12,36 : 73.01"
"12,37 : 121.92"
"12,38 : 91.79"
"12,39 : 46.87"
"12,40 : 80.8"
"12,41 : 94.81"
"12,42 : 51.04"
"12,43 : 50.96"
"12,44 : 95.59"
"12,45 : 85.16"
"12,46 : 83.22"
"12,47 : 15.0"
"12,48 : 33.6"
"12,49 : 62.8"
"12,50 : 100.5"
"12,51 : 53.46"
"12,52 : 72.95"
"12,53 : 53.34"
"12,54 : 57.31"
"12,55 : 34.83"
"12,56 : 83.68"
"12,57 : 95.71"
"12,58 : 92.65"
"12,59 : 121.26"
"12,60 : 83.73"
"12,61 : 75.59"
"12,62 : 103.47"
"12,63 : 102.88"
"12,64 : 33.14"
"12,65 : 72.37"
"12,66 : 50.8"
"12,67 : 8.25"
"12,68 : 63.79"
"12,69 : 90.14"
"12,70 : 98.84"
"12,71 : 46.1"
"12,72 : 78.16"
"12,73 : 118.26"
"12,74 : 74.67"
"12,75 : 46.32"
"12,76 : 8.94"
"12,77 : 84.48"
"12,78 : 98.35"
"12,79 : 67.96"
"12,80 : 42.95"
"12,81 : 113.81"
"12,82 : 74.33"
"12,83 : 58.14"
"12,84 : 58.25"
"12,85 : 54.82"
"12,86 : 69.07"
"12,87 : 51.35"
"12,88 : 111.8"
"12,89 : 57.97"
"12,90 : 68.88"
"12,91 : 53.54"
"12,92 : 66.04"
"12,93 : 91.55"
"12,94 : 95.19"
"12,95 : 125.5"
"12,96 : 84.31"
"12,97 : 3.16"
"12,98 : 48.66"
"12,99 : 22.2"
"13,0 : 44.69"
"13,1 : 35.9"
"13,2 : 67.96"
"13,3 : 50.45"
"13,4 : 87.8"
"13,5 : 103.41"
"13,6 : 56.04"
"13,7 : 77.41"
"13,8 : 91.08"
"13,9 : 27.66"
"13,10 : 49.03"
"13,11 : 105.68"
"13,12 : 23.54"
"13,13 : 0.0"
"13,14 : 68.96"
"13,15 : 4.12"
"13,16 : 51.74"
"13,17 : 77.93"
"13,18 : 62.97"
"13,19 : 66.94"
"13,20 : 16.28"
"13,21 : 75.13"
"13,22 : 61.01"
"13,23 : 31.24"
"13,24 : 78.75"
"13,25 : 79.62"
"13,26 : 55.0"
"13,27 : 44.2"
"13,28 : 7.21"
"13,29 : 55.8"
"13,30 : 42.15"
"13,31 : 24.19"
"13,32 : 60.41"
"13,33 : 19.21"
"13,34 : 56.92"
"13,35 : 81.3"
"13,36 : 55.61"
"13,37 : 109.48"
"13,38 : 96.63"
"13,39 : 34.89"
"13,40 : 74.33"
"13,41 : 81.69"
"13,42 : 38.95"
"13,43 : 32.2"
"13,44 : 86.35"
"13,45 : 63.89"
"13,46 : 68.62"
"13,47 : 30.48"
"13,48 : 25.32"
"13,49 : 41.79"
"13,50 : 95.51"
"13,51 : 60.17"
"13,52 : 68.15"
"13,53 : 60.44"
"13,54 : 49.65"
"13,55 : 32.02"
"13,56 : 63.56"
"13,57 : 74.63"
"13,58 : 87.28"
"13,59 : 108.71"
"13,60 : 88.81"
"13,61 : 72.99"
"13,62 : 96.93"
"13,63 : 86.21"
"13,64 : 12.81"
"13,65 : 51.62"
"13,66 : 39.36"
"13,67 : 16.55"
"13,68 : 43.83"
"13,69 : 96.69"
"13,70 : 95.57"
"13,71 : 26.63"
"13,72 : 58.59"
"13,73 : 108.56"
"13,74 : 53.16"
"13,75 : 34.0"
"13,76 : 17.49"
"13,77 : 86.01"
"13,78 : 98.41"
"13,79 : 54.04"
"13,80 : 44.28"
"13,81 : 106.51"
"13,82 : 75.03"
"13,83 : 47.85"
"13,84 : 53.94"
"13,85 : 43.83"
"13,86 : 55.61"
"13,87 : 58.52"
"13,88 : 100.21"
"13,89 : 61.52"
"13,90 : 67.36"
"13,91 : 50.36"
"13,92 : 51.86"
"13,93 : 96.88"
"13,94 : 99.32"
"13,95 : 112.93"
"13,96 : 66.29"
"13,97 : 20.88"
"13,98 : 55.08"
"13,99 : 18.68"
"14,0 : 26.48"
"14,1 : 36.07"
"14,2 : 4.24"
"14,3 : 28.44"
"14,4 : 27.73"
"14,5 : 38.01"
"14,6 : 32.25"
"14,7 : 67.48"
"14,8 : 36.06"
"14,9 : 42.15"
"14,10 : 51.92"
"14,11 : 37.48"
"14,12 : 79.21"
"14,13 : 68.96"
"14,14 : 0.0"
"14,15 : 67.98"
"14,16 : 21.0"
"14,17 : 27.8"
"14,18 : 45.04"
"14,19 : 53.82"
"14,20 : 65.8"
"14,21 : 61.72"
"14,22 : 33.02"
"14,23 : 41.23"
"14,24 : 54.56"
"14,25 : 46.04"
"14,26 : 16.03"
"14,27 : 25.96"
"14,28 : 68.82"
"14,29 : 29.15"
"14,30 : 44.28"
"14,31 : 49.73"
"14,32 : 41.0"
"14,33 : 51.62"
"14,34 : 46.52"
"14,35 : 38.91"
"14,36 : 27.86"
"14,37 : 43.01"
"14,38 : 57.63"
"14,39 : 34.13"
"14,40 : 13.45"
"14,41 : 18.25"
"14,42 : 30.02"
"14,43 : 41.77"
"14,44 : 17.46"
"14,45 : 49.09"
"14,46 : 16.4"
"14,47 : 69.63"
"14,48 : 46.1"
"14,49 : 45.28"
"14,50 : 31.4"
"14,51 : 50.04"
"14,52 : 18.03"
"14,53 : 51.04"
"14,54 : 22.2"
"14,55 : 44.82"
"14,56 : 41.62"
"14,57 : 52.33"
"14,58 : 24.04"
"14,59 : 42.44"
"14,60 : 53.85"
"14,61 : 25.06"
"14,62 : 30.07"
"14,63 : 34.71"
"14,64 : 57.27"
"14,65 : 43.32"
"14,66 : 29.68"
"14,67 : 72.18"
"14,68 : 40.31"
"14,69 : 62.68"
"14,70 : 35.11"
"14,71 : 46.57"
"14,72 : 37.59"
"14,73 : 39.66"
"14,74 : 48.1"
"14,75 : 34.99"
"14,76 : 70.72"
"14,77 : 42.01"
"14,78 : 45.49"
"14,79 : 18.0"
"14,80 : 42.15"
"14,81 : 38.33"
"14,82 : 35.34"
"14,83 : 21.4"
"14,84 : 25.0"
"14,85 : 25.24"
"14,86 : 16.0"
"14,87 : 51.16"
"14,88 : 32.65"
"14,89 : 42.01"
"14,90 : 27.89"
"14,91 : 29.73"
"14,92 : 20.02"
"14,93 : 59.2"
"14,94 : 57.31"
"14,95 : 46.62"
"14,96 : 31.14"
"14,97 : 76.37"
"14,98 : 49.5"
"14,99 : 57.31"
"15,0 : 43.01"
"15,1 : 36.22"
"15,2 : 66.73"
"15,3 : 48.1"
"15,4 : 87.86"
"15,5 : 103.16"
"15,6 : 57.04"
"15,7 : 73.55"
"15,8 : 91.55"
"15,9 : 26.08"
"15,10 : 45.35"
"15,11 : 104.31"
"15,12 : 27.66"
"15,13 : 4.12"
"15,14 : 67.98"
"15,15 : 0.0"
"15,16 : 50.0"
"15,17 : 78.41"
"15,18 : 64.76"
"15,19 : 63.32"
"15,20 : 19.85"
"15,21 : 71.39"
"15,22 : 62.07"
"15,23 : 29.0"
"15,24 : 75.27"
"15,25 : 76.48"
"15,26 : 53.54"
"15,27 : 42.72"
"15,28 : 11.18"
"15,29 : 53.26"
"15,30 : 38.91"
"15,31 : 21.4"
"15,32 : 61.98"
"15,33 : 17.03"
"15,34 : 53.49"
"15,35 : 78.49"
"15,36 : 53.15"
"15,37 : 107.8"
"15,38 : 98.15"
"15,39 : 34.18"
"15,40 : 74.04"
"15,41 : 80.0"
"15,42 : 38.08"
"15,43 : 29.73"
"15,44 : 85.43"
"15,45 : 60.41"
"15,46 : 66.71"
"15,47 : 34.21"
"15,48 : 26.0"
"15,49 : 38.48"
"15,50 : 95.34"
"15,51 : 62.3"
"15,52 : 68.25"
"15,53 : 62.63"
"15,54 : 49.48"
"15,55 : 33.38"
"15,56 : 60.37"
"15,57 : 71.17"
"15,58 : 87.09"
"15,59 : 107.0"
"15,60 : 90.43"
"15,61 : 73.44"
"15,62 : 96.46"
"15,63 : 83.74"
"15,64 : 10.82"
"15,65 : 48.33"
"15,66 : 38.63"
"15,67 : 20.62"
"15,68 : 40.82"
"15,69 : 98.49"
"15,70 : 95.71"
"15,71 : 24.08"
"15,72 : 55.57"
"15,73 : 107.42"
"15,74 : 49.65"
"15,75 : 33.24"
"15,76 : 21.47"
"15,77 : 87.05"
"15,78 : 99.13"
"15,79 : 52.43"
"15,80 : 45.89"
"15,81 : 105.85"
"15,82 : 76.03"
"15,83 : 47.17"
"15,84 : 54.33"
"15,85 : 43.08"
"15,86 : 54.08"
"15,87 : 60.75"
"15,88 : 98.74"
"15,89 : 63.15"
"15,90 : 68.07"
"15,91 : 51.04"
"15,92 : 50.22"
"15,93 : 98.48"
"15,94 : 100.72"
"15,95 : 111.21"
"15,96 : 63.6"
"15,97 : 25.0"
"15,98 : 57.25"
"15,99 : 21.02"
"16,0 : 7.07"
"16,1 : 26.31"
"16,2 : 18.25"
"16,3 : 8.6"
"16,4 : 47.54"
"16,5 : 59.01"
"16,6 : 36.24"
"16,7 : 53.01"
"16,8 : 54.78"
"16,9 : 24.08"
"16,10 : 32.2"
"16,11 : 54.59"
"16,12 : 66.37"
"16,13 : 51.74"
"16,14 : 21.0"
"16,15 : 50.0"
"16,16 : 0.0"
"16,17 : 43.91"
"16,18 : 50.54"
"16,19 : 38.6"
"16,20 : 52.48"
"16,21 : 47.71"
"16,22 : 39.66"
"16,23 : 21.47"
"16,24 : 43.66"
"16,25 : 38.33"
"16,26 : 5.1"
"16,27 : 8.06"
"16,28 : 53.15"
"16,29 : 12.53"
"16,30 : 23.54"
"16,31 : 29.97"
"16,32 : 46.07"
"16,33 : 33.02"
"16,34 : 29.0"
"16,35 : 35.23"
"16,36 : 11.18"
"16,37 : 57.8"
"16,38 : 72.62"
"16,39 : 19.7"
"16,40 : 32.28"
"16,41 : 30.0"
"16,42 : 15.81"
"16,43 : 21.54"
"16,44 : 37.66"
"16,45 : 33.6"
"16,46 : 17.03"
"16,47 : 60.08"
"16,48 : 33.11"
"16,49 : 24.52"
"16,50 : 52.24"
"16,51 : 53.49"
"16,52 : 31.91"
"16,53 : 54.42"
"16,54 : 19.7"
"16,55 : 35.69"
"16,56 : 27.29"
"16,57 : 40.31"
"16,58 : 44.55"
"16,59 : 57.01"
"16,60 : 67.21"
"16,61 : 39.66"
"16,62 : 51.04"
"16,63 : 36.77"
"16,64 : 39.2"
"16,65 : 24.41"
"16,66 : 16.49"
"16,67 : 58.52"
"16,68 : 19.65"
"16,69 : 76.42"
"16,70 : 55.32"
"16,71 : 26.83"
"16,72 : 21.63"
"16,73 : 58.31"
"16,74 : 29.41"
"16,75 : 20.12"
"16,76 : 57.45"
"16,77 : 57.43"
"16,78 : 64.08"
"16,79 : 3.0"
"16,80 : 39.32"
"16,81 : 58.86"
"16,82 : 48.17"
"16,83 : 13.6"
"16,84 : 27.78"
"16,85 : 14.0"
"16,86 : 5.0"
"16,87 : 53.76"
"16,88 : 48.88"
"16,89 : 47.41"
"16,90 : 38.9"
"16,91 : 30.08"
"16,92 : 1.41"
"16,93 : 73.88"
"16,94 : 73.24"
"16,95 : 61.22"
"16,96 : 21.1"
"16,97 : 63.29"
"16,98 : 50.96"
"16,99 : 44.29"
"17,0 : 46.24"
"17,1 : 42.19"
"17,2 : 32.02"
"17,3 : 52.48"
"17,4 : 12.81"
"17,5 : 29.7"
"17,6 : 23.26"
"17,7 : 94.79"
"17,8 : 13.15"
"17,9 : 56.32"
"17,10 : 76.06"
"17,11 : 49.03"
"17,12 : 80.06"
"17,13 : 77.93"
"17,14 : 27.8"
"17,15 : 78.41"
"17,16 : 43.91"
"17,17 : 0.0"
"17,18 : 27.46"
"17,19 : 80.81"
"17,20 : 68.95"
"17,21 : 89.11"
"17,22 : 19.42"
"17,23 : 58.25"
"17,24 : 82.33"
"17,25 : 73.82"
"17,26 : 39.12"
"17,27 : 44.6"
"17,28 : 75.19"
"17,29 : 55.0"
"17,30 : 66.71"
"17,31 : 65.62"
"17,32 : 25.5"
"17,33 : 65.07"
"17,34 : 72.42"
"17,35 : 66.37"
"17,36 : 53.6"
"17,37 : 57.56"
"17,38 : 29.83"
"17,39 : 46.17"
"17,40 : 14.76"
"17,41 : 42.38"
"17,42 : 43.57"
"17,43 : 59.67"
"17,44 : 29.02"
"17,45 : 75.93"
"17,46 : 44.2"
"17,47 : 66.89"
"17,48 : 52.61"
"17,49 : 67.62"
"17,50 : 22.02"
"17,51 : 33.84"
"17,52 : 12.08"
"17,53 : 34.67"
"17,54 : 30.27"
"17,55 : 46.84"
"17,56 : 68.68"
"17,57 : 79.98"
"17,58 : 16.16"
"17,59 : 57.43"
"17,60 : 26.4"
"17,61 : 5.0"
"17,62 : 27.29"
"17,63 : 60.93"
"17,64 : 69.03"
"17,65 : 68.26"
"17,66 : 42.43"
"17,67 : 75.03"
"17,68 : 63.07"
"17,69 : 34.99"
"17,70 : 18.87"
"17,71 : 62.8"
"17,72 : 64.03"
"17,73 : 46.82"
"17,74 : 73.25"
"17,75 : 47.17"
"17,76 : 73.16"
"17,77 : 14.21"
"17,78 : 21.21"
"17,79 : 41.34"
"17,80 : 37.12"
"17,81 : 37.74"
"17,82 : 10.2"
"17,83 : 35.17"
"17,84 : 24.08"
"17,85 : 38.83"
"17,86 : 39.66"
"17,87 : 35.81"
"17,88 : 47.17"
"17,89 : 25.61"
"17,90 : 11.18"
"17,91 : 27.66"
"17,92 : 42.54"
"17,93 : 31.4"
"17,94 : 29.73"
"17,95 : 60.83"
"17,96 : 58.73"
"17,97 : 77.88"
"17,98 : 36.12"
"17,99 : 61.4"
"18,0 : 48.83"
"18,1 : 33.02"
"18,2 : 48.26"
"18,3 : 58.31"
"18,4 : 40.22"
"18,5 : 56.85"
"18,6 : 14.32"
"18,7 : 103.25"
"18,8 : 37.54"
"18,9 : 50.22"
"18,10 : 78.64"
"18,11 : 75.27"
"18,12 : 58.25"
"18,13 : 62.97"
"18,14 : 45.04"
"18,15 : 64.76"
"18,16 : 50.54"
"18,17 : 27.46"
"18,18 : 0.0"
"18,19 : 88.84"
"18,20 : 50.0"
"18,21 : 98.11"
"18,22 : 12.04"
"18,23 : 54.67"
"18,24 : 94.02"
"18,25 : 87.6"
"18,26 : 47.54"
"18,27 : 46.62"
"18,28 : 58.22"
"18,29 : 63.06"
"18,30 : 67.94"
"18,31 : 59.36"
"18,32 : 4.47"
"18,33 : 56.36"
"18,34 : 78.49"
"18,35 : 82.23"
"18,36 : 61.72"
"18,37 : 83.24"
"18,38 : 34.0"
"18,39 : 41.11"
"18,40 : 36.88"
"18,41 : 63.01"
"18,42 : 41.04"
"18,43 : 56.73"
"18,44 : 53.85"
"18,45 : 83.86"
"18,46 : 59.23"
"18,47 : 43.68"
"18,48 : 39.92"
"18,49 : 68.62"
"18,50 : 49.41"
"18,51 : 6.4"
"18,52 : 28.28"
"18,53 : 7.21"
"18,54 : 30.89"
"18,55 : 31.62"
"18,56 : 77.83"
"18,57 : 90.8"
"18,58 : 43.42"
"18,59 : 82.97"
"18,60 : 26.02"
"18,61 : 25.08"
"18,62 : 54.71"
"18,63 : 79.51"
"18,64 : 57.94"
"18,65 : 73.01"
"18,66 : 39.62"
"18,67 : 55.15"
"18,68 : 65.3"
"18,69 : 33.73"
"18,70 : 45.28"
"18,71 : 57.43"
"18,72 : 72.07"
"18,73 : 73.82"
"18,74 : 77.8"
"18,75 : 41.87"
"18,76 : 53.15"
"18,77 : 26.83"
"18,78 : 41.18"
"18,79 : 49.24"
"18,80 : 18.97"
"18,81 : 65.19"
"18,82 : 18.38"
"18,83 : 37.22"
"18,84 : 22.85"
"18,85 : 38.6"
"18,86 : 48.47"
"18,87 : 8.49"
"18,88 : 72.53"
"18,89 : 3.16"
"18,90 : 18.68"
"18,91 : 20.81"
"18,92 : 49.19"
"18,93 : 34.06"
"18,94 : 37.12"
"18,95 : 86.68"
"18,96 : 70.58"
"18,97 : 56.72"
"18,98 : 9.85"
"18,99 : 44.41"
"19,0 : 40.25"
"19,1 : 60.08"
"19,2 : 49.65"
"19,3 : 30.53"
"19,4 : 81.3"
"19,5 : 88.02"
"19,6 : 74.63"
"19,7 : 14.42"
"19,8 : 89.87"
"19,9 : 47.27"
"19,10 : 18.03"
"19,11 : 71.18"
"19,12 : 88.68"
"19,13 : 66.94"
"19,14 : 53.82"
"19,15 : 63.32"
"19,16 : 38.6"
"19,17 : 80.81"
"19,18 : 88.84"
"19,19 : 0.0"
"19,20 : 76.11"
"19,21 : 9.49"
"19,22 : 78.24"
"19,23 : 41.19"
"19,24 : 12.81"
"19,25 : 19.31"
"19,26 : 42.52"
"19,27 : 42.49"
"19,28 : 72.01"
"19,29 : 26.25"
"19,30 : 26.0"
"19,31 : 44.18"
"19,32 : 84.38"
"19,33 : 50.16"
"19,34 : 11.18"
"19,35 : 27.29"
"19,36 : 27.66"
"19,37 : 69.12"
"19,38 : 110.34"
"19,39 : 51.24"
"19,40 : 67.2"
"19,41 : 48.76"
"19,42 : 49.4"
"19,43 : 39.12"
"19,44 : 64.62"
"19,45 : 5.0"
"19,46 : 38.47"
"19,47 : 88.09"
"19,48 : 61.66"
"19,49 : 26.02"
"19,50 : 83.19"
"19,51 : 91.24"
"19,52 : 69.31"
"19,53 : 92.13"
"19,54 : 57.98"
"19,55 : 67.91"
"19,56 : 12.21"
"19,57 : 9.22"
"19,58 : 77.03"
"19,59 : 68.12"
"19,60 : 105.42"
"19,61 : 77.1"
"19,62 : 79.48"
"19,63 : 37.12"
"19,64 : 55.58"
"19,65 : 17.26"
"19,66 : 50.7"
"19,67 : 80.5"
"19,68 : 26.31"
"19,69 : 114.59"
"19,70 : 88.19"
"19,71 : 43.01"
"19,72 : 17.03"
"19,73 : 77.52"
"19,74 : 14.04"
"19,75 : 50.96"
"19,76 : 80.31"
"19,77 : 94.85"
"19,78 : 99.3"
"19,79 : 40.46"
"19,80 : 75.39"
"19,81 : 83.68"
"19,82 : 86.31"
"19,83 : 51.62"
"19,84 : 66.29"
"19,85 : 50.54"
"19,86 : 41.77"
"19,87 : 91.24"
"19,88 : 65.28"
"19,89 : 85.76"
"19,90 : 77.23"
"19,91 : 68.1"
"19,92 : 40.0"
"19,93 : 111.73"
"19,94 : 110.54"
"19,95 : 71.34"
"19,96 : 23.26"
"19,97 : 85.59"
"19,98 : 88.14"
"19,99 : 70.03"
"20,0 : 45.65"
"20,1 : 29.83"
"20,2 : 65.8"
"20,3 : 53.85"
"20,4 : 80.11"
"20,5 : 96.6"
"20,6 : 45.88"
"20,7 : 88.09"
"20,8 : 81.91"
"20,9 : 30.36"
"20,10 : 59.03"
"20,11 : 103.28"
"20,12 : 13.89"
"20,13 : 16.28"
"20,14 : 65.8"
"20,15 : 19.85"
"20,16 : 52.48"
"20,17 : 68.95"
"20,18 : 50.0"
"20,19 : 76.11"
"20,20 : 0.0"
"20,21 : 85.01"
"20,22 : 50.45"
"20,23 : 35.9"
"20,24 : 86.83"
"20,25 : 85.87"
"20,26 : 54.41"
"20,27 : 44.42"
"20,28 : 9.43"
"20,29 : 59.81"
"20,30 : 50.16"
"20,31 : 32.0"
"20,32 : 48.17"
"20,33 : 26.0"
"20,34 : 65.28"
"20,35 : 85.8"
"20,36 : 59.24"
"20,37 : 108.3"
"20,38 : 84.0"
"20,39 : 33.02"
"20,40 : 68.26"
"20,41 : 81.06"
"20,42 : 37.2"
"20,43 : 37.66"
"20,44 : 82.46"
"20,45 : 72.34"
"20,46 : 69.34"
"20,47 : 14.42"
"20,48 : 19.85"
"20,49 : 50.09"
"20,50 : 88.55"
"20,51 : 46.27"
"20,52 : 60.83"
"20,53 : 46.39"
"20,54 : 44.2"
"20,55 : 22.36"
"20,56 : 70.41"
"20,57 : 82.73"
"20,58 : 80.53"
"20,59 : 107.63"
"20,60 : 76.01"
"20,61 : 64.26"
"20,62 : 91.07"
"20,63 : 89.01"
"20,64 : 21.38"
"20,65 : 59.41"
"20,66 : 37.01"
"20,67 : 6.4"
"20,68 : 50.64"
"20,69 : 83.29"
"20,70 : 87.46"
"20,71 : 33.14"
"20,72 : 64.76"
"20,73 : 105.12"
"20,74 : 62.07"
"20,75 : 32.45"
"20,76 : 5.0"
"20,77 : 74.97"
"20,78 : 88.29"
"20,79 : 54.08"
"20,80 : 32.56"
"20,81 : 101.24"
"20,82 : 64.33"
"20,83 : 44.55"
"20,84 : 46.07"
"20,85 : 41.11"
"20,86 : 55.22"
"20,87 : 44.41"
"20,88 : 98.29"
"20,89 : 49.09"
"20,90 : 57.87"
"20,91 : 41.63"
"20,92 : 52.15"
"20,93 : 84.02"
"20,94 : 87.05"
"20,95 : 111.87"
"20,96 : 70.58"
"20,97 : 10.82"
"20,98 : 41.19"
"20,99 : 8.49"
"21,0 : 49.66"
"21,1 : 69.57"
"21,2 : 57.49"
"21,3 : 39.82"
"21,4 : 88.81"
"21,5 : 94.37"
"21,6 : 83.86"
"21,7 : 5.83"
"21,8 : 97.62"
"21,9 : 56.57"
"21,10 : 26.17"
"21,11 : 75.31"
"21,12 : 97.33"
"21,13 : 75.13"
"21,14 : 61.72"
"21,15 : 71.39"
"21,16 : 47.71"
"21,17 : 89.11"
"21,18 : 98.11"
"21,19 : 9.49"
"21,20 : 85.01"
"21,21 : 0.0"
"21,22 : 87.37"
"21,23 : 50.49"
"21,24 : 11.05"
"21,25 : 21.1"
"21,26 : 51.4"
"21,27 : 51.89"
"21,28 : 80.5"
"21,29 : 35.23"
"21,30 : 35.13"
"21,31 : 53.01"
"21,32 : 93.65"
"21,33 : 59.01"
"21,34 : 20.62"
"21,35 : 30.41"
"21,36 : 36.62"
"21,37 : 72.17"
"21,38 : 118.8"
"21,39 : 60.73"
"21,40 : 75.17"
"21,41 : 54.63"
"21,42 : 58.87"
"21,43 : 48.37"
"21,44 : 71.12"
"21,45 : 14.32"
"21,46 : 45.8"
"21,47 : 97.25"
"21,48 : 71.02"
"21,49 : 35.06"
"21,50 : 90.05"
"21,51 : 100.62"
"21,52 : 77.83"
"21,53 : 101.52"
"21,54 : 67.23"
"21,55 : 77.37"
"21,56 : 20.62"
"21,57 : 10.44"
"21,58 : 84.31"
"21,59 : 71.18"
"21,60 : 114.11"
"21,61 : 85.59"
"21,62 : 85.87"
"21,63 : 40.45"
"21,64 : 64.2"
"21,65 : 26.68"
"21,66 : 60.17"
"21,67 : 89.2"
"21,68 : 35.69"
"21,69 : 123.24"
"21,70 : 95.41"
"21,71 : 52.04"
"21,72 : 26.08"
"21,73 : 82.0"
"21,74 : 23.09"
"21,75 : 60.44"
"21,76 : 89.09"
"21,77 : 103.24"
"21,78 : 107.0"
"21,79 : 49.41"
"21,80 : 84.86"
"21,81 : 89.2"
"21,82 : 95.02"
"21,83 : 60.9"
"21,84 : 75.47"
"21,85 : 59.93"
"21,86 : 50.61"
"21,87 : 100.65"
"21,88 : 69.63"
"21,89 : 95.02"
"21,90 : 86.05"
"21,91 : 77.41"
"21,92 : 49.09"
"21,93 : 120.24"
"21,94 : 118.83"
"21,95 : 74.03"
"21,96 : 30.61"
"21,97 : 94.26"
"21,98 : 97.58"
"21,99 : 79.16"
"22,0 : 38.9"
"22,1 : 26.93"
"22,2 : 36.22"
"22,3 : 47.8"
"22,4 : 31.89"
"22,5 : 48.92"
"22,6 : 5.1"
"22,7 : 92.66"
"22,8 : 31.78"
"22,9 : 43.46"
"22,10 : 69.35"
"22,11 : 64.47"
"22,12 : 60.93"
"22,13 : 61.01"
"22,14 : 33.02"
"22,15 : 62.07"
"22,16 : 39.66"
"22,17 : 19.42"
"22,18 : 12.04"
"22,19 : 78.24"
"22,20 : 50.45"
"22,21 : 87.37"
"22,22 : 0.0"
"22,23 : 47.01"
"22,24 : 82.73"
"22,25 : 75.96"
"22,26 : 36.24"
"22,27 : 36.77"
"22,28 : 57.43"
"22,29 : 52.15"
"22,30 : 58.9"
"22,31 : 52.92"
"22,32 : 8.06"
"22,33 : 50.96"
"22,34 : 68.25"
"22,35 : 70.34"
"22,36 : 50.77"
"22,37 : 72.11"
"22,38 : 37.0"
"22,39 : 33.54"
"22,40 : 25.63"
"22,41 : 51.04"
"22,42 : 32.45"
"22,43 : 48.88"
"22,44 : 42.72"
"22,45 : 73.24"
"22,46 : 47.3"
"22,47 : 47.51"
"22,48 : 36.12"
"22,49 : 59.67"
"22,50 : 41.04"
"22,51 : 17.26"
"22,52 : 16.76"
"22,53 : 18.25"
"22,54 : 20.52"
"22,55 : 29.07"
"22,56 : 66.89"
"22,57 : 79.65"
"22,58 : 34.06"
"22,59 : 71.78"
"22,60 : 29.97"
"22,61 : 15.56"
"22,62 : 45.45"
"22,63 : 67.48"
"22,64 : 53.76"
"22,65 : 63.03"
"22,66 : 31.06"
"22,67 : 56.32"
"22,68 : 55.9"
"22,69 : 38.95"
"22,70 : 38.28"
"22,71 : 50.57"
"22,72 : 61.29"
"22,73 : 63.63"
"22,74 : 67.94"
"22,75 : 34.44"
"22,76 : 54.41"
"22,77 : 25.0"
"22,78 : 37.85"
"22,79 : 38.08"
"22,80 : 18.03"
"22,81 : 56.08"
"22,82 : 14.04"
"22,83 : 26.91"
"22,84 : 12.04"
"22,85 : 29.07"
"22,86 : 37.12"
"22,87 : 18.68"
"22,88 : 61.35"
"22,89 : 9.0"
"22,90 : 8.49"
"22,91 : 12.08"
"22,92 : 38.28"
"22,93 : 37.7"
"22,94 : 39.05"
"22,95 : 75.61"
"22,96 : 59.09"
"22,97 : 58.87"
"22,98 : 17.89"
"22,99 : 43.42"
"23,0 : 14.87"
"23,1 : 21.93"
"23,2 : 39.22"
"23,3 : 19.21"
"23,4 : 65.03"
"23,5 : 78.52"
"23,6 : 42.19"
"23,7 : 54.34"
"23,8 : 70.71"
"23,9 : 6.08"
"23,10 : 26.0"
"23,11 : 76.06"
"23,12 : 49.34"
"23,13 : 31.24"
"23,14 : 41.23"
"23,15 : 29.0"
"23,16 : 21.47"
"23,17 : 58.25"
"23,18 : 54.67"
"23,19 : 41.19"
"23,20 : 35.9"
"23,21 : 50.49"
"23,22 : 47.01"
"23,23 : 0.0"
"23,24 : 51.16"
"23,25 : 50.0"
"23,26 : 25.63"
"23,27 : 15.3"
"23,28 : 34.0"
"23,29 : 24.7"
"23,30 : 15.52"
"23,31 : 8.54"
"23,32 : 50.61"
"23,33 : 12.04"
"23,34 : 30.07"
"23,35 : 50.54"
"23,36 : 24.41"
"23,37 : 79.06"
"23,38 : 83.67"
"23,39 : 13.6"
"23,40 : 50.01"
"23,41 : 51.31"
"23,42 : 14.87"
"23,43 : 2.24"
"23,44 : 58.52"
"23,45 : 37.01"
"23,46 : 37.8"
"23,47 : 47.0"
"23,48 : 20.62"
"23,49 : 15.81"
"23,50 : 71.18"
"23,51 : 55.17"
"23,52 : 46.53"
"23,53 : 55.9"
"23,54 : 28.16"
"23,55 : 27.73"
"23,56 : 34.53"
"23,57 : 47.1"
"23,58 : 63.07"
"23,59 : 78.24"
"23,60 : 76.94"
"23,61 : 53.37"
"23,62 : 71.02"
"23,63 : 55.0"
"23,64 : 18.44"
"23,65 : 24.02"
"23,66 : 16.16"
"23,67 : 41.11"
"23,68 : 15.0"
"23,69 : 85.96"
"23,70 : 73.03"
"23,71 : 5.39"
"23,72 : 28.86"
"23,73 : 79.71"
"23,74 : 27.46"
"23,75 : 12.81"
"23,76 : 40.52"
"23,77 : 69.89"
"23,78 : 79.43"
"23,79 : 24.17"
"23,80 : 37.64"
"23,81 : 79.56"
"23,82 : 59.24"
"23,83 : 23.19"
"23,84 : 35.85"
"23,85 : 19.42"
"23,86 : 26.0"
"23,87 : 54.56"
"23,88 : 70.33"
"23,89 : 52.01"
"23,90 : 49.98"
"23,91 : 34.99"
"23,92 : 21.93"
"23,93 : 84.53"
"23,94 : 85.23"
"23,95 : 82.42"
"23,96 : 35.36"
"23,97 : 46.17"
"23,98 : 51.09"
"23,99 : 29.07"
"24,0 : 47.07"
"24,1 : 67.9"
"24,2 : 50.33"
"24,3 : 36.88"
"24,4 : 80.81"
"24,5 : 85.09"
"24,6 : 79.71"
"24,7 : 16.12"
"24,8 : 89.87"
"24,9 : 57.08"
"24,10 : 30.41"
"24,11 : 64.76"
"24,12 : 99.82"
"24,13 : 78.75"
"24,14 : 54.56"
"24,15 : 75.27"
"24,16 : 43.66"
"24,17 : 82.33"
"24,18 : 94.02"
"24,19 : 12.81"
"24,20 : 86.83"
"24,21 : 11.05"
"24,22 : 82.73"
"24,23 : 51.16"
"24,24 : 0.0"
"24,25 : 10.44"
"24,26 : 46.52"
"24,27 : 49.24"
"24,28 : 83.43"
"24,29 : 31.32"
"24,30 : 36.88"
"24,31 : 55.32"
"24,32 : 89.55"
"24,33 : 61.19"
"24,34 : 21.84"
"24,35 : 19.92"
"24,36 : 32.57"
"24,37 : 61.29"
"24,38 : 112.16"
"24,39 : 59.41"
"24,40 : 67.94"
"24,41 : 45.28"
"24,42 : 56.89"
"24,43 : 49.25"
"24,44 : 62.13"
"24,45 : 14.87"
"24,46 : 38.21"
"24,47 : 98.08"
"24,48 : 71.01"
"24,49 : 37.11"
"24,50 : 81.27"
"24,51 : 97.14"
"24,52 : 71.61"
"24,53 : 98.08"
"24,54 : 63.32"
"24,55 : 76.42"
"24,56 : 17.12"
"24,57 : 4.12"
"24,58 : 76.06"
"24,59 : 60.3"
"24,60 : 108.0"
"24,61 : 79.2"
"24,62 : 76.66"
"24,63 : 29.83"
"24,64 : 66.94"
"24,65 : 27.46"
"24,66 : 58.05"
"24,67 : 91.59"
"24,68 : 36.22"
"24,69 : 117.0"
"24,70 : 87.01"
"24,71 : 53.76"
"24,72 : 23.19"
"24,73 : 71.57"
"24,74 : 25.63"
"24,75 : 59.3"
"24,76 : 91.24"
"24,77 : 96.54"
"24,78 : 99.16"
"24,79 : 44.78"
"24,80 : 82.46"
"24,81 : 79.31"
"24,82 : 89.05"
"24,83 : 57.25"
"24,84 : 71.18"
"24,85 : 57.01"
"24,86 : 45.62"
"24,87 : 97.41"
"24,88 : 59.2"
"24,89 : 90.87"
"24,90 : 80.45"
"24,91 : 73.74"
"24,92 : 44.94"
"24,93 : 113.7"
"24,94 : 111.87"
"24,95 : 63.07"
"24,96 : 23.85"
"24,97 : 96.69"
"24,98 : 94.56"
"24,99 : 80.22"
"25,0 : 43.0"
"25,1 : 64.01"
"25,2 : 41.88"
"25,3 : 33.06"
"25,4 : 71.42"
"25,5 : 74.95"
"25,6 : 73.38"
"25,7 : 26.48"
"25,8 : 80.62"
"25,9 : 55.54"
"25,10 : 33.94"
"25,11 : 54.34"
"25,12 : 99.33"
"25,13 : 79.62"
"25,14 : 46.04"
"25,15 : 76.48"
"25,16 : 38.33"
"25,17 : 73.82"
"25,18 : 87.6"
"25,19 : 19.31"
"25,20 : 85.87"
"25,21 : 21.1"
"25,22 : 75.96"
"25,23 : 50.0"
"25,24 : 10.44"
"25,25 : 0.0"
"25,26 : 40.26"
"25,27 : 45.01"
"25,28 : 83.57"
"25,29 : 27.02"
"25,30 : 37.59"
"25,31 : 55.54"
"25,32 : 83.17"
"25,33 : 61.1"
"25,34 : 24.08"
"25,35 : 9.49"
"25,36 : 28.0"
"25,37 : 51.09"
"25,38 : 103.6"
"25,39 : 56.08"
"25,40 : 59.2"
"25,41 : 35.23"
"25,42 : 53.0"
"25,43 : 48.38"
"25,44 : 52.2"
"25,45 : 18.6"
"25,46 : 29.68"
"25,47 : 96.03"
"25,48 : 68.59"
"25,49 : 38.08"
"25,50 : 71.4"
"25,51 : 91.21"
"25,52 : 63.63"
"25,53 : 92.18"
"25,54 : 57.49"
"25,55 : 73.03"
"25,56 : 16.12"
"25,57 : 11.05"
"25,58 : 66.53"
"25,59 : 50.09"
"25,60 : 99.86"
"25,61 : 71.02"
