x,y
92,1
60,78
32,16
11,0
28,5
47,80
59,54
30,3
8,31
53,8
97,47
48,83
1,5
66,84
47,95
73,43
3,81
60,30
9,10
85,14
82,21
42,84
7,22
90,100
76,57
54,22
0,52
1,10
52,0
45,93
5,50
76,79
88,34
78,11
39,5
44,4
33,24
25,72
61,91
90,61
14,70
54,59
76,53
5,5
18,58
48,30
9,89
49,30
37,83
93,71
66,27
74,40
10,25
83,56
79,49
42,24
16,16
33,77
25,53
2,29
20,90
57,83
73,99
44,49
54,48
96,86
1,18
33,31
30,21
96,25
9,48
31,67
25,28
51,58
15,68
77,91
60,11
90,10
59,76
99,70
55,41
52,96
13,80
35,89
2,57
38,89
49,55
32,71
77,11
72,100
18,63
2,85
9,37
54,88
8,80
31,61
29,82
41,91
18,36
50,95

Distanze
"0,0 : 0.0"
"0,1 : 83.38"
"0,2 : 61.85"
"0,3 : 81.01"
"0,4 : 64.12"
"0,5 : 90.92"
"0,6 : 62.43"
"0,7 : 62.03"
"0,8 : 89.2"
"0,9 : 39.62"
"0,10 : 46.27"
"0,11 : 93.06"
"0,12 : 91.09"
"0,13 : 86.98"
"0,14 : 104.22"
"0,15 : 46.1"
"0,16 : 119.67"
"0,17 : 43.19"
"0,18 : 83.49"
"0,19 : 14.76"
"0,20 : 22.36"
"0,21 : 96.9"
"0,22 : 87.56"
"0,23 : 99.02"
"0,24 : 58.24"
"0,25 : 43.42"
"0,26 : 105.19"
"0,27 : 91.44"
"0,28 : 40.01"
"0,29 : 103.31"
"0,30 : 99.85"
"0,31 : 79.62"
"0,32 : 33.24"
"0,33 : 17.2"
"0,34 : 53.15"
"0,35 : 48.09"
"0,36 : 63.32"
"0,37 : 97.62"
"0,38 : 95.19"
"0,39 : 60.03"
"0,40 : 104.14"
"0,41 : 69.34"
"0,42 : 54.41"
"0,43 : 87.09"
"0,44 : 93.41"
"0,45 : 52.7"
"0,46 : 120.97"
"0,47 : 51.87"
"0,48 : 98.74"
"0,49 : 70.01"
"0,50 : 36.77"
"0,51 : 42.95"
"0,52 : 85.44"
"0,53 : 55.73"
"0,54 : 49.73"
"0,55 : 55.04"
"0,56 : 77.47"
"0,57 : 96.21"
"0,58 : 84.81"
"0,59 : 94.25"
"0,60 : 114.48"
"0,61 : 89.16"
"0,62 : 99.82"
"0,63 : 67.88"
"0,64 : 60.44"
"0,65 : 85.09"
"0,66 : 92.57"
"0,67 : 66.19"
"0,68 : 65.15"
"0,69 : 24.33"
"0,70 : 95.38"
"0,71 : 89.87"
"0,72 : 72.24"
"0,73 : 70.21"
"0,74 : 102.07"
"0,75 : 91.24"
"0,76 : 33.53"
"0,77 : 9.22"
"0,78 : 81.94"
"0,79 : 69.35"
"0,80 : 54.49"
"0,81 : 103.08"
"0,82 : 111.72"
"0,83 : 104.85"
"0,84 : 106.0"
"0,85 : 103.25"
"0,86 : 69.03"
"0,87 : 92.2"
"0,88 : 18.03"
"0,89 : 101.0"
"0,90 : 96.54"
"0,91 : 123.11"
"0,92 : 90.47"
"0,93 : 94.94"
"0,94 : 115.31"
"0,95 : 85.56"
"0,96 : 102.62"
"0,97 : 103.45"
"0,98 : 81.86"
"0,99 : 102.96"
"1,0 : 83.38"
"1,1 : 0.0"
"1,2 : 68.03"
"1,3 : 92.11"
"1,4 : 79.71"
"1,5 : 13.15"
"1,6 : 24.02"
"1,7 : 80.78"
"1,8 : 70.09"
"1,9 : 70.35"
"1,10 : 48.27"
"1,11 : 13.0"
"1,12 : 93.86"
"1,13 : 8.49"
"1,14 : 21.4"
"1,15 : 37.34"
"1,16 : 57.08"
"1,17 : 48.0"
"1,18 : 85.0"
"1,19 : 68.71"
"1,20 : 61.1"
"1,21 : 18.97"
"1,22 : 77.1"
"1,23 : 37.2"
"1,24 : 26.4"
"1,25 : 56.32"
"1,26 : 65.39"
"1,27 : 90.03"
"1,28 : 78.41"
"1,29 : 21.21"
"1,30 : 61.72"
"1,31 : 16.03"
"1,32 : 52.15"
"1,33 : 69.38"
"1,34 : 75.96"
"1,35 : 75.71"
"1,36 : 60.37"
"1,37 : 35.51"
"1,38 : 13.04"
"1,39 : 34.48"
"1,40 : 46.69"
"1,41 : 19.92"
"1,42 : 29.68"
"1,43 : 91.4"
"1,44 : 46.52"
"1,45 : 49.48"
"1,46 : 52.17"
"1,47 : 49.24"
"1,48 : 23.54"
"1,49 : 33.73"
"1,50 : 51.35"
"1,51 : 40.5"
"1,52 : 72.86"
"1,53 : 31.83"
"1,54 : 34.67"
"1,55 : 56.92"
"1,56 : 76.03"
"1,57 : 27.02"
"1,58 : 43.01"
"1,59 : 75.93"
"1,60 : 41.76"
"1,61 : 5.83"
"1,62 : 24.7"
"1,63 : 33.12"
"1,64 : 30.59"
"1,65 : 36.88"
"1,66 : 84.15"
"1,67 : 54.2"
"1,68 : 64.41"
"1,69 : 64.07"
"1,70 : 59.17"
"1,71 : 31.02"
"1,72 : 61.03"
"1,73 : 21.93"
"1,74 : 46.1"
"1,75 : 21.4"
"1,76 : 67.0"
"1,77 : 74.32"
"1,78 : 2.24"
"1,79 : 39.81"
"1,80 : 37.34"
"1,81 : 19.7"
"1,82 : 47.04"
"1,83 : 27.31"
"1,84 : 61.68"
"1,85 : 24.6"
"1,86 : 25.5"
"1,87 : 28.86"
"1,88 : 69.12"
"1,89 : 25.06"
"1,90 : 44.6"
"1,91 : 58.42"
"1,92 : 65.44"
"1,93 : 11.66"
"1,94 : 52.04"
"1,95 : 33.62"
"1,96 : 31.26"
"1,97 : 23.02"
"1,98 : 59.4"
"1,99 : 19.72"
"2,0 : 61.85"
"2,1 : 68.03"
"2,2 : 0.0"
"2,3 : 26.4"
"2,4 : 11.7"
"2,5 : 65.73"
"2,6 : 46.62"
"2,7 : 13.15"
"2,8 : 28.3"
"2,9 : 22.47"
"2,10 : 72.01"
"2,11 : 68.88"
"2,12 : 32.89"
"2,13 : 76.03"
"2,14 : 80.41"
"2,15 : 49.09"
"2,16 : 71.18"
"2,17 : 31.3"
"2,18 : 23.77"
"2,19 : 53.04"
"2,20 : 50.25"
"2,21 : 68.73"
"2,22 : 25.71"
"2,23 : 102.08"
"2,24 : 60.14"
"2,25 : 22.8"
"2,26 : 48.17"
"2,27 : 31.58"
"2,28 : 25.61"
"2,29 : 78.09"
"2,30 : 43.42"
"2,31 : 76.84"
"2,32 : 58.82"
"2,33 : 46.27"
"2,34 : 13.04"
"2,35 : 16.97"
"2,36 : 8.06"
"2,37 : 56.44"
"2,38 : 80.41"
"2,39 : 73.41"
"2,40 : 56.92"
"2,41 : 48.3"
"2,42 : 57.49"
"2,43 : 29.15"
"2,44 : 44.27"
"2,45 : 21.26"
"2,46 : 76.54"
"2,47 : 22.02"
"2,48 : 67.19"
"2,49 : 82.13"
"2,50 : 35.74"
"2,51 : 48.37"
"2,52 : 23.77"
"2,53 : 64.82"
"2,54 : 57.43"
"2,55 : 12.81"
"2,56 : 16.0"
"2,57 : 61.01"
"2,58 : 37.66"
"2,59 : 32.7"
"2,60 : 74.97"
"2,61 : 71.51"
"2,62 : 92.57"
"2,63 : 35.11"
"2,64 : 38.83"
"2,65 : 94.85"
"2,66 : 31.06"
"2,67 : 15.03"
"2,68 : 5.39"
"2,69 : 64.63"
"2,70 : 39.41"
"2,71 : 51.01"
"2,72 : 13.89"
"2,73 : 46.1"
"2,74 : 54.71"
"2,75 : 87.46"
"2,76 : 28.44"
"2,77 : 58.31"
"2,78 : 65.8"
"2,79 : 86.05"
"2,80 : 33.97"
"2,81 : 82.46"
"2,82 : 66.76"
"2,83 : 73.06"
"2,84 : 50.8"
"2,85 : 73.25"
"2,86 : 42.54"
"2,87 : 55.0"
"2,88 : 45.28"
"2,89 : 93.04"
"2,90 : 49.04"
"2,91 : 75.24"
"2,92 : 31.14"
"2,93 : 75.29"
"2,94 : 68.35"
"2,95 : 45.01"
"2,96 : 66.07"
"2,97 : 75.54"
"2,98 : 24.41"
"2,99 : 81.02"
"3,0 : 81.01"
"3,1 : 92.11"
"3,2 : 26.4"
"3,3 : 0.0"
"3,4 : 17.72"
"3,5 : 87.73"
"3,6 : 72.25"
"3,7 : 19.24"
"3,8 : 31.14"
"3,9 : 42.76"
"3,10 : 98.01"
"3,11 : 90.87"
"3,12 : 11.18"
"3,13 : 100.4"
"3,14 : 101.59"
"3,15 : 75.45"
"3,16 : 81.39"
"3,17 : 57.45"
"3,18 : 10.2"
"3,19 : 75.31"
"3,20 : 74.04"
"3,21 : 89.54"
"3,22 : 22.36"
"3,23 : 127.44"
"3,24 : 86.45"
"3,25 : 48.3"
"3,26 : 53.15"
"3,27 : 14.14"
"3,28 : 41.0"
"3,29 : 99.02"
"3,30 : 50.36"
"3,31 : 102.3"
"3,32 : 84.17"
"3,33 : 67.9"
"3,34 : 28.44"
"3,35 : 33.24"
"3,36 : 32.56"
"3,37 : 73.35"
"3,38 : 103.83"
"3,39 : 99.81"
"3,40 : 70.06"
"3,41 : 73.01"
"3,42 : 83.87"
"3,43 : 7.81"
"3,44 : 58.42"
"3,45 : 47.63"
"3,46 : 89.02"
"3,47 : 48.41"
"3,48 : 86.98"
"3,49 : 108.47"
"3,50 : 61.27"
"3,51 : 74.63"
"3,52 : 25.02"
"3,53 : 91.21"
"3,54 : 83.82"
"3,55 : 39.2"
"3,56 : 16.76"
"3,57 : 80.08"
"3,58 : 54.82"
"3,59 : 30.36"
"3,60 : 90.45"
"3,61 : 94.89"
"3,62 : 116.81"
"3,63 : 59.08"
"3,64 : 64.44"
"3,65 : 120.92"
"3,66 : 20.59"
"3,67 : 38.01"
"3,68 : 28.32"
"3,69 : 88.6"
"3,70 : 48.04"
"3,71 : 69.92"
"3,72 : 31.3"
"3,73 : 70.46"
"3,74 : 68.12"
"3,75 : 112.41"
"3,76 : 50.22"
"3,77 : 79.63"
"3,78 : 89.89"
"3,79 : 112.45"
"3,80 : 60.14"
"3,81 : 104.39"
"3,82 : 80.02"
"3,83 : 92.18"
"3,84 : 57.71"
"3,85 : 93.01"
"3,86 : 66.85"
"3,87 : 74.04"
"3,88 : 66.91"
"3,89 : 117.14"
"3,90 : 63.39"
"3,91 : 85.48"
"3,92 : 37.05"
"3,93 : 97.94"
"3,94 : 80.06"
"3,95 : 64.2"
"3,96 : 83.95"
"3,97 : 95.82"
"3,98 : 36.67"
"3,99 : 102.69"
"4,0 : 64.12"
"4,1 : 79.71"
"4,2 : 11.7"
"4,3 : 17.72"
"4,4 : 0.0"
"4,5 : 77.37"
"4,6 : 57.98"
"4,7 : 2.83"
"4,8 : 32.8"
"4,9 : 25.18"
"4,10 : 80.78"
"4,11 : 80.52"
"4,12 : 27.0"
"4,13 : 87.66"
"4,14 : 91.98"
"4,15 : 58.9"
"4,16 : 80.01"
"4,17 : 40.61"
"4,18 : 19.65"
"4,19 : 57.71"
"4,20 : 56.32"
"4,21 : 80.23"
"4,22 : 27.02"
"4,23 : 113.44"
"4,24 : 70.77"
"4,25 : 31.06"
"4,26 : 54.71"
"4,27 : 27.46"
"4,28 : 24.52"
"4,29 : 89.63"
"4,30 : 50.54"
"4,31 : 88.2"
"4,32 : 66.64"
"4,33 : 50.36"
"4,34 : 11.0"
"4,35 : 16.03"
"4,36 : 19.65"
"4,37 : 67.07"
"4,38 : 92.11"
"4,39 : 83.55"
"4,40 : 66.49"
"4,41 : 59.93"
"4,42 : 67.88"
"4,43 : 23.0"
"4,44 : 53.94"
"4,45 : 32.02"
"4,46 : 86.12"
"4,47 : 32.65"
"4,48 : 78.52"
"4,49 : 92.63"
"4,50 : 43.91"
"4,51 : 57.8"
"4,52 : 26.91"
"4,53 : 75.01"
"4,54 : 67.36"
"4,55 : 23.6"
"4,56 : 16.28"
"4,57 : 72.17"
"4,58 : 48.09"
"4,59 : 35.38"
"4,60 : 85.38"
"4,61 : 83.22"
"4,62 : 104.22"
"4,63 : 46.82"
"4,64 : 50.25"
"4,65 : 105.76"
"4,66 : 29.97"
"4,67 : 26.48"
"4,68 : 16.12"
"4,69 : 70.88"
"4,70 : 47.01"
"4,71 : 62.07"
"4,72 : 23.19"
"4,73 : 57.78"
"4,74 : 64.33"
"4,75 : 98.98"
"4,76 : 32.56"
"4,77 : 62.2"
"4,78 : 77.47"
"4,79 : 96.26"
"4,80 : 45.0"
"4,81 : 94.11"
"4,82 : 76.49"
"4,83 : 84.29"
"4,84 : 58.14"
"4,85 : 84.59"
"4,86 : 54.23"
"4,87 : 66.12"
"4,88 : 49.37"
"4,89 : 104.69"
"4,90 : 58.86"
"4,91 : 84.12"
"4,92 : 37.22"
"4,93 : 86.98"
"4,94 : 77.62"
"4,95 : 56.08"
"4,96 : 77.01"
"4,97 : 86.98"
"4,98 : 32.57"
"4,99 : 92.65"
"5,0 : 90.92"
"5,1 : 13.15"
"5,2 : 65.73"
"5,3 : 87.73"
"5,4 : 77.37"
"5,5 : 0.0"
"5,6 : 28.64"
"5,7 : 78.85"
"5,8 : 62.63"
"5,9 : 72.25"
"5,10 : 59.91"
"5,11 : 3.16"
"5,12 : 87.98"
"5,13 : 19.42"
"5,14 : 15.0"
"5,15 : 45.22"
"5,16 : 44.01"
"5,17 : 51.66"
"5,18 : 79.65"
"5,19 : 76.16"
"5,20 : 68.6"
"5,21 : 6.4"
"5,22 : 70.46"
"5,23 : 47.42"
"5,24 : 37.01"
"5,25 : 58.42"
"5,26 : 54.71"
"5,27 : 83.76"
"5,28 : 80.16"
"5,29 : 13.15"
"5,30 : 51.61"
"5,31 : 29.02"
"5,32 : 61.62"
"5,33 : 75.64"
"5,34 : 75.43"
"5,35 : 76.06"
"5,36 : 57.72"
"5,37 : 23.41"
"5,38 : 17.8"
"5,39 : 47.01"
"5,40 : 34.48"
"5,41 : 22.14"
"5,42 : 39.62"
"5,43 : 85.96"
"5,44 : 36.4"
"5,45 : 50.01"
"5,46 : 39.05"
"5,47 : 50.04"
"5,48 : 10.44"
"5,49 : 46.87"
"5,50 : 56.3"
"5,51 : 48.26"
"5,52 : 66.29"
"5,53 : 43.27"
"5,54 : 44.55"
"5,55 : 56.22"
"5,56 : 71.11"
"5,57 : 14.32"
"5,58 : 34.83"
"5,59 : 68.01"
"5,60 : 28.79"
"5,61 : 10.44"
"5,62 : 32.2"
"5,63 : 31.14"
"5,64 : 32.76"
"5,65 : 49.37"
"5,66 : 77.2"
"5,67 : 50.96"
"5,68 : 61.4"
"5,69 : 73.66"
"5,70 : 49.68"
"5,71 : 20.62"
"5,72 : 56.46"
"5,73 : 22.36"
"5,74 : 34.18"
"5,75 : 31.95"
"5,76 : 70.21"
"5,77 : 82.15"
"5,78 : 12.65"
"5,79 : 52.95"
"5,80 : 39.81"
"5,81 : 16.76"
"5,82 : 34.0"
"5,83 : 15.0"
"5,84 : 50.54"
"5,85 : 12.73"
"5,86 : 25.08"
"5,87 : 17.49"
"5,88 : 75.24"
"5,89 : 32.02"
"5,90 : 33.62"
"5,91 : 45.28"
"5,92 : 57.38"
"5,93 : 10.63"
"5,94 : 39.0"
"5,95 : 24.84"
"5,96 : 18.11"
"5,97 : 12.53"
"5,98 : 52.7"
"5,99 : 15.3"
"6,0 : 62.43"
"6,1 : 24.02"
"6,2 : 46.62"
"6,3 : 72.25"
"6,4 : 57.98"
"6,5 : 28.64"
"6,6 : 0.0"
"6,7 : 58.67"
"6,8 : 55.95"
"6,9 : 46.39"
"6,10 : 38.64"
"6,11 : 31.02"
"6,12 : 75.93"
"6,13 : 30.81"
"6,14 : 42.72"
"6,15 : 17.8"
"6,16 : 62.17"
"6,17 : 24.02"
"6,18 : 66.6"
"6,19 : 47.71"
"6,20 : 40.22"
"6,21 : 34.48"
"6,22 : 61.06"
"6,23 : 55.47"
"6,24 : 17.26"
"6,25 : 32.39"
"6,26 : 59.03"
"6,27 : 72.8"
"6,28 : 54.45"
"6,29 : 41.44"
"6,30 : 54.15"
"6,31 : 30.23"
"6,32 : 35.23"
"6,33 : 47.01"
"6,34 : 52.92"
"6,35 : 52.2"
"6,36 : 39.7"
"6,37 : 38.47"
"6,38 : 37.05"
"6,39 : 31.78"
"6,40 : 47.76"
"6,41 : 7.07"
"6,42 : 17.03"
"6,43 : 72.92"
"6,44 : 41.19"
"6,45 : 26.4"
"6,46 : 61.03"
"6,47 : 26.0"
"6,48 : 36.4"
"6,49 : 38.01"
"6,50 : 27.89"
"6,51 : 20.52"
"6,52 : 56.94"
"6,53 : 24.08"
"6,54 : 20.62"
"6,55 : 34.48"
"6,56 : 57.38"
"6,57 : 34.71"
"6,58 : 34.01"
"6,59 : 62.24"
"6,60 : 53.08"
"6,61 : 29.07"
"6,62 : 47.13"
"6,63 : 15.81"
"6,64 : 7.81"
"6,65 : 48.92"
"6,66 : 68.26"
"6,67 : 34.71"
"6,68 : 43.93"
"6,69 : 47.01"
"6,70 : 50.36"
"6,71 : 30.87"
"6,72 : 42.8"
"6,73 : 8.94"
"6,74 : 46.17"
"6,75 : 41.15"
"6,76 : 43.01"
"6,77 : 53.82"
"6,78 : 22.0"
"6,79 : 43.08"
"6,80 : 13.6"
"6,81 : 42.58"
"6,82 : 52.84"
"6,83 : 42.44"
"6,84 : 57.08"
"6,85 : 40.82"
"6,86 : 10.05"
"6,87 : 31.91"
"6,88 : 46.62"
"6,89 : 47.8"
"6,90 : 41.98"
"6,91 : 64.88"
"6,92 : 52.81"
"6,93 : 34.37"
"6,94 : 57.25"
"6,95 : 28.86"
"6,96 : 41.04"
"6,97 : 41.15"
"6,98 : 44.78"
"6,99 : 41.98"
"7,0 : 62.03"
"7,1 : 80.78"
"7,2 : 13.15"
"7,3 : 19.24"
"7,4 : 2.83"
"7,5 : 78.85"
"7,6 : 58.67"
"7,7 : 0.0"
"7,8 : 35.61"
"7,9 : 23.54"
"7,10 : 80.16"
"7,11 : 82.0"
"7,12 : 29.07"
"7,13 : 88.64"
"7,14 : 93.56"
"7,15 : 58.73"
"7,16 : 82.54"
"7,17 : 40.36"
"7,18 : 22.14"
"7,19 : 56.09"
"7,20 : 55.03"
"7,21 : 81.88"
"7,22 : 29.83"
"7,23 : 114.06"
"7,24 : 70.94"
"7,25 : 30.61"
"7,26 : 57.45"
"7,27 : 29.83"
"7,28 : 22.2"
"7,29 : 91.24"
"7,30 : 53.24"
"7,31 : 88.84"
"7,32 : 65.76"
"7,33 : 48.66"
"7,34 : 9.22"
"7,35 : 14.04"
"7,36 : 21.21"
"7,37 : 69.18"
"7,38 : 93.3"
"7,39 : 83.45"
"7,40 : 68.88"
"7,41 : 60.93"
"7,42 : 67.94"
"7,43 : 25.08"
"7,44 : 56.29"
"7,45 : 32.45"
"7,46 : 88.53"
"7,47 : 33.02"
"7,48 : 80.31"
"7,49 : 92.7"
"7,50 : 43.27"
"7,51 : 57.49"
"7,52 : 29.73"
"7,53 : 74.95"
"7,54 : 67.21"
"7,55 : 24.19"
"7,56 : 19.1"
"7,57 : 74.06"
"7,58 : 50.25"
"7,59 : 38.21"
"7,60 : 87.57"
"7,61 : 84.43"
"7,62 : 105.19"
"7,63 : 48.08"
"7,64 : 51.0"
"7,65 : 106.04"
"7,66 : 32.65"
"7,67 : 28.16"
"7,68 : 18.0"
"7,69 : 69.57"
"7,70 : 49.66"
"7,71 : 64.01"
"7,72 : 25.5"
"7,73 : 58.87"
"7,74 : 66.71"
"7,75 : 99.76"
"7,76 : 31.05"
"7,77 : 60.41"
"7,78 : 78.55"
"7,79 : 96.18"
"7,80 : 45.49"
"7,81 : 95.57"
"7,82 : 78.85"
"7,83 : 86.15"
"7,84 : 60.83"
"7,85 : 86.37"
"7,86 : 55.36"
"7,87 : 68.03"
"7,88 : 47.68"
"7,89 : 105.7"
"7,90 : 61.19"
"7,91 : 86.65"
"7,92 : 39.96"
"7,93 : 88.32"
"7,94 : 80.08"
"7,95 : 58.01"
"7,96 : 79.01"
"7,97 : 88.68"
"7,98 : 35.11"
"7,99 : 94.15"
"8,0 : 89.2"
"8,1 : 70.09"
"8,2 : 28.3"
"8,3 : 31.14"
"8,4 : 32.8"
"8,5 : 62.63"
"8,6 : 55.95"
"8,7 : 35.61"
"8,8 : 0.0"
"8,9 : 50.54"
"8,10 : 90.43"
"8,11 : 65.6"
"8,12 : 26.93"
"8,13 : 78.57"
"8,14 : 74.95"
"8,15 : 66.1"
"8,16 : 50.25"
"8,17 : 52.01"
"8,18 : 21.02"
"8,19 : 78.85"
"8,20 : 74.67"
"8,21 : 62.97"
"8,22 : 9.06"
"8,23 : 107.17"
"8,24 : 72.8"
"8,25 : 46.87"
"8,26 : 22.47"
"8,27 : 22.14"
"8,28 : 53.82"
"8,29 : 72.2"
"8,30 : 19.24"
"8,31 : 83.23"
"8,32 : 80.06"
"8,33 : 72.8"
"8,34 : 40.46"
"8,35 : 45.0"
"8,36 : 25.96"
"8,37 : 44.38"
"8,38 : 80.06"
"8,39 : 87.32"
"8,40 : 39.46"
"8,41 : 53.85"
"8,42 : 71.47"
"8,43 : 26.17"
"8,44 : 28.79"
"8,45 : 40.01"
"8,46 : 58.01"
"8,47 : 41.01"
"8,48 : 59.54"
"8,49 : 93.94"
"8,50 : 58.14"
"8,51 : 66.61"
"8,52 : 6.32"
"8,53 : 79.06"
"8,54 : 73.25"
"8,55 : 34.71"
"8,56 : 17.0"
"8,57 : 52.35"
"8,58 : 27.8"
"8,59 : 6.32"
"8,60 : 60.21"
"8,61 : 71.45"
"8,62 : 94.07"
"8,63 : 40.25"
"8,64 : 49.04"
"8,65 : 103.77"
"8,66 : 14.76"
"8,67 : 25.0"
"8,68 : 24.17"
"8,69 : 88.2"
"8,70 : 17.03"
"8,71 : 42.72"
"8,72 : 17.26"
"8,73 : 50.77"
"8,74 : 37.66"
"8,75 : 91.44"
"8,76 : 55.71"
"8,77 : 84.65"
"8,78 : 68.01"
"8,79 : 99.01"
"8,80 : 48.05"
"8,81 : 78.49"
"8,82 : 49.25"
"8,83 : 63.98"
"8,84 : 26.68"
"8,85 : 65.3"
"8,86 : 47.51"
"8,87 : 46.65"
"8,88 : 71.84"
"8,89 : 94.11"
"8,90 : 33.53"
"8,91 : 54.33"
"8,92 : 6.08"
"8,93 : 73.25"
"8,94 : 49.0"
"8,95 : 37.8"
"8,96 : 55.15"
"8,97 : 68.48"
"8,98 : 11.18"
"8,99 : 76.55"
"9,0 : 39.62"
"9,1 : 70.35"
"9,2 : 22.47"
"9,3 : 42.76"
"9,4 : 25.18"
"9,5 : 72.25"
"9,6 : 46.39"
"9,7 : 23.54"
"9,8 : 50.54"
"9,9 : 0.0"
"9,10 : 58.8"
"9,11 : 75.17"
"9,12 : 52.09"
"9,13 : 77.1"
"9,14 : 87.21"
"9,15 : 40.31"
"9,16 : 88.48"
"9,17 : 23.09"
"9,18 : 44.05"
"9,19 : 32.56"
"9,20 : 31.78"
"9,21 : 76.79"
"9,22 : 48.08"
"9,23 : 99.16"
"9,24 : 54.13"
"9,25 : 14.04"
"9,26 : 68.88"
"9,27 : 52.04"
"9,28 : 8.06"
"9,29 : 85.38"
"9,30 : 63.78"
"9,31 : 74.63"
"9,32 : 43.6"
"9,33 : 25.18"
"9,34 : 14.32"
"9,35 : 9.85"
"9,36 : 25.61"
"9,37 : 69.86"
"9,38 : 83.38"
"9,39 : 64.64"
"9,40 : 73.25"
"9,41 : 51.01"
"9,42 : 50.54"
"9,43 : 48.09"
"9,44 : 61.03"
"9,45 : 22.56"
"9,46 : 92.18"
"9,47 : 22.36"
"9,48 : 76.69"
"9,49 : 74.63"
"9,50 : 23.02"
"9,51 : 38.28"
"9,52 : 46.24"
"9,53 : 56.6"
"9,54 : 48.55"
"9,55 : 19.42"
"9,56 : 37.85"
"9,57 : 71.84"
"9,58 : 53.0"
"9,59 : 55.15"
"9,60 : 88.39"
"9,61 : 75.11"
"9,62 : 93.17"
"9,63 : 41.98"
"9,64 : 40.01"
"9,65 : 89.07"
"9,66 : 52.95"
"9,67 : 30.48"
"9,68 : 26.42"
"9,69 : 46.24"
"9,70 : 59.46"
"9,71 : 62.97"
"9,72 : 34.41"
"9,73 : 50.04"
"9,74 : 71.02"
"9,75 : 86.4"
"9,76 : 7.62"
"9,77 : 37.05"
"9,78 : 68.26"
"9,79 : 77.2"
"9,80 : 33.06"
"9,81 : 88.01"
"9,82 : 82.37"
"9,83 : 82.98"
"9,84 : 70.72"
"9,85 : 82.38"
"9,86 : 47.17"
"9,87 : 66.41"
"9,88 : 24.19"
"9,89 : 93.94"
"9,90 : 65.19"
"9,91 : 92.36"
"9,92 : 52.7"
"9,93 : 80.01"
"9,94 : 84.91"
"9,95 : 57.38"
"9,96 : 77.79"
"9,97 : 83.86"
"9,98 : 44.82"
"9,99 : 87.05"
"10,0 : 46.27"
"10,1 : 48.27"
"10,2 : 72.01"
"10,3 : 98.01"
"10,4 : 80.78"
"10,5 : 59.91"
"10,6 : 38.64"
"10,7 : 80.16"
"10,8 : 90.43"
"10,9 : 58.8"
"10,10 : 0.0"
"10,11 : 60.8"
"10,12 : 104.79"
"10,13 : 48.27"
"10,14 : 69.31"
"10,15 : 24.33"
"10,16 : 99.96"
"10,17 : 40.72"
"10,18 : 95.46"
"10,19 : 35.11"
"10,20 : 30.02"
"10,21 : 66.29"
"10,22 : 93.41"
"10,23 : 53.46"
"10,24 : 23.26"
"10,25 : 49.74"
"10,26 : 97.13"
"10,27 : 102.88"
"10,28 : 65.07"
"10,29 : 69.43"
"10,30 : 92.05"
"10,31 : 38.28"
"10,32 : 15.81"
"10,33 : 40.71"
"10,34 : 71.61"
"10,35 : 68.25"
"10,36 : 68.01"
"10,37 : 76.22"
"10,38 : 56.85"
"10,39 : 15.65"
"10,40 : 86.13"
"10,41 : 44.64"
"10,42 : 21.84"
"10,43 : 101.13"
"10,44 : 79.76"
"10,45 : 51.87"
"10,46 : 97.51"
"10,47 : 50.92"
"10,48 : 69.97"
"10,49 : 24.33"
"10,50 : 36.89"
"10,51 : 24.04"
"10,52 : 89.74"
"10,53 : 16.64"
"10,54 : 18.11"
"10,55 : 59.62"
"10,56 : 86.73"
"10,57 : 70.68"
"10,58 : 72.25"
"10,59 : 96.69"
"10,60 : 88.19"
"10,61 : 53.81"
"10,62 : 57.27"
"10,63 : 53.04"
"10,64 : 43.01"
"10,65 : 39.01"
"10,66 : 100.28"
"10,67 : 65.97"
"10,68 : 71.87"
"10,69 : 22.02"
"10,70 : 88.01"
"10,71 : 68.96"
"10,72 : 74.46"
"10,73 : 47.3"
"10,74 : 84.65"
"10,75 : 48.33"
"10,76 : 51.62"
"10,77 : 37.66"
"10,78 : 47.8"
"10,79 : 23.09"
"10,80 : 42.43"
"10,81 : 66.53"
"10,82 : 90.25"
"10,83 : 74.89"
"10,84 : 95.52"
"10,85 : 72.42"
"10,86 : 48.66"
"10,87 : 69.29"
"10,88 : 41.18"
"10,89 : 58.6"
"10,90 : 80.6"
"10,91 : 102.32"
"10,92 : 88.57"
"10,93 : 59.41"
"10,94 : 94.92"
"10,95 : 67.47"
"10,96 : 76.48"
"10,97 : 71.22"
"10,98 : 79.76"
"10,99 : 67.18"
"11,0 : 93.06"
"11,1 : 13.0"
"11,2 : 68.88"
"11,3 : 90.87"
"11,4 : 80.52"
"11,5 : 3.16"
"11,6 : 31.02"
"11,7 : 82.0"
"11,8 : 65.6"
"11,9 : 75.17"
"11,10 : 60.8"
"11,11 : 0.0"
"11,12 : 91.07"
"11,13 : 18.03"
"11,14 : 12.04"
"11,15 : 47.17"
"11,16 : 45.04"
"11,17 : 54.34"
"11,18 : 82.76"
"11,19 : 78.29"
"11,20 : 70.71"
"11,21 : 6.08"
"11,22 : 73.5"
"11,23 : 45.31"
"11,24 : 38.21"
"11,25 : 61.29"
"11,26 : 57.14"
"11,27 : 86.82"
"11,28 : 83.1"
"11,29 : 10.44"
"11,30 : 54.2"
"11,31 : 28.28"
"11,32 : 63.25"
"11,33 : 78.0"
"11,34 : 78.52"
"11,35 : 79.1"
"11,36 : 60.88"
"11,37 : 25.5"
"11,38 : 15.26"
"11,39 : 47.41"
"11,40 : 36.4"
"11,41 : 24.74"
"11,42 : 41.04"
"11,43 : 89.07"
"11,44 : 39.05"
"11,45 : 53.0"
"11,46 : 39.46"
"11,47 : 53.01"
"11,48 : 11.0"
"11,49 : 46.57"
"11,50 : 58.82"
"11,51 : 50.25"
"11,52 : 69.34"
"11,53 : 44.2"
"11,54 : 46.01"
"11,55 : 59.3"
"11,56 : 74.25"
"11,57 : 16.16"
"11,58 : 37.8"
"11,59 : 70.94"
"11,60 : 28.86"
"11,61 : 9.0"
"11,62 : 29.68"
"11,63 : 34.23"
"11,64 : 35.51"
"11,65 : 48.09"
"11,66 : 80.21"
"11,67 : 54.12"
"11,68 : 64.56"
"11,69 : 75.29"
"11,70 : 52.4"
"11,71 : 23.35"
"11,72 : 59.62"
"11,73 : 25.18"
"11,74 : 36.25"
"11,75 : 30.08"
"11,76 : 72.99"
"11,77 : 84.22"
"11,78 : 13.04"
"11,79 : 52.63"
"11,80 : 42.58"
"11,81 : 13.6"
"11,82 : 35.13"
"11,83 : 14.32"
"11,84 : 52.84"
"11,85 : 11.66"
"11,86 : 28.02"
"11,87 : 20.0"
"11,88 : 77.62"
"11,89 : 29.41"
"11,90 : 36.06"
"11,91 : 46.04"
"11,92 : 60.31"
"11,93 : 7.81"
"11,94 : 40.11"
"11,95 : 27.8"
"11,96 : 19.03"
"11,97 : 10.63"
"11,98 : 55.76"
"11,99 : 12.17"
"12,0 : 91.09"
"12,1 : 93.86"
"12,2 : 32.89"
"12,3 : 11.18"
"12,4 : 27.0"
"12,5 : 87.98"
"12,6 : 75.93"
"12,7 : 29.07"
"12,8 : 26.93"
"12,9 : 52.09"
"12,10 : 104.79"
"12,11 : 91.07"
"12,12 : 0.0"
"12,13 : 102.3"
"12,14 : 101.07"
"12,15 : 81.41"
"12,16 : 76.03"
"12,17 : 64.08"
"12,18 : 9.43"
"12,19 : 84.48"
"12,20 : 82.57"
"12,21 : 89.01"
"12,22 : 18.03"
"12,23 : 130.18"
"12,24 : 91.26"
"12,25 : 55.66"
"12,26 : 47.01"
"12,27 : 5.0"
"12,28 : 51.24"
"12,29 : 98.39"
"12,30 : 45.18"
"12,31 : 105.36"
"12,32 : 91.71"
"12,33 : 77.23"
"12,34 : 38.0"
"12,35 : 43.01"
"12,36 : 37.22"
"12,37 : 71.17"
"12,38 : 104.86"
"12,39 : 105.15"
"12,40 : 66.29"
"12,41 : 75.66"
"12,42 : 89.04"
"12,43 : 4.0"
"12,44 : 55.66"
"12,45 : 53.24"
"12,46 : 84.38"
"12,47 : 54.12"
"12,48 : 85.91"
"12,49 : 113.23"
"12,50 : 68.62"
"12,51 : 80.96"
"12,52 : 21.93"
"12,53 : 96.57"
"12,54 : 89.55"
"12,55 : 45.19"
"12,56 : 18.6"
"12,57 : 78.79"
"12,58 : 53.67"
"12,59 : 24.02"
"12,60 : 87.1"
"12,61 : 96.02"
"12,62 : 118.41"
"12,63 : 61.52"
"12,64 : 68.25"
"12,65 : 124.84"
"12,66 : 13.0"
"12,67 : 41.23"
"12,68 : 33.12"
"12,69 : 97.08"
"12,70 : 43.74"
"12,71 : 68.88"
"12,72 : 33.24"
"12,73 : 72.86"
"12,74 : 64.54"
"12,75 : 114.77"
"12,76 : 59.3"
"12,77 : 89.14"
"12,78 : 91.68"
"12,79 : 117.6"
"12,80 : 64.9"
"12,81 : 104.32"
"12,82 : 75.95"
"12,83 : 90.62"
"12,84 : 52.01"
"12,85 : 91.79"
"12,86 : 69.31"
"12,87 : 72.92"
"12,88 : 76.24"
"12,89 : 118.6"
"12,90 : 60.44"
"12,91 : 80.01"
"12,92 : 32.98"
"12,93 : 98.48"
"12,94 : 75.33"
"12,95 : 63.53"
"12,96 : 81.93"
"12,97 : 94.85"
"12,98 : 35.36"
"12,99 : 102.47"
"13,0 : 86.98"
"13,1 : 8.49"
"13,2 : 76.03"
"13,3 : 100.4"
"13,4 : 87.66"
"13,5 : 19.42"
"13,6 : 30.81"
"13,7 : 88.64"
"13,8 : 78.57"
"13,9 : 77.1"
"13,10 : 48.27"
"13,11 : 18.03"
"13,12 : 102.3"
"13,13 : 0.0"
"13,14 : 21.95"
"13,15 : 41.59"
"13,16 : 63.07"
"13,17 : 54.33"
"13,18 : 93.41"
"13,19 : 72.53"
"13,20 : 65.0"
"13,21 : 24.0"
"13,22 : 85.59"
"13,23 : 28.84"
"13,24 : 28.79"
"13,25 : 63.15"
"13,26 : 73.35"
"13,27 : 98.49"
"13,28 : 85.16"
"13,29 : 22.85"
"13,30 : 69.84"
"13,31 : 11.18"
"13,32 : 54.63"
"13,33 : 73.98"
"13,34 : 83.49"
"13,35 : 82.97"
"13,36 : 68.48"
"13,37 : 42.72"
"13,38 : 8.6"
"13,39 : 33.24"
"13,40 : 53.85"
"13,41 : 27.73"
"13,42 : 32.57"
"13,43 : 99.81"
"13,44 : 54.59"
"13,45 : 56.92"
"13,46 : 57.22"
"13,47 : 56.61"
"13,48 : 29.02"
"13,49 : 29.97"
"13,50 : 57.0"
"13,51 : 44.72"
"13,52 : 81.34"
"13,53 : 32.76"
"13,54 : 37.34"
"13,55 : 64.62"
"13,56 : 84.4"
"13,57 : 33.73"
"13,58 : 51.4"
"13,59 : 84.39"
"13,60 : 46.39"
"13,61 : 9.06"
"13,62 : 16.55"
"13,63 : 41.34"
"13,64 : 37.95"
"13,65 : 30.07"
"13,66 : 92.63"
"13,67 : 62.43"
"13,68 : 72.56"
"13,69 : 66.19"
"13,70 : 67.42"
"13,71 : 38.91"
"13,72 : 69.4"
"13,73 : 30.02"
"13,74 : 53.45"
"13,75 : 13.04"
"13,76 : 73.25"
"13,77 : 77.79"
"13,78 : 10.63"
"13,79 : 35.85"
"13,80 : 44.38"
"13,81 : 18.44"
"13,82 : 53.15"
"13,83 : 31.4"
"13,84 : 69.46"
"13,85 : 28.44"
"13,86 : 33.62"
"13,87 : 36.4"
"13,88 : 73.82"
"13,89 : 17.09"
"13,90 : 52.39"
"13,91 : 64.01"
"13,92 : 73.88"
"13,93 : 12.65"
"13,94 : 58.14"
"13,95 : 41.88"
"13,96 : 37.05"
"13,97 : 25.96"
"13,98 : 67.88"
"13,99 : 19.42"
"14,0 : 104.22"
"14,1 : 21.4"
"14,2 : 80.41"
"14,3 : 101.59"
"14,4 : 91.98"
"14,5 : 15.0"
"14,6 : 42.72"
"14,7 : 93.56"
"14,8 : 74.95"
"14,9 : 87.21"
"14,10 : 69.31"
"14,11 : 12.04"
"14,12 : 101.07"
"14,13 : 21.95"
"14,14 : 0.0"
"14,15 : 58.14"
"14,16 : 46.17"
"14,17 : 66.29"
"14,18 : 93.11"
"14,19 : 89.47"
"14,20 : 81.86"
"14,21 : 12.08"
"14,22 : 83.24"
"14,23 : 43.29"
"14,24 : 47.8"
"14,25 : 73.33"
"14,26 : 63.7"
"14,27 : 96.65"
"14,28 : 95.13"
"14,29 : 2.83"
"14,30 : 61.55"
"14,31 : 33.12"
"14,32 : 73.5"
"14,33 : 89.54"
"14,34 : 90.35"
"14,35 : 91.05"
"14,36 : 72.37"
"14,37 : 31.83"
"14,38 : 14.56"
"14,39 : 54.82"
"14,40 : 41.4"
"14,41 : 36.67"
"14,42 : 51.04"
"14,43 : 99.32"
"14,44 : 47.01"
"14,45 : 65.01"
"14,46 : 38.47"
"14,47 : 65.03"
"14,48 : 15.62"
"14,49 : 51.88"
"14,50 : 70.6"
"14,51 : 61.27"
"14,52 : 79.18"
"14,53 : 53.08"
"14,54 : 56.04"
"14,55 : 71.18"
"14,56 : 84.86"
"14,57 : 22.8"
"14,58 : 47.41"
"14,59 : 79.88"
"14,60 : 27.46"
"14,61 : 15.62"
"14,62 : 26.31"
"14,63 : 46.1"
"14,64 : 47.52"
"14,65 : 49.82"
"14,66 : 89.69"
"14,67 : 65.51"
"14,68 : 75.93"
"14,69 : 85.45"
"14,70 : 60.44"
"14,71 : 32.25"
"14,72 : 70.52"
"14,73 : 37.22"
"14,74 : 41.87"
"14,75 : 30.27"
"14,76 : 85.0"
"14,77 : 95.26"
"14,78 : 22.47"
"14,79 : 57.7"
"14,80 : 54.59"
"14,81 : 5.1"
"14,82 : 37.16"
"14,83 : 13.42"
"14,84 : 58.9"
"14,85 : 10.82"
"14,86 : 40.05"
"14,87 : 28.3"
"14,88 : 89.2"
"14,89 : 25.5"
"14,90 : 43.19"
"14,91 : 46.1"
"14,92 : 69.34"
"14,93 : 9.9"
"14,94 : 41.79"
"14,95 : 37.58"
"14,96 : 22.2"
"14,97 : 7.21"
"14,98 : 65.74"
"14,99 : 3.0"
"15,0 : 46.1"
"15,1 : 37.34"
"15,2 : 49.09"
"15,3 : 75.45"
"15,4 : 58.9"
"15,5 : 45.22"
"15,6 : 17.8"
"15,7 : 58.73"
"15,8 : 66.1"
"15,9 : 40.31"
"15,10 : 24.33"
"15,11 : 47.17"
"15,12 : 81.41"
"15,13 : 41.59"
"15,14 : 58.14"
"15,15 : 0.0"
"15,16 : 79.65"
"15,17 : 18.38"
"15,18 : 72.01"
"15,19 : 31.38"
"15,20 : 23.77"
"15,21 : 51.4"
"15,22 : 69.26"
"15,23 : 59.48"
"15,24 : 14.32"
"15,25 : 28.32"
"15,26 : 73.55"
"15,27 : 79.2"
"15,28 : 47.85"
"15,29 : 57.31"
"15,30 : 68.36"
"15,31 : 36.12"
"15,32 : 17.49"
"15,33 : 32.39"
"15,34 : 50.99"
"15,35 : 48.6"
"15,36 : 44.28"
"15,37 : 56.08"
"15,38 : 49.48"
"15,39 : 24.76"
"15,40 : 64.88"
"15,41 : 24.84"
"15,42 : 10.44"
"15,43 : 77.9"
"15,44 : 57.01"
"15,45 : 28.18"
"15,46 : 78.82"
"15,47 : 27.29"
"15,48 : 53.81"
"15,49 : 34.41"
"15,50 : 17.46"
"15,51 : 3.16"
"15,52 : 65.52"
"15,53 : 16.4"
"15,54 : 8.49"
"15,55 : 36.36"
"15,56 : 63.07"
"15,57 : 52.5"
"15,58 : 49.03"
"15,59 : 72.37"
"15,60 : 70.84"
"15,61 : 43.08"
"15,62 : 56.0"
"15,63 : 29.61"
"15,64 : 19.65"
"15,65 : 48.76"
"15,66 : 76.22"
"15,67 : 41.76"
"15,68 : 48.3"
"15,69 : 29.21"
"15,70 : 64.2"
"15,71 : 48.37"
"15,72 : 50.29"
"15,73 : 26.63"
"15,74 : 63.16"
"15,75 : 48.17"
"15,76 : 34.54"
"15,77 : 37.12"
"15,78 : 35.85"
"15,79 : 37.48"
"15,80 : 18.11"
"15,81 : 57.01"
"15,82 : 70.49"
"15,83 : 59.67"
"15,84 : 72.37"
"15,85 : 57.8"
"15,86 : 26.83"
"15,87 : 49.65"
"15,88 : 32.25"
"15,89 : 57.01"
"15,90 : 58.52"
"15,91 : 82.49"
"15,92 : 64.28"
"15,93 : 48.85"
"15,94 : 74.79"
"15,95 : 45.69"
"15,96 : 58.8"
"15,97 : 57.69"
"15,98 : 55.44"
"15,99 : 56.86"
"16,0 : 119.67"
"16,1 : 57.08"
"16,2 : 71.18"
"16,3 : 81.39"
"16,4 : 80.01"
"16,5 : 44.01"
"16,6 : 62.17"
"16,7 : 82.54"
"16,8 : 50.25"
"16,9 : 88.48"
"16,10 : 99.96"
"16,11 : 45.04"
"16,12 : 76.03"
"16,13 : 63.07"
"16,14 : 46.17"
"16,15 : 79.65"
"16,16 : 0.0"
"16,17 : 76.49"
"16,18 : 71.25"
"16,19 : 105.89"
"16,20 : 99.2"
"16,21 : 39.12"
"16,22 : 59.14"
"16,23 : 89.05"
"16,24 : 76.84"
"16,25 : 77.99"
"16,26 : 29.15"
"16,27 : 71.03"
"16,28 : 94.67"
"16,29 : 43.68"
"16,30 : 31.06"
"16,31 : 73.03"
"16,32 : 97.13"
"16,33 : 102.59"
"16,34 : 84.1"
"16,35 : 87.24"
"16,36 : 64.41"
"16,37 : 23.77"
"16,38 : 58.86"
"16,39 : 89.27"
"16,40 : 15.56"
"16,41 : 55.54"
"16,42 : 78.19"
"16,43 : 76.03"
"16,44 : 27.46"
"16,45 : 68.01"
"16,46 : 10.0"
"16,47 : 68.68"
"16,48 : 34.06"
"16,49 : 90.55"
"16,50 : 82.98"
"16,51 : 81.99"
"16,52 : 56.44"
"16,53 : 83.82"
"16,54 : 82.46"
"16,55 : 69.07"
"16,56 : 66.29"
"16,57 : 30.27"
"16,58 : 35.61"
"16,59 : 52.01"
"16,60 : 19.24"
"16,61 : 54.04"
"16,62 : 72.28"
"16,63 : 52.01"
"16,64 : 60.75"
"16,65 : 93.13"
"16,66 : 63.03"
"16,67 : 58.31"
"16,68 : 65.8"
"16,69 : 108.56"
"16,70 : 33.54"
"16,71 : 31.3"
"16,72 : 57.38"
"16,73 : 53.23"
"16,74 : 17.69"
"16,75 : 74.67"
"16,76 : 90.27"
"16,77 : 112.29"
"16,78 : 56.22"
"16,79 : 96.63"
"16,80 : 65.6"
"16,81 : 51.24"
"16,82 : 10.05"
"16,83 : 32.98"
"16,84 : 24.02"
"16,85 : 35.9"
"16,86 : 52.84"
"16,87 : 30.68"
"16,88 : 101.86"
"16,89 : 71.57"
"16,90 : 23.43"
"16,91 : 4.12"
"16,92 : 44.41"
"16,93 : 51.48"
"16,94 : 5.1"
"16,95 : 34.41"
"16,96 : 26.02"
"16,97 : 39.29"
"16,98 : 47.43"
"16,99 : 49.04"
"17,0 : 43.19"
"17,1 : 48.0"
"17,2 : 31.3"
"17,3 : 57.45"
"17,4 : 40.61"
"17,5 : 51.66"
"17,6 : 24.02"
"17,7 : 40.36"
"17,8 : 52.01"
"17,9 : 23.09"
"17,10 : 40.72"
"17,11 : 54.34"
"17,12 : 64.08"
"17,13 : 54.33"
"17,14 : 66.29"
"17,15 : 18.38"
"17,16 : 76.49"
"17,17 : 0.0"
"17,18 : 54.78"
"17,19 : 29.68"
"17,20 : 23.77"
"17,21 : 56.92"
"17,22 : 53.6"
"17,23 : 76.16"
"17,24 : 31.38"
"17,25 : 10.0"
"17,26 : 63.91"
"17,27 : 62.3"
"17,28 : 31.05"
"17,29 : 64.76"
"17,30 : 58.52"
"17,31 : 51.55"
"17,32 : 28.28"
"17,33 : 26.17"
"17,34 : 32.65"
"17,35 : 30.53"
"17,36 : 27.66"
"17,37 : 54.67"
"17,38 : 61.01"
"17,39 : 43.14"
"17,40 : 60.96"
"17,41 : 29.61"
"17,42 : 28.02"
"17,43 : 60.42"
"17,44 : 50.48"
"17,45 : 12.0"
"17,46 : 77.99"
"17,47 : 11.0"
"17,48 : 57.78"
"17,49 : 52.63"
"17,50 : 6.71"
"17,51 : 17.2"
"17,52 : 50.25"
"17,53 : 34.71"
"17,54 : 26.87"
"17,55 : 18.97"
"17,56 : 46.17"
"17,57 : 54.2"
"17,58 : 41.88"
"17,59 : 58.01"
"17,60 : 72.11"
"17,61 : 53.08"
"17,62 : 70.21"
"17,63 : 24.84"
"17,64 : 18.97"
"17,65 : 66.57"
"17,66 : 60.21"
"17,67 : 27.02"
"17,68 : 31.32"
"17,69 : 36.35"
"17,70 : 54.08"
"17,71 : 47.01"
"17,72 : 35.06"
"17,73 : 29.41"
"17,74 : 58.9"
"17,75 : 63.32"
"17,76 : 19.0"
"17,77 : 36.06"
"17,78 : 46.01"
"17,79 : 55.87"
"17,80 : 12.08"
"17,81 : 66.48"
"17,82 : 68.62"
"17,83 : 64.08"
"17,84 : 63.98"
"17,85 : 62.97"
"17,86 : 27.31"
"17,87 : 49.65"
"17,88 : 25.5"
"17,89 : 71.02"
"17,90 : 53.41"
"17,91 : 79.93"
"17,92 : 51.48"
"17,93 : 58.31"
"17,94 : 72.14"
"17,95 : 42.45"
"17,96 : 60.54"
"17,97 : 63.89"
"17,98 : 42.43"
"17,99 : 65.76"
"18,0 : 83.49"
"18,1 : 85.0"
"18,2 : 23.77"
"18,3 : 10.2"
"18,4 : 19.65"
"18,5 : 79.65"
"18,6 : 66.6"
"18,7 : 22.14"
"18,8 : 21.02"
"18,9 : 44.05"
"18,10 : 95.46"
"18,11 : 82.76"
"18,12 : 9.43"
"18,13 : 93.41"
"18,14 : 93.11"
"18,15 : 72.01"
"18,16 : 71.25"
"18,17 : 54.78"
"18,18 : 0.0"
"18,19 : 76.11"
"18,20 : 73.82"
"18,21 : 81.02"
"18,22 : 12.17"
"18,23 : 121.08"
"18,24 : 81.84"
"18,25 : 46.57"
"18,26 : 42.95"
"18,27 : 8.0"
"18,28 : 44.15"
"18,29 : 90.47"
"18,30 : 40.2"
"18,31 : 96.18"
"18,32 : 82.57"
"18,33 : 69.01"
"18,34 : 30.41"
"18,35 : 35.51"
"18,36 : 27.78"
"18,37 : 64.03"
"18,38 : 96.25"
"18,39 : 95.72"
"18,40 : 60.21"
"18,41 : 66.53"
"18,42 : 79.61"
"18,43 : 6.4"
"18,44 : 48.84"
"18,45 : 43.83"
"18,46 : 79.0"
"18,47 : 44.72"
"18,48 : 78.19"
"18,49 : 103.81"
"18,50 : 59.48"
"18,51 : 71.59"
"18,52 : 15.03"
"18,53 : 87.13"
"18,54 : 80.13"
"18,55 : 35.85"
"18,56 : 9.22"
"18,57 : 71.17"
"18,58 : 45.88"
"18,59 : 20.25"
"18,60 : 80.75"
"18,61 : 87.37"
"18,62 : 109.62"
"18,63 : 52.4"
"18,64 : 58.9"
"18,65 : 115.52"
"18,66 : 11.31"
"18,67 : 31.89"
"18,68 : 23.71"
"18,69 : 88.28"
"18,70 : 38.0"
"18,71 : 61.1"
"18,72 : 24.08"
"18,73 : 63.78"
"18,74 : 58.31"
"18,75 : 105.76"
"18,76 : 51.01"
"18,77 : 81.0"
"18,78 : 82.8"
"18,79 : 108.17"
"18,80 : 55.47"
"18,81 : 96.15"
"18,82 : 70.11"
"18,83 : 83.17"
"18,84 : 47.52"
"18,85 : 84.15"
"18,86 : 60.21"
"18,87 : 65.19"
"18,88 : 68.01"
"18,89 : 109.86"
"18,90 : 53.76"
"18,91 : 75.33"
"18,92 : 27.0"
"18,93 : 90.05"
"18,94 : 70.01"
"18,95 : 55.54"
"18,96 : 74.73"
"18,97 : 87.09"
"18,98 : 27.51"
"18,99 : 94.37"
"19,0 : 14.76"
"19,1 : 68.71"
"19,2 : 53.04"
"19,3 : 75.31"
"19,4 : 57.71"
"19,5 : 76.16"
"19,6 : 47.71"
"19,7 : 56.09"
"19,8 : 78.85"
"19,9 : 32.56"
"19,10 : 35.11"
"19,11 : 78.29"
"19,12 : 84.48"
"19,13 : 72.53"
"19,14 : 89.47"
"19,15 : 31.38"
"19,16 : 105.89"
"19,17 : 29.68"
"19,18 : 76.11"
"19,19 : 0.0"
"19,20 : 7.62"
"19,21 : 82.15"
"19,22 : 78.41"
"19,23 : 86.15"
"19,24 : 43.93"
"19,25 : 32.02"
"19,26 : 93.11"
"19,27 : 84.1"
"19,28 : 35.85"
"19,29 : 88.55"
"19,30 : 87.73"
"19,31 : 65.62"
"19,32 : 20.22"
"19,33 : 7.62"
"19,34 : 46.87"
"19,35 : 42.2"
"19,36 : 52.95"
"19,37 : 83.45"
"19,38 : 80.65"
"19,39 : 47.27"
"19,40 : 90.43"
"19,41 : 54.64"
"19,42 : 40.02"
"19,43 : 80.5"
"19,44 : 80.16"
"19,45 : 40.31"
"19,46 : 106.78"
"19,47 : 39.4"
"19,48 : 84.05"
"19,49 : 57.56"
"19,50 : 23.02"
"19,51 : 28.23"
"19,52 : 75.8"
"19,53 : 42.05"
"19,54 : 35.51"
"19,55 : 44.15"
"19,56 : 69.03"
"19,57 : 81.69"
"19,58 : 71.56"
"19,59 : 84.34"
"19,60 : 100.0"
"19,61 : 74.46"
"19,62 : 85.84"
"19,63 : 53.91"
"19,64 : 46.01"
"19,65 : 72.84"
"19,66 : 84.1"
"19,67 : 54.71"
"19,68 : 55.44"
"19,69 : 15.56"
"19,70 : 83.26"
"19,71 : 75.66"
"19,72 : 61.61"
"19,73 : 55.61"
"19,74 : 88.41"
"19,75 : 77.41"
"19,76 : 25.18"
"19,77 : 6.4"
"19,78 : 67.23"
"19,79 : 57.72"
"19,80 : 40.36"
"19,81 : 88.39"
"19,82 : 97.67"
"19,83 : 90.14"
"19,84 : 93.48"
"19,85 : 88.51"
"19,86 : 54.56"
"19,87 : 77.83"
"19,88 : 8.54"
"19,89 : 86.98"
"19,90 : 83.01"
"19,91 : 109.22"
"19,92 : 79.4"
"19,93 : 80.23"
"19,94 : 101.41"
"19,95 : 71.59"
"19,96 : 88.09"
"19,97 : 88.68"
"19,98 : 70.52"
"19,99 : 88.24"
"20,0 : 22.36"
"20,1 : 61.1"
"20,2 : 50.25"
"20,3 : 74.04"
"20,4 : 56.32"
"20,5 : 68.6"
"20,6 : 40.22"
"20,7 : 55.03"
"20,8 : 74.67"
"20,9 : 31.78"
"20,10 : 30.02"
"20,11 : 70.71"
"20,12 : 82.57"
"20,13 : 65.0"
"20,14 : 81.86"
"20,15 : 23.77"
"20,16 : 99.2"
"20,17 : 23.77"
"20,18 : 73.82"
"20,19 : 7.62"
"20,20 : 0.0"
"20,21 : 74.63"
"20,22 : 75.01"
"20,23 : 79.4"
"20,24 : 36.5"
"20,25 : 28.02"
"20,26 : 87.66"
"20,27 : 81.74"
"20,28 : 36.62"
"20,29 : 80.95"
"20,30 : 82.28"
"20,31 : 58.31"
"20,32 : 14.32"
"20,33 : 10.77"
"20,34 : 45.88"
"20,35 : 41.63"
"20,36 : 49.09"
"20,37 : 76.49"
"20,38 : 73.08"
"20,39 : 40.79"
"20,40 : 83.82"
"20,41 : 47.2"
"20,42 : 32.56"
"20,43 : 78.64"
"20,44 : 73.93"
"20,45 : 35.17"
"20,46 : 99.76"
"20,47 : 34.21"
"20,48 : 76.61"
"20,49 : 51.2"
"20,50 : 17.09"
"20,51 : 20.62"
"20,52 : 72.11"
"20,53 : 35.01"
"20,54 : 28.16"
"20,55 : 40.11"
"20,56 : 66.19"
"20,57 : 74.41"
"20,58 : 65.37"
"20,59 : 80.4"
"20,60 : 92.76"
"20,61 : 66.85"
"20,62 : 78.52"
"20,63 : 47.2"
"20,64 : 38.9"
"20,65 : 66.49"
"20,66 : 81.06"
"20,67 : 50.01"
"20,68 : 52.0"
"20,69 : 14.56"
"20,70 : 77.83"
"20,71 : 68.68"
"20,72 : 57.43"
"20,73 : 48.27"
"20,74 : 81.84"
"20,75 : 70.18"
"20,76 : 24.17"
"20,77 : 13.6"
"20,78 : 59.62"
"20,79 : 51.87"
"20,80 : 33.6"
"20,81 : 80.78"
"20,82 : 90.79"
"20,83 : 82.66"
"20,84 : 87.73"
"20,85 : 80.99"
"20,86 : 47.38"
"20,87 : 70.71"
"20,88 : 11.18"
"20,89 : 79.63"
"20,90 : 76.55"
"20,91 : 102.45"
"20,92 : 74.73"
"20,93 : 72.62"
"20,94 : 94.64"
"20,95 : 64.82"
"20,96 : 80.81"
"20,97 : 81.12"
"20,98 : 65.73"
"20,99 : 80.62"
"21,0 : 96.9"
"21,1 : 18.97"
"21,2 : 68.73"
"21,3 : 89.54"
"21,4 : 80.23"
"21,5 : 6.4"
"21,6 : 34.48"
"21,7 : 81.88"
"21,8 : 62.97"
"21,9 : 76.79"
"21,10 : 66.29"
"21,11 : 6.08"
"21,12 : 89.01"
"21,13 : 24.0"
"21,14 : 12.08"
"21,15 : 51.4"
"21,16 : 39.12"
"21,17 : 56.92"
"21,18 : 81.02"
"21,19 : 82.15"
"21,20 : 74.63"
"21,21 : 0.0"
"21,22 : 71.2"
"21,23 : 50.6"
"21,24 : 43.42"
"21,25 : 63.15"
"21,26 : 52.8"
"21,27 : 84.6"
"21,28 : 84.59"
"21,29 : 9.49"
"21,30 : 50.25"
"21,31 : 34.37"
"21,32 : 67.94"
"21,33 : 81.39"
"21,34 : 79.06"
"21,35 : 80.02"
"21,36 : 60.67"
"21,37 : 20.81"
"21,38 : 20.25"
"21,39 : 53.23"
"21,40 : 31.3"
"21,41 : 27.73"
"21,42 : 46.01"
"21,43 : 87.24"
"21,44 : 35.38"
"21,45 : 54.33"
"21,46 : 33.38"
"21,47 : 54.45"
"21,48 : 5.1"
"21,49 : 52.63"
"21,50 : 61.85"
"21,51 : 54.41"
"21,52 : 67.12"
"21,53 : 49.65"
"21,54 : 50.93"
"21,55 : 60.0"
"21,56 : 72.8"
"21,57 : 11.4"
"21,58 : 35.36"
"21,59 : 68.01"
"21,60 : 22.8"
"21,61 : 15.03"
"21,62 : 34.44"
"21,63 : 35.06"
"21,64 : 37.95"
"21,65 : 54.04"
"21,66 : 77.7"
"21,67 : 53.76"
"21,68 : 64.13"
"21,69 : 79.98"
"21,70 : 48.84"
"21,71 : 20.25"
"21,72 : 58.52"
"21,73 : 27.51"
"21,74 : 31.38"
"21,75 : 35.69"
"21,76 : 75.19"
"21,77 : 88.2"
"21,78 : 18.79"
"21,79 : 58.69"
"21,80 : 44.92"
"21,81 : 15.62"
"21,82 : 29.27"
"21,83 : 8.6"
"21,84 : 48.26"
"21,85 : 6.4"
"21,86 : 29.83"
"21,87 : 16.4"
"21,88 : 80.96"
"21,89 : 34.0"
"21,90 : 31.89"
"21,91 : 40.01"
"21,92 : 57.43"
"21,93 : 12.65"
"21,94 : 34.23"
"21,95 : 25.5"
"21,96 : 13.15"
"21,97 : 7.07"
"21,98 : 53.67"
"21,99 : 13.6"
"22,0 : 87.56"
"22,1 : 77.1"
"22,2 : 25.71"
"22,3 : 22.36"
"22,4 : 27.02"
"22,5 : 70.46"
"22,6 : 61.06"
"22,7 : 29.83"
"22,8 : 9.06"
"22,9 : 48.08"
"22,10 : 93.41"
"22,11 : 73.5"
"22,12 : 18.03"
"22,13 : 85.59"
"22,14 : 83.24"
"22,15 : 69.26"
"22,16 : 59.14"
"22,17 : 53.6"
"22,18 : 12.17"
"22,19 : 78.41"
"22,20 : 75.01"
"22,21 : 71.2"
"22,22 : 0.0"
"22,23 : 113.9"
"22,24 : 77.37"
"22,25 : 47.0"
"22,26 : 30.81"
"22,27 : 13.42"
"22,28 : 50.09"
"22,29 : 80.53"
"22,30 : 28.07"
"22,31 : 89.5"
"22,32 : 81.88"
"22,33 : 71.85"
"22,34 : 36.24"
"22,35 : 41.15"
"22,36 : 26.08"
"22,37 : 53.14"
"22,38 : 87.62"
"22,39 : 91.71"
"22,40 : 48.51"
"22,41 : 59.82"
"22,42 : 75.64"
"22,43 : 17.12"
"22,44 : 37.64"
"22,45 : 41.77"
"22,46 : 67.03"
"22,47 : 42.76"
"22,48 : 67.98"
"22,49 : 98.98"
"22,50 : 59.21"
"22,51 : 69.38"
"22,52 : 4.24"
"22,53 : 83.26"
"22,54 : 76.9"
"22,55 : 35.06"
"22,56 : 10.82"
"22,57 : 60.84"
"22,58 : 35.85"
"22,59 : 8.6"
"22,60 : 69.23"
"22,61 : 78.87"
"22,62 : 101.41"
"22,63 : 45.8"
"22,64 : 53.71"
"22,65 : 109.62"
"22,66 : 7.21"
"22,67 : 27.51"
"22,68 : 23.02"
"22,69 : 89.05"
"22,70 : 26.08"
"22,71 : 51.0"
"22,72 : 18.97"
"22,73 : 56.85"
"22,74 : 46.69"
"22,75 : 98.29"
"22,76 : 54.13"
"22,77 : 83.86"
"22,78 : 74.97"
"22,79 : 103.77"
"22,80 : 51.62"
"22,81 : 86.61"
"22,82 : 58.31"
"22,83 : 72.62"
"22,84 : 35.36"
"22,85 : 73.82"
"22,86 : 53.41"
"22,87 : 55.01"
"22,88 : 70.86"
"22,89 : 101.53"
"22,90 : 42.45"
"22,91 : 63.2"
"22,92 : 15.13"
"22,93 : 81.02"
"22,94 : 58.01"
"22,95 : 45.79"
"22,96 : 63.91"
"22,97 : 76.92"
"22,98 : 17.8"
"22,99 : 84.72"
"23,0 : 99.02"
"23,1 : 37.2"
"23,2 : 102.08"
"23,3 : 127.44"
"23,4 : 113.44"
"23,5 : 47.42"
"23,6 : 55.47"
"23,7 : 114.06"
"23,8 : 107.17"
"23,9 : 99.16"
"23,10 : 53.46"
"23,11 : 45.31"
"23,12 : 130.18"
"23,13 : 28.84"
"23,14 : 43.29"
"23,15 : 59.48"
"23,16 : 89.05"
"23,17 : 76.16"
"23,18 : 121.08"
"23,19 : 86.15"
"23,20 : 79.4"
"23,21 : 50.6"
"23,22 : 113.9"
"23,23 : 0.0"
"23,24 : 45.22"
"23,25 : 85.91"
"23,26 : 102.0"
"23,27 : 126.57"
"23,28 : 106.98"
"23,29 : 45.54"
"23,30 : 98.62"
"23,31 : 25.24"
"23,32 : 66.03"
"23,33 : 89.81"
"23,34 : 107.82"
"23,35 : 106.45"
"23,36 : 95.0"
"23,37 : 70.77"
"23,38 : 30.36"
"23,39 : 39.0"
"23,40 : 81.71"
"23,41 : 54.56"
"23,42 : 49.04"
"23,43 : 127.48"
"23,44 : 83.35"
"23,45 : 81.63"
"23,46 : 81.74"
"23,47 : 81.12"
"23,48 : 55.66"
"23,49 : 29.15"
"23,50 : 76.84"
"23,51 : 62.1"
"23,52 : 109.66"
"23,53 : 44.55"
"23,54 : 52.17"
"23,55 : 89.89"
"23,56 : 111.95"
"23,57 : 61.47"
"23,58 : 80.21"
"23,59 : 113.07"
"23,60 : 70.71"
"23,61 : 37.12"
"23,62 : 17.03"
"23,63 : 68.68"
"23,64 : 63.25"
"23,65 : 15.23"
"23,66 : 121.02"
"23,67 : 89.5"
"23,68 : 99.2"
"23,69 : 75.24"
"23,70 : 96.25"
"23,71 : 67.6"
"23,72 : 97.0"
"23,73 : 57.31"
"23,74 : 81.54"
"23,75 : 15.81"
"23,76 : 93.92"
"23,77 : 90.0"
"23,78 : 39.2"
"23,79 : 31.32"
"23,80 : 68.6"
"23,81 : 38.21"
"23,82 : 79.56"
"23,83 : 56.09"
"23,84 : 97.94"
"23,85 : 53.15"
"23,86 : 60.88"
"23,87 : 64.85"
"23,88 : 89.94"
"23,89 : 18.0"
"23,90 : 80.95"
"23,91 : 89.27"
"23,92 : 102.62"
"23,93 : 37.95"
"23,94 : 84.4"
"23,95 : 70.72"
"23,96 : 63.6"
"23,97 : 49.82"
"23,98 : 96.33"
"23,99 : 40.31"
"24,0 : 58.24"
"24,1 : 26.4"
"24,2 : 60.14"
"24,3 : 86.45"
"24,4 : 70.77"
"24,5 : 37.01"
"24,6 : 17.26"
"24,7 : 70.94"
"24,8 : 72.8"
"24,9 : 54.13"
"24,10 : 23.26"
"24,11 : 38.21"
"24,12 : 91.26"
"24,13 : 28.79"
"24,14 : 47.8"
"24,15 : 14.32"
"24,16 : 76.84"
"24,17 : 31.38"
"24,18 : 81.84"
"24,19 : 43.93"
"24,20 : 36.5"
"24,21 : 43.42"
"24,22 : 77.37"
"24,23 : 45.22"
"24,24 : 0.0"
"24,25 : 41.34"
"24,26 : 76.16"
"24,27 : 88.51"
"24,28 : 61.85"
"24,29 : 47.51"
"24,30 : 71.34"
"24,31 : 22.0"
"24,32 : 25.94"
"24,33 : 46.04"
"24,34 : 63.82"
"24,35 : 61.91"
"24,36 : 54.2"
"24,37 : 53.16"
"24,38 : 37.16"
"24,39 : 14.56"
"24,40 : 63.35"
"24,41 : 22.09"
"24,42 : 4.0"
"24,43 : 88.01"
"24,44 : 58.01"
"24,45 : 38.9"
"24,46 : 74.25"
"24,47 : 38.18"
"24,48 : 46.87"
"24,49 : 22.02"
"24,50 : 31.62"
"24,51 : 17.12"
"24,52 : 73.35"
"24,53 : 7.07"
"24,54 : 8.54"
"24,55 : 47.38"
"24,56 : 72.67"
"24,57 : 47.42"
"24,58 : 51.16"
"24,59 : 79.12"
"24,60 : 65.0"
"24,61 : 32.2"
"24,62 : 42.11"
"24,63 : 32.98"
"24,64 : 23.77"
"24,65 : 35.23"
"24,66 : 84.53"
"24,67 : 50.25"
"24,68 : 58.41"
"24,69 : 37.74"
"24,70 : 67.6"
"24,71 : 46.1"
"24,72 : 58.67"
"24,73 : 25.02"
"24,74 : 61.98"
"24,75 : 34.01"
"24,76 : 48.7"
"24,77 : 49.04"
"24,78 : 25.5"
"24,79 : 26.42"
"24,80 : 26.4"
"24,81 : 45.79"
"24,82 : 67.07"
"24,83 : 52.01"
"24,84 : 74.0"
"24,85 : 49.68"
"24,86 : 27.07"
"24,87 : 46.17"
"24,88 : 46.01"
"24,89 : 43.19"
"24,90 : 58.31"
"24,91 : 79.12"
"24,92 : 69.92"
"24,93 : 38.01"
"24,94 : 71.78"
"24,95 : 45.18"
"24,96 : 53.24"
"24,97 : 48.8"
"24,98 : 61.68"
"24,99 : 46.04"
"25,0 : 43.42"
"25,1 : 56.32"
"25,2 : 22.8"
"25,3 : 48.3"
"25,4 : 31.06"
"25,5 : 58.42"
"25,6 : 32.39"
"25,7 : 30.61"
"25,8 : 46.87"
"25,9 : 14.04"
"25,10 : 49.74"
"25,11 : 61.29"
"25,12 : 55.66"
"25,13 : 63.15"
"25,14 : 73.33"
"25,15 : 28.32"
"25,16 : 77.99"
"25,17 : 10.0"
"25,18 : 46.57"
"25,19 : 32.02"
"25,20 : 28.02"
"25,21 : 63.15"
"25,22 : 47.0"
"25,23 : 85.91"
"25,24 : 41.34"
"25,25 : 0.0"
"25,26 : 61.77"
"25,27 : 54.34"
"25,28 : 22.09"
"25,29 : 71.57"
"25,30 : 56.44"
"25,31 : 61.1"
"25,32 : 36.06"
"25,33 : 26.4"
"25,34 : 22.67"
"25,35 : 20.59"
"25,36 : 21.1"
"25,37 : 57.8"
"25,38 : 69.35"
"25,39 : 53.08"
"25,40 : 62.48"
"25,41 : 37.0"
"25,42 : 38.01"
"25,43 : 51.87"
"25,44 : 50.91"
"25,45 : 10.0"
"25,46 : 80.71"
"25,47 : 9.43"
"25,48 : 63.32"
"25,49 : 62.63"
"25,50 : 13.0"
"25,51 : 26.91"
"25,52 : 44.1"
"25,53 : 44.69"
"25,54 : 36.8"
"25,55 : 12.17"
"25,56 : 38.47"
"25,57 : 58.87"
"25,58 : 42.45"
"25,59 : 52.47"
"25,60 : 76.03"
"25,61 : 61.07"
"25,62 : 79.31"
"25,63 : 28.79"
