x,y
43,41
3,28
80,61
59,67
86,91
98,78
37,70
11,28
66,92
8,38
59,78
90,21
84,10
42,61
69,75
29,0
76,3
84,81
50,91
68,69
92,65
53,3
61,20
10,11
45,80
75,20
22,53
72,24
15,70
28,86
83,3
46,26
62,41
57,67
88,39
78,16
62,99
13,14
2,38
68,80
46,24
59,89
91,59
46,27
15,31
80,63
100,90
79,89
41,58
44,26
93,15
77,55
45,93
12,96
88,5
48,66
60,87
27,21
25,61
20,14
42,73
78,69
80,55
7,33
49,57
96,6
12,27
23,94
45,26
92,72
60,54
85,99
42,8
7,41
40,28
96,96
79,50
0,22
51,23
27,4
32,50
59,72
19,58
57,49
59,89
14,7
24,5
59,95
3,70
67,47
47,94
52,12
4,97
32,57
71,89
41,54
78,17
96,23
81,87
35,45

Distanze
"0,0 : 0.0"
"0,1 : 55.95"
"0,2 : 59.54"
"0,3 : 47.01"
"0,4 : 28.16"
"0,5 : 15.0"
"0,6 : 40.82"
"0,7 : 27.51"
"0,8 : 19.03"
"0,9 : 23.09"
"0,10 : 27.29"
"0,11 : 33.24"
"0,12 : 75.47"
"0,13 : 46.39"
"0,14 : 45.65"
"0,15 : 55.04"
"0,16 : 19.92"
"0,17 : 20.62"
"0,18 : 35.0"
"0,19 : 15.03"
"0,20 : 37.11"
"0,21 : 16.76"
"0,22 : 48.83"
"0,23 : 35.51"
"0,24 : 45.69"
"0,25 : 36.01"
"0,26 : 55.95"
"0,27 : 45.89"
"0,28 : 23.41"
"0,29 : 49.37"
"0,30 : 49.2"
"0,31 : 59.46"
"0,32 : 76.84"
"0,33 : 38.12"
"0,34 : 52.8"
"0,35 : 70.46"
"0,36 : 48.7"
"0,37 : 60.37"
"0,38 : 48.1"
"0,39 : 46.53"
"0,40 : 37.36"
"0,41 : 13.34"
"0,42 : 25.5"
"0,43 : 36.67"
"0,44 : 27.86"
"0,45 : 33.73"
"0,46 : 25.08"
"0,47 : 49.65"
"0,48 : 10.2"
"0,49 : 38.01"
"0,50 : 32.45"
"0,51 : 46.17"
"0,52 : 45.49"
"0,53 : 25.08"
"0,54 : 63.57"
"0,55 : 50.93"
"0,56 : 12.21"
"0,57 : 50.8"
"0,58 : 37.12"
"0,59 : 58.14"
"0,60 : 17.8"
"0,61 : 41.19"
"0,62 : 35.69"
"0,63 : 72.07"
"0,64 : 53.74"
"0,65 : 8.0"
"0,66 : 7.28"
"0,67 : 75.17"
"0,68 : 47.17"
"0,69 : 20.02"
"0,70 : 18.97"
"0,71 : 34.37"
"0,72 : 32.31"
"0,73 : 23.09"
"0,74 : 61.68"
"0,75 : 32.14"
"0,76 : 64.85"
"0,77 : 66.04"
"0,78 : 7.0"
"0,79 : 28.3"
"0,80 : 39.4"
"0,81 : 36.24"
"0,82 : 70.21"
"0,83 : 79.98"
"0,84 : 35.01"
"0,85 : 53.45"
"0,86 : 43.86"
"0,87 : 35.23"
"0,88 : 24.04"
"0,89 : 36.8"
"0,90 : 53.34"
"0,91 : 45.0"
"0,92 : 15.26"
"0,93 : 71.02"
"0,94 : 29.73"
"0,95 : 48.17"
"0,96 : 31.4"
"0,97 : 51.35"
"0,98 : 29.07"
"0,99 : 47.0"
"1,0 : 55.95"
"1,1 : 0.0"
"1,2 : 21.47"
"1,3 : 22.36"
"1,4 : 29.07"
"1,5 : 55.87"
"1,6 : 15.23"
"1,7 : 58.01"
"1,8 : 73.54"
"1,9 : 36.07"
"1,10 : 70.29"
"1,11 : 80.06"
"1,12 : 38.08"
"1,13 : 21.21"
"1,14 : 72.18"
"1,15 : 34.71"
"1,16 : 62.97"
"1,17 : 66.49"
"1,18 : 89.02"
"1,19 : 69.08"
"1,20 : 92.31"
"1,21 : 55.11"
"1,22 : 78.09"
"1,23 : 43.74"
"1,24 : 34.44"
"1,25 : 50.8"
"1,26 : 54.0"
"1,27 : 18.44"
"1,28 : 79.16"
"1,29 : 21.0"
"1,30 : 22.47"
"1,31 : 9.9"
"1,32 : 33.02"
"1,33 : 53.15"
"1,34 : 82.38"
"1,35 : 32.28"
"1,36 : 43.1"
"1,37 : 5.0"
"1,38 : 17.89"
"1,39 : 30.41"
"1,40 : 40.02"
"1,41 : 60.96"
"1,42 : 53.25"
"1,43 : 92.59"
"1,44 : 76.9"
"1,45 : 84.4"
"1,46 : 63.41"
"1,47 : 73.98"
"1,48 : 49.98"
"1,49 : 80.16"
"1,50 : 88.32"
"1,51 : 48.85"
"1,52 : 26.4"
"1,53 : 45.22"
"1,54 : 49.24"
"1,55 : 17.2"
"1,56 : 67.12"
"1,57 : 80.23"
"1,58 : 66.27"
"1,59 : 24.7"
"1,60 : 72.67"
"1,61 : 54.82"
"1,62 : 74.89"
"1,63 : 38.63"
"1,64 : 15.56"
"1,65 : 63.07"
"1,66 : 61.33"
"1,67 : 19.8"
"1,68 : 44.28"
"1,69 : 38.95"
"1,70 : 71.06"
"1,71 : 85.87"
"1,72 : 61.07"
"1,73 : 74.41"
"1,74 : 48.84"
"1,75 : 84.48"
"1,76 : 36.89"
"1,77 : 32.2"
"1,78 : 59.64"
"1,79 : 84.22"
"1,80 : 44.92"
"1,81 : 67.12"
"1,82 : 59.67"
"1,83 : 28.79"
"1,84 : 79.65"
"1,85 : 43.05"
"1,86 : 19.65"
"1,87 : 78.31"
"1,88 : 79.32"
"1,89 : 56.46"
"1,90 : 78.34"
"1,91 : 76.53"
"1,92 : 71.2"
"1,93 : 34.79"
"1,94 : 56.94"
"1,95 : 57.01"
"1,96 : 82.97"
"1,97 : 21.1"
"1,98 : 46.14"
"1,99 : 52.92"
"2,0 : 59.54"
"2,1 : 21.47"
"2,2 : 0.0"
"2,3 : 41.73"
"2,4 : 32.0"
"2,5 : 53.85"
"2,6 : 27.29"
"2,7 : 70.34"
"2,8 : 78.52"
"2,9 : 36.5"
"2,10 : 65.19"
"2,11 : 75.17"
"2,12 : 59.14"
"2,13 : 13.15"
"2,14 : 87.09"
"2,15 : 55.32"
"2,16 : 59.48"
"2,17 : 75.17"
"2,18 : 87.73"
"2,19 : 74.33"
"2,20 : 96.51"
"2,21 : 64.5"
"2,22 : 92.7"
"2,23 : 59.48"
"2,24 : 53.26"
"2,25 : 66.21"
"2,26 : 36.4"
"2,27 : 14.04"
"2,28 : 82.57"
"2,29 : 10.2"
"2,30 : 42.45"
"2,31 : 12.37"
"2,32 : 53.15"
"2,33 : 68.88"
"2,34 : 97.14"
"2,35 : 53.49"
"2,36 : 27.29"
"2,37 : 19.65"
"2,38 : 37.48"
"2,39 : 49.58"
"2,40 : 56.44"
"2,41 : 59.81"
"2,42 : 47.17"
"2,43 : 95.08"
"2,44 : 85.02"
"2,45 : 92.01"
"2,46 : 57.98"
"2,47 : 89.55"
"2,48 : 57.04"
"2,49 : 91.08"
"2,50 : 89.84"
"2,51 : 66.85"
"2,52 : 45.34"
"2,53 : 40.25"
"2,54 : 29.02"
"2,55 : 37.64"
"2,56 : 68.41"
"2,57 : 94.92"
"2,58 : 80.01"
"2,59 : 4.12"
"2,60 : 73.38"
"2,61 : 71.12"
"2,62 : 67.48"
"2,63 : 60.01"
"2,64 : 36.62"
"2,65 : 67.48"
"2,66 : 66.27"
"2,67 : 33.24"
"2,68 : 29.15"
"2,69 : 39.62"
"2,70 : 70.01"
"2,71 : 93.05"
"2,72 : 74.33"
"2,73 : 72.5"
"2,74 : 29.02"
"2,75 : 91.14"
"2,76 : 58.31"
"2,77 : 53.67"
"2,78 : 60.88"
"2,79 : 86.13"
"2,80 : 33.24"
"2,81 : 58.0"
"2,82 : 39.2"
"2,83 : 46.0"
"2,84 : 73.82"
"2,85 : 25.3"
"2,86 : 37.64"
"2,87 : 88.81"
"2,88 : 80.01"
"2,89 : 45.97"
"2,90 : 94.02"
"2,91 : 90.44"
"2,92 : 73.76"
"2,93 : 56.08"
"2,94 : 49.2"
"2,95 : 74.63"
"2,96 : 90.05"
"2,97 : 8.25"
"2,98 : 39.12"
"2,99 : 70.72"
"3,0 : 47.01"
"3,1 : 22.36"
"3,2 : 41.73"
"3,3 : 0.0"
"3,4 : 29.07"
"3,5 : 52.92"
"3,6 : 17.09"
"3,7 : 39.56"
"3,8 : 61.22"
"3,9 : 35.51"
"3,10 : 68.71"
"3,11 : 77.39"
"3,12 : 29.15"
"3,13 : 35.36"
"3,14 : 51.09"
"3,15 : 14.32"
"3,16 : 60.54"
"3,17 : 51.0"
"3,18 : 82.01"
"3,19 : 56.85"
"3,20 : 79.63"
"3,21 : 39.96"
"3,22 : 57.08"
"3,23 : 23.09"
"3,24 : 12.08"
"3,25 : 30.02"
"3,26 : 67.05"
"3,27 : 32.25"
"3,28 : 68.01"
"3,29 : 36.89"
"3,30 : 2.24"
"3,31 : 31.91"
"3,32 : 29.83"
"3,33 : 32.02"
"3,34 : 61.2"
"3,35 : 23.71"
"3,36 : 55.66"
"3,37 : 26.93"
"3,38 : 4.47"
"3,39 : 8.06"
"3,40 : 19.03"
"3,41 : 56.36"
"3,42 : 54.92"
"3,43 : 81.57"
"3,44 : 61.27"
"3,45 : 68.88"
"3,46 : 62.94"
"3,47 : 52.47"
"3,48 : 38.18"
"3,49 : 61.85"
"3,50 : 78.49"
"3,51 : 26.57"
"3,52 : 4.12"
"3,53 : 47.38"
"3,54 : 65.76"
"3,55 : 6.0"
"3,56 : 59.2"
"3,57 : 59.14"
"3,58 : 46.17"
"3,59 : 43.93"
"3,60 : 64.82"
"3,61 : 33.24"
"3,62 : 75.29"
"3,63 : 26.68"
"3,64 : 9.06"
"3,65 : 52.33"
"3,66 : 50.21"
"3,67 : 34.23"
"3,68 : 56.04"
"3,69 : 37.11"
"3,70 : 65.19"
"3,71 : 70.66"
"3,72 : 41.59"
"3,73 : 69.12"
"3,74 : 64.85"
"3,75 : 69.84"
"3,76 : 21.0"
"3,77 : 19.92"
"3,78 : 52.7"
"3,79 : 74.25"
"3,80 : 53.46"
"3,81 : 70.04"
"3,82 : 76.03"
"3,83 : 34.48"
"3,84 : 78.0"
"3,85 : 57.38"
"3,86 : 5.1"
"3,87 : 60.44"
"3,88 : 70.94"
"3,89 : 62.03"
"3,90 : 56.72"
"3,91 : 56.01"
"3,92 : 61.55"
"3,93 : 24.7"
"3,94 : 59.68"
"3,95 : 34.79"
"3,96 : 68.0"
"3,97 : 38.01"
"3,98 : 50.09"
"3,99 : 30.68"
"4,0 : 28.16"
"4,1 : 29.07"
"4,2 : 32.0"
"4,3 : 29.07"
"4,4 : 0.0"
"4,5 : 26.91"
"4,6 : 15.26"
"4,7 : 40.25"
"4,8 : 46.87"
"4,9 : 7.21"
"4,10 : 41.88"
"4,11 : 51.4"
"4,12 : 57.49"
"4,13 : 19.1"
"4,14 : 58.52"
"4,15 : 42.19"
"4,16 : 34.21"
"4,17 : 43.29"
"4,18 : 60.0"
"4,19 : 42.58"
"4,20 : 65.25"
"4,21 : 32.98"
"4,22 : 63.63"
"4,23 : 34.21"
"4,24 : 35.17"
"4,25 : 39.6"
"4,26 : 41.34"
"4,27 : 18.03"
"4,28 : 51.55"
"4,29 : 22.09"
"4,30 : 31.14"
"4,31 : 31.38"
"4,32 : 56.08"
"4,33 : 42.43"
"4,34 : 68.1"
"4,35 : 51.66"
"4,36 : 30.61"
"4,37 : 33.02"
"4,38 : 27.66"
"4,39 : 33.38"
"4,40 : 32.76"
"4,41 : 31.89"
"4,42 : 26.25"
"4,43 : 64.62"
"4,44 : 53.04"
"4,45 : 60.01"
"4,46 : 35.36"
"4,47 : 61.61"
"4,48 : 25.08"
"4,49 : 59.67"
"4,50 : 59.93"
"4,51 : 44.42"
"4,52 : 30.07"
"4,53 : 18.44"
"4,54 : 43.93"
"4,55 : 30.08"
"4,56 : 38.47"
"4,57 : 65.86"
"4,58 : 50.61"
"4,59 : 31.26"
"4,60 : 43.91"
"4,61 : 45.28"
"4,62 : 47.42"
"4,63 : 55.58"
"4,64 : 31.95"
"4,65 : 35.9"
"4,66 : 34.53"
"4,67 : 48.84"
"4,68 : 30.23"
"4,69 : 9.9"
"4,70 : 42.01"
"4,71 : 61.07"
"4,72 : 44.78"
"4,73 : 45.34"
"4,74 : 42.45"
"4,75 : 59.21"
"4,76 : 50.04"
"4,77 : 48.66"
"4,78 : 30.89"
"4,79 : 55.95"
"4,80 : 25.63"
"4,81 : 41.23"
"4,82 : 53.08"
"4,83 : 56.04"
"4,84 : 51.31"
"4,85 : 33.94"
"4,86 : 24.19"
"4,87 : 57.27"
"4,88 : 50.61"
"4,89 : 33.0"
"4,90 : 66.03"
"4,91 : 60.83"
"4,92 : 43.08"
"4,93 : 53.15"
"4,94 : 30.81"
"4,95 : 50.61"
"4,96 : 58.08"
"4,97 : 24.08"
"4,98 : 21.02"
"4,99 : 47.43"
"5,0 : 15.0"
"5,1 : 55.87"
"5,2 : 53.85"
"5,3 : 52.92"
"5,4 : 26.91"
"5,5 : 0.0"
"5,6 : 42.01"
"5,7 : 42.05"
"5,8 : 30.08"
"5,9 : 19.8"
"5,10 : 15.81"
"5,11 : 24.7"
"5,12 : 82.08"
"5,13 : 41.15"
"5,14 : 60.54"
"5,15 : 63.56"
"5,16 : 7.62"
"5,17 : 35.36"
"5,18 : 34.0"
"5,19 : 27.29"
"5,20 : 45.1"
"5,21 : 31.3"
"5,22 : 63.82"
"5,23 : 47.1"
"5,24 : 54.74"
"5,25 : 49.03"
"5,26 : 42.72"
"5,27 : 41.68"
"5,28 : 31.26"
"5,29 : 43.86"
"5,30 : 55.15"
"5,31 : 56.86"
"5,32 : 81.88"
"5,33 : 51.42"
"5,34 : 67.8"
"5,35 : 76.56"
"5,36 : 37.22"
"5,37 : 59.55"
"5,38 : 52.77"
"5,39 : 54.57"
"5,40 : 48.01"
"5,41 : 6.08"
"5,42 : 11.18"
"5,43 : 42.19"
"5,44 : 41.34"
"5,45 : 46.1"
"5,46 : 11.05"
"5,47 : 64.5"
"5,48 : 23.09"
"5,49 : 52.5"
"5,50 : 36.5"
"5,51 : 58.22"
"5,52 : 52.5"
"5,53 : 14.14"
"5,54 : 51.79"
"5,55 : 55.47"
"5,56 : 16.12"
"5,57 : 65.8"
"5,58 : 51.97"
"5,59 : 51.55"
"5,60 : 20.1"
"5,61 : 54.57"
"5,62 : 23.09"
"5,63 : 79.38"
"5,64 : 57.8"
"5,65 : 20.81"
"5,66 : 21.26"
"5,67 : 75.66"
"5,68 : 35.36"
"5,69 : 17.03"
"5,70 : 16.16"
"5,71 : 46.24"
"5,72 : 46.96"
"5,73 : 18.87"
"5,74 : 49.82"
"5,75 : 43.66"
"5,76 : 72.8"
"5,77 : 72.8"
"5,78 : 10.3"
"5,79 : 33.14"
"5,80 : 27.29"
"5,81 : 21.54"
"5,82 : 57.25"
"5,83 : 82.8"
"5,84 : 25.08"
"5,85 : 42.19"
"5,86 : 48.75"
"5,87 : 49.68"
"5,88 : 26.48"
"5,89 : 22.2"
"5,90 : 68.26"
"5,91 : 60.0"
"5,92 : 22.36"
"5,93 : 77.62"
"5,94 : 14.87"
"5,95 : 61.39"
"5,96 : 43.46"
"5,97 : 45.69"
"5,98 : 17.03"
"5,99 : 59.68"
"6,0 : 40.82"
"6,1 : 15.23"
"6,2 : 27.29"
"6,3 : 17.09"
"6,4 : 15.26"
"6,5 : 42.01"
"6,6 : 0.0"
"6,7 : 44.28"
"6,8 : 58.31"
"6,9 : 22.47"
"6,10 : 57.14"
"6,11 : 66.61"
"6,12 : 43.29"
"6,13 : 18.6"
"6,14 : 60.08"
"6,15 : 31.38"
"6,16 : 49.41"
"6,17 : 51.62"
"6,18 : 74.41"
"6,19 : 53.85"
"6,20 : 77.08"
"6,21 : 40.31"
"6,22 : 65.8"
"6,23 : 32.2"
"6,24 : 27.02"
"6,25 : 39.0"
"6,26 : 50.0"
"6,27 : 15.62"
"6,28 : 63.95"
"6,29 : 20.52"
"6,30 : 18.68"
"6,31 : 21.02"
"6,32 : 41.11"
"6,33 : 41.63"
"6,34 : 70.21"
"6,35 : 37.34"
"6,36 : 38.6"
"6,37 : 19.92"
"6,38 : 14.14"
"6,39 : 23.85"
"6,40 : 29.15"
"6,41 : 46.69"
"6,42 : 41.23"
"6,43 : 77.41"
"6,44 : 61.98"
"6,45 : 69.43"
"6,46 : 50.61"
"6,47 : 62.39"
"6,48 : 34.79"
"6,49 : 66.01"
"6,50 : 73.25"
"6,51 : 39.82"
"6,52 : 19.72"
"6,53 : 33.24"
"6,54 : 48.88"
"6,55 : 16.0"
"6,56 : 52.2"
"6,57 : 68.01"
"6,58 : 53.37"
"6,59 : 28.6"
"6,60 : 57.8"
"6,61 : 43.83"
"6,62 : 62.61"
"6,63 : 42.0"
"6,64 : 17.26"
"6,65 : 47.85"
"6,66 : 46.1"
"6,67 : 34.41"
"6,68 : 39.05"
"6,69 : 25.0"
"6,70 : 56.59"
"6,71 : 70.83"
"6,72 : 47.85"
"6,73 : 60.11"
"6,74 : 47.89"
"6,75 : 69.38"
"6,76 : 37.48"
"6,77 : 35.0"
"6,78 : 44.82"
"6,79 : 69.12"
"6,80 : 37.01"
"6,81 : 55.97"
"6,82 : 59.06"
"6,83 : 40.8"
"6,84 : 66.57"
"6,85 : 40.31"
"6,86 : 12.08"
"6,87 : 64.01"
"6,88 : 64.4"
"6,89 : 46.69"
"6,90 : 66.85"
"6,91 : 63.79"
"6,92 : 56.08"
"6,93 : 39.12"
"6,94 : 45.54"
"6,95 : 47.43"
"6,96 : 67.91"
"6,97 : 21.93"
"6,98 : 35.17"
"6,99 : 43.6"
"7,0 : 27.51"
"7,1 : 58.01"
"7,2 : 70.34"
"7,3 : 39.56"
"7,4 : 40.25"
"7,5 : 42.05"
"7,6 : 44.28"
"7,7 : 0.0"
"7,8 : 28.79"
"7,9 : 40.0"
"7,10 : 54.57"
"7,11 : 59.21"
"7,12 : 62.01"
"7,13 : 58.52"
"7,14 : 19.1"
"7,15 : 40.0"
"7,16 : 47.43"
"7,17 : 14.76"
"7,18 : 55.32"
"7,19 : 25.71"
"7,20 : 44.2"
"7,21 : 10.77"
"7,22 : 23.6"
"7,23 : 17.49"
"7,24 : 31.38"
"7,25 : 12.81"
"7,26 : 78.57"
"7,27 : 56.61"
"7,28 : 36.4"
"7,29 : 61.35"
"7,30 : 41.11"
"7,31 : 65.28"
"7,32 : 66.37"
"7,33 : 13.42"
"7,34 : 28.02"
"7,35 : 58.52"
"7,36 : 69.2"
"7,37 : 63.01"
"7,38 : 42.95"
"7,39 : 34.44"
"7,40 : 21.47"
"7,41 : 40.8"
"7,42 : 51.31"
"7,43 : 48.37"
"7,44 : 23.35"
"7,45 : 30.61"
"7,46 : 52.55"
"7,47 : 22.8"
"7,48 : 19.42"
"7,49 : 22.36"
"7,50 : 47.54"
"7,51 : 23.85"
"7,52 : 36.06"
"7,53 : 48.17"
"7,54 : 83.49"
"7,55 : 45.35"
"7,56 : 36.06"
"7,57 : 25.81"
"7,58 : 10.63"
"7,59 : 70.52"
"7,60 : 40.05"
"7,61 : 15.81"
"7,62 : 63.06"
"7,63 : 57.49"
"7,64 : 48.51"
"7,65 : 26.02"
"7,66 : 24.08"
"7,67 : 73.55"
"7,68 : 68.25"
"7,69 : 38.29"
"7,70 : 44.1"
"7,71 : 32.65"
"7,72 : 5.0"
"7,73 : 48.04"
"7,74 : 81.84"
"7,75 : 32.53"
"7,76 : 49.68"
"7,77 : 53.25"
"7,78 : 34.21"
"7,79 : 43.66"
"7,80 : 61.55"
"7,81 : 63.56"
"7,82 : 91.83"
"7,83 : 73.54"
"7,84 : 61.52"
"7,85 : 73.24"
"7,86 : 39.46"
"7,87 : 20.88"
"7,88 : 43.74"
"7,89 : 62.43"
"7,90 : 26.91"
"7,91 : 20.59"
"7,92 : 34.23"
"7,93 : 58.01"
"7,94 : 56.08"
"7,95 : 22.56"
"7,96 : 30.41"
"7,97 : 63.25"
"7,98 : 52.4"
"7,99 : 22.85"
"8,0 : 19.03"
"8,1 : 73.54"
"8,2 : 78.52"
"8,3 : 61.22"
"8,4 : 46.87"
"8,5 : 30.08"
"8,6 : 58.31"
"8,7 : 28.79"
"8,8 : 0.0"
"8,9 : 42.11"
"8,10 : 34.71"
"8,11 : 35.34"
"8,12 : 87.78"
"8,13 : 65.38"
"8,14 : 41.11"
"8,15 : 66.07"
"8,16 : 30.81"
"8,17 : 14.32"
"8,18 : 27.07"
"8,19 : 4.47"
"8,20 : 18.79"
"8,21 : 22.02"
"8,22 : 41.98"
"8,23 : 43.83"
"8,24 : 56.73"
"8,25 : 41.15"
"8,26 : 72.8"
"8,27 : 64.78"
"8,28 : 7.62"
"8,29 : 68.36"
"8,30 : 63.25"
"8,31 : 77.88"
"8,32 : 90.61"
"8,33 : 42.15"
"8,34 : 44.92"
"8,35 : 83.44"
"8,36 : 66.71"
"8,37 : 78.19"
"8,38 : 63.25"
"8,39 : 58.69"
"8,40 : 47.01"
"8,41 : 25.06"
"8,42 : 41.23"
"8,43 : 20.52"
"8,44 : 13.04"
"8,45 : 16.12"
"8,46 : 36.4"
"8,47 : 45.18"
"8,48 : 23.71"
"8,49 : 25.94"
"8,50 : 18.79"
"8,51 : 52.33"
"8,52 : 58.8"
"8,53 : 42.95"
"8,54 : 81.49"
"8,55 : 66.03"
"8,56 : 15.0"
"8,57 : 43.42"
"8,58 : 34.06"
"8,59 : 77.16"
"8,60 : 15.26"
"8,61 : 44.6"
"8,62 : 42.8"
"8,63 : 83.74"
"8,64 : 69.07"
"8,65 : 11.05"
"8,66 : 12.37"
"8,67 : 92.13"
"8,68 : 65.0"
"8,69 : 39.05"
"8,70 : 21.4"
"8,71 : 16.16"
"8,72 : 31.78"
"8,73 : 24.19"
"8,74 : 79.56"
"8,75 : 13.6"
"8,76 : 76.06"
"8,77 : 78.52"
"8,78 : 19.92"
"8,79 : 14.87"
"8,80 : 57.01"
"8,81 : 47.51"
"8,82 : 87.32"
"8,83 : 95.44"
"8,84 : 38.47"
"8,85 : 71.59"
"8,86 : 59.08"
"8,87 : 23.26"
"8,88 : 16.12"
"8,89 : 51.88"
"8,90 : 47.68"
"8,91 : 37.85"
"8,92 : 9.22"
"8,93 : 83.49"
"8,94 : 44.29"
"8,95 : 51.24"
"8,96 : 13.42"
"8,97 : 70.35"
"8,98 : 46.57"
"8,99 : 51.62"
"9,0 : 23.09"
"9,1 : 36.07"
"9,2 : 36.5"
"9,3 : 35.51"
"9,4 : 7.21"
"9,5 : 19.8"
"9,6 : 22.47"
"9,7 : 40.0"
"9,8 : 42.11"
"9,9 : 0.0"
"9,10 : 34.67"
"9,11 : 44.2"
"9,12 : 64.29"
"9,13 : 23.35"
"9,14 : 58.9"
"9,15 : 48.0"
"9,16 : 27.02"
"9,17 : 40.52"
"9,18 : 53.25"
"9,19 : 38.01"
"9,20 : 60.02"
"9,21 : 31.3"
"9,22 : 63.6"
"9,23 : 37.12"
"9,24 : 40.31"
"9,25 : 41.62"
"9,26 : 38.95"
"9,27 : 23.09"
"9,28 : 46.1"
"9,29 : 26.31"
"9,30 : 37.66"
"9,31 : 37.59"
"9,32 : 63.16"
"9,33 : 44.41"
"9,34 : 68.01"
"9,35 : 58.52"
"9,36 : 29.21"
"9,37 : 39.82"
"9,38 : 34.48"
"9,39 : 39.01"
"9,40 : 36.4"
"9,41 : 25.0"
"9,42 : 19.42"
"9,43 : 58.82"
"9,44 : 49.65"
"9,45 : 56.22"
"9,46 : 28.18"
"9,47 : 62.29"
"9,48 : 22.47"
"9,49 : 57.58"
"9,50 : 53.85"
"9,51 : 47.93"
"9,52 : 36.06"
"9,53 : 12.0"
"9,54 : 43.57"
"9,55 : 37.0"
"9,56 : 32.31"
"9,57 : 65.8"
"9,58 : 50.61"
"9,59 : 35.06"
"9,60 : 37.58"
"9,61 : 47.43"
"9,62 : 40.31"
"9,63 : 62.17"
"9,64 : 39.0"
"9,65 : 31.06"
"9,66 : 30.0"
"9,67 : 55.87"
"9,68 : 28.32"
"9,69 : 3.16"
"9,70 : 35.23"
"9,71 : 57.08"
"9,72 : 44.82"
"9,73 : 38.42"
"9,74 : 41.88"
"9,75 : 55.01"
"9,76 : 56.32"
"9,77 : 55.32"
"9,78 : 24.7"
"9,79 : 49.98"
"9,80 : 22.2"
"9,81 : 34.53"
"9,82 : 51.86"
"9,83 : 63.25"
"9,84 : 44.1"
"9,85 : 33.29"
"9,86 : 30.81"
"9,87 : 55.03"
"9,88 : 44.28"
"9,89 : 27.29"
"9,90 : 66.6"
"9,91 : 60.46"
"9,92 : 37.36"
"9,93 : 59.91"
"9,94 : 24.19"
"9,95 : 53.34"
"9,96 : 54.08"
"9,97 : 28.28"
"9,98 : 15.3"
"9,99 : 50.54"
"10,0 : 27.29"
"10,1 : 70.29"
"10,2 : 65.19"
"10,3 : 68.71"
"10,4 : 41.88"
"10,5 : 15.81"
"10,6 : 57.14"
"10,7 : 54.57"
"10,8 : 34.71"
"10,9 : 34.67"
"10,10 : 0.0"
"10,11 : 10.0"
"10,12 : 97.86"
"10,13 : 53.41"
"10,14 : 71.87"
"10,15 : 79.31"
"10,16 : 8.25"
"10,17 : 44.72"
"10,18 : 25.02"
"10,19 : 33.84"
"10,20 : 43.86"
"10,21 : 43.93"
"10,22 : 74.25"
"10,23 : 62.03"
"10,24 : 70.41"
"10,25 : 63.2"
"10,26 : 45.0"
"10,27 : 54.56"
"10,28 : 32.2"
"10,29 : 55.8"
"10,30 : 70.94"
"10,31 : 70.09"
"10,32 : 97.49"
"10,33 : 65.38"
"10,34 : 77.83"
"10,35 : 92.31"
"10,36 : 43.42"
"10,37 : 73.59"
"10,38 : 68.45"
"10,39 : 70.34"
"10,40 : 63.29"
"10,41 : 14.04"
"10,42 : 18.03"
"10,43 : 38.6"
"10,44 : 47.63"
"10,45 : 50.25"
"10,46 : 7.21"
"10,47 : 75.96"
"10,48 : 37.05"
"10,49 : 60.22"
"10,50 : 32.28"
"10,51 : 73.0"
"10,52 : 68.31"
"10,53 : 25.5"
"10,54 : 56.32"
"10,55 : 71.11"
"10,56 : 20.25"
"10,57 : 76.03"
"10,58 : 63.57"
"10,59 : 62.27"
"10,60 : 19.85"
"10,61 : 68.47"
"10,62 : 8.54"
"10,63 : 95.19"
"10,64 : 73.36"
"10,65 : 29.55"
"10,66 : 31.02"
"10,67 : 90.03"
"10,68 : 41.23"
"10,69 : 32.25"
"10,70 : 13.45"
"10,71 : 49.68"
"10,72 : 59.2"
"10,73 : 12.08"
"10,74 : 54.33"
"10,75 : 46.86"
"10,76 : 88.6"
"10,77 : 88.6"
"10,78 : 20.4"
"10,79 : 30.46"
"10,80 : 33.84"
"10,81 : 13.93"
"10,82 : 59.14"
"10,83 : 97.91"
"10,84 : 9.43"
"10,85 : 48.27"
"10,86 : 64.47"
"10,87 : 57.43"
"10,88 : 23.26"
"10,89 : 23.09"
"10,90 : 79.31"
"10,91 : 70.21"
"10,92 : 25.5"
"10,93 : 93.41"
"10,94 : 16.76"
"10,95 : 75.43"
"10,96 : 47.42"
"10,97 : 57.43"
"10,98 : 26.08"
"10,99 : 74.11"
"11,0 : 33.24"
"11,1 : 80.06"
"11,2 : 75.17"
"11,3 : 77.39"
"11,4 : 51.4"
"11,5 : 24.7"
"11,6 : 66.61"
"11,7 : 59.21"
"11,8 : 35.34"
"11,9 : 44.2"
"11,10 : 10.0"
"11,11 : 0.0"
"11,12 : 106.51"
"11,13 : 63.41"
"11,14 : 75.19"
"11,15 : 87.28"
"11,16 : 17.2"
"11,17 : 47.54"
"11,18 : 17.72"
"11,19 : 35.74"
"11,20 : 40.0"
"11,21 : 49.01"
"11,22 : 76.84"
"11,23 : 68.73"
"11,24 : 78.16"
"11,25 : 69.07"
"11,26 : 53.34"
"11,27 : 64.54"
"11,28 : 30.81"
"11,29 : 65.8"
"11,30 : 79.62"
"11,31 : 80.06"
"11,32 : 106.55"
"11,33 : 71.01"
"11,34 : 80.06"
"11,35 : 101.08"
"11,36 : 52.81"
"11,37 : 83.45"
"11,38 : 77.41"
"11,39 : 78.43"
"11,40 : 70.41"
"11,41 : 21.19"
"11,42 : 28.02"
"11,43 : 33.62"
"11,44 : 48.3"
"11,45 : 49.41"
"11,46 : 17.2"
"11,47 : 79.31"
"11,48 : 43.42"
"11,49 : 61.27"
"11,50 : 27.46"
"11,51 : 79.4"
"11,52 : 76.69"
"11,53 : 35.47"
"11,54 : 65.12"
"11,55 : 80.13"
"11,56 : 23.19"
"11,57 : 78.43"
"11,58 : 67.27"
"11,59 : 72.2"
"11,60 : 20.25"
"11,61 : 74.0"
"11,62 : 11.18"
"11,63 : 103.62"
"11,64 : 82.49"
"11,65 : 33.24"
"11,66 : 35.13"
"11,67 : 99.82"
"11,68 : 50.6"
"11,69 : 41.62"
"11,70 : 15.13"
"11,71 : 48.41"
"11,72 : 63.51"
"11,73 : 11.4"
"11,74 : 63.15"
"11,75 : 45.61"
"11,76 : 96.8"
"11,77 : 97.17"
"11,78 : 26.31"
"11,79 : 26.91"
"11,80 : 43.46"
"11,81 : 21.02"
"11,82 : 67.03"
"11,83 : 107.42"
"11,84 : 3.61"
"11,85 : 57.57"
"11,86 : 73.36"
"11,87 : 58.6"
"11,88 : 20.62"
"11,89 : 32.02"
"11,90 : 82.28"
"11,91 : 72.73"
"11,92 : 26.57"
"11,93 : 102.04"
"11,94 : 26.4"
"11,95 : 81.0"
"11,96 : 46.62"
"11,97 : 67.42"
"11,98 : 36.06"
"11,99 : 80.1"
"12,0 : 75.47"
"12,1 : 38.08"
"12,2 : 59.14"
"12,3 : 29.15"
"12,4 : 57.49"
"12,5 : 82.08"
"12,6 : 43.29"
"12,7 : 62.01"
"12,8 : 87.78"
"12,9 : 64.29"
"12,10 : 97.86"
"12,11 : 106.51"
"12,12 : 0.0"
"12,13 : 58.31"
"12,14 : 66.48"
"12,15 : 22.02"
"12,16 : 89.69"
"12,17 : 75.74"
"12,18 : 110.39"
"12,19 : 83.63"
"12,20 : 105.38"
"12,21 : 65.8"
"12,22 : 72.11"
"12,23 : 44.69"
"12,24 : 31.11"
"12,25 : 49.65"
"12,26 : 91.44"
"12,27 : 55.23"
"12,28 : 95.02"
"12,29 : 58.69"
"12,30 : 26.93"
"12,31 : 46.82"
"12,32 : 8.94"
"12,33 : 50.25"
"12,34 : 75.29"
"12,35 : 6.0"
"12,36 : 80.22"
"12,37 : 39.56"
"12,38 : 29.83"
"12,39 : 29.21"
"12,40 : 41.04"
"12,41 : 85.43"
"12,42 : 83.68"
"12,43 : 108.3"
"12,44 : 85.28"
"12,45 : 92.62"
"12,46 : 92.03"
"12,47 : 66.1"
"12,48 : 66.03"
"12,49 : 82.49"
"12,50 : 105.89"
"12,51 : 40.25"
"12,52 : 30.02"
"12,53 : 75.93"
"12,54 : 87.32"
"12,55 : 27.46"
"12,56 : 87.66"
"12,57 : 73.68"
"12,58 : 64.88"
"12,59 : 62.64"
"12,60 : 93.19"
"12,61 : 49.65"
"12,62 : 104.36"
"12,63 : 5.1"
"12,64 : 26.08"
"12,65 : 80.0"
"12,66 : 77.8"
"12,67 : 32.53"
"12,68 : 81.1"
"12,69 : 66.1"
"12,70 : 94.02"
"12,71 : 94.64"
"12,72 : 62.13"
"12,73 : 98.01"
"12,74 : 86.88"
"12,75 : 94.37"
"12,76 : 12.53"
"12,77 : 9.43"
"12,78 : 81.49"
"12,79 : 101.67"
"12,80 : 80.1"
"12,81 : 98.72"
"12,82 : 97.74"
"12,83 : 21.47"
"12,84 : 107.15"
"12,85 : 80.75"
"12,86 : 33.53"
"12,87 : 81.84"
"12,88 : 99.05"
"12,89 : 89.94"
"12,90 : 69.38"
"12,91 : 72.62"
"12,92 : 89.4"
"12,93 : 4.47"
"12,94 : 88.29"
"12,95 : 46.82"
"12,96 : 92.31"
"12,97 : 59.03"
"12,98 : 78.26"
"12,99 : 43.46"
"13,0 : 46.39"
"13,1 : 21.21"
"13,2 : 13.15"
"13,3 : 35.36"
"13,4 : 19.1"
"13,5 : 41.15"
"13,6 : 18.6"
"13,7 : 58.52"
"13,8 : 65.38"
"13,9 : 23.35"
"13,10 : 53.41"
"13,11 : 63.41"
"13,12 : 58.31"
"13,13 : 0.0"
"13,14 : 76.03"
"13,15 : 49.65"
"13,16 : 47.17"
"13,17 : 62.39"
"13,18 : 75.13"
"13,19 : 61.2"
"13,20 : 83.36"
"13,21 : 51.97"
"13,22 : 81.44"
"13,23 : 49.41"
"13,24 : 45.61"
"13,25 : 55.76"
"13,26 : 33.14"
"13,27 : 3.16"
"13,28 : 69.43"
"13,29 : 3.0"
"13,30 : 36.67"
"13,31 : 17.2"
"13,32 : 54.04"
"13,33 : 58.52"
"13,34 : 85.91"
"13,35 : 52.35"
"13,36 : 22.0"
"13,37 : 22.47"
"13,38 : 31.78"
"13,39 : 42.44"
"13,40 : 46.86"
"13,41 : 47.01"
"13,42 : 35.47"
"13,43 : 82.01"
"13,44 : 72.11"
"13,45 : 79.01"
"13,46 : 46.23"
"13,47 : 78.77"
"13,48 : 44.18"
"13,49 : 78.64"
"13,50 : 76.84"
"13,51 : 58.0"
"13,52 : 38.28"
"13,53 : 28.02"
"13,54 : 30.41"
"13,55 : 32.89"
"13,56 : 55.36"
"13,57 : 83.67"
"13,58 : 68.54"
"13,59 : 12.17"
"13,60 : 60.41"
"13,61 : 61.03"
"13,62 : 56.59"
"13,63 : 58.05"
"13,64 : 32.98"
"13,65 : 54.33"
"13,66 : 53.15"
"13,67 : 38.91"
"13,68 : 23.09"
"13,69 : 26.48"
"13,70 : 57.27"
"13,71 : 80.01"
"13,72 : 62.77"
"13,73 : 59.94"
"13,74 : 29.55"
"13,75 : 78.06"
"13,76 : 54.71"
"13,77 : 51.2"
"13,78 : 47.8"
"13,79 : 73.08"
"13,80 : 24.17"
"13,81 : 47.8"
"13,82 : 40.72"
"13,83 : 49.73"
"13,84 : 62.37"
"13,85 : 22.56"
"13,86 : 30.53"
"13,87 : 76.3"
"13,88 : 67.07"
"13,89 : 36.36"
"13,90 : 83.24"
"13,91 : 78.92"
"13,92 : 60.64"
"13,93 : 54.59"
"13,94 : 38.21"
"13,95 : 65.3"
"13,96 : 77.01"
"13,97 : 5.0"
"13,98 : 27.59"
"13,99 : 61.62"
"14,0 : 45.65"
"14,1 : 72.18"
"14,2 : 87.09"
"14,3 : 51.09"
"14,4 : 58.52"
"14,5 : 60.54"
"14,6 : 60.08"
"14,7 : 19.1"
"14,8 : 41.11"
"14,9 : 58.9"
"14,10 : 71.87"
"14,11 : 75.19"
"14,12 : 66.48"
"14,13 : 76.03"
"14,14 : 0.0"
"14,15 : 46.1"
"14,16 : 65.31"
"14,17 : 27.66"
"14,18 : 68.01"
"14,19 : 39.62"
"14,20 : 50.96"
"14,21 : 29.41"
"14,22 : 6.0"
"14,23 : 28.44"
"14,24 : 40.05"
"14,25 : 21.38"
"14,26 : 97.62"
"14,27 : 73.82"
"14,28 : 48.0"
"14,29 : 78.72"
"14,30 : 52.01"
"14,31 : 80.52"
"14,32 : 72.8"
"14,33 : 19.1"
"14,34 : 10.2"
"14,35 : 64.56"
"14,36 : 88.09"
"14,37 : 77.1"
"14,38 : 55.23"
"14,39 : 44.01"
"14,40 : 32.25"
"14,41 : 58.6"
"14,42 : 70.21"
"14,43 : 57.07"
"14,44 : 30.27"
"14,45 : 34.79"
"14,46 : 70.66"
"14,47 : 4.12"
"14,48 : 38.42"
"14,49 : 20.12"
"14,50 : 58.22"
"14,51 : 26.68"
"14,52 : 47.04"
"14,53 : 67.27"
"14,54 : 102.2"
"14,55 : 57.08"
"14,56 : 52.2"
"14,57 : 8.06"
"14,58 : 8.6"
"14,59 : 87.73"
"14,60 : 55.11"
"14,61 : 18.03"
"14,62 : 80.41"
"14,63 : 61.47"
"14,64 : 60.03"
"14,65 : 42.38"
"14,66 : 40.85"
"14,67 : 85.01"
"14,68 : 87.21"
"14,69 : 57.31"
"14,70 : 60.17"
"14,71 : 37.0"
"14,72 : 14.14"
"14,73 : 63.79"
"14,74 : 100.6"
"14,75 : 38.33"
"14,76 : 54.08"
"14,77 : 59.2"
"14,78 : 51.89"
"14,79 : 55.04"
"14,80 : 80.62"
"14,81 : 81.88"
"14,82 : 110.75"
"14,83 : 82.2"
"14,84 : 77.88"
"14,85 : 92.01"
"14,86 : 52.61"
"14,87 : 21.19"
"14,88 : 57.22"
"14,89 : 81.4"
"14,90 : 7.81"
"14,91 : 6.4"
"14,92 : 48.84"
"14,93 : 63.25"
"14,94 : 74.89"
"14,95 : 19.7"
"14,96 : 36.14"
"14,97 : 80.53"
"14,98 : 71.51"
"14,99 : 23.09"
"15,0 : 55.04"
"15,1 : 34.71"
"15,2 : 55.32"
"15,3 : 14.32"
"15,4 : 42.19"
"15,5 : 63.56"
"15,6 : 31.38"
"15,7 : 40.0"
"15,8 : 66.07"
"15,9 : 48.0"
"15,10 : 79.31"
"15,11 : 87.28"
"15,12 : 22.02"
"15,13 : 49.65"
"15,14 : 46.1"
"15,15 : 0.0"
"15,16 : 71.06"
"15,17 : 53.76"
"15,18 : 89.55"
"15,19 : 62.01"
"15,20 : 83.44"
"15,21 : 44.05"
"15,22 : 51.97"
"15,23 : 22.67"
"15,24 : 9.43"
"15,25 : 27.78"
"15,26 : 81.27"
"15,27 : 46.53"
"15,28 : 73.41"
"15,29 : 51.11"
"15,30 : 13.04"
"15,31 : 44.6"
"15,32 : 26.93"
"15,33 : 28.64"
"15,34 : 55.58"
"15,35 : 18.79"
"15,36 : 69.89"
"15,37 : 38.6"
"15,38 : 18.03"
"15,39 : 9.06"
"15,40 : 19.1"
"15,41 : 66.1"
"15,42 : 67.12"
"15,43 : 86.56"
"15,44 : 63.25"
"15,45 : 70.6"
"15,46 : 74.15"
"15,47 : 46.39"
"15,48 : 45.18"
"15,49 : 60.83"
"15,50 : 84.4"
"15,51 : 19.42"
"15,52 : 12.17"
"15,53 : 60.0"
"15,54 : 80.06"
"15,55 : 17.69"
"15,56 : 67.08"
"15,57 : 53.76"
"15,58 : 43.46"
"15,59 : 57.8"
"15,60 : 72.47"
"15,61 : 28.46"
"15,62 : 86.49"
"15,63 : 17.69"
"15,64 : 19.21"
"15,65 : 58.83"
"15,66 : 56.6"
"15,67 : 41.0"
"15,68 : 70.21"
"15,69 : 49.09"
"15,70 : 73.93"
"15,71 : 72.62"
"15,72 : 40.31"
"15,73 : 78.0"
"15,74 : 79.16"
"15,75 : 72.35"
"15,76 : 10.0"
"15,77 : 13.42"
"15,78 : 61.47"
"15,79 : 80.21"
"15,80 : 67.27"
"15,81 : 82.22"
"15,82 : 90.34"
"15,83 : 36.22"
"15,84 : 88.32"
"15,85 : 71.69"
"15,86 : 19.31"
"15,87 : 60.03"
"15,88 : 78.03"
"15,89 : 75.11"
"15,90 : 50.16"
"15,91 : 51.92"
"15,92 : 68.26"
"15,93 : 18.03"
"15,94 : 72.06"
"15,95 : 27.07"
"15,96 : 70.29"
"15,97 : 52.15"
"15,98 : 63.07"
"15,99 : 23.19"
"16,0 : 19.92"
"16,1 : 62.97"
"16,2 : 59.48"
"16,3 : 60.54"
"16,4 : 34.21"
"16,5 : 7.62"
"16,6 : 49.41"
"16,7 : 47.43"
"16,8 : 30.81"
"16,9 : 27.02"
"16,10 : 8.25"
"16,11 : 17.2"
"16,12 : 89.69"
"16,13 : 47.17"
"16,14 : 65.31"
"16,15 : 71.06"
"16,16 : 0.0"
"16,17 : 38.83"
"16,18 : 28.46"
"16,19 : 29.0"
"16,20 : 43.17"
"16,21 : 36.69"
"16,22 : 68.1"
"16,23 : 54.0"
"16,24 : 62.17"
"16,25 : 55.44"
"16,26 : 43.74"
"16,27 : 48.01"
"16,28 : 30.08"
"16,29 : 49.74"
"16,30 : 62.77"
"16,31 : 63.41"
"16,32 : 89.47"
"16,33 : 57.71"
"16,34 : 71.87"
"16,35 : 84.17"
"16,36 : 40.11"
"16,37 : 66.48"
"16,38 : 60.37"
"16,39 : 62.1"
"16,40 : 55.15"
"16,41 : 6.71"
"16,42 : 13.15"
"16,43 : 39.12"
"16,44 : 43.19"
"16,45 : 46.87"
"16,46 : 5.66"
"16,47 : 69.35"
"16,48 : 29.27"
"16,49 : 55.23"
"16,50 : 33.02"
"16,51 : 65.03"
"16,52 : 60.08"
"16,53 : 19.24"
"16,54 : 54.04"
"16,55 : 63.06"
"16,56 : 15.81"
"16,57 : 69.97"
"16,58 : 56.86"
"16,59 : 56.86"
"16,60 : 17.72"
"16,61 : 60.83"
"16,62 : 16.03"
"16,63 : 86.98"
"16,64 : 65.37"
"16,65 : 23.6"
"16,66 : 24.7"
"16,67 : 82.76"
"16,68 : 38.05"
"16,69 : 24.41"
"16,70 : 12.04"
"16,71 : 46.65"
"16,72 : 52.2"
"16,73 : 13.34"
"16,74 : 52.04"
"16,75 : 43.91"
"16,76 : 80.36"
"16,77 : 80.41"
"16,78 : 13.42"
"16,79 : 30.27"
"16,80 : 30.15"
"16,81 : 17.03"
"16,82 : 58.25"
"16,83 : 90.21"
"16,84 : 17.46"
"16,85 : 45.1"
"16,86 : 56.36"
"16,87 : 52.4"
"16,88 : 23.09"
"16,89 : 21.84"
"16,90 : 72.9"
"16,91 : 64.14"
"16,92 : 21.95"
"16,93 : 85.23"
"16,94 : 14.32"
"16,95 : 67.74"
"16,96 : 44.1"
"16,97 : 51.48"
"16,98 : 20.88"
"16,99 : 66.27"
"17,0 : 20.62"
"17,1 : 66.49"
"17,2 : 75.17"
"17,3 : 51.0"
"17,4 : 43.29"
"17,5 : 35.36"
"17,6 : 51.62"
"17,7 : 14.76"
"17,8 : 14.32"
"17,9 : 40.52"
"17,10 : 44.72"
"17,11 : 47.54"
"17,12 : 75.74"
"17,13 : 62.39"
"17,14 : 27.66"
"17,15 : 53.76"
"17,16 : 38.83"
"17,17 : 0.0"
"17,18 : 41.3"
"17,19 : 12.04"
"17,20 : 29.73"
"17,21 : 11.4"
"17,22 : 29.55"
"17,23 : 31.11"
"17,24 : 44.69"
"17,25 : 27.46"
"17,26 : 76.32"
"17,27 : 61.13"
"17,28 : 21.84"
"17,29 : 65.38"
"17,30 : 52.84"
"17,31 : 72.34"
"17,32 : 79.4"
"17,33 : 28.18"
"17,34 : 33.12"
"17,35 : 71.84"
"17,36 : 68.45"
"17,37 : 71.39"
"17,38 : 53.71"
"17,39 : 47.2"
"17,40 : 34.71"
"17,41 : 32.2"
"17,42 : 46.1"
"17,43 : 33.62"
"17,44 : 10.44"
"17,45 : 18.03"
"17,46 : 44.41"
"17,47 : 31.78"
"17,48 : 18.25"
"17,49 : 17.49"
"17,50 : 32.89"
"17,51 : 38.59"
"17,52 : 48.02"
"17,53 : 45.28"
"17,54 : 83.26"
"17,55 : 56.36"
"17,56 : 24.7"
"17,57 : 31.3"
"17,58 : 20.02"
"17,59 : 74.55"
"17,60 : 27.46"
"17,61 : 30.46"
"17,62 : 53.23"
"17,63 : 71.42"
"17,64 : 59.51"
"17,65 : 15.26"
"17,66 : 14.21"
"17,67 : 83.82"
"17,68 : 67.08"
"17,69 : 37.95"
"17,70 : 32.57"
"17,71 : 19.7"
"17,72 : 17.46"
"17,73 : 36.14"
"17,74 : 81.44"
"17,75 : 18.87"
"17,76 : 63.64"
"17,77 : 66.71"
"17,78 : 25.61"
"17,79 : 29.12"
"17,80 : 59.54"
"17,81 : 55.8"
"17,82 : 90.43"
"17,83 : 85.48"
"17,84 : 50.29"
"17,85 : 73.01"
"17,86 : 49.77"
"17,87 : 14.76"
"17,88 : 30.02"
"17,89 : 57.38"
"17,90 : 34.79"
"17,91 : 25.5"
"17,92 : 21.21"
"17,93 : 71.59"
"17,94 : 50.21"
"17,95 : 37.0"
"17,96 : 17.0"
"17,97 : 67.36"
"17,98 : 49.4"
"17,99 : 37.58"
"18,0 : 35.0"
"18,1 : 89.02"
"18,2 : 87.73"
"18,3 : 82.01"
"18,4 : 60.0"
"18,5 : 34.0"
"18,6 : 74.41"
"18,7 : 55.32"
"18,8 : 27.07"
"18,9 : 53.25"
"18,10 : 25.02"
"18,11 : 17.72"
"18,12 : 110.39"
"18,13 : 75.13"
"18,14 : 68.01"
"18,15 : 89.55"
"18,16 : 28.46"
"18,17 : 41.3"
"18,18 : 0.0"
"18,19 : 29.61"
"18,20 : 24.21"
"18,21 : 46.82"
"18,22 : 68.36"
"18,23 : 68.54"
"18,24 : 80.13"
"18,25 : 67.05"
"18,26 : 70.01"
"18,27 : 75.66"
"18,28 : 20.02"
"18,29 : 77.82"
"18,30 : 84.2"
"18,31 : 90.74"
"18,32 : 111.83"
"18,33 : 68.41"
"18,34 : 70.86"
"18,35 : 105.44"
"18,36 : 68.07"
"18,37 : 93.01"
"18,38 : 82.98"
"18,39 : 81.3"
"18,40 : 71.11"
"18,41 : 28.3"
"18,42 : 41.48"
"18,43 : 16.97"
"18,44 : 38.33"
"18,45 : 37.0"
"18,46 : 31.4"
"18,47 : 72.03"
"18,48 : 44.42"
"18,49 : 50.99"
"18,50 : 11.66"
"18,51 : 78.11"
"18,52 : 80.45"
"18,53 : 47.54"
"18,54 : 81.3"
"18,55 : 85.8"
"18,56 : 22.8"
"18,57 : 69.58"
"18,58 : 61.13"
"18,59 : 85.23"
"18,60 : 17.2"
"18,61 : 71.06"
"18,62 : 28.86"
"18,63 : 106.85"
"18,64 : 88.53"
"18,65 : 30.87"
"18,66 : 33.11"
"18,67 : 108.71"
"18,68 : 65.92"
"18,69 : 50.22"
"18,70 : 18.03"
"18,71 : 35.47"
"18,72 : 58.69"
"18,73 : 15.23"
"18,74 : 79.31"
"18,75 : 32.89"
"18,76 : 99.48"
"18,77 : 100.96"
"18,78 : 29.7"
"18,79 : 13.34"
"18,80 : 58.25"
"18,81 : 38.21"
"18,82 : 84.05"
"18,83 : 114.56"
"18,84 : 21.19"
"18,85 : 72.99"
"18,86 : 78.75"
"18,87 : 48.66"
"18,88 : 11.7"
"18,89 : 48.09"
"18,90 : 74.24"
"18,91 : 64.28"
"18,92 : 21.54"
"18,93 : 105.95"
"18,94 : 41.44"
"18,95 : 77.88"
"18,96 : 34.48"
"18,97 : 79.62"
"18,98 : 49.34"
"18,99 : 77.88"
"19,0 : 15.03"
"19,1 : 69.08"
"19,2 : 74.33"
"19,3 : 56.85"
"19,4 : 42.58"
"19,5 : 27.29"
"19,6 : 53.85"
"19,7 : 25.71"
"19,8 : 4.47"
"19,9 : 38.01"
"19,10 : 33.84"
"19,11 : 35.74"
"19,12 : 83.63"
"19,13 : 61.2"
"19,14 : 39.62"
"19,15 : 62.01"
"19,16 : 29.0"
"19,17 : 12.04"
"19,18 : 29.61"
"19,19 : 0.0"
"19,20 : 23.26"
"19,21 : 18.03"
"19,22 : 41.11"
"19,23 : 39.96"
"19,24 : 52.63"
"19,25 : 37.7"
"19,26 : 69.86"
"19,27 : 60.53"
"19,28 : 11.4"
"19,29 : 64.2"
"19,30 : 58.9"
"19,31 : 73.5"
"19,32 : 86.31"
"19,33 : 38.9"
"19,34 : 44.38"
"19,35 : 79.21"
"19,36 : 63.32"
"19,37 : 73.74"
"19,38 : 58.82"
"19,39 : 54.49"
"19,40 : 43.01"
"19,41 : 22.8"
"19,42 : 38.47"
"19,43 : 24.76"
"19,44 : 14.21"
"19,45 : 18.97"
"19,46 : 34.66"
"19,47 : 43.74"
"19,48 : 19.24"
"19,49 : 26.4"
"19,50 : 22.47"
"19,51 : 48.85"
"19,52 : 54.49"
"19,53 : 39.56"
"19,54 : 78.16"
"19,55 : 61.61"
"19,56 : 13.6"
"19,57 : 42.72"
"19,58 : 32.06"
"19,59 : 73.06"
"19,60 : 15.52"
"19,61 : 41.48"
"19,62 : 42.19"
"19,63 : 79.65"
"19,64 : 64.64"
"19,65 : 7.07"
"19,66 : 8.06"
"19,67 : 87.66"
"19,68 : 61.68"
"19,69 : 35.0"
"19,70 : 21.02"
"19,71 : 19.42"
"19,72 : 29.15"
"19,73 : 24.35"
"19,74 : 76.24"
"19,75 : 17.12"
"19,76 : 72.01"
"19,77 : 74.33"
"19,78 : 17.0"
"19,79 : 18.36"
"19,80 : 53.76"
"19,81 : 45.97"
"19,82 : 84.31"
"19,83 : 91.02"
"19,84 : 38.63"
"19,85 : 68.15"
"19,86 : 54.64"
"19,87 : 23.6"
"19,88 : 18.11"
"19,89 : 49.4"
"19,90 : 46.57"
"19,91 : 37.0"
"19,92 : 9.22"
"19,93 : 79.31"
"19,94 : 41.88"
"19,95 : 48.27"
"19,96 : 16.49"
"19,97 : 66.19"
"19,98 : 43.32"
"19,99 : 48.38"
"20,0 : 37.11"
"20,1 : 92.31"
"20,2 : 96.51"
"20,3 : 79.63"
"20,4 : 65.25"
"20,5 : 45.1"
"20,6 : 77.08"
"20,7 : 44.2"
"20,8 : 18.79"
"20,9 : 60.02"
"20,10 : 43.86"
"20,11 : 40.0"
"20,12 : 105.38"
"20,13 : 83.36"
"20,14 : 50.96"
"20,15 : 83.44"
"20,16 : 43.17"
"20,17 : 29.73"
"20,18 : 24.21"
"20,19 : 23.26"
"20,20 : 0.0"
"20,21 : 39.82"
"20,22 : 49.65"
"20,23 : 60.83"
"20,24 : 74.28"
"20,25 : 57.01"
"20,26 : 86.88"
"20,27 : 82.98"
"20,28 : 14.04"
"20,29 : 86.31"
"20,30 : 81.61"
"20,31 : 96.46"
"20,32 : 108.71"
"20,33 : 57.43"
"20,34 : 51.16"
"20,35 : 101.32"
"20,36 : 82.3"
"20,37 : 96.93"
"20,38 : 81.84"
"20,39 : 76.58"
"20,40 : 64.35"
"20,41 : 39.2"
"20,42 : 55.58"
"20,43 : 7.62"
"20,44 : 21.47"
"20,45 : 16.28"
"20,46 : 48.08"
"20,47 : 54.57"
"20,48 : 42.49"
"20,49 : 31.4"
"20,50 : 12.73"
"20,51 : 68.01"
"20,52 : 77.01"
"20,53 : 59.01"
"20,54 : 96.75"
"20,55 : 84.6"
"20,56 : 29.02"
"20,57 : 50.36"
"20,58 : 46.1"
"20,59 : 94.89"
"20,60 : 25.5"
"20,61 : 59.36"
"20,62 : 50.25"
"20,63 : 101.12"
"20,64 : 87.66"
"20,65 : 29.41"
"20,66 : 31.02"
"20,67 : 110.91"
"20,68 : 80.4"
"20,69 : 56.89"
"20,70 : 31.32"
"20,71 : 14.14"
"20,72 : 45.79"
"20,73 : 31.78"
"20,74 : 94.76"
"20,75 : 12.65"
"20,76 : 93.35"
"20,77 : 96.26"
"20,78 : 36.06"
"20,79 : 13.42"
"20,80 : 72.34"
"20,81 : 57.78"
"20,82 : 101.41"
"20,83 : 113.99"
"20,84 : 43.6"
"20,85 : 87.28"
"20,86 : 77.7"
"20,87 : 29.83"
"20,88 : 20.62"
"20,89 : 65.0"
"20,90 : 55.73"
"20,91 : 45.89"
"20,92 : 23.02"
"20,93 : 101.18"
"20,94 : 57.49"
"20,95 : 65.37"
"20,96 : 14.87"
"20,97 : 88.28"
"20,98 : 62.13"
"20,99 : 66.57"
"21,0 : 16.76"
"21,1 : 55.11"
"21,2 : 64.5"
"21,3 : 39.96"
"21,4 : 32.98"
"21,5 : 31.3"
"21,6 : 40.31"
"21,7 : 10.77"
"21,8 : 22.02"
"21,9 : 31.3"
"21,10 : 43.93"
"21,11 : 49.01"
"21,12 : 65.8"
"21,13 : 51.97"
"21,14 : 29.41"
"21,15 : 44.05"
"21,16 : 36.69"
"21,17 : 11.4"
"21,18 : 46.82"
"21,19 : 18.03"
"21,20 : 39.82"
"21,21 : 0.0"
"21,22 : 33.24"
"21,23 : 21.95"
"21,24 : 34.71"
"21,25 : 20.4"
"21,26 : 69.03"
"21,27 : 50.49"
"21,28 : 29.41"
"21,29 : 54.92"
"21,30 : 41.88"
"21,31 : 61.13"
"21,32 : 68.88"
"21,33 : 22.09"
"21,34 : 37.48"
"21,35 : 61.55"
"21,36 : 60.21"
"21,37 : 60.02"
"21,38 : 42.49"
"21,39 : 36.8"
"21,40 : 25.0"
"21,41 : 30.08"
"21,42 : 40.8"
"21,43 : 42.52"
"21,44 : 21.84"
"21,45 : 29.41"
"21,46 : 41.79"
"21,47 : 33.29"
"21,48 : 9.22"
"21,49 : 26.68"
"21,50 : 40.5"
"21,51 : 31.32"
"21,52 : 37.2"
"21,53 : 38.21"
"21,54 : 74.79"
"21,55 : 45.18"
"21,56 : 26.08"
"21,57 : 35.36"
"21,58 : 20.81"
"21,59 : 64.13"
"21,60 : 30.59"
"21,61 : 25.02"
"21,62 : 52.39"
"21,63 : 61.72"
"21,64 : 48.3"
"21,65 : 16.28"
"21,66 : 14.14"
"21,67 : 72.45"
"21,68 : 59.08"
"21,69 : 29.15"
"21,70 : 34.01"
"21,71 : 31.02"
"21,72 : 15.65"
"21,73 : 38.05"
"21,74 : 73.06"
"21,75 : 29.97"
"21,76 : 54.04"
"21,77 : 56.57"
"21,78 : 23.54"
"21,79 : 36.36"
"21,80 : 52.01"
"21,81 : 52.8"
"21,82 : 82.66"
"21,83 : 74.43"
"21,84 : 51.16"
"21,85 : 64.5"
"21,86 : 38.48"
"21,87 : 24.33"
"21,88 : 35.11"
"21,89 : 52.01"
"21,90 : 37.2"
"21,91 : 29.73"
"21,92 : 25.3"
"21,93 : 61.52"
"21,94 : 45.49"
"21,95 : 32.02"
"21,96 : 28.23"
"21,97 : 56.89"
"21,98 : 42.45"
"21,99 : 31.4"
"22,0 : 48.83"
"22,1 : 78.09"
"22,2 : 92.7"
"22,3 : 57.08"
"22,4 : 63.63"
"22,5 : 63.82"
"22,6 : 65.8"
"22,7 : 23.6"
"22,8 : 41.98"
"22,9 : 63.6"
"22,10 : 74.25"
"22,11 : 76.84"
"22,12 : 72.11"
"22,13 : 81.44"
"22,14 : 6.0"
"22,15 : 51.97"
"22,16 : 68.1"
"22,17 : 29.55"
"22,18 : 68.36"
"22,19 : 41.11"
"22,20 : 49.65"
"22,21 : 33.24"
"22,22 : 0.0"
"22,23 : 34.37"
"22,24 : 46.04"
"22,25 : 27.29"
"22,26 : 102.07"
"22,27 : 79.31"
"22,28 : 48.37"
"22,29 : 84.17"
"22,30 : 58.01"
"22,31 : 86.35"
"22,32 : 78.59"
"22,33 : 25.08"
"22,34 : 4.47"
"22,35 : 70.34"
"22,36 : 92.8"
"22,37 : 83.02"
"22,38 : 61.2"
"22,39 : 50.01"
"22,40 : 38.21"
"22,41 : 61.4"
"22,42 : 73.88"
"22,43 : 56.22"
"22,44 : 30.07"
"22,45 : 33.38"
"22,46 : 73.57"
"22,47 : 6.4"
"22,48 : 42.43"
"22,49 : 18.25"
"22,50 : 58.01"
"22,51 : 32.56"
"22,52 : 53.04"
"22,53 : 71.42"
"22,54 : 107.07"
"22,55 : 63.07"
"22,56 : 54.23"
"22,57 : 2.24"
"22,58 : 13.04"
"22,59 : 93.23"
"22,60 : 56.61"
"22,61 : 24.02"
"22,62 : 82.76"
"22,63 : 67.07"
"22,64 : 66.03"
"22,65 : 44.72"
"22,66 : 43.42"
"22,67 : 91.01"
"22,68 : 91.83"
"22,69 : 61.85"
"22,70 : 62.03"
"22,71 : 35.51"
"22,72 : 18.87"
"22,73 : 65.46"
"22,74 : 105.44"
"22,75 : 37.22"
"22,76 : 59.77"
"22,77 : 65.0"
"22,78 : 54.71"
"22,79 : 55.15"
"22,80 : 85.04"
"22,81 : 84.91"
"22,82 : 115.42"
"22,83 : 88.12"
"22,84 : 79.71"
"22,85 : 96.83"
"22,86 : 58.55"
"22,87 : 20.02"
"22,88 : 58.05"
"22,89 : 85.15"
"22,90 : 6.08"
"22,91 : 4.12"
"22,92 : 50.29"
"22,93 : 68.96"
"22,94 : 78.41"
"22,95 : 25.3"
"22,96 : 35.13"
"22,97 : 86.01"
"22,98 : 75.66"
"22,99 : 28.86"
"23,0 : 35.51"
"23,1 : 43.74"
"23,2 : 59.48"
"23,3 : 23.09"
"23,4 : 34.21"
"23,5 : 47.1"
"23,6 : 32.2"
"23,7 : 17.49"
"23,8 : 43.83"
"23,9 : 37.12"
"23,10 : 62.03"
"23,11 : 68.73"
"23,12 : 44.69"
"23,13 : 49.41"
"23,14 : 28.44"
"23,15 : 22.67"
"23,16 : 54.0"
"23,17 : 31.11"
"23,18 : 68.54"
"23,19 : 39.96"
"23,20 : 60.83"
"23,21 : 21.95"
"23,22 : 34.37"
"23,23 : 0.0"
"23,24 : 13.89"
"23,25 : 7.07"
"23,26 : 75.45"
"23,27 : 46.87"
"23,28 : 51.31"
"23,29 : 51.87"
"23,30 : 24.33"
"23,31 : 52.2"
"23,32 : 48.88"
"23,33 : 9.49"
"23,34 : 38.64"
"23,35 : 41.05"
"23,36 : 64.82"
"23,37 : 48.66"
"23,38 : 27.0"
"23,39 : 17.09"
"23,40 : 4.12"
"23,41 : 48.09"
"23,42 : 53.6"
"23,43 : 64.2"
"23,44 : 40.61"
"23,45 : 48.01"
"23,46 : 58.14"
"23,47 : 30.36"
"23,48 : 25.32"
"23,49 : 39.22"
"23,50 : 62.43"
"23,51 : 11.18"
"23,52 : 19.24"
"23,53 : 48.1"
"23,54 : 77.79"
"23,55 : 29.07"
"23,56 : 46.84"
"23,57 : 36.5"
"23,58 : 23.09"
"23,59 : 60.54"
"23,60 : 51.87"
"23,61 : 11.66"
"23,62 : 70.01"
"23,63 : 40.31"
"23,64 : 32.14"
"23,65 : 37.7"
"23,66 : 35.47"
"23,67 : 57.31"
"23,68 : 64.4"
"23,69 : 36.77"
"23,70 : 54.34"
"23,71 : 50.0"
"23,72 : 18.68"
"23,73 : 58.46"
"23,74 : 76.42"
"23,75 : 49.68"
"23,76 : 32.53"
"23,77 : 35.81"
"23,78 : 42.43"
"23,79 : 58.31"
"23,80 : 59.17"
"23,81 : 67.9"
"23,82 : 87.21"
"23,83 : 56.3"
"23,84 : 70.35"
"23,85 : 68.01"
"23,86 : 24.19"
"23,87 : 38.08"
"23,88 : 56.86"
"23,89 : 63.57"
"23,90 : 34.79"
"23,91 : 33.02"
"23,92 : 47.01"
"23,93 : 40.61"
"23,94 : 58.69"
"23,95 : 16.4"
"23,96 : 47.63"
"23,97 : 53.54"
"23,98 : 52.0"
"23,99 : 13.42"
"24,0 : 45.69"
"24,1 : 34.44"
"24,2 : 53.26"
"24,3 : 12.08"
"24,4 : 35.17"
"24,5 : 54.74"
"24,6 : 27.02"
"24,7 : 31.38"
"24,8 : 56.73"
"24,9 : 40.31"
"24,10 : 70.41"
"24,11 : 78.16"
"24,12 : 31.11"
"24,13 : 45.61"
"24,14 : 40.05"
"24,15 : 9.43"
"24,16 : 62.17"
"24,17 : 44.69"
"24,18 : 80.13"
"24,19 : 52.63"
"24,20 : 74.28"
"24,21 : 34.71"
"24,22 : 46.04"
"24,23 : 13.89"
"24,24 : 0.0"
"24,25 : 19.92"
"24,26 : 75.64"
"24,27 : 42.64"
"24,28 : 64.03"
"24,29 : 47.51"
"24,30 : 12.37"
"24,31 : 43.91"
"24,32 : 34.99"
"24,33 : 21.38"
"24,34 : 50.0"
"24,35 : 27.2"
"24,36 : 64.4"
"24,37 : 39.0"
"24,38 : 16.55"
"24,39 : 4.12"
"24,40 : 10.0"
"24,41 : 57.01"
"24,42 : 59.01"
"24,43 : 77.23"
"24,44 : 54.41"
"24,45 : 61.85"
"24,46 : 65.49"
"24,47 : 41.05"
"24,48 : 35.78"
"24,49 : 52.92"
"24,50 : 75.0"
"24,51 : 14.56"
"24,52 : 8.06"
"24,53 : 52.24"
"24,54 : 75.72"
"24,55 : 17.72"
"24,56 : 57.7"
"24,57 : 48.01"
"24,58 : 36.14"
"24,59 : 55.17"
"24,60 : 63.06"
"24,61 : 22.02"
"24,62 : 77.78"
"24,63 : 27.02"
"24,64 : 20.4"
"24,65 : 49.4"
"24,66 : 47.17"
"24,67 : 45.01"
"24,68 : 64.47"
"24,69 : 41.05"
"24,70 : 64.62"
"24,71 : 63.82"
"24,72 : 32.31"
"24,73 : 68.71"
"24,74 : 74.63"
"24,75 : 63.41"
"24,76 : 19.42"
"24,77 : 22.02"
"24,78 : 52.2"
"24,79 : 70.8"
"24,80 : 60.73"
"24,81 : 74.01"
"24,82 : 85.76"
"24,83 : 42.72"
"24,84 : 79.31"
"24,85 : 66.73"
"24,86 : 15.62"
"24,87 : 51.89"
"24,88 : 68.6"
"24,89 : 67.6"
"24,90 : 45.18"
"24,91 : 45.4"
"24,92 : 58.83"
"24,93 : 26.91"
"24,94 : 64.03"
"24,95 : 22.8"
"24,96 : 61.4"
"24,97 : 48.84"
"24,98 : 55.58"
"24,99 : 18.68"
"25,0 : 36.01"
"25,1 : 50.8"
"25,2 : 66.21"
"25,3 : 30.02"
"25,4 : 39.6"
"25,5 : 49.03"
"25,6 : 39.0"
"25,7 : 12.81"
"25,8 : 41.15"
"25,9 : 41.62"
"25,10 : 63.2"
"25,11 : 69.07"
"25,12 : 49.65"
"25,13 : 55.76"
"25,14 : 21.38"
"25,15 : 27.78"
"25,16 : 55.44"
"25,17 : 27.46"
"25,18 : 67.05"
"25,19 : 37.7"
"25,20 : 57.01"
"25,21 : 20.4"
"25,22 : 27.29"
"25,23 : 7.07"
"25,24 : 19.92"
"25,25 : 0.0"
"25,26 : 80.43"
"25,27 : 53.34"
"25,28 : 48.75"
"25,29 : 58.31"
"25,30 : 31.14"
"25,31 : 59.2"
"25,32 : 54.56"
"25,33 : 2.83"
"25,34 : 31.58"
"25,35 : 46.53"
"25,36 : 70.09"
"25,37 : 55.73"
"25,38 : 34.01"
"25,39 : 23.54"
"25,40 : 11.0"
"25,41 : 49.16"
"25,42 : 56.65"
"25,43 : 61.06"
"25,44 : 36.07"
"25,45 : 43.19"
"25,46 : 60.02"
"25,47 : 23.41"
"25,48 : 26.17"
"25,49 : 33.11"
"25,50 : 59.93"
"25,51 : 11.18"
"25,52 : 26.08"
"25,53 : 51.88"
"25,54 : 83.49"
"25,55 : 36.01"
"25,56 : 46.39"
"25,57 : 29.43"
"25,58 : 16.28"
"25,59 : 67.12"
"25,60 : 50.99"
"25,61 : 5.83"
"25,62 : 71.45"
"25,63 : 45.0"
"25,64 : 39.05"
"25,65 : 36.67"
"25,66 : 34.53"
"25,67 : 64.2"
"25,68 : 69.53"
"25,69 : 40.82"
