x,y
53,51
5,13
56,46
45,16
98,65
15,85
60,73
42,56
54,21
77,9
43,19
40,30
1,35
95,33
83,65
27,1
60,51
32,23
82,100
100,6
15,31
80,96
8,60
62,76
88,31
53,58
17,85
86,25
98,11
48,76
25,10
88,76
25,49
28,61
89,21
47,69
33,65
92,55
87,15
90,15
80,52
73,45
13,86
64,4
51,42
61,84
89,63
15,65
2,88
53,13
24,22
21,25
70,73
23,24
49,13
74,70
89,54
30,67
46,36
55,11
47,32
80,28
40,35
13,48
86,39
71,5
75,75
12,81
84,96
56,24
81,35
45,23
19,13
52,13
77,59
67,67
6,24
27,52
88,71
3,50
24,75
34,15
40,9
30,34
49,52
24,87
69,66
43,2
40,14
76,41
63,10
41,3
86,47
77,49
19,80
5,40
3,45
60,54
61,83
75,45

Distanze
"0,0 : 0.0"
"0,1 : 61.22"
"0,2 : 5.83"
"0,3 : 35.9"
"0,4 : 47.13"
"0,5 : 50.99"
"0,6 : 23.09"
"0,7 : 12.08"
"0,8 : 30.02"
"0,9 : 48.37"
"0,10 : 33.53"
"0,11 : 24.7"
"0,12 : 54.41"
"0,13 : 45.69"
"0,14 : 33.11"
"0,15 : 56.36"
"0,16 : 7.0"
"0,17 : 35.0"
"0,18 : 56.94"
"0,19 : 65.07"
"0,20 : 42.94"
"0,21 : 52.48"
"0,22 : 45.89"
"0,23 : 26.57"
"0,24 : 40.31"
"0,25 : 7.0"
"0,26 : 49.52"
"0,27 : 42.01"
"0,28 : 60.21"
"0,29 : 25.5"
"0,30 : 49.65"
"0,31 : 43.01"
"0,32 : 28.07"
"0,33 : 26.93"
"0,34 : 46.86"
"0,35 : 18.97"
"0,36 : 24.41"
"0,37 : 39.2"
"0,38 : 49.52"
"0,39 : 51.62"
"0,40 : 27.02"
"0,41 : 20.88"
"0,42 : 53.15"
"0,43 : 48.27"
"0,44 : 9.22"
"0,45 : 33.96"
"0,46 : 37.95"
"0,47 : 40.5"
"0,48 : 63.01"
"0,49 : 38.0"
"0,50 : 41.01"
"0,51 : 41.23"
"0,52 : 27.8"
"0,53 : 40.36"
"0,54 : 38.21"
"0,55 : 28.32"
"0,56 : 36.12"
"0,57 : 28.02"
"0,58 : 16.55"
"0,59 : 40.05"
"0,60 : 19.92"
"0,61 : 35.47"
"0,62 : 20.62"
"0,63 : 40.11"
"0,64 : 35.11"
"0,65 : 49.4"
"0,66 : 32.56"
"0,67 : 50.8"
"0,68 : 54.64"
"0,69 : 27.17"
"0,70 : 32.25"
"0,71 : 29.12"
"0,72 : 50.99"
"0,73 : 38.01"
"0,74 : 25.3"
"0,75 : 21.26"
"0,76 : 54.2"
"0,77 : 26.02"
"0,78 : 40.31"
"0,79 : 50.01"
"0,80 : 37.64"
"0,81 : 40.71"
"0,82 : 43.97"
"0,83 : 28.6"
"0,84 : 4.12"
"0,85 : 46.23"
"0,86 : 21.93"
"0,87 : 50.01"
"0,88 : 39.22"
"0,89 : 25.08"
"0,90 : 42.2"
"0,91 : 49.48"
"0,92 : 33.24"
"0,93 : 24.08"
"0,94 : 44.69"
"0,95 : 49.24"
"0,96 : 50.36"
"0,97 : 7.62"
"0,98 : 32.98"
"0,99 : 22.8"
"1,0 : 61.22"
"1,1 : 0.0"
"1,2 : 60.75"
"1,3 : 40.11"
"1,4 : 106.55"
"1,5 : 72.69"
"1,6 : 81.39"
"1,7 : 56.73"
"1,8 : 49.65"
"1,9 : 72.11"
"1,10 : 38.47"
"1,11 : 38.91"
"1,12 : 22.36"
"1,13 : 92.2"
"1,14 : 93.74"
"1,15 : 25.06"
"1,16 : 66.85"
"1,17 : 28.79"
"1,18 : 116.18"
"1,19 : 95.26"
"1,20 : 20.59"
"1,21 : 111.87"
"1,22 : 47.1"
"1,23 : 84.96"
"1,24 : 84.93"
"1,25 : 65.8"
"1,26 : 72.99"
"1,27 : 81.88"
"1,28 : 93.02"
"1,29 : 76.28"
"1,30 : 20.22"
"1,31 : 104.2"
"1,32 : 41.18"
"1,33 : 53.23"
"1,34 : 84.38"
"1,35 : 70.0"
"1,36 : 59.06"
"1,37 : 96.61"
"1,38 : 82.02"
"1,39 : 85.02"
"1,40 : 84.53"
"1,41 : 75.15"
"1,42 : 73.44"
"1,43 : 59.68"
"1,44 : 54.38"
"1,45 : 90.43"
"1,46 : 97.75"
"1,47 : 52.95"
"1,48 : 75.06"
"1,49 : 48.0"
"1,50 : 21.02"
"1,51 : 20.0"
"1,52 : 88.46"
"1,53 : 21.1"
"1,54 : 44.0"
"1,55 : 89.5"
"1,56 : 93.47"
"1,57 : 59.51"
"1,58 : 47.01"
"1,59 : 50.04"
"1,60 : 46.1"
"1,61 : 76.49"
"1,62 : 41.34"
"1,63 : 35.9"
"1,64 : 85.07"
"1,65 : 66.48"
"1,66 : 93.51"
"1,67 : 68.36"
"1,68 : 114.59"
"1,69 : 52.17"
"1,70 : 79.12"
"1,71 : 41.23"
"1,72 : 14.0"
"1,73 : 47.0"
"1,74 : 85.44"
"1,75 : 82.22"
"1,76 : 11.05"
"1,77 : 44.78"
"1,78 : 101.26"
"1,79 : 37.05"
"1,80 : 64.85"
"1,81 : 29.07"
"1,82 : 35.23"
"1,83 : 32.65"
"1,84 : 58.8"
"1,85 : 76.4"
"1,86 : 83.1"
"1,87 : 39.56"
"1,88 : 35.01"
"1,89 : 76.32"
"1,90 : 58.08"
"1,91 : 37.36"
"1,92 : 87.85"
"1,93 : 80.5"
"1,94 : 68.45"
"1,95 : 27.0"
"1,96 : 32.06"
"1,97 : 68.6"
"1,98 : 89.64"
"1,99 : 76.97"
"2,0 : 5.83"
"2,1 : 60.75"
"2,2 : 0.0"
"2,3 : 31.95"
"2,4 : 46.1"
"2,5 : 56.59"
"2,6 : 27.29"
"2,7 : 17.2"
"2,8 : 25.08"
"2,9 : 42.54"
"2,10 : 29.97"
"2,11 : 22.63"
"2,12 : 56.09"
"2,13 : 41.11"
"2,14 : 33.02"
"2,15 : 53.54"
"2,16 : 6.4"
"2,17 : 33.24"
"2,18 : 59.93"
"2,19 : 59.46"
"2,20 : 43.66"
"2,21 : 55.46"
"2,22 : 50.0"
"2,23 : 30.59"
"2,24 : 35.34"
"2,25 : 12.37"
"2,26 : 55.15"
"2,27 : 36.62"
"2,28 : 54.67"
"2,29 : 31.05"
"2,30 : 47.51"
"2,31 : 43.86"
"2,32 : 31.14"
"2,33 : 31.76"
"2,34 : 41.4"
"2,35 : 24.7"
"2,36 : 29.83"
"2,37 : 37.11"
"2,38 : 43.84"
"2,39 : 46.01"
"2,40 : 24.74"
"2,41 : 17.03"
"2,42 : 58.73"
"2,43 : 42.76"
"2,44 : 6.4"
"2,45 : 38.33"
"2,46 : 37.12"
"2,47 : 45.19"
"2,48 : 68.41"
"2,49 : 33.14"
"2,50 : 40.0"
"2,51 : 40.82"
"2,52 : 30.41"
"2,53 : 39.66"
"2,54 : 33.73"
"2,55 : 30.0"
"2,56 : 33.96"
"2,57 : 33.42"
"2,58 : 14.14"
"2,59 : 35.01"
"2,60 : 16.64"
"2,61 : 30.0"
"2,62 : 19.42"
"2,63 : 43.05"
"2,64 : 30.81"
"2,65 : 43.66"
"2,66 : 34.67"
"2,67 : 56.22"
"2,68 : 57.31"
"2,69 : 22.0"
"2,70 : 27.31"
"2,71 : 25.5"
"2,72 : 49.58"
"2,73 : 33.24"
"2,74 : 24.7"
"2,75 : 23.71"
"2,76 : 54.63"
"2,77 : 29.61"
"2,78 : 40.61"
"2,79 : 53.15"
"2,80 : 43.19"
"2,81 : 38.01"
"2,82 : 40.31"
"2,83 : 28.64"
"2,84 : 9.22"
"2,85 : 52.01"
"2,86 : 23.85"
"2,87 : 45.88"
"2,88 : 35.78"
"2,89 : 20.62"
"2,90 : 36.67"
"2,91 : 45.54"
"2,92 : 30.02"
"2,93 : 21.21"
"2,94 : 50.25"
"2,95 : 51.35"
"2,96 : 53.01"
"2,97 : 8.94"
"2,98 : 37.34"
"2,99 : 19.03"
"3,0 : 35.9"
"3,1 : 40.11"
"3,2 : 31.95"
"3,3 : 0.0"
"3,4 : 72.18"
"3,5 : 75.24"
"3,6 : 58.94"
"3,7 : 40.11"
"3,8 : 10.3"
"3,9 : 32.76"
"3,10 : 3.61"
"3,11 : 14.87"
"3,12 : 47.93"
"3,13 : 52.81"
"3,14 : 62.01"
"3,15 : 23.43"
"3,16 : 38.08"
"3,17 : 14.76"
"3,18 : 91.79"
"3,19 : 55.9"
"3,20 : 33.54"
"3,21 : 87.32"
"3,22 : 57.49"
"3,23 : 62.36"
"3,24 : 45.54"
"3,25 : 42.76"
"3,26 : 74.46"
"3,27 : 41.98"
"3,28 : 53.24"
"3,29 : 60.07"
"3,30 : 20.88"
"3,31 : 73.82"
"3,32 : 38.59"
"3,33 : 48.1"
"3,34 : 44.28"
"3,35 : 53.04"
"3,36 : 50.45"
"3,37 : 61.07"
"3,38 : 42.01"
"3,39 : 45.01"
"3,40 : 50.21"
"3,41 : 40.31"
"3,42 : 76.97"
"3,43 : 22.47"
"3,44 : 26.68"
"3,45 : 69.86"
"3,46 : 64.38"
"3,47 : 57.45"
"3,48 : 83.86"
"3,49 : 8.54"
"3,50 : 21.84"
"3,51 : 25.63"
"3,52 : 62.24"
"3,53 : 23.41"
"3,54 : 5.0"
"3,55 : 61.29"
"3,56 : 58.14"
"3,57 : 53.16"
"3,58 : 20.02"
"3,59 : 11.18"
"3,60 : 16.12"
"3,61 : 37.0"
"3,62 : 19.65"
"3,63 : 45.25"
"3,64 : 47.01"
"3,65 : 28.23"
"3,66 : 66.19"
"3,67 : 72.9"
"3,68 : 89.0"
"3,69 : 13.6"
"3,70 : 40.71"
"3,71 : 7.0"
"3,72 : 26.17"
"3,73 : 7.62"
"3,74 : 53.6"
"3,75 : 55.54"
"3,76 : 39.81"
"3,77 : 40.25"
"3,78 : 69.81"
"3,79 : 54.04"
"3,80 : 62.63"
"3,81 : 11.05"
"3,82 : 8.6"
"3,83 : 23.43"
"3,84 : 36.22"
"3,85 : 74.04"
"3,86 : 55.46"
"3,87 : 14.14"
"3,88 : 5.39"
"3,89 : 39.82"
"3,90 : 18.97"
"3,91 : 13.6"
"3,92 : 51.4"
"3,93 : 45.97"
"3,94 : 69.08"
"3,95 : 46.65"
"3,96 : 51.04"
"3,97 : 40.85"
"3,98 : 68.88"
"3,99 : 41.73"
"4,0 : 47.13"
"4,1 : 106.55"
"4,2 : 46.1"
"4,3 : 72.18"
"4,4 : 0.0"
"4,5 : 85.38"
"4,6 : 38.83"
"4,7 : 56.72"
"4,8 : 62.23"
"4,9 : 59.81"
"4,10 : 71.7"
"4,11 : 67.74"
"4,12 : 101.53"
"4,13 : 32.14"
"4,14 : 15.0"
"4,15 : 95.59"
"4,16 : 40.5"
"4,17 : 78.23"
"4,18 : 38.48"
"4,19 : 59.03"
"4,20 : 89.69"
"4,21 : 35.85"
"4,22 : 90.14"
"4,23 : 37.64"
"4,24 : 35.44"
"4,25 : 45.54"
"4,26 : 83.43"
"4,27 : 41.76"
"4,28 : 54.0"
"4,29 : 51.2"
"4,30 : 91.4"
"4,31 : 14.87"
"4,32 : 74.73"
"4,33 : 70.11"
"4,34 : 44.91"
"4,35 : 51.16"
"4,36 : 65.0"
"4,37 : 11.66"
"4,38 : 51.2"
"4,39 : 50.64"
"4,40 : 22.2"
"4,41 : 32.02"
"4,42 : 87.56"
"4,43 : 69.84"
"4,44 : 52.33"
"4,45 : 41.59"
"4,46 : 9.22"
"4,47 : 83.0"
"4,48 : 98.72"
"4,49 : 68.77"
"4,50 : 85.59"
"4,51 : 86.77"
"4,52 : 29.12"
"4,53 : 85.48"
"4,54 : 71.45"
"4,55 : 24.52"
"4,56 : 14.21"
"4,57 : 68.03"
"4,58 : 59.54"
"4,59 : 69.03"
"4,60 : 60.75"
"4,61 : 41.15"
"4,62 : 65.3"
"4,63 : 86.68"
"4,64 : 28.64"
"4,65 : 65.8"
"4,66 : 25.08"
"4,67 : 87.48"
"4,68 : 34.01"
"4,69 : 58.69"
"4,70 : 34.48"
"4,71 : 67.62"
"4,72 : 94.58"
"4,73 : 69.43"
"4,74 : 21.84"
"4,75 : 31.06"
"4,76 : 100.72"
"4,77 : 72.18"
"4,78 : 11.66"
"4,79 : 96.18"
"4,80 : 74.67"
"4,81 : 81.22"
"4,82 : 80.62"
"4,83 : 74.73"
"4,84 : 50.7"
"4,85 : 77.2"
"4,86 : 29.02"
"4,87 : 83.63"
"4,88 : 77.23"
"4,89 : 32.56"
"4,90 : 65.19"
"4,91 : 84.22"
"4,92 : 21.63"
"4,93 : 26.4"
"4,94 : 80.41"
"4,95 : 96.3"
"4,96 : 97.08"
"4,97 : 39.56"
"4,98 : 41.15"
"4,99 : 30.48"
"5,0 : 50.99"
"5,1 : 72.69"
"5,2 : 56.59"
"5,3 : 75.24"
"5,4 : 85.38"
"5,5 : 0.0"
"5,6 : 46.57"
"5,7 : 39.62"
"5,8 : 74.95"
"5,9 : 98.08"
"5,10 : 71.69"
"5,11 : 60.42"
"5,12 : 51.92"
"5,13 : 95.41"
"5,14 : 70.88"
"5,15 : 84.85"
"5,16 : 56.4"
"5,17 : 64.29"
"5,18 : 68.66"
"5,19 : 116.04"
"5,20 : 54.0"
"5,21 : 65.92"
"5,22 : 25.96"
"5,23 : 47.85"
"5,24 : 90.8"
"5,25 : 46.62"
"5,26 : 2.0"
"5,27 : 92.96"
"5,28 : 111.2"
"5,29 : 34.21"
"5,30 : 75.66"
"5,31 : 73.55"
"5,32 : 37.36"
"5,33 : 27.29"
"5,34 : 97.84"
"5,35 : 35.78"
"5,36 : 26.91"
"5,37 : 82.64"
"5,38 : 100.42"
"5,39 : 102.59"
"5,40 : 72.9"
"5,41 : 70.46"
"5,42 : 2.24"
"5,43 : 94.67"
"5,44 : 56.08"
"5,45 : 46.01"
"5,46 : 77.2"
"5,47 : 20.0"
"5,48 : 13.34"
"5,49 : 81.41"
"5,50 : 63.64"
"5,51 : 60.3"
"5,52 : 56.29"
"5,53 : 61.52"
"5,54 : 79.62"
"5,55 : 60.88"
"5,56 : 80.23"
"5,57 : 23.43"
"5,58 : 57.98"
"5,59 : 84.12"
"5,60 : 61.91"
"5,61 : 86.45"
"5,62 : 55.9"
"5,63 : 37.05"
"5,64 : 84.6"
"5,65 : 97.65"
"5,66 : 60.83"
"5,67 : 5.0"
"5,68 : 69.87"
"5,69 : 73.5"
"5,70 : 82.8"
"5,71 : 68.88"
"5,72 : 72.11"
"5,73 : 80.95"
"5,74 : 67.23"
"5,75 : 55.03"
"5,76 : 61.66"
"5,77 : 35.11"
"5,78 : 74.33"
"5,79 : 37.0"
"5,80 : 13.45"
"5,81 : 72.53"
"5,82 : 80.01"
"5,83 : 53.16"
"5,84 : 47.38"
"5,85 : 9.22"
"5,86 : 57.25"
"5,87 : 87.6"
"5,88 : 75.27"
"5,89 : 75.21"
"5,90 : 89.04"
"5,91 : 86.02"
"5,92 : 80.53"
"5,93 : 71.69"
"5,94 : 6.4"
"5,95 : 46.1"
"5,96 : 41.76"
"5,97 : 54.64"
"5,98 : 46.04"
"5,99 : 72.11"
"6,0 : 23.09"
"6,1 : 81.39"
"6,2 : 27.29"
"6,3 : 58.94"
"6,4 : 38.83"
"6,5 : 46.57"
"6,6 : 0.0"
"6,7 : 24.76"
"6,8 : 52.35"
"6,9 : 66.22"
"6,10 : 56.61"
"6,11 : 47.42"
"6,12 : 70.18"
"6,13 : 53.15"
"6,14 : 24.35"
"6,15 : 79.2"
"6,16 : 22.0"
"6,17 : 57.31"
"6,18 : 34.83"
"6,19 : 78.03"
"6,20 : 61.55"
"6,21 : 30.48"
"6,22 : 53.6"
"6,23 : 3.61"
"6,24 : 50.48"
"6,25 : 16.55"
"6,26 : 44.64"
"6,27 : 54.59"
"6,28 : 72.72"
"6,29 : 12.37"
"6,30 : 72.07"
"6,31 : 28.16"
"6,32 : 42.44"
"6,33 : 34.18"
"6,34 : 59.54"
"6,35 : 13.6"
"6,36 : 28.16"
"6,37 : 36.72"
"6,38 : 63.98"
"6,39 : 65.3"
"6,40 : 29.0"
"6,41 : 30.87"
"6,42 : 48.76"
"6,43 : 69.12"
"6,44 : 32.28"
"6,45 : 11.05"
"6,46 : 30.68"
"6,47 : 45.71"
"6,48 : 59.91"
"6,49 : 60.41"
"6,50 : 62.43"
"6,51 : 61.85"
"6,52 : 10.0"
"6,53 : 61.4"
"6,54 : 61.0"
"6,55 : 14.32"
"6,56 : 34.67"
"6,57 : 30.59"
"6,58 : 39.56"
"6,59 : 62.2"
"6,60 : 43.01"
"6,61 : 49.24"
"6,62 : 42.94"
"6,63 : 53.24"
"6,64 : 42.8"
"6,65 : 68.88"
"6,66 : 15.13"
"6,67 : 48.66"
"6,68 : 33.24"
"6,69 : 49.16"
"6,70 : 43.42"
"6,71 : 52.2"
"6,72 : 72.67"
"6,73 : 60.53"
"6,74 : 22.02"
"6,75 : 9.22"
"6,76 : 72.92"
"6,77 : 39.12"
"6,78 : 28.07"
"6,79 : 61.47"
"6,80 : 36.06"
"6,81 : 63.56"
"6,82 : 67.05"
"6,83 : 49.2"
"6,84 : 23.71"
"6,85 : 38.63"
"6,86 : 11.4"
"6,87 : 73.01"
"6,88 : 62.3"
"6,89 : 35.78"
"6,90 : 63.07"
"6,91 : 72.53"
"6,92 : 36.77"
"6,93 : 29.41"
"6,94 : 41.59"
"6,95 : 64.14"
"6,96 : 63.51"
"6,97 : 19.0"
"6,98 : 10.05"
"6,99 : 31.76"
"7,0 : 12.08"
"7,1 : 56.73"
"7,2 : 17.2"
"7,3 : 40.11"
"7,4 : 56.72"
"7,5 : 39.62"
"7,6 : 24.76"
"7,7 : 0.0"
"7,8 : 37.0"
"7,9 : 58.6"
"7,10 : 37.01"
"7,11 : 26.08"
"7,12 : 46.07"
"7,13 : 57.78"
"7,14 : 41.98"
"7,15 : 57.01"
"7,16 : 18.68"
"7,17 : 34.48"
"7,18 : 59.46"
"7,19 : 76.58"
"7,20 : 36.8"
"7,21 : 55.17"
"7,22 : 34.23"
"7,23 : 28.28"
"7,24 : 52.35"
"7,25 : 11.18"
"7,26 : 38.29"
"7,27 : 53.82"
"7,28 : 71.84"
"7,29 : 20.88"
"7,30 : 49.04"
"7,31 : 50.16"
"7,32 : 18.38"
"7,33 : 14.87"
"7,34 : 58.6"
"7,35 : 13.93"
"7,36 : 12.73"
"7,37 : 50.01"
"7,38 : 60.88"
"7,39 : 63.13"
"7,40 : 38.21"
"7,41 : 32.89"
"7,42 : 41.73"
"7,43 : 56.46"
"7,44 : 16.64"
"7,45 : 33.84"
"7,46 : 47.52"
"7,47 : 28.46"
"7,48 : 51.22"
"7,49 : 44.38"
"7,50 : 38.47"
"7,51 : 37.44"
"7,52 : 32.76"
"7,53 : 37.22"
"7,54 : 43.57"
"7,55 : 34.93"
"7,56 : 47.04"
"7,57 : 16.28"
"7,58 : 20.4"
"7,59 : 46.84"
"7,60 : 24.52"
"7,61 : 47.2"
"7,62 : 21.1"
"7,63 : 30.08"
"7,64 : 47.17"
"7,65 : 58.67"
"7,66 : 38.08"
"7,67 : 39.05"
"7,68 : 58.0"
"7,69 : 34.93"
"7,70 : 44.29"
"7,71 : 33.14"
"7,72 : 48.76"
"7,73 : 44.15"
"7,74 : 35.13"
"7,75 : 27.31"
"7,76 : 48.17"
"7,77 : 15.52"
"7,78 : 48.38"
"7,79 : 39.46"
"7,80 : 26.17"
"7,81 : 41.77"
"7,82 : 47.04"
"7,83 : 25.06"
"7,84 : 8.06"
"7,85 : 35.85"
"7,86 : 28.79"
"7,87 : 54.01"
"7,88 : 42.05"
"7,89 : 37.16"
"7,90 : 50.57"
"7,91 : 53.01"
"7,92 : 44.91"
"7,93 : 35.69"
"7,94 : 33.24"
"7,95 : 40.31"
"7,96 : 40.52"
"7,97 : 18.11"
"7,98 : 33.02"
"7,99 : 34.79"
"8,0 : 30.02"
"8,1 : 49.65"
"8,2 : 25.08"
"8,3 : 10.3"
"8,4 : 62.23"
"8,5 : 74.95"
"8,6 : 52.35"
"8,7 : 37.0"
"8,8 : 0.0"
"8,9 : 25.94"
"8,10 : 11.18"
"8,11 : 16.64"
"8,12 : 54.82"
"8,13 : 42.72"
"8,14 : 52.7"
"8,15 : 33.6"
"8,16 : 30.59"
"8,17 : 22.09"
"8,18 : 83.82"
"8,19 : 48.38"
"8,20 : 40.26"
"8,21 : 79.38"
"8,22 : 60.31"
"8,23 : 55.58"
"8,24 : 35.44"
"8,25 : 37.01"
"8,26 : 73.93"
"8,27 : 32.25"
"8,28 : 45.12"
"8,29 : 55.33"
"8,30 : 31.02"
"8,31 : 64.66"
"8,32 : 40.31"
"8,33 : 47.71"
"8,34 : 35.0"
"8,35 : 48.51"
"8,36 : 48.75"
"8,37 : 50.99"
"8,38 : 33.54"
"8,39 : 36.5"
"8,40 : 40.46"
"8,41 : 30.61"
"8,42 : 76.85"
"8,43 : 19.72"
"8,44 : 21.21"
"8,45 : 63.39"
"8,46 : 54.67"
"8,47 : 58.8"
"8,48 : 84.81"
"8,49 : 8.06"
"8,50 : 30.02"
"8,51 : 33.24"
"8,52 : 54.41"
"8,53 : 31.14"
"8,54 : 9.43"
"8,55 : 52.92"
"8,56 : 48.1"
"8,57 : 51.88"
"8,58 : 17.0"
"8,59 : 10.05"
"8,60 : 13.04"
"8,61 : 26.93"
"8,62 : 19.8"
"8,63 : 49.09"
"8,64 : 36.72"
"8,65 : 23.35"
"8,66 : 57.94"
"8,67 : 73.24"
"8,68 : 80.78"
"8,69 : 3.61"
"8,70 : 30.41"
"8,71 : 9.22"
"8,72 : 35.9"
"8,73 : 8.25"
"8,74 : 44.42"
"8,75 : 47.8"
"8,76 : 48.09"
"8,77 : 41.11"
"8,78 : 60.46"
"8,79 : 58.67"
"8,80 : 61.77"
"8,81 : 20.88"
"8,82 : 18.44"
"8,83 : 27.29"
"8,84 : 31.4"
"8,85 : 72.5"
"8,86 : 47.43"
"8,87 : 21.95"
"8,88 : 15.65"
"8,89 : 29.73"
"8,90 : 14.21"
"8,91 : 22.2"
"8,92 : 41.23"
"8,93 : 36.24"
"8,94 : 68.6"
"8,95 : 52.55"
"8,96 : 56.36"
"8,97 : 33.54"
"8,98 : 62.39"
"8,99 : 31.89"
"9,0 : 48.37"
"9,1 : 72.11"
"9,2 : 42.54"
"9,3 : 32.76"
"9,4 : 59.81"
"9,5 : 98.08"
"9,6 : 66.22"
"9,7 : 58.6"
"9,8 : 25.94"
"9,9 : 0.0"
"9,10 : 35.44"
"9,11 : 42.54"
"9,12 : 80.32"
"9,13 : 30.0"
"9,14 : 56.32"
"9,15 : 50.64"
"9,16 : 45.31"
"9,17 : 47.13"
"9,18 : 91.14"
"9,19 : 23.19"
"9,20 : 65.79"
"9,21 : 87.05"
"9,22 : 85.8"
"9,23 : 68.66"
"9,24 : 24.6"
"9,25 : 54.56"
"9,26 : 96.83"
"9,27 : 18.36"
"9,28 : 21.1"
"9,29 : 73.01"
"9,30 : 52.01"
"9,31 : 67.9"
"9,32 : 65.6"
"9,33 : 71.45"
"9,34 : 16.97"
"9,35 : 67.08"
"9,36 : 71.22"
"9,37 : 48.38"
"9,38 : 11.66"
"9,39 : 14.32"
"9,40 : 43.1"
"9,41 : 36.22"
"9,42 : 100.12"
"9,43 : 13.93"
"9,44 : 42.01"
"9,45 : 76.69"
"9,46 : 55.32"
"9,47 : 83.55"
"9,48 : 108.93"
"9,49 : 24.33"
"9,50 : 54.57"
"9,51 : 58.24"
"9,52 : 64.38"
"9,53 : 56.04"
"9,54 : 28.28"
"9,55 : 61.07"
"9,56 : 46.57"
"9,57 : 74.65"
"9,58 : 41.11"
"9,59 : 22.09"
"9,60 : 37.8"
"9,61 : 19.24"
"9,62 : 45.22"
"9,63 : 74.95"
"9,64 : 31.32"
"9,65 : 7.21"
"9,66 : 66.03"
"9,67 : 97.0"
"9,68 : 87.28"
"9,69 : 25.81"
"9,70 : 26.31"
"9,71 : 34.93"
"9,72 : 58.14"
"9,73 : 25.32"
"9,74 : 50.0"
"9,75 : 58.86"
"9,76 : 72.57"
"9,77 : 65.95"
"9,78 : 62.97"
"9,79 : 84.6"
"9,80 : 84.65"
"9,81 : 43.42"
"9,82 : 37.0"
"9,83 : 53.24"
"9,84 : 51.31"
"9,85 : 94.3"
"9,86 : 57.56"
"9,87 : 34.71"
"9,88 : 37.34"
"9,89 : 32.02"
"9,90 : 14.04"
"9,91 : 36.5"
"9,92 : 39.05"
"9,93 : 40.0"
"9,94 : 91.68"
"9,95 : 78.39"
"9,96 : 82.29"
"9,97 : 48.1"
"9,98 : 75.71"
"9,99 : 36.06"
"10,0 : 33.53"
"10,1 : 38.47"
"10,2 : 29.97"
"10,3 : 3.61"
"10,4 : 71.7"
"10,5 : 71.69"
"10,6 : 56.61"
"10,7 : 37.01"
"10,8 : 11.18"
"10,9 : 35.44"
"10,10 : 0.0"
"10,11 : 11.4"
"10,12 : 44.94"
"10,13 : 53.85"
"10,14 : 60.96"
"10,15 : 24.08"
"10,16 : 36.24"
"10,17 : 11.7"
"10,18 : 89.9"
"10,19 : 58.46"
"10,20 : 30.46"
"10,21 : 85.43"
"10,22 : 53.91"
"10,23 : 60.08"
"10,24 : 46.57"
"10,25 : 40.26"
"10,26 : 70.94"
"10,27 : 43.42"
"10,28 : 55.58"
"10,29 : 57.22"
"10,30 : 20.12"
"10,31 : 72.62"
"10,32 : 34.99"
"10,33 : 44.6"
"10,34 : 46.04"
"10,35 : 50.16"
"10,36 : 47.07"
"10,37 : 60.8"
"10,38 : 44.18"
"10,39 : 47.17"
"10,40 : 49.58"
"10,41 : 39.7"
"10,42 : 73.41"
"10,43 : 25.81"
"10,44 : 24.35"
"10,45 : 67.45"
"10,46 : 63.66"
"10,47 : 53.85"
"10,48 : 80.26"
"10,49 : 11.66"
"10,50 : 19.24"
"10,51 : 22.8"
"10,52 : 60.37"
"10,53 : 20.62"
"10,54 : 8.49"
"10,55 : 59.68"
"10,56 : 57.8"
"10,57 : 49.73"
"10,58 : 17.26"
"10,59 : 14.42"
"10,60 : 13.6"
"10,61 : 38.08"
"10,62 : 16.28"
"10,63 : 41.73"
"10,64 : 47.42"
"10,65 : 31.3"
"10,66 : 64.5"
"10,67 : 69.32"
"10,68 : 87.24"
"10,69 : 13.93"
"10,70 : 41.23"
"10,71 : 4.47"
"10,72 : 24.74"
"10,73 : 10.82"
"10,74 : 52.5"
"10,75 : 53.67"
"10,76 : 37.34"
"10,77 : 36.67"
"10,78 : 68.77"
"10,79 : 50.61"
"10,80 : 59.14"
"10,81 : 9.85"
"10,82 : 10.44"
"10,83 : 19.85"
"10,84 : 33.54"
"10,85 : 70.6"
"10,86 : 53.71"
"10,87 : 17.0"
"10,88 : 5.83"
"10,89 : 39.66"
"10,90 : 21.93"
"10,91 : 16.12"
"10,92 : 51.31"
"10,93 : 45.34"
"10,94 : 65.55"
"10,95 : 43.42"
"10,96 : 47.71"
"10,97 : 38.91"
"10,98 : 66.48"
"10,99 : 41.23"
"11,0 : 24.7"
"11,1 : 38.91"
"11,2 : 22.63"
"11,3 : 14.87"
"11,4 : 67.74"
"11,5 : 60.42"
"11,6 : 47.42"
"11,7 : 26.08"
"11,8 : 16.64"
"11,9 : 42.54"
"11,10 : 11.4"
"11,11 : 0.0"
"11,12 : 39.32"
"11,13 : 55.08"
"11,14 : 55.44"
"11,15 : 31.78"
"11,16 : 29.0"
"11,17 : 10.63"
"11,18 : 81.63"
"11,19 : 64.62"
"11,20 : 25.02"
"11,21 : 77.18"
"11,22 : 43.86"
"11,23 : 50.99"
"11,24 : 48.01"
"11,25 : 30.87"
"11,26 : 59.62"
"11,27 : 46.27"
"11,28 : 61.03"
"11,29 : 46.69"
"11,30 : 25.0"
"11,31 : 66.48"
"11,32 : 24.21"
"11,33 : 33.24"
"11,34 : 49.82"
"11,35 : 39.62"
"11,36 : 35.69"
"11,37 : 57.7"
"11,38 : 49.34"
"11,39 : 52.2"
"11,40 : 45.65"
"11,41 : 36.25"
"11,42 : 62.17"
"11,43 : 35.38"
"11,44 : 16.28"
"11,45 : 57.94"
"11,46 : 59.08"
"11,47 : 43.01"
"11,48 : 69.34"
"11,49 : 21.4"
"11,50 : 17.89"
"11,51 : 19.65"
"11,52 : 52.43"
"11,53 : 18.03"
"11,54 : 19.24"
"11,55 : 52.5"
"11,56 : 54.56"
"11,57 : 38.33"
"11,58 : 8.49"
"11,59 : 24.21"
"11,60 : 7.28"
"11,61 : 40.05"
"11,62 : 5.0"
"11,63 : 32.45"
"11,64 : 46.87"
"11,65 : 39.82"
"11,66 : 57.01"
"11,67 : 58.18"
"11,68 : 79.32"
"11,69 : 17.09"
"11,70 : 41.3"
"11,71 : 8.6"
"11,72 : 27.02"
"11,73 : 20.81"
"11,74 : 47.01"
"11,75 : 45.8"
"11,76 : 34.53"
"11,77 : 25.55"
"11,78 : 63.13"
"11,79 : 42.06"
"11,80 : 47.76"
"11,81 : 16.16"
"11,82 : 21.0"
"11,83 : 10.77"
"11,84 : 23.77"
"11,85 : 59.2"
"11,86 : 46.23"
"11,87 : 28.16"
"11,88 : 16.0"
"11,89 : 37.64"
"11,90 : 30.48"
"11,91 : 27.02"
"11,92 : 49.04"
"11,93 : 41.59"
"11,94 : 54.23"
"11,95 : 36.4"
"11,96 : 39.92"
"11,97 : 31.24"
"11,98 : 57.01"
"11,99 : 38.08"
"12,0 : 54.41"
"12,1 : 22.36"
"12,2 : 56.09"
"12,3 : 47.93"
"12,4 : 101.53"
"12,5 : 51.92"
"12,6 : 70.18"
"12,7 : 46.07"
"12,8 : 54.82"
"12,9 : 80.32"
"12,10 : 44.94"
"12,11 : 39.32"
"12,12 : 0.0"
"12,13 : 94.02"
"12,14 : 87.32"
"12,15 : 42.8"
"12,16 : 61.13"
"12,17 : 33.24"
"12,18 : 103.86"
"12,19 : 103.16"
"12,20 : 14.56"
"12,21 : 99.81"
"12,22 : 25.96"
"12,23 : 73.5"
"12,24 : 87.09"
"12,25 : 56.86"
"12,26 : 52.5"
"12,27 : 85.59"
"12,28 : 99.92"
"12,29 : 62.37"
"12,30 : 34.66"
"12,31 : 96.18"
"12,32 : 27.78"
"12,33 : 37.48"
"12,34 : 89.11"
"12,35 : 57.2"
"12,36 : 43.86"
"12,37 : 93.17"
"12,38 : 88.29"
"12,39 : 91.22"
"12,40 : 80.81"
"12,41 : 72.69"
"12,42 : 52.39"
"12,43 : 70.21"
"12,44 : 50.49"
"12,45 : 77.47"
"12,46 : 92.35"
"12,47 : 33.11"
"12,48 : 53.01"
"12,49 : 56.46"
"12,50 : 26.42"
"12,51 : 22.36"
"12,52 : 78.77"
"12,53 : 24.6"
"12,54 : 52.8"
"12,55 : 80.96"
"12,56 : 90.03"
"12,57 : 43.19"
"12,58 : 45.01"
"12,59 : 59.09"
"12,60 : 46.1"
"12,61 : 79.31"
"12,62 : 39.0"
"12,63 : 17.69"
"12,64 : 85.09"
"12,65 : 76.16"
"12,66 : 84.12"
"12,67 : 47.3"
"12,68 : 103.0"
"12,69 : 56.09"
"12,70 : 80.0"
"12,71 : 45.61"
"12,72 : 28.43"
"12,73 : 55.54"
"12,74 : 79.7"
"12,75 : 73.35"
"12,76 : 12.08"
"12,77 : 31.06"
"12,78 : 94.15"
"12,79 : 15.13"
"12,80 : 46.14"
"12,81 : 38.59"
"12,82 : 46.87"
"12,83 : 29.02"
"12,84 : 50.92"
"12,85 : 56.86"
"12,86 : 74.73"
"12,87 : 53.41"
"12,88 : 44.29"
"12,89 : 75.24"
"12,90 : 66.85"
"12,91 : 51.22"
"12,92 : 85.84"
"12,93 : 77.28"
"12,94 : 48.47"
"12,95 : 6.4"
"12,96 : 10.2"
"12,97 : 61.98"
"12,98 : 76.84"
"12,99 : 74.67"
"13,0 : 45.69"
"13,1 : 92.2"
"13,2 : 41.11"
"13,3 : 52.81"
"13,4 : 32.14"
"13,5 : 95.41"
"13,6 : 53.15"
"13,7 : 57.78"
"13,8 : 42.72"
"13,9 : 30.0"
"13,10 : 53.85"
"13,11 : 55.08"
"13,12 : 94.02"
"13,13 : 0.0"
"13,14 : 34.18"
"13,15 : 75.15"
"13,16 : 39.36"
"13,17 : 63.79"
"13,18 : 68.25"
"13,19 : 27.46"
"13,20 : 80.02"
"13,21 : 64.76"
"13,22 : 91.09"
"13,23 : 54.2"
"13,24 : 7.28"
"13,25 : 48.88"
"13,26 : 93.74"
"13,27 : 12.04"
"13,28 : 22.2"
"13,29 : 63.7"
"13,30 : 73.68"
"13,31 : 43.57"
"13,32 : 71.81"
"13,33 : 72.62"
"13,34 : 13.42"
"13,35 : 60.0"
"13,36 : 69.77"
"13,37 : 22.2"
"13,38 : 19.7"
"13,39 : 18.68"
"13,40 : 24.21"
"13,41 : 25.06"
"13,42 : 97.64"
"13,43 : 42.45"
"13,44 : 44.91"
"13,45 : 61.29"
"13,46 : 30.59"
"13,47 : 86.16"
"13,48 : 108.05"
"13,49 : 46.52"
"13,50 : 71.85"
"13,51 : 74.43"
"13,52 : 47.17"
"13,53 : 72.56"
"13,54 : 50.16"
"13,55 : 42.54"
"13,56 : 21.84"
"13,57 : 73.36"
"13,58 : 49.09"
"13,59 : 45.65"
"13,60 : 48.01"
"13,61 : 15.81"
"13,62 : 55.04"
"13,63 : 83.36"
"13,64 : 10.82"
"13,65 : 36.88"
"13,66 : 46.52"
"13,67 : 95.88"
"13,68 : 63.95"
"13,69 : 40.02"
"13,70 : 14.14"
"13,71 : 50.99"
"13,72 : 78.59"
"13,73 : 47.42"
"13,74 : 31.62"
"13,75 : 44.05"
"13,76 : 89.45"
"13,77 : 70.6"
"13,78 : 38.64"
"13,79 : 93.56"
"13,80 : 82.49"
"13,81 : 63.6"
"13,82 : 60.01"
"13,83 : 65.01"
"13,84 : 49.77"
"13,85 : 89.2"
"13,86 : 42.01"
"13,87 : 60.54"
"13,88 : 58.19"
"13,89 : 20.62"
"13,90 : 39.41"
"13,91 : 61.77"
"13,92 : 16.64"
"13,93 : 24.08"
"13,94 : 89.36"
"13,95 : 90.27"
"13,96 : 92.78"
"13,97 : 40.82"
"13,98 : 60.46"
"13,99 : 23.32"
"14,0 : 33.11"
"14,1 : 93.74"
"14,2 : 33.02"
"14,3 : 62.01"
"14,4 : 15.0"
"14,5 : 70.88"
"14,6 : 24.35"
"14,7 : 41.98"
"14,8 : 52.7"
"14,9 : 56.32"
"14,10 : 60.96"
"14,11 : 55.44"
"14,12 : 87.32"
"14,13 : 34.18"
"14,14 : 0.0"
"14,15 : 85.04"
"14,16 : 26.93"
"14,17 : 66.07"
"14,18 : 35.01"
"14,19 : 61.4"
"14,20 : 76.03"
"14,21 : 31.14"
"14,22 : 75.17"
"14,23 : 23.71"
"14,24 : 34.37"
"14,25 : 30.81"
"14,26 : 68.96"
"14,27 : 40.11"
"14,28 : 56.04"
"14,29 : 36.69"
"14,30 : 79.93"
"14,31 : 12.08"
"14,32 : 60.17"
"14,33 : 55.15"
"14,34 : 44.41"
"14,35 : 36.22"
"14,36 : 50.0"
"14,37 : 13.45"
"14,38 : 50.16"
"14,39 : 50.49"
"14,40 : 13.34"
"14,41 : 22.36"
"14,42 : 73.08"
"14,43 : 63.89"
"14,44 : 39.41"
"14,45 : 29.07"
"14,46 : 6.32"
"14,47 : 68.0"
"14,48 : 84.2"
"14,49 : 60.03"
"14,50 : 73.01"
"14,51 : 73.78"
"14,52 : 15.26"
"14,53 : 72.67"
"14,54 : 62.13"
"14,55 : 10.3"
"14,56 : 12.53"
"14,57 : 53.04"
"14,58 : 47.01"
"14,59 : 60.83"
"14,60 : 48.84"
"14,61 : 37.12"
"14,62 : 52.43"
"14,63 : 72.03"
"14,64 : 26.17"
"14,65 : 61.19"
"14,66 : 12.81"
"14,67 : 72.78"
"14,68 : 31.02"
"14,69 : 49.09"
"14,70 : 30.07"
"14,71 : 56.64"
"14,72 : 82.46"
"14,73 : 60.54"
"14,74 : 8.49"
"14,75 : 16.12"
"14,76 : 87.24"
"14,77 : 57.49"
"14,78 : 7.81"
"14,79 : 81.39"
"14,80 : 59.84"
"14,81 : 70.01"
"14,82 : 70.6"
"14,83 : 61.4"
"14,84 : 36.4"
"14,85 : 62.97"
"14,86 : 14.04"
"14,87 : 74.63"
"14,88 : 66.71"
"14,89 : 25.0"
"14,90 : 58.52"
"14,91 : 74.89"
"14,92 : 18.25"
"14,93 : 17.09"
"14,94 : 65.73"
"14,95 : 81.91"
"14,96 : 82.46"
"14,97 : 25.5"
"14,98 : 28.43"
"14,99 : 21.54"
"15,0 : 56.36"
"15,1 : 25.06"
"15,2 : 53.54"
"15,3 : 23.43"
"15,4 : 95.59"
"15,5 : 84.85"
"15,6 : 79.2"
"15,7 : 57.01"
"15,8 : 33.6"
"15,9 : 50.64"
"15,10 : 24.08"
"15,11 : 31.78"
"15,12 : 42.8"
"15,13 : 75.15"
"15,14 : 85.04"
"15,15 : 0.0"
"15,16 : 59.91"
"15,17 : 22.56"
"15,18 : 113.25"
"15,19 : 73.17"
"15,20 : 32.31"
"15,21 : 108.78"
"15,22 : 61.98"
"15,23 : 82.76"
"15,24 : 67.98"
"15,25 : 62.65"
"15,26 : 84.59"
"15,27 : 63.69"
"15,28 : 71.7"
"15,29 : 77.88"
"15,30 : 9.22"
"15,31 : 96.67"
"15,32 : 48.04"
"15,33 : 60.01"
"15,34 : 65.15"
"15,35 : 70.88"
"15,36 : 64.28"
"15,37 : 84.5"
"15,38 : 61.61"
"15,39 : 64.54"
"15,40 : 73.55"
"15,41 : 63.66"
"15,42 : 86.15"
"15,43 : 37.12"
"15,44 : 47.51"
"15,45 : 89.69"
"15,46 : 87.68"
"15,47 : 65.12"
"15,48 : 90.52"
"15,49 : 28.64"
"15,50 : 21.21"
"15,51 : 24.74"
"15,52 : 83.86"
"15,53 : 23.35"
"15,54 : 25.06"
"15,55 : 83.49"
"15,56 : 81.57"
"15,57 : 66.07"
"15,58 : 39.82"
"15,59 : 29.73"
"15,60 : 36.89"
"15,61 : 59.48"
"15,62 : 36.4"
"15,63 : 49.04"
"15,64 : 70.18"
"15,65 : 44.18"
"15,66 : 88.2"
"15,67 : 81.39"
"15,68 : 110.79"
"15,69 : 37.01"
"15,70 : 63.81"
"15,71 : 28.43"
"15,72 : 14.42"
"15,73 : 27.73"
"15,74 : 76.58"
"15,75 : 77.18"
"15,76 : 31.14"
"15,77 : 51.0"
"15,78 : 92.85"
"15,79 : 54.56"
"15,80 : 74.06"
"15,81 : 15.65"
"15,82 : 15.26"
"15,83 : 33.14"
"15,84 : 55.54"
"15,85 : 86.05"
"15,86 : 77.39"
"15,87 : 16.03"
"15,88 : 18.38"
"15,89 : 63.25"
"15,90 : 37.11"
"15,91 : 14.14"
"15,92 : 74.81"
"15,93 : 69.31"
"15,94 : 79.4"
"15,95 : 44.78"
"15,96 : 50.12"
"15,97 : 62.43"
"15,98 : 88.77"
"15,99 : 65.12"
"16,0 : 7.0"
"16,1 : 66.85"
"16,2 : 6.4"
"16,3 : 38.08"
"16,4 : 40.5"
"16,5 : 56.4"
"16,6 : 22.0"
"16,7 : 18.68"
"16,8 : 30.59"
"16,9 : 45.31"
"16,10 : 36.24"
"16,11 : 29.0"
"16,12 : 61.13"
"16,13 : 39.36"
"16,14 : 26.93"
"16,15 : 59.91"
"16,16 : 0.0"
"16,17 : 39.6"
"16,18 : 53.71"
"16,19 : 60.21"
"16,20 : 49.24"
"16,21 : 49.24"
"16,22 : 52.77"
"16,23 : 25.08"
"16,24 : 34.41"
"16,25 : 9.9"
"16,26 : 54.82"
"16,27 : 36.77"
"16,28 : 55.17"
"16,29 : 27.73"
"16,30 : 53.91"
"16,31 : 37.54"
"16,32 : 35.06"
"16,33 : 33.53"
"16,34 : 41.73"
"16,35 : 22.2"
"16,36 : 30.41"
"16,37 : 32.25"
"16,38 : 45.0"
"16,39 : 46.86"
"16,40 : 20.02"
"16,41 : 14.32"
"16,42 : 58.6"
"16,43 : 47.17"
"16,44 : 12.73"
"16,45 : 33.02"
"16,46 : 31.38"
"16,47 : 47.13"
"16,48 : 68.8"
"16,49 : 38.64"
"16,50 : 46.23"
"16,51 : 46.87"
"16,52 : 24.17"
"16,53 : 45.8"
"16,54 : 39.56"
"16,55 : 23.6"
"16,56 : 29.15"
"16,57 : 34.0"
"16,58 : 20.52"
"16,59 : 40.31"
"16,60 : 23.02"
"16,61 : 30.48"
"16,62 : 25.61"
"16,63 : 47.1"
"16,64 : 28.64"
"16,65 : 47.3"
"16,66 : 28.3"
"16,67 : 56.6"
"16,68 : 51.0"
"16,69 : 27.29"
"16,70 : 26.4"
"16,71 : 31.76"
"16,72 : 55.9"
"16,73 : 38.83"
"16,74 : 18.79"
"16,75 : 17.46"
"16,76 : 60.37"
"16,77 : 33.02"
"16,78 : 34.41"
"16,79 : 57.01"
"16,80 : 43.27"
"16,81 : 44.41"
"16,82 : 46.52"
"16,83 : 34.48"
"16,84 : 11.05"
"16,85 : 50.91"
"16,86 : 17.49"
"16,87 : 51.87"
"16,88 : 42.06"
"16,89 : 18.87"
"16,90 : 41.11"
"16,91 : 51.62"
"16,92 : 26.31"
"16,93 : 17.12"
"16,94 : 50.22"
"16,95 : 56.09"
"16,96 : 57.31"
"16,97 : 3.0"
"16,98 : 32.02"
"16,99 : 16.16"
"17,0 : 35.0"
"17,1 : 28.79"
"17,2 : 33.24"
"17,3 : 14.76"
"17,4 : 78.23"
"17,5 : 64.29"
"17,6 : 57.31"
"17,7 : 34.48"
"17,8 : 22.09"
"17,9 : 47.13"
"17,10 : 11.7"
"17,11 : 10.63"
"17,12 : 33.24"
"17,13 : 63.79"
"17,14 : 66.07"
"17,15 : 22.56"
"17,16 : 39.6"
"17,17 : 0.0"
"17,18 : 91.81"
"17,19 : 70.09"
"17,20 : 18.79"
"17,21 : 87.37"
"17,22 : 44.1"
"17,23 : 60.9"
"17,24 : 56.57"
"17,25 : 40.82"
"17,26 : 63.79"
"17,27 : 54.04"
"17,28 : 67.08"
"17,29 : 55.36"
"17,30 : 14.76"
"17,31 : 77.1"
"17,32 : 26.93"
"17,33 : 38.21"
"17,34 : 57.04"
"17,35 : 48.38"
"17,36 : 42.01"
"17,37 : 68.0"
"17,38 : 55.58"
"17,39 : 58.55"
"17,40 : 56.08"
"17,41 : 46.53"
"17,42 : 65.8"
"17,43 : 37.22"
"17,44 : 26.87"
"17,45 : 67.54"
"17,46 : 69.63"
"17,47 : 45.31"
"17,48 : 71.59"
"17,49 : 23.26"
"17,50 : 8.06"
"17,51 : 11.18"
"17,52 : 62.8"
"17,53 : 9.06"
"17,54 : 19.72"
"17,55 : 63.03"
"17,56 : 64.88"
"17,57 : 44.05"
"17,58 : 19.1"
"17,59 : 25.94"
"17,60 : 17.49"
"17,61 : 48.26"
"17,62 : 14.42"
"17,63 : 31.4"
"17,64 : 56.32"
"17,65 : 42.95"
"17,66 : 67.48"
"17,67 : 61.35"
"17,68 : 89.63"
"17,69 : 24.02"
"17,70 : 50.45"
"17,71 : 13.0"
"17,72 : 16.4"
"17,73 : 22.36"
"17,74 : 57.63"
"17,75 : 56.22"
"17,76 : 26.02"
"17,77 : 29.43"
"17,78 : 73.76"
"17,79 : 39.62"
"17,80 : 52.61"
"17,81 : 8.25"
"17,82 : 16.12"
"17,83 : 11.18"
"17,84 : 33.62"
"17,85 : 64.5"
"17,86 : 56.73"
"17,87 : 23.71"
"17,88 : 12.04"
"17,89 : 47.54"
"17,90 : 33.62"
"17,91 : 21.93"
"17,92 : 59.09"
"17,93 : 51.97"
"17,94 : 58.46"
"17,95 : 31.91"
"17,96 : 36.4"
"17,97 : 41.77"
"17,98 : 66.64"
"17,99 : 48.3"
"18,0 : 56.94"
"18,1 : 116.18"
"18,2 : 59.93"
"18,3 : 91.79"
"18,4 : 38.48"
"18,5 : 68.66"
"18,6 : 34.83"
"18,7 : 59.46"
"18,8 : 83.82"
"18,9 : 91.14"
"18,10 : 89.9"
"18,11 : 81.63"
"18,12 : 103.86"
"18,13 : 68.25"
"18,14 : 35.01"
"18,15 : 113.25"
"18,16 : 53.71"
"18,17 : 91.81"
"18,18 : 0.0"
"18,19 : 95.71"
"18,20 : 96.18"
"18,21 : 4.47"
"18,22 : 84.12"
"18,23 : 31.24"
"18,24 : 69.26"
"18,25 : 51.04"
"18,26 : 66.71"
"18,27 : 75.11"
"18,28 : 90.43"
"18,29 : 41.62"
"18,30 : 106.53"
"18,31 : 24.74"
"18,32 : 76.49"
"18,33 : 66.61"
"18,34 : 79.31"
"18,35 : 46.75"
"18,36 : 60.22"
"18,37 : 46.1"
"18,38 : 85.15"
"18,39 : 85.38"
"18,40 : 48.04"
"18,41 : 55.73"
"18,42 : 70.41"
"18,43 : 97.67"
"18,44 : 65.76"
"18,45 : 26.4"
"18,46 : 37.66"
"18,47 : 75.59"
"18,48 : 80.89"
"18,49 : 91.71"
"18,50 : 97.2"
"18,51 : 96.67"
"18,52 : 29.55"
"18,53 : 96.21"
"18,54 : 93.05"
"18,55 : 31.05"
"18,56 : 46.53"
"18,57 : 61.59"
"18,58 : 73.43"
"18,59 : 93.01"
"18,60 : 76.48"
"18,61 : 72.03"
"18,62 : 77.39"
"18,63 : 86.4"
"18,64 : 61.13"
"18,65 : 95.63"
"18,66 : 25.96"
"18,67 : 72.53"
"18,68 : 4.47"
"18,69 : 80.32"
"18,70 : 65.01"
"18,71 : 85.43"
"18,72 : 107.42"
"18,73 : 92.03"
"18,74 : 41.3"
"18,75 : 36.25"
"18,76 : 107.48"
"18,77 : 73.0"
"18,78 : 29.61"
"18,79 : 93.49"
"18,80 : 63.16"
"18,81 : 97.62"
"18,82 : 100.22"
"18,83 : 84.02"
"18,84 : 58.25"
"18,85 : 59.44"
"18,86 : 36.4"
"18,87 : 105.48"
"18,88 : 95.71"
"18,89 : 59.3"
"18,90 : 91.98"
"18,91 : 105.31"
"18,92 : 53.15"
"18,93 : 51.24"
"18,94 : 66.1"
"18,95 : 97.62"
"18,96 : 96.26"
"18,97 : 50.99"
"18,98 : 27.02"
"18,99 : 55.44"
"19,0 : 65.07"
"19,1 : 95.26"
"19,2 : 59.46"
"19,3 : 55.9"
"19,4 : 59.03"
"19,5 : 116.04"
"19,6 : 78.03"
"19,7 : 76.58"
"19,8 : 48.38"
"19,9 : 23.19"
"19,10 : 58.46"
"19,11 : 64.62"
"19,12 : 103.16"
"19,13 : 27.46"
"19,14 : 61.4"
"19,15 : 73.17"
"19,16 : 60.21"
"19,17 : 70.09"
"19,18 : 95.71"
"19,19 : 0.0"
"19,20 : 88.6"
"19,21 : 92.2"
"19,22 : 106.68"
"19,23 : 79.65"
"19,24 : 27.73"
"19,25 : 70.09"
"19,26 : 114.59"
"19,27 : 23.6"
"19,28 : 5.39"
"19,29 : 87.2"
"19,30 : 75.11"
"19,31 : 71.02"
"19,32 : 86.45"
"19,33 : 90.6"
"19,34 : 18.6"
"19,35 : 82.33"
"19,36 : 89.27"
"19,37 : 49.65"
"19,38 : 15.81"
"19,39 : 13.45"
"19,40 : 50.16"
"19,41 : 47.43"
"19,42 : 118.19"
"19,43 : 36.06"
"19,44 : 60.8"
"19,45 : 87.21"
"19,46 : 58.05"
"19,47 : 103.47"
"19,48 : 127.78"
"19,49 : 47.52"
"19,50 : 77.67"
"19,51 : 81.25"
"19,52 : 73.41"
"19,53 : 79.08"
"19,54 : 51.48"
"19,55 : 69.08"
"19,56 : 49.24"
"19,57 : 92.85"
"19,58 : 61.77"
"19,59 : 45.28"
"19,60 : 59.03"
"19,61 : 29.73"
"19,62 : 66.64"
"19,63 : 96.61"
"19,64 : 35.85"
"19,65 : 29.02"
"19,66 : 73.39"
"19,67 : 115.62"
"19,68 : 91.41"
"19,69 : 47.54"
"19,70 : 34.67"
"19,71 : 57.57"
"19,72 : 81.3"
"19,73 : 48.51"
"19,74 : 57.78"
"19,75 : 69.35"
"19,76 : 95.71"
"19,77 : 86.28"
"19,78 : 66.1"
"19,79 : 106.51"
"19,80 : 102.65"
"19,81 : 66.61"
"19,82 : 60.07"
"19,83 : 75.39"
"19,84 : 68.68"
"19,85 : 111.07"
"19,86 : 67.54"
"19,87 : 57.14"
"19,88 : 60.53"
"19,89 : 42.44"
"19,90 : 37.22"
"19,91 : 59.08"
"19,92 : 43.32"
"19,93 : 48.76"
"19,94 : 109.71"
"19,95 : 100.9"
"19,96 : 104.55"
"19,97 : 62.48"
"19,98 : 86.31"
"19,99 : 46.32"
"20,0 : 42.94"
"20,1 : 20.59"
"20,2 : 43.66"
"20,3 : 33.54"
"20,4 : 89.69"
"20,5 : 54.0"
"20,6 : 61.55"
"20,7 : 36.8"
"20,8 : 40.26"
"20,9 : 65.79"
"20,10 : 30.46"
"20,11 : 25.02"
"20,12 : 14.56"
"20,13 : 80.02"
"20,14 : 76.03"
"20,15 : 32.31"
"20,16 : 49.24"
"20,17 : 18.79"
"20,18 : 96.18"
"20,19 : 88.6"
"20,20 : 0.0"
"20,21 : 91.92"
"20,22 : 29.83"
"20,23 : 65.07"
"20,24 : 73.0"
"20,25 : 46.62"
"20,26 : 54.04"
"20,27 : 71.25"
"20,28 : 85.38"
"20,29 : 55.8"
"20,30 : 23.26"
"20,31 : 85.76"
"20,32 : 20.59"
"20,33 : 32.7"
"20,34 : 74.67"
"20,35 : 49.68"
"20,36 : 38.47"
"20,37 : 80.65"
"20,38 : 73.76"
"20,39 : 76.69"
"20,40 : 68.31"
"20,41 : 59.67"
"20,42 : 55.04"
"20,43 : 55.95"
"20,44 : 37.64"
"20,45 : 70.18"
"20,46 : 80.62"
"20,47 : 34.0"
"20,48 : 58.46"
"20,49 : 42.05"
"20,50 : 12.73"
"20,51 : 8.49"
"20,52 : 69.2"
"20,53 : 10.63"
"20,54 : 38.47"
"20,55 : 70.72"
"20,56 : 77.49"
"20,57 : 39.0"
"20,58 : 31.4"
"20,59 : 44.72"
"20,60 : 32.02"
"20,61 : 65.07"
"20,62 : 25.32"
"20,63 : 17.12"
"20,64 : 71.45"
"20,65 : 61.74"
"20,66 : 74.4"
"20,67 : 50.09"
"20,68 : 94.79"
"20,69 : 41.59"
"20,70 : 66.12"
"20,71 : 31.05"
"20,72 : 18.44"
"20,73 : 41.15"
"20,74 : 68.03"
"20,75 : 63.25"
"20,76 : 11.4"
"20,77 : 24.19"
"20,78 : 83.24"
"20,79 : 22.47"
"20,80 : 44.91"
"20,81 : 24.84"
"20,82 : 33.3"
"20,83 : 15.3"
"20,84 : 39.96"
"20,85 : 56.72"
"20,86 : 64.35"
"20,87 : 40.31"
"20,88 : 30.23"
"20,89 : 61.81"
"20,90 : 52.39"
"20,91 : 38.21"
"20,92 : 72.78"
"20,93 : 64.56"
"20,94 : 49.16"
"20,95 : 13.45"
"20,96 : 18.44"
"20,97 : 50.54"
"20,98 : 69.43"
"20,99 : 61.61"
"21,0 : 52.48"
"21,1 : 111.87"
"21,2 : 55.46"
"21,3 : 87.32"
"21,4 : 35.85"
"21,5 : 65.92"
"21,6 : 30.48"
"21,7 : 55.17"
"21,8 : 79.38"
"21,9 : 87.05"
"21,10 : 85.43"
"21,11 : 77.18"
"21,12 : 99.81"
"21,13 : 64.76"
"21,14 : 31.14"
"21,15 : 108.78"
"21,16 : 49.24"
"21,17 : 87.37"
"21,18 : 4.47"
"21,19 : 92.2"
"21,20 : 91.92"
"21,21 : 0.0"
"21,22 : 80.5"
"21,23 : 26.91"
"21,24 : 65.49"
"21,25 : 46.62"
"21,26 : 63.95"
"21,27 : 71.25"
"21,28 : 86.88"
"21,29 : 37.74"
"21,30 : 102.08"
"21,31 : 21.54"
"21,32 : 72.35"
"21,33 : 62.68"
"21,34 : 75.54"
"21,35 : 42.64"
"21,36 : 56.3"
"21,37 : 42.72"
"21,38 : 81.3"
"21,39 : 81.61"
"21,40 : 44.0"
"21,41 : 51.48"
"21,42 : 67.74"
"21,43 : 93.38"
"21,44 : 61.29"
"21,45 : 22.47"
"21,46 : 34.21"
"21,47 : 72.01"
"21,48 : 78.41"
"21,49 : 87.28"
"21,50 : 92.8"
"21,51 : 92.31"
"21,52 : 25.08"
"21,53 : 91.83"
"21,54 : 88.6"
"21,55 : 26.68"
"21,56 : 42.95"
"21,57 : 57.8"
"21,58 : 68.96"
"21,59 : 88.6"
"21,60 : 72.01"
"21,61 : 68.0"
"21,62 : 72.95"
"21,63 : 82.42"
"21,64 : 57.31"
"21,65 : 91.44"
"21,66 : 21.59"
"21,67 : 69.63"
"21,68 : 4.0"
"21,69 : 75.89"
"21,70 : 61.01"
"21,71 : 80.96"
"21,72 : 103.0"
"21,73 : 87.6"
"21,74 : 37.12"
"21,75 : 31.78"
"21,76 : 103.25"
"21,77 : 68.88"
"21,78 : 26.25"
"21,79 : 89.69"
"21,80 : 59.81"
"21,81 : 93.15"
"21,82 : 95.75"
"21,83 : 79.65"
"21,84 : 53.82"
"21,85 : 56.72"
"21,86 : 31.95"
"21,87 : 101.02"
"21,88 : 91.24"
"21,89 : 55.15"
"21,90 : 87.66"
"21,91 : 100.85"
"21,92 : 49.37"
"21,93 : 47.1"
"21,94 : 63.06"
"21,95 : 93.6"
"21,96 : 92.36"
"21,97 : 46.52"
"21,98 : 23.02"
"21,99 : 51.24"
"22,0 : 45.89"
"22,1 : 47.1"
"22,2 : 50.0"
"22,3 : 57.49"
"22,4 : 90.14"
"22,5 : 25.96"
"22,6 : 53.6"
"22,7 : 34.23"
"22,8 : 60.31"
"22,9 : 85.8"
"22,10 : 53.91"
"22,11 : 43.86"
"22,12 : 25.96"
"22,13 : 91.09"
"22,14 : 75.17"
"22,15 : 61.98"
"22,16 : 52.77"
"22,17 : 44.1"
"22,18 : 84.12"
"22,19 : 106.68"
"22,20 : 29.83"
"22,21 : 80.5"
"22,22 : 0.0"
"22,23 : 56.32"
"22,24 : 85.09"
"22,25 : 45.04"
"22,26 : 26.57"
"22,27 : 85.49"
"22,28 : 102.47"
"22,29 : 43.08"
"22,30 : 52.81"
"22,31 : 81.58"
"22,32 : 20.25"
"22,33 : 20.02"
"22,34 : 89.9"
"22,35 : 40.02"
"22,36 : 25.5"
"22,37 : 84.15"
"22,38 : 90.92"
"22,39 : 93.54"
"22,40 : 72.44"
"22,41 : 66.71"
"22,42 : 26.48"
"22,43 : 79.2"
"22,44 : 46.62"
"22,45 : 58.18"
"22,46 : 81.06"
"22,47 : 8.6"
"22,48 : 28.64"
"22,49 : 65.07"
"22,50 : 41.23"
"22,51 : 37.34"
"22,52 : 63.35"
"22,53 : 39.0"
"22,54 : 62.37"
"22,55 : 66.75"
"22,56 : 81.22"
"22,57 : 23.09"
"22,58 : 44.94"
"22,59 : 67.9"
"22,60 : 48.01"
"22,61 : 78.79"
"22,62 : 40.61"
"22,63 : 13.0"
"22,64 : 80.78"
"22,65 : 83.63"
"22,66 : 68.66"
"22,67 : 21.38"
"22,68 : 84.1"
"22,69 : 60.0"
"22,70 : 77.16"
"22,71 : 52.33"
"22,72 : 48.27"
"22,73 : 64.38"
"22,74 : 69.01"
"22,75 : 59.41"
"22,76 : 36.06"
"22,77 : 20.62"
"22,78 : 80.75"
"22,79 : 11.18"
"22,80 : 21.93"
"22,81 : 51.97"
"22,82 : 60.21"
"22,83 : 34.06"
"22,84 : 41.77"
"22,85 : 31.38"
"22,86 : 61.29"
"22,87 : 67.74"
"22,88 : 56.04"
"22,89 : 70.6"
"22,90 : 74.33"
"22,91 : 65.86"
"22,92 : 79.08"
"22,93 : 69.87"
"22,94 : 22.83"
"22,95 : 20.22"
"22,96 : 15.81"
"22,97 : 52.35"
"22,98 : 57.78"
"22,99 : 68.66"
"23,0 : 26.57"
"23,1 : 84.96"
"23,2 : 30.59"
"23,3 : 62.36"
"23,4 : 37.64"
"23,5 : 47.85"
"23,6 : 3.61"
"23,7 : 28.28"
"23,8 : 55.58"
"23,9 : 68.66"
"23,10 : 60.08"
"23,11 : 50.99"
"23,12 : 73.5"
"23,13 : 54.2"
"23,14 : 23.71"
"23,15 : 82.76"
"23,16 : 25.08"
"23,17 : 60.9"
"23,18 : 31.24"
"23,19 : 79.65"
"23,20 : 65.07"
"23,21 : 26.91"
"23,22 : 56.32"
"23,23 : 0.0"
"23,24 : 51.97"
"23,25 : 20.12"
"23,26 : 45.89"
"23,27 : 56.36"
"23,28 : 74.3"
"23,29 : 14.0"
"23,30 : 75.66"
"23,31 : 26.0"
"23,32 : 45.8"
"23,33 : 37.16"
"23,34 : 61.27"
"23,35 : 16.55"
"23,36 : 31.02"
"23,37 : 36.62"
"23,38 : 65.92"
"23,39 : 67.12"
"23,40 : 30.0"
"23,41 : 32.89"
"23,42 : 50.01"
"23,43 : 72.03"
"23,44 : 35.74"
"23,45 : 8.06"
"23,46 : 29.97"
"23,47 : 48.27"
"23,48 : 61.19"
"23,49 : 63.64"
"23,50 : 66.03"
"23,51 : 65.44"
"23,52 : 8.54"
"23,53 : 65.0"
"23,54 : 64.33"
"23,55 : 13.42"
"23,56 : 34.83"
"23,57 : 33.24"
"23,58 : 43.08"
"23,59 : 65.38"
"23,60 : 46.49"
"23,61 : 51.26"
"23,62 : 46.53"
"23,63 : 56.44"
"23,64 : 44.1"
"23,65 : 71.57"
"23,66 : 13.04"
"23,67 : 50.25"
"23,68 : 29.73"
"23,69 : 52.35"
"23,70 : 45.19"
"23,71 : 55.66"
"23,72 : 76.28"
"23,73 : 63.79"
"23,74 : 22.67"
"23,75 : 10.3"
"23,76 : 76.42"
"23,77 : 42.44"
"23,78 : 26.48"
"23,79 : 64.47"
"23,80 : 38.01"
"23,81 : 67.12"
"23,82 : 70.52"
"23,83 : 52.8"
"23,84 : 27.29"
"23,85 : 39.56"
"23,86 : 12.21"
"23,87 : 76.4"
"23,88 : 65.79"
"23,89 : 37.7"
"23,90 : 66.01"
"23,91 : 75.96"
"23,92 : 37.64"
"23,93 : 30.89"
"23,94 : 43.19"
"23,95 : 67.42"
"23,96 : 66.65"
"23,97 : 22.09"
"23,98 : 7.07"
"23,99 : 33.62"
"24,0 : 40.31"
"24,1 : 84.93"
"24,2 : 35.34"
"24,3 : 45.54"
"24,4 : 35.44"
"24,5 : 90.8"
"24,6 : 50.48"
"24,7 : 52.35"
"24,8 : 35.44"
"24,9 : 24.6"
"24,10 : 46.57"
"24,11 : 48.01"
"24,12 : 87.09"
"24,13 : 7.28"
"24,14 : 34.37"
"24,15 : 67.98"
"24,16 : 34.41"
"24,17 : 56.57"
"24,18 : 69.26"
"24,19 : 27.73"
"24,20 : 73.0"
"24,21 : 65.49"
"24,22 : 85.09"
"24,23 : 51.97"
"24,24 : 0.0"
"24,25 : 44.2"
"24,26 : 89.2"
"24,27 : 6.32"
"24,28 : 22.36"
"24,29 : 60.21"
"24,30 : 66.41"
"24,31 : 45.0"
"24,32 : 65.52"
"24,33 : 67.08"
"24,34 : 10.05"
"24,35 : 55.9"
"24,36 : 64.66"
"24,37 : 24.33"
"24,38 : 16.03"
"24,39 : 16.12"
"24,40 : 22.47"
"24,41 : 20.52"
"24,42 : 93.01"
"24,43 : 36.12"
"24,44 : 38.6"
"24,45 : 59.48"
"24,46 : 32.02"
"24,47 : 80.53"
"24,48 : 103.17"
"24,49 : 39.36"
"24,50 : 64.63"
"24,51 : 67.27"
"24,52 : 45.69"
"24,53 : 65.38"
"24,54 : 42.95"
"24,55 : 41.44"
"24,56 : 23.02"
"24,57 : 68.26"
"24,58 : 42.3"
"24,59 : 38.59"
"24,60 : 41.01"
"24,61 : 8.54"
"24,62 : 48.17"
"24,63 : 76.9"
"24,64 : 8.25"
"24,65 : 31.06"
"24,66 : 45.88"
"24,67 : 90.97"
"24,68 : 65.12"
"24,69 : 32.76"
"24,70 : 8.06"
"24,71 : 43.74"
"24,72 : 71.31"
"24,73 : 40.25"
"24,74 : 30.08"
"24,75 : 41.68"
"24,76 : 82.3"
"24,77 : 64.51"
"24,78 : 40.0"
"24,79 : 87.1"
"24,80 : 77.67"
"24,81 : 56.32"
"24,82 : 52.8"
"24,83 : 58.08"
"24,84 : 44.29"
"24,85 : 85.04"
"24,86 : 39.82"
"24,87 : 53.54"
"24,88 : 50.92"
"24,89 : 15.62"
"24,90 : 32.65"
"24,91 : 54.71"
"24,92 : 16.12"
"24,93 : 21.1"
"24,94 : 84.63"
"24,95 : 83.49"
"24,96 : 86.15"
"24,97 : 36.24"
"24,98 : 58.59"
"24,99 : 19.1"
"25,0 : 7.0"
"25,1 : 65.8"
"25,2 : 12.37"
"25,3 : 42.76"
"25,4 : 45.54"
"25,5 : 46.62"
"25,6 : 16.55"
"25,7 : 11.18"
"25,8 : 37.01"
"25,9 : 54.56"
"25,10 : 40.26"
"25,11 : 30.87"
"25,12 : 56.86"
"25,13 : 48.88"
"25,14 : 30.81"
"25,15 : 62.65"
"25,16 : 9.9"
"25,17 : 40.82"
"25,18 : 51.04"
"25,19 : 70.09"
"25,20 : 46.62"
"25,21 : 46.62"
"25,22 : 45.04"
"25,23 : 20.12"
"25,24 : 44.2"
"25,25 : 0.0"
"25,26 : 45.0"
"25,27 : 46.67"
"25,28 : 65.07"
"25,29 : 18.68"
"25,30 : 55.57"
"25,31 : 39.36"
"25,32 : 29.41"
"25,33 : 25.18"
"25,34 : 51.62"
"25,35 : 12.53"
"25,36 : 21.19"
"25,37 : 39.12"
"25,38 : 54.82"
"25,39 : 56.73"
"25,40 : 27.66"
"25,41 : 23.85"
"25,42 : 48.83"
"25,43 : 55.11"
"25,44 : 16.12"
"25,45 : 27.2"
"25,46 : 36.35"
"25,47 : 38.64"
"25,48 : 59.17"
"25,49 : 45.0"
"25,50 : 46.23"
"25,51 : 45.97"
"25,52 : 22.67"
"25,53 : 45.34"
"25,54 : 45.18"
"25,55 : 24.19"
"25,56 : 36.22"
"25,57 : 24.7"
"25,58 : 23.09"
"25,59 : 47.04"
"25,60 : 26.68"
"25,61 : 40.36"
"25,62 : 26.42"
"25,63 : 41.23"
"25,64 : 38.08"
"25,65 : 55.97"
"25,66 : 27.8"
"25,67 : 47.01"
"25,68 : 49.04"
