x,y
79,45
9,11
78,5
74,2
24,74
100,17
7,21
34,44
9,60
38,28
52,15
86,48
49,63
30,70
87,56
49,76
3,4
67,10
44,78
64,68
65,28
49,54
63,87
93,97
92,0
68,50
98,93
89,24
56,66
72,58
15,34
42,48
57,22
45,2
86,44
68,46
51,86
11,52
86,97
63,30
60,67
34,95
54,25
43,46
11,91
80,67
56,2
74,49
39,46
96,95
83,5
92,96
50,27
39,58
37,79
72,78
24,61
31,89
19,86
99,58
15,85
2,39
47,76
35,95
82,0
77,82
79,71
53,33
24,78
84,48
24,5
34,3
15,3
77,48
46,36
57,10
82,95
69,95
32,5
35,86
4,55
95,64
85,89
56,93
23,8
3,83
89,38
49,94
91,59
17,2
87,63
27,44
18,76
50,21
23,36
30,35
16,97
42,20
51,4
3,74

Distanze
"0,0 : 0.0"
"0,1 : 77.82"
"0,2 : 40.01"
"0,3 : 43.29"
"0,4 : 62.18"
"0,5 : 35.0"
"0,6 : 75.89"
"0,7 : 45.01"
"0,8 : 71.59"
"0,9 : 44.38"
"0,10 : 40.36"
"0,11 : 7.62"
"0,12 : 34.99"
"0,13 : 55.01"
"0,14 : 13.6"
"0,15 : 43.14"
"0,16 : 86.35"
"0,17 : 37.0"
"0,18 : 48.1"
"0,19 : 27.46"
"0,20 : 22.02"
"0,21 : 31.32"
"0,22 : 44.94"
"0,23 : 53.85"
"0,24 : 46.84"
"0,25 : 12.08"
"0,26 : 51.62"
"0,27 : 23.26"
"0,28 : 31.14"
"0,29 : 14.76"
"0,30 : 64.94"
"0,31 : 37.12"
"0,32 : 31.83"
"0,33 : 54.82"
"0,34 : 7.07"
"0,35 : 11.05"
"0,36 : 49.65"
"0,37 : 68.36"
"0,38 : 52.47"
"0,39 : 21.93"
"0,40 : 29.07"
"0,41 : 67.27"
"0,42 : 32.02"
"0,43 : 36.01"
"0,44 : 82.1"
"0,45 : 22.02"
"0,46 : 48.76"
"0,47 : 6.4"
"0,48 : 40.01"
"0,49 : 52.81"
"0,50 : 40.2"
"0,51 : 52.63"
"0,52 : 34.13"
"0,53 : 42.06"
"0,54 : 54.04"
"0,55 : 33.73"
"0,56 : 57.28"
"0,57 : 65.12"
"0,58 : 72.67"
"0,59 : 23.85"
"0,60 : 75.47"
"0,61 : 77.23"
"0,62 : 44.55"
"0,63 : 66.6"
"0,64 : 45.1"
"0,65 : 37.05"
"0,66 : 26.0"
"0,67 : 28.64"
"0,68 : 64.14"
"0,69 : 5.83"
"0,70 : 68.01"
"0,71 : 61.55"
"0,72 : 76.55"
"0,73 : 3.61"
"0,74 : 34.21"
"0,75 : 41.34"
"0,76 : 50.09"
"0,77 : 50.99"
"0,78 : 61.72"
"0,79 : 60.14"
"0,80 : 75.66"
"0,81 : 24.84"
"0,82 : 44.41"
"0,83 : 53.23"
"0,84 : 67.12"
"0,85 : 84.97"
"0,86 : 12.21"
"0,87 : 57.45"
"0,88 : 18.44"
"0,89 : 75.45"
"0,90 : 19.7"
"0,91 : 52.01"
"0,92 : 68.43"
"0,93 : 37.64"
"0,94 : 56.72"
"0,95 : 50.01"
"0,96 : 81.69"
"0,97 : 44.65"
"0,98 : 49.65"
"0,99 : 81.34"
"1,0 : 77.82"
"1,1 : 0.0"
"1,2 : 69.26"
"1,3 : 65.62"
"1,4 : 64.76"
"1,5 : 91.2"
"1,6 : 10.2"
"1,7 : 41.4"
"1,8 : 49.0"
"1,9 : 33.62"
"1,10 : 43.19"
"1,11 : 85.43"
"1,12 : 65.6"
"1,13 : 62.63"
"1,14 : 90.05"
"1,15 : 76.32"
"1,16 : 9.22"
"1,17 : 58.01"
"1,18 : 75.59"
"1,19 : 79.21"
"1,20 : 58.52"
"1,21 : 58.73"
"1,22 : 93.23"
"1,23 : 120.22"
"1,24 : 83.73"
"1,25 : 70.72"
"1,26 : 121.02"
"1,27 : 81.05"
"1,28 : 72.35"
"1,29 : 78.6"
"1,30 : 23.77"
"1,31 : 49.58"
"1,32 : 49.24"
"1,33 : 37.11"
"1,34 : 83.77"
"1,35 : 68.6"
"1,36 : 85.96"
"1,37 : 41.05"
"1,38 : 115.43"
"1,39 : 57.25"
"1,40 : 75.74"
"1,41 : 87.64"
"1,42 : 47.13"
"1,43 : 48.8"
"1,44 : 80.02"
"1,45 : 90.43"
"1,46 : 47.85"
"1,47 : 75.29"
"1,48 : 46.1"
"1,49 : 120.93"
"1,50 : 74.24"
"1,51 : 118.8"
"1,52 : 44.01"
"1,53 : 55.76"
"1,54 : 73.54"
"1,55 : 91.97"
"1,56 : 52.2"
"1,57 : 81.04"
"1,58 : 75.66"
"1,59 : 101.53"
"1,60 : 74.24"
"1,61 : 28.86"
"1,62 : 75.29"
"1,63 : 87.93"
"1,64 : 73.82"
"1,65 : 98.31"
"1,66 : 92.2"
"1,67 : 49.19"
"1,68 : 68.66"
"1,69 : 83.63"
"1,70 : 16.16"
"1,71 : 26.25"
"1,72 : 10.0"
"1,73 : 77.41"
"1,74 : 44.65"
"1,75 : 48.01"
"1,76 : 111.29"
"1,77 : 103.23"
"1,78 : 23.77"
"1,79 : 79.38"
"1,80 : 44.28"
"1,81 : 101.02"
"1,82 : 108.9"
"1,83 : 94.51"
"1,84 : 14.32"
"1,85 : 72.25"
"1,86 : 84.43"
"1,87 : 92.14"
"1,88 : 95.02"
"1,89 : 12.04"
"1,90 : 93.74"
"1,91 : 37.59"
"1,92 : 65.62"
"1,93 : 42.2"
"1,94 : 28.65"
"1,95 : 31.89"
"1,96 : 86.28"
"1,97 : 34.21"
"1,98 : 42.58"
"1,99 : 63.29"
"2,0 : 40.01"
"2,1 : 69.26"
"2,2 : 0.0"
"2,3 : 5.0"
"2,4 : 87.62"
"2,5 : 25.06"
"2,6 : 72.78"
"2,7 : 58.8"
"2,8 : 88.24"
"2,9 : 46.14"
"2,10 : 27.86"
"2,11 : 43.74"
"2,12 : 64.85"
"2,13 : 80.8"
"2,14 : 51.79"
"2,15 : 76.69"
"2,16 : 75.01"
"2,17 : 12.08"
"2,18 : 80.53"
"2,19 : 64.54"
"2,20 : 26.42"
"2,21 : 56.94"
"2,22 : 83.36"
"2,23 : 93.21"
"2,24 : 14.87"
"2,25 : 46.1"
"2,26 : 90.24"
"2,27 : 21.95"
"2,28 : 64.85"
"2,29 : 53.34"
"2,30 : 69.35"
"2,31 : 56.08"
"2,32 : 27.02"
"2,33 : 33.14"
"2,34 : 39.81"
"2,35 : 42.2"
"2,36 : 85.38"
"2,37 : 81.84"
"2,38 : 92.35"
"2,39 : 29.15"
"2,40 : 64.56"
"2,41 : 100.18"
"2,42 : 31.24"
"2,43 : 53.91"
"2,44 : 109.02"
"2,45 : 62.03"
"2,46 : 22.2"
"2,47 : 44.18"
"2,48 : 56.59"
"2,49 : 91.78"
"2,50 : 5.0"
"2,51 : 92.07"
"2,52 : 35.61"
"2,53 : 65.8"
"2,54 : 84.6"
"2,55 : 73.25"
"2,56 : 77.79"
"2,57 : 96.25"
"2,58 : 100.21"
"2,59 : 57.01"
"2,60 : 101.83"
"2,61 : 83.26"
"2,62 : 77.47"
"2,63 : 99.74"
"2,64 : 6.4"
"2,65 : 77.01"
"2,66 : 66.01"
"2,67 : 37.54"
"2,68 : 90.8"
"2,69 : 43.42"
"2,70 : 54.0"
"2,71 : 44.05"
"2,72 : 63.03"
"2,73 : 43.01"
"2,74 : 44.55"
"2,75 : 21.59"
"2,76 : 90.09"
"2,77 : 90.45"
"2,78 : 46.0"
"2,79 : 91.71"
"2,80 : 89.31"
"2,81 : 61.4"
"2,82 : 84.29"
"2,83 : 90.71"
"2,84 : 55.08"
"2,85 : 108.21"
"2,86 : 34.79"
"2,87 : 93.61"
"2,88 : 55.54"
"2,89 : 61.07"
"2,90 : 58.69"
"2,91 : 64.2"
"2,92 : 92.96"
"2,93 : 32.25"
"2,94 : 63.13"
"2,95 : 56.6"
"2,96 : 110.94"
"2,97 : 39.0"
"2,98 : 27.02"
"2,99 : 101.91"
"3,0 : 43.29"
"3,1 : 65.62"
"3,2 : 5.0"
"3,3 : 0.0"
"3,4 : 87.66"
"3,5 : 30.02"
"3,6 : 69.64"
"3,7 : 58.0"
"3,8 : 87.11"
"3,9 : 44.41"
"3,10 : 25.55"
"3,11 : 47.54"
"3,12 : 65.92"
"3,13 : 80.99"
"3,14 : 55.54"
"3,15 : 78.11"
"3,16 : 71.03"
"3,17 : 10.63"
"3,18 : 81.71"
"3,19 : 66.75"
"3,20 : 27.51"
"3,21 : 57.7"
"3,22 : 85.71"
"3,23 : 96.88"
"3,24 : 18.11"
"3,25 : 48.37"
"3,26 : 94.11"
"3,27 : 26.63"
"3,28 : 66.48"
"3,29 : 56.04"
"3,30 : 67.12"
"3,31 : 56.04"
"3,32 : 26.25"
"3,33 : 29.0"
"3,34 : 43.68"
"3,35 : 44.41"
"3,36 : 87.09"
"3,37 : 80.43"
"3,38 : 95.75"
"3,39 : 30.08"
"3,40 : 66.49"
"3,41 : 101.24"
"3,42 : 30.48"
"3,43 : 53.82"
"3,44 : 109.04"
"3,45 : 65.28"
"3,46 : 18.0"
"3,47 : 47.0"
"3,48 : 56.22"
"3,49 : 95.57"
"3,50 : 9.49"
"3,51 : 95.71"
"3,52 : 34.66"
"3,53 : 66.04"
"3,54 : 85.43"
"3,55 : 76.03"
"3,56 : 77.34"
"3,57 : 97.05"
"3,58 : 100.4"
"3,59 : 61.33"
"3,60 : 101.83"
"3,61 : 80.95"
"3,62 : 78.77"
"3,63 : 100.85"
"3,64 : 8.25"
"3,65 : 80.06"
"3,66 : 69.18"
"3,67 : 37.44"
"3,68 : 90.97"
"3,69 : 47.07"
"3,70 : 50.09"
"3,71 : 40.01"
"3,72 : 59.01"
"3,73 : 46.1"
"3,74 : 44.05"
"3,75 : 18.79"
"3,76 : 93.34"
"3,77 : 93.13"
"3,78 : 42.11"
"3,79 : 92.61"
"3,80 : 87.8"
"3,81 : 65.46"
"3,82 : 87.69"
"3,83 : 92.76"
"3,84 : 51.35"
"3,85 : 107.71"
"3,86 : 39.0"
"3,87 : 95.34"
"3,88 : 59.48"
"3,89 : 57.0"
"3,90 : 62.37"
"3,91 : 63.03"
"3,92 : 92.8"
"3,93 : 30.61"
"3,94 : 61.29"
"3,95 : 55.0"
"3,96 : 111.31"
"3,97 : 36.72"
"3,98 : 23.09"
"3,99 : 101.12"
"4,0 : 62.18"
"4,1 : 64.76"
"4,2 : 87.62"
"4,3 : 87.66"
"4,4 : 0.0"
"4,5 : 95.0"
"4,6 : 55.66"
"4,7 : 31.62"
"4,8 : 20.52"
"4,9 : 48.08"
"4,10 : 65.31"
"4,11 : 67.23"
"4,12 : 27.31"
"4,13 : 7.21"
"4,14 : 65.52"
"4,15 : 25.08"
"4,16 : 73.08"
"4,17 : 77.1"
"4,18 : 20.4"
"4,19 : 40.45"
"4,20 : 61.62"
"4,21 : 32.02"
"4,22 : 41.11"
"4,23 : 72.73"
"4,24 : 100.5"
"4,25 : 50.12"
"4,26 : 76.4"
"4,27 : 82.01"
"4,28 : 32.98"
"4,29 : 50.6"
"4,30 : 41.0"
"4,31 : 31.62"
"4,32 : 61.59"
"4,33 : 75.0"
"4,34 : 68.88"
"4,35 : 52.15"
"4,36 : 29.55"
"4,37 : 25.55"
"4,38 : 66.13"
"4,39 : 58.8"
"4,40 : 36.67"
"4,41 : 23.26"
"4,42 : 57.45"
"4,43 : 33.84"
"4,44 : 21.4"
"4,45 : 56.44"
"4,46 : 78.79"
"4,47 : 55.9"
"4,48 : 31.76"
"4,49 : 75.0"
"4,50 : 90.79"
"4,51 : 71.47"
"4,52 : 53.71"
"4,53 : 21.93"
"4,54 : 13.93"
"4,55 : 48.17"
"4,56 : 13.0"
"4,57 : 16.55"
"4,58 : 13.0"
"4,59 : 76.69"
"4,60 : 14.21"
"4,61 : 41.34"
"4,62 : 23.09"
"4,63 : 23.71"
"4,64 : 94.02"
"4,65 : 53.6"
"4,66 : 55.08"
"4,67 : 50.22"
"4,68 : 4.0"
"4,69 : 65.39"
"4,70 : 69.0"
"4,71 : 71.7"
"4,72 : 71.57"
"4,73 : 59.03"
"4,74 : 43.91"
"4,75 : 72.01"
"4,76 : 61.68"
"4,77 : 49.66"
"4,78 : 69.46"
"4,79 : 16.28"
"4,80 : 27.59"
"4,81 : 71.7"
"4,82 : 62.82"
"4,83 : 37.22"
"4,84 : 66.01"
"4,85 : 22.85"
"4,86 : 74.3"
"4,87 : 32.02"
"4,88 : 68.66"
"4,89 : 72.34"
"4,90 : 63.95"
"4,91 : 30.15"
"4,92 : 6.32"
"4,93 : 59.03"
"4,94 : 38.01"
"4,95 : 39.46"
"4,96 : 24.35"
"4,97 : 56.92"
"4,98 : 75.03"
"4,99 : 21.0"
"5,0 : 35.0"
"5,1 : 91.2"
"5,2 : 25.06"
"5,3 : 30.02"
"5,4 : 95.0"
"5,5 : 0.0"
"5,6 : 93.09"
"5,7 : 71.31"
"5,8 : 100.65"
"5,9 : 62.97"
"5,10 : 48.04"
"5,11 : 34.01"
"5,12 : 68.68"
"5,13 : 87.8"
"5,14 : 41.11"
"5,15 : 77.99"
"5,16 : 97.87"
"5,17 : 33.73"
"5,18 : 82.81"
"5,19 : 62.43"
"5,20 : 36.69"
"5,21 : 63.01"
"5,22 : 79.18"
"5,23 : 80.31"
"5,24 : 18.79"
"5,25 : 45.97"
"5,26 : 76.03"
"5,27 : 13.04"
"5,28 : 65.86"
"5,29 : 49.65"
"5,30 : 86.68"
"5,31 : 65.76"
"5,32 : 43.29"
"5,33 : 57.01"
"5,34 : 30.41"
"5,35 : 43.19"
"5,36 : 84.63"
"5,37 : 95.63"
"5,38 : 81.22"
"5,39 : 39.22"
"5,40 : 64.03"
"5,41 : 102.18"
"5,42 : 46.69"
"5,43 : 63.95"
"5,44 : 115.75"
"5,45 : 53.85"
"5,46 : 46.49"
"5,47 : 41.23"
"5,48 : 67.54"
"5,49 : 78.1"
"5,50 : 20.81"
"5,51 : 79.4"
"5,52 : 50.99"
"5,53 : 73.5"
"5,54 : 88.39"
"5,55 : 67.12"
"5,56 : 87.82"
"5,57 : 99.72"
"5,58 : 106.4"
"5,59 : 41.01"
"5,60 : 108.85"
"5,61 : 100.44"
"5,62 : 79.31"
"5,63 : 101.53"
"5,64 : 24.76"
"5,65 : 68.95"
"5,66 : 57.94"
"5,67 : 49.65"
"5,68 : 97.45"
"5,69 : 34.89"
"5,70 : 76.94"
"5,71 : 67.47"
"5,72 : 86.15"
"5,73 : 38.6"
"5,74 : 57.25"
"5,75 : 43.57"
"5,76 : 80.05"
"5,77 : 83.93"
"5,78 : 69.05"
"5,79 : 94.79"
"5,80 : 103.25"
"5,81 : 47.27"
"5,82 : 73.55"
"5,83 : 87.82"
"5,84 : 77.52"
"5,85 : 117.32"
"5,86 : 23.71"
"5,87 : 92.36"
"5,88 : 42.95"
"5,89 : 84.34"
"5,90 : 47.8"
"5,91 : 77.83"
"5,92 : 101.02"
"5,93 : 50.16"
"5,94 : 79.31"
"5,95 : 72.28"
"5,96 : 116.0"
"5,97 : 58.08"
"5,98 : 50.7"
"5,99 : 112.51"
"6,0 : 75.89"
"6,1 : 10.2"
"6,2 : 72.78"
"6,3 : 69.64"
"6,4 : 55.66"
"6,5 : 93.09"
"6,6 : 0.0"
"6,7 : 35.47"
"6,8 : 39.05"
"6,9 : 31.78"
"6,10 : 45.4"
"6,11 : 83.49"
"6,12 : 59.4"
"6,13 : 54.13"
"6,14 : 87.32"
"6,15 : 69.2"
"6,16 : 17.46"
"6,17 : 61.0"
"6,18 : 67.96"
"6,19 : 73.88"
"6,20 : 58.42"
"6,21 : 53.41"
"6,22 : 86.56"
"6,23 : 114.77"
"6,24 : 87.56"
"6,25 : 67.54"
"6,26 : 116.04"
"6,27 : 82.05"
"6,28 : 66.53"
"6,29 : 74.79"
"6,30 : 15.26"
"6,31 : 44.2"
"6,32 : 50.01"
"6,33 : 42.49"
"6,34 : 82.28"
"6,35 : 65.92"
"6,36 : 78.49"
"6,37 : 31.26"
"6,38 : 109.62"
"6,39 : 56.72"
"6,40 : 70.18"
"6,41 : 78.77"
"6,42 : 47.17"
"6,43 : 43.83"
"6,44 : 70.11"
"6,45 : 86.28"
"6,46 : 52.55"
"6,47 : 72.62"
"6,48 : 40.61"
"6,49 : 115.75"
"6,50 : 77.67"
"6,51 : 113.36"
"6,52 : 43.42"
"6,53 : 48.92"
"6,54 : 65.3"
"6,55 : 86.45"
"6,56 : 43.46"
"6,57 : 72.11"
"6,58 : 66.1"
"6,59 : 99.16"
"6,60 : 64.5"
"6,61 : 18.68"
"6,62 : 68.01"
"6,63 : 79.12"
"6,64 : 77.88"
"6,65 : 92.85"
"6,66 : 87.66"
"6,67 : 47.54"
"6,68 : 59.48"
"6,69 : 81.6"
"6,70 : 23.35"
"6,71 : 32.45"
"6,72 : 19.7"
"6,73 : 75.03"
"6,74 : 41.79"
"6,75 : 51.2"
"6,76 : 105.36"
"6,77 : 96.54"
"6,78 : 29.68"
"6,79 : 70.77"
"6,80 : 34.13"
"6,81 : 97.94"
"6,82 : 103.48"
"6,83 : 87.09"
"6,84 : 20.62"
"6,85 : 62.13"
"6,86 : 83.74"
"6,87 : 84.22"
"6,88 : 92.2"
"6,89 : 21.47"
"6,90 : 90.35"
"6,91 : 30.48"
"6,92 : 56.09"
"6,93 : 43.0"
"6,94 : 21.93"
"6,95 : 26.93"
"6,96 : 76.53"
"6,97 : 35.01"
"6,98 : 47.17"
"6,99 : 53.15"
"7,0 : 45.01"
"7,1 : 41.4"
"7,2 : 58.8"
"7,3 : 58.0"
"7,4 : 31.62"
"7,5 : 71.31"
"7,6 : 35.47"
"7,7 : 0.0"
"7,8 : 29.68"
"7,9 : 16.49"
"7,10 : 34.13"
"7,11 : 52.15"
"7,12 : 24.21"
"7,13 : 26.31"
"7,14 : 54.34"
"7,15 : 35.34"
"7,16 : 50.61"
"7,17 : 47.38"
"7,18 : 35.44"
"7,19 : 38.42"
"7,20 : 34.89"
"7,21 : 18.03"
"7,22 : 51.87"
"7,23 : 79.31"
"7,24 : 72.8"
"7,25 : 34.53"
"7,26 : 80.6"
"7,27 : 58.52"
"7,28 : 31.11"
"7,29 : 40.5"
"7,30 : 21.47"
"7,31 : 8.94"
"7,32 : 31.83"
"7,33 : 43.42"
"7,34 : 52.0"
"7,35 : 34.06"
"7,36 : 45.31"
"7,37 : 24.35"
"7,38 : 74.25"
"7,39 : 32.2"
"7,40 : 34.71"
"7,41 : 51.0"
"7,42 : 27.59"
"7,43 : 9.22"
"7,44 : 52.33"
"7,45 : 51.43"
"7,46 : 47.41"
"7,47 : 40.31"
"7,48 : 5.39"
"7,49 : 80.28"
"7,50 : 62.63"
"7,51 : 77.9"
"7,52 : 23.35"
"7,53 : 14.87"
"7,54 : 35.13"
"7,55 : 50.99"
"7,56 : 19.72"
"7,57 : 45.1"
"7,58 : 44.6"
"7,59 : 66.49"
"7,60 : 45.19"
"7,61 : 32.39"
"7,62 : 34.54"
"7,63 : 51.01"
"7,64 : 65.12"
"7,65 : 57.38"
"7,66 : 52.48"
"7,67 : 21.95"
"7,68 : 35.44"
"7,69 : 50.16"
"7,70 : 40.26"
"7,71 : 41.0"
"7,72 : 45.19"
"7,73 : 43.19"
"7,74 : 14.42"
"7,75 : 41.05"
"7,76 : 70.04"
"7,77 : 61.85"
"7,78 : 39.05"
"7,79 : 42.01"
"7,80 : 31.95"
"7,81 : 64.2"
"7,82 : 68.01"
"7,83 : 53.71"
"7,84 : 37.64"
"7,85 : 49.82"
"7,86 : 55.33"
"7,87 : 52.2"
"7,88 : 58.94"
"7,89 : 45.31"
"7,90 : 56.3"
"7,91 : 7.0"
"7,92 : 35.78"
"7,93 : 28.02"
"7,94 : 13.6"
"7,95 : 9.85"
"7,96 : 55.97"
"7,97 : 25.3"
"7,98 : 43.46"
"7,99 : 43.14"
"8,0 : 71.59"
"8,1 : 49.0"
"8,2 : 88.24"
"8,3 : 87.11"
"8,4 : 20.52"
"8,5 : 100.65"
"8,6 : 39.05"
"8,7 : 29.68"
"8,8 : 0.0"
"8,9 : 43.19"
"8,10 : 62.24"
"8,11 : 77.93"
"8,12 : 40.11"
"8,13 : 23.26"
"8,14 : 78.1"
"8,15 : 43.08"
"8,16 : 56.32"
"8,17 : 76.58"
"8,18 : 39.36"
"8,19 : 55.58"
"8,20 : 64.5"
"8,21 : 40.45"
"8,22 : 60.37"
"8,23 : 91.79"
"8,24 : 102.42"
"8,25 : 59.84"
"8,26 : 94.92"
"8,27 : 87.73"
"8,28 : 47.38"
"8,29 : 63.03"
"8,30 : 26.68"
"8,31 : 35.11"
"8,32 : 61.22"
"8,33 : 68.26"
"8,34 : 78.64"
"8,35 : 60.64"
"8,36 : 49.4"
"8,37 : 8.25"
"8,38 : 85.43"
"8,39 : 61.77"
"8,40 : 51.48"
"8,41 : 43.01"
"8,42 : 57.01"
"8,43 : 36.77"
"8,44 : 31.06"
"8,45 : 71.34"
"8,46 : 74.65"
"8,47 : 65.92"
"8,48 : 33.11"
"8,49 : 93.78"
"8,50 : 92.2"
"8,51 : 90.47"
"8,52 : 52.63"
"8,53 : 30.07"
"8,54 : 33.84"
"8,55 : 65.52"
"8,56 : 15.03"
"8,57 : 36.4"
"8,58 : 27.86"
"8,59 : 90.02"
"8,60 : 25.71"
"8,61 : 22.14"
"8,62 : 41.23"
"8,63 : 43.6"
"8,64 : 94.49"
"8,65 : 71.47"
"8,66 : 70.86"
"8,67 : 51.62"
"8,68 : 23.43"
"8,69 : 75.95"
"8,70 : 57.01"
"8,71 : 62.24"
"8,72 : 57.31"
"8,73 : 69.05"
"8,74 : 44.1"
"8,75 : 69.31"
"8,76 : 80.96"
"8,77 : 69.46"
"8,78 : 59.62"
"8,79 : 36.77"
"8,80 : 7.07"
"8,81 : 86.09"
"8,82 : 81.34"
"8,83 : 57.43"
"8,84 : 53.85"
"8,85 : 23.77"
"8,86 : 82.97"
"8,87 : 52.5"
"8,88 : 82.01"
"8,89 : 58.55"
"8,90 : 78.06"
"8,91 : 24.08"
"8,92 : 18.36"
"8,93 : 56.59"
"8,94 : 27.78"
"8,95 : 32.65"
"8,96 : 37.66"
"8,97 : 51.86"
"8,98 : 70.0"
"8,99 : 15.23"
"9,0 : 44.38"
"9,1 : 33.62"
"9,2 : 46.14"
"9,3 : 44.41"
"9,4 : 48.08"
"9,5 : 62.97"
"9,6 : 31.78"
"9,7 : 16.49"
"9,8 : 43.19"
"9,9 : 0.0"
"9,10 : 19.1"
"9,11 : 52.0"
"9,12 : 36.69"
"9,13 : 42.76"
"9,14 : 56.44"
"9,15 : 49.24"
"9,16 : 42.44"
"9,17 : 34.13"
"9,18 : 50.36"
"9,19 : 47.71"
"9,20 : 27.0"
"9,21 : 28.23"
"9,22 : 64.08"
"9,23 : 88.24"
"9,24 : 60.83"
"9,25 : 37.2"
"9,26 : 88.46"
"9,27 : 51.16"
"9,28 : 42.05"
"9,29 : 45.34"
"9,30 : 23.77"
"9,31 : 20.4"
"9,32 : 19.92"
"9,33 : 26.93"
"9,34 : 50.6"
"9,35 : 34.99"
"9,36 : 59.44"
"9,37 : 36.12"
"9,38 : 84.05"
"9,39 : 25.08"
"9,40 : 44.78"
"9,41 : 67.12"
"9,42 : 16.28"
"9,43 : 18.68"
"9,44 : 68.54"
"9,45 : 57.31"
"9,46 : 31.62"
"9,47 : 41.68"
"9,48 : 18.03"
"9,49 : 88.62"
"9,50 : 50.54"
"9,51 : 86.83"
"9,52 : 12.04"
"9,53 : 30.02"
"9,54 : 51.01"
"9,55 : 60.46"
"9,56 : 35.85"
"9,57 : 61.4"
"9,58 : 61.03"
"9,59 : 67.98"
"9,60 : 61.47"
"9,61 : 37.64"
"9,62 : 48.84"
"9,63 : 67.07"
"9,64 : 52.15"
"9,65 : 66.61"
"9,66 : 59.41"
"9,67 : 15.81"
"9,68 : 51.92"
"9,69 : 50.16"
"9,70 : 26.93"
"9,71 : 25.32"
"9,72 : 33.97"
"9,73 : 43.83"
"9,74 : 11.31"
"9,75 : 26.17"
"9,76 : 80.16"
"9,77 : 73.82"
"9,78 : 23.77"
"9,79 : 58.08"
"9,80 : 43.42"
"9,81 : 67.42"
"9,82 : 77.01"
"9,83 : 67.45"
"9,84 : 25.0"
"9,85 : 65.19"
"9,86 : 51.97"
"9,87 : 66.91"
"9,88 : 61.4"
"9,89 : 33.42"
"9,90 : 60.22"
"9,91 : 19.42"
"9,92 : 52.0"
"9,93 : 13.89"
"9,94 : 17.0"
"9,95 : 10.63"
"9,96 : 72.42"
"9,97 : 8.94"
"9,98 : 27.29"
"9,99 : 57.8"
"10,0 : 40.36"
"10,1 : 43.19"
"10,2 : 27.86"
"10,3 : 25.55"
"10,4 : 65.31"
"10,5 : 48.04"
"10,6 : 45.4"
"10,7 : 34.13"
"10,8 : 62.24"
"10,9 : 19.1"
"10,10 : 0.0"
"10,11 : 47.38"
"10,12 : 48.09"
"10,13 : 59.24"
"10,14 : 53.91"
"10,15 : 61.07"
"10,16 : 50.22"
"10,17 : 15.81"
"10,18 : 63.51"
"10,19 : 54.34"
"10,20 : 18.38"
"10,21 : 39.12"
"10,22 : 72.84"
"10,23 : 91.68"
"10,24 : 42.72"
"10,25 : 38.48"
"10,26 : 90.55"
"10,27 : 38.08"
"10,28 : 51.16"
"10,29 : 47.42"
"10,30 : 41.59"
"10,31 : 34.48"
"10,32 : 8.6"
"10,33 : 14.76"
"10,34 : 44.69"
"10,35 : 34.89"
"10,36 : 71.01"
"10,37 : 55.23"
"10,38 : 88.77"
"10,39 : 18.6"
"10,40 : 52.61"
"10,41 : 82.0"
"10,42 : 10.2"
"10,43 : 32.28"
"10,44 : 86.35"
"10,45 : 59.06"
"10,46 : 13.6"
"10,47 : 40.5"
"10,48 : 33.62"
"10,49 : 91.3"
"10,50 : 32.57"
"10,51 : 90.34"
"10,52 : 12.17"
"10,53 : 44.92"
"10,54 : 65.73"
"10,55 : 66.1"
"10,56 : 53.85"
"10,57 : 76.92"
"10,58 : 78.29"
"10,59 : 63.7"
"10,60 : 79.18"
"10,61 : 55.46"
"10,62 : 61.2"
"10,63 : 81.79"
"10,64 : 33.54"
"10,65 : 71.51"
"10,66 : 62.17"
"10,67 : 18.03"
"10,68 : 68.94"
"10,69 : 45.97"
"10,70 : 29.73"
"10,71 : 21.63"
"10,72 : 38.9"
"10,73 : 41.4"
"10,74 : 21.84"
"10,75 : 7.07"
"10,76 : 85.44"
"10,77 : 81.79"
"10,78 : 22.36"
"10,79 : 73.01"
"10,80 : 62.48"
"10,81 : 65.19"
"10,82 : 81.02"
"10,83 : 78.1"
"10,84 : 29.83"
"10,85 : 83.82"
"10,86 : 43.57"
"10,87 : 79.06"
"10,88 : 58.8"
"10,89 : 37.34"
"10,90 : 59.41"
"10,91 : 38.29"
"10,92 : 69.84"
"10,93 : 6.32"
"10,94 : 35.81"
"10,95 : 29.73"
"10,96 : 89.55"
"10,97 : 11.18"
"10,98 : 11.05"
"10,99 : 76.69"
"11,0 : 7.62"
"11,1 : 85.43"
"11,2 : 43.74"
"11,3 : 47.54"
"11,4 : 67.23"
"11,5 : 34.01"
"11,6 : 83.49"
"11,7 : 52.15"
"11,8 : 77.93"
"11,9 : 52.0"
"11,10 : 47.38"
"11,11 : 0.0"
"11,12 : 39.92"
"11,13 : 60.17"
"11,14 : 8.06"
"11,15 : 46.4"
"11,16 : 93.94"
"11,17 : 42.49"
"11,18 : 51.61"
"11,19 : 29.73"
"11,20 : 29.0"
"11,21 : 37.48"
"11,22 : 45.28"
"11,23 : 49.5"
"11,24 : 48.37"
"11,25 : 18.11"
"11,26 : 46.57"
"11,27 : 24.19"
"11,28 : 34.99"
"11,29 : 17.2"
"11,30 : 72.37"
"11,31 : 44.0"
"11,32 : 38.95"
"11,33 : 61.62"
"11,34 : 4.0"
"11,35 : 18.11"
"11,36 : 51.66"
"11,37 : 75.11"
"11,38 : 49.0"
"11,39 : 29.21"
"11,40 : 32.2"
"11,41 : 70.09"
"11,42 : 39.41"
"11,43 : 43.05"
"11,44 : 86.45"
"11,45 : 19.92"
"11,46 : 54.92"
"11,47 : 12.04"
"11,48 : 47.04"
"11,49 : 48.05"
"11,50 : 43.1"
"11,51 : 48.37"
"11,52 : 41.68"
"11,53 : 48.05"
"11,54 : 57.98"
"11,55 : 33.11"
"11,56 : 63.35"
"11,57 : 68.6"
"11,58 : 77.03"
"11,59 : 16.4"
"11,60 : 80.06"
"11,61 : 84.48"
"11,62 : 48.01"
"11,63 : 69.35"
"11,64 : 48.17"
"11,65 : 35.17"
"11,66 : 24.04"
"11,67 : 36.25"
"11,68 : 68.88"
"11,69 : 2.0"
"11,70 : 75.45"
"11,71 : 68.77"
"11,72 : 84.06"
"11,73 : 9.0"
"11,74 : 41.76"
"11,75 : 47.8"
"11,76 : 47.17"
"11,77 : 49.98"
"11,78 : 69.03"
"11,79 : 63.6"
"11,80 : 82.3"
"11,81 : 18.36"
"11,82 : 41.01"
"11,83 : 54.08"
"11,84 : 74.63"
"11,85 : 90.08"
"11,86 : 10.44"
"11,87 : 59.03"
"11,88 : 12.08"
"11,89 : 82.93"
"11,90 : 15.03"
"11,91 : 59.14"
"11,92 : 73.54"
"11,93 : 45.0"
"11,94 : 64.13"
"11,95 : 57.49"
"11,96 : 85.45"
"11,97 : 52.15"
"11,98 : 56.22"
"11,99 : 86.98"
"12,0 : 34.99"
"12,1 : 65.6"
"12,2 : 64.85"
"12,3 : 65.92"
"12,4 : 27.31"
"12,5 : 68.68"
"12,6 : 59.4"
"12,7 : 24.21"
"12,8 : 40.11"
"12,9 : 36.69"
"12,10 : 48.09"
"12,11 : 39.92"
"12,12 : 0.0"
"12,13 : 20.25"
"12,14 : 38.64"
"12,15 : 13.0"
"12,16 : 74.81"
"12,17 : 55.97"
"12,18 : 15.81"
"12,19 : 15.81"
"12,20 : 38.48"
"12,21 : 9.0"
"12,22 : 27.78"
"12,23 : 55.61"
"12,24 : 76.28"
"12,25 : 23.02"
"12,26 : 57.45"
"12,27 : 55.87"
"12,28 : 7.62"
"12,29 : 23.54"
"12,30 : 44.69"
"12,31 : 16.55"
"12,32 : 41.77"
"12,33 : 61.13"
"12,34 : 41.59"
"12,35 : 25.5"
"12,36 : 23.09"
"12,37 : 39.56"
"12,38 : 50.25"
"12,39 : 35.85"
"12,40 : 11.7"
"12,41 : 35.34"
"12,42 : 38.33"
"12,43 : 18.03"
"12,44 : 47.2"
"12,45 : 31.26"
"12,46 : 61.4"
"12,47 : 28.65"
"12,48 : 19.72"
"12,49 : 56.86"
"12,50 : 67.23"
"12,51 : 54.2"
"12,52 : 36.01"
"12,53 : 11.18"
"12,54 : 20.0"
"12,55 : 27.46"
"12,56 : 25.08"
"12,57 : 31.62"
"12,58 : 37.8"
"12,59 : 50.25"
"12,60 : 40.5"
"12,61 : 52.77"
"12,62 : 13.15"
"12,63 : 34.93"
"12,64 : 71.12"
"12,65 : 33.84"
"12,66 : 31.05"
"12,67 : 30.27"
"12,68 : 29.15"
"12,69 : 38.08"
"12,70 : 63.16"
"12,71 : 61.85"
"12,72 : 68.96"
"12,73 : 31.76"
"12,74 : 27.17"
"12,75 : 53.6"
"12,76 : 45.97"
"12,77 : 37.74"
"12,78 : 60.44"
"12,79 : 26.93"
"12,80 : 45.71"
"12,81 : 46.01"
"12,82 : 44.41"
"12,83 : 30.81"
"12,84 : 60.84"
"12,85 : 50.16"
"12,86 : 47.17"
"12,87 : 31.0"
"12,88 : 42.19"
"12,89 : 68.88"
"12,90 : 38.0"
"12,91 : 29.07"
"12,92 : 33.62"
"12,93 : 42.01"
"12,94 : 37.48"
"12,95 : 33.84"
"12,96 : 47.38"
"12,97 : 43.57"
"12,98 : 59.03"
"12,99 : 47.3"
"13,0 : 55.01"
"13,1 : 62.63"
"13,2 : 80.8"
"13,3 : 80.99"
"13,4 : 7.21"
"13,5 : 87.8"
"13,6 : 54.13"
"13,7 : 26.31"
"13,8 : 23.26"
"13,9 : 42.76"
"13,10 : 59.24"
"13,11 : 60.17"
"13,12 : 20.25"
"13,13 : 0.0"
"13,14 : 58.69"
"13,15 : 19.92"
"13,16 : 71.31"
"13,17 : 70.49"
"13,18 : 16.12"
"13,19 : 34.06"
"13,20 : 54.67"
"13,21 : 24.84"
"13,22 : 37.12"
"13,23 : 68.54"
"13,24 : 93.51"
"13,25 : 42.94"
"13,26 : 71.78"
"13,27 : 74.81"
"13,28 : 26.31"
"13,29 : 43.68"
"13,30 : 39.0"
"13,31 : 25.06"
"13,32 : 55.07"
"13,33 : 69.63"
"13,34 : 61.74"
"13,35 : 44.94"
"13,36 : 26.4"
"13,37 : 26.17"
"13,38 : 62.17"
"13,39 : 51.86"
"13,40 : 30.15"
"13,41 : 25.32"
"13,42 : 51.0"
"13,43 : 27.29"
"13,44 : 28.32"
"13,45 : 50.09"
"13,46 : 72.8"
"13,47 : 48.75"
"13,48 : 25.63"
"13,49 : 70.58"
"13,50 : 83.87"
"13,51 : 67.23"
"13,52 : 47.42"
"13,53 : 15.0"
"13,54 : 11.4"
"13,55 : 42.76"
"13,56 : 10.82"
"13,57 : 19.03"
"13,58 : 19.42"
"13,59 : 70.04"
"13,60 : 21.21"
"13,61 : 41.77"
"13,62 : 18.03"
"13,63 : 25.5"
"13,64 : 87.2"
"13,65 : 48.51"
"13,66 : 49.01"
"13,67 : 43.57"
"13,68 : 10.0"
"13,69 : 58.31"
"13,70 : 65.28"
"13,71 : 67.12"
"13,72 : 68.66"
"13,73 : 51.89"
"13,74 : 37.58"
"13,75 : 65.8"
"13,76 : 57.7"
"13,77 : 46.32"
"13,78 : 65.03"
"13,79 : 16.76"
"13,80 : 30.02"
"13,81 : 65.28"
"13,82 : 58.19"
"13,83 : 34.71"
"13,84 : 62.39"
"13,85 : 29.97"
"13,86 : 67.12"
"13,87 : 30.61"
"13,88 : 61.98"
"13,89 : 69.23"
"13,90 : 57.43"
"13,91 : 26.17"
"13,92 : 13.42"
"13,93 : 52.92"
"13,94 : 34.71"
"13,95 : 35.0"
"13,96 : 30.41"
"13,97 : 51.42"
"13,98 : 69.26"
"13,99 : 27.29"
"14,0 : 13.6"
"14,1 : 90.05"
"14,2 : 51.79"
"14,3 : 55.54"
"14,4 : 65.52"
"14,5 : 41.11"
"14,6 : 87.32"
"14,7 : 54.34"
"14,8 : 78.1"
"14,9 : 56.44"
"14,10 : 53.91"
"14,11 : 8.06"
"14,12 : 38.64"
"14,13 : 58.69"
"14,14 : 0.0"
"14,15 : 42.94"
"14,16 : 98.79"
"14,17 : 50.16"
"14,18 : 48.3"
"14,19 : 25.94"
"14,20 : 35.61"
"14,21 : 38.05"
"14,22 : 39.2"
"14,23 : 41.44"
"14,24 : 56.22"
"14,25 : 19.92"
"14,26 : 38.6"
"14,27 : 32.06"
"14,28 : 32.57"
"14,29 : 15.13"
"14,30 : 75.29"
"14,31 : 45.71"
"14,32 : 45.34"
"14,33 : 68.41"
"14,34 : 12.04"
"14,35 : 21.47"
"14,36 : 46.86"
"14,37 : 76.11"
"14,38 : 41.01"
"14,39 : 35.38"
"14,40 : 29.15"
"14,41 : 65.8"
"14,42 : 45.28"
"14,43 : 45.12"
"14,44 : 83.67"
"14,45 : 13.04"
"14,46 : 62.27"
"14,47 : 14.76"
"14,48 : 49.03"
"14,49 : 40.02"
"14,50 : 51.16"
"14,51 : 40.31"
"14,52 : 47.01"
"14,53 : 48.04"
"14,54 : 55.04"
"14,55 : 26.63"
"14,56 : 63.2"
"14,57 : 65.0"
"14,58 : 74.32"
"14,59 : 12.17"
"14,60 : 77.62"
"14,61 : 86.68"
"14,62 : 44.72"
"14,63 : 65.0"
"14,64 : 56.22"
"14,65 : 27.86"
"14,66 : 17.0"
"14,67 : 41.05"
"14,68 : 66.73"
"14,69 : 8.54"
"14,70 : 81.06"
"14,71 : 74.95"
"14,72 : 89.4"
"14,73 : 12.81"
"14,74 : 45.62"
"14,75 : 54.92"
"14,76 : 39.32"
"14,77 : 42.95"
"14,78 : 75.01"
"14,79 : 60.03"
"14,80 : 83.01"
"14,81 : 11.31"
"14,82 : 33.06"
"14,83 : 48.27"
"14,84 : 80.0"
"14,85 : 88.23"
"14,86 : 18.11"
"14,87 : 53.74"
"14,88 : 5.0"
"14,89 : 88.41"
"14,90 : 7.0"
"14,91 : 61.19"
"14,92 : 71.84"
"14,93 : 50.93"
"14,94 : 67.05"
"14,95 : 60.75"
"14,96 : 81.99"
"14,97 : 57.63"
"14,98 : 63.25"
"14,99 : 85.91"
"15,0 : 43.14"
"15,1 : 76.32"
"15,2 : 76.69"
"15,3 : 78.11"
"15,4 : 25.08"
"15,5 : 77.99"
"15,6 : 69.2"
"15,7 : 35.34"
"15,8 : 43.08"
"15,9 : 49.24"
"15,10 : 61.07"
"15,11 : 46.4"
"15,12 : 13.0"
"15,13 : 19.92"
"15,14 : 42.94"
"15,15 : 0.0"
"15,16 : 85.44"
"15,17 : 68.41"
"15,18 : 5.39"
"15,19 : 17.0"
"15,20 : 50.6"
"15,21 : 22.0"
"15,22 : 17.8"
"15,23 : 48.75"
"15,24 : 87.32"
"15,25 : 32.2"
"15,26 : 51.87"
"15,27 : 65.6"
"15,28 : 12.21"
"15,29 : 29.21"
"15,30 : 54.04"
"15,31 : 28.86"
"15,32 : 54.59"
"15,33 : 74.11"
"15,34 : 48.92"
"15,35 : 35.51"
"15,36 : 10.2"
"15,37 : 44.94"
"15,38 : 42.54"
"15,39 : 48.08"
"15,40 : 14.21"
"15,41 : 24.21"
"15,42 : 51.24"
"15,43 : 30.59"
"15,44 : 40.85"
"15,45 : 32.28"
"15,46 : 74.33"
"15,47 : 36.8"
"15,48 : 31.62"
"15,49 : 50.7"
"15,50 : 78.72"
"15,51 : 47.42"
"15,52 : 49.01"
"15,53 : 20.59"
"15,54 : 12.37"
"15,55 : 23.09"
"15,56 : 29.15"
"15,57 : 22.2"
"15,58 : 31.62"
"15,59 : 53.14"
"15,60 : 35.17"
"15,61 : 59.82"
"15,62 : 2.0"
"15,63 : 23.6"
"15,64 : 82.86"
"15,65 : 28.64"
"15,66 : 30.41"
"15,67 : 43.19"
"15,68 : 25.08"
"15,69 : 44.82"
"15,70 : 75.27"
"15,71 : 74.53"
"15,72 : 80.53"
"15,73 : 39.6"
"15,74 : 40.11"
"15,75 : 66.48"
"15,76 : 38.08"
"15,77 : 27.59"
"15,78 : 73.01"
"15,79 : 17.2"
"15,80 : 49.66"
"15,81 : 47.54"
"15,82 : 38.28"
"15,83 : 18.38"
"15,84 : 72.8"
"15,85 : 46.53"
"15,86 : 55.17"
"15,87 : 18.0"
"15,88 : 45.31"
"15,89 : 80.62"
"15,90 : 40.16"
"15,91 : 38.83"
"15,92 : 31.0"
"15,93 : 55.01"
"15,94 : 47.71"
"15,95 : 45.19"
"15,96 : 39.12"
"15,97 : 56.44"
"15,98 : 72.03"
"15,99 : 46.04"
"16,0 : 86.35"
"16,1 : 9.22"
"16,2 : 75.01"
"16,3 : 71.03"
"16,4 : 73.08"
"16,5 : 97.87"
"16,6 : 17.46"
"16,7 : 50.61"
"16,8 : 56.32"
"16,9 : 42.44"
"16,10 : 50.22"
"16,11 : 93.94"
"16,12 : 74.81"
"16,13 : 71.31"
"16,14 : 98.79"
"16,15 : 85.44"
"16,16 : 0.0"
"16,17 : 64.28"
"16,18 : 84.6"
"16,19 : 88.41"
"16,20 : 66.48"
"16,21 : 67.94"
"16,22 : 102.42"
"16,23 : 129.42"
"16,24 : 89.09"
"16,25 : 79.63"
"16,26 : 130.18"
"16,27 : 88.29"
"16,28 : 81.57"
"16,29 : 87.62"
"16,30 : 32.31"
"16,31 : 58.8"
"16,32 : 56.92"
"16,33 : 42.05"
"16,34 : 92.14"
"16,35 : 77.39"
"16,36 : 95.02"
"16,37 : 48.66"
"16,38 : 124.65"
"16,39 : 65.39"
"16,40 : 84.96"
"16,41 : 96.14"
"16,42 : 55.15"
"16,43 : 58.0"
"16,44 : 87.37"
"16,45 : 99.49"
"16,46 : 53.04"
"16,47 : 84.06"
"16,48 : 55.32"
"16,49 : 130.12"
"16,50 : 80.01"
"16,51 : 128.0"
"16,52 : 52.33"
"16,53 : 64.9"
"16,54 : 82.35"
"16,55 : 101.18"
"16,56 : 60.75"
"16,57 : 89.49"
"16,58 : 83.55"
"16,59 : 110.15"
"16,60 : 81.88"
"16,61 : 35.01"
"16,62 : 84.38"
"16,63 : 96.46"
"16,64 : 79.1"
"16,65 : 107.52"
"16,66 : 101.32"
"16,67 : 57.8"
"16,68 : 76.92"
"16,69 : 92.18"
"16,70 : 21.02"
"16,71 : 31.02"
"16,72 : 12.04"
"16,73 : 86.09"
"16,74 : 53.6"
"16,75 : 54.33"
"16,76 : 120.51"
"16,77 : 112.41"
"16,78 : 29.02"
"16,79 : 88.02"
"16,80 : 51.01"
"16,81 : 109.84"
"16,82 : 118.11"
"16,83 : 103.59"
"16,84 : 20.4"
"16,85 : 79.0"
"16,86 : 92.48"
"16,87 : 101.07"
"16,88 : 103.77"
"16,89 : 14.14"
"16,90 : 102.65"
"16,91 : 46.65"
"16,92 : 73.55"
"16,93 : 49.98"
"16,94 : 37.74"
"16,95 : 41.11"
"16,96 : 93.9"
"16,97 : 42.15"
"16,98 : 48.0"
"16,99 : 70.0"
"17,0 : 37.0"
"17,1 : 58.01"
"17,2 : 12.08"
"17,3 : 10.63"
"17,4 : 77.1"
"17,5 : 33.73"
"17,6 : 61.0"
"17,7 : 47.38"
"17,8 : 76.58"
"17,9 : 34.13"
"17,10 : 15.81"
"17,11 : 42.49"
"17,12 : 55.97"
"17,13 : 70.49"
"17,14 : 50.16"
"17,15 : 68.41"
"17,16 : 64.28"
"17,17 : 0.0"
"17,18 : 71.78"
"17,19 : 58.08"
"17,20 : 18.11"
"17,21 : 47.54"
"17,22 : 77.1"
"17,23 : 90.8"
"17,24 : 26.93"
"17,25 : 40.01"
"17,26 : 88.6"
"17,27 : 26.08"
"17,28 : 57.07"
"17,29 : 48.26"
"17,30 : 57.27"
"17,31 : 45.49"
"17,32 : 15.62"
"17,33 : 23.41"
"17,34 : 38.95"
"17,35 : 36.01"
"17,36 : 77.67"
"17,37 : 70.0"
"17,38 : 89.05"
"17,39 : 20.4"
"17,40 : 57.43"
"17,41 : 91.18"
"17,42 : 19.85"
"17,43 : 43.27"
"17,44 : 98.47"
"17,45 : 58.46"
"17,46 : 13.6"
"17,47 : 39.62"
"17,48 : 45.61"
"17,49 : 89.81"
"17,50 : 16.76"
"17,51 : 89.56"
"17,52 : 24.04"
"17,53 : 55.57"
"17,54 : 75.24"
"17,55 : 68.18"
"17,56 : 66.71"
"17,57 : 86.82"
"17,58 : 89.89"
"17,59 : 57.69"
"17,60 : 91.26"
"17,61 : 71.18"
"17,62 : 68.96"
"17,63 : 90.82"
"17,64 : 18.03"
"17,65 : 72.69"
"17,66 : 62.17"
"17,67 : 26.93"
"17,68 : 80.45"
"17,69 : 41.63"
"17,70 : 43.29"
"17,71 : 33.73"
"17,72 : 52.47"
"17,73 : 39.29"
"17,74 : 33.42"
"17,75 : 10.0"
"17,76 : 86.31"
"17,77 : 85.02"
"17,78 : 35.36"
"17,79 : 82.46"
"17,80 : 77.42"
"17,81 : 60.83"
"17,82 : 81.02"
"17,83 : 83.73"
"17,84 : 44.05"
"17,85 : 97.08"
"17,86 : 35.61"
"17,87 : 85.91"
"17,88 : 54.56"
"17,89 : 50.64"
"17,90 : 56.65"
"17,91 : 52.5"
"17,92 : 82.2"
"17,93 : 20.25"
"17,94 : 51.11"
"17,95 : 44.65"
"17,96 : 100.85"
"17,97 : 26.93"
"17,98 : 17.09"
"17,99 : 90.51"
"18,0 : 48.1"
"18,1 : 75.59"
"18,2 : 80.53"
"18,3 : 81.71"
"18,4 : 20.4"
"18,5 : 82.81"
"18,6 : 67.96"
"18,7 : 35.44"
"18,8 : 39.36"
"18,9 : 50.36"
"18,10 : 63.51"
"18,11 : 51.61"
"18,12 : 15.81"
"18,13 : 16.12"
"18,14 : 48.3"
"18,15 : 5.39"
"18,16 : 84.6"
"18,17 : 71.78"
"18,18 : 0.0"
"18,19 : 22.36"
"18,20 : 54.23"
"18,21 : 24.52"
"18,22 : 21.02"
"18,23 : 52.55"
"18,24 : 91.59"
"18,25 : 36.88"
"18,26 : 56.04"
"18,27 : 70.29"
"18,28 : 16.97"
"18,29 : 34.41"
"18,30 : 52.7"
"18,31 : 30.07"
"18,32 : 57.49"
"18,33 : 76.01"
"18,34 : 54.04"
"18,35 : 40.0"
"18,36 : 10.63"
"18,37 : 42.01"
"18,38 : 46.1"
"18,39 : 51.62"
"18,40 : 19.42"
"18,41 : 19.72"
"18,42 : 53.94"
"18,43 : 32.02"
"18,44 : 35.47"
"18,45 : 37.64"
"18,46 : 76.94"
"18,47 : 41.73"
"18,48 : 32.39"
"18,49 : 54.71"
"18,50 : 82.76"
"18,51 : 51.26"
"18,52 : 51.35"
"18,53 : 20.62"
"18,54 : 7.07"
"18,55 : 28.0"
"18,56 : 26.25"
"18,57 : 17.03"
"18,58 : 26.25"
"18,59 : 58.52"
"18,60 : 29.83"
"18,61 : 57.31"
"18,62 : 3.61"
"18,63 : 19.24"
"18,64 : 86.76"
"18,65 : 33.24"
"18,66 : 35.69"
"18,67 : 45.89"
"18,68 : 20.0"
"18,69 : 50.0"
"18,70 : 75.69"
"18,71 : 75.66"
"18,72 : 80.41"
"18,73 : 44.6"
"18,74 : 42.05"
"18,75 : 69.23"
"18,76 : 41.63"
"18,77 : 30.23"
"18,78 : 73.98"
"18,79 : 12.04"
"18,80 : 46.14"
"18,81 : 52.89"
"18,82 : 42.45"
"18,83 : 19.21"
"18,84 : 73.08"
"18,85 : 41.3"
"18,86 : 60.21"
"18,87 : 16.76"
"18,88 : 50.7"
"18,89 : 80.65"
"18,90 : 45.54"
"18,91 : 38.01"
"18,92 : 26.08"
"18,93 : 57.31"
"18,94 : 46.96"
"18,95 : 45.22"
"18,96 : 33.84"
"18,97 : 58.03"
"18,98 : 74.33"
"18,99 : 41.19"
"19,0 : 27.46"
"19,1 : 79.21"
"19,2 : 64.54"
"19,3 : 66.75"
"19,4 : 40.45"
"19,5 : 62.43"
"19,6 : 73.88"
"19,7 : 38.42"
"19,8 : 55.58"
"19,9 : 47.71"
"19,10 : 54.34"
"19,11 : 29.73"
"19,12 : 15.81"
"19,13 : 34.06"
"19,14 : 25.94"
"19,15 : 17.0"
"19,16 : 88.41"
"19,17 : 58.08"
"19,18 : 22.36"
"19,19 : 0.0"
"19,20 : 40.01"
"19,21 : 20.52"
"19,22 : 19.03"
"19,23 : 41.01"
"19,24 : 73.54"
"19,25 : 18.44"
"19,26 : 42.2"
"19,27 : 50.61"
"19,28 : 8.25"
"19,29 : 12.81"
"19,30 : 59.64"
"19,31 : 29.73"
"19,32 : 46.53"
"19,33 : 68.68"
"19,34 : 32.56"
"19,35 : 22.36"
"19,36 : 22.2"
"19,37 : 55.36"
"19,38 : 36.4"
"19,39 : 38.01"
"19,40 : 4.12"
"19,41 : 40.36"
"19,42 : 44.15"
"19,43 : 30.41"
"19,44 : 57.78"
"19,45 : 16.03"
"19,46 : 66.48"
"19,47 : 21.47"
"19,48 : 33.3"
"19,49 : 41.87"
"19,50 : 65.8"
"19,51 : 39.6"
"19,52 : 43.32"
"19,53 : 26.93"
"19,54 : 29.15"
"19,55 : 12.81"
"19,56 : 40.61"
"19,57 : 39.12"
"19,58 : 48.47"
"19,59 : 36.4"
"19,60 : 51.87"
"19,61 : 68.45"
"19,62 : 18.79"
"19,63 : 39.62"
"19,64 : 70.34"
"19,65 : 19.1"
"19,66 : 15.3"
"19,67 : 36.69"
"19,68 : 41.23"
"19,69 : 28.28"
"19,70 : 74.63"
"19,71 : 71.59"
"19,72 : 81.4"
"19,73 : 23.85"
"19,74 : 36.72"
"19,75 : 58.42"
"19,76 : 32.45"
"19,77 : 27.46"
"19,78 : 70.66"
"19,79 : 34.13"
"19,80 : 61.39"
"19,81 : 31.26"
"19,82 : 29.7"
"19,83 : 26.25"
"19,84 : 72.67"
"19,85 : 62.82"
"19,86 : 39.05"
"19,87 : 30.02"
"19,88 : 28.46"
"19,89 : 81.02"
"19,90 : 23.54"
"19,91 : 44.1"
"19,92 : 46.69"
"19,93 : 49.04"
"19,94 : 52.01"
"19,95 : 47.38"
"19,96 : 56.08"
"19,97 : 52.8"
"19,98 : 65.31"
"19,99 : 61.29"
"20,0 : 22.02"
"20,1 : 58.52"
"20,2 : 26.42"
"20,3 : 27.51"
"20,4 : 61.62"
"20,5 : 36.69"
"20,6 : 58.42"
"20,7 : 34.89"
"20,8 : 64.5"
"20,9 : 27.0"
"20,10 : 18.38"
"20,11 : 29.0"
"20,12 : 38.48"
"20,13 : 54.67"
"20,14 : 35.61"
"20,15 : 50.6"
"20,16 : 66.48"
"20,17 : 18.11"
"20,18 : 54.23"
"20,19 : 40.01"
"20,20 : 0.0"
"20,21 : 30.53"
"20,22 : 59.03"
"20,23 : 74.46"
"20,24 : 38.9"
"20,25 : 22.2"
"20,26 : 72.9"
"20,27 : 24.33"
"20,28 : 39.05"
"20,29 : 30.81"
"20,30 : 50.36"
"20,31 : 30.48"
"20,32 : 10.0"
"20,33 : 32.8"
"20,34 : 26.4"
"20,35 : 18.25"
"20,36 : 59.67"
"20,37 : 59.09"
"20,38 : 72.12"
"20,39 : 2.83"
"20,40 : 39.32"
"20,41 : 73.82"
"20,42 : 11.4"
"20,43 : 28.43"
"20,44 : 82.98"
"20,45 : 41.79"
"20,46 : 27.51"
"20,47 : 22.85"
"20,48 : 31.62"
"20,49 : 73.82"
"20,50 : 29.21"
"20,51 : 73.16"
"20,52 : 15.03"
"20,53 : 39.7"
"20,54 : 58.18"
"20,55 : 50.49"
"20,56 : 52.63"
"20,57 : 69.84"
"20,58 : 74.03"
"20,59 : 45.34"
"20,60 : 75.82"
"20,61 : 63.95"
"20,62 : 51.26"
"20,63 : 73.41"
"20,64 : 32.76"
"20,65 : 55.32"
"20,66 : 45.22"
"20,67 : 13.0"
"20,68 : 64.66"
"20,69 : 27.59"
"20,70 : 47.01"
"20,71 : 39.82"
"20,72 : 55.9"
"20,73 : 23.32"
"20,74 : 20.62"
"20,75 : 19.7"
"20,76 : 69.12"
"20,77 : 67.12"
"20,78 : 40.22"
"20,79 : 65.3"
"20,80 : 66.71"
"20,81 : 46.86"
"20,82 : 64.2"
"20,83 : 65.62"
"20,84 : 46.52"
"20,85 : 82.88"
"20,86 : 26.0"
"20,87 : 67.91"
"20,88 : 40.46"
"20,89 : 54.59"
"20,90 : 41.34"
"20,91 : 41.23"
"20,92 : 67.18"
"20,93 : 16.55"
"20,94 : 42.76"
"20,95 : 35.69"
"20,96 : 84.63"
"20,97 : 24.35"
"20,98 : 27.78"
"20,99 : 77.2"
"21,0 : 31.32"
"21,1 : 58.73"
"21,2 : 56.94"
"21,3 : 57.7"
"21,4 : 32.02"
"21,5 : 63.01"
"21,6 : 53.41"
"21,7 : 18.03"
"21,8 : 40.45"
"21,9 : 28.23"
"21,10 : 39.12"
"21,11 : 37.48"
"21,12 : 9.0"
"21,13 : 24.84"
"21,14 : 38.05"
"21,15 : 22.0"
"21,16 : 67.94"
"21,17 : 47.54"
"21,18 : 24.52"
"21,19 : 20.52"
"21,20 : 30.53"
"21,21 : 0.0"
"21,22 : 35.85"
"21,23 : 61.52"
"21,24 : 69.03"
"21,25 : 19.42"
"21,26 : 62.63"
"21,27 : 50.0"
"21,28 : 13.89"
"21,29 : 23.35"
"21,30 : 39.45"
"21,31 : 9.22"
"21,32 : 32.98"
"21,33 : 52.15"
"21,34 : 38.33"
"21,35 : 20.62"
"21,36 : 32.06"
"21,37 : 38.05"
"21,38 : 56.73"
"21,39 : 27.78"
"21,40 : 17.03"
"21,41 : 43.66"
"21,42 : 29.43"
"21,43 : 10.0"
"21,44 : 53.04"
"21,45 : 33.62"
"21,46 : 52.47"
"21,47 : 25.5"
"21,48 : 12.81"
"21,49 : 62.37"
"21,50 : 59.64"
"21,51 : 60.11"
"21,52 : 27.02"
"21,53 : 10.77"
"21,54 : 27.73"
"21,55 : 33.24"
"21,56 : 25.96"
"21,57 : 39.36"
"21,58 : 43.86"
"21,59 : 50.16"
"21,60 : 46.01"
"21,61 : 49.34"
"21,62 : 22.09"
"21,63 : 43.32"
"21,64 : 63.29"
"21,65 : 39.6"
"21,66 : 34.48"
"21,67 : 21.38"
"21,68 : 34.66"
"21,69 : 35.51"
"21,70 : 55.01"
"21,71 : 53.16"
"21,72 : 61.29"
"21,73 : 28.64"
"21,74 : 18.25"
"21,75 : 44.72"
"21,76 : 52.63"
"21,77 : 45.62"
"21,78 : 51.87"
"21,79 : 34.93"
"21,80 : 45.01"
"21,81 : 47.07"
"21,82 : 50.21"
"21,83 : 39.62"
"21,84 : 52.84"
"21,85 : 54.38"
"21,86 : 43.08"
"21,87 : 40.0"
"21,88 : 42.3"
"21,89 : 61.06"
"21,90 : 39.05"
"21,91 : 24.17"
"21,92 : 38.01"
"21,93 : 33.02"
"21,94 : 31.62"
"21,95 : 26.87"
"21,96 : 54.2"
"21,97 : 34.71"
"21,98 : 50.04"
"21,99 : 50.16"
"22,0 : 44.94"
"22,1 : 93.23"
"22,2 : 83.36"
"22,3 : 85.71"
"22,4 : 41.11"
"22,5 : 79.18"
"22,6 : 86.56"
"22,7 : 51.87"
"22,8 : 60.37"
"22,9 : 64.08"
"22,10 : 72.84"
"22,11 : 45.28"
"22,12 : 27.78"
"22,13 : 37.12"
"22,14 : 39.2"
"22,15 : 17.8"
"22,16 : 102.42"
"22,17 : 77.1"
"22,18 : 21.02"
"22,19 : 19.03"
"22,20 : 59.03"
"22,21 : 35.85"
"22,22 : 0.0"
"22,23 : 31.62"
"22,24 : 91.71"
"22,25 : 37.34"
"22,26 : 35.51"
"22,27 : 68.15"
"22,28 : 22.14"
"22,29 : 30.36"
"22,30 : 71.51"
"22,31 : 44.29"
"22,32 : 65.28"
"22,33 : 86.88"
"22,34 : 48.76"
"22,35 : 41.3"
"22,36 : 12.04"
"22,37 : 62.68"
"22,38 : 25.08"
"22,39 : 57.0"
"22,40 : 20.22"
"22,41 : 30.08"
"22,42 : 62.65"
"22,43 : 45.62"
"22,44 : 52.15"
"22,45 : 26.25"
"22,46 : 85.29"
"22,47 : 39.56"
"22,48 : 47.51"
"22,49 : 33.96"
"22,50 : 84.4"
"22,51 : 30.36"
"22,52 : 61.39"
"22,53 : 37.64"
"22,54 : 27.2"
"22,55 : 12.73"
"22,56 : 46.87"
"22,57 : 32.06"
"22,58 : 44.01"
"22,59 : 46.23"
"22,60 : 48.04"
"22,61 : 77.62"
"22,62 : 19.42"
"22,63 : 29.12"
"22,64 : 89.05"
"22,65 : 14.87"
"22,66 : 22.63"
"22,67 : 54.92"
"22,68 : 40.02"
"22,69 : 44.29"
"22,70 : 90.8"
"22,71 : 88.87"
"22,72 : 96.75"
"22,73 : 41.44"
"22,74 : 53.76"
"22,75 : 77.23"
"22,76 : 20.62"
"22,77 : 10.0"
"22,78 : 87.66"
"22,79 : 28.02"
"22,80 : 67.12"
"22,81 : 39.41"
"22,82 : 22.09"
"22,83 : 9.22"
"22,84 : 88.55"
"22,85 : 60.13"
"22,86 : 55.47"
"22,87 : 15.65"
"22,88 : 39.6"
"22,89 : 96.65"
"22,90 : 33.94"
"22,91 : 56.08"
"22,92 : 46.32"
"22,93 : 67.27"
"22,94 : 64.82"
"22,95 : 61.59"
"22,96 : 48.05"
"22,97 : 70.21"
"22,98 : 83.86"
"22,99 : 61.39"
"23,0 : 53.85"
"23,1 : 120.22"
"23,2 : 93.21"
"23,3 : 96.88"
"23,4 : 72.73"
"23,5 : 80.31"
"23,6 : 114.77"
"23,7 : 79.31"
"23,8 : 91.79"
"23,9 : 88.24"
"23,10 : 91.68"
"23,11 : 49.5"
"23,12 : 55.61"
"23,13 : 68.54"
"23,14 : 41.44"
"23,15 : 48.75"
"23,16 : 129.42"
"23,17 : 90.8"
"23,18 : 52.55"
"23,19 : 41.01"
"23,20 : 74.46"
"23,21 : 61.52"
"23,22 : 31.62"
"23,23 : 0.0"
"23,24 : 97.01"
"23,25 : 53.24"
"23,26 : 6.4"
"23,27 : 73.11"
"23,28 : 48.27"
"23,29 : 44.29"
"23,30 : 100.26"
"23,31 : 70.72"
"23,32 : 83.19"
"23,33 : 106.44"
"23,34 : 53.46"
"23,35 : 56.8"
"23,36 : 43.42"
"23,37 : 93.54"
"23,38 : 7.0"
"23,39 : 73.41"
"23,40 : 44.6"
"23,41 : 59.03"
"23,42 : 81.88"
"23,43 : 71.42"
"23,44 : 82.22"
"23,45 : 32.7"
"23,46 : 101.95"
"23,47 : 51.62"
"23,48 : 74.28"
"23,49 : 3.61"
"23,50 : 92.54"
"23,51 : 1.41"
"23,52 : 82.15"
"23,53 : 66.61"
"23,54 : 58.82"
"23,55 : 28.32"
"23,56 : 77.83"
"23,57 : 62.51"
"23,58 : 74.81"
"23,59 : 39.46"
"23,60 : 78.92"
"23,61 : 107.91"
"23,62 : 50.57"
"23,63 : 58.03"
"23,64 : 97.62"
"23,65 : 21.93"
"23,66 : 29.53"
"23,67 : 75.47"
"23,68 : 71.57"
"23,69 : 49.82"
"23,70 : 115.0"
"23,71 : 110.98"
"23,72 : 122.15"
"23,73 : 51.55"
"23,74 : 77.01"
"23,75 : 94.15"
"23,76 : 11.18"
"23,77 : 24.08"
"23,78 : 110.39"
"23,79 : 59.03"
"23,80 : 98.41"
"23,81 : 33.06"
"23,82 : 11.31"
"23,83 : 37.22"
"23,84 : 113.23"
"23,85 : 91.08"
"23,86 : 59.14"
"23,87 : 44.1"
"23,88 : 38.05"
"23,89 : 121.66"
"23,90 : 34.53"
"23,91 : 84.65"
"23,92 : 77.88"
"23,93 : 87.32"
"23,94 : 92.85"
"23,95 : 88.39"
"23,96 : 77.0"
"23,97 : 92.36"
"23,98 : 102.04"
"23,99 : 92.89"
"24,0 : 46.84"
"24,1 : 83.73"
"24,2 : 14.87"
"24,3 : 18.11"
"24,4 : 100.5"
"24,5 : 18.79"
"24,6 : 87.56"
"24,7 : 72.8"
"24,8 : 102.42"
"24,9 : 60.83"
"24,10 : 42.72"
"24,11 : 48.37"
"24,12 : 76.28"
"24,13 : 93.51"
"24,14 : 56.22"
"24,15 : 87.32"
"24,16 : 89.09"
"24,17 : 26.93"
"24,18 : 91.59"
"24,19 : 73.54"
"24,20 : 38.9"
"24,21 : 69.03"
"24,22 : 91.71"
"24,23 : 97.01"
"24,24 : 0.0"
"24,25 : 55.46"
"24,26 : 93.19"
"24,27 : 24.19"
"24,28 : 75.18"
"24,29 : 61.35"
"24,30 : 84.17"
"24,31 : 69.31"
"24,32 : 41.34"
"24,33 : 47.04"
"24,34 : 44.41"
"24,35 : 51.88"
"24,36 : 95.27"
"24,37 : 96.25"
"24,38 : 97.19"
"24,39 : 41.73"
"24,40 : 74.25"
"24,41 : 111.31"
"24,42 : 45.49"
"24,43 : 67.21"
"24,44 : 121.83"
"24,45 : 68.07"
"24,46 : 36.06"
"24,47 : 52.2"
"24,48 : 70.18"
"24,49 : 95.08"
"24,50 : 10.3"
"24,51 : 96.0"
"24,52 : 49.93"
"24,53 : 78.57"
"24,54 : 96.26"
"24,55 : 80.52"
"24,56 : 91.35"
"24,57 : 107.9"
"24,58 : 112.81"
"24,59 : 58.42"
"24,60 : 114.69"
"24,61 : 98.09"
"24,62 : 88.32"
"24,63 : 110.79"
"24,64 : 10.0"
"24,65 : 83.36"
"24,66 : 72.18"
"24,67 : 51.09"
"24,68 : 103.48"
"24,69 : 48.66"
"24,70 : 68.18"
"24,71 : 58.08"
"24,72 : 77.06"
"24,73 : 50.29"
"24,74 : 58.41"
"24,75 : 36.4"
"24,76 : 95.52"
"24,77 : 97.74"
"24,78 : 60.21"
"24,79 : 103.17"
"24,80 : 103.77"
"24,81 : 64.07"
"24,82 : 89.27"
"24,83 : 99.72"
"24,84 : 69.46"
"24,85 : 121.7"
"24,86 : 38.12"
"24,87 : 103.37"
"24,88 : 59.01"
"24,89 : 75.03"
"24,90 : 63.2"
"24,91 : 78.49"
"24,92 : 106.08"
"24,93 : 46.96"
"24,94 : 77.83"
"24,95 : 71.2"
"24,96 : 123.23"
"24,97 : 53.85"
"24,98 : 41.19"
"24,99 : 115.75"
"25,0 : 12.08"
"25,1 : 70.72"
"25,2 : 46.1"
"25,3 : 48.37"
"25,4 : 50.12"
"25,5 : 45.97"
"25,6 : 67.54"
"25,7 : 34.53"
"25,8 : 59.84"
"25,9 : 37.2"
"25,10 : 38.48"
"25,11 : 18.11"
"25,12 : 23.02"
"25,13 : 42.94"
"25,14 : 19.92"
"25,15 : 32.2"
"25,16 : 79.63"
"25,17 : 40.01"
"25,18 : 36.88"
"25,19 : 18.44"
"25,20 : 22.2"
"25,21 : 19.42"
"25,22 : 37.34"
"25,23 : 53.24"
"25,24 : 55.46"
"25,25 : 0.0"
"25,26 : 52.43"
"25,27 : 33.42"
"25,28 : 20.0"
"25,29 : 8.94"
"25,30 : 55.36"
"25,31 : 26.08"
"25,32 : 30.08"
"25,33 : 53.23"
"25,34 : 18.97"
"25,35 : 4.0"
"25,36 : 39.81"
"25,37 : 57.04"
"25,38 : 50.33"
"25,39 : 20.62"
"25,40 : 18.79"
"25,41 : 56.4"
"25,42 : 28.65"
"25,43 : 25.32"
"25,44 : 70.21"
"25,45 : 20.81"
"25,46 : 49.48"
"25,47 : 6.08"
"25,48 : 29.27"
"25,49 : 53.0"
"25,50 : 47.43"
"25,51 : 51.88"
"25,52 : 29.21"
"25,53 : 30.08"
"25,54 : 42.45"
"25,55 : 28.28"
"25,56 : 45.35"
"25,57 : 53.76"
"25,58 : 60.8"
"25,59 : 32.02"
"25,60 : 63.51"
"25,61 : 66.91"
"25,62 : 33.42"
"25,63 : 55.8"
"25,64 : 51.92"
