x,y
18,39
49,94
2,95
7,85
71,12
71,33
25,72
14,13
70,65
47,38
45,2
7,74
28,72
50,62
86,96
99,41
11,11
13,6
29,65
1,43
65,82
67,94
98,53
91,96
54,79
67,61
16,44
33,99
34,3
94,83
98,28
94,2
37,32
63,58
29,42
56,59
30,48
25,60
80,35
36,2
19,87
42,78
46,19
65,49
26,77
80,81
38,37
32,63
79,29
81,76
9,47
81,59
82,40
90,97
19,4
75,39
85,53
64,58
0,39
96,56
8,94
83,53
54,44
85,13
19,47
65,4
80,5
88,62
55,31
31,0
27,10
92,77
24,64
76,62
94,91
75,99
22,99
63,18
56,46
95,63
65,76
45,61
3,68
20,28
36,96
89,68
90,68
45,9
94,7
97,69
56,66
100,76
66,69
52,46
18,5
50,37
88,29
44,93
48,24
26,86

Distanze
"0,0 : 0.0"
"0,1 : 63.13"
"0,2 : 58.24"
"0,3 : 47.3"
"0,4 : 59.48"
"0,5 : 53.34"
"0,6 : 33.73"
"0,7 : 26.31"
"0,8 : 58.14"
"0,9 : 29.02"
"0,10 : 45.8"
"0,11 : 36.69"
"0,12 : 34.48"
"0,13 : 39.41"
"0,14 : 88.73"
"0,15 : 81.02"
"0,16 : 28.86"
"0,17 : 33.38"
"0,18 : 28.23"
"0,19 : 17.46"
"0,20 : 63.7"
"0,21 : 73.66"
"0,22 : 81.22"
"0,23 : 92.62"
"0,24 : 53.81"
"0,25 : 53.71"
"0,26 : 5.39"
"0,27 : 61.85"
"0,28 : 39.4"
"0,29 : 87.82"
"0,30 : 80.75"
"0,31 : 84.53"
"0,32 : 20.25"
"0,33 : 48.85"
"0,34 : 11.4"
"0,35 : 42.94"
"0,36 : 15.0"
"0,37 : 22.14"
"0,38 : 62.13"
"0,39 : 41.15"
"0,40 : 48.01"
"0,41 : 45.79"
"0,42 : 34.41"
"0,43 : 48.05"
"0,44 : 38.83"
"0,45 : 74.89"
"0,46 : 20.1"
"0,47 : 27.78"
"0,48 : 61.81"
"0,49 : 73.06"
"0,50 : 12.04"
"0,51 : 66.1"
"0,52 : 64.01"
"0,53 : 92.46"
"0,54 : 35.01"
"0,55 : 57.0"
"0,56 : 68.45"
"0,57 : 49.77"
"0,58 : 18.0"
"0,59 : 79.83"
"0,60 : 55.9"
"0,61 : 66.49"
"0,62 : 36.35"
"0,63 : 71.87"
"0,64 : 8.06"
"0,65 : 58.6"
"0,66 : 70.71"
"0,67 : 73.68"
"0,68 : 37.85"
"0,69 : 41.11"
"0,70 : 30.36"
"0,71 : 83.19"
"0,72 : 25.71"
"0,73 : 62.39"
"0,74 : 92.09"
"0,75 : 82.76"
"0,76 : 60.13"
"0,77 : 49.66"
"0,78 : 38.64"
"0,79 : 80.65"
"0,80 : 59.82"
"0,81 : 34.83"
"0,82 : 32.65"
"0,83 : 11.18"
"0,84 : 59.77"
"0,85 : 76.69"
"0,86 : 77.62"
"0,87 : 40.36"
"0,88 : 82.46"
"0,89 : 84.5"
"0,90 : 46.62"
"0,91 : 89.96"
"0,92 : 56.6"
"0,93 : 34.71"
"0,94 : 34.0"
"0,95 : 32.06"
"0,96 : 70.71"
"0,97 : 59.93"
"0,98 : 33.54"
"0,99 : 47.68"
"1,0 : 63.13"
"1,1 : 0.0"
"1,2 : 47.01"
"1,3 : 42.95"
"1,4 : 84.9"
"1,5 : 64.85"
"1,6 : 32.56"
"1,7 : 88.24"
"1,8 : 35.81"
"1,9 : 56.04"
"1,10 : 92.09"
"1,11 : 46.52"
"1,12 : 30.41"
"1,13 : 32.02"
"1,14 : 37.05"
"1,15 : 72.86"
"1,16 : 91.29"
"1,17 : 95.08"
"1,18 : 35.23"
"1,19 : 70.04"
"1,20 : 20.0"
"1,21 : 18.0"
"1,22 : 63.89"
"1,23 : 42.05"
"1,24 : 15.81"
"1,25 : 37.59"
"1,26 : 59.91"
"1,27 : 16.76"
"1,28 : 92.23"
"1,29 : 46.32"
"1,30 : 82.2"
"1,31 : 102.42"
"1,32 : 63.15"
"1,33 : 38.63"
"1,34 : 55.71"
"1,35 : 35.69"
"1,36 : 49.77"
"1,37 : 41.62"
"1,38 : 66.65"
"1,39 : 92.91"
"1,40 : 30.81"
"1,41 : 17.46"
"1,42 : 75.06"
"1,43 : 47.76"
"1,44 : 28.6"
"1,45 : 33.62"
"1,46 : 58.05"
"1,47 : 35.36"
"1,48 : 71.59"
"1,49 : 36.72"
"1,50 : 61.72"
"1,51 : 47.42"
"1,52 : 63.29"
"1,53 : 41.11"
"1,54 : 94.87"
"1,55 : 60.84"
"1,56 : 54.56"
"1,57 : 39.0"
"1,58 : 73.66"
"1,59 : 60.44"
"1,60 : 41.0"
"1,61 : 53.26"
"1,62 : 50.25"
"1,63 : 88.64"
"1,64 : 55.76"
"1,65 : 91.41"
"1,66 : 94.24"
"1,67 : 50.45"
"1,68 : 63.29"
"1,69 : 95.71"
"1,70 : 86.83"
"1,71 : 46.24"
"1,72 : 39.05"
"1,73 : 41.87"
"1,74 : 45.1"
"1,75 : 26.48"
"1,76 : 27.46"
"1,77 : 77.28"
"1,78 : 48.51"
"1,79 : 55.47"
"1,80 : 24.08"
"1,81 : 33.24"
"1,82 : 52.84"
"1,83 : 72.09"
"1,84 : 13.15"
"1,85 : 47.71"
"1,86 : 48.55"
"1,87 : 85.09"
"1,88 : 97.95"
"1,89 : 54.12"
"1,90 : 28.86"
"1,91 : 54.08"
"1,92 : 30.23"
"1,93 : 48.09"
"1,94 : 94.24"
"1,95 : 57.01"
"1,96 : 75.8"
"1,97 : 5.1"
"1,98 : 70.01"
"1,99 : 24.35"
"2,0 : 58.24"
"2,1 : 47.01"
"2,2 : 0.0"
"2,3 : 11.18"
"2,4 : 107.94"
"2,5 : 92.76"
"2,6 : 32.53"
"2,7 : 82.87"
"2,8 : 74.32"
"2,9 : 72.62"
"2,10 : 102.46"
"2,11 : 21.59"
"2,12 : 34.71"
"2,13 : 58.25"
"2,14 : 84.01"
"2,15 : 111.02"
"2,16 : 84.48"
"2,17 : 89.68"
"2,18 : 40.36"
"2,19 : 52.01"
"2,20 : 64.33"
"2,21 : 65.01"
"2,22 : 104.79"
"2,23 : 89.01"
"2,24 : 54.41"
"2,25 : 73.36"
"2,26 : 52.89"
"2,27 : 31.26"
"2,28 : 97.41"
"2,29 : 92.78"
"2,30 : 117.07"
"2,31 : 130.82"
"2,32 : 72.07"
"2,33 : 71.34"
"2,34 : 59.48"
"2,35 : 64.9"
"2,36 : 54.71"
"2,37 : 41.88"
"2,38 : 98.41"
"2,39 : 99.02"
"2,40 : 18.79"
"2,41 : 43.46"
"2,42 : 87.82"
"2,43 : 78.01"
"2,44 : 30.0"
"2,45 : 79.25"
"2,46 : 68.26"
"2,47 : 43.86"
"2,48 : 101.41"
"2,49 : 81.25"
"2,50 : 48.51"
"2,51 : 86.82"
"2,52 : 97.08"
"2,53 : 88.02"
"2,54 : 92.57"
"2,55 : 92.01"
"2,56 : 93.02"
"2,57 : 72.2"
"2,58 : 56.04"
"2,59 : 101.77"
"2,60 : 6.08"
"2,61 : 91.24"
"2,62 : 72.84"
"2,63 : 116.67"
"2,64 : 50.92"
"2,65 : 110.68"
"2,66 : 119.1"
"2,67 : 92.11"
"2,68 : 83.1"
"2,69 : 99.33"
"2,70 : 88.6"
"2,71 : 91.78"
"2,72 : 38.01"
"2,73 : 81.02"
"2,74 : 92.09"
"2,75 : 73.11"
"2,76 : 20.4"
"2,77 : 98.23"
"2,78 : 72.92"
"2,79 : 98.35"
"2,80 : 65.8"
"2,81 : 54.82"
"2,82 : 27.02"
"2,83 : 69.38"
"2,84 : 34.01"
"2,85 : 91.09"
"2,86 : 92.05"
"2,87 : 96.15"
"2,88 : 127.31"
"2,89 : 98.49"
"2,90 : 61.29"
"2,91 : 99.82"
"2,92 : 69.08"
"2,93 : 70.01"
"2,94 : 91.41"
"2,95 : 75.29"
"2,96 : 108.41"
"2,97 : 42.05"
"2,98 : 84.6"
"2,99 : 25.63"
"3,0 : 47.3"
"3,1 : 42.95"
"3,2 : 11.18"
"3,3 : 0.0"
"3,4 : 97.08"
"3,5 : 82.46"
"3,6 : 22.2"
"3,7 : 72.34"
"3,8 : 66.1"
"3,9 : 61.72"
"3,10 : 91.29"
"3,11 : 11.0"
"3,12 : 24.7"
"3,13 : 48.76"
"3,14 : 79.76"
"3,15 : 101.98"
"3,16 : 74.11"
"3,17 : 79.23"
"3,18 : 29.73"
"3,19 : 42.43"
"3,20 : 58.08"
"3,21 : 60.67"
"3,22 : 96.46"
"3,23 : 84.72"
"3,24 : 47.38"
"3,25 : 64.62"
"3,26 : 41.98"
"3,27 : 29.53"
"3,28 : 86.33"
"3,29 : 87.02"
"3,30 : 107.38"
"3,31 : 120.24"
"3,32 : 60.9"
"3,33 : 62.17"
"3,34 : 48.3"
"3,35 : 55.47"
"3,36 : 43.57"
"3,37 : 30.81"
"3,38 : 88.48"
"3,39 : 87.92"
"3,40 : 12.17"
"3,41 : 35.69"
"3,42 : 76.66"
"3,43 : 68.26"
"3,44 : 20.62"
"3,45 : 73.11"
"3,46 : 57.14"
"3,47 : 33.3"
"3,48 : 91.21"
"3,49 : 74.55"
"3,50 : 38.05"
"3,51 : 78.43"
"3,52 : 87.46"
"3,53 : 83.86"
"3,54 : 81.88"
"3,55 : 82.1"
"3,56 : 84.31"
"3,57 : 63.07"
"3,58 : 46.53"
"3,59 : 93.61"
"3,60 : 9.06"
"3,61 : 82.46"
"3,62 : 62.37"
"3,63 : 106.15"
"3,64 : 39.85"
"3,65 : 99.62"
"3,66 : 108.3"
"3,67 : 84.2"
"3,68 : 72.25"
"3,69 : 88.32"
"3,70 : 77.62"
"3,71 : 85.38"
"3,72 : 27.02"
"3,73 : 72.73"
"3,74 : 87.21"
"3,75 : 69.43"
"3,76 : 20.52"
"3,77 : 87.32"
"3,78 : 62.63"
"3,79 : 90.71"
"3,80 : 58.69"
"3,81 : 44.94"
"3,82 : 17.46"
"3,83 : 58.46"
"3,84 : 31.02"
"3,85 : 83.74"
"3,86 : 84.72"
"3,87 : 84.97"
"3,88 : 116.85"
"3,89 : 91.41"
"3,90 : 52.55"
"3,91 : 93.43"
"3,92 : 61.13"
"3,93 : 59.55"
"3,94 : 80.75"
"3,95 : 64.44"
"3,96 : 98.47"
"3,97 : 37.85"
"3,98 : 73.5"
"3,99 : 19.03"
"4,0 : 59.48"
"4,1 : 84.9"
"4,2 : 107.94"
"4,3 : 97.08"
"4,4 : 0.0"
"4,5 : 21.0"
"4,6 : 75.6"
"4,7 : 57.01"
"4,8 : 53.01"
"4,9 : 35.38"
"4,10 : 27.86"
"4,11 : 89.11"
"4,12 : 73.82"
"4,13 : 54.23"
"4,14 : 85.33"
"4,15 : 40.31"
"4,16 : 60.01"
"4,17 : 58.31"
"4,18 : 67.62"
"4,19 : 76.56"
"4,20 : 70.26"
"4,21 : 82.1"
"4,22 : 49.09"
"4,23 : 86.35"
"4,24 : 69.12"
"4,25 : 49.16"
"4,26 : 63.63"
"4,27 : 94.94"
"4,28 : 38.08"
"4,29 : 74.63"
"4,30 : 31.38"
"4,31 : 25.08"
"4,32 : 39.45"
"4,33 : 46.69"
"4,34 : 51.61"
"4,35 : 49.34"
"4,36 : 54.56"
"4,37 : 66.48"
"4,38 : 24.7"
"4,39 : 36.4"
"4,40 : 91.26"
"4,41 : 72.09"
"4,42 : 25.96"
"4,43 : 37.48"
"4,44 : 79.06"
"4,45 : 69.58"
"4,46 : 41.4"
"4,47 : 64.2"
"4,48 : 18.79"
"4,49 : 64.78"
"4,50 : 71.2"
"4,51 : 48.05"
"4,52 : 30.08"
"4,53 : 87.1"
"4,54 : 52.61"
"4,55 : 27.29"
"4,56 : 43.32"
"4,57 : 46.53"
"4,58 : 75.96"
"4,59 : 50.61"
"4,60 : 103.41"
"4,61 : 42.72"
"4,62 : 36.24"
"4,63 : 14.04"
"4,64 : 62.68"
"4,65 : 10.0"
"4,66 : 11.4"
"4,67 : 52.81"
"4,68 : 24.84"
"4,69 : 41.76"
"4,70 : 44.05"
"4,71 : 68.31"
"4,72 : 70.09"
"4,73 : 50.25"
"4,74 : 82.28"
"4,75 : 87.09"
"4,76 : 99.85"
"4,77 : 10.0"
"4,78 : 37.16"
"4,79 : 56.36"
"4,80 : 64.28"
"4,81 : 55.47"
"4,82 : 88.09"
"4,83 : 53.45"
"4,84 : 91.0"
"4,85 : 58.82"
"4,86 : 59.14"
"4,87 : 26.17"
"4,88 : 23.54"
"4,89 : 62.65"
"4,90 : 56.04"
"4,91 : 70.26"
"4,92 : 57.22"
"4,93 : 38.95"
"4,94 : 53.46"
"4,95 : 32.65"
"4,96 : 24.04"
"4,97 : 85.38"
"4,98 : 25.94"
"4,99 : 86.61"
"5,0 : 53.34"
"5,1 : 64.85"
"5,2 : 92.76"
"5,3 : 82.46"
"5,4 : 21.0"
"5,5 : 0.0"
"5,6 : 60.31"
"5,7 : 60.41"
"5,8 : 32.02"
"5,9 : 24.52"
"5,10 : 40.46"
"5,11 : 76.01"
"5,12 : 58.05"
"5,13 : 35.81"
"5,14 : 64.76"
"5,15 : 29.12"
"5,16 : 63.91"
"5,17 : 63.98"
"5,18 : 52.8"
"5,19 : 70.71"
"5,20 : 49.37"
"5,21 : 61.13"
"5,22 : 33.6"
"5,23 : 66.1"
"5,24 : 49.04"
"5,25 : 28.28"
"5,26 : 56.09"
"5,27 : 76.16"
"5,28 : 47.63"
"5,29 : 55.04"
"5,30 : 27.46"
"5,31 : 38.6"
"5,32 : 34.01"
"5,33 : 26.25"
"5,34 : 42.95"
"5,35 : 30.02"
"5,36 : 43.66"
"5,37 : 53.34"
"5,38 : 9.22"
"5,39 : 46.75"
"5,40 : 74.97"
"5,41 : 53.54"
"5,42 : 28.65"
"5,43 : 17.09"
"5,44 : 62.94"
"5,45 : 48.84"
"5,46 : 33.24"
"5,47 : 49.2"
"5,48 : 8.94"
"5,49 : 44.15"
"5,50 : 63.56"
"5,51 : 27.86"
"5,52 : 13.04"
"5,53 : 66.76"
"5,54 : 59.54"
"5,55 : 7.21"
"5,56 : 24.41"
"5,57 : 25.96"
"5,58 : 71.25"
"5,59 : 33.97"
"5,60 : 87.69"
"5,61 : 23.32"
"5,62 : 20.25"
"5,63 : 24.41"
"5,64 : 53.85"
"5,65 : 29.61"
"5,66 : 29.41"
"5,67 : 33.62"
"5,68 : 16.12"
"5,69 : 51.86"
"5,70 : 49.65"
"5,71 : 48.75"
"5,72 : 56.3"
"5,73 : 29.43"
"5,74 : 62.39"
"5,75 : 66.12"
"5,76 : 82.2"
"5,77 : 17.0"
"5,78 : 19.85"
"5,79 : 38.42"
"5,80 : 43.42"
"5,81 : 38.21"
"5,82 : 76.48"
"5,83 : 51.24"
"5,84 : 72.07"
"5,85 : 39.36"
"5,86 : 39.82"
"5,87 : 35.38"
"5,88 : 34.71"
"5,89 : 44.41"
"5,90 : 36.25"
"5,91 : 51.87"
"5,92 : 36.35"
"5,93 : 23.02"
"5,94 : 59.94"
"5,95 : 21.38"
"5,96 : 17.46"
"5,97 : 65.8"
"5,98 : 24.7"
"5,99 : 69.53"
"6,0 : 33.73"
"6,1 : 32.56"
"6,2 : 32.53"
"6,3 : 22.2"
"6,4 : 75.6"
"6,5 : 60.31"
"6,6 : 0.0"
"6,7 : 60.02"
"6,8 : 45.54"
"6,9 : 40.5"
"6,10 : 72.8"
"6,11 : 18.11"
"6,12 : 3.0"
"6,13 : 26.93"
"6,14 : 65.55"
"6,15 : 80.23"
"6,16 : 62.59"
"6,17 : 67.08"
"6,18 : 8.06"
"6,19 : 37.64"
"6,20 : 41.23"
"6,21 : 47.41"
"6,22 : 75.43"
"6,23 : 70.23"
"6,24 : 29.83"
"6,25 : 43.42"
"6,26 : 29.41"
"6,27 : 28.16"
"6,28 : 69.58"
"6,29 : 69.87"
"6,30 : 85.23"
"6,31 : 98.29"
"6,32 : 41.76"
"6,33 : 40.5"
"6,34 : 30.27"
"6,35 : 33.62"
"6,36 : 24.52"
"6,37 : 12.0"
"6,38 : 66.29"
"6,39 : 70.86"
"6,40 : 16.16"
"6,41 : 18.03"
"6,42 : 57.01"
"6,43 : 46.14"
"6,44 : 5.1"
"6,45 : 55.73"
"6,46 : 37.34"
"6,47 : 11.4"
"6,48 : 69.03"
"6,49 : 56.14"
"6,50 : 29.68"
"6,51 : 57.49"
"6,52 : 65.37"
"6,53 : 69.64"
"6,54 : 68.26"
"6,55 : 59.91"
"6,56 : 62.94"
"6,57 : 41.44"
"6,58 : 41.4"
"6,59 : 72.78"
"6,60 : 27.8"
"6,61 : 61.03"
"6,62 : 40.31"
"6,63 : 84.15"
"6,64 : 25.71"
"6,65 : 78.89"
"6,66 : 86.68"
"6,67 : 63.79"
"6,68 : 50.8"
"6,69 : 72.25"
"6,70 : 62.03"
"6,71 : 67.19"
"6,72 : 8.06"
"6,73 : 51.97"
"6,74 : 71.57"
"6,75 : 56.82"
"6,76 : 27.17"
"6,77 : 66.03"
"6,78 : 40.46"
"6,79 : 70.58"
"6,80 : 40.2"
"6,81 : 22.83"
"6,82 : 22.36"
"6,83 : 44.28"
"6,84 : 26.4"
"6,85 : 64.12"
"6,86 : 65.12"
"6,87 : 66.1"
"6,88 : 94.79"
"6,89 : 72.06"
"6,90 : 31.58"
"6,91 : 75.11"
"6,92 : 41.11"
"6,93 : 37.48"
"6,94 : 67.36"
"6,95 : 43.01"
"6,96 : 76.28"
"6,97 : 28.32"
"6,98 : 53.23"
"6,99 : 14.04"
"7,0 : 26.31"
"7,1 : 88.24"
"7,2 : 82.87"
"7,3 : 72.34"
"7,4 : 57.01"
"7,5 : 60.41"
"7,6 : 60.02"
"7,7 : 0.0"
"7,8 : 76.42"
"7,9 : 41.4"
"7,10 : 32.89"
"7,11 : 61.4"
"7,12 : 60.64"
"7,13 : 60.8"
"7,14 : 109.88"
"7,15 : 89.49"
"7,16 : 3.61"
"7,17 : 7.07"
"7,18 : 54.12"
"7,19 : 32.7"
"7,20 : 85.8"
"7,21 : 96.8"
"7,22 : 93.04"
"7,23 : 113.22"
"7,24 : 77.18"
"7,25 : 71.51"
"7,26 : 31.06"
"7,27 : 88.07"
"7,28 : 22.36"
"7,29 : 106.3"
"7,30 : 85.33"
"7,31 : 80.75"
"7,32 : 29.83"
"7,33 : 66.53"
"7,34 : 32.65"
"7,35 : 62.29"
"7,36 : 38.48"
"7,37 : 48.27"
"7,38 : 69.57"
"7,39 : 24.6"
"7,40 : 74.17"
"7,41 : 70.77"
"7,42 : 32.56"
"7,43 : 62.43"
"7,44 : 65.12"
"7,45 : 94.76"
"7,46 : 33.94"
"7,47 : 53.14"
"7,48 : 66.94"
"7,49 : 91.97"
"7,50 : 34.37"
"7,51 : 81.27"
"7,52 : 73.16"
"7,53 : 113.28"
"7,54 : 10.3"
"7,55 : 66.31"
"7,56 : 81.49"
"7,57 : 67.27"
"7,58 : 29.53"
"7,59 : 92.59"
"7,60 : 81.22"
"7,61 : 79.76"
"7,62 : 50.61"
"7,63 : 71.0"
"7,64 : 34.37"
"7,65 : 51.79"
"7,66 : 66.48"
"7,67 : 88.75"
"7,68 : 44.78"
"7,69 : 21.4"
"7,70 : 13.34"
"7,71 : 100.9"
"7,72 : 51.97"
"7,73 : 79.03"
"7,74 : 111.73"
"7,75 : 105.44"
"7,76 : 86.37"
"7,77 : 49.25"
"7,78 : 53.41"
"7,79 : 95.19"
"7,80 : 81.06"
"7,81 : 57.14"
"7,82 : 56.09"
"7,83 : 16.16"
"7,84 : 85.87"
"7,85 : 93.01"
"7,86 : 93.81"
"7,87 : 31.26"
"7,88 : 80.22"
"7,89 : 100.12"
"7,90 : 67.62"
"7,91 : 106.61"
"7,92 : 76.42"
"7,93 : 50.33"
"7,94 : 8.94"
"7,95 : 43.27"
"7,96 : 75.71"
"7,97 : 85.44"
"7,98 : 35.74"
"7,99 : 73.98"
"8,0 : 58.14"
"8,1 : 35.81"
"8,2 : 74.32"
"8,3 : 66.1"
"8,4 : 53.01"
"8,5 : 32.02"
"8,6 : 45.54"
"8,7 : 76.42"
"8,8 : 0.0"
"8,9 : 35.47"
"8,10 : 67.78"
"8,11 : 63.64"
"8,12 : 42.58"
"8,13 : 20.22"
"8,14 : 34.89"
"8,15 : 37.64"
"8,16 : 79.98"
"8,17 : 82.04"
"8,18 : 41.0"
"8,19 : 72.42"
"8,20 : 17.72"
"8,21 : 29.15"
"8,22 : 30.46"
"8,23 : 37.44"
"8,24 : 21.26"
"8,25 : 5.0"
"8,26 : 57.94"
"8,27 : 50.25"
"8,28 : 71.69"
"8,29 : 30.0"
"8,30 : 46.4"
"8,31 : 67.42"
"8,32 : 46.67"
"8,33 : 9.9"
"8,34 : 47.01"
"8,35 : 15.23"
"8,36 : 43.46"
"8,37 : 45.28"
"8,38 : 31.62"
"8,39 : 71.59"
"8,40 : 55.54"
"8,41 : 30.87"
"8,42 : 51.88"
"8,43 : 16.76"
"8,44 : 45.61"
"8,45 : 18.87"
"8,46 : 42.52"
"8,47 : 38.05"
"8,48 : 37.11"
"8,49 : 15.56"
"8,50 : 63.6"
"8,51 : 12.53"
"8,52 : 27.73"
"8,53 : 37.74"
"8,54 : 79.51"
"8,55 : 26.48"
"8,56 : 19.21"
"8,57 : 9.22"
"8,58 : 74.67"
"8,59 : 27.51"
"8,60 : 68.45"
"8,61 : 17.69"
"8,62 : 26.4"
"8,63 : 54.12"
"8,64 : 54.08"
"8,65 : 61.2"
"8,66 : 60.83"
"8,67 : 18.25"
"8,68 : 37.16"
"8,69 : 75.8"
"8,70 : 69.81"
"8,71 : 25.06"
"8,72 : 46.01"
"8,73 : 6.71"
"8,74 : 35.38"
"8,75 : 34.37"
"8,76 : 58.82"
"8,77 : 47.52"
"8,78 : 23.6"
"8,79 : 25.08"
"8,80 : 12.08"
"8,81 : 25.32"
"8,82 : 67.07"
"8,83 : 62.2"
"8,84 : 46.01"
"8,85 : 19.24"
"8,86 : 20.22"
"8,87 : 61.33"
"8,88 : 62.77"
"8,89 : 27.29"
"8,90 : 14.04"
"8,91 : 31.95"
"8,92 : 5.66"
"8,93 : 26.17"
"8,94 : 79.4"
"8,95 : 34.41"
"8,96 : 40.25"
"8,97 : 38.21"
"8,98 : 46.53"
"8,99 : 48.75"
"9,0 : 29.02"
"9,1 : 56.04"
"9,2 : 72.62"
"9,3 : 61.72"
"9,4 : 35.38"
"9,5 : 24.52"
"9,6 : 40.5"
"9,7 : 41.4"
"9,8 : 35.47"
"9,9 : 0.0"
"9,10 : 36.06"
"9,11 : 53.81"
"9,12 : 38.95"
"9,13 : 24.19"
"9,14 : 69.89"
"9,15 : 52.09"
"9,16 : 45.0"
"9,17 : 46.69"
"9,18 : 32.45"
"9,19 : 46.27"
"9,20 : 47.54"
"9,21 : 59.46"
"9,22 : 53.16"
"9,23 : 72.8"
"9,24 : 41.59"
"9,25 : 30.48"
"9,26 : 31.58"
"9,27 : 62.59"
"9,28 : 37.34"
"9,29 : 65.07"
"9,30 : 51.97"
"9,31 : 59.2"
"9,32 : 11.66"
"9,33 : 25.61"
"9,34 : 18.44"
"9,35 : 22.85"
"9,36 : 19.72"
"9,37 : 31.11"
"9,38 : 33.14"
"9,39 : 37.64"
"9,40 : 56.44"
"9,41 : 40.31"
"9,42 : 19.03"
"9,43 : 21.1"
"9,44 : 44.29"
"9,45 : 54.2"
"9,46 : 9.06"
"9,47 : 29.15"
"9,48 : 33.24"
"9,49 : 50.99"
"9,50 : 39.05"
"9,51 : 39.96"
"9,52 : 35.06"
"9,53 : 73.01"
"9,54 : 44.05"
"9,55 : 28.02"
"9,56 : 40.85"
"9,57 : 26.25"
"9,58 : 47.01"
"9,59 : 52.2"
"9,60 : 68.24"
"9,61 : 39.0"
"9,62 : 9.22"
"9,63 : 45.49"
"9,64 : 29.41"
"9,65 : 38.47"
"9,66 : 46.67"
"9,67 : 47.51"
"9,68 : 10.63"
"9,69 : 41.23"
"9,70 : 34.41"
"9,71 : 59.55"
"9,72 : 34.71"
"9,73 : 37.64"
"9,74 : 70.84"
"9,75 : 67.12"
"9,76 : 65.92"
"9,77 : 25.61"
"9,78 : 12.04"
"9,79 : 54.12"
"9,80 : 42.05"
"9,81 : 23.09"
"9,82 : 53.25"
"9,83 : 28.79"
"9,84 : 59.03"
"9,85 : 51.61"
"9,86 : 52.43"
"9,87 : 29.07"
"9,88 : 56.3"
"9,89 : 58.83"
"9,90 : 29.41"
"9,91 : 65.22"
"9,92 : 36.36"
"9,93 : 9.43"
"9,94 : 43.93"
"9,95 : 3.16"
"9,96 : 41.98"
"9,97 : 55.08"
"9,98 : 14.04"
"9,99 : 52.39"
"10,0 : 45.8"
"10,1 : 92.09"
"10,2 : 102.46"
"10,3 : 91.29"
"10,4 : 27.86"
"10,5 : 40.46"
"10,6 : 72.8"
"10,7 : 32.89"
"10,8 : 67.78"
"10,9 : 36.06"
"10,10 : 0.0"
"10,11 : 81.41"
"10,12 : 72.03"
"10,13 : 60.21"
"10,14 : 102.55"
"10,15 : 66.61"
"10,16 : 35.17"
"10,17 : 32.25"
"10,18 : 65.0"
"10,19 : 60.14"
"10,20 : 82.46"
"10,21 : 94.59"
"10,22 : 73.55"
"10,23 : 104.65"
"10,24 : 77.52"
"10,25 : 62.97"
"10,26 : 51.04"
"10,27 : 97.74"
"10,28 : 11.05"
"10,29 : 94.67"
"10,30 : 59.03"
"10,31 : 49.0"
"10,32 : 31.05"
"10,33 : 58.82"
"10,34 : 43.08"
"10,35 : 58.05"
"10,36 : 48.38"
"10,37 : 61.35"
"10,38 : 48.1"
"10,39 : 9.0"
"10,40 : 88.89"
"10,41 : 76.06"
"10,42 : 17.03"
"10,43 : 51.08"
"10,44 : 77.37"
"10,45 : 86.41"
"10,46 : 35.69"
"10,47 : 62.37"
"10,48 : 43.42"
"10,49 : 82.29"
"10,50 : 57.63"
"10,51 : 67.42"
"10,52 : 53.04"
"10,53 : 105.12"
"10,54 : 26.08"
"10,55 : 47.63"
"10,56 : 64.82"
"10,57 : 59.14"
"10,58 : 58.26"
"10,59 : 74.28"
"10,60 : 99.16"
"10,61 : 63.6"
"10,62 : 42.95"
"10,63 : 41.48"
"10,64 : 51.97"
"10,65 : 20.1"
"10,66 : 35.13"
"10,67 : 73.82"
"10,68 : 30.68"
"10,69 : 14.14"
"10,70 : 19.7"
"10,71 : 88.51"
"10,72 : 65.46"
"10,73 : 67.54"
"10,74 : 101.6"
"10,75 : 101.53"
"10,76 : 99.69"
"10,77 : 24.08"
"10,78 : 45.35"
"10,79 : 78.87"
"10,80 : 76.66"
"10,81 : 59.0"
"10,82 : 78.23"
"10,83 : 36.07"
"10,84 : 94.43"
"10,85 : 79.32"
"10,86 : 79.88"
"10,87 : 7.0"
"10,88 : 49.25"
"10,89 : 84.81"
"10,90 : 64.94"
"10,91 : 92.2"
"10,92 : 70.21"
"10,93 : 44.55"
"10,94 : 27.17"
"10,95 : 35.36"
"10,96 : 50.77"
"10,97 : 91.01"
"10,98 : 22.2"
"10,99 : 86.12"
"11,0 : 36.69"
"11,1 : 46.52"
"11,2 : 21.59"
"11,3 : 11.0"
"11,4 : 89.11"
"11,5 : 76.01"
"11,6 : 18.11"
"11,7 : 61.4"
"11,8 : 63.64"
"11,9 : 53.81"
"11,10 : 81.41"
"11,11 : 0.0"
"11,12 : 21.1"
"11,13 : 44.64"
"11,14 : 82.01"
"11,15 : 97.74"
"11,16 : 63.13"
"11,17 : 68.26"
"11,18 : 23.77"
"11,19 : 31.58"
"11,20 : 58.55"
"11,21 : 63.25"
"11,22 : 93.39"
"11,23 : 86.83"
"11,24 : 47.27"
"11,25 : 61.39"
"11,26 : 31.32"
"11,27 : 36.07"
"11,28 : 75.96"
"11,29 : 87.46"
"11,30 : 101.97"
"11,31 : 112.93"
"11,32 : 51.61"
"11,33 : 58.24"
"11,34 : 38.83"
"11,35 : 51.24"
"11,36 : 34.71"
"11,37 : 22.8"
"11,38 : 82.76"
"11,39 : 77.62"
"11,40 : 17.69"
"11,41 : 35.23"
"11,42 : 67.42"
"11,43 : 63.16"
"11,44 : 19.24"
"11,45 : 73.33"
"11,46 : 48.27"
"11,47 : 27.31"
"11,48 : 84.91"
"11,49 : 74.03"
"11,50 : 27.07"
"11,51 : 75.5"
"11,52 : 82.35"
"11,53 : 86.13"
"11,54 : 71.02"
"11,55 : 76.48"
"11,56 : 80.78"
"11,57 : 59.2"
"11,58 : 35.69"
"11,59 : 90.8"
"11,60 : 20.02"
"11,61 : 78.85"
"11,62 : 55.76"
"11,63 : 99.02"
"11,64 : 29.55"
"11,65 : 90.91"
"11,66 : 100.45"
"11,67 : 81.88"
"11,68 : 64.44"
"11,69 : 77.79"
"11,70 : 67.05"
"11,71 : 85.05"
"11,72 : 19.72"
"11,73 : 70.04"
"11,74 : 88.65"
"11,75 : 72.45"
"11,76 : 29.15"
"11,77 : 79.2"
"11,78 : 56.44"
"11,79 : 88.68"
"11,80 : 58.03"
"11,81 : 40.16"
"11,82 : 7.21"
"11,83 : 47.8"
"11,84 : 36.4"
"11,85 : 82.22"
"11,86 : 83.22"
"11,87 : 75.29"
"11,88 : 109.81"
"11,89 : 90.14"
"11,90 : 49.65"
"11,91 : 93.02"
"11,92 : 59.21"
"11,93 : 53.0"
"11,94 : 69.87"
"11,95 : 56.73"
"11,96 : 92.66"
"11,97 : 41.59"
"11,98 : 64.66"
"11,99 : 22.47"
"12,0 : 34.48"
"12,1 : 30.41"
"12,2 : 34.71"
"12,3 : 24.7"
"12,4 : 73.82"
"12,5 : 58.05"
"12,6 : 3.0"
"12,7 : 60.64"
"12,8 : 42.58"
"12,9 : 38.95"
"12,10 : 72.03"
"12,11 : 21.1"
"12,12 : 0.0"
"12,13 : 24.17"
"12,14 : 62.77"
"12,15 : 77.47"
"12,16 : 63.32"
"12,17 : 67.68"
"12,18 : 7.07"
"12,19 : 39.62"
"12,20 : 38.33"
"12,21 : 44.78"
"12,22 : 72.53"
"12,23 : 67.42"
"12,24 : 26.93"
"12,25 : 40.52"
"12,26 : 30.46"
"12,27 : 27.46"
"12,28 : 69.26"
"12,29 : 66.91"
"12,30 : 82.68"
"12,31 : 96.21"
"12,32 : 41.0"
"12,33 : 37.7"
"12,34 : 30.02"
"12,35 : 30.87"
"12,36 : 24.08"
"12,37 : 12.37"
"12,38 : 63.82"
"12,39 : 70.46"
"12,40 : 17.49"
"12,41 : 15.23"
"12,42 : 55.97"
"12,43 : 43.57"
"12,44 : 5.39"
"12,45 : 52.77"
"12,46 : 36.4"
"12,47 : 9.85"
"12,48 : 66.71"
"12,49 : 53.15"
"12,50 : 31.4"
"12,51 : 54.57"
"12,52 : 62.77"
"12,53 : 66.85"
"12,54 : 68.59"
"12,55 : 57.43"
"12,56 : 60.08"
"12,57 : 38.63"
"12,58 : 43.28"
"12,59 : 69.86"
"12,60 : 29.73"
"12,61 : 58.19"
"12,62 : 38.21"
"12,63 : 82.04"
"12,64 : 26.57"
"12,65 : 77.41"
"12,66 : 84.81"
"12,67 : 60.83"
"12,68 : 49.09"
"12,69 : 72.06"
"12,70 : 62.01"
"12,71 : 64.2"
"12,72 : 8.94"
"12,73 : 49.03"
"12,74 : 68.68"
"12,75 : 54.2"
"12,76 : 27.66"
"12,77 : 64.35"
"12,78 : 38.21"
"12,79 : 67.6"
"12,80 : 37.22"
"12,81 : 20.25"
"12,82 : 25.32"
"12,83 : 44.72"
"12,84 : 25.3"
"12,85 : 61.13"
"12,86 : 62.13"
"12,87 : 65.25"
"12,88 : 92.63"
"12,89 : 69.07"
"12,90 : 28.64"
"12,91 : 72.11"
"12,92 : 38.12"
"12,93 : 35.38"
"12,94 : 67.74"
"12,95 : 41.34"
"12,96 : 73.82"
"12,97 : 26.4"
"12,98 : 52.0"
"12,99 : 14.14"
"13,0 : 39.41"
"13,1 : 32.02"
"13,2 : 58.25"
"13,3 : 48.76"
"13,4 : 54.23"
"13,5 : 35.81"
"13,6 : 26.93"
"13,7 : 60.8"
"13,8 : 20.22"
"13,9 : 24.19"
"13,10 : 60.21"
"13,11 : 44.64"
"13,12 : 24.17"
"13,13 : 0.0"
"13,14 : 49.52"
"13,15 : 53.31"
"13,16 : 64.2"
"13,17 : 67.12"
"13,18 : 21.21"
"13,19 : 52.55"
"13,20 : 25.0"
"13,21 : 36.24"
"13,22 : 48.84"
"13,23 : 53.26"
"13,24 : 17.46"
"13,25 : 17.03"
"13,26 : 38.47"
"13,27 : 40.72"
"13,28 : 61.13"
"13,29 : 48.75"
"13,30 : 58.82"
"13,31 : 74.4"
"13,32 : 32.7"
"13,33 : 13.6"
"13,34 : 29.0"
"13,35 : 6.71"
"13,36 : 24.41"
"13,37 : 25.08"
"13,38 : 40.36"
"13,39 : 61.61"
"13,40 : 39.82"
"13,41 : 17.89"
"13,42 : 43.19"
"13,43 : 19.85"
"13,44 : 28.3"
"13,45 : 35.51"
"13,46 : 27.73"
"13,47 : 18.03"
"13,48 : 43.93"
"13,49 : 34.01"
"13,50 : 43.66"
"13,51 : 31.14"
"13,52 : 38.83"
"13,53 : 53.15"
"13,54 : 65.76"
"13,55 : 33.97"
"13,56 : 36.14"
"13,57 : 14.56"
"13,58 : 55.04"
"13,59 : 46.39"
"13,60 : 52.8"
"13,61 : 34.21"
"13,62 : 18.44"
"13,63 : 60.22"
"13,64 : 34.44"
"13,65 : 59.91"
"13,66 : 64.41"
"13,67 : 38.0"
"13,68 : 31.4"
"13,69 : 64.85"
"13,70 : 56.86"
"13,71 : 44.6"
"13,72 : 26.08"
"13,73 : 26.0"
"13,74 : 52.7"
"13,75 : 44.65"
"13,76 : 46.4"
"13,77 : 45.88"
"13,78 : 17.09"
"13,79 : 45.01"
"13,80 : 20.52"
"13,81 : 5.1"
"13,82 : 47.38"
"13,83 : 45.34"
"13,84 : 36.77"
"13,85 : 39.46"
"13,86 : 40.45"
"13,87 : 53.24"
"13,88 : 70.43"
"13,89 : 47.52"
"13,90 : 7.21"
"13,91 : 51.92"
"13,92 : 17.46"
"13,93 : 16.12"
"13,94 : 65.37"
"13,95 : 25.0"
"13,96 : 50.33"
"13,97 : 31.58"
"13,98 : 38.05"
"13,99 : 33.94"
"14,0 : 88.73"
"14,1 : 37.05"
"14,2 : 84.01"
"14,3 : 79.76"
"14,4 : 85.33"
"14,5 : 64.76"
"14,6 : 65.55"
"14,7 : 109.88"
"14,8 : 34.89"
"14,9 : 69.89"
"14,10 : 102.55"
"14,11 : 82.01"
"14,12 : 62.77"
"14,13 : 49.52"
"14,14 : 0.0"
"14,15 : 56.52"
"14,16 : 113.36"
"14,17 : 115.88"
"14,18 : 64.88"
"14,19 : 100.17"
"14,20 : 25.24"
"14,21 : 19.1"
"14,22 : 44.64"
"14,23 : 5.0"
"14,24 : 36.24"
"14,25 : 39.82"
"14,26 : 87.2"
"14,27 : 53.08"
"14,28 : 106.55"
"14,29 : 15.26"
"14,30 : 69.05"
"14,31 : 94.34"
"14,32 : 80.6"
"14,33 : 44.42"
"14,34 : 78.52"
"14,35 : 47.63"
"14,36 : 73.76"
"14,37 : 70.83"
"14,38 : 61.29"
"14,39 : 106.47"
"14,40 : 67.6"
"14,41 : 47.54"
"14,42 : 86.77"
"14,43 : 51.48"
"14,44 : 62.94"
"14,45 : 16.16"
"14,46 : 76.06"
"14,47 : 63.29"
"14,48 : 67.36"
"14,49 : 20.62"
"14,50 : 91.27"
"14,51 : 37.34"
"14,52 : 56.14"
"14,53 : 4.12"
"14,54 : 113.81"
"14,55 : 58.05"
"14,56 : 43.01"
"14,57 : 43.91"
"14,58 : 103.17"
"14,59 : 41.23"
"14,60 : 78.03"
"14,61 : 43.1"
"14,62 : 61.06"
"14,63 : 83.01"
"14,64 : 83.01"
"14,65 : 94.37"
"14,66 : 91.2"
"14,67 : 34.06"
"14,68 : 72.01"
"14,69 : 110.64"
"14,70 : 104.29"
"14,71 : 19.92"
"14,72 : 69.77"
"14,73 : 35.44"
"14,74 : 9.43"
"14,75 : 11.4"
"14,76 : 64.07"
"14,77 : 81.32"
"14,78 : 58.31"
"14,79 : 34.21"
"14,80 : 29.0"
"14,81 : 53.91"
"14,82 : 87.6"
"14,83 : 94.76"
"14,84 : 50.0"
"14,85 : 28.16"
"14,86 : 28.28"
"14,87 : 96.18"
"14,88 : 89.36"
"14,89 : 29.15"
"14,90 : 42.43"
"14,91 : 24.41"
"14,92 : 33.6"
"14,93 : 60.46"
"14,94 : 113.6"
"14,95 : 69.12"
"14,96 : 67.03"
"14,97 : 42.11"
"14,98 : 81.41"
"14,99 : 60.83"
"15,0 : 81.02"
"15,1 : 72.86"
"15,2 : 111.02"
"15,3 : 101.98"
"15,4 : 40.31"
"15,5 : 29.12"
"15,6 : 80.23"
"15,7 : 89.49"
"15,8 : 37.64"
"15,9 : 52.09"
"15,10 : 66.61"
"15,11 : 97.74"
"15,12 : 77.47"
"15,13 : 53.31"
"15,14 : 56.52"
"15,15 : 0.0"
"15,16 : 92.97"
"15,17 : 92.85"
"15,18 : 74.0"
"15,19 : 98.02"
"15,20 : 53.26"
"15,21 : 61.91"
"15,22 : 12.04"
"15,23 : 55.58"
"15,24 : 58.9"
"15,25 : 37.74"
"15,26 : 83.05"
"15,27 : 87.86"
"15,28 : 75.29"
"15,29 : 42.3"
"15,30 : 13.04"
"15,31 : 39.32"
"15,32 : 62.65"
"15,33 : 39.81"
"15,34 : 70.01"
"15,35 : 46.62"
"15,36 : 69.35"
"15,37 : 76.4"
"15,38 : 19.92"
"15,39 : 74.09"
"15,40 : 92.28"
"15,41 : 67.96"
"15,42 : 57.38"
"15,43 : 34.93"
"15,44 : 81.39"
"15,45 : 44.28"
"15,46 : 61.13"
"15,47 : 70.52"
"15,48 : 23.32"
"15,49 : 39.36"
"15,50 : 90.2"
"15,51 : 25.46"
"15,52 : 17.03"
"15,53 : 56.72"
"15,54 : 88.14"
"15,55 : 24.08"
"15,56 : 18.44"
"15,57 : 38.91"
"15,58 : 99.02"
"15,59 : 15.3"
"15,60 : 105.31"
"15,61 : 20.0"
"15,62 : 45.1"
"15,63 : 31.3"
"15,64 : 80.22"
"15,65 : 50.25"
"15,66 : 40.71"
"15,67 : 23.71"
"15,68 : 45.12"
"15,69 : 79.4"
"15,70 : 78.39"
"15,71 : 36.67"
"15,72 : 78.45"
"15,73 : 31.14"
"15,74 : 50.25"
"15,75 : 62.77"
"15,76 : 96.4"
"15,77 : 42.72"
"15,78 : 43.29"
"15,79 : 22.36"
"15,80 : 48.8"
"15,81 : 57.58"
"15,82 : 99.72"
"15,83 : 80.06"
"15,84 : 83.63"
"15,85 : 28.79"
"15,86 : 28.46"
"15,87 : 62.77"
"15,88 : 34.37"
"15,89 : 28.07"
"15,90 : 49.74"
"15,91 : 35.01"
"15,92 : 43.28"
"15,93 : 47.27"
"15,94 : 88.64"
"15,95 : 49.16"
"15,96 : 16.28"
"15,97 : 75.69"
"15,98 : 53.76"
"15,99 : 85.76"
"16,0 : 28.86"
"16,1 : 91.29"
"16,2 : 84.48"
"16,3 : 74.11"
"16,4 : 60.01"
"16,5 : 63.91"
"16,6 : 62.59"
"16,7 : 3.61"
"16,8 : 79.98"
"16,9 : 45.0"
"16,10 : 35.17"
"16,11 : 63.13"
"16,12 : 63.32"
"16,13 : 64.2"
"16,14 : 113.36"
"16,15 : 92.97"
"16,16 : 0.0"
"16,17 : 5.39"
"16,18 : 56.92"
"16,19 : 33.53"
"16,20 : 89.2"
"16,21 : 100.12"
"16,22 : 96.61"
"16,23 : 116.73"
"16,24 : 80.45"
"16,25 : 75.07"
"16,26 : 33.38"
"16,27 : 90.71"
"16,28 : 24.35"
"16,29 : 109.88"
"16,30 : 88.65"
"16,31 : 83.49"
"16,32 : 33.42"
"16,33 : 70.09"
"16,34 : 35.85"
"16,35 : 65.8"
"16,36 : 41.59"
"16,37 : 50.96"
"16,38 : 73.05"
"16,39 : 26.57"
"16,40 : 76.42"
"16,41 : 73.82"
"16,42 : 35.9"
"16,43 : 66.03"
"16,44 : 67.68"
"16,45 : 98.29"
"16,46 : 37.48"
"16,47 : 56.08"
"16,48 : 70.34"
"16,49 : 95.52"
"16,50 : 36.06"
"16,51 : 84.88"
"16,52 : 76.69"
"16,53 : 116.78"
"16,54 : 10.63"
"16,55 : 69.86"
"16,56 : 85.09"
"16,57 : 70.84"
"16,58 : 30.08"
"16,59 : 96.18"
"16,60 : 83.05"
"16,61 : 83.35"
"16,62 : 54.2"
"16,63 : 74.03"
"16,64 : 36.88"
"16,65 : 54.45"
"16,66 : 69.26"
"16,67 : 92.36"
"16,68 : 48.33"
"16,69 : 22.83"
"16,70 : 16.03"
"16,71 : 104.48"
"16,72 : 54.57"
"16,73 : 82.62"
"16,74 : 115.28"
"16,75 : 108.81"
"16,76 : 88.68"
"16,77 : 52.47"
"16,78 : 57.01"
"16,79 : 98.79"
"16,80 : 84.5"
"16,81 : 60.46"
"16,82 : 57.56"
"16,83 : 19.24"
"16,84 : 88.6"
"16,85 : 96.61"
"16,86 : 97.42"
"16,87 : 34.06"
"16,88 : 83.1"
"16,89 : 103.73"
"16,90 : 71.06"
"16,91 : 110.21"
"16,92 : 79.93"
"16,93 : 53.91"
"16,94 : 9.22"
"16,95 : 46.87"
"16,96 : 79.08"
"16,97 : 88.39"
"16,98 : 39.22"
"16,99 : 76.49"
"17,0 : 33.38"
"17,1 : 95.08"
"17,2 : 89.68"
"17,3 : 79.23"
"17,4 : 58.31"
"17,5 : 63.98"
"17,6 : 67.08"
"17,7 : 7.07"
"17,8 : 82.04"
"17,9 : 46.69"
"17,10 : 32.25"
"17,11 : 68.26"
"17,12 : 67.68"
"17,13 : 67.12"
"17,14 : 115.88"
"17,15 : 92.85"
"17,16 : 5.39"
"17,17 : 0.0"
"17,18 : 61.13"
"17,19 : 38.9"
"17,20 : 92.09"
"17,21 : 103.25"
"17,22 : 97.13"
"17,23 : 119.1"
"17,24 : 83.73"
"17,25 : 77.08"
"17,26 : 38.12"
"17,27 : 95.13"
"17,28 : 21.21"
"17,29 : 111.76"
"17,30 : 87.8"
"17,31 : 81.1"
"17,32 : 35.38"
"17,33 : 72.14"
"17,34 : 39.4"
"17,35 : 68.25"
"17,36 : 45.31"
"17,37 : 55.32"
"17,38 : 73.01"
"17,39 : 23.35"
"17,40 : 81.22"
"17,41 : 77.62"
"17,42 : 35.47"
"17,43 : 67.48"
"17,44 : 72.18"
"17,45 : 100.57"
"17,46 : 39.82"
"17,47 : 60.08"
"17,48 : 69.89"
"17,49 : 97.59"
"17,50 : 41.19"
"17,51 : 86.21"
"17,52 : 76.92"
"17,53 : 119.21"
"17,54 : 6.32"
"17,55 : 70.24"
"17,56 : 85.98"
"17,57 : 72.84"
"17,58 : 35.47"
"17,59 : 96.9"
"17,60 : 88.14"
"17,61 : 84.31"
"17,62 : 55.9"
"17,63 : 72.34"
"17,64 : 41.44"
"17,65 : 52.04"
"17,66 : 67.01"
"17,67 : 93.6"
"17,68 : 48.88"
"17,69 : 18.97"
"17,70 : 14.56"
"17,71 : 106.22"
"17,72 : 59.03"
"17,73 : 84.29"
"17,74 : 117.41"
"17,75 : 111.77"
"17,76 : 93.43"
"17,77 : 51.42"
"17,78 : 58.73"
"17,79 : 99.86"
"17,80 : 87.2"
"17,81 : 63.63"
"17,82 : 62.8"
"17,83 : 23.09"
"17,84 : 92.89"
"17,85 : 98.08"
"17,86 : 98.86"
"17,87 : 32.14"
"17,88 : 81.01"
"17,89 : 105.0"
"17,90 : 73.82"
"17,91 : 111.66"
"17,92 : 82.33"
"17,93 : 55.87"
"17,94 : 5.1"
"17,95 : 48.27"
"17,96 : 78.45"
"17,97 : 92.36"
"17,98 : 39.36"
"17,99 : 81.05"
"18,0 : 28.23"
"18,1 : 35.23"
"18,2 : 40.36"
"18,3 : 29.73"
"18,4 : 67.62"
"18,5 : 52.8"
"18,6 : 8.06"
"18,7 : 54.12"
"18,8 : 41.0"
"18,9 : 32.45"
"18,10 : 65.0"
"18,11 : 23.77"
"18,12 : 7.07"
"18,13 : 21.21"
"18,14 : 64.88"
"18,15 : 74.0"
"18,16 : 56.92"
"18,17 : 61.13"
"18,18 : 0.0"
"18,19 : 35.61"
"18,20 : 39.81"
"18,21 : 47.8"
"18,22 : 70.04"
"18,23 : 69.32"
"18,24 : 28.65"
"18,25 : 38.21"
"18,26 : 24.7"
"18,27 : 34.23"
"18,28 : 62.2"
"18,29 : 67.45"
"18,30 : 78.29"
"18,31 : 90.52"
"18,32 : 33.96"
"18,33 : 34.71"
"18,34 : 23.0"
"18,35 : 27.66"
"18,36 : 17.03"
"18,37 : 6.4"
"18,38 : 59.17"
"18,39 : 63.39"
"18,40 : 24.17"
"18,41 : 18.38"
"18,42 : 49.04"
"18,43 : 39.4"
"18,44 : 12.37"
"18,45 : 53.45"
"18,46 : 29.41"
"18,47 : 3.61"
"18,48 : 61.61"
"18,49 : 53.15"
"18,50 : 26.91"
"18,51 : 52.35"
"18,52 : 58.6"
"18,53 : 68.88"
"18,54 : 61.81"
"18,55 : 52.84"
"18,56 : 57.27"
"18,57 : 35.69"
"18,58 : 38.95"
"18,59 : 67.6"
"18,60 : 35.81"
"18,61 : 55.32"
"18,62 : 32.65"
"18,63 : 76.42"
"18,64 : 20.59"
"18,65 : 70.83"
"18,66 : 78.75"
"18,67 : 59.08"
"18,68 : 42.8"
"18,69 : 65.03"
"18,70 : 55.04"
"18,71 : 64.13"
"18,72 : 5.1"
"18,73 : 47.1"
"18,74 : 70.01"
"18,75 : 57.2"
"18,76 : 34.71"
"18,77 : 58.01"
"18,78 : 33.02"
"18,79 : 66.03"
"18,80 : 37.64"
"18,81 : 16.49"
"18,82 : 26.17"
"18,83 : 38.08"
"18,84 : 31.78"
"18,85 : 60.07"
"18,86 : 61.07"
"18,87 : 58.24"
"18,88 : 87.11"
"18,89 : 68.12"
"18,90 : 27.02"
"18,91 : 71.85"
"18,92 : 37.22"
"18,93 : 29.83"
"18,94 : 61.0"
"18,95 : 35.0"
"18,96 : 69.12"
"18,97 : 31.76"
"18,98 : 45.19"
"18,99 : 21.21"
"19,0 : 17.46"
"19,1 : 70.04"
"19,2 : 52.01"
"19,3 : 42.43"
"19,4 : 76.56"
"19,5 : 70.71"
"19,6 : 37.64"
"19,7 : 32.7"
"19,8 : 72.42"
"19,9 : 46.27"
"19,10 : 60.14"
"19,11 : 31.58"
"19,12 : 39.62"
"19,13 : 52.55"
"19,14 : 100.17"
"19,15 : 98.02"
"19,16 : 33.53"
"19,17 : 38.9"
"19,18 : 35.61"
"19,19 : 0.0"
"19,20 : 74.95"
"19,21 : 83.41"
"19,22 : 97.51"
"19,23 : 104.45"
"19,24 : 64.07"
"19,25 : 68.41"
"19,26 : 15.03"
"19,27 : 64.5"
"19,28 : 51.86"
"19,29 : 101.24"
"19,30 : 98.15"
"19,31 : 101.64"
"19,32 : 37.64"
"19,33 : 63.79"
"19,34 : 28.02"
"19,35 : 57.28"
"19,36 : 29.43"
"19,37 : 29.41"
"19,38 : 79.4"
"19,39 : 53.91"
"19,40 : 47.54"
"19,41 : 53.91"
"19,42 : 51.0"
"19,43 : 64.28"
"19,44 : 42.2"
"19,45 : 87.66"
"19,46 : 37.48"
"19,47 : 36.89"
"19,48 : 79.25"
"19,49 : 86.54"
"19,50 : 8.94"
"19,51 : 81.58"
"19,52 : 81.06"
"19,53 : 104.1"
"19,54 : 42.95"
"19,55 : 74.11"
"19,56 : 84.59"
"19,57 : 64.76"
"19,58 : 4.12"
"19,59 : 95.89"
"19,60 : 51.48"
"19,61 : 82.61"
"19,62 : 53.01"
"19,63 : 89.2"
"19,64 : 18.44"
"19,65 : 74.95"
"19,66 : 87.66"
"19,67 : 89.05"
"19,68 : 55.32"
"19,69 : 52.43"
"19,70 : 42.01"
"19,71 : 97.14"
"19,72 : 31.14"
"19,73 : 77.37"
"19,74 : 104.66"
"19,75 : 92.8"
"19,76 : 59.81"
"19,77 : 66.85"
"19,78 : 55.08"
"19,79 : 96.1"
"19,80 : 72.01"
"19,81 : 47.54"
"19,82 : 25.08"
"19,83 : 24.21"
"19,84 : 63.51"
"19,85 : 91.48"
"19,86 : 92.44"
"19,87 : 55.61"
"19,88 : 99.72"
"19,89 : 99.46"
"19,90 : 59.62"
"19,91 : 104.36"
"19,92 : 70.01"
"19,93 : 51.09"
"19,94 : 41.63"
"19,95 : 49.37"
"19,96 : 88.12"
"19,97 : 65.95"
"19,98 : 50.7"
"19,99 : 49.74"
"20,0 : 63.7"
"20,1 : 20.0"
"20,2 : 64.33"
"20,3 : 58.08"
"20,4 : 70.26"
"20,5 : 49.37"
"20,6 : 41.23"
"20,7 : 85.8"
"20,8 : 17.72"
"20,9 : 47.54"
"20,10 : 82.46"
"20,11 : 58.55"
"20,12 : 38.33"
"20,13 : 25.0"
"20,14 : 25.24"
"20,15 : 53.26"
"20,16 : 89.2"
"20,17 : 92.09"
"20,18 : 39.81"
"20,19 : 74.95"
"20,20 : 0.0"
"20,21 : 12.17"
"20,22 : 43.93"
"20,23 : 29.53"
"20,24 : 11.4"
"20,25 : 21.1"
"20,26 : 62.01"
"20,27 : 36.24"
"20,28 : 84.86"
"20,29 : 29.02"
"20,30 : 63.29"
"20,31 : 85.09"
"20,32 : 57.31"
"20,33 : 24.08"
"20,34 : 53.81"
"20,35 : 24.7"
"20,36 : 48.8"
"20,37 : 45.65"
"20,38 : 49.34"
"20,39 : 85.09"
"20,40 : 46.27"
"20,41 : 23.35"
"20,42 : 65.8"
"20,43 : 33.0"
"20,44 : 39.32"
"20,45 : 15.03"
"20,46 : 52.48"
"20,47 : 38.08"
"20,48 : 54.82"
"20,49 : 17.09"
"20,50 : 66.04"
"20,51 : 28.02"
"20,52 : 45.31"
"20,53 : 29.15"
"20,54 : 90.55"
"20,55 : 44.15"
"20,56 : 35.23"
"20,57 : 24.02"
"20,58 : 77.94"
"20,59 : 40.46"
"20,60 : 58.25"
"20,61 : 34.13"
"20,62 : 39.56"
"20,63 : 71.84"
"20,64 : 57.8"
"20,65 : 78.0"
"20,66 : 78.45"
"20,67 : 30.48"
"20,68 : 51.97"
"20,69 : 88.77"
"20,70 : 81.41"
"20,71 : 27.46"
"20,72 : 44.78"
"20,73 : 22.83"
"20,74 : 30.36"
"20,75 : 19.72"
"20,76 : 46.24"
"20,77 : 64.03"
"20,78 : 37.11"
"20,79 : 35.51"
"20,80 : 6.0"
"20,81 : 29.0"
"20,82 : 63.56"
"20,83 : 70.29"
"20,84 : 32.2"
"20,85 : 27.78"
"20,86 : 28.65"
"20,87 : 75.69"
"20,88 : 80.41"
"20,89 : 34.54"
"20,90 : 18.36"
"20,91 : 35.51"
"20,92 : 13.04"
"20,93 : 38.28"
"20,94 : 90.21"
"20,95 : 47.43"
"20,96 : 57.78"
"20,97 : 23.71"
"20,98 : 60.44"
"20,99 : 39.2"
"21,0 : 73.66"
"21,1 : 18.0"
"21,2 : 65.01"
"21,3 : 60.67"
"21,4 : 82.1"
"21,5 : 61.13"
"21,6 : 47.41"
"21,7 : 96.8"
"21,8 : 29.15"
"21,9 : 59.46"
"21,10 : 94.59"
"21,11 : 63.25"
"21,12 : 44.78"
"21,13 : 36.24"
"21,14 : 19.1"
"21,15 : 61.91"
"21,16 : 100.12"
"21,17 : 103.25"
"21,18 : 47.8"
"21,19 : 83.41"
"21,20 : 12.17"
"21,21 : 0.0"
"21,22 : 51.4"
"21,23 : 24.08"
"21,24 : 19.85"
"21,25 : 33.0"
"21,26 : 71.42"
"21,27 : 34.37"
"21,28 : 96.8"
"21,29 : 29.15"
"21,30 : 72.92"
"21,31 : 95.88"
"21,32 : 68.88"
"21,33 : 36.22"
"21,34 : 64.4"
"21,35 : 36.69"
"21,36 : 59.03"
"21,37 : 54.04"
"21,38 : 60.42"
"21,39 : 97.08"
"21,40 : 48.51"
"21,41 : 29.68"
"21,42 : 77.88"
"21,43 : 45.04"
"21,44 : 44.38"
"21,45 : 18.38"
"21,46 : 63.95"
"21,47 : 46.75"
"21,48 : 66.1"
"21,49 : 22.8"
"21,50 : 74.65"
"21,51 : 37.7"
"21,52 : 56.04"
"21,53 : 23.19"
"21,54 : 102.0"
"21,55 : 55.58"
"21,56 : 44.78"
"21,57 : 36.12"
"21,58 : 86.68"
"21,59 : 47.8"
"21,60 : 59.0"
"21,61 : 44.01"
"21,62 : 51.66"
"21,63 : 82.98"
"21,64 : 67.18"
"21,65 : 90.02"
"21,66 : 89.94"
"21,67 : 38.28"
"21,68 : 64.13"
"21,69 : 100.66"
"21,70 : 93.04"
"21,71 : 30.23"
"21,72 : 52.43"
"21,73 : 33.24"
"21,74 : 27.17"
"21,75 : 9.43"
"21,76 : 45.28"
"21,77 : 76.11"
"21,78 : 49.24"
"21,79 : 41.77"
"21,80 : 18.11"
"21,81 : 39.66"
"21,82 : 69.08"
"21,83 : 81.02"
"21,84 : 31.06"
"21,85 : 34.06"
"21,86 : 34.71"
"21,87 : 87.8"
"21,88 : 91.09"
"21,89 : 39.05"
"21,90 : 30.08"
"21,91 : 37.59"
"21,92 : 25.02"
"21,93 : 50.29"
"21,94 : 101.6"
"21,95 : 59.48"
"21,96 : 68.31"
"21,97 : 23.02"
"21,98 : 72.53"
"21,99 : 41.77"
"22,0 : 81.22"
"22,1 : 63.89"
"22,2 : 104.79"
"22,3 : 96.46"
"22,4 : 49.09"
"22,5 : 33.6"
"22,6 : 75.43"
"22,7 : 93.04"
"22,8 : 30.46"
"22,9 : 53.16"
"22,10 : 73.55"
"22,11 : 93.39"
"22,12 : 72.53"
"22,13 : 48.84"
"22,14 : 44.64"
"22,15 : 12.04"
"22,16 : 96.61"
"22,17 : 97.13"
"22,18 : 70.04"
"22,19 : 97.51"
"22,20 : 43.93"
"22,21 : 51.4"
"22,22 : 0.0"
"22,23 : 43.57"
"22,24 : 51.11"
"22,25 : 32.02"
"22,26 : 82.49"
"22,27 : 79.63"
"22,28 : 81.22"
"22,29 : 30.27"
"22,30 : 25.0"
"22,31 : 51.16"
"22,32 : 64.51"
"22,33 : 35.36"
"22,34 : 69.87"
"22,35 : 42.43"
"22,36 : 68.18"
"22,37 : 73.33"
"22,38 : 25.46"
"22,39 : 80.28"
"22,40 : 86.01"
"22,41 : 61.33"
"22,42 : 62.13"
"22,43 : 33.24"
"22,44 : 75.89"
"22,45 : 33.29"
"22,46 : 62.1"
"22,47 : 66.75"
"22,48 : 30.61"
"22,49 : 28.6"
"22,50 : 89.2"
"22,51 : 18.03"
"22,52 : 20.62"
"22,53 : 44.72"
"22,54 : 92.96"
"22,55 : 26.93"
"22,56 : 13.0"
"22,57 : 34.37"
"22,58 : 98.99"
"22,59 : 3.61"
"22,60 : 98.9"
"22,61 : 15.0"
"22,62 : 44.91"
"22,63 : 42.06"
"22,64 : 79.23"
"22,65 : 59.08"
"22,66 : 51.26"
"22,67 : 13.45"
"22,68 : 48.3"
"22,69 : 85.43"
"22,70 : 83.01"
"22,71 : 24.74"
"22,72 : 74.81"
"22,73 : 23.77"
"22,74 : 38.21"
"22,75 : 51.43"
"22,76 : 88.84"
"22,77 : 49.5"
"22,78 : 42.58"
"22,79 : 10.44"
"22,80 : 40.22"
"22,81 : 53.6"
"22,82 : 96.18"
"22,83 : 81.91"
"22,84 : 75.45"
"22,85 : 17.49"
"22,86 : 17.0"
"22,87 : 68.88"
"22,88 : 46.17"
"22,89 : 16.03"
"22,90 : 43.97"
"22,91 : 23.09"
"22,92 : 35.78"
"22,93 : 46.53"
"22,94 : 93.3"
"22,95 : 50.6"
"22,96 : 26.0"
"22,97 : 67.2"
"22,98 : 57.8"
"22,99 : 79.2"
"23,0 : 92.62"
"23,1 : 42.05"
"23,2 : 89.01"
"23,3 : 84.72"
"23,4 : 86.35"
"23,5 : 66.1"
"23,6 : 70.23"
"23,7 : 113.22"
"23,8 : 37.44"
"23,9 : 72.8"
"23,10 : 104.65"
"23,11 : 86.83"
"23,12 : 67.42"
"23,13 : 53.26"
"23,14 : 5.0"
"23,15 : 55.58"
"23,16 : 116.73"
"23,17 : 119.1"
"23,18 : 69.32"
"23,19 : 104.45"
"23,20 : 29.53"
"23,21 : 24.08"
"23,22 : 43.57"
"23,23 : 0.0"
"23,24 : 40.72"
"23,25 : 42.44"
"23,26 : 91.26"
"23,27 : 58.08"
"23,28 : 109.08"
"23,29 : 13.34"
"23,30 : 68.36"
"23,31 : 94.05"
"23,32 : 83.74"
"23,33 : 47.2"
"23,34 : 82.22"
"23,35 : 50.93"
"23,36 : 77.62"
"23,37 : 75.18"
"23,38 : 61.98"
"23,39 : 108.91"
"23,40 : 72.56"
"23,41 : 52.2"
"23,42 : 89.19"
"23,43 : 53.71"
"23,44 : 67.72"
"23,45 : 18.6"
"23,46 : 79.31"
"23,47 : 67.6"
"23,48 : 68.07"
"23,49 : 22.36"
"23,50 : 95.52"
"23,51 : 38.33"
"23,52 : 56.72"
"23,53 : 1.41"
"23,54 : 116.82"
"23,55 : 59.2"
"23,56 : 43.42"
"23,57 : 46.62"
"23,58 : 107.38"
"23,59 : 40.31"
"23,60 : 83.02"
"23,61 : 43.74"
"23,62 : 63.82"
"23,63 : 83.22"
"23,64 : 87.09"
"23,65 : 95.6"
"23,66 : 91.66"
"23,67 : 34.13"
"23,68 : 74.3"
"23,69 : 113.21"
"23,70 : 107.2"
"23,71 : 19.03"
"23,72 : 74.25"
"23,73 : 37.16"
"23,74 : 5.83"
"23,75 : 16.28"
"23,76 : 69.07"
"23,77 : 82.87"
"23,78 : 61.03"
"23,79 : 33.24"
"23,80 : 32.8"
"23,81 : 57.8"
"23,82 : 92.35"
"23,83 : 98.31"
"23,84 : 55.0"
"23,85 : 28.07"
"23,86 : 28.02"
"23,87 : 98.41"
"23,88 : 89.05"
"23,89 : 27.66"
"23,90 : 46.1"
"23,91 : 21.93"
"23,92 : 36.8"
"23,93 : 63.41"
"23,94 : 116.66"
"23,95 : 71.85"
"23,96 : 67.07"
"23,97 : 47.1"
"23,98 : 83.86"
"23,99 : 65.76"
"24,0 : 53.81"
"24,1 : 15.81"
"24,2 : 54.41"
"24,3 : 47.38"
"24,4 : 69.12"
"24,5 : 49.04"
"24,6 : 29.83"
"24,7 : 77.18"
"24,8 : 21.26"
"24,9 : 41.59"
"24,10 : 77.52"
"24,11 : 47.27"
"24,12 : 26.93"
"24,13 : 17.46"
"24,14 : 36.24"
"24,15 : 58.9"
"24,16 : 80.45"
"24,17 : 83.73"
"24,18 : 28.65"
"24,19 : 64.07"
"24,20 : 11.4"
"24,21 : 19.85"
"24,22 : 51.11"
"24,23 : 40.72"
"24,24 : 0.0"
"24,25 : 22.2"
"24,26 : 51.66"
"24,27 : 29.0"
"24,28 : 78.59"
"24,29 : 40.2"
"24,30 : 67.36"
"24,31 : 86.77"
"24,32 : 49.98"
"24,33 : 22.85"
"24,34 : 44.65"
"24,35 : 20.1"
"24,36 : 39.2"
"24,37 : 34.67"
"24,38 : 51.11"
"24,39 : 79.08"
"24,40 : 35.9"
"24,41 : 12.04"
"24,42 : 60.53"
"24,43 : 31.95"
"24,44 : 28.07"
"24,45 : 26.08"
"24,46 : 44.94"
"24,47 : 27.2"
"24,48 : 55.9"
"24,49 : 27.17"
"24,50 : 55.22"
"24,51 : 33.6"
"24,52 : 48.01"
"24,53 : 40.25"
"24,54 : 82.76"
"24,55 : 45.18"
"24,56 : 40.46"
"24,57 : 23.26"
"24,58 : 67.2"
"24,59 : 47.89"
"24,60 : 48.38"
"24,61 : 38.95"
"24,62 : 35.0"
"24,63 : 72.92"
"24,64 : 47.42"
"24,65 : 75.8"
"24,66 : 78.43"
"24,67 : 38.01"
"24,68 : 48.01"
"24,69 : 82.28"
"24,70 : 74.09"
"24,71 : 38.05"
"24,72 : 33.54"
"24,73 : 27.8"
"24,74 : 41.76"
"24,75 : 29.0"
"24,76 : 37.74"
"24,77 : 61.66"
"24,78 : 33.06"
"24,79 : 44.01"
"24,80 : 11.4"
"24,81 : 20.12"
"24,82 : 52.17"
"24,83 : 61.29"
"24,84 : 24.76"
"24,85 : 36.69"
"24,86 : 37.64"
"24,87 : 70.58"
"24,88 : 82.37"
"24,89 : 44.15"
"24,90 : 13.15"
"24,91 : 46.1"
"24,92 : 15.62"
"24,93 : 33.06"
"24,94 : 82.29"
"24,95 : 42.19"
"24,96 : 60.46"
"24,97 : 17.2"
"24,98 : 55.33"
"24,99 : 28.86"
"25,0 : 53.71"
"25,1 : 37.59"
"25,2 : 73.36"
"25,3 : 64.62"
"25,4 : 49.16"
"25,5 : 28.28"
"25,6 : 43.42"
"25,7 : 71.51"
"25,8 : 5.0"
"25,9 : 30.48"
"25,10 : 62.97"
"25,11 : 61.39"
"25,12 : 40.52"
"25,13 : 17.03"
"25,14 : 39.82"
"25,15 : 37.74"
"25,16 : 75.07"
"25,17 : 77.08"
"25,18 : 38.21"
"25,19 : 68.41"
"25,20 : 21.1"
"25,21 : 33.0"
"25,22 : 32.02"
"25,23 : 42.44"
"25,24 : 22.2"
"25,25 : 0.0"
"25,26 : 53.76"
"25,27 : 50.99"
"25,28 : 66.73"
"25,29 : 34.83"
"25,30 : 45.28"
"25,31 : 64.88"
"25,32 : 41.73"
"25,33 : 5.0"
"25,34 : 42.49"
"25,35 : 11.18"
"25,36 : 39.22"
"25,37 : 42.01"
"25,38 : 29.07"
"25,39 : 66.65"
"25,40 : 54.59"
"25,41 : 30.23"
"25,42 : 46.96"
"25,43 : 12.17"
"25,44 : 44.01"
"25,45 : 23.85"
"25,46 : 37.64"
"25,47 : 35.06"
"25,48 : 34.18"
"25,49 : 20.52"
"25,50 : 59.67"
"25,51 : 14.14"
"25,52 : 25.81"
"25,53 : 42.72"
"25,54 : 74.52"
"25,55 : 23.41"
"25,56 : 19.7"
"25,57 : 4.24"
"25,58 : 70.52"
"25,59 : 29.43"
"25,60 : 67.6"
"25,61 : 17.89"
"25,62 : 21.4"
"25,63 : 51.26"
