x,y
18,14
38,50
0,54
28,34
75,26
90,24
64,46
62,59
22,57
49,61
6,42
79,66
57,44
65,42
58,74
82,77
17,34
84,62
97,51
89,5
30,1
34,90
88,42
70,67
62,100
76,49
81,29
11,25
97,32
56,16
98,27
40,67
28,99
96,50
70,40
51,80
100,29
0,67
25,30
9,95
97,20
49,39
65,95
66,69
6,22
12,8
44,25
64,92
76,71
74,29
23,68
93,63
10,38
24,21
10,12
100,90
96,58
68,73
45,48
92,11
58,42
20,20
53,86
8,34
88,85
1,33
19,65
42,55
59,48
67,21
11,47
80,6
0,16
92,18
38,54
21,56
64,78
81,15
94,4
90,35
91,68
56,98
41,27
96,94
84,14
16,62
9,64
21,15
23,17
8,52
34,60
38,76
48,96
38,69
4,8
18,80
25,58
24,73
86,42
7,76

Distanze
"0,0 : 0.0"
"0,1 : 91.18"
"0,2 : 101.24"
"0,3 : 81.84"
"0,4 : 66.61"
"0,5 : 67.9"
"0,6 : 73.01"
"0,7 : 116.83"
"0,8 : 26.4"
"0,9 : 92.02"
"0,10 : 77.23"
"0,11 : 50.96"
"0,12 : 103.25"
"0,13 : 37.0"
"0,14 : 84.97"
"0,15 : 84.17"
"0,16 : 92.0"
"0,17 : 81.02"
"0,18 : 34.23"
"0,19 : 60.64"
"0,20 : 77.62"
"0,21 : 30.59"
"0,22 : 55.9"
"0,23 : 25.81"
"0,24 : 28.16"
"0,25 : 79.06"
"0,26 : 112.54"
"0,27 : 94.64"
"0,28 : 97.42"
"0,29 : 77.1"
"0,30 : 28.02"
"0,31 : 103.71"
"0,32 : 57.87"
"0,33 : 33.96"
"0,34 : 59.77"
"0,35 : 85.87"
"0,36 : 84.2"
"0,37 : 64.03"
"0,38 : 63.07"
"0,39 : 110.39"
"0,40 : 79.88"
"0,41 : 43.93"
"0,42 : 60.17"
"0,43 : 73.06"
"0,44 : 85.6"
"0,45 : 112.0"
"0,46 : 83.43"
"0,47 : 92.7"
"0,48 : 97.19"
"0,49 : 57.01"
"0,50 : 17.03"
"0,51 : 58.86"
"0,52 : 70.71"
"0,53 : 21.02"
"0,54 : 16.76"
"0,55 : 100.08"
"0,56 : 86.41"
"0,57 : 43.91"
"0,58 : 54.57"
"0,59 : 47.54"
"0,60 : 95.6"
"0,61 : 59.48"
"0,62 : 51.16"
"0,63 : 76.9"
"0,64 : 69.08"
"0,65 : 83.22"
"0,66 : 31.78"
"0,67 : 80.92"
"0,68 : 111.13"
"0,69 : 92.18"
"0,70 : 98.0"
"0,71 : 49.4"
"0,72 : 35.34"
"0,73 : 91.21"
"0,74 : 29.83"
"0,75 : 45.1"
"0,76 : 70.11"
"0,77 : 55.08"
"0,78 : 54.45"
"0,79 : 59.77"
"0,80 : 80.43"
"0,81 : 21.1"
"0,82 : 115.26"
"0,83 : 42.2"
"0,84 : 54.45"
"0,85 : 92.96"
"0,86 : 66.19"
"0,87 : 63.15"
"0,88 : 50.25"
"0,89 : 129.32"
"0,90 : 59.08"
"0,91 : 51.35"
"0,92 : 56.01"
"0,93 : 37.66"
"0,94 : 88.6"
"0,95 : 41.68"
"0,96 : 88.6"
"0,97 : 9.49"
"0,98 : 62.39"
"0,99 : 97.98"
"1,0 : 91.18"
"1,1 : 0.0"
"1,2 : 12.65"
"1,3 : 62.48"
"1,4 : 46.1"
"1,5 : 28.43"
"1,6 : 34.18"
"1,7 : 36.4"
"1,8 : 80.6"
"1,9 : 35.69"
"1,10 : 39.81"
"1,11 : 59.2"
"1,12 : 12.08"
"1,13 : 54.23"
"1,14 : 10.3"
"1,15 : 82.2"
"1,16 : 33.73"
"1,17 : 23.6"
"1,18 : 58.67"
"1,19 : 53.71"
"1,20 : 46.4"
"1,21 : 79.06"
"1,22 : 44.28"
"1,23 : 80.0"
"1,24 : 82.15"
"1,25 : 94.02"
"1,26 : 50.8"
"1,27 : 48.55"
"1,28 : 8.94"
"1,29 : 21.93"
"1,30 : 79.03"
"1,31 : 33.38"
"1,32 : 51.31"
"1,33 : 77.0"
"1,34 : 31.76"
"1,35 : 11.18"
"1,36 : 48.08"
"1,37 : 35.69"
"1,38 : 37.2"
"1,39 : 42.19"
"1,40 : 51.86"
"1,41 : 56.0"
"1,42 : 31.91"
"1,43 : 37.95"
"1,44 : 48.1"
"1,45 : 25.94"
"1,46 : 80.8"
"1,47 : 4.0"
"1,48 : 29.55"
"1,49 : 44.05"
"1,50 : 87.13"
"1,51 : 79.06"
"1,52 : 27.46"
"1,53 : 71.55"
"1,54 : 93.81"
"1,55 : 32.65"
"1,56 : 67.94"
"1,57 : 63.2"
"1,58 : 37.74"
"1,59 : 67.9"
"1,60 : 50.77"
"1,61 : 61.35"
"1,62 : 44.69"
"1,63 : 79.92"
"1,64 : 22.14"
"1,65 : 39.05"
"1,66 : 59.46"
"1,67 : 29.83"
"1,68 : 42.11"
"1,69 : 63.13"
"1,70 : 35.47"
"1,71 : 43.57"
"1,72 : 70.01"
"1,73 : 26.42"
"1,74 : 68.82"
"1,75 : 82.87"
"1,76 : 32.65"
"1,77 : 84.9"
"1,78 : 47.38"
"1,79 : 71.17"
"1,80 : 46.1"
"1,81 : 75.5"
"1,82 : 39.32"
"1,83 : 49.65"
"1,84 : 47.38"
"1,85 : 58.41"
"1,86 : 33.84"
"1,87 : 78.55"
"1,88 : 81.79"
"1,89 : 51.24"
"1,90 : 36.0"
"1,91 : 51.74"
"1,92 : 87.09"
"1,93 : 54.59"
"1,94 : 24.41"
"1,95 : 64.07"
"1,96 : 49.68"
"1,97 : 81.71"
"1,98 : 46.14"
"1,99 : 13.45"
"2,0 : 101.24"
"2,1 : 12.65"
"2,2 : 0.0"
"2,3 : 74.4"
"2,4 : 49.04"
"2,5 : 34.99"
"2,6 : 36.88"
"2,7 : 39.05"
"2,8 : 88.32"
"2,9 : 31.4"
"2,10 : 40.31"
"2,11 : 64.44"
"2,12 : 9.06"
"2,13 : 64.29"
"2,14 : 22.85"
"2,15 : 94.3"
"2,16 : 29.43"
"2,17 : 35.85"
"2,18 : 67.78"
"2,19 : 57.38"
"2,20 : 58.52"
"2,21 : 91.01"
"2,22 : 56.72"
"2,23 : 87.82"
"2,24 : 94.01"
"2,25 : 106.47"
"2,26 : 57.94"
"2,27 : 58.9"
"2,28 : 4.0"
"2,29 : 26.4"
"2,30 : 86.61"
"2,31 : 40.72"
"2,32 : 55.87"
"2,33 : 89.09"
"2,34 : 41.48"
"2,35 : 15.65"
"2,36 : 59.67"
"2,37 : 48.27"
"2,38 : 42.8"
"2,39 : 48.7"
"2,40 : 63.82"
"2,41 : 68.12"
"2,42 : 41.11"
"2,43 : 40.0"
"2,44 : 59.55"
"2,45 : 27.0"
"2,46 : 92.91"
"2,47 : 14.42"
"2,48 : 23.0"
"2,49 : 50.0"
"2,50 : 95.71"
"2,51 : 91.71"
"2,52 : 33.02"
"2,53 : 80.99"
"2,54 : 102.42"
"2,55 : 25.18"
"2,56 : 79.65"
"2,57 : 75.54"
"2,58 : 46.82"
"2,59 : 80.41"
"2,60 : 61.07"
"2,61 : 74.0"
"2,62 : 52.35"
"2,63 : 92.28"
"2,64 : 33.14"
"2,65 : 37.7"
"2,66 : 69.86"
"2,67 : 41.88"
"2,68 : 48.38"
"2,69 : 74.25"
"2,70 : 29.02"
"2,71 : 55.08"
"2,72 : 82.05"
"2,73 : 36.8"
"2,74 : 76.94"
"2,75 : 95.35"
"2,76 : 36.8"
"2,77 : 97.53"
"2,78 : 59.84"
"2,79 : 83.82"
"2,80 : 58.01"
"2,81 : 86.7"
"2,82 : 43.57"
"2,83 : 59.14"
"2,84 : 59.84"
"2,85 : 69.31"
"2,86 : 39.2"
"2,87 : 91.18"
"2,88 : 94.37"
"2,89 : 53.08"
"2,90 : 48.17"
"2,91 : 57.8"
"2,92 : 99.72"
"2,93 : 63.91"
"2,94 : 35.38"
"2,95 : 76.32"
"2,96 : 60.83"
"2,97 : 91.76"
"2,98 : 50.21"
"2,99 : 5.39"
"3,0 : 81.84"
"3,1 : 62.48"
"3,2 : 74.4"
"3,3 : 0.0"
"3,4 : 86.98"
"3,5 : 68.88"
"3,6 : 80.5"
"3,7 : 58.22"
"3,8 : 90.43"
"3,9 : 93.01"
"3,10 : 88.55"
"3,11 : 87.82"
"3,12 : 68.6"
"3,13 : 61.03"
"3,14 : 52.4"
"3,15 : 20.12"
"3,16 : 91.4"
"3,17 : 38.95"
"3,18 : 69.07"
"3,19 : 89.74"
"3,20 : 16.28"
"3,21 : 53.01"
"3,22 : 35.23"
"3,23 : 89.44"
"3,24 : 56.4"
"3,25 : 34.53"
"3,26 : 40.26"
"3,27 : 22.02"
"3,28 : 71.22"
"3,29 : 71.56"
"3,30 : 90.09"
"3,31 : 43.57"
"3,32 : 85.38"
"3,33 : 49.41"
"3,34 : 58.52"
"3,35 : 68.68"
"3,36 : 15.23"
"3,37 : 35.47"
"3,38 : 74.67"
"3,39 : 44.05"
"3,40 : 10.63"
"3,41 : 40.79"
"3,42 : 60.75"
"3,43 : 84.1"
"3,44 : 15.81"
"3,45 : 62.36"
"3,46 : 18.79"
"3,47 : 60.0"
"3,48 : 89.94"
"3,49 : 76.66"
"3,50 : 89.84"
"3,51 : 30.89"
"3,52 : 71.12"
"3,53 : 73.76"
"3,54 : 94.58"
"3,55 : 93.43"
"3,56 : 6.32"
"3,57 : 38.08"
"3,58 : 62.1"
"3,59 : 34.67"
"3,60 : 21.21"
"3,61 : 22.36"
"3,62 : 70.41"
"3,63 : 20.1"
"3,64 : 54.2"
"3,65 : 91.42"
"3,66 : 60.53"
"3,67 : 32.65"
"3,68 : 45.04"
"3,69 : 10.63"
"3,70 : 95.13"
"3,71 : 47.27"
"3,72 : 46.53"
"3,73 : 38.91"
"3,74 : 80.4"
"3,75 : 44.05"
"3,76 : 76.49"
"3,77 : 38.47"
"3,78 : 34.01"
"3,79 : 24.84"
"3,80 : 16.4"
"3,81 : 60.84"
"3,82 : 53.01"
"3,83 : 63.13"
"3,84 : 34.01"
"3,85 : 13.42"
"3,86 : 73.93"
"3,87 : 27.31"
"3,88 : 39.41"
"3,89 : 63.64"
"3,90 : 41.76"
"3,91 : 80.23"
"3,92 : 39.81"
"3,93 : 66.0"
"3,94 : 39.45"
"3,95 : 40.31"
"3,96 : 16.12"
"3,97 : 75.39"
"3,98 : 83.82"
"3,99 : 75.93"
"4,0 : 66.61"
"4,1 : 46.1"
"4,2 : 49.04"
"4,3 : 86.98"
"4,4 : 0.0"
"4,5 : 20.02"
"4,6 : 12.21"
"4,7 : 82.28"
"4,8 : 45.54"
"4,9 : 26.93"
"4,10 : 11.4"
"4,11 : 17.72"
"4,12 : 55.76"
"4,13 : 37.44"
"4,14 : 48.05"
"4,15 : 102.42"
"4,16 : 27.51"
"4,17 : 56.0"
"4,18 : 34.54"
"4,19 : 8.6"
"4,20 : 72.28"
"4,21 : 71.56"
"4,22 : 53.24"
"4,23 : 45.4"
"4,24 : 73.06"
"4,25 : 108.23"
"4,26 : 92.54"
"4,27 : 83.29"
"4,28 : 46.62"
"4,29 : 24.17"
"4,30 : 43.57"
"4,31 : 76.3"
"4,32 : 9.06"
"4,33 : 71.61"
"4,34 : 28.46"
"4,35 : 35.36"
"4,36 : 77.47"
"4,37 : 51.55"
"4,38 : 12.37"
"4,39 : 85.33"
"4,40 : 77.88"
"4,41 : 55.97"
"4,42 : 26.25"
"4,43 : 9.22"
"4,44 : 78.26"
"4,45 : 72.01"
"4,46 : 101.07"
"4,47 : 49.77"
"4,48 : 34.44"
"4,49 : 12.04"
"4,50 : 55.15"
"4,51 : 87.32"
"4,52 : 19.42"
"4,53 : 46.1"
"4,54 : 61.4"
"4,55 : 36.4"
"4,56 : 93.3"
"4,57 : 64.38"
"4,58 : 25.55"
"4,59 : 71.51"
"4,60 : 85.38"
"4,61 : 73.25"
"4,62 : 19.85"
"4,63 : 97.25"
"4,64 : 35.06"
"4,65 : 17.26"
"4,66 : 43.05"
"4,67 : 61.13"
"4,68 : 85.51"
"4,69 : 92.65"
"4,70 : 33.24"
"4,71 : 42.44"
"4,72 : 65.44"
"4,73 : 65.28"
"4,74 : 37.05"
"4,75 : 82.98"
"4,76 : 13.6"
"4,77 : 89.81"
"4,78 : 55.57"
"4,79 : 81.61"
"4,80 : 73.76"
"4,81 : 61.27"
"4,82 : 84.48"
"4,83 : 31.4"
"4,84 : 55.57"
"4,85 : 89.63"
"4,86 : 14.0"
"4,87 : 89.2"
"4,88 : 84.86"
"4,89 : 97.14"
"4,90 : 45.31"
"4,91 : 15.3"
"4,92 : 91.92"
"4,93 : 33.12"
"4,94 : 62.2"
"4,95 : 63.64"
"4,96 : 81.05"
"4,97 : 58.25"
"4,98 : 4.47"
"4,99 : 43.93"
"5,0 : 67.9"
"5,1 : 28.43"
"5,2 : 34.99"
"5,3 : 68.88"
"5,4 : 20.02"
"5,5 : 0.0"
"5,6 : 11.66"
"5,7 : 63.51"
"5,8 : 53.34"
"5,9 : 28.18"
"5,10 : 19.72"
"5,11 : 30.81"
"5,12 : 39.62"
"5,13 : 32.02"
"5,14 : 28.46"
"5,15 : 85.7"
"5,16 : 27.31"
"5,17 : 36.01"
"5,18 : 33.73"
"5,19 : 26.25"
"5,20 : 53.49"
"5,21 : 63.89"
"5,22 : 37.48"
"5,23 : 52.84"
"5,24 : 66.22"
"5,25 : 93.38"
"5,26 : 72.56"
"5,27 : 63.51"
"5,28 : 31.62"
"5,29 : 9.22"
"5,30 : 51.62"
"5,31 : 56.52"
"5,32 : 23.26"
"5,33 : 62.97"
"5,34 : 12.21"
"5,35 : 19.42"
"5,36 : 58.24"
"5,37 : 33.62"
"5,38 : 8.94"
"5,39 : 65.51"
"5,40 : 59.24"
"5,41 : 43.91"
"5,42 : 10.3"
"5,43 : 15.23"
"5,44 : 58.94"
"5,45 : 54.08"
"5,46 : 84.31"
"5,47 : 31.62"
"5,48 : 30.41"
"5,49 : 15.62"
"5,50 : 60.93"
"5,51 : 73.88"
"5,52 : 3.16"
"5,53 : 47.07"
"5,54 : 67.62"
"5,55 : 33.73"
"5,56 : 75.15"
"5,57 : 52.48"
"5,58 : 14.14"
"5,59 : 59.08"
"5,60 : 65.62"
"5,61 : 58.0"
"5,62 : 17.46"
"5,63 : 81.22"
"5,64 : 15.3"
"5,65 : 23.35"
"5,66 : 38.05"
"5,67 : 41.3"
"5,68 : 65.73"
"5,69 : 73.68"
"5,70 : 32.89"
"5,71 : 29.15"
"5,72 : 56.08"
"5,73 : 45.28"
"5,74 : 42.05"
"5,75 : 72.47"
"5,76 : 7.62"
"5,77 : 77.67"
"5,78 : 40.31"
"5,79 : 67.21"
"5,80 : 54.71"
"5,81 : 56.44"
"5,82 : 65.19"
"5,83 : 26.02"
"5,84 : 40.31"
"5,85 : 70.34"
"5,86 : 6.08"
"5,87 : 75.01"
"5,88 : 73.25"
"5,89 : 78.29"
"5,90 : 28.43"
"5,91 : 23.35"
"5,92 : 79.88"
"5,93 : 30.27"
"5,94 : 42.19"
"5,95 : 52.35"
"5,96 : 61.61"
"5,97 : 58.55"
"5,98 : 18.68"
"5,99 : 30.87"
"6,0 : 73.01"
"6,1 : 34.18"
"6,2 : 36.88"
"6,3 : 80.5"
"6,4 : 12.21"
"6,5 : 11.66"
"6,6 : 0.0"
"6,7 : 70.52"
"6,8 : 54.71"
"6,9 : 19.24"
"6,10 : 8.06"
"6,11 : 28.3"
"6,12 : 43.57"
"6,13 : 39.56"
"6,14 : 37.12"
"6,15 : 97.35"
"6,16 : 19.03"
"6,17 : 46.53"
"6,18 : 39.12"
"6,19 : 20.52"
"6,20 : 65.0"
"6,21 : 73.01"
"6,22 : 48.92"
"6,23 : 54.41"
"6,24 : 75.03"
"6,25 : 104.8"
"6,26 : 82.05"
"6,27 : 74.33"
"6,28 : 34.41"
"6,29 : 12.37"
"6,30 : 52.81"
"6,31 : 65.38"
"6,32 : 19.42"
"6,33 : 72.45"
"6,34 : 23.35"
"6,35 : 23.26"
"6,36 : 69.57"
"6,37 : 45.28"
"6,38 : 10.2"
"6,39 : 74.43"
"6,40 : 70.77"
"6,41 : 54.41"
"6,42 : 21.21"
"6,43 : 4.0"
"6,44 : 70.21"
"6,45 : 60.01"
"6,46 : 95.96"
"6,47 : 37.95"
"6,48 : 24.52"
"6,49 : 16.12"
"6,50 : 63.56"
"6,51 : 84.96"
"6,52 : 9.49"
"6,53 : 52.0"
"6,54 : 70.09"
"6,55 : 27.17"
"6,56 : 86.76"
"6,57 : 63.01"
"6,58 : 23.32"
"6,59 : 69.81"
"6,60 : 76.49"
"6,61 : 69.43"
"6,62 : 22.2"
"6,63 : 92.8"
"6,64 : 26.57"
"6,65 : 12.21"
"6,66 : 45.61"
"6,67 : 52.17"
"6,68 : 74.55"
"6,69 : 85.09"
"6,70 : 25.02"
"6,71 : 39.82"
"6,72 : 65.76"
"6,73 : 55.01"
"6,74 : 44.72"
"6,75 : 82.68"
"6,76 : 4.24"
"6,77 : 88.41"
"6,78 : 51.66"
"6,79 : 78.49"
"6,80 : 66.13"
"6,81 : 64.29"
"6,82 : 73.01"
"6,83 : 33.24"
"6,84 : 51.66"
"6,85 : 81.61"
"6,86 : 8.06"
"6,87 : 86.27"
"6,88 : 83.82"
"6,89 : 85.38"
"6,90 : 40.0"
"6,91 : 23.09"
"6,92 : 90.6"
"6,93 : 36.5"
"6,94 : 52.04"
"6,95 : 62.68"
"6,96 : 72.8"
"6,97 : 64.03"
"6,98 : 13.6"
"6,99 : 31.83"
"7,0 : 116.83"
"7,1 : 36.4"
"7,2 : 39.05"
"7,3 : 58.22"
"7,4 : 82.28"
"7,5 : 63.51"
"7,6 : 70.52"
"7,7 : 0.0"
"7,8 : 111.95"
"7,9 : 70.06"
"7,10 : 76.16"
"7,11 : 94.02"
"7,12 : 30.02"
"7,13 : 82.07"
"7,14 : 35.51"
"7,15 : 77.28"
"7,16 : 68.07"
"7,17 : 35.81"
"7,18 : 88.41"
"7,19 : 89.55"
"7,20 : 47.52"
"7,21 : 96.77"
"7,22 : 61.77"
"7,23 : 111.2"
"7,24 : 100.32"
"7,25 : 92.66"
"7,26 : 24.21"
"7,27 : 36.5"
"7,28 : 39.05"
"7,29 : 58.19"
"7,30 : 110.63"
"7,31 : 15.13"
"7,32 : 86.76"
"7,33 : 93.78"
"7,34 : 62.8"
"7,35 : 47.54"
"7,36 : 44.01"
"7,37 : 53.0"
"7,38 : 72.45"
"7,39 : 15.65"
"7,40 : 50.04"
"7,41 : 74.71"
"7,42 : 63.82"
"7,43 : 74.33"
"7,44 : 43.0"
"7,45 : 12.17"
"7,46 : 76.12"
"7,47 : 32.57"
"7,48 : 62.03"
"7,49 : 78.77"
"7,50 : 116.69"
"7,51 : 85.59"
"7,52 : 63.16"
"7,53 : 99.82"
"7,54 : 123.11"
"7,55 : 64.2"
"7,56 : 61.0"
"7,57 : 78.92"
"7,58 : 69.2"
"7,59 : 80.65"
"7,60 : 37.85"
"7,61 : 69.63"
"7,62 : 77.67"
"7,63 : 78.31"
"7,64 : 52.2"
"7,65 : 74.97"
"7,66 : 85.91"
"7,67 : 36.67"
"7,68 : 14.76"
"7,69 : 52.63"
"7,70 : 68.07"
"7,71 : 67.62"
"7,72 : 87.73"
"7,73 : 25.94"
"7,74 : 99.9"
"7,75 : 94.83"
"7,76 : 68.71"
"7,77 : 92.91"
"7,78 : 63.95"
"7,79 : 77.78"
"7,80 : 45.28"
"7,81 : 97.75"
"7,82 : 6.4"
"7,83 : 79.25"
"7,84 : 63.95"
"7,85 : 47.3"
"7,86 : 69.35"
"7,87 : 83.22"
"7,88 : 91.78"
"7,89 : 14.87"
"7,90 : 57.8"
"7,91 : 86.09"
"7,92 : 94.76"
"7,93 : 84.17"
"7,94 : 28.3"
"7,95 : 80.62"
"7,96 : 42.11"
"7,97 : 107.8"
"7,98 : 81.94"
"7,99 : 44.0"
"8,0 : 26.4"
"8,1 : 80.6"
"8,2 : 88.32"
"8,3 : 90.43"
"8,4 : 45.54"
"8,5 : 53.34"
"8,6 : 54.71"
"8,7 : 111.95"
"8,8 : 0.0"
"8,9 : 72.37"
"8,10 : 56.89"
"8,11 : 28.07"
"8,12 : 92.42"
"8,13 : 31.3"
"8,14 : 77.08"
"8,15 : 98.02"
"8,16 : 72.78"
"8,17 : 77.42"
"8,18 : 23.85"
"8,19 : 38.05"
"8,20 : 81.6"
"8,21 : 48.38"
"8,22 : 57.58"
"8,23 : 1.0"
"8,24 : 47.54"
"8,25 : 96.69"
"8,26 : 113.25"
"8,27 : 97.69"
"8,28 : 84.91"
"8,29 : 62.18"
"8,30 : 2.0"
"8,31 : 101.02"
"8,32 : 36.5"
"8,33 : 50.7"
"8,34 : 49.52"
"8,35 : 72.72"
"8,36 : 88.26"
"8,37 : 63.06"
"8,38 : 46.1"
"8,39 : 109.0"
"8,40 : 85.44"
"8,41 : 49.65"
"8,42 : 48.92"
"8,43 : 53.6"
"8,44 : 89.54"
"8,45 : 104.69"
"8,46 : 97.01"
"8,47 : 83.1"
"8,48 : 79.12"
"8,49 : 39.0"
"8,50 : 10.44"
"8,51 : 74.81"
"8,52 : 55.47"
"8,53 : 17.0"
"8,54 : 16.0"
"8,55 : 81.49"
"8,56 : 96.03"
"8,57 : 54.01"
"8,58 : 43.19"
"8,59 : 60.07"
"8,60 : 99.16"
"8,61 : 69.26"
"8,62 : 36.06"
"8,63 : 91.09"
"8,64 : 60.11"
"8,65 : 62.8"
"8,66 : 30.08"
"8,67 : 79.4"
"8,68 : 109.55"
"8,69 : 99.69"
"8,70 : 78.64"
"8,71 : 46.96"
"8,72 : 48.37"
"8,73 : 88.23"
"8,74 : 12.04"
"8,75 : 63.6"
"8,76 : 52.92"
"8,77 : 73.25"
"8,78 : 57.57"
"8,79 : 73.06"
"8,80 : 84.15"
"8,81 : 35.44"
"8,82 : 111.83"
"8,83 : 32.8"
"8,84 : 57.57"
"8,85 : 99.04"
"8,86 : 49.66"
"8,87 : 78.52"
"8,88 : 67.91"
"8,89 : 125.88"
"8,90 : 56.44"
"8,91 : 31.62"
"8,92 : 74.73"
"8,93 : 28.02"
"8,94 : 85.21"
"8,95 : 52.0"
"8,96 : 92.7"
"8,97 : 22.47"
"8,98 : 41.98"
"8,99 : 84.12"
"9,0 : 92.02"
"9,1 : 35.69"
"9,2 : 31.4"
"9,3 : 93.01"
"9,4 : 26.93"
"9,5 : 28.18"
"9,6 : 19.24"
"9,7 : 70.06"
"9,8 : 72.37"
"9,9 : 0.0"
"9,10 : 15.52"
"9,11 : 44.64"
"9,12 : 40.2"
"9,13 : 58.69"
"9,14 : 43.08"
"9,15 : 111.29"
"9,16 : 2.0"
"9,17 : 55.47"
"9,18 : 58.31"
"9,19 : 35.11"
"9,20 : 76.84"
"9,21 : 91.76"
"9,22 : 64.82"
"9,23 : 72.18"
"9,24 : 93.92"
"9,25 : 120.34"
"9,26 : 86.49"
"9,27 : 82.86"
"9,28 : 31.02"
"9,29 : 21.93"
"9,30 : 70.41"
"9,31 : 69.05"
"9,32 : 35.9"
"9,33 : 91.0"
"9,34 : 40.31"
"9,35 : 25.63"
"9,36 : 80.26"
"9,37 : 59.4"
"9,38 : 29.43"
"9,39 : 77.78"
"9,40 : 82.66"
"9,41 : 72.07"
"9,42 : 38.47"
"9,43 : 19.03"
"9,44 : 80.62"
"9,45 : 58.22"
"9,46 : 109.88"
"9,47 : 39.62"
"9,48 : 9.43"
"9,49 : 35.01"
"9,50 : 81.74"
"9,51 : 101.61"
"9,52 : 25.06"
"9,53 : 71.06"
"9,54 : 88.12"
"9,55 : 10.0"
"9,56 : 99.05"
"9,57 : 80.62"
"9,58 : 41.79"
"9,59 : 87.13"
"9,60 : 85.09"
"9,61 : 85.15"
"9,62 : 41.44"
"9,63 : 107.49"
"9,64 : 39.6"
"9,65 : 9.85"
"9,66 : 64.76"
"9,67 : 61.77"
"9,68 : 77.65"
"9,69 : 95.88"
"9,70 : 6.32"
"9,71 : 57.31"
"9,72 : 84.17"
"9,73 : 61.35"
"9,74 : 63.2"
"9,75 : 100.65"
"9,76 : 22.8"
"9,77 : 105.69"
"9,78 : 67.8"
"9,79 : 94.64"
"9,80 : 77.39"
"9,81 : 83.43"
"9,82 : 74.03"
"9,83 : 52.39"
"9,84 : 67.8"
"9,85 : 91.71"
"9,86 : 26.93"
"9,87 : 102.45"
"9,88 : 101.36"
"9,89 : 84.38"
"9,90 : 55.44"
"9,91 : 41.19"
"9,92 : 107.91"
"9,93 : 55.73"
"9,94 : 58.87"
"9,95 : 80.53"
"9,96 : 82.76"
"9,97 : 83.15"
"9,98 : 30.41"
"9,99 : 26.17"
"10,0 : 77.23"
"10,1 : 39.81"
"10,2 : 40.31"
"10,3 : 88.55"
"10,4 : 11.4"
"10,5 : 19.72"
"10,6 : 8.06"
"10,7 : 76.16"
"10,8 : 56.89"
"10,9 : 15.52"
"10,10 : 0.0"
"10,11 : 29.12"
"10,12 : 47.93"
"10,13 : 45.69"
"10,14 : 44.01"
"10,15 : 105.39"
"10,16 : 16.16"
"10,17 : 54.13"
"10,18 : 44.15"
"10,19 : 19.7"
"10,20 : 73.01"
"10,21 : 79.61"
"10,22 : 56.85"
"10,23 : 56.72"
"10,24 : 81.44"
"10,25 : 112.7"
"10,26 : 89.01"
"10,27 : 82.0"
"10,28 : 38.48"
"10,29 : 19.03"
"10,30 : 54.92"
"10,31 : 72.06"
"10,32 : 20.4"
"10,33 : 79.26"
"10,34 : 31.24"
"10,35 : 28.64"
"10,36 : 77.49"
"10,37 : 53.34"
"10,38 : 16.64"
"10,39 : 81.1"
"10,40 : 78.79"
"10,41 : 61.85"
"10,42 : 29.07"
"10,43 : 5.0"
"10,44 : 78.11"
"10,45 : 65.15"
"10,46 : 104.01"
"10,47 : 43.74"
"10,48 : 23.32"
"10,49 : 20.62"
"10,50 : 66.37"
"10,51 : 92.66"
"10,52 : 17.46"
"10,53 : 56.44"
"10,54 : 72.69"
"10,55 : 25.08"
"10,56 : 94.81"
"10,57 : 70.43"
"10,58 : 30.61"
"10,59 : 77.34"
"10,60 : 84.17"
"10,61 : 77.34"
"10,62 : 27.86"
"10,63 : 100.8"
"10,64 : 34.54"
"10,65 : 6.0"
"10,66 : 51.62"
"10,67 : 59.91"
"10,68 : 81.15"
"10,69 : 93.05"
"10,70 : 21.84"
"10,71 : 47.42"
"10,72 : 72.72"
"10,73 : 62.2"
"10,74 : 48.01"
"10,75 : 89.87"
"10,76 : 12.21"
"10,77 : 95.9"
"10,78 : 59.55"
"10,79 : 86.31"
"10,80 : 74.09"
"10,81 : 70.23"
"10,82 : 79.08"
"10,83 : 39.4"
"10,84 : 59.55"
"10,85 : 89.49"
"10,86 : 15.56"
"10,87 : 94.07"
"10,88 : 91.21"
"10,89 : 90.96"
"10,90 : 48.01"
"10,91 : 26.0"
"10,92 : 98.08"
"10,93 : 42.06"
"10,94 : 59.3"
"10,95 : 70.0"
"10,96 : 80.65"
"10,97 : 68.59"
"10,98 : 15.03"
"10,99 : 34.99"
"11,0 : 50.96"
"11,1 : 59.2"
"11,2 : 64.44"
"11,3 : 87.82"
"11,4 : 17.72"
"11,5 : 30.81"
"11,6 : 28.3"
"11,7 : 94.02"
"11,8 : 28.07"
"11,9 : 44.64"
"11,10 : 29.12"
"11,11 : 0.0"
"11,12 : 70.09"
"11,13 : 29.53"
"11,14 : 58.59"
"11,15 : 100.58"
"11,16 : 45.22"
"11,17 : 63.32"
"11,18 : 23.43"
"11,19 : 10.0"
"11,20 : 75.01"
"11,21 : 61.52"
"11,22 : 52.61"
"11,23 : 28.02"
"11,24 : 62.29"
"11,25 : 103.75"
"11,26 : 100.69"
"11,27 : 88.57"
"11,28 : 61.52"
"11,29 : 38.18"
"11,30 : 26.08"
"11,31 : 85.8"
"11,32 : 8.94"
"11,33 : 62.37"
"11,34 : 32.98"
"11,35 : 49.52"
"11,36 : 81.02"
"11,37 : 54.01"
"11,38 : 22.02"
"11,39 : 94.58"
"11,40 : 80.1"
"11,41 : 51.08"
"11,42 : 31.32"
"11,43 : 26.4"
"11,44 : 82.05"
"11,45 : 84.88"
"11,46 : 99.33"
"11,47 : 62.43"
"11,48 : 52.0"
"11,49 : 15.26"
"11,50 : 38.01"
"11,51 : 81.88"
"11,52 : 31.89"
"11,53 : 31.76"
"11,54 : 44.05"
"11,55 : 54.08"
"11,56 : 94.05"
"11,57 : 58.59"
"11,58 : 27.29"
"11,59 : 65.76"
"11,60 : 90.45"
"11,61 : 70.52"
"11,62 : 18.11"
"11,63 : 94.58"
"11,64 : 42.72"
"11,65 : 34.93"
"11,66 : 33.6"
"11,67 : 67.27"
"11,68 : 94.92"
"11,69 : 95.13"
"11,70 : 50.96"
"11,71 : 40.61"
"11,72 : 57.2"
"11,73 : 73.68"
"11,74 : 21.19"
"11,75 : 74.81"
"11,76 : 27.66"
"11,77 : 82.93"
"11,78 : 54.13"
"11,79 : 77.47"
"11,80 : 77.01"
"11,81 : 49.68"
"11,82 : 95.27"
"11,83 : 25.3"
"11,84 : 54.13"
"11,85 : 93.0"
"11,86 : 25.5"
"11,87 : 84.53"
"11,88 : 77.67"
"11,89 : 108.71"
"11,90 : 47.0"
"11,91 : 8.25"
"11,92 : 84.88"
"11,93 : 24.19"
"11,94 : 70.52"
"11,95 : 57.31"
"11,96 : 85.09"
"11,97 : 43.46"
"11,98 : 14.76"
"11,99 : 59.67"
"12,0 : 103.25"
"12,1 : 12.08"
"12,2 : 9.06"
"12,3 : 68.6"
"12,4 : 55.76"
"12,5 : 39.62"
"12,6 : 43.57"
"12,7 : 30.02"
"12,8 : 92.42"
"12,9 : 40.2"
"12,10 : 47.93"
"12,11 : 70.09"
"12,12 : 0.0"
"12,13 : 66.31"
"12,14 : 20.0"
"12,15 : 88.68"
"12,16 : 38.21"
"12,17 : 31.32"
"12,18 : 70.71"
"12,19 : 63.82"
"12,20 : 53.23"
"12,21 : 90.35"
"12,22 : 55.0"
"12,23 : 91.84"
"12,24 : 93.54"
"12,25 : 101.64"
"12,26 : 49.24"
"12,27 : 51.62"
"12,28 : 9.49"
"12,29 : 32.02"
"12,30 : 90.8"
"12,31 : 32.25"
"12,32 : 61.85"
"12,33 : 88.14"
"12,34 : 43.83"
"12,35 : 20.62"
"12,36 : 53.54"
"12,37 : 46.04"
"12,38 : 48.1"
"12,39 : 39.92"
"12,40 : 58.18"
"12,41 : 67.19"
"12,42 : 43.91"
"12,43 : 47.01"
"12,44 : 53.25"
"12,45 : 18.03"
"12,46 : 87.32"
"12,47 : 11.05"
"12,48 : 32.02"
"12,49 : 55.15"
"12,50 : 99.13"
"12,51 : 88.29"
"12,52 : 38.21"
"12,53 : 83.63"
"12,54 : 105.82"
"12,55 : 34.23"
"12,56 : 73.5"
"12,57 : 74.0"
"12,58 : 49.74"
"12,59 : 78.23"
"12,60 : 53.74"
"12,61 : 70.61"
"12,62 : 56.4"
"12,63 : 87.24"
"12,64 : 34.18"
"12,65 : 45.88"
"12,66 : 71.51"
"12,67 : 36.77"
"12,68 : 39.56"
"12,69 : 67.48"
"12,70 : 38.05"
"12,71 : 55.32"
"12,72 : 81.22"
"12,73 : 30.0"
"12,74 : 80.71"
"12,75 : 93.26"
"12,76 : 42.8"
"12,77 : 94.54"
"12,78 : 58.01"
"12,79 : 80.28"
"12,80 : 52.35"
"12,81 : 87.32"
"12,82 : 34.53"
"12,83 : 61.72"
"12,84 : 58.01"
"12,85 : 62.37"
"12,86 : 44.6"
"12,87 : 87.36"
"12,88 : 91.79"
"12,89 : 44.18"
"12,90 : 47.27"
"12,91 : 62.94"
"12,92 : 96.69"
"12,93 : 66.65"
"12,94 : 29.15"
"12,95 : 75.03"
"12,96 : 54.2"
"12,97 : 93.78"
"12,98 : 56.4"
"12,99 : 14.04"
"13,0 : 37.0"
"13,1 : 54.23"
"13,2 : 64.29"
"13,3 : 61.03"
"13,4 : 37.44"
"13,5 : 32.02"
"13,6 : 39.56"
"13,7 : 82.07"
"13,8 : 31.3"
"13,9 : 58.69"
"13,10 : 45.69"
"13,11 : 29.53"
"13,12 : 66.31"
"13,13 : 0.0"
"13,14 : 48.55"
"13,15 : 71.81"
"13,16 : 58.25"
"13,17 : 46.75"
"13,18 : 8.06"
"13,19 : 35.38"
"13,20 : 50.7"
"13,21 : 34.13"
"13,22 : 26.68"
"13,23 : 30.41"
"13,24 : 35.78"
"13,25 : 74.25"
"13,26 : 81.99"
"13,27 : 66.48"
"13,28 : 60.44"
"13,29 : 41.01"
"13,30 : 30.46"
"13,31 : 70.29"
"13,32 : 31.11"
"13,33 : 34.21"
"13,34 : 22.8"
"13,35 : 49.03"
"13,36 : 57.28"
"13,37 : 31.76"
"13,38 : 29.41"
"13,39 : 78.01"
"13,40 : 54.92"
"13,41 : 21.84"
"13,42 : 23.35"
"13,43 : 40.85"
"13,44 : 58.52"
"13,45 : 76.03"
"13,46 : 70.61"
"13,47 : 55.9"
"13,48 : 62.29"
"13,49 : 25.55"
"13,50 : 34.66"
"13,51 : 52.35"
"13,52 : 35.06"
"13,53 : 17.8"
"13,54 : 41.04"
"13,55 : 65.49"
"13,56 : 67.0"
"13,57 : 29.07"
"13,58 : 18.03"
"13,59 : 36.24"
"13,60 : 68.01"
"13,61 : 41.77"
"13,62 : 17.89"
"13,63 : 65.52"
"13,64 : 32.2"
"13,65 : 51.26"
"13,66 : 6.08"
"13,67 : 48.26"
"13,68 : 78.6"
"13,69 : 69.58"
"13,70 : 64.13"
"13,71 : 15.65"
"13,72 : 28.28"
"13,73 : 57.49"
"13,74 : 19.92"
"13,75 : 45.97"
"13,76 : 35.9"
"13,77 : 53.6"
"13,78 : 27.17"
"13,79 : 48.1"
"13,80 : 53.16"
"13,81 : 24.74"
"13,82 : 81.39"
"13,83 : 6.32"
"13,84 : 27.17"
"13,85 : 68.45"
"13,86 : 31.78"
"13,87 : 55.04"
"13,88 : 48.41"
"13,89 : 95.52"
"13,90 : 25.24"
"13,91 : 24.08"
"13,92 : 55.61"
"13,93 : 5.39"
"13,94 : 54.56"
"13,95 : 27.78"
"13,96 : 61.68"
"13,97 : 27.51"
"13,98 : 33.02"
"13,99 : 61.19"
"14,0 : 84.97"
"14,1 : 10.3"
"14,2 : 22.85"
"14,3 : 52.4"
"14,4 : 48.05"
"14,5 : 28.46"
"14,6 : 37.12"
"14,7 : 35.51"
"14,8 : 77.08"
"14,9 : 43.08"
"14,10 : 44.01"
"14,11 : 58.59"
"14,12 : 20.0"
"14,13 : 48.55"
"14,14 : 0.0"
"14,15 : 72.01"
"14,16 : 41.23"
"14,17 : 13.45"
"14,18 : 54.04"
"14,19 : 54.71"
"14,20 : 36.24"
"14,21 : 70.46"
"14,22 : 35.0"
"14,23 : 76.38"
"14,24 : 73.68"
"14,25 : 83.73"
"14,26 : 45.0"
"14,27 : 39.81"
"14,28 : 19.24"
"14,29 : 25.0"
"14,30 : 75.66"
"14,31 : 28.28"
"14,32 : 51.62"
"14,33 : 68.18"
"14,34 : 27.59"
"14,35 : 17.46"
"14,36 : 38.29"
"14,37 : 26.08"
"14,38 : 37.34"
"14,39 : 37.34"
"14,40 : 41.77"
"14,41 : 47.27"
"14,42 : 28.43"
"14,43 : 41.11"
"14,44 : 38.42"
"14,45 : 27.66"
"14,46 : 70.6"
"14,47 : 9.06"
"14,48 : 38.28"
"14,49 : 43.38"
"14,50 : 82.62"
"14,51 : 68.96"
"14,52 : 28.64"
"14,53 : 66.29"
"14,54 : 89.2"
"14,55 : 41.62"
"14,56 : 57.98"
"14,57 : 54.0"
"14,58 : 33.97"
"14,59 : 58.31"
"14,60 : 42.05"
"14,61 : 51.24"
"14,62 : 42.2"
"14,63 : 69.64"
"14,64 : 16.97"
"14,65 : 44.55"
"14,66 : 53.24"
"14,67 : 19.8"
"14,68 : 37.48"
"14,69 : 53.6"
"14,70 : 43.91"
"14,71 : 36.06"
"14,72 : 61.29"
"14,73 : 18.44"
"14,74 : 65.07"
"14,75 : 73.33"
"14,76 : 34.53"
"14,77 : 74.95"
"14,78 : 38.01"
"14,79 : 61.03"
"14,80 : 36.07"
"14,81 : 68.01"
"14,82 : 36.77"
"14,83 : 44.82"
"14,84 : 38.01"
"14,85 : 49.09"
"14,86 : 34.48"
"14,87 : 68.35"
"14,88 : 72.01"
"14,89 : 50.12"
"14,90 : 27.46"
"14,91 : 50.61"
"14,92 : 77.13"
"14,93 : 49.82"
"14,94 : 15.81"
"14,95 : 55.04"
"14,96 : 40.22"
"14,97 : 75.59"
"14,98 : 47.13"
"14,99 : 23.6"
"15,0 : 84.17"
"15,1 : 82.2"
"15,2 : 94.3"
"15,3 : 20.12"
"15,4 : 102.42"
"15,5 : 85.7"
"15,6 : 97.35"
"15,7 : 77.28"
"15,8 : 98.02"
"15,9 : 111.29"
"15,10 : 105.39"
"15,11 : 100.58"
"15,12 : 88.68"
"15,13 : 71.81"
"15,14 : 72.01"
"15,15 : 0.0"
"15,16 : 109.79"
"15,17 : 58.6"
"15,18 : 79.43"
"15,19 : 104.0"
"15,20 : 35.81"
"15,21 : 53.6"
"15,22 : 49.19"
"15,23 : 97.02"
"15,24 : 56.32"
"15,25 : 16.28"
"15,26 : 57.01"
"15,27 : 40.79"
"15,28 : 91.02"
"15,29 : 89.5"
"15,30 : 98.08"
"15,31 : 63.06"
"15,32 : 99.54"
"15,33 : 50.22"
"15,34 : 74.43"
"15,35 : 87.73"
"15,36 : 35.34"
"15,37 : 52.2"
"15,38 : 90.43"
"15,39 : 62.39"
"15,40 : 30.53"
"15,41 : 50.01"
"15,42 : 76.66"
"15,43 : 100.7"
"15,44 : 35.85"
"15,45 : 82.22"
"15,46 : 1.41"
"15,47 : 79.88"
"15,48 : 108.9"
"15,49 : 91.29"
"15,50 : 95.34"
"15,51 : 25.63"
"15,52 : 88.23"
"15,53 : 81.02"
"15,54 : 98.99"
"15,55 : 112.45"
"15,56 : 16.28"
"15,57 : 44.1"
"15,58 : 76.92"
"15,59 : 38.01"
"15,60 : 39.46"
"15,61 : 30.08"
"15,62 : 84.31"
"15,63 : 7.28"
"15,64 : 71.84"
"15,65 : 108.81"
"15,66 : 69.72"
"15,67 : 52.43"
"15,68 : 63.39"
"15,69 : 25.02"
"15,70 : 113.86"
"15,71 : 60.54"
"15,72 : 50.16"
"15,73 : 59.03"
"15,74 : 89.56"
"15,75 : 40.31"
"15,76 : 93.19"
"15,77 : 31.38"
"15,78 : 47.01"
"15,79 : 25.02"
"15,80 : 36.36"
"15,81 : 64.5"
"15,82 : 71.7"
"15,83 : 75.29"
"15,84 : 47.01"
"15,85 : 30.15"
"15,86 : 90.21"
"15,87 : 21.19"
"15,88 : 34.93"
"15,89 : 81.0"
"15,90 : 57.45"
"15,91 : 93.64"
"15,92 : 31.62"
"15,93 : 77.13"
"15,94 : 59.54"
"15,95 : 46.04"
"15,96 : 35.74"
"15,97 : 79.63"
"15,98 : 98.84"
"15,99 : 95.6"
"16,0 : 92.0"
"16,1 : 33.73"
"16,2 : 29.43"
"16,3 : 91.4"
"16,4 : 27.51"
"16,5 : 27.31"
"16,6 : 19.03"
"16,7 : 68.07"
"16,8 : 72.78"
"16,9 : 2.0"
"16,10 : 16.16"
"16,11 : 45.22"
"16,12 : 38.21"
"16,13 : 58.25"
"16,14 : 41.23"
"16,15 : 109.79"
"16,16 : 0.0"
"16,17 : 53.71"
"16,18 : 58.14"
"16,19 : 35.85"
"16,20 : 75.21"
"16,21 : 91.08"
"16,22 : 63.6"
"16,23 : 72.57"
"16,24 : 93.3"
"16,25 : 119.0"
"16,26 : 84.53"
"16,27 : 81.02"
"16,28 : 29.02"
"16,29 : 20.62"
"16,30 : 70.83"
"16,31 : 67.08"
"16,32 : 36.4"
"16,33 : 90.25"
"16,34 : 39.36"
"16,35 : 23.77"
"16,36 : 78.55"
"16,37 : 58.0"
"16,38 : 29.15"
"16,39 : 75.8"
"16,40 : 81.02"
"16,41 : 71.12"
"16,42 : 37.58"
"16,43 : 19.24"
"16,44 : 78.89"
"16,45 : 56.22"
"16,46 : 108.37"
"16,47 : 37.66"
"16,48 : 7.81"
"16,49 : 35.01"
"16,50 : 82.04"
"16,51 : 100.44"
"16,52 : 24.17"
"16,53 : 71.01"
"16,54 : 88.46"
"16,55 : 8.94"
"16,56 : 97.42"
"16,57 : 79.65"
"16,58 : 41.11"
"16,59 : 86.09"
"16,60 : 83.26"
"16,61 : 83.87"
"16,62 : 41.19"
"16,63 : 106.07"
"16,64 : 38.21"
"16,65 : 10.82"
"16,66 : 64.33"
"16,67 : 60.03"
"16,68 : 75.66"
"16,69 : 94.15"
"16,70 : 6.0"
"16,71 : 56.36"
"16,72 : 83.38"
"16,73 : 59.46"
"16,74 : 63.39"
"16,75 : 99.73"
"16,76 : 22.36"
"16,77 : 104.62"
"16,78 : 66.61"
"16,79 : 93.41"
"16,80 : 75.72"
"16,81 : 82.98"
"16,82 : 72.03"
"16,83 : 51.97"
"16,84 : 66.61"
"16,85 : 89.94"
"16,86 : 26.48"
"16,87 : 101.21"
"16,88 : 100.34"
"16,89 : 82.39"
"16,90 : 54.2"
"16,91 : 41.44"
"16,92 : 106.85"
"16,93 : 55.44"
"16,94 : 57.01"
"16,95 : 79.61"
"16,96 : 81.01"
"16,97 : 83.05"
"16,98 : 30.81"
"16,99 : 24.19"
"17,0 : 81.02"
"17,1 : 23.6"
"17,2 : 35.85"
"17,3 : 38.95"
"17,4 : 56.0"
"17,5 : 36.01"
"17,6 : 46.53"
"17,7 : 35.81"
"17,8 : 77.42"
"17,9 : 55.47"
"17,10 : 54.13"
"17,11 : 63.32"
"17,12 : 31.32"
"17,13 : 46.75"
"17,14 : 13.45"
"17,15 : 58.6"
"17,16 : 53.71"
"17,17 : 0.0"
"17,18 : 53.6"
"17,19 : 61.4"
"17,20 : 22.8"
"17,21 : 62.36"
"17,22 : 26.57"
"17,23 : 76.61"
"17,24 : 65.8"
"17,25 : 70.66"
"17,26 : 37.36"
"17,27 : 27.89"
"17,28 : 32.45"
"17,29 : 35.44"
"17,30 : 76.28"
"17,31 : 23.6"
"17,32 : 57.71"
"17,33 : 59.67"
"17,34 : 30.36"
"17,35 : 30.23"
"17,36 : 25.0"
"17,37 : 17.46"
"17,38 : 44.1"
"17,39 : 31.76"
"17,40 : 28.32"
"17,41 : 39.56"
"17,42 : 32.02"
"17,43 : 50.49"
"17,44 : 25.24"
"17,45 : 32.28"
"17,46 : 57.2"
"17,47 : 21.47"
"17,48 : 51.4"
"17,49 : 48.84"
"17,50 : 81.39"
"17,51 : 57.07"
"17,52 : 37.22"
"17,53 : 64.35"
"17,54 : 87.69"
"17,55 : 54.82"
"17,56 : 44.55"
"17,57 : 44.91"
"17,58 : 36.4"
"17,59 : 48.09"
"17,60 : 30.08"
"17,61 : 39.46"
"17,62 : 45.54"
"17,63 : 56.44"
"17,64 : 21.1"
"17,65 : 55.66"
"17,66 : 50.25"
"17,67 : 6.4"
"17,68 : 32.25"
"17,69 : 40.5"
"17,70 : 56.86"
"17,71 : 31.89"
"17,72 : 53.16"
"17,73 : 10.82"
"17,74 : 65.46"
"17,75 : 63.03"
"17,76 : 43.19"
"17,77 : 63.51"
"17,78 : 29.12"
"17,79 : 49.03"
"17,80 : 22.63"
"17,81 : 62.18"
"17,82 : 34.66"
"17,83 : 44.65"
"17,84 : 29.12"
"17,85 : 36.24"
"17,86 : 42.0"
"17,87 : 56.04"
"17,88 : 61.07"
"17,89 : 48.8"
"17,90 : 22.02"
"17,91 : 55.08"
"17,92 : 65.62"
"17,93 : 49.41"
"17,94 : 7.81"
"17,95 : 46.32"
"17,96 : 27.29"
"17,97 : 72.01"
"17,98 : 54.15"
"17,99 : 37.01"
"18,0 : 34.23"
"18,1 : 58.67"
"18,2 : 67.78"
"18,3 : 69.07"
"18,4 : 34.54"
"18,5 : 33.73"
"18,6 : 39.12"
"18,7 : 88.41"
"18,8 : 23.85"
"18,9 : 58.31"
"18,10 : 44.15"
"18,11 : 23.43"
"18,12 : 70.71"
"18,13 : 8.06"
"18,14 : 54.04"
"18,15 : 79.43"
"18,16 : 58.14"
"18,17 : 53.6"
"18,18 : 0.0"
"18,19 : 30.81"
"18,20 : 58.69"
"18,21 : 38.21"
"18,22 : 34.71"
"18,23 : 23.02"
"18,24 : 39.2"
"18,25 : 81.15"
"18,26 : 89.47"
"18,27 : 74.33"
"18,28 : 64.08"
"18,29 : 42.95"
"18,30 : 22.83"
"18,31 : 77.2"
"18,32 : 26.93"
"18,33 : 38.95"
"18,34 : 26.93"
"18,35 : 52.2"
"18,36 : 65.25"
"18,37 : 39.4"
"18,38 : 29.02"
"18,39 : 85.15"
"18,40 : 62.97"
"18,41 : 29.43"
"18,42 : 26.83"
"18,43 : 39.62"
"18,44 : 66.48"
"18,45 : 81.69"
"18,46 : 78.26"
"18,47 : 60.75"
"18,48 : 63.03"
"18,49 : 23.54"
"18,50 : 28.6"
"18,51 : 59.09"
"18,52 : 36.5"
"18,53 : 13.34"
"18,54 : 35.23"
"18,55 : 66.0"
"18,56 : 75.01"
"18,57 : 36.06"
"18,58 : 21.02"
"18,59 : 43.08"
"18,60 : 75.89"
"18,61 : 49.5"
"18,62 : 17.0"
"18,63 : 73.01"
"18,64 : 37.2"
"18,65 : 50.01"
"18,66 : 10.3"
"18,67 : 55.57"
"18,68 : 85.7"
"18,69 : 77.65"
"18,70 : 64.12"
"18,71 : 23.41"
"18,72 : 33.84"
"18,73 : 64.4"
"18,74 : 12.08"
"18,75 : 51.4"
"18,76 : 36.0"
"18,77 : 59.68"
"18,78 : 35.23"
"18,79 : 55.36"
"18,80 : 61.13"
"18,81 : 26.93"
"18,82 : 88.09"
"18,83 : 9.22"
"18,84 : 35.23"
"18,85 : 76.49"
"18,86 : 32.02"
"18,87 : 62.03"
"18,88 : 54.38"
"18,89 : 102.18"
"18,90 : 32.65"
"18,91 : 19.72"
"18,92 : 61.59"
"18,93 : 4.24"
"18,94 : 61.4"
"18,95 : 34.54"
"18,96 : 69.64"
"18,97 : 25.02"
"18,98 : 30.08"
"18,99 : 64.2"
"19,0 : 60.64"
"19,1 : 53.71"
"19,2 : 57.38"
"19,3 : 89.74"
"19,4 : 8.6"
"19,5 : 26.25"
"19,6 : 20.52"
"19,7 : 89.55"
"19,8 : 38.05"
"19,9 : 35.11"
"19,10 : 19.7"
"19,11 : 10.0"
"19,12 : 63.82"
"19,13 : 35.38"
"19,14 : 54.71"
"19,15 : 104.0"
"19,16 : 35.85"
"19,17 : 61.4"
"19,18 : 30.81"
"19,19 : 0.0"
"19,20 : 75.8"
"19,21 : 68.88"
"19,22 : 55.03"
"19,23 : 38.01"
"19,24 : 70.0"
"19,25 : 108.56"
"19,26 : 98.48"
"19,27 : 88.0"
"19,28 : 54.82"
"19,29 : 31.91"
"19,30 : 36.06"
"19,31 : 82.71"
"19,32 : 4.47"
"19,33 : 69.35"
"19,34 : 32.06"
"19,35 : 43.27"
"19,36 : 81.39"
"19,37 : 54.74"
"19,38 : 17.46"
"19,39 : 91.68"
"19,40 : 81.22"
"19,41 : 55.76"
"19,42 : 30.02"
"19,43 : 17.8"
"19,44 : 82.3"
"19,45 : 79.65"
"19,46 : 102.69"
"19,47 : 57.25"
"19,48 : 42.94"
"19,49 : 13.15"
"19,50 : 48.01"
"19,51 : 87.09"
"19,52 : 26.4"
"19,53 : 40.85"
"19,54 : 54.04"
"19,55 : 44.78"
"19,56 : 96.05"
"19,57 : 63.82"
"19,58 : 27.66"
"19,59 : 71.03"
"19,60 : 90.01"
"19,61 : 74.25"
"19,62 : 19.7"
"19,63 : 98.41"
"19,64 : 40.31"
"19,65 : 25.3"
"19,66 : 40.36"
"19,67 : 66.07"
"19,68 : 91.92"
"19,69 : 96.18"
"19,70 : 41.44"
"19,71 : 43.46"
"19,72 : 63.66"
"19,73 : 71.2"
"19,74 : 30.81"
"19,75 : 81.34"
"19,76 : 21.1"
"19,77 : 88.87"
"19,78 : 57.01"
"19,79 : 81.99"
"19,80 : 77.52"
"19,81 : 57.69"
"19,82 : 91.42"
"19,83 : 30.0"
"19,84 : 57.01"
"19,85 : 93.54"
"19,86 : 20.25"
"19,87 : 89.36"
"19,88 : 83.74"
"19,89 : 104.39"
"19,90 : 48.05"
"19,91 : 11.31"
"19,92 : 90.91"
"19,93 : 30.41"
"19,94 : 68.07"
"19,95 : 62.8"
"19,96 : 85.21"
"19,97 : 52.81"
"19,98 : 7.62"
"19,99 : 52.35"
"20,0 : 77.62"
"20,1 : 46.4"
"20,2 : 58.52"
"20,3 : 16.28"
"20,4 : 72.28"
"20,5 : 53.49"
"20,6 : 65.0"
"20,7 : 47.52"
"20,8 : 81.6"
"20,9 : 76.84"
"20,10 : 73.01"
"20,11 : 75.01"
"20,12 : 53.23"
"20,13 : 50.7"
"20,14 : 36.24"
"20,15 : 35.81"
"20,16 : 75.21"
"20,17 : 22.8"
"20,18 : 58.69"
"20,19 : 75.8"
"20,20 : 0.0"
"20,21 : 52.2"
"20,22 : 24.04"
"20,23 : 80.65"
"20,24 : 55.8"
"20,25 : 48.47"
"20,26 : 35.61"
"20,27 : 17.03"
"20,28 : 55.22"
"20,29 : 55.57"
"20,30 : 80.96"
"20,31 : 32.39"
"20,32 : 71.57"
"20,33 : 48.83"
"20,34 : 43.93"
"20,35 : 52.4"
"20,36 : 6.71"
"20,37 : 21.1"
"20,38 : 59.91"
"20,39 : 35.85"
"20,40 : 5.83"
"20,41 : 33.84"
"20,42 : 46.1"
"20,43 : 68.71"
"20,44 : 8.06"
"20,45 : 49.25"
"20,46 : 34.41"
"20,47 : 44.1"
"20,48 : 73.66"
"20,49 : 62.65"
"20,50 : 82.73"
"20,51 : 38.12"
"20,52 : 55.54"
"20,53 : 65.8"
"20,54 : 88.19"
"20,55 : 77.16"
"20,56 : 22.2"
"20,57 : 34.71"
"20,58 : 48.26"
"20,59 : 34.48"
"20,60 : 18.03"
"20,61 : 22.47"
"20,62 : 57.08"
"20,63 : 34.01"
"20,64 : 38.48"
"20,65 : 75.59"
"20,66 : 51.62"
"20,67 : 16.64"
"20,68 : 36.77"
"20,69 : 20.4"
"20,70 : 78.87"
"20,71 : 35.51"
"20,72 : 43.93"
"20,73 : 24.52"
"20,74 : 70.6"
"20,75 : 47.76"
"20,76 : 61.1"
"20,77 : 45.4"
"20,78 : 24.17"
"20,79 : 30.27"
"20,80 : 2.83"
"20,81 : 56.73"
"20,82 : 43.42"
"20,83 : 51.48"
"20,84 : 24.17"
"20,85 : 18.03"
"20,86 : 58.82"
"20,87 : 36.01"
"20,88 : 44.38"
"20,89 : 56.08"
"20,90 : 28.02"
"20,91 : 67.07"
"20,92 : 47.27"
"20,93 : 55.11"
"20,94 : 24.35"
"20,95 : 36.8"
"20,96 : 11.18"
"20,97 : 69.89"
"20,98 : 69.43"
"20,99 : 59.82"
"21,0 : 30.59"
"21,1 : 79.06"
"21,2 : 91.01"
"21,3 : 53.01"
"21,4 : 71.56"
"21,5 : 63.89"
"21,6 : 73.01"
"21,7 : 96.77"
"21,8 : 48.38"
"21,9 : 91.76"
"21,10 : 79.61"
"21,11 : 61.52"
"21,12 : 90.35"
"21,13 : 34.13"
"21,14 : 70.46"
"21,15 : 53.6"
"21,16 : 91.08"
"21,17 : 62.36"
"21,18 : 38.21"
"21,19 : 68.88"
"21,20 : 52.2"
"21,21 : 0.0"
"21,22 : 35.9"
"21,23 : 47.43"
"21,24 : 3.61"
"21,25 : 49.09"
"21,26 : 87.8"
"21,27 : 68.88"
"21,28 : 87.01"
"21,29 : 72.03"
"21,30 : 49.04"
"21,31 : 82.29"
"21,32 : 64.82"
"21,33 : 3.61"
"21,34 : 52.39"
"21,35 : 77.41"
"21,36 : 58.26"
"21,37 : 45.12"
"21,38 : 63.07"
"21,39 : 87.46"
"21,40 : 53.08"
"21,41 : 23.19"
"21,42 : 53.85"
"21,43 : 74.69"
"21,44 : 59.67"
"21,45 : 94.64"
"21,46 : 52.89"
"21,47 : 79.31"
"21,48 : 94.11"
"21,49 : 59.68"
"21,50 : 43.29"
"21,51 : 28.28"
"21,52 : 67.05"
"21,53 : 32.65"
"21,54 : 46.01"
"21,55 : 97.53"
"21,56 : 56.94"
"21,57 : 17.89"
"21,58 : 49.98"
"21,59 : 18.44"
"21,60 : 69.43"
"21,61 : 31.14"
"21,62 : 51.97"
"21,63 : 46.32"
"21,64 : 58.14"
"21,65 : 85.0"
"21,66 : 28.6"
"21,67 : 60.17"
"21,68 : 88.32"
"21,69 : 63.6"
"21,70 : 96.77"
"21,71 : 36.22"
"21,72 : 9.22"
"21,73 : 70.94"
"21,74 : 43.57"
"21,75 : 15.3"
"21,76 : 69.08"
"21,77 : 25.18"
"21,78 : 33.24"
"21,79 : 29.55"
"21,80 : 55.0"
"21,81 : 13.0"
"21,82 : 93.91"
"21,83 : 40.31"
"21,84 : 33.24"
"21,85 : 65.19"
"21,86 : 65.0"
"21,87 : 32.56"
"21,88 : 20.02"
"21,89 : 107.42"
"21,90 : 43.1"
"21,91 : 57.63"
"21,92 : 26.48"
"21,93 : 38.6"
"21,94 : 68.95"
"21,95 : 16.16"
"21,96 : 62.37"
"21,97 : 27.17"
"21,98 : 67.12"
"21,99 : 89.2"
"22,0 : 55.9"
"22,1 : 44.28"
"22,2 : 56.72"
"22,3 : 35.23"
"22,4 : 53.24"
"22,5 : 37.48"
"22,6 : 48.92"
"22,7 : 61.77"
"22,8 : 57.58"
"22,9 : 64.82"
"22,10 : 56.85"
"22,11 : 52.61"
"22,12 : 55.0"
"22,13 : 26.68"
"22,14 : 35.0"
"22,15 : 49.19"
"22,16 : 63.6"
"22,17 : 26.57"
"22,18 : 34.71"
"22,19 : 55.03"
"22,20 : 24.04"
"22,21 : 35.9"
"22,22 : 0.0"
"22,23 : 56.65"
"22,24 : 39.29"
"22,25 : 55.9"
"22,26 : 57.01"
"22,27 : 40.25"
"22,28 : 52.77"
"22,29 : 43.01"
"22,30 : 56.92"
"22,31 : 48.01"
"22,32 : 50.6"
"22,33 : 33.38"
"22,34 : 25.61"
"22,35 : 44.94"
"22,36 : 30.68"
"22,37 : 9.22"
"22,38 : 41.34"
"22,39 : 54.49"
"22,40 : 28.28"
"22,41 : 13.0"
"22,42 : 27.8"
"22,43 : 52.01"
"22,44 : 31.95"
"22,45 : 58.82"
"22,46 : 47.85"
"22,47 : 44.01"
"22,48 : 64.5"
"22,49 : 42.15"
"22,50 : 59.17"
"22,51 : 36.89"
"22,52 : 40.31"
"22,53 : 42.06"
"22,54 : 64.9"
"22,55 : 68.1"
"22,56 : 41.44"
"22,57 : 19.0"
"22,58 : 27.73"
"22,59 : 23.77"
"22,60 : 41.63"
"22,61 : 20.52"
"22,62 : 35.44"
"22,63 : 44.1"
"22,64 : 25.94"
"22,65 : 60.83"
"22,66 : 27.73"
"22,67 : 25.24"
"22,68 : 55.23"
"22,69 : 43.1"
"22,70 : 68.51"
"22,71 : 12.04"
"22,72 : 26.68"
"22,73 : 35.85"
"22,74 : 46.57"
"22,75 : 38.64"
"22,76 : 44.69"
"22,77 : 41.63"
"22,78 : 3.16"
"22,79 : 29.83"
"22,80 : 26.57"
"22,81 : 36.06"
"22,82 : 59.64"
"22,83 : 28.0"
"22,84 : 3.16"
"22,85 : 41.77"
"22,86 : 41.4"
"22,87 : 37.64"
"22,88 : 37.95"
"22,89 : 73.6"
"22,90 : 9.43"
"22,91 : 45.12"
"22,92 : 43.86"
"22,93 : 31.26"
"22,94 : 33.54"
"22,95 : 20.1"
"22,96 : 35.11"
"22,97 : 47.42"
"22,98 : 49.66"
"22,99 : 55.79"
"23,0 : 25.81"
"23,1 : 80.0"
"23,2 : 87.82"
"23,3 : 89.44"
"23,4 : 45.4"
"23,5 : 52.84"
"23,6 : 54.41"
"23,7 : 111.2"
"23,8 : 1.0"
"23,9 : 72.18"
"23,10 : 56.72"
"23,11 : 28.02"
"23,12 : 91.84"
"23,13 : 30.41"
"23,14 : 76.38"
"23,15 : 97.02"
"23,16 : 72.57"
"23,17 : 76.61"
"23,18 : 23.02"
"23,19 : 38.01"
"23,20 : 80.65"
"23,21 : 47.43"
"23,22 : 56.65"
"23,23 : 0.0"
"23,24 : 46.62"
"23,25 : 95.71"
"23,26 : 112.38"
"23,27 : 96.77"
"23,28 : 84.38"
"23,29 : 61.72"
"23,30 : 2.24"
"23,31 : 100.21"
"23,32 : 36.35"
"23,33 : 49.73"
"23,34 : 48.84"
"23,35 : 72.2"
"23,36 : 87.32"
"23,37 : 62.18"
"23,38 : 45.69"
"23,39 : 108.17"
"23,40 : 84.48"
"23,41 : 48.66"
"23,42 : 48.27"
"23,43 : 53.37"
"23,44 : 88.6"
"23,45 : 104.0"
"23,46 : 96.01"
"23,47 : 82.46"
"23,48 : 78.85"
"23,49 : 38.63"
"23,50 : 10.2"
"23,51 : 73.82"
"23,52 : 55.01"
"23,53 : 16.0"
"23,54 : 16.03"
"23,55 : 81.25"
"23,56 : 95.04"
"23,57 : 53.01"
"23,58 : 42.52"
"23,59 : 59.08"
"23,60 : 98.23"
"23,61 : 68.26"
"23,62 : 35.51"
"23,63 : 90.09"
"23,64 : 59.41"
"23,65 : 62.65"
"23,66 : 29.12"
"23,67 : 78.55"
"23,68 : 108.72"
"23,69 : 98.72"
"23,70 : 78.45"
"23,71 : 46.07"
"23,72 : 47.38"
"23,73 : 87.42"
"23,74 : 11.31"
"23,75 : 62.64"
"23,76 : 52.55"
"23,77 : 72.28"
"23,78 : 56.61"
"23,79 : 72.06"
"23,80 : 83.22"
"23,81 : 34.48"
"23,82 : 111.04"
"23,83 : 32.02"
"23,84 : 56.61"
"23,85 : 98.08"
"23,86 : 49.24"
"23,87 : 77.52"
"23,88 : 66.94"
"23,89 : 125.1"
"23,90 : 55.57"
"23,91 : 31.32"
"23,92 : 73.76"
"23,93 : 27.2"
"23,94 : 84.4"
"23,95 : 51.0"
"23,96 : 91.76"
"23,97 : 21.63"
"23,98 : 41.77"
"23,99 : 83.65"
"24,0 : 28.16"
"24,1 : 82.15"
"24,2 : 94.01"
"24,3 : 56.4"
"24,4 : 73.06"
"24,5 : 66.22"
"24,6 : 75.03"
"24,7 : 100.32"
"24,8 : 47.54"
"24,9 : 93.92"
"24,10 : 81.44"
"24,11 : 62.29"
"24,12 : 93.54"
"24,13 : 35.78"
"24,14 : 73.68"
"24,15 : 56.32"
"24,16 : 93.3"
"24,17 : 65.8"
"24,18 : 39.2"
"24,19 : 70.0"
"24,20 : 55.8"
"24,21 : 3.61"
"24,22 : 39.29"
"24,23 : 46.62"
"24,24 : 0.0"
"24,25 : 51.0"
"24,26 : 91.4"
"24,27 : 72.47"
"24,28 : 90.01"
"24,29 : 74.53"
"24,30 : 48.33"
"24,31 : 85.87"
"24,32 : 66.03"
"24,33 : 7.07"
"24,34 : 54.92"
"24,35 : 80.22"
"24,36 : 61.85"
"24,37 : 48.51"
"24,38 : 65.0"
"24,39 : 91.07"
"24,40 : 56.64"
"24,41 : 26.48"
"24,42 : 56.29"
"24,43 : 76.56"
"24,44 : 63.25"
"24,45 : 98.08"
"24,46 : 55.66"
"24,47 : 82.49"
"24,48 : 96.54"
"24,49 : 61.29"
"24,50 : 41.77"
"24,51 : 30.81"
"24,52 : 69.38"
"24,53 : 32.45"
"24,54 : 44.05"
"24,55 : 99.92"
"24,56 : 60.21"
"24,57 : 21.47"
"24,58 : 52.2"
"24,59 : 21.93"
"24,60 : 73.0"
"24,61 : 34.66"
"24,62 : 53.67"
"24,63 : 49.04"
"24,64 : 61.03"
"24,65 : 86.93"
"24,66 : 30.02"
"24,67 : 63.69"
"24,68 : 91.92"
"24,69 : 67.01"
"24,70 : 99.04"
"24,71 : 39.05"
"24,72 : 12.65"
"24,73 : 74.46"
"24,74 : 43.6"
"24,75 : 17.0"
"24,76 : 71.17"
"24,77 : 27.0"
"24,78 : 36.69"
"24,79 : 32.65"
"24,80 : 58.6"
"24,81 : 12.81"
"24,82 : 97.49"
"24,83 : 42.05"
"24,84 : 36.69"
"24,85 : 68.68"
"24,86 : 67.07"
"24,87 : 35.17"
"24,88 : 22.09"
"24,89 : 111.02"
"24,90 : 46.27"
"24,91 : 58.82"
"24,92 : 28.07"
"24,93 : 39.96"
"24,94 : 72.45"
"24,95 : 19.7"
"24,96 : 65.95"
"24,97 : 25.71"
"24,98 : 68.6"
"24,99 : 92.09"
"25,0 : 79.06"
"25,1 : 94.02"
"25,2 : 106.47"
"25,3 : 34.53"
"25,4 : 108.23"
"25,5 : 93.38"
"25,6 : 104.8"
"25,7 : 92.66"
"25,8 : 96.69"
"25,9 : 120.34"
"25,10 : 112.7"
"25,11 : 103.75"
"25,12 : 101.64"
"25,13 : 74.25"
"25,14 : 83.73"
"25,15 : 16.28"
"25,16 : 119.0"
"25,17 : 70.66"
"25,18 : 81.15"
"25,19 : 108.56"
"25,20 : 48.47"
"25,21 : 49.09"
"25,22 : 55.9"
"25,23 : 95.71"
"25,24 : 51.0"
"25,25 : 0.0"
"25,26 : 73.11"
"25,27 : 56.22"
"25,28 : 102.96"
"25,29 : 98.41"
"25,30 : 97.08"
"25,31 : 78.09"
"25,32 : 104.1"
"25,33 : 46.27"
"25,34 : 81.47"
"25,35 : 98.23"
"25,36 : 49.48"
"25,37 : 61.07"
"25,38 : 96.83"
"25,39 : 78.1"
"25,40 : 43.97"
"25,41 : 52.84"
"25,42 : 83.63"
"25,43 : 107.81"
"25,44 : 50.22"
"25,45 : 96.77"
"25,46 : 17.12"
"25,47 : 92.13"
"25,48 : 119.02"
"25,49 : 96.52"
"25,50 : 92.35"
"25,51 : 22.14"
"25,52 : 96.18"
"25,53 : 80.05"
"25,54 : 95.02"
"25,55 : 122.61"
"25,56 : 32.0"
"25,57 : 45.19"
"25,58 : 82.8"
"25,59 : 38.08"
"25,60 : 55.08"
"25,61 : 35.38"
"25,62 : 89.04"
"25,63 : 14.56"
"25,64 : 80.81"
"25,65 : 116.73"
"25,66 : 70.94"
