x,y
38,51
12,10
56,88
31,11
34,100
76,76
32,18
82,86
70,61
31,67
48,92
33,97
9,68
77,0
68,25
5,20
60,77
79,97
46,6
18,14
65,20
54,31
36,8
21,48
3,10
100,64
37,40
8,80
39,72
38,17
29,29
33,66
83,0
14,78
29,19
45,77
31,100
31,51
56,14
52,11
94,59
24,92
41,72
68,51
95,9
4,31
20,46
55,15
87,74
60,99
13,41
96,83
2,53
67,24
81,82
99,25
87,58
57,50
0,34
94,99
23,69
44,9
40,95
81,13
9,73
15,61
10,51
30,3
7,26
83,18
99,59
14,47
89,55
96,19
85,15
45,27
20,54
18,45
86,59
71,83
23,99
79,82
74,75
58,60
71,66
46,65
93,42
41,39
55,7
1,50
92,5
4,85
87,36
9,12
66,40
60,5
36,5
90,37
44,88
87,85

Distanze
"0,0 : 0.0"
"0,1 : 48.55"
"0,2 : 41.15"
"0,3 : 40.61"
"0,4 : 49.16"
"0,5 : 45.49"
"0,6 : 33.54"
"0,7 : 56.22"
"0,8 : 33.53"
"0,9 : 17.46"
"0,10 : 42.2"
"0,11 : 46.27"
"0,12 : 33.62"
"0,13 : 64.2"
"0,14 : 39.7"
"0,15 : 45.28"
"0,16 : 34.06"
"0,17 : 61.62"
"0,18 : 45.71"
"0,19 : 42.06"
"0,20 : 41.11"
"0,21 : 25.61"
"0,22 : 43.05"
"0,23 : 17.26"
"0,24 : 53.91"
"0,25 : 63.35"
"0,26 : 11.05"
"0,27 : 41.73"
"0,28 : 21.02"
"0,29 : 34.0"
"0,30 : 23.77"
"0,31 : 15.81"
"0,32 : 68.01"
"0,33 : 36.12"
"0,34 : 33.24"
"0,35 : 26.93"
"0,36 : 49.5"
"0,37 : 7.0"
"0,38 : 41.15"
"0,39 : 42.38"
"0,40 : 56.57"
"0,41 : 43.32"
"0,42 : 21.21"
"0,43 : 30.0"
"0,44 : 70.8"
"0,45 : 39.45"
"0,46 : 18.68"
"0,47 : 39.81"
"0,48 : 54.13"
"0,49 : 52.8"
"0,50 : 26.93"
"0,51 : 66.24"
"0,52 : 36.06"
"0,53 : 39.62"
"0,54 : 53.01"
"0,55 : 66.31"
"0,56 : 49.5"
"0,57 : 19.03"
"0,58 : 41.63"
"0,59 : 73.76"
"0,60 : 23.43"
"0,61 : 42.43"
"0,62 : 44.05"
"0,63 : 57.38"
"0,64 : 36.4"
"0,65 : 25.08"
"0,66 : 28.0"
"0,67 : 48.66"
"0,68 : 39.82"
"0,69 : 55.8"
"0,70 : 61.52"
"0,71 : 24.33"
"0,72 : 51.16"
"0,73 : 66.24"
"0,74 : 59.2"
"0,75 : 25.0"
"0,76 : 18.25"
"0,77 : 20.88"
"0,78 : 48.66"
"0,79 : 45.97"
"0,80 : 50.29"
"0,81 : 51.4"
"0,82 : 43.27"
"0,83 : 21.93"
"0,84 : 36.25"
"0,85 : 16.12"
"0,86 : 55.73"
"0,87 : 12.37"
"0,88 : 47.17"
"0,89 : 37.01"
"0,90 : 70.94"
"0,91 : 48.08"
"0,92 : 51.24"
"0,93 : 48.6"
"0,94 : 30.08"
"0,95 : 50.99"
"0,96 : 46.04"
"0,97 : 53.85"
"0,98 : 37.48"
"0,99 : 59.64"
"1,0 : 48.55"
"1,1 : 0.0"
"1,2 : 89.55"
"1,3 : 19.03"
"1,4 : 92.65"
"1,5 : 91.93"
"1,6 : 21.54"
"1,7 : 103.32"
"1,8 : 77.23"
"1,9 : 60.08"
"1,10 : 89.55"
"1,11 : 89.5"
"1,12 : 58.08"
"1,13 : 65.76"
"1,14 : 57.97"
"1,15 : 12.21"
"1,16 : 82.42"
"1,17 : 109.81"
"1,18 : 34.23"
"1,19 : 7.21"
"1,20 : 53.94"
"1,21 : 46.96"
"1,22 : 24.08"
"1,23 : 39.05"
"1,24 : 9.0"
"1,25 : 103.25"
"1,26 : 39.05"
"1,27 : 70.11"
"1,28 : 67.62"
"1,29 : 26.93"
"1,30 : 25.5"
"1,31 : 59.81"
"1,32 : 71.7"
"1,33 : 68.03"
"1,34 : 19.24"
"1,35 : 74.69"
"1,36 : 91.98"
"1,37 : 45.19"
"1,38 : 44.18"
"1,39 : 40.01"
"1,40 : 95.52"
"1,41 : 82.87"
"1,42 : 68.45"
"1,43 : 69.4"
"1,44 : 83.01"
"1,45 : 22.47"
"1,46 : 36.88"
"1,47 : 43.29"
"1,48 : 98.6"
"1,49 : 101.12"
"1,50 : 31.02"
"1,51 : 111.29"
"1,52 : 44.15"
"1,53 : 56.75"
"1,54 : 99.72"
"1,55 : 88.28"
"1,56 : 89.04"
"1,57 : 60.21"
"1,58 : 26.83"
"1,59 : 121.02"
"1,60 : 60.02"
"1,61 : 32.02"
"1,62 : 89.49"
"1,63 : 69.07"
"1,64 : 63.07"
"1,65 : 51.09"
"1,66 : 41.05"
"1,67 : 19.31"
"1,68 : 16.76"
"1,69 : 71.45"
"1,70 : 99.85"
"1,71 : 37.05"
"1,72 : 89.19"
"1,73 : 84.48"
"1,74 : 73.17"
"1,75 : 37.12"
"1,76 : 44.72"
"1,77 : 35.51"
"1,78 : 88.75"
"1,79 : 93.86"
"1,80 : 89.68"
"1,81 : 98.35"
"1,82 : 89.83"
"1,83 : 67.94"
"1,84 : 81.34"
"1,85 : 64.66"
"1,86 : 87.09"
"1,87 : 41.01"
"1,88 : 43.1"
"1,89 : 41.48"
"1,90 : 80.16"
"1,91 : 75.43"
"1,92 : 79.38"
"1,93 : 3.61"
"1,94 : 61.77"
"1,95 : 48.26"
"1,96 : 24.52"
"1,97 : 82.54"
"1,98 : 84.31"
"1,99 : 106.07"
"2,0 : 41.15"
"2,1 : 89.55"
"2,2 : 0.0"
"2,3 : 80.96"
"2,4 : 25.06"
"2,5 : 23.32"
"2,6 : 74.0"
"2,7 : 26.08"
"2,8 : 30.41"
"2,9 : 32.65"
"2,10 : 8.94"
"2,11 : 24.7"
"2,12 : 51.08"
"2,13 : 90.47"
"2,14 : 64.13"
"2,15 : 85.0"
"2,16 : 11.7"
"2,17 : 24.7"
"2,18 : 82.61"
"2,19 : 83.19"
"2,20 : 68.59"
"2,21 : 57.04"
"2,22 : 82.46"
"2,23 : 53.15"
"2,24 : 94.3"
"2,25 : 50.12"
"2,26 : 51.62"
"2,27 : 48.66"
"2,28 : 23.35"
"2,29 : 73.25"
"2,30 : 64.88"
"2,31 : 31.83"
"2,32 : 92.05"
"2,33 : 43.17"
"2,34 : 74.09"
"2,35 : 15.56"
"2,36 : 27.73"
"2,37 : 44.65"
"2,38 : 74.0"
"2,39 : 77.1"
"2,40 : 47.8"
"2,41 : 32.25"
"2,42 : 21.93"
"2,43 : 38.9"
"2,44 : 88.1"
"2,45 : 77.16"
"2,46 : 55.32"
"2,47 : 73.01"
"2,48 : 34.01"
"2,49 : 11.7"
"2,50 : 63.7"
"2,51 : 40.31"
"2,52 : 64.35"
"2,53 : 64.94"
"2,54 : 25.71"
"2,55 : 76.28"
"2,56 : 43.14"
"2,57 : 38.01"
"2,58 : 77.79"
"2,59 : 39.56"
"2,60 : 38.08"
"2,61 : 79.91"
"2,62 : 17.46"
"2,63 : 79.06"
"2,64 : 49.34"
"2,65 : 49.09"
"2,66 : 59.03"
"2,67 : 88.89"
"2,68 : 79.03"
"2,69 : 75.03"
"2,70 : 51.87"
"2,71 : 58.69"
"2,72 : 46.67"
"2,73 : 79.76"
"2,74 : 78.55"
"2,75 : 61.98"
"2,76 : 49.52"
"2,77 : 57.38"
"2,78 : 41.73"
"2,79 : 15.81"
"2,80 : 34.79"
"2,81 : 23.77"
"2,82 : 22.2"
"2,83 : 28.07"
"2,84 : 26.63"
"2,85 : 25.08"
"2,86 : 59.03"
"2,87 : 51.24"
"2,88 : 81.01"
"2,89 : 66.85"
"2,90 : 90.47"
"2,91 : 52.09"
"2,92 : 60.54"
"2,93 : 89.36"
"2,94 : 49.03"
"2,95 : 83.1"
"2,96 : 85.38"
"2,97 : 61.29"
"2,98 : 12.0"
"2,99 : 31.14"
"3,0 : 40.61"
"3,1 : 19.03"
"3,2 : 80.96"
"3,3 : 0.0"
"3,4 : 89.05"
"3,5 : 79.06"
"3,6 : 7.07"
"3,7 : 90.7"
"3,8 : 63.41"
"3,9 : 56.0"
"3,10 : 82.76"
"3,11 : 86.02"
"3,12 : 61.1"
"3,13 : 47.3"
"3,14 : 39.56"
"3,15 : 27.51"
"3,16 : 72.09"
"3,17 : 98.49"
"3,18 : 15.81"
"3,19 : 13.34"
"3,20 : 35.17"
"3,21 : 30.48"
"3,22 : 5.83"
"3,23 : 38.33"
"3,24 : 28.02"
"3,25 : 87.01"
"3,26 : 29.61"
"3,27 : 72.73"
"3,28 : 61.52"
"3,29 : 9.22"
"3,30 : 18.11"
"3,31 : 55.04"
"3,32 : 53.15"
"3,33 : 69.12"
"3,34 : 8.25"
"3,35 : 67.47"
"3,36 : 89.0"
"3,37 : 40.0"
"3,38 : 25.18"
"3,39 : 21.0"
"3,40 : 79.2"
"3,41 : 81.3"
"3,42 : 61.81"
"3,43 : 54.49"
"3,44 : 64.03"
"3,45 : 33.6"
"3,46 : 36.69"
"3,47 : 24.33"
"3,48 : 84.29"
"3,49 : 92.66"
"3,50 : 34.99"
"3,51 : 97.0"
"3,52 : 51.04"
"3,53 : 38.28"
"3,54 : 86.84"
"3,55 : 69.43"
"3,56 : 73.11"
"3,57 : 46.87"
"3,58 : 38.6"
"3,59 : 108.23"
"3,60 : 58.55"
"3,61 : 13.15"
"3,62 : 84.48"
"3,63 : 50.04"
"3,64 : 65.79"
"3,65 : 52.5"
"3,66 : 45.18"
"3,67 : 8.06"
"3,68 : 28.3"
"3,69 : 52.47"
"3,70 : 83.23"
"3,71 : 39.81"
"3,72 : 72.8"
"3,73 : 65.49"
"3,74 : 54.15"
"3,75 : 21.26"
"3,76 : 44.38"
"3,77 : 36.4"
"3,78 : 73.0"
"3,79 : 82.37"
"3,80 : 88.36"
"3,81 : 85.7"
"3,82 : 77.1"
"3,83 : 55.95"
"3,84 : 68.01"
"3,85 : 56.04"
"3,86 : 69.32"
"3,87 : 29.73"
"3,88 : 24.33"
"3,89 : 49.2"
"3,90 : 61.29"
"3,91 : 78.77"
"3,92 : 61.33"
"3,93 : 22.02"
"3,94 : 45.45"
"3,95 : 29.61"
"3,96 : 7.81"
"3,97 : 64.47"
"3,98 : 78.09"
"3,99 : 92.8"
"4,0 : 49.16"
"4,1 : 92.65"
"4,2 : 25.06"
"4,3 : 89.05"
"4,4 : 0.0"
"4,5 : 48.37"
"4,6 : 82.02"
"4,7 : 50.0"
"4,8 : 53.08"
"4,9 : 33.14"
"4,10 : 16.12"
"4,11 : 3.16"
"4,12 : 40.61"
"4,13 : 108.85"
"4,14 : 82.35"
"4,15 : 85.09"
"4,16 : 34.71"
"4,17 : 45.1"
"4,18 : 94.76"
"4,19 : 87.48"
"4,20 : 85.8"
"4,21 : 71.84"
"4,22 : 92.02"
"4,23 : 53.6"
"4,24 : 95.19"
"4,25 : 75.18"
"4,26 : 60.07"
"4,27 : 32.8"
"4,28 : 28.44"
"4,29 : 83.1"
"4,30 : 71.18"
"4,31 : 34.01"
"4,32 : 111.36"
"4,33 : 29.73"
"4,34 : 81.15"
"4,35 : 25.5"
"4,36 : 3.0"
"4,37 : 49.09"
"4,38 : 88.77"
"4,39 : 90.8"
"4,40 : 72.67"
"4,41 : 12.81"
"4,42 : 28.86"
"4,43 : 59.64"
"4,44 : 109.55"
"4,45 : 75.24"
"4,46 : 55.79"
"4,47 : 87.56"
"4,48 : 59.03"
"4,49 : 26.02"
"4,50 : 62.63"
"4,51 : 64.29"
"4,52 : 56.86"
"4,53 : 82.86"
"4,54 : 50.33"
"4,55 : 99.25"
"4,56 : 67.62"
"4,57 : 55.04"
"4,58 : 74.24"
"4,59 : 60.01"
"4,60 : 32.89"
"4,61 : 91.55"
"4,62 : 7.81"
"4,63 : 98.88"
"4,64 : 36.8"
"4,65 : 43.38"
"4,66 : 54.56"
"4,67 : 97.08"
"4,68 : 78.77"
"4,69 : 95.52"
"4,70 : 76.85"
"4,71 : 56.65"
"4,72 : 71.06"
"4,73 : 102.0"
"4,74 : 99.13"
"4,75 : 73.82"
"4,76 : 48.08"
"4,77 : 57.28"
"4,78 : 66.22"
"4,79 : 40.72"
"4,80 : 11.05"
"4,81 : 48.47"
"4,82 : 47.17"
"4,83 : 46.65"
"4,84 : 50.25"
"4,85 : 37.0"
"4,86 : 82.73"
"4,87 : 61.4"
"4,88 : 95.34"
"4,89 : 59.91"
"4,90 : 111.31"
"4,91 : 33.54"
"4,92 : 83.1"
"4,93 : 91.48"
"4,94 : 68.0"
"4,95 : 98.49"
"4,96 : 95.02"
"4,97 : 84.29"
"4,98 : 15.62"
"4,99 : 55.08"
"5,0 : 45.49"
"5,1 : 91.93"
"5,2 : 23.32"
"5,3 : 79.06"
"5,4 : 48.37"
"5,5 : 0.0"
"5,6 : 72.8"
"5,7 : 11.66"
"5,8 : 16.16"
"5,9 : 45.89"
"5,10 : 32.25"
"5,11 : 47.85"
"5,12 : 67.48"
"5,13 : 76.01"
"5,14 : 51.62"
"5,15 : 90.43"
"5,16 : 16.03"
"5,17 : 21.21"
"5,18 : 76.16"
"5,19 : 84.9"
"5,20 : 57.07"
"5,21 : 50.09"
"5,22 : 78.89"
"5,23 : 61.72"
"5,24 : 98.41"
"5,25 : 26.83"
"5,26 : 53.08"
"5,27 : 68.12"
"5,28 : 37.22"
"5,29 : 70.18"
"5,30 : 66.47"
"5,31 : 44.15"
"5,32 : 76.32"
"5,33 : 62.03"
"5,34 : 73.88"
"5,35 : 31.02"
"5,36 : 51.0"
"5,37 : 51.48"
"5,38 : 65.15"
"5,39 : 69.29"
"5,40 : 24.76"
"5,41 : 54.41"
"5,42 : 35.23"
"5,43 : 26.25"
"5,44 : 69.64"
"5,45 : 84.91"
"5,46 : 63.53"
"5,47 : 64.51"
"5,48 : 11.18"
"5,49 : 28.02"
"5,50 : 72.07"
"5,51 : 21.19"
"5,52 : 77.49"
"5,53 : 52.77"
"5,54 : 7.81"
"5,55 : 55.95"
"5,56 : 21.1"
"5,57 : 32.2"
"5,58 : 86.83"
"5,59 : 29.21"
"5,60 : 53.46"
"5,61 : 74.25"
"5,62 : 40.71"
"5,63 : 63.2"
"5,64 : 67.07"
"5,65 : 62.82"
"5,66 : 70.58"
"5,67 : 86.28"
"5,68 : 85.21"
"5,69 : 58.42"
"5,70 : 28.6"
"5,71 : 68.45"
"5,72 : 24.7"
"5,73 : 60.41"
"5,74 : 61.66"
"5,75 : 57.98"
"5,76 : 60.17"
"5,77 : 65.76"
"5,78 : 19.72"
"5,79 : 8.6"
"5,80 : 57.78"
"5,81 : 6.71"
"5,82 : 2.24"
"5,83 : 24.08"
"5,84 : 11.18"
"5,85 : 31.95"
"5,86 : 38.01"
"5,87 : 50.93"
"5,88 : 72.12"
"5,89 : 79.38"
"5,90 : 72.78"
"5,91 : 72.56"
"5,92 : 41.48"
"5,93 : 92.66"
"5,94 : 37.36"
"5,95 : 72.78"
"5,96 : 81.49"
"5,97 : 41.44"
"5,98 : 34.18"
"5,99 : 14.21"
"6,0 : 33.54"
"6,1 : 21.54"
"6,2 : 74.0"
"6,3 : 7.07"
"6,4 : 82.02"
"6,5 : 72.8"
"6,6 : 0.0"
"6,7 : 84.4"
"6,8 : 57.38"
"6,9 : 49.01"
"6,10 : 75.71"
"6,11 : 79.01"
"6,12 : 55.04"
"6,13 : 48.47"
"6,14 : 36.67"
"6,15 : 27.07"
"6,16 : 65.31"
"6,17 : 91.92"
"6,18 : 18.44"
"6,19 : 14.56"
"6,20 : 33.06"
"6,21 : 25.55"
"6,22 : 10.77"
"6,23 : 31.95"
"6,24 : 30.08"
"6,25 : 82.1"
"6,26 : 22.56"
"6,27 : 66.48"
"6,28 : 54.45"
"6,29 : 6.08"
"6,30 : 11.4"
"6,31 : 48.01"
"6,32 : 54.08"
"6,33 : 62.64"
"6,34 : 3.16"
"6,35 : 60.42"
"6,36 : 82.01"
"6,37 : 33.02"
"6,38 : 24.33"
"6,39 : 21.19"
"6,40 : 74.33"
"6,41 : 74.43"
"6,42 : 54.74"
"6,43 : 48.84"
"6,44 : 63.64"
"6,45 : 30.87"
"6,46 : 30.46"
"6,47 : 23.19"
"6,48 : 78.49"
"6,49 : 85.7"
"6,50 : 29.83"
"6,51 : 91.22"
"6,52 : 46.1"
"6,53 : 35.51"
"6,54 : 80.6"
"6,55 : 67.36"
"6,56 : 68.01"
"6,57 : 40.61"
"6,58 : 35.78"
"6,59 : 102.0"
"6,60 : 51.79"
"6,61 : 15.0"
"6,62 : 77.41"
"6,63 : 49.25"
"6,64 : 59.62"
"6,65 : 46.24"
"6,66 : 39.66"
"6,67 : 15.13"
"6,68 : 26.25"
"6,69 : 51.0"
"6,70 : 78.55"
"6,71 : 34.13"
"6,72 : 67.96"
"6,73 : 64.01"
"6,74 : 53.08"
"6,75 : 15.81"
"6,76 : 37.95"
"6,77 : 30.41"
"6,78 : 67.8"
"6,79 : 75.8"
"6,80 : 81.5"
"6,81 : 79.4"
"6,82 : 70.8"
"6,83 : 49.4"
"6,84 : 61.85"
"6,85 : 49.04"
"6,86 : 65.55"
"6,87 : 22.85"
"6,88 : 25.5"
"6,89 : 44.55"
"6,90 : 61.39"
"6,91 : 72.62"
"6,92 : 57.87"
"6,93 : 23.77"
"6,94 : 40.5"
"6,95 : 30.87"
"6,96 : 13.6"
"6,97 : 61.03"
"6,98 : 71.02"
"6,99 : 86.68"
"7,0 : 56.22"
"7,1 : 103.32"
"7,2 : 26.08"
"7,3 : 90.7"
"7,4 : 50.0"
"7,5 : 11.66"
"7,6 : 84.4"
"7,7 : 0.0"
"7,8 : 27.73"
"7,9 : 54.42"
"7,10 : 34.53"
"7,11 : 50.22"
"7,12 : 75.19"
"7,13 : 86.15"
"7,14 : 62.59"
"7,15 : 101.41"
"7,16 : 23.77"
"7,17 : 11.4"
"7,18 : 87.73"
"7,19 : 96.33"
"7,20 : 68.15"
"7,21 : 61.72"
"7,22 : 90.55"
"7,23 : 71.87"
"7,24 : 109.62"
"7,25 : 28.43"
"7,26 : 64.35"
"7,27 : 74.24"
"7,28 : 45.22"
"7,29 : 81.84"
"7,30 : 77.83"
"7,31 : 52.92"
"7,32 : 86.01"
"7,33 : 68.47"
"7,34 : 85.43"
"7,35 : 38.08"
"7,36 : 52.89"
"7,37 : 61.85"
"7,38 : 76.55"
"7,39 : 80.78"
"7,40 : 29.55"
"7,41 : 58.31"
"7,42 : 43.32"
"7,43 : 37.7"
"7,44 : 78.09"
"7,45 : 95.44"
"7,46 : 73.78"
"7,47 : 75.96"
"7,48 : 13.0"
"7,49 : 25.55"
"7,50 : 82.38"
"7,51 : 14.32"
"7,52 : 86.54"
"7,53 : 63.79"
"7,54 : 4.12"
"7,55 : 63.32"
"7,56 : 28.44"
"7,57 : 43.83"
"7,58 : 97.1"
"7,59 : 17.69"
"7,60 : 61.4"
"7,61 : 85.87"
"7,62 : 42.95"
"7,63 : 73.01"
"7,64 : 74.15"
"7,65 : 71.51"
"7,66 : 80.06"
"7,67 : 97.94"
"7,68 : 96.05"
"7,69 : 68.01"
"7,70 : 31.91"
"7,71 : 78.39"
"7,72 : 31.78"
"7,73 : 68.45"
"7,74 : 71.06"
"7,75 : 69.64"
"7,76 : 69.77"
"7,77 : 76.01"
"7,78 : 27.29"
"7,79 : 11.4"
"7,80 : 60.42"
"7,81 : 5.0"
"7,82 : 13.6"
"7,83 : 35.38"
"7,84 : 22.83"
"7,85 : 41.68"
"7,86 : 45.35"
"7,87 : 62.37"
"7,88 : 83.49"
"7,89 : 88.64"
"7,90 : 81.61"
"7,91 : 78.01"
"7,92 : 50.25"
"7,93 : 103.95"
"7,94 : 48.7"
"7,95 : 83.93"
"7,96 : 93.15"
"7,97 : 49.65"
"7,98 : 38.05"
"7,99 : 5.1"
"8,0 : 33.53"
"8,1 : 77.23"
"8,2 : 30.41"
"8,3 : 63.41"
"8,4 : 53.08"
"8,5 : 16.16"
"8,6 : 57.38"
"8,7 : 27.73"
"8,8 : 0.0"
"8,9 : 39.46"
"8,10 : 38.01"
"8,11 : 51.62"
"8,12 : 61.4"
"8,13 : 61.4"
"8,14 : 36.06"
"8,15 : 76.85"
"8,16 : 18.87"
"8,17 : 37.11"
"8,18 : 60.01"
"8,19 : 70.09"
"8,20 : 41.3"
"8,21 : 34.0"
"8,22 : 62.97"
"8,23 : 50.7"
"8,24 : 84.2"
"8,25 : 30.15"
"8,26 : 39.12"
"8,27 : 64.85"
"8,28 : 32.89"
"8,29 : 54.41"
"8,30 : 52.01"
"8,31 : 37.34"
"8,32 : 62.37"
"8,33 : 58.52"
"8,34 : 58.69"
"8,35 : 29.68"
"8,36 : 55.15"
"8,37 : 40.26"
"8,38 : 49.04"
"8,39 : 53.14"
"8,40 : 24.08"
"8,41 : 55.47"
"8,42 : 31.02"
"8,43 : 10.2"
"8,44 : 57.7"
"8,45 : 72.5"
"8,46 : 52.2"
"8,47 : 48.38"
"8,48 : 21.4"
"8,49 : 39.29"
"8,50 : 60.41"
"8,51 : 34.06"
"8,52 : 68.47"
"8,53 : 37.12"
"8,54 : 23.71"
"8,55 : 46.23"
"8,56 : 17.26"
"8,57 : 17.03"
"8,58 : 75.03"
"8,59 : 44.94"
"8,60 : 47.68"
"8,61 : 58.14"
"8,62 : 45.34"
"8,63 : 49.24"
"8,64 : 62.17"
"8,65 : 55.0"
"8,66 : 60.83"
"8,67 : 70.46"
"8,68 : 72.07"
"8,69 : 44.92"
"8,70 : 29.07"
"8,71 : 57.72"
"8,72 : 19.92"
"8,73 : 49.4"
"8,74 : 48.38"
"8,75 : 42.2"
"8,76 : 50.49"
"8,77 : 54.41"
"8,78 : 16.12"
"8,79 : 22.02"
"8,80 : 60.44"
"8,81 : 22.85"
"8,82 : 14.56"
"8,83 : 12.04"
"8,84 : 5.1"
"8,85 : 24.33"
"8,86 : 29.83"
"8,87 : 36.4"
"8,88 : 56.04"
"8,89 : 69.87"
"8,90 : 60.17"
"8,91 : 70.23"
"8,92 : 30.23"
"8,93 : 78.24"
"8,94 : 21.38"
"8,95 : 56.89"
"8,96 : 65.51"
"8,97 : 31.24"
"8,98 : 37.48"
"8,99 : 29.41"
"9,0 : 17.46"
"9,1 : 60.08"
"9,2 : 32.65"
"9,3 : 56.0"
"9,4 : 33.14"
"9,5 : 45.89"
"9,6 : 49.01"
"9,7 : 54.42"
"9,8 : 39.46"
"9,9 : 0.0"
"9,10 : 30.23"
"9,11 : 30.07"
"9,12 : 22.02"
"9,13 : 81.27"
"9,14 : 55.97"
"9,15 : 53.71"
"9,16 : 30.68"
"9,17 : 56.6"
"9,18 : 62.82"
"9,19 : 54.57"
"9,20 : 58.01"
"9,21 : 42.72"
"9,22 : 59.21"
"9,23 : 21.47"
"9,24 : 63.51"
"9,25 : 69.07"
"9,26 : 27.66"
"9,27 : 26.42"
"9,28 : 9.43"
"9,29 : 50.49"
"9,30 : 38.05"
"9,31 : 2.24"
"9,32 : 84.81"
"9,33 : 20.25"
"9,34 : 48.04"
"9,35 : 17.2"
"9,36 : 33.0"
"9,37 : 16.0"
"9,38 : 58.6"
"9,39 : 59.81"
"9,40 : 63.51"
"9,41 : 25.96"
"9,42 : 11.18"
"9,43 : 40.31"
"9,44 : 86.37"
"9,45 : 45.0"
"9,46 : 23.71"
"9,47 : 57.27"
"9,48 : 56.44"
"9,49 : 43.19"
"9,50 : 31.62"
"9,51 : 66.94"
"9,52 : 32.2"
"9,53 : 56.08"
"9,54 : 52.2"
"9,55 : 79.92"
"9,56 : 56.72"
"9,57 : 31.06"
"9,58 : 45.28"
"9,59 : 70.66"
"9,60 : 8.25"
"9,61 : 59.44"
"9,62 : 29.41"
"9,63 : 73.59"
"9,64 : 22.8"
"9,65 : 17.09"
"9,66 : 26.4"
"9,67 : 64.01"
"9,68 : 47.51"
"9,69 : 71.45"
"9,70 : 68.47"
"9,71 : 26.25"
"9,72 : 59.23"
"9,73 : 80.8"
"9,74 : 74.97"
"9,75 : 42.38"
"9,76 : 17.03"
"9,77 : 25.55"
"9,78 : 55.58"
"9,79 : 43.08"
"9,80 : 32.98"
"9,81 : 50.29"
"9,82 : 43.74"
"9,83 : 27.89"
"9,84 : 40.01"
"9,85 : 15.13"
"9,86 : 66.85"
"9,87 : 29.73"
"9,88 : 64.62"
"9,89 : 34.48"
"9,90 : 86.98"
"9,91 : 32.45"
"9,92 : 64.01"
"9,93 : 59.24"
"9,94 : 44.2"
"9,95 : 68.45"
"9,96 : 62.2"
"9,97 : 66.19"
"9,98 : 24.7"
"9,99 : 58.82"
"10,0 : 42.2"
"10,1 : 89.55"
"10,2 : 8.94"
"10,3 : 82.76"
"10,4 : 16.12"
"10,5 : 32.25"
"10,6 : 75.71"
"10,7 : 34.53"
"10,8 : 38.01"
"10,9 : 30.23"
"10,10 : 0.0"
"10,11 : 15.81"
"10,12 : 45.79"
"10,13 : 96.46"
"10,14 : 69.92"
"10,15 : 83.86"
"10,16 : 19.21"
"10,17 : 31.4"
"10,18 : 86.02"
"10,19 : 83.57"
"10,20 : 73.98"
"10,21 : 61.29"
"10,22 : 84.85"
"10,23 : 51.62"
"10,24 : 93.54"
"10,25 : 59.06"
"10,26 : 53.15"
"10,27 : 41.76"
"10,28 : 21.93"
"10,29 : 75.66"
"10,30 : 65.8"
"10,31 : 30.02"
"10,32 : 98.43"
"10,33 : 36.77"
"10,34 : 75.43"
"10,35 : 15.3"
"10,36 : 18.79"
"10,37 : 44.38"
"10,38 : 78.41"
"10,39 : 81.1"
"10,40 : 56.61"
"10,41 : 24.0"
"10,42 : 21.19"
"10,43 : 45.62"
"10,44 : 95.38"
"10,45 : 75.21"
"10,46 : 53.85"
"10,47 : 77.32"
"10,48 : 42.95"
"10,49 : 13.89"
"10,50 : 61.85"
"10,51 : 48.84"
"10,52 : 60.31"
"10,53 : 70.6"
"10,54 : 34.48"
"10,55 : 84.2"
"10,56 : 51.74"
"10,57 : 42.95"
"10,58 : 75.29"
"10,59 : 46.53"
"10,60 : 33.97"
"10,61 : 83.1"
"10,62 : 8.54"
"10,63 : 85.62"
"10,64 : 43.38"
"10,65 : 45.28"
"10,66 : 55.9"
"10,67 : 90.8"
"10,68 : 77.7"
"10,69 : 81.86"
"10,70 : 60.75"
"10,71 : 56.4"
"10,72 : 55.23"
"10,73 : 87.37"
"10,74 : 85.43"
"10,75 : 65.07"
"10,76 : 47.2"
"10,77 : 55.76"
"10,78 : 50.33"
"10,79 : 24.7"
"10,80 : 25.96"
"10,81 : 32.57"
"10,82 : 31.06"
"10,83 : 33.53"
"10,84 : 34.71"
"10,85 : 27.07"
"10,86 : 67.27"
"10,87 : 53.46"
"10,88 : 85.29"
"10,89 : 63.03"
"10,90 : 97.49"
"10,91 : 44.55"
"10,92 : 68.24"
"10,93 : 89.0"
"10,94 : 55.03"
"10,95 : 87.82"
"10,96 : 87.82"
"10,97 : 69.2"
"10,98 : 5.66"
"10,99 : 39.62"
"11,0 : 46.27"
"11,1 : 89.5"
"11,2 : 24.7"
"11,3 : 86.02"
"11,4 : 3.16"
"11,5 : 47.85"
"11,6 : 79.01"
"11,7 : 50.22"
"11,8 : 51.62"
"11,9 : 30.07"
"11,10 : 15.81"
"11,11 : 0.0"
"11,12 : 37.64"
"11,13 : 106.51"
"11,14 : 80.06"
"11,15 : 81.93"
"11,16 : 33.6"
"11,17 : 46.0"
"11,18 : 91.92"
"11,19 : 84.34"
"11,20 : 83.38"
"11,21 : 69.26"
"11,22 : 89.05"
"11,23 : 50.45"
"11,24 : 92.03"
"11,25 : 74.69"
"11,26 : 57.14"
"11,27 : 30.23"
"11,28 : 25.71"
"11,29 : 80.16"
"11,30 : 68.12"
"11,31 : 31.0"
"11,32 : 109.13"
"11,33 : 26.87"
"11,34 : 78.1"
"11,35 : 23.32"
"11,36 : 3.61"
"11,37 : 46.04"
"11,38 : 86.13"
"11,39 : 88.07"
"11,40 : 71.87"
"11,41 : 10.3"
"11,42 : 26.25"
"11,43 : 57.8"
"11,44 : 107.65"
"11,45 : 72.09"
"11,46 : 52.63"
"11,47 : 84.9"
"11,48 : 58.69"
"11,49 : 27.07"
"11,50 : 59.46"
"11,51 : 64.54"
"11,52 : 53.82"
"11,53 : 80.53"
"11,54 : 50.29"
"11,55 : 97.67"
"11,56 : 66.61"
"11,57 : 52.77"
"11,58 : 71.12"
"11,59 : 61.03"
"11,60 : 29.73"
"11,61 : 88.68"
"11,62 : 7.28"
"11,63 : 96.75"
"11,64 : 33.94"
"11,65 : 40.25"
"11,66 : 51.43"
"11,67 : 94.05"
"11,68 : 75.61"
"11,69 : 93.49"
"11,70 : 76.16"
"11,71 : 53.49"
"11,72 : 70.0"
"11,73 : 100.26"
"11,74 : 97.1"
"11,75 : 71.02"
"11,76 : 44.92"
"11,77 : 54.12"
"11,78 : 65.22"
"11,79 : 40.5"
"11,80 : 10.2"
"11,81 : 48.38"
"11,82 : 46.53"
"11,83 : 44.65"
"11,84 : 49.04"
"11,85 : 34.54"
"11,86 : 81.39"
"11,87 : 58.55"
"11,88 : 92.65"
"11,89 : 56.86"
"11,90 : 109.29"
"11,91 : 31.38"
"11,92 : 81.47"
"11,93 : 88.32"
"11,94 : 65.86"
"11,95 : 95.88"
"11,96 : 92.05"
"11,97 : 82.76"
"11,98 : 14.21"
"11,99 : 55.32"
"12,0 : 33.62"
"12,1 : 58.08"
"12,2 : 51.08"
"12,3 : 61.1"
"12,4 : 40.61"
"12,5 : 67.48"
"12,6 : 55.04"
"12,7 : 75.19"
"12,8 : 61.4"
"12,9 : 22.02"
"12,10 : 45.79"
"12,11 : 37.64"
"12,12 : 0.0"
"12,13 : 96.17"
"12,14 : 73.01"
"12,15 : 48.17"
"12,16 : 51.79"
"12,17 : 75.77"
"12,18 : 72.2"
"12,19 : 54.74"
"12,20 : 73.76"
"12,21 : 58.26"
"12,22 : 65.8"
"12,23 : 23.32"
"12,24 : 58.31"
"12,25 : 91.09"
"12,26 : 39.6"
"12,27 : 12.04"
"12,28 : 30.27"
"12,29 : 58.67"
"12,30 : 43.83"
"12,31 : 24.08"
"12,32 : 100.5"
"12,33 : 11.18"
"12,34 : 52.92"
"12,35 : 37.11"
"12,36 : 38.83"
"12,37 : 27.8"
"12,38 : 71.59"
"12,39 : 71.4"
"12,40 : 85.48"
"12,41 : 28.3"
"12,42 : 32.25"
"12,43 : 61.4"
"12,44 : 104.29"
"12,45 : 37.34"
"12,46 : 24.6"
"12,47 : 70.18"
"12,48 : 78.23"
"12,49 : 59.68"
"12,50 : 27.29"
"12,51 : 88.28"
"12,52 : 16.55"
"12,53 : 72.8"
"12,54 : 73.35"
"12,55 : 99.74"
"12,56 : 78.64"
"12,57 : 51.26"
"12,58 : 35.17"
"12,59 : 90.48"
"12,60 : 14.04"
"12,61 : 68.6"
"12,62 : 41.11"
"12,63 : 90.6"
"12,64 : 5.0"
"12,65 : 9.22"
"12,66 : 17.03"
"12,67 : 68.31"
"12,68 : 42.05"
"12,69 : 89.31"
"12,70 : 90.45"
"12,71 : 21.59"
"12,72 : 81.05"
"12,73 : 99.85"
"12,74 : 92.66"
"12,75 : 54.56"
"12,76 : 17.8"
"12,77 : 24.7"
"12,78 : 77.52"
"12,79 : 63.79"
"12,80 : 34.01"
"12,81 : 71.39"
"12,82 : 65.38"
"12,83 : 49.65"
"12,84 : 62.03"
"12,85 : 37.12"
"12,86 : 87.93"
"12,87 : 43.19"
"12,88 : 76.4"
"12,89 : 19.7"
"12,90 : 104.2"
"12,91 : 17.72"
"12,92 : 84.31"
"12,93 : 56.0"
"12,94 : 63.51"
"12,95 : 81.06"
"12,96 : 68.54"
"12,97 : 86.73"
"12,98 : 40.31"
"12,99 : 79.83"
"13,0 : 64.2"
"13,1 : 65.76"
"13,2 : 90.47"
"13,3 : 47.3"
"13,4 : 108.85"
"13,5 : 76.01"
"13,6 : 48.47"
"13,7 : 86.15"
"13,8 : 61.4"
"13,9 : 81.27"
"13,10 : 96.46"
"13,11 : 106.51"
"13,12 : 96.17"
"13,13 : 0.0"
"13,14 : 26.57"
"13,15 : 74.73"
"13,16 : 78.85"
"13,17 : 97.02"
"13,18 : 31.58"
"13,19 : 60.64"
"13,20 : 23.32"
"13,21 : 38.6"
"13,22 : 41.77"
"13,23 : 73.76"
"13,24 : 74.67"
"13,25 : 68.01"
"13,26 : 56.57"
"13,27 : 105.65"
"13,28 : 81.41"
"13,29 : 42.54"
"13,30 : 56.08"
"13,31 : 79.32"
"13,32 : 6.0"
"13,33 : 100.26"
"13,34 : 51.62"
"13,35 : 83.38"
"13,36 : 110.07"
"13,37 : 68.68"
"13,38 : 25.24"
"13,39 : 27.31"
"13,40 : 61.4"
"13,41 : 106.17"
"13,42 : 80.5"
"13,43 : 51.79"
"13,44 : 20.12"
"13,45 : 79.31"
"13,46 : 73.25"
"13,47 : 26.63"
"13,48 : 74.67"
"13,49 : 100.45"
"13,50 : 76.01"
"13,51 : 85.15"
"13,52 : 91.84"
"13,53 : 26.0"
"13,54 : 82.1"
"13,55 : 33.3"
"13,56 : 58.86"
"13,57 : 53.85"
"13,58 : 84.17"
"13,59 : 100.45"
"13,60 : 87.62"
"13,61 : 34.21"
"13,62 : 101.95"
"13,63 : 13.6"
"13,64 : 99.76"
"13,65 : 86.98"
"13,66 : 84.2"
"13,67 : 47.1"
"13,68 : 74.67"
"13,69 : 18.97"
"13,70 : 62.97"
"13,71 : 78.6"
"13,72 : 56.29"
"13,73 : 26.87"
"13,74 : 17.0"
"13,75 : 41.87"
"13,76 : 78.52"
"13,77 : 74.2"
"13,78 : 59.68"
"13,79 : 83.22"
"13,80 : 112.77"
"13,81 : 82.02"
"13,82 : 75.06"
"13,83 : 62.94"
"13,84 : 66.27"
"13,85 : 72.01"
"13,86 : 44.94"
"13,87 : 53.08"
"13,88 : 23.09"
"13,89 : 90.97"
"13,90 : 15.81"
"13,91 : 112.04"
"13,92 : 37.36"
"13,93 : 69.05"
"13,94 : 41.48"
"13,95 : 17.72"
"13,96 : 41.3"
"13,97 : 39.22"
"13,98 : 93.98"
"13,99 : 85.59"
"14,0 : 39.7"
"14,1 : 57.97"
"14,2 : 64.13"
"14,3 : 39.56"
"14,4 : 82.35"
"14,5 : 51.62"
"14,6 : 36.67"
"14,7 : 62.59"
"14,8 : 36.06"
"14,9 : 55.97"
"14,10 : 69.92"
"14,11 : 80.06"
"14,12 : 73.01"
"14,13 : 26.57"
"14,14 : 0.0"
"14,15 : 63.2"
"14,16 : 52.61"
"14,17 : 72.84"
"14,18 : 29.07"
"14,19 : 51.2"
"14,20 : 5.83"
"14,21 : 15.23"
"14,22 : 36.24"
"14,23 : 52.33"
"14,24 : 66.71"
"14,25 : 50.45"
"14,26 : 34.44"
"14,27 : 81.39"
"14,28 : 55.23"
"14,29 : 31.05"
"14,30 : 39.2"
"14,31 : 53.91"
"14,32 : 29.15"
"14,33 : 75.66"
"14,34 : 39.46"
"14,35 : 56.86"
"14,36 : 83.63"
"14,37 : 45.22"
"14,38 : 16.28"
"14,39 : 21.26"
"14,40 : 42.8"
"14,41 : 80.16"
"14,42 : 54.2"
"14,43 : 26.0"
"14,44 : 31.38"
"14,45 : 64.28"
"14,46 : 52.39"
"14,47 : 16.4"
"14,48 : 52.55"
"14,49 : 74.43"
"14,50 : 57.28"
"14,51 : 64.4"
"14,52 : 71.69"
"14,53 : 1.41"
"14,54 : 58.46"
"14,55 : 31.0"
"14,56 : 38.08"
"14,57 : 27.31"
"14,58 : 68.59"
"14,59 : 78.43"
"14,60 : 62.94"
"14,61 : 28.84"
"14,62 : 75.39"
"14,63 : 17.69"
"14,64 : 76.06"
"14,65 : 64.07"
"14,66 : 63.56"
"14,67 : 43.91"
"14,68 : 61.01"
"14,69 : 16.55"
"14,70 : 46.01"
"14,71 : 58.31"
"14,72 : 36.62"
"14,73 : 28.64"
"14,74 : 19.72"
"14,75 : 23.09"
"14,76 : 56.08"
"14,77 : 53.85"
"14,78 : 38.47"
"14,79 : 58.08"
"14,80 : 86.61"
"14,81 : 58.05"
"14,82 : 50.36"
"14,83 : 36.4"
"14,84 : 41.11"
"14,85 : 45.65"
"14,86 : 30.23"
"14,87 : 30.41"
"14,88 : 22.2"
"14,89 : 71.51"
"14,90 : 31.24"
"14,91 : 87.73"
"14,92 : 21.95"
"14,93 : 60.42"
"14,94 : 15.13"
"14,95 : 21.54"
"14,96 : 37.74"
"14,97 : 25.06"
"14,98 : 67.42"
"14,99 : 62.94"
"15,0 : 45.28"
"15,1 : 12.21"
"15,2 : 85.0"
"15,3 : 27.51"
"15,4 : 85.09"
"15,5 : 90.43"
"15,6 : 27.07"
"15,7 : 101.41"
"15,8 : 76.85"
"15,9 : 53.71"
"15,10 : 83.86"
"15,11 : 81.93"
"15,12 : 48.17"
"15,13 : 74.73"
"15,14 : 63.2"
"15,15 : 0.0"
"15,16 : 79.21"
"15,17 : 106.79"
"15,18 : 43.32"
"15,19 : 14.32"
"15,20 : 60.0"
"15,21 : 50.22"
"15,22 : 33.24"
"15,23 : 32.25"
"15,24 : 10.2"
"15,25 : 104.69"
"15,26 : 37.74"
"15,27 : 60.07"
"15,28 : 62.13"
"15,29 : 33.14"
"15,30 : 25.63"
"15,31 : 53.85"
"15,32 : 80.52"
"15,33 : 58.69"
"15,34 : 24.02"
"15,35 : 69.63"
"15,36 : 84.12"
"15,37 : 40.46"
"15,38 : 51.35"
"15,39 : 47.85"
"15,40 : 97.17"
"15,41 : 74.46"
"15,42 : 63.25"
"15,43 : 70.21"
"15,44 : 90.67"
"15,45 : 11.05"
"15,46 : 30.02"
"15,47 : 50.25"
"15,48 : 98.18"
"15,49 : 96.26"
"15,50 : 22.47"
"15,51 : 110.68"
"15,52 : 33.14"
"15,53 : 62.13"
"15,54 : 98.08"
"15,55 : 94.13"
"15,56 : 90.38"
"15,57 : 60.03"
"15,58 : 14.87"
"15,59 : 119.0"
"15,60 : 52.2"
"15,61 : 40.52"
"15,62 : 82.76"
"15,63 : 76.32"
"15,64 : 53.15"
"15,65 : 42.2"
"15,66 : 31.4"
"15,67 : 30.23"
"15,68 : 6.32"
"15,69 : 78.03"
"15,70 : 101.77"
"15,71 : 28.46"
"15,72 : 91.0"
"15,73 : 91.01"
"15,74 : 80.16"
"15,75 : 40.61"
"15,76 : 37.16"
"15,77 : 28.18"
"15,78 : 89.9"
"15,79 : 91.24"
"15,80 : 81.02"
"15,81 : 96.54"
"15,82 : 88.24"
"15,83 : 66.4"
"15,84 : 80.45"
"15,85 : 60.88"
"15,86 : 90.71"
"15,87 : 40.71"
"15,88 : 51.66"
"15,89 : 30.27"
"15,90 : 88.28"
"15,91 : 65.01"
"15,92 : 83.55"
"15,93 : 8.94"
"15,94 : 64.2"
"15,95 : 57.01"
"15,96 : 34.44"
"15,97 : 86.68"
"15,98 : 78.39"
"15,99 : 104.64"
"16,0 : 34.06"
"16,1 : 82.42"
"16,2 : 11.7"
"16,3 : 72.09"
"16,4 : 34.71"
"16,5 : 16.03"
"16,6 : 65.31"
"16,7 : 23.77"
"16,8 : 18.87"
"16,9 : 30.68"
"16,10 : 19.21"
"16,11 : 33.6"
"16,12 : 51.79"
"16,13 : 78.85"
"16,14 : 52.61"
"16,15 : 79.21"
"16,16 : 0.0"
"16,17 : 27.59"
"16,18 : 72.37"
"16,19 : 75.72"
"16,20 : 57.22"
"16,21 : 46.39"
"16,22 : 73.05"
"16,23 : 48.6"
"16,24 : 87.97"
"16,25 : 42.06"
"16,26 : 43.57"
"16,27 : 52.09"
"16,28 : 21.59"
"16,29 : 63.91"
"16,30 : 57.14"
"16,31 : 29.15"
"16,32 : 80.36"
"16,33 : 46.01"
"16,34 : 65.76"
"16,35 : 15.0"
"16,36 : 37.01"
"16,37 : 38.95"
"16,38 : 63.13"
"16,39 : 66.48"
"16,40 : 38.47"
"16,41 : 39.0"
"16,42 : 19.65"
"16,43 : 27.2"
"16,44 : 76.48"
"16,45 : 72.47"
"16,46 : 50.61"
"16,47 : 62.2"
"16,48 : 27.17"
"16,49 : 22.0"
"16,50 : 59.2"
"16,51 : 36.5"
"16,52 : 62.77"
"16,53 : 53.46"
"16,54 : 21.59"
"16,55 : 65.0"
"16,56 : 33.02"
"16,57 : 27.17"
"16,58 : 73.82"
"16,59 : 40.5"
"16,60 : 37.85"
"16,61 : 69.86"
"16,62 : 26.91"
"16,63 : 67.36"
"16,64 : 51.16"
"16,65 : 47.76"
"16,66 : 56.36"
"16,67 : 79.85"
"16,68 : 73.55"
"16,69 : 63.32"
"16,70 : 42.95"
"16,71 : 54.92"
"16,72 : 36.4"
"16,73 : 68.26"
"16,74 : 66.85"
"16,75 : 52.2"
"16,76 : 46.14"
"16,77 : 52.8"
"16,78 : 31.62"
"16,79 : 12.53"
"16,80 : 43.05"
"16,81 : 19.65"
"16,82 : 14.14"
"16,83 : 17.12"
"16,84 : 15.56"
"16,85 : 18.44"
"16,86 : 48.1"
"16,87 : 42.49"
"16,88 : 70.18"
"16,89 : 64.88"
"16,90 : 78.79"
"16,91 : 56.57"
"16,92 : 49.09"
"16,93 : 82.62"
"16,94 : 37.48"
"16,95 : 72.0"
"16,96 : 75.89"
"16,97 : 50.0"
"16,98 : 19.42"
"16,99 : 28.16"
"17,0 : 61.62"
"17,1 : 109.81"
"17,2 : 24.7"
"17,3 : 98.49"
"17,4 : 45.1"
"17,5 : 21.21"
"17,6 : 91.92"
"17,7 : 11.4"
"17,8 : 37.11"
"17,9 : 56.6"
"17,10 : 31.4"
"17,11 : 46.0"
"17,12 : 75.77"
"17,13 : 97.02"
"17,14 : 72.84"
"17,15 : 106.79"
"17,16 : 27.59"
"17,17 : 0.0"
"17,18 : 96.8"
"17,19 : 103.0"
"17,20 : 78.26"
"17,21 : 70.58"
"17,22 : 98.84"
"17,23 : 75.93"
"17,24 : 115.52"
"17,25 : 39.12"
"17,26 : 70.8"
"17,27 : 73.01"
"17,28 : 47.17"
"17,29 : 89.89"
"17,30 : 84.4"
"17,31 : 55.47"
"17,32 : 97.08"
"17,33 : 67.72"
"17,34 : 92.65"
"17,35 : 39.45"
"17,36 : 48.09"
"17,37 : 66.48"
"17,38 : 86.13"
"17,39 : 90.14"
"17,40 : 40.85"
"17,41 : 55.23"
"17,42 : 45.49"
"17,43 : 47.3"
"17,44 : 89.44"
"17,45 : 99.9"
"17,46 : 77.99"
"17,47 : 85.44"
"17,48 : 24.35"
"17,49 : 19.1"
"17,50 : 86.56"
"17,51 : 22.02"
"17,52 : 88.68"
"17,53 : 73.98"
"17,54 : 15.13"
"17,55 : 74.73"
"17,56 : 39.81"
"17,57 : 51.89"
"17,58 : 101.04"
"17,59 : 15.13"
"17,60 : 62.61"
"17,61 : 94.7"
"17,62 : 39.05"
"17,63 : 84.02"
"17,64 : 74.0"
"17,65 : 73.43"
"17,66 : 82.93"
"17,67 : 106.0"
"17,68 : 101.12"
"17,69 : 79.1"
"17,70 : 42.94"
"17,71 : 82.01"
"17,72 : 43.17"
"17,73 : 79.83"
"17,74 : 82.22"
"17,75 : 77.82"
"17,76 : 73.01"
"17,77 : 80.16"
"17,78 : 38.64"
"17,79 : 16.12"
"17,80 : 56.04"
"17,81 : 15.0"
"17,82 : 22.56"
"17,83 : 42.54"
"17,84 : 32.02"
"17,85 : 45.97"
"17,86 : 56.75"
"17,87 : 69.34"
"17,88 : 93.15"
"17,89 : 91.07"
"17,90 : 92.91"
"17,91 : 75.95"
"17,92 : 61.52"
"17,93 : 110.11"
"17,94 : 58.46"
"17,95 : 93.94"
"17,96 : 101.55"
"17,97 : 61.0"
"17,98 : 36.14"
"17,99 : 14.42"
"18,0 : 45.71"
"18,1 : 34.23"
"18,2 : 82.61"
"18,3 : 15.81"
"18,4 : 94.76"
"18,5 : 76.16"
"18,6 : 18.44"
"18,7 : 87.73"
"18,8 : 60.01"
"18,9 : 62.82"
"18,10 : 86.02"
"18,11 : 91.92"
"18,12 : 72.2"
"18,13 : 31.58"
"18,14 : 29.07"
"18,15 : 43.32"
"18,16 : 72.37"
"18,17 : 96.8"
"18,18 : 0.0"
"18,19 : 29.12"
"18,20 : 23.6"
"18,21 : 26.25"
"18,22 : 10.2"
"18,23 : 48.88"
"18,24 : 43.19"
"18,25 : 79.25"
"18,26 : 35.17"
"18,27 : 83.19"
"18,28 : 66.37"
"18,29 : 13.6"
"18,30 : 28.6"
"18,31 : 61.39"
"18,32 : 37.48"
"18,33 : 78.79"
"18,34 : 21.4"
"18,35 : 71.01"
"18,36 : 95.19"
"18,37 : 47.43"
"18,38 : 12.81"
"18,39 : 7.81"
"18,40 : 71.51"
"18,41 : 88.77"
"18,42 : 66.19"
"18,43 : 50.09"
"18,44 : 49.09"
"18,45 : 48.88"
"18,46 : 47.71"
"18,47 : 12.73"
"18,48 : 79.4"
"18,49 : 94.05"
"18,50 : 48.1"
"18,51 : 91.81"
"18,52 : 64.38"
"18,53 : 27.66"
"18,54 : 83.67"
"18,55 : 56.3"
"18,56 : 66.22"
"18,57 : 45.35"
"18,58 : 53.85"
"18,59 : 104.66"
"18,60 : 67.07"
"18,61 : 3.61"
"18,62 : 89.2"
"18,63 : 35.69"
"18,64 : 76.54"
"18,65 : 63.13"
"18,66 : 57.63"
"18,67 : 16.28"
"18,68 : 43.83"
"18,69 : 38.9"
"18,70 : 74.95"
"18,71 : 52.01"
"18,72 : 65.19"
"18,73 : 51.66"
"18,74 : 40.02"
"18,75 : 21.02"
"18,76 : 54.59"
"18,77 : 48.01"
"18,78 : 66.4"
"18,79 : 80.96"
"18,80 : 95.8"
"18,81 : 82.86"
"18,82 : 74.46"
"18,83 : 55.32"
"18,84 : 65.0"
"18,85 : 59.0"
"18,86 : 59.2"
"18,87 : 33.38"
"18,88 : 9.06"
"18,89 : 62.94"
"18,90 : 46.01"
"18,91 : 89.47"
"18,92 : 50.8"
"18,93 : 37.48"
"18,94 : 39.45"
"18,95 : 14.04"
"18,96 : 10.05"
"18,97 : 53.82"
"18,98 : 82.02"
"18,99 : 89.01"
"19,0 : 42.06"
"19,1 : 7.21"
"19,2 : 83.19"
"19,3 : 13.34"
"19,4 : 87.48"
"19,5 : 84.9"
"19,6 : 14.56"
"19,7 : 96.33"
"19,8 : 70.09"
"19,9 : 54.57"
"19,10 : 83.57"
"19,11 : 84.34"
"19,12 : 54.74"
"19,13 : 60.64"
"19,14 : 51.2"
"19,15 : 14.32"
"19,16 : 75.72"
"19,17 : 103.0"
"19,18 : 29.12"
"19,19 : 0.0"
"19,20 : 47.38"
"19,21 : 39.81"
"19,22 : 18.97"
"19,23 : 34.13"
"19,24 : 15.52"
"19,25 : 96.04"
"19,26 : 32.2"
"19,27 : 66.75"
"19,28 : 61.68"
"19,29 : 20.22"
"19,30 : 18.6"
"19,31 : 54.12"
"19,32 : 66.49"
"19,33 : 64.12"
"19,34 : 12.08"
"19,35 : 68.54"
"19,36 : 86.98"
"19,37 : 39.22"
"19,38 : 38.0"
"19,39 : 34.13"
"19,40 : 88.32"
"19,41 : 78.23"
"19,42 : 62.39"
"19,43 : 62.2"
"19,44 : 77.16"
"19,45 : 22.02"
"19,46 : 32.06"
"19,47 : 37.01"
"19,48 : 91.44"
"19,49 : 94.81"
"19,50 : 27.46"
"19,51 : 104.14"
"19,52 : 42.15"
"19,53 : 50.01"
"19,54 : 92.7"
"19,55 : 81.74"
"19,56 : 81.84"
"19,57 : 53.08"
"19,58 : 26.91"
"19,59 : 114.02"
"19,60 : 55.23"
"19,61 : 26.48"
"19,62 : 83.93"
"19,63 : 63.01"
"19,64 : 59.68"
"19,65 : 47.1"
"19,66 : 37.85"
"19,67 : 16.28"
"19,68 : 16.28"
"19,69 : 65.12"
"19,70 : 92.66"
"19,71 : 33.24"
"19,72 : 81.99"
"19,73 : 78.16"
"19,74 : 67.01"
"19,75 : 29.97"
"19,76 : 40.05"
"19,77 : 31.0"
"19,78 : 81.54"
"19,79 : 87.01"
"19,80 : 85.15"
"19,81 : 91.35"
"19,82 : 82.81"
"19,83 : 60.96"
"19,84 : 74.25"
"19,85 : 58.18"
"19,86 : 80.06"
"19,87 : 33.97"
"19,88 : 37.66"
"19,89 : 39.81"
"19,90 : 74.55"
"19,91 : 72.37"
"19,92 : 72.42"
"19,93 : 9.22"
"19,94 : 54.59"
"19,95 : 42.95"
"19,96 : 20.12"
"19,97 : 75.58"
"19,98 : 78.43"
"19,99 : 99.01"
"20,0 : 41.11"
"20,1 : 53.94"
"20,2 : 68.59"
"20,3 : 35.17"
"20,4 : 85.8"
"20,5 : 57.07"
"20,6 : 33.06"
"20,7 : 68.15"
"20,8 : 41.3"
"20,9 : 58.01"
"20,10 : 73.98"
"20,11 : 83.38"
"20,12 : 73.76"
"20,13 : 23.32"
"20,14 : 5.83"
"20,15 : 60.0"
"20,16 : 57.22"
"20,17 : 78.26"
"20,18 : 23.6"
"20,19 : 47.38"
"20,20 : 0.0"
"20,21 : 15.56"
"20,22 : 31.38"
"20,23 : 52.15"
"20,24 : 62.8"
"20,25 : 56.22"
"20,26 : 34.41"
"20,27 : 82.76"
"20,28 : 58.14"
"20,29 : 27.17"
"20,30 : 37.11"
"20,31 : 56.04"
"20,32 : 26.91"
"20,33 : 77.23"
"20,34 : 36.01"
"20,35 : 60.41"
"20,36 : 86.93"
"20,37 : 46.01"
"20,38 : 10.82"
"20,39 : 15.81"
"20,40 : 48.6"
"20,41 : 82.86"
"20,42 : 57.27"
"20,43 : 31.14"
"20,44 : 31.95"
"20,45 : 61.98"
"20,46 : 51.97"
"20,47 : 11.18"
"20,48 : 58.31"
"20,49 : 79.16"
"20,50 : 56.08"
"20,51 : 70.21"
"20,52 : 71.12"
"20,53 : 4.47"
"20,54 : 64.03"
"20,55 : 34.37"
"20,56 : 43.91"
"20,57 : 31.05"
"20,58 : 66.49"
"20,59 : 84.15"
"20,60 : 64.54"
"20,61 : 23.71"
"20,62 : 79.06"
"20,63 : 17.46"
"20,64 : 77.1"
"20,65 : 64.66"
"20,66 : 63.13"
"20,67 : 38.91"
"20,68 : 58.31"
"20,69 : 18.11"
"20,70 : 51.74"
"20,71 : 57.71"
"20,72 : 42.44"
"20,73 : 31.02"
"20,74 : 20.62"
"20,75 : 21.19"
"20,76 : 56.4"
"20,77 : 53.24"
"20,78 : 44.29"
"20,79 : 63.29"
"20,80 : 89.47"
"20,81 : 63.56"
"20,82 : 55.73"
"20,83 : 40.61"
"20,84 : 46.39"
"20,85 : 48.85"
"20,86 : 35.61"
"20,87 : 30.61"
"20,88 : 16.4"
"20,89 : 70.68"
"20,90 : 30.89"
"20,91 : 89.14"
"20,92 : 27.2"
"20,93 : 56.57"
"20,94 : 20.02"
"20,95 : 15.81"
"20,96 : 32.65"
"20,97 : 30.23"
"20,98 : 71.17"
"20,99 : 68.62"
"21,0 : 25.61"
"21,1 : 46.96"
"21,2 : 57.04"
"21,3 : 30.48"
"21,4 : 71.84"
"21,5 : 50.09"
"21,6 : 25.55"
"21,7 : 61.72"
"21,8 : 34.0"
"21,9 : 42.72"
"21,10 : 61.29"
"21,11 : 69.26"
"21,12 : 58.26"
"21,13 : 38.6"
"21,14 : 15.23"
"21,15 : 50.22"
"21,16 : 46.39"
"21,17 : 70.58"
"21,18 : 26.25"
"21,19 : 39.81"
"21,20 : 15.56"
"21,21 : 0.0"
"21,22 : 29.21"
"21,23 : 37.12"
"21,24 : 55.15"
"21,25 : 56.61"
"21,26 : 19.24"
"21,27 : 67.21"
"21,28 : 43.66"
"21,29 : 21.26"
"21,30 : 25.08"
"21,31 : 40.82"
"21,32 : 42.45"
"21,33 : 61.72"
"21,34 : 27.73"
"21,35 : 46.87"
"21,36 : 72.73"
"21,37 : 30.48"
"21,38 : 17.12"
"21,39 : 20.1"
"21,40 : 48.83"
"21,41 : 67.98"
"21,42 : 43.01"
"21,43 : 24.41"
"21,44 : 46.53"
"21,45 : 50.0"
"21,46 : 37.16"
"21,47 : 16.03"
"21,48 : 54.2"
"21,49 : 68.26"
"21,50 : 42.2"
"21,51 : 66.84"
"21,52 : 56.46"
"21,53 : 14.76"
"21,54 : 57.71"
"21,55 : 45.4"
"21,56 : 42.64"
"21,57 : 19.24"
"21,58 : 54.08"
"21,59 : 78.89"
"21,60 : 49.04"
"21,61 : 24.17"
"21,62 : 65.51"
"21,63 : 32.45"
"21,64 : 61.55"
"21,65 : 49.2"
"21,66 : 48.33"
"21,67 : 36.88"
"21,68 : 47.27"
"21,69 : 31.78"
"21,70 : 53.0"
"21,71 : 43.08"
"21,72 : 42.44"
"21,73 : 43.68"
"21,74 : 34.89"
"21,75 : 9.85"
"21,76 : 41.05"
"21,77 : 38.63"
"21,78 : 42.52"
"21,79 : 54.71"
"21,80 : 74.73"
"21,81 : 56.8"
"21,82 : 48.33"
"21,83 : 29.27"
"21,84 : 38.91"
"21,85 : 34.93"
"21,86 : 40.52"
"21,87 : 15.26"
"21,88 : 24.02"
"21,89 : 56.3"
"21,90 : 46.04"
"21,91 : 73.59"
"21,92 : 33.38"
"21,93 : 48.85"
"21,94 : 15.0"
"21,95 : 26.68"
"21,96 : 31.62"
"21,97 : 36.5"
"21,98 : 57.87"
"21,99 : 63.29"
"22,0 : 43.05"
"22,1 : 24.08"
"22,2 : 82.46"
"22,3 : 5.83"
"22,4 : 92.02"
"22,5 : 78.89"
"22,6 : 10.77"
"22,7 : 90.55"
"22,8 : 62.97"
"22,9 : 59.21"
"22,10 : 84.85"
"22,11 : 89.05"
"22,12 : 65.8"
"22,13 : 41.77"
"22,14 : 36.24"
"22,15 : 33.24"
"22,16 : 73.05"
"22,17 : 98.84"
"22,18 : 10.2"
"22,19 : 18.97"
"22,20 : 31.38"
"22,21 : 29.21"
"22,22 : 0.0"
"22,23 : 42.72"
"22,24 : 33.06"
"22,25 : 85.04"
"22,26 : 32.02"
"22,27 : 77.25"
"22,28 : 64.07"
"22,29 : 9.22"
"22,30 : 22.14"
"22,31 : 58.08"
"22,32 : 47.68"
"22,33 : 73.38"
"22,34 : 13.04"
"22,35 : 69.58"
"22,36 : 92.14"
"22,37 : 43.29"
"22,38 : 20.88"
"22,39 : 16.28"
"22,40 : 77.23"
"22,41 : 84.85"
"22,42 : 64.2"
"22,43 : 53.6"
"22,44 : 59.01"
"22,45 : 39.41"
"22,46 : 41.23"
"22,47 : 20.25"
"22,48 : 83.41"
"22,49 : 94.11"
"22,50 : 40.22"
"22,51 : 96.05"
"22,52 : 56.4"
"22,53 : 34.89"
"22,54 : 86.61"
"22,55 : 65.25"
"22,56 : 71.42"
"22,57 : 46.96"
"22,58 : 44.41"
"22,59 : 107.91"
"22,60 : 62.37"
"22,61 : 8.06"
"22,62 : 87.09"
"22,63 : 45.28"
"22,64 : 70.38"
"22,65 : 57.01"
"22,66 : 50.25"
"22,67 : 7.81"
"22,68 : 34.13"
"22,69 : 48.05"
"22,70 : 81.06"
"22,71 : 44.78"
"22,72 : 70.84"
"22,73 : 61.0"
"22,74 : 49.5"
"22,75 : 21.02"
"22,76 : 48.7"
"22,77 : 41.15"
"22,78 : 71.42"
"22,79 : 82.76"
"22,80 : 91.92"
"22,81 : 85.59"
"22,82 : 77.03"
"22,83 : 56.46"
"22,84 : 67.74"
"22,85 : 57.87"
"22,86 : 66.37"
"22,87 : 31.4"
"22,88 : 19.03"
"22,89 : 54.67"
"22,90 : 56.08"
"22,91 : 83.38"
"22,92 : 58.18"
"22,93 : 27.29"
"22,94 : 43.86"
"22,95 : 24.19"
"22,96 : 3.0"
"22,97 : 61.29"
"22,98 : 80.4"
"22,99 : 92.36"
"23,0 : 17.26"
"23,1 : 39.05"
"23,2 : 53.15"
"23,3 : 38.33"
"23,4 : 53.6"
"23,5 : 61.72"
"23,6 : 31.95"
"23,7 : 71.87"
"23,8 : 50.7"
"23,9 : 21.47"
"23,10 : 51.62"
"23,11 : 50.45"
"23,12 : 23.32"
"23,13 : 73.76"
"23,14 : 52.33"
"23,15 : 32.25"
"23,16 : 48.6"
"23,17 : 75.93"
"23,18 : 48.88"
"23,19 : 34.13"
"23,20 : 52.15"
"23,21 : 37.12"
"23,22 : 42.72"
"23,23 : 0.0"
"23,24 : 42.05"
"23,25 : 80.6"
"23,26 : 17.89"
"23,27 : 34.54"
"23,28 : 30.0"
"23,29 : 35.36"
"23,30 : 20.62"
"23,31 : 21.63"
"23,32 : 78.41"
"23,33 : 30.81"
"23,34 : 30.08"
"23,35 : 37.64"
"23,36 : 52.95"
"23,37 : 10.44"
"23,38 : 48.8"
"23,39 : 48.27"
"23,40 : 73.82"
"23,41 : 44.1"
"23,42 : 31.24"
"23,43 : 47.1"
"23,44 : 83.65"
"23,45 : 24.04"
"23,46 : 2.24"
"23,47 : 47.38"
"23,48 : 70.94"
"23,49 : 64.2"
"23,50 : 10.63"
"23,51 : 82.76"
"23,52 : 19.65"
"23,53 : 51.88"
"23,54 : 68.96"
"23,55 : 81.32"
"23,56 : 66.75"
"23,57 : 36.06"
"23,58 : 25.24"
"23,59 : 89.05"
"23,60 : 21.1"
"23,61 : 45.28"
"23,62 : 50.7"
"23,63 : 69.46"
"23,64 : 27.73"
"23,65 : 14.32"
"23,66 : 11.4"
"23,67 : 45.89"
"23,68 : 26.08"
"23,69 : 68.88"
"23,70 : 78.77"
"23,71 : 7.07"
"23,72 : 68.36"
"23,73 : 80.41"
"23,74 : 72.01"
"23,75 : 31.89"
"23,76 : 6.08"
"23,77 : 4.24"
"23,78 : 65.92"
"23,79 : 61.03"
"23,80 : 51.04"
"23,81 : 67.23"
"23,82 : 59.48"
"23,83 : 38.9"
"23,84 : 53.14"
"23,85 : 30.23"
"23,86 : 72.25"
"23,87 : 21.93"
"23,88 : 53.26"
"23,89 : 20.1"
"23,90 : 83.01"
"23,91 : 40.72"
"23,92 : 67.08"
"23,93 : 37.95"
"23,94 : 45.71"
"23,95 : 58.05"
"23,96 : 45.54"
"23,97 : 69.87"
"23,98 : 46.14"
"23,99 : 75.66"
"24,0 : 53.91"
"24,1 : 9.0"
"24,2 : 94.3"
"24,3 : 28.02"
"24,4 : 95.19"
"24,5 : 98.41"
"24,6 : 30.08"
"24,7 : 109.62"
"24,8 : 84.2"
"24,9 : 63.51"
"24,10 : 93.54"
"24,11 : 92.03"
"24,12 : 58.31"
"24,13 : 74.67"
"24,14 : 66.71"
"24,15 : 10.2"
"24,16 : 87.97"
"24,17 : 115.52"
"24,18 : 43.19"
"24,19 : 15.52"
"24,20 : 62.8"
"24,21 : 55.15"
"24,22 : 33.06"
"24,23 : 42.05"
"24,24 : 0.0"
"24,25 : 111.02"
"24,26 : 45.34"
"24,27 : 70.18"
"24,28 : 71.69"
"24,29 : 35.69"
"24,30 : 32.2"
"24,31 : 63.53"
"24,32 : 80.62"
"24,33 : 68.88"
"24,34 : 27.51"
"24,35 : 79.08"
"24,36 : 94.25"
"24,37 : 49.65"
"24,38 : 53.15"
"24,39 : 49.01"
"24,40 : 103.35"
"24,41 : 84.65"
"24,42 : 72.72"
"24,43 : 76.85"
"24,44 : 92.01"
"24,45 : 21.02"
"24,46 : 39.81"
"24,47 : 52.24"
"24,48 : 105.6"
"24,49 : 105.69"
"24,50 : 32.57"
"24,51 : 118.23"
"24,52 : 43.01"
"24,53 : 65.51"
"24,54 : 106.15"
"24,55 : 97.16"
"24,56 : 96.75"
"24,57 : 67.2"
"24,58 : 24.19"
"24,59 : 127.29"
"24,60 : 62.3"
"24,61 : 41.01"
"24,62 : 92.7"
"24,63 : 78.06"
"24,64 : 63.29"
"24,65 : 52.39"
"24,66 : 41.59"
"24,67 : 27.89"
"24,68 : 16.49"
"24,69 : 80.4"
"24,70 : 107.78"
"24,71 : 38.6"
"24,72 : 97.06"
"24,73 : 93.43"
"24,74 : 82.15"
"24,75 : 45.31"
"24,76 : 47.17"
"24,77 : 38.08"
"24,78 : 96.38"
"24,79 : 99.76"
"24,80 : 91.22"
"24,81 : 104.69"
"24,82 : 96.26"
"24,83 : 74.33"
"24,84 : 88.09"
"24,85 : 69.81"
"24,86 : 95.52"
"24,87 : 47.8"
"24,88 : 52.09"
"24,89 : 40.05"
"24,90 : 89.14"
"24,91 : 75.01"
"24,92 : 87.93"
"24,93 : 6.32"
"24,94 : 69.78"
"24,95 : 57.22"
"24,96 : 33.38"
"24,97 : 91.09"
"24,98 : 88.12"
"24,99 : 112.61"
"25,0 : 63.35"
"25,1 : 103.25"
"25,2 : 50.12"
"25,3 : 87.01"
"25,4 : 75.18"
"25,5 : 26.83"
"25,6 : 82.1"
"25,7 : 28.43"
"25,8 : 30.15"
"25,9 : 69.07"
"25,10 : 59.06"
"25,11 : 74.69"
"25,12 : 91.09"
"25,13 : 68.01"
"25,14 : 50.45"
"25,15 : 104.69"
"25,16 : 42.06"
"25,17 : 39.12"
"25,18 : 79.25"
"25,19 : 96.04"
"25,20 : 56.22"
"25,21 : 56.61"
"25,22 : 85.04"
"25,23 : 80.6"
"25,24 : 111.02"
"25,25 : 0.0"
"25,26 : 67.42"
"25,27 : 93.38"
"25,28 : 61.52"
"25,29 : 77.8"
"25,30 : 79.16"
"25,31 : 67.03"
"25,32 : 66.22"
"25,33 : 87.13"
"25,34 : 84.06"
"25,35 : 56.52"
"25,36 : 77.83"
"25,37 : 70.21"
"25,38 : 66.6"
"25,39 : 71.51"
"25,40 : 7.81"
"25,41 : 80.99"
"25,42 : 59.54"
"25,43 : 34.54"
"25,44 : 55.23"
"25,45 : 101.51"
"25,46 : 82.0"
"25,47 : 66.53"
"25,48 : 16.4"
"25,49 : 53.15"
"25,50 : 89.99"
"25,51 : 19.42"
"25,52 : 98.62"
"25,53 : 51.86"
"25,54 : 26.17"
"25,55 : 39.01"
"25,56 : 14.32"
"25,57 : 45.22"
"25,58 : 104.4"
"25,59 : 35.51"
"25,60 : 77.16"
"25,61 : 78.49"
"25,62 : 67.54"
"25,63 : 54.42"
"25,64 : 91.44"
"25,65 : 85.05"
"25,66 : 90.93"
