x,y
32,0
39,39
78,5
91,89
71,6
87,16
56,54
12,59
83,69
94,9
46,96
33,27
23,82
34,39
25,3
100,0
52,99
98,75
98,30
7,67
54,89
33,10
8,42
16,3
10,19
36,11
15,22
61,89
55,48
53,26
98,51
23,44
50,100
4,0
78,57
19,40
98,50
34,87
53,78
8,88
48,47
77,100
28,47
76,56
59,36
40,56
23,19
27,1
36,5
38,66
30,18
42,18
90,78
23,60
47,41
91,94
97,19
44,90
47,20
24,35
4,3
86,24
11,24
69,36
84,47
90,83
47,69
65,54
3,24
98,45
84,99
64,85
41,90
54,31
23,80
68,84
79,27
2,56
3,68
89,6
42,38
32,65
32,91
31,99
39,57
87,3
52,62
64,50
99,20
42,22
77,96
30,43
55,66
77,17
33,73
10,62
36,87
7,28
27,78
54,30

Distanze
"0,0 : 0.0"
"0,1 : 42.38"
"0,2 : 25.94"
"0,3 : 92.35"
"0,4 : 107.62"
"0,5 : 32.14"
"0,6 : 82.38"
"0,7 : 98.0"
"0,8 : 91.55"
"0,9 : 81.05"
"0,10 : 38.48"
"0,11 : 63.07"
"0,12 : 76.61"
"0,13 : 68.6"
"0,14 : 19.42"
"0,15 : 54.38"
"0,16 : 82.42"
"0,17 : 72.17"
"0,18 : 118.22"
"0,19 : 110.92"
"0,20 : 74.73"
"0,21 : 56.36"
"0,22 : 96.18"
"0,23 : 57.94"
"0,24 : 60.21"
"0,25 : 92.76"
"0,26 : 25.0"
"0,27 : 71.59"
"0,28 : 14.14"
"0,29 : 59.3"
"0,30 : 5.83"
"0,31 : 15.3"
"0,32 : 58.19"
"0,33 : 16.97"
"0,34 : 29.61"
"0,35 : 61.07"
"0,36 : 94.15"
"0,37 : 97.08"
"0,38 : 42.3"
"0,39 : 91.27"
"0,40 : 75.69"
"0,41 : 65.92"
"0,42 : 68.01"
"0,43 : 102.73"
"0,44 : 86.31"
"0,45 : 96.75"
"0,46 : 69.12"
"0,47 : 50.92"
"0,48 : 82.87"
"0,49 : 94.87"
"0,50 : 49.04"
"0,51 : 23.6"
"0,52 : 31.58"
"0,53 : 77.18"
"0,54 : 65.07"
"0,55 : 65.8"
"0,56 : 61.29"
"0,57 : 36.24"
"0,58 : 37.11"
"0,59 : 87.69"
"0,60 : 71.4"
"0,61 : 88.02"
"0,62 : 44.64"
"0,63 : 16.0"
"0,64 : 92.63"
"0,65 : 66.94"
"0,66 : 81.01"
"0,67 : 83.05"
"0,68 : 28.28"
"0,69 : 76.4"
"0,70 : 64.03"
"0,71 : 61.07"
"0,72 : 16.55"
"0,73 : 66.41"
"0,74 : 62.3"
"0,75 : 36.77"
"0,76 : 36.8"
"0,77 : 65.6"
"0,78 : 85.09"
"0,79 : 82.39"
"0,80 : 29.07"
"0,81 : 98.95"
"0,82 : 71.18"
"0,83 : 88.89"
"0,84 : 41.19"
"0,85 : 13.93"
"0,86 : 20.62"
"0,87 : 56.36"
"0,88 : 96.94"
"0,89 : 57.49"
"0,90 : 48.08"
"0,91 : 85.91"
"0,92 : 76.4"
"0,93 : 110.11"
"0,94 : 76.06"
"0,95 : 88.87"
"0,96 : 90.14"
"0,97 : 16.55"
"0,98 : 80.62"
"0,99 : 86.31"
"1,0 : 42.38"
"1,1 : 0.0"
"1,2 : 46.4"
"1,3 : 50.0"
"1,4 : 88.48"
"1,5 : 59.03"
"1,6 : 83.15"
"1,7 : 59.67"
"1,8 : 65.8"
"1,9 : 40.01"
"1,10 : 30.41"
"1,11 : 25.5"
"1,12 : 62.97"
"1,13 : 73.17"
"1,14 : 36.35"
"1,15 : 61.0"
"1,16 : 67.62"
"1,17 : 37.22"
"1,18 : 100.12"
"1,19 : 86.28"
"1,20 : 53.0"
"1,21 : 15.62"
"1,22 : 86.03"
"1,23 : 37.7"
"1,24 : 47.3"
"1,25 : 60.21"
"1,26 : 55.87"
"1,27 : 62.59"
"1,28 : 30.53"
"1,29 : 27.59"
"1,30 : 38.91"
"1,31 : 30.23"
"1,32 : 15.81"
"1,33 : 38.21"
"1,34 : 37.16"
"1,35 : 23.71"
"1,36 : 74.33"
"1,37 : 64.66"
"1,38 : 9.22"
"1,39 : 55.15"
"1,40 : 33.54"
"1,41 : 76.49"
"1,42 : 65.19"
"1,43 : 82.42"
"1,44 : 45.01"
"1,45 : 76.03"
"1,46 : 30.68"
"1,47 : 8.54"
"1,48 : 56.64"
"1,49 : 77.9"
"1,50 : 6.71"
"1,51 : 21.0"
"1,52 : 12.04"
"1,53 : 80.0"
"1,54 : 87.24"
"1,55 : 54.57"
"1,56 : 49.24"
"1,57 : 15.0"
"1,58 : 6.4"
"1,59 : 53.24"
"1,60 : 71.06"
"1,61 : 50.6"
"1,62 : 63.51"
"1,63 : 40.05"
"1,64 : 83.82"
"1,65 : 25.08"
"1,66 : 43.01"
"1,67 : 44.38"
"1,68 : 15.62"
"1,69 : 34.37"
"1,70 : 28.84"
"1,71 : 53.46"
"1,72 : 43.93"
"1,73 : 79.31"
"1,74 : 38.95"
"1,75 : 28.64"
"1,76 : 17.03"
"1,77 : 55.32"
"1,78 : 48.47"
"1,79 : 47.41"
"1,80 : 48.26"
"1,81 : 67.68"
"1,82 : 29.15"
"1,83 : 46.57"
"1,84 : 10.05"
"1,85 : 44.2"
"1,86 : 40.36"
"1,87 : 66.94"
"1,88 : 85.8"
"1,89 : 58.08"
"1,90 : 48.37"
"1,91 : 73.74"
"1,92 : 63.57"
"1,93 : 91.53"
"1,94 : 73.44"
"1,95 : 61.52"
"1,96 : 62.94"
"1,97 : 25.96"
"1,98 : 73.76"
"1,99 : 64.64"
"2,0 : 25.94"
"2,1 : 46.4"
"2,2 : 0.0"
"2,3 : 91.53"
"2,4 : 85.91"
"2,5 : 12.73"
"2,6 : 56.61"
"2,7 : 89.02"
"2,8 : 73.82"
"2,9 : 76.94"
"2,10 : 24.04"
"2,11 : 57.25"
"2,12 : 54.63"
"2,13 : 42.72"
"2,14 : 42.76"
"2,15 : 28.6"
"2,16 : 60.42"
"2,17 : 62.64"
"2,18 : 95.77"
"2,19 : 91.48"
"2,20 : 56.57"
"2,21 : 62.01"
"2,22 : 72.01"
"2,23 : 42.05"
"2,24 : 40.02"
"2,25 : 79.16"
"2,26 : 12.17"
"2,27 : 48.37"
"2,28 : 21.1"
"2,29 : 49.98"
"2,30 : 21.19"
"2,31 : 20.22"
"2,32 : 60.11"
"2,33 : 11.0"
"2,34 : 52.35"
"2,35 : 55.47"
"2,36 : 73.39"
"2,37 : 83.05"
"2,38 : 41.04"
"2,39 : 80.6"
"2,40 : 74.63"
"2,41 : 40.16"
"2,42 : 43.28"
"2,43 : 81.71"
"2,44 : 82.3"
"2,45 : 76.22"
"2,46 : 63.07"
"2,47 : 53.81"
"2,48 : 66.19"
"2,49 : 72.92"
"2,50 : 52.5"
"2,51 : 37.66"
"2,52 : 34.67"
"2,53 : 51.31"
"2,54 : 42.95"
"2,55 : 44.01"
"2,56 : 40.52"
"2,57 : 48.7"
"2,58 : 40.0"
"2,59 : 75.95"
"2,60 : 46.01"
"2,61 : 78.85"
"2,62 : 20.0"
"2,63 : 40.8"
"2,64 : 68.25"
"2,65 : 65.8"
"2,66 : 73.05"
"2,67 : 75.61"
"2,68 : 31.38"
"2,69 : 74.89"
"2,70 : 56.08"
"2,71 : 38.48"
"2,72 : 9.43"
"2,73 : 41.0"
"2,74 : 47.1"
"2,75 : 23.77"
"2,76 : 50.29"
"2,77 : 43.46"
"2,78 : 75.43"
"2,79 : 71.59"
"2,80 : 3.16"
"2,81 : 84.01"
"2,82 : 74.25"
"2,83 : 87.92"
"2,84 : 39.62"
"2,85 : 12.21"
"2,86 : 7.07"
"2,87 : 30.46"
"2,88 : 73.01"
"2,89 : 32.65"
"2,90 : 24.6"
"2,91 : 62.77"
"2,92 : 54.13"
"2,93 : 88.1"
"2,94 : 50.91"
"2,95 : 72.25"
"2,96 : 73.33"
"2,97 : 30.15"
"2,98 : 56.22"
"2,99 : 66.94"
"3,0 : 92.35"
"3,1 : 50.0"
"3,2 : 91.53"
"3,3 : 0.0"
"3,4 : 87.02"
"3,5 : 104.04"
"3,6 : 106.1"
"3,7 : 29.73"
"3,8 : 62.07"
"3,9 : 17.0"
"3,10 : 68.88"
"3,11 : 35.36"
"3,12 : 77.49"
"3,13 : 101.87"
"3,14 : 84.48"
"3,15 : 94.64"
"3,16 : 78.85"
"3,17 : 36.67"
"3,18 : 97.33"
"3,19 : 76.94"
"3,20 : 62.3"
"3,21 : 38.05"
"3,22 : 96.88"
"3,23 : 59.64"
"3,24 : 70.49"
"3,25 : 46.1"
"3,26 : 102.73"
"3,27 : 82.35"
"3,28 : 79.85"
"3,29 : 44.69"
"3,30 : 88.6"
"3,31 : 79.31"
"3,32 : 34.21"
"3,33 : 85.88"
"3,34 : 82.01"
"3,35 : 36.8"
"3,36 : 76.32"
"3,37 : 48.51"
"3,38 : 51.43"
"3,39 : 35.13"
"3,40 : 17.0"
"3,41 : 109.04"
"3,42 : 89.94"
"3,43 : 81.0"
"3,44 : 13.34"
"3,45 : 76.11"
"3,46 : 30.61"
"3,47 : 41.48"
"3,48 : 56.89"
"3,49 : 82.61"
"3,50 : 43.42"
"3,51 : 70.41"
"3,52 : 61.1"
"3,53 : 105.55"
"3,54 : 125.99"
"3,55 : 75.59"
"3,56 : 72.2"
"3,57 : 60.21"
"3,58 : 55.36"
"3,59 : 39.01"
"3,60 : 96.18"
"3,61 : 30.0"
"3,62 : 104.0"
"3,63 : 88.81"
"3,64 : 96.77"
"3,65 : 25.94"
"3,66 : 27.89"
"3,67 : 25.5"
"3,68 : 64.62"
"3,69 : 16.64"
"3,70 : 38.42"
"3,71 : 78.55"
"3,72 : 91.71"
"3,73 : 113.0"
"3,74 : 56.08"
"3,75 : 68.41"
"3,76 : 61.07"
"3,77 : 76.94"
"3,78 : 32.14"
"3,79 : 36.5"
"3,80 : 92.42"
"3,81 : 52.61"
"3,82 : 23.02"
"3,83 : 3.61"
"3,84 : 52.77"
"3,85 : 92.57"
"3,86 : 86.95"
"3,87 : 101.67"
"3,88 : 95.52"
"3,89 : 88.23"
"3,90 : 82.22"
"3,91 : 85.87"
"3,92 : 78.77"
"3,93 : 90.05"
"3,94 : 95.75"
"3,95 : 57.14"
"3,96 : 58.08"
"3,97 : 75.96"
"3,98 : 91.76"
"3,99 : 67.9"
"4,0 : 107.62"
"4,1 : 88.48"
"4,2 : 85.91"
"4,3 : 87.02"
"4,4 : 0.0"
"4,5 : 91.09"
"4,6 : 46.1"
"4,7 : 59.54"
"4,8 : 25.5"
"4,9 : 72.69"
"4,10 : 69.81"
"4,11 : 67.62"
"4,12 : 31.3"
"4,13 : 55.0"
"4,14 : 116.1"
"4,15 : 62.37"
"4,16 : 25.5"
"4,17 : 56.92"
"4,18 : 11.66"
"4,19 : 14.87"
"4,20 : 35.61"
"4,21 : 93.94"
"4,22 : 22.47"
"4,23 : 52.35"
"4,24 : 47.43"
"4,25 : 41.01"
"4,26 : 96.21"
"4,27 : 37.95"
"4,28 : 95.0"
"4,29 : 61.4"
"4,30 : 101.79"
"4,31 : 93.6"
"4,32 : 85.49"
"4,33 : 91.07"
"4,34 : 121.66"
"4,35 : 68.45"
"4,36 : 14.21"
"4,37 : 39.32"
"4,38 : 80.0"
"4,39 : 52.01"
"4,40 : 80.81"
"4,41 : 65.03"
"4,42 : 45.71"
"4,43 : 6.32"
"4,44 : 74.17"
"4,45 : 12.53"
"4,46 : 66.41"
"4,47 : 86.83"
"4,48 : 33.24"
"4,49 : 13.0"
"4,50 : 87.82"
"4,51 : 101.83"
"4,52 : 87.78"
"4,53 : 50.49"
"4,54 : 87.21"
"4,55 : 42.06"
"4,56 : 46.32"
"4,57 : 102.8"
"4,58 : 86.83"
"4,59 : 48.09"
"4,60 : 47.04"
"4,61 : 57.04"
"4,62 : 79.62"
"4,63 : 117.15"
"4,64 : 25.96"
"4,65 : 79.06"
"4,66 : 60.67"
"4,67 : 62.39"
"4,68 : 88.39"
"4,69 : 79.62"
"4,70 : 62.65"
"4,71 : 47.42"
"4,72 : 93.94"
"4,73 : 69.12"
"4,74 : 49.82"
"4,75 : 71.84"
"4,76 : 105.0"
"4,77 : 42.49"
"4,78 : 55.23"
"4,79 : 51.62"
"4,80 : 83.77"
"4,81 : 35.51"
"4,82 : 91.48"
"4,83 : 85.15"
"4,84 : 79.81"
"4,85 : 96.65"
"4,86 : 88.19"
"4,87 : 66.48"
"4,88 : 20.25"
"4,89 : 55.08"
"4,90 : 61.33"
"4,91 : 24.33"
"4,92 : 31.78"
"4,93 : 3.16"
"4,94 : 42.0"
"4,95 : 30.59"
"4,96 : 29.43"
"4,97 : 99.9"
"4,98 : 34.01"
"4,99 : 23.85"
"5,0 : 32.14"
"5,1 : 59.03"
"5,2 : 12.73"
"5,3 : 104.04"
"5,4 : 91.09"
"5,5 : 0.0"
"5,6 : 55.97"
"5,7 : 100.24"
"5,8 : 82.02"
"5,9 : 89.19"
"5,10 : 35.78"
"5,11 : 69.46"
"5,12 : 60.42"
"5,13 : 41.87"
"5,14 : 51.01"
"5,15 : 29.53"
"5,16 : 65.97"
"5,17 : 74.09"
"5,18 : 100.09"
"5,19 : 98.31"
"5,20 : 65.01"
"5,21 : 74.65"
"5,22 : 74.71"
"5,23 : 52.17"
"5,24 : 48.0"
"5,25 : 89.11"
"5,26 : 7.62"
"5,27 : 53.16"
"5,28 : 31.95"
"5,29 : 61.74"
"5,30 : 29.07"
"5,31 : 31.38"
"5,32 : 72.84"
"5,33 : 21.93"
"5,34 : 61.07"
"5,35 : 67.74"
"5,36 : 79.62"
"5,37 : 92.78"
"5,38 : 53.76"
"5,39 : 91.48"
"5,40 : 87.2"
"5,41 : 36.4"
"5,42 : 46.1"
"5,43 : 87.56"
"5,44 : 94.51"
"5,45 : 82.57"
"5,46 : 75.18"
"5,47 : 66.53"
"5,48 : 75.11"
"5,49 : 78.16"
"5,50 : 65.19"
"5,51 : 48.7"
"5,52 : 47.2"
"5,53 : 50.25"
"5,54 : 33.0"
"5,55 : 50.49"
"5,56 : 48.04"
"5,57 : 60.42"
"5,58 : 52.63"
"5,59 : 86.59"
"5,60 : 47.17"
"5,61 : 90.14"
"5,62 : 14.21"
"5,63 : 48.09"
"5,64 : 70.71"
"5,65 : 78.41"
"5,66 : 84.69"
"5,67 : 87.32"
"5,68 : 43.83"
"5,69 : 87.42"
"5,70 : 67.98"
"5,71 : 44.55"
"5,72 : 17.46"
"5,73 : 35.85"
"5,74 : 57.27"
"5,75 : 35.85"
"5,76 : 61.85"
"5,77 : 49.65"
"5,78 : 86.65"
"5,79 : 82.57"
"5,80 : 11.66"
"5,81 : 93.34"
"5,82 : 86.98"
"5,83 : 100.44"
"5,84 : 52.35"
"5,85 : 19.1"
"5,86 : 18.87"
"5,87 : 28.32"
"5,88 : 76.03"
"5,89 : 36.06"
"5,90 : 31.06"
"5,91 : 67.07"
"5,92 : 59.67"
"5,93 : 92.97"
"5,94 : 52.48"
"5,95 : 81.06"
"5,96 : 82.02"
"5,97 : 40.8"
"5,98 : 59.03"
"5,99 : 74.33"
"6,0 : 82.38"
"6,1 : 83.15"
"6,2 : 56.61"
"6,3 : 106.1"
"6,4 : 46.1"
"6,5 : 55.97"
"6,6 : 0.0"
"6,7 : 87.01"
"6,8 : 53.15"
"6,9 : 89.16"
"6,10 : 53.94"
"6,11 : 74.22"
"6,12 : 29.41"
"6,13 : 14.14"
"6,14 : 97.08"
"6,15 : 28.02"
"6,16 : 30.41"
"6,17 : 69.46"
"6,18 : 51.0"
"6,19 : 58.87"
"6,20 : 44.42"
"6,21 : 95.13"
"6,22 : 24.08"
"6,23 : 48.84"
"6,24 : 37.48"
"6,25 : 68.68"
"6,26 : 62.94"
"6,27 : 23.77"
"6,28 : 73.82"
"6,29 : 64.54"
"6,30 : 77.18"
"6,31 : 72.5"
"6,32 : 88.57"
"6,33 : 65.86"
"6,34 : 105.48"
"6,35 : 73.76"
"6,36 : 41.68"
"6,37 : 70.01"
"6,38 : 74.06"
"6,39 : 77.2"
"6,40 : 93.3"
"6,41 : 21.54"
"6,42 : 18.0"
"6,43 : 45.88"
"6,44 : 93.04"
"6,45 : 44.29"
"6,46 : 76.84"
"6,47 : 86.05"
"6,48 : 52.63"
"6,49 : 36.25"
"6,50 : 86.01"
"6,51 : 86.98"
"6,52 : 76.3"
"6,53 : 5.83"
"6,54 : 42.19"
"6,55 : 31.05"
"6,56 : 35.51"
"6,57 : 93.56"
"6,58 : 78.52"
"6,59 : 71.61"
"6,60 : 12.17"
"6,61 : 79.61"
"6,62 : 42.01"
"6,63 : 96.18"
"6,64 : 20.22"
"6,65 : 87.32"
"6,66 : 78.71"
"6,67 : 81.41"
"6,68 : 74.95"
"6,69 : 92.66"
"6,70 : 69.64"
"6,71 : 30.07"
"6,72 : 66.03"
"6,73 : 24.74"
"6,74 : 50.96"
"6,75 : 56.09"
"6,76 : 95.71"
"6,77 : 29.83"
"6,78 : 76.32"
"6,79 : 71.34"
"6,80 : 53.6"
"6,81 : 68.01"
"6,82 : 100.02"
"6,83 : 103.08"
"6,84 : 73.11"
"6,85 : 68.82"
"6,86 : 61.91"
"6,87 : 27.66"
"6,88 : 26.17"
"6,89 : 26.25"
"6,90 : 36.69"
"6,91 : 25.24"
"6,92 : 28.02"
"6,93 : 46.53"
"6,94 : 10.44"
"6,95 : 55.87"
"6,96 : 55.87"
"6,97 : 81.71"
"6,98 : 15.56"
"6,99 : 43.86"
"7,0 : 98.0"
"7,1 : 59.67"
"7,2 : 89.02"
"7,3 : 29.73"
"7,4 : 59.54"
"7,5 : 100.24"
"7,6 : 87.01"
"7,7 : 0.0"
"7,8 : 36.4"
"7,9 : 22.2"
"7,10 : 65.0"
"7,11 : 35.13"
"7,12 : 57.63"
"7,13 : 86.31"
"7,14 : 95.9"
"7,15 : 82.93"
"7,16 : 57.14"
"7,17 : 26.48"
"7,18 : 69.03"
"7,19 : 48.04"
"7,20 : 43.14"
"7,21 : 54.59"
"7,22 : 73.01"
"7,23 : 48.75"
"7,24 : 56.86"
"7,25 : 19.31"
"7,26 : 101.14"
"7,27 : 64.38"
"7,28 : 84.02"
"7,29 : 39.46"
"7,30 : 93.05"
"7,31 : 83.05"
"7,32 : 47.01"
"7,33 : 86.83"
"7,34 : 96.46"
"7,35 : 37.12"
"7,36 : 50.92"
"7,37 : 20.22"
"7,38 : 56.22"
"7,39 : 9.9"
"7,40 : 32.02"
"7,41 : 95.13"
"7,42 : 73.55"
"7,43 : 53.94"
"7,44 : 19.85"
"7,45 : 50.0"
"7,46 : 29.27"
"7,47 : 52.81"
"7,48 : 34.41"
"7,49 : 57.58"
"7,50 : 54.71"
"7,51 : 80.23"
"7,52 : 67.27"
"7,53 : 87.86"
"7,54 : 115.11"
"7,55 : 59.55"
"7,56 : 58.01"
"7,57 : 73.68"
"7,58 : 62.65"
"7,59 : 15.56"
"7,60 : 79.21"
"7,61 : 10.2"
"7,62 : 96.15"
"7,63 : 99.3"
"7,64 : 73.79"
"7,65 : 36.67"
"7,66 : 17.03"
"7,67 : 15.3"
"7,68 : 70.11"
"7,69 : 30.61"
"7,70 : 34.06"
"7,71 : 64.2"
"7,72 : 92.23"
"7,73 : 99.49"
"7,74 : 43.83"
"7,75 : 65.51"
"7,76 : 75.27"
"7,77 : 60.96"
"7,78 : 13.6"
"7,79 : 17.89"
"7,80 : 88.89"
"7,81 : 24.08"
"7,82 : 43.93"
"7,83 : 29.07"
"7,84 : 57.14"
"7,85 : 93.9"
"7,86 : 86.49"
"7,87 : 89.87"
"7,88 : 71.31"
"7,89 : 75.21"
"7,90 : 72.47"
"7,91 : 63.63"
"7,92 : 59.03"
"7,93 : 62.39"
"7,94 : 77.34"
"7,95 : 32.2"
"7,96 : 32.7"
"7,97 : 83.29"
"7,98 : 71.61"
"7,99 : 44.29"
"8,0 : 91.55"
"8,1 : 65.8"
"8,2 : 73.82"
"8,3 : 62.07"
"8,4 : 25.5"
"8,5 : 82.02"
"8,6 : 53.15"
"8,7 : 36.4"
"8,8 : 0.0"
"8,9 : 47.27"
"8,10 : 53.14"
"8,11 : 43.05"
"8,12 : 25.5"
"8,13 : 55.9"
"8,14 : 96.8"
"8,15 : 57.27"
"8,16 : 22.8"
"8,17 : 31.78"
"8,18 : 36.69"
"8,19 : 20.52"
"8,20 : 17.26"
"8,21 : 69.46"
"8,22 : 36.67"
"8,23 : 33.62"
"8,24 : 34.06"
"8,25 : 17.09"
"8,26 : 85.48"
"8,27 : 33.62"
"8,28 : 77.88"
"8,29 : 38.21"
"8,30 : 85.8"
"8,31 : 76.56"
"8,32 : 60.9"
"8,33 : 76.24"
"8,34 : 101.04"
"8,35 : 44.1"
"8,36 : 14.56"
"8,37 : 17.2"
"8,38 : 58.05"
"8,39 : 27.66"
"8,40 : 55.32"
"8,41 : 65.8"
"8,42 : 43.46"
"8,43 : 19.24"
"8,44 : 49.0"
"8,45 : 14.04"
"8,46 : 41.23"
"8,47 : 63.01"
"8,48 : 9.22"
"8,49 : 21.19"
"8,50 : 64.2"
"8,51 : 81.61"
"8,52 : 67.2"
"8,53 : 55.22"
"8,54 : 87.66"
"8,55 : 32.39"
"8,56 : 34.0"
"8,57 : 80.61"
"8,58 : 65.19"
"8,59 : 23.09"
"8,60 : 47.89"
"8,61 : 32.14"
"8,62 : 73.55"
"8,63 : 98.62"
"8,64 : 37.74"
"8,65 : 53.85"
"8,66 : 35.23"
"8,67 : 37.05"
"8,68 : 68.51"
"8,69 : 54.13"
"8,70 : 38.28"
"8,71 : 38.33"
"8,72 : 80.28"
"8,73 : 70.26"
"8,74 : 29.53"
"8,75 : 54.78"
"8,76 : 82.73"
"8,77 : 33.54"
"8,78 : 30.0"
"8,79 : 26.17"
"8,80 : 72.44"
"8,81 : 14.87"
"8,82 : 66.1"
"8,83 : 60.0"
"8,84 : 58.14"
"8,85 : 82.71"
"8,86 : 74.22"
"8,87 : 63.32"
"8,88 : 34.93"
"8,89 : 49.03"
"8,90 : 51.0"
"8,91 : 28.32"
"8,92 : 26.83"
"8,93 : 28.64"
"8,94 : 44.65"
"8,95 : 5.1"
"8,96 : 4.0"
"8,97 : 81.12"
"8,98 : 37.64"
"8,99 : 9.43"
"9,0 : 81.05"
"9,1 : 40.01"
"9,2 : 76.94"
"9,3 : 17.0"
"9,4 : 72.69"
"9,5 : 89.19"
"9,6 : 89.16"
"9,7 : 22.2"
"9,8 : 47.27"
"9,9 : 0.0"
"9,10 : 53.54"
"9,11 : 19.72"
"9,12 : 60.73"
"9,13 : 84.91"
"9,14 : 76.24"
"9,15 : 77.99"
"9,16 : 62.37"
"9,17 : 19.7"
"9,18 : 83.55"
"9,19 : 64.2"
"9,20 : 45.61"
"9,21 : 32.7"
"9,22 : 80.75"
"9,23 : 42.8"
"9,24 : 53.54"
"9,25 : 32.89"
"9,26 : 88.57"
"9,27 : 65.39"
"9,28 : 67.68"
"9,29 : 28.32"
"9,30 : 76.69"
"9,31 : 66.94"
"9,32 : 25.71"
"9,33 : 72.45"
"9,34 : 75.71"
"9,35 : 21.47"
"9,36 : 61.01"
"9,37 : 36.25"
"9,38 : 38.83"
"9,39 : 22.83"
"9,40 : 9.9"
"9,41 : 92.2"
"9,42 : 72.95"
"9,43 : 66.48"
"9,44 : 5.39"
"9,45 : 61.13"
"9,46 : 14.21"
"9,47 : 32.25"
"9,48 : 41.05"
"9,49 : 67.03"
"9,50 : 34.23"
"9,51 : 61.01"
"9,52 : 49.5"
"9,53 : 88.55"
"9,54 : 109.6"
"9,55 : 58.59"
"9,56 : 55.23"
"9,57 : 52.95"
"9,58 : 44.18"
"9,59 : 25.0"
"9,60 : 79.18"
"9,61 : 17.0"
"9,62 : 88.09"
"9,63 : 80.06"
"9,64 : 80.41"
"9,65 : 15.3"
"9,66 : 12.04"
"9,67 : 10.44"
"9,68 : 52.77"
"9,69 : 8.49"
"9,70 : 21.93"
"9,71 : 61.59"
"9,72 : 78.19"
"9,73 : 96.21"
"9,74 : 39.12"
"9,75 : 53.34"
"9,76 : 54.34"
"9,77 : 59.94"
"9,78 : 17.72"
"9,79 : 21.1"
"9,80 : 77.52"
"9,81 : 40.31"
"9,82 : 21.93"
"9,83 : 13.93"
"9,84 : 40.02"
"9,85 : 79.38"
"9,86 : 73.01"
"9,87 : 85.04"
"9,88 : 79.51"
"9,89 : 71.4"
"9,90 : 65.76"
"9,91 : 69.43"
"9,92 : 61.98"
"9,93 : 75.8"
"9,94 : 78.79"
"9,95 : 42.19"
"9,96 : 43.29"
"9,97 : 65.28"
"9,98 : 74.95"
"9,99 : 52.09"
"10,0 : 38.48"
"10,1 : 30.41"
"10,2 : 24.04"
"10,3 : 68.88"
"10,4 : 69.81"
"10,5 : 35.78"
"10,6 : 53.94"
"10,7 : 65.0"
"10,8 : 53.14"
"10,9 : 53.54"
"10,10 : 0.0"
"10,11 : 33.84"
"10,12 : 39.62"
"10,13 : 43.0"
"10,14 : 46.75"
"10,15 : 30.59"
"10,16 : 45.25"
"10,17 : 38.6"
"10,18 : 80.81"
"10,19 : 72.45"
"10,20 : 36.25"
"10,21 : 44.6"
"10,22 : 61.29"
"10,23 : 19.65"
"10,24 : 22.63"
"10,25 : 56.04"
"10,26 : 36.14"
"10,27 : 36.36"
"10,28 : 25.24"
"10,29 : 26.0"
"10,30 : 32.7"
"10,31 : 23.85"
"10,32 : 40.31"
"10,33 : 23.35"
"10,34 : 53.54"
"10,35 : 32.2"
"10,36 : 56.04"
"10,37 : 60.13"
"10,38 : 22.14"
"10,39 : 56.72"
"10,40 : 52.35"
"10,41 : 46.1"
"10,42 : 36.4"
"10,43 : 64.64"
"10,44 : 58.83"
"10,45 : 58.52"
"10,46 : 39.45"
"10,47 : 35.47"
"10,48 : 44.64"
"10,49 : 57.38"
"10,50 : 34.79"
"10,51 : 34.0"
"10,52 : 22.36"
"10,53 : 50.25"
"10,54 : 58.52"
"10,55 : 29.21"
"10,56 : 24.08"
"10,57 : 39.62"
"10,58 : 25.02"
"10,59 : 52.24"
"10,60 : 41.77"
"10,61 : 54.82"
"10,62 : 35.47"
"10,63 : 47.42"
"10,64 : 58.31"
"10,65 : 43.86"
"10,66 : 49.04"
"10,67 : 51.62"
"10,68 : 21.19"
"10,69 : 52.4"
"10,70 : 32.2"
"10,71 : 25.94"
"10,72 : 28.02"
"10,73 : 49.04"
"10,74 : 24.33"
"10,75 : 2.24"
"10,76 : 41.77"
"10,77 : 29.41"
"10,78 : 51.42"
"10,79 : 47.68"
"10,80 : 24.17"
"10,81 : 61.52"
"10,82 : 54.08"
"10,83 : 65.3"
"10,84 : 20.88"
"10,85 : 30.15"
"10,86 : 22.0"
"10,87 : 36.69"
"10,88 : 61.61"
"10,89 : 28.07"
"10,90 : 18.03"
"10,91 : 49.82"
"10,92 : 39.7"
"10,93 : 72.47"
"10,94 : 44.92"
"10,95 : 50.7"
"10,96 : 51.92"
"10,97 : 30.48"
"10,98 : 46.96"
"10,99 : 47.89"
"11,0 : 63.07"
"11,1 : 25.5"
"11,2 : 57.25"
"11,3 : 35.36"
"11,4 : 67.62"
"11,5 : 69.46"
"11,6 : 74.22"
"11,7 : 35.13"
"11,8 : 43.05"
"11,9 : 19.72"
"11,10 : 33.84"
"11,11 : 0.0"
"11,12 : 48.01"
"11,13 : 68.03"
"11,14 : 61.13"
"11,15 : 59.64"
"11,16 : 51.16"
"11,17 : 12.04"
"11,18 : 79.2"
"11,19 : 63.01"
"11,20 : 34.37"
"11,21 : 26.42"
"11,22 : 70.26"
"11,23 : 25.63"
"11,24 : 37.0"
"11,25 : 35.0"
"11,26 : 68.94"
"11,27 : 50.8"
"11,28 : 49.25"
"11,29 : 9.85"
"11,30 : 58.31"
"11,31 : 48.37"
"11,32 : 17.89"
"11,33 : 53.16"
"11,34 : 62.65"
"11,35 : 2.0"
"11,36 : 54.08"
"11,37 : 39.41"
"11,38 : 21.1"
"11,39 : 29.73"
"11,40 : 19.72"
"11,41 : 74.43"
"11,42 : 56.92"
"11,43 : 61.33"
"11,44 : 25.06"
"11,45 : 55.15"
"11,46 : 6.08"
"11,47 : 20.52"
"11,48 : 34.44"
"11,49 : 58.94"
"11,50 : 22.02"
"11,51 : 45.35"
"11,52 : 32.14"
"11,53 : 72.73"
"11,54 : 90.69"
"11,55 : 43.17"
"11,56 : 38.9"
"11,57 : 40.31"
"11,58 : 27.66"
"11,59 : 27.78"
"11,60 : 63.25"
"11,61 : 25.5"
"11,62 : 68.68"
"11,63 : 64.33"
"11,64 : 69.03"
"11,65 : 13.15"
"11,66 : 18.11"
"11,67 : 20.0"
"11,68 : 35.01"
"11,69 : 19.42"
"11,70 : 5.1"
"11,71 : 44.94"
"11,72 : 58.82"
"11,73 : 78.23"
"11,74 : 23.35"
"11,75 : 33.62"
"11,76 : 42.19"
"11,77 : 44.38"
"11,78 : 23.09"
"11,79 : 21.95"
"11,80 : 57.8"
"11,81 : 42.64"
"11,82 : 26.08"
"11,83 : 31.83"
"11,84 : 22.02"
"11,85 : 60.17"
"11,86 : 53.49"
"11,87 : 66.61"
"11,88 : 69.46"
"11,89 : 53.71"
"11,90 : 47.01"
"11,91 : 58.08"
"11,92 : 49.04"
"11,93 : 70.77"
"11,94 : 63.79"
"11,95 : 38.28"
"11,96 : 39.66"
"11,97 : 48.17"
"11,98 : 61.4"
"11,99 : 44.27"
"12,0 : 76.61"
"12,1 : 62.97"
"12,2 : 54.63"
"12,3 : 77.49"
"12,4 : 31.3"
"12,5 : 60.42"
"12,6 : 29.41"
"12,7 : 57.63"
"12,8 : 25.5"
"12,9 : 60.73"
"12,10 : 39.62"
"12,11 : 48.01"
"12,12 : 0.0"
"12,13 : 30.41"
"12,14 : 86.37"
"12,15 : 33.02"
"12,16 : 5.83"
"12,17 : 41.23"
"12,18 : 41.62"
"12,19 : 38.12"
"12,20 : 15.23"
"12,21 : 72.01"
"12,22 : 23.09"
"12,23 : 25.3"
"12,24 : 17.03"
"12,25 : 39.62"
"12,26 : 65.15"
"12,27 : 8.25"
"12,28 : 64.44"
"12,29 : 39.12"
"12,30 : 70.8"
"12,31 : 63.03"
"12,32 : 64.38"
"12,33 : 59.91"
"12,34 : 92.8"
"12,35 : 48.01"
"12,36 : 19.24"
"12,37 : 41.4"
"12,38 : 53.85"
"12,39 : 47.8"
"12,40 : 65.92"
"12,41 : 40.31"
"12,42 : 18.03"
"12,43 : 27.2"
"12,44 : 64.26"
"12,45 : 22.2"
"12,46 : 49.5"
"12,47 : 63.56"
"12,48 : 23.35"
"12,49 : 18.36"
"12,50 : 64.03"
"12,51 : 73.01"
"12,52 : 59.68"
"12,53 : 30.41"
"12,54 : 62.3"
"12,55 : 10.82"
"12,56 : 15.56"
"12,57 : 76.03"
"12,58 : 59.93"
"12,59 : 42.2"
"12,60 : 22.47"
"12,61 : 50.25"
"12,62 : 50.04"
"12,63 : 86.98"
"12,64 : 21.21"
"12,65 : 61.07"
"12,66 : 49.77"
"12,67 : 52.39"
"12,68 : 59.64"
"12,69 : 65.12"
"12,70 : 43.05"
"12,71 : 16.16"
"12,72 : 62.65"
"12,73 : 44.78"
"12,74 : 25.18"
"12,75 : 41.77"
"12,76 : 78.26"
"12,77 : 11.18"
"12,78 : 47.01"
"12,79 : 42.06"
"12,80 : 52.55"
"12,81 : 39.96"
"12,82 : 74.06"
"12,83 : 74.63"
"12,84 : 53.31"
"12,85 : 65.37"
"12,86 : 56.94"
"12,87 : 38.47"
"12,88 : 22.85"
"12,89 : 25.02"
"12,90 : 30.08"
"12,91 : 10.77"
"12,92 : 1.41"
"12,93 : 33.62"
"12,94 : 19.8"
"12,95 : 27.2"
"12,96 : 27.46"
"12,97 : 70.09"
"12,98 : 14.32"
"12,99 : 16.16"
"13,0 : 68.6"
"13,1 : 73.17"
"13,2 : 42.72"
"13,3 : 101.87"
"13,4 : 55.0"
"13,5 : 41.87"
"13,6 : 14.14"
"13,7 : 86.31"
"13,8 : 55.9"
"13,9 : 84.91"
"13,10 : 43.0"
"13,11 : 68.03"
"13,12 : 30.41"
"13,13 : 0.0"
"13,14 : 83.93"
"13,15 : 14.32"
"13,16 : 33.84"
"13,17 : 65.46"
"13,18 : 61.81"
"13,19 : 65.92"
"13,20 : 43.28"
"13,21 : 86.31"
"13,22 : 34.93"
"13,23 : 42.49"
"13,24 : 31.38"
"13,25 : 69.4"
"13,26 : 48.8"
"13,27 : 22.47"
"13,28 : 60.75"
"13,29 : 58.18"
"13,30 : 63.53"
"13,31 : 59.46"
"13,32 : 80.52"
"13,33 : 52.33"
"13,34 : 92.66"
"13,35 : 67.23"
"13,36 : 47.3"
"13,37 : 71.56"
"13,38 : 64.38"
"13,39 : 76.42"
"13,40 : 87.66"
"13,41 : 10.2"
"13,42 : 12.81"
"13,43 : 53.34"
"13,44 : 89.31"
"13,45 : 50.22"
"13,46 : 71.59"
"13,47 : 77.1"
"13,48 : 53.01"
"13,49 : 43.29"
"13,50 : 76.79"
"13,51 : 74.73"
"13,52 : 65.12"
"13,53 : 8.6"
"13,54 : 32.56"
"13,55 : 26.91"
"13,56 : 29.68"
"13,57 : 82.3"
"13,58 : 68.01"
"13,59 : 70.77"
"13,60 : 8.25"
"13,61 : 77.83"
"13,62 : 28.02"
"13,63 : 82.76"
"13,64 : 30.81"
"13,65 : 80.78"
"13,66 : 75.6"
"13,67 : 78.41"
"13,68 : 63.39"
"13,69 : 87.21"
"13,70 : 63.95"
"13,71 : 23.32"
"13,72 : 52.15"
"13,73 : 14.56"
"13,74 : 45.79"
"13,75 : 45.01"
"13,76 : 84.38"
"13,77 : 25.5"
"13,78 : 74.33"
"13,79 : 69.35"
"13,80 : 39.66"
"13,81 : 70.33"
"13,82 : 92.97"
"13,83 : 98.62"
"13,84 : 63.29"
"13,85 : 54.92"
"13,86 : 48.3"
"13,87 : 13.6"
"13,88 : 36.67"
"13,89 : 15.13"
"13,90 : 25.02"
"13,91 : 31.26"
"13,92 : 29.07"
"13,93 : 56.08"
"13,94 : 13.0"
"13,95 : 57.45"
"13,96 : 57.8"
"13,97 : 68.96"
"13,98 : 21.02"
"13,99 : 46.52"
"14,0 : 19.42"
"14,1 : 36.35"
"14,2 : 42.76"
"14,3 : 84.48"
"14,4 : 116.1"
"14,5 : 51.01"
"14,6 : 97.08"
"14,7 : 95.9"
"14,8 : 96.8"
"14,9 : 76.24"
"14,10 : 46.75"
"14,11 : 61.13"
"14,12 : 86.37"
"14,13 : 83.93"
"14,14 : 0.0"
"14,15 : 69.64"
"14,16 : 91.97"
"14,17 : 72.11"
"14,18 : 127.31"
"14,19 : 117.07"
"14,20 : 81.22"
"14,21 : 46.53"
"14,22 : 107.8"
"14,23 : 64.03"
"14,24 : 69.35"
"14,25 : 94.54"
"14,26 : 44.18"
"14,27 : 82.8"
"14,28 : 23.26"
"14,29 : 60.42"
"14,30 : 22.02"
"14,31 : 24.6"
"14,32 : 51.0"
"14,33 : 32.02"
"14,34 : 10.2"
"14,35 : 59.2"
"14,36 : 102.07"
"14,37 : 99.01"
"14,38 : 40.5"
"14,39 : 90.8"
"14,40 : 69.01"
"14,41 : 82.71"
"14,42 : 81.12"
"14,43 : 110.63"
"14,44 : 81.1"
"14,45 : 104.35"
"14,46 : 66.71"
"14,47 : 44.05"
"14,48 : 87.66"
"14,49 : 103.95"
"14,50 : 42.05"
"14,51 : 15.81"
"14,52 : 29.97"
"14,53 : 92.31"
"14,54 : 84.01"
"14,55 : 75.93"
"14,56 : 70.84"
"14,57 : 24.33"
"14,58 : 33.53"
"14,59 : 88.26"
"14,60 : 85.42"
"14,61 : 86.59"
"14,62 : 62.51"
"14,63 : 5.0"
"14,64 : 104.62"
"14,65 : 61.07"
"14,66 : 79.08"
"14,67 : 80.6"
"14,68 : 28.3"
"14,69 : 70.0"
"14,70 : 63.57"
"14,71 : 72.2"
"14,72 : 34.13"
"14,73 : 83.74"
"14,74 : 67.42"
"14,75 : 44.6"
"14,76 : 23.77"
"14,77 : 76.06"
"14,78 : 84.2"
"14,79 : 82.54"
"14,80 : 45.89"
"14,81 : 101.55"
"14,82 : 61.81"
"14,83 : 81.3"
"14,84 : 39.92"
"14,85 : 32.02"
"14,86 : 36.14"
"14,87 : 72.8"
"14,88 : 108.23"
"14,89 : 71.12"
"14,90 : 60.9"
"14,91 : 96.54"
"14,92 : 86.45"
"14,93 : 118.87"
"14,94 : 89.55"
"14,95 : 93.3"
"14,96 : 94.67"
"14,97 : 16.28"
"14,98 : 92.91"
"14,99 : 93.24"
"15,0 : 54.38"
"15,1 : 61.0"
"15,2 : 28.6"
"15,3 : 94.64"
"15,4 : 62.37"
"15,5 : 29.53"
"15,6 : 28.02"
"15,7 : 82.93"
"15,8 : 57.27"
"15,9 : 77.99"
"15,10 : 30.59"
"15,11 : 59.64"
"15,12 : 33.02"
"15,13 : 14.32"
"15,14 : 69.64"
"15,15 : 0.0"
"15,16 : 38.05"
"15,17 : 59.41"
"15,18 : 70.84"
"15,19 : 71.03"
"15,20 : 41.79"
"15,21 : 75.0"
"15,22 : 45.18"
"15,23 : 35.36"
"15,24 : 26.08"
"15,25 : 68.03"
"15,26 : 35.81"
"15,27 : 25.02"
"15,28 : 46.49"
"15,29 : 50.0"
"15,30 : 49.24"
"15,31 : 45.22"
"15,32 : 70.01"
"15,33 : 38.01"
"15,34 : 78.45"
"15,35 : 58.52"
"15,36 : 52.04"
"15,37 : 70.94"
"15,38 : 52.63"
"15,39 : 73.25"
"15,40 : 79.32"
"15,41 : 15.52"
"15,42 : 16.76"
"15,43 : 59.41"
"15,44 : 82.81"
"15,45 : 55.04"
"15,46 : 64.03"
"15,47 : 65.8"
"15,48 : 52.2"
"15,49 : 49.65"
"15,50 : 65.25"
"15,51 : 60.83"
"15,52 : 52.04"
"15,53 : 22.83"
"15,54 : 32.2"
"15,55 : 25.0"
"15,56 : 25.06"
"15,57 : 69.01"
"15,58 : 55.44"
"15,59 : 67.74"
"15,60 : 17.8"
"15,61 : 73.6"
"15,62 : 17.26"
"15,63 : 68.45"
"15,64 : 41.18"
"15,65 : 71.69"
"15,66 : 70.09"
"15,67 : 72.92"
"15,68 : 50.01"
"15,69 : 79.06"
"15,70 : 56.22"
"15,71 : 19.31"
"15,72 : 38.01"
"15,73 : 18.79"
"15,74 : 39.7"
"15,75 : 32.39"
"15,76 : 71.03"
"15,77 : 23.77"
"15,78 : 70.0"
"15,79 : 65.22"
"15,80 : 25.61"
"15,81 : 70.52"
"15,82 : 83.19"
"15,83 : 91.21"
"15,84 : 51.42"
"15,85 : 40.8"
"15,86 : 34.0"
"15,87 : 7.07"
"15,88 : 46.52"
"15,89 : 8.25"
"15,90 : 13.0"
"15,91 : 38.08"
"15,92 : 32.0"
"15,93 : 64.03"
"15,94 : 23.02"
"15,95 : 57.57"
"15,96 : 58.24"
"15,97 : 54.82"
"15,98 : 29.55"
"15,99 : 48.51"
"16,0 : 82.42"
"16,1 : 67.62"
"16,2 : 60.42"
"16,3 : 78.85"
"16,4 : 25.5"
"16,5 : 65.97"
"16,6 : 30.41"
"16,7 : 57.14"
"16,8 : 22.8"
"16,9 : 62.37"
"16,10 : 45.25"
"16,11 : 51.16"
"16,12 : 5.83"
"16,13 : 33.84"
"16,14 : 91.97"
"16,15 : 38.05"
"16,16 : 0.0"
"16,17 : 43.29"
"16,18 : 35.81"
"16,19 : 33.0"
"16,20 : 17.03"
"16,21 : 75.93"
"16,22 : 19.1"
"16,23 : 29.97"
"16,24 : 22.63"
"16,25 : 38.42"
"16,26 : 70.84"
"16,27 : 13.04"
"16,28 : 70.18"
"16,29 : 42.76"
"16,30 : 76.61"
"16,31 : 68.77"
"16,32 : 68.07"
"16,33 : 65.73"
"16,34 : 98.23"
"16,35 : 51.35"
"16,36 : 14.0"
"16,37 : 39.6"
"16,38 : 58.6"
"16,39 : 47.51"
"16,40 : 68.26"
"16,41 : 43.97"
"16,42 : 22.2"
"16,43 : 21.59"
"16,44 : 65.52"
"16,45 : 17.0"
"16,46 : 52.04"
"16,47 : 67.72"
"16,48 : 22.83"
"16,49 : 12.53"
"16,50 : 68.31"
"16,51 : 78.41"
"16,52 : 64.9"
"16,53 : 32.45"
"16,54 : 66.22"
"16,55 : 16.64"
"16,56 : 21.26"
"16,57 : 81.01"
"16,58 : 64.88"
"16,59 : 42.06"
"16,60 : 25.63"
"16,61 : 50.57"
"16,62 : 55.23"
"16,63 : 92.66"
"16,64 : 18.11"
"16,65 : 64.03"
"16,66 : 50.96"
"16,67 : 53.45"
"16,68 : 65.0"
"16,69 : 67.36"
"16,70 : 46.1"
"16,71 : 21.93"
"16,72 : 68.48"
"16,73 : 48.38"
"16,74 : 29.12"
"16,75 : 47.38"
"16,76 : 83.24"
"16,77 : 17.0"
"16,78 : 47.54"
"16,79 : 42.72"
"16,80 : 58.31"
"16,81 : 37.64"
"16,82 : 77.03"
"16,83 : 76.16"
"16,84 : 58.14"
"16,85 : 71.2"
"16,86 : 62.77"
"16,87 : 43.1"
"16,88 : 18.44"
"16,89 : 30.27"
"16,90 : 35.85"
"16,91 : 7.07"
"16,92 : 6.32"
"16,93 : 27.78"
"16,94 : 21.95"
"16,95 : 25.5"
"16,96 : 25.46"
"16,97 : 75.69"
"16,98 : 14.87"
"16,99 : 13.45"
"17,0 : 72.17"
"17,1 : 37.22"
"17,2 : 62.64"
"17,3 : 36.67"
"17,4 : 56.92"
"17,5 : 74.09"
"17,6 : 69.46"
"17,7 : 26.48"
"17,8 : 31.78"
"17,9 : 19.7"
"17,10 : 38.6"
"17,11 : 12.04"
"17,12 : 41.23"
"17,13 : 65.46"
"17,14 : 72.11"
"17,15 : 59.41"
"17,16 : 43.29"
"17,17 : 0.0"
"17,18 : 68.35"
"17,19 : 51.31"
"17,20 : 26.31"
"17,21 : 38.01"
"17,22 : 62.07"
"17,23 : 24.08"
"17,24 : 34.21"
"17,25 : 23.02"
"17,26 : 74.73"
"17,27 : 45.69"
"17,28 : 58.08"
"17,29 : 13.04"
"17,30 : 67.03"
"17,31 : 57.04"
"17,32 : 29.41"
"17,33 : 60.41"
"17,34 : 74.24"
"17,35 : 13.6"
"17,36 : 43.93"
"17,37 : 27.46"
"17,38 : 31.62"
"17,39 : 19.1"
"17,40 : 25.02"
"17,41 : 73.11"
"17,42 : 53.34"
"17,43 : 50.6"
"17,44 : 23.85"
"17,45 : 44.64"
"17,46 : 9.49"
"17,47 : 32.56"
"17,48 : 23.77"
"17,49 : 49.37"
"17,50 : 34.06"
"17,51 : 56.3"
"17,52 : 42.45"
"17,53 : 68.88"
"17,54 : 91.44"
"17,55 : 38.95"
"17,56 : 35.81"
"17,57 : 52.15"
"17,58 : 38.63"
"17,59 : 16.16"
"17,60 : 59.54"
"17,61 : 16.28"
"17,62 : 71.02"
"17,63 : 75.0"
"17,64 : 61.4"
"17,65 : 22.14"
"17,66 : 10.82"
"17,67 : 13.6"
"17,68 : 44.91"
"17,69 : 24.08"
"17,70 : 8.54"
"17,71 : 42.2"
"17,72 : 65.76"
"17,73 : 77.23"
"17,74 : 19.85"
"17,75 : 39.05"
"17,76 : 54.08"
"17,77 : 40.31"
"17,78 : 13.04"
"17,79 : 10.44"
"17,80 : 62.63"
"17,81 : 30.61"
"17,82 : 34.71"
"17,83 : 33.62"
"17,84 : 32.28"
"17,85 : 67.48"
"17,86 : 60.02"
"17,87 : 66.48"
"17,88 : 61.01"
"17,89 : 52.4"
"17,90 : 47.8"
"17,91 : 50.36"
"17,92 : 42.45"
"17,93 : 60.08"
"17,94 : 59.09"
"17,95 : 26.83"
"17,96 : 28.18"
"17,97 : 58.25"
"17,98 : 55.36"
"17,99 : 34.37"
"18,0 : 118.22"
"18,1 : 100.12"
"18,2 : 95.77"
"18,3 : 97.33"
"18,4 : 11.66"
"18,5 : 100.09"
"18,6 : 51.0"
"18,7 : 69.03"
"18,8 : 36.69"
"18,9 : 83.55"
"18,10 : 80.81"
"18,11 : 79.2"
"18,12 : 41.62"
"18,13 : 61.81"
"18,14 : 127.31"
"18,15 : 70.84"
"18,16 : 35.81"
"18,17 : 68.35"
"18,18 : 0.0"
"18,19 : 21.38"
"18,20 : 47.2"
"18,21 : 105.55"
"18,22 : 27.07"
"18,23 : 63.78"
"18,24 : 58.26"
"18,25 : 51.24"
"18,26 : 105.6"
"18,27 : 47.41"
"18,28 : 105.89"
"18,29 : 73.06"
"18,30 : 112.41"
"18,31 : 104.48"
"18,32 : 97.08"
"18,33 : 101.51"
"18,34 : 133.06"
"18,35 : 80.06"
"18,36 : 25.81"
"18,37 : 49.01"
"18,38 : 91.61"
"18,39 : 62.2"
"18,40 : 91.92"
"18,41 : 71.45"
"18,42 : 54.08"
"18,43 : 17.89"
"18,44 : 84.72"
"18,45 : 24.19"
"18,46 : 77.83"
"18,47 : 98.49"
"18,48 : 44.78"
"18,49 : 23.43"
"18,50 : 99.48"
"18,51 : 113.22"
"18,52 : 99.25"
"18,53 : 56.08"
"18,54 : 93.09"
"18,55 : 52.43"
"18,56 : 57.01"
"18,57 : 114.4"
"18,58 : 98.41"
"18,59 : 58.69"
"18,60 : 54.34"
"18,61 : 67.48"
"18,62 : 87.93"
"18,63 : 128.22"
"18,64 : 31.14"
"18,65 : 90.48"
"18,66 : 71.59"
"18,67 : 73.16"
"18,68 : 99.76"
"18,69 : 90.71"
"18,70 : 74.25"
"18,71 : 57.45"
"18,72 : 104.1"
"18,73 : 75.24"
"18,74 : 61.4"
"18,75 : 82.88"
"18,76 : 116.61"
"18,77 : 52.7"
"18,78 : 65.92"
"18,79 : 62.59"
"18,80 : 93.48"
"18,81 : 45.0"
"18,82 : 102.79"
"18,83 : 95.63"
"18,84 : 91.4"
"18,85 : 106.85"
"18,86 : 98.48"
"18,87 : 74.22"
"18,88 : 25.18"
"18,89 : 64.08"
"18,90 : 71.2"
"18,91 : 33.11"
"18,92 : 41.88"
"18,93 : 8.6"
"18,94 : 49.03"
"18,95 : 41.76"
"18,96 : 40.52"
"18,97 : 111.07"
"18,98 : 41.48"
"18,99 : 35.51"
"19,0 : 110.92"
"19,1 : 86.28"
"19,2 : 91.48"
"19,3 : 76.94"
"19,4 : 14.87"
"19,5 : 98.31"
"19,6 : 58.87"
"19,7 : 48.04"
"19,8 : 20.52"
"19,9 : 64.2"
"19,10 : 72.45"
"19,11 : 63.01"
"19,12 : 38.12"
"19,13 : 65.92"
"19,14 : 117.07"
"19,15 : 71.03"
"19,16 : 33.0"
"19,17 : 51.31"
"19,18 : 21.38"
"19,19 : 0.0"
"19,20 : 36.24"
"19,21 : 89.31"
"19,22 : 36.36"
"19,23 : 53.34"
"19,24 : 51.55"
"19,25 : 31.32"
"19,26 : 102.61"
"19,27 : 46.01"
"19,28 : 97.53"
"19,29 : 58.69"
"19,30 : 105.12"
"19,31 : 96.18"
"19,32 : 80.71"
"19,33 : 95.08"
"19,34 : 121.51"
"19,35 : 64.2"
"19,36 : 19.0"
"19,37 : 28.44"
"19,38 : 78.57"
"19,39 : 41.98"
"19,40 : 73.16"
"19,41 : 76.12"
"19,42 : 55.08"
"19,43 : 13.0"
"19,44 : 64.76"
"19,45 : 16.0"
"19,46 : 60.54"
"19,47 : 83.24"
"19,48 : 29.73"
"19,49 : 22.8"
"19,50 : 84.5"
"19,51 : 102.0"
"19,52 : 87.62"
"19,53 : 62.64"
"19,54 : 98.48"
"19,55 : 47.85"
"19,56 : 50.96"
"19,57 : 101.12"
"19,58 : 85.7"
"19,59 : 39.22"
"19,60 : 57.71"
"19,61 : 47.54"
"19,62 : 88.14"
"19,63 : 118.73"
"19,64 : 39.36"
"19,65 : 72.95"
"19,66 : 52.55"
"19,67 : 53.76"
"19,68 : 88.81"
"19,69 : 71.87"
"19,70 : 58.41"
"19,71 : 53.76"
"19,72 : 98.68"
"19,73 : 80.41"
"19,74 : 49.65"
"19,75 : 74.24"
"19,76 : 103.24"
"19,77 : 48.66"
"19,78 : 46.49"
"19,79 : 43.86"
"19,80 : 89.74"
"19,81 : 24.33"
"19,82 : 84.58"
"19,83 : 75.5"
"19,84 : 78.64"
"19,85 : 101.24"
"19,86 : 92.7"
"19,87 : 76.06"
"19,88 : 34.13"
"19,89 : 63.13"
"19,90 : 67.47"
"19,91 : 34.71"
"19,92 : 39.05"
"19,93 : 16.64"
"19,94 : 53.15"
"19,95 : 24.84"
"19,96 : 23.43"
"19,97 : 101.24"
"19,98 : 45.12"
"19,99 : 24.7"
"20,0 : 74.73"
"20,1 : 53.0"
"20,2 : 56.57"
"20,3 : 62.3"
"20,4 : 35.61"
"20,5 : 65.01"
"20,6 : 44.42"
"20,7 : 43.14"
"20,8 : 17.26"
"20,9 : 45.61"
"20,10 : 36.25"
"20,11 : 34.37"
"20,12 : 15.23"
"20,13 : 43.28"
"20,14 : 81.22"
"20,15 : 41.79"
"20,16 : 17.03"
"20,17 : 26.31"
"20,18 : 47.2"
"20,19 : 36.24"
"20,20 : 0.0"
"20,21 : 59.77"
"20,22 : 36.01"
"20,23 : 17.2"
"20,24 : 17.03"
"20,25 : 26.42"
"20,26 : 68.26"
"20,27 : 21.26"
"20,28 : 61.29"
"20,29 : 26.57"
"20,30 : 68.94"
"20,31 : 59.94"
"20,32 : 51.66"
"20,33 : 59.14"
"20,34 : 86.28"
"20,35 : 34.71"
"20,36 : 21.4"
"20,37 : 29.15"
"20,38 : 44.41"
"20,39 : 33.24"
"20,40 : 51.24"
"20,41 : 52.43"
"20,42 : 30.48"
"20,43 : 29.73"
"20,44 : 49.04"
"20,45 : 23.35"
"20,46 : 35.01"
"20,47 : 52.0"
"20,48 : 10.44"
"20,49 : 25.08"
"20,50 : 52.8"
"20,51 : 66.53"
"20,52 : 52.33"
"20,53 : 44.82"
"20,54 : 73.36"
"20,55 : 17.0"
"20,56 : 17.26"
"20,57 : 67.2"
"20,58 : 51.22"
"20,59 : 27.59"
"20,60 : 36.07"
"20,61 : 35.23"
"20,62 : 57.27"
"20,63 : 82.66"
"20,64 : 35.13"
"20,65 : 47.1"
"20,66 : 34.54"
"20,67 : 37.16"
"20,68 : 53.15"
"20,69 : 50.36"
"20,70 : 29.27"
"20,71 : 22.47"
"20,72 : 63.06"
"20,73 : 56.86"
"20,74 : 14.21"
"20,75 : 38.01"
"20,76 : 69.4"
"20,77 : 18.36"
"20,78 : 31.91"
"20,79 : 26.93"
"20,80 : 55.23"
"20,81 : 28.86"
"20,82 : 60.07"
"20,83 : 59.48"
"20,84 : 44.2"
"20,85 : 65.52"
"20,86 : 57.01"
"20,87 : 48.33"
"20,88 : 35.13"
"20,89 : 33.62"
"20,90 : 34.13"
"20,91 : 24.08"
"20,92 : 16.55"
"20,93 : 38.6"
"20,94 : 34.41"
"20,95 : 16.12"
"20,96 : 17.03"
"20,97 : 65.22"
"20,98 : 29.55"
"20,99 : 12.04"
"21,0 : 56.36"
"21,1 : 15.62"
"21,2 : 62.01"
"21,3 : 38.05"
"21,4 : 93.94"
"21,5 : 74.65"
"21,6 : 95.13"
"21,7 : 54.59"
"21,8 : 69.46"
"21,9 : 32.7"
"21,10 : 44.6"
"21,11 : 26.42"
"21,12 : 72.01"
"21,13 : 86.31"
"21,14 : 46.53"
"21,15 : 75.0"
"21,16 : 75.93"
"21,17 : 38.01"
"21,18 : 105.55"
"21,19 : 89.31"
"21,20 : 59.77"
"21,21 : 0.0"
"21,22 : 94.92"
"21,23 : 47.17"
"21,24 : 58.01"
"21,25 : 60.14"
"21,26 : 71.42"
"21,27 : 73.11"
"21,28 : 45.61"
"21,29 : 33.24"
"21,30 : 53.54"
"21,31 : 45.45"
"21,32 : 8.6"
"21,33 : 53.74"
"21,34 : 44.1"
"21,35 : 25.5"
"21,36 : 80.23"
"21,37 : 64.35"
"21,38 : 22.47"
"21,39 : 52.63"
"21,40 : 23.77"
"21,41 : 90.52"
"21,42 : 77.16"
"21,43 : 87.66"
"21,44 : 36.69"
"21,45 : 81.44"
"21,46 : 29.07"
"21,47 : 9.22"
"21,48 : 60.83"
"21,49 : 84.76"
"21,50 : 9.85"
"21,51 : 33.24"
"21,52 : 27.59"
"21,53 : 92.54"
"21,54 : 102.42"
"21,55 : 65.07"
"21,56 : 60.01"
"21,57 : 22.2"
"21,58 : 22.02"
"21,59 : 52.33"
"21,60 : 83.29"
"21,61 : 47.2"
"21,62 : 78.77"
"21,63 : 50.99"
"21,64 : 93.21"
"21,65 : 18.03"
"21,66 : 39.82"
"21,67 : 40.22"
"21,68 : 31.11"
"21,69 : 25.0"
"21,70 : 31.3"
"21,71 : 65.07"
"21,72 : 59.41"
"21,73 : 93.61"
"21,74 : 46.87"
"21,75 : 43.08"
"21,76 : 23.02"
"21,77 : 66.03"
"21,78 : 46.1"
"21,79 : 46.69"
"21,80 : 63.82"
"21,81 : 67.94"
"21,82 : 15.3"
"21,83 : 35.0"
"21,84 : 23.77"
"21,85 : 59.55"
"21,86 : 55.97"
"21,87 : 81.27"
"21,88 : 94.37"
"21,89 : 71.2"
"21,90 : 62.1"
"21,91 : 82.57"
"21,92 : 72.84"
"21,93 : 97.08"
"21,94 : 85.02"
"21,95 : 64.66"
"21,96 : 66.04"
"21,97 : 39.82"
"21,98 : 84.21"
"21,99 : 70.38"
"22,0 : 96.18"
"22,1 : 86.03"
"22,2 : 72.01"
"22,3 : 96.88"
"22,4 : 22.47"
"22,5 : 74.71"
"22,6 : 24.08"
"22,7 : 73.01"
"22,8 : 36.67"
"22,9 : 80.75"
"22,10 : 61.29"
"22,11 : 70.26"
"22,12 : 23.09"
"22,13 : 34.93"
"22,14 : 107.8"
"22,15 : 45.18"
"22,16 : 19.1"
"22,17 : 62.07"
"22,18 : 27.07"
"22,19 : 36.36"
"22,20 : 36.01"
"22,21 : 94.92"
"22,22 : 0.0"
"22,23 : 48.38"
"22,24 : 39.36"
"22,25 : 53.71"
"22,26 : 80.78"
"22,27 : 25.0"
"22,28 : 85.15"
"22,29 : 61.81"
"22,30 : 90.51"
"22,31 : 83.74"
"22,32 : 87.13"
"22,33 : 79.21"
"22,34 : 114.83"
"22,35 : 70.46"
"22,36 : 22.47"
"22,37 : 53.71"
"22,38 : 76.9"
"22,39 : 63.91"
"22,40 : 87.09"
"22,41 : 44.41"
"22,42 : 28.84"
"22,43 : 23.6"
"22,44 : 83.55"
"22,45 : 24.21"
"22,46 : 71.0"
"22,47 : 86.59"
"22,48 : 40.02"
"22,49 : 15.81"
"22,50 : 87.09"
"22,51 : 95.19"
"22,52 : 82.3"
"22,53 : 29.02"
"22,54 : 66.03"
"22,55 : 32.25"
"22,56 : 37.59"
"22,57 : 98.9"
"22,58 : 82.86"
"22,59 : 58.82"
"22,60 : 27.86"
"22,61 : 67.72"
"22,62 : 61.85"
"22,63 : 107.94"
"22,64 : 4.12"
"22,65 : 83.1"
"22,66 : 69.05"
"22,67 : 71.39"
"22,68 : 81.99"
"22,69 : 86.15"
"22,70 : 65.19"
"22,71 : 35.61"
"22,72 : 80.92"
"22,73 : 48.17"
"22,74 : 48.05"
"22,75 : 63.51"
"22,76 : 101.13"
"22,77 : 31.91"
"22,78 : 65.0"
"22,79 : 60.42"
"22,80 : 69.4"
"22,81 : 50.77"
"22,82 : 96.08"
"22,83 : 94.37"
"22,84 : 76.32"
"22,85 : 83.74"
"22,86 : 75.74"
"22,87 : 47.76"
"22,88 : 2.24"
"22,89 : 39.41"
"22,90 : 48.1"
"22,91 : 12.37"
"22,92 : 22.47"
"22,93 : 22.56"
"22,94 : 22.47"
"22,95 : 40.85"
"22,96 : 40.31"
"22,97 : 91.61"
"22,98 : 15.81"
"22,99 : 29.12"
"23,0 : 57.94"
"23,1 : 37.7"
"23,2 : 42.05"
"23,3 : 59.64"
"23,4 : 52.35"
"23,5 : 52.17"
"23,6 : 48.84"
"23,7 : 48.75"
"23,8 : 33.62"
"23,9 : 42.8"
"23,10 : 19.65"
"23,11 : 25.63"
"23,12 : 25.3"
"23,13 : 42.49"
"23,14 : 64.03"
"23,15 : 35.36"
"23,16 : 29.97"
"23,17 : 24.08"
"23,18 : 63.78"
"23,19 : 53.34"
"23,20 : 17.2"
"23,21 : 47.17"
"23,22 : 48.38"
"23,23 : 0.0"
"23,24 : 11.4"
"23,25 : 37.12"
"23,26 : 54.15"
"23,27 : 26.0"
"23,28 : 44.28"
"23,29 : 15.81"
"23,30 : 52.2"
"23,31 : 42.95"
"23,32 : 40.01"
"23,33 : 42.95"
"23,34 : 69.31"
"23,35 : 25.0"
"23,36 : 38.18"
"23,37 : 41.01"
"23,38 : 28.64"
"23,39 : 39.56"
"23,40 : 45.19"
"23,41 : 49.41"
"23,42 : 31.32"
"23,43 : 46.69"
"23,44 : 47.51"
"23,45 : 40.36"
"23,46 : 29.15"
"23,47 : 38.47"
"23,48 : 25.0"
"23,49 : 40.8"
"23,50 : 38.83"
"23,51 : 49.5"
"23,52 : 35.47"
"23,53 : 47.13"
"23,54 : 67.36"
"23,55 : 18.03"
"23,56 : 13.34"
"23,57 : 51.11"
"23,58 : 34.99"
"23,59 : 34.48"
"23,60 : 37.64"
"23,61 : 38.95"
"23,62 : 47.41"
"23,63 : 65.46"
"23,64 : 46.32"
"23,65 : 38.6"
"23,66 : 34.83"
"23,67 : 37.64"
"23,68 : 36.07"
"23,69 : 44.72"
"23,70 : 21.47"
"23,71 : 19.31"
"23,72 : 47.38"
"23,73 : 53.41"
"23,74 : 5.1"
"23,75 : 21.19"
"23,76 : 53.34"
"23,77 : 19.1"
"23,78 : 35.36"
"23,79 : 30.87"
"23,80 : 41.3"
"23,81 : 42.11"
"23,82 : 51.2"
"23,83 : 56.3"
"23,84 : 28.18"
"23,85 : 49.65"
"23,86 : 41.3"
"23,87 : 42.43"
"23,88 : 48.1"
"23,89 : 28.6"
"23,90 : 23.85"
"23,91 : 36.06"
"23,92 : 25.96"
"23,93 : 55.23"
"23,94 : 38.47"
"23,95 : 31.05"
"23,96 : 32.28"
"23,97 : 48.01"
"23,98 : 37.05"
"23,99 : 29.21"
"24,0 : 60.21"
"24,1 : 47.3"
"24,2 : 40.02"
"24,3 : 70.49"
"24,4 : 47.43"
"24,5 : 48.0"
"24,6 : 37.48"
"24,7 : 56.86"
"24,8 : 34.06"
"24,9 : 53.54"
"24,10 : 22.63"
"24,11 : 37.0"
"24,12 : 17.03"
"24,13 : 31.38"
"24,14 : 69.35"
"24,15 : 26.08"
"24,16 : 22.63"
"24,17 : 34.21"
"24,18 : 58.26"
"24,19 : 51.55"
"24,20 : 17.03"
"24,21 : 58.01"
"24,22 : 39.36"
"24,23 : 11.4"
"24,24 : 0.0"
"24,25 : 42.38"
"24,26 : 51.48"
"24,27 : 15.3"
"24,28 : 47.63"
"24,29 : 27.2"
"24,30 : 54.38"
"24,31 : 46.23"
"24,32 : 51.16"
"24,33 : 43.83"
"24,34 : 75.8"
"24,35 : 36.4"
"24,36 : 34.0"
"24,37 : 45.61"
"24,38 : 38.08"
"24,39 : 47.17"
"24,40 : 56.46"
"24,41 : 38.95"
"24,42 : 19.92"
"24,43 : 42.54"
"24,44 : 58.01"
"24,45 : 36.67"
"24,46 : 40.25"
"24,47 : 49.09"
"24,48 : 27.29"
"24,49 : 34.83"
"24,50 : 49.25"
"24,51 : 56.04"
"24,52 : 42.94"
"24,53 : 35.74"
"24,54 : 58.25"
"24,55 : 7.28"
"24,56 : 2.0"
"24,57 : 59.62"
"24,58 : 43.66"
"24,59 : 41.68"
"24,60 : 26.25"
"24,61 : 47.63"
"24,62 : 40.52"
"24,63 : 70.04"
"24,64 : 36.77"
"24,65 : 50.0"
"24,66 : 44.6"
"24,67 : 47.42"
"24,68 : 42.72"
"24,69 : 55.95"
"24,70 : 32.7"
"24,71 : 8.06"
"24,72 : 47.17"
"24,73 : 43.14"
"24,74 : 14.42"
"24,75 : 24.76"
"24,76 : 61.85"
"24,77 : 8.06"
"24,78 : 44.05"
"24,79 : 39.2"
"24,80 : 38.47"
"24,81 : 45.71"
"24,82 : 62.59"
"24,83 : 67.23"
"24,84 : 37.36"
"24,85 : 49.77"
"24,86 : 41.23"
"24,87 : 33.02"
"24,88 : 39.45"
"24,89 : 18.44"
"24,90 : 17.12"
"24,91 : 27.46"
"24,92 : 17.2"
"24,93 : 50.0"
"24,94 : 27.17"
"24,95 : 33.14"
"24,96 : 34.06"
"24,97 : 53.08"
"24,98 : 26.48"
"24,99 : 26.93"
"25,0 : 92.76"
"25,1 : 60.21"
"25,2 : 79.16"
"25,3 : 46.1"
"25,4 : 41.01"
"25,5 : 89.11"
"25,6 : 68.68"
"25,7 : 19.31"
"25,8 : 17.09"
"25,9 : 32.89"
"25,10 : 56.04"
"25,11 : 35.0"
"25,12 : 39.62"
"25,13 : 69.4"
"25,14 : 94.54"
"25,15 : 68.03"
"25,16 : 38.42"
"25,17 : 23.02"
"25,18 : 51.24"
"25,19 : 31.32"
"25,20 : 26.42"
"25,21 : 60.14"
"25,22 : 53.71"
"25,23 : 37.12"
"25,24 : 42.38"
"25,25 : 0.0"
"25,26 : 91.27"
"25,27 : 47.01"
"25,28 : 78.64"
"25,29 : 34.18"
"25,30 : 87.3"
"25,31 : 77.47"
"25,32 : 51.62"
"25,33 : 79.23"
"25,34 : 97.13"
"25,35 : 36.62"
"25,36 : 31.62"
"25,37 : 4.47"
"25,38 : 54.13"
"25,39 : 11.0"
"25,40 : 42.05"
"25,41 : 78.77"
"25,42 : 56.61"
"25,43 : 35.13"
"25,44 : 33.54"
"25,45 : 30.81"
"25,46 : 31.11"
"25,47 : 55.44"
"25,48 : 16.4"
"25,49 : 38.28"
"25,50 : 57.01"
"25,51 : 78.79"
"25,52 : 64.62"
"25,53 : 70.04"
"25,54 : 99.76"
"25,55 : 43.42"
"25,56 : 43.08"
"25,57 : 75.17"
"25,58 : 61.27"
"25,59 : 8.06"
"25,60 : 61.85"
"25,61 : 16.28"
"25,62 : 82.86"
"25,63 : 97.14"
"25,64 : 54.59"
"25,65 : 42.8"
