x,y
7,70
74,7
47,31
53,94
82,18
0,27
66,31
67,10
42,13
58,84
46,48
46,0
40,29
13,14
13,82
47,34
16,74
30,29
15,5
7,64
63,54
67,60
34,38
9,5
38,51
10,7
96,52
32,85
51,97
26,14
47,6
54,92
52,54
48,75
0,20
60,42
42,51
45,38
96,26
20,49
6,53
67,95
98,4
66,49
2,84
41,22
66,73
60,89
57,60
73,99
76,39
8,10
38,85
70,60
58,4
40,85
100,30
71,29
100,14
86,47
82,8
18,92
12,21
3,48
92,25
52,88
88,100
52,76
20,64
63,96
58,81
88,11
15,10
88,59
29,5
36,54
50,17
38,46
75,58
26,55
31,31
54,96
98,58
23,38
61,33
33,88
11,11
96,57
10,27
75,15
0,17
56,79
99,90
41,45
21,29
89,41
24,18
65,11
87,38
65,38

Distanze
"0,0 : 0.0"
"0,1 : 91.97"
"0,2 : 55.87"
"0,3 : 51.88"
"0,4 : 91.26"
"0,5 : 43.57"
"0,6 : 70.72"
"0,7 : 84.85"
"0,8 : 66.89"
"0,9 : 52.89"
"0,10 : 44.78"
"0,11 : 80.13"
"0,12 : 52.63"
"0,13 : 56.32"
"0,14 : 13.42"
"0,15 : 53.81"
"0,16 : 9.85"
"0,17 : 47.01"
"0,18 : 65.49"
"0,19 : 6.0"
"0,20 : 58.24"
"0,21 : 60.83"
"0,22 : 41.87"
"0,23 : 65.03"
"0,24 : 36.36"
"0,25 : 63.07"
"0,26 : 90.8"
"0,27 : 29.15"
"0,28 : 51.62"
"0,29 : 59.14"
"0,30 : 75.47"
"0,31 : 51.89"
"0,32 : 47.76"
"0,33 : 41.3"
"0,34 : 50.49"
"0,35 : 59.94"
"0,36 : 39.82"
"0,37 : 49.68"
"0,38 : 99.28"
"0,39 : 24.7"
"0,40 : 17.03"
"0,41 : 65.0"
"0,42 : 112.41"
"0,43 : 62.63"
"0,44 : 14.87"
"0,45 : 58.82"
"0,46 : 59.08"
"0,47 : 56.3"
"0,48 : 50.99"
"0,49 : 72.09"
"0,50 : 75.64"
"0,51 : 60.01"
"0,52 : 34.44"
"0,53 : 63.79"
"0,54 : 83.41"
"0,55 : 36.25"
"0,56 : 101.24"
"0,57 : 76.01"
"0,58 : 108.56"
"0,59 : 82.28"
"0,60 : 97.31"
"0,61 : 24.6"
"0,62 : 49.25"
"0,63 : 22.36"
"0,64 : 96.18"
"0,65 : 48.47"
"0,66 : 86.38"
"0,67 : 45.4"
"0,68 : 14.32"
"0,69 : 61.74"
"0,70 : 52.17"
"0,71 : 100.21"
"0,72 : 60.53"
"0,73 : 81.74"
"0,74 : 68.62"
"0,75 : 33.12"
"0,76 : 68.25"
"0,77 : 39.2"
"0,78 : 69.05"
"0,79 : 24.21"
"0,80 : 45.79"
"0,81 : 53.71"
"0,82 : 91.79"
"0,83 : 35.78"
"0,84 : 65.46"
"0,85 : 31.62"
"0,86 : 59.14"
"0,87 : 89.94"
"0,88 : 43.1"
"0,89 : 87.46"
"0,90 : 53.46"
"0,91 : 49.82"
"0,92 : 94.15"
"0,93 : 42.2"
"0,94 : 43.32"
"0,95 : 86.98"
"0,96 : 54.71"
"0,97 : 82.73"
"0,98 : 86.16"
"0,99 : 66.24"
"1,0 : 91.97"
"1,1 : 0.0"
"1,2 : 36.12"
"1,3 : 89.5"
"1,4 : 13.6"
"1,5 : 76.66"
"1,6 : 25.3"
"1,7 : 7.62"
"1,8 : 32.56"
"1,9 : 78.64"
"1,10 : 49.65"
"1,11 : 28.86"
"1,12 : 40.5"
"1,13 : 61.4"
"1,14 : 96.67"
"1,15 : 38.18"
"1,16 : 88.62"
"1,17 : 49.19"
"1,18 : 59.03"
"1,19 : 87.97"
"1,20 : 48.27"
"1,21 : 53.46"
"1,22 : 50.61"
"1,23 : 65.03"
"1,24 : 56.85"
"1,25 : 64.0"
"1,26 : 50.09"
"1,27 : 88.59"
"1,28 : 92.89"
"1,29 : 48.51"
"1,30 : 27.02"
"1,31 : 87.32"
"1,32 : 51.89"
"1,33 : 72.8"
"1,34 : 75.13"
"1,35 : 37.7"
"1,36 : 54.41"
"1,37 : 42.45"
"1,38 : 29.07"
"1,39 : 68.41"
"1,40 : 82.1"
"1,41 : 88.28"
"1,42 : 24.19"
"1,43 : 42.76"
"1,44 : 105.42"
"1,45 : 36.25"
"1,46 : 66.48"
"1,47 : 83.19"
"1,48 : 55.66"
"1,49 : 92.01"
"1,50 : 32.06"
"1,51 : 66.07"
"1,52 : 85.91"
"1,53 : 53.15"
"1,54 : 16.28"
"1,55 : 85.09"
"1,56 : 34.71"
"1,57 : 22.2"
"1,58 : 26.93"
"1,59 : 41.76"
"1,60 : 8.06"
"1,61 : 101.79"
"1,62 : 63.56"
"1,63 : 81.99"
"1,64 : 25.46"
"1,65 : 83.93"
"1,66 : 94.05"
"1,67 : 72.42"
"1,68 : 78.52"
"1,69 : 89.68"
"1,70 : 75.71"
"1,71 : 14.56"
"1,72 : 59.08"
"1,73 : 53.85"
"1,74 : 45.04"
"1,75 : 60.44"
"1,76 : 26.0"
"1,77 : 53.08"
"1,78 : 51.01"
"1,79 : 67.88"
"1,80 : 49.24"
"1,81 : 91.22"
"1,82 : 56.36"
"1,83 : 59.68"
"1,84 : 29.07"
"1,85 : 90.79"
"1,86 : 63.13"
"1,87 : 54.63"
"1,88 : 67.05"
"1,89 : 8.06"
"1,90 : 74.67"
"1,91 : 74.22"
"1,92 : 86.68"
"1,93 : 50.33"
"1,94 : 57.38"
"1,95 : 37.16"
"1,96 : 51.2"
"1,97 : 9.85"
"1,98 : 33.62"
"1,99 : 32.28"
"2,0 : 55.87"
"2,1 : 36.12"
"2,2 : 0.0"
"2,3 : 63.29"
"2,4 : 37.34"
"2,5 : 47.17"
"2,6 : 19.0"
"2,7 : 29.0"
"2,8 : 18.68"
"2,9 : 54.13"
"2,10 : 17.03"
"2,11 : 31.02"
"2,12 : 7.28"
"2,13 : 38.01"
"2,14 : 61.29"
"2,15 : 3.0"
"2,16 : 53.01"
"2,17 : 17.12"
"2,18 : 41.23"
"2,19 : 51.86"
"2,20 : 28.02"
"2,21 : 35.23"
"2,22 : 14.76"
"2,23 : 46.04"
"2,24 : 21.93"
"2,25 : 44.1"
"2,26 : 53.31"
"2,27 : 56.04"
"2,28 : 66.12"
"2,29 : 27.02"
"2,30 : 25.0"
"2,31 : 61.4"
"2,32 : 23.54"
"2,33 : 44.01"
"2,34 : 48.27"
"2,35 : 17.03"
"2,36 : 20.62"
"2,37 : 7.28"
"2,38 : 49.25"
"2,39 : 32.45"
"2,40 : 46.53"
"2,41 : 67.05"
"2,42 : 57.71"
"2,43 : 26.17"
"2,44 : 69.53"
"2,45 : 10.82"
"2,46 : 46.1"
"2,47 : 59.44"
"2,48 : 30.68"
"2,49 : 72.8"
"2,50 : 30.08"
"2,51 : 44.29"
"2,52 : 54.74"
"2,53 : 37.01"
"2,54 : 29.15"
"2,55 : 54.45"
"2,56 : 53.01"
"2,57 : 24.08"
"2,58 : 55.66"
"2,59 : 42.15"
"2,60 : 41.88"
"2,61 : 67.54"
"2,62 : 36.4"
"2,63 : 47.17"
"2,64 : 45.4"
"2,65 : 57.22"
"2,66 : 80.26"
"2,67 : 45.28"
"2,68 : 42.64"
"2,69 : 66.94"
"2,70 : 51.2"
"2,71 : 45.62"
"2,72 : 38.28"
"2,73 : 49.65"
"2,74 : 31.62"
"2,75 : 25.5"
"2,76 : 14.32"
"2,77 : 17.49"
"2,78 : 38.9"
"2,79 : 31.89"
"2,80 : 16.0"
"2,81 : 65.38"
"2,82 : 57.71"
"2,83 : 25.0"
"2,84 : 14.14"
"2,85 : 58.69"
"2,86 : 41.18"
"2,87 : 55.47"
"2,88 : 37.22"
"2,89 : 32.25"
"2,90 : 49.04"
"2,91 : 48.84"
"2,92 : 78.64"
"2,93 : 15.23"
"2,94 : 26.08"
"2,95 : 43.17"
"2,96 : 26.42"
"2,97 : 26.91"
"2,98 : 40.61"
"2,99 : 19.31"
"3,0 : 51.88"
"3,1 : 89.5"
"3,2 : 63.29"
"3,3 : 0.0"
"3,4 : 81.34"
"3,5 : 85.43"
"3,6 : 64.33"
"3,7 : 85.16"
"3,8 : 81.74"
"3,9 : 11.18"
"3,10 : 46.53"
"3,11 : 94.26"
"3,12 : 66.29"
"3,13 : 89.44"
"3,14 : 41.76"
"3,15 : 60.3"
"3,16 : 42.06"
"3,17 : 68.95"
"3,18 : 96.77"
"3,19 : 54.92"
"3,20 : 41.23"
"3,21 : 36.77"
"3,22 : 59.14"
"3,23 : 99.28"
"3,24 : 45.54"
"3,25 : 97.05"
"3,26 : 60.11"
"3,27 : 22.85"
"3,28 : 3.61"
"3,29 : 84.43"
"3,30 : 88.2"
"3,31 : 2.24"
"3,32 : 40.01"
"3,33 : 19.65"
"3,34 : 91.02"
"3,35 : 52.47"
"3,36 : 44.38"
"3,37 : 56.57"
"3,38 : 80.45"
"3,39 : 55.8"
"3,40 : 62.37"
"3,41 : 14.04"
"3,42 : 100.62"
"3,43 : 46.84"
"3,44 : 51.97"
"3,45 : 72.99"
"3,46 : 24.7"
"3,47 : 8.6"
"3,48 : 34.23"
"3,49 : 20.62"
"3,50 : 59.62"
"3,51 : 95.29"
"3,52 : 17.49"
"3,53 : 38.01"
"3,54 : 90.14"
"3,55 : 15.81"
"3,56 : 79.4"
"3,57 : 67.45"
"3,58 : 92.78"
"3,59 : 57.43"
"3,60 : 90.76"
"3,61 : 35.06"
"3,62 : 83.73"
"3,63 : 67.94"
"3,64 : 79.26"
"3,65 : 6.08"
"3,66 : 35.51"
"3,67 : 18.03"
"3,68 : 44.6"
"3,69 : 10.2"
"3,70 : 13.93"
"3,71 : 90.08"
"3,72 : 92.2"
"3,73 : 49.5"
"3,74 : 92.18"
"3,75 : 43.46"
"3,76 : 77.06"
"3,77 : 50.29"
"3,78 : 42.19"
"3,79 : 47.43"
"3,80 : 66.73"
"3,81 : 2.24"
"3,82 : 57.63"
"3,83 : 63.53"
"3,84 : 61.52"
"3,85 : 20.88"
"3,86 : 93.02"
"3,87 : 56.73"
"3,88 : 79.61"
"3,89 : 82.01"
"3,90 : 93.48"
"3,91 : 15.3"
"3,92 : 46.17"
"3,93 : 50.45"
"3,94 : 72.45"
"3,95 : 64.07"
"3,96 : 81.34"
"3,97 : 83.86"
"3,98 : 65.51"
"3,99 : 57.27"
"4,0 : 91.26"
"4,1 : 13.6"
"4,2 : 37.34"
"4,3 : 81.34"
"4,4 : 0.0"
"4,5 : 82.49"
"4,6 : 20.62"
"4,7 : 17.0"
"4,8 : 40.31"
"4,9 : 70.23"
"4,10 : 46.86"
"4,11 : 40.25"
"4,12 : 43.42"
"4,13 : 69.12"
"4,14 : 94.11"
"4,15 : 38.48"
"4,16 : 86.56"
"4,17 : 53.15"
"4,18 : 68.25"
"4,19 : 87.98"
"4,20 : 40.71"
"4,21 : 44.6"
"4,22 : 52.0"
"4,23 : 74.15"
"4,24 : 55.0"
"4,25 : 72.84"
"4,26 : 36.77"
"4,27 : 83.6"
"4,28 : 84.86"
"4,29 : 56.14"
"4,30 : 37.0"
"4,31 : 79.12"
"4,32 : 46.86"
"4,33 : 66.37"
"4,34 : 82.02"
"4,35 : 32.56"
"4,36 : 51.86"
"4,37 : 42.06"
"4,38 : 16.12"
"4,39 : 69.32"
"4,40 : 83.67"
"4,41 : 78.45"
"4,42 : 21.26"
"4,43 : 34.89"
"4,44 : 103.71"
"4,45 : 41.19"
"4,46 : 57.28"
"4,47 : 74.33"
"4,48 : 48.88"
"4,49 : 81.5"
"4,50 : 21.84"
"4,51 : 74.43"
"4,52 : 80.16"
"4,53 : 43.68"
"4,54 : 27.78"
"4,55 : 79.08"
"4,56 : 21.63"
"4,57 : 15.56"
"4,58 : 18.44"
"4,59 : 29.27"
"4,60 : 10.0"
"4,61 : 97.84"
"4,62 : 70.06"
"4,63 : 84.5"
"4,64 : 12.21"
"4,65 : 76.16"
"4,66 : 82.22"
"4,67 : 65.3"
"4,68 : 77.2"
"4,69 : 80.28"
"4,70 : 67.42"
"4,71 : 9.22"
"4,72 : 67.48"
"4,73 : 41.44"
"4,74 : 54.57"
"4,75 : 58.41"
"4,76 : 32.02"
"4,77 : 52.15"
"4,78 : 40.61"
"4,79 : 67.12"
"4,80 : 52.63"
"4,81 : 82.87"
"4,82 : 43.08"
"4,83 : 62.3"
"4,84 : 25.81"
"4,85 : 85.45"
"4,86 : 71.34"
"4,87 : 41.44"
"4,88 : 72.56"
"4,89 : 7.62"
"4,90 : 82.01"
"4,91 : 66.31"
"4,92 : 73.98"
"4,93 : 49.09"
"4,94 : 61.98"
"4,95 : 24.04"
"4,96 : 58.0"
"4,97 : 18.38"
"4,98 : 20.62"
"4,99 : 26.25"
"5,0 : 43.57"
"5,1 : 76.66"
"5,2 : 47.17"
"5,3 : 85.43"
"5,4 : 82.49"
"5,5 : 0.0"
"5,6 : 66.12"
"5,7 : 69.12"
"5,8 : 44.27"
"5,9 : 81.32"
"5,10 : 50.57"
"5,11 : 53.34"
"5,12 : 40.05"
"5,13 : 18.38"
"5,14 : 56.52"
"5,15 : 47.52"
"5,16 : 49.65"
"5,17 : 30.07"
"5,18 : 26.63"
"5,19 : 37.66"
"5,20 : 68.54"
"5,21 : 74.69"
"5,22 : 35.74"
"5,23 : 23.77"
"5,24 : 44.94"
"5,25 : 22.36"
"5,26 : 99.2"
"5,27 : 66.24"
"5,28 : 86.61"
"5,29 : 29.07"
"5,30 : 51.48"
"5,31 : 84.5"
"5,32 : 58.59"
"5,33 : 67.88"
"5,34 : 7.0"
"5,35 : 61.85"
"5,36 : 48.37"
"5,37 : 46.32"
"5,38 : 96.01"
"5,39 : 29.73"
"5,40 : 26.68"
"5,41 : 95.46"
"5,42 : 100.66"
"5,43 : 69.57"
"5,44 : 57.04"
"5,45 : 41.3"
"5,46 : 80.45"
"5,47 : 86.28"
"5,48 : 65.86"
"5,49 : 102.53"
"5,50 : 76.94"
"5,51 : 18.79"
"5,52 : 69.34"
"5,53 : 77.39"
"5,54 : 62.39"
"5,55 : 70.46"
"5,56 : 100.04"
"5,57 : 71.03"
"5,58 : 100.84"
"5,59 : 88.29"
"5,60 : 84.17"
"5,61 : 67.45"
"5,62 : 13.42"
"5,63 : 21.21"
"5,64 : 92.02"
"5,65 : 80.16"
"5,66 : 114.34"
"5,67 : 71.45"
"5,68 : 42.06"
"5,69 : 93.43"
"5,70 : 79.25"
"5,71 : 89.44"
"5,72 : 22.67"
"5,73 : 93.64"
"5,74 : 36.4"
"5,75 : 45.0"
"5,76 : 50.99"
"5,77 : 42.49"
"5,78 : 81.15"
"5,79 : 38.21"
"5,80 : 31.26"
"5,81 : 87.62"
"5,82 : 102.79"
"5,83 : 25.5"
"5,84 : 61.29"
"5,85 : 69.35"
"5,86 : 19.42"
"5,87 : 100.58"
"5,88 : 10.0"
"5,89 : 75.95"
"5,90 : 10.0"
"5,91 : 76.42"
"5,92 : 117.35"
"5,93 : 44.78"
"5,94 : 21.1"
"5,95 : 90.09"
"5,96 : 25.63"
"5,97 : 66.94"
"5,98 : 87.69"
"5,99 : 65.92"
"6,0 : 70.72"
"6,1 : 25.3"
"6,2 : 19.0"
"6,3 : 64.33"
"6,4 : 20.62"
"6,5 : 66.12"
"6,6 : 0.0"
"6,7 : 21.02"
"6,8 : 30.0"
"6,9 : 53.6"
"6,10 : 26.25"
"6,11 : 36.89"
"6,12 : 26.08"
"6,13 : 55.66"
"6,14 : 73.55"
"6,15 : 19.24"
"6,16 : 65.95"
"6,17 : 36.06"
"6,18 : 57.25"
"6,19 : 67.6"
"6,20 : 23.19"
"6,21 : 29.02"
"6,22 : 32.76"
"6,23 : 62.65"
"6,24 : 34.41"
"6,25 : 60.93"
"6,26 : 36.62"
"6,27 : 63.81"
"6,28 : 67.68"
"6,29 : 43.46"
"6,30 : 31.4"
"6,31 : 62.17"
"6,32 : 26.93"
"6,33 : 47.54"
"6,34 : 66.91"
"6,35 : 12.53"
"6,36 : 31.24"
"6,37 : 22.14"
"6,38 : 30.41"
"6,39 : 49.4"
"6,40 : 63.91"
"6,41 : 64.01"
"6,42 : 41.87"
"6,43 : 18.0"
"6,44 : 83.1"
"6,45 : 26.57"
"6,46 : 42.0"
"6,47 : 58.31"
"6,48 : 30.36"
"6,49 : 68.36"
"6,50 : 12.81"
"6,51 : 61.68"
"6,52 : 60.83"
"6,53 : 29.27"
"6,54 : 28.16"
"6,55 : 59.93"
"6,56 : 34.01"
"6,57 : 5.39"
"6,58 : 38.01"
"6,59 : 25.61"
"6,60 : 28.02"
"6,61 : 77.62"
"6,62 : 54.92"
"6,63 : 65.25"
"6,64 : 26.68"
"6,65 : 58.69"
"6,66 : 72.42"
"6,67 : 47.13"
"6,68 : 56.61"
"6,69 : 65.07"
"6,70 : 50.64"
"6,71 : 29.73"
"6,72 : 55.15"
"6,73 : 35.61"
"6,74 : 45.22"
"6,75 : 37.8"
"6,76 : 21.26"
"6,77 : 31.76"
"6,78 : 28.46"
"6,79 : 46.65"
"6,80 : 35.0"
"6,81 : 66.1"
"6,82 : 41.87"
"6,83 : 43.57"
"6,84 : 5.39"
"6,85 : 65.86"
"6,86 : 58.52"
"6,87 : 39.7"
"6,88 : 56.14"
"6,89 : 18.36"
"6,90 : 67.47"
"6,91 : 49.03"
"6,92 : 67.6"
"6,93 : 28.65"
"6,94 : 45.04"
"6,95 : 25.08"
"6,96 : 43.97"
"6,97 : 20.02"
"6,98 : 22.14"
"6,99 : 7.07"
"7,0 : 84.85"
"7,1 : 7.62"
"7,2 : 29.0"
"7,3 : 85.16"
"7,4 : 17.0"
"7,5 : 69.12"
"7,6 : 21.02"
"7,7 : 0.0"
"7,8 : 25.18"
"7,9 : 74.55"
"7,10 : 43.42"
"7,11 : 23.26"
"7,12 : 33.02"
"7,13 : 54.15"
"7,14 : 90.0"
"7,15 : 31.24"
"7,16 : 81.84"
"7,17 : 41.59"
"7,18 : 52.24"
"7,19 : 80.72"
"7,20 : 44.18"
"7,21 : 50.0"
"7,22 : 43.28"
"7,23 : 58.22"
"7,24 : 50.22"
"7,25 : 57.08"
"7,26 : 51.04"
"7,27 : 82.76"
"7,28 : 88.46"
"7,29 : 41.19"
"7,30 : 20.4"
"7,31 : 83.02"
"7,32 : 46.49"
"7,33 : 67.72"
"7,34 : 67.74"
"7,35 : 32.76"
"7,36 : 48.02"
"7,37 : 35.61"
"7,38 : 33.12"
"7,39 : 61.07"
"7,40 : 74.63"
"7,41 : 85.0"
"7,42 : 31.58"
"7,43 : 39.01"
"7,44 : 98.49"
"7,45 : 28.64"
"7,46 : 63.01"
"7,47 : 79.31"
"7,48 : 50.99"
"7,49 : 89.2"
"7,50 : 30.36"
"7,51 : 59.0"
"7,52 : 80.41"
"7,53 : 50.09"
"7,54 : 10.82"
"7,55 : 79.71"
"7,56 : 38.59"
"7,57 : 19.42"
"7,58 : 33.24"
"7,59 : 41.59"
"7,60 : 15.13"
"7,61 : 95.52"
"7,62 : 56.09"
"7,63 : 74.43"
"7,64 : 29.15"
"7,65 : 79.43"
"7,66 : 92.42"
"7,67 : 67.68"
"7,68 : 71.59"
"7,69 : 86.09"
"7,70 : 71.57"
"7,71 : 21.02"
"7,72 : 52.0"
"7,73 : 53.31"
"7,74 : 38.33"
"7,75 : 53.82"
"7,76 : 18.38"
"7,77 : 46.23"
"7,78 : 48.66"
"7,79 : 60.88"
"7,80 : 41.68"
"7,81 : 86.98"
"7,82 : 57.14"
"7,83 : 52.15"
"7,84 : 23.77"
"7,85 : 85.09"
"7,86 : 56.01"
"7,87 : 55.23"
"7,88 : 59.48"
"7,89 : 9.43"
"7,90 : 67.36"
"7,91 : 69.87"
"7,92 : 86.16"
"7,93 : 43.6"
"7,94 : 49.77"
"7,95 : 38.01"
"7,96 : 43.74"
"7,97 : 2.24"
"7,98 : 34.41"
"7,99 : 28.07"
"8,0 : 66.89"
"8,1 : 32.56"
"8,2 : 18.68"
"8,3 : 81.74"
"8,4 : 40.31"
"8,5 : 44.27"
"8,6 : 30.0"
"8,7 : 25.18"
"8,8 : 0.0"
"8,9 : 72.78"
"8,10 : 35.23"
"8,11 : 13.6"
"8,12 : 16.12"
"8,13 : 29.02"
"8,14 : 74.85"
"8,15 : 21.59"
"8,16 : 66.31"
"8,17 : 20.0"
"8,18 : 28.16"
"8,19 : 61.85"
"8,20 : 46.07"
"8,21 : 53.24"
"8,22 : 26.25"
"8,23 : 33.96"
"8,24 : 38.21"
"8,25 : 32.56"
"8,26 : 66.61"
"8,27 : 72.69"
"8,28 : 84.48"
"8,29 : 16.03"
"8,30 : 8.6"
"8,31 : 79.91"
"8,32 : 42.2"
"8,33 : 62.29"
"8,34 : 42.58"
"8,35 : 34.13"
"8,36 : 38.0"
"8,37 : 25.18"
"8,38 : 55.54"
"8,39 : 42.19"
"8,40 : 53.81"
"8,41 : 85.73"
"8,42 : 56.72"
"8,43 : 43.27"
"8,44 : 81.49"
"8,45 : 9.06"
"8,46 : 64.62"
"8,47 : 78.1"
"8,48 : 49.34"
"8,49 : 91.42"
"8,50 : 42.8"
"8,51 : 34.13"
"8,52 : 72.11"
"8,53 : 54.71"
"8,54 : 18.36"
"8,55 : 72.03"
"8,56 : 60.44"
"8,57 : 33.12"
"8,58 : 58.01"
"8,59 : 55.61"
"8,60 : 40.31"
"8,61 : 82.57"
"8,62 : 31.05"
"8,63 : 52.4"
"8,64 : 51.42"
"8,65 : 75.66"
"8,66 : 98.41"
"8,67 : 63.79"
"8,68 : 55.54"
"8,69 : 85.62"
"8,70 : 69.86"
"8,71 : 46.04"
"8,72 : 27.17"
"8,73 : 65.05"
"8,74 : 15.26"
"8,75 : 41.44"
"8,76 : 8.94"
"8,77 : 33.24"
"8,78 : 55.8"
"8,79 : 44.94"
"8,80 : 21.1"
"8,81 : 83.86"
"8,82 : 71.84"
"8,83 : 31.4"
"8,84 : 27.59"
"8,85 : 75.54"
"8,86 : 31.06"
"8,87 : 69.66"
"8,88 : 34.93"
"8,89 : 33.06"
"8,90 : 42.19"
"8,91 : 67.47"
"8,92 : 95.8"
"8,93 : 32.02"
"8,94 : 26.4"
"8,95 : 54.71"
"8,96 : 18.68"
"8,97 : 23.09"
"8,98 : 51.48"
"8,99 : 33.97"
"9,0 : 52.89"
"9,1 : 78.64"
"9,2 : 54.13"
"9,3 : 11.18"
"9,4 : 70.23"
"9,5 : 81.32"
"9,6 : 53.6"
"9,7 : 74.55"
"9,8 : 72.78"
"9,9 : 0.0"
"9,10 : 37.95"
"9,11 : 84.85"
"9,12 : 57.87"
"9,13 : 83.22"
"9,14 : 45.04"
"9,15 : 51.2"
"9,16 : 43.17"
"9,17 : 61.72"
"9,18 : 89.94"
"9,19 : 54.78"
"9,20 : 30.41"
"9,21 : 25.63"
"9,22 : 51.88"
"9,23 : 92.96"
"9,24 : 38.59"
"9,25 : 90.74"
"9,26 : 49.68"
"9,27 : 26.02"
"9,28 : 14.76"
"9,29 : 76.97"
"9,30 : 78.77"
"9,31 : 8.94"
"9,32 : 30.59"
"9,33 : 13.45"
"9,34 : 86.37"
"9,35 : 42.05"
"9,36 : 36.67"
"9,37 : 47.8"
"9,38 : 69.34"
"9,39 : 51.66"
"9,40 : 60.54"
"9,41 : 14.21"
"9,42 : 89.44"
"9,43 : 35.9"
"9,44 : 56.0"
"9,45 : 64.29"
"9,46 : 13.6"
"9,47 : 5.39"
"9,48 : 24.02"
"9,49 : 21.21"
"9,50 : 48.47"
"9,51 : 89.31"
"9,52 : 20.02"
"9,53 : 26.83"
"9,54 : 80.0"
"9,55 : 18.03"
"9,56 : 68.41"
"9,57 : 56.52"
"9,58 : 81.63"
"9,59 : 46.4"
"9,60 : 79.7"
"9,61 : 40.79"
"9,62 : 78.01"
"9,63 : 65.73"
"9,64 : 68.1"
"9,65 : 7.21"
"9,66 : 34.0"
"9,67 : 10.0"
"9,68 : 42.94"
"9,69 : 13.0"
"9,70 : 3.0"
"9,71 : 78.92"
"9,72 : 85.59"
"9,73 : 39.05"
"9,74 : 84.15"
"9,75 : 37.2"
"9,76 : 67.48"
"9,77 : 42.94"
"9,78 : 31.06"
"9,79 : 43.19"
"9,80 : 59.48"
"9,81 : 12.65"
"9,82 : 47.71"
"9,83 : 57.8"
"9,84 : 51.09"
"9,85 : 25.32"
"9,86 : 86.82"
"9,87 : 46.62"
"9,88 : 74.52"
"9,89 : 71.06"
"9,90 : 88.62"
"9,91 : 5.39"
"9,92 : 41.44"
"9,93 : 42.54"
"9,94 : 66.29"
"9,95 : 53.01"
"9,96 : 74.24"
"9,97 : 73.33"
"9,98 : 54.38"
"9,99 : 46.53"
"10,0 : 44.78"
"10,1 : 49.65"
"10,2 : 17.03"
"10,3 : 46.53"
"10,4 : 46.86"
"10,5 : 50.57"
"10,6 : 26.25"
"10,7 : 43.42"
"10,8 : 35.23"
"10,9 : 37.95"
"10,10 : 0.0"
"10,11 : 48.0"
"10,12 : 19.92"
"10,13 : 47.38"
"10,14 : 47.38"
"10,15 : 14.04"
"10,16 : 39.7"
"10,17 : 24.84"
"10,18 : 53.01"
"10,19 : 42.15"
"10,20 : 18.03"
"10,21 : 24.19"
"10,22 : 15.62"
"10,23 : 56.73"
"10,24 : 8.54"
"10,25 : 54.56"
"10,26 : 50.16"
"10,27 : 39.56"
"10,28 : 49.25"
"10,29 : 39.45"
"10,30 : 42.01"
"10,31 : 44.72"
"10,32 : 8.49"
"10,33 : 27.07"
"10,34 : 53.85"
"10,35 : 15.23"
"10,36 : 5.0"
"10,37 : 10.05"
"10,38 : 54.63"
"10,39 : 26.02"
"10,40 : 40.31"
"10,41 : 51.48"
"10,42 : 68.12"
"10,43 : 20.02"
"10,44 : 56.85"
"10,45 : 26.48"
"10,46 : 32.02"
"10,47 : 43.32"
"10,48 : 16.28"
"10,49 : 57.71"
"10,50 : 31.32"
"10,51 : 53.74"
"10,52 : 37.85"
"10,53 : 26.83"
"10,54 : 45.61"
"10,55 : 37.48"
"10,56 : 56.92"
"10,57 : 31.4"
"10,58 : 63.81"
"10,59 : 40.01"
"10,60 : 53.81"
"10,61 : 52.15"
"10,62 : 43.42"
"10,63 : 43.0"
"10,64 : 51.43"
"10,65 : 40.45"
"10,66 : 66.84"
"10,67 : 28.64"
"10,68 : 30.53"
"10,69 : 50.92"
"10,70 : 35.11"
"10,71 : 55.97"
"10,72 : 49.04"
"10,73 : 43.42"
"10,74 : 46.24"
"10,75 : 11.66"
"10,76 : 31.26"
"10,77 : 8.25"
"10,78 : 30.68"
"10,79 : 21.19"
"10,80 : 22.67"
"10,81 : 48.66"
"10,82 : 52.95"
"10,83 : 25.08"
"10,84 : 21.21"
"10,85 : 42.06"
"10,86 : 50.93"
"10,87 : 50.8"
"10,88 : 41.68"
"10,89 : 43.93"
"10,90 : 55.47"
"10,91 : 32.57"
"10,92 : 67.62"
"10,93 : 5.83"
"10,94 : 31.4"
"10,95 : 43.57"
"10,96 : 37.2"
"10,97 : 41.59"
"10,98 : 42.2"
"10,99 : 21.47"
"11,0 : 80.13"
"11,1 : 28.86"
"11,2 : 31.02"
"11,3 : 94.26"
"11,4 : 40.25"
"11,5 : 53.34"
"11,6 : 36.89"
"11,7 : 23.26"
"11,8 : 13.6"
"11,9 : 84.85"
"11,10 : 48.0"
"11,11 : 0.0"
"11,12 : 29.61"
"11,13 : 35.85"
"11,14 : 88.39"
"11,15 : 34.01"
"11,16 : 79.85"
"11,17 : 33.12"
"11,18 : 31.4"
"11,19 : 74.95"
"11,20 : 56.61"
"11,21 : 63.57"
"11,22 : 39.85"
"11,23 : 37.34"
"11,24 : 51.62"
"11,25 : 36.67"
"11,26 : 72.14"
"11,27 : 86.15"
"11,28 : 97.13"
"11,29 : 24.41"
"11,30 : 6.08"
"11,31 : 92.35"
"11,32 : 54.33"
"11,33 : 75.03"
"11,34 : 50.16"
"11,35 : 44.27"
"11,36 : 51.16"
"11,37 : 38.01"
"11,38 : 56.36"
"11,39 : 55.47"
"11,40 : 66.4"
"11,41 : 97.29"
"11,42 : 52.15"
"11,43 : 52.92"
"11,44 : 94.83"
"11,45 : 22.56"
"11,46 : 75.69"
"11,47 : 90.09"
"11,48 : 61.0"
"11,49 : 102.62"
"11,50 : 49.2"
"11,51 : 39.29"
"11,52 : 85.38"
"11,53 : 64.62"
"11,54 : 12.65"
"11,55 : 85.21"
"11,56 : 61.77"
"11,57 : 38.29"
"11,58 : 55.79"
"11,59 : 61.72"
"11,60 : 36.88"
"11,61 : 96.17"
"11,62 : 39.96"
"11,63 : 64.44"
"11,64 : 52.35"
"11,65 : 88.2"
"11,66 : 108.46"
"11,67 : 76.24"
"11,68 : 69.08"
"11,69 : 97.49"
"11,70 : 81.88"
"11,71 : 43.42"
"11,72 : 32.57"
"11,73 : 72.42"
"11,74 : 17.72"
"11,75 : 54.92"
"11,76 : 17.46"
"11,77 : 46.69"
"11,78 : 64.85"
"11,79 : 58.52"
"11,80 : 34.44"
"11,81 : 96.33"
"11,82 : 77.9"
"11,83 : 44.42"
"11,84 : 36.25"
"11,85 : 88.96"
"11,86 : 36.69"
"11,87 : 75.82"
"11,88 : 45.0"
"11,89 : 32.65"
"11,90 : 49.04"
"11,91 : 79.63"
"11,92 : 104.45"
"11,93 : 45.28"
"11,94 : 38.29"
"11,95 : 59.41"
"11,96 : 28.43"
"11,97 : 21.95"
"11,98 : 55.9"
"11,99 : 42.49"
"12,0 : 52.63"
"12,1 : 40.5"
"12,2 : 7.28"
"12,3 : 66.29"
"12,4 : 43.42"
"12,5 : 40.05"
"12,6 : 26.08"
"12,7 : 33.02"
"12,8 : 16.12"
"12,9 : 57.87"
"12,10 : 19.92"
"12,11 : 29.61"
"12,12 : 0.0"
"12,13 : 30.89"
"12,14 : 59.48"
"12,15 : 8.6"
"12,16 : 51.0"
"12,17 : 10.0"
"12,18 : 34.66"
"12,19 : 48.1"
"12,20 : 33.97"
"12,21 : 41.11"
"12,22 : 10.82"
"12,23 : 39.2"
"12,24 : 22.09"
"12,25 : 37.2"
"12,26 : 60.54"
"12,27 : 56.57"
"12,28 : 68.88"
"12,29 : 20.52"
"12,30 : 24.04"
"12,31 : 64.54"
"12,32 : 27.73"
"12,33 : 46.69"
"12,34 : 41.0"
"12,35 : 23.85"
"12,36 : 22.09"
"12,37 : 10.3"
"12,38 : 56.08"
"12,39 : 28.28"
"12,40 : 41.62"
"12,41 : 71.31"
"12,42 : 63.16"
"12,43 : 32.8"
"12,44 : 66.85"
"12,45 : 7.07"
"12,46 : 51.11"
"12,47 : 63.25"
"12,48 : 35.36"
"12,49 : 77.39"
"12,50 : 37.36"
"12,51 : 37.22"
"12,52 : 56.04"
"12,53 : 43.14"
"12,54 : 30.81"
"12,55 : 56.0"
"12,56 : 60.01"
"12,57 : 31.0"
"12,58 : 61.85"
"12,59 : 49.4"
"12,60 : 46.96"
"12,61 : 66.73"
"12,62 : 29.12"
"12,63 : 41.59"
"12,64 : 52.15"
"12,65 : 60.21"
"12,66 : 85.7"
"12,67 : 48.51"
"12,68 : 40.31"
"12,69 : 70.84"
"12,70 : 55.03"
"12,71 : 51.26"
"12,72 : 31.4"
"12,73 : 56.6"
"12,74 : 26.4"
"12,75 : 25.32"
"12,76 : 15.62"
"12,77 : 17.12"
"12,78 : 45.45"
"12,79 : 29.53"
"12,80 : 9.22"
"12,81 : 68.45"
"12,82 : 64.85"
"12,83 : 19.24"
"12,84 : 21.38"
"12,85 : 59.41"
"12,86 : 34.13"
"12,87 : 62.61"
"12,88 : 30.07"
"12,89 : 37.7"
"12,90 : 41.76"
"12,91 : 52.5"
"12,92 : 84.86"
"12,93 : 16.03"
"12,94 : 19.0"
"12,95 : 50.45"
"12,96 : 19.42"
"12,97 : 30.81"
"12,98 : 47.85"
"12,99 : 26.57"
"13,0 : 56.32"
"13,1 : 61.4"
"13,2 : 38.01"
"13,3 : 89.44"
"13,4 : 69.12"
"13,5 : 18.38"
"13,6 : 55.66"
"13,7 : 54.15"
"13,8 : 29.02"
"13,9 : 83.22"
"13,10 : 47.38"
"13,11 : 35.85"
"13,12 : 30.89"
"13,13 : 0.0"
"13,14 : 68.0"
"13,15 : 39.45"
"13,16 : 60.07"
"13,17 : 22.67"
"13,18 : 9.22"
"13,19 : 50.36"
"13,20 : 64.03"
"13,21 : 70.94"
"13,22 : 31.89"
"13,23 : 9.85"
"13,24 : 44.65"
"13,25 : 7.62"
"13,26 : 91.29"
"13,27 : 73.5"
"13,28 : 91.29"
"13,29 : 13.0"
"13,30 : 34.93"
"13,31 : 88.12"
"13,32 : 55.87"
"13,33 : 70.33"
"13,34 : 14.32"
"13,35 : 54.71"
"13,36 : 47.01"
"13,37 : 40.0"
"13,38 : 83.86"
"13,39 : 35.69"
"13,40 : 39.62"
"13,41 : 97.35"
"13,42 : 85.59"
"13,43 : 63.51"
"13,44 : 70.86"
"13,45 : 29.12"
"13,46 : 79.31"
"13,47 : 88.51"
"13,48 : 63.66"
"13,49 : 104.04"
"13,50 : 67.78"
"13,51 : 6.4"
"13,52 : 75.27"
"13,53 : 73.25"
"13,54 : 46.1"
"13,55 : 75.96"
"13,56 : 88.46"
"13,57 : 59.91"
"13,58 : 87.0"
"13,59 : 80.11"
"13,60 : 69.26"
"13,61 : 78.16"
"13,62 : 7.07"
"13,63 : 35.44"
"13,64 : 79.76"
"13,65 : 83.65"
"13,66 : 114.11"
"13,67 : 73.25"
"13,68 : 50.49"
"13,69 : 96.04"
"13,70 : 80.71"
"13,71 : 75.06"
"13,72 : 4.47"
"13,73 : 87.46"
"13,74 : 18.36"
"13,75 : 46.14"
"13,76 : 37.12"
"13,77 : 40.61"
"13,78 : 76.03"
"13,79 : 43.01"
"13,80 : 24.76"
"13,81 : 91.68"
"13,82 : 95.71"
"13,83 : 26.0"
"13,84 : 51.62"
"13,85 : 76.66"
"13,86 : 3.61"
"13,87 : 93.48"
"13,88 : 13.34"
"13,89 : 62.01"
"13,90 : 13.34"
"13,91 : 77.94"
"13,92 : 114.77"
"13,93 : 41.77"
"13,94 : 17.0"
"13,95 : 80.65"
"13,96 : 11.7"
"13,97 : 52.09"
"13,98 : 77.79"
"13,99 : 57.27"
"14,0 : 13.42"
"14,1 : 96.67"
"14,2 : 61.29"
"14,3 : 41.76"
"14,4 : 94.11"
"14,5 : 56.52"
"14,6 : 73.55"
"14,7 : 90.0"
"14,8 : 74.85"
"14,9 : 45.04"
"14,10 : 47.38"
"14,11 : 88.39"
"14,12 : 59.48"
"14,13 : 68.0"
"14,14 : 0.0"
"14,15 : 58.82"
"14,16 : 8.54"
"14,17 : 55.66"
"14,18 : 77.03"
"14,19 : 18.97"
"14,20 : 57.31"
"14,21 : 58.31"
"14,22 : 48.75"
"14,23 : 77.1"
"14,24 : 39.82"
"14,25 : 75.06"
"14,26 : 88.26"
"14,27 : 19.24"
"14,28 : 40.85"
"14,29 : 69.23"
"14,30 : 83.26"
"14,31 : 42.2"
"14,32 : 48.01"
"14,33 : 35.69"
"14,34 : 63.35"
"14,35 : 61.72"
"14,36 : 42.45"
"14,37 : 54.41"
"14,38 : 100.12"
"14,39 : 33.73"
"14,40 : 29.83"
"14,41 : 55.54"
"14,42 : 115.36"
"14,43 : 62.43"
"14,44 : 11.18"
"14,45 : 66.21"
"14,46 : 53.76"
"14,47 : 47.52"
"14,48 : 49.19"
"14,49 : 62.36"
"14,50 : 76.28"
"14,51 : 72.17"
"14,52 : 25.18"
"14,53 : 61.1"
"14,54 : 90.05"
"14,55 : 27.17"
"14,56 : 101.36"
"14,57 : 78.57"
"14,58 : 110.42"
"14,59 : 80.96"
"14,60 : 101.18"
"14,61 : 11.18"
"14,62 : 61.01"
"14,63 : 35.44"
"14,64 : 97.42"
"14,65 : 39.46"
"14,66 : 77.13"
"14,67 : 39.46"
"14,68 : 19.31"
"14,69 : 51.92"
"14,70 : 45.01"
"14,71 : 103.28"
"14,72 : 72.03"
"14,73 : 78.45"
"14,74 : 78.64"
"14,75 : 36.24"
"14,76 : 74.79"
"14,77 : 43.83"
"14,78 : 66.48"
"14,79 : 29.97"
"14,80 : 54.08"
"14,81 : 43.32"
"14,82 : 88.32"
"14,83 : 45.12"
"14,84 : 68.59"
"14,85 : 20.88"
"14,86 : 71.03"
"14,87 : 86.68"
"14,88 : 55.08"
"14,89 : 91.29"
"14,90 : 66.29"
"14,91 : 43.1"
"14,92 : 86.37"
"14,93 : 46.4"
"14,94 : 53.6"
"14,95 : 86.35"
"14,96 : 64.94"
"14,97 : 88.01"
"14,98 : 86.09"
"14,99 : 68.12"
"15,0 : 53.81"
"15,1 : 38.18"
"15,2 : 3.0"
"15,3 : 60.3"
"15,4 : 38.48"
"15,5 : 47.52"
"15,6 : 19.24"
"15,7 : 31.24"
"15,8 : 21.59"
"15,9 : 51.2"
"15,10 : 14.04"
"15,11 : 34.01"
"15,12 : 8.6"
"15,13 : 39.45"
"15,14 : 58.82"
"15,15 : 0.0"
"15,16 : 50.61"
"15,17 : 17.72"
"15,18 : 43.19"
"15,19 : 50.0"
"15,20 : 25.61"
"15,21 : 32.8"
"15,22 : 13.6"
"15,23 : 47.8"
"15,24 : 19.24"
"15,25 : 45.8"
"15,26 : 52.2"
"15,27 : 53.16"
"15,28 : 63.13"
"15,29 : 29.0"
"15,30 : 28.0"
"15,31 : 58.42"
"15,32 : 20.62"
"15,33 : 41.01"
"15,34 : 49.04"
"15,35 : 15.26"
"15,36 : 17.72"
"15,37 : 4.47"
"15,38 : 49.65"
"15,39 : 30.89"
"15,40 : 45.19"
"15,41 : 64.2"
"15,42 : 59.17"
"15,43 : 24.21"
"15,44 : 67.27"
"15,45 : 13.42"
"15,46 : 43.38"
"15,47 : 56.52"
"15,48 : 27.86"
"15,49 : 70.01"
"15,50 : 29.43"
"15,51 : 45.79"
"15,52 : 51.79"
"15,53 : 34.71"
"15,54 : 31.95"
"15,55 : 51.48"
"15,56 : 53.15"
"15,57 : 24.52"
"15,58 : 56.65"
"15,59 : 41.11"
"15,60 : 43.6"
"15,61 : 64.85"
"15,62 : 37.34"
"15,63 : 46.17"
"15,64 : 45.89"
"15,65 : 54.23"
"15,66 : 77.7"
"15,67 : 42.3"
"15,68 : 40.36"
"15,69 : 64.03"
"15,70 : 48.27"
"15,71 : 47.01"
"15,72 : 40.0"
"15,73 : 48.02"
"15,74 : 34.13"
"15,75 : 22.83"
"15,76 : 17.26"
"15,77 : 15.0"
"15,78 : 36.88"
"15,79 : 29.7"
"15,80 : 16.28"
"15,81 : 62.39"
"15,82 : 56.36"
"15,83 : 24.33"
"15,84 : 14.04"
"15,85 : 55.79"
"15,86 : 42.72"
"15,87 : 54.13"
"15,88 : 37.66"
"15,89 : 33.84"
"15,90 : 49.98"
"15,91 : 45.89"
"15,92 : 76.42"
"15,93 : 12.53"
"15,94 : 26.48"
"15,95 : 42.58"
"15,96 : 28.02"
"15,97 : 29.21"
"15,98 : 40.2"
"15,99 : 18.44"
"16,0 : 9.85"
"16,1 : 88.62"
"16,2 : 53.01"
"16,3 : 42.06"
"16,4 : 86.56"
"16,5 : 49.65"
"16,6 : 65.95"
"16,7 : 81.84"
"16,8 : 66.31"
"16,9 : 43.17"
"16,10 : 39.7"
"16,11 : 79.85"
"16,12 : 51.0"
"16,13 : 60.07"
"16,14 : 8.54"
"16,15 : 50.61"
"16,16 : 0.0"
"16,17 : 47.13"
"16,18 : 69.01"
"16,19 : 13.45"
"16,20 : 51.08"
"16,21 : 52.89"
"16,22 : 40.25"
"16,23 : 69.35"
"16,24 : 31.83"
"16,25 : 67.27"
"16,26 : 82.97"
"16,27 : 19.42"
"16,28 : 41.88"
"16,29 : 60.83"
"16,30 : 74.73"
"16,31 : 42.05"
"16,32 : 41.18"
"16,33 : 32.02"
"16,34 : 56.32"
"16,35 : 54.41"
"16,36 : 34.71"
"16,37 : 46.23"
"16,38 : 93.3"
"16,39 : 25.32"
"16,40 : 23.26"
"16,41 : 55.15"
"16,42 : 107.81"
"16,43 : 55.9"
"16,44 : 17.2"
"16,45 : 57.7"
"16,46 : 50.01"
"16,47 : 46.49"
"16,48 : 43.32"
"16,49 : 62.24"
"16,50 : 69.46"
"16,51 : 64.5"
"16,52 : 24.6"
"16,53 : 55.79"
"16,54 : 81.63"
"16,55 : 26.4"
"16,56 : 94.83"
"16,57 : 71.06"
"16,58 : 103.23"
"16,59 : 75.03"
"16,60 : 93.34"
"16,61 : 18.11"
"16,62 : 53.15"
"16,63 : 29.07"
"16,64 : 90.43"
"16,65 : 38.63"
"16,66 : 76.55"
"16,67 : 36.06"
"16,68 : 10.77"
"16,69 : 51.89"
"16,70 : 42.58"
"16,71 : 95.67"
"16,72 : 64.01"
"16,73 : 73.55"
"16,74 : 70.21"
"16,75 : 28.28"
"16,76 : 66.37"
"16,77 : 35.61"
"16,78 : 61.13"
"16,79 : 21.47"
"16,80 : 45.54"
"16,81 : 43.91"
"16,82 : 83.55"
"16,83 : 36.67"
"16,84 : 60.88"
"16,85 : 22.02"
"16,86 : 63.2"
"16,87 : 81.79"
"16,88 : 47.38"
"16,89 : 83.44"
"16,90 : 59.2"
"16,91 : 40.31"
"16,92 : 84.53"
"16,93 : 38.29"
"16,94 : 45.28"
"16,95 : 80.11"
"16,96 : 56.57"
"16,97 : 79.81"
"16,98 : 79.61"
"16,99 : 60.8"
"17,0 : 47.01"
"17,1 : 49.19"
"17,2 : 17.12"
"17,3 : 68.95"
"17,4 : 53.15"
"17,5 : 30.07"
"17,6 : 36.06"
"17,7 : 41.59"
"17,8 : 20.0"
"17,9 : 61.72"
"17,10 : 24.84"
"17,11 : 33.12"
"17,12 : 10.0"
"17,13 : 22.67"
"17,14 : 55.66"
"17,15 : 17.72"
"17,16 : 47.13"
"17,17 : 0.0"
"17,18 : 28.3"
"17,19 : 41.88"
"17,20 : 41.4"
"17,21 : 48.27"
"17,22 : 9.85"
"17,23 : 31.89"
"17,24 : 23.41"
"17,25 : 29.73"
"17,26 : 69.89"
"17,27 : 56.04"
"17,28 : 71.17"
"17,29 : 15.52"
"17,30 : 28.6"
"17,31 : 67.42"
"17,32 : 33.3"
"17,33 : 49.4"
"17,34 : 31.32"
"17,35 : 32.7"
"17,36 : 25.06"
"17,37 : 17.49"
"17,38 : 66.07"
"17,39 : 22.36"
"17,40 : 33.94"
"17,41 : 75.66"
"17,42 : 72.45"
"17,43 : 41.18"
"17,44 : 61.72"
"17,45 : 13.04"
"17,46 : 56.85"
"17,47 : 67.08"
"17,48 : 41.11"
"17,49 : 82.15"
"17,50 : 47.07"
"17,51 : 29.07"
"17,52 : 56.57"
"17,53 : 50.61"
"17,54 : 37.54"
"17,55 : 56.89"
"17,56 : 70.01"
"17,57 : 41.0"
"17,58 : 71.59"
"17,59 : 58.82"
"17,60 : 56.08"
"17,61 : 64.13"
"17,62 : 19.7"
"17,63 : 33.02"
"17,64 : 62.13"
"17,65 : 62.97"
"17,66 : 91.68"
"17,67 : 51.89"
"17,68 : 36.4"
"17,69 : 74.69"
"17,70 : 59.06"
"17,71 : 60.73"
"17,72 : 24.21"
"17,73 : 65.3"
"17,74 : 24.02"
"17,75 : 25.71"
"17,76 : 23.32"
"17,77 : 18.79"
"17,78 : 53.54"
"17,79 : 26.31"
"17,80 : 2.24"
"17,81 : 71.17"
"17,82 : 73.93"
"17,83 : 11.4"
"17,84 : 31.26"
"17,85 : 59.08"
"17,86 : 26.17"
"17,87 : 71.69"
"17,88 : 20.1"
"17,89 : 47.13"
"17,90 : 32.31"
"17,91 : 56.36"
"17,92 : 92.1"
"17,93 : 19.42"
"17,94 : 9.0"
"17,95 : 60.21"
"17,96 : 12.53"
"17,97 : 39.36"
"17,98 : 57.71"
"17,99 : 36.14"
"18,0 : 65.49"
"18,1 : 59.03"
"18,2 : 41.23"
"18,3 : 96.77"
"18,4 : 68.25"
"18,5 : 26.63"
"18,6 : 57.25"
"18,7 : 52.24"
"18,8 : 28.16"
"18,9 : 89.94"
"18,10 : 53.01"
"18,11 : 31.4"
"18,12 : 34.66"
"18,13 : 9.22"
"18,14 : 77.03"
"18,15 : 43.19"
"18,16 : 69.01"
"18,17 : 28.3"
"18,18 : 0.0"
"18,19 : 59.54"
"18,20 : 68.59"
"18,21 : 75.69"
"18,22 : 38.08"
"18,23 : 6.0"
"18,24 : 51.43"
"18,25 : 5.39"
"18,26 : 93.65"
"18,27 : 81.79"
"18,28 : 98.79"
"18,29 : 14.21"
"18,30 : 32.02"
"18,31 : 95.34"
"18,32 : 61.4"
"18,33 : 77.39"
"18,34 : 21.21"
"18,35 : 58.26"
"18,36 : 53.34"
"18,37 : 44.6"
"18,38 : 83.68"
"18,39 : 44.28"
"18,40 : 48.84"
"18,41 : 103.94"
"18,42 : 83.01"
"18,43 : 67.36"
"18,44 : 80.06"
"18,45 : 31.06"
"18,46 : 85.0"
"18,47 : 95.29"
"18,48 : 69.2"
"18,49 : 110.45"
"18,50 : 69.84"
"18,51 : 8.6"
"18,52 : 83.24"
"18,53 : 77.78"
"18,54 : 43.01"
"18,55 : 83.82"
"18,56 : 88.6"
"18,57 : 60.93"
"18,58 : 85.48"
"18,59 : 82.49"
"18,60 : 67.07"
"18,61 : 87.05"
"18,62 : 16.28"
"18,63 : 44.64"
"18,64 : 79.56"
"18,65 : 90.87"
"18,66 : 119.81"
"18,67 : 80.06"
"18,68 : 59.21"
"18,69 : 102.88"
"18,70 : 87.32"
"18,71 : 73.25"
"18,72 : 5.0"
"18,73 : 90.8"
"18,74 : 14.0"
"18,75 : 53.31"
"18,76 : 37.0"
"18,77 : 47.01"
"18,78 : 80.06"
"18,79 : 51.2"
"18,80 : 30.53"
"18,81 : 99.01"
"18,82 : 98.48"
"18,83 : 33.96"
"18,84 : 53.85"
"18,85 : 84.93"
"18,86 : 7.21"
"18,87 : 96.25"
"18,88 : 22.56"
"18,89 : 60.83"
"18,90 : 19.21"
"18,91 : 84.6"
"18,92 : 119.5"
"18,93 : 47.71"
"18,94 : 24.74"
"18,95 : 82.29"
"18,96 : 15.81"
"18,97 : 50.36"
"18,98 : 79.2"
"18,99 : 59.91"
"19,0 : 6.0"
"19,1 : 87.97"
"19,2 : 51.86"
"19,3 : 54.92"
"19,4 : 87.98"
"19,5 : 37.66"
"19,6 : 67.6"
"19,7 : 80.72"
"19,8 : 61.85"
"19,9 : 54.78"
"19,10 : 42.15"
"19,11 : 74.95"
"19,12 : 48.1"
"19,13 : 50.36"
"19,14 : 18.97"
"19,15 : 50.0"
"19,16 : 13.45"
"19,17 : 41.88"
"19,18 : 59.54"
"19,19 : 0.0"
"19,20 : 56.89"
"19,21 : 60.13"
"19,22 : 37.48"
"19,23 : 59.03"
"19,24 : 33.62"
"19,25 : 57.08"
"19,26 : 89.81"
"19,27 : 32.65"
"19,28 : 55.0"
"19,29 : 53.49"
"19,30 : 70.46"
"19,31 : 54.71"
"19,32 : 46.1"
"19,33 : 42.45"
"19,34 : 44.55"
"19,35 : 57.38"
"19,36 : 37.34"
"19,37 : 46.04"
"19,38 : 96.77"
"19,39 : 19.85"
"19,40 : 11.05"
"19,41 : 67.54"
"19,42 : 109.0"
"19,43 : 60.88"
"19,44 : 20.62"
"19,45 : 54.04"
"19,46 : 59.68"
"19,47 : 58.6"
"19,48 : 50.16"
"19,49 : 74.71"
"19,50 : 73.39"
"19,51 : 54.01"
"19,52 : 37.44"
"19,53 : 63.13"
"19,54 : 78.75"
"19,55 : 39.12"
"19,56 : 99.02"
"19,57 : 72.95"
"19,58 : 105.59"
"19,59 : 80.81"
"19,60 : 93.6"
"19,61 : 30.08"
"19,62 : 43.29"
"19,63 : 16.49"
"19,64 : 93.52"
"19,65 : 51.0"
"19,66 : 88.64"
"19,67 : 46.57"
"19,68 : 13.0"
"19,69 : 64.5"
"19,70 : 53.76"
"19,71 : 96.8"
"19,72 : 54.59"
"19,73 : 81.15"
"19,74 : 62.97"
"19,75 : 30.68"
"19,76 : 63.7"
"19,77 : 35.85"
"19,78 : 68.26"
"19,79 : 21.02"
"19,80 : 40.8"
"19,81 : 56.86"
"19,82 : 91.2"
"19,83 : 30.53"
"19,84 : 62.27"
"19,85 : 35.38"
"19,86 : 53.15"
"19,87 : 89.27"
"19,88 : 37.12"
"19,89 : 83.82"
"19,90 : 47.52"
"19,91 : 51.24"
"19,92 : 95.6"
"19,93 : 38.95"
"19,94 : 37.7"
"19,95 : 85.16"
"19,96 : 49.04"
"19,97 : 78.57"
"19,98 : 84.12"
"19,99 : 63.56"
"20,0 : 58.24"
"20,1 : 48.27"
"20,2 : 28.02"
"20,3 : 41.23"
"20,4 : 40.71"
"20,5 : 68.54"
"20,6 : 23.19"
"20,7 : 44.18"
"20,8 : 46.07"
"20,9 : 30.41"
"20,10 : 18.03"
"20,11 : 56.61"
"20,12 : 33.97"
"20,13 : 64.03"
"20,14 : 57.31"
"20,15 : 25.61"
"20,16 : 51.08"
"20,17 : 41.4"
"20,18 : 68.59"
"20,19 : 56.89"
"20,20 : 0.0"
"20,21 : 7.21"
"20,22 : 33.12"
"20,23 : 72.92"
"20,24 : 25.18"
"20,25 : 70.84"
"20,26 : 33.06"
"20,27 : 43.84"
"20,28 : 44.64"
"20,29 : 54.49"
"20,30 : 50.6"
"20,31 : 39.05"
"20,32 : 11.0"
"20,33 : 25.81"
"20,34 : 71.59"
"20,35 : 12.37"
"20,36 : 21.21"
"20,37 : 24.08"
"20,38 : 43.28"
"20,39 : 43.29"
"20,40 : 57.01"
"20,41 : 41.19"
"20,42 : 61.03"
"20,43 : 5.83"
"20,44 : 67.98"
"20,45 : 38.83"
"20,46 : 19.24"
"20,47 : 35.13"
"20,48 : 8.49"
"20,49 : 46.1"
"20,50 : 19.85"
"20,51 : 70.43"
"20,52 : 39.82"
"20,53 : 9.22"
"20,54 : 50.25"
"20,55 : 38.6"
"20,56 : 44.1"
"20,57 : 26.25"
"20,58 : 54.49"
"20,59 : 24.04"
"20,60 : 49.77"
"20,61 : 58.9"
"20,62 : 60.75"
"20,63 : 60.3"
"20,64 : 41.01"
"20,65 : 35.74"
"20,66 : 52.35"
"20,67 : 24.6"
"20,68 : 44.15"
"20,69 : 42.0"
"20,70 : 27.46"
"20,71 : 49.74"
"20,72 : 65.12"
"20,73 : 25.5"
"20,74 : 59.64"
"20,75 : 27.0"
"20,76 : 39.22"
"20,77 : 26.25"
"20,78 : 12.65"
"20,79 : 37.01"
"20,80 : 39.41"
"20,81 : 42.95"
"20,82 : 35.23"
"20,83 : 43.08"
"20,84 : 21.1"
"20,85 : 45.34"
"20,86 : 67.48"
"20,87 : 33.14"
"20,88 : 59.48"
"20,89 : 40.8"
"20,90 : 73.06"
"20,91 : 25.96"
"20,92 : 50.91"
"20,93 : 23.77"
"20,94 : 48.88"
"20,95 : 29.07"
"20,96 : 53.08"
"20,97 : 43.05"
"20,98 : 28.84"
"20,99 : 16.12"
"21,0 : 60.83"
"21,1 : 53.46"
"21,2 : 35.23"
"21,3 : 36.77"
"21,4 : 44.6"
"21,5 : 74.69"
"21,6 : 29.02"
"21,7 : 50.0"
"21,8 : 53.24"
"21,9 : 25.63"
"21,10 : 24.19"
"21,11 : 63.57"
"21,12 : 41.11"
"21,13 : 70.94"
"21,14 : 58.31"
"21,15 : 32.8"
"21,16 : 52.89"
"21,17 : 48.27"
"21,18 : 75.69"
"21,19 : 60.13"
"21,20 : 7.21"
"21,21 : 0.0"
"21,22 : 39.66"
"21,23 : 79.93"
"21,24 : 30.36"
"21,25 : 77.83"
"21,26 : 30.08"
"21,27 : 43.01"
"21,28 : 40.31"
"21,29 : 61.62"
"21,30 : 57.58"
"21,31 : 34.54"
"21,32 : 16.16"
"21,33 : 24.21"
"21,34 : 78.03"
"21,35 : 19.31"
"21,36 : 26.57"
"21,37 : 31.11"
"21,38 : 44.69"
"21,39 : 48.27"
"21,40 : 61.4"
"21,41 : 35.0"
"21,42 : 64.01"
"21,43 : 11.05"
"21,44 : 69.29"
"21,45 : 46.04"
"21,46 : 13.04"
"21,47 : 29.83"
"21,48 : 10.0"
"21,49 : 39.46"
"21,50 : 22.85"
"21,51 : 77.34"
"21,52 : 38.29"
"21,53 : 3.0"
"21,54 : 56.72"
"21,55 : 36.8"
"21,56 : 44.6"
"21,57 : 31.26"
"21,58 : 56.61"
"21,59 : 23.02"
"21,60 : 54.12"
"21,61 : 58.52"
"21,62 : 67.42"
"21,63 : 65.12"
"21,64 : 43.01"
"21,65 : 31.76"
"21,66 : 45.18"
"21,67 : 21.93"
"21,68 : 47.17"
"21,69 : 36.22"
"21,70 : 22.85"
"21,71 : 53.31"
"21,72 : 72.14"
"21,73 : 21.02"
"21,74 : 66.85"
"21,75 : 31.58"
"21,76 : 46.24"
"21,77 : 32.2"
"21,78 : 8.25"
"21,79 : 41.3"
"21,80 : 46.23"
"21,81 : 38.28"
"21,82 : 31.06"
"21,83 : 49.19"
"21,84 : 27.66"
"21,85 : 44.05"
"21,86 : 74.41"
"21,87 : 29.15"
"21,88 : 65.86"
"21,89 : 45.71"
"21,90 : 79.61"
"21,91 : 21.95"
"21,92 : 43.86"
"21,93 : 30.02"
"21,94 : 55.47"
"21,95 : 29.07"
"21,96 : 60.11"
"21,97 : 49.04"
"21,98 : 29.73"
"21,99 : 22.09"
"22,0 : 41.87"
"22,1 : 50.61"
"22,2 : 14.76"
"22,3 : 59.14"
"22,4 : 52.0"
"22,5 : 35.74"
"22,6 : 32.76"
"22,7 : 43.28"
"22,8 : 26.25"
"22,9 : 51.88"
"22,10 : 15.62"
"22,11 : 39.85"
"22,12 : 10.82"
"22,13 : 31.89"
"22,14 : 48.75"
"22,15 : 13.6"
"22,16 : 40.25"
"22,17 : 9.85"
"22,18 : 38.08"
"22,19 : 37.48"
"22,20 : 33.12"
"22,21 : 39.66"
"22,22 : 0.0"
"22,23 : 41.4"
"22,24 : 13.6"
"22,25 : 39.2"
"22,26 : 63.56"
"22,27 : 47.04"
"22,28 : 61.4"
"22,29 : 25.3"
"22,30 : 34.54"
"22,31 : 57.58"
"22,32 : 24.08"
"22,33 : 39.56"
"22,34 : 38.47"
"22,35 : 26.31"
"22,36 : 15.26"
"22,37 : 11.0"
"22,38 : 63.15"
"22,39 : 17.8"
"22,40 : 31.76"
"22,41 : 65.86"
"22,42 : 72.47"
"22,43 : 33.84"
"22,44 : 56.04"
"22,45 : 17.46"
"22,46 : 47.42"
"22,47 : 57.25"
"22,48 : 31.83"
"22,49 : 72.4"
"22,50 : 42.01"
"22,51 : 38.21"
"22,52 : 47.17"
"22,53 : 42.19"
"22,54 : 41.62"
"22,55 : 47.38"
"22,56 : 66.48"
"22,57 : 38.08"
"22,58 : 70.23"
"22,59 : 52.77"
"22,60 : 56.6"
"22,61 : 56.32"
"22,62 : 27.8"
"22,63 : 32.57"
"22,64 : 59.44"
"22,65 : 53.14"
"22,66 : 82.22"
"22,67 : 42.05"
"22,68 : 29.53"
"22,69 : 64.85"
"22,70 : 49.24"
"22,71 : 60.37"
"22,72 : 33.84"
"22,73 : 57.94"
"22,74 : 33.38"
"22,75 : 16.12"
"22,76 : 26.4"
"22,77 : 8.94"
"22,78 : 45.62"
"22,79 : 18.79"
"22,80 : 7.62"
"22,81 : 61.35"
"22,82 : 67.05"
"22,83 : 11.0"
"22,84 : 27.46"
"22,85 : 50.01"
"22,86 : 35.47"
"22,87 : 64.85"
"22,88 : 26.4"
"22,89 : 47.01"
"22,90 : 39.96"
"22,91 : 46.53"
"22,92 : 83.24"
"22,93 : 9.9"
"22,94 : 15.81"
"22,95 : 55.08"
"22,96 : 22.36"
"22,97 : 41.11"
"22,98 : 53.0"
"22,99 : 31.0"
"23,0 : 65.03"
"23,1 : 65.03"
"23,2 : 46.04"
"23,3 : 99.28"
"23,4 : 74.15"
"23,5 : 23.77"
"23,6 : 62.65"
"23,7 : 58.22"
"23,8 : 33.96"
"23,9 : 92.96"
"23,10 : 56.73"
"23,11 : 37.34"
"23,12 : 39.2"
"23,13 : 9.85"
"23,14 : 77.1"
"23,15 : 47.8"
"23,16 : 69.35"
"23,17 : 31.89"
"23,18 : 6.0"
"23,19 : 59.03"
"23,20 : 72.92"
"23,21 : 79.93"
"23,22 : 41.4"
"23,23 : 0.0"
"23,24 : 54.38"
"23,25 : 2.24"
"23,26 : 98.88"
"23,27 : 83.24"
"23,28 : 101.13"
"23,29 : 19.24"
"23,30 : 38.01"
"23,31 : 97.95"
"23,32 : 65.19"
"23,33 : 80.13"
"23,34 : 17.49"
"23,35 : 63.01"
"23,36 : 56.61"
"23,37 : 48.84"
"23,38 : 89.5"
"23,39 : 45.35"
"23,40 : 48.09"
"23,41 : 107.07"
"23,42 : 89.01"
"23,43 : 72.01"
"23,44 : 79.31"
"23,45 : 36.24"
"23,46 : 88.73"
"23,47 : 98.27"
"23,48 : 73.0"
"23,49 : 113.72"
"23,50 : 75.13"
"23,51 : 5.1"
"23,52 : 85.09"
"23,53 : 82.13"
"23,54 : 49.01"
"23,55 : 85.8"
"23,56 : 94.37"
"23,57 : 66.48"
"23,58 : 91.44"
"23,59 : 87.71"
"23,60 : 73.06"
"23,61 : 87.46"
"23,62 : 16.28"
"23,63 : 43.42"
"23,64 : 85.38"
"23,65 : 93.48"
"23,66 : 123.56"
"23,67 : 83.01"
"23,68 : 60.02"
"23,69 : 105.82"
"23,70 : 90.43"
"23,71 : 79.23"
"23,72 : 7.81"
"23,73 : 95.69"
"23,74 : 20.0"
"23,75 : 55.95"
"23,76 : 42.72"
"23,77 : 50.22"
"23,78 : 84.65"
"23,79 : 52.81"
"23,80 : 34.06"
"23,81 : 101.52"
"23,82 : 103.59"
"23,83 : 35.85"
"23,84 : 59.06"
"23,85 : 86.4"
"23,86 : 6.32"
"23,87 : 101.36"
"23,88 : 22.02"
"23,89 : 66.75"
"23,90 : 15.0"
"23,91 : 87.66"
"23,92 : 123.79"
"23,93 : 51.22"
"23,94 : 26.83"
"23,95 : 87.73"
"23,96 : 19.85"
"23,97 : 56.32"
"23,98 : 84.69"
"23,99 : 65.0"
"24,0 : 36.36"
"24,1 : 56.85"
"24,2 : 21.93"
"24,3 : 45.54"
"24,4 : 55.0"
"24,5 : 44.94"
"24,6 : 34.41"
"24,7 : 50.22"
"24,8 : 38.21"
"24,9 : 38.59"
"24,10 : 8.54"
"24,11 : 51.62"
"24,12 : 22.09"
"24,13 : 44.65"
"24,14 : 39.82"
"24,15 : 19.24"
"24,16 : 31.83"
"24,17 : 23.41"
"24,18 : 51.43"
"24,19 : 33.62"
"24,20 : 25.18"
"24,21 : 30.36"
"24,22 : 13.6"
"24,23 : 54.38"
"24,24 : 0.0"
"24,25 : 52.15"
"24,26 : 58.01"
"24,27 : 34.53"
"24,28 : 47.8"
"24,29 : 38.9"
"24,30 : 45.89"
"24,31 : 44.01"
"24,32 : 14.32"
"24,33 : 26.0"
"24,34 : 49.04"
"24,35 : 23.77"
"24,36 : 4.0"
"24,37 : 14.76"
"24,38 : 63.16"
"24,39 : 18.11"
"24,40 : 32.06"
"24,41 : 52.7"
"24,42 : 76.22"
"24,43 : 28.07"
"24,44 : 48.84"
"24,45 : 29.15"
"24,46 : 35.61"
"24,47 : 43.91"
"24,48 : 21.02"
"24,49 : 59.41"
"24,50 : 39.85"
"24,51 : 50.8"
"24,52 : 34.0"
"24,53 : 33.24"
"24,54 : 51.08"
"24,55 : 34.06"
"24,56 : 65.46"
"24,57 : 39.66"
"24,58 : 72.2"
"24,59 : 48.17"
"24,60 : 61.52"
"24,61 : 45.62"
"24,62 : 39.7"
"24,63 : 35.13"
"24,64 : 59.93"
"24,65 : 39.56"
"24,66 : 70.01"
"24,67 : 28.65"
"24,68 : 22.2"
"24,69 : 51.48"
"24,70 : 36.06"
"24,71 : 64.03"
"24,72 : 47.01"
"24,73 : 50.64"
"24,74 : 46.87"
"24,75 : 3.61"
"24,76 : 36.06"
"24,77 : 5.0"
"24,78 : 37.66"
"24,79 : 12.65"
"24,80 : 21.19"
"24,81 : 47.76"
"24,82 : 60.41"
"24,83 : 19.85"
"24,84 : 29.21"
"24,85 : 37.34"
"24,86 : 48.26"
"24,87 : 58.31"
"24,88 : 36.88"
"24,89 : 51.62"
"24,90 : 50.99"
"24,91 : 33.29"
"24,92 : 72.4"
"24,93 : 6.71"
"24,94 : 27.8"
"24,95 : 51.97"
"24,96 : 35.85"
"24,97 : 48.26"
"24,98 : 50.7"
"24,99 : 29.97"
"25,0 : 63.07"
"25,1 : 64.0"
"25,2 : 44.1"
"25,3 : 97.05"
"25,4 : 72.84"
"25,5 : 22.36"
"25,6 : 60.93"
"25,7 : 57.08"
"25,8 : 32.56"
"25,9 : 90.74"
"25,10 : 54.56"
"25,11 : 36.67"
"25,12 : 37.2"
"25,13 : 7.62"
"25,14 : 75.06"
"25,15 : 45.8"
"25,16 : 67.27"
"25,17 : 29.73"
"25,18 : 5.39"
"25,19 : 57.08"
"25,20 : 70.84"
"25,21 : 77.83"
"25,22 : 39.2"
"25,23 : 2.24"
"25,24 : 52.15"
"25,25 : 0.0"
"25,26 : 97.06"
"25,27 : 81.04"
"25,28 : 98.9"
"25,29 : 17.46"
"25,30 : 37.01"
"25,31 : 95.71"
"25,32 : 63.03"
"25,33 : 77.9"
"25,34 : 16.4"
"25,35 : 61.03"
"25,36 : 54.41"
"25,37 : 46.75"
"25,38 : 88.07"
"25,39 : 43.17"
"25,40 : 46.17"
"25,41 : 104.85"
"25,42 : 88.05"
"25,43 : 70.0"
"25,44 : 77.41"
"25,45 : 34.44"
"25,46 : 86.56"
"25,47 : 96.04"
"25,48 : 70.84"
"25,49 : 111.5"
"25,50 : 73.35"
"25,51 : 3.61"
"25,52 : 82.87"
"25,53 : 80.06"
"25,54 : 48.09"
"25,55 : 83.57"
"25,56 : 92.89"
"25,57 : 64.85"
"25,58 : 90.27"
"25,59 : 85.88"
"25,60 : 72.01"
"25,61 : 85.38"
"25,62 : 14.14"
"25,63 : 41.59"
"25,64 : 83.95"
"25,65 : 91.24"
"25,66 : 121.38"
"25,67 : 80.78"
"25,68 : 57.87"
