x,y
50,22
2,7
90,78
84,72
39,76
13,83
57,6
90,66
53,27
91,48
20,63
80,73
68,66
65,4
96,66
6,83
49,79
49,83
33,31
14,33
81,88
85,5
72,12
24,11
22,22
40,78
60,22
62,59
61,29
59,55
82,85
72,74
86,84
27,18
6,29
62,48
30,37
52,21
80,4
60,79
77,11
82,48
39,15
52,35
29,12
73,14
10,62
46,8
39,92
17,97
25,83
40,18
41,52
11,11
80,13
10,13
63,13
83,2
46,29
73,44
17,34
15,36
85,95
38,52
45,36
40,89
51,72
27,52
11,35
4,44
17,99
74,14
54,48
93,51
85,76
34,64
34,64
40,69
38,68
42,58
40,73
84,36
90,75
90,81
90,22
36,74
21,95
24,56
67,67
62,99
71,25
52,35
71,64
77,19
33,8
64,97
80,21
63,96
91,17
94,89

Distanze
"0,0 : 0.0"
"0,1 : 50.29"
"0,2 : 68.82"
"0,3 : 60.46"
"0,4 : 55.11"
"0,5 : 71.34"
"0,6 : 17.46"
"0,7 : 59.46"
"0,8 : 5.83"
"0,9 : 48.55"
"0,10 : 50.8"
"0,11 : 59.17"
"0,12 : 47.54"
"0,13 : 23.43"
"0,14 : 63.66"
"0,15 : 75.21"
"0,16 : 57.01"
"0,17 : 61.01"
"0,18 : 19.24"
"0,19 : 37.64"
"0,20 : 72.92"
"0,21 : 38.91"
"0,22 : 24.17"
"0,23 : 28.23"
"0,24 : 28.0"
"0,25 : 56.89"
"0,26 : 10.0"
"0,27 : 38.9"
"0,28 : 13.04"
"0,29 : 34.21"
"0,30 : 70.66"
"0,31 : 56.46"
"0,32 : 71.69"
"0,33 : 23.35"
"0,34 : 44.55"
"0,35 : 28.64"
"0,36 : 25.0"
"0,37 : 2.24"
"0,38 : 34.99"
"0,39 : 57.87"
"0,40 : 29.15"
"0,41 : 41.23"
"0,42 : 13.04"
"0,43 : 13.15"
"0,44 : 23.26"
"0,45 : 24.35"
"0,46 : 56.57"
"0,47 : 14.56"
"0,48 : 70.86"
"0,49 : 81.94"
"0,50 : 65.92"
"0,51 : 10.77"
"0,52 : 31.32"
"0,53 : 40.52"
"0,54 : 31.32"
"0,55 : 41.0"
"0,56 : 15.81"
"0,57 : 38.59"
"0,58 : 8.06"
"0,59 : 31.83"
"0,60 : 35.11"
"0,61 : 37.7"
"0,62 : 80.96"
"0,63 : 32.31"
"0,64 : 14.87"
"0,65 : 67.74"
"0,66 : 50.01"
"0,67 : 37.8"
"0,68 : 41.11"
"0,69 : 50.99"
"0,70 : 83.77"
"0,71 : 25.3"
"0,72 : 26.31"
"0,73 : 51.87"
"0,74 : 64.35"
"0,75 : 44.94"
"0,76 : 44.94"
"0,77 : 48.05"
"0,78 : 47.54"
"0,79 : 36.88"
"0,80 : 51.97"
"0,81 : 36.77"
"0,82 : 66.4"
"0,83 : 71.28"
"0,84 : 40.0"
"0,85 : 53.85"
"0,86 : 78.55"
"0,87 : 42.8"
"0,88 : 48.1"
"0,89 : 77.93"
"0,90 : 21.21"
"0,91 : 13.15"
"0,92 : 46.96"
"0,93 : 27.17"
"0,94 : 22.02"
"0,95 : 76.3"
"0,96 : 30.02"
"0,97 : 75.13"
"0,98 : 41.3"
"0,99 : 80.16"
"1,0 : 50.29"
"1,1 : 0.0"
"1,2 : 113.07"
"1,3 : 104.64"
"1,4 : 78.29"
"1,5 : 76.79"
"1,6 : 55.01"
"1,7 : 105.95"
"1,8 : 54.78"
"1,9 : 97.99"
"1,10 : 58.82"
"1,11 : 102.18"
"1,12 : 88.53"
"1,13 : 63.07"
"1,14 : 110.98"
"1,15 : 76.11"
"1,16 : 85.98"
"1,17 : 89.36"
"1,18 : 39.2"
"1,19 : 28.64"
"1,20 : 113.15"
"1,21 : 83.02"
"1,22 : 70.18"
"1,23 : 22.36"
"1,24 : 25.0"
"1,25 : 80.53"
"1,26 : 59.91"
"1,27 : 79.4"
"1,28 : 62.97"
"1,29 : 74.52"
"1,30 : 111.73"
"1,31 : 96.9"
"1,32 : 113.95"
"1,33 : 27.31"
"1,34 : 22.36"
"1,35 : 72.67"
"1,36 : 41.04"
"1,37 : 51.92"
"1,38 : 78.06"
"1,39 : 92.46"
"1,40 : 75.11"
"1,41 : 89.89"
"1,42 : 37.85"
"1,43 : 57.31"
"1,44 : 27.46"
"1,45 : 71.34"
"1,46 : 55.58"
"1,47 : 44.01"
"1,48 : 92.7"
"1,49 : 91.24"
"1,50 : 79.4"
"1,51 : 39.56"
"1,52 : 59.55"
"1,53 : 9.85"
"1,54 : 78.23"
"1,55 : 10.0"
"1,56 : 61.29"
"1,57 : 81.15"
"1,58 : 49.19"
"1,59 : 80.06"
"1,60 : 30.89"
"1,61 : 31.78"
"1,62 : 120.97"
"1,63 : 57.63"
"1,64 : 51.87"
"1,65 : 90.38"
"1,66 : 81.4"
"1,67 : 51.48"
"1,68 : 29.41"
"1,69 : 37.05"
"1,70 : 93.21"
"1,71 : 72.34"
"1,72 : 66.22"
"1,73 : 101.08"
"1,74 : 107.94"
"1,75 : 65.37"
"1,76 : 65.37"
"1,77 : 72.72"
"1,78 : 70.83"
"1,79 : 64.82"
"1,80 : 76.16"
"1,81 : 86.98"
"1,82 : 111.21"
"1,83 : 114.98"
"1,84 : 89.27"
"1,85 : 75.13"
"1,86 : 90.03"
"1,87 : 53.71"
"1,88 : 88.46"
"1,89 : 109.84"
"1,90 : 71.31"
"1,91 : 57.31"
"1,92 : 89.5"
"1,93 : 75.95"
"1,94 : 31.02"
"1,95 : 109.29"
"1,96 : 79.25"
"1,97 : 107.9"
"1,98 : 89.56"
"1,99 : 123.24"
"2,0 : 68.82"
"2,1 : 113.07"
"2,2 : 0.0"
"2,3 : 8.49"
"2,4 : 51.04"
"2,5 : 77.16"
"2,6 : 79.2"
"2,7 : 12.0"
"2,8 : 63.01"
"2,9 : 30.02"
"2,10 : 71.59"
"2,11 : 11.18"
"2,12 : 25.06"
"2,13 : 78.11"
"2,14 : 13.42"
"2,15 : 84.15"
"2,16 : 41.01"
"2,17 : 41.3"
"2,18 : 73.88"
"2,19 : 88.32"
"2,20 : 13.45"
"2,21 : 73.17"
"2,22 : 68.41"
"2,23 : 94.05"
"2,24 : 88.09"
"2,25 : 50.0"
"2,26 : 63.53"
"2,27 : 33.84"
"2,28 : 56.94"
"2,29 : 38.6"
"2,30 : 10.63"
"2,31 : 18.44"
"2,32 : 7.21"
"2,33 : 87.0"
"2,34 : 97.25"
"2,35 : 41.04"
"2,36 : 72.67"
"2,37 : 68.51"
"2,38 : 74.67"
"2,39 : 30.02"
"2,40 : 68.25"
"2,41 : 31.05"
"2,42 : 81.06"
"2,43 : 57.38"
"2,44 : 89.87"
"2,45 : 66.22"
"2,46 : 81.58"
"2,47 : 82.68"
"2,48 : 52.89"
"2,49 : 75.43"
"2,50 : 65.19"
"2,51 : 78.1"
"2,52 : 55.47"
"2,53 : 103.59"
"2,54 : 65.76"
"2,55 : 103.08"
"2,56 : 70.38"
"2,57 : 76.32"
"2,58 : 65.86"
"2,59 : 38.01"
"2,60 : 85.23"
"2,61 : 85.96"
"2,62 : 17.72"
"2,63 : 58.14"
"2,64 : 61.55"
"2,65 : 51.2"
"2,66 : 39.46"
"2,67 : 68.15"
"2,68 : 89.94"
"2,69 : 92.48"
"2,70 : 75.96"
"2,71 : 65.97"
"2,72 : 46.86"
"2,73 : 27.17"
"2,74 : 5.39"
"2,75 : 57.72"
"2,76 : 57.72"
"2,77 : 50.8"
"2,78 : 52.95"
"2,79 : 52.0"
"2,80 : 50.25"
"2,81 : 42.43"
"2,82 : 3.0"
"2,83 : 3.0"
"2,84 : 56.0"
"2,85 : 54.15"
"2,86 : 71.06"
"2,87 : 69.57"
"2,88 : 25.5"
"2,89 : 35.0"
"2,90 : 56.3"
"2,91 : 57.38"
"2,92 : 23.6"
"2,93 : 60.42"
"2,94 : 90.27"
"2,95 : 32.2"
"2,96 : 57.87"
"2,97 : 32.45"
"2,98 : 61.01"
"2,99 : 11.7"
"3,0 : 60.46"
"3,1 : 104.64"
"3,2 : 8.49"
"3,3 : 0.0"
"3,4 : 45.18"
"3,5 : 71.85"
"3,6 : 71.31"
"3,7 : 8.49"
"3,8 : 54.64"
"3,9 : 25.0"
"3,10 : 64.63"
"3,11 : 4.12"
"3,12 : 17.09"
"3,13 : 70.6"
"3,14 : 13.42"
"3,15 : 78.77"
"3,16 : 35.69"
"3,17 : 36.69"
"3,18 : 65.44"
"3,19 : 80.13"
"3,20 : 16.28"
"3,21 : 67.01"
"3,22 : 61.19"
"3,23 : 85.56"
"3,24 : 79.65"
"3,25 : 44.41"
"3,26 : 55.46"
"3,27 : 25.55"
"3,28 : 48.76"
"3,29 : 30.23"
"3,30 : 13.15"
"3,31 : 12.17"
"3,32 : 12.17"
"3,33 : 78.52"
"3,34 : 89.07"
"3,35 : 32.56"
"3,36 : 64.35"
"3,37 : 60.21"
"3,38 : 68.12"
"3,39 : 25.0"
"3,40 : 61.4"
"3,41 : 24.08"
"3,42 : 72.62"
"3,43 : 48.92"
"3,44 : 81.39"
"3,45 : 59.03"
"3,46 : 74.67"
"3,47 : 74.43"
"3,48 : 49.24"
"3,49 : 71.51"
"3,50 : 60.02"
"3,51 : 69.66"
"3,52 : 47.42"
"3,53 : 95.13"
"3,54 : 59.14"
"3,55 : 94.64"
"3,56 : 62.63"
"3,57 : 70.01"
"3,58 : 57.38"
"3,59 : 30.08"
"3,60 : 77.03"
"3,61 : 77.83"
"3,62 : 23.02"
"3,63 : 50.16"
"3,64 : 53.08"
"3,65 : 47.17"
"3,66 : 33.0"
"3,67 : 60.41"
"3,68 : 81.84"
"3,69 : 84.76"
"3,70 : 72.24"
"3,71 : 58.86"
"3,72 : 38.42"
"3,73 : 22.85"
"3,74 : 4.12"
"3,75 : 50.64"
"3,76 : 50.64"
"3,77 : 44.1"
"3,78 : 46.17"
"3,79 : 44.27"
"3,80 : 44.01"
"3,81 : 36.0"
"3,82 : 6.71"
"3,83 : 10.82"
"3,84 : 50.36"
"3,85 : 48.04"
"3,86 : 67.07"
"3,87 : 62.1"
"3,88 : 17.72"
"3,89 : 34.83"
"3,90 : 48.76"
"3,91 : 48.92"
"3,92 : 15.26"
"3,93 : 53.46"
"3,94 : 81.84"
"3,95 : 32.02"
"3,96 : 51.16"
"3,97 : 31.89"
"3,98 : 55.44"
"3,99 : 19.72"
"4,0 : 55.11"
"4,1 : 78.29"
"4,2 : 51.04"
"4,3 : 45.18"
"4,4 : 0.0"
"4,5 : 26.93"
"4,6 : 72.28"
"4,7 : 51.97"
"4,8 : 50.96"
"4,9 : 59.06"
"4,10 : 23.02"
"4,11 : 41.11"
"4,12 : 30.68"
"4,13 : 76.55"
"4,14 : 57.87"
"4,15 : 33.73"
"4,16 : 10.44"
"4,17 : 12.21"
"4,18 : 45.4"
"4,19 : 49.74"
"4,20 : 43.68"
"4,21 : 84.6"
"4,22 : 72.01"
"4,23 : 66.71"
"4,24 : 56.61"
"4,25 : 2.24"
"4,26 : 57.94"
"4,27 : 28.6"
"4,28 : 51.89"
"4,29 : 29.0"
"4,30 : 43.93"
"4,31 : 33.06"
"4,32 : 47.68"
"4,33 : 59.23"
"4,34 : 57.43"
"4,35 : 36.24"
"4,36 : 40.02"
"4,37 : 56.52"
"4,38 : 82.86"
"4,39 : 21.21"
"4,40 : 75.29"
"4,41 : 51.31"
"4,42 : 61.0"
"4,43 : 43.01"
"4,44 : 64.78"
"4,45 : 70.71"
"4,46 : 32.2"
"4,47 : 68.36"
"4,48 : 16.0"
"4,49 : 30.41"
"4,50 : 15.65"
"4,51 : 58.01"
"4,52 : 24.08"
"4,53 : 70.77"
"4,54 : 75.17"
"4,55 : 69.35"
"4,56 : 67.42"
"4,57 : 86.09"
"4,58 : 47.52"
"4,59 : 46.69"
"4,60 : 47.41"
"4,61 : 46.65"
"4,62 : 49.77"
"4,63 : 24.02"
"4,64 : 40.45"
"4,65 : 13.04"
"4,66 : 12.65"
"4,67 : 26.83"
"4,68 : 49.65"
"4,69 : 47.42"
"4,70 : 31.83"
"4,71 : 71.2"
"4,72 : 31.76"
"4,73 : 59.51"
"4,74 : 46.0"
"4,75 : 13.0"
"4,76 : 13.0"
"4,77 : 7.07"
"4,78 : 8.06"
"4,79 : 18.25"
"4,80 : 3.16"
"4,81 : 60.21"
"4,82 : 51.01"
"4,83 : 51.24"
"4,84 : 74.28"
"4,85 : 3.61"
"4,86 : 26.17"
"4,87 : 25.0"
"4,88 : 29.41"
"4,89 : 32.53"
"4,90 : 60.21"
"4,91 : 43.01"
"4,92 : 34.18"
"4,93 : 68.51"
"4,94 : 68.26"
"4,95 : 32.65"
"4,96 : 68.6"
"4,97 : 31.24"
"4,98 : 78.64"
"4,99 : 56.52"
"5,0 : 71.34"
"5,1 : 76.79"
"5,2 : 77.16"
"5,3 : 71.85"
"5,4 : 26.93"
"5,5 : 0.0"
"5,6 : 88.68"
"5,7 : 78.85"
"5,8 : 68.82"
"5,9 : 85.49"
"5,10 : 21.19"
"5,11 : 67.74"
"5,12 : 57.57"
"5,13 : 94.58"
"5,14 : 84.72"
"5,15 : 7.0"
"5,16 : 36.22"
"5,17 : 36.0"
"5,18 : 55.71"
"5,19 : 50.01"
"5,20 : 68.18"
"5,21 : 106.15"
"5,22 : 92.31"
"5,23 : 72.84"
"5,24 : 61.66"
"5,25 : 27.46"
"5,26 : 77.01"
"5,27 : 54.56"
"5,28 : 72.25"
"5,29 : 53.85"
"5,30 : 69.03"
"5,31 : 59.68"
"5,32 : 73.01"
"5,33 : 66.49"
"5,34 : 54.45"
"5,35 : 60.22"
"5,36 : 49.04"
"5,37 : 73.25"
"5,38 : 103.59"
"5,39 : 47.17"
"5,40 : 96.33"
"5,41 : 77.37"
"5,42 : 72.8"
"5,43 : 61.85"
"5,44 : 72.78"
"5,45 : 91.44"
"5,46 : 21.21"
"5,47 : 81.94"
"5,48 : 27.51"
"5,49 : 14.56"
"5,50 : 12.0"
"5,51 : 70.38"
"5,52 : 41.77"
"5,53 : 72.03"
"5,54 : 96.9"
"5,55 : 70.06"
"5,56 : 86.02"
"5,57 : 107.06"
"5,58 : 63.29"
"5,59 : 71.56"
"5,60 : 49.16"
"5,61 : 47.04"
"5,62 : 72.99"
"5,63 : 39.82"
"5,64 : 56.86"
"5,65 : 27.66"
"5,66 : 39.56"
"5,67 : 34.01"
"5,68 : 48.04"
"5,69 : 40.02"
"5,70 : 16.49"
"5,71 : 92.1"
"5,72 : 53.91"
"5,73 : 86.16"
"5,74 : 72.34"
"5,75 : 28.32"
"5,76 : 28.32"
"5,77 : 30.41"
"5,78 : 29.15"
"5,79 : 38.29"
"5,80 : 28.79"
"5,81 : 85.15"
"5,82 : 77.41"
"5,83 : 77.03"
"5,84 : 98.23"
"5,85 : 24.7"
"5,86 : 14.42"
"5,87 : 29.15"
"5,88 : 56.32"
"5,89 : 51.55"
"5,90 : 82.02"
"5,91 : 61.85"
"5,92 : 61.03"
"5,93 : 90.51"
"5,94 : 77.62"
"5,95 : 52.89"
"5,96 : 91.29"
"5,97 : 51.66"
"5,98 : 102.18"
"5,99 : 81.22"
"6,0 : 17.46"
"6,1 : 55.01"
"6,2 : 79.2"
"6,3 : 71.31"
"6,4 : 72.28"
"6,5 : 88.68"
"6,6 : 0.0"
"6,7 : 68.48"
"6,8 : 21.38"
"6,9 : 54.04"
"6,10 : 67.96"
"6,11 : 70.84"
"6,12 : 61.0"
"6,13 : 8.25"
"6,14 : 71.56"
"6,15 : 92.36"
"6,16 : 73.44"
"6,17 : 77.41"
"6,18 : 34.66"
"6,19 : 50.77"
"6,20 : 85.44"
"6,21 : 28.02"
"6,22 : 16.16"
"6,23 : 33.38"
"6,24 : 38.48"
"6,25 : 73.98"
"6,26 : 16.28"
"6,27 : 53.24"
"6,28 : 23.35"
"6,29 : 49.04"
"6,30 : 82.86"
"6,31 : 69.63"
"6,32 : 83.22"
"6,33 : 32.31"
"6,34 : 55.95"
"6,35 : 42.3"
"6,36 : 41.11"
"6,37 : 15.81"
"6,38 : 23.09"
"6,39 : 73.06"
"6,40 : 20.62"
"6,41 : 48.88"
"6,42 : 20.12"
"6,43 : 29.43"
"6,44 : 28.64"
"6,45 : 17.89"
"6,46 : 73.11"
"6,47 : 11.18"
"6,48 : 87.86"
"6,49 : 99.4"
"6,50 : 83.38"
"6,51 : 20.81"
"6,52 : 48.7"
"6,53 : 46.27"
"6,54 : 24.04"
"6,55 : 47.52"
"6,56 : 9.22"
"6,57 : 26.31"
"6,58 : 25.5"
"6,59 : 41.23"
"6,60 : 48.83"
"6,61 : 51.61"
"6,62 : 93.3"
"6,63 : 49.77"
"6,64 : 32.31"
"6,65 : 84.72"
"6,66 : 66.27"
"6,67 : 54.92"
"6,68 : 54.38"
"6,69 : 65.22"
"6,70 : 101.24"
"6,71 : 18.79"
"6,72 : 42.11"
"6,73 : 57.63"
"6,74 : 75.39"
"6,75 : 62.39"
"6,76 : 62.39"
"6,77 : 65.25"
"6,78 : 64.85"
"6,79 : 54.12"
"6,80 : 69.12"
"6,81 : 40.36"
"6,82 : 76.49"
"6,83 : 81.94"
"6,84 : 36.67"
"6,85 : 71.17"
"6,86 : 96.01"
"6,87 : 59.91"
"6,88 : 61.81"
"6,89 : 93.13"
"6,90 : 23.6"
"6,91 : 29.43"
"6,92 : 59.67"
"6,93 : 23.85"
"6,94 : 24.08"
"6,95 : 91.27"
"6,96 : 27.46"
"6,97 : 90.2"
"6,98 : 35.74"
"6,99 : 90.87"
"7,0 : 59.46"
"7,1 : 105.95"
"7,2 : 12.0"
"7,3 : 8.49"
"7,4 : 51.97"
"7,5 : 78.85"
"7,6 : 68.48"
"7,7 : 0.0"
"7,8 : 53.76"
"7,9 : 18.03"
"7,10 : 70.06"
"7,11 : 12.21"
"7,12 : 22.0"
"7,13 : 66.85"
"7,14 : 6.0"
"7,15 : 85.7"
"7,16 : 43.01"
"7,17 : 44.38"
"7,18 : 66.89"
"7,19 : 82.86"
"7,20 : 23.77"
"7,21 : 61.2"
"7,22 : 56.92"
"7,23 : 85.91"
"7,24 : 80.99"
"7,25 : 51.42"
"7,26 : 53.25"
"7,27 : 28.86"
"7,28 : 47.01"
"7,29 : 32.89"
"7,30 : 20.62"
"7,31 : 19.7"
"7,32 : 18.44"
"7,33 : 79.2"
"7,34 : 91.79"
"7,35 : 33.29"
"7,36 : 66.64"
"7,37 : 58.9"
"7,38 : 62.8"
"7,39 : 32.7"
"7,40 : 56.52"
"7,41 : 19.7"
"7,42 : 72.12"
"7,43 : 49.04"
"7,44 : 81.47"
"7,45 : 54.71"
"7,46 : 80.1"
"7,47 : 72.8"
"7,48 : 57.25"
"7,49 : 79.31"
"7,50 : 67.19"
"7,51 : 69.31"
"7,52 : 50.96"
"7,53 : 96.26"
"7,54 : 53.94"
"7,55 : 95.96"
"7,56 : 59.48"
"7,57 : 64.38"
"7,58 : 57.49"
"7,59 : 27.8"
"7,60 : 79.71"
"7,61 : 80.78"
"7,62 : 29.43"
"7,63 : 53.85"
"7,64 : 54.08"
"7,65 : 55.04"
"7,66 : 39.46"
"7,67 : 64.54"
"7,68 : 84.86"
"7,69 : 88.77"
"7,70 : 80.11"
"7,71 : 54.41"
"7,72 : 40.25"
"7,73 : 15.3"
"7,74 : 11.18"
"7,75 : 56.04"
"7,76 : 56.04"
"7,77 : 50.09"
"7,78 : 52.04"
"7,79 : 48.66"
"7,80 : 50.49"
"7,81 : 30.59"
"7,82 : 9.0"
"7,83 : 15.0"
"7,84 : 44.0"
"7,85 : 54.59"
"7,86 : 74.85"
"7,87 : 66.75"
"7,88 : 23.02"
"7,89 : 43.28"
"7,90 : 45.19"
"7,91 : 49.04"
"7,92 : 19.1"
"7,93 : 48.76"
"7,94 : 81.32"
"7,95 : 40.46"
"7,96 : 46.1"
"7,97 : 40.36"
"7,98 : 49.01"
"7,99 : 23.35"
"8,0 : 5.83"
"8,1 : 54.78"
"8,2 : 63.01"
"8,3 : 54.64"
"8,4 : 50.96"
"8,5 : 68.82"
"8,6 : 21.38"
"8,7 : 53.76"
"8,8 : 0.0"
"8,9 : 43.42"
"8,10 : 48.84"
"8,11 : 53.34"
"8,12 : 41.79"
"8,13 : 25.94"
"8,14 : 58.05"
"8,15 : 73.11"
"8,16 : 52.15"
"8,17 : 56.14"
"8,18 : 20.4"
"8,19 : 39.46"
"8,20 : 67.12"
"8,21 : 38.83"
"8,22 : 24.21"
"8,23 : 33.12"
"8,24 : 31.4"
"8,25 : 52.63"
"8,26 : 8.6"
"8,27 : 33.24"
"8,28 : 8.25"
"8,29 : 28.64"
"8,30 : 64.85"
"8,31 : 50.7"
"8,32 : 65.86"
"8,33 : 27.51"
"8,34 : 47.04"
"8,35 : 22.85"
"8,36 : 25.08"
"8,37 : 6.08"
"8,38 : 35.47"
"8,39 : 52.47"
"8,40 : 28.84"
"8,41 : 35.81"
"8,42 : 18.44"
"8,43 : 8.06"
"8,44 : 28.3"
"8,45 : 23.85"
"8,46 : 55.44"
"8,47 : 20.25"
"8,48 : 66.49"
"8,49 : 78.71"
"8,50 : 62.61"
"8,51 : 15.81"
"8,52 : 27.73"
"8,53 : 44.94"
"8,54 : 30.41"
"8,55 : 45.22"
"8,56 : 17.2"
"8,57 : 39.05"
"8,58 : 7.28"
"8,59 : 26.25"
"8,60 : 36.67"
"8,61 : 39.05"
"8,62 : 75.15"
"8,63 : 29.15"
"8,64 : 12.04"
"8,65 : 63.35"
"8,66 : 45.04"
"8,67 : 36.07"
"8,68 : 42.76"
"8,69 : 51.87"
"8,70 : 80.5"
"8,71 : 24.7"
"8,72 : 21.02"
"8,73 : 46.65"
"8,74 : 58.52"
"8,75 : 41.59"
"8,76 : 41.59"
"8,77 : 43.97"
"8,78 : 43.66"
"8,79 : 32.89"
"8,80 : 47.8"
"8,81 : 32.28"
"8,82 : 60.61"
"8,83 : 65.46"
"8,84 : 37.34"
"8,85 : 49.98"
"8,86 : 75.15"
"8,87 : 41.01"
"8,88 : 42.38"
"8,89 : 72.56"
"8,90 : 18.11"
"8,91 : 8.06"
"8,92 : 41.15"
"8,93 : 25.3"
"8,94 : 27.59"
"8,95 : 70.86"
"8,96 : 27.66"
"8,97 : 69.72"
"8,98 : 39.29"
"8,99 : 74.33"
"9,0 : 48.55"
"9,1 : 97.99"
"9,2 : 30.02"
"9,3 : 25.0"
"9,4 : 59.06"
"9,5 : 85.49"
"9,6 : 54.04"
"9,7 : 18.03"
"9,8 : 43.42"
"9,9 : 0.0"
"9,10 : 72.57"
"9,11 : 27.31"
"9,12 : 29.21"
"9,13 : 51.11"
"9,14 : 18.68"
"9,15 : 91.92"
"9,16 : 52.2"
"9,17 : 54.67"
"9,18 : 60.44"
"9,19 : 78.45"
"9,20 : 41.23"
"9,21 : 43.42"
"9,22 : 40.71"
"9,23 : 76.54"
"9,24 : 73.74"
"9,25 : 59.17"
"9,26 : 40.46"
"9,27 : 31.02"
"9,28 : 35.51"
"9,29 : 32.76"
"9,30 : 38.08"
"9,31 : 32.2"
"9,32 : 36.35"
"9,33 : 70.68"
"9,34 : 87.1"
"9,35 : 29.0"
"9,36 : 61.98"
"9,37 : 47.43"
"9,38 : 45.35"
"9,39 : 43.84"
"9,40 : 39.56"
"9,41 : 9.0"
"9,42 : 61.59"
"9,43 : 41.11"
"9,44 : 71.69"
"9,45 : 38.47"
"9,46 : 82.2"
"9,47 : 60.21"
"9,48 : 68.12"
"9,49 : 88.75"
"9,50 : 74.71"
"9,51 : 59.17"
"9,52 : 50.16"
"9,53 : 88.14"
"9,54 : 36.69"
"9,55 : 88.24"
"9,56 : 44.82"
"9,57 : 46.69"
"9,58 : 48.85"
"9,59 : 18.44"
"9,60 : 75.31"
"9,61 : 76.94"
"9,62 : 47.38"
"9,63 : 53.15"
"9,64 : 47.54"
"9,65 : 65.44"
"9,66 : 46.65"
"9,67 : 64.12"
"9,68 : 81.05"
"9,69 : 87.09"
"9,70 : 89.87"
"9,71 : 38.01"
"9,72 : 37.0"
"9,73 : 3.61"
"9,74 : 28.64"
"9,75 : 59.2"
"9,76 : 59.2"
"9,77 : 55.15"
"9,78 : 56.65"
"9,79 : 50.01"
"9,80 : 56.8"
"9,81 : 13.89"
"9,82 : 27.02"
"9,83 : 33.02"
"9,84 : 26.02"
"9,85 : 60.84"
"9,86 : 84.31"
"9,87 : 67.48"
"9,88 : 30.61"
"9,89 : 58.67"
"9,90 : 30.48"
"9,91 : 41.11"
"9,92 : 25.61"
"9,93 : 32.2"
"9,94 : 70.46"
"9,95 : 55.95"
"9,96 : 29.15"
"9,97 : 55.57"
"9,98 : 31.0"
"9,99 : 41.11"
"10,0 : 50.8"
"10,1 : 58.82"
"10,2 : 71.59"
"10,3 : 64.63"
"10,4 : 23.02"
"10,5 : 21.19"
"10,6 : 67.96"
"10,7 : 70.06"
"10,8 : 48.84"
"10,9 : 72.57"
"10,10 : 0.0"
"10,11 : 60.83"
"10,12 : 48.09"
"10,13 : 74.2"
"10,14 : 76.06"
"10,15 : 24.41"
"10,16 : 33.12"
"10,17 : 35.23"
"10,18 : 34.54"
"10,19 : 30.59"
"10,20 : 65.92"
"10,21 : 87.11"
"10,22 : 72.84"
"10,23 : 52.15"
"10,24 : 41.05"
"10,25 : 25.0"
"10,26 : 57.28"
"10,27 : 42.19"
"10,28 : 53.26"
"10,29 : 39.81"
"10,30 : 65.79"
"10,31 : 53.15"
"10,32 : 69.26"
"10,33 : 45.54"
"10,34 : 36.77"
"10,35 : 44.6"
"10,36 : 27.86"
"10,37 : 52.8"
"10,38 : 84.15"
"10,39 : 43.08"
"10,40 : 77.16"
"10,41 : 63.79"
"10,42 : 51.62"
"10,43 : 42.52"
"10,44 : 51.79"
"10,45 : 72.18"
"10,46 : 10.05"
"10,47 : 60.84"
"10,48 : 34.67"
"10,49 : 34.13"
"10,50 : 20.62"
"10,51 : 49.24"
"10,52 : 23.71"
"10,53 : 52.77"
"10,54 : 78.1"
"10,55 : 50.99"
"10,56 : 65.95"
"10,57 : 87.69"
"10,58 : 42.8"
"10,59 : 56.3"
"10,60 : 29.15"
"10,61 : 27.46"
"10,62 : 72.45"
"10,63 : 21.1"
"10,64 : 36.8"
"10,65 : 32.8"
"10,66 : 32.28"
"10,67 : 13.04"
"10,68 : 29.41"
"10,69 : 24.84"
"10,70 : 36.12"
"10,71 : 72.92"
"10,72 : 37.16"
"10,73 : 73.98"
"10,74 : 66.29"
"10,75 : 14.04"
"10,76 : 14.04"
"10,77 : 20.88"
"10,78 : 18.68"
"10,79 : 22.56"
"10,80 : 22.36"
"10,81 : 69.46"
"10,82 : 71.02"
"10,83 : 72.28"
"10,84 : 81.12"
"10,85 : 19.42"
"10,86 : 32.02"
"10,87 : 8.06"
"10,88 : 47.17"
"10,89 : 55.32"
"10,90 : 63.6"
"10,91 : 42.52"
"10,92 : 51.01"
"10,93 : 72.01"
"10,94 : 56.52"
"10,95 : 55.61"
"10,96 : 73.24"
"10,97 : 54.2"
"10,98 : 84.6"
"10,99 : 78.43"
"11,0 : 59.17"
"11,1 : 102.18"
"11,2 : 11.18"
"11,3 : 4.12"
"11,4 : 41.11"
"11,5 : 67.74"
"11,6 : 70.84"
"11,7 : 12.21"
"11,8 : 53.34"
"11,9 : 27.31"
"11,10 : 60.83"
"11,11 : 0.0"
"11,12 : 13.89"
"11,13 : 70.61"
"11,14 : 17.46"
"11,15 : 74.67"
"11,16 : 31.58"
"11,17 : 32.57"
"11,18 : 63.03"
"11,19 : 77.18"
"11,20 : 15.03"
"11,21 : 68.18"
"11,22 : 61.52"
"11,23 : 83.55"
"11,24 : 77.23"
"11,25 : 40.31"
"11,26 : 54.78"
"11,27 : 22.8"
"11,28 : 47.93"
"11,29 : 27.66"
"11,30 : 12.17"
"11,31 : 8.06"
"11,32 : 12.53"
"11,33 : 76.38"
"11,34 : 86.09"
"11,35 : 30.81"
"11,36 : 61.61"
"11,37 : 59.06"
"11,38 : 69.0"
"11,39 : 20.88"
"11,40 : 62.07"
"11,41 : 25.08"
"11,42 : 71.03"
"11,43 : 47.2"
"11,44 : 79.51"
"11,45 : 59.41"
"11,46 : 70.86"
"11,47 : 73.36"
"11,48 : 45.19"
"11,49 : 67.42"
"11,50 : 55.9"
"11,51 : 68.01"
"11,52 : 44.29"
"11,53 : 92.76"
"11,54 : 60.0"
"11,55 : 92.2"
"11,56 : 62.36"
"11,57 : 71.06"
"11,58 : 55.61"
"11,59 : 29.83"
"11,60 : 74.09"
"11,61 : 74.79"
"11,62 : 22.56"
"11,63 : 46.96"
"11,64 : 50.93"
"11,65 : 43.08"
"11,66 : 29.02"
"11,67 : 57.01"
"11,68 : 78.77"
"11,69 : 81.34"
"11,70 : 68.15"
"11,71 : 59.3"
"11,72 : 36.07"
"11,73 : 25.55"
"11,74 : 5.83"
"11,75 : 46.87"
"11,76 : 46.87"
"11,77 : 40.2"
"11,78 : 42.3"
"11,79 : 40.85"
"11,80 : 40.0"
"11,81 : 37.22"
"11,82 : 10.2"
"11,83 : 12.81"
"11,84 : 51.97"
"11,85 : 44.01"
"11,86 : 62.97"
"11,87 : 58.52"
"11,88 : 14.32"
"11,89 : 31.62"
"11,90 : 48.84"
"11,91 : 47.2"
"11,92 : 12.73"
"11,93 : 54.08"
"11,94 : 80.21"
"11,95 : 28.84"
"11,96 : 52.0"
"11,97 : 28.6"
"11,98 : 57.07"
"11,99 : 21.26"
"12,0 : 47.54"
"12,1 : 88.53"
"12,2 : 25.06"
"12,3 : 17.09"
"12,4 : 30.68"
"12,5 : 57.57"
"12,6 : 61.0"
"12,7 : 22.0"
"12,8 : 41.79"
"12,9 : 29.21"
"12,10 : 48.09"
"12,11 : 13.89"
"12,12 : 0.0"
"12,13 : 62.07"
"12,14 : 28.0"
"12,15 : 64.29"
"12,16 : 23.02"
"12,17 : 25.5"
"12,18 : 49.5"
"12,19 : 63.29"
"12,20 : 25.55"
"12,21 : 63.32"
"12,22 : 54.15"
"12,23 : 70.43"
"12,24 : 63.66"
"12,25 : 30.46"
"12,26 : 44.72"
"12,27 : 9.22"
"12,28 : 37.66"
"12,29 : 14.21"
"12,30 : 23.6"
"12,31 : 8.94"
"12,32 : 25.46"
"12,33 : 63.13"
"12,34 : 72.2"
"12,35 : 18.97"
"12,36 : 47.8"
"12,37 : 47.76"
"12,38 : 63.15"
"12,39 : 15.26"
"12,40 : 55.73"
"12,41 : 22.8"
"12,42 : 58.67"
"12,43 : 34.89"
"12,44 : 66.61"
"12,45 : 52.24"
"12,46 : 58.14"
"12,47 : 62.03"
"12,48 : 38.95"
"12,49 : 59.68"
"12,50 : 46.24"
"12,51 : 55.57"
"12,52 : 30.41"
"12,53 : 79.21"
"12,54 : 54.34"
"12,55 : 78.57"
"12,56 : 53.24"
"12,57 : 65.73"
"12,58 : 43.05"
"12,59 : 22.56"
"12,60 : 60.21"
"12,61 : 60.9"
"12,62 : 33.62"
"12,63 : 33.11"
"12,64 : 37.8"
"12,65 : 36.24"
"12,66 : 18.03"
"12,67 : 43.32"
"12,68 : 64.88"
"12,69 : 67.68"
"12,70 : 60.75"
"12,71 : 52.35"
"12,72 : 22.8"
"12,73 : 29.15"
"12,74 : 19.72"
"12,75 : 34.06"
"12,76 : 34.06"
"12,77 : 28.16"
"12,78 : 30.07"
"12,79 : 27.2"
"12,80 : 28.86"
"12,81 : 34.0"
"12,82 : 23.77"
"12,83 : 26.63"
"12,84 : 49.19"
"12,85 : 32.98"
"12,86 : 55.23"
"12,87 : 45.12"
"12,88 : 1.41"
"12,89 : 33.54"
"12,90 : 41.11"
"12,91 : 34.89"
"12,92 : 3.61"
"12,93 : 47.85"
"12,94 : 67.74"
"12,95 : 31.26"
"12,96 : 46.57"
"12,97 : 30.41"
"12,98 : 54.13"
"12,99 : 34.71"
"13,0 : 23.43"
"13,1 : 63.07"
"13,2 : 78.11"
"13,3 : 70.6"
"13,4 : 76.55"
"13,5 : 94.58"
"13,6 : 8.25"
"13,7 : 66.85"
"13,8 : 25.94"
"13,9 : 51.11"
"13,10 : 74.2"
"13,11 : 70.61"
"13,12 : 62.07"
"13,13 : 0.0"
"13,14 : 69.32"
"13,15 : 98.6"
"13,16 : 76.69"
"13,17 : 80.6"
"13,18 : 41.87"
"13,19 : 58.67"
"13,20 : 85.51"
"13,21 : 20.02"
"13,22 : 10.63"
"13,23 : 41.59"
"13,24 : 46.62"
"13,25 : 78.11"
"13,26 : 18.68"
"13,27 : 55.08"
"13,28 : 25.32"
"13,29 : 51.35"
"13,30 : 82.76"
"13,31 : 70.35"
"13,32 : 82.71"
"13,33 : 40.5"
"13,34 : 64.08"
"13,35 : 44.1"
"13,36 : 48.1"
"13,37 : 21.4"
"13,38 : 15.0"
"13,39 : 75.17"
"13,40 : 13.89"
"13,41 : 47.17"
"13,42 : 28.23"
"13,43 : 33.62"
"13,44 : 36.88"
"13,45 : 12.81"
"13,46 : 79.93"
"13,47 : 19.42"
"13,48 : 91.76"
"13,49 : 104.66"
"13,50 : 88.55"
"13,51 : 28.65"
"13,52 : 53.67"
"13,53 : 54.45"
"13,54 : 17.49"
"13,55 : 55.73"
"13,56 : 9.22"
"13,57 : 18.11"
"13,58 : 31.4"
"13,59 : 40.79"
"13,60 : 56.6"
"13,61 : 59.36"
"13,62 : 93.17"
"13,63 : 55.07"
"13,64 : 37.74"
"13,65 : 88.6"
"13,66 : 69.43"
"13,67 : 61.22"
"13,68 : 62.27"
"13,69 : 72.95"
"13,70 : 106.44"
"13,71 : 13.45"
"13,72 : 45.35"
"13,73 : 54.71"
"13,74 : 74.73"
"13,75 : 67.54"
"13,76 : 67.54"
"13,77 : 69.64"
"13,78 : 69.46"
"13,79 : 58.69"
"13,80 : 73.39"
"13,81 : 37.22"
"13,82 : 75.27"
"13,83 : 80.96"
"13,84 : 30.81"
"13,85 : 75.77"
"13,86 : 101.08"
"13,87 : 66.22"
"13,88 : 63.03"
"13,89 : 95.05"
"13,90 : 21.84"
"13,91 : 33.62"
"13,92 : 60.3"
"13,93 : 19.21"
"13,94 : 32.25"
"13,95 : 93.01"
"13,96 : 22.67"
"13,97 : 92.02"
"13,98 : 29.07"
"13,99 : 89.81"
"14,0 : 63.66"
"14,1 : 110.98"
"14,2 : 13.42"
"14,3 : 13.42"
"14,4 : 57.87"
"14,5 : 84.72"
"14,6 : 71.56"
"14,7 : 6.0"
"14,8 : 58.05"
"14,9 : 18.68"
"14,10 : 76.06"
"14,11 : 17.46"
"14,12 : 28.0"
"14,13 : 69.32"
"14,14 : 0.0"
"14,15 : 91.59"
"14,16 : 48.76"
"14,17 : 49.98"
"14,18 : 72.07"
"14,19 : 88.39"
"14,20 : 26.63"
"14,21 : 61.98"
"14,22 : 59.09"
"14,23 : 90.6"
"14,24 : 86.09"
"14,25 : 57.27"
"14,26 : 56.85"
"14,27 : 34.71"
"14,28 : 50.93"
"14,29 : 38.6"
"14,30 : 23.6"
"14,31 : 25.3"
"14,32 : 20.59"
"14,33 : 84.05"
"14,34 : 97.31"
"14,35 : 38.47"
"14,36 : 72.09"
"14,37 : 62.94"
"14,38 : 64.03"
"14,39 : 38.28"
"14,40 : 58.19"
"14,41 : 22.8"
"14,42 : 76.49"
"14,43 : 53.82"
"14,44 : 86.05"
"14,45 : 56.86"
"14,46 : 86.09"
"14,47 : 76.58"
"14,48 : 62.65"
"14,49 : 84.86"
"14,50 : 73.01"
"14,51 : 73.76"
"14,52 : 56.75"
"14,53 : 101.24"
"14,54 : 55.36"
"14,55 : 101.02"
"14,56 : 62.43"
"14,57 : 65.31"
"14,58 : 62.2"
"14,59 : 31.83"
"14,60 : 85.23"
"14,61 : 86.38"
"14,62 : 31.02"
"14,63 : 59.67"
"14,64 : 59.17"
"14,65 : 60.54"
"14,66 : 45.4"
"14,67 : 70.41"
"14,68 : 90.48"
"14,69 : 94.59"
"14,70 : 85.62"
"14,71 : 56.46"
"14,72 : 45.69"
"14,73 : 15.3"
"14,74 : 14.87"
"14,75 : 62.03"
"14,76 : 62.03"
"14,77 : 56.08"
"14,78 : 58.03"
"14,79 : 54.59"
"14,80 : 56.44"
"14,81 : 32.31"
"14,82 : 10.82"
"14,83 : 16.16"
"14,84 : 44.41"
"14,85 : 60.53"
"14,86 : 80.41"
"14,87 : 72.69"
"14,88 : 29.02"
"14,89 : 47.38"
"14,90 : 48.02"
"14,91 : 53.82"
"14,92 : 25.08"
"14,93 : 50.7"
"14,94 : 85.63"
"14,95 : 44.55"
"14,96 : 47.76"
"14,97 : 44.6"
"14,98 : 49.25"
"14,99 : 23.09"
"15,0 : 75.21"
"15,1 : 76.11"
"15,2 : 84.15"
"15,3 : 78.77"
"15,4 : 33.73"
"15,5 : 7.0"
"15,6 : 92.36"
"15,7 : 85.7"
"15,8 : 73.11"
"15,9 : 91.92"
"15,10 : 24.41"
"15,11 : 74.67"
"15,12 : 64.29"
"15,13 : 98.6"
"15,14 : 91.59"
"15,15 : 0.0"
"15,16 : 43.19"
"15,17 : 43.0"
"15,18 : 58.59"
"15,19 : 50.64"
"15,20 : 75.17"
"15,21 : 111.02"
"15,22 : 96.94"
"15,23 : 74.22"
"15,24 : 63.06"
"15,25 : 34.37"
"15,26 : 81.47"
"15,27 : 60.93"
"15,28 : 77.08"
"15,29 : 59.94"
"15,30 : 76.03"
"15,31 : 66.61"
"15,32 : 80.01"
"15,33 : 68.31"
"15,34 : 54.0"
"15,35 : 66.04"
"15,36 : 51.88"
"15,37 : 77.2"
"15,38 : 108.25"
"15,39 : 54.15"
"15,40 : 101.12"
"15,41 : 83.67"
"15,42 : 75.58"
"15,43 : 66.48"
"15,44 : 74.63"
"15,45 : 96.18"
"15,46 : 21.38"
"15,47 : 85.0"
"15,48 : 34.21"
"15,49 : 17.8"
"15,50 : 19.0"
"15,51 : 73.36"
"15,52 : 46.75"
"15,53 : 72.17"
"15,54 : 101.86"
"15,55 : 70.11"
"15,56 : 90.27"
"15,57 : 111.76"
"15,58 : 67.2"
"15,59 : 77.52"
"15,60 : 50.22"
"15,61 : 47.85"
"15,62 : 79.91"
"15,63 : 44.55"
"15,64 : 61.07"
"15,65 : 34.53"
"15,66 : 46.32"
"15,67 : 37.44"
"15,68 : 48.26"
"15,69 : 39.05"
"15,70 : 19.42"
"15,71 : 96.88"
"15,72 : 59.41"
"15,73 : 92.7"
"15,74 : 79.31"
"15,75 : 33.84"
"15,76 : 33.84"
"15,77 : 36.77"
"15,78 : 35.34"
"15,79 : 43.83"
"15,80 : 35.44"
"15,81 : 91.07"
"15,82 : 84.38"
"15,83 : 84.02"
"15,84 : 103.81"
"15,85 : 31.32"
"15,86 : 19.21"
"15,87 : 32.45"
"15,88 : 63.06"
"15,89 : 58.24"
"15,90 : 87.11"
"15,91 : 66.48"
"15,92 : 67.72"
"15,93 : 95.59"
"15,94 : 79.71"
"15,95 : 59.67"
"15,96 : 96.54"
"15,97 : 58.46"
"15,98 : 107.62"
"15,99 : 88.2"
"16,0 : 57.01"
"16,1 : 85.98"
"16,2 : 41.01"
"16,3 : 35.69"
"16,4 : 10.44"
"16,5 : 36.22"
"16,6 : 73.44"
"16,7 : 43.01"
"16,8 : 52.15"
"16,9 : 52.2"
"16,10 : 33.12"
"16,11 : 31.58"
"16,12 : 23.02"
"16,13 : 76.69"
"16,14 : 48.76"
"16,15 : 43.19"
"16,16 : 0.0"
"16,17 : 4.0"
"16,18 : 50.6"
"16,19 : 57.8"
"16,20 : 33.24"
"16,21 : 82.29"
"16,22 : 70.84"
"16,23 : 72.45"
"16,24 : 63.07"
"16,25 : 9.06"
"16,26 : 58.05"
"16,27 : 23.85"
"16,28 : 51.42"
"16,29 : 26.0"
"16,30 : 33.54"
"16,31 : 23.54"
"16,32 : 37.34"
"16,33 : 64.85"
"16,34 : 65.95"
"16,35 : 33.62"
"16,36 : 46.1"
"16,37 : 58.08"
"16,38 : 81.15"
"16,39 : 11.0"
"16,40 : 73.54"
"16,41 : 45.28"
"16,42 : 64.78"
"16,43 : 44.1"
"16,44 : 69.92"
"16,45 : 69.29"
"16,46 : 42.54"
"16,47 : 71.06"
"16,48 : 16.4"
"16,49 : 36.72"
"16,50 : 24.33"
"16,51 : 61.66"
"16,52 : 28.16"
"16,53 : 77.9"
"16,54 : 72.92"
"16,55 : 76.66"
"16,56 : 67.47"
"16,57 : 84.17"
"16,58 : 50.09"
"16,59 : 42.44"
"16,60 : 55.22"
"16,61 : 54.82"
"16,62 : 39.4"
"16,63 : 29.15"
"16,64 : 43.19"
"16,65 : 13.45"
"16,66 : 7.28"
"16,67 : 34.83"
"16,68 : 58.14"
"16,69 : 57.01"
"16,70 : 37.74"
"16,71 : 69.64"
"16,72 : 31.4"
"16,73 : 52.15"
"16,74 : 36.12"
"16,75 : 21.21"
"16,76 : 21.21"
"16,77 : 13.45"
"16,78 : 15.56"
"16,79 : 22.14"
"16,80 : 10.82"
"16,81 : 55.44"
"16,82 : 41.19"
"16,83 : 41.05"
"16,84 : 70.21"
"16,85 : 13.93"
"16,86 : 32.25"
"16,87 : 33.97"
"16,88 : 21.63"
"16,89 : 23.85"
"16,90 : 58.31"
"16,91 : 44.1"
"16,92 : 26.63"
"16,93 : 66.21"
"16,94 : 72.78"
"16,95 : 23.43"
"16,96 : 65.76"
"16,97 : 22.02"
"16,98 : 74.89"
"16,99 : 46.1"
"17,0 : 61.01"
"17,1 : 89.36"
"17,2 : 41.3"
"17,3 : 36.69"
"17,4 : 12.21"
"17,5 : 36.0"
"17,6 : 77.41"
"17,7 : 44.38"
"17,8 : 56.14"
"17,9 : 54.67"
"17,10 : 35.23"
"17,11 : 32.57"
"17,12 : 25.5"
"17,13 : 80.6"
"17,14 : 49.98"
"17,15 : 43.0"
"17,16 : 4.0"
"17,17 : 0.0"
"17,18 : 54.41"
"17,19 : 61.03"
"17,20 : 32.39"
"17,21 : 85.91"
"17,22 : 74.63"
"17,23 : 76.22"
"17,24 : 66.71"
"17,25 : 10.3"
"17,26 : 61.98"
"17,27 : 27.29"
"17,28 : 55.32"
"17,29 : 29.73"
"17,30 : 33.06"
"17,31 : 24.7"
"17,32 : 37.01"
"17,33 : 68.62"
"17,34 : 69.03"
"17,35 : 37.34"
"17,36 : 49.77"
"17,37 : 62.07"
"17,38 : 84.86"
"17,39 : 11.7"
"17,40 : 77.25"
"17,41 : 48.1"
"17,42 : 68.73"
"17,43 : 48.09"
"17,44 : 73.76"
"17,45 : 73.05"
"17,46 : 44.29"
"17,47 : 75.06"
"17,48 : 13.45"
"17,49 : 34.93"
"17,50 : 24.0"
"17,51 : 65.62"
"17,52 : 32.02"
"17,53 : 81.41"
"17,54 : 76.56"
"17,55 : 80.13"
"17,56 : 71.39"
"17,57 : 87.85"
"17,58 : 54.08"
"17,59 : 45.79"
"17,60 : 58.52"
"17,61 : 58.01"
"17,62 : 37.95"
"17,63 : 32.89"
"17,64 : 47.17"
"17,65 : 10.82"
"17,66 : 11.18"
"17,67 : 38.01"
"17,68 : 61.22"
"17,69 : 59.55"
"17,70 : 35.78"
"17,71 : 73.39"
"17,72 : 35.36"
"17,73 : 54.41"
"17,74 : 36.67"
"17,75 : 24.21"
"17,76 : 24.21"
"17,77 : 16.64"
"17,78 : 18.6"
"17,79 : 25.96"
"17,80 : 13.45"
"17,81 : 58.6"
"17,82 : 41.77"
"17,83 : 41.05"
"17,84 : 73.5"
"17,85 : 15.81"
"17,86 : 30.46"
"17,87 : 36.8"
"17,88 : 24.08"
"17,89 : 20.62"
"17,90 : 62.03"
"17,91 : 48.09"
"17,92 : 29.07"
"17,93 : 69.86"
"17,94 : 76.69"
"17,95 : 20.52"
"17,96 : 69.32"
"17,97 : 19.1"
"17,98 : 78.23"
"17,99 : 45.4"
"18,0 : 19.24"
"18,1 : 39.2"
"18,2 : 73.88"
"18,3 : 65.44"
"18,4 : 45.4"
"18,5 : 55.71"
"18,6 : 34.66"
"18,7 : 66.89"
"18,8 : 20.4"
"18,9 : 60.44"
"18,10 : 34.54"
"18,11 : 63.03"
"18,12 : 49.5"
"18,13 : 41.87"
"18,14 : 72.07"
"18,15 : 58.59"
"18,16 : 50.6"
"18,17 : 54.41"
"18,18 : 0.0"
"18,19 : 19.1"
"18,20 : 74.52"
"18,21 : 58.14"
"18,22 : 43.38"
"18,23 : 21.93"
"18,24 : 14.21"
"18,25 : 47.52"
"18,26 : 28.46"
"18,27 : 40.31"
"18,28 : 28.07"
"18,29 : 35.38"
"18,30 : 72.92"
"18,31 : 58.05"
"18,32 : 74.95"
"18,33 : 14.32"
"18,34 : 27.07"
"18,35 : 33.62"
"18,36 : 6.71"
"18,37 : 21.47"
"18,38 : 54.2"
"18,39 : 55.07"
"18,40 : 48.33"
"18,41 : 51.87"
"18,42 : 17.09"
"18,43 : 19.42"
"18,44 : 19.42"
"18,45 : 43.46"
"18,46 : 38.6"
"18,47 : 26.42"
"18,48 : 61.29"
"18,49 : 67.91"
"18,50 : 52.61"
"18,51 : 14.76"
"18,52 : 22.47"
"18,53 : 29.73"
"18,54 : 50.33"
"18,55 : 29.21"
"18,56 : 34.99"
"18,57 : 57.8"
"18,58 : 13.15"
"18,59 : 42.06"
"18,60 : 16.28"
"18,61 : 18.68"
"18,62 : 82.46"
"18,63 : 21.59"
"18,64 : 13.0"
"18,65 : 58.42"
"18,66 : 44.78"
"18,67 : 21.84"
"18,68 : 22.36"
"18,69 : 31.78"
"18,70 : 69.86"
"18,71 : 44.38"
"18,72 : 27.02"
"18,73 : 63.25"
"18,74 : 68.77"
"18,75 : 33.02"
"18,76 : 33.02"
"18,77 : 38.64"
"18,78 : 37.34"
"18,79 : 28.46"
"18,80 : 42.58"
"18,81 : 51.24"
"18,82 : 72.01"
"18,83 : 75.82"
"18,84 : 57.71"
"18,85 : 43.1"
"18,86 : 65.12"
"18,87 : 26.57"
"18,88 : 49.52"
"18,89 : 73.93"
"18,90 : 38.47"
"18,91 : 19.42"
"18,92 : 50.33"
"18,93 : 45.61"
"18,94 : 23.0"
"18,95 : 72.92"
"18,96 : 48.05"
"18,97 : 71.59"
"18,98 : 59.67"
"18,99 : 84.17"
"19,0 : 37.64"
"19,1 : 28.64"
"19,2 : 88.32"
"19,3 : 80.13"
"19,4 : 49.74"
"19,5 : 50.01"
"19,6 : 50.77"
"19,7 : 82.86"
"19,8 : 39.46"
"19,9 : 78.45"
"19,10 : 30.59"
"19,11 : 77.18"
"19,12 : 63.29"
"19,13 : 58.67"
"19,14 : 88.39"
"19,15 : 50.64"
"19,16 : 57.8"
"19,17 : 61.03"
"19,18 : 19.1"
"19,19 : 0.0"
"19,20 : 86.68"
"19,21 : 76.32"
"19,22 : 61.68"
"19,23 : 24.17"
"19,24 : 13.6"
"19,25 : 51.97"
"19,26 : 47.3"
"19,27 : 54.59"
"19,28 : 47.17"
"19,29 : 50.09"
"19,30 : 85.6"
"19,31 : 71.03"
"19,32 : 88.23"
"19,33 : 19.85"
"19,34 : 8.94"
"19,35 : 50.29"
"19,36 : 16.49"
"19,37 : 39.85"
"19,38 : 72.09"
"19,39 : 65.05"
"19,40 : 66.73"
"19,41 : 69.63"
"19,42 : 30.81"
"19,43 : 38.05"
"19,44 : 25.81"
"19,45 : 61.98"
"19,46 : 29.27"
"19,47 : 40.61"
"19,48 : 64.08"
"19,49 : 64.07"
"19,50 : 51.2"
"19,51 : 30.02"
"19,52 : 33.02"
"19,53 : 22.2"
"19,54 : 68.96"
"19,55 : 20.4"
"19,56 : 52.92"
"19,57 : 75.64"
"19,58 : 32.25"
"19,59 : 60.02"
"19,60 : 3.16"
"19,61 : 3.16"
"19,62 : 94.26"
"19,63 : 30.61"
"19,64 : 31.14"
"19,65 : 61.74"
"19,66 : 53.76"
"19,67 : 23.02"
"19,68 : 3.61"
"19,69 : 14.87"
"19,70 : 66.07"
"19,71 : 62.94"
"19,72 : 42.72"
"19,73 : 81.02"
"19,74 : 83.01"
"19,75 : 36.89"
"19,76 : 36.89"
"19,77 : 44.41"
"19,78 : 42.44"
"19,79 : 37.54"
"19,80 : 47.71"
"19,81 : 70.06"
"19,82 : 86.83"
"19,83 : 89.89"
"19,84 : 76.79"
"19,85 : 46.53"
"19,86 : 62.39"
"19,87 : 25.08"
"19,88 : 62.97"
"19,89 : 81.61"
"19,90 : 57.56"
"19,91 : 38.05"
"19,92 : 64.88"
"19,93 : 64.54"
"19,94 : 31.4"
"19,95 : 81.22"
"19,96 : 67.08"
"19,97 : 79.81"
"19,98 : 78.64"
"19,99 : 97.65"
"20,0 : 72.92"
"20,1 : 113.15"
"20,2 : 13.45"
"20,3 : 16.28"
"20,4 : 43.68"
"20,5 : 68.18"
"20,6 : 85.44"
"20,7 : 23.77"
"20,8 : 67.12"
"20,9 : 41.23"
"20,10 : 65.92"
"20,11 : 15.03"
"20,12 : 25.55"
"20,13 : 85.51"
"20,14 : 26.63"
"20,15 : 75.17"
"20,16 : 33.24"
"20,17 : 32.39"
"20,18 : 74.52"
"20,19 : 86.68"
"20,20 : 0.0"
"20,21 : 83.1"
"20,22 : 76.53"
"20,23 : 95.8"
"20,24 : 88.53"
"20,25 : 42.2"
"20,26 : 69.26"
"20,27 : 34.67"
"20,28 : 62.3"
"20,29 : 39.66"
"20,30 : 3.16"
"20,31 : 16.64"
"20,32 : 6.4"
"20,33 : 88.41"
"20,34 : 95.43"
"20,35 : 44.28"
"20,36 : 72.12"
"20,37 : 73.01"
"20,38 : 84.01"
"20,39 : 22.85"
"20,40 : 77.1"
"20,41 : 40.01"
"20,42 : 84.22"
"20,43 : 60.42"
"20,44 : 92.09"
"20,45 : 74.43"
"20,46 : 75.61"
"20,47 : 87.32"
"20,48 : 42.19"
"20,49 : 64.63"
"20,50 : 56.22"
"20,51 : 81.12"
"20,52 : 53.81"
"20,53 : 104.06"
"20,54 : 75.01"
"20,55 : 103.28"
"20,56 : 77.13"
"20,57 : 86.02"
"20,58 : 68.6"
"20,59 : 44.72"
"20,60 : 83.74"
"20,61 : 84.02"
"20,62 : 8.06"
"20,63 : 56.08"
"20,64 : 63.25"
"20,65 : 41.01"
"20,66 : 34.0"
"20,67 : 64.9"
"20,68 : 87.8"
"20,69 : 88.68"
"20,70 : 64.94"
"20,71 : 74.33"
"20,72 : 48.26"
"20,73 : 38.9"
"20,74 : 12.65"
"20,75 : 52.77"
"20,76 : 52.77"
"20,77 : 45.19"
"20,78 : 47.42"
"20,79 : 49.2"
"20,80 : 43.66"
"20,81 : 52.09"
"20,82 : 15.81"
"20,83 : 11.4"
"20,84 : 66.61"
"20,85 : 47.13"
"20,86 : 60.41"
"20,87 : 65.37"
"20,88 : 25.24"
"20,89 : 21.95"
"20,90 : 63.79"
"20,91 : 60.42"
"20,92 : 26.0"
"20,93 : 69.12"
"20,94 : 93.3"
"20,95 : 19.24"
"20,96 : 67.01"
"20,97 : 19.7"
"20,98 : 71.7"
"20,99 : 13.04"
"21,0 : 38.91"
"21,1 : 83.02"
"21,2 : 73.17"
"21,3 : 67.01"
"21,4 : 84.6"
"21,5 : 106.15"
"21,6 : 28.02"
"21,7 : 61.2"
"21,8 : 38.83"
"21,9 : 43.42"
"21,10 : 87.11"
"21,11 : 68.18"
"21,12 : 63.32"
"21,13 : 20.02"
"21,14 : 61.98"
"21,15 : 111.02"
"21,16 : 82.29"
"21,17 : 85.91"
"21,18 : 58.14"
"21,19 : 76.32"
"21,20 : 83.1"
"21,21 : 0.0"
"21,22 : 14.76"
"21,23 : 61.29"
"21,24 : 65.25"
"21,25 : 85.76"
"21,26 : 30.23"
"21,27 : 58.69"
"21,28 : 33.94"
"21,29 : 56.36"
"21,30 : 80.06"
"21,31 : 70.21"
"21,32 : 79.01"
"21,33 : 59.44"
"21,34 : 82.57"
"21,35 : 48.76"
"21,36 : 63.63"
"21,37 : 36.67"
"21,38 : 5.1"
"21,39 : 78.11"
"21,40 : 10.0"
"21,41 : 43.1"
"21,42 : 47.07"
"21,43 : 44.6"
"21,44 : 56.44"
"21,45 : 15.0"
"21,46 : 94.2"
"21,47 : 39.12"
"21,48 : 98.41"
"21,49 : 114.4"
"21,50 : 98.41"
"21,51 : 46.84"
"21,52 : 64.38"
"21,53 : 74.24"
"21,54 : 9.43"
"21,55 : 75.43"
"21,56 : 23.41"
"21,57 : 3.61"
"21,58 : 45.79"
"21,59 : 40.8"
"21,60 : 73.93"
"21,61 : 76.56"
"21,62 : 90.0"
"21,63 : 66.47"
"21,64 : 50.61"
"21,65 : 95.29"
"21,66 : 75.13"
"21,67 : 74.65"
"21,68 : 79.85"
"21,69 : 89.9"
"21,70 : 116.02"
"21,71 : 14.21"
"21,72 : 53.01"
"21,73 : 46.69"
"21,74 : 71.0"
"21,75 : 77.99"
"21,76 : 77.99"
"21,77 : 78.24"
"21,78 : 78.6"
"21,79 : 68.25"
"21,80 : 81.54"
"21,81 : 31.02"
"21,82 : 70.18"
"21,83 : 76.16"
"21,84 : 17.72"
"21,85 : 84.63"
"21,86 : 110.44"
"21,87 : 79.51"
"21,88 : 64.56"
"21,89 : 96.77"
"21,90 : 24.41"
"21,91 : 44.6"
"21,92 : 60.64"
"21,93 : 16.12"
"21,94 : 52.09"
"21,95 : 94.37"
"21,96 : 16.76"
"21,97 : 93.62"
"21,98 : 13.42"
"21,99 : 84.48"
"22,0 : 24.17"
"22,1 : 70.18"
"22,2 : 68.41"
"22,3 : 61.19"
"22,4 : 72.01"
"22,5 : 92.31"
"22,6 : 16.16"
"22,7 : 56.92"
"22,8 : 24.21"
"22,9 : 40.71"
"22,10 : 72.84"
"22,11 : 61.52"
"22,12 : 54.15"
"22,13 : 10.63"
"22,14 : 59.09"
"22,15 : 96.94"
"22,16 : 70.84"
"22,17 : 74.63"
"22,18 : 43.38"
"22,19 : 61.68"
"22,20 : 76.53"
"22,21 : 14.76"
"22,22 : 0.0"
"22,23 : 48.01"
"22,24 : 50.99"
"22,25 : 73.35"
"22,26 : 15.62"
"22,27 : 48.05"
"22,28 : 20.25"
"22,29 : 44.92"
"22,30 : 73.68"
"22,31 : 62.0"
"22,32 : 73.35"
"22,33 : 45.4"
"22,34 : 68.15"
"22,35 : 37.36"
"22,36 : 48.88"
"22,37 : 21.93"
"22,38 : 11.31"
"22,39 : 68.07"
"22,40 : 5.1"
"22,41 : 37.36"
"22,42 : 33.14"
"22,43 : 30.48"
"22,44 : 43.0"
"22,45 : 2.24"
"22,46 : 79.65"
"22,47 : 26.31"
"22,48 : 86.54"
"22,49 : 101.24"
"22,50 : 85.15"
"22,51 : 32.56"
"22,52 : 50.61"
"22,53 : 61.01"
"22,54 : 8.06"
"22,55 : 62.01"
"22,56 : 9.06"
"22,57 : 14.87"
"22,58 : 31.06"
"22,59 : 32.02"
"22,60 : 59.24"
"22,61 : 61.85"
"22,62 : 84.01"
"22,63 : 52.5"
"22,64 : 36.12"
"22,65 : 83.38"
"22,66 : 63.57"
"22,67 : 60.21"
"22,68 : 65.19"
"22,69 : 75.15"
"22,70 : 102.93"
"22,71 : 2.83"
"22,72 : 40.25"
"22,73 : 44.29"
"22,74 : 65.31"
"22,75 : 64.4"
"22,76 : 64.4"
"22,77 : 65.37"
"22,78 : 65.51"
"22,79 : 54.92"
"22,80 : 68.88"
"22,81 : 26.83"
"22,82 : 65.52"
"22,83 : 71.31"
"22,84 : 20.59"
"22,85 : 71.69"
"22,86 : 97.42"
"22,87 : 65.12"
"22,88 : 55.23"
"22,89 : 87.57"
"22,90 : 13.04"
"22,91 : 30.48"
"22,92 : 52.01"
"22,93 : 8.6"
"22,94 : 39.2"
"22,95 : 85.38"
"22,96 : 12.04"
"22,97 : 84.48"
"22,98 : 19.65"
"22,99 : 80.08"
"23,0 : 28.23"
"23,1 : 22.36"
"23,2 : 94.05"
"23,3 : 85.56"
"23,4 : 66.71"
"23,5 : 72.84"
"23,6 : 33.38"
"23,7 : 85.91"
"23,8 : 33.12"
"23,9 : 76.54"
"23,10 : 52.15"
"23,11 : 83.55"
"23,12 : 70.43"
"23,13 : 41.59"
"23,14 : 90.6"
"23,15 : 74.22"
"23,16 : 72.45"
"23,17 : 76.22"
"23,18 : 21.93"
"23,19 : 24.17"
"23,20 : 95.8"
"23,21 : 61.29"
"23,22 : 48.01"
"23,23 : 0.0"
"23,24 : 11.18"
"23,25 : 68.88"
"23,26 : 37.64"
"23,27 : 61.22"
"23,28 : 41.15"
"23,29 : 56.22"
"23,30 : 94.02"
"23,31 : 79.2"
"23,32 : 95.78"
"23,33 : 7.62"
"23,34 : 25.46"
"23,35 : 53.04"
"23,36 : 26.68"
"23,37 : 29.73"
"23,38 : 56.44"
"23,39 : 76.94"
"23,40 : 53.0"
"23,41 : 68.8"
"23,42 : 15.52"
"23,43 : 36.88"
"23,44 : 5.1"
"23,45 : 49.09"
"23,46 : 52.89"
"23,47 : 22.2"
"23,48 : 82.38"
"23,49 : 86.28"
"23,50 : 72.01"
"23,51 : 17.46"
"23,52 : 44.38"
"23,53 : 13.0"
"23,54 : 56.04"
"23,55 : 14.14"
"23,56 : 39.05"
"23,57 : 59.68"
"23,58 : 28.43"
"23,59 : 59.08"
"23,60 : 24.04"
"23,61 : 26.57"
"23,62 : 103.81"
"23,63 : 43.32"
"23,64 : 32.65"
"23,65 : 79.62"
"23,66 : 66.71"
"23,67 : 41.11"
"23,68 : 27.29"
"23,69 : 38.59"
"23,70 : 88.28"
"23,71 : 50.09"
"23,72 : 47.63"
"23,73 : 79.76"
"23,74 : 89.14"
"23,75 : 53.94"
"23,76 : 53.94"
"23,77 : 60.17"
"23,78 : 58.69"
"23,79 : 50.33"
"23,80 : 64.03"
"23,81 : 65.0"
"23,82 : 91.93"
"23,83 : 96.21"
"23,84 : 66.91"
"23,85 : 64.13"
"23,86 : 84.05"
"23,87 : 45.0"
"23,88 : 70.6"
"23,89 : 95.85"
"23,90 : 49.04"
"23,91 : 36.88"
"23,92 : 70.84"
"23,93 : 53.6"
"23,94 : 9.49"
"23,95 : 94.85"
"23,96 : 56.89"
"23,97 : 93.52"
"23,98 : 67.27"
"23,99 : 104.8"
"24,0 : 28.0"
"24,1 : 25.0"
"24,2 : 88.09"
"24,3 : 79.65"
"24,4 : 56.61"
"24,5 : 61.66"
"24,6 : 38.48"
"24,7 : 80.99"
"24,8 : 31.4"
"24,9 : 73.74"
"24,10 : 41.05"
"24,11 : 77.23"
"24,12 : 63.66"
"24,13 : 46.62"
"24,14 : 86.09"
"24,15 : 63.06"
"24,16 : 63.07"
"24,17 : 66.71"
"24,18 : 14.21"
"24,19 : 13.6"
"24,20 : 88.53"
"24,21 : 65.25"
"24,22 : 50.99"
"24,23 : 11.18"
"24,24 : 0.0"
"24,25 : 58.82"
"24,26 : 38.0"
"24,27 : 54.49"
"24,28 : 39.62"
"24,29 : 49.58"
"24,30 : 87.0"
"24,31 : 72.14"
"24,32 : 89.11"
"24,33 : 6.4"
"24,34 : 17.46"
"24,35 : 47.71"
"24,36 : 17.0"
"24,37 : 30.02"
"24,38 : 60.73"
"24,39 : 68.51"
"24,40 : 56.09"
"24,41 : 65.39"
"24,42 : 18.38"
"24,43 : 32.7"
"24,44 : 12.21"
"24,45 : 51.62"
"24,46 : 41.76"
"24,47 : 27.78"
"24,48 : 72.03"
"24,49 : 75.17"
"24,50 : 61.07"
"24,51 : 18.44"
"24,52 : 35.51"
"24,53 : 15.56"
"24,54 : 58.69"
"24,55 : 15.0"
"24,56 : 41.98"
"24,57 : 64.2"
"24,58 : 25.0"
"24,59 : 55.54"
"24,60 : 13.0"
"24,61 : 15.65"
"24,62 : 96.43"
"24,63 : 34.0"
"24,64 : 26.93"
"24,65 : 69.38"
"24,66 : 57.8"
"24,67 : 30.41"
"24,68 : 17.03"
"24,69 : 28.43"
"24,70 : 77.16"
"24,71 : 52.61"
"24,72 : 41.23"
"24,73 : 76.69"
"24,74 : 82.98"
"24,75 : 43.68"
"24,76 : 43.68"
"24,77 : 50.33"
"24,78 : 48.7"
"24,79 : 41.18"
"24,80 : 54.08"
"24,81 : 63.56"
"24,82 : 86.21"
"24,83 : 90.03"
"24,84 : 68.0"
"24,85 : 53.85"
"24,86 : 73.01"
"24,87 : 34.06"
"24,88 : 63.64"
"24,89 : 86.77"
"24,90 : 49.09"
"24,91 : 32.7"
"24,92 : 64.54"
"24,93 : 55.08"
"24,94 : 17.8"
"24,95 : 85.96"
"24,96 : 58.01"
"24,97 : 84.6"
"24,98 : 69.18"
"24,99 : 98.35"
"25,0 : 56.89"
"25,1 : 80.53"
"25,2 : 50.0"
"25,3 : 44.41"
"25,4 : 2.24"
"25,5 : 27.46"
"25,6 : 73.98"
"25,7 : 51.42"
"25,8 : 52.63"
"25,9 : 59.17"
"25,10 : 25.0"
"25,11 : 40.31"
"25,12 : 30.46"
"25,13 : 78.11"
"25,14 : 57.27"
"25,15 : 34.37"
"25,16 : 9.06"
"25,17 : 10.3"
"25,18 : 47.52"
"25,19 : 51.97"
"25,20 : 42.2"
"25,21 : 85.76"
"25,22 : 73.35"
"25,23 : 68.88"
"25,24 : 58.82"
"25,25 : 0.0"
"25,26 : 59.46"
"25,27 : 29.07"
"25,28 : 53.31"
"25,29 : 29.83"
"25,30 : 42.58"
"25,31 : 32.25"
"25,32 : 46.39"
"25,33 : 61.39"
"25,34 : 59.64"
"25,35 : 37.2"
"25,36 : 42.2"
"25,37 : 58.25"
"25,38 : 84.12"
"25,39 : 20.02"
"25,40 : 76.54"
"25,41 : 51.61"
"25,42 : 63.01"
"25,43 : 44.64"
"25,44 : 66.91"
"25,45 : 72.01"
"25,46 : 34.0"
"25,47 : 70.26"
"25,48 : 14.04"
"25,49 : 29.83"
"25,50 : 15.81"
"25,51 : 60.0"
"25,52 : 26.02"
"25,53 : 73.01"
"25,54 : 76.32"
"25,55 : 71.59"
"25,56 : 68.95"
"25,57 : 87.32"
"25,58 : 49.37"
"25,59 : 47.38"
"25,60 : 49.65"
"25,61 : 48.88"
"25,62 : 48.1"
"25,63 : 26.08"
"25,64 : 42.3"
"25,65 : 11.0"
