x,y
77,92
81,86
84,35
31,90
0,50
47,8
87,60
2,88
6,84
30,4
99,17
43,46
45,62
56,32
91,91
0,19
44,21
35,5
6,56
22,37
9,65
77,85
87,23
74,55
12,40
24,69
15,9
11,20
46,59
75,91
16,41
68,81
12,57
66,10
46,85
11,87
12,25
65,36
74,93
69,67
11,15
88,60
24,59
21,100
94,12
93,27
23,46
54,69
73,46
82,28
20,25
13,0
27,75
0,78
77,52
13,99
41,60
60,17
45,59
21,92
64,89
46,12
49,4
26,95
85,4
49,56
75,34
8,78
40,0
43,33
58,5
29,60
12,97
1,55
96,73
42,52
9,51
30,15
35,35
63,73
89,50
45,65
41,60
72,74
88,9
88,3
36,71
42,80
60,25
3,96
88,17
86,46
49,23
7,62
44,36
85,92
56,99
79,37
75,11
52,93

Distanze
"0,0 : 0.0"
"0,1 : 7.21"
"0,2 : 57.43"
"0,3 : 46.04"
"0,4 : 87.71"
"0,5 : 89.2"
"0,6 : 33.53"
"0,7 : 75.11"
"0,8 : 71.45"
"0,9 : 99.76"
"0,10 : 78.16"
"0,11 : 57.2"
"0,12 : 43.86"
"0,13 : 63.57"
"0,14 : 14.04"
"0,15 : 106.1"
"0,16 : 78.29"
"0,17 : 96.61"
"0,18 : 79.61"
"0,19 : 77.78"
"0,20 : 73.16"
"0,21 : 7.0"
"0,22 : 69.72"
"0,23 : 37.12"
"0,24 : 83.24"
"0,25 : 57.78"
"0,26 : 103.6"
"0,27 : 97.67"
"0,28 : 45.28"
"0,29 : 2.24"
"0,30 : 79.51"
"0,31 : 14.21"
"0,32 : 73.82"
"0,33 : 82.73"
"0,34 : 31.78"
"0,35 : 66.19"
"0,36 : 93.35"
"0,37 : 57.27"
"0,38 : 3.16"
"0,39 : 26.25"
"0,40 : 101.41"
"0,41 : 33.84"
"0,42 : 62.43"
"0,43 : 56.57"
"0,44 : 81.79"
"0,45 : 66.94"
"0,46 : 70.94"
"0,47 : 32.53"
"0,48 : 46.17"
"0,49 : 64.2"
"0,50 : 87.97"
"0,51 : 112.07"
"0,52 : 52.81"
"0,53 : 78.26"
"0,54 : 40.0"
"0,55 : 64.38"
"0,56 : 48.17"
"0,57 : 76.9"
"0,58 : 45.97"
"0,59 : 56.0"
"0,60 : 13.34"
"0,61 : 85.8"
"0,62 : 92.35"
"0,63 : 51.09"
"0,64 : 88.36"
"0,65 : 45.61"
"0,66 : 58.03"
"0,67 : 70.41"
"0,68 : 99.16"
"0,69 : 68.1"
"0,70 : 89.05"
"0,71 : 57.69"
"0,72 : 65.19"
"0,73 : 84.53"
"0,74 : 26.87"
"0,75 : 53.15"
"0,76 : 79.4"
"0,77 : 90.21"
"0,78 : 70.8"
"0,79 : 23.6"
"0,80 : 43.68"
"0,81 : 41.87"
"0,82 : 48.17"
"0,83 : 18.68"
"0,84 : 83.73"
"0,85 : 89.68"
"0,86 : 46.07"
"0,87 : 37.0"
"0,88 : 69.12"
"0,89 : 74.11"
"0,90 : 75.8"
"0,91 : 46.87"
"0,92 : 74.46"
"0,93 : 76.16"
"0,94 : 65.0"
"0,95 : 8.0"
"0,96 : 22.14"
"0,97 : 55.04"
"0,98 : 81.02"
"0,99 : 25.02"
"1,0 : 7.21"
"1,1 : 0.0"
"1,2 : 51.09"
"1,3 : 50.16"
"1,4 : 88.64"
"1,5 : 85.09"
"1,6 : 26.68"
"1,7 : 79.03"
"1,8 : 75.03"
"1,9 : 96.57"
"1,10 : 71.31"
"1,11 : 55.17"
"1,12 : 43.27"
"1,13 : 59.51"
"1,14 : 11.18"
"1,15 : 105.12"
"1,16 : 74.79"
"1,17 : 93.15"
"1,18 : 80.78"
"1,19 : 76.69"
"1,20 : 75.0"
"1,21 : 4.12"
"1,22 : 63.29"
"1,23 : 31.78"
"1,24 : 82.93"
"1,25 : 59.48"
"1,26 : 101.41"
"1,27 : 96.21"
"1,28 : 44.2"
"1,29 : 7.81"
"1,30 : 79.06"
"1,31 : 13.93"
"1,32 : 74.85"
"1,33 : 77.47"
"1,34 : 35.01"
"1,35 : 70.01"
"1,36 : 92.1"
"1,37 : 52.5"
"1,38 : 9.9"
"1,39 : 22.47"
"1,40 : 99.7"
"1,41 : 26.93"
"1,42 : 63.07"
"1,43 : 61.61"
"1,44 : 75.13"
"1,45 : 60.21"
"1,46 : 70.46"
"1,47 : 31.91"
"1,48 : 40.79"
"1,49 : 58.01"
"1,50 : 86.27"
"1,51 : 109.64"
"1,52 : 55.11"
"1,53 : 81.39"
"1,54 : 34.23"
"1,55 : 69.23"
"1,56 : 47.71"
"1,57 : 72.12"
"1,58 : 45.0"
"1,59 : 60.3"
"1,60 : 17.26"
"1,61 : 81.86"
"1,62 : 88.02"
"1,63 : 55.73"
"1,64 : 82.1"
"1,65 : 43.86"
"1,66 : 52.35"
"1,67 : 73.44"
"1,68 : 95.27"
"1,69 : 65.22"
"1,70 : 84.2"
"1,71 : 58.14"
"1,72 : 69.87"
"1,73 : 85.8"
"1,74 : 19.85"
"1,75 : 51.74"
"1,76 : 80.06"
"1,77 : 87.42"
"1,78 : 68.68"
"1,79 : 22.2"
"1,80 : 36.88"
"1,81 : 41.68"
"1,82 : 47.71"
"1,83 : 15.0"
"1,84 : 77.32"
"1,85 : 83.29"
"1,86 : 47.43"
"1,87 : 39.46"
"1,88 : 64.51"
"1,89 : 78.64"
"1,90 : 69.35"
"1,91 : 40.31"
"1,92 : 70.66"
"1,93 : 77.79"
"1,94 : 62.2"
"1,95 : 7.21"
"1,96 : 28.18"
"1,97 : 49.04"
"1,98 : 75.24"
"1,99 : 29.83"
"2,0 : 57.43"
"2,1 : 51.09"
"2,2 : 0.0"
"2,3 : 76.38"
"2,4 : 85.33"
"2,5 : 45.8"
"2,6 : 25.18"
"2,7 : 97.64"
"2,8 : 92.11"
"2,9 : 62.27"
"2,10 : 23.43"
"2,11 : 42.45"
"2,12 : 47.43"
"2,13 : 28.16"
"2,14 : 56.44"
"2,15 : 85.51"
"2,16 : 42.38"
"2,17 : 57.45"
"2,18 : 80.78"
"2,19 : 62.03"
"2,20 : 80.78"
"2,21 : 50.49"
"2,22 : 12.37"
"2,23 : 22.36"
"2,24 : 72.17"
"2,25 : 68.96"
"2,26 : 73.74"
"2,27 : 74.53"
"2,28 : 44.94"
"2,29 : 56.72"
"2,30 : 68.26"
"2,31 : 48.7"
"2,32 : 75.29"
"2,33 : 30.81"
"2,34 : 62.8"
"2,35 : 89.63"
"2,36 : 72.69"
"2,37 : 19.03"
"2,38 : 58.86"
"2,39 : 35.34"
"2,40 : 75.69"
"2,41 : 25.32"
"2,42 : 64.62"
"2,43 : 90.52"
"2,44 : 25.08"
"2,45 : 12.04"
"2,46 : 61.98"
"2,47 : 45.34"
"2,48 : 15.56"
"2,49 : 7.28"
"2,50 : 64.78"
"2,51 : 79.16"
"2,52 : 69.63"
"2,53 : 94.37"
"2,54 : 18.38"
"2,55 : 95.59"
"2,56 : 49.74"
"2,57 : 30.0"
"2,58 : 45.79"
"2,59 : 84.96"
"2,60 : 57.58"
"2,61 : 44.42"
"2,62 : 46.75"
"2,63 : 83.45"
"2,64 : 31.02"
"2,65 : 40.82"
"2,66 : 9.06"
"2,67 : 87.32"
"2,68 : 56.22"
"2,69 : 41.05"
"2,70 : 39.7"
"2,71 : 60.42"
"2,72 : 95.02"
"2,73 : 85.38"
"2,74 : 39.85"
"2,75 : 45.31"
"2,76 : 76.69"
"2,77 : 57.58"
"2,78 : 49.0"
"2,79 : 43.42"
"2,80 : 15.81"
"2,81 : 49.2"
"2,82 : 49.74"
"2,83 : 40.8"
"2,84 : 26.31"
"2,85 : 32.25"
"2,86 : 60.0"
"2,87 : 61.55"
"2,88 : 26.0"
"2,89 : 101.4"
"2,90 : 18.44"
"2,91 : 11.18"
"2,92 : 37.0"
"2,93 : 81.6"
"2,94 : 40.01"
"2,95 : 57.01"
"2,96 : 69.86"
"2,97 : 5.39"
"2,98 : 25.63"
"2,99 : 66.24"
"3,0 : 46.04"
"3,1 : 50.16"
"3,2 : 76.38"
"3,3 : 0.0"
"3,4 : 50.61"
"3,5 : 83.55"
"3,6 : 63.53"
"3,7 : 29.07"
"3,8 : 25.71"
"3,9 : 86.01"
"3,10 : 99.76"
"3,11 : 45.61"
"3,12 : 31.3"
"3,13 : 63.16"
"3,14 : 60.01"
"3,15 : 77.47"
"3,16 : 70.21"
"3,17 : 85.09"
"3,18 : 42.2"
"3,19 : 53.76"
"3,20 : 33.3"
"3,21 : 46.27"
"3,22 : 87.32"
"3,23 : 55.44"
"3,24 : 53.49"
"3,25 : 22.14"
"3,26 : 82.57"
"3,27 : 72.8"
"3,28 : 34.44"
"3,29 : 44.01"
"3,30 : 51.24"
"3,31 : 38.08"
"3,32 : 38.08"
"3,33 : 87.32"
"3,34 : 15.81"
"3,35 : 20.22"
"3,36 : 67.72"
"3,37 : 63.81"
"3,38 : 43.1"
"3,39 : 44.42"
"3,40 : 77.62"
"3,41 : 64.41"
"3,42 : 31.78"
"3,43 : 14.14"
"3,44 : 100.26"
"3,45 : 88.39"
"3,46 : 44.72"
"3,47 : 31.14"
"3,48 : 60.83"
"3,49 : 80.28"
"3,50 : 65.92"
"3,51 : 91.78"
"3,52 : 15.52"
"3,53 : 33.24"
"3,54 : 59.67"
"3,55 : 20.12"
"3,56 : 31.62"
"3,57 : 78.55"
"3,58 : 34.01"
"3,59 : 10.2"
"3,60 : 33.02"
"3,61 : 79.43"
"3,62 : 87.86"
"3,63 : 7.07"
"3,64 : 101.55"
"3,65 : 38.47"
"3,66 : 71.22"
"3,67 : 25.94"
"3,68 : 90.45"
"3,69 : 58.25"
"3,70 : 89.19"
"3,71 : 30.07"
"3,72 : 20.25"
"3,73 : 46.1"
"3,74 : 67.19"
"3,75 : 39.56"
"3,76 : 44.78"
"3,77 : 75.01"
"3,78 : 55.15"
"3,79 : 36.24"
"3,80 : 70.46"
"3,81 : 28.65"
"3,82 : 31.62"
"3,83 : 44.01"
"3,84 : 99.05"
"3,85 : 104.01"
"3,86 : 19.65"
"3,87 : 14.87"
"3,88 : 71.18"
"3,89 : 28.64"
"3,90 : 92.62"
"3,91 : 70.43"
"3,92 : 69.38"
"3,93 : 36.88"
"3,94 : 55.54"
"3,95 : 54.04"
"3,96 : 26.57"
"3,97 : 71.51"
"3,98 : 90.43"
"3,99 : 21.21"
"4,0 : 87.71"
"4,1 : 88.64"
"4,2 : 85.33"
"4,3 : 50.61"
"4,4 : 0.0"
"4,5 : 63.03"
"4,6 : 87.57"
"4,7 : 38.05"
"4,8 : 34.53"
"4,9 : 54.92"
"4,10 : 104.36"
"4,11 : 43.19"
"4,12 : 46.57"
"4,13 : 58.82"
"4,14 : 99.81"
"4,15 : 31.0"
"4,16 : 52.7"
"4,17 : 57.01"
"4,18 : 8.49"
"4,19 : 25.55"
"4,20 : 17.49"
"4,21 : 84.58"
"4,22 : 91.09"
"4,23 : 74.17"
"4,24 : 15.62"
"4,25 : 30.61"
"4,26 : 43.66"
"4,27 : 31.95"
"4,28 : 46.87"
"4,29 : 85.48"
"4,30 : 18.36"
"4,31 : 74.73"
"4,32 : 13.89"
"4,33 : 77.18"
"4,34 : 57.8"
"4,35 : 38.6"
"4,36 : 27.73"
"4,37 : 66.49"
"4,38 : 85.59"
"4,39 : 71.06"
"4,40 : 36.69"
"4,41 : 88.57"
"4,42 : 25.63"
"4,43 : 54.23"
"4,44 : 101.39"
"4,45 : 95.8"
"4,46 : 23.35"
"4,47 : 57.25"
"4,48 : 73.11"
"4,49 : 84.9"
"4,50 : 32.02"
"4,51 : 51.66"
"4,52 : 36.8"
"4,53 : 28.0"
"4,54 : 77.03"
"4,55 : 50.7"
"4,56 : 42.2"
"4,57 : 68.48"
"4,58 : 45.89"
"4,59 : 46.96"
"4,60 : 74.95"
"4,61 : 59.67"
"4,62 : 67.21"
"4,63 : 51.97"
"4,64 : 96.65"
"4,65 : 49.37"
"4,66 : 76.69"
"4,67 : 29.12"
"4,68 : 64.03"
"4,69 : 46.24"
"4,70 : 73.41"
"4,71 : 30.68"
"4,72 : 48.51"
"4,73 : 5.1"
"4,74 : 98.72"
"4,75 : 42.05"
"4,76 : 9.06"
"4,77 : 46.1"
"4,78 : 38.08"
"4,79 : 67.07"
"4,80 : 89.0"
"4,81 : 47.43"
"4,82 : 42.2"
"4,83 : 75.89"
"4,84 : 97.08"
"4,85 : 99.76"
"4,86 : 41.68"
"4,87 : 51.61"
"4,88 : 65.0"
"4,89 : 46.1"
"4,90 : 93.98"
"4,91 : 86.09"
"4,92 : 55.95"
"4,93 : 13.89"
"4,94 : 46.17"
"4,95 : 94.81"
"4,96 : 74.41"
"4,97 : 80.06"
"4,98 : 84.53"
"4,99 : 67.48"
"5,0 : 89.2"
"5,1 : 85.09"
"5,2 : 45.8"
"5,3 : 83.55"
"5,4 : 63.03"
"5,5 : 0.0"
"5,6 : 65.6"
"5,7 : 91.79"
"5,8 : 86.35"
"5,9 : 17.46"
"5,10 : 52.77"
"5,11 : 38.21"
"5,12 : 54.04"
"5,13 : 25.63"
"5,14 : 93.94"
"5,15 : 48.27"
"5,16 : 13.34"
"5,17 : 12.37"
"5,18 : 63.13"
"5,19 : 38.29"
"5,20 : 68.51"
"5,21 : 82.64"
"5,22 : 42.72"
"5,23 : 54.2"
"5,24 : 47.42"
"5,25 : 65.19"
"5,26 : 32.02"
"5,27 : 37.95"
"5,28 : 51.01"
"5,29 : 87.6"
"5,30 : 45.28"
"5,31 : 75.96"
"5,32 : 60.22"
"5,33 : 19.1"
"5,34 : 77.01"
"5,35 : 86.82"
"5,36 : 38.91"
"5,37 : 33.29"
"5,38 : 89.19"
"5,39 : 62.97"
"5,40 : 36.67"
"5,41 : 66.22"
"5,42 : 55.95"
"5,43 : 95.6"
"5,44 : 47.17"
"5,45 : 49.77"
"5,46 : 44.94"
"5,47 : 61.4"
"5,48 : 46.04"
"5,49 : 40.31"
"5,50 : 31.91"
"5,51 : 34.93"
"5,52 : 69.92"
"5,53 : 84.31"
"5,54 : 53.25"
"5,55 : 97.14"
"5,56 : 52.35"
"5,57 : 15.81"
"5,58 : 51.04"
"5,59 : 87.93"
"5,60 : 82.76"
"5,61 : 4.12"
"5,62 : 4.47"
"5,63 : 89.5"
"5,64 : 38.21"
"5,65 : 48.04"
"5,66 : 38.21"
"5,67 : 80.13"
"5,68 : 10.63"
"5,69 : 25.32"
"5,70 : 11.4"
"5,71 : 55.03"
"5,72 : 95.63"
"5,73 : 65.76"
"5,74 : 81.4"
"5,75 : 44.28"
"5,76 : 57.38"
"5,77 : 18.38"
"5,78 : 29.55"
"5,79 : 66.94"
"5,80 : 59.4"
"5,81 : 57.04"
"5,82 : 52.35"
"5,83 : 70.58"
"5,84 : 41.01"
"5,85 : 41.3"
"5,86 : 63.95"
"5,87 : 72.17"
"5,88 : 21.4"
"5,89 : 98.39"
"5,90 : 41.98"
"5,91 : 54.45"
"5,92 : 15.13"
"5,93 : 67.2"
"5,94 : 28.16"
"5,95 : 92.2"
"5,96 : 91.44"
"5,97 : 43.19"
"5,98 : 28.16"
"5,99 : 85.15"
"6,0 : 33.53"
"6,1 : 26.68"
"6,2 : 25.18"
"6,3 : 63.53"
"6,4 : 87.57"
"6,5 : 65.6"
"6,6 : 0.0"
"6,7 : 89.49"
"6,8 : 84.48"
"6,9 : 79.91"
"6,10 : 44.64"
"6,11 : 46.17"
"6,12 : 42.05"
"6,13 : 41.77"
"6,14 : 31.26"
"6,15 : 96.18"
"6,16 : 58.05"
"6,17 : 75.69"
"6,18 : 81.1"
"6,19 : 68.95"
"6,20 : 78.16"
"6,21 : 26.93"
"6,22 : 37.0"
"6,23 : 13.93"
"6,24 : 77.62"
"6,25 : 63.64"
"6,26 : 88.23"
"6,27 : 85.88"
"6,28 : 41.01"
"6,29 : 33.24"
"6,30 : 73.5"
"6,31 : 28.32"
"6,32 : 75.06"
"6,33 : 54.23"
"6,34 : 48.02"
"6,35 : 80.65"
"6,36 : 82.76"
"6,37 : 32.56"
"6,38 : 35.47"
"6,39 : 19.31"
"6,40 : 88.32"
"6,41 : 1.0"
"6,42 : 63.01"
"6,43 : 77.18"
"6,44 : 48.51"
"6,45 : 33.54"
"6,46 : 65.51"
"6,47 : 34.21"
"6,48 : 19.8"
"6,49 : 32.39"
"6,50 : 75.59"
"6,51 : 95.27"
"6,52 : 61.85"
"6,53 : 88.84"
"6,54 : 12.81"
"6,55 : 83.65"
"6,56 : 46.0"
"6,57 : 50.77"
"6,58 : 42.01"
"6,59 : 73.35"
"6,60 : 37.01"
"6,61 : 63.13"
"6,62 : 67.68"
"6,63 : 70.33"
"6,64 : 56.04"
"6,65 : 38.21"
"6,66 : 28.64"
"6,67 : 81.02"
"6,68 : 76.22"
"6,69 : 51.62"
"6,70 : 62.18"
"6,71 : 58.0"
"6,72 : 83.63"
"6,73 : 86.15"
"6,74 : 15.81"
"6,75 : 45.71"
"6,76 : 78.52"
"6,77 : 72.62"
"6,78 : 57.7"
"6,79 : 27.29"
"6,80 : 10.2"
"6,81 : 42.3"
"6,82 : 46.0"
"6,83 : 20.52"
"6,84 : 51.01"
"6,85 : 57.01"
"6,86 : 52.17"
"6,87 : 49.24"
"6,88 : 44.2"
"6,89 : 91.39"
"6,90 : 43.01"
"6,91 : 14.04"
"6,92 : 53.04"
"6,93 : 80.02"
"6,94 : 49.24"
"6,95 : 32.06"
"6,96 : 49.82"
"6,97 : 24.35"
"6,98 : 50.45"
"6,99 : 48.1"
"7,0 : 75.11"
"7,1 : 79.03"
"7,2 : 97.64"
"7,3 : 29.07"
"7,4 : 38.05"
"7,5 : 91.79"
"7,6 : 89.49"
"7,7 : 0.0"
"7,8 : 5.66"
"7,9 : 88.54"
"7,10 : 120.21"
"7,11 : 58.69"
"7,12 : 50.25"
"7,13 : 77.79"
"7,14 : 89.05"
"7,15 : 69.03"
"7,16 : 79.08"
"7,17 : 89.32"
"7,18 : 32.25"
"7,19 : 54.78"
"7,20 : 24.04"
"7,21 : 75.06"
"7,22 : 107.0"
"7,23 : 79.2"
"7,24 : 49.03"
"7,25 : 29.07"
"7,26 : 80.06"
"7,27 : 68.59"
"7,28 : 52.7"
"7,29 : 73.06"
"7,30 : 49.04"
"7,31 : 66.37"
"7,32 : 32.57"
"7,33 : 100.9"
"7,34 : 44.1"
"7,35 : 9.06"
"7,36 : 63.79"
"7,37 : 81.69"
"7,38 : 72.17"
"7,39 : 70.21"
"7,40 : 73.55"
"7,41 : 90.44"
"7,42 : 36.4"
"7,43 : 22.47"
"7,44 : 119.33"
"7,45 : 109.55"
"7,46 : 46.96"
"7,47 : 55.36"
"7,48 : 82.49"
"7,49 : 100.0"
"7,50 : 65.52"
"7,51 : 88.68"
"7,52 : 28.18"
"7,53 : 10.2"
"7,54 : 83.19"
"7,55 : 15.56"
"7,56 : 48.01"
"7,57 : 91.68"
"7,58 : 51.87"
"7,59 : 19.42"
"7,60 : 62.01"
"7,61 : 87.82"
"7,62 : 96.25"
"7,63 : 25.0"
"7,64 : 118.09"
"7,65 : 56.86"
"7,66 : 90.8"
"7,67 : 11.66"
"7,68 : 95.85"
"7,69 : 68.6"
"7,70 : 100.12"
"7,71 : 38.9"
"7,72 : 13.45"
"7,73 : 33.02"
"7,74 : 95.19"
"7,75 : 53.81"
"7,76 : 37.66"
"7,77 : 78.19"
"7,78 : 62.43"
"7,79 : 62.82"
"7,80 : 94.94"
"7,81 : 48.76"
"7,82 : 48.01"
"7,83 : 71.39"
"7,84 : 116.78"
"7,85 : 120.92"
"7,86 : 38.01"
"7,87 : 40.79"
"7,88 : 85.63"
"7,89 : 8.06"
"7,90 : 111.52"
"7,91 : 93.91"
"7,92 : 80.21"
"7,93 : 26.48"
"7,94 : 66.84"
"7,95 : 83.1"
"7,96 : 55.11"
"7,97 : 92.36"
"7,98 : 106.1"
"7,99 : 50.25"
"8,0 : 71.45"
"8,1 : 75.03"
"8,2 : 92.11"
"8,3 : 25.71"
"8,4 : 34.53"
"8,5 : 86.35"
"8,6 : 84.48"
"8,7 : 5.66"
"8,8 : 0.0"
"8,9 : 83.52"
"8,10 : 114.62"
"8,11 : 53.04"
"8,12 : 44.78"
"8,13 : 72.14"
"8,14 : 85.29"
"8,15 : 65.28"
"8,16 : 73.57"
"8,17 : 84.15"
"8,18 : 28.0"
"8,19 : 49.65"
"8,20 : 19.24"
"8,21 : 71.01"
"8,22 : 101.4"
"8,23 : 73.93"
"8,24 : 44.41"
"8,25 : 23.43"
"8,26 : 75.54"
"8,27 : 64.2"
"8,28 : 47.17"
"8,29 : 69.35"
"8,30 : 44.15"
"8,31 : 62.07"
"8,32 : 27.66"
"8,33 : 95.27"
"8,34 : 40.01"
"8,35 : 5.83"
"8,36 : 59.3"
"8,37 : 76.06"
"8,38 : 68.59"
"8,39 : 65.25"
"8,40 : 69.18"
"8,41 : 85.44"
"8,42 : 30.81"
"8,43 : 21.93"
"8,44 : 113.7"
"8,45 : 104.01"
"8,46 : 41.63"
"8,47 : 50.29"
"8,48 : 77.03"
"8,49 : 94.4"
"8,50 : 60.64"
"8,51 : 84.29"
"8,52 : 22.85"
"8,53 : 8.49"
"8,54 : 77.88"
"8,55 : 16.55"
"8,56 : 42.44"
"8,57 : 86.05"
"8,58 : 46.32"
"8,59 : 17.0"
"8,60 : 58.22"
"8,61 : 82.37"
"8,62 : 90.82"
"8,63 : 22.83"
"8,64 : 112.43"
"8,65 : 51.31"
"8,66 : 85.21"
"8,67 : 6.32"
"8,68 : 90.62"
"8,69 : 63.01"
"8,70 : 94.58"
"8,71 : 33.24"
"8,72 : 14.32"
"8,73 : 29.43"
"8,74 : 90.67"
"8,75 : 48.17"
"8,76 : 33.14"
"8,77 : 73.05"
"8,78 : 56.94"
"8,79 : 58.05"
"8,80 : 89.69"
"8,81 : 43.38"
"8,82 : 42.44"
"8,83 : 66.75"
"8,84 : 111.13"
"8,85 : 115.26"
"8,86 : 32.7"
"8,87 : 36.22"
"8,88 : 79.98"
"8,89 : 12.37"
"8,90 : 105.89"
"8,91 : 88.57"
"8,92 : 74.63"
"8,93 : 22.02"
"8,94 : 61.22"
"8,95 : 79.4"
"8,96 : 52.2"
"8,97 : 86.82"
"8,98 : 100.45"
"8,99 : 46.87"
"9,0 : 99.76"
"9,1 : 96.57"
"9,2 : 62.27"
"9,3 : 86.01"
"9,4 : 54.92"
"9,5 : 17.46"
"9,6 : 79.91"
"9,7 : 88.54"
"9,8 : 83.52"
"9,9 : 0.0"
"9,10 : 70.21"
"9,11 : 43.97"
"9,12 : 59.91"
"9,13 : 38.21"
"9,14 : 106.25"
"9,15 : 33.54"
"9,16 : 22.02"
"9,17 : 5.1"
"9,18 : 57.27"
"9,19 : 33.96"
"9,20 : 64.51"
"9,21 : 93.65"
"9,22 : 60.08"
"9,23 : 67.36"
"9,24 : 40.25"
"9,25 : 65.28"
"9,26 : 15.81"
"9,27 : 24.84"
"9,28 : 57.28"
"9,29 : 97.95"
"9,30 : 39.56"
"9,31 : 85.87"
"9,32 : 55.97"
"9,33 : 36.5"
"9,34 : 82.57"
"9,35 : 85.15"
"9,36 : 27.66"
"9,37 : 47.42"
"9,38 : 99.28"
"9,39 : 74.09"
"9,40 : 21.95"
"9,41 : 80.62"
"9,42 : 55.33"
"9,43 : 96.42"
"9,44 : 64.5"
"9,45 : 67.07"
"9,46 : 42.58"
"9,47 : 69.29"
"9,48 : 60.11"
"9,49 : 57.27"
"9,50 : 23.26"
"9,51 : 17.46"
"9,52 : 71.06"
"9,53 : 79.85"
"9,54 : 67.18"
"9,55 : 96.51"
"9,56 : 57.07"
"9,57 : 32.7"
"9,58 : 57.01"
"9,59 : 88.46"
"9,60 : 91.55"
"9,61 : 17.89"
"9,62 : 19.0"
"9,63 : 91.09"
"9,64 : 55.0"
"9,65 : 55.36"
"9,66 : 54.08"
"9,67 : 77.2"
"9,68 : 10.77"
"9,69 : 31.78"
"9,70 : 28.02"
"9,71 : 56.01"
"9,72 : 94.73"
"9,73 : 58.67"
"9,74 : 95.48"
"9,75 : 49.48"
"9,76 : 51.48"
"9,77 : 11.0"
"9,78 : 31.4"
"9,79 : 76.49"
"9,80 : 74.81"
"9,81 : 62.82"
"9,82 : 57.07"
"9,83 : 81.63"
"9,84 : 58.22"
"9,85 : 58.01"
"9,86 : 67.27"
"9,87 : 76.94"
"9,88 : 36.62"
"9,89 : 95.88"
"9,90 : 59.44"
"9,91 : 70.0"
"9,92 : 26.87"
"9,93 : 62.39"
"9,94 : 34.93"
"9,95 : 103.77"
"9,96 : 98.49"
"9,97 : 59.08"
"9,98 : 45.54"
"9,99 : 91.68"
"10,0 : 78.16"
"10,1 : 71.31"
"10,2 : 23.43"
"10,3 : 99.76"
"10,4 : 104.36"
"10,5 : 52.77"
"10,6 : 44.64"
"10,7 : 120.21"
"10,8 : 114.62"
"10,9 : 70.21"
"10,10 : 0.0"
"10,11 : 63.06"
"10,12 : 70.29"
"10,13 : 45.54"
"10,14 : 74.43"
"10,15 : 99.02"
"10,16 : 55.15"
"10,17 : 65.12"
"10,18 : 100.85"
"10,19 : 79.56"
"10,20 : 102.0"
"10,21 : 71.47"
"10,22 : 13.42"
"10,23 : 45.49"
"10,24 : 89.99"
"10,25 : 91.26"
"10,26 : 84.38"
"10,27 : 88.05"
"10,28 : 67.62"
"10,29 : 77.79"
"10,30 : 86.4"
"10,31 : 71.11"
"10,32 : 95.75"
"10,33 : 33.73"
"10,34 : 86.21"
"10,35 : 112.45"
"10,36 : 87.37"
"10,37 : 38.95"
"10,38 : 80.01"
"10,39 : 58.31"
"10,40 : 88.02"
"10,41 : 44.38"
"10,42 : 85.96"
"10,43 : 113.9"
"10,44 : 7.07"
"10,45 : 11.66"
"10,46 : 81.34"
"10,47 : 68.77"
"10,48 : 38.95"
"10,49 : 20.25"
"10,50 : 79.4"
"10,51 : 87.66"
"10,52 : 92.46"
"10,53 : 116.28"
"10,54 : 41.34"
"10,55 : 118.83"
"10,56 : 72.2"
"10,57 : 39.0"
"10,58 : 68.41"
"10,59 : 108.21"
"10,60 : 80.06"
"10,61 : 53.24"
"10,62 : 51.66"
"10,63 : 106.83"
"10,64 : 19.1"
"10,65 : 63.41"
"10,66 : 29.41"
"10,67 : 109.55"
"10,68 : 61.4"
"10,69 : 58.24"
"10,70 : 42.72"
"10,71 : 82.15"
"10,72 : 118.19"
"10,73 : 105.11"
"10,74 : 56.08"
"10,75 : 66.89"
"10,76 : 96.21"
"10,77 : 69.03"
"10,78 : 66.48"
"10,79 : 66.57"
"10,80 : 34.48"
"10,81 : 72.25"
"10,82 : 72.2"
"10,83 : 63.07"
"10,84 : 13.6"
"10,85 : 17.8"
"10,86 : 82.98"
"10,87 : 84.96"
"10,88 : 39.81"
"10,89 : 124.33"
"10,90 : 11.0"
"10,91 : 31.78"
"10,92 : 50.36"
"10,93 : 102.42"
"10,94 : 58.19"
"10,95 : 76.3"
"10,96 : 92.59"
"10,97 : 28.28"
"10,98 : 24.74"
"10,99 : 89.36"
"11,0 : 57.2"
"11,1 : 55.17"
"11,2 : 42.45"
"11,3 : 45.61"
"11,4 : 43.19"
"11,5 : 38.21"
"11,6 : 46.17"
"11,7 : 58.69"
"11,8 : 53.04"
"11,9 : 43.97"
"11,10 : 63.06"
"11,11 : 0.0"
"11,12 : 16.12"
"11,13 : 19.1"
"11,14 : 65.8"
"11,15 : 50.77"
"11,16 : 25.02"
"11,17 : 41.77"
"11,18 : 38.33"
"11,19 : 22.85"
"11,20 : 38.95"
"11,21 : 51.74"
"11,22 : 49.65"
"11,23 : 32.28"
"11,24 : 31.58"
"11,25 : 29.83"
"11,26 : 46.4"
"11,27 : 41.23"
"11,28 : 13.34"
"11,29 : 55.22"
"11,30 : 27.46"
"11,31 : 43.01"
"11,32 : 32.89"
"11,33 : 42.72"
"11,34 : 39.12"
"11,35 : 52.01"
"11,36 : 37.44"
"11,37 : 24.17"
"11,38 : 56.3"
"11,39 : 33.42"
"11,40 : 44.55"
"11,41 : 47.13"
"11,42 : 23.02"
"11,43 : 58.31"
"11,44 : 61.29"
"11,45 : 53.49"
"11,46 : 20.0"
"11,47 : 25.5"
"11,48 : 30.0"
"11,49 : 42.95"
"11,50 : 31.14"
"11,51 : 54.92"
"11,52 : 33.12"
"11,53 : 53.6"
"11,54 : 34.53"
"11,55 : 60.9"
"11,56 : 14.14"
"11,57 : 33.62"
"11,58 : 13.15"
"11,59 : 50.99"
"11,60 : 47.85"
"11,61 : 34.13"
"11,62 : 42.43"
"11,63 : 51.87"
"11,64 : 59.4"
"11,65 : 11.66"
"11,66 : 34.18"
"11,67 : 47.42"
"11,68 : 46.1"
"11,69 : 13.0"
"11,70 : 43.66"
"11,71 : 19.8"
"11,72 : 59.68"
"11,73 : 42.95"
"11,74 : 59.48"
"11,75 : 6.08"
"11,76 : 34.37"
"11,77 : 33.62"
"11,78 : 13.6"
"11,79 : 33.6"
"11,80 : 46.17"
"11,81 : 19.1"
"11,82 : 14.14"
"11,83 : 40.31"
"11,84 : 58.26"
"11,85 : 62.24"
"11,86 : 25.96"
"11,87 : 34.01"
"11,88 : 27.02"
"11,89 : 64.03"
"11,90 : 53.54"
"11,91 : 43.0"
"11,92 : 23.77"
"11,93 : 39.4"
"11,94 : 10.05"
"11,95 : 62.29"
"11,96 : 54.57"
"11,97 : 37.11"
"11,98 : 47.42"
"11,99 : 47.85"
"12,0 : 43.86"
"12,1 : 43.27"
"12,2 : 47.43"
"12,3 : 31.3"
"12,4 : 46.57"
"12,5 : 54.04"
"12,6 : 42.05"
"12,7 : 50.25"
"12,8 : 44.78"
"12,9 : 59.91"
"12,10 : 70.29"
"12,11 : 16.12"
"12,12 : 0.0"
"12,13 : 31.95"
"12,14 : 54.38"
"12,15 : 62.24"
"12,16 : 41.01"
"12,17 : 57.87"
"12,18 : 39.46"
"12,19 : 33.97"
"12,20 : 36.12"
"12,21 : 39.41"
"12,22 : 57.31"
"12,23 : 29.83"
"12,24 : 39.66"
"12,25 : 22.14"
"12,26 : 60.9"
"12,27 : 54.04"
"12,28 : 3.16"
"12,29 : 41.73"
"12,30 : 35.81"
"12,31 : 29.83"
"12,32 : 33.38"
"12,33 : 56.08"
"12,34 : 23.02"
"12,35 : 42.2"
"12,36 : 49.58"
"12,37 : 32.8"
"12,38 : 42.45"
"12,39 : 24.52"
"12,40 : 58.01"
"12,41 : 43.05"
"12,42 : 21.21"
"12,43 : 44.94"
"12,44 : 70.01"
"12,45 : 59.41"
"12,46 : 27.2"
"12,47 : 11.4"
"12,48 : 32.25"
"12,49 : 50.25"
"12,50 : 44.65"
"12,51 : 69.77"
"12,52 : 22.2"
"12,53 : 47.76"
"12,54 : 33.53"
"12,55 : 48.92"
"12,56 : 4.47"
"12,57 : 47.43"
"12,58 : 3.0"
"12,59 : 38.42"
"12,60 : 33.02"
"12,61 : 50.01"
"12,62 : 58.14"
"12,63 : 38.08"
"12,64 : 70.46"
"12,65 : 7.21"
"12,66 : 41.04"
"12,67 : 40.31"
"12,68 : 62.2"
"12,69 : 29.07"
"12,70 : 58.46"
"12,71 : 16.12"
"12,72 : 48.1"
"12,73 : 44.55"
"12,74 : 52.17"
"12,75 : 10.44"
"12,76 : 37.64"
"12,77 : 49.34"
"12,78 : 28.79"
"12,79 : 21.1"
"12,80 : 45.61"
"12,81 : 3.0"
"12,82 : 4.47"
"12,83 : 29.55"
"12,84 : 68.25"
"12,85 : 73.01"
"12,86 : 12.73"
"12,87 : 18.25"
"12,88 : 39.92"
"12,89 : 54.04"
"12,90 : 62.24"
"12,91 : 44.01"
"12,92 : 39.2"
"12,93 : 38.0"
"12,94 : 26.02"
"12,95 : 50.0"
"12,96 : 38.6"
"12,97 : 42.2"
"12,98 : 59.17"
"12,99 : 31.78"
"13,0 : 63.57"
"13,1 : 59.51"
"13,2 : 28.16"
"13,3 : 63.16"
"13,4 : 58.82"
"13,5 : 25.63"
"13,6 : 41.77"
"13,7 : 77.79"
"13,8 : 72.14"
"13,9 : 38.21"
"13,10 : 45.54"
"13,11 : 19.1"
"13,12 : 31.95"
"13,13 : 0.0"
"13,14 : 68.6"
"13,15 : 57.49"
"13,16 : 16.28"
"13,17 : 34.21"
"13,18 : 55.46"
"13,19 : 34.37"
"13,20 : 57.43"
"13,21 : 57.01"
"13,22 : 32.28"
"13,23 : 29.21"
"13,24 : 44.72"
"13,25 : 48.92"
"13,26 : 47.01"
"13,27 : 46.57"
"13,28 : 28.79"
"13,29 : 61.98"
"13,30 : 41.0"
"13,31 : 50.45"
"13,32 : 50.61"
"13,33 : 24.17"
"13,34 : 53.94"
"13,35 : 71.06"
"13,36 : 44.55"
"13,37 : 9.85"
"13,38 : 63.6"
"13,39 : 37.34"
"13,40 : 48.1"
"13,41 : 42.52"
"13,42 : 41.87"
"13,43 : 76.48"
"13,44 : 42.94"
"13,45 : 37.34"
"13,46 : 35.85"
"13,47 : 37.05"
"13,48 : 22.02"
"13,49 : 26.31"
"13,50 : 36.67"
"13,51 : 53.6"
"13,52 : 51.87"
"13,53 : 72.47"
"13,54 : 29.0"
"13,55 : 79.61"
"13,56 : 31.76"
"13,57 : 15.52"
"13,58 : 29.15"
"13,59 : 69.46"
"13,60 : 57.56"
"13,61 : 22.36"
"13,62 : 28.86"
"13,63 : 69.78"
"13,64 : 40.31"
"13,65 : 25.0"
"13,66 : 19.1"
"13,67 : 66.48"
"13,68 : 35.78"
"13,69 : 13.04"
"13,70 : 27.07"
"13,71 : 38.9"
"13,72 : 78.49"
"13,73 : 59.62"
"13,74 : 57.28"
"13,75 : 24.41"
"13,76 : 50.7"
"13,77 : 31.06"
"13,78 : 21.21"
"13,79 : 41.59"
"13,80 : 37.59"
"13,81 : 34.79"
"13,82 : 31.76"
"13,83 : 44.94"
"13,84 : 39.41"
"13,85 : 43.19"
"13,86 : 43.83"
"13,87 : 50.0"
"13,88 : 8.06"
"13,89 : 83.1"
"13,90 : 35.34"
"13,91 : 33.11"
"13,92 : 11.4"
"13,93 : 57.45"
"13,94 : 12.65"
"13,95 : 66.64"
"13,96 : 67.0"
"13,97 : 23.54"
"13,98 : 28.32"
"13,99 : 61.13"
"14,0 : 14.04"
"14,1 : 11.18"
"14,2 : 56.44"
"14,3 : 60.01"
"14,4 : 99.81"
"14,5 : 93.94"
"14,6 : 31.26"
"14,7 : 89.05"
"14,8 : 85.29"
"14,9 : 106.25"
"14,10 : 74.43"
"14,11 : 65.8"
"14,12 : 54.38"
"14,13 : 68.6"
"14,14 : 0.0"
"14,15 : 116.04"
"14,16 : 84.31"
"14,17 : 102.63"
"14,18 : 91.92"
"14,19 : 87.62"
"14,20 : 86.02"
"14,21 : 15.23"
"14,22 : 68.12"
"14,23 : 39.81"
"14,24 : 94.03"
"14,25 : 70.52"
"14,26 : 111.8"
"14,27 : 106.96"
"14,28 : 55.22"
"14,29 : 16.0"
"14,30 : 90.14"
"14,31 : 25.08"
"14,32 : 86.01"
"14,33 : 84.77"
"14,34 : 45.4"
"14,35 : 80.1"
"14,36 : 102.94"
"14,37 : 60.84"
"14,38 : 17.12"
"14,39 : 32.56"
"14,40 : 110.34"
"14,41 : 31.14"
"14,42 : 74.25"
"14,43 : 70.58"
"14,44 : 79.06"
"14,45 : 64.03"
"14,46 : 81.54"
"14,47 : 43.05"
"14,48 : 48.47"
"14,49 : 63.64"
"14,50 : 96.94"
"14,51 : 119.85"
"14,52 : 65.97"
"14,53 : 91.92"
"14,54 : 41.44"
"14,55 : 78.41"
"14,56 : 58.83"
"14,57 : 80.23"
"14,58 : 56.04"
"14,59 : 70.01"
"14,60 : 27.07"
"14,61 : 90.92"
"14,62 : 96.61"
"14,63 : 65.12"
"14,64 : 87.21"
"14,65 : 54.67"
"14,66 : 59.2"
"14,67 : 84.01"
"14,68 : 104.32"
"14,69 : 75.29"
"14,70 : 92.11"
"14,71 : 69.32"
"14,72 : 79.23"
"14,73 : 96.93"
"14,74 : 18.68"
"14,75 : 62.63"
"14,76 : 91.24"
"14,77 : 97.45"
"14,78 : 79.2"
"14,79 : 33.29"
"14,80 : 41.05"
"14,81 : 52.84"
"14,82 : 58.83"
"14,83 : 25.5"
"14,84 : 82.05"
"14,85 : 88.05"
"14,86 : 58.52"
"14,87 : 50.22"
"14,88 : 72.92"
"14,89 : 88.14"
"14,90 : 74.06"
"14,91 : 45.28"
"14,92 : 79.92"
"14,93 : 88.87"
"14,94 : 72.35"
"14,95 : 6.08"
"14,96 : 35.9"
"14,97 : 55.32"
"14,98 : 81.58"
"14,99 : 39.05"
"15,0 : 106.1"
"15,1 : 105.12"
"15,2 : 85.51"
"15,3 : 77.47"
"15,4 : 31.0"
"15,5 : 48.27"
"15,6 : 96.18"
"15,7 : 69.03"
"15,8 : 65.28"
"15,9 : 33.54"
"15,10 : 99.02"
"15,11 : 50.77"
"15,12 : 62.24"
"15,13 : 57.49"
"15,14 : 116.04"
"15,15 : 0.0"
"15,16 : 44.05"
"15,17 : 37.7"
"15,18 : 37.48"
"15,19 : 28.43"
"15,20 : 46.87"
"15,21 : 101.41"
"15,22 : 87.09"
"15,23 : 82.29"
"15,24 : 24.19"
"15,25 : 55.46"
"15,26 : 18.03"
"15,27 : 11.05"
"15,28 : 60.96"
"15,29 : 103.97"
"15,30 : 27.2"
"15,31 : 92.02"
"15,32 : 39.85"
"15,33 : 66.61"
"15,34 : 80.45"
"15,35 : 68.88"
"15,36 : 13.42"
"15,37 : 67.19"
"15,38 : 104.65"
"15,39 : 84.05"
"15,40 : 11.7"
"15,41 : 97.08"
"15,42 : 46.65"
"15,43 : 83.68"
"15,44 : 94.26"
"15,45 : 93.34"
"15,46 : 35.47"
"15,47 : 73.59"
"15,48 : 77.83"
"15,49 : 82.49"
"15,50 : 20.88"
"15,51 : 23.02"
"15,52 : 62.17"
"15,53 : 59.0"
"15,54 : 83.77"
"15,55 : 81.05"
"15,56 : 57.98"
"15,57 : 60.03"
"15,58 : 60.21"
"15,59 : 75.96"
"15,60 : 94.85"
"15,61 : 46.53"
"15,62 : 51.24"
"15,63 : 80.32"
"15,64 : 86.31"
"15,65 : 61.4"
"15,66 : 76.49"
"15,67 : 59.54"
"15,68 : 44.28"
"15,69 : 45.22"
"15,70 : 59.67"
"15,71 : 50.22"
"15,72 : 78.92"
"15,73 : 36.01"
"15,74 : 110.15"
"15,75 : 53.41"
"15,76 : 33.24"
"15,77 : 30.27"
"15,78 : 38.48"
"15,79 : 82.98"
"15,80 : 94.24"
"15,81 : 64.35"
"15,82 : 57.98"
"15,83 : 90.6"
"15,84 : 88.57"
"15,85 : 89.44"
"15,86 : 63.25"
"15,87 : 74.06"
"15,88 : 60.3"
"15,89 : 77.06"
"15,90 : 88.02"
"15,91 : 90.14"
"15,92 : 49.16"
"15,93 : 43.57"
"15,94 : 47.17"
"15,95 : 112.04"
"15,96 : 97.65"
"15,97 : 81.02"
"15,98 : 75.43"
"15,99 : 90.44"
"16,0 : 78.29"
"16,1 : 74.79"
"16,2 : 42.38"
"16,3 : 70.21"
"16,4 : 52.7"
"16,5 : 13.34"
"16,6 : 58.05"
"16,7 : 79.08"
"16,8 : 73.57"
"16,9 : 22.02"
"16,10 : 55.15"
"16,11 : 25.02"
"16,12 : 41.01"
"16,13 : 16.28"
"16,14 : 84.31"
"16,15 : 44.05"
"16,16 : 0.0"
"16,17 : 18.36"
"16,18 : 51.66"
"16,19 : 27.2"
"16,20 : 56.22"
"16,21 : 72.01"
"16,22 : 43.05"
"16,23 : 45.34"
"16,24 : 37.22"
"16,25 : 52.0"
"16,26 : 31.38"
"16,27 : 33.02"
"16,28 : 38.05"
"16,29 : 76.56"
"16,30 : 34.41"
"16,31 : 64.62"
"16,32 : 48.17"
"16,33 : 24.6"
"16,34 : 64.03"
"16,35 : 73.79"
"16,36 : 32.25"
"16,37 : 25.81"
"16,38 : 78.0"
"16,39 : 52.35"
"16,40 : 33.54"
"16,41 : 58.8"
"16,42 : 42.94"
"16,43 : 82.28"
"16,44 : 50.8"
"16,45 : 49.37"
"16,46 : 32.65"
"16,47 : 49.03"
"16,48 : 38.29"
"16,49 : 38.64"
"16,50 : 24.33"
"16,51 : 37.44"
"16,52 : 56.61"
"16,53 : 72.01"
"16,54 : 45.28"
"16,55 : 83.93"
"16,56 : 39.12"
"16,57 : 16.49"
"16,58 : 38.01"
"16,59 : 74.63"
"16,60 : 70.88"
"16,61 : 9.22"
"16,62 : 17.72"
"16,63 : 76.16"
"16,64 : 44.38"
"16,65 : 35.36"
"16,66 : 33.62"
"16,67 : 67.42"
"16,68 : 21.38"
"16,69 : 12.04"
"16,70 : 21.26"
"16,71 : 41.79"
"16,72 : 82.46"
"16,73 : 54.82"
"16,74 : 73.54"
"16,75 : 31.06"
"16,76 : 46.1"
"16,77 : 15.23"
"16,78 : 16.64"
"16,79 : 55.36"
"16,80 : 53.54"
"16,81 : 44.01"
"16,82 : 39.12"
"16,83 : 59.94"
"16,84 : 45.61"
"16,85 : 47.54"
"16,86 : 50.64"
"16,87 : 59.03"
"16,88 : 16.49"
"16,89 : 85.48"
"16,90 : 44.18"
"16,91 : 48.88"
"16,92 : 5.39"
"16,93 : 55.23"
"16,94 : 15.0"
"16,95 : 81.99"
"16,96 : 78.92"
"16,97 : 38.48"
"16,98 : 32.57"
"16,99 : 72.44"
"17,0 : 96.61"
"17,1 : 93.15"
"17,2 : 57.45"
"17,3 : 85.09"
"17,4 : 57.01"
"17,5 : 12.37"
"17,6 : 75.69"
"17,7 : 89.32"
"17,8 : 84.15"
"17,9 : 5.1"
"17,10 : 65.12"
"17,11 : 41.77"
"17,12 : 57.87"
"17,13 : 34.21"
"17,14 : 102.63"
"17,15 : 37.7"
"17,16 : 18.36"
"17,17 : 0.0"
"17,18 : 58.67"
"17,19 : 34.54"
"17,20 : 65.39"
"17,21 : 90.35"
"17,22 : 55.03"
"17,23 : 63.41"
"17,24 : 41.88"
"17,25 : 64.94"
"17,26 : 20.4"
"17,27 : 28.3"
"17,28 : 55.11"
"17,29 : 94.85"
"17,30 : 40.71"
"17,31 : 82.86"
"17,32 : 56.86"
"17,33 : 31.4"
"17,34 : 80.75"
"17,35 : 85.44"
"17,36 : 30.48"
"17,37 : 43.14"
"17,38 : 96.25"
"17,39 : 70.71"
"17,40 : 26.0"
"17,41 : 76.38"
"17,42 : 55.11"
"17,43 : 96.03"
"17,44 : 59.41"
"17,45 : 62.03"
"17,46 : 42.72"
"17,47 : 66.76"
"17,48 : 55.9"
"17,49 : 52.33"
"17,50 : 25.0"
"17,51 : 22.56"
"17,52 : 70.46"
"17,53 : 80.96"
"17,54 : 63.03"
"17,55 : 96.54"
"17,56 : 55.33"
"17,57 : 27.73"
"17,58 : 54.92"
"17,59 : 88.12"
"17,60 : 88.87"
"17,61 : 13.04"
"17,62 : 14.04"
"17,63 : 90.45"
"17,64 : 50.01"
"17,65 : 52.89"
"17,66 : 49.41"
"17,67 : 77.83"
"17,68 : 7.07"
"17,69 : 29.12"
"17,70 : 23.0"
"17,71 : 55.33"
"17,72 : 94.83"
"17,73 : 60.46"
"17,74 : 91.35"
"17,75 : 47.52"
"17,76 : 52.84"
"17,77 : 11.18"
"17,78 : 30.0"
"17,79 : 73.54"
"17,80 : 70.29"
"17,81 : 60.83"
"17,82 : 55.33"
"17,83 : 78.29"
"17,84 : 53.15"
"17,85 : 53.04"
"17,86 : 66.01"
"17,87 : 75.33"
"17,88 : 32.02"
"17,89 : 96.46"
"17,90 : 54.34"
"17,91 : 65.44"
"17,92 : 22.8"
"17,93 : 63.51"
"17,94 : 32.28"
"17,95 : 100.34"
"17,96 : 96.32"
"17,97 : 54.41"
"17,98 : 40.45"
"17,99 : 89.63"
"18,0 : 79.61"
"18,1 : 80.78"
"18,2 : 80.78"
"18,3 : 42.2"
"18,4 : 8.49"
"18,5 : 63.13"
"18,6 : 81.1"
"18,7 : 32.25"
"18,8 : 28.0"
"18,9 : 57.27"
"18,10 : 100.85"
"18,11 : 38.33"
"18,12 : 39.46"
"18,13 : 55.46"
"18,14 : 91.92"
"18,15 : 37.48"
"18,16 : 51.66"
"18,17 : 58.67"
"18,18 : 0.0"
"18,19 : 24.84"
"18,20 : 9.49"
"18,21 : 76.69"
"18,22 : 87.46"
"18,23 : 68.01"
"18,24 : 17.09"
"18,25 : 22.2"
"18,26 : 47.85"
"18,27 : 36.35"
"18,28 : 40.11"
"18,29 : 77.37"
"18,30 : 18.03"
"18,31 : 66.85"
"18,32 : 6.08"
"18,33 : 75.6"
"18,34 : 49.41"
"18,35 : 31.4"
"18,36 : 31.58"
"18,37 : 62.3"
"18,38 : 77.41"
"18,39 : 63.95"
"18,40 : 41.3"
"18,41 : 82.1"
"18,42 : 18.25"
"18,43 : 46.49"
"18,44 : 98.39"
"18,45 : 91.71"
"18,46 : 19.72"
"18,47 : 49.73"
"18,48 : 67.74"
"18,49 : 80.99"
"18,50 : 34.01"
"18,51 : 56.44"
"18,52 : 28.32"
"18,53 : 22.8"
"18,54 : 71.11"
"18,55 : 43.57"
"18,56 : 35.23"
"18,57 : 66.61"
"18,58 : 39.12"
"18,59 : 39.0"
"18,60 : 66.73"
"18,61 : 59.46"
"18,62 : 67.48"
"18,63 : 43.83"
"18,64 : 94.58"
"18,65 : 43.0"
"18,66 : 72.42"
"18,67 : 22.09"
"18,68 : 65.51"
"18,69 : 43.57"
"18,70 : 72.84"
"18,71 : 23.35"
"18,72 : 41.44"
"18,73 : 5.1"
"18,74 : 91.59"
"18,75 : 36.22"
"18,76 : 5.83"
"18,77 : 47.51"
"18,78 : 35.81"
"18,79 : 59.48"
"18,80 : 83.22"
"18,81 : 40.02"
"18,82 : 35.23"
"18,83 : 68.41"
"18,84 : 94.51"
"18,85 : 97.64"
"18,86 : 33.54"
"18,87 : 43.27"
"18,88 : 62.27"
"18,89 : 40.11"
"18,90 : 90.8"
"18,91 : 80.62"
"18,92 : 54.2"
"18,93 : 6.08"
"18,94 : 42.94"
"18,95 : 86.82"
"18,96 : 65.95"
"18,97 : 75.43"
"18,98 : 82.38"
"18,99 : 59.03"
"19,0 : 77.78"
"19,1 : 76.69"
"19,2 : 62.03"
"19,3 : 53.76"
"19,4 : 25.55"
"19,5 : 38.29"
"19,6 : 68.95"
"19,7 : 54.78"
"19,8 : 49.65"
"19,9 : 33.96"
"19,10 : 79.56"
"19,11 : 22.85"
"19,12 : 33.97"
"19,13 : 34.37"
"19,14 : 87.62"
"19,15 : 28.43"
"19,16 : 27.2"
"19,17 : 34.54"
"19,18 : 24.84"
"19,19 : 0.0"
"19,20 : 30.87"
"19,21 : 73.0"
"19,22 : 66.49"
"19,23 : 55.03"
"19,24 : 10.44"
"19,25 : 32.06"
"19,26 : 28.86"
"19,27 : 20.25"
"19,28 : 32.56"
"19,29 : 75.66"
"19,30 : 7.21"
"19,31 : 63.66"
"19,32 : 22.36"
"19,33 : 51.62"
"19,34 : 53.67"
"19,35 : 51.2"
"19,36 : 15.62"
"19,37 : 43.01"
"19,38 : 76.42"
"19,39 : 55.76"
"19,40 : 24.6"
"19,41 : 69.89"
"19,42 : 22.09"
"19,43 : 63.01"
"19,44 : 76.22"
"19,45 : 71.7"
"19,46 : 9.06"
"19,47 : 45.25"
"19,48 : 51.79"
"19,49 : 60.67"
"19,50 : 12.17"
"19,51 : 38.08"
"19,52 : 38.33"
"19,53 : 46.53"
"19,54 : 57.01"
"19,55 : 62.65"
"19,56 : 29.83"
"19,57 : 42.94"
"19,58 : 31.83"
"19,59 : 55.01"
"19,60 : 66.84"
"19,61 : 34.66"
"19,62 : 42.64"
"19,63 : 58.14"
"19,64 : 71.12"
"19,65 : 33.02"
"19,66 : 53.08"
"19,67 : 43.32"
"19,68 : 41.15"
"19,69 : 21.38"
"19,70 : 48.17"
"19,71 : 24.04"
"19,72 : 60.83"
"19,73 : 27.66"
"19,74 : 82.29"
"19,75 : 25.0"
"19,76 : 19.1"
"19,77 : 23.41"
"19,78 : 13.15"
"19,79 : 54.56"
"19,80 : 68.25"
"19,81 : 36.24"
"19,82 : 29.83"
"19,83 : 62.2"
"19,84 : 71.69"
"19,85 : 74.24"
"19,86 : 36.77"
"19,87 : 47.42"
"19,88 : 39.85"
"19,89 : 61.98"
"19,90 : 68.96"
"19,91 : 64.63"
"19,92 : 30.41"
"19,93 : 29.15"
"19,94 : 22.02"
"19,95 : 83.63"
"19,96 : 70.71"
"19,97 : 57.0"
"19,98 : 59.03"
"19,99 : 63.53"
"20,0 : 73.16"
"20,1 : 75.0"
"20,2 : 80.78"
"20,3 : 33.3"
"20,4 : 17.49"
"20,5 : 68.51"
"20,6 : 78.16"
"20,7 : 24.04"
"20,8 : 19.24"
"20,9 : 64.51"
"20,10 : 102.0"
"20,11 : 38.95"
"20,12 : 36.12"
"20,13 : 57.43"
"20,14 : 86.02"
"20,15 : 46.87"
"20,16 : 56.22"
"20,17 : 65.39"
"20,18 : 9.49"
"20,19 : 30.87"
"20,20 : 0.0"
"20,21 : 70.88"
"20,22 : 88.59"
"20,23 : 65.76"
"20,24 : 25.18"
"20,25 : 15.52"
"20,26 : 56.32"
"20,27 : 45.04"
"20,28 : 37.48"
"20,29 : 70.94"
"20,30 : 25.0"
"20,31 : 61.13"
"20,32 : 8.54"
"20,33 : 79.21"
"20,34 : 42.06"
"20,35 : 22.09"
"20,36 : 40.11"
"20,37 : 63.06"
"20,38 : 70.77"
"20,39 : 60.03"
"20,40 : 50.04"
"20,41 : 79.16"
"20,42 : 16.16"
"20,43 : 37.0"
"20,44 : 100.17"
"20,45 : 92.2"
"20,46 : 23.6"
"20,47 : 45.18"
"20,48 : 66.76"
"20,49 : 81.84"
"20,50 : 41.48"
"20,51 : 65.12"
"20,52 : 20.59"
"20,53 : 15.81"
"20,54 : 69.23"
"20,55 : 34.23"
"20,56 : 32.39"
"20,57 : 70.04"
"20,58 : 36.5"
"20,59 : 29.55"
"20,60 : 60.01"
"20,61 : 64.64"
"20,62 : 72.95"
"20,63 : 34.48"
"20,64 : 97.45"
"20,65 : 41.0"
"20,66 : 72.92"
"20,67 : 13.04"
"20,68 : 72.01"
"20,69 : 46.69"
"20,70 : 77.47"
"20,71 : 20.62"
"20,72 : 32.14"
"20,73 : 12.81"
"20,74 : 87.37"
"20,75 : 35.47"
"20,76 : 14.0"
"20,77 : 54.23"
"20,78 : 39.7"
"20,79 : 54.59"
"20,80 : 81.39"
"20,81 : 36.0"
"20,82 : 32.39"
"20,83 : 63.64"
"20,84 : 96.83"
"20,85 : 100.42"
"20,86 : 27.66"
"20,87 : 36.25"
"20,88 : 64.82"
"20,89 : 31.58"
"20,90 : 92.44"
"20,91 : 79.31"
"20,92 : 58.0"
"20,93 : 3.61"
"20,94 : 45.45"
"20,95 : 80.65"
"20,96 : 58.01"
"20,97 : 75.39"
"20,98 : 85.28"
"20,99 : 51.31"
"21,0 : 7.0"
"21,1 : 4.12"
"21,2 : 50.49"
"21,3 : 46.27"
"21,4 : 84.58"
"21,5 : 82.64"
"21,6 : 26.93"
"21,7 : 75.06"
"21,8 : 71.01"
"21,9 : 93.65"
"21,10 : 71.47"
"21,11 : 51.74"
"21,12 : 39.41"
"21,13 : 57.01"
"21,14 : 15.23"
"21,15 : 101.41"
"21,16 : 72.01"
"21,17 : 90.35"
"21,18 : 76.69"
"21,19 : 73.0"
"21,20 : 70.88"
"21,21 : 0.0"
"21,22 : 62.8"
"21,23 : 30.15"
"21,24 : 79.06"
"21,25 : 55.36"
"21,26 : 98.08"
"21,27 : 92.63"
"21,28 : 40.46"
"21,29 : 6.32"
"21,30 : 75.21"
"21,31 : 9.85"
"21,32 : 70.77"
"21,33 : 75.8"
"21,34 : 31.0"
"21,35 : 66.03"
"21,36 : 88.46"
"21,37 : 50.45"
"21,38 : 8.54"
"21,39 : 19.7"
"21,40 : 96.21"
"21,41 : 27.31"
"21,42 : 59.03"
"21,43 : 57.97"
"21,44 : 74.95"
"21,45 : 60.17"
"21,46 : 66.61"
"21,47 : 28.02"
"21,48 : 39.2"
"21,49 : 57.22"
"21,50 : 82.76"
"21,51 : 106.4"
"21,52 : 50.99"
"21,53 : 77.32"
"21,54 : 33.0"
"21,55 : 65.51"
"21,56 : 43.83"
"21,57 : 70.09"
"21,58 : 41.23"
"21,59 : 56.44"
"21,60 : 13.6"
"21,61 : 79.31"
"21,62 : 85.7"
"21,63 : 51.97"
"21,64 : 81.39"
"21,65 : 40.31"
"21,66 : 51.04"
"21,67 : 69.35"
"21,68 : 92.7"
"21,69 : 62.13"
"21,70 : 82.23"
"21,71 : 54.12"
"21,72 : 66.1"
"21,73 : 81.71"
"21,74 : 22.47"
"21,75 : 48.1"
"21,76 : 76.03"
"21,77 : 84.31"
"21,78 : 65.3"
"21,79 : 18.44"
"21,80 : 37.0"
"21,81 : 37.74"
"21,82 : 43.83"
"21,83 : 12.08"
"21,84 : 76.79"
"21,85 : 82.73"
"21,86 : 43.32"
"21,87 : 35.36"
"21,88 : 62.36"
"21,89 : 74.81"
"21,90 : 68.88"
"21,91 : 40.02"
"21,92 : 68.03"
"21,93 : 73.68"
"21,94 : 59.08"
"21,95 : 10.63"
"21,96 : 25.24"
"21,97 : 48.04"
"21,98 : 74.03"
"21,99 : 26.25"
"22,0 : 69.72"
"22,1 : 63.29"
"22,2 : 12.37"
"22,3 : 87.32"
"22,4 : 91.09"
"22,5 : 42.72"
"22,6 : 37.0"
"22,7 : 107.0"
"22,8 : 101.4"
"22,9 : 60.08"
"22,10 : 13.42"
"22,11 : 49.65"
"22,12 : 57.31"
"22,13 : 32.28"
"22,14 : 68.12"
"22,15 : 87.09"
"22,16 : 43.05"
"22,17 : 55.03"
"22,18 : 87.46"
"22,19 : 66.49"
"22,20 : 88.59"
"22,21 : 62.8"
"22,22 : 0.0"
"22,23 : 34.54"
"22,24 : 76.9"
"22,25 : 78.01"
"22,26 : 73.35"
"22,27 : 76.06"
"22,28 : 54.56"
"22,29 : 69.05"
"22,30 : 73.25"
"22,31 : 61.03"
"22,32 : 82.35"
"22,33 : 24.7"
"22,34 : 74.33"
"22,35 : 99.36"
"22,36 : 75.03"
"22,37 : 25.55"
"22,38 : 71.2"
"22,39 : 47.54"
"22,40 : 76.42"
"22,41 : 37.01"
"22,42 : 72.56"
"22,43 : 101.41"
"22,44 : 13.04"
"22,45 : 7.21"
"22,46 : 68.01"
"22,47 : 56.61"
"22,48 : 26.93"
"22,49 : 7.07"
"22,50 : 67.03"
"22,51 : 77.49"
"22,52 : 79.4"
"22,53 : 102.93"
"22,54 : 30.68"
"22,55 : 106.08"
"22,56 : 59.03"
"22,57 : 27.66"
"22,58 : 55.32"
"22,59 : 95.48"
"22,60 : 69.89"
"22,61 : 42.45"
"22,62 : 42.49"
"22,63 : 94.37"
"22,64 : 19.1"
"22,65 : 50.33"
"22,66 : 16.28"
"22,67 : 96.26"
"22,68 : 52.33"
"22,69 : 45.12"
"22,70 : 34.13"
"22,71 : 68.8"
"22,72 : 105.36"
"22,73 : 91.76"
"22,74 : 50.8"
"22,75 : 53.54"
"22,76 : 82.87"
"22,77 : 57.56"
"22,78 : 53.37"
"22,79 : 55.46"
"22,80 : 27.07"
"22,81 : 59.4"
"22,82 : 59.03"
"22,83 : 53.16"
"22,84 : 14.04"
"22,85 : 20.02"
"22,86 : 70.04"
"22,87 : 72.62"
"22,88 : 27.07"
"22,89 : 111.29"
"22,90 : 6.08"
"22,91 : 23.02"
"22,92 : 38.0"
"22,93 : 89.0"
"22,94 : 44.92"
"22,95 : 69.03"
"22,96 : 82.08"
"22,97 : 16.12"
"22,98 : 16.97"
"22,99 : 78.26"
"23,0 : 37.12"
"23,1 : 31.78"
"23,2 : 22.36"
"23,3 : 55.44"
"23,4 : 74.17"
"23,5 : 54.2"
"23,6 : 13.93"
"23,7 : 79.2"
"23,8 : 73.93"
"23,9 : 67.36"
"23,10 : 45.49"
"23,11 : 32.28"
"23,12 : 29.83"
"23,13 : 29.21"
"23,14 : 39.81"
"23,15 : 82.29"
"23,16 : 45.34"
"23,17 : 63.41"
"23,18 : 68.01"
"23,19 : 55.03"
"23,20 : 65.76"
"23,21 : 30.15"
"23,22 : 34.54"
"23,23 : 0.0"
"23,24 : 63.79"
"23,25 : 51.92"
"23,26 : 74.81"
"23,27 : 72.07"
"23,28 : 28.28"
"23,29 : 36.01"
"23,30 : 59.67"
"23,31 : 26.68"
"23,32 : 62.03"
"23,33 : 45.71"
"23,34 : 41.04"
"23,35 : 70.66"
"23,36 : 68.88"
"23,37 : 21.02"
"23,38 : 38.0"
"23,39 : 13.0"
"23,40 : 74.63"
"23,41 : 14.87"
"23,42 : 50.16"
"23,43 : 69.53"
"23,44 : 47.42"
"23,45 : 33.84"
"23,46 : 51.79"
"23,47 : 24.41"
"23,48 : 9.06"
"23,49 : 28.16"
"23,50 : 61.77"
"23,51 : 82.13"
"23,52 : 51.08"
"23,53 : 77.49"
"23,54 : 4.24"
"23,55 : 75.21"
"23,56 : 33.38"
"23,57 : 40.5"
"23,58 : 29.27"
"23,59 : 64.64"
"23,60 : 35.44"
"23,61 : 51.31"
"23,62 : 56.8"
"23,63 : 62.48"
"23,64 : 52.17"
"23,65 : 25.02"
"23,66 : 21.02"
"23,67 : 69.89"
"23,68 : 64.66"
"23,69 : 38.01"
"23,70 : 52.5"
"23,71 : 45.28"
"23,72 : 74.89"
"23,73 : 73.0"
"23,74 : 28.43"
"23,75 : 32.14"
"23,76 : 65.12"
"23,77 : 59.46"
"23,78 : 43.83"
"23,79 : 21.1"
"23,80 : 15.81"
"23,81 : 30.68"
"23,82 : 33.38"
"23,83 : 19.1"
"23,84 : 48.08"
"23,85 : 53.85"
"23,86 : 41.23"
"23,87 : 40.61"
"23,88 : 33.11"
"23,89 : 81.99"
"23,90 : 40.5"
"23,91 : 15.0"
"23,92 : 40.61"
"23,93 : 67.36"
"23,94 : 35.51"
"23,95 : 38.6"
"23,96 : 47.54"
"23,97 : 18.68"
"23,98 : 44.01"
"23,99 : 43.91"
"24,0 : 83.24"
"24,1 : 82.93"
"24,2 : 72.17"
"24,3 : 53.49"
"24,4 : 15.62"
"24,5 : 47.42"
"24,6 : 77.62"
"24,7 : 49.03"
"24,8 : 44.41"
"24,9 : 40.25"
"24,10 : 89.99"
"24,11 : 31.58"
"24,12 : 39.66"
"24,13 : 44.72"
"24,14 : 94.03"
"24,15 : 24.19"
"24,16 : 37.22"
"24,17 : 41.88"
"24,18 : 17.09"
"24,19 : 10.44"
"24,20 : 25.18"
"24,21 : 79.06"
"24,22 : 76.9"
"24,23 : 63.79"
"24,24 : 0.0"
"24,25 : 31.38"
"24,26 : 31.14"
"24,27 : 20.02"
"24,28 : 38.95"
"24,29 : 81.06"
"24,30 : 4.12"
"24,31 : 69.4"
"24,32 : 17.0"
"24,33 : 61.77"
"24,34 : 56.4"
"24,35 : 47.01"
"24,36 : 15.0"
"24,37 : 53.15"
"24,38 : 81.57"
"24,39 : 63.07"
"24,40 : 25.02"
"24,41 : 78.59"
"24,42 : 22.47"
"24,43 : 60.67"
"24,44 : 86.65"
"24,45 : 82.04"
"24,46 : 12.53"
"24,47 : 51.04"
"24,48 : 61.29"
"24,49 : 71.02"
"24,50 : 17.0"
"24,51 : 40.01"
"24,52 : 38.08"
"24,53 : 39.85"
"24,54 : 66.1"
"24,55 : 59.01"
"24,56 : 35.23"
"24,57 : 53.23"
"24,58 : 38.08"
"24,59 : 52.77"
"24,60 : 71.45"
"24,61 : 44.05"
"24,62 : 51.62"
"24,63 : 56.75"
"24,64 : 81.39"
"24,65 : 40.31"
"24,66 : 63.29"
"24,67 : 38.21"
"24,68 : 48.83"
"24,69 : 31.78"
"24,70 : 57.8"
"24,71 : 26.25"
"24,72 : 57.0"
"24,73 : 18.6"
"24,74 : 90.25"
"24,75 : 32.31"
"24,76 : 11.4"
"24,77 : 30.81"
"24,78 : 23.54"
"24,79 : 60.75"
"24,80 : 77.65"
"24,81 : 41.4"
"24,82 : 35.23"
"24,83 : 68.96"
"24,84 : 82.08"
"24,85 : 84.53"
"24,86 : 39.2"
"24,87 : 50.0"
"24,88 : 50.29"
"24,89 : 56.72"
"24,90 : 79.4"
"24,91 : 74.24"
"24,92 : 40.72"
"24,93 : 22.56"
"24,94 : 32.25"
"24,95 : 89.63"
"24,96 : 73.6"
"24,97 : 67.07"
"24,98 : 69.35"
"24,99 : 66.4"
"25,0 : 57.78"
"25,1 : 59.48"
"25,2 : 68.96"
"25,3 : 22.14"
"25,4 : 30.61"
"25,5 : 65.19"
"25,6 : 63.64"
"25,7 : 29.07"
"25,8 : 23.43"
"25,9 : 65.28"
"25,10 : 91.26"
"25,11 : 29.83"
"25,12 : 22.14"
"25,13 : 48.92"
"25,14 : 70.52"
"25,15 : 55.46"
"25,16 : 52.0"
"25,17 : 64.94"
"25,18 : 22.2"
"25,19 : 32.06"
"25,20 : 15.52"
"25,21 : 55.36"
"25,22 : 78.01"
"25,23 : 51.92"
"25,24 : 31.38"
"25,25 : 0.0"
"25,26 : 60.67"
"25,27 : 50.7"
"25,28 : 24.17"
"25,29 : 55.54"
"25,30 : 29.12"
"25,31 : 45.61"
"25,32 : 16.97"
"25,33 : 72.42"
"25,34 : 27.2"
"25,35 : 22.2"
"25,36 : 45.61"
"25,37 : 52.63"
"25,38 : 55.46"
"25,39 : 45.04"
"25,40 : 55.54"
"25,41 : 64.63"
"25,42 : 10.0"
"25,43 : 31.14"
"25,44 : 90.27"
"25,45 : 80.78"
"25,46 : 23.02"
"25,47 : 30.0"
"25,48 : 54.13"
"25,49 : 71.03"
"25,50 : 44.18"
"25,51 : 69.87"
"25,52 : 6.71"
"25,53 : 25.63"
"25,54 : 55.66"
"25,55 : 31.95"
"25,56 : 19.24"
"25,57 : 63.25"
"25,58 : 23.26"
"25,59 : 23.19"
"25,60 : 44.72"
"25,61 : 61.1"
"25,62 : 69.64"
"25,63 : 26.08"
"25,64 : 89.14"
