x,y
67,33
99,71
91,35
78,7
51,90
88,23
12,9
24,98
75,95
71,21
51,57
8,82
84,63
12,80
27,95
3,56
84,75
79,62
73,32
73,27
94,66
58,84
9,78
21,60
94,0
0,8
100,72
73,96
10,52
38,52
61,77
85,92
67,45
5,6
74,97
64,69
33,15
85,81
0,66
35,35
55,83
85,10
40,59
94,73
44,33
59,27
7,22
45,84
17,80
49,89
56,86
46,13
23,37
61,77
16,16
60,44
97,46
81,40
12,56
77,83
19,92
8,18
54,98
71,71
46,91
45,99
89,63
4,45
8,83
62,70
96,70
15,46
66,42
82,86
82,33
92,37
56,8
32,64
74,85
77,1
65,26
48,56
98,19
18,2
38,22
9,7
41,51
65,41
4,33
81,2
17,34
52,45
75,33
17,55
4,1
91,99
65,29
11,87
98,25
87,56

Distanze
"0,0 : 0.0"
"0,1 : 49.68"
"0,2 : 24.08"
"0,3 : 28.23"
"0,4 : 59.2"
"0,5 : 23.26"
"0,6 : 60.01"
"0,7 : 77.94"
"0,8 : 62.51"
"0,9 : 12.65"
"0,10 : 28.84"
"0,11 : 76.69"
"0,12 : 34.48"
"0,13 : 72.35"
"0,14 : 73.78"
"0,15 : 68.01"
"0,16 : 45.31"
"0,17 : 31.38"
"0,18 : 6.08"
"0,19 : 8.49"
"0,20 : 42.64"
"0,21 : 51.79"
"0,22 : 73.41"
"0,23 : 53.34"
"0,24 : 42.64"
"0,25 : 71.51"
"0,26 : 51.09"
"0,27 : 63.29"
"0,28 : 60.08"
"0,29 : 34.67"
"0,30 : 44.41"
"0,31 : 61.68"
"0,32 : 12.0"
"0,33 : 67.62"
"0,34 : 64.38"
"0,35 : 36.12"
"0,36 : 38.47"
"0,37 : 51.26"
"0,38 : 74.69"
"0,39 : 32.06"
"0,40 : 51.42"
"0,41 : 29.21"
"0,42 : 37.48"
"0,43 : 48.26"
"0,44 : 23.0"
"0,45 : 10.0"
"0,46 : 61.0"
"0,47 : 55.54"
"0,48 : 68.62"
"0,49 : 58.82"
"0,50 : 54.13"
"0,51 : 29.0"
"0,52 : 44.18"
"0,53 : 44.41"
"0,54 : 53.76"
"0,55 : 13.04"
"0,56 : 32.7"
"0,57 : 15.65"
"0,58 : 59.62"
"0,59 : 50.99"
"0,60 : 76.06"
"0,61 : 60.88"
"0,62 : 66.29"
"0,63 : 38.21"
"0,64 : 61.68"
"0,65 : 69.57"
"0,66 : 37.2"
"0,67 : 64.13"
"0,68 : 77.34"
"0,69 : 37.34"
"0,70 : 47.01"
"0,71 : 53.6"
"0,72 : 9.06"
"0,73 : 55.08"
"0,74 : 15.0"
"0,75 : 25.32"
"0,76 : 27.31"
"0,77 : 46.75"
"0,78 : 52.47"
"0,79 : 33.53"
"0,80 : 7.28"
"0,81 : 29.83"
"0,82 : 34.01"
"0,83 : 57.98"
"0,84 : 31.02"
"0,85 : 63.56"
"0,86 : 31.62"
"0,87 : 8.25"
"0,88 : 63.0"
"0,89 : 34.01"
"0,90 : 50.01"
"0,91 : 19.21"
"0,92 : 8.0"
"0,93 : 54.63"
"0,94 : 70.66"
"0,95 : 70.23"
"0,96 : 4.47"
"0,97 : 77.79"
"0,98 : 32.02"
"0,99 : 30.48"
"1,0 : 49.68"
"1,1 : 0.0"
"1,2 : 36.88"
"1,3 : 67.36"
"1,4 : 51.62"
"1,5 : 49.24"
"1,6 : 106.83"
"1,7 : 79.71"
"1,8 : 33.94"
"1,9 : 57.31"
"1,10 : 50.0"
"1,11 : 91.66"
"1,12 : 17.0"
"1,13 : 87.46"
"1,14 : 75.89"
"1,15 : 97.16"
"1,16 : 15.52"
"1,17 : 21.93"
"1,18 : 46.87"
"1,19 : 51.11"
"1,20 : 7.07"
"1,21 : 43.01"
"1,22 : 90.27"
"1,23 : 78.77"
"1,24 : 71.18"
"1,25 : 117.35"
"1,26 : 1.41"
"1,27 : 36.07"
"1,28 : 91.01"
"1,29 : 63.89"
"1,30 : 38.47"
"1,31 : 25.24"
"1,32 : 41.23"
"1,33 : 114.28"
"1,34 : 36.07"
"1,35 : 35.06"
"1,36 : 86.56"
"1,37 : 17.2"
"1,38 : 99.13"
"1,39 : 73.43"
"1,40 : 45.61"
"1,41 : 62.59"
"1,42 : 60.21"
"1,43 : 5.39"
"1,44 : 66.85"
"1,45 : 59.46"
"1,46 : 104.24"
"1,47 : 55.54"
"1,48 : 82.49"
"1,49 : 53.14"
"1,50 : 45.54"
"1,51 : 78.57"
"1,52 : 83.26"
"1,53 : 38.47"
"1,54 : 99.57"
"1,55 : 47.43"
"1,56 : 25.08"
"1,57 : 35.85"
"1,58 : 88.28"
"1,59 : 25.06"
"1,60 : 82.71"
"1,61 : 105.31"
"1,62 : 52.48"
"1,63 : 28.0"
"1,64 : 56.65"
"1,65 : 60.83"
"1,66 : 12.81"
"1,67 : 98.49"
"1,68 : 91.79"
"1,69 : 37.01"
"1,70 : 3.16"
"1,71 : 87.64"
"1,72 : 43.93"
"1,73 : 22.67"
"1,74 : 41.63"
"1,75 : 34.71"
"1,76 : 76.28"
"1,77 : 67.36"
"1,78 : 28.65"
"1,79 : 73.38"
"1,80 : 56.4"
"1,81 : 53.16"
"1,82 : 52.01"
"1,83 : 106.4"
"1,84 : 78.24"
"1,85 : 110.44"
"1,86 : 61.35"
"1,87 : 45.34"
"1,88 : 102.32"
"1,89 : 71.31"
"1,90 : 89.96"
"1,91 : 53.71"
"1,92 : 44.94"
"1,93 : 83.55"
"1,94 : 118.0"
"1,95 : 29.12"
"1,96 : 54.04"
"1,97 : 89.44"
"1,98 : 46.01"
"1,99 : 19.21"
"2,0 : 24.08"
"2,1 : 36.88"
"2,2 : 0.0"
"2,3 : 30.87"
"2,4 : 68.01"
"2,5 : 12.37"
"2,6 : 83.17"
"2,7 : 91.97"
"2,8 : 62.1"
"2,9 : 24.41"
"2,10 : 45.65"
"2,11 : 95.38"
"2,12 : 28.86"
"2,13 : 90.92"
"2,14 : 87.73"
"2,15 : 90.47"
"2,16 : 40.61"
"2,17 : 29.55"
"2,18 : 18.25"
"2,19 : 19.7"
"2,20 : 31.14"
"2,21 : 59.08"
"2,22 : 92.59"
"2,23 : 74.33"
"2,24 : 35.13"
"2,25 : 94.92"
"2,26 : 38.08"
"2,27 : 63.6"
"2,28 : 82.76"
"2,29 : 55.66"
"2,30 : 51.61"
"2,31 : 57.31"
"2,32 : 26.0"
"2,33 : 90.76"
"2,34 : 64.29"
"2,35 : 43.42"
"2,36 : 61.35"
"2,37 : 46.39"
"2,38 : 96.14"
"2,39 : 56.0"
"2,40 : 60.0"
"2,41 : 25.71"
"2,42 : 56.36"
"2,43 : 38.12"
"2,44 : 47.04"
"2,45 : 32.98"
"2,46 : 85.0"
"2,47 : 67.21"
"2,48 : 86.61"
"2,49 : 68.41"
"2,50 : 61.85"
"2,51 : 50.09"
"2,52 : 68.03"
"2,53 : 51.61"
"2,54 : 77.37"
"2,55 : 32.28"
"2,56 : 12.53"
"2,57 : 11.18"
"2,58 : 81.74"
"2,59 : 50.0"
"2,60 : 91.83"
"2,61 : 84.72"
"2,62 : 73.06"
"2,63 : 41.18"
"2,64 : 71.84"
"2,65 : 78.82"
"2,66 : 28.07"
"2,67 : 87.57"
"2,68 : 95.88"
"2,69 : 45.45"
"2,70 : 35.36"
"2,71 : 76.79"
"2,72 : 25.96"
"2,73 : 51.79"
"2,74 : 9.22"
"2,75 : 2.24"
"2,76 : 44.2"
"2,77 : 65.74"
"2,78 : 52.81"
"2,79 : 36.77"
"2,80 : 27.51"
"2,81 : 47.85"
"2,82 : 17.46"
"2,83 : 80.11"
"2,84 : 54.57"
"2,85 : 86.65"
"2,86 : 52.5"
"2,87 : 26.68"
"2,88 : 87.02"
"2,89 : 34.48"
"2,90 : 74.01"
"2,91 : 40.26"
"2,92 : 16.12"
"2,93 : 76.66"
"2,94 : 93.41"
"2,95 : 64.0"
"2,96 : 26.68"
"2,97 : 95.41"
"2,98 : 12.21"
"2,99 : 21.38"
"3,0 : 28.23"
"3,1 : 67.36"
"3,2 : 30.87"
"3,3 : 0.0"
"3,4 : 87.28"
"3,5 : 18.87"
"3,6 : 66.03"
"3,7 : 105.82"
"3,8 : 88.05"
"3,9 : 15.65"
"3,10 : 56.82"
"3,11 : 102.59"
"3,12 : 56.32"
"3,13 : 98.41"
"3,14 : 101.71"
"3,15 : 89.59"
"3,16 : 68.26"
"3,17 : 55.01"
"3,18 : 25.5"
"3,19 : 20.62"
"3,20 : 61.13"
"3,21 : 79.56"
"3,22 : 99.01"
"3,23 : 77.83"
"3,24 : 17.46"
"3,25 : 78.01"
"3,26 : 68.62"
"3,27 : 89.14"
"3,28 : 81.54"
"3,29 : 60.21"
"3,30 : 72.03"
"3,31 : 85.29"
"3,32 : 39.56"
"3,33 : 73.01"
"3,34 : 90.09"
"3,35 : 63.56"
"3,36 : 45.71"
"3,37 : 74.33"
"3,38 : 97.8"
"3,39 : 51.31"
"3,40 : 79.4"
"3,41 : 7.62"
"3,42 : 64.4"
"3,43 : 67.91"
"3,44 : 42.8"
"3,45 : 27.59"
"3,46 : 72.57"
"3,47 : 83.77"
"3,48 : 95.13"
"3,49 : 86.98"
"3,50 : 82.01"
"3,51 : 32.56"
"3,52 : 62.65"
"3,53 : 72.03"
"3,54 : 62.65"
"3,55 : 41.15"
"3,56 : 43.38"
"3,57 : 33.14"
"3,58 : 82.2"
"3,59 : 76.01"
"3,60 : 103.47"
"3,61 : 70.86"
"3,62 : 94.11"
"3,63 : 64.38"
"3,64 : 89.89"
"3,65 : 97.74"
"3,66 : 57.07"
"3,67 : 83.19"
"3,68 : 103.32"
"3,69 : 65.0"
"3,70 : 65.52"
"3,71 : 74.09"
"3,72 : 37.0"
"3,73 : 79.1"
"3,74 : 26.31"
"3,75 : 33.11"
"3,76 : 22.02"
"3,77 : 73.25"
"3,78 : 78.1"
"3,79 : 6.08"
"3,80 : 23.02"
"3,81 : 57.45"
"3,82 : 23.32"
"3,83 : 60.21"
"3,84 : 42.72"
"3,85 : 69.0"
"3,86 : 57.49"
"3,87 : 36.4"
"3,88 : 78.43"
"3,89 : 5.83"
"3,90 : 66.71"
"3,91 : 46.04"
"3,92 : 26.17"
"3,93 : 77.62"
"3,94 : 74.24"
"3,95 : 92.91"
"3,96 : 25.55"
"3,97 : 104.35"
"3,98 : 26.91"
"3,99 : 49.82"
"4,0 : 59.2"
"4,1 : 51.62"
"4,2 : 68.01"
"4,3 : 87.28"
"4,4 : 0.0"
"4,5 : 76.54"
"4,6 : 89.9"
"4,7 : 28.16"
"4,8 : 24.52"
"4,9 : 71.84"
"4,10 : 33.0"
"4,11 : 43.74"
"4,12 : 42.64"
"4,13 : 40.26"
"4,14 : 24.52"
"4,15 : 58.82"
"4,16 : 36.25"
"4,17 : 39.6"
"4,18 : 62.03"
"4,19 : 66.73"
"4,20 : 49.24"
"4,21 : 9.22"
"4,22 : 43.68"
"4,23 : 42.43"
"4,24 : 99.74"
"4,25 : 96.57"
"4,26 : 52.2"
"4,27 : 22.8"
"4,28 : 55.9"
"4,29 : 40.16"
"4,30 : 16.4"
"4,31 : 34.06"
"4,32 : 47.76"
"4,33 : 95.77"
"4,34 : 24.04"
"4,35 : 24.7"
"4,36 : 77.13"
"4,37 : 35.17"
"4,38 : 56.36"
"4,39 : 57.28"
"4,40 : 8.06"
"4,41 : 86.93"
"4,42 : 32.89"
"4,43 : 46.24"
"4,44 : 57.43"
"4,45 : 63.51"
"4,46 : 80.99"
"4,47 : 8.49"
"4,48 : 35.44"
"4,49 : 2.24"
"4,50 : 6.4"
"4,51 : 77.16"
"4,52 : 59.94"
"4,53 : 16.4"
"4,54 : 81.86"
"4,55 : 46.87"
"4,56 : 63.66"
"4,57 : 58.31"
"4,58 : 51.74"
"4,59 : 26.93"
"4,60 : 32.06"
"4,61 : 83.86"
"4,62 : 8.54"
"4,63 : 27.59"
"4,64 : 5.1"
"4,65 : 10.82"
"4,66 : 46.62"
"4,67 : 65.07"
"4,68 : 43.57"
"4,69 : 22.83"
"4,70 : 49.24"
"4,71 : 56.85"
"4,72 : 50.29"
"4,73 : 31.26"
"4,74 : 64.88"
"4,75 : 67.01"
"4,76 : 82.15"
"4,77 : 32.2"
"4,78 : 23.54"
"4,79 : 92.72"
"4,80 : 65.51"
"4,81 : 34.13"
"4,82 : 85.15"
"4,83 : 93.98"
"4,84 : 69.23"
"4,85 : 93.02"
"4,86 : 40.26"
"4,87 : 50.96"
"4,88 : 73.88"
"4,89 : 92.97"
"4,90 : 65.51"
"4,91 : 45.01"
"4,92 : 61.85"
"4,93 : 48.8"
"4,94 : 100.65"
"4,95 : 41.0"
"4,96 : 62.59"
"4,97 : 40.11"
"4,98 : 80.21"
"4,99 : 49.52"
"5,0 : 23.26"
"5,1 : 49.24"
"5,2 : 12.37"
"5,3 : 18.87"
"5,4 : 76.54"
"5,5 : 0.0"
"5,6 : 77.28"
"5,7 : 98.6"
"5,8 : 73.16"
"5,9 : 17.12"
"5,10 : 50.25"
"5,11 : 99.4"
"5,12 : 40.2"
"5,13 : 95.0"
"5,14 : 94.37"
"5,15 : 91.18"
"5,16 : 52.15"
"5,17 : 40.02"
"5,18 : 17.49"
"5,19 : 15.52"
"5,20 : 43.42"
"5,21 : 67.98"
"5,22 : 96.26"
"5,23 : 76.54"
"5,24 : 23.77"
"5,25 : 89.27"
"5,26 : 50.45"
"5,27 : 74.53"
"5,28 : 83.22"
"5,29 : 57.8"
"5,30 : 60.37"
"5,31 : 69.07"
"5,32 : 30.41"
"5,33 : 84.72"
"5,34 : 75.31"
"5,35 : 51.88"
"5,36 : 55.58"
"5,37 : 58.08"
"5,38 : 97.94"
"5,39 : 54.34"
"5,40 : 68.48"
"5,41 : 13.34"
"5,42 : 60.0"
"5,43 : 50.36"
"5,44 : 45.12"
"5,45 : 29.27"
"5,46 : 81.01"
"5,47 : 74.63"
"5,48 : 91.05"
"5,49 : 76.66"
"5,50 : 70.66"
"5,51 : 43.17"
"5,52 : 66.49"
"5,53 : 60.37"
"5,54 : 72.34"
"5,55 : 35.0"
"5,56 : 24.7"
"5,57 : 18.38"
"5,58 : 82.86"
"5,59 : 61.0"
"5,60 : 97.58"
"5,61 : 80.16"
"5,62 : 82.35"
"5,63 : 50.92"
"5,64 : 79.92"
"5,65 : 87.32"
"5,66 : 40.01"
"5,67 : 86.83"
"5,68 : 100.0"
"5,69 : 53.71"
"5,70 : 47.68"
"5,71 : 76.54"
"5,72 : 29.07"
"5,73 : 63.29"
"5,74 : 11.66"
"5,75 : 14.56"
"5,76 : 35.34"
"5,77 : 69.4"
"5,78 : 63.56"
"5,79 : 24.6"
"5,80 : 23.19"
"5,81 : 51.86"
"5,82 : 10.77"
"5,83 : 73.08"
"5,84 : 50.01"
"5,85 : 80.6"
"5,86 : 54.71"
"5,87 : 29.21"
"5,88 : 84.59"
"5,89 : 22.14"
"5,90 : 71.85"
"5,91 : 42.19"
"5,92 : 16.4"
"5,93 : 77.88"
"5,94 : 86.83"
"5,95 : 76.06"
"5,96 : 23.77"
"5,97 : 100.12"
"5,98 : 10.2"
"5,99 : 33.02"
"6,0 : 60.01"
"6,1 : 106.83"
"6,2 : 83.17"
"6,3 : 66.03"
"6,4 : 89.9"
"6,5 : 77.28"
"6,6 : 0.0"
"6,7 : 89.81"
"6,8 : 106.61"
"6,9 : 60.21"
"6,10 : 61.85"
"6,11 : 73.11"
"6,12 : 90.0"
"6,13 : 71.0"
"6,14 : 87.3"
"6,15 : 47.85"
"6,16 : 97.67"
"6,17 : 85.43"
"6,18 : 65.19"
"6,19 : 63.6"
"6,20 : 99.86"
"6,21 : 87.98"
"6,22 : 69.07"
"6,23 : 51.79"
"6,24 : 82.49"
"6,25 : 12.04"
"6,26 : 108.23"
"6,27 : 106.25"
"6,28 : 43.05"
"6,29 : 50.25"
"6,30 : 83.82"
"6,31 : 110.54"
"6,32 : 65.73"
"6,33 : 7.62"
"6,34 : 107.65"
"6,35 : 79.4"
"6,36 : 21.84"
"6,37 : 102.53"
"6,38 : 58.25"
"6,39 : 34.71"
"6,40 : 85.59"
"6,41 : 73.01"
"6,42 : 57.31"
"6,43 : 104.02"
"6,44 : 40.0"
"6,45 : 50.33"
"6,46 : 13.93"
"6,47 : 81.94"
"6,48 : 71.18"
"6,49 : 88.14"
"6,50 : 88.68"
"6,51 : 34.23"
"6,52 : 30.08"
"6,53 : 83.82"
"6,54 : 8.06"
"6,55 : 59.41"
"6,56 : 92.7"
"6,57 : 75.64"
"6,58 : 47.0"
"6,59 : 98.49"
"6,60 : 83.29"
"6,61 : 9.85"
"6,62 : 98.41"
"6,63 : 85.59"
"6,64 : 88.77"
"6,65 : 95.86"
"6,66 : 94.05"
"6,67 : 36.88"
"6,68 : 74.11"
"6,69 : 78.87"
"6,70 : 103.81"
"6,71 : 37.12"
"6,72 : 63.29"
"6,73 : 104.06"
"6,74 : 74.0"
"6,75 : 84.76"
"6,76 : 44.01"
"6,77 : 58.52"
"6,78 : 98.08"
"6,79 : 65.49"
"6,80 : 55.66"
"6,81 : 59.2"
"6,82 : 86.58"
"6,83 : 9.22"
"6,84 : 29.07"
"6,85 : 3.61"
"6,86 : 51.04"
"6,87 : 61.91"
"6,88 : 25.3"
"6,89 : 69.35"
"6,90 : 25.5"
"6,91 : 53.81"
"6,92 : 67.42"
"6,93 : 46.27"
"6,94 : 11.31"
"6,95 : 119.75"
"6,96 : 56.65"
"6,97 : 78.01"
"6,98 : 87.48"
"6,99 : 88.51"
"7,0 : 77.94"
"7,1 : 79.71"
"7,2 : 91.97"
"7,3 : 105.82"
"7,4 : 28.16"
"7,5 : 98.6"
"7,6 : 89.81"
"7,7 : 0.0"
"7,8 : 51.09"
"7,9 : 90.21"
"7,10 : 49.09"
"7,11 : 22.63"
"7,12 : 69.46"
"7,13 : 21.63"
"7,14 : 4.24"
"7,15 : 46.96"
"7,16 : 64.26"
"7,17 : 65.73"
"7,18 : 82.2"
"7,19 : 86.27"
"7,20 : 76.97"
"7,21 : 36.77"
"7,22 : 25.0"
"7,23 : 38.12"
"7,24 : 120.43"
"7,25 : 93.15"
"7,26 : 80.32"
"7,27 : 49.04"
"7,28 : 48.08"
"7,29 : 48.08"
"7,30 : 42.54"
"7,31 : 61.29"
"7,32 : 68.25"
"7,33 : 93.94"
"7,34 : 50.01"
"7,35 : 49.41"
"7,36 : 83.49"
"7,37 : 63.32"
"7,38 : 40.0"
"7,39 : 63.95"
"7,40 : 34.44"
"7,41 : 107.07"
"7,42 : 42.15"
"7,43 : 74.33"
"7,44 : 68.01"
"7,45 : 79.16"
"7,46 : 77.88"
"7,47 : 25.24"
"7,48 : 19.31"
"7,49 : 26.57"
"7,50 : 34.18"
"7,51 : 87.8"
"7,52 : 61.01"
"7,53 : 42.54"
"7,54 : 82.39"
"7,55 : 64.9"
"7,56 : 89.63"
"7,57 : 81.32"
"7,58 : 43.68"
"7,59 : 55.08"
"7,60 : 7.81"
"7,61 : 81.58"
"7,62 : 30.0"
"7,63 : 54.2"
"7,64 : 23.09"
"7,65 : 21.02"
"7,66 : 73.82"
"7,67 : 56.65"
"7,68 : 21.93"
"7,69 : 47.2"
"7,70 : 77.25"
"7,71 : 52.77"
"7,72 : 70.0"
"7,73 : 59.23"
"7,74 : 87.11"
"7,75 : 91.35"
"7,76 : 95.52"
"7,77 : 34.93"
"7,78 : 51.66"
"7,79 : 110.54"
"7,80 : 82.86"
"7,81 : 48.37"
"7,82 : 108.25"
"7,83 : 96.19"
"7,84 : 77.28"
"7,85 : 92.23"
"7,86 : 49.98"
"7,87 : 70.21"
"7,88 : 68.01"
"7,89 : 111.65"
"7,90 : 64.38"
"7,91 : 59.94"
"7,92 : 82.62"
"7,93 : 43.57"
"7,94 : 99.04"
"7,95 : 67.01"
"7,96 : 80.26"
"7,97 : 17.03"
"7,98 : 103.95"
"7,99 : 75.72"
"8,0 : 62.51"
"8,1 : 33.94"
"8,2 : 62.1"
"8,3 : 88.05"
"8,4 : 24.52"
"8,5 : 73.16"
"8,6 : 106.61"
"8,7 : 51.09"
"8,8 : 0.0"
"8,9 : 74.11"
"8,10 : 44.94"
"8,11 : 68.25"
"8,12 : 33.24"
"8,13 : 64.76"
"8,14 : 48.0"
"8,15 : 81.88"
"8,16 : 21.93"
"8,17 : 33.24"
"8,18 : 63.03"
"8,19 : 68.03"
"8,20 : 34.67"
"8,21 : 20.25"
"8,22 : 68.15"
"8,23 : 64.35"
"8,24 : 96.88"
"8,25 : 114.87"
"8,26 : 33.97"
"8,27 : 2.24"
"8,28 : 77.94"
"8,29 : 56.73"
"8,30 : 22.8"
"8,31 : 10.44"
"8,32 : 50.64"
"8,33 : 113.23"
"8,34 : 2.24"
"8,35 : 28.23"
"8,36 : 90.35"
"8,37 : 17.2"
"8,38 : 80.41"
"8,39 : 72.11"
"8,40 : 23.32"
"8,41 : 85.59"
"8,42 : 50.21"
"8,43 : 29.07"
"8,44 : 69.32"
"8,45 : 69.86"
"8,46 : 99.76"
"8,47 : 31.95"
"8,48 : 59.91"
"8,49 : 26.68"
"8,50 : 21.02"
"8,51 : 86.98"
"8,52 : 77.9"
"8,53 : 22.8"
"8,54 : 98.6"
"8,55 : 53.16"
"8,56 : 53.71"
"8,57 : 55.33"
"8,58 : 74.09"
"8,59 : 12.17"
"8,60 : 56.08"
"8,61 : 102.07"
"8,62 : 21.21"
"8,63 : 24.33"
"8,64 : 29.27"
"8,65 : 30.27"
"8,66 : 34.93"
"8,67 : 86.84"
"8,68 : 68.07"
"8,69 : 28.18"
"8,70 : 32.65"
"8,71 : 77.47"
"8,72 : 53.76"
"8,73 : 11.4"
"8,74 : 62.39"
"8,75 : 60.44"
"8,76 : 89.05"
"8,77 : 53.01"
"8,78 : 10.05"
"8,79 : 94.02"
"8,80 : 69.72"
"8,81 : 47.43"
"8,82 : 79.4"
"8,83 : 109.08"
"8,84 : 81.84"
"8,85 : 110.0"
"8,86 : 55.61"
"8,87 : 54.92"
"8,88 : 94.26"
"8,89 : 93.19"
"8,90 : 84.17"
"8,91 : 55.04"
"8,92 : 62.0"
"8,93 : 70.46"
"8,94 : 117.8"
"8,95 : 16.49"
"8,96 : 66.75"
"8,97 : 64.5"
"8,98 : 73.68"
"8,99 : 40.8"
"9,0 : 12.65"
"9,1 : 57.31"
"9,2 : 24.41"
"9,3 : 15.65"
"9,4 : 71.84"
"9,5 : 17.12"
"9,6 : 60.21"
"9,7 : 90.21"
"9,8 : 74.11"
"9,9 : 0.0"
"9,10 : 41.18"
"9,11 : 87.69"
"9,12 : 43.97"
"9,13 : 83.44"
"9,14 : 86.09"
"9,15 : 76.48"
"9,16 : 55.54"
"9,17 : 41.77"
"9,18 : 11.18"
"9,19 : 6.32"
"9,20 : 50.54"
"9,21 : 64.33"
"9,22 : 84.22"
"9,23 : 63.41"
"9,24 : 31.14"
"9,25 : 72.18"
"9,26 : 58.67"
"9,27 : 75.03"
"9,28 : 68.43"
"9,29 : 45.28"
"9,30 : 56.89"
"9,31 : 72.37"
"9,32 : 24.33"
"9,33 : 67.68"
"9,34 : 76.06"
"9,35 : 48.51"
"9,36 : 38.47"
"9,37 : 61.61"
"9,38 : 84.06"
"9,39 : 38.63"
"9,40 : 64.03"
"9,41 : 17.8"
"9,42 : 49.04"
"9,43 : 56.86"
"9,44 : 29.55"
"9,45 : 13.42"
"9,46 : 64.01"
"9,47 : 68.15"
"9,48 : 79.98"
"9,49 : 71.47"
"9,50 : 66.71"
"9,51 : 26.25"
"9,52 : 50.6"
"9,53 : 56.89"
"9,54 : 55.23"
"9,55 : 25.5"
"9,56 : 36.07"
"9,57 : 21.47"
"9,58 : 68.6"
"9,59 : 62.29"
"9,60 : 88.01"
"9,61 : 63.07"
"9,62 : 78.85"
"9,63 : 50.0"
"9,64 : 74.33"
"9,65 : 82.22"
"9,66 : 45.69"
"9,67 : 71.17"
"9,68 : 88.39"
"9,69 : 49.82"
"9,70 : 55.01"
"9,71 : 61.33"
"9,72 : 21.59"
"9,73 : 65.92"
"9,74 : 16.28"
"9,75 : 26.4"
"9,76 : 19.85"
"9,77 : 58.05"
"9,78 : 64.07"
"9,79 : 20.88"
"9,80 : 7.81"
"9,81 : 41.88"
"9,82 : 27.07"
"9,83 : 56.3"
"9,84 : 33.02"
"9,85 : 63.56"
"9,86 : 42.43"
"9,87 : 20.88"
"9,88 : 68.07"
"9,89 : 21.47"
"9,90 : 55.54"
"9,91 : 30.61"
"9,92 : 12.65"
"9,93 : 63.81"
"9,94 : 69.92"
"9,95 : 80.52"
"9,96 : 10.0"
"9,97 : 89.2"
"9,98 : 27.29"
"9,99 : 38.48"
"10,0 : 28.84"
"10,1 : 50.0"
"10,2 : 45.65"
"10,3 : 56.82"
"10,4 : 33.0"
"10,5 : 50.25"
"10,6 : 61.85"
"10,7 : 49.09"
"10,8 : 44.94"
"10,9 : 41.18"
"10,10 : 0.0"
"10,11 : 49.74"
"10,12 : 33.54"
"10,13 : 45.28"
"10,14 : 44.94"
"10,15 : 48.01"
"10,16 : 37.59"
"10,17 : 28.44"
"10,18 : 33.3"
"10,19 : 37.2"
"10,20 : 43.93"
"10,21 : 27.89"
"10,22 : 46.96"
"10,23 : 30.15"
"10,24 : 71.4"
"10,25 : 70.72"
"10,26 : 51.24"
"10,27 : 44.78"
"10,28 : 41.3"
"10,29 : 13.93"
"10,30 : 22.36"
"10,31 : 48.8"
"10,32 : 20.0"
"10,33 : 68.68"
"10,34 : 46.14"
"10,35 : 17.69"
"10,36 : 45.69"
"10,37 : 41.62"
"10,38 : 51.79"
"10,39 : 27.2"
"10,40 : 26.31"
"10,41 : 58.01"
"10,42 : 11.18"
"10,43 : 45.88"
"10,44 : 25.0"
"10,45 : 31.05"
"10,46 : 56.22"
"10,47 : 27.66"
"10,48 : 41.05"
"10,49 : 32.06"
"10,50 : 29.43"
"10,51 : 44.28"
"10,52 : 34.41"
"10,53 : 22.36"
"10,54 : 53.91"
"10,55 : 15.81"
"10,56 : 47.3"
"10,57 : 34.48"
"10,58 : 39.01"
"10,59 : 36.77"
"10,60 : 47.42"
"10,61 : 58.05"
"10,62 : 41.11"
"10,63 : 24.41"
"10,64 : 34.37"
"10,65 : 42.43"
"10,66 : 38.47"
"10,67 : 48.51"
"10,68 : 50.25"
"10,69 : 17.03"
"10,70 : 46.84"
"10,71 : 37.64"
"10,72 : 21.21"
"10,73 : 42.45"
"10,74 : 39.2"
"10,75 : 45.62"
"10,76 : 49.25"
"10,77 : 20.25"
"10,78 : 36.24"
"10,79 : 61.74"
"10,80 : 34.01"
"10,81 : 3.16"
"10,82 : 60.44"
"10,83 : 64.14"
"10,84 : 37.34"
"10,85 : 65.3"
"10,86 : 11.66"
"10,87 : 21.26"
"10,88 : 52.77"
"10,89 : 62.65"
"10,90 : 41.05"
"10,91 : 12.04"
"10,92 : 33.94"
"10,93 : 34.06"
"10,94 : 73.11"
"10,95 : 58.0"
"10,96 : 31.3"
"10,97 : 50.0"
"10,98 : 56.86"
"10,99 : 36.01"
"11,0 : 76.69"
"11,1 : 91.66"
"11,2 : 95.38"
"11,3 : 102.59"
"11,4 : 43.74"
"11,5 : 99.4"
"11,6 : 73.11"
"11,7 : 22.63"
"11,8 : 68.25"
"11,9 : 87.69"
"11,10 : 49.74"
"11,11 : 0.0"
"11,12 : 78.34"
"11,13 : 4.47"
"11,14 : 23.02"
"11,15 : 26.48"
"11,16 : 76.32"
"11,17 : 73.76"
"11,18 : 82.01"
"11,19 : 85.15"
"11,20 : 87.48"
"11,21 : 50.04"
"11,22 : 4.12"
"11,23 : 25.55"
"11,24 : 118.83"
"11,25 : 74.43"
"11,26 : 92.54"
"11,27 : 66.49"
"11,28 : 30.07"
"11,29 : 42.43"
"11,30 : 53.24"
"11,31 : 77.65"
"11,32 : 69.64"
"11,33 : 76.06"
"11,34 : 67.68"
"11,35 : 57.49"
"11,36 : 71.51"
"11,37 : 77.01"
"11,38 : 17.89"
"11,39 : 54.2"
"11,40 : 47.01"
"11,41 : 105.42"
"11,42 : 39.41"
"11,43 : 86.47"
"11,44 : 60.8"
"11,45 : 75.01"
"11,46 : 60.01"
"11,47 : 37.05"
"11,48 : 9.22"
"11,49 : 41.59"
"11,50 : 48.17"
"11,51 : 78.77"
"11,52 : 47.43"
"11,53 : 53.24"
"11,54 : 66.48"
"11,55 : 64.4"
"11,56 : 96.01"
"11,57 : 84.22"
"11,58 : 26.31"
"11,59 : 69.01"
"11,60 : 14.87"
"11,61 : 64.0"
"11,62 : 48.7"
"11,63 : 63.95"
"11,64 : 39.05"
"11,65 : 40.72"
"11,66 : 83.2"
"11,67 : 37.22"
"11,68 : 1.0"
"11,69 : 55.32"
"11,70 : 88.81"
"11,71 : 36.67"
"11,72 : 70.46"
"11,73 : 74.11"
"11,74 : 88.75"
"11,75 : 95.29"
"11,76 : 88.2"
"11,77 : 30.0"
"11,78 : 66.07"
"11,79 : 106.4"
"11,80 : 79.91"
"11,81 : 47.71"
"11,82 : 109.86"
"11,83 : 80.62"
"11,84 : 67.08"
"11,85 : 75.01"
"11,86 : 45.28"
"11,87 : 70.21"
"11,88 : 49.16"
"11,89 : 108.3"
"11,90 : 48.84"
"11,91 : 57.49"
"11,92 : 83.01"
"11,93 : 28.46"
"11,94 : 81.1"
"11,95 : 84.72"
"11,96 : 77.83"
"11,97 : 5.83"
"11,98 : 106.53"
"11,99 : 83.17"
"12,0 : 34.48"
"12,1 : 17.0"
"12,2 : 28.86"
"12,3 : 56.32"
"12,4 : 42.64"
"12,5 : 40.2"
"12,6 : 90.0"
"12,7 : 69.46"
"12,8 : 33.24"
"12,9 : 43.97"
"12,10 : 33.54"
"12,11 : 78.34"
"12,12 : 0.0"
"12,13 : 73.98"
"12,14 : 65.37"
"12,15 : 81.3"
"12,16 : 12.0"
"12,17 : 5.1"
"12,18 : 32.89"
"12,19 : 37.64"
"12,20 : 10.44"
"12,21 : 33.42"
"12,22 : 76.49"
"12,23 : 63.07"
"12,24 : 63.79"
"12,25 : 100.4"
"12,26 : 18.36"
"12,27 : 34.79"
"12,28 : 74.81"
"12,29 : 47.3"
"12,30 : 26.93"
"12,31 : 29.02"
"12,32 : 24.76"
"12,33 : 97.42"
"12,34 : 35.44"
"12,35 : 20.88"
"12,36 : 70.04"
"12,37 : 18.03"
"12,38 : 84.05"
"12,39 : 56.44"
"12,40 : 35.23"
"12,41 : 53.01"
"12,42 : 44.18"
"12,43 : 14.14"
"12,44 : 50.0"
"12,45 : 43.83"
"12,46 : 87.24"
"12,47 : 44.29"
"12,48 : 69.12"
"12,49 : 43.6"
"12,50 : 36.24"
"12,51 : 62.8"
"12,52 : 66.31"
"12,53 : 26.93"
"12,54 : 82.66"
"12,55 : 30.61"
"12,56 : 21.4"
"12,57 : 23.19"
"12,58 : 72.34"
"12,59 : 21.19"
"12,60 : 71.18"
"12,61 : 88.32"
"12,62 : 46.1"
"12,63 : 15.26"
"12,64 : 47.2"
"12,65 : 53.08"
"12,66 : 5.0"
"12,67 : 82.0"
"12,68 : 78.59"
"12,69 : 23.09"
"12,70 : 13.89"
"12,71 : 71.06"
"12,72 : 27.66"
"12,73 : 23.09"
"12,74 : 30.07"
"12,75 : 27.2"
"12,76 : 61.72"
"12,77 : 52.01"
"12,78 : 24.17"
"12,79 : 62.39"
"12,80 : 41.59"
"12,81 : 36.67"
"12,82 : 46.17"
"12,83 : 89.87"
"12,84 : 61.62"
"12,85 : 93.6"
"12,86 : 44.64"
"12,87 : 29.07"
"12,88 : 85.44"
"12,89 : 61.07"
"12,90 : 73.01"
"12,91 : 36.72"
"12,92 : 31.32"
"12,93 : 67.48"
"12,94 : 101.21"
"12,95 : 36.67"
"12,96 : 38.95"
"12,97 : 76.84"
"12,98 : 40.5"
"12,99 : 7.62"
"13,0 : 72.35"
"13,1 : 87.46"
"13,2 : 90.92"
"13,3 : 98.41"
"13,4 : 40.26"
"13,5 : 95.0"
"13,6 : 71.0"
"13,7 : 21.63"
"13,8 : 64.76"
"13,9 : 83.44"
"13,10 : 45.28"
"13,11 : 4.47"
"13,12 : 73.98"
"13,13 : 0.0"
"13,14 : 21.21"
"13,15 : 25.63"
"13,16 : 72.17"
"13,17 : 69.38"
"13,18 : 77.62"
"13,19 : 80.81"
"13,20 : 83.19"
"13,21 : 46.17"
"13,22 : 3.61"
"13,23 : 21.93"
"13,24 : 114.56"
"13,25 : 72.99"
"13,26 : 88.36"
"13,27 : 63.06"
"13,28 : 28.07"
"13,29 : 38.21"
"13,30 : 49.09"
"13,31 : 73.98"
"13,32 : 65.19"
"13,33 : 74.33"
"13,34 : 64.29"
"13,35 : 53.15"
"13,36 : 68.31"
"13,37 : 73.01"
"13,38 : 18.44"
"13,39 : 50.54"
"13,40 : 43.1"
"13,41 : 101.14"
"13,42 : 35.0"
"13,43 : 82.3"
"13,44 : 56.86"
"13,45 : 70.84"
"13,46 : 58.22"
"13,47 : 33.24"
"13,48 : 5.0"
"13,49 : 38.08"
"13,50 : 44.41"
"13,51 : 75.13"
"13,52 : 44.38"
"13,53 : 49.09"
"13,54 : 64.12"
"13,55 : 60.0"
"13,56 : 91.55"
"13,57 : 79.76"
"13,58 : 24.0"
"13,59 : 65.07"
"13,60 : 13.89"
"13,61 : 62.13"
"13,62 : 45.69"
"13,63 : 59.68"
"13,64 : 35.74"
"13,65 : 38.08"
"13,66 : 78.85"
"13,67 : 35.9"
"13,68 : 5.0"
"13,69 : 50.99"
"13,70 : 84.59"
"13,71 : 34.13"
"13,72 : 66.03"
"13,73 : 70.26"
"13,74 : 84.31"
"13,75 : 90.82"
"13,76 : 84.38"
"13,77 : 25.61"
"13,78 : 62.2"
"13,79 : 102.3"
"13,80 : 75.66"
"13,81 : 43.27"
"13,82 : 105.44"
"13,83 : 78.23"
"13,84 : 63.56"
"13,85 : 73.06"
"13,86 : 41.01"
"13,87 : 65.8"
"13,88 : 47.68"
"13,89 : 104.14"
"13,90 : 46.27"
"13,91 : 53.15"
"13,92 : 78.6"
"13,93 : 25.5"
"13,94 : 79.4"
"13,95 : 81.25"
"13,96 : 73.55"
"13,97 : 7.07"
"13,98 : 102.08"
"13,99 : 78.75"
"14,0 : 73.78"
"14,1 : 75.89"
"14,2 : 87.73"
"14,3 : 101.71"
"14,4 : 24.52"
"14,5 : 94.37"
"14,6 : 87.3"
"14,7 : 4.24"
"14,8 : 48.0"
"14,9 : 86.09"
"14,10 : 44.94"
"14,11 : 23.02"
"14,12 : 65.37"
"14,13 : 21.21"
"14,14 : 0.0"
"14,15 : 45.79"
"14,16 : 60.41"
"14,17 : 61.59"
"14,18 : 78.01"
"14,19 : 82.1"
"14,20 : 73.01"
"14,21 : 32.89"
"14,22 : 24.76"
"14,23 : 35.51"
"14,24 : 116.25"
"14,25 : 91.09"
"14,26 : 76.54"
"14,27 : 46.01"
"14,28 : 46.24"
"14,29 : 44.38"
"14,30 : 38.47"
"14,31 : 58.08"
"14,32 : 64.03"
"14,33 : 91.68"
"14,34 : 47.04"
"14,35 : 45.22"
"14,36 : 80.22"
"14,37 : 59.67"
"14,38 : 39.62"
"14,39 : 60.53"
"14,40 : 30.46"
"14,41 : 102.9"
"14,42 : 38.28"
"14,43 : 70.52"
"14,44 : 64.29"
"14,45 : 75.15"
"14,46 : 75.69"
"14,47 : 21.1"
"14,48 : 18.03"
"14,49 : 22.8"
"14,50 : 30.36"
"14,51 : 84.17"
"14,52 : 58.14"
"14,53 : 38.47"
"14,54 : 79.76"
"14,55 : 60.75"
"14,56 : 85.45"
"14,57 : 77.08"
"14,58 : 41.79"
"14,59 : 51.42"
"14,60 : 8.54"
"14,61 : 79.31"
"14,62 : 27.17"
"14,63 : 50.12"
"14,64 : 19.42"
"14,65 : 18.44"
"14,66 : 69.77"
"14,67 : 55.04"
"14,68 : 22.47"
"14,69 : 43.01"
"14,70 : 73.39"
"14,71 : 50.45"
"14,72 : 65.8"
"14,73 : 55.73"
"14,74 : 82.88"
"14,75 : 87.11"
"14,76 : 91.71"
"14,77 : 31.4"
"14,78 : 48.05"
"14,79 : 106.47"
"14,80 : 78.77"
"14,81 : 44.29"
"14,82 : 104.0"
"14,83 : 93.43"
"14,84 : 73.82"
"14,85 : 89.82"
"14,86 : 46.17"
"14,87 : 66.03"
"14,88 : 66.13"
"14,89 : 107.54"
"14,90 : 61.81"
"14,91 : 55.9"
"14,92 : 78.41"
"14,93 : 41.23"
"14,94 : 96.77"
"14,95 : 64.12"
"14,96 : 76.16"
"14,97 : 17.89"
"14,98 : 99.7"
"14,99 : 71.56"
"15,0 : 68.01"
"15,1 : 97.16"
"15,2 : 90.47"
"15,3 : 89.59"
"15,4 : 58.82"
"15,5 : 91.18"
"15,6 : 47.85"
"15,7 : 46.96"
"15,8 : 81.88"
"15,9 : 76.48"
"15,10 : 48.01"
"15,11 : 26.48"
"15,12 : 81.3"
"15,13 : 25.63"
"15,14 : 45.79"
"15,15 : 0.0"
"15,16 : 83.2"
"15,17 : 76.24"
"15,18 : 74.0"
"15,19 : 75.77"
"15,20 : 91.55"
"15,21 : 61.72"
"15,22 : 22.8"
"15,23 : 18.44"
"15,24 : 106.85"
"15,25 : 48.09"
"15,26 : 98.31"
"15,27 : 80.62"
"15,28 : 8.06"
"15,29 : 35.23"
"15,30 : 61.68"
"15,31 : 89.55"
"15,32 : 64.94"
"15,33 : 50.04"
"15,34 : 81.99"
"15,35 : 62.37"
"15,36 : 50.8"
"15,37 : 85.73"
"15,38 : 10.44"
"15,39 : 38.28"
"15,40 : 58.59"
"15,41 : 94.02"
"15,42 : 37.12"
"15,43 : 92.57"
"15,44 : 47.01"
"15,45 : 63.06"
"15,46 : 34.23"
"15,47 : 50.48"
"15,48 : 27.78"
"15,49 : 56.61"
"15,50 : 60.9"
"15,51 : 60.81"
"15,52 : 27.59"
"15,53 : 61.68"
"15,54 : 42.06"
"15,55 : 58.25"
"15,56 : 94.53"
"15,57 : 79.62"
"15,58 : 9.0"
"15,59 : 78.77"
"15,60 : 39.4"
"15,61 : 38.33"
"15,62 : 66.07"
"15,63 : 69.63"
"15,64 : 55.44"
"15,65 : 60.11"
"15,66 : 86.28"
"15,67 : 11.05"
"15,68 : 27.46"
"15,69 : 60.64"
"15,70 : 94.05"
"15,71 : 15.62"
"15,72 : 64.54"
"15,73 : 84.5"
"15,74 : 82.28"
"15,75 : 91.01"
"15,76 : 71.51"
"15,77 : 30.08"
"15,78 : 76.69"
"15,79 : 92.2"
"15,80 : 68.88"
"15,81 : 45.0"
"15,82 : 101.95"
"15,83 : 56.04"
"15,84 : 48.8"
"15,85 : 49.37"
"15,86 : 38.33"
"15,87 : 63.79"
"15,88 : 23.02"
"15,89 : 94.87"
"15,90 : 26.08"
"15,91 : 50.22"
"15,92 : 75.58"
"15,93 : 14.04"
"15,94 : 55.01"
"15,95 : 97.94"
"15,96 : 67.62"
"15,97 : 32.02"
"15,98 : 99.93"
"15,99 : 84.0"
"16,0 : 45.31"
"16,1 : 15.52"
"16,2 : 40.61"
"16,3 : 68.26"
"16,4 : 36.25"
"16,5 : 52.15"
"16,6 : 97.67"
"16,7 : 64.26"
"16,8 : 21.93"
"16,9 : 55.54"
"16,10 : 37.59"
"16,11 : 76.32"
"16,12 : 12.0"
"16,13 : 72.17"
"16,14 : 60.41"
"16,15 : 83.2"
"16,16 : 0.0"
"16,17 : 13.93"
"16,18 : 44.38"
"16,19 : 49.24"
"16,20 : 13.45"
"16,21 : 27.51"
"16,22 : 75.06"
"16,23 : 64.76"
"16,24 : 75.66"
"16,25 : 107.45"
"16,26 : 16.28"
"16,27 : 23.71"
"16,28 : 77.49"
"16,29 : 51.43"
"16,30 : 23.09"
"16,31 : 17.03"
"16,32 : 34.48"
"16,33 : 104.89"
"16,34 : 24.17"
"16,35 : 20.88"
"16,36 : 78.75"
"16,37 : 6.08"
"16,38 : 84.48"
"16,39 : 63.25"
"16,40 : 30.08"
"16,41 : 65.01"
"16,42 : 46.82"
"16,43 : 10.2"
"16,44 : 58.0"
"16,45 : 54.12"
"16,46 : 93.48"
"16,47 : 40.02"
"16,48 : 67.19"
"16,49 : 37.7"
"16,50 : 30.08"
"16,51 : 72.72"
"16,52 : 71.87"
"16,53 : 23.09"
"16,54 : 90.03"
"16,55 : 39.2"
"16,56 : 31.78"
"16,57 : 35.13"
"16,58 : 74.46"
"16,59 : 10.63"
"16,60 : 67.19"
"16,61 : 95.0"
"16,62 : 37.8"
"16,63 : 13.6"
"16,64 : 41.23"
"16,65 : 45.79"
"16,66 : 13.0"
"16,67 : 85.44"
"16,68 : 76.42"
"16,69 : 22.56"
"16,70 : 13.0"
"16,71 : 74.85"
"16,72 : 37.59"
"16,73 : 11.18"
"16,74 : 42.05"
"16,75 : 38.83"
"16,76 : 72.62"
"16,77 : 53.15"
"16,78 : 14.14"
"16,79 : 74.33"
"16,80 : 52.55"
"16,81 : 40.71"
"16,82 : 57.72"
"16,83 : 98.41"
"16,84 : 70.18"
"16,85 : 101.24"
"16,86 : 49.24"
"16,87 : 38.95"
"16,88 : 90.35"
"16,89 : 73.06"
"16,90 : 78.55"
"16,91 : 43.86"
"16,92 : 42.95"
"16,93 : 69.92"
"16,94 : 108.98"
"16,95 : 25.0"
"16,96 : 49.77"
"16,97 : 73.98"
"16,98 : 51.92"
"16,99 : 19.24"
"17,0 : 31.38"
"17,1 : 21.93"
"17,2 : 29.55"
"17,3 : 55.01"
"17,4 : 39.6"
"17,5 : 40.02"
"17,6 : 85.43"
"17,7 : 65.73"
"17,8 : 33.24"
"17,9 : 41.77"
"17,10 : 28.44"
"17,11 : 73.76"
"17,12 : 5.1"
"17,13 : 69.38"
"17,14 : 61.59"
"17,15 : 76.24"
"17,16 : 13.93"
"17,17 : 0.0"
"17,18 : 30.59"
"17,19 : 35.51"
"17,20 : 15.52"
"17,21 : 30.41"
"17,22 : 71.81"
"17,23 : 58.03"
"17,24 : 63.79"
"17,25 : 95.69"
"17,26 : 23.26"
"17,27 : 34.53"
"17,28 : 69.72"
"17,29 : 42.2"
"17,30 : 23.43"
"17,31 : 30.59"
"17,32 : 20.81"
"17,33 : 92.8"
"17,34 : 35.36"
"17,35 : 16.55"
"17,36 : 65.76"
"17,37 : 19.92"
"17,38 : 79.1"
"17,39 : 51.62"
"17,40 : 31.89"
"17,41 : 52.35"
"17,42 : 39.12"
"17,43 : 18.6"
"17,44 : 45.45"
"17,45 : 40.31"
"17,46 : 82.37"
"17,47 : 40.5"
"17,48 : 64.56"
"17,49 : 40.36"
"17,50 : 33.24"
"17,51 : 59.08"
"17,52 : 61.33"
"17,53 : 23.43"
"17,54 : 78.01"
"17,55 : 26.17"
"17,56 : 24.08"
"17,57 : 22.09"
"17,58 : 67.27"
"17,59 : 21.1"
"17,60 : 67.08"
"17,61 : 83.53"
"17,62 : 43.83"
"17,63 : 12.04"
"17,64 : 43.93"
"17,65 : 50.25"
"17,66 : 10.05"
"17,67 : 76.9"
"17,68 : 74.04"
"17,69 : 18.79"
"17,70 : 18.79"
"17,71 : 65.97"
"17,72 : 23.85"
"17,73 : 24.19"
"17,74 : 29.15"
"17,75 : 28.18"
"17,76 : 58.69"
"17,77 : 47.04"
"17,78 : 23.54"
"17,79 : 61.03"
"17,80 : 38.63"
"17,81 : 31.58"
"17,82 : 47.01"
"17,83 : 85.56"
"17,84 : 57.28"
"17,85 : 89.02"
"17,86 : 39.56"
"17,87 : 25.24"
"17,88 : 80.41"
"17,89 : 60.03"
"17,90 : 68.03"
"17,91 : 31.91"
"17,92 : 29.27"
"17,93 : 62.39"
"17,94 : 96.67"
"17,95 : 38.9"
"17,96 : 35.85"
"17,97 : 72.45"
"17,98 : 41.59"
"17,99 : 10.0"
"18,0 : 6.08"
"18,1 : 46.87"
"18,2 : 18.25"
"18,3 : 25.5"
"18,4 : 62.03"
"18,5 : 17.49"
"18,6 : 65.19"
"18,7 : 82.2"
"18,8 : 63.03"
"18,9 : 11.18"
"18,10 : 33.3"
"18,11 : 82.01"
"18,12 : 32.89"
"18,13 : 77.62"
"18,14 : 78.01"
"18,15 : 74.0"
"18,16 : 44.38"
"18,17 : 30.59"
"18,18 : 0.0"
"18,19 : 5.0"
"18,20 : 39.96"
"18,21 : 54.12"
"18,22 : 78.82"
"18,23 : 59.06"
"18,24 : 38.28"
"18,25 : 76.84"
"18,26 : 48.26"
"18,27 : 64.0"
"18,28 : 66.1"
"18,29 : 40.31"
"18,30 : 46.57"
"18,31 : 61.19"
"18,32 : 14.32"
"18,33 : 72.8"
"18,34 : 65.01"
"18,35 : 38.08"
"18,36 : 43.46"
"18,37 : 50.45"
"18,38 : 80.53"
"18,39 : 38.12"
"18,40 : 54.08"
"18,41 : 25.06"
"18,42 : 42.64"
"18,43 : 46.07"
"18,44 : 29.02"
"18,45 : 14.87"
"18,46 : 66.75"
"18,47 : 59.06"
"18,48 : 73.76"
"18,49 : 61.85"
"18,50 : 56.61"
"18,51 : 33.02"
"18,52 : 50.25"
"18,53 : 46.57"
"18,54 : 59.2"
"18,55 : 17.69"
"18,56 : 27.78"
"18,57 : 11.31"
"18,58 : 65.55"
"18,59 : 51.16"
"18,60 : 80.72"
"18,61 : 66.49"
"18,62 : 68.68"
"18,63 : 39.05"
"18,64 : 64.88"
"18,65 : 72.62"
"18,66 : 34.89"
"18,67 : 70.21"
"18,68 : 82.62"
"18,69 : 39.56"
"18,70 : 44.42"
"18,71 : 59.67"
"18,72 : 12.21"
"18,73 : 54.74"
"18,74 : 9.06"
"18,75 : 19.65"
"18,76 : 29.41"
"18,77 : 52.01"
"18,78 : 53.01"
"18,79 : 31.26"
"18,80 : 10.0"
"18,81 : 34.66"
"18,82 : 28.18"
"18,83 : 62.65"
"18,84 : 36.4"
"18,85 : 68.71"
"18,86 : 37.22"
"18,87 : 12.04"
"18,88 : 69.01"
"18,89 : 31.05"
"18,90 : 56.04"
"18,91 : 24.7"
"18,92 : 2.24"
"18,93 : 60.54"
"18,94 : 75.64"
"18,95 : 69.38"
"18,96 : 8.54"
"18,97 : 82.88"
"18,98 : 25.96"
"18,99 : 27.78"
"19,0 : 8.49"
"19,1 : 51.11"
"19,2 : 19.7"
"19,3 : 20.62"
"19,4 : 66.73"
"19,5 : 15.52"
"19,6 : 63.6"
"19,7 : 86.27"
"19,8 : 68.03"
"19,9 : 6.32"
"19,10 : 37.2"
"19,11 : 85.15"
"19,12 : 37.64"
"19,13 : 80.81"
"19,14 : 82.1"
"19,15 : 75.77"
"19,16 : 49.24"
"19,17 : 35.51"
"19,18 : 5.0"
"19,19 : 0.0"
"19,20 : 44.29"
"19,21 : 58.94"
"19,22 : 81.84"
"19,23 : 61.59"
"19,24 : 34.21"
"19,25 : 75.43"
"19,26 : 52.48"
"19,27 : 69.0"
"19,28 : 67.78"
"19,29 : 43.01"
"19,30 : 51.42"
"19,31 : 66.1"
"19,32 : 18.97"
"19,33 : 71.17"
"19,34 : 70.01"
"19,35 : 42.95"
"19,36 : 41.76"
"19,37 : 55.32"
"19,38 : 82.76"
"19,39 : 38.83"
"19,40 : 58.82"
"19,41 : 20.81"
"19,42 : 45.97"
"19,43 : 50.57"
"19,44 : 29.61"
"19,45 : 14.0"
"19,46 : 66.19"
"19,47 : 63.51"
"19,48 : 77.1"
"19,49 : 66.48"
"19,50 : 61.4"
"19,51 : 30.41"
"19,52 : 50.99"
"19,53 : 51.42"
"19,54 : 58.05"
"19,55 : 21.4"
"19,56 : 30.61"
"19,57 : 15.26"
"19,58 : 67.54"
"19,59 : 56.14"
"19,60 : 84.5"
"19,61 : 65.62"
"19,62 : 73.5"
"19,63 : 44.05"
"19,64 : 69.46"
"19,65 : 77.25"
"19,66 : 39.4"
"19,67 : 71.31"
"19,68 : 85.8"
"19,69 : 44.38"
"19,70 : 48.76"
"19,71 : 61.03"
"19,72 : 16.55"
"19,73 : 59.68"
"19,74 : 10.82"
"19,75 : 21.47"
"19,76 : 25.5"
"19,77 : 55.23"
"19,78 : 58.01"
"19,79 : 26.31"
"19,80 : 8.06"
"19,81 : 38.29"
"19,82 : 26.25"
"19,83 : 60.42"
"19,84 : 35.36"
"19,85 : 67.05"
"19,86 : 40.0"
"19,87 : 16.12"
"19,88 : 69.26"
"19,89 : 26.25"
"19,90 : 56.44"
"19,91 : 27.66"
"19,92 : 6.32"
"19,93 : 62.61"
"19,94 : 73.74"
"19,95 : 74.22"
"19,96 : 8.25"
"19,97 : 86.28"
"19,98 : 25.08"
"19,99 : 32.2"
"20,0 : 42.64"
"20,1 : 7.07"
"20,2 : 31.14"
"20,3 : 61.13"
"20,4 : 49.24"
"20,5 : 43.42"
"20,6 : 99.86"
"20,7 : 76.97"
"20,8 : 34.67"
"20,9 : 50.54"
"20,10 : 43.93"
"20,11 : 87.48"
"20,12 : 10.44"
"20,13 : 83.19"
"20,14 : 73.01"
"20,15 : 91.55"
"20,16 : 13.45"
"20,17 : 15.52"
"20,18 : 39.96"
"20,19 : 44.29"
"20,20 : 0.0"
"20,21 : 40.25"
"20,22 : 85.84"
"20,23 : 73.25"
"20,24 : 66.0"
"20,25 : 110.45"
"20,26 : 8.49"
"20,27 : 36.62"
"20,28 : 85.16"
"20,29 : 57.72"
"20,30 : 34.79"
"20,31 : 27.51"
"20,32 : 34.21"
"20,33 : 107.34"
"20,34 : 36.89"
"20,35 : 30.15"
"20,36 : 79.51"
"20,37 : 17.49"
"20,38 : 94.0"
"20,39 : 66.65"
"20,40 : 42.54"
"20,41 : 56.72"
"20,42 : 54.45"
"20,43 : 7.0"
"20,44 : 59.91"
"20,45 : 52.4"
"20,46 : 97.49"
"20,47 : 52.2"
"20,48 : 78.26"
"20,49 : 50.54"
"20,50 : 42.94"
"20,51 : 71.51"
"20,52 : 76.69"
"20,53 : 34.79"
"20,54 : 92.65"
"20,55 : 40.5"
"20,56 : 20.22"
"20,57 : 29.07"
"20,58 : 82.61"
"20,59 : 24.04"
"20,60 : 79.38"
"20,61 : 98.49"
"20,62 : 51.22"
"20,63 : 23.54"
"20,64 : 54.12"
"20,65 : 59.08"
"20,66 : 5.83"
"20,67 : 92.42"
"20,68 : 87.66"
"20,69 : 32.25"
"20,70 : 4.47"
"20,71 : 81.49"
"20,72 : 36.88"
"20,73 : 23.32"
"20,74 : 35.11"
"20,75 : 29.07"
"20,76 : 69.34"
"20,77 : 62.03"
"20,78 : 27.59"
"20,79 : 67.19"
"20,80 : 49.41"
"20,81 : 47.07"
"20,82 : 47.17"
"20,83 : 99.36"
"20,84 : 71.22"
"20,85 : 103.47"
"20,86 : 55.08"
"20,87 : 38.29"
"20,88 : 95.86"
"20,89 : 65.31"
"20,90 : 83.38"
"20,91 : 46.96"
"20,92 : 38.08"
"20,93 : 77.78"
"20,94 : 111.02"
"20,95 : 33.14"
"20,96 : 47.01"
"20,97 : 85.62"
"20,98 : 41.19"
"20,99 : 12.21"
"21,0 : 51.79"
"21,1 : 43.01"
"21,2 : 59.08"
"21,3 : 79.56"
"21,4 : 9.22"
"21,5 : 67.98"
"21,6 : 87.98"
"21,7 : 36.77"
"21,8 : 20.25"
"21,9 : 64.33"
"21,10 : 27.89"
"21,11 : 50.04"
"21,12 : 33.42"
"21,13 : 46.17"
"21,14 : 32.89"
"21,15 : 61.72"
"21,16 : 27.51"
"21,17 : 30.41"
"21,18 : 54.12"
"21,19 : 58.94"
"21,20 : 40.25"
"21,21 : 0.0"
"21,22 : 49.37"
"21,23 : 44.1"
"21,24 : 91.39"
"21,25 : 95.6"
"21,26 : 43.68"
"21,27 : 19.21"
"21,28 : 57.69"
"21,29 : 37.74"
"21,30 : 7.62"
"21,31 : 28.16"
"21,32 : 40.02"
"21,33 : 94.3"
"21,34 : 20.62"
"21,35 : 16.16"
"21,36 : 73.39"
"21,37 : 27.17"
"21,38 : 60.73"
"21,39 : 54.13"
"21,40 : 3.16"
"21,41 : 78.77"
"21,42 : 30.81"
"21,43 : 37.64"
"21,44 : 52.89"
"21,45 : 57.01"
"21,46 : 80.28"
"21,47 : 13.0"
"21,48 : 41.19"
"21,49 : 10.3"
"21,50 : 2.83"
"21,51 : 72.01"
"21,52 : 58.6"
"21,53 : 7.62"
"21,54 : 79.92"
"21,55 : 40.05"
"21,56 : 54.45"
"21,57 : 49.65"
"21,58 : 53.85"
"21,59 : 19.03"
"21,60 : 39.81"
"21,61 : 82.8"
"21,62 : 14.56"
"21,63 : 18.38"
"21,64 : 13.89"
"21,65 : 19.85"
"21,66 : 37.44"
"21,67 : 66.61"
"21,68 : 50.01"
"21,69 : 14.56"
"21,70 : 40.5"
"21,71 : 57.38"
"21,72 : 42.76"
"21,73 : 24.08"
"21,74 : 56.36"
"21,75 : 58.01"
"21,76 : 76.03"
"21,77 : 32.8"
"21,78 : 16.03"
"21,79 : 85.15"
"21,80 : 58.42"
"21,81 : 29.73"
"21,82 : 76.32"
"21,83 : 91.24"
"21,84 : 65.15"
"21,85 : 91.27"
"21,86 : 37.12"
"21,87 : 43.57"
"21,88 : 74.28"
"21,89 : 85.16"
"21,90 : 64.66"
"21,91 : 39.46"
"21,92 : 53.76"
"21,93 : 50.22"
"21,94 : 99.02"
"21,95 : 36.25"
"21,96 : 55.44"
"21,97 : 47.1"
"21,98 : 71.28"
"21,99 : 40.31"
"22,0 : 73.41"
"22,1 : 90.27"
"22,2 : 92.59"
"22,3 : 99.01"
"22,4 : 43.68"
"22,5 : 96.26"
"22,6 : 69.07"
"22,7 : 25.0"
"22,8 : 68.15"
"22,9 : 84.22"
"22,10 : 46.96"
"22,11 : 4.12"
"22,12 : 76.49"
"22,13 : 3.61"
"22,14 : 24.76"
"22,15 : 22.8"
"22,16 : 75.06"
"22,17 : 71.81"
"22,18 : 78.82"
"22,19 : 81.84"
"22,20 : 85.84"
"22,21 : 49.37"
"22,22 : 0.0"
"22,23 : 21.63"
"22,24 : 115.36"
"22,25 : 70.58"
"22,26 : 91.2"
"22,27 : 66.48"
"22,28 : 26.02"
"22,29 : 38.95"
"22,30 : 52.01"
"22,31 : 77.28"
"22,32 : 66.73"
"22,33 : 72.11"
"22,34 : 67.72"
"22,35 : 55.73"
"22,36 : 67.42"
"22,37 : 76.06"
"22,38 : 15.0"
"22,39 : 50.25"
"22,40 : 46.27"
"22,41 : 101.98"
"22,42 : 36.36"
"22,43 : 85.15"
"22,44 : 57.01"
"22,45 : 71.42"
"22,46 : 56.04"
"22,47 : 36.5"
"22,48 : 8.25"
"22,49 : 41.48"
"22,50 : 47.68"
"22,51 : 74.79"
"22,52 : 43.32"
"22,53 : 52.01"
"22,54 : 62.39"
"22,55 : 61.29"
"22,56 : 93.64"
"22,57 : 81.41"
"22,58 : 22.2"
"22,59 : 68.18"
"22,60 : 17.2"
"22,61 : 60.01"
"22,62 : 49.24"
"22,63 : 62.39"
"22,64 : 39.22"
"22,65 : 41.68"
"22,66 : 81.39"
"22,67 : 33.38"
"22,68 : 5.1"
"22,69 : 53.6"
"22,70 : 87.37"
"22,71 : 32.56"
"22,72 : 67.42"
"22,73 : 73.44"
"22,74 : 85.76"
"22,75 : 92.57"
"22,76 : 84.31"
"22,77 : 26.93"
"22,78 : 65.38"
"22,79 : 102.73"
"22,80 : 76.42"
"22,81 : 44.78"
"22,82 : 106.78"
"22,83 : 76.53"
"22,84 : 63.06"
"22,85 : 71.0"
"22,86 : 41.87"
"22,87 : 67.12"
"22,88 : 45.28"
"22,89 : 104.69"
"22,90 : 44.72"
"22,91 : 54.2"
"22,92 : 79.88"
"22,93 : 24.35"
"22,94 : 77.16"
"22,95 : 84.65"
"22,96 : 74.41"
"22,97 : 9.22"
"22,98 : 103.59"
"22,99 : 81.04"
"23,0 : 53.34"
"23,1 : 78.77"
"23,2 : 74.33"
"23,3 : 77.83"
"23,4 : 42.43"
"23,5 : 76.54"
"23,6 : 51.79"
"23,7 : 38.12"
"23,8 : 64.35"
"23,9 : 63.41"
"23,10 : 30.15"
"23,11 : 25.55"
"23,12 : 63.07"
"23,13 : 21.93"
"23,14 : 35.51"
"23,15 : 18.44"
"23,16 : 64.76"
"23,17 : 58.03"
"23,18 : 59.06"
"23,19 : 61.59"
"23,20 : 73.25"
"23,21 : 44.1"
"23,22 : 21.63"
"23,23 : 0.0"
"23,24 : 94.49"
"23,25 : 56.08"
"23,26 : 79.91"
"23,27 : 63.25"
"23,28 : 13.6"
"23,29 : 18.79"
"23,30 : 43.46"
"23,31 : 71.55"
"23,32 : 48.38"
"23,33 : 56.32"
"23,34 : 64.64"
"23,35 : 43.93"
"23,36 : 46.57"
"23,37 : 67.36"
"23,38 : 21.84"
"23,39 : 28.65"
"23,40 : 41.05"
"23,41 : 81.22"
"23,42 : 19.03"
"23,43 : 74.15"
"23,44 : 35.47"
"23,45 : 50.33"
"23,46 : 40.5"
"23,47 : 33.94"
"23,48 : 20.4"
"23,49 : 40.31"
"23,50 : 43.6"
"23,51 : 53.24"
"23,52 : 23.09"
"23,53 : 43.46"
"23,54 : 44.28"
"23,55 : 42.15"
"23,56 : 77.28"
"23,57 : 63.25"
"23,58 : 9.85"
"23,59 : 60.54"
"23,60 : 32.06"
"23,61 : 43.97"
"23,62 : 50.33"
"23,63 : 51.2"
"23,64 : 39.82"
"23,65 : 45.79"
"23,66 : 68.07"
"23,67 : 22.67"
"23,68 : 26.42"
"23,69 : 42.2"
"23,70 : 75.66"
"23,71 : 15.23"
"23,72 : 48.47"
"23,73 : 66.31"
"23,74 : 66.71"
"23,75 : 74.63"
"23,76 : 62.68"
"23,77 : 11.7"
"23,78 : 58.6"
"23,79 : 81.34"
"23,80 : 55.61"
"23,81 : 27.29"
"23,82 : 87.24"
"23,83 : 58.08"
"23,84 : 41.63"
"23,85 : 54.34"
"23,86 : 21.93"
"23,87 : 47.93"
"23,88 : 31.91"
"23,89 : 83.45"
"23,90 : 26.31"
"23,91 : 34.44"
"23,92 : 60.37"
"23,93 : 6.4"
"23,94 : 61.4"
"23,95 : 80.13"
"23,96 : 53.82"
"23,97 : 28.79"
"23,98 : 84.58"
"23,99 : 66.12"
"24,0 : 42.64"
"24,1 : 71.18"
"24,2 : 35.13"
"24,3 : 17.46"
"24,4 : 99.74"
"24,5 : 23.77"
"24,6 : 82.49"
"24,7 : 120.43"
"24,8 : 96.88"
"24,9 : 31.14"
"24,10 : 71.4"
"24,11 : 118.83"
"24,12 : 63.79"
"24,13 : 114.56"
"24,14 : 116.25"
"24,15 : 106.85"
"24,16 : 75.66"
"24,17 : 63.79"
"24,18 : 38.28"
"24,19 : 34.21"
"24,20 : 66.0"
"24,21 : 91.39"
"24,22 : 115.36"
"24,23 : 94.49"
"24,24 : 0.0"
"24,25 : 94.34"
"24,26 : 72.25"
"24,27 : 98.27"
"24,28 : 98.79"
"24,29 : 76.42"
"24,30 : 83.77"
"24,31 : 92.44"
"24,32 : 52.48"
"24,33 : 89.2"
"24,34 : 99.04"
"24,35 : 75.24"
"24,36 : 62.82"
"24,37 : 81.5"
"24,38 : 114.86"
"24,39 : 68.6"
"24,40 : 91.71"
"24,41 : 13.45"
"24,42 : 79.98"
"24,43 : 73.0"
"24,44 : 59.91"
"24,45 : 44.2"
"24,46 : 89.74"
"24,47 : 97.25"
"24,48 : 111.04"
"24,49 : 99.73"
"24,50 : 94.02"
"24,51 : 49.73"
"24,52 : 80.06"
"24,53 : 83.77"
"24,54 : 79.62"
"24,55 : 55.61"
"24,56 : 46.1"
"24,57 : 42.06"
"24,58 : 99.3"
"24,59 : 84.72"
"24,60 : 118.7"
"24,61 : 87.86"
"24,62 : 105.85"
"24,63 : 74.63"
"24,64 : 102.88"
"24,65 : 110.46"
"24,66 : 63.2"
"24,67 : 100.62"
"24,68 : 119.52"
"24,69 : 76.97"
"24,70 : 70.03"
"24,71 : 91.42"
"24,72 : 50.48"
"24,73 : 86.83"
"24,74 : 35.11"
"24,75 : 37.05"
"24,76 : 38.83"
"24,77 : 89.11"
"24,78 : 87.32"
"24,79 : 17.03"
"24,80 : 38.95"
"24,81 : 72.47"
"24,82 : 19.42"
"24,83 : 76.03"
"24,84 : 60.17"
"24,85 : 85.29"
"24,86 : 73.55"
"24,87 : 50.22"
"24,88 : 95.86"
"24,89 : 13.15"
"24,90 : 84.17"
"24,91 : 61.55"
"24,92 : 38.08"
"24,93 : 94.63"
"24,94 : 90.01"
"24,95 : 99.05"
"24,96 : 41.01"
"24,97 : 120.24"
"24,98 : 25.32"
"24,99 : 56.44"
"25,0 : 71.51"
"25,1 : 117.35"
"25,2 : 94.92"
"25,3 : 78.01"
"25,4 : 96.57"
"25,5 : 89.27"
"25,6 : 12.04"
"25,7 : 93.15"
"25,8 : 114.87"
"25,9 : 72.18"
"25,10 : 70.72"
"25,11 : 74.43"
"25,12 : 100.4"
"25,13 : 72.99"
"25,14 : 91.09"
"25,15 : 48.09"
"25,16 : 107.45"
"25,17 : 95.69"
"25,18 : 76.84"
"25,19 : 75.43"
"25,20 : 110.45"
"25,21 : 95.6"
"25,22 : 70.58"
"25,23 : 56.08"
"25,24 : 94.34"
"25,25 : 0.0"
"25,26 : 118.73"
"25,27 : 114.34"
"25,28 : 45.12"
"25,29 : 58.14"
"25,30 : 92.1"
"25,31 : 119.5"
"25,32 : 76.54"
"25,33 : 5.39"
"25,34 : 115.75"
"25,35 : 88.41"
"25,36 : 33.73"
"25,37 : 112.04"
"25,38 : 58.0"
"25,39 : 44.2"
"25,40 : 93.01"
"25,41 : 85.02"
"25,42 : 64.82"
"25,43 : 114.28"
"25,44 : 50.61"
"25,45 : 61.98"
"25,46 : 15.65"
"25,47 : 88.32"
"25,48 : 73.98"
"25,49 : 94.67"
"25,50 : 96.02"
"25,51 : 46.27"
"25,52 : 37.01"
"25,53 : 92.1"
"25,54 : 17.89"
"25,55 : 69.97"
"25,56 : 104.18"
"25,57 : 87.09"
"25,58 : 49.48"
"25,59 : 107.49"
"25,60 : 86.12"
"25,61 : 12.81"
"25,62 : 104.96"
