x,y
23,71
9,73
49,27
48,16
73,42
39,24
66,58
100,82
27,92
73,93
89,25
54,75
62,95
11,38
87,12
32,82
72,21
94,63
95,62
51,57
91,92
34,24
56,12
32,78
70,97
67,19
83,84
98,65
63,92
70,28
97,18
10,34
43,29
87,63
69,12
51,34
60,36
90,30
65,40
87,88
69,24
13,88
1,8
45,56
11,44
63,60
40,26
38,8
35,89
39,12
5,0
27,4
40,8
63,77
34,32
91,88
2,87
42,85
66,67
36,94
84,90
75,76
66,20
30,46
54,42
78,55
69,65
7,67
72,14
2,15
77,95
95,9
4,73
59,51
33,8
59,95
98,55
89,55
98,31
9,11
91,41
86,6
93,44
2,41
11,46
40,8
20,32
81,24
41,22
12,30
27,78
67,71
53,50
39,82
45,8
34,65
24,39
77,45
27,52
8,48

Distanze
"0,0 : 0.0"
"0,1 : 14.14"
"0,2 : 51.11"
"0,3 : 60.42"
"0,4 : 57.8"
"0,5 : 49.65"
"0,6 : 44.92"
"0,7 : 77.78"
"0,8 : 21.38"
"0,9 : 54.63"
"0,10 : 80.45"
"0,11 : 31.26"
"0,12 : 45.79"
"0,13 : 35.11"
"0,14 : 87.05"
"0,15 : 14.21"
"0,16 : 70.01"
"0,17 : 71.45"
"0,18 : 72.56"
"0,19 : 31.3"
"0,20 : 71.17"
"0,21 : 48.27"
"0,22 : 67.6"
"0,23 : 11.4"
"0,24 : 53.71"
"0,25 : 68.12"
"0,26 : 61.39"
"0,27 : 75.24"
"0,28 : 45.18"
"0,29 : 63.7"
"0,30 : 91.02"
"0,31 : 39.22"
"0,32 : 46.52"
"0,33 : 64.5"
"0,34 : 74.81"
"0,35 : 46.4"
"0,36 : 50.93"
"0,37 : 78.55"
"0,38 : 52.2"
"0,39 : 66.22"
"0,40 : 65.76"
"0,41 : 19.72"
"0,42 : 66.73"
"0,43 : 26.63"
"0,44 : 29.55"
"0,45 : 41.48"
"0,46 : 48.1"
"0,47 : 64.76"
"0,48 : 21.63"
"0,49 : 61.13"
"0,50 : 73.25"
"0,51 : 67.12"
"0,52 : 65.25"
"0,53 : 40.45"
"0,54 : 40.52"
"0,55 : 70.09"
"0,56 : 26.4"
"0,57 : 23.6"
"0,58 : 43.19"
"0,59 : 26.42"
"0,60 : 63.89"
"0,61 : 52.24"
"0,62 : 66.71"
"0,63 : 25.96"
"0,64 : 42.45"
"0,65 : 57.28"
"0,66 : 46.39"
"0,67 : 16.49"
"0,68 : 75.17"
"0,69 : 59.81"
"0,70 : 59.09"
"0,71 : 95.02"
"0,72 : 19.1"
"0,73 : 41.18"
"0,74 : 63.79"
"0,75 : 43.27"
"0,76 : 76.69"
"0,77 : 67.91"
"0,78 : 85.0"
"0,79 : 61.61"
"0,80 : 74.32"
"0,81 : 90.52"
"0,82 : 75.03"
"0,83 : 36.62"
"0,84 : 27.73"
"0,85 : 65.25"
"0,86 : 39.12"
"0,87 : 74.65"
"0,88 : 52.2"
"0,89 : 42.45"
"0,90 : 8.06"
"0,91 : 44.0"
"0,92 : 36.62"
"0,93 : 19.42"
"0,94 : 66.73"
"0,95 : 12.53"
"0,96 : 32.02"
"0,97 : 59.93"
"0,98 : 19.42"
"0,99 : 27.46"
"1,0 : 14.14"
"1,1 : 0.0"
"1,2 : 60.96"
"1,3 : 69.07"
"1,4 : 71.11"
"1,5 : 57.45"
"1,6 : 58.94"
"1,7 : 91.44"
"1,8 : 26.17"
"1,9 : 67.05"
"1,10 : 93.3"
"1,11 : 45.04"
"1,12 : 57.38"
"1,13 : 35.06"
"1,14 : 99.02"
"1,15 : 24.7"
"1,16 : 81.69"
"1,17 : 85.59"
"1,18 : 86.7"
"1,19 : 44.94"
"1,20 : 84.17"
"1,21 : 55.01"
"1,22 : 77.01"
"1,23 : 23.54"
"1,24 : 65.55"
"1,25 : 79.25"
"1,26 : 74.81"
"1,27 : 89.36"
"1,28 : 57.25"
"1,29 : 75.8"
"1,30 : 103.77"
"1,31 : 39.01"
"1,32 : 55.61"
"1,33 : 78.64"
"1,34 : 85.56"
"1,35 : 57.31"
"1,36 : 63.01"
"1,37 : 91.71"
"1,38 : 65.0"
"1,39 : 79.43"
"1,40 : 77.47"
"1,41 : 15.52"
"1,42 : 65.49"
"1,43 : 39.81"
"1,44 : 29.07"
"1,45 : 55.54"
"1,46 : 56.3"
"1,47 : 71.18"
"1,48 : 30.53"
"1,49 : 67.98"
"1,50 : 73.11"
"1,51 : 71.31"
"1,52 : 72.01"
"1,53 : 54.15"
"1,54 : 48.02"
"1,55 : 83.36"
"1,56 : 15.65"
"1,57 : 35.11"
"1,58 : 57.31"
"1,59 : 34.21"
"1,60 : 76.9"
"1,61 : 66.07"
"1,62 : 77.83"
"1,63 : 34.21"
"1,64 : 54.64"
"1,65 : 71.31"
"1,66 : 60.53"
"1,67 : 6.32"
"1,68 : 86.31"
"1,69 : 58.42"
"1,70 : 71.47"
"1,71 : 107.2"
"1,72 : 5.0"
"1,73 : 54.63"
"1,74 : 69.29"
"1,75 : 54.63"
"1,76 : 90.8"
"1,77 : 82.0"
"1,78 : 98.41"
"1,79 : 62.0"
"1,80 : 88.02"
"1,81 : 102.07"
"1,82 : 88.87"
"1,83 : 32.76"
"1,84 : 27.07"
"1,85 : 72.01"
"1,86 : 42.45"
"1,87 : 87.09"
"1,88 : 60.21"
"1,89 : 43.1"
"1,90 : 18.68"
"1,91 : 58.03"
"1,92 : 49.65"
"1,93 : 31.32"
"1,94 : 74.3"
"1,95 : 26.25"
"1,96 : 37.16"
"1,97 : 73.54"
"1,98 : 27.66"
"1,99 : 25.02"
"2,0 : 51.11"
"2,1 : 60.96"
"2,2 : 0.0"
"2,3 : 11.05"
"2,4 : 28.3"
"2,5 : 10.44"
"2,6 : 35.36"
"2,7 : 75.01"
"2,8 : 68.62"
"2,9 : 70.23"
"2,10 : 40.05"
"2,11 : 48.26"
"2,12 : 69.23"
"2,13 : 39.56"
"2,14 : 40.85"
"2,15 : 57.57"
"2,16 : 23.77"
"2,17 : 57.63"
"2,18 : 57.8"
"2,19 : 30.07"
"2,20 : 77.39"
"2,21 : 15.3"
"2,22 : 16.55"
"2,23 : 53.76"
"2,24 : 73.08"
"2,25 : 19.7"
"2,26 : 66.37"
"2,27 : 62.01"
"2,28 : 66.49"
"2,29 : 21.02"
"2,30 : 48.84"
"2,31 : 39.62"
"2,32 : 6.32"
"2,33 : 52.35"
"2,34 : 25.0"
"2,35 : 7.28"
"2,36 : 14.21"
"2,37 : 41.11"
"2,38 : 20.62"
"2,39 : 71.87"
"2,40 : 20.22"
"2,41 : 70.83"
"2,42 : 51.62"
"2,43 : 29.27"
"2,44 : 41.63"
"2,45 : 35.85"
"2,46 : 9.06"
"2,47 : 21.95"
"2,48 : 63.56"
"2,49 : 18.03"
"2,50 : 51.62"
"2,51 : 31.83"
"2,52 : 21.02"
"2,53 : 51.92"
"2,54 : 15.81"
"2,55 : 74.06"
"2,56 : 76.22"
"2,57 : 58.42"
"2,58 : 43.46"
"2,59 : 68.25"
"2,60 : 72.07"
"2,61 : 55.47"
"2,62 : 18.38"
"2,63 : 26.87"
"2,64 : 15.81"
"2,65 : 40.31"
"2,66 : 42.94"
"2,67 : 58.0"
"2,68 : 26.42"
"2,69 : 48.51"
"2,70 : 73.54"
"2,71 : 49.4"
"2,72 : 64.35"
"2,73 : 26.0"
"2,74 : 24.84"
"2,75 : 68.73"
"2,76 : 56.44"
"2,77 : 48.83"
"2,78 : 49.16"
"2,79 : 43.08"
"2,80 : 44.27"
"2,81 : 42.54"
"2,82 : 47.17"
"2,83 : 49.04"
"2,84 : 42.49"
"2,85 : 21.02"
"2,86 : 29.43"
"2,87 : 32.14"
"2,88 : 9.43"
"2,89 : 37.12"
"2,90 : 55.54"
"2,91 : 47.54"
"2,92 : 23.35"
"2,93 : 55.9"
"2,94 : 19.42"
"2,95 : 40.85"
"2,96 : 27.73"
"2,97 : 33.29"
"2,98 : 33.3"
"2,99 : 46.07"
"3,0 : 60.42"
"3,1 : 69.07"
"3,2 : 11.05"
"3,3 : 0.0"
"3,4 : 36.07"
"3,5 : 12.04"
"3,6 : 45.69"
"3,7 : 84.02"
"3,8 : 78.85"
"3,9 : 80.96"
"3,10 : 41.98"
"3,11 : 59.3"
"3,12 : 80.23"
"3,13 : 43.05"
"3,14 : 39.2"
"3,15 : 67.91"
"3,16 : 24.52"
"3,17 : 65.76"
"3,18 : 65.76"
"3,19 : 41.11"
"3,20 : 87.32"
"3,21 : 16.12"
"3,22 : 8.94"
"3,23 : 64.03"
"3,24 : 83.93"
"3,25 : 19.24"
"3,26 : 76.48"
"3,27 : 70.01"
"3,28 : 77.47"
"3,29 : 25.06"
"3,30 : 49.04"
"3,31 : 42.05"
"3,32 : 13.93"
"3,33 : 61.07"
"3,34 : 21.38"
"3,35 : 18.25"
"3,36 : 23.32"
"3,37 : 44.27"
"3,38 : 29.41"
"3,39 : 81.88"
"3,40 : 22.47"
"3,41 : 80.06"
"3,42 : 47.68"
"3,43 : 40.11"
"3,44 : 46.4"
"3,45 : 46.49"
"3,46 : 12.81"
"3,47 : 12.81"
"3,48 : 74.15"
"3,49 : 9.85"
"3,50 : 45.88"
"3,51 : 24.19"
"3,52 : 11.31"
"3,53 : 62.82"
"3,54 : 21.26"
"3,55 : 83.86"
"3,56 : 84.6"
"3,57 : 69.26"
"3,58 : 54.08"
"3,59 : 78.92"
"3,60 : 82.29"
"3,61 : 65.8"
"3,62 : 18.44"
"3,63 : 34.99"
"3,64 : 26.68"
"3,65 : 49.2"
"3,66 : 53.31"
"3,67 : 65.44"
"3,68 : 24.08"
"3,69 : 46.01"
"3,70 : 84.15"
"3,71 : 47.52"
"3,72 : 72.01"
"3,73 : 36.69"
"3,74 : 17.0"
"3,75 : 79.76"
"3,76 : 63.41"
"3,77 : 56.59"
"3,78 : 52.2"
"3,79 : 39.32"
"3,80 : 49.74"
"3,81 : 39.29"
"3,82 : 53.0"
"3,83 : 52.35"
"3,84 : 47.63"
"3,85 : 11.31"
"3,86 : 32.25"
"3,87 : 33.96"
"3,88 : 9.22"
"3,89 : 38.63"
"3,90 : 65.46"
"3,91 : 58.19"
"3,92 : 34.37"
"3,93 : 66.61"
"3,94 : 8.54"
"3,95 : 50.96"
"3,96 : 33.24"
"3,97 : 41.01"
"3,98 : 41.68"
"3,99 : 51.22"
"4,0 : 57.8"
"4,1 : 71.11"
"4,2 : 28.3"
"4,3 : 36.07"
"4,4 : 0.0"
"4,5 : 38.47"
"4,6 : 17.46"
"4,7 : 48.26"
"4,8 : 67.94"
"4,9 : 51.0"
"4,10 : 23.35"
"4,11 : 38.08"
"4,12 : 54.13"
"4,13 : 62.13"
"4,14 : 33.11"
"4,15 : 57.28"
"4,16 : 21.02"
"4,17 : 29.7"
"4,18 : 29.73"
"4,19 : 26.63"
"4,20 : 53.14"
"4,21 : 42.95"
"4,22 : 34.48"
"4,23 : 54.56"
"4,24 : 55.08"
"4,25 : 23.77"
"4,26 : 43.17"
"4,27 : 33.97"
"4,28 : 50.99"
"4,29 : 14.32"
"4,30 : 33.94"
"4,31 : 63.51"
"4,32 : 32.7"
"4,33 : 25.24"
"4,34 : 30.27"
"4,35 : 23.41"
"4,36 : 14.32"
"4,37 : 20.81"
"4,38 : 8.25"
"4,39 : 48.08"
"4,40 : 18.44"
"4,41 : 75.6"
"4,42 : 79.62"
"4,43 : 31.3"
"4,44 : 62.03"
"4,45 : 20.59"
"4,46 : 36.67"
"4,47 : 48.8"
"4,48 : 60.44"
"4,49 : 45.34"
"4,50 : 79.92"
"4,51 : 59.67"
"4,52 : 47.38"
"4,53 : 36.4"
"4,54 : 40.26"
"4,55 : 49.4"
"4,56 : 84.06"
"4,57 : 53.01"
"4,58 : 25.96"
"4,59 : 63.82"
"4,60 : 49.24"
"4,61 : 34.06"
"4,62 : 23.09"
"4,63 : 43.19"
"4,64 : 19.0"
"4,65 : 13.93"
"4,66 : 23.35"
"4,67 : 70.58"
"4,68 : 28.02"
"4,69 : 75.96"
"4,70 : 53.15"
"4,71 : 39.66"
"4,72 : 75.64"
"4,73 : 16.64"
"4,74 : 52.5"
"4,75 : 54.82"
"4,76 : 28.18"
"4,77 : 20.62"
"4,78 : 27.31"
"4,79 : 71.11"
"4,80 : 18.03"
"4,81 : 38.28"
"4,82 : 20.1"
"4,83 : 71.01"
"4,84 : 62.13"
"4,85 : 47.38"
"4,86 : 53.94"
"4,87 : 19.7"
"4,88 : 37.74"
"4,89 : 62.17"
"4,90 : 58.41"
"4,91 : 29.61"
"4,92 : 21.54"
"4,93 : 52.5"
"4,94 : 44.05"
"4,95 : 45.28"
"4,96 : 49.09"
"4,97 : 5.0"
"4,98 : 47.07"
"4,99 : 65.28"
"5,0 : 49.65"
"5,1 : 57.45"
"5,2 : 10.44"
"5,3 : 12.04"
"5,4 : 38.47"
"5,5 : 0.0"
"5,6 : 43.42"
"5,7 : 84.17"
"5,8 : 69.05"
"5,9 : 76.92"
"5,10 : 50.01"
"5,11 : 53.16"
"5,12 : 74.63"
"5,13 : 31.3"
"5,14 : 49.48"
"5,15 : 58.42"
"5,16 : 33.14"
"5,17 : 67.42"
"5,18 : 67.68"
"5,19 : 35.11"
"5,20 : 85.6"
"5,21 : 5.0"
"5,22 : 20.81"
"5,23 : 54.45"
"5,24 : 79.31"
"5,25 : 28.44"
"5,26 : 74.4"
"5,27 : 71.85"
"5,28 : 72.11"
"5,29 : 31.26"
"5,30 : 58.31"
"5,31 : 30.68"
"5,32 : 6.4"
"5,33 : 61.85"
"5,34 : 32.31"
"5,35 : 15.62"
"5,36 : 24.19"
"5,37 : 51.35"
"5,38 : 30.53"
"5,39 : 80.0"
"5,40 : 30.0"
"5,41 : 69.08"
"5,42 : 41.23"
"5,43 : 32.56"
"5,44 : 34.41"
"5,45 : 43.27"
"5,46 : 2.24"
"5,47 : 16.03"
"5,48 : 65.12"
"5,49 : 12.0"
"5,50 : 41.62"
"5,51 : 23.32"
"5,52 : 16.03"
"5,53 : 58.18"
"5,54 : 9.43"
"5,55 : 82.46"
"5,56 : 73.06"
"5,57 : 61.07"
"5,58 : 50.77"
"5,59 : 70.06"
"5,60 : 79.88"
"5,61 : 63.25"
"5,62 : 27.29"
"5,63 : 23.77"
"5,64 : 23.43"
"5,65 : 49.82"
"5,66 : 50.8"
"5,67 : 53.6"
"5,68 : 34.48"
"5,69 : 38.08"
"5,70 : 80.53"
"5,71 : 57.97"
"5,72 : 60.22"
"5,73 : 33.6"
"5,74 : 17.09"
"5,75 : 73.76"
"5,76 : 66.65"
"5,77 : 58.83"
"5,78 : 59.41"
"5,79 : 32.7"
"5,80 : 54.71"
"5,81 : 50.33"
"5,82 : 57.58"
"5,83 : 40.72"
"5,84 : 35.61"
"5,85 : 16.03"
"5,86 : 20.62"
"5,87 : 42.0"
"5,88 : 2.83"
"5,89 : 27.66"
"5,90 : 55.32"
"5,91 : 54.71"
"5,92 : 29.53"
"5,93 : 58.0"
"5,94 : 17.09"
"5,95 : 41.3"
"5,96 : 21.21"
"5,97 : 43.42"
"5,98 : 30.46"
"5,99 : 39.2"
"6,0 : 44.92"
"6,1 : 58.94"
"6,2 : 35.36"
"6,3 : 45.69"
"6,4 : 17.46"
"6,5 : 43.42"
"6,6 : 0.0"
"6,7 : 41.62"
"6,8 : 51.74"
"6,9 : 35.69"
"6,10 : 40.22"
"6,11 : 20.81"
"6,12 : 37.22"
"6,13 : 58.52"
"6,14 : 50.57"
"6,15 : 41.62"
"6,16 : 37.48"
"6,17 : 28.44"
"6,18 : 29.27"
"6,19 : 15.03"
"6,20 : 42.2"
"6,21 : 46.69"
"6,22 : 47.07"
"6,23 : 39.45"
"6,24 : 39.2"
"6,25 : 39.01"
"6,26 : 31.06"
"6,27 : 32.76"
"6,28 : 34.13"
"6,29 : 30.27"
"6,30 : 50.61"
"6,31 : 60.93"
"6,32 : 37.01"
"6,33 : 21.59"
"6,34 : 46.1"
"6,35 : 28.3"
"6,36 : 22.8"
"6,37 : 36.88"
"6,38 : 18.03"
"6,39 : 36.62"
"6,40 : 34.13"
"6,41 : 60.9"
"6,42 : 82.01"
"6,43 : 21.1"
"6,44 : 56.75"
"6,45 : 3.61"
"6,46 : 41.23"
"6,47 : 57.31"
"6,48 : 43.84"
"6,49 : 53.34"
"6,50 : 84.17"
"6,51 : 66.61"
"6,52 : 56.36"
"6,53 : 19.24"
"6,54 : 41.23"
"6,55 : 39.05"
"6,56 : 70.26"
"6,57 : 36.12"
"6,58 : 9.0"
"6,59 : 46.86"
"6,60 : 36.72"
"6,61 : 20.12"
"6,62 : 38.0"
"6,63 : 37.95"
"6,64 : 20.0"
"6,65 : 12.37"
"6,66 : 7.62"
"6,67 : 59.68"
"6,68 : 44.41"
"6,69 : 77.1"
"6,70 : 38.6"
"6,71 : 56.94"
"6,72 : 63.79"
"6,73 : 9.9"
"6,74 : 59.91"
"6,75 : 37.66"
"6,76 : 32.14"
"6,77 : 23.19"
"6,78 : 41.87"
"6,79 : 73.88"
"6,80 : 30.23"
"6,81 : 55.71"
"6,82 : 30.41"
"6,83 : 66.22"
"6,84 : 56.29"
"6,85 : 56.36"
"6,86 : 52.84"
"6,87 : 37.16"
"6,88 : 43.83"
"6,89 : 60.83"
"6,90 : 43.83"
"6,91 : 13.04"
"6,92 : 15.26"
"6,93 : 36.12"
"6,94 : 54.23"
"6,95 : 32.76"
"6,96 : 46.1"
"6,97 : 17.03"
"6,98 : 39.46"
"6,99 : 58.86"
"7,0 : 77.78"
"7,1 : 91.44"
"7,2 : 75.01"
"7,3 : 84.02"
"7,4 : 48.26"
"7,5 : 84.17"
"7,6 : 41.62"
"7,7 : 0.0"
"7,8 : 73.68"
"7,9 : 29.15"
"7,10 : 58.05"
"7,11 : 46.53"
"7,12 : 40.16"
"7,13 : 99.28"
"7,14 : 71.2"
"7,15 : 68.0"
"7,16 : 67.12"
"7,17 : 19.92"
"7,18 : 20.62"
"7,19 : 55.01"
"7,20 : 13.45"
"7,21 : 87.86"
"7,22 : 82.68"
"7,23 : 68.12"
"7,24 : 33.54"
"7,25 : 71.12"
"7,26 : 17.12"
"7,27 : 17.12"
"7,28 : 38.33"
"7,29 : 61.77"
"7,30 : 64.07"
"7,31 : 102.0"
"7,32 : 77.83"
"7,33 : 23.02"
"7,34 : 76.56"
"7,35 : 68.59"
"7,36 : 60.96"
"7,37 : 52.95"
"7,38 : 54.67"
"7,39 : 14.32"
"7,40 : 65.76"
"7,41 : 87.21"
"7,42 : 123.6"
"7,43 : 60.84"
"7,44 : 96.77"
"7,45 : 43.05"
"7,46 : 82.07"
"7,47 : 96.54"
"7,48 : 65.38"
"7,49 : 92.85"
"7,50 : 125.5"
"7,51 : 106.83"
"7,52 : 95.27"
"7,53 : 37.34"
"7,54 : 82.8"
"7,55 : 10.82"
"7,56 : 98.13"
"7,57 : 58.08"
"7,58 : 37.16"
"7,59 : 65.12"
"7,60 : 17.89"
"7,61 : 25.71"
"7,62 : 70.71"
"7,63 : 78.71"
"7,64 : 60.96"
"7,65 : 34.83"
"7,66 : 35.36"
"7,67 : 94.2"
"7,68 : 73.54"
"7,69 : 118.71"
"7,70 : 26.42"
"7,71 : 73.17"
"7,72 : 96.42"
"7,73 : 51.4"
"7,74 : 99.82"
"7,75 : 43.01"
"7,76 : 27.07"
"7,77 : 29.15"
"7,78 : 51.04"
"7,79 : 115.42"
"7,80 : 41.98"
"7,81 : 77.28"
"7,82 : 38.64"
"7,83 : 106.23"
"7,84 : 96.01"
"7,85 : 95.27"
"7,86 : 94.34"
"7,87 : 61.03"
"7,88 : 84.15"
"7,89 : 102.22"
"7,90 : 73.11"
"7,91 : 34.79"
"7,92 : 56.86"
"7,93 : 61.0"
"7,94 : 92.2"
"7,95 : 68.15"
"7,96 : 87.32"
"7,97 : 43.57"
"7,98 : 78.92"
"7,99 : 98.08"
"8,0 : 21.38"
"8,1 : 26.17"
"8,2 : 68.62"
"8,3 : 78.85"
"8,4 : 67.94"
"8,5 : 69.05"
"8,6 : 51.74"
"8,7 : 73.68"
"8,8 : 0.0"
"8,9 : 46.01"
"8,10 : 91.29"
"8,11 : 31.91"
"8,12 : 35.13"
"8,13 : 56.32"
"8,14 : 100.0"
"8,15 : 11.18"
"8,16 : 84.06"
"8,17 : 73.01"
"8,18 : 74.32"
"8,19 : 42.44"
"8,20 : 64.0"
"8,21 : 68.36"
"8,22 : 85.09"
"8,23 : 14.87"
"8,24 : 43.29"
"8,25 : 83.24"
"8,26 : 56.57"
"8,27 : 75.96"
"8,28 : 36.0"
"8,29 : 77.1"
"8,30 : 101.86"
"8,31 : 60.44"
"8,32 : 65.0"
"8,33 : 66.64"
"8,34 : 90.35"
"8,35 : 62.77"
"8,36 : 65.0"
"8,37 : 88.39"
"8,38 : 64.4"
"8,39 : 60.13"
"8,40 : 79.92"
"8,41 : 14.56"
"8,42 : 87.93"
"8,43 : 40.25"
"8,44 : 50.6"
"8,45 : 48.17"
"8,46 : 67.27"
"8,47 : 84.72"
"8,48 : 8.54"
"8,49 : 80.89"
"8,50 : 94.59"
"8,51 : 88.0"
"8,52 : 85.0"
"8,53 : 39.0"
"8,54 : 60.41"
"8,55 : 64.12"
"8,56 : 25.5"
"8,57 : 16.55"
"8,58 : 46.32"
"8,59 : 9.22"
"8,60 : 57.04"
"8,61 : 50.6"
"8,62 : 81.88"
"8,63 : 46.1"
"8,64 : 56.82"
"8,65 : 63.01"
"8,66 : 49.93"
"8,67 : 32.02"
"8,68 : 90.05"
"8,69 : 80.96"
"8,70 : 50.09"
"8,71 : 107.3"
"8,72 : 29.83"
"8,73 : 52.01"
"8,74 : 84.21"
"8,75 : 32.14"
"8,76 : 80.06"
"8,77 : 72.2"
"8,78 : 93.61"
"8,79 : 82.98"
"8,80 : 81.84"
"8,81 : 104.29"
"8,82 : 81.61"
"8,83 : 56.8"
"8,84 : 48.7"
"8,85 : 85.0"
"8,86 : 60.41"
"8,87 : 86.83"
"8,88 : 71.39"
"8,89 : 63.79"
"8,90 : 14.0"
"8,91 : 45.18"
"8,92 : 49.4"
"8,93 : 15.62"
"8,94 : 85.91"
"8,95 : 27.89"
"8,96 : 53.08"
"8,97 : 68.62"
"8,98 : 40.0"
"8,99 : 47.93"
"9,0 : 54.63"
"9,1 : 67.05"
"9,2 : 70.23"
"9,3 : 80.96"
"9,4 : 51.0"
"9,5 : 76.92"
"9,6 : 35.69"
"9,7 : 29.15"
"9,8 : 46.01"
"9,9 : 0.0"
"9,10 : 69.86"
"9,11 : 26.17"
"9,12 : 11.18"
"9,13 : 82.88"
"9,14 : 82.2"
"9,15 : 42.45"
"9,16 : 72.01"
"9,17 : 36.62"
"9,18 : 38.01"
"9,19 : 42.19"
"9,20 : 18.03"
"9,21 : 79.26"
"9,22 : 82.76"
"9,23 : 43.66"
"9,24 : 5.0"
"9,25 : 74.24"
"9,26 : 13.45"
"9,27 : 37.54"
"9,28 : 10.05"
"9,29 : 65.07"
"9,30 : 78.75"
"9,31 : 86.31"
"9,32 : 70.68"
"9,33 : 33.11"
"9,34 : 81.1"
"9,35 : 62.97"
"9,36 : 58.46"
"9,37 : 65.25"
"9,38 : 53.6"
"9,39 : 14.87"
"9,40 : 69.12"
"9,41 : 60.21"
"9,42 : 111.4"
"9,43 : 46.4"
"9,44 : 79.03"
"9,45 : 34.48"
"9,46 : 74.69"
"9,47 : 91.92"
"9,48 : 38.21"
"9,49 : 87.85"
"9,50 : 115.21"
"9,51 : 100.18"
"9,52 : 91.18"
"9,53 : 18.87"
"9,54 : 72.4"
"9,55 : 18.68"
"9,56 : 71.25"
"9,57 : 32.02"
"9,58 : 26.93"
"9,59 : 37.01"
"9,60 : 11.4"
"9,61 : 17.12"
"9,62 : 73.33"
"9,63 : 63.7"
"9,64 : 54.42"
"9,65 : 38.33"
"9,66 : 28.28"
"9,67 : 70.94"
"9,68 : 79.01"
"9,69 : 105.48"
"9,70 : 4.47"
"9,71 : 86.83"
"9,72 : 71.84"
"9,73 : 44.27"
"9,74 : 93.94"
"9,75 : 14.14"
"9,76 : 45.49"
"9,77 : 41.23"
"9,78 : 66.85"
"9,79 : 104.02"
"9,80 : 55.03"
"9,81 : 87.97"
"9,82 : 52.92"
"9,83 : 88.01"
"9,84 : 77.8"
"9,85 : 91.18"
"9,86 : 80.81"
"9,87 : 69.46"
"9,88 : 77.88"
"9,89 : 87.69"
"9,90 : 48.38"
"9,91 : 22.8"
"9,92 : 47.42"
"9,93 : 35.74"
"9,94 : 89.49"
"9,95 : 48.01"
"9,96 : 72.92"
"9,97 : 48.17"
"9,98 : 61.62"
"9,99 : 79.06"
"10,0 : 80.45"
"10,1 : 93.3"
"10,2 : 40.05"
"10,3 : 41.98"
"10,4 : 23.35"
"10,5 : 50.01"
"10,6 : 40.22"
"10,7 : 58.05"
"10,8 : 91.29"
"10,9 : 69.86"
"10,10 : 0.0"
"10,11 : 61.03"
"10,12 : 75.03"
"10,13 : 79.08"
"10,14 : 13.15"
"10,15 : 80.61"
"10,16 : 17.46"
"10,17 : 38.33"
"10,18 : 37.48"
"10,19 : 49.68"
"10,20 : 67.03"
"10,21 : 55.01"
"10,22 : 35.47"
"10,23 : 77.83"
"10,24 : 74.46"
"10,25 : 22.8"
"10,26 : 59.3"
"10,27 : 41.0"
"10,28 : 71.87"
"10,29 : 19.24"
"10,30 : 10.63"
"10,31 : 79.51"
"10,32 : 46.17"
"10,33 : 38.05"
"10,34 : 23.85"
"10,35 : 39.05"
"10,36 : 31.02"
"10,37 : 5.1"
"10,38 : 28.3"
"10,39 : 63.03"
"10,40 : 20.02"
"10,41 : 98.72"
"10,42 : 89.63"
"10,43 : 53.82"
"10,44 : 80.28"
"10,45 : 43.6"
"10,46 : 49.01"
"10,47 : 53.76"
"10,48 : 83.74"
"10,49 : 51.66"
"10,50 : 87.64"
"10,51 : 65.46"
"10,52 : 51.87"
"10,53 : 58.14"
"10,54 : 55.44"
"10,55 : 63.03"
"10,56 : 106.83"
"10,57 : 76.22"
"10,58 : 47.89"
"10,59 : 87.01"
"10,60 : 65.19"
"10,61 : 52.89"
"10,62 : 23.54"
"10,63 : 62.63"
"10,64 : 38.91"
"10,65 : 31.95"
"10,66 : 44.72"
"10,67 : 92.13"
"10,68 : 20.25"
"10,69 : 87.57"
"10,70 : 71.02"
"10,71 : 17.09"
"10,72 : 97.62"
"10,73 : 39.7"
"10,74 : 58.52"
"10,75 : 76.16"
"10,76 : 31.32"
"10,77 : 30.0"
"10,78 : 10.82"
"10,79 : 81.22"
"10,80 : 16.12"
"10,81 : 19.24"
"10,82 : 19.42"
"10,83 : 88.46"
"10,84 : 80.78"
"10,85 : 51.87"
"10,86 : 69.35"
"10,87 : 8.06"
"10,88 : 48.09"
"10,89 : 77.16"
"10,90 : 81.57"
"10,91 : 50.99"
"10,92 : 43.83"
"10,93 : 75.82"
"10,94 : 47.17"
"10,95 : 68.01"
"10,96 : 66.49"
"10,97 : 23.32"
"10,98 : 67.62"
"10,99 : 84.2"
"11,0 : 31.26"
"11,1 : 45.04"
"11,2 : 48.26"
"11,3 : 59.3"
"11,4 : 38.08"
"11,5 : 53.16"
"11,6 : 20.81"
"11,7 : 46.53"
"11,8 : 31.91"
"11,9 : 26.17"
"11,10 : 61.03"
"11,11 : 0.0"
"11,12 : 21.54"
"11,13 : 56.73"
"11,14 : 71.12"
"11,15 : 23.09"
"11,16 : 56.92"
"11,17 : 41.76"
"11,18 : 43.01"
"11,19 : 18.25"
"11,20 : 40.72"
"11,21 : 54.78"
"11,22 : 63.03"
"11,23 : 22.2"
"11,24 : 27.2"
"11,25 : 57.49"
"11,26 : 30.36"
"11,27 : 45.12"
"11,28 : 19.24"
"11,29 : 49.65"
"11,30 : 71.4"
"11,31 : 60.14"
"11,32 : 47.3"
"11,33 : 35.11"
"11,34 : 64.76"
"11,35 : 41.11"
"11,36 : 39.46"
"11,37 : 57.63"
"11,38 : 36.69"
"11,39 : 35.47"
"11,40 : 53.16"
"11,41 : 43.01"
"11,42 : 85.43"
"11,43 : 21.02"
"11,44 : 53.01"
"11,45 : 17.49"
"11,46 : 50.96"
"11,47 : 68.88"
"11,48 : 23.6"
"11,49 : 64.76"
"11,50 : 89.59"
"11,51 : 75.96"
"11,52 : 68.45"
"11,53 : 9.22"
"11,54 : 47.42"
"11,55 : 39.22"
"11,56 : 53.37"
"11,57 : 15.62"
"11,58 : 14.42"
"11,59 : 26.17"
"11,60 : 33.54"
"11,61 : 21.02"
"11,62 : 56.29"
"11,63 : 37.64"
"11,64 : 33.0"
"11,65 : 31.24"
"11,66 : 18.03"
"11,67 : 47.68"
"11,68 : 63.6"
"11,69 : 79.4"
"11,70 : 30.48"
"11,71 : 77.7"
"11,72 : 50.04"
"11,73 : 24.52"
"11,74 : 70.21"
"11,75 : 20.62"
"11,76 : 48.33"
"11,77 : 40.31"
"11,78 : 62.23"
"11,79 : 78.24"
"11,80 : 50.25"
"11,81 : 76.06"
"11,82 : 49.82"
"11,83 : 62.13"
"11,84 : 51.87"
"11,85 : 68.45"
"11,86 : 54.82"
"11,87 : 57.71"
"11,88 : 54.57"
"11,89 : 61.55"
"11,90 : 27.17"
"11,91 : 13.6"
"11,92 : 25.02"
"11,93 : 16.55"
"11,94 : 67.6"
"11,95 : 22.36"
"11,96 : 46.86"
"11,97 : 37.8"
"11,98 : 35.47"
"11,99 : 53.34"
"12,0 : 45.79"
"12,1 : 57.38"
"12,2 : 69.23"
"12,3 : 80.23"
"12,4 : 54.13"
"12,5 : 74.63"
"12,6 : 37.22"
"12,7 : 40.16"
"12,8 : 35.13"
"12,9 : 11.18"
"12,10 : 75.03"
"12,11 : 21.54"
"12,12 : 0.0"
"12,13 : 76.49"
"12,14 : 86.68"
"12,15 : 32.7"
"12,16 : 74.67"
"12,17 : 45.25"
"12,18 : 46.67"
"12,19 : 39.56"
"12,20 : 29.15"
"12,21 : 76.32"
"12,22 : 83.22"
"12,23 : 34.48"
"12,24 : 8.25"
"12,25 : 76.16"
"12,26 : 23.71"
"12,27 : 46.86"
"12,28 : 3.16"
"12,29 : 67.48"
"12,30 : 84.58"
"12,31 : 80.16"
"12,32 : 68.68"
"12,33 : 40.61"
"12,34 : 83.29"
"12,35 : 61.98"
"12,36 : 59.03"
"12,37 : 70.77"
"12,38 : 55.08"
"12,39 : 25.96"
"12,40 : 71.34"
"12,41 : 49.5"
"12,42 : 106.25"
"12,43 : 42.54"
"12,44 : 72.12"
"12,45 : 35.01"
"12,46 : 72.42"
"12,47 : 90.25"
"12,48 : 27.66"
"12,49 : 86.13"
"12,50 : 110.79"
"12,51 : 97.5"
"12,52 : 89.74"
"12,53 : 18.03"
"12,54 : 68.94"
"12,55 : 29.83"
"12,56 : 60.53"
"12,57 : 22.36"
"12,58 : 28.28"
"12,59 : 26.02"
"12,60 : 22.56"
"12,61 : 23.02"
"12,62 : 75.11"
"12,63 : 58.52"
"12,64 : 53.6"
"12,65 : 43.08"
"12,66 : 30.81"
"12,67 : 61.72"
"12,68 : 81.61"
"12,69 : 100.0"
"12,70 : 15.0"
"12,71 : 92.11"
"12,72 : 62.03"
"12,73 : 44.1"
"12,74 : 91.71"
"12,75 : 3.0"
"12,76 : 53.81"
"12,77 : 48.26"
"12,78 : 73.43"
"12,79 : 99.32"
"12,80 : 61.29"
"12,81 : 92.18"
"12,82 : 59.68"
"12,83 : 80.72"
"12,84 : 70.72"
"12,85 : 89.74"
"12,86 : 75.72"
"12,87 : 73.5"
"12,88 : 75.96"
"12,89 : 82.01"
"12,90 : 38.91"
"12,91 : 24.52"
"12,92 : 45.89"
"12,93 : 26.42"
"12,94 : 88.65"
"12,95 : 41.04"
"12,96 : 67.68"
"12,97 : 52.2"
"12,98 : 55.44"
"12,99 : 71.59"
"13,0 : 35.11"
"13,1 : 35.06"
"13,2 : 39.56"
"13,3 : 43.05"
"13,4 : 62.13"
"13,5 : 31.3"
"13,6 : 58.52"
"13,7 : 99.28"
"13,8 : 56.32"
"13,9 : 82.88"
"13,10 : 79.08"
"13,11 : 56.73"
"13,12 : 76.49"
"13,13 : 0.0"
"13,14 : 80.32"
"13,15 : 48.75"
"13,16 : 63.32"
"13,17 : 86.68"
"13,18 : 87.36"
"13,19 : 44.28"
"13,20 : 96.52"
"13,21 : 26.93"
"13,22 : 51.97"
"13,23 : 45.18"
"13,24 : 83.44"
"13,25 : 59.14"
"13,26 : 85.44"
"13,27 : 91.09"
"13,28 : 74.97"
"13,29 : 59.84"
"13,30 : 88.29"
"13,31 : 4.12"
"13,32 : 33.24"
"13,33 : 80.01"
"13,34 : 63.56"
"13,35 : 40.2"
"13,36 : 49.04"
"13,37 : 79.4"
"13,38 : 54.04"
"13,39 : 90.97"
"13,40 : 59.67"
"13,41 : 50.04"
"13,42 : 31.62"
"13,43 : 38.47"
"13,44 : 6.0"
"13,45 : 56.46"
"13,46 : 31.38"
"13,47 : 40.36"
"13,48 : 56.36"
"13,49 : 38.21"
"13,50 : 38.47"
"13,51 : 37.58"
"13,52 : 41.73"
"13,53 : 65.0"
"13,54 : 23.77"
"13,55 : 94.34"
"13,56 : 49.82"
"13,57 : 56.3"
"13,58 : 62.18"
"13,59 : 61.33"
"13,60 : 89.63"
"13,61 : 74.43"
"13,62 : 57.87"
"13,63 : 20.62"
"13,64 : 43.19"
"13,65 : 69.12"
"13,66 : 63.98"
"13,67 : 29.27"
"13,68 : 65.55"
"13,69 : 24.7"
"13,70 : 87.21"
"13,71 : 88.87"
"13,72 : 35.69"
"13,73 : 49.73"
"13,74 : 37.2"
"13,75 : 74.52"
"13,76 : 88.65"
"13,77 : 79.83"
"13,78 : 87.28"
"13,79 : 27.07"
"13,80 : 80.06"
"13,81 : 81.54"
"13,82 : 82.22"
"13,83 : 9.49"
"13,84 : 8.0"
"13,85 : 41.73"
"13,86 : 10.82"
"13,87 : 71.39"
"13,88 : 34.0"
"13,89 : 8.06"
"13,90 : 43.08"
"13,91 : 65.0"
"13,92 : 43.68"
"13,93 : 52.15"
"13,94 : 45.34"
"13,95 : 35.47"
"13,96 : 13.04"
"13,97 : 66.37"
"13,98 : 21.26"
"13,99 : 10.44"
"14,0 : 87.05"
"14,1 : 99.02"
"14,2 : 40.85"
"14,3 : 39.2"
"14,4 : 33.11"
"14,5 : 49.48"
"14,6 : 50.57"
"14,7 : 71.2"
"14,8 : 100.0"
"14,9 : 82.2"
"14,10 : 13.15"
"14,11 : 71.12"
"14,12 : 86.68"
"14,13 : 80.32"
"14,14 : 0.0"
"14,15 : 89.02"
"14,16 : 17.49"
"14,17 : 51.48"
"14,18 : 50.64"
"14,19 : 57.63"
"14,20 : 80.1"
"14,21 : 54.34"
"14,22 : 31.0"
"14,23 : 85.91"
"14,24 : 86.68"
"14,25 : 21.19"
"14,26 : 72.11"
"14,27 : 54.13"
"14,28 : 83.52"
"14,29 : 23.35"
"14,30 : 11.66"
"14,31 : 80.08"
"14,32 : 47.17"
"14,33 : 51.0"
"14,34 : 18.0"
"14,35 : 42.19"
"14,36 : 36.12"
"14,37 : 18.25"
"14,38 : 35.61"
"14,39 : 76.0"
"14,40 : 21.63"
"14,41 : 106.08"
"14,42 : 86.09"
"14,43 : 60.83"
"14,44 : 82.46"
"14,45 : 53.67"
"14,46 : 49.04"
"14,47 : 49.16"
"14,48 : 92.91"
"14,49 : 48.0"
"14,50 : 82.87"
"14,51 : 60.53"
"14,52 : 47.17"
"14,53 : 69.29"
"14,54 : 56.65"
"14,55 : 76.11"
"14,56 : 113.36"
"14,57 : 85.76"
"14,58 : 58.87"
"14,59 : 96.57"
"14,60 : 78.06"
"14,61 : 65.12"
"14,62 : 22.47"
"14,63 : 66.37"
"14,64 : 44.6"
"14,65 : 43.93"
"14,66 : 55.97"
"14,67 : 97.08"
"14,68 : 15.13"
"14,69 : 85.05"
"14,70 : 83.6"
"14,71 : 8.54"
"14,72 : 103.0"
"14,73 : 48.01"
"14,74 : 54.15"
"14,75 : 87.6"
"14,76 : 44.38"
"14,77 : 43.05"
"14,78 : 21.95"
"14,79 : 78.01"
"14,80 : 29.27"
"14,81 : 6.08"
"14,82 : 32.56"
"14,83 : 89.81"
"14,84 : 83.26"
"14,85 : 47.17"
"14,86 : 69.92"
"14,87 : 13.42"
"14,88 : 47.07"
"14,89 : 77.13"
"14,90 : 89.2"
"14,91 : 62.3"
"14,92 : 50.99"
"14,93 : 84.88"
"14,94 : 42.19"
"14,95 : 74.95"
"14,96 : 68.54"
"14,97 : 34.48"
"14,98 : 72.11"
"14,99 : 86.82"
"15,0 : 14.21"
"15,1 : 24.7"
"15,2 : 57.57"
"15,3 : 67.91"
"15,4 : 57.28"
"15,5 : 58.42"
"15,6 : 41.62"
"15,7 : 68.0"
"15,8 : 11.18"
"15,9 : 42.45"
"15,10 : 80.61"
"15,11 : 23.09"
"15,12 : 32.7"
"15,13 : 48.75"
"15,14 : 89.02"
"15,15 : 0.0"
"15,16 : 72.95"
"15,17 : 64.85"
"15,18 : 66.1"
"15,19 : 31.4"
"15,20 : 59.84"
"15,21 : 58.03"
"15,22 : 74.0"
"15,23 : 4.0"
"15,24 : 40.85"
"15,25 : 72.07"
"15,26 : 51.04"
"15,27 : 68.15"
"15,28 : 32.57"
"15,29 : 66.03"
"15,30 : 91.22"
"15,31 : 52.8"
"15,32 : 54.13"
"15,33 : 58.19"
"15,34 : 79.18"
"15,35 : 51.62"
"15,36 : 53.85"
"15,37 : 77.9"
"15,38 : 53.41"
"15,39 : 55.33"
"15,40 : 68.8"
"15,41 : 19.92"
"15,42 : 80.23"
"15,43 : 29.07"
"15,44 : 43.42"
"15,45 : 38.01"
"15,46 : 56.57"
"15,47 : 74.24"
"15,48 : 7.62"
"15,49 : 70.35"
"15,50 : 86.33"
"15,51 : 78.16"
"15,52 : 74.43"
"15,53 : 31.4"
"15,54 : 50.04"
"15,55 : 59.3"
"15,56 : 30.41"
"15,57 : 10.44"
"15,58 : 37.16"
"15,59 : 12.65"
"15,60 : 52.61"
"15,61 : 43.42"
"15,62 : 70.71"
"15,63 : 36.06"
"15,64 : 45.65"
"15,65 : 53.34"
"15,66 : 40.72"
"15,67 : 29.15"
"15,68 : 78.89"
"15,69 : 73.41"
"15,70 : 46.84"
"15,71 : 96.43"
"15,72 : 29.41"
"15,73 : 41.11"
"15,74 : 74.01"
"15,75 : 29.97"
"15,76 : 71.31"
"15,77 : 63.07"
"15,78 : 83.41"
"15,79 : 74.63"
"15,80 : 71.85"
"15,81 : 93.23"
"15,82 : 71.87"
"15,83 : 50.8"
"15,84 : 41.68"
"15,85 : 74.43"
"15,86 : 51.42"
"15,87 : 75.93"
"15,88 : 60.67"
"15,89 : 55.71"
"15,90 : 6.4"
"15,91 : 36.69"
"15,92 : 38.28"
"15,93 : 7.0"
"15,94 : 75.13"
"15,95 : 17.12"
"15,96 : 43.74"
"15,97 : 58.26"
"15,98 : 30.41"
"15,99 : 41.62"
"16,0 : 70.01"
"16,1 : 81.69"
"16,2 : 23.77"
"16,3 : 24.52"
"16,4 : 21.02"
"16,5 : 33.14"
"16,6 : 37.48"
"16,7 : 67.12"
"16,8 : 84.06"
"16,9 : 72.01"
"16,10 : 17.46"
"16,11 : 56.92"
"16,12 : 74.67"
"16,13 : 63.32"
"16,14 : 17.49"
"16,15 : 72.95"
"16,16 : 0.0"
"16,17 : 47.41"
"16,18 : 47.01"
"16,19 : 41.68"
"16,20 : 73.5"
"16,21 : 38.12"
"16,22 : 18.36"
"16,23 : 69.63"
"16,24 : 76.03"
"16,25 : 5.39"
"16,26 : 63.95"
"16,27 : 51.11"
"16,28 : 71.57"
"16,29 : 7.28"
"16,30 : 25.18"
"16,31 : 63.35"
"16,32 : 30.08"
"16,33 : 44.6"
"16,34 : 9.49"
"16,35 : 24.7"
"16,36 : 19.21"
"16,37 : 20.12"
"16,38 : 20.25"
"16,39 : 68.66"
"16,40 : 4.24"
"16,41 : 89.27"
"16,42 : 72.18"
"16,43 : 44.2"
"16,44 : 65.19"
"16,45 : 40.02"
"16,46 : 32.39"
"16,47 : 36.4"
"16,48 : 77.41"
"16,49 : 34.21"
"16,50 : 70.21"
"16,51 : 48.1"
"16,52 : 34.54"
"16,53 : 56.72"
"16,54 : 39.56"
"16,55 : 69.64"
"16,56 : 96.21"
"16,57 : 70.68"
"16,58 : 46.39"
"16,59 : 81.39"
"16,60 : 70.04"
"16,61 : 55.08"
"16,62 : 6.08"
"16,63 : 48.88"
"16,64 : 27.66"
"16,65 : 34.53"
"16,66 : 44.1"
"16,67 : 79.63"
"16,68 : 7.0"
"16,69 : 70.26"
"16,70 : 74.17"
"16,71 : 25.94"
"16,72 : 85.6"
"16,73 : 32.7"
"16,74 : 41.11"
"16,75 : 75.13"
"16,76 : 42.8"
"16,77 : 38.01"
"16,78 : 27.86"
"16,79 : 63.79"
"16,80 : 27.59"
"16,81 : 20.52"
"16,82 : 31.14"
"16,83 : 72.8"
"16,84 : 65.92"
"16,85 : 34.54"
"16,86 : 53.15"
"16,87 : 9.49"
"16,88 : 31.02"
"16,89 : 60.67"
"16,90 : 72.62"
"16,91 : 50.25"
"16,92 : 34.67"
"16,93 : 69.35"
"16,94 : 29.97"
"16,95 : 58.14"
"16,96 : 51.26"
"16,97 : 24.52"
"16,98 : 54.64"
"16,99 : 69.46"
"17,0 : 71.45"
"17,1 : 85.59"
"17,2 : 57.63"
"17,3 : 65.76"
"17,4 : 29.7"
"17,5 : 67.42"
"17,6 : 28.44"
"17,7 : 19.92"
"17,8 : 73.01"
"17,9 : 36.62"
"17,10 : 38.33"
"17,11 : 41.76"
"17,12 : 45.25"
"17,13 : 86.68"
"17,14 : 51.48"
"17,15 : 64.85"
"17,16 : 47.41"
"17,17 : 0.0"
"17,18 : 1.41"
"17,19 : 43.42"
"17,20 : 29.15"
"17,21 : 71.56"
"17,22 : 63.6"
"17,23 : 63.79"
"17,24 : 41.62"
"17,25 : 51.62"
"17,26 : 23.71"
"17,27 : 4.47"
"17,28 : 42.45"
"17,29 : 42.44"
"17,30 : 45.1"
"17,31 : 88.87"
"17,32 : 61.29"
"17,33 : 7.0"
"17,34 : 56.8"
"17,35 : 51.87"
"17,36 : 43.42"
"17,37 : 33.24"
"17,38 : 37.01"
"17,39 : 25.96"
"17,40 : 46.32"
"17,41 : 84.77"
"17,42 : 108.05"
"17,43 : 49.5"
"17,44 : 85.15"
"17,45 : 31.14"
"17,46 : 65.46"
"17,47 : 78.49"
"17,48 : 64.47"
"17,49 : 75.01"
"17,50 : 109.04"
"17,51 : 89.27"
"17,52 : 77.08"
"17,53 : 34.01"
"17,54 : 67.54"
"17,55 : 25.18"
"17,56 : 95.08"
"17,57 : 56.46"
"17,58 : 28.28"
"17,59 : 65.76"
"17,60 : 28.79"
"17,61 : 23.02"
"17,62 : 51.31"
"17,63 : 66.22"
"17,64 : 45.18"
"17,65 : 17.89"
"17,66 : 25.08"
"17,67 : 87.09"
"17,68 : 53.71"
"17,69 : 103.77"
"17,70 : 36.24"
"17,71 : 54.01"
"17,72 : 90.55"
"17,73 : 37.0"
"17,74 : 82.13"
"17,75 : 47.42"
"17,76 : 8.94"
"17,77 : 9.43"
"17,78 : 32.25"
"17,79 : 99.64"
"17,80 : 22.2"
"17,81 : 57.56"
"17,82 : 19.03"
"17,83 : 94.59"
"17,84 : 84.72"
"17,85 : 77.08"
"17,86 : 80.23"
"17,87 : 41.11"
"17,88 : 67.01"
"17,89 : 88.39"
"17,90 : 68.66"
"17,91 : 28.16"
"17,92 : 43.01"
"17,93 : 58.19"
"17,94 : 73.66"
"17,95 : 60.03"
"17,96 : 74.0"
"17,97 : 24.76"
"17,98 : 67.9"
"17,99 : 87.3"
"18,0 : 72.56"
"18,1 : 86.7"
"18,2 : 57.8"
"18,3 : 65.76"
"18,4 : 29.73"
"18,5 : 67.68"
"18,6 : 29.27"
"18,7 : 20.62"
"18,8 : 74.32"
"18,9 : 38.01"
"18,10 : 37.48"
"18,11 : 43.01"
"18,12 : 46.67"
"18,13 : 87.36"
"18,14 : 50.64"
"18,15 : 66.1"
"18,16 : 47.01"
"18,17 : 1.41"
"18,18 : 0.0"
"18,19 : 44.28"
"18,20 : 30.27"
"18,21 : 71.87"
"18,22 : 63.41"
"18,23 : 65.0"
"18,24 : 43.01"
"18,25 : 51.31"
"18,26 : 25.06"
"18,27 : 4.24"
"18,28 : 43.86"
"18,29 : 42.2"
"18,30 : 44.05"
"18,31 : 89.49"
"18,32 : 61.59"
"18,33 : 8.06"
"18,34 : 56.36"
"18,35 : 52.15"
"18,36 : 43.6"
"18,37 : 32.39"
"18,38 : 37.2"
"18,39 : 27.2"
"18,40 : 46.04"
"18,41 : 86.02"
"18,42 : 108.41"
"18,43 : 50.36"
"18,44 : 85.91"
"18,45 : 32.06"
"18,46 : 65.73"
"18,47 : 78.52"
"18,48 : 65.8"
"18,49 : 75.07"
"18,50 : 109.29"
"18,51 : 89.38"
"18,52 : 77.08"
"18,53 : 35.34"
"18,54 : 67.98"
"18,55 : 26.31"
"18,56 : 96.3"
"18,57 : 57.78"
"18,58 : 29.43"
"18,59 : 67.12"
"18,60 : 30.08"
"18,61 : 24.41"
"18,62 : 51.04"
"18,63 : 66.94"
"18,64 : 45.62"
"18,65 : 18.38"
"18,66 : 26.17"
"18,67 : 88.14"
"18,68 : 53.23"
"18,69 : 104.2"
"18,70 : 37.59"
"18,71 : 53.0"
"18,72 : 91.66"
"18,73 : 37.64"
"18,74 : 82.22"
"18,75 : 48.84"
"18,76 : 7.62"
"18,77 : 9.22"
"18,78 : 31.14"
"18,79 : 99.98"
"18,80 : 21.38"
"18,81 : 56.72"
"18,82 : 18.11"
"18,83 : 95.34"
"18,84 : 85.51"
"18,85 : 77.08"
"18,86 : 80.78"
"18,87 : 40.5"
"18,88 : 67.2"
"18,89 : 88.96"
"18,90 : 69.86"
"18,91 : 29.41"
"18,92 : 43.68"
"18,93 : 59.46"
"18,94 : 73.59"
"18,95 : 61.07"
"18,96 : 74.63"
"18,97 : 24.76"
"18,98 : 68.73"
"18,99 : 88.12"
"19,0 : 31.3"
"19,1 : 44.94"
"19,2 : 30.07"
"19,3 : 41.11"
"19,4 : 26.63"
"19,5 : 35.11"
"19,6 : 15.03"
"19,7 : 55.01"
"19,8 : 42.44"
"19,9 : 42.19"
"19,10 : 49.68"
"19,11 : 18.25"
"19,12 : 39.56"
"19,13 : 44.28"
"19,14 : 57.63"
"19,15 : 31.4"
"19,16 : 41.68"
"19,17 : 43.42"
"19,18 : 44.28"
"19,19 : 0.0"
"19,20 : 53.15"
"19,21 : 37.12"
"19,22 : 45.28"
"19,23 : 28.32"
"19,24 : 44.28"
"19,25 : 41.23"
"19,26 : 41.87"
"19,27 : 47.68"
"19,28 : 37.0"
"19,29 : 34.67"
"19,30 : 60.31"
"19,31 : 47.01"
"19,32 : 29.12"
"19,33 : 36.5"
"19,34 : 48.47"
"19,35 : 23.0"
"19,36 : 22.85"
"19,37 : 47.43"
"19,38 : 22.02"
"19,39 : 47.51"
"19,40 : 37.59"
"19,41 : 49.04"
"19,42 : 70.01"
"19,43 : 6.08"
"19,44 : 42.06"
"19,45 : 12.37"
"19,46 : 32.89"
"19,47 : 50.7"
"19,48 : 35.78"
"19,49 : 46.57"
"19,50 : 73.25"
"19,51 : 58.18"
"19,52 : 50.22"
"19,53 : 23.32"
"19,54 : 30.23"
"19,55 : 50.61"
"19,56 : 57.45"
"19,57 : 29.41"
"19,58 : 18.03"
"19,59 : 39.92"
"19,60 : 46.67"
"19,61 : 30.61"
"19,62 : 39.92"
"19,63 : 23.71"
"19,64 : 15.3"
"19,65 : 27.07"
"19,66 : 19.7"
"19,67 : 45.12"
"19,68 : 47.85"
"19,69 : 64.54"
"19,70 : 46.04"
"19,71 : 65.12"
"19,72 : 49.65"
"19,73 : 10.0"
"19,74 : 52.2"
"19,75 : 38.83"
"19,76 : 47.04"
"19,77 : 38.05"
"19,78 : 53.71"
"19,79 : 62.29"
"19,80 : 43.08"
"19,81 : 61.85"
"19,82 : 43.97"
"19,83 : 51.55"
"19,84 : 41.48"
"19,85 : 50.22"
"19,86 : 39.82"
"19,87 : 44.6"
"19,88 : 36.4"
"19,89 : 47.43"
"19,90 : 31.89"
"19,91 : 21.26"
"19,92 : 7.28"
"19,93 : 27.73"
"19,94 : 49.37"
"19,95 : 18.79"
"19,96 : 32.45"
"19,97 : 28.64"
"19,98 : 24.52"
"19,99 : 43.93"
"20,0 : 71.17"
"20,1 : 84.17"
"20,2 : 77.39"
"20,3 : 87.32"
"20,4 : 53.14"
"20,5 : 85.6"
"20,6 : 42.2"
"20,7 : 13.45"
"20,8 : 64.0"
"20,9 : 18.03"
"20,10 : 67.03"
"20,11 : 40.72"
"20,12 : 29.15"
"20,13 : 96.52"
"20,14 : 80.1"
"20,15 : 59.84"
"20,16 : 73.5"
"20,17 : 29.15"
"20,18 : 30.27"
"20,19 : 53.15"
"20,20 : 0.0"
"20,21 : 88.73"
"20,22 : 87.32"
"20,23 : 60.64"
"20,24 : 21.59"
"20,25 : 76.84"
"20,26 : 11.31"
"20,27 : 27.89"
"20,28 : 28.0"
"20,29 : 67.36"
"20,30 : 74.24"
"20,31 : 99.62"
"20,32 : 79.2"
"20,33 : 29.27"
"20,34 : 82.97"
"20,35 : 70.46"
"20,36 : 64.01"
"20,37 : 62.01"
"20,38 : 58.14"
"20,39 : 5.66"
"20,40 : 71.47"
"20,41 : 78.1"
"20,42 : 123.11"
"20,43 : 58.41"
"20,44 : 93.3"
"20,45 : 42.52"
"20,46 : 83.41"
"20,47 : 99.32"
"20,48 : 56.08"
"20,49 : 95.41"
"20,50 : 125.94"
"20,51 : 108.81"
"20,52 : 98.27"
"20,53 : 31.76"
"20,54 : 82.76"
"20,55 : 4.0"
"20,56 : 89.14"
"20,57 : 49.5"
"20,58 : 35.36"
"20,59 : 55.04"
"20,60 : 7.28"
"20,61 : 22.63"
"20,62 : 76.22"
"20,63 : 76.4"
"20,64 : 62.2"
"20,65 : 39.22"
"20,66 : 34.83"
"20,67 : 87.64"
"20,68 : 80.28"
"20,69 : 117.69"
"20,70 : 14.32"
"20,71 : 83.1"
"20,72 : 89.05"
"20,73 : 52.01"
"20,74 : 102.08"
"20,75 : 32.14"
"20,76 : 37.66"
"20,77 : 37.05"
"20,78 : 61.4"
"20,79 : 115.26"
"20,80 : 51.0"
"20,81 : 86.15"
"20,82 : 48.04"
"20,83 : 102.58"
"20,84 : 92.28"
"20,85 : 98.27"
"20,86 : 92.96"
"20,87 : 68.73"
"20,88 : 86.02"
"20,89 : 100.42"
"20,90 : 65.51"
"20,91 : 31.89"
"20,92 : 56.64"
"20,93 : 52.95"
"20,94 : 95.77"
"20,95 : 63.07"
"20,96 : 85.43"
"20,97 : 49.04"
"20,98 : 75.47"
"20,99 : 93.94"
"21,0 : 48.27"
"21,1 : 55.01"
"21,2 : 15.3"
"21,3 : 16.12"
"21,4 : 42.95"
"21,5 : 5.0"
"21,6 : 46.69"
"21,7 : 87.86"
"21,8 : 68.36"
"21,9 : 79.26"
"21,10 : 55.01"
"21,11 : 54.78"
"21,12 : 76.32"
"21,13 : 26.93"
"21,14 : 54.34"
"21,15 : 58.03"
"21,16 : 38.12"
"21,17 : 71.56"
"21,18 : 71.87"
"21,19 : 37.12"
"21,20 : 88.73"
"21,21 : 0.0"
"21,22 : 25.06"
"21,23 : 54.04"
"21,24 : 81.39"
"21,25 : 33.38"
"21,26 : 77.47"
"21,27 : 76.01"
"21,28 : 73.93"
"21,29 : 36.22"
"21,30 : 63.29"
"21,31 : 26.0"
"21,32 : 10.3"
"21,33 : 65.8"
"21,34 : 37.0"
"21,35 : 19.72"
"21,36 : 28.64"
"21,37 : 56.32"
"21,38 : 34.89"
"21,39 : 83.1"
"21,40 : 35.0"
"21,41 : 67.36"
"21,42 : 36.67"
"21,43 : 33.84"
"21,44 : 30.48"
"21,45 : 46.23"
"21,46 : 6.32"
"21,47 : 16.49"
"21,48 : 65.01"
"21,49 : 13.0"
"21,50 : 37.64"
"21,51 : 21.19"
"21,52 : 17.09"
"21,53 : 60.42"
"21,54 : 8.0"
"21,55 : 85.7"
"21,56 : 70.66"
"21,57 : 61.52"
"21,58 : 53.6"
"21,59 : 70.03"
"21,60 : 82.8"
"21,61 : 66.22"
"21,62 : 32.25"
"21,63 : 22.36"
"21,64 : 26.91"
"21,65 : 53.82"
"21,66 : 53.91"
"21,67 : 50.77"
"21,68 : 39.29"
"21,69 : 33.24"
"21,70 : 83.01"
"21,71 : 62.82"
"21,72 : 57.45"
"21,73 : 36.8"
"21,74 : 16.03"
"21,75 : 75.27"
"21,76 : 71.11"
"21,77 : 63.13"
"21,78 : 64.38"
"21,79 : 28.18"
"21,80 : 59.48"
"21,81 : 55.03"
"21,82 : 62.3"
"21,83 : 36.24"
"21,84 : 31.83"
"21,85 : 17.09"
"21,86 : 16.12"
"21,87 : 47.0"
"21,88 : 7.28"
"21,89 : 22.8"
"21,90 : 54.45"
"21,91 : 57.43"
"21,92 : 32.2"
"21,93 : 58.22"
"21,94 : 19.42"
"21,95 : 41.0"
"21,96 : 18.03"
"21,97 : 47.85"
"21,98 : 28.86"
"21,99 : 35.38"
"22,0 : 67.6"
"22,1 : 77.01"
"22,2 : 16.55"
"22,3 : 8.94"
"22,4 : 34.48"
"22,5 : 20.81"
"22,6 : 47.07"
"22,7 : 82.68"
"22,8 : 85.09"
"22,9 : 82.76"
"22,10 : 35.47"
"22,11 : 63.03"
"22,12 : 83.22"
"22,13 : 51.97"
"22,14 : 31.0"
"22,15 : 74.0"
"22,16 : 18.36"
"22,17 : 63.6"
"22,18 : 63.41"
"22,19 : 45.28"
"22,20 : 87.32"
"22,21 : 25.06"
"22,22 : 0.0"
"22,23 : 70.23"
"22,24 : 86.15"
"22,25 : 13.04"
"22,26 : 76.9"
"22,27 : 67.62"
"22,28 : 80.31"
"22,29 : 21.26"
"22,30 : 41.44"
"22,31 : 50.99"
"22,32 : 21.4"
"22,33 : 59.68"
"22,34 : 13.0"
"22,35 : 22.56"
"22,36 : 24.33"
"22,37 : 38.47"
"22,38 : 29.41"
"22,39 : 82.08"
"22,40 : 17.69"
"22,41 : 87.32"
"22,42 : 55.15"
"22,43 : 45.35"
"22,44 : 55.22"
"22,45 : 48.51"
"22,46 : 21.26"
"22,47 : 18.44"
"22,48 : 79.81"
"22,49 : 17.0"
"22,50 : 52.39"
"22,51 : 30.08"
"22,52 : 16.49"
"22,53 : 65.38"
"22,54 : 29.73"
"22,55 : 83.67"
"22,56 : 92.42"
"22,57 : 74.33"
"22,58 : 55.9"
"22,59 : 84.4"
"22,60 : 82.87"
"22,61 : 66.76"
"22,62 : 12.81"
"22,63 : 42.8"
"22,64 : 30.07"
"22,65 : 48.3"
"22,66 : 54.57"
"22,67 : 73.66"
"22,68 : 16.12"
"22,69 : 54.08"
"22,70 : 85.62"
"22,71 : 39.12"
"22,72 : 80.16"
"22,73 : 39.12"
"22,74 : 23.35"
"22,75 : 83.05"
"22,76 : 60.11"
"22,77 : 54.2"
"22,78 : 46.1"
"22,79 : 47.01"
"22,80 : 45.45"
"22,81 : 30.59"
"22,82 : 48.92"
"22,83 : 61.29"
"22,84 : 56.4"
"22,85 : 16.49"
"22,86 : 41.18"
"22,87 : 27.73"
"22,88 : 18.03"
"22,89 : 47.54"
"22,90 : 72.09"
"22,91 : 60.02"
"22,92 : 38.12"
"22,93 : 72.03"
"22,94 : 11.7"
"22,95 : 57.38"
"22,96 : 41.87"
"22,97 : 39.12"
"22,98 : 49.41"
"22,99 : 60.0"
"23,0 : 11.4"
"23,1 : 23.54"
"23,2 : 53.76"
"23,3 : 64.03"
"23,4 : 54.56"
"23,5 : 54.45"
"23,6 : 39.45"
"23,7 : 68.12"
"23,8 : 14.87"
"23,9 : 43.66"
"23,10 : 77.83"
"23,11 : 22.2"
"23,12 : 34.48"
"23,13 : 45.18"
"23,14 : 85.91"
"23,15 : 4.0"
"23,16 : 69.63"
"23,17 : 63.79"
"23,18 : 65.0"
"23,19 : 28.32"
"23,20 : 60.64"
"23,21 : 54.04"
"23,22 : 70.23"
"23,23 : 0.0"
"23,24 : 42.49"
"23,25 : 68.6"
"23,26 : 51.35"
"23,27 : 67.27"
"23,28 : 34.01"
"23,29 : 62.8"
"23,30 : 88.46"
"23,31 : 49.19"
"23,32 : 50.22"
"23,33 : 57.01"
"23,34 : 75.66"
"23,35 : 47.93"
"23,36 : 50.48"
"23,37 : 75.29"
"23,38 : 50.33"
"23,39 : 55.9"
"23,40 : 65.46"
"23,41 : 21.47"
"23,42 : 76.56"
"23,43 : 25.55"
"23,44 : 39.96"
"23,45 : 35.85"
"23,46 : 52.61"
"23,47 : 70.26"
"23,48 : 11.4"
"23,49 : 66.37"
"23,50 : 82.54"
"23,51 : 74.17"
"23,52 : 70.46"
"23,53 : 31.02"
"23,54 : 46.04"
"23,55 : 59.84"
"23,56 : 31.32"
"23,57 : 12.21"
"23,58 : 35.74"
"23,59 : 16.49"
"23,60 : 53.37"
"23,61 : 43.05"
"23,62 : 67.23"
"23,63 : 32.06"
"23,64 : 42.19"
"23,65 : 51.43"
"23,66 : 39.22"
"23,67 : 27.31"
"23,68 : 75.47"
"23,69 : 69.78"
"23,70 : 48.1"
"23,71 : 93.43"
"23,72 : 28.44"
"23,73 : 38.18"
"23,74 : 70.01"
"23,75 : 31.91"
"23,76 : 69.89"
"23,77 : 61.47"
"23,78 : 81.02"
"23,79 : 70.84"
"23,80 : 69.64"
"23,81 : 90.0"
"23,82 : 69.84"
"23,83 : 47.63"
"23,84 : 38.28"
"23,85 : 70.46"
"23,86 : 47.54"
"23,87 : 72.92"
"23,88 : 56.72"
"23,89 : 52.0"
"23,90 : 5.0"
"23,91 : 35.69"
"23,92 : 35.0"
"23,93 : 8.06"
"23,94 : 71.2"
"23,95 : 13.15"
"23,96 : 39.81"
"23,97 : 55.8"
"23,98 : 26.48"
"23,99 : 38.42"
"24,0 : 53.71"
"24,1 : 65.55"
"24,2 : 73.08"
"24,3 : 83.93"
"24,4 : 55.08"
"24,5 : 79.31"
"24,6 : 39.2"
"24,7 : 33.54"
"24,8 : 43.29"
"24,9 : 5.0"
"24,10 : 74.46"
"24,11 : 27.2"
"24,12 : 8.25"
"24,13 : 83.44"
"24,14 : 86.68"
"24,15 : 40.85"
"24,16 : 76.03"
"24,17 : 41.62"
"24,18 : 43.01"
"24,19 : 44.28"
"24,20 : 21.59"
"24,21 : 81.39"
"24,22 : 86.15"
"24,23 : 42.49"
"24,24 : 0.0"
"24,25 : 78.06"
"24,26 : 18.38"
"24,27 : 42.52"
"24,28 : 8.6"
"24,29 : 69.0"
"24,30 : 83.49"
"24,31 : 87.0"
"24,32 : 73.16"
"24,33 : 38.01"
"24,34 : 85.01"
"24,35 : 65.8"
"24,36 : 61.81"
"24,37 : 69.92"
"24,38 : 57.22"
"24,39 : 19.24"
"24,40 : 73.01"
"24,41 : 57.71"
"24,42 : 112.61"
"24,43 : 48.02"
"24,44 : 79.31"
"24,45 : 37.66"
"24,46 : 77.08"
"24,47 : 94.58"
"24,48 : 35.9"
"24,49 : 90.48"
"24,50 : 116.76"
"24,51 : 102.46"
"24,52 : 93.92"
"24,53 : 21.19"
"24,54 : 74.3"
"24,55 : 22.85"
"24,56 : 68.73"
"24,57 : 30.46"
"24,58 : 30.27"
"24,59 : 34.13"
"24,60 : 15.65"
"24,61 : 21.59"
"24,62 : 77.1"
"24,63 : 64.82"
"24,64 : 57.28"
"24,65 : 42.76"
"24,66 : 32.02"
"24,67 : 69.78"
"24,68 : 83.02"
"24,69 : 106.53"
"24,70 : 7.28"
"24,71 : 91.48"
"24,72 : 70.23"
"24,73 : 47.3"
"24,74 : 96.38"
"24,75 : 11.18"
"24,76 : 50.48"
"24,77 : 46.1"
"24,78 : 71.69"
"24,79 : 105.44"
"24,80 : 59.81"
"24,81 : 92.4"
"24,82 : 57.78"
"24,83 : 88.09"
"24,84 : 77.99"
"24,85 : 93.92"
"24,86 : 82.01"
"24,87 : 73.82"
"24,88 : 80.41"
"24,89 : 88.62"
"24,90 : 47.01"
"24,91 : 26.17"
"24,92 : 49.98"
"24,93 : 34.44"
"24,94 : 92.44"
"24,95 : 48.17"
"24,96 : 74.03"
"24,97 : 52.47"
"24,98 : 62.24"
"24,99 : 79.03"
"25,0 : 68.12"
"25,1 : 79.25"
"25,2 : 19.7"
"25,3 : 19.24"
"25,4 : 23.77"
"25,5 : 28.44"
"25,6 : 39.01"
"25,7 : 71.12"
"25,8 : 83.24"
"25,9 : 74.24"
"25,10 : 22.8"
"25,11 : 57.49"
"25,12 : 76.16"
"25,13 : 59.14"
"25,14 : 21.19"
"25,15 : 72.07"
"25,16 : 5.39"
"25,17 : 51.62"
"25,18 : 51.31"
"25,19 : 41.23"
"25,20 : 76.84"
"25,21 : 33.38"
"25,22 : 13.04"
"25,23 : 68.6"
"25,24 : 78.06"
"25,25 : 0.0"
"25,26 : 66.94"
"25,27 : 55.47"
"25,28 : 73.11"
"25,29 : 9.49"
"25,30 : 30.02"
"25,31 : 58.94"
"25,32 : 26.0"
"25,33 : 48.33"
"25,34 : 7.28"
"25,35 : 21.93"
"25,36 : 18.38"
"25,37 : 25.5"
"25,38 : 21.1"
"25,39 : 71.84"
"25,40 : 5.39"
"25,41 : 87.62"
"25,42 : 66.91"
"25,43 : 43.05"
"25,44 : 61.33"
"25,45 : 41.19"
"25,46 : 27.89"
"25,47 : 31.02"
"25,48 : 76.97"
"25,49 : 28.86"
"25,50 : 64.85"
"25,51 : 42.72"
"25,52 : 29.15"
"25,53 : 58.14"
"25,54 : 35.47"
"25,55 : 73.05"
"25,56 : 94.07"
"25,57 : 70.58"
"25,58 : 48.01"
"25,59 : 81.15"
"25,60 : 73.01"
"25,61 : 57.56"
"25,62 : 1.41"
"25,63 : 45.8"
"25,64 : 26.42"
"25,65 : 37.64"
"25,66 : 46.04"
"25,67 : 76.84"
