x,y
91,13
36,96
43,57
64,83
63,82
65,35
55,82
28,98
60,16
93,80
1,54
77,10
75,51
10,21
21,37
81,96
35,54
92,1
71,100
40,34
49,11
49,7
98,45
97,24
34,54
81,74
37,79
29,99
27,19
86,6
43,6
87,90
3,13
47,95
43,88
28,58
54,62
13,57
98,6
33,20
45,80
79,78
41,23
72,46
81,9
97,85
71,78
97,29
57,60
20,67
81,30
31,31
83,60
68,90
10,27
11,14
66,70
58,4
32,96
49,62
66,18
81,23
55,71
15,65
49,38
25,26
82,54
1,45
56,42
3,47
88,49
46,34
55,21
71,7
93,88
27,63
94,89
70,56
91,32
60,98
5,86
35,37
43,43
56,17
67,78
77,87
75,87
100,4
31,64
66,76
37,60
86,44
31,12
9,60
22,42
22,81
34,100
55,68
62,64
44,70

Distanze
"0,0 : 0.0"
"0,1 : 71.57"
"0,2 : 42.54"
"0,3 : 81.04"
"0,4 : 74.52"
"0,5 : 33.84"
"0,6 : 21.1"
"0,7 : 37.12"
"0,8 : 71.84"
"0,9 : 46.1"
"0,10 : 23.02"
"0,11 : 61.01"
"0,12 : 27.29"
"0,13 : 67.96"
"0,14 : 37.48"
"0,15 : 40.45"
"0,16 : 83.02"
"0,17 : 91.18"
"0,18 : 24.74"
"0,19 : 41.18"
"0,20 : 70.21"
"0,21 : 72.01"
"0,22 : 18.11"
"0,23 : 47.27"
"0,24 : 74.33"
"0,25 : 28.79"
"0,26 : 56.3"
"0,27 : 69.35"
"0,28 : 74.81"
"0,29 : 70.26"
"0,30 : 13.34"
"0,31 : 83.63"
"0,32 : 47.01"
"0,33 : 48.55"
"0,34 : 64.9"
"0,35 : 59.91"
"0,36 : 18.11"
"0,37 : 79.31"
"0,38 : 72.92"
"0,39 : 33.02"
"0,40 : 20.22"
"0,41 : 32.39"
"0,42 : 39.46"
"0,43 : 64.56"
"0,44 : 34.23"
"0,45 : 63.06"
"0,46 : 87.98"
"0,47 : 34.79"
"0,48 : 93.23"
"0,49 : 9.49"
"0,50 : 53.01"
"0,51 : 57.72"
"0,52 : 68.15"
"0,53 : 53.76"
"0,54 : 58.6"
"0,55 : 81.27"
"0,56 : 95.19"
"0,57 : 16.76"
"0,58 : 58.8"
"0,59 : 61.03"
"0,60 : 65.07"
"0,61 : 24.7"
"0,62 : 76.24"
"0,63 : 56.8"
"0,64 : 88.09"
"0,65 : 32.39"
"0,66 : 68.26"
"0,67 : 14.14"
"0,68 : 13.93"
"0,69 : 34.0"
"0,70 : 15.03"
"0,71 : 2.0"
"0,72 : 90.8"
"0,73 : 55.71"
"0,74 : 62.27"
"0,75 : 32.02"
"0,76 : 63.79"
"0,77 : 59.44"
"0,78 : 39.4"
"0,79 : 83.02"
"0,80 : 93.64"
"0,81 : 49.04"
"0,82 : 35.69"
"0,83 : 19.24"
"0,84 : 79.03"
"0,85 : 60.42"
"0,86 : 30.15"
"0,87 : 49.04"
"0,88 : 46.1"
"0,89 : 45.28"
"0,90 : 39.81"
"0,91 : 34.23"
"0,92 : 7.07"
"0,93 : 66.57"
"0,94 : 44.92"
"0,95 : 61.91"
"0,96 : 37.64"
"0,97 : 93.23"
"0,98 : 68.25"
"0,99 : 90.82"
"1,0 : 71.57"
"1,1 : 0.0"
"1,2 : 36.06"
"1,3 : 14.76"
"1,4 : 53.23"
"1,5 : 55.36"
"1,6 : 70.04"
"1,7 : 36.06"
"1,8 : 11.18"
"1,9 : 25.71"
"1,10 : 48.66"
"1,11 : 12.81"
"1,12 : 44.28"
"1,13 : 31.3"
"1,14 : 34.13"
"1,15 : 31.14"
"1,16 : 13.89"
"1,17 : 44.27"
"1,18 : 49.34"
"1,19 : 57.71"
"1,20 : 51.92"
"1,21 : 25.0"
"1,22 : 73.55"
"1,23 : 24.33"
"1,24 : 23.09"
"1,25 : 63.6"
"1,26 : 46.65"
"1,27 : 26.0"
"1,28 : 55.9"
"1,29 : 3.16"
"1,30 : 74.11"
"1,31 : 46.69"
"1,32 : 62.13"
"1,33 : 34.48"
"1,34 : 57.01"
"1,35 : 55.9"
"1,36 : 73.55"
"1,37 : 53.14"
"1,38 : 22.56"
"1,39 : 39.29"
"1,40 : 79.48"
"1,41 : 86.35"
"1,42 : 35.34"
"1,43 : 12.73"
"1,44 : 39.22"
"1,45 : 63.03"
"1,46 : 37.22"
"1,47 : 64.62"
"1,48 : 45.28"
"1,49 : 63.15"
"1,50 : 82.68"
"1,51 : 27.46"
"1,52 : 9.43"
"1,53 : 45.34"
"1,54 : 35.38"
"1,55 : 18.03"
"1,56 : 29.07"
"1,57 : 70.58"
"1,58 : 47.42"
"1,59 : 54.56"
"1,60 : 46.04"
"1,61 : 48.0"
"1,62 : 31.06"
"1,63 : 62.29"
"1,64 : 17.72"
"1,65 : 39.2"
"1,66 : 4.24"
"1,67 : 58.05"
"1,68 : 58.14"
"1,69 : 58.87"
"1,70 : 75.89"
"1,71 : 71.85"
"1,72 : 23.35"
"1,73 : 21.95"
"1,74 : 43.46"
"1,75 : 54.38"
"1,76 : 25.63"
"1,77 : 13.6"
"1,78 : 43.01"
"1,79 : 13.89"
"1,80 : 28.6"
"1,81 : 65.46"
"1,82 : 82.22"
"1,83 : 52.35"
"1,84 : 13.6"
"1,85 : 12.65"
"1,86 : 42.72"
"1,87 : 83.24"
"1,88 : 41.68"
"1,89 : 45.25"
"1,90 : 35.9"
"1,91 : 79.61"
"1,92 : 78.64"
"1,93 : 58.6"
"1,94 : 67.23"
"1,95 : 29.21"
"1,96 : 40.31"
"1,97 : 47.43"
"1,98 : 22.36"
"1,99 : 35.17"
"2,0 : 42.54"
"2,1 : 36.06"
"2,2 : 0.0"
"2,3 : 41.01"
"2,4 : 37.64"
"2,5 : 19.31"
"2,6 : 35.0"
"2,7 : 24.0"
"2,8 : 32.02"
"2,9 : 20.12"
"2,10 : 24.41"
"2,11 : 31.24"
"2,12 : 19.72"
"2,13 : 25.61"
"2,14 : 15.0"
"2,15 : 15.3"
"2,16 : 49.77"
"2,17 : 72.25"
"2,18 : 29.97"
"2,19 : 22.67"
"2,20 : 65.15"
"2,21 : 29.55"
"2,22 : 39.12"
"2,23 : 18.87"
"2,24 : 50.21"
"2,25 : 27.66"
"2,26 : 52.95"
"2,27 : 26.83"
"2,28 : 39.05"
"2,29 : 36.25"
"2,30 : 40.79"
"2,31 : 42.8"
"2,32 : 28.43"
"2,33 : 6.4"
"2,34 : 33.02"
"2,35 : 29.27"
"2,36 : 39.12"
"2,37 : 41.23"
"2,38 : 30.68"
"2,39 : 22.36"
"2,40 : 57.28"
"2,41 : 67.62"
"2,42 : 27.07"
"2,43 : 25.18"
"2,44 : 25.18"
"2,45 : 35.9"
"2,46 : 45.49"
"2,47 : 28.64"
"2,48 : 51.09"
"2,49 : 36.88"
"2,50 : 48.17"
"2,51 : 39.82"
"2,52 : 29.27"
"2,53 : 18.0"
"2,54 : 17.2"
"2,55 : 40.31"
"2,56 : 53.94"
"2,57 : 48.92"
"2,58 : 23.09"
"2,59 : 29.07"
"2,60 : 27.2"
"2,61 : 18.44"
"2,62 : 56.08"
"2,63 : 32.31"
"2,64 : 53.76"
"2,65 : 16.76"
"2,66 : 34.44"
"2,67 : 32.53"
"2,68 : 28.84"
"2,69 : 22.85"
"2,70 : 52.35"
"2,71 : 43.57"
"2,72 : 50.25"
"2,73 : 15.03"
"2,74 : 54.71"
"2,75 : 42.72"
"2,76 : 43.83"
"2,77 : 22.47"
"2,78 : 37.01"
"2,79 : 49.77"
"2,80 : 52.17"
"2,81 : 32.02"
"2,82 : 46.17"
"2,83 : 25.46"
"2,84 : 47.89"
"2,85 : 23.41"
"2,86 : 25.0"
"2,87 : 48.01"
"2,88 : 9.22"
"2,89 : 44.05"
"2,90 : 4.12"
"2,91 : 64.14"
"2,92 : 49.19"
"2,93 : 35.01"
"2,94 : 32.56"
"2,95 : 19.42"
"2,96 : 32.02"
"2,97 : 75.17"
"2,98 : 45.34"
"2,99 : 48.3"
"3,0 : 81.04"
"3,1 : 14.76"
"3,2 : 41.01"
"3,3 : 0.0"
"3,4 : 46.1"
"3,5 : 59.3"
"3,6 : 76.01"
"3,7 : 48.02"
"3,8 : 9.22"
"3,9 : 37.22"
"3,10 : 58.87"
"3,11 : 27.02"
"3,12 : 54.08"
"3,13 : 25.81"
"3,14 : 44.01"
"3,15 : 41.23"
"3,16 : 20.62"
"3,17 : 55.44"
"3,18 : 60.83"
"3,19 : 59.67"
"3,20 : 66.41"
"3,21 : 17.8"
"3,22 : 80.1"
"3,23 : 35.36"
"3,24 : 36.35"
"3,25 : 68.18"
"3,26 : 61.4"
"3,27 : 20.25"
"3,28 : 48.92"
"3,29 : 17.89"
"3,30 : 81.5"
"3,31 : 36.25"
"3,32 : 62.63"
"3,33 : 37.22"
"3,34 : 52.8"
"3,35 : 53.0"
"3,36 : 80.1"
"3,37 : 44.65"
"3,38 : 15.0"
"3,39 : 50.54"
"3,40 : 91.24"
"3,41 : 99.02"
"3,42 : 48.01"
"3,43 : 16.49"
"3,44 : 51.11"
"3,45 : 59.64"
"3,46 : 24.19"
"3,47 : 67.9"
"3,48 : 32.06"
"3,49 : 73.39"
"3,50 : 83.01"
"3,51 : 42.19"
"3,52 : 13.0"
"3,53 : 44.38"
"3,54 : 33.62"
"3,55 : 4.12"
"3,56 : 15.0"
"3,57 : 82.3"
"3,58 : 44.78"
"3,59 : 51.31"
"3,60 : 41.4"
"3,61 : 56.52"
"3,62 : 44.28"
"3,63 : 60.42"
"3,64 : 20.59"
"3,65 : 49.04"
"3,66 : 18.87"
"3,67 : 68.35"
"3,68 : 67.19"
"3,69 : 62.51"
"3,70 : 87.24"
"3,71 : 81.61"
"3,72 : 9.85"
"3,73 : 26.08"
"3,74 : 58.18"
"3,75 : 67.62"
"3,76 : 40.31"
"3,77 : 21.93"
"3,78 : 56.64"
"3,79 : 20.62"
"3,80 : 14.14"
"3,81 : 65.55"
"3,82 : 85.99"
"3,83 : 61.98"
"3,84 : 24.02"
"3,85 : 21.02"
"3,86 : 54.12"
"3,87 : 84.43"
"3,88 : 43.74"
"3,89 : 59.55"
"3,90 : 42.3"
"3,91 : 92.8"
"3,92 : 88.06"
"3,93 : 54.04"
"3,94 : 68.31"
"3,95 : 26.93"
"3,96 : 53.41"
"3,97 : 58.55"
"3,98 : 36.69"
"3,99 : 21.1"
"4,0 : 74.52"
"4,1 : 53.23"
"4,2 : 37.64"
"4,3 : 46.1"
"4,4 : 0.0"
"4,5 : 41.01"
"4,6 : 58.41"
"4,7 : 61.0"
"4,8 : 42.54"
"4,9 : 54.04"
"4,10 : 61.33"
"4,11 : 57.49"
"4,12 : 57.01"
"4,13 : 21.93"
"4,14 : 52.17"
"4,15 : 51.62"
"4,16 : 65.19"
"4,17 : 97.31"
"4,18 : 67.42"
"4,19 : 35.0"
"4,20 : 98.41"
"4,21 : 28.84"
"4,22 : 63.41"
"4,23 : 52.01"
"4,24 : 75.27"
"4,25 : 48.41"
"4,26 : 88.01"
"4,27 : 27.29"
"4,28 : 2.83"
"4,29 : 55.54"
"4,30 : 67.36"
"4,31 : 15.13"
"4,32 : 32.2"
"4,33 : 31.78"
"4,34 : 12.37"
"4,35 : 16.55"
"4,36 : 63.41"
"4,37 : 5.39"
"4,38 : 31.62"
"4,39 : 59.91"
"4,40 : 92.36"
"4,41 : 103.59"
"4,42 : 63.64"
"4,43 : 41.44"
"4,44 : 62.59"
"4,45 : 19.03"
"4,46 : 29.15"
"4,47 : 44.1"
"4,48 : 28.16"
"4,49 : 71.56"
"4,50 : 47.17"
"4,51 : 71.45"
"4,52 : 43.86"
"4,53 : 21.1"
"4,54 : 22.02"
"4,55 : 42.45"
"4,56 : 49.4"
"4,57 : 84.72"
"4,58 : 15.81"
"4,59 : 14.76"
"4,60 : 10.44"
"4,61 : 54.12"
"4,62 : 82.86"
"4,63 : 23.77"
"4,64 : 66.4"
"4,65 : 54.41"
"4,66 : 54.78"
"4,67 : 68.1"
"4,68 : 62.68"
"4,69 : 41.87"
"4,70 : 87.09"
"4,71 : 76.06"
"4,72 : 49.82"
"4,73 : 37.22"
"4,74 : 88.2"
"4,75 : 80.36"
"4,76 : 73.35"
"4,77 : 45.12"
"4,78 : 73.98"
"4,79 : 65.19"
"4,80 : 47.17"
"4,81 : 32.89"
"4,82 : 59.24"
"4,83 : 61.29"
"4,84 : 66.65"
"4,85 : 45.35"
"4,86 : 62.64"
"4,87 : 50.64"
"4,88 : 29.97"
"4,89 : 80.5"
"4,90 : 41.76"
"4,91 : 101.08"
"4,92 : 79.93"
"4,93 : 12.04"
"4,94 : 37.7"
"4,95 : 25.5"
"4,96 : 69.05"
"4,97 : 100.46"
"4,98 : 72.53"
"4,99 : 34.93"
"5,0 : 33.84"
"5,1 : 55.36"
"5,2 : 19.31"
"5,3 : 59.3"
"5,4 : 41.01"
"5,5 : 0.0"
"5,6 : 18.38"
"5,7 : 35.85"
"5,8 : 50.64"
"5,9 : 36.8"
"5,10 : 27.29"
"5,11 : 49.93"
"5,12 : 25.3"
"5,13 : 39.05"
"5,14 : 28.43"
"5,15 : 30.41"
"5,16 : 69.08"
"5,17 : 89.87"
"5,18 : 34.37"
"5,19 : 8.06"
"5,20 : 78.77"
"5,21 : 45.28"
"5,22 : 23.26"
"5,23 : 36.24"
"5,24 : 68.41"
"5,25 : 9.06"
"5,26 : 65.31"
"5,27 : 42.3"
"5,28 : 41.11"
"5,29 : 55.54"
"5,30 : 26.63"
"5,31 : 51.62"
"5,32 : 15.0"
"5,33 : 22.09"
"5,34 : 31.06"
"5,35 : 26.08"
"5,36 : 23.26"
"5,37 : 46.01"
"5,38 : 47.1"
"5,39 : 32.2"
"5,40 : 52.8"
"5,41 : 64.62"
"5,42 : 39.45"
"5,43 : 44.15"
"5,44 : 35.34"
"5,45 : 29.73"
"5,46 : 58.82"
"5,47 : 9.43"
"5,48 : 62.65"
"5,49 : 32.57"
"5,50 : 30.81"
"5,51 : 55.97"
"5,52 : 48.27"
"5,53 : 21.1"
"5,54 : 28.86"
"5,55 : 58.03"
"5,56 : 71.06"
"5,57 : 46.17"
"5,58 : 25.61"
"5,59 : 27.2"
"5,60 : 32.2"
"5,61 : 19.42"
"5,62 : 73.59"
"5,63 : 23.77"
"5,64 : 73.05"
"5,65 : 26.42"
"5,66 : 53.71"
"5,67 : 30.41"
"5,68 : 23.77"
"5,69 : 3.61"
"5,70 : 47.42"
"5,71 : 35.51"
"5,72 : 68.03"
"5,73 : 33.96"
"5,74 : 68.6"
"5,75 : 48.37"
"5,76 : 60.81"
"5,77 : 41.79"
"5,78 : 47.17"
"5,79 : 69.08"
"5,80 : 69.12"
"5,81 : 18.11"
"5,82 : 26.93"
"5,83 : 25.0"
"5,84 : 67.08"
"5,85 : 42.72"
"5,86 : 32.89"
"5,87 : 29.7"
"5,88 : 16.12"
"5,89 : 54.78"
"5,90 : 20.25"
"5,91 : 63.79"
"5,92 : 38.95"
"5,93 : 32.76"
"5,94 : 16.16"
"5,95 : 34.23"
"5,96 : 42.54"
"5,97 : 92.66"
"5,98 : 63.13"
"5,99 : 62.82"
"6,0 : 21.1"
"6,1 : 70.04"
"6,2 : 35.0"
"6,3 : 76.01"
"6,4 : 58.41"
"6,5 : 18.38"
"6,6 : 0.0"
"6,7 : 42.44"
"6,8 : 67.01"
"6,9 : 47.54"
"6,10 : 29.0"
"6,11 : 62.3"
"6,12 : 30.23"
"6,13 : 57.28"
"6,14 : 38.08"
"6,15 : 40.85"
"6,16 : 83.2"
"6,17 : 99.02"
"6,18 : 34.83"
"6,19 : 23.43"
"6,20 : 82.88"
"6,21 : 63.15"
"6,22 : 5.0"
"6,23 : 47.76"
"6,24 : 79.16"
"6,25 : 10.0"
"6,26 : 68.77"
"6,27 : 60.21"
"6,28 : 58.14"
"6,29 : 69.63"
"6,30 : 9.43"
"6,31 : 69.84"
"6,32 : 27.8"
"6,33 : 39.32"
"6,34 : 47.38"
"6,35 : 42.45"
"6,36 : 5.0"
"6,37 : 63.6"
"6,38 : 64.78"
"6,39 : 38.01"
"6,40 : 41.3"
"6,41 : 53.46"
"6,42 : 45.8"
"6,43 : 60.07"
"6,44 : 40.61"
"6,45 : 44.2"
"6,46 : 77.16"
"6,47 : 15.0"
"6,48 : 81.02"
"6,49 : 25.0"
"6,50 : 32.02"
"6,51 : 64.35"
"6,52 : 64.12"
"6,53 : 39.36"
"6,54 : 47.13"
"6,55 : 75.17"
"6,56 : 88.57"
"6,57 : 37.12"
"6,58 : 43.57"
"6,59 : 43.93"
"6,60 : 50.25"
"6,61 : 24.19"
"6,62 : 83.01"
"6,63 : 37.8"
"6,64 : 87.66"
"6,65 : 34.0"
"6,66 : 67.68"
"6,67 : 25.94"
"6,68 : 19.42"
"6,69 : 16.64"
"6,70 : 36.12"
"6,71 : 23.09"
"6,72 : 85.15"
"6,73 : 50.01"
"6,74 : 73.54"
"6,75 : 47.01"
"6,76 : 69.97"
"6,77 : 56.57"
"6,78 : 50.25"
"6,79 : 83.2"
"6,80 : 86.7"
"6,81 : 29.15"
"6,82 : 16.64"
"6,83 : 24.76"
"6,84 : 80.36"
"6,85 : 57.56"
"6,86 : 36.88"
"6,87 : 28.28"
"6,88 : 34.21"
"6,89 : 57.49"
"6,90 : 34.23"
"6,91 : 55.04"
"6,92 : 23.77"
"6,93 : 48.8"
"6,94 : 24.6"
"6,95 : 52.17"
"6,96 : 46.69"
"6,97 : 101.51"
"6,98 : 73.36"
"6,99 : 81.04"
"7,0 : 37.12"
"7,1 : 36.06"
"7,2 : 24.0"
"7,3 : 48.02"
"7,4 : 61.0"
"7,5 : 35.85"
"7,6 : 42.44"
"7,7 : 0.0"
"7,8 : 39.41"
"7,9 : 10.82"
"7,10 : 14.56"
"7,11 : 24.33"
"7,12 : 12.21"
"7,13 : 44.72"
"7,14 : 9.0"
"7,15 : 9.49"
"7,16 : 46.27"
"7,17 : 56.6"
"7,18 : 13.34"
"7,19 : 42.54"
"7,20 : 42.94"
"7,21 : 45.0"
"7,22 : 44.29"
"7,23 : 12.81"
"7,24 : 37.64"
"7,25 : 40.36"
"7,26 : 29.73"
"7,27 : 43.27"
"7,28 : 62.65"
"7,29 : 34.21"
"7,30 : 43.08"
"7,31 : 63.56"
"7,32 : 49.4"
"7,33 : 29.27"
"7,34 : 57.01"
"7,35 : 53.15"
"7,36 : 44.29"
"7,37 : 64.03"
"7,38 : 44.69"
"7,39 : 4.47"
"7,40 : 43.46"
"7,41 : 51.04"
"7,42 : 3.61"
"7,43 : 32.65"
"7,44 : 3.16"
"7,45 : 59.54"
"7,46 : 62.01"
"7,47 : 44.41"
"7,48 : 69.07"
"7,49 : 28.0"
"7,50 : 66.57"
"7,51 : 21.95"
"7,52 : 35.23"
"7,53 : 42.0"
"7,54 : 39.29"
"7,55 : 49.41"
"7,56 : 62.97"
"7,57 : 34.54"
"7,58 : 47.04"
"7,59 : 53.04"
"7,60 : 50.64"
"7,61 : 18.44"
"7,62 : 40.71"
"7,63 : 55.32"
"7,64 : 51.48"
"7,65 : 9.43"
"7,66 : 32.28"
"7,67 : 23.02"
"7,68 : 25.3"
"7,69 : 39.12"
"7,70 : 39.85"
"7,71 : 37.01"
"7,72 : 57.8"
"7,73 : 27.46"
"7,74 : 32.76"
"7,75 : 20.81"
"7,76 : 27.73"
"7,77 : 26.4"
"7,78 : 13.04"
"7,79 : 46.27"
"7,80 : 61.85"
"7,81 : 52.92"
"7,82 : 58.14"
"7,83 : 18.97"
"7,84 : 42.01"
"7,85 : 27.2"
"7,86 : 7.0"
"7,87 : 65.0"
"7,88 : 33.06"
"7,89 : 20.1"
"7,90 : 20.02"
"7,91 : 45.28"
"7,92 : 44.05"
"7,93 : 59.01"
"7,94 : 51.88"
"7,95 : 38.48"
"7,96 : 8.06"
"7,97 : 59.08"
"7,98 : 31.62"
"7,99 : 62.97"
"8,0 : 71.84"
"8,1 : 11.18"
"8,2 : 32.02"
"8,3 : 9.22"
"8,4 : 42.54"
"8,5 : 50.64"
"8,6 : 67.01"
"8,7 : 39.41"
"8,8 : 0.0"
"8,9 : 28.6"
"8,10 : 49.77"
"8,11 : 20.62"
"8,12 : 44.94"
"8,13 : 20.81"
"8,14 : 34.93"
"8,15 : 32.2"
"8,16 : 22.8"
"8,17 : 55.36"
"8,18 : 51.97"
"8,19 : 51.55"
"8,20 : 62.17"
"8,21 : 13.93"
"8,22 : 71.03"
"8,23 : 26.63"
"8,24 : 34.23"
"8,25 : 59.41"
"8,26 : 55.54"
"8,27 : 15.26"
"8,28 : 45.28"
"8,29 : 14.04"
"8,30 : 72.34"
"8,31 : 35.51"
"8,32 : 55.04"
"8,33 : 28.64"
"8,34 : 47.38"
"8,35 : 46.86"
"8,36 : 71.03"
"8,37 : 42.15"
"8,38 : 11.4"
"8,39 : 41.68"
"8,40 : 82.37"
"8,41 : 90.44"
"8,42 : 39.7"
"8,43 : 7.28"
"8,44 : 42.44"
"8,45 : 53.81"
"8,46 : 26.68"
"8,47 : 59.44"
"8,48 : 34.71"
"8,49 : 64.26"
"8,50 : 75.58"
"8,51 : 36.4"
"8,52 : 4.24"
"8,53 : 37.22"
"8,54 : 26.63"
"8,55 : 10.0"
"8,56 : 23.71"
"8,57 : 73.43"
"8,58 : 38.42"
"8,59 : 45.34"
"8,60 : 36.12"
"8,61 : 47.3"
"8,62 : 42.19"
"8,63 : 53.82"
"8,64 : 24.84"
"8,65 : 39.92"
"8,66 : 14.04"
"8,67 : 59.24"
"8,68 : 57.97"
"8,69 : 53.94"
"8,70 : 78.26"
"8,71 : 72.42"
"8,72 : 18.97"
"8,73 : 17.0"
"8,74 : 53.16"
"8,75 : 59.46"
"8,76 : 35.69"
"8,77 : 13.04"
"8,78 : 48.84"
"8,79 : 22.8"
"8,80 : 22.47"
"8,81 : 58.14"
"8,82 : 77.47"
"8,83 : 52.81"
"8,84 : 24.17"
"8,85 : 12.21"
"8,86 : 45.28"
"8,87 : 76.69"
"8,88 : 35.44"
"8,89 : 52.43"
"8,90 : 33.14"
"8,91 : 84.5"
"8,92 : 78.85"
"8,93 : 48.84"
"8,94 : 60.54"
"8,95 : 20.0"
"8,96 : 45.28"
"8,97 : 58.52"
"8,98 : 33.06"
"8,99 : 25.5"
"9,0 : 46.1"
"9,1 : 25.71"
"9,2 : 20.12"
"9,3 : 37.22"
"9,4 : 54.04"
"9,5 : 36.8"
"9,6 : 47.54"
"9,7 : 10.82"
"9,8 : 28.6"
"9,9 : 0.0"
"9,10 : 23.09"
"9,11 : 15.13"
"9,12 : 19.03"
"9,13 : 35.74"
"9,14 : 9.49"
"9,15 : 6.71"
"9,16 : 37.01"
"9,17 : 53.08"
"9,18 : 23.77"
"9,19 : 42.01"
"9,20 : 45.35"
"9,21 : 34.99"
"9,22 : 50.29"
"9,23 : 2.24"
"9,24 : 31.91"
"9,25 : 43.27"
"9,26 : 34.01"
"9,27 : 33.54"
"9,28 : 56.0"
"9,29 : 24.19"
"9,30 : 50.01"
"9,31 : 54.71"
"9,32 : 48.26"
"9,33 : 23.54"
"9,34 : 51.97"
"9,35 : 48.76"
"9,36 : 50.29"
"9,37 : 56.44"
"9,38 : 34.41"
"9,39 : 13.6"
"9,40 : 54.13"
"9,41 : 61.85"
"9,42 : 11.4"
"9,43 : 21.93"
"9,44 : 13.89"
"9,45 : 55.66"
"9,46 : 51.87"
"9,47 : 46.1"
"9,48 : 59.17"
"9,49 : 37.48"
"9,50 : 67.27"
"9,51 : 19.72"
"9,52 : 24.41"
"9,53 : 37.11"
"9,54 : 32.02"
"9,55 : 38.6"
"9,56 : 52.15"
"9,57 : 45.19"
"9,58 : 41.59"
"9,59 : 48.27"
"9,60 : 44.01"
"9,61 : 23.77"
"9,62 : 36.8"
"9,63 : 52.39"
"9,64 : 42.01"
"9,65 : 14.14"
"9,66 : 22.2"
"9,67 : 32.39"
"9,68 : 33.06"
"9,69 : 40.36"
"9,70 : 50.33"
"9,71 : 46.27"
"9,72 : 47.01"
"9,73 : 18.03"
"9,74 : 34.93"
"9,75 : 31.14"
"9,76 : 24.08"
"9,77 : 15.62"
"9,78 : 21.47"
"9,79 : 37.01"
"9,80 : 51.04"
"9,81 : 51.87"
"9,82 : 61.91"
"9,83 : 27.0"
"9,84 : 33.38"
"9,85 : 16.4"
"9,86 : 17.09"
"9,87 : 66.48"
"9,88 : 29.15"
"9,89 : 26.93"
"9,90 : 17.2"
"9,91 : 55.97"
"9,92 : 53.15"
"9,93 : 53.94"
"9,94 : 51.86"
"9,95 : 29.83"
"9,96 : 17.2"
"9,97 : 55.87"
"9,98 : 26.4"
"9,99 : 52.5"
"10,0 : 23.02"
"10,1 : 48.66"
"10,2 : 24.41"
"10,3 : 58.87"
"10,4 : 61.33"
"10,5 : 27.29"
"10,6 : 29.0"
"10,7 : 14.56"
"10,8 : 49.77"
"10,9 : 23.09"
"10,10 : 0.0"
"10,11 : 38.0"
"10,12 : 5.0"
"10,13 : 49.52"
"10,14 : 14.87"
"10,15 : 17.72"
"10,16 : 60.01"
"10,17 : 70.71"
"10,18 : 7.07"
"10,19 : 35.13"
"10,20 : 54.04"
"10,21 : 52.01"
"10,22 : 30.23"
"10,23 : 24.33"
"10,24 : 52.2"
"10,25 : 29.07"
"10,26 : 40.0"
"10,27 : 49.68"
"10,28 : 62.39"
"10,29 : 47.27"
"10,30 : 28.64"
"10,31 : 67.2"
"10,32 : 42.19"
"10,33 : 30.81"
"10,34 : 54.57"
"10,35 : 50.01"
"10,36 : 30.23"
"10,37 : 65.3"
"10,38 : 52.43"
"10,39 : 10.2"
"10,40 : 33.42"
"10,41 : 43.28"
"10,42 : 17.46"
"10,43 : 42.54"
"10,44 : 12.08"
"10,45 : 55.33"
"10,46 : 68.77"
"10,47 : 34.18"
"10,48 : 74.95"
"10,49 : 14.56"
"10,50 : 56.46"
"10,51 : 36.25"
"10,52 : 45.88"
"10,53 : 40.5"
"10,54 : 41.62"
"10,55 : 59.51"
"10,56 : 73.41"
"10,57 : 24.76"
"10,58 : 45.88"
"10,59 : 50.45"
"10,60 : 50.99"
"10,61 : 8.0"
"10,62 : 55.04"
"10,63 : 50.04"
"10,64 : 65.07"
"10,65 : 9.85"
"10,66 : 45.28"
"10,67 : 9.49"
"10,68 : 10.77"
"10,69 : 29.83"
"10,70 : 28.84"
"10,71 : 23.19"
"10,72 : 68.71"
"10,73 : 34.67"
"10,74 : 44.55"
"10,75 : 21.1"
"10,76 : 42.15"
"10,77 : 37.0"
"10,78 : 21.4"
"10,79 : 60.01"
"10,80 : 72.01"
"10,81 : 45.4"
"10,82 : 45.34"
"10,83 : 4.47"
"10,84 : 56.08"
"10,85 : 37.95"
"10,86 : 8.06"
"10,87 : 54.12"
"10,88 : 31.38"
"10,89 : 28.84"
"10,90 : 20.62"
"10,91 : 39.82"
"10,92 : 30.07"
"10,93 : 56.52"
"10,94 : 43.17"
"10,95 : 43.14"
"10,96 : 17.69"
"10,97 : 73.06"
"10,98 : 46.17"
"10,99 : 70.8"
"11,0 : 61.01"
"11,1 : 12.81"
"11,2 : 31.24"
"11,3 : 27.02"
"11,4 : 57.49"
"11,5 : 49.93"
"11,6 : 62.3"
"11,7 : 24.33"
"11,8 : 20.62"
"11,9 : 15.13"
"11,10 : 38.0"
"11,11 : 0.0"
"11,12 : 34.13"
"11,13 : 36.22"
"11,14 : 24.52"
"11,15 : 21.59"
"11,16 : 22.02"
"11,17 : 41.62"
"11,18 : 37.66"
"11,19 : 53.91"
"11,20 : 42.19"
"11,21 : 32.14"
"11,22 : 65.25"
"11,23 : 14.56"
"11,24 : 19.21"
"11,25 : 57.25"
"11,26 : 34.93"
"11,27 : 32.0"
"11,28 : 59.91"
"11,29 : 10.3"
"11,30 : 65.12"
"11,31 : 54.04"
"11,32 : 59.4"
"11,33 : 32.02"
"11,34 : 58.6"
"11,35 : 56.44"
"11,36 : 65.25"
"11,37 : 58.55"
"11,38 : 30.41"
"11,39 : 28.07"
"11,40 : 67.36"
"11,41 : 73.79"
"11,42 : 23.09"
"11,43 : 17.03"
"11,44 : 27.46"
"11,45 : 63.63"
"11,46 : 47.13"
"11,47 : 59.36"
"11,48 : 55.08"
"11,49 : 52.15"
"11,50 : 79.4"
"11,51 : 15.81"
"11,52 : 16.76"
"11,53 : 44.94"
"11,54 : 36.77"
"11,55 : 29.68"
"11,56 : 41.73"
"11,57 : 58.52"
"11,58 : 48.3"
"11,59 : 55.47"
"11,60 : 48.7"
"11,61 : 38.83"
"11,62 : 25.94"
"11,63 : 61.61"
"11,64 : 27.17"
"11,65 : 29.27"
"11,66 : 8.6"
"11,67 : 47.1"
"11,68 : 48.17"
"11,69 : 53.54"
"11,70 : 64.03"
"11,71 : 61.07"
"11,72 : 36.07"
"11,73 : 21.02"
"11,74 : 32.76"
"11,75 : 41.68"
"11,76 : 16.03"
"11,77 : 12.37"
"11,78 : 30.23"
"11,79 : 22.02"
"11,80 : 41.11"
"11,81 : 62.94"
"11,82 : 76.03"
"11,83 : 42.05"
"11,84 : 18.25"
"11,85 : 12.17"
"11,86 : 31.26"
"11,87 : 79.2"
"11,88 : 38.95"
"11,89 : 32.56"
"11,90 : 29.68"
"11,91 : 66.89"
"11,92 : 68.03"
"11,93 : 60.42"
"11,94 : 63.78"
"11,95 : 32.02"
"11,96 : 27.73"
"11,97 : 44.65"
"11,98 : 15.23"
"11,99 : 46.1"
"12,0 : 27.29"
"12,1 : 44.28"
"12,2 : 19.72"
"12,3 : 54.08"
"12,4 : 57.01"
"12,5 : 25.3"
"12,6 : 30.23"
"12,7 : 12.21"
"12,8 : 44.94"
"12,9 : 19.03"
"12,10 : 5.0"
"12,11 : 34.13"
"12,12 : 0.0"
"12,13 : 44.6"
"12,14 : 10.2"
"12,15 : 13.15"
"12,16 : 56.04"
"12,17 : 68.8"
"12,18 : 10.44"
"12,19 : 32.76"
"12,20 : 54.08"
"12,21 : 47.01"
"12,22 : 32.2"
"12,23 : 20.02"
"12,24 : 49.4"
"12,25 : 28.6"
"12,26 : 40.31"
"12,27 : 44.69"
"12,28 : 58.19"
"12,29 : 43.05"
"12,30 : 31.32"
"12,31 : 62.43"
"12,32 : 39.81"
"12,33 : 26.08"
"12,34 : 50.8"
"12,35 : 46.39"
"12,36 : 32.2"
"12,37 : 60.84"
"12,38 : 47.43"
"12,39 : 7.81"
"12,40 : 38.42"
"12,41 : 48.17"
"12,42 : 15.62"
"12,43 : 37.7"
"12,44 : 10.63"
"12,45 : 52.04"
"12,46 : 63.78"
"12,47 : 33.12"
"12,48 : 70.01"
"12,49 : 19.31"
"12,50 : 55.47"
"12,51 : 34.13"
"12,52 : 41.11"
"12,53 : 36.4"
"12,54 : 36.89"
"12,55 : 54.63"
"12,56 : 68.54"
"12,57 : 29.73"
"12,58 : 41.76"
"12,59 : 46.69"
"12,60 : 46.62"
"12,61 : 6.4"
"12,62 : 52.84"
"12,63 : 47.04"
"12,64 : 61.0"
"12,65 : 5.1"
"12,66 : 41.05"
"12,67 : 14.32"
"12,68 : 14.04"
"12,69 : 28.23"
"12,70 : 33.84"
"12,71 : 27.66"
"12,72 : 63.91"
"12,73 : 29.68"
"12,74 : 44.2"
"12,75 : 24.08"
"12,76 : 39.82"
"12,77 : 32.28"
"12,78 : 21.93"
"12,79 : 56.04"
"12,80 : 67.12"
"12,81 : 43.17"
"12,82 : 46.01"
"12,83 : 8.06"
"12,84 : 52.35"
"12,85 : 33.24"
"12,86 : 7.62"
"12,87 : 53.54"
"12,88 : 27.2"
"12,89 : 29.55"
"12,90 : 15.81"
"12,91 : 44.42"
"12,92 : 34.37"
"12,93 : 52.77"
"12,94 : 41.44"
"12,95 : 38.21"
"12,96 : 17.49"
"12,97 : 71.28"
"12,98 : 43.46"
"12,99 : 65.8"
"13,0 : 67.96"
"13,1 : 31.3"
"13,2 : 25.61"
"13,3 : 25.81"
"13,4 : 21.93"
"13,5 : 39.05"
"13,6 : 57.28"
"13,7 : 44.72"
"13,8 : 20.81"
"13,9 : 35.74"
"13,10 : 49.52"
"13,11 : 36.22"
"13,12 : 44.6"
"13,13 : 0.0"
"13,14 : 36.89"
"13,15 : 35.36"
"13,16 : 43.6"
"13,17 : 75.39"
"13,18 : 54.2"
"13,19 : 37.01"
"13,20 : 78.0"
"13,21 : 8.06"
"13,22 : 61.98"
"13,23 : 33.53"
"13,24 : 53.45"
"13,25 : 48.05"
"13,26 : 68.73"
"13,27 : 5.66"
"13,28 : 24.6"
"13,29 : 33.62"
"13,30 : 64.62"
"13,31 : 18.97"
"13,32 : 38.47"
"13,33 : 19.42"
"13,34 : 27.02"
"13,35 : 27.29"
"13,36 : 61.98"
"13,37 : 22.36"
"13,38 : 10.82"
"13,39 : 44.94"
"13,40 : 82.76"
"13,41 : 92.76"
"13,42 : 46.62"
"13,43 : 19.65"
"13,44 : 47.01"
"13,45 : 33.84"
"13,46 : 20.12"
"13,47 : 46.17"
"13,48 : 25.5"
"13,49 : 62.48"
"13,50 : 58.24"
"13,51 : 51.01"
"13,52 : 21.93"
"13,53 : 20.1"
"13,54 : 10.2"
"13,55 : 22.83"
"13,56 : 33.54"
"13,57 : 74.25"
"13,58 : 19.31"
"13,59 : 25.55"
"13,60 : 15.62"
"13,61 : 44.05"
"13,62 : 61.13"
"13,63 : 34.93"
"13,64 : 45.28"
"13,65 : 40.61"
"13,66 : 32.89"
"13,67 : 58.05"
"13,68 : 54.41"
"13,69 : 41.59"
"13,70 : 77.9"
"13,71 : 69.07"
"13,72 : 31.95"
"13,73 : 17.72"
"13,74 : 68.07"
"13,75 : 65.37"
"13,76 : 52.24"
"13,77 : 24.02"
"13,78 : 57.01"
"13,79 : 43.6"
"13,80 : 31.4"
"13,81 : 41.0"
"13,82 : 64.03"
"13,83 : 50.99"
"13,84 : 44.78"
"13,85 : 24.08"
"13,86 : 48.26"
"13,87 : 60.21"
"13,88 : 23.09"
"13,89 : 62.64"
"13,90 : 29.0"
"13,91 : 88.6"
"13,92 : 74.43"
"13,93 : 28.32"
"13,94 : 44.41"
"13,95 : 6.4"
"13,96 : 52.39"
"13,97 : 78.55"
"13,98 : 50.99"
"13,99 : 23.77"
"14,0 : 37.48"
"14,1 : 34.13"
"14,2 : 15.0"
"14,3 : 44.01"
"14,4 : 52.17"
"14,5 : 28.43"
"14,6 : 38.08"
"14,7 : 9.0"
"14,8 : 34.93"
"14,9 : 9.49"
"14,10 : 14.87"
"14,11 : 24.52"
"14,12 : 10.2"
"14,13 : 36.89"
"14,14 : 0.0"
"14,15 : 3.0"
"14,16 : 46.17"
"14,17 : 61.85"
"14,18 : 17.69"
"14,19 : 34.48"
"14,20 : 51.08"
"14,21 : 38.18"
"14,22 : 40.8"
"14,23 : 10.05"
"14,24 : 41.18"
"14,25 : 34.21"
"14,26 : 38.33"
"14,27 : 36.12"
"14,28 : 53.76"
"14,29 : 33.0"
"14,30 : 40.61"
"14,31 : 55.47"
"14,32 : 41.15"
"14,33 : 20.4"
"14,34 : 48.01"
"14,35 : 44.18"
"14,36 : 40.8"
"14,37 : 55.36"
"14,38 : 38.29"
"14,39 : 8.06"
"14,40 : 47.71"
"14,41 : 56.64"
"14,42 : 12.17"
"14,43 : 27.73"
"14,44 : 10.44"
"14,45 : 50.64"
"14,46 : 55.17"
"14,47 : 37.48"
"14,48 : 61.85"
"14,49 : 29.41"
"14,50 : 59.2"
"14,51 : 27.59"
"14,52 : 31.02"
"14,53 : 33.0"
"14,54 : 30.68"
"14,55 : 44.72"
"14,56 : 58.6"
"14,57 : 38.83"
"14,58 : 38.05"
"14,59 : 44.05"
"14,60 : 41.77"
"14,61 : 14.32"
"14,62 : 45.61"
"14,63 : 46.57"
"14,64 : 51.04"
"14,65 : 5.1"
"14,66 : 31.0"
"14,67 : 24.35"
"14,68 : 24.02"
"14,69 : 31.89"
"14,70 : 43.42"
"14,71 : 37.85"
"14,72 : 53.85"
"14,73 : 20.52"
"14,74 : 40.72"
"14,75 : 28.64"
"14,76 : 32.65"
"14,77 : 22.14"
"14,78 : 22.02"
"14,79 : 46.17"
"14,80 : 57.25"
"14,81 : 44.72"
"14,82 : 52.7"
"14,83 : 18.25"
"14,84 : 42.76"
"14,85 : 23.09"
"14,86 : 11.4"
"14,87 : 58.05"
"14,88 : 24.08"
"14,89 : 29.07"
"14,90 : 11.05"
"14,91 : 51.86"
"14,92 : 44.55"
"14,93 : 50.01"
"14,94 : 44.1"
"14,95 : 30.53"
"14,96 : 17.03"
"14,97 : 64.54"
"14,98 : 35.51"
"14,99 : 56.73"
"15,0 : 40.45"
"15,1 : 31.14"
"15,2 : 15.3"
"15,3 : 41.23"
"15,4 : 51.62"
"15,5 : 30.41"
"15,6 : 40.85"
"15,7 : 9.49"
"15,8 : 32.2"
"15,9 : 6.71"
"15,10 : 17.72"
"15,11 : 21.59"
"15,12 : 13.15"
"15,13 : 35.36"
"15,14 : 3.0"
"15,15 : 0.0"
"15,16 : 43.19"
"15,17 : 59.55"
"15,18 : 20.0"
"15,19 : 36.06"
"15,20 : 49.98"
"15,21 : 36.12"
"15,22 : 43.68"
"15,23 : 7.07"
"15,24 : 38.59"
"15,25 : 36.62"
"15,26 : 37.66"
"15,27 : 34.21"
"15,28 : 53.34"
"15,29 : 30.0"
"15,30 : 43.57"
"15,31 : 54.13"
"15,32 : 42.54"
"15,33 : 20.02"
"15,34 : 48.17"
"15,35 : 44.55"
"15,36 : 43.68"
"15,37 : 54.57"
"15,38 : 36.07"
"15,39 : 9.9"
"15,40 : 50.25"
"15,41 : 58.9"
"15,42 : 12.04"
"15,43 : 25.06"
"15,44 : 11.66"
"15,45 : 51.2"
"15,46 : 53.15"
"15,47 : 39.62"
"15,48 : 60.0"
"15,49 : 32.28"
"15,50 : 61.07"
"15,51 : 25.61"
"15,52 : 28.23"
"15,53 : 33.14"
"15,54 : 29.83"
"15,55 : 42.06"
"15,56 : 55.9"
"15,57 : 41.34"
"15,58 : 38.01"
"15,59 : 44.28"
"15,60 : 41.3"
"15,61 : 17.26"
"15,62 : 43.28"
"15,63 : 47.43"
"15,64 : 48.04"
"15,65 : 8.06"
"15,66 : 28.0"
"15,67 : 27.2"
"15,68 : 27.02"
"15,69 : 33.94"
"15,70 : 46.07"
"15,71 : 40.79"
"15,72 : 51.08"
"15,73 : 18.44"
"15,74 : 39.56"
"15,75 : 30.02"
"15,76 : 30.41"
"15,77 : 19.31"
"15,78 : 22.36"
"15,79 : 43.19"
"15,80 : 54.59"
"15,81 : 46.14"
"15,82 : 55.23"
"15,83 : 21.21"
"15,84 : 39.81"
"15,85 : 20.25"
"15,86 : 13.45"
"15,87 : 60.11"
"15,88 : 24.52"
"15,89 : 29.02"
"15,90 : 11.7"
"15,91 : 53.81"
"15,92 : 47.52"
"15,93 : 50.16"
"15,94 : 45.8"
"15,95 : 29.07"
"15,96 : 17.46"
"15,97 : 62.29"
"15,98 : 33.02"
"15,99 : 54.49"
"16,0 : 83.02"
"16,1 : 13.89"
"16,2 : 49.77"
"16,3 : 20.62"
"16,4 : 65.19"
"16,5 : 69.08"
"16,6 : 83.2"
"16,7 : 46.27"
"16,8 : 22.8"
"16,9 : 37.01"
"16,10 : 60.01"
"16,11 : 22.02"
"16,12 : 56.04"
"16,13 : 43.6"
"16,14 : 46.17"
"16,15 : 43.19"
"16,16 : 0.0"
"16,17 : 35.06"
"16,18 : 59.54"
"16,19 : 71.59"
"16,20 : 50.25"
"16,21 : 36.36"
"16,22 : 86.49"
"16,23 : 36.12"
"16,24 : 18.87"
"16,25 : 77.16"
"16,26 : 48.84"
"16,27 : 38.01"
"16,28 : 67.96"
"16,29 : 13.6"
"16,30 : 86.7"
"16,31 : 56.65"
"16,32 : 76.01"
"16,33 : 48.37"
"16,34 : 70.09"
"16,35 : 69.31"
"16,36 : 86.49"
"16,37 : 64.41"
"16,38 : 33.62"
"16,39 : 50.09"
"16,40 : 88.77"
"16,41 : 94.34"
"16,42 : 44.72"
"16,43 : 26.4"
"16,44 : 49.37"
"16,45 : 76.37"
"16,46 : 44.72"
"16,47 : 78.39"
"16,48 : 52.47"
"16,49 : 74.17"
"16,50 : 96.57"
"16,51 : 31.38"
"16,52 : 22.67"
"16,53 : 59.03"
"16,54 : 48.84"
"16,55 : 24.74"
"16,56 : 29.83"
"16,57 : 80.05"
"16,58 : 60.83"
"16,59 : 67.88"
"16,60 : 58.9"
"16,61 : 60.41"
"16,62 : 26.0"
"16,63 : 75.93"
"16,64 : 5.39"
"16,65 : 51.09"
"16,66 : 15.52"
"16,67 : 69.12"
"16,68 : 70.06"
"16,69 : 72.62"
"16,70 : 85.7"
"16,71 : 83.1"
"16,72 : 24.33"
"16,73 : 35.85"
"16,74 : 43.93"
"16,75 : 62.03"
"16,76 : 27.02"
"16,77 : 27.31"
"16,78 : 50.33"
"16,79 : 0.0"
"16,80 : 30.41"
"16,81 : 79.32"
"16,82 : 95.86"
"16,83 : 64.01"
"16,84 : 5.66"
"16,85 : 26.4"
"16,86 : 53.24"
"16,87 : 97.13"
"16,88 : 55.57"
"16,89 : 50.61"
"16,90 : 49.34"
"16,91 : 86.82"
"16,92 : 90.05"
"16,93 : 71.59"
"16,94 : 81.12"
"16,95 : 42.43"
"16,96 : 48.76"
"16,97 : 38.12"
"16,98 : 21.93"
"16,99 : 41.11"
"17,0 : 91.18"
"17,1 : 44.27"
"17,2 : 72.25"
"17,3 : 55.44"
"17,4 : 97.31"
"17,5 : 89.87"
"17,6 : 99.02"
"17,7 : 56.6"
"17,8 : 55.36"
"17,9 : 53.08"
"17,10 : 70.71"
"17,11 : 41.62"
"17,12 : 68.8"
"17,13 : 75.39"
"17,14 : 61.85"
"17,15 : 59.55"
"17,16 : 35.06"
"17,17 : 0.0"
"17,18 : 66.71"
"17,19 : 94.79"
"17,20 : 29.12"
"17,21 : 69.26"
"17,22 : 100.85"
"17,23 : 53.74"
"17,24 : 22.47"
"17,25 : 96.05"
"17,26 : 38.05"
"17,27 : 70.23"
"17,28 : 99.92"
"17,29 : 41.79"
"17,30 : 99.3"
"17,31 : 90.71"
"17,32 : 100.66"
"17,33 : 73.6"
"17,34 : 99.85"
"17,35 : 97.94"
"17,36 : 100.85"
"17,37 : 97.41"
"17,38 : 66.76"
"17,39 : 61.06"
"17,40 : 88.96"
"17,41 : 90.01"
"17,42 : 53.34"
"17,43 : 55.95"
"17,44 : 58.67"
"17,45 : 105.15"
"17,46 : 79.63"
"17,47 : 99.16"
"17,48 : 87.46"
"17,49 : 81.71"
"17,50 : 120.22"
"17,51 : 34.67"
"17,52 : 53.49"
"17,53 : 86.53"
"17,54 : 77.9"
"17,55 : 59.54"
"17,56 : 64.2"
"17,57 : 81.79"
"17,58 : 89.69"
"17,59 : 96.9"
"17,60 : 89.44"
"17,61 : 74.89"
"17,62 : 16.28"
"17,63 : 103.23"
"17,64 : 37.12"
"17,65 : 65.22"
"17,66 : 42.54"
"17,67 : 77.47"
"17,68 : 81.41"
"17,69 : 93.43"
"17,70 : 87.86"
"17,71 : 90.48"
"17,72 : 59.03"
"17,73 : 62.43"
"17,74 : 31.06"
"17,75 : 61.39"
"17,76 : 29.21"
"17,77 : 53.34"
"17,78 : 51.87"
"17,79 : 35.06"
"17,80 : 65.07"
"17,81 : 104.24"
"17,82 : 114.4"
"17,83 : 75.18"
"17,84 : 31.58"
"17,85 : 52.84"
"17,86 : 62.65"
"17,87 : 119.55"
"17,88 : 80.43"
"17,89 : 47.07"
"17,90 : 70.01"
"17,91 : 81.01"
"17,92 : 97.41"
"17,93 : 101.6"
"17,94 : 104.69"
"17,95 : 72.45"
"17,96 : 53.71"
"17,97 : 3.16"
"17,98 : 26.91"
"17,99 : 76.16"
"18,0 : 24.74"
"18,1 : 49.34"
"18,2 : 29.97"
"18,3 : 60.83"
"18,4 : 67.42"
"18,5 : 34.37"
"18,6 : 34.83"
"18,7 : 13.34"
"18,8 : 51.97"
"18,9 : 23.77"
"18,10 : 7.07"
"18,11 : 37.66"
"18,12 : 10.44"
"18,13 : 54.2"
"18,14 : 17.69"
"18,15 : 20.0"
"18,16 : 59.54"
"18,17 : 66.71"
"18,18 : 0.0"
"18,19 : 42.19"
"18,20 : 48.1"
"18,21 : 55.87"
"18,22 : 35.38"
"18,23 : 25.5"
"18,24 : 49.65"
"18,25 : 35.85"
"18,26 : 33.97"
"18,27 : 53.76"
"18,28 : 68.62"
"18,29 : 47.54"
"18,30 : 33.02"
"18,31 : 72.4"
"18,32 : 49.25"
"18,33 : 36.24"
"18,34 : 61.19"
"18,35 : 56.72"
"18,36 : 35.38"
"18,37 : 71.18"
"18,38 : 55.97"
"18,39 : 10.3"
"18,40 : 30.41"
"18,41 : 38.95"
"18,42 : 15.0"
"18,43 : 44.94"
"18,44 : 10.2"
"18,45 : 62.2"
"18,46 : 72.84"
"18,47 : 41.11"
"18,48 : 79.4"
"18,49 : 15.3"
"18,50 : 63.32"
"18,51 : 32.98"
"18,52 : 47.89"
"18,53 : 46.84"
"18,54 : 47.01"
"18,55 : 61.91"
"18,56 : 75.66"
"18,57 : 21.47"
"18,58 : 52.2"
"18,59 : 57.07"
"18,60 : 57.01"
"18,61 : 15.03"
"18,62 : 51.55"
"18,63 : 57.01"
"18,64 : 64.78"
"18,65 : 13.6"
"18,66 : 45.61"
"18,67 : 10.77"
"18,68 : 15.56"
"18,69 : 36.88"
"18,70 : 26.57"
"18,71 : 24.33"
"18,72 : 70.66"
"18,73 : 38.21"
"18,74 : 39.05"
"18,75 : 14.04"
"18,76 : 39.05"
"18,77 : 38.95"
"18,78 : 15.62"
"18,79 : 59.54"
"18,80 : 74.43"
"18,81 : 52.47"
"18,82 : 51.4"
"18,83 : 10.3"
"18,84 : 55.15"
"18,85 : 39.82"
"18,86 : 6.71"
"18,87 : 60.84"
"18,88 : 37.64"
"18,89 : 22.67"
"18,90 : 25.94"
"18,91 : 34.41"
"18,92 : 31.4"
"18,93 : 63.15"
"18,94 : 50.22"
"18,95 : 47.8"
"18,96 : 13.0"
"18,97 : 68.88"
"18,98 : 43.57"
"18,99 : 74.41"
"19,0 : 41.18"
"19,1 : 57.71"
"19,2 : 22.67"
"19,3 : 59.67"
"19,4 : 35.0"
"19,5 : 8.06"
"19,6 : 23.43"
"19,7 : 42.54"
"19,8 : 51.55"
"19,9 : 42.01"
"19,10 : 35.13"
"19,11 : 53.91"
"19,12 : 32.76"
"19,13 : 37.01"
"19,14 : 34.48"
"19,15 : 36.06"
"19,16 : 71.59"
"19,17 : 94.79"
"19,18 : 42.19"
"19,19 : 0.0"
"19,20 : 85.43"
"19,21 : 44.1"
"19,22 : 28.43"
"19,23 : 41.11"
"19,24 : 72.86"
"19,25 : 13.45"
"19,26 : 72.24"
"19,27 : 41.11"
"19,28 : 34.71"
"19,29 : 58.31"
"19,30 : 32.53"
"19,31 : 47.01"
"19,32 : 7.07"
"19,33 : 23.26"
"19,34 : 24.08"
"19,35 : 19.1"
"19,36 : 28.43"
"19,37 : 40.22"
"19,38 : 46.27"
"19,39 : 39.22"
"19,40 : 60.54"
"19,41 : 72.45"
"19,42 : 46.1"
"19,43 : 45.69"
"19,44 : 42.38"
"19,45 : 21.93"
"19,46 : 55.9"
"19,47 : 9.49"
"19,48 : 58.82"
"19,49 : 40.52"
"19,50 : 25.5"
"19,51 : 61.61"
"19,52 : 49.77"
"19,53 : 17.26"
"19,54 : 27.02"
"19,55 : 57.87"
"19,56 : 70.18"
"19,57 : 54.12"
"19,58 : 20.62"
"19,59 : 20.52"
"19,60 : 27.31"
"19,61 : 27.17"
"19,62 : 78.57"
"19,63 : 15.81"
"19,64 : 75.15"
"19,65 : 33.24"
"19,66 : 56.6"
"19,67 : 38.47"
"19,68 : 31.78"
"19,69 : 7.21"
"19,70 : 55.15"
"19,71 : 42.94"
"19,72 : 67.74"
"19,73 : 35.78"
"19,74 : 75.13"
"19,75 : 56.22"
"19,76 : 66.07"
"19,77 : 44.42"
"19,78 : 54.41"
"19,79 : 71.59"
"19,80 : 68.12"
"19,81 : 10.44"
"19,82 : 27.02"
"19,83 : 33.02"
"19,84 : 70.18"
"19,85 : 45.28"
"19,86 : 40.26"
"19,87 : 25.55"
"19,88 : 16.16"
"19,89 : 61.98"
"19,90 : 24.84"
"19,91 : 71.81"
"19,92 : 45.8"
"19,93 : 25.61"
"19,94 : 9.9"
"19,95 : 33.24"
"19,96 : 49.65"
"19,97 : 97.67"
"19,98 : 67.9"
"19,99 : 60.41"
"20,0 : 70.21"
"20,1 : 51.92"
"20,2 : 65.15"
"20,3 : 66.41"
"20,4 : 98.41"
"20,5 : 78.77"
"20,6 : 82.88"
"20,7 : 42.94"
"20,8 : 62.17"
"20,9 : 45.35"
"20,10 : 54.04"
"20,11 : 42.19"
"20,12 : 54.08"
"20,13 : 78.0"
"20,14 : 51.08"
"20,15 : 49.98"
"20,16 : 50.25"
"20,17 : 29.12"
"20,18 : 48.1"
"20,19 : 85.43"
"20,20 : 0.0"
"20,21 : 74.33"
"20,22 : 83.44"
"20,23 : 47.07"
"20,24 : 31.38"
"20,25 : 82.66"
"20,26 : 14.14"
"20,27 : 74.11"
"20,28 : 100.6"
"20,29 : 48.76"
"20,30 : 80.72"
"20,31 : 96.19"
"20,32 : 92.2"
"20,33 : 68.88"
"20,34 : 97.29"
"20,35 : 94.11"
"20,36 : 83.44"
"20,37 : 100.08"
"20,38 : 72.56"
"20,39 : 46.65"
"20,40 : 63.57"
"20,41 : 62.65"
"20,42 : 39.36"
"20,43 : 59.21"
"20,44 : 43.57"
"20,45 : 100.96"
"20,46 : 88.84"
"20,47 : 87.13"
"20,48 : 96.88"
"20,49 : 61.22"
"20,50 : 109.42"
"20,51 : 27.02"
"20,52 : 58.69"
"20,53 : 82.46"
"20,54 : 76.66"
"20,55 : 69.92"
"20,56 : 79.2"
"20,57 : 57.7"
"20,58 : 86.88"
"20,59 : 93.62"
"20,60 : 88.81"
"20,61 : 60.46"
"20,62 : 24.84"
"20,63 : 97.41"
"20,64 : 54.64"
"20,65 : 52.35"
"20,66 : 48.27"
"20,67 : 58.05"
"20,68 : 63.66"
"20,69 : 81.99"
"20,70 : 63.56"
"20,71 : 69.07"
"20,72 : 73.41"
"20,73 : 61.2"
"20,74 : 10.44"
"20,75 : 38.28"
"20,76 : 26.48"
"20,77 : 54.01"
"20,78 : 32.65"
"20,79 : 50.25"
"20,80 : 79.31"
"20,81 : 95.75"
"20,82 : 99.36"
"20,83 : 58.14"
"20,84 : 44.78"
"20,85 : 54.04"
"20,86 : 46.62"
"20,87 : 107.62"
"20,88 : 74.33"
"20,89 : 25.46"
"20,90 : 61.68"
"20,91 : 53.46"
"20,92 : 75.47"
"20,93 : 99.25"
"20,94 : 94.83"
"20,95 : 73.11"
"20,96 : 36.62"
"20,97 : 29.43"
"20,98 : 29.73"
"20,99 : 87.09"
"21,0 : 72.01"
"21,1 : 25.0"
"21,2 : 29.55"
"21,3 : 17.8"
"21,4 : 28.84"
"21,5 : 45.28"
"21,6 : 63.15"
"21,7 : 45.0"
"21,8 : 13.93"
"21,9 : 34.99"
"21,10 : 52.01"
"21,11 : 32.14"
"21,12 : 47.01"
"21,13 : 8.06"
"21,14 : 38.18"
"21,15 : 36.12"
"21,16 : 36.36"
"21,17 : 69.26"
"21,18 : 55.87"
"21,19 : 44.1"
"21,20 : 74.33"
"21,21 : 0.0"
"21,22 : 67.68"
"21,23 : 32.76"
"21,24 : 47.85"
"21,25 : 54.33"
"21,26 : 66.22"
"21,27 : 3.0"
"21,28 : 31.62"
"21,29 : 27.66"
"21,30 : 69.92"
"21,31 : 22.02"
"21,32 : 46.1"
"21,33 : 24.04"
"21,34 : 35.0"
"21,35 : 35.36"
"21,36 : 67.68"
"21,37 : 28.23"
"21,38 : 2.83"
"21,39 : 46.01"
"21,40 : 85.43"
"21,41 : 94.79"
"21,42 : 46.32"
"21,43 : 15.13"
"21,44 : 47.63"
"21,45 : 41.88"
"21,46 : 17.03"
"21,47 : 53.0"
"21,48 : 24.19"
"21,49 : 65.73"
"21,50 : 66.1"
"21,51 : 47.68"
"21,52 : 16.12"
"21,53 : 27.66"
"21,54 : 17.12"
"21,55 : 14.76"
"21,56 : 26.08"
"21,57 : 76.69"
"21,58 : 27.31"
"21,59 : 33.62"
"21,60 : 23.6"
"21,61 : 47.51"
"21,62 : 55.73"
"21,63 : 42.95"
"21,64 : 37.64"
"21,65 : 42.52"
"21,66 : 27.29"
"21,67 : 61.03"
"21,68 : 58.18"
"21,69 : 48.09"
"21,70 : 80.8"
"21,71 : 72.95"
"21,72 : 24.04"
"21,73 : 17.69"
"21,74 : 64.78"
"21,75 : 65.8"
"21,76 : 48.04"
"21,77 : 20.88"
"21,78 : 56.44"
"21,79 : 36.36"
"21,80 : 24.02"
"21,81 : 48.76"
"21,82 : 71.03"
"21,83 : 54.08"
"21,84 : 38.08"
"21,85 : 20.62"
"21,86 : 49.52"
"21,87 : 67.91"
"21,88 : 29.15"
"21,89 : 61.33"
"21,90 : 32.25"
"21,91 : 89.94"
"21,92 : 78.72"
"21,93 : 36.24"
"21,94 : 51.97"
"21,95 : 11.05"
"21,96 : 52.15"
"21,97 : 72.42"
"21,98 : 46.1"
"21,99 : 18.87"
"22,0 : 18.11"
"22,1 : 73.55"
"22,2 : 39.12"
"22,3 : 80.1"
"22,4 : 63.41"
"22,5 : 23.26"
"22,6 : 5.0"
"22,7 : 44.29"
"22,8 : 71.03"
"22,9 : 50.29"
"22,10 : 30.23"
"22,11 : 65.25"
"22,12 : 32.2"
"22,13 : 61.98"
"22,14 : 40.8"
"22,15 : 43.68"
"22,16 : 86.49"
"22,17 : 100.85"
"22,18 : 35.38"
"22,19 : 28.43"
"22,20 : 83.44"
"22,21 : 67.68"
"22,22 : 0.0"
"22,23 : 50.7"
"22,24 : 81.54"
"22,25 : 15.0"
"22,26 : 69.3"
"22,27 : 64.76"
"22,28 : 63.13"
"22,29 : 72.99"
"22,30 : 5.1"
"22,31 : 74.79"
"22,32 : 32.65"
"22,33 : 43.74"
"22,34 : 52.35"
"22,35 : 47.42"
"22,36 : 0.0"
"22,37 : 68.6"
"22,38 : 69.23"
"22,39 : 39.82"
"22,40 : 38.01"
"22,41 : 50.09"
"22,42 : 47.51"
"22,43 : 64.0"
"22,44 : 42.19"
"22,45 : 49.04"
"22,46 : 81.93"
"22,47 : 19.85"
"22,48 : 85.91"
"22,49 : 23.71"
"22,50 : 35.13"
"22,51 : 66.24"
"22,52 : 68.01"
"22,53 : 44.29"
"22,54 : 51.87"
"22,55 : 79.4"
"22,56 : 92.91"
"22,57 : 34.71"
"22,58 : 48.55"
"22,59 : 48.92"
"22,60 : 55.23"
"22,61 : 26.57"
"22,62 : 85.0"
"22,63 : 42.64"
"22,64 : 91.08"
"22,65 : 36.4"
"22,66 : 71.02"
"22,67 : 25.61"
"22,68 : 19.85"
"22,69 : 21.63"
"22,70 : 33.02"
"22,71 : 20.1"
"22,72 : 89.36"
"22,73 : 54.04"
"22,74 : 74.41"
"22,75 : 46.62"
"22,76 : 72.01"
"22,77 : 60.21"
"22,78 : 50.99"
"22,79 : 86.49"
"22,80 : 91.08"
"22,81 : 33.84"
"22,82 : 17.72"
"22,83 : 25.81"
"22,84 : 83.43"
"22,85 : 61.2"
"22,86 : 38.28"
"22,87 : 31.0"
"22,88 : 38.9"
"22,89 : 57.98"
"22,90 : 38.01"
"22,91 : 52.35"
"22,92 : 19.65"
"22,93 : 53.74"
"22,94 : 29.15"
"22,95 : 56.75"
"22,96 : 47.8"
"22,97 : 103.25"
"22,98 : 75.64"
"22,99 : 85.73"
"23,0 : 47.27"
"23,1 : 24.33"
"23,2 : 18.87"
"23,3 : 35.36"
"23,4 : 52.01"
"23,5 : 36.24"
"23,6 : 47.76"
"23,7 : 12.81"
"23,8 : 26.63"
"23,9 : 2.24"
"23,10 : 24.33"
"23,11 : 14.56"
"23,12 : 20.02"
"23,13 : 33.53"
"23,14 : 10.05"
"23,15 : 7.07"
"23,16 : 36.12"
"23,17 : 53.74"
"23,18 : 25.5"
"23,19 : 41.11"
"23,20 : 47.07"
"23,21 : 32.76"
"23,22 : 50.7"
"23,23 : 0.0"
"23,24 : 32.2"
"23,25 : 43.05"
"23,26 : 36.0"
"23,27 : 31.3"
"23,28 : 54.01"
"23,29 : 23.02"
"23,30 : 50.64"
"23,31 : 52.5"
"23,32 : 47.2"
"23,33 : 21.84"
"23,34 : 50.22"
"23,35 : 47.13"
"23,36 : 50.7"
"23,37 : 54.33"
"23,38 : 32.2"
"23,39 : 15.23"
"23,40 : 55.9"
"23,41 : 63.82"
"23,42 : 13.6"
"23,43 : 19.85"
"23,44 : 15.81"
"23,45 : 54.08"
"23,46 : 49.65"
"23,47 : 45.61"
"23,48 : 56.94"
"23,49 : 38.83"
"23,50 : 66.48"
"23,51 : 21.02"
"23,52 : 22.47"
"23,53 : 35.44"
"23,54 : 30.0"
"23,55 : 36.62"
"23,56 : 50.25"
"23,57 : 46.96"
"23,58 : 39.81"
"23,59 : 46.57"
"23,60 : 42.05"
"23,61 : 24.33"
"23,62 : 37.48"
"23,63 : 50.99"
"23,64 : 41.01"
"23,65 : 15.0"
"23,66 : 21.02"
"23,67 : 33.73"
"23,68 : 34.0"
"23,69 : 39.82"
"23,70 : 52.0"
"23,71 : 47.52"
"23,72 : 45.18"
"23,73 : 15.81"
"23,74 : 36.67"
"23,75 : 33.3"
"23,76 : 25.0"
"23,77 : 13.6"
"23,78 : 23.71"
"23,79 : 36.12"
"23,80 : 49.09"
"23,81 : 50.8"
"23,82 : 61.77"
"23,83 : 28.07"
"23,84 : 32.76"
"23,85 : 14.42"
"23,86 : 18.79"
"23,87 : 65.86"
"23,88 : 27.73"
"23,89 : 29.12"
"23,90 : 16.28"
"23,91 : 58.05"
"23,92 : 54.33"
"23,93 : 52.17"
"23,94 : 50.99"
"23,95 : 27.66"
"23,96 : 19.42"
"23,97 : 56.59"
"23,98 : 26.91"
"23,99 : 50.33"
"24,0 : 74.33"
"24,1 : 23.09"
"24,2 : 50.21"
"24,3 : 36.35"
"24,4 : 75.27"
"24,5 : 68.41"
"24,6 : 79.16"
"24,7 : 37.64"
"24,8 : 34.23"
"24,9 : 31.91"
"24,10 : 52.2"
"24,11 : 19.21"
"24,12 : 49.4"
"24,13 : 53.45"
"24,14 : 41.18"
"24,15 : 38.59"
"24,16 : 18.87"
"24,17 : 22.47"
"24,18 : 49.65"
"24,19 : 72.86"
"24,20 : 31.38"
"24,21 : 47.85"
"24,22 : 81.54"
"24,23 : 32.2"
"24,24 : 0.0"
"24,25 : 75.17"
"24,26 : 31.06"
"24,27 : 48.51"
"24,28 : 77.83"
"24,29 : 20.22"
"24,30 : 80.65"
"24,31 : 69.72"
"24,32 : 78.52"
"24,33 : 51.22"
"24,34 : 77.41"
"24,35 : 75.47"
"24,36 : 81.54"
"24,37 : 75.69"
"24,38 : 45.54"
"24,39 : 42.06"
"24,40 : 76.24"
"24,41 : 80.05"
"24,42 : 34.93"
"24,43 : 33.84"
"24,44 : 40.26"
"24,45 : 82.68"
"24,46 : 60.03"
"24,47 : 77.8"
"24,48 : 68.07"
"24,49 : 64.94"
"24,50 : 98.35"
"24,51 : 17.0"
"24,52 : 31.78"
"24,53 : 64.07"
"24,54 : 55.47"
"24,55 : 40.2"
"24,56 : 48.1"
"24,57 : 68.03"
"24,58 : 67.23"
"24,59 : 74.43"
"24,60 : 67.12"
"24,61 : 55.04"
"24,62 : 8.0"
"24,63 : 80.8"
"24,64 : 23.43"
"24,65 : 45.19"
"24,66 : 20.62"
"24,67 : 60.21"
"24,68 : 62.94"
"24,69 : 72.01"
"24,70 : 74.01"
"24,71 : 73.98"
"24,72 : 42.38"
"24,73 : 39.96"
"24,74 : 25.5"
"24,75 : 48.37"
"24,76 : 11.05"
"24,77 : 30.89"
"24,78 : 37.05"
"24,79 : 18.87"
"24,80 : 48.38"
"24,81 : 82.07"
"24,82 : 93.81"
"24,83 : 56.61"
"24,84 : 13.42"
"24,85 : 30.41"
"24,86 : 44.38"
"24,87 : 97.95"
"24,88 : 58.14"
"24,89 : 35.17"
"24,90 : 48.27"
"24,91 : 71.84"
"24,92 : 81.05"
"24,93 : 79.18"
"24,94 : 82.76"
"24,95 : 50.16"
"24,96 : 37.12"
"24,97 : 25.55"
"24,98 : 6.08"
"24,99 : 57.43"
"25,0 : 28.79"
"25,1 : 63.6"
"25,2 : 27.66"
"25,3 : 68.18"
"25,4 : 48.41"
"25,5 : 9.06"
"25,6 : 10.0"
"25,7 : 40.36"
"25,8 : 59.41"
"25,9 : 43.27"
"25,10 : 29.07"
"25,11 : 57.25"
"25,12 : 28.6"
"25,13 : 48.05"
"25,14 : 34.21"
"25,15 : 36.62"
"25,16 : 77.16"
"25,17 : 96.05"
"25,18 : 35.85"
"25,19 : 13.45"
"25,20 : 82.66"
"25,21 : 54.33"
"25,22 : 15.0"
"25,23 : 43.05"
"25,24 : 75.17"
"25,25 : 0.0"
"25,26 : 68.8"
"25,27 : 51.35"
"25,28 : 48.17"
"25,29 : 63.57"
"25,30 : 19.1"
"25,31 : 59.94"
"25,32 : 18.36"
"25,33 : 31.02"
"25,34 : 37.48"
"25,35 : 32.53"
"25,36 : 15.0"
"25,37 : 53.6"
"25,38 : 56.14"
"25,39 : 36.24"
"25,40 : 48.76"
"25,41 : 60.88"
"25,42 : 43.93"
"25,43 : 52.77"
"25,44 : 39.2"
"25,45 : 34.67"
"25,46 : 67.72"
"25,47 : 6.08"
"25,48 : 71.31"
"25,49 : 30.02"
"25,50 : 27.51"
"25,51 : 61.62"
"25,52 : 56.89"
"25,53 : 29.55"
"25,54 : 37.85"
"25,55 : 67.01"
"25,56 : 80.1"
"25,57 : 43.29"
"25,58 : 33.62"
"25,59 : 33.97"
"25,60 : 40.31"
"25,61 : 22.2"
"25,62 : 79.81"
"25,63 : 28.3"
"25,64 : 81.32"
"25,65 : 31.11"
"25,66 : 61.68"
"25,67 : 29.27"
"25,68 : 22.2"
"25,69 : 6.71"
"25,70 : 43.42"
