x,y
22,58
39,57
66,70
71,84
96,81
15,13
22,24
22,72
81,12
78,74
1,27
23,6
12,51
77,72
26,81
23,33
61,58
82,74
87,56
59,10
15,92
39,74
44,6
8,65
64,7
37,20
5,52
4,35
90,94
7,90
52,80
100,31
85,62
17,56
71,55
43,6
59,77
44,35
27,4
80,9
19,76
32,60
38,57
43,16
62,75
66,85
3,93
79,41
35,77
28,67
59,7
64,2
94,76
13,34
89,86
29,71
86,98
12,38
97,99
61,87
71,23
85,45
11,93
18,33
56,21
42,19
52,13
41,43
53,47
37,20
59,99
54,25
70,70
32,85
36,3
30,36
22,55
55,15
34,15
11,7
97,67
77,75
95,46
85,45
52,19
46,76
83,70
47,6
97,60
89,66
36,74
100,4
86,74
96,74
64,20
27,84
42,86
54,70
33,43
0,91

Distanze
"0,0 : 0.0"
"0,1 : 17.03"
"0,2 : 45.61"
"0,3 : 55.47"
"0,4 : 77.49"
"0,5 : 45.54"
"0,6 : 34.0"
"0,7 : 14.0"
"0,8 : 74.81"
"0,9 : 58.24"
"0,10 : 37.44"
"0,11 : 52.01"
"0,12 : 12.21"
"0,13 : 56.75"
"0,14 : 23.35"
"0,15 : 25.02"
"0,16 : 39.0"
"0,17 : 62.1"
"0,18 : 65.03"
"0,19 : 60.61"
"0,20 : 34.71"
"0,21 : 23.35"
"0,22 : 56.46"
"0,23 : 15.65"
"0,24 : 66.07"
"0,25 : 40.85"
"0,26 : 18.03"
"0,27 : 29.21"
"0,28 : 76.94"
"0,29 : 35.34"
"0,30 : 37.2"
"0,31 : 82.54"
"0,32 : 63.13"
"0,33 : 5.39"
"0,34 : 49.09"
"0,35 : 56.08"
"0,36 : 41.59"
"0,37 : 31.83"
"0,38 : 54.23"
"0,39 : 75.93"
"0,40 : 18.25"
"0,41 : 10.2"
"0,42 : 16.03"
"0,43 : 46.96"
"0,44 : 43.46"
"0,45 : 51.62"
"0,46 : 39.82"
"0,47 : 59.48"
"0,48 : 23.02"
"0,49 : 10.82"
"0,50 : 63.01"
"0,51 : 70.0"
"0,52 : 74.22"
"0,53 : 25.63"
"0,54 : 72.62"
"0,55 : 14.76"
"0,56 : 75.47"
"0,57 : 22.36"
"0,58 : 85.48"
"0,59 : 48.6"
"0,60 : 60.22"
"0,61 : 64.33"
"0,62 : 36.69"
"0,63 : 25.32"
"0,64 : 50.25"
"0,65 : 43.83"
"0,66 : 54.08"
"0,67 : 24.21"
"0,68 : 32.89"
"0,69 : 40.85"
"0,70 : 55.23"
"0,71 : 45.97"
"0,72 : 49.48"
"0,73 : 28.79"
"0,74 : 56.75"
"0,75 : 23.41"
"0,76 : 3.0"
"0,77 : 54.2"
"0,78 : 44.64"
"0,79 : 52.17"
"0,80 : 75.54"
"0,81 : 57.57"
"0,82 : 73.98"
"0,83 : 64.33"
"0,84 : 49.2"
"0,85 : 30.0"
"0,86 : 62.17"
"0,87 : 57.7"
"0,88 : 75.03"
"0,89 : 67.48"
"0,90 : 21.26"
"0,91 : 94.87"
"0,92 : 65.97"
"0,93 : 75.71"
"0,94 : 56.64"
"0,95 : 26.48"
"0,96 : 34.41"
"0,97 : 34.18"
"0,98 : 18.6"
"0,99 : 39.66"
"1,0 : 17.03"
"1,1 : 0.0"
"1,2 : 29.97"
"1,3 : 41.87"
"1,4 : 61.85"
"1,5 : 50.12"
"1,6 : 37.12"
"1,7 : 22.67"
"1,8 : 61.55"
"1,9 : 42.54"
"1,10 : 48.41"
"1,11 : 53.45"
"1,12 : 27.66"
"1,13 : 40.85"
"1,14 : 27.29"
"1,15 : 28.84"
"1,16 : 22.02"
"1,17 : 46.24"
"1,18 : 48.01"
"1,19 : 51.08"
"1,20 : 42.44"
"1,21 : 17.0"
"1,22 : 51.24"
"1,23 : 32.02"
"1,24 : 55.9"
"1,25 : 37.05"
"1,26 : 34.37"
"1,27 : 41.34"
"1,28 : 63.01"
"1,29 : 45.97"
"1,30 : 26.42"
"1,31 : 66.31"
"1,32 : 46.27"
"1,33 : 22.02"
"1,34 : 32.06"
"1,35 : 51.16"
"1,36 : 28.28"
"1,37 : 22.56"
"1,38 : 54.34"
"1,39 : 63.13"
"1,40 : 27.59"
"1,41 : 7.62"
"1,42 : 1.0"
"1,43 : 41.19"
"1,44 : 29.21"
"1,45 : 38.9"
"1,46 : 50.91"
"1,47 : 43.08"
"1,48 : 20.4"
"1,49 : 14.87"
"1,50 : 53.85"
"1,51 : 60.42"
"1,52 : 58.19"
"1,53 : 34.71"
"1,54 : 57.8"
"1,55 : 17.2"
"1,56 : 62.37"
"1,57 : 33.02"
"1,58 : 71.61"
"1,59 : 37.2"
"1,60 : 46.69"
"1,61 : 47.54"
"1,62 : 45.61"
"1,63 : 31.89"
"1,64 : 39.81"
"1,65 : 38.12"
"1,66 : 45.88"
"1,67 : 14.14"
"1,68 : 17.2"
"1,69 : 37.05"
"1,70 : 46.52"
"1,71 : 35.34"
"1,72 : 33.62"
"1,73 : 28.86"
"1,74 : 54.08"
"1,75 : 22.85"
"1,76 : 17.12"
"1,77 : 44.94"
"1,78 : 42.3"
"1,79 : 57.31"
"1,80 : 58.86"
"1,81 : 42.05"
"1,82 : 57.07"
"1,83 : 47.54"
"1,84 : 40.16"
"1,85 : 20.25"
"1,86 : 45.88"
"1,87 : 51.62"
"1,88 : 58.08"
"1,89 : 50.8"
"1,90 : 17.26"
"1,91 : 80.81"
"1,92 : 49.98"
"1,93 : 59.48"
"1,94 : 44.65"
"1,95 : 29.55"
"1,96 : 29.15"
"1,97 : 19.85"
"1,98 : 15.23"
"1,99 : 51.74"
"2,0 : 45.61"
"2,1 : 29.97"
"2,2 : 0.0"
"2,3 : 14.87"
"2,4 : 31.95"
"2,5 : 76.49"
"2,6 : 63.66"
"2,7 : 44.05"
"2,8 : 59.91"
"2,9 : 12.65"
"2,10 : 77.94"
"2,11 : 77.1"
"2,12 : 57.25"
"2,13 : 11.18"
"2,14 : 41.48"
"2,15 : 56.73"
"2,16 : 13.0"
"2,17 : 16.49"
"2,18 : 25.24"
"2,19 : 60.41"
"2,20 : 55.54"
"2,21 : 27.29"
"2,22 : 67.68"
"2,23 : 58.22"
"2,24 : 63.03"
"2,25 : 57.8"
"2,26 : 63.6"
"2,27 : 71.2"
"2,28 : 33.94"
"2,29 : 62.3"
"2,30 : 17.2"
"2,31 : 51.74"
"2,32 : 20.62"
"2,33 : 50.96"
"2,34 : 15.81"
"2,35 : 68.01"
"2,36 : 9.9"
"2,37 : 41.34"
"2,38 : 76.66"
"2,39 : 62.59"
"2,40 : 47.38"
"2,41 : 35.44"
"2,42 : 30.87"
"2,43 : 58.69"
"2,44 : 6.4"
"2,45 : 15.0"
"2,46 : 67.07"
"2,47 : 31.78"
"2,48 : 31.78"
"2,49 : 38.12"
"2,50 : 63.39"
"2,51 : 68.03"
"2,52 : 28.64"
"2,53 : 64.07"
"2,54 : 28.02"
"2,55 : 37.01"
"2,56 : 34.41"
"2,57 : 62.77"
"2,58 : 42.45"
"2,59 : 17.72"
"2,60 : 47.27"
"2,61 : 31.4"
"2,62 : 59.62"
"2,63 : 60.61"
"2,64 : 50.01"
"2,65 : 56.36"
"2,66 : 58.69"
"2,67 : 36.8"
"2,68 : 26.42"
"2,69 : 57.8"
"2,70 : 29.83"
"2,71 : 46.57"
"2,72 : 4.0"
"2,73 : 37.16"
"2,74 : 73.41"
"2,75 : 49.52"
"2,76 : 46.49"
"2,77 : 56.09"
"2,78 : 63.63"
"2,79 : 83.63"
"2,80 : 31.14"
"2,81 : 12.08"
"2,82 : 37.64"
"2,83 : 31.4"
"2,84 : 52.89"
"2,85 : 20.88"
"2,86 : 17.0"
"2,87 : 66.76"
"2,88 : 32.57"
"2,89 : 23.35"
"2,90 : 30.27"
"2,91 : 74.24"
"2,92 : 20.4"
"2,93 : 30.27"
"2,94 : 50.04"
"2,95 : 41.44"
"2,96 : 28.84"
"2,97 : 12.0"
"2,98 : 42.64"
"2,99 : 69.26"
"3,0 : 55.47"
"3,1 : 41.87"
"3,2 : 14.87"
"3,3 : 0.0"
"3,4 : 25.18"
"3,5 : 90.43"
"3,6 : 77.47"
"3,7 : 50.45"
"3,8 : 72.69"
"3,9 : 12.21"
"3,10 : 90.27"
"3,11 : 91.59"
"3,12 : 67.6"
"3,13 : 13.42"
"3,14 : 45.1"
"3,15 : 70.04"
"3,16 : 27.86"
"3,17 : 14.87"
"3,18 : 32.25"
"3,19 : 74.97"
"3,20 : 56.57"
"3,21 : 33.53"
"3,22 : 82.54"
"3,23 : 65.8"
"3,24 : 77.32"
"3,25 : 72.47"
"3,26 : 73.35"
"3,27 : 83.01"
"3,28 : 21.47"
"3,29 : 64.28"
"3,30 : 19.42"
"3,31 : 60.42"
"3,32 : 26.08"
"3,33 : 60.83"
"3,34 : 29.0"
"3,35 : 82.87"
"3,36 : 13.89"
"3,37 : 55.95"
"3,38 : 91.3"
"3,39 : 75.54"
"3,40 : 52.61"
"3,41 : 45.79"
"3,42 : 42.64"
"3,43 : 73.54"
"3,44 : 12.73"
"3,45 : 5.1"
"3,46 : 68.59"
"3,47 : 43.74"
"3,48 : 36.67"
"3,49 : 46.24"
"3,50 : 77.93"
"3,51 : 82.3"
"3,52 : 24.35"
"3,53 : 76.58"
"3,54 : 18.11"
"3,55 : 43.97"
"3,56 : 20.52"
"3,57 : 74.81"
"3,58 : 30.02"
"3,59 : 10.44"
"3,60 : 61.0"
"3,61 : 41.44"
"3,62 : 60.67"
"3,63 : 73.55"
"3,64 : 64.76"
"3,65 : 71.18"
"3,66 : 73.5"
"3,67 : 50.8"
"3,68 : 41.15"
"3,69 : 72.47"
"3,70 : 19.21"
"3,71 : 61.4"
"3,72 : 14.04"
"3,73 : 39.01"
"3,74 : 88.24"
"3,75 : 63.13"
"3,76 : 56.94"
"3,77 : 70.83"
"3,78 : 78.29"
"3,79 : 97.62"
"3,80 : 31.06"
"3,81 : 10.82"
"3,82 : 44.94"
"3,83 : 41.44"
"3,84 : 67.72"
"3,85 : 26.25"
"3,86 : 18.44"
"3,87 : 81.61"
"3,88 : 35.38"
"3,89 : 25.46"
"3,90 : 36.4"
"3,91 : 85.09"
"3,92 : 18.03"
"3,93 : 26.93"
"3,94 : 64.38"
"3,95 : 44.0"
"3,96 : 29.07"
"3,97 : 22.02"
"3,98 : 55.9"
"3,99 : 71.34"
"4,0 : 77.49"
"4,1 : 61.85"
"4,2 : 31.95"
"4,3 : 25.18"
"4,4 : 0.0"
"4,5 : 105.76"
"4,6 : 93.41"
"4,7 : 74.55"
"4,8 : 70.61"
"4,9 : 19.31"
"4,10 : 109.27"
"4,11 : 104.66"
"4,12 : 89.2"
"4,13 : 21.02"
"4,14 : 70.0"
"4,15 : 87.37"
"4,16 : 41.88"
"4,17 : 15.65"
"4,18 : 26.57"
"4,19 : 80.06"
"4,20 : 81.74"
"4,21 : 57.43"
"4,22 : 91.26"
"4,23 : 89.44"
"4,24 : 80.62"
"4,25 : 84.86"
"4,26 : 95.51"
"4,27 : 102.86"
"4,28 : 14.32"
"4,29 : 89.45"
"4,30 : 44.01"
"4,31 : 50.16"
"4,32 : 21.95"
"4,33 : 82.86"
"4,34 : 36.07"
"4,35 : 91.84"
"4,36 : 37.22"
"4,37 : 69.43"
"4,38 : 103.39"
"4,39 : 73.76"
"4,40 : 77.16"
"4,41 : 67.36"
"4,42 : 62.77"
"4,43 : 83.87"
"4,44 : 34.53"
"4,45 : 30.27"
"4,46 : 93.77"
"4,47 : 43.46"
"4,48 : 61.13"
"4,49 : 69.43"
"4,50 : 82.73"
"4,51 : 85.23"
"4,52 : 5.39"
"4,53 : 95.38"
"4,54 : 8.6"
"4,55 : 67.74"
"4,56 : 19.72"
"4,57 : 94.37"
"4,58 : 18.03"
"4,59 : 35.51"
"4,60 : 63.16"
"4,61 : 37.64"
"4,62 : 85.84"
"4,63 : 91.59"
"4,64 : 72.11"
"4,65 : 82.22"
"4,66 : 80.99"
"4,67 : 66.85"
"4,68 : 54.82"
"4,69 : 84.86"
"4,70 : 41.15"
"4,71 : 70.0"
"4,72 : 28.23"
"4,73 : 64.12"
"4,74 : 98.41"
"4,75 : 79.88"
"4,76 : 78.43"
"4,77 : 77.7"
"4,78 : 90.55"
"4,79 : 112.7"
"4,80 : 14.04"
"4,81 : 19.92"
"4,82 : 35.01"
"4,83 : 37.64"
"4,84 : 76.03"
"4,85 : 50.25"
"4,86 : 17.03"
"4,87 : 89.59"
"4,88 : 21.02"
"4,89 : 16.55"
"4,90 : 60.41"
"4,91 : 77.1"
"4,92 : 12.21"
"4,93 : 7.0"
"4,94 : 68.88"
"4,95 : 69.07"
"4,96 : 54.23"
"4,97 : 43.42"
"4,98 : 73.57"
"4,99 : 96.52"
"5,0 : 45.54"
"5,1 : 50.12"
"5,2 : 76.49"
"5,3 : 90.43"
"5,4 : 105.76"
"5,5 : 0.0"
"5,6 : 13.04"
"5,7 : 59.41"
"5,8 : 66.01"
"5,9 : 87.69"
"5,10 : 19.8"
"5,11 : 10.63"
"5,12 : 38.12"
"5,13 : 85.59"
"5,14 : 68.88"
"5,15 : 21.54"
"5,16 : 64.35"
"5,17 : 90.61"
"5,18 : 83.86"
"5,19 : 44.1"
"5,20 : 79.0"
"5,21 : 65.55"
"5,22 : 29.83"
"5,23 : 52.47"
"5,24 : 49.37"
"5,25 : 23.09"
"5,26 : 40.26"
"5,27 : 24.6"
"5,28 : 110.39"
"5,29 : 77.41"
"5,30 : 76.54"
"5,31 : 86.88"
"5,32 : 85.45"
"5,33 : 43.05"
"5,34 : 70.0"
"5,35 : 28.86"
"5,36 : 77.67"
"5,37 : 36.4"
"5,38 : 15.0"
"5,39 : 65.12"
"5,40 : 63.13"
"5,41 : 49.98"
"5,42 : 49.65"
"5,43 : 28.16"
"5,44 : 77.8"
"5,45 : 88.23"
"5,46 : 80.89"
"5,47 : 69.86"
"5,48 : 67.05"
"5,49 : 55.54"
"5,50 : 44.41"
"5,51 : 50.22"
"5,52 : 101.04"
"5,53 : 21.1"
"5,54 : 103.95"
"5,55 : 59.67"
"5,56 : 110.75"
"5,57 : 25.18"
"5,58 : 118.83"
"5,59 : 87.13"
"5,60 : 56.89"
"5,61 : 76.97"
"5,62 : 80.1"
"5,63 : 20.22"
"5,64 : 41.77"
"5,65 : 27.66"
"5,66 : 37.0"
"5,67 : 39.7"
"5,68 : 50.99"
"5,69 : 23.09"
"5,70 : 96.6"
"5,71 : 40.8"
"5,72 : 79.21"
"5,73 : 73.98"
"5,74 : 23.26"
"5,75 : 27.46"
"5,76 : 42.58"
"5,77 : 40.05"
"5,78 : 19.1"
"5,79 : 7.21"
"5,80 : 98.18"
"5,81 : 87.68"
"5,82 : 86.54"
"5,83 : 76.97"
"5,84 : 37.48"
"5,85 : 70.21"
"5,86 : 88.73"
"5,87 : 32.76"
"5,88 : 94.51"
"5,89 : 91.02"
"5,90 : 64.51"
"5,91 : 85.48"
"5,92 : 93.61"
"5,93 : 101.4"
"5,94 : 49.5"
"5,95 : 72.01"
"5,96 : 77.83"
"5,97 : 69.07"
"5,98 : 34.99"
"5,99 : 79.43"
"6,0 : 34.0"
"6,1 : 37.12"
"6,2 : 63.66"
"6,3 : 77.47"
"6,4 : 93.41"
"6,5 : 13.04"
"6,6 : 0.0"
"6,7 : 48.0"
"6,8 : 60.21"
"6,9 : 75.07"
"6,10 : 21.21"
"6,11 : 18.03"
"6,12 : 28.79"
"6,13 : 73.0"
"6,14 : 57.14"
"6,15 : 9.06"
"6,16 : 51.74"
"6,17 : 78.1"
"6,18 : 72.45"
"6,19 : 39.56"
"6,20 : 68.36"
"6,21 : 52.81"
"6,22 : 28.43"
"6,23 : 43.32"
"6,24 : 45.31"
"6,25 : 15.52"
"6,26 : 32.76"
"6,27 : 21.1"
"6,28 : 97.59"
"6,29 : 67.68"
"6,30 : 63.53"
"6,31 : 78.31"
"6,32 : 73.57"
"6,33 : 32.39"
"6,34 : 57.98"
"6,35 : 27.66"
"6,36 : 64.64"
"6,37 : 24.6"
"6,38 : 20.62"
"6,39 : 59.91"
"6,40 : 52.09"
"6,41 : 37.36"
"6,42 : 36.67"
"6,43 : 22.47"
"6,44 : 64.82"
"6,45 : 75.21"
"6,46 : 71.57"
"6,47 : 59.48"
"6,48 : 54.57"
"6,49 : 43.42"
"6,50 : 40.72"
"6,51 : 47.41"
"6,52 : 88.81"
"6,53 : 13.45"
"6,54 : 91.29"
"6,55 : 47.52"
"6,56 : 97.84"
"6,57 : 17.2"
"6,58 : 106.07"
"6,59 : 74.09"
"6,60 : 49.01"
"6,61 : 66.41"
"6,62 : 69.87"
"6,63 : 9.85"
"6,64 : 34.13"
"6,65 : 20.62"
"6,66 : 31.95"
"6,67 : 26.87"
"6,68 : 38.6"
"6,69 : 15.52"
"6,70 : 83.63"
"6,71 : 32.02"
"6,72 : 66.48"
"6,73 : 61.81"
"6,74 : 25.24"
"6,75 : 14.42"
"6,76 : 31.0"
"6,77 : 34.21"
"6,78 : 15.0"
"6,79 : 20.25"
"6,80 : 86.45"
"6,81 : 75.01"
"6,82 : 76.24"
"6,83 : 66.41"
"6,84 : 30.41"
"6,85 : 57.27"
"6,86 : 76.4"
"6,87 : 30.81"
"6,88 : 83.19"
"6,89 : 79.08"
"6,90 : 51.92"
"6,91 : 80.52"
"6,92 : 81.22"
"6,93 : 89.31"
"6,94 : 42.19"
"6,95 : 60.21"
"6,96 : 65.15"
"6,97 : 56.04"
"6,98 : 21.95"
"6,99 : 70.52"
"7,0 : 14.0"
"7,1 : 22.67"
"7,2 : 44.05"
"7,3 : 50.45"
"7,4 : 74.55"
"7,5 : 59.41"
"7,6 : 48.0"
"7,7 : 0.0"
"7,8 : 84.15"
"7,9 : 56.04"
"7,10 : 49.66"
"7,11 : 66.01"
"7,12 : 23.26"
"7,13 : 55.0"
"7,14 : 9.85"
"7,15 : 39.01"
"7,16 : 41.44"
"7,17 : 60.03"
"7,18 : 66.94"
"7,19 : 72.2"
"7,20 : 21.19"
"7,21 : 17.12"
"7,22 : 69.57"
"7,23 : 15.65"
"7,24 : 77.39"
"7,25 : 54.12"
"7,26 : 26.25"
"7,27 : 41.15"
"7,28 : 71.47"
"7,29 : 23.43"
"7,30 : 31.05"
"7,31 : 88.12"
"7,32 : 63.79"
"7,33 : 16.76"
"7,34 : 51.87"
"7,35 : 69.26"
"7,36 : 37.34"
"7,37 : 43.05"
"7,38 : 68.18"
"7,39 : 85.63"
"7,40 : 5.0"
"7,41 : 15.62"
"7,42 : 21.93"
"7,43 : 59.81"
"7,44 : 40.11"
"7,45 : 45.88"
"7,46 : 28.32"
"7,47 : 64.88"
"7,48 : 13.93"
"7,49 : 7.81"
"7,50 : 74.79"
"7,51 : 81.63"
"7,52 : 72.11"
"7,53 : 39.05"
"7,54 : 68.45"
"7,55 : 7.07"
"7,56 : 69.08"
"7,57 : 35.44"
"7,58 : 79.71"
"7,59 : 41.79"
"7,60 : 69.3"
"7,61 : 68.54"
"7,62 : 23.71"
"7,63 : 39.2"
"7,64 : 61.29"
"7,65 : 56.65"
"7,66 : 66.19"
"7,67 : 34.67"
"7,68 : 39.82"
"7,69 : 54.12"
"7,70 : 45.8"
"7,71 : 56.86"
"7,72 : 48.04"
"7,73 : 16.4"
"7,74 : 70.41"
"7,75 : 36.88"
"7,76 : 17.0"
"7,77 : 65.86"
"7,78 : 58.25"
"7,79 : 65.92"
"7,80 : 75.17"
"7,81 : 55.08"
"7,82 : 77.49"
"7,83 : 68.54"
"7,84 : 60.9"
"7,85 : 24.33"
"7,86 : 61.03"
"7,87 : 70.58"
"7,88 : 75.95"
"7,89 : 67.27"
"7,90 : 14.14"
"7,91 : 103.48"
"7,92 : 64.03"
"7,93 : 74.03"
"7,94 : 66.84"
"7,95 : 13.0"
"7,96 : 24.41"
"7,97 : 32.06"
"7,98 : 31.02"
"7,99 : 29.07"
"8,0 : 74.81"
"8,1 : 61.55"
"8,2 : 59.91"
"8,3 : 72.69"
"8,4 : 70.61"
"8,5 : 66.01"
"8,6 : 60.21"
"8,7 : 84.15"
"8,8 : 0.0"
"8,9 : 62.07"
"8,10 : 81.39"
"8,11 : 58.31"
"8,12 : 79.26"
"8,13 : 60.13"
"8,14 : 88.24"
"8,15 : 61.68"
"8,16 : 50.16"
"8,17 : 62.01"
"8,18 : 44.41"
"8,19 : 22.09"
"8,20 : 103.71"
"8,21 : 74.89"
"8,22 : 37.48"
"8,23 : 90.21"
"8,24 : 17.72"
"8,25 : 44.72"
"8,26 : 85.88"
"8,27 : 80.36"
"8,28 : 82.49"
"8,29 : 107.52"
"8,30 : 73.93"
"8,31 : 26.87"
"8,32 : 50.16"
"8,33 : 77.67"
"8,34 : 44.15"
"8,35 : 38.47"
"8,36 : 68.62"
"8,37 : 43.57"
"8,38 : 54.59"
"8,39 : 3.16"
"8,40 : 89.11"
"8,41 : 68.59"
"8,42 : 62.24"
"8,43 : 38.21"
"8,44 : 65.8"
"8,45 : 74.53"
"8,46 : 112.45"
"8,47 : 29.07"
"8,48 : 79.63"
"8,49 : 76.38"
"8,50 : 22.56"
"8,51 : 19.72"
"8,52 : 65.31"
"8,53 : 71.47"
"8,54 : 74.43"
"8,55 : 78.64"
"8,56 : 86.15"
"8,57 : 73.74"
"8,58 : 88.46"
"8,59 : 77.62"
"8,60 : 14.87"
"8,61 : 33.24"
"8,62 : 107.06"
"8,63 : 66.41"
"8,64 : 26.57"
"8,65 : 39.62"
"8,66 : 29.02"
"8,67 : 50.61"
"8,68 : 44.82"
"8,69 : 44.72"
"8,70 : 89.74"
"8,71 : 29.97"
"8,72 : 59.03"
"8,73 : 87.92"
"8,74 : 45.89"
"8,75 : 56.36"
"8,76 : 73.01"
"8,77 : 26.17"
"8,78 : 47.1"
"8,79 : 70.18"
"8,80 : 57.28"
"8,81 : 63.13"
"8,82 : 36.77"
"8,83 : 33.24"
"8,84 : 29.83"
"8,85 : 72.95"
"8,86 : 58.03"
"8,87 : 34.53"
"8,88 : 50.6"
"8,89 : 54.59"
"8,90 : 76.61"
"8,91 : 20.62"
"8,92 : 62.2"
"8,93 : 63.79"
"8,94 : 18.79"
"8,95 : 90.0"
"8,96 : 83.65"
"8,97 : 63.98"
"8,98 : 57.14"
"8,99 : 113.15"
"9,0 : 58.24"
"9,1 : 42.54"
"9,2 : 12.65"
"9,3 : 12.21"
"9,4 : 19.31"
"9,5 : 87.69"
"9,6 : 75.07"
"9,7 : 56.04"
"9,8 : 62.07"
"9,9 : 0.0"
"9,10 : 90.21"
"9,11 : 87.46"
"9,12 : 69.89"
"9,13 : 2.24"
"9,14 : 52.47"
"9,15 : 68.6"
"9,16 : 23.35"
"9,17 : 4.0"
"9,18 : 20.12"
"9,19 : 66.76"
"9,20 : 65.52"
"9,21 : 39.0"
"9,22 : 76.03"
"9,23 : 70.58"
"9,24 : 68.45"
"9,25 : 67.8"
"9,26 : 76.24"
"9,27 : 83.65"
"9,28 : 23.32"
"9,29 : 72.78"
"9,30 : 26.68"
"9,31 : 48.3"
"9,32 : 13.89"
"9,33 : 63.6"
"9,34 : 20.25"
"9,35 : 76.48"
"9,36 : 19.24"
"9,37 : 51.74"
"9,38 : 86.61"
"9,39 : 65.03"
"9,40 : 59.03"
"9,41 : 48.08"
"9,42 : 43.46"
"9,43 : 67.74"
"9,44 : 16.03"
"9,45 : 16.28"
"9,46 : 77.37"
"9,47 : 33.02"
"9,48 : 43.1"
"9,49 : 50.49"
"9,50 : 69.64"
"9,51 : 73.35"
"9,52 : 16.12"
"9,53 : 76.32"
"9,54 : 16.28"
"9,55 : 49.09"
"9,56 : 25.3"
"9,57 : 75.18"
"9,58 : 31.4"
"9,59 : 21.4"
"9,60 : 51.48"
"9,61 : 29.83"
"9,62 : 69.64"
"9,63 : 72.67"
"9,64 : 57.38"
"9,65 : 65.73"
"9,66 : 66.31"
"9,67 : 48.27"
"9,68 : 36.8"
"9,69 : 67.8"
"9,70 : 31.4"
"9,71 : 54.56"
"9,72 : 8.94"
"9,73 : 47.3"
"9,74 : 82.49"
"9,75 : 61.22"
"9,76 : 59.14"
"9,77 : 63.32"
"9,78 : 73.6"
"9,79 : 94.75"
"9,80 : 20.25"
"9,81 : 1.41"
"9,82 : 32.76"
"9,83 : 29.83"
"9,84 : 60.84"
"9,85 : 32.06"
"9,86 : 6.4"
"9,87 : 74.73"
"9,88 : 23.6"
"9,89 : 13.6"
"9,90 : 42.0"
"9,91 : 73.38"
"9,92 : 8.0"
"9,93 : 18.0"
"9,94 : 55.79"
"9,95 : 51.97"
"9,96 : 37.95"
"9,97 : 24.33"
"9,98 : 54.64"
"9,99 : 79.83"
"10,0 : 37.44"
"10,1 : 48.41"
"10,2 : 77.94"
"10,3 : 90.27"
"10,4 : 109.27"
"10,5 : 19.8"
"10,6 : 21.21"
"10,7 : 49.66"
"10,8 : 81.39"
"10,9 : 90.21"
"10,10 : 0.0"
"10,11 : 30.41"
"10,12 : 26.4"
"10,13 : 88.32"
"10,14 : 59.51"
"10,15 : 22.8"
"10,16 : 67.54"
"10,17 : 93.65"
"10,18 : 90.76"
"10,19 : 60.44"
"10,20 : 66.49"
"10,21 : 60.44"
"10,22 : 47.85"
"10,23 : 38.64"
"10,24 : 66.1"
"10,25 : 36.67"
"10,26 : 25.32"
"10,27 : 8.54"
"10,28 : 111.4"
"10,29 : 63.29"
"10,30 : 73.55"
"10,31 : 99.08"
"10,32 : 91.0"
"10,33 : 33.12"
"10,34 : 75.39"
"10,35 : 46.96"
"10,36 : 76.58"
"10,37 : 43.74"
"10,38 : 34.71"
"10,39 : 81.02"
"10,40 : 52.2"
"10,41 : 45.28"
"10,42 : 47.63"
"10,43 : 43.42"
"10,44 : 77.62"
"10,45 : 87.11"
"10,46 : 66.03"
"10,47 : 79.25"
"10,48 : 60.46"
"10,49 : 48.26"
"10,50 : 61.35"
"10,51 : 67.78"
"10,52 : 105.12"
"10,53 : 13.89"
"10,54 : 105.95"
"10,55 : 52.15"
"10,56 : 110.75"
"10,57 : 15.56"
"10,58 : 120.0"
"10,59 : 84.85"
"10,60 : 70.11"
"10,61 : 85.91"
"10,62 : 66.75"
"10,63 : 18.03"
"10,64 : 55.33"
"10,65 : 41.77"
"10,66 : 52.89"
"10,67 : 43.08"
"10,68 : 55.71"
"10,69 : 36.67"
"10,70 : 92.46"
"10,71 : 53.04"
"10,72 : 81.3"
"10,73 : 65.76"
"10,74 : 42.44"
"10,75 : 30.36"
"10,76 : 35.0"
"10,77 : 55.32"
"10,78 : 35.11"
"10,79 : 22.36"
"10,80 : 104.0"
"10,81 : 89.89"
"10,82 : 95.9"
"10,83 : 85.91"
"10,84 : 51.62"
"10,85 : 66.53"
"10,86 : 92.59"
"10,87 : 50.57"
"10,88 : 101.51"
"10,89 : 96.25"
"10,90 : 58.6"
"10,91 : 101.64"
"10,92 : 97.13"
"10,93 : 105.99"
"10,94 : 63.39"
"10,95 : 62.65"
"10,96 : 71.85"
"10,97 : 68.25"
"10,98 : 35.78"
"10,99 : 64.01"
"11,0 : 52.01"
"11,1 : 53.45"
"11,2 : 77.1"
"11,3 : 91.59"
"11,4 : 104.66"
"11,5 : 10.63"
"11,6 : 18.03"
"11,7 : 66.01"
"11,8 : 58.31"
"11,9 : 87.46"
"11,10 : 30.41"
"11,11 : 0.0"
"11,12 : 46.32"
"11,13 : 85.28"
"11,14 : 75.06"
"11,15 : 27.0"
"11,16 : 64.4"
"11,17 : 90.03"
"11,18 : 81.22"
"11,19 : 36.22"
"11,20 : 86.37"
"11,21 : 69.86"
"11,22 : 21.0"
"11,23 : 60.88"
"11,24 : 41.01"
"11,25 : 19.8"
"11,26 : 49.4"
"11,27 : 34.67"
"11,28 : 110.6"
"11,29 : 85.51"
"11,30 : 79.48"
"11,31 : 80.96"
"11,32 : 83.55"
"11,33 : 50.36"
"11,34 : 68.59"
"11,35 : 20.0"
"11,36 : 79.61"
"11,37 : 35.81"
"11,38 : 4.47"
"11,39 : 57.08"
"11,40 : 70.11"
"11,41 : 54.74"
"11,42 : 53.16"
"11,43 : 22.36"
"11,44 : 79.26"
"11,45 : 89.94"
"11,46 : 89.27"
"11,47 : 66.04"
"11,48 : 72.01"
"11,49 : 61.2"
"11,50 : 36.01"
"11,51 : 41.19"
"11,52 : 99.7"
"11,53 : 29.73"
"11,54 : 103.71"
"11,55 : 65.28"
"11,56 : 111.5"
"11,57 : 33.84"
"11,58 : 118.85"
"11,59 : 89.47"
"11,60 : 50.92"
"11,61 : 73.25"
"11,62 : 87.82"
"11,63 : 27.46"
"11,64 : 36.25"
"11,65 : 23.02"
"11,66 : 29.83"
"11,67 : 41.15"
"11,68 : 50.8"
"11,69 : 19.8"
"11,70 : 99.72"
"11,71 : 36.36"
"11,72 : 79.4"
"11,73 : 79.51"
"11,74 : 13.34"
"11,75 : 30.81"
"11,76 : 49.01"
"11,77 : 33.24"
"11,78 : 14.21"
"11,79 : 12.04"
"11,80 : 95.9"
"11,81 : 87.62"
"11,82 : 82.37"
"11,83 : 73.25"
"11,84 : 31.78"
"11,85 : 73.68"
"11,86 : 87.73"
"11,87 : 24.0"
"11,88 : 91.61"
"11,89 : 89.2"
"11,90 : 69.23"
"11,91 : 77.03"
"11,92 : 92.7"
"11,93 : 99.76"
"11,94 : 43.32"
"11,95 : 78.1"
"11,96 : 82.23"
"11,97 : 71.11"
"11,98 : 38.33"
"11,99 : 88.06"
"12,0 : 12.21"
"12,1 : 27.66"
"12,2 : 57.25"
"12,3 : 67.6"
"12,4 : 89.2"
"12,5 : 38.12"
"12,6 : 28.79"
"12,7 : 23.26"
"12,8 : 79.26"
"12,9 : 69.89"
"12,10 : 26.4"
"12,11 : 46.32"
"12,12 : 0.0"
"12,13 : 68.31"
"12,14 : 33.11"
"12,15 : 21.1"
"12,16 : 49.5"
"12,17 : 73.68"
"12,18 : 75.17"
"12,19 : 62.37"
"12,20 : 41.11"
"12,21 : 35.47"
"12,22 : 55.22"
"12,23 : 14.56"
"12,24 : 68.12"
"12,25 : 39.82"
"12,26 : 7.07"
"12,27 : 17.89"
"12,28 : 89.07"
"12,29 : 39.32"
"12,30 : 49.41"
"12,31 : 90.24"
"12,32 : 73.82"
"12,33 : 7.07"
"12,34 : 59.14"
"12,35 : 54.64"
"12,36 : 53.71"
"12,37 : 35.78"
"12,38 : 49.34"
"12,39 : 79.92"
"12,40 : 25.96"
"12,41 : 21.93"
"12,42 : 26.68"
"12,43 : 46.75"
"12,44 : 55.46"
"12,45 : 63.81"
"12,46 : 42.95"
"12,47 : 67.74"
"12,48 : 34.71"
"12,49 : 22.63"
"12,50 : 64.38"
"12,51 : 71.45"
"12,52 : 85.73"
"12,53 : 17.03"
"12,54 : 84.58"
"12,55 : 26.25"
"12,56 : 87.66"
"12,57 : 13.0"
"12,58 : 97.62"
"12,59 : 60.8"
"12,60 : 65.31"
"12,61 : 73.25"
"12,62 : 42.01"
"12,63 : 18.97"
"12,64 : 53.25"
"12,65 : 43.86"
"12,66 : 55.17"
"12,67 : 30.08"
"12,68 : 41.19"
"12,69 : 39.82"
"12,70 : 67.18"
"12,71 : 49.4"
"12,72 : 61.03"
"12,73 : 39.45"
"12,74 : 53.67"
"12,75 : 23.43"
"12,76 : 10.77"
"12,77 : 56.08"
"12,78 : 42.19"
"12,79 : 44.01"
"12,80 : 86.49"
"12,81 : 69.29"
"12,82 : 83.15"
"12,83 : 73.25"
"12,84 : 51.22"
"12,85 : 42.2"
"12,86 : 73.5"
"12,87 : 57.01"
"12,88 : 85.48"
"12,89 : 78.45"
"12,90 : 33.24"
"12,91 : 99.76"
"12,92 : 77.49"
"12,93 : 87.09"
"12,94 : 60.54"
"12,95 : 36.25"
"12,96 : 46.1"
"12,97 : 46.1"
"12,98 : 22.47"
"12,99 : 41.76"
"13,0 : 56.75"
"13,1 : 40.85"
"13,2 : 11.18"
"13,3 : 13.42"
"13,4 : 21.02"
"13,5 : 85.59"
"13,6 : 73.0"
"13,7 : 55.0"
"13,8 : 60.13"
"13,9 : 2.24"
"13,10 : 88.32"
"13,11 : 85.28"
"13,12 : 68.31"
"13,13 : 0.0"
"13,14 : 51.79"
"13,15 : 66.61"
"13,16 : 21.26"
"13,17 : 5.39"
"13,18 : 18.87"
"13,19 : 64.56"
"13,20 : 65.15"
"13,21 : 38.05"
"13,22 : 73.79"
"13,23 : 69.35"
"13,24 : 66.29"
"13,25 : 65.6"
"13,26 : 74.73"
"13,27 : 81.84"
"13,28 : 25.55"
"13,29 : 72.28"
"13,30 : 26.25"
"13,31 : 47.01"
"13,32 : 12.81"
"13,33 : 62.1"
"13,34 : 18.03"
"13,35 : 74.24"
"13,36 : 18.68"
"13,37 : 49.58"
"13,38 : 84.4"
"13,39 : 63.07"
"13,40 : 58.14"
"13,41 : 46.57"
"13,42 : 41.79"
"13,43 : 65.51"
"13,44 : 15.3"
"13,45 : 17.03"
"13,46 : 76.92"
"13,47 : 31.06"
"13,48 : 42.3"
"13,49 : 49.25"
"13,50 : 67.45"
"13,51 : 71.2"
"13,52 : 17.46"
"13,53 : 74.43"
"13,54 : 18.44"
"13,55 : 48.01"
"13,56 : 27.51"
"13,57 : 73.36"
"13,58 : 33.6"
"13,59 : 21.93"
"13,60 : 49.37"
"13,61 : 28.16"
"13,62 : 69.26"
"13,63 : 70.72"
"13,64 : 55.15"
"13,65 : 63.51"
"13,66 : 64.08"
"13,67 : 46.23"
"13,68 : 34.66"
"13,69 : 65.6"
"13,70 : 32.45"
"13,71 : 52.33"
"13,72 : 7.28"
"13,73 : 46.84"
"13,74 : 80.26"
"13,75 : 59.2"
"13,76 : 57.57"
"13,77 : 61.1"
"13,78 : 71.4"
"13,79 : 92.63"
"13,80 : 20.62"
"13,81 : 3.0"
"13,82 : 31.62"
"13,83 : 28.16"
"13,84 : 58.6"
"13,85 : 31.26"
"13,86 : 6.32"
"13,87 : 72.5"
"13,88 : 23.32"
"13,89 : 13.42"
"13,90 : 41.05"
"13,91 : 71.78"
"13,92 : 9.22"
"13,93 : 19.1"
"13,94 : 53.6"
"13,95 : 51.42"
"13,96 : 37.7"
"13,97 : 23.09"
"13,98 : 52.7"
"13,99 : 79.31"
"14,0 : 23.35"
"14,1 : 27.29"
"14,2 : 41.48"
"14,3 : 45.1"
"14,4 : 70.0"
"14,5 : 68.88"
"14,6 : 57.14"
"14,7 : 9.85"
"14,8 : 88.24"
"14,9 : 52.47"
"14,10 : 59.51"
"14,11 : 75.06"
"14,12 : 33.11"
"14,13 : 51.79"
"14,14 : 0.0"
"14,15 : 48.09"
"14,16 : 41.88"
"14,17 : 56.44"
"14,18 : 65.92"
"14,19 : 78.29"
"14,20 : 15.56"
"14,21 : 14.76"
"14,22 : 77.13"
"14,23 : 24.08"
"14,24 : 83.19"
"14,25 : 61.98"
"14,26 : 35.81"
"14,27 : 50.99"
"14,28 : 65.31"
"14,29 : 21.02"
"14,30 : 26.02"
"14,31 : 89.31"
"14,32 : 61.98"
"14,33 : 26.57"
"14,34 : 51.97"
"14,35 : 76.9"
"14,36 : 33.24"
"14,37 : 49.4"
"14,38 : 77.01"
"14,39 : 90.0"
"14,40 : 8.6"
"14,41 : 21.84"
"14,42 : 26.83"
"14,43 : 67.19"
"14,44 : 36.5"
"14,45 : 40.2"
"14,46 : 25.94"
"14,47 : 66.4"
"14,48 : 9.85"
"14,49 : 14.14"
"14,50 : 81.02"
"14,51 : 87.66"
"14,52 : 68.18"
"14,53 : 48.76"
"14,54 : 63.2"
"14,55 : 10.44"
"14,56 : 62.36"
"14,57 : 45.22"
"14,58 : 73.25"
"14,59 : 35.51"
"14,60 : 73.41"
"14,61 : 69.12"
"14,62 : 19.21"
"14,63 : 48.66"
"14,64 : 67.08"
"14,65 : 64.03"
"14,66 : 72.8"
"14,67 : 40.85"
"14,68 : 43.42"
"14,69 : 61.98"
"14,70 : 37.59"
"14,71 : 62.61"
"14,72 : 45.35"
"14,73 : 7.21"
"14,74 : 78.64"
"14,75 : 45.18"
"14,76 : 26.31"
"14,77 : 72.09"
"14,78 : 66.48"
"14,79 : 75.5"
"14,80 : 72.37"
"14,81 : 51.35"
"14,82 : 77.37"
"14,83 : 69.12"
"14,84 : 67.23"
"14,85 : 20.62"
"14,86 : 58.05"
"14,87 : 77.88"
"14,88 : 74.04"
"14,89 : 64.76"
"14,90 : 12.21"
"14,91 : 106.79"
"14,92 : 60.41"
"14,93 : 70.35"
"14,94 : 71.87"
"14,95 : 3.16"
"14,96 : 16.76"
"14,97 : 30.08"
"14,98 : 38.64"
"14,99 : 27.86"
"15,0 : 25.02"
"15,1 : 28.84"
"15,2 : 56.73"
"15,3 : 70.04"
"15,4 : 87.37"
"15,5 : 21.54"
"15,6 : 9.06"
"15,7 : 39.01"
"15,8 : 61.68"
"15,9 : 68.6"
"15,10 : 22.8"
"15,11 : 27.0"
"15,12 : 21.1"
"15,13 : 66.61"
"15,14 : 48.09"
"15,15 : 0.0"
"15,16 : 45.49"
"15,17 : 71.85"
"15,18 : 68.01"
"15,19 : 42.72"
"15,20 : 59.54"
"15,21 : 44.01"
"15,22 : 34.21"
"15,23 : 35.34"
"15,24 : 48.55"
"15,25 : 19.1"
"15,26 : 26.17"
"15,27 : 19.1"
"15,28 : 90.61"
"15,29 : 59.2"
"15,30 : 55.23"
"15,31 : 77.03"
"15,32 : 68.45"
"15,33 : 23.77"
"15,34 : 52.8"
"15,35 : 33.6"
"15,36 : 56.85"
"15,37 : 21.1"
"15,38 : 29.27"
"15,39 : 61.85"
"15,40 : 43.19"
"15,41 : 28.46"
"15,42 : 28.3"
"15,43 : 26.25"
"15,44 : 57.31"
"15,45 : 67.48"
"15,46 : 63.25"
"15,47 : 56.57"
"15,48 : 45.61"
"15,49 : 34.37"
"15,50 : 44.41"
"15,51 : 51.4"
"15,52 : 83.01"
"15,53 : 10.05"
"15,54 : 84.65"
"15,55 : 38.47"
"15,56 : 90.52"
"15,57 : 12.08"
"15,58 : 99.16"
"15,59 : 66.03"
"15,60 : 49.03"
"15,61 : 63.15"
"15,62 : 61.19"
"15,63 : 5.0"
"15,64 : 35.11"
"15,65 : 23.6"
"15,66 : 35.23"
"15,67 : 20.59"
"15,68 : 33.11"
"15,69 : 19.1"
"15,70 : 75.18"
"15,71 : 32.02"
"15,72 : 59.82"
"15,73 : 52.77"
"15,74 : 32.7"
"15,75 : 7.62"
"15,76 : 22.02"
"15,77 : 36.72"
"15,78 : 21.1"
"15,79 : 28.64"
"15,80 : 81.44"
"15,81 : 68.41"
"15,82 : 73.16"
"15,83 : 63.15"
"15,84 : 32.2"
"15,85 : 48.76"
"15,86 : 70.49"
"15,87 : 36.12"
"15,88 : 78.77"
"15,89 : 73.79"
"15,90 : 43.01"
"15,91 : 82.28"
"15,92 : 75.17"
"15,93 : 83.73"
"15,94 : 43.01"
"15,95 : 51.16"
"15,96 : 56.3"
"15,97 : 48.27"
"15,98 : 14.14"
"15,99 : 62.39"
"16,0 : 39.0"
"16,1 : 22.02"
"16,2 : 13.0"
"16,3 : 27.86"
"16,4 : 41.88"
"16,5 : 64.35"
"16,6 : 51.74"
"16,7 : 41.44"
"16,8 : 50.16"
"16,9 : 23.35"
"16,10 : 67.54"
"16,11 : 64.4"
"16,12 : 49.5"
"16,13 : 21.26"
"16,14 : 41.88"
"16,15 : 45.49"
"16,16 : 0.0"
"16,17 : 26.4"
"16,18 : 26.08"
"16,19 : 48.04"
"16,20 : 57.2"
"16,21 : 27.2"
"16,22 : 54.71"
"16,23 : 53.46"
"16,24 : 51.09"
"16,25 : 44.94"
"16,26 : 56.32"
"16,27 : 61.47"
"16,28 : 46.23"
"16,29 : 62.77"
"16,30 : 23.77"
"16,31 : 47.43"
"16,32 : 24.33"
"16,33 : 44.05"
"16,34 : 10.44"
"16,35 : 55.03"
"16,36 : 19.1"
"16,37 : 28.6"
"16,38 : 63.81"
"16,39 : 52.55"
"16,40 : 45.69"
"16,41 : 29.07"
"16,42 : 23.02"
"16,43 : 45.69"
"16,44 : 17.03"
"16,45 : 27.46"
"16,46 : 67.74"
"16,47 : 24.76"
"16,48 : 32.2"
"16,49 : 34.21"
"16,50 : 51.04"
"16,51 : 56.08"
"16,52 : 37.59"
"16,53 : 53.67"
"16,54 : 39.6"
"16,55 : 34.54"
"16,56 : 47.17"
"16,57 : 52.92"
"16,58 : 54.56"
"16,59 : 29.0"
"16,60 : 36.4"
"16,61 : 27.29"
"16,62 : 61.03"
"16,63 : 49.74"
"16,64 : 37.34"
"16,65 : 43.38"
"16,66 : 45.89"
"16,67 : 25.0"
"16,68 : 13.6"
"16,69 : 44.94"
"16,70 : 41.05"
"16,71 : 33.73"
"16,72 : 15.0"
"16,73 : 39.62"
"16,74 : 60.42"
"16,75 : 38.01"
"16,76 : 39.12"
"16,77 : 43.42"
"16,78 : 50.77"
"16,79 : 71.42"
"16,80 : 37.11"
"16,81 : 23.35"
"16,82 : 36.06"
"16,83 : 27.29"
"16,84 : 40.02"
"16,85 : 23.43"
"16,86 : 25.06"
"16,87 : 53.85"
"16,88 : 36.06"
"16,89 : 29.12"
"16,90 : 29.68"
"16,91 : 66.61"
"16,92 : 29.68"
"16,93 : 38.48"
"16,94 : 38.12"
"16,95 : 42.8"
"16,96 : 33.84"
"16,97 : 13.89"
"16,98 : 31.76"
"16,99 : 69.35"
"17,0 : 62.1"
"17,1 : 46.24"
"17,2 : 16.49"
"17,3 : 14.87"
"17,4 : 15.65"
"17,5 : 90.61"
"17,6 : 78.1"
"17,7 : 60.03"
"17,8 : 62.01"
"17,9 : 4.0"
"17,10 : 93.65"
"17,11 : 90.03"
"17,12 : 73.68"
"17,13 : 5.39"
"17,14 : 56.44"
"17,15 : 71.85"
"17,16 : 26.4"
"17,17 : 0.0"
"17,18 : 18.68"
"17,19 : 68.01"
"17,20 : 69.38"
"17,21 : 43.0"
"17,22 : 77.9"
"17,23 : 74.55"
"17,24 : 69.38"
"17,25 : 70.29"
"17,26 : 80.08"
"17,27 : 87.21"
"17,28 : 21.54"
"17,29 : 76.69"
"17,30 : 30.59"
"17,31 : 46.62"
"17,32 : 12.37"
"17,33 : 67.45"
"17,34 : 21.95"
"17,35 : 78.39"
"17,36 : 23.19"
"17,37 : 54.45"
"17,38 : 89.02"
"17,39 : 65.03"
"17,40 : 63.03"
"17,41 : 51.92"
"17,42 : 47.17"
"17,43 : 69.89"
"17,44 : 20.02"
"17,45 : 19.42"
"17,46 : 81.25"
"17,47 : 33.14"
"17,48 : 47.1"
"17,49 : 54.45"
"17,50 : 70.84"
"17,51 : 74.22"
"17,52 : 12.17"
"17,53 : 79.76"
"17,54 : 13.89"
"17,55 : 53.08"
"17,56 : 24.33"
"17,57 : 78.71"
"17,58 : 29.15"
"17,59 : 24.7"
"17,60 : 52.17"
"17,61 : 29.15"
"17,62 : 73.5"
"17,63 : 76.01"
"17,64 : 59.03"
"17,65 : 68.01"
"17,66 : 67.98"
"17,67 : 51.4"
"17,68 : 39.62"
"17,69 : 70.29"
"17,70 : 33.97"
"17,71 : 56.44"
"17,72 : 12.65"
"17,73 : 51.2"
"17,74 : 84.6"
"17,75 : 64.4"
"17,76 : 62.94"
"17,77 : 64.88"
"17,78 : 76.06"
"17,79 : 97.62"
"17,80 : 16.55"
"17,81 : 5.1"
"17,82 : 30.87"
"17,83 : 29.15"
"17,84 : 62.65"
"17,85 : 36.06"
"17,86 : 4.12"
"17,87 : 76.48"
"17,88 : 20.52"
"17,89 : 10.63"
"17,90 : 46.0"
"17,91 : 72.28"
"17,92 : 4.0"
"17,93 : 14.0"
"17,94 : 56.92"
"17,95 : 55.9"
"17,96 : 41.76"
"17,97 : 28.28"
"17,98 : 57.98"
"17,99 : 83.74"
"18,0 : 65.03"
"18,1 : 48.01"
"18,2 : 25.24"
"18,3 : 32.25"
"18,4 : 26.57"
"18,5 : 83.86"
"18,6 : 72.45"
"18,7 : 66.94"
"18,8 : 44.41"
"18,9 : 20.12"
"18,10 : 90.76"
"18,11 : 81.22"
"18,12 : 75.17"
"18,13 : 18.87"
"18,14 : 65.92"
"18,15 : 68.01"
"18,16 : 26.08"
"18,17 : 18.68"
"18,18 : 0.0"
"18,19 : 53.85"
"18,20 : 80.5"
"18,21 : 51.26"
"18,22 : 65.95"
"18,23 : 79.51"
"18,24 : 54.13"
"18,25 : 61.61"
"18,26 : 82.1"
"18,27 : 85.62"
"18,28 : 38.12"
"18,29 : 86.93"
"18,30 : 42.44"
"18,31 : 28.18"
"18,32 : 6.32"
"18,33 : 70.0"
"18,34 : 16.03"
"18,35 : 66.6"
"18,36 : 35.0"
"18,37 : 47.85"
"18,38 : 79.4"
"18,39 : 47.52"
"18,40 : 70.88"
"18,41 : 55.15"
"18,42 : 49.01"
"18,43 : 59.46"
"18,44 : 31.4"
"18,45 : 35.81"
"18,46 : 91.79"
"18,47 : 17.0"
"18,48 : 56.08"
"18,49 : 60.02"
"18,50 : 56.44"
"18,51 : 58.69"
"18,52 : 21.19"
"18,53 : 77.2"
"18,54 : 30.07"
"18,55 : 59.91"
"18,56 : 42.01"
"18,57 : 77.13"
"18,58 : 44.15"
"18,59 : 40.46"
"18,60 : 36.67"
"18,61 : 11.18"
"18,62 : 84.53"
"18,63 : 72.73"
"18,64 : 46.75"
"18,65 : 58.26"
"18,66 : 55.44"
"18,67 : 47.8"
"18,68 : 35.17"
"18,69 : 61.61"
"18,70 : 51.31"
"18,71 : 45.28"
"18,72 : 22.02"
"18,73 : 62.18"
"18,74 : 73.55"
"18,75 : 60.41"
"18,76 : 65.01"
"18,77 : 52.01"
"18,78 : 67.01"
"18,79 : 90.43"
"18,80 : 14.87"
"18,81 : 21.47"
"18,82 : 12.81"
"18,83 : 11.18"
"18,84 : 50.93"
"18,85 : 45.62"
"18,86 : 14.56"
"18,87 : 64.03"
"18,88 : 10.77"
"18,89 : 10.2"
"18,90 : 54.08"
"18,91 : 53.6"
"18,92 : 18.03"
"18,93 : 20.12"
"18,94 : 42.72"
"18,95 : 66.21"
"18,96 : 54.08"
"18,97 : 35.85"
"18,98 : 55.54"
"18,99 : 93.78"
"19,0 : 60.61"
"19,1 : 51.08"
"19,2 : 60.41"
"19,3 : 74.97"
"19,4 : 80.06"
"19,5 : 44.1"
"19,6 : 39.56"
"19,7 : 72.2"
"19,8 : 22.09"
"19,9 : 66.76"
"19,10 : 60.44"
"19,11 : 36.22"
"19,12 : 62.37"
"19,13 : 64.56"
"19,14 : 78.29"
"19,15 : 42.72"
"19,16 : 48.04"
"19,17 : 68.01"
"19,18 : 53.85"
"19,19 : 0.0"
"19,20 : 93.06"
"19,21 : 67.05"
"19,22 : 15.52"
"19,23 : 75.01"
"19,24 : 5.83"
"19,25 : 24.17"
"19,26 : 68.41"
"19,27 : 60.42"
"19,28 : 89.54"
"19,29 : 95.41"
"19,30 : 70.35"
"19,31 : 46.07"
"19,32 : 58.14"
"19,33 : 62.29"
"19,34 : 46.57"
"19,35 : 16.49"
"19,36 : 67.0"
"19,37 : 29.15"
"19,38 : 32.56"
"19,39 : 21.02"
"19,40 : 77.18"
"19,41 : 56.82"
"19,42 : 51.48"
"19,43 : 17.09"
"19,44 : 65.07"
"19,45 : 75.33"
"19,46 : 100.12"
"19,47 : 36.89"
"19,48 : 71.17"
"19,49 : 64.88"
"19,50 : 3.0"
"19,51 : 9.43"
"19,52 : 74.71"
"19,53 : 51.88"
"19,54 : 81.71"
"19,55 : 67.98"
"19,56 : 92.05"
"19,57 : 54.71"
"19,58 : 96.77"
"19,59 : 77.03"
"19,60 : 17.69"
"19,61 : 43.6"
"19,62 : 95.88"
"19,63 : 47.01"
"19,64 : 11.4"
"19,65 : 19.24"
"19,66 : 7.62"
"19,67 : 37.59"
"19,68 : 37.48"
"19,69 : 24.17"
"19,70 : 89.0"
"19,71 : 15.81"
"19,72 : 61.0"
"19,73 : 79.71"
"19,74 : 24.04"
"19,75 : 38.95"
"19,76 : 58.26"
"19,77 : 6.4"
"19,78 : 25.5"
"19,79 : 48.09"
"19,80 : 68.51"
"19,81 : 67.45"
"19,82 : 50.91"
"19,83 : 43.6"
"19,84 : 11.4"
"19,85 : 67.27"
"19,86 : 64.62"
"19,87 : 12.65"
"19,88 : 62.8"
"19,89 : 63.53"
"19,90 : 68.01"
"19,91 : 41.44"
"19,92 : 69.46"
"19,93 : 73.93"
"19,94 : 11.18"
"19,95 : 80.62"
"19,96 : 77.88"
"19,97 : 60.21"
"19,98 : 42.01"
"19,99 : 100.21"
"20,0 : 34.71"
"20,1 : 42.44"
"20,2 : 55.54"
"20,3 : 56.57"
"20,4 : 81.74"
"20,5 : 79.0"
"20,6 : 68.36"
"20,7 : 21.19"
"20,8 : 103.71"
"20,9 : 65.52"
"20,10 : 66.49"
"20,11 : 86.37"
"20,12 : 41.11"
"20,13 : 65.15"
"20,14 : 15.56"
"20,15 : 59.54"
"20,16 : 57.2"
"20,17 : 69.38"
"20,18 : 80.5"
"20,19 : 93.06"
"20,20 : 0.0"
"20,21 : 30.0"
"20,22 : 90.76"
"20,23 : 27.89"
"20,24 : 98.11"
"20,25 : 75.29"
"20,26 : 41.23"
"20,27 : 58.05"
"20,28 : 75.03"
"20,29 : 8.25"
"20,30 : 38.9"
"20,31 : 104.62"
"20,32 : 76.16"
"20,33 : 36.06"
"20,34 : 67.12"
"20,35 : 90.44"
"20,36 : 46.49"
"20,37 : 63.95"
"20,38 : 88.81"
"20,39 : 105.42"
"20,40 : 16.49"
"20,41 : 36.24"
"20,42 : 41.88"
"20,43 : 80.99"
"20,44 : 49.98"
"20,45 : 51.48"
"20,46 : 12.04"
"20,47 : 81.84"
"20,48 : 25.0"
"20,49 : 28.18"
"20,50 : 95.71"
"20,51 : 102.47"
"20,52 : 80.6"
"20,53 : 58.03"
"20,54 : 74.24"
"20,55 : 25.24"
"20,56 : 71.25"
"20,57 : 54.08"
"20,58 : 82.3"
"20,59 : 46.27"
"20,60 : 88.87"
"20,61 : 84.31"
"20,62 : 4.12"
"20,63 : 59.08"
"20,64 : 81.99"
"20,65 : 77.83"
"20,66 : 87.24"
"20,67 : 55.47"
"20,68 : 58.9"
"20,69 : 75.29"
"20,70 : 44.55"
"20,71 : 77.52"
"20,72 : 59.24"
"20,73 : 18.38"
"20,74 : 91.44"
"20,75 : 57.97"
"20,76 : 37.66"
"20,77 : 86.77"
"20,78 : 79.31"
"20,79 : 85.09"
"20,80 : 85.73"
"20,81 : 64.29"
"20,82 : 92.28"
"20,83 : 84.31"
"20,84 : 81.84"
"20,85 : 34.89"
"20,86 : 71.47"
"20,87 : 91.76"
"20,88 : 88.02"
"20,89 : 78.43"
"20,90 : 27.66"
"20,91 : 122.35"
"20,92 : 73.25"
"20,93 : 82.98"
"20,94 : 87.09"
"20,95 : 14.42"
"20,96 : 27.66"
"20,97 : 44.78"
"20,98 : 52.2"
"20,99 : 15.03"
"21,0 : 23.35"
"21,1 : 17.0"
"21,2 : 27.29"
"21,3 : 33.53"
"21,4 : 57.43"
"21,5 : 65.55"
"21,6 : 52.81"
"21,7 : 17.12"
"21,8 : 74.89"
"21,9 : 39.0"
"21,10 : 60.44"
"21,11 : 69.86"
"21,12 : 35.47"
"21,13 : 38.05"
"21,14 : 14.76"
"21,15 : 44.01"
"21,16 : 27.2"
"21,17 : 43.0"
"21,18 : 51.26"
"21,19 : 67.05"
"21,20 : 30.0"
"21,21 : 0.0"
"21,22 : 68.18"
"21,23 : 32.28"
"21,24 : 71.51"
"21,25 : 54.04"
"21,26 : 40.5"
"21,27 : 52.4"
"21,28 : 54.78"
"21,29 : 35.78"
"21,30 : 14.32"
"21,31 : 74.63"
"21,32 : 47.54"
"21,33 : 28.43"
"21,34 : 37.22"
"21,35 : 68.12"
"21,36 : 20.22"
"21,37 : 39.32"
"21,38 : 71.02"
"21,39 : 76.85"
"21,40 : 20.1"
"21,41 : 15.65"
"21,42 : 17.03"
"21,43 : 58.14"
"21,44 : 23.02"
"21,45 : 29.15"
"21,46 : 40.71"
"21,47 : 51.86"
"21,48 : 5.0"
"21,49 : 13.04"
"21,50 : 69.92"
"21,51 : 76.22"
"21,52 : 55.04"
"21,53 : 47.71"
"21,54 : 51.42"
"21,55 : 10.44"
"21,56 : 52.77"
"21,57 : 45.0"
"21,58 : 63.16"
"21,59 : 25.55"
"21,60 : 60.21"
"21,61 : 54.38"
"21,62 : 33.84"
"21,63 : 46.07"
"21,64 : 55.66"
"21,65 : 55.08"
"21,66 : 62.37"
"21,67 : 31.06"
"21,68 : 30.41"
"21,69 : 54.04"
"21,70 : 32.02"
"21,71 : 51.24"
"21,72 : 31.26"
"21,73 : 13.04"
"21,74 : 71.06"
"21,75 : 39.05"
"21,76 : 25.5"
"21,77 : 61.13"
"21,78 : 59.21"
"21,79 : 72.62"
"21,80 : 58.42"
"21,81 : 38.01"
"21,82 : 62.61"
"21,83 : 54.38"
"21,84 : 56.52"
"21,85 : 7.28"
"21,86 : 44.18"
"21,87 : 68.47"
"21,88 : 59.67"
"21,89 : 50.64"
"21,90 : 3.0"
"21,91 : 92.85"
"21,92 : 47.0"
"21,93 : 57.0"
"21,94 : 59.51"
"21,95 : 15.62"
"21,96 : 12.37"
"21,97 : 15.52"
"21,98 : 31.58"
"21,99 : 42.54"
"22,0 : 56.46"
"22,1 : 51.24"
"22,2 : 67.68"
"22,3 : 82.54"
"22,4 : 91.26"
"22,5 : 29.83"
"22,6 : 28.43"
"22,7 : 69.57"
"22,8 : 37.48"
"22,9 : 76.03"
"22,10 : 47.85"
"22,11 : 21.0"
"22,12 : 55.22"
"22,13 : 73.79"
"22,14 : 77.13"
"22,15 : 34.21"
"22,16 : 54.71"
"22,17 : 77.9"
"22,18 : 65.95"
"22,19 : 15.52"
"22,20 : 90.76"
"22,21 : 68.18"
"22,22 : 0.0"
"22,23 : 69.12"
"22,24 : 20.02"
"22,25 : 15.65"
"22,26 : 60.31"
"22,27 : 49.41"
"22,28 : 99.3"
"22,29 : 91.79"
"22,30 : 74.43"
"22,31 : 61.33"
"22,32 : 69.4"
"22,33 : 56.82"
"22,34 : 55.95"
"22,35 : 1.0"
"22,36 : 72.57"
"22,37 : 29.0"
"22,38 : 17.12"
"22,39 : 36.12"
"22,40 : 74.33"
"22,41 : 55.32"
"22,42 : 51.35"
"22,43 : 10.05"
"22,44 : 71.31"
"22,45 : 82.01"
"22,46 : 96.18"
"22,47 : 49.5"
"22,48 : 71.57"
"22,49 : 63.06"
"22,50 : 15.03"
"22,51 : 20.4"
"22,52 : 86.02"
"22,53 : 41.77"
"22,54 : 91.79"
"22,55 : 66.71"
"22,56 : 101.13"
"22,57 : 45.25"
"22,58 : 107.04"
"22,59 : 82.76"
"22,60 : 31.91"
"22,61 : 56.59"
"22,62 : 93.05"
"22,63 : 37.48"
"22,64 : 19.21"
"22,65 : 13.15"
"22,66 : 10.63"
"22,67 : 37.12"
"22,68 : 41.98"
"22,69 : 15.65"
"22,70 : 94.2"
"22,71 : 21.47"
"22,72 : 69.08"
"22,73 : 79.91"
"22,74 : 8.54"
"22,75 : 33.11"
"22,76 : 53.71"
"22,77 : 14.21"
"22,78 : 13.45"
"22,79 : 33.02"
"22,80 : 80.81"
"22,81 : 76.49"
"22,82 : 64.82"
"22,83 : 56.59"
"22,84 : 15.26"
"22,85 : 70.03"
"22,86 : 74.95"
"22,87 : 3.0"
"22,88 : 75.66"
"22,89 : 75.0"
"22,90 : 68.47"
"22,91 : 56.04"
"22,92 : 79.92"
"22,93 : 85.6"
"22,94 : 24.41"
"22,95 : 79.83"
"22,96 : 80.02"
"22,97 : 64.78"
"22,98 : 38.6"
"22,99 : 95.71"
"23,0 : 15.65"
"23,1 : 32.02"
"23,2 : 58.22"
"23,3 : 65.8"
"23,4 : 89.44"
"23,5 : 52.47"
"23,6 : 43.32"
"23,7 : 15.65"
"23,8 : 90.21"
"23,9 : 70.58"
"23,10 : 38.64"
"23,11 : 60.88"
"23,12 : 14.56"
"23,13 : 69.35"
"23,14 : 24.08"
"23,15 : 35.34"
"23,16 : 53.46"
"23,17 : 74.55"
"23,18 : 79.51"
"23,19 : 75.01"
"23,20 : 27.89"
"23,21 : 32.28"
"23,22 : 69.12"
"23,23 : 0.0"
"23,24 : 80.62"
"23,25 : 53.54"
"23,26 : 13.34"
"23,27 : 30.27"
"23,28 : 86.98"
"23,29 : 25.02"
"23,30 : 46.49"
"23,31 : 98.08"
"23,32 : 77.06"
"23,33 : 12.73"
"23,34 : 63.79"
"23,35 : 68.6"
"23,36 : 52.39"
"23,37 : 46.86"
"23,38 : 63.89"
"23,39 : 91.21"
"23,40 : 15.56"
"23,41 : 24.52"
"23,42 : 31.05"
"23,43 : 60.22"
"23,44 : 54.92"
"23,45 : 61.35"
"23,46 : 28.44"
"23,47 : 74.95"
"23,48 : 29.55"
"23,49 : 20.1"
"23,50 : 77.23"
"23,51 : 84.29"
"23,52 : 86.7"
"23,53 : 31.4"
"23,54 : 83.68"
"23,55 : 21.84"
"23,56 : 84.69"
"23,57 : 27.29"
"23,58 : 95.27"
"23,59 : 57.38"
"23,60 : 75.72"
"23,61 : 79.56"
"23,62 : 28.16"
"23,63 : 33.53"
"23,64 : 65.12"
"23,65 : 57.2"
"23,66 : 68.12"
"23,67 : 39.66"
"23,68 : 48.47"
"23,69 : 53.54"
"23,70 : 61.29"
"23,71 : 60.96"
"23,72 : 62.2"
"23,73 : 31.24"
"23,74 : 68.03"
"23,75 : 36.4"
"23,76 : 17.2"
"23,77 : 68.62"
"23,78 : 56.36"
"23,79 : 58.08"
"23,80 : 89.02"
"23,81 : 69.72"
"23,82 : 89.05"
"23,83 : 79.56"
"23,84 : 63.66"
"23,85 : 39.56"
"23,86 : 75.17"
"23,87 : 70.72"
"23,88 : 89.14"
"23,89 : 81.01"
"23,90 : 29.41"
"23,91 : 110.39"
"23,92 : 78.52"
"23,93 : 88.46"
"23,94 : 71.84"
"23,95 : 26.87"
"23,96 : 39.96"
"23,97 : 46.27"
"23,98 : 33.3"
"23,99 : 27.2"
"24,0 : 66.07"
"24,1 : 55.9"
"24,2 : 63.03"
"24,3 : 77.32"
"24,4 : 80.62"
"24,5 : 49.37"
"24,6 : 45.31"
"24,7 : 77.39"
"24,8 : 17.72"
"24,9 : 68.45"
"24,10 : 66.1"
"24,11 : 41.01"
"24,12 : 68.12"
"24,13 : 66.29"
"24,14 : 83.19"
"24,15 : 48.55"
"24,16 : 51.09"
"24,17 : 69.38"
"24,18 : 54.13"
"24,19 : 5.83"
"24,20 : 98.11"
"24,21 : 71.51"
"24,22 : 20.02"
"24,23 : 80.62"
"24,24 : 0.0"
"24,25 : 29.97"
"24,26 : 74.2"
"24,27 : 66.21"
"24,28 : 90.8"
"24,29 : 100.69"
"24,30 : 73.98"
"24,31 : 43.27"
"24,32 : 58.87"
"24,33 : 67.9"
"24,34 : 48.51"
"24,35 : 21.02"
"24,36 : 70.18"
"24,37 : 34.41"
"24,38 : 37.12"
"24,39 : 16.12"
"24,40 : 82.38"
"24,41 : 61.91"
"24,42 : 56.36"
"24,43 : 22.85"
"24,44 : 68.03"
"24,45 : 78.03"
"24,46 : 105.44"
"24,47 : 37.16"
"24,48 : 75.77"
"24,49 : 69.97"
"24,50 : 5.0"
"24,51 : 5.0"
"24,52 : 75.24"
"24,53 : 57.71"
"24,54 : 82.86"
"24,55 : 72.95"
"24,56 : 93.62"
"24,57 : 60.54"
"24,58 : 97.74"
"24,59 : 80.06"
"24,60 : 17.46"
"24,61 : 43.42"
"24,62 : 101.02"
"24,63 : 52.84"
"24,64 : 16.12"
"24,65 : 25.06"
"24,66 : 13.42"
"24,67 : 42.72"
"24,68 : 41.48"
"24,69 : 29.97"
"24,70 : 92.14"
"24,71 : 20.59"
"24,72 : 63.29"
"24,73 : 84.31"
"24,74 : 28.28"
"24,75 : 44.69"
"24,76 : 63.78"
"24,77 : 12.04"
"24,78 : 31.05"
"24,79 : 53.0"
"24,80 : 68.48"
"24,81 : 69.23"
"24,82 : 49.82"
"24,83 : 43.42"
"24,84 : 16.97"
"24,85 : 71.31"
"24,86 : 65.8"
"24,87 : 17.03"
"24,88 : 62.43"
"24,89 : 64.08"
"24,90 : 72.62"
"24,91 : 36.12"
"24,92 : 70.52"
"24,93 : 74.25"
"24,94 : 13.0"
"24,95 : 85.43"
"24,96 : 82.01"
"24,97 : 63.79"
"24,98 : 47.51"
"24,99 : 105.6"
"25,0 : 40.85"
"25,1 : 37.05"
"25,2 : 57.8"
"25,3 : 72.47"
"25,4 : 84.86"
"25,5 : 23.09"
"25,6 : 15.52"
"25,7 : 54.12"
"25,8 : 44.72"
"25,9 : 67.8"
"25,10 : 36.67"
"25,11 : 19.8"
"25,12 : 39.82"
"25,13 : 65.6"
"25,14 : 61.98"
"25,15 : 19.1"
"25,16 : 44.94"
"25,17 : 70.29"
"25,18 : 61.61"
"25,19 : 24.17"
"25,20 : 75.29"
"25,21 : 54.04"
"25,22 : 15.65"
"25,23 : 53.54"
"25,24 : 29.97"
"25,25 : 0.0"
"25,26 : 45.25"
"25,27 : 36.25"
"25,28 : 91.02"
"25,29 : 76.16"
"25,30 : 61.85"
"25,31 : 63.95"
"25,32 : 63.78"
"25,33 : 41.18"
"25,34 : 48.8"
"25,35 : 15.23"
"25,36 : 61.1"
"25,37 : 16.55"
"25,38 : 18.87"
"25,39 : 44.38"
"25,40 : 58.82"
"25,41 : 40.31"
"25,42 : 37.01"
"25,43 : 7.21"
"25,44 : 60.42"
"25,45 : 71.18"
"25,46 : 80.53"
"25,47 : 46.96"
"25,48 : 57.04"
"25,49 : 47.85"
"25,50 : 25.55"
"25,51 : 32.45"
"25,52 : 79.91"
"25,53 : 27.78"
"25,54 : 84.02"
"25,55 : 51.62"
"25,56 : 92.11"
"25,57 : 30.81"
"25,58 : 99.2"
"25,59 : 71.17"
"25,60 : 34.13"
"25,61 : 54.12"
"25,62 : 77.49"
"25,63 : 23.02"
"25,64 : 19.03"
"25,65 : 5.1"
"25,66 : 16.55"
