x,y
7,61
14,73
3,31
55,70
43,32
34,60
38,60
48,11
67,79
32,81
40,94
5,6
31,83
64,9
52,30
79,7
85,54
83,12
34,13
56,90
53,7
42,73
93,78
61,78
14,38
0,2
100,66
19,83
9,64
85,5
32,77
62,36
13,36
66,19
97,30
50,39
20,31
89,33
56,79
13,15
85,18
92,18
48,12
90,78
50,21
0,21
30,11
94,28
72,100
38,40
52,29
14,5
58,33
84,57
78,48
19,33
91,72
63,83
55,76
75,36
88,64
14,30
60,4
22,27
10,58
53,34
37,24
13,20
76,13
61,71
8,72
74,52
24,42
97,57
45,91
15,27
65,49
14,45
86,35
97,57
30,45
76,87
35,82
43,77
47,21
33,30
7,33
32,96
69,11
2,18
83,42
55,27
85,64
88,83
98,79
39,9
33,27
30,12
29,41
23,98

Distanze
"0,0 : 0.0"
"0,1 : 13.89"
"0,2 : 30.27"
"0,3 : 48.84"
"0,4 : 46.23"
"0,5 : 27.02"
"0,6 : 31.02"
"0,7 : 64.66"
"0,8 : 62.64"
"0,9 : 32.02"
"0,10 : 46.67"
"0,11 : 55.04"
"0,12 : 32.56"
"0,13 : 77.16"
"0,14 : 54.64"
"0,15 : 90.0"
"0,16 : 78.31"
"0,17 : 90.43"
"0,18 : 55.07"
"0,19 : 56.94"
"0,20 : 70.94"
"0,21 : 37.0"
"0,22 : 87.66"
"0,23 : 56.61"
"0,24 : 24.04"
"0,25 : 59.41"
"0,26 : 93.13"
"0,27 : 25.06"
"0,28 : 3.61"
"0,29 : 96.02"
"0,30 : 29.68"
"0,31 : 60.42"
"0,32 : 25.71"
"0,33 : 72.42"
"0,34 : 95.19"
"0,35 : 48.3"
"0,36 : 32.7"
"0,37 : 86.65"
"0,38 : 52.2"
"0,39 : 46.39"
"0,40 : 89.07"
"0,41 : 95.26"
"0,42 : 63.89"
"0,43 : 84.72"
"0,44 : 58.73"
"0,45 : 40.61"
"0,46 : 55.04"
"0,47 : 93.05"
"0,48 : 75.8"
"0,49 : 37.44"
"0,50 : 55.22"
"0,51 : 56.44"
"0,52 : 58.18"
"0,53 : 77.1"
"0,54 : 72.18"
"0,55 : 30.46"
"0,56 : 84.72"
"0,57 : 60.17"
"0,58 : 50.29"
"0,59 : 72.45"
"0,60 : 81.06"
"0,61 : 31.78"
"0,62 : 77.83"
"0,63 : 37.16"
"0,64 : 4.24"
"0,65 : 53.34"
"0,66 : 47.63"
"0,67 : 41.44"
"0,68 : 84.05"
"0,69 : 54.92"
"0,70 : 11.05"
"0,71 : 67.6"
"0,72 : 25.5"
"0,73 : 90.09"
"0,74 : 48.41"
"0,75 : 34.93"
"0,76 : 59.23"
"0,77 : 17.46"
"0,78 : 83.17"
"0,79 : 90.09"
"0,80 : 28.02"
"0,81 : 73.74"
"0,82 : 35.0"
"0,83 : 39.4"
"0,84 : 56.57"
"0,85 : 40.46"
"0,86 : 28.0"
"0,87 : 43.01"
"0,88 : 79.65"
"0,89 : 43.29"
"0,90 : 78.34"
"0,91 : 58.82"
"0,92 : 78.06"
"0,93 : 83.93"
"0,94 : 92.76"
"0,95 : 61.06"
"0,96 : 42.8"
"0,97 : 54.13"
"0,98 : 29.73"
"0,99 : 40.31"
"1,0 : 13.89"
"1,1 : 0.0"
"1,2 : 43.42"
"1,3 : 41.11"
"1,4 : 50.22"
"1,5 : 23.85"
"1,6 : 27.29"
"1,7 : 70.71"
"1,8 : 53.34"
"1,9 : 19.7"
"1,10 : 33.42"
"1,11 : 67.6"
"1,12 : 19.72"
"1,13 : 81.22"
"1,14 : 57.38"
"1,15 : 92.63"
"1,16 : 73.5"
"1,17 : 92.1"
"1,18 : 63.25"
"1,19 : 45.31"
"1,20 : 76.66"
"1,21 : 28.0"
"1,22 : 79.16"
"1,23 : 47.27"
"1,24 : 35.0"
"1,25 : 72.37"
"1,26 : 86.28"
"1,27 : 11.18"
"1,28 : 10.3"
"1,29 : 98.31"
"1,30 : 18.44"
"1,31 : 60.61"
"1,32 : 37.01"
"1,33 : 74.97"
"1,34 : 93.48"
"1,35 : 49.52"
"1,36 : 42.43"
"1,37 : 85.0"
"1,38 : 42.43"
"1,39 : 58.01"
"1,40 : 89.81"
"1,41 : 95.44"
"1,42 : 69.84"
"1,43 : 76.16"
"1,44 : 63.25"
"1,45 : 53.85"
"1,46 : 64.03"
"1,47 : 91.79"
"1,48 : 63.98"
"1,49 : 40.8"
"1,50 : 58.14"
"1,51 : 68.0"
"1,52 : 59.46"
"1,53 : 71.81"
"1,54 : 68.71"
"1,55 : 40.31"
"1,56 : 77.01"
"1,57 : 50.01"
"1,58 : 41.11"
"1,59 : 71.34"
"1,60 : 74.55"
"1,61 : 43.0"
"1,62 : 82.93"
"1,63 : 46.69"
"1,64 : 15.52"
"1,65 : 55.15"
"1,66 : 54.13"
"1,67 : 53.01"
"1,68 : 86.28"
"1,69 : 47.04"
"1,70 : 6.08"
"1,71 : 63.57"
"1,72 : 32.57"
"1,73 : 84.53"
"1,74 : 35.85"
"1,75 : 46.01"
"1,76 : 56.36"
"1,77 : 28.0"
"1,78 : 81.41"
"1,79 : 84.53"
"1,80 : 32.25"
"1,81 : 63.56"
"1,82 : 22.85"
"1,83 : 29.27"
"1,84 : 61.59"
"1,85 : 47.01"
"1,86 : 40.61"
"1,87 : 29.21"
"1,88 : 82.88"
"1,89 : 56.29"
"1,90 : 75.64"
"1,91 : 61.62"
"1,92 : 71.57"
"1,93 : 74.67"
"1,94 : 84.21"
"1,95 : 68.71"
"1,96 : 49.77"
"1,97 : 63.06"
"1,98 : 35.34"
"1,99 : 26.57"
"2,0 : 30.27"
"2,1 : 43.42"
"2,2 : 0.0"
"2,3 : 65.0"
"2,4 : 40.01"
"2,5 : 42.45"
"2,6 : 45.45"
"2,7 : 49.24"
"2,8 : 80.0"
"2,9 : 57.8"
"2,10 : 73.06"
"2,11 : 25.08"
"2,12 : 59.06"
"2,13 : 64.85"
"2,14 : 49.01"
"2,15 : 79.7"
"2,16 : 85.16"
"2,17 : 82.23"
"2,18 : 35.85"
"2,19 : 79.31"
"2,20 : 55.46"
"2,21 : 57.31"
"2,22 : 101.53"
"2,23 : 74.65"
"2,24 : 13.04"
"2,25 : 29.15"
"2,26 : 103.12"
"2,27 : 54.41"
"2,28 : 33.54"
"2,29 : 86.02"
"2,30 : 54.38"
"2,31 : 59.21"
"2,32 : 11.18"
"2,33 : 64.13"
"2,34 : 94.01"
"2,35 : 47.68"
"2,36 : 17.0"
"2,37 : 86.02"
"2,38 : 71.51"
"2,39 : 18.87"
"2,40 : 83.02"
"2,41 : 89.94"
"2,42 : 48.85"
"2,43 : 98.88"
"2,44 : 48.05"
"2,45 : 10.44"
"2,46 : 33.6"
"2,47 : 91.05"
"2,48 : 97.58"
"2,49 : 36.14"
"2,50 : 49.04"
"2,51 : 28.23"
"2,52 : 55.04"
"2,53 : 85.07"
"2,54 : 76.9"
"2,55 : 16.12"
"2,56 : 97.08"
"2,57 : 79.4"
"2,58 : 68.77"
"2,59 : 72.17"
"2,60 : 91.18"
"2,61 : 11.05"
"2,62 : 63.07"
"2,63 : 19.42"
"2,64 : 27.89"
"2,65 : 50.09"
"2,66 : 34.71"
"2,67 : 14.87"
"2,68 : 75.19"
"2,69 : 70.46"
"2,70 : 41.3"
"2,71 : 74.04"
"2,72 : 23.71"
"2,73 : 97.53"
"2,74 : 73.24"
"2,75 : 12.65"
"2,76 : 64.56"
"2,77 : 17.8"
"2,78 : 83.1"
"2,79 : 97.53"
"2,80 : 30.41"
"2,81 : 92.01"
"2,82 : 60.21"
"2,83 : 60.96"
"2,84 : 45.12"
"2,85 : 30.02"
"2,86 : 4.47"
"2,87 : 71.18"
"2,88 : 68.96"
"2,89 : 13.04"
"2,90 : 80.75"
"2,91 : 52.15"
"2,92 : 88.39"
"2,93 : 99.64"
"2,94 : 106.44"
"2,95 : 42.19"
"2,96 : 30.27"
"2,97 : 33.02"
"2,98 : 27.86"
"2,99 : 69.92"
"3,0 : 48.84"
"3,1 : 41.11"
"3,2 : 65.0"
"3,3 : 0.0"
"3,4 : 39.85"
"3,5 : 23.26"
"3,6 : 19.72"
"3,7 : 59.41"
"3,8 : 15.0"
"3,9 : 25.5"
"3,10 : 28.3"
"3,11 : 81.22"
"3,12 : 27.29"
"3,13 : 61.66"
"3,14 : 40.11"
"3,15 : 67.42"
"3,16 : 34.0"
"3,17 : 64.4"
"3,18 : 60.75"
"3,19 : 20.02"
"3,20 : 63.03"
"3,21 : 13.34"
"3,22 : 38.83"
"3,23 : 10.0"
"3,24 : 52.01"
"3,25 : 87.46"
"3,26 : 45.18"
"3,27 : 38.28"
"3,28 : 46.39"
"3,29 : 71.59"
"3,30 : 24.04"
"3,31 : 34.71"
"3,32 : 54.04"
"3,33 : 52.17"
"3,34 : 58.0"
"3,35 : 31.4"
"3,36 : 52.4"
"3,37 : 50.25"
"3,38 : 9.06"
"3,39 : 69.2"
"3,40 : 60.03"
"3,41 : 63.82"
"3,42 : 58.42"
"3,43 : 35.9"
"3,44 : 49.25"
"3,45 : 73.66"
"3,46 : 64.08"
"3,47 : 57.31"
"3,48 : 34.48"
"3,49 : 34.48"
"3,50 : 41.11"
"3,51 : 76.85"
"3,52 : 37.12"
"3,53 : 31.78"
"3,54 : 31.83"
"3,55 : 51.62"
"3,56 : 36.06"
"3,57 : 15.26"
"3,58 : 6.0"
"3,59 : 39.45"
"3,60 : 33.54"
"3,61 : 57.28"
"3,62 : 66.19"
"3,63 : 54.2"
"3,64 : 46.57"
"3,65 : 36.06"
"3,66 : 49.4"
"3,67 : 65.3"
"3,68 : 60.75"
"3,69 : 6.08"
"3,70 : 47.04"
"3,71 : 26.17"
"3,72 : 41.77"
"3,73 : 43.97"
"3,74 : 23.26"
"3,75 : 58.73"
"3,76 : 23.26"
"3,77 : 48.02"
"3,78 : 46.75"
"3,79 : 43.97"
"3,80 : 35.36"
"3,81 : 27.02"
"3,82 : 23.32"
"3,83 : 13.89"
"3,84 : 49.65"
"3,85 : 45.65"
"3,86 : 60.61"
"3,87 : 34.71"
"3,88 : 60.64"
"3,89 : 74.25"
"3,90 : 39.6"
"3,91 : 43.0"
"3,92 : 30.59"
"3,93 : 35.47"
"3,94 : 43.93"
"3,95 : 63.06"
"3,96 : 48.3"
"3,97 : 63.16"
"3,98 : 38.95"
"3,99 : 42.52"
"4,0 : 46.23"
"4,1 : 50.22"
"4,2 : 40.01"
"4,3 : 39.85"
"4,4 : 0.0"
"4,5 : 29.41"
"4,6 : 28.44"
"4,7 : 21.59"
"4,8 : 52.77"
"4,9 : 50.22"
"4,10 : 62.07"
"4,11 : 46.04"
"4,12 : 52.39"
"4,13 : 31.14"
"4,14 : 9.22"
"4,15 : 43.83"
"4,16 : 47.41"
"4,17 : 44.72"
"4,18 : 21.02"
"4,19 : 59.44"
"4,20 : 26.93"
"4,21 : 41.01"
"4,22 : 67.94"
"4,23 : 49.4"
"4,24 : 29.61"
"4,25 : 52.43"
"4,26 : 66.37"
"4,27 : 56.36"
"4,28 : 46.69"
"4,29 : 49.93"
"4,30 : 46.32"
"4,31 : 19.42"
"4,32 : 30.27"
"4,33 : 26.42"
"4,34 : 54.04"
"4,35 : 9.9"
"4,36 : 23.02"
"4,37 : 46.01"
"4,38 : 48.76"
"4,39 : 34.48"
"4,40 : 44.27"
"4,41 : 50.96"
"4,42 : 20.62"
"4,43 : 65.76"
"4,44 : 13.04"
"4,45 : 44.38"
"4,46 : 24.7"
"4,47 : 51.16"
"4,48 : 73.93"
"4,49 : 9.43"
"4,50 : 9.49"
"4,51 : 39.62"
"4,52 : 15.03"
"4,53 : 48.02"
"4,54 : 38.48"
"4,55 : 24.02"
"4,56 : 62.48"
"4,57 : 54.78"
"4,58 : 45.61"
"4,59 : 32.25"
"4,60 : 55.22"
"4,61 : 29.07"
"4,62 : 32.76"
"4,63 : 21.59"
"4,64 : 42.01"
"4,65 : 10.2"
"4,66 : 10.0"
"4,67 : 32.31"
"4,68 : 38.08"
"4,69 : 42.95"
"4,70 : 53.15"
"4,71 : 36.89"
"4,72 : 21.47"
"4,73 : 59.51"
"4,74 : 59.03"
"4,75 : 28.44"
"4,76 : 27.8"
"4,77 : 31.78"
"4,78 : 43.1"
"4,79 : 59.51"
"4,80 : 18.38"
"4,81 : 64.14"
"4,82 : 50.64"
"4,83 : 45.0"
"4,84 : 11.7"
"4,85 : 10.2"
"4,86 : 36.01"
"4,87 : 64.94"
"4,88 : 33.42"
"4,89 : 43.32"
"4,90 : 41.23"
"4,91 : 13.0"
"4,92 : 52.8"
"4,93 : 68.01"
"4,94 : 72.35"
"4,95 : 23.35"
"4,96 : 11.18"
"4,97 : 23.85"
"4,98 : 16.64"
"4,99 : 68.96"
"5,0 : 27.02"
"5,1 : 23.85"
"5,2 : 42.45"
"5,3 : 23.26"
"5,4 : 29.41"
"5,5 : 0.0"
"5,6 : 4.0"
"5,7 : 50.96"
"5,8 : 38.08"
"5,9 : 21.1"
"5,10 : 34.53"
"5,11 : 61.29"
"5,12 : 23.19"
"5,13 : 59.17"
"5,14 : 34.99"
"5,15 : 69.53"
"5,16 : 51.35"
"5,17 : 68.59"
"5,18 : 47.0"
"5,19 : 37.2"
"5,20 : 56.3"
"5,21 : 15.26"
"5,22 : 61.68"
"5,23 : 32.45"
"5,24 : 29.73"
"5,25 : 67.23"
"5,26 : 66.27"
"5,27 : 27.46"
"5,28 : 25.32"
"5,29 : 75.01"
"5,30 : 17.12"
"5,31 : 36.88"
"5,32 : 31.89"
"5,33 : 52.01"
"5,34 : 69.78"
"5,35 : 26.4"
"5,36 : 32.2"
"5,37 : 61.27"
"5,38 : 29.07"
"5,39 : 49.66"
"5,40 : 66.07"
"5,41 : 71.61"
"5,42 : 50.0"
"5,43 : 58.82"
"5,44 : 42.15"
"5,45 : 51.74"
"5,46 : 49.16"
"5,47 : 68.0"
"5,48 : 55.17"
"5,49 : 20.4"
"5,50 : 35.85"
"5,51 : 58.52"
"5,52 : 36.12"
"5,53 : 50.09"
"5,54 : 45.61"
"5,55 : 30.89"
"5,56 : 58.25"
"5,57 : 37.01"
"5,58 : 26.4"
"5,59 : 47.51"
"5,60 : 54.15"
"5,61 : 36.06"
"5,62 : 61.74"
"5,63 : 35.11"
"5,64 : 24.08"
"5,65 : 32.2"
"5,66 : 36.12"
"5,67 : 45.18"
"5,68 : 63.03"
"5,69 : 29.15"
"5,70 : 28.64"
"5,71 : 40.79"
"5,72 : 20.59"
"5,73 : 63.07"
"5,74 : 32.89"
"5,75 : 38.08"
"5,76 : 32.89"
"5,77 : 25.0"
"5,78 : 57.7"
"5,79 : 63.07"
"5,80 : 15.52"
"5,81 : 49.93"
"5,82 : 22.02"
"5,83 : 19.24"
"5,84 : 41.11"
"5,85 : 30.02"
"5,86 : 38.18"
"5,87 : 36.06"
"5,88 : 60.22"
"5,89 : 52.8"
"5,90 : 52.2"
"5,91 : 39.12"
"5,92 : 51.16"
"5,93 : 58.69"
"5,94 : 66.76"
"5,95 : 51.24"
"5,96 : 33.02"
"5,97 : 48.17"
"5,98 : 19.65"
"5,99 : 39.56"
"6,0 : 31.02"
"6,1 : 27.29"
"6,2 : 45.45"
"6,3 : 19.72"
"6,4 : 28.44"
"6,5 : 4.0"
"6,6 : 0.0"
"6,7 : 50.01"
"6,8 : 34.67"
"6,9 : 21.84"
"6,10 : 34.06"
"6,11 : 63.29"
"6,12 : 24.04"
"6,13 : 57.25"
"6,14 : 33.11"
"6,15 : 67.01"
"6,16 : 47.38"
"6,17 : 65.8"
"6,18 : 47.17"
"6,19 : 34.99"
"6,20 : 55.08"
"6,21 : 13.6"
"6,22 : 57.87"
"6,23 : 29.21"
"6,24 : 32.56"
"6,25 : 69.34"
"6,26 : 62.29"
"6,27 : 29.83"
"6,28 : 29.27"
"6,29 : 72.35"
"6,30 : 18.03"
"6,31 : 33.94"
"6,32 : 34.66"
"6,33 : 49.65"
"6,34 : 66.19"
"6,35 : 24.19"
"6,36 : 34.13"
"6,37 : 57.71"
"6,38 : 26.17"
"6,39 : 51.48"
"6,40 : 63.03"
"6,41 : 68.41"
"6,42 : 49.03"
"6,43 : 55.03"
"6,44 : 40.8"
"6,45 : 54.45"
"6,46 : 49.65"
"6,47 : 64.5"
"6,48 : 52.5"
"6,49 : 20.0"
"6,50 : 34.01"
"6,51 : 60.01"
"6,52 : 33.6"
"6,53 : 46.1"
"6,54 : 41.76"
"6,55 : 33.02"
"6,56 : 54.34"
"6,57 : 33.97"
"6,58 : 23.35"
"6,59 : 44.1"
"6,60 : 50.16"
"6,61 : 38.42"
"6,62 : 60.17"
"6,63 : 36.67"
"6,64 : 28.07"
"6,65 : 30.02"
"6,66 : 36.01"
"6,67 : 47.17"
"6,68 : 60.44"
"6,69 : 25.5"
"6,70 : 32.31"
"6,71 : 36.88"
"6,72 : 22.8"
"6,73 : 59.08"
"6,74 : 31.78"
"6,75 : 40.22"
"6,76 : 29.15"
"6,77 : 28.3"
"6,78 : 54.12"
"6,79 : 59.08"
"6,80 : 17.0"
"6,81 : 46.62"
"6,82 : 22.2"
"6,83 : 17.72"
"6,84 : 40.02"
"6,85 : 30.41"
"6,86 : 41.11"
"6,87 : 36.5"
"6,88 : 57.98"
"6,89 : 55.32"
"6,90 : 48.47"
"6,91 : 37.12"
"6,92 : 47.17"
"6,93 : 55.04"
"6,94 : 62.94"
"6,95 : 51.01"
"6,96 : 33.38"
"6,97 : 48.66"
"6,98 : 21.02"
"6,99 : 40.85"
"7,0 : 64.66"
"7,1 : 70.71"
"7,2 : 49.24"
"7,3 : 59.41"
"7,4 : 21.59"
"7,5 : 50.96"
"7,6 : 50.01"
"7,7 : 0.0"
"7,8 : 70.6"
"7,9 : 71.81"
"7,10 : 83.38"
"7,11 : 43.29"
"7,12 : 73.98"
"7,13 : 16.12"
"7,14 : 19.42"
"7,15 : 31.26"
"7,16 : 56.73"
"7,17 : 35.01"
"7,18 : 14.14"
"7,19 : 79.4"
"7,20 : 6.4"
"7,21 : 62.29"
"7,22 : 80.71"
"7,23 : 68.25"
"7,24 : 43.42"
"7,25 : 48.84"
"7,26 : 75.69"
"7,27 : 77.62"
"7,28 : 65.8"
"7,29 : 37.48"
"7,30 : 67.91"
"7,31 : 28.65"
"7,32 : 43.01"
"7,33 : 19.7"
"7,34 : 52.55"
"7,35 : 28.07"
"7,36 : 34.41"
"7,37 : 46.53"
"7,38 : 68.47"
"7,39 : 35.23"
"7,40 : 37.66"
"7,41 : 44.55"
"7,42 : 1.0"
"7,43 : 79.08"
"7,44 : 10.2"
"7,45 : 49.03"
"7,46 : 18.0"
"7,47 : 49.04"
"7,48 : 92.18"
"7,49 : 30.68"
"7,50 : 18.44"
"7,51 : 34.53"
"7,52 : 24.17"
"7,53 : 58.41"
"7,54 : 47.63"
"7,55 : 36.4"
"7,56 : 74.63"
"7,57 : 73.55"
"7,58 : 65.38"
"7,59 : 36.8"
"7,60 : 66.4"
"7,61 : 38.95"
"7,62 : 13.89"
"7,63 : 30.53"
"7,64 : 60.44"
"7,65 : 23.54"
"7,66 : 17.03"
"7,67 : 36.14"
"7,68 : 28.07"
"7,69 : 61.39"
"7,70 : 72.95"
"7,71 : 48.55"
"7,72 : 39.2"
"7,73 : 67.21"
"7,74 : 80.06"
"7,75 : 36.67"
"7,76 : 41.63"
"7,77 : 48.08"
"7,78 : 44.94"
"7,79 : 67.21"
"7,80 : 38.47"
"7,81 : 80.99"
"7,82 : 72.18"
"7,83 : 66.19"
"7,84 : 10.05"
"7,85 : 24.21"
"7,86 : 46.53"
"7,87 : 86.49"
"7,88 : 21.0"
"7,89 : 46.53"
"7,90 : 46.75"
"7,91 : 17.46"
"7,92 : 64.64"
"7,93 : 82.37"
"7,94 : 84.4"
"7,95 : 9.22"
"7,96 : 21.93"
"7,97 : 18.03"
"7,98 : 35.51"
"7,99 : 90.52"
"8,0 : 62.64"
"8,1 : 53.34"
"8,2 : 80.0"
"8,3 : 15.0"
"8,4 : 52.77"
"8,5 : 38.08"
"8,6 : 34.67"
"8,7 : 70.6"
"8,8 : 0.0"
"8,9 : 35.06"
"8,10 : 30.89"
"8,11 : 95.78"
"8,12 : 36.22"
"8,13 : 70.06"
"8,14 : 51.24"
"8,15 : 72.99"
"8,16 : 30.81"
"8,17 : 68.88"
"8,18 : 73.79"
"8,19 : 15.56"
"8,20 : 73.35"
"8,21 : 25.71"
"8,22 : 26.02"
"8,23 : 6.08"
"8,24 : 67.01"
"8,25 : 102.07"
"8,26 : 35.47"
"8,27 : 48.17"
"8,28 : 59.91"
"8,29 : 76.16"
"8,30 : 35.06"
"8,31 : 43.29"
"8,32 : 69.03"
"8,33 : 60.01"
"8,34 : 57.45"
"8,35 : 43.46"
"8,36 : 67.18"
"8,37 : 50.99"
"8,38 : 11.0"
"8,39 : 83.74"
"8,40 : 63.6"
"8,41 : 65.92"
"8,42 : 69.64"
"8,43 : 23.02"
"8,44 : 60.44"
"8,45 : 88.62"
"8,46 : 77.41"
"8,47 : 57.71"
"8,48 : 21.59"
"8,49 : 48.6"
"8,50 : 52.2"
"8,51 : 91.02"
"8,52 : 46.87"
"8,53 : 27.8"
"8,54 : 32.89"
"8,55 : 66.48"
"8,56 : 25.0"
"8,57 : 5.66"
"8,58 : 12.37"
"8,59 : 43.74"
"8,60 : 25.81"
"8,61 : 72.18"
"8,62 : 75.33"
"8,63 : 68.77"
"8,64 : 60.75"
"8,65 : 47.13"
"8,66 : 62.65"
"8,67 : 79.98"
"8,68 : 66.61"
"8,69 : 10.0"
"8,70 : 59.41"
"8,71 : 27.89"
"8,72 : 56.73"
"8,73 : 37.2"
"8,74 : 25.06"
"8,75 : 73.54"
"8,76 : 30.07"
"8,77 : 62.97"
"8,78 : 47.93"
"8,79 : 37.2"
"8,80 : 50.25"
"8,81 : 12.04"
"8,82 : 32.14"
"8,83 : 24.08"
"8,84 : 61.35"
"8,85 : 59.64"
"8,86 : 75.6"
"8,87 : 38.91"
"8,88 : 68.03"
"8,89 : 89.14"
"8,90 : 40.31"
"8,91 : 53.37"
"8,92 : 23.43"
"8,93 : 21.38"
"8,94 : 31.0"
"8,95 : 75.39"
"8,96 : 62.13"
"8,97 : 76.54"
"8,98 : 53.74"
"8,99 : 47.93"
"9,0 : 32.02"
"9,1 : 19.7"
"9,2 : 57.8"
"9,3 : 25.5"
"9,4 : 50.22"
"9,5 : 21.1"
"9,6 : 21.84"
"9,7 : 71.81"
"9,8 : 35.06"
"9,9 : 0.0"
"9,10 : 15.26"
"9,11 : 79.71"
"9,12 : 2.24"
"9,13 : 78.79"
"9,14 : 54.78"
"9,15 : 87.66"
"9,16 : 59.48"
"9,17 : 85.8"
"9,18 : 68.03"
"9,19 : 25.63"
"9,20 : 76.92"
"9,21 : 12.81"
"9,22 : 61.07"
"9,23 : 29.15"
"9,24 : 46.62"
"9,25 : 85.23"
"9,26 : 69.63"
"9,27 : 13.15"
"9,28 : 28.6"
"9,29 : 92.66"
"9,30 : 4.0"
"9,31 : 54.08"
"9,32 : 48.85"
"9,33 : 70.71"
"9,34 : 82.62"
"9,35 : 45.69"
"9,36 : 51.42"
"9,37 : 74.52"
"9,38 : 24.08"
"9,39 : 68.68"
"9,40 : 82.33"
"9,41 : 87.0"
"9,42 : 70.83"
"9,43 : 58.08"
"9,44 : 62.64"
"9,45 : 68.0"
"9,46 : 70.03"
"9,47 : 81.57"
"9,48 : 44.28"
"9,49 : 41.44"
"9,50 : 55.71"
"9,51 : 78.1"
"9,52 : 54.59"
"9,53 : 57.27"
"9,54 : 56.61"
"9,55 : 49.73"
"9,56 : 59.68"
"9,57 : 31.06"
"9,58 : 23.54"
"9,59 : 62.24"
"9,60 : 58.52"
"9,61 : 54.08"
"9,62 : 81.93"
"9,63 : 54.92"
"9,64 : 31.83"
"9,65 : 51.48"
"9,66 : 57.22"
"9,67 : 63.89"
"9,68 : 80.99"
"9,69 : 30.68"
"9,70 : 25.63"
"9,71 : 51.04"
"9,72 : 39.81"
"9,73 : 69.29"
"9,74 : 16.4"
"9,75 : 56.61"
"9,76 : 45.97"
"9,77 : 40.25"
"9,78 : 70.94"
"9,79 : 69.29"
"9,80 : 36.06"
"9,81 : 44.41"
"9,82 : 3.16"
"9,83 : 11.7"
"9,84 : 61.85"
"9,85 : 51.01"
"9,86 : 54.12"
"9,87 : 15.0"
"9,88 : 79.18"
"9,89 : 69.78"
"9,90 : 64.2"
"9,91 : 58.69"
"9,92 : 55.66"
"9,93 : 56.04"
"9,94 : 66.03"
"9,95 : 72.34"
"9,96 : 54.01"
"9,97 : 69.03"
"9,98 : 40.11"
"9,99 : 19.24"
"10,0 : 46.67"
"10,1 : 33.42"
"10,2 : 73.06"
"10,3 : 28.3"
"10,4 : 62.07"
"10,5 : 34.53"
"10,6 : 34.06"
"10,7 : 83.38"
"10,8 : 30.89"
"10,9 : 15.26"
"10,10 : 0.0"
"10,11 : 94.7"
"10,12 : 14.21"
"10,13 : 88.32"
"10,14 : 65.12"
"10,15 : 95.34"
"10,16 : 60.21"
"10,17 : 92.59"
"10,18 : 81.22"
"10,19 : 16.49"
"10,20 : 87.97"
"10,21 : 21.1"
"10,22 : 55.36"
"10,23 : 26.4"
"10,24 : 61.74"
"10,25 : 100.32"
"10,26 : 66.21"
"10,27 : 23.71"
"10,28 : 43.14"
"10,29 : 99.73"
"10,30 : 18.79"
"10,31 : 62.03"
"10,32 : 63.98"
"10,33 : 79.38"
"10,34 : 85.7"
"10,35 : 55.9"
"10,36 : 66.1"
"10,37 : 78.24"
"10,38 : 21.93"
"10,39 : 83.49"
"10,40 : 88.32"
"10,41 : 92.09"
"10,42 : 82.39"
"10,43 : 52.5"
"10,44 : 73.68"
"10,45 : 83.24"
"10,46 : 83.6"
"10,47 : 85.28"
"10,48 : 32.56"
"10,49 : 54.04"
"10,50 : 66.1"
"10,51 : 92.72"
"10,52 : 63.6"
"10,53 : 57.49"
"10,54 : 59.67"
"10,55 : 64.51"
"10,56 : 55.54"
"10,57 : 25.5"
"10,58 : 23.43"
"10,59 : 67.74"
"10,60 : 56.6"
"10,61 : 69.08"
"10,62 : 92.2"
"10,63 : 69.38"
"10,64 : 46.86"
"10,65 : 61.39"
"10,66 : 70.06"
"10,67 : 78.77"
"10,68 : 88.64"
"10,69 : 31.14"
"10,70 : 38.83"
"10,71 : 54.04"
"10,72 : 54.41"
"10,73 : 67.96"
"10,74 : 5.83"
"10,75 : 71.51"
"10,76 : 51.48"
"10,77 : 55.47"
"10,78 : 74.81"
"10,79 : 67.96"
"10,80 : 50.01"
"10,81 : 36.67"
"10,82 : 13.0"
"10,83 : 17.26"
"10,84 : 73.33"
"10,85 : 64.38"
"10,86 : 69.35"
"10,87 : 8.25"
"10,88 : 87.92"
"10,89 : 84.97"
"10,90 : 67.48"
"10,91 : 68.66"
"10,92 : 54.08"
"10,93 : 49.24"
"10,94 : 59.91"
"10,95 : 85.01"
"10,96 : 67.36"
"10,97 : 82.61"
"10,98 : 54.13"
"10,99 : 17.46"
"11,0 : 55.04"
"11,1 : 67.6"
"11,2 : 25.08"
"11,3 : 81.22"
"11,4 : 46.04"
"11,5 : 61.29"
"11,6 : 63.29"
"11,7 : 43.29"
"11,8 : 95.78"
"11,9 : 79.71"
"11,10 : 94.7"
"11,11 : 0.0"
"11,12 : 81.27"
"11,13 : 59.08"
"11,14 : 52.77"
"11,15 : 74.01"
"11,16 : 93.3"
"11,17 : 78.23"
"11,18 : 29.83"
"11,19 : 98.27"
"11,20 : 48.01"
"11,21 : 76.54"
"11,22 : 113.7"
"11,23 : 91.21"
"11,24 : 33.24"
"11,25 : 6.4"
"11,26 : 112.36"
"11,27 : 78.26"
"11,28 : 58.14"
"11,29 : 80.01"
"11,30 : 75.96"
"11,31 : 64.41"
"11,32 : 31.05"
"11,33 : 62.37"
"11,34 : 95.08"
"11,35 : 55.8"
"11,36 : 29.15"
"11,37 : 88.23"
"11,38 : 89.05"
"11,39 : 12.04"
"11,40 : 80.89"
"11,41 : 87.82"
"11,42 : 43.42"
"11,43 : 111.4"
"11,44 : 47.43"
"11,45 : 15.81"
"11,46 : 25.5"
"11,47 : 91.68"
"11,48 : 115.43"
"11,49 : 47.38"
"11,50 : 52.33"
"11,51 : 9.06"
"11,52 : 59.48"
"11,53 : 94.03"
"11,54 : 84.22"
"11,55 : 30.41"
"11,56 : 108.41"
"11,57 : 96.4"
"11,58 : 86.02"
"11,59 : 76.16"
"11,60 : 101.26"
"11,61 : 25.63"
"11,62 : 55.04"
"11,63 : 27.02"
"11,64 : 52.24"
"11,65 : 55.57"
"11,66 : 36.72"
"11,67 : 16.12"
"11,68 : 71.34"
"11,69 : 85.8"
"11,70 : 66.07"
"11,71 : 82.93"
"11,72 : 40.71"
"11,73 : 105.19"
"11,74 : 93.94"
"11,75 : 23.26"
"11,76 : 73.82"
"11,77 : 40.02"
"11,78 : 86.03"
"11,79 : 105.19"
"11,80 : 46.32"
"11,81 : 107.71"
"11,82 : 81.71"
"11,83 : 80.53"
"11,84 : 44.6"
"11,85 : 36.88"
"11,86 : 27.07"
"11,87 : 93.96"
"11,88 : 64.2"
"11,89 : 12.37"
"11,90 : 85.91"
"11,91 : 54.23"
"11,92 : 98.81"
"11,93 : 113.22"
"11,94 : 118.23"
"11,95 : 34.13"
"11,96 : 35.0"
"11,97 : 25.71"
"11,98 : 42.44"
"11,99 : 93.74"
"12,0 : 32.56"
"12,1 : 19.72"
"12,2 : 59.06"
"12,3 : 27.29"
"12,4 : 52.39"
"12,5 : 23.19"
"12,6 : 24.04"
"12,7 : 73.98"
"12,8 : 36.22"
"12,9 : 2.24"
"12,10 : 14.21"
"12,11 : 81.27"
"12,12 : 0.0"
"12,13 : 81.02"
"12,14 : 57.01"
"12,15 : 89.89"
"12,16 : 61.29"
"12,17 : 88.01"
"12,18 : 70.06"
"12,19 : 25.96"
"12,20 : 79.12"
"12,21 : 14.87"
"12,22 : 62.2"
"12,23 : 30.41"
"12,24 : 48.1"
"12,25 : 86.73"
"12,26 : 71.06"
"12,27 : 12.0"
"12,28 : 29.07"
"12,29 : 94.87"
"12,30 : 6.08"
"12,31 : 56.3"
"12,32 : 50.33"
"12,33 : 72.95"
"12,34 : 84.65"
"12,35 : 47.93"
"12,36 : 53.15"
"12,37 : 76.58"
"12,38 : 25.32"
"12,39 : 70.34"
"12,40 : 84.5"
"12,41 : 89.14"
"12,42 : 73.01"
"12,43 : 59.21"
"12,44 : 64.85"
"12,45 : 69.32"
"12,46 : 72.01"
"12,47 : 83.63"
"12,48 : 44.38"
"12,49 : 43.57"
"12,50 : 57.94"
"12,51 : 79.83"
"12,52 : 56.82"
"12,53 : 59.03"
"12,54 : 58.6"
"12,55 : 51.42"
"12,56 : 61.0"
"12,57 : 32.0"
"12,58 : 25.0"
"12,59 : 64.38"
"12,60 : 60.08"
"12,61 : 55.66"
"12,62 : 84.15"
"12,63 : 56.72"
"12,64 : 32.65"
"12,65 : 53.71"
"12,66 : 59.3"
"12,67 : 65.52"
"12,68 : 83.22"
"12,69 : 32.31"
"12,70 : 25.5"
"12,71 : 53.01"
"12,72 : 41.59"
"12,73 : 70.94"
"12,74 : 16.12"
"12,75 : 58.24"
"12,76 : 48.08"
"12,77 : 41.63"
"12,78 : 73.0"
"12,79 : 70.94"
"12,80 : 38.01"
"12,81 : 45.18"
"12,82 : 4.12"
"12,83 : 13.42"
"12,84 : 64.03"
"12,85 : 53.04"
"12,86 : 55.46"
"12,87 : 13.04"
"12,88 : 81.41"
"12,89 : 71.18"
"12,90 : 66.22"
"12,91 : 60.93"
"12,92 : 57.25"
"12,93 : 57.0"
"12,94 : 67.12"
"12,95 : 74.43"
"12,96 : 56.04"
"12,97 : 71.01"
"12,98 : 42.05"
"12,99 : 17.0"
"13,0 : 77.16"
"13,1 : 81.22"
"13,2 : 64.85"
"13,3 : 61.66"
"13,4 : 31.14"
"13,5 : 59.17"
"13,6 : 57.25"
"13,7 : 16.12"
"13,8 : 70.06"
"13,9 : 78.79"
"13,10 : 88.32"
"13,11 : 59.08"
"13,12 : 81.02"
"13,13 : 0.0"
"13,14 : 24.19"
"13,15 : 15.13"
"13,16 : 49.66"
"13,17 : 19.24"
"13,18 : 30.27"
"13,19 : 81.39"
"13,20 : 11.18"
"13,21 : 67.68"
"13,22 : 74.85"
"13,23 : 69.07"
"13,24 : 57.8"
"13,25 : 64.38"
"13,26 : 67.42"
"13,27 : 86.61"
"13,28 : 77.78"
"13,29 : 21.38"
"13,30 : 75.15"
"13,31 : 27.07"
"13,32 : 57.71"
"13,33 : 10.2"
"13,34 : 39.12"
"13,35 : 33.11"
"13,36 : 49.19"
"13,37 : 34.66"
"13,38 : 70.46"
"13,39 : 51.35"
"13,40 : 22.85"
"13,41 : 29.41"
"13,42 : 16.28"
"13,43 : 73.74"
"13,44 : 18.44"
"13,45 : 65.12"
"13,46 : 34.06"
"13,47 : 35.51"
"13,48 : 91.35"
"13,49 : 40.46"
"13,50 : 23.32"
"13,51 : 50.16"
"13,52 : 24.74"
"13,53 : 52.0"
"13,54 : 41.44"
"13,55 : 51.0"
"13,56 : 68.54"
"13,57 : 74.01"
"13,58 : 67.6"
"13,59 : 29.15"
"13,60 : 60.01"
"13,61 : 54.23"
"13,62 : 6.4"
"13,63 : 45.69"
"13,64 : 72.92"
"13,65 : 27.31"
"13,66 : 30.89"
"13,67 : 52.17"
"13,68 : 12.65"
"13,69 : 62.07"
"13,70 : 84.29"
"13,71 : 44.15"
"13,72 : 51.86"
"13,73 : 58.25"
"13,74 : 84.17"
"13,75 : 52.2"
"13,76 : 40.01"
"13,77 : 61.61"
"13,78 : 34.06"
"13,79 : 58.25"
"13,80 : 49.52"
"13,81 : 78.92"
"13,82 : 78.55"
"13,83 : 71.17"
"13,84 : 20.81"
"13,85 : 37.44"
"13,86 : 61.85"
"13,87 : 92.7"
"13,88 : 5.39"
"13,89 : 62.65"
"13,90 : 38.08"
"13,91 : 20.12"
"13,92 : 58.87"
"13,93 : 77.79"
"13,94 : 77.82"
"13,95 : 25.0"
"13,96 : 35.85"
"13,97 : 34.13"
"13,98 : 47.42"
"13,99 : 97.99"
"14,0 : 54.64"
"14,1 : 57.38"
"14,2 : 49.01"
"14,3 : 40.11"
"14,4 : 9.22"
"14,5 : 34.99"
"14,6 : 33.11"
"14,7 : 19.42"
"14,8 : 51.24"
"14,9 : 54.78"
"14,10 : 65.12"
"14,11 : 52.77"
"14,12 : 57.01"
"14,13 : 24.19"
"14,14 : 0.0"
"14,15 : 35.47"
"14,16 : 40.8"
"14,17 : 35.85"
"14,18 : 24.76"
"14,19 : 60.13"
"14,20 : 23.02"
"14,21 : 44.15"
"14,22 : 63.13"
"14,23 : 48.84"
"14,24 : 38.83"
"14,25 : 59.06"
"14,26 : 60.0"
"14,27 : 62.43"
"14,28 : 54.82"
"14,29 : 41.4"
"14,30 : 51.08"
"14,31 : 11.66"
"14,32 : 39.46"
"14,33 : 17.8"
"14,34 : 45.0"
"14,35 : 9.22"
"14,36 : 32.02"
"14,37 : 37.12"
"14,38 : 49.16"
"14,39 : 41.79"
"14,40 : 35.11"
"14,41 : 41.76"
"14,42 : 18.44"
"14,43 : 61.22"
"14,44 : 9.22"
"14,45 : 52.77"
"14,46 : 29.07"
"14,47 : 42.05"
"14,48 : 72.8"
"14,49 : 17.2"
"14,50 : 1.0"
"14,51 : 45.49"
"14,52 : 6.71"
"14,53 : 41.87"
"14,54 : 31.62"
"14,55 : 33.14"
"14,56 : 57.31"
"14,57 : 54.13"
"14,58 : 46.1"
"14,59 : 23.77"
"14,60 : 49.52"
"14,61 : 38.0"
"14,62 : 27.2"
"14,63 : 30.15"
"14,64 : 50.48"
"14,65 : 4.12"
"14,66 : 16.16"
"14,67 : 40.26"
"14,68 : 29.41"
"14,69 : 41.98"
"14,70 : 60.83"
"14,71 : 31.11"
"14,72 : 30.46"
"14,73 : 52.48"
"14,74 : 61.4"
"14,75 : 37.12"
"14,76 : 23.02"
"14,77 : 40.85"
"14,78 : 34.37"
"14,79 : 52.48"
"14,80 : 26.63"
"14,81 : 61.85"
"14,82 : 54.71"
"14,83 : 47.85"
"14,84 : 10.3"
"14,85 : 19.0"
"14,86 : 45.1"
"14,87 : 68.96"
"14,88 : 25.5"
"14,89 : 51.42"
"14,90 : 33.24"
"14,91 : 4.24"
"14,92 : 47.38"
"14,93 : 64.07"
"14,94 : 67.21"
"14,95 : 24.7"
"14,96 : 19.24"
"14,97 : 28.43"
"14,98 : 25.5"
"14,99 : 73.93"
"15,0 : 90.0"
"15,1 : 92.63"
"15,2 : 79.7"
"15,3 : 67.42"
"15,4 : 43.83"
"15,5 : 69.53"
"15,6 : 67.01"
"15,7 : 31.26"
"15,8 : 72.99"
"15,9 : 87.66"
"15,10 : 95.34"
"15,11 : 74.01"
"15,12 : 89.89"
"15,13 : 15.13"
"15,14 : 35.47"
"15,15 : 0.0"
"15,16 : 47.38"
"15,17 : 6.4"
"15,18 : 45.4"
"15,19 : 86.13"
"15,20 : 26.0"
"15,21 : 75.66"
"15,22 : 72.37"
"15,23 : 73.25"
"15,24 : 72.01"
"15,25 : 79.16"
"15,26 : 62.63"
"15,27 : 96.83"
"15,28 : 90.27"
"15,29 : 6.32"
"15,30 : 84.31"
"15,31 : 33.62"
"15,32 : 72.09"
"15,33 : 17.69"
"15,34 : 29.21"
"15,35 : 43.19"
"15,36 : 63.69"
"15,37 : 27.86"
"15,38 : 75.58"
"15,39 : 66.48"
"15,40 : 12.53"
"15,41 : 17.03"
"15,42 : 31.4"
"15,43 : 71.85"
"15,44 : 32.2"
"15,45 : 80.23"
"15,46 : 49.16"
"15,47 : 25.81"
"15,48 : 93.26"
"15,49 : 52.63"
"15,50 : 34.83"
"15,51 : 65.03"
"15,52 : 33.42"
"15,53 : 50.25"
"15,54 : 41.01"
"15,55 : 65.39"
"15,56 : 66.1"
"15,57 : 77.67"
"15,58 : 73.05"
"15,59 : 29.27"
"15,60 : 57.71"
"15,61 : 68.95"
"15,62 : 19.24"
"15,63 : 60.41"
"15,64 : 85.8"
"15,65 : 37.48"
"15,66 : 45.31"
"15,67 : 67.27"
"15,68 : 6.71"
"15,69 : 66.48"
"15,70 : 96.26"
"15,71 : 45.28"
"15,72 : 65.19"
"15,73 : 53.14"
"15,74 : 90.62"
"15,75 : 67.05"
"15,76 : 44.27"
"15,77 : 75.29"
"15,78 : 28.86"
"15,79 : 53.14"
"15,80 : 62.01"
"15,81 : 80.06"
"15,82 : 86.95"
"15,83 : 78.71"
"15,84 : 34.93"
"15,85 : 51.43"
"15,86 : 76.55"
"15,87 : 100.65"
"15,88 : 10.77"
"15,89 : 77.78"
"15,90 : 35.23"
"15,91 : 31.24"
"15,92 : 57.31"
"15,93 : 76.53"
"15,94 : 74.46"
"15,95 : 40.05"
"15,96 : 50.16"
"15,97 : 49.25"
"15,98 : 60.46"
"15,99 : 106.85"
"16,0 : 78.31"
"16,1 : 73.5"
"16,2 : 85.16"
"16,3 : 34.0"
"16,4 : 47.41"
"16,5 : 51.35"
"16,6 : 47.38"
"16,7 : 56.73"
"16,8 : 30.81"
"16,9 : 59.48"
"16,10 : 60.21"
"16,11 : 93.3"
"16,12 : 61.29"
"16,13 : 49.66"
"16,14 : 40.8"
"16,15 : 47.38"
"16,16 : 0.0"
"16,17 : 42.05"
"16,18 : 65.44"
"16,19 : 46.23"
"16,20 : 56.86"
"16,21 : 47.01"
"16,22 : 25.3"
"16,23 : 33.94"
"16,24 : 72.78"
"16,25 : 99.64"
"16,26 : 19.21"
"16,27 : 72.09"
"16,28 : 76.66"
"16,29 : 49.0"
"16,30 : 57.78"
"16,31 : 29.21"
"16,32 : 74.22"
"16,33 : 39.82"
"16,34 : 26.83"
"16,35 : 38.08"
"16,36 : 68.95"
"16,37 : 21.38"
"16,38 : 38.29"
"16,39 : 81.88"
"16,40 : 36.0"
"16,41 : 36.67"
"16,42 : 55.97"
"16,43 : 24.52"
"16,44 : 48.1"
"16,45 : 91.18"
"16,46 : 69.81"
"16,47 : 27.51"
"16,48 : 47.8"
"16,49 : 49.04"
"16,50 : 41.4"
"16,51 : 86.27"
"16,52 : 34.21"
"16,53 : 3.16"
"16,54 : 9.22"
"16,55 : 69.26"
"16,56 : 18.97"
"16,57 : 36.4"
"16,58 : 37.2"
"16,59 : 20.59"
"16,60 : 10.44"
"16,61 : 74.95"
"16,62 : 55.9"
"16,63 : 68.54"
"16,64 : 75.11"
"16,65 : 37.74"
"16,66 : 56.6"
"16,67 : 79.62"
"16,68 : 41.98"
"16,69 : 29.41"
"16,70 : 79.08"
"16,71 : 11.18"
"16,72 : 62.17"
"16,73 : 12.37"
"16,74 : 54.49"
"16,75 : 75.03"
"16,76 : 20.62"
"16,77 : 71.57"
"16,78 : 19.03"
"16,79 : 12.37"
"16,80 : 55.73"
"16,81 : 34.21"
"16,82 : 57.31"
"16,83 : 47.89"
"16,84 : 50.33"
"16,85 : 57.27"
"16,86 : 80.78"
"16,87 : 67.62"
"16,88 : 45.88"
"16,89 : 90.47"
"16,90 : 12.17"
"16,91 : 40.36"
"16,92 : 10.0"
"16,93 : 29.15"
"16,94 : 28.18"
"16,95 : 64.35"
"16,96 : 58.59"
"16,97 : 69.2"
"16,98 : 57.49"
"16,99 : 76.03"
"17,0 : 90.43"
"17,1 : 92.1"
"17,2 : 82.23"
"17,3 : 64.4"
"17,4 : 44.72"
"17,5 : 68.59"
"17,6 : 65.8"
"17,7 : 35.01"
"17,8 : 68.88"
"17,9 : 85.8"
"17,10 : 92.59"
"17,11 : 78.23"
"17,12 : 88.01"
"17,13 : 19.24"
"17,14 : 35.85"
"17,15 : 6.4"
"17,16 : 42.05"
"17,17 : 0.0"
"17,18 : 49.01"
"17,19 : 82.54"
"17,20 : 30.41"
"17,21 : 73.5"
"17,22 : 66.75"
"17,23 : 69.57"
"17,24 : 73.74"
"17,25 : 83.6"
"17,26 : 56.61"
"17,27 : 95.59"
"17,28 : 90.44"
"17,29 : 7.28"
"17,30 : 82.62"
"17,31 : 31.89"
"17,32 : 74.0"
"17,33 : 18.38"
"17,34 : 22.8"
"17,35 : 42.64"
"17,36 : 65.8"
"17,37 : 21.84"
"17,38 : 72.24"
"17,39 : 70.06"
"17,40 : 6.32"
"17,41 : 10.82"
"17,42 : 35.0"
"17,43 : 66.37"
"17,44 : 34.21"
"17,45 : 83.49"
"17,46 : 53.01"
"17,47 : 19.42"
"17,48 : 88.68"
"17,49 : 53.0"
"17,50 : 35.36"
"17,51 : 69.35"
"17,52 : 32.65"
"17,53 : 45.01"
"17,54 : 36.35"
"17,55 : 67.36"
"17,56 : 60.53"
"17,57 : 73.76"
"17,58 : 69.86"
"17,59 : 25.3"
"17,60 : 52.24"
"17,61 : 71.31"
"17,62 : 24.35"
"17,63 : 62.82"
"17,64 : 86.28"
"17,65 : 37.2"
"17,66 : 47.54"
"17,67 : 70.46"
"17,68 : 7.07"
"17,69 : 62.97"
"17,70 : 96.05"
"17,71 : 41.0"
"17,72 : 66.19"
"17,73 : 47.13"
"17,74 : 87.66"
"17,75 : 69.63"
"17,76 : 41.15"
"17,77 : 76.49"
"17,78 : 23.19"
"17,79 : 47.13"
"17,80 : 62.43"
"17,81 : 75.33"
"17,82 : 84.88"
"17,83 : 76.32"
"17,84 : 37.11"
"17,85 : 53.14"
"17,86 : 78.85"
"17,87 : 98.27"
"17,88 : 14.04"
"17,89 : 81.22"
"17,90 : 30.0"
"17,91 : 31.76"
"17,92 : 52.04"
"17,93 : 71.18"
"17,94 : 68.66"
"17,95 : 44.1"
"17,96 : 52.2"
"17,97 : 53.0"
"17,98 : 61.29"
"17,99 : 104.86"
"18,0 : 55.07"
"18,1 : 63.25"
"18,2 : 35.85"
"18,3 : 60.75"
"18,4 : 21.02"
"18,5 : 47.0"
"18,6 : 47.17"
"18,7 : 14.14"
"18,8 : 73.79"
"18,9 : 68.03"
"18,10 : 81.22"
"18,11 : 29.83"
"18,12 : 70.06"
"18,13 : 30.27"
"18,14 : 24.76"
"18,15 : 45.4"
"18,16 : 65.44"
"18,17 : 49.01"
"18,18 : 0.0"
"18,19 : 80.08"
"18,20 : 19.92"
"18,21 : 60.53"
"18,22 : 87.78"
"18,23 : 70.38"
"18,24 : 32.02"
"18,25 : 35.74"
"18,26 : 84.65"
"18,27 : 71.59"
"18,28 : 56.8"
"18,29 : 51.62"
"18,30 : 64.03"
"18,31 : 36.24"
"18,32 : 31.14"
"18,33 : 32.56"
"18,34 : 65.25"
"18,35 : 30.53"
"18,36 : 22.8"
"18,37 : 58.52"
"18,38 : 69.57"
"18,39 : 21.1"
"18,40 : 51.24"
"18,41 : 58.22"
"18,42 : 14.04"
"18,43 : 85.8"
"18,44 : 17.89"
"18,45 : 34.93"
"18,46 : 4.47"
"18,47 : 61.85"
"18,48 : 94.94"
"18,49 : 27.29"
"18,50 : 24.08"
"18,51 : 21.54"
"18,52 : 31.24"
"18,53 : 66.6"
"18,54 : 56.22"
"18,55 : 25.0"
"18,56 : 82.04"
"18,57 : 75.77"
"18,58 : 66.41"
"18,59 : 47.01"
"18,60 : 74.28"
"18,61 : 26.25"
"18,62 : 27.51"
"18,63 : 18.44"
"18,64 : 51.0"
"18,65 : 28.32"
"18,66 : 11.4"
"18,67 : 22.14"
"18,68 : 42.0"
"18,69 : 63.98"
"18,70 : 64.47"
"18,71 : 55.87"
"18,72 : 30.68"
"18,73 : 76.84"
"18,74 : 78.77"
"18,75 : 23.6"
"18,76 : 47.51"
"18,77 : 37.74"
"18,78 : 56.46"
"18,79 : 76.84"
"18,80 : 32.25"
"18,81 : 85.09"
"18,82 : 69.01"
"18,83 : 64.63"
"18,84 : 15.26"
"18,85 : 17.03"
"18,86 : 33.6"
"18,87 : 83.02"
"18,88 : 35.06"
"18,89 : 32.39"
"18,90 : 56.94"
"18,91 : 25.24"
"18,92 : 72.12"
"18,93 : 88.41"
"18,94 : 91.93"
"18,95 : 6.4"
"18,96 : 14.04"
"18,97 : 4.12"
"18,98 : 28.44"
"18,99 : 85.71"
"19,0 : 56.94"
"19,1 : 45.31"
"19,2 : 79.31"
"19,3 : 20.02"
"19,4 : 59.44"
"19,5 : 37.2"
"19,6 : 34.99"
"19,7 : 79.4"
"19,8 : 15.56"
"19,9 : 25.63"
"19,10 : 16.49"
"19,11 : 98.27"
"19,12 : 25.96"
"19,13 : 81.39"
"19,14 : 60.13"
"19,15 : 86.13"
"19,16 : 46.23"
"19,17 : 82.54"
"19,18 : 80.08"
"19,19 : 0.0"
"19,20 : 83.05"
"19,21 : 22.02"
"19,22 : 38.9"
"19,23 : 13.0"
"19,24 : 66.84"
"19,25 : 104.31"
"19,26 : 50.12"
"19,27 : 37.66"
"19,28 : 53.71"
"19,29 : 89.81"
"19,30 : 27.29"
"19,31 : 54.33"
"19,32 : 69.03"
"19,33 : 71.7"
"19,34 : 72.67"
"19,35 : 51.35"
"19,36 : 69.12"
"19,37 : 65.86"
"19,38 : 11.0"
"19,39 : 86.45"
"19,40 : 77.62"
"19,41 : 80.5"
"19,42 : 78.41"
"19,43 : 36.06"
"19,44 : 69.26"
"19,45 : 88.87"
"19,46 : 83.17"
"19,47 : 72.72"
"19,48 : 18.87"
"19,49 : 53.14"
"19,50 : 61.13"
"19,51 : 94.81"
"19,52 : 57.04"
"19,53 : 43.28"
"19,54 : 47.41"
"19,55 : 67.96"
"19,56 : 39.36"
"19,57 : 9.9"
"19,58 : 14.04"
"19,59 : 57.25"
"19,60 : 41.23"
"19,61 : 73.24"
"19,62 : 86.09"
"19,63 : 71.59"
"19,64 : 56.04"
"19,65 : 56.08"
"19,66 : 68.68"
"19,67 : 82.15"
"19,68 : 79.56"
"19,69 : 19.65"
"19,70 : 51.26"
"19,71 : 42.05"
"19,72 : 57.69"
"19,73 : 52.63"
"19,74 : 11.05"
"19,75 : 75.17"
"19,76 : 41.98"
"19,77 : 61.55"
"19,78 : 62.65"
"19,79 : 52.63"
"19,80 : 51.97"
"19,81 : 20.22"
"19,82 : 22.47"
"19,83 : 18.38"
"19,84 : 69.58"
"19,85 : 64.26"
"19,86 : 75.17"
"19,87 : 24.74"
"19,88 : 80.06"
"19,89 : 90.0"
"19,90 : 55.07"
"19,91 : 63.01"
"19,92 : 38.95"
"19,93 : 32.76"
"19,94 : 43.42"
"19,95 : 82.76"
"19,96 : 67.07"
"19,97 : 82.22"
"19,98 : 55.95"
"19,99 : 33.96"
"20,0 : 70.94"
"20,1 : 76.66"
"20,2 : 55.46"
"20,3 : 63.03"
"20,4 : 26.93"
"20,5 : 56.3"
"20,6 : 55.08"
"20,7 : 6.4"
"20,8 : 73.35"
"20,9 : 76.92"
"20,10 : 87.97"
"20,11 : 48.01"
"20,12 : 79.12"
"20,13 : 11.18"
"20,14 : 23.02"
"20,15 : 26.0"
"20,16 : 56.86"
"20,17 : 30.41"
"20,18 : 19.92"
"20,19 : 83.05"
"20,20 : 0.0"
"20,21 : 66.91"
"20,22 : 81.49"
"20,23 : 71.45"
"20,24 : 49.82"
"20,25 : 53.24"
"20,26 : 75.43"
"20,27 : 83.26"
"20,28 : 72.01"
"20,29 : 32.06"
"20,30 : 73.08"
"20,31 : 30.36"
"20,32 : 49.41"
"20,33 : 17.69"
"20,34 : 49.65"
"20,35 : 32.14"
"20,36 : 40.8"
"20,37 : 44.41"
"20,38 : 72.06"
"20,39 : 40.79"
"20,40 : 33.84"
"20,41 : 40.52"
"20,42 : 7.07"
"20,43 : 80.06"
"20,44 : 14.32"
"20,45 : 54.82"
"20,46 : 23.35"
"20,47 : 46.07"
"20,48 : 94.92"
"20,49 : 36.25"
"20,50 : 22.02"
"20,51 : 39.05"
"20,52 : 26.48"
"20,53 : 58.83"
"20,54 : 48.02"
"20,55 : 42.8"
"20,56 : 75.29"
"20,57 : 76.66"
"20,58 : 69.03"
"20,59 : 36.4"
"20,60 : 66.89"
"20,61 : 45.28"
"20,62 : 7.62"
"20,63 : 36.89"
"20,64 : 66.71"
"20,65 : 27.0"
"20,66 : 23.35"
"20,67 : 42.06"
"20,68 : 23.77"
"20,69 : 64.5"
"20,70 : 79.06"
"20,71 : 49.66"
"20,72 : 45.45"
"20,73 : 66.6"
"20,74 : 84.38"
"20,75 : 42.94"
"20,76 : 43.68"
"20,77 : 54.45"
"20,78 : 43.28"
"20,79 : 66.6"
"20,80 : 44.42"
"20,81 : 83.24"
"20,82 : 77.13"
"20,83 : 70.71"
"20,84 : 15.23"
"20,85 : 30.48"
"20,86 : 52.84"
"20,87 : 91.44"
"20,88 : 16.49"
"20,89 : 52.17"
"20,90 : 46.1"
"20,91 : 20.1"
"20,92 : 65.37"
"20,93 : 83.67"
"20,94 : 84.91"
"20,95 : 14.14"
"20,96 : 28.28"
"20,97 : 23.54"
"20,98 : 41.62"
"20,99 : 95.82"
"21,0 : 37.0"
"21,1 : 28.0"
"21,2 : 57.31"
"21,3 : 13.34"
"21,4 : 41.01"
"21,5 : 15.26"
"21,6 : 13.6"
"21,7 : 62.29"
"21,8 : 25.71"
"21,9 : 12.81"
"21,10 : 21.1"
"21,11 : 76.54"
"21,12 : 14.87"
"21,13 : 67.68"
"21,14 : 44.15"
"21,15 : 75.66"
"21,16 : 47.01"
"21,17 : 73.5"
"21,18 : 60.53"
"21,19 : 22.02"
"21,20 : 66.91"
"21,21 : 0.0"
"21,22 : 51.24"
"21,23 : 19.65"
"21,24 : 44.82"
"21,25 : 82.49"
"21,26 : 58.42"
"21,27 : 25.08"
"21,28 : 34.21"
"21,29 : 80.45"
"21,30 : 10.77"
"21,31 : 42.06"
"21,32 : 47.01"
"21,33 : 59.09"
"21,34 : 69.81"
"21,35 : 34.93"
"21,36 : 47.41"
"21,37 : 61.72"
"21,38 : 15.23"
"21,39 : 64.85"
"21,40 : 69.81"
"21,41 : 74.33"
"21,42 : 61.29"
"21,43 : 48.26"
"21,44 : 52.61"
"21,45 : 66.84"
"21,46 : 63.15"
"21,47 : 68.77"
"21,48 : 40.36"
"21,49 : 33.24"
"21,50 : 45.12"
"21,51 : 73.54"
"21,52 : 43.08"
"21,53 : 44.94"
"21,54 : 43.83"
"21,55 : 46.14"
"21,56 : 49.01"
"21,57 : 23.26"
"21,58 : 13.34"
"21,59 : 49.58"
"21,60 : 46.87"
"21,61 : 51.31"
"21,62 : 71.31"
"21,63 : 50.16"
"21,64 : 35.34"
"21,65 : 40.52"
"21,66 : 49.25"
"21,67 : 60.42"
"21,68 : 68.96"
"21,69 : 19.1"
"21,70 : 34.01"
"21,71 : 38.28"
"21,72 : 35.85"
"21,73 : 57.28"
"21,74 : 18.25"
"21,75 : 53.34"
"21,76 : 33.24"
"21,77 : 39.6"
"21,78 : 58.14"
"21,79 : 57.28"
"21,80 : 30.46"
"21,81 : 36.77"
"21,82 : 11.4"
"21,83 : 4.12"
"21,84 : 52.24"
"21,85 : 43.93"
"21,86 : 53.15"
"21,87 : 25.08"
"21,88 : 67.62"
"21,89 : 68.01"
"21,90 : 51.4"
"21,91 : 47.8"
"21,92 : 43.93"
"21,93 : 47.07"
"21,94 : 56.32"
"21,95 : 64.07"
"21,96 : 46.87"
"21,97 : 62.17"
"21,98 : 34.54"
"21,99 : 31.4"
"22,0 : 87.66"
"22,1 : 79.16"
"22,2 : 101.53"
"22,3 : 38.83"
"22,4 : 67.94"
"22,5 : 61.68"
"22,6 : 57.87"
"22,7 : 80.71"
"22,8 : 26.02"
"22,9 : 61.07"
"22,10 : 55.36"
"22,11 : 113.7"
"22,12 : 62.2"
"22,13 : 74.85"
"22,14 : 63.13"
"22,15 : 72.37"
"22,16 : 25.3"
"22,17 : 66.75"
"22,18 : 87.78"
"22,19 : 38.9"
"22,20 : 81.49"
"22,21 : 51.24"
"22,22 : 0.0"
"22,23 : 32.0"
"22,24 : 88.55"
"22,25 : 120.1"
"22,26 : 13.89"
"22,27 : 74.17"
"22,28 : 85.16"
"22,29 : 73.44"
"22,30 : 61.01"
"22,31 : 52.2"
"22,32 : 90.35"
"22,33 : 64.88"
"22,34 : 48.17"
"22,35 : 58.05"
"22,36 : 86.82"
"22,37 : 45.18"
"22,38 : 37.01"
"22,39 : 101.83"
"22,40 : 60.53"
"22,41 : 60.01"
"22,42 : 79.88"
"22,43 : 3.0"
"22,44 : 71.4"
"22,45 : 109.08"
"22,46 : 91.97"
"22,47 : 50.01"
"22,48 : 30.41"
"22,49 : 66.85"
"22,50 : 63.89"
"22,51 : 107.56"
"22,52 : 57.01"
"22,53 : 22.85"
"22,54 : 33.54"
"22,55 : 86.61"
"22,56 : 6.32"
"22,57 : 30.41"
"22,58 : 38.05"
"22,59 : 45.69"
"22,60 : 14.87"
"22,61 : 92.44"
"22,62 : 81.02"
"22,63 : 87.42"
"22,64 : 85.38"
"22,65 : 59.46"
"22,66 : 77.79"
"22,67 : 98.81"
"22,68 : 67.19"
"22,69 : 32.76"
"22,70 : 85.21"
"22,71 : 32.2"
"22,72 : 77.83"
"22,73 : 21.38"
"22,74 : 49.73"
"22,75 : 93.19"
"22,76 : 40.31"
"22,77 : 85.62"
"22,78 : 43.57"
"22,79 : 21.38"
"22,80 : 71.12"
"22,81 : 19.24"
"22,82 : 58.14"
"22,83 : 50.01"
"22,84 : 73.25"
"22,85 : 76.84"
"22,86 : 97.06"
"22,87 : 63.6"
"22,88 : 71.17"
"22,89 : 109.0"
"22,90 : 37.36"
"22,91 : 63.6"
"22,92 : 16.12"
"22,93 : 7.07"
"22,94 : 5.1"
"22,95 : 87.62"
"22,96 : 78.75"
"22,97 : 91.24"
"22,98 : 73.93"
"22,99 : 72.8"
"23,0 : 56.61"
"23,1 : 47.27"
"23,2 : 74.65"
"23,3 : 10.0"
"23,4 : 49.4"
"23,5 : 32.45"
"23,6 : 29.21"
"23,7 : 68.25"
"23,8 : 6.08"
"23,9 : 29.15"
"23,10 : 26.4"
"23,11 : 91.21"
"23,12 : 30.41"
"23,13 : 69.07"
"23,14 : 48.84"
"23,15 : 73.25"
"23,16 : 33.94"
"23,17 : 69.57"
"23,18 : 70.38"
"23,19 : 13.0"
"23,20 : 71.45"
"23,21 : 19.65"
"23,22 : 32.0"
"23,23 : 0.0"
"23,24 : 61.72"
"23,25 : 97.45"
"23,26 : 40.8"
"23,27 : 42.3"
"23,28 : 53.85"
"23,29 : 76.84"
"23,30 : 29.02"
"23,31 : 42.01"
"23,32 : 63.78"
"23,33 : 59.21"
"23,34 : 60.0"
"23,35 : 40.52"
"23,36 : 62.37"
"23,37 : 53.0"
"23,38 : 5.1"
"23,39 : 79.2"
"23,40 : 64.62"
"23,41 : 67.54"
"23,42 : 67.27"
"23,43 : 29.0"
"23,44 : 58.05"
"23,45 : 83.49"
"23,46 : 73.82"
"23,47 : 59.91"
"23,48 : 24.6"
"23,49 : 44.42"
"23,50 : 49.82"
"23,51 : 86.82"
"23,52 : 45.1"
"23,53 : 31.14"
"23,54 : 34.48"
"23,55 : 61.55"
"23,56 : 30.59"
"23,57 : 5.39"
"23,58 : 6.32"
"23,59 : 44.27"
"23,60 : 30.41"
"23,61 : 67.18"
"23,62 : 74.01"
"23,63 : 64.2"
"23,64 : 54.78"
"23,65 : 44.72"
"23,66 : 59.09"
"23,67 : 75.29"
"23,68 : 66.71"
"23,69 : 7.0"
"23,70 : 53.34"
"23,71 : 29.07"
"23,72 : 51.62"
"23,73 : 41.68"
"23,74 : 20.62"
"23,75 : 68.68"
"23,76 : 29.27"
"23,77 : 57.43"
"23,78 : 49.74"
"23,79 : 41.68"
"23,80 : 45.28"
"23,81 : 17.49"
"23,82 : 26.31"
"23,83 : 18.03"
"23,84 : 58.69"
"23,85 : 55.57"
"23,86 : 70.29"
"23,87 : 34.13"
"23,88 : 67.48"
"23,89 : 84.15"
"23,90 : 42.19"
"23,91 : 51.35"
"23,92 : 27.78"
"23,93 : 27.46"
"23,94 : 37.01"
"23,95 : 72.42"
"23,96 : 58.18"
"23,97 : 72.92"
"23,98 : 48.92"
"23,99 : 42.94"
"24,0 : 24.04"
"24,1 : 35.0"
"24,2 : 13.04"
"24,3 : 52.01"
"24,4 : 29.61"
"24,5 : 29.73"
"24,6 : 32.56"
"24,7 : 43.42"
"24,8 : 67.01"
"24,9 : 46.62"
"24,10 : 61.74"
"24,11 : 33.24"
"24,12 : 48.1"
"24,13 : 57.8"
"24,14 : 38.83"
"24,15 : 72.01"
"24,16 : 72.78"
"24,17 : 73.74"
"24,18 : 32.02"
"24,19 : 66.84"
"24,20 : 49.82"
"24,21 : 44.82"
"24,22 : 88.55"
"24,23 : 61.72"
"24,24 : 0.0"
"24,25 : 38.63"
"24,26 : 90.44"
"24,27 : 45.28"
"24,28 : 26.48"
"24,29 : 78.29"
"24,30 : 42.95"
"24,31 : 48.04"
"24,32 : 2.24"
"24,33 : 55.36"
"24,34 : 83.38"
"24,35 : 36.01"
"24,36 : 9.22"
"24,37 : 75.17"
"24,38 : 58.69"
"24,39 : 23.02"
"24,40 : 73.76"
"24,41 : 80.52"
"24,42 : 42.8"
"24,43 : 85.88"
"24,44 : 39.81"
"24,45 : 22.02"
"24,46 : 31.38"
"24,47 : 80.62"
"24,48 : 84.9"
"24,49 : 24.08"
"24,50 : 39.05"
"24,51 : 33.0"
"24,52 : 44.28"
"24,53 : 72.53"
"24,54 : 64.78"
"24,55 : 7.07"
"24,56 : 84.17"
"24,57 : 66.53"
"24,58 : 55.9"
"24,59 : 61.03"
"24,60 : 78.43"
"24,61 : 8.0"
"24,62 : 57.2"
"24,63 : 13.6"
"24,64 : 20.4"
"24,65 : 39.2"
"24,66 : 26.93"
"24,67 : 18.03"
"24,68 : 66.85"
"24,69 : 57.43"
"24,70 : 34.53"
"24,71 : 61.61"
"24,72 : 10.77"
"24,73 : 85.15"
"24,74 : 61.4"
"24,75 : 11.05"
"24,76 : 52.17"
"24,77 : 7.0"
"24,78 : 72.06"
"24,79 : 85.15"
"24,80 : 17.46"
"24,81 : 79.03"
"24,82 : 48.75"
"24,83 : 48.6"
"24,84 : 37.12"
"24,85 : 20.62"
"24,86 : 8.6"
"24,87 : 60.73"
"24,88 : 61.27"
"24,89 : 23.32"
"24,90 : 69.12"
"24,91 : 42.45"
"24,92 : 75.61"
"24,93 : 86.61"
"24,94 : 93.47"
"24,95 : 38.29"
"24,96 : 21.95"
"24,97 : 30.53"
"24,98 : 15.3"
"24,99 : 60.67"
"25,0 : 59.41"
"25,1 : 72.37"
"25,2 : 29.15"
"25,3 : 87.46"
"25,4 : 52.43"
"25,5 : 67.23"
"25,6 : 69.34"
"25,7 : 48.84"
"25,8 : 102.07"
"25,9 : 85.23"
"25,10 : 100.32"
"25,11 : 6.4"
"25,12 : 86.73"
"25,13 : 64.38"
"25,14 : 59.06"
"25,15 : 79.16"
"25,16 : 99.64"
"25,17 : 83.6"
"25,18 : 35.74"
"25,19 : 104.31"
"25,20 : 53.24"
"25,21 : 82.49"
"25,22 : 120.1"
"25,23 : 97.45"
"25,24 : 38.63"
"25,25 : 0.0"
"25,26 : 118.73"
"25,27 : 83.2"
"25,28 : 62.65"
"25,29 : 85.05"
"25,30 : 81.54"
"25,31 : 70.71"
"25,32 : 36.4"
"25,33 : 68.15"
"25,34 : 100.96"
"25,35 : 62.2"
"25,36 : 35.23"
"25,37 : 94.24"
"25,38 : 95.21"
"25,39 : 18.38"
"25,40 : 86.49"
"25,41 : 93.38"
"25,42 : 49.03"
"25,43 : 117.8"
"25,44 : 53.49"
"25,45 : 19.0"
"25,46 : 31.32"
"25,47 : 97.53"
"25,48 : 121.61"
"25,49 : 53.74"
"25,50 : 58.59"
"25,51 : 14.32"
"25,52 : 65.76"
"25,53 : 100.4"
"25,54 : 90.55"
"25,55 : 36.36"
"25,56 : 114.81"
"25,57 : 102.62"
"25,58 : 92.2"
"25,59 : 82.35"
"25,60 : 107.65"
"25,61 : 31.3"
"25,62 : 60.03"
"25,63 : 33.3"
"25,64 : 56.89"
"25,65 : 61.91"
"25,66 : 43.05"
"25,67 : 22.2"
"25,68 : 76.79"
