x,y
82,93
4,28
10,69
100,59
74,43
73,59
27,74
25,41
44,5
31,69
28,74
49,45
20,75
0,96
56,71
84,5
84,94
66,88
39,91
4,56
89,1
95,42
33,81
75,69
29,94
10,66
70,32
16,67
5,36
36,50
65,32
40,52
6,29
20,69
36,11
46,44
69,43
83,12
24,32
23,90
40,40
1,42
15,39
96,20
55,6
53,61
88,95
9,25
35,35
36,16
94,61
4,3
67,41
18,37
1,25
100,44
99,46
94,16
68,85
94,47
56,5
29,64
47,3
6,43
97,19
36,77
96,43
12,83
92,93
51,41
9,58
48,72
74,37
14,21
17,79
2,91
78,96
97,10
73,20
59,51
96,35
72,35
92,92
80,60
73,14
43,46
25,41
54,1
11,31
27,22
34,22
99,84
19,26
52,95
71,26
52,26
70,27
40,36
51,26
78,93

Distanze
"0,0 : 0.0"
"0,1 : 101.53"
"0,2 : 75.89"
"0,3 : 38.47"
"0,4 : 50.64"
"0,5 : 35.17"
"0,6 : 58.19"
"0,7 : 77.16"
"0,8 : 95.85"
"0,9 : 56.36"
"0,10 : 57.25"
"0,11 : 58.25"
"0,12 : 64.56"
"0,13 : 82.05"
"0,14 : 34.06"
"0,15 : 88.02"
"0,16 : 2.24"
"0,17 : 16.76"
"0,18 : 43.05"
"0,19 : 86.33"
"0,20 : 92.27"
"0,21 : 52.63"
"0,22 : 50.45"
"0,23 : 25.0"
"0,24 : 53.01"
"0,25 : 76.9"
"0,26 : 62.17"
"0,27 : 70.94"
"0,28 : 95.8"
"0,29 : 62.97"
"0,30 : 63.32"
"0,31 : 58.69"
"0,32 : 99.36"
"0,33 : 66.48"
"0,34 : 94.02"
"0,35 : 60.8"
"0,36 : 51.66"
"0,37 : 81.01"
"0,38 : 84.17"
"0,39 : 59.08"
"0,40 : 67.62"
"0,41 : 95.72"
"0,42 : 86.05"
"0,43 : 74.33"
"0,44 : 91.09"
"0,45 : 43.19"
"0,46 : 6.32"
"0,47 : 99.76"
"0,48 : 74.65"
"0,49 : 89.69"
"0,50 : 34.18"
"0,51 : 119.1"
"0,52 : 54.12"
"0,53 : 85.04"
"0,54 : 105.76"
"0,55 : 52.2"
"0,56 : 49.98"
"0,57 : 77.93"
"0,58 : 16.12"
"0,59 : 47.54"
"0,60 : 91.76"
"0,61 : 60.42"
"0,62 : 96.57"
"0,63 : 90.97"
"0,64 : 75.5"
"0,65 : 48.7"
"0,66 : 51.92"
"0,67 : 70.71"
"0,68 : 10.0"
"0,69 : 60.54"
"0,70 : 80.96"
"0,71 : 39.96"
"0,72 : 56.57"
"0,73 : 99.04"
"0,74 : 66.49"
"0,75 : 80.02"
"0,76 : 5.0"
"0,77 : 84.34"
"0,78 : 73.55"
"0,79 : 47.89"
"0,80 : 59.67"
"0,81 : 58.86"
"0,82 : 10.05"
"0,83 : 33.06"
"0,84 : 79.51"
"0,85 : 61.07"
"0,86 : 77.16"
"0,87 : 96.17"
"0,88 : 94.26"
"0,89 : 89.81"
"0,90 : 85.7"
"0,91 : 19.24"
"0,92 : 91.97"
"0,93 : 30.07"
"0,94 : 67.9"
"0,95 : 73.41"
"0,96 : 67.08"
"0,97 : 70.8"
"0,98 : 73.82"
"0,99 : 4.0"
"1,0 : 101.53"
"1,1 : 0.0"
"1,2 : 41.44"
"1,3 : 100.88"
"1,4 : 71.59"
"1,5 : 75.64"
"1,6 : 51.43"
"1,7 : 24.7"
"1,8 : 46.14"
"1,9 : 49.09"
"1,10 : 51.88"
"1,11 : 48.1"
"1,12 : 49.65"
"1,13 : 68.12"
"1,14 : 67.48"
"1,15 : 83.24"
"1,16 : 103.71"
"1,17 : 86.28"
"1,18 : 72.07"
"1,19 : 28.0"
"1,20 : 89.19"
"1,21 : 92.07"
"1,22 : 60.42"
"1,23 : 81.99"
"1,24 : 70.58"
"1,25 : 38.47"
"1,26 : 66.12"
"1,27 : 40.8"
"1,28 : 8.06"
"1,29 : 38.83"
"1,30 : 61.13"
"1,31 : 43.27"
"1,32 : 2.24"
"1,33 : 44.01"
"1,34 : 36.24"
"1,35 : 44.94"
"1,36 : 66.71"
"1,37 : 80.6"
"1,38 : 20.4"
"1,39 : 64.85"
"1,40 : 37.95"
"1,41 : 14.32"
"1,42 : 15.56"
"1,43 : 92.35"
"1,44 : 55.54"
"1,45 : 59.08"
"1,46 : 107.45"
"1,47 : 5.83"
"1,48 : 31.78"
"1,49 : 34.18"
"1,50 : 95.86"
"1,51 : 25.0"
"1,52 : 64.33"
"1,53 : 16.64"
"1,54 : 4.24"
"1,55 : 97.32"
"1,56 : 96.69"
"1,57 : 90.8"
"1,58 : 85.7"
"1,59 : 91.98"
"1,60 : 56.86"
"1,61 : 43.83"
"1,62 : 49.74"
"1,63 : 15.13"
"1,64 : 93.43"
"1,65 : 58.52"
"1,66 : 93.21"
"1,67 : 55.58"
"1,68 : 109.4"
"1,69 : 48.76"
"1,70 : 30.41"
"1,71 : 62.23"
"1,72 : 70.58"
"1,73 : 12.21"
"1,74 : 52.63"
"1,75 : 63.03"
"1,76 : 100.5"
"1,77 : 94.73"
"1,78 : 69.46"
"1,79 : 59.62"
"1,80 : 92.27"
"1,81 : 68.36"
"1,82 : 108.81"
"1,83 : 82.46"
"1,84 : 70.41"
"1,85 : 42.95"
"1,86 : 24.7"
"1,87 : 56.82"
"1,88 : 7.62"
"1,89 : 23.77"
"1,90 : 30.59"
"1,91 : 110.28"
"1,92 : 15.13"
"1,93 : 82.42"
"1,94 : 67.03"
"1,95 : 48.04"
"1,96 : 66.01"
"1,97 : 36.88"
"1,98 : 47.04"
"1,99 : 98.49"
"2,0 : 75.89"
"2,1 : 41.44"
"2,2 : 0.0"
"2,3 : 90.55"
"2,4 : 69.08"
"2,5 : 63.79"
"2,6 : 17.72"
"2,7 : 31.76"
"2,8 : 72.47"
"2,9 : 21.0"
"2,10 : 18.68"
"2,11 : 45.79"
"2,12 : 11.66"
"2,13 : 28.79"
"2,14 : 46.04"
"2,15 : 97.84"
"2,16 : 78.11"
"2,17 : 59.14"
"2,18 : 36.4"
"2,19 : 14.32"
"2,20 : 104.24"
"2,21 : 89.19"
"2,22 : 25.94"
"2,23 : 65.0"
"2,24 : 31.4"
"2,25 : 3.0"
"2,26 : 70.49"
"2,27 : 6.32"
"2,28 : 33.38"
"2,29 : 32.2"
"2,30 : 66.29"
"2,31 : 34.48"
"2,32 : 40.2"
"2,33 : 10.0"
"2,34 : 63.56"
"2,35 : 43.83"
"2,36 : 64.47"
"2,37 : 92.62"
"2,38 : 39.56"
"2,39 : 24.7"
"2,40 : 41.73"
"2,41 : 28.46"
"2,42 : 30.41"
"2,43 : 98.98"
"2,44 : 77.42"
"2,45 : 43.74"
"2,46 : 82.22"
"2,47 : 44.01"
"2,48 : 42.2"
"2,49 : 59.03"
"2,50 : 84.38"
"2,51 : 66.27"
"2,52 : 63.51"
"2,53 : 32.98"
"2,54 : 44.91"
"2,55 : 93.41"
"2,56 : 91.92"
"2,57 : 99.32"
"2,58 : 60.17"
"2,59 : 86.83"
"2,60 : 78.82"
"2,61 : 19.65"
"2,62 : 75.66"
"2,63 : 26.31"
"2,64 : 100.34"
"2,65 : 27.2"
"2,66 : 89.84"
"2,67 : 14.14"
"2,68 : 85.44"
"2,69 : 49.65"
"2,70 : 11.05"
"2,71 : 38.12"
"2,72 : 71.55"
"2,73 : 48.17"
"2,74 : 12.21"
"2,75 : 23.41"
"2,76 : 73.16"
"2,77 : 105.12"
"2,78 : 79.81"
"2,79 : 52.2"
"2,80 : 92.48"
"2,81 : 70.71"
"2,82 : 85.16"
"2,83 : 70.58"
"2,84 : 83.63"
"2,85 : 40.22"
"2,86 : 31.76"
"2,87 : 80.99"
"2,88 : 38.01"
"2,89 : 49.98"
"2,90 : 52.77"
"2,91 : 90.26"
"2,92 : 43.93"
"2,93 : 49.4"
"2,94 : 74.63"
"2,95 : 60.11"
"2,96 : 73.24"
"2,97 : 44.6"
"2,98 : 59.41"
"2,99 : 72.11"
"3,0 : 38.47"
"3,1 : 100.88"
"3,2 : 90.55"
"3,3 : 0.0"
"3,4 : 30.53"
"3,5 : 27.0"
"3,6 : 74.53"
"3,7 : 77.13"
"3,8 : 77.79"
"3,9 : 69.72"
"3,10 : 73.55"
"3,11 : 52.89"
"3,12 : 81.58"
"3,13 : 106.63"
"3,14 : 45.61"
"3,15 : 56.32"
"3,16 : 38.48"
"3,17 : 44.69"
"3,18 : 68.88"
"3,19 : 96.05"
"3,20 : 59.03"
"3,21 : 17.72"
"3,22 : 70.52"
"3,23 : 26.93"
"3,24 : 79.16"
"3,25 : 90.27"
"3,26 : 40.36"
"3,27 : 84.38"
"3,28 : 97.74"
"3,29 : 64.63"
"3,30 : 44.2"
"3,31 : 60.41"
"3,32 : 98.67"
"3,33 : 80.62"
"3,34 : 80.0"
"3,35 : 56.04"
"3,36 : 34.89"
"3,37 : 49.98"
"3,38 : 80.65"
"3,39 : 83.01"
"3,40 : 62.94"
"3,41 : 100.45"
"3,42 : 87.32"
"3,43 : 39.2"
"3,44 : 69.53"
"3,45 : 47.04"
"3,46 : 37.95"
"3,47 : 97.14"
"3,48 : 69.29"
"3,49 : 77.1"
"3,50 : 6.32"
"3,51 : 111.14"
"3,52 : 37.59"
"3,53 : 84.9"
"3,54 : 104.68"
"3,55 : 15.0"
"3,56 : 13.04"
"3,57 : 43.42"
"3,58 : 41.23"
"3,59 : 13.42"
"3,60 : 69.66"
"3,61 : 71.18"
"3,62 : 77.1"
"3,63 : 95.35"
"3,64 : 40.11"
"3,65 : 66.48"
"3,66 : 16.49"
"3,67 : 91.21"
"3,68 : 34.93"
"3,69 : 52.2"
"3,70 : 91.01"
"3,71 : 53.6"
"3,72 : 34.06"
"3,73 : 94.02"
"3,74 : 85.38"
"3,75 : 103.09"
"3,76 : 43.05"
"3,77 : 49.09"
"3,78 : 47.43"
"3,79 : 41.77"
"3,80 : 24.33"
"3,81 : 36.88"
"3,82 : 33.96"
"3,83 : 20.02"
"3,84 : 52.48"
"3,85 : 58.46"
"3,86 : 77.13"
"3,87 : 74.03"
"3,88 : 93.3"
"3,89 : 81.84"
"3,90 : 75.66"
"3,91 : 25.02"
"3,92 : 87.46"
"3,93 : 60.0"
"3,94 : 43.93"
"3,95 : 58.25"
"3,96 : 43.86"
"3,97 : 64.26"
"3,98 : 59.08"
"3,99 : 40.5"
"4,0 : 50.64"
"4,1 : 71.59"
"4,2 : 69.08"
"4,3 : 30.53"
"4,4 : 0.0"
"4,5 : 16.03"
"4,6 : 56.3"
"4,7 : 49.04"
"4,8 : 48.41"
"4,9 : 50.25"
"4,10 : 55.47"
"4,11 : 25.08"
"4,12 : 62.77"
"4,13 : 91.02"
"4,14 : 33.29"
"4,15 : 39.29"
"4,16 : 51.97"
"4,17 : 45.71"
"4,18 : 59.41"
"4,19 : 71.2"
"4,20 : 44.6"
"4,21 : 21.02"
"4,22 : 55.9"
"4,23 : 26.02"
"4,24 : 68.01"
"4,25 : 68.01"
"4,26 : 11.7"
"4,27 : 62.77"
"4,28 : 69.35"
"4,29 : 38.64"
"4,30 : 14.21"
"4,31 : 35.17"
"4,32 : 69.43"
"4,33 : 59.93"
"4,34 : 49.68"
"4,35 : 28.02"
"4,36 : 5.0"
"4,37 : 32.28"
"4,38 : 51.2"
"4,39 : 69.35"
"4,40 : 34.13"
"4,41 : 73.01"
"4,42 : 59.14"
"4,43 : 31.83"
"4,44 : 41.59"
"4,45 : 27.66"
"4,46 : 53.85"
"4,47 : 67.45"
"4,48 : 39.81"
"4,49 : 46.62"
"4,50 : 26.91"
"4,51 : 80.62"
"4,52 : 7.28"
"4,53 : 56.32"
"4,54 : 75.19"
"4,55 : 26.02"
"4,56 : 25.18"
"4,57 : 33.6"
"4,58 : 42.43"
"4,59 : 20.4"
"4,60 : 42.05"
"4,61 : 49.66"
"4,62 : 48.26"
"4,63 : 68.0"
"4,64 : 33.24"
"4,65 : 50.99"
"4,66 : 22.0"
"4,67 : 73.78"
"4,68 : 53.14"
"4,69 : 23.09"
"4,70 : 66.71"
"4,71 : 38.95"
"4,72 : 6.0"
"4,73 : 63.91"
"4,74 : 67.42"
"4,75 : 86.53"
"4,76 : 53.15"
"4,77 : 40.22"
"4,78 : 23.02"
"4,79 : 17.0"
"4,80 : 23.41"
"4,81 : 8.25"
"4,82 : 52.2"
"4,83 : 18.03"
"4,84 : 29.02"
"4,85 : 31.14"
"4,86 : 49.04"
"4,87 : 46.52"
"4,88 : 64.13"
"4,89 : 51.48"
"4,90 : 45.18"
"4,91 : 48.02"
"4,92 : 57.57"
"4,93 : 56.46"
"4,94 : 17.26"
"4,95 : 27.8"
"4,96 : 16.49"
"4,97 : 34.71"
"4,98 : 28.6"
"4,99 : 50.16"
"5,0 : 35.17"
"5,1 : 75.64"
"5,2 : 63.79"
"5,3 : 27.0"
"5,4 : 16.03"
"5,5 : 0.0"
"5,6 : 48.38"
"5,7 : 51.26"
"5,8 : 61.29"
"5,9 : 43.17"
"5,10 : 47.43"
"5,11 : 27.78"
"5,12 : 55.36"
"5,13 : 81.84"
"5,14 : 20.81"
"5,15 : 55.11"
"5,16 : 36.69"
"5,17 : 29.83"
"5,18 : 46.69"
"5,19 : 69.07"
"5,20 : 60.17"
"5,21 : 27.8"
"5,22 : 45.65"
"5,23 : 10.2"
"5,24 : 56.22"
"5,25 : 63.39"
"5,26 : 27.17"
"5,27 : 57.56"
"5,28 : 71.78"
"5,29 : 38.08"
"5,30 : 28.16"
"5,31 : 33.73"
"5,32 : 73.41"
"5,33 : 53.94"
"5,34 : 60.61"
"5,35 : 30.89"
"5,36 : 16.49"
"5,37 : 48.05"
"5,38 : 55.95"
"5,39 : 58.83"
"5,40 : 38.08"
"5,41 : 73.98"
"5,42 : 61.35"
"5,43 : 45.28"
"5,44 : 55.97"
"5,45 : 20.1"
"5,46 : 39.0"
"5,47 : 72.47"
"5,48 : 44.94"
"5,49 : 56.73"
"5,50 : 21.1"
"5,51 : 88.87"
"5,52 : 18.97"
"5,53 : 59.24"
"5,54 : 79.62"
"5,55 : 30.89"
"5,56 : 29.07"
"5,57 : 47.85"
"5,58 : 26.48"
"5,59 : 24.19"
"5,60 : 56.61"
"5,61 : 44.28"
"5,62 : 61.74"
"5,63 : 68.88"
"5,64 : 46.65"
"5,65 : 41.15"
"5,66 : 28.02"
"5,67 : 65.55"
"5,68 : 38.95"
"5,69 : 28.43"
"5,70 : 64.01"
"5,71 : 28.18"
"5,72 : 22.02"
"5,73 : 70.18"
"5,74 : 59.46"
"5,75 : 77.88"
"5,76 : 37.34"
"5,77 : 54.56"
"5,78 : 39.0"
"5,79 : 16.12"
"5,80 : 33.24"
"5,81 : 24.02"
"5,82 : 38.08"
"5,83 : 7.07"
"5,84 : 45.0"
"5,85 : 32.7"
"5,86 : 51.26"
"5,87 : 61.03"
"5,88 : 68.03"
"5,89 : 59.03"
"5,90 : 53.76"
"5,91 : 36.07"
"5,92 : 63.29"
"5,93 : 41.68"
"5,94 : 33.06"
"5,95 : 39.12"
"5,96 : 32.14"
"5,97 : 40.22"
"5,98 : 39.66"
"5,99 : 34.37"
"6,0 : 58.19"
"6,1 : 51.43"
"6,2 : 17.72"
"6,3 : 74.53"
"6,4 : 56.3"
"6,5 : 48.38"
"6,6 : 0.0"
"6,7 : 33.06"
"6,8 : 71.06"
"6,9 : 6.4"
"6,10 : 1.0"
"6,11 : 36.4"
"6,12 : 7.07"
"6,13 : 34.83"
"6,14 : 29.15"
"6,15 : 89.5"
"6,16 : 60.41"
"6,17 : 41.44"
"6,18 : 20.81"
"6,19 : 29.21"
"6,20 : 95.78"
"6,21 : 75.15"
"6,22 : 9.22"
"6,23 : 48.26"
"6,24 : 20.1"
"6,25 : 18.79"
"6,26 : 60.11"
"6,27 : 13.04"
"6,28 : 43.91"
"6,29 : 25.63"
"6,30 : 56.64"
"6,31 : 25.55"
"6,32 : 49.66"
"6,33 : 8.6"
"6,34 : 63.64"
"6,35 : 35.51"
"6,36 : 52.2"
"6,37 : 83.55"
"6,38 : 42.11"
"6,39 : 16.49"
"6,40 : 36.4"
"6,41 : 41.23"
"6,42 : 37.0"
"6,43 : 87.62"
"6,44 : 73.54"
"6,45 : 29.07"
"6,46 : 64.51"
"6,47 : 52.2"
"6,48 : 39.81"
"6,49 : 58.69"
"6,50 : 68.25"
"6,51 : 74.63"
"6,52 : 51.86"
"6,53 : 38.08"
"6,54 : 55.47"
"6,55 : 78.92"
"6,56 : 77.25"
"6,57 : 88.62"
"6,58 : 42.45"
"6,59 : 72.24"
"6,60 : 74.85"
"6,61 : 10.2"
"6,62 : 73.76"
"6,63 : 37.44"
"6,64 : 89.02"
"6,65 : 9.49"
"6,66 : 75.64"
"6,67 : 17.49"
"6,68 : 67.72"
"6,69 : 40.8"
"6,70 : 24.08"
"6,71 : 21.1"
"6,72 : 59.82"
"6,73 : 54.57"
"6,74 : 11.18"
"6,75 : 30.23"
"6,76 : 55.54"
"6,77 : 94.85"
"6,78 : 70.94"
"6,79 : 39.41"
"6,80 : 79.26"
"6,81 : 59.55"
"6,82 : 67.45"
"6,83 : 54.82"
"6,84 : 75.6"
"6,85 : 32.25"
"6,86 : 33.06"
"6,87 : 77.83"
"6,88 : 45.88"
"6,89 : 52.0"
"6,90 : 52.47"
"6,91 : 72.69"
"6,92 : 48.66"
"6,93 : 32.65"
"6,94 : 65.12"
"6,95 : 54.12"
"6,96 : 63.7"
"6,97 : 40.16"
"6,98 : 53.67"
"6,99 : 54.42"
"7,0 : 77.16"
"7,1 : 24.7"
"7,2 : 31.76"
"7,3 : 77.13"
"7,4 : 49.04"
"7,5 : 51.26"
"7,6 : 33.06"
"7,7 : 0.0"
"7,8 : 40.71"
"7,9 : 28.64"
"7,10 : 33.14"
"7,11 : 24.33"
"7,12 : 34.37"
"7,13 : 60.42"
"7,14 : 43.14"
"7,15 : 69.12"
"7,16 : 79.31"
"7,17 : 62.37"
"7,18 : 51.92"
"7,19 : 25.81"
"7,20 : 75.47"
"7,21 : 70.01"
"7,22 : 40.79"
"7,23 : 57.31"
"7,24 : 53.15"
"7,25 : 29.15"
"7,26 : 45.89"
"7,27 : 27.51"
"7,28 : 20.62"
"7,29 : 14.21"
"7,30 : 41.0"
"7,31 : 18.6"
"7,32 : 22.47"
"7,33 : 28.44"
"7,34 : 31.95"
"7,35 : 21.21"
"7,36 : 44.05"
"7,37 : 64.85"
"7,38 : 9.06"
"7,39 : 49.04"
"7,40 : 15.03"
"7,41 : 24.02"
"7,42 : 10.2"
"7,43 : 74.04"
"7,44 : 46.1"
"7,45 : 34.41"
"7,46 : 82.98"
"7,47 : 22.63"
"7,48 : 11.66"
"7,49 : 27.31"
"7,50 : 71.84"
"7,51 : 43.42"
"7,52 : 42.0"
"7,53 : 8.06"
"7,54 : 28.84"
"7,55 : 75.06"
"7,56 : 74.17"
"7,57 : 73.39"
"7,58 : 61.52"
"7,59 : 69.26"
"7,60 : 47.51"
"7,61 : 23.35"
"7,62 : 43.91"
"7,63 : 19.1"
"7,64 : 75.29"
"7,65 : 37.64"
"7,66 : 71.03"
"7,67 : 43.97"
"7,68 : 84.81"
"7,69 : 26.0"
"7,70 : 23.35"
"7,71 : 38.6"
"7,72 : 49.16"
"7,73 : 22.83"
"7,74 : 38.83"
"7,75 : 55.04"
"7,76 : 76.38"
"7,77 : 78.39"
"7,78 : 52.39"
"7,79 : 35.44"
"7,80 : 71.25"
"7,81 : 47.38"
"7,82 : 84.2"
"7,83 : 58.19"
"7,84 : 55.07"
"7,85 : 18.68"
"7,86 : 0.0"
"7,87 : 49.41"
"7,88 : 17.2"
"7,89 : 19.1"
"7,90 : 21.02"
"7,91 : 85.59"
"7,92 : 16.16"
"7,93 : 60.37"
"7,94 : 48.38"
"7,95 : 30.89"
"7,96 : 47.13"
"7,97 : 15.81"
"7,98 : 30.02"
"7,99 : 74.25"
"8,0 : 95.85"
"8,1 : 46.14"
"8,2 : 72.47"
"8,3 : 77.79"
"8,4 : 48.41"
"8,5 : 61.29"
"8,6 : 71.06"
"8,7 : 40.71"
"8,8 : 0.0"
"8,9 : 65.31"
"8,10 : 70.83"
"8,11 : 40.31"
"8,12 : 74.0"
"8,13 : 101.08"
"8,14 : 67.08"
"8,15 : 40.0"
"8,16 : 97.58"
"8,17 : 85.87"
"8,18 : 86.15"
"8,19 : 64.82"
"8,20 : 45.18"
"8,21 : 63.01"
"8,22 : 76.79"
"8,23 : 71.11"
"8,24 : 90.26"
"8,25 : 69.84"
"8,26 : 37.48"
"8,27 : 68.03"
"8,28 : 49.82"
"8,29 : 45.71"
"8,30 : 34.21"
"8,31 : 47.17"
"8,32 : 44.94"
"8,33 : 68.35"
"8,34 : 10.0"
"8,35 : 39.05"
"8,36 : 45.49"
"8,37 : 39.62"
"8,38 : 33.6"
"8,39 : 87.56"
"8,40 : 35.23"
"8,41 : 56.73"
"8,42 : 44.69"
"8,43 : 54.12"
"8,44 : 11.05"
"8,45 : 56.72"
"8,46 : 100.18"
"8,47 : 40.31"
"8,48 : 31.32"
"8,49 : 13.6"
"8,50 : 75.07"
"8,51 : 40.05"
"8,52 : 42.72"
"8,53 : 41.23"
"8,54 : 47.42"
"8,55 : 68.24"
"8,56 : 68.6"
"8,57 : 51.2"
"8,58 : 83.52"
"8,59 : 65.3"
"8,60 : 12.0"
"8,61 : 60.88"
"8,62 : 3.61"
"8,63 : 53.74"
"8,64 : 54.82"
"8,65 : 72.44"
"8,66 : 64.4"
"8,67 : 84.31"
"8,68 : 100.24"
"8,69 : 36.67"
"8,70 : 63.51"
"8,71 : 67.12"
"8,72 : 43.86"
"8,73 : 34.0"
"8,74 : 78.77"
"8,75 : 95.71"
"8,76 : 97.14"
"8,77 : 53.24"
"8,78 : 32.65"
"8,79 : 48.38"
"8,80 : 60.03"
"8,81 : 41.04"
"8,82 : 99.36"
"8,83 : 65.73"
"8,84 : 30.36"
"8,85 : 41.01"
"8,86 : 40.71"
"8,87 : 10.77"
"8,88 : 42.01"
"8,89 : 24.04"
"8,90 : 19.72"
"8,91 : 96.26"
"8,92 : 32.65"
"8,93 : 90.35"
"8,94 : 34.21"
"8,95 : 22.47"
"8,96 : 34.06"
"8,97 : 31.26"
"8,98 : 22.14"
"8,99 : 94.34"
"9,0 : 56.36"
"9,1 : 49.09"
"9,2 : 21.0"
"9,3 : 69.72"
"9,4 : 50.25"
"9,5 : 43.17"
"9,6 : 6.4"
"9,7 : 28.64"
"9,8 : 65.31"
"9,9 : 0.0"
"9,10 : 5.83"
"9,11 : 30.0"
"9,12 : 12.53"
"9,13 : 41.11"
"9,14 : 25.08"
"9,15 : 83.1"
"9,16 : 58.6"
"9,17 : 39.82"
"9,18 : 23.41"
"9,19 : 29.97"
"9,20 : 89.38"
"9,21 : 69.46"
"9,22 : 12.17"
"9,23 : 44.0"
"9,24 : 25.08"
"9,25 : 21.21"
"9,26 : 53.76"
"9,27 : 15.13"
"9,28 : 42.01"
"9,29 : 19.65"
"9,30 : 50.25"
"9,31 : 19.24"
"9,32 : 47.17"
"9,33 : 11.0"
"9,34 : 58.22"
"9,35 : 29.15"
"9,36 : 46.04"
"9,37 : 77.16"
"9,38 : 37.66"
"9,39 : 22.47"
"9,40 : 30.36"
"9,41 : 40.36"
"9,42 : 34.0"
"9,43 : 81.4"
"9,44 : 67.42"
"9,45 : 23.41"
"9,46 : 62.65"
"9,47 : 49.19"
"9,48 : 34.23"
"9,49 : 53.24"
"9,50 : 63.51"
"9,51 : 71.31"
"9,52 : 45.61"
"9,53 : 34.54"
"9,54 : 53.25"
"9,55 : 73.39"
"9,56 : 71.78"
"9,57 : 82.33"
"9,58 : 40.31"
"9,59 : 66.73"
"9,60 : 68.71"
"9,61 : 5.39"
"9,62 : 67.91"
"9,63 : 36.07"
"9,64 : 82.8"
"9,65 : 9.43"
"9,66 : 70.01"
"9,67 : 23.6"
"9,68 : 65.55"
"9,69 : 34.41"
"9,70 : 24.6"
"9,71 : 17.26"
"9,72 : 53.6"
"9,73 : 50.92"
"9,74 : 17.2"
"9,75 : 36.4"
"9,76 : 54.2"
"9,77 : 88.53"
"9,78 : 64.54"
"9,79 : 33.29"
"9,80 : 73.36"
"9,81 : 53.26"
"9,82 : 65.19"
"9,83 : 49.82"
"9,84 : 69.2"
"9,85 : 25.94"
"9,86 : 28.64"
"9,87 : 71.78"
"9,88 : 42.94"
"9,89 : 47.17"
"9,90 : 47.1"
"9,91 : 69.63"
"9,92 : 44.64"
"9,93 : 33.42"
"9,94 : 58.73"
"9,95 : 47.85"
"9,96 : 57.31"
"9,97 : 34.21"
"9,98 : 47.42"
"9,99 : 52.77"
"10,0 : 57.25"
"10,1 : 51.88"
"10,2 : 18.68"
"10,3 : 73.55"
"10,4 : 55.47"
"10,5 : 47.43"
"10,6 : 1.0"
"10,7 : 33.14"
"10,8 : 70.83"
"10,9 : 5.83"
"10,10 : 0.0"
"10,11 : 35.81"
"10,12 : 8.06"
"10,13 : 35.61"
"10,14 : 28.16"
"10,15 : 88.87"
"10,16 : 59.46"
"10,17 : 40.5"
"10,18 : 20.25"
"10,19 : 30.0"
"10,20 : 95.13"
"10,21 : 74.25"
"10,22 : 8.6"
"10,23 : 47.27"
"10,24 : 20.02"
"10,25 : 19.7"
"10,26 : 59.4"
"10,27 : 13.89"
"10,28 : 44.42"
"10,29 : 25.3"
"10,30 : 55.97"
"10,31 : 25.06"
"10,32 : 50.09"
"10,33 : 9.43"
"10,34 : 63.51"
"10,35 : 34.99"
"10,36 : 51.4"
"10,37 : 82.88"
"10,38 : 42.19"
"10,39 : 16.76"
"10,40 : 36.06"
"10,41 : 41.87"
"10,42 : 37.34"
"10,43 : 86.83"
"10,44 : 73.16"
"10,45 : 28.18"
"10,46 : 63.57"
"10,47 : 52.55"
"10,48 : 39.62"
"10,49 : 58.55"
"10,50 : 67.27"
"10,51 : 74.95"
"10,52 : 51.09"
"10,53 : 38.33"
"10,54 : 55.95"
"10,55 : 78.0"
"10,56 : 76.32"
"10,57 : 87.86"
"10,58 : 41.48"
"10,59 : 71.31"
"10,60 : 74.46"
"10,61 : 10.05"
"10,62 : 73.5"
"10,63 : 38.01"
"10,64 : 88.24"
"10,65 : 8.54"
"10,66 : 74.73"
"10,67 : 18.36"
"10,68 : 66.76"
"10,69 : 40.22"
"10,70 : 24.84"
"10,71 : 20.1"
"10,72 : 59.03"
"10,73 : 54.82"
"10,74 : 12.08"
"10,75 : 31.06"
"10,76 : 54.63"
"10,77 : 94.11"
"10,78 : 70.29"
"10,79 : 38.6"
"10,80 : 78.39"
"10,81 : 58.8"
"10,82 : 66.48"
"10,83 : 53.85"
"10,84 : 75.0"
"10,85 : 31.76"
"10,86 : 33.14"
"10,87 : 77.49"
"10,88 : 46.24"
"10,89 : 52.01"
"10,90 : 52.35"
"10,91 : 71.7"
"10,92 : 48.84"
"10,93 : 31.89"
"10,94 : 64.44"
"10,95 : 53.67"
"10,96 : 63.03"
"10,97 : 39.85"
"10,98 : 53.23"
"10,99 : 53.49"
"11,0 : 58.25"
"11,1 : 48.1"
"11,2 : 45.79"
"11,3 : 52.89"
"11,4 : 25.08"
"11,5 : 27.78"
"11,6 : 36.4"
"11,7 : 24.33"
"11,8 : 40.31"
"11,9 : 30.0"
"11,10 : 35.81"
"11,11 : 0.0"
"11,12 : 41.73"
"11,13 : 70.72"
"11,14 : 26.93"
"11,15 : 53.15"
"11,16 : 60.22"
"11,17 : 46.24"
"11,18 : 47.07"
"11,19 : 46.32"
"11,20 : 59.46"
"11,21 : 46.1"
"11,22 : 39.4"
"11,23 : 35.38"
"11,24 : 52.92"
"11,25 : 44.29"
"11,26 : 24.7"
"11,27 : 39.66"
"11,28 : 44.91"
"11,29 : 13.93"
"11,30 : 20.62"
"11,31 : 11.4"
"11,32 : 45.88"
"11,33 : 37.64"
"11,34 : 36.4"
"11,35 : 3.16"
"11,36 : 20.1"
"11,37 : 47.38"
"11,38 : 28.18"
"11,39 : 51.97"
"11,40 : 10.3"
"11,41 : 48.09"
"11,42 : 34.53"
"11,43 : 53.24"
"11,44 : 39.46"
"11,45 : 16.49"
"11,46 : 63.41"
"11,47 : 44.72"
"11,48 : 17.2"
"11,49 : 31.78"
"11,50 : 47.76"
"11,51 : 61.55"
"11,52 : 18.44"
"11,53 : 32.02"
"11,54 : 52.0"
"11,55 : 51.01"
"11,56 : 50.01"
"11,57 : 53.54"
"11,58 : 44.28"
"11,59 : 45.04"
"11,60 : 40.61"
"11,61 : 27.59"
"11,62 : 42.05"
"11,63 : 43.05"
"11,64 : 54.59"
"11,65 : 34.54"
"11,66 : 47.04"
"11,67 : 53.04"
"11,68 : 64.44"
"11,69 : 4.47"
"11,70 : 42.06"
"11,71 : 27.02"
"11,72 : 26.25"
"11,73 : 42.44"
"11,74 : 46.69"
"11,75 : 65.76"
"11,76 : 58.67"
"11,77 : 59.41"
"11,78 : 34.66"
"11,79 : 11.66"
"11,80 : 48.05"
"11,81 : 25.08"
"11,82 : 63.7"
"11,83 : 34.44"
"11,84 : 39.2"
"11,85 : 6.08"
"11,86 : 24.33"
"11,87 : 44.28"
"11,88 : 40.5"
"11,89 : 31.83"
"11,90 : 27.46"
"11,91 : 63.41"
"11,92 : 35.51"
"11,93 : 50.09"
"11,94 : 29.07"
"11,95 : 19.24"
"11,96 : 27.66"
"11,97 : 12.73"
"11,98 : 19.1"
"11,99 : 56.08"
"12,0 : 64.56"
"12,1 : 49.65"
"12,2 : 11.66"
"12,3 : 81.58"
"12,4 : 62.77"
"12,5 : 55.36"
"12,6 : 7.07"
"12,7 : 34.37"
"12,8 : 74.0"
"12,9 : 12.53"
"12,10 : 8.06"
"12,11 : 41.73"
"12,12 : 0.0"
"12,13 : 29.0"
"12,14 : 36.22"
"12,15 : 94.85"
"12,16 : 66.76"
"12,17 : 47.8"
"12,18 : 24.84"
"12,19 : 24.84"
"12,20 : 101.18"
"12,21 : 81.94"
"12,22 : 14.32"
"12,23 : 55.33"
"12,24 : 21.02"
"12,25 : 13.45"
"12,26 : 65.95"
"12,27 : 8.94"
"12,28 : 41.79"
"12,29 : 29.68"
"12,30 : 62.24"
"12,31 : 30.48"
"12,32 : 48.08"
"12,33 : 6.0"
"12,34 : 65.97"
"12,35 : 40.46"
"12,36 : 58.52"
"12,37 : 89.1"
"12,38 : 43.19"
"12,39 : 15.3"
"12,40 : 40.31"
"12,41 : 38.08"
"12,42 : 36.35"
"12,43 : 93.81"
"12,44 : 77.37"
"12,45 : 35.85"
"12,46 : 70.88"
"12,47 : 51.2"
"12,48 : 42.72"
"12,49 : 61.13"
"12,50 : 75.31"
"12,51 : 73.76"
"12,52 : 58.01"
"12,53 : 38.05"
"12,54 : 53.49"
"12,55 : 85.8"
"12,56 : 84.15"
"12,57 : 94.64"
"12,58 : 49.03"
"12,59 : 79.12"
"12,60 : 78.71"
"12,61 : 14.21"
"12,62 : 76.9"
"12,63 : 34.93"
"12,64 : 95.21"
"12,65 : 16.12"
"12,66 : 82.46"
"12,67 : 11.31"
"12,68 : 74.22"
"12,69 : 46.01"
"12,70 : 20.25"
"12,71 : 28.16"
"12,72 : 66.03"
"12,73 : 54.33"
"12,74 : 5.0"
"12,75 : 24.08"
"12,76 : 61.68"
"12,77 : 100.77"
"12,78 : 76.38"
"12,79 : 45.79"
"12,80 : 85.88"
"12,81 : 65.6"
"12,82 : 73.98"
"12,83 : 61.85"
"12,84 : 80.81"
"12,85 : 37.01"
"12,86 : 34.37"
"12,87 : 81.44"
"12,88 : 44.91"
"12,89 : 53.46"
"12,90 : 54.82"
"12,91 : 79.51"
"12,92 : 49.01"
"12,93 : 37.74"
"12,94 : 70.72"
"12,95 : 58.52"
"12,96 : 69.31"
"12,97 : 43.83"
"12,98 : 57.98"
"12,99 : 60.73"
"13,0 : 82.05"
"13,1 : 68.12"
"13,2 : 28.79"
"13,3 : 106.63"
"13,4 : 91.02"
"13,5 : 81.84"
"13,6 : 34.83"
"13,7 : 60.42"
"13,8 : 101.08"
"13,9 : 41.11"
"13,10 : 35.61"
"13,11 : 70.72"
"13,12 : 29.0"
"13,13 : 0.0"
"13,14 : 61.33"
"13,15 : 123.84"
"13,16 : 84.02"
"13,17 : 66.48"
"13,18 : 39.32"
"13,19 : 40.2"
"13,20 : 130.18"
"13,21 : 109.27"
"13,22 : 36.25"
"13,23 : 79.71"
"13,24 : 29.07"
"13,25 : 31.62"
"13,26 : 94.85"
"13,27 : 33.12"
"13,28 : 60.21"
"13,29 : 58.41"
"13,30 : 91.22"
"13,31 : 59.46"
"13,32 : 67.27"
"13,33 : 33.6"
"13,34 : 92.31"
"13,35 : 69.43"
"13,36 : 87.01"
"13,37 : 118.09"
"13,38 : 68.35"
"13,39 : 23.77"
"13,40 : 68.82"
"13,41 : 54.01"
"13,42 : 58.94"
"13,43 : 122.44"
"13,44 : 105.48"
"13,45 : 63.51"
"13,46 : 88.01"
"13,47 : 71.57"
"13,48 : 70.33"
"13,49 : 87.73"
"13,50 : 100.3"
"13,51 : 93.09"
"13,52 : 86.68"
"13,53 : 61.68"
"13,54 : 71.01"
"13,55 : 112.71"
"13,56 : 110.91"
"13,57 : 123.43"
"13,58 : 68.88"
"13,59 : 106.0"
"13,60 : 106.85"
"13,61 : 43.19"
"13,62 : 104.2"
"13,63 : 53.34"
"13,64 : 123.85"
"13,65 : 40.71"
"13,66 : 109.66"
"13,67 : 17.69"
"13,68 : 92.05"
"13,69 : 75.01"
"13,70 : 39.05"
"13,71 : 53.67"
"13,72 : 94.64"
"13,73 : 76.3"
"13,74 : 24.04"
"13,75 : 5.39"
"13,76 : 78.0"
"13,77 : 129.63"
"13,78 : 105.38"
"13,79 : 74.2"
"13,80 : 113.74"
"13,81 : 94.37"
"13,82 : 92.09"
"13,83 : 87.73"
"13,84 : 109.79"
"13,85 : 65.95"
"13,86 : 60.42"
"13,87 : 109.27"
"13,88 : 65.92"
"13,89 : 78.77"
"13,90 : 81.44"
"13,91 : 99.72"
"13,92 : 72.53"
"13,93 : 52.01"
"13,94 : 99.7"
"13,95 : 87.2"
"13,96 : 98.29"
"13,97 : 72.11"
"13,98 : 86.61"
"13,99 : 78.06"
"14,0 : 34.06"
"14,1 : 67.48"
"14,2 : 46.04"
"14,3 : 45.61"
"14,4 : 33.29"
"14,5 : 20.81"
"14,6 : 29.15"
"14,7 : 43.14"
"14,8 : 67.08"
"14,9 : 25.08"
"14,10 : 28.16"
"14,11 : 26.93"
"14,12 : 36.22"
"14,13 : 61.33"
"14,14 : 0.0"
"14,15 : 71.69"
"14,16 : 36.24"
"14,17 : 19.72"
"14,18 : 26.25"
"14,19 : 54.12"
"14,20 : 77.39"
"14,21 : 48.6"
"14,22 : 25.08"
"14,23 : 19.1"
"14,24 : 35.47"
"14,25 : 46.27"
"14,26 : 41.44"
"14,27 : 40.2"
"14,28 : 61.85"
"14,29 : 29.0"
"14,30 : 40.02"
"14,31 : 24.84"
"14,32 : 65.3"
"14,33 : 36.06"
"14,34 : 63.25"
"14,35 : 28.79"
"14,36 : 30.87"
"14,37 : 64.88"
"14,38 : 50.45"
"14,39 : 38.08"
"14,40 : 34.89"
"14,41 : 62.18"
"14,42 : 52.01"
"14,43 : 64.82"
"14,44 : 65.01"
"14,45 : 10.44"
"14,46 : 40.0"
"14,47 : 65.76"
"14,48 : 41.68"
"14,49 : 58.52"
"14,50 : 39.29"
"14,51 : 85.6"
"14,52 : 31.95"
"14,53 : 50.99"
"14,54 : 71.7"
"14,55 : 51.62"
"14,56 : 49.74"
"14,57 : 66.85"
"14,58 : 18.44"
"14,59 : 44.94"
"14,60 : 66.0"
"14,61 : 27.89"
"14,62 : 68.59"
"14,63 : 57.31"
"14,64 : 66.22"
"14,65 : 20.88"
"14,66 : 48.83"
"14,67 : 45.61"
"14,68 : 42.19"
"14,69 : 30.41"
"14,70 : 48.76"
"14,71 : 8.06"
"14,72 : 38.47"
"14,73 : 65.3"
"14,74 : 39.81"
"14,75 : 57.58"
"14,76 : 33.3"
"14,77 : 73.5"
"14,78 : 53.76"
"14,79 : 20.22"
"14,80 : 53.81"
"14,81 : 39.4"
"14,82 : 41.68"
"14,83 : 26.4"
"14,84 : 59.48"
"14,85 : 28.18"
"14,86 : 43.14"
"14,87 : 70.03"
"14,88 : 60.21"
"14,89 : 56.94"
"14,90 : 53.71"
"14,91 : 44.92"
"14,92 : 58.26"
"14,93 : 24.33"
"14,94 : 47.43"
"14,95 : 45.18"
"14,96 : 46.17"
"14,97 : 38.48"
"14,98 : 45.28"
"14,99 : 31.11"
"15,0 : 88.02"
"15,1 : 83.24"
"15,2 : 97.84"
"15,3 : 56.32"
"15,4 : 39.29"
"15,5 : 55.11"
"15,6 : 89.5"
"15,7 : 69.12"
"15,8 : 40.0"
"15,9 : 83.1"
"15,10 : 88.87"
"15,11 : 53.15"
"15,12 : 94.85"
"15,13 : 123.84"
"15,14 : 71.69"
"15,15 : 0.0"
"15,16 : 89.0"
"15,17 : 84.93"
"15,18 : 97.06"
"15,19 : 94.87"
"15,20 : 6.4"
"15,21 : 38.6"
"15,22 : 91.53"
"15,23 : 64.63"
"15,24 : 104.62"
"15,25 : 95.9"
"15,26 : 30.41"
"15,27 : 92.02"
"15,28 : 84.86"
"15,29 : 65.8"
"15,30 : 33.02"
"15,31 : 64.38"
"15,32 : 81.61"
"15,33 : 90.51"
"15,34 : 48.37"
"15,35 : 54.45"
"15,36 : 40.85"
"15,37 : 7.07"
"15,38 : 65.8"
"15,39 : 104.62"
"15,40 : 56.22"
"15,41 : 90.87"
"15,42 : 76.92"
"15,43 : 19.21"
"15,44 : 29.02"
"15,45 : 64.01"
"15,46 : 90.09"
"15,47 : 77.62"
"15,48 : 57.45"
"15,49 : 49.24"
"15,50 : 56.89"
"15,51 : 80.02"
"15,52 : 39.81"
"15,53 : 73.35"
"15,54 : 85.38"
"15,55 : 42.15"
"15,56 : 43.66"
"15,57 : 14.87"
"15,58 : 81.58"
"15,59 : 43.17"
"15,60 : 28.0"
"15,61 : 80.66"
"15,62 : 37.05"
"15,63 : 86.76"
"15,64 : 19.1"
"15,65 : 86.53"
"15,66 : 39.85"
"15,67 : 106.15"
"15,68 : 88.36"
"15,69 : 48.84"
"15,70 : 91.84"
"15,71 : 76.06"
"15,72 : 33.53"
"15,73 : 71.81"
"15,74 : 99.82"
"15,75 : 118.83"
"15,76 : 91.2"
"15,77 : 13.93"
"15,78 : 18.6"
"15,79 : 52.35"
"15,80 : 32.31"
"15,81 : 32.31"
"15,82 : 87.37"
"15,83 : 55.15"
"15,84 : 14.21"
"15,85 : 57.98"
"15,86 : 69.12"
"15,87 : 30.27"
"15,88 : 77.49"
"15,89 : 59.48"
"15,90 : 52.81"
"15,91 : 80.41"
"15,92 : 68.31"
"15,93 : 95.52"
"15,94 : 24.7"
"15,95 : 38.28"
"15,96 : 26.08"
"15,97 : 53.82"
"15,98 : 39.12"
"15,99 : 88.2"
"16,0 : 2.24"
"16,1 : 103.71"
"16,2 : 78.11"
"16,3 : 38.48"
"16,4 : 51.97"
"16,5 : 36.69"
"16,6 : 60.41"
"16,7 : 79.31"
"16,8 : 97.58"
"16,9 : 58.6"
"16,10 : 59.46"
"16,11 : 60.22"
"16,12 : 66.76"
"16,13 : 84.02"
"16,14 : 36.24"
"16,15 : 89.0"
"16,16 : 0.0"
"16,17 : 18.97"
"16,18 : 45.1"
"16,19 : 88.57"
"16,20 : 93.13"
"16,21 : 53.15"
"16,22 : 52.63"
"16,23 : 26.57"
"16,24 : 55.0"
"16,25 : 79.12"
"16,26 : 63.56"
"16,27 : 73.16"
"16,28 : 98.01"
"16,29 : 65.12"
"16,30 : 64.85"
"16,31 : 60.83"
"16,32 : 101.53"
"16,33 : 68.71"
"16,34 : 95.88"
"16,35 : 62.8"
"16,36 : 53.16"
"16,37 : 82.01"
"16,38 : 86.28"
"16,39 : 61.13"
"16,40 : 69.66"
"16,41 : 97.94"
"16,42 : 88.24"
"16,43 : 74.97"
"16,44 : 92.66"
"16,45 : 45.28"
"16,46 : 4.12"
"16,47 : 101.91"
"16,48 : 76.69"
"16,49 : 91.59"
"16,50 : 34.48"
"16,51 : 121.17"
"16,52 : 55.66"
"16,53 : 87.21"
"16,54 : 107.94"
"16,55 : 52.5"
"16,56 : 50.29"
"16,57 : 78.64"
"16,58 : 18.36"
"16,59 : 48.05"
"16,60 : 93.3"
"16,61 : 62.65"
"16,62 : 98.23"
"16,63 : 93.19"
"16,64 : 76.12"
"16,65 : 50.92"
"16,66 : 52.39"
"16,67 : 72.84"
"16,68 : 8.06"
"16,69 : 62.43"
"16,70 : 83.19"
"16,71 : 42.19"
"16,72 : 57.87"
"16,73 : 101.14"
"16,74 : 68.66"
"16,75 : 82.05"
"16,76 : 6.32"
"16,77 : 85.0"
"16,78 : 74.81"
"16,79 : 49.74"
"16,80 : 60.21"
"16,81 : 60.21"
"16,82 : 8.25"
"16,83 : 34.23"
"16,84 : 80.75"
"16,85 : 63.13"
"16,86 : 79.31"
"16,87 : 97.72"
"16,88 : 96.43"
"16,89 : 91.83"
"16,90 : 87.66"
"16,91 : 18.03"
"16,92 : 94.07"
"16,93 : 32.02"
"16,94 : 69.23"
"16,95 : 75.15"
"16,96 : 68.45"
"16,97 : 72.8"
"16,98 : 75.58"
"16,99 : 6.08"
"17,0 : 16.76"
"17,1 : 86.28"
"17,2 : 59.14"
"17,3 : 44.69"
"17,4 : 45.71"
"17,5 : 29.83"
"17,6 : 41.44"
"17,7 : 62.37"
"17,8 : 85.87"
"17,9 : 39.82"
"17,10 : 40.5"
"17,11 : 46.24"
"17,12 : 47.8"
"17,13 : 66.48"
"17,14 : 19.72"
"17,15 : 84.93"
"17,16 : 18.97"
"17,17 : 0.0"
"17,18 : 27.17"
"17,19 : 69.77"
"17,20 : 89.99"
"17,21 : 54.38"
"17,22 : 33.73"
"17,23 : 21.02"
"17,24 : 37.48"
"17,25 : 60.17"
"17,26 : 56.14"
"17,27 : 54.23"
"17,28 : 80.16"
"17,29 : 48.41"
"17,30 : 56.01"
"17,31 : 44.41"
"17,32 : 84.15"
"17,33 : 49.77"
"17,34 : 82.64"
"17,35 : 48.33"
"17,36 : 45.1"
"17,37 : 77.88"
"17,38 : 70.0"
"17,39 : 43.05"
"17,40 : 54.59"
"17,41 : 79.63"
"17,42 : 70.72"
"17,43 : 74.32"
"17,44 : 82.73"
"17,45 : 29.97"
"17,46 : 23.09"
"17,47 : 84.96"
"17,48 : 61.4"
"17,49 : 78.0"
"17,50 : 38.9"
"17,51 : 105.21"
"17,52 : 47.01"
"17,53 : 70.04"
"17,54 : 90.52"
"17,55 : 55.61"
"17,56 : 53.41"
"17,57 : 77.25"
"17,58 : 3.61"
"17,59 : 49.65"
"17,60 : 83.6"
"17,61 : 44.1"
"17,62 : 87.1"
"17,63 : 75.0"
"17,64 : 75.64"
"17,65 : 31.95"
"17,66 : 54.08"
"17,67 : 54.23"
"17,68 : 26.48"
"17,69 : 49.34"
"17,70 : 64.41"
"17,71 : 24.08"
"17,72 : 51.62"
"17,73 : 84.81"
"17,74 : 49.82"
"17,75 : 64.07"
"17,76 : 14.42"
"17,77 : 83.93"
"17,78 : 68.36"
"17,79 : 37.66"
"17,80 : 60.9"
"17,81 : 53.34"
"17,82 : 26.31"
"17,83 : 31.3"
"17,84 : 74.33"
"17,85 : 47.89"
"17,86 : 62.37"
"17,87 : 87.82"
"17,88 : 79.21"
"17,89 : 76.66"
"17,90 : 73.35"
"17,91 : 33.24"
"17,92 : 77.8"
"17,93 : 15.65"
"17,94 : 62.2"
"17,95 : 63.56"
"17,96 : 61.13"
"17,97 : 58.14"
"17,98 : 63.79"
"17,99 : 13.0"
"18,0 : 43.05"
"18,1 : 72.07"
"18,2 : 36.4"
"18,3 : 68.88"
"18,4 : 59.41"
"18,5 : 46.69"
"18,6 : 20.81"
"18,7 : 51.92"
"18,8 : 86.15"
"18,9 : 23.41"
"18,10 : 20.25"
"18,11 : 47.07"
"18,12 : 24.84"
"18,13 : 39.32"
"18,14 : 26.25"
"18,15 : 97.06"
"18,16 : 45.1"
"18,17 : 27.17"
"18,18 : 0.0"
"18,19 : 49.5"
"18,20 : 102.96"
"18,21 : 74.41"
"18,22 : 11.66"
"18,23 : 42.19"
"18,24 : 10.44"
"18,25 : 38.29"
"18,26 : 66.65"
"18,27 : 33.24"
"18,28 : 64.66"
"18,29 : 41.11"
"18,30 : 64.47"
"18,31 : 39.01"
"18,32 : 70.24"
"18,33 : 29.07"
"18,34 : 80.06"
"18,35 : 47.52"
"18,36 : 56.6"
"18,37 : 90.43"
"18,38 : 60.88"
"18,39 : 16.03"
"18,40 : 51.01"
"18,41 : 62.01"
"18,42 : 57.27"
"18,43 : 91.05"
"18,44 : 86.49"
"18,45 : 33.11"
"18,46 : 49.16"
"18,47 : 72.5"
"18,48 : 56.14"
"18,49 : 75.06"
"18,50 : 62.65"
"18,51 : 94.7"
"18,52 : 57.31"
"18,53 : 57.94"
"18,54 : 76.16"
"18,55 : 77.01"
"18,56 : 75.0"
"18,57 : 93.01"
"18,58 : 29.61"
"18,59 : 70.43"
"18,60 : 87.66"
"18,61 : 28.79"
"18,62 : 88.36"
"18,63 : 58.25"
"18,64 : 92.46"
"18,65 : 14.32"
"18,66 : 74.52"
"18,67 : 28.16"
"18,68 : 53.04"
"18,69 : 51.42"
"18,70 : 44.6"
"18,71 : 21.02"
"18,72 : 64.35"
"18,73 : 74.33"
"18,74 : 25.06"
"18,75 : 37.0"
"18,76 : 39.32"
"18,77 : 99.62"
"18,78 : 78.72"
"18,79 : 44.72"
"18,80 : 79.91"
"18,81 : 65.0"
"18,82 : 53.01"
"18,83 : 51.4"
"18,84 : 84.17"
"18,85 : 45.18"
"18,86 : 51.92"
"18,87 : 91.24"
"18,88 : 66.21"
"18,89 : 70.04"
"18,90 : 69.18"
"18,91 : 60.41"
"18,92 : 68.01"
"18,93 : 13.6"
"18,94 : 72.45"
"18,95 : 66.29"
"18,96 : 71.11"
"18,97 : 55.01"
"18,98 : 66.1"
"18,99 : 39.05"
"19,0 : 86.33"
"19,1 : 28.0"
"19,2 : 14.32"
"19,3 : 96.05"
"19,4 : 71.2"
"19,5 : 69.07"
"19,6 : 29.21"
"19,7 : 25.81"
"19,8 : 64.82"
"19,9 : 29.97"
"19,10 : 30.0"
"19,11 : 46.32"
"19,12 : 24.84"
"19,13 : 40.2"
"19,14 : 54.12"
"19,15 : 94.87"
"19,16 : 88.57"
"19,17 : 69.77"
"19,18 : 49.5"
"19,19 : 0.0"
"19,20 : 101.24"
"19,21 : 92.07"
"19,22 : 38.29"
"19,23 : 72.18"
"19,24 : 45.49"
"19,25 : 11.66"
"19,26 : 70.23"
"19,27 : 16.28"
"19,28 : 20.02"
"19,29 : 32.56"
"19,30 : 65.55"
"19,31 : 36.22"
"19,32 : 27.07"
"19,33 : 20.62"
"19,34 : 55.22"
"19,35 : 43.68"
"19,36 : 66.29"
"19,37 : 90.43"
"19,38 : 31.24"
"19,39 : 38.95"
"19,40 : 39.4"
"19,41 : 14.32"
"19,42 : 20.25"
"19,43 : 98.79"
"19,44 : 71.42"
"19,45 : 49.25"
"19,46 : 92.61"
"19,47 : 31.4"
"19,48 : 37.44"
"19,49 : 51.22"
"19,50 : 90.14"
"19,51 : 53.0"
"19,52 : 64.76"
"19,53 : 23.6"
"19,54 : 31.14"
"19,55 : 96.75"
"19,56 : 95.52"
"19,57 : 98.49"
"19,58 : 70.26"
"19,59 : 90.45"
"19,60 : 72.84"
"19,61 : 26.25"
"19,62 : 68.25"
"19,63 : 13.15"
"19,64 : 100.09"
"19,65 : 38.28"
"19,66 : 92.91"
"19,67 : 28.16"
"19,68 : 95.46"
"19,69 : 49.34"
"19,70 : 5.39"
"19,71 : 46.82"
"19,72 : 72.53"
"19,73 : 36.4"
"19,74 : 26.42"
"19,75 : 35.06"
"19,76 : 84.12"
"19,77 : 103.75"
"19,78 : 77.83"
"19,79 : 55.23"
"19,80 : 94.37"
"19,81 : 71.17"
"19,82 : 95.08"
"19,83 : 76.11"
"19,84 : 80.78"
"19,85 : 40.26"
"19,86 : 25.81"
"19,87 : 74.33"
"19,88 : 25.96"
"19,89 : 41.05"
"19,90 : 45.34"
"19,91 : 99.04"
"19,92 : 33.54"
"19,93 : 61.85"
"19,94 : 73.41"
"19,95 : 56.6"
"19,96 : 72.09"
"19,97 : 41.18"
"19,98 : 55.76"
"19,99 : 82.73"
"20,0 : 92.27"
"20,1 : 89.19"
"20,2 : 104.24"
"20,3 : 59.03"
"20,4 : 44.6"
"20,5 : 60.17"
"20,6 : 95.78"
"20,7 : 75.47"
"20,8 : 45.18"
"20,9 : 89.38"
"20,10 : 95.13"
"20,11 : 59.46"
"20,12 : 101.18"
"20,13 : 130.18"
"20,14 : 77.39"
"20,15 : 6.4"
"20,16 : 93.13"
"20,17 : 89.99"
"20,18 : 102.96"
"20,19 : 101.24"
"20,20 : 0.0"
"20,21 : 41.44"
"20,22 : 97.65"
"20,23 : 69.43"
"20,24 : 110.68"
"20,25 : 102.3"
"20,26 : 36.36"
"20,27 : 98.41"
"20,28 : 91.0"
"20,29 : 72.18"
"20,30 : 39.2"
"20,31 : 70.72"
"20,32 : 87.6"
"20,33 : 96.88"
"20,34 : 53.94"
"20,35 : 60.81"
"20,36 : 46.52"
"20,37 : 12.53"
"20,38 : 72.01"
"20,39 : 110.8"
"20,40 : 62.63"
"20,41 : 97.08"
"20,42 : 83.19"
"20,43 : 20.25"
"20,44 : 34.37"
"20,45 : 69.97"
"20,46 : 94.01"
"20,47 : 83.52"
"20,48 : 63.81"
"20,49 : 55.08"
"20,50 : 60.21"
"20,51 : 85.02"
"20,52 : 45.65"
"20,53 : 79.61"
"20,54 : 91.21"
"20,55 : 44.38"
"20,56 : 46.1"
"20,57 : 15.81"
"20,58 : 86.59"
"20,59 : 46.27"
"20,60 : 33.24"
"20,61 : 87.0"
"20,62 : 42.05"
"20,63 : 93.02"
"20,64 : 19.7"
"20,65 : 92.66"
"20,66 : 42.58"
"20,67 : 112.49"
"20,68 : 92.05"
"20,69 : 55.17"
"20,70 : 98.23"
"20,71 : 81.99"
"20,72 : 39.0"
"20,73 : 77.62"
"20,74 : 106.15"
"20,75 : 125.18"
"20,76 : 95.63"
"20,77 : 12.04"
"20,78 : 24.84"
"20,79 : 58.31"
"20,80 : 34.71"
"20,81 : 38.01"
"20,82 : 91.05"
"20,83 : 59.68"
"20,84 : 20.62"
"20,85 : 64.35"
"20,86 : 75.47"
"20,87 : 35.0"
"20,88 : 83.57"
"20,89 : 65.46"
"20,90 : 58.87"
"20,91 : 83.6"
"20,92 : 74.33"
"20,93 : 101.02"
"20,94 : 30.81"
"20,95 : 44.65"
"20,96 : 32.2"
"20,97 : 60.22"
"20,98 : 45.49"
"20,99 : 92.66"
"21,0 : 52.63"
"21,1 : 92.07"
"21,2 : 89.19"
"21,3 : 17.72"
"21,4 : 21.02"
"21,5 : 27.8"
"21,6 : 75.15"
"21,7 : 70.01"
"21,8 : 63.01"
"21,9 : 69.46"
"21,10 : 74.25"
"21,11 : 46.1"
"21,12 : 81.94"
"21,13 : 109.27"
"21,14 : 48.6"
"21,15 : 38.6"
"21,16 : 53.15"
"21,17 : 54.38"
"21,18 : 74.41"
"21,19 : 92.07"
"21,20 : 41.44"
"21,21 : 0.0"
"21,22 : 73.25"
"21,23 : 33.6"
"21,24 : 84.02"
"21,25 : 88.32"
"21,26 : 26.93"
"21,27 : 82.86"
"21,28 : 90.2"
"21,29 : 59.54"
"21,30 : 31.62"
"21,31 : 55.9"
"21,32 : 89.94"
"21,33 : 79.71"
"21,34 : 66.65"
"21,35 : 49.04"
"21,36 : 26.02"
"21,37 : 32.31"
"21,38 : 71.7"
"21,39 : 86.53"
"21,40 : 55.04"
"21,41 : 94.0"
"21,42 : 80.06"
"21,43 : 22.02"
"21,44 : 53.81"
"21,45 : 46.1"
"21,46 : 53.46"
"21,47 : 87.66"
"21,48 : 60.41"
"21,49 : 64.47"
"21,50 : 19.03"
"21,51 : 99.01"
"21,52 : 28.02"
"21,53 : 77.16"
"21,54 : 95.52"
"21,55 : 5.39"
"21,56 : 5.66"
"21,57 : 26.02"
"21,58 : 50.77"
"21,59 : 5.1"
"21,60 : 53.76"
"21,61 : 69.57"
"21,62 : 61.85"
"21,63 : 89.01"
"21,64 : 23.09"
"21,65 : 68.6"
"21,66 : 1.41"
"21,67 : 92.57"
"21,68 : 51.09"
"21,69 : 44.01"
"21,70 : 87.48"
"21,71 : 55.76"
"21,72 : 21.59"
"21,73 : 83.68"
"21,74 : 86.33"
"21,75 : 105.12"
"21,76 : 56.61"
"21,77 : 32.06"
"21,78 : 31.11"
"21,79 : 37.11"
"21,80 : 7.07"
"21,81 : 24.04"
"21,82 : 50.09"
"21,83 : 23.43"
"21,84 : 35.61"
"21,85 : 52.15"
"21,86 : 70.01"
"21,87 : 57.98"
"21,88 : 84.72"
"21,89 : 70.88"
"21,90 : 64.2"
"21,91 : 42.19"
"21,92 : 77.67"
"21,93 : 68.25"
"21,94 : 28.84"
"21,95 : 45.88"
"21,96 : 29.15"
"21,97 : 55.33"
"21,98 : 46.82"
"21,99 : 53.76"
"22,0 : 50.45"
"22,1 : 60.42"
"22,2 : 25.94"
"22,3 : 70.52"
"22,4 : 55.9"
"22,5 : 45.65"
"22,6 : 9.22"
"22,7 : 40.79"
"22,8 : 76.79"
"22,9 : 12.17"
"22,10 : 8.6"
"22,11 : 39.4"
"22,12 : 14.32"
"22,13 : 36.25"
"22,14 : 25.08"
"22,15 : 91.53"
"22,16 : 52.63"
"22,17 : 33.73"
"22,18 : 11.66"
"22,19 : 38.29"
"22,20 : 97.65"
"22,21 : 73.25"
"22,22 : 0.0"
"22,23 : 43.68"
"22,24 : 13.6"
"22,25 : 27.46"
"22,26 : 61.4"
"22,27 : 22.02"
"22,28 : 53.0"
"22,29 : 31.14"
"22,30 : 58.52"
"22,31 : 29.83"
"22,32 : 58.59"
"22,33 : 17.69"
"22,34 : 70.06"
"22,35 : 39.22"
"22,36 : 52.35"
"22,37 : 85.21"
"22,38 : 49.82"
"22,39 : 13.45"
"22,40 : 41.59"
"22,41 : 50.45"
"22,42 : 45.69"
"22,43 : 87.69"
"22,44 : 78.16"
"22,45 : 28.28"
"22,46 : 56.75"
"22,47 : 60.93"
"22,48 : 46.04"
"22,49 : 65.07"
"22,50 : 64.2"
"22,51 : 83.22"
"22,52 : 52.5"
"22,53 : 46.49"
"22,54 : 64.5"
"22,55 : 76.54"
"22,56 : 74.71"
"22,57 : 89.14"
"22,58 : 35.23"
"22,59 : 69.84"
"22,60 : 79.4"
"22,61 : 17.46"
"22,62 : 79.25"
"22,63 : 46.62"
"22,64 : 89.11"
"22,65 : 5.0"
"22,66 : 73.57"
"22,67 : 21.1"
"22,68 : 60.21"
"22,69 : 43.86"
"22,70 : 33.24"
"22,71 : 17.49"
"22,72 : 60.14"
"22,73 : 62.94"
"22,74 : 16.12"
"22,75 : 32.57"
"22,76 : 47.43"
"22,77 : 95.59"
"22,78 : 72.95"
"22,79 : 39.7"
"22,80 : 78.01"
"22,81 : 60.31"
"22,82 : 60.02"
"22,83 : 51.48"
"22,84 : 78.03"
"22,85 : 36.4"
"22,86 : 40.79"
"22,87 : 82.71"
"22,88 : 54.63"
"22,89 : 59.3"
"22,90 : 59.01"
"22,91 : 66.07"
"22,92 : 56.75"
"22,93 : 23.6"
"22,94 : 66.85"
"22,95 : 58.19"
"22,96 : 65.46"
"22,97 : 45.54"
"22,98 : 57.87"
"22,99 : 46.57"
"23,0 : 25.0"
"23,1 : 81.99"
"23,2 : 65.0"
"23,3 : 26.93"
"23,4 : 26.02"
"23,5 : 10.2"
"23,6 : 48.26"
"23,7 : 57.31"
"23,8 : 71.11"
"23,9 : 44.0"
"23,10 : 47.27"
"23,11 : 35.38"
"23,12 : 55.33"
"23,13 : 79.71"
"23,14 : 19.1"
"23,15 : 64.63"
"23,16 : 26.57"
"23,17 : 21.02"
"23,18 : 42.19"
"23,19 : 72.18"
"23,20 : 69.43"
"23,21 : 33.6"
"23,22 : 43.68"
"23,23 : 0.0"
"23,24 : 52.35"
"23,25 : 65.07"
"23,26 : 37.34"
"23,27 : 59.03"
"23,28 : 77.39"
"23,29 : 43.38"
"23,30 : 38.33"
"23,31 : 38.91"
"23,32 : 79.76"
"23,33 : 55.0"
"23,34 : 69.89"
"23,35 : 38.29"
"23,36 : 26.68"
"23,37 : 57.56"
"23,38 : 63.01"
"23,39 : 56.08"
"23,40 : 45.45"
"23,41 : 78.77"
"23,42 : 67.08"
"23,43 : 53.31"
"23,44 : 66.1"
"23,45 : 23.41"
"23,46 : 29.07"
"23,47 : 79.32"
"23,48 : 52.5"
"23,49 : 65.8"
"23,50 : 20.62"
"23,51 : 96.94"
"23,52 : 29.12"
"23,53 : 65.37"
"23,54 : 86.09"
"23,55 : 35.36"
"23,56 : 33.24"
"23,57 : 56.3"
"23,58 : 17.46"
"23,59 : 29.07"
"23,60 : 66.76"
"23,61 : 46.27"
"23,62 : 71.69"
"23,63 : 73.74"
"23,64 : 54.63"
"23,65 : 39.81"
"23,66 : 33.42"
"23,67 : 64.54"
"23,68 : 29.41"
"23,69 : 36.88"
"23,70 : 66.91"
"23,71 : 27.17"
"23,72 : 32.02"
"23,73 : 77.62"
"23,74 : 58.86"
"23,75 : 76.24"
"23,76 : 27.17"
"23,77 : 62.97"
"23,78 : 49.04"
"23,79 : 24.08"
"23,80 : 39.96"
"23,81 : 34.13"
"23,82 : 28.6"
"23,83 : 10.3"
"23,84 : 55.04"
"23,85 : 39.41"
"23,86 : 57.31"
"23,87 : 71.17"
"23,88 : 74.43"
"23,89 : 67.18"
"23,90 : 62.37"
"23,91 : 28.3"
"23,92 : 70.6"
"23,93 : 34.71"
"23,94 : 43.19"
"23,95 : 48.76"
"23,96 : 42.3"
"23,97 : 48.1"
"23,98 : 49.24"
"23,99 : 24.19"
"24,0 : 53.01"
"24,1 : 70.58"
"24,2 : 31.4"
"24,3 : 79.16"
"24,4 : 68.01"
"24,5 : 56.22"
"24,6 : 20.1"
"24,7 : 53.15"
"24,8 : 90.26"
"24,9 : 25.08"
"24,10 : 20.02"
"24,11 : 52.92"
"24,12 : 21.02"
"24,13 : 29.07"
"24,14 : 35.47"
"24,15 : 104.62"
"24,16 : 55.0"
"24,17 : 37.48"
"24,18 : 10.44"
"24,19 : 45.49"
"24,20 : 110.68"
"24,21 : 84.02"
"24,22 : 13.6"
"24,23 : 52.35"
"24,24 : 0.0"
"24,25 : 33.84"
"24,26 : 74.33"
"24,27 : 29.97"
"24,28 : 62.77"
"24,29 : 44.55"
"24,30 : 71.69"
"24,31 : 43.42"
"24,32 : 68.95"
"24,33 : 26.57"
"24,34 : 83.29"
"24,35 : 52.81"
"24,36 : 64.82"
"24,37 : 98.18"
"24,38 : 62.2"
"24,39 : 7.21"
"24,40 : 55.11"
"24,41 : 59.06"
"24,42 : 56.75"
"24,43 : 99.82"
"24,44 : 91.76"
"24,45 : 40.8"
"24,46 : 59.01"
"24,47 : 71.84"
"24,48 : 59.3"
"24,49 : 78.31"
"24,50 : 72.9"
"24,51 : 94.37"
"24,52 : 65.22"
"24,53 : 58.05"
"24,54 : 74.46"
"24,55 : 86.84"
"24,56 : 84.88"
"24,57 : 101.53"
"24,58 : 40.02"
"24,59 : 80.21"
"24,60 : 93.01"
"24,61 : 30.0"
"24,62 : 92.76"
"24,63 : 55.95"
"24,64 : 101.24"
"24,65 : 18.38"
"24,66 : 84.2"
"24,67 : 20.25"
"24,68 : 63.01"
"24,69 : 57.38"
"24,70 : 41.18"
"24,71 : 29.07"
"24,72 : 72.62"
"24,73 : 74.53"
"24,74 : 19.21"
"24,75 : 27.17"
"24,76 : 49.04"
"24,77 : 108.07"
"24,78 : 86.09"
"24,79 : 52.43"
"24,80 : 89.27"
"24,81 : 73.01"
"24,82 : 63.03"
"24,83 : 61.29"
"24,84 : 91.3"
"24,85 : 50.0"
"24,86 : 53.15"
"24,87 : 96.3"
"24,88 : 65.52"
"24,89 : 72.03"
"24,90 : 72.17"
"24,91 : 70.71"
"24,92 : 68.73"
"24,93 : 23.02"
"24,94 : 79.92"
"24,95 : 71.78"
"24,96 : 78.55"
"24,97 : 59.03"
"24,98 : 71.47"
"24,99 : 49.01"
"25,0 : 76.9"
"25,1 : 38.47"
"25,2 : 3.0"
"25,3 : 90.27"
"25,4 : 68.01"
"25,5 : 63.39"
"25,6 : 18.79"
"25,7 : 29.15"
"25,8 : 69.84"
"25,9 : 21.21"
"25,10 : 19.7"
"25,11 : 44.29"
"25,12 : 13.45"
"25,13 : 31.62"
"25,14 : 46.27"
"25,15 : 95.9"
"25,16 : 79.12"
"25,17 : 60.17"
"25,18 : 38.29"
"25,19 : 11.66"
"25,20 : 102.3"
"25,21 : 88.32"
"25,22 : 27.46"
"25,23 : 65.07"
"25,24 : 33.84"
"25,25 : 0.0"
"25,26 : 68.96"
"25,27 : 6.08"
"25,28 : 30.41"
"25,29 : 30.53"
"25,30 : 64.66"
"25,31 : 33.11"
"25,32 : 37.22"
"25,33 : 10.44"
"25,34 : 60.84"
"25,35 : 42.19"
"25,36 : 63.32"
"25,37 : 90.8"
"25,38 : 36.77"
"25,39 : 27.29"
"25,40 : 39.7"
"25,41 : 25.63"
"25,42 : 27.46"
"25,43 : 97.53"
"25,44 : 75.0"
"25,45 : 43.29"
"25,46 : 83.22"
"25,47 : 41.01"
"25,48 : 39.82"
"25,49 : 56.36"
"25,50 : 84.15"
"25,51 : 63.29"
"25,52 : 62.24"
"25,53 : 30.08"
"25,54 : 41.98"
"25,55 : 92.65"
"25,56 : 91.22"
"25,57 : 97.75"
"25,58 : 61.03"
"25,59 : 86.12"
"25,60 : 76.4"
"25,61 : 19.1"
"25,62 : 73.06"
"25,63 : 23.35"
"25,64 : 98.88"
