x,y
45,10
90,68
18,2
0,32
7,47
46,60
46,65
82,24
45,3
15,69
56,20
55,45
23,49
65,40
77,47
1,58
9,87
79,44
79,90
35,98
8,5
24,13
83,74
73,2
78,41
72,20
6,32
79,55
10,51
2,3
56,68
66,41
55,53
35,36
51,59
62,59
97,20
64,52
95,7
17,8
98,44
69,1
93,35
56,100
1,83
24,83
58,20
70,78
58,11
23,71
89,73
43,56
40,94
78,46
100,2
57,71
94,5
28,17
41,15
64,85
81,71
27,17
52,89
67,9
20,14
73,85
11,27
41,14
49,96
39,97
93,75
86,94
97,30
89,90
79,50
77,9
61,52
23,30
53,17
76,37
40,74
68,18
97,39
37,27
62,6
14,47
95,84
30,13
34,59
14,43
58,85
42,70
54,21
5,49
74,43
70,15
14,75
81,70
22,11
55,39

Distanze
"0,0 : 0.0"
"0,1 : 73.41"
"0,2 : 28.16"
"0,3 : 50.09"
"0,4 : 53.04"
"0,5 : 50.01"
"0,6 : 55.01"
"0,7 : 39.56"
"0,8 : 7.0"
"0,9 : 66.19"
"0,10 : 14.87"
"0,11 : 36.4"
"0,12 : 44.78"
"0,13 : 36.06"
"0,14 : 48.92"
"0,15 : 65.12"
"0,16 : 85.0"
"0,17 : 48.08"
"0,18 : 86.93"
"0,19 : 88.57"
"0,20 : 37.34"
"0,21 : 21.21"
"0,22 : 74.43"
"0,23 : 29.12"
"0,24 : 45.28"
"0,25 : 28.79"
"0,26 : 44.78"
"0,27 : 56.4"
"0,28 : 53.91"
"0,29 : 43.57"
"0,30 : 59.03"
"0,31 : 37.44"
"0,32 : 44.15"
"0,33 : 27.86"
"0,34 : 49.37"
"0,35 : 51.87"
"0,36 : 52.95"
"0,37 : 46.1"
"0,38 : 50.09"
"0,39 : 28.07"
"0,40 : 62.97"
"0,41 : 25.63"
"0,42 : 54.12"
"0,43 : 90.67"
"0,44 : 85.23"
"0,45 : 75.96"
"0,46 : 16.4"
"0,47 : 72.45"
"0,48 : 13.04"
"0,49 : 64.85"
"0,50 : 76.84"
"0,51 : 46.04"
"0,52 : 84.15"
"0,53 : 48.84"
"0,54 : 55.58"
"0,55 : 62.17"
"0,56 : 49.25"
"0,57 : 18.38"
"0,58 : 6.4"
"0,59 : 77.37"
"0,60 : 70.83"
"0,61 : 19.31"
"0,62 : 79.31"
"0,63 : 22.02"
"0,64 : 25.32"
"0,65 : 80.06"
"0,66 : 38.01"
"0,67 : 5.66"
"0,68 : 86.09"
"0,69 : 87.21"
"0,70 : 80.8"
"0,71 : 93.47"
"0,72 : 55.71"
"0,73 : 91.3"
"0,74 : 52.5"
"0,75 : 32.02"
"0,76 : 44.94"
"0,77 : 29.73"
"0,78 : 10.63"
"0,79 : 41.11"
"0,80 : 64.2"
"0,81 : 24.35"
"0,82 : 59.54"
"0,83 : 18.79"
"0,84 : 17.46"
"0,85 : 48.27"
"0,86 : 89.31"
"0,87 : 15.3"
"0,88 : 50.22"
"0,89 : 45.28"
"0,90 : 76.12"
"0,91 : 60.07"
"0,92 : 14.21"
"0,93 : 55.87"
"0,94 : 43.93"
"0,95 : 25.5"
"0,96 : 72.01"
"0,97 : 69.97"
"0,98 : 23.02"
"0,99 : 30.68"
"1,0 : 73.41"
"1,1 : 0.0"
"1,2 : 97.67"
"1,3 : 96.93"
"1,4 : 85.62"
"1,5 : 44.72"
"1,6 : 44.1"
"1,7 : 44.72"
"1,8 : 79.06"
"1,9 : 75.01"
"1,10 : 58.82"
"1,11 : 41.88"
"1,12 : 69.64"
"1,13 : 37.54"
"1,14 : 24.7"
"1,15 : 89.56"
"1,16 : 83.2"
"1,17 : 26.4"
"1,18 : 24.6"
"1,19 : 62.65"
"1,20 : 103.41"
"1,21 : 85.91"
"1,22 : 9.22"
"1,23 : 68.15"
"1,24 : 29.55"
"1,25 : 51.26"
"1,26 : 91.39"
"1,27 : 17.03"
"1,28 : 81.79"
"1,29 : 109.4"
"1,30 : 34.0"
"1,31 : 36.12"
"1,32 : 38.08"
"1,33 : 63.63"
"1,34 : 40.02"
"1,35 : 29.41"
"1,36 : 48.51"
"1,37 : 30.53"
"1,38 : 61.2"
"1,39 : 94.49"
"1,40 : 25.3"
"1,41 : 70.21"
"1,42 : 33.14"
"1,43 : 46.69"
"1,44 : 90.26"
"1,45 : 67.68"
"1,46 : 57.69"
"1,47 : 22.36"
"1,48 : 65.37"
"1,49 : 67.07"
"1,50 : 5.1"
"1,51 : 48.51"
"1,52 : 56.36"
"1,53 : 25.06"
"1,54 : 66.75"
"1,55 : 33.14"
"1,56 : 63.13"
"1,57 : 80.28"
"1,58 : 72.18"
"1,59 : 31.06"
"1,60 : 9.49"
"1,61 : 81.06"
"1,62 : 43.42"
"1,63 : 63.32"
"1,64 : 88.41"
"1,65 : 24.04"
"1,66 : 89.01"
"1,67 : 72.92"
"1,68 : 49.65"
"1,69 : 58.67"
"1,70 : 7.62"
"1,71 : 26.31"
"1,72 : 38.64"
"1,73 : 22.02"
"1,74 : 21.1"
"1,75 : 60.42"
"1,76 : 33.12"
"1,77 : 77.03"
"1,78 : 63.01"
"1,79 : 34.01"
"1,80 : 50.36"
"1,81 : 54.63"
"1,82 : 29.83"
"1,83 : 67.01"
"1,84 : 68.03"
"1,85 : 78.85"
"1,86 : 16.76"
"1,87 : 81.39"
"1,88 : 56.72"
"1,89 : 80.01"
"1,90 : 36.24"
"1,91 : 48.04"
"1,92 : 59.2"
"1,93 : 87.1"
"1,94 : 29.68"
"1,95 : 56.65"
"1,96 : 76.32"
"1,97 : 9.22"
"1,98 : 88.73"
"1,99 : 45.45"
"2,0 : 28.16"
"2,1 : 97.67"
"2,2 : 0.0"
"2,3 : 34.99"
"2,4 : 46.32"
"2,5 : 64.4"
"2,6 : 68.94"
"2,7 : 67.68"
"2,8 : 27.02"
"2,9 : 67.07"
"2,10 : 42.05"
"2,11 : 56.73"
"2,12 : 47.27"
"2,13 : 60.44"
"2,14 : 74.2"
"2,15 : 58.52"
"2,16 : 85.48"
"2,17 : 74.06"
"2,18 : 107.07"
"2,19 : 97.49"
"2,20 : 10.44"
"2,21 : 12.53"
"2,22 : 97.0"
"2,23 : 55.0"
"2,24 : 71.56"
"2,25 : 56.92"
"2,26 : 32.31"
"2,27 : 80.81"
"2,28 : 49.65"
"2,29 : 16.03"
"2,30 : 76.16"
"2,31 : 61.85"
"2,32 : 63.01"
"2,33 : 38.01"
"2,34 : 65.86"
"2,35 : 72.01"
"2,36 : 81.02"
"2,37 : 67.94"
"2,38 : 77.16"
"2,39 : 6.08"
"2,40 : 90.35"
"2,41 : 51.01"
"2,42 : 81.94"
"2,43 : 105.11"
"2,44 : 82.76"
"2,45 : 81.22"
"2,46 : 43.86"
"2,47 : 92.09"
"2,48 : 41.0"
"2,49 : 69.18"
"2,50 : 100.41"
"2,51 : 59.51"
"2,52 : 94.59"
"2,53 : 74.4"
"2,54 : 82.0"
"2,55 : 79.26"
"2,56 : 76.06"
"2,57 : 18.03"
"2,58 : 26.42"
"2,59 : 94.89"
"2,60 : 93.43"
"2,61 : 17.49"
"2,62 : 93.41"
"2,63 : 49.5"
"2,64 : 12.17"
"2,65 : 99.57"
"2,66 : 25.96"
"2,67 : 25.94"
"2,68 : 98.98"
"2,69 : 97.29"
"2,70 : 104.66"
"2,71 : 114.4"
"2,72 : 83.82"
"2,73 : 113.07"
"2,74 : 77.62"
"2,75 : 59.41"
"2,76 : 65.95"
"2,77 : 28.44"
"2,78 : 38.08"
"2,79 : 67.74"
"2,80 : 75.29"
"2,81 : 52.5"
"2,82 : 87.24"
"2,83 : 31.4"
"2,84 : 44.18"
"2,85 : 45.18"
"2,86 : 112.49"
"2,87 : 16.28"
"2,88 : 59.2"
"2,89 : 41.19"
"2,90 : 92.14"
"2,91 : 72.11"
"2,92 : 40.71"
"2,93 : 48.76"
"2,94 : 69.4"
"2,95 : 53.6"
"2,96 : 73.11"
"2,97 : 92.7"
"2,98 : 9.85"
"2,99 : 52.33"
"3,0 : 50.09"
"3,1 : 96.93"
"3,2 : 34.99"
"3,3 : 0.0"
"3,4 : 16.55"
"3,5 : 53.85"
"3,6 : 56.61"
"3,7 : 82.39"
"3,8 : 53.54"
"3,9 : 39.92"
"3,10 : 57.27"
"3,11 : 56.52"
"3,12 : 28.6"
"3,13 : 65.49"
"3,14 : 78.45"
"3,15 : 26.02"
"3,16 : 55.73"
"3,17 : 79.91"
"3,18 : 98.01"
"3,19 : 74.71"
"3,20 : 28.16"
"3,21 : 30.61"
"3,22 : 93.02"
"3,23 : 78.92"
"3,24 : 78.52"
"3,25 : 72.99"
"3,26 : 6.0"
"3,27 : 82.28"
"3,28 : 21.47"
"3,29 : 29.07"
"3,30 : 66.57"
"3,31 : 66.61"
"3,32 : 58.87"
"3,33 : 35.23"
"3,34 : 57.71"
"3,35 : 67.62"
"3,36 : 97.74"
"3,37 : 67.05"
"3,38 : 98.23"
"3,39 : 29.41"
"3,40 : 98.73"
"3,41 : 75.64"
"3,42 : 93.05"
"3,43 : 88.09"
"3,44 : 51.01"
"3,45 : 56.36"
"3,46 : 59.23"
"3,47 : 83.76"
"3,48 : 61.68"
"3,49 : 45.28"
"3,50 : 97.99"
"3,51 : 49.24"
"3,52 : 73.78"
"3,53 : 79.25"
"3,54 : 104.4"
"3,55 : 69.07"
"3,56 : 97.8"
"3,57 : 31.76"
"3,58 : 44.38"
"3,59 : 83.1"
"3,60 : 89.9"
"3,61 : 30.89"
"3,62 : 77.16"
"3,63 : 70.84"
"3,64 : 26.91"
"3,65 : 90.21"
"3,66 : 12.08"
"3,67 : 44.78"
"3,68 : 80.6"
"3,69 : 75.8"
"3,70 : 102.46"
"3,71 : 106.02"
"3,72 : 97.02"
"3,73 : 106.23"
"3,74 : 81.02"
"3,75 : 80.36"
"3,76 : 64.2"
"3,77 : 23.09"
"3,78 : 55.08"
"3,79 : 76.16"
"3,80 : 58.0"
"3,81 : 69.43"
"3,82 : 97.25"
"3,83 : 37.34"
"3,84 : 67.23"
"3,85 : 20.52"
"3,86 : 108.3"
"3,87 : 35.51"
"3,88 : 43.42"
"3,89 : 17.8"
"3,90 : 78.57"
"3,91 : 56.64"
"3,92 : 55.11"
"3,93 : 17.72"
"3,94 : 74.81"
"3,95 : 72.03"
"3,96 : 45.22"
"3,97 : 89.47"
"3,98 : 30.41"
"3,99 : 55.44"
"4,0 : 53.04"
"4,1 : 85.62"
"4,2 : 46.32"
"4,3 : 16.55"
"4,4 : 0.0"
"4,5 : 41.11"
"4,6 : 42.95"
"4,7 : 78.45"
"4,8 : 58.14"
"4,9 : 23.41"
"4,10 : 55.95"
"4,11 : 48.04"
"4,12 : 16.12"
"4,13 : 58.42"
"4,14 : 70.0"
"4,15 : 12.53"
"4,16 : 40.05"
"4,17 : 72.06"
"4,18 : 83.86"
"4,19 : 58.18"
"4,20 : 42.01"
"4,21 : 38.01"
"4,22 : 80.65"
"4,23 : 79.88"
"4,24 : 71.25"
"4,25 : 70.38"
"4,26 : 15.03"
"4,27 : 72.44"
"4,28 : 5.0"
"4,29 : 44.28"
"4,30 : 53.31"
"4,31 : 59.3"
"4,32 : 48.37"
"4,33 : 30.08"
"4,34 : 45.61"
"4,35 : 56.29"
"4,36 : 93.96"
"4,37 : 57.22"
"4,38 : 96.66"
"4,39 : 40.26"
"4,40 : 91.05"
"4,41 : 77.2"
"4,42 : 86.83"
"4,43 : 72.18"
"4,44 : 36.5"
"4,45 : 39.81"
"4,46 : 57.71"
"4,47 : 70.21"
"4,48 : 62.43"
"4,49 : 28.84"
"4,50 : 86.02"
"4,51 : 37.11"
"4,52 : 57.43"
"4,53 : 71.01"
"4,54 : 103.32"
"4,55 : 55.46"
"4,56 : 96.61"
"4,57 : 36.62"
"4,58 : 46.69"
"4,59 : 68.51"
"4,60 : 77.79"
"4,61 : 36.06"
"4,62 : 61.55"
"4,63 : 71.02"
"4,64 : 35.47"
"4,65 : 76.16"
"4,66 : 20.4"
"4,67 : 47.38"
"4,68 : 64.54"
"4,69 : 59.36"
"4,70 : 90.44"
"4,71 : 91.92"
"4,72 : 91.59"
"4,73 : 92.59"
"4,74 : 72.06"
"4,75 : 79.65"
"4,76 : 54.23"
"4,77 : 23.35"
"4,78 : 54.92"
"4,79 : 69.72"
"4,80 : 42.64"
"4,81 : 67.54"
"4,82 : 90.35"
"4,83 : 36.06"
"4,84 : 68.6"
"4,85 : 7.0"
"4,86 : 95.46"
"4,87 : 41.05"
"4,88 : 29.55"
"4,89 : 8.06"
"4,90 : 63.6"
"4,91 : 41.88"
"4,92 : 53.71"
"4,93 : 2.83"
"4,94 : 67.12"
"4,95 : 70.66"
"4,96 : 28.86"
"4,97 : 77.49"
"4,98 : 39.0"
"4,99 : 48.66"
"5,0 : 50.01"
"5,1 : 44.72"
"5,2 : 64.4"
"5,3 : 53.85"
"5,4 : 41.11"
"5,5 : 0.0"
"5,6 : 5.0"
"5,7 : 50.91"
"5,8 : 57.01"
"5,9 : 32.28"
"5,10 : 41.23"
"5,11 : 17.49"
"5,12 : 25.5"
"5,13 : 27.59"
"5,14 : 33.62"
"5,15 : 45.04"
"5,16 : 45.8"
"5,17 : 36.67"
"5,18 : 44.6"
"5,19 : 39.56"
"5,20 : 66.85"
"5,21 : 51.89"
"5,22 : 39.56"
"5,23 : 63.98"
"5,24 : 37.22"
"5,25 : 47.71"
"5,26 : 48.83"
"5,27 : 33.38"
"5,28 : 37.11"
"5,29 : 72.01"
"5,30 : 12.81"
"5,31 : 27.59"
"5,32 : 11.4"
"5,33 : 26.4"
"5,34 : 5.1"
"5,35 : 16.03"
"5,36 : 64.82"
"5,37 : 19.7"
"5,38 : 72.18"
"5,39 : 59.54"
"5,40 : 54.41"
"5,41 : 63.32"
"5,42 : 53.24"
"5,43 : 41.23"
"5,44 : 50.54"
"5,45 : 31.83"
"5,46 : 41.76"
"5,47 : 30.0"
"5,48 : 50.45"
"5,49 : 25.5"
"5,50 : 44.92"
"5,51 : 5.0"
"5,52 : 34.53"
"5,53 : 34.93"
"5,54 : 79.25"
"5,55 : 15.56"
"5,56 : 73.0"
"5,57 : 46.62"
"5,58 : 45.28"
"5,59 : 30.81"
"5,60 : 36.69"
"5,61 : 47.01"
"5,62 : 29.61"
"5,63 : 55.15"
"5,64 : 52.84"
"5,65 : 36.8"
"5,66 : 48.1"
"5,67 : 46.27"
"5,68 : 36.12"
"5,69 : 37.66"
"5,70 : 49.34"
"5,71 : 52.5"
"5,72 : 59.17"
"5,73 : 52.43"
"5,74 : 34.48"
"5,75 : 59.68"
"5,76 : 17.0"
"5,77 : 37.8"
"5,78 : 43.57"
"5,79 : 37.8"
"5,80 : 15.23"
"5,81 : 47.41"
"5,82 : 55.15"
"5,83 : 34.21"
"5,84 : 56.32"
"5,85 : 34.54"
"5,86 : 54.56"
"5,87 : 49.65"
"5,88 : 12.04"
"5,89 : 36.24"
"5,90 : 27.73"
"5,91 : 10.77"
"5,92 : 39.81"
"5,93 : 42.45"
"5,94 : 32.76"
"5,95 : 51.0"
"5,96 : 35.34"
"5,97 : 36.4"
"5,98 : 54.56"
"5,99 : 22.85"
"6,0 : 55.01"
"6,1 : 44.1"
"6,2 : 68.94"
"6,3 : 56.61"
"6,4 : 42.95"
"6,5 : 5.0"
"6,6 : 0.0"
"6,7 : 54.56"
"6,8 : 62.01"
"6,9 : 31.26"
"6,10 : 46.1"
"6,11 : 21.93"
"6,12 : 28.02"
"6,13 : 31.4"
"6,14 : 35.85"
"6,15 : 45.54"
"6,16 : 43.05"
"6,17 : 39.12"
"6,18 : 41.4"
"6,19 : 34.79"
"6,20 : 71.02"
"6,21 : 56.46"
"6,22 : 38.08"
"6,23 : 68.54"
"6,24 : 40.0"
"6,25 : 51.97"
"6,26 : 51.86"
"6,27 : 34.48"
"6,28 : 38.63"
"6,29 : 76.03"
"6,30 : 10.44"
"6,31 : 31.24"
"6,32 : 15.0"
"6,33 : 31.02"
"6,34 : 7.81"
"6,35 : 17.09"
"6,36 : 68.01"
"6,37 : 22.2"
"6,38 : 75.93"
"6,39 : 63.95"
"6,40 : 56.08"
"6,41 : 68.01"
"6,42 : 55.76"
"6,43 : 36.4"
"6,44 : 48.47"
"6,45 : 28.43"
"6,46 : 46.57"
"6,47 : 27.29"
"6,48 : 55.32"
"6,49 : 23.77"
"6,50 : 43.74"
"6,51 : 9.49"
"6,52 : 29.61"
"6,53 : 37.22"
"6,54 : 82.98"
"6,55 : 12.53"
"6,56 : 76.84"
"6,57 : 51.26"
"6,58 : 50.25"
"6,59 : 26.91"
"6,60 : 35.51"
"6,61 : 51.62"
"6,62 : 24.74"
"6,63 : 59.81"
"6,64 : 57.25"
"6,65 : 33.6"
"6,66 : 51.66"
"6,67 : 51.24"
"6,68 : 31.14"
"6,69 : 32.76"
"6,70 : 48.05"
"6,71 : 49.41"
"6,72 : 61.85"
"6,73 : 49.74"
"6,74 : 36.25"
"6,75 : 64.01"
"6,76 : 19.85"
"6,77 : 41.88"
"6,78 : 48.51"
"6,79 : 41.04"
"6,80 : 10.82"
"6,81 : 51.89"
"6,82 : 57.25"
"6,83 : 39.05"
"6,84 : 61.13"
"6,85 : 36.72"
"6,86 : 52.55"
"6,87 : 54.41"
"6,88 : 13.42"
"6,89 : 38.83"
"6,90 : 23.32"
"6,91 : 6.4"
"6,92 : 44.72"
"6,93 : 44.01"
"6,94 : 35.61"
"6,95 : 55.46"
"6,96 : 33.53"
"6,97 : 35.36"
"6,98 : 59.09"
"6,99 : 27.51"
"7,0 : 39.56"
"7,1 : 44.72"
"7,2 : 67.68"
"7,3 : 82.39"
"7,4 : 78.45"
"7,5 : 50.91"
"7,6 : 54.56"
"7,7 : 0.0"
"7,8 : 42.54"
"7,9 : 80.71"
"7,10 : 26.31"
"7,11 : 34.21"
"7,12 : 64.08"
"7,13 : 23.35"
"7,14 : 23.54"
"7,15 : 87.85"
"7,16 : 96.43"
"7,17 : 20.22"
"7,18 : 66.07"
"7,19 : 87.66"
"7,20 : 76.4"
"7,21 : 59.03"
"7,22 : 50.01"
"7,23 : 23.77"
"7,24 : 17.46"
"7,25 : 10.77"
"7,26 : 76.42"
"7,27 : 31.14"
"7,28 : 76.9"
"7,29 : 82.71"
"7,30 : 51.11"
"7,31 : 23.35"
"7,32 : 39.62"
"7,33 : 48.51"
"7,34 : 46.75"
"7,35 : 40.31"
"7,36 : 15.52"
"7,37 : 33.29"
"7,38 : 21.4"
"7,39 : 66.94"
"7,40 : 25.61"
"7,41 : 26.42"
"7,42 : 15.56"
"7,43 : 80.32"
"7,44 : 100.21"
"7,45 : 82.73"
"7,46 : 24.33"
"7,47 : 55.32"
"7,48 : 27.29"
"7,49 : 75.43"
"7,50 : 49.5"
"7,51 : 50.45"
"7,52 : 81.63"
"7,53 : 22.36"
"7,54 : 28.43"
"7,55 : 53.24"
"7,56 : 22.47"
"7,57 : 54.45"
"7,58 : 41.98"
"7,59 : 63.6"
"7,60 : 47.01"
"7,61 : 55.44"
"7,62 : 71.59"
"7,63 : 21.21"
"7,64 : 62.8"
"7,65 : 61.66"
"7,66 : 71.06"
"7,67 : 42.2"
"7,68 : 79.2"
"7,69 : 84.72"
"7,70 : 52.17"
"7,71 : 70.11"
"7,72 : 16.16"
"7,73 : 66.37"
"7,74 : 26.17"
"7,75 : 15.81"
"7,76 : 35.0"
"7,77 : 59.3"
"7,78 : 29.83"
"7,79 : 14.32"
"7,80 : 65.3"
"7,81 : 15.23"
"7,82 : 21.21"
"7,83 : 45.1"
"7,84 : 26.91"
"7,85 : 71.78"
"7,86 : 61.39"
"7,87 : 53.15"
"7,88 : 59.41"
"7,89 : 70.6"
"7,90 : 65.55"
"7,91 : 60.96"
"7,92 : 28.16"
"7,93 : 80.96"
"7,94 : 20.62"
"7,95 : 15.0"
"7,96 : 85.0"
"7,97 : 46.01"
"7,98 : 61.39"
"7,99 : 30.89"
"8,0 : 7.0"
"8,1 : 79.06"
"8,2 : 27.02"
"8,3 : 53.54"
"8,4 : 58.14"
"8,5 : 57.01"
"8,6 : 62.01"
"8,7 : 42.54"
"8,8 : 0.0"
"8,9 : 72.5"
"8,10 : 20.25"
"8,11 : 43.17"
"8,12 : 50.99"
"8,13 : 42.06"
"8,14 : 54.41"
"8,15 : 70.43"
"8,16 : 91.39"
"8,17 : 53.26"
"8,18 : 93.41"
"8,19 : 95.52"
"8,20 : 37.05"
"8,21 : 23.26"
"8,22 : 80.53"
"8,23 : 28.02"
"8,24 : 50.33"
"8,25 : 31.91"
"8,26 : 48.6"
"8,27 : 62.13"
"8,28 : 59.41"
"8,29 : 43.0"
"8,30 : 65.92"
"8,31 : 43.42"
"8,32 : 50.99"
"8,33 : 34.48"
"8,34 : 56.32"
"8,35 : 58.52"
"8,36 : 54.71"
"8,37 : 52.55"
"8,38 : 50.16"
"8,39 : 28.44"
"8,40 : 67.01"
"8,41 : 24.08"
"8,42 : 57.69"
"8,43 : 97.62"
"8,44 : 91.3"
"8,45 : 82.71"
"8,46 : 21.4"
"8,47 : 79.06"
"8,48 : 15.26"
"8,49 : 71.47"
"8,50 : 82.68"
"8,51 : 53.04"
"8,52 : 91.14"
"8,53 : 54.2"
"8,54 : 55.01"
"8,55 : 69.05"
"8,56 : 49.04"
"8,57 : 22.02"
"8,58 : 12.65"
"8,59 : 84.17"
"8,60 : 76.94"
"8,61 : 22.8"
"8,62 : 86.28"
"8,63 : 22.8"
"8,64 : 27.31"
"8,65 : 86.65"
"8,66 : 41.62"
"8,67 : 11.7"
"8,68 : 93.09"
"8,69 : 94.19"
"8,70 : 86.53"
"8,71 : 99.81"
"8,72 : 58.59"
"8,73 : 97.49"
"8,74 : 58.01"
"8,75 : 32.56"
"8,76 : 51.55"
"8,77 : 34.83"
"8,78 : 16.12"
"8,79 : 46.01"
"8,80 : 71.18"
"8,81 : 27.46"
"8,82 : 63.25"
"8,83 : 25.3"
"8,84 : 17.26"
"8,85 : 53.82"
"8,86 : 95.19"
"8,87 : 18.03"
"8,88 : 57.07"
"8,89 : 50.61"
"8,90 : 83.02"
"8,91 : 67.07"
"8,92 : 20.12"
"8,93 : 60.96"
"8,94 : 49.41"
"8,95 : 27.73"
"8,96 : 78.39"
"8,97 : 76.06"
"8,98 : 24.35"
"8,99 : 37.36"
"9,0 : 66.19"
"9,1 : 75.01"
"9,2 : 67.07"
"9,3 : 39.92"
"9,4 : 23.41"
"9,5 : 32.28"
"9,6 : 31.26"
"9,7 : 80.71"
"9,8 : 72.5"
"9,9 : 0.0"
"9,10 : 63.89"
"9,11 : 46.65"
"9,12 : 21.54"
"9,13 : 57.8"
"9,14 : 65.79"
"9,15 : 17.8"
"9,16 : 18.97"
"9,17 : 68.71"
"9,18 : 67.36"
"9,19 : 35.23"
"9,20 : 64.38"
"9,21 : 56.72"
"9,22 : 68.18"
"9,23 : 88.62"
"9,24 : 68.94"
"9,25 : 75.17"
"9,26 : 38.08"
"9,27 : 65.51"
"9,28 : 18.68"
"9,29 : 67.27"
"9,30 : 41.01"
"9,31 : 58.18"
"9,32 : 43.08"
"9,33 : 38.59"
"9,34 : 37.36"
"9,35 : 48.05"
"9,36 : 95.52"
"9,37 : 51.87"
"9,38 : 101.21"
"9,39 : 61.03"
"9,40 : 86.68"
"9,41 : 86.83"
"9,42 : 85.09"
"9,43 : 51.4"
"9,44 : 19.8"
"9,45 : 16.64"
"9,46 : 65.19"
"9,47 : 55.73"
"9,48 : 72.2"
"9,49 : 8.25"
"9,50 : 74.11"
"9,51 : 30.87"
"9,52 : 35.36"
"9,53 : 67.07"
"9,54 : 108.23"
"9,55 : 42.05"
"9,56 : 101.67"
"9,57 : 53.6"
"9,58 : 59.93"
"9,59 : 51.55"
"9,60 : 66.03"
"9,61 : 53.37"
"9,62 : 42.06"
"9,63 : 79.4"
"9,64 : 55.23"
"9,65 : 60.17"
"9,66 : 42.19"
"9,67 : 60.84"
"9,68 : 43.42"
"9,69 : 36.88"
"9,70 : 78.23"
"9,71 : 75.27"
"9,72 : 90.8"
"9,73 : 76.92"
"9,74 : 66.76"
"9,75 : 86.28"
"9,76 : 49.04"
"9,77 : 39.81"
"9,78 : 64.4"
"9,79 : 68.88"
"9,80 : 25.5"
"9,81 : 73.55"
"9,82 : 87.32"
"9,83 : 47.41"
"9,84 : 78.6"
"9,85 : 22.02"
"9,86 : 81.39"
"9,87 : 57.97"
"9,88 : 21.47"
"9,89 : 26.02"
"9,90 : 45.88"
"9,91 : 27.02"
"9,92 : 61.85"
"9,93 : 22.36"
"9,94 : 64.47"
"9,95 : 77.08"
"9,96 : 6.08"
"9,97 : 66.01"
"9,98 : 58.42"
"9,99 : 50.0"
"10,0 : 14.87"
"10,1 : 58.82"
"10,2 : 42.05"
"10,3 : 57.27"
"10,4 : 55.95"
"10,5 : 41.23"
"10,6 : 46.1"
"10,7 : 26.31"
"10,8 : 20.25"
"10,9 : 63.89"
"10,10 : 0.0"
"10,11 : 25.02"
"10,12 : 43.93"
"10,13 : 21.93"
"10,14 : 34.21"
"10,15 : 66.85"
"10,16 : 81.84"
"10,17 : 33.24"
"10,18 : 73.68"
"10,19 : 80.78"
"10,20 : 50.29"
"10,21 : 32.76"
"10,22 : 60.37"
"10,23 : 24.76"
"10,24 : 30.41"
"10,25 : 16.0"
"10,26 : 51.42"
"10,27 : 41.88"
"10,28 : 55.47"
"10,29 : 56.61"
"10,30 : 48.0"
"10,31 : 23.26"
"10,32 : 33.02"
"10,33 : 26.4"
"10,34 : 39.32"
"10,35 : 39.46"
"10,36 : 41.0"
"10,37 : 32.98"
"10,38 : 41.11"
"10,39 : 40.8"
"10,40 : 48.37"
"10,41 : 23.02"
"10,42 : 39.92"
"10,43 : 80.0"
"10,44 : 83.63"
"10,45 : 70.66"
"10,46 : 2.0"
"10,47 : 59.67"
"10,48 : 9.22"
"10,49 : 60.75"
"10,50 : 62.43"
"10,51 : 38.28"
"10,52 : 75.71"
"10,53 : 34.06"
"10,54 : 47.54"
"10,55 : 51.01"
"10,56 : 40.85"
"10,57 : 28.16"
"10,58 : 15.81"
"10,59 : 65.49"
"10,60 : 56.8"
"10,61 : 29.15"
"10,62 : 69.12"
"10,63 : 15.56"
"10,64 : 36.5"
"10,65 : 67.19"
"10,66 : 45.54"
"10,67 : 16.16"
"10,68 : 76.32"
"10,69 : 78.85"
"10,70 : 66.29"
"10,71 : 79.85"
"10,72 : 42.2"
"10,73 : 77.39"
"10,74 : 37.8"
"10,75 : 23.71"
"10,76 : 32.39"
"10,77 : 34.48"
"10,78 : 4.24"
"10,79 : 26.25"
"10,80 : 56.32"
"10,81 : 12.17"
"10,82 : 45.19"
"10,83 : 20.25"
"10,84 : 15.23"
"10,85 : 49.93"
"10,86 : 74.95"
"10,87 : 26.93"
"10,88 : 44.78"
"10,89 : 47.89"
"10,90 : 65.03"
"10,91 : 51.92"
"10,92 : 2.24"
"10,93 : 58.67"
"10,94 : 29.21"
"10,95 : 14.87"
"10,96 : 69.2"
"10,97 : 55.9"
"10,98 : 35.17"
"10,99 : 19.03"
"11,0 : 36.4"
"11,1 : 41.88"
"11,2 : 56.73"
"11,3 : 56.52"
"11,4 : 48.04"
"11,5 : 17.49"
"11,6 : 21.93"
"11,7 : 34.21"
"11,8 : 43.17"
"11,9 : 46.65"
"11,10 : 25.02"
"11,11 : 0.0"
"11,12 : 32.25"
"11,13 : 11.18"
"11,14 : 22.09"
"11,15 : 55.54"
"11,16 : 62.29"
"11,17 : 24.02"
"11,18 : 51.0"
"11,19 : 56.65"
"11,20 : 61.72"
"11,21 : 44.55"
"11,22 : 40.31"
"11,23 : 46.62"
"11,24 : 23.35"
"11,25 : 30.23"
"11,26 : 50.7"
"11,27 : 26.0"
"11,28 : 45.4"
"11,29 : 67.62"
"11,30 : 23.02"
"11,31 : 11.7"
"11,32 : 8.0"
"11,33 : 21.93"
"11,34 : 14.56"
"11,35 : 15.65"
"11,36 : 48.88"
"11,37 : 11.4"
"11,38 : 55.17"
"11,39 : 53.04"
"11,40 : 43.01"
"11,41 : 46.17"
"11,42 : 39.29"
"11,43 : 55.01"
"11,44 : 66.03"
"11,45 : 49.04"
"11,46 : 25.18"
"11,47 : 36.25"
"11,48 : 34.13"
"11,49 : 41.23"
"11,50 : 44.05"
"11,51 : 16.28"
"11,52 : 51.24"
"11,53 : 23.02"
"11,54 : 62.24"
"11,55 : 26.08"
"11,56 : 55.87"
"11,57 : 38.9"
"11,58 : 33.11"
"11,59 : 41.0"
"11,60 : 36.77"
"11,61 : 39.6"
"11,62 : 44.1"
"11,63 : 37.95"
"11,64 : 46.75"
"11,65 : 43.86"
"11,66 : 47.54"
"11,67 : 34.01"
"11,68 : 51.35"
"11,69 : 54.41"
"11,70 : 48.41"
"11,71 : 57.98"
"11,72 : 44.6"
"11,73 : 56.4"
"11,74 : 24.52"
"11,75 : 42.19"
"11,76 : 9.22"
"11,77 : 35.34"
"11,78 : 28.07"
"11,79 : 22.47"
"11,80 : 32.65"
"11,81 : 29.97"
"11,82 : 42.43"
"11,83 : 25.46"
"11,84 : 39.62"
"11,85 : 41.05"
"11,86 : 55.87"
"11,87 : 40.61"
"11,88 : 25.24"
"11,89 : 41.05"
"11,90 : 40.11"
"11,91 : 28.18"
"11,92 : 24.02"
"11,93 : 50.16"
"11,94 : 19.1"
"11,95 : 33.54"
"11,96 : 50.8"
"11,97 : 36.07"
"11,98 : 47.38"
"11,99 : 6.0"
"12,0 : 44.78"
"12,1 : 69.64"
"12,2 : 47.27"
"12,3 : 28.6"
"12,4 : 16.12"
"12,5 : 25.5"
"12,6 : 28.02"
"12,7 : 64.08"
"12,8 : 50.99"
"12,9 : 21.54"
"12,10 : 43.93"
"12,11 : 32.25"
"12,12 : 0.0"
"12,13 : 42.95"
"12,14 : 54.04"
"12,15 : 23.77"
"12,16 : 40.5"
"12,17 : 56.22"
"12,18 : 69.4"
"12,19 : 50.45"
"12,20 : 46.49"
"12,21 : 36.01"
"12,22 : 65.0"
"12,23 : 68.62"
"12,24 : 55.58"
"12,25 : 56.94"
"12,26 : 24.04"
"12,27 : 56.32"
"12,28 : 13.15"
"12,29 : 50.57"
"12,30 : 38.08"
"12,31 : 43.74"
"12,32 : 32.25"
"12,33 : 17.69"
"12,34 : 29.73"
"12,35 : 40.26"
"12,36 : 79.48"
"12,37 : 41.11"
"12,38 : 83.35"
"12,39 : 41.44"
"12,40 : 75.17"
"12,41 : 66.48"
"12,42 : 71.39"
"12,43 : 60.75"
"12,44 : 40.5"
"12,45 : 34.01"
"12,46 : 45.45"
"12,47 : 55.23"
"12,48 : 51.66"
"12,49 : 22.0"
"12,50 : 70.23"
"12,51 : 21.19"
"12,52 : 48.1"
"12,53 : 55.08"
"12,54 : 90.21"
"12,55 : 40.5"
"12,56 : 83.53"
"12,57 : 32.39"
"12,58 : 38.47"
"12,59 : 54.56"
"12,60 : 62.03"
"12,61 : 32.25"
"12,62 : 49.41"
"12,63 : 59.46"
"12,64 : 35.13"
"12,65 : 61.61"
"12,66 : 25.06"
"12,67 : 39.36"
"12,68 : 53.71"
"12,69 : 50.6"
"12,70 : 74.67"
"12,71 : 77.42"
"12,72 : 76.4"
"12,73 : 77.7"
"12,74 : 56.01"
"12,75 : 67.2"
"12,76 : 38.12"
"12,77 : 19.0"
"12,78 : 43.86"
"12,79 : 54.34"
"12,80 : 30.23"
"12,81 : 54.64"
"12,82 : 74.67"
"12,83 : 26.08"
"12,84 : 58.05"
"12,85 : 9.22"
"12,86 : 80.06"
"12,87 : 36.67"
"12,88 : 14.87"
"12,89 : 10.82"
"12,90 : 50.21"
"12,91 : 28.32"
"12,92 : 41.77"
"12,93 : 18.0"
"12,94 : 51.35"
"12,95 : 58.01"
"12,96 : 27.51"
"12,97 : 61.68"
"12,98 : 38.01"
"12,99 : 33.53"
"13,0 : 36.06"
"13,1 : 37.54"
"13,2 : 60.44"
"13,3 : 65.49"
"13,4 : 58.42"
"13,5 : 27.59"
"13,6 : 31.4"
"13,7 : 23.35"
"13,8 : 42.06"
"13,9 : 57.8"
"13,10 : 21.93"
"13,11 : 11.18"
"13,12 : 42.95"
"13,13 : 0.0"
"13,14 : 13.89"
"13,15 : 66.48"
"13,16 : 73.11"
"13,17 : 14.56"
"13,18 : 51.92"
"13,19 : 65.3"
"13,20 : 66.89"
"13,21 : 49.09"
"13,22 : 38.47"
"13,23 : 38.83"
"13,24 : 13.04"
"13,25 : 21.19"
"13,26 : 59.54"
"13,27 : 20.52"
"13,28 : 56.09"
"13,29 : 73.06"
"13,30 : 29.41"
"13,31 : 1.41"
"13,32 : 16.4"
"13,33 : 30.27"
"13,34 : 23.6"
"13,35 : 19.24"
"13,36 : 37.74"
"13,37 : 12.04"
"13,38 : 44.6"
"13,39 : 57.69"
"13,40 : 33.24"
"13,41 : 39.2"
"13,42 : 28.44"
"13,43 : 60.67"
"13,44 : 77.1"
"13,45 : 59.41"
"13,46 : 21.19"
"13,47 : 38.33"
"13,48 : 29.83"
"13,49 : 52.2"
"13,50 : 40.8"
"13,51 : 27.2"
"13,52 : 59.51"
"13,53 : 14.32"
"13,54 : 51.66"
"13,55 : 32.02"
"13,56 : 45.45"
"13,57 : 43.57"
"13,58 : 34.66"
"13,59 : 45.01"
"13,60 : 34.89"
"13,61 : 44.42"
"13,62 : 50.7"
"13,63 : 31.06"
"13,64 : 51.97"
"13,65 : 45.71"
"13,66 : 55.54"
"13,67 : 35.38"
"13,68 : 58.24"
"13,69 : 62.65"
"13,70 : 44.82"
"13,71 : 57.94"
"13,72 : 33.53"
"13,73 : 55.46"
"13,74 : 17.2"
"13,75 : 33.24"
"13,76 : 12.65"
"13,77 : 43.17"
"13,78 : 25.94"
"13,79 : 11.4"
"13,80 : 42.2"
"13,81 : 22.2"
"13,82 : 32.02"
"13,83 : 30.87"
"13,84 : 34.13"
"13,85 : 51.48"
"13,86 : 53.25"
"13,87 : 44.2"
"13,88 : 36.36"
"13,89 : 51.09"
"13,90 : 45.54"
"13,91 : 37.8"
"13,92 : 21.95"
"13,93 : 60.67"
"13,94 : 9.49"
"13,95 : 25.5"
"13,96 : 61.85"
"13,97 : 34.0"
"13,98 : 51.87"
"13,99 : 10.05"
"14,0 : 48.92"
"14,1 : 24.7"
"14,2 : 74.2"
"14,3 : 78.45"
"14,4 : 70.0"
"14,5 : 33.62"
"14,6 : 35.85"
"14,7 : 23.54"
"14,8 : 54.41"
"14,9 : 65.79"
"14,10 : 34.21"
"14,11 : 22.09"
"14,12 : 54.04"
"14,13 : 13.89"
"14,14 : 0.0"
"14,15 : 76.79"
"14,16 : 78.89"
"14,17 : 3.61"
"14,18 : 43.05"
"14,19 : 66.07"
"14,20 : 80.78"
"14,21 : 62.97"
"14,22 : 27.66"
"14,23 : 45.18"
"14,24 : 6.08"
"14,25 : 27.46"
"14,26 : 72.57"
"14,27 : 8.25"
"14,28 : 67.12"
"14,29 : 86.95"
"14,30 : 29.7"
"14,31 : 12.53"
"14,32 : 22.8"
"14,33 : 43.42"
"14,34 : 28.64"
"14,35 : 19.21"
"14,36 : 33.6"
"14,37 : 13.93"
"14,38 : 43.86"
"14,39 : 71.56"
"14,40 : 21.21"
"14,41 : 46.69"
"14,42 : 20.0"
"14,43 : 57.01"
"14,44 : 84.1"
"14,45 : 64.07"
"14,46 : 33.02"
"14,47 : 31.78"
"14,48 : 40.71"
"14,49 : 59.09"
"14,50 : 28.64"
"14,51 : 35.17"
"14,52 : 59.82"
"14,53 : 1.41"
"14,54 : 50.54"
"14,55 : 31.24"
"14,56 : 45.31"
"14,57 : 57.45"
"14,58 : 48.17"
"14,59 : 40.16"
"14,60 : 24.33"
"14,61 : 58.31"
"14,62 : 48.88"
"14,63 : 39.29"
"14,64 : 65.86"
"14,65 : 38.21"
"14,66 : 68.96"
"14,67 : 48.84"
"14,68 : 56.44"
"14,69 : 62.8"
"14,70 : 32.25"
"14,71 : 47.85"
"14,72 : 26.25"
"14,73 : 44.64"
"14,74 : 3.61"
"14,75 : 38.0"
"14,76 : 16.76"
"14,77 : 56.61"
"14,78 : 38.42"
"14,79 : 10.05"
"14,80 : 45.8"
"14,81 : 30.36"
"14,82 : 21.54"
"14,83 : 44.72"
"14,84 : 43.66"
"14,85 : 63.0"
"14,86 : 41.15"
"14,87 : 58.01"
"14,88 : 44.64"
"14,89 : 63.13"
"14,90 : 42.49"
"14,91 : 41.88"
"14,92 : 34.71"
"14,93 : 72.03"
"14,94 : 5.0"
"14,95 : 32.76"
"14,96 : 68.94"
"14,97 : 23.35"
"14,98 : 65.73"
"14,99 : 23.41"
"15,0 : 65.12"
"15,1 : 89.56"
"15,2 : 58.52"
"15,3 : 26.02"
"15,4 : 12.53"
"15,5 : 45.04"
"15,6 : 45.54"
"15,7 : 87.85"
"15,8 : 70.43"
"15,9 : 17.8"
"15,10 : 66.85"
"15,11 : 55.54"
"15,12 : 23.77"
"15,13 : 66.48"
"15,14 : 76.79"
"15,15 : 0.0"
"15,16 : 30.08"
"15,17 : 79.25"
"15,18 : 84.31"
"15,19 : 52.5"
"15,20 : 53.46"
"15,21 : 50.54"
"15,22 : 83.55"
"15,23 : 91.21"
"15,24 : 78.85"
"15,25 : 80.53"
"15,26 : 26.48"
"15,27 : 78.06"
"15,28 : 11.4"
"15,29 : 55.01"
"15,30 : 55.9"
"15,31 : 67.19"
"15,32 : 54.23"
"15,33 : 40.5"
"15,34 : 50.01"
"15,35 : 61.01"
"15,36 : 103.25"
"15,37 : 63.29"
"15,38 : 106.94"
"15,39 : 52.5"
"15,40 : 98.01"
"15,41 : 88.73"
"15,42 : 94.83"
"15,43 : 69.2"
"15,44 : 25.0"
"15,45 : 33.97"
"15,46 : 68.51"
"15,47 : 71.84"
"15,48 : 73.88"
"15,49 : 25.55"
"15,50 : 89.27"
"15,51 : 42.05"
"15,52 : 53.08"
"15,53 : 77.93"
"15,54 : 113.74"
"15,55 : 57.49"
"15,56 : 107.04"
"15,57 : 49.09"
"15,58 : 58.73"
"15,59 : 68.54"
"15,60 : 81.05"
"15,61 : 48.55"
"15,62 : 59.68"
"15,63 : 82.2"
"15,64 : 47.93"
"15,65 : 76.9"
"15,66 : 32.57"
"15,67 : 59.46"
"15,68 : 61.22"
"15,69 : 54.45"
"15,70 : 93.56"
"15,71 : 92.31"
"15,72 : 100.0"
"15,73 : 93.64"
"15,74 : 78.41"
"15,75 : 90.43"
"15,76 : 60.3"
"15,77 : 35.61"
"15,78 : 66.22"
"15,79 : 77.88"
"15,80 : 42.15"
"15,81 : 78.03"
"15,82 : 97.86"
"15,83 : 47.51"
"15,84 : 80.16"
"15,85 : 17.03"
"15,86 : 97.53"
"15,87 : 53.54"
"15,88 : 33.02"
"15,89 : 19.85"
"15,90 : 63.07"
"15,91 : 42.72"
"15,92 : 64.64"
"15,93 : 9.85"
"15,94 : 74.53"
"15,95 : 81.3"
"15,96 : 21.4"
"15,97 : 80.89"
"15,98 : 51.48"
"15,99 : 57.25"
"16,0 : 85.0"
"16,1 : 83.2"
"16,2 : 85.48"
"16,3 : 55.73"
"16,4 : 40.05"
"16,5 : 45.8"
"16,6 : 43.05"
"16,7 : 96.43"
"16,8 : 91.39"
"16,9 : 18.97"
"16,10 : 81.84"
"16,11 : 62.29"
"16,12 : 40.5"
"16,13 : 73.11"
"16,14 : 78.89"
"16,15 : 30.08"
"16,16 : 0.0"
"16,17 : 82.15"
"16,18 : 70.06"
"16,19 : 28.23"
"16,20 : 82.01"
"16,21 : 75.5"
"16,22 : 75.13"
"16,23 : 106.4"
"16,24 : 82.93"
"16,25 : 91.97"
"16,26 : 55.08"
"16,27 : 76.97"
"16,28 : 36.01"
"16,29 : 84.29"
"16,30 : 50.7"
"16,31 : 73.25"
"16,32 : 57.2"
"16,33 : 57.25"
"16,34 : 50.48"
"16,35 : 59.94"
"16,36 : 110.6"
"16,37 : 65.19"
"16,38 : 117.46"
"16,39 : 79.4"
"16,40 : 98.84"
"16,41 : 104.86"
"16,42 : 98.79"
"16,43 : 48.76"
"16,44 : 8.94"
"16,45 : 15.52"
"16,46 : 83.01"
"16,47 : 61.66"
"16,48 : 90.43"
"16,49 : 21.26"
"16,50 : 81.22"
"16,51 : 46.01"
"16,52 : 31.78"
"16,53 : 80.26"
"16,54 : 124.52"
"16,55 : 50.6"
"16,56 : 118.11"
"16,57 : 72.53"
"16,58 : 78.79"
"16,59 : 55.04"
"16,60 : 73.76"
"16,61 : 72.28"
"16,62 : 43.05"
"16,63 : 97.2"
"16,64 : 73.82"
"16,65 : 64.03"
"16,66 : 60.03"
"16,67 : 79.71"
"16,68 : 41.0"
"16,69 : 31.62"
"16,70 : 84.85"
"16,71 : 77.32"
"16,72 : 104.85"
"16,73 : 80.06"
"16,74 : 79.18"
"16,75 : 103.48"
"16,76 : 62.68"
"16,77 : 58.69"
"16,78 : 82.68"
"16,79 : 83.6"
"16,80 : 33.62"
"16,81 : 90.79"
"16,82 : 100.24"
"16,83 : 66.21"
"16,84 : 96.8"
"16,85 : 40.31"
"16,86 : 86.05"
"16,87 : 76.92"
"16,88 : 37.54"
"16,89 : 44.28"
"16,90 : 49.04"
"16,91 : 37.12"
"16,92 : 79.88"
"16,93 : 38.21"
"16,94 : 78.49"
"16,95 : 94.37"
"16,96 : 13.0"
"16,97 : 73.98"
"16,98 : 77.1"
"16,99 : 66.48"
"17,0 : 48.08"
"17,1 : 26.4"
"17,2 : 74.06"
"17,3 : 79.91"
"17,4 : 72.06"
"17,5 : 36.67"
"17,6 : 39.12"
"17,7 : 20.22"
"17,8 : 53.26"
"17,9 : 68.71"
"17,10 : 33.24"
"17,11 : 24.02"
"17,12 : 56.22"
"17,13 : 14.56"
"17,14 : 3.61"
"17,15 : 79.25"
"17,16 : 82.15"
"17,17 : 0.0"
"17,18 : 46.0"
"17,19 : 69.66"
"17,20 : 81.01"
"17,21 : 63.13"
"17,22 : 30.27"
"17,23 : 42.43"
"17,24 : 3.16"
"17,25 : 25.0"
"17,26 : 73.98"
"17,27 : 11.0"
"17,28 : 69.35"
"17,29 : 87.24"
"17,30 : 33.24"
"17,31 : 13.34"
"17,32 : 25.63"
"17,33 : 44.72"
"17,34 : 31.76"
"17,35 : 22.67"
"17,36 : 30.0"
"17,37 : 17.0"
"17,38 : 40.31"
"17,39 : 71.69"
"17,40 : 19.0"
"17,41 : 44.15"
"17,42 : 16.64"
"17,43 : 60.54"
"17,44 : 87.21"
"17,45 : 67.42"
"17,46 : 31.89"
"17,47 : 35.17"
"17,48 : 39.12"
"17,49 : 62.17"
"17,50 : 30.68"
"17,51 : 37.95"
"17,52 : 63.41"
"17,53 : 2.24"
"17,54 : 46.96"
"17,55 : 34.83"
"17,56 : 41.79"
"17,57 : 57.71"
"17,58 : 47.8"
"17,59 : 43.66"
"17,60 : 27.07"
"17,61 : 58.59"
"17,62 : 52.48"
"17,63 : 37.0"
"17,64 : 66.19"
"17,65 : 41.44"
"17,66 : 70.09"
"17,67 : 48.41"
"17,68 : 60.03"
"17,69 : 66.4"
"17,70 : 34.01"
"17,71 : 50.49"
"17,72 : 22.8"
"17,73 : 47.07"
"17,74 : 6.0"
"17,75 : 35.06"
"17,76 : 19.7"
"17,77 : 57.72"
"17,78 : 37.48"
"17,79 : 7.62"
"17,80 : 49.2"
"17,81 : 28.23"
"17,82 : 18.68"
"17,83 : 45.31"
"17,84 : 41.63"
"17,85 : 65.07"
"17,86 : 43.08"
"17,87 : 57.98"
"17,88 : 47.43"
"17,89 : 65.01"
"17,90 : 46.07"
"17,91 : 45.22"
"17,92 : 33.97"
"17,93 : 74.17"
"17,94 : 5.1"
"17,95 : 30.36"
"17,96 : 72.01"
"17,97 : 26.08"
"17,98 : 65.86"
"17,99 : 24.52"
"18,0 : 86.93"
"18,1 : 24.6"
"18,2 : 107.07"
"18,3 : 98.01"
"18,4 : 83.86"
"18,5 : 44.6"
"18,6 : 41.4"
"18,7 : 66.07"
"18,8 : 93.41"
"18,9 : 67.36"
"18,10 : 73.68"
"18,11 : 51.0"
"18,12 : 69.4"
"18,13 : 51.92"
"18,14 : 43.05"
"18,15 : 84.31"
"18,16 : 70.06"
"18,17 : 46.0"
"18,18 : 0.0"
"18,19 : 44.72"
"18,20 : 110.75"
"18,21 : 94.63"
"18,22 : 16.49"
"18,23 : 88.2"
"18,24 : 49.01"
"18,25 : 70.35"
"18,26 : 93.24"
"18,27 : 35.0"
"18,28 : 79.26"
"18,29 : 116.18"
"18,30 : 31.83"
"18,31 : 50.7"
"18,32 : 44.1"
"18,33 : 69.66"
"18,34 : 41.77"
"18,35 : 35.36"
"18,36 : 72.28"
"18,37 : 40.85"
"18,38 : 84.53"
"18,39 : 102.8"
"18,40 : 49.77"
"18,41 : 89.56"
"18,42 : 56.75"
"18,43 : 25.08"
"18,44 : 78.31"
"18,45 : 55.44"
"18,46 : 73.08"
"18,47 : 15.0"
"18,48 : 81.74"
"18,49 : 59.14"
"18,50 : 19.72"
"18,51 : 49.52"
"18,52 : 39.2"
"18,53 : 44.01"
"18,54 : 90.47"
"18,55 : 29.07"
"18,56 : 86.31"
"18,57 : 89.05"
"18,58 : 84.08"
"18,59 : 15.81"
"18,60 : 19.1"
"18,61 : 89.63"
"18,62 : 27.02"
"18,63 : 81.88"
"18,64 : 96.21"
"18,65 : 7.81"
"18,66 : 92.7"
"18,67 : 84.97"
"18,68 : 30.59"
"18,69 : 40.61"
"18,70 : 20.52"
"18,71 : 8.06"
"18,72 : 62.64"
"18,73 : 10.0"
"18,74 : 40.0"
"18,75 : 81.02"
"18,76 : 42.05"
"18,77 : 82.07"
"18,78 : 77.49"
"18,79 : 53.08"
"18,80 : 42.15"
"18,81 : 72.84"
"18,82 : 54.08"
"18,83 : 75.72"
"18,84 : 85.7"
"18,85 : 77.94"
"18,86 : 17.09"
"18,87 : 91.27"
"18,88 : 54.64"
"18,89 : 80.21"
"18,90 : 21.59"
"18,91 : 42.06"
"18,92 : 73.39"
"18,93 : 84.6"
"18,94 : 47.27"
"18,95 : 75.54"
"18,96 : 66.71"
"18,97 : 20.1"
"18,98 : 97.42"
"18,99 : 56.36"
"19,0 : 88.57"
"19,1 : 62.65"
"19,2 : 97.49"
"19,3 : 74.71"
"19,4 : 58.18"
"19,5 : 39.56"
"19,6 : 34.79"
"19,7 : 87.66"
"19,8 : 95.52"
"19,9 : 35.23"
"19,10 : 80.78"
"19,11 : 56.65"
"19,12 : 50.45"
"19,13 : 65.3"
"19,14 : 66.07"
"19,15 : 52.5"
"19,16 : 28.23"
"19,17 : 69.66"
"19,18 : 44.72"
"19,19 : 0.0"
"19,20 : 96.84"
"19,21 : 85.71"
"19,22 : 53.67"
"19,23 : 103.25"
"19,24 : 71.4"
"19,25 : 86.33"
"19,26 : 72.09"
"19,27 : 61.52"
"19,28 : 53.24"
"19,29 : 100.57"
"19,30 : 36.62"
"19,31 : 64.88"
"19,32 : 49.24"
"19,33 : 62.0"
"19,34 : 42.15"
"19,35 : 47.43"
"19,36 : 99.64"
"19,37 : 54.38"
"19,38 : 109.0"
"19,39 : 91.78"
"19,40 : 82.98"
"19,41 : 102.79"
"19,42 : 85.63"
"19,43 : 21.1"
"19,44 : 37.16"
"19,45 : 18.6"
"19,46 : 81.32"
"19,47 : 40.31"
"19,48 : 89.99"
"19,49 : 29.55"
"19,50 : 59.51"
"19,51 : 42.76"
"19,52 : 6.4"
"19,53 : 67.48"
"19,54 : 115.94"
"19,55 : 34.83"
"19,56 : 110.14"
"19,57 : 81.3"
"19,58 : 83.22"
"19,59 : 31.78"
"19,60 : 53.34"
"19,61 : 81.39"
"19,62 : 19.24"
"19,63 : 94.58"
"19,64 : 85.33"
"19,65 : 40.16"
"19,66 : 74.95"
"19,67 : 84.21"
"19,68 : 14.14"
"19,69 : 4.12"
"19,70 : 62.39"
"19,71 : 51.16"
"19,72 : 92.02"
"19,73 : 54.59"
"19,74 : 65.12"
"19,75 : 98.41"
"19,76 : 52.84"
"19,77 : 69.05"
"19,78 : 82.98"
"19,79 : 73.5"
"19,80 : 24.52"
"19,81 : 86.54"
"19,82 : 85.59"
"19,83 : 71.03"
"19,84 : 95.88"
"19,85 : 55.15"
"19,86 : 61.61"
"19,87 : 85.15"
"19,88 : 39.01"
"19,89 : 58.87"
"19,90 : 26.42"
"19,91 : 28.86"
"19,92 : 79.31"
"19,93 : 57.45"
"19,94 : 67.42"
"19,95 : 90.08"
"19,96 : 31.14"
"19,97 : 53.85"
"19,98 : 87.97"
"19,99 : 62.3"
"20,0 : 37.34"
"20,1 : 103.41"
"20,2 : 10.44"
"20,3 : 28.16"
"20,4 : 42.01"
"20,5 : 66.85"
"20,6 : 71.02"
"20,7 : 76.4"
"20,8 : 37.05"
"20,9 : 64.38"
"20,10 : 50.29"
"20,11 : 61.72"
"20,12 : 46.49"
"20,13 : 66.89"
"20,14 : 80.78"
"20,15 : 53.46"
"20,16 : 82.01"
"20,17 : 81.01"
"20,18 : 110.75"
"20,19 : 96.84"
"20,20 : 0.0"
"20,21 : 17.89"
"20,22 : 101.91"
"20,23 : 65.07"
"20,24 : 78.71"
"20,25 : 65.73"
"20,26 : 27.07"
"20,27 : 86.84"
"20,28 : 46.04"
"20,29 : 6.32"
"20,30 : 79.2"
"20,31 : 68.26"
"20,32 : 67.18"
"20,33 : 41.11"
"20,34 : 69.03"
"20,35 : 76.37"
"20,36 : 90.26"
"20,37 : 73.11"
"20,38 : 87.02"
"20,39 : 9.49"
"20,40 : 98.09"
"20,41 : 61.13"
"20,42 : 90.14"
"20,43 : 106.44"
"20,44 : 78.31"
"20,45 : 79.62"
"20,46 : 52.2"
"20,47 : 95.78"
"20,48 : 50.36"
"20,49 : 67.68"
"20,50 : 105.76"
"20,51 : 61.85"
"20,52 : 94.58"
"20,53 : 81.12"
"20,54 : 92.05"
"20,55 : 82.2"
"20,56 : 86.0"
"20,57 : 23.32"
"20,58 : 34.48"
"20,59 : 97.65"
"20,60 : 98.41"
"20,61 : 22.47"
"20,62 : 94.83"
"20,63 : 59.14"
"20,64 : 15.0"
"20,65 : 103.08"
"20,66 : 22.2"
"20,67 : 34.21"
"20,68 : 99.81"
"20,69 : 97.08"
"20,70 : 110.11"
"20,71 : 118.34"
"20,72 : 92.44"
"20,73 : 117.41"
"20,74 : 84.06"
"20,75 : 69.12"
"20,76 : 70.84"
"20,77 : 29.15"
"20,78 : 46.57"
"20,79 : 75.15"
"20,80 : 76.06"
"20,81 : 61.39"
"20,82 : 95.27"
"20,83 : 36.4"
"20,84 : 54.01"
"20,85 : 42.43"
"20,86 : 117.52"
"20,87 : 23.41"
"20,88 : 59.93"
"20,89 : 38.47"
"20,90 : 94.34"
"20,91 : 73.36"
"20,92 : 48.7"
"20,93 : 44.1"
"20,94 : 76.16"
"20,95 : 62.8"
"20,96 : 70.26"
"20,97 : 97.74"
"20,98 : 15.23"
"20,99 : 58.01"
"21,0 : 21.21"
"21,1 : 85.91"
"21,2 : 12.53"
"21,3 : 30.61"
"21,4 : 38.01"
"21,5 : 51.89"
"21,6 : 56.46"
"21,7 : 59.03"
"21,8 : 23.26"
"21,9 : 56.72"
"21,10 : 32.76"
"21,11 : 44.55"
"21,12 : 36.01"
"21,13 : 49.09"
"21,14 : 62.97"
"21,15 : 50.54"
"21,16 : 75.5"
"21,17 : 63.13"
"21,18 : 94.63"
"21,19 : 85.71"
"21,20 : 17.89"
"21,21 : 0.0"
"21,22 : 84.86"
"21,23 : 50.22"
"21,24 : 60.83"
"21,25 : 48.51"
"21,26 : 26.17"
"21,27 : 69.2"
"21,28 : 40.5"
"21,29 : 24.17"
"21,30 : 63.63"
"21,31 : 50.48"
"21,32 : 50.61"
"21,33 : 25.5"
"21,34 : 53.34"
"21,35 : 59.67"
"21,36 : 73.33"
"21,37 : 55.87"
"21,38 : 71.25"
"21,39 : 8.6"
"21,40 : 80.23"
"21,41 : 46.57"
"21,42 : 72.42"
"21,43 : 92.7"
"21,44 : 73.68"
"21,45 : 70.0"
"21,46 : 34.71"
"21,47 : 79.63"
"21,48 : 34.06"
"21,49 : 58.01"
"21,50 : 88.46"
"21,51 : 47.01"
"21,52 : 82.57"
"21,53 : 63.29"
"21,54 : 76.79"
"21,55 : 66.73"
"21,56 : 70.46"
"21,57 : 5.66"
"21,58 : 17.12"
"21,59 : 82.37"
"21,60 : 81.32"
"21,61 : 5.0"
"21,62 : 80.99"
"21,63 : 43.19"
"21,64 : 4.12"
"21,65 : 87.09"
"21,66 : 19.1"
"21,67 : 17.03"
"21,68 : 86.68"
"21,69 : 85.33"
"21,70 : 92.76"
"21,71 : 102.0"
"21,72 : 74.95"
"21,73 : 100.77"
"21,74 : 66.29"
"21,75 : 53.15"
"21,76 : 53.76"
"21,77 : 17.03"
"21,78 : 29.27"
"21,79 : 57.27"
"21,80 : 63.06"
"21,81 : 44.28"
"21,82 : 77.49"
"21,83 : 19.1"
"21,84 : 38.64"
"21,85 : 35.44"
"21,86 : 100.41"
"21,87 : 6.0"
"21,88 : 47.07"
"21,89 : 31.62"
"21,90 : 79.62"
"21,91 : 59.77"
"21,92 : 31.05"
"21,93 : 40.71"
"21,94 : 58.31"
"21,95 : 46.04"
"21,96 : 62.8"
"21,97 : 80.61"
"21,98 : 2.83"
"21,99 : 40.46"
"22,0 : 74.43"
"22,1 : 9.22"
"22,2 : 97.0"
"22,3 : 93.02"
"22,4 : 80.65"
"22,5 : 39.56"
"22,6 : 38.08"
"22,7 : 50.01"
"22,8 : 80.53"
"22,9 : 68.18"
"22,10 : 60.37"
"22,11 : 40.31"
"22,12 : 65.0"
"22,13 : 38.47"
"22,14 : 27.66"
"22,15 : 83.55"
"22,16 : 75.13"
"22,17 : 30.27"
"22,18 : 16.49"
"22,19 : 53.67"
"22,20 : 101.91"
"22,21 : 84.86"
"22,22 : 0.0"
"22,23 : 72.69"
"22,24 : 33.38"
"22,25 : 55.11"
"22,26 : 87.71"
"22,27 : 19.42"
"22,28 : 76.54"
"22,29 : 107.71"
"22,30 : 27.66"
"22,31 : 37.12"
"22,32 : 35.0"
"22,33 : 61.22"
"22,34 : 35.34"
"22,35 : 25.81"
"22,36 : 55.79"
"22,37 : 29.07"
"22,38 : 68.07"
"22,39 : 93.34"
"22,40 : 33.54"
"22,41 : 74.33"
"22,42 : 40.26"
"22,43 : 37.48"
"22,44 : 82.49"
"22,45 : 59.68"
"22,46 : 59.51"
"22,47 : 13.6"
"22,48 : 67.78"
"22,49 : 60.07"
"22,50 : 6.08"
"22,51 : 43.86"
"22,52 : 47.42"
"22,53 : 28.44"
"22,54 : 73.98"
"22,55 : 26.17"
"22,56 : 69.87"
"22,57 : 79.21"
"22,58 : 72.42"
"22,59 : 21.95"
"22,60 : 3.61"
"22,61 : 79.91"
"22,62 : 34.44"
"22,63 : 66.94"
"22,64 : 87.0"
"22,65 : 14.87"
"22,66 : 85.98"
"22,67 : 73.24"
"22,68 : 40.5"
"22,69 : 49.65"
"22,70 : 10.05"
"22,71 : 20.22"
"22,72 : 46.17"
"22,73 : 17.09"
"22,74 : 24.33"
"22,75 : 65.28"
"22,76 : 31.11"
"22,77 : 74.4"
"22,78 : 64.41"
"22,79 : 37.66"
"22,80 : 43.0"
"22,81 : 57.97"
"22,82 : 37.7"
"22,83 : 65.76"
"22,84 : 71.17"
"22,85 : 74.09"
"22,86 : 15.62"
"22,87 : 80.81"
"22,88 : 51.24"
"22,89 : 75.64"
"22,90 : 27.31"
"22,91 : 41.19"
"22,92 : 60.42"
"22,93 : 81.91"
"22,94 : 32.28"
"22,95 : 60.42"
"22,96 : 69.01"
"22,97 : 4.47"
"22,98 : 87.69"
"22,99 : 44.82"
"23,0 : 29.12"
"23,1 : 68.15"
"23,2 : 55.0"
"23,3 : 78.92"
"23,4 : 79.88"
"23,5 : 63.98"
"23,6 : 68.54"
"23,7 : 23.77"
"23,8 : 28.02"
"23,9 : 88.62"
"23,10 : 24.76"
"23,11 : 46.62"
"23,12 : 68.62"
"23,13 : 38.83"
"23,14 : 45.18"
"23,15 : 91.21"
"23,16 : 106.4"
"23,17 : 42.43"
"23,18 : 88.2"
"23,19 : 103.25"
"23,20 : 65.07"
"23,21 : 50.22"
"23,22 : 72.69"
"23,23 : 0.0"
"23,24 : 39.32"
"23,25 : 18.03"
"23,26 : 73.41"
"23,27 : 53.34"
"23,28 : 79.81"
"23,29 : 71.01"
"23,30 : 68.15"
"23,31 : 39.62"
"23,32 : 54.08"
"23,33 : 50.99"
"23,34 : 61.1"
"23,35 : 58.05"
"23,36 : 30.0"
"23,37 : 50.8"
"23,38 : 22.56"
"23,39 : 56.32"
"23,40 : 48.88"
"23,41 : 4.12"
"23,42 : 38.59"
"23,43 : 99.46"
"23,44 : 108.37"
"23,45 : 94.67"
"23,46 : 23.43"
"23,47 : 76.06"
"23,48 : 17.49"
"23,49 : 85.21"
"23,50 : 72.78"
"23,51 : 61.77"
"23,52 : 97.74"
"23,53 : 44.28"
"23,54 : 27.0"
"23,55 : 70.83"
"23,56 : 21.21"
"23,57 : 47.43"
"23,58 : 34.54"
"23,59 : 83.49"
"23,60 : 69.46"
"23,61 : 48.38"
"23,62 : 89.5"
"23,63 : 9.22"
"23,64 : 54.34"
"23,65 : 83.0"
"23,66 : 66.85"
"23,67 : 34.18"
"23,68 : 97.02"
"23,69 : 100.9"
"23,70 : 75.69"
"23,71 : 92.91"
"23,72 : 36.88"
"23,73 : 89.44"
"23,74 : 48.37"
"23,75 : 8.06"
"23,76 : 51.42"
"23,77 : 57.31"
"23,78 : 25.0"
"23,79 : 35.13"
"23,80 : 79.2"
"23,81 : 16.76"
"23,82 : 44.1"
"23,83 : 43.83"
"23,84 : 11.7"
"23,85 : 74.2"
"23,86 : 84.9"
"23,87 : 44.38"
"23,88 : 69.07"
"23,89 : 71.85"
"23,90 : 84.34"
"23,91 : 74.73"
"23,92 : 26.87"
"23,93 : 82.66"
"23,94 : 41.01"
"23,95 : 13.34"
"23,96 : 93.86"
"23,97 : 68.47"
"23,98 : 51.79"
"23,99 : 41.15"
"24,0 : 45.28"
"24,1 : 29.55"
"24,2 : 71.56"
"24,3 : 78.52"
"24,4 : 71.25"
"24,5 : 37.22"
"24,6 : 40.0"
"24,7 : 17.46"
"24,8 : 50.33"
"24,9 : 68.94"
"24,10 : 30.41"
"24,11 : 23.35"
"24,12 : 55.58"
"24,13 : 13.04"
"24,14 : 6.08"
"24,15 : 78.85"
"24,16 : 82.93"
"24,17 : 3.16"
"24,18 : 49.01"
"24,19 : 71.4"
"24,20 : 78.71"
"24,21 : 60.83"
"24,22 : 33.38"
"24,23 : 39.32"
"24,24 : 0.0"
"24,25 : 21.84"
"24,26 : 72.56"
"24,27 : 14.04"
"24,28 : 68.73"
"24,29 : 84.97"
"24,30 : 34.83"
"24,31 : 12.0"
"24,32 : 25.94"
"24,33 : 43.29"
"24,34 : 32.45"
"24,35 : 24.08"
"24,36 : 28.32"
"24,37 : 17.8"
"24,38 : 38.01"
"24,39 : 69.35"
"24,40 : 20.22"
"24,41 : 41.0"
"24,42 : 16.16"
"24,43 : 62.97"
"24,44 : 87.71"
"24,45 : 68.41"
"24,46 : 29.0"
"24,47 : 37.85"
"24,48 : 36.06"
"24,49 : 62.65"
"24,50 : 33.84"
"24,51 : 38.08"
"24,52 : 65.22"
"24,53 : 5.0"
"24,54 : 44.78"
"24,55 : 36.62"
"24,56 : 39.4"
"24,57 : 55.46"
"24,58 : 45.22"
"24,59 : 46.17"
"24,60 : 30.15"
"24,61 : 56.36"
"24,62 : 54.59"
"24,63 : 33.84"
"24,64 : 63.98"
"24,65 : 44.28"
"24,66 : 68.45"
"24,67 : 45.8"
"24,68 : 62.18"
"24,69 : 68.24"
"24,70 : 37.16"
"24,71 : 53.6"
"24,72 : 21.95"
"24,73 : 50.22"
"24,74 : 9.06"
"24,75 : 32.02"
"24,76 : 20.25"
"24,77 : 56.09"
"24,78 : 34.66"
"24,79 : 4.47"
"24,80 : 50.33"
"24,81 : 25.08"
"24,82 : 19.1"
"24,83 : 43.32"
"24,84 : 38.48"
"24,85 : 64.28"
"24,86 : 46.24"
"24,87 : 55.57"
"24,88 : 47.54"
"24,89 : 64.03"
"24,90 : 48.33"
"24,91 : 46.23"
"24,92 : 31.24"
"24,93 : 73.44"
"24,94 : 4.47"
"24,95 : 27.2"
"24,96 : 72.47"
"24,97 : 29.15"
"24,98 : 63.53"
"24,99 : 23.09"
"25,0 : 28.79"
"25,1 : 51.26"
"25,2 : 56.92"
"25,3 : 72.99"
"25,4 : 70.38"
"25,5 : 47.71"
"25,6 : 51.97"
"25,7 : 10.77"
"25,8 : 31.91"
"25,9 : 75.17"
"25,10 : 16.0"
"25,11 : 30.23"
"25,12 : 56.94"
"25,13 : 21.19"
"25,14 : 27.46"
"25,15 : 80.53"
"25,16 : 91.97"
"25,17 : 25.0"
"25,18 : 70.35"
"25,19 : 86.33"
"25,20 : 65.73"
"25,21 : 48.51"
"25,22 : 55.11"
"25,23 : 18.03"
"25,24 : 21.84"
"25,25 : 0.0"
"25,26 : 67.08"
"25,27 : 35.69"
"25,28 : 69.32"
"25,29 : 72.03"
"25,30 : 50.6"
"25,31 : 21.84"
"25,32 : 37.12"
"25,33 : 40.31"
"25,34 : 44.29"
"25,35 : 40.26"
"25,36 : 25.0"
"25,37 : 32.98"
"25,38 : 26.42"
"25,39 : 56.29"
"25,40 : 35.38"
"25,41 : 19.24"
"25,42 : 25.81"
"25,43 : 81.58"
"25,44 : 94.92"
"25,45 : 79.2"
"25,46 : 14.0"
"25,47 : 58.03"
"25,48 : 16.64"
"25,49 : 70.72"
"25,50 : 55.66"
"25,51 : 46.23"
"25,52 : 80.62"
"25,53 : 26.68"
"25,54 : 33.29"
"25,55 : 53.16"
"25,56 : 26.63"
"25,57 : 44.1"
"25,58 : 31.4"
"25,59 : 65.49"
"25,60 : 51.79"
"25,61 : 45.1"
"25,62 : 71.84"
"25,63 : 12.08"
"25,64 : 52.35"
"25,65 : 65.01"
"25,66 : 61.4"
"25,67 : 31.58"
