x,y
14,94
73,12
23,7
78,19
1,41
9,11
68,63
6,20
64,68
66,80
41,93
64,63
51,71
26,13
54,18
93,14
71,75
73,48
44,46
22,65
87,60
51,62
43,91
55,22
53,74
6,100
95,84
37,63
89,69
16,6
90,1
29,87
84,89
44,50
61,62
50,24
23,48
98,67
24,61
68,43
83,1
87,28
15,15
27,8
82,52
76,97
33,65
77,84
88,2
95,36
89,17
54,47
42,57
14,44
25,92
0,23
71,76
37,78
49,97
70,59
73,30
4,3
58,81
7,53
49,68
88,4
59,44
67,5
35,98
32,15
82,57
55,5
9,9
72,86
37,58
11,89
71,49
16,56
36,89
12,48
77,84
5,93
0,5
65,4
38,67
54,33
54,97
53,94
8,98
63,51
85,87
10,76
28,98
64,23
39,4
79,74
5,7
58,18
41,46
47,89

Distanze
"0,0 : 0.0"
"0,1 : 56.82"
"0,2 : 58.18"
"0,3 : 58.46"
"0,4 : 80.62"
"0,5 : 46.23"
"0,6 : 85.0"
"0,7 : 96.43"
"0,8 : 18.44"
"0,9 : 58.01"
"0,10 : 38.05"
"0,11 : 44.18"
"0,12 : 53.24"
"0,13 : 70.04"
"0,14 : 74.52"
"0,15 : 59.94"
"0,16 : 75.29"
"0,17 : 41.59"
"0,18 : 86.02"
"0,19 : 59.4"
"0,20 : 70.34"
"0,21 : 65.19"
"0,22 : 21.93"
"0,23 : 45.54"
"0,24 : 25.18"
"0,25 : 7.62"
"0,26 : 57.69"
"0,27 : 29.41"
"0,28 : 20.02"
"0,29 : 47.01"
"0,30 : 32.2"
"0,31 : 63.15"
"0,32 : 48.27"
"0,33 : 58.46"
"0,34 : 64.9"
"0,35 : 66.19"
"0,36 : 37.34"
"0,37 : 19.31"
"0,38 : 80.31"
"0,39 : 40.25"
"0,40 : 16.49"
"0,41 : 53.08"
"0,42 : 60.31"
"0,43 : 89.14"
"0,44 : 58.14"
"0,45 : 22.8"
"0,46 : 50.33"
"0,47 : 40.52"
"0,48 : 30.02"
"0,49 : 39.0"
"0,50 : 52.95"
"0,51 : 15.26"
"0,52 : 36.69"
"0,53 : 66.13"
"0,54 : 98.6"
"0,55 : 26.68"
"0,56 : 72.2"
"0,57 : 32.0"
"0,58 : 26.02"
"0,59 : 58.14"
"0,60 : 21.02"
"0,61 : 69.58"
"0,62 : 32.53"
"0,63 : 24.04"
"0,64 : 29.07"
"0,65 : 55.17"
"0,66 : 62.07"
"0,67 : 106.96"
"0,68 : 74.33"
"0,69 : 30.89"
"0,70 : 19.7"
"0,71 : 82.76"
"0,72 : 48.08"
"0,73 : 34.13"
"0,74 : 49.65"
"0,75 : 53.45"
"0,76 : 20.25"
"0,77 : 74.28"
"0,78 : 42.45"
"0,79 : 70.83"
"0,80 : 23.09"
"0,81 : 50.12"
"0,82 : 89.87"
"0,83 : 44.72"
"0,84 : 60.73"
"0,85 : 15.13"
"0,86 : 73.54"
"0,87 : 66.48"
"0,88 : 43.42"
"0,89 : 81.1"
"0,90 : 28.79"
"0,91 : 51.0"
"0,92 : 70.86"
"0,93 : 18.97"
"0,94 : 55.15"
"0,95 : 88.41"
"0,96 : 89.27"
"0,97 : 78.82"
"0,98 : 94.34"
"0,99 : 72.35"
"1,0 : 56.82"
"1,1 : 0.0"
"1,2 : 1.41"
"1,3 : 69.78"
"1,4 : 44.15"
"1,5 : 14.14"
"1,6 : 49.03"
"1,7 : 47.8"
"1,8 : 74.33"
"1,9 : 57.98"
"1,10 : 49.24"
"1,11 : 31.58"
"1,12 : 51.97"
"1,13 : 21.02"
"1,14 : 30.07"
"1,15 : 34.06"
"1,16 : 53.0"
"1,17 : 58.69"
"1,18 : 43.0"
"1,19 : 17.0"
"1,20 : 20.12"
"1,21 : 43.42"
"1,22 : 59.41"
"1,23 : 66.94"
"1,24 : 47.04"
"1,25 : 62.97"
"1,26 : 27.66"
"1,27 : 74.67"
"1,28 : 51.48"
"1,29 : 23.26"
"1,30 : 88.84"
"1,31 : 19.21"
"1,32 : 38.12"
"1,33 : 47.63"
"1,34 : 9.85"
"1,35 : 37.74"
"1,36 : 34.54"
"1,37 : 62.24"
"1,38 : 68.25"
"1,39 : 33.24"
"1,40 : 72.92"
"1,41 : 24.19"
"1,42 : 21.95"
"1,43 : 37.16"
"1,44 : 55.47"
"1,45 : 43.28"
"1,46 : 70.88"
"1,47 : 19.42"
"1,48 : 51.09"
"1,49 : 65.62"
"1,50 : 37.05"
"1,51 : 44.27"
"1,52 : 40.85"
"1,53 : 44.2"
"1,54 : 52.77"
"1,55 : 82.86"
"1,56 : 31.78"
"1,57 : 50.25"
"1,58 : 80.99"
"1,59 : 34.66"
"1,60 : 74.81"
"1,61 : 40.71"
"1,62 : 73.11"
"1,63 : 34.48"
"1,64 : 63.01"
"1,65 : 14.87"
"1,66 : 26.83"
"1,67 : 57.01"
"1,68 : 84.38"
"1,69 : 87.71"
"1,70 : 70.6"
"1,71 : 50.29"
"1,72 : 41.19"
"1,73 : 22.85"
"1,74 : 74.95"
"1,75 : 11.05"
"1,76 : 57.56"
"1,77 : 27.02"
"1,78 : 21.38"
"1,79 : 54.04"
"1,80 : 57.22"
"1,81 : 31.06"
"1,82 : 40.52"
"1,83 : 71.2"
"1,84 : 45.71"
"1,85 : 63.78"
"1,86 : 25.08"
"1,87 : 69.89"
"1,88 : 33.73"
"1,89 : 70.94"
"1,90 : 85.43"
"1,91 : 76.16"
"1,92 : 58.05"
"1,93 : 71.17"
"1,94 : 23.54"
"1,95 : 33.6"
"1,96 : 41.0"
"1,97 : 23.6"
"1,98 : 53.0"
"1,99 : 28.16"
"2,0 : 58.18"
"2,1 : 1.41"
"2,2 : 0.0"
"2,3 : 70.26"
"2,4 : 43.42"
"2,5 : 15.03"
"2,6 : 48.27"
"2,7 : 46.57"
"2,8 : 75.72"
"2,9 : 58.31"
"2,10 : 50.01"
"2,11 : 32.76"
"2,12 : 52.35"
"2,13 : 20.0"
"2,14 : 29.15"
"2,15 : 33.97"
"2,16 : 52.7"
"2,17 : 59.44"
"2,18 : 42.01"
"2,19 : 16.64"
"2,20 : 19.72"
"2,21 : 43.28"
"2,22 : 60.53"
"2,23 : 67.68"
"2,24 : 48.09"
"2,25 : 64.35"
"2,26 : 27.59"
"2,27 : 75.8"
"2,28 : 52.61"
"2,29 : 23.77"
"2,30 : 90.21"
"2,31 : 19.42"
"2,32 : 39.2"
"2,33 : 47.8"
"2,34 : 8.54"
"2,35 : 37.44"
"2,36 : 35.85"
"2,37 : 63.66"
"2,38 : 68.12"
"2,39 : 33.96"
"2,40 : 74.25"
"2,41 : 25.08"
"2,42 : 21.63"
"2,43 : 35.85"
"2,44 : 55.76"
"2,45 : 44.69"
"2,46 : 71.57"
"2,47 : 20.81"
"2,48 : 52.04"
"2,49 : 66.48"
"2,50 : 38.01"
"2,51 : 45.54"
"2,52 : 42.15"
"2,53 : 44.05"
"2,54 : 51.62"
"2,55 : 84.17"
"2,56 : 31.05"
"2,57 : 51.16"
"2,58 : 82.28"
"2,59 : 34.66"
"2,60 : 76.22"
"2,61 : 41.15"
"2,62 : 74.17"
"2,63 : 35.74"
"2,64 : 64.03"
"2,65 : 14.87"
"2,66 : 27.31"
"2,67 : 55.71"
"2,68 : 84.72"
"2,69 : 89.07"
"2,70 : 71.84"
"2,71 : 49.65"
"2,72 : 42.3"
"2,73 : 24.17"
"2,74 : 75.71"
"2,75 : 12.0"
"2,76 : 58.69"
"2,77 : 26.0"
"2,78 : 22.2"
"2,79 : 53.91"
"2,80 : 58.31"
"2,81 : 31.38"
"2,82 : 39.29"
"2,83 : 72.01"
"2,84 : 46.53"
"2,85 : 65.19"
"2,86 : 24.02"
"2,87 : 70.18"
"2,88 : 34.93"
"2,89 : 70.84"
"2,90 : 86.76"
"2,91 : 76.9"
"2,92 : 58.0"
"2,93 : 72.42"
"2,94 : 24.33"
"2,95 : 32.2"
"2,96 : 39.81"
"2,97 : 22.2"
"2,98 : 52.01"
"2,99 : 27.29"
"3,0 : 58.46"
"3,1 : 69.78"
"3,2 : 70.26"
"3,3 : 0.0"
"3,4 : 54.57"
"3,5 : 56.44"
"3,6 : 55.97"
"3,7 : 77.67"
"3,8 : 71.01"
"3,9 : 14.04"
"3,10 : 24.21"
"3,11 : 83.49"
"3,12 : 18.44"
"3,13 : 64.63"
"3,14 : 61.0"
"3,15 : 41.19"
"3,16 : 38.08"
"3,17 : 17.09"
"3,18 : 64.33"
"3,19 : 57.01"
"3,20 : 89.9"
"3,21 : 36.22"
"3,22 : 37.22"
"3,23 : 14.14"
"3,24 : 35.78"
"3,25 : 64.78"
"3,26 : 45.89"
"3,27 : 41.48"
"3,28 : 38.9"
"3,29 : 46.52"
"3,30 : 77.1"
"3,31 : 87.46"
"3,32 : 90.69"
"3,33 : 26.0"
"3,34 : 70.21"
"3,35 : 43.05"
"3,36 : 79.65"
"3,37 : 77.62"
"3,38 : 30.48"
"3,39 : 37.44"
"3,40 : 61.07"
"3,41 : 85.28"
"3,42 : 53.15"
"3,43 : 78.1"
"3,44 : 17.03"
"3,45 : 72.07"
"3,46 : 11.18"
"3,47 : 69.43"
"3,48 : 29.55"
"3,49 : 21.1"
"3,50 : 93.35"
"3,51 : 48.75"
"3,52 : 83.23"
"3,53 : 36.35"
"3,54 : 75.29"
"3,55 : 64.33"
"3,56 : 56.01"
"3,57 : 28.18"
"3,58 : 59.44"
"3,59 : 39.32"
"3,60 : 76.11"
"3,61 : 105.26"
"3,62 : 35.44"
"3,63 : 50.0"
"3,64 : 31.0"
"3,65 : 56.3"
"3,66 : 92.42"
"3,67 : 87.09"
"3,68 : 16.64"
"3,69 : 73.35"
"3,70 : 49.25"
"3,71 : 51.26"
"3,72 : 92.31"
"3,73 : 57.31"
"3,74 : 16.4"
"3,75 : 76.01"
"3,76 : 38.47"
"3,77 : 64.07"
"3,78 : 49.4"
"3,79 : 31.38"
"3,80 : 35.51"
"3,81 : 39.22"
"3,82 : 74.55"
"3,83 : 18.38"
"3,84 : 103.28"
"3,85 : 73.55"
"3,86 : 65.19"
"3,87 : 10.3"
"3,88 : 84.29"
"3,89 : 29.41"
"3,90 : 68.45"
"3,91 : 16.28"
"3,92 : 27.29"
"3,93 : 51.24"
"3,94 : 86.21"
"3,95 : 83.05"
"3,96 : 72.69"
"3,97 : 77.78"
"3,98 : 67.07"
"3,99 : 60.03"
"4,0 : 80.62"
"4,1 : 44.15"
"4,2 : 43.42"
"4,3 : 54.57"
"4,4 : 0.0"
"4,5 : 41.19"
"4,6 : 5.0"
"4,7 : 23.19"
"4,8 : 98.79"
"4,9 : 40.8"
"4,10 : 49.68"
"4,11 : 74.11"
"4,12 : 38.91"
"4,13 : 24.6"
"4,14 : 15.26"
"4,15 : 20.81"
"4,16 : 18.11"
"4,17 : 55.23"
"4,18 : 10.0"
"4,19 : 28.07"
"4,20 : 59.06"
"4,21 : 19.24"
"4,22 : 70.01"
"4,23 : 61.27"
"4,24 : 58.26"
"4,25 : 88.19"
"4,26 : 23.41"
"4,27 : 83.1"
"4,28 : 64.66"
"4,29 : 34.79"
"4,30 : 110.8"
"4,31 : 62.03"
"4,32 : 81.3"
"4,33 : 29.97"
"4,34 : 36.77"
"4,35 : 14.87"
"4,36 : 75.06"
"4,37 : 93.98"
"4,38 : 34.48"
"4,39 : 40.5"
"4,40 : 92.8"
"4,41 : 68.25"
"4,42 : 24.02"
"4,43 : 26.57"
"4,44 : 37.95"
"4,45 : 78.1"
"4,46 : 62.39"
"4,47 : 59.01"
"4,48 : 57.28"
"4,49 : 64.66"
"4,50 : 80.89"
"4,51 : 65.37"
"4,52 : 81.15"
"4,53 : 18.79"
"4,54 : 21.02"
"4,55 : 100.66"
"4,56 : 12.37"
"4,57 : 55.17"
"4,58 : 96.94"
"4,59 : 22.8"
"4,60 : 101.6"
"4,61 : 84.15"
"4,62 : 78.6"
"4,63 : 57.78"
"4,64 : 68.88"
"4,65 : 32.0"
"4,66 : 70.52"
"4,67 : 32.57"
"4,68 : 62.01"
"4,69 : 108.23"
"4,70 : 84.9"
"4,71 : 7.07"
"4,72 : 84.21"
"4,73 : 53.15"
"4,74 : 68.15"
"4,75 : 55.11"
"4,76 : 69.35"
"4,77 : 19.42"
"4,78 : 40.52"
"4,79 : 24.02"
"4,80 : 67.18"
"4,81 : 30.53"
"4,82 : 21.38"
"4,83 : 67.08"
"4,84 : 89.82"
"4,85 : 93.11"
"4,86 : 21.63"
"4,87 : 48.17"
"4,88 : 76.06"
"4,89 : 37.64"
"4,90 : 104.35"
"4,91 : 68.71"
"4,92 : 29.0"
"4,93 : 86.37"
"4,94 : 67.68"
"4,95 : 34.0"
"4,96 : 19.24"
"4,97 : 33.94"
"4,98 : 14.14"
"4,99 : 16.55"
"5,0 : 46.23"
"5,1 : 14.14"
"5,2 : 15.03"
"5,3 : 56.44"
"5,4 : 41.19"
"5,5 : 0.0"
"5,6 : 46.17"
"5,7 : 51.62"
"5,8 : 64.44"
"5,9 : 45.45"
"5,10 : 35.17"
"5,11 : 33.96"
"5,12 : 39.2"
"5,13 : 24.21"
"5,14 : 30.46"
"5,15 : 25.3"
"5,16 : 45.22"
"5,17 : 44.64"
"5,18 : 43.32"
"5,19 : 14.32"
"5,20 : 33.84"
"5,21 : 34.54"
"5,22 : 45.89"
"5,23 : 52.89"
"5,24 : 33.24"
"5,25 : 53.08"
"5,26 : 19.42"
"5,27 : 61.19"
"5,28 : 38.08"
"5,29 : 10.63"
"5,30 : 78.41"
"5,31 : 31.06"
"5,32 : 41.48"
"5,33 : 36.24"
"5,34 : 19.31"
"5,35 : 30.59"
"5,36 : 34.01"
"5,37 : 55.23"
"5,38 : 58.67"
"5,39 : 19.31"
"5,40 : 61.59"
"5,41 : 31.06"
"5,42 : 17.26"
"5,43 : 43.19"
"5,44 : 43.19"
"5,45 : 37.7"
"5,46 : 56.92"
"5,47 : 18.25"
"5,48 : 37.01"
"5,49 : 51.48"
"5,50 : 42.15"
"5,51 : 32.25"
"5,52 : 40.01"
"5,53 : 35.47"
"5,54 : 55.04"
"5,55 : 71.2"
"5,56 : 29.83"
"5,57 : 36.12"
"5,58 : 68.88"
"5,59 : 25.08"
"5,60 : 65.8"
"5,61 : 50.33"
"5,62 : 59.3"
"5,63 : 22.47"
"5,64 : 49.09"
"5,65 : 9.85"
"5,66 : 36.77"
"5,67 : 61.85"
"5,68 : 71.61"
"5,69 : 76.84"
"5,70 : 57.94"
"5,71 : 46.01"
"5,72 : 44.15"
"5,73 : 13.04"
"5,74 : 60.88"
"5,75 : 19.85"
"5,76 : 44.15"
"5,77 : 29.15"
"5,78 : 7.28"
"5,79 : 44.72"
"5,80 : 43.57"
"5,81 : 19.21"
"5,82 : 44.65"
"5,83 : 57.07"
"5,84 : 51.89"
"5,85 : 55.61"
"5,86 : 28.02"
"5,87 : 57.49"
"5,88 : 35.69"
"5,89 : 61.06"
"5,90 : 74.09"
"5,91 : 62.1"
"5,92 : 48.02"
"5,93 : 58.69"
"5,94 : 31.4"
"5,95 : 42.2"
"5,96 : 44.42"
"5,97 : 32.76"
"5,98 : 52.89"
"5,99 : 28.23"
"6,0 : 85.0"
"6,1 : 49.03"
"6,2 : 48.27"
"6,3 : 55.97"
"6,4 : 5.0"
"6,5 : 46.17"
"6,6 : 0.0"
"6,7 : 23.09"
"6,8 : 103.08"
"6,9 : 42.54"
"6,10 : 53.04"
"6,11 : 79.1"
"6,12 : 41.34"
"6,13 : 29.15"
"6,14 : 19.7"
"6,15 : 25.06"
"6,16 : 18.25"
"6,17 : 58.01"
"6,18 : 11.18"
"6,19 : 33.06"
"6,20 : 63.51"
"6,21 : 22.02"
"6,22 : 73.66"
"6,23 : 63.63"
"6,24 : 62.2"
"6,25 : 92.59"
"6,26 : 28.16"
"6,27 : 86.37"
"6,28 : 68.6"
"6,29 : 39.56"
"6,30 : 114.86"
"6,31 : 66.73"
"6,32 : 86.28"
"6,33 : 32.45"
"6,34 : 41.44"
"6,35 : 18.87"
"6,36 : 80.06"
"6,37 : 98.68"
"6,38 : 33.38"
"6,39 : 44.78"
"6,40 : 96.83"
"6,41 : 73.16"
"6,42 : 29.02"
"6,43 : 28.65"
"6,44 : 39.81"
"6,45 : 82.98"
"6,46 : 64.4"
"6,47 : 64.01"
"6,48 : 60.88"
"6,49 : 67.42"
"6,50 : 85.84"
"6,51 : 69.77"
"6,52 : 86.15"
"6,53 : 21.4"
"6,54 : 19.42"
"6,55 : 104.48"
"6,56 : 17.26"
"6,57 : 58.73"
"6,58 : 100.66"
"6,59 : 26.93"
"6,60 : 106.0"
"6,61 : 88.87"
"6,62 : 81.69"
"6,63 : 62.39"
"6,64 : 72.18"
"6,65 : 37.0"
"6,66 : 75.29"
"6,67 : 31.4"
"6,68 : 62.13"
"6,69 : 112.2"
"6,70 : 88.62"
"6,71 : 5.0"
"6,72 : 89.2"
"6,73 : 58.05"
"6,74 : 70.21"
"6,75 : 60.02"
"6,76 : 73.11"
"6,77 : 23.71"
"6,78 : 45.35"
"6,79 : 24.74"
"6,80 : 70.84"
"6,81 : 34.89"
"6,82 : 22.85"
"6,83 : 69.46"
"6,84 : 94.73"
"6,85 : 97.69"
"6,86 : 25.94"
"6,87 : 48.84"
"6,88 : 81.06"
"6,89 : 36.5"
"6,90 : 108.23"
"6,91 : 70.68"
"6,92 : 29.43"
"6,93 : 90.14"
"6,94 : 72.57"
"6,95 : 36.62"
"6,96 : 20.62"
"6,97 : 37.64"
"6,98 : 11.18"
"6,99 : 21.19"
"7,0 : 96.43"
"7,1 : 47.8"
"7,2 : 46.57"
"7,3 : 77.67"
"7,4 : 23.19"
"7,5 : 51.62"
"7,6 : 23.09"
"7,7 : 0.0"
"7,8 : 114.87"
"7,9 : 63.79"
"7,10 : 70.33"
"7,11 : 79.31"
"7,12 : 61.35"
"7,13 : 27.73"
"7,14 : 21.93"
"7,15 : 40.31"
"7,16 : 41.01"
"7,17 : 76.97"
"7,18 : 13.34"
"7,19 : 37.44"
"7,20 : 55.23"
"7,21 : 41.76"
"7,22 : 89.4"
"7,23 : 83.57"
"7,24 : 76.84"
"7,25 : 103.71"
"7,26 : 39.82"
"7,27 : 103.46"
"7,28 : 83.1"
"7,29 : 49.52"
"7,30 : 128.0"
"7,31 : 61.01"
"7,32 : 85.51"
"7,33 : 52.5"
"7,34 : 38.08"
"7,35 : 35.85"
"7,36 : 82.22"
"7,37 : 106.85"
"7,38 : 56.44"
"7,39 : 58.26"
"7,40 : 110.32"
"7,41 : 70.71"
"7,42 : 36.12"
"7,43 : 12.17"
"7,44 : 60.88"
"7,45 : 89.01"
"7,46 : 85.07"
"7,47 : 66.48"
"7,48 : 77.1"
"7,49 : 86.33"
"7,50 : 83.73"
"7,51 : 81.39"
"7,52 : 88.54"
"7,53 : 41.48"
"7,54 : 7.21"
"7,55 : 119.0"
"7,56 : 25.0"
"7,57 : 75.17"
"7,58 : 115.75"
"7,59 : 42.54"
"7,60 : 116.82"
"7,61 : 82.22"
"7,62 : 99.48"
"7,63 : 72.47"
"7,64 : 89.36"
"7,65 : 41.88"
"7,66 : 70.01"
"7,67 : 10.63"
"7,68 : 85.02"
"7,69 : 125.87"
"7,70 : 103.86"
"7,71 : 28.07"
"7,72 : 88.65"
"7,73 : 64.66"
"7,74 : 90.76"
"7,75 : 58.25"
"7,76 : 88.41"
"7,77 : 22.47"
"7,78 : 54.04"
"7,79 : 47.17"
"7,80 : 86.61"
"7,81 : 48.6"
"7,82 : 7.28"
"7,83 : 89.32"
"7,84 : 91.14"
"7,85 : 107.07"
"7,86 : 23.71"
"7,87 : 71.34"
"7,88 : 81.49"
"7,89 : 59.54"
"7,90 : 122.43"
"7,91 : 91.39"
"7,92 : 52.09"
"7,93 : 105.12"
"7,94 : 69.46"
"7,95 : 20.25"
"7,96 : 7.21"
"7,97 : 27.02"
"7,98 : 14.76"
"7,99 : 24.08"
"8,0 : 18.44"
"8,1 : 74.33"
"8,2 : 75.72"
"8,3 : 71.01"
"8,4 : 98.79"
"8,5 : 64.44"
"8,6 : 103.08"
"8,7 : 114.87"
"8,8 : 0.0"
"8,9 : 73.16"
"8,10 : 53.85"
"8,11 : 56.89"
"8,12 : 69.12"
"8,13 : 88.39"
"8,14 : 92.96"
"8,15 : 78.03"
"8,16 : 92.48"
"8,17 : 55.23"
"8,18 : 104.4"
"8,19 : 77.79"
"8,20 : 86.16"
"8,21 : 82.76"
"8,22 : 34.13"
"8,23 : 57.08"
"8,24 : 41.79"
"8,25 : 11.4"
"8,26 : 76.03"
"8,27 : 33.24"
"8,28 : 35.74"
"8,29 : 65.44"
"8,30 : 14.87"
"8,31 : 78.43"
"8,32 : 59.08"
"8,33 : 75.27"
"8,34 : 82.8"
"8,35 : 84.22"
"8,36 : 49.82"
"8,37 : 19.42"
"8,38 : 95.9"
"8,39 : 58.31"
"8,40 : 10.77"
"8,41 : 67.19"
"8,42 : 78.75"
"8,43 : 107.49"
"8,44 : 73.76"
"8,45 : 34.93"
"8,46 : 61.29"
"8,47 : 56.8"
"8,48 : 45.35"
"8,49 : 50.09"
"8,50 : 64.12"
"8,51 : 33.6"
"8,52 : 47.1"
"8,53 : 83.67"
"8,54 : 117.0"
"8,55 : 16.12"
"8,56 : 90.6"
"8,57 : 47.54"
"8,58 : 19.1"
"8,59 : 76.16"
"8,60 : 5.83"
"8,61 : 81.15"
"8,62 : 38.6"
"8,63 : 42.45"
"8,64 : 40.01"
"8,65 : 73.54"
"8,66 : 75.93"
"8,67 : 125.4"
"8,68 : 85.59"
"8,69 : 15.03"
"8,70 : 22.8"
"8,71 : 100.65"
"8,72 : 58.0"
"8,73 : 52.01"
"8,74 : 59.03"
"8,75 : 69.78"
"8,76 : 33.38"
"8,77 : 92.7"
"8,78 : 60.88"
"8,79 : 87.6"
"8,80 : 36.35"
"8,81 : 68.26"
"8,82 : 108.3"
"8,83 : 54.59"
"8,84 : 70.11"
"8,85 : 14.04"
"8,86 : 91.93"
"8,87 : 80.1"
"8,88 : 55.58"
"8,89 : 96.34"
"8,90 : 15.52"
"8,91 : 60.21"
"8,92 : 87.09"
"8,93 : 20.88"
"8,94 : 69.38"
"8,95 : 106.53"
"8,96 : 107.71"
"8,97 : 96.83"
"8,98 : 112.61"
"8,99 : 90.79"
"9,0 : 58.01"
"9,1 : 57.98"
"9,2 : 58.31"
"9,3 : 14.04"
"9,4 : 40.8"
"9,5 : 45.45"
"9,6 : 42.54"
"9,7 : 63.79"
"9,8 : 73.16"
"9,9 : 0.0"
"9,10 : 20.02"
"9,11 : 75.45"
"9,12 : 6.4"
"9,13 : 50.99"
"9,14 : 47.01"
"9,15 : 27.46"
"9,16 : 25.24"
"9,17 : 18.79"
"9,18 : 50.45"
"9,19 : 44.01"
"9,20 : 78.03"
"9,21 : 22.2"
"9,22 : 39.29"
"9,23 : 21.93"
"9,24 : 33.06"
"9,25 : 65.12"
"9,26 : 32.57"
"9,27 : 48.02"
"9,28 : 38.05"
"9,29 : 35.0"
"9,30 : 81.6"
"9,31 : 76.4"
"9,32 : 82.93"
"9,33 : 12.04"
"9,34 : 57.38"
"9,35 : 29.02"
"9,36 : 72.56"
"9,37 : 76.24"
"9,38 : 22.8"
"9,39 : 27.8"
"9,40 : 64.29"
"9,41 : 75.69"
"9,42 : 39.85"
"9,43 : 64.07"
"9,44 : 3.0"
"9,45 : 67.36"
"9,46 : 21.95"
"9,47 : 60.44"
"9,48 : 28.07"
"9,49 : 27.2"
"9,50 : 85.0"
"9,51 : 45.54"
"9,52 : 76.92"
"9,53 : 22.36"
"9,54 : 61.68"
"9,55 : 69.46"
"9,56 : 42.0"
"9,57 : 26.02"
"9,58 : 64.88"
"9,59 : 25.71"
"9,60 : 77.65"
"9,61 : 95.46"
"9,62 : 42.44"
"9,63 : 44.01"
"9,64 : 34.93"
"9,65 : 43.83"
"9,66 : 82.13"
"9,67 : 73.38"
"9,68 : 26.42"
"9,69 : 78.19"
"9,70 : 53.49"
"9,71 : 38.01"
"9,72 : 84.91"
"9,73 : 48.83"
"9,74 : 27.78"
"9,75 : 65.3"
"9,76 : 39.81"
"9,77 : 50.16"
"9,78 : 38.9"
"9,79 : 18.6"
"9,80 : 36.88"
"9,81 : 26.93"
"9,82 : 60.53"
"9,83 : 27.66"
"9,84 : 95.0"
"9,85 : 73.01"
"9,86 : 51.35"
"9,87 : 12.04"
"9,88 : 76.55"
"9,89 : 23.19"
"9,90 : 73.54"
"9,91 : 28.18"
"9,92 : 15.62"
"9,93 : 55.36"
"9,94 : 76.37"
"9,95 : 69.12"
"9,96 : 58.69"
"9,97 : 64.13"
"9,98 : 53.71"
"9,99 : 46.1"
"10,0 : 38.05"
"10,1 : 49.24"
"10,2 : 50.01"
"10,3 : 24.21"
"10,4 : 49.68"
"10,5 : 35.17"
"10,6 : 53.04"
"10,7 : 70.33"
"10,8 : 53.85"
"10,9 : 20.02"
"10,10 : 0.0"
"10,11 : 59.4"
"10,12 : 15.3"
"10,13 : 50.01"
"10,14 : 49.77"
"10,15 : 30.02"
"10,16 : 39.45"
"10,17 : 9.49"
"10,18 : 57.69"
"10,19 : 40.2"
"10,20 : 68.96"
"10,21 : 31.14"
"10,22 : 21.1"
"10,23 : 17.72"
"10,24 : 13.04"
"10,25 : 45.28"
"10,26 : 31.62"
"10,27 : 33.42"
"10,28 : 18.25"
"10,29 : 27.02"
"10,30 : 63.51"
"10,31 : 65.39"
"10,32 : 66.53"
"10,33 : 21.95"
"10,34 : 52.04"
"10,35 : 35.0"
"10,36 : 55.44"
"10,37 : 56.22"
"10,38 : 42.3"
"10,39 : 16.12"
"10,40 : 45.69"
"10,41 : 61.85"
"10,42 : 37.85"
"10,43 : 67.07"
"10,44 : 20.1"
"10,45 : 48.33"
"10,46 : 21.93"
"10,47 : 45.8"
"10,48 : 8.54"
"10,49 : 17.12"
"10,50 : 69.31"
"10,51 : 25.71"
"10,52 : 59.08"
"10,53 : 31.89"
"10,54 : 70.21"
"10,55 : 52.15"
"10,56 : 45.62"
"10,57 : 6.32"
"10,58 : 48.01"
"10,59 : 27.78"
"10,60 : 58.05"
"10,61 : 81.84"
"10,62 : 29.15"
"10,63 : 25.81"
"10,64 : 19.21"
"10,65 : 38.0"
"10,66 : 69.46"
"10,67 : 80.78"
"10,68 : 40.8"
"10,69 : 60.42"
"10,70 : 36.06"
"10,71 : 49.58"
"10,72 : 68.12"
"10,73 : 33.6"
"10,74 : 25.71"
"10,75 : 53.71"
"10,76 : 21.02"
"10,77 : 51.55"
"10,78 : 27.89"
"10,79 : 34.01"
"10,80 : 18.36"
"10,81 : 22.8"
"10,82 : 65.31"
"10,83 : 22.09"
"10,84 : 79.2"
"10,85 : 53.0"
"10,86 : 51.92"
"10,87 : 29.73"
"10,88 : 60.14"
"10,89 : 43.05"
"10,90 : 56.08"
"10,91 : 26.93"
"10,92 : 33.24"
"10,93 : 37.74"
"10,94 : 62.97"
"10,95 : 69.86"
"10,96 : 63.95"
"10,97 : 62.51"
"10,98 : 63.78"
"10,99 : 48.1"
"11,0 : 44.18"
"11,1 : 31.58"
"11,2 : 32.76"
"11,3 : 83.49"
"11,4 : 74.11"
"11,5 : 33.96"
"11,6 : 79.1"
"11,7 : 79.31"
"11,8 : 56.89"
"11,9 : 75.45"
"11,10 : 59.4"
"11,11 : 0.0"
"11,12 : 69.07"
"11,13 : 52.47"
"11,14 : 61.13"
"11,15 : 59.2"
"11,16 : 79.12"
"11,17 : 68.01"
"11,18 : 74.24"
"11,19 : 46.04"
"11,20 : 32.56"
"11,21 : 68.31"
"11,22 : 58.18"
"11,23 : 75.43"
"11,24 : 50.22"
"11,25 : 47.1"
"11,26 : 53.37"
"11,27 : 71.17"
"11,28 : 51.0"
"11,29 : 43.66"
"11,30 : 71.59"
"11,31 : 24.08"
"11,32 : 7.62"
"11,33 : 68.43"
"11,34 : 41.23"
"11,35 : 64.54"
"11,36 : 7.07"
"11,37 : 39.56"
"11,38 : 91.79"
"11,39 : 47.71"
"11,40 : 60.0"
"11,41 : 11.4"
"11,42 : 50.25"
"11,43 : 68.31"
"11,44 : 73.78"
"11,45 : 22.09"
"11,46 : 80.28"
"11,47 : 15.81"
"11,48 : 56.4"
"11,49 : 71.28"
"11,50 : 10.0"
"11,51 : 39.81"
"11,52 : 11.4"
"11,53 : 69.26"
"11,54 : 84.34"
"11,55 : 70.03"
"11,56 : 62.01"
"11,57 : 56.85"
"11,58 : 70.06"
"11,59 : 58.82"
"11,60 : 55.08"
"11,61 : 25.5"
"11,62 : 72.24"
"11,63 : 34.21"
"11,64 : 64.41"
"11,65 : 42.19"
"11,66 : 19.31"
"11,67 : 88.23"
"11,68 : 99.9"
"11,69 : 71.85"
"11,70 : 63.15"
"11,71 : 79.51"
"11,72 : 10.2"
"11,73 : 26.63"
"11,74 : 82.42"
"11,75 : 21.19"
"11,76 : 55.95"
"11,77 : 58.42"
"11,78 : 38.08"
"11,79 : 78.19"
"11,80 : 57.25"
"11,81 : 52.0"
"11,82 : 72.03"
"11,83 : 77.67"
"11,84 : 19.8"
"11,85 : 43.42"
"11,86 : 56.57"
"11,87 : 87.2"
"11,88 : 2.24"
"11,89 : 93.94"
"11,90 : 71.25"
"11,91 : 83.82"
"11,92 : 81.02"
"11,93 : 62.8"
"11,94 : 13.6"
"11,95 : 63.56"
"11,96 : 72.57"
"11,97 : 53.85"
"11,98 : 84.21"
"11,99 : 59.08"
"12,0 : 53.24"
"12,1 : 51.97"
"12,2 : 52.35"
"12,3 : 18.44"
"12,4 : 38.91"
"12,5 : 39.2"
"12,6 : 41.34"
"12,7 : 61.35"
"12,8 : 69.12"
"12,9 : 6.4"
"12,10 : 15.3"
"12,11 : 69.07"
"12,12 : 0.0"
"12,13 : 46.27"
"12,14 : 43.19"
"12,15 : 23.0"
"12,16 : 25.5"
"12,17 : 16.97"
"12,18 : 48.1"
"12,19 : 38.6"
"12,20 : 72.07"
"12,21 : 19.7"
"12,22 : 35.85"
"12,23 : 22.36"
"12,24 : 28.07"
"12,25 : 60.53"
"12,26 : 27.46"
"12,27 : 46.23"
"12,28 : 33.54"
"12,29 : 28.84"
"12,30 : 78.39"
"12,31 : 70.21"
"12,32 : 76.55"
"12,33 : 8.94"
"12,34 : 51.87"
"12,35 : 25.71"
"12,36 : 66.24"
"12,37 : 71.03"
"12,38 : 27.07"
"12,39 : 21.4"
"12,40 : 60.75"
"12,41 : 69.31"
"12,42 : 34.71"
"12,43 : 60.53"
"12,44 : 5.1"
"12,45 : 61.4"
"12,46 : 23.77"
"12,47 : 54.04"
"12,48 : 23.77"
"12,49 : 26.25"
"12,50 : 78.6"
"12,51 : 40.11"
"12,52 : 70.68"
"12,53 : 20.12"
"12,54 : 59.93"
"12,55 : 66.65"
"12,56 : 38.33"
"12,57 : 21.59"
"12,58 : 62.27"
"12,59 : 21.02"
"12,60 : 73.35"
"12,61 : 89.11"
"12,62 : 41.04"
"12,63 : 37.95"
"12,64 : 32.45"
"12,65 : 38.08"
"12,66 : 75.82"
"12,67 : 71.31"
"12,68 : 32.45"
"12,69 : 75.15"
"12,70 : 50.54"
"12,71 : 37.2"
"12,72 : 78.55"
"12,73 : 42.44"
"12,74 : 29.41"
"12,75 : 59.03"
"12,76 : 36.06"
"12,77 : 46.01"
"12,78 : 32.56"
"12,79 : 19.42"
"12,80 : 33.24"
"12,81 : 21.02"
"12,82 : 57.49"
"12,83 : 28.18"
"12,84 : 88.6"
"12,85 : 68.07"
"12,86 : 47.01"
"12,87 : 18.38"
"12,88 : 70.18"
"12,89 : 28.02"
"12,90 : 70.66"
"12,91 : 30.08"
"12,92 : 18.03"
"12,93 : 52.33"
"12,94 : 70.01"
"12,95 : 65.01"
"12,96 : 55.79"
"12,97 : 59.41"
"12,98 : 52.48"
"12,99 : 42.05"
"13,0 : 70.04"
"13,1 : 21.02"
"13,2 : 20.0"
"13,3 : 64.63"
"13,4 : 24.6"
"13,5 : 24.21"
"13,6 : 29.15"
"13,7 : 27.73"
"13,8 : 88.39"
"13,9 : 50.99"
"13,10 : 50.01"
"13,11 : 52.47"
"13,12 : 46.27"
"13,13 : 0.0"
"13,14 : 9.49"
"13,15 : 23.54"
"13,16 : 37.64"
"13,17 : 58.42"
"13,18 : 22.02"
"13,19 : 10.82"
"13,20 : 34.48"
"13,21 : 30.87"
"13,22 : 66.21"
"13,23 : 66.19"
"13,24 : 53.23"
"13,25 : 77.08"
"13,26 : 19.0"
"13,27 : 81.15"
"13,28 : 59.06"
"13,29 : 24.6"
"13,30 : 102.07"
"13,31 : 37.64"
"13,32 : 59.14"
"13,33 : 39.05"
"13,34 : 12.37"
"13,35 : 23.71"
"13,36 : 54.82"
"13,37 : 79.32"
"13,38 : 54.41"
"13,39 : 35.11"
"13,40 : 84.81"
"13,41 : 45.04"
"13,42 : 12.17"
"13,43 : 19.1"
"13,44 : 48.05"
"13,45 : 61.29"
"13,46 : 69.01"
"13,47 : 38.9"
"13,48 : 55.03"
"13,49 : 67.08"
"13,50 : 58.01"
"13,51 : 55.44"
"13,52 : 61.13"
"13,53 : 31.3"
"13,54 : 32.02"
"13,55 : 94.05"
"13,56 : 12.81"
"13,57 : 53.45"
"13,58 : 91.27"
"13,59 : 25.32"
"13,60 : 89.94"
"13,61 : 59.77"
"13,62 : 78.11"
"13,63 : 46.01"
"13,64 : 67.68"
"13,65 : 14.87"
"13,66 : 46.32"
"13,67 : 37.74"
"13,68 : 76.54"
"13,69 : 100.26"
"13,70 : 79.76"
"13,71 : 31.38"
"13,72 : 62.2"
"13,73 : 37.2"
"13,74 : 74.11"
"13,75 : 32.0"
"13,76 : 64.85"
"13,77 : 6.0"
"13,78 : 27.8"
"13,79 : 40.82"
"13,80 : 63.56"
"13,81 : 27.29"
"13,82 : 20.59"
"13,83 : 71.45"
"13,84 : 66.37"
"13,85 : 79.81"
"13,86 : 4.12"
"13,87 : 61.68"
"13,88 : 54.59"
"13,89 : 57.43"
"13,90 : 97.2"
"13,91 : 75.06"
"13,92 : 45.65"
"13,93 : 80.78"
"13,94 : 44.18"
"13,95 : 19.92"
"13,96 : 20.62"
"13,97 : 13.15"
"13,98 : 32.02"
"13,99 : 8.06"
"14,0 : 74.52"
"14,1 : 30.07"
"14,2 : 29.15"
"14,3 : 61.0"
"14,4 : 15.26"
"14,5 : 30.46"
"14,6 : 19.7"
"14,7 : 21.93"
"14,8 : 92.96"
"14,9 : 47.01"
"14,10 : 49.77"
"14,11 : 61.13"
"14,12 : 43.19"
"14,13 : 9.49"
"14,14 : 0.0"
"14,15 : 20.4"
"14,16 : 30.02"
"14,17 : 57.28"
"14,18 : 13.15"
"14,19 : 16.16"
"14,20 : 43.83"
"14,21 : 25.32"
"14,22 : 67.96"
"14,23 : 64.54"
"14,24 : 55.22"
"14,25 : 81.84"
"14,26 : 18.36"
"14,27 : 82.37"
"14,28 : 61.4"
"14,29 : 27.59"
"14,30 : 106.08"
"14,31 : 47.13"
"14,32 : 68.01"
"14,33 : 35.0"
"14,34 : 21.84"
"14,35 : 18.11"
"14,36 : 62.97"
"14,37 : 85.48"
"14,38 : 47.01"
"14,39 : 36.62"
"14,40 : 88.41"
"14,41 : 54.23"
"14,42 : 14.21"
"14,43 : 17.46"
"14,44 : 44.01"
"14,45 : 68.15"
"14,46 : 66.75"
"14,47 : 46.87"
"14,48 : 55.95"
"14,49 : 66.41"
"14,50 : 67.12"
"14,51 : 59.46"
"14,52 : 69.23"
"14,53 : 25.5"
"14,54 : 24.6"
"14,55 : 97.19"
"14,56 : 5.1"
"14,57 : 54.12"
"14,58 : 94.02"
"14,59 : 22.56"
"14,60 : 95.0"
"14,61 : 69.26"
"14,62 : 78.72"
"14,63 : 50.61"
"14,64 : 68.43"
"14,65 : 20.62"
"14,66 : 55.79"
"14,67 : 32.53"
"14,68 : 71.39"
"14,69 : 103.97"
"14,70 : 82.2"
"14,71 : 22.2"
"14,72 : 71.03"
"14,73 : 43.38"
"14,74 : 72.18"
"14,75 : 41.11"
"14,76 : 66.85"
"14,77 : 4.24"
"14,78 : 32.2"
"14,79 : 34.18"
"14,80 : 65.19"
"14,81 : 27.29"
"14,82 : 15.81"
"14,83 : 70.09"
"14,84 : 75.66"
"14,85 : 85.44"
"14,86 : 6.4"
"14,87 : 56.72"
"14,88 : 63.2"
"14,89 : 50.12"
"14,90 : 100.57"
"14,91 : 72.99"
"14,92 : 39.22"
"14,93 : 83.41"
"14,94 : 53.46"
"14,95 : 22.2"
"14,96 : 14.87"
"14,97 : 19.42"
"14,98 : 23.09"
"14,99 : 2.24"
"15,0 : 59.94"
"15,1 : 34.06"
"15,2 : 33.97"
"15,3 : 41.19"
"15,4 : 20.81"
"15,5 : 25.3"
"15,6 : 25.06"
"15,7 : 40.31"
"15,8 : 78.03"
"15,9 : 27.46"
"15,10 : 30.02"
"15,11 : 59.2"
"15,12 : 23.0"
"15,13 : 23.54"
"15,14 : 20.4"
"15,15 : 0.0"
"15,16 : 19.92"
"15,17 : 37.0"
"15,18 : 27.8"
"15,19 : 17.8"
"15,20 : 53.15"
"15,21 : 9.43"
"15,22 : 49.58"
"15,23 : 44.15"
"15,24 : 37.54"
"15,25 : 67.54"
"15,26 : 6.4"
"15,27 : 63.25"
"15,28 : 43.93"
"15,29 : 16.03"
"15,30 : 90.0"
"15,31 : 53.26"
"15,32 : 66.76"
"15,33 : 15.52"
"15,34 : 31.06"
"15,35 : 6.32"
"15,36 : 58.69"
"15,37 : 74.04"
"15,38 : 34.21"
"15,39 : 19.72"
"15,40 : 72.01"
"15,41 : 55.9"
"15,42 : 13.04"
"15,43 : 37.85"
"15,44 : 24.52"
"15,45 : 59.3"
"15,46 : 46.39"
"15,47 : 43.42"
"15,48 : 37.01"
"15,49 : 46.24"
"15,50 : 67.42"
"15,51 : 44.72"
"15,52 : 64.38"
"15,53 : 10.3"
"15,54 : 40.46"
"15,55 : 79.98"
"15,56 : 15.81"
"15,57 : 35.0"
"15,58 : 76.37"
"15,59 : 2.24"
"15,60 : 80.95"
"15,61 : 74.33"
"15,62 : 59.17"
"15,63 : 37.64"
"15,64 : 49.09"
"15,65 : 19.21"
"15,66 : 60.46"
"15,67 : 50.77"
"15,68 : 53.14"
"15,69 : 87.46"
"15,70 : 64.35"
"15,71 : 23.09"
"15,72 : 69.38"
"15,73 : 35.01"
"15,74 : 51.79"
"15,75 : 43.57"
"15,76 : 48.8"
"15,77 : 23.02"
"15,78 : 22.02"
"15,79 : 20.0"
"15,80 : 46.75"
"15,81 : 9.85"
"15,82 : 35.47"
"15,83 : 49.73"
"15,84 : 77.08"
"15,85 : 72.8"
"15,86 : 24.02"
"15,87 : 38.28"
"15,88 : 60.88"
"15,89 : 36.88"
"15,90 : 83.63"
"15,91 : 52.61"
"15,92 : 24.04"
"15,93 : 65.76"
"15,94 : 55.95"
"15,95 : 42.01"
"15,96 : 34.01"
"15,97 : 36.67"
"15,98 : 34.83"
"15,99 : 19.1"
"16,0 : 75.29"
"16,1 : 53.0"
"16,2 : 52.7"
"16,3 : 38.08"
"16,4 : 18.11"
"16,5 : 45.22"
"16,6 : 18.25"
"16,7 : 41.01"
"16,8 : 92.48"
"16,9 : 25.24"
"16,10 : 39.45"
"16,11 : 79.12"
"16,12 : 25.5"
"16,13 : 37.64"
"16,14 : 30.02"
"16,15 : 19.92"
"16,16 : 0.0"
"16,17 : 42.45"
"16,18 : 28.07"
"16,19 : 36.06"
"16,20 : 70.94"
"16,21 : 11.05"
"16,22 : 60.54"
"16,23 : 47.01"
"16,24 : 50.7"
"16,25 : 82.86"
"16,26 : 26.0"
"16,27 : 71.7"
"16,28 : 56.86"
"16,29 : 35.69"
"16,30 : 102.88"
"16,31 : 72.11"
"16,32 : 86.68"
"16,33 : 17.49"
"16,34 : 48.17"
"16,35 : 15.26"
"16,36 : 78.45"
"16,37 : 91.24"
"16,38 : 17.0"
"16,39 : 36.22"
"16,40 : 84.97"
"16,41 : 75.64"
"16,42 : 31.06"
"16,43 : 44.38"
"16,44 : 22.8"
"16,45 : 78.0"
"16,46 : 47.17"
"16,47 : 63.32"
"16,48 : 47.89"
"16,49 : 51.62"
"16,50 : 87.32"
"16,51 : 60.64"
"16,52 : 84.01"
"16,53 : 10.05"
"16,54 : 37.66"
"16,55 : 91.59"
"16,56 : 25.24"
"16,57 : 45.65"
"16,58 : 87.37"
"16,59 : 20.4"
"16,60 : 96.14"
"16,61 : 93.65"
"16,62 : 66.53"
"16,63 : 55.23"
"16,64 : 57.8"
"16,65 : 38.47"
"16,66 : 79.76"
"16,67 : 49.65"
"16,68 : 44.01"
"16,69 : 99.85"
"16,70 : 75.47"
"16,71 : 13.34"
"16,72 : 89.29"
"16,73 : 54.45"
"16,74 : 53.0"
"16,75 : 63.06"
"16,76 : 60.42"
"16,77 : 34.13"
"16,78 : 41.59"
"16,79 : 6.71"
"16,80 : 57.8"
"16,81 : 28.07"
"16,82 : 39.46"
"16,83 : 52.8"
"16,84 : 96.93"
"16,85 : 89.27"
"16,86 : 36.06"
"16,87 : 30.59"
"16,88 : 80.78"
"16,89 : 20.12"
"16,90 : 95.52"
"16,91 : 53.34"
"16,92 : 11.18"
"16,93 : 77.18"
"16,94 : 75.58"
"16,95 : 51.26"
"16,96 : 37.34"
"16,97 : 49.4"
"16,98 : 29.12"
"16,99 : 30.23"
"17,0 : 41.59"
"17,1 : 58.69"
"17,2 : 59.44"
"17,3 : 17.09"
"17,4 : 55.23"
"17,5 : 44.64"
"17,6 : 58.01"
"17,7 : 76.97"
"17,8 : 55.23"
"17,9 : 18.79"
"17,10 : 9.49"
"17,11 : 68.01"
"17,12 : 16.97"
"17,13 : 58.42"
"17,14 : 57.28"
"17,15 : 37.0"
"17,16 : 42.45"
"17,17 : 0.0"
"17,18 : 63.95"
"17,19 : 49.01"
"17,20 : 78.45"
"17,21 : 36.06"
"17,22 : 21.1"
"17,23 : 8.25"
"17,24 : 18.87"
"17,25 : 48.17"
"17,26 : 39.62"
"17,27 : 29.41"
"17,28 : 21.84"
"17,29 : 36.22"
"17,30 : 62.94"
"17,31 : 74.85"
"17,32 : 74.97"
"17,33 : 25.61"
"17,34 : 61.2"
"17,35 : 41.15"
"17,36 : 63.66"
"17,37 : 60.64"
"17,38 : 41.44"
"17,39 : 25.5"
"17,40 : 45.89"
"17,41 : 71.02"
"17,42 : 46.27"
"17,43 : 74.73"
"17,44 : 20.25"
"17,45 : 55.23"
"17,46 : 12.53"
"17,47 : 54.92"
"17,48 : 12.53"
"17,49 : 9.43"
"17,50 : 77.99"
"17,51 : 31.76"
"17,52 : 66.84"
"17,53 : 36.62"
"17,54 : 76.16"
"17,55 : 50.7"
"17,56 : 52.81"
"17,57 : 11.4"
"17,58 : 46.1"
"17,59 : 34.79"
"17,60 : 60.03"
"17,61 : 90.97"
"17,62 : 24.08"
"17,63 : 33.94"
"17,64 : 16.16"
"17,65 : 47.1"
"17,66 : 78.77"
"17,67 : 87.21"
"17,68 : 33.54"
"17,69 : 59.46"
"17,70 : 34.79"
"17,71 : 54.04"
"17,72 : 76.38"
"17,73 : 42.72"
"17,74 : 16.28"
"17,75 : 63.16"
"17,76 : 22.0"
"17,77 : 59.44"
"17,78 : 37.36"
"17,79 : 36.24"
"17,80 : 19.0"
"17,81 : 31.14"
"17,82 : 72.45"
"17,83 : 13.04"
"17,84 : 87.78"
"17,85 : 56.72"
"17,86 : 60.02"
"17,87 : 25.02"
"17,88 : 68.62"
"17,89 : 41.48"
"17,90 : 54.78"
"17,91 : 17.46"
"17,92 : 34.13"
"17,93 : 36.69"
"17,94 : 72.2"
"17,95 : 78.09"
"17,96 : 70.94"
"17,97 : 71.18"
"17,98 : 69.07"
"17,99 : 55.79"
"18,0 : 86.02"
"18,1 : 43.0"
"18,2 : 42.01"
"18,3 : 64.33"
"18,4 : 10.0"
"18,5 : 43.32"
"18,6 : 11.18"
"18,7 : 13.34"
"18,8 : 104.4"
"18,9 : 50.45"
"18,10 : 57.69"
"18,11 : 74.24"
"18,12 : 48.1"
"18,13 : 22.02"
"18,14 : 13.15"
"18,15 : 27.8"
"18,16 : 28.07"
"18,17 : 63.95"
"18,18 : 0.0"
"18,19 : 29.12"
"18,20 : 55.03"
"18,21 : 28.46"
"18,22 : 77.34"
"18,23 : 70.38"
"18,24 : 65.07"
"18,25 : 93.48"
"18,26 : 28.43"
"18,27 : 91.02"
"18,28 : 71.42"
"18,29 : 39.12"
"18,30 : 117.03"
"18,31 : 59.23"
"18,32 : 81.06"
"18,33 : 39.22"
"18,34 : 34.23"
"18,35 : 22.83"
"18,36 : 76.12"
"18,37 : 97.94"
"18,38 : 44.15"
"18,39 : 46.69"
"18,40 : 99.16"
"18,41 : 67.07"
"18,42 : 26.4"
"18,43 : 17.49"
"18,44 : 47.54"
"18,45 : 80.99"
"18,46 : 71.78"
"18,47 : 60.02"
"18,48 : 64.82"
"18,49 : 73.36"
"18,50 : 80.02"
"18,51 : 70.8"
"18,52 : 82.38"
"18,53 : 28.16"
"18,54 : 12.73"
"18,55 : 107.48"
"18,56 : 13.89"
"18,57 : 62.8"
"18,58 : 104.0"
"18,59 : 30.0"
"18,60 : 106.78"
"18,61 : 81.25"
"18,62 : 86.82"
"18,63 : 62.43"
"18,64 : 76.84"
"18,65 : 33.53"
"18,66 : 68.07"
"18,67 : 23.26"
"18,68 : 72.01"
"18,69 : 114.69"
"18,70 : 92.02"
"18,71 : 15.81"
"18,72 : 84.1"
"18,73 : 56.08"
"18,74 : 77.49"
"18,75 : 54.01"
"18,76 : 76.49"
"18,77 : 16.03"
"18,78 : 44.29"
"18,79 : 34.01"
"18,80 : 74.52"
"18,81 : 36.77"
"18,82 : 11.7"
"18,83 : 76.16"
"18,84 : 88.36"
"18,85 : 97.62"
"18,86 : 18.11"
"18,87 : 58.14"
"18,88 : 76.32"
"18,89 : 47.3"
"18,90 : 111.04"
"18,91 : 78.11"
"18,92 : 39.0"
"18,93 : 93.38"
"18,94 : 66.19"
"18,95 : 25.61"
"18,96 : 9.49"
"18,97 : 27.78"
"18,98 : 10.0"
"18,99 : 15.3"
"19,0 : 59.4"
"19,1 : 17.0"
"19,2 : 16.64"
"19,3 : 57.01"
"19,4 : 28.07"
"19,5 : 14.32"
"19,6 : 33.06"
"19,7 : 37.44"
"19,8 : 77.79"
"19,9 : 44.01"
"19,10 : 40.2"
"19,11 : 46.04"
"19,12 : 38.6"
"19,13 : 10.82"
"19,14 : 16.16"
"19,15 : 17.8"
"19,16 : 36.06"
"19,17 : 49.01"
"19,18 : 29.12"
"19,19 : 0.0"
"19,20 : 35.38"
"19,21 : 26.87"
"19,22 : 55.54"
"19,23 : 57.01"
"19,24 : 42.54"
"19,25 : 66.53"
"19,26 : 11.66"
"19,27 : 70.58"
"19,28 : 48.3"
"19,29 : 13.93"
"19,30 : 91.35"
"19,31 : 36.06"
"19,32 : 53.24"
"19,33 : 32.65"
"19,34 : 13.42"
"19,35 : 20.81"
"19,36 : 47.27"
"19,37 : 69.46"
"19,38 : 51.66"
"19,39 : 24.74"
"19,40 : 74.03"
"19,41 : 40.52"
"19,42 : 5.0"
"19,43 : 29.83"
"19,44 : 41.23"
"19,45 : 52.0"
"19,46 : 60.21"
"19,47 : 31.14"
"19,48 : 44.64"
"19,49 : 57.31"
"19,50 : 52.95"
"19,51 : 44.69"
"19,52 : 53.46"
"19,53 : 27.59"
"19,54 : 40.72"
"19,55 : 83.23"
"19,56 : 16.03"
"19,57 : 43.17"
"19,58 : 80.45"
"19,59 : 18.87"
"19,60 : 79.51"
"19,61 : 57.71"
"19,62 : 67.72"
"19,63 : 35.36"
"19,64 : 57.28"
"19,65 : 4.47"
"19,66 : 43.83"
"19,67 : 47.8"
"19,68 : 70.26"
"19,69 : 89.5"
"19,70 : 68.96"
"19,71 : 33.73"
"19,72 : 56.14"
"19,73 : 27.29"
"19,74 : 65.03"
"19,75 : 27.51"
"19,76 : 54.13"
"19,77 : 15.0"
"19,78 : 17.03"
"19,79 : 37.48"
"19,80 : 52.92"
"19,81 : 18.11"
"19,82 : 30.61"
"19,83 : 62.03"
"19,84 : 62.1"
"19,85 : 69.63"
"19,86 : 14.14"
"19,87 : 55.46"
"19,88 : 48.01"
"19,89 : 54.45"
"19,90 : 86.4"
"19,91 : 66.07"
"19,92 : 41.77"
"19,93 : 69.97"
"19,94 : 40.16"
"19,95 : 30.46"
"19,96 : 30.23"
"19,97 : 22.36"
"19,98 : 38.83"
"19,99 : 13.93"
"20,0 : 70.34"
"20,1 : 20.12"
"20,2 : 19.72"
"20,3 : 89.9"
"20,4 : 59.06"
"20,5 : 33.84"
"20,6 : 63.51"
"20,7 : 55.23"
"20,8 : 86.16"
"20,9 : 78.03"
"20,10 : 68.96"
"20,11 : 32.56"
"20,12 : 72.07"
"20,13 : 34.48"
"20,14 : 43.83"
"20,15 : 53.15"
"20,16 : 70.94"
"20,17 : 78.45"
"20,18 : 55.03"
"20,19 : 35.38"
"20,20 : 0.0"
"20,21 : 62.24"
"20,22 : 77.03"
"20,23 : 86.68"
"20,24 : 65.38"
"20,25 : 75.27"
"20,26 : 46.86"
"20,27 : 92.01"
"20,28 : 69.03"
"20,29 : 43.38"
"20,30 : 101.02"
"20,31 : 8.49"
"20,32 : 35.81"
"20,33 : 67.42"
"20,34 : 22.8"
"20,35 : 55.9"
"20,36 : 38.6"
"20,37 : 70.83"
"20,38 : 86.98"
"20,39 : 53.14"
"20,40 : 86.83"
"20,41 : 21.21"
"20,42 : 40.31"
"20,43 : 43.1"
"20,44 : 75.47"
"20,45 : 51.88"
"20,46 : 90.76"
"20,47 : 29.83"
"20,48 : 70.04"
"20,49 : 84.93"
"20,50 : 32.25"
"20,51 : 60.21"
"20,52 : 43.93"
"20,53 : 62.94"
"20,54 : 61.66"
"20,55 : 97.02"
"20,56 : 47.17"
"20,57 : 69.43"
"20,58 : 95.9"
"20,59 : 54.04"
"20,60 : 85.43"
"20,61 : 27.02"
"20,62 : 91.14"
"20,63 : 51.01"
"20,64 : 81.39"
"20,65 : 34.41"
"20,66 : 16.16"
"20,67 : 62.07"
"20,68 : 104.45"
"20,69 : 100.57"
"20,70 : 86.58"
"20,71 : 65.86"
"20,72 : 38.83"
"20,73 : 39.0"
"20,74 : 94.64"
"20,75 : 17.12"
"20,76 : 75.01"
"20,77 : 39.81"
"20,78 : 41.11"
"20,79 : 72.84"
"20,80 : 75.11"
"20,81 : 51.11"
"20,82 : 48.51"
"20,83 : 90.71"
"20,84 : 37.36"
"20,85 : 73.79"
"20,86 : 37.58"
"20,87 : 89.89"
"20,88 : 34.66"
"20,89 : 89.81"
"20,90 : 99.04"
"20,91 : 95.88"
"20,92 : 77.16"
"20,93 : 86.83"
"20,94 : 19.1"
"20,95 : 36.06"
"20,96 : 49.82"
"20,97 : 28.28"
"20,98 : 64.56"
"20,99 : 42.54"
"21,0 : 65.19"
"21,1 : 43.42"
"21,2 : 43.28"
"21,3 : 36.22"
"21,4 : 19.24"
"21,5 : 34.54"
"21,6 : 22.02"
"21,7 : 41.76"
"21,8 : 82.76"
"21,9 : 22.2"
"21,10 : 31.14"
"21,11 : 68.31"
"21,12 : 19.7"
"21,13 : 30.87"
"21,14 : 25.32"
"21,15 : 9.43"
"21,16 : 11.05"
"21,17 : 36.06"
"21,18 : 28.46"
"21,19 : 26.87"
"21,20 : 62.24"
"21,21 : 0.0"
"21,22 : 52.01"
"21,23 : 42.05"
"21,24 : 41.18"
"21,25 : 72.8"
"21,26 : 15.81"
"21,27 : 64.38"
"21,28 : 47.51"
"21,29 : 24.74"
"21,30 : 93.81"
"21,31 : 62.63"
"21,32 : 75.89"
"21,33 : 10.77"
"21,34 : 39.82"
"21,35 : 7.28"
"21,36 : 67.47"
"21,37 : 80.6"
"21,38 : 24.84"
"21,39 : 25.5"
"21,40 : 75.8"
"21,41 : 65.3"
"21,42 : 21.93"
"21,43 : 42.0"
"21,44 : 19.24"
"21,45 : 67.01"
"21,46 : 43.32"
"21,47 : 52.5"
"21,48 : 39.2"
"21,49 : 45.49"
"21,50 : 76.69"
"21,51 : 50.29"
"21,52 : 72.99"
"21,53 : 1.0"
"21,54 : 40.25"
"21,55 : 83.01"
"21,56 : 20.22"
"21,57 : 37.01"
"21,58 : 79.03"
"21,59 : 9.49"
"21,60 : 86.16"
"21,61 : 83.76"
"21,62 : 59.67"
"21,63 : 44.41"
"21,64 : 50.21"
"21,65 : 28.6"
"21,66 : 69.89"
"21,67 : 51.62"
"21,68 : 46.1"
"21,69 : 90.97"
"21,70 : 67.01"
"21,71 : 18.44"
"21,72 : 78.45"
"21,73 : 43.42"
"21,74 : 49.04"
"21,75 : 53.0"
"21,76 : 51.61"
"21,77 : 28.86"
"21,78 : 30.59"
"21,79 : 10.63"
"21,80 : 49.2"
"21,81 : 17.03"
"21,82 : 38.33"
"21,83 : 47.85"
"21,84 : 86.41"
"21,85 : 78.85"
"21,86 : 30.36"
"21,87 : 31.4"
"21,88 : 69.92"
"21,89 : 27.59"
"21,90 : 86.84"
"21,91 : 49.65"
"21,92 : 15.0"
"21,93 : 68.6"
"21,94 : 65.37"
"21,95 : 47.52"
"21,96 : 36.5"
"21,97 : 43.66"
"21,98 : 33.02"
"21,99 : 24.74"
"22,0 : 21.93"
"22,1 : 59.41"
"22,2 : 60.53"
"22,3 : 37.22"
"22,4 : 70.01"
"22,5 : 45.89"
"22,6 : 73.66"
"22,7 : 89.4"
"22,8 : 34.13"
"22,9 : 39.29"
"22,10 : 21.1"
"22,11 : 58.18"
"22,12 : 35.85"
"22,13 : 66.21"
"22,14 : 67.96"
"22,15 : 49.58"
"22,16 : 60.54"
"22,17 : 21.1"
"22,18 : 77.34"
"22,19 : 55.54"
"22,20 : 77.03"
"22,21 : 52.01"
"22,22 : 0.0"
"22,23 : 23.77"
"22,24 : 13.0"
"22,25 : 27.66"
"22,26 : 49.65"
"22,27 : 15.3"
"22,28 : 8.0"
"22,29 : 41.63"
"22,30 : 42.54"
"22,31 : 71.45"
"22,32 : 64.01"
"22,33 : 43.05"
"22,34 : 65.0"
"22,35 : 55.15"
"22,36 : 52.35"
"22,37 : 41.23"
"22,38 : 62.1"
"22,39 : 31.38"
"22,40 : 25.0"
"22,41 : 64.29"
"22,42 : 54.59"
"22,43 : 84.6"
"22,44 : 40.16"
"22,45 : 40.46"
"22,46 : 28.46"
"22,47 : 48.84"
"22,48 : 12.81"
"22,49 : 17.09"
"22,50 : 67.98"
"22,51 : 18.38"
"22,52 : 53.82"
"22,53 : 52.8"
"22,54 : 90.03"
"22,55 : 31.06"
"22,56 : 64.4"
"22,57 : 15.0"
"22,58 : 27.02"
"22,59 : 47.42"
"22,60 : 39.0"
"22,61 : 83.22"
"22,62 : 14.32"
"22,63 : 26.17"
"22,64 : 7.21"
"22,65 : 52.2"
"22,66 : 73.01"
"22,67 : 100.0"
"22,68 : 52.63"
"22,69 : 39.36"
"22,70 : 15.0"
"22,71 : 70.43"
"22,72 : 64.66"
"22,73 : 38.05"
"22,74 : 27.78"
"22,75 : 60.13"
"22,76 : 2.24"
"22,77 : 68.96"
"22,78 : 39.56"
"22,79 : 55.01"
"22,80 : 2.83"
"22,81 : 40.8"
"22,82 : 83.76"
"22,83 : 22.83"
"22,84 : 77.03"
"22,85 : 36.69"
"22,86 : 68.88"
"22,87 : 46.01"
"22,88 : 58.14"
"22,89 : 62.37"
"22,90 : 34.99"
"22,91 : 29.15"
"22,92 : 53.85"
"22,93 : 16.64"
"22,94 : 65.97"
"22,95 : 86.01"
"22,96 : 82.66"
"22,97 : 77.49"
"22,98 : 84.15"
"22,99 : 66.04"
"23,0 : 45.54"
"23,1 : 66.94"
"23,2 : 67.68"
"23,3 : 14.14"
"23,4 : 61.27"
"23,5 : 52.89"
"23,6 : 63.63"
"23,7 : 83.57"
"23,8 : 57.08"
"23,9 : 21.93"
"23,10 : 17.72"
"23,11 : 75.43"
"23,12 : 22.36"
"23,13 : 66.19"
"23,14 : 64.54"
"23,15 : 44.15"
"23,16 : 47.01"
"23,17 : 8.25"
"23,18 : 70.38"
"23,19 : 57.01"
"23,20 : 86.68"
"23,21 : 42.05"
"23,22 : 23.77"
"23,23 : 0.0"
"23,24 : 25.46"
"23,25 : 51.42"
"23,26 : 47.27"
"23,27 : 27.51"
"23,28 : 26.93"
"23,29 : 44.41"
"23,30 : 62.97"
"23,31 : 83.01"
"23,32 : 82.22"
"23,33 : 31.3"
"23,34 : 69.35"
"23,35 : 47.76"
"23,36 : 70.77"
"23,37 : 64.85"
"23,38 : 43.05"
"23,39 : 33.73"
"23,40 : 47.01"
"23,41 : 78.89"
"23,42 : 54.08"
"23,43 : 82.0"
"23,44 : 24.21"
"23,45 : 61.4"
"23,46 : 5.0"
"23,47 : 62.77"
"23,48 : 19.1"
"23,49 : 7.0"
"23,50 : 85.43"
"23,51 : 37.8"
"23,52 : 73.59"
"23,53 : 42.49"
"23,54 : 82.29"
"23,55 : 50.22"
"23,56 : 59.91"
"23,57 : 18.6"
"23,58 : 45.35"
"23,59 : 41.98"
"23,60 : 62.29"
"23,61 : 98.79"
"23,62 : 21.54"
"23,63 : 41.23"
"23,64 : 17.12"
"23,65 : 55.23"
"23,66 : 86.77"
"23,67 : 93.62"
"23,68 : 28.86"
"23,69 : 59.23"
"23,70 : 35.13"
"23,71 : 59.36"
"23,72 : 83.49"
"23,73 : 50.61"
"23,74 : 8.06"
"23,75 : 71.31"
"23,76 : 25.3"
"23,77 : 66.91"
"23,78 : 45.61"
"23,79 : 40.46"
"23,80 : 22.47"
"23,81 : 39.01"
"23,82 : 79.4"
"23,83 : 5.83"
"23,84 : 95.13"
"23,85 : 60.44"
"23,86 : 67.6"
"23,87 : 24.04"
"23,88 : 75.93"
"23,89 : 42.49"
"23,90 : 54.34"
"23,91 : 9.22"
"23,92 : 37.48"
"23,93 : 37.12"
"23,94 : 80.13"
"23,95 : 85.71"
"23,96 : 77.79"
"23,97 : 79.06"
"23,98 : 74.79"
"23,99 : 63.15"
"24,0 : 25.18"
"24,1 : 47.04"
"24,2 : 48.09"
"24,3 : 35.78"
"24,4 : 58.26"
"24,5 : 33.24"
"24,6 : 62.2"
"24,7 : 76.84"
"24,8 : 41.79"
"24,9 : 33.06"
"24,10 : 13.04"
"24,11 : 50.22"
"24,12 : 28.07"
"24,13 : 53.23"
"24,14 : 55.22"
"24,15 : 37.54"
"24,16 : 50.7"
"24,17 : 18.87"
"24,18 : 65.07"
"24,19 : 42.54"
"24,20 : 65.38"
"24,21 : 41.18"
"24,22 : 13.0"
"24,23 : 25.46"
"24,24 : 0.0"
"24,25 : 32.56"
"24,26 : 37.01"
"24,27 : 28.16"
"24,28 : 6.4"
"24,29 : 28.64"
"24,30 : 52.7"
"24,31 : 60.42"
"24,32 : 56.85"
"24,33 : 33.53"
"24,34 : 52.17"
"24,35 : 43.42"
"24,36 : 45.34"
"24,37 : 43.19"
"24,38 : 55.15"
"24,39 : 18.6"
"24,40 : 34.67"
"24,41 : 54.63"
"24,42 : 41.68"
"24,43 : 71.69"
"24,44 : 33.02"
"24,45 : 36.36"
"24,46 : 30.41"
"24,47 : 38.63"
"24,48 : 6.4"
"24,49 : 21.1"
"24,50 : 60.22"
"24,51 : 13.0"
"24,52 : 48.17"
"24,53 : 42.06"
"24,54 : 77.79"
"24,55 : 42.45"
"24,56 : 51.86"
"24,57 : 7.62"
"24,58 : 38.95"
"24,59 : 35.47"
"24,60 : 45.61"
"24,61 : 74.24"
"24,62 : 26.08"
"24,63 : 16.12"
"24,64 : 16.03"
"24,65 : 39.22"
"24,66 : 62.97"
"24,67 : 87.46"
"24,68 : 52.35"
"24,69 : 50.0"
"24,70 : 27.02"
"24,71 : 59.36"
"24,72 : 58.05"
"24,73 : 26.93"
"24,74 : 32.2"
"24,75 : 48.84"
"24,76 : 11.66"
"24,77 : 56.08"
"24,78 : 26.68"
"24,79 : 45.88"
"24,80 : 10.44"
"24,81 : 28.32"
"24,82 : 71.03"
"24,83 : 27.46"
"24,84 : 69.81"
"24,85 : 40.01"
"24,86 : 55.95"
"24,87 : 42.45"
"24,88 : 50.61"
"24,89 : 56.01"
"24,90 : 46.1"
"24,91 : 33.6"
"24,92 : 45.71"
"24,93 : 28.32"
"24,94 : 56.08"
"24,95 : 73.01"
"24,96 : 70.0"
"24,97 : 64.51"
"24,98 : 72.35"
"24,99 : 53.25"
"25,0 : 7.62"
"25,1 : 62.97"
"25,2 : 64.35"
"25,3 : 64.78"
"25,4 : 88.19"
"25,5 : 53.08"
"25,6 : 92.59"
"25,7 : 103.71"
"25,8 : 11.4"
"25,9 : 65.12"
"25,10 : 45.28"
"25,11 : 47.1"
"25,12 : 60.53"
"25,13 : 77.08"
"25,14 : 81.84"
"25,15 : 67.54"
"25,16 : 82.86"
"25,17 : 48.17"
"25,18 : 93.48"
"25,19 : 66.53"
"25,20 : 75.27"
"25,21 : 72.8"
"25,22 : 27.66"
"25,23 : 51.42"
"25,24 : 32.56"
"25,25 : 0.0"
"25,26 : 65.19"
"25,27 : 31.89"
"25,28 : 27.07"
"25,29 : 54.41"
"25,30 : 25.94"
"25,31 : 67.72"
"25,32 : 50.16"
"25,33 : 65.97"
"25,34 : 71.4"
"25,35 : 73.79"
"25,36 : 40.05"
"25,37 : 14.87"
"25,38 : 87.57"
"25,39 : 47.85"
"25,40 : 13.34"
"25,41 : 56.89"
"25,42 : 67.62"
"25,43 : 96.17"
"25,44 : 65.38"
"25,45 : 25.02"
"25,46 : 56.04"
"25,47 : 45.69"
"25,48 : 37.05"
"25,49 : 44.64"
"25,50 : 55.08"
"25,51 : 22.83"
"25,52 : 38.21"
"25,53 : 73.74"
"25,54 : 106.02"
"25,55 : 23.02"
"25,56 : 79.63"
"25,57 : 39.12"
"25,58 : 23.77"
"25,59 : 65.74"
"25,60 : 13.42"
"25,61 : 72.03"
"25,62 : 36.06"
"25,63 : 31.24"
"25,64 : 34.48"
"25,65 : 62.24"
"25,66 : 65.76"
