x,y
0,63
53,57
37,85
15,6
82,41
77,95
78,33
33,82
75,14
4,1
54,25
63,48
19,78
94,36
86,6
79,13
11,91
57,37
41,61
74,61
28,47
70,69
5,64
98,73
31,33
44,97
99,14
30,19
68,89
45,97
73,83
47,54
98,90
55,85
44,62
94,19
37,50
27,97
2,87
12,44
96,67
38,18
92,79
42,36
81,31
47,75
11,43
63,59
60,77
1,69
29,76
19,91
46,14
49,33
99,48
13,23
65,64
91,23
12,99
76,92
21,10
22,15
60,3
35,5
74,68
96,86
69,87
48,25
50,5
56,35
7,39
67,13
4,38
53,9
90,37
23,0
9,1
87,50
42,35
32,68
97,52
69,26
87,14
69,73
62,100
66,17
18,82
12,66
22,29
51,37
21,68
16,76
88,14
57,9
99,65
8,76
67,92
42,7
14,62
25,96

Distanze
"0,0 : 0.0"
"0,1 : 53.34"
"0,2 : 43.05"
"0,3 : 58.94"
"0,4 : 84.9"
"0,5 : 83.38"
"0,6 : 83.57"
"0,7 : 38.08"
"0,8 : 89.59"
"0,9 : 62.13"
"0,10 : 66.03"
"0,11 : 64.76"
"0,12 : 24.21"
"0,13 : 97.8"
"0,14 : 103.17"
"0,15 : 93.49"
"0,16 : 30.08"
"0,17 : 62.65"
"0,18 : 41.05"
"0,19 : 74.03"
"0,20 : 32.25"
"0,21 : 70.26"
"0,22 : 5.1"
"0,23 : 98.51"
"0,24 : 43.14"
"0,25 : 55.61"
"0,26 : 110.46"
"0,27 : 53.25"
"0,28 : 72.8"
"0,29 : 56.4"
"0,30 : 75.69"
"0,31 : 47.85"
"0,32 : 101.65"
"0,33 : 59.24"
"0,34 : 44.01"
"0,35 : 103.79"
"0,36 : 39.22"
"0,37 : 43.42"
"0,38 : 24.08"
"0,39 : 22.47"
"0,40 : 96.08"
"0,41 : 58.9"
"0,42 : 93.38"
"0,43 : 49.93"
"0,44 : 87.09"
"0,45 : 48.51"
"0,46 : 22.83"
"0,47 : 63.13"
"0,48 : 61.61"
"0,49 : 6.08"
"0,50 : 31.78"
"0,51 : 33.84"
"0,52 : 67.21"
"0,53 : 57.45"
"0,54 : 100.13"
"0,55 : 42.06"
"0,56 : 65.01"
"0,57 : 99.4"
"0,58 : 37.95"
"0,59 : 81.34"
"0,60 : 57.01"
"0,61 : 52.8"
"0,62 : 84.85"
"0,63 : 67.74"
"0,64 : 74.17"
"0,65 : 98.72"
"0,66 : 73.05"
"0,67 : 61.22"
"0,68 : 76.58"
"0,69 : 62.61"
"0,70 : 25.0"
"0,71 : 83.6"
"0,72 : 25.32"
"0,73 : 75.66"
"0,74 : 93.68"
"0,75 : 67.07"
"0,76 : 62.65"
"0,77 : 87.97"
"0,78 : 50.48"
"0,79 : 32.39"
"0,80 : 97.62"
"0,81 : 78.29"
"0,82 : 99.85"
"0,83 : 69.72"
"0,84 : 72.2"
"0,85 : 80.45"
"0,86 : 26.17"
"0,87 : 12.37"
"0,88 : 40.5"
"0,89 : 57.25"
"0,90 : 21.59"
"0,91 : 20.62"
"0,92 : 100.72"
"0,93 : 78.52"
"0,94 : 99.02"
"0,95 : 15.26"
"0,96 : 73.01"
"0,97 : 70.0"
"0,98 : 14.04"
"0,99 : 41.4"
"1,0 : 53.34"
"1,1 : 0.0"
"1,2 : 32.25"
"1,3 : 63.6"
"1,4 : 33.12"
"1,5 : 44.94"
"1,6 : 34.66"
"1,7 : 32.02"
"1,8 : 48.3"
"1,9 : 74.41"
"1,10 : 32.02"
"1,11 : 13.45"
"1,12 : 39.96"
"1,13 : 46.07"
"1,14 : 60.75"
"1,15 : 51.11"
"1,16 : 54.04"
"1,17 : 20.4"
"1,18 : 12.65"
"1,19 : 21.38"
"1,20 : 26.93"
"1,21 : 20.81"
"1,22 : 48.51"
"1,23 : 47.76"
"1,24 : 32.56"
"1,25 : 41.0"
"1,26 : 62.97"
"1,27 : 44.42"
"1,28 : 35.34"
"1,29 : 40.79"
"1,30 : 32.8"
"1,31 : 6.71"
"1,32 : 55.8"
"1,33 : 28.07"
"1,34 : 10.3"
"1,35 : 55.9"
"1,36 : 17.46"
"1,37 : 47.71"
"1,38 : 59.17"
"1,39 : 43.01"
"1,40 : 44.15"
"1,41 : 41.79"
"1,42 : 44.78"
"1,43 : 23.71"
"1,44 : 38.21"
"1,45 : 18.97"
"1,46 : 44.27"
"1,47 : 10.2"
"1,48 : 21.19"
"1,49 : 53.37"
"1,50 : 30.61"
"1,51 : 48.08"
"1,52 : 43.57"
"1,53 : 24.33"
"1,54 : 46.87"
"1,55 : 52.5"
"1,56 : 13.89"
"1,57 : 50.99"
"1,58 : 58.69"
"1,59 : 41.88"
"1,60 : 56.86"
"1,61 : 52.2"
"1,62 : 54.45"
"1,63 : 55.03"
"1,64 : 23.71"
"1,65 : 51.87"
"1,66 : 34.0"
"1,67 : 32.39"
"1,68 : 52.09"
"1,69 : 22.2"
"1,70 : 49.4"
"1,71 : 46.17"
"1,72 : 52.55"
"1,73 : 48.0"
"1,74 : 42.06"
"1,75 : 64.41"
"1,76 : 71.22"
"1,77 : 34.71"
"1,78 : 24.6"
"1,79 : 23.71"
"1,80 : 44.28"
"1,81 : 34.89"
"1,82 : 54.82"
"1,83 : 22.63"
"1,84 : 43.93"
"1,85 : 42.06"
"1,86 : 43.01"
"1,87 : 41.98"
"1,88 : 41.77"
"1,89 : 20.1"
"1,90 : 33.84"
"1,91 : 41.59"
"1,92 : 55.44"
"1,93 : 48.17"
"1,94 : 46.69"
"1,95 : 48.85"
"1,96 : 37.7"
"1,97 : 51.2"
"1,98 : 39.32"
"1,99 : 48.01"
"2,0 : 43.05"
"2,1 : 32.25"
"2,2 : 0.0"
"2,3 : 82.01"
"2,4 : 62.94"
"2,5 : 41.23"
"2,6 : 66.22"
"2,7 : 5.0"
"2,8 : 80.53"
"2,9 : 90.25"
"2,10 : 62.36"
"2,11 : 45.22"
"2,12 : 19.31"
"2,13 : 75.17"
"2,14 : 92.96"
"2,15 : 83.35"
"2,16 : 26.68"
"2,17 : 52.0"
"2,18 : 24.33"
"2,19 : 44.1"
"2,20 : 39.05"
"2,21 : 36.67"
"2,22 : 38.28"
"2,23 : 62.17"
"2,24 : 52.35"
"2,25 : 13.89"
"2,26 : 94.26"
"2,27 : 66.37"
"2,28 : 31.26"
"2,29 : 14.42"
"2,30 : 36.06"
"2,31 : 32.57"
"2,32 : 61.2"
"2,33 : 18.0"
"2,34 : 24.04"
"2,35 : 87.21"
"2,36 : 35.0"
"2,37 : 15.62"
"2,38 : 35.06"
"2,39 : 48.02"
"2,40 : 61.68"
"2,41 : 67.01"
"2,42 : 55.33"
"2,43 : 49.25"
"2,44 : 69.66"
"2,45 : 14.14"
"2,46 : 49.4"
"2,47 : 36.77"
"2,48 : 24.35"
"2,49 : 39.4"
"2,50 : 12.04"
"2,51 : 18.97"
"2,52 : 71.57"
"2,53 : 53.37"
"2,54 : 72.2"
"2,55 : 66.48"
"2,56 : 35.0"
"2,57 : 82.22"
"2,58 : 28.65"
"2,59 : 39.62"
"2,60 : 76.69"
"2,61 : 71.59"
"2,62 : 85.16"
"2,63 : 80.02"
"2,64 : 40.72"
"2,65 : 59.01"
"2,66 : 32.06"
"2,67 : 61.0"
"2,68 : 81.05"
"2,69 : 53.49"
"2,70 : 54.92"
"2,71 : 78.0"
"2,72 : 57.43"
"2,73 : 77.67"
"2,74 : 71.51"
"2,75 : 86.15"
"2,76 : 88.54"
"2,77 : 61.03"
"2,78 : 50.25"
"2,79 : 17.72"
"2,80 : 68.48"
"2,81 : 67.12"
"2,82 : 86.84"
"2,83 : 34.18"
"2,84 : 29.15"
"2,85 : 73.93"
"2,86 : 19.24"
"2,87 : 31.4"
"2,88 : 57.97"
"2,89 : 50.0"
"2,90 : 23.35"
"2,91 : 22.85"
"2,92 : 87.42"
"2,93 : 78.59"
"2,94 : 65.15"
"2,95 : 30.36"
"2,96 : 30.81"
"2,97 : 78.16"
"2,98 : 32.53"
"2,99 : 16.28"
"3,0 : 58.94"
"3,1 : 63.6"
"3,2 : 82.01"
"3,3 : 0.0"
"3,4 : 75.59"
"3,5 : 108.47"
"3,6 : 68.54"
"3,7 : 78.1"
"3,8 : 60.53"
"3,9 : 12.08"
"3,10 : 43.38"
"3,11 : 63.78"
"3,12 : 72.11"
"3,13 : 84.5"
"3,14 : 71.0"
"3,15 : 64.38"
"3,16 : 85.09"
"3,17 : 52.2"
"3,18 : 60.84"
"3,19 : 80.66"
"3,20 : 43.01"
"3,21 : 83.63"
"3,22 : 58.86"
"3,23 : 106.67"
"3,24 : 31.38"
"3,25 : 95.51"
"3,26 : 84.38"
"3,27 : 19.85"
"3,28 : 98.48"
"3,29 : 95.82"
"3,30 : 96.4"
"3,31 : 57.69"
"3,32 : 118.09"
"3,33 : 88.55"
"3,34 : 63.06"
"3,35 : 80.06"
"3,36 : 49.19"
"3,37 : 91.79"
"3,38 : 82.04"
"3,39 : 38.12"
"3,40 : 101.4"
"3,41 : 25.94"
"3,42 : 106.1"
"3,43 : 40.36"
"3,44 : 70.58"
"3,45 : 76.06"
"3,46 : 37.22"
"3,47 : 71.51"
"3,48 : 84.06"
"3,49 : 64.54"
"3,50 : 71.39"
"3,51 : 85.09"
"3,52 : 32.02"
"3,53 : 43.42"
"3,54 : 93.91"
"3,55 : 17.12"
"3,56 : 76.58"
"3,57 : 77.88"
"3,58 : 93.05"
"3,59 : 105.44"
"3,60 : 7.21"
"3,61 : 11.4"
"3,62 : 45.1"
"3,63 : 20.02"
"3,64 : 85.59"
"3,65 : 113.85"
"3,66 : 97.35"
"3,67 : 38.08"
"3,68 : 35.01"
"3,69 : 50.22"
"3,70 : 33.96"
"3,71 : 52.47"
"3,72 : 33.84"
"3,73 : 38.12"
"3,74 : 81.15"
"3,75 : 10.0"
"3,76 : 7.81"
"3,77 : 84.38"
"3,78 : 39.62"
"3,79 : 64.29"
"3,80 : 94.02"
"3,81 : 57.58"
"3,82 : 72.44"
"3,83 : 86.05"
"3,84 : 105.1"
"3,85 : 52.17"
"3,86 : 76.06"
"3,87 : 60.07"
"3,88 : 24.04"
"3,89 : 47.51"
"3,90 : 62.29"
"3,91 : 70.01"
"3,92 : 73.44"
"3,93 : 42.11"
"3,94 : 102.65"
"3,95 : 70.35"
"3,96 : 100.5"
"3,97 : 27.02"
"3,98 : 56.01"
"3,99 : 90.55"
"4,0 : 84.9"
"4,1 : 33.12"
"4,2 : 62.94"
"4,3 : 75.59"
"4,4 : 0.0"
"4,5 : 54.23"
"4,6 : 8.94"
"4,7 : 63.89"
"4,8 : 27.89"
"4,9 : 87.66"
"4,10 : 32.25"
"4,11 : 20.25"
"4,12 : 73.06"
"4,13 : 13.0"
"4,14 : 35.23"
"4,15 : 28.16"
"4,16 : 86.84"
"4,17 : 25.32"
"4,18 : 45.62"
"4,19 : 21.54"
"4,20 : 54.33"
"4,21 : 30.46"
"4,22 : 80.36"
"4,23 : 35.78"
"4,24 : 51.62"
"4,25 : 67.68"
"4,26 : 31.91"
"4,27 : 56.46"
"4,28 : 50.0"
"4,29 : 67.12"
"4,30 : 42.95"
"4,31 : 37.34"
"4,32 : 51.55"
"4,33 : 51.62"
"4,34 : 43.42"
"4,35 : 25.06"
"4,36 : 45.89"
"4,37 : 78.49"
"4,38 : 92.28"
"4,39 : 70.06"
"4,40 : 29.53"
"4,41 : 49.65"
"4,42 : 39.29"
"4,43 : 40.31"
"4,44 : 10.05"
"4,45 : 48.8"
"4,46 : 71.03"
"4,47 : 26.17"
"4,48 : 42.19"
"4,49 : 85.7"
"4,50 : 63.51"
"4,51 : 80.43"
"4,52 : 45.0"
"4,53 : 33.96"
"4,54 : 18.38"
"4,55 : 71.31"
"4,56 : 28.6"
"4,57 : 20.12"
"4,58 : 90.91"
"4,59 : 51.35"
"4,60 : 68.43"
"4,61 : 65.39"
"4,62 : 43.91"
"4,63 : 59.2"
"4,64 : 28.16"
"4,65 : 47.13"
"4,66 : 47.8"
"4,67 : 37.58"
"4,68 : 48.17"
"4,69 : 26.68"
"4,70 : 75.03"
"4,71 : 31.76"
"4,72 : 78.06"
"4,73 : 43.19"
"4,74 : 8.94"
"4,75 : 71.85"
"4,76 : 83.24"
"4,77 : 10.3"
"4,78 : 40.45"
"4,79 : 56.82"
"4,80 : 18.6"
"4,81 : 19.85"
"4,82 : 27.46"
"4,83 : 34.54"
"4,84 : 62.3"
"4,85 : 28.84"
"4,86 : 76.01"
"4,87 : 74.33"
"4,88 : 61.19"
"4,89 : 31.26"
"4,90 : 66.71"
"4,91 : 74.71"
"4,92 : 27.66"
"4,93 : 40.61"
"4,94 : 29.41"
"4,95 : 81.86"
"4,96 : 53.16"
"4,97 : 52.5"
"4,98 : 71.17"
"4,99 : 79.21"
"5,0 : 83.38"
"5,1 : 44.94"
"5,2 : 41.23"
"5,3 : 108.47"
"5,4 : 54.23"
"5,5 : 0.0"
"5,6 : 62.01"
"5,7 : 45.88"
"5,8 : 81.02"
"5,9 : 119.02"
"5,10 : 73.68"
"5,11 : 49.04"
"5,12 : 60.44"
"5,13 : 61.4"
"5,14 : 89.45"
"5,15 : 82.02"
"5,16 : 66.12"
"5,17 : 61.35"
"5,18 : 49.52"
"5,19 : 34.13"
"5,20 : 68.59"
"5,21 : 26.93"
"5,22 : 78.39"
"5,23 : 30.41"
"5,24 : 77.2"
"5,25 : 33.06"
"5,26 : 83.93"
"5,27 : 89.36"
"5,28 : 10.82"
"5,29 : 32.06"
"5,30 : 12.65"
"5,31 : 50.8"
"5,32 : 21.59"
"5,33 : 24.17"
"5,34 : 46.67"
"5,35 : 77.88"
"5,36 : 60.21"
"5,37 : 50.04"
"5,38 : 75.43"
"5,39 : 82.62"
"5,40 : 33.84"
"5,41 : 86.31"
"5,42 : 21.93"
"5,43 : 68.6"
"5,44 : 64.12"
"5,45 : 36.06"
"5,46 : 84.02"
"5,47 : 38.63"
"5,48 : 24.76"
"5,49 : 80.32"
"5,50 : 51.62"
"5,51 : 58.14"
"5,52 : 86.73"
"5,53 : 68.03"
"5,54 : 51.89"
"5,55 : 96.33"
"5,56 : 33.24"
"5,57 : 73.35"
"5,58 : 65.12"
"5,59 : 3.16"
"5,60 : 101.79"
"5,61 : 97.08"
"5,62 : 93.56"
"5,63 : 99.32"
"5,64 : 27.17"
"5,65 : 21.02"
"5,66 : 11.31"
"5,67 : 75.77"
"5,68 : 93.96"
"5,69 : 63.57"
"5,70 : 89.64"
"5,71 : 82.61"
"5,72 : 92.62"
"5,73 : 89.29"
"5,74 : 59.44"
"5,75 : 109.27"
"5,76 : 116.02"
"5,77 : 46.1"
"5,78 : 69.46"
"5,79 : 52.48"
"5,80 : 47.42"
"5,81 : 69.46"
"5,82 : 81.61"
"5,83 : 23.41"
"5,84 : 15.81"
"5,85 : 78.77"
"5,86 : 60.42"
"5,87 : 71.18"
"5,88 : 85.91"
"5,89 : 63.56"
"5,90 : 62.17"
"5,91 : 63.89"
"5,92 : 81.74"
"5,93 : 88.29"
"5,94 : 37.2"
"5,95 : 71.57"
"5,96 : 10.44"
"5,97 : 94.7"
"5,98 : 71.12"
"5,99 : 52.01"
"6,0 : 83.57"
"6,1 : 34.66"
"6,2 : 66.22"
"6,3 : 68.54"
"6,4 : 8.94"
"6,5 : 62.01"
"6,6 : 0.0"
"6,7 : 66.53"
"6,8 : 19.24"
"6,9 : 80.62"
"6,10 : 25.3"
"6,11 : 21.21"
"6,12 : 74.2"
"6,13 : 16.28"
"6,14 : 28.16"
"6,15 : 20.02"
"6,16 : 88.62"
"6,17 : 21.38"
"6,18 : 46.4"
"6,19 : 28.28"
"6,20 : 51.92"
"6,21 : 36.88"
"6,22 : 79.31"
"6,23 : 44.72"
"6,24 : 47.0"
"6,25 : 72.47"
"6,26 : 28.32"
"6,27 : 50.0"
"6,28 : 56.89"
"6,29 : 72.01"
"6,30 : 50.25"
"6,31 : 37.44"
"6,32 : 60.41"
"6,33 : 56.86"
"6,34 : 44.69"
"6,35 : 21.26"
"6,36 : 44.38"
"6,37 : 81.84"
"6,38 : 93.23"
"6,39 : 66.91"
"6,40 : 38.47"
"6,41 : 42.72"
"6,42 : 48.08"
"6,43 : 36.12"
"6,44 : 3.61"
"6,45 : 52.2"
"6,46 : 67.74"
"6,47 : 30.02"
"6,48 : 47.54"
"6,49 : 85.0"
"6,50 : 65.19"
"6,51 : 82.73"
"6,52 : 37.22"
"6,53 : 29.0"
"6,54 : 25.81"
"6,55 : 65.76"
"6,56 : 33.62"
"6,57 : 16.4"
"6,58 : 93.34"
"6,59 : 59.03"
"6,60 : 61.47"
"6,61 : 58.82"
"6,62 : 34.99"
"6,63 : 51.31"
"6,64 : 35.23"
"6,65 : 55.97"
"6,66 : 54.74"
"6,67 : 31.05"
"6,68 : 39.6"
"6,69 : 22.09"
"6,70 : 71.25"
"6,71 : 22.83"
"6,72 : 74.17"
"6,73 : 34.66"
"6,74 : 12.65"
"6,75 : 64.14"
"6,76 : 76.06"
"6,77 : 19.24"
"6,78 : 36.06"
"6,79 : 57.8"
"6,80 : 26.87"
"6,81 : 11.4"
"6,82 : 21.02"
"6,83 : 41.0"
"6,84 : 68.88"
"6,85 : 20.0"
"6,86 : 77.47"
"6,87 : 73.79"
"6,88 : 56.14"
"6,89 : 27.29"
"6,90 : 66.89"
"6,91 : 75.45"
"6,92 : 21.47"
"6,93 : 31.89"
"6,94 : 38.28"
"6,95 : 82.15"
"6,96 : 60.02"
"6,97 : 44.41"
"6,98 : 70.26"
"6,99 : 82.33"
"7,0 : 38.08"
"7,1 : 32.02"
"7,2 : 5.0"
"7,3 : 78.1"
"7,4 : 63.89"
"7,5 : 45.88"
"7,6 : 66.53"
"7,7 : 0.0"
"7,8 : 79.92"
"7,9 : 86.03"
"7,10 : 60.75"
"7,11 : 45.34"
"7,12 : 14.56"
"7,13 : 76.4"
"7,14 : 92.66"
"7,15 : 82.93"
"7,16 : 23.77"
"7,17 : 51.0"
"7,18 : 22.47"
"7,19 : 46.07"
"7,20 : 35.36"
"7,21 : 39.22"
"7,22 : 33.29"
"7,23 : 65.62"
"7,24 : 49.04"
"7,25 : 18.6"
"7,26 : 94.76"
"7,27 : 63.07"
"7,28 : 35.69"
"7,29 : 19.21"
"7,30 : 40.01"
"7,31 : 31.3"
"7,32 : 65.49"
"7,33 : 22.2"
"7,34 : 22.83"
"7,35 : 87.69"
"7,36 : 32.25"
"7,37 : 16.16"
"7,38 : 31.4"
"7,39 : 43.42"
"7,40 : 64.76"
"7,41 : 64.2"
"7,42 : 59.08"
"7,43 : 46.87"
"7,44 : 70.04"
"7,45 : 15.65"
"7,46 : 44.78"
"7,47 : 37.8"
"7,48 : 27.46"
"7,49 : 34.54"
"7,50 : 7.21"
"7,51 : 16.64"
"7,52 : 69.23"
"7,53 : 51.55"
"7,54 : 74.24"
"7,55 : 62.3"
"7,56 : 36.72"
"7,57 : 82.73"
"7,58 : 27.02"
"7,59 : 44.15"
"7,60 : 72.99"
"7,61 : 67.9"
"7,62 : 83.49"
"7,63 : 77.03"
"7,64 : 43.32"
"7,65 : 63.13"
"7,66 : 36.35"
"7,67 : 58.94"
"7,68 : 78.85"
"7,69 : 52.33"
"7,70 : 50.25"
"7,71 : 76.92"
"7,72 : 52.7"
"7,73 : 75.69"
"7,74 : 72.62"
"7,75 : 82.61"
"7,76 : 84.48"
"7,77 : 62.77"
"7,78 : 47.85"
"7,79 : 14.04"
"7,80 : 70.68"
"7,81 : 66.57"
"7,82 : 86.83"
"7,83 : 37.11"
"7,84 : 34.13"
"7,85 : 72.9"
"7,86 : 15.0"
"7,87 : 26.4"
"7,88 : 54.13"
"7,89 : 48.47"
"7,90 : 18.44"
"7,91 : 18.03"
"7,92 : 87.46"
"7,93 : 76.84"
"7,94 : 68.15"
"7,95 : 25.71"
"7,96 : 35.44"
"7,97 : 75.54"
"7,98 : 27.59"
"7,99 : 16.12"
"8,0 : 89.59"
"8,1 : 48.3"
"8,2 : 80.53"
"8,3 : 60.53"
"8,4 : 27.89"
"8,5 : 81.02"
"8,6 : 19.24"
"8,7 : 79.92"
"8,8 : 0.0"
"8,9 : 72.18"
"8,10 : 23.71"
"8,11 : 36.06"
"8,12 : 85.04"
"8,13 : 29.07"
"8,14 : 13.6"
"8,15 : 4.12"
"8,16 : 100.12"
"8,17 : 29.21"
"8,18 : 58.01"
"8,19 : 47.01"
"8,20 : 57.43"
"8,21 : 55.23"
"8,22 : 86.02"
"8,23 : 63.32"
"8,24 : 47.93"
"8,25 : 88.6"
"8,26 : 24.0"
"8,27 : 45.28"
"8,28 : 75.33"
"8,29 : 88.26"
"8,30 : 69.03"
"8,31 : 48.83"
"8,32 : 79.4"
"8,33 : 73.76"
"8,34 : 57.14"
"8,35 : 19.65"
"8,36 : 52.35"
"8,37 : 95.88"
"8,38 : 103.24"
"8,39 : 69.78"
"8,40 : 57.01"
"8,41 : 37.22"
"8,42 : 67.19"
"8,43 : 39.66"
"8,44 : 18.03"
"8,45 : 67.12"
"8,46 : 70.26"
"8,47 : 46.57"
"8,48 : 64.76"
"8,49 : 92.2"
"8,50 : 77.2"
"8,51 : 95.21"
"8,52 : 29.0"
"8,53 : 32.2"
"8,54 : 41.62"
"8,55 : 62.65"
"8,56 : 50.99"
"8,57 : 18.36"
"8,58 : 105.8"
"8,59 : 78.01"
"8,60 : 54.15"
"8,61 : 53.01"
"8,62 : 18.6"
"8,63 : 41.0"
"8,64 : 54.01"
"8,65 : 75.0"
"8,66 : 73.25"
"8,67 : 29.15"
"8,68 : 26.57"
"8,69 : 28.32"
"8,70 : 72.45"
"8,71 : 8.06"
"8,72 : 74.95"
"8,73 : 22.56"
"8,74 : 27.46"
"8,75 : 53.85"
"8,76 : 67.27"
"8,77 : 37.95"
"8,78 : 39.12"
"8,79 : 69.03"
"8,80 : 43.91"
"8,81 : 13.42"
"8,82 : 12.0"
"8,83 : 59.3"
"8,84 : 86.98"
"8,85 : 9.49"
"8,86 : 88.73"
"8,87 : 81.69"
"8,88 : 55.08"
"8,89 : 33.24"
"8,90 : 76.37"
"8,91 : 85.59"
"8,92 : 13.0"
"8,93 : 18.68"
"8,94 : 56.36"
"8,95 : 91.29"
"8,96 : 78.41"
"8,97 : 33.73"
"8,98 : 77.62"
"8,99 : 96.04"
"9,0 : 62.13"
"9,1 : 74.41"
"9,2 : 90.25"
"9,3 : 12.08"
"9,4 : 87.66"
"9,5 : 119.02"
"9,6 : 80.62"
"9,7 : 86.03"
"9,8 : 72.18"
"9,9 : 0.0"
"9,10 : 55.46"
"9,11 : 75.43"
"9,12 : 78.45"
"9,13 : 96.57"
"9,14 : 82.15"
"9,15 : 75.95"
"9,16 : 90.27"
"9,17 : 64.07"
"9,18 : 70.49"
"9,19 : 92.2"
"9,20 : 51.88"
"9,21 : 94.76"
"9,22 : 63.01"
"9,23 : 118.41"
"9,24 : 41.87"
"9,25 : 104.0"
"9,26 : 95.89"
"9,27 : 31.62"
"9,28 : 108.81"
"9,29 : 104.39"
"9,30 : 107.17"
"9,31 : 68.25"
"9,32 : 129.45"
"9,33 : 98.27"
"9,34 : 72.95"
"9,35 : 91.78"
"9,36 : 59.08"
"9,37 : 98.72"
"9,38 : 86.02"
"9,39 : 43.74"
"9,40 : 113.23"
"9,41 : 38.01"
"9,42 : 117.59"
"9,43 : 51.66"
"9,44 : 82.64"
"9,45 : 85.59"
"9,46 : 42.58"
"9,47 : 82.73"
"9,48 : 94.4"
"9,49 : 68.07"
"9,50 : 79.06"
"9,51 : 91.24"
"9,52 : 43.97"
"9,53 : 55.22"
"9,54 : 105.99"
"9,55 : 23.77"
"9,56 : 87.69"
"9,57 : 89.74"
"9,58 : 98.33"
"9,59 : 116.04"
"9,60 : 19.24"
"9,61 : 22.8"
"9,62 : 56.04"
"9,63 : 31.26"
"9,64 : 96.9"
"9,65 : 125.26"
"9,66 : 107.8"
"9,67 : 50.12"
"9,68 : 46.17"
"9,69 : 62.13"
"9,70 : 38.12"
"9,71 : 64.13"
"9,72 : 37.0"
"9,73 : 49.65"
"9,74 : 93.23"
"9,75 : 19.03"
"9,76 : 5.0"
"9,77 : 96.38"
"9,78 : 50.99"
"9,79 : 72.62"
"9,80 : 106.07"
"9,81 : 69.64"
"9,82 : 84.01"
"9,83 : 97.0"
"9,84 : 114.74"
"9,85 : 64.03"
"9,86 : 82.2"
"9,87 : 65.49"
"9,88 : 33.29"
"9,89 : 59.2"
"9,90 : 69.12"
"9,91 : 75.95"
"9,92 : 85.0"
"9,93 : 53.6"
"9,94 : 114.55"
"9,95 : 75.11"
"9,96 : 110.68"
"9,97 : 38.47"
"9,98 : 61.81"
"9,99 : 97.29"
"10,0 : 66.03"
"10,1 : 32.02"
"10,2 : 62.36"
"10,3 : 43.38"
"10,4 : 32.25"
"10,5 : 73.68"
"10,6 : 25.3"
"10,7 : 60.75"
"10,8 : 23.71"
"10,9 : 55.46"
"10,10 : 0.0"
"10,11 : 24.7"
"10,12 : 63.51"
"10,13 : 41.48"
"10,14 : 37.22"
"10,15 : 27.73"
"10,16 : 78.77"
"10,17 : 12.37"
"10,18 : 38.28"
"10,19 : 41.18"
"10,20 : 34.06"
"10,21 : 46.82"
"10,22 : 62.63"
"10,23 : 65.12"
"10,24 : 24.35"
"10,25 : 72.69"
"10,26 : 46.32"
"10,27 : 24.74"
"10,28 : 65.51"
"10,29 : 72.56"
"10,30 : 61.03"
"10,31 : 29.83"
"10,32 : 78.49"
"10,33 : 60.01"
"10,34 : 38.33"
"10,35 : 40.45"
"10,36 : 30.23"
"10,37 : 76.9"
"10,38 : 80.92"
"10,39 : 46.1"
"10,40 : 59.4"
"10,41 : 17.46"
"10,42 : 66.03"
"10,43 : 16.28"
"10,44 : 27.66"
"10,45 : 50.49"
"10,46 : 46.62"
"10,47 : 35.17"
"10,48 : 52.35"
"10,49 : 68.88"
"10,50 : 56.8"
"10,51 : 74.71"
"10,52 : 13.6"
"10,53 : 9.43"
"10,54 : 50.54"
"10,55 : 41.05"
"10,56 : 40.52"
"10,57 : 37.05"
"10,58 : 85.09"
"10,59 : 70.52"
"10,60 : 36.25"
"10,61 : 33.53"
"10,62 : 22.8"
"10,63 : 27.59"
"10,64 : 47.42"
"10,65 : 74.06"
"10,66 : 63.79"
"10,67 : 6.0"
"10,68 : 20.4"
"10,69 : 10.2"
"10,70 : 49.04"
"10,71 : 17.69"
"10,72 : 51.66"
"10,73 : 16.03"
"10,74 : 37.95"
"10,75 : 39.82"
"10,76 : 51.0"
"10,77 : 41.4"
"10,78 : 15.62"
"10,79 : 48.3"
"10,80 : 50.77"
"10,81 : 15.03"
"10,82 : 34.79"
"10,83 : 50.29"
"10,84 : 75.43"
"10,85 : 14.42"
"10,86 : 67.42"
"10,87 : 58.69"
"10,88 : 32.25"
"10,89 : 12.37"
"10,90 : 54.2"
"10,91 : 63.6"
"10,92 : 35.74"
"10,93 : 16.28"
"10,94 : 60.21"
"10,95 : 68.68"
"10,96 : 68.25"
"10,97 : 21.63"
"10,98 : 54.49"
"10,99 : 76.69"
"11,0 : 64.76"
"11,1 : 13.45"
"11,2 : 45.22"
"11,3 : 63.78"
"11,4 : 20.25"
"11,5 : 49.04"
"11,6 : 21.21"
"11,7 : 45.34"
"11,8 : 36.06"
"11,9 : 75.43"
"11,10 : 24.7"
"11,11 : 0.0"
"11,12 : 53.25"
"11,13 : 33.24"
"11,14 : 47.89"
"11,15 : 38.48"
"11,16 : 67.48"
"11,17 : 12.53"
"11,18 : 25.55"
"11,19 : 17.03"
"11,20 : 35.01"
"11,21 : 22.14"
"11,22 : 60.17"
"11,23 : 43.01"
"11,24 : 35.34"
"11,25 : 52.55"
"11,26 : 49.52"
"11,27 : 43.93"
"11,28 : 41.3"
"11,29 : 52.2"
"11,30 : 36.4"
"11,31 : 17.09"
"11,32 : 54.67"
"11,33 : 37.85"
"11,34 : 23.6"
"11,35 : 42.45"
"11,36 : 26.08"
"11,37 : 60.8"
"11,38 : 72.4"
"11,39 : 51.16"
"11,40 : 38.08"
"11,41 : 39.05"
"11,42 : 42.45"
"11,43 : 24.19"
"11,44 : 24.76"
"11,45 : 31.38"
"11,46 : 52.24"
"11,47 : 11.0"
"11,48 : 29.15"
"11,49 : 65.46"
"11,50 : 44.05"
"11,51 : 61.52"
"11,52 : 38.01"
"11,53 : 20.52"
"11,54 : 36.0"
"11,55 : 55.9"
"11,56 : 16.12"
"11,57 : 37.54"
"11,58 : 72.12"
"11,59 : 45.88"
"11,60 : 56.64"
"11,61 : 52.63"
"11,62 : 45.1"
"11,63 : 51.31"
"11,64 : 22.83"
"11,65 : 50.33"
"11,66 : 39.46"
"11,67 : 27.46"
"11,68 : 44.92"
"11,69 : 14.76"
"11,70 : 56.72"
"11,71 : 35.23"
"11,72 : 59.84"
"11,73 : 40.26"
"11,74 : 29.15"
"11,75 : 62.48"
"11,76 : 71.59"
"11,77 : 24.08"
"11,78 : 24.7"
"11,79 : 36.89"
"11,80 : 34.23"
"11,81 : 22.8"
"11,82 : 41.62"
"11,83 : 25.71"
"11,84 : 52.01"
"11,85 : 31.14"
"11,86 : 56.4"
"11,87 : 54.08"
"11,88 : 45.19"
"11,89 : 16.28"
"11,90 : 46.52"
"11,91 : 54.71"
"11,92 : 42.2"
"11,93 : 39.46"
"11,94 : 39.81"
"11,95 : 61.72"
"11,96 : 44.18"
"11,97 : 46.07"
"11,98 : 50.96"
"11,99 : 61.22"
"12,0 : 24.21"
"12,1 : 39.96"
"12,2 : 19.31"
"12,3 : 72.11"
"12,4 : 73.06"
"12,5 : 60.44"
"12,6 : 74.2"
"12,7 : 14.56"
"12,8 : 85.04"
"12,9 : 78.45"
"12,10 : 63.51"
"12,11 : 53.25"
"12,12 : 0.0"
"12,13 : 85.96"
"12,14 : 98.35"
"12,15 : 88.46"
"12,16 : 15.26"
"12,17 : 55.9"
"12,18 : 27.8"
"12,19 : 57.57"
"12,20 : 32.28"
"12,21 : 51.79"
"12,22 : 19.8"
"12,23 : 79.16"
"12,24 : 46.57"
"12,25 : 31.4"
"12,26 : 102.45"
"12,27 : 60.02"
"12,28 : 50.22"
"12,29 : 32.2"
"12,30 : 54.23"
"12,31 : 36.88"
"12,32 : 79.91"
"12,33 : 36.67"
"12,34 : 29.68"
"12,35 : 95.43"
"12,36 : 33.29"
"12,37 : 20.62"
"12,38 : 19.24"
"12,39 : 34.71"
"12,40 : 77.78"
"12,41 : 62.94"
"12,42 : 73.01"
"12,43 : 47.89"
"12,44 : 77.8"
"12,45 : 28.16"
"12,46 : 35.9"
"12,47 : 47.93"
"12,48 : 41.01"
"12,49 : 20.12"
"12,50 : 10.2"
"12,51 : 13.0"
"12,52 : 69.46"
"12,53 : 54.08"
"12,54 : 85.44"
"12,55 : 55.33"
"12,56 : 48.08"
"12,57 : 90.6"
"12,58 : 22.14"
"12,59 : 58.69"
"12,60 : 68.03"
"12,61 : 63.07"
"12,62 : 85.48"
"12,63 : 74.73"
"12,64 : 55.9"
"12,65 : 77.41"
"12,66 : 50.8"
"12,67 : 60.42"
"12,68 : 79.31"
"12,69 : 56.73"
"12,70 : 40.8"
"12,71 : 80.8"
"12,72 : 42.72"
"12,73 : 76.92"
"12,74 : 81.99"
"12,75 : 78.1"
"12,76 : 77.65"
"12,77 : 73.54"
"12,78 : 48.76"
"12,79 : 16.4"
"12,80 : 82.22"
"12,81 : 72.14"
"12,82 : 93.38"
"12,83 : 50.25"
"12,84 : 48.3"
"12,85 : 77.01"
"12,86 : 4.12"
"12,87 : 13.89"
"12,88 : 49.09"
"12,89 : 52.01"
"12,90 : 10.2"
"12,91 : 3.61"
"12,92 : 94.11"
"12,93 : 78.77"
"12,94 : 81.05"
"12,95 : 11.18"
"12,96 : 50.0"
"12,97 : 74.63"
"12,98 : 16.76"
"12,99 : 18.97"
"13,0 : 97.8"
"13,1 : 46.07"
"13,2 : 75.17"
"13,3 : 84.5"
"13,4 : 13.0"
"13,5 : 61.4"
"13,6 : 16.28"
"13,7 : 76.4"
"13,8 : 29.07"
"13,9 : 96.57"
"13,10 : 41.48"
"13,11 : 33.24"
"13,12 : 85.96"
"13,13 : 0.0"
"13,14 : 31.05"
"13,15 : 27.46"
"13,16 : 99.57"
"13,17 : 37.01"
"13,18 : 58.6"
"13,19 : 32.02"
"13,20 : 66.91"
"13,21 : 40.8"
"13,22 : 93.3"
"13,23 : 37.22"
"13,24 : 63.07"
"13,25 : 78.87"
"13,26 : 22.56"
"13,27 : 66.22"
"13,28 : 59.03"
"13,29 : 78.24"
"13,30 : 51.48"
"13,31 : 50.33"
"13,32 : 54.15"
"13,33 : 62.63"
"13,34 : 56.36"
"13,35 : 17.0"
"13,36 : 58.69"
"13,37 : 90.61"
"13,38 : 105.19"
"13,39 : 82.39"
"13,40 : 31.06"
"13,41 : 58.82"
"13,42 : 43.05"
"13,43 : 52.0"
"13,44 : 13.93"
"13,45 : 61.07"
"13,46 : 83.29"
"13,47 : 38.6"
"13,48 : 53.26"
"13,49 : 98.68"
"13,50 : 76.32"
"13,51 : 93.01"
"13,52 : 52.8"
"13,53 : 45.1"
"13,54 : 13.0"
"13,55 : 82.04"
"13,56 : 40.31"
"13,57 : 13.34"
"13,58 : 103.41"
"13,59 : 58.82"
"13,60 : 77.49"
"13,61 : 75.0"
"13,62 : 47.38"
"13,63 : 66.65"
"13,64 : 37.74"
"13,65 : 50.04"
"13,66 : 56.8"
"13,67 : 47.3"
"13,68 : 53.82"
"13,69 : 38.01"
"13,70 : 87.05"
"13,71 : 35.47"
"13,72 : 90.02"
"13,73 : 49.09"
"13,74 : 4.12"
"13,75 : 79.61"
"13,76 : 91.92"
"13,77 : 15.65"
"13,78 : 52.01"
"13,79 : 69.77"
"13,80 : 16.28"
"13,81 : 26.93"
"13,82 : 23.09"
"13,83 : 44.65"
"13,84 : 71.55"
"13,85 : 33.84"
"13,86 : 88.84"
"13,87 : 87.32"
"13,88 : 72.34"
"13,89 : 43.01"
"13,90 : 79.71"
"13,91 : 87.66"
"13,92 : 22.8"
"13,93 : 45.8"
"13,94 : 29.43"
"13,95 : 94.85"
"13,96 : 62.17"
"13,97 : 59.54"
"13,98 : 84.12"
"13,99 : 91.44"
"14,0 : 103.17"
"14,1 : 60.75"
"14,2 : 92.96"
"14,3 : 71.0"
"14,4 : 35.23"
"14,5 : 89.45"
"14,6 : 28.16"
"14,7 : 92.66"
"14,8 : 13.6"
"14,9 : 82.15"
"14,10 : 37.22"
"14,11 : 47.89"
"14,12 : 98.35"
"14,13 : 31.05"
"14,14 : 0.0"
"14,15 : 9.9"
"14,16 : 113.36"
"14,17 : 42.45"
"14,18 : 71.06"
"14,19 : 56.29"
"14,20 : 71.03"
"14,21 : 65.0"
"14,22 : 99.62"
"14,23 : 68.07"
"14,24 : 61.27"
"14,25 : 100.22"
"14,26 : 15.26"
"14,27 : 57.49"
"14,28 : 84.93"
"14,29 : 99.81"
"14,30 : 78.09"
"14,31 : 61.85"
"14,32 : 84.85"
"14,33 : 84.86"
"14,34 : 70.0"
"14,35 : 15.26"
"14,36 : 65.86"
"14,37 : 108.45"
"14,38 : 116.69"
"14,39 : 83.19"
"14,40 : 61.81"
"14,41 : 49.48"
"14,42 : 73.25"
"14,43 : 53.25"
"14,44 : 25.5"
"14,45 : 79.26"
"14,46 : 83.63"
"14,47 : 57.78"
"14,48 : 75.61"
"14,49 : 105.8"
"14,50 : 90.27"
"14,51 : 108.23"
"14,52 : 40.79"
"14,53 : 45.8"
"14,54 : 43.97"
"14,55 : 74.95"
"14,56 : 61.68"
"14,57 : 17.72"
"14,58 : 118.85"
"14,59 : 86.58"
"14,60 : 65.12"
"14,61 : 64.63"
"14,62 : 26.17"
"14,63 : 51.01"
"14,64 : 63.15"
"14,65 : 80.62"
"14,66 : 82.76"
"14,67 : 42.49"
"14,68 : 36.01"
"14,69 : 41.73"
"14,70 : 85.62"
"14,71 : 20.25"
"14,72 : 88.02"
"14,73 : 33.14"
"14,74 : 31.26"
"14,75 : 63.29"
"14,76 : 77.16"
"14,77 : 44.01"
"14,78 : 52.7"
"14,79 : 82.22"
"14,80 : 47.3"
"14,81 : 26.25"
"14,82 : 8.06"
"14,83 : 69.12"
"14,84 : 97.02"
"14,85 : 22.83"
"14,86 : 101.98"
"14,87 : 95.27"
"14,88 : 68.01"
"14,89 : 46.75"
"14,90 : 89.83"
"14,91 : 98.99"
"14,92 : 8.25"
"14,93 : 29.15"
"14,94 : 60.42"
"14,95 : 104.8"
"14,96 : 88.07"
"14,97 : 44.01"
"14,98 : 91.21"
"14,99 : 108.72"
"15,0 : 93.49"
"15,1 : 51.11"
"15,2 : 83.35"
"15,3 : 64.38"
"15,4 : 28.16"
"15,5 : 82.02"
"15,6 : 20.02"
"15,7 : 82.93"
"15,8 : 4.12"
"15,9 : 75.95"
"15,10 : 27.73"
"15,11 : 38.48"
"15,12 : 88.46"
"15,13 : 27.46"
"15,14 : 9.9"
"15,15 : 0.0"
"15,16 : 103.48"
"15,17 : 32.56"
"15,18 : 61.22"
"15,19 : 48.26"
"15,20 : 61.29"
"15,21 : 56.72"
"15,22 : 89.87"
"15,23 : 62.94"
"15,24 : 52.0"
"15,25 : 91.0"
"15,26 : 20.02"
"15,27 : 49.37"
"15,28 : 76.79"
"15,29 : 90.62"
"15,30 : 70.26"
"15,31 : 52.01"
"15,32 : 79.31"
"15,33 : 75.89"
"15,34 : 60.22"
"15,35 : 16.16"
"15,36 : 55.97"
"15,37 : 98.79"
"15,38 : 106.79"
"15,39 : 73.82"
"15,40 : 56.61"
"15,41 : 41.3"
"15,42 : 67.27"
"15,43 : 43.57"
"15,44 : 18.11"
"15,45 : 69.77"
"15,46 : 74.32"
"15,47 : 48.7"
"15,48 : 66.76"
"15,49 : 96.02"
"15,50 : 80.43"
"15,51 : 98.41"
"15,52 : 33.02"
"15,53 : 36.06"
"15,54 : 40.31"
"15,55 : 66.75"
"15,56 : 52.89"
"15,57 : 15.62"
"15,58 : 109.02"
"15,59 : 79.06"
"15,60 : 58.08"
"15,61 : 57.04"
"15,62 : 21.47"
"15,63 : 44.72"
"15,64 : 55.23"
"15,65 : 74.95"
"15,66 : 74.67"
"15,67 : 33.24"
"15,68 : 30.08"
"15,69 : 31.83"
"15,70 : 76.55"
"15,71 : 12.0"
"15,72 : 79.06"
"15,73 : 26.31"
"15,74 : 26.4"
"15,75 : 57.49"
"15,76 : 71.02"
"15,77 : 37.85"
"15,78 : 43.05"
"15,79 : 72.35"
"15,80 : 42.95"
"15,81 : 16.4"
"15,82 : 8.06"
"15,83 : 60.83"
"15,84 : 88.65"
"15,85 : 13.6"
"15,86 : 92.1"
"15,87 : 85.43"
"15,88 : 59.2"
"15,89 : 36.88"
"15,90 : 79.93"
"15,91 : 89.1"
"15,92 : 9.06"
"15,93 : 22.36"
"15,94 : 55.71"
"15,95 : 94.92"
"15,96 : 79.91"
"15,97 : 37.48"
"15,98 : 81.4"
"15,99 : 99.02"
"16,0 : 30.08"
"16,1 : 54.04"
"16,2 : 26.68"
"16,3 : 85.09"
"16,4 : 86.84"
"16,5 : 66.12"
"16,6 : 88.62"
"16,7 : 23.77"
"16,8 : 100.12"
"16,9 : 90.27"
"16,10 : 78.77"
"16,11 : 67.48"
"16,12 : 15.26"
"16,13 : 99.57"
"16,14 : 113.36"
"16,15 : 103.48"
"16,16 : 0.0"
"16,17 : 70.94"
"16,18 : 42.43"
"16,19 : 69.78"
"16,20 : 47.17"
"16,21 : 62.97"
"16,22 : 27.66"
"16,23 : 88.84"
"16,24 : 61.35"
"16,25 : 33.54"
"16,26 : 116.93"
"16,27 : 74.46"
"16,28 : 57.04"
"16,29 : 34.53"
"16,30 : 62.51"
"16,31 : 51.62"
"16,32 : 87.01"
"16,33 : 44.41"
"16,34 : 43.93"
"16,35 : 109.88"
"16,36 : 48.55"
"16,37 : 17.09"
"16,38 : 9.85"
"16,39 : 47.01"
"16,40 : 88.32"
"16,41 : 77.83"
"16,42 : 81.88"
"16,43 : 63.13"
"16,44 : 92.2"
"16,45 : 39.4"
"16,46 : 48.0"
"16,47 : 61.06"
"16,48 : 50.96"
"16,49 : 24.17"
"16,50 : 23.43"
"16,51 : 8.0"
"16,52 : 84.58"
"16,53 : 69.34"
"16,54 : 97.94"
"16,55 : 68.03"
"16,56 : 60.37"
"16,57 : 105.0"
"16,58 : 8.06"
"16,59 : 65.01"
"16,60 : 81.61"
"16,61 : 76.79"
"16,62 : 100.72"
"16,63 : 89.29"
"16,64 : 67.07"
"16,65 : 85.15"
"16,66 : 58.14"
"16,67 : 75.66"
"16,68 : 94.43"
"16,69 : 71.84"
"16,70 : 52.15"
"16,71 : 96.02"
"16,72 : 53.46"
"16,73 : 92.13"
"16,74 : 95.69"
"16,75 : 91.79"
"16,76 : 90.02"
"16,77 : 86.35"
"16,78 : 64.01"
"16,79 : 31.14"
"16,80 : 94.43"
"16,81 : 87.11"
"16,82 : 108.19"
"16,83 : 60.73"
"16,84 : 51.79"
"16,85 : 92.2"
"16,86 : 11.4"
"16,87 : 25.02"
"16,88 : 62.97"
"16,89 : 67.2"
"16,90 : 25.08"
"16,91 : 15.81"
"16,92 : 108.89"
"16,93 : 94.02"
"16,94 : 91.76"
"16,95 : 15.3"
"16,96 : 56.01"
"16,97 : 89.54"
"16,98 : 29.15"
"16,99 : 14.87"
"17,0 : 62.65"
"17,1 : 20.4"
"17,2 : 52.0"
"17,3 : 52.2"
"17,4 : 25.32"
"17,5 : 61.35"
"17,6 : 21.38"
"17,7 : 51.0"
"17,8 : 29.21"
"17,9 : 64.07"
"17,10 : 12.37"
"17,11 : 12.53"
"17,12 : 55.9"
"17,13 : 37.01"
"17,14 : 42.45"
"17,15 : 32.56"
"17,16 : 70.94"
"17,17 : 0.0"
"17,18 : 28.84"
"17,19 : 29.41"
"17,20 : 30.68"
"17,21 : 34.54"
"17,22 : 58.59"
"17,23 : 54.56"
"17,24 : 26.31"
"17,25 : 61.39"
"17,26 : 47.89"
"17,27 : 32.45"
"17,28 : 53.15"
"17,29 : 61.19"
"17,30 : 48.7"
"17,31 : 19.72"
"17,32 : 67.01"
"17,33 : 48.04"
"17,34 : 28.18"
"17,35 : 41.15"
"17,36 : 23.85"
"17,37 : 67.08"
"17,38 : 74.33"
"17,39 : 45.54"
"17,40 : 49.2"
"17,41 : 26.87"
"17,42 : 54.67"
"17,43 : 15.03"
"17,44 : 24.74"
"17,45 : 39.29"
"17,46 : 46.39"
"17,47 : 22.8"
"17,48 : 40.11"
"17,49 : 64.5"
"17,50 : 48.01"
"17,51 : 66.03"
"17,52 : 25.5"
"17,53 : 8.94"
"17,54 : 43.42"
"17,55 : 46.17"
"17,56 : 28.16"
"17,57 : 36.77"
"17,58 : 76.61"
"17,59 : 58.19"
"17,60 : 45.0"
"17,61 : 41.34"
"17,62 : 34.13"
"17,63 : 38.83"
"17,64 : 35.36"
"17,65 : 62.63"
"17,66 : 51.42"
"17,67 : 15.0"
"17,68 : 32.76"
"17,69 : 2.24"
"17,70 : 50.04"
"17,71 : 26.0"
"17,72 : 53.01"
"17,73 : 28.28"
"17,74 : 33.0"
"17,75 : 50.25"
"17,76 : 60.0"
"17,77 : 32.7"
"17,78 : 15.13"
"17,79 : 39.82"
"17,80 : 42.72"
"17,81 : 16.28"
"17,82 : 37.8"
"17,83 : 37.95"
"17,84 : 63.2"
"17,85 : 21.93"
"17,86 : 59.55"
"17,87 : 53.54"
"17,88 : 35.9"
"17,89 : 6.0"
"17,90 : 47.51"
"17,91 : 56.59"
"17,92 : 38.6"
"17,93 : 28.0"
"17,94 : 50.48"
"17,95 : 62.63"
"17,96 : 55.9"
"17,97 : 33.54"
"17,98 : 49.74"
"17,99 : 67.12"
"18,0 : 41.05"
"18,1 : 12.65"
"18,2 : 24.33"
"18,3 : 60.84"
"18,4 : 45.62"
"18,5 : 49.52"
"18,6 : 46.4"
"18,7 : 22.47"
"18,8 : 58.01"
"18,9 : 70.49"
"18,10 : 38.28"
"18,11 : 25.55"
"18,12 : 27.8"
"18,13 : 58.6"
"18,14 : 71.06"
"18,15 : 61.22"
"18,16 : 42.43"
"18,17 : 28.84"
"18,18 : 0.0"
"18,19 : 33.0"
"18,20 : 19.1"
"18,21 : 30.08"
"18,22 : 36.12"
"18,23 : 58.25"
"18,24 : 29.73"
"18,25 : 36.12"
"18,26 : 74.65"
"18,27 : 43.42"
"18,28 : 38.9"
"18,29 : 36.22"
"18,30 : 38.83"
"18,31 : 9.22"
"18,32 : 63.95"
"18,33 : 27.78"
"18,34 : 3.16"
"18,35 : 67.62"
"18,36 : 11.7"
"18,37 : 38.63"
"18,38 : 46.87"
"18,39 : 33.62"
"18,40 : 55.33"
"18,41 : 43.1"
"18,42 : 54.08"
"18,43 : 25.02"
"18,44 : 50.0"
"18,45 : 15.23"
"18,46 : 34.99"
"18,47 : 22.09"
"18,48 : 24.84"
"18,49 : 40.79"
"18,50 : 19.21"
"18,51 : 37.2"
"18,52 : 47.27"
"18,53 : 29.12"
"18,54 : 59.44"
"18,55 : 47.2"
"18,56 : 24.19"
"18,57 : 62.8"
"18,58 : 47.8"
"18,59 : 46.75"
"18,60 : 54.78"
"18,61 : 49.77"
"18,62 : 61.03"
"18,63 : 56.32"
"18,64 : 33.73"
"18,65 : 60.42"
"18,66 : 38.21"
"18,67 : 36.67"
"18,68 : 56.72"
"18,69 : 30.02"
"18,70 : 40.5"
"18,71 : 54.59"
"18,72 : 43.57"
"18,73 : 53.37"
"18,74 : 54.56"
"18,75 : 63.6"
"18,76 : 68.0"
"18,77 : 47.3"
"18,78 : 26.02"
"18,79 : 11.4"
"18,80 : 56.72"
"18,81 : 44.82"
"18,82 : 65.76"
"18,83 : 30.46"
"18,84 : 44.29"
"18,85 : 50.61"
"18,86 : 31.14"
"18,87 : 29.43"
"18,88 : 37.22"
"18,89 : 26.0"
"18,90 : 21.19"
"18,91 : 29.15"
"18,92 : 66.47"
"18,93 : 54.41"
"18,94 : 58.14"
"18,95 : 36.25"
"18,96 : 40.46"
"18,97 : 54.01"
"18,98 : 27.02"
"18,99 : 38.48"
"19,0 : 74.03"
"19,1 : 21.38"
"19,2 : 44.1"
"19,3 : 80.66"
"19,4 : 21.54"
"19,5 : 34.13"
"19,6 : 28.28"
"19,7 : 46.07"
"19,8 : 47.01"
"19,9 : 92.2"
"19,10 : 41.18"
"19,11 : 17.03"
"19,12 : 57.57"
"19,13 : 32.02"
"19,14 : 56.29"
"19,15 : 48.26"
"19,16 : 69.78"
"19,17 : 29.41"
"19,18 : 33.0"
"19,19 : 0.0"
"19,20 : 48.08"
"19,21 : 8.94"
"19,22 : 69.07"
"19,23 : 26.83"
"19,24 : 51.31"
"19,25 : 46.86"
"19,26 : 53.24"
"19,27 : 60.83"
"19,28 : 28.64"
"19,29 : 46.23"
"19,30 : 22.02"
"19,31 : 27.89"
"19,32 : 37.64"
"19,33 : 30.61"
"19,34 : 30.02"
"19,35 : 46.52"
"19,36 : 38.6"
"19,37 : 59.2"
"19,38 : 76.55"
"19,39 : 64.29"
"19,40 : 22.8"
"19,41 : 56.08"
"19,42 : 25.46"
"19,43 : 40.61"
"19,44 : 30.81"
"19,45 : 30.41"
"19,46 : 65.52"
"19,47 : 11.18"
"19,48 : 21.26"
"19,49 : 73.44"
"19,50 : 47.43"
"19,51 : 62.65"
"19,52 : 54.71"
"19,53 : 37.54"
"19,54 : 28.18"
"19,55 : 71.87"
"19,56 : 9.49"
"19,57 : 41.63"
"19,58 : 72.72"
"19,59 : 31.06"
"19,60 : 73.55"
"19,61 : 69.43"
"19,62 : 59.67"
"19,63 : 68.24"
"19,64 : 7.0"
"19,65 : 33.3"
"19,66 : 26.48"
"19,67 : 44.41"
"19,68 : 60.93"
"19,69 : 31.62"
"19,70 : 70.52"
"19,71 : 48.51"
"19,72 : 73.68"
"19,73 : 56.08"
"19,74 : 28.84"
"19,75 : 79.51"
"19,76 : 88.46"
"19,77 : 17.03"
"19,78 : 41.23"
"19,79 : 42.58"
"19,80 : 24.7"
"19,81 : 35.36"
"19,82 : 48.76"
"19,83 : 13.0"
"19,84 : 40.8"
"19,85 : 44.72"
"19,86 : 59.81"
"19,87 : 62.2"
"19,88 : 61.06"
"19,89 : 33.24"
"19,90 : 53.46"
"19,91 : 59.91"
"19,92 : 49.04"
"19,93 : 54.71"
"19,94 : 25.32"
"19,95 : 67.68"
"19,96 : 31.78"
"19,97 : 62.77"
"19,98 : 60.01"
"19,99 : 60.22"
"20,0 : 32.25"
"20,1 : 26.93"
"20,2 : 39.05"
"20,3 : 43.01"
"20,4 : 54.33"
"20,5 : 68.59"
"20,6 : 51.92"
"20,7 : 35.36"
"20,8 : 57.43"
"20,9 : 51.88"
"20,10 : 34.06"
"20,11 : 35.01"
"20,12 : 32.28"
"20,13 : 66.91"
"20,14 : 71.03"
"20,15 : 61.29"
"20,16 : 47.17"
"20,17 : 30.68"
"20,18 : 19.1"
"20,19 : 48.08"
"20,20 : 0.0"
"20,21 : 47.41"
"20,22 : 28.6"
"20,23 : 74.67"
"20,24 : 14.32"
"20,25 : 52.5"
"20,26 : 78.29"
"20,27 : 28.07"
"20,28 : 58.0"
"20,29 : 52.81"
"20,30 : 57.63"
"20,31 : 20.25"
"20,32 : 82.15"
"20,33 : 46.62"
"20,34 : 21.93"
"20,35 : 71.69"
"20,36 : 9.49"
"20,37 : 50.01"
"20,38 : 47.71"
"20,39 : 16.28"
"20,40 : 70.88"
"20,41 : 30.68"
"20,42 : 71.55"
"20,43 : 17.8"
"20,44 : 55.36"
"20,45 : 33.84"
"20,46 : 17.46"
"20,47 : 37.0"
"20,48 : 43.86"
"20,49 : 34.83"
"20,50 : 29.02"
"20,51 : 44.91"
"20,52 : 37.59"
"20,53 : 25.24"
"20,54 : 71.01"
"20,55 : 28.3"
"20,56 : 40.72"
"20,57 : 67.42"
"20,58 : 54.41"
"20,59 : 65.8"
"20,60 : 37.66"
"20,61 : 32.56"
"20,62 : 54.41"
"20,63 : 42.58"
"20,64 : 50.57"
"20,65 : 78.39"
"20,66 : 57.28"
"20,67 : 29.73"
"20,68 : 47.41"
"20,69 : 30.46"
"20,70 : 22.47"
"20,71 : 51.74"
"20,72 : 25.63"
"20,73 : 45.49"
"20,74 : 62.8"
"20,75 : 47.27"
"20,76 : 49.77"
"20,77 : 59.08"
"20,78 : 18.44"
"20,79 : 21.38"
"20,80 : 69.18"
"20,81 : 46.07"
"20,82 : 67.6"
"20,83 : 48.55"
"20,84 : 62.97"
"20,85 : 48.41"
"20,86 : 36.4"
"20,87 : 24.84"
"20,88 : 18.97"
"20,89 : 25.08"
"20,90 : 22.14"
"20,91 : 31.38"
"20,92 : 68.48"
"20,93 : 47.8"
"20,94 : 73.25"
"20,95 : 35.23"
"20,96 : 59.55"
"20,97 : 42.38"
"20,98 : 20.52"
"20,99 : 49.09"
"21,0 : 70.26"
"21,1 : 20.81"
"21,2 : 36.67"
"21,3 : 83.63"
"21,4 : 30.46"
"21,5 : 26.93"
"21,6 : 36.88"
"21,7 : 39.22"
"21,8 : 55.23"
"21,9 : 94.76"
"21,10 : 46.82"
"21,11 : 22.14"
"21,12 : 51.79"
"21,13 : 40.8"
"21,14 : 65.0"
"21,15 : 56.72"
"21,16 : 62.97"
"21,17 : 34.54"
"21,18 : 30.08"
"21,19 : 8.94"
"21,20 : 47.41"
"21,21 : 0.0"
"21,22 : 65.19"
"21,23 : 28.28"
"21,24 : 53.08"
"21,25 : 38.21"
"21,26 : 62.18"
"21,27 : 64.03"
"21,28 : 20.1"
"21,29 : 37.54"
"21,30 : 14.32"
"21,31 : 27.46"
"21,32 : 35.0"
"21,33 : 21.93"
"21,34 : 26.93"
"21,35 : 55.46"
"21,36 : 38.08"
"21,37 : 51.31"
"21,38 : 70.34"
"21,39 : 63.16"
"21,40 : 26.08"
"21,41 : 60.21"
"21,42 : 24.17"
"21,43 : 43.28"
"21,44 : 39.56"
"21,45 : 23.77"
"21,46 : 64.47"
"21,47 : 12.21"
"21,48 : 12.81"
"21,49 : 69.0"
"21,50 : 41.59"
"21,51 : 55.54"
"21,52 : 60.01"
"21,53 : 41.68"
"21,54 : 35.81"
"21,55 : 73.25"
"21,56 : 7.07"
"21,57 : 50.57"
"21,58 : 65.3"
"21,59 : 23.77"
"21,60 : 76.69"
"21,61 : 72.25"
"21,62 : 66.75"
"21,63 : 72.95"
"21,64 : 4.12"
"21,65 : 31.06"
"21,66 : 18.03"
"21,67 : 49.19"
"21,68 : 67.05"
"21,69 : 36.77"
"21,70 : 69.78"
"21,71 : 56.08"
"21,72 : 72.92"
"21,73 : 62.36"
"21,74 : 37.74"
"21,75 : 83.49"
"21,76 : 91.35"
"21,77 : 25.5"
"21,78 : 44.05"
"21,79 : 38.01"
"21,80 : 31.91"
"21,81 : 43.01"
"21,82 : 57.57"
"21,83 : 4.12"
"21,84 : 32.02"
"21,85 : 52.15"
"21,86 : 53.6"
"21,87 : 58.08"
"21,88 : 62.48"
"21,89 : 37.22"
"21,90 : 49.01"
"21,91 : 54.45"
"21,92 : 57.87"
"21,93 : 61.39"
"21,94 : 29.27"
"21,95 : 62.39"
"21,96 : 23.19"
"21,97 : 68.03"
"21,98 : 56.44"
"21,99 : 52.48"
"22,0 : 5.1"
"22,1 : 48.51"
"22,2 : 38.28"
"22,3 : 58.86"
"22,4 : 80.36"
"22,5 : 78.39"
"22,6 : 79.31"
"22,7 : 33.29"
"22,8 : 86.02"
"22,9 : 63.01"
"22,10 : 62.63"
"22,11 : 60.17"
"22,12 : 19.8"
"22,13 : 93.3"
"22,14 : 99.62"
"22,15 : 89.87"
"22,16 : 27.66"
"22,17 : 58.59"
"22,18 : 36.12"
"22,19 : 69.07"
"22,20 : 28.6"
"22,21 : 65.19"
"22,22 : 0.0"
"22,23 : 93.43"
"22,24 : 40.46"
"22,25 : 51.09"
"22,26 : 106.47"
"22,27 : 51.48"
"22,28 : 67.78"
"22,29 : 51.86"
"22,30 : 70.6"
"22,31 : 43.17"
"22,32 : 96.57"
"22,33 : 54.23"
"22,34 : 39.05"
"22,35 : 99.73"
"22,36 : 34.93"
"22,37 : 39.66"
"22,38 : 23.19"
"22,39 : 21.19"
"22,40 : 91.05"
"22,41 : 56.61"
"22,42 : 88.28"
"22,43 : 46.4"
"22,44 : 82.86"
"22,45 : 43.42"
"22,46 : 21.84"
"22,47 : 58.22"
"22,48 : 56.52"
"22,49 : 6.4"
"22,50 : 26.83"
"22,51 : 30.41"
"22,52 : 64.66"
"22,53 : 53.82"
"22,54 : 95.35"
"22,55 : 41.77"
"22,56 : 60.0"
"22,57 : 95.27"
"22,58 : 35.69"
"22,59 : 76.32"
"22,60 : 56.32"
"22,61 : 51.87"
"22,62 : 82.13"
"22,63 : 66.19"
"22,64 : 69.12"
"22,65 : 93.62"
"22,66 : 68.01"
"22,67 : 58.05"
"22,68 : 74.2"
"22,69 : 58.67"
"22,70 : 25.08"
"22,71 : 80.28"
"22,72 : 26.02"
"22,73 : 73.0"
"22,74 : 89.19"
"22,75 : 66.48"
"22,76 : 63.13"
"22,77 : 83.19"
"22,78 : 47.01"
"22,79 : 27.29"
"22,80 : 92.78"
"22,81 : 74.43"
"22,82 : 96.04"
"22,83 : 64.63"
"22,84 : 67.42"
"22,85 : 77.01"
"22,86 : 22.2"
"22,87 : 7.28"
"22,88 : 38.91"
"22,89 : 53.34"
"22,90 : 16.49"
"22,91 : 16.28"
"22,92 : 96.9"
"22,93 : 75.69"
"22,94 : 94.01"
"22,95 : 12.37"
"22,96 : 68.03"
"22,97 : 67.96"
"22,98 : 9.22"
"22,99 : 37.74"
"23,0 : 98.51"
"23,1 : 47.76"
"23,2 : 62.17"
"23,3 : 106.67"
"23,4 : 35.78"
"23,5 : 30.41"
"23,6 : 44.72"
"23,7 : 65.62"
"23,8 : 63.32"
"23,9 : 118.41"
"23,10 : 65.12"
"23,11 : 43.01"
"23,12 : 79.16"
"23,13 : 37.22"
"23,14 : 68.07"
"23,15 : 62.94"
"23,16 : 88.84"
"23,17 : 54.56"
"23,18 : 58.25"
"23,19 : 26.83"
"23,20 : 74.67"
"23,21 : 28.28"
"23,22 : 93.43"
"23,23 : 0.0"
"23,24 : 78.03"
"23,25 : 59.09"
"23,26 : 59.01"
"23,27 : 86.83"
"23,28 : 34.0"
"23,29 : 58.18"
"23,30 : 26.93"
"23,31 : 54.42"
"23,32 : 17.0"
"23,33 : 44.64"
"23,34 : 55.11"
"23,35 : 54.15"
"23,36 : 65.19"
"23,37 : 74.95"
"23,38 : 97.02"
"23,39 : 90.76"
"23,40 : 6.32"
"23,41 : 81.39"
"23,42 : 8.49"
"23,43 : 67.12"
"23,44 : 45.31"
"23,45 : 51.04"
"23,46 : 92.03"
"23,47 : 37.7"
"23,48 : 38.21"
"23,49 : 97.08"
"23,50 : 69.07"
"23,51 : 81.02"
"23,52 : 78.64"
"23,53 : 63.25"
"23,54 : 25.02"
"23,55 : 98.62"
"23,56 : 34.21"
"23,57 : 50.49"
"23,58 : 89.84"
"23,59 : 29.07"
"23,60 : 99.49"
"23,61 : 95.6"
"23,62 : 79.65"
"23,63 : 92.7"
"23,64 : 24.52"
"23,65 : 13.15"
"23,66 : 32.2"
"23,67 : 69.31"
"23,68 : 83.23"
"23,69 : 56.64"
"23,70 : 97.14"
"23,71 : 67.54"
"23,72 : 100.3"
"23,73 : 78.24"
"23,74 : 36.88"
"23,75 : 104.66"
"23,76 : 114.48"
"23,77 : 25.5"
"23,78 : 67.68"
"23,79 : 66.19"
"23,80 : 21.02"
"23,81 : 55.23"
"23,82 : 60.02"
"23,83 : 29.0"
"23,84 : 45.0"
"23,85 : 64.5"
"23,86 : 80.5"
"23,87 : 86.28"
"23,88 : 87.82"
"23,89 : 59.2"
"23,90 : 77.16"
"23,91 : 82.05"
"23,92 : 59.84"
"23,93 : 76.01"
"23,94 : 8.06"
"23,95 : 90.05"
"23,96 : 36.36"
"23,97 : 86.56"
"23,98 : 84.72"
"23,99 : 76.54"
"24,0 : 43.14"
"24,1 : 32.56"
"24,2 : 52.35"
"24,3 : 31.38"
"24,4 : 51.62"
"24,5 : 77.2"
"24,6 : 47.0"
"24,7 : 49.04"
"24,8 : 47.93"
"24,9 : 41.87"
"24,10 : 24.35"
"24,11 : 35.34"
"24,12 : 46.57"
"24,13 : 63.07"
"24,14 : 61.27"
"24,15 : 52.0"
"24,16 : 61.35"
"24,17 : 26.31"
"24,18 : 29.73"
"24,19 : 51.31"
"24,20 : 14.32"
"24,21 : 53.08"
"24,22 : 40.46"
"24,23 : 78.03"
"24,24 : 0.0"
"24,25 : 65.31"
"24,26 : 70.6"
"24,27 : 14.04"
"24,28 : 67.12"
"24,29 : 65.51"
"24,30 : 65.3"
"24,31 : 26.4"
"24,32 : 87.97"
"24,33 : 57.27"
"24,34 : 31.78"
"24,35 : 64.54"
"24,36 : 18.03"
"24,37 : 64.12"
"24,38 : 61.29"
"24,39 : 21.95"
"24,40 : 73.36"
"24,41 : 16.55"
"24,42 : 76.4"
"24,43 : 11.4"
"24,44 : 50.04"
"24,45 : 44.94"
"24,46 : 22.36"
"24,47 : 41.23"
"24,48 : 52.7"
"24,49 : 46.86"
"24,50 : 43.05"
"24,51 : 59.23"
"24,52 : 24.21"
"24,53 : 18.0"
"24,54 : 69.63"
"24,55 : 20.59"
"24,56 : 46.01"
"24,57 : 60.83"
"24,58 : 68.68"
"24,59 : 74.2"
"24,60 : 25.08"
"24,61 : 20.12"
"24,62 : 41.73"
"24,63 : 28.28"
"24,64 : 55.44"
"24,65 : 83.87"
"24,66 : 66.03"
"24,67 : 18.79"
"24,68 : 33.84"
"24,69 : 25.08"
"24,70 : 24.74"
"24,71 : 41.18"
"24,72 : 27.46"
"24,73 : 32.56"
"24,74 : 59.14"
"24,75 : 33.96"
"24,76 : 38.83"
"24,77 : 58.52"
"24,78 : 11.18"
"24,79 : 35.01"
"24,80 : 68.68"
"24,81 : 38.64"
"24,82 : 59.14"
"24,83 : 55.17"
"24,84 : 73.82"
"24,85 : 38.48"
"24,86 : 50.7"
"24,87 : 38.08"
"24,88 : 9.85"
"24,89 : 20.4"
"24,90 : 36.4"
"24,91 : 45.54"
"24,92 : 60.08"
"24,93 : 35.38"
"24,94 : 75.15"
"24,95 : 48.76"
"24,96 : 69.12"
"24,97 : 28.23"
"24,98 : 33.62"
"24,99 : 63.29"
"25,0 : 55.61"
"25,1 : 41.0"
"25,2 : 13.89"
"25,3 : 95.51"
"25,4 : 67.68"
"25,5 : 33.06"
"25,6 : 72.47"
"25,7 : 18.6"
"25,8 : 88.6"
"25,9 : 104.0"
"25,10 : 72.69"
"25,11 : 52.55"
"25,12 : 31.4"
"25,13 : 78.87"
"25,14 : 100.22"
"25,15 : 91.0"
"25,16 : 33.54"
"25,17 : 61.39"
"25,18 : 36.12"
"25,19 : 46.86"
"25,20 : 52.5"
"25,21 : 38.21"
"25,22 : 51.09"
"25,23 : 59.09"
"25,24 : 65.31"
"25,25 : 0.0"
"25,26 : 99.57"
"25,27 : 79.25"
"25,28 : 25.3"
"25,29 : 1.0"
"25,30 : 32.2"
"25,31 : 43.1"
"25,32 : 54.45"
"25,33 : 16.28"
"25,34 : 35.0"
"25,35 : 92.65"
"25,36 : 47.52"
"25,37 : 17.0"
"25,38 : 43.17"
"25,39 : 61.91"
"25,40 : 60.03"
"25,41 : 79.23"
"25,42 : 51.26"
"25,43 : 61.03"
"25,44 : 75.66"
"25,45 : 22.2"
"25,46 : 63.29"
"25,47 : 42.49"
"25,48 : 25.61"
"25,49 : 51.31"
"25,50 : 25.81"
"25,51 : 25.71"
"25,52 : 83.02"
"25,53 : 64.2"
"25,54 : 73.66"
"25,55 : 80.23"
"25,56 : 39.12"
"25,57 : 87.66"
"25,58 : 32.06"
"25,59 : 32.39"
"25,60 : 89.99"
"25,61 : 84.9"
"25,62 : 95.35"
"25,63 : 92.44"
"25,64 : 41.73"
"25,65 : 53.15"
