x,y
42,51
1,86
61,95
30,38
10,31
74,51
17,11
27,40
51,65
19,95
74,71
84,27
98,81
3,27
71,9
79,96
36,0
98,82
46,64
9,27
43,7
13,43
33,64
12,10
7,96
32,93
54,29
30,85
90,51
40,8
38,33
61,91
37,97
23,79
63,68
19,73
39,72
98,12
53,13
39,28
64,71
6,10
31,92
33,34
80,81
88,21
34,62
85,22
6,37
94,31
62,26
6,87
76,63
2,33
29,99
40,22
23,84
98,15
35,44
17,3
13,66
58,76
81,82
38,26
58,3
97,63
10,56
40,78
68,30
38,10
64,99
30,76
60,83
56,51
7,10
87,15
98,12
78,100
54,45
84,73
22,58
90,55
54,57
12,35
74,91
57,5
59,22
67,74
13,45
0,2
98,30
21,29
32,71
15,91
46,85
86,50
14,37
9,31
67,30
81,74

Distanze
"0,0 : 0.0"
"0,1 : 53.91"
"0,2 : 47.93"
"0,3 : 17.69"
"0,4 : 37.74"
"0,5 : 32.0"
"0,6 : 47.17"
"0,7 : 18.6"
"0,8 : 16.64"
"0,9 : 49.65"
"0,10 : 37.74"
"0,11 : 48.37"
"0,12 : 63.53"
"0,13 : 45.79"
"0,14 : 51.04"
"0,15 : 58.26"
"0,16 : 51.35"
"0,17 : 64.01"
"0,18 : 13.6"
"0,19 : 40.8"
"0,20 : 44.01"
"0,21 : 30.08"
"0,22 : 15.81"
"0,23 : 50.8"
"0,24 : 57.01"
"0,25 : 43.17"
"0,26 : 25.06"
"0,27 : 36.06"
"0,28 : 48.0"
"0,29 : 43.05"
"0,30 : 18.44"
"0,31 : 44.28"
"0,32 : 46.27"
"0,33 : 33.84"
"0,34 : 27.02"
"0,35 : 31.83"
"0,36 : 21.21"
"0,37 : 68.24"
"0,38 : 39.56"
"0,39 : 23.19"
"0,40 : 29.73"
"0,41 : 54.56"
"0,42 : 42.45"
"0,43 : 19.24"
"0,44 : 48.41"
"0,45 : 54.92"
"0,46 : 13.6"
"0,47 : 51.87"
"0,48 : 38.63"
"0,49 : 55.71"
"0,50 : 32.02"
"0,51 : 50.91"
"0,52 : 36.06"
"0,53 : 43.86"
"0,54 : 49.73"
"0,55 : 29.07"
"0,56 : 38.08"
"0,57 : 66.57"
"0,58 : 9.9"
"0,59 : 54.12"
"0,60 : 32.65"
"0,61 : 29.68"
"0,62 : 49.82"
"0,63 : 25.32"
"0,64 : 50.6"
"0,65 : 56.29"
"0,66 : 32.39"
"0,67 : 27.07"
"0,68 : 33.42"
"0,69 : 41.19"
"0,70 : 52.8"
"0,71 : 27.73"
"0,72 : 36.72"
"0,73 : 14.0"
"0,74 : 53.91"
"0,75 : 57.63"
"0,76 : 68.24"
"0,77 : 60.8"
"0,78 : 13.42"
"0,79 : 47.41"
"0,80 : 21.19"
"0,81 : 48.17"
"0,82 : 13.42"
"0,83 : 34.0"
"0,84 : 51.22"
"0,85 : 48.38"
"0,86 : 33.62"
"0,87 : 33.97"
"0,88 : 29.61"
"0,89 : 64.54"
"0,90 : 59.81"
"0,91 : 30.41"
"0,92 : 22.36"
"0,93 : 48.26"
"0,94 : 34.23"
"0,95 : 44.01"
"0,96 : 31.3"
"0,97 : 38.59"
"0,98 : 32.65"
"0,99 : 45.28"
"1,0 : 53.91"
"1,1 : 0.0"
"1,2 : 60.67"
"1,3 : 56.08"
"1,4 : 55.73"
"1,5 : 80.96"
"1,6 : 76.69"
"1,7 : 52.84"
"1,8 : 54.23"
"1,9 : 20.12"
"1,10 : 74.53"
"1,11 : 101.83"
"1,12 : 97.13"
"1,13 : 59.03"
"1,14 : 104.06"
"1,15 : 78.64"
"1,16 : 92.85"
"1,17 : 97.08"
"1,18 : 50.09"
"1,19 : 59.54"
"1,20 : 89.47"
"1,21 : 44.64"
"1,22 : 38.83"
"1,23 : 76.79"
"1,24 : 11.66"
"1,25 : 31.78"
"1,26 : 77.83"
"1,27 : 29.02"
"1,28 : 95.63"
"1,29 : 87.21"
"1,30 : 64.64"
"1,31 : 60.21"
"1,32 : 37.64"
"1,33 : 23.09"
"1,34 : 64.56"
"1,35 : 22.2"
"1,36 : 40.5"
"1,37 : 122.0"
"1,38 : 89.63"
"1,39 : 69.34"
"1,40 : 64.76"
"1,41 : 76.16"
"1,42 : 30.59"
"1,43 : 61.06"
"1,44 : 79.16"
"1,45 : 108.6"
"1,46 : 40.8"
"1,47 : 105.6"
"1,48 : 49.25"
"1,49 : 108.05"
"1,50 : 85.56"
"1,51 : 5.1"
"1,52 : 78.45"
"1,53 : 53.01"
"1,54 : 30.87"
"1,55 : 74.95"
"1,56 : 22.09"
"1,57 : 120.21"
"1,58 : 54.04"
"1,59 : 84.53"
"1,60 : 23.32"
"1,61 : 57.87"
"1,62 : 80.1"
"1,63 : 70.49"
"1,64 : 100.69"
"1,65 : 98.72"
"1,66 : 31.32"
"1,67 : 39.81"
"1,68 : 87.32"
"1,69 : 84.53"
"1,70 : 64.33"
"1,71 : 30.68"
"1,72 : 59.08"
"1,73 : 65.19"
"1,74 : 76.24"
"1,75 : 111.52"
"1,76 : 122.0"
"1,77 : 78.26"
"1,78 : 67.01"
"1,79 : 84.01"
"1,80 : 35.0"
"1,81 : 94.24"
"1,82 : 60.42"
"1,83 : 52.17"
"1,84 : 73.17"
"1,85 : 98.47"
"1,86 : 86.37"
"1,87 : 67.08"
"1,88 : 42.72"
"1,89 : 84.01"
"1,90 : 112.0"
"1,91 : 60.41"
"1,92 : 34.44"
"1,93 : 14.87"
"1,94 : 45.01"
"1,95 : 92.31"
"1,96 : 50.7"
"1,97 : 55.58"
"1,98 : 86.56"
"1,99 : 80.89"
"2,0 : 47.93"
"2,1 : 60.67"
"2,2 : 0.0"
"2,3 : 64.88"
"2,4 : 81.84"
"2,5 : 45.88"
"2,6 : 94.83"
"2,7 : 64.66"
"2,8 : 31.62"
"2,9 : 42.0"
"2,10 : 27.29"
"2,11 : 71.78"
"2,12 : 39.56"
"2,13 : 89.38"
"2,14 : 86.58"
"2,15 : 18.03"
"2,16 : 98.23"
"2,17 : 39.22"
"2,18 : 34.44"
"2,19 : 85.6"
"2,20 : 89.82"
"2,21 : 70.77"
"2,22 : 41.77"
"2,23 : 98.11"
"2,24 : 54.01"
"2,25 : 29.07"
"2,26 : 66.37"
"2,27 : 32.57"
"2,28 : 52.7"
"2,29 : 89.5"
"2,30 : 66.13"
"2,31 : 4.0"
"2,32 : 24.08"
"2,33 : 41.23"
"2,34 : 27.07"
"2,35 : 47.41"
"2,36 : 31.83"
"2,37 : 90.87"
"2,38 : 82.39"
"2,39 : 70.52"
"2,40 : 24.19"
"2,41 : 101.24"
"2,42 : 30.15"
"2,43 : 67.12"
"2,44 : 23.6"
"2,45 : 78.77"
"2,46 : 42.64"
"2,47 : 76.84"
"2,48 : 79.93"
"2,49 : 72.01"
"2,50 : 69.01"
"2,51 : 55.58"
"2,52 : 35.34"
"2,53 : 85.59"
"2,54 : 32.25"
"2,55 : 75.96"
"2,56 : 39.56"
"2,57 : 88.14"
"2,58 : 57.25"
"2,59 : 101.98"
"2,60 : 56.08"
"2,61 : 19.24"
"2,62 : 23.85"
"2,63 : 72.73"
"2,64 : 92.05"
"2,65 : 48.17"
"2,66 : 64.2"
"2,67 : 27.02"
"2,68 : 65.38"
"2,69 : 88.06"
"2,70 : 5.0"
"2,71 : 36.36"
"2,72 : 12.04"
"2,73 : 44.28"
"2,74 : 100.7"
"2,75 : 84.12"
"2,76 : 90.87"
"2,77 : 17.72"
"2,78 : 50.49"
"2,79 : 31.83"
"2,80 : 53.76"
"2,81 : 49.41"
"2,82 : 38.64"
"2,83 : 77.47"
"2,84 : 13.6"
"2,85 : 90.09"
"2,86 : 73.03"
"2,87 : 21.84"
"2,88 : 69.31"
"2,89 : 111.22"
"2,90 : 74.79"
"2,91 : 77.18"
"2,92 : 37.64"
"2,93 : 46.17"
"2,94 : 18.03"
"2,95 : 51.48"
"2,96 : 74.65"
"2,97 : 82.46"
"2,98 : 65.28"
"2,99 : 29.0"
"3,0 : 17.69"
"3,1 : 56.08"
"3,2 : 64.88"
"3,3 : 0.0"
"3,4 : 21.19"
"3,5 : 45.88"
"3,6 : 29.97"
"3,7 : 3.61"
"3,8 : 34.21"
"3,9 : 58.05"
"3,10 : 55.0"
"3,11 : 55.11"
"3,12 : 80.45"
"3,13 : 29.15"
"3,14 : 50.22"
"3,15 : 75.93"
"3,16 : 38.47"
"3,17 : 80.99"
"3,18 : 30.53"
"3,19 : 23.71"
"3,20 : 33.62"
"3,21 : 17.72"
"3,22 : 26.17"
"3,23 : 33.29"
"3,24 : 62.39"
"3,25 : 55.04"
"3,26 : 25.63"
"3,27 : 47.0"
"3,28 : 61.39"
"3,29 : 31.62"
"3,30 : 9.43"
"3,31 : 61.4"
"3,32 : 59.41"
"3,33 : 41.59"
"3,34 : 44.6"
"3,35 : 36.69"
"3,36 : 35.17"
"3,37 : 72.8"
"3,38 : 33.97"
"3,39 : 13.45"
"3,40 : 47.38"
"3,41 : 36.88"
"3,42 : 54.01"
"3,43 : 5.0"
"3,44 : 65.95"
"3,45 : 60.44"
"3,46 : 24.33"
"3,47 : 57.28"
"3,48 : 24.02"
"3,49 : 64.38"
"3,50 : 34.18"
"3,51 : 54.56"
"3,52 : 52.35"
"3,53 : 28.44"
"3,54 : 61.01"
"3,55 : 18.87"
"3,56 : 46.53"
"3,57 : 71.78"
"3,58 : 7.81"
"3,59 : 37.34"
"3,60 : 32.76"
"3,61 : 47.2"
"3,62 : 67.36"
"3,63 : 14.42"
"3,64 : 44.82"
"3,65 : 71.51"
"3,66 : 26.91"
"3,67 : 41.23"
"3,68 : 38.83"
"3,69 : 29.12"
"3,70 : 69.84"
"3,71 : 38.0"
"3,72 : 54.08"
"3,73 : 29.07"
"3,74 : 36.24"
"3,75 : 61.47"
"3,76 : 72.8"
"3,77 : 78.41"
"3,78 : 25.0"
"3,79 : 64.35"
"3,80 : 21.54"
"3,81 : 62.36"
"3,82 : 30.61"
"3,83 : 18.25"
"3,84 : 68.88"
"3,85 : 42.64"
"3,86 : 33.12"
"3,87 : 51.62"
"3,88 : 18.38"
"3,89 : 46.86"
"3,90 : 68.47"
"3,91 : 12.73"
"3,92 : 33.06"
"3,93 : 55.08"
"3,94 : 49.65"
"3,95 : 57.27"
"3,96 : 16.03"
"3,97 : 22.14"
"3,98 : 37.85"
"3,99 : 62.43"
"4,0 : 37.74"
"4,1 : 55.73"
"4,2 : 81.84"
"4,3 : 21.19"
"4,4 : 0.0"
"4,5 : 67.05"
"4,6 : 21.19"
"4,7 : 19.24"
"4,8 : 53.26"
"4,9 : 64.63"
"4,10 : 75.47"
"4,11 : 74.11"
"4,12 : 101.21"
"4,13 : 8.06"
"4,14 : 64.85"
"4,15 : 94.79"
"4,16 : 40.46"
"4,17 : 101.71"
"4,18 : 48.84"
"4,19 : 4.12"
"4,20 : 40.8"
"4,21 : 12.37"
"4,22 : 40.22"
"4,23 : 21.1"
"4,24 : 65.07"
"4,25 : 65.79"
"4,26 : 44.05"
"4,27 : 57.58"
"4,28 : 82.46"
"4,29 : 37.8"
"4,30 : 28.07"
"4,31 : 78.75"
"4,32 : 71.31"
"4,33 : 49.73"
"4,34 : 64.64"
"4,35 : 42.95"
"4,36 : 50.22"
"4,37 : 90.03"
"4,38 : 46.62"
"4,39 : 29.15"
"4,40 : 67.2"
"4,41 : 21.38"
"4,42 : 64.51"
"4,43 : 23.19"
"4,44 : 86.02"
"4,45 : 78.64"
"4,46 : 39.2"
"4,47 : 75.54"
"4,48 : 7.21"
"4,49 : 84.0"
"4,50 : 52.24"
"4,51 : 56.14"
"4,52 : 73.35"
"4,53 : 8.25"
"4,54 : 70.6"
"4,55 : 31.32"
"4,56 : 54.57"
"4,57 : 89.44"
"4,58 : 28.18"
"4,59 : 28.86"
"4,60 : 35.13"
"4,61 : 65.8"
"4,62 : 87.42"
"4,63 : 28.44"
"4,64 : 55.57"
"4,65 : 92.7"
"4,66 : 25.0"
"4,67 : 55.76"
"4,68 : 58.01"
"4,69 : 35.0"
"4,70 : 86.83"
"4,71 : 49.24"
"4,72 : 72.14"
"4,73 : 50.16"
"4,74 : 21.21"
"4,75 : 78.64"
"4,76 : 90.03"
"4,77 : 96.88"
"4,78 : 46.17"
"4,79 : 85.09"
"4,80 : 29.55"
"4,81 : 83.52"
"4,82 : 51.11"
"4,83 : 4.47"
"4,84 : 87.73"
"4,85 : 53.71"
"4,86 : 49.82"
"4,87 : 71.4"
"4,88 : 14.32"
"4,89 : 30.68"
"4,90 : 88.01"
"4,91 : 11.18"
"4,92 : 45.65"
"4,93 : 60.21"
"4,94 : 64.9"
"4,95 : 78.34"
"4,96 : 7.21"
"4,97 : 1.0"
"4,98 : 57.01"
"4,99 : 83.01"
"5,0 : 32.0"
"5,1 : 80.96"
"5,2 : 45.88"
"5,3 : 45.88"
"5,4 : 67.05"
"5,5 : 0.0"
"5,6 : 69.63"
"5,7 : 48.27"
"5,8 : 26.93"
"5,9 : 70.43"
"5,10 : 20.0"
"5,11 : 26.0"
"5,12 : 38.42"
"5,13 : 74.95"
"5,14 : 42.11"
"5,15 : 45.28"
"5,16 : 63.6"
"5,17 : 39.2"
"5,18 : 30.87"
"5,19 : 69.29"
"5,20 : 53.82"
"5,21 : 61.52"
"5,22 : 43.01"
"5,23 : 74.33"
"5,24 : 80.71"
"5,25 : 59.4"
"5,26 : 29.73"
"5,27 : 55.61"
"5,28 : 16.0"
"5,29 : 54.82"
"5,30 : 40.25"
"5,31 : 42.06"
"5,32 : 59.03"
"5,33 : 58.18"
"5,34 : 20.25"
"5,35 : 59.24"
"5,36 : 40.82"
"5,37 : 45.79"
"5,38 : 43.42"
"5,39 : 41.88"
"5,40 : 22.36"
"5,41 : 79.4"
"5,42 : 59.41"
"5,43 : 44.38"
"5,44 : 30.59"
"5,45 : 33.11"
"5,46 : 41.48"
"5,47 : 31.02"
"5,48 : 69.43"
"5,49 : 28.28"
"5,50 : 27.73"
"5,51 : 76.94"
"5,52 : 12.17"
"5,53 : 74.22"
"5,54 : 65.8"
"5,55 : 44.69"
"5,56 : 60.75"
"5,57 : 43.27"
"5,58 : 39.62"
"5,59 : 74.52"
"5,60 : 62.82"
"5,61 : 29.68"
"5,62 : 31.78"
"5,63 : 43.83"
"5,64 : 50.6"
"5,65 : 25.94"
"5,66 : 64.2"
"5,67 : 43.42"
"5,68 : 21.84"
"5,69 : 54.56"
"5,70 : 49.03"
"5,71 : 50.61"
"5,72 : 34.93"
"5,73 : 18.0"
"5,74 : 78.55"
"5,75 : 38.28"
"5,76 : 45.79"
"5,77 : 49.16"
"5,78 : 20.88"
"5,79 : 24.17"
"5,80 : 52.47"
"5,81 : 16.49"
"5,82 : 20.88"
"5,83 : 64.03"
"5,84 : 40.0"
"5,85 : 49.04"
"5,86 : 32.65"
"5,87 : 24.04"
"5,88 : 61.29"
"5,89 : 88.75"
"5,90 : 31.89"
"5,91 : 57.38"
"5,92 : 46.52"
"5,93 : 71.28"
"5,94 : 44.05"
"5,95 : 12.04"
"5,96 : 61.61"
"5,97 : 68.01"
"5,98 : 22.14"
"5,99 : 24.04"
"6,0 : 47.17"
"6,1 : 76.69"
"6,2 : 94.83"
"6,3 : 29.97"
"6,4 : 21.19"
"6,5 : 69.63"
"6,6 : 0.0"
"6,7 : 30.68"
"6,8 : 63.81"
"6,9 : 84.02"
"6,10 : 82.76"
"6,11 : 68.88"
"6,12 : 107.06"
"6,13 : 21.26"
"6,14 : 54.04"
"6,15 : 105.21"
"6,16 : 21.95"
"6,17 : 107.71"
"6,18 : 60.42"
"6,19 : 17.89"
"6,20 : 26.31"
"6,21 : 32.25"
"6,22 : 55.36"
"6,23 : 5.1"
"6,24 : 85.59"
"6,25 : 83.36"
"6,26 : 41.15"
"6,27 : 75.13"
"6,28 : 83.24"
"6,29 : 23.19"
"6,30 : 30.41"
"6,31 : 91.3"
"6,32 : 88.29"
"6,33 : 68.26"
"6,34 : 73.25"
"6,35 : 62.03"
"6,36 : 64.85"
"6,37 : 81.01"
"6,38 : 36.06"
"6,39 : 27.8"
"6,40 : 76.22"
"6,41 : 11.05"
"6,42 : 82.2"
"6,43 : 28.02"
"6,44 : 94.18"
"6,45 : 71.7"
"6,46 : 53.76"
"6,47 : 68.88"
"6,48 : 28.23"
"6,49 : 79.56"
"6,50 : 47.43"
"6,51 : 76.79"
"6,52 : 78.64"
"6,53 : 26.63"
"6,54 : 88.81"
"6,55 : 25.5"
"6,56 : 73.25"
"6,57 : 81.1"
"6,58 : 37.59"
"6,59 : 8.0"
"6,60 : 55.15"
"6,61 : 76.85"
"6,62 : 95.59"
"6,63 : 25.81"
"6,64 : 41.77"
"6,65 : 95.41"
"6,66 : 45.54"
"6,67 : 70.84"
"6,68 : 54.42"
"6,69 : 21.02"
"6,70 : 99.76"
"6,71 : 66.29"
"6,72 : 83.86"
"6,73 : 55.87"
"6,74 : 10.05"
"6,75 : 70.11"
"6,76 : 81.01"
"6,77 : 107.9"
"6,78 : 50.25"
"6,79 : 91.29"
"6,80 : 47.27"
"6,81 : 85.23"
"6,82 : 59.03"
"6,83 : 24.52"
"6,84 : 98.23"
"6,85 : 40.45"
"6,86 : 43.42"
"6,87 : 80.43"
"6,88 : 34.23"
"6,89 : 19.24"
"6,90 : 83.2"
"6,91 : 18.44"
"6,92 : 61.85"
"6,93 : 80.02"
"6,94 : 79.48"
"6,95 : 79.26"
"6,96 : 26.17"
"6,97 : 21.54"
"6,98 : 53.49"
"6,99 : 89.81"
"7,0 : 18.6"
"7,1 : 52.84"
"7,2 : 64.66"
"7,3 : 3.61"
"7,4 : 19.24"
"7,5 : 48.27"
"7,6 : 30.68"
"7,7 : 0.0"
"7,8 : 34.66"
"7,9 : 55.58"
"7,10 : 56.3"
"7,11 : 58.46"
"7,12 : 81.99"
"7,13 : 27.29"
"7,14 : 53.82"
"7,15 : 76.42"
"7,16 : 41.0"
"7,17 : 82.49"
"7,18 : 30.61"
"7,19 : 22.2"
"7,20 : 36.67"
"7,21 : 14.32"
"7,22 : 24.74"
"7,23 : 33.54"
"7,24 : 59.46"
"7,25 : 53.24"
"7,26 : 29.15"
"7,27 : 45.1"
"7,28 : 63.95"
"7,29 : 34.54"
"7,30 : 13.04"
"7,31 : 61.29"
"7,32 : 57.87"
"7,33 : 39.2"
"7,34 : 45.61"
"7,35 : 33.96"
"7,36 : 34.18"
"7,37 : 76.32"
"7,38 : 37.48"
"7,39 : 16.97"
"7,40 : 48.27"
"7,41 : 36.62"
"7,42 : 52.15"
"7,43 : 8.49"
"7,44 : 67.01"
"7,45 : 63.89"
"7,46 : 23.09"
"7,47 : 60.73"
"7,48 : 21.21"
"7,49 : 67.6"
"7,50 : 37.7"
"7,51 : 51.48"
"7,52 : 54.13"
"7,53 : 25.96"
"7,54 : 59.03"
"7,55 : 22.2"
"7,56 : 44.18"
"7,57 : 75.27"
"7,58 : 8.94"
"7,59 : 38.33"
"7,60 : 29.53"
"7,61 : 47.51"
"7,62 : 68.41"
"7,63 : 17.8"
"7,64 : 48.27"
"7,65 : 73.68"
"7,66 : 23.35"
"7,67 : 40.16"
"7,68 : 42.2"
"7,69 : 31.95"
"7,70 : 69.64"
"7,71 : 36.12"
"7,72 : 54.2"
"7,73 : 31.02"
"7,74 : 36.06"
"7,75 : 65.0"
"7,76 : 76.32"
"7,77 : 78.75"
"7,78 : 27.46"
"7,79 : 65.86"
"7,80 : 18.68"
"7,81 : 64.76"
"7,82 : 31.91"
"7,83 : 15.81"
"7,84 : 69.35"
"7,85 : 46.1"
"7,86 : 36.72"
"7,87 : 52.5"
"7,88 : 14.87"
"7,89 : 46.62"
"7,90 : 71.7"
"7,91 : 12.53"
"7,92 : 31.4"
"7,93 : 52.39"
"7,94 : 48.85"
"7,95 : 59.84"
"7,96 : 13.34"
"7,97 : 20.12"
"7,98 : 41.23"
"7,99 : 63.81"
"8,0 : 16.64"
"8,1 : 54.23"
"8,2 : 31.62"
"8,3 : 34.21"
"8,4 : 53.26"
"8,5 : 26.93"
"8,6 : 63.81"
"8,7 : 34.66"
"8,8 : 0.0"
"8,9 : 43.86"
"8,10 : 23.77"
"8,11 : 50.33"
"8,12 : 49.65"
"8,13 : 61.22"
"8,14 : 59.46"
"8,15 : 41.77"
"8,16 : 66.71"
"8,17 : 49.98"
"8,18 : 5.1"
"8,19 : 56.64"
"8,20 : 58.55"
"8,21 : 43.91"
"8,22 : 18.03"
"8,23 : 67.42"
"8,24 : 53.82"
"8,25 : 33.84"
"8,26 : 36.12"
"8,27 : 29.0"
"8,28 : 41.44"
"8,29 : 58.05"
"8,30 : 34.54"
"8,31 : 27.86"
"8,32 : 34.93"
"8,33 : 31.3"
"8,34 : 12.37"
"8,35 : 32.98"
"8,36 : 13.89"
"8,37 : 70.84"
"8,38 : 52.04"
"8,39 : 38.9"
"8,40 : 14.32"
"8,41 : 71.06"
"8,42 : 33.6"
"8,43 : 35.85"
"8,44 : 33.12"
"8,45 : 57.49"
"8,46 : 17.26"
"8,47 : 54.82"
"8,48 : 53.0"
"8,49 : 54.82"
"8,50 : 40.52"
"8,51 : 50.09"
"8,52 : 25.08"
"8,53 : 58.52"
"8,54 : 40.5"
"8,55 : 44.38"
"8,56 : 33.84"
"8,57 : 68.62"
"8,58 : 26.4"
"8,59 : 70.71"
"8,60 : 38.01"
"8,61 : 13.04"
"8,62 : 34.48"
"8,63 : 41.11"
"8,64 : 62.39"
"8,65 : 46.04"
"8,66 : 41.98"
"8,67 : 17.03"
"8,68 : 38.91"
"8,69 : 56.52"
"8,70 : 36.4"
"8,71 : 23.71"
"8,72 : 20.12"
"8,73 : 14.87"
"8,74 : 70.43"
"8,75 : 61.61"
"8,76 : 70.84"
"8,77 : 44.2"
"8,78 : 20.22"
"8,79 : 33.96"
"8,80 : 29.83"
"8,81 : 40.26"
"8,82 : 8.54"
"8,83 : 49.2"
"8,84 : 34.71"
"8,85 : 60.3"
"8,86 : 43.74"
"8,87 : 18.36"
"8,88 : 42.94"
"8,89 : 81.06"
"8,90 : 58.6"
"8,91 : 46.86"
"8,92 : 19.92"
"8,93 : 44.41"
"8,94 : 20.62"
"8,95 : 38.08"
"8,96 : 46.4"
"8,97 : 54.04"
"8,98 : 38.48"
"8,99 : 31.32"
"9,0 : 49.65"
"9,1 : 20.12"
"9,2 : 42.0"
"9,3 : 58.05"
"9,4 : 64.63"
"9,5 : 70.43"
"9,6 : 84.02"
"9,7 : 55.58"
"9,8 : 43.86"
"9,9 : 0.0"
"9,10 : 60.01"
"9,11 : 94.07"
"9,12 : 80.23"
"9,13 : 69.86"
"9,14 : 100.5"
"9,15 : 60.01"
"9,16 : 96.51"
"9,17 : 80.06"
"9,18 : 41.11"
"9,19 : 68.73"
"9,20 : 91.21"
"9,21 : 52.35"
"9,22 : 34.01"
"9,23 : 85.29"
"9,24 : 12.04"
"9,25 : 13.15"
"9,26 : 74.71"
"9,27 : 14.87"
"9,28 : 83.53"
"9,29 : 89.5"
"9,30 : 64.85"
"9,31 : 42.19"
"9,32 : 18.11"
"9,33 : 16.49"
"9,34 : 51.62"
"9,35 : 22.0"
"9,36 : 30.48"
"9,37 : 114.59"
"9,38 : 88.77"
"9,39 : 69.92"
"9,40 : 51.0"
"9,41 : 85.99"
"9,42 : 12.37"
"9,43 : 62.59"
"9,44 : 62.59"
"9,45 : 101.18"
"9,46 : 36.25"
"9,47 : 98.41"
"9,48 : 59.44"
"9,49 : 98.6"
"9,50 : 81.3"
"9,51 : 15.26"
"9,52 : 65.37"
"9,53 : 64.29"
"9,54 : 10.77"
"9,55 : 75.96"
"9,56 : 11.7"
"9,57 : 112.43"
"9,58 : 53.45"
"9,59 : 92.02"
"9,60 : 29.61"
"9,61 : 43.38"
"9,62 : 63.35"
"9,63 : 71.57"
"9,64 : 99.92"
"9,65 : 84.31"
"9,66 : 40.02"
"9,67 : 27.02"
"9,68 : 81.4"
"9,69 : 87.1"
"9,70 : 45.18"
"9,71 : 21.95"
"9,72 : 42.72"
"9,73 : 57.49"
"9,74 : 85.84"
"9,75 : 105.0"
"9,76 : 114.59"
"9,77 : 59.21"
"9,78 : 61.03"
"9,79 : 68.62"
"9,80 : 37.12"
"9,81 : 81.49"
"9,82 : 51.66"
"9,83 : 60.41"
"9,84 : 55.15"
"9,85 : 97.69"
"9,86 : 83.24"
"9,87 : 52.39"
"9,88 : 50.36"
"9,89 : 94.92"
"9,90 : 102.3"
"9,91 : 66.03"
"9,92 : 27.29"
"9,93 : 5.66"
"9,94 : 28.79"
"9,95 : 80.71"
"9,96 : 58.22"
"9,97 : 64.78"
"9,98 : 80.8"
"9,99 : 65.46"
"10,0 : 37.74"
"10,1 : 74.53"
"10,2 : 27.29"
"10,3 : 55.0"
"10,4 : 75.47"
"10,5 : 20.0"
"10,6 : 82.76"
"10,7 : 56.3"
"10,8 : 23.77"
"10,9 : 60.01"
"10,10 : 0.0"
"10,11 : 45.12"
"10,12 : 26.0"
"10,13 : 83.53"
"10,14 : 62.07"
"10,15 : 25.5"
"10,16 : 80.53"
"10,17 : 26.4"
"10,18 : 28.86"
"10,19 : 78.49"
"10,20 : 71.11"
"10,21 : 67.12"
"10,22 : 41.59"
"10,23 : 86.98"
"10,24 : 71.51"
"10,25 : 47.41"
"10,26 : 46.52"
"10,27 : 46.17"
"10,28 : 25.61"
"10,29 : 71.59"
"10,30 : 52.35"
"10,31 : 23.85"
"10,32 : 45.22"
"10,33 : 51.62"
"10,34 : 11.4"
"10,35 : 55.04"
"10,36 : 35.01"
"10,37 : 63.69"
"10,38 : 61.68"
"10,39 : 55.44"
"10,40 : 10.0"
"10,41 : 91.35"
"10,42 : 47.85"
"10,43 : 55.23"
"10,44 : 11.66"
"10,45 : 51.92"
"10,46 : 41.0"
"10,47 : 50.22"
"10,48 : 76.03"
"10,49 : 44.72"
"10,50 : 46.57"
"10,51 : 69.86"
"10,52 : 8.25"
"10,53 : 81.41"
"10,54 : 53.0"
"10,55 : 59.64"
"10,56 : 52.63"
"10,57 : 60.93"
"10,58 : 47.43"
"10,59 : 88.73"
"10,60 : 61.2"
"10,61 : 16.76"
"10,62 : 13.04"
"10,63 : 57.63"
"10,64 : 69.86"
"10,65 : 24.35"
"10,66 : 65.73"
"10,67 : 34.71"
"10,68 : 41.44"
"10,69 : 70.83"
"10,70 : 29.73"
"10,71 : 44.28"
"10,72 : 18.44"
"10,73 : 26.91"
"10,74 : 90.61"
"10,75 : 57.49"
"10,76 : 63.69"
"10,77 : 29.27"
"10,78 : 32.8"
"10,79 : 10.2"
"10,80 : 53.6"
"10,81 : 22.63"
"10,82 : 24.41"
"10,83 : 71.69"
"10,84 : 20.0"
"10,85 : 68.15"
"10,86 : 51.24"
"10,87 : 7.62"
"10,88 : 66.31"
"10,89 : 101.18"
"10,90 : 47.51"
"10,91 : 67.62"
"10,92 : 42.0"
"10,93 : 62.3"
"10,94 : 31.3"
"10,95 : 24.19"
"10,96 : 68.96"
"10,97 : 76.32"
"10,98 : 41.59"
"10,99 : 7.62"
"11,0 : 48.37"
"11,1 : 101.83"
"11,2 : 71.78"
"11,3 : 55.11"
"11,4 : 74.11"
"11,5 : 26.0"
"11,6 : 68.88"
"11,7 : 58.46"
"11,8 : 50.33"
"11,9 : 94.07"
"11,10 : 45.12"
"11,11 : 0.0"
"11,12 : 55.79"
"11,13 : 81.0"
"11,14 : 22.2"
"11,15 : 69.18"
"11,16 : 55.07"
"11,17 : 56.75"
"11,18 : 53.04"
"11,19 : 75.0"
"11,20 : 45.62"
"11,21 : 72.78"
"11,22 : 63.01"
"11,23 : 73.98"
"11,24 : 103.39"
"11,25 : 84.02"
"11,26 : 30.07"
"11,27 : 79.25"
"11,28 : 24.74"
"11,29 : 47.93"
"11,30 : 46.39"
"11,31 : 68.01"
"11,32 : 84.31"
"11,33 : 80.16"
"11,34 : 46.07"
"11,35 : 79.63"
"11,36 : 63.64"
"11,37 : 20.52"
"11,38 : 34.01"
"11,39 : 45.01"
"11,40 : 48.33"
"11,41 : 79.83"
"11,42 : 83.87"
"11,43 : 51.48"
"11,44 : 54.15"
"11,45 : 7.21"
"11,46 : 61.03"
"11,47 : 5.1"
"11,48 : 78.64"
"11,49 : 10.77"
"11,50 : 22.02"
"11,51 : 98.41"
"11,52 : 36.88"
"11,53 : 82.22"
"11,54 : 90.6"
"11,55 : 44.28"
"11,56 : 83.49"
"11,57 : 18.44"
"11,58 : 51.87"
"11,59 : 71.17"
"11,60 : 81.01"
"11,61 : 55.47"
"11,62 : 55.08"
"11,63 : 46.01"
"11,64 : 35.38"
"11,65 : 38.28"
"11,66 : 79.48"
"11,67 : 67.36"
"11,68 : 16.28"
"11,69 : 49.04"
"11,70 : 74.73"
"11,71 : 72.92"
"11,72 : 60.93"
"11,73 : 36.88"
"11,74 : 78.85"
"11,75 : 12.37"
"11,76 : 20.52"
"11,77 : 73.25"
"11,78 : 34.99"
"11,79 : 46.0"
"11,80 : 69.32"
"11,81 : 28.64"
"11,82 : 42.43"
"11,83 : 72.44"
"11,84 : 64.78"
"11,85 : 34.83"
"11,86 : 25.5"
"11,87 : 49.98"
"11,88 : 73.25"
"11,89 : 87.64"
"11,90 : 14.32"
"11,91 : 63.03"
"11,92 : 68.12"
"11,93 : 94.11"
"11,94 : 69.34"
"11,95 : 23.09"
"11,96 : 70.71"
"11,97 : 75.11"
"11,98 : 17.26"
"11,99 : 47.1"
"12,0 : 63.53"
"12,1 : 97.13"
"12,2 : 39.56"
"12,3 : 80.45"
"12,4 : 101.21"
"12,5 : 38.42"
"12,6 : 107.06"
"12,7 : 81.99"
"12,8 : 49.65"
"12,9 : 80.23"
"12,10 : 26.0"
"12,11 : 55.79"
"12,12 : 0.0"
"12,13 : 109.27"
"12,14 : 76.9"
"12,15 : 24.21"
"12,16 : 102.0"
"12,17 : 1.0"
"12,18 : 54.71"
"12,19 : 104.1"
"12,20 : 92.2"
"12,21 : 93.11"
"12,22 : 67.19"
"12,23 : 111.52"
"12,24 : 92.23"
"12,25 : 67.08"
"12,26 : 68.12"
"12,27 : 68.12"
"12,28 : 31.05"
"12,29 : 93.24"
"12,30 : 76.84"
"12,31 : 38.33"
"12,32 : 63.06"
"12,33 : 75.03"
"12,34 : 37.34"
"12,35 : 79.4"
"12,36 : 59.68"
"12,37 : 69.0"
"12,38 : 81.54"
"12,39 : 79.31"
"12,40 : 35.44"
"12,41 : 116.21"
"12,42 : 67.9"
"12,43 : 80.21"
"12,44 : 18.0"
"12,45 : 60.83"
"12,46 : 66.76"
"12,47 : 60.42"
"12,48 : 101.98"
"12,49 : 50.16"
"12,50 : 65.73"
"12,51 : 92.2"
"12,52 : 28.43"
"12,53 : 107.33"
"12,54 : 71.31"
"12,55 : 82.73"
"12,56 : 75.06"
"12,57 : 66.0"
"12,58 : 73.06"
"12,59 : 112.45"
"12,60 : 86.31"
"12,61 : 40.31"
"12,62 : 17.03"
"12,63 : 81.39"
"12,64 : 87.66"
"12,65 : 18.03"
"12,66 : 91.48"
"12,67 : 58.08"
"12,68 : 59.17"
"12,69 : 92.96"
"12,70 : 38.47"
"12,71 : 68.18"
"12,72 : 38.05"
"12,73 : 51.61"
"12,74 : 115.42"
"12,75 : 66.91"
"12,76 : 69.0"
"12,77 : 27.59"
"12,78 : 56.85"
"12,79 : 16.12"
"12,80 : 79.4"
"12,81 : 27.2"
"12,82 : 50.12"
"12,83 : 97.53"
"12,84 : 26.0"
"12,85 : 86.35"
"12,86 : 70.72"
"12,87 : 31.78"
"12,88 : 92.31"
"12,89 : 125.88"
"12,90 : 51.0"
"12,91 : 92.91"
"12,92 : 66.75"
"12,93 : 83.6"
"12,94 : 52.15"
"12,95 : 33.24"
"12,96 : 94.83"
"12,97 : 102.08"
"12,98 : 59.68"
"12,99 : 18.38"
"13,0 : 45.79"
"13,1 : 59.03"
"13,2 : 89.38"
"13,3 : 29.15"
"13,4 : 8.06"
"13,5 : 74.95"
"13,6 : 21.26"
"13,7 : 27.29"
"13,8 : 61.22"
"13,9 : 69.86"
"13,10 : 83.53"
"13,11 : 81.0"
"13,12 : 109.27"
"13,13 : 0.0"
"13,14 : 70.34"
"13,15 : 102.65"
"13,16 : 42.64"
"13,17 : 109.77"
"13,18 : 56.73"
"13,19 : 6.0"
"13,20 : 44.72"
"13,21 : 18.87"
"13,22 : 47.63"
"13,23 : 19.24"
"13,24 : 69.12"
"13,25 : 72.09"
"13,26 : 51.04"
"13,27 : 63.98"
"13,28 : 90.25"
"13,29 : 41.59"
"13,30 : 35.51"
"13,31 : 86.37"
"13,32 : 77.82"
"13,33 : 55.71"
"13,34 : 72.67"
"13,35 : 48.7"
"13,36 : 57.63"
"13,37 : 96.18"
"13,38 : 51.92"
"13,39 : 36.01"
"13,40 : 75.21"
"13,41 : 17.26"
"13,42 : 70.77"
"13,43 : 30.81"
"13,44 : 94.05"
"13,45 : 85.21"
"13,46 : 46.75"
"13,47 : 82.15"
"13,48 : 10.44"
"13,49 : 91.09"
"13,50 : 59.01"
"13,51 : 60.07"
"13,52 : 81.39"
"13,53 : 6.08"
"13,54 : 76.55"
"13,55 : 37.34"
"13,56 : 60.41"
"13,57 : 95.75"
"13,58 : 36.24"
"13,59 : 27.78"
"13,60 : 40.26"
"13,61 : 73.66"
"13,62 : 95.44"
"13,63 : 35.01"
"13,64 : 60.01"
"13,65 : 100.66"
"13,66 : 29.83"
"13,67 : 63.01"
"13,68 : 65.07"
"13,69 : 38.91"
"13,70 : 94.37"
"13,71 : 55.95"
"13,72 : 79.91"
"13,73 : 58.18"
"13,74 : 17.46"
"13,75 : 84.85"
"13,76 : 96.18"
"13,77 : 104.66"
"13,78 : 54.08"
"13,79 : 93.15"
"13,80 : 36.36"
"13,81 : 91.39"
"13,82 : 59.17"
"13,83 : 12.04"
"13,84 : 95.59"
"13,85 : 58.31"
"13,86 : 56.22"
"13,87 : 79.4"
"13,88 : 20.59"
"13,89 : 25.18"
"13,90 : 95.05"
"13,91 : 18.11"
"13,92 : 52.7"
"13,93 : 65.12"
"13,94 : 72.2"
"13,95 : 86.13"
"13,96 : 14.87"
"13,97 : 7.21"
"13,98 : 64.07"
"13,99 : 91.07"
"14,0 : 51.04"
"14,1 : 104.06"
"14,2 : 86.58"
"14,3 : 50.22"
"14,4 : 64.85"
"14,5 : 42.11"
"14,6 : 54.04"
"14,7 : 53.82"
"14,8 : 59.46"
"14,9 : 100.5"
"14,10 : 62.07"
"14,11 : 22.2"
"14,12 : 76.9"
"14,13 : 70.34"
"14,14 : 0.0"
"14,15 : 87.37"
"14,16 : 36.14"
"14,17 : 77.83"
"14,18 : 60.42"
"14,19 : 64.56"
"14,20 : 28.07"
"14,21 : 67.23"
"14,22 : 66.85"
"14,23 : 59.01"
"14,24 : 108.0"
"14,25 : 92.61"
"14,26 : 26.25"
"14,27 : 86.35"
"14,28 : 46.1"
"14,29 : 31.02"
"14,30 : 40.8"
"14,31 : 82.61"
"14,32 : 94.34"
"14,33 : 84.88"
"14,34 : 59.54"
"14,35 : 82.46"
"14,36 : 70.66"
"14,37 : 27.17"
"14,38 : 18.44"
"14,39 : 37.22"
"14,40 : 62.39"
"14,41 : 65.01"
"14,42 : 92.14"
"14,43 : 45.49"
"14,44 : 72.56"
"14,45 : 20.81"
"14,46 : 64.64"
"14,47 : 19.1"
"14,48 : 70.77"
"14,49 : 31.83"
"14,50 : 19.24"
"14,51 : 101.53"
"14,52 : 54.23"
"14,53 : 73.05"
"14,54 : 99.32"
"14,55 : 33.62"
"14,56 : 89.04"
"14,57 : 27.66"
"14,58 : 50.21"
"14,59 : 54.33"
"14,60 : 81.32"
"14,61 : 68.25"
"14,62 : 73.68"
"14,63 : 37.12"
"14,64 : 14.32"
"14,65 : 59.93"
"14,66 : 77.01"
"14,67 : 75.64"
"14,68 : 21.21"
"14,69 : 33.02"
"14,70 : 90.27"
"14,71 : 78.55"
"14,72 : 74.81"
"14,73 : 44.6"
"14,74 : 64.01"
"14,75 : 17.09"
"14,76 : 27.17"
"14,77 : 91.27"
"14,78 : 39.81"
"14,79 : 65.31"
"14,80 : 69.3"
"14,81 : 49.77"
"14,82 : 50.92"
"14,83 : 64.47"
"14,84 : 82.05"
"14,85 : 14.56"
"14,86 : 17.69"
"14,87 : 65.12"
"14,88 : 68.26"
"14,89 : 71.34"
"14,90 : 34.21"
"14,91 : 53.85"
"14,92 : 73.25"
"14,93 : 99.3"
"14,94 : 80.01"
"14,95 : 43.66"
"14,96 : 63.51"
"14,97 : 65.79"
"14,98 : 21.38"
"14,99 : 65.76"
"15,0 : 58.26"
"15,1 : 78.64"
"15,2 : 18.03"
"15,3 : 75.93"
"15,4 : 94.79"
"15,5 : 45.28"
"15,6 : 105.21"
"15,7 : 76.42"
"15,8 : 41.77"
"15,9 : 60.01"
"15,10 : 25.5"
"15,11 : 69.18"
"15,12 : 24.21"
"15,13 : 102.65"
"15,14 : 87.37"
"15,15 : 0.0"
"15,16 : 105.19"
"15,17 : 23.6"
"15,18 : 45.97"
"15,19 : 98.29"
"15,20 : 96.01"
"15,21 : 84.65"
"15,22 : 56.04"
"15,23 : 109.02"
"15,24 : 72.0"
"15,25 : 47.1"
"15,26 : 71.51"
"15,27 : 50.22"
"15,28 : 46.32"
"15,29 : 96.25"
"15,30 : 75.17"
"15,31 : 18.68"
"15,32 : 42.01"
"15,33 : 58.52"
"15,34 : 32.25"
"15,35 : 64.26"
"15,36 : 46.65"
"15,37 : 86.12"
"15,38 : 86.98"
"15,39 : 78.89"
"15,40 : 29.15"
"15,41 : 112.81"
"15,42 : 48.17"
"15,43 : 77.2"
"15,44 : 15.03"
"15,45 : 75.54"
"15,46 : 56.4"
"15,47 : 74.24"
"15,48 : 93.86"
"15,49 : 66.71"
"15,50 : 72.03"
"15,51 : 73.55"
"15,52 : 33.14"
"15,53 : 99.49"
"15,54 : 50.09"
"15,55 : 83.65"
"15,56 : 57.27"
"15,57 : 83.2"
"15,58 : 68.12"
"15,59 : 111.77"
"15,60 : 72.5"
"15,61 : 29.0"
"15,62 : 14.14"
"15,63 : 81.12"
"15,64 : 95.34"
"15,65 : 37.59"
"15,66 : 79.76"
"15,67 : 42.95"
"15,68 : 66.91"
"15,69 : 95.27"
"15,70 : 15.3"
"15,71 : 52.92"
"15,72 : 23.02"
"15,73 : 50.54"
"15,74 : 112.16"
"15,75 : 81.39"
"15,76 : 86.12"
"15,77 : 4.12"
"15,78 : 56.8"
"15,79 : 23.54"
"15,80 : 68.51"
"15,81 : 42.45"
"15,82 : 46.32"
"15,83 : 90.61"
"15,84 : 7.07"
"15,85 : 93.62"
"15,86 : 76.66"
"15,87 : 25.06"
"15,88 : 83.41"
"15,89 : 122.79"
"15,90 : 68.68"
"15,91 : 88.62"
"15,92 : 53.24"
"15,93 : 64.2"
"15,94 : 34.79"
"15,95 : 46.53"
"15,96 : 87.78"
"15,97 : 95.52"
"15,98 : 67.08"
"15,99 : 22.09"
"16,0 : 51.35"
"16,1 : 92.85"
"16,2 : 98.23"
"16,3 : 38.47"
"16,4 : 40.46"
"16,5 : 63.6"
"16,6 : 21.95"
"16,7 : 41.0"
"16,8 : 66.71"
"16,9 : 96.51"
"16,10 : 80.53"
"16,11 : 55.07"
"16,12 : 102.0"
"16,13 : 42.64"
"16,14 : 36.14"
"16,15 : 105.19"
"16,16 : 0.0"
"16,17 : 102.8"
"16,18 : 64.78"
"16,19 : 38.18"
"16,20 : 9.9"
"16,21 : 48.76"
"16,22 : 64.07"
"16,23 : 26.0"
"16,24 : 100.28"
"16,25 : 93.09"
"16,26 : 34.13"
"16,27 : 85.21"
"16,28 : 74.28"
"16,29 : 8.94"
"16,30 : 33.06"
"16,31 : 94.37"
"16,32 : 97.01"
"16,33 : 80.06"
"16,34 : 73.16"
"16,35 : 74.95"
"16,36 : 72.06"
"16,37 : 63.15"
"16,38 : 21.4"
"16,39 : 28.16"
"16,40 : 76.32"
"16,41 : 31.62"
"16,42 : 92.14"
"16,43 : 34.13"
"16,44 : 92.18"
"16,45 : 56.08"
"16,46 : 62.03"
"16,47 : 53.71"
"16,48 : 47.63"
"16,49 : 65.76"
"16,50 : 36.77"
"16,51 : 92.03"
"16,52 : 74.63"
"16,53 : 47.38"
"16,54 : 99.25"
"16,55 : 22.36"
"16,56 : 85.0"
"16,57 : 63.79"
"16,58 : 44.01"
"16,59 : 19.24"
"16,60 : 69.89"
"16,61 : 79.12"
"16,62 : 93.54"
"16,63 : 26.08"
"16,64 : 22.2"
"16,65 : 87.69"
"16,66 : 61.74"
"16,67 : 78.1"
"16,68 : 43.86"
"16,69 : 10.2"
"16,70 : 102.88"
"16,71 : 76.24"
"16,72 : 86.4"
"16,73 : 54.78"
"16,74 : 30.68"
"16,75 : 53.16"
"16,76 : 63.15"
"16,77 : 108.46"
"16,78 : 48.47"
"16,79 : 87.37"
"16,80 : 59.67"
"16,81 : 77.08"
"16,82 : 59.77"
"16,83 : 42.44"
"16,84 : 98.62"
"16,85 : 21.59"
"16,86 : 31.83"
"16,87 : 80.23"
"16,88 : 50.54"
"16,89 : 36.06"
"16,90 : 68.88"
"16,91 : 32.65"
"16,92 : 71.11"
"16,93 : 93.39"
"16,94 : 85.59"
"16,95 : 70.71"
"16,96 : 43.05"
"16,97 : 41.11"
"16,98 : 43.14"
"16,99 : 86.61"
"17,0 : 64.01"
"17,1 : 97.08"
"17,2 : 39.22"
"17,3 : 80.99"
"17,4 : 101.71"
"17,5 : 39.2"
"17,6 : 107.71"
"17,7 : 82.49"
"17,8 : 49.98"
"17,9 : 80.06"
"17,10 : 26.4"
"17,11 : 56.75"
"17,12 : 1.0"
"17,13 : 109.77"
"17,14 : 77.83"
"17,15 : 23.6"
"17,16 : 102.8"
"17,17 : 0.0"
"17,18 : 55.03"
"17,19 : 104.62"
"17,20 : 93.01"
"17,21 : 93.52"
"17,22 : 67.45"
"17,23 : 112.16"
"17,24 : 92.07"
"17,25 : 66.91"
"17,26 : 68.88"
"17,27 : 68.07"
"17,28 : 32.02"
"17,29 : 94.02"
"17,30 : 77.47"
"17,31 : 38.08"
"17,32 : 62.82"
"17,33 : 75.06"
"17,34 : 37.7"
"17,35 : 79.51"
"17,36 : 59.84"
"17,37 : 70.0"
"17,38 : 82.38"
"17,39 : 79.98"
"17,40 : 35.74"
"17,41 : 116.82"
"17,42 : 67.74"
"17,43 : 80.8"
"17,44 : 18.03"
"17,45 : 61.81"
"17,46 : 67.05"
"17,47 : 61.39"
"17,48 : 102.42"
"17,49 : 51.16"
"17,50 : 66.57"
"17,51 : 92.14"
"17,52 : 29.07"
"17,53 : 107.78"
"17,54 : 71.06"
"17,55 : 83.45"
"17,56 : 75.03"
"17,57 : 67.0"
"17,58 : 73.57"
"17,59 : 113.15"
"17,60 : 86.49"
"17,61 : 40.45"
"17,62 : 17.0"
"17,63 : 82.07"
"17,64 : 88.55"
"17,65 : 19.03"
"17,66 : 91.76"
"17,67 : 58.14"
"17,68 : 60.03"
"17,69 : 93.72"
"17,70 : 38.01"
"17,71 : 68.26"
"17,72 : 38.01"
"17,73 : 52.2"
"17,74 : 116.04"
"17,75 : 67.9"
"17,76 : 70.0"
"17,77 : 26.91"
"17,78 : 57.49"
"17,79 : 16.64"
"17,80 : 79.7"
"17,81 : 28.16"
"17,82 : 50.61"
"17,83 : 98.01"
"17,84 : 25.63"
"17,85 : 87.24"
"17,86 : 71.56"
"17,87 : 32.02"
"17,88 : 92.7"
"17,89 : 126.51"
"17,90 : 52.0"
"17,91 : 93.48"
"17,92 : 66.91"
"17,93 : 83.49"
"17,94 : 52.09"
"17,95 : 34.18"
"17,96 : 95.29"
"17,97 : 102.58"
"17,98 : 60.54"
"17,99 : 18.79"
"18,0 : 13.6"
"18,1 : 50.09"
"18,2 : 34.44"
"18,3 : 30.53"
"18,4 : 48.84"
"18,5 : 30.87"
"18,6 : 60.42"
"18,7 : 30.61"
"18,8 : 5.1"
"18,9 : 41.11"
"18,10 : 28.86"
"18,11 : 53.04"
"18,12 : 54.71"
"18,13 : 56.73"
"18,14 : 60.42"
"18,15 : 45.97"
"18,16 : 64.78"
"18,17 : 55.03"
"18,18 : 0.0"
"18,19 : 52.33"
"18,20 : 57.08"
"18,21 : 39.12"
"18,22 : 13.0"
"18,23 : 63.81"
"18,24 : 50.45"
"18,25 : 32.2"
"18,26 : 35.9"
"18,27 : 26.4"
"18,28 : 45.88"
"18,29 : 56.32"
"18,30 : 32.02"
"18,31 : 30.89"
"18,32 : 34.21"
"18,33 : 27.46"
"18,34 : 17.46"
"18,35 : 28.46"
"18,36 : 10.63"
"18,37 : 73.54"
"18,38 : 51.48"
"18,39 : 36.67"
"18,40 : 19.31"
"18,41 : 67.2"
"18,42 : 31.76"
"18,43 : 32.7"
"18,44 : 38.01"
"18,45 : 60.11"
"18,46 : 12.17"
"18,47 : 57.31"
"18,48 : 48.26"
"18,49 : 58.25"
"18,50 : 41.23"
"18,51 : 46.14"
"18,52 : 30.02"
"18,53 : 53.82"
"18,54 : 38.91"
"18,55 : 42.43"
"18,56 : 30.48"
"18,57 : 71.45"
"18,58 : 22.83"
"18,59 : 67.54"
"18,60 : 33.06"
"18,61 : 16.97"
"18,62 : 39.36"
"18,63 : 38.83"
"18,64 : 62.17"
"18,65 : 51.01"
"18,66 : 36.88"
"18,67 : 15.23"
"18,68 : 40.5"
"18,69 : 54.59"
"18,70 : 39.36"
"18,71 : 20.0"
"18,72 : 23.6"
"18,73 : 16.4"
"18,74 : 66.61"
"18,75 : 63.89"
"18,76 : 73.54"
"18,77 : 48.17"
"18,78 : 20.62"
"18,79 : 39.05"
"18,80 : 24.74"
"18,81 : 44.91"
"18,82 : 10.63"
"18,83 : 44.69"
"18,84 : 38.9"
"18,85 : 60.02"
"18,86 : 43.97"
"18,87 : 23.26"
"18,88 : 38.08"
"18,89 : 77.2"
"18,90 : 62.13"
"18,91 : 43.01"
"18,92 : 15.65"
"18,93 : 41.11"
"18,94 : 21.0"
"18,95 : 42.38"
"18,96 : 41.87"
"18,97 : 49.58"
"18,98 : 39.96"
"18,99 : 36.4"
"19,0 : 40.8"
"19,1 : 59.54"
"19,2 : 85.6"
"19,3 : 23.71"
"19,4 : 4.12"
"19,5 : 69.29"
"19,6 : 17.89"
"19,7 : 22.2"
"19,8 : 56.64"
"19,9 : 68.73"
"19,10 : 78.49"
"19,11 : 75.0"
"19,12 : 104.1"
"19,13 : 6.0"
"19,14 : 64.56"
"19,15 : 98.29"
"19,16 : 38.18"
"19,17 : 104.62"
"19,18 : 52.33"
"19,19 : 0.0"
"19,20 : 39.45"
"19,21 : 16.49"
"19,22 : 44.1"
"19,23 : 17.26"
"19,24 : 69.03"
"19,25 : 69.89"
"19,26 : 45.04"
"19,27 : 61.68"
"19,28 : 84.48"
"19,29 : 36.36"
"19,30 : 29.61"
"19,31 : 82.46"
"19,32 : 75.39"
"19,33 : 53.85"
"19,34 : 67.8"
"19,35 : 47.07"
"19,36 : 54.08"
"19,37 : 90.26"
"19,38 : 46.17"
"19,39 : 30.02"
"19,40 : 70.43"
"19,41 : 17.26"
"19,42 : 68.62"
"19,43 : 25.0"
"19,44 : 89.2"
"19,45 : 79.23"
"19,46 : 43.01"
"19,47 : 76.16"
"19,48 : 10.44"
"19,49 : 85.09"
"19,50 : 53.01"
"19,51 : 60.07"
"19,52 : 76.06"
"19,53 : 9.22"
"19,54 : 74.73"
"19,55 : 31.4"
"19,56 : 58.69"
"19,57 : 89.81"
"19,58 : 31.06"
"19,59 : 25.3"
"19,60 : 39.2"
"19,61 : 69.3"
"19,62 : 90.6"
"19,63 : 29.02"
"19,64 : 54.56"
"19,65 : 95.08"
"19,66 : 29.02"
"19,67 : 59.68"
"19,68 : 59.08"
"19,69 : 33.62"
"19,70 : 90.6"
"19,71 : 53.31"
"19,72 : 75.74"
"19,73 : 52.77"
"19,74 : 17.12"
"19,75 : 78.92"
"19,76 : 90.26"
"19,77 : 100.45"
"19,78 : 48.47"
"19,79 : 87.98"
"19,80 : 33.62"
"19,81 : 85.7"
"19,82 : 54.08"
"19,83 : 8.54"
"19,84 : 91.22"
"19,85 : 52.8"
"19,86 : 50.25"
"19,87 : 74.65"
"19,88 : 18.44"
"19,89 : 26.57"
"19,90 : 89.05"
"19,91 : 12.17"
"19,92 : 49.65"
"19,93 : 64.28"
"19,94 : 68.8"
"19,95 : 80.36"
"19,96 : 11.18"
"19,97 : 4.0"
"19,98 : 58.08"
"19,99 : 85.98"
"20,0 : 44.01"
"20,1 : 89.47"
"20,2 : 89.82"
"20,3 : 33.62"
"20,4 : 40.8"
"20,5 : 53.82"
"20,6 : 26.31"
"20,7 : 36.67"
"20,8 : 58.55"
"20,9 : 91.21"
"20,10 : 71.11"
"20,11 : 45.62"
"20,12 : 92.2"
"20,13 : 44.72"
"20,14 : 28.07"
"20,15 : 96.01"
"20,16 : 9.9"
"20,17 : 93.01"
"20,18 : 57.08"
"20,19 : 39.45"
"20,20 : 0.0"
"20,21 : 46.86"
"20,22 : 57.87"
"20,23 : 31.14"
"20,24 : 96.01"
"20,25 : 86.7"
"20,26 : 24.6"
"20,27 : 79.08"
"20,28 : 64.38"
"20,29 : 3.16"
"20,30 : 26.48"
"20,31 : 85.91"
"20,32 : 90.2"
"20,33 : 74.73"
"20,34 : 64.2"
"20,35 : 70.23"
"20,36 : 65.12"
"20,37 : 55.23"
"20,38 : 11.66"
"20,39 : 21.38"
"20,40 : 67.36"
"20,41 : 37.12"
"20,42 : 85.84"
"20,43 : 28.79"
"20,44 : 82.73"
"20,45 : 47.13"
"20,46 : 55.73"
"20,47 : 44.6"
"20,48 : 47.63"
"20,49 : 56.36"
"20,50 : 26.87"
"20,51 : 88.14"
"20,52 : 65.0"
"20,53 : 48.55"
"20,54 : 93.06"
"20,55 : 15.3"
"20,56 : 79.56"
"20,57 : 55.58"
"20,58 : 37.85"
"20,59 : 26.31"
"20,60 : 66.19"
"20,61 : 70.61"
"20,62 : 84.08"
"20,63 : 19.65"
"20,64 : 15.52"
"20,65 : 77.79"
"20,66 : 59.08"
"20,67 : 71.06"
"20,68 : 33.97"
"20,69 : 5.83"
"20,70 : 94.37"
"20,71 : 70.21"
"20,72 : 77.88"
"20,73 : 45.88"
"20,74 : 36.12"
"20,75 : 44.72"
"20,76 : 55.23"
"20,77 : 99.37"
"20,78 : 39.56"
"20,79 : 77.7"
"20,80 : 55.15"
"20,81 : 67.18"
"20,82 : 51.2"
"20,83 : 41.77"
"20,84 : 89.54"
"20,85 : 14.14"
"20,86 : 21.93"
"20,87 : 71.17"
"20,88 : 48.41"
"20,89 : 43.29"
"20,90 : 59.62"
"20,91 : 31.11"
"20,92 : 64.94"
"20,93 : 88.54"
"20,94 : 78.06"
"20,95 : 60.81"
"20,96 : 41.73"
"20,97 : 41.62"
"20,98 : 33.24"
"20,99 : 77.03"
"21,0 : 30.08"
"21,1 : 44.64"
"21,2 : 70.77"
"21,3 : 17.72"
"21,4 : 12.37"
"21,5 : 61.52"
"21,6 : 32.25"
"21,7 : 14.32"
"21,8 : 43.91"
"21,9 : 52.35"
"21,10 : 67.12"
"21,11 : 72.78"
"21,12 : 93.11"
"21,13 : 18.87"
"21,14 : 67.23"
"21,15 : 84.65"
"21,16 : 48.76"
"21,17 : 93.52"
"21,18 : 39.12"
"21,19 : 16.49"
"21,20 : 46.86"
"21,21 : 0.0"
"21,22 : 29.0"
"21,23 : 33.02"
"21,24 : 53.34"
"21,25 : 53.49"
"21,26 : 43.32"
"21,27 : 45.31"
"21,28 : 77.41"
"21,29 : 44.2"
"21,30 : 26.93"
"21,31 : 67.88"
"21,32 : 59.09"
"21,33 : 37.36"
"21,34 : 55.9"
"21,35 : 30.59"
"21,36 : 38.95"
"21,37 : 90.48"
"21,38 : 50.0"
"21,39 : 30.02"
"21,40 : 58.18"
"21,41 : 33.73"
"21,42 : 52.2"
"21,43 : 21.93"
"21,44 : 77.03"
"21,45 : 78.16"
"21,46 : 28.32"
"21,47 : 75.0"
"21,48 : 9.22"
"21,49 : 81.88"
"21,50 : 51.87"
"21,51 : 44.55"
"21,52 : 66.1"
"21,53 : 14.87"
"21,54 : 58.24"
"21,55 : 34.21"
"21,56 : 42.2"
"21,57 : 89.49"
"21,58 : 22.02"
"21,59 : 40.2"
"21,60 : 23.0"
"21,61 : 55.8"
"21,62 : 78.39"
"21,63 : 30.23"
"21,64 : 60.21"
"21,65 : 86.35"
"21,66 : 13.34"
"21,67 : 44.2"
"21,68 : 56.52"
"21,69 : 41.4"
"21,70 : 75.74"
"21,71 : 37.12"
"21,72 : 61.72"
"21,73 : 43.74"
"21,74 : 33.54"
"21,75 : 79.12"
"21,76 : 90.48"
"21,77 : 86.45"
"21,78 : 41.05"
"21,79 : 77.08"
"21,80 : 17.49"
"21,81 : 77.93"
"21,82 : 43.32"
"21,83 : 8.06"
"21,84 : 77.62"
"21,85 : 58.14"
"21,86 : 50.57"
"21,87 : 62.27"
"21,88 : 2.0"
"21,89 : 43.01"
"21,90 : 85.99"
"21,91 : 16.12"
"21,92 : 33.84"
"21,93 : 48.04"
"21,94 : 53.41"
"21,95 : 73.33"
"21,96 : 6.08"
"21,97 : 12.65"
"21,98 : 55.54"
"21,99 : 74.73"
"22,0 : 15.81"
"22,1 : 38.83"
"22,2 : 41.77"
"22,3 : 26.17"
"22,4 : 40.22"
"22,5 : 43.01"
"22,6 : 55.36"
"22,7 : 24.74"
"22,8 : 18.03"
"22,9 : 34.01"
"22,10 : 41.59"
"22,11 : 63.01"
"22,12 : 67.19"
"22,13 : 47.63"
"22,14 : 66.85"
"22,15 : 56.04"
"22,16 : 64.07"
"22,17 : 67.45"
"22,18 : 13.0"
"22,19 : 44.1"
"22,20 : 57.87"
"22,21 : 29.0"
"22,22 : 0.0"
"22,23 : 57.94"
"22,24 : 41.23"
"22,25 : 29.02"
"22,26 : 40.82"
"22,27 : 21.21"
"22,28 : 58.46"
"22,29 : 56.44"
"22,30 : 31.4"
"22,31 : 38.9"
"22,32 : 33.24"
"22,33 : 18.03"
"22,34 : 30.27"
"22,35 : 16.64"
"22,36 : 10.0"
"22,37 : 83.24"
"22,38 : 54.78"
"22,39 : 36.5"
"22,40 : 31.78"
"22,41 : 60.37"
"22,42 : 28.07"
"22,43 : 30.0"
"22,44 : 49.98"
"22,45 : 69.81"
"22,46 : 2.24"
"22,47 : 66.84"
"22,48 : 38.18"
"22,49 : 69.35"
"22,50 : 47.8"
"22,51 : 35.47"
"22,52 : 43.01"
"22,53 : 43.84"
"22,54 : 35.23"
"22,55 : 42.58"
"22,56 : 22.36"
"22,57 : 81.4"
"22,58 : 20.1"
"22,59 : 63.06"
"22,60 : 20.1"
"22,61 : 27.73"
"22,62 : 51.26"
"22,63 : 38.33"
"22,64 : 65.92"
"22,65 : 64.01"
"22,66 : 24.35"
"22,67 : 15.65"
"22,68 : 48.8"
"22,69 : 54.23"
"22,70 : 46.75"
"22,71 : 12.37"
"22,72 : 33.02"
"22,73 : 26.42"
"22,74 : 59.93"
"22,75 : 72.92"
"22,76 : 83.24"
"22,77 : 57.63"
"22,78 : 28.32"
"22,79 : 51.79"
"22,80 : 12.53"
"22,81 : 57.71"
"22,82 : 22.14"
"22,83 : 35.81"
"22,84 : 49.09"
"22,85 : 63.69"
"22,86 : 49.4"
"22,87 : 35.44"
"22,88 : 27.59"
"22,89 : 70.24"
"22,90 : 73.36"
"22,91 : 37.0"
"22,92 : 7.07"
"22,93 : 32.45"
"22,94 : 24.7"
"22,95 : 54.82"
"22,96 : 33.02"
"22,97 : 40.8"
"22,98 : 48.08"
"22,99 : 49.03"
"23,0 : 50.8"
"23,1 : 76.79"
"23,2 : 98.11"
"23,3 : 33.29"
"23,4 : 21.1"
"23,5 : 74.33"
"23,6 : 5.1"
"23,7 : 33.54"
"23,8 : 67.42"
"23,9 : 85.29"
"23,10 : 86.98"
"23,11 : 73.98"
"23,12 : 111.52"
"23,13 : 19.24"
"23,14 : 59.01"
"23,15 : 109.02"
"23,16 : 26.0"
"23,17 : 112.16"
"23,18 : 63.81"
"23,19 : 17.26"
"23,20 : 31.14"
"23,21 : 33.02"
"23,22 : 57.94"
"23,23 : 0.0"
"23,24 : 86.15"
"23,25 : 85.38"
"23,26 : 46.1"
"23,27 : 77.13"
"23,28 : 88.12"
"23,29 : 28.07"
"23,30 : 34.71"
"23,31 : 94.67"
"23,32 : 90.52"
"23,33 : 69.87"
"23,34 : 77.23"
"23,35 : 63.39"
"23,36 : 67.62"
"23,37 : 86.02"
"23,38 : 41.11"
"23,39 : 32.45"
"23,40 : 80.16"
"23,41 : 6.0"
"23,42 : 84.17"
"23,43 : 31.89"
"23,44 : 98.31"
"23,45 : 76.79"
"23,46 : 56.46"
"23,47 : 73.98"
"23,48 : 27.66"
"23,49 : 84.65"
"23,50 : 52.5"
"23,51 : 77.23"
"23,52 : 83.1"
"23,53 : 25.08"
"23,54 : 90.61"
"23,55 : 30.46"
"23,56 : 74.81"
"23,57 : 86.15"
"23,58 : 41.05"
"23,59 : 8.6"
"23,60 : 56.01"
"23,61 : 80.45"
"23,62 : 99.72"
"23,63 : 30.53"
"23,64 : 46.53"
"23,65 : 100.17"
"23,66 : 46.04"
"23,67 : 73.54"
"23,68 : 59.46"
"23,69 : 26.0"
"23,70 : 103.08"
"23,71 : 68.41"
"23,72 : 87.37"
"23,73 : 60.14"
"23,74 : 5.0"
"23,75 : 75.17"
"23,76 : 86.02"
"23,77 : 111.61"
"23,78 : 54.67"
"23,79 : 95.67"
"23,80 : 49.03"
"23,81 : 90.05"
"23,82 : 63.03"
"23,83 : 25.0"
"23,84 : 102.0"
"23,85 : 45.28"
"23,86 : 48.51"
"23,87 : 84.39"
"23,88 : 35.01"
"23,89 : 14.42"
"23,90 : 88.29"
"23,91 : 21.02"
"23,92 : 64.2"
"23,93 : 81.06"
"23,94 : 82.35"
"23,95 : 84.12"
"23,96 : 27.07"
"23,97 : 21.21"
"23,98 : 58.52"
"23,99 : 94.11"
"24,0 : 57.01"
"24,1 : 11.66"
"24,2 : 54.01"
"24,3 : 62.39"
"24,4 : 65.07"
"24,5 : 80.71"
"24,6 : 85.59"
"24,7 : 59.46"
"24,8 : 53.82"
"24,9 : 12.04"
"24,10 : 71.51"
"24,11 : 103.39"
"24,12 : 92.23"
"24,13 : 69.12"
"24,14 : 108.0"
"24,15 : 72.0"
"24,16 : 100.28"
"24,17 : 92.07"
"24,18 : 50.45"
"24,19 : 69.03"
"24,20 : 96.01"
"24,21 : 53.34"
"24,22 : 41.23"
"24,23 : 86.15"
"24,24 : 0.0"
"24,25 : 25.18"
"24,26 : 81.84"
"24,27 : 25.5"
"24,28 : 94.41"
"24,29 : 93.98"
"24,30 : 70.21"
"24,31 : 54.23"
"24,32 : 30.02"
"24,33 : 23.35"
"24,34 : 62.61"
"24,35 : 25.94"
"24,36 : 40.0"
"24,37 : 123.84"
"24,38 : 94.89"
"24,39 : 75.15"
"24,40 : 62.24"
"24,41 : 86.01"
"24,42 : 24.33"
"24,43 : 67.23"
"24,44 : 74.53"
"24,45 : 110.39"
"24,46 : 43.42"
"24,47 : 107.52"
"24,48 : 59.01"
"24,49 : 108.6"
"24,50 : 89.02"
"24,51 : 9.06"
"24,52 : 76.49"
"24,53 : 63.2"
"24,54 : 22.2"
"24,55 : 81.02"
"24,56 : 20.0"
"24,57 : 121.83"
"24,58 : 59.06"
"24,59 : 93.54"
"24,60 : 30.59"
"24,61 : 54.78"
"24,62 : 75.31"
"24,63 : 76.56"
"24,64 : 106.07"
"24,65 : 95.86"
"24,66 : 40.11"
"24,67 : 37.59"
"24,68 : 89.87"
"24,69 : 91.42"
"24,70 : 57.08"
"24,71 : 30.48"
"24,72 : 54.57"
"24,73 : 66.53"
"24,74 : 86.0"
"24,75 : 113.85"
"24,76 : 123.84"
"24,77 : 71.11"
"24,78 : 69.35"
"24,79 : 80.36"
"24,80 : 40.85"
"24,81 : 92.57"
"24,82 : 61.07"
"24,83 : 61.2"
"24,84 : 67.19"
"24,85 : 103.83"
"24,86 : 90.44"
"24,87 : 63.91"
"24,88 : 51.35"
"24,89 : 94.26"
"24,90 : 112.41"
"24,91 : 68.45"
"24,92 : 35.36"
"24,93 : 9.43"
"24,94 : 40.52"
"24,95 : 91.42"
"24,96 : 59.41"
"24,97 : 65.03"
"24,98 : 89.2"
"24,99 : 77.2"
"25,0 : 43.17"
"25,1 : 31.78"
"25,2 : 29.07"
"25,3 : 55.04"
"25,4 : 65.79"
"25,5 : 59.4"
"25,6 : 83.36"
"25,7 : 53.24"
"25,8 : 33.84"
"25,9 : 13.15"
"25,10 : 47.41"
"25,11 : 84.02"
"25,12 : 67.08"
"25,13 : 72.09"
"25,14 : 92.61"
"25,15 : 47.1"
"25,16 : 93.09"
"25,17 : 66.91"
"25,18 : 32.2"
"25,19 : 69.89"
"25,20 : 86.7"
"25,21 : 53.49"
"25,22 : 29.02"
"25,23 : 85.38"
"25,24 : 25.18"
"25,25 : 0.0"
"25,26 : 67.68"
"25,27 : 8.25"
"25,28 : 71.61"
"25,29 : 85.38"
"25,30 : 60.3"
"25,31 : 29.07"
"25,32 : 6.4"
"25,33 : 16.64"
"25,34 : 39.82"
"25,35 : 23.85"
"25,36 : 22.14"
"25,37 : 104.48"
"25,38 : 82.71"
"25,39 : 65.38"
"25,40 : 38.83"
"25,41 : 86.98"
"25,42 : 1.41"
"25,43 : 59.01"
"25,44 : 49.48"
"25,45 : 91.21"
"25,46 : 31.06"
"25,47 : 88.6"
"25,48 : 61.74"
"25,49 : 87.68"
"25,50 : 73.41"
"25,51 : 26.68"
"25,52 : 53.25"
"25,53 : 67.08"
"25,54 : 6.71"
"25,55 : 71.45"
"25,56 : 12.73"
"25,57 : 102.18"
"25,58 : 49.09"
"25,59 : 91.24"
"25,60 : 33.02"
"25,61 : 31.06"
"25,62 : 50.22"
