x,y
94,85
63,20
97,20
13,94
70,0
46,31
73,35
42,28
15,26
19,61
5,84
92,95
58,82
67,93
39,0
73,20
73,29
1,35
9,98
59,31
79,57
64,51
46,27
38,96
13,41
50,51
97,10
84,41
51,20
74,84
67,33
92,37
73,13
15,11
2,67
77,54
79,48
43,76
53,72
72,73
81,74
43,1
63,26
75,89
96,89
50,91
91,87
90,25
36,81
41,51
70,23
36,1
5,18
57,25
68,32
84,97
100,53
3,46
100,45
62,20
56,46
100,2
38,83
18,93
57,53
47,67
6,31
71,89
92,32
28,15
30,50
61,40
7,6
59,33
26,37
51,87
76,79
56,23
60,25
46,41
30,26
22,42
47,64
96,20
25,23
4,66
4,49
87,27
65,48
9,49
53,53
78,14
45,26
49,15
49,49
1,92
85,29
59,29
48,60
49,87

Distanze
"0,0 : 0.0"
"0,1 : 58.05"
"0,2 : 70.0"
"0,3 : 80.06"
"0,4 : 18.25"
"0,5 : 31.38"
"0,6 : 33.42"
"0,7 : 13.89"
"0,8 : 18.03"
"0,9 : 10.77"
"0,10 : 23.77"
"0,11 : 65.19"
"0,12 : 27.46"
"0,13 : 62.51"
"0,14 : 44.28"
"0,15 : 13.34"
"0,16 : 19.42"
"0,17 : 32.14"
"0,18 : 71.47"
"0,19 : 32.28"
"0,20 : 17.0"
"0,21 : 56.61"
"0,22 : 69.03"
"0,23 : 24.52"
"0,24 : 19.03"
"0,25 : 62.63"
"0,26 : 26.48"
"0,27 : 26.08"
"0,28 : 26.08"
"0,29 : 72.84"
"0,30 : 8.06"
"0,31 : 84.86"
"0,32 : 28.28"
"0,33 : 77.03"
"0,34 : 39.22"
"0,35 : 51.04"
"0,36 : 41.11"
"0,37 : 39.62"
"0,38 : 37.8"
"0,39 : 59.91"
"0,40 : 13.04"
"0,41 : 37.64"
"0,42 : 26.17"
"0,43 : 18.87"
"0,44 : 12.37"
"0,45 : 50.45"
"0,46 : 20.4"
"0,47 : 43.19"
"0,48 : 16.12"
"0,49 : 96.33"
"0,50 : 42.11"
"0,51 : 19.85"
"0,52 : 60.13"
"0,53 : 37.59"
"0,54 : 23.35"
"0,55 : 51.48"
"0,56 : 71.51"
"0,57 : 74.46"
"0,58 : 63.25"
"0,59 : 37.44"
"0,60 : 32.45"
"0,61 : 66.71"
"0,62 : 84.22"
"0,63 : 16.28"
"0,64 : 47.54"
"0,65 : 71.17"
"0,66 : 22.47"
"0,67 : 22.47"
"0,68 : 46.27"
"0,69 : 38.9"
"0,70 : 29.43"
"0,71 : 28.64"
"0,72 : 13.0"
"0,73 : 23.35"
"0,74 : 54.59"
"0,75 : 40.02"
"0,76 : 45.54"
"0,77 : 44.91"
"0,78 : 16.55"
"0,79 : 63.6"
"0,80 : 53.08"
"0,81 : 57.97"
"0,82 : 60.88"
"0,83 : 70.84"
"0,84 : 58.83"
"0,85 : 51.11"
"0,86 : 31.62"
"0,87 : 72.07"
"0,88 : 13.04"
"0,89 : 92.63"
"0,90 : 82.07"
"0,91 : 63.03"
"0,92 : 41.79"
"0,93 : 47.51"
"0,94 : 72.01"
"0,95 : 58.01"
"0,96 : 23.71"
"0,97 : 74.85"
"0,98 : 64.2"
"0,99 : 28.28"
"1,0 : 58.05"
"1,1 : 0.0"
"1,2 : 68.66"
"1,3 : 84.4"
"1,4 : 41.44"
"1,5 : 36.24"
"1,6 : 79.43"
"1,7 : 68.01"
"1,8 : 58.18"
"1,9 : 64.51"
"1,10 : 80.16"
"1,11 : 34.23"
"1,12 : 84.21"
"1,13 : 87.92"
"1,14 : 63.6"
"1,15 : 71.39"
"1,16 : 76.24"
"1,17 : 26.25"
"1,18 : 15.56"
"1,19 : 32.8"
"1,20 : 70.01"
"1,21 : 98.49"
"1,22 : 17.69"
"1,23 : 62.68"
"1,24 : 65.3"
"1,25 : 62.64"
"1,26 : 72.2"
"1,27 : 84.01"
"1,28 : 83.49"
"1,29 : 94.89"
"1,30 : 55.97"
"1,31 : 72.03"
"1,32 : 38.08"
"1,33 : 80.28"
"1,34 : 31.24"
"1,35 : 14.32"
"1,36 : 51.61"
"1,37 : 93.04"
"1,38 : 93.41"
"1,39 : 99.72"
"1,40 : 71.02"
"1,41 : 92.85"
"1,42 : 32.02"
"1,43 : 54.2"
"1,44 : 60.01"
"1,45 : 75.0"
"1,46 : 68.43"
"1,47 : 47.17"
"1,48 : 43.01"
"1,49 : 83.29"
"1,50 : 17.0"
"1,51 : 70.11"
"1,52 : 15.3"
"1,53 : 58.8"
"1,54 : 49.65"
"1,55 : 64.5"
"1,56 : 84.31"
"1,57 : 112.54"
"1,58 : 66.41"
"1,59 : 41.23"
"1,60 : 84.08"
"1,61 : 38.21"
"1,62 : 68.18"
"1,63 : 60.21"
"1,64 : 93.01"
"1,65 : 111.02"
"1,66 : 50.01"
"1,67 : 75.24"
"1,68 : 19.42"
"1,69 : 20.02"
"1,70 : 73.78"
"1,71 : 83.01"
"1,72 : 66.13"
"1,73 : 74.17"
"1,74 : 66.65"
"1,75 : 82.8"
"1,76 : 75.07"
"1,77 : 13.15"
"1,78 : 74.22"
"1,79 : 29.27"
"1,80 : 8.94"
"1,81 : 4.12"
"1,82 : 26.08"
"1,83 : 64.78"
"1,84 : 42.58"
"1,85 : 19.85"
"1,86 : 76.49"
"1,87 : 46.39"
"1,88 : 60.93"
"1,89 : 76.53"
"1,90 : 67.07"
"1,91 : 59.91"
"1,92 : 87.66"
"1,93 : 96.25"
"1,94 : 44.55"
"1,95 : 46.1"
"1,96 : 68.73"
"1,97 : 117.46"
"1,98 : 91.26"
"1,99 : 32.65"
"2,0 : 70.0"
"2,1 : 68.66"
"2,2 : 0.0"
"2,3 : 15.81"
"2,4 : 58.18"
"2,5 : 45.88"
"2,6 : 103.41"
"2,7 : 65.86"
"2,8 : 53.08"
"2,9 : 65.05"
"2,10 : 89.83"
"2,11 : 38.08"
"2,12 : 92.1"
"2,13 : 34.53"
"2,14 : 28.02"
"2,15 : 76.38"
"2,16 : 73.41"
"2,17 : 59.84"
"2,18 : 82.22"
"2,19 : 48.27"
"2,20 : 64.66"
"2,21 : 59.03"
"2,22 : 60.37"
"2,23 : 48.92"
"2,24 : 56.73"
"2,25 : 7.62"
"2,26 : 55.76"
"2,27 : 86.83"
"2,28 : 89.38"
"2,29 : 34.89"
"2,30 : 62.01"
"2,31 : 17.72"
"2,32 : 79.12"
"2,33 : 11.7"
"2,34 : 43.29"
"2,35 : 54.74"
"2,36 : 29.15"
"2,37 : 74.09"
"2,38 : 79.2"
"2,39 : 57.04"
"2,40 : 77.78"
"2,41 : 77.88"
"2,42 : 61.13"
"2,43 : 51.22"
"2,44 : 81.54"
"2,45 : 30.81"
"2,46 : 58.41"
"2,47 : 28.79"
"2,48 : 59.93"
"2,49 : 27.2"
"2,50 : 59.0"
"2,51 : 89.81"
"2,52 : 55.03"
"2,53 : 33.24"
"2,54 : 46.87"
"2,55 : 20.25"
"2,56 : 20.25"
"2,57 : 63.06"
"2,58 : 7.21"
"2,59 : 36.69"
"2,60 : 66.64"
"2,61 : 34.67"
"2,62 : 20.02"
"2,63 : 84.91"
"2,64 : 61.19"
"2,65 : 64.13"
"2,66 : 84.17"
"2,67 : 65.46"
"2,68 : 51.16"
"2,69 : 68.18"
"2,70 : 54.2"
"2,71 : 96.17"
"2,72 : 64.38"
"2,73 : 93.09"
"2,74 : 17.89"
"2,75 : 53.76"
"2,76 : 36.69"
"2,77 : 65.03"
"2,78 : 75.17"
"2,79 : 42.49"
"2,80 : 60.02"
"2,81 : 72.37"
"2,82 : 44.38"
"2,83 : 5.83"
"2,84 : 26.25"
"2,85 : 82.02"
"2,86 : 101.61"
"2,87 : 29.7"
"2,88 : 59.41"
"2,89 : 25.63"
"2,90 : 18.0"
"2,91 : 9.0"
"2,92 : 59.48"
"2,93 : 67.68"
"2,94 : 31.83"
"2,95 : 22.56"
"2,96 : 93.48"
"2,97 : 72.18"
"2,98 : 37.85"
"2,99 : 53.85"
"3,0 : 80.06"
"3,1 : 84.4"
"3,2 : 15.81"
"3,3 : 0.0"
"3,4 : 70.6"
"3,5 : 59.54"
"3,6 : 113.02"
"3,7 : 73.6"
"3,8 : 62.27"
"3,9 : 73.5"
"3,10 : 97.62"
"3,11 : 53.67"
"3,12 : 99.36"
"3,13 : 30.36"
"3,14 : 35.85"
"3,15 : 84.4"
"3,16 : 80.06"
"3,17 : 74.17"
"3,18 : 98.03"
"3,19 : 62.29"
"3,20 : 71.84"
"3,21 : 56.61"
"3,22 : 76.06"
"3,23 : 56.86"
"3,24 : 64.4"
"3,25 : 22.09"
"3,26 : 61.55"
"3,27 : 93.43"
"3,28 : 96.43"
"3,29 : 26.02"
"3,30 : 72.01"
"3,31 : 24.17"
"3,32 : 92.57"
"3,33 : 4.12"
"3,34 : 58.0"
"3,35 : 70.41"
"3,36 : 41.23"
"3,37 : 76.55"
"3,38 : 82.42"
"3,39 : 53.6"
"3,40 : 86.02"
"3,41 : 81.02"
"3,42 : 74.81"
"3,43 : 61.27"
"3,44 : 92.14"
"3,45 : 33.3"
"3,46 : 65.44"
"3,47 : 42.3"
"3,48 : 72.12"
"3,49 : 27.02"
"3,50 : 74.17"
"3,51 : 99.48"
"3,52 : 70.84"
"3,53 : 42.49"
"3,54 : 57.94"
"3,55 : 28.64"
"3,56 : 12.65"
"3,57 : 56.01"
"3,58 : 19.03"
"3,59 : 50.36"
"3,60 : 70.43"
"3,61 : 50.12"
"3,62 : 28.65"
"3,63 : 95.75"
"3,64 : 61.27"
"3,65 : 58.08"
"3,66 : 96.46"
"3,67 : 71.45"
"3,68 : 66.61"
"3,69 : 83.0"
"3,70 : 59.4"
"3,71 : 104.2"
"3,72 : 72.42"
"3,73 : 102.4"
"3,74 : 25.5"
"3,75 : 56.04"
"3,76 : 39.7"
"3,77 : 80.31"
"3,78 : 82.46"
"3,79 : 58.18"
"3,80 : 75.71"
"3,81 : 88.07"
"3,82 : 60.17"
"3,83 : 20.59"
"3,84 : 42.06"
"3,85 : 97.25"
"3,86 : 111.51"
"3,87 : 44.41"
"3,88 : 68.26"
"3,89 : 29.61"
"3,90 : 27.46"
"3,91 : 24.52"
"3,92 : 61.06"
"3,93 : 67.98"
"3,94 : 46.62"
"3,95 : 38.33"
"3,96 : 103.77"
"3,97 : 66.03"
"3,98 : 32.76"
"3,99 : 67.6"
"4,0 : 18.25"
"4,1 : 41.44"
"4,2 : 58.18"
"4,3 : 70.6"
"4,4 : 0.0"
"4,5 : 14.21"
"4,6 : 48.6"
"4,7 : 26.57"
"4,8 : 18.44"
"4,9 : 23.09"
"4,10 : 41.98"
"4,11 : 47.42"
"4,12 : 45.71"
"4,13 : 59.84"
"4,14 : 37.01"
"4,15 : 31.0"
"4,16 : 34.93"
"4,17 : 15.23"
"4,18 : 55.9"
"4,19 : 14.32"
"4,20 : 28.64"
"4,21 : 61.85"
"4,22 : 51.01"
"4,23 : 24.7"
"4,24 : 24.84"
"4,25 : 50.57"
"4,26 : 32.53"
"4,27 : 44.01"
"4,28 : 44.28"
"4,29 : 69.35"
"4,30 : 14.56"
"4,31 : 71.03"
"4,32 : 23.09"
"4,33 : 67.05"
"4,34 : 21.47"
"4,35 : 33.02"
"4,36 : 29.41"
"4,37 : 51.97"
"4,38 : 52.0"
"4,39 : 64.14"
"4,40 : 31.06"
"4,41 : 51.48"
"4,42 : 10.0"
"4,43 : 15.26"
"4,44 : 25.81"
"4,45 : 46.39"
"4,46 : 27.8"
"4,47 : 29.53"
"4,48 : 2.24"
"4,49 : 82.93"
"4,50 : 24.74"
"4,51 : 35.85"
"4,52 : 42.01"
"4,53 : 30.0"
"4,54 : 14.14"
"4,55 : 42.58"
"4,56 : 64.38"
"4,57 : 78.29"
"4,58 : 52.2"
"4,59 : 22.2"
"4,60 : 43.27"
"4,61 : 49.24"
"4,62 : 69.66"
"4,63 : 28.32"
"4,64 : 54.56"
"4,65 : 75.8"
"4,66 : 26.0"
"4,67 : 34.0"
"4,68 : 28.07"
"4,69 : 24.21"
"4,70 : 34.71"
"4,71 : 46.49"
"4,72 : 24.7"
"4,73 : 39.82"
"4,74 : 45.71"
"4,75 : 45.0"
"4,76 : 43.42"
"4,77 : 28.64"
"4,78 : 33.24"
"4,79 : 45.54"
"4,80 : 35.51"
"4,81 : 42.05"
"4,82 : 42.72"
"4,83 : 57.8"
"4,84 : 42.52"
"4,85 : 38.95"
"4,86 : 46.23"
"4,87 : 55.22"
"4,88 : 19.72"
"4,89 : 78.41"
"4,90 : 67.62"
"4,91 : 50.12"
"4,92 : 48.84"
"4,93 : 56.64"
"4,94 : 54.92"
"4,95 : 42.45"
"4,96 : 37.64"
"4,97 : 81.02"
"4,98 : 62.37"
"4,99 : 10.05"
"5,0 : 31.38"
"5,1 : 36.24"
"5,2 : 45.88"
"5,3 : 59.54"
"5,4 : 14.21"
"5,5 : 0.0"
"5,6 : 62.8"
"5,7 : 36.0"
"5,8 : 23.54"
"5,9 : 33.06"
"5,10 : 55.03"
"5,11 : 33.84"
"5,12 : 58.52"
"5,13 : 54.23"
"5,14 : 29.73"
"5,15 : 42.95"
"5,16 : 45.01"
"5,17 : 15.3"
"5,18 : 51.74"
"5,19 : 3.61"
"5,20 : 37.12"
"5,21 : 62.29"
"5,22 : 41.23"
"5,23 : 26.83"
"5,24 : 30.81"
"5,25 : 38.33"
"5,26 : 36.77"
"5,27 : 55.9"
"5,28 : 56.75"
"5,29 : 62.64"
"5,30 : 25.5"
"5,31 : 57.45"
"5,32 : 33.24"
"5,33 : 55.73"
"5,34 : 8.06"
"5,35 : 24.17"
"5,36 : 19.1"
"5,37 : 58.52"
"5,38 : 60.02"
"5,39 : 63.66"
"5,40 : 43.42"
"5,41 : 59.23"
"5,42 : 15.3"
"5,43 : 19.42"
"5,44 : 40.0"
"5,45 : 40.72"
"5,46 : 33.96"
"5,47 : 17.26"
"5,48 : 16.4"
"5,49 : 69.46"
"5,50 : 19.85"
"5,51 : 49.93"
"5,52 : 32.02"
"5,53 : 23.71"
"5,54 : 13.93"
"5,55 : 33.24"
"5,56 : 55.15"
"5,57 : 76.84"
"5,58 : 40.61"
"5,59 : 9.22"
"5,60 : 49.34"
"5,61 : 35.34"
"5,62 : 55.8"
"5,63 : 42.52"
"5,64 : 56.86"
"5,65 : 75.07"
"5,66 : 39.12"
"5,67 : 41.59"
"5,68 : 18.38"
"5,69 : 25.3"
"5,70 : 38.01"
"5,71 : 60.01"
"5,72 : 34.0"
"5,73 : 53.85"
"5,74 : 36.12"
"5,75 : 46.62"
"5,76 : 39.66"
"5,77 : 25.81"
"5,78 : 44.28"
"5,79 : 32.56"
"5,80 : 28.3"
"5,81 : 38.18"
"5,82 : 30.15"
"5,83 : 44.78"
"5,84 : 28.32"
"5,85 : 40.85"
"5,86 : 60.44"
"5,87 : 41.05"
"5,88 : 28.02"
"5,89 : 64.64"
"5,90 : 53.82"
"5,91 : 37.34"
"5,92 : 51.62"
"5,93 : 60.42"
"5,94 : 40.82"
"5,95 : 28.43"
"5,96 : 51.86"
"5,97 : 81.32"
"5,98 : 57.27"
"5,99 : 8.06"
"6,0 : 33.42"
"6,1 : 79.43"
"6,2 : 103.41"
"6,3 : 113.02"
"6,4 : 48.6"
"6,5 : 62.8"
"6,6 : 0.0"
"6,7 : 40.5"
"6,8 : 50.77"
"6,9 : 39.81"
"6,10 : 20.1"
"6,11 : 95.52"
"6,12 : 21.84"
"6,13 : 92.66"
"6,14 : 77.18"
"6,15 : 30.08"
"6,16 : 37.34"
"6,17 : 57.78"
"6,18 : 89.09"
"6,19 : 62.68"
"6,20 : 43.01"
"6,21 : 80.1"
"6,22 : 94.25"
"6,23 : 56.36"
"6,24 : 49.24"
"6,25 : 96.05"
"6,26 : 54.41"
"6,27 : 28.44"
"6,28 : 24.52"
"6,29 : 103.09"
"6,30 : 41.4"
"6,31 : 118.19"
"6,32 : 41.44"
"6,33 : 110.14"
"6,34 : 69.89"
"6,35 : 77.25"
"6,36 : 74.52"
"6,37 : 55.33"
"6,38 : 49.82"
"6,39 : 84.21"
"6,40 : 28.16"
"6,41 : 50.64"
"6,42 : 52.33"
"6,43 : 52.2"
"6,44 : 22.8"
"6,45 : 81.94"
"6,46 : 49.04"
"6,47 : 76.38"
"6,48 : 46.4"
"6,49 : 129.73"
"6,50 : 67.07"
"6,51 : 13.6"
"6,52 : 86.38"
"6,53 : 70.72"
"6,54 : 56.73"
"6,55 : 84.6"
"6,56 : 103.75"
"6,57 : 98.02"
"6,58 : 96.61"
"6,59 : 70.09"
"6,60 : 53.08"
"6,61 : 97.64"
"6,62 : 117.38"
"6,63 : 20.59"
"6,64 : 70.06"
"6,65 : 94.0"
"6,66 : 29.43"
"6,67 : 45.89"
"6,68 : 73.82"
"6,69 : 59.67"
"6,70 : 57.28"
"6,71 : 14.87"
"6,72 : 41.23"
"6,73 : 10.77"
"6,74 : 87.66"
"6,75 : 66.1"
"6,76 : 76.32"
"6,77 : 67.19"
"6,78 : 33.54"
"6,79 : 93.06"
"6,80 : 77.49"
"6,81 : 77.78"
"6,82 : 89.89"
"6,83 : 104.24"
"6,84 : 91.05"
"6,85 : 65.0"
"6,86 : 3.0"
"6,87 : 103.81"
"6,88 : 44.78"
"6,89 : 125.9"
"6,90 : 115.26"
"6,91 : 96.43"
"6,92 : 65.28"
"6,93 : 67.07"
"6,94 : 103.47"
"6,95 : 90.69"
"6,96 : 11.18"
"6,97 : 95.34"
"6,98 : 93.68"
"6,99 : 57.45"
"7,0 : 13.89"
"7,1 : 68.01"
"7,2 : 65.86"
"7,3 : 73.6"
"7,4 : 26.57"
"7,5 : 36.0"
"7,6 : 40.5"
"7,7 : 0.0"
"7,8 : 13.93"
"7,9 : 3.61"
"7,10 : 24.08"
"7,11 : 68.88"
"7,12 : 26.25"
"7,13 : 52.2"
"7,14 : 38.21"
"7,15 : 10.82"
"7,16 : 9.06"
"7,17 : 41.79"
"7,18 : 82.35"
"7,19 : 38.12"
"7,20 : 3.16"
"7,21 : 43.17"
"7,22 : 76.66"
"7,23 : 16.97"
"7,24 : 9.22"
"7,25 : 59.03"
"7,26 : 14.14"
"7,27 : 21.47"
"7,28 : 23.6"
"7,29 : 62.64"
"7,30 : 12.08"
"7,31 : 82.2"
"7,32 : 41.87"
"7,33 : 71.06"
"7,34 : 44.01"
"7,35 : 58.86"
"7,36 : 38.95"
"7,37 : 26.25"
"7,38 : 25.5"
"7,39 : 46.69"
"7,40 : 12.53"
"7,41 : 25.06"
"7,42 : 36.25"
"7,43 : 17.46"
"7,44 : 24.33"
"7,45 : 41.59"
"7,46 : 8.54"
"7,47 : 42.54"
"7,48 : 25.08"
"7,49 : 92.96"
"7,50 : 51.24"
"7,51 : 27.66"
"7,52 : 67.48"
"7,53 : 32.65"
"7,54 : 23.54"
"7,55 : 45.97"
"7,56 : 63.63"
"7,57 : 61.19"
"7,58 : 58.73"
"7,59 : 39.05"
"7,60 : 18.6"
"7,61 : 69.63"
"7,62 : 82.38"
"7,63 : 28.28"
"7,64 : 33.84"
"7,65 : 57.72"
"7,66 : 36.25"
"7,67 : 8.6"
"7,68 : 53.46"
"7,69 : 50.12"
"7,70 : 17.12"
"7,71 : 30.61"
"7,72 : 2.0"
"7,73 : 29.73"
"7,74 : 48.84"
"7,75 : 27.07"
"7,76 : 35.85"
"7,77 : 55.15"
"7,78 : 9.43"
"7,79 : 68.26"
"7,80 : 61.85"
"7,81 : 68.54"
"7,82 : 66.07"
"7,83 : 67.8"
"7,84 : 60.08"
"7,85 : 63.6"
"7,86 : 39.56"
"7,87 : 73.68"
"7,88 : 8.06"
"7,89 : 90.21"
"7,90 : 80.16"
"7,91 : 60.22"
"7,92 : 28.16"
"7,93 : 33.62"
"7,94 : 74.04"
"7,95 : 58.31"
"7,96 : 33.24"
"7,97 : 61.1"
"7,98 : 53.37"
"7,99 : 35.9"
"8,0 : 18.03"
"8,1 : 58.18"
"8,2 : 53.08"
"8,3 : 62.27"
"8,4 : 18.44"
"8,5 : 23.54"
"8,6 : 50.77"
"8,7 : 13.93"
"8,8 : 0.0"
"8,9 : 12.21"
"8,10 : 37.01"
"8,11 : 55.33"
"8,12 : 39.66"
"8,13 : 45.04"
"8,14 : 26.42"
"8,15 : 23.6"
"8,16 : 22.8"
"8,17 : 32.8"
"8,18 : 73.25"
"8,19 : 26.25"
"8,20 : 14.14"
"8,21 : 43.57"
"8,22 : 64.76"
"8,23 : 7.07"
"8,24 : 7.28"
"8,25 : 45.97"
"8,26 : 14.21"
"8,27 : 35.34"
"8,28 : 37.22"
"8,29 : 55.23"
"8,30 : 10.2"
"8,31 : 68.88"
"8,32 : 39.56"
"8,33 : 59.36"
"8,34 : 31.26"
"8,35 : 47.43"
"8,36 : 25.24"
"8,37 : 35.11"
"8,38 : 36.5"
"8,39 : 46.07"
"8,40 : 24.84"
"8,41 : 35.69"
"8,42 : 28.28"
"8,43 : 4.12"
"8,44 : 30.36"
"8,45 : 32.56"
"8,46 : 10.44"
"8,47 : 28.64"
"8,48 : 18.03"
"8,49 : 79.93"
"8,50 : 41.18"
"8,51 : 37.22"
"8,52 : 55.54"
"8,53 : 20.0"
"8,54 : 10.0"
"8,55 : 33.84"
"8,56 : 53.49"
"8,57 : 60.42"
"8,58 : 46.1"
"8,59 : 25.32"
"8,60 : 26.0"
"8,61 : 55.9"
"8,62 : 68.82"
"8,63 : 34.21"
"8,64 : 36.12"
"8,65 : 57.71"
"8,66 : 38.05"
"8,67 : 18.11"
"8,68 : 41.76"
"8,69 : 42.45"
"8,70 : 16.28"
"8,71 : 43.19"
"8,72 : 12.08"
"8,73 : 40.22"
"8,74 : 36.89"
"8,75 : 26.63"
"8,76 : 28.02"
"8,77 : 46.04"
"8,78 : 23.26"
"8,79 : 55.01"
"8,80 : 51.08"
"8,81 : 59.36"
"8,82 : 53.04"
"8,83 : 54.56"
"8,84 : 46.17"
"8,85 : 57.38"
"8,86 : 49.24"
"8,87 : 59.77"
"8,88 : 6.4"
"8,89 : 76.84"
"8,90 : 66.61"
"8,91 : 46.86"
"8,92 : 30.41"
"8,93 : 38.42"
"8,94 : 60.17"
"8,95 : 44.38"
"8,96 : 41.63"
"8,97 : 62.68"
"8,98 : 47.01"
"8,99 : 25.55"
"9,0 : 10.77"
"9,1 : 64.51"
"9,2 : 65.05"
"9,3 : 73.5"
"9,4 : 23.09"
"9,5 : 33.06"
"9,6 : 39.81"
"9,7 : 3.61"
"9,8 : 12.21"
"9,9 : 0.0"
"9,10 : 24.84"
"9,11 : 66.29"
"9,12 : 27.46"
"9,13 : 53.37"
"9,14 : 37.8"
"9,15 : 11.4"
"9,16 : 12.04"
"9,17 : 38.28"
"9,18 : 78.79"
"9,19 : 35.01"
"9,20 : 6.4"
"9,21 : 45.88"
"9,22 : 73.44"
"9,23 : 16.64"
"9,24 : 9.49"
"9,25 : 58.05"
"9,26 : 16.03"
"9,27 : 23.41"
"9,28 : 25.06"
"9,29 : 63.79"
"9,30 : 8.54"
"9,31 : 81.06"
"9,32 : 38.42"
"9,33 : 70.8"
"9,34 : 41.11"
"9,35 : 55.58"
"9,36 : 37.44"
"9,37 : 29.83"
"9,38 : 29.07"
"9,39 : 49.24"
"9,40 : 12.73"
"9,41 : 28.65"
"9,42 : 32.7"
"9,43 : 15.23"
"9,44 : 22.02"
"9,45 : 42.15"
"9,46 : 10.0"
"9,47 : 40.71"
"9,48 : 21.54"
"9,49 : 92.02"
"9,50 : 47.8"
"9,51 : 26.57"
"9,52 : 64.28"
"9,53 : 31.83"
"9,54 : 21.19"
"9,55 : 45.45"
"9,56 : 63.95"
"9,57 : 63.79"
"9,58 : 58.0"
"9,59 : 36.69"
"9,60 : 22.02"
"9,61 : 67.19"
"9,62 : 81.02"
"9,63 : 26.02"
"9,64 : 36.77"
"9,65 : 60.44"
"9,66 : 33.24"
"9,67 : 12.04"
"9,68 : 50.25"
"9,69 : 46.53"
"9,70 : 19.03"
"9,71 : 31.11"
"9,72 : 2.24"
"9,73 : 29.07"
"9,74 : 48.41"
"9,75 : 29.43"
"9,76 : 36.69"
"9,77 : 51.62"
"9,78 : 11.4"
"9,79 : 65.49"
"9,80 : 58.46"
"9,81 : 65.0"
"9,82 : 63.2"
"9,83 : 66.71"
"9,84 : 57.94"
"9,85 : 60.0"
"9,86 : 38.63"
"9,87 : 71.51"
"9,88 : 5.83"
"9,89 : 89.02"
"9,90 : 78.82"
"9,91 : 59.03"
"9,92 : 31.02"
"9,93 : 36.89"
"9,94 : 71.78"
"9,95 : 56.36"
"9,96 : 31.78"
"9,97 : 64.08"
"9,98 : 54.74"
"9,99 : 32.56"
"10,0 : 23.77"
"10,1 : 80.16"
"10,2 : 89.83"
"10,3 : 97.62"
"10,4 : 41.98"
"10,5 : 55.03"
"10,6 : 20.1"
"10,7 : 24.08"
"10,8 : 37.01"
"10,9 : 24.84"
"10,10 : 0.0"
"10,11 : 88.87"
"10,12 : 4.12"
"10,13 : 74.73"
"10,14 : 62.29"
"10,15 : 13.45"
"10,16 : 18.38"
"10,17 : 55.08"
"10,18 : 92.4"
"10,19 : 56.04"
"10,20 : 25.81"
"10,21 : 60.3"
"10,22 : 92.35"
"10,23 : 41.04"
"10,24 : 33.3"
"10,25 : 82.88"
"10,26 : 36.72"
"10,27 : 8.54"
"10,28 : 5.0"
"10,29 : 85.09"
"10,30 : 29.97"
"10,31 : 105.89"
"10,32 : 45.22"
"10,33 : 95.13"
"10,34 : 62.94"
"10,35 : 74.43"
"10,36 : 62.2"
"10,37 : 35.23"
"10,38 : 29.83"
"10,39 : 64.5"
"10,40 : 12.21"
"10,41 : 30.59"
"10,42 : 49.09"
"10,43 : 39.66"
"10,44 : 20.88"
"10,45 : 65.19"
"10,46 : 32.2"
"10,47 : 65.19"
"10,48 : 39.81"
"10,49 : 116.85"
"10,50 : 65.07"
"10,51 : 13.45"
"10,52 : 83.6"
"10,53 : 56.59"
"10,54 : 45.28"
"10,55 : 70.04"
"10,56 : 87.37"
"10,57 : 78.1"
"10,58 : 82.73"
"10,59 : 60.37"
"10,60 : 33.38"
"10,61 : 90.25"
"10,62 : 105.8"
"10,63 : 22.36"
"10,64 : 50.25"
"10,65 : 74.03"
"10,66 : 34.44"
"10,67 : 27.31"
"10,68 : 69.87"
"10,69 : 60.3"
"10,70 : 39.36"
"10,71 : 6.71"
"10,72 : 25.46"
"10,73 : 11.66"
"10,74 : 72.92"
"10,75 : 47.13"
"10,76 : 59.17"
"10,77 : 67.07"
"10,78 : 15.26"
"10,79 : 87.36"
"10,80 : 76.06"
"10,81 : 79.51"
"10,82 : 84.65"
"10,83 : 91.55"
"10,84 : 81.84"
"10,85 : 69.92"
"10,86 : 20.62"
"10,87 : 95.27"
"10,88 : 30.61"
"10,89 : 113.85"
"10,90 : 103.6"
"10,91 : 83.87"
"10,92 : 45.71"
"10,93 : 47.01"
"10,94 : 95.34"
"10,95 : 80.62"
"10,96 : 19.21"
"10,97 : 75.24"
"10,98 : 75.39"
"10,99 : 51.97"
"11,0 : 65.19"
"11,1 : 34.23"
"11,2 : 38.08"
"11,3 : 53.67"
"11,4 : 47.42"
"11,5 : 33.84"
"11,6 : 95.52"
"11,7 : 68.88"
"11,8 : 55.33"
"11,9 : 66.29"
"11,10 : 88.87"
"11,11 : 0.0"
"11,12 : 92.35"
"11,13 : 65.8"
"11,14 : 45.31"
"11,15 : 76.66"
"11,16 : 77.93"
"11,17 : 38.95"
"11,18 : 45.54"
"11,19 : 33.11"
"11,20 : 69.46"
"11,21 : 83.93"
"11,22 : 22.47"
"11,23 : 56.01"
"11,24 : 62.13"
"11,25 : 34.06"
"11,26 : 66.07"
"11,27 : 89.5"
"11,28 : 90.52"
"11,29 : 70.01"
"11,30 : 59.2"
"11,31 : 38.05"
"11,32 : 59.41"
"11,33 : 49.65"
"11,34 : 26.0"
"11,35 : 23.26"
"11,36 : 34.93"
"11,37 : 88.2"
"11,38 : 91.0"
"11,39 : 83.67"
"11,40 : 77.2"
"11,41 : 90.01"
"11,42 : 43.6"
"11,43 : 51.48"
"11,44 : 72.95"
"11,45 : 55.47"
"11,46 : 65.07"
"11,47 : 29.61"
"11,48 : 49.66"
"11,49 : 49.09"
"11,50 : 32.2"
"11,51 : 83.19"
"11,52 : 19.03"
"11,53 : 44.15"
"11,54 : 45.4"
"11,55 : 42.19"
"11,56 : 56.85"
"11,57 : 93.81"
"11,58 : 38.29"
"11,59 : 30.07"
"11,60 : 79.1"
"11,61 : 4.0"
"11,62 : 34.01"
"11,63 : 74.95"
"11,64 : 81.74"
"11,65 : 93.54"
"11,66 : 68.88"
"11,67 : 73.11"
"11,68 : 23.43"
"11,69 : 42.44"
"11,70 : 66.27"
"11,71 : 93.78"
"11,72 : 66.91"
"11,73 : 87.21"
"11,74 : 43.01"
"11,75 : 71.81"
"11,76 : 58.31"
"11,77 : 36.24"
"11,78 : 77.67"
"11,79 : 5.0"
"11,80 : 27.2"
"11,81 : 38.33"
"11,82 : 8.25"
"11,83 : 33.11"
"11,84 : 13.6"
"11,85 : 51.87"
"11,86 : 92.96"
"11,87 : 12.17"
"11,88 : 60.83"
"11,89 : 42.3"
"11,90 : 33.02"
"11,91 : 30.61"
"11,92 : 77.67"
"11,93 : 86.88"
"11,94 : 10.44"
"11,95 : 17.8"
"11,96 : 84.38"
"11,97 : 101.07"
"11,98 : 69.4"
"11,99 : 38.08"
"12,0 : 27.46"
"12,1 : 84.21"
"12,2 : 92.1"
"12,3 : 99.36"
"12,4 : 45.71"
"12,5 : 58.52"
"12,6 : 21.84"
"12,7 : 26.25"
"12,8 : 39.66"
"12,9 : 27.46"
"12,10 : 4.12"
"12,11 : 92.35"
"12,12 : 0.0"
"12,13 : 75.59"
"12,14 : 64.35"
"12,15 : 16.12"
"12,16 : 19.42"
"12,17 : 59.03"
"12,18 : 96.51"
"12,19 : 59.67"
"12,20 : 27.59"
"12,21 : 59.84"
"12,22 : 96.25"
"12,23 : 43.19"
"12,24 : 35.38"
"12,25 : 85.28"
"12,26 : 38.01"
"12,27 : 7.07"
"12,28 : 3.16"
"12,29 : 85.87"
"12,30 : 33.24"
"12,31 : 108.41"
"12,32 : 49.34"
"12,33 : 97.0"
"12,34 : 66.48"
"12,35 : 78.31"
"12,36 : 64.9"
"12,37 : 34.0"
"12,38 : 28.16"
"12,39 : 64.13"
"12,40 : 15.23"
"12,41 : 29.07"
"12,42 : 53.04"
"12,43 : 42.54"
"12,44 : 25.0"
"12,45 : 66.61"
"12,46 : 33.97"
"12,47 : 68.1"
"12,48 : 43.57"
"12,49 : 119.21"
"12,50 : 69.03"
"12,51 : 17.2"
"12,52 : 87.46"
"12,53 : 58.9"
"12,54 : 48.3"
"12,55 : 72.14"
"12,56 : 88.81"
"12,57 : 77.41"
"12,58 : 84.96"
"12,59 : 63.56"
"12,60 : 33.24"
"12,61 : 93.64"
"12,62 : 108.47"
"12,63 : 26.4"
"12,64 : 49.82"
"12,65 : 73.25"
"12,66 : 38.48"
"12,67 : 28.3"
"12,68 : 73.68"
"12,69 : 64.38"
"12,70 : 40.5"
"12,71 : 7.07"
"12,72 : 27.8"
"12,73 : 14.87"
"12,74 : 74.95"
"12,75 : 47.54"
"12,76 : 60.46"
"12,77 : 71.11"
"12,78 : 16.97"
"12,79 : 90.96"
"12,80 : 80.02"
"12,81 : 83.6"
"12,82 : 88.29"
"12,83 : 94.02"
"12,84 : 85.0"
"12,85 : 74.04"
"12,86 : 22.85"
"12,87 : 98.49"
"12,88 : 33.29"
"12,89 : 116.4"
"12,90 : 106.25"
"12,91 : 86.4"
"12,92 : 45.61"
"12,93 : 46.1"
"12,94 : 98.62"
"12,95 : 83.65"
"12,96 : 22.63"
"12,97 : 74.03"
"12,98 : 76.06"
"12,99 : 55.73"
"13,0 : 62.51"
"13,1 : 87.92"
"13,2 : 34.53"
"13,3 : 30.36"
"13,4 : 59.84"
"13,5 : 54.23"
"13,6 : 92.66"
"13,7 : 52.2"
"13,8 : 45.04"
"13,9 : 53.37"
"13,10 : 74.73"
"13,11 : 65.8"
"13,12 : 75.59"
"13,13 : 0.0"
"13,14 : 24.6"
"13,15 : 62.63"
"13,16 : 56.36"
"13,17 : 69.29"
"13,18 : 103.23"
"13,19 : 57.78"
"13,20 : 49.65"
"13,21 : 26.25"
"13,22 : 85.56"
"13,23 : 38.12"
"13,24 : 43.93"
"13,25 : 33.62"
"13,26 : 38.28"
"13,27 : 68.96"
"13,28 : 72.47"
"13,29 : 10.44"
"13,30 : 55.15"
"13,31 : 51.01"
"13,32 : 82.87"
"13,33 : 30.41"
"13,34 : 56.94"
"13,35 : 73.82"
"13,36 : 36.36"
"13,37 : 48.1"
"13,38 : 54.45"
"13,39 : 23.35"
"13,40 : 64.51"
"13,41 : 53.04"
"13,42 : 67.45"
"13,43 : 46.04"
"13,44 : 74.81"
"13,45 : 13.6"
"13,46 : 43.68"
"13,47 : 40.8"
"13,48 : 60.53"
"13,49 : 56.89"
"13,50 : 73.36"
"13,51 : 79.81"
"13,52 : 77.9"
"13,53 : 30.68"
"13,54 : 45.71"
"13,55 : 24.04"
"13,56 : 17.72"
"13,57 : 28.79"
"13,58 : 29.73"
"13,59 : 47.01"
"13,60 : 43.6"
"13,61 : 63.51"
"13,62 : 54.23"
"13,63 : 78.77"
"13,64 : 31.62"
"13,65 : 29.61"
"13,66 : 83.0"
"13,67 : 47.42"
"13,68 : 68.51"
"13,69 : 79.48"
"13,70 : 35.47"
"13,71 : 81.44"
"13,72 : 51.66"
"13,73 : 81.91"
"13,74 : 22.8"
"13,75 : 28.6"
"13,76 : 17.03"
"13,77 : 79.61"
"13,78 : 59.62"
"13,79 : 68.88"
"13,80 : 79.06"
"13,81 : 90.74"
"13,82 : 69.35"
"13,83 : 40.02"
"13,84 : 52.2"
"13,85 : 95.08"
"13,86 : 91.76"
"13,87 : 61.27"
"13,88 : 49.5"
"13,89 : 58.08"
"13,90 : 52.35"
"13,91 : 37.16"
"13,92 : 32.53"
"13,93 : 38.28"
"13,94 : 63.06"
"13,95 : 48.01"
"13,96 : 85.15"
"13,97 : 37.66"
"13,98 : 3.61"
"13,99 : 61.35"
"14,0 : 44.28"
"14,1 : 63.6"
"14,2 : 28.02"
"14,3 : 35.85"
"14,4 : 37.01"
"14,5 : 29.73"
"14,6 : 77.18"
"14,7 : 38.21"
"14,8 : 26.42"
"14,9 : 37.8"
"14,10 : 62.29"
"14,11 : 45.31"
"14,12 : 64.35"
"14,13 : 24.6"
"14,14 : 0.0"
"14,15 : 48.92"
"14,16 : 45.45"
"14,17 : 44.92"
"14,18 : 79.03"
"14,19 : 33.24"
"14,20 : 36.8"
"14,21 : 38.63"
"14,22 : 62.8"
"14,23 : 21.26"
"14,24 : 29.0"
"14,25 : 21.93"
"14,26 : 27.78"
"14,27 : 58.9"
"14,28 : 61.55"
"14,29 : 32.98"
"14,30 : 36.25"
"14,31 : 45.18"
"14,32 : 60.01"
"14,33 : 33.02"
"14,34 : 32.45"
"14,35 : 49.68"
"14,36 : 12.04"
"14,37 : 47.3"
"14,38 : 51.87"
"14,39 : 38.47"
"14,40 : 50.45"
"14,41 : 50.6"
"14,42 : 43.57"
"14,43 : 25.63"
"14,44 : 56.46"
"14,45 : 11.4"
"14,46 : 30.48"
"14,47 : 17.03"
"14,48 : 38.12"
"14,49 : 55.22"
"14,50 : 48.76"
"14,51 : 63.63"
"14,52 : 54.56"
"14,53 : 7.07"
"14,54 : 23.19"
"14,55 : 7.81"
"14,56 : 27.66"
"14,57 : 49.68"
"14,58 : 20.81"
"14,59 : 22.47"
"14,60 : 39.22"
"14,61 : 43.97"
"14,62 : 46.24"
"14,63 : 60.17"
"14,64 : 37.22"
"14,65 : 48.83"
"14,66 : 61.98"
"14,67 : 37.44"
"14,68 : 44.2"
"14,69 : 55.03"
"14,70 : 26.4"
"14,71 : 68.77"
"14,72 : 36.88"
"14,73 : 66.57"
"14,74 : 10.63"
"14,75 : 28.02"
"14,76 : 13.0"
"14,77 : 55.01"
"14,78 : 47.38"
"14,79 : 47.41"
"14,80 : 54.82"
"14,81 : 66.29"
"14,82 : 47.17"
"14,83 : 30.87"
"14,84 : 32.28"
"14,85 : 70.58"
"14,86 : 75.66"
"14,87 : 44.28"
"14,88 : 32.45"
"14,89 : 53.24"
"14,90 : 44.01"
"14,91 : 24.04"
"14,92 : 34.01"
"14,93 : 43.01"
"14,94 : 45.54"
"14,95 : 28.64"
"14,96 : 67.98"
"14,97 : 56.08"
"14,98 : 27.78"
"14,99 : 37.11"
"15,0 : 13.34"
"15,1 : 71.39"
"15,2 : 76.38"
"15,3 : 84.4"
"15,4 : 31.0"
"15,5 : 42.95"
"15,6 : 30.08"
"15,7 : 10.82"
"15,8 : 23.6"
"15,9 : 11.4"
"15,10 : 13.45"
"15,11 : 76.66"
"15,12 : 16.12"
"15,13 : 62.63"
"15,14 : 48.92"
"15,15 : 0.0"
"15,16 : 8.54"
"15,17 : 45.4"
"15,18 : 84.77"
"15,19 : 44.41"
"15,20 : 13.0"
"15,21 : 51.16"
"15,22 : 82.01"
"15,23 : 27.66"
"15,24 : 20.0"
"15,25 : 69.43"
"15,26 : 24.35"
"15,27 : 13.04"
"15,28 : 13.93"
"15,29 : 73.05"
"15,30 : 17.46"
"15,31 : 92.46"
"15,32 : 40.22"
"15,33 : 81.84"
"15,34 : 50.99"
"15,35 : 64.01"
"15,36 : 48.83"
"15,37 : 29.53"
"15,38 : 26.25"
"15,39 : 55.04"
"15,40 : 2.0"
"15,41 : 26.4"
"15,42 : 39.46"
"15,43 : 26.42"
"15,44 : 18.03"
"15,45 : 52.35"
"15,46 : 19.24"
"15,47 : 51.97"
"15,48 : 29.02"
"15,49 : 103.39"
"15,50 : 55.33"
"15,51 : 18.0"
"15,52 : 73.01"
"15,53 : 43.14"
"15,54 : 32.2"
"15,55 : 56.64"
"15,56 : 74.43"
"15,57 : 69.26"
"15,58 : 69.3"
"15,59 : 47.54"
"15,60 : 24.52"
"15,61 : 77.79"
"15,62 : 92.42"
"15,63 : 21.47"
"15,64 : 41.3"
"15,65 : 65.49"
"15,66 : 31.89"
"15,67 : 16.03"
"15,68 : 59.03"
"15,69 : 52.2"
"15,70 : 27.2"
"15,71 : 19.85"
"15,72 : 12.04"
"15,73 : 19.42"
"15,74 : 59.55"
"15,75 : 36.22"
"15,76 : 46.52"
"15,77 : 58.25"
"15,78 : 4.47"
"15,79 : 75.5"
"15,80 : 66.27"
"15,81 : 71.31"
"15,82 : 72.99"
"15,83 : 78.1"
"15,84 : 68.94"
"15,85 : 63.95"
"15,86 : 29.43"
"15,87 : 82.46"
"15,88 : 17.2"
"15,89 : 100.42"
"15,90 : 90.21"
"15,91 : 70.43"
"15,92 : 36.06"
"15,93 : 39.56"
"15,94 : 82.64"
"15,95 : 67.54"
"15,96 : 24.08"
"15,97 : 67.91"
"15,98 : 63.6"
"15,99 : 41.01"
"16,0 : 19.42"
"16,1 : 76.24"
"16,2 : 73.41"
"16,3 : 80.06"
"16,4 : 34.93"
"16,5 : 45.01"
"16,6 : 37.34"
"16,7 : 9.06"
"16,8 : 22.8"
"16,9 : 12.04"
"16,10 : 18.38"
"16,11 : 77.93"
"16,12 : 19.42"
"16,13 : 56.36"
"16,14 : 45.45"
"16,15 : 8.54"
"16,16 : 0.0"
"16,17 : 50.0"
"16,18 : 90.25"
"16,19 : 47.04"
"16,20 : 8.94"
"16,21 : 43.01"
"16,22 : 85.48"
"16,23 : 24.7"
"16,24 : 17.0"
"16,25 : 66.85"
"16,26 : 18.6"
"16,27 : 13.45"
"16,28 : 16.4"
"16,29 : 66.71"
"16,30 : 20.4"
"16,31 : 90.14"
"16,32 : 47.51"
"16,33 : 77.79"
"16,34 : 53.04"
"16,35 : 67.6"
"16,36 : 47.42"
"16,37 : 21.1"
"16,38 : 18.44"
"16,39 : 47.01"
"16,40 : 10.44"
"16,41 : 18.38"
"16,42 : 44.27"
"16,43 : 26.48"
"16,44 : 26.42"
"16,45 : 47.2"
"16,46 : 15.0"
"16,47 : 51.26"
"16,48 : 33.24"
"16,49 : 100.6"
"16,50 : 59.67"
"16,51 : 26.17"
"16,52 : 76.32"
"16,53 : 40.5"
"16,54 : 32.56"
"16,55 : 53.26"
"16,56 : 69.4"
"16,57 : 61.07"
"16,58 : 66.22"
"16,59 : 48.05"
"16,60 : 16.12"
"16,61 : 78.64"
"16,62 : 90.55"
"16,63 : 29.97"
"16,64 : 33.06"
"16,65 : 57.22"
"16,66 : 40.0"
"16,67 : 8.94"
"16,68 : 62.29"
"16,69 : 57.78"
"16,70 : 21.1"
"16,71 : 25.08"
"16,72 : 11.05"
"16,73 : 27.02"
"16,74 : 55.97"
"16,75 : 28.86"
"16,76 : 41.05"
"16,77 : 63.25"
"16,78 : 4.12"
"16,79 : 77.32"
"16,80 : 70.41"
"16,81 : 76.55"
"16,82 : 75.11"
"16,83 : 75.72"
"16,84 : 68.96"
"16,85 : 70.49"
"16,86 : 37.05"
"16,87 : 82.57"
"16,88 : 17.12"
"16,89 : 98.18"
"16,90 : 88.32"
"16,91 : 68.26"
"16,92 : 28.02"
"16,93 : 31.05"
"16,94 : 82.97"
"16,95 : 67.07"
"16,96 : 32.39"
"16,97 : 59.44"
"16,98 : 57.01"
"16,99 : 44.55"
"17,0 : 32.14"
"17,1 : 26.25"
"17,2 : 59.84"
"17,3 : 74.17"
"17,4 : 15.23"
"17,5 : 15.3"
"17,6 : 57.78"
"17,7 : 41.79"
"17,8 : 32.8"
"17,9 : 38.28"
"17,10 : 55.08"
"17,11 : 38.95"
"17,12 : 59.03"
"17,13 : 69.29"
"17,14 : 44.92"
"17,15 : 45.4"
"17,16 : 50.0"
"17,17 : 0.0"
"17,18 : 40.71"
"17,19 : 12.04"
"17,20 : 43.86"
"17,21 : 75.17"
"17,22 : 37.34"
"17,23 : 38.18"
"17,24 : 39.66"
"17,25 : 52.47"
"17,26 : 47.01"
"17,27 : 58.22"
"17,28 : 58.01"
"17,29 : 77.88"
"17,30 : 29.73"
"17,31 : 69.46"
"17,32 : 20.81"
"17,33 : 70.26"
"17,34 : 16.76"
"17,35 : 19.65"
"17,36 : 34.37"
"17,37 : 67.12"
"17,38 : 67.23"
"17,39 : 77.01"
"17,40 : 45.18"
"17,41 : 66.71"
"17,42 : 6.0"
"17,43 : 29.07"
"17,44 : 36.14"
"17,45 : 55.71"
"17,46 : 42.72"
"17,47 : 32.0"
"17,48 : 16.76"
"17,49 : 81.54"
"17,50 : 10.0"
"17,51 : 46.57"
"17,52 : 28.86"
"17,53 : 38.63"
"17,54 : 25.61"
"17,55 : 48.51"
"17,56 : 70.35"
"17,57 : 90.7"
"17,58 : 55.15"
"17,59 : 24.02"
"17,60 : 58.31"
"17,61 : 41.73"
"17,62 : 67.08"
"17,63 : 37.34"
"17,64 : 68.62"
"17,65 : 88.6"
"17,66 : 30.0"
"17,67 : 49.19"
"17,68 : 16.12"
"17,69 : 10.3"
"17,70 : 48.92"
"17,71 : 58.69"
"17,72 : 39.92"
"17,73 : 50.7"
"17,74 : 51.35"
"17,75 : 58.69"
"17,76 : 54.12"
"17,77 : 13.42"
"17,78 : 48.05"
"17,79 : 35.81"
"17,80 : 21.0"
"17,81 : 26.83"
"17,82 : 32.45"
"17,83 : 57.97"
"17,84 : 38.47"
"17,85 : 25.94"
"17,86 : 55.04"
"17,87 : 49.04"
"17,88 : 34.89"
"17,89 : 76.03"
"17,90 : 65.31"
"17,91 : 50.99"
"17,92 : 63.03"
"17,93 : 71.22"
"17,94 : 48.17"
"17,95 : 39.92"
"17,96 : 46.62"
"17,97 : 94.37"
"17,98 : 72.24"
"17,99 : 8.06"
"18,0 : 71.47"
"18,1 : 15.56"
"18,2 : 82.22"
"18,3 : 98.03"
"18,4 : 55.9"
"18,5 : 51.74"
"18,6 : 89.09"
"18,7 : 82.35"
"18,8 : 73.25"
"18,9 : 78.79"
"18,10 : 92.4"
"18,11 : 45.54"
"18,12 : 96.51"
"18,13 : 103.23"
"18,14 : 79.03"
"18,15 : 84.77"
"18,16 : 90.25"
"18,17 : 40.71"
"18,18 : 0.0"
"18,19 : 48.27"
"18,20 : 84.53"
"18,21 : 114.02"
"18,22 : 24.02"
"18,23 : 78.01"
"18,24 : 80.26"
"18,25 : 76.69"
"18,26 : 87.37"
"18,27 : 97.02"
"18,28 : 96.1"
"18,29 : 109.93"
"18,30 : 70.26"
"18,31 : 83.49"
"18,32 : 48.04"
"18,33 : 93.92"
"18,34 : 46.75"
"18,35 : 29.41"
"18,36 : 67.01"
"18,37 : 107.82"
"18,38 : 107.84"
"18,39 : 115.28"
"18,40 : 84.2"
"18,41 : 107.35"
"18,42 : 46.1"
"18,43 : 69.34"
"18,44 : 71.7"
"18,45 : 90.43"
"18,46 : 83.35"
"18,47 : 62.43"
"18,48 : 57.27"
"18,49 : 94.09"
"18,50 : 32.2"
"18,51 : 81.3"
"18,52 : 27.2"
"18,53 : 74.33"
"18,54 : 65.0"
"18,55 : 79.61"
"18,56 : 98.84"
"18,57 : 128.08"
"18,58 : 80.62"
"18,59 : 56.73"
"18,60 : 98.98"
"18,61 : 49.5"
"18,62 : 79.23"
"18,63 : 71.25"
"18,64 : 108.41"
"18,65 : 126.57"
"18,66 : 60.01"
"18,67 : 89.89"
"18,68 : 34.83"
"18,69 : 32.57"
"18,70 : 89.05"
"18,71 : 94.53"
"18,72 : 80.53"
"18,73 : 85.21"
"18,74 : 81.63"
"18,75 : 98.23"
"18,76 : 90.61"
"18,77 : 27.29"
"18,78 : 87.92"
"18,79 : 40.61"
"18,80 : 24.21"
"18,81 : 13.89"
"18,82 : 38.08"
"18,83 : 77.88"
"18,84 : 55.97"
"18,85 : 24.33"
"18,86 : 86.09"
"18,87 : 57.22"
"18,88 : 75.59"
"18,89 : 87.02"
"18,90 : 78.41"
"18,91 : 73.74"
"18,92 : 103.0"
"18,93 : 111.5"
"18,94 : 55.15"
"18,95 : 59.81"
"18,96 : 79.01"
"18,97 : 133.0"
"18,98 : 106.61"
"18,99 : 47.71"
"19,0 : 32.28"
"19,1 : 32.8"
"19,2 : 48.27"
"19,3 : 62.29"
"19,4 : 14.32"
"19,5 : 3.61"
"19,6 : 62.68"
"19,7 : 38.12"
"19,8 : 26.25"
"19,9 : 35.01"
"19,10 : 56.04"
"19,11 : 33.11"
"19,12 : 59.67"
"19,13 : 57.78"
"19,14 : 33.24"
"19,15 : 44.41"
"19,16 : 47.04"
"19,17 : 12.04"
"19,18 : 48.27"
"19,19 : 0.0"
"19,20 : 39.46"
"19,21 : 65.8"
"19,22 : 38.64"
"19,23 : 30.02"
"19,24 : 33.53"
"19,25 : 40.79"
"19,26 : 39.81"
"19,27 : 57.43"
"19,28 : 58.05"
"19,29 : 66.1"
"19,30 : 27.07"
"19,31 : 59.06"
"19,32 : 31.02"
"19,33 : 58.42"
"19,34 : 7.21"
"19,35 : 21.19"
"19,36 : 22.36"
"19,37 : 61.35"
"19,38 : 62.59"
"19,39 : 67.21"
"19,40 : 44.72"
"19,41 : 61.85"
"19,42 : 13.0"
"19,43 : 22.14"
"19,44 : 39.96"
"19,45 : 44.28"
"19,46 : 36.69"
"19,47 : 20.02"
"19,48 : 16.55"
"19,49 : 71.12"
"19,50 : 16.28"
"19,51 : 50.12"
"19,52 : 29.43"
"19,53 : 27.29"
"19,54 : 17.0"
"19,55 : 36.5"
"19,56 : 58.31"
"19,57 : 80.43"
"19,58 : 43.29"
"19,59 : 12.0"
"19,60 : 52.2"
"19,61 : 34.99"
"19,62 : 57.14"
"19,63 : 42.2"
"19,64 : 60.22"
"19,65 : 78.64"
"19,66 : 37.8"
"19,67 : 44.15"
"19,68 : 15.52"
"19,69 : 21.84"
"19,70 : 41.18"
"19,71 : 60.75"
"19,72 : 36.12"
"19,73 : 54.12"
"19,74 : 39.32"
"19,75 : 50.0"
"19,76 : 43.27"
"19,77 : 22.2"
"19,78 : 46.04"
"19,79 : 31.32"
"19,80 : 25.06"
"19,81 : 34.66"
"19,82 : 28.64"
"19,83 : 46.82"
"19,84 : 29.07"
"19,85 : 37.34"
"19,86 : 60.22"
"19,87 : 41.23"
"19,88 : 30.27"
"19,89 : 66.04"
"19,90 : 55.23"
"19,91 : 39.56"
"19,92 : 54.92"
"19,93 : 63.63"
"19,94 : 40.8"
"19,95 : 29.68"
"19,96 : 51.61"
"19,97 : 84.85"
"19,98 : 60.84"
"19,99 : 5.83"
"20,0 : 17.0"
"20,1 : 70.01"
"20,2 : 64.66"
"20,3 : 71.84"
"20,4 : 28.64"
"20,5 : 37.12"
"20,6 : 43.01"
"20,7 : 3.16"
"20,8 : 14.14"
"20,9 : 6.4"
"20,10 : 25.81"
"20,11 : 69.46"
"20,12 : 27.59"
"20,13 : 49.65"
"20,14 : 36.8"
"20,15 : 13.0"
"20,16 : 8.94"
"20,17 : 43.86"
"20,18 : 84.53"
"20,19 : 39.46"
"20,20 : 0.0"
"20,21 : 40.02"
"20,22 : 78.09"
"20,23 : 15.81"
"20,24 : 8.06"
"20,25 : 58.01"
"20,26 : 11.4"
"20,27 : 22.2"
"20,28 : 24.76"
"20,29 : 60.08"
"20,30 : 14.42"
"20,31 : 81.27"
"20,32 : 44.82"
"20,33 : 69.43"
"20,34 : 45.04"
"20,35 : 60.42"
"20,36 : 38.48"
"20,37 : 23.6"
"20,38 : 23.41"
"20,39 : 43.57"
"20,40 : 14.87"
"20,41 : 22.85"
"20,42 : 38.47"
"20,43 : 18.03"
"20,44 : 27.46"
"20,45 : 39.45"
"20,46 : 6.4"
"20,47 : 42.38"
"20,48 : 27.29"
"20,49 : 91.83"
"20,50 : 53.14"
"20,51 : 30.41"
"20,52 : 68.88"
"20,53 : 31.62"
"20,54 : 24.08"
"20,55 : 44.6"
"20,56 : 61.59"
"20,57 : 58.05"
"20,58 : 57.49"
"20,59 : 39.46"
"20,60 : 15.62"
"20,61 : 70.04"
"20,62 : 81.63"
"20,63 : 31.4"
"20,64 : 30.68"
"20,65 : 54.57"
"20,66 : 39.4"
"20,67 : 5.66"
"20,68 : 54.92"
"20,69 : 52.48"
"20,70 : 14.32"
"20,71 : 32.45"
"20,72 : 4.24"
"20,73 : 32.28"
"20,74 : 47.38"
"20,75 : 24.02"
"20,76 : 33.54"
"20,77 : 57.27"
"20,78 : 10.63"
"20,79 : 69.07"
"20,80 : 63.6"
"20,81 : 70.68"
"20,82 : 67.0"
"20,83 : 66.85"
"20,84 : 60.17"
"20,85 : 66.22"
"20,86 : 42.2"
"20,87 : 73.76"
"20,88 : 9.22"
"20,89 : 89.31"
"20,90 : 79.4"
"20,91 : 59.36"
"20,92 : 25.0"
"20,93 : 30.53"
"20,94 : 74.22"
"20,95 : 58.19"
"20,96 : 36.12"
"20,97 : 57.94"
"20,98 : 50.7"
"20,99 : 37.64"
"21,0 : 56.61"
"21,1 : 98.49"
"21,2 : 59.03"
"21,3 : 56.61"
"21,4 : 61.85"
"21,5 : 62.29"
"21,6 : 80.1"
"21,7 : 43.17"
"21,8 : 43.57"
"21,9 : 45.88"
"21,10 : 60.3"
"21,11 : 83.93"
"21,12 : 59.84"
"21,13 : 26.25"
"21,14 : 38.63"
"21,15 : 51.16"
"21,16 : 43.01"
"21,17 : 75.17"
"21,18 : 114.02"
"21,19 : 65.8"
"21,20 : 40.02"
"21,21 : 0.0"
"21,22 : 100.5"
"21,23 : 37.2"
"21,24 : 38.48"
"21,25 : 56.22"
"21,26 : 30.46"
"21,27 : 52.77"
"21,28 : 56.72"
"21,29 : 33.29"
"21,30 : 51.48"
"21,31 : 76.32"
"21,32 : 82.73"
"21,33 : 56.52"
"21,34 : 67.8"
"21,35 : 85.6"
"21,36 : 49.65"
"21,37 : 26.93"
"21,38 : 33.62"
"21,39 : 4.47"
"21,40 : 53.15"
"21,41 : 32.31"
"21,42 : 71.4"
"21,43 : 46.62"
"21,44 : 67.47"
"21,45 : 29.43"
"21,46 : 36.4"
"21,47 : 55.01"
"21,48 : 61.59"
"21,49 : 82.98"
"21,50 : 82.04"
"21,51 : 69.12"
"21,52 : 91.81"
"21,53 : 40.82"
"21,54 : 49.58"
"21,55 : 42.95"
"21,56 : 43.97"
"21,57 : 18.11"
"21,58 : 53.04"
"21,59 : 58.25"
"21,60 : 27.02"
"21,61 : 82.54"
"21,62 : 79.06"
"21,63 : 71.39"
"21,64 : 10.05"
"21,65 : 14.56"
"21,66 : 79.06"
"21,67 : 35.36"
"21,68 : 79.81"
"21,69 : 85.28"
"21,70 : 27.73"
"21,71 : 66.61"
"21,72 : 43.68"
"21,73 : 70.0"
"21,74 : 43.42"
"21,75 : 17.0"
"21,76 : 25.63"
"21,77 : 87.69"
"21,78 : 47.04"
"21,79 : 85.91"
"21,80 : 90.27"
"21,81 : 100.45"
"21,82 : 85.42"
"21,83 : 64.01"
"21,84 : 70.84"
"21,85 : 100.6"
"21,86 : 80.01"
"21,87 : 82.23"
"21,88 : 44.78"
"21,89 : 83.73"
"21,90 : 77.03"
"21,91 : 59.41"
"21,92 : 15.13"
"21,93 : 14.76"
"21,94 : 83.68"
"21,95 : 67.05"
"21,96 : 75.24"
"21,97 : 19.21"
"21,98 : 24.17"
"21,99 : 67.27"
"22,0 : 69.03"
"22,1 : 17.69"
"22,2 : 60.37"
"22,3 : 76.06"
"22,4 : 51.01"
"22,5 : 41.23"
"22,6 : 94.25"
"22,7 : 76.66"
"22,8 : 64.76"
"22,9 : 73.44"
"22,10 : 92.35"
"22,11 : 22.47"
"22,12 : 96.25"
"22,13 : 85.56"
"22,14 : 62.8"
"22,15 : 82.01"
"22,16 : 85.48"
"22,17 : 37.34"
"22,18 : 24.02"
"22,19 : 38.64"
"22,20 : 78.09"
"22,21 : 100.5"
"22,22 : 0.0"
"22,23 : 67.68"
"22,24 : 72.03"
"22,25 : 55.76"
"22,26 : 77.79"
"22,27 : 95.0"
"22,28 : 95.08"
"22,29 : 90.91"
"22,30 : 65.19"
"22,31 : 59.84"
"22,32 : 53.71"
"22,33 : 72.01"
"22,34 : 33.84"
"22,35 : 18.0"
"22,36 : 51.04"
"22,37 : 99.72"
"22,38 : 101.2"
"22,39 : 100.96"
"22,40 : 82.01"
"22,41 : 100.44"
"22,42 : 43.29"
"22,43 : 60.64"
"22,44 : 73.35"
"22,45 : 73.88"
"22,46 : 75.19"
"22,47 : 45.8"
"22,48 : 53.0"
"22,49 : 70.18"
"22,50 : 27.46"
"22,51 : 83.74"
"22,52 : 9.22"
"22,53 : 59.68"
"22,54 : 55.08"
"22,55 : 61.52"
"22,56 : 78.49"
"22,57 : 112.45"
"22,58 : 59.91"
"22,59 : 42.49"
"22,60 : 90.52"
"22,61 : 26.25"
"22,62 : 55.44"
"22,63 : 74.22"
"22,64 : 96.61"
"22,65 : 111.61"
"22,66 : 65.19"
"22,67 : 82.76"
"22,68 : 23.19"
"22,69 : 34.93"
"22,70 : 78.77"
"22,71 : 96.03"
"22,72 : 74.67"
"22,73 : 87.86"
"22,74 : 62.97"
"22,75 : 86.33"
"22,76 : 75.45"
"22,77 : 27.31"
"22,78 : 84.15"
"22,79 : 17.89"
"22,80 : 16.76"
"22,81 : 21.4"
"22,82 : 16.4"
"22,83 : 55.54"
"22,84 : 34.67"
"22,85 : 37.54"
"22,86 : 91.39"
"22,87 : 33.54"
"22,88 : 68.88"
"22,89 : 63.07"
"22,90 : 54.74"
"22,91 : 52.48"
"22,92 : 91.79"
"22,93 : 100.85"
"22,94 : 31.4"
"22,95 : 38.83"
"22,96 : 83.24"
"22,97 : 118.71"
"22,98 : 89.11"
"22,99 : 41.05"
"23,0 : 24.52"
"23,1 : 62.68"
"23,2 : 48.92"
"23,3 : 56.86"
"23,4 : 24.7"
"23,5 : 26.83"
"23,6 : 56.36"
"23,7 : 16.97"
"23,8 : 7.07"
"23,9 : 16.64"
"23,10 : 41.04"
"23,11 : 56.01"
"23,12 : 43.19"
"23,13 : 38.12"
"23,14 : 21.26"
"23,15 : 27.66"
"23,16 : 24.7"
"23,17 : 38.18"
"23,18 : 78.01"
"23,19 : 30.02"
"23,20 : 15.81"
"23,21 : 37.2"
"23,22 : 67.68"
"23,23 : 0.0"
"23,24 : 7.81"
"23,25 : 42.2"
"23,26 : 10.2"
"23,27 : 38.01"
"23,28 : 40.46"
"23,29 : 48.37"
"23,30 : 17.03"
"23,31 : 65.46"
"23,32 : 46.49"
"23,33 : 54.2"
"23,34 : 33.84"
"23,35 : 50.99"
"23,36 : 23.09"
"23,37 : 32.39"
"23,38 : 35.01"
"23,39 : 39.45"
"23,40 : 29.21"
"23,41 : 34.0"
"23,42 : 34.21"
"23,43 : 9.43"
"23,44 : 36.88"
"23,45 : 25.96"
"23,46 : 9.85"
"23,47 : 27.46"
"23,48 : 24.6"
"23,49 : 76.06"
"23,50 : 45.8"
"23,51 : 42.95"
"23,52 : 58.52"
"23,53 : 15.81"
"23,54 : 13.04"
"23,55 : 29.0"
"23,56 : 47.42"
"23,57 : 53.67"
"23,58 : 41.77"
"23,59 : 26.17"
"23,60 : 23.19"
"23,61 : 56.08"
"23,62 : 65.86"
"23,63 : 40.79"
"23,64 : 30.48"
"23,65 : 51.11"
"23,66 : 45.1"
"23,67 : 17.72"
"23,68 : 45.19"
"23,69 : 48.17"
"23,70 : 11.18"
"23,71 : 47.51"
"23,72 : 15.62"
"23,73 : 45.65"
"23,74 : 31.89"
"23,75 : 20.52"
"23,76 : 21.1"
"23,77 : 51.09"
"23,78 : 26.25"
"23,79 : 56.32"
"23,80 : 55.07"
"23,81 : 64.2"
"23,82 : 54.74"
"23,83 : 51.04"
"23,84 : 45.54"
"23,85 : 63.41"
"23,86 : 55.04"
"23,87 : 59.03"
"23,88 : 11.7"
"23,89 : 73.5"
"23,90 : 63.63"
"23,91 : 43.57"
"23,92 : 25.0"
"23,93 : 33.62"
"23,94 : 59.68"
"23,95 : 43.17"
"23,96 : 47.76"
"23,97 : 56.4"
"23,98 : 40.0"
"23,99 : 30.48"
"24,0 : 19.03"
"24,1 : 65.3"
"24,2 : 56.73"
"24,3 : 64.4"
"24,4 : 24.84"
"24,5 : 30.81"
"24,6 : 49.24"
"24,7 : 9.22"
"24,8 : 7.28"
"24,9 : 9.49"
"24,10 : 33.3"
"24,11 : 62.13"
"24,12 : 35.38"
"24,13 : 43.93"
"24,14 : 29.0"
"24,15 : 20.0"
"24,16 : 17.0"
"24,17 : 39.66"
"24,18 : 80.26"
"24,19 : 33.53"
"24,20 : 8.06"
"24,21 : 38.48"
"24,22 : 72.03"
"24,23 : 7.81"
"24,24 : 0.0"
"24,25 : 50.0"
"24,26 : 8.06"
"24,27 : 30.23"
"24,28 : 32.65"
"24,29 : 54.34"
"24,30 : 13.0"
"24,31 : 73.24"
"24,32 : 44.29"
"24,33 : 61.85"
"24,34 : 38.47"
"24,35 : 54.71"
"24,36 : 30.46"
"24,37 : 27.86"
"24,38 : 29.27"
"24,39 : 41.44"
"24,40 : 21.63"
"24,41 : 28.44"
"24,42 : 34.83"
"24,43 : 11.4"
"24,44 : 31.06"
"24,45 : 32.7"
"24,46 : 3.16"
"24,47 : 34.48"
"24,48 : 24.04"
"24,49 : 83.87"
"24,50 : 48.3"
"24,51 : 36.06"
"24,52 : 62.82"
"24,53 : 23.6"
"24,54 : 17.12"
"24,55 : 36.77"
"24,56 : 54.59"
"24,57 : 55.97"
"24,58 : 49.58"
"24,59 : 32.06"
"24,60 : 18.79"
"24,61 : 62.51"
"24,62 : 73.57"
"24,63 : 35.06"
"24,64 : 30.23"
"24,65 : 52.92"
"24,66 : 41.0"
"24,67 : 11.0"
"24,68 : 49.04"
"24,69 : 49.04"
"24,70 : 10.77"
"24,71 : 39.82"
"24,72 : 8.06"
"24,73 : 38.48"
"24,74 : 39.62"
"24,75 : 21.54"
"24,76 : 27.2"
"24,77 : 53.0"
"24,78 : 18.44"
"24,79 : 62.01"
"24,80 : 58.31"
"24,81 : 66.37"
"24,82 : 60.13"
"24,83 : 58.82"
"24,84 : 52.39"
"24,85 : 63.64"
"24,86 : 48.1"
"24,87 : 65.97"
"24,88 : 6.32"
"24,89 : 81.27"
"24,90 : 71.34"
"24,91 : 51.31"
"24,92 : 24.41"
"24,93 : 31.83"
"24,94 : 66.49"
"24,95 : 50.29"
"24,96 : 41.23"
"24,97 : 57.31"
"24,98 : 45.4"
"24,99 : 32.65"
"25,0 : 62.63"
"25,1 : 62.64"
"25,2 : 7.62"
"25,3 : 22.09"
"25,4 : 50.57"
"25,5 : 38.33"
"25,6 : 96.05"
"25,7 : 59.03"
"25,8 : 45.97"
"25,9 : 58.05"
"25,10 : 82.88"
"25,11 : 34.06"
"25,12 : 85.28"
"25,13 : 33.62"
"25,14 : 21.93"
"25,15 : 69.43"
"25,16 : 66.85"
"25,17 : 52.47"
"25,18 : 76.69"
"25,19 : 40.79"
"25,20 : 58.01"
"25,21 : 56.22"
"25,22 : 55.76"
"25,23 : 42.2"
"25,24 : 50.0"
"25,25 : 0.0"
"25,26 : 49.65"
"25,27 : 80.21"
"25,28 : 82.62"
"25,29 : 36.24"
"25,30 : 54.67"
"25,31 : 23.32"
"25,32 : 71.57"
"25,33 : 18.03"
"25,34 : 36.06"
"25,35 : 48.51"
"25,36 : 21.63"
"25,37 : 68.96"
"25,38 : 73.74"
"25,39 : 54.74"
"25,40 : 70.77"
"25,41 : 72.45"
"25,42 : 53.6"
"25,43 : 43.93"
"25,44 : 74.06"
"25,45 : 27.0"
"25,46 : 51.87"
"25,47 : 21.19"
"25,48 : 52.33"
"25,49 : 33.97"
"25,50 : 52.09"
"25,51 : 82.46"
"25,52 : 49.66"
"25,53 : 26.4"
"25,54 : 39.41"
"25,55 : 14.56"
"25,56 : 22.8"
"25,57 : 62.39"
"25,58 : 4.24"
"25,59 : 29.12"
"25,60 : 61.1"
"25,61 : 31.11"
"25,62 : 24.35"
"25,63 : 77.39"
"25,64 : 57.22"
"25,65 : 62.94"
"25,66 : 76.56"
"25,67 : 59.17"
