x,y
22,11
74,92
1,74
78,51
50,26
5,62
28,11
71,84
63,63
14,97
60,49
21,53
96,83
35,87
38,8
66,8
52,70
20,54
68,4
14,87
26,93
45,64
2,51
68,2
73,98
9,49
77,64
83,8
73,11
31,18
88,62
7,95
1,52
5,42
2,38
67,56
76,85
2,99
12,50
45,16
8,23
9,22
14,63
94,11
22,74
1,20
36,34
81,18
62,1
38,15
55,3
64,64
75,42
83,88
52,96
20,8
45,48
83,76
89,49
69,32
27,96
73,37
97,70
98,58
41,100
50,63
73,90
15,58
25,17
77,82
1,64
76,23
79,66
35,96
71,39
64,61
40,79
34,5
9,58
68,74
23,70
39,86
100,100
54,38
70,54
82,0
3,5
18,42
0,22
75,81
79,56
22,85
67,4
55,49
24,58
96,89
62,61
36,72
20,31
80,6

Distanze
"0,0 : 0.0"
"0,1 : 48.05"
"0,2 : 38.42"
"0,3 : 70.72"
"0,4 : 66.48"
"0,5 : 32.8"
"0,6 : 27.07"
"0,7 : 55.47"
"0,8 : 25.71"
"0,9 : 62.94"
"0,10 : 38.28"
"0,11 : 71.22"
"0,12 : 39.32"
"0,13 : 53.24"
"0,14 : 38.29"
"0,15 : 68.15"
"0,16 : 38.48"
"0,17 : 32.76"
"0,18 : 45.54"
"0,19 : 37.34"
"0,20 : 26.42"
"0,21 : 22.8"
"0,22 : 38.63"
"0,23 : 45.89"
"0,24 : 55.87"
"0,25 : 9.9"
"0,26 : 27.07"
"0,27 : 53.08"
"0,28 : 30.23"
"0,29 : 54.01"
"0,30 : 26.17"
"0,31 : 14.0"
"0,32 : 14.14"
"0,33 : 30.08"
"0,34 : 55.07"
"0,35 : 2.0"
"0,36 : 37.85"
"0,37 : 45.61"
"0,38 : 57.97"
"0,39 : 76.55"
"0,40 : 49.82"
"0,41 : 74.41"
"0,42 : 31.38"
"0,43 : 82.1"
"0,44 : 70.77"
"0,45 : 50.96"
"0,46 : 32.25"
"0,47 : 58.18"
"0,48 : 14.76"
"0,49 : 42.3"
"0,50 : 26.63"
"0,51 : 70.46"
"0,52 : 42.01"
"0,53 : 2.83"
"0,54 : 43.05"
"0,55 : 86.21"
"0,56 : 10.0"
"0,57 : 35.01"
"0,58 : 23.09"
"0,59 : 83.44"
"0,60 : 65.52"
"0,61 : 69.78"
"0,62 : 47.01"
"0,63 : 25.96"
"0,64 : 30.46"
"0,65 : 14.42"
"0,66 : 61.85"
"0,67 : 54.82"
"0,68 : 42.58"
"0,69 : 34.83"
"0,70 : 38.28"
"0,71 : 20.4"
"0,72 : 62.63"
"0,73 : 35.23"
"0,74 : 46.14"
"0,75 : 38.83"
"0,76 : 69.35"
"0,77 : 72.95"
"0,78 : 18.38"
"0,79 : 7.62"
"0,80 : 64.66"
"0,81 : 44.41"
"0,82 : 40.26"
"0,83 : 40.79"
"0,84 : 46.27"
"0,85 : 63.25"
"0,86 : 41.3"
"0,87 : 37.8"
"0,88 : 22.8"
"0,89 : 58.31"
"0,90 : 61.07"
"0,91 : 61.35"
"0,92 : 47.01"
"0,93 : 40.05"
"0,94 : 24.76"
"0,95 : 51.62"
"0,96 : 76.16"
"0,97 : 68.77"
"0,98 : 40.16"
"0,99 : 75.24"
"1,0 : 48.05"
"1,1 : 0.0"
"1,2 : 73.76"
"1,3 : 69.46"
"1,4 : 18.79"
"1,5 : 23.26"
"1,6 : 48.1"
"1,7 : 96.02"
"1,8 : 22.36"
"1,9 : 75.39"
"1,10 : 34.06"
"1,11 : 66.07"
"1,12 : 59.54"
"1,13 : 15.0"
"1,14 : 83.67"
"1,15 : 20.25"
"1,16 : 28.64"
"1,17 : 20.25"
"1,18 : 68.01"
"1,19 : 65.0"
"1,20 : 24.19"
"1,21 : 65.12"
"1,22 : 66.31"
"1,23 : 66.85"
"1,24 : 49.5"
"1,25 : 56.61"
"1,26 : 51.87"
"1,27 : 31.02"
"1,28 : 76.9"
"1,29 : 13.04"
"1,30 : 29.12"
"1,31 : 34.48"
"1,32 : 33.96"
"1,33 : 55.15"
"1,34 : 61.35"
"1,35 : 50.01"
"1,36 : 72.35"
"1,37 : 3.61"
"1,38 : 73.35"
"1,39 : 54.71"
"1,40 : 83.22"
"1,41 : 66.03"
"1,42 : 70.72"
"1,43 : 59.81"
"1,44 : 62.01"
"1,45 : 67.6"
"1,46 : 55.54"
"1,47 : 96.67"
"1,48 : 46.14"
"1,49 : 66.84"
"1,50 : 73.39"
"1,51 : 51.2"
"1,52 : 70.77"
"1,53 : 45.71"
"1,54 : 8.94"
"1,55 : 66.41"
"1,56 : 51.08"
"1,57 : 65.8"
"1,58 : 71.02"
"1,59 : 70.04"
"1,60 : 17.89"
"1,61 : 43.08"
"1,62 : 33.54"
"1,63 : 56.04"
"1,64 : 39.36"
"1,65 : 39.05"
"1,66 : 76.97"
"1,67 : 87.69"
"1,68 : 5.83"
"1,69 : 71.06"
"1,70 : 65.39"
"1,71 : 44.15"
"1,72 : 33.24"
"1,73 : 56.8"
"1,74 : 14.76"
"1,75 : 80.78"
"1,76 : 26.93"
"1,77 : 33.11"
"1,78 : 60.37"
"1,79 : 55.54"
"1,80 : 60.3"
"1,81 : 16.28"
"1,82 : 75.17"
"1,83 : 63.41"
"1,84 : 70.0"
"1,85 : 75.03"
"1,86 : 66.07"
"1,87 : 46.65"
"1,88 : 29.27"
"1,89 : 79.4"
"1,90 : 15.65"
"1,91 : 73.16"
"1,92 : 73.25"
"1,93 : 54.08"
"1,94 : 65.38"
"1,95 : 47.07"
"1,96 : 51.62"
"1,97 : 62.03"
"1,98 : 24.7"
"1,99 : 29.73"
"2,0 : 38.42"
"2,1 : 73.76"
"2,2 : 0.0"
"2,3 : 109.04"
"2,4 : 88.81"
"2,5 : 50.99"
"2,6 : 26.17"
"2,7 : 76.32"
"2,8 : 54.56"
"2,9 : 99.74"
"2,10 : 45.04"
"2,11 : 109.64"
"2,12 : 21.02"
"2,13 : 71.18"
"2,14 : 55.23"
"2,15 : 90.93"
"2,16 : 74.81"
"2,17 : 53.6"
"2,18 : 81.15"
"2,19 : 12.08"
"2,20 : 49.98"
"2,21 : 17.09"
"2,22 : 11.66"
"2,23 : 81.94"
"2,24 : 94.11"
"2,25 : 40.72"
"2,26 : 22.2"
"2,27 : 60.67"
"2,28 : 47.01"
"2,29 : 83.93"
"2,30 : 44.64"
"2,31 : 48.41"
"2,32 : 47.2"
"2,33 : 67.12"
"2,34 : 93.19"
"2,35 : 37.2"
"2,36 : 68.88"
"2,37 : 70.34"
"2,38 : 94.43"
"2,39 : 113.7"
"2,40 : 11.4"
"2,41 : 112.81"
"2,42 : 60.21"
"2,43 : 119.33"
"2,44 : 109.12"
"2,45 : 87.66"
"2,46 : 20.1"
"2,47 : 81.1"
"2,48 : 53.01"
"2,49 : 77.62"
"2,50 : 45.04"
"2,51 : 107.81"
"2,52 : 75.58"
"2,53 : 38.21"
"2,54 : 72.62"
"2,55 : 123.91"
"2,56 : 46.65"
"2,57 : 68.95"
"2,58 : 32.02"
"2,59 : 121.7"
"2,60 : 87.82"
"2,61 : 105.68"
"2,62 : 83.87"
"2,63 : 17.72"
"2,64 : 36.06"
"2,65 : 36.72"
"2,66 : 98.09"
"2,67 : 83.6"
"2,68 : 69.89"
"2,69 : 3.61"
"2,70 : 12.53"
"2,71 : 29.73"
"2,72 : 97.42"
"2,73 : 20.62"
"2,74 : 64.38"
"2,75 : 62.03"
"2,76 : 85.05"
"2,77 : 85.59"
"2,78 : 49.98"
"2,79 : 37.12"
"2,80 : 103.08"
"2,81 : 76.94"
"2,82 : 70.41"
"2,83 : 76.97"
"2,84 : 81.34"
"2,85 : 100.18"
"2,86 : 76.69"
"2,87 : 76.22"
"2,88 : 44.94"
"2,89 : 92.97"
"2,90 : 89.19"
"2,91 : 98.39"
"2,92 : 80.96"
"2,93 : 27.86"
"2,94 : 14.32"
"2,95 : 89.87"
"2,96 : 112.8"
"2,97 : 107.17"
"2,98 : 75.45"
"2,99 : 93.0"
"3,0 : 70.72"
"3,1 : 69.46"
"3,2 : 109.04"
"3,3 : 0.0"
"3,4 : 80.96"
"3,5 : 80.06"
"3,6 : 93.62"
"3,7 : 71.2"
"3,8 : 66.49"
"3,9 : 20.02"
"3,10 : 92.76"
"3,11 : 5.83"
"3,12 : 107.42"
"3,13 : 84.38"
"3,14 : 76.03"
"3,15 : 80.65"
"3,16 : 43.19"
"3,17 : 76.79"
"3,18 : 34.93"
"3,19 : 107.42"
"3,20 : 73.76"
"3,21 : 92.62"
"3,22 : 108.78"
"3,23 : 33.11"
"3,24 : 20.02"
"3,25 : 69.43"
"3,26 : 95.27"
"3,27 : 98.05"
"3,28 : 76.55"
"3,29 : 59.91"
"3,30 : 79.56"
"3,31 : 64.08"
"3,32 : 65.92"
"3,33 : 43.14"
"3,34 : 16.28"
"3,35 : 71.85"
"3,36 : 51.89"
"3,37 : 71.18"
"3,38 : 24.19"
"3,39 : 30.23"
"3,40 : 120.43"
"3,41 : 10.44"
"3,42 : 59.17"
"3,43 : 31.78"
"3,44 : 11.4"
"3,45 : 26.93"
"3,46 : 100.65"
"3,47 : 67.48"
"3,48 : 56.04"
"3,49 : 38.01"
"3,50 : 75.21"
"3,51 : 26.87"
"3,52 : 43.46"
"3,53 : 71.34"
"3,54 : 61.13"
"3,55 : 29.61"
"3,56 : 62.63"
"3,57 : 46.65"
"3,58 : 84.22"
"3,59 : 20.0"
"3,60 : 80.65"
"3,61 : 37.64"
"3,62 : 36.06"
"3,63 : 95.77"
"3,64 : 91.09"
"3,65 : 77.47"
"3,66 : 24.02"
"3,67 : 53.34"
"3,68 : 66.07"
"3,69 : 105.44"
"3,70 : 108.3"
"3,71 : 86.41"
"3,72 : 42.94"
"3,73 : 103.37"
"3,74 : 82.01"
"3,75 : 66.71"
"3,76 : 94.59"
"3,77 : 101.41"
"3,78 : 62.29"
"3,79 : 72.47"
"3,80 : 9.22"
"3,81 : 53.24"
"3,82 : 52.92"
"3,83 : 36.36"
"3,84 : 36.4"
"3,85 : 19.03"
"3,86 : 38.47"
"3,87 : 33.12"
"3,88 : 75.96"
"3,89 : 33.02"
"3,90 : 65.79"
"3,91 : 19.03"
"3,92 : 39.85"
"3,93 : 105.69"
"3,94 : 95.0"
"3,95 : 23.09"
"3,96 : 34.21"
"3,97 : 9.22"
"3,98 : 46.01"
"3,99 : 93.92"
"4,0 : 66.48"
"4,1 : 18.79"
"4,2 : 88.81"
"4,3 : 80.96"
"4,4 : 0.0"
"4,5 : 38.05"
"4,6 : 62.65"
"4,7 : 114.55"
"4,8 : 40.8"
"4,9 : 90.05"
"4,10 : 45.22"
"4,11 : 76.66"
"4,12 : 72.12"
"4,13 : 18.38"
"4,14 : 102.46"
"4,15 : 2.24"
"4,16 : 44.69"
"4,17 : 36.01"
"4,18 : 84.96"
"4,19 : 78.85"
"4,20 : 41.3"
"4,21 : 82.1"
"4,22 : 80.05"
"4,23 : 83.63"
"4,24 : 61.85"
"4,25 : 75.27"
"4,26 : 66.61"
"4,27 : 35.0"
"4,28 : 95.63"
"4,29 : 21.47"
"4,30 : 45.0"
"4,31 : 53.14"
"4,32 : 52.5"
"4,33 : 73.11"
"4,34 : 75.66"
"4,35 : 68.41"
"4,36 : 90.6"
"4,37 : 20.88"
"4,38 : 88.75"
"4,39 : 60.0"
"4,40 : 97.29"
"4,41 : 75.5"
"4,42 : 89.36"
"4,43 : 64.12"
"4,44 : 71.81"
"4,45 : 83.6"
"4,46 : 69.43"
"4,47 : 115.0"
"4,48 : 64.88"
"4,49 : 84.15"
"4,50 : 92.11"
"4,51 : 58.31"
"4,52 : 88.46"
"4,53 : 64.03"
"4,54 : 26.4"
"4,55 : 71.11"
"4,56 : 69.86"
"4,57 : 83.87"
"4,58 : 89.27"
"4,59 : 77.16"
"4,60 : 1.0"
"4,61 : 48.01"
"4,62 : 47.01"
"4,63 : 71.34"
"4,64 : 52.95"
"4,65 : 56.32"
"4,66 : 92.11"
"4,67 : 105.48"
"4,68 : 24.6"
"4,69 : 86.47"
"4,70 : 79.08"
"4,71 : 60.03"
"4,72 : 39.32"
"4,73 : 70.09"
"4,74 : 24.52"
"4,75 : 99.48"
"4,76 : 15.3"
"4,77 : 22.2"
"4,78 : 79.16"
"4,79 : 74.04"
"4,80 : 71.78"
"4,81 : 31.24"
"4,82 : 93.41"
"4,83 : 80.62"
"4,84 : 87.05"
"4,85 : 89.55"
"4,86 : 83.44"
"4,87 : 63.13"
"4,88 : 46.17"
"4,89 : 95.6"
"4,90 : 15.3"
"4,91 : 87.82"
"4,92 : 90.52"
"4,93 : 65.79"
"4,94 : 82.01"
"4,95 : 60.37"
"4,96 : 56.04"
"4,97 : 72.53"
"4,98 : 40.46"
"4,99 : 13.0"
"5,0 : 32.8"
"5,1 : 23.26"
"5,2 : 50.99"
"5,3 : 80.06"
"5,4 : 38.05"
"5,5 : 0.0"
"5,6 : 25.0"
"5,7 : 87.21"
"5,8 : 14.04"
"5,9 : 80.31"
"5,10 : 13.0"
"5,11 : 78.1"
"5,12 : 36.36"
"5,13 : 21.59"
"5,14 : 71.06"
"5,15 : 40.11"
"5,16 : 37.11"
"5,17 : 3.61"
"5,18 : 67.72"
"5,19 : 41.79"
"5,20 : 7.62"
"5,21 : 44.41"
"5,22 : 43.08"
"5,23 : 67.19"
"5,24 : 60.64"
"5,25 : 42.64"
"5,26 : 28.86"
"5,27 : 21.47"
"5,28 : 63.01"
"5,29 : 35.0"
"5,30 : 7.28"
"5,31 : 23.32"
"5,32 : 21.63"
"5,33 : 52.2"
"5,34 : 68.01"
"5,35 : 34.41"
"5,36 : 66.37"
"5,37 : 19.7"
"5,38 : 76.79"
"5,39 : 72.72"
"5,40 : 60.08"
"5,41 : 79.4"
"5,42 : 62.01"
"5,43 : 78.23"
"5,44 : 75.29"
"5,45 : 70.04"
"5,46 : 32.31"
"5,47 : 89.2"
"5,48 : 38.08"
"5,49 : 65.46"
"5,50 : 59.41"
"5,51 : 68.0"
"5,52 : 67.62"
"5,53 : 30.0"
"5,54 : 24.76"
"5,55 : 84.22"
"5,56 : 39.7"
"5,57 : 61.27"
"5,58 : 53.71"
"5,59 : 85.62"
"5,60 : 37.05"
"5,61 : 62.2"
"5,62 : 45.54"
"5,63 : 33.38"
"5,64 : 16.12"
"5,65 : 19.7"
"5,66 : 80.75"
"5,67 : 83.24"
"5,68 : 20.62"
"5,69 : 48.51"
"5,70 : 42.15"
"5,71 : 22.0"
"5,72 : 52.63"
"5,73 : 33.54"
"5,74 : 14.32"
"5,75 : 70.77"
"5,76 : 37.34"
"5,77 : 40.31"
"5,78 : 49.58"
"5,79 : 40.22"
"5,80 : 71.59"
"5,81 : 31.62"
"5,82 : 69.12"
"5,83 : 62.64"
"5,84 : 69.26"
"5,85 : 80.22"
"5,86 : 64.51"
"5,87 : 50.09"
"5,88 : 10.0"
"5,89 : 80.52"
"5,90 : 38.91"
"5,91 : 78.23"
"5,92 : 71.51"
"5,93 : 31.24"
"5,94 : 44.1"
"5,95 : 57.07"
"5,96 : 70.46"
"5,97 : 74.46"
"5,98 : 35.11"
"5,99 : 44.15"
"6,0 : 27.07"
"6,1 : 48.1"
"6,2 : 26.17"
"6,3 : 93.62"
"6,4 : 62.65"
"6,5 : 25.0"
"6,6 : 0.0"
"6,7 : 80.11"
"6,8 : 31.14"
"6,9 : 88.65"
"6,10 : 19.65"
"6,11 : 93.02"
"6,12 : 13.89"
"6,13 : 45.04"
"6,14 : 60.54"
"6,15 : 64.78"
"6,16 : 54.2"
"6,17 : 27.86"
"6,18 : 72.17"
"6,19 : 17.0"
"6,20 : 25.24"
"6,21 : 23.85"
"6,22 : 18.36"
"6,23 : 72.34"
"6,24 : 76.16"
"6,25 : 35.17"
"6,26 : 4.0"
"6,27 : 36.06"
"6,28 : 51.62"
"6,29 : 59.06"
"6,30 : 19.24"
"6,31 : 29.55"
"6,32 : 27.73"
"6,33 : 56.32"
"6,34 : 79.06"
"6,35 : 27.29"
"6,36 : 64.78"
"6,37 : 44.6"
"6,38 : 84.01"
"6,39 : 92.76"
"6,40 : 35.11"
"6,41 : 95.38"
"6,42 : 57.72"
"6,43 : 98.41"
"6,44 : 91.42"
"6,45 : 76.94"
"6,46 : 7.81"
"6,47 : 83.57"
"6,48 : 40.31"
"6,49 : 69.07"
"6,50 : 48.37"
"6,51 : 87.32"
"6,52 : 69.07"
"6,53 : 25.0"
"6,54 : 48.02"
"6,55 : 103.71"
"6,56 : 37.05"
"6,57 : 62.07"
"6,58 : 38.29"
"6,59 : 103.17"
"6,60 : 61.66"
"6,61 : 83.49"
"6,62 : 63.41"
"6,63 : 9.22"
"6,64 : 10.05"
"6,65 : 16.16"
"6,66 : 87.97"
"6,67 : 81.58"
"6,68 : 44.72"
"6,69 : 24.0"
"6,70 : 17.49"
"6,71 : 7.28"
"6,72 : 74.52"
"6,73 : 10.0"
"6,74 : 38.21"
"6,75 : 63.69"
"6,76 : 59.3"
"6,77 : 60.42"
"6,78 : 44.91"
"6,79 : 31.32"
"6,80 : 86.31"
"6,81 : 53.41"
"6,82 : 67.08"
"6,83 : 67.27"
"6,84 : 73.06"
"6,85 : 88.84"
"6,86 : 68.07"
"6,87 : 60.75"
"6,88 : 20.62"
"6,89 : 85.09"
"6,90 : 63.69"
"6,91 : 86.88"
"6,92 : 74.01"
"6,93 : 13.0"
"6,94 : 22.36"
"6,95 : 72.07"
"6,96 : 91.22"
"6,97 : 89.94"
"6,98 : 53.81"
"6,99 : 67.07"
"7,0 : 55.47"
"7,1 : 96.02"
"7,2 : 76.32"
"7,3 : 71.2"
"7,4 : 114.55"
"7,5 : 87.21"
"7,6 : 80.11"
"7,7 : 0.0"
"7,8 : 76.42"
"7,9 : 51.92"
"7,10 : 93.74"
"7,11 : 75.66"
"7,12 : 88.89"
"7,13 : 105.48"
"7,14 : 21.1"
"7,15 : 115.66"
"7,16 : 72.5"
"7,17 : 86.31"
"7,18 : 38.01"
"7,19 : 82.98"
"7,20 : 79.98"
"7,21 : 61.39"
"7,22 : 83.74"
"7,23 : 40.01"
"7,24 : 71.34"
"7,25 : 45.79"
"7,26 : 78.55"
"7,27 : 108.23"
"7,28 : 29.61"
"7,29 : 96.18"
"7,30 : 81.22"
"7,31 : 64.35"
"7,32 : 65.8"
"7,33 : 42.54"
"7,34 : 58.03"
"7,35 : 54.38"
"7,36 : 24.7"
"7,37 : 94.81"
"7,38 : 47.07"
"7,39 : 95.08"
"7,40 : 85.0"
"7,41 : 80.62"
"7,42 : 25.5"
"7,43 : 99.0"
"7,44 : 79.23"
"7,45 : 45.1"
"7,46 : 82.54"
"7,47 : 5.83"
"7,48 : 50.33"
"7,49 : 36.22"
"7,50 : 32.28"
"7,51 : 89.2"
"7,52 : 30.27"
"7,53 : 58.25"
"7,54 : 88.2"
"7,55 : 99.25"
"7,56 : 47.51"
"7,57 : 31.95"
"7,58 : 44.72"
"7,59 : 90.93"
"7,60 : 113.72"
"7,61 : 95.35"
"7,62 : 75.58"
"7,63 : 74.95"
"7,64 : 85.59"
"7,65 : 69.89"
"7,66 : 48.08"
"7,67 : 18.38"
"7,68 : 90.21"
"7,69 : 73.55"
"7,70 : 83.95"
"7,71 : 74.71"
"7,72 : 93.41"
"7,73 : 85.38"
"7,74 : 99.01"
"7,75 : 16.64"
"7,76 : 121.26"
"7,77 : 125.94"
"7,78 : 37.64"
"7,79 : 49.24"
"7,80 : 72.11"
"7,81 : 85.0"
"7,82 : 22.14"
"7,83 : 39.46"
"7,84 : 36.0"
"7,85 : 52.89"
"7,86 : 36.35"
"7,87 : 56.32"
"7,88 : 77.47"
"7,89 : 38.9"
"7,90 : 104.24"
"7,91 : 52.39"
"7,92 : 32.02"
"7,93 : 92.11"
"7,94 : 64.33"
"7,95 : 68.73"
"7,96 : 97.33"
"7,97 : 76.24"
"7,98 : 76.49"
"7,99 : 125.6"
"8,0 : 25.71"
"8,1 : 22.36"
"8,2 : 54.56"
"8,3 : 66.49"
"8,4 : 40.8"
"8,5 : 14.04"
"8,6 : 31.14"
"8,7 : 76.42"
"8,8 : 0.0"
"8,9 : 66.27"
"8,10 : 26.31"
"8,11 : 64.85"
"8,12 : 44.6"
"8,13 : 29.07"
"8,14 : 62.27"
"8,15 : 42.45"
"8,16 : 24.17"
"8,17 : 11.4"
"8,18 : 54.08"
"8,19 : 47.8"
"8,20 : 7.28"
"8,21 : 43.74"
"8,22 : 49.2"
"8,23 : 53.45"
"8,24 : 47.43"
"8,25 : 34.54"
"8,26 : 34.21"
"8,27 : 34.79"
"8,28 : 55.04"
"8,29 : 29.83"
"8,30 : 13.42"
"8,31 : 12.53"
"8,32 : 11.7"
"8,33 : 38.91"
"8,34 : 54.04"
"8,35 : 27.66"
"8,36 : 54.2"
"8,37 : 19.92"
"8,38 : 62.8"
"8,39 : 61.85"
"8,40 : 65.0"
"8,41 : 66.48"
"8,42 : 50.93"
"8,43 : 67.48"
"8,44 : 62.39"
"8,45 : 56.09"
"8,46 : 38.95"
"8,47 : 77.83"
"8,48 : 26.17"
"8,49 : 52.0"
"8,50 : 51.48"
"8,51 : 56.61"
"8,52 : 54.59"
"8,53 : 23.35"
"8,54 : 18.44"
"8,55 : 73.01"
"8,56 : 29.68"
"8,57 : 48.55"
"8,58 : 48.66"
"8,59 : 73.36"
"8,60 : 39.85"
"8,61 : 52.35"
"8,62 : 33.12"
"8,63 : 37.22"
"8,64 : 25.55"
"8,65 : 18.03"
"8,66 : 66.75"
"8,67 : 70.72"
"8,68 : 17.03"
"8,69 : 51.48"
"8,70 : 48.41"
"8,71 : 25.24"
"8,72 : 43.42"
"8,73 : 41.01"
"8,74 : 22.67"
"8,75 : 60.44"
"8,76 : 45.0"
"8,77 : 49.52"
"8,78 : 39.41"
"8,79 : 33.24"
"8,80 : 58.24"
"8,81 : 22.47"
"8,82 : 57.01"
"8,83 : 49.04"
"8,84 : 55.71"
"8,85 : 66.19"
"8,86 : 51.08"
"8,87 : 36.06"
"8,88 : 10.63"
"8,89 : 66.76"
"8,90 : 36.12"
"8,91 : 64.2"
"8,92 : 58.18"
"8,93 : 41.05"
"8,94 : 44.38"
"8,95 : 43.68"
"8,96 : 60.14"
"8,97 : 61.35"
"8,98 : 23.02"
"8,99 : 50.12"
"9,0 : 62.94"
"9,1 : 75.39"
"9,2 : 99.74"
"9,3 : 20.02"
"9,4 : 90.05"
"9,5 : 80.31"
"9,6 : 88.65"
"9,7 : 51.92"
"9,8 : 66.27"
"9,9 : 0.0"
"9,10 : 92.02"
"9,11 : 25.32"
"9,12 : 101.87"
"9,13 : 89.49"
"9,14 : 59.41"
"9,15 : 90.21"
"9,16 : 46.82"
"9,17 : 77.52"
"9,18 : 19.21"
"9,19 : 100.24"
"9,20 : 73.11"
"9,21 : 82.73"
"9,22 : 101.51"
"9,23 : 18.03"
"9,24 : 29.7"
"9,25 : 59.03"
"9,26 : 89.5"
"9,27 : 100.45"
"9,28 : 61.52"
"9,29 : 68.6"
"9,30 : 78.0"
"9,31 : 60.21"
"9,32 : 62.2"
"9,33 : 32.89"
"9,34 : 14.42"
"9,35 : 63.57"
"9,36 : 35.47"
"9,37 : 76.22"
"9,38 : 5.66"
"9,39 : 48.47"
"9,40 : 110.91"
"9,41 : 30.27"
"9,42 : 43.84"
"9,43 : 50.96"
"9,44 : 30.08"
"9,45 : 12.08"
"9,46 : 94.83"
"9,47 : 47.85"
"9,48 : 48.51"
"9,49 : 22.8"
"9,50 : 60.88"
"9,51 : 43.83"
"9,52 : 26.91"
"9,53 : 64.29"
"9,54 : 66.48"
"9,55 : 49.5"
"9,56 : 53.49"
"9,57 : 32.02"
"9,58 : 71.61"
"9,59 : 40.01"
"9,60 : 89.55"
"9,61 : 53.25"
"9,62 : 43.05"
"9,63 : 88.89"
"9,64 : 88.28"
"9,65 : 72.84"
"9,66 : 4.0"
"9,67 : 33.73"
"9,68 : 70.84"
"9,69 : 96.18"
"9,70 : 101.19"
"9,71 : 81.39"
"9,72 : 55.87"
"9,73 : 97.74"
"9,74 : 85.62"
"9,75 : 49.65"
"9,76 : 102.04"
"9,77 : 108.46"
"9,78 : 50.25"
"9,79 : 62.65"
"9,80 : 24.17"
"9,81 : 59.51"
"9,82 : 35.81"
"9,83 : 22.83"
"9,84 : 19.8"
"9,85 : 1.0"
"9,86 : 23.6"
"9,87 : 30.27"
"9,88 : 74.01"
"9,89 : 13.15"
"9,90 : 75.72"
"9,91 : 2.24"
"9,92 : 22.2"
"9,93 : 101.43"
"9,94 : 85.43"
"9,95 : 30.0"
"9,96 : 51.89"
"9,97 : 27.2"
"9,98 : 50.7"
"9,99 : 102.96"
"10,0 : 38.28"
"10,1 : 34.06"
"10,2 : 45.04"
"10,3 : 92.76"
"10,4 : 45.22"
"10,5 : 13.0"
"10,6 : 19.65"
"10,7 : 93.74"
"10,8 : 26.31"
"10,9 : 92.02"
"10,10 : 0.0"
"10,11 : 90.96"
"10,12 : 26.93"
"10,13 : 26.93"
"10,14 : 75.82"
"10,15 : 47.43"
"10,16 : 50.0"
"10,17 : 16.55"
"10,18 : 78.26"
"10,19 : 34.13"
"10,20 : 19.1"
"10,21 : 42.95"
"10,22 : 35.23"
"10,23 : 77.93"
"10,24 : 73.5"
"10,25 : 48.01"
"10,26 : 23.54"
"10,27 : 16.55"
"10,28 : 67.21"
"10,29 : 46.67"
"10,30 : 14.14"
"10,31 : 32.76"
"10,32 : 30.81"
"10,33 : 62.37"
"10,34 : 80.22"
"10,35 : 39.41"
"10,36 : 74.85"
"10,37 : 30.48"
"10,38 : 88.2"
"10,39 : 85.59"
"10,40 : 52.47"
"10,41 : 92.35"
"10,42 : 69.35"
"10,43 : 91.07"
"10,44 : 88.23"
"10,45 : 81.3"
"10,46 : 25.0"
"10,47 : 96.38"
"10,48 : 47.13"
"10,49 : 75.71"
"10,50 : 63.7"
"10,51 : 80.95"
"10,52 : 77.2"
"10,53 : 35.51"
"10,54 : 37.2"
"10,55 : 97.13"
"10,56 : 46.96"
"10,57 : 70.52"
"10,58 : 55.61"
"10,59 : 98.62"
"10,60 : 44.27"
"10,61 : 74.89"
"10,62 : 58.52"
"10,63 : 28.86"
"10,64 : 9.85"
"10,65 : 23.85"
"10,66 : 92.2"
"10,67 : 91.92"
"10,68 : 32.65"
"10,69 : 43.29"
"10,70 : 34.23"
"10,71 : 20.81"
"10,72 : 65.22"
"10,73 : 25.18"
"10,74 : 21.02"
"10,75 : 77.1"
"10,76 : 40.01"
"10,77 : 40.79"
"10,78 : 56.44"
"10,79 : 44.82"
"10,80 : 84.4"
"10,81 : 44.42"
"10,82 : 77.47"
"10,83 : 73.16"
"10,84 : 79.62"
"10,85 : 92.01"
"10,86 : 74.73"
"10,87 : 62.03"
"10,88 : 18.25"
"10,89 : 91.24"
"10,90 : 49.41"
"10,91 : 90.01"
"10,92 : 81.49"
"10,93 : 20.62"
"10,94 : 41.79"
"10,95 : 69.86"
"10,96 : 83.22"
"10,97 : 87.36"
"10,98 : 48.1"
"10,99 : 48.04"
"11,0 : 71.22"
"11,1 : 66.07"
"11,2 : 109.64"
"11,3 : 5.83"
"11,4 : 76.66"
"11,5 : 78.1"
"11,6 : 93.02"
"11,7 : 75.66"
"11,8 : 64.85"
"11,9 : 25.32"
"11,10 : 90.96"
"11,11 : 0.0"
"11,12 : 106.89"
"11,13 : 81.06"
"11,14 : 79.31"
"11,15 : 76.24"
"11,16 : 41.0"
"11,17 : 74.73"
"11,18 : 38.6"
"11,19 : 107.38"
"11,20 : 72.12"
"11,21 : 93.51"
"11,22 : 108.76"
"11,23 : 36.69"
"11,24 : 17.46"
"11,25 : 70.72"
"11,26 : 94.89"
"11,27 : 95.34"
"11,28 : 79.26"
"11,29 : 55.9"
"11,30 : 78.11"
"11,31 : 63.53"
"11,32 : 65.3"
"11,33 : 45.0"
"11,34 : 18.79"
"11,35 : 72.47"
"11,36 : 55.36"
"11,37 : 68.0"
"11,38 : 29.0"
"11,39 : 24.41"
"11,40 : 121.04"
"11,41 : 5.0"
"11,42 : 62.17"
"11,43 : 26.0"
"11,44 : 5.66"
"11,45 : 30.81"
"11,46 : 100.24"
"11,47 : 72.17"
"11,48 : 56.73"
"11,49 : 41.44"
"11,50 : 77.7"
"11,51 : 21.26"
"11,52 : 47.13"
"11,53 : 71.61"
"11,54 : 58.01"
"11,55 : 24.19"
"11,56 : 63.66"
"11,57 : 49.66"
"11,58 : 86.05"
"11,59 : 15.3"
"11,60 : 76.4"
"11,61 : 32.2"
"11,62 : 33.14"
"11,63 : 95.72"
"11,64 : 89.89"
"11,65 : 76.94"
"11,66 : 29.27"
"11,67 : 58.08"
"11,68 : 63.03"
"11,69 : 106.04"
"11,70 : 108.23"
"11,71 : 85.88"
"11,72 : 38.08"
"11,73 : 102.88"
"11,74 : 79.1"
"11,75 : 70.23"
"11,76 : 90.61"
"11,77 : 97.49"
"11,78 : 64.2"
"11,79 : 73.55"
"11,80 : 6.71"
"11,81 : 50.0"
"11,82 : 56.61"
"11,83 : 39.4"
"11,84 : 40.26"
"11,85 : 24.33"
"11,86 : 41.79"
"11,87 : 33.42"
"11,88 : 74.67"
"11,89 : 38.05"
"11,90 : 61.4"
"11,91 : 24.08"
"11,92 : 43.93"
"11,93 : 104.79"
"11,94 : 95.78"
"11,95 : 21.19"
"11,96 : 28.43"
"11,97 : 4.12"
"11,98 : 43.42"
"11,99 : 89.56"
"12,0 : 39.32"
"12,1 : 59.54"
"12,2 : 21.02"
"12,3 : 107.42"
"12,4 : 72.12"
"12,5 : 36.36"
"12,6 : 13.89"
"12,7 : 88.89"
"12,8 : 44.6"
"12,9 : 101.87"
"12,10 : 26.93"
"12,11 : 106.89"
"12,12 : 0.0"
"12,13 : 53.85"
"12,14 : 68.35"
"12,15 : 74.33"
"12,16 : 68.01"
"12,17 : 39.66"
"12,18 : 84.85"
"12,19 : 8.94"
"12,20 : 38.21"
"12,21 : 28.18"
"12,22 : 9.49"
"12,23 : 85.16"
"12,24 : 90.05"
"12,25 : 46.04"
"12,26 : 12.37"
"12,27 : 41.0"
"12,28 : 59.46"
"12,29 : 71.28"
"12,30 : 31.89"
"12,31 : 43.38"
"12,32 : 41.59"
"12,33 : 69.23"
"12,34 : 92.7"
"12,35 : 39.12"
"12,36 : 76.06"
"12,37 : 55.95"
"12,38 : 97.08"
"12,39 : 106.4"
"12,40 : 26.0"
"12,41 : 109.27"
"12,42 : 68.36"
"12,43 : 112.04"
"12,44 : 105.31"
"12,45 : 90.03"
"12,46 : 7.07"
"12,47 : 92.89"
"12,48 : 53.37"
"12,49 : 81.61"
"12,50 : 56.61"
"12,51 : 101.04"
"12,52 : 81.1"
"12,53 : 37.66"
"12,54 : 60.61"
"12,55 : 117.44"
"12,56 : 49.25"
"12,57 : 74.11"
"12,58 : 44.78"
"12,59 : 117.05"
"12,60 : 71.17"
"12,61 : 96.88"
"12,62 : 77.2"
"12,63 : 14.14"
"12,64 : 20.25"
"12,65 : 29.97"
"12,66 : 101.0"
"12,67 : 92.44"
"12,68 : 56.86"
"12,69 : 20.81"
"12,70 : 8.54"
"12,71 : 21.02"
"12,72 : 87.73"
"12,73 : 4.12"
"12,74 : 47.76"
"12,75 : 73.01"
"12,76 : 66.27"
"12,77 : 66.01"
"12,78 : 56.04"
"12,79 : 42.05"
"12,80 : 100.18"
"12,81 : 66.53"
"12,82 : 78.16"
"12,83 : 80.06"
"12,84 : 85.59"
"12,85 : 102.11"
"12,86 : 80.62"
"12,87 : 74.46"
"12,88 : 33.97"
"12,89 : 97.62"
"12,90 : 75.18"
"12,91 : 100.17"
"12,92 : 86.21"
"12,93 : 7.07"
"12,94 : 25.55"
"12,95 : 85.96"
"12,96 : 104.74"
"12,97 : 103.83"
"12,98 : 67.48"
"12,99 : 74.55"
"13,0 : 53.24"
"13,1 : 15.0"
"13,2 : 71.18"
"13,3 : 84.38"
"13,4 : 18.38"
"13,5 : 21.59"
"13,6 : 45.04"
"13,7 : 105.48"
"13,8 : 29.07"
"13,9 : 89.49"
"13,10 : 26.93"
"13,11 : 81.06"
"13,12 : 53.85"
"13,13 : 0.0"
"13,14 : 90.97"
"13,15 : 20.62"
"13,16 : 42.72"
"13,17 : 20.62"
"13,18 : 80.62"
"13,19 : 60.83"
"13,20 : 26.83"
"13,21 : 65.92"
"13,22 : 61.98"
"13,23 : 79.65"
"13,24 : 64.38"
"13,25 : 62.77"
"13,26 : 49.04"
"13,27 : 17.8"
"13,28 : 83.35"
"13,29 : 26.93"
"13,30 : 28.86"
"13,31 : 41.4"
"13,32 : 40.22"
"13,33 : 66.61"
"13,34 : 75.69"
"13,35 : 55.01"
"13,36 : 82.88"
"13,37 : 13.34"
"13,38 : 87.09"
"13,39 : 69.12"
"13,40 : 79.25"
"13,41 : 81.02"
"13,42 : 79.98"
"13,43 : 74.04"
"13,44 : 77.01"
"13,45 : 81.02"
"13,46 : 51.48"
"13,47 : 106.78"
"13,48 : 55.17"
"13,49 : 79.08"
"13,50 : 79.76"
"13,51 : 65.92"
"13,52 : 82.42"
"13,53 : 50.54"
"13,54 : 23.35"
"13,55 : 80.78"
"13,56 : 58.6"
"13,57 : 76.84"
"13,58 : 75.03"
"13,59 : 84.85"
"13,60 : 17.46"
"13,61 : 57.28"
"13,62 : 48.37"
"13,63 : 54.0"
"13,64 : 35.13"
"13,65 : 41.11"
"13,66 : 90.82"
"13,67 : 99.02"
"13,68 : 18.68"
"13,69 : 69.03"
"13,70 : 61.0"
"13,71 : 43.29"
"13,72 : 47.54"
"13,73 : 51.97"
"13,74 : 7.28"
"13,75 : 89.5"
"13,76 : 16.12"
"13,77 : 20.52"
"13,78 : 68.41"
"13,79 : 60.83"
"13,80 : 75.24"
"13,81 : 31.14"
"13,82 : 85.7"
"13,83 : 75.8"
"13,84 : 82.49"
"13,85 : 89.19"
"13,86 : 78.23"
"13,87 : 60.01"
"13,88 : 31.02"
"13,89 : 92.57"
"13,90 : 26.08"
"13,91 : 87.28"
"13,92 : 85.44"
"13,93 : 47.43"
"13,94 : 65.49"
"13,95 : 61.81"
"13,96 : 65.8"
"13,97 : 77.03"
"13,98 : 39.05"
"13,99 : 22.56"
"14,0 : 38.29"
"14,1 : 83.67"
"14,2 : 55.23"
"14,3 : 76.03"
"14,4 : 102.46"
"14,5 : 71.06"
"14,6 : 60.54"
"14,7 : 21.1"
"14,8 : 62.27"
"14,9 : 59.41"
"14,10 : 75.82"
"14,11 : 79.31"
"14,12 : 68.35"
"14,13 : 90.97"
"14,14 : 0.0"
"14,15 : 103.87"
"14,16 : 64.63"
"14,17 : 70.8"
"14,18 : 41.18"
"14,19 : 62.1"
"14,20 : 64.4"
"14,21 : 40.52"
"14,22 : 62.82"
"14,23 : 42.94"
"14,24 : 70.41"
"14,25 : 28.43"
"14,26 : 58.59"
"14,27 : 91.22"
"14,28 : 8.94"
"14,29 : 86.4"
"14,30 : 64.44"
"14,31 : 49.74"
"14,32 : 50.77"
"14,33 : 37.22"
"14,34 : 60.54"
"14,35 : 36.8"
"14,36 : 24.19"
"14,37 : 81.84"
"14,38 : 53.82"
"14,39 : 94.54"
"14,40 : 64.03"
"14,41 : 83.93"
"14,42 : 17.46"
"14,43 : 99.25"
"14,44 : 81.6"
"14,45 : 49.24"
"14,46 : 62.24"
"14,47 : 26.02"
"14,48 : 37.95"
"14,49 : 38.01"
"14,50 : 12.21"
"14,51 : 88.28"
"14,52 : 32.76"
"14,53 : 41.11"
"14,54 : 76.9"
"14,55 : 100.96"
"14,56 : 32.65"
"14,57 : 29.73"
"14,58 : 23.77"
"14,59 : 94.34"
"14,60 : 101.55"
"14,61 : 92.14"
"14,62 : 70.03"
"14,63 : 54.63"
"14,64 : 67.01"
"14,65 : 52.33"
"14,66 : 56.22"
"14,67 : 31.76"
"14,68 : 77.88"
"14,69 : 52.47"
"14,70 : 63.06"
"14,71 : 55.8"
"14,72 : 88.09"
"14,73 : 65.0"
"14,74 : 84.05"
"14,75 : 9.9"
"14,76 : 107.07"
"14,77 : 111.02"
"14,78 : 23.41"
"14,79 : 31.11"
"14,80 : 74.33"
"14,81 : 75.43"
"14,82 : 23.6"
"14,83 : 39.92"
"14,84 : 39.96"
"14,85 : 60.22"
"14,86 : 37.58"
"14,87 : 52.24"
"14,88 : 61.07"
"14,89 : 48.1"
"14,90 : 94.25"
"14,91 : 59.08"
"14,92 : 37.2"
"14,93 : 72.01"
"14,94 : 43.42"
"14,95 : 66.91"
"14,96 : 95.89"
"14,97 : 78.77"
"14,98 : 68.07"
"14,99 : 112.38"
"15,0 : 68.15"
"15,1 : 20.25"
"15,2 : 90.93"
"15,3 : 80.65"
"15,4 : 2.24"
"15,5 : 40.11"
"15,6 : 64.78"
"15,7 : 115.66"
"15,8 : 42.45"
"15,9 : 90.21"
"15,10 : 47.43"
"15,11 : 76.24"
"15,12 : 74.33"
"15,13 : 20.62"
"15,14 : 103.87"
"15,15 : 0.0"
"15,16 : 45.28"
"15,17 : 38.0"
"15,18 : 85.59"
"15,19 : 81.02"
"15,20 : 43.19"
"15,21 : 84.05"
"15,22 : 82.23"
"15,23 : 84.22"
"15,24 : 61.74"
"15,25 : 76.84"
"15,26 : 68.73"
"15,27 : 37.2"
"15,28 : 97.14"
"15,29 : 21.63"
"15,30 : 47.01"
"15,31 : 54.71"
"15,32 : 54.12"
"15,33 : 74.03"
"15,34 : 75.8"
"15,35 : 70.09"
"15,36 : 91.61"
"15,37 : 22.56"
"15,38 : 89.05"
"15,39 : 59.03"
"15,40 : 99.46"
"15,41 : 74.95"
"15,42 : 90.55"
"15,43 : 63.03"
"15,44 : 71.31"
"15,45 : 84.02"
"15,46 : 71.59"
"15,47 : 116.02"
"15,48 : 66.19"
"15,49 : 84.86"
"15,50 : 93.64"
"15,51 : 57.56"
"15,52 : 89.27"
"15,53 : 65.73"
"15,54 : 27.46"
"15,55 : 70.03"
"15,56 : 71.31"
"15,57 : 84.81"
"15,58 : 91.01"
"15,59 : 76.32"
"15,60 : 3.16"
"15,61 : 47.1"
"15,62 : 47.17"
"15,63 : 73.44"
"15,64 : 55.11"
"15,65 : 58.22"
"15,66 : 92.36"
"15,67 : 106.3"
"15,68 : 26.0"
"15,69 : 88.57"
"15,70 : 81.25"
"15,71 : 62.07"
"15,72 : 38.64"
"15,73 : 72.28"
"15,74 : 26.68"
"15,75 : 100.72"
"15,76 : 16.76"
"15,77 : 23.54"
"15,78 : 80.53"
"15,79 : 75.69"
"15,80 : 71.51"
"15,81 : 31.83"
"15,82 : 94.4"
"15,83 : 81.32"
"15,84 : 87.69"
"15,85 : 89.69"
"15,86 : 84.17"
"15,87 : 63.7"
"15,88 : 48.09"
"15,89 : 96.05"
"15,90 : 14.87"
"15,91 : 87.98"
"15,92 : 91.22"
"15,93 : 68.01"
"15,94 : 84.0"
"15,95 : 60.42"
"15,96 : 55.0"
"15,97 : 72.12"
"15,98 : 41.04"
"15,99 : 13.34"
"16,0 : 38.48"
"16,1 : 28.64"
"16,2 : 74.81"
"16,3 : 43.19"
"16,4 : 44.69"
"16,5 : 37.11"
"16,6 : 54.2"
"16,7 : 72.5"
"16,8 : 24.17"
"16,9 : 46.82"
"16,10 : 50.0"
"16,11 : 41.0"
"16,12 : 68.01"
"16,13 : 42.72"
"16,14 : 64.63"
"16,15 : 45.28"
"16,16 : 0.0"
"16,17 : 33.73"
"16,18 : 40.31"
"16,19 : 70.04"
"16,20 : 31.38"
"16,21 : 60.9"
"16,22 : 71.45"
"16,23 : 38.95"
"16,24 : 23.54"
"16,25 : 42.95"
"16,26 : 56.73"
"16,27 : 55.01"
"16,28 : 60.01"
"16,29 : 24.21"
"16,30 : 37.58"
"16,31 : 26.4"
"16,32 : 27.66"
"16,33 : 29.97"
"16,34 : 32.98"
"16,35 : 40.31"
"16,36 : 47.85"
"16,37 : 29.41"
"16,38 : 44.72"
"16,39 : 38.95"
"16,40 : 85.91"
"16,41 : 42.38"
"16,42 : 48.76"
"16,43 : 44.6"
"16,44 : 38.28"
"16,45 : 39.12"
"16,46 : 61.85"
"16,47 : 72.07"
"16,48 : 28.16"
"16,49 : 39.7"
"16,50 : 57.01"
"16,51 : 33.24"
"16,52 : 44.41"
"16,53 : 37.59"
"16,54 : 19.7"
"16,55 : 49.58"
"16,56 : 35.51"
"16,57 : 40.71"
"16,58 : 59.67"
"16,59 : 49.24"
"16,60 : 44.05"
"16,61 : 31.3"
"16,62 : 9.22"
"16,63 : 58.69"
"16,64 : 49.65"
"16,65 : 38.9"
"16,66 : 48.33"
"16,67 : 61.4"
"16,68 : 24.04"
"16,69 : 71.4"
"16,70 : 70.77"
"16,71 : 47.51"
"16,72 : 24.52"
"16,73 : 64.2"
"16,74 : 39.32"
"16,75 : 59.2"
"16,76 : 55.47"
"16,77 : 61.74"
"16,78 : 42.01"
"16,79 : 43.97"
"16,80 : 34.53"
"16,81 : 13.45"
"16,82 : 50.54"
"16,83 : 36.12"
"16,84 : 42.43"
"16,85 : 46.49"
"16,86 : 39.05"
"16,87 : 18.44"
"16,88 : 34.48"
"16,89 : 51.04"
"16,90 : 32.2"
"16,91 : 44.6"
"16,92 : 46.01"
"16,93 : 65.0"
"16,94 : 62.43"
"16,95 : 20.1"
"16,96 : 38.01"
"16,97 : 37.36"
"16,98 : 4.24"
"16,99 : 57.2"
"17,0 : 32.76"
"17,1 : 20.25"
"17,2 : 53.6"
"17,3 : 76.79"
"17,4 : 36.01"
"17,5 : 3.61"
"17,6 : 27.86"
"17,7 : 86.31"
"17,8 : 11.4"
"17,9 : 77.52"
"17,10 : 16.55"
"17,11 : 74.73"
"17,12 : 39.66"
"17,13 : 20.62"
"17,14 : 70.8"
"17,15 : 38.0"
"17,16 : 33.73"
"17,17 : 0.0"
"17,18 : 65.46"
"17,19 : 44.78"
"17,20 : 6.4"
"17,21 : 46.1"
"17,22 : 46.1"
"17,23 : 64.85"
"17,24 : 57.27"
"17,25 : 42.44"
"17,26 : 31.62"
"17,27 : 23.41"
"17,28 : 62.97"
"17,29 : 31.62"
"17,30 : 9.06"
"17,31 : 22.02"
"17,32 : 20.52"
"17,33 : 50.16"
"17,34 : 65.01"
"17,35 : 34.48"
"17,36 : 64.9"
"17,37 : 16.76"
"17,38 : 74.15"
"17,39 : 69.12"
"17,40 : 62.97"
"17,41 : 75.96"
"17,42 : 60.96"
"17,43 : 74.63"
"17,44 : 71.84"
"17,45 : 67.47"
"17,46 : 35.34"
"17,47 : 88.09"
"17,48 : 36.62"
"17,49 : 63.32"
"17,50 : 59.36"
"17,51 : 64.41"
"17,52 : 65.74"
"17,53 : 30.02"
"17,54 : 21.21"
"17,55 : 80.62"
"17,56 : 38.9"
"17,57 : 59.54"
"17,58 : 54.42"
"17,59 : 82.08"
"17,60 : 35.01"
"17,61 : 58.6"
"17,62 : 42.06"
"17,63 : 35.9"
"17,64 : 19.42"
"17,65 : 20.62"
"17,66 : 78.09"
"17,67 : 81.63"
"17,68 : 17.2"
"17,69 : 50.99"
"17,70 : 45.19"
"17,71 : 24.19"
"17,72 : 49.04"
"17,73 : 36.72"
"17,74 : 13.42"
"17,75 : 70.01"
"17,76 : 36.67"
"17,77 : 40.22"
"17,78 : 48.8"
"17,79 : 40.31"
"17,80 : 68.25"
"17,81 : 28.02"
"17,82 : 67.68"
"17,83 : 60.41"
"17,84 : 67.07"
"17,85 : 77.41"
"17,86 : 62.39"
"17,87 : 47.27"
"17,88 : 10.44"
"17,89 : 78.16"
"17,90 : 35.85"
"17,91 : 75.43"
"17,92 : 69.46"
"17,93 : 34.71"
"17,94 : 46.0"
"17,95 : 53.76"
"17,96 : 66.85"
"17,97 : 71.06"
"17,98 : 31.62"
"17,99 : 43.01"
"18,0 : 45.54"
"18,1 : 68.01"
"18,2 : 81.15"
"18,3 : 34.93"
"18,4 : 84.96"
"18,5 : 67.72"
"18,6 : 72.17"
"18,7 : 38.01"
"18,8 : 54.08"
"18,9 : 19.21"
"18,10 : 78.26"
"18,11 : 38.6"
"18,12 : 84.85"
"18,13 : 80.62"
"18,14 : 41.18"
"18,15 : 85.59"
"18,16 : 40.31"
"18,17 : 65.46"
"18,18 : 0.0"
"18,19 : 82.46"
"18,20 : 60.17"
"18,21 : 64.08"
"18,22 : 83.68"
"18,23 : 2.0"
"18,24 : 33.54"
"18,25 : 40.5"
"18,26 : 72.56"
"18,27 : 88.87"
"18,28 : 42.52"
"18,29 : 64.38"
"18,30 : 64.13"
"18,31 : 45.54"
"18,32 : 47.52"
"18,33 : 16.03"
"18,34 : 20.22"
"18,35 : 45.89"
"18,36 : 17.0"
"18,37 : 67.96"
"18,38 : 13.6"
"18,39 : 57.08"
"18,40 : 92.2"
"18,41 : 43.42"
"18,42 : 24.84"
"18,43 : 61.01"
"18,44 : 41.59"
"18,45 : 8.06"
"18,46 : 77.78"
"18,47 : 35.51"
"18,48 : 32.0"
"18,49 : 3.61"
"18,50 : 41.73"
"18,51 : 51.24"
"18,52 : 8.54"
"18,53 : 47.27"
"18,54 : 59.2"
"18,55 : 61.52"
"18,56 : 35.69"
"18,57 : 12.81"
"18,58 : 52.43"
"18,59 : 53.85"
"18,60 : 84.29"
"18,61 : 57.97"
"18,62 : 40.5"
"18,63 : 71.39"
"18,64 : 73.17"
"18,65 : 57.01"
"18,66 : 17.0"
"18,67 : 22.47"
"18,68 : 62.68"
"18,69 : 77.62"
"18,70 : 83.43"
"18,71 : 65.07"
"18,72 : 57.27"
"18,73 : 80.75"
"18,74 : 75.58"
"18,75 : 31.78"
"18,76 : 94.87"
"18,77 : 100.7"
"18,78 : 31.3"
"18,79 : 44.27"
"18,80 : 34.37"
"18,81 : 53.76"
"18,82 : 18.03"
"18,83 : 5.1"
"18,84 : 2.24"
"18,85 : 19.85"
"18,86 : 4.47"
"18,87 : 21.93"
"18,88 : 60.02"
"18,89 : 13.04"
"18,90 : 72.25"
"18,91 : 18.38"
"18,92 : 6.32"
"18,93 : 85.15"
"18,94 : 66.85"
"18,95 : 31.32"
"18,96 : 59.41"
"18,97 : 38.64"
"18,98 : 44.55"
"18,99 : 97.31"
"19,0 : 37.34"
"19,1 : 65.0"
"19,2 : 12.08"
"19,3 : 107.42"
"19,4 : 78.85"
"19,5 : 41.79"
"19,6 : 17.0"
"19,7 : 82.98"
"19,8 : 47.8"
"19,9 : 100.24"
"19,10 : 34.13"
"19,11 : 107.38"
"19,12 : 8.94"
"19,13 : 60.83"
"19,14 : 62.1"
"19,15 : 81.02"
"19,16 : 70.04"
"19,17 : 44.78"
"19,18 : 82.46"
"19,19 : 0.0"
"19,20 : 42.19"
"19,21 : 21.59"
"19,22 : 1.41"
"19,23 : 82.97"
"19,24 : 91.02"
"19,25 : 42.43"
"19,26 : 13.6"
"19,27 : 49.16"
"19,28 : 53.37"
"19,29 : 76.06"
"19,30 : 36.24"
"19,31 : 44.2"
"19,32 : 42.64"
"19,33 : 67.36"
"19,34 : 92.14"
"19,35 : 36.69"
"19,36 : 72.17"
"19,37 : 61.47"
"19,38 : 95.21"
"19,39 : 108.89"
"19,40 : 18.44"
"19,41 : 110.11"
"19,42 : 64.01"
"19,43 : 114.55"
"19,44 : 106.25"
"19,45 : 88.23"
"19,46 : 9.49"
"19,47 : 87.3"
"19,48 : 52.0"
"19,49 : 79.08"
"19,50 : 50.8"
"19,51 : 103.28"
"19,52 : 77.93"
"19,53 : 36.25"
"19,54 : 65.0"
"19,55 : 119.6"
"19,56 : 46.84"
"19,57 : 71.02"
"19,58 : 38.33"
"19,59 : 118.41"
"19,60 : 77.88"
"19,61 : 100.0"
"19,62 : 79.25"
"19,63 : 11.66"
"19,64 : 25.96"
"19,65 : 31.14"
"19,66 : 99.04"
"19,67 : 88.01"
"19,68 : 61.72"
"19,69 : 12.04"
"19,70 : 1.0"
"19,71 : 22.67"
"19,72 : 91.21"
"19,73 : 9.0"
"19,74 : 54.34"
"19,75 : 67.6"
"19,76 : 74.03"
"19,77 : 74.17"
"19,78 : 52.35"
"19,79 : 38.47"
"19,80 : 100.7"
"19,81 : 70.21"
"19,82 : 74.06"
"19,83 : 77.88"
"19,84 : 82.98"
"19,85 : 100.57"
"19,86 : 78.1"
"19,87 : 74.3"
"19,88 : 37.44"
"19,89 : 94.92"
"19,90 : 80.62"
"19,91 : 98.68"
"19,92 : 83.19"
"19,93 : 15.81"
"19,94 : 18.68"
"19,95 : 86.84"
"19,96 : 107.56"
"19,97 : 104.56"
"19,98 : 70.04"
"19,99 : 82.15"
"20,0 : 26.42"
"20,1 : 24.19"
"20,2 : 49.98"
"20,3 : 73.76"
"20,4 : 41.3"
"20,5 : 7.62"
"20,6 : 25.24"
"20,7 : 79.98"
"20,8 : 7.28"
"20,9 : 73.11"
"20,10 : 19.1"
"20,11 : 72.12"
"20,12 : 38.21"
"20,13 : 26.83"
"20,14 : 64.4"
"20,15 : 43.19"
"20,16 : 31.38"
"20,17 : 6.4"
"20,18 : 60.17"
"20,19 : 42.19"
"20,20 : 0.0"
"20,21 : 41.01"
"20,22 : 43.57"
"20,23 : 59.67"
"20,24 : 54.71"
"20,25 : 36.06"
"20,26 : 28.65"
"20,27 : 29.07"
"20,28 : 56.6"
"20,29 : 34.01"
"20,30 : 6.4"
"20,31 : 15.81"
"20,32 : 14.21"
"20,33 : 44.6"
"20,34 : 61.13"
"20,35 : 28.18"
"20,36 : 58.83"
"20,37 : 21.02"
"20,38 : 69.46"
"20,39 : 68.6"
"20,40 : 59.93"
"20,41 : 73.74"
"20,42 : 54.67"
"20,43 : 74.2"
"20,44 : 69.64"
"20,45 : 62.65"
"20,46 : 33.02"
"20,47 : 81.84"
"20,48 : 30.53"
"20,49 : 57.87"
"20,50 : 53.0"
"20,51 : 63.51"
"20,52 : 60.01"
"20,53 : 23.71"
"20,54 : 22.83"
"20,55 : 79.88"
"20,56 : 32.53"
"20,57 : 53.67"
"20,58 : 48.38"
"20,59 : 80.5"
"20,60 : 40.31"
"20,61 : 58.73"
"20,62 : 40.25"
"20,63 : 32.31"
"20,64 : 18.6"
"20,65 : 15.03"
"20,66 : 73.44"
"20,67 : 75.66"
"20,68 : 19.92"
"20,69 : 47.13"
"20,70 : 42.72"
"20,71 : 20.25"
"20,72 : 49.52"
"20,73 : 34.83"
"20,74 : 19.72"
"20,75 : 63.64"
"20,76 : 42.94"
"20,77 : 46.62"
"20,78 : 42.43"
"20,79 : 34.0"
"20,80 : 65.52"
"20,81 : 28.32"
"20,82 : 61.59"
"20,83 : 55.08"
"20,84 : 61.68"
"20,85 : 73.06"
"20,86 : 56.92"
"20,87 : 43.0"
"20,88 : 5.1"
"20,89 : 73.01"
"20,90 : 39.29"
"20,91 : 71.06"
"20,92 : 63.91"
"20,93 : 34.21"
"20,94 : 41.19"
"20,95 : 50.96"
"20,96 : 66.71"
"20,97 : 68.62"
"20,98 : 30.02"
"20,99 : 49.04"
"21,0 : 22.8"
"21,1 : 65.12"
"21,2 : 17.09"
"21,3 : 92.62"
"21,4 : 82.1"
"21,5 : 44.41"
"21,6 : 23.85"
"21,7 : 61.39"
"21,8 : 43.74"
"21,9 : 82.73"
"21,10 : 42.95"
"21,11 : 93.51"
"21,12 : 28.18"
"21,13 : 65.92"
"21,14 : 40.52"
"21,15 : 84.05"
"21,16 : 60.9"
"21,17 : 46.1"
"21,18 : 64.08"
"21,19 : 21.59"
"21,20 : 41.01"
"21,21 : 0.0"
"21,22 : 22.36"
"21,23 : 64.88"
"21,24 : 78.57"
"21,25 : 23.71"
"21,26 : 20.62"
"21,27 : 59.51"
"21,28 : 31.78"
"21,29 : 73.55"
"21,30 : 37.22"
"21,31 : 34.93"
"21,32 : 34.18"
"21,33 : 50.25"
"21,34 : 76.61"
"21,35 : 21.26"
"21,36 : 51.97"
"21,37 : 62.03"
"21,38 : 77.39"
"21,39 : 99.3"
"21,40 : 28.18"
"21,41 : 96.9"
"21,42 : 43.42"
"21,43 : 104.86"
"21,44 : 93.34"
"21,45 : 70.66"
"21,46 : 22.8"
"21,47 : 65.76"
"21,48 : 36.8"
"21,49 : 60.54"
"21,50 : 29.27"
"21,51 : 93.23"
"21,52 : 58.52"
"21,53 : 23.32"
"21,54 : 62.17"
"21,55 : 109.02"
"21,56 : 30.0"
"21,57 : 51.87"
"21,58 : 16.76"
"21,59 : 106.1"
"21,60 : 81.1"
"21,61 : 92.18"
"21,62 : 69.64"
"21,63 : 15.56"
"21,64 : 33.11"
"21,65 : 26.08"
"21,66 : 81.02"
"21,67 : 67.12"
"21,68 : 60.41"
"21,69 : 13.6"
"21,70 : 22.56"
"21,71 : 22.8"
"21,72 : 84.58"
"21,73 : 25.24"
"21,74 : 58.69"
"21,75 : 46.17"
"21,76 : 81.25"
"21,77 : 83.17"
"21,78 : 32.89"
"21,79 : 20.25"
"21,80 : 87.05"
"21,81 : 65.15"
"21,82 : 53.6"
"21,83 : 59.93"
"21,84 : 64.26"
"21,85 : 83.19"
"21,86 : 59.62"
"21,87 : 60.14"
"21,88 : 36.0"
"21,89 : 75.89"
"21,90 : 79.76"
"21,91 : 81.41"
"21,92 : 63.89"
"21,93 : 32.8"
"21,94 : 3.0"
"21,95 : 74.33"
"21,96 : 98.79"
"21,97 : 91.24"
"21,98 : 62.17"
"21,99 : 88.46"
"22,0 : 38.63"
"22,1 : 66.31"
"22,2 : 11.66"
"22,3 : 108.78"
"22,4 : 80.05"
"22,5 : 43.08"
"22,6 : 18.36"
"22,7 : 83.74"
"22,8 : 49.2"
"22,9 : 101.51"
"22,10 : 35.23"
"22,11 : 108.76"
"22,12 : 9.49"
"22,13 : 61.98"
"22,14 : 62.82"
"22,15 : 82.23"
"22,16 : 71.45"
"22,17 : 46.1"
"22,18 : 83.68"
"22,19 : 1.41"
"22,20 : 43.57"
"22,21 : 22.36"
"22,22 : 0.0"
"22,23 : 84.2"
"22,24 : 92.42"
"22,25 : 43.57"
"22,26 : 15.0"
"22,27 : 50.09"
"22,28 : 54.13"
"22,29 : 77.41"
"22,30 : 37.59"
"22,31 : 45.61"
"22,32 : 44.05"
"22,33 : 68.62"
"22,34 : 93.47"
"22,35 : 37.95"
"22,36 : 73.25"
"22,37 : 62.77"
"22,38 : 96.46"
"22,39 : 110.31"
"22,40 : 17.26"
"22,41 : 111.5"
"22,42 : 65.03"
"22,43 : 115.97"
"22,44 : 107.65"
"22,45 : 89.49"
"22,46 : 10.77"
"22,47 : 88.12"
"22,48 : 53.31"
"22,49 : 80.28"
"22,50 : 51.62"
"22,51 : 104.69"
"22,52 : 79.08"
"22,53 : 37.58"
"22,54 : 66.37"
"22,55 : 121.02"
"22,56 : 48.08"
"22,57 : 72.18"
"22,58 : 39.05"
"22,59 : 119.81"
"22,60 : 79.08"
"22,61 : 101.41"
"22,62 : 80.66"
"22,63 : 13.04"
"22,64 : 27.2"
"22,65 : 32.56"
"22,66 : 100.28"
"22,67 : 89.0"
"22,68 : 63.06"
"22,69 : 12.04"
"22,70 : 1.0"
"22,71 : 24.08"
"22,72 : 92.62"
"22,73 : 10.05"
"22,74 : 55.54"
"22,75 : 68.47"
"22,76 : 75.06"
"22,77 : 75.11"
"22,78 : 53.46"
"22,79 : 39.62"
"22,80 : 102.08"
"22,81 : 71.61"
"22,82 : 75.11"
"22,83 : 79.12"
"22,84 : 84.17"
"22,85 : 101.84"
"22,86 : 79.31"
"22,87 : 75.66"
"22,88 : 38.83"
"22,89 : 96.1"
"22,90 : 81.94"
"22,91 : 99.96"
"22,92 : 84.34"
"22,93 : 16.49"
"22,94 : 19.42"
"22,95 : 88.23"
"22,96 : 108.98"
"22,97 : 105.95"
"22,98 : 71.45"
"22,99 : 83.22"
"23,0 : 45.89"
"23,1 : 66.85"
"23,2 : 81.94"
"23,3 : 33.11"
"23,4 : 83.63"
"23,5 : 67.19"
"23,6 : 72.34"
"23,7 : 40.01"
"23,8 : 53.45"
"23,9 : 18.03"
"23,10 : 77.93"
"23,11 : 36.69"
"23,12 : 85.16"
"23,13 : 79.65"
"23,14 : 42.94"
"23,15 : 84.22"
"23,16 : 38.95"
"23,17 : 64.85"
"23,18 : 2.0"
"23,19 : 82.97"
"23,20 : 59.67"
"23,21 : 64.88"
"23,22 : 84.2"
"23,23 : 0.0"
"23,24 : 31.58"
"23,25 : 41.23"
"23,26 : 72.84"
"23,27 : 88.23"
"23,28 : 44.05"
"23,29 : 62.94"
"23,30 : 63.79"
"23,31 : 45.28"
"23,32 : 47.27"
"23,33 : 16.03"
"23,34 : 18.25"
"23,35 : 46.32"
"23,36 : 18.79"
"23,37 : 66.89"
"23,38 : 12.53"
"23,39 : 55.08"
"23,40 : 93.04"
"23,41 : 41.48"
"23,42 : 26.4"
"23,43 : 59.01"
"23,44 : 39.62"
"23,45 : 6.4"
"23,46 : 78.09"
"23,47 : 37.48"
"23,48 : 32.06"
"23,49 : 5.0"
"23,50 : 43.14"
"23,51 : 49.25"
"23,52 : 10.44"
"23,53 : 47.52"
"23,54 : 58.01"
"23,55 : 59.54"
"23,56 : 36.14"
"23,57 : 14.14"
"23,58 : 53.6"
"23,59 : 51.92"
"23,60 : 82.98"
"23,61 : 56.04"
"23,62 : 38.83"
"23,63 : 71.81"
"23,64 : 73.06"
"23,65 : 57.01"
"23,66 : 16.16"
"23,67 : 24.35"
"23,68 : 61.59"
"23,69 : 78.39"
"23,70 : 83.93"
"23,71 : 65.19"
"23,72 : 55.46"
"23,73 : 81.05"
"23,74 : 74.73"
"23,75 : 33.62"
"23,76 : 93.74"
"23,77 : 99.64"
"23,78 : 32.25"
"23,79 : 44.94"
"23,80 : 32.39"
"23,81 : 52.4"
"23,82 : 19.92"
"23,83 : 5.1"
"23,84 : 4.12"
"23,85 : 18.6"
"23,86 : 5.66"
"23,87 : 20.52"
"23,88 : 59.68"
"23,89 : 13.34"
"23,90 : 70.77"
"23,91 : 17.03"
"23,92 : 8.25"
"23,93 : 85.29"
"23,94 : 67.62"
"23,95 : 29.41"
"23,96 : 57.43"
"23,97 : 36.67"
"23,98 : 43.19"
"23,99 : 96.05"
"24,0 : 55.87"
"24,1 : 49.5"
"24,2 : 94.11"
"24,3 : 20.02"
"24,4 : 61.85"
"24,5 : 60.64"
"24,6 : 76.16"
"24,7 : 71.34"
"24,8 : 47.43"
"24,9 : 29.7"
"24,10 : 73.5"
"24,11 : 17.46"
"24,12 : 90.05"
"24,13 : 64.38"
"24,14 : 70.41"
"24,15 : 61.74"
"24,16 : 23.54"
"24,17 : 57.27"
"24,18 : 33.54"
"24,19 : 91.02"
"24,20 : 54.71"
"24,21 : 78.57"
"24,22 : 92.42"
"24,23 : 31.58"
"24,24 : 0.0"
"24,25 : 56.86"
"24,26 : 78.23"
"24,27 : 78.1"
"24,28 : 68.62"
"24,29 : 40.5"
"24,30 : 60.75"
"24,31 : 46.87"
"24,32 : 48.55"
"24,33 : 33.53"
"24,34 : 15.81"
"24,35 : 57.31"
"24,36 : 48.04"
"24,37 : 51.16"
"24,38 : 30.23"
"24,39 : 24.19"
"24,40 : 105.48"
"24,41 : 19.24"
"24,42 : 52.95"
"24,43 : 28.86"
"24,44 : 15.26"
"24,45 : 27.86"
"24,46 : 83.53"
"24,47 : 69.05"
"24,48 : 42.01"
"24,49 : 35.13"
"24,50 : 66.48"
"24,51 : 18.03"
"24,52 : 41.11"
"24,53 : 55.9"
"24,54 : 41.11"
"24,55 : 31.3"
"24,56 : 49.41"
"24,57 : 41.19"
"24,58 : 73.06"
"24,59 : 27.59"
"24,60 : 61.47"
"24,61 : 24.7"
"24,62 : 16.03"
"24,63 : 79.4"
"24,64 : 72.62"
"24,65 : 60.21"
"24,66 : 32.65"
"24,67 : 55.79"
"24,68 : 46.04"
"24,69 : 90.55"
"24,70 : 91.84"
"24,71 : 69.12"
"24,72 : 26.17"
"24,73 : 86.09"
"24,74 : 62.0"
"24,75 : 62.39"
"24,76 : 75.0"
"24,77 : 81.74"
"24,78 : 51.89"
"24,79 : 59.2"
"24,80 : 11.05"
"24,81 : 33.24"
"24,82 : 50.0"
"24,83 : 32.02"
"24,84 : 35.69"
"24,85 : 29.0"
"24,86 : 35.06"
"24,87 : 19.24"
"24,88 : 57.38"
"24,89 : 38.95"
"24,90 : 46.96"
"24,91 : 27.59"
"24,92 : 39.81"
"24,93 : 87.66"
"24,94 : 80.62"
"24,95 : 4.24"
"24,96 : 26.02"
"24,97 : 13.93"
"24,98 : 26.08"
"24,99 : 74.85"
"25,0 : 9.9"
"25,1 : 56.61"
"25,2 : 40.72"
"25,3 : 69.43"
"25,4 : 75.27"
"25,5 : 42.64"
"25,6 : 35.17"
"25,7 : 45.79"
"25,8 : 34.54"
"25,9 : 59.03"
"25,10 : 48.01"
"25,11 : 70.72"
"25,12 : 46.04"
"25,13 : 62.77"
"25,14 : 28.43"
"25,15 : 76.84"
"25,16 : 42.95"
"25,17 : 42.44"
"25,18 : 40.5"
"25,19 : 42.43"
"25,20 : 36.06"
"25,21 : 23.71"
"25,22 : 43.57"
"25,23 : 41.23"
"25,24 : 56.86"
"25,25 : 0.0"
"25,26 : 34.37"
"25,27 : 62.97"
"25,28 : 20.59"
"25,29 : 61.29"
"25,30 : 36.07"
"25,31 : 22.14"
"25,32 : 22.85"
"25,33 : 26.63"
"25,34 : 53.26"
"25,35 : 8.6"
"25,36 : 30.02"
"25,37 : 54.42"
"25,38 : 53.71"
"25,39 : 79.16"
"25,40 : 51.88"
"25,41 : 74.41"
"25,42 : 22.56"
"25,43 : 84.53"
"25,44 : 71.06"
"25,45 : 46.96"
"25,46 : 39.12"
"25,47 : 48.75"
"25,48 : 15.23"
"25,49 : 37.0"
"25,50 : 17.0"
"25,51 : 72.9"
"25,52 : 35.51"
"25,53 : 12.73"
"25,54 : 50.8"
"25,55 : 87.98"
"25,56 : 7.62"
"25,57 : 28.64"
"25,58 : 16.76"
"25,59 : 84.02"
"25,60 : 74.33"
"25,61 : 73.68"
"25,62 : 50.6"
"25,63 : 32.0"
