x,y
7,28
64,95
41,32
84,86
75,85
91,86
30,23
69,35
21,55
69,18
53,91
4,36
30,20
36,60
16,95
54,71
75,21
81,46
15,82
78,98
6,34
17,97
41,81
63,23
53,29
15,63
73,72
29,40
5,77
81,27
58,81
75,93
30,22
30,42
55,99
60,72
58,13
57,59
71,51
22,38
100,65
76,69
61,95
81,6
13,27
35,15
34,8
62,33
47,12
24,77
95,86
24,57
44,24
44,4
54,30
10,53
21,67
59,24
25,71
34,66
79,64
72,21
72,40
1,81
81,49
81,2
58,34
26,93
40,88
74,25
9,9
90,18
96,63
10,38
47,68
22,76
2,55
66,81
89,86
12,83
72,85
63,38
13,81
40,99
72,89
50,60
80,47
19,24
88,68
46,87
84,51
39,44
74,100
7,14
52,22
72,88
32,60
71,60
87,94
44,50

Distanze
"0,0 : 0.0"
"0,1 : 87.97"
"0,2 : 34.23"
"0,3 : 96.4"
"0,4 : 88.73"
"0,5 : 102.08"
"0,6 : 23.54"
"0,7 : 62.39"
"0,8 : 30.41"
"0,9 : 62.8"
"0,10 : 78.01"
"0,11 : 8.54"
"0,12 : 24.35"
"0,13 : 43.19"
"0,14 : 67.6"
"0,15 : 63.7"
"0,16 : 68.36"
"0,17 : 76.16"
"0,18 : 54.59"
"0,19 : 99.7"
"0,20 : 6.08"
"0,21 : 69.72"
"0,22 : 62.97"
"0,23 : 56.22"
"0,24 : 46.01"
"0,25 : 35.9"
"0,26 : 79.32"
"0,27 : 25.06"
"0,28 : 49.04"
"0,29 : 74.01"
"0,30 : 73.55"
"0,31 : 94.07"
"0,32 : 23.77"
"0,33 : 26.93"
"0,34 : 85.7"
"0,35 : 68.88"
"0,36 : 53.16"
"0,37 : 58.83"
"0,38 : 68.01"
"0,39 : 18.03"
"0,40 : 100.09"
"0,41 : 80.26"
"0,42 : 86.05"
"0,43 : 77.2"
"0,44 : 6.08"
"0,45 : 30.87"
"0,46 : 33.6"
"0,47 : 55.23"
"0,48 : 43.08"
"0,49 : 51.87"
"0,50 : 105.39"
"0,51 : 33.62"
"0,52 : 37.22"
"0,53 : 44.1"
"0,54 : 47.04"
"0,55 : 25.18"
"0,56 : 41.44"
"0,57 : 52.15"
"0,58 : 46.62"
"0,59 : 46.62"
"0,60 : 80.5"
"0,61 : 65.38"
"0,62 : 66.1"
"0,63 : 53.34"
"0,64 : 76.92"
"0,65 : 78.43"
"0,66 : 51.35"
"0,67 : 67.72"
"0,68 : 68.48"
"0,69 : 67.07"
"0,70 : 19.1"
"0,71 : 83.6"
"0,72 : 95.63"
"0,73 : 10.44"
"0,74 : 56.57"
"0,75 : 50.29"
"0,76 : 27.46"
"0,77 : 79.31"
"0,78 : 100.44"
"0,79 : 55.23"
"0,80 : 86.45"
"0,81 : 56.89"
"0,82 : 53.34"
"0,83 : 78.29"
"0,84 : 89.14"
"0,85 : 53.6"
"0,86 : 75.43"
"0,87 : 12.65"
"0,88 : 90.34"
"0,89 : 70.72"
"0,90 : 80.36"
"0,91 : 35.78"
"0,92 : 98.35"
"0,93 : 14.0"
"0,94 : 45.4"
"0,95 : 88.46"
"0,96 : 40.61"
"0,97 : 71.55"
"0,98 : 103.71"
"0,99 : 43.05"
"1,0 : 87.97"
"1,1 : 0.0"
"1,2 : 67.07"
"1,3 : 21.93"
"1,4 : 14.87"
"1,5 : 28.46"
"1,6 : 79.62"
"1,7 : 60.21"
"1,8 : 58.73"
"1,9 : 77.16"
"1,10 : 11.7"
"1,11 : 84.15"
"1,12 : 82.35"
"1,13 : 44.82"
"1,14 : 48.0"
"1,15 : 26.0"
"1,16 : 74.81"
"1,17 : 51.87"
"1,18 : 50.7"
"1,19 : 14.32"
"1,20 : 84.17"
"1,21 : 47.04"
"1,22 : 26.93"
"1,23 : 72.01"
"1,24 : 66.91"
"1,25 : 58.52"
"1,26 : 24.7"
"1,27 : 65.19"
"1,28 : 61.68"
"1,29 : 70.09"
"1,30 : 15.23"
"1,31 : 11.18"
"1,32 : 80.53"
"1,33 : 62.97"
"1,34 : 9.85"
"1,35 : 23.35"
"1,36 : 82.22"
"1,37 : 36.67"
"1,38 : 44.55"
"1,39 : 70.8"
"1,40 : 46.86"
"1,41 : 28.64"
"1,42 : 3.0"
"1,43 : 90.61"
"1,44 : 85.0"
"1,45 : 85.09"
"1,46 : 92.03"
"1,47 : 62.03"
"1,48 : 84.72"
"1,49 : 43.86"
"1,50 : 32.28"
"1,51 : 55.17"
"1,52 : 73.76"
"1,53 : 93.17"
"1,54 : 65.76"
"1,55 : 68.41"
"1,56 : 51.31"
"1,57 : 71.18"
"1,58 : 45.79"
"1,59 : 41.73"
"1,60 : 34.44"
"1,61 : 74.43"
"1,62 : 55.58"
"1,63 : 64.54"
"1,64 : 49.04"
"1,65 : 94.54"
"1,66 : 61.29"
"1,67 : 38.05"
"1,68 : 25.0"
"1,69 : 70.71"
"1,70 : 102.08"
"1,71 : 81.27"
"1,72 : 45.25"
"1,73 : 78.52"
"1,74 : 31.91"
"1,75 : 46.1"
"1,76 : 73.78"
"1,77 : 14.14"
"1,78 : 26.57"
"1,79 : 53.37"
"1,80 : 12.81"
"1,81 : 57.01"
"1,82 : 52.89"
"1,83 : 24.33"
"1,84 : 10.0"
"1,85 : 37.7"
"1,86 : 50.6"
"1,87 : 84.06"
"1,88 : 36.12"
"1,89 : 19.7"
"1,90 : 48.33"
"1,91 : 56.8"
"1,92 : 11.18"
"1,93 : 99.05"
"1,94 : 73.98"
"1,95 : 10.63"
"1,96 : 47.42"
"1,97 : 35.69"
"1,98 : 23.02"
"1,99 : 49.24"
"2,0 : 34.23"
"2,1 : 67.07"
"2,2 : 0.0"
"2,3 : 69.03"
"2,4 : 62.97"
"2,5 : 73.59"
"2,6 : 14.21"
"2,7 : 28.16"
"2,8 : 30.48"
"2,9 : 31.3"
"2,10 : 60.21"
"2,11 : 37.22"
"2,12 : 16.28"
"2,13 : 28.44"
"2,14 : 67.78"
"2,15 : 41.11"
"2,16 : 35.74"
"2,17 : 42.38"
"2,18 : 56.36"
"2,19 : 75.66"
"2,20 : 35.06"
"2,21 : 69.29"
"2,22 : 49.0"
"2,23 : 23.77"
"2,24 : 12.37"
"2,25 : 40.46"
"2,26 : 51.22"
"2,27 : 14.42"
"2,28 : 57.63"
"2,29 : 40.31"
"2,30 : 51.87"
"2,31 : 69.84"
"2,32 : 14.87"
"2,33 : 14.87"
"2,34 : 68.45"
"2,35 : 44.28"
"2,36 : 25.5"
"2,37 : 31.38"
"2,38 : 35.51"
"2,39 : 19.92"
"2,40 : 67.6"
"2,41 : 50.93"
"2,42 : 66.1"
"2,43 : 47.71"
"2,44 : 28.44"
"2,45 : 18.03"
"2,46 : 25.0"
"2,47 : 21.02"
"2,48 : 20.88"
"2,49 : 48.1"
"2,50 : 76.37"
"2,51 : 30.23"
"2,52 : 8.54"
"2,53 : 28.16"
"2,54 : 13.15"
"2,55 : 37.44"
"2,56 : 40.31"
"2,57 : 19.7"
"2,58 : 42.15"
"2,59 : 34.71"
"2,60 : 49.68"
"2,61 : 32.89"
"2,62 : 32.02"
"2,63 : 63.25"
"2,64 : 43.46"
"2,65 : 50.0"
"2,66 : 17.12"
"2,67 : 62.82"
"2,68 : 56.01"
"2,69 : 33.73"
"2,70 : 39.41"
"2,71 : 50.96"
"2,72 : 63.13"
"2,73 : 31.58"
"2,74 : 36.5"
"2,75 : 47.93"
"2,76 : 45.28"
"2,77 : 55.01"
"2,78 : 72.25"
"2,79 : 58.67"
"2,80 : 61.4"
"2,81 : 22.8"
"2,82 : 56.44"
"2,83 : 67.01"
"2,84 : 64.88"
"2,85 : 29.41"
"2,86 : 41.79"
"2,87 : 23.41"
"2,88 : 59.2"
"2,89 : 55.23"
"2,90 : 47.01"
"2,91 : 12.17"
"2,92 : 75.58"
"2,93 : 38.47"
"2,94 : 14.87"
"2,95 : 64.01"
"2,96 : 29.41"
"2,97 : 41.04"
"2,98 : 77.2"
"2,99 : 18.25"
"3,0 : 96.4"
"3,1 : 21.93"
"3,2 : 69.03"
"3,3 : 0.0"
"3,4 : 9.06"
"3,5 : 7.0"
"3,6 : 82.98"
"3,7 : 53.16"
"3,8 : 70.21"
"3,9 : 69.63"
"3,10 : 31.4"
"3,11 : 94.34"
"3,12 : 85.28"
"3,13 : 54.59"
"3,14 : 68.59"
"3,15 : 33.54"
"3,16 : 65.62"
"3,17 : 40.11"
"3,18 : 69.12"
"3,19 : 13.42"
"3,20 : 93.74"
"3,21 : 67.9"
"3,22 : 43.29"
"3,23 : 66.41"
"3,24 : 64.88"
"3,25 : 72.73"
"3,26 : 17.8"
"3,27 : 71.7"
"3,28 : 79.51"
"3,29 : 59.08"
"3,30 : 26.48"
"3,31 : 11.4"
"3,32 : 83.74"
"3,33 : 69.66"
"3,34 : 31.78"
"3,35 : 27.78"
"3,36 : 77.49"
"3,37 : 38.18"
"3,38 : 37.34"
"3,39 : 78.41"
"3,40 : 26.4"
"3,41 : 18.79"
"3,42 : 24.7"
"3,43 : 80.06"
"3,44 : 92.31"
"3,45 : 86.27"
"3,46 : 92.65"
"3,47 : 57.38"
"3,48 : 82.73"
"3,49 : 60.67"
"3,50 : 11.0"
"3,51 : 66.64"
"3,52 : 73.78"
"3,53 : 91.24"
"3,54 : 63.53"
"3,55 : 81.02"
"3,56 : 65.8"
"3,57 : 66.85"
"3,58 : 60.88"
"3,59 : 53.85"
"3,60 : 22.56"
"3,61 : 66.1"
"3,62 : 47.54"
"3,63 : 83.15"
"3,64 : 37.12"
"3,65 : 84.05"
"3,66 : 58.14"
"3,67 : 58.42"
"3,68 : 44.05"
"3,69 : 61.81"
"3,70 : 107.49"
"3,71 : 68.26"
"3,72 : 25.94"
"3,73 : 88.2"
"3,74 : 41.15"
"3,75 : 62.8"
"3,76 : 87.66"
"3,77 : 18.68"
"3,78 : 5.0"
"3,79 : 72.06"
"3,80 : 12.04"
"3,81 : 52.39"
"3,82 : 71.18"
"3,83 : 45.88"
"3,84 : 12.37"
"3,85 : 42.8"
"3,86 : 39.2"
"3,87 : 89.83"
"3,88 : 18.44"
"3,89 : 38.01"
"3,90 : 35.0"
"3,91 : 61.55"
"3,92 : 17.2"
"3,93 : 105.42"
"3,94 : 71.55"
"3,95 : 12.17"
"3,96 : 58.14"
"3,97 : 29.07"
"3,98 : 8.54"
"3,99 : 53.81"
"4,0 : 88.73"
"4,1 : 14.87"
"4,2 : 62.97"
"4,3 : 9.06"
"4,4 : 0.0"
"4,5 : 16.03"
"4,6 : 76.61"
"4,7 : 50.36"
"4,8 : 61.77"
"4,9 : 67.27"
"4,10 : 22.8"
"4,11 : 86.27"
"4,12 : 79.06"
"4,13 : 46.32"
"4,14 : 59.84"
"4,15 : 25.24"
"4,16 : 64.0"
"4,17 : 39.46"
"4,18 : 60.07"
"4,19 : 13.34"
"4,20 : 85.8"
"4,21 : 59.23"
"4,22 : 34.23"
"4,23 : 63.15"
"4,24 : 60.17"
"4,25 : 63.91"
"4,26 : 13.15"
"4,27 : 64.35"
"4,28 : 70.46"
"4,29 : 58.31"
"4,30 : 17.46"
"4,31 : 8.0"
"4,32 : 77.42"
"4,33 : 62.24"
"4,34 : 24.41"
"4,35 : 19.85"
"4,36 : 73.98"
"4,37 : 31.62"
"4,38 : 34.23"
"4,39 : 70.84"
"4,40 : 32.02"
"4,41 : 16.03"
"4,42 : 17.2"
"4,43 : 79.23"
"4,44 : 84.9"
"4,45 : 80.62"
"4,46 : 87.24"
"4,47 : 53.6"
"4,48 : 78.19"
"4,49 : 51.62"
"4,50 : 20.02"
"4,51 : 58.18"
"4,52 : 68.43"
"4,53 : 86.73"
"4,54 : 58.87"
"4,55 : 72.45"
"4,56 : 56.92"
"4,57 : 63.06"
"4,58 : 51.92"
"4,59 : 45.19"
"4,60 : 21.38"
"4,61 : 64.07"
"4,62 : 45.1"
"4,63 : 74.11"
"4,64 : 36.5"
"4,65 : 83.22"
"4,66 : 53.76"
"4,67 : 49.65"
"4,68 : 35.13"
"4,69 : 60.01"
"4,70 : 100.66"
"4,71 : 68.66"
"4,72 : 30.41"
"4,73 : 80.21"
"4,74 : 32.76"
"4,75 : 53.76"
"4,76 : 78.92"
"4,77 : 9.85"
"4,78 : 14.04"
"4,79 : 63.03"
"4,80 : 3.0"
"4,81 : 48.51"
"4,82 : 62.13"
"4,83 : 37.7"
"4,84 : 5.0"
"4,85 : 35.36"
"4,86 : 38.33"
"4,87 : 82.81"
"4,88 : 21.4"
"4,89 : 29.07"
"4,90 : 35.17"
"4,91 : 54.56"
"4,92 : 15.03"
"4,93 : 98.31"
"4,94 : 67.07"
"4,95 : 4.24"
"4,96 : 49.74"
"4,97 : 25.32"
"4,98 : 15.0"
"4,99 : 46.75"
"5,0 : 102.08"
"5,1 : 28.46"
"5,2 : 73.59"
"5,3 : 7.0"
"5,4 : 16.03"
"5,5 : 0.0"
"5,6 : 87.69"
"5,7 : 55.54"
"5,8 : 76.56"
"5,9 : 71.47"
"5,10 : 38.33"
"5,11 : 100.34"
"5,12 : 89.87"
"5,13 : 60.84"
"5,14 : 75.54"
"5,15 : 39.92"
"5,16 : 66.94"
"5,17 : 41.23"
"5,18 : 76.11"
"5,19 : 17.69"
"5,20 : 99.64"
"5,21 : 74.81"
"5,22 : 50.25"
"5,23 : 68.94"
"5,24 : 68.51"
"5,25 : 79.4"
"5,26 : 22.8"
"5,27 : 77.2"
"5,28 : 86.47"
"5,29 : 59.84"
"5,30 : 33.38"
"5,31 : 17.46"
"5,32 : 88.41"
"5,33 : 75.21"
"5,34 : 38.28"
"5,35 : 34.01"
"5,36 : 80.11"
"5,37 : 43.42"
"5,38 : 40.31"
"5,39 : 84.05"
"5,40 : 22.85"
"5,41 : 22.67"
"5,42 : 31.32"
"5,43 : 80.62"
"5,44 : 97.8"
"5,45 : 90.43"
"5,46 : 96.61"
"5,47 : 60.42"
"5,48 : 86.09"
"5,49 : 67.6"
"5,50 : 4.0"
"5,51 : 73.01"
"5,52 : 77.8"
"5,53 : 94.51"
"5,54 : 67.12"
"5,55 : 87.46"
"5,56 : 72.53"
"5,57 : 69.77"
"5,58 : 67.68"
"5,59 : 60.41"
"5,60 : 25.06"
"5,61 : 67.72"
"5,62 : 49.77"
"5,63 : 90.14"
"5,64 : 38.33"
"5,65 : 84.59"
"5,66 : 61.59"
"5,67 : 65.38"
"5,68 : 51.04"
"5,69 : 63.32"
"5,70 : 112.49"
"5,71 : 68.01"
"5,72 : 23.54"
"5,73 : 94.15"
"5,74 : 47.54"
"5,75 : 69.72"
"5,76 : 94.24"
"5,77 : 25.5"
"5,78 : 2.0"
"5,79 : 79.06"
"5,80 : 19.03"
"5,81 : 55.57"
"5,82 : 78.16"
"5,83 : 52.63"
"5,84 : 19.24"
"5,85 : 48.55"
"5,86 : 40.52"
"5,87 : 95.02"
"5,88 : 18.25"
"5,89 : 45.01"
"5,90 : 35.69"
"5,91 : 66.84"
"5,92 : 22.02"
"5,93 : 110.63"
"5,94 : 74.95"
"5,95 : 19.1"
"5,96 : 64.47"
"5,97 : 32.8"
"5,98 : 8.94"
"5,99 : 59.2"
"6,0 : 23.54"
"6,1 : 79.62"
"6,2 : 14.21"
"6,3 : 82.98"
"6,4 : 76.61"
"6,5 : 87.69"
"6,6 : 0.0"
"6,7 : 40.8"
"6,8 : 33.24"
"6,9 : 39.32"
"6,10 : 71.78"
"6,11 : 29.07"
"6,12 : 3.0"
"6,13 : 37.48"
"6,14 : 73.35"
"6,15 : 53.67"
"6,16 : 45.04"
"6,17 : 55.95"
"6,18 : 60.88"
"6,19 : 89.04"
"6,20 : 26.4"
"6,21 : 75.13"
"6,22 : 59.03"
"6,23 : 33.0"
"6,24 : 23.77"
"6,25 : 42.72"
"6,26 : 65.19"
"6,27 : 17.03"
"6,28 : 59.51"
"6,29 : 51.16"
"6,30 : 64.4"
"6,31 : 83.22"
"6,32 : 1.0"
"6,33 : 19.0"
"6,34 : 80.01"
"6,35 : 57.45"
"6,36 : 29.73"
"6,37 : 45.0"
"6,38 : 49.65"
"6,39 : 17.0"
"6,40 : 81.63"
"6,41 : 65.05"
"6,42 : 78.39"
"6,43 : 53.76"
"6,44 : 17.46"
"6,45 : 9.43"
"6,46 : 15.52"
"6,47 : 33.53"
"6,48 : 20.25"
"6,49 : 54.33"
"6,50 : 90.52"
"6,51 : 34.53"
"6,52 : 14.04"
"6,53 : 23.6"
"6,54 : 25.0"
"6,55 : 36.06"
"6,56 : 44.91"
"6,57 : 29.02"
"6,58 : 48.26"
"6,59 : 43.19"
"6,60 : 63.89"
"6,61 : 42.05"
"6,62 : 45.31"
"6,63 : 64.85"
"6,64 : 57.25"
"6,65 : 55.15"
"6,66 : 30.08"
"6,67 : 70.11"
"6,68 : 65.76"
"6,69 : 44.05"
"6,70 : 25.24"
"6,71 : 60.21"
"6,72 : 77.18"
"6,73 : 25.0"
"6,74 : 48.1"
"6,75 : 53.6"
"6,76 : 42.52"
"6,77 : 68.26"
"6,78 : 86.31"
"6,79 : 62.64"
"6,80 : 74.89"
"6,81 : 36.25"
"6,82 : 60.44"
"6,83 : 76.66"
"6,84 : 78.23"
"6,85 : 42.06"
"6,86 : 55.46"
"6,87 : 11.05"
"6,88 : 73.41"
"6,89 : 65.97"
"6,90 : 60.83"
"6,91 : 22.85"
"6,92 : 88.68"
"6,93 : 24.7"
"6,94 : 22.02"
"6,95 : 77.39"
"6,96 : 37.05"
"6,97 : 55.23"
"6,98 : 91.05"
"6,99 : 30.41"
"7,0 : 62.39"
"7,1 : 60.21"
"7,2 : 28.16"
"7,3 : 53.16"
"7,4 : 50.36"
"7,5 : 55.54"
"7,6 : 40.8"
"7,7 : 0.0"
"7,8 : 52.0"
"7,9 : 17.0"
"7,10 : 58.24"
"7,11 : 65.01"
"7,12 : 41.79"
"7,13 : 41.4"
"7,14 : 80.06"
"7,15 : 39.0"
"7,16 : 15.23"
"7,17 : 16.28"
"7,18 : 71.59"
"7,19 : 63.64"
"7,20 : 63.01"
"7,21 : 80.92"
"7,22 : 53.85"
"7,23 : 13.42"
"7,24 : 17.09"
"7,25 : 60.83"
"7,26 : 37.22"
"7,27 : 40.31"
"7,28 : 76.55"
"7,29 : 14.42"
"7,30 : 47.3"
"7,31 : 58.31"
"7,32 : 41.11"
"7,33 : 39.62"
"7,34 : 65.51"
"7,35 : 38.08"
"7,36 : 24.6"
"7,37 : 26.83"
"7,38 : 16.12"
"7,39 : 47.1"
"7,40 : 43.14"
"7,41 : 34.71"
"7,42 : 60.53"
"7,43 : 31.38"
"7,44 : 56.57"
"7,45 : 39.45"
"7,46 : 44.2"
"7,47 : 7.28"
"7,48 : 31.83"
"7,49 : 61.55"
"7,50 : 57.25"
"7,51 : 50.09"
"7,52 : 27.31"
"7,53 : 39.82"
"7,54 : 15.81"
"7,55 : 61.68"
"7,56 : 57.69"
"7,57 : 14.87"
"7,58 : 56.85"
"7,59 : 46.75"
"7,60 : 30.68"
"7,61 : 14.32"
"7,62 : 5.83"
"7,63 : 82.1"
"7,64 : 18.44"
"7,65 : 35.11"
"7,66 : 11.05"
"7,67 : 72.2"
"7,68 : 60.42"
"7,69 : 11.18"
"7,70 : 65.39"
"7,71 : 27.02"
"7,72 : 38.9"
"7,73 : 59.08"
"7,74 : 39.66"
"7,75 : 62.37"
"7,76 : 69.92"
"7,77 : 46.1"
"7,78 : 54.78"
"7,79 : 74.52"
"7,80 : 50.09"
"7,81 : 6.71"
"7,82 : 72.47"
"7,83 : 70.26"
"7,84 : 54.08"
"7,85 : 31.4"
"7,86 : 16.28"
"7,87 : 51.2"
"7,88 : 38.08"
"7,89 : 56.86"
"7,90 : 21.93"
"7,91 : 31.32"
"7,92 : 65.19"
"7,93 : 65.46"
"7,94 : 21.4"
"7,95 : 53.08"
"7,96 : 44.65"
"7,97 : 25.08"
"7,98 : 61.68"
"7,99 : 29.15"
"8,0 : 30.41"
"8,1 : 58.73"
"8,2 : 30.48"
"8,3 : 70.21"
"8,4 : 61.77"
"8,5 : 76.56"
"8,6 : 33.24"
"8,7 : 52.0"
"8,8 : 0.0"
"8,9 : 60.61"
"8,10 : 48.17"
"8,11 : 25.5"
"8,12 : 36.14"
"8,13 : 15.81"
"8,14 : 40.31"
"8,15 : 36.67"
"8,16 : 63.81"
"8,17 : 60.67"
"8,18 : 27.66"
"8,19 : 71.4"
"8,20 : 25.81"
"8,21 : 42.19"
"8,22 : 32.8"
"8,23 : 52.8"
"8,24 : 41.23"
"8,25 : 10.0"
"8,26 : 54.71"
"8,27 : 17.0"
"8,28 : 27.2"
"8,29 : 66.21"
"8,30 : 45.22"
"8,31 : 66.03"
"8,32 : 34.21"
"8,33 : 15.81"
"8,34 : 55.61"
"8,35 : 42.54"
"8,36 : 55.97"
"8,37 : 36.22"
"8,38 : 50.16"
"8,39 : 17.03"
"8,40 : 79.63"
"8,41 : 56.75"
"8,42 : 56.57"
"8,43 : 77.47"
"8,44 : 29.12"
"8,45 : 42.38"
"8,46 : 48.76"
"8,47 : 46.53"
"8,48 : 50.25"
"8,49 : 22.2"
"8,50 : 80.23"
"8,51 : 3.61"
"8,52 : 38.6"
"8,53 : 55.95"
"8,54 : 41.4"
"8,55 : 11.18"
"8,56 : 12.0"
"8,57 : 49.04"
"8,58 : 16.49"
"8,59 : 17.03"
"8,60 : 58.69"
"8,61 : 61.29"
"8,62 : 53.16"
"8,63 : 32.8"
"8,64 : 60.3"
"8,65 : 80.06"
"8,66 : 42.54"
"8,67 : 38.33"
"8,68 : 38.08"
"8,69 : 60.9"
"8,70 : 47.54"
"8,71 : 78.29"
"8,72 : 75.43"
"8,73 : 20.25"
"8,74 : 29.07"
"8,75 : 21.02"
"8,76 : 19.0"
"8,77 : 51.97"
"8,78 : 74.73"
"8,79 : 29.41"
"8,80 : 59.17"
"8,81 : 45.31"
"8,82 : 27.2"
"8,83 : 47.93"
"8,84 : 61.29"
"8,85 : 29.43"
"8,86 : 59.54"
"8,87 : 31.06"
"8,88 : 68.25"
"8,89 : 40.61"
"8,90 : 63.13"
"8,91 : 21.1"
"8,92 : 69.53"
"8,93 : 43.32"
"8,94 : 45.28"
"8,95 : 60.75"
"8,96 : 12.08"
"8,97 : 50.25"
"8,98 : 76.66"
"8,99 : 23.54"
"9,0 : 62.8"
"9,1 : 77.16"
"9,2 : 31.3"
"9,3 : 69.63"
"9,4 : 67.27"
"9,5 : 71.47"
"9,6 : 39.32"
"9,7 : 17.0"
"9,8 : 60.61"
"9,9 : 0.0"
"9,10 : 74.73"
"9,11 : 67.45"
"9,12 : 39.05"
"9,13 : 53.41"
"9,14 : 93.48"
"9,15 : 55.08"
"9,16 : 6.71"
"9,17 : 30.46"
"9,18 : 83.74"
"9,19 : 80.5"
"9,20 : 65.0"
"9,21 : 94.58"
"9,22 : 68.94"
"9,23 : 7.81"
"9,24 : 19.42"
"9,25 : 70.29"
"9,26 : 54.15"
"9,27 : 45.65"
"9,28 : 87.05"
"9,29 : 15.0"
"9,30 : 63.95"
"9,31 : 75.24"
"9,32 : 39.2"
"9,33 : 45.79"
"9,34 : 82.2"
"9,35 : 54.74"
"9,36 : 12.08"
"9,37 : 42.72"
"9,38 : 33.06"
"9,39 : 51.08"
"9,40 : 56.3"
"9,41 : 51.48"
"9,42 : 77.41"
"9,43 : 16.97"
"9,44 : 56.72"
"9,45 : 34.13"
"9,46 : 36.4"
"9,47 : 16.55"
"9,48 : 22.8"
"9,49 : 74.2"
"9,50 : 72.8"
"9,51 : 59.55"
"9,52 : 25.71"
"9,53 : 28.65"
"9,54 : 19.21"
"9,55 : 68.6"
"9,56 : 68.59"
"9,57 : 11.66"
"9,58 : 68.88"
"9,59 : 59.41"
"9,60 : 47.07"
"9,61 : 4.24"
"9,62 : 22.2"
"9,63 : 92.7"
"9,64 : 33.24"
"9,65 : 20.0"
"9,66 : 19.42"
"9,67 : 86.45"
"9,68 : 75.77"
"9,69 : 8.6"
"9,70 : 60.67"
"9,71 : 21.0"
"9,72 : 52.48"
"9,73 : 62.3"
"9,74 : 54.63"
"9,75 : 74.65"
"9,76 : 76.54"
"9,77 : 63.07"
"9,78 : 70.88"
"9,79 : 86.45"
"9,80 : 67.07"
"9,81 : 20.88"
"9,82 : 84.29"
"9,83 : 86.03"
"9,84 : 71.06"
"9,85 : 46.1"
"9,86 : 31.02"
"9,87 : 50.36"
"9,88 : 53.49"
"9,89 : 72.73"
"9,90 : 36.25"
"9,91 : 39.7"
"9,92 : 82.15"
"9,93 : 62.13"
"9,94 : 17.46"
"9,95 : 70.06"
"9,96 : 55.97"
"9,97 : 42.05"
"9,98 : 78.1"
"9,99 : 40.61"
"10,0 : 78.01"
"10,1 : 11.7"
"10,2 : 60.21"
"10,3 : 31.4"
"10,4 : 22.8"
"10,5 : 38.33"
"10,6 : 71.78"
"10,7 : 58.24"
"10,8 : 48.17"
"10,9 : 74.73"
"10,10 : 0.0"
"10,11 : 73.66"
"10,12 : 74.63"
"10,13 : 35.36"
"10,14 : 37.22"
"10,15 : 20.02"
"10,16 : 73.38"
"10,17 : 53.0"
"10,18 : 39.05"
"10,19 : 25.96"
"10,20 : 73.88"
"10,21 : 36.5"
"10,22 : 15.62"
"10,23 : 68.73"
"10,24 : 62.0"
"10,25 : 47.2"
"10,26 : 27.59"
"10,27 : 56.36"
"10,28 : 50.0"
"10,29 : 69.86"
"10,30 : 11.18"
"10,31 : 22.09"
"10,32 : 72.73"
"10,33 : 54.13"
"10,34 : 8.25"
"10,35 : 20.25"
"10,36 : 78.16"
"10,37 : 32.25"
"10,38 : 43.86"
"10,39 : 61.4"
"10,40 : 53.71"
"10,41 : 31.83"
"10,42 : 8.94"
"10,43 : 89.49"
"10,44 : 75.47"
"10,45 : 78.1"
"10,46 : 85.15"
"10,47 : 58.69"
"10,48 : 79.23"
"10,49 : 32.2"
"10,50 : 42.3"
"10,51 : 44.69"
"10,52 : 67.6"
"10,53 : 87.46"
"10,54 : 61.01"
"10,55 : 57.38"
"10,56 : 40.0"
"10,57 : 67.27"
"10,58 : 34.41"
"10,59 : 31.4"
"10,60 : 37.48"
"10,61 : 72.53"
"10,62 : 54.42"
"10,63 : 52.95"
"10,64 : 50.48"
"10,65 : 93.3"
"10,66 : 57.22"
"10,67 : 27.07"
"10,68 : 13.34"
"10,69 : 69.26"
"10,70 : 93.06"
"10,71 : 81.84"
"10,72 : 51.31"
"10,73 : 68.25"
"10,74 : 23.77"
"10,75 : 34.44"
"10,76 : 62.43"
"10,77 : 16.4"
"10,78 : 36.35"
"10,79 : 41.77"
"10,80 : 19.92"
"10,81 : 53.94"
"10,82 : 41.23"
"10,83 : 15.26"
"10,84 : 19.1"
"10,85 : 31.14"
"10,86 : 51.62"
"10,87 : 75.13"
"10,88 : 41.88"
"10,89 : 8.06"
"10,90 : 50.61"
"10,91 : 49.04"
"10,92 : 22.85"
"10,93 : 89.69"
"10,94 : 69.01"
"10,95 : 19.24"
"10,96 : 37.44"
"10,97 : 35.85"
"10,98 : 34.13"
"10,99 : 41.98"
"11,0 : 8.54"
"11,1 : 84.15"
"11,2 : 37.22"
"11,3 : 94.34"
"11,4 : 86.27"
"11,5 : 100.34"
"11,6 : 29.07"
"11,7 : 65.01"
"11,8 : 25.5"
"11,9 : 67.45"
"11,10 : 73.66"
"11,11 : 0.0"
"11,12 : 30.53"
"11,13 : 40.0"
"11,14 : 60.21"
"11,15 : 61.03"
"11,16 : 72.57"
"11,17 : 77.65"
"11,18 : 47.3"
"11,19 : 96.54"
"11,20 : 2.83"
"11,21 : 62.37"
"11,22 : 58.26"
"11,23 : 60.42"
"11,24 : 49.5"
"11,25 : 29.15"
"11,26 : 77.83"
"11,27 : 25.32"
"11,28 : 41.01"
"11,29 : 77.52"
"11,30 : 70.29"
"11,31 : 91.05"
"11,32 : 29.53"
"11,33 : 26.68"
"11,34 : 81.06"
"11,35 : 66.57"
"11,36 : 58.69"
"11,37 : 57.78"
"11,38 : 68.66"
"11,39 : 18.11"
"11,40 : 100.28"
"11,41 : 79.2"
"11,42 : 82.04"
"11,43 : 82.64"
"11,44 : 12.73"
"11,45 : 37.44"
"11,46 : 41.04"
"11,47 : 58.08"
"11,48 : 49.24"
"11,49 : 45.62"
"11,50 : 103.83"
"11,51 : 29.0"
"11,52 : 41.76"
"11,53 : 51.22"
"11,54 : 50.36"
"11,55 : 18.03"
"11,56 : 35.36"
"11,57 : 56.29"
"11,58 : 40.82"
"11,59 : 42.43"
"11,60 : 80.06"
"11,61 : 69.63"
"11,62 : 68.12"
"11,63 : 45.1"
"11,64 : 78.09"
"11,65 : 84.17"
"11,66 : 54.04"
"11,67 : 61.1"
"11,68 : 63.25"
"11,69 : 70.86"
"11,70 : 27.46"
"11,71 : 87.86"
"11,72 : 95.88"
"11,73 : 6.32"
"11,74 : 53.6"
"11,75 : 43.86"
"11,76 : 19.1"
"11,77 : 76.61"
"11,78 : 98.62"
"11,79 : 47.68"
"11,80 : 83.82"
"11,81 : 59.03"
"11,82 : 45.89"
"11,83 : 72.56"
"11,84 : 86.21"
"11,85 : 51.88"
"11,86 : 76.79"
"11,87 : 19.21"
"11,88 : 89.89"
"11,89 : 66.07"
"11,90 : 81.39"
"11,91 : 35.9"
"11,92 : 94.85"
"11,93 : 22.2"
"11,94 : 50.0"
"11,95 : 85.6"
"11,96 : 36.88"
"11,97 : 71.17"
"11,98 : 101.26"
"11,99 : 42.38"
"12,0 : 24.35"
"12,1 : 82.35"
"12,2 : 16.28"
"12,3 : 85.28"
"12,4 : 79.06"
"12,5 : 89.87"
"12,6 : 3.0"
"12,7 : 41.79"
"12,8 : 36.14"
"12,9 : 39.05"
"12,10 : 74.63"
"12,11 : 30.53"
"12,12 : 0.0"
"12,13 : 40.45"
"12,14 : 76.3"
"12,15 : 56.36"
"12,16 : 45.01"
"12,17 : 57.25"
"12,18 : 63.79"
"12,19 : 91.59"
"12,20 : 27.78"
"12,21 : 78.09"
"12,22 : 61.98"
"12,23 : 33.14"
"12,24 : 24.7"
"12,25 : 45.54"
"12,26 : 67.48"
"12,27 : 20.02"
"12,28 : 62.24"
"12,29 : 51.48"
"12,30 : 67.12"
"12,31 : 85.76"
"12,32 : 2.0"
"12,33 : 22.0"
"12,34 : 82.86"
"12,35 : 60.03"
"12,36 : 28.86"
"12,37 : 47.43"
"12,38 : 51.4"
"12,39 : 19.7"
"12,40 : 83.22"
"12,41 : 67.21"
"12,42 : 81.15"
"12,43 : 52.89"
"12,44 : 18.38"
"12,45 : 7.07"
"12,46 : 12.65"
"12,47 : 34.54"
"12,48 : 18.79"
"12,49 : 57.31"
"12,50 : 92.63"
"12,51 : 37.48"
"12,52 : 14.56"
"12,53 : 21.26"
"12,54 : 26.0"
"12,55 : 38.59"
"12,56 : 47.85"
"12,57 : 29.27"
"12,58 : 51.24"
"12,59 : 46.17"
"12,60 : 65.86"
"12,61 : 42.01"
"12,62 : 46.52"
"12,63 : 67.54"
"12,64 : 58.67"
"12,65 : 54.08"
"12,66 : 31.3"
"12,67 : 73.11"
"12,68 : 68.73"
"12,69 : 44.28"
"12,70 : 23.71"
"12,71 : 60.03"
"12,72 : 78.77"
"12,73 : 26.91"
"12,74 : 50.92"
"12,75 : 56.57"
"12,76 : 44.82"
"12,77 : 70.83"
"12,78 : 88.53"
"12,79 : 65.52"
"12,80 : 77.39"
"12,81 : 37.59"
"12,82 : 63.32"
"12,83 : 79.63"
"12,84 : 80.78"
"12,85 : 44.72"
"12,86 : 56.82"
"12,87 : 11.7"
"12,88 : 75.29"
"12,89 : 68.88"
"12,90 : 62.27"
"12,91 : 25.63"
"12,92 : 91.3"
"12,93 : 23.77"
"12,94 : 22.09"
"12,95 : 79.92"
"12,96 : 40.05"
"12,97 : 57.28"
"12,98 : 93.41"
"12,99 : 33.11"
"13,0 : 43.19"
"13,1 : 44.82"
"13,2 : 28.44"
"13,3 : 54.59"
"13,4 : 46.32"
"13,5 : 60.84"
"13,6 : 37.48"
"13,7 : 41.4"
"13,8 : 15.81"
"13,9 : 53.41"
"13,10 : 35.36"
"13,11 : 40.0"
"13,12 : 40.45"
"13,13 : 0.0"
"13,14 : 40.31"
"13,15 : 21.1"
"13,16 : 55.15"
"13,17 : 47.13"
"13,18 : 30.41"
"13,19 : 56.64"
"13,20 : 39.7"
"13,21 : 41.59"
"13,22 : 21.59"
"13,23 : 45.8"
"13,24 : 35.36"
"13,25 : 21.21"
"13,26 : 38.9"
"13,27 : 21.19"
"13,28 : 35.36"
"13,29 : 55.8"
"13,30 : 30.41"
"13,31 : 51.09"
"13,32 : 38.47"
"13,33 : 18.97"
"13,34 : 43.38"
"13,35 : 26.83"
"13,36 : 51.89"
"13,37 : 21.02"
"13,38 : 36.14"
"13,39 : 26.08"
"13,40 : 64.2"
"13,41 : 41.0"
"13,42 : 43.01"
"13,43 : 70.29"
"13,44 : 40.22"
"13,45 : 45.01"
"13,46 : 52.04"
"13,47 : 37.48"
"13,48 : 49.24"
"13,49 : 20.81"
"13,50 : 64.47"
"13,51 : 12.37"
"13,52 : 36.88"
"13,53 : 56.57"
"13,54 : 34.99"
"13,55 : 26.93"
"13,56 : 16.55"
"13,57 : 42.72"
"13,58 : 15.56"
"13,59 : 6.32"
"13,60 : 43.19"
"13,61 : 53.08"
"13,62 : 41.18"
"13,63 : 40.82"
"13,64 : 46.32"
"13,65 : 73.41"
"13,66 : 34.06"
"13,67 : 34.48"
"13,68 : 28.28"
"13,69 : 51.66"
"13,70 : 57.71"
"13,71 : 68.41"
"13,72 : 60.07"
"13,73 : 34.06"
"13,74 : 13.6"
"13,75 : 21.26"
"13,76 : 34.37"
"13,77 : 36.62"
"13,78 : 59.03"
"13,79 : 33.24"
"13,80 : 43.83"
"13,81 : 34.83"
"13,82 : 31.14"
"13,83 : 39.2"
"13,84 : 46.23"
"13,85 : 14.0"
"13,86 : 45.88"
"13,87 : 39.81"
"13,88 : 52.61"
"13,89 : 28.79"
"13,90 : 48.84"
"13,91 : 16.28"
"13,92 : 55.17"
"13,93 : 54.38"
"13,94 : 41.23"
"13,95 : 45.61"
"13,96 : 4.0"
"13,97 : 35.0"
"13,98 : 61.29"
"13,99 : 12.81"
"14,0 : 67.6"
"14,1 : 48.0"
"14,2 : 67.78"
"14,3 : 68.59"
"14,4 : 59.84"
"14,5 : 75.54"
"14,6 : 73.35"
"14,7 : 80.06"
"14,8 : 40.31"
"14,9 : 93.48"
"14,10 : 37.22"
"14,11 : 60.21"
"14,12 : 76.3"
"14,13 : 40.31"
"14,14 : 0.0"
"14,15 : 44.94"
"14,16 : 94.64"
"14,17 : 81.4"
"14,18 : 13.04"
"14,19 : 62.07"
"14,20 : 61.81"
"14,21 : 2.24"
"14,22 : 28.65"
"14,23 : 85.98"
"14,24 : 75.66"
"14,25 : 32.02"
"14,26 : 61.47"
"14,27 : 56.52"
"14,28 : 21.1"
"14,29 : 94.07"
"14,30 : 44.27"
"14,31 : 59.03"
"14,32 : 74.33"
"14,33 : 54.82"
"14,34 : 39.2"
"14,35 : 49.65"
"14,36 : 92.13"
"14,37 : 54.56"
"14,38 : 70.43"
"14,39 : 57.31"
"14,40 : 89.2"
"14,41 : 65.39"
"14,42 : 45.0"
"14,43 : 110.21"
"14,44 : 68.07"
"14,45 : 82.23"
"14,46 : 88.84"
"14,47 : 77.2"
"14,48 : 88.6"
"14,49 : 19.7"
"14,50 : 79.51"
"14,51 : 38.83"
"14,52 : 76.32"
"14,53 : 95.21"
"14,54 : 75.29"
"14,55 : 42.43"
"14,56 : 28.44"
"14,57 : 83.01"
"14,58 : 25.63"
"14,59 : 34.13"
"14,60 : 70.21"
"14,61 : 92.8"
"14,62 : 78.49"
"14,63 : 20.52"
"14,64 : 79.63"
"14,65 : 113.46"
"14,66 : 74.06"
"14,67 : 10.2"
"14,68 : 25.0"
"14,69 : 90.91"
"14,70 : 86.28"
"14,71 : 106.79"
"14,72 : 86.16"
"14,73 : 57.31"
"14,74 : 41.11"
"14,75 : 19.92"
"14,76 : 42.38"
"14,77 : 51.92"
"14,78 : 73.55"
"14,79 : 12.65"
"14,80 : 56.89"
"14,81 : 73.88"
"14,82 : 14.32"
"14,83 : 24.33"
"14,84 : 56.32"
"14,85 : 48.8"
"14,86 : 80.0"
"14,87 : 71.06"
"14,88 : 76.9"
"14,89 : 31.05"
"14,90 : 80.99"
"14,91 : 55.95"
"14,92 : 58.22"
"14,93 : 81.5"
"14,94 : 81.39"
"14,95 : 56.44"
"14,96 : 38.48"
"14,97 : 65.19"
"14,98 : 71.01"
"14,99 : 53.0"
"15,0 : 63.7"
"15,1 : 26.0"
"15,2 : 41.11"
"15,3 : 33.54"
"15,4 : 25.24"
"15,5 : 39.92"
"15,6 : 53.67"
"15,7 : 39.0"
"15,8 : 36.67"
"15,9 : 55.08"
"15,10 : 20.02"
"15,11 : 61.03"
"15,12 : 56.36"
"15,13 : 21.1"
"15,14 : 44.94"
"15,15 : 0.0"
"15,16 : 54.23"
"15,17 : 36.8"
"15,18 : 40.52"
"15,19 : 36.12"
"15,20 : 60.61"
"15,21 : 45.22"
"15,22 : 16.4"
"15,23 : 48.84"
"15,24 : 42.01"
"15,25 : 39.81"
"15,26 : 19.03"
"15,27 : 39.82"
"15,28 : 49.37"
"15,29 : 51.62"
"15,30 : 10.77"
"15,31 : 30.41"
"15,32 : 54.56"
"15,33 : 37.64"
"15,34 : 28.02"
"15,35 : 6.08"
"15,36 : 58.14"
"15,37 : 12.37"
"15,38 : 26.25"
"15,39 : 45.97"
"15,40 : 46.39"
"15,41 : 22.09"
"15,42 : 25.0"
"15,43 : 70.38"
"15,44 : 60.14"
"15,45 : 59.14"
"15,46 : 66.1"
"15,47 : 38.83"
"15,48 : 59.41"
"15,49 : 30.59"
"15,50 : 43.66"
"15,51 : 33.11"
"15,52 : 48.05"
"15,53 : 67.74"
"15,54 : 41.0"
"15,55 : 47.54"
"15,56 : 33.24"
"15,57 : 47.27"
"15,58 : 29.0"
"15,59 : 20.62"
"15,60 : 25.96"
"15,61 : 53.14"
"15,62 : 35.85"
"15,63 : 53.94"
"15,64 : 34.83"
"15,65 : 74.09"
"15,66 : 37.22"
"15,67 : 35.61"
"15,68 : 22.02"
"15,69 : 50.16"
"15,70 : 76.61"
"15,71 : 64.07"
"15,72 : 42.76"
"15,73 : 55.0"
"15,74 : 7.62"
"15,75 : 32.39"
"15,76 : 54.41"
"15,77 : 15.62"
"15,78 : 38.08"
"15,79 : 43.68"
"15,80 : 22.8"
"15,81 : 34.21"
"15,82 : 42.2"
"15,83 : 31.3"
"15,84 : 25.46"
"15,85 : 11.7"
"15,86 : 35.38"
"15,87 : 58.6"
"15,88 : 34.13"
"15,89 : 17.89"
"15,90 : 36.06"
"15,91 : 30.89"
"15,92 : 35.23"
"15,93 : 73.88"
"15,94 : 49.04"
"15,95 : 24.76"
"15,96 : 24.6"
"15,97 : 20.25"
"15,98 : 40.22"
"15,99 : 23.26"
"16,0 : 68.36"
"16,1 : 74.81"
"16,2 : 35.74"
"16,3 : 65.62"
"16,4 : 64.0"
"16,5 : 66.94"
"16,6 : 45.04"
"16,7 : 15.23"
"16,8 : 63.81"
"16,9 : 6.71"
"16,10 : 73.38"
"16,11 : 72.57"
"16,12 : 45.01"
"16,13 : 55.15"
"16,14 : 94.64"
"16,15 : 54.23"
"16,16 : 0.0"
"16,17 : 25.71"
"16,18 : 85.56"
"16,19 : 77.06"
"16,20 : 70.21"
"16,21 : 95.6"
"16,22 : 68.96"
"16,23 : 12.17"
"16,24 : 23.41"
"16,25 : 73.24"
"16,26 : 51.04"
"16,27 : 49.77"
"16,28 : 89.64"
"16,29 : 8.49"
"16,30 : 62.36"
"16,31 : 72.0"
"16,32 : 45.01"
"16,33 : 49.66"
"16,34 : 80.52"
"16,35 : 53.16"
"16,36 : 18.79"
"16,37 : 42.05"
"16,38 : 30.27"
"16,39 : 55.66"
"16,40 : 50.61"
"16,41 : 48.01"
"16,42 : 75.31"
"16,43 : 16.16"
"16,44 : 62.29"
"16,45 : 40.45"
"16,46 : 43.01"
"16,47 : 17.69"
"16,48 : 29.41"
"16,49 : 75.74"
"16,50 : 68.01"
"16,51 : 62.43"
"16,52 : 31.14"
"16,53 : 35.36"
"16,54 : 22.85"
"16,55 : 72.45"
"16,56 : 70.94"
"16,57 : 16.28"
"16,58 : 70.71"
"16,59 : 60.88"
"16,60 : 43.19"
"16,61 : 3.0"
"16,62 : 19.24"
"16,63 : 95.27"
"16,64 : 28.64"
"16,65 : 19.92"
"16,66 : 21.4"
"16,67 : 87.09"
"16,68 : 75.59"
"16,69 : 4.12"
"16,70 : 67.08"
"16,71 : 15.3"
"16,72 : 46.96"
"16,73 : 67.19"
"16,74 : 54.71"
"16,75 : 76.38"
"16,76 : 80.53"
"16,77 : 60.67"
"16,78 : 66.49"
"16,79 : 88.39"
"16,80 : 64.07"
"16,81 : 20.81"
"16,82 : 86.28"
"16,83 : 85.49"
"16,84 : 68.07"
"16,85 : 46.32"
"16,86 : 26.48"
"16,87 : 56.08"
"16,88 : 48.76"
"16,89 : 72.09"
"16,90 : 31.32"
"16,91 : 42.72"
"16,92 : 79.01"
"16,93 : 68.36"
"16,94 : 23.02"
"16,95 : 67.07"
"16,96 : 58.05"
"16,97 : 39.2"
"16,98 : 73.98"
"16,99 : 42.45"
"17,0 : 76.16"
"17,1 : 51.87"
"17,2 : 42.38"
"17,3 : 40.11"
"17,4 : 39.46"
"17,5 : 41.23"
"17,6 : 55.95"
"17,7 : 16.28"
"17,8 : 60.67"
"17,9 : 30.46"
"17,10 : 53.0"
"17,11 : 77.65"
"17,12 : 57.25"
"17,13 : 47.13"
"17,14 : 81.4"
"17,15 : 36.8"
"17,16 : 25.71"
"17,17 : 0.0"
"17,18 : 75.18"
"17,19 : 52.09"
"17,20 : 75.95"
"17,21 : 81.84"
"17,22 : 53.15"
"17,23 : 29.21"
"17,24 : 32.76"
"17,25 : 68.15"
"17,26 : 27.2"
"17,27 : 52.35"
"17,28 : 82.08"
"17,29 : 19.0"
"17,30 : 41.88"
"17,31 : 47.38"
"17,32 : 56.36"
"17,33 : 51.16"
"17,34 : 59.03"
"17,35 : 33.42"
"17,36 : 40.22"
"17,37 : 27.29"
"17,38 : 11.18"
"17,39 : 59.54"
"17,40 : 26.87"
"17,41 : 23.54"
"17,42 : 52.92"
"17,43 : 40.0"
"17,44 : 70.6"
"17,45 : 55.47"
"17,46 : 60.44"
"17,47 : 23.02"
"17,48 : 48.08"
"17,49 : 64.88"
"17,50 : 42.38"
"17,51 : 58.05"
"17,52 : 43.05"
"17,53 : 55.97"
"17,54 : 31.38"
"17,55 : 71.34"
"17,56 : 63.57"
"17,57 : 31.11"
"17,58 : 61.33"
"17,59 : 51.08"
"17,60 : 18.11"
"17,61 : 26.57"
"17,62 : 10.82"
"17,63 : 87.32"
"17,64 : 3.0"
"17,65 : 44.0"
"17,66 : 25.94"
"17,67 : 72.35"
"17,68 : 58.69"
"17,69 : 22.14"
"17,70 : 80.95"
"17,71 : 29.41"
"17,72 : 22.67"
"17,73 : 71.45"
"17,74 : 40.5"
"17,75 : 66.19"
"17,76 : 79.51"
"17,77 : 38.08"
"17,78 : 40.79"
"17,79 : 78.29"
"17,80 : 40.02"
"17,81 : 19.7"
"17,82 : 76.48"
"17,83 : 67.01"
"17,84 : 43.93"
"17,85 : 34.01"
"17,86 : 1.41"
"17,87 : 65.79"
"17,88 : 23.09"
"17,89 : 53.91"
"17,90 : 5.83"
"17,91 : 42.05"
"17,92 : 54.45"
"17,93 : 80.62"
"17,94 : 37.64"
"17,95 : 42.95"
"17,96 : 50.96"
"17,97 : 17.2"
"17,98 : 48.37"
"17,99 : 37.22"
"18,0 : 54.59"
"18,1 : 50.7"
"18,2 : 56.36"
"18,3 : 69.12"
"18,4 : 60.07"
"18,5 : 76.11"
"18,6 : 60.88"
"18,7 : 71.59"
"18,8 : 27.66"
"18,9 : 83.74"
"18,10 : 39.05"
"18,11 : 47.3"
"18,12 : 63.79"
"18,13 : 30.41"
"18,14 : 13.04"
"18,15 : 40.52"
"18,16 : 85.56"
"18,17 : 75.18"
"18,18 : 0.0"
"18,19 : 65.0"
"18,20 : 48.84"
"18,21 : 15.13"
"18,22 : 26.02"
"18,23 : 76.06"
"18,24 : 65.22"
"18,25 : 19.0"
"18,26 : 58.86"
"18,27 : 44.27"
"18,28 : 11.18"
"18,29 : 85.91"
"18,30 : 43.01"
"18,31 : 61.0"
"18,32 : 61.85"
"18,33 : 42.72"
"18,34 : 43.46"
"18,35 : 46.1"
"18,36 : 81.3"
"18,37 : 47.89"
"18,38 : 64.01"
"18,39 : 44.55"
"18,40 : 86.68"
"18,41 : 62.37"
"18,42 : 47.8"
"18,43 : 100.66"
"18,44 : 55.04"
"18,45 : 69.92"
"18,46 : 76.4"
"18,47 : 67.9"
"18,48 : 76.97"
"18,49 : 10.3"
"18,50 : 80.1"
"18,51 : 26.57"
"18,52 : 64.85"
"18,53 : 83.22"
"18,54 : 65.0"
"18,55 : 29.43"
"18,56 : 16.16"
"18,57 : 72.8"
"18,58 : 14.87"
"18,59 : 24.84"
"18,60 : 66.48"
"18,61 : 83.49"
"18,62 : 70.8"
"18,63 : 14.04"
"18,64 : 73.79"
"18,65 : 103.71"
"18,66 : 64.44"
"18,67 : 15.56"
"18,68 : 25.71"
"18,69 : 82.04"
"18,70 : 73.25"
"18,71 : 98.6"
"18,72 : 83.2"
"18,73 : 44.28"
"18,74 : 34.93"
"18,75 : 9.22"
"18,76 : 29.97"
"18,77 : 51.01"
"18,78 : 74.11"
"18,79 : 3.16"
"18,80 : 57.08"
"18,81 : 65.12"
"18,82 : 2.24"
"18,83 : 30.23"
"18,84 : 57.43"
"18,85 : 41.34"
"18,86 : 73.82"
"18,87 : 58.14"
"18,88 : 74.33"
"18,89 : 31.4"
"18,90 : 75.64"
"18,91 : 44.94"
"18,92 : 61.68"
"18,93 : 68.47"
"18,94 : 70.49"
"18,95 : 57.31"
"18,96 : 27.8"
"18,97 : 60.17"
"18,98 : 72.99"
"18,99 : 43.19"
"19,0 : 99.7"
"19,1 : 14.32"
"19,2 : 75.66"
"19,3 : 13.42"
"19,4 : 13.34"
"19,5 : 17.69"
"19,6 : 89.04"
"19,7 : 63.64"
"19,8 : 71.4"
"19,9 : 80.5"
"19,10 : 25.96"
"19,11 : 96.54"
"19,12 : 91.59"
"19,13 : 56.64"
"19,14 : 62.07"
"19,15 : 36.12"
"19,16 : 77.06"
"19,17 : 52.09"
"19,18 : 65.0"
"19,19 : 0.0"
"19,20 : 96.33"
"19,21 : 61.01"
"19,22 : 40.72"
"19,23 : 76.49"
"19,24 : 73.39"
"19,25 : 72.07"
"19,26 : 26.48"
"19,27 : 75.93"
"19,28 : 75.96"
"19,29 : 71.06"
"19,30 : 26.25"
"19,31 : 5.83"
"19,32 : 89.89"
"19,33 : 73.76"
"19,34 : 23.02"
"19,35 : 31.62"
"19,36 : 87.32"
"19,37 : 44.29"
"19,38 : 47.52"
"19,39 : 82.07"
"19,40 : 39.66"
"19,41 : 29.07"
"19,42 : 17.26"
"19,43 : 92.05"
"19,44 : 96.26"
"19,45 : 93.48"
"19,46 : 100.18"
"19,47 : 66.94"
"19,48 : 91.42"
"19,49 : 57.94"
"19,50 : 20.81"
"19,51 : 67.8"
"19,52 : 81.44"
"19,53 : 99.96"
"19,54 : 72.11"
"19,55 : 81.54"
"19,56 : 64.88"
"19,57 : 76.4"
"19,58 : 59.48"
"19,59 : 54.41"
"19,60 : 34.01"
"19,61 : 77.23"
"19,62 : 58.31"
"19,63 : 78.85"
"19,64 : 49.09"
"19,65 : 96.05"
"19,66 : 67.05"
"19,67 : 52.24"
"19,68 : 39.29"
"19,69 : 73.11"
"19,70 : 112.61"
"19,71 : 80.89"
"19,72 : 39.36"
"19,73 : 90.69"
"19,74 : 43.14"
"19,75 : 60.17"
"19,76 : 87.32"
"19,77 : 20.81"
"19,78 : 16.28"
"19,79 : 67.68"
"19,80 : 14.32"
"19,81 : 61.85"
"19,82 : 67.19"
"19,83 : 38.01"
"19,84 : 10.82"
"19,85 : 47.2"
"19,86 : 51.04"
"19,87 : 94.64"
"19,88 : 31.62"
"19,89 : 33.84"
"19,90 : 47.38"
"19,91 : 66.61"
"19,92 : 4.47"
"19,93 : 109.99"
"19,94 : 80.32"
"19,95 : 11.66"
"19,96 : 59.67"
"19,97 : 38.64"
"19,98 : 9.85"
"19,99 : 58.82"
"20,0 : 6.08"
"20,1 : 84.17"
"20,2 : 35.06"
"20,3 : 93.74"
"20,4 : 85.8"
"20,5 : 99.64"
"20,6 : 26.4"
"20,7 : 63.01"
"20,8 : 25.81"
"20,9 : 65.0"
"20,10 : 73.88"
"20,11 : 2.83"
"20,12 : 27.78"
"20,13 : 39.7"
"20,14 : 61.81"
"20,15 : 60.61"
"20,16 : 70.21"
"20,17 : 75.95"
"20,18 : 48.84"
"20,19 : 96.33"
"20,20 : 0.0"
"20,21 : 63.95"
"20,22 : 58.6"
"20,23 : 58.05"
"20,24 : 47.27"
"20,25 : 30.36"
"20,26 : 77.03"
"20,27 : 23.77"
"20,28 : 43.01"
"20,29 : 75.33"
"20,30 : 70.09"
"20,31 : 90.79"
"20,32 : 26.83"
"20,33 : 25.3"
"20,34 : 81.4"
"20,35 : 66.03"
"20,36 : 56.08"
"20,37 : 56.8"
"20,38 : 67.19"
"20,39 : 16.49"
"20,40 : 98.98"
"20,41 : 78.26"
"20,42 : 82.13"
"20,43 : 80.06"
"20,44 : 9.9"
"20,45 : 34.67"
"20,46 : 38.21"
"20,47 : 56.01"
"20,48 : 46.53"
"20,49 : 46.62"
"20,50 : 103.08"
"20,51 : 29.21"
"20,52 : 39.29"
"20,53 : 48.41"
"20,54 : 48.17"
"20,55 : 19.42"
"20,56 : 36.25"
"20,57 : 53.94"
"20,58 : 41.59"
"20,59 : 42.52"
"20,60 : 78.92"
"20,61 : 67.27"
"20,62 : 66.27"
"20,63 : 47.27"
"20,64 : 76.49"
"20,65 : 81.54"
"20,66 : 52.0"
"20,67 : 62.3"
"20,68 : 63.81"
"20,69 : 68.59"
"20,70 : 25.18"
"20,71 : 85.51"
"20,72 : 94.56"
"20,73 : 5.66"
"20,74 : 53.26"
"20,75 : 44.94"
"20,76 : 21.38"
"20,77 : 76.22"
"20,78 : 97.94"
"20,79 : 49.37"
"20,80 : 83.41"
"20,81 : 57.14"
"20,82 : 47.52"
"20,83 : 73.36"
"20,84 : 85.91"
"20,85 : 51.11"
"20,86 : 75.13"
"20,87 : 16.4"
"20,88 : 88.77"
"20,89 : 66.4"
"20,90 : 79.83"
"20,91 : 34.48"
"20,92 : 94.76"
"20,93 : 20.02"
"20,94 : 47.54"
"20,95 : 85.28"
"20,96 : 36.77"
"20,97 : 70.01"
"20,98 : 100.8"
"20,99 : 41.23"
"21,0 : 69.72"
"21,1 : 47.04"
"21,2 : 69.29"
"21,3 : 67.9"
"21,4 : 59.23"
"21,5 : 74.81"
"21,6 : 75.13"
"21,7 : 80.92"
"21,8 : 42.19"
"21,9 : 94.58"
"21,10 : 36.5"
"21,11 : 62.37"
"21,12 : 78.09"
"21,13 : 41.59"
"21,14 : 2.24"
"21,15 : 45.22"
"21,16 : 95.6"
"21,17 : 81.84"
"21,18 : 15.13"
"21,19 : 61.01"
"21,20 : 63.95"
"21,21 : 0.0"
"21,22 : 28.84"
"21,23 : 87.13"
"21,24 : 76.94"
"21,25 : 34.06"
"21,26 : 61.33"
"21,27 : 58.25"
"21,28 : 23.32"
"21,29 : 94.85"
"21,30 : 44.01"
"21,31 : 58.14"
"21,32 : 76.12"
"21,33 : 56.52"
"21,34 : 38.05"
"21,35 : 49.74"
"21,36 : 93.47"
"21,37 : 55.17"
"21,38 : 70.94"
"21,39 : 59.21"
"21,40 : 88.96"
"21,41 : 65.31"
"21,42 : 44.05"
"21,43 : 111.25"
"21,44 : 70.11"
"21,45 : 83.95"
"21,46 : 90.61"
"21,47 : 78.24"
"21,48 : 90.14"
"21,49 : 21.19"
"21,50 : 78.77"
"21,51 : 40.61"
"21,52 : 77.83"
"21,53 : 96.84"
"21,54 : 76.54"
"21,55 : 44.55"
"21,56 : 30.27"
"21,57 : 84.22"
"21,58 : 27.2"
"21,59 : 35.36"
"21,60 : 70.24"
"21,61 : 93.81"
"21,62 : 79.21"
"21,63 : 22.63"
"21,64 : 80.0"
"21,65 : 114.55"
"21,66 : 75.17"
"21,67 : 9.85"
"21,68 : 24.7"
"21,69 : 91.83"
"21,70 : 88.36"
"21,71 : 107.56"
"21,72 : 86.01"
"21,73 : 59.41"
"21,74 : 41.73"
"21,75 : 21.59"
"21,76 : 44.6"
"21,77 : 51.55"
"21,78 : 72.84"
"21,79 : 14.87"
"21,80 : 56.29"
"21,81 : 74.81"
"21,82 : 16.49"
"21,83 : 23.09"
"21,84 : 55.58"
"21,85 : 49.58"
"21,86 : 80.43"
"21,87 : 73.03"
"21,88 : 76.69"
"21,89 : 30.68"
"21,90 : 81.27"
"21,91 : 57.38"
"21,92 : 57.08"
"21,93 : 83.6"
"21,94 : 82.76"
"21,95 : 55.73"
"21,96 : 39.92"
"21,97 : 65.46"
"21,98 : 70.06"
"21,99 : 54.2"
"22,0 : 62.97"
"22,1 : 26.93"
"22,2 : 49.0"
"22,3 : 43.29"
"22,4 : 34.23"
"22,5 : 50.25"
"22,6 : 59.03"
"22,7 : 53.85"
"22,8 : 32.8"
"22,9 : 68.94"
"22,10 : 15.62"
"22,11 : 58.26"
"22,12 : 61.98"
"22,13 : 21.59"
"22,14 : 28.65"
"22,15 : 16.4"
"22,16 : 68.96"
"22,17 : 53.15"
"22,18 : 26.02"
"22,19 : 40.72"
"22,20 : 58.6"
"22,21 : 28.84"
"22,22 : 0.0"
"22,23 : 62.03"
"22,24 : 53.37"
"22,25 : 31.62"
"22,26 : 33.24"
"22,27 : 42.72"
"22,28 : 36.22"
"22,29 : 67.2"
"22,30 : 17.0"
"22,31 : 36.06"
"22,32 : 60.02"
"22,33 : 40.52"
"22,34 : 22.8"
"22,35 : 21.02"
"22,36 : 70.09"
"22,37 : 27.2"
"22,38 : 42.43"
"22,39 : 47.01"
"22,40 : 61.13"
"22,41 : 37.0"
"22,42 : 24.41"
"22,43 : 85.0"
"22,44 : 60.83"
"22,45 : 66.27"
"22,46 : 73.33"
"22,47 : 52.39"
"22,48 : 69.26"
"22,49 : 17.46"
"22,50 : 54.23"
"22,51 : 29.41"
"22,52 : 57.08"
"22,53 : 77.06"
"22,54 : 52.63"
"22,55 : 41.77"
"22,56 : 24.41"
"22,57 : 59.77"
"22,58 : 18.87"
"22,59 : 16.55"
"22,60 : 41.63"
"22,61 : 67.54"
"22,62 : 51.4"
"22,63 : 40.0"
"22,64 : 51.22"
"22,65 : 88.55"
"22,66 : 49.98"
"22,67 : 19.21"
"22,68 : 7.07"
"22,69 : 65.0"
"22,70 : 78.79"
"22,71 : 79.81"
"22,72 : 57.87"
"22,73 : 53.01"
"22,74 : 14.32"
"22,75 : 19.65"
"22,76 : 46.87"
"22,77 : 25.0"
"22,78 : 48.26"
"22,79 : 29.07"
"22,80 : 31.26"
"22,81 : 48.3"
"22,82 : 28.0"
"22,83 : 18.03"
"22,84 : 32.02"
"22,85 : 22.85"
"22,86 : 51.74"
"22,87 : 61.1"
"22,88 : 48.76"
"22,89 : 7.81"
"22,90 : 52.43"
"22,91 : 37.05"
"22,92 : 38.08"
"22,93 : 75.13"
"22,94 : 60.02"
"22,95 : 31.78"
"22,96 : 22.85"
"22,97 : 36.62"
"22,98 : 47.8"
"22,99 : 31.14"
"23,0 : 56.22"
"23,1 : 72.01"
"23,2 : 23.77"
"23,3 : 66.41"
"23,4 : 63.15"
"23,5 : 68.94"
"23,6 : 33.0"
"23,7 : 13.42"
"23,8 : 52.8"
"23,9 : 7.81"
"23,10 : 68.73"
"23,11 : 60.42"
"23,12 : 33.14"
"23,13 : 45.8"
"23,14 : 85.98"
"23,15 : 48.84"
"23,16 : 12.17"
"23,17 : 29.21"
"23,18 : 76.06"
"23,19 : 76.49"
"23,20 : 58.05"
"23,21 : 87.13"
"23,22 : 62.03"
"23,23 : 0.0"
"23,24 : 11.66"
"23,25 : 62.48"
"23,26 : 50.01"
"23,27 : 38.01"
"23,28 : 79.25"
"23,29 : 18.44"
"23,30 : 58.22"
"23,31 : 71.02"
"23,32 : 33.02"
"23,33 : 38.08"
"23,34 : 76.42"
"23,35 : 49.09"
"23,36 : 11.18"
"23,37 : 36.5"
"23,38 : 29.12"
"23,39 : 43.66"
"23,40 : 55.97"
"23,41 : 47.8"
"23,42 : 72.03"
"23,43 : 24.76"
"23,44 : 50.16"
"23,45 : 29.12"
"23,46 : 32.65"
"23,47 : 10.05"
"23,48 : 19.42"
"23,49 : 66.61"
"23,50 : 70.66"
"23,51 : 51.74"
"23,52 : 19.03"
"23,53 : 26.87"
"23,54 : 11.4"
"23,55 : 60.9"
"23,56 : 60.83"
"23,57 : 4.12"
"23,58 : 61.22"
"23,59 : 51.87"
"23,60 : 44.01"
"23,61 : 9.22"
"23,62 : 19.24"
"23,63 : 84.9"
"23,64 : 31.62"
"23,65 : 27.66"
"23,66 : 12.08"
"23,67 : 79.18"
"23,68 : 68.95"
"23,69 : 11.18"
"23,70 : 55.79"
"23,71 : 27.46"
"23,72 : 51.86"
"23,73 : 55.08"
"23,74 : 47.76"
"23,75 : 67.01"
"23,76 : 68.88"
"23,77 : 58.08"
"23,78 : 68.15"
"23,79 : 78.75"
"23,80 : 62.65"
"23,81 : 15.0"
"23,82 : 76.58"
"23,83 : 79.4"
"23,84 : 66.61"
"23,85 : 39.22"
"23,86 : 29.41"
"23,87 : 44.01"
"23,88 : 51.48"
"23,89 : 66.22"
"23,90 : 35.0"
"23,91 : 31.89"
"23,92 : 77.78"
"23,93 : 56.72"
"23,94 : 11.05"
"23,95 : 65.62"
"23,96 : 48.27"
"23,97 : 37.85"
"23,98 : 74.95"
"23,99 : 33.02"
"24,0 : 46.01"
"24,1 : 66.91"
"24,2 : 12.37"
"24,3 : 64.88"
"24,4 : 60.17"
"24,5 : 68.51"
"24,6 : 23.77"
"24,7 : 17.09"
"24,8 : 41.23"
"24,9 : 19.42"
"24,10 : 62.0"
"24,11 : 49.5"
"24,12 : 24.7"
"24,13 : 35.36"
"24,14 : 75.66"
"24,15 : 42.01"
"24,16 : 23.41"
"24,17 : 32.76"
"24,18 : 65.22"
"24,19 : 73.39"
"24,20 : 47.27"
"24,21 : 76.94"
"24,22 : 53.37"
"24,23 : 11.66"
"24,24 : 0.0"
"24,25 : 50.99"
"24,26 : 47.42"
"24,27 : 26.4"
"24,28 : 67.88"
"24,29 : 28.07"
"24,30 : 52.24"
"24,31 : 67.68"
"24,32 : 24.04"
"24,33 : 26.42"
"24,34 : 70.03"
"24,35 : 43.57"
"24,36 : 16.76"
"24,37 : 30.27"
"24,38 : 28.43"
"24,39 : 32.28"
"24,40 : 59.2"
"24,41 : 46.14"
"24,42 : 66.48"
"24,43 : 36.24"
"24,44 : 40.05"
"24,45 : 22.8"
"24,46 : 28.32"
"24,47 : 9.85"
"24,48 : 18.03"
"24,49 : 56.08"
"24,50 : 70.8"
"24,51 : 40.31"
"24,52 : 10.3"
"24,53 : 26.57"
"24,54 : 1.41"
"24,55 : 49.24"
"24,56 : 49.68"
"24,57 : 7.81"
"24,58 : 50.48"
"24,59 : 41.59"
"24,60 : 43.6"
"24,61 : 20.62"
"24,62 : 21.95"
"24,63 : 73.54"
"24,64 : 34.41"
"24,65 : 38.9"
"24,66 : 7.07"
"24,67 : 69.46"
"24,68 : 60.42"
"24,69 : 21.38"
"24,70 : 48.33"
"24,71 : 38.6"
"24,72 : 54.82"
"24,73 : 43.93"
"24,74 : 39.46"
"24,75 : 56.3"
"24,76 : 57.25"
"24,77 : 53.6"
"24,78 : 67.42"
"24,79 : 67.8"
"24,80 : 59.14"
"24,81 : 13.45"
"24,82 : 65.6"
"24,83 : 71.2"
"24,84 : 62.94"
"24,85 : 31.14"
"24,86 : 32.45"
"24,87 : 34.37"
"24,88 : 52.4"
"24,89 : 58.42"
"24,90 : 38.01"
"24,91 : 20.52"
"24,92 : 74.04"
"24,93 : 48.38"
"24,94 : 7.07"
"24,95 : 61.98"
"24,96 : 37.44"
"24,97 : 35.85"
"24,98 : 73.36"
"24,99 : 22.85"
"25,0 : 35.9"
"25,1 : 58.52"
"25,2 : 40.46"
"25,3 : 72.73"
"25,4 : 63.91"
"25,5 : 79.4"
"25,6 : 42.72"
"25,7 : 60.83"
"25,8 : 10.0"
"25,9 : 70.29"
"25,10 : 47.2"
"25,11 : 29.15"
"25,12 : 45.54"
"25,13 : 21.21"
"25,14 : 32.02"
"25,15 : 39.81"
"25,16 : 73.24"
"25,17 : 68.15"
"25,18 : 19.0"
"25,19 : 72.07"
"25,20 : 30.36"
"25,21 : 34.06"
"25,22 : 31.62"
"25,23 : 62.48"
"25,24 : 50.99"
"25,25 : 0.0"
"25,26 : 58.69"
"25,27 : 26.93"
"25,28 : 17.2"
"25,29 : 75.18"
"25,30 : 46.62"
"25,31 : 67.08"
"25,32 : 43.66"
"25,33 : 25.81"
"25,34 : 53.81"
"25,35 : 45.89"
"25,36 : 65.95"
"25,37 : 42.19"
"25,38 : 57.27"
"25,39 : 25.96"
"25,40 : 85.02"
"25,41 : 61.29"
"25,42 : 56.04"
"25,43 : 87.21"
"25,44 : 36.06"
"25,45 : 52.0"
"25,46 : 58.19"
"25,47 : 55.76"
"25,48 : 60.21"
"25,49 : 16.64"
"25,50 : 83.24"
"25,51 : 10.82"
"25,52 : 48.6"
"25,53 : 65.74"
"25,54 : 51.09"
"25,55 : 11.18"
"25,56 : 7.21"
"25,57 : 58.8"
"25,58 : 12.81"
"25,59 : 19.24"
"25,60 : 64.01"
"25,61 : 70.8"
"25,62 : 61.47"
"25,63 : 22.8"
"25,64 : 67.47"
"25,65 : 89.87"
"25,66 : 51.87"
"25,67 : 31.95"
"25,68 : 35.36"
"25,69 : 70.18"
"25,70 : 54.33"
