x,y
30,86
81,41
81,28
10,53
19,83
75,23
47,51
93,62
82,45
27,59
84,13
35,11
80,2
94,62
64,34
70,33
17,17
73,85
44,11
51,5
61,41
16,50
23,78
92,97
54,72
84,54
21,6
1,100
62,8
76,81
62,37
91,19
40,97
76,57
26,23
16,42
58,60
52,53
3,96
70,80
66,36
37,75
71,72
6,40
34,63
38,33
68,85
78,30
3,57
96,75
3,44
22,95
92,91
19,27
68,32
8,84
63,49
32,47
42,55
77,22
12,24
13,88
31,77
42,74
14,54
31,31
17,29
23,38
43,85
98,97
39,9
94,58
61,71
41,100
30,62
70,62
21,98
31,8
14,43
84,55
83,17
31,75
12,53
93,96
0,69
26,28
13,76
67,7
91,53
94,20
72,27
29,32
67,43
12,73
100,97
56,22
8,30
17,55
99,87
79,65

Distanze
"0,0 : 0.0"
"0,1 : 68.01"
"0,2 : 77.23"
"0,3 : 38.59"
"0,4 : 11.4"
"0,5 : 77.42"
"0,6 : 38.91"
"0,7 : 67.42"
"0,8 : 66.22"
"0,9 : 27.17"
"0,10 : 90.8"
"0,11 : 75.17"
"0,12 : 97.75"
"0,13 : 68.35"
"0,14 : 62.13"
"0,15 : 66.4"
"0,16 : 70.21"
"0,17 : 43.01"
"0,18 : 76.3"
"0,19 : 83.68"
"0,20 : 54.64"
"0,21 : 38.63"
"0,22 : 10.63"
"0,23 : 62.97"
"0,24 : 27.78"
"0,25 : 62.77"
"0,26 : 80.5"
"0,27 : 32.2"
"0,28 : 84.31"
"0,29 : 46.27"
"0,30 : 58.52"
"0,31 : 90.61"
"0,32 : 14.87"
"0,33 : 54.38"
"0,34 : 63.13"
"0,35 : 46.17"
"0,36 : 38.21"
"0,37 : 39.66"
"0,38 : 28.79"
"0,39 : 40.45"
"0,40 : 61.61"
"0,41 : 13.04"
"0,42 : 43.32"
"0,43 : 51.88"
"0,44 : 23.35"
"0,45 : 53.6"
"0,46 : 38.01"
"0,47 : 73.76"
"0,48 : 39.62"
"0,49 : 66.91"
"0,50 : 49.93"
"0,51 : 12.04"
"0,52 : 62.2"
"0,53 : 60.02"
"0,54 : 66.03"
"0,55 : 22.09"
"0,56 : 49.58"
"0,57 : 39.05"
"0,58 : 33.24"
"0,59 : 79.4"
"0,60 : 64.56"
"0,61 : 17.12"
"0,62 : 9.06"
"0,63 : 16.97"
"0,64 : 35.78"
"0,65 : 55.01"
"0,66 : 58.46"
"0,67 : 48.51"
"0,68 : 13.04"
"0,69 : 68.88"
"0,70 : 77.52"
"0,71 : 69.86"
"0,72 : 34.44"
"0,73 : 17.8"
"0,74 : 24.0"
"0,75 : 46.65"
"0,76 : 15.0"
"0,77 : 78.01"
"0,78 : 45.88"
"0,79 : 62.27"
"0,80 : 87.01"
"0,81 : 11.05"
"0,82 : 37.59"
"0,83 : 63.79"
"0,84 : 34.48"
"0,85 : 58.14"
"0,86 : 19.72"
"0,87 : 87.24"
"0,88 : 69.35"
"0,89 : 91.93"
"0,90 : 72.42"
"0,91 : 54.01"
"0,92 : 56.73"
"0,93 : 22.2"
"0,94 : 70.86"
"0,95 : 69.08"
"0,96 : 60.17"
"0,97 : 33.62"
"0,98 : 69.01"
"0,99 : 53.31"
"1,0 : 68.01"
"1,1 : 0.0"
"1,2 : 13.0"
"1,3 : 72.01"
"1,4 : 74.89"
"1,5 : 18.97"
"1,6 : 35.44"
"1,7 : 24.19"
"1,8 : 4.12"
"1,9 : 56.92"
"1,10 : 28.16"
"1,11 : 54.92"
"1,12 : 39.01"
"1,13 : 24.7"
"1,14 : 18.38"
"1,15 : 13.6"
"1,16 : 68.35"
"1,17 : 44.72"
"1,18 : 47.63"
"1,19 : 46.86"
"1,20 : 20.0"
"1,21 : 65.62"
"1,22 : 68.8"
"1,23 : 57.07"
"1,24 : 41.11"
"1,25 : 13.34"
"1,26 : 69.46"
"1,27 : 99.4"
"1,28 : 38.08"
"1,29 : 40.31"
"1,30 : 19.42"
"1,31 : 24.17"
"1,32 : 69.4"
"1,33 : 16.76"
"1,34 : 57.87"
"1,35 : 65.01"
"1,36 : 29.83"
"1,37 : 31.38"
"1,38 : 95.44"
"1,39 : 40.52"
"1,40 : 15.81"
"1,41 : 55.61"
"1,42 : 32.57"
"1,43 : 75.01"
"1,44 : 51.89"
"1,45 : 43.74"
"1,46 : 45.88"
"1,47 : 11.4"
"1,48 : 79.62"
"1,49 : 37.16"
"1,50 : 78.06"
"1,51 : 79.98"
"1,52 : 51.2"
"1,53 : 63.56"
"1,54 : 15.81"
"1,55 : 84.72"
"1,56 : 19.7"
"1,57 : 49.37"
"1,58 : 41.44"
"1,59 : 19.42"
"1,60 : 71.06"
"1,61 : 82.66"
"1,62 : 61.61"
"1,63 : 51.09"
"1,64 : 68.25"
"1,65 : 50.99"
"1,66 : 65.12"
"1,67 : 58.08"
"1,68 : 58.14"
"1,69 : 58.52"
"1,70 : 52.8"
"1,71 : 21.4"
"1,72 : 36.06"
"1,73 : 71.28"
"1,74 : 55.15"
"1,75 : 23.71"
"1,76 : 82.76"
"1,77 : 59.91"
"1,78 : 67.03"
"1,79 : 14.32"
"1,80 : 24.08"
"1,81 : 60.46"
"1,82 : 70.04"
"1,83 : 56.29"
"1,84 : 85.7"
"1,85 : 56.52"
"1,86 : 76.48"
"1,87 : 36.77"
"1,88 : 15.62"
"1,89 : 24.7"
"1,90 : 16.64"
"1,91 : 52.77"
"1,92 : 14.14"
"1,93 : 76.06"
"1,94 : 59.14"
"1,95 : 31.4"
"1,96 : 73.82"
"1,97 : 65.51"
"1,98 : 49.4"
"1,99 : 24.08"
"2,0 : 77.23"
"2,1 : 13.0"
"2,2 : 0.0"
"2,3 : 75.27"
"2,4 : 82.88"
"2,5 : 7.81"
"2,6 : 41.05"
"2,7 : 36.06"
"2,8 : 17.03"
"2,9 : 62.27"
"2,10 : 15.3"
"2,11 : 49.04"
"2,12 : 26.02"
"2,13 : 36.4"
"2,14 : 18.03"
"2,15 : 12.08"
"2,16 : 64.94"
"2,17 : 57.56"
"2,18 : 40.72"
"2,19 : 37.8"
"2,20 : 23.85"
"2,21 : 68.62"
"2,22 : 76.58"
"2,23 : 69.87"
"2,24 : 51.62"
"2,25 : 26.17"
"2,26 : 63.91"
"2,27 : 107.63"
"2,28 : 27.59"
"2,29 : 53.24"
"2,30 : 21.02"
"2,31 : 13.45"
"2,32 : 80.26"
"2,33 : 29.43"
"2,34 : 55.23"
"2,35 : 66.49"
"2,36 : 39.41"
"2,37 : 38.29"
"2,38 : 103.48"
"2,39 : 53.15"
"2,40 : 17.0"
"2,41 : 64.38"
"2,42 : 45.12"
"2,43 : 75.95"
"2,44 : 58.6"
"2,45 : 43.29"
"2,46 : 58.46"
"2,47 : 3.61"
"2,48 : 83.22"
"2,49 : 49.34"
"2,50 : 79.62"
"2,51 : 89.27"
"2,52 : 63.95"
"2,53 : 62.01"
"2,54 : 13.6"
"2,55 : 92.01"
"2,56 : 27.66"
"2,57 : 52.55"
"2,58 : 47.43"
"2,59 : 7.21"
"2,60 : 69.12"
"2,61 : 90.69"
"2,62 : 70.01"
"2,63 : 60.31"
"2,64 : 71.87"
"2,65 : 50.09"
"2,66 : 64.01"
"2,67 : 58.86"
"2,68 : 68.51"
"2,69 : 71.06"
"2,70 : 46.1"
"2,71 : 32.7"
"2,72 : 47.42"
"2,73 : 82.37"
"2,74 : 61.29"
"2,75 : 35.74"
"2,76 : 92.2"
"2,77 : 53.85"
"2,78 : 68.66"
"2,79 : 27.17"
"2,80 : 11.18"
"2,81 : 68.62"
"2,82 : 73.39"
"2,83 : 69.05"
"2,84 : 90.79"
"2,85 : 55.0"
"2,86 : 83.23"
"2,87 : 25.24"
"2,88 : 26.93"
"2,89 : 15.26"
"2,90 : 9.06"
"2,91 : 52.15"
"2,92 : 20.52"
"2,93 : 82.38"
"2,94 : 71.57"
"2,95 : 25.71"
"2,96 : 73.03"
"2,97 : 69.46"
"2,98 : 61.68"
"2,99 : 37.05"
"3,0 : 38.59"
"3,1 : 72.01"
"3,2 : 75.27"
"3,3 : 0.0"
"3,4 : 31.32"
"3,5 : 71.59"
"3,6 : 37.05"
"3,7 : 83.49"
"3,8 : 72.44"
"3,9 : 18.03"
"3,10 : 84.12"
"3,11 : 48.88"
"3,12 : 86.61"
"3,13 : 84.48"
"3,14 : 57.25"
"3,15 : 63.25"
"3,16 : 36.67"
"3,17 : 70.66"
"3,18 : 54.04"
"3,19 : 63.13"
"3,20 : 52.39"
"3,21 : 6.71"
"3,22 : 28.18"
"3,23 : 93.06"
"3,24 : 47.93"
"3,25 : 74.01"
"3,26 : 48.27"
"3,27 : 47.85"
"3,28 : 68.77"
"3,29 : 71.69"
"3,30 : 54.41"
"3,31 : 87.85"
"3,32 : 53.25"
"3,33 : 66.12"
"3,34 : 34.0"
"3,35 : 12.53"
"3,36 : 48.51"
"3,37 : 42.0"
"3,38 : 43.57"
"3,39 : 65.8"
"3,40 : 58.52"
"3,41 : 34.83"
"3,42 : 63.89"
"3,43 : 13.6"
"3,44 : 26.0"
"3,45 : 34.41"
"3,46 : 66.24"
"3,47 : 71.78"
"3,48 : 8.06"
"3,49 : 88.77"
"3,50 : 11.4"
"3,51 : 43.68"
"3,52 : 90.38"
"3,53 : 27.51"
"3,54 : 61.68"
"3,55 : 31.06"
"3,56 : 53.15"
"3,57 : 22.8"
"3,58 : 32.06"
"3,59 : 73.82"
"3,60 : 29.07"
"3,61 : 35.13"
"3,62 : 31.89"
"3,63 : 38.28"
"3,64 : 4.12"
"3,65 : 30.41"
"3,66 : 25.0"
"3,67 : 19.85"
"3,68 : 45.97"
"3,69 : 98.39"
"3,70 : 52.7"
"3,71 : 84.15"
"3,72 : 54.08"
"3,73 : 56.3"
"3,74 : 21.93"
"3,75 : 60.67"
"3,76 : 46.32"
"3,77 : 49.66"
"3,78 : 10.77"
"3,79 : 74.03"
"3,80 : 81.39"
"3,81 : 30.41"
"3,82 : 2.0"
"3,83 : 93.48"
"3,84 : 18.87"
"3,85 : 29.68"
"3,86 : 23.19"
"3,87 : 73.25"
"3,88 : 81.0"
"3,89 : 90.25"
"3,90 : 67.23"
"3,91 : 28.32"
"3,92 : 57.87"
"3,93 : 20.1"
"3,94 : 100.18"
"3,95 : 55.47"
"3,96 : 23.09"
"3,97 : 7.28"
"3,98 : 95.27"
"3,99 : 70.04"
"4,0 : 11.4"
"4,1 : 74.89"
"4,2 : 82.88"
"4,3 : 31.32"
"4,4 : 0.0"
"4,5 : 82.07"
"4,6 : 42.52"
"4,7 : 76.92"
"4,8 : 73.57"
"4,9 : 25.3"
"4,10 : 95.52"
"4,11 : 73.76"
"4,12 : 101.4"
"4,13 : 77.88"
"4,14 : 66.53"
"4,15 : 71.42"
"4,16 : 66.03"
"4,17 : 54.04"
"4,18 : 76.22"
"4,19 : 84.31"
"4,20 : 59.4"
"4,21 : 33.14"
"4,22 : 6.4"
"4,23 : 74.33"
"4,24 : 36.69"
"4,25 : 71.18"
"4,26 : 77.03"
"4,27 : 24.76"
"4,28 : 86.45"
"4,29 : 57.04"
"4,30 : 62.97"
"4,31 : 96.33"
"4,32 : 25.24"
"4,33 : 62.65"
"4,34 : 60.41"
"4,35 : 41.11"
"4,36 : 45.28"
"4,37 : 44.6"
"4,38 : 20.62"
"4,39 : 51.09"
"4,40 : 66.47"
"4,41 : 19.7"
"4,42 : 53.15"
"4,43 : 44.92"
"4,44 : 25.0"
"4,45 : 53.49"
"4,46 : 49.04"
"4,47 : 79.31"
"4,48 : 30.53"
"4,49 : 77.41"
"4,50 : 42.15"
"4,51 : 12.37"
"4,52 : 73.44"
"4,53 : 56.0"
"4,54 : 70.72"
"4,55 : 11.05"
"4,56 : 55.61"
"4,57 : 38.28"
"4,58 : 36.24"
"4,59 : 84.17"
"4,60 : 59.41"
"4,61 : 7.81"
"4,62 : 13.42"
"4,63 : 24.7"
"4,64 : 29.43"
"4,65 : 53.37"
"4,66 : 54.04"
"4,67 : 45.18"
"4,68 : 24.08"
"4,69 : 80.23"
"4,70 : 76.66"
"4,71 : 79.06"
"4,72 : 43.68"
"4,73 : 27.8"
"4,74 : 23.71"
"4,75 : 55.15"
"4,76 : 15.13"
"4,77 : 75.95"
"4,78 : 40.31"
"4,79 : 70.77"
"4,80 : 91.93"
"4,81 : 14.42"
"4,82 : 30.81"
"4,83 : 75.13"
"4,84 : 23.6"
"4,85 : 55.44"
"4,86 : 9.22"
"4,87 : 89.89"
"4,88 : 78.0"
"4,89 : 97.95"
"4,90 : 77.1"
"4,91 : 51.97"
"4,92 : 62.48"
"4,93 : 12.21"
"4,94 : 82.2"
"4,95 : 71.34"
"4,96 : 54.13"
"4,97 : 28.07"
"4,98 : 80.1"
"4,99 : 62.64"
"5,0 : 77.42"
"5,1 : 18.97"
"5,2 : 7.81"
"5,3 : 71.59"
"5,4 : 82.07"
"5,5 : 0.0"
"5,6 : 39.6"
"5,7 : 42.95"
"5,8 : 23.09"
"5,9 : 60.0"
"5,10 : 13.45"
"5,11 : 41.76"
"5,12 : 21.59"
"5,13 : 43.38"
"5,14 : 15.56"
"5,15 : 11.18"
"5,16 : 58.31"
"5,17 : 62.03"
"5,18 : 33.24"
"5,19 : 30.0"
"5,20 : 22.8"
"5,21 : 64.88"
"5,22 : 75.69"
"5,23 : 75.93"
"5,24 : 53.31"
"5,25 : 32.28"
"5,26 : 56.61"
"5,27 : 106.79"
"5,28 : 19.85"
"5,29 : 58.01"
"5,30 : 19.1"
"5,31 : 16.49"
"5,32 : 81.86"
"5,33 : 34.01"
"5,34 : 49.0"
"5,35 : 61.98"
"5,36 : 40.72"
"5,37 : 37.8"
"5,38 : 102.53"
"5,39 : 57.22"
"5,40 : 15.81"
"5,41 : 64.4"
"5,42 : 49.16"
"5,43 : 71.06"
"5,44 : 57.28"
"5,45 : 38.33"
"5,46 : 62.39"
"5,47 : 7.62"
"5,48 : 79.62"
"5,49 : 56.08"
"5,50 : 75.0"
"5,51 : 89.4"
"5,52 : 70.09"
"5,53 : 56.14"
"5,54 : 11.4"
"5,55 : 90.61"
"5,56 : 28.64"
"5,57 : 49.24"
"5,58 : 45.97"
"5,59 : 2.24"
"5,60 : 63.01"
"5,61 : 89.83"
"5,62 : 69.66"
"5,63 : 60.75"
"5,64 : 68.43"
"5,65 : 44.72"
"5,66 : 58.31"
"5,67 : 54.12"
"5,68 : 69.77"
"5,69 : 77.49"
"5,70 : 38.63"
"5,71 : 39.82"
"5,72 : 50.0"
"5,73 : 84.17"
"5,74 : 59.55"
"5,75 : 39.32"
"5,76 : 92.42"
"5,77 : 46.49"
"5,78 : 64.2"
"5,79 : 33.24"
"5,80 : 10.0"
"5,81 : 68.12"
"5,82 : 69.78"
"5,83 : 75.19"
"5,84 : 87.98"
"5,85 : 49.25"
"5,86 : 81.57"
"5,87 : 17.89"
"5,88 : 34.0"
"5,89 : 19.24"
"5,90 : 5.0"
"5,91 : 46.87"
"5,92 : 21.54"
"5,93 : 80.43"
"5,94 : 78.11"
"5,95 : 19.03"
"5,96 : 67.36"
"5,97 : 66.24"
"5,98 : 68.35"
"5,99 : 42.19"
"6,0 : 38.91"
"6,1 : 35.44"
"6,2 : 41.05"
"6,3 : 37.05"
"6,4 : 42.52"
"6,5 : 39.6"
"6,6 : 0.0"
"6,7 : 47.3"
"6,8 : 35.51"
"6,9 : 21.54"
"6,10 : 53.04"
"6,11 : 41.76"
"6,12 : 59.08"
"6,13 : 48.27"
"6,14 : 24.04"
"6,15 : 29.21"
"6,16 : 45.34"
"6,17 : 42.8"
"6,18 : 40.11"
"6,19 : 46.17"
"6,20 : 17.2"
"6,21 : 31.02"
"6,22 : 36.12"
"6,23 : 64.35"
"6,24 : 22.14"
"6,25 : 37.12"
"6,26 : 51.97"
"6,27 : 67.21"
"6,28 : 45.54"
"6,29 : 41.73"
"6,30 : 20.52"
"6,31 : 54.41"
"6,32 : 46.53"
"6,33 : 29.61"
"6,34 : 35.0"
"6,35 : 32.28"
"6,36 : 14.21"
"6,37 : 5.39"
"6,38 : 62.94"
"6,39 : 37.01"
"6,40 : 24.21"
"6,41 : 26.0"
"6,42 : 31.89"
"6,43 : 42.45"
"6,44 : 17.69"
"6,45 : 20.12"
"6,46 : 39.96"
"6,47 : 37.44"
"6,48 : 44.41"
"6,49 : 54.56"
"6,50 : 44.55"
"6,51 : 50.61"
"6,52 : 60.21"
"6,53 : 36.88"
"6,54 : 28.32"
"6,55 : 51.09"
"6,56 : 16.12"
"6,57 : 15.52"
"6,58 : 6.4"
"6,59 : 41.73"
"6,60 : 44.2"
"6,61 : 50.25"
"6,62 : 30.53"
"6,63 : 23.54"
"6,64 : 33.14"
"6,65 : 25.61"
"6,66 : 37.2"
"6,67 : 27.29"
"6,68 : 34.23"
"6,69 : 68.68"
"6,70 : 42.76"
"6,71 : 47.52"
"6,72 : 24.41"
"6,73 : 49.37"
"6,74 : 20.25"
"6,75 : 25.5"
"6,76 : 53.71"
"6,77 : 45.88"
"6,78 : 33.96"
"6,79 : 37.22"
"6,80 : 49.52"
"6,81 : 28.84"
"6,82 : 35.06"
"6,83 : 64.35"
"6,84 : 50.33"
"6,85 : 31.14"
"6,86 : 42.2"
"6,87 : 48.33"
"6,88 : 44.05"
"6,89 : 56.3"
"6,90 : 34.66"
"6,91 : 26.17"
"6,92 : 21.54"
"6,93 : 41.34"
"6,94 : 70.18"
"6,95 : 30.36"
"6,96 : 44.29"
"6,97 : 30.27"
"6,98 : 63.25"
"6,99 : 34.93"
"7,0 : 67.42"
"7,1 : 24.19"
"7,2 : 36.06"
"7,3 : 83.49"
"7,4 : 76.92"
"7,5 : 42.95"
"7,6 : 47.3"
"7,7 : 0.0"
"7,8 : 20.25"
"7,9 : 66.07"
"7,10 : 49.82"
"7,11 : 77.23"
"7,12 : 61.39"
"7,13 : 1.0"
"7,14 : 40.31"
"7,15 : 37.01"
"7,16 : 88.32"
"7,17 : 30.48"
"7,18 : 70.72"
"7,19 : 70.8"
"7,20 : 38.28"
"7,21 : 77.93"
"7,22 : 71.81"
"7,23 : 35.01"
"7,24 : 40.26"
"7,25 : 12.04"
"7,26 : 91.21"
"7,27 : 99.54"
"7,28 : 62.27"
"7,29 : 25.5"
"7,30 : 39.82"
"7,31 : 43.05"
"7,32 : 63.51"
"7,33 : 17.72"
"7,34 : 77.52"
"7,35 : 79.56"
"7,36 : 35.06"
"7,37 : 41.98"
"7,38 : 96.21"
"7,39 : 29.21"
"7,40 : 37.48"
"7,41 : 57.49"
"7,42 : 24.17"
"7,43 : 89.74"
"7,44 : 59.01"
"7,45 : 62.18"
"7,46 : 33.97"
"7,47 : 35.34"
"7,48 : 90.14"
"7,49 : 13.34"
"7,50 : 91.78"
"7,51 : 78.29"
"7,52 : 29.02"
"7,53 : 81.86"
"7,54 : 39.05"
"7,55 : 87.8"
"7,56 : 32.7"
"7,57 : 62.82"
"7,58 : 51.48"
"7,59 : 43.08"
"7,60 : 89.47"
"7,61 : 84.12"
"7,62 : 63.79"
"7,63 : 52.39"
"7,64 : 79.4"
"7,65 : 69.32"
"7,66 : 82.86"
"7,67 : 74.0"
"7,68 : 55.04"
"7,69 : 35.36"
"7,70 : 75.66"
"7,71 : 4.12"
"7,72 : 33.24"
"7,73 : 64.4"
"7,74 : 63.0"
"7,75 : 23.0"
"7,76 : 80.5"
"7,77 : 82.22"
"7,78 : 81.25"
"7,79 : 11.4"
"7,80 : 46.1"
"7,81 : 63.35"
"7,82 : 81.5"
"7,83 : 34.0"
"7,84 : 93.26"
"7,85 : 75.13"
"7,86 : 81.22"
"7,87 : 60.84"
"7,88 : 9.22"
"7,89 : 42.01"
"7,90 : 40.82"
"7,91 : 70.68"
"7,92 : 32.2"
"7,93 : 81.74"
"7,94 : 35.69"
"7,95 : 54.49"
"7,96 : 90.82"
"7,97 : 76.32"
"7,98 : 25.71"
"7,99 : 14.32"
"8,0 : 66.22"
"8,1 : 4.12"
"8,2 : 17.03"
"8,3 : 72.44"
"8,4 : 73.57"
"8,5 : 23.09"
"8,6 : 35.51"
"8,7 : 20.25"
"8,8 : 0.0"
"8,9 : 56.75"
"8,10 : 32.06"
"8,11 : 58.01"
"8,12 : 43.05"
"8,13 : 20.81"
"8,14 : 21.1"
"8,15 : 16.97"
"8,16 : 70.77"
"8,17 : 41.0"
"8,18 : 50.99"
"8,19 : 50.61"
"8,20 : 21.38"
"8,21 : 66.19"
"8,22 : 67.6"
"8,23 : 52.95"
"8,24 : 38.9"
"8,25 : 9.22"
"8,26 : 72.4"
"8,27 : 97.91"
"8,28 : 42.06"
"8,29 : 36.5"
"8,30 : 21.54"
"8,31 : 27.51"
"8,32 : 66.84"
"8,33 : 13.42"
"8,34 : 60.17"
"8,35 : 66.07"
"8,36 : 28.3"
"8,37 : 31.05"
"8,38 : 94.03"
"8,39 : 37.0"
"8,40 : 18.36"
"8,41 : 54.08"
"8,42 : 29.15"
"8,43 : 76.16"
"8,44 : 51.26"
"8,45 : 45.61"
"8,46 : 42.38"
"8,47 : 15.52"
"8,48 : 79.91"
"8,49 : 33.11"
"8,50 : 79.01"
"8,51 : 78.1"
"8,52 : 47.07"
"8,53 : 65.52"
"8,54 : 19.1"
"8,55 : 83.65"
"8,56 : 19.42"
"8,57 : 50.04"
"8,58 : 41.23"
"8,59 : 23.54"
"8,60 : 73.08"
"8,61 : 81.3"
"8,62 : 60.21"
"8,63 : 49.41"
"8,64 : 68.59"
"8,65 : 52.89"
"8,66 : 66.94"
"8,67 : 59.41"
"8,68 : 55.87"
"8,69 : 54.41"
"8,70 : 56.08"
"8,71 : 17.69"
"8,72 : 33.42"
"8,73 : 68.6"
"8,74 : 54.71"
"8,75 : 20.81"
"8,76 : 80.81"
"8,77 : 63.01"
"8,78 : 68.03"
"8,79 : 10.2"
"8,80 : 28.02"
"8,81 : 59.17"
"8,82 : 70.46"
"8,83 : 52.17"
"8,84 : 85.44"
"8,85 : 58.52"
"8,86 : 75.64"
"8,87 : 40.85"
"8,88 : 12.04"
"8,89 : 27.73"
"8,90 : 20.59"
"8,91 : 54.57"
"8,92 : 15.13"
"8,93 : 75.39"
"8,94 : 55.03"
"8,95 : 34.71"
"8,96 : 75.5"
"8,97 : 65.76"
"8,98 : 45.31"
"8,99 : 20.22"
"9,0 : 27.17"
"9,1 : 56.92"
"9,2 : 62.27"
"9,3 : 18.03"
"9,4 : 25.3"
"9,5 : 60.0"
"9,6 : 21.54"
"9,7 : 66.07"
"9,8 : 56.75"
"9,9 : 0.0"
"9,10 : 73.25"
"9,11 : 48.66"
"9,12 : 77.83"
"9,13 : 67.07"
"9,14 : 44.65"
"9,15 : 50.25"
"9,16 : 43.17"
"9,17 : 52.84"
"9,18 : 50.92"
"9,19 : 59.09"
"9,20 : 38.47"
"9,21 : 14.21"
"9,22 : 19.42"
"9,23 : 75.29"
"9,24 : 29.97"
"9,25 : 57.22"
"9,26 : 53.34"
"9,27 : 48.55"
"9,28 : 61.85"
"9,29 : 53.71"
"9,30 : 41.34"
"9,31 : 75.47"
"9,32 : 40.16"
"9,33 : 49.04"
"9,34 : 36.01"
"9,35 : 20.25"
"9,36 : 31.02"
"9,37 : 25.71"
"9,38 : 44.1"
"9,39 : 47.85"
"9,40 : 45.28"
"9,41 : 18.87"
"9,42 : 45.88"
"9,43 : 28.32"
"9,44 : 8.06"
"9,45 : 28.23"
"9,46 : 48.55"
"9,47 : 58.67"
"9,48 : 24.08"
"9,49 : 70.83"
"9,50 : 28.3"
"9,51 : 36.35"
"9,52 : 72.45"
"9,53 : 32.98"
"9,54 : 49.09"
"9,55 : 31.4"
"9,56 : 37.36"
"9,57 : 13.0"
"9,58 : 15.52"
"9,59 : 62.2"
"9,60 : 38.08"
"9,61 : 32.2"
"9,62 : 18.44"
"9,63 : 21.21"
"9,64 : 13.93"
"9,65 : 28.28"
"9,66 : 31.62"
"9,67 : 21.38"
"9,68 : 30.53"
"9,69 : 80.53"
"9,70 : 51.42"
"9,71 : 67.01"
"9,72 : 36.06"
"9,73 : 43.32"
"9,74 : 4.24"
"9,75 : 43.1"
"9,76 : 39.46"
"9,77 : 51.16"
"9,78 : 20.62"
"9,79 : 57.14"
"9,80 : 70.0"
"9,81 : 16.49"
"9,82 : 16.16"
"9,83 : 75.66"
"9,84 : 28.79"
"9,85 : 31.02"
"9,86 : 22.02"
"9,87 : 65.6"
"9,88 : 64.28"
"9,89 : 77.52"
"9,90 : 55.22"
"9,91 : 27.07"
"9,92 : 43.08"
"9,93 : 20.52"
"9,94 : 82.3"
"9,95 : 47.01"
"9,96 : 34.67"
"9,97 : 10.77"
"9,98 : 77.25"
"9,99 : 52.35"
"10,0 : 90.8"
"10,1 : 28.16"
"10,2 : 15.3"
"10,3 : 84.12"
"10,4 : 95.52"
"10,5 : 13.45"
"10,6 : 53.04"
"10,7 : 49.82"
"10,8 : 32.06"
"10,9 : 73.25"
"10,10 : 0.0"
"10,11 : 49.04"
"10,12 : 11.7"
"10,13 : 50.01"
"10,14 : 29.0"
"10,15 : 24.41"
"10,16 : 67.12"
"10,17 : 72.84"
"10,18 : 40.05"
"10,19 : 33.96"
"10,20 : 36.24"
"10,21 : 77.41"
"10,22 : 89.14"
"10,23 : 84.38"
"10,24 : 66.19"
"10,25 : 41.0"
"10,26 : 63.39"
"10,27 : 120.24"
"10,28 : 22.56"
"10,29 : 68.47"
"10,30 : 32.56"
"10,31 : 9.22"
"10,32 : 94.83"
"10,33 : 44.72"
"10,34 : 58.86"
"10,35 : 73.93"
"10,36 : 53.71"
"10,37 : 51.22"
"10,38 : 115.97"
"10,39 : 68.45"
"10,40 : 29.21"
"10,41 : 77.8"
"10,42 : 60.42"
"10,43 : 82.54"
"10,44 : 70.71"
"10,45 : 50.16"
"10,46 : 73.76"
"10,47 : 18.03"
"10,48 : 92.18"
"10,49 : 63.15"
"10,50 : 86.73"
"10,51 : 102.8"
"10,52 : 78.41"
"10,53 : 66.49"
"10,54 : 24.84"
"10,55 : 104.0"
"10,56 : 41.68"
"10,57 : 62.13"
"10,58 : 59.4"
"10,59 : 11.4"
"10,60 : 72.84"
"10,61 : 103.28"
"10,62 : 83.1"
"10,63 : 74.06"
"10,64 : 81.12"
"10,65 : 55.97"
"10,66 : 68.88"
"10,67 : 65.92"
"10,68 : 82.86"
"10,69 : 85.16"
"10,70 : 45.18"
"10,71 : 46.1"
"10,72 : 62.39"
"10,73 : 97.05"
"10,74 : 72.92"
"10,75 : 50.96"
"10,76 : 105.8"
"10,77 : 53.24"
"10,78 : 76.16"
"10,79 : 42.0"
"10,80 : 4.12"
"10,81 : 81.57"
"10,82 : 82.37"
"10,83 : 83.49"
"10,84 : 100.96"
"10,85 : 59.91"
"10,86 : 94.92"
"10,87 : 18.03"
"10,88 : 40.61"
"10,89 : 12.21"
"10,90 : 18.44"
"10,91 : 58.19"
"10,92 : 34.48"
"10,93 : 93.72"
"10,94 : 85.51"
"10,95 : 29.41"
"10,96 : 77.88"
"10,97 : 79.08"
"10,98 : 75.5"
"10,99 : 52.24"
"11,0 : 75.17"
"11,1 : 54.92"
"11,2 : 49.04"
"11,3 : 48.88"
"11,4 : 73.76"
"11,5 : 41.76"
"11,6 : 41.76"
"11,7 : 77.23"
"11,8 : 58.01"
"11,9 : 48.66"
"11,10 : 49.04"
"11,11 : 0.0"
"11,12 : 45.89"
"11,13 : 77.99"
"11,14 : 37.01"
"11,15 : 41.34"
"11,16 : 18.97"
"11,17 : 83.19"
"11,18 : 9.0"
"11,19 : 17.09"
"11,20 : 39.7"
"11,21 : 43.38"
"11,22 : 68.07"
"11,23 : 103.17"
"11,24 : 63.89"
"11,25 : 65.19"
"11,26 : 14.87"
"11,27 : 95.27"
"11,28 : 27.17"
"11,29 : 81.12"
"11,30 : 37.48"
"11,31 : 56.57"
"11,32 : 86.15"
"11,33 : 61.62"
"11,34 : 15.0"
"11,35 : 36.36"
"11,36 : 54.13"
"11,37 : 45.31"
"11,38 : 90.82"
"11,39 : 77.37"
"11,40 : 39.82"
"11,41 : 64.03"
"11,42 : 70.83"
"11,43 : 41.01"
"11,44 : 52.01"
"11,45 : 22.2"
"11,46 : 81.02"
"11,47 : 47.01"
"11,48 : 56.04"
"11,49 : 88.41"
"11,50 : 45.97"
"11,51 : 85.0"
"11,52 : 98.23"
"11,53 : 22.63"
"11,54 : 39.12"
"11,55 : 77.83"
"11,56 : 47.2"
"11,57 : 36.12"
"11,58 : 44.55"
"11,59 : 43.42"
"11,60 : 26.42"
"11,61 : 80.08"
"11,62 : 66.12"
"11,63 : 63.39"
"11,64 : 47.85"
"11,65 : 20.4"
"11,66 : 25.46"
"11,67 : 29.55"
"11,68 : 74.43"
"11,69 : 106.61"
"11,70 : 4.47"
"11,71 : 75.43"
"11,72 : 65.39"
"11,73 : 89.2"
"11,74 : 51.24"
"11,75 : 61.85"
"11,76 : 88.12"
"11,77 : 5.0"
"11,78 : 38.28"
"11,79 : 65.86"
"11,80 : 48.37"
"11,81 : 64.12"
"11,82 : 47.89"
"11,83 : 102.9"
"11,84 : 67.74"
"11,85 : 19.24"
"11,86 : 68.62"
"11,87 : 32.25"
"11,88 : 70.0"
"11,89 : 59.68"
"11,90 : 40.31"
"11,91 : 21.84"
"11,92 : 45.25"
"11,93 : 66.13"
"11,94 : 107.8"
"11,95 : 23.71"
"11,96 : 33.02"
"11,97 : 47.54"
"11,98 : 99.36"
"11,99 : 69.66"
"12,0 : 97.75"
"12,1 : 39.01"
"12,2 : 26.02"
"12,3 : 86.61"
"12,4 : 101.4"
"12,5 : 21.59"
"12,6 : 59.08"
"12,7 : 61.39"
"12,8 : 43.05"
"12,9 : 77.83"
"12,10 : 11.7"
"12,11 : 45.89"
"12,12 : 0.0"
"12,13 : 61.61"
"12,14 : 35.78"
"12,15 : 32.57"
"12,16 : 64.76"
"12,17 : 83.29"
"12,18 : 37.11"
"12,19 : 29.15"
"12,20 : 43.38"
"12,21 : 80.0"
"12,22 : 95.0"
"12,23 : 95.75"
"12,24 : 74.67"
"12,25 : 52.15"
"12,26 : 59.14"
"12,27 : 125.88"
"12,28 : 18.97"
"12,29 : 79.1"
"12,30 : 39.36"
"12,31 : 20.25"
"12,32 : 103.08"
"12,33 : 55.15"
"12,34 : 57.94"
"12,35 : 75.47"
"12,36 : 62.03"
"12,37 : 58.18"
"12,38 : 121.51"
"12,39 : 78.64"
"12,40 : 36.77"
"12,41 : 84.72"
"12,42 : 70.58"
"12,43 : 83.19"
"12,44 : 76.4"
"12,45 : 52.2"
"12,46 : 83.86"
"12,47 : 28.07"
"12,48 : 94.63"
"12,49 : 74.73"
"12,50 : 87.71"
"12,51 : 109.6"
"12,52 : 89.81"
"12,53 : 65.92"
"12,54 : 32.31"
"12,55 : 109.12"
"12,56 : 49.98"
"12,57 : 65.8"
"12,58 : 65.22"
"12,59 : 20.22"
"12,60 : 71.47"
"12,61 : 109.02"
"12,62 : 89.59"
"12,63 : 81.41"
"12,64 : 84.02"
"12,65 : 56.94"
"12,66 : 68.54"
"12,67 : 67.42"
"12,68 : 90.87"
"12,69 : 96.69"
"12,70 : 41.59"
"12,71 : 57.72"
"12,72 : 71.57"
"12,73 : 105.48"
"12,74 : 78.1"
"12,75 : 60.83"
"12,76 : 112.68"
"12,77 : 49.37"
"12,78 : 77.7"
"12,79 : 53.15"
"12,80 : 15.3"
"12,81 : 87.92"
"12,82 : 85.0"
"12,83 : 94.89"
"12,84 : 104.35"
"12,85 : 59.93"
"12,86 : 99.82"
"12,87 : 13.93"
"12,88 : 52.17"
"12,89 : 22.8"
"12,90 : 26.25"
"12,91 : 59.17"
"12,92 : 43.01"
"12,93 : 98.31"
"12,94 : 97.08"
"12,95 : 31.24"
"12,96 : 77.25"
"12,97 : 82.33"
"12,98 : 87.1"
"12,99 : 63.01"
"13,0 : 68.35"
"13,1 : 24.7"
"13,2 : 36.4"
"13,3 : 84.48"
"13,4 : 77.88"
"13,5 : 43.38"
"13,6 : 48.27"
"13,7 : 1.0"
"13,8 : 20.81"
"13,9 : 67.07"
"13,10 : 50.01"
"13,11 : 77.99"
"13,12 : 61.61"
"13,13 : 0.0"
"13,14 : 41.04"
"13,15 : 37.64"
"13,16 : 89.19"
"13,17 : 31.14"
"13,18 : 71.42"
"13,19 : 71.4"
"13,20 : 39.12"
"13,21 : 78.92"
"13,22 : 72.78"
"13,23 : 35.06"
"13,24 : 41.23"
"13,25 : 12.81"
"13,26 : 92.01"
"13,27 : 100.46"
"13,28 : 62.77"
"13,29 : 26.17"
"13,30 : 40.61"
"13,31 : 43.1"
"13,32 : 64.35"
"13,33 : 18.68"
"13,34 : 78.39"
"13,35 : 80.52"
"13,36 : 36.06"
"13,37 : 42.95"
"13,38 : 97.14"
"13,39 : 30.0"
"13,40 : 38.21"
"13,41 : 58.46"
"13,42 : 25.08"
"13,43 : 90.71"
"13,44 : 60.01"
"13,45 : 63.06"
"13,46 : 34.71"
"13,47 : 35.78"
"13,48 : 91.14"
"13,49 : 13.15"
"13,50 : 92.76"
"13,51 : 79.2"
"13,52 : 29.07"
"13,53 : 82.76"
"13,54 : 39.7"
"13,55 : 88.77"
"13,56 : 33.62"
"13,57 : 63.79"
"13,58 : 52.47"
"13,59 : 43.46"
"13,60 : 90.38"
"13,61 : 85.07"
"13,62 : 64.76"
"13,63 : 53.37"
"13,64 : 80.4"
"13,65 : 70.21"
"13,66 : 83.77"
"13,67 : 74.95"
"13,68 : 55.95"
"13,69 : 35.23"
"13,70 : 76.38"
"13,71 : 4.0"
"13,72 : 34.21"
"13,73 : 65.22"
"13,74 : 64.0"
"13,75 : 24.0"
"13,76 : 81.39"
"13,77 : 82.98"
"13,78 : 82.23"
"13,79 : 12.21"
"13,80 : 46.32"
"13,81 : 64.33"
"13,82 : 82.49"
"13,83 : 34.01"
"13,84 : 94.26"
"13,85 : 76.03"
"13,86 : 82.2"
"13,87 : 61.27"
"13,88 : 9.49"
"13,89 : 42.0"
"13,90 : 41.34"
"13,91 : 71.59"
"13,92 : 33.02"
"13,93 : 82.73"
"13,94 : 35.51"
"13,95 : 55.17"
"13,96 : 91.76"
"13,97 : 77.32"
"13,98 : 25.5"
"13,99 : 15.3"
"14,0 : 62.13"
"14,1 : 18.38"
"14,2 : 18.03"
"14,3 : 57.25"
"14,4 : 66.53"
"14,5 : 15.56"
"14,6 : 24.04"
"14,7 : 40.31"
"14,8 : 21.1"
"14,9 : 44.65"
"14,10 : 29.0"
"14,11 : 37.01"
"14,12 : 35.78"
"14,13 : 41.04"
"14,14 : 0.0"
"14,15 : 6.08"
"14,16 : 49.98"
"14,17 : 51.79"
"14,18 : 30.48"
"14,19 : 31.78"
"14,20 : 7.62"
"14,21 : 50.6"
"14,22 : 60.14"
"14,23 : 68.94"
"14,24 : 39.29"
"14,25 : 28.28"
"14,26 : 51.31"
"14,27 : 91.24"
"14,28 : 26.08"
"14,29 : 48.51"
"14,30 : 3.61"
"14,31 : 30.89"
"14,32 : 67.42"
"14,33 : 25.94"
"14,34 : 39.56"
"14,35 : 48.66"
"14,36 : 26.68"
"14,37 : 22.47"
"14,38 : 86.98"
"14,39 : 46.39"
"14,40 : 2.83"
"14,41 : 49.09"
"14,42 : 38.64"
"14,43 : 58.31"
"14,44 : 41.73"
"14,45 : 26.02"
"14,46 : 51.16"
"14,47 : 14.56"
"14,48 : 65.19"
"14,49 : 52.01"
"14,50 : 61.81"
"14,51 : 74.06"
"14,52 : 63.51"
"14,53 : 45.54"
"14,54 : 4.47"
"14,55 : 75.07"
"14,56 : 15.03"
"14,57 : 34.54"
"14,58 : 30.41"
"14,59 : 17.69"
"14,60 : 52.95"
"14,61 : 74.28"
"14,62 : 54.2"
"14,63 : 45.65"
"14,64 : 53.85"
"14,65 : 33.14"
"14,66 : 47.27"
"14,67 : 41.19"
"14,68 : 55.15"
"14,69 : 71.59"
"14,70 : 35.36"
"14,71 : 38.42"
"14,72 : 37.12"
"14,73 : 69.89"
"14,74 : 44.05"
"14,75 : 28.64"
"14,76 : 77.1"
"14,77 : 42.01"
"14,78 : 50.8"
"14,79 : 29.0"
"14,80 : 25.5"
"14,81 : 52.63"
"14,82 : 55.36"
"14,83 : 68.45"
"14,84 : 72.95"
"14,85 : 38.47"
"14,86 : 66.07"
"14,87 : 27.17"
"14,88 : 33.02"
"14,89 : 33.11"
"14,90 : 10.63"
"14,91 : 35.06"
"14,92 : 9.49"
"14,93 : 65.0"
"14,94 : 72.56"
"14,95 : 14.42"
"14,96 : 56.14"
"14,97 : 51.48"
"14,98 : 63.51"
"14,99 : 34.44"
"15,0 : 66.4"
"15,1 : 13.6"
"15,2 : 12.08"
"15,3 : 63.25"
"15,4 : 71.42"
"15,5 : 11.18"
"15,6 : 29.21"
"15,7 : 37.01"
"15,8 : 16.97"
"15,9 : 50.25"
"15,10 : 24.41"
"15,11 : 41.34"
"15,12 : 32.57"
"15,13 : 37.64"
"15,14 : 6.08"
"15,15 : 0.0"
"15,16 : 55.36"
"15,17 : 52.09"
"15,18 : 34.06"
"15,19 : 33.84"
"15,20 : 12.04"
"15,21 : 56.61"
"15,22 : 65.07"
"15,23 : 67.68"
"15,24 : 42.15"
"15,25 : 25.24"
"15,26 : 55.95"
"15,27 : 96.18"
"15,28 : 26.25"
"15,29 : 48.37"
"15,30 : 8.94"
"15,31 : 25.24"
"15,32 : 70.68"
"15,33 : 24.74"
"15,34 : 45.12"
"15,35 : 54.74"
"15,36 : 29.55"
"15,37 : 26.91"
"15,38 : 91.97"
"15,39 : 47.0"
"15,40 : 5.0"
"15,41 : 53.41"
"15,42 : 39.01"
"15,43 : 64.38"
"15,44 : 46.86"
"15,45 : 32.0"
"15,46 : 52.04"
"15,47 : 8.54"
"15,48 : 71.17"
"15,49 : 49.4"
"15,50 : 67.9"
"15,51 : 78.41"
"15,52 : 62.03"
"15,53 : 51.35"
"15,54 : 2.24"
"15,55 : 80.28"
"15,56 : 17.46"
"15,57 : 40.5"
"15,58 : 35.61"
"15,59 : 13.04"
"15,60 : 58.69"
"15,61 : 79.21"
"15,62 : 58.8"
"15,63 : 49.65"
"15,64 : 59.81"
"15,65 : 39.05"
"15,66 : 53.15"
"15,67 : 47.27"
"15,68 : 58.59"
"15,69 : 69.86"
"15,70 : 39.2"
"15,71 : 34.66"
"15,72 : 39.05"
"15,73 : 73.01"
"15,74 : 49.41"
"15,75 : 29.0"
"15,76 : 81.4"
"15,77 : 46.32"
"15,78 : 56.89"
"15,79 : 26.08"
"15,80 : 20.62"
"15,81 : 57.31"
"15,82 : 61.35"
"15,83 : 67.07"
"15,84 : 78.71"
"15,85 : 44.28"
"15,86 : 71.4"
"15,87 : 26.17"
"15,88 : 29.0"
"15,89 : 27.29"
"15,90 : 6.32"
"15,91 : 41.01"
"15,92 : 10.44"
"15,93 : 70.46"
"15,94 : 70.68"
"15,95 : 17.8"
"15,96 : 62.07"
"15,97 : 57.38"
"15,98 : 61.29"
"15,99 : 33.24"
"16,0 : 70.21"
"16,1 : 68.35"
"16,2 : 64.94"
"16,3 : 36.67"
"16,4 : 66.03"
"16,5 : 58.31"
"16,6 : 45.34"
"16,7 : 88.32"
"16,8 : 70.77"
"16,9 : 43.17"
"16,10 : 67.12"
"16,11 : 18.97"
"16,12 : 64.76"
"16,13 : 89.19"
"16,14 : 49.98"
"16,15 : 55.36"
"16,16 : 0.0"
"16,17 : 88.09"
"16,18 : 27.66"
"16,19 : 36.06"
"16,20 : 50.12"
"16,21 : 33.02"
"16,22 : 61.29"
"16,23 : 109.66"
"16,24 : 66.29"
"16,25 : 76.54"
"16,26 : 11.7"
"16,27 : 84.53"
"16,28 : 45.89"
"16,29 : 87.05"
"16,30 : 49.24"
"16,31 : 74.03"
"16,32 : 83.24"
"16,33 : 71.28"
"16,34 : 10.82"
"16,35 : 25.02"
"16,36 : 59.41"
"16,37 : 50.21"
"16,38 : 80.23"
"16,39 : 82.33"
"16,40 : 52.55"
"16,41 : 61.35"
"16,42 : 77.08"
"16,43 : 25.5"
"16,44 : 49.04"
"16,45 : 26.4"
"16,46 : 85.0"
"16,47 : 62.37"
"16,48 : 42.38"
"16,49 : 98.01"
"16,50 : 30.41"
"16,51 : 78.16"
"16,52 : 105.36"
"16,53 : 10.2"
"16,54 : 53.16"
"16,55 : 67.6"
"16,56 : 56.04"
"16,57 : 33.54"
"16,58 : 45.49"
"16,59 : 60.21"
"16,60 : 8.6"
"16,61 : 71.11"
"16,62 : 61.61"
"16,63 : 62.24"
"16,64 : 37.12"
"16,65 : 19.8"
"16,66 : 12.0"
"16,67 : 21.84"
"16,68 : 72.8"
"16,69 : 113.85"
"16,70 : 23.41"
"16,71 : 87.24"
"16,72 : 69.66"
"16,73 : 86.4"
"16,74 : 46.84"
"16,75 : 69.53"
"16,76 : 81.1"
"16,77 : 16.64"
"16,78 : 26.17"
"16,79 : 77.03"
"16,80 : 66.0"
"16,81 : 59.67"
"16,82 : 36.35"
"16,83 : 109.62"
"16,84 : 54.71"
"16,85 : 14.21"
"16,86 : 59.14"
"16,87 : 50.99"
"16,88 : 82.29"
"16,89 : 77.06"
"16,90 : 55.9"
"16,91 : 19.21"
"16,92 : 56.36"
"16,93 : 56.22"
"16,94 : 115.28"
"16,95 : 39.32"
"16,96 : 15.81"
"16,97 : 38.0"
"16,98 : 107.81"
"16,99 : 78.41"
"17,0 : 43.01"
"17,1 : 44.72"
"17,2 : 57.56"
"17,3 : 70.66"
"17,4 : 54.04"
"17,5 : 62.03"
"17,6 : 42.8"
"17,7 : 30.48"
"17,8 : 41.0"
"17,9 : 52.84"
"17,10 : 72.84"
"17,11 : 83.19"
"17,12 : 83.29"
"17,13 : 31.14"
"17,14 : 51.79"
"17,15 : 52.09"
"17,16 : 88.09"
"17,17 : 0.0"
"17,18 : 79.48"
"17,19 : 82.97"
"17,20 : 45.61"
"17,21 : 66.89"
"17,22 : 50.49"
"17,23 : 22.47"
"17,24 : 23.02"
"17,25 : 32.89"
"17,26 : 94.58"
"17,27 : 73.55"
"17,28 : 77.78"
"17,29 : 5.0"
"17,30 : 49.24"
"17,31 : 68.41"
"17,32 : 35.11"
"17,33 : 28.16"
"17,34 : 77.8"
"17,35 : 71.4"
"17,36 : 29.15"
"17,37 : 38.28"
"17,38 : 70.86"
"17,39 : 5.83"
"17,40 : 49.5"
"17,41 : 37.36"
"17,42 : 13.15"
"17,43 : 80.71"
"17,44 : 44.78"
"17,45 : 62.68"
"17,46 : 5.0"
"17,47 : 55.23"
"17,48 : 75.39"
"17,49 : 25.08"
"17,50 : 81.12"
"17,51 : 51.97"
"17,52 : 19.92"
"17,53 : 79.25"
"17,54 : 53.24"
"17,55 : 65.01"
"17,56 : 37.36"
"17,57 : 55.9"
"17,58 : 43.14"
"17,59 : 63.13"
"17,60 : 86.27"
"17,61 : 60.07"
"17,62 : 42.76"
"17,63 : 32.89"
"17,64 : 66.65"
"17,65 : 68.41"
"17,66 : 79.2"
"17,67 : 68.62"
"17,68 : 30.0"
"17,69 : 27.73"
"17,70 : 83.26"
"17,71 : 34.21"
"17,72 : 18.44"
"17,73 : 35.34"
"17,74 : 48.76"
"17,75 : 23.19"
"17,76 : 53.6"
"17,77 : 87.71"
"17,78 : 72.42"
"17,79 : 31.95"
"17,80 : 68.73"
"17,81 : 43.17"
"17,82 : 68.88"
"17,83 : 22.83"
"17,84 : 74.73"
"17,85 : 73.88"
"17,86 : 60.67"
"17,87 : 78.23"
"17,88 : 36.72"
"17,89 : 68.31"
"17,90 : 58.01"
"17,91 : 68.88"
"17,92 : 42.43"
"17,93 : 62.17"
"17,94 : 29.55"
"17,95 : 65.25"
"17,96 : 85.15"
"17,97 : 63.53"
"17,98 : 26.08"
"17,99 : 20.88"
"18,0 : 76.3"
"18,1 : 47.63"
"18,2 : 40.72"
"18,3 : 54.04"
"18,4 : 76.22"
"18,5 : 33.24"
"18,6 : 40.11"
"18,7 : 70.72"
"18,8 : 50.99"
"18,9 : 50.92"
"18,10 : 40.05"
"18,11 : 9.0"
"18,12 : 37.11"
"18,13 : 71.42"
"18,14 : 30.48"
"18,15 : 34.06"
"18,16 : 27.66"
"18,17 : 79.48"
"18,18 : 0.0"
"18,19 : 9.22"
"18,20 : 34.48"
"18,21 : 48.01"
"18,22 : 70.21"
"18,23 : 98.49"
"18,24 : 61.81"
"18,25 : 58.73"
"18,26 : 23.54"
"18,27 : 98.84"
"18,28 : 18.25"
"18,29 : 76.97"
"18,30 : 31.62"
"18,31 : 47.68"
"18,32 : 86.09"
"18,33 : 56.04"
"18,34 : 21.63"
"18,35 : 41.77"
"18,36 : 50.96"
"18,37 : 42.76"
"18,38 : 94.37"
"18,39 : 73.74"
"18,40 : 33.3"
"18,41 : 64.38"
"18,42 : 66.71"
"18,43 : 47.8"
"18,44 : 52.95"
"18,45 : 22.8"
"18,46 : 77.79"
"18,47 : 38.95"
"18,48 : 61.62"
"18,49 : 82.46"
"18,50 : 52.63"
"18,51 : 86.83"
"18,52 : 93.3"
"18,53 : 29.68"
"18,54 : 31.89"
"18,55 : 81.39"
"18,56 : 42.49"
"18,57 : 37.95"
"18,58 : 44.05"
"18,59 : 34.79"
"18,60 : 34.54"
"18,61 : 83.01"
"18,62 : 67.27"
"18,63 : 63.03"
"18,64 : 52.43"
"18,65 : 23.85"
"18,66 : 32.45"
"18,67 : 34.21"
"18,68 : 74.01"
"18,69 : 101.55"
"18,70 : 5.39"
"18,71 : 68.62"
"18,72 : 62.36"
"18,73 : 89.05"
"18,74 : 52.89"
"18,75 : 57.25"
"18,76 : 89.99"
"18,77 : 13.34"
"18,78 : 43.86"
"18,79 : 59.46"
"18,80 : 39.46"
"18,81 : 65.31"
"18,82 : 52.8"
"18,83 : 98.11"
"18,84 : 72.8"
"18,85 : 24.76"
"18,86 : 72.01"
"18,87 : 23.35"
"18,88 : 63.03"
"18,89 : 50.8"
"18,90 : 32.25"
"18,91 : 25.81"
"18,92 : 39.41"
"18,93 : 69.77"
"18,94 : 102.63"
"18,95 : 16.28"
"18,96 : 40.71"
"18,97 : 51.62"
"18,98 : 93.81"
"18,99 : 64.35"
"19,0 : 83.68"
"19,1 : 46.86"
"19,2 : 37.8"
"19,3 : 63.13"
"19,4 : 84.31"
"19,5 : 30.0"
"19,6 : 46.17"
"19,7 : 70.8"
"19,8 : 50.61"
"19,9 : 59.09"
"19,10 : 33.96"
"19,11 : 17.09"
"19,12 : 29.15"
"19,13 : 71.4"
"19,14 : 31.78"
"19,15 : 33.84"
"19,16 : 36.06"
"19,17 : 82.97"
"19,18 : 9.22"
"19,19 : 0.0"
"19,20 : 37.36"
"19,21 : 57.01"
"19,22 : 78.19"
"19,23 : 100.72"
"19,24 : 67.07"
"19,25 : 59.08"
"19,26 : 30.02"
"19,27 : 107.35"
"19,28 : 11.4"
"19,29 : 80.01"
"19,30 : 33.84"
"19,31 : 42.38"
"19,32 : 92.66"
"19,33 : 57.7"
"19,34 : 30.81"
"19,35 : 50.93"
"19,36 : 55.44"
"19,37 : 48.01"
"19,38 : 102.88"
"19,39 : 77.37"
"19,40 : 34.44"
"19,41 : 71.39"
"19,42 : 69.92"
"19,43 : 57.01"
"19,44 : 60.44"
"19,45 : 30.87"
"19,46 : 81.79"
"19,47 : 36.8"
"19,48 : 70.77"
"19,49 : 83.22"
"19,50 : 61.85"
"19,51 : 94.56"
"19,52 : 95.27"
"19,53 : 38.83"
"19,54 : 31.91"
"19,55 : 89.94"
"19,56 : 45.61"
"19,57 : 46.1"
"19,58 : 50.8"
"19,59 : 31.06"
"19,60 : 43.38"
"19,61 : 91.29"
"19,62 : 74.73"
"19,63 : 69.58"
"19,64 : 61.4"
"19,65 : 32.8"
"19,66 : 41.62"
"19,67 : 43.28"
"19,68 : 80.4"
"19,69 : 103.31"
"19,70 : 12.65"
"19,71 : 68.25"
"19,72 : 66.75"
"19,73 : 95.52"
"19,74 : 60.75"
"19,75 : 60.08"
"19,76 : 97.72"
"19,77 : 20.22"
"19,78 : 53.04"
"19,79 : 59.91"
"19,80 : 34.18"
"19,81 : 72.8"
"19,82 : 61.85"
"19,83 : 100.22"
"19,84 : 81.84"
"19,85 : 33.97"
"19,86 : 80.53"
"19,87 : 16.12"
"19,88 : 62.48"
"19,89 : 45.54"
"19,90 : 30.41"
"19,91 : 34.83"
"19,92 : 41.23"
"19,93 : 78.39"
"19,94 : 104.24"
"19,95 : 17.72"
"19,96 : 49.74"
"19,97 : 60.46"
"19,98 : 95.02"
"19,99 : 66.21"
"20,0 : 54.64"
"20,1 : 20.0"
"20,2 : 23.85"
"20,3 : 52.39"
"20,4 : 59.4"
"20,5 : 22.8"
"20,6 : 17.2"
"20,7 : 38.28"
"20,8 : 21.38"
"20,9 : 38.47"
"20,10 : 36.24"
"20,11 : 39.7"
"20,12 : 43.38"
"20,13 : 39.12"
"20,14 : 7.62"
"20,15 : 12.04"
"20,16 : 50.12"
"20,17 : 45.61"
"20,18 : 34.48"
"20,19 : 37.36"
"20,20 : 0.0"
"20,21 : 45.89"
"20,22 : 53.04"
"20,23 : 64.01"
"20,24 : 31.78"
"20,25 : 26.42"
"20,26 : 53.15"
"20,27 : 84.15"
"20,28 : 33.02"
"20,29 : 42.72"
"20,30 : 4.12"
"20,31 : 37.2"
"20,32 : 59.81"
"20,33 : 21.93"
"20,34 : 39.36"
"20,35 : 45.01"
"20,36 : 19.24"
"20,37 : 15.0"
"20,38 : 79.93"
"20,39 : 40.02"
"20,40 : 7.07"
"20,41 : 41.62"
"20,42 : 32.57"
"20,43 : 55.01"
"20,44 : 34.83"
"20,45 : 24.35"
"20,46 : 44.55"
"20,47 : 20.25"
"20,48 : 60.17"
"20,49 : 48.8"
"20,50 : 58.08"
"20,51 : 66.61"
"20,52 : 58.83"
"20,53 : 44.27"
"20,54 : 11.4"
"20,55 : 68.25"
"20,56 : 8.25"
"20,57 : 29.61"
"20,58 : 23.6"
"20,59 : 24.84"
"20,60 : 51.87"
"20,61 : 67.18"
"20,62 : 46.86"
"20,63 : 38.08"
"20,64 : 48.76"
"20,65 : 31.62"
"20,66 : 45.61"
"20,67 : 38.12"
"20,68 : 47.54"
"20,69 : 67.12"
"20,70 : 38.83"
"20,71 : 37.12"
"20,72 : 30.0"
"20,73 : 62.3"
"20,74 : 37.44"
"20,75 : 22.85"
"20,76 : 69.63"
"20,77 : 44.6"
"20,78 : 47.04"
"20,79 : 26.93"
"20,80 : 32.56"
"20,81 : 45.34"
"20,82 : 50.45"
"20,83 : 63.63"
"20,84 : 67.12"
"20,85 : 37.34"
"20,86 : 59.41"
"20,87 : 34.53"
"20,88 : 32.31"
"20,89 : 39.12"
"20,90 : 17.8"
"20,91 : 33.24"
"20,92 : 6.32"
"20,93 : 58.52"
"20,94 : 68.24"
"20,95 : 19.65"
"20,96 : 54.13"
"20,97 : 46.17"
"20,98 : 59.67"
"20,99 : 30.0"
"21,0 : 38.63"
"21,1 : 65.62"
"21,2 : 68.62"
"21,3 : 6.71"
"21,4 : 33.14"
"21,5 : 64.88"
"21,6 : 31.02"
"21,7 : 77.93"
"21,8 : 66.19"
"21,9 : 14.21"
"21,10 : 77.41"
"21,11 : 43.38"
"21,12 : 80.0"
"21,13 : 78.92"
"21,14 : 50.6"
"21,15 : 56.61"
"21,16 : 33.02"
"21,17 : 66.89"
"21,18 : 48.01"
"21,19 : 57.01"
"21,20 : 45.89"
"21,21 : 0.0"
"21,22 : 28.86"
"21,23 : 89.36"
"21,24 : 43.91"
"21,25 : 68.12"
"21,26 : 44.28"
"21,27 : 52.2"
"21,28 : 62.29"
"21,29 : 67.54"
"21,30 : 47.8"
"21,31 : 81.15"
"21,32 : 52.77"
"21,33 : 60.41"
"21,34 : 28.79"
"21,35 : 8.0"
"21,36 : 43.17"
"21,37 : 36.12"
"21,38 : 47.8"
"21,39 : 61.77"
"21,40 : 51.92"
"21,41 : 32.65"
"21,42 : 59.24"
"21,43 : 14.14"
"21,44 : 22.2"
"21,45 : 27.8"
"21,46 : 62.68"
"21,47 : 65.15"
"21,48 : 14.76"
"21,49 : 83.82"
"21,50 : 14.32"
"21,51 : 45.4"
"21,52 : 86.35"
"21,53 : 23.19"
"21,54 : 55.03"
"21,55 : 34.93"
"21,56 : 47.01"
"21,57 : 16.28"
"21,58 : 26.48"
"21,59 : 67.12"
"21,60 : 26.31"
"21,61 : 38.12"
"21,62 : 30.89"
"21,63 : 35.38"
"21,64 : 4.47"
"21,65 : 24.21"
"21,66 : 21.02"
"21,67 : 13.89"
"21,68 : 44.2"
"21,69 : 94.51"
"21,70 : 47.01"
"21,71 : 78.41"
"21,72 : 49.66"
"21,73 : 55.9"
"21,74 : 18.44"
"21,75 : 55.32"
"21,76 : 48.26"
"21,77 : 44.6"
"21,78 : 7.28"
"21,79 : 68.18"
"21,80 : 74.69"
"21,81 : 29.15"
"21,82 : 5.0"
"21,83 : 89.69"
"21,84 : 24.84"
"21,85 : 24.17"
"21,86 : 26.17"
"21,87 : 66.71"
"21,88 : 75.06"
"21,89 : 83.57"
"21,90 : 60.54"
"21,91 : 22.2"
"21,92 : 51.48"
"21,93 : 23.35"
"21,94 : 96.25"
"21,95 : 48.83"
"21,96 : 21.54"
"21,97 : 5.1"
"21,98 : 90.87"
"21,99 : 64.76"
"22,0 : 10.63"
"22,1 : 68.8"
"22,2 : 76.58"
"22,3 : 28.18"
"22,4 : 6.4"
"22,5 : 75.69"
"22,6 : 36.12"
"22,7 : 71.81"
"22,8 : 67.6"
"22,9 : 19.42"
"22,10 : 89.14"
"22,11 : 68.07"
"22,12 : 95.0"
"22,13 : 72.78"
"22,14 : 60.14"
"22,15 : 65.07"
"22,16 : 61.29"
"22,17 : 50.49"
"22,18 : 70.21"
"22,19 : 78.19"
"22,20 : 53.04"
"22,21 : 28.86"
"22,22 : 0.0"
"22,23 : 71.57"
"22,24 : 31.58"
"22,25 : 65.55"
"22,26 : 72.03"
"22,27 : 31.11"
"22,28 : 80.13"
"22,29 : 53.08"
"22,30 : 56.59"
"22,31 : 90.03"
"22,32 : 25.5"
"22,33 : 57.01"
"22,34 : 55.08"
"22,35 : 36.67"
"22,36 : 39.36"
"22,37 : 38.29"
"22,38 : 26.91"
"22,39 : 47.04"
"22,40 : 60.11"
"22,41 : 14.32"
"22,42 : 48.37"
"22,43 : 41.63"
"22,44 : 18.6"
"22,45 : 47.43"
"22,46 : 45.54"
"22,47 : 73.0"
"22,48 : 29.0"
"22,49 : 73.06"
"22,50 : 39.45"
"22,51 : 17.03"
"22,52 : 70.21"
"22,53 : 51.16"
"22,54 : 64.35"
"22,55 : 16.16"
"22,56 : 49.41"
"22,57 : 32.28"
"22,58 : 29.83"
"22,59 : 77.79"
"22,60 : 55.11"
"22,61 : 14.14"
"22,62 : 8.06"
"22,63 : 19.42"
"22,64 : 25.63"
"22,65 : 47.68"
"22,66 : 49.37"
"22,67 : 40.0"
"22,68 : 21.19"
"22,69 : 77.37"
"22,70 : 70.83"
"22,71 : 73.76"
"22,72 : 38.64"
"22,73 : 28.43"
"22,74 : 17.46"
"22,75 : 49.65"
"22,76 : 20.1"
"22,77 : 70.46"
"22,78 : 36.14"
"22,79 : 65.19"
"22,80 : 85.56"
"22,81 : 8.54"
"22,82 : 27.31"
"22,83 : 72.28"
"22,84 : 24.7"
"22,85 : 50.09"
"22,86 : 10.2"
"22,87 : 83.53"
"22,88 : 72.45"
"22,89 : 91.68"
"22,90 : 70.72"
"22,91 : 46.39"
"22,92 : 56.22"
"22,93 : 12.08"
"22,94 : 79.31"
"22,95 : 65.0"
"22,96 : 50.29"
"22,97 : 23.77"
"22,98 : 76.53"
"22,99 : 57.49"
"23,0 : 62.97"
"23,1 : 57.07"
"23,2 : 69.87"
"23,3 : 93.06"
"23,4 : 74.33"
"23,5 : 75.93"
"23,6 : 64.35"
"23,7 : 35.01"
"23,8 : 52.95"
"23,9 : 75.29"
"23,10 : 84.38"
"23,11 : 103.17"
"23,12 : 95.75"
"23,13 : 35.06"
"23,14 : 68.94"
"23,15 : 67.68"
"23,16 : 109.66"
"23,17 : 22.47"
"23,18 : 98.49"
"23,19 : 100.72"
"23,20 : 64.01"
"23,21 : 89.36"
"23,22 : 71.57"
"23,23 : 0.0"
"23,24 : 45.49"
"23,25 : 43.74"
"23,26 : 115.42"
"23,27 : 91.05"
"23,28 : 93.92"
"23,29 : 22.63"
"23,30 : 67.08"
"23,31 : 78.01"
"23,32 : 52.0"
"23,33 : 43.08"
"23,34 : 99.16"
"23,35 : 93.81"
"23,36 : 50.25"
"23,37 : 59.46"
"23,38 : 89.01"
"23,39 : 27.8"
"23,40 : 66.31"
"23,41 : 59.24"
"23,42 : 32.65"
"23,43 : 103.17"
"23,44 : 67.23"
"23,45 : 83.74"
"23,46 : 26.83"
"23,47 : 68.45"
"23,48 : 97.58"
"23,49 : 22.36"
"23,50 : 103.59"
"23,51 : 70.03"
"23,52 : 6.0"
"23,53 : 101.14"
"23,54 : 69.29"
"23,55 : 85.0"
"23,56 : 56.08"
"23,57 : 78.1"
"23,58 : 65.3"
"23,59 : 76.49"
"23,60 : 108.3"
"23,61 : 79.51"
"23,62 : 64.2"
"23,63 : 55.04"
"23,64 : 89.07"
"23,65 : 89.87"
"23,66 : 101.24"
"23,67 : 90.79"
"23,68 : 50.45"
"23,69 : 6.0"
"23,70 : 102.73"
"23,71 : 39.05"
"23,72 : 40.46"
"23,73 : 51.09"
"23,74 : 71.2"
"23,75 : 41.34"
"23,76 : 71.01"
"23,77 : 107.9"
"23,78 : 94.87"
"23,79 : 42.76"
"23,80 : 80.5"
"23,81 : 64.85"
"23,82 : 91.3"
"23,83 : 1.41"
"23,84 : 96.17"
"23,85 : 95.48"
"23,86 : 81.74"
"23,87 : 93.41"
"23,88 : 44.01"
"23,89 : 77.03"
"23,90 : 72.8"
"23,91 : 90.52"
"23,92 : 59.51"
"23,93 : 83.52"
"23,94 : 8.0"
"23,95 : 83.19"
"23,96 : 107.45"
"23,97 : 85.96"
"23,98 : 12.21"
"23,99 : 34.54"
"24,0 : 27.78"
"24,1 : 41.11"
"24,2 : 51.62"
"24,3 : 47.93"
"24,4 : 36.69"
"24,5 : 53.31"
"24,6 : 22.14"
"24,7 : 40.26"
"24,8 : 38.9"
"24,9 : 29.97"
"24,10 : 66.19"
"24,11 : 63.89"
"24,12 : 74.67"
"24,13 : 41.23"
"24,14 : 39.29"
"24,15 : 42.15"
"24,16 : 66.29"
"24,17 : 23.02"
"24,18 : 61.81"
"24,19 : 67.07"
"24,20 : 31.78"
"24,21 : 43.91"
"24,22 : 31.58"
"24,23 : 45.49"
"24,24 : 0.0"
"24,25 : 34.99"
"24,26 : 73.79"
"24,27 : 59.94"
"24,28 : 64.5"
"24,29 : 23.77"
"24,30 : 35.9"
"24,31 : 64.64"
"24,32 : 28.65"
"24,33 : 26.63"
"24,34 : 56.44"
"24,35 : 48.41"
"24,36 : 12.65"
"24,37 : 19.1"
"24,38 : 56.36"
"24,39 : 17.89"
"24,40 : 37.95"
"24,41 : 17.26"
"24,42 : 17.0"
"24,43 : 57.69"
"24,44 : 21.93"
"24,45 : 42.15"
"24,46 : 19.1"
"24,47 : 48.37"
"24,48 : 53.16"
"24,49 : 42.11"
"24,50 : 58.18"
"24,51 : 39.41"
"24,52 : 42.49"
"24,53 : 57.01"
"24,54 : 42.38"
"24,55 : 47.54"
"24,56 : 24.7"
"24,57 : 33.3"
"24,58 : 20.81"
"24,59 : 55.04"
"24,60 : 63.78"
"24,61 : 44.01"
"24,62 : 23.54"
"24,63 : 12.17"
"24,64 : 43.86"
"24,65 : 47.01"
"24,66 : 56.73"
"24,67 : 46.01"
"24,68 : 17.03"
"24,69 : 50.61"
"24,70 : 64.76"
"24,71 : 42.38"
"24,72 : 7.07"
"24,73 : 30.87"
"24,74 : 26.0"
"24,75 : 18.87"
"24,76 : 42.01"
"24,77 : 68.01"
"24,78 : 49.41"
"24,79 : 34.48"
"24,80 : 62.18"
"24,81 : 23.19"
"24,82 : 46.1"
"24,83 : 45.79"
"24,84 : 54.08"
"24,85 : 52.15"
"24,86 : 41.19"
"24,87 : 66.29"
"24,88 : 41.59"
"24,89 : 65.6"
"24,90 : 48.47"
"24,91 : 47.17"
"24,92 : 31.78"
"24,93 : 42.01"
"24,94 : 52.35"
"24,95 : 50.04"
"24,96 : 62.29"
"24,97 : 40.72"
"24,98 : 47.43"
"24,99 : 25.96"
"25,0 : 62.77"
"25,1 : 13.34"
"25,2 : 26.17"
"25,3 : 74.01"
"25,4 : 71.18"
"25,5 : 32.28"
"25,6 : 37.12"
"25,7 : 12.04"
"25,8 : 9.22"
"25,9 : 57.22"
"25,10 : 41.0"
"25,11 : 65.19"
"25,12 : 52.15"
"25,13 : 12.81"
"25,14 : 28.28"
"25,15 : 25.24"
"25,16 : 76.54"
"25,17 : 32.89"
"25,18 : 58.73"
"25,19 : 59.08"
"25,20 : 26.42"
"25,21 : 68.12"
"25,22 : 65.55"
"25,23 : 43.74"
"25,24 : 34.99"
"25,25 : 0.0"
"25,26 : 79.2"
"25,27 : 94.89"
"25,28 : 50.99"
"25,29 : 28.16"
"25,30 : 27.8"
"25,31 : 35.69"
"25,32 : 61.52"
"25,33 : 8.54"
"25,34 : 65.76"
"25,35 : 69.05"
"25,36 : 26.68"
"25,37 : 32.02"
"25,38 : 91.24"
"25,39 : 29.53"
"25,40 : 25.46"
"25,41 : 51.48"
"25,42 : 22.2"
"25,43 : 79.25"
"25,44 : 50.8"
"25,45 : 50.57"
"25,46 : 34.89"
"25,47 : 24.74"
"25,48 : 81.06"
"25,49 : 24.19"
"25,50 : 81.61"
"25,51 : 74.33"
"25,52 : 37.85"
"25,53 : 70.38"
"25,54 : 27.2"
"25,55 : 81.71"
"25,56 : 21.59"
"25,57 : 52.47"
"25,58 : 42.01"
"25,59 : 32.76"
"25,60 : 78.0"
"25,61 : 78.72"
"25,62 : 57.78"
"25,63 : 46.52"
"25,64 : 70.0"
"25,65 : 57.78"
"25,66 : 71.51"
