x,y
44,54
22,61
76,85
95,33
93,96
25,57
49,26
3,43
41,79
88,81
97,41
65,36
56,25
64,37
6,29
17,19
5,77
69,92
6,72
39,82
10,7
26,67
72,40
68,51
32,23
77,56
97,12
41,1
72,2
52,24
71,6
87,51
9,96
82,1
55,17
39,58
48,63
12,72
49,77
5,58
43,41
68,61
60,13
77,8
25,40
81,49
9,38
32,39
20,29
10,14
93,76
73,47
84,59
0,23
92,8
14,55
30,20
29,42
32,2
6,21
6,82
39,39
71,99
0,9
93,34
68,54
22,55
73,69
31,96
18,77
95,96
54,39
81,92
77,11
95,7
98,19
71,22
70,89
59,73
90,12
47,92
84,29
26,98
51,40
56,20
24,6
100,2
70,47
12,26
96,8
64,6
40,97
20,12
49,29
73,49
76,43
65,34
49,21
4,42
15,45

Distanze
"0,0 : 0.0"
"0,1 : 23.09"
"0,2 : 44.55"
"0,3 : 55.15"
"0,4 : 64.54"
"0,5 : 19.24"
"0,6 : 28.44"
"0,7 : 42.45"
"0,8 : 25.18"
"0,9 : 51.62"
"0,10 : 54.57"
"0,11 : 27.66"
"0,12 : 31.38"
"0,13 : 26.25"
"0,14 : 45.49"
"0,15 : 44.2"
"0,16 : 45.28"
"0,17 : 45.49"
"0,18 : 42.05"
"0,19 : 28.44"
"0,20 : 58.01"
"0,21 : 22.2"
"0,22 : 31.3"
"0,23 : 24.19"
"0,24 : 33.24"
"0,25 : 33.06"
"0,26 : 67.62"
"0,27 : 53.08"
"0,28 : 59.06"
"0,29 : 31.05"
"0,30 : 55.07"
"0,31 : 43.1"
"0,32 : 54.67"
"0,33 : 65.22"
"0,34 : 38.6"
"0,35 : 6.4"
"0,36 : 9.85"
"0,37 : 36.72"
"0,38 : 23.54"
"0,39 : 39.2"
"0,40 : 13.04"
"0,41 : 25.0"
"0,42 : 44.01"
"0,43 : 56.61"
"0,44 : 23.6"
"0,45 : 37.34"
"0,46 : 38.48"
"0,47 : 19.21"
"0,48 : 34.66"
"0,49 : 52.5"
"0,50 : 53.71"
"0,51 : 29.83"
"0,52 : 40.31"
"0,53 : 53.82"
"0,54 : 66.48"
"0,55 : 30.02"
"0,56 : 36.77"
"0,57 : 19.21"
"0,58 : 53.37"
"0,59 : 50.33"
"0,60 : 47.2"
"0,61 : 15.81"
"0,62 : 52.48"
"0,63 : 62.94"
"0,64 : 52.92"
"0,65 : 24.0"
"0,66 : 22.02"
"0,67 : 32.65"
"0,68 : 43.97"
"0,69 : 34.71"
"0,70 : 66.07"
"0,71 : 18.03"
"0,72 : 53.04"
"0,73 : 54.2"
"0,74 : 69.35"
"0,75 : 64.35"
"0,76 : 41.87"
"0,77 : 43.6"
"0,78 : 24.21"
"0,79 : 62.29"
"0,80 : 38.12"
"0,81 : 47.17"
"0,82 : 47.54"
"0,83 : 15.65"
"0,84 : 36.06"
"0,85 : 52.0"
"0,86 : 76.42"
"0,87 : 26.93"
"0,88 : 42.52"
"0,89 : 69.43"
"0,90 : 52.0"
"0,91 : 43.19"
"0,92 : 48.37"
"0,93 : 25.5"
"0,94 : 29.43"
"0,95 : 33.84"
"0,96 : 29.0"
"0,97 : 33.38"
"0,98 : 41.76"
"0,99 : 30.36"
"1,0 : 23.09"
"1,1 : 0.0"
"1,2 : 59.09"
"1,3 : 78.19"
"1,4 : 79.16"
"1,5 : 5.0"
"1,6 : 44.2"
"1,7 : 26.17"
"1,8 : 26.17"
"1,9 : 68.96"
"1,10 : 77.62"
"1,11 : 49.74"
"1,12 : 49.52"
"1,13 : 48.37"
"1,14 : 35.78"
"1,15 : 42.3"
"1,16 : 23.35"
"1,17 : 56.3"
"1,18 : 19.42"
"1,19 : 27.02"
"1,20 : 55.32"
"1,21 : 7.21"
"1,22 : 54.23"
"1,23 : 47.07"
"1,24 : 39.29"
"1,25 : 55.23"
"1,26 : 89.59"
"1,27 : 62.94"
"1,28 : 77.34"
"1,29 : 47.63"
"1,30 : 73.66"
"1,31 : 65.76"
"1,32 : 37.34"
"1,33 : 84.85"
"1,34 : 55.0"
"1,35 : 17.26"
"1,36 : 26.08"
"1,37 : 14.87"
"1,38 : 31.38"
"1,39 : 17.26"
"1,40 : 29.0"
"1,41 : 46.0"
"1,42 : 61.22"
"1,43 : 76.38"
"1,44 : 21.21"
"1,45 : 60.21"
"1,46 : 26.42"
"1,47 : 24.17"
"1,48 : 32.06"
"1,49 : 48.51"
"1,50 : 72.57"
"1,51 : 52.89"
"1,52 : 62.03"
"1,53 : 43.91"
"1,54 : 87.8"
"1,55 : 10.0"
"1,56 : 41.77"
"1,57 : 20.25"
"1,58 : 59.84"
"1,59 : 43.08"
"1,60 : 26.4"
"1,61 : 27.8"
"1,62 : 62.01"
"1,63 : 56.46"
"1,64 : 75.96"
"1,65 : 46.53"
"1,66 : 6.0"
"1,67 : 51.62"
"1,68 : 36.14"
"1,69 : 16.49"
"1,70 : 80.96"
"1,71 : 38.83"
"1,72 : 66.65"
"1,73 : 74.33"
"1,74 : 90.8"
"1,75 : 86.83"
"1,76 : 62.63"
"1,77 : 55.57"
"1,78 : 38.9"
"1,79 : 83.82"
"1,80 : 39.82"
"1,81 : 69.77"
"1,82 : 37.22"
"1,83 : 35.81"
"1,84 : 53.26"
"1,85 : 55.04"
"1,86 : 97.8"
"1,87 : 50.0"
"1,88 : 36.4"
"1,89 : 91.02"
"1,90 : 69.2"
"1,91 : 40.25"
"1,92 : 49.04"
"1,93 : 41.87"
"1,94 : 52.39"
"1,95 : 56.92"
"1,96 : 50.77"
"1,97 : 48.26"
"1,98 : 26.17"
"1,99 : 17.46"
"2,0 : 44.55"
"2,1 : 59.09"
"2,2 : 0.0"
"2,3 : 55.36"
"2,4 : 20.25"
"2,5 : 58.18"
"2,6 : 64.88"
"2,7 : 84.22"
"2,8 : 35.51"
"2,9 : 12.65"
"2,10 : 48.75"
"2,11 : 50.22"
"2,12 : 63.25"
"2,13 : 49.48"
"2,14 : 89.64"
"2,15 : 88.53"
"2,16 : 71.45"
"2,17 : 9.9"
"2,18 : 71.2"
"2,19 : 37.12"
"2,20 : 102.18"
"2,21 : 53.14"
"2,22 : 45.18"
"2,23 : 34.93"
"2,24 : 76.03"
"2,25 : 29.02"
"2,26 : 75.96"
"2,27 : 91.0"
"2,28 : 83.1"
"2,29 : 65.55"
"2,30 : 79.16"
"2,31 : 35.74"
"2,32 : 67.9"
"2,33 : 84.21"
"2,34 : 71.17"
"2,35 : 45.8"
"2,36 : 35.61"
"2,37 : 65.31"
"2,38 : 28.16"
"2,39 : 75.96"
"2,40 : 55.0"
"2,41 : 25.3"
"2,42 : 73.76"
"2,43 : 77.01"
"2,44 : 68.01"
"2,45 : 36.35"
"2,46 : 81.84"
"2,47 : 63.66"
"2,48 : 79.2"
"2,49 : 96.94"
"2,50 : 19.24"
"2,51 : 38.12"
"2,52 : 27.2"
"2,53 : 98.08"
"2,54 : 78.64"
"2,55 : 68.88"
"2,56 : 79.63"
"2,57 : 63.7"
"2,58 : 93.94"
"2,59 : 94.85"
"2,60 : 70.06"
"2,61 : 59.03"
"2,62 : 14.87"
"2,63 : 107.48"
"2,64 : 53.76"
"2,65 : 32.02"
"2,66 : 61.77"
"2,67 : 16.28"
"2,68 : 46.32"
"2,69 : 58.55"
"2,70 : 21.95"
"2,71 : 50.99"
"2,72 : 8.6"
"2,73 : 74.01"
"2,74 : 80.28"
"2,75 : 69.57"
"2,76 : 63.2"
"2,77 : 7.21"
"2,78 : 20.81"
"2,79 : 74.33"
"2,80 : 29.83"
"2,81 : 56.57"
"2,82 : 51.66"
"2,83 : 51.48"
"2,84 : 68.01"
"2,85 : 94.58"
"2,86 : 86.4"
"2,87 : 38.47"
"2,88 : 87.05"
"2,89 : 79.56"
"2,90 : 79.91"
"2,91 : 37.95"
"2,92 : 92.01"
"2,93 : 62.17"
"2,94 : 36.12"
"2,95 : 42.0"
"2,96 : 52.17"
"2,97 : 69.46"
"2,98 : 83.86"
"2,99 : 72.95"
"3,0 : 55.15"
"3,1 : 78.19"
"3,2 : 55.36"
"3,3 : 0.0"
"3,4 : 63.03"
"3,5 : 74.0"
"3,6 : 46.53"
"3,7 : 92.54"
"3,8 : 70.94"
"3,9 : 48.51"
"3,10 : 8.25"
"3,11 : 30.15"
"3,12 : 39.81"
"3,13 : 31.26"
"3,14 : 89.09"
"3,15 : 79.25"
"3,16 : 100.18"
"3,17 : 64.47"
"3,18 : 97.17"
"3,19 : 74.41"
"3,20 : 88.89"
"3,21 : 76.92"
"3,22 : 24.04"
"3,23 : 32.45"
"3,24 : 63.79"
"3,25 : 29.21"
"3,26 : 21.1"
"3,27 : 62.77"
"3,28 : 38.6"
"3,29 : 43.93"
"3,30 : 36.12"
"3,31 : 19.7"
"3,32 : 106.61"
"3,33 : 34.54"
"3,34 : 43.08"
"3,35 : 61.33"
"3,36 : 55.76"
"3,37 : 91.71"
"3,38 : 63.66"
"3,39 : 93.41"
"3,40 : 52.61"
"3,41 : 38.9"
"3,42 : 40.31"
"3,43 : 30.81"
"3,44 : 70.35"
"3,45 : 21.26"
"3,46 : 86.15"
"3,47 : 63.29"
"3,48 : 75.11"
"3,49 : 87.1"
"3,50 : 43.05"
"3,51 : 26.08"
"3,52 : 28.23"
"3,53 : 95.52"
"3,54 : 25.18"
"3,55 : 83.93"
"3,56 : 66.29"
"3,57 : 66.61"
"3,58 : 70.21"
"3,59 : 89.81"
"3,60 : 101.6"
"3,61 : 56.32"
"3,62 : 70.23"
"3,63 : 97.98"
"3,64 : 2.24"
"3,65 : 34.21"
"3,66 : 76.24"
"3,67 : 42.19"
"3,68 : 89.81"
"3,69 : 88.68"
"3,70 : 63.0"
"3,71 : 41.44"
"3,72 : 60.64"
"3,73 : 28.43"
"3,74 : 26.0"
"3,75 : 14.32"
"3,76 : 26.4"
"3,77 : 61.33"
"3,78 : 53.81"
"3,79 : 21.59"
"3,80 : 76.06"
"3,81 : 11.7"
"3,82 : 94.79"
"3,83 : 44.55"
"3,84 : 41.11"
"3,85 : 75.96"
"3,86 : 31.4"
"3,87 : 28.65"
"3,88 : 83.29"
"3,89 : 25.02"
"3,90 : 41.11"
"3,91 : 84.39"
"3,92 : 77.88"
"3,93 : 46.17"
"3,94 : 27.2"
"3,95 : 21.47"
"3,96 : 30.02"
"3,97 : 47.54"
"3,98 : 91.44"
"3,99 : 80.89"
"4,0 : 64.54"
"4,1 : 79.16"
"4,2 : 20.25"
"4,3 : 63.03"
"4,4 : 0.0"
"4,5 : 78.39"
"4,6 : 82.68"
"4,7 : 104.45"
"4,8 : 54.71"
"4,9 : 15.81"
"4,10 : 55.15"
"4,11 : 66.21"
"4,12 : 80.06"
"4,13 : 65.74"
"4,14 : 109.81"
"4,15 : 108.19"
"4,16 : 90.03"
"4,17 : 24.33"
"4,18 : 90.25"
"4,19 : 55.79"
"4,20 : 121.7"
"4,21 : 73.01"
"4,22 : 59.81"
"4,23 : 51.48"
"4,24 : 95.13"
"4,25 : 43.08"
"4,26 : 84.1"
"4,27 : 108.3"
"4,28 : 96.32"
"4,29 : 82.86"
"4,30 : 92.65"
"4,31 : 45.4"
"4,32 : 84.0"
"4,33 : 95.63"
"4,34 : 87.66"
"4,35 : 66.03"
"4,36 : 55.8"
"4,37 : 84.48"
"4,38 : 47.93"
"4,39 : 95.85"
"4,40 : 74.33"
"4,41 : 43.01"
"4,42 : 89.32"
"4,43 : 89.44"
"4,44 : 88.09"
"4,45 : 48.51"
"4,46 : 102.08"
"4,47 : 83.49"
"4,48 : 99.09"
"4,49 : 116.67"
"4,50 : 20.0"
"4,51 : 52.92"
"4,52 : 38.08"
"4,53 : 118.23"
"4,54 : 88.01"
"4,55 : 89.01"
"4,56 : 98.72"
"4,57 : 83.74"
"4,58 : 112.06"
"4,59 : 114.87"
"4,60 : 88.12"
"4,61 : 78.52"
"4,62 : 22.2"
"4,63 : 127.35"
"4,64 : 62.0"
"4,65 : 48.88"
"4,66 : 81.99"
"4,67 : 33.6"
"4,68 : 62.0"
"4,69 : 77.37"
"4,70 : 2.0"
"4,71 : 69.07"
"4,72 : 12.65"
"4,73 : 86.49"
"4,74 : 89.02"
"4,75 : 77.16"
"4,76 : 77.2"
"4,77 : 24.04"
"4,78 : 41.05"
"4,79 : 84.05"
"4,80 : 46.17"
"4,81 : 67.6"
"4,82 : 67.03"
"4,83 : 70.0"
"4,84 : 84.53"
"4,85 : 113.41"
"4,86 : 94.26"
"4,87 : 54.13"
"4,88 : 107.06"
"4,89 : 88.05"
"4,90 : 94.56"
"4,91 : 53.01"
"4,92 : 111.29"
"4,93 : 80.16"
"4,94 : 51.08"
"4,95 : 55.66"
"4,96 : 68.03"
"4,97 : 86.95"
"4,98 : 104.1"
"4,99 : 93.19"
"5,0 : 19.24"
"5,1 : 5.0"
"5,2 : 58.18"
"5,3 : 74.0"
"5,4 : 78.39"
"5,5 : 0.0"
"5,6 : 39.2"
"5,7 : 26.08"
"5,8 : 27.2"
"5,9 : 67.42"
"5,10 : 73.76"
"5,11 : 45.18"
"5,12 : 44.55"
"5,13 : 43.83"
"5,14 : 33.84"
"5,15 : 38.83"
"5,16 : 28.28"
"5,17 : 56.22"
"5,18 : 24.21"
"5,19 : 28.65"
"5,20 : 52.2"
"5,21 : 10.05"
"5,22 : 49.98"
"5,23 : 43.42"
"5,24 : 34.71"
"5,25 : 52.01"
"5,26 : 84.91"
"5,27 : 58.24"
"5,28 : 72.35"
"5,29 : 42.64"
"5,30 : 68.68"
"5,31 : 62.29"
"5,32 : 42.15"
"5,33 : 79.91"
"5,34 : 50.0"
"5,35 : 14.04"
"5,36 : 23.77"
"5,37 : 19.85"
"5,38 : 31.24"
"5,39 : 20.02"
"5,40 : 24.08"
"5,41 : 43.19"
"5,42 : 56.22"
"5,43 : 71.45"
"5,44 : 17.0"
"5,45 : 56.57"
"5,46 : 24.84"
"5,47 : 19.31"
"5,48 : 28.44"
"5,49 : 45.54"
"5,50 : 70.6"
"5,51 : 49.03"
"5,52 : 59.03"
"5,53 : 42.2"
"5,54 : 83.01"
"5,55 : 11.18"
"5,56 : 37.34"
"5,57 : 15.52"
"5,58 : 55.44"
"5,59 : 40.71"
"5,60 : 31.4"
"5,61 : 22.8"
"5,62 : 62.29"
"5,63 : 54.12"
"5,64 : 71.78"
"5,65 : 43.1"
"5,66 : 3.61"
"5,67 : 49.48"
"5,68 : 39.46"
"5,69 : 21.19"
"5,70 : 80.13"
"5,71 : 34.13"
"5,72 : 66.04"
"5,73 : 69.43"
"5,74 : 86.02"
"5,75 : 82.3"
"5,76 : 57.8"
"5,77 : 55.22"
"5,78 : 37.58"
"5,79 : 79.06"
"5,80 : 41.34"
"5,81 : 65.31"
"5,82 : 41.01"
"5,83 : 31.06"
"5,84 : 48.27"
"5,85 : 51.01"
"5,86 : 93.01"
"5,87 : 46.1"
"5,88 : 33.62"
"5,89 : 86.27"
"5,90 : 64.2"
"5,91 : 42.72"
"5,92 : 45.28"
"5,93 : 36.88"
"5,94 : 48.66"
"5,95 : 52.89"
"5,96 : 46.14"
"5,97 : 43.27"
"5,98 : 25.81"
"5,99 : 15.62"
"6,0 : 28.44"
"6,1 : 44.2"
"6,2 : 64.88"
"6,3 : 46.53"
"6,4 : 82.68"
"6,5 : 39.2"
"6,6 : 0.0"
"6,7 : 49.04"
"6,8 : 53.6"
"6,9 : 67.42"
"6,10 : 50.29"
"6,11 : 18.87"
"6,12 : 7.07"
"6,13 : 18.6"
"6,14 : 43.1"
"6,15 : 32.76"
"6,16 : 67.36"
"6,17 : 68.96"
"6,18 : 62.97"
"6,19 : 56.89"
"6,20 : 43.38"
"6,21 : 47.01"
"6,22 : 26.93"
"6,23 : 31.4"
"6,24 : 17.26"
"6,25 : 41.04"
"6,26 : 50.0"
"6,27 : 26.25"
"6,28 : 33.24"
"6,29 : 3.61"
"6,30 : 29.73"
"6,31 : 45.49"
"6,32 : 80.62"
"6,33 : 41.4"
"6,34 : 10.82"
"6,35 : 33.53"
"6,36 : 37.01"
"6,37 : 59.03"
"6,38 : 51.0"
"6,39 : 54.41"
"6,40 : 16.16"
"6,41 : 39.82"
"6,42 : 17.03"
"6,43 : 33.29"
"6,44 : 27.78"
"6,45 : 39.41"
"6,46 : 41.76"
"6,47 : 21.4"
"6,48 : 29.15"
"6,49 : 40.8"
"6,50 : 66.6"
"6,51 : 31.89"
"6,52 : 48.1"
"6,53 : 49.09"
"6,54 : 46.62"
"6,55 : 45.45"
"6,56 : 19.92"
"6,57 : 25.61"
"6,58 : 29.41"
"6,59 : 43.29"
"6,60 : 70.6"
"6,61 : 16.4"
"6,62 : 76.24"
"6,63 : 51.87"
"6,64 : 44.72"
"6,65 : 33.84"
"6,66 : 39.62"
"6,67 : 49.24"
"6,68 : 72.28"
"6,69 : 59.68"
"6,70 : 83.76"
"6,71 : 13.93"
"6,72 : 73.35"
"6,73 : 31.76"
"6,74 : 49.77"
"6,75 : 49.5"
"6,76 : 22.36"
"6,77 : 66.41"
"6,78 : 48.05"
"6,79 : 43.32"
"6,80 : 66.03"
"6,81 : 35.13"
"6,82 : 75.58"
"6,83 : 14.14"
"6,84 : 9.22"
"6,85 : 32.02"
"6,86 : 56.36"
"6,87 : 29.7"
"6,88 : 37.0"
"6,89 : 50.33"
"6,90 : 25.0"
"6,91 : 71.57"
"6,92 : 32.2"
"6,93 : 3.0"
"6,94 : 33.24"
"6,95 : 31.91"
"6,96 : 17.89"
"6,97 : 5.0"
"6,98 : 47.76"
"6,99 : 38.95"
"7,0 : 42.45"
"7,1 : 26.17"
"7,2 : 84.22"
"7,3 : 92.54"
"7,4 : 104.45"
"7,5 : 26.08"
"7,6 : 49.04"
"7,7 : 0.0"
"7,8 : 52.35"
"7,9 : 93.11"
"7,10 : 94.02"
"7,11 : 62.39"
"7,12 : 55.97"
"7,13 : 61.29"
"7,14 : 14.32"
"7,15 : 27.78"
"7,16 : 34.06"
"7,17 : 82.2"
"7,18 : 29.15"
"7,19 : 53.08"
"7,20 : 36.67"
"7,21 : 33.24"
"7,22 : 69.07"
"7,23 : 65.49"
"7,24 : 35.23"
"7,25 : 75.13"
"7,26 : 98.98"
"7,27 : 56.64"
"7,28 : 80.26"
"7,29 : 52.55"
"7,30 : 77.41"
"7,31 : 84.38"
"7,32 : 53.34"
"7,33 : 89.47"
"7,34 : 58.14"
"7,35 : 39.0"
"7,36 : 49.24"
"7,37 : 30.36"
"7,38 : 57.2"
"7,39 : 15.13"
"7,40 : 40.05"
"7,41 : 67.45"
"7,42 : 64.41"
"7,43 : 81.86"
"7,44 : 22.2"
"7,45 : 78.23"
"7,46 : 7.81"
"7,47 : 29.27"
"7,48 : 22.02"
"7,49 : 29.83"
"7,50 : 95.86"
"7,51 : 70.11"
"7,52 : 82.57"
"7,53 : 20.22"
"7,54 : 95.63"
"7,55 : 16.28"
"7,56 : 35.47"
"7,57 : 26.02"
"7,58 : 50.22"
"7,59 : 22.2"
"7,60 : 39.12"
"7,61 : 36.22"
"7,62 : 88.09"
"7,63 : 34.13"
"7,64 : 90.45"
"7,65 : 65.92"
"7,66 : 22.47"
"7,67 : 74.67"
"7,68 : 59.94"
"7,69 : 37.16"
"7,70 : 106.17"
"7,71 : 51.16"
"7,72 : 92.11"
"7,73 : 80.62"
"7,74 : 98.79"
"7,75 : 97.98"
"7,76 : 71.17"
"7,77 : 81.27"
"7,78 : 63.53"
"7,79 : 92.36"
"7,80 : 65.86"
"7,81 : 82.2"
"7,82 : 59.62"
"7,83 : 48.09"
"7,84 : 57.78"
"7,85 : 42.54"
"7,86 : 105.31"
"7,87 : 67.12"
"7,88 : 19.24"
"7,89 : 99.37"
"7,90 : 71.34"
"7,91 : 65.46"
"7,92 : 35.36"
"7,93 : 48.08"
"7,94 : 70.26"
"7,95 : 73.0"
"7,96 : 62.65"
"7,97 : 50.99"
"7,98 : 1.41"
"7,99 : 12.17"
"8,0 : 25.18"
"8,1 : 26.17"
"8,2 : 35.51"
"8,3 : 70.94"
"8,4 : 54.71"
"8,5 : 27.2"
"8,6 : 53.6"
"8,7 : 52.35"
"8,8 : 0.0"
"8,9 : 47.04"
"8,10 : 67.68"
"8,11 : 49.24"
"8,12 : 56.04"
"8,13 : 47.89"
"8,14 : 61.03"
"8,15 : 64.62"
"8,16 : 36.06"
"8,17 : 30.87"
"8,18 : 35.69"
"8,19 : 3.61"
"8,20 : 78.39"
"8,21 : 19.21"
"8,22 : 49.82"
"8,23 : 38.9"
"8,24 : 56.72"
"8,25 : 42.72"
"8,26 : 87.32"
"8,27 : 78.0"
"8,28 : 83.01"
"8,29 : 56.09"
"8,30 : 78.92"
"8,31 : 53.85"
"8,32 : 36.24"
"8,33 : 88.12"
"8,34 : 63.56"
"8,35 : 21.1"
"8,36 : 17.46"
"8,37 : 29.83"
"8,38 : 8.25"
"8,39 : 41.68"
"8,40 : 38.05"
"8,41 : 32.45"
"8,42 : 68.68"
"8,43 : 79.61"
"8,44 : 42.15"
"8,45 : 50.0"
"8,46 : 52.01"
"8,47 : 41.0"
"8,48 : 54.23"
"8,49 : 72.01"
"8,50 : 52.09"
"8,51 : 45.25"
"8,52 : 47.42"
"8,53 : 69.4"
"8,54 : 87.42"
"8,55 : 36.12"
"8,56 : 60.02"
"8,57 : 38.9"
"8,58 : 77.52"
"8,59 : 67.74"
"8,60 : 35.13"
"8,61 : 40.05"
"8,62 : 36.06"
"8,63 : 81.12"
"8,64 : 68.77"
"8,65 : 36.8"
"8,66 : 30.61"
"8,67 : 33.53"
"8,68 : 19.72"
"8,69 : 23.09"
"8,70 : 56.61"
"8,71 : 42.06"
"8,72 : 42.06"
"8,73 : 76.94"
"8,74 : 90.0"
"8,75 : 82.76"
"8,76 : 64.41"
"8,77 : 30.68"
"8,78 : 18.97"
"8,79 : 83.01"
"8,80 : 14.32"
"8,81 : 65.95"
"8,82 : 24.21"
"8,83 : 40.26"
"8,84 : 60.88"
"8,85 : 74.95"
"8,86 : 97.01"
"8,87 : 43.19"
"8,88 : 60.42"
"8,89 : 89.81"
"8,90 : 76.54"
"8,91 : 18.03"
"8,92 : 70.21"
"8,93 : 50.64"
"8,94 : 43.86"
"8,95 : 50.21"
"8,96 : 51.0"
"8,97 : 58.55"
"8,98 : 52.33"
"8,99 : 42.8"
"9,0 : 51.62"
"9,1 : 68.96"
"9,2 : 12.65"
"9,3 : 48.51"
"9,4 : 15.81"
"9,5 : 67.42"
"9,6 : 67.42"
"9,7 : 93.11"
"9,8 : 47.04"
"9,9 : 0.0"
"9,10 : 41.0"
"9,11 : 50.54"
"9,12 : 64.5"
"9,13 : 50.12"
"9,14 : 97.1"
"9,15 : 94.26"
"9,16 : 83.1"
"9,17 : 21.95"
"9,18 : 82.49"
"9,19 : 49.01"
"9,20 : 107.52"
"9,21 : 63.56"
"9,22 : 44.01"
"9,23 : 36.06"
"9,24 : 80.62"
"9,25 : 27.31"
"9,26 : 69.58"
"9,27 : 92.78"
"9,28 : 80.6"
"9,29 : 67.42"
"9,30 : 76.9"
"9,31 : 30.02"
"9,32 : 80.41"
"9,33 : 80.22"
"9,34 : 72.01"
"9,35 : 54.13"
"9,36 : 43.86"
"9,37 : 76.53"
"9,38 : 39.2"
"9,39 : 86.13"
"9,40 : 60.21"
"9,41 : 28.28"
"9,42 : 73.54"
"9,43 : 73.82"
"9,44 : 75.17"
"9,45 : 32.76"
"9,46 : 89.94"
"9,47 : 70.0"
"9,48 : 85.6"
"9,49 : 102.83"
"9,50 : 7.07"
"9,51 : 37.16"
"9,52 : 22.36"
"9,53 : 105.39"
"9,54 : 73.11"
"9,55 : 78.43"
"9,56 : 84.17"
"9,57 : 70.72"
"9,58 : 96.83"
"9,59 : 101.61"
"9,60 : 82.01"
"9,61 : 64.54"
"9,62 : 24.76"
"9,63 : 113.7"
"9,64 : 47.27"
"9,65 : 33.6"
"9,66 : 70.94"
"9,67 : 19.21"
"9,68 : 58.94"
"9,69 : 70.11"
"9,70 : 16.55"
"9,71 : 54.04"
"9,72 : 13.04"
"9,73 : 70.86"
"9,74 : 74.33"
"9,75 : 62.8"
"9,76 : 61.4"
"9,77 : 19.7"
"9,78 : 30.08"
"9,79 : 69.03"
"9,80 : 42.45"
"9,81 : 52.15"
"9,82 : 64.29"
"9,83 : 55.23"
"9,84 : 68.88"
"9,85 : 98.6"
"9,86 : 79.91"
"9,87 : 38.47"
"9,88 : 93.81"
"9,89 : 73.44"
"9,90 : 78.75"
"9,91 : 50.6"
"9,92 : 96.88"
"9,93 : 65.0"
"9,94 : 35.34"
"9,95 : 39.85"
"9,96 : 52.33"
"9,97 : 71.56"
"9,98 : 92.61"
"9,99 : 81.39"
"10,0 : 54.57"
"10,1 : 77.62"
"10,2 : 48.75"
"10,3 : 8.25"
"10,4 : 55.15"
"10,5 : 73.76"
"10,6 : 50.29"
"10,7 : 94.02"
"10,8 : 67.68"
"10,9 : 41.0"
"10,10 : 0.0"
"10,11 : 32.39"
"10,12 : 44.01"
"10,13 : 33.24"
"10,14 : 91.79"
"10,15 : 82.97"
"10,16 : 98.79"
"10,17 : 58.18"
"10,18 : 96.14"
"10,19 : 71.03"
"10,20 : 93.41"
"10,21 : 75.61"
"10,22 : 25.02"
"10,23 : 30.68"
"10,24 : 67.45"
"10,25 : 25.0"
"10,26 : 29.0"
"10,27 : 68.82"
"10,28 : 46.32"
"10,29 : 48.1"
"10,30 : 43.6"
"10,31 : 14.14"
"10,32 : 103.77"
"10,33 : 42.72"
"10,34 : 48.37"
"10,35 : 60.44"
"10,36 : 53.71"
"10,37 : 90.48"
"10,38 : 60.0"
"10,39 : 93.56"
"10,40 : 54.0"
"10,41 : 35.23"
"10,42 : 46.4"
"10,43 : 38.59"
"10,44 : 72.01"
"10,45 : 17.89"
"10,46 : 88.05"
"10,47 : 65.03"
"10,48 : 77.93"
"10,49 : 91.09"
"10,50 : 35.23"
"10,51 : 24.74"
"10,52 : 22.2"
"10,53 : 98.66"
"10,54 : 33.38"
"10,55 : 84.17"
"10,56 : 70.21"
"10,57 : 68.01"
"10,58 : 75.8"
"10,59 : 93.17"
"10,60 : 99.81"
"10,61 : 58.03"
"10,62 : 63.56"
"10,63 : 102.14"
"10,64 : 8.06"
"10,65 : 31.78"
"10,66 : 76.3"
"10,67 : 36.88"
"10,68 : 85.91"
"10,69 : 86.82"
"10,70 : 55.04"
"10,71 : 43.05"
"10,72 : 53.45"
"10,73 : 36.06"
"10,74 : 34.06"
"10,75 : 22.02"
"10,76 : 32.2"
"10,77 : 55.07"
"10,78 : 49.68"
"10,79 : 29.83"
"10,80 : 71.42"
"10,81 : 17.69"
"10,82 : 91.05"
"10,83 : 46.01"
"10,84 : 46.07"
"10,85 : 80.96"
"10,86 : 39.12"
"10,87 : 27.66"
"10,88 : 86.31"
"10,89 : 33.02"
"10,90 : 48.1"
"10,91 : 79.91"
"10,92 : 82.28"
"10,93 : 49.48"
"10,94 : 25.3"
"10,95 : 21.1"
"10,96 : 32.76"
"10,97 : 52.0"
"10,98 : 93.01"
"10,99 : 82.1"
"11,0 : 27.66"
"11,1 : 49.74"
"11,2 : 50.22"
"11,3 : 30.15"
"11,4 : 66.21"
"11,5 : 45.18"
"11,6 : 18.87"
"11,7 : 62.39"
"11,8 : 49.24"
"11,9 : 50.54"
"11,10 : 32.39"
"11,11 : 0.0"
"11,12 : 14.21"
"11,13 : 1.41"
"11,14 : 59.41"
"11,15 : 50.92"
"11,16 : 72.67"
"11,17 : 56.14"
"11,18 : 69.12"
"11,19 : 52.84"
"11,20 : 62.18"
"11,21 : 49.82"
"11,22 : 8.06"
"11,23 : 15.3"
"11,24 : 35.47"
"11,25 : 23.32"
"11,26 : 40.0"
"11,27 : 42.44"
"11,28 : 34.71"
"11,29 : 17.69"
"11,30 : 30.59"
"11,31 : 26.63"
"11,32 : 82.07"
"11,33 : 38.91"
"11,34 : 21.47"
"11,35 : 34.06"
"11,36 : 31.91"
"11,37 : 64.07"
"11,38 : 44.01"
"11,39 : 63.91"
"11,40 : 22.56"
"11,41 : 25.18"
"11,42 : 23.54"
"11,43 : 30.46"
"11,44 : 40.2"
"11,45 : 20.62"
"11,46 : 56.04"
"11,47 : 33.14"
"11,48 : 45.54"
"11,49 : 59.24"
"11,50 : 48.83"
"11,51 : 13.6"
"11,52 : 29.83"
"11,53 : 66.29"
"11,54 : 38.9"
"11,55 : 54.42"
"11,56 : 38.48"
"11,57 : 36.5"
"11,58 : 47.38"
"11,59 : 60.88"
"11,60 : 74.81"
"11,61 : 26.17"
"11,62 : 63.29"
"11,63 : 70.38"
"11,64 : 28.07"
"11,65 : 18.25"
"11,66 : 47.01"
"11,67 : 33.96"
"11,68 : 68.96"
"11,69 : 62.37"
"11,70 : 67.08"
"11,71 : 11.4"
"11,72 : 58.24"
"11,73 : 27.73"
"11,74 : 41.73"
"11,75 : 37.12"
"11,76 : 15.23"
"11,77 : 53.24"
"11,78 : 37.48"
"11,79 : 34.66"
"11,80 : 58.82"
"11,81 : 20.25"
"11,82 : 73.25"
"11,83 : 14.56"
"11,84 : 18.36"
"11,85 : 50.8"
"11,86 : 48.8"
"11,87 : 12.08"
"11,88 : 53.94"
"11,89 : 41.77"
"11,90 : 30.02"
"11,91 : 65.92"
"11,92 : 51.0"
"11,93 : 17.46"
"11,94 : 15.26"
"11,95 : 13.04"
"11,96 : 2.0"
"11,97 : 21.93"
"11,98 : 61.29"
"11,99 : 50.8"
"12,0 : 31.38"
"12,1 : 49.52"
"12,2 : 63.25"
"12,3 : 39.81"
"12,4 : 80.06"
"12,5 : 44.55"
"12,6 : 7.07"
"12,7 : 55.97"
"12,8 : 56.04"
"12,9 : 64.5"
"12,10 : 44.01"
"12,11 : 14.21"
"12,12 : 0.0"
"12,13 : 14.42"
"12,14 : 50.16"
"12,15 : 39.46"
"12,16 : 72.84"
"12,17 : 68.25"
"12,18 : 68.62"
"12,19 : 59.48"
"12,20 : 49.4"
"12,21 : 51.61"
"12,22 : 21.93"
"12,23 : 28.64"
"12,24 : 24.08"
"12,25 : 37.44"
"12,26 : 43.01"
"12,27 : 28.3"
"12,28 : 28.02"
"12,29 : 4.12"
"12,30 : 24.21"
"12,31 : 40.46"
"12,32 : 85.15"
"12,33 : 35.38"
"12,34 : 8.06"
"12,35 : 37.12"
"12,36 : 38.83"
"12,37 : 64.38"
"12,38 : 52.47"
"12,39 : 60.75"
"12,40 : 20.62"
"12,41 : 37.95"
"12,42 : 12.65"
"12,43 : 27.02"
"12,44 : 34.44"
"12,45 : 34.66"
"12,46 : 48.76"
"12,47 : 27.78"
"12,48 : 36.22"
"12,49 : 47.3"
"12,50 : 63.01"
"12,51 : 27.8"
"12,52 : 44.05"
"12,53 : 56.04"
"12,54 : 39.81"
"12,55 : 51.61"
"12,56 : 26.48"
"12,57 : 31.91"
"12,58 : 33.24"
"12,59 : 50.16"
"12,60 : 75.82"
"12,61 : 22.02"
"12,62 : 75.5"
"12,63 : 58.24"
"12,64 : 38.08"
"12,65 : 31.38"
"12,66 : 45.34"
"12,67 : 47.17"
"12,68 : 75.27"
"12,69 : 64.4"
"12,70 : 81.01"
"12,71 : 14.14"
"12,72 : 71.51"
"12,73 : 25.24"
"12,74 : 42.95"
"12,75 : 42.43"
"12,76 : 15.3"
"12,77 : 65.51"
"12,78 : 48.09"
"12,79 : 36.4"
"12,80 : 67.6"
"12,81 : 28.28"
"12,82 : 78.92"
"12,83 : 15.81"
"12,84 : 5.0"
"12,85 : 37.22"
"12,86 : 49.65"
"12,87 : 26.08"
"12,88 : 44.01"
"12,89 : 43.46"
"12,90 : 20.62"
"12,91 : 73.76"
"12,92 : 38.28"
"12,93 : 8.06"
"12,94 : 29.41"
"12,95 : 26.91"
"12,96 : 12.73"
"12,97 : 8.06"
"12,98 : 54.71"
"12,99 : 45.62"
"13,0 : 26.25"
"13,1 : 48.37"
"13,2 : 49.48"
"13,3 : 31.26"
"13,4 : 65.74"
"13,5 : 43.83"
"13,6 : 18.6"
"13,7 : 61.29"
"13,8 : 47.89"
"13,9 : 50.12"
"13,10 : 33.24"
"13,11 : 1.41"
"13,12 : 14.42"
"13,13 : 0.0"
"13,14 : 58.55"
"13,15 : 50.33"
"13,16 : 71.28"
"13,17 : 55.23"
"13,18 : 67.74"
"13,19 : 51.48"
"13,20 : 61.77"
"13,21 : 48.41"
"13,22 : 8.54"
"13,23 : 14.56"
"13,24 : 34.93"
"13,25 : 23.02"
"13,26 : 41.4"
"13,27 : 42.72"
"13,28 : 35.9"
"13,29 : 17.69"
"13,30 : 31.78"
"13,31 : 26.93"
"13,32 : 80.66"
"13,33 : 40.25"
"13,34 : 21.93"
"13,35 : 32.65"
"13,36 : 30.53"
"13,37 : 62.68"
"13,38 : 42.72"
"13,39 : 62.63"
"13,40 : 21.38"
"13,41 : 24.33"
"13,42 : 24.33"
"13,43 : 31.78"
"13,44 : 39.12"
"13,45 : 20.81"
"13,46 : 55.01"
"13,47 : 32.06"
"13,48 : 44.72"
"13,49 : 58.69"
"13,50 : 48.6"
"13,51 : 13.45"
"13,52 : 29.73"
"13,53 : 65.51"
"13,54 : 40.31"
"13,55 : 53.14"
"13,56 : 38.01"
"13,57 : 35.36"
"13,58 : 47.42"
"13,59 : 60.17"
"13,60 : 73.41"
"13,61 : 25.08"
"13,62 : 62.39"
"13,63 : 69.86"
"13,64 : 29.15"
"13,65 : 17.46"
"13,66 : 45.69"
"13,67 : 33.24"
"13,68 : 67.6"
"13,69 : 60.96"
"13,70 : 66.65"
"13,71 : 10.2"
"13,72 : 57.57"
"13,73 : 29.07"
"13,74 : 43.14"
"13,75 : 38.47"
"13,76 : 16.55"
"13,77 : 52.35"
"13,78 : 36.35"
"13,79 : 36.07"
"13,80 : 57.57"
"13,81 : 21.54"
"13,82 : 71.87"
"13,83 : 13.34"
"13,84 : 18.79"
"13,85 : 50.61"
"13,86 : 50.21"
"13,87 : 11.66"
"13,88 : 53.15"
"13,89 : 43.19"
"13,90 : 31.0"
"13,91 : 64.62"
"13,92 : 50.61"
"13,93 : 17.0"
"13,94 : 15.0"
"13,95 : 13.42"
"13,96 : 3.16"
"13,97 : 21.93"
"13,98 : 60.21"
"13,99 : 49.65"
"14,0 : 45.49"
"14,1 : 35.78"
"14,2 : 89.64"
"14,3 : 89.09"
"14,4 : 109.81"
"14,5 : 33.84"
"14,6 : 43.1"
"14,7 : 14.32"
"14,8 : 61.03"
"14,9 : 97.1"
"14,10 : 91.79"
"14,11 : 59.41"
"14,12 : 50.16"
"14,13 : 58.55"
"14,14 : 0.0"
"14,15 : 14.87"
"14,16 : 48.01"
"14,17 : 89.1"
"14,18 : 43.0"
"14,19 : 62.43"
"14,20 : 22.36"
"14,21 : 42.94"
"14,22 : 66.91"
"14,23 : 65.79"
"14,24 : 26.68"
"14,25 : 75.96"
"14,26 : 92.57"
"14,27 : 44.82"
"14,28 : 71.31"
"14,29 : 46.27"
"14,30 : 68.95"
"14,31 : 83.93"
"14,32 : 67.07"
"14,33 : 80.99"
"14,34 : 50.45"
"14,35 : 43.93"
"14,36 : 54.04"
"14,37 : 43.42"
"14,38 : 64.44"
"14,39 : 29.02"
"14,40 : 38.9"
"14,41 : 69.77"
"14,42 : 56.32"
"14,43 : 74.04"
"14,44 : 21.95"
"14,45 : 77.62"
"14,46 : 9.49"
"14,47 : 27.86"
"14,48 : 14.0"
"14,49 : 15.52"
"14,50 : 98.88"
"14,51 : 69.38"
"14,52 : 83.57"
"14,53 : 8.49"
"14,54 : 88.53"
"14,55 : 27.2"
"14,56 : 25.63"
"14,57 : 26.42"
"14,58 : 37.48"
"14,59 : 8.0"
"14,60 : 53.0"
"14,61 : 34.48"
"14,62 : 95.52"
"14,63 : 20.88"
"14,64 : 87.14"
"14,65 : 66.85"
"14,66 : 30.53"
"14,67 : 78.03"
"14,68 : 71.51"
"14,69 : 49.48"
"14,70 : 111.4"
"14,71 : 49.03"
"14,72 : 97.95"
"14,73 : 73.25"
"14,74 : 91.68"
"14,75 : 92.54"
"14,76 : 65.38"
"14,77 : 87.73"
"14,78 : 68.88"
"14,79 : 85.7"
"14,80 : 75.17"
"14,81 : 78.0"
"14,82 : 71.84"
"14,83 : 46.32"
"14,84 : 50.8"
"14,85 : 29.21"
"14,86 : 97.8"
"14,87 : 66.48"
"14,88 : 6.71"
"14,89 : 92.42"
"14,90 : 62.39"
"14,91 : 76.03"
"14,92 : 22.02"
"14,93 : 43.0"
"14,94 : 69.92"
"14,95 : 71.39"
"14,96 : 59.21"
"14,97 : 43.74"
"14,98 : 13.15"
"14,99 : 18.36"
"15,0 : 44.2"
"15,1 : 42.3"
"15,2 : 88.53"
"15,3 : 79.25"
"15,4 : 108.19"
"15,5 : 38.83"
"15,6 : 32.76"
"15,7 : 27.78"
"15,8 : 64.62"
"15,9 : 94.26"
"15,10 : 82.97"
"15,11 : 50.92"
"15,12 : 39.46"
"15,13 : 50.33"
"15,14 : 14.87"
"15,15 : 0.0"
"15,16 : 59.23"
"15,17 : 89.63"
"15,18 : 54.13"
"15,19 : 66.73"
"15,20 : 13.89"
"15,21 : 48.84"
"15,22 : 58.87"
"15,23 : 60.21"
"15,24 : 15.52"
"15,25 : 70.49"
"15,26 : 80.31"
"15,27 : 30.0"
"15,28 : 57.57"
"15,29 : 35.36"
"15,30 : 55.54"
"15,31 : 76.97"
"15,32 : 77.41"
"15,33 : 67.45"
"15,34 : 38.05"
"15,35 : 44.78"
"15,36 : 53.82"
"15,37 : 53.24"
"15,38 : 66.24"
"15,39 : 40.8"
"15,40 : 34.06"
"15,41 : 66.07"
"15,42 : 43.42"
"15,43 : 61.0"
"15,44 : 22.47"
"15,45 : 70.68"
"15,46 : 20.62"
"15,47 : 25.0"
"15,48 : 10.44"
"15,49 : 8.6"
"15,50 : 95.0"
"15,51 : 62.61"
"15,52 : 78.03"
"15,53 : 17.46"
"15,54 : 75.8"
"15,55 : 36.12"
"15,56 : 13.04"
"15,57 : 25.94"
"15,58 : 22.67"
"15,59 : 11.18"
"15,60 : 63.95"
"15,61 : 29.73"
"15,62 : 96.52"
"15,63 : 19.72"
"15,64 : 77.47"
"15,65 : 61.85"
"15,66 : 36.35"
"15,67 : 75.07"
"15,68 : 78.26"
"15,69 : 58.01"
"15,70 : 109.6"
"15,71 : 42.06"
"15,72 : 97.08"
"15,73 : 60.53"
"15,74 : 78.92"
"15,75 : 81.0"
"15,76 : 54.08"
"15,77 : 87.8"
"15,78 : 68.41"
"15,79 : 73.33"
"15,80 : 78.92"
"15,81 : 67.74"
"15,82 : 79.51"
"15,83 : 39.96"
"15,84 : 39.01"
"15,85 : 14.76"
"15,86 : 84.72"
"15,87 : 59.94"
"15,88 : 8.6"
"15,89 : 79.76"
"15,90 : 48.76"
"15,91 : 81.32"
"15,92 : 7.62"
"15,93 : 33.53"
"15,94 : 63.53"
"15,95 : 63.69"
"15,96 : 50.29"
"15,97 : 32.06"
"15,98 : 26.42"
"15,99 : 26.08"
"16,0 : 45.28"
"16,1 : 23.35"
"16,2 : 71.45"
"16,3 : 100.18"
"16,4 : 90.03"
"16,5 : 28.28"
"16,6 : 67.36"
"16,7 : 34.06"
"16,8 : 36.06"
"16,9 : 83.1"
"16,10 : 98.79"
"16,11 : 72.67"
"16,12 : 72.84"
"16,13 : 71.28"
"16,14 : 48.01"
"16,15 : 59.23"
"16,16 : 0.0"
"16,17 : 65.73"
"16,18 : 5.1"
"16,19 : 34.37"
"16,20 : 70.18"
"16,21 : 23.26"
"16,22 : 76.54"
"16,23 : 68.15"
"16,24 : 60.37"
"16,25 : 75.0"
"16,26 : 112.65"
"16,27 : 84.1"
"16,28 : 100.57"
"16,29 : 70.84"
"16,30 : 96.94"
"16,31 : 86.02"
"16,32 : 19.42"
"16,33 : 108.19"
"16,34 : 78.1"
"16,35 : 38.95"
"16,36 : 45.22"
"16,37 : 8.6"
"16,38 : 44.0"
"16,39 : 19.0"
"16,40 : 52.35"
"16,41 : 65.0"
"16,42 : 84.39"
"16,43 : 99.72"
"16,44 : 42.06"
"16,45 : 80.99"
"16,46 : 39.2"
"16,47 : 46.62"
"16,48 : 50.29"
"16,49 : 63.2"
"16,50 : 88.01"
"16,51 : 74.32"
"16,52 : 81.02"
"16,53 : 54.23"
"16,54 : 111.04"
"16,55 : 23.77"
"16,56 : 62.24"
"16,57 : 42.44"
"16,58 : 79.71"
"16,59 : 56.01"
"16,60 : 5.1"
"16,61 : 50.99"
"16,62 : 69.57"
"16,63 : 68.18"
"16,64 : 97.94"
"16,65 : 67.07"
"16,66 : 27.8"
"16,67 : 68.47"
"16,68 : 32.2"
"16,69 : 13.0"
"16,70 : 91.98"
"16,71 : 62.01"
"16,72 : 77.47"
"16,73 : 97.67"
"16,74 : 114.02"
"16,75 : 109.6"
"16,76 : 85.91"
"16,77 : 66.1"
"16,78 : 54.15"
"16,79 : 107.0"
"16,80 : 44.6"
"16,81 : 92.44"
"16,82 : 29.7"
"16,83 : 59.03"
"16,84 : 76.49"
"16,85 : 73.5"
"16,86 : 121.04"
"16,87 : 71.59"
"16,88 : 51.48"
"16,89 : 114.2"
"16,90 : 92.31"
"16,91 : 40.31"
"16,92 : 66.71"
"16,93 : 65.12"
"16,94 : 73.54"
"16,95 : 78.72"
"16,96 : 73.82"
"16,97 : 71.22"
"16,98 : 35.01"
"16,99 : 33.53"
"17,0 : 45.49"
"17,1 : 56.3"
"17,2 : 9.9"
"17,3 : 64.47"
"17,4 : 24.33"
"17,5 : 56.22"
"17,6 : 68.96"
"17,7 : 82.2"
"17,8 : 30.87"
"17,9 : 21.95"
"17,10 : 58.18"
"17,11 : 56.14"
"17,12 : 68.25"
"17,13 : 55.23"
"17,14 : 89.1"
"17,15 : 89.63"
"17,16 : 65.73"
"17,17 : 0.0"
"17,18 : 66.1"
"17,19 : 31.62"
"17,20 : 103.47"
"17,21 : 49.74"
"17,22 : 52.09"
"17,23 : 41.01"
"17,24 : 78.29"
"17,25 : 36.88"
"17,26 : 84.76"
"17,27 : 95.21"
"17,28 : 90.05"
"17,29 : 70.09"
"17,30 : 86.02"
"17,31 : 44.78"
"17,32 : 60.13"
"17,33 : 91.92"
"17,34 : 76.3"
"17,35 : 45.34"
"17,36 : 35.81"
"17,37 : 60.41"
"17,38 : 25.0"
"17,39 : 72.47"
"17,40 : 57.25"
"17,41 : 31.02"
"17,42 : 79.51"
"17,43 : 84.38"
"17,44 : 68.12"
"17,45 : 44.64"
"17,46 : 80.72"
"17,47 : 64.64"
"17,48 : 79.81"
"17,49 : 97.8"
"17,50 : 28.84"
"17,51 : 45.18"
"17,52 : 36.25"
"17,53 : 97.58"
"17,54 : 87.09"
"17,55 : 66.29"
"17,56 : 81.88"
"17,57 : 64.03"
"17,58 : 97.31"
"17,59 : 94.92"
"17,60 : 63.79"
"17,61 : 60.9"
"17,62 : 7.28"
"17,63 : 107.94"
"17,64 : 62.77"
"17,65 : 38.01"
"17,66 : 59.82"
"17,67 : 23.35"
"17,68 : 38.21"
"17,69 : 53.16"
"17,70 : 26.31"
"17,71 : 55.08"
"17,72 : 12.0"
"17,73 : 81.39"
"17,74 : 88.89"
"17,75 : 78.55"
"17,76 : 70.03"
"17,77 : 3.16"
"17,78 : 21.47"
"17,79 : 82.71"
"17,80 : 22.0"
"17,81 : 64.76"
"17,82 : 43.42"
"17,83 : 55.03"
"17,84 : 73.16"
"17,85 : 97.06"
"17,86 : 95.19"
"17,87 : 45.01"
"17,88 : 87.21"
"17,89 : 88.23"
"17,90 : 86.15"
"17,91 : 29.43"
"17,92 : 93.81"
"17,93 : 66.1"
"17,94 : 43.19"
"17,95 : 49.5"
"17,96 : 58.14"
"17,97 : 73.76"
"17,98 : 82.01"
"17,99 : 71.59"
"18,0 : 42.05"
"18,1 : 19.42"
"18,2 : 71.2"
"18,3 : 97.17"
"18,4 : 90.25"
"18,5 : 24.21"
"18,6 : 62.97"
"18,7 : 29.15"
"18,8 : 35.69"
"18,9 : 82.49"
"18,10 : 96.14"
"18,11 : 69.12"
"18,12 : 68.62"
"18,13 : 67.74"
"18,14 : 43.0"
"18,15 : 54.13"
"18,16 : 5.1"
"18,17 : 66.1"
"18,18 : 0.0"
"18,19 : 34.48"
"18,20 : 65.12"
"18,21 : 20.62"
"18,22 : 73.35"
"18,23 : 65.46"
"18,24 : 55.47"
"18,25 : 72.78"
"18,26 : 109.0"
"18,27 : 79.16"
"18,28 : 96.21"
"18,29 : 66.48"
"18,30 : 92.63"
"18,31 : 83.68"
"18,32 : 24.19"
"18,33 : 104.0"
"18,34 : 73.66"
"18,35 : 35.85"
"18,36 : 42.95"
"18,37 : 6.0"
"18,38 : 43.29"
"18,39 : 14.04"
"18,40 : 48.27"
"18,41 : 62.97"
"18,42 : 79.98"
"18,43 : 95.59"
"18,44 : 37.22"
"18,45 : 78.45"
"18,46 : 34.13"
"18,47 : 42.01"
"18,48 : 45.22"
"18,49 : 58.14"
"18,50 : 87.09"
"18,51 : 71.51"
"18,52 : 79.08"
"18,53 : 49.37"
"18,54 : 107.2"
"18,55 : 18.79"
"18,56 : 57.27"
"18,57 : 37.8"
"18,58 : 74.67"
"18,59 : 51.0"
"18,60 : 10.0"
"18,61 : 46.67"
"18,62 : 70.38"
"18,63 : 63.29"
"18,64 : 94.94"
"18,65 : 64.56"
"18,66 : 23.35"
"18,67 : 67.07"
"18,68 : 34.66"
"18,69 : 13.0"
"18,70 : 92.18"
"18,71 : 58.25"
"18,72 : 77.62"
"18,73 : 93.61"
"18,74 : 110.21"
"18,75 : 106.17"
"18,76 : 82.01"
"18,77 : 66.22"
"18,78 : 53.01"
"18,79 : 103.23"
"18,80 : 45.62"
"18,81 : 89.07"
"18,82 : 32.8"
"18,83 : 55.22"
"18,84 : 72.14"
"18,85 : 68.41"
"18,86 : 117.2"
"18,87 : 68.71"
"18,88 : 46.39"
"18,89 : 110.44"
"18,90 : 87.86"
"18,91 : 42.2"
"18,92 : 61.61"
"18,93 : 60.81"
"18,94 : 70.84"
"18,95 : 75.77"
"18,96 : 70.18"
"18,97 : 66.71"
"18,98 : 30.07"
"18,99 : 28.46"
"19,0 : 28.44"
"19,1 : 27.02"
"19,2 : 37.12"
"19,3 : 74.41"
"19,4 : 55.79"
"19,5 : 28.65"
"19,6 : 56.89"
"19,7 : 53.08"
"19,8 : 3.61"
"19,9 : 49.01"
"19,10 : 71.03"
"19,11 : 52.84"
"19,12 : 59.48"
"19,13 : 51.48"
"19,14 : 62.43"
"19,15 : 66.73"
"19,16 : 34.37"
"19,17 : 31.62"
"19,18 : 34.48"
"19,19 : 0.0"
"19,20 : 80.41"
"19,21 : 19.85"
"19,22 : 53.41"
"19,23 : 42.45"
"19,24 : 59.41"
"19,25 : 46.04"
"19,26 : 90.91"
"19,27 : 81.02"
"19,28 : 86.54"
"19,29 : 59.44"
"19,30 : 82.46"
"19,31 : 57.14"
"19,32 : 33.11"
"19,33 : 91.71"
"19,34 : 66.94"
"19,35 : 24.0"
"19,36 : 21.02"
"19,37 : 28.79"
"19,38 : 11.18"
"19,39 : 41.62"
"19,40 : 41.19"
"19,41 : 35.81"
"19,42 : 72.12"
"19,43 : 83.19"
"19,44 : 44.27"
"19,45 : 53.41"
"19,46 : 53.25"
"19,47 : 43.57"
"19,48 : 56.3"
"19,49 : 73.93"
"19,50 : 54.33"
"19,51 : 48.8"
"19,52 : 50.54"
"19,53 : 70.72"
"19,54 : 91.02"
"19,55 : 36.8"
"19,56 : 62.65"
"19,57 : 41.23"
"19,58 : 80.31"
"19,59 : 69.35"
"19,60 : 33.0"
"19,61 : 43.0"
"19,62 : 36.24"
"19,63 : 82.76"
"19,64 : 72.25"
"19,65 : 40.31"
"19,66 : 31.91"
"19,67 : 36.4"
"19,68 : 16.12"
"19,69 : 21.59"
"19,70 : 57.72"
"19,71 : 45.54"
"19,72 : 43.17"
"19,73 : 80.53"
"19,74 : 93.6"
"19,75 : 86.31"
"19,76 : 68.0"
"19,77 : 31.78"
"19,78 : 21.93"
"19,79 : 86.61"
"19,80 : 12.81"
"19,81 : 69.53"
"19,82 : 20.62"
"19,83 : 43.68"
"19,84 : 64.29"
"19,85 : 77.47"
"19,86 : 100.6"
"19,87 : 46.75"
"19,88 : 62.17"
"19,89 : 93.41"
"19,90 : 80.01"
"19,91 : 15.03"
"19,92 : 72.53"
"19,93 : 53.94"
"19,94 : 47.38"
"19,95 : 53.76"
"19,96 : 54.59"
"19,97 : 61.81"
"19,98 : 53.15"
"19,99 : 44.1"
"20,0 : 58.01"
"20,1 : 55.32"
"20,2 : 102.18"
"20,3 : 88.89"
"20,4 : 121.7"
"20,5 : 52.2"
"20,6 : 43.38"
"20,7 : 36.67"
"20,8 : 78.39"
"20,9 : 107.52"
"20,10 : 93.41"
"20,11 : 62.18"
"20,12 : 49.4"
"20,13 : 61.77"
"20,14 : 22.36"
"20,15 : 13.89"
"20,16 : 70.18"
"20,17 : 103.47"
"20,18 : 65.12"
"20,19 : 80.41"
"20,20 : 0.0"
"20,21 : 62.1"
"20,22 : 70.24"
"20,23 : 72.8"
"20,24 : 27.2"
"20,25 : 83.01"
"20,26 : 87.14"
"20,27 : 31.58"
"20,28 : 62.2"
"20,29 : 45.31"
"20,30 : 61.01"
"20,31 : 88.68"
"20,32 : 89.01"
"20,33 : 72.25"
"20,34 : 46.1"
"20,35 : 58.67"
"20,36 : 67.68"
"20,37 : 65.03"
"20,38 : 80.13"
"20,39 : 51.24"
"20,40 : 47.38"
"20,41 : 79.25"
"20,42 : 50.36"
"20,43 : 67.01"
"20,44 : 36.25"
"20,45 : 82.49"
"20,46 : 31.02"
"20,47 : 38.83"
"20,48 : 24.17"
"20,49 : 7.0"
"20,50 : 107.94"
"20,51 : 74.63"
"20,52 : 90.44"
"20,53 : 18.87"
"20,54 : 82.01"
"20,55 : 48.17"
"20,56 : 23.85"
"20,57 : 39.82"
"20,58 : 22.56"
"20,59 : 14.56"
"20,60 : 75.11"
"20,61 : 43.19"
"20,62 : 110.39"
"20,63 : 10.2"
"20,64 : 87.28"
"20,65 : 74.65"
"20,66 : 49.48"
"20,67 : 88.39"
"20,68 : 91.44"
"20,69 : 70.46"
"20,70 : 123.07"
"20,71 : 54.41"
"20,72 : 110.75"
"20,73 : 67.12"
"20,74 : 85.0"
"20,75 : 88.81"
"20,76 : 62.82"
"20,77 : 101.61"
"20,78 : 82.2"
"20,79 : 80.16"
"20,80 : 92.7"
"20,81 : 77.2"
"20,82 : 92.4"
"20,83 : 52.63"
"20,84 : 47.8"
"20,85 : 14.04"
"20,86 : 90.14"
"20,87 : 72.11"
"20,88 : 19.1"
"20,89 : 86.01"
"20,90 : 54.01"
"20,91 : 94.87"
"20,92 : 11.18"
"20,93 : 44.78"
"20,94 : 75.72"
"20,95 : 75.18"
"20,96 : 61.27"
"20,97 : 41.44"
"20,98 : 35.51"
"20,99 : 38.33"
"21,0 : 22.2"
"21,1 : 7.21"
"21,2 : 53.14"
"21,3 : 76.92"
"21,4 : 73.01"
"21,5 : 10.05"
"21,6 : 47.01"
"21,7 : 33.24"
"21,8 : 19.21"
"21,9 : 63.56"
"21,10 : 75.61"
"21,11 : 49.82"
"21,12 : 51.61"
"21,13 : 48.41"
"21,14 : 42.94"
"21,15 : 48.84"
"21,16 : 23.26"
"21,17 : 49.74"
"21,18 : 20.62"
"21,19 : 19.85"
"21,20 : 62.1"
"21,21 : 0.0"
"21,22 : 53.34"
"21,23 : 44.94"
"21,24 : 44.41"
"21,25 : 52.17"
"21,26 : 89.81"
"21,27 : 67.68"
"21,28 : 79.63"
"21,29 : 50.25"
"21,30 : 75.8"
"21,31 : 63.06"
"21,32 : 33.62"
"21,33 : 86.56"
"21,34 : 57.8"
"21,35 : 15.81"
"21,36 : 22.36"
"21,37 : 14.87"
"21,38 : 25.08"
"21,39 : 22.85"
"21,40 : 31.06"
"21,41 : 42.43"
"21,42 : 63.81"
"21,43 : 77.99"
"21,44 : 27.02"
"21,45 : 57.87"
"21,46 : 33.62"
"21,47 : 28.64"
"21,48 : 38.47"
"21,49 : 55.36"
"21,50 : 67.6"
"21,51 : 51.08"
"21,52 : 58.55"
"21,53 : 51.11"
"21,54 : 88.53"
"21,55 : 16.97"
"21,56 : 47.17"
"21,57 : 25.18"
"21,58 : 65.28"
"21,59 : 50.16"
"21,60 : 25.0"
"21,61 : 30.87"
"21,62 : 55.22"
"21,63 : 63.56"
"21,64 : 74.69"
"21,65 : 43.97"
"21,66 : 12.65"
"21,67 : 47.04"
"21,68 : 29.43"
"21,69 : 12.81"
"21,70 : 74.85"
"21,71 : 39.6"
"21,72 : 60.42"
"21,73 : 75.74"
"21,74 : 91.44"
"21,75 : 86.53"
"21,76 : 63.64"
"21,77 : 49.19"
"21,78 : 33.54"
"21,79 : 84.39"
"21,80 : 32.65"
"21,81 : 69.34"
"21,82 : 31.0"
"21,83 : 36.8"
"21,84 : 55.76"
"21,85 : 61.03"
"21,86 : 98.49"
"21,87 : 48.33"
"21,88 : 43.32"
"21,89 : 91.55"
"21,90 : 71.87"
"21,91 : 33.11"
"21,92 : 55.33"
"21,93 : 44.42"
"21,94 : 50.33"
"21,95 : 55.46"
"21,96 : 51.09"
"21,97 : 51.43"
"21,98 : 33.3"
"21,99 : 24.6"
"22,0 : 31.3"
"22,1 : 54.23"
"22,2 : 45.18"
"22,3 : 24.04"
"22,4 : 59.81"
"22,5 : 49.98"
"22,6 : 26.93"
"22,7 : 69.07"
"22,8 : 49.82"
"22,9 : 44.01"
"22,10 : 25.02"
"22,11 : 8.06"
"22,12 : 21.93"
"22,13 : 8.54"
"22,14 : 66.91"
"22,15 : 58.87"
"22,16 : 76.54"
"22,17 : 52.09"
"22,18 : 73.35"
"22,19 : 53.41"
"22,20 : 70.24"
"22,21 : 53.34"
"22,22 : 0.0"
"22,23 : 11.7"
"22,24 : 43.46"
"22,25 : 16.76"
"22,26 : 37.54"
"22,27 : 49.82"
"22,28 : 38.0"
"22,29 : 25.61"
"22,30 : 34.01"
"22,31 : 18.6"
"22,32 : 84.29"
"22,33 : 40.26"
"22,34 : 28.6"
"22,35 : 37.59"
"22,36 : 33.24"
"22,37 : 68.0"
"22,38 : 43.57"
"22,39 : 69.38"
"22,40 : 29.02"
"22,41 : 21.38"
"22,42 : 29.55"
"22,43 : 32.39"
"22,44 : 47.0"
"22,45 : 12.73"
"22,46 : 63.03"
"22,47 : 40.01"
"22,48 : 53.15"
"22,49 : 67.23"
"22,50 : 41.68"
"22,51 : 7.07"
"22,52 : 22.47"
"22,53 : 73.98"
"22,54 : 37.74"
"22,55 : 59.91"
"22,56 : 46.52"
"22,57 : 43.05"
"22,58 : 55.17"
"22,59 : 68.68"
"22,60 : 78.23"
"22,61 : 33.02"
"22,62 : 59.01"
"22,63 : 78.39"
"22,64 : 21.84"
"22,65 : 14.56"
"22,66 : 52.2"
"22,67 : 29.02"
"22,68 : 69.4"
"22,69 : 65.46"
"22,70 : 60.54"
"22,71 : 18.03"
"22,72 : 52.77"
"22,73 : 29.43"
"22,74 : 40.22"
"22,75 : 33.42"
"22,76 : 18.03"
"22,77 : 49.04"
"22,78 : 35.47"
"22,79 : 33.29"
"22,80 : 57.7"
"22,81 : 16.28"
"22,82 : 74.03"
"22,83 : 21.0"
"22,84 : 25.61"
"22,85 : 58.82"
"22,86 : 47.2"
"22,87 : 7.28"
"22,88 : 61.61"
"22,89 : 40.0"
"22,90 : 34.93"
"22,91 : 65.37"
"22,92 : 59.06"
"22,93 : 25.5"
"22,94 : 9.06"
"22,95 : 5.0"
"22,96 : 9.22"
"22,97 : 29.83"
"22,98 : 68.03"
"22,99 : 57.22"
"23,0 : 24.19"
"23,1 : 47.07"
"23,2 : 34.93"
"23,3 : 32.45"
"23,4 : 51.48"
"23,5 : 43.42"
"23,6 : 31.4"
"23,7 : 65.49"
"23,8 : 38.9"
"23,9 : 36.06"
"23,10 : 30.68"
"23,11 : 15.3"
"23,12 : 28.64"
"23,13 : 14.56"
"23,14 : 65.79"
"23,15 : 60.21"
"23,16 : 68.15"
"23,17 : 41.01"
"23,18 : 65.46"
"23,19 : 42.45"
"23,20 : 72.8"
"23,21 : 44.94"
"23,22 : 11.7"
"23,23 : 0.0"
"23,24 : 45.61"
"23,25 : 10.3"
"23,26 : 48.6"
"23,27 : 56.82"
"23,28 : 49.16"
"23,29 : 31.38"
"23,30 : 45.1"
"23,31 : 19.0"
"23,32 : 74.2"
"23,33 : 51.92"
"23,34 : 36.4"
"23,35 : 29.83"
"23,36 : 23.32"
"23,37 : 59.81"
"23,38 : 32.2"
"23,39 : 63.39"
"23,40 : 26.93"
"23,41 : 10.0"
"23,42 : 38.83"
"23,43 : 43.93"
"23,44 : 44.38"
"23,45 : 13.15"
"23,46 : 60.42"
"23,47 : 37.95"
"23,48 : 52.8"
"23,49 : 68.8"
"23,50 : 35.36"
"23,51 : 6.4"
"23,52 : 17.89"
"23,53 : 73.54"
"23,54 : 49.24"
"23,55 : 54.15"
"23,56 : 49.04"
"23,57 : 40.02"
"23,58 : 60.8"
"23,59 : 68.88"
"23,60 : 69.32"
"23,61 : 31.38"
"23,62 : 48.09"
"23,63 : 79.92"
"23,64 : 30.23"
"23,65 : 3.0"
"23,66 : 46.17"
"23,67 : 18.68"
"23,68 : 58.26"
"23,69 : 56.36"
"23,70 : 52.48"
"23,71 : 18.44"
"23,72 : 43.01"
"23,73 : 41.0"
"23,74 : 51.62"
"23,75 : 43.86"
"23,76 : 29.15"
"23,77 : 38.05"
"23,78 : 23.77"
"23,79 : 44.78"
"23,80 : 46.07"
"23,81 : 27.2"
"23,82 : 63.03"
"23,83 : 20.25"
"23,84 : 33.24"
"23,85 : 62.94"
"23,86 : 58.52"
"23,87 : 4.47"
"23,88 : 61.33"
"23,89 : 51.31"
"23,90 : 45.18"
"23,91 : 53.85"
"23,92 : 61.85"
"23,93 : 29.07"
"23,94 : 5.39"
"23,95 : 11.31"
"23,96 : 17.26"
"23,97 : 35.51"
"23,98 : 64.63"
"23,99 : 53.34"
"24,0 : 33.24"
"24,1 : 39.29"
"24,2 : 76.03"
"24,3 : 63.79"
"24,4 : 95.13"
"24,5 : 34.71"
"24,6 : 17.26"
"24,7 : 35.23"
"24,8 : 56.72"
"24,9 : 80.62"
"24,10 : 67.45"
"24,11 : 35.47"
"24,12 : 24.08"
"24,13 : 34.93"
"24,14 : 26.68"
"24,15 : 15.52"
"24,16 : 60.37"
"24,17 : 78.29"
"24,18 : 55.47"
"24,19 : 59.41"
"24,20 : 27.2"
"24,21 : 44.41"
"24,22 : 43.46"
"24,23 : 45.61"
"24,24 : 0.0"
"24,25 : 55.8"
"24,26 : 65.92"
"24,27 : 23.77"
"24,28 : 45.18"
"24,29 : 20.02"
"24,30 : 42.54"
"24,31 : 61.72"
"24,32 : 76.54"
"24,33 : 54.63"
"24,34 : 23.77"
"24,35 : 35.69"
"24,36 : 43.08"
"24,37 : 52.92"
"24,38 : 56.61"
"24,39 : 44.2"
"24,40 : 21.1"
"24,41 : 52.35"
"24,42 : 29.73"
"24,43 : 47.43"
"24,44 : 18.38"
"24,45 : 55.47"
"24,46 : 27.46"
"24,47 : 16.0"
"24,48 : 13.42"
"24,49 : 23.77"
"24,50 : 80.81"
"24,51 : 47.51"
"24,52 : 63.25"
"24,53 : 32.0"
"24,54 : 61.85"
"24,55 : 36.72"
"24,56 : 3.61"
"24,57 : 19.24"
"24,58 : 21.0"
"24,59 : 26.08"
"24,60 : 64.47"
"24,61 : 17.46"
"24,62 : 85.42"
"24,63 : 34.93"
"24,64 : 61.98"
"24,65 : 47.51"
"24,66 : 33.53"
"24,67 : 61.62"
"24,68 : 73.01"
"24,69 : 55.79"
"24,70 : 96.43"
"24,71 : 27.2"
"24,72 : 84.63"
"24,73 : 46.57"
"24,74 : 65.0"
"24,75 : 66.12"
"24,76 : 39.01"
"24,77 : 76.16"
"24,78 : 56.82"
"24,79 : 59.03"
"24,80 : 70.61"
"24,81 : 52.35"
"24,82 : 75.24"
"24,83 : 25.5"
"24,84 : 24.19"
"24,85 : 18.79"
"24,86 : 71.17"
"24,87 : 44.94"
"24,88 : 20.22"
"24,89 : 65.73"
"24,90 : 36.24"
"24,91 : 74.43"
"24,92 : 16.28"
"24,93 : 18.03"
"24,94 : 48.55"
"24,95 : 48.33"
"24,96 : 34.79"
"24,97 : 17.12"
"24,98 : 33.84"
"24,99 : 27.8"
"25,0 : 33.06"
"25,1 : 55.23"
"25,2 : 29.02"
"25,3 : 29.21"
"25,4 : 43.08"
"25,5 : 52.01"
"25,6 : 41.04"
"25,7 : 75.13"
"25,8 : 42.72"
"25,9 : 27.31"
"25,10 : 25.0"
"25,11 : 23.32"
"25,12 : 37.44"
"25,13 : 23.02"
"25,14 : 75.96"
"25,15 : 70.49"
"25,16 : 75.0"
"25,17 : 36.88"
"25,18 : 72.78"
"25,19 : 46.04"
"25,20 : 83.01"
"25,21 : 52.17"
"25,22 : 16.76"
"25,23 : 10.3"
"25,24 : 55.8"
"25,25 : 0.0"
"25,26 : 48.33"
"25,27 : 65.73"
"25,28 : 54.23"
"25,29 : 40.61"
"25,30 : 50.36"
"25,31 : 11.18"
"25,32 : 78.89"
"25,33 : 55.23"
"25,34 : 44.78"
"25,35 : 38.05"
"25,36 : 29.83"
"25,37 : 66.94"
"25,38 : 35.0"
"25,39 : 72.03"
"25,40 : 37.16"
"25,41 : 10.3"
"25,42 : 46.24"
"25,43 : 48.0"
"25,44 : 54.41"
"25,45 : 8.06"
"25,46 : 70.34"
"25,47 : 48.1"
"25,48 : 63.07"
"25,49 : 79.08"
"25,50 : 25.61"
"25,51 : 9.85"
"25,52 : 7.62"
"25,53 : 83.77"
"25,54 : 50.29"
"25,55 : 63.01"
"25,56 : 59.2"
"25,57 : 50.0"
"25,58 : 70.29"
"25,59 : 79.16"
"25,60 : 75.61"
"25,61 : 41.63"
"25,62 : 43.42"
"25,63 : 90.21"
"25,64 : 27.2"
"25,65 : 9.22"
"25,66 : 55.01"
"25,67 : 13.6"
"25,68 : 60.96"
