x,y
95,58
35,93
1,100
70,76
99,35
95,91
69,93
30,95
44,100
32,2
83,97
96,97
3,12
54,5
64,36
42,44
26,40
83,51
57,4
4,57
88,10
73,70
2,52
63,6
71,16
10,18
9,74
13,95
36,19
78,38
56,60
22,89
90,20
13,52
20,5
59,33
98,62
63,75
44,62
63,9
39,36
88,30
65,6
62,11
92,69
36,8
1,3
1,51
64,95
7,21
1,21
86,83
59,39
41,87
25,78
48,91
19,39
88,24
37,37
12,22
58,62
97,83
3,61
25,98
82,83
13,84
80,99
55,76
53,89
59,99
9,4
63,28
90,64
18,49
29,35
34,13
9,38
15,48
17,26
85,26
31,40
93,49
79,57
86,90
81,36
38,6
96,5
25,30
87,9
92,13
79,22
89,65
71,7
87,84
52,59
10,49
27,88
57,12
100,94
53,3

Distanze
"0,0 : 0.0"
"0,1 : 69.46"
"0,2 : 102.96"
"0,3 : 30.81"
"0,4 : 23.35"
"0,5 : 33.0"
"0,6 : 43.6"
"0,7 : 74.79"
"0,8 : 66.07"
"0,9 : 84.29"
"0,10 : 40.8"
"0,11 : 39.01"
"0,12 : 102.86"
"0,13 : 67.01"
"0,14 : 38.01"
"0,15 : 54.82"
"0,16 : 71.31"
"0,17 : 13.89"
"0,18 : 66.03"
"0,19 : 91.01"
"0,20 : 48.51"
"0,21 : 25.06"
"0,22 : 93.19"
"0,23 : 61.06"
"0,24 : 48.37"
"0,25 : 93.94"
"0,26 : 87.48"
"0,27 : 89.96"
"0,28 : 70.72"
"0,29 : 26.25"
"0,30 : 39.05"
"0,31 : 79.31"
"0,32 : 38.33"
"0,33 : 82.22"
"0,34 : 91.84"
"0,35 : 43.83"
"0,36 : 5.0"
"0,37 : 36.24"
"0,38 : 51.16"
"0,39 : 58.52"
"0,40 : 60.17"
"0,41 : 28.86"
"0,42 : 60.03"
"0,43 : 57.43"
"0,44 : 11.4"
"0,45 : 77.34"
"0,46 : 108.91"
"0,47 : 94.26"
"0,48 : 48.27"
"0,49 : 95.46"
"0,50 : 101.02"
"0,51 : 26.57"
"0,52 : 40.71"
"0,53 : 61.29"
"0,54 : 72.8"
"0,55 : 57.43"
"0,56 : 78.34"
"0,57 : 34.71"
"0,58 : 61.68"
"0,59 : 90.47"
"0,60 : 37.22"
"0,61 : 25.08"
"0,62 : 92.05"
"0,63 : 80.62"
"0,64 : 28.18"
"0,65 : 86.02"
"0,66 : 43.66"
"0,67 : 43.86"
"0,68 : 52.2"
"0,69 : 54.56"
"0,70 : 101.55"
"0,71 : 43.86"
"0,72 : 7.81"
"0,73 : 77.52"
"0,74 : 69.89"
"0,75 : 75.8"
"0,76 : 88.29"
"0,77 : 80.62"
"0,78 : 84.31"
"0,79 : 33.53"
"0,80 : 66.48"
"0,81 : 9.22"
"0,82 : 16.03"
"0,83 : 33.24"
"0,84 : 26.08"
"0,85 : 77.16"
"0,86 : 53.01"
"0,87 : 75.39"
"0,88 : 49.65"
"0,89 : 45.1"
"0,90 : 39.4"
"0,91 : 9.22"
"0,92 : 56.36"
"0,93 : 27.2"
"0,94 : 43.01"
"0,95 : 85.48"
"0,96 : 74.32"
"0,97 : 59.67"
"0,98 : 36.35"
"0,99 : 69.2"
"1,0 : 69.46"
"1,1 : 0.0"
"1,2 : 34.71"
"1,3 : 38.91"
"1,4 : 86.37"
"1,5 : 60.03"
"1,6 : 34.0"
"1,7 : 5.39"
"1,8 : 11.4"
"1,9 : 91.05"
"1,10 : 48.17"
"1,11 : 61.13"
"1,12 : 87.09"
"1,13 : 90.03"
"1,14 : 63.95"
"1,15 : 49.5"
"1,16 : 53.76"
"1,17 : 63.78"
"1,18 : 91.68"
"1,19 : 47.51"
"1,20 : 98.48"
"1,21 : 44.42"
"1,22 : 52.63"
"1,23 : 91.39"
"1,24 : 85.0"
"1,25 : 79.06"
"1,26 : 32.2"
"1,27 : 22.09"
"1,28 : 74.01"
"1,29 : 69.81"
"1,30 : 39.12"
"1,31 : 13.6"
"1,32 : 91.4"
"1,33 : 46.53"
"1,34 : 89.27"
"1,35 : 64.62"
"1,36 : 70.21"
"1,37 : 33.29"
"1,38 : 32.28"
"1,39 : 88.54"
"1,40 : 57.14"
"1,41 : 82.33"
"1,42 : 92.03"
"1,43 : 86.33"
"1,44 : 61.85"
"1,45 : 85.01"
"1,46 : 96.21"
"1,47 : 54.04"
"1,48 : 29.07"
"1,49 : 77.25"
"1,50 : 79.62"
"1,51 : 51.97"
"1,52 : 59.09"
"1,53 : 8.49"
"1,54 : 18.03"
"1,55 : 13.15"
"1,56 : 56.32"
"1,57 : 87.01"
"1,58 : 56.04"
"1,59 : 74.63"
"1,60 : 38.6"
"1,61 : 62.8"
"1,62 : 45.25"
"1,63 : 11.18"
"1,64 : 48.05"
"1,65 : 23.77"
"1,66 : 45.4"
"1,67 : 26.25"
"1,68 : 18.44"
"1,69 : 24.74"
"1,70 : 92.72"
"1,71 : 70.77"
"1,72 : 62.18"
"1,73 : 47.17"
"1,74 : 58.31"
"1,75 : 80.01"
"1,76 : 60.84"
"1,77 : 49.24"
"1,78 : 69.38"
"1,79 : 83.6"
"1,80 : 53.15"
"1,81 : 72.8"
"1,82 : 56.85"
"1,83 : 51.09"
"1,84 : 73.25"
"1,85 : 87.05"
"1,86 : 107.07"
"1,87 : 63.79"
"1,88 : 98.79"
"1,89 : 98.23"
"1,90 : 83.53"
"1,91 : 60.83"
"1,92 : 93.23"
"1,93 : 52.77"
"1,94 : 38.01"
"1,95 : 50.61"
"1,96 : 9.43"
"1,97 : 83.93"
"1,98 : 65.01"
"1,99 : 91.78"
"2,0 : 102.96"
"2,1 : 34.71"
"2,2 : 0.0"
"2,3 : 73.05"
"2,4 : 117.6"
"2,5 : 94.43"
"2,6 : 68.36"
"2,7 : 29.43"
"2,8 : 43.0"
"2,9 : 102.79"
"2,10 : 82.05"
"2,11 : 95.05"
"2,12 : 88.02"
"2,13 : 108.78"
"2,14 : 89.81"
"2,15 : 69.4"
"2,16 : 65.0"
"2,17 : 95.52"
"2,18 : 111.14"
"2,19 : 43.1"
"2,20 : 125.18"
"2,21 : 78.0"
"2,22 : 48.01"
"2,23 : 112.61"
"2,24 : 109.34"
"2,25 : 82.49"
"2,26 : 27.2"
"2,27 : 13.0"
"2,28 : 88.24"
"2,29 : 98.86"
"2,30 : 68.01"
"2,31 : 23.71"
"2,32 : 119.67"
"2,33 : 49.48"
"2,34 : 96.88"
"2,35 : 88.62"
"2,36 : 104.18"
"2,37 : 66.85"
"2,38 : 57.38"
"2,39 : 110.11"
"2,40 : 74.43"
"2,41 : 111.66"
"2,42 : 113.72"
"2,43 : 107.9"
"2,44 : 96.14"
"2,45 : 98.43"
"2,46 : 97.0"
"2,47 : 49.0"
"2,48 : 63.2"
"2,49 : 79.23"
"2,50 : 79.0"
"2,51 : 86.68"
"2,52 : 84.17"
"2,53 : 42.06"
"2,54 : 32.56"
"2,55 : 47.85"
"2,56 : 63.6"
"2,57 : 115.52"
"2,58 : 72.56"
"2,59 : 78.77"
"2,60 : 68.51"
"2,61 : 97.49"
"2,62 : 39.05"
"2,63 : 24.08"
"2,64 : 82.76"
"2,65 : 20.0"
"2,66 : 79.01"
"2,67 : 59.09"
"2,68 : 53.15"
"2,69 : 58.01"
"2,70 : 96.33"
"2,71 : 95.02"
"2,72 : 96.01"
"2,73 : 53.76"
"2,74 : 70.77"
"2,75 : 93.05"
"2,76 : 62.51"
"2,77 : 53.85"
"2,78 : 75.71"
"2,79 : 111.95"
"2,80 : 67.08"
"2,81 : 105.19"
"2,82 : 89.07"
"2,83 : 85.59"
"2,84 : 102.45"
"2,85 : 101.02"
"2,86 : 134.35"
"2,87 : 74.0"
"2,88 : 125.21"
"2,89 : 125.9"
"2,90 : 110.31"
"2,91 : 94.7"
"2,92 : 116.4"
"2,93 : 87.48"
"2,94 : 65.44"
"2,95 : 51.79"
"2,96 : 28.64"
"2,97 : 104.31"
"2,98 : 99.18"
"2,99 : 110.06"
"3,0 : 30.81"
"3,1 : 38.91"
"3,2 : 73.05"
"3,3 : 0.0"
"3,4 : 50.22"
"3,5 : 29.15"
"3,6 : 17.03"
"3,7 : 44.28"
"3,8 : 35.38"
"3,9 : 83.19"
"3,10 : 24.7"
"3,11 : 33.42"
"3,12 : 92.66"
"3,13 : 72.78"
"3,14 : 40.45"
"3,15 : 42.52"
"3,16 : 56.85"
"3,17 : 28.18"
"3,18 : 73.16"
"3,19 : 68.68"
"3,20 : 68.41"
"3,21 : 6.71"
"3,22 : 72.11"
"3,23 : 70.35"
"3,24 : 60.01"
"3,25 : 83.45"
"3,26 : 61.03"
"3,27 : 60.08"
"3,28 : 66.37"
"3,29 : 38.83"
"3,30 : 21.26"
"3,31 : 49.73"
"3,32 : 59.46"
"3,33 : 61.85"
"3,34 : 86.84"
"3,35 : 44.38"
"3,36 : 31.3"
"3,37 : 7.07"
"3,38 : 29.53"
"3,39 : 67.36"
"3,40 : 50.61"
"3,41 : 49.4"
"3,42 : 70.18"
"3,43 : 65.49"
"3,44 : 23.09"
"3,45 : 76.03"
"3,46 : 100.45"
"3,47 : 73.39"
"3,48 : 19.92"
"3,49 : 83.63"
"3,50 : 88.24"
"3,51 : 17.46"
"3,52 : 38.6"
"3,53 : 31.02"
"3,54 : 45.04"
"3,55 : 26.63"
"3,56 : 63.01"
"3,57 : 55.03"
"3,58 : 51.09"
"3,59 : 79.25"
"3,60 : 18.44"
"3,61 : 27.89"
"3,62 : 68.66"
"3,63 : 50.09"
"3,64 : 13.89"
"3,65 : 57.56"
"3,66 : 25.08"
"3,67 : 15.0"
"3,68 : 21.4"
"3,69 : 25.5"
"3,70 : 94.37"
"3,71 : 48.51"
"3,72 : 23.32"
"3,73 : 58.59"
"3,74 : 57.98"
"3,75 : 72.56"
"3,76 : 71.87"
"3,77 : 61.72"
"3,78 : 72.86"
"3,79 : 52.2"
"3,80 : 53.08"
"3,81 : 35.47"
"3,82 : 21.02"
"3,83 : 21.26"
"3,84 : 41.48"
"3,85 : 76.97"
"3,86 : 75.61"
"3,87 : 64.35"
"3,88 : 69.12"
"3,89 : 66.73"
"3,90 : 54.74"
"3,91 : 21.95"
"3,92 : 69.01"
"3,93 : 18.79"
"3,94 : 24.76"
"3,95 : 65.8"
"3,96 : 44.64"
"3,97 : 65.31"
"3,98 : 34.99"
"3,99 : 74.95"
"4,0 : 23.35"
"4,1 : 86.37"
"4,2 : 117.6"
"4,3 : 50.22"
"4,4 : 0.0"
"4,5 : 56.14"
"4,6 : 65.3"
"4,7 : 91.44"
"4,8 : 85.15"
"4,9 : 74.69"
"4,10 : 64.03"
"4,11 : 62.07"
"4,12 : 98.72"
"4,13 : 54.08"
"4,14 : 35.01"
"4,15 : 57.71"
"4,16 : 73.17"
"4,17 : 22.63"
"4,18 : 52.2"
"4,19 : 97.51"
"4,20 : 27.31"
"4,21 : 43.6"
"4,22 : 98.48"
"4,23 : 46.23"
"4,24 : 33.84"
"4,25 : 90.61"
"4,26 : 98.09"
"4,27 : 104.86"
"4,28 : 65.0"
"4,29 : 21.21"
"4,30 : 49.74"
"4,31 : 94.05"
"4,32 : 17.49"
"4,33 : 87.66"
"4,34 : 84.5"
"4,35 : 40.05"
"4,36 : 27.02"
"4,37 : 53.81"
"4,38 : 61.27"
"4,39 : 44.41"
"4,40 : 60.01"
"4,41 : 12.08"
"4,42 : 44.69"
"4,43 : 44.1"
"4,44 : 34.71"
"4,45 : 68.54"
"4,46 : 103.09"
"4,47 : 99.3"
"4,48 : 69.46"
"4,49 : 93.06"
"4,50 : 98.99"
"4,51 : 49.73"
"4,52 : 40.2"
"4,53 : 77.9"
"4,54 : 85.59"
"4,55 : 75.74"
"4,56 : 80.1"
"4,57 : 15.56"
"4,58 : 62.03"
"4,59 : 87.97"
"4,60 : 49.09"
"4,61 : 48.04"
"4,62 : 99.46"
"4,63 : 97.19"
"4,64 : 50.92"
"4,65 : 98.98"
"4,66 : 66.76"
"4,67 : 60.14"
"4,68 : 70.94"
"4,69 : 75.47"
"4,70 : 95.19"
"4,71 : 36.67"
"4,72 : 30.36"
"4,73 : 82.2"
"4,74 : 70.0"
"4,75 : 68.62"
"4,76 : 90.05"
"4,77 : 85.0"
"4,78 : 82.49"
"4,79 : 16.64"
"4,80 : 68.18"
"4,81 : 15.23"
"4,82 : 29.73"
"4,83 : 56.52"
"4,84 : 18.03"
"4,85 : 67.54"
"4,86 : 30.15"
"4,87 : 74.17"
"4,88 : 28.64"
"4,89 : 23.09"
"4,90 : 23.85"
"4,91 : 31.62"
"4,92 : 39.6"
"4,93 : 50.45"
"4,94 : 52.77"
"4,95 : 90.09"
"4,96 : 89.4"
"4,97 : 47.89"
"4,98 : 59.01"
"4,99 : 56.04"
"5,0 : 33.0"
"5,1 : 60.03"
"5,2 : 94.43"
"5,3 : 29.15"
"5,4 : 56.14"
"5,5 : 0.0"
"5,6 : 26.08"
"5,7 : 65.12"
"5,8 : 51.79"
"5,9 : 109.04"
"5,10 : 13.42"
"5,11 : 6.08"
"5,12 : 121.26"
"5,13 : 95.27"
"5,14 : 63.13"
"5,15 : 70.84"
"5,16 : 85.8"
"5,17 : 41.76"
"5,18 : 94.94"
"5,19 : 97.14"
"5,20 : 81.3"
"5,21 : 30.41"
"5,22 : 100.85"
"5,23 : 90.82"
"5,24 : 78.75"
"5,25 : 112.04"
"5,26 : 87.66"
"5,27 : 82.1"
"5,28 : 93.09"
"5,29 : 55.66"
"5,30 : 49.82"
"5,31 : 73.03"
"5,32 : 71.18"
"5,33 : 90.8"
"5,34 : 114.11"
"5,35 : 68.26"
"5,36 : 29.15"
"5,37 : 35.78"
"5,38 : 58.67"
"5,39 : 88.02"
"5,40 : 78.49"
"5,41 : 61.4"
"5,42 : 90.14"
"5,43 : 86.54"
"5,44 : 22.2"
"5,45 : 101.83"
"5,46 : 128.76"
"5,47 : 102.16"
"5,48 : 31.26"
"5,49 : 112.45"
"5,50 : 117.2"
"5,51 : 12.04"
"5,52 : 63.25"
"5,53 : 54.15"
"5,54 : 71.2"
"5,55 : 47.0"
"5,56 : 92.09"
"5,57 : 67.36"
"5,58 : 79.25"
"5,59 : 107.94"
"5,60 : 47.01"
"5,61 : 8.25"
"5,62 : 96.77"
"5,63 : 70.35"
"5,64 : 15.26"
"5,65 : 82.3"
"5,66 : 17.0"
"5,67 : 42.72"
"5,68 : 42.05"
"5,69 : 36.88"
"5,70 : 122.33"
"5,71 : 70.66"
"5,72 : 27.46"
"5,73 : 87.71"
"5,74 : 86.56"
"5,75 : 99.02"
"5,76 : 101.02"
"5,77 : 90.82"
"5,78 : 101.53"
"5,79 : 65.76"
"5,80 : 81.84"
"5,81 : 42.05"
"5,82 : 37.58"
"5,83 : 9.06"
"5,84 : 56.75"
"5,85 : 102.34"
"5,86 : 86.01"
"5,87 : 92.85"
"5,88 : 82.39"
"5,89 : 78.06"
"5,90 : 70.83"
"5,91 : 26.68"
"5,92 : 87.36"
"5,93 : 10.63"
"5,94 : 53.6"
"5,95 : 94.81"
"5,96 : 68.07"
"5,97 : 87.66"
"5,98 : 5.83"
"5,99 : 97.51"
"6,0 : 43.6"
"6,1 : 34.0"
"6,2 : 68.36"
"6,3 : 17.03"
"6,4 : 65.3"
"6,5 : 26.08"
"6,6 : 0.0"
"6,7 : 39.05"
"6,8 : 25.96"
"6,9 : 98.23"
"6,10 : 14.56"
"6,11 : 27.29"
"6,12 : 104.48"
"6,13 : 89.27"
"6,14 : 57.22"
"6,15 : 55.95"
"6,16 : 68.25"
"6,17 : 44.27"
"6,18 : 89.81"
"6,19 : 74.3"
"6,20 : 85.15"
"6,21 : 23.35"
"6,22 : 78.55"
"6,23 : 87.21"
"6,24 : 77.03"
"6,25 : 95.43"
"6,26 : 62.94"
"6,27 : 56.04"
"6,28 : 81.02"
"6,29 : 55.73"
"6,30 : 35.47"
"6,31 : 47.17"
"6,32 : 75.96"
"6,33 : 69.4"
"6,34 : 100.72"
"6,35 : 60.83"
"6,36 : 42.45"
"6,37 : 18.97"
"6,38 : 39.82"
"6,39 : 84.21"
"6,40 : 64.41"
"6,41 : 65.8"
"6,42 : 87.09"
"6,43 : 82.3"
"6,44 : 33.24"
"6,45 : 91.18"
"6,46 : 112.8"
"6,47 : 79.92"
"6,48 : 5.39"
"6,49 : 95.02"
"6,50 : 99.04"
"6,51 : 19.72"
"6,52 : 54.92"
"6,53 : 28.64"
"6,54 : 46.49"
"6,55 : 21.1"
"6,56 : 73.59"
"6,57 : 71.57"
"6,58 : 64.5"
"6,59 : 91.05"
"6,60 : 32.89"
"6,61 : 29.73"
"6,62 : 73.35"
"6,63 : 44.28"
"6,64 : 16.4"
"6,65 : 56.72"
"6,66 : 12.53"
"6,67 : 22.02"
"6,68 : 16.49"
"6,69 : 11.66"
"6,70 : 107.34"
"6,71 : 65.28"
"6,72 : 35.81"
"6,73 : 67.36"
"6,74 : 70.46"
"6,75 : 87.32"
"6,76 : 81.39"
"6,77 : 70.29"
"6,78 : 84.81"
"6,79 : 68.88"
"6,80 : 65.22"
"6,81 : 50.12"
"6,82 : 37.36"
"6,83 : 17.26"
"6,84 : 58.25"
"6,85 : 92.36"
"6,86 : 92.05"
"6,87 : 76.84"
"6,88 : 85.91"
"6,89 : 83.24"
"6,90 : 71.7"
"6,91 : 34.41"
"6,92 : 86.02"
"6,93 : 20.12"
"6,94 : 38.01"
"6,95 : 73.6"
"6,96 : 42.3"
"6,97 : 81.88"
"6,98 : 31.02"
"6,99 : 91.41"
"7,0 : 74.79"
"7,1 : 5.39"
"7,2 : 29.43"
"7,3 : 44.28"
"7,4 : 91.44"
"7,5 : 65.12"
"7,6 : 39.05"
"7,7 : 0.0"
"7,8 : 14.87"
"7,9 : 93.02"
"7,10 : 53.04"
"7,11 : 66.03"
"7,12 : 87.28"
"7,13 : 93.15"
"7,14 : 68.1"
"7,15 : 52.39"
"7,16 : 55.15"
"7,17 : 68.88"
"7,18 : 94.92"
"7,19 : 46.04"
"7,20 : 102.9"
"7,21 : 49.74"
"7,22 : 51.31"
"7,23 : 94.92"
"7,24 : 89.01"
"7,25 : 79.56"
"7,26 : 29.7"
"7,27 : 17.0"
"7,28 : 76.24"
"7,29 : 74.52"
"7,30 : 43.6"
"7,31 : 10.0"
"7,32 : 96.05"
"7,33 : 46.24"
"7,34 : 90.55"
"7,35 : 68.45"
"7,36 : 75.58"
"7,37 : 38.59"
"7,38 : 35.85"
"7,39 : 92.11"
"7,40 : 59.68"
"7,41 : 87.11"
"7,42 : 95.63"
"7,43 : 89.89"
"7,44 : 67.23"
"7,45 : 87.21"
"7,46 : 96.46"
"7,47 : 52.7"
"7,48 : 34.0"
"7,49 : 77.49"
"7,50 : 79.48"
"7,51 : 57.27"
"7,52 : 63.06"
"7,53 : 13.6"
"7,54 : 17.72"
"7,55 : 18.44"
"7,56 : 57.07"
"7,57 : 91.68"
"7,58 : 58.42"
"7,59 : 75.19"
"7,60 : 43.28"
"7,61 : 68.07"
"7,62 : 43.42"
"7,63 : 5.83"
"7,64 : 53.37"
"7,65 : 20.25"
"7,66 : 50.16"
"7,67 : 31.4"
"7,68 : 23.77"
"7,69 : 29.27"
"7,70 : 93.39"
"7,71 : 74.69"
"7,72 : 67.54"
"7,73 : 47.54"
"7,74 : 60.01"
"7,75 : 82.1"
"7,76 : 60.75"
"7,77 : 49.34"
"7,78 : 70.21"
"7,79 : 88.24"
"7,80 : 55.01"
"7,81 : 78.01"
"7,82 : 62.01"
"7,83 : 56.22"
"7,84 : 77.99"
"7,85 : 89.36"
"7,86 : 111.61"
"7,87 : 65.19"
"7,88 : 103.17"
"7,89 : 102.8"
"7,90 : 87.92"
"7,91 : 66.19"
"7,92 : 97.08"
"7,93 : 58.05"
"7,94 : 42.19"
"7,95 : 50.16"
"7,96 : 7.62"
"7,97 : 87.28"
"7,98 : 70.01"
"7,99 : 94.83"
"8,0 : 66.07"
"8,1 : 11.4"
"8,2 : 43.0"
"8,3 : 35.38"
"8,4 : 85.15"
"8,5 : 51.79"
"8,6 : 25.96"
"8,7 : 14.87"
"8,8 : 0.0"
"8,9 : 98.73"
"8,10 : 39.12"
"8,11 : 52.09"
"8,12 : 97.08"
"8,13 : 95.52"
"8,14 : 67.05"
"8,15 : 56.04"
"8,16 : 62.64"
"8,17 : 62.63"
"8,18 : 96.88"
"8,19 : 58.73"
"8,20 : 100.18"
"8,21 : 41.73"
"8,22 : 63.78"
"8,23 : 95.9"
"8,24 : 88.23"
"8,25 : 88.77"
"8,26 : 43.6"
"8,27 : 31.4"
"8,28 : 81.39"
"8,29 : 70.71"
"8,30 : 41.76"
"8,31 : 24.6"
"8,32 : 92.28"
"8,33 : 57.14"
"8,34 : 97.98"
"8,35 : 68.66"
"8,36 : 66.03"
"8,37 : 31.4"
"8,38 : 38.0"
"8,39 : 92.96"
"8,40 : 64.2"
"8,41 : 82.68"
"8,42 : 96.32"
"8,43 : 90.8"
"8,44 : 57.14"
"8,45 : 92.35"
"8,46 : 106.1"
"8,47 : 65.19"
"8,48 : 20.62"
"8,49 : 87.24"
"8,50 : 89.94"
"8,51 : 45.31"
"8,52 : 62.82"
"8,53 : 13.34"
"8,54 : 29.07"
"8,55 : 9.85"
"8,56 : 65.92"
"8,57 : 87.82"
"8,58 : 63.39"
"8,59 : 84.31"
"8,60 : 40.5"
"8,61 : 55.66"
"8,62 : 56.59"
"8,63 : 19.1"
"8,64 : 41.63"
"8,65 : 34.89"
"8,66 : 36.01"
"8,67 : 26.4"
"8,68 : 14.21"
"8,69 : 15.03"
"8,70 : 102.18"
"8,71 : 74.46"
"8,72 : 58.41"
"8,73 : 57.25"
"8,74 : 66.71"
"8,75 : 87.57"
"8,76 : 71.2"
"8,77 : 59.54"
"8,78 : 78.77"
"8,79 : 84.6"
"8,80 : 61.39"
"8,81 : 70.72"
"8,82 : 55.44"
"8,83 : 43.17"
"8,84 : 73.93"
"8,85 : 94.19"
"8,86 : 108.3"
"8,87 : 72.53"
"8,88 : 100.65"
"8,89 : 99.36"
"8,90 : 85.49"
"8,91 : 57.01"
"8,92 : 96.84"
"8,93 : 45.88"
"8,94 : 41.77"
"8,95 : 61.29"
"8,96 : 20.81"
"8,97 : 88.96"
"8,98 : 56.32"
"8,99 : 97.42"
"9,0 : 84.29"
"9,1 : 91.05"
"9,2 : 102.79"
"9,3 : 83.19"
"9,4 : 74.69"
"9,5 : 109.04"
"9,6 : 98.23"
"9,7 : 93.02"
"9,8 : 98.73"
"9,9 : 0.0"
"9,10 : 107.82"
"9,11 : 114.55"
"9,12 : 30.68"
"9,13 : 22.2"
"9,14 : 46.69"
"9,15 : 43.17"
"9,16 : 38.47"
"9,17 : 70.72"
"9,18 : 25.08"
"9,19 : 61.72"
"9,20 : 56.57"
"9,21 : 79.4"
"9,22 : 58.31"
"9,23 : 31.26"
"9,24 : 41.44"
"9,25 : 27.2"
"9,26 : 75.58"
"9,27 : 94.92"
"9,28 : 17.46"
"9,29 : 58.41"
"9,30 : 62.77"
"9,31 : 87.57"
"9,32 : 60.73"
"9,33 : 53.49"
"9,34 : 12.37"
"9,35 : 41.11"
"9,36 : 89.2"
"9,37 : 79.31"
"9,38 : 61.19"
"9,39 : 31.78"
"9,40 : 34.71"
"9,41 : 62.61"
"9,42 : 33.24"
"9,43 : 31.32"
"9,44 : 89.94"
"9,45 : 7.21"
"9,46 : 31.02"
"9,47 : 57.98"
"9,48 : 98.35"
"9,49 : 31.4"
"9,50 : 36.36"
"9,51 : 97.35"
"9,52 : 45.8"
"9,53 : 85.48"
"9,54 : 76.32"
"9,55 : 90.43"
"9,56 : 39.22"
"9,57 : 60.17"
"9,58 : 35.36"
"9,59 : 28.28"
"9,60 : 65.39"
"9,61 : 103.86"
"9,62 : 65.74"
"9,63 : 96.25"
"9,64 : 95.19"
"9,65 : 84.17"
"9,66 : 108.23"
"9,67 : 77.49"
"9,68 : 89.5"
"9,69 : 100.69"
"9,70 : 23.09"
"9,71 : 40.46"
"9,72 : 84.9"
"9,73 : 49.04"
"9,74 : 33.14"
"9,75 : 11.18"
"9,76 : 42.72"
"9,77 : 49.04"
"9,78 : 28.3"
"9,79 : 58.18"
"9,80 : 38.01"
"9,81 : 77.01"
"9,82 : 72.35"
"9,83 : 103.25"
"9,84 : 59.64"
"9,85 : 7.21"
"9,86 : 64.07"
"9,87 : 28.86"
"9,88 : 55.44"
"9,89 : 61.0"
"9,90 : 51.08"
"9,91 : 84.96"
"9,92 : 39.32"
"9,93 : 98.74"
"9,94 : 60.41"
"9,95 : 51.89"
"9,96 : 86.15"
"9,97 : 26.93"
"9,98 : 114.4"
"9,99 : 21.02"
"10,0 : 40.8"
"10,1 : 48.17"
"10,2 : 82.05"
"10,3 : 24.7"
"10,4 : 64.03"
"10,5 : 13.42"
"10,6 : 14.56"
"10,7 : 53.04"
"10,8 : 39.12"
"10,9 : 107.82"
"10,10 : 0.0"
"10,11 : 13.0"
"10,12 : 116.73"
"10,13 : 96.46"
"10,14 : 63.89"
"10,15 : 67.01"
"10,16 : 80.61"
"10,17 : 46.0"
"10,18 : 96.57"
"10,19 : 88.55"
"10,20 : 87.14"
"10,21 : 28.79"
"10,22 : 92.66"
"10,23 : 93.17"
"10,24 : 81.88"
"10,25 : 107.56"
"10,26 : 77.49"
"10,27 : 70.03"
"10,28 : 91.07"
"10,29 : 59.21"
"10,30 : 45.8"
"10,31 : 61.52"
"10,32 : 77.32"
"10,33 : 83.22"
"10,34 : 111.5"
"10,35 : 68.35"
"10,36 : 38.08"
"10,37 : 29.73"
"10,38 : 52.4"
"10,39 : 90.24"
"10,40 : 75.21"
"10,41 : 67.19"
"10,42 : 92.76"
"10,43 : 88.53"
"10,44 : 29.41"
"10,45 : 100.65"
"10,46 : 124.74"
"10,47 : 94.02"
"10,48 : 19.1"
"10,49 : 107.48"
"10,50 : 111.8"
"10,51 : 14.32"
"10,52 : 62.77"
"10,53 : 43.17"
"10,54 : 61.03"
"10,55 : 35.51"
"10,56 : 86.37"
"10,57 : 73.17"
"10,58 : 75.6"
"10,59 : 103.28"
"10,60 : 43.01"
"10,61 : 19.8"
"10,62 : 87.73"
"10,63 : 58.01"
"10,64 : 14.04"
"10,65 : 71.2"
"10,66 : 3.61"
"10,67 : 35.0"
"10,68 : 31.05"
"10,69 : 24.08"
"10,70 : 118.85"
"10,71 : 71.84"
"10,72 : 33.73"
"10,73 : 80.8"
"10,74 : 82.22"
"10,75 : 97.25"
"10,76 : 94.64"
"10,77 : 83.82"
"10,78 : 96.94"
"10,79 : 71.03"
"10,80 : 77.16"
"10,81 : 49.03"
"10,82 : 40.2"
"10,83 : 7.62"
"10,84 : 61.03"
"10,85 : 101.52"
"10,86 : 92.91"
"10,87 : 88.62"
"10,88 : 88.09"
"10,89 : 84.48"
"10,90 : 75.11"
"10,91 : 32.56"
"10,92 : 90.8"
"10,93 : 13.6"
"10,94 : 49.04"
"10,95 : 87.37"
"10,96 : 56.72"
"10,97 : 88.89"
"10,98 : 17.26"
"10,99 : 98.67"
"11,0 : 39.01"
"11,1 : 61.13"
"11,2 : 95.05"
"11,3 : 33.42"
"11,4 : 62.07"
"11,5 : 6.08"
"11,6 : 27.29"
"11,7 : 66.03"
"11,8 : 52.09"
"11,9 : 114.55"
"11,10 : 13.0"
"11,11 : 0.0"
"11,12 : 125.99"
"11,13 : 101.13"
"11,14 : 68.88"
"11,15 : 75.66"
"11,16 : 90.27"
"11,17 : 47.8"
"11,18 : 100.85"
"11,19 : 100.32"
"11,20 : 87.37"
"11,21 : 35.47"
"11,22 : 104.22"
"11,23 : 96.8"
"11,24 : 84.77"
"11,25 : 116.78"
"11,26 : 89.99"
"11,27 : 83.02"
"11,28 : 98.41"
"11,29 : 61.68"
"11,30 : 54.49"
"11,31 : 74.43"
"11,32 : 77.23"
"11,33 : 94.41"
"11,34 : 119.33"
"11,35 : 73.93"
"11,36 : 35.06"
"11,37 : 39.66"
"11,38 : 62.68"
"11,39 : 93.98"
"11,40 : 83.49"
"11,41 : 67.48"
"11,42 : 96.14"
"11,43 : 92.48"
"11,44 : 28.28"
"11,45 : 107.34"
"11,46 : 133.65"
"11,47 : 105.55"
"11,48 : 32.06"
"11,49 : 117.03"
"11,50 : 121.66"
"11,51 : 17.2"
"11,52 : 68.8"
"11,53 : 55.9"
"11,54 : 73.5"
"11,55 : 48.37"
"11,56 : 96.4"
"11,57 : 73.44"
"11,58 : 84.15"
"11,59 : 112.61"
"11,60 : 51.66"
"11,61 : 14.04"
"11,62 : 99.72"
"11,63 : 71.01"
"11,64 : 19.8"
"11,65 : 84.01"
"11,66 : 16.12"
"11,67 : 46.07"
"11,68 : 43.74"
"11,69 : 37.05"
"11,70 : 127.35"
"11,71 : 76.49"
"11,72 : 33.54"
"11,73 : 91.59"
"11,74 : 91.29"
"11,75 : 104.4"
"11,76 : 105.12"
"11,77 : 94.67"
"11,78 : 106.22"
"11,79 : 71.85"
"11,80 : 86.45"
"11,81 : 48.09"
"11,82 : 43.46"
"11,83 : 12.21"
"11,84 : 62.82"
"11,85 : 107.91"
"11,86 : 92.0"
"11,87 : 97.62"
"11,88 : 88.46"
"11,89 : 84.1"
"11,90 : 76.9"
"11,91 : 32.76"
"11,92 : 93.41"
"11,93 : 15.81"
"11,94 : 58.14"
"11,95 : 98.49"
"11,96 : 69.58"
"11,97 : 93.52"
"11,98 : 5.0"
"11,99 : 103.37"
"12,0 : 102.86"
"12,1 : 87.09"
"12,2 : 88.02"
"12,3 : 92.66"
"12,4 : 98.72"
"12,5 : 121.26"
"12,6 : 104.48"
"12,7 : 87.28"
"12,8 : 97.08"
"12,9 : 30.68"
"12,10 : 116.73"
"12,11 : 125.99"
"12,12 : 0.0"
"12,13 : 51.48"
"12,14 : 65.55"
"12,15 : 50.45"
"12,16 : 36.24"
"12,17 : 89.0"
"12,18 : 54.59"
"12,19 : 45.01"
"12,20 : 85.02"
"12,21 : 90.91"
"12,22 : 40.01"
"12,23 : 60.3"
"12,24 : 68.12"
"12,25 : 9.22"
"12,26 : 62.29"
"12,27 : 83.6"
"12,28 : 33.73"
"12,29 : 79.38"
"12,30 : 71.51"
"12,31 : 79.31"
"12,32 : 87.37"
"12,33 : 41.23"
"12,34 : 18.38"
"12,35 : 59.81"
"12,36 : 107.35"
"12,37 : 87.0"
"12,38 : 64.66"
"12,39 : 60.07"
"12,40 : 43.27"
"12,41 : 86.88"
"12,42 : 62.29"
"12,43 : 59.01"
"12,44 : 105.69"
"12,45 : 33.24"
"12,46 : 9.22"
"12,47 : 39.05"
"12,48 : 103.0"
"12,49 : 9.85"
"12,50 : 9.22"
"12,51 : 109.22"
"12,52 : 62.17"
"12,53 : 84.08"
"12,54 : 69.57"
"12,55 : 90.92"
"12,56 : 31.38"
"12,57 : 85.84"
"12,58 : 42.2"
"12,59 : 13.45"
"12,60 : 74.33"
"12,61 : 117.8"
"12,62 : 49.0"
"12,63 : 88.77"
"12,64 : 106.22"
"12,65 : 72.69"
"12,66 : 116.18"
"12,67 : 82.46"
"12,68 : 91.81"
"12,69 : 103.46"
"12,70 : 10.0"
"12,71 : 62.1"
"12,72 : 101.36"
"12,73 : 39.92"
"12,74 : 34.71"
"12,75 : 31.02"
"12,76 : 26.68"
"12,77 : 37.95"
"12,78 : 19.8"
"12,79 : 83.19"
"12,80 : 39.6"
"12,81 : 97.31"
"12,82 : 88.32"
"12,83 : 113.9"
"12,84 : 81.61"
"12,85 : 35.51"
"12,86 : 93.26"
"12,87 : 28.43"
"12,88 : 84.05"
"12,89 : 89.01"
"12,90 : 76.66"
"12,91 : 101.02"
"12,92 : 68.18"
"12,93 : 110.63"
"12,94 : 67.9"
"12,95 : 37.66"
"12,96 : 79.7"
"12,97 : 54.0"
"12,98 : 127.02"
"12,99 : 50.8"
"13,0 : 67.01"
"13,1 : 90.03"
"13,2 : 108.78"
"13,3 : 72.78"
"13,4 : 54.08"
"13,5 : 95.27"
"13,6 : 89.27"
"13,7 : 93.15"
"13,8 : 95.52"
"13,9 : 22.2"
"13,10 : 96.46"
"13,11 : 101.13"
"13,12 : 51.48"
"13,13 : 0.0"
"13,14 : 32.57"
"13,15 : 40.8"
"13,16 : 44.82"
"13,17 : 54.38"
"13,18 : 3.16"
"13,19 : 72.14"
"13,20 : 34.37"
"13,21 : 67.72"
"13,22 : 70.09"
"13,23 : 9.06"
"13,24 : 20.25"
"13,25 : 45.88"
"13,26 : 82.38"
"13,27 : 98.9"
"13,28 : 22.8"
"13,29 : 40.8"
"13,30 : 55.04"
"13,31 : 89.89"
"13,32 : 39.0"
"13,33 : 62.37"
"13,34 : 34.0"
"13,35 : 28.44"
"13,36 : 72.01"
"13,37 : 70.58"
"13,38 : 57.87"
"13,39 : 9.85"
"13,40 : 34.44"
"13,41 : 42.2"
"13,42 : 11.05"
"13,43 : 10.0"
"13,44 : 74.43"
"13,45 : 18.25"
"13,46 : 53.04"
"13,47 : 70.18"
"13,48 : 90.55"
"13,49 : 49.65"
"13,50 : 55.36"
"13,51 : 84.31"
"13,52 : 34.37"
"13,53 : 83.02"
"13,54 : 78.55"
"13,55 : 86.21"
"13,56 : 48.8"
"13,57 : 38.95"
"13,58 : 36.24"
"13,59 : 45.31"
"13,60 : 57.14"
"13,61 : 89.07"
"13,62 : 75.74"
"13,63 : 97.42"
"13,64 : 82.87"
"13,65 : 89.01"
"13,66 : 97.53"
"13,67 : 71.01"
"13,68 : 84.01"
"13,69 : 94.13"
"13,70 : 45.01"
"13,71 : 24.7"
"13,72 : 69.12"
"13,73 : 56.85"
"13,74 : 39.05"
"13,75 : 21.54"
"13,76 : 55.8"
"13,77 : 58.05"
"13,78 : 42.54"
"13,79 : 37.44"
"13,80 : 41.88"
"13,81 : 58.8"
"13,82 : 57.7"
"13,83 : 90.82"
"13,84 : 41.11"
"13,85 : 16.03"
"13,86 : 42.0"
"13,87 : 38.29"
"13,88 : 33.24"
"13,89 : 38.83"
"13,90 : 30.23"
"13,91 : 69.46"
"13,92 : 17.12"
"13,93 : 85.62"
"13,94 : 54.04"
"13,95 : 62.23"
"13,96 : 87.28"
"13,97 : 7.62"
"13,98 : 100.18"
"13,99 : 2.24"
"14,0 : 38.01"
"14,1 : 63.95"
"14,2 : 89.81"
"14,3 : 40.45"
"14,4 : 35.01"
"14,5 : 63.13"
"14,6 : 57.22"
"14,7 : 68.1"
"14,8 : 67.05"
"14,9 : 46.69"
"14,10 : 63.89"
"14,11 : 68.88"
"14,12 : 65.55"
"14,13 : 32.57"
"14,14 : 0.0"
"14,15 : 23.41"
"14,16 : 38.21"
"14,17 : 24.21"
"14,18 : 32.76"
"14,19 : 63.57"
"14,20 : 35.38"
"14,21 : 35.17"
"14,22 : 64.03"
"14,23 : 30.02"
"14,24 : 21.19"
"14,25 : 56.92"
"14,26 : 66.85"
"14,27 : 77.99"
"14,28 : 32.76"
"14,29 : 14.14"
"14,30 : 25.3"
"14,31 : 67.62"
"14,32 : 30.53"
"14,33 : 53.45"
"14,34 : 53.82"
"14,35 : 5.83"
"14,36 : 42.8"
"14,37 : 39.01"
"14,38 : 32.8"
"14,39 : 27.02"
"14,40 : 25.0"
"14,41 : 24.74"
"14,42 : 30.02"
"14,43 : 25.08"
"14,44 : 43.28"
"14,45 : 39.6"
"14,46 : 71.12"
"14,47 : 64.76"
"14,48 : 59.0"
"14,49 : 58.94"
"14,50 : 64.76"
"14,51 : 51.89"
"14,52 : 5.83"
"14,53 : 55.95"
"14,54 : 57.31"
"14,55 : 57.28"
"14,56 : 45.1"
"14,57 : 26.83"
"14,58 : 27.02"
"14,59 : 53.85"
"14,60 : 26.68"
"14,61 : 57.43"
"14,62 : 65.92"
"14,63 : 73.25"
"14,64 : 50.33"
"14,65 : 70.04"
"14,66 : 65.0"
"14,67 : 41.0"
"14,68 : 54.13"
"14,69 : 63.2"
"14,70 : 63.63"
"14,71 : 8.06"
"14,72 : 38.21"
"14,73 : 47.8"
"14,74 : 35.01"
"14,75 : 37.8"
"14,76 : 55.04"
"14,77 : 50.45"
"14,78 : 48.05"
"14,79 : 23.26"
"14,80 : 33.24"
"14,81 : 31.78"
"14,82 : 25.81"
"14,83 : 58.31"
"14,84 : 17.0"
"14,85 : 39.7"
"14,86 : 44.55"
"14,87 : 39.46"
"14,88 : 35.47"
"14,89 : 36.24"
"14,90 : 20.52"
"14,91 : 38.29"
"14,92 : 29.83"
"14,93 : 53.23"
"14,94 : 25.94"
"14,95 : 55.54"
"14,96 : 63.82"
"14,97 : 25.0"
"14,98 : 68.26"
"14,99 : 34.79"
"15,0 : 54.82"
"15,1 : 49.5"
"15,2 : 69.4"
"15,3 : 42.52"
"15,4 : 57.71"
"15,5 : 70.84"
"15,6 : 55.95"
"15,7 : 52.39"
"15,8 : 56.04"
"15,9 : 43.17"
"15,10 : 67.01"
"15,11 : 75.66"
"15,12 : 50.45"
"15,13 : 40.8"
"15,14 : 23.41"
"15,15 : 0.0"
"15,16 : 16.49"
"15,17 : 41.59"
"15,18 : 42.72"
"15,19 : 40.16"
"15,20 : 57.2"
"15,21 : 40.46"
"15,22 : 40.79"
"15,23 : 43.42"
"15,24 : 40.31"
"15,25 : 41.23"
"15,26 : 44.6"
"15,27 : 58.67"
"15,28 : 25.71"
"15,29 : 36.5"
"15,30 : 21.26"
"15,31 : 49.24"
"15,32 : 53.67"
"15,33 : 30.08"
"15,34 : 44.78"
"15,35 : 20.25"
"15,36 : 58.82"
"15,37 : 37.44"
"15,38 : 18.11"
"15,39 : 40.82"
"15,40 : 8.54"
"15,41 : 48.08"
"15,42 : 44.42"
"15,43 : 38.59"
"15,44 : 55.9"
"15,45 : 36.5"
"15,46 : 57.98"
"15,47 : 41.59"
"15,48 : 55.54"
"15,49 : 41.88"
"15,50 : 47.01"
"15,51 : 58.8"
"15,52 : 17.72"
"15,53 : 43.01"
"15,54 : 38.01"
"15,55 : 47.38"
"15,56 : 23.54"
"15,57 : 50.16"
"15,58 : 8.6"
"15,59 : 37.2"
"15,60 : 24.08"
"15,61 : 67.42"
"15,62 : 42.54"
"15,63 : 56.61"
"15,64 : 55.87"
"15,65 : 49.41"
"15,66 : 66.85"
"15,67 : 34.54"
"15,68 : 46.32"
"15,69 : 57.57"
"15,70 : 51.86"
"15,71 : 26.4"
"15,72 : 52.0"
"15,73 : 24.52"
"15,74 : 15.81"
"15,75 : 32.02"
"15,76 : 33.54"
"15,77 : 27.29"
"15,78 : 30.81"
"15,79 : 46.62"
"15,80 : 11.7"
"15,81 : 51.24"
"15,82 : 39.22"
"15,83 : 63.66"
"15,84 : 39.81"
"15,85 : 38.21"
"15,86 : 66.61"
"15,87 : 22.02"
"15,88 : 57.01"
"15,89 : 58.83"
"15,90 : 43.05"
"15,91 : 51.48"
"15,92 : 47.01"
"15,93 : 60.21"
"15,94 : 18.03"
"15,95 : 32.39"
"15,96 : 46.49"
"15,97 : 35.34"
"15,98 : 76.58"
"15,99 : 42.45"
"16,0 : 71.31"
"16,1 : 53.76"
"16,2 : 65.0"
"16,3 : 56.85"
"16,4 : 73.17"
"16,5 : 85.8"
"16,6 : 68.25"
"16,7 : 55.15"
"16,8 : 62.64"
"16,9 : 38.47"
"16,10 : 80.61"
"16,11 : 90.27"
"16,12 : 36.24"
"16,13 : 44.82"
"16,14 : 38.21"
"16,15 : 16.49"
"16,16 : 0.0"
"16,17 : 58.05"
"16,18 : 47.51"
"16,19 : 27.8"
"16,20 : 68.88"
"16,21 : 55.76"
"16,22 : 26.83"
"16,23 : 50.25"
"16,24 : 51.0"
"16,25 : 27.2"
"16,26 : 38.01"
"16,27 : 56.52"
"16,28 : 23.26"
"16,29 : 52.04"
"16,30 : 36.06"
"16,31 : 49.16"
"16,32 : 67.05"
"16,33 : 17.69"
"16,34 : 35.51"
"16,35 : 33.73"
"16,36 : 75.29"
"16,37 : 50.93"
"16,38 : 28.43"
"16,39 : 48.27"
"16,40 : 13.6"
"16,41 : 62.8"
"16,42 : 51.74"
"16,43 : 46.23"
"16,44 : 72.09"
"16,45 : 33.53"
"16,46 : 44.65"
"16,47 : 27.31"
"16,48 : 66.85"
"16,49 : 26.87"
"16,50 : 31.4"
"16,51 : 73.82"
"16,52 : 33.02"
"16,53 : 49.34"
"16,54 : 38.01"
"16,55 : 55.54"
"16,56 : 7.07"
"16,57 : 64.03"
"16,58 : 11.4"
"16,59 : 22.8"
"16,60 : 38.83"
"16,61 : 83.01"
"16,62 : 31.14"
"16,63 : 58.01"
"16,64 : 70.6"
"16,65 : 45.88"
"16,66 : 79.98"
"16,67 : 46.23"
"16,68 : 55.95"
"16,69 : 67.6"
"16,70 : 39.81"
"16,71 : 38.9"
"16,72 : 68.35"
"16,73 : 12.04"
"16,74 : 5.83"
"16,75 : 28.16"
"16,76 : 17.12"
"16,77 : 13.6"
"16,78 : 16.64"
"16,79 : 60.64"
"16,80 : 5.0"
"16,81 : 67.6"
"16,82 : 55.66"
"16,83 : 78.1"
"16,84 : 55.15"
"16,85 : 36.06"
"16,86 : 78.26"
"16,87 : 10.05"
"16,88 : 68.43"
"16,89 : 71.31"
"16,90 : 55.97"
"16,91 : 67.78"
"16,92 : 55.8"
"16,93 : 75.21"
"16,94 : 32.2"
"16,95 : 18.36"
"16,96 : 48.01"
"16,97 : 41.77"
"16,98 : 91.61"
"16,99 : 45.8"
"17,0 : 13.89"
"17,1 : 63.78"
"17,2 : 95.52"
"17,3 : 28.18"
"17,4 : 22.63"
"17,5 : 41.76"
"17,6 : 44.27"
"17,7 : 68.88"
"17,8 : 62.63"
"17,9 : 70.72"
"17,10 : 46.0"
"17,11 : 47.8"
"17,12 : 89.0"
"17,13 : 54.38"
"17,14 : 24.21"
"17,15 : 41.59"
"17,16 : 58.05"
"17,17 : 0.0"
"17,18 : 53.71"
"17,19 : 79.23"
"17,20 : 41.3"
"17,21 : 21.47"
"17,22 : 81.01"
"17,23 : 49.24"
"17,24 : 37.0"
"17,25 : 80.11"
"17,26 : 77.49"
"17,27 : 82.68"
"17,28 : 56.86"
"17,29 : 13.93"
"17,30 : 28.46"
"17,31 : 71.87"
"17,32 : 31.78"
"17,33 : 70.01"
"17,34 : 78.01"
"17,35 : 30.0"
"17,36 : 18.6"
"17,37 : 31.24"
"17,38 : 40.52"
"17,39 : 46.52"
"17,40 : 46.49"
"17,41 : 21.59"
"17,42 : 48.47"
"17,43 : 45.18"
"17,44 : 20.12"
"17,45 : 63.7"
"17,46 : 95.02"
"17,47 : 82.0"
"17,48 : 47.93"
"17,49 : 81.71"
"17,50 : 87.32"
"17,51 : 32.14"
"17,52 : 26.83"
"17,53 : 55.32"
"17,54 : 63.98"
"17,55 : 53.15"
"17,56 : 65.12"
"17,57 : 27.46"
"17,58 : 48.08"
"17,59 : 76.69"
"17,60 : 27.31"
"17,61 : 34.93"
"17,62 : 80.62"
"17,63 : 74.65"
"17,64 : 32.02"
"17,65 : 77.39"
"17,66 : 48.09"
"17,67 : 37.54"
"17,68 : 48.41"
"17,69 : 53.67"
"17,70 : 87.66"
"17,71 : 30.48"
"17,72 : 14.76"
"17,73 : 65.03"
"17,74 : 56.32"
"17,75 : 62.01"
"17,76 : 75.13"
"17,77 : 68.07"
"17,78 : 70.58"
"17,79 : 25.08"
"17,80 : 53.15"
"17,81 : 10.2"
"17,82 : 7.21"
"17,83 : 39.12"
"17,84 : 15.13"
"17,85 : 63.64"
"17,86 : 47.8"
"17,87 : 61.68"
"17,88 : 42.19"
"17,89 : 39.05"
"17,90 : 29.27"
"17,91 : 15.23"
"17,92 : 45.61"
"17,93 : 33.24"
"17,94 : 32.02"
"17,95 : 73.03"
"17,96 : 67.12"
"17,97 : 46.87"
"17,98 : 46.24"
"17,99 : 56.6"
"18,0 : 66.03"
"18,1 : 91.68"
"18,2 : 111.14"
"18,3 : 73.16"
"18,4 : 52.2"
"18,5 : 94.94"
"18,6 : 89.81"
"18,7 : 94.92"
"18,8 : 96.88"
"18,9 : 25.08"
"18,10 : 96.57"
"18,11 : 100.85"
"18,12 : 54.59"
"18,13 : 3.16"
"18,14 : 32.76"
"18,15 : 42.72"
"18,16 : 47.51"
"18,17 : 53.71"
"18,18 : 0.0"
"18,19 : 74.95"
"18,20 : 31.58"
"18,21 : 67.91"
"18,22 : 73.0"
"18,23 : 6.32"
"18,24 : 18.44"
"18,25 : 49.04"
"18,26 : 84.88"
"18,27 : 101.08"
"18,28 : 25.81"
"18,29 : 39.96"
"18,30 : 56.01"
"18,31 : 91.92"
"18,32 : 36.67"
"18,33 : 65.12"
"18,34 : 37.01"
"18,35 : 29.07"
"18,36 : 71.03"
"18,37 : 71.25"
"18,38 : 59.44"
"18,39 : 7.81"
"18,40 : 36.72"
"18,41 : 40.46"
"18,42 : 8.25"
"18,43 : 8.6"
"18,44 : 73.82"
"18,45 : 21.38"
"18,46 : 56.01"
"18,47 : 73.11"
"18,48 : 91.27"
"18,49 : 52.81"
"18,50 : 58.52"
"18,51 : 84.15"
"18,52 : 35.06"
"18,53 : 84.53"
"18,54 : 80.62"
"18,55 : 87.46"
"18,56 : 51.66"
"18,57 : 36.89"
"18,58 : 38.59"
"18,59 : 48.47"
"18,60 : 58.01"
"18,61 : 88.55"
"18,62 : 78.52"
"18,63 : 99.3"
"18,64 : 82.86"
"18,65 : 91.3"
"18,66 : 97.74"
"18,67 : 72.03"
"18,68 : 85.09"
"18,69 : 95.02"
"18,70 : 48.0"
"18,71 : 24.74"
"18,72 : 68.48"
"18,73 : 59.55"
"18,74 : 41.77"
"18,75 : 24.7"
"18,76 : 58.82"
"18,77 : 60.83"
"18,78 : 45.65"
"18,79 : 35.61"
"18,80 : 44.41"
"18,81 : 57.63"
"18,82 : 57.38"
"18,83 : 90.76"
"18,84 : 40.0"
"18,85 : 19.1"
"18,86 : 39.01"
"18,87 : 41.23"
"18,88 : 30.41"
"18,89 : 36.14"
"18,90 : 28.43"
"18,91 : 68.88"
"18,92 : 14.32"
"18,93 : 85.44"
"18,94 : 55.23"
"18,95 : 65.07"
"18,96 : 89.2"
"18,97 : 8.0"
"18,98 : 99.74"
"18,99 : 4.12"
"19,0 : 91.01"
"19,1 : 47.51"
"19,2 : 43.1"
"19,3 : 68.68"
"19,4 : 97.51"
"19,5 : 97.14"
"19,6 : 74.3"
"19,7 : 46.04"
"19,8 : 58.73"
"19,9 : 61.72"
"19,10 : 88.55"
"19,11 : 100.32"
"19,12 : 45.01"
"19,13 : 72.14"
"19,14 : 63.57"
"19,15 : 40.16"
"19,16 : 27.8"
"19,17 : 79.23"
"19,18 : 74.95"
"19,19 : 0.0"
"19,20 : 96.25"
"19,21 : 70.21"
"19,22 : 5.39"
"19,23 : 77.99"
"19,24 : 78.55"
"19,25 : 39.46"
"19,26 : 17.72"
"19,27 : 39.05"
"19,28 : 49.68"
"19,29 : 76.4"
"19,30 : 52.09"
"19,31 : 36.72"
"19,32 : 93.62"
"19,33 : 10.3"
"19,34 : 54.41"
"19,35 : 60.01"
"19,36 : 94.13"
"19,37 : 61.68"
"19,38 : 40.31"
"19,39 : 76.06"
"19,40 : 40.82"
"19,41 : 88.23"
"19,42 : 79.51"
"19,43 : 74.03"
"19,44 : 88.81"
"19,45 : 58.52"
"19,46 : 54.08"
"19,47 : 6.71"
"19,48 : 71.02"
"19,49 : 36.12"
"19,50 : 36.12"
"19,51 : 86.02"
"19,52 : 57.87"
"19,53 : 47.63"
"19,54 : 29.7"
"19,55 : 55.61"
"19,56 : 23.43"
"19,57 : 90.25"
"19,58 : 38.59"
"19,59 : 35.9"
"19,60 : 54.23"
"19,61 : 96.57"
"19,62 : 4.12"
"19,63 : 46.07"
"19,64 : 82.22"
"19,65 : 28.46"
"19,66 : 86.83"
"19,67 : 54.42"
"19,68 : 58.52"
"19,69 : 69.2"
"19,70 : 53.24"
"19,71 : 65.74"
"19,72 : 86.28"
"19,73 : 16.12"
"19,74 : 33.3"
"19,75 : 53.25"
"19,76 : 19.65"
"19,77 : 14.21"
"19,78 : 33.62"
"19,79 : 86.73"
"19,80 : 31.91"
"19,81 : 89.36"
"19,82 : 75.0"
"19,83 : 88.39"
"19,84 : 79.81"
"19,85 : 61.29"
"19,86 : 105.68"
"19,87 : 34.21"
"19,88 : 95.88"
"19,89 : 98.39"
"19,90 : 82.76"
"19,91 : 85.38"
"19,92 : 83.6"
"19,93 : 87.28"
"19,94 : 48.04"
"19,95 : 10.0"
"19,96 : 38.6"
"19,97 : 69.53"
"19,98 : 102.88"
"19,99 : 72.92"
"20,0 : 48.51"
"20,1 : 98.48"
"20,2 : 125.18"
"20,3 : 68.41"
"20,4 : 27.31"
"20,5 : 81.3"
"20,6 : 85.15"
"20,7 : 102.9"
"20,8 : 100.18"
"20,9 : 56.57"
"20,10 : 87.14"
"20,11 : 87.37"
"20,12 : 85.02"
"20,13 : 34.37"
"20,14 : 35.38"
"20,15 : 57.2"
"20,16 : 68.88"
"20,17 : 41.3"
"20,18 : 31.58"
"20,19 : 96.25"
"20,20 : 0.0"
"20,21 : 61.85"
"20,22 : 95.71"
"20,23 : 25.32"
"20,24 : 18.03"
"20,25 : 78.41"
"20,26 : 101.67"
"20,27 : 113.36"
"20,28 : 52.77"
"20,29 : 29.73"
"20,30 : 59.36"
"20,31 : 102.94"
"20,32 : 10.2"
"20,33 : 85.96"
"20,34 : 68.18"
"20,35 : 37.01"
"20,36 : 52.95"
"20,37 : 69.64"
"20,38 : 68.12"
"20,39 : 25.02"
"20,40 : 55.47"
"20,41 : 20.0"
"20,42 : 23.35"
"20,43 : 26.02"
"20,44 : 59.14"
"20,45 : 52.04"
"20,46 : 87.28"
"20,47 : 96.18"
"20,48 : 88.32"
"20,49 : 81.74"
"20,50 : 87.69"
"20,51 : 73.03"
"20,52 : 41.01"
"20,53 : 90.21"
"20,54 : 92.7"
"20,55 : 90.34"
"20,56 : 74.85"
"20,57 : 14.0"
"20,58 : 57.71"
"20,59 : 76.94"
"20,60 : 60.03"
"20,61 : 73.55"
"20,62 : 99.13"
"20,63 : 108.23"
"20,64 : 73.25"
"20,65 : 105.36"
"20,66 : 89.36"
"20,67 : 73.79"
"20,68 : 86.41"
"20,69 : 93.61"
"20,70 : 79.23"
"20,71 : 30.81"
"20,72 : 54.04"
"20,73 : 80.13"
"20,74 : 64.08"
"20,75 : 54.08"
"20,76 : 83.82"
"20,77 : 82.3"
"20,78 : 72.78"
"20,79 : 16.28"
"20,80 : 64.41"
"20,81 : 39.32"
"20,82 : 47.85"
"20,83 : 80.02"
"20,84 : 26.93"
"20,85 : 50.16"
"20,86 : 9.43"
"20,87 : 66.1"
"20,88 : 1.41"
"20,89 : 5.0"
"20,90 : 15.0"
"20,91 : 55.01"
"20,92 : 17.26"
"20,93 : 74.01"
"20,94 : 60.8"
"20,95 : 87.21"
"20,96 : 99.02"
"20,97 : 31.06"
"20,98 : 84.85"
"20,99 : 35.69"
"21,0 : 25.06"
"21,1 : 44.42"
"21,2 : 78.0"
"21,3 : 6.71"
"21,4 : 43.6"
"21,5 : 30.41"
"21,6 : 23.35"
"21,7 : 49.74"
"21,8 : 41.73"
"21,9 : 79.4"
"21,10 : 28.79"
"21,11 : 35.47"
"21,12 : 90.91"
"21,13 : 67.72"
"21,14 : 35.17"
"21,15 : 40.46"
"21,16 : 55.76"
"21,17 : 21.47"
"21,18 : 67.91"
"21,19 : 70.21"
"21,20 : 61.85"
"21,21 : 0.0"
"21,22 : 73.25"
"21,23 : 64.78"
"21,24 : 54.04"
"21,25 : 81.69"
"21,26 : 64.12"
"21,27 : 65.0"
"21,28 : 63.01"
"21,29 : 32.39"
"21,30 : 19.72"
"21,31 : 54.42"
"21,32 : 52.81"
"21,33 : 62.64"
"21,34 : 83.87"
"21,35 : 39.56"
"21,36 : 26.25"
"21,37 : 11.18"
"21,38 : 30.08"
"21,39 : 61.81"
"21,40 : 48.08"
"21,41 : 42.72"
"21,42 : 64.5"
"21,43 : 60.02"
"21,44 : 19.03"
"21,45 : 72.2"
"21,46 : 98.35"
"21,47 : 74.46"
"21,48 : 26.57"
"21,49 : 82.2"
"21,50 : 87.09"
"21,51 : 18.38"
"21,52 : 34.01"
"21,53 : 36.24"
"21,54 : 48.66"
"21,55 : 32.65"
"21,56 : 62.27"
"21,57 : 48.38"
"21,58 : 48.84"
"21,59 : 77.62"
"21,60 : 17.0"
"21,61 : 27.29"
"21,62 : 70.58"
"21,63 : 55.57"
"21,64 : 15.81"
"21,65 : 61.61"
"21,66 : 29.83"
"21,67 : 18.97"
"21,68 : 27.59"
"21,69 : 32.2"
"21,70 : 91.93"
"21,71 : 43.17"
"21,72 : 18.03"
"21,73 : 58.87"
"21,74 : 56.22"
"21,75 : 69.07"
"21,76 : 71.55"
"21,77 : 62.03"
"21,78 : 71.22"
"21,79 : 45.61"
"21,80 : 51.61"
"21,81 : 29.0"
"21,82 : 14.32"
"21,83 : 23.85"
"21,84 : 34.93"
"21,85 : 72.95"
"21,86 : 68.95"
"21,87 : 62.48"
"21,88 : 62.59"
"21,89 : 60.08"
"21,90 : 48.37"
"21,91 : 16.76"
"21,92 : 63.03"
"21,93 : 19.8"
"21,94 : 23.71"
"21,95 : 66.41"
"21,96 : 49.4"
"21,97 : 60.17"
"21,98 : 36.12"
"21,99 : 69.92"
"22,0 : 93.19"
"22,1 : 52.63"
"22,2 : 48.01"
"22,3 : 72.11"
"22,4 : 98.48"
"22,5 : 100.85"
"22,6 : 78.55"
"22,7 : 51.31"
"22,8 : 63.78"
"22,9 : 58.31"
"22,10 : 92.66"
"22,11 : 104.22"
"22,12 : 40.01"
"22,13 : 70.09"
"22,14 : 64.03"
"22,15 : 40.79"
"22,16 : 26.83"
"22,17 : 81.01"
"22,18 : 73.0"
"22,19 : 5.39"
"22,20 : 95.71"
"22,21 : 73.25"
"22,22 : 0.0"
"22,23 : 76.4"
"22,24 : 77.83"
"22,25 : 34.93"
"22,26 : 23.09"
"22,27 : 44.38"
"22,28 : 47.38"
"22,29 : 77.28"
"22,30 : 54.59"
"22,31 : 42.06"
"22,32 : 93.64"
"22,33 : 11.0"
"22,34 : 50.33"
"22,35 : 60.08"
"22,36 : 96.52"
"22,37 : 65.19"
"22,38 : 43.17"
"22,39 : 74.63"
"22,40 : 40.31"
"22,41 : 88.77"
"22,42 : 78.01"
"22,43 : 72.67"
"22,44 : 91.59"
"22,45 : 55.61"
"22,46 : 49.01"
"22,47 : 1.41"
"22,48 : 75.45"
"22,49 : 31.4"
"22,50 : 31.02"
"22,51 : 89.54"
"22,52 : 58.46"
"22,53 : 52.4"
"22,54 : 34.71"
"22,55 : 60.31"
"22,56 : 21.4"
"22,57 : 90.44"
"22,58 : 38.08"
"22,59 : 31.62"
"22,60 : 56.89"
"22,61 : 99.93"
"22,62 : 9.06"
"22,63 : 51.43"
"22,64 : 85.8"
"22,65 : 33.84"
"22,66 : 91.07"
"22,67 : 58.18"
"22,68 : 63.01"
"22,69 : 73.88"
"22,70 : 48.51"
"22,71 : 65.55"
"22,72 : 88.81"
"22,73 : 16.28"
"22,74 : 31.91"
"22,75 : 50.45"
"22,76 : 15.65"
"22,77 : 13.6"
"22,78 : 30.02"
"22,79 : 86.98"
"22,80 : 31.38"
"22,81 : 91.05"
"22,82 : 77.16"
"22,83 : 92.2"
"22,84 : 80.6"
"22,85 : 58.41"
"22,86 : 105.1"
"22,87 : 31.83"
"22,88 : 95.26"
"22,89 : 98.09"
"22,90 : 82.64"
"22,91 : 87.97"
"22,92 : 82.38"
"22,93 : 90.82"
"22,94 : 50.49"
"22,95 : 8.54"
"22,96 : 43.83"
"22,97 : 68.01"
"22,98 : 106.62"
"22,99 : 70.72"
"23,0 : 61.06"
"23,1 : 91.39"
"23,2 : 112.61"
"23,3 : 70.35"
"23,4 : 46.23"
"23,5 : 90.82"
"23,6 : 87.21"
"23,7 : 94.92"
"23,8 : 95.9"
"23,9 : 31.26"
"23,10 : 93.17"
"23,11 : 96.8"
"23,12 : 60.3"
"23,13 : 9.06"
"23,14 : 30.02"
"23,15 : 43.42"
"23,16 : 50.25"
"23,17 : 49.24"
"23,18 : 6.32"
"23,19 : 77.99"
"23,20 : 25.32"
"23,21 : 64.78"
"23,22 : 76.4"
"23,23 : 0.0"
"23,24 : 12.81"
"23,25 : 54.34"
"23,26 : 86.83"
"23,27 : 102.08"
"23,28 : 29.97"
"23,29 : 35.34"
"23,30 : 54.45"
"23,31 : 92.57"
"23,32 : 30.41"
"23,33 : 67.94"
"23,34 : 43.01"
"23,35 : 27.29"
"23,36 : 66.04"
"23,37 : 69.0"
"23,38 : 59.14"
"23,39 : 3.0"
"23,40 : 38.42"
"23,41 : 34.66"
"23,42 : 2.0"
"23,43 : 5.1"
"23,44 : 69.35"
"23,45 : 27.07"
"23,46 : 62.07"
"23,47 : 76.61"
"23,48 : 89.01"
"23,49 : 57.97"
"23,50 : 63.79"
"23,51 : 80.36"
"23,52 : 33.24"
"23,53 : 83.93"
"23,54 : 81.41"
"23,55 : 86.31"
"23,56 : 55.0"
"23,57 : 30.81"
"23,58 : 40.46"
"23,59 : 53.45"
"23,60 : 56.22"
"23,61 : 84.17"
"23,62 : 81.39"
"23,63 : 99.54"
"23,64 : 79.31"
"23,65 : 92.65"
"23,66 : 94.54"
"23,67 : 70.46"
"23,68 : 83.6"
"23,69 : 93.09"
"23,70 : 54.04"
"23,71 : 22.0"
"23,72 : 63.98"
"23,73 : 62.24"
"23,74 : 44.69"
"23,75 : 29.83"
"23,76 : 62.77"
"23,77 : 63.78"
"23,78 : 50.16"
"23,79 : 29.73"
"23,80 : 46.69"
"23,81 : 52.43"
"23,82 : 53.45"
"23,83 : 87.09"
"23,84 : 34.99"
"23,85 : 25.0"
"23,86 : 33.02"
"23,87 : 44.94"
"23,88 : 24.19"
"23,89 : 29.83"
"23,90 : 22.63"
"23,91 : 64.47"
"23,92 : 8.06"
"23,93 : 81.61"
"23,94 : 54.13"
"23,95 : 68.25"
"23,96 : 89.55"
"23,97 : 8.49"
"23,98 : 95.46"
"23,99 : 10.44"
"24,0 : 48.37"
"24,1 : 85.0"
"24,2 : 109.34"
"24,3 : 60.01"
"24,4 : 33.84"
"24,5 : 78.75"
"24,6 : 77.03"
"24,7 : 89.01"
"24,8 : 88.23"
"24,9 : 41.44"
"24,10 : 81.88"
"24,11 : 84.77"
"24,12 : 68.12"
"24,13 : 20.25"
"24,14 : 21.19"
"24,15 : 40.31"
"24,16 : 51.0"
"24,17 : 37.0"
"24,18 : 18.44"
"24,19 : 78.55"
"24,20 : 18.03"
"24,21 : 54.04"
"24,22 : 77.83"
"24,23 : 12.81"
"24,24 : 0.0"
"24,25 : 61.03"
"24,26 : 84.9"
"24,27 : 98.01"
"24,28 : 35.13"
"24,29 : 23.09"
"24,30 : 46.49"
"24,31 : 87.92"
"24,32 : 19.42"
"24,33 : 68.26"
"24,34 : 52.17"
"24,35 : 20.81"
"24,36 : 53.34"
"24,37 : 59.54"
"24,38 : 53.34"
"24,39 : 10.63"
"24,40 : 37.74"
"24,41 : 22.02"
"24,42 : 11.66"
"24,43 : 10.3"
"24,44 : 57.01"
"24,45 : 35.9"
"24,46 : 71.2"
"24,47 : 78.26"
"24,48 : 79.31"
"24,49 : 64.2"
"24,50 : 70.18"
"24,51 : 68.66"
"24,52 : 25.94"
"24,53 : 77.08"
"24,54 : 77.2"
"24,55 : 78.45"
"24,56 : 56.86"
"24,57 : 18.79"
"24,58 : 39.96"
"24,59 : 59.3"
"24,60 : 47.8"
"24,61 : 71.87"
"24,62 : 81.54"
"24,63 : 94.02"
"24,64 : 67.9"
"24,65 : 89.38"
"24,66 : 83.49"
"24,67 : 62.1"
"24,68 : 75.19"
"24,69 : 83.86"
"24,70 : 63.15"
"24,71 : 14.42"
"24,72 : 51.62"
"24,73 : 62.43"
"24,74 : 46.1"
"24,75 : 37.12"
"24,76 : 65.79"
"24,77 : 64.5"
"24,78 : 54.92"
"24,79 : 17.2"
"24,80 : 46.65"
"24,81 : 39.66"
"24,82 : 41.77"
"24,83 : 75.5"
"24,84 : 22.36"
"24,85 : 34.48"
"24,86 : 27.31"
"24,87 : 48.08"
"24,88 : 17.46"
"24,89 : 21.21"
"24,90 : 10.0"
"24,91 : 52.2"
"24,92 : 9.0"
"24,93 : 69.86"
"24,94 : 47.01"
"24,95 : 69.35"
"24,96 : 84.38"
"24,97 : 14.56"
"24,98 : 83.22"
"24,99 : 22.2"
"25,0 : 93.94"
"25,1 : 79.06"
"25,2 : 82.49"
"25,3 : 83.45"
"25,4 : 90.61"
"25,5 : 112.04"
"25,6 : 95.43"
"25,7 : 79.56"
"25,8 : 88.77"
"25,9 : 27.2"
"25,10 : 107.56"
"25,11 : 116.78"
"25,12 : 9.22"
"25,13 : 45.88"
"25,14 : 56.92"
"25,15 : 41.23"
"25,16 : 27.2"
"25,17 : 80.11"
"25,18 : 49.04"
"25,19 : 39.46"
"25,20 : 78.41"
"25,21 : 81.69"
"25,22 : 34.93"
"25,23 : 54.34"
"25,24 : 61.03"
"25,25 : 0.0"
"25,26 : 56.01"
"25,27 : 77.06"
"25,28 : 26.02"
"25,29 : 70.88"
"25,30 : 62.29"
"25,31 : 72.01"
"25,32 : 80.02"
"25,33 : 34.13"
"25,34 : 16.4"
"25,35 : 51.24"
"25,36 : 98.39"
"25,37 : 77.83"
"25,38 : 55.61"
"25,39 : 53.76"
"25,40 : 34.13"
"25,41 : 78.92"
"25,42 : 56.29"
"25,43 : 52.47"
"25,44 : 96.57"
"25,45 : 27.86"
"25,46 : 17.49"
"25,47 : 34.21"
"25,48 : 94.05"
"25,49 : 4.24"
"25,50 : 9.49"
"25,51 : 100.0"
"25,52 : 53.31"
"25,53 : 75.64"
"25,54 : 61.85"
"25,55 : 82.3"
"25,56 : 22.85"
"25,57 : 78.23"
"25,58 : 33.02"
"25,59 : 4.47"
"25,60 : 65.12"
"25,61 : 108.6"
