x,y
0,27
19,34
15,21
49,60
37,61
57,82
40,76
8,99
23,87
20,7
63,22
40,100
97,54
33,25
2,87
80,99
98,24
60,37
2,98
81,56
0,64
73,93
92,10
60,45
77,39
4,84
0,33
40,39
41,0
44,31
92,39
10,41
35,95
36,94
40,89
28,55
17,41
86,85
2,87
100,8
17,86
55,59
51,49
54,1
57,67
29,2
34,86
47,83
37,76
16,35
72,34
81,75
69,45
37,68
66,48
45,32
37,90
2,15
84,86
42,37
75,74
83,10
52,29
22,22
51,87
69,36
21,13
45,44
24,69
79,100
3,36
98,91
34,70
22,55
6,63
97,78
22,14
30,25
65,19
51,25
50,91
80,59
53,97
60,4
54,4
93,93
68,45
31,79
31,20
36,16
11,73
68,19
27,39
98,72
34,95
78,62
45,46
72,95
95,92
23,22

Distanze
"0,0 : 0.0"
"0,1 : 51.62"
"0,2 : 19.03"
"0,3 : 54.64"
"0,4 : 47.52"
"0,5 : 68.62"
"0,6 : 25.3"
"0,7 : 56.08"
"0,8 : 67.2"
"0,9 : 74.28"
"0,10 : 41.01"
"0,11 : 34.93"
"0,12 : 46.01"
"0,13 : 48.55"
"0,14 : 48.01"
"0,15 : 33.24"
"0,16 : 12.04"
"0,17 : 40.71"
"0,18 : 35.36"
"0,19 : 46.1"
"0,20 : 52.0"
"0,21 : 61.06"
"0,22 : 49.82"
"0,23 : 12.81"
"0,24 : 29.27"
"0,25 : 61.85"
"0,26 : 34.13"
"0,27 : 41.11"
"0,28 : 46.04"
"0,29 : 43.0"
"0,30 : 18.44"
"0,31 : 49.93"
"0,32 : 66.53"
"0,33 : 38.08"
"0,34 : 25.81"
"0,35 : 40.11"
"0,36 : 47.63"
"0,37 : 67.74"
"0,38 : 33.73"
"0,39 : 46.69"
"0,40 : 31.62"
"0,41 : 55.32"
"0,42 : 74.95"
"0,43 : 22.47"
"0,44 : 35.85"
"0,45 : 44.1"
"0,46 : 44.64"
"0,47 : 32.56"
"0,48 : 58.6"
"0,49 : 35.74"
"0,50 : 63.06"
"0,51 : 39.4"
"0,52 : 17.03"
"0,53 : 46.23"
"0,54 : 18.6"
"0,55 : 54.56"
"0,56 : 38.42"
"0,57 : 37.8"
"0,58 : 53.85"
"0,59 : 49.65"
"0,60 : 52.8"
"0,61 : 67.68"
"0,62 : 26.25"
"0,63 : 41.48"
"0,64 : 24.76"
"0,65 : 31.4"
"0,66 : 56.82"
"0,67 : 39.56"
"0,68 : 37.01"
"0,69 : 53.24"
"0,70 : 43.42"
"0,71 : 54.42"
"0,72 : 30.81"
"0,73 : 22.09"
"0,74 : 34.13"
"0,75 : 53.34"
"0,76 : 22.47"
"0,77 : 44.2"
"0,78 : 48.55"
"0,79 : 12.08"
"0,80 : 44.72"
"0,81 : 49.2"
"0,82 : 51.62"
"0,83 : 46.04"
"0,84 : 39.56"
"0,85 : 29.12"
"0,86 : 28.46"
"0,87 : 73.25"
"0,88 : 7.81"
"0,89 : 57.31"
"0,90 : 66.03"
"0,91 : 42.95"
"0,92 : 44.6"
"0,93 : 23.77"
"0,94 : 63.13"
"0,95 : 47.17"
"0,96 : 34.48"
"0,97 : 32.98"
"0,98 : 13.89"
"0,99 : 46.96"
"1,0 : 51.62"
"1,1 : 0.0"
"1,2 : 62.97"
"1,3 : 106.23"
"1,4 : 34.13"
"1,5 : 23.19"
"1,6 : 62.43"
"1,7 : 75.96"
"1,8 : 27.29"
"1,9 : 27.89"
"1,10 : 28.16"
"1,11 : 86.35"
"1,12 : 26.08"
"1,13 : 3.16"
"1,14 : 26.31"
"1,15 : 41.11"
"1,16 : 63.51"
"1,17 : 26.57"
"1,18 : 85.23"
"1,19 : 64.76"
"1,20 : 67.36"
"1,21 : 59.54"
"1,22 : 17.69"
"1,23 : 38.95"
"1,24 : 79.31"
"1,25 : 66.12"
"1,26 : 83.57"
"1,27 : 87.21"
"1,28 : 25.08"
"1,29 : 27.02"
"1,30 : 60.21"
"1,31 : 2.0"
"1,32 : 91.68"
"1,33 : 19.31"
"1,34 : 66.1"
"1,35 : 30.27"
"1,36 : 7.62"
"1,37 : 84.86"
"1,38 : 22.83"
"1,39 : 59.84"
"1,40 : 39.56"
"1,41 : 17.0"
"1,42 : 27.51"
"1,43 : 67.72"
"1,44 : 75.54"
"1,45 : 81.06"
"1,46 : 95.34"
"1,47 : 82.86"
"1,48 : 32.2"
"1,49 : 39.29"
"1,50 : 32.65"
"1,51 : 13.6"
"1,52 : 66.31"
"1,53 : 64.76"
"1,54 : 61.13"
"1,55 : 105.8"
"1,56 : 74.06"
"1,57 : 67.07"
"1,58 : 63.16"
"1,59 : 42.19"
"1,60 : 19.21"
"1,61 : 29.61"
"1,62 : 77.01"
"1,63 : 92.2"
"1,64 : 62.8"
"1,65 : 20.62"
"1,66 : 28.6"
"1,67 : 56.09"
"1,68 : 88.48"
"1,69 : 71.84"
"1,70 : 54.92"
"1,71 : 46.53"
"1,72 : 58.14"
"1,73 : 72.09"
"1,74 : 77.01"
"1,75 : 73.5"
"1,76 : 56.57"
"1,77 : 64.29"
"1,78 : 3.16"
"1,79 : 51.55"
"1,80 : 71.17"
"1,81 : 99.16"
"1,82 : 103.25"
"1,83 : 25.08"
"1,84 : 72.9"
"1,85 : 38.48"
"1,86 : 73.25"
"1,87 : 30.07"
"1,88 : 59.36"
"1,89 : 6.08"
"1,90 : 65.76"
"1,91 : 18.11"
"1,92 : 42.05"
"1,93 : 72.18"
"1,94 : 59.03"
"1,95 : 4.47"
"1,96 : 20.25"
"1,97 : 78.64"
"1,98 : 46.69"
"1,99 : 86.21"
"2,0 : 19.03"
"2,1 : 62.97"
"2,2 : 0.0"
"2,3 : 47.54"
"2,4 : 47.54"
"2,5 : 82.93"
"2,6 : 8.6"
"2,7 : 73.41"
"2,8 : 82.76"
"2,9 : 88.48"
"2,10 : 43.86"
"2,11 : 33.38"
"2,12 : 49.24"
"2,13 : 60.21"
"2,14 : 51.08"
"2,15 : 30.81"
"2,16 : 14.87"
"2,17 : 57.87"
"2,18 : 38.63"
"2,19 : 64.2"
"2,20 : 70.21"
"2,21 : 52.63"
"2,22 : 65.3"
"2,23 : 28.46"
"2,24 : 33.54"
"2,25 : 51.08"
"2,26 : 38.48"
"2,27 : 24.41"
"2,28 : 49.66"
"2,29 : 46.1"
"2,30 : 3.16"
"2,31 : 61.62"
"2,32 : 82.1"
"2,33 : 45.61"
"2,34 : 40.5"
"2,35 : 42.15"
"2,36 : 60.8"
"2,37 : 85.0"
"2,38 : 41.23"
"2,39 : 35.47"
"2,40 : 30.36"
"2,41 : 70.33"
"2,42 : 88.81"
"2,43 : 34.83"
"2,44 : 48.92"
"2,45 : 57.38"
"2,46 : 44.55"
"2,47 : 35.47"
"2,48 : 75.89"
"2,49 : 33.96"
"2,50 : 80.06"
"2,51 : 49.5"
"2,52 : 26.91"
"2,53 : 32.76"
"2,54 : 34.0"
"2,55 : 45.31"
"2,56 : 53.01"
"2,57 : 54.56"
"2,58 : 72.57"
"2,59 : 68.36"
"2,60 : 68.43"
"2,61 : 83.63"
"2,62 : 18.03"
"2,63 : 41.77"
"2,64 : 40.71"
"2,65 : 44.94"
"2,66 : 73.74"
"2,67 : 58.25"
"2,68 : 30.27"
"2,69 : 70.94"
"2,70 : 33.96"
"2,71 : 50.0"
"2,72 : 18.03"
"2,73 : 28.6"
"2,74 : 15.52"
"2,75 : 70.77"
"2,76 : 40.16"
"2,77 : 30.53"
"2,78 : 60.21"
"2,79 : 30.59"
"2,80 : 28.32"
"2,81 : 36.89"
"2,82 : 45.71"
"2,83 : 49.66"
"2,84 : 21.47"
"2,85 : 29.15"
"2,86 : 39.6"
"2,87 : 88.32"
"2,88 : 15.65"
"2,89 : 67.9"
"2,90 : 56.3"
"2,91 : 49.65"
"2,92 : 41.19"
"2,93 : 10.44"
"2,94 : 55.32"
"2,95 : 58.8"
"2,96 : 43.19"
"2,97 : 15.81"
"2,98 : 16.28"
"2,99 : 58.73"
"3,0 : 54.64"
"3,1 : 106.23"
"3,2 : 47.54"
"3,3 : 0.0"
"3,4 : 95.08"
"3,5 : 122.58"
"3,6 : 53.46"
"3,7 : 80.6"
"3,8 : 120.21"
"3,9 : 128.22"
"3,10 : 91.08"
"3,11 : 21.4"
"3,12 : 96.46"
"3,13 : 103.17"
"3,14 : 98.35"
"3,15 : 78.34"
"3,16 : 42.72"
"3,17 : 92.66"
"3,18 : 27.86"
"3,19 : 77.49"
"3,20 : 82.86"
"3,21 : 97.01"
"3,22 : 103.32"
"3,23 : 67.42"
"3,24 : 31.38"
"3,25 : 93.34"
"3,26 : 30.08"
"3,27 : 32.98"
"3,28 : 96.8"
"3,29 : 93.3"
"3,30 : 50.7"
"3,31 : 104.56"
"3,32 : 80.0"
"3,33 : 91.24"
"3,34 : 51.88"
"3,35 : 89.49"
"3,36 : 102.2"
"3,37 : 89.56"
"3,38 : 86.76"
"3,39 : 79.01"
"3,40 : 77.88"
"3,41 : 109.04"
"3,42 : 129.07"
"3,43 : 45.79"
"3,44 : 50.96"
"3,45 : 55.58"
"3,46 : 19.1"
"3,47 : 28.18"
"3,48 : 109.34"
"3,49 : 81.49"
"3,50 : 114.21"
"3,51 : 93.65"
"3,52 : 42.52"
"3,53 : 74.17"
"3,54 : 51.61"
"3,55 : 6.4"
"3,56 : 57.01"
"3,57 : 64.85"
"3,58 : 88.6"
"3,59 : 95.96"
"3,60 : 106.1"
"3,61 : 120.24"
"3,62 : 30.08"
"3,63 : 20.62"
"3,64 : 55.07"
"3,65 : 86.02"
"3,66 : 108.37"
"3,67 : 76.92"
"3,68 : 17.89"
"3,69 : 80.52"
"3,70 : 79.1"
"3,71 : 96.75"
"3,72 : 63.29"
"3,73 : 37.01"
"3,74 : 42.11"
"3,75 : 79.08"
"3,76 : 59.91"
"3,77 : 72.11"
"3,78 : 103.17"
"3,79 : 58.0"
"3,80 : 65.62"
"3,81 : 17.0"
"3,82 : 4.12"
"3,83 : 96.8"
"3,84 : 56.44"
"3,85 : 76.54"
"3,86 : 43.86"
"3,87 : 126.59"
"3,88 : 46.87"
"3,89 : 111.83"
"3,90 : 99.25"
"3,91 : 95.75"
"3,92 : 88.46"
"3,93 : 37.11"
"3,94 : 100.0"
"3,95 : 101.79"
"3,96 : 88.12"
"3,97 : 37.01"
"3,98 : 61.85"
"3,99 : 52.09"
"4,0 : 47.52"
"4,1 : 34.13"
"4,2 : 47.54"
"4,3 : 95.08"
"4,4 : 0.0"
"4,5 : 57.0"
"4,6 : 42.54"
"4,7 : 93.81"
"4,8 : 61.4"
"4,9 : 61.13"
"4,10 : 8.49"
"4,11 : 79.31"
"4,12 : 8.06"
"4,13 : 33.54"
"4,14 : 8.06"
"4,15 : 16.76"
"4,16 : 56.01"
"4,17 : 51.31"
"4,18 : 82.02"
"4,19 : 82.2"
"4,20 : 86.68"
"4,21 : 25.5"
"4,22 : 48.7"
"4,23 : 39.92"
"4,24 : 76.06"
"4,25 : 32.02"
"4,26 : 81.1"
"4,27 : 68.0"
"4,28 : 9.06"
"4,29 : 8.06"
"4,30 : 44.38"
"4,31 : 34.37"
"4,32 : 107.7"
"4,33 : 18.87"
"4,34 : 71.47"
"4,35 : 8.06"
"4,36 : 38.33"
"4,37 : 104.64"
"4,38 : 19.8"
"4,39 : 28.18"
"4,40 : 17.26"
"4,41 : 50.22"
"4,42 : 60.3"
"4,43 : 69.63"
"4,44 : 81.91"
"4,45 : 89.54"
"4,46 : 90.14"
"4,47 : 79.01"
"4,48 : 63.91"
"4,49 : 13.6"
"4,50 : 65.52"
"4,51 : 25.5"
"4,52 : 64.5"
"4,53 : 34.13"
"4,54 : 64.56"
"4,55 : 92.66"
"4,56 : 83.01"
"4,57 : 79.18"
"4,58 : 84.86"
"4,59 : 68.24"
"4,60 : 51.24"
"4,61 : 63.64"
"4,62 : 65.31"
"4,63 : 87.09"
"4,64 : 69.29"
"4,65 : 34.06"
"4,66 : 60.41"
"4,67 : 73.41"
"4,68 : 77.67"
"4,69 : 90.0"
"4,70 : 23.85"
"4,71 : 12.65"
"4,72 : 34.13"
"4,73 : 69.18"
"4,74 : 56.82"
"4,75 : 91.02"
"4,76 : 64.47"
"4,77 : 34.41"
"4,78 : 33.54"
"4,79 : 55.03"
"4,80 : 42.64"
"4,81 : 83.38"
"4,82 : 93.17"
"4,83 : 9.06"
"4,84 : 47.51"
"4,85 : 19.03"
"4,86 : 75.71"
"4,87 : 64.01"
"4,88 : 53.04"
"4,89 : 35.13"
"4,90 : 31.78"
"4,91 : 16.76"
"4,92 : 9.43"
"4,93 : 57.97"
"4,94 : 25.3"
"4,95 : 32.76"
"4,96 : 22.02"
"4,97 : 60.42"
"4,98 : 35.0"
"4,99 : 93.3"
"5,0 : 68.62"
"5,1 : 23.19"
"5,2 : 82.93"
"5,3 : 122.58"
"5,4 : 57.0"
"5,5 : 0.0"
"5,6 : 83.65"
"5,7 : 76.03"
"5,8 : 8.06"
"5,9 : 5.66"
"5,10 : 51.35"
"5,11 : 101.67"
"5,12 : 49.01"
"5,13 : 24.74"
"5,14 : 49.01"
"5,15 : 64.03"
"5,16 : 80.62"
"5,17 : 31.3"
"5,18 : 98.74"
"5,19 : 66.48"
"5,20 : 67.03"
"5,21 : 82.15"
"5,22 : 19.42"
"5,23 : 55.97"
"5,24 : 93.23"
"5,25 : 89.01"
"5,26 : 96.8"
"5,27 : 107.34"
"5,28 : 48.01"
"5,29 : 50.16"
"5,30 : 80.45"
"5,31 : 23.54"
"5,32 : 92.01"
"5,33 : 42.2"
"5,34 : 76.48"
"5,35 : 53.46"
"5,36 : 22.36"
"5,37 : 82.39"
"5,38 : 45.22"
"5,39 : 83.02"
"5,40 : 62.36"
"5,41 : 13.6"
"5,42 : 6.71"
"5,43 : 79.92"
"5,44 : 84.31"
"5,45 : 87.93"
"5,46 : 109.29"
"5,47 : 96.83"
"5,48 : 22.2"
"5,49 : 62.37"
"5,50 : 18.97"
"5,51 : 35.74"
"5,52 : 80.6"
"5,53 : 87.86"
"5,54 : 73.25"
"5,55 : 123.04"
"5,56 : 81.27"
"5,57 : 72.8"
"5,58 : 61.03"
"5,59 : 39.01"
"5,60 : 17.0"
"5,61 : 10.82"
"5,62 : 94.85"
"5,63 : 106.25"
"5,64 : 72.9"
"5,65 : 38.01"
"5,66 : 20.0"
"5,67 : 59.23"
"5,68 : 105.38"
"5,69 : 72.06"
"5,70 : 78.09"
"5,71 : 69.12"
"5,72 : 80.41"
"5,73 : 86.4"
"5,74 : 97.75"
"5,75 : 74.11"
"5,76 : 66.65"
"5,77 : 87.32"
"5,78 : 24.74"
"5,79 : 65.0"
"5,80 : 93.96"
"5,81 : 117.69"
"5,82 : 119.21"
"5,83 : 48.01"
"5,84 : 95.08"
"5,85 : 61.03"
"5,86 : 84.6"
"5,87 : 7.07"
"5,88 : 76.38"
"5,89 : 22.2"
"5,90 : 88.28"
"5,91 : 41.3"
"5,92 : 65.19"
"5,93 : 91.21"
"5,94 : 81.39"
"5,95 : 25.96"
"5,96 : 42.38"
"5,97 : 98.74"
"5,98 : 66.89"
"5,99 : 93.61"
"6,0 : 25.3"
"6,1 : 62.43"
"6,2 : 8.6"
"6,3 : 53.46"
"6,4 : 42.54"
"6,5 : 83.65"
"6,6 : 0.0"
"6,7 : 80.95"
"6,8 : 84.31"
"6,9 : 89.07"
"6,10 : 40.22"
"6,11 : 41.23"
"6,12 : 45.49"
"6,13 : 59.91"
"6,14 : 47.17"
"6,15 : 25.94"
"6,16 : 23.35"
"6,17 : 61.0"
"6,18 : 47.01"
"6,19 : 71.31"
"6,20 : 77.25"
"6,21 : 44.72"
"6,22 : 67.07"
"6,23 : 32.06"
"6,24 : 42.06"
"6,25 : 42.72"
"6,26 : 46.96"
"6,27 : 25.81"
"6,28 : 46.04"
"6,29 : 42.44"
"6,30 : 7.21"
"6,31 : 61.29"
"6,32 : 90.21"
"6,33 : 43.93"
"6,34 : 48.6"
"6,35 : 38.28"
"6,36 : 61.29"
"6,37 : 92.59"
"6,38 : 39.82"
"6,39 : 27.2"
"6,40 : 26.08"
"6,41 : 71.69"
"6,42 : 89.19"
"6,43 : 43.19"
"6,44 : 57.31"
"6,45 : 65.8"
"6,46 : 52.39"
"6,47 : 43.86"
"6,48 : 78.85"
"6,49 : 29.07"
"6,50 : 82.71"
"6,51 : 48.83"
"6,52 : 35.36"
"6,53 : 24.19"
"6,54 : 41.88"
"6,55 : 50.45"
"6,56 : 61.22"
"6,57 : 62.27"
"6,58 : 79.12"
"6,59 : 73.0"
"6,60 : 70.23"
"6,61 : 85.44"
"6,62 : 25.32"
"6,63 : 49.73"
"6,64 : 48.55"
"6,65 : 46.24"
"6,66 : 76.4"
"6,67 : 64.85"
"6,68 : 37.01"
"6,69 : 78.29"
"6,70 : 26.17"
"6,71 : 43.29"
"6,72 : 10.05"
"6,73 : 37.2"
"6,74 : 14.87"
"6,75 : 78.26"
"6,76 : 47.42"
"6,77 : 21.95"
"6,78 : 59.91"
"6,79 : 37.34"
"6,80 : 20.0"
"6,81 : 40.85"
"6,82 : 52.09"
"6,83 : 46.04"
"6,84 : 14.32"
"6,85 : 25.61"
"6,86 : 48.1"
"6,87 : 89.47"
"6,88 : 23.6"
"6,89 : 66.84"
"6,90 : 48.08"
"6,91 : 47.38"
"6,92 : 35.17"
"6,93 : 17.12"
"6,94 : 47.52"
"6,95 : 58.52"
"6,96 : 42.2"
"6,97 : 17.89"
"6,98 : 17.46"
"6,99 : 67.27"
"7,0 : 56.08"
"7,1 : 75.96"
"7,2 : 73.41"
"7,3 : 80.6"
"7,4 : 93.81"
"7,5 : 76.03"
"7,6 : 80.95"
"7,7 : 0.0"
"7,8 : 69.26"
"7,9 : 80.22"
"7,10 : 85.45"
"7,11 : 62.07"
"7,12 : 88.51"
"7,13 : 73.38"
"7,14 : 90.21"
"7,15 : 84.85"
"7,16 : 59.46"
"7,17 : 49.48"
"7,18 : 53.34"
"7,19 : 11.66"
"7,20 : 9.0"
"7,21 : 113.85"
"7,22 : 60.67"
"7,23 : 55.87"
"7,24 : 52.0"
"7,25 : 116.18"
"7,26 : 51.24"
"7,27 : 88.46"
"7,28 : 87.98"
"7,29 : 86.53"
"7,30 : 73.79"
"7,31 : 74.04"
"7,32 : 16.03"
"7,33 : 76.66"
"7,34 : 33.96"
"7,35 : 85.8"
"7,36 : 68.41"
"7,37 : 11.66"
"7,38 : 74.33"
"7,39 : 101.83"
"7,40 : 82.73"
"7,41 : 65.28"
"7,42 : 82.15"
"7,43 : 40.79"
"7,44 : 30.07"
"7,45 : 25.3"
"7,46 : 61.61"
"7,47 : 54.08"
"7,48 : 54.23"
"7,49 : 86.31"
"7,50 : 58.55"
"7,51 : 72.45"
"7,52 : 48.51"
"7,53 : 102.08"
"7,54 : 39.56"
"7,55 : 84.85"
"7,56 : 24.02"
"7,57 : 18.97"
"7,58 : 15.52"
"7,59 : 37.01"
"7,60 : 61.29"
"7,61 : 67.48"
"7,62 : 69.05"
"7,63 : 60.02"
"7,64 : 32.89"
"7,65 : 61.29"
"7,66 : 56.04"
"7,67 : 20.59"
"7,68 : 71.0"
"7,69 : 4.12"
"7,70 : 97.95"
"7,71 : 104.35"
"7,72 : 86.82"
"7,73 : 50.49"
"7,74 : 86.02"
"7,75 : 2.83"
"7,76 : 33.62"
"7,77 : 100.12"
"7,78 : 73.38"
"7,79 : 44.1"
"7,80 : 100.72"
"7,81 : 87.01"
"7,82 : 76.49"
"7,83 : 87.98"
"7,84 : 94.85"
"7,85 : 79.91"
"7,86 : 39.05"
"7,87 : 75.54"
"7,88 : 57.78"
"7,89 : 81.49"
"7,90 : 119.52"
"7,91 : 81.01"
"7,92 : 94.92"
"7,93 : 72.8"
"7,94 : 115.31"
"7,95 : 72.73"
"7,96 : 72.72"
"7,97 : 82.71"
"7,98 : 68.6"
"7,99 : 29.97"
"8,0 : 67.2"
"8,1 : 27.29"
"8,2 : 82.76"
"8,3 : 120.21"
"8,4 : 61.4"
"8,5 : 8.06"
"8,6 : 84.31"
"8,7 : 69.26"
"8,8 : 0.0"
"8,9 : 11.0"
"8,10 : 55.01"
"8,11 : 99.04"
"8,12 : 53.34"
"8,13 : 28.02"
"8,14 : 53.6"
"8,15 : 66.61"
"8,16 : 79.03"
"8,17 : 27.66"
"8,18 : 95.43"
"8,19 : 60.21"
"8,20 : 60.3"
"8,21 : 86.83"
"8,22 : 17.49"
"8,23 : 54.92"
"8,24 : 90.14"
"8,25 : 93.34"
"8,26 : 93.41"
"8,27 : 107.04"
"8,28 : 52.35"
"8,29 : 54.08"
"8,30 : 80.5"
"8,31 : 27.07"
"8,32 : 85.15"
"8,33 : 45.1"
"8,34 : 72.4"
"8,35 : 57.0"
"8,36 : 24.19"
"8,37 : 75.11"
"8,38 : 47.52"
"8,39 : 86.21"
"8,40 : 64.78"
"8,41 : 12.65"
"8,42 : 13.04"
"8,43 : 76.4"
"8,44 : 79.61"
"8,45 : 82.64"
"8,46 : 106.04"
"8,47 : 93.72"
"8,48 : 15.03"
"8,49 : 65.28"
"8,50 : 11.18"
"8,51 : 38.21"
"8,52 : 77.83"
"8,53 : 90.67"
"8,54 : 69.81"
"8,55 : 121.08"
"8,56 : 76.16"
"8,57 : 67.42"
"8,58 : 54.04"
"8,59 : 32.39"
"8,60 : 14.42"
"8,61 : 2.83"
"8,62 : 93.41"
"8,63 : 103.08"
"8,64 : 68.8"
"8,65 : 38.08"
"8,66 : 13.6"
"8,67 : 53.45"
"8,68 : 103.39"
"8,69 : 65.38"
"8,70 : 81.22"
"8,71 : 73.82"
"8,72 : 82.01"
"8,73 : 83.55"
"8,74 : 97.94"
"8,75 : 67.48"
"8,76 : 62.68"
"8,77 : 89.94"
"8,78 : 28.02"
"8,79 : 62.24"
"8,80 : 96.1"
"8,81 : 116.4"
"8,82 : 116.69"
"8,83 : 52.35"
"8,84 : 96.46"
"8,85 : 63.15"
"8,86 : 80.71"
"8,87 : 6.71"
"8,88 : 74.81"
"8,89 : 27.86"
"8,90 : 93.06"
"8,91 : 45.04"
"8,92 : 69.03"
"8,93 : 90.43"
"8,94 : 86.31"
"8,95 : 29.0"
"8,96 : 44.55"
"8,97 : 98.49"
"8,98 : 67.12"
"8,99 : 88.39"
"9,0 : 74.28"
"9,1 : 27.89"
"9,2 : 88.48"
"9,3 : 128.22"
"9,4 : 61.13"
"9,5 : 5.66"
"9,6 : 89.07"
"9,7 : 80.22"
"9,8 : 11.0"
"9,9 : 0.0"
"9,10 : 55.9"
"9,11 : 107.3"
"9,12 : 53.24"
"9,13 : 29.73"
"9,14 : 53.08"
"9,15 : 68.96"
"9,16 : 86.28"
"9,17 : 36.72"
"9,18 : 104.29"
"9,19 : 71.02"
"9,20 : 71.25"
"9,21 : 86.01"
"9,22 : 25.0"
"9,23 : 61.62"
"9,24 : 98.81"
"9,25 : 93.05"
"9,26 : 102.34"
"9,27 : 112.89"
"9,28 : 52.24"
"9,29 : 54.59"
"9,30 : 85.98"
"9,31 : 28.46"
"9,32 : 96.13"
"9,33 : 47.13"
"9,34 : 81.88"
"9,35 : 58.05"
"9,36 : 27.78"
"9,37 : 86.09"
"9,38 : 50.33"
"9,39 : 87.66"
"9,40 : 67.36"
"9,41 : 19.21"
"9,42 : 2.24"
"9,43 : 85.44"
"9,44 : 89.55"
"9,45 : 92.97"
"9,46 : 114.86"
"9,47 : 102.42"
"9,48 : 26.02"
"9,49 : 67.19"
"9,50 : 22.09"
"9,51 : 40.85"
"9,52 : 86.21"
"9,53 : 92.65"
"9,54 : 78.77"
"9,55 : 128.7"
"9,56 : 86.38"
"9,57 : 77.79"
"9,58 : 65.03"
"9,59 : 43.29"
"9,60 : 22.47"
"9,61 : 13.15"
"9,62 : 100.5"
"9,63 : 111.83"
"9,64 : 78.29"
"9,65 : 43.6"
"9,66 : 24.33"
"9,67 : 64.03"
"9,68 : 111.04"
"9,69 : 76.32"
"9,70 : 82.76"
"9,71 : 73.0"
"9,72 : 85.62"
"9,73 : 92.01"
"9,74 : 103.25"
"9,75 : 78.41"
"9,76 : 72.07"
"9,77 : 92.18"
"9,78 : 29.73"
"9,79 : 70.6"
"9,80 : 98.98"
"9,81 : 123.33"
"9,82 : 124.84"
"9,83 : 52.24"
"9,84 : 100.32"
"9,85 : 66.13"
"9,86 : 90.05"
"9,87 : 5.83"
"9,88 : 82.04"
"9,89 : 26.02"
"9,90 : 92.05"
"9,91 : 45.89"
"9,92 : 69.58"
"9,93 : 96.83"
"9,94 : 85.09"
"9,95 : 31.02"
"9,96 : 47.54"
"9,97 : 104.29"
"9,98 : 72.4"
"9,99 : 98.68"
"10,0 : 41.01"
"10,1 : 28.16"
"10,2 : 43.86"
"10,3 : 91.08"
"10,4 : 8.49"
"10,5 : 51.35"
"10,6 : 40.22"
"10,7 : 85.45"
"10,8 : 55.01"
"10,9 : 55.9"
"10,10 : 0.0"
"10,11 : 74.15"
"10,12 : 5.39"
"10,13 : 27.0"
"10,14 : 7.28"
"10,15 : 14.87"
"10,16 : 50.49"
"10,17 : 43.05"
"10,18 : 76.11"
"10,19 : 73.82"
"10,20 : 78.24"
"10,21 : 32.89"
"10,22 : 41.23"
"10,23 : 32.28"
"10,24 : 70.06"
"10,25 : 38.64"
"10,26 : 75.03"
"10,27 : 66.03"
"10,28 : 5.83"
"10,29 : 2.24"
"10,30 : 40.72"
"10,31 : 28.02"
"10,32 : 99.48"
"10,33 : 10.77"
"10,34 : 64.03"
"10,35 : 2.24"
"10,36 : 31.26"
"10,37 : 96.21"
"10,38 : 11.31"
"10,39 : 31.78"
"10,40 : 14.21"
"10,41 : 43.29"
"10,42 : 55.32"
"10,43 : 62.65"
"10,44 : 74.46"
"10,45 : 81.91"
"10,46 : 84.72"
"10,47 : 73.17"
"10,48 : 56.32"
"10,49 : 12.21"
"10,50 : 58.25"
"10,51 : 17.72"
"10,52 : 58.03"
"10,53 : 37.0"
"10,54 : 57.27"
"10,55 : 89.16"
"10,56 : 75.27"
"10,57 : 71.11"
"10,58 : 76.38"
"10,59 : 59.91"
"10,60 : 43.93"
"10,61 : 57.08"
"10,62 : 61.03"
"10,63 : 81.61"
"10,64 : 61.68"
"10,65 : 25.61"
"10,66 : 52.89"
"10,67 : 65.0"
"10,68 : 73.38"
"10,69 : 81.61"
"10,70 : 26.93"
"10,71 : 20.59"
"10,72 : 33.24"
"10,73 : 63.01"
"10,74 : 55.0"
"10,75 : 82.66"
"10,76 : 56.65"
"10,77 : 36.77"
"10,78 : 27.0"
"10,79 : 47.54"
"10,80 : 44.29"
"10,81 : 80.53"
"10,82 : 88.89"
"10,83 : 5.83"
"10,84 : 47.63"
"10,85 : 14.76"
"10,86 : 68.73"
"10,87 : 58.22"
"10,88 : 47.17"
"10,89 : 30.36"
"10,90 : 39.22"
"10,91 : 10.05"
"10,92 : 14.04"
"10,93 : 54.23"
"10,94 : 33.11"
"10,95 : 26.02"
"10,96 : 13.6"
"10,97 : 57.98"
"10,98 : 29.61"
"10,99 : 85.87"
"11,0 : 34.93"
"11,1 : 86.35"
"11,2 : 33.38"
"11,3 : 21.4"
"11,4 : 79.31"
"11,5 : 101.67"
"11,6 : 41.23"
"11,7 : 62.07"
"11,8 : 99.04"
"11,9 : 107.3"
"11,10 : 74.15"
"11,11 : 0.0"
"11,12 : 79.43"
"11,13 : 83.24"
"11,14 : 81.39"
"11,15 : 63.03"
"11,16 : 23.77"
"11,17 : 71.42"
"11,18 : 9.49"
"11,19 : 57.49"
"11,20 : 63.15"
"11,21 : 85.91"
"11,22 : 82.33"
"11,23 : 47.41"
"11,24 : 10.44"
"11,25 : 83.82"
"11,26 : 11.18"
"11,27 : 31.4"
"11,28 : 79.62"
"11,29 : 76.3"
"11,30 : 36.22"
"11,31 : 84.6"
"11,32 : 64.33"
"11,33 : 72.73"
"11,34 : 31.02"
"11,35 : 72.84"
"11,36 : 81.84"
"11,37 : 72.06"
"11,38 : 68.31"
"11,39 : 68.41"
"11,40 : 62.13"
"11,41 : 88.09"
"11,42 : 108.23"
"11,43 : 24.6"
"11,44 : 32.02"
"11,45 : 38.33"
"11,46 : 11.18"
"11,47 : 8.0"
"11,48 : 87.97"
"11,49 : 66.07"
"11,50 : 92.85"
"11,51 : 74.32"
"11,52 : 21.21"
"11,53 : 64.85"
"11,54 : 30.23"
"11,55 : 23.77"
"11,56 : 38.05"
"11,57 : 44.91"
"11,58 : 68.41"
"11,59 : 74.63"
"11,60 : 85.04"
"11,61 : 98.99"
"11,62 : 16.16"
"11,63 : 8.54"
"11,64 : 34.01"
"11,65 : 65.86"
"11,66 : 87.05"
"11,67 : 56.08"
"11,68 : 9.49"
"11,69 : 61.4"
"11,70 : 67.27"
"11,71 : 83.15"
"11,72 : 51.2"
"11,73 : 15.62"
"11,74 : 35.23"
"11,75 : 60.21"
"11,76 : 38.59"
"11,77 : 62.63"
"11,78 : 83.24"
"11,79 : 36.8"
"11,80 : 58.14"
"11,81 : 25.08"
"11,82 : 17.69"
"11,83 : 79.62"
"11,84 : 49.24"
"11,85 : 60.3"
"11,86 : 23.54"
"11,87 : 105.48"
"11,88 : 27.51"
"11,89 : 92.13"
"11,90 : 89.29"
"11,91 : 77.49"
"11,92 : 74.01"
"11,93 : 24.35"
"11,94 : 88.65"
"11,95 : 81.88"
"11,96 : 69.29"
"11,97 : 30.0"
"11,98 : 44.55"
"11,99 : 36.4"
"12,0 : 46.01"
"12,1 : 26.08"
"12,2 : 49.24"
"12,3 : 96.46"
"12,4 : 8.06"
"12,5 : 49.01"
"12,6 : 45.49"
"12,7 : 88.51"
"12,8 : 53.34"
"12,9 : 53.24"
"12,10 : 5.39"
"12,11 : 79.43"
"12,12 : 0.0"
"12,13 : 25.5"
"12,14 : 2.0"
"12,15 : 19.85"
"12,16 : 55.73"
"12,17 : 44.2"
"12,18 : 81.22"
"12,19 : 76.85"
"12,20 : 81.02"
"12,21 : 33.54"
"12,22 : 40.85"
"12,23 : 36.67"
"12,24 : 75.17"
"12,25 : 40.05"
"12,26 : 80.1"
"12,27 : 71.28"
"12,28 : 1.0"
"12,29 : 3.16"
"12,30 : 46.1"
"12,31 : 26.31"
"12,32 : 102.88"
"12,33 : 12.04"
"12,34 : 68.45"
"12,35 : 7.21"
"12,36 : 30.36"
"12,37 : 99.05"
"12,38 : 14.32"
"12,39 : 35.11"
"12,40 : 19.42"
"12,41 : 42.2"
"12,42 : 52.47"
"12,43 : 67.36"
"12,44 : 78.85"
"12,45 : 86.13"
"12,46 : 89.94"
"12,47 : 78.31"
"12,48 : 56.08"
"12,49 : 16.97"
"12,50 : 57.57"
"12,51 : 18.03"
"12,52 : 63.0"
"12,53 : 40.72"
"12,54 : 61.81"
"12,55 : 94.54"
"12,56 : 79.4"
"12,57 : 74.85"
"12,58 : 78.75"
"12,59 : 61.22"
"12,60 : 43.32"
"12,61 : 55.58"
"12,62 : 66.41"
"12,63 : 86.83"
"12,64 : 65.97"
"12,65 : 27.66"
"12,66 : 52.55"
"12,67 : 67.96"
"12,68 : 78.75"
"12,69 : 84.6"
"12,70 : 30.46"
"12,71 : 20.62"
"12,72 : 38.21"
"12,73 : 68.07"
"12,74 : 60.22"
"12,75 : 85.76"
"12,76 : 60.73"
"12,77 : 40.71"
"12,78 : 25.5"
"12,79 : 51.97"
"12,80 : 48.55"
"12,81 : 85.88"
"12,82 : 94.25"
"12,83 : 1.0"
"12,84 : 52.4"
"12,85 : 20.12"
"12,86 : 73.44"
"12,87 : 56.0"
"12,88 : 52.35"
"12,89 : 27.29"
"12,90 : 39.81"
"12,91 : 8.94"
"12,92 : 16.49"
"12,93 : 59.62"
"12,94 : 33.24"
"12,95 : 24.74"
"12,96 : 15.81"
"12,97 : 63.29"
"12,98 : 34.93"
"12,99 : 90.24"
"13,0 : 48.55"
"13,1 : 3.16"
"13,2 : 60.21"
"13,3 : 103.17"
"13,4 : 33.54"
"13,5 : 24.74"
"13,6 : 59.91"
"13,7 : 73.38"
"13,8 : 28.02"
"13,9 : 29.73"
"13,10 : 27.0"
"13,11 : 83.24"
"13,12 : 25.5"
"13,13 : 0.0"
"13,14 : 25.96"
"13,15 : 39.29"
"13,16 : 60.46"
"13,17 : 24.17"
"13,18 : 82.08"
"13,19 : 62.1"
"13,20 : 64.85"
"13,21 : 59.03"
"13,22 : 16.4"
"13,23 : 35.85"
"13,24 : 76.16"
"13,25 : 65.38"
"13,26 : 80.41"
"13,27 : 84.5"
"13,28 : 24.52"
"13,29 : 26.08"
"13,30 : 57.49"
"13,31 : 1.41"
"13,32 : 89.02"
"13,33 : 17.46"
"13,34 : 62.97"
"13,35 : 29.02"
"13,36 : 5.66"
"13,37 : 82.46"
"13,38 : 20.62"
"13,39 : 58.42"
"13,40 : 37.64"
"13,41 : 16.76"
"13,42 : 29.55"
"13,43 : 64.56"
"13,44 : 72.44"
"13,45 : 78.03"
"13,46 : 92.2"
"13,47 : 79.71"
"13,48 : 31.38"
"13,49 : 37.66"
"13,50 : 32.31"
"13,51 : 11.18"
"13,52 : 63.16"
"13,53 : 63.15"
"13,54 : 57.97"
"13,55 : 102.8"
"13,56 : 71.03"
"13,57 : 64.12"
"13,58 : 60.84"
"13,59 : 40.22"
"13,60 : 18.36"
"13,61 : 30.15"
"13,62 : 74.03"
"13,63 : 89.05"
"13,64 : 59.68"
"13,65 : 17.46"
"13,66 : 27.78"
"13,67 : 53.37"
"13,68 : 85.45"
"13,69 : 69.26"
"13,70 : 53.46"
"13,71 : 46.1"
"13,72 : 55.95"
"13,73 : 68.94"
"13,74 : 74.4"
"13,75 : 70.88"
"13,76 : 53.46"
"13,77 : 62.59"
"13,78 : 0.0"
"13,79 : 48.38"
"13,80 : 69.26"
"13,81 : 96.26"
"13,82 : 100.17"
"13,83 : 24.52"
"13,84 : 70.68"
"13,85 : 36.4"
"13,86 : 70.09"
"13,87 : 31.4"
"13,88 : 56.3"
"13,89 : 9.22"
"13,90 : 65.31"
"13,91 : 17.03"
"13,92 : 41.01"
"13,93 : 69.31"
"13,94 : 58.69"
"13,95 : 1.41"
"13,96 : 17.89"
"13,97 : 75.93"
"13,98 : 43.93"
"13,99 : 83.15"
"14,0 : 48.01"
"14,1 : 26.31"
"14,2 : 51.08"
"14,3 : 98.35"
"14,4 : 8.06"
"14,5 : 49.01"
"14,6 : 47.17"
"14,7 : 90.21"
"14,8 : 53.6"
"14,9 : 53.08"
"14,10 : 7.28"
"14,11 : 81.39"
"14,12 : 2.0"
"14,13 : 25.96"
"14,14 : 0.0"
"14,15 : 21.4"
"14,16 : 57.71"
"14,17 : 45.45"
"14,18 : 83.22"
"14,19 : 78.55"
"14,20 : 82.66"
"14,21 : 33.24"
"14,22 : 41.63"
"14,23 : 38.64"
"14,24 : 77.16"
"14,25 : 40.0"
"14,26 : 82.1"
"14,27 : 72.95"
"14,28 : 2.24"
"14,29 : 5.1"
"14,30 : 47.93"
"14,31 : 26.68"
"14,32 : 104.66"
"14,33 : 13.6"
"14,34 : 70.41"
"14,35 : 8.94"
"14,36 : 31.02"
"14,37 : 100.69"
"14,38 : 16.16"
"14,39 : 35.85"
"14,40 : 21.1"
"14,41 : 42.72"
"14,42 : 52.24"
"14,43 : 69.35"
"14,44 : 80.81"
"14,45 : 88.06"
"14,46 : 91.92"
"14,47 : 80.31"
"14,48 : 56.86"
"14,49 : 18.44"
"14,50 : 58.19"
"14,51 : 19.21"
"14,52 : 65.0"
"14,53 : 41.59"
"14,54 : 63.79"
"14,55 : 96.38"
"14,56 : 81.32"
"14,57 : 76.69"
"14,58 : 80.28"
"14,59 : 62.48"
"14,60 : 44.01"
"14,61 : 55.9"
"14,62 : 68.31"
"14,63 : 88.81"
"14,64 : 67.91"
"14,65 : 29.21"
"14,66 : 53.31"
"14,67 : 69.64"
"14,68 : 80.65"
"14,69 : 86.28"
"14,70 : 31.3"
"14,71 : 20.22"
"14,72 : 39.7"
"14,73 : 70.06"
"14,74 : 61.85"
"14,75 : 87.46"
"14,76 : 62.64"
"14,77 : 41.68"
"14,78 : 25.96"
"14,79 : 53.94"
"14,80 : 49.65"
"14,81 : 87.66"
"14,82 : 96.17"
"14,83 : 2.24"
"14,84 : 53.76"
"14,85 : 21.93"
"14,86 : 75.43"
"14,87 : 56.04"
"14,88 : 54.33"
"14,89 : 27.07"
"14,90 : 39.46"
"14,91 : 10.0"
"14,92 : 17.09"
"14,93 : 61.47"
"14,94 : 32.76"
"14,95 : 25.3"
"14,96 : 17.49"
"14,97 : 65.0"
"14,98 : 36.88"
"14,99 : 92.2"
"15,0 : 33.24"
"15,1 : 41.11"
"15,2 : 30.81"
"15,3 : 78.34"
"15,4 : 16.76"
"15,5 : 64.03"
"15,6 : 25.94"
"15,7 : 84.85"
"15,8 : 66.61"
"15,9 : 68.96"
"15,10 : 14.87"
"15,11 : 63.03"
"15,12 : 19.85"
"15,13 : 39.29"
"15,14 : 21.4"
"15,15 : 0.0"
"15,16 : 40.2"
"15,17 : 49.48"
"15,18 : 66.37"
"15,19 : 73.59"
"15,20 : 78.75"
"15,21 : 29.0"
"15,22 : 51.0"
"15,23 : 29.0"
"15,24 : 60.53"
"15,25 : 31.91"
"15,26 : 65.62"
"15,27 : 51.62"
"15,28 : 20.52"
"15,29 : 16.97"
"15,30 : 27.66"
"15,31 : 40.52"
"15,32 : 97.45"
"15,33 : 21.84"
"15,34 : 58.59"
"15,35 : 12.73"
"15,36 : 42.43"
"15,37 : 96.21"
"15,38 : 19.1"
"15,39 : 20.22"
"15,40 : 2.24"
"15,41 : 54.23"
"15,42 : 68.62"
"15,43 : 55.71"
"15,44 : 68.88"
"15,45 : 76.94"
"15,46 : 74.0"
"15,47 : 63.29"
"15,48 : 65.28"
"15,49 : 3.16"
"15,50 : 68.03"
"15,51 : 28.44"
"15,52 : 49.73"
"15,53 : 24.08"
"15,54 : 51.43"
"15,55 : 75.89"
"15,56 : 70.83"
"15,57 : 68.41"
"15,58 : 78.24"
"15,59 : 65.19"
"15,60 : 54.01"
"15,61 : 68.36"
"15,62 : 48.66"
"15,63 : 71.01"
"15,64 : 56.94"
"15,65 : 31.58"
"15,66 : 62.13"
"15,67 : 65.3"
"15,68 : 61.0"
"15,69 : 81.34"
"15,70 : 15.3"
"15,71 : 21.19"
"15,72 : 18.38"
"15,73 : 53.94"
"15,74 : 40.5"
"15,75 : 82.02"
"15,76 : 53.01"
"15,77 : 23.35"
"15,78 : 39.29"
"15,79 : 42.72"
"15,80 : 30.08"
"15,81 : 66.71"
"15,82 : 76.49"
"15,83 : 20.52"
"15,84 : 32.8"
"15,85 : 5.0"
"15,86 : 61.68"
"15,87 : 70.61"
"15,88 : 37.66"
"15,89 : 44.28"
"15,90 : 34.71"
"15,91 : 23.71"
"15,92 : 11.4"
"15,93 : 41.23"
"15,94 : 30.61"
"15,95 : 38.08"
"15,96 : 22.09"
"15,97 : 43.83"
"15,98 : 19.65"
"15,99 : 80.11"
"16,0 : 12.04"
"16,1 : 63.51"
"16,2 : 14.87"
"16,3 : 42.72"
"16,4 : 56.01"
"16,5 : 80.62"
"16,6 : 23.35"
"16,7 : 59.46"
"16,8 : 79.03"
"16,9 : 86.28"
"16,10 : 50.49"
"16,11 : 23.77"
"16,12 : 55.73"
"16,13 : 60.46"
"16,14 : 57.71"
"16,15 : 40.2"
"16,16 : 0.0"
"16,17 : 52.15"
"16,18 : 26.17"
"16,19 : 50.99"
"16,20 : 57.07"
"16,21 : 65.55"
"16,22 : 61.72"
"16,23 : 24.84"
"16,24 : 20.4"
"16,25 : 64.88"
"16,26 : 25.5"
"16,27 : 31.26"
"16,28 : 55.9"
"16,29 : 52.61"
"16,30 : 16.4"
"16,31 : 61.85"
"16,32 : 67.42"
"16,33 : 49.04"
"16,34 : 25.94"
"16,35 : 49.25"
"16,36 : 59.67"
"16,37 : 70.94"
"16,38 : 44.6"
"16,39 : 49.24"
"16,40 : 39.05"
"16,41 : 67.27"
"16,42 : 86.98"
"16,43 : 20.0"
"16,44 : 34.06"
"16,45 : 42.52"
"16,46 : 34.23"
"16,47 : 23.09"
"16,48 : 69.84"
"16,49 : 43.1"
"16,50 : 74.43"
"16,51 : 51.0"
"16,52 : 12.04"
"16,53 : 47.2"
"16,54 : 19.92"
"16,55 : 42.52"
"16,56 : 38.28"
"16,57 : 40.5"
"16,58 : 60.21"
"16,59 : 59.48"
"16,60 : 64.66"
"16,61 : 79.4"
"16,62 : 14.42"
"16,63 : 31.14"
"16,64 : 26.57"
"16,65 : 43.42"
"16,66 : 68.26"
"16,67 : 46.04"
"16,68 : 25.0"
"16,69 : 57.28"
"16,70 : 47.01"
"16,71 : 61.0"
"16,72 : 31.91"
"16,73 : 14.32"
"16,74 : 26.68"
"16,75 : 56.92"
"16,76 : 27.17"
"16,77 : 45.0"
"16,78 : 60.46"
"16,79 : 19.42"
"16,80 : 43.19"
"16,81 : 37.44"
"16,82 : 39.82"
"16,83 : 55.9"
"16,84 : 36.06"
"16,85 : 37.0"
"16,86 : 24.76"
"16,87 : 85.15"
"16,88 : 4.24"
"16,89 : 69.12"
"16,90 : 69.78"
"16,91 : 53.76"
"16,92 : 51.48"
"16,93 : 14.0"
"16,94 : 68.01"
"16,95 : 59.08"
"16,96 : 45.69"
"16,97 : 24.02"
"16,98 : 21.02"
"16,99 : 43.93"
"17,0 : 40.71"
"17,1 : 26.57"
"17,2 : 57.87"
"17,3 : 92.66"
"17,4 : 51.31"
"17,5 : 31.3"
"17,6 : 61.0"
"17,7 : 49.48"
"17,8 : 27.66"
"17,9 : 36.72"
"17,10 : 43.05"
"17,11 : 71.42"
"17,12 : 44.2"
"17,13 : 24.17"
"17,14 : 45.45"
"17,15 : 49.48"
"17,16 : 52.15"
"17,17 : 0.0"
"17,18 : 67.8"
"17,19 : 38.47"
"17,20 : 40.8"
"17,21 : 75.58"
"17,22 : 12.37"
"17,23 : 29.41"
"17,24 : 62.48"
"17,25 : 80.41"
"17,26 : 65.8"
"17,27 : 81.54"
"17,28 : 43.42"
"17,29 : 43.27"
"17,30 : 56.04"
"17,31 : 24.7"
"17,32 : 65.31"
"17,33 : 32.45"
"17,34 : 45.18"
"17,35 : 44.29"
"17,36 : 18.97"
"17,37 : 58.31"
"17,38 : 32.2"
"17,39 : 69.63"
"17,40 : 47.3"
"17,41 : 18.03"
"17,42 : 38.01"
"17,43 : 48.83"
"17,44 : 53.14"
"17,45 : 57.27"
"17,46 : 78.41"
"17,47 : 66.07"
"17,48 : 18.03"
"17,49 : 49.34"
"17,50 : 22.36"
"17,51 : 26.25"
"17,52 : 50.21"
"17,53 : 72.69"
"17,54 : 42.2"
"17,55 : 93.72"
"17,56 : 50.45"
"17,57 : 42.43"
"17,58 : 36.67"
"17,59 : 17.03"
"17,60 : 14.32"
"17,61 : 27.59"
"17,62 : 66.57"
"17,63 : 75.43"
"17,64 : 41.59"
"17,65 : 18.03"
"17,66 : 16.12"
"17,67 : 30.07"
"17,68 : 76.06"
"17,69 : 45.35"
"17,70 : 64.76"
"17,71 : 63.63"
"17,72 : 61.01"
"17,73 : 55.9"
"17,74 : 73.38"
"17,75 : 47.07"
"17,76 : 35.36"
"17,77 : 71.45"
"17,78 : 24.17"
"17,79 : 34.66"
"17,80 : 76.01"
"17,81 : 89.59"
"17,82 : 89.1"
"17,83 : 43.42"
"17,84 : 74.43"
"17,85 : 44.91"
"17,86 : 53.34"
"17,87 : 34.21"
"17,88 : 48.02"
"17,89 : 32.02"
"17,90 : 81.86"
"17,91 : 35.47"
"17,92 : 55.95"
"17,93 : 64.4"
"17,94 : 76.06"
"17,95 : 23.71"
"17,96 : 29.53"
"17,97 : 73.16"
"17,98 : 43.57"
"17,99 : 62.82"
"18,0 : 35.36"
"18,1 : 85.23"
"18,2 : 38.63"
"18,3 : 27.86"
"18,4 : 82.02"
"18,5 : 98.74"
"18,6 : 47.01"
"18,7 : 53.34"
"18,8 : 95.43"
"18,9 : 104.29"
"18,10 : 76.11"
"18,11 : 9.49"
"18,12 : 81.22"
"18,13 : 82.08"
"18,14 : 83.22"
"18,15 : 66.37"
"18,16 : 26.17"
"18,17 : 67.8"
"18,18 : 0.0"
"18,19 : 49.65"
"18,20 : 55.08"
"18,21 : 91.09"
"18,22 : 79.32"
"18,23 : 46.84"
"18,24 : 6.08"
"18,25 : 89.69"
"18,26 : 2.24"
"18,27 : 40.5"
"18,28 : 81.3"
"18,29 : 78.16"
"18,30 : 41.11"
"18,31 : 83.38"
"18,32 : 54.92"
"18,33 : 73.35"
"18,34 : 24.41"
"18,35 : 75.03"
"18,36 : 80.06"
"18,37 : 63.0"
"18,38 : 69.05"
"18,39 : 74.09"
"18,40 : 65.19"
"18,41 : 85.15"
"18,42 : 105.39"
"18,43 : 19.1"
"18,44 : 23.35"
"18,45 : 29.07"
"18,46 : 10.63"
"18,47 : 3.16"
"18,48 : 83.45"
"18,49 : 69.26"
"18,50 : 88.41"
"18,51 : 74.04"
"18,52 : 18.97"
"18,53 : 71.11"
"18,54 : 25.61"
"18,55 : 31.58"
"18,56 : 29.43"
"18,57 : 37.0"
"18,58 : 60.75"
"18,59 : 69.03"
"18,60 : 81.84"
"18,61 : 95.13"
"18,62 : 23.43"
"18,63 : 7.81"
"18,64 : 27.8"
"18,65 : 64.62"
"18,66 : 82.88"
"18,67 : 49.24"
"18,68 : 18.97"
"18,69 : 52.95"
"18,70 : 72.42"
"18,71 : 87.13"
"18,72 : 56.65"
"18,73 : 13.34"
"18,74 : 43.19"
"18,75 : 51.62"
"18,76 : 33.24"
"18,77 : 68.88"
"18,78 : 82.08"
"18,79 : 34.0"
"18,80 : 65.19"
"18,81 : 34.37"
"18,82 : 23.77"
"18,83 : 81.3"
"18,84 : 56.61"
"18,85 : 63.07"
"18,86 : 16.12"
"18,87 : 102.0"
"18,88 : 29.0"
"18,89 : 91.18"
"18,90 : 94.92"
"18,91 : 78.26"
"18,92 : 77.65"
"18,93 : 31.06"
"18,94 : 93.68"
"18,95 : 80.78"
"18,96 : 69.63"
"18,97 : 38.18"
"18,98 : 47.04"
"18,99 : 26.93"
"19,0 : 46.1"
"19,1 : 64.76"
"19,2 : 64.2"
"19,3 : 77.49"
"19,4 : 82.2"
"19,5 : 66.48"
"19,6 : 71.31"
"19,7 : 11.66"
"19,8 : 60.21"
"19,9 : 71.02"
"19,10 : 73.82"
"19,11 : 57.49"
"19,12 : 76.85"
"19,13 : 62.1"
"19,14 : 78.55"
"19,15 : 73.59"
"19,16 : 50.99"
"19,17 : 38.47"
"19,18 : 49.65"
"19,19 : 0.0"
"19,20 : 6.08"
"19,21 : 102.55"
"19,22 : 50.09"
"19,23 : 44.69"
"19,24 : 47.07"
"19,25 : 105.12"
"19,26 : 47.43"
"19,27 : 81.22"
"19,28 : 76.32"
"19,29 : 74.89"
"19,30 : 64.26"
"19,31 : 62.82"
"19,32 : 26.93"
"19,33 : 65.0"
"19,34 : 27.07"
"19,35 : 74.2"
"19,36 : 57.27"
"19,37 : 22.63"
"19,38 : 62.68"
"19,39 : 91.02"
"19,40 : 71.45"
"19,41 : 55.0"
"19,42 : 72.84"
"19,43 : 34.06"
"19,44 : 26.83"
"19,45 : 25.46"
"19,46 : 59.09"
"19,47 : 49.73"
"19,48 : 45.35"
"19,49 : 74.95"
"19,50 : 50.0"
"19,51 : 60.84"
"19,52 : 41.05"
"19,53 : 91.59"
"19,54 : 31.26"
"19,55 : 81.04"
"19,56 : 21.1"
"19,57 : 12.65"
"19,58 : 11.18"
"19,59 : 27.89"
"19,60 : 51.0"
"19,61 : 58.69"
"19,62 : 62.03"
"19,63 : 57.01"
"19,64 : 25.02"
"19,65 : 49.65"
"19,66 : 46.69"
"19,67 : 8.94"
"19,68 : 65.76"
"19,69 : 7.81"
"19,70 : 87.01"
"19,71 : 92.85"
"19,72 : 76.54"
"19,73 : 44.1"
"19,74 : 77.67"
"19,75 : 8.94"
"19,76 : 24.04"
"19,77 : 89.69"
"19,78 : 62.1"
"19,79 : 34.01"
"19,80 : 90.8"
"19,81 : 81.74"
"19,82 : 73.39"
"19,83 : 76.32"
"19,84 : 85.44"
"19,85 : 68.62"
"19,86 : 33.96"
"19,87 : 66.71"
"19,88 : 48.76"
"19,89 : 70.41"
"19,90 : 108.3"
"19,91 : 69.35"
"19,92 : 83.49"
"19,93 : 64.78"
"19,94 : 103.95"
"19,95 : 61.4"
"19,96 : 61.06"
"19,97 : 74.81"
"19,98 : 57.98"
"19,99 : 31.14"
"20,0 : 52.0"
"20,1 : 67.36"
"20,2 : 70.21"
"20,3 : 82.86"
"20,4 : 86.68"
"20,5 : 67.03"
"20,6 : 77.25"
"20,7 : 9.0"
"20,8 : 60.3"
"20,9 : 71.25"
"20,10 : 78.24"
"20,11 : 63.15"
"20,12 : 81.02"
"20,13 : 64.85"
"20,14 : 82.66"
"20,15 : 78.75"
"20,16 : 57.07"
"20,17 : 40.8"
"20,18 : 55.08"
"20,19 : 6.08"
"20,20 : 0.0"
"20,21 : 107.63"
"20,22 : 51.79"
"20,23 : 50.0"
"20,24 : 52.77"
"20,25 : 110.42"
"20,26 : 52.89"
"20,27 : 87.28"
"20,28 : 80.45"
"20,29 : 79.2"
"20,30 : 70.23"
"20,31 : 65.46"
"20,32 : 25.02"
"20,33 : 69.07"
"20,34 : 33.02"
"20,35 : 78.75"
"20,36 : 59.77"
"20,37 : 18.03"
"20,38 : 67.01"
"20,39 : 96.52"
"20,40 : 76.58"
"20,41 : 56.32"
"20,42 : 73.17"
"20,43 : 40.01"
"20,44 : 31.95"
"20,45 : 29.41"
"20,46 : 64.26"
"20,47 : 55.32"
"20,48 : 45.28"
"20,49 : 79.98"
"20,50 : 49.65"
"20,51 : 64.5"
"20,52 : 47.1"
"20,53 : 97.25"
"20,54 : 37.34"
"20,55 : 86.59"
"20,56 : 26.0"
"20,57 : 18.25"
"20,58 : 7.21"
"20,59 : 28.02"
"20,60 : 52.35"
"20,61 : 58.55"
"20,62 : 68.07"
"20,63 : 62.3"
"20,64 : 31.06"
"20,65 : 53.54"
"20,66 : 47.04"
"20,67 : 13.45"
"20,68 : 71.57"
"20,69 : 5.1"
"20,70 : 92.42"
"20,71 : 97.62"
"20,72 : 82.3"
"20,73 : 50.04"
"20,74 : 83.74"
"20,75 : 7.28"
"20,76 : 30.08"
"20,77 : 95.38"
"20,78 : 64.85"
"20,79 : 39.92"
"20,80 : 96.66"
"20,81 : 87.57"
"20,82 : 78.75"
"20,83 : 80.45"
"20,84 : 91.42"
"20,85 : 73.76"
"20,86 : 39.62"
"20,87 : 66.61"
"20,88 : 54.82"
"20,89 : 72.8"
"20,90 : 113.45"
"20,91 : 73.25"
"20,92 : 88.39"
"20,93 : 70.86"
"20,94 : 108.93"
"20,95 : 64.26"
"20,96 : 65.22"
"20,97 : 80.89"
"20,98 : 63.63"
"20,99 : 34.83"
"21,0 : 61.06"
"21,1 : 59.54"
"21,2 : 52.63"
"21,3 : 97.01"
"21,4 : 25.5"
"21,5 : 82.15"
"21,6 : 44.72"
"21,7 : 113.85"
"21,8 : 86.83"
"21,9 : 86.01"
"21,10 : 32.89"
"21,11 : 85.91"
"21,12 : 33.54"
"21,13 : 59.03"
"21,14 : 33.24"
"21,15 : 29.0"
"21,16 : 65.55"
"21,17 : 75.58"
"21,18 : 91.09"
"21,19 : 102.55"
"21,20 : 107.63"
"21,21 : 0.0"
"21,22 : 74.04"
"21,23 : 58.0"
"21,24 : 85.7"
"21,25 : 8.06"
"21,26 : 90.76"
"21,27 : 65.38"
"21,28 : 34.53"
"21,29 : 33.24"
"21,30 : 50.0"
"21,31 : 59.84"
"21,32 : 126.37"
"21,33 : 43.66"
"21,34 : 86.82"
"21,35 : 31.38"
"21,36 : 63.79"
"21,37 : 125.18"
"21,38 : 43.38"
"21,39 : 18.0"
"21,40 : 31.11"
"21,41 : 75.71"
"21,42 : 85.01"
"21,43 : 83.24"
"21,44 : 96.9"
"21,45 : 105.15"
"21,46 : 97.08"
"21,47 : 87.93"
"21,48 : 89.19"
"21,49 : 27.66"
"21,50 : 90.96"
"21,51 : 50.6"
"21,52 : 76.49"
"21,53 : 23.35"
"21,54 : 79.61"
"21,55 : 93.09"
"21,56 : 99.3"
"21,57 : 97.31"
"21,58 : 106.83"
"21,59 : 92.18"
"21,60 : 76.66"
"21,61 : 89.11"
"21,62 : 70.04"
"21,63 : 94.37"
"21,64 : 85.45"
"21,65 : 57.71"
"21,66 : 85.73"
"21,67 : 94.18"
"21,68 : 81.5"
"21,69 : 110.32"
"21,70 : 18.68"
"21,71 : 13.04"
"21,72 : 34.71"
"21,73 : 79.85"
"21,74 : 55.04"
"21,75 : 111.02"
"21,76 : 81.84"
"21,77 : 25.18"
"21,78 : 59.03"
"21,79 : 71.4"
"21,80 : 32.98"
"21,81 : 82.3"
"21,82 : 96.13"
"21,83 : 34.53"
"21,84 : 41.44"
"21,85 : 33.94"
"21,86 : 89.01"
"21,87 : 89.2"
"21,88 : 63.98"
"21,89 : 60.03"
"21,90 : 6.32"
"21,91 : 42.2"
"21,92 : 19.72"
"21,93 : 61.81"
"21,94 : 3.16"
"21,95 : 58.25"
"21,96 : 46.1"
"21,97 : 60.0"
"21,98 : 47.17"
"21,99 : 107.91"
"22,0 : 49.82"
"22,1 : 17.69"
"22,2 : 65.3"
"22,3 : 103.32"
"22,4 : 48.7"
"22,5 : 19.42"
"22,6 : 67.07"
"22,7 : 60.67"
"22,8 : 17.49"
"22,9 : 25.0"
"22,10 : 41.23"
"22,11 : 82.33"
"22,12 : 40.85"
"22,13 : 16.4"
"22,14 : 41.63"
"22,15 : 51.0"
"22,16 : 61.72"
"22,17 : 12.37"
"22,18 : 79.32"
"22,19 : 50.09"
"22,20 : 51.79"
"22,21 : 74.04"
"22,22 : 0.0"
"22,23 : 37.44"
"22,24 : 73.82"
"22,25 : 79.83"
"22,26 : 77.39"
"22,27 : 89.55"
"22,28 : 39.92"
"22,29 : 40.8"
"22,30 : 63.07"
"22,31 : 16.28"
"22,32 : 76.66"
"22,33 : 30.59"
"22,34 : 57.27"
"22,35 : 42.95"
"22,36 : 10.82"
"22,37 : 68.68"
"22,38 : 32.06"
"22,39 : 71.06"
"22,40 : 49.01"
"22,41 : 5.83"
"22,42 : 26.08"
"22,43 : 60.54"
"22,44 : 65.46"
"22,45 : 69.63"
"22,46 : 89.87"
"22,47 : 77.42"
"22,48 : 15.23"
"22,49 : 50.09"
"22,50 : 17.12"
"22,51 : 23.54"
"22,52 : 61.22"
"22,53 : 75.03"
"22,54 : 53.85"
"22,55 : 103.97"
"22,56 : 62.82"
"22,57 : 54.74"
"22,58 : 46.84"
"22,59 : 25.08"
"22,60 : 3.16"
"22,61 : 18.38"
"22,62 : 76.06"
"22,63 : 86.84"
"22,64 : 53.71"
"22,65 : 20.88"
"22,66 : 11.7"
"22,67 : 42.01"
"22,68 : 86.28"
"22,69 : 56.57"
"22,70 : 66.07"
"22,71 : 61.35"
"22,72 : 65.31"
"22,73 : 67.01"
"22,74 : 80.53"
"22,75 : 58.42"
"22,76 : 47.42"
"22,77 : 74.11"
"22,78 : 16.4"
"22,79 : 45.61"
"22,80 : 79.76"
"22,81 : 99.02"
"22,82 : 99.9"
"22,83 : 39.92"
"22,84 : 79.56"
"22,85 : 47.1"
"22,86 : 65.3"
"22,87 : 23.43"
"22,88 : 57.49"
"22,89 : 21.95"
"22,90 : 80.36"
"22,91 : 31.95"
"22,92 : 55.11"
"22,93 : 72.95"
"22,94 : 74.0"
"22,95 : 16.64"
"22,96 : 29.07"
"22,97 : 81.01"
"22,98 : 49.77"
"22,99 : 75.19"
"23,0 : 12.81"
"23,1 : 38.95"
"23,2 : 28.46"
"23,3 : 67.42"
"23,4 : 39.92"
"23,5 : 55.97"
"23,6 : 32.06"
"23,7 : 55.87"
"23,8 : 54.92"
"23,9 : 61.62"
"23,10 : 32.28"
"23,11 : 47.41"
"23,12 : 36.67"
"23,13 : 35.85"
"23,14 : 38.64"
"23,15 : 29.0"
"23,16 : 24.84"
"23,17 : 29.41"
"23,18 : 46.84"
"23,19 : 44.69"
"23,20 : 50.0"
"23,21 : 58.0"
"23,22 : 37.44"
"23,23 : 0.0"
"23,24 : 40.8"
"23,25 : 60.44"
"23,26 : 45.35"
"23,27 : 52.33"
"23,28 : 36.5"
"23,29 : 33.96"
"23,30 : 26.68"
"23,31 : 37.22"
"23,32 : 68.6"
"23,33 : 27.02"
"23,34 : 31.78"
"23,35 : 31.95"
"23,36 : 34.83"
"23,37 : 67.27"
"23,38 : 23.02"
"23,39 : 46.65"
"23,40 : 26.91"
"23,41 : 42.8"
"23,42 : 62.24"
"23,43 : 31.0"
"23,44 : 42.2"
"23,45 : 49.65"
"23,46 : 56.65"
"23,47 : 44.27"
"23,48 : 47.43"
"23,49 : 30.61"
"23,50 : 51.62"
"23,51 : 27.2"
"23,52 : 27.89"
"23,53 : 47.93"
"23,54 : 25.18"
"23,55 : 67.36"
"23,56 : 43.08"
"23,57 : 39.66"
"23,58 : 50.12"
"23,59 : 41.05"
"23,60 : 40.5"
"23,61 : 55.57"
"23,62 : 38.9"
"23,63 : 53.49"
"23,64 : 29.41"
"23,65 : 18.6"
"23,66 : 45.31"
"23,67 : 36.62"
"23,68 : 49.82"
"23,69 : 52.4"
"23,70 : 42.44"
"23,71 : 49.09"
"23,72 : 33.96"
"23,73 : 33.53"
"23,74 : 43.97"
"23,75 : 53.04"
"23,76 : 24.6"
"23,77 : 46.24"
"23,78 : 35.85"
"23,79 : 15.3"
"23,80 : 49.03"
"23,81 : 61.72"
"23,82 : 64.35"
"23,83 : 36.5"
"23,84 : 46.01"
"23,85 : 24.08"
"23,86 : 37.01"
"23,87 : 60.8"
"23,88 : 20.62"
"23,89 : 44.72"
"23,90 : 63.66"
"23,91 : 32.02"
"23,92 : 39.41"
"23,93 : 35.51"
"23,94 : 59.55"
"23,95 : 34.48"
"23,96 : 23.09"
"23,97 : 43.86"
"23,98 : 15.13"
"23,99 : 53.6"
"24,0 : 29.27"
"24,1 : 79.31"
"24,2 : 33.54"
"24,3 : 31.38"
"24,4 : 76.06"
"24,5 : 93.23"
"24,6 : 42.06"
"24,7 : 52.0"
"24,8 : 90.14"
"24,9 : 98.81"
"24,10 : 70.06"
"24,11 : 10.44"
"24,12 : 75.17"
"24,13 : 76.16"
"24,14 : 77.16"
"24,15 : 60.53"
"24,16 : 20.4"
"24,17 : 62.48"
"24,18 : 6.08"
"24,19 : 47.07"
"24,20 : 52.77"
"24,21 : 85.7"
"24,22 : 73.82"
"24,23 : 40.8"
"24,24 : 0.0"
"24,25 : 84.58"
"24,26 : 5.1"
"24,27 : 38.48"
"24,28 : 75.24"
"24,29 : 72.11"
"24,30 : 35.85"
"24,31 : 77.47"
"24,32 : 55.36"
"24,33 : 67.27"
"24,34 : 20.62"
"24,35 : 69.01"
"24,36 : 74.24"
"24,37 : 62.29"
"24,38 : 62.97"
"24,39 : 68.94"
"24,40 : 59.3"
"24,41 : 79.63"
"24,42 : 99.86"
"24,43 : 14.42"
"24,44 : 22.09"
"24,45 : 29.12"
"24,46 : 16.12"
"24,47 : 3.61"
"24,48 : 78.52"
"24,49 : 63.39"
"24,50 : 83.45"
"24,51 : 68.01"
"24,52 : 13.0"
"24,53 : 66.24"
"24,54 : 20.52"
"24,55 : 34.18"
"24,56 : 28.02"
"24,57 : 34.53"
"24,58 : 57.97"
"24,59 : 64.64"
"24,60 : 76.4"
"24,61 : 89.94"
"24,62 : 20.0"
"24,63 : 13.04"
"24,64 : 23.71"
"24,65 : 58.69"
"24,66 : 77.79"
"24,67 : 45.69"
"24,68 : 19.0"
"24,69 : 51.16"
"24,70 : 67.07"
"24,71 : 81.39"
"24,72 : 51.48"
"24,73 : 7.28"
"24,74 : 39.7"
"24,75 : 50.04"
"24,76 : 28.6"
"24,77 : 64.01"
"24,78 : 76.16"
"24,79 : 28.3"
"24,80 : 60.8"
"24,81 : 35.01"
"24,82 : 27.46"
"24,83 : 75.24"
"24,84 : 52.5"
"24,85 : 57.14"
"24,86 : 13.15"
"24,87 : 96.67"
"24,88 : 23.02"
"24,89 : 85.23"
"24,90 : 89.69"
"24,91 : 72.18"
"24,92 : 71.85"
"24,93 : 26.91"
"24,94 : 88.23"
"24,95 : 74.85"
"24,96 : 63.56"
"24,97 : 35.0"
"24,98 : 41.11"
"24,99 : 28.18"
"25,0 : 61.85"
"25,1 : 66.12"
"25,2 : 51.08"
"25,3 : 93.34"
"25,4 : 32.02"
"25,5 : 89.01"
"25,6 : 42.72"
"25,7 : 116.18"
"25,8 : 93.34"
"25,9 : 93.05"
"25,10 : 38.64"
"25,11 : 83.82"
"25,12 : 40.05"
"25,13 : 65.38"
"25,14 : 40.0"
"25,15 : 31.91"
"25,16 : 64.88"
"25,17 : 80.41"
"25,18 : 89.69"
"25,19 : 105.12"
"25,20 : 110.42"
"25,21 : 8.06"
"25,22 : 79.83"
"25,23 : 60.44"
"25,24 : 84.58"
"25,25 : 0.0"
"25,26 : 89.55"
"25,27 : 61.0"
"25,28 : 41.05"
"25,29 : 39.32"
"25,30 : 48.75"
"25,31 : 66.27"
"25,32 : 128.04"
"25,33 : 49.24"
"25,34 : 87.62"
"25,35 : 36.88"
"25,36 : 69.87"
"25,37 : 127.66"
"25,38 : 48.38"
"25,39 : 15.65"
"25,40 : 34.13"
"25,41 : 81.88"
"25,42 : 92.14"
"25,43 : 83.49"
"25,44 : 97.42"
"25,45 : 105.8"
"25,46 : 94.92"
"25,47 : 86.54"
"25,48 : 94.83"
"25,49 : 31.3"
"25,50 : 96.88"
"25,51 : 56.29"
"25,52 : 76.32"
"25,53 : 19.24"
"25,54 : 80.43"
"25,55 : 89.05"
"25,56 : 100.26"
"25,57 : 99.01"
"25,58 : 110.11"
"25,59 : 96.66"
"25,60 : 82.57"
"25,61 : 95.52"
"25,62 : 67.72"
"25,63 : 92.35"
"25,64 : 86.56"
