x,y
73,21
52,79
77,37
12,74
21,97
39,25
62,46
56,62
63,60
28,2
84,30
23,39
45,45
0,3
48,18
40,76
49,67
98,6
84,34
26,55
24,42
48,5
20,23
74,47
44,77
47,77
37,29
38,72
42,85
86,63
41,69
55,37
76,13
96,47
75,52
1,58
41,82
36,40
69,61
19,28
81,60
28,91
0,74
22,31
62,29
69,30
36,22
19,35
66,1
6,41
44,15
52,47
43,34
74,29
16,14
86,25
38,12
77,58
30,49
36,34
45,84
86,44
42,98
8,62
62,50
75,2
23,100
84,18
16,81
0,65
63,5
33,25
67,39
57,75
22,47
77,49
100,19
70,58
67,22
42,57
78,40
55,55
42,66
16,33
97,100
73,99
68,97
25,64
50,65
18,13
10,51
71,31
80,99
41,61
20,21
70,74
20,62
10,74
93,37
44,76

Distanze
"0,0 : 0.0"
"0,1 : 24.02"
"0,2 : 51.97"
"0,3 : 53.71"
"0,4 : 23.35"
"0,5 : 92.63"
"0,6 : 32.57"
"0,7 : 49.19"
"0,8 : 34.13"
"0,9 : 64.56"
"0,10 : 45.88"
"0,11 : 58.82"
"0,12 : 34.23"
"0,13 : 20.0"
"0,14 : 30.36"
"0,15 : 59.21"
"0,16 : 61.4"
"0,17 : 47.68"
"0,18 : 79.61"
"0,19 : 38.01"
"0,20 : 16.49"
"0,21 : 28.16"
"0,22 : 50.45"
"0,23 : 8.06"
"0,24 : 46.49"
"0,25 : 31.05"
"0,26 : 58.69"
"0,27 : 62.68"
"0,28 : 81.71"
"0,29 : 60.73"
"0,30 : 27.29"
"0,31 : 16.16"
"0,32 : 37.11"
"0,33 : 58.69"
"0,34 : 32.02"
"0,35 : 37.64"
"0,36 : 78.92"
"0,37 : 73.01"
"0,38 : 33.24"
"0,39 : 46.75"
"0,40 : 77.83"
"0,41 : 72.8"
"0,42 : 77.18"
"0,43 : 71.39"
"0,44 : 80.08"
"0,45 : 25.5"
"0,46 : 39.4"
"0,47 : 50.25"
"0,48 : 24.41"
"0,49 : 46.1"
"0,50 : 40.22"
"0,51 : 71.47"
"0,52 : 89.87"
"0,53 : 51.2"
"0,54 : 67.62"
"0,55 : 68.07"
"0,56 : 67.8"
"0,57 : 11.4"
"0,58 : 34.06"
"0,59 : 32.31"
"0,60 : 55.8"
"0,61 : 28.46"
"0,62 : 14.87"
"0,63 : 16.16"
"0,64 : 35.69"
"0,65 : 25.71"
"0,66 : 49.01"
"0,67 : 54.74"
"0,68 : 28.32"
"0,69 : 5.1"
"0,70 : 88.84"
"0,71 : 44.05"
"0,72 : 60.9"
"0,73 : 40.31"
"0,74 : 46.67"
"0,75 : 55.03"
"0,76 : 15.0"
"0,77 : 48.76"
"0,78 : 50.49"
"0,79 : 44.01"
"0,80 : 18.03"
"0,81 : 46.1"
"0,82 : 22.2"
"0,83 : 77.82"
"0,84 : 63.64"
"0,85 : 61.0"
"0,86 : 25.81"
"0,87 : 28.28"
"0,88 : 81.84"
"0,89 : 19.65"
"0,90 : 73.41"
"0,91 : 10.2"
"0,92 : 24.41"
"0,93 : 81.61"
"0,94 : 15.23"
"0,95 : 29.21"
"0,96 : 71.39"
"0,97 : 60.67"
"0,98 : 35.85"
"0,99 : 96.33"
"1,0 : 24.02"
"1,1 : 0.0"
"1,2 : 75.8"
"1,3 : 50.04"
"1,4 : 43.08"
"1,5 : 111.4"
"1,6 : 55.73"
"1,7 : 71.78"
"1,8 : 30.59"
"1,9 : 87.66"
"1,10 : 69.05"
"1,11 : 70.8"
"1,12 : 10.44"
"1,13 : 19.21"
"1,14 : 11.18"
"1,15 : 66.64"
"1,16 : 84.93"
"1,17 : 50.6"
"1,18 : 95.46"
"1,19 : 45.28"
"1,20 : 32.76"
"1,21 : 7.62"
"1,22 : 71.12"
"1,23 : 25.96"
"1,24 : 45.89"
"1,25 : 34.89"
"1,26 : 69.34"
"1,27 : 79.31"
"1,28 : 77.23"
"1,29 : 72.42"
"1,30 : 34.41"
"1,31 : 24.08"
"1,32 : 60.53"
"1,33 : 72.35"
"1,34 : 55.73"
"1,35 : 50.93"
"1,36 : 86.82"
"1,37 : 68.18"
"1,38 : 24.0"
"1,39 : 67.12"
"1,40 : 89.87"
"1,41 : 71.11"
"1,42 : 92.66"
"1,43 : 80.53"
"1,44 : 90.55"
"1,45 : 49.16"
"1,46 : 37.85"
"1,47 : 44.05"
"1,48 : 13.6"
"1,49 : 68.96"
"1,50 : 61.85"
"1,51 : 82.93"
"1,52 : 106.07"
"1,53 : 74.97"
"1,54 : 63.07"
"1,55 : 72.12"
"1,56 : 88.59"
"1,57 : 35.06"
"1,58 : 27.07"
"1,59 : 55.11"
"1,60 : 73.25"
"1,61 : 8.54"
"1,62 : 36.06"
"1,63 : 22.8"
"1,64 : 59.3"
"1,65 : 5.1"
"1,66 : 73.0"
"1,67 : 78.64"
"1,68 : 18.25"
"1,69 : 25.32"
"1,70 : 104.06"
"1,71 : 64.85"
"1,72 : 54.33"
"1,73 : 60.03"
"1,74 : 66.37"
"1,75 : 77.88"
"1,76 : 15.62"
"1,77 : 72.01"
"1,78 : 59.68"
"1,79 : 51.48"
"1,80 : 41.59"
"1,81 : 48.08"
"1,82 : 2.83"
"1,83 : 71.7"
"1,84 : 72.01"
"1,85 : 62.37"
"1,86 : 16.28"
"1,87 : 5.0"
"1,88 : 102.22"
"1,89 : 27.59"
"1,90 : 68.26"
"1,91 : 24.6"
"1,92 : 13.6"
"1,93 : 98.35"
"1,94 : 12.21"
"1,95 : 19.03"
"1,96 : 80.53"
"1,97 : 84.38"
"1,98 : 18.38"
"1,99 : 114.34"
"2,0 : 51.97"
"2,1 : 75.8"
"2,2 : 0.0"
"2,3 : 82.76"
"2,4 : 44.2"
"2,5 : 57.72"
"2,6 : 28.28"
"2,7 : 13.89"
"2,8 : 71.57"
"2,9 : 30.08"
"2,10 : 24.04"
"2,11 : 56.61"
"2,12 : 86.15"
"2,13 : 68.15"
"2,14 : 80.01"
"2,15 : 67.21"
"2,16 : 10.63"
"2,17 : 69.64"
"2,18 : 57.56"
"2,19 : 59.06"
"2,20 : 47.38"
"2,21 : 80.05"
"2,22 : 25.06"
"2,23 : 53.14"
"2,24 : 74.24"
"2,25 : 62.3"
"2,26 : 59.82"
"2,27 : 44.94"
"2,28 : 104.48"
"2,29 : 58.25"
"2,30 : 57.57"
"2,31 : 57.22"
"2,32 : 24.21"
"2,33 : 52.15"
"2,34 : 20.1"
"2,35 : 47.71"
"2,36 : 78.39"
"2,37 : 98.23"
"2,38 : 76.12"
"2,39 : 26.4"
"2,40 : 67.42"
"2,41 : 92.96"
"2,42 : 57.07"
"2,43 : 70.49"
"2,44 : 73.01"
"2,45 : 30.02"
"2,46 : 71.87"
"2,47 : 83.77"
"2,48 : 74.95"
"2,49 : 12.73"
"2,50 : 22.2"
"2,51 : 64.85"
"2,52 : 64.0"
"2,53 : 1.41"
"2,54 : 93.74"
"2,55 : 79.25"
"2,56 : 31.14"
"2,57 : 42.06"
"2,58 : 74.73"
"2,59 : 30.41"
"2,60 : 39.36"
"2,61 : 80.28"
"2,62 : 41.01"
"2,63 : 62.24"
"2,64 : 23.35"
"2,65 : 77.67"
"2,66 : 11.18"
"2,67 : 3.16"
"2,68 : 77.62"
"2,69 : 52.2"
"2,70 : 66.19"
"2,71 : 24.76"
"2,72 : 91.71"
"2,73 : 29.83"
"2,74 : 29.21"
"2,75 : 28.02"
"2,76 : 63.01"
"2,77 : 23.35"
"2,78 : 59.46"
"2,79 : 60.46"
"2,80 : 34.23"
"2,81 : 70.33"
"2,82 : 74.15"
"2,83 : 104.04"
"2,84 : 67.62"
"2,85 : 79.65"
"2,86 : 72.17"
"2,87 : 80.23"
"2,88 : 43.01"
"2,89 : 56.72"
"2,90 : 99.05"
"2,91 : 53.0"
"2,92 : 74.95"
"2,93 : 56.08"
"2,94 : 65.12"
"2,95 : 74.43"
"2,96 : 70.49"
"2,97 : 21.02"
"2,98 : 86.65"
"2,99 : 63.35"
"3,0 : 53.71"
"3,1 : 50.04"
"3,2 : 82.76"
"3,3 : 0.0"
"3,4 : 76.16"
"3,5 : 88.65"
"3,6 : 79.31"
"3,7 : 71.31"
"3,8 : 20.4"
"3,9 : 107.45"
"3,10 : 90.55"
"3,11 : 40.61"
"3,12 : 54.34"
"3,13 : 65.76"
"3,14 : 40.61"
"3,15 : 28.79"
"3,16 : 87.09"
"3,17 : 14.14"
"3,18 : 67.45"
"3,19 : 23.71"
"3,20 : 42.01"
"3,21 : 57.22"
"3,22 : 63.32"
"3,23 : 61.47"
"3,24 : 8.6"
"3,25 : 23.6"
"3,26 : 36.88"
"3,27 : 57.08"
"3,28 : 28.16"
"3,29 : 41.0"
"3,30 : 28.43"
"3,31 : 37.58"
"3,32 : 82.02"
"3,33 : 45.28"
"3,34 : 67.01"
"3,35 : 35.47"
"3,36 : 44.69"
"3,37 : 19.31"
"3,38 : 26.08"
"3,39 : 59.77"
"3,40 : 54.56"
"3,41 : 21.1"
"3,42 : 64.29"
"3,43 : 41.68"
"3,44 : 52.15"
"3,45 : 71.59"
"3,46 : 14.32"
"3,47 : 7.21"
"3,48 : 63.03"
"3,49 : 70.68"
"3,50 : 60.84"
"3,51 : 47.93"
"3,52 : 77.16"
"3,53 : 81.41"
"3,54 : 13.93"
"3,55 : 26.87"
"3,56 : 76.42"
"3,57 : 61.59"
"3,58 : 23.0"
"3,59 : 80.16"
"3,60 : 55.15"
"3,61 : 58.22"
"3,62 : 49.68"
"3,63 : 65.97"
"3,64 : 79.91"
"3,65 : 55.08"
"3,66 : 86.84"
"3,67 : 85.88"
"3,68 : 68.01"
"3,69 : 58.69"
"3,70 : 73.16"
"3,71 : 59.81"
"3,72 : 8.94"
"3,73 : 53.85"
"3,74 : 57.28"
"3,75 : 99.82"
"3,76 : 41.23"
"3,77 : 92.76"
"3,78 : 29.02"
"3,79 : 23.54"
"3,80 : 58.05"
"3,81 : 12.65"
"3,82 : 52.0"
"3,83 : 24.19"
"3,84 : 34.01"
"3,85 : 15.56"
"3,86 : 34.01"
"3,87 : 53.34"
"3,88 : 86.02"
"3,89 : 34.48"
"3,90 : 19.7"
"3,91 : 43.83"
"3,92 : 63.03"
"3,93 : 72.03"
"3,94 : 43.74"
"3,95 : 31.02"
"3,96 : 41.68"
"3,97 : 100.44"
"3,98 : 67.6"
"3,99 : 89.02"
"4,0 : 23.35"
"4,1 : 43.08"
"4,2 : 44.2"
"4,3 : 76.16"
"4,4 : 0.0"
"4,5 : 96.38"
"4,6 : 16.55"
"4,7 : 48.01"
"4,8 : 57.2"
"4,9 : 46.01"
"4,10 : 28.28"
"4,11 : 73.03"
"4,12 : 51.66"
"4,13 : 28.02"
"4,14 : 51.97"
"4,15 : 76.79"
"4,16 : 54.82"
"4,17 : 68.35"
"4,18 : 88.23"
"4,19 : 57.57"
"4,20 : 35.11"
"4,21 : 43.93"
"4,22 : 54.13"
"4,23 : 17.49"
"4,24 : 68.43"
"4,25 : 52.77"
"4,26 : 74.03"
"4,27 : 71.57"
"4,28 : 103.75"
"4,29 : 75.03"
"4,30 : 48.33"
"4,31 : 38.83"
"4,32 : 21.54"
"4,33 : 71.34"
"4,34 : 29.15"
"4,35 : 53.24"
"4,36 : 95.08"
"4,37 : 95.29"
"4,38 : 56.57"
"4,39 : 51.62"
"4,40 : 90.67"
"4,41 : 94.15"
"4,42 : 86.4"
"4,43 : 87.02"
"4,44 : 94.19"
"4,45 : 15.0"
"4,46 : 61.91"
"4,47 : 73.24"
"4,48 : 36.12"
"4,49 : 44.41"
"4,50 : 43.46"
"4,51 : 85.21"
"4,52 : 97.5"
"4,53 : 44.05"
"4,54 : 89.94"
"4,55 : 87.1"
"4,56 : 69.34"
"4,57 : 14.87"
"4,58 : 57.38"
"4,59 : 14.87"
"4,60 : 64.29"
"4,61 : 43.74"
"4,62 : 28.64"
"4,63 : 22.09"
"4,64 : 21.47"
"4,65 : 42.45"
"4,66 : 36.67"
"4,67 : 46.04"
"4,68 : 37.05"
"4,69 : 19.21"
"4,70 : 97.72"
"4,71 : 48.47"
"4,72 : 83.76"
"4,73 : 47.54"
"4,74 : 52.81"
"4,75 : 36.01"
"4,76 : 38.21"
"4,77 : 31.26"
"4,78 : 67.6"
"4,79 : 62.82"
"4,80 : 23.02"
"4,81 : 67.23"
"4,82 : 40.5"
"4,83 : 100.34"
"4,84 : 80.31"
"4,85 : 81.6"
"4,86 : 48.92"
"4,87 : 45.88"
"4,88 : 83.23"
"4,89 : 41.68"
"4,90 : 95.77"
"4,91 : 32.45"
"4,92 : 36.12"
"4,93 : 88.96"
"4,94 : 37.8"
"4,95 : 52.4"
"4,96 : 87.02"
"4,97 : 44.72"
"4,98 : 47.01"
"4,99 : 101.12"
"5,0 : 92.63"
"5,1 : 111.4"
"5,2 : 57.72"
"5,3 : 88.65"
"5,4 : 96.38"
"5,5 : 0.0"
"5,6 : 83.26"
"5,7 : 48.75"
"5,8 : 90.87"
"5,9 : 84.05"
"5,10 : 81.74"
"5,11 : 48.05"
"5,12 : 121.25"
"5,13 : 112.49"
"5,14 : 109.93"
"5,15 : 60.41"
"5,16 : 49.37"
"5,17 : 75.43"
"5,18 : 22.02"
"5,19 : 71.69"
"5,20 : 78.87"
"5,21 : 118.07"
"5,22 : 42.8"
"5,23 : 97.84"
"5,24 : 82.97"
"5,25 : 81.39"
"5,26 : 51.79"
"5,27 : 33.11"
"5,28 : 95.52"
"5,29 : 47.68"
"5,30 : 79.26"
"5,31 : 87.42"
"5,32 : 80.41"
"5,33 : 43.68"
"5,34 : 67.23"
"5,35 : 61.77"
"5,36 : 54.34"
"5,37 : 94.01"
"5,38 : 98.84"
"5,39 : 46.1"
"5,40 : 38.64"
"5,41 : 85.09"
"5,42 : 25.0"
"5,43 : 51.16"
"5,44 : 44.38"
"5,45 : 81.49"
"5,46 : 86.38"
"5,47 : 93.86"
"5,48 : 116.73"
"5,49 : 52.33"
"5,50 : 53.6"
"5,51 : 43.05"
"5,52 : 16.12"
"5,53 : 57.01"
"5,54 : 92.09"
"5,55 : 68.03"
"5,56 : 27.31"
"5,57 : 87.62"
"5,58 : 95.75"
"5,59 : 85.49"
"5,60 : 38.28"
"5,61 : 118.7"
"5,62 : 77.78"
"5,63 : 107.71"
"5,64 : 78.92"
"5,65 : 115.26"
"5,66 : 68.88"
"5,67 : 58.05"
"5,68 : 120.92"
"5,69 : 95.59"
"5,70 : 21.47"
"5,71 : 49.04"
"5,72 : 95.89"
"5,73 : 52.33"
"5,74 : 45.97"
"5,75 : 85.0"
"5,76 : 95.8"
"5,77 : 81.02"
"5,78 : 60.17"
"5,79 : 67.68"
"5,80 : 76.84"
"5,81 : 77.88"
"5,82 : 111.04"
"5,83 : 99.08"
"5,84 : 56.08"
"5,85 : 76.24"
"5,86 : 99.98"
"5,87 : 116.4"
"5,88 : 15.03"
"5,89 : 84.31"
"5,90 : 95.01"
"5,91 : 87.32"
"5,92 : 116.73"
"5,93 : 17.0"
"5,94 : 99.2"
"5,95 : 100.24"
"5,96 : 51.16"
"5,97 : 75.17"
"5,98 : 127.56"
"5,99 : 6.08"
"6,0 : 32.57"
"6,1 : 55.73"
"6,2 : 28.28"
"6,3 : 79.31"
"6,4 : 16.55"
"6,5 : 83.26"
"6,6 : 0.0"
"6,7 : 34.54"
"6,8 : 62.63"
"6,9 : 32.02"
"6,10 : 13.34"
"6,11 : 67.27"
"6,12 : 65.28"
"6,13 : 43.42"
"6,14 : 62.94"
"6,15 : 73.74"
"6,16 : 38.9"
"6,17 : 69.07"
"6,18 : 77.93"
"6,19 : 57.69"
"6,20 : 37.48"
"6,21 : 58.03"
"6,22 : 42.76"
"6,23 : 30.07"
"6,24 : 70.94"
"6,25 : 55.87"
"6,26 : 69.12"
"6,27 : 62.13"
"6,28 : 105.44"
"6,29 : 69.23"
"6,30 : 50.93"
"6,31 : 44.65"
"6,32 : 5.1"
"6,33 : 64.5"
"6,34 : 18.0"
"6,35 : 50.16"
"6,36 : 90.03"
"6,37 : 97.62"
"6,38 : 64.14"
"6,39 : 41.19"
"6,40 : 83.1"
"6,41 : 94.87"
"6,42 : 76.53"
"6,43 : 81.79"
"6,44 : 87.46"
"6,45 : 7.81"
"6,46 : 65.76"
"6,47 : 77.83"
"6,48 : 51.16"
"6,49 : 31.02"
"6,50 : 33.06"
"6,51 : 78.52"
"6,52 : 86.35"
"6,53 : 28.32"
"6,54 : 92.46"
"6,55 : 85.09"
"6,56 : 55.95"
"6,57 : 21.19"
"6,58 : 64.07"
"6,59 : 2.24"
"6,60 : 55.04"
"6,61 : 58.01"
"6,62 : 29.7"
"6,63 : 37.34"
"6,64 : 5.0"
"6,65 : 56.14"
"6,66 : 20.12"
"6,67 : 29.83"
"6,68 : 52.77"
"6,69 : 30.41"
"6,70 : 87.3"
"6,71 : 38.12"
"6,72 : 87.69"
"6,73 : 39.12"
"6,74 : 43.05"
"6,75 : 22.47"
"6,76 : 47.01"
"6,77 : 16.28"
"6,78 : 64.62"
"6,79 : 61.77"
"6,80 : 21.26"
"6,81 : 68.6"
"6,82 : 53.46"
"6,83 : 103.08"
"6,84 : 76.24"
"6,85 : 81.63"
"6,86 : 57.7"
"6,87 : 59.3"
"6,88 : 69.35"
"6,89 : 46.23"
"6,90 : 98.23"
"6,91 : 38.59"
"6,92 : 51.16"
"6,93 : 77.88"
"6,94 : 47.76"
"6,95 : 60.83"
"6,96 : 81.79"
"6,97 : 29.02"
"6,98 : 62.51"
"6,99 : 88.39"
"7,0 : 49.19"
"7,1 : 71.78"
"7,2 : 13.89"
"7,3 : 71.31"
"7,4 : 48.01"
"7,5 : 48.75"
"7,6 : 34.54"
"7,7 : 0.0"
"7,8 : 62.39"
"7,9 : 43.86"
"7,10 : 35.0"
"7,11 : 42.8"
"7,12 : 82.22"
"7,13 : 67.68"
"7,14 : 74.15"
"7,15 : 53.76"
"7,16 : 15.81"
"7,17 : 57.7"
"7,18 : 45.01"
"7,19 : 47.76"
"7,20 : 40.45"
"7,21 : 77.08"
"7,22 : 11.18"
"7,23 : 52.43"
"7,24 : 62.97"
"7,25 : 52.61"
"7,26 : 46.1"
"7,27 : 31.32"
"7,28 : 91.61"
"7,29 : 44.41"
"7,30 : 48.26"
"7,31 : 50.49"
"7,32 : 32.02"
"7,33 : 38.28"
"7,34 : 19.1"
"7,35 : 35.85"
"7,36 : 64.5"
"7,37 : 85.76"
"7,38 : 68.01"
"7,39 : 12.73"
"7,40 : 53.76"
"7,41 : 80.0"
"7,42 : 44.18"
"7,43 : 56.6"
"7,44 : 59.24"
"7,45 : 33.02"
"7,46 : 61.61"
"7,47 : 73.08"
"7,48 : 73.43"
"7,49 : 3.61"
"7,50 : 11.05"
"7,51 : 50.99"
"7,52 : 52.47"
"7,53 : 12.53"
"7,54 : 81.49"
"7,55 : 65.76"
"7,56 : 21.47"
"7,57 : 41.4"
"7,58 : 66.12"
"7,59 : 36.77"
"7,60 : 25.5"
"7,61 : 77.47"
"7,62 : 35.74"
"7,63 : 62.2"
"7,64 : 30.36"
"7,65 : 74.46"
"7,66 : 23.54"
"7,67 : 16.4"
"7,68 : 76.85"
"7,69 : 50.77"
"7,70 : 54.04"
"7,71 : 11.66"
"7,72 : 80.23"
"7,73 : 17.46"
"7,74 : 15.56"
"7,75 : 40.79"
"7,76 : 57.49"
"7,77 : 35.13"
"7,78 : 46.4"
"7,79 : 48.3"
"7,80 : 31.38"
"7,81 : 58.69"
"7,82 : 70.58"
"7,83 : 91.59"
"7,84 : 53.91"
"7,85 : 66.85"
"7,86 : 65.38"
"7,87 : 76.55"
"7,88 : 35.23"
"7,89 : 49.09"
"7,90 : 86.61"
"7,91 : 47.54"
"7,92 : 73.43"
"7,93 : 44.18"
"7,94 : 60.17"
"7,95 : 67.12"
"7,96 : 56.6"
"7,97 : 34.89"
"7,98 : 85.0"
"7,99 : 53.85"
"8,0 : 34.13"
"8,1 : 30.59"
"8,2 : 71.57"
"8,3 : 20.4"
"8,4 : 57.2"
"8,5 : 90.87"
"8,6 : 62.63"
"8,7 : 62.39"
"8,8 : 0.0"
"8,9 : 92.78"
"8,10 : 74.89"
"8,11 : 45.0"
"8,12 : 36.67"
"8,13 : 45.4"
"8,14 : 22.83"
"8,15 : 37.8"
"8,16 : 77.93"
"8,17 : 20.59"
"8,18 : 71.87"
"8,19 : 19.24"
"8,20 : 25.55"
"8,21 : 38.08"
"8,22 : 57.08"
"8,23 : 41.59"
"8,24 : 15.3"
"8,25 : 10.05"
"8,26 : 42.52"
"8,27 : 57.78"
"8,28 : 48.51"
"8,29 : 46.23"
"8,30 : 14.14"
"8,31 : 18.44"
"8,32 : 66.03"
"8,33 : 48.02"
"8,34 : 53.31"
"8,35 : 29.83"
"8,36 : 57.45"
"8,37 : 39.56"
"8,38 : 8.49"
"8,39 : 53.04"
"8,40 : 62.94"
"8,41 : 41.05"
"8,42 : 68.8"
"8,43 : 52.01"
"8,44 : 62.48"
"8,45 : 54.82"
"8,46 : 7.28"
"8,47 : 16.12"
"8,48 : 43.05"
"8,49 : 60.83"
"8,50 : 51.35"
"8,51 : 55.87"
"8,52 : 82.38"
"8,53 : 70.34"
"8,54 : 34.21"
"8,55 : 41.79"
"8,56 : 72.99"
"8,57 : 43.19"
"8,58 : 5.0"
"8,59 : 63.13"
"8,60 : 53.45"
"8,61 : 39.05"
"8,62 : 33.29"
"8,63 : 45.61"
"8,64 : 64.07"
"8,65 : 35.69"
"8,66 : 73.41"
"8,67 : 74.73"
"8,68 : 48.09"
"8,69 : 38.95"
"8,70 : 79.4"
"8,71 : 52.01"
"8,72 : 26.83"
"8,73 : 46.0"
"8,74 : 51.16"
"8,75 : 84.31"
"8,76 : 20.88"
"8,77 : 77.39"
"8,78 : 32.65"
"8,79 : 24.21"
"8,80 : 41.88"
"8,81 : 17.89"
"8,82 : 32.25"
"8,83 : 44.01"
"8,84 : 43.42"
"8,85 : 31.78"
"8,86 : 14.32"
"8,87 : 34.48"
"8,88 : 84.9"
"8,89 : 16.4"
"8,90 : 39.85"
"8,91 : 24.84"
"8,92 : 43.05"
"8,93 : 75.66"
"8,94 : 23.35"
"8,95 : 12.08"
"8,96 : 52.01"
"8,97 : 86.76"
"8,98 : 48.76"
"8,99 : 92.59"
"9,0 : 64.56"
"9,1 : 87.66"
"9,2 : 30.08"
"9,3 : 107.45"
"9,4 : 46.01"
"9,5 : 84.05"
"9,6 : 32.02"
"9,7 : 43.86"
"9,8 : 92.78"
"9,9 : 0.0"
"9,10 : 18.68"
"9,11 : 86.09"
"9,12 : 97.02"
"9,13 : 74.03"
"9,14 : 94.92"
"9,15 : 95.8"
"9,16 : 35.13"
"9,17 : 95.52"
"9,18 : 87.1"
"9,19 : 84.29"
"9,20 : 67.23"
"9,21 : 89.56"
"9,22 : 55.04"
"9,23 : 61.81"
"9,24 : 98.86"
"9,25 : 84.88"
"9,26 : 89.04"
"9,27 : 75.03"
"9,28 : 131.53"
"9,29 : 87.82"
"9,30 : 79.88"
"9,31 : 75.58"
"9,32 : 27.51"
"9,33 : 81.88"
"9,34 : 40.46"
"9,35 : 74.28"
"9,36 : 108.24"
"9,37 : 124.52"
"9,38 : 95.27"
"9,39 : 55.95"
"9,40 : 97.5"
"9,41 : 120.28"
"9,42 : 86.83"
"9,43 : 100.24"
"9,44 : 103.08"
"9,45 : 39.22"
"9,46 : 94.87"
"9,47 : 107.07"
"9,48 : 82.1"
"9,49 : 42.06"
"9,50 : 50.22"
"9,51 : 94.85"
"9,52 : 92.66"
"9,53 : 31.38"
"9,54 : 119.67"
"9,55 : 107.8"
"9,56 : 59.54"
"9,57 : 53.16"
"9,58 : 94.83"
"9,59 : 32.56"
"9,60 : 69.35"
"9,61 : 89.45"
"9,62 : 59.54"
"9,63 : 68.07"
"9,64 : 29.15"
"9,65 : 87.82"
"9,66 : 21.4"
"9,67 : 28.16"
"9,68 : 83.01"
"9,69 : 62.37"
"9,70 : 95.35"
"9,71 : 53.85"
"9,72 : 116.21"
"9,73 : 58.01"
"9,74 : 58.67"
"9,75 : 10.0"
"9,76 : 78.77"
"9,77 : 15.81"
"9,78 : 87.46"
"9,79 : 86.98"
"9,80 : 51.0"
"9,81 : 95.67"
"9,82 : 85.33"
"9,83 : 130.23"
"9,84 : 96.8"
"9,85 : 106.83"
"9,86 : 89.32"
"9,87 : 91.08"
"9,88 : 69.03"
"9,89 : 76.54"
"9,90 : 125.26"
"9,91 : 69.86"
"9,92 : 82.1"
"9,93 : 85.16"
"9,94 : 79.7"
"9,95 : 92.31"
"9,96 : 100.24"
"9,97 : 9.22"
"9,98 : 93.0"
"9,99 : 90.02"
"10,0 : 45.88"
"10,1 : 69.05"
"10,2 : 24.04"
"10,3 : 90.55"
"10,4 : 28.28"
"10,5 : 81.74"
"10,6 : 13.34"
"10,7 : 35.0"
"10,8 : 74.89"
"10,9 : 18.68"
"10,10 : 0.0"
"10,11 : 73.74"
"10,12 : 78.52"
"10,13 : 56.08"
"10,14 : 76.24"
"10,15 : 81.88"
"10,16 : 33.54"
"10,17 : 79.4"
"10,18 : 80.01"
"10,19 : 68.01"
"10,20 : 49.41"
"10,21 : 71.18"
"10,22 : 45.28"
"10,23 : 43.29"
"10,24 : 82.04"
"10,25 : 67.48"
"10,26 : 76.16"
"10,27 : 65.62"
"10,28 : 115.75"
"10,29 : 75.61"
"10,30 : 62.48"
"10,31 : 57.31"
"10,32 : 8.94"
"10,33 : 70.21"
"10,34 : 24.7"
"10,35 : 59.08"
"10,36 : 96.46"
"10,37 : 108.3"
"10,38 : 76.94"
"10,39 : 44.91"
"10,40 : 87.66"
"10,41 : 104.81"
"10,42 : 79.1"
"10,43 : 88.26"
"10,44 : 92.65"
"10,45 : 20.62"
"10,46 : 77.47"
"10,47 : 89.64"
"10,48 : 64.01"
"10,49 : 32.06"
"10,50 : 37.64"
"10,51 : 83.93"
"10,52 : 87.28"
"10,53 : 24.74"
"10,54 : 103.28"
"10,55 : 93.65"
"10,56 : 54.92"
"10,57 : 34.48"
"10,58 : 76.66"
"10,59 : 14.04"
"10,60 : 59.03"
"10,61 : 71.11"
"10,62 : 41.62"
"10,63 : 50.04"
"10,64 : 10.82"
"10,65 : 69.35"
"10,66 : 13.0"
"10,67 : 24.17"
"10,68 : 65.28"
"10,69 : 43.74"
"10,70 : 89.02"
"10,71 : 42.2"
"10,72 : 99.16"
"10,73 : 44.94"
"10,74 : 47.3"
"10,75 : 9.43"
"10,76 : 60.17"
"10,77 : 3.0"
"10,78 : 73.06"
"10,79 : 71.4"
"10,80 : 33.02"
"10,81 : 79.25"
"10,82 : 66.75"
"10,83 : 113.9"
"10,84 : 83.67"
"10,85 : 91.4"
"10,86 : 70.77"
"10,87 : 72.56"
"10,88 : 67.05"
"10,89 : 58.52"
"10,90 : 108.98"
"10,91 : 51.43"
"10,92 : 64.01"
"10,93 : 79.1"
"10,94 : 61.03"
"10,95 : 73.82"
"10,96 : 88.26"
"10,97 : 16.49"
"10,98 : 75.17"
"10,99 : 87.32"
"11,0 : 58.82"
"11,1 : 70.8"
"11,2 : 56.61"
"11,3 : 40.61"
"11,4 : 73.03"
"11,5 : 48.05"
"11,6 : 67.27"
"11,7 : 42.8"
"11,8 : 45.0"
"11,9 : 86.09"
"11,10 : 73.74"
"11,11 : 0.0"
"11,12 : 79.4"
"11,13 : 78.0"
"11,14 : 66.47"
"11,15 : 13.34"
"11,16 : 56.59"
"11,17 : 27.51"
"11,18 : 27.31"
"11,19 : 26.17"
"11,20 : 42.38"
"11,21 : 78.24"
"11,22 : 31.89"
"11,23 : 66.22"
"11,24 : 35.11"
"11,25 : 36.77"
"11,26 : 4.12"
"11,27 : 17.46"
"11,28 : 52.0"
"11,29 : 2.0"
"11,30 : 36.4"
"11,31 : 47.51"
"11,32 : 67.45"
"11,33 : 5.39"
"11,34 : 49.73"
"11,35 : 21.19"
"11,36 : 22.8"
"11,37 : 48.27"
"11,38 : 53.41"
"11,39 : 30.23"
"11,40 : 19.24"
"11,41 : 40.5"
"11,42 : 24.17"
"11,43 : 14.56"
"11,44 : 21.38"
"11,45 : 61.4"
"11,46 : 39.45"
"11,47 : 45.88"
"11,48 : 79.65"
"11,49 : 44.1"
"11,50 : 36.25"
"11,51 : 12.65"
"11,52 : 37.59"
"11,53 : 55.22"
"11,54 : 45.4"
"11,55 : 24.19"
"11,56 : 39.0"
"11,57 : 59.41"
"11,58 : 50.0"
"11,59 : 69.05"
"11,60 : 18.6"
"11,61 : 79.06"
"11,62 : 45.71"
"11,63 : 74.95"
"11,64 : 65.25"
"11,65 : 75.45"
"11,66 : 64.88"
"11,67 : 59.2"
"11,68 : 84.53"
"11,69 : 63.32"
"11,70 : 34.41"
"11,71 : 32.25"
"11,72 : 48.09"
"11,73 : 28.79"
"11,74 : 27.46"
"11,75 : 81.44"
"11,76 : 55.76"
"11,77 : 74.85"
"11,78 : 12.53"
"11,79 : 20.81"
"11,80 : 50.01"
"11,81 : 30.08"
"11,82 : 71.28"
"11,83 : 53.85"
"11,84 : 11.4"
"11,85 : 29.27"
"11,86 : 56.59"
"11,87 : 75.6"
"11,88 : 46.27"
"11,89 : 43.57"
"11,90 : 49.24"
"11,91 : 50.16"
"11,92 : 79.65"
"11,93 : 31.62"
"11,94 : 59.36"
"11,95 : 55.9"
"11,96 : 14.56"
"11,97 : 77.39"
"11,98 : 88.75"
"11,99 : 48.7"
"12,0 : 34.23"
"12,1 : 10.44"
"12,2 : 86.15"
"12,3 : 54.34"
"12,4 : 51.66"
"12,5 : 121.25"
"12,6 : 65.28"
"12,7 : 82.22"
"12,8 : 36.67"
"12,9 : 97.02"
"12,10 : 78.52"
"12,11 : 79.4"
"12,12 : 0.0"
"12,13 : 25.06"
"12,14 : 13.93"
"12,15 : 74.09"
"12,16 : 95.34"
"12,17 : 57.25"
"12,18 : 104.74"
"12,19 : 53.41"
"12,20 : 42.94"
"12,21 : 8.06"
"12,22 : 81.39"
"12,23 : 35.23"
"12,24 : 51.62"
"12,25 : 42.8"
"12,26 : 77.62"
"12,27 : 88.87"
"12,28 : 80.1"
"12,29 : 80.92"
"12,30 : 43.14"
"12,31 : 33.84"
"12,32 : 70.18"
"12,33 : 81.32"
"12,34 : 66.1"
"12,35 : 60.21"
"12,36 : 94.02"
"12,37 : 71.18"
"12,38 : 28.79"
"12,39 : 77.37"
"12,40 : 98.23"
"12,41 : 75.31"
"12,42 : 101.86"
"12,43 : 88.2"
"12,44 : 98.47"
"12,45 : 59.01"
"12,46 : 43.86"
"12,47 : 47.68"
"12,48 : 17.2"
"12,49 : 79.4"
"12,50 : 72.24"
"12,51 : 91.21"
"12,52 : 115.36"
"12,53 : 85.33"
"12,54 : 66.37"
"12,55 : 78.39"
"12,56 : 98.84"
"12,57 : 45.01"
"12,58 : 32.31"
"12,59 : 64.5"
"12,60 : 83.01"
"12,61 : 8.6"
"12,62 : 46.49"
"12,63 : 30.08"
"12,64 : 69.07"
"12,65 : 9.22"
"12,66 : 83.05"
"12,67 : 88.96"
"12,68 : 19.85"
"12,69 : 35.01"
"12,70 : 113.14"
"12,71 : 75.15"
"12,72 : 57.14"
"12,73 : 70.24"
"12,74 : 76.54"
"12,75 : 87.13"
"12,76 : 25.55"
"12,77 : 81.5"
"12,78 : 67.8"
"12,79 : 59.41"
"12,80 : 51.97"
"12,81 : 54.56"
"12,82 : 12.04"
"12,83 : 74.0"
"12,84 : 79.61"
"12,85 : 68.01"
"12,86 : 23.02"
"12,87 : 6.0"
"12,88 : 112.38"
"12,89 : 37.01"
"12,90 : 71.11"
"12,91 : 34.93"
"12,92 : 17.2"
"12,93 : 107.81"
"12,94 : 22.36"
"12,95 : 24.6"
"12,96 : 88.2"
"12,97 : 94.13"
"12,98 : 14.32"
"12,99 : 124.02"
"13,0 : 20.0"
"13,1 : 19.21"
"13,2 : 68.15"
"13,3 : 65.76"
"13,4 : 28.02"
"13,5 : 112.49"
"13,6 : 43.42"
"13,7 : 67.68"
"13,8 : 45.4"
"13,9 : 74.03"
"13,10 : 56.08"
"13,11 : 78.0"
"13,12 : 25.06"
"13,13 : 0.0"
"13,14 : 30.23"
"13,15 : 76.9"
"13,16 : 78.29"
"13,17 : 63.13"
"13,18 : 99.57"
"13,19 : 55.11"
"13,20 : 35.78"
"13,21 : 17.0"
"13,22 : 70.04"
"13,23 : 15.26"
"13,24 : 60.07"
"13,25 : 46.17"
"13,26 : 77.49"
"13,27 : 82.66"
"13,28 : 93.74"
"13,29 : 79.85"
"13,30 : 43.74"
"13,31 : 31.58"
"13,32 : 48.51"
"13,33 : 78.26"
"13,34 : 49.24"
"13,35 : 56.86"
"13,36 : 97.02"
"13,37 : 84.72"
"13,38 : 40.8"
"13,39 : 66.47"
"13,40 : 97.17"
"13,41 : 86.37"
"13,42 : 97.1"
"13,43 : 89.84"
"13,44 : 99.02"
"13,45 : 38.6"
"13,46 : 52.15"
"13,47 : 60.64"
"13,48 : 8.25"
"13,49 : 64.35"
"13,50 : 59.55"
"13,51 : 90.62"
"13,52 : 109.86"
"13,53 : 67.62"
"13,54 : 79.43"
"13,55 : 84.48"
"13,56 : 87.21"
"13,57 : 26.42"
"13,58 : 43.17"
"13,59 : 42.19"
"13,60 : 75.8"
"13,61 : 16.55"
"13,62 : 34.83"
"13,63 : 6.08"
"13,64 : 47.85"
"13,65 : 16.4"
"13,66 : 62.82"
"13,67 : 70.58"
"13,68 : 9.49"
"13,69 : 17.03"
"13,70 : 108.76"
"13,71 : 63.66"
"13,72 : 71.31"
"13,73 : 60.21"
"13,74 : 66.53"
"13,75 : 64.03"
"13,76 : 25.0"
"13,77 : 59.08"
"13,78 : 68.68"
"13,79 : 61.39"
"13,80 : 36.4"
"13,81 : 61.03"
"13,82 : 16.4"
"13,83 : 88.77"
"13,84 : 81.74"
"13,85 : 76.01"
"13,86 : 32.28"
"13,87 : 20.0"
"13,88 : 101.32"
"13,89 : 35.69"
"13,90 : 84.93"
"13,91 : 27.86"
"13,92 : 8.25"
"13,93 : 101.61"
"13,94 : 22.09"
"13,95 : 35.74"
"13,96 : 89.84"
"13,97 : 72.34"
"13,98 : 19.1"
"13,99 : 116.28"
"14,0 : 30.36"
"14,1 : 11.18"
"14,2 : 80.01"
"14,3 : 40.61"
"14,4 : 51.97"
"14,5 : 109.93"
"14,6 : 62.94"
"14,7 : 74.15"
"14,8 : 22.83"
"14,9 : 94.92"
"14,10 : 76.24"
"14,11 : 66.47"
"14,12 : 13.93"
"14,13 : 30.23"
"14,14 : 0.0"
"14,15 : 60.46"
"14,16 : 88.36"
"14,17 : 43.42"
"14,18 : 92.46"
"14,19 : 40.31"
"14,20 : 33.73"
"14,21 : 17.12"
"14,22 : 71.78"
"14,23 : 34.48"
"14,24 : 37.7"
"14,25 : 29.7"
"14,26 : 64.44"
"14,27 : 77.1"
"14,28 : 67.01"
"14,29 : 67.9"
"14,30 : 30.81"
"14,31 : 23.77"
"14,32 : 67.45"
"14,33 : 68.77"
"14,34 : 60.01"
"14,35 : 48.26"
"14,36 : 80.26"
"14,37 : 58.0"
"14,38 : 14.87"
"14,39 : 67.68"
"14,40 : 85.04"
"14,41 : 61.66"
"14,42 : 89.5"
"14,43 : 74.63"
"14,44 : 85.0"
"14,45 : 55.79"
"14,46 : 29.97"
"14,47 : 34.13"
"14,48 : 24.7"
"14,49 : 71.7"
"14,50 : 63.56"
"14,51 : 77.99"
"14,52 : 103.08"
"14,53 : 79.03"
"14,54 : 53.04"
"14,55 : 64.47"
"14,56 : 88.96"
"14,57 : 41.76"
"14,58 : 18.38"
"14,59 : 62.63"
"14,60 : 71.69"
"14,61 : 18.11"
"14,62 : 39.05"
"14,63 : 33.24"
"14,64 : 65.97"
"14,65 : 15.52"
"14,66 : 78.64"
"14,67 : 83.0"
"14,68 : 29.12"
"14,69 : 33.11"
"14,70 : 100.57"
"14,71 : 65.8"
"14,72 : 44.01"
"14,73 : 60.41"
"14,74 : 66.48"
"14,75 : 85.38"
"14,76 : 17.0"
"14,77 : 79.12"
"14,78 : 54.56"
"14,79 : 46.1"
"14,80 : 46.1"
"14,81 : 40.71"
"14,82 : 13.89"
"14,83 : 61.2"
"14,84 : 66.03"
"14,85 : 54.08"
"14,86 : 10.0"
"14,87 : 13.04"
"14,88 : 102.04"
"14,89 : 26.0"
"14,90 : 58.01"
"14,91 : 27.02"
"14,92 : 24.7"
"14,93 : 95.8"
"14,94 : 15.3"
"14,95 : 10.82"
"14,96 : 74.63"
"14,97 : 90.8"
"14,98 : 27.07"
"14,99 : 112.33"
"15,0 : 59.21"
"15,1 : 66.64"
"15,2 : 67.21"
"15,3 : 28.79"
"15,4 : 76.79"
"15,5 : 60.41"
"15,6 : 73.74"
"15,7 : 53.76"
"15,8 : 37.8"
"15,9 : 95.8"
"15,10 : 81.88"
"15,11 : 13.34"
"15,12 : 74.09"
"15,13 : 76.9"
"15,14 : 60.46"
"15,15 : 0.0"
"15,16 : 68.41"
"15,17 : 17.69"
"15,18 : 38.83"
"15,19 : 21.84"
"15,20 : 43.01"
"15,21 : 74.25"
"15,22 : 43.42"
"15,23 : 67.12"
"15,24 : 25.0"
"15,25 : 31.78"
"15,26 : 9.22"
"15,27 : 30.81"
"15,28 : 38.91"
"15,29 : 13.04"
"15,30 : 33.24"
"15,31 : 45.35"
"15,32 : 74.73"
"15,33 : 18.68"
"15,34 : 57.25"
"15,35 : 23.77"
"15,36 : 20.25"
"15,37 : 34.93"
"15,38 : 46.23"
"15,39 : 41.04"
"15,40 : 26.08"
"15,41 : 27.31"
"15,42 : 35.69"
"15,43 : 14.21"
"15,44 : 24.76"
"15,45 : 67.05"
"15,46 : 31.14"
"15,47 : 34.89"
"15,48 : 77.16"
"15,49 : 54.49"
"15,50 : 45.61"
"15,51 : 19.24"
"15,52 : 48.38"
"15,53 : 65.8"
"15,54 : 32.14"
"15,55 : 12.04"
"15,56 : 52.2"
"15,57 : 62.29"
"15,58 : 42.64"
"15,59 : 75.27"
"15,60 : 31.3"
"15,61 : 75.15"
"15,62 : 48.26"
"15,63 : 74.81"
"15,64 : 72.5"
"15,65 : 71.59"
"15,66 : 74.4"
"15,67 : 70.01"
"15,68 : 82.22"
"15,69 : 64.12"
"15,70 : 44.38"
"15,71 : 42.45"
"15,72 : 35.51"
"15,73 : 37.8"
"15,74 : 38.21"
"15,75 : 90.21"
"15,76 : 52.81"
"15,77 : 83.35"
"15,78 : 9.22"
"15,79 : 15.52"
"15,80 : 54.34"
"15,81 : 20.52"
"15,82 : 67.62"
"15,83 : 40.52"
"15,84 : 5.66"
"15,85 : 16.03"
"15,86 : 51.11"
"15,87 : 71.12"
"15,88 : 59.54"
"15,89 : 41.23"
"15,90 : 35.9"
"15,91 : 49.5"
"15,92 : 77.16"
"15,93 : 43.57"
"15,94 : 56.3"
"15,95 : 49.65"
"15,96 : 14.21"
"15,97 : 87.46"
"15,98 : 85.0"
"15,99 : 60.42"
"16,0 : 61.4"
"16,1 : 84.93"
"16,2 : 10.63"
"16,3 : 87.09"
"16,4 : 54.82"
"16,5 : 49.37"
"16,6 : 38.9"
"16,7 : 15.81"
"16,8 : 77.93"
"16,9 : 35.13"
"16,10 : 33.54"
"16,11 : 56.59"
"16,12 : 95.34"
"16,13 : 78.29"
"16,14 : 88.36"
"16,15 : 68.41"
"16,16 : 0.0"
"16,17 : 73.41"
"16,18 : 52.5"
"16,19 : 63.57"
"16,20 : 55.01"
"16,21 : 89.56"
"16,22 : 25.0"
"16,23 : 63.16"
"16,24 : 78.77"
"16,25 : 68.25"
"16,26 : 60.21"
"16,27 : 42.44"
"16,28 : 106.78"
"16,29 : 57.98"
"16,30 : 63.79"
"16,31 : 65.03"
"16,32 : 34.71"
"16,33 : 51.62"
"16,34 : 29.41"
"16,35 : 51.62"
"16,36 : 77.01"
"16,37 : 101.21"
"16,38 : 83.22"
"16,39 : 27.78"
"16,40 : 64.5"
"16,41 : 95.13"
"16,42 : 52.55"
"16,43 : 69.53"
"16,44 : 70.49"
"16,45 : 40.5"
"16,46 : 77.37"
"16,47 : 88.89"
"16,48 : 84.86"
"16,49 : 17.12"
"16,50 : 26.68"
"16,51 : 63.01"
"16,52 : 57.56"
"16,53 : 10.82"
"16,54 : 97.06"
"16,55 : 80.28"
"16,56 : 24.52"
"16,57 : 52.0"
"16,58 : 81.5"
"16,59 : 41.01"
"16,60 : 38.21"
"16,61 : 89.84"
"16,62 : 49.37"
"16,63 : 72.45"
"16,64 : 33.94"
"16,65 : 87.09"
"16,66 : 20.59"
"16,67 : 9.43"
"16,68 : 87.73"
"16,69 : 62.03"
"16,70 : 60.42"
"16,71 : 27.31"
"16,72 : 96.01"
"16,73 : 33.24"
"16,74 : 30.53"
"16,75 : 35.69"
"16,76 : 71.45"
"16,77 : 32.31"
"16,78 : 61.59"
"16,79 : 63.98"
"16,80 : 43.42"
"16,81 : 74.46"
"16,82 : 83.43"
"16,83 : 107.04"
"16,84 : 67.94"
"16,85 : 82.15"
"16,86 : 80.02"
"16,87 : 89.5"
"16,88 : 34.37"
"16,89 : 64.03"
"16,90 : 102.08"
"16,91 : 61.4"
"16,92 : 84.86"
"16,93 : 50.22"
"16,94 : 73.82"
"16,95 : 82.01"
"16,96 : 69.53"
"16,97 : 26.02"
"16,98 : 96.57"
"16,99 : 55.23"
"17,0 : 47.68"
"17,1 : 50.6"
"17,2 : 69.64"
"17,3 : 14.14"
"17,4 : 68.35"
"17,5 : 75.43"
"17,6 : 69.07"
"17,7 : 57.7"
"17,8 : 20.59"
"17,9 : 95.52"
"17,10 : 79.4"
"17,11 : 27.51"
"17,12 : 57.25"
"17,13 : 63.13"
"17,14 : 43.42"
"17,15 : 17.69"
"17,16 : 73.41"
"17,17 : 0.0"
"17,18 : 54.78"
"17,19 : 11.4"
"17,20 : 33.24"
"17,21 : 58.19"
"17,22 : 49.34"
"17,23 : 55.73"
"17,24 : 7.62"
"17,25 : 17.0"
"17,26 : 24.17"
"17,27 : 43.29"
"17,28 : 36.4"
"17,29 : 28.23"
"17,30 : 20.4"
"17,31 : 32.06"
"17,32 : 71.22"
"17,33 : 31.78"
"17,34 : 55.15"
"17,35 : 21.95"
"17,36 : 36.89"
"17,37 : 29.0"
"17,38 : 28.84"
"17,39 : 45.88"
"17,40 : 43.6"
"17,41 : 25.94"
"17,42 : 51.62"
"17,43 : 31.83"
"17,44 : 42.43"
"17,45 : 61.59"
"17,46 : 13.6"
"17,47 : 18.44"
"17,48 : 62.17"
"17,49 : 57.31"
"17,50 : 47.51"
"17,51 : 36.62"
"17,52 : 64.88"
"17,53 : 68.26"
"17,54 : 24.21"
"17,55 : 21.59"
"17,56 : 62.29"
"17,57 : 53.49"
"17,58 : 25.24"
"17,59 : 70.18"
"17,60 : 41.05"
"17,61 : 59.14"
"17,62 : 40.25"
"17,63 : 62.03"
"17,64 : 69.03"
"17,65 : 55.66"
"17,66 : 74.52"
"17,67 : 72.72"
"17,68 : 67.27"
"17,69 : 52.77"
"17,70 : 61.29"
"17,71 : 46.1"
"17,72 : 22.8"
"17,73 : 40.25"
"17,74 : 43.32"
"17,75 : 88.46"
"17,76 : 38.21"
"17,77 : 81.39"
"17,78 : 15.3"
"17,79 : 9.49"
"17,80 : 48.02"
"17,81 : 2.83"
"17,82 : 51.92"
"17,83 : 34.71"
"17,84 : 23.35"
"17,85 : 13.34"
"17,86 : 34.54"
"17,87 : 54.78"
"17,88 : 72.11"
"17,89 : 28.16"
"17,90 : 29.73"
"17,91 : 37.48"
"17,92 : 62.17"
"17,93 : 59.14"
"17,94 : 41.44"
"17,95 : 32.65"
"17,96 : 31.83"
"17,97 : 88.09"
"17,98 : 68.95"
"17,99 : 76.22"
"18,0 : 79.61"
"18,1 : 95.46"
"18,2 : 57.56"
"18,3 : 67.45"
"18,4 : 88.23"
"18,5 : 22.02"
"18,6 : 77.93"
"18,7 : 45.01"
"18,8 : 71.87"
"18,9 : 87.1"
"18,10 : 80.01"
"18,11 : 27.31"
"18,12 : 104.74"
"18,13 : 99.57"
"18,14 : 92.46"
"18,15 : 38.83"
"18,16 : 52.5"
"18,17 : 54.78"
"18,18 : 0.0"
"18,19 : 52.7"
"18,20 : 64.2"
"18,21 : 102.59"
"18,22 : 35.23"
"18,23 : 85.96"
"18,24 : 62.39"
"18,25 : 63.01"
"18,26 : 30.68"
"18,27 : 17.0"
"18,28 : 73.55"
"18,29 : 26.57"
"18,30 : 61.72"
"18,31 : 71.45"
"18,32 : 76.32"
"18,33 : 23.85"
"18,34 : 60.21"
"18,35 : 44.55"
"18,36 : 32.89"
"18,37 : 72.0"
"18,38 : 80.16"
"18,39 : 36.88"
"18,40 : 17.09"
"18,41 : 63.07"
"18,42 : 3.16"
"18,43 : 29.15"
"18,44 : 23.26"
"18,45 : 74.22"
"18,46 : 66.65"
"18,47 : 73.05"
"18,48 : 102.62"
"18,49 : 48.01"
"18,50 : 45.12"
"18,51 : 21.02"
"18,52 : 10.63"
"18,53 : 56.44"
"18,54 : 70.18"
"18,55 : 46.01"
"18,56 : 28.23"
"18,57 : 76.97"
"18,58 : 76.85"
"18,59 : 80.06"
"18,60 : 24.17"
"18,61 : 103.32"
"18,62 : 65.0"
"18,63 : 95.52"
"18,64 : 74.43"
"18,65 : 99.76"
"18,66 : 68.26"
"18,67 : 59.03"
"18,68 : 107.2"
"18,69 : 83.35"
"18,70 : 9.49"
"18,71 : 40.02"
"18,72 : 74.33"
"18,73 : 40.85"
"18,74 : 35.44"
"18,75 : 85.48"
"18,76 : 79.93"
"18,77 : 80.1"
"18,78 : 39.81"
"18,79 : 47.89"
"18,80 : 66.31"
"18,81 : 57.38"
"18,82 : 95.52"
"18,83 : 77.06"
"18,84 : 34.23"
"18,85 : 54.45"
"18,86 : 82.46"
"18,87 : 100.41"
"18,88 : 26.4"
"18,89 : 67.88"
"18,90 : 73.0"
"18,91 : 72.62"
"18,92 : 102.62"
"18,93 : 5.1"
"18,94 : 83.49"
"18,95 : 82.2"
"18,96 : 29.15"
"18,97 : 77.88"
"18,98 : 112.7"
"18,99 : 21.59"
"19,0 : 38.01"
"19,1 : 45.28"
"19,2 : 59.06"
"19,3 : 23.71"
"19,4 : 57.57"
"19,5 : 71.69"
"19,6 : 57.69"
"19,7 : 47.76"
"19,8 : 19.24"
"19,9 : 84.29"
"19,10 : 68.01"
"19,11 : 26.17"
"19,12 : 53.41"
"19,13 : 55.11"
"19,14 : 40.31"
"19,15 : 21.84"
"19,16 : 63.57"
"19,17 : 11.4"
"19,18 : 52.7"
"19,19 : 0.0"
"19,20 : 22.56"
"19,21 : 52.84"
"19,22 : 40.45"
"19,23 : 46.04"
"19,24 : 15.23"
"19,25 : 10.63"
"19,26 : 24.21"
"19,27 : 38.63"
"19,28 : 47.8"
"19,29 : 27.59"
"19,30 : 11.4"
"19,31 : 23.54"
"19,32 : 59.82"
"19,33 : 28.84"
"19,34 : 43.86"
"19,35 : 12.17"
"19,36 : 42.06"
"19,37 : 40.31"
"19,38 : 27.46"
"19,39 : 36.67"
"19,40 : 44.82"
"19,41 : 37.22"
"19,42 : 49.65"
"19,43 : 35.34"
"19,44 : 45.28"
"19,45 : 50.25"
"19,46 : 15.13"
"19,47 : 25.5"
"19,48 : 55.36"
"19,49 : 47.01"
"19,50 : 37.16"
"19,51 : 37.8"
"19,52 : 63.25"
"19,53 : 57.71"
"19,54 : 35.38"
"19,55 : 30.07"
"19,56 : 55.08"
"19,57 : 42.72"
"19,58 : 24.19"
"19,59 : 58.83"
"19,60 : 34.71"
"19,61 : 53.71"
"19,62 : 29.15"
"19,63 : 53.24"
"19,64 : 57.63"
"19,65 : 50.12"
"19,66 : 63.41"
"19,67 : 62.18"
"19,68 : 60.41"
"19,69 : 43.05"
"19,70 : 60.44"
"19,71 : 36.4"
"19,72 : 32.65"
"19,73 : 30.36"
"19,74 : 34.37"
"19,75 : 77.1"
"19,76 : 31.02"
"19,77 : 70.04"
"19,78 : 14.42"
"19,79 : 6.32"
"19,80 : 36.72"
"19,81 : 11.4"
"19,82 : 46.07"
"19,83 : 45.97"
"19,84 : 26.93"
"19,85 : 24.17"
"19,86 : 30.48"
"19,87 : 49.93"
"19,88 : 66.29"
"19,89 : 19.42"
"19,90 : 41.01"
"19,91 : 28.02"
"19,92 : 55.36"
"19,93 : 56.44"
"19,94 : 34.54"
"19,95 : 29.73"
"19,96 : 35.34"
"19,97 : 77.01"
"19,98 : 63.53"
"19,99 : 73.36"
"20,0 : 16.49"
"20,1 : 32.76"
"20,2 : 47.38"
"20,3 : 42.01"
"20,4 : 35.11"
"20,5 : 78.87"
"20,6 : 37.48"
"20,7 : 40.45"
"20,8 : 25.55"
"20,9 : 67.23"
"20,10 : 49.41"
"20,11 : 42.38"
"20,12 : 42.94"
"20,13 : 35.78"
"20,14 : 33.73"
"20,15 : 43.01"
"20,16 : 55.01"
"20,17 : 33.24"
"20,18 : 64.2"
"20,19 : 22.56"
"20,20 : 0.0"
"20,21 : 39.2"
"20,22 : 38.48"
"20,23 : 24.19"
"20,24 : 33.84"
"20,25 : 18.44"
"20,26 : 42.2"
"20,27 : 47.51"
"20,28 : 68.96"
"20,29 : 44.27"
"20,30 : 13.6"
"20,31 : 10.05"
"20,32 : 40.61"
"20,33 : 42.49"
"20,34 : 28.16"
"20,35 : 21.19"
"20,36 : 62.51"
"20,37 : 60.75"
"20,38 : 28.86"
"20,39 : 34.44"
"20,40 : 61.47"
"20,41 : 59.09"
"20,42 : 61.61"
"20,43 : 54.92"
"20,44 : 63.6"
"20,45 : 29.7"
"20,46 : 28.28"
"20,47 : 40.36"
"20,48 : 38.42"
"20,49 : 38.12"
"20,50 : 29.83"
"20,51 : 55.03"
"20,52 : 74.65"
"20,53 : 46.27"
"20,54 : 55.47"
"20,55 : 52.47"
"20,56 : 55.9"
"20,57 : 20.25"
"20,58 : 27.86"
"20,59 : 38.21"
"20,60 : 41.01"
"20,61 : 39.82"
"20,62 : 7.81"
"20,63 : 32.57"
"20,64 : 38.6"
"20,65 : 36.4"
"20,66 : 48.1"
"20,67 : 50.49"
"20,68 : 43.01"
"20,69 : 21.21"
"20,70 : 73.24"
"20,71 : 32.31"
"20,72 : 50.25"
"20,73 : 27.29"
"20,74 : 33.62"
"20,75 : 58.82"
"20,76 : 17.46"
"20,77 : 51.87"
"20,78 : 34.13"
"20,79 : 28.16"
"20,80 : 16.4"
"20,81 : 32.2"
"20,82 : 32.2"
"20,83 : 66.03"
"20,84 : 47.27"
"20,85 : 46.49"
"20,86 : 25.02"
"20,87 : 37.74"
"20,88 : 69.46"
"20,89 : 9.49"
"20,90 : 61.29"
"20,91 : 8.49"
"20,92 : 38.42"
"20,93 : 66.6"
"20,94 : 20.59"
"20,95 : 27.07"
"20,96 : 54.92"
"20,97 : 61.33"
"20,98 : 48.8"
"20,99 : 82.07"
"21,0 : 28.16"
"21,1 : 7.62"
"21,2 : 80.05"
"21,3 : 57.22"
"21,4 : 43.93"
"21,5 : 118.07"
"21,6 : 58.03"
"21,7 : 77.08"
"21,8 : 38.08"
"21,9 : 89.56"
"21,10 : 71.18"
"21,11 : 78.24"
"21,12 : 8.06"
"21,13 : 17.0"
"21,14 : 17.12"
"21,15 : 74.25"
"21,16 : 89.56"
"21,17 : 58.19"
"21,18 : 102.59"
"21,19 : 52.84"
"21,20 : 39.2"
"21,21 : 0.0"
"21,22 : 77.18"
"21,23 : 28.0"
"21,24 : 53.37"
"21,25 : 42.49"
"21,26 : 76.85"
"21,27 : 86.28"
"21,28 : 84.05"
"21,29 : 79.88"
"21,30 : 41.88"
"21,31 : 31.14"
"21,32 : 63.01"
"21,33 : 79.65"
"21,34 : 60.17"
"21,35 : 58.14"
"21,36 : 94.43"
"21,37 : 75.03"
"21,38 : 31.14"
"21,39 : 73.25"
"21,40 : 97.35"
"21,41 : 78.31"
"21,42 : 99.82"
"21,43 : 88.12"
"21,44 : 98.11"
"21,45 : 52.09"
"21,46 : 45.35"
"21,47 : 51.01"
"21,48 : 9.22"
"21,49 : 74.09"
"21,50 : 67.54"
"21,51 : 90.43"
"21,52 : 113.17"
"21,53 : 79.31"
"21,54 : 70.0"
"21,55 : 79.7"
"21,56 : 94.67"
"21,57 : 38.33"
"21,58 : 34.37"
"21,59 : 57.14"
"21,60 : 80.06"
"21,61 : 1.0"
"21,62 : 41.59"
"21,63 : 22.14"
"21,64 : 62.01"
"21,65 : 2.83"
"21,66 : 76.32"
"21,67 : 82.76"
"21,68 : 12.53"
"21,69 : 28.16"
"21,70 : 111.29"
"21,71 : 70.83"
"21,72 : 61.07"
"21,73 : 66.29"
"21,74 : 72.67"
"21,75 : 79.63"
"21,76 : 22.67"
"21,77 : 74.17"
"21,78 : 67.23"
"21,79 : 59.06"
"21,80 : 46.17"
"21,81 : 55.66"
"21,82 : 7.07"
"21,83 : 78.31"
"21,84 : 79.61"
"21,85 : 69.86"
"21,86 : 23.77"
"21,87 : 4.12"
"21,88 : 108.45"
"21,89 : 34.83"
"21,90 : 75.06"
"21,91 : 30.81"
"21,92 : 9.22"
"21,93 : 105.36"
"21,94 : 19.1"
"21,95 : 26.31"
"21,96 : 88.12"
"21,97 : 87.01"
"21,98 : 10.77"
"21,99 : 121.17"
"22,0 : 50.45"
"22,1 : 71.12"
"22,2 : 25.06"
"22,3 : 63.32"
"22,4 : 54.13"
"22,5 : 42.8"
"22,6 : 42.76"
"22,7 : 11.18"
"22,8 : 57.08"
"22,9 : 55.04"
"22,10 : 45.28"
"22,11 : 31.89"
"22,12 : 81.39"
"22,13 : 70.04"
"22,14 : 71.78"
"22,15 : 43.42"
"22,16 : 25.0"
"22,17 : 49.34"
"22,18 : 35.23"
"22,19 : 40.45"
"22,20 : 38.48"
"22,21 : 77.18"
"22,22 : 0.0"
"22,23 : 55.17"
"22,24 : 55.32"
"22,25 : 47.04"
"22,26 : 35.36"
"22,27 : 20.4"
"22,28 : 81.84"
"22,29 : 33.42"
"22,30 : 43.29"
"22,31 : 48.1"
"22,32 : 41.11"
"22,33 : 27.2"
"22,34 : 25.3"
"22,35 : 28.28"
"22,36 : 53.34"
"22,37 : 76.48"
"22,38 : 63.64"
"22,39 : 4.12"
"22,40 : 42.72"
"22,41 : 70.18"
"22,42 : 34.01"
"22,43 : 45.49"
"22,44 : 48.1"
"22,45 : 39.56"
"22,46 : 55.15"
"22,47 : 65.92"
"22,48 : 74.81"
"22,49 : 13.34"
"22,50 : 10.82"
"22,51 : 39.81"
"22,52 : 43.68"
"22,53 : 23.71"
"22,54 : 72.5"
"22,55 : 55.32"
"22,56 : 17.49"
"22,57 : 44.82"
"22,58 : 61.29"
"22,59 : 44.91"
"22,60 : 14.32"
"22,61 : 77.7"
"22,62 : 35.81"
"22,63 : 65.07"
"22,64 : 39.2"
"22,65 : 74.43"
"22,66 : 34.48"
"22,67 : 27.46"
"22,68 : 78.75"
"22,69 : 53.04"
"22,70 : 44.55"
"22,71 : 6.4"
"22,72 : 72.12"
"22,73 : 11.4"
"22,74 : 6.08"
"22,75 : 51.66"
"22,76 : 55.95"
"22,77 : 45.71"
"22,78 : 36.72"
"22,79 : 39.85"
"22,80 : 34.06"
"22,81 : 50.7"
"22,82 : 70.33"
"22,83 : 82.3"
"22,84 : 43.14"
"22,85 : 57.31"
"22,86 : 62.36"
"22,87 : 76.06"
"22,88 : 31.4"
"22,89 : 45.88"
"22,90 : 77.37"
"22,91 : 46.53"
"22,92 : 74.81"
"22,93 : 35.17"
"22,94 : 59.03"
"22,95 : 63.56"
"22,96 : 45.49"
"22,97 : 46.07"
"22,98 : 86.02"
"22,99 : 47.17"
"23,0 : 8.06"
"23,1 : 25.96"
"23,2 : 53.14"
"23,3 : 61.47"
"23,4 : 17.49"
"23,5 : 97.84"
"23,6 : 30.07"
"23,7 : 52.43"
"23,8 : 41.59"
"23,9 : 61.81"
"23,10 : 43.29"
"23,11 : 66.22"
"23,12 : 35.23"
"23,13 : 15.26"
"23,14 : 34.48"
"23,15 : 67.12"
"23,16 : 63.16"
"23,17 : 55.73"
"23,18 : 85.96"
"23,19 : 46.04"
"23,20 : 24.19"
"23,21 : 28.0"
"23,22 : 55.17"
"23,23 : 0.0"
"23,24 : 54.41"
"23,25 : 39.05"
"23,26 : 66.29"
"23,27 : 68.96"
"23,28 : 89.54"
"23,29 : 68.15"
"23,30 : 35.36"
"23,31 : 24.04"
"23,32 : 35.01"
"23,33 : 65.79"
"23,34 : 34.0"
"23,35 : 45.12"
"23,36 : 86.7"
"23,37 : 80.78"
"23,38 : 39.82"
"23,39 : 51.74"
"23,40 : 85.07"
"23,41 : 80.78"
"23,42 : 83.65"
"23,43 : 79.08"
"23,44 : 87.56"
"23,45 : 24.19"
"23,46 : 47.17"
"23,47 : 57.71"
"23,48 : 21.84"
"23,49 : 49.09"
"23,50 : 44.55"
"23,51 : 78.85"
"23,52 : 96.04"
"23,53 : 52.55"
"23,54 : 75.39"
"23,55 : 76.11"
"23,56 : 72.18"
"23,57 : 11.18"
"23,58 : 41.05"
"23,59 : 29.27"
"23,60 : 61.91"
"23,61 : 28.02"
"23,62 : 21.02"
"23,63 : 9.9"
"23,64 : 34.01"
"23,65 : 26.08"
"23,66 : 48.51"
"23,67 : 55.66"
"23,68 : 24.6"
"23,69 : 3.0"
"23,70 : 95.29"
"23,71 : 48.84"
"23,72 : 68.43"
"23,73 : 45.8"
"23,74 : 52.01"
"23,75 : 51.97"
"23,76 : 21.4"
"23,77 : 46.27"
"23,78 : 58.31"
"23,79 : 52.0"
"23,80 : 21.26"
"23,81 : 54.13"
"23,82 : 23.54"
"23,83 : 85.49"
"23,84 : 71.45"
"23,85 : 69.05"
"23,86 : 31.83"
"23,87 : 29.27"
"23,88 : 86.31"
"23,89 : 27.66"
"23,90 : 81.15"
"23,91 : 18.25"
"23,92 : 21.84"
"23,93 : 87.66"
"23,94 : 20.52"
"23,95 : 35.38"
"23,96 : 79.08"
"23,97 : 59.01"
"23,98 : 33.53"
"23,99 : 101.83"
"24,0 : 46.49"
"24,1 : 45.89"
"24,2 : 74.24"
"24,3 : 8.6"
"24,4 : 68.43"
"24,5 : 82.97"
"24,6 : 70.94"
"24,7 : 62.97"
"24,8 : 15.3"
"24,9 : 98.86"
"24,10 : 82.04"
"24,11 : 35.11"
"24,12 : 51.62"
"24,13 : 60.07"
"24,14 : 37.7"
"24,15 : 25.0"
"24,16 : 78.77"
"24,17 : 7.62"
"24,18 : 62.39"
"24,19 : 15.23"
"24,20 : 33.84"
"24,21 : 53.37"
"24,22 : 55.32"
"24,23 : 54.41"
"24,24 : 0.0"
"24,25 : 15.65"
"24,26 : 31.78"
"24,27 : 50.64"
"24,28 : 35.34"
"24,29 : 35.85"
"24,30 : 20.25"
"24,31 : 30.36"
"24,32 : 73.55"
"24,33 : 39.29"
"24,34 : 58.41"
"24,35 : 27.2"
"24,36 : 43.42"
"24,37 : 26.93"
"24,38 : 22.85"
"24,39 : 51.66"
"24,40 : 51.04"
"24,41 : 26.48"
"24,42 : 59.24"
"24,43 : 38.95"
"24,44 : 49.58"
"24,45 : 63.25"
"24,46 : 8.06"
"24,47 : 11.05"
"24,48 : 58.22"
"24,49 : 62.24"
"24,50 : 52.39"
"24,51 : 44.1"
"24,52 : 72.5"
"24,53 : 72.9"
"24,54 : 21.63"
"24,55 : 26.83"
"24,56 : 69.07"
"24,57 : 53.71"
"24,58 : 19.31"
"24,59 : 71.84"
"24,60 : 48.01"
"24,61 : 54.34"
"24,62 : 41.4"
"24,63 : 59.68"
"24,64 : 71.42"
"24,65 : 50.99"
"24,66 : 78.24"
"24,67 : 77.37"
"24,68 : 63.29"
"24,69 : 51.55"
"24,70 : 68.88"
"24,71 : 51.55"
"24,72 : 17.49"
"24,73 : 45.54"
"24,74 : 49.24"
"24,75 : 91.29"
"24,76 : 35.13"
"24,77 : 84.22"
"24,78 : 22.8"
"24,79 : 16.0"
"24,80 : 49.68"
"24,81 : 5.1"
"24,82 : 47.52"
"24,83 : 32.2"
"24,84 : 30.61"
"24,85 : 16.49"
"24,86 : 29.61"
"24,87 : 49.73"
"24,88 : 79.31"
"24,89 : 26.93"
"24,90 : 27.46"
"24,91 : 36.4"
"24,92 : 58.22"
"24,93 : 66.73"
"24,94 : 38.01"
"24,95 : 27.2"
"24,96 : 38.95"
"24,97 : 91.84"
"24,98 : 64.03"
"24,99 : 83.82"
"25,0 : 31.05"
"25,1 : 34.89"
"25,2 : 62.3"
"25,3 : 23.6"
"25,4 : 52.77"
"25,5 : 81.39"
"25,6 : 55.87"
"25,7 : 52.61"
"25,8 : 10.05"
"25,9 : 84.88"
"25,10 : 67.48"
"25,11 : 36.77"
"25,12 : 42.8"
"25,13 : 46.17"
"25,14 : 29.7"
"25,15 : 31.78"
"25,16 : 68.25"
"25,17 : 17.0"
"25,18 : 63.01"
"25,19 : 10.63"
"25,20 : 18.44"
"25,21 : 42.49"
"25,22 : 47.04"
"25,23 : 39.05"
"25,24 : 15.65"
"25,25 : 0.0"
"25,26 : 34.83"
"25,27 : 48.3"
"25,28 : 50.99"
"25,29 : 38.21"
"25,30 : 5.0"
"25,31 : 15.13"
"25,32 : 58.8"
"25,33 : 39.2"
"25,34 : 44.78"
"25,35 : 19.92"
"25,36 : 52.0"
"25,37 : 42.54"
"25,38 : 17.46"
"25,39 : 43.01"
"25,40 : 55.44"
"25,41 : 41.76"
"25,42 : 60.0"
"25,43 : 45.65"
"25,44 : 55.76"
"25,45 : 48.1"
"25,46 : 10.0"
"25,47 : 22.2"
"25,48 : 45.61"
"25,49 : 51.2"
"25,50 : 41.59"
"25,51 : 48.41"
"25,52 : 73.6"
"25,53 : 61.03"
"25,54 : 37.22"
"25,55 : 38.33"
"25,56 : 62.97"
"25,57 : 38.08"
"25,58 : 14.56"
"25,59 : 56.64"
"25,60 : 43.66"
"25,61 : 43.38"
"25,62 : 26.17"
"25,63 : 45.04"
