x,y
80,49
13,75
84,29
60,51
25,73
39,4
21,75
53,81
41,39
100,61
76,48
2,86
13,5
95,90
64,49
47,43
98,59
7,32
92,38
75,31
21,65
1,3
48,16
82,50
25,14
87,62
98,88
62,18
63,75
36,24
6,62
89,28
66,62
79,69
73,28
56,85
89,3
47,3
63,16
55,64
99,1
10,18
2,8
29,31
21,81
55,15
27,66
45,83
58,46
87,81
5,32
29,68
35,12
4,82
84,45
2,54
48,72
48,25
85,44
31,90
79,88
62,73
53,64
68,9
33,41
99,22
23,84
3,72
66,72
61,25
26,41
56,60
61,13
74,31
46,18
65,93
82,58
83,50
98,0
42,32
6,88
76,5
36,65
18,14
83,61
30,33
16,42
58,40
78,76
46,14
48,81
92,2
90,80
25,64
42,86
50,46
58,39
7,70
1,1
40,69

Distanze
"0,0 : 0.0"
"0,1 : 71.87"
"0,2 : 20.4"
"0,3 : 20.1"
"0,4 : 60.01"
"0,5 : 60.88"
"0,6 : 64.47"
"0,7 : 41.87"
"0,8 : 40.26"
"0,9 : 23.32"
"0,10 : 4.12"
"0,11 : 86.33"
"0,12 : 80.16"
"0,13 : 43.66"
"0,14 : 16.0"
"0,15 : 33.54"
"0,16 : 20.59"
"0,17 : 74.95"
"0,18 : 16.28"
"0,19 : 18.68"
"0,20 : 61.13"
"0,21 : 91.42"
"0,22 : 45.97"
"0,23 : 2.24"
"0,24 : 65.19"
"0,25 : 14.76"
"0,26 : 42.95"
"0,27 : 35.85"
"0,28 : 31.06"
"0,29 : 50.61"
"0,30 : 75.13"
"0,31 : 22.85"
"0,32 : 19.1"
"0,33 : 20.02"
"0,34 : 22.14"
"0,35 : 43.27"
"0,36 : 46.87"
"0,37 : 56.61"
"0,38 : 37.12"
"0,39 : 29.15"
"0,40 : 51.62"
"0,41 : 76.56"
"0,42 : 88.12"
"0,43 : 54.08"
"0,44 : 67.12"
"0,45 : 42.2"
"0,46 : 55.66"
"0,47 : 48.8"
"0,48 : 22.2"
"0,49 : 32.76"
"0,50 : 76.9"
"0,51 : 54.42"
"0,52 : 58.26"
"0,53 : 82.86"
"0,54 : 5.66"
"0,55 : 78.16"
"0,56 : 39.41"
"0,57 : 40.0"
"0,58 : 7.07"
"0,59 : 63.89"
"0,60 : 39.01"
"0,61 : 30.0"
"0,62 : 30.89"
"0,63 : 41.76"
"0,64 : 47.68"
"0,65 : 33.02"
"0,66 : 66.89"
"0,67 : 80.36"
"0,68 : 26.93"
"0,69 : 30.61"
"0,70 : 54.59"
"0,71 : 26.4"
"0,72 : 40.71"
"0,73 : 18.97"
"0,74 : 46.01"
"0,75 : 46.49"
"0,76 : 9.22"
"0,77 : 3.16"
"0,78 : 52.2"
"0,79 : 41.63"
"0,80 : 83.65"
"0,81 : 44.18"
"0,82 : 46.82"
"0,83 : 71.2"
"0,84 : 12.37"
"0,85 : 52.5"
"0,86 : 64.38"
"0,87 : 23.77"
"0,88 : 27.07"
"0,89 : 48.8"
"0,90 : 45.25"
"0,91 : 48.51"
"0,92 : 32.57"
"0,93 : 57.01"
"0,94 : 53.04"
"0,95 : 30.15"
"0,96 : 24.17"
"0,97 : 75.96"
"0,98 : 92.44"
"0,99 : 44.72"
"1,0 : 71.87"
"1,1 : 0.0"
"1,2 : 84.6"
"1,3 : 52.77"
"1,4 : 12.17"
"1,5 : 75.61"
"1,6 : 8.0"
"1,7 : 40.45"
"1,8 : 45.61"
"1,9 : 88.12"
"1,10 : 68.54"
"1,11 : 15.56"
"1,12 : 70.0"
"1,13 : 83.36"
"1,14 : 57.25"
"1,15 : 46.69"
"1,16 : 86.49"
"1,17 : 43.42"
"1,18 : 87.24"
"1,19 : 76.03"
"1,20 : 12.81"
"1,21 : 72.99"
"1,22 : 68.6"
"1,23 : 73.39"
"1,24 : 62.17"
"1,25 : 75.13"
"1,26 : 85.99"
"1,27 : 75.17"
"1,28 : 50.0"
"1,29 : 55.95"
"1,30 : 14.76"
"1,31 : 89.36"
"1,32 : 54.57"
"1,33 : 66.27"
"1,34 : 76.22"
"1,35 : 44.15"
"1,36 : 104.69"
"1,37 : 79.62"
"1,38 : 77.34"
"1,39 : 43.42"
"1,40 : 113.45"
"1,41 : 57.08"
"1,42 : 67.9"
"1,43 : 46.82"
"1,44 : 10.0"
"1,45 : 73.24"
"1,46 : 16.64"
"1,47 : 32.98"
"1,48 : 53.54"
"1,49 : 74.24"
"1,50 : 43.74"
"1,51 : 17.46"
"1,52 : 66.73"
"1,53 : 11.4"
"1,54 : 77.08"
"1,55 : 23.71"
"1,56 : 35.13"
"1,57 : 61.03"
"1,58 : 78.39"
"1,59 : 23.43"
"1,60 : 67.27"
"1,61 : 49.04"
"1,62 : 41.48"
"1,63 : 85.91"
"1,64 : 39.45"
"1,65 : 101.02"
"1,66 : 13.45"
"1,67 : 10.44"
"1,68 : 53.08"
"1,69 : 69.31"
"1,70 : 36.4"
"1,71 : 45.54"
"1,72 : 78.41"
"1,73 : 75.21"
"1,74 : 65.86"
"1,75 : 55.03"
"1,76 : 71.06"
"1,77 : 74.33"
"1,78 : 113.36"
"1,79 : 51.87"
"1,80 : 14.76"
"1,81 : 94.18"
"1,82 : 25.08"
"1,83 : 61.2"
"1,84 : 71.39"
"1,85 : 45.31"
"1,86 : 33.14"
"1,87 : 57.01"
"1,88 : 65.01"
"1,89 : 69.35"
"1,90 : 35.51"
"1,91 : 107.56"
"1,92 : 77.16"
"1,93 : 16.28"
"1,94 : 31.02"
"1,95 : 47.01"
"1,96 : 57.63"
"1,97 : 7.81"
"1,98 : 74.97"
"1,99 : 27.66"
"2,0 : 20.4"
"2,1 : 84.6"
"2,2 : 0.0"
"2,3 : 32.56"
"2,4 : 73.6"
"2,5 : 51.48"
"2,6 : 78.01"
"2,7 : 60.54"
"2,8 : 44.15"
"2,9 : 35.78"
"2,10 : 20.62"
"2,11 : 99.86"
"2,12 : 74.95"
"2,13 : 61.98"
"2,14 : 28.28"
"2,15 : 39.56"
"2,16 : 33.11"
"2,17 : 77.06"
"2,18 : 12.04"
"2,19 : 9.22"
"2,20 : 72.56"
"2,21 : 86.98"
"2,22 : 38.28"
"2,23 : 21.1"
"2,24 : 60.88"
"2,25 : 33.14"
"2,26 : 60.64"
"2,27 : 24.6"
"2,28 : 50.57"
"2,29 : 48.26"
"2,30 : 84.69"
"2,31 : 5.1"
"2,32 : 37.59"
"2,33 : 40.31"
"2,34 : 11.05"
"2,35 : 62.61"
"2,36 : 26.48"
"2,37 : 45.22"
"2,38 : 24.7"
"2,39 : 45.45"
"2,40 : 31.76"
"2,41 : 74.81"
"2,42 : 84.65"
"2,43 : 55.04"
"2,44 : 81.69"
"2,45 : 32.2"
"2,46 : 67.96"
"2,47 : 66.61"
"2,48 : 31.06"
"2,49 : 52.09"
"2,50 : 79.06"
"2,51 : 67.42"
"2,52 : 51.87"
"2,53 : 95.96"
"2,54 : 16.0"
"2,55 : 85.73"
"2,56 : 56.08"
"2,57 : 36.22"
"2,58 : 15.03"
"2,59 : 80.81"
"2,60 : 59.21"
"2,61 : 49.19"
"2,62 : 46.75"
"2,63 : 25.61"
"2,64 : 52.39"
"2,65 : 16.55"
"2,66 : 82.13"
"2,67 : 91.71"
"2,68 : 46.62"
"2,69 : 23.35"
"2,70 : 59.23"
"2,71 : 41.77"
"2,72 : 28.02"
"2,73 : 10.2"
"2,74 : 39.56"
"2,75 : 66.76"
"2,76 : 29.07"
"2,77 : 21.02"
"2,78 : 32.2"
"2,79 : 42.11"
"2,80 : 97.8"
"2,81 : 25.3"
"2,82 : 60.0"
"2,83 : 67.68"
"2,84 : 32.02"
"2,85 : 54.15"
"2,86 : 69.23"
"2,87 : 28.23"
"2,88 : 47.38"
"2,89 : 40.85"
"2,90 : 63.25"
"2,91 : 28.16"
"2,92 : 51.35"
"2,93 : 68.6"
"2,94 : 70.8"
"2,95 : 38.01"
"2,96 : 27.86"
"2,97 : 87.24"
"2,98 : 87.6"
"2,99 : 59.46"
"3,0 : 20.1"
"3,1 : 52.77"
"3,2 : 32.56"
"3,3 : 0.0"
"3,4 : 41.34"
"3,5 : 51.48"
"3,6 : 45.79"
"3,7 : 30.81"
"3,8 : 22.47"
"3,9 : 41.23"
"3,10 : 16.28"
"3,11 : 67.74"
"3,12 : 65.76"
"3,13 : 52.4"
"3,14 : 4.47"
"3,15 : 15.26"
"3,16 : 38.83"
"3,17 : 56.3"
"3,18 : 34.54"
"3,19 : 25.0"
"3,20 : 41.44"
"3,21 : 76.06"
"3,22 : 37.0"
"3,23 : 22.02"
"3,24 : 50.93"
"3,25 : 29.15"
"3,26 : 53.04"
"3,27 : 33.06"
"3,28 : 24.19"
"3,29 : 36.12"
"3,30 : 55.11"
"3,31 : 37.01"
"3,32 : 12.53"
"3,33 : 26.17"
"3,34 : 26.42"
"3,35 : 34.23"
"3,36 : 56.08"
"3,37 : 49.73"
"3,38 : 35.13"
"3,39 : 13.93"
"3,40 : 63.41"
"3,41 : 59.91"
"3,42 : 72.2"
"3,43 : 36.89"
"3,44 : 49.2"
"3,45 : 36.35"
"3,46 : 36.25"
"3,47 : 35.34"
"3,48 : 5.39"
"3,49 : 40.36"
"3,50 : 58.19"
"3,51 : 35.36"
"3,52 : 46.32"
"3,53 : 64.01"
"3,54 : 24.74"
"3,55 : 58.08"
"3,56 : 24.19"
"3,57 : 28.64"
"3,58 : 25.96"
"3,59 : 48.6"
"3,60 : 41.59"
"3,61 : 22.09"
"3,62 : 14.76"
"3,63 : 42.76"
"3,64 : 28.79"
"3,65 : 48.6"
"3,66 : 49.58"
"3,67 : 60.75"
"3,68 : 21.84"
"3,69 : 26.02"
"3,70 : 35.44"
"3,71 : 9.85"
"3,72 : 38.01"
"3,73 : 24.41"
"3,74 : 35.85"
"3,75 : 42.3"
"3,76 : 23.09"
"3,77 : 23.02"
"3,78 : 63.6"
"3,79 : 26.17"
"3,80 : 65.46"
"3,81 : 48.7"
"3,82 : 27.78"
"3,83 : 55.97"
"3,84 : 25.08"
"3,85 : 34.99"
"3,86 : 44.91"
"3,87 : 11.18"
"3,88 : 30.81"
"3,89 : 39.56"
"3,90 : 32.31"
"3,91 : 58.52"
"3,92 : 41.73"
"3,93 : 37.34"
"3,94 : 39.36"
"3,95 : 11.18"
"3,96 : 12.17"
"3,97 : 56.3"
"3,98 : 77.34"
"3,99 : 26.91"
"4,0 : 60.01"
"4,1 : 12.17"
"4,2 : 73.6"
"4,3 : 41.34"
"4,4 : 0.0"
"4,5 : 70.41"
"4,6 : 4.47"
"4,7 : 29.12"
"4,8 : 37.58"
"4,9 : 75.95"
"4,10 : 56.8"
"4,11 : 26.42"
"4,12 : 69.05"
"4,13 : 72.03"
"4,14 : 45.79"
"4,15 : 37.2"
"4,16 : 74.33"
"4,17 : 44.78"
"4,18 : 75.59"
"4,19 : 65.3"
"4,20 : 8.94"
"4,21 : 74.0"
"4,22 : 61.47"
"4,23 : 61.47"
"4,24 : 59.0"
"4,25 : 62.97"
"4,26 : 74.53"
"4,27 : 66.29"
"4,28 : 38.05"
"4,29 : 50.22"
"4,30 : 21.95"
"4,31 : 78.24"
"4,32 : 42.45"
"4,33 : 54.15"
"4,34 : 65.8"
"4,35 : 33.24"
"4,36 : 94.85"
"4,37 : 73.38"
"4,38 : 68.51"
"4,39 : 31.32"
"4,40 : 103.25"
"4,41 : 57.01"
"4,42 : 68.95"
"4,43 : 42.19"
"4,44 : 8.94"
"4,45 : 65.3"
"4,46 : 7.28"
"4,47 : 22.36"
"4,48 : 42.64"
"4,49 : 62.51"
"4,50 : 45.62"
"4,51 : 6.4"
"4,52 : 61.81"
"4,53 : 22.85"
"4,54 : 65.31"
"4,55 : 29.83"
"4,56 : 23.02"
"4,57 : 53.23"
"4,58 : 66.64"
"4,59 : 18.03"
"4,60 : 56.04"
"4,61 : 37.0"
"4,62 : 29.41"
"4,63 : 77.1"
"4,64 : 32.98"
"4,65 : 89.87"
"4,66 : 11.18"
"4,67 : 22.02"
"4,68 : 41.01"
"4,69 : 60.0"
"4,70 : 32.02"
"4,71 : 33.62"
"4,72 : 69.97"
"4,73 : 64.54"
"4,74 : 58.87"
"4,75 : 44.72"
"4,76 : 58.94"
"4,77 : 62.39"
"4,78 : 103.24"
"4,79 : 44.38"
"4,80 : 24.21"
"4,81 : 85.0"
"4,82 : 13.6"
"4,83 : 59.41"
"4,84 : 59.23"
"4,85 : 40.31"
"4,86 : 32.28"
"4,87 : 46.67"
"4,88 : 53.08"
"4,89 : 62.63"
"4,90 : 24.35"
"4,91 : 97.62"
"4,92 : 65.38"
"4,93 : 9.0"
"4,94 : 21.4"
"4,95 : 36.8"
"4,96 : 47.38"
"4,97 : 18.25"
"4,98 : 75.89"
"4,99 : 15.52"
"5,0 : 60.88"
"5,1 : 75.61"
"5,2 : 51.48"
"5,3 : 51.48"
"5,4 : 70.41"
"5,5 : 0.0"
"5,6 : 73.25"
"5,7 : 78.26"
"5,8 : 35.06"
"5,9 : 83.49"
"5,10 : 57.49"
"5,11 : 89.96"
"5,12 : 26.02"
"5,13 : 102.63"
"5,14 : 51.48"
"5,15 : 39.81"
"5,16 : 80.66"
"5,17 : 42.52"
"5,18 : 62.97"
"5,19 : 45.0"
"5,20 : 63.6"
"5,21 : 38.01"
"5,22 : 15.0"
"5,23 : 62.97"
"5,24 : 17.2"
"5,25 : 75.29"
"5,26 : 102.65"
"5,27 : 26.93"
"5,28 : 74.95"
"5,29 : 20.22"
"5,30 : 66.73"
"5,31 : 55.46"
"5,32 : 63.98"
"5,33 : 76.32"
"5,34 : 41.62"
"5,35 : 82.76"
"5,36 : 50.01"
"5,37 : 8.06"
"5,38 : 26.83"
"5,39 : 62.1"
"5,40 : 60.07"
"5,41 : 32.2"
"5,42 : 37.22"
"5,43 : 28.79"
"5,44 : 79.08"
"5,45 : 19.42"
"5,46 : 63.15"
"5,47 : 79.23"
"5,48 : 46.1"
"5,49 : 90.74"
"5,50 : 44.05"
"5,51 : 64.78"
"5,52 : 8.94"
"5,53 : 85.49"
"5,54 : 60.88"
"5,55 : 62.2"
"5,56 : 68.59"
"5,57 : 22.85"
"5,58 : 60.96"
"5,59 : 86.37"
"5,60 : 93.04"
"5,61 : 72.73"
"5,62 : 61.61"
"5,63 : 29.43"
"5,64 : 37.48"
"5,65 : 62.64"
"5,66 : 81.58"
"5,67 : 76.94"
"5,68 : 73.16"
"5,69 : 30.41"
"5,70 : 39.22"
"5,71 : 58.52"
"5,72 : 23.77"
"5,73 : 44.2"
"5,74 : 15.65"
"5,75 : 92.72"
"5,76 : 69.03"
"5,77 : 63.66"
"5,78 : 59.14"
"5,79 : 28.16"
"5,80 : 90.25"
"5,81 : 37.01"
"5,82 : 61.07"
"5,83 : 23.26"
"5,84 : 72.01"
"5,85 : 30.36"
"5,86 : 44.42"
"5,87 : 40.71"
"5,88 : 81.88"
"5,89 : 12.21"
"5,90 : 77.52"
"5,91 : 53.04"
"5,92 : 91.53"
"5,93 : 61.61"
"5,94 : 82.05"
"5,95 : 43.42"
"5,96 : 39.82"
"5,97 : 73.35"
"5,98 : 38.12"
"5,99 : 65.01"
"6,0 : 64.47"
"6,1 : 8.0"
"6,2 : 78.01"
"6,3 : 45.79"
"6,4 : 4.47"
"6,5 : 73.25"
"6,6 : 0.0"
"6,7 : 32.56"
"6,8 : 41.18"
"6,9 : 80.23"
"6,10 : 61.27"
"6,11 : 21.95"
"6,12 : 70.46"
"6,13 : 75.5"
"6,14 : 50.25"
"6,15 : 41.23"
"6,16 : 78.64"
"6,17 : 45.22"
"6,18 : 80.06"
"6,19 : 69.66"
"6,20 : 10.0"
"6,21 : 74.73"
"6,22 : 64.88"
"6,23 : 65.92"
"6,24 : 61.13"
"6,25 : 67.27"
"6,26 : 78.09"
"6,27 : 70.21"
"6,28 : 42.0"
"6,29 : 53.16"
"6,30 : 19.85"
"6,31 : 82.66"
"6,32 : 46.84"
"6,33 : 58.31"
"6,34 : 70.09"
"6,35 : 36.4"
"6,36 : 99.04"
"6,37 : 76.55"
"6,38 : 72.42"
"6,39 : 35.74"
"6,40 : 107.52"
"6,41 : 58.05"
"6,42 : 69.64"
"6,43 : 44.72"
"6,44 : 6.0"
"6,45 : 68.96"
"6,46 : 10.82"
"6,47 : 25.3"
"6,48 : 47.01"
"6,49 : 66.27"
"6,50 : 45.88"
"6,51 : 10.63"
"6,52 : 64.54"
"6,53 : 18.38"
"6,54 : 69.78"
"6,55 : 28.32"
"6,56 : 27.17"
"6,57 : 56.82"
"6,58 : 71.11"
"6,59 : 18.03"
"6,60 : 59.44"
"6,61 : 41.05"
"6,62 : 33.84"
"6,63 : 81.02"
"6,64 : 36.06"
"6,65 : 94.3"
"6,66 : 9.22"
"6,67 : 18.25"
"6,68 : 45.1"
"6,69 : 64.03"
"6,70 : 34.37"
"6,71 : 38.08"
"6,72 : 73.78"
"6,73 : 68.88"
"6,74 : 62.24"
"6,75 : 47.54"
"6,76 : 63.32"
"6,77 : 66.85"
"6,78 : 107.49"
"6,79 : 47.85"
"6,80 : 19.85"
"6,81 : 89.02"
"6,82 : 18.03"
"6,83 : 61.07"
"6,84 : 63.56"
"6,85 : 42.95"
"6,86 : 33.38"
"6,87 : 50.93"
"6,88 : 57.01"
"6,89 : 65.92"
"6,90 : 27.66"
"6,91 : 101.83"
"6,92 : 69.18"
"6,93 : 11.7"
"6,94 : 23.71"
"6,95 : 41.01"
"6,96 : 51.62"
"6,97 : 14.87"
"6,98 : 76.66"
"6,99 : 19.92"
"7,0 : 41.87"
"7,1 : 40.45"
"7,2 : 60.54"
"7,3 : 30.81"
"7,4 : 29.12"
"7,5 : 78.26"
"7,6 : 32.56"
"7,7 : 0.0"
"7,8 : 43.68"
"7,9 : 51.08"
"7,10 : 40.22"
"7,11 : 51.24"
"7,12 : 85.88"
"7,13 : 42.95"
"7,14 : 33.84"
"7,15 : 38.47"
"7,16 : 50.09"
"7,17 : 67.21"
"7,18 : 58.05"
"7,19 : 54.63"
"7,20 : 35.78"
"7,21 : 93.74"
"7,22 : 65.19"
"7,23 : 42.45"
"7,24 : 72.62"
"7,25 : 38.95"
"7,26 : 45.54"
"7,27 : 63.64"
"7,28 : 11.66"
"7,29 : 59.48"
"7,30 : 50.7"
"7,31 : 64.07"
"7,32 : 23.02"
"7,33 : 28.64"
"7,34 : 56.65"
"7,35 : 5.0"
"7,36 : 85.91"
"7,37 : 78.23"
"7,38 : 65.76"
"7,39 : 17.12"
"7,40 : 92.28"
"7,41 : 76.28"
"7,42 : 89.05"
"7,43 : 55.46"
"7,44 : 32.0"
"7,45 : 66.03"
"7,46 : 30.02"
"7,47 : 8.25"
"7,48 : 35.36"
"7,49 : 34.0"
"7,50 : 68.59"
"7,51 : 27.29"
"7,52 : 71.31"
"7,53 : 49.01"
"7,54 : 47.51"
"7,55 : 57.71"
"7,56 : 10.3"
"7,57 : 56.22"
"7,58 : 48.92"
"7,59 : 23.77"
"7,60 : 26.93"
"7,61 : 12.04"
"7,62 : 17.0"
"7,63 : 73.55"
"7,64 : 44.72"
"7,65 : 74.81"
"7,66 : 30.15"
"7,67 : 50.8"
"7,68 : 15.81"
"7,69 : 56.57"
"7,70 : 48.26"
"7,71 : 21.21"
"7,72 : 68.47"
"7,73 : 54.23"
"7,74 : 63.39"
"7,75 : 16.97"
"7,76 : 37.01"
"7,77 : 43.14"
"7,78 : 92.66"
"7,79 : 50.22"
"7,80 : 47.52"
"7,81 : 79.4"
"7,82 : 23.35"
"7,83 : 75.59"
"7,84 : 36.06"
"7,85 : 53.23"
"7,86 : 53.76"
"7,87 : 41.3"
"7,88 : 25.5"
"7,89 : 67.36"
"7,90 : 5.0"
"7,91 : 88.1"
"7,92 : 37.01"
"7,93 : 32.76"
"7,94 : 12.08"
"7,95 : 35.13"
"7,96 : 42.3"
"7,97 : 47.3"
"7,98 : 95.41"
"7,99 : 17.69"
"8,0 : 40.26"
"8,1 : 45.61"
"8,2 : 44.15"
"8,3 : 22.47"
"8,4 : 37.58"
"8,5 : 35.06"
"8,6 : 41.18"
"8,7 : 43.68"
"8,8 : 0.0"
"8,9 : 62.97"
"8,10 : 36.14"
"8,11 : 61.07"
"8,12 : 44.05"
"8,13 : 74.28"
"8,14 : 25.08"
"8,15 : 7.21"
"8,16 : 60.41"
"8,17 : 34.71"
"8,18 : 51.01"
"8,19 : 34.93"
"8,20 : 32.8"
"8,21 : 53.81"
"8,22 : 24.04"
"8,23 : 42.45"
"8,24 : 29.68"
"8,25 : 51.43"
"8,26 : 75.17"
"8,27 : 29.7"
"8,28 : 42.19"
"8,29 : 15.81"
"8,30 : 41.88"
"8,31 : 49.24"
"8,32 : 33.97"
"8,33 : 48.41"
"8,34 : 33.84"
"8,35 : 48.38"
"8,36 : 60.0"
"8,37 : 36.5"
"8,38 : 31.83"
"8,39 : 28.65"
"8,40 : 69.34"
"8,41 : 37.44"
"8,42 : 49.82"
"8,43 : 14.42"
"8,44 : 46.52"
"8,45 : 27.78"
"8,46 : 30.41"
"8,47 : 44.18"
"8,48 : 18.38"
"8,49 : 62.29"
"8,50 : 36.67"
"8,51 : 31.38"
"8,52 : 27.66"
"8,53 : 56.73"
"8,54 : 43.42"
"8,55 : 41.79"
"8,56 : 33.73"
"8,57 : 15.65"
"8,58 : 44.28"
"8,59 : 51.97"
"8,60 : 62.01"
"8,61 : 39.96"
"8,62 : 27.73"
"8,63 : 40.36"
"8,64 : 8.25"
"8,65 : 60.44"
"8,66 : 48.47"
"8,67 : 50.33"
"8,68 : 41.4"
"8,69 : 24.41"
"8,70 : 15.13"
"8,71 : 25.81"
"8,72 : 32.8"
"8,73 : 33.96"
"8,74 : 21.59"
"8,75 : 59.09"
"8,76 : 45.19"
"8,77 : 43.42"
"8,78 : 69.07"
"8,79 : 7.07"
"8,80 : 60.22"
"8,81 : 48.8"
"8,82 : 26.48"
"8,83 : 33.97"
"8,84 : 47.41"
"8,85 : 12.53"
"8,86 : 25.18"
"8,87 : 17.03"
"8,88 : 52.33"
"8,89 : 25.5"
"8,90 : 42.58"
"8,91 : 63.01"
"8,92 : 63.89"
"8,93 : 29.68"
"8,94 : 47.01"
"8,95 : 11.4"
"8,96 : 17.0"
"8,97 : 46.01"
"8,98 : 55.17"
"8,99 : 30.02"
"9,0 : 23.32"
"9,1 : 88.12"
"9,2 : 35.78"
"9,3 : 41.23"
"9,4 : 75.95"
"9,5 : 83.49"
"9,6 : 80.23"
"9,7 : 51.08"
"9,8 : 62.97"
"9,9 : 0.0"
"9,10 : 27.29"
"9,11 : 101.14"
"9,12 : 103.46"
"9,13 : 29.43"
"9,14 : 37.95"
"9,15 : 55.97"
"9,16 : 2.83"
"9,17 : 97.42"
"9,18 : 24.35"
"9,19 : 39.05"
"9,20 : 79.1"
"9,21 : 114.74"
"9,22 : 68.77"
"9,23 : 21.1"
"9,24 : 88.51"
"9,25 : 13.04"
"9,26 : 27.07"
"9,27 : 57.38"
"9,28 : 39.56"
"9,29 : 73.93"
"9,30 : 94.01"
"9,31 : 34.79"
"9,32 : 34.01"
"9,33 : 22.47"
"9,34 : 42.64"
"9,35 : 50.12"
"9,36 : 59.03"
"9,37 : 78.57"
"9,38 : 58.26"
"9,39 : 45.1"
"9,40 : 60.01"
"9,41 : 99.74"
"9,42 : 111.41"
"9,43 : 77.08"
"9,44 : 81.49"
"9,45 : 64.35"
"9,46 : 73.17"
"9,47 : 59.24"
"9,48 : 44.6"
"9,49 : 23.85"
"9,50 : 99.33"
"9,51 : 71.34"
"9,52 : 81.4"
"9,53 : 98.27"
"9,54 : 22.63"
"9,55 : 98.25"
"9,56 : 53.15"
"9,57 : 63.25"
"9,58 : 22.67"
"9,59 : 74.85"
"9,60 : 34.21"
"9,61 : 39.85"
"9,62 : 47.1"
"9,63 : 61.06"
"9,64 : 69.92"
"9,65 : 39.01"
"9,66 : 80.36"
"9,67 : 97.62"
"9,68 : 35.74"
"9,69 : 53.08"
"9,70 : 76.66"
"9,71 : 44.01"
"9,72 : 61.85"
"9,73 : 39.7"
"9,74 : 69.03"
"9,75 : 47.42"
"9,76 : 18.25"
"9,77 : 20.25"
"9,78 : 61.03"
"9,79 : 64.85"
"9,80 : 97.8"
"9,81 : 60.93"
"9,82 : 64.12"
"9,83 : 94.51"
"9,84 : 17.0"
"9,85 : 75.39"
"9,86 : 86.12"
"9,87 : 46.96"
"9,88 : 26.63"
"9,89 : 71.59"
"9,90 : 55.71"
"9,91 : 59.54"
"9,92 : 21.47"
"9,93 : 75.06"
"9,94 : 63.16"
"9,95 : 52.2"
"9,96 : 47.41"
"9,97 : 93.43"
"9,98 : 115.76"
"9,99 : 60.53"
"10,0 : 4.12"
"10,1 : 68.54"
"10,2 : 20.62"
"10,3 : 16.28"
"10,4 : 56.8"
"10,5 : 57.49"
"10,6 : 61.27"
"10,7 : 40.22"
"10,8 : 36.14"
"10,9 : 27.29"
"10,10 : 0.0"
"10,11 : 83.19"
"10,12 : 76.28"
"10,13 : 46.1"
"10,14 : 12.04"
"10,15 : 29.43"
"10,16 : 24.6"
"10,17 : 70.83"
"10,18 : 18.87"
"10,19 : 17.03"
"10,20 : 57.57"
"10,21 : 87.46"
"10,22 : 42.52"
"10,23 : 6.32"
"10,24 : 61.29"
"10,25 : 17.8"
"10,26 : 45.65"
"10,27 : 33.11"
"10,28 : 29.97"
"10,29 : 46.65"
"10,30 : 71.39"
"10,31 : 23.85"
"10,32 : 17.2"
"10,33 : 21.21"
"10,34 : 20.22"
"10,35 : 42.06"
"10,36 : 46.84"
"10,37 : 53.54"
"10,38 : 34.54"
"10,39 : 26.4"
"10,40 : 52.33"
"10,41 : 72.5"
"10,42 : 84.12"
"10,43 : 49.98"
"10,44 : 64.14"
"10,45 : 39.12"
"10,46 : 52.2"
"10,47 : 46.75"
"10,48 : 18.11"
"10,49 : 34.79"
"10,50 : 72.78"
"10,51 : 51.08"
"10,52 : 54.56"
"10,53 : 79.62"
"10,54 : 8.54"
"10,55 : 74.24"
"10,56 : 36.88"
"10,57 : 36.24"
"10,58 : 9.85"
"10,59 : 61.55"
"10,60 : 40.11"
"10,61 : 28.65"
"10,62 : 28.02"
"10,63 : 39.81"
"10,64 : 43.57"
"10,65 : 34.71"
"10,66 : 64.07"
"10,67 : 76.84"
"10,68 : 26.0"
"10,69 : 27.46"
"10,70 : 50.49"
"10,71 : 23.32"
"10,72 : 38.08"
"10,73 : 17.12"
"10,74 : 42.43"
"10,75 : 46.32"
"10,76 : 11.66"
"10,77 : 7.28"
"10,78 : 52.8"
"10,79 : 37.58"
"10,80 : 80.62"
"10,81 : 43.0"
"10,82 : 43.46"
"10,83 : 67.23"
"10,84 : 14.76"
"10,85 : 48.38"
"10,86 : 60.3"
"10,87 : 19.7"
"10,88 : 28.07"
"10,89 : 45.34"
"10,90 : 43.28"
"10,91 : 48.7"
"10,92 : 34.93"
"10,93 : 53.45"
"10,94 : 50.99"
"10,95 : 26.08"
"10,96 : 20.12"
"10,97 : 72.42"
"10,98 : 88.51"
"10,99 : 41.68"
"11,0 : 86.33"
"11,1 : 15.56"
"11,2 : 99.86"
"11,3 : 67.74"
"11,4 : 26.42"
"11,5 : 89.96"
"11,6 : 21.95"
"11,7 : 51.24"
"11,8 : 61.07"
"11,9 : 101.14"
"11,10 : 83.19"
"11,11 : 0.0"
"11,12 : 81.74"
"11,13 : 93.09"
"11,14 : 72.2"
"11,15 : 62.24"
"11,16 : 99.72"
"11,17 : 54.23"
"11,18 : 102.0"
"11,19 : 91.4"
"11,20 : 28.32"
"11,21 : 83.01"
"11,22 : 83.76"
"11,23 : 87.73"
"11,24 : 75.58"
"11,25 : 88.32"
"11,26 : 96.02"
"11,27 : 90.69"
"11,28 : 61.98"
"11,29 : 70.71"
"11,30 : 24.33"
"11,31 : 104.56"
"11,32 : 68.35"
"11,33 : 78.85"
"11,34 : 91.68"
"11,35 : 54.01"
"11,36 : 120.24"
"11,37 : 94.41"
"11,38 : 92.85"
"11,39 : 57.38"
"11,40 : 128.97"
"11,41 : 68.47"
"11,42 : 78.0"
"11,43 : 61.27"
"11,44 : 19.65"
"11,45 : 88.6"
"11,46 : 32.02"
"11,47 : 43.1"
"11,48 : 68.82"
"11,49 : 85.15"
"11,50 : 54.08"
"11,51 : 32.45"
"11,52 : 81.02"
"11,53 : 4.47"
"11,54 : 91.68"
"11,55 : 32.0"
"11,56 : 48.08"
"11,57 : 76.4"
"11,58 : 93.02"
"11,59 : 29.27"
"11,60 : 77.03"
"11,61 : 61.39"
"11,62 : 55.54"
"11,63 : 101.41"
"11,64 : 54.64"
"11,65 : 116.21"
"11,66 : 21.1"
"11,67 : 14.04"
"11,68 : 65.51"
"11,69 : 84.86"
"11,70 : 51.0"
"11,71 : 59.93"
"11,72 : 93.86"
"11,73 : 90.6"
"11,74 : 80.99"
"11,75 : 63.39"
"11,76 : 84.76"
"11,77 : 88.64"
"11,78 : 128.89"
"11,79 : 67.2"
"11,80 : 4.47"
"11,81 : 109.71"
"11,82 : 39.96"
"11,83 : 73.76"
"11,84 : 84.77"
"11,85 : 59.94"
"11,86 : 46.17"
"11,87 : 72.47"
"11,88 : 76.66"
"11,89 : 84.38"
"11,90 : 46.27"
"11,91 : 123.11"
"11,92 : 88.2"
"11,93 : 31.83"
"11,94 : 40.0"
"11,95 : 62.48"
"11,96 : 73.11"
"11,97 : 16.76"
"11,98 : 85.01"
"11,99 : 41.63"
"12,0 : 80.16"
"12,1 : 70.0"
"12,2 : 74.95"
"12,3 : 65.76"
"12,4 : 69.05"
"12,5 : 26.02"
"12,6 : 70.46"
"12,7 : 85.88"
"12,8 : 44.05"
"12,9 : 103.46"
"12,10 : 76.28"
"12,11 : 81.74"
"12,12 : 0.0"
"12,13 : 118.11"
"12,14 : 67.36"
"12,15 : 50.99"
"12,16 : 100.7"
"12,17 : 27.66"
"12,18 : 85.62"
"12,19 : 67.23"
"12,20 : 60.53"
"12,21 : 12.17"
"12,22 : 36.69"
"12,23 : 82.38"
"12,24 : 15.0"
"12,25 : 93.41"
"12,26 : 118.8"
"12,27 : 50.7"
"12,28 : 86.02"
"12,29 : 29.83"
"12,30 : 57.43"
"12,31 : 79.4"
"12,32 : 77.83"
"12,33 : 91.93"
"12,34 : 64.26"
"12,35 : 90.82"
"12,36 : 76.03"
"12,37 : 34.06"
"12,38 : 51.2"
"12,39 : 72.42"
"12,40 : 86.09"
"12,41 : 13.34"
"12,42 : 11.4"
"12,43 : 30.53"
"12,44 : 76.42"
"12,45 : 43.17"
"12,46 : 62.59"
"12,47 : 84.31"
"12,48 : 60.88"
"12,49 : 106.08"
"12,50 : 28.16"
"12,51 : 65.0"
"12,52 : 23.09"
"12,53 : 77.52"
"12,54 : 81.49"
"12,55 : 50.22"
"12,56 : 75.59"
"12,57 : 40.31"
"12,58 : 81.88"
"12,59 : 86.88"
"12,60 : 106.04"
"12,61 : 83.82"
"12,62 : 71.28"
"12,63 : 55.15"
"12,64 : 41.18"
"12,65 : 87.66"
"12,66 : 79.63"
"12,67 : 67.74"
"12,68 : 85.43"
"12,69 : 52.0"
"12,70 : 38.28"
"12,71 : 69.81"
"12,72 : 48.66"
"12,73 : 66.31"
"12,74 : 35.47"
"12,75 : 102.22"
"12,76 : 87.01"
"12,77 : 83.22"
"12,78 : 85.15"
"12,79 : 39.62"
"12,80 : 83.29"
"12,81 : 63.0"
"12,82 : 64.26"
"12,83 : 10.3"
"12,84 : 89.64"
"12,85 : 32.76"
"12,86 : 37.12"
"12,87 : 57.01"
"12,88 : 96.26"
"12,89 : 34.21"
"12,90 : 83.67"
"12,91 : 79.06"
"12,92 : 107.49"
"12,93 : 60.21"
"12,94 : 86.03"
"12,95 : 55.23"
"12,96 : 56.4"
"12,97 : 65.28"
"12,98 : 12.65"
"12,99 : 69.46"
"13,0 : 43.66"
"13,1 : 83.36"
"13,2 : 61.98"
"13,3 : 52.4"
"13,4 : 72.03"
"13,5 : 102.63"
"13,6 : 75.5"
"13,7 : 42.95"
"13,8 : 74.28"
"13,9 : 29.43"
"13,10 : 46.1"
"13,11 : 93.09"
"13,12 : 118.11"
"13,13 : 0.0"
"13,14 : 51.4"
"13,15 : 67.18"
"13,16 : 31.14"
"13,17 : 105.39"
"13,18 : 52.09"
"13,19 : 62.3"
"13,20 : 78.11"
"13,21 : 128.08"
"13,22 : 87.66"
"13,23 : 42.06"
"13,24 : 103.32"
"13,25 : 29.12"
"13,26 : 3.61"
"13,27 : 79.2"
"13,28 : 35.34"
"13,29 : 88.53"
"13,30 : 93.3"
"13,31 : 62.29"
"13,32 : 40.31"
"13,33 : 26.4"
"13,34 : 65.79"
"13,35 : 39.32"
"13,36 : 87.21"
"13,37 : 99.36"
"13,38 : 80.62"
"13,39 : 47.71"
"13,40 : 89.09"
"13,41 : 111.4"
"13,42 : 123.99"
"13,43 : 88.53"
"13,44 : 74.55"
"13,45 : 85.0"
"13,46 : 72.11"
"13,47 : 50.49"
"13,48 : 57.49"
"13,49 : 12.04"
"13,50 : 107.07"
"13,51 : 69.57"
"13,52 : 98.41"
"13,53 : 91.35"
"13,54 : 46.32"
"13,55 : 99.72"
"13,56 : 50.33"
"13,57 : 80.21"
"13,58 : 47.07"
"13,59 : 64.0"
"13,60 : 16.12"
"13,61 : 37.12"
"13,62 : 49.4"
"13,63 : 85.38"
"13,64 : 79.03"
"13,65 : 68.12"
"13,66 : 72.25"
"13,67 : 93.74"
"13,68 : 34.13"
"13,69 : 73.36"
"13,70 : 84.63"
"13,71 : 49.2"
"13,72 : 84.17"
"13,73 : 62.63"
"13,74 : 87.09"
"13,75 : 30.15"
"13,76 : 34.54"
"13,77 : 41.76"
"13,78 : 90.05"
"13,79 : 78.57"
"13,80 : 89.02"
"13,81 : 87.1"
"13,82 : 64.08"
"13,83 : 108.19"
"13,84 : 31.38"
"13,85 : 86.45"
"13,86 : 92.44"
"13,87 : 62.2"
"13,88 : 22.02"
"13,89 : 90.43"
"13,90 : 47.85"
"13,91 : 88.05"
"13,92 : 11.18"
"13,93 : 74.67"
"13,94 : 53.15"
"13,95 : 62.94"
"13,96 : 63.01"
"13,97 : 90.24"
"13,98 : 129.45"
"13,99 : 58.87"
"14,0 : 16.0"
"14,1 : 57.25"
"14,2 : 28.28"
"14,3 : 4.47"
"14,4 : 45.79"
"14,5 : 51.48"
"14,6 : 50.25"
"14,7 : 33.84"
"14,8 : 25.08"
"14,9 : 37.95"
"14,10 : 12.04"
"14,11 : 72.2"
"14,12 : 67.36"
"14,13 : 51.4"
"14,14 : 0.0"
"14,15 : 18.03"
"14,16 : 35.44"
"14,17 : 59.48"
"14,18 : 30.08"
"14,19 : 21.1"
"14,20 : 45.88"
"14,21 : 78.01"
"14,22 : 36.67"
"14,23 : 18.03"
"14,24 : 52.4"
"14,25 : 26.42"
"14,26 : 51.74"
"14,27 : 31.06"
"14,28 : 26.02"
"14,29 : 37.54"
"14,30 : 59.44"
"14,31 : 32.65"
"14,32 : 13.15"
"14,33 : 25.0"
"14,34 : 22.85"
"14,35 : 36.88"
"14,36 : 52.35"
"14,37 : 49.04"
"14,38 : 33.02"
"14,39 : 17.49"
"14,40 : 59.41"
"14,41 : 62.27"
"14,42 : 74.33"
"14,43 : 39.36"
"14,44 : 53.6"
"14,45 : 35.17"
"14,46 : 40.72"
"14,47 : 38.95"
"14,48 : 6.71"
"14,49 : 39.41"
"14,50 : 61.4"
"14,51 : 39.82"
"14,52 : 47.01"
"14,53 : 68.48"
"14,54 : 20.4"
"14,55 : 62.2"
"14,56 : 28.02"
"14,57 : 28.84"
"14,58 : 21.59"
"14,59 : 52.63"
"14,60 : 41.79"
"14,61 : 24.08"
"14,62 : 18.6"
"14,63 : 40.2"
"14,64 : 32.02"
"14,65 : 44.2"
"14,66 : 53.91"
"14,67 : 65.19"
"14,68 : 23.09"
"14,69 : 24.19"
"14,70 : 38.83"
"14,71 : 13.6"
"14,72 : 36.12"
"14,73 : 20.59"
"14,74 : 35.85"
"14,75 : 44.01"
"14,76 : 20.12"
"14,77 : 19.03"
"14,78 : 59.64"
"14,79 : 27.8"
"14,80 : 69.89"
"14,81 : 45.61"
"14,82 : 32.25"
"14,83 : 57.8"
"14,84 : 22.47"
"14,85 : 37.58"
"14,86 : 48.51"
"14,87 : 10.82"
"14,88 : 30.41"
"14,89 : 39.36"
"14,90 : 35.78"
"14,91 : 54.71"
"14,92 : 40.46"
"14,93 : 41.79"
"14,94 : 43.05"
"14,95 : 14.32"
"14,96 : 11.66"
"14,97 : 60.75"
"14,98 : 79.2"
"14,99 : 31.24"
"15,0 : 33.54"
"15,1 : 46.69"
"15,2 : 39.56"
"15,3 : 15.26"
"15,4 : 37.2"
"15,5 : 39.81"
"15,6 : 41.23"
"15,7 : 38.47"
"15,8 : 7.21"
"15,9 : 55.97"
"15,10 : 29.43"
"15,11 : 62.24"
"15,12 : 50.99"
"15,13 : 67.18"
"15,14 : 18.03"
"15,15 : 0.0"
"15,16 : 53.45"
"15,17 : 41.48"
"15,18 : 45.28"
"15,19 : 30.46"
"15,20 : 34.06"
"15,21 : 60.96"
"15,22 : 27.02"
"15,23 : 35.69"
"15,24 : 36.4"
"15,25 : 44.28"
"15,26 : 68.01"
"15,27 : 29.15"
"15,28 : 35.78"
"15,29 : 21.95"
"15,30 : 45.19"
"15,31 : 44.6"
"15,32 : 26.87"
"15,33 : 41.23"
"15,34 : 30.02"
"15,35 : 42.95"
"15,36 : 58.0"
"15,37 : 40.0"
"15,38 : 31.38"
"15,39 : 22.47"
"15,40 : 66.84"
"15,41 : 44.65"
"15,42 : 57.01"
"15,43 : 21.63"
"15,44 : 46.04"
"15,45 : 29.12"
"15,46 : 30.48"
"15,47 : 40.05"
"15,48 : 11.4"
"15,49 : 55.17"
"15,50 : 43.42"
"15,51 : 30.81"
"15,52 : 33.24"
"15,53 : 58.05"
"15,54 : 37.05"
"15,55 : 46.32"
"15,56 : 29.02"
"15,57 : 18.03"
"15,58 : 38.01"
"15,59 : 49.65"
"15,60 : 55.22"
"15,61 : 33.54"
"15,62 : 21.84"
"15,63 : 39.96"
"15,64 : 14.14"
"15,65 : 56.08"
"15,66 : 47.51"
"15,67 : 52.7"
"15,68 : 34.67"
"15,69 : 22.8"
"15,70 : 21.1"
"15,71 : 19.24"
"15,72 : 33.11"
"15,73 : 29.55"
"15,74 : 25.02"
"15,75 : 53.14"
"15,76 : 38.08"
"15,77 : 36.67"
"15,78 : 66.71"
"15,79 : 12.08"
"15,80 : 60.88"
"15,81 : 47.8"
"15,82 : 24.6"
"15,83 : 41.01"
"15,84 : 40.25"
"15,85 : 19.72"
"15,86 : 31.02"
"15,87 : 11.4"
"15,88 : 45.28"
"15,89 : 29.02"
"15,90 : 38.01"
"15,91 : 60.88"
"15,92 : 56.73"
"15,93 : 30.41"
"15,94 : 43.29"
"15,95 : 4.24"
"15,96 : 11.7"
"15,97 : 48.26"
"15,98 : 62.29"
"15,99 : 26.93"
"16,0 : 20.59"
"16,1 : 86.49"
"16,2 : 33.11"
"16,3 : 38.83"
"16,4 : 74.33"
"16,5 : 80.66"
"16,6 : 78.64"
"16,7 : 50.09"
"16,8 : 60.41"
"16,9 : 2.83"
"16,10 : 24.6"
"16,11 : 99.72"
"16,12 : 100.7"
"16,13 : 31.14"
"16,14 : 35.44"
"16,15 : 53.45"
"16,16 : 0.0"
"16,17 : 94.92"
"16,18 : 21.84"
"16,19 : 36.24"
"16,20 : 77.23"
"16,21 : 112.0"
"16,22 : 65.95"
"16,23 : 18.36"
"16,24 : 85.76"
"16,25 : 11.4"
"16,26 : 29.0"
"16,27 : 54.56"
"16,28 : 38.48"
"16,29 : 71.2"
"16,30 : 92.05"
"16,31 : 32.28"
"16,32 : 32.14"
"16,33 : 21.47"
"16,34 : 39.82"
"16,35 : 49.4"
"16,36 : 56.72"
"16,37 : 75.74"
"16,38 : 55.44"
"16,39 : 43.29"
"16,40 : 58.01"
"16,41 : 97.08"
"16,42 : 108.71"
"16,43 : 74.46"
"16,44 : 80.08"
"16,45 : 61.52"
"16,46 : 71.34"
"16,47 : 58.18"
"16,48 : 42.06"
"16,49 : 24.6"
"16,50 : 96.84"
"16,51 : 69.58"
"16,52 : 78.6"
"16,53 : 96.77"
"16,54 : 19.8"
"16,55 : 96.13"
"16,56 : 51.66"
"16,57 : 60.46"
"16,58 : 19.85"
"16,59 : 73.82"
"16,60 : 34.67"
"16,61 : 38.63"
"16,62 : 45.28"
"16,63 : 58.31"
"16,64 : 67.45"
"16,65 : 37.01"
"16,66 : 79.06"
"16,67 : 95.89"
"16,68 : 34.54"
"16,69 : 50.25"
"16,70 : 74.22"
"16,71 : 42.01"
"16,72 : 59.03"
"16,73 : 36.88"
"16,74 : 66.22"
"16,75 : 47.38"
"16,76 : 16.03"
"16,77 : 17.49"
"16,78 : 59.0"
"16,79 : 62.17"
"16,80 : 96.46"
"16,81 : 58.31"
"16,82 : 62.29"
"16,83 : 91.79"
"16,84 : 15.13"
"16,85 : 72.8"
"16,86 : 83.74"
"16,87 : 44.28"
"16,88 : 26.25"
"16,89 : 68.77"
"16,90 : 54.63"
"16,91 : 57.31"
"16,92 : 22.47"
"16,93 : 73.17"
"16,94 : 62.17"
"16,95 : 49.73"
"16,96 : 44.72"
"16,97 : 91.66"
"16,98 : 113.02"
"16,99 : 58.86"
"17,0 : 74.95"
"17,1 : 43.42"
"17,2 : 77.06"
"17,3 : 56.3"
"17,4 : 44.78"
"17,5 : 42.52"
"17,6 : 45.22"
"17,7 : 67.21"
"17,8 : 34.71"
"17,9 : 97.42"
"17,10 : 70.83"
"17,11 : 54.23"
"17,12 : 27.66"
"17,13 : 105.39"
"17,14 : 59.48"
"17,15 : 41.48"
"17,16 : 94.92"
"17,17 : 0.0"
"17,18 : 85.21"
"17,19 : 68.01"
"17,20 : 35.85"
"17,21 : 29.61"
"17,22 : 44.01"
"17,23 : 77.13"
"17,24 : 25.46"
"17,25 : 85.44"
"17,26 : 106.85"
"17,27 : 56.75"
"17,28 : 70.6"
"17,29 : 30.08"
"17,30 : 30.02"
"17,31 : 82.1"
"17,32 : 66.19"
"17,33 : 80.95"
"17,34 : 66.12"
"17,35 : 72.18"
"17,36 : 86.98"
"17,37 : 49.41"
"17,38 : 58.24"
"17,39 : 57.69"
"17,40 : 97.08"
"17,41 : 14.32"
"17,42 : 24.52"
"17,43 : 22.02"
"17,44 : 50.96"
"17,45 : 50.92"
"17,46 : 39.45"
"17,47 : 63.6"
"17,48 : 52.89"
"17,49 : 93.81"
"17,50 : 2.0"
"17,51 : 42.19"
"17,52 : 34.41"
"17,53 : 50.09"
"17,54 : 78.09"
"17,55 : 22.56"
"17,56 : 57.28"
"17,57 : 41.59"
"17,58 : 78.92"
"17,59 : 62.77"
"17,60 : 91.21"
"17,61 : 68.6"
"17,62 : 56.04"
"17,63 : 65.19"
"17,64 : 27.51"
"17,65 : 92.54"
"17,66 : 54.41"
"17,67 : 40.2"
"17,68 : 71.28"
"17,69 : 54.45"
"17,70 : 21.02"
"17,71 : 56.44"
"17,72 : 57.25"
"17,73 : 67.01"
"17,74 : 41.44"
"17,75 : 84.17"
"17,76 : 79.38"
"17,77 : 78.1"
"17,78 : 96.46"
"17,79 : 35.0"
"17,80 : 56.01"
"17,81 : 74.09"
"17,82 : 43.93"
"17,83 : 21.1"
"17,84 : 81.34"
"17,85 : 23.02"
"17,86 : 13.45"
"17,87 : 51.62"
"17,88 : 83.53"
"17,89 : 42.95"
"17,90 : 63.89"
"17,91 : 90.14"
"17,92 : 95.88"
"17,93 : 36.72"
"17,94 : 64.35"
"17,95 : 45.22"
"17,96 : 51.48"
"17,97 : 38.0"
"17,98 : 31.58"
"17,99 : 49.58"
"18,0 : 16.28"
"18,1 : 87.24"
"18,2 : 12.04"
"18,3 : 34.54"
"18,4 : 75.59"
"18,5 : 62.97"
"18,6 : 80.06"
"18,7 : 58.05"
"18,8 : 51.01"
"18,9 : 24.35"
"18,10 : 18.87"
"18,11 : 102.0"
"18,12 : 85.62"
"18,13 : 52.09"
"18,14 : 30.08"
"18,15 : 45.28"
"18,16 : 21.84"
"18,17 : 85.21"
"18,18 : 0.0"
"18,19 : 18.38"
"18,20 : 75.96"
"18,21 : 97.5"
"18,22 : 49.19"
"18,23 : 15.62"
"18,24 : 71.17"
"18,25 : 24.52"
"18,26 : 50.36"
"18,27 : 36.06"
"18,28 : 47.01"
"18,29 : 57.72"
"18,30 : 89.29"
"18,31 : 10.44"
"18,32 : 35.38"
"18,33 : 33.62"
"18,34 : 21.47"
"18,35 : 59.2"
"18,36 : 35.13"
"18,37 : 57.01"
"18,38 : 36.4"
"18,39 : 45.22"
"18,40 : 37.66"
"18,41 : 84.4"
"18,42 : 94.87"
"18,43 : 63.39"
"18,44 : 83.01"
"18,45 : 43.57"
"18,46 : 70.77"
"18,47 : 65.07"
"18,48 : 34.93"
"18,49 : 43.29"
"18,50 : 87.21"
"18,51 : 69.78"
"18,52 : 62.65"
"18,53 : 98.39"
"18,54 : 10.63"
"18,55 : 91.41"
"18,56 : 55.61"
"18,57 : 45.88"
"18,58 : 9.22"
"18,59 : 80.16"
"18,60 : 51.66"
"18,61 : 46.1"
"18,62 : 46.87"
"18,63 : 37.64"
"18,64 : 59.08"
"18,65 : 17.46"
"18,66 : 82.93"
"18,67 : 95.27"
"18,68 : 42.8"
"18,69 : 33.62"
"18,70 : 66.07"
"18,71 : 42.19"
"18,72 : 39.82"
"18,73 : 19.31"
"18,74 : 50.16"
"18,75 : 61.27"
"18,76 : 22.36"
"18,77 : 15.0"
"18,78 : 38.47"
"18,79 : 50.36"
"18,80 : 99.48"
"18,81 : 36.67"
"18,82 : 62.17"
"18,83 : 77.79"
"18,84 : 24.7"
"18,85 : 62.2"
"18,86 : 76.11"
"18,87 : 34.06"
"18,88 : 40.5"
"18,89 : 51.88"
"18,90 : 61.52"
"18,91 : 36.0"
"18,92 : 42.05"
"18,93 : 71.87"
"18,94 : 69.31"
"18,95 : 42.76"
"18,96 : 34.01"
"18,97 : 90.82"
"18,98 : 98.23"
"18,99 : 60.54"
"19,0 : 18.68"
"19,1 : 76.03"
"19,2 : 9.22"
"19,3 : 25.0"
"19,4 : 65.3"
"19,5 : 45.0"
"19,6 : 69.66"
"19,7 : 54.63"
"19,8 : 34.93"
"19,9 : 39.05"
"19,10 : 17.03"
"19,11 : 91.4"
"19,12 : 67.23"
"19,13 : 62.3"
"19,14 : 21.1"
"19,15 : 30.46"
"19,16 : 36.24"
"19,17 : 68.01"
"19,18 : 18.38"
"19,19 : 0.0"
"19,20 : 63.81"
"19,21 : 79.12"
"19,22 : 30.89"
"19,23 : 20.25"
"19,24 : 52.81"
"19,25 : 33.24"
"19,26 : 61.47"
"19,27 : 18.38"
"19,28 : 45.61"
"19,29 : 39.62"
"19,30 : 75.64"
"19,31 : 14.32"
"19,32 : 32.28"
"19,33 : 38.21"
"19,34 : 3.61"
"19,35 : 57.25"
"19,36 : 31.3"
"19,37 : 39.6"
"19,38 : 19.21"
"19,39 : 38.59"
"19,40 : 38.42"
"19,41 : 66.29"
"19,42 : 76.54"
"19,43 : 46.0"
"19,44 : 73.59"
"19,45 : 25.61"
"19,46 : 59.41"
"19,47 : 60.03"
"19,48 : 22.67"
"19,49 : 51.42"
"19,50 : 70.01"
"19,51 : 59.03"
"19,52 : 44.28"
"19,53 : 87.42"
"19,54 : 16.64"
"19,55 : 76.54"
"19,56 : 49.09"
"19,57 : 27.66"
"19,58 : 16.4"
"19,59 : 73.6"
"19,60 : 57.14"
"19,61 : 43.97"
"19,62 : 39.66"
"19,63 : 23.09"
"19,64 : 43.17"
"19,65 : 25.63"
"19,66 : 74.25"
"19,67 : 82.86"
"19,68 : 41.98"
"19,69 : 15.23"
"19,70 : 50.01"
"19,71 : 34.67"
"19,72 : 22.8"
"19,73 : 1.0"
"19,74 : 31.78"
"19,75 : 62.8"
"19,76 : 27.89"
"19,77 : 20.62"
"19,78 : 38.6"
"19,79 : 33.02"
"19,80 : 89.5"
"19,81 : 26.02"
"19,82 : 51.74"
"19,83 : 59.48"
"19,84 : 31.05"
"19,85 : 45.04"
"19,86 : 60.02"
"19,87 : 19.24"
"19,88 : 45.1"
"19,89 : 33.62"
"19,90 : 56.82"
"19,91 : 33.62"
"19,92 : 51.24"
"19,93 : 59.91"
"19,94 : 64.14"
"19,95 : 29.15"
"19,96 : 18.79"
"19,97 : 78.39"
"19,98 : 79.85"
"19,99 : 51.66"
"20,0 : 61.13"
"20,1 : 12.81"
"20,2 : 72.56"
"20,3 : 41.44"
"20,4 : 8.94"
"20,5 : 63.6"
"20,6 : 10.0"
"20,7 : 35.78"
"20,8 : 32.8"
"20,9 : 79.1"
"20,10 : 57.57"
"20,11 : 28.32"
"20,12 : 60.53"
"20,13 : 78.11"
"20,14 : 45.88"
"20,15 : 34.06"
"20,16 : 77.23"
"20,17 : 35.85"
"20,18 : 75.96"
"20,19 : 63.81"
"20,20 : 0.0"
"20,21 : 65.15"
"20,22 : 55.95"
"20,23 : 62.82"
"20,24 : 51.16"
"20,25 : 66.07"
"20,26 : 80.36"
"20,27 : 62.37"
"20,28 : 43.17"
"20,29 : 43.66"
"20,30 : 15.3"
"20,31 : 77.41"
"20,32 : 45.1"
"20,33 : 58.14"
"20,34 : 63.82"
"20,35 : 40.31"
"20,36 : 92.02"
"20,37 : 67.23"
"20,38 : 64.54"
"20,39 : 34.01"
"20,40 : 100.9"
"20,41 : 48.27"
"20,42 : 60.08"
"20,43 : 34.93"
"20,44 : 16.0"
"20,45 : 60.46"
"20,46 : 6.08"
"20,47 : 30.0"
"20,48 : 41.59"
"20,49 : 67.91"
"20,50 : 36.67"
"20,51 : 8.54"
"20,52 : 54.82"
"20,53 : 24.04"
"20,54 : 66.1"
"20,55 : 21.95"
"20,56 : 27.89"
"20,57 : 48.26"
"20,58 : 67.36"
"20,59 : 26.93"
"20,60 : 62.39"
"20,61 : 41.77"
"20,62 : 32.02"
"20,63 : 73.11"
"20,64 : 26.83"
"20,65 : 89.07"
"20,66 : 19.1"
"20,67 : 19.31"
"20,68 : 45.54"
"20,69 : 56.57"
"20,70 : 24.52"
"20,71 : 35.36"
"20,72 : 65.6"
"20,73 : 62.97"
"20,74 : 53.24"
"20,75 : 52.15"
"20,76 : 61.4"
"20,77 : 63.79"
"20,78 : 100.77"
"20,79 : 39.12"
"20,80 : 27.46"
"20,81 : 81.39"
"20,82 : 15.0"
"20,83 : 51.09"
"20,84 : 62.13"
"20,85 : 33.24"
"20,86 : 23.54"
"20,87 : 44.65"
"20,88 : 58.05"
"20,89 : 56.8"
"20,90 : 31.38"
"20,91 : 94.92"
"20,92 : 70.61"
"20,93 : 4.12"
"20,94 : 29.7"
"20,95 : 34.67"
"20,96 : 45.22"
"20,97 : 14.87"
"20,98 : 67.05"
"20,99 : 19.42"
"21,0 : 91.42"
"21,1 : 72.99"
"21,2 : 86.98"
"21,3 : 76.06"
"21,4 : 74.0"
"21,5 : 38.01"
"21,6 : 74.73"
"21,7 : 93.74"
"21,8 : 53.81"
"21,9 : 114.74"
"21,10 : 87.46"
"21,11 : 83.01"
"21,12 : 12.17"
"21,13 : 128.08"
"21,14 : 78.01"
"21,15 : 60.96"
"21,16 : 112.0"
"21,17 : 29.61"
"21,18 : 97.5"
"21,19 : 79.12"
"21,20 : 65.15"
"21,21 : 0.0"
"21,22 : 48.76"
"21,23 : 93.65"
"21,24 : 26.4"
"21,25 : 104.29"
"21,26 : 128.97"
"21,27 : 62.82"
"21,28 : 95.02"
"21,29 : 40.82"
"21,30 : 59.21"
"21,31 : 91.48"
"21,32 : 87.78"
"21,33 : 102.18"
"21,34 : 76.22"
"21,35 : 98.74"
"21,36 : 88.0"
"21,37 : 46.0"
"21,38 : 63.35"
"21,39 : 81.47"
"21,40 : 98.02"
"21,41 : 17.49"
"21,42 : 5.1"
"21,43 : 39.6"
"21,44 : 80.52"
"21,45 : 55.32"
"21,46 : 68.15"
"21,47 : 91.3"
"21,48 : 71.4"
"21,49 : 116.1"
"21,50 : 29.27"
"21,51 : 70.77"
"21,52 : 35.17"
"21,53 : 79.06"
"21,54 : 93.02"
"21,55 : 51.01"
"21,56 : 83.49"
"21,57 : 51.89"
"21,58 : 93.47"
"21,59 : 92.03"
"21,60 : 115.36"
"21,61 : 92.85"
"21,62 : 80.16"
"21,63 : 67.27"
"21,64 : 49.68"
"21,65 : 99.82"
"21,66 : 83.93"
"21,67 : 69.03"
"21,68 : 94.79"
"21,69 : 63.91"
"21,70 : 45.49"
"21,71 : 79.21"
"21,72 : 60.83"
"21,73 : 78.19"
"21,74 : 47.43"
"21,75 : 110.44"
"21,76 : 97.91"
"21,77 : 94.51"
"21,78 : 97.05"
"21,79 : 50.22"
"21,80 : 85.15"
"21,81 : 75.03"
"21,82 : 71.2"
"21,83 : 20.25"
"21,84 : 100.44"
"21,85 : 41.73"
"21,86 : 41.79"
"21,87 : 67.96"
"21,88 : 106.1"
"21,89 : 46.32"
"21,90 : 91.07"
"21,91 : 91.01"
"21,92 : 117.69"
"21,93 : 65.55"
"21,94 : 92.57"
"21,95 : 65.19"
"21,96 : 67.42"
"21,97 : 67.27"
"21,98 : 2.0"
"21,99 : 76.66"
"22,0 : 45.97"
"22,1 : 68.6"
"22,2 : 38.28"
"22,3 : 37.0"
"22,4 : 61.47"
"22,5 : 15.0"
"22,6 : 64.88"
"22,7 : 65.19"
"22,8 : 24.04"
"22,9 : 68.77"
"22,10 : 42.52"
"22,11 : 83.76"
"22,12 : 36.69"
"22,13 : 87.66"
"22,14 : 36.67"
"22,15 : 27.02"
"22,16 : 65.95"
"22,17 : 44.01"
"22,18 : 49.19"
"22,19 : 30.89"
"22,20 : 55.95"
"22,21 : 48.76"
"22,22 : 0.0"
"22,23 : 48.08"
"22,24 : 23.09"
"22,25 : 60.31"
"22,26 : 87.66"
"22,27 : 14.14"
"22,28 : 60.88"
"22,29 : 14.42"
"22,30 : 62.29"
"22,31 : 42.72"
"22,32 : 49.4"
"22,33 : 61.4"
"22,34 : 27.73"
"22,35 : 69.46"
"22,36 : 43.01"
"22,37 : 13.04"
"22,38 : 15.0"
"22,39 : 48.51"
"22,40 : 53.16"
"22,41 : 38.05"
"22,42 : 46.69"
"22,43 : 24.21"
"22,44 : 70.38"
"22,45 : 7.07"
"22,46 : 54.23"
"22,47 : 67.07"
"22,48 : 31.62"
"22,49 : 75.8"
"22,50 : 45.88"
"22,51 : 55.36"
"22,52 : 13.6"
"22,53 : 79.32"
"22,54 : 46.23"
"22,55 : 59.67"
"22,56 : 56.0"
"22,57 : 9.0"
"22,58 : 46.4"
"22,59 : 75.93"
"22,60 : 78.39"
"22,61 : 58.69"
"22,62 : 48.26"
"22,63 : 21.19"
"22,64 : 29.15"
"22,65 : 51.35"
"22,66 : 72.45"
"22,67 : 71.84"
"22,68 : 58.82"
"22,69 : 15.81"
"22,70 : 33.3"
"22,71 : 44.72"
"22,72 : 13.34"
"22,73 : 30.02"
"22,74 : 2.83"
"22,75 : 78.85"
"22,76 : 54.04"
"22,77 : 48.8"
"22,78 : 52.5"
"22,79 : 17.09"
"22,80 : 83.35"
"22,81 : 30.08"
"22,82 : 50.45"
"22,83 : 30.07"
"22,84 : 57.01"
"22,85 : 24.76"
"22,86 : 41.23"
"22,87 : 26.0"
"22,88 : 67.08"
"22,89 : 2.83"
"22,90 : 65.0"
"22,91 : 46.17"
"22,92 : 76.55"
"22,93 : 53.23"
"22,94 : 70.26"
"22,95 : 30.07"
"22,96 : 25.08"
"22,97 : 67.8"
"22,98 : 49.34"
"22,99 : 53.6"
"23,0 : 2.24"
"23,1 : 73.39"
"23,2 : 21.1"
"23,3 : 22.02"
"23,4 : 61.47"
"23,5 : 62.97"
"23,6 : 65.92"
"23,7 : 42.45"
"23,8 : 42.45"
"23,9 : 21.1"
"23,10 : 6.32"
"23,11 : 87.73"
"23,12 : 82.38"
"23,13 : 42.06"
"23,14 : 18.03"
"23,15 : 35.69"
"23,16 : 18.36"
"23,17 : 77.13"
"23,18 : 15.62"
"23,19 : 20.25"
"23,20 : 62.82"
"23,21 : 93.65"
"23,22 : 48.08"
"23,23 : 0.0"
"23,24 : 67.42"
"23,25 : 13.0"
"23,26 : 41.23"
"23,27 : 37.74"
"23,28 : 31.4"
"23,29 : 52.84"
"23,30 : 76.94"
"23,31 : 23.09"
"23,32 : 20.0"
"23,33 : 19.24"
"23,34 : 23.77"
"23,35 : 43.6"
"23,36 : 47.52"
"23,37 : 58.6"
"23,38 : 38.95"
"23,39 : 30.41"
"23,40 : 51.87"
"23,41 : 78.79"
"23,42 : 90.35"
"23,43 : 56.3"
"23,44 : 68.43"
"23,45 : 44.2"
"23,46 : 57.28"
"23,47 : 49.58"
"23,48 : 24.33"
"23,49 : 31.4"
"23,50 : 79.08"
"23,51 : 55.97"
"23,52 : 60.44"
"23,53 : 84.31"
"23,54 : 5.39"
"23,55 : 80.1"
"23,56 : 40.5"
"23,57 : 42.2"
"23,58 : 6.71"
"23,59 : 64.82"
"23,60 : 38.12"
"23,61 : 30.48"
"23,62 : 32.2"
"23,63 : 43.32"
"23,64 : 49.82"
"23,65 : 32.76"
"23,66 : 68.1"
"23,67 : 82.01"
"23,68 : 27.2"
"23,69 : 32.65"
"23,70 : 56.72"
"23,71 : 27.86"
"23,72 : 42.54"
"23,73 : 20.62"
"23,74 : 48.17"
"23,75 : 46.24"
"23,76 : 8.0"
"23,77 : 1.0"
"23,78 : 52.5"
"23,79 : 43.86"
"23,80 : 84.97"
"23,81 : 45.4"
"23,82 : 48.38"
"23,83 : 73.43"
"23,84 : 11.05"
"23,85 : 54.71"
"23,86 : 66.48"
"23,87 : 26.0"
"23,88 : 26.31"
"23,89 : 50.91"
"23,90 : 46.01"
"23,91 : 49.03"
"23,92 : 31.05"
"23,93 : 58.69"
"23,94 : 53.81"
"23,95 : 32.25"
"23,96 : 26.4"
"23,97 : 77.62"
"23,98 : 94.67"
"23,99 : 46.1"
"24,0 : 65.19"
"24,1 : 62.17"
"24,2 : 60.88"
"24,3 : 50.93"
"24,4 : 59.0"
"24,5 : 17.2"
"24,6 : 61.13"
"24,7 : 72.62"
"24,8 : 29.68"
"24,9 : 88.51"
"24,10 : 61.29"
"24,11 : 75.58"
"24,12 : 15.0"
"24,13 : 103.32"
"24,14 : 52.4"
"24,15 : 36.4"
"24,16 : 85.76"
"24,17 : 25.46"
"24,18 : 71.17"
"24,19 : 52.81"
"24,20 : 51.16"
"24,21 : 26.4"
"24,22 : 23.09"
"24,23 : 67.42"
"24,24 : 0.0"
"24,25 : 78.41"
"24,26 : 103.95"
"24,27 : 37.22"
"24,28 : 71.87"
"24,29 : 14.87"
"24,30 : 51.62"
"24,31 : 65.51"
"24,32 : 63.13"
"24,33 : 77.08"
"24,34 : 50.0"
"24,35 : 77.47"
"24,36 : 64.94"
"24,37 : 24.6"
"24,38 : 38.05"
"24,39 : 58.31"
"24,40 : 75.13"
"24,41 : 15.52"
"24,42 : 23.77"
"24,43 : 17.46"
"24,44 : 67.12"
"24,45 : 30.02"
"24,46 : 52.04"
"24,47 : 71.84"
"24,48 : 45.97"
"24,49 : 91.29"
"24,50 : 26.91"
"24,51 : 54.15"
"24,52 : 10.2"
"24,53 : 71.17"
"24,54 : 66.65"
"24,55 : 46.14"
"24,56 : 62.39"
"24,57 : 25.5"
"24,58 : 67.08"
"24,59 : 76.24"
"24,60 : 91.61"
"24,61 : 69.64"
"24,62 : 57.31"
"24,63 : 43.29"
"24,64 : 28.16"
"24,65 : 74.43"
"24,66 : 70.03"
"24,67 : 62.03"
"24,68 : 71.03"
"24,69 : 37.64"
"24,70 : 27.02"
"24,71 : 55.47"
"24,72 : 36.01"
"24,73 : 51.87"
"24,74 : 21.38"
"24,75 : 88.55"
"24,76 : 72.01"
"24,77 : 68.26"
"24,78 : 74.33"
"24,79 : 24.76"
"24,80 : 76.4"
"24,81 : 51.79"
"24,82 : 52.17"
"24,83 : 7.0"
"24,84 : 74.65"
"24,85 : 19.65"
"24,86 : 29.41"
"24,87 : 42.01"
"24,88 : 81.57"
"24,89 : 21.0"
"24,90 : 70.84"
"24,91 : 68.07"
"24,92 : 92.63"
"24,93 : 50.0"
"24,94 : 73.98"
"24,95 : 40.61"
"24,96 : 41.4"
"24,97 : 58.82"
"24,98 : 27.29"
"24,99 : 57.01"
"25,0 : 14.76"
"25,1 : 75.13"
"25,2 : 33.14"
"25,3 : 29.15"
"25,4 : 62.97"
"25,5 : 75.29"
"25,6 : 67.27"
"25,7 : 38.95"
"25,8 : 51.43"
"25,9 : 13.04"
"25,10 : 17.8"
"25,11 : 88.32"
"25,12 : 93.41"
"25,13 : 29.12"
"25,14 : 26.42"
"25,15 : 44.28"
"25,16 : 11.4"
"25,17 : 85.44"
"25,18 : 24.52"
"25,19 : 33.24"
"25,20 : 66.07"
"25,21 : 104.29"
"25,22 : 60.31"
"25,23 : 13.0"
"25,24 : 78.41"
"25,25 : 0.0"
"25,26 : 28.23"
"25,27 : 50.61"
"25,28 : 27.29"
"25,29 : 63.6"
"25,30 : 81.0"
"25,31 : 34.06"
"25,32 : 21.0"
"25,33 : 10.63"
"25,34 : 36.77"
"25,35 : 38.6"
"25,36 : 59.03"
"25,37 : 71.28"
"25,38 : 51.88"
"25,39 : 32.06"
"25,40 : 62.17"
"25,41 : 88.68"
"25,42 : 100.7"
"25,43 : 65.76"
"25,44 : 68.68"
"25,45 : 56.86"
"25,46 : 60.13"
"25,47 : 46.96"
"25,48 : 33.12"
"25,49 : 19.0"
"25,50 : 87.32"
"25,51 : 58.31"
"25,52 : 72.14"
"25,53 : 85.38"
"25,54 : 17.26"
"25,55 : 85.38"
"25,56 : 40.26"
"25,57 : 53.76"
"25,58 : 18.11"
"25,59 : 62.61"
"25,60 : 27.2"
"25,61 : 27.31"
"25,62 : 34.06"
"25,63 : 56.3"
"25,64 : 57.94"
"25,65 : 41.76"
"25,66 : 67.68"
