x,y
89,76
38,43
74,72
56,55
49,53
78,41
57,13
99,25
38,41
45,12
69,90
95,28
23,34
70,88
6,54
43,60
15,22
61,11
44,54
35,97
100,42
82,11
15,39
68,53
10,27
92,11
83,49
41,15
89,25
30,26
93,21
60,55
65,76
26,24
86,27
97,38
72,16
3,46
35,100
78,98
65,7
83,78
94,3
83,50
12,81
99,23
56,69
51,31
87,82
46,93
40,88
4,66
79,54
92,42
57,14
56,17
18,60
77,95
16,53
43,75
51,23
18,56
38,61
0,67
21,5
86,12
1,46
23,30
99,79
100,80
92,68
31,57
89,5
72,50
11,60
55,9
66,57
15,41
46,13
65,88
43,57
40,94
48,98
62,67
49,37
74,61
88,92
0,63
91,16
99,36
15,22
40,8
72,56
96,45
62,47
80,62
64,27
72,37
34,63
95,30

Distanze
"0,0 : 0.0"
"0,1 : 63.6"
"0,2 : 57.38"
"0,3 : 25.3"
"0,4 : 12.17"
"0,5 : 85.91"
"0,6 : 35.0"
"0,7 : 25.71"
"0,8 : 21.19"
"0,9 : 13.04"
"0,10 : 59.23"
"0,11 : 69.46"
"0,12 : 30.46"
"0,13 : 18.79"
"0,14 : 68.95"
"0,15 : 43.27"
"0,16 : 51.16"
"0,17 : 29.12"
"0,18 : 31.78"
"0,19 : 26.08"
"0,20 : 23.77"
"0,21 : 53.15"
"0,22 : 39.36"
"0,23 : 7.28"
"0,24 : 43.57"
"0,25 : 43.01"
"0,26 : 49.41"
"0,27 : 41.4"
"0,28 : 41.62"
"0,29 : 27.59"
"0,30 : 11.4"
"0,31 : 72.9"
"0,32 : 33.02"
"0,33 : 67.23"
"0,34 : 7.07"
"0,35 : 79.98"
"0,36 : 63.13"
"0,37 : 43.19"
"0,38 : 48.51"
"0,39 : 44.38"
"0,40 : 65.86"
"0,41 : 54.92"
"0,42 : 62.82"
"0,43 : 50.64"
"0,44 : 17.03"
"0,45 : 53.25"
"0,46 : 68.41"
"0,47 : 70.43"
"0,48 : 51.01"
"0,49 : 71.34"
"0,50 : 46.87"
"0,51 : 37.0"
"0,52 : 55.95"
"0,53 : 61.13"
"0,54 : 76.61"
"0,55 : 60.41"
"0,56 : 59.0"
"0,57 : 57.38"
"0,58 : 40.46"
"0,59 : 55.23"
"0,60 : 53.08"
"0,61 : 74.69"
"0,62 : 17.09"
"0,63 : 26.08"
"0,64 : 36.4"
"0,65 : 43.27"
"0,66 : 74.0"
"0,67 : 38.29"
"0,68 : 55.32"
"0,69 : 13.04"
"0,70 : 48.55"
"0,71 : 55.97"
"0,72 : 22.63"
"0,73 : 56.32"
"0,74 : 31.4"
"0,75 : 65.62"
"0,76 : 59.08"
"0,77 : 54.92"
"0,78 : 64.56"
"0,79 : 11.7"
"0,80 : 6.0"
"0,81 : 27.51"
"0,82 : 69.12"
"0,83 : 70.41"
"0,84 : 40.82"
"0,85 : 29.41"
"0,86 : 5.1"
"0,87 : 63.29"
"0,88 : 26.91"
"0,89 : 88.39"
"0,90 : 11.05"
"0,91 : 29.12"
"0,92 : 26.25"
"0,93 : 54.71"
"0,94 : 21.26"
"0,95 : 25.08"
"0,96 : 74.89"
"0,97 : 71.11"
"0,98 : 49.04"
"0,99 : 16.4"
"1,0 : 63.6"
"1,1 : 0.0"
"1,2 : 8.94"
"1,3 : 85.59"
"1,4 : 66.19"
"1,5 : 73.17"
"1,6 : 41.23"
"1,7 : 37.95"
"1,8 : 42.45"
"1,9 : 75.93"
"1,10 : 6.71"
"1,11 : 12.81"
"1,12 : 50.01"
"1,13 : 63.51"
"1,14 : 118.09"
"1,15 : 100.7"
"1,16 : 24.17"
"1,17 : 69.72"
"1,18 : 32.39"
"1,19 : 50.45"
"1,20 : 52.15"
"1,21 : 96.26"
"1,22 : 68.25"
"1,23 : 69.86"
"1,24 : 100.4"
"1,25 : 86.98"
"1,26 : 66.24"
"1,27 : 99.98"
"1,28 : 63.82"
"1,29 : 80.02"
"1,30 : 64.85"
"1,31 : 51.16"
"1,32 : 91.79"
"1,33 : 8.06"
"1,34 : 57.49"
"1,35 : 72.03"
"1,36 : 78.92"
"1,37 : 34.93"
"1,38 : 28.18"
"1,39 : 19.31"
"1,40 : 63.15"
"1,41 : 71.11"
"1,42 : 91.42"
"1,43 : 28.23"
"1,44 : 50.25"
"1,45 : 50.92"
"1,46 : 5.0"
"1,47 : 74.95"
"1,48 : 19.72"
"1,49 : 26.93"
"1,50 : 23.41"
"1,51 : 39.7"
"1,52 : 46.57"
"1,53 : 97.42"
"1,54 : 81.58"
"1,55 : 11.05"
"1,56 : 98.23"
"1,57 : 40.79"
"1,58 : 99.85"
"1,59 : 92.01"
"1,60 : 17.0"
"1,61 : 16.16"
"1,62 : 77.93"
"1,63 : 76.84"
"1,64 : 27.2"
"1,65 : 65.46"
"1,66 : 22.2"
"1,67 : 32.76"
"1,68 : 30.81"
"1,69 : 61.29"
"1,70 : 105.12"
"1,71 : 58.19"
"1,72 : 84.17"
"1,73 : 105.42"
"1,74 : 80.31"
"1,75 : 108.58"
"1,76 : 19.21"
"1,77 : 10.63"
"1,78 : 112.43"
"1,79 : 75.29"
"1,80 : 69.38"
"1,81 : 52.61"
"1,82 : 54.04"
"1,83 : 32.98"
"1,84 : 66.4"
"1,85 : 91.92"
"1,86 : 68.68"
"1,87 : 12.17"
"1,88 : 87.66"
"1,89 : 81.01"
"1,90 : 66.64"
"1,91 : 42.01"
"1,92 : 53.46"
"1,93 : 36.14"
"1,94 : 58.01"
"1,95 : 39.4"
"1,96 : 60.01"
"1,97 : 13.34"
"1,98 : 63.53"
"1,99 : 77.47"
"2,0 : 57.38"
"2,1 : 8.94"
"2,2 : 0.0"
"2,3 : 78.26"
"2,4 : 61.29"
"2,5 : 78.09"
"2,6 : 32.56"
"2,7 : 32.25"
"2,8 : 36.25"
"2,9 : 69.26"
"2,10 : 11.18"
"2,11 : 21.26"
"2,12 : 41.44"
"2,13 : 59.55"
"2,14 : 115.52"
"2,15 : 96.4"
"2,16 : 26.08"
"2,17 : 61.29"
"2,18 : 25.63"
"2,19 : 47.51"
"2,20 : 44.0"
"2,21 : 94.2"
"2,22 : 66.89"
"2,23 : 63.25"
"2,24 : 96.21"
"2,25 : 84.5"
"2,26 : 66.48"
"2,27 : 95.44"
"2,28 : 63.06"
"2,29 : 72.03"
"2,30 : 59.91"
"2,31 : 56.29"
"2,32 : 87.09"
"2,33 : 9.85"
"2,34 : 50.92"
"2,35 : 76.24"
"2,36 : 80.08"
"2,37 : 26.0"
"2,38 : 29.43"
"2,39 : 14.87"
"2,40 : 66.12"
"2,41 : 71.78"
"2,42 : 91.29"
"2,43 : 30.15"
"2,44 : 42.95"
"2,45 : 52.77"
"2,46 : 13.6"
"2,47 : 77.52"
"2,48 : 21.1"
"2,49 : 34.13"
"2,50 : 14.56"
"2,51 : 38.47"
"2,52 : 49.16"
"2,53 : 96.38"
"2,54 : 84.38"
"2,55 : 16.55"
"2,56 : 96.8"
"2,57 : 44.0"
"2,58 : 95.13"
"2,59 : 90.74"
"2,60 : 19.0"
"2,61 : 17.8"
"2,62 : 70.83"
"2,63 : 73.0"
"2,64 : 21.63"
"2,65 : 64.85"
"2,66 : 30.41"
"2,67 : 24.19"
"2,68 : 34.01"
"2,69 : 56.61"
"2,70 : 101.04"
"2,71 : 60.02"
"2,72 : 78.77"
"2,73 : 102.65"
"2,74 : 72.06"
"2,75 : 106.83"
"2,76 : 11.7"
"2,77 : 12.04"
"2,78 : 109.99"
"2,79 : 69.08"
"2,80 : 62.97"
"2,81 : 44.18"
"2,82 : 58.31"
"2,83 : 39.4"
"2,84 : 65.37"
"2,85 : 86.31"
"2,86 : 62.39"
"2,87 : 18.87"
"2,88 : 82.49"
"2,89 : 85.48"
"2,90 : 61.59"
"2,91 : 39.05"
"2,92 : 45.1"
"2,93 : 39.01"
"2,94 : 54.45"
"2,95 : 34.41"
"2,96 : 64.63"
"2,97 : 14.21"
"2,98 : 63.91"
"2,99 : 72.07"
"3,0 : 25.3"
"3,1 : 85.59"
"3,2 : 78.26"
"3,3 : 0.0"
"3,4 : 32.8"
"3,5 : 109.86"
"3,6 : 49.24"
"3,7 : 49.04"
"3,8 : 44.01"
"3,9 : 13.04"
"3,10 : 82.1"
"3,11 : 93.0"
"3,12 : 41.18"
"3,13 : 40.61"
"3,14 : 73.01"
"3,15 : 44.0"
"3,16 : 75.95"
"3,17 : 25.61"
"3,18 : 53.24"
"3,19 : 50.99"
"3,20 : 35.85"
"3,21 : 64.2"
"3,22 : 60.11"
"3,23 : 18.03"
"3,24 : 45.01"
"3,25 : 55.95"
"3,26 : 71.51"
"3,27 : 41.01"
"3,28 : 63.78"
"3,29 : 13.0"
"3,30 : 33.02"
"3,31 : 97.99"
"3,32 : 35.36"
"3,33 : 87.86"
"3,34 : 29.15"
"3,35 : 103.6"
"3,36 : 83.63"
"3,37 : 58.18"
"3,38 : 73.55"
"3,39 : 67.07"
"3,40 : 89.63"
"3,41 : 76.37"
"3,42 : 79.26"
"3,43 : 75.71"
"3,44 : 35.36"
"3,45 : 77.9"
"3,46 : 90.55"
"3,47 : 92.7"
"3,48 : 75.33"
"3,49 : 96.18"
"3,50 : 65.52"
"3,51 : 62.3"
"3,52 : 80.96"
"3,53 : 74.46"
"3,54 : 98.29"
"3,55 : 84.01"
"3,56 : 71.17"
"3,57 : 82.64"
"3,58 : 39.05"
"3,59 : 69.35"
"3,60 : 77.16"
"3,61 : 94.37"
"3,62 : 8.25"
"3,63 : 40.5"
"3,64 : 59.03"
"3,65 : 65.12"
"3,66 : 98.33"
"3,67 : 55.66"
"3,68 : 80.52"
"3,69 : 36.36"
"3,70 : 49.04"
"3,71 : 79.88"
"3,72 : 25.3"
"3,73 : 62.51"
"3,74 : 17.72"
"3,75 : 74.53"
"3,76 : 77.16"
"3,77 : 78.03"
"3,78 : 70.26"
"3,79 : 17.69"
"3,80 : 19.7"
"3,81 : 37.59"
"3,82 : 93.94"
"3,83 : 95.57"
"3,84 : 62.24"
"3,85 : 25.0"
"3,86 : 21.02"
"3,87 : 87.02"
"3,88 : 28.64"
"3,89 : 111.52"
"3,90 : 31.4"
"3,91 : 54.41"
"3,92 : 36.24"
"3,93 : 80.01"
"3,94 : 44.94"
"3,95 : 49.37"
"3,96 : 99.48"
"3,97 : 90.96"
"3,98 : 71.7"
"3,99 : 25.24"
"4,0 : 12.17"
"4,1 : 66.19"
"4,2 : 61.29"
"4,3 : 32.8"
"4,4 : 0.0"
"4,5 : 77.1"
"4,6 : 44.28"
"4,7 : 29.21"
"4,8 : 26.17"
"4,9 : 19.85"
"4,10 : 60.93"
"4,11 : 69.92"
"4,12 : 41.23"
"4,13 : 7.81"
"4,14 : 58.6"
"4,15 : 35.38"
"4,16 : 49.65"
"4,17 : 41.23"
"4,18 : 36.8"
"4,19 : 20.1"
"4,20 : 34.71"
"4,21 : 41.44"
"4,22 : 28.02"
"4,23 : 16.64"
"4,24 : 35.36"
"4,25 : 31.14"
"4,26 : 38.9"
"4,27 : 34.21"
"4,28 : 31.11"
"4,29 : 38.28"
"4,30 : 1.41"
"4,31 : 66.41"
"4,32 : 25.81"
"4,33 : 71.02"
"4,34 : 17.26"
"4,35 : 70.8"
"4,36 : 51.87"
"4,37 : 51.62"
"4,38 : 46.27"
"4,39 : 47.01"
"4,40 : 56.86"
"4,41 : 44.05"
"4,42 : 50.7"
"4,43 : 48.17"
"4,44 : 26.57"
"4,45 : 45.69"
"4,46 : 70.68"
"4,47 : 60.11"
"4,48 : 50.7"
"4,49 : 69.18"
"4,50 : 53.04"
"4,51 : 33.0"
"4,52 : 49.34"
"4,53 : 49.04"
"4,54 : 65.95"
"4,55 : 61.03"
"4,56 : 47.04"
"4,57 : 51.97"
"4,58 : 33.84"
"4,59 : 43.1"
"4,60 : 53.16"
"4,61 : 79.06"
"4,62 : 25.46"
"4,63 : 14.56"
"4,64 : 39.66"
"4,65 : 32.56"
"4,66 : 72.99"
"4,67 : 45.8"
"4,68 : 52.0"
"4,69 : 5.1"
"4,70 : 40.31"
"4,71 : 47.17"
"4,72 : 18.44"
"4,73 : 45.69"
"4,74 : 42.54"
"4,75 : 54.13"
"4,76 : 65.07"
"4,77 : 56.46"
"4,78 : 53.85"
"4,79 : 15.26"
"4,80 : 14.42"
"4,81 : 38.64"
"4,82 : 61.85"
"4,83 : 67.03"
"4,84 : 29.83"
"4,85 : 26.48"
"4,86 : 13.04"
"4,87 : 63.6"
"4,88 : 21.54"
"4,89 : 78.75"
"4,90 : 1.41"
"4,91 : 26.31"
"4,92 : 37.48"
"4,93 : 50.25"
"4,94 : 12.65"
"4,95 : 26.93"
"4,96 : 67.08"
"4,97 : 75.45"
"4,98 : 38.95"
"4,99 : 12.04"
"5,0 : 85.91"
"5,1 : 73.17"
"5,2 : 78.09"
"5,3 : 109.86"
"5,4 : 77.1"
"5,5 : 0.0"
"5,6 : 94.41"
"5,7 : 73.5"
"5,8 : 77.2"
"5,9 : 96.83"
"5,10 : 67.48"
"5,11 : 63.07"
"5,12 : 99.02"
"5,13 : 69.34"
"5,14 : 89.56"
"5,15 : 91.98"
"5,16 : 53.16"
"5,17 : 111.2"
"5,18 : 77.41"
"5,19 : 60.14"
"5,20 : 95.8"
"5,21 : 70.03"
"5,22 : 52.0"
"5,23 : 92.62"
"5,24 : 90.8"
"5,25 : 68.07"
"5,26 : 39.92"
"5,27 : 93.62"
"5,28 : 46.96"
"5,29 : 113.36"
"5,30 : 76.84"
"5,31 : 22.02"
"5,32 : 89.49"
"5,33 : 81.1"
"5,34 : 85.56"
"5,35 : 7.07"
"5,36 : 35.0"
"5,37 : 94.54"
"5,38 : 51.26"
"5,39 : 69.89"
"5,40 : 20.25"
"5,41 : 37.11"
"5,42 : 51.35"
"5,43 : 49.65"
"5,44 : 87.46"
"5,45 : 33.3"
"5,46 : 73.0"
"5,47 : 22.0"
"5,48 : 57.97"
"5,49 : 48.26"
"5,50 : 85.38"
"5,51 : 53.01"
"5,52 : 32.76"
"5,53 : 62.29"
"5,54 : 22.14"
"5,55 : 62.29"
"5,56 : 66.12"
"5,57 : 35.47"
"5,58 : 95.08"
"5,59 : 61.0"
"5,60 : 59.44"
"5,61 : 88.01"
"5,62 : 102.2"
"5,63 : 73.93"
"5,64 : 72.01"
"5,65 : 46.1"
"5,66 : 55.58"
"5,67 : 88.14"
"5,68 : 44.64"
"5,69 : 73.6"
"5,70 : 93.06"
"5,71 : 30.0"
"5,72 : 90.8"
"5,73 : 82.01"
"5,74 : 116.73"
"5,75 : 75.66"
"5,76 : 89.63"
"5,77 : 66.1"
"5,78 : 84.29"
"5,79 : 92.36"
"5,80 : 90.6"
"5,81 : 99.05"
"5,82 : 20.25"
"5,83 : 41.11"
"5,84 : 49.24"
"5,85 : 97.69"
"5,86 : 89.2"
"5,87 : 61.07"
"5,88 : 91.0"
"5,89 : 8.94"
"5,90 : 78.49"
"5,91 : 60.44"
"5,92 : 98.81"
"5,93 : 40.5"
"5,94 : 65.0"
"5,95 : 70.21"
"5,96 : 13.6"
"5,97 : 86.02"
"5,98 : 38.91"
"5,99 : 86.83"
"6,0 : 35.0"
"6,1 : 41.23"
"6,2 : 32.56"
"6,3 : 49.24"
"6,4 : 44.28"
"6,5 : 94.41"
"6,6 : 0.0"
"6,7 : 22.36"
"6,8 : 21.02"
"6,9 : 43.42"
"6,10 : 40.31"
"6,11 : 52.0"
"6,12 : 9.0"
"6,13 : 46.84"
"6,14 : 102.88"
"6,15 : 78.24"
"6,16 : 43.86"
"6,17 : 29.0"
"6,18 : 17.0"
"6,19 : 42.01"
"6,20 : 13.42"
"6,21 : 84.77"
"6,22 : 63.07"
"6,23 : 38.21"
"6,24 : 78.49"
"6,25 : 74.33"
"6,26 : 68.47"
"6,27 : 76.4"
"6,28 : 62.07"
"6,29 : 40.79"
"6,30 : 42.95"
"6,31 : 75.21"
"6,32 : 68.01"
"6,33 : 41.05"
"6,34 : 28.02"
"6,35 : 90.38"
"6,36 : 83.6"
"6,37 : 8.94"
"6,38 : 44.2"
"6,39 : 27.8"
"6,40 : 77.25"
"6,41 : 74.55"
"6,42 : 89.2"
"6,43 : 46.23"
"6,44 : 18.03"
"6,45 : 62.39"
"6,46 : 46.1"
"6,47 : 86.13"
"6,48 : 40.36"
"6,49 : 61.03"
"6,50 : 18.11"
"6,51 : 42.38"
"6,52 : 61.72"
"6,53 : 90.61"
"6,54 : 93.15"
"6,55 : 44.29"
"6,56 : 89.5"
"6,57 : 59.36"
"6,58 : 75.43"
"6,59 : 84.53"
"6,60 : 40.61"
"6,61 : 46.27"
"6,62 : 43.05"
"6,63 : 58.69"
"6,64 : 22.8"
"6,65 : 64.07"
"6,66 : 59.94"
"6,67 : 8.54"
"6,68 : 51.86"
"6,69 : 41.44"
"6,70 : 83.49"
"6,71 : 68.31"
"6,72 : 57.49"
"6,73 : 89.96"
"6,74 : 40.11"
"6,75 : 97.72"
"6,76 : 28.44"
"6,77 : 37.59"
"6,78 : 98.09"
"6,79 : 45.25"
"6,80 : 38.9"
"6,81 : 12.17"
"6,82 : 74.43"
"6,83 : 63.78"
"6,84 : 63.0"
"6,85 : 63.64"
"6,86 : 38.95"
"6,87 : 47.41"
"6,88 : 61.85"
"6,89 : 99.81"
"6,90 : 43.83"
"6,91 : 36.67"
"6,92 : 13.34"
"6,93 : 54.64"
"6,94 : 44.55"
"6,95 : 26.31"
"6,96 : 81.12"
"6,97 : 43.1"
"6,98 : 66.75"
"6,99 : 51.4"
"7,0 : 25.71"
"7,1 : 37.95"
"7,2 : 32.25"
"7,3 : 49.04"
"7,4 : 29.21"
"7,5 : 73.5"
"7,6 : 22.36"
"7,7 : 0.0"
"7,8 : 5.1"
"7,9 : 38.33"
"7,10 : 33.54"
"7,11 : 44.05"
"7,12 : 25.55"
"7,13 : 28.6"
"7,14 : 85.7"
"7,15 : 64.54"
"7,16 : 27.86"
"7,17 : 39.66"
"7,18 : 8.06"
"7,19 : 20.22"
"7,20 : 22.63"
"7,21 : 65.74"
"7,22 : 41.59"
"7,23 : 32.25"
"7,24 : 64.44"
"7,25 : 55.47"
"7,26 : 46.17"
"7,27 : 63.41"
"7,28 : 40.01"
"7,29 : 46.17"
"7,30 : 27.8"
"7,31 : 55.87"
"7,32 : 55.0"
"7,33 : 42.06"
"7,34 : 20.02"
"7,35 : 68.96"
"7,36 : 61.29"
"7,37 : 26.31"
"7,38 : 26.42"
"7,39 : 18.68"
"7,40 : 55.46"
"7,41 : 52.24"
"7,42 : 67.74"
"7,43 : 28.65"
"7,44 : 15.65"
"7,45 : 40.71"
"7,46 : 42.72"
"7,47 : 63.89"
"7,48 : 26.48"
"7,49 : 47.8"
"7,50 : 24.41"
"7,51 : 20.59"
"7,52 : 40.8"
"7,53 : 70.21"
"7,54 : 70.88"
"7,55 : 35.01"
"7,56 : 69.64"
"7,57 : 39.6"
"7,58 : 63.01"
"7,59 : 64.2"
"7,60 : 28.16"
"7,61 : 49.93"
"7,62 : 41.0"
"7,63 : 41.87"
"7,64 : 10.77"
"7,65 : 42.01"
"7,66 : 49.37"
"7,67 : 19.42"
"7,68 : 34.13"
"7,69 : 24.76"
"7,70 : 69.35"
"7,71 : 46.24"
"7,72 : 46.53"
"7,73 : 72.67"
"7,74 : 47.93"
"7,75 : 78.72"
"7,76 : 36.12"
"7,77 : 29.27"
"7,78 : 80.45"
"7,79 : 37.36"
"7,80 : 31.58"
"7,81 : 25.61"
"7,82 : 54.04"
"7,83 : 48.33"
"7,84 : 41.19"
"7,85 : 54.13"
"7,86 : 30.81"
"7,87 : 38.0"
"7,88 : 50.25"
"7,89 : 78.29"
"7,90 : 29.41"
"7,91 : 14.32"
"7,92 : 25.5"
"7,93 : 35.47"
"7,94 : 24.6"
"7,95 : 4.0"
"7,96 : 60.61"
"7,97 : 46.32"
"7,98 : 44.41"
"7,99 : 39.82"
"8,0 : 21.19"
"8,1 : 42.45"
"8,2 : 36.25"
"8,3 : 44.01"
"8,4 : 26.17"
"8,5 : 77.2"
"8,6 : 21.02"
"8,7 : 5.1"
"8,8 : 0.0"
"8,9 : 33.54"
"8,10 : 38.33"
"8,11 : 49.01"
"8,12 : 22.47"
"8,13 : 26.83"
"8,14 : 83.86"
"8,15 : 61.52"
"8,16 : 32.89"
"8,17 : 35.0"
"8,18 : 10.82"
"8,19 : 21.1"
"8,20 : 18.6"
"8,21 : 64.62"
"8,22 : 42.05"
"8,23 : 27.46"
"8,24 : 61.52"
"8,25 : 54.23"
"8,26 : 47.85"
"8,27 : 60.21"
"8,28 : 41.19"
"8,29 : 41.11"
"8,30 : 24.76"
"8,31 : 60.21"
"8,32 : 51.74"
"8,33 : 46.1"
"8,34 : 15.13"
"8,35 : 72.4"
"8,36 : 62.97"
"8,37 : 26.57"
"8,38 : 31.3"
"8,39 : 23.35"
"8,40 : 58.67"
"8,41 : 53.94"
"8,42 : 68.18"
"8,43 : 33.54"
"8,44 : 10.82"
"8,45 : 44.1"
"8,46 : 47.3"
"8,47 : 66.48"
"8,48 : 31.58"
"8,49 : 52.89"
"8,50 : 26.87"
"8,51 : 24.21"
"8,52 : 44.69"
"8,53 : 69.86"
"8,54 : 73.39"
"8,55 : 40.0"
"8,56 : 68.96"
"8,57 : 43.93"
"8,58 : 59.67"
"8,59 : 63.79"
"8,60 : 33.24"
"8,61 : 53.71"
"8,62 : 36.01"
"8,63 : 39.66"
"8,64 : 15.3"
"8,65 : 43.19"
"8,66 : 54.45"
"8,67 : 20.12"
"8,68 : 38.95"
"8,69 : 22.2"
"8,70 : 66.48"
"8,71 : 49.19"
"8,72 : 42.72"
"8,73 : 70.83"
"8,74 : 42.95"
"8,75 : 77.62"
"8,76 : 38.95"
"8,77 : 34.13"
"8,78 : 78.77"
"8,79 : 32.89"
"8,80 : 26.93"
"8,81 : 21.95"
"8,82 : 58.05"
"8,83 : 53.31"
"8,84 : 42.01"
"8,85 : 50.12"
"8,86 : 26.25"
"8,87 : 43.01"
"8,88 : 46.62"
"8,89 : 81.63"
"8,90 : 26.17"
"8,91 : 17.0"
"8,92 : 21.63"
"8,93 : 40.0"
"8,94 : 23.77"
"8,95 : 7.07"
"8,96 : 64.54"
"8,97 : 50.12"
"8,98 : 46.32"
"8,99 : 36.06"
"9,0 : 13.04"
"9,1 : 75.93"
"9,2 : 69.26"
"9,3 : 13.04"
"9,4 : 19.85"
"9,5 : 96.83"
"9,6 : 43.42"
"9,7 : 38.33"
"9,8 : 33.54"
"9,9 : 0.0"
"9,10 : 71.85"
"9,11 : 82.3"
"9,12 : 36.8"
"9,13 : 27.66"
"9,14 : 66.75"
"9,15 : 38.6"
"9,16 : 64.2"
"9,17 : 27.46"
"9,18 : 43.68"
"9,19 : 38.08"
"9,20 : 30.41"
"9,21 : 54.74"
"9,22 : 47.51"
"9,23 : 6.08"
"9,24 : 39.29"
"9,25 : 45.61"
"9,26 : 58.69"
"9,27 : 36.06"
"9,28 : 50.93"
"9,29 : 19.92"
"9,30 : 20.0"
"9,31 : 85.09"
"9,32 : 28.64"
"9,33 : 79.06"
"9,34 : 18.44"
"9,35 : 90.6"
"9,36 : 71.22"
"9,37 : 52.2"
"9,38 : 61.52"
"9,39 : 56.89"
"9,40 : 76.61"
"9,41 : 63.7"
"9,42 : 68.03"
"9,43 : 63.64"
"9,44 : 26.83"
"9,45 : 64.88"
"9,46 : 80.81"
"9,47 : 79.91"
"9,48 : 64.0"
"9,49 : 84.38"
"9,50 : 57.7"
"9,51 : 49.73"
"9,52 : 68.03"
"9,53 : 64.29"
"9,54 : 85.63"
"9,55 : 73.25"
"9,56 : 61.39"
"9,57 : 69.89"
"9,58 : 34.54"
"9,59 : 58.82"
"9,60 : 66.03"
"9,61 : 86.16"
"9,62 : 5.83"
"9,63 : 29.15"
"9,64 : 48.84"
"9,65 : 52.33"
"9,66 : 87.01"
"9,67 : 48.37"
"9,68 : 68.25"
"9,69 : 23.32"
"9,70 : 43.97"
"9,71 : 66.85"
"9,72 : 17.26"
"9,73 : 55.08"
"9,74 : 24.74"
"9,75 : 66.12"
"9,76 : 69.77"
"9,77 : 67.6"
"9,78 : 63.2"
"9,79 : 5.39"
"9,80 : 7.07"
"9,81 : 33.3"
"9,82 : 80.95"
"9,83 : 83.36"
"9,84 : 49.52"
"9,85 : 21.1"
"9,86 : 8.25"
"9,87 : 76.16"
"9,88 : 21.59"
"9,89 : 98.6"
"9,90 : 18.44"
"9,91 : 41.98"
"9,92 : 31.89"
"9,93 : 67.45"
"9,94 : 31.91"
"9,95 : 38.01"
"9,96 : 86.45"
"9,97 : 82.64"
"9,98 : 58.8"
"9,99 : 14.32"
"10,0 : 59.23"
"10,1 : 6.71"
"10,2 : 11.18"
"10,3 : 82.1"
"10,4 : 60.93"
"10,5 : 67.48"
"10,6 : 40.31"
"10,7 : 33.54"
"10,8 : 38.33"
"10,9 : 71.85"
"10,10 : 0.0"
"10,11 : 11.7"
"10,12 : 48.7"
"10,13 : 57.8"
"10,14 : 111.76"
"10,15 : 95.02"
"10,16 : 17.46"
"10,17 : 67.91"
"10,18 : 29.02"
"10,19 : 44.41"
"10,20 : 50.01"
"10,21 : 89.83"
"10,22 : 61.72"
"10,23 : 65.76"
"10,24 : 94.67"
"10,25 : 80.66"
"10,26 : 59.54"
"10,27 : 94.41"
"10,28 : 57.2"
"10,29 : 77.41"
"10,30 : 59.62"
"10,31 : 45.54"
"10,32 : 86.31"
"10,33 : 14.56"
"10,34 : 53.46"
"10,35 : 66.01"
"10,36 : 72.24"
"10,37 : 35.23"
"10,38 : 21.47"
"10,39 : 15.03"
"10,40 : 56.72"
"10,41 : 64.4"
"10,42 : 84.72"
"10,43 : 21.54"
"10,44 : 47.01"
"10,45 : 44.27"
"10,46 : 10.0"
"10,47 : 68.45"
"10,48 : 13.04"
"10,49 : 23.02"
"10,50 : 23.6"
"10,51 : 33.24"
"10,52 : 40.02"
"10,53 : 90.8"
"10,54 : 75.13"
"10,55 : 5.39"
"10,56 : 91.68"
"10,57 : 34.37"
"10,58 : 94.37"
"10,59 : 85.43"
"10,60 : 10.3"
"10,61 : 22.85"
"10,62 : 74.24"
"10,63 : 71.02"
"10,64 : 23.09"
"10,65 : 58.82"
"10,66 : 20.0"
"10,67 : 31.78"
"10,68 : 24.33"
"10,69 : 55.95"
"10,70 : 99.32"
"10,71 : 51.55"
"10,72 : 79.12"
"10,73 : 99.16"
"10,74 : 78.09"
"10,75 : 102.07"
"10,76 : 22.85"
"10,77 : 4.47"
"10,78 : 106.08"
"10,79 : 70.83"
"10,80 : 65.12"
"10,81 : 50.96"
"10,82 : 48.01"
"10,83 : 28.23"
"10,84 : 59.82"
"10,85 : 86.98"
"10,86 : 64.33"
"10,87 : 7.81"
"10,88 : 82.46"
"10,89 : 75.11"
"10,90 : 61.47"
"10,91 : 36.06"
"10,92 : 51.66"
"10,93 : 29.61"
"10,94 : 52.15"
"10,95 : 34.48"
"10,96 : 54.15"
"10,97 : 19.92"
"10,98 : 56.82"
"10,99 : 72.45"
"11,0 : 69.46"
"11,1 : 12.81"
"11,2 : 21.26"
"11,3 : 93.0"
"11,4 : 69.92"
"11,5 : 63.07"
"11,6 : 52.0"
"11,7 : 44.05"
"11,8 : 49.01"
"11,9 : 82.3"
"11,10 : 11.7"
"11,11 : 0.0"
"11,12 : 60.41"
"11,13 : 65.92"
"11,14 : 117.44"
"11,15 : 102.88"
"11,16 : 21.63"
"11,17 : 79.56"
"11,18 : 40.31"
"11,19 : 51.89"
"11,20 : 61.61"
"11,21 : 95.13"
"11,22 : 66.71"
"11,23 : 76.24"
"11,24 : 102.42"
"11,25 : 86.61"
"11,26 : 62.48"
"11,27 : 102.55"
"11,28 : 61.55"
"11,29 : 88.81"
"11,30 : 68.68"
"11,31 : 41.19"
"11,32 : 94.7"
"11,33 : 19.31"
"11,34 : 64.07"
"11,35 : 62.8"
"11,36 : 73.57"
"11,37 : 46.65"
"11,38 : 25.81"
"11,39 : 26.17"
"11,40 : 55.71"
"11,41 : 66.61"
"11,42 : 87.62"
"11,43 : 24.84"
"11,44 : 58.22"
"11,45 : 45.49"
"11,46 : 10.44"
"11,47 : 67.78"
"11,48 : 19.31"
"11,49 : 15.13"
"11,50 : 34.99"
"11,51 : 39.45"
"11,52 : 40.31"
"11,53 : 94.79"
"11,54 : 74.0"
"11,55 : 9.06"
"11,56 : 96.18"
"11,57 : 34.0"
"11,58 : 102.69"
"11,59 : 89.81"
"11,60 : 16.76"
"11,61 : 25.08"
"11,62 : 85.02"
"11,63 : 78.72"
"11,64 : 34.06"
"11,65 : 62.94"
"11,66 : 9.43"
"11,67 : 43.46"
"11,68 : 25.0"
"11,69 : 64.85"
"11,70 : 106.89"
"11,71 : 52.48"
"11,72 : 88.32"
"11,73 : 105.21"
"11,74 : 89.63"
"11,75 : 106.83"
"11,76 : 32.02"
"11,77 : 15.13"
"11,78 : 111.66"
"11,79 : 80.89"
"11,80 : 75.43"
"11,81 : 62.64"
"11,82 : 45.12"
"11,83 : 22.0"
"11,84 : 64.44"
"11,85 : 96.3"
"11,86 : 74.55"
"11,87 : 6.32"
"11,88 : 91.39"
"11,89 : 71.34"
"11,90 : 70.6"
"11,91 : 44.01"
"11,92 : 63.32"
"11,93 : 30.23"
"11,94 : 60.01"
"11,95 : 44.41"
"11,96 : 50.49"
"11,97 : 23.54"
"11,98 : 59.67"
"11,99 : 81.74"
"12,0 : 30.46"
"12,1 : 50.01"
"12,2 : 41.44"
"12,3 : 41.18"
"12,4 : 41.23"
"12,5 : 99.02"
"12,6 : 9.0"
"12,7 : 25.55"
"12,8 : 22.47"
"12,9 : 36.8"
"12,10 : 48.7"
"12,11 : 60.41"
"12,12 : 0.0"
"12,13 : 45.18"
"12,14 : 99.37"
"12,15 : 73.43"
"12,16 : 50.45"
"12,17 : 20.0"
"12,18 : 22.67"
"12,19 : 43.17"
"12,20 : 6.71"
"12,21 : 82.57"
"12,22 : 63.29"
"12,23 : 32.2"
"12,24 : 73.82"
"12,25 : 72.18"
"12,26 : 70.09"
"12,27 : 71.34"
"12,28 : 63.15"
"12,29 : 32.02"
"12,30 : 40.02"
"12,31 : 80.81"
"12,32 : 63.13"
"12,33 : 50.04"
"12,34 : 24.04"
"12,35 : 94.51"
"12,36 : 85.15"
"12,37 : 17.46"
"12,38 : 50.21"
"12,39 : 35.36"
"12,40 : 80.95"
"12,41 : 76.16"
"12,42 : 89.05"
"12,43 : 52.35"
"12,44 : 15.03"
"12,45 : 66.24"
"12,46 : 54.92"
"12,47 : 88.96"
"12,48 : 47.43"
"12,49 : 68.6"
"12,50 : 27.07"
"12,51 : 46.14"
"12,52 : 66.29"
"12,53 : 89.36"
"12,54 : 95.86"
"12,55 : 52.39"
"12,56 : 87.82"
"12,57 : 64.66"
"12,58 : 70.18"
"12,59 : 83.29"
"12,60 : 48.02"
"12,61 : 55.23"
"12,62 : 35.61"
"12,63 : 55.79"
"12,64 : 29.21"
"12,65 : 65.12"
"12,66 : 68.03"
"12,67 : 17.26"
"12,68 : 58.0"
"12,69 : 39.32"
"12,70 : 78.77"
"12,71 : 71.59"
"12,72 : 52.15"
"12,73 : 86.65"
"12,74 : 31.14"
"12,75 : 95.34"
"12,76 : 37.34"
"12,77 : 45.69"
"12,78 : 94.87"
"12,79 : 39.41"
"12,80 : 33.29"
"12,81 : 3.61"
"12,82 : 79.4"
"12,83 : 70.8"
"12,84 : 63.64"
"12,85 : 57.63"
"12,86 : 33.62"
"12,87 : 55.54"
"12,88 : 56.6"
"12,89 : 103.83"
"12,90 : 40.52"
"12,91 : 39.4"
"12,92 : 5.0"
"12,93 : 60.21"
"12,94 : 44.05"
"12,95 : 29.07"
"12,96 : 86.02"
"12,97 : 52.09"
"12,98 : 68.68"
"12,99 : 46.53"
"13,0 : 18.79"
"13,1 : 63.51"
"13,2 : 59.55"
"13,3 : 40.61"
"13,4 : 7.81"
"13,5 : 69.34"
"13,6 : 46.84"
"13,7 : 28.6"
"13,8 : 26.83"
"13,9 : 27.66"
"13,10 : 57.8"
"13,11 : 65.92"
"13,12 : 45.18"
"13,13 : 0.0"
"13,14 : 57.14"
"13,15 : 37.22"
"13,16 : 44.92"
"13,17 : 47.76"
"13,18 : 36.62"
"13,19 : 14.32"
"13,20 : 39.01"
"13,21 : 37.95"
"13,22 : 20.59"
"13,23 : 24.21"
"13,24 : 36.89"
"13,25 : 27.51"
"13,26 : 31.14"
"13,27 : 36.67"
"13,28 : 23.35"
"13,29 : 45.8"
"13,30 : 7.81"
"13,31 : 59.2"
"13,32 : 28.79"
"13,33 : 69.03"
"13,34 : 22.2"
"13,35 : 63.01"
"13,36 : 44.42"
"13,37 : 53.31"
"13,38 : 41.23"
"13,39 : 44.82"
"13,40 : 49.09"
"13,41 : 36.4"
"13,42 : 44.55"
"13,43 : 42.95"
"13,44 : 30.15"
"13,45 : 38.28"
"13,46 : 67.74"
"13,47 : 52.35"
"13,48 : 46.62"
"13,49 : 63.79"
"13,50 : 53.01"
"13,51 : 27.46"
"13,52 : 42.2"
"13,53 : 44.18"
"13,54 : 58.26"
"13,55 : 57.27"
"13,56 : 42.76"
"13,57 : 45.28"
"13,58 : 36.77"
"13,59 : 38.12"
"13,60 : 49.24"
"13,61 : 77.34"
"13,62 : 33.24"
"13,63 : 13.45"
"13,64 : 38.18"
"13,65 : 24.84"
"13,66 : 68.15"
"13,67 : 46.96"
"13,68 : 46.27"
"13,69 : 6.08"
"13,70 : 41.62"
"13,71 : 39.45"
"13,72 : 24.02"
"13,73 : 44.1"
"13,74 : 49.93"
"13,75 : 50.92"
"13,76 : 64.66"
"13,77 : 53.34"
"13,78 : 51.97"
"13,79 : 23.02"
"13,80 : 22.02"
"13,81 : 43.01"
"13,82 : 54.42"
"13,83 : 61.07"
"13,84 : 22.2"
"13,85 : 32.0"
"13,86 : 20.62"
"13,87 : 59.62"
"13,88 : 26.17"
"13,89 : 70.94"
"13,90 : 9.22"
"13,91 : 21.93"
"13,92 : 42.0"
"13,93 : 44.0"
"13,94 : 6.08"
"13,95 : 25.5"
"13,96 : 59.51"
"13,97 : 73.76"
"13,98 : 31.14"
"13,99 : 18.44"
"14,0 : 68.95"
"14,1 : 118.09"
"14,2 : 115.52"
"14,3 : 73.01"
"14,4 : 58.6"
"14,5 : 89.56"
"14,6 : 102.88"
"14,7 : 85.7"
"14,8 : 83.86"
"14,9 : 66.75"
"14,10 : 111.76"
"14,11 : 117.44"
"14,12 : 99.37"
"14,13 : 57.14"
"14,14 : 0.0"
"14,15 : 29.02"
"14,16 : 95.9"
"14,17 : 94.2"
"14,18 : 93.74"
"14,19 : 68.01"
"14,20 : 92.7"
"14,21 : 22.47"
"14,22 : 50.8"
"14,23 : 68.88"
"14,24 : 28.0"
"14,25 : 31.11"
"14,26 : 57.7"
"14,27 : 32.06"
"14,28 : 56.3"
"14,29 : 85.09"
"14,30 : 59.93"
"14,31 : 93.64"
"14,32 : 38.21"
"14,33 : 124.52"
"14,34 : 75.39"
"14,35 : 82.73"
"14,36 : 54.92"
"14,37 : 110.06"
"14,38 : 91.68"
"14,39 : 100.66"
"14,40 : 75.0"
"14,41 : 56.3"
"14,42 : 38.21"
"14,43 : 92.62"
"14,44 : 85.09"
"14,45 : 75.59"
"14,46 : 121.7"
"14,47 : 67.74"
"14,48 : 99.16"
"14,49 : 110.45"
"14,50 : 110.11"
"14,51 : 78.57"
"14,52 : 81.41"
"14,53 : 27.29"
"14,54 : 68.07"
"14,55 : 109.88"
"14,56 : 23.77"
"14,57 : 87.32"
"14,58 : 34.13"
"14,59 : 29.73"
"14,60 : 101.98"
"14,61 : 133.06"
"14,62 : 71.34"
"14,63 : 44.29"
"14,64 : 94.81"
"14,65 : 55.23"
"14,66 : 116.76"
"14,67 : 103.94"
"14,68 : 93.48"
"14,69 : 61.77"
"14,70 : 24.19"
"14,71 : 70.77"
"14,72 : 49.5"
"14,73 : 13.04"
"14,74 : 90.09"
"14,75 : 14.0"
"14,76 : 121.61"
"14,77 : 107.49"
"14,78 : 5.83"
"14,79 : 62.17"
"14,80 : 67.19"
"14,81 : 96.46"
"14,82 : 86.98"
"14,83 : 105.19"
"14,84 : 53.25"
"14,85 : 48.01"
"14,86 : 66.48"
"14,87 : 111.52"
"14,88 : 45.28"
"14,89 : 85.02"
"14,90 : 59.09"
"14,91 : 76.49"
"14,92 : 95.19"
"14,93 : 89.04"
"14,94 : 61.4"
"14,95 : 82.42"
"14,96 : 88.06"
"14,97 : 129.56"
"14,98 : 60.37"
"14,99 : 53.6"
"15,0 : 43.27"
"15,1 : 100.7"
"15,2 : 96.4"
"15,3 : 44.0"
"15,4 : 35.38"
"15,5 : 91.98"
"15,6 : 78.24"
"15,7 : 64.54"
"15,8 : 61.52"
"15,9 : 38.6"
"15,10 : 95.02"
"15,11 : 102.88"
"15,12 : 73.43"
"15,13 : 37.22"
"15,14 : 29.02"
"15,15 : 0.0"
"15,16 : 81.54"
"15,17 : 65.97"
"15,18 : 72.18"
"15,19 : 50.99"
"15,20 : 66.73"
"15,21 : 26.25"
"15,22 : 42.01"
"15,23 : 41.63"
"15,24 : 1.41"
"15,25 : 24.04"
"15,26 : 53.15"
"15,27 : 3.16"
"15,28 : 48.04"
"15,29 : 56.22"
"15,30 : 36.8"
"15,31 : 89.05"
"15,32 : 10.3"
"15,33 : 106.02"
"15,34 : 50.22"
"15,35 : 84.93"
"15,36 : 58.19"
"15,37 : 86.21"
"15,38 : 77.62"
"15,39 : 81.84"
"15,40 : 73.44"
"15,41 : 54.92"
"15,42 : 46.32"
"15,43 : 79.12"
"15,44 : 60.22"
"15,45 : 68.26"
"15,46 : 104.96"
"15,47 : 70.6"
"15,48 : 83.63"
"15,49 : 99.33"
"15,50 : 88.39"
"15,51 : 63.69"
"15,52 : 73.55"
"15,53 : 37.54"
"15,54 : 73.74"
"15,55 : 94.37"
"15,56 : 33.24"
"15,57 : 78.26"
"15,58 : 5.39"
"15,59 : 34.67"
"15,60 : 86.31"
"15,61 : 114.2"
"15,62 : 42.76"
"15,63 : 24.17"
"15,64 : 74.81"
"15,65 : 48.0"
"15,66 : 104.4"
"15,67 : 80.81"
"15,68 : 81.61"
"15,69 : 39.82"
"15,70 : 5.39"
"15,71 : 66.01"
"15,72 : 21.54"
"15,73 : 19.7"
"15,74 : 61.2"
"15,75 : 32.65"
"15,76 : 100.45"
"15,77 : 90.55"
"15,78 : 26.68"
"15,79 : 34.54"
"15,80 : 40.25"
"15,81 : 70.24"
"15,82 : 83.0"
"15,83 : 95.57"
"15,84 : 45.01"
"15,85 : 19.0"
"15,86 : 39.82"
"15,87 : 96.61"
"15,88 : 17.09"
"15,89 : 90.14"
"15,90 : 35.36"
"15,91 : 59.06"
"15,92 : 68.88"
"15,93 : 78.34"
"15,94 : 42.94"
"15,95 : 62.01"
"15,96 : 86.21"
"15,97 : 110.6"
"15,98 : 55.04"
"15,99 : 26.93"
"16,0 : 51.16"
"16,1 : 24.17"
"16,2 : 26.08"
"16,3 : 75.95"
"16,4 : 49.65"
"16,5 : 53.16"
"16,6 : 43.86"
"16,7 : 27.86"
"16,8 : 32.89"
"16,9 : 64.2"
"16,10 : 17.46"
"16,11 : 21.63"
"16,12 : 50.45"
"16,13 : 44.92"
"16,14 : 95.9"
"16,15 : 81.54"
"16,16 : 0.0"
"16,17 : 67.12"
"16,18 : 27.8"
"16,19 : 30.68"
"16,20 : 49.4"
"16,21 : 73.66"
"16,22 : 45.28"
"16,23 : 58.31"
"16,24 : 81.02"
"16,25 : 65.0"
"16,26 : 42.19"
"16,27 : 81.34"
"16,28 : 40.36"
"16,29 : 74.0"
"16,30 : 48.51"
"16,31 : 32.2"
"16,32 : 73.68"
"16,33 : 31.95"
"16,34 : 46.87"
"16,35 : 50.64"
"16,36 : 54.78"
"16,37 : 42.19"
"16,38 : 4.24"
"16,39 : 17.0"
"16,40 : 40.05"
"16,41 : 46.96"
"16,42 : 67.42"
"16,43 : 4.12"
"16,44 : 43.46"
"16,45 : 26.93"
"16,46 : 26.63"
"16,47 : 51.48"
"16,48 : 5.0"
"16,49 : 20.22"
"16,50 : 32.31"
"16,51 : 17.89"
"16,52 : 23.09"
"16,53 : 73.88"
"16,54 : 58.31"
"16,55 : 14.21"
"16,56 : 75.01"
"16,57 : 18.11"
"16,58 : 81.6"
"16,59 : 68.68"
"16,60 : 7.28"
"16,61 : 40.31"
"16,62 : 67.74"
"16,63 : 57.38"
"16,64 : 21.26"
"16,65 : 41.87"
"16,66 : 23.35"
"16,67 : 36.4"
"16,68 : 8.54"
"16,69 : 44.55"
"16,70 : 85.43"
"16,71 : 34.21"
"16,72 : 68.07"
"16,73 : 83.6"
"16,74 : 75.77"
"16,75 : 85.56"
"16,76 : 37.05"
"16,77 : 14.32"
"16,78 : 90.14"
"16,79 : 62.0"
"16,80 : 57.14"
"16,81 : 51.61"
"16,82 : 32.98"
"16,83 : 20.59"
"16,84 : 43.14"
"16,85 : 76.12"
"16,86 : 56.08"
"16,87 : 15.62"
"16,88 : 70.83"
"16,89 : 60.02"
"16,90 : 50.49"
"16,91 : 23.35"
"16,92 : 51.87"
"16,93 : 13.04"
"16,94 : 38.9"
"16,95 : 26.68"
"16,96 : 39.56"
"16,97 : 37.34"
"16,98 : 39.45"
"16,99 : 61.66"
"17,0 : 29.12"
"17,1 : 69.72"
"17,2 : 61.29"
"17,3 : 25.61"
"17,4 : 41.23"
"17,5 : 111.2"
"17,6 : 29.0"
"17,7 : 39.66"
"17,8 : 35.0"
"17,9 : 27.46"
"17,10 : 67.91"
"17,11 : 79.56"
"17,12 : 20.0"
"17,13 : 47.76"
"17,14 : 94.2"
"17,15 : 65.97"
"17,16 : 67.12"
"17,17 : 0.0"
"17,18 : 39.92"
"17,19 : 51.61"
"17,20 : 18.03"
"17,21 : 81.1"
"17,22 : 68.15"
"17,23 : 26.02"
"17,24 : 66.71"
"17,25 : 71.34"
"17,26 : 77.41"
"17,27 : 63.32"
"17,28 : 69.77"
"17,29 : 13.6"
"17,30 : 40.52"
"17,31 : 95.13"
"17,32 : 56.09"
"17,33 : 70.03"
"17,34 : 26.42"
"17,35 : 105.89"
"17,36 : 91.71"
"17,37 : 37.22"
"17,38 : 66.04"
"17,39 : 53.76"
"17,40 : 91.83"
"17,41 : 83.19"
"17,42 : 91.92"
"17,43 : 68.26"
"17,44 : 24.21"
"17,45 : 77.9"
"17,46 : 74.67"
"17,47 : 97.94"
"17,48 : 64.88"
"17,49 : 86.41"
"17,50 : 47.04"
"17,51 : 58.73"
"17,52 : 79.21"
"17,53 : 89.81"
"17,54 : 104.45"
"17,55 : 71.17"
"17,56 : 87.37"
"17,57 : 78.87"
"17,58 : 61.68"
"17,59 : 84.01"
"17,60 : 65.92"
"17,61 : 75.17"
"17,62 : 23.41"
"17,63 : 54.33"
"17,64 : 46.62"
"17,65 : 71.55"
"17,66 : 86.65"
"17,67 : 37.12"
"17,68 : 73.78"
"17,69 : 41.79"
"17,70 : 71.31"
"17,71 : 82.01"
"17,72 : 44.72"
"17,73 : 82.39"
"17,74 : 11.4"
"17,75 : 93.01"
"17,76 : 57.22"
"17,77 : 64.56"
"17,78 : 90.55"
"17,79 : 32.14"
"17,80 : 28.07"
"17,81 : 17.12"
"17,82 : 92.66"
"17,83 : 87.71"
"17,84 : 69.35"
"17,85 : 47.76"
"17,86 : 29.15"
"17,87 : 74.33"
"17,88 : 49.03"
"17,89 : 114.81"
"17,90 : 40.02"
"17,91 : 50.91"
"17,92 : 16.28"
"17,93 : 75.0"
"17,94 : 49.19"
"17,95 : 42.01"
"17,96 : 98.99"
"17,97 : 72.06"
"17,98 : 76.66"
"17,99 : 41.05"
"18,0 : 31.78"
"18,1 : 32.39"
"18,2 : 25.63"
"18,3 : 53.24"
"18,4 : 36.8"
"18,5 : 77.41"
"18,6 : 17.0"
"18,7 : 8.06"
"18,8 : 10.82"
"18,9 : 43.68"
"18,10 : 29.02"
"18,11 : 40.31"
"18,12 : 22.67"
"18,13 : 36.62"
"18,14 : 93.74"
"18,15 : 72.18"
"18,16 : 27.8"
"18,17 : 39.92"
"18,18 : 0.0"
"18,19 : 27.89"
"18,20 : 21.93"
"18,21 : 73.79"
"18,22 : 49.24"
"18,23 : 37.64"
"18,24 : 72.14"
"18,25 : 63.53"
"18,26 : 53.0"
"18,27 : 70.94"
"18,28 : 47.27"
"18,29 : 48.51"
"18,30 : 35.38"
"18,31 : 58.41"
"18,32 : 62.48"
"18,33 : 35.47"
"18,34 : 25.3"
"18,35 : 73.41"
"18,36 : 68.03"
"18,37 : 19.0"
"18,38 : 27.59"
"18,39 : 14.14"
"18,40 : 60.41"
"18,41 : 59.01"
"18,42 : 75.31"
"18,43 : 29.7"
"18,44 : 18.0"
"18,45 : 45.54"
"18,46 : 37.34"
"18,47 : 69.63"
"18,48 : 25.06"
"18,49 : 46.52"
"18,50 : 16.4"
"18,51 : 25.71"
"18,52 : 44.72"
"18,53 : 78.11"
"18,54 : 76.69"
"18,55 : 31.58"
"18,56 : 77.62"
"18,57 : 42.44"
"18,58 : 70.43"
"18,59 : 72.11"
"18,60 : 26.0"
"18,61 : 42.94"
"18,62 : 45.54"
"18,63 : 49.82"
"18,64 : 6.71"
"18,65 : 49.25"
"18,66 : 46.84"
"18,67 : 12.0"
"18,68 : 35.36"
"18,69 : 32.56"
"18,70 : 77.08"
"18,71 : 51.66"
"18,72 : 53.54"
"18,73 : 80.71"
"18,74 : 49.48"
"18,75 : 86.76"
"18,76 : 28.28"
"18,77 : 25.18"
"18,78 : 88.51"
"18,79 : 43.46"
"18,80 : 37.34"
"18,81 : 23.85"
"18,82 : 57.45"
"18,83 : 48.26"
"18,84 : 48.66"
"18,85 : 60.9"
"18,86 : 36.77"
"18,87 : 34.71"
"18,88 : 57.43"
"18,89 : 82.86"
"18,90 : 36.88"
"18,91 : 21.02"
"18,92 : 24.19"
"18,93 : 37.8"
"18,94 : 32.65"
"18,95 : 11.7"
"18,96 : 64.14"
"18,97 : 39.36"
"18,98 : 51.04"
"18,99 : 46.87"
"19,0 : 26.08"
"19,1 : 50.45"
"19,2 : 47.51"
"19,3 : 50.99"
"19,4 : 20.1"
"19,5 : 60.14"
"19,6 : 42.01"
"19,7 : 20.22"
"19,8 : 21.1"
"19,9 : 38.08"
"19,10 : 44.41"
"19,11 : 51.89"
"19,12 : 43.17"
"19,13 : 14.32"
"19,14 : 68.01"
"19,15 : 50.99"
"19,16 : 30.68"
"19,17 : 51.61"
"19,18 : 27.89"
"19,19 : 0.0"
"19,20 : 38.28"
"19,21 : 46.87"
"19,22 : 21.38"
"19,23 : 33.12"
"19,24 : 50.54"
"19,25 : 37.01"
"19,26 : 26.93"
"19,27 : 50.7"
"19,28 : 20.1"
"19,29 : 53.26"
"19,30 : 19.24"
"19,31 : 47.01"
"19,32 : 43.01"
"19,33 : 56.57"
"19,34 : 25.5"
"19,35 : 54.49"
"19,36 : 41.98"
"19,37 : 46.53"
"19,38 : 26.93"
"19,39 : 32.65"
"19,40 : 40.36"
"19,41 : 32.98"
"19,42 : 47.52"
"19,43 : 28.64"
"19,44 : 29.15"
"19,45 : 27.2"
"19,46 : 54.41"
"19,47 : 46.53"
"19,48 : 32.65"
"19,49 : 49.5"
"19,50 : 43.46"
"19,51 : 13.15"
"19,52 : 29.97"
"19,53 : 50.33"
"19,54 : 53.23"
"19,55 : 43.42"
"19,56 : 50.09"
"19,57 : 32.02"
"19,58 : 50.92"
"19,59 : 44.38"
"19,60 : 35.36"
"19,61 : 65.07"
"19,62 : 42.94"
"19,63 : 26.83"
"19,64 : 27.29"
"19,65 : 22.09"
"19,66 : 53.85"
"19,67 : 39.62"
"19,68 : 32.06"
"19,69 : 15.3"
"19,70 : 55.07"
"19,71 : 30.48"
"19,72 : 38.05"
"19,73 : 55.17"
"19,74 : 56.59"
"19,75 : 59.68"
"19,76 : 54.2"
"19,77 : 40.0"
"19,78 : 62.48"
"19,79 : 34.48"
"19,80 : 31.3"
"19,81 : 42.06"
"19,82 : 43.05"
"19,83 : 47.0"
"19,84 : 21.02"
"19,85 : 46.1"
"19,86 : 29.97"
"19,87 : 45.62"
"19,88 : 40.45"
"19,89 : 63.25"
"19,90 : 21.21"
"19,91 : 8.49"
"19,92 : 41.44"
"19,93 : 30.15"
"19,94 : 8.25"
"19,95 : 16.28"
"19,96 : 48.83"
"19,97 : 61.55"
"19,98 : 25.63"
"19,99 : 32.02"
"20,0 : 23.77"
"20,1 : 52.15"
"20,2 : 44.0"
"20,3 : 35.85"
"20,4 : 34.71"
"20,5 : 95.8"
"20,6 : 13.42"
"20,7 : 22.63"
"20,8 : 18.6"
"20,9 : 30.41"
"20,10 : 50.01"
"20,11 : 61.61"
"20,12 : 6.71"
"20,13 : 39.01"
"20,14 : 92.7"
"20,15 : 66.73"
"20,16 : 49.4"
"20,17 : 18.03"
"20,18 : 21.93"
"20,19 : 38.28"
"20,20 : 0.0"
"20,21 : 76.12"
"20,22 : 57.71"
"20,23 : 25.61"
"20,24 : 67.12"
"20,25 : 65.76"
"20,26 : 65.15"
"20,27 : 64.66"
"20,28 : 57.97"
"20,29 : 28.07"
"20,30 : 33.54"
"20,31 : 78.49"
"20,32 : 56.44"
"20,33 : 53.15"
"20,34 : 17.46"
"20,35 : 90.97"
"20,36 : 80.08"
"20,37 : 22.36"
"20,38 : 48.6"
"20,39 : 35.74"
"20,40 : 77.18"
"20,41 : 71.17"
"20,42 : 83.22"
"20,43 : 50.8"
"20,44 : 9.22"
"20,45 : 62.68"
"20,46 : 57.14"
"20,47 : 84.58"
"20,48 : 46.96"
"20,49 : 68.45"
"20,50 : 30.27"
"20,51 : 42.8"
"20,52 : 63.25"
"20,53 : 83.15"
"20,54 : 91.39"
"20,55 : 53.16"
"20,56 : 81.5"
"20,57 : 62.23"
"20,58 : 63.51"
"20,59 : 77.1"
"20,60 : 47.93"
"20,61 : 59.03"
"20,62 : 29.68"
"20,63 : 49.24"
"20,64 : 28.64"
"20,65 : 59.91"
"20,66 : 68.62"
"20,67 : 20.22"
"20,68 : 56.4"
"20,69 : 33.06"
"20,70 : 72.07"
"20,71 : 67.6"
"20,72 : 45.49"
"20,73 : 80.01"
"20,74 : 28.16"
"20,75 : 88.84"
"20,76 : 41.48"
"20,77 : 46.57"
"20,78 : 88.23"
"20,79 : 32.8"
"20,80 : 26.63"
"20,81 : 4.0"
"20,82 : 76.58"
"20,83 : 69.97"
"20,84 : 58.25"
"20,85 : 51.09"
"20,86 : 26.93"
"20,87 : 56.32"
"20,88 : 49.93"
"20,89 : 100.17"
"20,90 : 33.96"
"20,91 : 35.51"
"20,92 : 3.16"
"20,93 : 58.05"
"20,94 : 38.33"
"20,95 : 25.61"
"20,96 : 83.1"
"20,97 : 55.73"
"20,98 : 63.91"
"20,99 : 39.82"
"21,0 : 53.15"
"21,1 : 96.26"
"21,2 : 94.2"
"21,3 : 64.2"
"21,4 : 41.44"
"21,5 : 70.03"
"21,6 : 84.77"
"21,7 : 65.74"
"21,8 : 64.62"
"21,9 : 54.74"
"21,10 : 89.83"
"21,11 : 95.13"
"21,12 : 82.57"
"21,13 : 37.95"
"21,14 : 22.47"
"21,15 : 26.25"
"21,16 : 73.66"
"21,17 : 81.1"
"21,18 : 73.79"
"21,19 : 46.87"
"21,20 : 76.12"
"21,21 : 0.0"
"21,22 : 28.43"
"21,23 : 55.08"
"21,24 : 24.84"
"21,25 : 10.44"
"21,26 : 35.47"
"21,27 : 29.0"
"21,28 : 33.84"
"21,29 : 74.53"
"21,30 : 42.58"
"21,31 : 71.84"
"21,32 : 30.02"
"21,33 : 102.94"
"21,34 : 58.69"
"21,35 : 63.01"
"21,36 : 35.06"
"21,37 : 91.18"
"21,38 : 69.43"
"21,39 : 79.4"
"21,40 : 53.76"
"21,41 : 34.71"
"21,42 : 20.62"
"21,43 : 70.29"
"21,44 : 67.68"
"21,45 : 53.23"
"21,46 : 99.7"
"21,47 : 48.04"
"21,48 : 77.08"
"21,49 : 87.98"
"21,50 : 89.94"
"21,51 : 56.59"
"21,52 : 59.03"
"21,53 : 11.31"
"21,54 : 49.82"
"21,55 : 87.73"
"21,56 : 7.21"
"21,57 : 64.88"
"21,58 : 31.11"
"21,59 : 9.22"
"21,60 : 79.91"
"21,61 : 111.52"
"21,62 : 60.21"
"21,63 : 27.07"
"21,64 : 74.09"
"21,65 : 32.76"
"21,66 : 94.3"
"21,67 : 84.69"
"21,68 : 71.03"
"21,69 : 43.42"
"21,70 : 25.06"
"21,71 : 48.7"
"21,72 : 38.9"
"21,73 : 12.04"
"21,74 : 79.43"
"21,75 : 13.0"
"21,76 : 101.02"
"21,77 : 85.63"
"21,78 : 16.64"
"21,79 : 49.5"
"21,80 : 53.04"
"21,81 : 80.06"
"21,82 : 65.25"
"21,83 : 82.76"
"21,84 : 30.81"
"21,85 : 41.18"
"21,86 : 52.01"
"21,87 : 89.27"
"21,88 : 35.85"
"21,89 : 66.75"
"21,90 : 42.3"
"21,91 : 55.22"
"21,92 : 78.92"
"21,93 : 66.57"
"21,94 : 41.15"
"21,95 : 62.18"
"21,96 : 66.91"
"21,97 : 108.07"
"21,98 : 38.08"
"21,99 : 40.45"
"22,0 : 39.36"
"22,1 : 68.25"
"22,2 : 66.89"
"22,3 : 60.11"
"22,4 : 28.02"
"22,5 : 52.0"
"22,6 : 63.07"
"22,7 : 41.59"
"22,8 : 42.05"
"22,9 : 47.51"
"22,10 : 61.72"
"22,11 : 66.71"
"22,12 : 63.29"
"22,13 : 20.59"
"22,14 : 50.8"
"22,15 : 42.01"
"22,16 : 45.28"
"22,17 : 68.15"
"22,18 : 49.24"
"22,19 : 21.38"
"22,20 : 57.71"
"22,21 : 28.43"
"22,22 : 0.0"
"22,23 : 44.65"
"22,24 : 41.05"
"22,25 : 20.62"
"22,26 : 12.08"
"22,27 : 43.05"
"22,28 : 6.08"
"22,29 : 66.29"
"22,30 : 28.3"
"22,31 : 47.04"
"22,32 : 37.85"
"22,33 : 75.21"
"22,34 : 42.06"
"22,35 : 45.19"
"22,36 : 23.85"
"22,37 : 67.9"
"22,38 : 41.04"
"22,39 : 52.35"
"22,40 : 32.28"
"22,41 : 16.28"
"22,42 : 26.17"
"22,43 : 41.87"
"22,44 : 48.51"
"22,45 : 26.48"
"22,46 : 71.51"
"22,47 : 32.8"
"22,48 : 48.84"
"22,49 : 59.94"
"22,50 : 64.51"
"22,51 : 28.6"
"22,52 : 32.02"
"22,53 : 29.53"
"22,54 : 38.18"
"22,55 : 59.4"
"22,56 : 30.0"
"22,57 : 37.34"
"22,58 : 44.18"
"22,59 : 23.85"
"22,60 : 51.66"
"22,61 : 83.82"
"22,62 : 53.26"
"22,63 : 21.93"
"22,64 : 48.1"
"22,65 : 6.08"
"22,66 : 66.04"
"22,67 : 61.0"
"22,68 : 42.72"
"22,69 : 26.4"
"22,70 : 44.41"
"22,71 : 24.08"
"22,72 : 38.95"
"22,73 : 38.95"
"22,74 : 70.49"
"22,75 : 40.36"
"22,76 : 74.73"
"22,77 : 57.63"
"22,78 : 45.0"
"22,79 : 42.45"
"22,80 : 42.44"
"22,81 : 61.66"
"22,82 : 41.01"
"22,83 : 55.15"
"22,84 : 3.0"
"22,85 : 45.69"
"22,86 : 41.05"
"22,87 : 60.88"
"22,88 : 39.0"
"22,89 : 52.15"
"22,90 : 29.41"
"22,91 : 28.79"
"22,92 : 60.83"
"22,93 : 38.47"
"22,94 : 19.42"
"22,95 : 37.66"
"22,96 : 44.55"
"22,97 : 80.45"
"22,98 : 13.34"
"22,99 : 35.61"
"23,0 : 7.28"
"23,1 : 69.86"
"23,2 : 63.25"
"23,3 : 18.03"
"23,4 : 16.64"
"23,5 : 92.62"
"23,6 : 38.21"
"23,7 : 32.25"
"23,8 : 27.46"
"23,9 : 6.08"
"23,10 : 65.76"
"23,11 : 76.24"
"23,12 : 32.2"
"23,13 : 24.21"
"23,14 : 68.88"
"23,15 : 41.63"
"23,16 : 58.31"
"23,17 : 26.02"
"23,18 : 37.64"
"23,19 : 33.12"
"23,20 : 25.61"
"23,21 : 55.08"
"23,22 : 44.65"
"23,23 : 0.0"
"23,24 : 42.15"
"23,25 : 45.4"
"23,26 : 55.32"
"23,27 : 39.36"
"23,28 : 47.51"
"23,29 : 21.63"
"23,30 : 16.4"
"23,31 : 80.06"
"23,32 : 31.38"
"23,33 : 73.05"
"23,34 : 12.37"
"23,35 : 86.56"
"23,36 : 68.51"
"23,37 : 46.86"
"23,38 : 55.73"
"23,39 : 50.8"
"23,40 : 72.47"
"23,41 : 60.61"
"23,42 : 66.73"
"23,43 : 57.87"
"23,44 : 21.1"
"23,45 : 60.21"
"23,46 : 74.73"
"23,47 : 76.49"
"23,48 : 58.01"
"23,49 : 78.52"
"23,50 : 51.88"
"23,51 : 44.27"
"23,52 : 63.06"
"23,53 : 63.95"
"23,54 : 82.46"
"23,55 : 67.19"
"23,56 : 61.4"
"23,57 : 64.62"
"23,58 : 38.08"
"23,59 : 58.25"
"23,60 : 60.01"
"23,61 : 80.23"
"23,62 : 9.85"
"23,63 : 28.44"
"23,64 : 42.76"
"23,65 : 49.04"
"23,66 : 81.02"
"23,67 : 42.72"
"23,68 : 62.59"
"23,69 : 19.1"
"23,70 : 47.01"
"23,71 : 62.63"
"23,72 : 20.12"
"23,73 : 56.72"
"23,74 : 25.94"
"23,75 : 67.03"
"23,76 : 64.01"
"23,77 : 61.52"
"23,78 : 64.94"
"23,79 : 7.21"
"23,80 : 2.24"
"23,81 : 28.84"
"23,82 : 76.16"
"23,83 : 77.67"
"23,84 : 46.4"
"23,85 : 25.5"
"23,86 : 3.61"
"23,87 : 70.11"
"23,88 : 24.6"
"23,89 : 94.79"
"23,90 : 15.26"
"23,91 : 36.4"
"23,92 : 27.46"
"23,93 : 61.98"
"23,94 : 27.66"
"23,95 : 32.0"
"23,96 : 81.84"
"23,97 : 76.69"
"23,98 : 55.17"
"23,99 : 15.3"
"24,0 : 43.57"
"24,1 : 100.4"
"24,2 : 96.21"
"24,3 : 45.01"
"24,4 : 35.36"
"24,5 : 90.8"
"24,6 : 78.49"
"24,7 : 64.44"
"24,8 : 61.52"
"24,9 : 39.29"
"24,10 : 94.67"
"24,11 : 102.42"
"24,12 : 73.82"
"24,13 : 36.89"
"24,14 : 28.0"
"24,15 : 1.41"
"24,16 : 81.02"
"24,17 : 66.71"
"24,18 : 72.14"
"24,19 : 50.54"
"24,20 : 67.12"
"24,21 : 24.84"
"24,22 : 41.05"
"24,23 : 42.15"
"24,24 : 0.0"
"24,25 : 22.8"
"24,26 : 52.09"
"24,27 : 4.47"
"24,28 : 47.1"
"24,29 : 57.14"
"24,30 : 36.77"
"24,31 : 88.09"
"24,32 : 10.77"
"24,33 : 105.8"
"24,34 : 50.48"
"24,35 : 83.74"
"24,36 : 56.92"
"24,37 : 86.4"
"24,38 : 77.08"
"24,39 : 81.61"
"24,40 : 72.34"
"24,41 : 53.76"
"24,42 : 44.94"
"24,43 : 78.55"
"24,44 : 60.46"
"24,45 : 67.36"
"24,46 : 104.62"
"24,47 : 69.38"
"24,48 : 83.19"
"24,49 : 98.67"
"24,50 : 88.39"
"24,51 : 63.16"
"24,52 : 72.69"
"24,53 : 36.12"
"24,54 : 72.45"
"24,55 : 93.94"
"24,56 : 31.83"
"24,57 : 77.47"
"24,58 : 6.71"
"24,59 : 33.29"
"24,60 : 85.88"
"24,61 : 114.02"
"24,62 : 43.57"
"24,63 : 23.71"
"24,64 : 74.65"
"24,65 : 47.01"
"24,66 : 103.82"
"24,67 : 80.92"
"24,68 : 80.96"
"24,69 : 39.7"
"24,70 : 5.0"
"24,71 : 65.0"
"24,72 : 22.14"
"24,73 : 18.38"
"24,74 : 62.13"
"24,75 : 31.3"
"24,76 : 100.42"
"24,77 : 90.21"
"24,78 : 25.5"
"24,79 : 35.11"
"24,80 : 40.72"
"24,81 : 70.66"
"24,82 : 82.01"
"24,83 : 94.83"
"24,84 : 44.05"
"24,85 : 20.02"
"24,86 : 40.25"
"24,87 : 96.15"
"24,88 : 17.72"
"24,89 : 88.89"
"24,90 : 35.38"
"24,91 : 58.67"
"24,92 : 69.32"
"24,93 : 77.62"
"24,94 : 42.54"
"24,95 : 61.85"
"24,96 : 85.15"
"24,97 : 110.42"
"24,98 : 54.01"
"24,99 : 27.29"
"25,0 : 43.01"
"25,1 : 86.98"
"25,2 : 84.5"
"25,3 : 55.95"
"25,4 : 31.14"
"25,5 : 68.07"
"25,6 : 74.33"
"25,7 : 55.47"
"25,8 : 54.23"
"25,9 : 45.61"
"25,10 : 80.66"
"25,11 : 86.61"
"25,12 : 72.18"
"25,13 : 27.51"
"25,14 : 31.11"
"25,15 : 24.04"
"25,16 : 65.0"
"25,17 : 71.34"
"25,18 : 63.53"
"25,19 : 37.01"
"25,20 : 65.76"
"25,21 : 10.44"
"25,22 : 20.62"
"25,23 : 45.4"
"25,24 : 22.8"
"25,25 : 0.0"
"25,26 : 30.15"
"25,27 : 26.0"
"25,28 : 26.57"
"25,29 : 65.52"
"25,30 : 32.25"
"25,31 : 66.75"
"25,32 : 24.08"
"25,33 : 93.43"
"25,34 : 48.37"
"25,35 : 61.0"
"25,36 : 34.18"
"25,37 : 80.78"
"25,38 : 60.8"
"25,39 : 69.66"
"25,40 : 50.01"
"25,41 : 31.14"
"25,42 : 24.08"
"25,43 : 61.85"
"25,44 : 57.27"
"25,45 : 46.84"
"25,46 : 90.61"
"25,47 : 46.57"
"25,48 : 68.12"
"25,49 : 80.5"
"25,50 : 79.76"
"25,51 : 47.51"
"25,52 : 52.5"
"25,53 : 18.68"
"25,54 : 49.77"
"25,55 : 78.87"
"25,56 : 16.03"
"25,57 : 57.94"
"25,58 : 27.73"
"25,59 : 13.42"
"25,60 : 70.94"
"25,61 : 101.98"
"25,62 : 51.24"
"25,63 : 17.03"
"25,64 : 64.07"
"25,65 : 25.96"
