x,y
58,45
91,35
82,53
62,6
45,9
48,50
29,56
18,6
91,76
57,60
28,97
5,38
41,83
45,11
10,19
7,78
46,35
83,6
39,68
38,42
17,91
69,65
67,41
21,40
21,21
81,52
0,15
0,47
26,87
10,49
57,49
15,28
5,70
7,58
91,31
88,72
48,37
48,3
76,55
58,46
84,26
48,99
45,97
27,5
8,16
26,27
41,27
11,52
19,17
22,53
94,9
86,70
91,49
77,4
49,36
65,5
76,4
62,55
3,96
69,87
43,59
39,45
13,7
40,56
49,27
3,61
60,73
52,68
49,88
10,96
37,15
67,28
73,82
37,45
53,30
39,74
3,47
65,35
5,26
74,40
75,59
22,17
6,3
88,70
77,16
23,64
38,96
9,56
39,60
24,70
28,93
37,53
76,12
60,31
52,41
84,52
57,73
95,22
46,7
16,2

Distanze
"0,0 : 0.0"
"0,1 : 34.48"
"0,2 : 25.3"
"0,3 : 39.2"
"0,4 : 38.28"
"0,5 : 11.18"
"0,6 : 31.02"
"0,7 : 55.87"
"0,8 : 45.28"
"0,9 : 15.03"
"0,10 : 60.03"
"0,11 : 53.46"
"0,12 : 41.63"
"0,13 : 36.4"
"0,14 : 54.59"
"0,15 : 60.75"
"0,16 : 15.62"
"0,17 : 46.32"
"0,18 : 29.83"
"0,19 : 20.22"
"0,20 : 61.62"
"0,21 : 22.83"
"0,22 : 9.85"
"0,23 : 37.34"
"0,24 : 44.1"
"0,25 : 24.04"
"0,26 : 65.3"
"0,27 : 58.03"
"0,28 : 52.8"
"0,29 : 48.17"
"0,30 : 4.12"
"0,31 : 46.24"
"0,32 : 58.6"
"0,33 : 52.63"
"0,34 : 35.85"
"0,35 : 40.36"
"0,36 : 12.81"
"0,37 : 43.17"
"0,38 : 20.59"
"0,39 : 1.0"
"0,40 : 32.2"
"0,41 : 54.92"
"0,42 : 53.6"
"0,43 : 50.61"
"0,44 : 57.8"
"0,45 : 36.72"
"0,46 : 24.76"
"0,47 : 47.52"
"0,48 : 48.01"
"0,49 : 36.88"
"0,50 : 50.91"
"0,51 : 37.54"
"0,52 : 33.24"
"0,53 : 45.19"
"0,54 : 12.73"
"0,55 : 40.61"
"0,56 : 44.78"
"0,57 : 10.77"
"0,58 : 75.01"
"0,59 : 43.42"
"0,60 : 20.52"
"0,61 : 19.0"
"0,62 : 58.9"
"0,63 : 21.1"
"0,64 : 20.12"
"0,65 : 57.28"
"0,66 : 28.07"
"0,67 : 23.77"
"0,68 : 43.93"
"0,69 : 70.04"
"0,70 : 36.62"
"0,71 : 19.24"
"0,72 : 39.92"
"0,73 : 21.0"
"0,74 : 15.81"
"0,75 : 34.67"
"0,76 : 55.04"
"0,77 : 12.21"
"0,78 : 56.3"
"0,79 : 16.76"
"0,80 : 22.02"
"0,81 : 45.61"
"0,82 : 66.84"
"0,83 : 39.05"
"0,84 : 34.67"
"0,85 : 39.82"
"0,86 : 54.78"
"0,87 : 50.22"
"0,88 : 24.21"
"0,89 : 42.2"
"0,90 : 56.6"
"0,91 : 22.47"
"0,92 : 37.59"
"0,93 : 14.14"
"0,94 : 7.21"
"0,95 : 26.93"
"0,96 : 28.02"
"0,97 : 43.57"
"0,98 : 39.85"
"0,99 : 60.11"
"1,0 : 34.48"
"1,1 : 0.0"
"1,2 : 20.12"
"1,3 : 41.01"
"1,4 : 52.84"
"1,5 : 45.54"
"1,6 : 65.46"
"1,7 : 78.55"
"1,8 : 41.0"
"1,9 : 42.2"
"1,10 : 88.39"
"1,11 : 86.05"
"1,12 : 69.31"
"1,13 : 51.88"
"1,14 : 82.57"
"1,15 : 94.37"
"1,16 : 45.0"
"1,17 : 30.08"
"1,18 : 61.59"
"1,19 : 53.46"
"1,20 : 92.8"
"1,21 : 37.2"
"1,22 : 24.74"
"1,23 : 70.18"
"1,24 : 71.39"
"1,25 : 19.72"
"1,26 : 93.17"
"1,27 : 91.79"
"1,28 : 83.24"
"1,29 : 82.2"
"1,30 : 36.77"
"1,31 : 76.32"
"1,32 : 92.85"
"1,33 : 87.09"
"1,34 : 4.0"
"1,35 : 37.12"
"1,36 : 43.05"
"1,37 : 53.6"
"1,38 : 25.0"
"1,39 : 34.79"
"1,40 : 11.4"
"1,41 : 77.1"
"1,42 : 77.2"
"1,43 : 70.68"
"1,44 : 85.15"
"1,45 : 65.49"
"1,46 : 50.64"
"1,47 : 81.79"
"1,48 : 74.22"
"1,49 : 71.31"
"1,50 : 26.17"
"1,51 : 35.36"
"1,52 : 14.0"
"1,53 : 34.01"
"1,54 : 42.01"
"1,55 : 39.7"
"1,56 : 34.44"
"1,57 : 35.23"
"1,58 : 107.07"
"1,59 : 56.46"
"1,60 : 53.67"
"1,61 : 52.95"
"1,62 : 82.87"
"1,63 : 55.15"
"1,64 : 42.76"
"1,65 : 91.76"
"1,66 : 49.04"
"1,67 : 51.09"
"1,68 : 67.62"
"1,69 : 101.4"
"1,70 : 57.58"
"1,71 : 25.0"
"1,72 : 50.33"
"1,73 : 54.92"
"1,74 : 38.33"
"1,75 : 65.0"
"1,76 : 88.81"
"1,77 : 26.0"
"1,78 : 86.47"
"1,79 : 17.72"
"1,80 : 28.84"
"1,81 : 71.31"
"1,82 : 90.82"
"1,83 : 35.13"
"1,84 : 23.6"
"1,85 : 73.93"
"1,86 : 80.81"
"1,87 : 84.65"
"1,88 : 57.7"
"1,89 : 75.59"
"1,90 : 85.63"
"1,91 : 56.92"
"1,92 : 27.46"
"1,93 : 31.26"
"1,94 : 39.46"
"1,95 : 18.38"
"1,96 : 50.99"
"1,97 : 13.6"
"1,98 : 53.0"
"1,99 : 81.94"
"2,0 : 25.3"
"2,1 : 20.12"
"2,2 : 0.0"
"2,3 : 51.08"
"2,4 : 57.49"
"2,5 : 34.13"
"2,6 : 53.08"
"2,7 : 79.4"
"2,8 : 24.7"
"2,9 : 25.96"
"2,10 : 69.66"
"2,11 : 78.45"
"2,12 : 50.8"
"2,13 : 55.97"
"2,14 : 79.62"
"2,15 : 79.06"
"2,16 : 40.25"
"2,17 : 47.01"
"2,18 : 45.54"
"2,19 : 45.35"
"2,20 : 75.29"
"2,21 : 17.69"
"2,22 : 19.21"
"2,23 : 62.37"
"2,24 : 68.88"
"2,25 : 1.41"
"2,26 : 90.38"
"2,27 : 82.22"
"2,28 : 65.51"
"2,29 : 72.11"
"2,30 : 25.32"
"2,31 : 71.51"
"2,32 : 78.85"
"2,33 : 75.17"
"2,34 : 23.77"
"2,35 : 19.92"
"2,36 : 37.58"
"2,37 : 60.46"
"2,38 : 6.32"
"2,39 : 25.0"
"2,40 : 27.07"
"2,41 : 57.2"
"2,42 : 57.49"
"2,43 : 73.0"
"2,44 : 82.73"
"2,45 : 61.74"
"2,46 : 48.55"
"2,47 : 71.01"
"2,48 : 72.56"
"2,49 : 60.0"
"2,50 : 45.61"
"2,51 : 17.46"
"2,52 : 9.85"
"2,53 : 49.25"
"2,54 : 37.12"
"2,55 : 50.92"
"2,56 : 49.37"
"2,57 : 20.1"
"2,58 : 89.94"
"2,59 : 36.4"
"2,60 : 39.46"
"2,61 : 43.74"
"2,62 : 82.93"
"2,63 : 42.11"
"2,64 : 42.01"
"2,65 : 79.4"
"2,66 : 29.73"
"2,67 : 33.54"
"2,68 : 48.1"
"2,69 : 83.86"
"2,70 : 58.9"
"2,71 : 29.15"
"2,72 : 30.36"
"2,73 : 45.71"
"2,74 : 37.01"
"2,75 : 47.85"
"2,76 : 79.23"
"2,77 : 24.76"
"2,78 : 81.6"
"2,79 : 15.26"
"2,80 : 9.22"
"2,81 : 69.97"
"2,82 : 90.97"
"2,83 : 18.03"
"2,84 : 37.34"
"2,85 : 60.02"
"2,86 : 61.52"
"2,87 : 73.06"
"2,88 : 43.57"
"2,89 : 60.44"
"2,90 : 67.2"
"2,91 : 45.0"
"2,92 : 41.44"
"2,93 : 31.11"
"2,94 : 32.31"
"2,95 : 2.24"
"2,96 : 32.02"
"2,97 : 33.62"
"2,98 : 58.41"
"2,99 : 83.41"
"3,0 : 39.2"
"3,1 : 41.01"
"3,2 : 51.08"
"3,3 : 0.0"
"3,4 : 17.26"
"3,5 : 46.17"
"3,6 : 59.91"
"3,7 : 44.0"
"3,8 : 75.77"
"3,9 : 54.23"
"3,10 : 97.14"
"3,11 : 65.37"
"3,12 : 79.81"
"3,13 : 17.72"
"3,14 : 53.6"
"3,15 : 90.6"
"3,16 : 33.12"
"3,17 : 21.0"
"3,18 : 66.13"
"3,19 : 43.27"
"3,20 : 96.18"
"3,21 : 59.41"
"3,22 : 35.36"
"3,23 : 53.26"
"3,24 : 43.66"
"3,25 : 49.77"
"3,26 : 62.65"
"3,27 : 74.33"
"3,28 : 88.64"
"3,29 : 67.48"
"3,30 : 43.29"
"3,31 : 51.89"
"3,32 : 85.7"
"3,33 : 75.69"
"3,34 : 38.29"
"3,35 : 70.94"
"3,36 : 34.01"
"3,37 : 14.32"
"3,38 : 50.96"
"3,39 : 40.2"
"3,40 : 29.73"
"3,41 : 94.05"
"3,42 : 92.57"
"3,43 : 35.01"
"3,44 : 54.92"
"3,45 : 41.68"
"3,46 : 29.7"
"3,47 : 68.68"
"3,48 : 44.38"
"3,49 : 61.72"
"3,50 : 32.14"
"3,51 : 68.35"
"3,52 : 51.87"
"3,53 : 15.13"
"3,54 : 32.7"
"3,55 : 3.16"
"3,56 : 14.14"
"3,57 : 49.0"
"3,58 : 107.62"
"3,59 : 81.3"
"3,60 : 56.3"
"3,61 : 45.28"
"3,62 : 49.01"
"3,63 : 54.63"
"3,64 : 24.7"
"3,65 : 80.66"
"3,66 : 67.03"
"3,67 : 62.8"
"3,68 : 83.02"
"3,69 : 103.94"
"3,70 : 26.57"
"3,71 : 22.56"
"3,72 : 76.79"
"3,73 : 46.32"
"3,74 : 25.63"
"3,75 : 71.78"
"3,76 : 71.85"
"3,77 : 29.15"
"3,78 : 60.41"
"3,79 : 36.06"
"3,80 : 54.57"
"3,81 : 41.48"
"3,82 : 56.08"
"3,83 : 69.08"
"3,84 : 18.03"
"3,85 : 69.89"
"3,86 : 93.15"
"3,87 : 72.86"
"3,88 : 58.69"
"3,89 : 74.43"
"3,90 : 93.41"
"3,91 : 53.24"
"3,92 : 15.23"
"3,93 : 25.08"
"3,94 : 36.4"
"3,95 : 50.99"
"3,96 : 67.19"
"3,97 : 36.67"
"3,98 : 16.03"
"3,99 : 46.17"
"4,0 : 38.28"
"4,1 : 52.84"
"4,2 : 57.49"
"4,3 : 17.26"
"4,4 : 0.0"
"4,5 : 41.11"
"4,6 : 49.65"
"4,7 : 27.17"
"4,8 : 81.27"
"4,9 : 52.39"
"4,10 : 89.63"
"4,11 : 49.41"
"4,12 : 74.11"
"4,13 : 2.0"
"4,14 : 36.4"
"4,15 : 78.77"
"4,16 : 26.02"
"4,17 : 38.12"
"4,18 : 59.3"
"4,19 : 33.73"
"4,20 : 86.65"
"4,21 : 60.93"
"4,22 : 38.83"
"4,23 : 39.2"
"4,24 : 26.83"
"4,25 : 56.08"
"4,26 : 45.4"
"4,27 : 58.9"
"4,28 : 80.28"
"4,29 : 53.15"
"4,30 : 41.76"
"4,31 : 35.51"
"4,32 : 72.95"
"4,33 : 62.01"
"4,34 : 50.99"
"4,35 : 76.28"
"4,36 : 28.16"
"4,37 : 6.71"
"4,38 : 55.47"
"4,39 : 39.22"
"4,40 : 42.54"
"4,41 : 90.05"
"4,42 : 88.0"
"4,43 : 18.44"
"4,44 : 37.66"
"4,45 : 26.17"
"4,46 : 18.44"
"4,47 : 54.82"
"4,48 : 27.2"
"4,49 : 49.65"
"4,50 : 49.0"
"4,51 : 73.5"
"4,52 : 60.96"
"4,53 : 32.39"
"4,54 : 27.29"
"4,55 : 20.4"
"4,56 : 31.4"
"4,57 : 49.04"
"4,58 : 96.61"
"4,59 : 81.61"
"4,60 : 50.04"
"4,61 : 36.5"
"4,62 : 32.06"
"4,63 : 47.27"
"4,64 : 18.44"
"4,65 : 66.84"
"4,66 : 65.73"
"4,67 : 59.41"
"4,68 : 79.1"
"4,69 : 93.78"
"4,70 : 10.0"
"4,71 : 29.07"
"4,72 : 78.19"
"4,73 : 36.88"
"4,74 : 22.47"
"4,75 : 65.28"
"4,76 : 56.64"
"4,77 : 32.8"
"4,78 : 43.46"
"4,79 : 42.45"
"4,80 : 58.31"
"4,81 : 24.35"
"4,82 : 39.46"
"4,83 : 74.63"
"4,84 : 32.76"
"4,85 : 59.24"
"4,86 : 87.28"
"4,87 : 59.2"
"4,88 : 51.35"
"4,89 : 64.51"
"4,90 : 85.7"
"4,91 : 44.72"
"4,92 : 31.14"
"4,93 : 26.63"
"4,94 : 32.76"
"4,95 : 58.05"
"4,96 : 65.12"
"4,97 : 51.66"
"4,98 : 2.24"
"4,99 : 29.83"
"5,0 : 11.18"
"5,1 : 45.54"
"5,2 : 34.13"
"5,3 : 46.17"
"5,4 : 41.11"
"5,5 : 0.0"
"5,6 : 19.92"
"5,7 : 53.25"
"5,8 : 50.25"
"5,9 : 13.45"
"5,10 : 51.08"
"5,11 : 44.64"
"5,12 : 33.73"
"5,13 : 39.12"
"5,14 : 49.04"
"5,15 : 49.65"
"5,16 : 15.13"
"5,17 : 56.22"
"5,18 : 20.12"
"5,19 : 12.81"
"5,20 : 51.4"
"5,21 : 25.81"
"5,22 : 21.02"
"5,23 : 28.79"
"5,24 : 39.62"
"5,25 : 33.06"
"5,26 : 59.41"
"5,27 : 48.09"
"5,28 : 43.05"
"5,29 : 38.01"
"5,30 : 9.06"
"5,31 : 39.66"
"5,32 : 47.42"
"5,33 : 41.77"
"5,34 : 47.01"
"5,35 : 45.65"
"5,36 : 13.0"
"5,37 : 47.0"
"5,38 : 28.44"
"5,39 : 10.77"
"5,40 : 43.27"
"5,41 : 49.0"
"5,42 : 47.1"
"5,43 : 49.66"
"5,44 : 52.5"
"5,45 : 31.83"
"5,46 : 24.04"
"5,47 : 37.05"
"5,48 : 43.93"
"5,49 : 26.17"
"5,50 : 61.62"
"5,51 : 42.94"
"5,52 : 43.01"
"5,53 : 54.38"
"5,54 : 14.04"
"5,55 : 48.1"
"5,56 : 53.85"
"5,57 : 14.87"
"5,58 : 64.35"
"5,59 : 42.54"
"5,60 : 10.3"
"5,61 : 10.3"
"5,62 : 55.44"
"5,63 : 10.0"
"5,64 : 23.02"
"5,65 : 46.32"
"5,66 : 25.94"
"5,67 : 18.44"
"5,68 : 38.01"
"5,69 : 59.67"
"5,70 : 36.69"
"5,71 : 29.07"
"5,72 : 40.61"
"5,73 : 12.08"
"5,74 : 20.62"
"5,75 : 25.63"
"5,76 : 45.1"
"5,77 : 22.67"
"5,78 : 49.24"
"5,79 : 27.86"
"5,80 : 28.46"
"5,81 : 42.01"
"5,82 : 63.03"
"5,83 : 44.72"
"5,84 : 44.69"
"5,85 : 28.65"
"5,86 : 47.07"
"5,87 : 39.46"
"5,88 : 13.45"
"5,89 : 31.24"
"5,90 : 47.42"
"5,91 : 11.4"
"5,92 : 47.2"
"5,93 : 22.47"
"5,94 : 9.85"
"5,95 : 36.06"
"5,96 : 24.7"
"5,97 : 54.71"
"5,98 : 43.05"
"5,99 : 57.69"
"6,0 : 31.02"
"6,1 : 65.46"
"6,2 : 53.08"
"6,3 : 59.91"
"6,4 : 49.65"
"6,5 : 19.92"
"6,6 : 0.0"
"6,7 : 51.2"
"6,8 : 65.15"
"6,9 : 28.28"
"6,10 : 41.01"
"6,11 : 30.0"
"6,12 : 29.55"
"6,13 : 47.76"
"6,14 : 41.59"
"6,15 : 31.11"
"6,16 : 27.02"
"6,17 : 73.59"
"6,18 : 15.62"
"6,19 : 16.64"
"6,20 : 37.0"
"6,21 : 41.0"
"6,22 : 40.85"
"6,23 : 17.89"
"6,24 : 35.9"
"6,25 : 52.15"
"6,26 : 50.22"
"6,27 : 30.36"
"6,28 : 31.14"
"6,29 : 20.25"
"6,30 : 28.86"
"6,31 : 31.3"
"6,32 : 27.78"
"6,33 : 22.09"
"6,34 : 66.85"
"6,35 : 61.13"
"6,36 : 26.87"
"6,37 : 56.3"
"6,38 : 47.01"
"6,39 : 30.68"
"6,40 : 62.65"
"6,41 : 47.01"
"6,42 : 44.01"
"6,43 : 51.04"
"6,44 : 45.18"
"6,45 : 29.15"
"6,46 : 31.38"
"6,47 : 18.44"
"6,48 : 40.26"
"6,49 : 7.62"
"6,50 : 80.21"
"6,51 : 58.69"
"6,52 : 62.39"
"6,53 : 70.77"
"6,54 : 28.28"
"6,55 : 62.43"
"6,56 : 70.09"
"6,57 : 33.02"
"6,58 : 47.71"
"6,59 : 50.61"
"6,60 : 14.32"
"6,61 : 14.87"
"6,62 : 51.55"
"6,63 : 11.0"
"6,64 : 35.23"
"6,65 : 26.48"
"6,66 : 35.36"
"6,67 : 25.94"
"6,68 : 37.74"
"6,69 : 44.28"
"6,70 : 41.77"
"6,71 : 47.2"
"6,72 : 51.11"
"6,73 : 13.6"
"6,74 : 35.38"
"6,75 : 20.59"
"6,76 : 27.51"
"6,77 : 41.68"
"6,78 : 38.42"
"6,79 : 47.76"
"6,80 : 46.1"
"6,81 : 39.62"
"6,82 : 57.78"
"6,83 : 60.64"
"6,84 : 62.48"
"6,85 : 10.0"
"6,86 : 41.0"
"6,87 : 20.0"
"6,88 : 10.77"
"6,89 : 14.87"
"6,90 : 37.01"
"6,91 : 8.54"
"6,92 : 64.38"
"6,93 : 39.82"
"6,94 : 27.46"
"6,95 : 55.15"
"6,96 : 32.76"
"6,97 : 74.24"
"6,98 : 51.87"
"6,99 : 55.54"
"7,0 : 55.87"
"7,1 : 78.55"
"7,2 : 79.4"
"7,3 : 44.0"
"7,4 : 27.17"
"7,5 : 53.25"
"7,6 : 51.2"
"7,7 : 0.0"
"7,8 : 101.14"
"7,9 : 66.61"
"7,10 : 91.55"
"7,11 : 34.54"
"7,12 : 80.36"
"7,13 : 27.46"
"7,14 : 15.26"
"7,15 : 72.84"
"7,16 : 40.31"
"7,17 : 65.0"
"7,18 : 65.46"
"7,19 : 41.18"
"7,20 : 85.01"
"7,21 : 77.99"
"7,22 : 60.22"
"7,23 : 34.13"
"7,24 : 15.3"
"7,25 : 78.01"
"7,26 : 20.12"
"7,27 : 44.78"
"7,28 : 81.39"
"7,29 : 43.74"
"7,30 : 58.05"
"7,31 : 22.2"
"7,32 : 65.31"
"7,33 : 53.15"
"7,34 : 77.16"
"7,35 : 96.21"
"7,36 : 43.14"
"7,37 : 30.15"
"7,38 : 75.93"
"7,39 : 56.57"
"7,40 : 68.96"
"7,41 : 97.72"
"7,42 : 94.92"
"7,43 : 9.06"
"7,44 : 14.14"
"7,45 : 22.47"
"7,46 : 31.14"
"7,47 : 46.53"
"7,48 : 11.05"
"7,49 : 47.17"
"7,50 : 76.06"
"7,51 : 93.38"
"7,52 : 84.72"
"7,53 : 59.03"
"7,54 : 43.14"
"7,55 : 47.01"
"7,56 : 58.03"
"7,57 : 65.86"
"7,58 : 91.24"
"7,59 : 95.72"
"7,60 : 58.6"
"7,61 : 44.29"
"7,62 : 5.1"
"7,63 : 54.63"
"7,64 : 37.44"
"7,65 : 57.01"
"7,66 : 79.08"
"7,67 : 70.71"
"7,68 : 87.66"
"7,69 : 90.35"
"7,70 : 21.02"
"7,71 : 53.71"
"7,72 : 93.81"
"7,73 : 43.38"
"7,74 : 42.44"
"7,75 : 71.17"
"7,76 : 43.66"
"7,77 : 55.23"
"7,78 : 23.85"
"7,79 : 65.51"
"7,80 : 77.83"
"7,81 : 11.7"
"7,82 : 12.37"
"7,83 : 94.85"
"7,84 : 59.84"
"7,85 : 58.22"
"7,86 : 92.2"
"7,87 : 50.8"
"7,88 : 57.94"
"7,89 : 64.28"
"7,90 : 87.57"
"7,91 : 50.7"
"7,92 : 58.31"
"7,93 : 48.88"
"7,94 : 48.8"
"7,95 : 80.45"
"7,96 : 77.52"
"7,97 : 78.64"
"7,98 : 28.02"
"7,99 : 4.47"
"8,0 : 45.28"
"8,1 : 41.0"
"8,2 : 24.7"
"8,3 : 75.77"
"8,4 : 81.27"
"8,5 : 50.25"
"8,6 : 65.15"
"8,7 : 101.14"
"8,8 : 0.0"
"8,9 : 37.58"
"8,10 : 66.41"
"8,11 : 94.02"
"8,12 : 50.49"
"8,13 : 79.63"
"8,14 : 99.05"
"8,15 : 84.02"
"8,16 : 60.88"
"8,17 : 70.46"
"8,18 : 52.61"
"8,19 : 62.97"
"8,20 : 75.5"
"8,21 : 24.6"
"8,22 : 42.44"
"8,23 : 78.71"
"8,24 : 89.02"
"8,25 : 26.0"
"8,26 : 109.55"
"8,27 : 95.51"
"8,28 : 65.92"
"8,29 : 85.38"
"8,30 : 43.42"
"8,31 : 89.89"
"8,32 : 86.21"
"8,33 : 85.91"
"8,34 : 45.0"
"8,35 : 5.0"
"8,36 : 58.05"
"8,37 : 84.72"
"8,38 : 25.81"
"8,39 : 44.6"
"8,40 : 50.49"
"8,41 : 48.76"
"8,42 : 50.57"
"8,43 : 95.59"
"8,44 : 102.42"
"8,45 : 81.4"
"8,46 : 70.01"
"8,47 : 83.52"
"8,48 : 93.09"
"8,49 : 72.73"
"8,50 : 67.07"
"8,51 : 7.81"
"8,52 : 27.0"
"8,53 : 73.35"
"8,54 : 58.0"
"8,55 : 75.61"
"8,56 : 73.55"
"8,57 : 35.81"
"8,58 : 90.24"
"8,59 : 24.6"
"8,60 : 50.92"
"8,61 : 60.54"
"8,62 : 104.14"
"8,63 : 54.78"
"8,64 : 64.54"
"8,65 : 89.27"
"8,66 : 31.14"
"8,67 : 39.81"
"8,68 : 43.68"
"8,69 : 83.43"
"8,70 : 81.47"
"8,71 : 53.67"
"8,72 : 18.97"
"8,73 : 62.27"
"8,74 : 59.67"
"8,75 : 52.04"
"8,76 : 92.66"
"8,77 : 48.55"
"8,78 : 99.48"
"8,79 : 39.81"
"8,80 : 23.35"
"8,81 : 90.79"
"8,82 : 112.04"
"8,83 : 6.71"
"8,84 : 61.61"
"8,85 : 69.05"
"8,86 : 56.65"
"8,87 : 84.4"
"8,88 : 54.41"
"8,89 : 67.27"
"8,90 : 65.25"
"8,91 : 58.69"
"8,92 : 65.73"
"8,93 : 54.64"
"8,94 : 52.4"
"8,95 : 25.0"
"8,96 : 34.13"
"8,97 : 54.15"
"8,98 : 82.38"
"8,99 : 105.36"
"9,0 : 15.03"
"9,1 : 42.2"
"9,2 : 25.96"
"9,3 : 54.23"
"9,4 : 52.39"
"9,5 : 13.45"
"9,6 : 28.28"
"9,7 : 66.61"
"9,8 : 37.58"
"9,9 : 0.0"
"9,10 : 47.01"
"9,11 : 56.46"
"9,12 : 28.02"
"9,13 : 50.45"
"9,14 : 62.37"
"9,15 : 53.14"
"9,16 : 27.31"
"9,17 : 59.93"
"9,18 : 19.7"
"9,19 : 26.17"
"9,20 : 50.61"
"9,21 : 13.0"
"9,22 : 21.47"
"9,23 : 41.18"
"9,24 : 53.08"
"9,25 : 25.3"
"9,26 : 72.62"
"9,27 : 58.46"
"9,28 : 41.11"
"9,29 : 48.27"
"9,30 : 11.0"
"9,31 : 52.8"
"9,32 : 52.95"
"9,33 : 50.04"
"9,34 : 44.69"
"9,35 : 33.24"
"9,36 : 24.7"
"9,37 : 57.71"
"9,38 : 19.65"
"9,39 : 14.04"
"9,40 : 43.42"
"9,41 : 40.02"
"9,42 : 38.9"
"9,43 : 62.65"
"9,44 : 65.86"
"9,45 : 45.28"
"9,46 : 36.67"
"9,47 : 46.69"
"9,48 : 57.38"
"9,49 : 35.69"
"9,50 : 63.01"
"9,51 : 30.68"
"9,52 : 35.74"
"9,53 : 59.46"
"9,54 : 25.3"
"9,55 : 55.58"
"9,56 : 59.14"
"9,57 : 7.07"
"9,58 : 64.9"
"9,59 : 29.55"
"9,60 : 14.04"
"9,61 : 23.43"
"9,62 : 68.88"
"9,63 : 17.46"
"9,64 : 33.96"
"9,65 : 54.01"
"9,66 : 13.34"
"9,67 : 9.43"
"9,68 : 29.12"
"9,69 : 59.2"
"9,70 : 49.24"
"9,71 : 33.53"
"9,72 : 27.2"
"9,73 : 25.0"
"9,74 : 30.27"
"9,75 : 22.8"
"9,76 : 55.54"
"9,77 : 26.25"
"9,78 : 62.13"
"9,79 : 26.25"
"9,80 : 18.03"
"9,81 : 55.44"
"9,82 : 76.49"
"9,83 : 32.57"
"9,84 : 48.33"
"9,85 : 34.23"
"9,86 : 40.71"
"9,87 : 48.17"
"9,88 : 18.0"
"9,89 : 34.48"
"9,90 : 43.93"
"9,91 : 21.19"
"9,92 : 51.62"
"9,93 : 29.15"
"9,94 : 19.65"
"9,95 : 28.16"
"9,96 : 13.0"
"9,97 : 53.74"
"9,98 : 54.13"
"9,99 : 71.03"
"10,0 : 60.03"
"10,1 : 88.39"
"10,2 : 69.66"
"10,3 : 97.14"
"10,4 : 89.63"
"10,5 : 51.08"
"10,6 : 41.01"
"10,7 : 91.55"
"10,8 : 66.41"
"10,9 : 47.01"
"10,10 : 0.0"
"10,11 : 63.32"
"10,12 : 19.1"
"10,13 : 87.66"
"10,14 : 80.05"
"10,15 : 28.32"
"10,16 : 64.56"
"10,17 : 106.33"
"10,18 : 31.02"
"10,19 : 55.9"
"10,20 : 12.53"
"10,21 : 52.01"
"10,22 : 68.24"
"10,23 : 57.43"
"10,24 : 76.32"
"10,25 : 69.53"
"10,26 : 86.65"
"10,27 : 57.31"
"10,28 : 10.2"
"10,29 : 51.26"
"10,30 : 56.08"
"10,31 : 70.21"
"10,32 : 35.47"
"10,33 : 44.29"
"10,34 : 91.24"
"10,35 : 65.0"
"10,36 : 63.25"
"10,37 : 96.1"
"10,38 : 63.78"
"10,39 : 59.17"
"10,40 : 90.43"
"10,41 : 20.1"
"10,42 : 17.0"
"10,43 : 92.01"
"10,44 : 83.43"
"10,45 : 70.03"
"10,46 : 71.2"
"10,47 : 48.1"
"10,48 : 80.5"
"10,49 : 44.41"
"10,50 : 110.0"
"10,51 : 63.98"
"10,52 : 79.2"
"10,53 : 105.12"
"10,54 : 64.51"
"10,55 : 99.16"
"10,56 : 104.66"
"10,57 : 54.04"
"10,58 : 25.02"
"10,59 : 42.2"
"10,60 : 40.85"
"10,61 : 53.15"
"10,62 : 91.24"
"10,63 : 42.72"
"10,64 : 73.08"
"10,65 : 43.83"
"10,66 : 40.0"
"10,67 : 37.64"
"10,68 : 22.85"
"10,69 : 18.03"
"10,70 : 82.49"
"10,71 : 79.26"
"10,72 : 47.43"
"10,73 : 52.77"
"10,74 : 71.51"
"10,75 : 25.5"
"10,76 : 55.9"
"10,77 : 72.2"
"10,78 : 74.63"
"10,79 : 73.25"
"10,80 : 60.44"
"10,81 : 80.22"
"10,82 : 96.54"
"10,83 : 65.8"
"10,84 : 94.67"
"10,85 : 33.38"
"10,86 : 10.05"
"10,87 : 45.19"
"10,88 : 38.6"
"10,89 : 27.29"
"10,90 : 4.0"
"10,91 : 44.91"
"10,92 : 97.62"
"10,93 : 73.35"
"10,94 : 60.93"
"10,95 : 71.84"
"10,96 : 37.64"
"10,97 : 100.57"
"10,98 : 91.78"
"10,99 : 95.75"
"11,0 : 53.46"
"11,1 : 86.05"
"11,2 : 78.45"
"11,3 : 65.37"
"11,4 : 49.41"
"11,5 : 44.64"
"11,6 : 30.0"
"11,7 : 34.54"
"11,8 : 94.02"
"11,9 : 56.46"
"11,10 : 63.32"
"11,11 : 0.0"
"11,12 : 57.63"
"11,13 : 48.26"
"11,14 : 19.65"
"11,15 : 40.05"
"11,16 : 41.11"
"11,17 : 84.31"
"11,18 : 45.34"
"11,19 : 33.24"
"11,20 : 54.34"
"11,21 : 69.46"
"11,22 : 62.07"
"11,23 : 16.12"
"11,24 : 23.35"
"11,25 : 77.28"
"11,26 : 23.54"
"11,27 : 10.3"
"11,28 : 53.31"
"11,29 : 12.08"
"11,30 : 53.15"
"11,31 : 14.14"
"11,32 : 32.0"
"11,33 : 20.1"
"11,34 : 86.28"
"11,35 : 89.69"
"11,36 : 43.01"
"11,37 : 55.44"
"11,38 : 73.01"
"11,39 : 53.6"
"11,40 : 79.91"
"11,41 : 74.63"
"11,42 : 71.28"
"11,43 : 39.66"
"11,44 : 22.2"
"11,45 : 23.71"
"11,46 : 37.64"
"11,47 : 15.23"
"11,48 : 25.24"
"11,49 : 22.67"
"11,50 : 93.61"
"11,51 : 87.09"
"11,52 : 86.7"
"11,53 : 79.62"
"11,54 : 44.05"
"11,55 : 68.48"
"11,56 : 78.72"
"11,57 : 59.48"
"11,58 : 58.03"
"11,59 : 80.6"
"11,60 : 43.42"
"11,61 : 34.71"
"11,62 : 32.02"
"11,63 : 39.36"
"11,64 : 45.35"
"11,65 : 23.09"
"11,66 : 65.19"
"11,67 : 55.76"
"11,68 : 66.6"
"11,69 : 58.22"
"11,70 : 39.41"
"11,71 : 62.8"
"11,72 : 80.99"
"11,73 : 32.76"
"11,74 : 48.66"
"11,75 : 49.52"
"11,76 : 9.22"
"11,77 : 60.07"
"11,78 : 12.0"
"11,79 : 69.03"
"11,80 : 73.08"
"11,81 : 27.02"
"11,82 : 35.01"
"11,83 : 88.96"
"11,84 : 75.29"
"11,85 : 31.62"
"11,86 : 66.73"
"11,87 : 18.44"
"11,88 : 40.5"
"11,89 : 37.22"
"11,90 : 59.62"
"11,91 : 35.34"
"11,92 : 75.61"
"11,93 : 55.44"
"11,94 : 47.1"
"11,95 : 80.23"
"11,96 : 62.68"
"11,97 : 91.41"
"11,98 : 51.4"
"11,99 : 37.64"
"12,0 : 41.63"
"12,1 : 69.31"
"12,2 : 50.8"
"12,3 : 79.81"
"12,4 : 74.11"
"12,5 : 33.73"
"12,6 : 29.55"
"12,7 : 80.36"
"12,8 : 50.49"
"12,9 : 28.02"
"12,10 : 19.1"
"12,11 : 57.63"
"12,12 : 0.0"
"12,13 : 72.11"
"12,14 : 71.11"
"12,15 : 34.37"
"12,16 : 48.26"
"12,17 : 87.71"
"12,18 : 15.13"
"12,19 : 41.11"
"12,20 : 25.3"
"12,21 : 33.29"
"12,22 : 49.4"
"12,23 : 47.42"
"12,24 : 65.15"
"12,25 : 50.61"
"12,26 : 79.4"
"12,27 : 54.56"
"12,28 : 15.52"
"12,29 : 46.01"
"12,30 : 37.58"
"12,31 : 60.84"
"12,32 : 38.28"
"12,33 : 42.2"
"12,34 : 72.14"
"12,35 : 48.27"
"12,36 : 46.53"
"12,37 : 80.31"
"12,38 : 44.82"
"12,39 : 40.72"
"12,40 : 71.4"
"12,41 : 17.46"
"12,42 : 14.56"
"12,43 : 79.25"
"12,44 : 74.69"
"12,45 : 57.97"
"12,46 : 56.0"
"12,47 : 43.14"
"12,48 : 69.57"
"12,49 : 35.51"
"12,50 : 91.02"
"12,51 : 46.84"
"12,52 : 60.46"
"12,53 : 86.82"
"12,54 : 47.68"
"12,55 : 81.61"
"12,56 : 86.41"
"12,57 : 35.0"
"12,58 : 40.16"
"12,59 : 28.28"
"12,60 : 24.08"
"12,61 : 38.05"
"12,62 : 80.99"
"12,63 : 27.02"
"12,64 : 56.57"
"12,65 : 43.91"
"12,66 : 21.47"
"12,67 : 18.6"
"12,68 : 9.43"
"12,69 : 33.62"
"12,70 : 68.12"
"12,71 : 60.84"
"12,72 : 32.02"
"12,73 : 38.21"
"12,74 : 54.34"
"12,75 : 9.22"
"12,76 : 52.35"
"12,77 : 53.67"
"12,78 : 67.42"
"12,79 : 54.2"
"12,80 : 41.62"
"12,81 : 68.68"
"12,82 : 87.32"
"12,83 : 48.76"
"12,84 : 76.06"
"12,85 : 26.17"
"12,86 : 13.34"
"12,87 : 41.87"
"12,88 : 23.09"
"12,89 : 21.4"
"12,90 : 16.4"
"12,91 : 30.27"
"12,92 : 79.16"
"12,93 : 55.36"
"12,94 : 43.42"
"12,95 : 53.01"
"12,96 : 18.87"
"12,97 : 81.47"
"12,98 : 76.16"
"12,99 : 84.77"
"13,0 : 36.4"
"13,1 : 51.88"
"13,2 : 55.97"
"13,3 : 17.72"
"13,4 : 2.0"
"13,5 : 39.12"
"13,6 : 47.76"
"13,7 : 27.46"
"13,8 : 79.63"
"13,9 : 50.45"
"13,10 : 87.66"
"13,11 : 48.26"
"13,12 : 72.11"
"13,13 : 0.0"
"13,14 : 35.9"
"13,15 : 77.03"
"13,16 : 24.02"
"13,17 : 38.33"
"13,18 : 57.31"
"13,19 : 31.78"
"13,20 : 84.76"
"13,21 : 59.09"
"13,22 : 37.2"
"13,23 : 37.64"
"13,24 : 26.0"
"13,25 : 54.56"
"13,26 : 45.18"
"13,27 : 57.63"
"13,28 : 78.34"
"13,29 : 51.66"
"13,30 : 39.85"
"13,31 : 34.48"
"13,32 : 71.28"
"13,33 : 60.44"
"13,34 : 50.16"
"13,35 : 74.63"
"13,36 : 26.17"
"13,37 : 8.54"
"13,38 : 53.82"
"13,39 : 37.34"
"13,40 : 41.79"
"13,41 : 88.05"
"13,42 : 86.0"
"13,43 : 18.97"
"13,44 : 37.34"
"13,45 : 24.84"
"13,46 : 16.49"
"13,47 : 53.26"
"13,48 : 26.68"
"13,49 : 47.89"
"13,50 : 49.04"
"13,51 : 71.85"
"13,52 : 59.67"
"13,53 : 32.76"
"13,54 : 25.32"
"13,55 : 20.88"
"13,56 : 31.78"
"13,57 : 47.17"
"13,58 : 94.81"
"13,59 : 79.7"
"13,60 : 48.04"
"13,61 : 34.53"
"13,62 : 32.25"
"13,63 : 45.28"
"13,64 : 16.49"
"13,65 : 65.3"
"13,66 : 63.79"
"13,67 : 57.43"
"13,68 : 77.1"
"13,69 : 91.92"
"13,70 : 8.94"
"13,71 : 27.8"
"13,72 : 76.32"
"13,73 : 34.93"
"13,74 : 20.62"
"13,75 : 63.29"
"13,76 : 55.32"
"13,77 : 31.24"
"13,78 : 42.72"
"13,79 : 41.01"
"13,80 : 56.6"
"13,81 : 23.77"
"13,82 : 39.81"
"13,83 : 73.01"
"13,84 : 32.39"
"13,85 : 57.38"
"13,86 : 85.29"
"13,87 : 57.63"
"13,88 : 49.37"
"13,89 : 62.63"
"13,90 : 83.74"
"13,91 : 42.76"
"13,92 : 31.02"
"13,93 : 25.0"
"13,94 : 30.81"
"13,95 : 56.59"
"13,96 : 63.15"
"13,97 : 51.2"
"13,98 : 4.12"
"13,99 : 30.36"
"14,0 : 54.59"
"14,1 : 82.57"
"14,2 : 79.62"
"14,3 : 53.6"
"14,4 : 36.4"
"14,5 : 49.04"
"14,6 : 41.59"
"14,7 : 15.26"
"14,8 : 99.05"
"14,9 : 62.37"
"14,10 : 80.05"
"14,11 : 19.65"
"14,12 : 71.11"
"14,13 : 35.9"
"14,14 : 0.0"
"14,15 : 59.08"
"14,16 : 39.4"
"14,17 : 74.15"
"14,18 : 56.94"
"14,19 : 36.24"
"14,20 : 72.34"
"14,21 : 74.81"
"14,22 : 61.1"
"14,23 : 23.71"
"14,24 : 11.18"
"14,25 : 78.29"
"14,26 : 10.77"
"14,27 : 29.73"
"14,28 : 69.86"
"14,29 : 30.0"
"14,30 : 55.76"
"14,31 : 10.3"
"14,32 : 51.24"
"14,33 : 39.12"
"14,34 : 81.88"
"14,35 : 94.3"
"14,36 : 42.05"
"14,37 : 41.23"
"14,38 : 75.18"
"14,39 : 55.07"
"14,40 : 74.33"
"14,41 : 88.57"
"14,42 : 85.49"
"14,43 : 22.02"
"14,44 : 3.61"
"14,45 : 17.89"
"14,46 : 32.02"
"14,47 : 33.02"
"14,48 : 9.22"
"14,49 : 36.06"
"14,50 : 84.59"
"14,51 : 91.53"
"14,52 : 86.38"
"14,53 : 68.66"
"14,54 : 42.54"
"14,55 : 56.75"
"14,56 : 67.68"
"14,57 : 63.25"
"14,58 : 77.32"
"14,59 : 90.03"
"14,60 : 51.86"
"14,61 : 38.95"
"14,62 : 12.37"
"14,63 : 47.63"
"14,64 : 39.81"
"14,65 : 42.58"
"14,66 : 73.59"
"14,67 : 64.54"
"14,68 : 79.26"
"14,69 : 77.0"
"14,70 : 27.29"
"14,71 : 57.71"
"14,72 : 89.1"
"14,73 : 37.48"
"14,74 : 44.38"
"14,75 : 62.18"
"14,76 : 28.86"
"14,77 : 57.28"
"14,78 : 8.6"
"14,79 : 67.36"
"14,80 : 76.32"
"14,81 : 12.17"
"14,82 : 16.49"
"14,83 : 93.19"
"14,84 : 67.07"
"14,85 : 46.84"
"14,86 : 81.93"
"14,87 : 37.01"
"14,88 : 50.22"
"14,89 : 52.89"
"14,90 : 76.16"
"14,91 : 43.42"
"14,92 : 66.37"
"14,93 : 51.42"
"14,94 : 47.41"
"14,95 : 81.02"
"14,96 : 71.59"
"14,97 : 85.05"
"14,98 : 37.95"
"14,99 : 18.03"
"15,0 : 60.75"
"15,1 : 94.37"
"15,2 : 79.06"
"15,3 : 90.6"
"15,4 : 78.77"
"15,5 : 49.65"
"15,6 : 31.11"
"15,7 : 72.84"
"15,8 : 84.02"
"15,9 : 53.14"
"15,10 : 28.32"
"15,11 : 40.05"
"15,12 : 34.37"
"15,13 : 77.03"
"15,14 : 59.08"
"15,15 : 0.0"
"15,16 : 58.05"
"15,17 : 104.69"
"15,18 : 33.53"
"15,19 : 47.51"
"15,20 : 16.4"
"15,21 : 63.35"
"15,22 : 70.49"
"15,23 : 40.5"
"15,24 : 58.69"
"15,25 : 78.43"
"15,26 : 63.39"
"15,27 : 31.78"
"15,28 : 21.02"
"15,29 : 29.15"
"15,30 : 57.8"
"15,31 : 50.64"
"15,32 : 8.25"
"15,33 : 20.0"
"15,34 : 96.25"
"15,35 : 81.22"
"15,36 : 57.98"
"15,37 : 85.48"
"15,38 : 72.73"
"15,39 : 60.21"
"15,40 : 92.91"
"15,41 : 46.07"
"15,42 : 42.49"
"15,43 : 75.69"
"15,44 : 62.01"
"15,45 : 54.42"
"15,46 : 61.29"
"15,47 : 26.31"
"15,48 : 62.17"
"15,49 : 29.15"
"15,50 : 111.04"
"15,51 : 79.4"
"15,52 : 88.87"
"15,53 : 101.86"
"15,54 : 59.4"
"15,55 : 93.24"
"15,56 : 101.18"
"15,57 : 59.62"
"15,58 : 18.44"
"15,59 : 62.65"
"15,60 : 40.71"
"15,61 : 45.97"
"15,62 : 71.25"
"15,63 : 39.66"
"15,64 : 66.07"
"15,65 : 17.46"
"15,66 : 53.24"
"15,67 : 46.1"
"15,68 : 43.17"
"15,69 : 18.25"
"15,70 : 69.78"
"15,71 : 78.1"
"15,72 : 66.12"
"15,73 : 44.6"
"15,74 : 66.48"
"15,75 : 32.25"
"15,76 : 31.26"
"15,77 : 72.2"
"15,78 : 52.04"
"15,79 : 77.03"
"15,80 : 70.6"
"15,81 : 62.82"
"15,82 : 75.01"
"15,83 : 81.39"
"15,84 : 93.51"
"15,85 : 21.26"
"15,86 : 35.85"
"15,87 : 22.09"
"15,88 : 36.72"
"15,89 : 18.79"
"15,90 : 25.81"
"15,91 : 39.05"
"15,92 : 95.48"
"15,93 : 70.84"
"15,94 : 58.26"
"15,95 : 81.27"
"15,96 : 50.25"
"15,97 : 104.31"
"15,98 : 81.01"
"15,99 : 76.53"
"16,0 : 15.62"
"16,1 : 45.0"
"16,2 : 40.25"
"16,3 : 33.12"
"16,4 : 26.02"
"16,5 : 15.13"
"16,6 : 27.02"
"16,7 : 40.31"
"16,8 : 60.88"
"16,9 : 27.31"
"16,10 : 64.56"
"16,11 : 41.11"
"16,12 : 48.26"
"16,13 : 24.02"
"16,14 : 39.4"
"16,15 : 58.05"
"16,16 : 0.0"
"16,17 : 47.01"
"16,18 : 33.73"
"16,19 : 10.63"
"16,20 : 63.06"
"16,21 : 37.8"
"16,22 : 21.84"
"16,23 : 25.5"
"16,24 : 28.65"
"16,25 : 38.91"
"16,26 : 50.16"
"16,27 : 47.54"
"16,28 : 55.71"
"16,29 : 38.63"
"16,30 : 17.8"
"16,31 : 31.78"
"16,32 : 53.91"
"16,33 : 45.28"
"16,34 : 45.18"
"16,35 : 55.97"
"16,36 : 2.83"
"16,37 : 32.06"
"16,38 : 36.06"
"16,39 : 16.28"
"16,40 : 39.05"
"16,41 : 64.03"
"16,42 : 62.01"
"16,43 : 35.51"
"16,44 : 42.49"
"16,45 : 21.54"
"16,46 : 9.43"
"16,47 : 38.91"
"16,48 : 32.45"
"16,49 : 30.0"
"16,50 : 54.59"
"16,51 : 53.15"
"16,52 : 47.13"
"16,53 : 43.84"
"16,54 : 3.16"
"16,55 : 35.51"
"16,56 : 43.14"
"16,57 : 25.61"
"16,58 : 74.63"
"16,59 : 56.86"
"16,60 : 24.19"
"16,61 : 12.21"
"16,62 : 43.28"
"16,63 : 21.84"
"16,64 : 8.54"
"16,65 : 50.25"
"16,66 : 40.5"
"16,67 : 33.54"
"16,68 : 53.08"
"16,69 : 70.83"
"16,70 : 21.93"
"16,71 : 22.14"
"16,72 : 54.2"
"16,73 : 13.45"
"16,74 : 8.6"
"16,75 : 39.62"
"16,76 : 44.64"
"16,77 : 19.0"
"16,78 : 41.98"
"16,79 : 28.44"
"16,80 : 37.64"
"16,81 : 30.0"
"16,82 : 51.22"
"16,83 : 54.67"
"16,84 : 36.36"
"16,85 : 37.01"
"16,86 : 61.52"
"16,87 : 42.54"
"16,88 : 25.96"
"16,89 : 41.34"
"16,90 : 60.73"
"16,91 : 20.12"
"16,92 : 37.8"
"16,93 : 14.56"
"16,94 : 8.49"
"16,95 : 41.63"
"16,96 : 39.56"
"16,97 : 50.7"
"16,98 : 28.0"
"16,99 : 44.6"
"17,0 : 46.32"
"17,1 : 30.08"
"17,2 : 47.01"
"17,3 : 21.0"
"17,4 : 38.12"
"17,5 : 56.22"
"17,6 : 73.59"
"17,7 : 65.0"
"17,8 : 70.46"
"17,9 : 59.93"
"17,10 : 106.33"
"17,11 : 84.31"
"17,12 : 87.71"
"17,13 : 38.33"
"17,14 : 74.15"
"17,15 : 104.69"
"17,16 : 47.01"
"17,17 : 0.0"
"17,18 : 76.03"
"17,19 : 57.63"
"17,20 : 107.62"
"17,21 : 60.64"
"17,22 : 38.48"
"17,23 : 70.71"
"17,24 : 63.79"
"17,25 : 46.04"
"17,26 : 83.49"
"17,27 : 92.57"
"17,28 : 99.05"
"17,29 : 84.72"
"17,30 : 50.25"
"17,31 : 71.47"
"17,32 : 100.9"
"17,33 : 92.09"
"17,34 : 26.25"
"17,35 : 66.19"
"17,36 : 46.75"
"17,37 : 35.13"
"17,38 : 49.5"
"17,39 : 47.17"
"17,40 : 20.02"
"17,41 : 99.37"
"17,42 : 98.62"
"17,43 : 56.01"
"17,44 : 75.66"
"17,45 : 60.75"
"17,46 : 46.96"
"17,47 : 85.44"
"17,48 : 64.94"
"17,49 : 77.01"
"17,50 : 11.4"
"17,51 : 64.07"
"17,52 : 43.74"
"17,53 : 6.32"
"17,54 : 45.34"
"17,55 : 18.03"
"17,56 : 7.28"
"17,57 : 53.31"
"17,58 : 120.42"
"17,59 : 82.2"
"17,60 : 66.4"
"17,61 : 58.8"
"17,62 : 70.01"
"17,63 : 65.95"
"17,64 : 39.96"
"17,65 : 97.08"
"17,66 : 70.84"
"17,67 : 69.32"
"17,68 : 88.77"
"17,69 : 115.88"
"17,70 : 46.87"
"17,71 : 27.2"
"17,72 : 76.66"
"17,73 : 60.31"
"17,74 : 38.42"
"17,75 : 80.99"
"17,76 : 89.89"
"17,77 : 34.13"
"17,78 : 80.52"
"17,79 : 35.17"
"17,80 : 53.6"
"17,81 : 61.98"
"17,82 : 77.06"
"17,83 : 64.2"
"17,84 : 11.66"
"17,85 : 83.45"
"17,86 : 100.62"
"17,87 : 89.31"
"17,88 : 69.66"
"17,89 : 87.05"
"17,90 : 102.93"
"17,91 : 65.76"
"17,92 : 9.22"
"17,93 : 33.97"
"17,94 : 46.75"
"17,95 : 46.01"
"17,96 : 71.87"
"17,97 : 20.0"
"17,98 : 37.01"
"17,99 : 67.12"
"18,0 : 29.83"
"18,1 : 61.59"
"18,2 : 45.54"
"18,3 : 66.13"
"18,4 : 59.3"
"18,5 : 20.12"
"18,6 : 15.62"
"18,7 : 65.46"
"18,8 : 52.61"
"18,9 : 19.7"
"18,10 : 31.02"
"18,11 : 45.34"
"18,12 : 15.13"
"18,13 : 57.31"
"18,14 : 56.94"
"18,15 : 33.53"
"18,16 : 33.73"
"18,17 : 76.03"
"18,18 : 0.0"
"18,19 : 26.02"
"18,20 : 31.83"
"18,21 : 30.15"
"18,22 : 38.9"
"18,23 : 33.29"
"18,24 : 50.33"
"18,25 : 44.94"
"18,26 : 65.8"
"18,27 : 44.29"
"18,28 : 23.02"
"18,29 : 34.67"
"18,30 : 26.17"
"18,31 : 46.65"
"18,32 : 34.06"
"18,33 : 33.53"
"18,34 : 63.82"
"18,35 : 49.16"
"18,36 : 32.28"
"18,37 : 65.62"
"18,38 : 39.22"
"18,39 : 29.07"
"18,40 : 61.55"
"18,41 : 32.28"
"18,42 : 29.61"
"18,43 : 64.13"
"18,44 : 60.54"
"18,45 : 43.01"
"18,46 : 41.05"
"18,47 : 32.25"
"18,48 : 54.78"
"18,49 : 22.67"
"18,50 : 80.66"
"18,51 : 47.04"
"18,52 : 55.36"
"18,53 : 74.43"
"18,54 : 33.53"
"18,55 : 68.15"
"18,56 : 73.93"
"18,57 : 26.42"
"18,58 : 45.61"
"18,59 : 35.51"
"18,60 : 9.85"
"18,61 : 23.0"
"18,62 : 66.31"
"18,63 : 12.04"
"18,64 : 42.2"
"18,65 : 36.67"
"18,66 : 21.59"
"18,67 : 13.0"
"18,68 : 22.36"
"18,69 : 40.31"
"18,70 : 53.04"
"18,71 : 48.83"
"18,72 : 36.77"
"18,73 : 23.09"
"18,74 : 40.5"
"18,75 : 6.0"
"18,76 : 41.68"
"18,77 : 42.01"
"18,78 : 54.04"
"18,79 : 44.82"
"18,80 : 37.11"
"18,81 : 53.76"
"18,82 : 72.9"
"18,83 : 49.04"
"18,84 : 64.4"
"18,85 : 16.49"
"18,86 : 28.02"
"18,87 : 32.31"
"18,88 : 8.0"
"18,89 : 15.13"
"18,90 : 27.31"
"18,91 : 15.13"
"18,92 : 67.12"
"18,93 : 42.54"
"18,94 : 29.97"
"18,95 : 47.76"
"18,96 : 18.68"
"18,97 : 72.47"
"18,98 : 61.4"
"18,99 : 69.89"
"19,0 : 20.22"
"19,1 : 53.46"
"19,2 : 45.35"
"19,3 : 43.27"
"19,4 : 33.73"
"19,5 : 12.81"
"19,6 : 16.64"
"19,7 : 41.18"
"19,8 : 62.97"
"19,9 : 26.17"
"19,10 : 55.9"
"19,11 : 33.24"
"19,12 : 41.11"
"19,13 : 31.78"
"19,14 : 36.24"
"19,15 : 47.51"
"19,16 : 10.63"
"19,17 : 57.63"
"19,18 : 26.02"
"19,19 : 0.0"
"19,20 : 53.31"
"19,21 : 38.6"
"19,22 : 29.02"
"19,23 : 17.12"
"19,24 : 27.02"
"19,25 : 44.15"
"19,26 : 46.62"
"19,27 : 38.33"
"19,28 : 46.57"
"19,29 : 28.86"
"19,30 : 20.25"
"19,31 : 26.93"
"19,32 : 43.28"
"19,33 : 34.89"
"19,34 : 54.13"
"19,35 : 58.31"
"19,36 : 11.18"
"19,37 : 40.26"
"19,38 : 40.16"
"19,39 : 20.4"
"19,40 : 48.7"
"19,41 : 57.87"
"19,42 : 55.44"
"19,43 : 38.6"
"19,44 : 39.7"
"19,45 : 19.21"
"19,46 : 15.3"
"19,47 : 28.79"
"19,48 : 31.4"
"19,49 : 19.42"
"19,50 : 65.0"
"19,51 : 55.57"
"19,52 : 53.46"
"19,53 : 54.45"
"19,54 : 12.53"
"19,55 : 45.8"
"19,56 : 53.74"
"19,57 : 27.29"
"19,58 : 64.35"
"19,59 : 54.64"
"19,60 : 17.72"
"19,61 : 3.16"
"19,62 : 43.01"
"19,63 : 14.14"
"19,64 : 18.6"
"19,65 : 39.82"
"19,66 : 38.01"
"19,67 : 29.53"
"19,68 : 47.3"
"19,69 : 60.83"
"19,70 : 27.02"
"19,71 : 32.2"
"19,72 : 53.15"
"19,73 : 3.16"
"19,74 : 19.21"
"19,75 : 32.02"
"19,76 : 35.36"
"19,77 : 27.89"
"19,78 : 36.67"
"19,79 : 36.06"
"19,80 : 40.72"
"19,81 : 29.68"
"19,82 : 50.45"
"19,83 : 57.31"
"19,84 : 46.87"
"19,85 : 26.63"
"19,86 : 54.0"
"19,87 : 32.2"
"19,88 : 18.03"
"19,89 : 31.3"
"19,90 : 51.97"
"19,91 : 11.05"
"19,92 : 48.41"
"19,93 : 24.6"
"19,94 : 14.04"
"19,95 : 47.07"
"19,96 : 36.36"
"19,97 : 60.41"
"19,98 : 35.9"
"19,99 : 45.65"
"20,0 : 61.62"
"20,1 : 92.8"
"20,2 : 75.29"
"20,3 : 96.18"
"20,4 : 86.65"
"20,5 : 51.4"
"20,6 : 37.0"
"20,7 : 85.01"
"20,8 : 75.5"
"20,9 : 50.61"
"20,10 : 12.53"
"20,11 : 54.34"
"20,12 : 25.3"
"20,13 : 84.76"
"20,14 : 72.34"
"20,15 : 16.4"
"20,16 : 63.06"
"20,17 : 107.62"
"20,18 : 31.83"
"20,19 : 53.31"
"20,20 : 0.0"
"20,21 : 58.14"
"20,22 : 70.71"
"20,23 : 51.16"
"20,24 : 70.11"
"20,25 : 74.95"
"20,26 : 77.88"
"20,27 : 47.17"
"20,28 : 9.85"
"20,29 : 42.58"
"20,30 : 58.0"
"20,31 : 63.03"
"20,32 : 24.19"
"20,33 : 34.48"
"20,34 : 95.27"
"20,35 : 73.5"
"20,36 : 62.27"
"20,37 : 93.3"
"20,38 : 69.12"
"20,39 : 60.88"
"20,40 : 93.35"
"20,41 : 32.02"
"20,42 : 28.64"
"20,43 : 86.58"
"20,44 : 75.54"
"20,45 : 64.63"
"20,46 : 68.35"
"20,47 : 39.46"
"20,48 : 74.03"
"20,49 : 38.33"
"20,50 : 112.49"
"20,51 : 72.12"
"20,52 : 85.09"
"20,53 : 105.68"
"20,54 : 63.63"
"20,55 : 98.49"
"20,56 : 105.12"
"20,57 : 57.63"
"20,58 : 14.87"
"20,59 : 52.15"
"20,60 : 41.23"
"20,61 : 50.99"
"20,62 : 84.1"
"20,63 : 41.88"
"20,64 : 71.55"
"20,65 : 33.11"
"20,66 : 46.62"
"20,67 : 41.88"
"20,68 : 32.14"
"20,69 : 8.6"
"20,70 : 78.59"
"20,71 : 80.43"
"20,72 : 56.72"
"20,73 : 50.16"
"20,74 : 70.83"
"20,75 : 27.8"
"20,76 : 46.17"
"20,77 : 73.76"
"20,78 : 66.1"
"20,79 : 76.49"
"20,80 : 66.24"
"20,81 : 74.17"
"20,82 : 88.68"
"20,83 : 74.04"
"20,84 : 96.05"
"20,85 : 27.66"
"20,86 : 21.59"
"20,87 : 35.9"
"20,88 : 38.01"
"20,89 : 22.14"
"20,90 : 11.18"
"20,91 : 42.94"
"20,92 : 98.6"
"20,93 : 73.82"
"20,94 : 61.03"
"20,95 : 77.52"
"20,96 : 43.86"
"20,97 : 104.14"
"20,98 : 88.87"
"20,99 : 89.01"
"21,0 : 22.83"
"21,1 : 37.2"
"21,2 : 17.69"
"21,3 : 59.41"
"21,4 : 60.93"
"21,5 : 25.81"
"21,6 : 41.0"
"21,7 : 77.99"
"21,8 : 24.6"
"21,9 : 13.0"
"21,10 : 52.01"
"21,11 : 69.46"
"21,12 : 33.29"
"21,13 : 59.09"
"21,14 : 74.81"
"21,15 : 63.35"
"21,16 : 37.8"
"21,17 : 60.64"
"21,18 : 30.15"
"21,19 : 38.6"
"21,20 : 58.14"
"21,21 : 0.0"
"21,22 : 24.08"
"21,23 : 54.12"
"21,24 : 65.12"
"21,25 : 17.69"
"21,26 : 85.21"
"21,27 : 71.31"
"21,28 : 48.3"
"21,29 : 61.13"
"21,30 : 20.0"
"21,31 : 65.46"
"21,32 : 64.2"
"21,33 : 62.39"
"21,34 : 40.5"
"21,35 : 20.25"
"21,36 : 35.0"
"21,37 : 65.46"
"21,38 : 12.21"
"21,39 : 21.95"
"21,40 : 41.79"
"21,41 : 39.96"
"21,42 : 40.0"
"21,43 : 73.24"
"21,44 : 78.24"
"21,45 : 57.38"
"21,46 : 47.2"
"21,47 : 59.44"
"21,48 : 69.31"
"21,49 : 48.51"
"21,50 : 61.33"
"21,51 : 17.72"
"21,52 : 27.2"
"21,53 : 61.52"
"21,54 : 35.23"
"21,55 : 60.13"
"21,56 : 61.4"
"21,57 : 12.21"
"21,58 : 72.92"
"21,59 : 22.0"
"21,60 : 26.68"
"21,61 : 36.06"
"21,62 : 80.62"
"21,63 : 30.36"
"21,64 : 42.94"
"21,65 : 66.12"
"21,66 : 12.04"
"21,67 : 17.26"
"21,68 : 30.48"
"21,69 : 66.65"
"21,70 : 59.36"
"21,71 : 37.05"
"21,72 : 17.46"
"21,73 : 37.74"
"21,74 : 38.48"
"21,75 : 31.32"
"21,76 : 68.41"
"21,77 : 30.27"
"21,78 : 74.95"
"21,79 : 25.5"
"21,80 : 8.49"
"21,81 : 67.18"
"21,82 : 88.39"
"21,83 : 19.65"
"21,84 : 49.65"
"21,85 : 46.01"
"21,86 : 43.84"
"21,87 : 60.67"
"21,88 : 30.41"
"21,89 : 45.28"
"21,90 : 49.65"
"21,91 : 34.18"
"21,92 : 53.46"
"21,93 : 35.17"
"21,94 : 29.41"
"21,95 : 19.85"
"21,96 : 14.42"
"21,97 : 50.25"
"21,98 : 62.39"
"21,99 : 82.33"
"22,0 : 9.85"
"22,1 : 24.74"
"22,2 : 19.21"
"22,3 : 35.36"
"22,4 : 38.83"
"22,5 : 21.02"
"22,6 : 40.85"
"22,7 : 60.22"
"22,8 : 42.44"
"22,9 : 21.47"
"22,10 : 68.24"
"22,11 : 62.07"
"22,12 : 49.4"
"22,13 : 37.2"
"22,14 : 61.1"
"22,15 : 70.49"
"22,16 : 21.84"
"22,17 : 38.48"
"22,18 : 38.9"
"22,19 : 29.02"
"22,20 : 70.71"
"22,21 : 24.08"
"22,22 : 0.0"
"22,23 : 46.01"
"22,24 : 50.16"
"22,25 : 17.8"
"22,26 : 71.87"
"22,27 : 67.27"
"22,28 : 61.62"
"22,29 : 57.56"
"22,30 : 12.81"
"22,31 : 53.6"
"22,32 : 68.45"
"22,33 : 62.36"
"22,34 : 26.0"
"22,35 : 37.44"
"22,36 : 19.42"
"22,37 : 42.49"
"22,38 : 16.64"
"22,39 : 10.3"
"22,40 : 22.67"
"22,41 : 61.03"
"22,42 : 60.17"
"22,43 : 53.81"
"22,44 : 64.08"
"22,45 : 43.32"
"22,46 : 29.53"
"22,47 : 57.07"
"22,48 : 53.67"
"22,49 : 46.57"
"22,50 : 41.87"
"22,51 : 34.67"
"22,52 : 25.3"
"22,53 : 38.33"
"22,54 : 18.68"
"22,55 : 36.06"
"22,56 : 38.08"
"22,57 : 14.87"
"22,58 : 84.39"
"22,59 : 46.04"
"22,60 : 30.0"
"22,61 : 28.28"
"22,62 : 63.81"
"22,63 : 30.89"
"22,64 : 22.8"
"22,65 : 67.05"
"22,66 : 32.76"
"22,67 : 30.89"
"22,68 : 50.33"
"22,69 : 79.21"
"22,70 : 39.7"
"22,71 : 13.0"
"22,72 : 41.44"
"22,73 : 30.27"
"22,74 : 17.8"
"22,75 : 43.28"
"22,76 : 64.28"
"22,77 : 6.32"
"22,78 : 63.79"
"22,79 : 7.07"
"22,80 : 19.7"
"22,81 : 51.0"
"22,82 : 71.87"
"22,83 : 35.81"
"22,84 : 26.93"
"22,85 : 49.65"
"22,86 : 62.18"
"22,87 : 59.91"
"22,88 : 33.84"
"22,89 : 51.87"
"22,90 : 65.0"
"22,91 : 32.31"
"22,92 : 30.36"
"22,93 : 12.21"
"22,94 : 15.0"
"22,95 : 20.25"
"22,96 : 33.53"
"22,97 : 33.84"
"22,98 : 39.96"
"22,99 : 64.2"
"23,0 : 37.34"
"23,1 : 70.18"
"23,2 : 62.37"
"23,3 : 53.26"
"23,4 : 39.2"
"23,5 : 28.79"
"23,6 : 17.89"
"23,7 : 34.13"
"23,8 : 78.71"
"23,9 : 41.18"
"23,10 : 57.43"
"23,11 : 16.12"
"23,12 : 47.42"
"23,13 : 37.64"
"23,14 : 23.71"
"23,15 : 40.5"
"23,16 : 25.5"
"23,17 : 70.71"
"23,18 : 33.29"
"23,19 : 17.12"
"23,20 : 51.16"
"23,21 : 54.12"
"23,22 : 46.01"
"23,23 : 0.0"
"23,24 : 19.0"
"23,25 : 61.19"
"23,26 : 32.65"
"23,27 : 22.14"
"23,28 : 47.27"
"23,29 : 14.21"
"23,30 : 37.11"
"23,31 : 13.42"
"23,32 : 34.0"
"23,33 : 22.8"
"23,34 : 70.58"
"23,35 : 74.25"
"23,36 : 27.17"
"23,37 : 45.8"
"23,38 : 57.01"
"23,39 : 37.48"
"23,40 : 64.54"
"23,41 : 64.88"
"23,42 : 61.85"
"23,43 : 35.51"
"23,44 : 27.29"
"23,45 : 13.93"
"23,46 : 23.85"
"23,47 : 15.62"
"23,48 : 23.09"
"23,49 : 13.04"
"23,50 : 79.31"
"23,51 : 71.59"
"23,52 : 70.58"
"23,53 : 66.57"
"23,54 : 28.28"
"23,55 : 56.22"
"23,56 : 65.73"
"23,57 : 43.66"
"23,58 : 58.82"
"23,59 : 67.18"
"23,60 : 29.07"
"23,61 : 18.68"
"23,62 : 33.96"
"23,63 : 24.84"
"23,64 : 30.87"
"23,65 : 27.66"
"23,66 : 51.09"
"23,67 : 41.77"
"23,68 : 55.57"
"23,69 : 57.07"
"23,70 : 29.68"
"23,71 : 47.54"
"23,72 : 66.84"
"23,73 : 16.76"
"23,74 : 33.53"
"23,75 : 38.47"
"23,76 : 19.31"
"23,77 : 44.28"
"23,78 : 21.26"
"23,79 : 53.0"
"23,80 : 57.25"
"23,81 : 23.02"
"23,82 : 39.92"
"23,83 : 73.41"
"23,84 : 60.93"
"23,85 : 24.08"
"23,86 : 58.52"
"23,87 : 20.0"
"23,88 : 26.91"
"23,89 : 30.15"
"23,90 : 53.46"
"23,91 : 20.62"
"23,92 : 61.72"
"23,93 : 40.02"
"23,94 : 31.02"
"23,95 : 64.13"
"23,96 : 48.84"
"23,97 : 76.16"
"23,98 : 41.4"
"23,99 : 38.33"
"24,0 : 44.1"
"24,1 : 71.39"
"24,2 : 68.88"
"24,3 : 43.66"
"24,4 : 26.83"
"24,5 : 39.62"
"24,6 : 35.9"
"24,7 : 15.3"
"24,8 : 89.02"
"24,9 : 53.08"
"24,10 : 76.32"
"24,11 : 23.35"
"24,12 : 65.15"
"24,13 : 26.0"
"24,14 : 11.18"
"24,15 : 58.69"
"24,16 : 28.65"
"24,17 : 63.79"
"24,18 : 50.33"
"24,19 : 27.02"
"24,20 : 70.11"
"24,21 : 65.12"
"24,22 : 50.16"
"24,23 : 19.0"
"24,24 : 0.0"
"24,25 : 67.54"
"24,26 : 21.84"
"24,27 : 33.42"
"24,28 : 66.19"
"24,29 : 30.08"
"24,30 : 45.61"
"24,31 : 9.22"
"24,32 : 51.55"
"24,33 : 39.56"
"24,34 : 70.71"
"24,35 : 84.2"
"24,36 : 31.38"
"24,37 : 32.45"
"24,38 : 64.66"
"24,39 : 44.65"
"24,40 : 63.2"
"24,41 : 82.54"
"24,42 : 79.7"
"24,43 : 17.09"
"24,44 : 13.93"
"24,45 : 7.81"
"24,46 : 20.88"
"24,47 : 32.57"
"24,48 : 4.47"
"24,49 : 32.02"
"24,50 : 73.98"
"24,51 : 81.4"
"24,52 : 75.39"
"24,53 : 58.52"
"24,54 : 31.76"
"24,55 : 46.82"
"24,56 : 57.57"
"24,57 : 53.26"
"24,58 : 77.13"
"24,59 : 81.61"
"24,60 : 43.91"
"24,61 : 30.0"
"24,62 : 16.12"
"24,63 : 39.82"
"24,64 : 28.64"
"24,65 : 43.86"
"24,66 : 65.0"
"24,67 : 56.3"
"24,68 : 72.62"
"24,69 : 75.8"
"24,70 : 17.09"
"24,71 : 46.53"
"24,72 : 80.16"
"24,73 : 28.84"
"24,74 : 33.24"
"24,75 : 55.97"
"24,76 : 31.62"
"24,77 : 46.17"
"24,78 : 16.76"
"24,79 : 56.3"
"24,80 : 66.03"
"24,81 : 4.12"
"24,82 : 23.43"
"24,83 : 83.01"
"24,84 : 56.22"
"24,85 : 43.05"
"24,86 : 76.9"
"24,87 : 37.0"
"24,88 : 42.95"
"24,89 : 49.09"
"24,90 : 72.34"
"24,91 : 35.78"
"24,92 : 55.73"
"24,93 : 40.26"
"24,94 : 36.89"
"24,95 : 70.21"
"24,96 : 63.25"
"24,97 : 74.01"
"24,98 : 28.65"
"24,99 : 19.65"
"25,0 : 24.04"
"25,1 : 19.72"
"25,2 : 1.41"
"25,3 : 49.77"
"25,4 : 56.08"
"25,5 : 33.06"
"25,6 : 52.15"
"25,7 : 78.01"
"25,8 : 26.0"
"25,9 : 25.3"
"25,10 : 69.53"
"25,11 : 77.28"
"25,12 : 50.61"
"25,13 : 54.56"
"25,14 : 78.29"
"25,15 : 78.43"
"25,16 : 38.91"
"25,17 : 46.04"
"25,18 : 44.94"
"25,19 : 44.15"
"25,20 : 74.95"
"25,21 : 17.69"
"25,22 : 17.8"
"25,23 : 61.19"
"25,24 : 67.54"
"25,25 : 0.0"
"25,26 : 89.05"
"25,27 : 81.15"
"25,28 : 65.19"
"25,29 : 71.06"
"25,30 : 24.19"
"25,31 : 70.23"
"25,32 : 78.1"
"25,33 : 74.24"
"25,34 : 23.26"
"25,35 : 21.19"
"25,36 : 36.25"
"25,37 : 59.08"
"25,38 : 5.83"
"25,39 : 23.77"
"25,40 : 26.17"
"25,41 : 57.43"
"25,42 : 57.63"
"25,43 : 71.59"
"25,44 : 81.39"
"25,45 : 60.42"
"25,46 : 47.17"
"25,47 : 70.0"
"25,48 : 71.2"
"25,49 : 59.01"
"25,50 : 44.92"
"25,51 : 18.68"
"25,52 : 10.44"
"25,53 : 48.17"
"25,54 : 35.78"
"25,55 : 49.65"
"25,56 : 48.26"
"25,57 : 19.24"
"25,58 : 89.55"
"25,59 : 37.0"
"25,60 : 38.64"
"25,61 : 42.58"
"25,62 : 81.54"
"25,63 : 41.19"
"25,64 : 40.61"
"25,65 : 78.52"
"25,66 : 29.7"
"25,67 : 33.12"
"25,68 : 48.17"
"25,69 : 83.53"
"25,70 : 57.49"
