x,y
91,63
98,89
63,50
43,33
74,70
80,78
17,26
92,32
71,14
93,82
5,98
42,82
18,80
10,29
85,63
18,43
32,27
27,87
73,75
37,75
51,21
9,55
87,7
71,42
23,70
92,81
28,78
34,12
17,66
94,23
29,77
1,65
8,90
20,57
16,35
95,91
38,31
16,82
68,54
40,10
93,41
92,19
41,39
25,8
42,100
1,87
16,14
54,54
87,2
95,14
80,5
94,14
27,28
84,37
32,14
40,70
26,88
63,56
65,54
51,80
98,77
28,88
94,59
20,79
81,22
35,98
90,2
29,88
17,38
8,60
96,0
27,3
44,40
57,43
42,4
91,67
57,29
9,15
49,94
15,80
35,98
60,66
8,21
70,63
58,85
55,70
72,17
91,76
65,61
40,76
8,20
73,92
30,70
53,36
48,15
70,72
46,84
14,21
75,73
76,4

Distanze
"0,0 : 0.0"
"0,1 : 26.93"
"0,2 : 30.87"
"0,3 : 56.6"
"0,4 : 18.38"
"0,5 : 18.6"
"0,6 : 82.73"
"0,7 : 31.02"
"0,8 : 52.92"
"0,9 : 19.1"
"0,10 : 92.85"
"0,11 : 52.55"
"0,12 : 74.95"
"0,13 : 87.85"
"0,14 : 6.0"
"0,15 : 75.69"
"0,16 : 69.12"
"0,17 : 68.35"
"0,18 : 21.63"
"0,19 : 55.32"
"0,20 : 58.0"
"0,21 : 82.39"
"0,22 : 56.14"
"0,23 : 29.0"
"0,24 : 68.36"
"0,25 : 18.03"
"0,26 : 64.76"
"0,27 : 76.49"
"0,28 : 74.06"
"0,29 : 40.11"
"0,30 : 63.56"
"0,31 : 90.02"
"0,32 : 87.28"
"0,33 : 71.25"
"0,34 : 80.06"
"0,35 : 28.28"
"0,36 : 61.91"
"0,37 : 77.37"
"0,38 : 24.7"
"0,39 : 73.55"
"0,40 : 22.09"
"0,41 : 44.01"
"0,42 : 55.46"
"0,43 : 85.91"
"0,44 : 61.4"
"0,45 : 93.15"
"0,46 : 89.59"
"0,47 : 38.08"
"0,48 : 61.13"
"0,49 : 49.16"
"0,50 : 59.03"
"0,51 : 49.09"
"0,52 : 72.95"
"0,53 : 26.93"
"0,54 : 76.69"
"0,55 : 51.48"
"0,56 : 69.64"
"0,57 : 28.86"
"0,58 : 27.51"
"0,59 : 43.46"
"0,60 : 15.65"
"0,61 : 67.78"
"0,62 : 5.0"
"0,63 : 72.78"
"0,64 : 42.2"
"0,65 : 66.04"
"0,66 : 61.01"
"0,67 : 66.85"
"0,68 : 78.11"
"0,69 : 83.05"
"0,70 : 63.2"
"0,71 : 87.73"
"0,72 : 52.33"
"0,73 : 39.45"
"0,74 : 76.69"
"0,75 : 4.0"
"0,76 : 48.08"
"0,77 : 95.02"
"0,78 : 52.2"
"0,79 : 77.88"
"0,80 : 66.04"
"0,81 : 31.14"
"0,82 : 93.02"
"0,83 : 21.0"
"0,84 : 39.66"
"0,85 : 36.67"
"0,86 : 49.77"
"0,87 : 13.0"
"0,88 : 26.08"
"0,89 : 52.63"
"0,90 : 93.48"
"0,91 : 34.13"
"0,92 : 61.4"
"0,93 : 46.62"
"0,94 : 64.44"
"0,95 : 22.85"
"0,96 : 49.66"
"0,97 : 87.71"
"0,98 : 18.87"
"0,99 : 60.88"
"1,0 : 26.93"
"1,1 : 0.0"
"1,2 : 52.4"
"1,3 : 78.49"
"1,4 : 30.61"
"1,5 : 21.1"
"1,6 : 102.62"
"1,7 : 57.31"
"1,8 : 79.71"
"1,9 : 8.6"
"1,10 : 93.43"
"1,11 : 56.44"
"1,12 : 80.5"
"1,13 : 106.51"
"1,14 : 29.07"
"1,15 : 92.28"
"1,16 : 90.55"
"1,17 : 71.03"
"1,18 : 28.65"
"1,19 : 62.59"
"1,20 : 82.66"
"1,21 : 95.27"
"1,22 : 82.73"
"1,23 : 54.2"
"1,24 : 77.37"
"1,25 : 10.0"
"1,26 : 70.86"
"1,27 : 100.12"
"1,28 : 84.2"
"1,29 : 66.12"
"1,30 : 70.04"
"1,31 : 99.92"
"1,32 : 90.01"
"1,33 : 84.31"
"1,34 : 98.18"
"1,35 : 3.61"
"1,36 : 83.45"
"1,37 : 82.3"
"1,38 : 46.1"
"1,39 : 98.01"
"1,40 : 48.26"
"1,41 : 70.26"
"1,42 : 75.82"
"1,43 : 109.04"
"1,44 : 57.07"
"1,45 : 97.02"
"1,46 : 111.13"
"1,47 : 56.22"
"1,48 : 87.69"
"1,49 : 75.06"
"1,50 : 85.91"
"1,51 : 75.11"
"1,52 : 93.61"
"1,53 : 53.85"
"1,54 : 99.9"
"1,55 : 61.03"
"1,56 : 72.01"
"1,57 : 48.1"
"1,58 : 48.1"
"1,59 : 47.85"
"1,60 : 12.0"
"1,61 : 70.01"
"1,62 : 30.27"
"1,63 : 78.64"
"1,64 : 69.12"
"1,65 : 63.64"
"1,66 : 87.37"
"1,67 : 69.01"
"1,68 : 95.72"
"1,69 : 94.56"
"1,70 : 89.02"
"1,71 : 111.52"
"1,72 : 72.92"
"1,73 : 61.62"
"1,74 : 101.79"
"1,75 : 23.09"
"1,76 : 72.67"
"1,77 : 115.75"
"1,78 : 49.25"
"1,79 : 83.49"
"1,80 : 63.64"
"1,81 : 44.42"
"1,82 : 112.8"
"1,83 : 38.21"
"1,84 : 40.2"
"1,85 : 47.01"
"1,86 : 76.55"
"1,87 : 14.76"
"1,88 : 43.28"
"1,89 : 59.44"
"1,90 : 113.41"
"1,91 : 25.18"
"1,92 : 70.6"
"1,93 : 69.53"
"1,94 : 89.31"
"1,95 : 32.76"
"1,96 : 52.24"
"1,97 : 108.07"
"1,98 : 28.02"
"1,99 : 87.8"
"2,0 : 30.87"
"2,1 : 52.4"
"2,2 : 0.0"
"2,3 : 26.25"
"2,4 : 22.83"
"2,5 : 32.76"
"2,6 : 51.88"
"2,7 : 34.13"
"2,8 : 36.88"
"2,9 : 43.86"
"2,10 : 75.29"
"2,11 : 38.28"
"2,12 : 54.08"
"2,13 : 57.01"
"2,14 : 25.55"
"2,15 : 45.54"
"2,16 : 38.6"
"2,17 : 51.62"
"2,18 : 26.93"
"2,19 : 36.07"
"2,20 : 31.38"
"2,21 : 54.23"
"2,22 : 49.24"
"2,23 : 11.31"
"2,24 : 44.72"
"2,25 : 42.45"
"2,26 : 44.82"
"2,27 : 47.8"
"2,28 : 48.7"
"2,29 : 41.11"
"2,30 : 43.42"
"2,31 : 63.79"
"2,32 : 68.01"
"2,33 : 43.57"
"2,34 : 49.34"
"2,35 : 52.01"
"2,36 : 31.4"
"2,37 : 56.86"
"2,38 : 6.4"
"2,39 : 46.14"
"2,40 : 31.32"
"2,41 : 42.45"
"2,42 : 24.6"
"2,43 : 56.64"
"2,44 : 54.23"
"2,45 : 72.2"
"2,46 : 59.2"
"2,47 : 9.85"
"2,48 : 53.67"
"2,49 : 48.17"
"2,50 : 48.1"
"2,51 : 47.51"
"2,52 : 42.19"
"2,53 : 24.7"
"2,54 : 47.51"
"2,55 : 30.48"
"2,56 : 53.04"
"2,57 : 6.0"
"2,58 : 4.47"
"2,59 : 32.31"
"2,60 : 44.2"
"2,61 : 51.66"
"2,62 : 32.28"
"2,63 : 51.87"
"2,64 : 33.29"
"2,65 : 55.57"
"2,66 : 55.07"
"2,67 : 50.99"
"2,68 : 47.54"
"2,69 : 55.9"
"2,70 : 59.91"
"2,71 : 59.2"
"2,72 : 21.47"
"2,73 : 9.22"
"2,74 : 50.57"
"2,75 : 32.76"
"2,76 : 21.84"
"2,77 : 64.35"
"2,78 : 46.17"
"2,79 : 56.6"
"2,80 : 55.57"
"2,81 : 16.28"
"2,82 : 62.18"
"2,83 : 14.76"
"2,84 : 35.36"
"2,85 : 21.54"
"2,86 : 34.21"
"2,87 : 38.21"
"2,88 : 11.18"
"2,89 : 34.71"
"2,90 : 62.65"
"2,91 : 43.17"
"2,92 : 38.59"
"2,93 : 17.2"
"2,94 : 38.08"
"2,95 : 23.09"
"2,96 : 38.01"
"2,97 : 56.94"
"2,98 : 25.94"
"2,99 : 47.8"
"3,0 : 56.6"
"3,1 : 78.49"
"3,2 : 26.25"
"3,3 : 0.0"
"3,4 : 48.27"
"3,5 : 58.26"
"3,6 : 26.93"
"3,7 : 49.01"
"3,8 : 33.84"
"3,9 : 70.01"
"3,10 : 75.29"
"3,11 : 49.01"
"3,12 : 53.24"
"3,13 : 33.24"
"3,14 : 51.61"
"3,15 : 26.93"
"3,16 : 12.53"
"3,17 : 56.32"
"3,18 : 51.61"
"3,19 : 42.43"
"3,20 : 14.42"
"3,21 : 40.5"
"3,22 : 51.11"
"3,23 : 29.41"
"3,24 : 42.06"
"3,25 : 68.59"
"3,26 : 47.43"
"3,27 : 22.85"
"3,28 : 42.01"
"3,29 : 51.97"
"3,30 : 46.17"
"3,31 : 52.8"
"3,32 : 66.89"
"3,33 : 33.24"
"3,34 : 27.07"
"3,35 : 77.9"
"3,36 : 5.39"
"3,37 : 55.95"
"3,38 : 32.65"
"3,39 : 23.19"
"3,40 : 50.64"
"3,41 : 50.96"
"3,42 : 6.32"
"3,43 : 30.81"
"3,44 : 67.01"
"3,45 : 68.41"
"3,46 : 33.02"
"3,47 : 23.71"
"3,48 : 53.82"
"3,49 : 55.36"
"3,50 : 46.4"
"3,51 : 54.42"
"3,52 : 16.76"
"3,53 : 41.19"
"3,54 : 21.95"
"3,55 : 37.12"
"3,56 : 57.57"
"3,57 : 30.48"
"3,58 : 30.41"
"3,59 : 47.68"
"3,60 : 70.43"
"3,61 : 57.01"
"3,62 : 57.25"
"3,63 : 51.43"
"3,64 : 39.56"
"3,65 : 65.49"
"3,66 : 56.3"
"3,67 : 56.75"
"3,68 : 26.48"
"3,69 : 44.2"
"3,70 : 62.43"
"3,71 : 34.0"
"3,72 : 7.07"
"3,73 : 17.2"
"3,74 : 29.02"
"3,75 : 58.82"
"3,76 : 14.56"
"3,77 : 38.47"
"3,78 : 61.29"
"3,79 : 54.71"
"3,80 : 65.49"
"3,81 : 37.12"
"3,82 : 37.0"
"3,83 : 40.36"
"3,84 : 54.12"
"3,85 : 38.9"
"3,86 : 33.12"
"3,87 : 64.44"
"3,88 : 35.61"
"3,89 : 43.1"
"3,90 : 37.34"
"3,91 : 66.19"
"3,92 : 39.22"
"3,93 : 10.44"
"3,94 : 18.68"
"3,95 : 47.43"
"3,96 : 51.09"
"3,97 : 31.38"
"3,98 : 51.22"
"3,99 : 43.93"
"4,0 : 18.38"
"4,1 : 30.61"
"4,2 : 22.83"
"4,3 : 48.27"
"4,4 : 0.0"
"4,5 : 10.0"
"4,6 : 72.01"
"4,7 : 42.05"
"4,8 : 56.08"
"4,9 : 22.47"
"4,10 : 74.46"
"4,11 : 34.18"
"4,12 : 56.89"
"4,13 : 76.01"
"4,14 : 13.04"
"4,15 : 62.17"
"4,16 : 60.11"
"4,17 : 49.98"
"4,18 : 5.1"
"4,19 : 37.34"
"4,20 : 54.13"
"4,21 : 66.71"
"4,22 : 64.33"
"4,23 : 28.16"
"4,24 : 51.0"
"4,25 : 21.1"
"4,26 : 46.69"
"4,27 : 70.46"
"4,28 : 57.14"
"4,29 : 51.08"
"4,30 : 45.54"
"4,31 : 73.17"
"4,32 : 68.96"
"4,33 : 55.54"
"4,34 : 67.74"
"4,35 : 29.7"
"4,36 : 53.08"
"4,37 : 59.23"
"4,38 : 17.09"
"4,39 : 68.96"
"4,40 : 34.67"
"4,41 : 54.08"
"4,42 : 45.28"
"4,43 : 79.03"
"4,44 : 43.86"
"4,45 : 74.95"
"4,46 : 80.62"
"4,47 : 25.61"
"4,48 : 69.23"
"4,49 : 59.81"
"4,50 : 65.28"
"4,51 : 59.46"
"4,52 : 63.03"
"4,53 : 34.48"
"4,54 : 70.0"
"4,55 : 34.0"
"4,56 : 51.26"
"4,57 : 17.8"
"4,58 : 18.36"
"4,59 : 25.08"
"4,60 : 25.0"
"4,61 : 49.4"
"4,62 : 22.83"
"4,63 : 54.74"
"4,64 : 48.51"
"4,65 : 48.01"
"4,66 : 69.86"
"4,67 : 48.47"
"4,68 : 65.37"
"4,69 : 66.75"
"4,70 : 73.38"
"4,71 : 81.84"
"4,72 : 42.43"
"4,73 : 31.91"
"4,74 : 73.35"
"4,75 : 17.26"
"4,76 : 44.38"
"4,77 : 85.15"
"4,78 : 34.66"
"4,79 : 59.84"
"4,80 : 48.01"
"4,81 : 14.56"
"4,82 : 82.2"
"4,83 : 8.06"
"4,84 : 21.93"
"4,85 : 19.0"
"4,86 : 53.04"
"4,87 : 18.03"
"4,88 : 12.73"
"4,89 : 34.53"
"4,90 : 82.8"
"4,91 : 22.02"
"4,92 : 44.0"
"4,93 : 39.96"
"4,94 : 60.84"
"4,95 : 4.47"
"4,96 : 31.3"
"4,97 : 77.47"
"4,98 : 3.16"
"4,99 : 66.03"
"5,0 : 18.6"
"5,1 : 21.1"
"5,2 : 32.76"
"5,3 : 58.26"
"5,4 : 10.0"
"5,5 : 0.0"
"5,6 : 81.69"
"5,7 : 47.54"
"5,8 : 64.63"
"5,9 : 13.6"
"5,10 : 77.62"
"5,11 : 38.21"
"5,12 : 62.03"
"5,13 : 85.45"
"5,14 : 15.81"
"5,15 : 71.2"
"5,16 : 70.04"
"5,17 : 53.76"
"5,18 : 7.62"
"5,19 : 43.1"
"5,20 : 63.95"
"5,21 : 74.63"
"5,22 : 71.34"
"5,23 : 37.11"
"5,24 : 57.56"
"5,25 : 12.37"
"5,26 : 52.0"
"5,27 : 80.45"
"5,28 : 64.13"
"5,29 : 56.75"
"5,30 : 51.01"
"5,31 : 80.06"
"5,32 : 72.99"
"5,33 : 63.57"
"5,34 : 77.1"
"5,35 : 19.85"
"5,36 : 63.03"
"5,37 : 64.12"
"5,38 : 26.83"
"5,39 : 78.89"
"5,40 : 39.22"
"5,41 : 60.21"
"5,42 : 55.15"
"5,43 : 89.02"
"5,44 : 43.91"
"5,45 : 79.51"
"5,46 : 90.51"
"5,47 : 35.38"
"5,48 : 76.32"
"5,49 : 65.73"
"5,50 : 73.0"
"5,51 : 65.51"
"5,52 : 72.86"
"5,53 : 41.19"
"5,54 : 80.0"
"5,55 : 40.79"
"5,56 : 54.92"
"5,57 : 27.8"
"5,58 : 28.3"
"5,59 : 29.07"
"5,60 : 18.03"
"5,61 : 52.95"
"5,62 : 23.6"
"5,63 : 60.01"
"5,64 : 56.01"
"5,65 : 49.24"
"5,66 : 76.66"
"5,67 : 51.97"
"5,68 : 74.63"
"5,69 : 74.22"
"5,70 : 79.62"
"5,71 : 91.84"
"5,72 : 52.35"
"5,73 : 41.88"
"5,74 : 83.19"
"5,75 : 15.56"
"5,76 : 54.13"
"5,77 : 94.92"
"5,78 : 34.89"
"5,79 : 65.03"
"5,80 : 49.24"
"5,81 : 23.32"
"5,82 : 91.83"
"5,83 : 18.03"
"5,84 : 23.09"
"5,85 : 26.25"
"5,86 : 61.52"
"5,87 : 11.18"
"5,88 : 22.67"
"5,89 : 40.05"
"5,90 : 92.46"
"5,91 : 15.65"
"5,92 : 50.64"
"5,93 : 49.93"
"5,94 : 70.66"
"5,95 : 11.66"
"5,96 : 34.53"
"5,97 : 87.21"
"5,98 : 7.07"
"5,99 : 74.11"
"6,0 : 82.73"
"6,1 : 102.62"
"6,2 : 51.88"
"6,3 : 26.93"
"6,4 : 72.01"
"6,5 : 81.69"
"6,6 : 0.0"
"6,7 : 75.24"
"6,8 : 55.32"
"6,9 : 94.4"
"6,10 : 72.99"
"6,11 : 61.33"
"6,12 : 54.01"
"6,13 : 7.62"
"6,14 : 77.41"
"6,15 : 17.03"
"6,16 : 15.03"
"6,17 : 61.81"
"6,18 : 74.41"
"6,19 : 52.92"
"6,20 : 34.37"
"6,21 : 30.08"
"6,22 : 72.53"
"6,23 : 56.32"
"6,24 : 44.41"
"6,25 : 93.01"
"6,26 : 53.15"
"6,27 : 22.02"
"6,28 : 40.0"
"6,29 : 77.06"
"6,30 : 52.39"
"6,31 : 42.15"
"6,32 : 64.63"
"6,33 : 31.14"
"6,34 : 9.06"
"6,35 : 101.53"
"6,36 : 21.59"
"6,37 : 56.01"
"6,38 : 58.18"
"6,39 : 28.02"
"6,40 : 77.47"
"6,41 : 75.33"
"6,42 : 27.29"
"6,43 : 19.7"
"6,44 : 78.11"
"6,45 : 63.06"
"6,46 : 12.04"
"6,47 : 46.4"
"6,48 : 74.0"
"6,49 : 78.92"
"6,50 : 66.41"
"6,51 : 77.93"
"6,52 : 10.2"
"6,53 : 67.9"
"6,54 : 19.21"
"6,55 : 49.65"
"6,56 : 62.65"
"6,57 : 54.92"
"6,58 : 55.57"
"6,59 : 63.81"
"6,60 : 95.72"
"6,61 : 62.97"
"6,62 : 83.77"
"6,63 : 53.08"
"6,64 : 64.12"
"6,65 : 74.22"
"6,66 : 76.84"
"6,67 : 63.15"
"6,68 : 12.0"
"6,69 : 35.17"
"6,70 : 83.17"
"6,71 : 25.08"
"6,72 : 30.41"
"6,73 : 43.46"
"6,74 : 33.3"
"6,75 : 84.6"
"6,76 : 40.11"
"6,77 : 13.6"
"6,78 : 75.15"
"6,79 : 54.04"
"6,80 : 74.22"
"6,81 : 58.73"
"6,82 : 10.3"
"6,83 : 64.64"
"6,84 : 71.85"
"6,85 : 58.14"
"6,86 : 55.73"
"6,87 : 89.31"
"6,88 : 59.41"
"6,89 : 55.04"
"6,90 : 10.82"
"6,91 : 86.56"
"6,92 : 45.88"
"6,93 : 37.36"
"6,94 : 32.89"
"6,95 : 70.18"
"6,96 : 64.85"
"6,97 : 5.83"
"6,98 : 74.65"
"6,99 : 62.97"
"7,0 : 31.02"
"7,1 : 57.31"
"7,2 : 34.13"
"7,3 : 49.01"
"7,4 : 42.05"
"7,5 : 47.54"
"7,6 : 75.24"
"7,7 : 0.0"
"7,8 : 27.66"
"7,9 : 50.01"
"7,10 : 109.2"
"7,11 : 70.71"
"7,12 : 88.2"
"7,13 : 82.05"
"7,14 : 31.78"
"7,15 : 74.81"
"7,16 : 60.21"
"7,17 : 85.15"
"7,18 : 47.01"
"7,19 : 69.81"
"7,20 : 42.45"
"7,21 : 86.13"
"7,22 : 25.5"
"7,23 : 23.26"
"7,24 : 78.77"
"7,25 : 49.0"
"7,26 : 78.82"
"7,27 : 61.35"
"7,28 : 82.35"
"7,29 : 9.22"
"7,30 : 77.42"
"7,31 : 96.8"
"7,32 : 102.08"
"7,33 : 76.22"
"7,34 : 76.06"
"7,35 : 59.08"
"7,36 : 54.01"
"7,37 : 90.97"
"7,38 : 32.56"
"7,39 : 56.46"
"7,40 : 9.06"
"7,41 : 13.0"
"7,42 : 51.48"
"7,43 : 71.17"
"7,44 : 84.4"
"7,45 : 106.33"
"7,46 : 78.1"
"7,47 : 43.91"
"7,48 : 30.41"
"7,49 : 18.25"
"7,50 : 29.55"
"7,51 : 18.11"
"7,52 : 65.12"
"7,53 : 9.43"
"7,54 : 62.64"
"7,55 : 64.4"
"7,56 : 86.56"
"7,57 : 37.64"
"7,58 : 34.83"
"7,59 : 63.13"
"7,60 : 45.4"
"7,61 : 85.04"
"7,62 : 27.07"
"7,63 : 85.98"
"7,64 : 14.87"
"7,65 : 87.21"
"7,66 : 30.07"
"7,67 : 84.29"
"7,68 : 75.24"
"7,69 : 88.54"
"7,70 : 32.25"
"7,71 : 71.18"
"7,72 : 48.66"
"7,73 : 36.69"
"7,74 : 57.31"
"7,75 : 35.01"
"7,76 : 35.13"
"7,77 : 84.72"
"7,78 : 75.45"
"7,79 : 90.74"
"7,80 : 87.21"
"7,81 : 46.69"
"7,82 : 84.72"
"7,83 : 38.01"
"7,84 : 62.97"
"7,85 : 53.04"
"7,86 : 25.0"
"7,87 : 44.01"
"7,88 : 39.62"
"7,89 : 68.12"
"7,90 : 84.85"
"7,91 : 62.94"
"7,92 : 72.72"
"7,93 : 39.2"
"7,94 : 47.17"
"7,95 : 45.65"
"7,96 : 69.43"
"7,97 : 78.77"
"7,98 : 44.38"
"7,99 : 32.25"
"8,0 : 52.92"
"8,1 : 79.71"
"8,2 : 36.88"
"8,3 : 33.84"
"8,4 : 56.08"
"8,5 : 64.63"
"8,6 : 55.32"
"8,7 : 27.66"
"8,8 : 0.0"
"8,9 : 71.47"
"8,10 : 106.83"
"8,11 : 73.93"
"8,12 : 84.65"
"8,13 : 62.82"
"8,14 : 50.96"
"8,15 : 60.42"
"8,16 : 41.11"
"8,17 : 85.23"
"8,18 : 61.03"
"8,19 : 69.84"
"8,20 : 21.19"
"8,21 : 74.33"
"8,22 : 17.46"
"8,23 : 28.0"
"8,24 : 73.76"
"8,25 : 70.21"
"8,26 : 77.1"
"8,27 : 37.05"
"8,28 : 74.97"
"8,29 : 24.7"
"8,30 : 75.72"
"8,31 : 86.61"
"8,32 : 98.72"
"8,33 : 66.71"
"8,34 : 58.87"
"8,35 : 80.65"
"8,36 : 37.12"
"8,37 : 87.46"
"8,38 : 40.11"
"8,39 : 31.26"
"8,40 : 34.83"
"8,41 : 21.59"
"8,42 : 39.05"
"8,43 : 46.39"
"8,44 : 90.76"
"8,45 : 101.14"
"8,46 : 55.0"
"8,47 : 43.46"
"8,48 : 20.0"
"8,49 : 24.0"
"8,50 : 12.73"
"8,51 : 23.0"
"8,52 : 46.17"
"8,53 : 26.42"
"8,54 : 39.0"
"8,55 : 64.01"
"8,56 : 86.61"
"8,57 : 42.76"
"8,58 : 40.45"
"8,59 : 68.96"
"8,60 : 68.54"
"8,61 : 85.59"
"8,62 : 50.54"
"8,63 : 82.62"
"8,64 : 12.81"
"8,65 : 91.39"
"8,66 : 22.47"
"8,67 : 85.09"
"8,68 : 59.09"
"8,69 : 78.01"
"8,70 : 28.65"
"8,71 : 45.35"
"8,72 : 37.48"
"8,73 : 32.2"
"8,74 : 30.68"
"8,75 : 56.65"
"8,76 : 20.52"
"8,77 : 62.01"
"8,78 : 82.97"
"8,79 : 86.56"
"8,80 : 91.39"
"8,81 : 53.15"
"8,82 : 63.39"
"8,83 : 49.01"
"8,84 : 72.18"
"8,85 : 58.24"
"8,86 : 3.16"
"8,87 : 65.15"
"8,88 : 47.38"
"8,89 : 69.32"
"8,90 : 63.29"
"8,91 : 78.03"
"8,92 : 69.4"
"8,93 : 28.43"
"8,94 : 23.02"
"8,95 : 58.01"
"8,96 : 74.33"
"8,97 : 57.43"
"8,98 : 59.14"
"8,99 : 11.18"
"9,0 : 19.1"
"9,1 : 8.6"
"9,2 : 43.86"
"9,3 : 70.01"
"9,4 : 22.47"
"9,5 : 13.6"
"9,6 : 94.4"
"9,7 : 50.01"
"9,8 : 71.47"
"9,9 : 0.0"
"9,10 : 89.44"
"9,11 : 51.0"
"9,12 : 75.03"
"9,13 : 98.48"
"9,14 : 20.62"
"9,15 : 84.53"
"9,16 : 82.13"
"9,17 : 66.19"
"9,18 : 21.19"
"9,19 : 56.44"
"9,20 : 74.06"
"9,21 : 88.23"
"9,22 : 75.24"
"9,23 : 45.65"
"9,24 : 71.02"
"9,25 : 1.41"
"9,26 : 65.12"
"9,27 : 91.55"
"9,28 : 77.67"
"9,29 : 59.01"
"9,30 : 64.2"
"9,31 : 93.56"
"9,32 : 85.38"
"9,33 : 77.16"
"9,34 : 90.21"
"9,35 : 9.22"
"9,36 : 75.01"
"9,37 : 77.0"
"9,38 : 37.54"
"9,39 : 89.4"
"9,40 : 41.0"
"9,41 : 63.01"
"9,42 : 67.48"
"9,43 : 100.5"
"9,44 : 54.08"
"9,45 : 92.14"
"9,46 : 102.73"
"9,47 : 48.01"
"9,48 : 80.22"
"9,49 : 68.03"
"9,50 : 78.09"
"9,51 : 68.01"
"9,52 : 85.28"
"9,53 : 45.89"
"9,54 : 91.35"
"9,55 : 54.34"
"9,56 : 67.27"
"9,57 : 39.7"
"9,58 : 39.6"
"9,59 : 42.05"
"9,60 : 7.07"
"9,61 : 65.28"
"9,62 : 23.02"
"9,63 : 73.06"
"9,64 : 61.19"
"9,65 : 60.17"
"9,66 : 80.06"
"9,67 : 64.28"
"9,68 : 87.82"
"9,69 : 87.8"
"9,70 : 82.05"
"9,71 : 102.94"
"9,72 : 64.54"
"9,73 : 53.08"
"9,74 : 93.19"
"9,75 : 15.13"
"9,76 : 64.07"
"9,77 : 107.45"
"9,78 : 45.61"
"9,79 : 78.03"
"9,80 : 60.17"
"9,81 : 36.67"
"9,82 : 104.62"
"9,83 : 29.83"
"9,84 : 35.13"
"9,85 : 39.85"
"9,86 : 68.31"
"9,87 : 6.32"
"9,88 : 35.0"
"9,89 : 53.34"
"9,90 : 105.21"
"9,91 : 22.36"
"9,92 : 64.13"
"9,93 : 60.96"
"9,94 : 80.71"
"9,95 : 25.08"
"9,96 : 47.04"
"9,97 : 99.81"
"9,98 : 20.12"
"9,99 : 79.83"
"10,0 : 92.85"
"10,1 : 93.43"
"10,2 : 75.29"
"10,3 : 75.29"
"10,4 : 74.46"
"10,5 : 77.62"
"10,6 : 72.99"
"10,7 : 109.2"
"10,8 : 106.83"
"10,9 : 89.44"
"10,10 : 0.0"
"10,11 : 40.31"
"10,12 : 22.2"
"10,13 : 69.18"
"10,14 : 87.32"
"10,15 : 56.52"
"10,16 : 75.96"
"10,17 : 24.6"
"10,18 : 71.78"
"10,19 : 39.41"
"10,20 : 89.69"
"10,21 : 43.19"
"10,22 : 122.49"
"10,23 : 86.56"
"10,24 : 33.29"
"10,25 : 88.65"
"10,26 : 30.48"
"10,27 : 90.76"
"10,28 : 34.18"
"10,29 : 116.39"
"10,30 : 31.89"
"10,31 : 33.24"
"10,32 : 8.54"
"10,33 : 43.66"
"10,34 : 63.95"
"10,35 : 90.27"
"10,36 : 74.69"
"10,37 : 19.42"
"10,38 : 76.84"
"10,39 : 94.7"
"10,40 : 104.85"
"10,41 : 117.52"
"10,42 : 69.12"
"10,43 : 92.2"
"10,44 : 37.05"
"10,45 : 11.7"
"10,46 : 84.72"
"10,47 : 65.86"
"10,48 : 126.25"
"10,49 : 123.11"
"10,50 : 119.47"
"10,51 : 122.38"
"10,52 : 73.38"
"10,53 : 99.81"
"10,54 : 88.23"
"10,55 : 44.82"
"10,56 : 23.26"
"10,57 : 71.61"
"10,58 : 74.4"
"10,59 : 49.4"
"10,60 : 95.34"
"10,61 : 25.08"
"10,62 : 97.17"
"10,63 : 24.21"
"10,64 : 107.48"
"10,65 : 30.0"
"10,66 : 128.22"
"10,67 : 26.0"
"10,68 : 61.19"
"10,69 : 38.12"
"10,70 : 133.73"
"10,71 : 97.51"
"10,72 : 69.89"
"10,73 : 75.69"
"10,74 : 101.02"
"10,75 : 91.42"
"10,76 : 86.4"
"10,77 : 83.1"
"10,78 : 44.18"
"10,79 : 20.59"
"10,80 : 30.0"
"10,81 : 63.63"
"10,82 : 77.06"
"10,83 : 73.82"
"10,84 : 54.57"
"10,85 : 57.31"
"10,86 : 105.12"
"10,87 : 88.77"
"10,88 : 70.49"
"10,89 : 41.34"
"10,90 : 78.06"
"10,91 : 68.26"
"10,92 : 37.54"
"10,93 : 78.41"
"10,94 : 93.48"
"10,95 : 70.01"
"10,96 : 43.32"
"10,97 : 77.52"
"10,98 : 74.33"
"10,99 : 117.8"
"11,0 : 52.55"
"11,1 : 56.44"
"11,2 : 38.28"
"11,3 : 49.01"
"11,4 : 34.18"
"11,5 : 38.21"
"11,6 : 61.33"
"11,7 : 70.71"
"11,8 : 73.93"
"11,9 : 51.0"
"11,10 : 40.31"
"11,11 : 0.0"
"11,12 : 24.08"
"11,13 : 61.91"
"11,14 : 47.01"
"11,15 : 45.79"
"11,16 : 55.9"
"11,17 : 15.81"
"11,18 : 31.78"
"11,19 : 8.6"
"11,20 : 61.66"
"11,21 : 42.64"
"11,22 : 87.46"
"11,23 : 49.41"
"11,24 : 22.47"
"11,25 : 50.01"
"11,26 : 14.56"
"11,27 : 70.46"
"11,28 : 29.68"
"11,29 : 78.64"
"11,30 : 13.93"
"11,31 : 44.38"
"11,32 : 34.93"
"11,33 : 33.3"
"11,34 : 53.71"
"11,35 : 53.76"
"11,36 : 51.16"
"11,37 : 26.0"
"11,38 : 38.21"
"11,39 : 72.03"
"11,40 : 65.44"
"11,41 : 80.43"
"11,42 : 43.01"
"11,43 : 75.93"
"11,44 : 18.0"
"11,45 : 41.3"
"11,46 : 72.8"
"11,47 : 30.46"
"11,48 : 91.79"
"11,49 : 86.21"
"11,50 : 85.87"
"11,51 : 85.6"
"11,52 : 56.04"
"11,53 : 61.55"
"11,54 : 68.73"
"11,55 : 12.17"
"11,56 : 17.09"
"11,57 : 33.42"
"11,58 : 36.24"
"11,59 : 9.22"
"11,60 : 56.22"
"11,61 : 15.23"
"11,62 : 56.86"
"11,63 : 22.2"
"11,64 : 71.56"
"11,65 : 17.46"
"11,66 : 93.3"
"11,67 : 14.32"
"11,68 : 50.61"
"11,69 : 40.5"
"11,70 : 98.18"
"11,71 : 80.41"
"11,72 : 42.05"
"11,73 : 41.79"
"11,74 : 78.0"
"11,75 : 51.24"
"11,76 : 55.08"
"11,77 : 74.69"
"11,78 : 13.89"
"11,79 : 27.07"
"11,80 : 17.46"
"11,81 : 24.08"
"11,82 : 69.84"
"11,83 : 33.84"
"11,84 : 16.28"
"11,85 : 17.69"
"11,86 : 71.59"
"11,87 : 49.37"
"11,88 : 31.14"
"11,89 : 6.32"
"11,90 : 70.71"
"11,91 : 32.57"
"11,92 : 16.97"
"11,93 : 47.3"
"11,94 : 67.27"
"11,95 : 29.73"
"11,96 : 4.47"
"11,97 : 67.12"
"11,98 : 34.21"
"11,99 : 85.09"
"12,0 : 74.95"
"12,1 : 80.5"
"12,2 : 54.08"
"12,3 : 53.24"
"12,4 : 56.89"
"12,5 : 62.03"
"12,6 : 54.01"
"12,7 : 88.2"
"12,8 : 84.65"
"12,9 : 75.03"
"12,10 : 22.2"
"12,11 : 24.08"
"12,12 : 0.0"
"12,13 : 51.62"
"12,14 : 69.12"
"12,15 : 37.0"
"12,16 : 54.82"
"12,17 : 11.4"
"12,18 : 55.23"
"12,19 : 19.65"
"12,20 : 67.6"
"12,21 : 26.57"
"12,22 : 100.45"
"12,23 : 65.22"
"12,24 : 11.18"
"12,25 : 74.01"
"12,26 : 10.2"
"12,27 : 69.86"
"12,28 : 14.04"
"12,29 : 95.0"
"12,30 : 11.4"
"12,31 : 22.67"
"12,32 : 14.14"
"12,33 : 23.09"
"12,34 : 45.04"
"12,35 : 77.78"
"12,36 : 52.92"
"12,37 : 2.83"
"12,38 : 56.36"
"12,39 : 73.38"
"12,40 : 84.53"
"12,41 : 95.9"
"12,42 : 47.01"
"12,43 : 72.34"
"12,44 : 31.24"
"12,45 : 18.38"
"12,46 : 66.03"
"12,47 : 44.41"
"12,48 : 104.14"
"12,49 : 101.41"
"12,50 : 97.31"
"12,51 : 100.66"
"12,52 : 52.77"
"12,53 : 78.77"
"12,54 : 67.47"
"12,55 : 24.17"
"12,56 : 11.31"
"12,57 : 51.0"
"12,58 : 53.71"
"12,59 : 33.0"
"12,60 : 80.06"
"12,61 : 12.81"
"12,62 : 78.85"
"12,63 : 2.24"
"12,64 : 85.63"
"12,65 : 24.76"
"12,66 : 106.15"
"12,67 : 13.6"
"12,68 : 42.01"
"12,69 : 22.36"
"12,70 : 111.73"
"12,71 : 77.52"
"12,72 : 47.71"
"12,73 : 53.76"
"12,74 : 79.7"
"12,75 : 74.15"
"12,76 : 64.2"
"12,77 : 65.62"
"12,78 : 34.01"
"12,79 : 3.0"
"12,80 : 24.76"
"12,81 : 44.27"
"12,82 : 59.84"
"12,83 : 54.71"
"12,84 : 40.31"
"12,85 : 38.33"
"12,86 : 82.98"
"12,87 : 73.11"
"12,88 : 50.7"
"12,89 : 22.36"
"12,90 : 60.83"
"12,91 : 56.29"
"12,92 : 15.62"
"12,93 : 56.22"
"12,94 : 71.59"
"12,95 : 52.61"
"12,96 : 28.28"
"12,97 : 59.14"
"12,98 : 57.43"
"12,99 : 95.6"
"13,0 : 87.85"
"13,1 : 106.51"
"13,2 : 57.01"
"13,3 : 33.24"
"13,4 : 76.01"
"13,5 : 85.45"
"13,6 : 7.62"
"13,7 : 82.05"
"13,8 : 62.82"
"13,9 : 98.48"
"13,10 : 69.18"
"13,11 : 61.91"
"13,12 : 51.62"
"13,13 : 0.0"
"13,14 : 82.35"
"13,15 : 16.12"
"13,16 : 22.09"
"13,17 : 60.44"
"13,18 : 78.01"
"13,19 : 53.34"
"13,20 : 41.77"
"13,21 : 26.02"
"13,22 : 80.08"
"13,23 : 62.37"
"13,24 : 43.01"
"13,25 : 97.1"
"13,26 : 52.2"
"13,27 : 29.41"
"13,28 : 37.66"
"13,29 : 84.21"
"13,30 : 51.62"
"13,31 : 37.11"
"13,32 : 61.03"
"13,33 : 29.73"
"13,34 : 8.49"
"13,35 : 105.21"
"13,36 : 28.07"
"13,37 : 53.34"
"13,38 : 63.16"
"13,39 : 35.51"
"13,40 : 83.86"
"13,41 : 82.61"
"13,42 : 32.57"
"13,43 : 25.81"
"13,44 : 77.88"
"13,45 : 58.69"
"13,46 : 16.16"
"13,47 : 50.61"
"13,48 : 81.6"
"13,49 : 86.31"
"13,50 : 74.0"
"13,51 : 85.33"
"13,52 : 17.03"
"13,53 : 74.43"
"13,54 : 26.63"
"13,55 : 50.8"
"13,56 : 61.13"
"13,57 : 59.48"
"13,58 : 60.42"
"13,59 : 65.44"
"13,60 : 100.24"
"13,61 : 61.68"
"13,62 : 89.2"
"13,63 : 50.99"
"13,64 : 71.34"
"13,65 : 73.39"
"13,66 : 84.43"
"13,67 : 61.98"
"13,68 : 11.4"
"13,69 : 31.06"
"13,70 : 90.76"
"13,71 : 31.06"
"13,72 : 35.74"
"13,73 : 49.04"
"13,74 : 40.61"
"13,75 : 89.47"
"13,76 : 47.0"
"13,77 : 14.04"
"13,78 : 75.8"
"13,79 : 51.24"
"13,80 : 73.39"
"13,81 : 62.2"
"13,82 : 8.25"
"13,83 : 68.96"
"13,84 : 73.76"
"13,85 : 60.88"
"13,86 : 63.15"
"13,87 : 93.65"
"13,88 : 63.63"
"13,89 : 55.76"
"13,90 : 9.22"
"13,91 : 89.1"
"13,92 : 45.62"
"13,93 : 43.57"
"13,94 : 40.5"
"13,95 : 73.82"
"13,96 : 65.73"
"13,97 : 8.94"
"13,98 : 78.49"
"13,99 : 70.58"
"14,0 : 6.0"
"14,1 : 29.07"
"14,2 : 25.55"
"14,3 : 51.61"
"14,4 : 13.04"
"14,5 : 15.81"
"14,6 : 77.41"
"14,7 : 31.78"
"14,8 : 50.96"
"14,9 : 20.62"
"14,10 : 87.32"
"14,11 : 47.01"
"14,12 : 69.12"
"14,13 : 82.35"
"14,14 : 0.0"
"14,15 : 69.92"
"14,16 : 64.07"
"14,17 : 62.77"
"14,18 : 16.97"
"14,19 : 49.48"
"14,20 : 54.04"
"14,21 : 76.42"
"14,22 : 56.04"
"14,23 : 25.24"
"14,24 : 62.39"
"14,25 : 19.31"
"14,26 : 58.94"
"14,27 : 72.12"
"14,28 : 68.07"
"14,29 : 41.0"
"14,30 : 57.72"
"14,31 : 84.02"
"14,32 : 81.6"
"14,33 : 65.28"
"14,34 : 74.46"
"14,35 : 29.73"
"14,36 : 56.86"
"14,37 : 71.57"
"14,38 : 19.24"
"14,39 : 69.53"
"14,40 : 23.41"
"14,41 : 44.55"
"14,42 : 50.12"
"14,43 : 81.39"
"14,44 : 56.73"
"14,45 : 87.36"
"14,46 : 84.63"
"14,47 : 32.28"
"14,48 : 61.03"
"14,49 : 50.01"
"14,50 : 58.22"
"14,51 : 49.82"
"14,52 : 67.74"
"14,53 : 26.02"
"14,54 : 72.18"
"14,55 : 45.54"
"14,56 : 64.08"
"14,57 : 23.09"
"14,58 : 21.93"
"14,59 : 38.01"
"14,60 : 19.1"
"14,61 : 62.24"
"14,62 : 9.85"
"14,63 : 66.94"
"14,64 : 41.19"
"14,65 : 61.03"
"14,66 : 61.2"
"14,67 : 61.33"
"14,68 : 72.45"
"14,69 : 77.06"
"14,70 : 63.95"
"14,71 : 83.45"
"14,72 : 47.01"
"14,73 : 34.41"
"14,74 : 73.01"
"14,75 : 7.21"
"14,76 : 44.05"
"14,77 : 89.89"
"14,78 : 47.51"
"14,79 : 72.03"
"14,80 : 61.03"
"14,81 : 25.18"
"14,82 : 87.71"
"14,83 : 15.0"
"14,84 : 34.83"
"14,85 : 30.81"
"14,86 : 47.8"
"14,87 : 14.32"
"14,88 : 20.1"
"14,89 : 46.84"
"14,90 : 88.19"
"14,91 : 31.38"
"14,92 : 55.44"
"14,93 : 41.87"
"14,94 : 60.61"
"14,95 : 17.49"
"14,96 : 44.29"
"14,97 : 82.49"
"14,98 : 14.14"
"14,99 : 59.68"
"15,0 : 75.69"
"15,1 : 92.28"
"15,2 : 45.54"
"15,3 : 26.93"
"15,4 : 62.17"
"15,5 : 71.2"
"15,6 : 17.03"
"15,7 : 74.81"
"15,8 : 60.42"
"15,9 : 84.53"
"15,10 : 56.52"
"15,11 : 45.79"
"15,12 : 37.0"
"15,13 : 16.12"
"15,14 : 69.92"
"15,15 : 0.0"
"15,16 : 21.26"
"15,17 : 44.91"
"15,18 : 63.63"
"15,19 : 37.22"
"15,20 : 39.66"
"15,21 : 15.0"
"15,22 : 77.83"
"15,23 : 53.01"
"15,24 : 27.46"
"15,25 : 83.19"
"15,26 : 36.4"
"15,27 : 34.89"
"15,28 : 23.02"
"15,29 : 78.59"
"15,30 : 35.74"
"15,31 : 27.8"
"15,32 : 48.05"
"15,33 : 14.14"
"15,34 : 8.25"
"15,35 : 90.74"
"15,36 : 23.32"
"15,37 : 39.05"
"15,38 : 51.2"
"15,39 : 39.66"
"15,40 : 75.03"
"15,41 : 77.79"
"15,42 : 23.35"
"15,43 : 35.69"
"15,44 : 61.85"
"15,45 : 47.17"
"15,46 : 29.07"
"15,47 : 37.64"
"15,48 : 80.26"
"15,49 : 82.28"
"15,50 : 72.72"
"15,51 : 81.34"
"15,52 : 17.49"
"15,53 : 66.27"
"15,54 : 32.2"
"15,55 : 34.83"
"15,56 : 45.71"
"15,57 : 46.84"
"15,58 : 48.27"
"15,59 : 49.58"
"15,60 : 86.93"
"15,61 : 46.1"
"15,62 : 77.67"
"15,63 : 36.06"
"15,64 : 66.41"
"15,65 : 57.57"
"15,66 : 82.86"
"15,67 : 46.32"
"15,68 : 5.1"
"15,69 : 19.72"
"15,70 : 89.07"
"15,71 : 41.0"
"15,72 : 26.17"
"15,73 : 39.0"
"15,74 : 45.79"
"15,75 : 76.84"
"15,76 : 41.44"
"15,77 : 29.41"
"15,78 : 59.68"
"15,79 : 37.12"
"15,80 : 57.57"
"15,81 : 47.89"
"15,82 : 24.17"
"15,83 : 55.71"
"15,84 : 58.0"
"15,85 : 45.8"
"15,86 : 59.93"
"15,87 : 80.11"
"15,88 : 50.33"
"15,89 : 39.66"
"15,90 : 25.08"
"15,91 : 73.66"
"15,92 : 29.55"
"15,93 : 35.69"
"15,94 : 41.04"
"15,95 : 59.54"
"15,96 : 49.65"
"15,97 : 22.36"
"15,98 : 64.41"
"15,99 : 69.89"
"16,0 : 69.12"
"16,1 : 90.55"
"16,2 : 38.6"
"16,3 : 12.53"
"16,4 : 60.11"
"16,5 : 70.04"
"16,6 : 15.03"
"16,7 : 60.21"
"16,8 : 41.11"
"16,9 : 82.13"
"16,10 : 75.96"
"16,11 : 55.9"
"16,12 : 54.82"
"16,13 : 22.09"
"16,14 : 64.07"
"16,15 : 21.26"
"16,16 : 0.0"
"16,17 : 60.21"
"16,18 : 63.13"
"16,19 : 48.26"
"16,20 : 19.92"
"16,21 : 36.24"
"16,22 : 58.52"
"16,23 : 41.79"
"16,24 : 43.93"
"16,25 : 80.72"
"16,26 : 51.16"
"16,27 : 15.13"
"16,28 : 41.79"
"16,29 : 62.13"
"16,30 : 50.09"
"16,31 : 49.04"
"16,32 : 67.42"
"16,33 : 32.31"
"16,34 : 17.89"
"16,35 : 89.81"
"16,36 : 7.21"
"16,37 : 57.28"
"16,38 : 45.0"
"16,39 : 18.79"
"16,40 : 62.59"
"16,41 : 60.53"
"16,42 : 15.0"
"16,43 : 20.25"
"16,44 : 73.68"
"16,45 : 67.54"
"16,46 : 20.62"
"16,47 : 34.83"
"16,48 : 60.42"
"16,49 : 64.33"
"16,50 : 52.8"
"16,51 : 63.35"
"16,52 : 5.1"
"16,53 : 52.95"
"16,54 : 13.0"
"16,55 : 43.74"
"16,56 : 61.29"
"16,57 : 42.45"
"16,58 : 42.64"
"16,59 : 56.3"
"16,60 : 82.8"
"16,61 : 61.13"
"16,62 : 69.77"
"16,63 : 53.37"
"16,64 : 49.25"
"16,65 : 71.06"
"16,66 : 63.16"
"16,67 : 61.07"
"16,68 : 18.6"
"16,69 : 40.8"
"16,70 : 69.46"
"16,71 : 24.52"
"16,72 : 17.69"
"16,73 : 29.68"
"16,74 : 25.08"
"16,75 : 71.28"
"16,76 : 25.08"
"16,77 : 25.94"
"16,78 : 69.12"
"16,79 : 55.66"
"16,80 : 71.06"
"16,81 : 48.01"
"16,82 : 24.74"
"16,83 : 52.35"
"16,84 : 63.56"
"16,85 : 48.76"
"16,86 : 41.23"
"16,87 : 76.69"
"16,88 : 47.38"
"16,89 : 49.65"
"16,90 : 25.0"
"16,91 : 76.85"
"16,92 : 43.05"
"16,93 : 22.85"
"16,94 : 20.0"
"16,95 : 58.9"
"16,96 : 58.69"
"16,97 : 18.97"
"16,98 : 62.97"
"16,99 : 49.65"
"17,0 : 68.35"
"17,1 : 71.03"
"17,2 : 51.62"
"17,3 : 56.32"
"17,4 : 49.98"
"17,5 : 53.76"
"17,6 : 61.81"
"17,7 : 85.15"
"17,8 : 85.23"
"17,9 : 66.19"
"17,10 : 24.6"
"17,11 : 15.81"
"17,12 : 11.4"
"17,13 : 60.44"
"17,14 : 62.77"
"17,15 : 44.91"
"17,16 : 60.21"
"17,17 : 0.0"
"17,18 : 47.54"
"17,19 : 15.62"
"17,20 : 70.23"
"17,21 : 36.72"
"17,22 : 100.0"
"17,23 : 62.94"
"17,24 : 17.46"
"17,25 : 65.28"
"17,26 : 9.06"
"17,27 : 75.33"
"17,28 : 23.26"
"17,29 : 92.66"
"17,30 : 10.2"
"17,31 : 34.06"
"17,32 : 19.24"
"17,33 : 30.81"
"17,34 : 53.15"
"17,35 : 68.12"
"17,36 : 57.07"
"17,37 : 12.08"
"17,38 : 52.63"
"17,39 : 78.09"
"17,40 : 80.45"
"17,41 : 94.07"
"17,42 : 50.0"
"17,43 : 79.03"
"17,44 : 19.85"
"17,45 : 26.0"
"17,46 : 73.82"
"17,47 : 42.64"
"17,48 : 104.04"
"17,49 : 99.76"
"17,50 : 97.64"
"17,51 : 99.09"
"17,52 : 59.0"
"17,53 : 75.82"
"17,54 : 73.17"
"17,55 : 21.4"
"17,56 : 1.41"
"17,57 : 47.51"
"17,58 : 50.33"
"17,59 : 25.0"
"17,60 : 71.7"
"17,61 : 1.41"
"17,62 : 72.62"
"17,63 : 10.63"
"17,64 : 84.5"
"17,65 : 13.6"
"17,66 : 105.8"
"17,67 : 2.24"
"17,68 : 50.01"
"17,69 : 33.02"
"17,70 : 111.04"
"17,71 : 84.0"
"17,72 : 49.98"
"17,73 : 53.25"
"17,74 : 84.34"
"17,75 : 67.05"
"17,76 : 65.3"
"17,77 : 74.22"
"17,78 : 23.09"
"17,79 : 13.89"
"17,80 : 13.6"
"17,81 : 39.12"
"17,82 : 68.68"
"17,83 : 49.24"
"17,84 : 31.06"
"17,85 : 32.76"
"17,86 : 83.22"
"17,87 : 64.94"
"17,88 : 46.04"
"17,89 : 17.03"
"17,90 : 69.64"
"17,91 : 46.27"
"17,92 : 17.26"
"17,93 : 57.25"
"17,94 : 75.0"
"17,95 : 45.54"
"17,96 : 19.24"
"17,97 : 67.27"
"17,98 : 50.0"
"17,99 : 96.38"
"18,0 : 21.63"
"18,1 : 28.65"
"18,2 : 26.93"
"18,3 : 51.61"
"18,4 : 5.1"
"18,5 : 7.62"
"18,6 : 74.41"
"18,7 : 47.01"
"18,8 : 61.03"
"18,9 : 21.19"
"18,10 : 71.78"
"18,11 : 31.78"
"18,12 : 55.23"
"18,13 : 78.01"
"18,14 : 16.97"
"18,15 : 63.63"
"18,16 : 63.13"
"18,17 : 47.54"
"18,18 : 0.0"
"18,19 : 36.0"
"18,20 : 58.31"
"18,21 : 67.05"
"18,22 : 69.43"
"18,23 : 33.06"
"18,24 : 50.25"
"18,25 : 19.92"
"18,26 : 45.1"
"18,27 : 74.09"
"18,28 : 56.72"
"18,29 : 56.08"
"18,30 : 44.05"
"18,31 : 72.69"
"18,32 : 66.71"
"18,33 : 55.97"
"18,34 : 69.63"
"18,35 : 27.2"
"18,36 : 56.22"
"18,37 : 57.43"
"18,38 : 21.59"
"18,39 : 72.9"
"18,40 : 39.45"
"18,41 : 59.14"
"18,42 : 48.17"
"18,43 : 82.42"
"18,44 : 39.82"
"18,45 : 72.99"
"18,46 : 83.49"
"18,47 : 28.32"
"18,48 : 74.33"
"18,49 : 64.85"
"18,50 : 70.35"
"18,51 : 64.51"
"18,52 : 65.76"
"18,53 : 39.56"
"18,54 : 73.5"
"18,55 : 33.38"
"18,56 : 48.76"
"18,57 : 21.47"
"18,58 : 22.47"
"18,59 : 22.56"
"18,60 : 25.08"
"18,61 : 46.84"
"18,62 : 26.4"
"18,63 : 53.15"
"18,64 : 53.6"
"18,65 : 44.42"
"18,66 : 74.95"
"18,67 : 45.88"
"18,68 : 67.12"
"18,69 : 66.71"
"18,70 : 78.45"
"18,71 : 85.44"
"18,72 : 45.45"
"18,73 : 35.78"
"18,74 : 77.47"
"18,75 : 19.7"
"18,76 : 48.7"
"18,77 : 87.73"
"18,78 : 30.61"
"18,79 : 58.22"
"18,80 : 44.42"
"18,81 : 15.81"
"18,82 : 84.5"
"18,83 : 12.37"
"18,84 : 18.03"
"18,85 : 18.68"
"18,86 : 58.01"
"18,87 : 18.03"
"18,88 : 16.12"
"18,89 : 33.02"
"18,90 : 85.15"
"18,91 : 17.0"
"18,92 : 43.29"
"18,93 : 43.83"
"18,94 : 65.0"
"18,95 : 4.24"
"18,96 : 28.46"
"18,97 : 79.98"
"18,98 : 2.83"
"18,99 : 71.06"
"19,0 : 55.32"
"19,1 : 62.59"
"19,2 : 36.07"
"19,3 : 42.43"
"19,4 : 37.34"
"19,5 : 43.1"
"19,6 : 52.92"
"19,7 : 69.81"
"19,8 : 69.84"
"19,9 : 56.44"
"19,10 : 39.41"
"19,11 : 8.6"
"19,12 : 19.65"
"19,13 : 53.34"
"19,14 : 49.48"
"19,15 : 37.22"
"19,16 : 48.26"
"19,17 : 15.62"
"19,18 : 36.0"
"19,19 : 0.0"
"19,20 : 55.79"
"19,21 : 34.41"
"19,22 : 84.4"
"19,23 : 47.38"
"19,24 : 14.87"
"19,25 : 55.33"
"19,26 : 9.49"
"19,27 : 63.07"
"19,28 : 21.93"
"19,29 : 77.16"
"19,30 : 8.25"
"19,31 : 37.36"
"19,32 : 32.65"
"19,33 : 24.76"
"19,34 : 45.18"
"19,35 : 60.17"
"19,36 : 44.01"
"19,37 : 22.14"
"19,38 : 37.44"
"19,39 : 65.07"
"19,40 : 65.51"
"19,41 : 78.49"
"19,42 : 36.22"
"19,43 : 68.07"
"19,44 : 25.5"
"19,45 : 37.95"
"19,46 : 64.51"
"19,47 : 27.02"
"19,48 : 88.48"
"19,49 : 84.17"
"19,50 : 82.15"
"19,51 : 83.49"
"19,52 : 48.05"
"19,53 : 60.44"
"19,54 : 61.2"
"19,55 : 5.83"
"19,56 : 17.03"
"19,57 : 32.2"
"19,58 : 35.0"
"19,59 : 14.87"
"19,60 : 61.03"
"19,61 : 15.81"
"19,62 : 59.2"
"19,63 : 17.46"
"19,64 : 68.88"
"19,65 : 23.09"
"19,66 : 90.21"
"19,67 : 15.26"
"19,68 : 42.06"
"19,69 : 32.65"
"19,70 : 95.43"
"19,71 : 72.69"
"19,72 : 35.69"
"19,73 : 37.74"
"19,74 : 71.18"
"19,75 : 54.59"
"19,76 : 50.16"
"19,77 : 66.21"
"19,78 : 22.47"
"19,79 : 22.56"
"19,80 : 23.09"
"19,81 : 24.7"
"19,82 : 61.29"
"19,83 : 35.11"
"19,84 : 23.26"
"19,85 : 18.68"
"19,86 : 67.74"
"19,87 : 54.01"
"19,88 : 31.3"
"19,89 : 3.16"
"19,90 : 62.18"
"19,91 : 39.81"
"19,92 : 8.6"
"19,93 : 42.15"
"19,94 : 61.0"
"19,95 : 33.14"
"19,96 : 12.73"
"19,97 : 58.69"
"19,98 : 38.05"
"19,99 : 81.01"
"20,0 : 58.0"
"20,1 : 82.66"
"20,2 : 31.38"
"20,3 : 14.42"
"20,4 : 54.13"
"20,5 : 63.95"
"20,6 : 34.37"
"20,7 : 42.45"
"20,8 : 21.19"
"20,9 : 74.06"
"20,10 : 89.69"
"20,11 : 61.66"
"20,12 : 67.6"
"20,13 : 41.77"
"20,14 : 54.04"
"20,15 : 39.66"
"20,16 : 19.92"
"20,17 : 70.23"
"20,18 : 58.31"
"20,19 : 55.79"
"20,20 : 0.0"
"20,21 : 54.04"
"20,22 : 38.63"
"20,23 : 29.0"
"20,24 : 56.44"
"20,25 : 72.67"
"20,26 : 61.47"
"20,27 : 19.24"
"20,28 : 56.4"
"20,29 : 43.05"
"20,30 : 60.17"
"20,31 : 66.6"
"20,32 : 81.3"
"20,33 : 47.51"
"20,34 : 37.7"
"20,35 : 82.68"
"20,36 : 16.4"
"20,37 : 70.33"
"20,38 : 37.12"
"20,39 : 15.56"
"20,40 : 46.52"
"20,41 : 41.05"
"20,42 : 20.59"
"20,43 : 29.07"
"20,44 : 79.51"
"20,45 : 82.8"
"20,46 : 35.69"
"20,47 : 33.14"
"20,48 : 40.71"
"20,49 : 44.55"
"20,50 : 33.12"
"20,51 : 43.57"
"20,52 : 25.0"
"20,53 : 36.67"
"20,54 : 20.25"
"20,55 : 50.22"
"20,56 : 71.51"
"20,57 : 37.0"
"20,58 : 35.85"
"20,59 : 59.0"
"20,60 : 73.11"
"20,61 : 70.84"
"20,62 : 57.38"
"20,63 : 65.76"
"20,64 : 30.02"
"20,65 : 78.64"
"20,66 : 43.38"
"20,67 : 70.52"
"20,68 : 38.01"
"20,69 : 58.05"
"20,70 : 49.66"
"20,71 : 30.0"
"20,72 : 20.25"
"20,73 : 22.8"
"20,74 : 19.24"
"20,75 : 60.96"
"20,76 : 10.0"
"20,77 : 42.43"
"20,78 : 73.03"
"20,79 : 69.12"
"20,80 : 78.64"
"20,81 : 45.89"
"20,82 : 43.0"
"20,83 : 46.1"
"20,84 : 64.38"
"20,85 : 49.16"
"20,86 : 21.38"
"20,87 : 68.01"
"20,88 : 42.38"
"20,89 : 56.09"
"20,90 : 43.01"
"20,91 : 74.33"
"20,92 : 53.31"
"20,93 : 15.13"
"20,94 : 6.71"
"20,95 : 54.42"
"20,96 : 63.2"
"20,97 : 37.0"
"20,98 : 57.27"
"20,99 : 30.23"
"21,0 : 82.39"
"21,1 : 95.27"
"21,2 : 54.23"
"21,3 : 40.5"
"21,4 : 66.71"
"21,5 : 74.63"
"21,6 : 30.08"
"21,7 : 86.13"
"21,8 : 74.33"
"21,9 : 88.23"
"21,10 : 43.19"
"21,11 : 42.64"
"21,12 : 26.57"
"21,13 : 26.02"
"21,14 : 76.42"
"21,15 : 15.0"
"21,16 : 36.24"
"21,17 : 36.72"
"21,18 : 67.05"
"21,19 : 34.41"
"21,20 : 54.04"
"21,21 : 0.0"
"21,22 : 91.59"
"21,23 : 63.35"
"21,24 : 20.52"
"21,25 : 86.98"
"21,26 : 29.83"
"21,27 : 49.74"
"21,28 : 13.6"
"21,29 : 90.82"
"21,30 : 29.73"
"21,31 : 12.81"
"21,32 : 35.01"
"21,33 : 11.18"
"21,34 : 21.19"
"21,35 : 93.23"
"21,36 : 37.64"
"21,37 : 27.89"
"21,38 : 59.01"
"21,39 : 54.64"
"21,40 : 85.16"
"21,41 : 90.47"
"21,42 : 35.78"
"21,43 : 49.65"
"21,44 : 55.8"
"21,45 : 32.98"
"21,46 : 41.59"
"21,47 : 45.01"
"21,48 : 94.3"
"21,49 : 95.27"
"21,50 : 86.84"
"21,51 : 94.37"
"21,52 : 32.45"
"21,53 : 77.13"
"21,54 : 47.01"
"21,55 : 34.44"
"21,56 : 37.12"
"21,57 : 54.01"
"21,58 : 56.01"
"21,59 : 48.88"
"21,60 : 91.68"
"21,61 : 38.08"
"21,62 : 85.09"
"21,63 : 26.4"
"21,64 : 79.2"
"21,65 : 50.25"
"21,66 : 96.8"
"21,67 : 38.59"
"21,68 : 18.79"
"21,69 : 5.1"
"21,70 : 102.93"
"21,71 : 55.03"
"21,72 : 38.08"
"21,73 : 49.48"
"21,74 : 60.75"
"21,75 : 82.87"
"21,76 : 54.59"
"21,77 : 40.0"
"21,78 : 55.87"
"21,79 : 25.71"
"21,80 : 50.25"
"21,81 : 52.17"
"21,82 : 34.01"
"21,83 : 61.52"
"21,84 : 57.45"
"21,85 : 48.38"
"21,86 : 73.57"
"21,87 : 84.65"
"21,88 : 56.32"
"21,89 : 37.44"
"21,90 : 35.01"
"21,91 : 73.93"
"21,92 : 25.81"
"21,93 : 47.93"
"21,94 : 55.87"
"21,95 : 63.32"
"21,96 : 47.01"
"21,97 : 34.37"
"21,98 : 68.41"
"21,99 : 84.2"
"22,0 : 56.14"
"22,1 : 82.73"
"22,2 : 49.24"
"22,3 : 51.11"
"22,4 : 64.33"
"22,5 : 71.34"
"22,6 : 72.53"
"22,7 : 25.5"
"22,8 : 17.46"
"22,9 : 75.24"
"22,10 : 122.49"
"22,11 : 87.46"
"22,12 : 100.45"
"22,13 : 80.08"
"22,14 : 56.04"
"22,15 : 77.83"
"22,16 : 58.52"
"22,17 : 100.0"
"22,18 : 69.43"
"22,19 : 84.4"
"22,20 : 38.63"
"22,21 : 91.59"
"22,22 : 0.0"
"22,23 : 38.48"
"22,24 : 89.81"
"22,25 : 74.17"
"22,26 : 92.31"
"22,27 : 53.24"
"22,28 : 91.55"
"22,29 : 17.46"
"22,30 : 90.91"
"22,31 : 103.73"
"22,32 : 114.59"
"22,33 : 83.6"
"22,34 : 76.32"
"22,35 : 84.38"
"22,36 : 54.56"
"22,37 : 103.28"
"22,38 : 50.7"
"22,39 : 47.1"
"22,40 : 34.53"
"22,41 : 13.0"
"22,42 : 56.04"
"22,43 : 62.01"
"22,44 : 103.32"
"22,45 : 117.46"
"22,46 : 71.34"
"22,47 : 57.43"
"22,48 : 5.0"
"22,49 : 10.63"
"22,50 : 7.28"
"22,51 : 9.9"
"22,52 : 63.57"
"22,53 : 30.15"
"22,54 : 55.44"
"22,55 : 78.6"
"22,56 : 101.4"
"22,57 : 54.56"
"22,58 : 51.89"
"22,59 : 81.39"
"22,60 : 70.86"
"22,61 : 100.21"
"22,62 : 52.47"
"22,63 : 98.35"
"22,64 : 16.16"
"22,65 : 104.81"
"22,66 : 5.83"
"22,67 : 99.62"
"22,68 : 76.56"
"22,69 : 95.13"
"22,70 : 11.4"
"22,71 : 60.13"
"22,72 : 54.2"
"22,73 : 46.86"
"22,74 : 45.1"
"22,75 : 60.13"
"22,76 : 37.2"
"22,77 : 78.41"
"22,78 : 94.94"
"22,79 : 102.53"
"22,80 : 104.81"
"22,81 : 64.88"
"22,82 : 80.23"
"22,83 : 58.52"
"22,84 : 83.22"
"22,85 : 70.66"
"22,86 : 18.03"
"22,87 : 69.12"
"22,88 : 58.31"
"22,89 : 83.49"
"22,90 : 80.06"
"22,91 : 86.15"
"22,92 : 84.96"
"22,93 : 44.69"
"22,94 : 39.81"
"22,95 : 67.19"
"22,96 : 87.24"
"22,97 : 74.33"
"22,98 : 67.08"
"22,99 : 11.4"
"23,0 : 29.0"
"23,1 : 54.2"
"23,2 : 11.31"
"23,3 : 29.41"
"23,4 : 28.16"
"23,5 : 37.11"
"23,6 : 56.32"
"23,7 : 23.26"
"23,8 : 28.0"
"23,9 : 45.65"
"23,10 : 86.56"
"23,11 : 49.41"
"23,12 : 65.22"
"23,13 : 62.37"
"23,14 : 25.24"
"23,15 : 53.01"
"23,16 : 41.79"
"23,17 : 62.94"
"23,18 : 33.06"
"23,19 : 47.38"
"23,20 : 29.0"
"23,21 : 63.35"
"23,22 : 38.48"
"23,23 : 0.0"
"23,24 : 55.57"
"23,25 : 44.29"
"23,26 : 56.08"
"23,27 : 47.63"
"23,28 : 59.09"
"23,29 : 29.83"
"23,30 : 54.67"
"23,31 : 73.68"
"23,32 : 79.2"
"23,33 : 53.16"
"23,34 : 55.44"
"23,35 : 54.56"
"23,36 : 34.79"
"23,37 : 68.01"
"23,38 : 12.37"
"23,39 : 44.55"
"23,40 : 22.02"
"23,41 : 31.14"
"23,42 : 30.15"
"23,43 : 57.2"
"23,44 : 64.85"
"23,45 : 83.22"
"23,46 : 61.72"
"23,47 : 20.81"
"23,48 : 43.08"
"23,49 : 36.88"
"23,50 : 38.08"
"23,51 : 36.24"
"23,52 : 46.17"
"23,53 : 13.93"
"23,54 : 48.01"
"23,55 : 41.77"
"23,56 : 64.35"
"23,57 : 16.12"
"23,58 : 13.42"
"23,59 : 42.94"
"23,60 : 44.2"
"23,61 : 62.97"
"23,62 : 28.6"
"23,63 : 63.01"
"23,64 : 22.36"
"23,65 : 66.57"
"23,66 : 44.28"
"23,67 : 62.29"
"23,68 : 54.15"
"23,69 : 65.52"
"23,70 : 48.88"
"23,71 : 58.8"
"23,72 : 27.07"
"23,73 : 14.04"
"23,74 : 47.8"
"23,75 : 32.02"
"23,76 : 19.1"
"23,77 : 67.62"
"23,78 : 56.46"
"23,79 : 67.68"
"23,80 : 66.57"
"23,81 : 26.4"
"23,82 : 66.41"
"23,83 : 21.02"
"23,84 : 44.92"
"23,85 : 32.25"
"23,86 : 25.02"
"23,87 : 39.45"
"23,88 : 19.92"
"23,89 : 46.01"
"23,90 : 66.73"
"23,91 : 50.04"
"23,92 : 49.65"
"23,93 : 18.97"
"23,94 : 35.47"
"23,95 : 30.02"
"23,96 : 48.88"
"23,97 : 60.75"
"23,98 : 31.26"
"23,99 : 38.33"
"24,0 : 68.36"
"24,1 : 77.37"
"24,2 : 44.72"
"24,3 : 42.06"
"24,4 : 51.0"
"24,5 : 57.56"
"24,6 : 44.41"
"24,7 : 78.77"
"24,8 : 73.76"
"24,9 : 71.02"
"24,10 : 33.29"
"24,11 : 22.47"
"24,12 : 11.18"
"24,13 : 43.01"
"24,14 : 62.39"
"24,15 : 27.46"
"24,16 : 43.93"
"24,17 : 17.46"
"24,18 : 50.25"
"24,19 : 14.87"
"24,20 : 56.44"
"24,21 : 20.52"
"24,22 : 89.81"
"24,23 : 55.57"
"24,24 : 0.0"
"24,25 : 69.87"
"24,26 : 9.43"
"24,27 : 59.03"
"24,28 : 7.21"
"24,29 : 85.15"
"24,30 : 9.22"
"24,31 : 22.56"
"24,32 : 25.0"
"24,33 : 13.34"
"24,34 : 35.69"
"24,35 : 75.0"
"24,36 : 41.79"
"24,37 : 13.89"
"24,38 : 47.76"
"24,39 : 62.36"
"24,40 : 75.77"
"24,41 : 85.8"
"24,42 : 35.85"
"24,43 : 62.03"
"24,44 : 35.51"
"24,45 : 27.8"
"24,46 : 56.44"
"24,47 : 34.89"
"24,48 : 93.38"
"24,49 : 91.21"
"24,50 : 86.45"
"24,51 : 90.43"
"24,52 : 42.19"
"24,53 : 69.35"
"24,54 : 56.72"
"24,55 : 17.0"
"24,56 : 18.25"
"24,57 : 42.38"
"24,58 : 44.94"
"24,59 : 29.73"
"24,60 : 75.33"
"24,61 : 18.68"
"24,62 : 71.85"
"24,63 : 9.49"
"24,64 : 75.29"
"24,65 : 30.46"
"24,66 : 95.46"
"24,67 : 18.97"
"24,68 : 32.56"
"24,69 : 18.03"
"24,70 : 101.14"
"24,71 : 67.12"
"24,72 : 36.62"
"24,73 : 43.42"
"24,74 : 68.68"
"24,75 : 68.07"
"24,76 : 53.26"
"24,77 : 56.75"
"24,78 : 35.38"
"24,79 : 12.81"
"24,80 : 30.46"
"24,81 : 37.22"
"24,82 : 51.24"
"24,83 : 47.52"
"24,84 : 38.08"
"24,85 : 32.0"
"24,86 : 72.18"
"24,87 : 68.26"
"24,88 : 42.95"
"24,89 : 18.03"
"24,90 : 52.2"
"24,91 : 54.63"
"24,92 : 7.0"
"24,93 : 45.34"
"24,94 : 60.42"
"24,95 : 47.04"
"24,96 : 26.93"
"24,97 : 49.82"
"24,98 : 52.09"
"24,99 : 84.65"
"25,0 : 18.03"
"25,1 : 10.0"
"25,2 : 42.45"
"25,3 : 68.59"
"25,4 : 21.1"
"25,5 : 12.37"
"25,6 : 93.01"
"25,7 : 49.0"
"25,8 : 70.21"
"25,9 : 1.41"
"25,10 : 88.65"
"25,11 : 50.01"
"25,12 : 74.01"
"25,13 : 97.1"
"25,14 : 19.31"
"25,15 : 83.19"
"25,16 : 80.72"
"25,17 : 65.28"
"25,18 : 19.92"
"25,19 : 55.33"
"25,20 : 72.67"
"25,21 : 86.98"
"25,22 : 74.17"
"25,23 : 44.29"
"25,24 : 69.87"
"25,25 : 0.0"
"25,26 : 64.07"
"25,27 : 90.14"
"25,28 : 76.49"
"25,29 : 58.03"
"25,30 : 63.13"
"25,31 : 92.4"
"25,32 : 84.48"
"25,33 : 75.89"
"25,34 : 88.84"
"25,35 : 10.44"
"25,36 : 73.59"
"25,37 : 76.01"
"25,38 : 36.12"
"25,39 : 88.01"
"25,40 : 40.01"
"25,41 : 62.0"
"25,42 : 66.07"
"25,43 : 99.09"
"25,44 : 53.49"
"25,45 : 91.2"
"25,46 : 101.32"
"25,47 : 46.62"
"25,48 : 79.16"
"25,49 : 67.07"
"25,50 : 76.94"
"25,51 : 67.03"
"25,52 : 83.87"
"25,53 : 44.72"
"25,54 : 89.94"
"25,55 : 53.15"
"25,56 : 66.37"
"25,57 : 38.29"
"25,58 : 38.18"
"25,59 : 41.01"
"25,60 : 7.21"
"25,61 : 64.38"
"25,62 : 22.09"
"25,63 : 72.03"
"25,64 : 60.02"
"25,65 : 59.48"
"25,66 : 79.03"
