x,y
5,88
10,3
24,96
37,21
76,89
32,17
39,57
29,6
36,54
82,53
40,92
88,89
62,23
53,97
17,83
100,68
2,27
99,20
37,36
8,77
64,38
74,80
20,90
26,4
24,80
26,67
41,56
84,92
61,23
84,24
68,13
22,33
48,43
45,92
99,60
63,63
41,13
36,0
47,37
27,66
21,44
38,25
97,20
76,94
0,15
46,72
34,29
33,90
42,38
82,54
71,36
40,45
80,18
46,86
88,18
27,21
0,73
43,90
47,41
86,6
95,91
72,75
61,96
97,76
10,33
12,40
47,82
67,8
25,56
54,91
6,96
66,25
94,75
49,31
16,57
46,29
63,78
64,49
80,38
7,52
97,74
76,26
65,51
58,45
79,45
74,76
0,9
25,45
70,60
95,7
13,10
50,91
47,63
94,97
96,66
48,17
20,49
81,52
46,86
68,50

Distanze
"0,0 : 0.0"
"0,1 : 85.15"
"0,2 : 20.62"
"0,3 : 74.25"
"0,4 : 71.01"
"0,5 : 75.96"
"0,6 : 46.01"
"0,7 : 85.44"
"0,8 : 46.01"
"0,9 : 84.58"
"0,10 : 35.23"
"0,11 : 83.01"
"0,12 : 86.45"
"0,13 : 48.84"
"0,14 : 13.0"
"0,15 : 97.08"
"0,16 : 61.07"
"0,17 : 116.02"
"0,18 : 61.06"
"0,19 : 11.4"
"0,20 : 77.34"
"0,21 : 69.46"
"0,22 : 15.13"
"0,23 : 86.59"
"0,24 : 20.62"
"0,25 : 29.7"
"0,26 : 48.17"
"0,27 : 79.1"
"0,28 : 85.8"
"0,29 : 101.67"
"0,30 : 97.95"
"0,31 : 57.57"
"0,32 : 62.24"
"0,33 : 40.2"
"0,34 : 98.08"
"0,35 : 63.16"
"0,36 : 83.19"
"0,37 : 93.3"
"0,38 : 66.07"
"0,39 : 31.11"
"0,40 : 46.82"
"0,41 : 71.12"
"0,42 : 114.4"
"0,43 : 71.25"
"0,44 : 73.17"
"0,45 : 44.01"
"0,46 : 65.74"
"0,47 : 28.07"
"0,48 : 62.2"
"0,49 : 84.17"
"0,50 : 84.02"
"0,51 : 55.44"
"0,52 : 102.59"
"0,53 : 41.05"
"0,54 : 108.58"
"0,55 : 70.52"
"0,56 : 15.81"
"0,57 : 38.05"
"0,58 : 63.03"
"0,59 : 115.26"
"0,60 : 90.05"
"0,61 : 68.25"
"0,62 : 56.57"
"0,63 : 92.78"
"0,64 : 55.23"
"0,65 : 48.51"
"0,66 : 42.43"
"0,67 : 101.21"
"0,68 : 37.74"
"0,69 : 49.09"
"0,70 : 8.06"
"0,71 : 87.69"
"0,72 : 89.94"
"0,73 : 72.01"
"0,74 : 32.89"
"0,75 : 71.85"
"0,76 : 58.86"
"0,77 : 70.72"
"0,78 : 90.14"
"0,79 : 36.06"
"0,80 : 93.06"
"0,81 : 94.26"
"0,82 : 70.49"
"0,83 : 68.25"
"0,84 : 85.59"
"0,85 : 70.04"
"0,86 : 79.16"
"0,87 : 47.42"
"0,88 : 70.77"
"0,89 : 121.08"
"0,90 : 78.41"
"0,91 : 45.1"
"0,92 : 48.88"
"0,93 : 89.45"
"0,94 : 93.62"
"0,95 : 83.01"
"0,96 : 41.79"
"0,97 : 84.1"
"0,98 : 41.05"
"0,99 : 73.57"
"1,0 : 85.15"
"1,1 : 0.0"
"1,2 : 94.05"
"1,3 : 32.45"
"1,4 : 108.41"
"1,5 : 26.08"
"1,6 : 61.29"
"1,7 : 19.24"
"1,8 : 57.25"
"1,9 : 87.66"
"1,10 : 93.92"
"1,11 : 116.1"
"1,12 : 55.71"
"1,13 : 103.37"
"1,14 : 80.31"
"1,15 : 111.02"
"1,16 : 25.3"
"1,17 : 90.61"
"1,18 : 42.64"
"1,19 : 74.03"
"1,20 : 64.35"
"1,21 : 100.12"
"1,22 : 87.57"
"1,23 : 16.03"
"1,24 : 78.26"
"1,25 : 65.97"
"1,26 : 61.4"
"1,27 : 115.75"
"1,28 : 54.78"
"1,29 : 76.92"
"1,30 : 58.86"
"1,31 : 32.31"
"1,32 : 55.17"
"1,33 : 95.63"
"1,34 : 105.69"
"1,35 : 80.06"
"1,36 : 32.57"
"1,37 : 26.17"
"1,38 : 50.25"
"1,39 : 65.25"
"1,40 : 42.45"
"1,41 : 35.61"
"1,42 : 88.65"
"1,43 : 112.41"
"1,44 : 15.62"
"1,45 : 77.83"
"1,46 : 35.38"
"1,47 : 89.99"
"1,48 : 47.42"
"1,49 : 88.23"
"1,50 : 69.35"
"1,51 : 51.61"
"1,52 : 71.59"
"1,53 : 90.47"
"1,54 : 79.43"
"1,55 : 24.76"
"1,56 : 70.71"
"1,57 : 93.05"
"1,58 : 53.04"
"1,59 : 76.06"
"1,60 : 122.35"
"1,61 : 95.02"
"1,62 : 106.07"
"1,63 : 113.57"
"1,64 : 30.0"
"1,65 : 37.05"
"1,66 : 87.24"
"1,67 : 57.22"
"1,68 : 55.08"
"1,69 : 98.39"
"1,70 : 93.09"
"1,71 : 60.17"
"1,72 : 110.63"
"1,73 : 48.01"
"1,74 : 54.33"
"1,75 : 44.41"
"1,76 : 91.84"
"1,77 : 70.94"
"1,78 : 78.26"
"1,79 : 49.09"
"1,80 : 112.29"
"1,81 : 69.89"
"1,82 : 73.0"
"1,83 : 63.78"
"1,84 : 80.78"
"1,85 : 97.08"
"1,86 : 11.66"
"1,87 : 44.6"
"1,88 : 82.76"
"1,89 : 85.09"
"1,90 : 7.62"
"1,91 : 96.66"
"1,92 : 70.49"
"1,93 : 126.06"
"1,94 : 106.61"
"1,95 : 40.5"
"1,96 : 47.07"
"1,97 : 86.27"
"1,98 : 90.47"
"1,99 : 74.65"
"2,0 : 20.62"
"2,1 : 94.05"
"2,2 : 0.0"
"2,3 : 76.12"
"2,4 : 52.47"
"2,5 : 79.4"
"2,6 : 41.79"
"2,7 : 90.14"
"2,8 : 43.68"
"2,9 : 72.2"
"2,10 : 16.49"
"2,11 : 64.38"
"2,12 : 82.3"
"2,13 : 29.02"
"2,14 : 14.76"
"2,15 : 80.99"
"2,16 : 72.42"
"2,17 : 106.78"
"2,18 : 61.39"
"2,19 : 24.84"
"2,20 : 70.46"
"2,21 : 52.5"
"2,22 : 7.21"
"2,23 : 92.02"
"2,24 : 16.0"
"2,25 : 29.07"
"2,26 : 43.46"
"2,27 : 60.13"
"2,28 : 81.84"
"2,29 : 93.72"
"2,30 : 93.94"
"2,31 : 63.03"
"2,32 : 58.18"
"2,33 : 21.38"
"2,34 : 83.19"
"2,35 : 51.09"
"2,36 : 84.72"
"2,37 : 96.75"
"2,38 : 63.32"
"2,39 : 30.15"
"2,40 : 52.09"
"2,41 : 72.37"
"2,42 : 105.38"
"2,43 : 52.04"
"2,44 : 84.48"
"2,45 : 32.56"
"2,46 : 67.74"
"2,47 : 10.82"
"2,48 : 60.73"
"2,49 : 71.61"
"2,50 : 76.22"
"2,51 : 53.45"
"2,52 : 96.02"
"2,53 : 24.17"
"2,54 : 100.9"
"2,55 : 75.06"
"2,56 : 33.24"
"2,57 : 19.92"
"2,58 : 59.62"
"2,59 : 109.29"
"2,60 : 71.18"
"2,61 : 52.39"
"2,62 : 37.0"
"2,63 : 75.69"
"2,64 : 64.54"
"2,65 : 57.27"
"2,66 : 26.93"
"2,67 : 97.94"
"2,68 : 40.01"
"2,69 : 30.41"
"2,70 : 18.0"
"2,71 : 82.49"
"2,72 : 73.08"
"2,73 : 69.64"
"2,74 : 39.81"
"2,75 : 70.52"
"2,76 : 42.95"
"2,77 : 61.72"
"2,78 : 80.62"
"2,79 : 47.17"
"2,80 : 76.24"
"2,81 : 87.2"
"2,82 : 60.88"
"2,83 : 61.29"
"2,84 : 75.01"
"2,85 : 53.85"
"2,86 : 90.25"
"2,87 : 51.01"
"2,88 : 58.41"
"2,89 : 113.85"
"2,90 : 86.7"
"2,91 : 26.48"
"2,92 : 40.22"
"2,93 : 70.01"
"2,94 : 78.0"
"2,95 : 82.57"
"2,96 : 47.17"
"2,97 : 72.01"
"2,98 : 24.17"
"2,99 : 63.66"
"3,0 : 74.25"
"3,1 : 32.45"
"3,2 : 76.12"
"3,3 : 0.0"
"3,4 : 78.39"
"3,5 : 6.4"
"3,6 : 36.06"
"3,7 : 17.0"
"3,8 : 33.02"
"3,9 : 55.22"
"3,10 : 71.06"
"3,11 : 85.0"
"3,12 : 25.08"
"3,13 : 77.67"
"3,14 : 65.15"
"3,15 : 78.6"
"3,16 : 35.51"
"3,17 : 62.01"
"3,18 : 15.0"
"3,19 : 63.06"
"3,20 : 31.91"
"3,21 : 69.64"
"3,22 : 71.06"
"3,23 : 20.25"
"3,24 : 60.42"
"3,25 : 47.3"
"3,26 : 35.23"
"3,27 : 85.15"
"3,28 : 24.08"
"3,29 : 47.1"
"3,30 : 32.02"
"3,31 : 19.21"
"3,32 : 24.6"
"3,33 : 71.45"
"3,34 : 73.25"
"3,35 : 49.4"
"3,36 : 8.94"
"3,37 : 21.02"
"3,38 : 18.87"
"3,39 : 46.1"
"3,40 : 28.02"
"3,41 : 4.12"
"3,42 : 60.01"
"3,43 : 82.76"
"3,44 : 37.48"
"3,45 : 51.79"
"3,46 : 8.54"
"3,47 : 69.12"
"3,48 : 17.72"
"3,49 : 55.8"
"3,50 : 37.16"
"3,51 : 24.19"
"3,52 : 43.1"
"3,53 : 65.62"
"3,54 : 51.09"
"3,55 : 10.0"
"3,56 : 63.82"
"3,57 : 69.26"
"3,58 : 22.36"
"3,59 : 51.24"
"3,60 : 90.91"
"3,61 : 64.35"
"3,62 : 78.75"
"3,63 : 81.39"
"3,64 : 29.55"
"3,65 : 31.4"
"3,66 : 61.81"
"3,67 : 32.7"
"3,68 : 37.0"
"3,69 : 72.03"
"3,70 : 81.15"
"3,71 : 29.27"
"3,72 : 78.52"
"3,73 : 15.62"
"3,74 : 41.68"
"3,75 : 12.04"
"3,76 : 62.65"
"3,77 : 38.9"
"3,78 : 46.24"
"3,79 : 43.14"
"3,80 : 80.06"
"3,81 : 39.32"
"3,82 : 41.04"
"3,83 : 31.89"
"3,84 : 48.37"
"3,85 : 66.29"
"3,86 : 38.9"
"3,87 : 26.83"
"3,88 : 51.09"
"3,89 : 59.67"
"3,90 : 26.4"
"3,91 : 71.2"
"3,92 : 43.17"
"3,93 : 95.0"
"3,94 : 74.2"
"3,95 : 11.7"
"3,96 : 32.76"
"3,97 : 53.82"
"3,98 : 65.62"
"3,99 : 42.45"
"4,0 : 71.01"
"4,1 : 108.41"
"4,2 : 52.47"
"4,3 : 78.39"
"4,4 : 0.0"
"4,5 : 84.38"
"4,6 : 48.92"
"4,7 : 95.38"
"4,8 : 53.15"
"4,9 : 36.5"
"4,10 : 36.12"
"4,11 : 12.0"
"4,12 : 67.47"
"4,13 : 24.35"
"4,14 : 59.3"
"4,15 : 31.89"
"4,16 : 96.54"
"4,17 : 72.73"
"4,18 : 65.8"
"4,19 : 69.05"
"4,20 : 52.39"
"4,21 : 9.22"
"4,22 : 56.01"
"4,23 : 98.62"
"4,24 : 52.77"
"4,25 : 54.63"
"4,26 : 48.1"
"4,27 : 8.54"
"4,28 : 67.68"
"4,29 : 65.49"
"4,30 : 76.42"
"4,31 : 77.79"
"4,32 : 53.85"
"4,33 : 31.14"
"4,34 : 37.01"
"4,35 : 29.07"
"4,36 : 83.67"
"4,37 : 97.58"
"4,38 : 59.54"
"4,39 : 54.13"
"4,40 : 71.06"
"4,41 : 74.43"
"4,42 : 72.12"
"4,43 : 5.0"
"4,44 : 106.08"
"4,45 : 34.48"
"4,46 : 73.24"
"4,47 : 43.01"
"4,48 : 61.29"
"4,49 : 35.51"
"4,50 : 53.24"
"4,51 : 56.85"
"4,52 : 71.11"
"4,53 : 30.15"
"4,54 : 72.01"
"4,55 : 83.82"
"4,56 : 77.67"
"4,57 : 33.02"
"4,58 : 56.08"
"4,59 : 83.6"
"4,60 : 19.1"
"4,61 : 14.56"
"4,62 : 16.55"
"4,63 : 24.7"
"4,64 : 86.56"
"4,65 : 80.6"
"4,66 : 29.83"
"4,67 : 81.5"
"4,68 : 60.75"
"4,69 : 22.09"
"4,70 : 70.35"
"4,71 : 64.78"
"4,72 : 22.8"
"4,73 : 63.98"
"4,74 : 68.0"
"4,75 : 67.08"
"4,76 : 17.03"
"4,77 : 41.76"
"4,78 : 51.16"
"4,79 : 78.29"
"4,80 : 25.81"
"4,81 : 63.0"
"4,82 : 39.56"
"4,83 : 47.54"
"4,84 : 44.1"
"4,85 : 13.15"
"4,86 : 110.34"
"4,87 : 67.36"
"4,88 : 29.61"
"4,89 : 84.17"
"4,90 : 101.04"
"4,91 : 26.08"
"4,92 : 38.95"
"4,93 : 19.7"
"4,94 : 30.48"
"4,95 : 77.25"
"4,96 : 68.82"
"4,97 : 37.34"
"4,98 : 30.15"
"4,99 : 39.81"
"5,0 : 75.96"
"5,1 : 26.08"
"5,2 : 79.4"
"5,3 : 6.4"
"5,4 : 84.38"
"5,5 : 0.0"
"5,6 : 40.61"
"5,7 : 11.4"
"5,8 : 37.22"
"5,9 : 61.61"
"5,10 : 75.43"
"5,11 : 91.21"
"5,12 : 30.59"
"5,13 : 82.71"
"5,14 : 67.68"
"5,15 : 85.0"
"5,16 : 31.62"
"5,17 : 67.07"
"5,18 : 19.65"
"5,19 : 64.62"
"5,20 : 38.28"
"5,21 : 75.72"
"5,22 : 73.98"
"5,23 : 14.32"
"5,24 : 63.51"
"5,25 : 50.36"
"5,26 : 40.02"
"5,27 : 91.26"
"5,28 : 29.61"
"5,29 : 52.47"
"5,30 : 36.22"
"5,31 : 18.87"
"5,32 : 30.53"
"5,33 : 76.12"
"5,34 : 79.61"
"5,35 : 55.47"
"5,36 : 9.85"
"5,37 : 17.46"
"5,38 : 25.0"
"5,39 : 49.25"
"5,40 : 29.15"
"5,41 : 10.0"
"5,42 : 65.07"
"5,43 : 88.68"
"5,44 : 32.06"
"5,45 : 56.75"
"5,46 : 12.17"
"5,47 : 73.01"
"5,48 : 23.26"
"5,49 : 62.2"
"5,50 : 43.38"
"5,51 : 29.12"
"5,52 : 48.01"
"5,53 : 70.41"
"5,54 : 56.01"
"5,55 : 6.4"
"5,56 : 64.5"
"5,57 : 73.82"
"5,58 : 28.3"
"5,59 : 55.11"
"5,60 : 97.19"
"5,61 : 70.46"
"5,62 : 84.15"
"5,63 : 87.78"
"5,64 : 27.2"
"5,65 : 30.48"
"5,66 : 66.71"
"5,67 : 36.14"
"5,68 : 39.62"
"5,69 : 77.2"
"5,70 : 83.17"
"5,71 : 34.93"
"5,72 : 84.9"
"5,73 : 22.02"
"5,74 : 43.08"
"5,75 : 18.44"
"5,76 : 68.43"
"5,77 : 45.25"
"5,78 : 52.39"
"5,79 : 43.01"
"5,80 : 86.45"
"5,81 : 44.91"
"5,82 : 47.38"
"5,83 : 38.21"
"5,84 : 54.71"
"5,85 : 72.42"
"5,86 : 32.98"
"5,87 : 28.86"
"5,88 : 57.38"
"5,89 : 63.79"
"5,90 : 20.25"
"5,91 : 76.16"
"5,92 : 48.38"
"5,93 : 101.21"
"5,94 : 80.6"
"5,95 : 16.0"
"5,96 : 34.18"
"5,97 : 60.22"
"5,98 : 70.41"
"5,99 : 48.84"
"6,0 : 46.01"
"6,1 : 61.29"
"6,2 : 41.79"
"6,3 : 36.06"
"6,4 : 48.92"
"6,5 : 40.61"
"6,6 : 0.0"
"6,7 : 51.97"
"6,8 : 4.24"
"6,9 : 43.19"
"6,10 : 35.01"
"6,11 : 58.52"
"6,12 : 41.05"
"6,13 : 42.38"
"6,14 : 34.06"
"6,15 : 61.98"
"6,16 : 47.63"
"6,17 : 70.49"
"6,18 : 21.1"
"6,19 : 36.89"
"6,20 : 31.4"
"6,21 : 41.88"
"6,22 : 38.08"
"6,23 : 54.57"
"6,24 : 27.46"
"6,25 : 16.4"
"6,26 : 2.24"
"6,27 : 57.01"
"6,28 : 40.5"
"6,29 : 55.8"
"6,30 : 52.7"
"6,31 : 29.41"
"6,32 : 16.64"
"6,33 : 35.51"
"6,34 : 60.07"
"6,35 : 24.74"
"6,36 : 44.05"
"6,37 : 57.08"
"6,38 : 21.54"
"6,39 : 15.0"
"6,40 : 22.2"
"6,41 : 32.02"
"6,42 : 68.8"
"6,43 : 52.33"
"6,44 : 57.31"
"6,45 : 16.55"
"6,46 : 28.44"
"6,47 : 33.54"
"6,48 : 19.24"
"6,49 : 43.1"
"6,50 : 38.28"
"6,51 : 12.04"
"6,52 : 56.59"
"6,53 : 29.83"
"6,54 : 62.63"
"6,55 : 37.95"
"6,56 : 42.15"
"6,57 : 33.24"
"6,58 : 17.89"
"6,59 : 69.35"
"6,60 : 65.51"
"6,61 : 37.59"
"6,62 : 44.78"
"6,63 : 61.03"
"6,64 : 37.64"
"6,65 : 31.91"
"6,66 : 26.25"
"6,67 : 56.44"
"6,68 : 14.04"
"6,69 : 37.16"
"6,70 : 51.09"
"6,71 : 41.87"
"6,72 : 57.87"
"6,73 : 27.86"
"6,74 : 23.0"
"6,75 : 28.86"
"6,76 : 31.89"
"6,77 : 26.25"
"6,78 : 45.19"
"6,79 : 32.39"
"6,80 : 60.44"
"6,81 : 48.27"
"6,82 : 26.68"
"6,83 : 22.47"
"6,84 : 41.76"
"6,85 : 39.82"
"6,86 : 61.85"
"6,87 : 18.44"
"6,88 : 31.14"
"6,89 : 75.07"
"6,90 : 53.71"
"6,91 : 35.74"
"6,92 : 10.0"
"6,93 : 68.01"
"6,94 : 57.71"
"6,95 : 41.0"
"6,96 : 20.62"
"6,97 : 42.3"
"6,98 : 29.83"
"6,99 : 29.83"
"7,0 : 85.44"
"7,1 : 19.24"
"7,2 : 90.14"
"7,3 : 17.0"
"7,4 : 95.38"
"7,5 : 11.4"
"7,6 : 51.97"
"7,7 : 0.0"
"7,8 : 48.51"
"7,9 : 70.84"
"7,10 : 86.7"
"7,11 : 101.83"
"7,12 : 37.12"
"7,13 : 94.11"
"7,14 : 77.93"
"7,15 : 94.26"
"7,16 : 34.21"
"7,17 : 71.39"
"7,18 : 31.05"
"7,19 : 74.04"
"7,20 : 47.42"
"7,21 : 86.61"
"7,22 : 84.48"
"7,23 : 3.61"
"7,24 : 74.17"
"7,25 : 61.07"
"7,26 : 51.42"
"7,27 : 102.08"
"7,28 : 36.24"
"7,29 : 57.87"
"7,30 : 39.62"
"7,31 : 27.89"
"7,32 : 41.59"
"7,33 : 87.48"
"7,34 : 88.41"
"7,35 : 66.37"
"7,36 : 13.89"
"7,37 : 9.22"
"7,38 : 35.85"
"7,39 : 60.03"
"7,40 : 38.83"
"7,41 : 21.02"
"7,42 : 69.43"
"7,43 : 99.76"
"7,44 : 30.36"
"7,45 : 68.15"
"7,46 : 23.54"
"7,47 : 84.1"
"7,48 : 34.54"
"7,49 : 71.51"
"7,50 : 51.61"
"7,51 : 40.52"
"7,52 : 52.39"
"7,53 : 81.79"
"7,54 : 60.21"
"7,55 : 15.13"
"7,56 : 73.01"
"7,57 : 85.16"
"7,58 : 39.36"
"7,59 : 57.0"
"7,60 : 107.62"
"7,61 : 81.3"
"7,62 : 95.52"
"7,63 : 97.59"
"7,64 : 33.02"
"7,65 : 38.01"
"7,66 : 78.1"
"7,67 : 38.05"
"7,68 : 50.16"
"7,69 : 88.6"
"7,70 : 92.89"
"7,71 : 41.59"
"7,72 : 94.79"
"7,73 : 32.02"
"7,74 : 52.63"
"7,75 : 28.6"
"7,76 : 79.62"
"7,77 : 55.44"
"7,78 : 60.21"
"7,79 : 50.99"
"7,80 : 96.17"
"7,81 : 51.08"
"7,82 : 57.63"
"7,83 : 48.6"
"7,84 : 63.41"
"7,85 : 83.22"
"7,86 : 29.15"
"7,87 : 39.2"
"7,88 : 67.8"
"7,89 : 66.01"
"7,90 : 16.49"
"7,91 : 87.56"
"7,92 : 59.77"
"7,93 : 111.83"
"7,94 : 89.94"
"7,95 : 21.95"
"7,96 : 43.93"
"7,97 : 69.43"
"7,98 : 81.79"
"7,99 : 58.8"
"8,0 : 46.01"
"8,1 : 57.25"
"8,2 : 43.68"
"8,3 : 33.02"
"8,4 : 53.15"
"8,5 : 37.22"
"8,6 : 4.24"
"8,7 : 48.51"
"8,8 : 0.0"
"8,9 : 46.01"
"8,10 : 38.21"
"8,11 : 62.68"
"8,12 : 40.46"
"8,13 : 46.24"
"8,14 : 34.67"
"8,15 : 65.51"
"8,16 : 43.42"
"8,17 : 71.59"
"8,18 : 18.03"
"8,19 : 36.24"
"8,20 : 32.25"
"8,21 : 46.04"
"8,22 : 39.4"
"8,23 : 50.99"
"8,24 : 28.64"
"8,25 : 16.4"
"8,26 : 5.39"
"8,27 : 61.22"
"8,28 : 39.82"
"8,29 : 56.6"
"8,30 : 52.01"
"8,31 : 25.24"
"8,32 : 16.28"
"8,33 : 39.05"
"8,34 : 63.29"
"8,35 : 28.46"
"8,36 : 41.3"
"8,37 : 54.0"
"8,38 : 20.25"
"8,39 : 15.0"
"8,40 : 18.03"
"8,41 : 29.07"
"8,42 : 69.84"
"8,43 : 56.57"
"8,44 : 53.08"
"8,45 : 20.59"
"8,46 : 25.08"
"8,47 : 36.12"
"8,48 : 17.09"
"8,49 : 46.0"
"8,50 : 39.36"
"8,51 : 9.85"
"8,52 : 56.85"
"8,53 : 33.53"
"8,54 : 63.25"
"8,55 : 34.21"
"8,56 : 40.71"
"8,57 : 36.67"
"8,58 : 17.03"
"8,59 : 69.31"
"8,60 : 69.64"
"8,61 : 41.68"
"8,62 : 48.88"
"8,63 : 64.85"
"8,64 : 33.42"
"8,65 : 27.78"
"8,66 : 30.08"
"8,67 : 55.47"
"8,68 : 11.18"
"8,69 : 41.15"
"8,70 : 51.61"
"8,71 : 41.73"
"8,72 : 61.68"
"8,73 : 26.42"
"8,74 : 20.22"
"8,75 : 26.93"
"8,76 : 36.12"
"8,77 : 28.44"
"8,78 : 46.82"
"8,79 : 29.07"
"8,80 : 64.2"
"8,81 : 48.83"
"8,82 : 29.15"
"8,83 : 23.77"
"8,84 : 43.93"
"8,85 : 43.91"
"8,86 : 57.63"
"8,87 : 14.21"
"8,88 : 34.53"
"8,89 : 75.43"
"8,90 : 49.65"
"8,91 : 39.56"
"8,92 : 14.21"
"8,93 : 72.2"
"8,94 : 61.19"
"8,95 : 38.9"
"8,96 : 16.76"
"8,97 : 45.04"
"8,98 : 33.53"
"8,99 : 32.25"
"9,0 : 84.58"
"9,1 : 87.66"
"9,2 : 72.2"
"9,3 : 55.22"
"9,4 : 36.5"
"9,5 : 61.61"
"9,6 : 43.19"
"9,7 : 70.84"
"9,8 : 46.01"
"9,9 : 0.0"
"9,10 : 57.31"
"9,11 : 36.5"
"9,12 : 36.06"
"9,13 : 52.7"
"9,14 : 71.59"
"9,15 : 23.43"
"9,16 : 84.12"
"9,17 : 37.12"
"9,18 : 48.1"
"9,19 : 77.79"
"9,20 : 23.43"
"9,21 : 28.16"
"9,22 : 72.2"
"9,23 : 74.41"
"9,24 : 63.98"
"9,25 : 57.72"
"9,26 : 41.11"
"9,27 : 39.05"
"9,28 : 36.62"
"9,29 : 29.07"
"9,30 : 42.38"
"9,31 : 63.25"
"9,32 : 35.44"
"9,33 : 53.76"
"9,34 : 18.38"
"9,35 : 21.47"
"9,36 : 57.28"
"9,37 : 70.18"
"9,38 : 38.48"
"9,39 : 56.52"
"9,40 : 61.66"
"9,41 : 52.15"
"9,42 : 36.25"
"9,43 : 41.44"
"9,44 : 90.38"
"9,45 : 40.71"
"9,46 : 53.67"
"9,47 : 61.4"
"9,48 : 42.72"
"9,49 : 1.0"
"9,50 : 20.25"
"9,51 : 42.76"
"9,52 : 35.06"
"9,53 : 48.84"
"9,54 : 35.51"
"9,55 : 63.63"
"9,56 : 84.4"
"9,57 : 53.76"
"9,58 : 37.0"
"9,59 : 47.17"
"9,60 : 40.16"
"9,61 : 24.17"
"9,62 : 47.85"
"9,63 : 27.46"
"9,64 : 74.73"
"9,65 : 71.2"
"9,66 : 45.45"
"9,67 : 47.43"
"9,68 : 57.08"
"9,69 : 47.2"
"9,70 : 87.32"
"9,71 : 32.25"
"9,72 : 25.06"
"9,73 : 39.66"
"9,74 : 66.12"
"9,75 : 43.27"
"9,76 : 31.4"
"9,77 : 18.44"
"9,78 : 15.13"
"9,79 : 75.01"
"9,80 : 25.81"
"9,81 : 27.66"
"9,82 : 17.12"
"9,83 : 25.3"
"9,84 : 8.54"
"9,85 : 24.35"
"9,86 : 93.06"
"9,87 : 57.56"
"9,88 : 13.89"
"9,89 : 47.8"
"9,90 : 81.3"
"9,91 : 49.68"
"9,92 : 36.4"
"9,93 : 45.61"
"9,94 : 19.1"
"9,95 : 49.52"
"9,96 : 62.13"
"9,97 : 1.41"
"9,98 : 48.84"
"9,99 : 14.32"
"10,0 : 35.23"
"10,1 : 93.92"
"10,2 : 16.49"
"10,3 : 71.06"
"10,4 : 36.12"
"10,5 : 75.43"
"10,6 : 35.01"
"10,7 : 86.7"
"10,8 : 38.21"
"10,9 : 57.31"
"10,10 : 0.0"
"10,11 : 48.09"
"10,12 : 72.42"
"10,13 : 13.93"
"10,14 : 24.7"
"10,15 : 64.62"
"10,16 : 75.29"
"10,17 : 93.09"
"10,18 : 56.08"
"10,19 : 35.34"
"10,20 : 59.09"
"10,21 : 36.06"
"10,22 : 20.1"
"10,23 : 89.11"
"10,24 : 20.0"
"10,25 : 28.65"
"10,26 : 36.01"
"10,27 : 44.0"
"10,28 : 72.12"
"10,29 : 80.99"
"10,30 : 83.82"
"10,31 : 61.68"
"10,32 : 49.65"
"10,33 : 5.0"
"10,34 : 67.12"
"10,35 : 37.01"
"10,36 : 79.01"
"10,37 : 92.09"
"10,38 : 55.44"
"10,39 : 29.07"
"10,40 : 51.62"
"10,41 : 67.03"
"10,42 : 91.83"
"10,43 : 36.06"
"10,44 : 86.77"
"10,45 : 20.88"
"10,46 : 63.29"
"10,47 : 7.28"
"10,48 : 54.04"
"10,49 : 56.64"
"10,50 : 64.01"
"10,51 : 47.0"
"10,52 : 84.12"
"10,53 : 8.49"
"10,54 : 88.2"
"10,55 : 72.18"
"10,56 : 44.28"
"10,57 : 3.61"
"10,58 : 51.48"
"10,59 : 97.53"
"10,60 : 55.01"
"10,61 : 36.24"
"10,62 : 21.38"
"10,63 : 59.2"
"10,64 : 66.19"
"10,65 : 59.06"
"10,66 : 12.21"
"10,67 : 88.23"
"10,68 : 39.0"
"10,69 : 14.04"
"10,70 : 34.23"
"10,71 : 71.87"
"10,72 : 56.61"
"10,73 : 61.66"
"10,74 : 42.44"
"10,75 : 63.29"
"10,76 : 26.93"
"10,77 : 49.24"
"10,78 : 67.2"
"10,79 : 51.86"
"10,80 : 59.77"
"10,81 : 75.18"
"10,82 : 48.02"
"10,83 : 50.33"
"10,84 : 61.07"
"10,85 : 37.58"
"10,86 : 92.14"
"10,87 : 49.34"
"10,88 : 43.86"
"10,89 : 101.24"
"10,90 : 86.33"
"10,91 : 10.05"
"10,92 : 29.83"
"10,93 : 54.23"
"10,94 : 61.74"
"10,95 : 75.43"
"10,96 : 47.42"
"10,97 : 57.28"
"10,98 : 8.49"
"10,99 : 50.48"
"11,0 : 83.01"
"11,1 : 116.1"
"11,2 : 64.38"
"11,3 : 85.0"
"11,4 : 12.0"
"11,5 : 91.21"
"11,6 : 58.52"
"11,7 : 101.83"
"11,8 : 62.68"
"11,9 : 36.5"
"11,10 : 48.09"
"11,11 : 0.0"
"11,12 : 70.94"
"11,13 : 35.9"
"11,14 : 71.25"
"11,15 : 24.19"
"11,16 : 106.02"
"11,17 : 69.87"
"11,18 : 73.55"
"11,19 : 80.89"
"11,20 : 56.36"
"11,21 : 16.64"
"11,22 : 68.01"
"11,23 : 105.21"
"11,24 : 64.63"
"11,25 : 65.79"
"11,26 : 57.43"
"11,27 : 5.0"
"11,28 : 71.31"
"11,29 : 65.12"
"11,30 : 78.59"
"11,31 : 86.56"
"11,32 : 60.96"
"11,33 : 43.1"
"11,34 : 31.02"
"11,35 : 36.07"
"11,36 : 89.36"
"11,37 : 103.08"
"11,38 : 66.22"
"11,39 : 65.19"
"11,40 : 80.71"
"11,41 : 81.22"
"11,42 : 69.58"
"11,43 : 13.0"
"11,44 : 114.98"
"11,45 : 45.31"
"11,46 : 80.72"
"11,47 : 55.01"
"11,48 : 68.68"
"11,49 : 35.51"
"11,50 : 55.66"
"11,51 : 65.12"
"11,52 : 71.45"
"11,53 : 42.11"
"11,54 : 71.0"
"11,55 : 91.35"
"11,56 : 89.44"
"11,57 : 45.01"
"11,58 : 63.13"
"11,59 : 83.02"
"11,60 : 7.28"
"11,61 : 21.26"
"11,62 : 27.89"
"11,63 : 15.81"
"11,64 : 96.02"
"11,65 : 90.43"
"11,66 : 41.59"
"11,67 : 83.68"
"11,68 : 71.12"
"11,69 : 34.06"
"11,70 : 82.3"
"11,71 : 67.68"
"11,72 : 15.23"
"11,73 : 69.89"
"11,74 : 78.79"
"11,75 : 73.24"
"11,76 : 27.31"
"11,77 : 46.65"
"11,78 : 51.62"
"11,79 : 89.05"
"11,80 : 17.49"
"11,81 : 64.13"
"11,82 : 44.42"
"11,83 : 53.25"
"11,84 : 44.91"
"11,85 : 19.1"
"11,86 : 118.93"
"11,87 : 76.84"
"11,88 : 34.13"
"11,89 : 82.3"
"11,90 : 108.93"
"11,91 : 38.05"
"11,92 : 48.55"
"11,93 : 10.0"
"11,94 : 24.35"
"11,95 : 82.37"
"11,96 : 78.89"
"11,97 : 37.66"
"11,98 : 42.11"
"11,99 : 43.83"
"12,0 : 86.45"
"12,1 : 55.71"
"12,2 : 82.3"
"12,3 : 25.08"
"12,4 : 67.47"
"12,5 : 30.59"
"12,6 : 41.05"
"12,7 : 37.12"
"12,8 : 40.46"
"12,9 : 36.06"
"12,10 : 72.42"
"12,11 : 70.94"
"12,12 : 0.0"
"12,13 : 74.55"
"12,14 : 75.0"
"12,15 : 58.9"
"12,16 : 60.13"
"12,17 : 37.12"
"12,18 : 28.18"
"12,19 : 76.37"
"12,20 : 15.13"
"12,21 : 58.25"
"12,22 : 79.08"
"12,23 : 40.71"
"12,24 : 68.51"
"12,25 : 56.85"
"12,26 : 39.12"
"12,27 : 72.42"
"12,28 : 1.0"
"12,29 : 22.02"
"12,30 : 11.66"
"12,31 : 41.23"
"12,32 : 24.41"
"12,33 : 71.06"
"12,34 : 52.33"
"12,35 : 40.01"
"12,36 : 23.26"
"12,37 : 34.71"
"12,38 : 20.52"
"12,39 : 55.44"
"12,40 : 46.07"
"12,41 : 24.08"
"12,42 : 35.13"
"12,43 : 72.37"
"12,44 : 62.51"
"12,45 : 51.55"
"12,46 : 28.64"
"12,47 : 73.01"
"12,48 : 25.0"
"12,49 : 36.89"
"12,50 : 15.81"
"12,51 : 31.11"
"12,52 : 18.68"
"12,53 : 65.0"
"12,54 : 26.48"
"12,55 : 35.06"
"12,56 : 79.65"
"12,57 : 69.64"
"12,58 : 23.43"
"12,59 : 29.41"
"12,60 : 75.58"
"12,61 : 52.95"
"12,62 : 73.01"
"12,63 : 63.51"
"12,64 : 52.95"
"12,65 : 52.81"
"12,66 : 60.88"
"12,67 : 15.81"
"12,68 : 49.58"
"12,69 : 68.47"
"12,70 : 92.01"
"12,71 : 4.47"
"12,72 : 61.06"
"12,73 : 15.26"
"12,74 : 57.2"
"12,75 : 17.09"
"12,76 : 55.01"
"12,77 : 26.08"
"12,78 : 23.43"
"12,79 : 62.18"
"12,80 : 61.85"
"12,81 : 14.32"
"12,82 : 28.16"
"12,83 : 22.36"
"12,84 : 27.8"
"12,85 : 54.34"
"12,86 : 63.56"
"12,87 : 43.05"
"12,88 : 37.85"
"12,89 : 36.67"
"12,90 : 50.7"
"12,91 : 69.05"
"12,92 : 42.72"
"12,93 : 80.62"
"12,94 : 54.82"
"12,95 : 15.23"
"12,96 : 49.4"
"12,97 : 34.67"
"12,98 : 65.0"
"12,99 : 27.66"
"13,0 : 48.84"
"13,1 : 103.37"
"13,2 : 29.02"
"13,3 : 77.67"
"13,4 : 24.35"
"13,5 : 82.71"
"13,6 : 42.38"
"13,7 : 94.11"
"13,8 : 46.24"
"13,9 : 52.7"
"13,10 : 13.93"
"13,11 : 35.9"
"13,12 : 74.55"
"13,13 : 0.0"
"13,14 : 38.63"
"13,15 : 55.23"
"13,16 : 86.61"
"13,17 : 89.69"
"13,18 : 63.06"
"13,19 : 49.24"
"13,20 : 60.02"
"13,21 : 27.02"
"13,22 : 33.73"
"13,23 : 96.84"
"13,24 : 33.62"
"13,25 : 40.36"
"13,26 : 42.72"
"13,27 : 31.4"
"13,28 : 74.43"
"13,29 : 79.31"
"13,30 : 85.33"
"13,31 : 71.11"
"13,32 : 54.23"
"13,33 : 9.43"
"13,34 : 59.03"
"13,35 : 35.44"
"13,36 : 84.85"
"13,37 : 98.48"
"13,38 : 60.3"
"13,39 : 40.46"
"13,40 : 61.91"
"13,41 : 73.55"
"13,42 : 88.68"
"13,43 : 23.19"
"13,44 : 97.64"
"13,45 : 25.96"
"13,46 : 70.6"
"13,47 : 21.19"
"13,48 : 60.02"
"13,49 : 51.87"
"13,50 : 63.6"
"13,51 : 53.6"
"13,52 : 83.49"
"13,53 : 13.04"
"13,54 : 86.41"
"13,55 : 80.32"
"13,56 : 58.18"
"13,57 : 12.21"
"13,58 : 56.32"
"13,59 : 96.8"
"13,60 : 42.43"
"13,61 : 29.07"
"13,62 : 8.06"
"13,63 : 48.75"
"13,64 : 77.1"
"13,65 : 70.21"
"13,66 : 16.16"
"13,67 : 90.09"
"13,68 : 49.65"
"13,69 : 6.08"
"13,70 : 47.01"
"13,71 : 73.16"
"13,72 : 46.53"
"13,73 : 66.12"
"13,74 : 54.49"
"13,75 : 68.36"
"13,76 : 21.47"
"13,77 : 49.24"
"13,78 : 64.88"
"13,79 : 64.35"
"13,80 : 49.65"
"13,81 : 74.63"
"13,82 : 47.54"
"13,83 : 52.24"
"13,84 : 58.14"
"13,85 : 29.7"
"13,86 : 102.73"
"13,87 : 59.06"
"13,88 : 40.72"
"13,89 : 99.32"
"13,90 : 95.75"
"13,91 : 6.71"
"13,92 : 34.53"
"13,93 : 41.0"
"13,94 : 53.01"
"13,95 : 80.16"
"13,96 : 58.25"
"13,97 : 53.0"
"13,98 : 13.04"
"13,99 : 49.34"
"14,0 : 13.0"
"14,1 : 80.31"
"14,2 : 14.76"
"14,3 : 65.15"
"14,4 : 59.3"
"14,5 : 67.68"
"14,6 : 34.06"
"14,7 : 77.93"
"14,8 : 34.67"
"14,9 : 71.59"
"14,10 : 24.7"
"14,11 : 71.25"
"14,12 : 75.0"
"14,13 : 38.63"
"14,14 : 0.0"
"14,15 : 84.34"
"14,16 : 57.97"
"14,17 : 103.41"
"14,18 : 51.08"
"14,19 : 10.82"
"14,20 : 65.07"
"14,21 : 57.08"
"14,22 : 7.62"
"14,23 : 79.51"
"14,24 : 7.62"
"14,25 : 18.36"
"14,26 : 36.12"
"14,27 : 67.6"
"14,28 : 74.4"
"14,29 : 89.27"
"14,30 : 86.61"
"14,31 : 50.25"
"14,32 : 50.61"
"14,33 : 29.41"
"14,34 : 85.16"
"14,35 : 50.16"
"14,36 : 74.0"
"14,37 : 85.15"
"14,38 : 54.92"
"14,39 : 19.72"
"14,40 : 39.2"
"14,41 : 61.68"
"14,42 : 101.83"
"14,43 : 60.02"
"14,44 : 70.09"
"14,45 : 31.02"
"14,46 : 56.61"
"14,47 : 17.46"
"14,48 : 51.48"
"14,49 : 71.18"
"14,50 : 71.59"
"14,51 : 44.42"
"14,52 : 90.52"
"14,53 : 29.15"
"14,54 : 96.26"
"14,55 : 62.8"
"14,56 : 19.72"
"14,57 : 26.93"
"14,58 : 51.61"
"14,59 : 103.39"
"14,60 : 78.41"
"14,61 : 55.58"
"14,62 : 45.88"
"14,63 : 80.31"
"14,64 : 50.49"
"14,65 : 43.29"
"14,66 : 30.02"
"14,67 : 90.14"
"14,68 : 28.16"
"14,69 : 37.85"
"14,70 : 17.03"
"14,71 : 75.93"
"14,72 : 77.41"
"14,73 : 61.06"
"14,74 : 26.02"
"14,75 : 61.29"
"14,76 : 46.27"
"14,77 : 58.01"
"14,78 : 77.42"
"14,79 : 32.57"
"14,80 : 80.5"
"14,81 : 82.04"
"14,82 : 57.69"
"14,83 : 55.9"
"14,84 : 72.72"
"14,85 : 57.43"
"14,86 : 75.93"
"14,87 : 38.83"
"14,88 : 57.78"
"14,89 : 108.9"
"14,90 : 73.11"
"14,91 : 33.96"
"14,92 : 36.06"
"14,93 : 78.26"
"14,94 : 80.81"
"14,95 : 72.92"
"14,96 : 34.13"
"14,97 : 71.11"
"14,98 : 29.15"
"14,99 : 60.75"
"15,0 : 97.08"
"15,1 : 111.02"
"15,2 : 80.99"
"15,3 : 78.6"
"15,4 : 31.89"
"15,5 : 85.0"
"15,6 : 61.98"
"15,7 : 94.26"
"15,8 : 65.51"
"15,9 : 23.43"
"15,10 : 64.62"
"15,11 : 24.19"
"15,12 : 58.9"
"15,13 : 55.23"
"15,14 : 84.34"
"15,15 : 0.0"
"15,16 : 106.23"
"15,17 : 48.01"
"15,18 : 70.66"
"15,19 : 92.44"
"15,20 : 46.86"
"15,21 : 28.64"
"15,22 : 82.97"
"15,23 : 97.84"
"15,24 : 76.94"
"15,25 : 74.01"
"15,26 : 60.21"
"15,27 : 28.84"
"15,28 : 59.55"
"15,29 : 46.82"
"15,30 : 63.63"
"15,31 : 85.49"
"15,32 : 57.7"
"15,33 : 60.01"
"15,34 : 8.06"
"15,35 : 37.34"
"15,36 : 80.66"
"15,37 : 93.38"
"15,38 : 61.4"
"15,39 : 73.03"
"15,40 : 82.57"
"15,41 : 75.45"
"15,42 : 48.09"
"15,43 : 35.38"
"15,44 : 113.18"
"15,45 : 54.15"
"15,46 : 76.66"
"15,47 : 70.52"
"15,48 : 65.3"
"15,49 : 22.8"
"15,50 : 43.19"
"15,51 : 64.26"
"15,52 : 53.85"
"15,53 : 56.92"
"15,54 : 51.42"
"15,55 : 86.82"
"15,56 : 100.12"
"15,57 : 61.1"
"15,58 : 59.48"
"15,59 : 63.56"
"15,60 : 23.54"
"15,61 : 28.86"
"15,62 : 48.01"
"15,63 : 8.54"
"15,64 : 96.57"
"15,65 : 92.35"
"15,66 : 54.82"
"15,67 : 68.48"
"15,68 : 75.95"
"15,69 : 51.43"
"15,70 : 98.08"
"15,71 : 54.82"
"15,72 : 9.22"
"15,73 : 63.01"
"15,74 : 84.72"
"15,75 : 66.61"
"15,76 : 38.33"
"15,77 : 40.71"
"15,78 : 36.06"
"15,79 : 94.37"
"15,80 : 6.71"
"15,81 : 48.37"
"15,82 : 38.91"
"15,83 : 47.89"
"15,84 : 31.14"
"15,85 : 27.2"
"15,86 : 116.11"
"15,87 : 78.45"
"15,88 : 31.05"
"15,89 : 61.2"
"15,90 : 104.56"
"15,91 : 55.04"
"15,92 : 53.24"
"15,93 : 29.61"
"15,94 : 4.47"
"15,95 : 72.84"
"15,96 : 82.23"
"15,97 : 24.84"
"15,98 : 56.92"
"15,99 : 36.72"
"16,0 : 61.07"
"16,1 : 25.3"
"16,2 : 72.42"
"16,3 : 35.51"
"16,4 : 96.54"
"16,5 : 31.62"
"16,6 : 47.63"
"16,7 : 34.21"
"16,8 : 43.42"
"16,9 : 84.12"
"16,10 : 75.29"
"16,11 : 106.02"
"16,12 : 60.13"
"16,13 : 86.61"
"16,14 : 57.97"
"16,15 : 106.23"
"16,16 : 0.0"
"16,17 : 97.25"
"16,18 : 36.14"
"16,19 : 50.36"
"16,20 : 62.97"
"16,21 : 89.4"
"16,22 : 65.52"
"16,23 : 33.24"
"16,24 : 57.38"
"16,25 : 46.65"
"16,26 : 48.6"
"16,27 : 104.64"
"16,28 : 59.14"
"16,29 : 82.05"
"16,30 : 67.47"
"16,31 : 20.88"
"16,32 : 48.7"
"16,33 : 77.94"
"16,34 : 102.46"
"16,35 : 70.83"
"16,36 : 41.44"
"16,37 : 43.42"
"16,38 : 46.1"
"16,39 : 46.32"
"16,40 : 25.5"
"16,41 : 36.06"
"16,42 : 95.26"
"16,43 : 99.82"
"16,44 : 12.17"
"16,45 : 62.94"
"16,46 : 32.06"
"16,47 : 70.21"
"16,48 : 41.48"
"16,49 : 84.43"
"16,50 : 69.58"
"16,51 : 42.05"
"16,52 : 78.52"
"16,53 : 73.6"
"16,54 : 86.47"
"16,55 : 25.71"
"16,56 : 46.04"
"16,57 : 75.17"
"16,58 : 47.13"
"16,59 : 86.59"
"16,60 : 112.89"
"16,61 : 84.88"
"16,62 : 90.79"
"16,63 : 106.89"
"16,64 : 10.0"
"16,65 : 16.4"
"16,66 : 71.06"
"16,67 : 67.72"
"16,68 : 37.01"
"16,69 : 82.46"
"16,70 : 69.12"
"16,71 : 64.03"
"16,72 : 103.77"
"16,73 : 47.17"
"16,74 : 33.11"
"16,75 : 44.05"
"16,76 : 79.51"
"16,77 : 65.79"
"16,78 : 78.77"
"16,79 : 25.5"
"16,80 : 105.99"
"16,81 : 74.01"
"16,82 : 67.42"
"16,83 : 58.82"
"16,84 : 79.08"
"16,85 : 87.09"
"16,86 : 18.11"
"16,87 : 29.21"
"16,88 : 75.58"
"16,89 : 95.13"
"16,90 : 20.25"
"16,91 : 80.0"
"16,92 : 57.63"
"16,93 : 115.6"
"16,94 : 101.77"
"16,95 : 47.07"
"16,96 : 28.43"
"16,97 : 82.86"
"16,98 : 73.6"
"16,99 : 69.89"
"17,0 : 116.02"
"17,1 : 90.61"
"17,2 : 106.78"
"17,3 : 62.01"
"17,4 : 72.73"
"17,5 : 67.07"
"17,6 : 70.49"
"17,7 : 71.39"
"17,8 : 71.59"
"17,9 : 37.12"
"17,10 : 93.09"
"17,11 : 69.87"
"17,12 : 37.12"
"17,13 : 89.69"
"17,14 : 103.41"
"17,15 : 48.01"
"17,16 : 97.25"
"17,17 : 0.0"
"17,18 : 64.03"
"17,19 : 107.38"
"17,20 : 39.36"
"17,21 : 65.0"
"17,22 : 105.55"
"17,23 : 74.73"
"17,24 : 96.05"
"17,25 : 86.82"
"17,26 : 68.26"
"17,27 : 73.55"
"17,28 : 38.12"
"17,29 : 15.52"
"17,30 : 31.78"
"17,31 : 78.09"
"17,32 : 55.95"
"17,33 : 90.0"
"17,34 : 40.0"
"17,35 : 56.08"
"17,36 : 58.42"
"17,37 : 66.1"
"17,38 : 54.71"
"17,39 : 85.44"
"17,40 : 81.61"
"17,41 : 61.2"
"17,42 : 2.0"
"17,43 : 77.49"
"17,44 : 99.13"
"17,45 : 74.25"
"17,46 : 65.62"
"17,47 : 96.21"
"17,48 : 59.77"
"17,49 : 38.01"
"17,50 : 32.25"
"17,51 : 64.08"
"17,52 : 19.1"
"17,53 : 84.65"
"17,54 : 11.18"
"17,55 : 72.01"
"17,56 : 112.29"
"17,57 : 89.64"
"17,58 : 56.08"
"17,59 : 19.1"
"17,60 : 71.11"
"17,61 : 61.27"
"17,62 : 84.97"
"17,63 : 56.04"
"17,64 : 89.94"
"17,65 : 89.27"
"17,66 : 80.92"
"17,67 : 34.18"
"17,68 : 82.29"
"17,69 : 84.06"
"17,70 : 120.1"
"17,71 : 33.38"
"17,72 : 55.23"
"17,73 : 51.2"
"17,74 : 90.87"
"17,75 : 53.76"
"17,76 : 68.26"
"17,77 : 45.45"
"17,78 : 26.17"
"17,79 : 97.41"
"17,80 : 54.04"
"17,81 : 23.77"
"17,82 : 46.01"
"17,83 : 48.02"
"17,84 : 32.02"
"17,85 : 61.33"
"17,86 : 99.61"
"17,87 : 78.11"
"17,88 : 49.41"
"17,89 : 13.6"
"17,90 : 86.58"
"17,91 : 86.27"
"17,92 : 67.48"
"17,93 : 77.16"
"17,94 : 46.1"
"17,95 : 51.09"
"17,96 : 84.15"
"17,97 : 36.72"
"17,98 : 84.65"
"17,99 : 43.14"
"18,0 : 61.06"
"18,1 : 42.64"
"18,2 : 61.39"
"18,3 : 15.0"
"18,4 : 65.8"
"18,5 : 19.65"
"18,6 : 21.1"
"18,7 : 31.05"
"18,8 : 18.03"
"18,9 : 48.1"
"18,10 : 56.08"
"18,11 : 73.55"
"18,12 : 28.18"
"18,13 : 63.06"
"18,14 : 51.08"
"18,15 : 70.66"
"18,16 : 36.14"
"18,17 : 64.03"
"18,18 : 0.0"
"18,19 : 50.22"
"18,20 : 27.07"
"18,21 : 57.49"
"18,22 : 56.61"
"18,23 : 33.84"
"18,24 : 45.88"
"18,25 : 32.89"
"18,26 : 20.4"
"18,27 : 73.11"
"18,28 : 27.29"
"18,29 : 48.51"
"18,30 : 38.6"
"18,31 : 15.3"
"18,32 : 13.04"
"18,33 : 56.57"
"18,34 : 66.48"
"18,35 : 37.48"
"18,36 : 23.35"
"18,37 : 36.01"
"18,38 : 10.05"
"18,39 : 31.62"
"18,40 : 17.89"
"18,41 : 11.05"
"18,42 : 62.1"
"18,43 : 69.89"
"18,44 : 42.54"
"18,45 : 37.11"
"18,46 : 7.62"
"18,47 : 54.15"
"18,48 : 5.39"
"18,49 : 48.47"
"18,50 : 34.0"
"18,51 : 9.49"
"18,52 : 46.62"
"18,53 : 50.8"
"18,54 : 54.08"
"18,55 : 18.03"
"18,56 : 52.33"
"18,57 : 54.33"
"18,58 : 11.18"
"18,59 : 57.45"
"18,60 : 79.93"
"18,61 : 52.4"
"18,62 : 64.62"
"18,63 : 72.11"
"18,64 : 27.17"
"18,65 : 25.32"
"18,66 : 47.07"
"18,67 : 41.04"
"18,68 : 23.32"
"18,69 : 57.57"
"18,70 : 67.54"
"18,71 : 31.02"
"18,72 : 69.07"
"18,73 : 13.0"
"18,74 : 29.7"
"18,75 : 11.4"
"18,76 : 49.4"
"18,77 : 29.97"
"18,78 : 43.05"
"18,79 : 34.0"
"18,80 : 71.02"
"18,81 : 40.26"
"18,82 : 31.76"
"18,83 : 22.85"
"18,84 : 42.95"
"18,85 : 54.49"
"18,86 : 45.8"
"18,87 : 15.0"
"18,88 : 40.8"
"18,89 : 64.85"
"18,90 : 35.38"
"18,91 : 56.52"
"18,92 : 28.79"
"18,93 : 83.49"
"18,94 : 66.19"
"18,95 : 21.95"
"18,96 : 21.4"
"18,97 : 46.82"
"18,98 : 50.8"
"18,99 : 34.01"
"19,0 : 11.4"
"19,1 : 74.03"
"19,2 : 24.84"
"19,3 : 63.06"
"19,4 : 69.05"
"19,5 : 64.62"
"19,6 : 36.89"
"19,7 : 74.04"
"19,8 : 36.24"
"19,9 : 77.79"
"19,10 : 35.34"
"19,11 : 80.89"
"19,12 : 76.37"
"19,13 : 49.24"
"19,14 : 10.82"
"19,15 : 92.44"
"19,16 : 50.36"
"19,17 : 107.38"
"19,18 : 50.22"
"19,19 : 0.0"
"19,20 : 68.24"
"19,21 : 66.07"
"19,22 : 17.69"
"19,23 : 75.19"
"19,24 : 16.28"
"19,25 : 20.59"
"19,26 : 39.12"
"19,27 : 77.47"
"19,28 : 75.66"
"19,29 : 92.66"
"19,30 : 87.73"
"19,31 : 46.17"
"19,32 : 52.5"
"19,33 : 39.92"
"19,34 : 92.57"
"19,35 : 56.75"
"19,36 : 72.01"
"19,37 : 81.93"
"19,38 : 55.87"
"19,39 : 21.95"
"19,40 : 35.47"
"19,41 : 60.03"
"19,42 : 105.69"
"19,43 : 70.09"
"19,44 : 62.51"
"19,45 : 38.33"
"19,46 : 54.59"
"19,47 : 28.18"
"19,48 : 51.74"
"19,49 : 77.49"
"19,50 : 75.17"
"19,51 : 45.25"
"19,52 : 93.09"
"19,53 : 39.05"
"19,54 : 99.4"
"19,55 : 59.14"
"19,56 : 8.94"
"19,57 : 37.34"
"19,58 : 53.08"
"19,59 : 105.48"
"19,60 : 88.12"
"19,61 : 64.03"
"19,62 : 56.3"
"19,63 : 89.01"
"19,64 : 44.05"
"19,65 : 37.22"
"19,66 : 39.32"
"19,67 : 90.79"
"19,68 : 27.02"
"19,69 : 48.08"
"19,70 : 19.1"
"19,71 : 77.9"
"19,72 : 86.02"
"19,73 : 61.62"
"19,74 : 21.54"
"19,75 : 61.22"
"19,76 : 55.01"
"19,77 : 62.61"
"19,78 : 81.88"
"19,79 : 25.02"
"19,80 : 89.05"
"19,81 : 85.0"
"19,82 : 62.65"
"19,83 : 59.36"
"19,84 : 77.88"
"19,85 : 66.01"
"19,86 : 68.47"
"19,87 : 36.24"
"19,88 : 64.29"
"19,89 : 111.66"
"19,90 : 67.19"
"19,91 : 44.27"
"19,92 : 41.44"
"19,93 : 88.29"
"19,94 : 88.68"
"19,95 : 72.11"
"19,96 : 30.46"
"19,97 : 77.16"
"19,98 : 39.05"
"19,99 : 65.8"
"20,0 : 77.34"
"20,1 : 64.35"
"20,2 : 70.46"
"20,3 : 31.91"
"20,4 : 52.39"
"20,5 : 38.28"
"20,6 : 31.4"
"20,7 : 47.42"
"20,8 : 32.25"
"20,9 : 23.43"
"20,10 : 59.09"
"20,11 : 56.36"
"20,12 : 15.13"
"20,13 : 60.02"
"20,14 : 65.07"
"20,15 : 46.86"
"20,16 : 62.97"
"20,17 : 39.36"
"20,18 : 27.07"
"20,19 : 68.24"
"20,20 : 0.0"
"20,21 : 43.17"
"20,22 : 68.12"
"20,23 : 50.99"
"20,24 : 58.0"
"20,25 : 47.8"
"20,26 : 29.21"
"20,27 : 57.58"
"20,28 : 15.3"
"20,29 : 24.41"
"20,30 : 25.32"
"20,31 : 42.3"
"20,32 : 16.76"
"20,33 : 57.25"
"20,34 : 41.34"
"20,35 : 25.02"
"20,36 : 33.97"
"20,37 : 47.2"
"20,38 : 17.03"
"20,39 : 46.4"
"20,40 : 43.42"
"20,41 : 29.07"
"20,42 : 37.59"
"20,43 : 57.27"
"20,44 : 68.01"
"20,45 : 38.47"
"20,46 : 31.32"
"20,47 : 60.54"
"20,48 : 22.0"
"20,49 : 24.08"
"20,50 : 7.28"
"20,51 : 25.0"
"20,52 : 25.61"
"20,53 : 51.26"
"20,54 : 31.24"
"20,55 : 40.72"
"20,56 : 72.95"
"20,57 : 56.08"
"20,58 : 17.26"
"20,59 : 38.83"
"20,60 : 61.4"
"20,61 : 37.85"
"20,62 : 58.08"
"20,63 : 50.33"
"20,64 : 54.23"
"20,65 : 52.04"
"20,66 : 47.17"
"20,67 : 30.15"
"20,68 : 42.95"
"20,69 : 53.94"
"20,70 : 82.02"
"20,71 : 13.15"
"20,72 : 47.63"
"20,73 : 16.55"
"20,74 : 51.62"
"20,75 : 20.12"
"20,76 : 40.01"
"20,77 : 11.0"
"20,78 : 16.0"
"20,79 : 58.69"
"20,80 : 48.84"
"20,81 : 16.97"
"20,82 : 13.04"
"20,83 : 9.22"
"20,84 : 16.55"
"20,85 : 39.29"
"20,86 : 70.26"
"20,87 : 39.62"
"20,88 : 22.8"
"20,89 : 43.84"
"20,90 : 58.18"
"20,91 : 54.82"
"20,92 : 30.23"
"20,93 : 66.19"
"20,94 : 42.52"
"20,95 : 26.4"
"20,96 : 45.35"
"20,97 : 22.02"
"20,98 : 51.26"
"20,99 : 12.65"
"21,0 : 69.46"
"21,1 : 100.12"
"21,2 : 52.5"
"21,3 : 69.64"
"21,4 : 9.22"
"21,5 : 75.72"
"21,6 : 41.88"
"21,7 : 86.61"
"21,8 : 46.04"
"21,9 : 28.16"
"21,10 : 36.06"
"21,11 : 16.64"
"21,12 : 58.25"
"21,13 : 27.02"
"21,14 : 57.08"
"21,15 : 28.64"
"21,16 : 89.4"
"21,17 : 65.0"
"21,18 : 57.49"
"21,19 : 66.07"
"21,20 : 43.17"
"21,21 : 0.0"
"21,22 : 54.92"
"21,23 : 89.89"
"21,24 : 50.0"
"21,25 : 49.73"
"21,26 : 40.8"
"21,27 : 15.62"
"21,28 : 58.46"
"21,29 : 56.89"
"21,30 : 67.27"
"21,31 : 70.09"
"21,32 : 45.22"
"21,33 : 31.38"
"21,34 : 32.02"
"21,35 : 20.25"
"21,36 : 74.69"
"21,37 : 88.57"
"21,38 : 50.77"
"21,39 : 49.04"
"21,40 : 64.07"
"21,41 : 65.73"
"21,42 : 64.26"
"21,43 : 14.14"
"21,44 : 98.49"
"21,45 : 29.12"
"21,46 : 64.82"
"21,47 : 42.2"
"21,48 : 52.8"
"21,49 : 27.2"
"21,50 : 44.1"
"21,51 : 48.8"
"21,52 : 62.29"
"21,53 : 28.64"
"21,54 : 63.56"
"21,55 : 75.43"
"21,56 : 74.33"
"21,57 : 32.57"
"21,58 : 47.43"
"21,59 : 74.97"
"21,60 : 23.71"
"21,61 : 5.39"
"21,62 : 20.62"
"21,63 : 23.35"
"21,64 : 79.4"
"21,65 : 73.78"
"21,66 : 27.07"
"21,67 : 72.34"
"21,68 : 54.56"
"21,69 : 22.83"
"21,70 : 69.86"
"21,71 : 55.58"
"21,72 : 20.62"
"21,73 : 55.01"
"21,74 : 62.39"
"21,75 : 58.18"
"21,76 : 11.18"
"21,77 : 32.57"
"21,78 : 42.43"
"21,79 : 72.62"
"21,80 : 23.77"
"21,81 : 54.04"
"21,82 : 30.36"
"21,83 : 38.48"
"21,84 : 35.36"
"21,85 : 4.0"
"21,86 : 102.55"
"21,87 : 60.22"
"21,88 : 20.4"
"21,89 : 75.96"
"21,90 : 92.85"
"21,91 : 26.4"
"21,92 : 31.91"
"21,93 : 26.25"
"21,94 : 26.08"
"21,95 : 68.15"
"21,96 : 62.27"
"21,97 : 28.86"
"21,98 : 28.64"
"21,99 : 30.59"
"22,0 : 15.13"
"22,1 : 87.57"
"22,2 : 7.21"
"22,3 : 71.06"
"22,4 : 56.01"
"22,5 : 73.98"
"22,6 : 38.08"
"22,7 : 84.48"
"22,8 : 39.4"
"22,9 : 72.2"
"22,10 : 20.1"
"22,11 : 68.01"
"22,12 : 79.08"
"22,13 : 33.73"
"22,14 : 7.62"
"22,15 : 82.97"
"22,16 : 65.52"
"22,17 : 105.55"
"22,18 : 56.61"
"22,19 : 17.69"
"22,20 : 68.12"
"22,21 : 54.92"
"22,22 : 0.0"
"22,23 : 86.21"
"22,24 : 10.77"
"22,25 : 23.77"
"22,26 : 39.96"
"22,27 : 64.03"
"22,28 : 78.55"
"22,29 : 91.93"
"22,30 : 90.74"
"22,31 : 57.04"
"22,32 : 54.71"
"22,33 : 25.08"
"22,34 : 84.5"
"22,35 : 50.77"
"22,36 : 79.81"
"22,37 : 91.41"
"22,38 : 59.48"
"22,39 : 25.0"
"22,40 : 46.01"
"22,41 : 67.45"
"22,42 : 104.06"
"22,43 : 56.14"
"22,44 : 77.62"
"22,45 : 31.62"
"22,46 : 62.59"
"22,47 : 13.0"
"22,48 : 56.46"
"22,49 : 71.69"
"22,50 : 74.28"
"22,51 : 49.24"
"22,52 : 93.72"
"22,53 : 26.31"
"22,54 : 99.04"
"22,55 : 69.35"
"22,56 : 26.25"
"22,57 : 23.0"
"22,58 : 55.95"
"22,59 : 106.83"
"22,60 : 75.01"
"22,61 : 54.12"
"22,62 : 41.44"
"22,63 : 78.26"
"22,64 : 57.87"
"22,65 : 50.64"
"22,66 : 28.16"
"22,67 : 94.51"
"22,68 : 34.37"
"22,69 : 34.01"
"22,70 : 15.23"
"22,71 : 79.63"
"22,72 : 75.5"
"22,73 : 65.74"
"22,74 : 33.24"
"22,75 : 66.31"
"22,76 : 44.64"
"22,77 : 60.14"
"22,78 : 79.4"
"22,79 : 40.16"
"22,80 : 78.64"
"22,81 : 85.04"
"22,82 : 59.55"
"22,83 : 58.9"
"22,84 : 74.2"
"22,85 : 55.79"
"22,86 : 83.43"
"22,87 : 45.28"
"22,88 : 58.31"
"22,89 : 111.87"
"22,90 : 80.31"
"22,91 : 30.02"
"22,92 : 38.18"
"22,93 : 74.33"
"22,94 : 79.7"
"22,95 : 78.19"
"22,96 : 41.0"
"22,97 : 71.87"
"22,98 : 26.31"
"22,99 : 62.48"
"23,0 : 86.59"
"23,1 : 16.03"
"23,2 : 92.02"
"23,3 : 20.25"
"23,4 : 98.62"
"23,5 : 14.32"
"23,6 : 54.57"
"23,7 : 3.61"
"23,8 : 50.99"
"23,9 : 74.41"
"23,10 : 89.11"
"23,11 : 105.21"
"23,12 : 40.71"
"23,13 : 96.84"
"23,14 : 79.51"
"23,15 : 97.84"
"23,16 : 33.24"
"23,17 : 74.73"
"23,18 : 33.84"
"23,19 : 75.19"
"23,20 : 50.99"
"23,21 : 89.89"
"23,22 : 86.21"
"23,23 : 0.0"
"23,24 : 76.03"
"23,25 : 63.0"
"23,26 : 54.12"
"23,27 : 105.39"
"23,28 : 39.82"
"23,29 : 61.35"
"23,30 : 42.95"
"23,31 : 29.27"
"23,32 : 44.78"
"23,33 : 90.03"
"23,34 : 92.01"
"23,35 : 69.64"
"23,36 : 17.49"
"23,37 : 10.77"
"23,38 : 39.12"
"23,39 : 62.01"
"23,40 : 40.31"
"23,41 : 24.19"
"23,42 : 72.78"
"23,43 : 102.96"
"23,44 : 28.23"
"23,45 : 70.88"
"23,46 : 26.25"
"23,47 : 86.28"
"23,48 : 37.58"
"23,49 : 75.07"
"23,50 : 55.22"
"23,51 : 43.32"
"23,52 : 55.79"
"23,53 : 84.4"
"23,54 : 63.56"
"23,55 : 17.03"
"23,56 : 73.74"
"23,57 : 87.66"
"23,58 : 42.54"
"23,59 : 60.03"
"23,60 : 111.04"
"23,61 : 84.6"
"23,62 : 98.43"
"23,63 : 101.12"
"23,64 : 33.12"
"23,65 : 38.63"
"23,66 : 80.78"
"23,67 : 41.19"
"23,68 : 52.01"
"23,69 : 91.39"
"23,70 : 94.15"
"23,71 : 45.18"
"23,72 : 98.31"
"23,73 : 35.47"
"23,74 : 53.94"
"23,75 : 32.02"
"23,76 : 82.73"
"23,77 : 58.9"
"23,78 : 63.81"
"23,79 : 51.62"
"23,80 : 99.7"
"23,81 : 54.63"
"23,82 : 61.07"
"23,83 : 52.01"
"23,84 : 67.01"
"23,85 : 86.53"
"23,86 : 26.48"
"23,87 : 41.01"
"23,88 : 71.22"
"23,89 : 69.07"
"23,90 : 14.32"
"23,91 : 90.25"
"23,92 : 62.63"
"23,93 : 115.21"
"23,94 : 93.51"
"23,95 : 25.55"
"23,96 : 45.4"
"23,97 : 73.0"
"23,98 : 84.4"
"23,99 : 62.29"
"24,0 : 20.62"
"24,1 : 78.26"
"24,2 : 16.0"
"24,3 : 60.42"
"24,4 : 52.77"
"24,5 : 63.51"
"24,6 : 27.46"
"24,7 : 74.17"
"24,8 : 28.64"
"24,9 : 63.98"
"24,10 : 20.0"
"24,11 : 64.63"
"24,12 : 68.51"
"24,13 : 33.62"
"24,14 : 7.62"
"24,15 : 76.94"
"24,16 : 57.38"
"24,17 : 96.05"
"24,18 : 45.88"
"24,19 : 16.28"
"24,20 : 58.0"
"24,21 : 50.0"
"24,22 : 10.77"
"24,23 : 76.03"
"24,24 : 0.0"
"24,25 : 13.15"
"24,26 : 29.41"
"24,27 : 61.19"
"24,28 : 67.96"
"24,29 : 82.07"
"24,30 : 80.16"
"24,31 : 47.04"
"24,32 : 44.1"
"24,33 : 24.19"
"24,34 : 77.62"
"24,35 : 42.54"
"24,36 : 69.12"
"24,37 : 80.89"
"24,38 : 48.76"
"24,39 : 14.32"
"24,40 : 36.12"
"24,41 : 56.75"
"24,42 : 94.49"
"24,43 : 53.85"
"24,44 : 69.29"
"24,45 : 23.41"
"24,46 : 51.97"
"24,47 : 13.45"
"24,48 : 45.69"
"24,49 : 63.56"
"24,50 : 64.38"
"24,51 : 38.48"
"24,52 : 83.55"
"24,53 : 22.8"
"24,54 : 89.11"
"24,55 : 59.08"
"24,56 : 25.0"
"24,57 : 21.47"
"24,58 : 45.28"
"24,59 : 96.54"
"24,60 : 71.85"
"24,61 : 48.26"
"24,62 : 40.31"
"24,63 : 73.11"
"24,64 : 49.04"
"24,65 : 41.76"
"24,66 : 23.09"
"24,67 : 83.86"
"24,68 : 24.02"
"24,69 : 31.95"
"24,70 : 24.08"
"24,71 : 69.2"
"24,72 : 70.18"
"24,73 : 55.01"
"24,74 : 24.35"
"24,75 : 55.54"
"24,76 : 39.05"
"24,77 : 50.61"
"24,78 : 70.0"
"24,79 : 32.76"
"24,80 : 73.25"
"24,81 : 74.97"
"24,82 : 50.22"
"24,83 : 48.8"
"24,84 : 65.19"
"24,85 : 50.16"
"24,86 : 74.95"
"24,87 : 35.01"
"24,88 : 50.16"
"24,89 : 101.83"
"24,90 : 70.86"
"24,91 : 28.23"
"24,92 : 28.6"
"24,93 : 72.03"
"24,94 : 73.35"
"24,95 : 67.42"
"24,96 : 31.26"
"24,97 : 63.51"
"24,98 : 22.8"
"24,99 : 53.25"
"25,0 : 29.7"
"25,1 : 65.97"
"25,2 : 29.07"
"25,3 : 47.3"
"25,4 : 54.63"
"25,5 : 50.36"
"25,6 : 16.4"
"25,7 : 61.07"
"25,8 : 16.4"
"25,9 : 57.72"
"25,10 : 28.65"
"25,11 : 65.79"
"25,12 : 56.85"
"25,13 : 40.36"
"25,14 : 18.36"
"25,15 : 74.01"
"25,16 : 46.65"
"25,17 : 86.82"
"25,18 : 32.89"
"25,19 : 20.59"
"25,20 : 47.8"
"25,21 : 49.73"
"25,22 : 23.77"
"25,23 : 63.0"
"25,24 : 13.15"
"25,25 : 0.0"
"25,26 : 18.6"
"25,27 : 63.16"
"25,28 : 56.22"
"25,29 : 72.2"
"25,30 : 68.41"
"25,31 : 34.23"
"25,32 : 32.56"
"25,33 : 31.4"
"25,34 : 73.33"
"25,35 : 37.22"
"25,36 : 56.04"
"25,37 : 67.74"
"25,38 : 36.62"
"25,39 : 1.41"
"25,40 : 23.54"
"25,41 : 43.68"
"25,42 : 85.15"
"25,43 : 56.82"
"25,44 : 58.14"
"25,45 : 20.62"
"25,46 : 38.83"
"25,47 : 24.04"
"25,48 : 33.12"
"25,49 : 57.49"
"25,50 : 54.64"
"25,51 : 26.08"
"25,52 : 72.92"
"25,53 : 27.59"
"25,54 : 79.03"
"25,55 : 46.01"
"25,56 : 26.68"
"25,57 : 28.6"
"25,58 : 33.42"
"25,59 : 85.56"
"25,60 : 73.05"
"25,61 : 46.69"
"25,62 : 45.45"
