x,y
14,38
83,34
52,52
87,65
27,92
100,4
30,30
80,89
52,98
63,96
20,19
69,55
28,72
18,51
31,70
97,51
80,22
25,76
18,2
60,55
72,17
51,90
40,7
72,81
92,27
27,8
6,91
0,73
28,19
88,26
86,13
9,48
14,76
73,98
53,96
31,95
25,29
72,24
20,50
54,67
58,43
12,72
65,2
99,57
88,74
12,80
18,71
90,47
72,84
45,0
21,59
10,81
7,92
67,41
55,52
18,100
72,65
21,84
34,26
32,70
84,60
89,92
87,81
19,87
69,7
43,71
20,38
47,28
21,21
55,76
72,39
76,49
9,80
64,59
74,58
95,83
4,34
32,27
38,11
52,28
0,77
91,29
34,27
87,82
39,48
88,76
71,93
89,28
67,67
79,70
3,76
80,53
82,62
31,94
46,18
5,9
43,55
16,11
11,35
84,43

Distanze
"0,0 : 0.0"
"0,1 : 69.12"
"0,2 : 40.5"
"0,3 : 77.83"
"0,4 : 55.54"
"0,5 : 92.48"
"0,6 : 17.89"
"0,7 : 83.41"
"0,8 : 71.02"
"0,9 : 75.93"
"0,10 : 19.92"
"0,11 : 57.57"
"0,12 : 36.77"
"0,13 : 13.6"
"0,14 : 36.24"
"0,15 : 84.01"
"0,16 : 67.91"
"0,17 : 39.56"
"0,18 : 36.22"
"0,19 : 49.04"
"0,20 : 61.68"
"0,21 : 63.82"
"0,22 : 40.46"
"0,23 : 72.2"
"0,24 : 78.77"
"0,25 : 32.7"
"0,26 : 53.6"
"0,27 : 37.7"
"0,28 : 23.6"
"0,29 : 74.97"
"0,30 : 76.22"
"0,31 : 11.18"
"0,32 : 38.0"
"0,33 : 84.15"
"0,34 : 69.89"
"0,35 : 59.48"
"0,36 : 14.21"
"0,37 : 59.67"
"0,38 : 13.42"
"0,39 : 49.41"
"0,40 : 44.28"
"0,41 : 34.06"
"0,42 : 62.43"
"0,43 : 87.1"
"0,44 : 82.29"
"0,45 : 42.05"
"0,46 : 33.24"
"0,47 : 76.53"
"0,48 : 74.03"
"0,49 : 49.04"
"0,50 : 22.14"
"0,51 : 43.19"
"0,52 : 54.45"
"0,53 : 53.08"
"0,54 : 43.32"
"0,55 : 62.13"
"0,56 : 63.98"
"0,57 : 46.53"
"0,58 : 23.32"
"0,59 : 36.72"
"0,60 : 73.38"
"0,61 : 92.42"
"0,62 : 84.72"
"0,63 : 49.25"
"0,64 : 63.13"
"0,65 : 43.93"
"0,66 : 6.0"
"0,67 : 34.48"
"0,68 : 18.38"
"0,69 : 55.9"
"0,70 : 58.01"
"0,71 : 62.97"
"0,72 : 42.3"
"0,73 : 54.23"
"0,74 : 63.25"
"0,75 : 92.66"
"0,76 : 10.77"
"0,77 : 21.1"
"0,78 : 36.12"
"0,79 : 39.29"
"0,80 : 41.44"
"0,81 : 77.52"
"0,82 : 22.83"
"0,83 : 85.23"
"0,84 : 26.93"
"0,85 : 83.19"
"0,86 : 79.21"
"0,87 : 75.66"
"0,88 : 60.42"
"0,89 : 72.45"
"0,90 : 39.56"
"0,91 : 67.68"
"0,92 : 72.11"
"0,93 : 58.52"
"0,94 : 37.74"
"0,95 : 30.36"
"0,96 : 33.62"
"0,97 : 27.07"
"0,98 : 4.24"
"0,99 : 70.18"
"1,0 : 69.12"
"1,1 : 0.0"
"1,2 : 35.85"
"1,3 : 31.26"
"1,4 : 80.62"
"1,5 : 34.48"
"1,6 : 53.15"
"1,7 : 55.08"
"1,8 : 71.11"
"1,9 : 65.15"
"1,10 : 64.76"
"1,11 : 25.24"
"1,12 : 66.85"
"1,13 : 67.19"
"1,14 : 63.25"
"1,15 : 22.02"
"1,16 : 12.37"
"1,17 : 71.61"
"1,18 : 72.45"
"1,19 : 31.14"
"1,20 : 20.25"
"1,21 : 64.5"
"1,22 : 50.77"
"1,23 : 48.27"
"1,24 : 11.4"
"1,25 : 61.74"
"1,26 : 95.8"
"1,27 : 91.71"
"1,28 : 57.01"
"1,29 : 9.43"
"1,30 : 21.21"
"1,31 : 75.31"
"1,32 : 80.78"
"1,33 : 64.78"
"1,34 : 68.88"
"1,35 : 80.16"
"1,36 : 58.22"
"1,37 : 14.87"
"1,38 : 65.0"
"1,39 : 43.93"
"1,40 : 26.57"
"1,41 : 80.53"
"1,42 : 36.72"
"1,43 : 28.02"
"1,44 : 40.31"
"1,45 : 84.6"
"1,46 : 74.79"
"1,47 : 14.76"
"1,48 : 51.2"
"1,49 : 50.99"
"1,50 : 66.85"
"1,51 : 86.82"
"1,52 : 95.6"
"1,53 : 17.46"
"1,54 : 33.29"
"1,55 : 92.63"
"1,56 : 32.89"
"1,57 : 79.65"
"1,58 : 49.65"
"1,59 : 62.43"
"1,60 : 26.02"
"1,61 : 58.31"
"1,62 : 47.17"
"1,63 : 83.1"
"1,64 : 30.41"
"1,65 : 54.49"
"1,66 : 63.13"
"1,67 : 36.5"
"1,68 : 63.35"
"1,69 : 50.48"
"1,70 : 12.08"
"1,71 : 16.55"
"1,72 : 87.13"
"1,73 : 31.4"
"1,74 : 25.63"
"1,75 : 50.45"
"1,76 : 79.0"
"1,77 : 51.48"
"1,78 : 50.54"
"1,79 : 31.58"
"1,80 : 93.48"
"1,81 : 9.43"
"1,82 : 49.5"
"1,83 : 48.17"
"1,84 : 46.17"
"1,85 : 42.3"
"1,86 : 60.21"
"1,87 : 8.49"
"1,88 : 36.67"
"1,89 : 36.22"
"1,90 : 90.35"
"1,91 : 19.24"
"1,92 : 28.02"
"1,93 : 79.4"
"1,94 : 40.31"
"1,95 : 81.91"
"1,96 : 45.18"
"1,97 : 70.84"
"1,98 : 72.01"
"1,99 : 9.06"
"2,0 : 40.5"
"2,1 : 35.85"
"2,2 : 0.0"
"2,3 : 37.34"
"2,4 : 47.17"
"2,5 : 67.88"
"2,6 : 31.11"
"2,7 : 46.4"
"2,8 : 46.0"
"2,9 : 45.35"
"2,10 : 45.97"
"2,11 : 17.26"
"2,12 : 31.24"
"2,13 : 34.01"
"2,14 : 27.66"
"2,15 : 45.01"
"2,16 : 41.04"
"2,17 : 36.12"
"2,18 : 60.46"
"2,19 : 8.54"
"2,20 : 40.31"
"2,21 : 38.01"
"2,22 : 46.57"
"2,23 : 35.23"
"2,24 : 47.17"
"2,25 : 50.61"
"2,26 : 60.31"
"2,27 : 56.08"
"2,28 : 40.8"
"2,29 : 44.41"
"2,30 : 51.74"
"2,31 : 43.19"
"2,32 : 44.94"
"2,33 : 50.57"
"2,34 : 44.01"
"2,35 : 47.85"
"2,36 : 35.47"
"2,37 : 34.41"
"2,38 : 32.06"
"2,39 : 15.13"
"2,40 : 10.82"
"2,41 : 44.72"
"2,42 : 51.66"
"2,43 : 47.27"
"2,44 : 42.19"
"2,45 : 48.83"
"2,46 : 38.95"
"2,47 : 38.33"
"2,48 : 37.74"
"2,49 : 52.47"
"2,50 : 31.78"
"2,51 : 51.04"
"2,52 : 60.21"
"2,53 : 18.6"
"2,54 : 3.0"
"2,55 : 58.82"
"2,56 : 23.85"
"2,57 : 44.55"
"2,58 : 31.62"
"2,59 : 26.91"
"2,60 : 32.98"
"2,61 : 54.49"
"2,62 : 45.45"
"2,63 : 48.1"
"2,64 : 48.1"
"2,65 : 21.02"
"2,66 : 34.93"
"2,67 : 24.52"
"2,68 : 43.84"
"2,69 : 24.19"
"2,70 : 23.85"
"2,71 : 24.19"
"2,72 : 51.31"
"2,73 : 13.89"
"2,74 : 22.8"
"2,75 : 53.01"
"2,76 : 51.26"
"2,77 : 32.02"
"2,78 : 43.32"
"2,79 : 24.0"
"2,80 : 57.7"
"2,81 : 45.28"
"2,82 : 30.81"
"2,83 : 46.1"
"2,84 : 13.6"
"2,85 : 43.27"
"2,86 : 45.19"
"2,87 : 44.1"
"2,88 : 21.21"
"2,89 : 32.45"
"2,90 : 54.56"
"2,91 : 28.02"
"2,92 : 31.62"
"2,93 : 46.96"
"2,94 : 34.53"
"2,95 : 63.7"
"2,96 : 9.49"
"2,97 : 54.56"
"2,98 : 44.38"
"2,99 : 33.24"
"3,0 : 77.83"
"3,1 : 31.26"
"3,2 : 37.34"
"3,3 : 0.0"
"3,4 : 65.8"
"3,5 : 62.37"
"3,6 : 66.89"
"3,7 : 25.0"
"3,8 : 48.1"
"3,9 : 39.2"
"3,10 : 81.27"
"3,11 : 20.59"
"3,12 : 59.41"
"3,13 : 70.41"
"3,14 : 56.22"
"3,15 : 17.2"
"3,16 : 43.57"
"3,17 : 62.97"
"3,18 : 93.43"
"3,19 : 28.79"
"3,20 : 50.29"
"3,21 : 43.83"
"3,22 : 74.65"
"3,23 : 21.93"
"3,24 : 38.33"
"3,25 : 82.76"
"3,26 : 85.07"
"3,27 : 87.37"
"3,28 : 74.81"
"3,29 : 39.01"
"3,30 : 52.01"
"3,31 : 79.83"
"3,32 : 73.82"
"3,33 : 35.85"
"3,34 : 46.01"
"3,35 : 63.53"
"3,36 : 71.69"
"3,37 : 43.66"
"3,38 : 68.66"
"3,39 : 33.06"
"3,40 : 36.4"
"3,41 : 75.33"
"3,42 : 66.73"
"3,43 : 14.42"
"3,44 : 9.06"
"3,45 : 76.49"
"3,46 : 69.26"
"3,47 : 18.25"
"3,48 : 24.21"
"3,49 : 77.39"
"3,50 : 66.27"
"3,51 : 78.64"
"3,52 : 84.43"
"3,53 : 31.24"
"3,54 : 34.54"
"3,55 : 77.37"
"3,56 : 15.0"
"3,57 : 68.68"
"3,58 : 65.8"
"3,59 : 55.23"
"3,60 : 5.83"
"3,61 : 27.07"
"3,62 : 16.0"
"3,63 : 71.47"
"3,64 : 60.73"
"3,65 : 44.41"
"3,66 : 72.24"
"3,67 : 54.49"
"3,68 : 79.32"
"3,69 : 33.84"
"3,70 : 30.02"
"3,71 : 19.42"
"3,72 : 79.43"
"3,73 : 23.77"
"3,74 : 14.76"
"3,75 : 19.7"
"3,76 : 88.6"
"3,77 : 66.85"
"3,78 : 72.92"
"3,79 : 50.93"
"3,80 : 87.82"
"3,81 : 36.22"
"3,82 : 65.22"
"3,83 : 17.0"
"3,84 : 50.92"
"3,85 : 11.05"
"3,86 : 32.25"
"3,87 : 37.05"
"3,88 : 20.1"
"3,89 : 9.43"
"3,90 : 84.72"
"3,91 : 13.89"
"3,92 : 5.83"
"3,93 : 63.06"
"3,94 : 62.37"
"3,95 : 99.3"
"3,96 : 45.12"
"3,97 : 89.2"
"3,98 : 81.71"
"3,99 : 22.2"
"4,0 : 55.54"
"4,1 : 80.62"
"4,2 : 47.17"
"4,3 : 65.8"
"4,4 : 0.0"
"4,5 : 114.34"
"4,6 : 62.07"
"4,7 : 53.08"
"4,8 : 25.71"
"4,9 : 36.22"
"4,10 : 73.33"
"4,11 : 55.97"
"4,12 : 20.02"
"4,13 : 41.98"
"4,14 : 22.36"
"4,15 : 81.12"
"4,16 : 87.8"
"4,17 : 16.12"
"4,18 : 90.45"
"4,19 : 49.58"
"4,20 : 87.46"
"4,21 : 24.08"
"4,22 : 85.99"
"4,23 : 46.32"
"4,24 : 91.92"
"4,25 : 84.0"
"4,26 : 21.02"
"4,27 : 33.02"
"4,28 : 73.01"
"4,29 : 89.87"
"4,30 : 98.6"
"4,31 : 47.54"
"4,32 : 20.62"
"4,33 : 46.39"
"4,34 : 26.31"
"4,35 : 5.0"
"4,36 : 63.03"
"4,37 : 81.54"
"4,38 : 42.58"
"4,39 : 36.8"
"4,40 : 57.98"
"4,41 : 25.0"
"4,42 : 97.69"
"4,43 : 80.06"
"4,44 : 63.6"
"4,45 : 19.21"
"4,46 : 22.85"
"4,47 : 77.42"
"4,48 : 45.71"
"4,49 : 93.74"
"4,50 : 33.54"
"4,51 : 20.25"
"4,52 : 20.0"
"4,53 : 64.82"
"4,54 : 48.83"
"4,55 : 12.04"
"4,56 : 52.48"
"4,57 : 10.0"
"4,58 : 66.37"
"4,59 : 22.56"
"4,60 : 65.37"
"4,61 : 62.0"
"4,62 : 61.0"
"4,63 : 9.43"
"4,64 : 94.81"
"4,65 : 26.4"
"4,66 : 54.45"
"4,67 : 67.05"
"4,68 : 71.25"
"4,69 : 32.25"
"4,70 : 69.53"
"4,71 : 65.19"
"4,72 : 21.63"
"4,73 : 49.58"
"4,74 : 58.01"
"4,75 : 68.59"
"4,76 : 62.39"
"4,77 : 65.19"
"4,78 : 81.74"
"4,79 : 68.71"
"4,80 : 30.89"
"4,81 : 89.81"
"4,82 : 65.38"
"4,83 : 60.83"
"4,84 : 45.61"
"4,85 : 63.06"
"4,86 : 44.01"
"4,87 : 89.11"
"4,88 : 47.17"
"4,89 : 56.46"
"4,90 : 28.84"
"4,91 : 65.8"
"4,92 : 62.65"
"4,93 : 4.47"
"4,94 : 76.4"
"4,95 : 85.87"
"4,96 : 40.31"
"4,97 : 81.74"
"4,98 : 59.2"
"4,99 : 75.17"
"5,0 : 92.48"
"5,1 : 34.48"
"5,2 : 67.88"
"5,3 : 62.37"
"5,4 : 114.34"
"5,5 : 0.0"
"5,6 : 74.67"
"5,7 : 87.32"
"5,8 : 105.55"
"5,9 : 99.16"
"5,10 : 81.39"
"5,11 : 59.68"
"5,12 : 99.04"
"5,13 : 94.51"
"5,14 : 95.48"
"5,15 : 47.1"
"5,16 : 26.91"
"5,17 : 103.97"
"5,18 : 82.02"
"5,19 : 64.82"
"5,20 : 30.87"
"5,21 : 98.98"
"5,22 : 60.07"
"5,23 : 81.93"
"5,24 : 24.35"
"5,25 : 73.11"
"5,26 : 128.08"
"5,27 : 121.49"
"5,28 : 73.55"
"5,29 : 25.06"
"5,30 : 16.64"
"5,31 : 101.08"
"5,32 : 112.16"
"5,33 : 97.8"
"5,34 : 103.31"
"5,35 : 114.2"
"5,36 : 79.06"
"5,37 : 34.41"
"5,38 : 92.28"
"5,39 : 78.01"
"5,40 : 57.31"
"5,41 : 111.21"
"5,42 : 35.06"
"5,43 : 53.01"
"5,44 : 71.02"
"5,45 : 116.28"
"5,46 : 105.89"
"5,47 : 44.15"
"5,48 : 84.76"
"5,49 : 55.15"
"5,50 : 96.26"
"5,51 : 118.44"
"5,52 : 128.04"
"5,53 : 49.58"
"5,54 : 65.8"
"5,55 : 126.25"
"5,56 : 67.12"
"5,57 : 112.43"
"5,58 : 69.57"
"5,59 : 94.76"
"5,60 : 58.24"
"5,61 : 88.68"
"5,62 : 78.09"
"5,63 : 115.97"
"5,64 : 31.14"
"5,65 : 87.97"
"5,66 : 86.93"
"5,67 : 58.18"
"5,68 : 80.81"
"5,69 : 84.91"
"5,70 : 44.82"
"5,71 : 51.0"
"5,72 : 118.56"
"5,73 : 65.73"
"5,74 : 59.93"
"5,75 : 79.16"
"5,76 : 100.58"
"5,77 : 71.78"
"5,78 : 62.39"
"5,79 : 53.67"
"5,80 : 123.81"
"5,81 : 26.57"
"5,82 : 69.89"
"5,83 : 79.08"
"5,84 : 75.21"
"5,85 : 72.99"
"5,86 : 93.61"
"5,87 : 26.4"
"5,88 : 71.12"
"5,89 : 69.26"
"5,90 : 120.8"
"5,91 : 52.92"
"5,92 : 60.73"
"5,93 : 113.41"
"5,94 : 55.79"
"5,95 : 95.13"
"5,96 : 76.49"
"5,97 : 84.29"
"5,98 : 94.24"
"5,99 : 42.15"
"6,0 : 17.89"
"6,1 : 53.15"
"6,2 : 31.11"
"6,3 : 66.89"
"6,4 : 62.07"
"6,5 : 74.67"
"6,6 : 0.0"
"6,7 : 77.34"
"6,8 : 71.47"
"6,9 : 73.79"
"6,10 : 14.87"
"6,11 : 46.32"
"6,12 : 42.05"
"6,13 : 24.19"
"6,14 : 40.01"
"6,15 : 70.21"
"6,16 : 50.64"
"6,17 : 46.27"
"6,18 : 30.46"
"6,19 : 39.05"
"6,20 : 43.97"
"6,21 : 63.57"
"6,22 : 25.08"
"6,23 : 66.07"
"6,24 : 62.07"
"6,25 : 22.2"
"6,26 : 65.55"
"6,27 : 52.43"
"6,28 : 11.18"
"6,29 : 58.14"
"6,30 : 58.52"
"6,31 : 27.66"
"6,32 : 48.7"
"6,33 : 80.45"
"6,34 : 69.89"
"6,35 : 65.01"
"6,36 : 5.1"
"6,37 : 42.43"
"6,38 : 22.36"
"6,39 : 44.1"
"6,40 : 30.87"
"6,41 : 45.69"
"6,42 : 44.82"
"6,43 : 74.09"
"6,44 : 72.8"
"6,45 : 53.14"
"6,46 : 42.72"
"6,47 : 62.36"
"6,48 : 68.41"
"6,49 : 33.54"
"6,50 : 30.36"
"6,51 : 54.78"
"6,52 : 66.13"
"6,53 : 38.6"
"6,54 : 33.3"
"6,55 : 71.02"
"6,56 : 54.67"
"6,57 : 54.74"
"6,58 : 5.66"
"6,59 : 40.05"
"6,60 : 61.77"
"6,61 : 85.59"
"6,62 : 76.49"
"6,63 : 58.05"
"6,64 : 45.28"
"6,65 : 43.01"
"6,66 : 12.81"
"6,67 : 17.12"
"6,68 : 12.73"
"6,69 : 52.35"
"6,70 : 42.95"
"6,71 : 49.77"
"6,72 : 54.23"
"6,73 : 44.69"
"6,74 : 52.15"
"6,75 : 83.87"
"6,76 : 26.31"
"6,77 : 3.61"
"6,78 : 20.62"
"6,79 : 22.09"
"6,80 : 55.76"
"6,81 : 61.01"
"6,82 : 5.0"
"6,83 : 77.16"
"6,84 : 20.12"
"6,85 : 74.03"
"6,86 : 75.17"
"6,87 : 59.03"
"6,88 : 52.33"
"6,89 : 63.25"
"6,90 : 53.34"
"6,91 : 55.04"
"6,92 : 61.06"
"6,93 : 64.01"
"6,94 : 20.0"
"6,95 : 32.65"
"6,96 : 28.18"
"6,97 : 23.6"
"6,98 : 19.65"
"6,99 : 55.54"
"7,0 : 83.41"
"7,1 : 55.08"
"7,2 : 46.4"
"7,3 : 25.0"
"7,4 : 53.08"
"7,5 : 87.32"
"7,6 : 77.34"
"7,7 : 0.0"
"7,8 : 29.41"
"7,9 : 18.38"
"7,10 : 92.2"
"7,11 : 35.74"
"7,12 : 54.71"
"7,13 : 72.72"
"7,14 : 52.55"
"7,15 : 41.63"
"7,16 : 67.0"
"7,17 : 56.52"
"7,18 : 106.83"
"7,19 : 39.45"
"7,20 : 72.44"
"7,21 : 29.02"
"7,22 : 91.24"
"7,23 : 11.31"
"7,24 : 63.15"
"7,25 : 96.8"
"7,26 : 74.03"
"7,27 : 81.58"
"7,28 : 87.2"
"7,29 : 63.51"
"7,30 : 76.24"
"7,31 : 81.99"
"7,32 : 67.27"
"7,33 : 11.4"
"7,34 : 27.89"
"7,35 : 49.37"
"7,36 : 81.39"
"7,37 : 65.49"
"7,38 : 71.56"
"7,39 : 34.06"
"7,40 : 50.99"
"7,41 : 70.09"
"7,42 : 88.28"
"7,43 : 37.22"
"7,44 : 17.0"
"7,45 : 68.59"
"7,46 : 64.56"
"7,47 : 43.17"
"7,48 : 9.43"
"7,49 : 95.63"
"7,50 : 66.19"
"7,51 : 70.46"
"7,52 : 73.06"
"7,53 : 49.73"
"7,54 : 44.65"
"7,55 : 62.97"
"7,56 : 25.3"
"7,57 : 59.21"
"7,58 : 78.01"
"7,59 : 51.62"
"7,60 : 29.27"
"7,61 : 9.49"
"7,62 : 10.63"
"7,63 : 61.03"
"7,64 : 82.73"
"7,65 : 41.15"
"7,66 : 78.75"
"7,67 : 69.35"
"7,68 : 90.03"
"7,69 : 28.18"
"7,70 : 50.64"
"7,71 : 40.2"
"7,72 : 71.57"
"7,73 : 34.0"
"7,74 : 31.58"
"7,75 : 16.16"
"7,76 : 93.81"
"7,77 : 78.41"
"7,78 : 88.59"
"7,79 : 67.12"
"7,80 : 80.89"
"7,81 : 61.0"
"7,82 : 77.2"
"7,83 : 9.9"
"7,84 : 57.98"
"7,85 : 15.26"
"7,86 : 9.85"
"7,87 : 61.66"
"7,88 : 25.55"
"7,89 : 19.03"
"7,90 : 78.09"
"7,91 : 36.0"
"7,92 : 27.07"
"7,93 : 49.25"
"7,94 : 78.72"
"7,95 : 109.66"
"7,96 : 50.25"
"7,97 : 100.9"
"7,98 : 87.62"
"7,99 : 46.17"
"8,0 : 71.02"
"8,1 : 71.11"
"8,2 : 46.0"
"8,3 : 48.1"
"8,4 : 25.71"
"8,5 : 105.55"
"8,6 : 71.47"
"8,7 : 29.41"
"8,8 : 0.0"
"8,9 : 11.18"
"8,10 : 85.23"
"8,11 : 46.24"
"8,12 : 35.38"
"8,13 : 58.01"
"8,14 : 35.0"
"8,15 : 65.07"
"8,16 : 80.99"
"8,17 : 34.83"
"8,18 : 101.84"
"8,19 : 43.74"
"8,20 : 83.43"
"8,21 : 8.06"
"8,22 : 91.79"
"8,23 : 26.25"
"8,24 : 81.49"
"8,25 : 93.41"
"8,26 : 46.53"
"8,27 : 57.7"
"8,28 : 82.57"
"8,29 : 80.5"
"8,30 : 91.55"
"8,31 : 65.95"
"8,32 : 43.91"
"8,33 : 21.0"
"8,34 : 2.24"
"8,35 : 21.21"
"8,36 : 74.09"
"8,37 : 76.66"
"8,38 : 57.69"
"8,39 : 31.06"
"8,40 : 55.33"
"8,41 : 47.71"
"8,42 : 96.88"
"8,43 : 62.37"
"8,44 : 43.27"
"8,45 : 43.86"
"8,46 : 43.42"
"8,47 : 63.6"
"8,48 : 24.41"
"8,49 : 98.25"
"8,50 : 49.82"
"8,51 : 45.31"
"8,52 : 45.4"
"8,53 : 58.94"
"8,54 : 46.1"
"8,55 : 34.06"
"8,56 : 38.59"
"8,57 : 34.01"
"8,58 : 74.22"
"8,59 : 34.41"
"8,60 : 49.68"
"8,61 : 37.48"
"8,62 : 38.91"
"8,63 : 34.79"
"8,64 : 92.57"
"8,65 : 28.46"
"8,66 : 68.0"
"8,67 : 70.18"
"8,68 : 83.01"
"8,69 : 22.2"
"8,70 : 62.3"
"8,71 : 54.56"
"8,72 : 46.62"
"8,73 : 40.8"
"8,74 : 45.65"
"8,75 : 45.54"
"8,76 : 80.0"
"8,77 : 73.76"
"8,78 : 88.12"
"8,79 : 70.0"
"8,80 : 56.08"
"8,81 : 79.26"
"8,82 : 73.25"
"8,83 : 38.48"
"8,84 : 51.66"
"8,85 : 42.19"
"8,86 : 19.65"
"8,87 : 79.18"
"8,88 : 34.44"
"8,89 : 38.9"
"8,90 : 53.71"
"8,91 : 53.0"
"8,92 : 46.86"
"8,93 : 21.38"
"8,94 : 80.22"
"8,95 : 100.65"
"8,96 : 43.93"
"8,97 : 94.15"
"8,98 : 75.17"
"8,99 : 63.63"
"9,0 : 75.93"
"9,1 : 65.15"
"9,2 : 45.35"
"9,3 : 39.2"
"9,4 : 36.22"
"9,5 : 99.16"
"9,6 : 73.79"
"9,7 : 18.38"
"9,8 : 11.18"
"9,9 : 0.0"
"9,10 : 88.19"
"9,11 : 41.44"
"9,12 : 42.44"
"9,13 : 63.64"
"9,14 : 41.23"
"9,15 : 56.4"
"9,16 : 75.93"
"9,17 : 42.94"
"9,18 : 104.22"
"9,19 : 41.11"
"9,20 : 79.51"
"9,21 : 13.42"
"9,22 : 91.92"
"9,23 : 17.49"
"9,24 : 74.85"
"9,25 : 95.08"
"9,26 : 57.22"
"9,27 : 67.07"
"9,28 : 84.58"
"9,29 : 74.33"
"9,30 : 86.13"
"9,31 : 72.25"
"9,32 : 52.92"
"9,33 : 10.2"
"9,34 : 10.0"
"9,35 : 32.02"
"9,36 : 77.03"
"9,37 : 72.56"
"9,38 : 62.97"
"9,39 : 30.36"
"9,40 : 53.24"
"9,41 : 56.36"
"9,42 : 94.02"
"9,43 : 53.08"
"9,44 : 33.3"
"9,45 : 53.45"
"9,46 : 51.48"
"9,47 : 55.95"
"9,48 : 15.0"
"9,49 : 97.67"
"9,50 : 55.97"
"9,51 : 55.08"
"9,52 : 56.14"
"9,53 : 55.15"
"9,54 : 44.72"
"9,55 : 45.18"
"9,56 : 32.28"
"9,57 : 43.68"
"9,58 : 75.77"
"9,59 : 40.46"
"9,60 : 41.68"
"9,61 : 26.31"
"9,62 : 28.3"
"9,63 : 44.91"
"9,64 : 89.2"
"9,65 : 32.02"
"9,66 : 72.2"
"9,67 : 69.86"
"9,68 : 85.96"
"9,69 : 21.54"
"9,70 : 57.71"
"9,71 : 48.76"
"9,72 : 56.32"
"9,73 : 37.01"
"9,74 : 39.56"
"9,75 : 34.54"
"9,76 : 85.59"
"9,77 : 75.64"
"9,78 : 88.6"
"9,79 : 68.88"
"9,80 : 65.8"
"9,81 : 72.62"
"9,82 : 74.85"
"9,83 : 27.78"
"9,84 : 53.67"
"9,85 : 32.02"
"9,86 : 8.54"
"9,87 : 72.8"
"9,88 : 29.27"
"9,89 : 30.53"
"9,90 : 63.25"
"9,91 : 46.24"
"9,92 : 38.95"
"9,93 : 32.06"
"9,94 : 79.83"
"9,95 : 104.56"
"9,96 : 45.62"
"9,97 : 97.13"
"9,98 : 80.16"
"9,99 : 57.01"
"10,0 : 19.92"
"10,1 : 64.76"
"10,2 : 45.97"
"10,3 : 81.27"
"10,4 : 73.33"
"10,5 : 81.39"
"10,6 : 14.87"
"10,7 : 92.2"
"10,8 : 85.23"
"10,9 : 88.19"
"10,10 : 0.0"
"10,11 : 60.8"
"10,12 : 53.6"
"10,13 : 32.06"
"10,14 : 52.17"
"10,15 : 83.38"
"10,16 : 60.07"
"10,17 : 57.22"
"10,18 : 17.12"
"10,19 : 53.81"
"10,20 : 52.04"
"10,21 : 77.47"
"10,22 : 23.32"
"10,23 : 80.92"
"10,24 : 72.44"
"10,25 : 13.04"
"10,26 : 73.35"
"10,27 : 57.58"
"10,28 : 8.0"
"10,29 : 68.36"
"10,30 : 66.27"
"10,31 : 31.02"
"10,32 : 57.31"
"10,33 : 95.13"
"10,34 : 83.77"
"10,35 : 76.79"
"10,36 : 11.18"
"10,37 : 52.24"
"10,38 : 31.0"
"10,39 : 58.82"
"10,40 : 44.94"
"10,41 : 53.6"
"10,42 : 48.1"
"10,43 : 87.66"
"10,44 : 87.46"
"10,45 : 61.52"
"10,46 : 52.04"
"10,47 : 75.39"
"10,48 : 83.24"
"10,49 : 31.4"
"10,50 : 40.01"
"10,51 : 62.8"
"10,52 : 74.15"
"10,53 : 51.89"
"10,54 : 48.1"
"10,55 : 81.02"
"10,56 : 69.43"
"10,57 : 65.01"
"10,58 : 15.65"
"10,59 : 52.39"
"10,60 : 76.01"
"10,61 : 100.45"
"10,62 : 91.29"
"10,63 : 68.01"
"10,64 : 50.45"
"10,65 : 56.86"
"10,66 : 19.0"
"10,67 : 28.46"
"10,68 : 2.24"
"10,69 : 66.89"
"10,70 : 55.71"
"10,71 : 63.53"
"10,72 : 61.98"
"10,73 : 59.46"
"10,74 : 66.61"
"10,75 : 98.6"
"10,76 : 21.93"
"10,77 : 14.42"
"10,78 : 19.7"
"10,79 : 33.24"
"10,80 : 61.35"
"10,81 : 71.7"
"10,82 : 16.12"
"10,83 : 91.97"
"10,84 : 34.67"
"10,85 : 88.73"
"10,86 : 89.87"
"10,87 : 69.58"
"10,88 : 67.18"
"10,89 : 77.99"
"10,90 : 59.48"
"10,91 : 68.96"
"10,92 : 75.45"
"10,93 : 75.8"
"10,94 : 26.02"
"10,95 : 18.03"
"10,96 : 42.72"
"10,97 : 8.94"
"10,98 : 18.36"
"10,99 : 68.35"
"11,0 : 57.57"
"11,1 : 25.24"
"11,2 : 17.26"
"11,3 : 20.59"
"11,4 : 55.97"
"11,5 : 59.68"
"11,6 : 46.32"
"11,7 : 35.74"
"11,8 : 46.24"
"11,9 : 41.44"
"11,10 : 60.8"
"11,11 : 0.0"
"11,12 : 44.38"
"11,13 : 51.16"
"11,14 : 40.85"
"11,15 : 28.28"
"11,16 : 34.79"
"11,17 : 48.75"
"11,18 : 73.55"
"11,19 : 9.0"
"11,20 : 38.12"
"11,21 : 39.36"
"11,22 : 56.08"
"11,23 : 26.17"
"11,24 : 36.24"
"11,25 : 63.03"
"11,26 : 72.56"
"11,27 : 71.31"
"11,28 : 54.56"
"11,29 : 34.67"
"11,30 : 45.31"
"11,31 : 60.41"
"11,32 : 58.87"
"11,33 : 43.19"
"11,34 : 44.01"
"11,35 : 55.17"
"11,36 : 51.11"
"11,37 : 31.14"
"11,38 : 49.25"
"11,39 : 19.21"
"11,40 : 16.28"
"11,41 : 59.48"
"11,42 : 53.15"
"11,43 : 30.07"
"11,44 : 26.87"
"11,45 : 62.24"
"11,46 : 53.45"
"11,47 : 22.47"
"11,48 : 29.15"
"11,49 : 60.01"
"11,50 : 48.17"
"11,51 : 64.47"
"11,52 : 72.2"
"11,53 : 14.14"
"11,54 : 14.32"
"11,55 : 68.01"
"11,56 : 10.44"
"11,57 : 56.08"
"11,58 : 45.45"
"11,59 : 39.92"
"11,60 : 15.81"
"11,61 : 42.06"
"11,62 : 31.62"
"11,63 : 59.36"
"11,64 : 48.0"
"11,65 : 30.53"
"11,66 : 51.87"
"11,67 : 34.83"
"11,68 : 58.82"
"11,69 : 25.24"
"11,70 : 16.28"
"11,71 : 9.22"
"11,72 : 65.0"
"11,73 : 6.4"
"11,74 : 5.83"
"11,75 : 38.21"
"11,76 : 68.31"
"11,77 : 46.4"
"11,78 : 53.82"
"11,79 : 31.91"
"11,80 : 72.42"
"11,81 : 34.06"
"11,82 : 44.82"
"11,83 : 32.45"
"11,84 : 30.81"
"11,85 : 28.32"
"11,86 : 38.05"
"11,87 : 33.6"
"11,88 : 12.17"
"11,89 : 18.03"
"11,90 : 69.26"
"11,91 : 11.18"
"11,92 : 14.76"
"11,93 : 54.45"
"11,94 : 43.57"
"11,95 : 78.82"
"11,96 : 26.0"
"11,97 : 68.88"
"11,98 : 61.35"
"11,99 : 19.21"
"12,0 : 36.77"
"12,1 : 66.85"
"12,2 : 31.24"
"12,3 : 59.41"
"12,4 : 20.02"
"12,5 : 99.04"
"12,6 : 42.05"
"12,7 : 54.71"
"12,8 : 35.38"
"12,9 : 42.44"
"12,10 : 53.6"
"12,11 : 44.38"
"12,12 : 0.0"
"12,13 : 23.26"
"12,14 : 3.61"
"12,15 : 72.12"
"12,16 : 72.14"
"12,17 : 5.0"
"12,18 : 70.71"
"12,19 : 36.24"
"12,20 : 70.43"
"12,21 : 29.21"
"12,22 : 66.1"
"12,23 : 44.91"
"12,24 : 78.24"
"12,25 : 64.01"
"12,26 : 29.07"
"12,27 : 28.02"
"12,28 : 53.0"
"12,29 : 75.6"
"12,30 : 82.73"
"12,31 : 30.61"
"12,32 : 14.56"
"12,33 : 51.97"
"12,34 : 34.66"
"12,35 : 23.19"
"12,36 : 43.1"
"12,37 : 65.12"
"12,38 : 23.41"
"12,39 : 26.48"
"12,40 : 41.73"
"12,41 : 16.0"
"12,42 : 79.18"
"12,43 : 72.57"
"12,44 : 60.03"
"12,45 : 17.89"
"12,46 : 10.05"
"12,47 : 66.85"
"12,48 : 45.61"
"12,49 : 73.98"
"12,50 : 14.76"
"12,51 : 20.12"
"12,52 : 29.0"
"12,53 : 49.82"
"12,54 : 33.6"
"12,55 : 29.73"
"12,56 : 44.55"
"12,57 : 13.89"
"12,58 : 46.39"
"12,59 : 4.47"
"12,60 : 57.27"
"12,61 : 64.2"
"12,62 : 59.68"
"12,63 : 17.49"
"12,64 : 76.85"
"12,65 : 15.03"
"12,66 : 34.93"
"12,67 : 47.93"
"12,68 : 51.48"
"12,69 : 27.29"
"12,70 : 55.0"
"12,71 : 53.23"
"12,72 : 20.62"
"12,73 : 38.28"
"12,74 : 48.08"
"12,75 : 67.9"
"12,76 : 44.94"
"12,77 : 45.18"
"12,78 : 61.81"
"12,79 : 50.12"
"12,80 : 28.44"
"12,81 : 76.28"
"12,82 : 45.4"
"12,83 : 59.84"
"12,84 : 26.4"
"12,85 : 60.13"
"12,86 : 47.85"
"12,87 : 75.21"
"12,88 : 39.32"
"12,89 : 51.04"
"12,90 : 25.32"
"12,91 : 55.36"
"12,92 : 54.92"
"12,93 : 22.2"
"12,94 : 56.92"
"12,95 : 67.07"
"12,96 : 22.67"
"12,97 : 62.17"
"12,98 : 40.72"
"12,99 : 63.06"
"13,0 : 13.6"
"13,1 : 67.19"
"13,2 : 34.01"
"13,3 : 70.41"
"13,4 : 41.98"
"13,5 : 94.51"
"13,6 : 24.19"
"13,7 : 72.72"
"13,8 : 58.01"
"13,9 : 63.64"
"13,10 : 32.06"
"13,11 : 51.16"
"13,12 : 23.26"
"13,13 : 0.0"
"13,14 : 23.02"
"13,15 : 79.0"
"13,16 : 68.45"
"13,17 : 25.96"
"13,18 : 49.0"
"13,19 : 42.19"
"13,20 : 63.81"
"13,21 : 51.09"
"13,22 : 49.19"
"13,23 : 61.77"
"13,24 : 77.79"
"13,25 : 43.93"
"13,26 : 41.76"
"13,27 : 28.43"
"13,28 : 33.53"
"13,29 : 74.33"
"13,30 : 77.9"
"13,31 : 9.49"
"13,32 : 25.32"
"13,33 : 72.35"
"13,34 : 57.01"
"13,35 : 45.88"
"13,36 : 23.09"
"13,37 : 60.37"
"13,38 : 2.24"
"13,39 : 39.4"
"13,40 : 40.79"
"13,41 : 21.84"
"13,42 : 67.9"
"13,43 : 81.22"
"13,44 : 73.68"
"13,45 : 29.61"
"13,46 : 20.0"
"13,47 : 72.11"
"13,48 : 63.29"
"13,49 : 57.71"
"13,50 : 8.54"
"13,51 : 31.05"
"13,52 : 42.45"
"13,53 : 50.01"
"13,54 : 37.01"
"13,55 : 49.0"
"13,56 : 55.79"
"13,57 : 33.14"
"13,58 : 29.68"
"13,59 : 23.6"
"13,60 : 66.61"
"13,61 : 81.99"
"13,62 : 75.24"
"13,63 : 36.01"
"13,64 : 67.36"
"13,65 : 32.02"
"13,66 : 13.15"
"13,67 : 37.01"
"13,68 : 30.15"
"13,69 : 44.65"
"13,70 : 55.32"
"13,71 : 58.03"
"13,72 : 30.36"
"13,73 : 46.69"
"13,74 : 56.44"
"13,75 : 83.38"
"13,76 : 22.02"
"13,77 : 27.78"
"13,78 : 44.72"
"13,79 : 41.05"
"13,80 : 31.62"
"13,81 : 76.24"
"13,82 : 28.84"
"13,83 : 75.64"
"13,84 : 21.21"
"13,85 : 74.33"
"13,86 : 67.62"
"13,87 : 74.63"
"13,88 : 51.55"
"13,89 : 63.89"
"13,90 : 29.15"
"13,91 : 62.03"
"13,92 : 64.94"
"13,93 : 44.92"
"13,94 : 43.28"
"13,95 : 43.97"
"13,96 : 25.32"
"13,97 : 40.05"
"13,98 : 17.46"
"13,99 : 66.48"
"14,0 : 36.24"
"14,1 : 63.25"
"14,2 : 27.66"
"14,3 : 56.22"
"14,4 : 22.36"
"14,5 : 95.48"
"14,6 : 40.01"
"14,7 : 52.55"
"14,8 : 35.0"
"14,9 : 41.23"
"14,10 : 52.17"
"14,11 : 40.85"
"14,12 : 3.61"
"14,13 : 23.02"
"14,14 : 0.0"
"14,15 : 68.68"
"14,16 : 68.59"
"14,17 : 8.49"
"14,18 : 69.23"
"14,19 : 32.65"
"14,20 : 67.01"
"14,21 : 28.28"
"14,22 : 63.64"
"14,23 : 42.45"
"14,24 : 74.63"
"14,25 : 62.13"
"14,26 : 32.65"
"14,27 : 31.14"
"14,28 : 51.09"
"14,29 : 72.01"
"14,30 : 79.21"
"14,31 : 31.11"
"14,32 : 18.03"
"14,33 : 50.48"
"14,34 : 34.06"
"14,35 : 25.0"
"14,36 : 41.44"
"14,37 : 61.62"
"14,38 : 22.83"
"14,39 : 23.19"
"14,40 : 38.18"
"14,41 : 19.1"
"14,42 : 76.03"
"14,43 : 69.23"
"14,44 : 57.14"
"14,45 : 21.47"
"14,46 : 13.04"
"14,47 : 63.32"
"14,48 : 43.32"
"14,49 : 71.39"
"14,50 : 14.87"
"14,51 : 23.71"
"14,52 : 32.56"
"14,53 : 46.23"
"14,54 : 30.0"
"14,55 : 32.7"
"14,56 : 41.3"
"14,57 : 17.2"
"14,58 : 44.1"
"14,59 : 1.0"
"14,60 : 53.94"
"14,61 : 62.03"
"14,62 : 57.07"
"14,63 : 20.81"
"14,64 : 73.57"
"14,65 : 12.04"
"14,66 : 33.84"
"14,67 : 44.94"
"14,68 : 50.01"
"14,69 : 24.74"
"14,70 : 51.4"
"14,71 : 49.66"
"14,72 : 24.17"
"14,73 : 34.79"
"14,74 : 44.64"
"14,75 : 65.31"
"14,76 : 45.0"
"14,77 : 43.01"
"14,78 : 59.41"
"14,79 : 46.96"
"14,80 : 31.78"
"14,81 : 72.67"
"14,82 : 43.1"
"14,83 : 57.27"
"14,84 : 23.41"
"14,85 : 57.31"
"14,86 : 46.14"
"14,87 : 71.61"
"14,88 : 36.12"
"14,89 : 48.0"
"14,90 : 28.64"
"14,91 : 51.87"
"14,92 : 51.62"
"14,93 : 24.0"
"14,94 : 54.12"
"14,95 : 66.31"
"14,96 : 19.21"
"14,97 : 60.88"
"14,98 : 40.31"
"14,99 : 59.48"
"15,0 : 84.01"
"15,1 : 22.02"
"15,2 : 45.01"
"15,3 : 17.2"
"15,4 : 81.12"
"15,5 : 47.1"
"15,6 : 70.21"
"15,7 : 41.63"
"15,8 : 65.07"
"15,9 : 56.4"
"15,10 : 83.38"
"15,11 : 28.28"
"15,12 : 72.12"
"15,13 : 79.0"
"15,14 : 68.68"
"15,15 : 0.0"
"15,16 : 33.62"
"15,17 : 76.22"
"15,18 : 92.96"
"15,19 : 37.22"
"15,20 : 42.2"
"15,21 : 60.31"
"15,22 : 72.01"
"15,23 : 39.05"
"15,24 : 24.52"
"15,25 : 82.15"
"15,26 : 99.4"
"15,27 : 99.46"
"15,28 : 76.06"
"15,29 : 26.57"
"15,30 : 39.56"
"15,31 : 88.05"
"15,32 : 86.68"
"15,33 : 52.77"
"15,34 : 62.94"
"15,35 : 79.32"
"15,36 : 75.29"
"15,37 : 36.8"
"15,38 : 77.01"
"15,39 : 45.88"
"15,40 : 39.81"
"15,41 : 87.56"
"15,42 : 58.52"
"15,43 : 6.32"
"15,44 : 24.7"
"15,45 : 89.81"
"15,46 : 81.49"
"15,47 : 8.06"
"15,48 : 41.4"
"15,49 : 72.84"
"15,50 : 76.42"
"15,51 : 92.03"
"15,52 : 98.9"
"15,53 : 31.62"
"15,54 : 42.01"
"15,55 : 92.96"
"15,56 : 28.65"
"15,57 : 82.86"
"15,58 : 67.78"
"15,59 : 67.72"
"15,60 : 15.81"
"15,61 : 41.77"
"15,62 : 31.62"
"15,63 : 85.91"
"15,64 : 52.15"
"15,65 : 57.58"
"15,66 : 78.09"
"15,67 : 55.04"
"15,68 : 81.71"
"15,69 : 48.88"
"15,70 : 27.73"
"15,71 : 21.1"
"15,72 : 92.66"
"15,73 : 33.96"
"15,74 : 24.04"
"15,75 : 32.06"
"15,76 : 94.54"
"15,77 : 69.29"
"15,78 : 71.28"
"15,79 : 50.54"
"15,80 : 100.42"
"15,81 : 22.8"
"15,82 : 67.42"
"15,83 : 32.57"
"15,84 : 58.08"
"15,85 : 26.57"
"15,86 : 49.4"
"15,87 : 24.35"
"15,88 : 34.0"
"15,89 : 26.17"
"15,90 : 97.27"
"15,91 : 17.12"
"15,92 : 18.6"
"15,93 : 78.77"
"15,94 : 60.75"
"15,95 : 101.13"
"15,96 : 54.15"
"15,97 : 90.34"
"15,98 : 87.48"
"15,99 : 15.26"
"16,0 : 67.91"
"16,1 : 12.37"
"16,2 : 41.04"
"16,3 : 43.57"
"16,4 : 87.8"
"16,5 : 26.91"
"16,6 : 50.64"
"16,7 : 67.0"
"16,8 : 80.99"
"16,9 : 75.93"
"16,10 : 60.07"
"16,11 : 34.79"
"16,12 : 72.14"
"16,13 : 68.45"
"16,14 : 68.59"
"16,15 : 33.62"
"16,16 : 0.0"
"16,17 : 77.08"
"16,18 : 65.15"
"16,19 : 38.59"
"16,20 : 9.43"
"16,21 : 73.93"
"16,22 : 42.72"
"16,23 : 59.54"
"16,24 : 13.0"
"16,25 : 54.82"
"16,26 : 101.18"
"16,27 : 94.87"
"16,28 : 52.09"
"16,29 : 8.94"
"16,30 : 10.82"
"16,31 : 75.61"
"16,32 : 85.28"
"16,33 : 76.32"
"16,34 : 78.77"
"16,35 : 87.92"
"16,36 : 55.44"
"16,37 : 8.25"
"16,38 : 66.21"
"16,39 : 51.97"
"16,40 : 30.41"
"16,41 : 84.4"
"16,42 : 25.0"
"16,43 : 39.82"
"16,44 : 52.61"
"16,45 : 89.38"
"16,46 : 79.03"
"16,47 : 26.93"
"16,48 : 62.51"
"16,49 : 41.34"
"16,50 : 69.64"
"16,51 : 91.55"
"16,52 : 101.14"
"16,53 : 23.02"
"16,54 : 39.05"
"16,55 : 99.64"
"16,56 : 43.74"
"16,57 : 85.59"
"16,58 : 46.17"
"16,59 : 67.88"
"16,60 : 38.21"
"16,61 : 70.58"
"16,62 : 59.41"
"16,63 : 89.14"
"16,64 : 18.6"
"16,65 : 61.4"
"16,66 : 62.1"
"16,67 : 33.54"
"16,68 : 59.01"
"16,69 : 59.51"
"16,70 : 18.79"
"16,71 : 27.29"
"16,72 : 91.68"
"16,73 : 40.31"
"16,74 : 36.5"
"16,75 : 62.82"
"16,76 : 76.94"
"16,77 : 48.26"
"16,78 : 43.42"
"16,79 : 28.64"
"16,80 : 97.08"
"16,81 : 13.04"
"16,82 : 46.27"
"16,83 : 60.41"
"16,84 : 48.55"
"16,85 : 54.59"
"16,86 : 71.57"
"16,87 : 10.82"
"16,88 : 46.84"
"16,89 : 48.01"
"16,90 : 94.05"
"16,91 : 31.0"
"16,92 : 40.05"
"16,93 : 87.09"
"16,94 : 34.23"
"16,95 : 76.12"
"16,96 : 49.58"
"16,97 : 64.94"
"16,98 : 70.21"
"16,99 : 21.38"
"17,0 : 39.56"
"17,1 : 71.61"
"17,2 : 36.12"
"17,3 : 62.97"
"17,4 : 16.12"
"17,5 : 103.97"
"17,6 : 46.27"
"17,7 : 56.52"
"17,8 : 34.83"
"17,9 : 42.94"
"17,10 : 57.22"
"17,11 : 48.75"
"17,12 : 5.0"
"17,13 : 25.96"
"17,14 : 8.49"
"17,15 : 76.22"
"17,16 : 77.08"
"17,17 : 0.0"
"17,18 : 74.33"
"17,19 : 40.82"
"17,20 : 75.43"
"17,21 : 29.53"
"17,22 : 70.61"
"17,23 : 47.27"
"17,24 : 83.01"
"17,25 : 68.03"
"17,26 : 24.21"
"17,27 : 25.18"
"17,28 : 57.08"
"17,29 : 80.43"
"17,30 : 87.69"
"17,31 : 32.25"
"17,32 : 11.0"
"17,33 : 52.8"
"17,34 : 34.41"
"17,35 : 19.92"
"17,36 : 47.0"
"17,37 : 70.09"
"17,38 : 26.48"
"17,39 : 30.36"
"17,40 : 46.67"
"17,41 : 13.6"
"17,42 : 84.12"
"17,43 : 76.4"
"17,44 : 63.03"
"17,45 : 13.6"
"17,46 : 8.6"
"17,47 : 71.18"
"17,48 : 47.68"
"17,49 : 78.59"
"17,50 : 17.46"
"17,51 : 15.81"
"17,52 : 24.08"
"17,53 : 54.67"
"17,54 : 38.42"
"17,55 : 25.0"
"17,56 : 48.27"
"17,57 : 8.94"
"17,58 : 50.8"
"17,59 : 9.22"
"17,60 : 61.13"
"17,61 : 65.97"
"17,62 : 62.2"
"17,63 : 12.53"
"17,64 : 81.84"
"17,65 : 18.68"
"17,66 : 38.33"
"17,67 : 52.8"
"17,68 : 55.15"
"17,69 : 30.0"
"17,70 : 59.82"
"17,71 : 57.71"
"17,72 : 16.49"
"17,73 : 42.54"
"17,74 : 52.2"
"17,75 : 70.35"
"17,76 : 46.96"
"17,77 : 49.5"
"17,78 : 66.29"
"17,79 : 55.07"
"17,80 : 25.02"
"17,81 : 81.02"
"17,82 : 49.82"
"17,83 : 62.29"
"17,84 : 31.3"
"17,85 : 63.0"
"17,86 : 49.04"
"17,87 : 80.0"
"17,88 : 42.95"
"17,89 : 54.33"
"17,90 : 22.0"
"17,91 : 59.62"
"17,92 : 58.69"
"17,93 : 18.97"
"17,94 : 61.68"
"17,95 : 69.92"
"17,96 : 27.66"
"17,97 : 65.62"
"17,98 : 43.32"
"17,99 : 67.6"
"18,0 : 36.22"
"18,1 : 72.45"
"18,2 : 60.46"
"18,3 : 93.43"
"18,4 : 90.45"
"18,5 : 82.02"
"18,6 : 30.46"
"18,7 : 106.83"
"18,8 : 101.84"
"18,9 : 104.22"
"18,10 : 17.12"
"18,11 : 73.55"
"18,12 : 70.71"
"18,13 : 49.0"
"18,14 : 69.23"
"18,15 : 92.96"
"18,16 : 65.15"
"18,17 : 74.33"
"18,18 : 0.0"
"18,19 : 67.62"
"18,20 : 56.04"
"18,21 : 93.98"
"18,22 : 22.56"
"18,23 : 95.69"
"18,24 : 78.11"
"18,25 : 10.82"
"18,26 : 89.81"
"18,27 : 73.25"
"18,28 : 19.72"
"18,29 : 74.0"
"18,30 : 68.88"
"18,31 : 46.87"
"18,32 : 74.11"
"18,33 : 110.64"
"18,34 : 100.3"
"18,35 : 93.9"
"18,36 : 27.89"
"18,37 : 58.31"
"18,38 : 48.04"
"18,39 : 74.3"
"18,40 : 57.28"
"18,41 : 70.26"
"18,42 : 47.0"
"18,43 : 97.91"
"18,44 : 100.42"
"18,45 : 78.23"
"18,46 : 69.0"
"18,47 : 84.91"
"18,48 : 98.18"
"18,49 : 27.07"
"18,50 : 57.08"
"18,51 : 79.4"
"18,52 : 90.67"
"18,53 : 62.63"
"18,54 : 62.2"
"18,55 : 98.0"
"18,56 : 82.98"
"18,57 : 82.05"
"18,58 : 28.84"
"18,59 : 69.43"
"18,60 : 87.86"
"18,61 : 114.63"
"18,62 : 104.89"
"18,63 : 85.01"
"18,64 : 51.24"
"18,65 : 73.39"
"18,66 : 36.06"
"18,67 : 38.95"
"18,68 : 19.24"
"18,69 : 82.73"
"18,70 : 65.46"
"18,71 : 74.65"
"18,72 : 78.52"
"18,73 : 73.25"
"18,74 : 79.2"
"18,75 : 111.76"
"18,76 : 34.93"
"18,77 : 28.65"
"18,78 : 21.93"
"18,79 : 42.8"
"18,80 : 77.13"
"18,81 : 77.83"
"18,82 : 29.68"
"18,83 : 105.65"
"18,84 : 50.57"
"18,85 : 101.86"
"18,86 : 105.31"
"18,87 : 75.61"
"18,88 : 81.4"
"18,89 : 91.35"
"18,90 : 75.5"
"18,91 : 80.28"
"18,92 : 87.73"
"18,93 : 92.91"
"18,94 : 32.25"
"18,95 : 14.76"
"18,96 : 58.6"
"18,97 : 9.22"
"18,98 : 33.73"
"18,99 : 77.7"
"19,0 : 49.04"
"19,1 : 31.14"
"19,2 : 8.54"
"19,3 : 28.79"
"19,4 : 49.58"
"19,5 : 64.82"
"19,6 : 39.05"
"19,7 : 39.45"
"19,8 : 43.74"
"19,9 : 41.11"
"19,10 : 53.81"
"19,11 : 9.0"
"19,12 : 36.24"
"19,13 : 42.19"
"19,14 : 32.65"
"19,15 : 37.22"
"19,16 : 38.59"
"19,17 : 40.82"
"19,18 : 67.62"
"19,19 : 0.0"
"19,20 : 39.85"
"19,21 : 36.14"
"19,22 : 52.0"
"19,23 : 28.64"
"19,24 : 42.52"
"19,25 : 57.43"
"19,26 : 64.9"
"19,27 : 62.64"
"19,28 : 48.17"
"19,29 : 40.31"
"19,30 : 49.4"
"19,31 : 51.48"
"19,32 : 50.57"
"19,33 : 44.92"
"19,34 : 41.59"
"19,35 : 49.41"
"19,36 : 43.6"
"19,37 : 33.24"
"19,38 : 40.31"
"19,39 : 13.42"
"19,40 : 12.17"
"19,41 : 50.92"
"19,42 : 53.24"
"19,43 : 39.05"
"19,44 : 33.84"
"19,45 : 54.12"
"19,46 : 44.94"
"19,47 : 31.05"
"19,48 : 31.38"
"19,49 : 57.01"
"19,50 : 39.2"
"19,51 : 56.36"
"19,52 : 64.64"
"19,53 : 15.65"
"19,54 : 5.83"
"19,55 : 61.55"
"19,56 : 15.62"
"19,57 : 48.6"
"19,58 : 38.95"
"19,59 : 31.76"
"19,60 : 24.52"
"19,61 : 47.01"
"19,62 : 37.48"
"19,63 : 52.01"
"19,64 : 48.84"
"19,65 : 23.35"
"19,66 : 43.46"
"19,67 : 29.97"
"19,68 : 51.74"
"19,69 : 21.59"
"19,70 : 20.0"
"19,71 : 17.09"
"19,72 : 56.8"
"19,73 : 5.66"
"19,74 : 14.32"
"19,75 : 44.82"
"19,76 : 59.81"
"19,77 : 39.6"
"19,78 : 49.19"
"19,79 : 28.16"
"19,80 : 63.91"
"19,81 : 40.46"
"19,82 : 38.21"
"19,83 : 38.18"
"19,84 : 22.14"
"19,85 : 35.0"
"19,86 : 39.56"
"19,87 : 39.62"
"19,88 : 13.89"
"19,89 : 24.21"
"19,90 : 60.75"
"19,91 : 20.1"
"19,92 : 23.09"
"19,93 : 48.6"
"19,94 : 39.56"
"19,95 : 71.7"
"19,96 : 17.0"
"19,97 : 62.23"
"19,98 : 52.92"
"19,99 : 26.83"
"20,0 : 61.68"
"20,1 : 20.25"
"20,2 : 40.31"
"20,3 : 50.29"
"20,4 : 87.46"
"20,5 : 30.87"
"20,6 : 43.97"
"20,7 : 72.44"
"20,8 : 83.43"
"20,9 : 79.51"
"20,10 : 52.04"
"20,11 : 38.12"
"20,12 : 70.43"
"20,13 : 63.81"
"20,14 : 67.01"
"20,15 : 42.2"
"20,16 : 9.43"
"20,17 : 75.43"
"20,18 : 56.04"
"20,19 : 39.85"
"20,20 : 0.0"
"20,21 : 75.96"
"20,22 : 33.53"
"20,23 : 64.0"
"20,24 : 22.36"
"20,25 : 45.89"
"20,26 : 99.16"
"20,27 : 91.21"
"20,28 : 44.05"
"20,29 : 18.36"
"20,30 : 14.56"
"20,31 : 70.21"
"20,32 : 82.73"
"20,33 : 81.01"
"20,34 : 81.25"
"20,35 : 88.12"
"20,36 : 48.51"
"20,37 : 7.0"
"20,38 : 61.59"
"20,39 : 53.14"
"20,40 : 29.53"
"20,41 : 81.39"
"20,42 : 16.55"
"20,43 : 48.26"
"20,44 : 59.2"
"20,45 : 87.0"
"20,46 : 76.37"
"20,47 : 34.99"
"20,48 : 67.0"
"20,49 : 31.91"
"20,50 : 66.07"
"20,51 : 89.11"
"20,52 : 99.25"
"20,53 : 24.52"
"20,54 : 38.91"
"20,55 : 99.02"
"20,56 : 48.0"
"20,57 : 84.2"
"20,58 : 39.05"
"20,59 : 66.4"
"20,60 : 44.64"
"20,61 : 76.9"
"20,62 : 65.73"
"20,63 : 87.8"
"20,64 : 10.44"
"20,65 : 61.29"
"20,66 : 56.08"
"20,67 : 27.31"
"20,68 : 51.16"
"20,69 : 61.4"
"20,70 : 22.0"
"20,71 : 32.25"
"20,72 : 89.1"
"20,73 : 42.76"
"20,74 : 41.05"
"20,75 : 69.89"
"20,76 : 70.09"
"20,77 : 41.23"
"20,78 : 34.53"
"20,79 : 22.83"
"20,80 : 93.72"
"20,81 : 22.47"
"20,82 : 39.29"
"20,83 : 66.71"
"20,84 : 45.28"
"20,85 : 61.13"
"20,86 : 76.01"
"20,87 : 20.25"
"20,88 : 50.25"
"20,89 : 53.46"
"20,90 : 90.79"
"20,91 : 36.88"
"20,92 : 46.1"
"20,93 : 87.24"
"20,94 : 26.02"
"20,95 : 67.48"
"20,96 : 47.8"
"20,97 : 56.32"
"20,98 : 63.6"
"20,99 : 28.64"
"21,0 : 63.82"
"21,1 : 64.5"
"21,2 : 38.01"
"21,3 : 43.83"
"21,4 : 24.08"
"21,5 : 98.98"
"21,6 : 63.57"
"21,7 : 29.02"
"21,8 : 8.06"
"21,9 : 13.42"
"21,10 : 77.47"
"21,11 : 39.36"
"21,12 : 29.21"
"21,13 : 51.09"
"21,14 : 28.28"
"21,15 : 60.31"
"21,16 : 73.93"
"21,17 : 29.53"
"21,18 : 93.98"
"21,19 : 36.14"
"21,20 : 75.96"
"21,21 : 0.0"
"21,22 : 83.73"
"21,23 : 22.85"
"21,24 : 75.17"
"21,25 : 85.44"
"21,26 : 45.01"
"21,27 : 53.76"
"21,28 : 74.63"
"21,29 : 73.93"
"21,30 : 84.58"
"21,31 : 59.4"
"21,32 : 39.56"
"21,33 : 23.41"
"21,34 : 6.32"
"21,35 : 20.62"
"21,36 : 66.31"
"21,37 : 69.26"
"21,38 : 50.61"
"21,39 : 23.19"
"21,40 : 47.52"
"21,41 : 42.95"
"21,42 : 89.11"
"21,43 : 58.25"
"21,44 : 40.31"
"21,45 : 40.26"
"21,46 : 38.08"
"21,47 : 58.05"
"21,48 : 21.84"
"21,49 : 90.2"
"21,50 : 43.14"
"21,51 : 41.98"
"21,52 : 44.05"
"21,53 : 51.55"
"21,54 : 38.21"
"21,55 : 34.48"
"21,56 : 32.65"
"21,57 : 30.59"
"21,58 : 66.22"
"21,59 : 27.59"
"21,60 : 44.6"
"21,61 : 38.05"
"21,62 : 37.11"
"21,63 : 32.14"
"21,64 : 84.93"
"21,65 : 20.62"
"21,66 : 60.54"
"21,67 : 62.13"
"21,68 : 75.24"
"21,69 : 14.56"
"21,70 : 55.15"
"21,71 : 48.02"
"21,72 : 43.17"
"21,73 : 33.62"
"21,74 : 39.41"
"21,75 : 44.55"
"21,76 : 73.11"
"21,77 : 65.8"
"21,78 : 80.06"
"21,79 : 62.01"
"21,80 : 52.63"
"21,81 : 72.95"
"21,82 : 65.25"
"21,83 : 36.88"
"21,84 : 43.68"
"21,85 : 39.56"
"21,86 : 20.22"
"21,87 : 72.72"
"21,88 : 28.02"
"21,89 : 34.41"
"21,90 : 50.0"
"21,91 : 47.01"
"21,92 : 41.77"
"21,93 : 20.4"
"21,94 : 72.17"
"21,95 : 93.15"
"21,96 : 35.9"
"21,97 : 86.41"
"21,98 : 68.01"
"21,99 : 57.43"
"22,0 : 40.46"
"22,1 : 50.77"
"22,2 : 46.57"
"22,3 : 74.65"
"22,4 : 85.99"
"22,5 : 60.07"
"22,6 : 25.08"
"22,7 : 91.24"
"22,8 : 91.79"
"22,9 : 91.92"
"22,10 : 23.32"
"22,11 : 56.08"
"22,12 : 66.1"
"22,13 : 49.19"
"22,14 : 63.64"
"22,15 : 72.01"
"22,16 : 42.72"
"22,17 : 70.61"
"22,18 : 22.56"
"22,19 : 52.0"
"22,20 : 33.53"
"22,21 : 83.73"
"22,22 : 0.0"
"22,23 : 80.62"
"22,24 : 55.71"
"22,25 : 13.04"
"22,26 : 90.62"
"22,27 : 77.18"
"22,28 : 16.97"
"22,29 : 51.62"
"22,30 : 46.39"
"22,31 : 51.4"
"22,32 : 73.74"
"22,33 : 96.8"
"22,34 : 89.94"
"22,35 : 88.46"
"22,36 : 26.63"
"22,37 : 36.24"
"22,38 : 47.42"
"22,39 : 61.61"
"22,40 : 40.25"
"22,41 : 70.77"
"22,42 : 25.5"
"22,43 : 77.34"
"22,44 : 82.42"
"22,45 : 78.19"
"22,46 : 67.68"
"22,47 : 64.03"
"22,48 : 83.38"
"22,49 : 8.6"
"22,50 : 55.36"
"22,51 : 79.85"
"22,52 : 91.18"
"22,53 : 43.42"
"22,54 : 47.43"
"22,55 : 95.57"
"22,56 : 66.24"
"22,57 : 79.31"
"22,58 : 19.92"
"22,59 : 63.51"
"22,60 : 68.88"
"22,61 : 98.11"
"22,62 : 87.66"
"22,63 : 82.71"
"22,64 : 29.0"
"22,65 : 64.07"
"22,66 : 36.89"
"22,67 : 22.14"
"22,68 : 23.6"
"22,69 : 70.61"
"22,70 : 45.25"
"22,71 : 55.32"
"22,72 : 79.31"
"22,73 : 57.27"
"22,74 : 61.29"
"22,75 : 93.81"
"22,76 : 45.0"
"22,77 : 21.54"
"22,78 : 4.47"
"22,79 : 24.19"
"22,80 : 80.62"
"22,81 : 55.54"
"22,82 : 20.88"
"22,83 : 88.51"
"22,84 : 41.01"
"22,85 : 84.05"
"22,86 : 91.42"
"22,87 : 53.31"
"22,88 : 65.8"
"22,89 : 74.09"
"22,90 : 78.29"
"22,91 : 60.96"
"22,92 : 69.2"
"22,93 : 87.46"
"22,94 : 12.53"
"22,95 : 35.06"
"22,96 : 48.09"
"22,97 : 24.33"
"22,98 : 40.31"
"22,99 : 56.85"
"23,0 : 72.2"
"23,1 : 48.27"
"23,2 : 35.23"
"23,3 : 21.93"
"23,4 : 46.32"
"23,5 : 81.93"
"23,6 : 66.07"
"23,7 : 11.31"
"23,8 : 26.25"
"23,9 : 17.49"
"23,10 : 80.92"
"23,11 : 26.17"
"23,12 : 44.91"
"23,13 : 61.77"
"23,14 : 42.45"
"23,15 : 39.05"
"23,16 : 59.54"
"23,17 : 47.27"
"23,18 : 95.69"
"23,19 : 28.64"
"23,20 : 64.0"
"23,21 : 22.85"
"23,22 : 80.62"
"23,23 : 0.0"
"23,24 : 57.58"
"23,25 : 85.76"
"23,26 : 66.75"
"23,27 : 72.44"
"23,28 : 76.03"
"23,29 : 57.28"
"23,30 : 69.43"
"23,31 : 71.12"
"23,32 : 58.22"
"23,33 : 17.03"
"23,34 : 24.21"
"23,35 : 43.32"
"23,36 : 70.09"
"23,37 : 57.0"
"23,38 : 60.54"
"23,39 : 22.8"
"23,40 : 40.5"
"23,41 : 60.67"
"23,42 : 79.31"
"23,43 : 36.12"
"23,44 : 17.46"
"23,45 : 60.01"
"23,46 : 54.92"
"23,47 : 38.47"
"23,48 : 3.0"
"23,49 : 85.38"
"23,50 : 55.54"
"23,51 : 62.0"
"23,52 : 65.92"
"23,53 : 40.31"
"23,54 : 33.62"
"23,55 : 57.25"
"23,56 : 16.0"
"23,57 : 51.09"
"23,58 : 66.85"
"23,59 : 41.48"
"23,60 : 24.19"
"23,61 : 20.25"
"23,62 : 15.0"
"23,63 : 53.34"
"23,64 : 74.06"
"23,65 : 30.68"
"23,66 : 67.48"
"23,67 : 58.6"
"23,68 : 78.75"
"23,69 : 17.72"
"23,70 : 42.0"
"23,71 : 32.25"
"23,72 : 63.01"
"23,73 : 23.41"
"23,74 : 23.09"
"23,75 : 23.09"
"23,76 : 82.66"
"23,77 : 67.2"
"23,78 : 77.82"
"23,79 : 56.65"
"23,80 : 72.11"
"23,81 : 55.36"
"23,82 : 66.03"
"23,83 : 15.03"
"23,84 : 46.67"
"23,85 : 16.76"
"23,86 : 12.04"
"23,87 : 55.66"
"23,88 : 14.87"
"23,89 : 13.04"
"23,90 : 69.18"
"23,91 : 29.12"
"23,92 : 21.47"
"23,93 : 43.01"
"23,94 : 68.15"
"23,95 : 98.35"
"23,96 : 38.95"
"23,97 : 89.64"
"23,98 : 76.4"
"23,99 : 39.85"
"24,0 : 78.77"
"24,1 : 11.4"
"24,2 : 47.17"
"24,3 : 38.33"
"24,4 : 91.92"
"24,5 : 24.35"
"24,6 : 62.07"
"24,7 : 63.15"
"24,8 : 81.49"
"24,9 : 74.85"
"24,10 : 72.44"
"24,11 : 36.24"
"24,12 : 78.24"
"24,13 : 77.79"
"24,14 : 74.63"
"24,15 : 24.52"
"24,16 : 13.0"
"24,17 : 83.01"
"24,18 : 78.11"
"24,19 : 42.52"
"24,20 : 22.36"
"24,21 : 75.17"
"24,22 : 55.71"
"24,23 : 57.58"
"24,24 : 0.0"
"24,25 : 67.72"
"24,26 : 107.2"
"24,27 : 102.86"
"24,28 : 64.5"
"24,29 : 4.12"
"24,30 : 15.23"
"24,31 : 85.62"
"24,32 : 92.11"
"24,33 : 73.5"
"24,34 : 79.26"
"24,35 : 91.35"
"24,36 : 67.03"
"24,37 : 20.22"
"24,38 : 75.58"
"24,39 : 55.17"
"24,40 : 37.58"
"24,41 : 91.79"
"24,42 : 36.8"
"24,43 : 30.81"
"24,44 : 47.17"
"24,45 : 95.96"
"24,46 : 86.09"
"24,47 : 20.1"
"24,48 : 60.41"
"24,49 : 54.2"
"24,50 : 77.88"
"24,51 : 98.18"
"24,52 : 107.0"
"24,53 : 28.65"
"24,54 : 44.65"
"24,55 : 103.95"
"24,56 : 42.94"
"24,57 : 91.05"
"24,58 : 58.01"
"24,59 : 73.82"
"24,60 : 33.96"
"24,61 : 65.07"
"24,62 : 54.23"
"24,63 : 94.49"
"24,64 : 30.48"
"24,65 : 65.86"
"24,66 : 72.84"
"24,67 : 45.01"
"24,68 : 71.25"
"24,69 : 61.4"
"24,70 : 23.32"
"24,71 : 27.2"
"24,72 : 98.48"
"24,73 : 42.52"
"24,74 : 35.85"
"24,75 : 56.08"
"24,76 : 88.28"
"24,77 : 60.0"
"24,78 : 56.32"
"24,79 : 40.01"
"24,80 : 104.71"
"24,81 : 2.24"
"24,82 : 58.0"
"24,83 : 55.23"
"24,84 : 57.01"
"24,85 : 49.16"
"24,86 : 69.26"
"24,87 : 3.16"
"24,88 : 47.17"
"24,89 : 44.92"
"24,90 : 101.6"
"24,91 : 28.64"
"24,92 : 36.4"
"24,93 : 90.61"
"24,94 : 46.87"
"24,95 : 88.84"
"24,96 : 56.44"
"24,97 : 77.67"
"24,98 : 81.39"
"24,99 : 17.89"
"25,0 : 32.7"
"25,1 : 61.74"
"25,2 : 50.61"
"25,3 : 82.76"
"25,4 : 84.0"
"25,5 : 73.11"
"25,6 : 22.2"
"25,7 : 96.8"
"25,8 : 93.41"
"25,9 : 95.08"
"25,10 : 13.04"
"25,11 : 63.03"
"25,12 : 64.01"
"25,13 : 43.93"
"25,14 : 62.13"
"25,15 : 82.15"
"25,16 : 54.82"
"25,17 : 68.03"
"25,18 : 10.82"
"25,19 : 57.43"
"25,20 : 45.89"
"25,21 : 85.44"
"25,22 : 13.04"
"25,23 : 85.76"
"25,24 : 67.72"
"25,25 : 0.0"
"25,26 : 85.62"
"25,27 : 70.38"
"25,28 : 11.05"
"25,29 : 63.6"
"25,30 : 59.21"
"25,31 : 43.86"
"25,32 : 69.23"
"25,33 : 101.07"
"25,34 : 91.76"
"25,35 : 87.09"
"25,36 : 21.1"
"25,37 : 47.76"
"25,38 : 42.58"
"25,39 : 64.88"
"25,40 : 46.75"
"25,41 : 65.73"
"25,42 : 38.47"
"25,43 : 87.09"
"25,44 : 89.87"
"25,45 : 73.55"
"25,46 : 63.64"
"25,47 : 74.09"
"25,48 : 88.32"
"25,49 : 19.7"
"25,50 : 51.35"
"25,51 : 74.95"
"25,52 : 86.35"
"25,53 : 51.86"
"25,54 : 52.15"
"25,55 : 92.44"
"25,56 : 72.62"
"25,57 : 76.24"
"25,58 : 19.31"
"25,59 : 62.2"
"25,60 : 77.16"
"25,61 : 104.4"
"25,62 : 94.49"
"25,63 : 79.4"
"25,64 : 42.01"
"25,65 : 65.0"
"25,66 : 30.81"
