x,y
72,21
9,36
46,82
33,64
69,91
13,61
62,91
42,35
76,90
78,98
15,20
49,36
35,28
45,73
75,73
12,88
41,46
95,74
61,52
7,96
64,46
38,5
73,64
14,25
37,38
30,67
7,40
33,86
62,5
45,58
76,93
34,57
84,87
75,52
3,19
9,68
52,95
93,62
57,99
93,2
93,94
85,85
77,92
100,83
40,37
13,93
95,45
17,42
49,86
58,63
27,56
36,55
66,60
83,47
86,92
5,82
36,15
69,76
62,19
3,61
61,78
5,38
32,52
64,54
62,95
45,56
18,35
82,46
38,57
43,88
92,17
75,52
50,42
54,46
33,34
83,82
21,81
7,19
17,5
74,86
15,46
52,73
32,30
13,42
36,95
13,95
48,50
57,61
5,77
77,62
45,73
100,67
3,85
84,84
47,90
41,31
37,89
75,65
79,72
69,31

Distanze
"0,0 : 0.0"
"0,1 : 64.76"
"0,2 : 66.31"
"0,3 : 58.05"
"0,4 : 70.06"
"0,5 : 71.28"
"0,6 : 70.71"
"0,7 : 33.11"
"0,8 : 69.12"
"0,9 : 77.23"
"0,10 : 57.01"
"0,11 : 27.46"
"0,12 : 37.66"
"0,13 : 58.59"
"0,14 : 52.09"
"0,15 : 89.94"
"0,16 : 39.82"
"0,17 : 57.78"
"0,18 : 32.89"
"0,19 : 99.25"
"0,20 : 26.25"
"0,21 : 37.58"
"0,22 : 43.01"
"0,23 : 58.14"
"0,24 : 38.91"
"0,25 : 62.29"
"0,26 : 67.72"
"0,27 : 75.8"
"0,28 : 18.87"
"0,29 : 45.8"
"0,30 : 72.11"
"0,31 : 52.35"
"0,32 : 67.08"
"0,33 : 31.14"
"0,34 : 69.03"
"0,35 : 78.6"
"0,36 : 76.66"
"0,37 : 46.07"
"0,38 : 79.43"
"0,39 : 28.32"
"0,40 : 75.96"
"0,41 : 65.31"
"0,42 : 71.18"
"0,43 : 68.03"
"0,44 : 35.78"
"0,45 : 93.09"
"0,46 : 33.24"
"0,47 : 58.87"
"0,48 : 68.95"
"0,49 : 44.27"
"0,50 : 57.01"
"0,51 : 49.52"
"0,52 : 39.46"
"0,53 : 28.23"
"0,54 : 72.37"
"0,55 : 90.61"
"0,56 : 36.5"
"0,57 : 55.08"
"0,58 : 10.2"
"0,59 : 79.76"
"0,60 : 58.05"
"0,61 : 69.12"
"0,62 : 50.61"
"0,63 : 33.96"
"0,64 : 74.67"
"0,65 : 44.2"
"0,66 : 55.79"
"0,67 : 26.93"
"0,68 : 49.52"
"0,69 : 73.01"
"0,70 : 20.4"
"0,71 : 31.14"
"0,72 : 30.41"
"0,73 : 30.81"
"0,74 : 41.11"
"0,75 : 61.98"
"0,76 : 78.75"
"0,77 : 65.03"
"0,78 : 57.28"
"0,79 : 65.03"
"0,80 : 62.24"
"0,81 : 55.71"
"0,82 : 41.0"
"0,83 : 62.63"
"0,84 : 82.29"
"0,85 : 94.64"
"0,86 : 37.64"
"0,87 : 42.72"
"0,88 : 87.32"
"0,89 : 41.3"
"0,90 : 58.59"
"0,91 : 53.85"
"0,92 : 94.11"
"0,93 : 64.13"
"0,94 : 73.39"
"0,95 : 32.57"
"0,96 : 76.48"
"0,97 : 44.1"
"0,98 : 51.48"
"0,99 : 10.44"
"1,0 : 64.76"
"1,1 : 0.0"
"1,2 : 59.03"
"1,3 : 36.88"
"1,4 : 81.39"
"1,5 : 25.32"
"1,6 : 76.38"
"1,7 : 33.02"
"1,8 : 86.05"
"1,9 : 92.76"
"1,10 : 17.09"
"1,11 : 40.0"
"1,12 : 27.2"
"1,13 : 51.62"
"1,14 : 75.66"
"1,15 : 52.09"
"1,16 : 33.53"
"1,17 : 94.02"
"1,18 : 54.41"
"1,19 : 60.03"
"1,20 : 55.9"
"1,21 : 42.45"
"1,22 : 69.86"
"1,23 : 12.08"
"1,24 : 28.07"
"1,25 : 37.44"
"1,26 : 4.47"
"1,27 : 55.46"
"1,28 : 61.4"
"1,29 : 42.19"
"1,30 : 87.97"
"1,31 : 32.65"
"1,32 : 90.7"
"1,33 : 67.91"
"1,34 : 18.03"
"1,35 : 32.0"
"1,36 : 73.01"
"1,37 : 87.93"
"1,38 : 79.2"
"1,39 : 90.62"
"1,40 : 102.08"
"1,41 : 90.43"
"1,42 : 88.09"
"1,43 : 102.42"
"1,44 : 31.02"
"1,45 : 57.14"
"1,46 : 86.47"
"1,47 : 10.0"
"1,48 : 64.03"
"1,49 : 55.95"
"1,50 : 26.91"
"1,51 : 33.02"
"1,52 : 61.85"
"1,53 : 74.81"
"1,54 : 95.21"
"1,55 : 46.17"
"1,56 : 34.21"
"1,57 : 72.11"
"1,58 : 55.66"
"1,59 : 25.71"
"1,60 : 66.84"
"1,61 : 4.47"
"1,62 : 28.02"
"1,63 : 57.87"
"1,64 : 79.31"
"1,65 : 41.18"
"1,66 : 9.06"
"1,67 : 73.68"
"1,68 : 35.81"
"1,69 : 62.13"
"1,70 : 85.15"
"1,71 : 67.91"
"1,72 : 41.44"
"1,73 : 46.1"
"1,74 : 24.08"
"1,75 : 87.13"
"1,76 : 46.57"
"1,77 : 17.12"
"1,78 : 32.02"
"1,79 : 82.01"
"1,80 : 11.66"
"1,81 : 56.73"
"1,82 : 23.77"
"1,83 : 7.21"
"1,84 : 64.88"
"1,85 : 59.14"
"1,86 : 41.44"
"1,87 : 54.12"
"1,88 : 41.19"
"1,89 : 72.8"
"1,90 : 51.62"
"1,91 : 96.14"
"1,92 : 49.37"
"1,93 : 89.04"
"1,94 : 66.03"
"1,95 : 32.39"
"1,96 : 59.94"
"1,97 : 72.09"
"1,98 : 78.71"
"1,99 : 60.21"
"2,0 : 66.31"
"2,1 : 59.03"
"2,2 : 0.0"
"2,3 : 22.2"
"2,4 : 24.7"
"2,5 : 39.12"
"2,6 : 18.36"
"2,7 : 47.17"
"2,8 : 31.05"
"2,9 : 35.78"
"2,10 : 69.32"
"2,11 : 46.1"
"2,12 : 55.11"
"2,13 : 9.06"
"2,14 : 30.36"
"2,15 : 34.53"
"2,16 : 36.35"
"2,17 : 49.65"
"2,18 : 33.54"
"2,19 : 41.44"
"2,20 : 40.25"
"2,21 : 77.41"
"2,22 : 32.45"
"2,23 : 65.37"
"2,24 : 44.91"
"2,25 : 21.93"
"2,26 : 57.31"
"2,27 : 13.6"
"2,28 : 78.64"
"2,29 : 24.02"
"2,30 : 31.95"
"2,31 : 27.73"
"2,32 : 38.33"
"2,33 : 41.73"
"2,34 : 76.28"
"2,35 : 39.56"
"2,36 : 14.32"
"2,37 : 51.08"
"2,38 : 20.25"
"2,39 : 92.78"
"2,40 : 48.51"
"2,41 : 39.12"
"2,42 : 32.57"
"2,43 : 54.01"
"2,44 : 45.4"
"2,45 : 34.79"
"2,46 : 61.4"
"2,47 : 49.41"
"2,48 : 5.0"
"2,49 : 22.47"
"2,50 : 32.2"
"2,51 : 28.79"
"2,52 : 29.73"
"2,53 : 50.93"
"2,54 : 41.23"
"2,55 : 41.0"
"2,56 : 67.74"
"2,57 : 23.77"
"2,58 : 65.0"
"2,59 : 47.85"
"2,60 : 15.52"
"2,61 : 60.14"
"2,62 : 33.11"
"2,63 : 33.29"
"2,64 : 20.62"
"2,65 : 26.02"
"2,66 : 54.71"
"2,67 : 50.91"
"2,68 : 26.25"
"2,69 : 6.71"
"2,70 : 79.63"
"2,71 : 41.73"
"2,72 : 40.2"
"2,73 : 36.88"
"2,74 : 49.73"
"2,75 : 37.0"
"2,76 : 25.02"
"2,77 : 74.09"
"2,78 : 82.28"
"2,79 : 28.28"
"2,80 : 47.51"
"2,81 : 10.82"
"2,82 : 53.85"
"2,83 : 51.86"
"2,84 : 16.4"
"2,85 : 35.47"
"2,86 : 32.06"
"2,87 : 23.71"
"2,88 : 41.3"
"2,89 : 36.89"
"2,90 : 9.06"
"2,91 : 56.04"
"2,92 : 43.1"
"2,93 : 38.05"
"2,94 : 8.06"
"2,95 : 51.24"
"2,96 : 11.4"
"2,97 : 33.62"
"2,98 : 34.48"
"2,99 : 55.95"
"3,0 : 58.05"
"3,1 : 36.88"
"3,2 : 22.2"
"3,3 : 0.0"
"3,4 : 45.0"
"3,5 : 20.22"
"3,6 : 39.62"
"3,7 : 30.36"
"3,8 : 50.25"
"3,9 : 56.4"
"3,10 : 47.54"
"3,11 : 32.25"
"3,12 : 36.06"
"3,13 : 15.0"
"3,14 : 42.95"
"3,15 : 31.89"
"3,16 : 19.7"
"3,17 : 62.8"
"3,18 : 30.46"
"3,19 : 41.23"
"3,20 : 35.85"
"3,21 : 59.21"
"3,22 : 40.0"
"3,23 : 43.38"
"3,24 : 26.31"
"3,25 : 4.24"
"3,26 : 35.38"
"3,27 : 22.0"
"3,28 : 65.74"
"3,29 : 13.42"
"3,30 : 51.87"
"3,31 : 7.07"
"3,32 : 55.95"
"3,33 : 43.68"
"3,34 : 54.08"
"3,35 : 24.33"
"3,36 : 36.36"
"3,37 : 60.03"
"3,38 : 42.44"
"3,39 : 86.28"
"3,40 : 67.08"
"3,41 : 56.08"
"3,42 : 52.15"
"3,43 : 69.64"
"3,44 : 27.89"
"3,45 : 35.23"
"3,46 : 64.85"
"3,47 : 27.2"
"3,48 : 27.2"
"3,49 : 25.02"
"3,50 : 10.0"
"3,51 : 9.49"
"3,52 : 33.24"
"3,53 : 52.81"
"3,54 : 59.94"
"3,55 : 33.29"
"3,56 : 49.09"
"3,57 : 37.95"
"3,58 : 53.54"
"3,59 : 30.15"
"3,60 : 31.3"
"3,61 : 38.21"
"3,62 : 12.04"
"3,63 : 32.57"
"3,64 : 42.45"
"3,65 : 14.42"
"3,66 : 32.65"
"3,67 : 52.2"
"3,68 : 8.6"
"3,69 : 26.0"
"3,70 : 75.43"
"3,71 : 43.68"
"3,72 : 27.8"
"3,73 : 27.66"
"3,74 : 30.0"
"3,75 : 53.14"
"3,76 : 20.81"
"3,77 : 51.97"
"3,78 : 61.13"
"3,79 : 46.53"
"3,80 : 25.46"
"3,81 : 21.02"
"3,82 : 34.01"
"3,83 : 29.73"
"3,84 : 31.14"
"3,85 : 36.89"
"3,86 : 20.52"
"3,87 : 24.19"
"3,88 : 30.87"
"3,89 : 44.05"
"3,90 : 15.0"
"3,91 : 67.07"
"3,92 : 36.62"
"3,93 : 54.78"
"3,94 : 29.53"
"3,95 : 33.96"
"3,96 : 25.32"
"3,97 : 42.01"
"3,98 : 46.69"
"3,99 : 48.84"
"4,0 : 70.06"
"4,1 : 81.39"
"4,2 : 24.7"
"4,3 : 45.0"
"4,4 : 0.0"
"4,5 : 63.53"
"4,6 : 7.0"
"4,7 : 62.17"
"4,8 : 7.07"
"4,9 : 11.4"
"4,10 : 89.2"
"4,11 : 58.52"
"4,12 : 71.59"
"4,13 : 30.0"
"4,14 : 18.97"
"4,15 : 57.08"
"4,16 : 53.0"
"4,17 : 31.06"
"4,18 : 39.81"
"4,19 : 62.2"
"4,20 : 45.28"
"4,21 : 91.42"
"4,22 : 27.29"
"4,23 : 85.91"
"4,24 : 61.91"
"4,25 : 45.79"
"4,26 : 80.28"
"4,27 : 36.35"
"4,28 : 86.28"
"4,29 : 40.8"
"4,30 : 7.28"
"4,31 : 48.8"
"4,32 : 15.52"
"4,33 : 39.46"
"4,34 : 97.67"
"4,35 : 64.26"
"4,36 : 17.46"
"4,37 : 37.64"
"4,38 : 14.42"
"4,39 : 92.18"
"4,40 : 24.19"
"4,41 : 17.09"
"4,42 : 8.06"
"4,43 : 32.02"
"4,44 : 61.29"
"4,45 : 56.04"
"4,46 : 52.84"
"4,47 : 71.45"
"4,48 : 20.62"
"4,49 : 30.08"
"4,50 : 54.67"
"4,51 : 48.84"
"4,52 : 31.14"
"4,53 : 46.17"
"4,54 : 17.03"
"4,55 : 64.63"
"4,56 : 82.86"
"4,57 : 15.0"
"4,58 : 72.34"
"4,59 : 72.5"
"4,60 : 15.26"
"4,61 : 83.1"
"4,62 : 53.76"
"4,63 : 37.34"
"4,64 : 8.06"
"4,65 : 42.44"
"4,66 : 75.74"
"4,67 : 46.84"
"4,68 : 46.01"
"4,69 : 26.17"
"4,70 : 77.49"
"4,71 : 39.46"
"4,72 : 52.55"
"4,73 : 47.43"
"4,74 : 67.42"
"4,75 : 16.64"
"4,76 : 49.03"
"4,77 : 95.02"
"4,78 : 100.5"
"4,79 : 7.07"
"4,80 : 70.29"
"4,81 : 24.76"
"4,82 : 71.34"
"4,83 : 74.41"
"4,84 : 33.24"
"4,85 : 56.14"
"4,86 : 46.07"
"4,87 : 32.31"
"4,88 : 65.51"
"4,89 : 30.08"
"4,90 : 30.0"
"4,91 : 39.2"
"4,92 : 66.27"
"4,93 : 16.55"
"4,94 : 22.02"
"4,95 : 66.21"
"4,96 : 32.06"
"4,97 : 26.68"
"4,98 : 21.47"
"4,99 : 60.0"
"5,0 : 71.28"
"5,1 : 25.32"
"5,2 : 39.12"
"5,3 : 20.22"
"5,4 : 63.53"
"5,5 : 0.0"
"5,6 : 57.45"
"5,7 : 38.95"
"5,8 : 69.35"
"5,9 : 74.79"
"5,10 : 41.05"
"5,11 : 43.83"
"5,12 : 39.66"
"5,13 : 34.18"
"5,14 : 63.15"
"5,15 : 27.02"
"5,16 : 31.76"
"5,17 : 83.02"
"5,18 : 48.84"
"5,19 : 35.51"
"5,20 : 53.16"
"5,21 : 61.33"
"5,22 : 60.07"
"5,23 : 36.01"
"5,24 : 33.24"
"5,25 : 18.03"
"5,26 : 21.84"
"5,27 : 32.02"
"5,28 : 74.41"
"5,29 : 32.14"
"5,30 : 70.66"
"5,31 : 21.38"
"5,32 : 75.61"
"5,33 : 62.65"
"5,34 : 43.17"
"5,35 : 8.06"
"5,36 : 51.74"
"5,37 : 80.01"
"5,38 : 58.14"
"5,39 : 99.4"
"5,40 : 86.54"
"5,41 : 75.89"
"5,42 : 71.11"
"5,43 : 89.74"
"5,44 : 36.12"
"5,45 : 32.0"
"5,46 : 83.55"
"5,47 : 19.42"
"5,48 : 43.83"
"5,49 : 45.04"
"5,50 : 14.87"
"5,51 : 23.77"
"5,52 : 53.01"
"5,53 : 71.39"
"5,54 : 79.31"
"5,55 : 22.47"
"5,56 : 51.43"
"5,57 : 57.97"
"5,58 : 64.54"
"5,59 : 10.0"
"5,60 : 50.92"
"5,61 : 24.35"
"5,62 : 21.02"
"5,63 : 51.48"
"5,64 : 59.64"
"5,65 : 32.39"
"5,66 : 26.48"
"5,67 : 70.61"
"5,68 : 25.32"
"5,69 : 40.36"
"5,70 : 90.43"
"5,71 : 62.65"
"5,72 : 41.59"
"5,73 : 43.66"
"5,74 : 33.6"
"5,75 : 73.08"
"5,76 : 21.54"
"5,77 : 42.43"
"5,78 : 56.14"
"5,79 : 65.92"
"5,80 : 15.13"
"5,81 : 40.8"
"5,82 : 36.36"
"5,83 : 19.0"
"5,84 : 41.05"
"5,85 : 34.0"
"5,86 : 36.69"
"5,87 : 44.0"
"5,88 : 17.89"
"5,89 : 64.01"
"5,90 : 34.18"
"5,91 : 87.21"
"5,92 : 26.0"
"5,93 : 74.63"
"5,94 : 44.69"
"5,95 : 41.04"
"5,96 : 36.88"
"5,97 : 62.13"
"5,98 : 66.91"
"5,99 : 63.53"
"6,0 : 70.71"
"6,1 : 76.38"
"6,2 : 18.36"
"6,3 : 39.62"
"6,4 : 7.0"
"6,5 : 57.45"
"6,6 : 0.0"
"6,7 : 59.46"
"6,8 : 14.04"
"6,9 : 17.46"
"6,10 : 85.15"
"6,11 : 56.52"
"6,12 : 68.54"
"6,13 : 24.76"
"6,14 : 22.2"
"6,15 : 50.09"
"6,16 : 49.66"
"6,17 : 37.12"
"6,18 : 39.01"
"6,19 : 55.23"
"6,20 : 45.04"
"6,21 : 89.29"
"6,22 : 29.15"
"6,23 : 81.61"
"6,24 : 58.6"
"6,25 : 40.0"
"6,26 : 75.01"
"6,27 : 29.43"
"6,28 : 86.0"
"6,29 : 37.12"
"6,30 : 14.14"
"6,31 : 44.05"
"6,32 : 22.36"
"6,33 : 41.11"
"6,34 : 93.09"
"6,35 : 57.78"
"6,36 : 10.77"
"6,37 : 42.45"
"6,38 : 9.43"
"6,39 : 94.24"
"6,40 : 31.14"
"6,41 : 23.77"
"6,42 : 15.03"
"6,43 : 38.83"
"6,44 : 58.31"
"6,45 : 49.04"
"6,46 : 56.61"
"6,47 : 66.53"
"6,48 : 13.93"
"6,49 : 28.28"
"6,50 : 49.5"
"6,51 : 44.41"
"6,52 : 31.26"
"6,53 : 48.75"
"6,54 : 24.02"
"6,55 : 57.71"
"6,56 : 80.32"
"6,57 : 16.55"
"6,58 : 72.0"
"6,59 : 66.19"
"6,60 : 13.04"
"6,61 : 77.83"
"6,62 : 49.2"
"6,63 : 37.05"
"6,64 : 4.0"
"6,65 : 38.91"
"6,66 : 71.22"
"6,67 : 49.24"
"6,68 : 41.62"
"6,69 : 19.24"
"6,70 : 79.85"
"6,71 : 41.11"
"6,72 : 50.45"
"6,73 : 45.71"
"6,74 : 63.95"
"6,75 : 22.85"
"6,76 : 42.2"
"6,77 : 90.6"
"6,78 : 97.06"
"6,79 : 13.0"
"6,80 : 65.07"
"6,81 : 20.59"
"6,82 : 67.98"
"6,83 : 69.3"
"6,84 : 26.31"
"6,85 : 49.16"
"6,86 : 43.32"
"6,87 : 30.41"
"6,88 : 58.69"
"6,89 : 32.65"
"6,90 : 24.76"
"6,91 : 44.94"
"6,92 : 59.3"
"6,93 : 23.09"
"6,94 : 15.03"
"6,95 : 63.57"
"6,96 : 25.08"
"6,97 : 29.07"
"6,98 : 25.5"
"6,99 : 60.41"
"7,0 : 33.11"
"7,1 : 33.02"
"7,2 : 47.17"
"7,3 : 30.36"
"7,4 : 62.17"
"7,5 : 38.95"
"7,6 : 59.46"
"7,7 : 0.0"
"7,8 : 64.66"
"7,9 : 72.56"
"7,10 : 30.89"
"7,11 : 7.07"
"7,12 : 9.9"
"7,13 : 38.12"
"7,14 : 50.33"
"7,15 : 60.9"
"7,16 : 11.05"
"7,17 : 65.8"
"7,18 : 25.5"
"7,19 : 70.33"
"7,20 : 24.6"
"7,21 : 30.27"
"7,22 : 42.45"
"7,23 : 29.73"
"7,24 : 5.83"
"7,25 : 34.18"
"7,26 : 35.36"
"7,27 : 51.79"
"7,28 : 36.06"
"7,29 : 23.19"
"7,30 : 67.23"
"7,31 : 23.41"
"7,32 : 66.84"
"7,33 : 37.12"
"7,34 : 42.15"
"7,35 : 46.67"
"7,36 : 60.83"
"7,37 : 57.71"
"7,38 : 65.73"
"7,39 : 60.75"
"7,40 : 77.99"
"7,41 : 65.95"
"7,42 : 66.89"
"7,43 : 75.29"
"7,44 : 2.83"
"7,45 : 64.85"
"7,46 : 53.94"
"7,47 : 25.96"
"7,48 : 51.48"
"7,49 : 32.25"
"7,50 : 25.81"
"7,51 : 20.88"
"7,52 : 34.66"
"7,53 : 42.72"
"7,54 : 72.01"
"7,55 : 59.82"
"7,56 : 20.88"
"7,57 : 49.09"
"7,58 : 25.61"
"7,59 : 46.87"
"7,60 : 47.01"
"7,61 : 37.12"
"7,62 : 19.72"
"7,63 : 29.07"
"7,64 : 63.25"
"7,65 : 21.21"
"7,66 : 24.0"
"7,67 : 41.48"
"7,68 : 22.36"
"7,69 : 53.01"
"7,70 : 53.14"
"7,71 : 37.12"
"7,72 : 10.63"
"7,73 : 16.28"
"7,74 : 9.06"
"7,75 : 62.37"
"7,76 : 50.57"
"7,77 : 38.48"
"7,78 : 39.05"
"7,79 : 60.21"
"7,80 : 29.15"
"7,81 : 39.29"
"7,82 : 11.18"
"7,83 : 29.83"
"7,84 : 60.3"
"7,85 : 66.64"
"7,86 : 16.16"
"7,87 : 30.02"
"7,88 : 55.97"
"7,89 : 44.2"
"7,90 : 38.12"
"7,91 : 66.24"
"7,92 : 63.41"
"7,93 : 64.54"
"7,94 : 55.23"
"7,95 : 4.12"
"7,96 : 54.23"
"7,97 : 44.6"
"7,98 : 52.33"
"7,99 : 27.29"
"8,0 : 69.12"
"8,1 : 86.05"
"8,2 : 31.05"
"8,3 : 50.25"
"8,4 : 7.07"
"8,5 : 69.35"
"8,6 : 14.04"
"8,7 : 64.66"
"8,8 : 0.0"
"8,9 : 8.25"
"8,10 : 92.85"
"8,11 : 60.37"
"8,12 : 74.33"
"8,13 : 35.36"
"8,14 : 17.03"
"8,15 : 64.03"
"8,16 : 56.22"
"8,17 : 24.84"
"8,18 : 40.85"
"8,19 : 69.26"
"8,20 : 45.61"
"8,21 : 93.11"
"8,22 : 26.17"
"8,23 : 89.83"
"8,24 : 65.0"
"8,25 : 51.43"
"8,26 : 85.21"
"8,27 : 43.19"
"8,28 : 86.15"
"8,29 : 44.55"
"8,30 : 3.0"
"8,31 : 53.41"
"8,32 : 8.54"
"8,33 : 38.01"
"8,34 : 101.83"
"8,35 : 70.52"
"8,36 : 24.52"
"8,37 : 32.76"
"8,38 : 21.02"
"8,39 : 89.63"
"8,40 : 17.46"
"8,41 : 10.3"
"8,42 : 2.24"
"8,43 : 25.0"
"8,44 : 64.07"
"8,45 : 63.07"
"8,46 : 48.85"
"8,47 : 76.06"
"8,48 : 27.29"
"8,49 : 32.45"
"8,50 : 59.64"
"8,51 : 53.15"
"8,52 : 31.62"
"8,53 : 43.57"
"8,54 : 10.2"
"8,55 : 71.45"
"8,56 : 85.0"
"8,57 : 15.65"
"8,58 : 72.37"
"8,59 : 78.55"
"8,60 : 19.21"
"8,61 : 88.01"
"8,62 : 58.14"
"8,63 : 37.95"
"8,64 : 14.87"
"8,65 : 46.01"
"8,66 : 79.93"
"8,67 : 44.41"
"8,68 : 50.33"
"8,69 : 33.06"
"8,70 : 74.73"
"8,71 : 38.01"
"8,72 : 54.59"
"8,73 : 49.19"
"8,74 : 70.6"
"8,75 : 10.63"
"8,76 : 55.73"
"8,77 : 99.01"
"8,78 : 103.47"
"8,79 : 4.47"
"8,80 : 75.21"
"8,81 : 29.41"
"8,82 : 74.4"
"8,83 : 79.2"
"8,84 : 40.31"
"8,85 : 63.2"
"8,86 : 48.83"
"8,87 : 34.67"
"8,88 : 72.18"
"8,89 : 28.02"
"8,90 : 35.36"
"8,91 : 33.24"
"8,92 : 73.17"
"8,93 : 10.0"
"8,94 : 29.0"
"8,95 : 68.6"
"8,96 : 39.01"
"8,97 : 25.02"
"8,98 : 18.25"
"8,99 : 59.41"
"9,0 : 77.23"
"9,1 : 92.76"
"9,2 : 35.78"
"9,3 : 56.4"
"9,4 : 11.4"
"9,5 : 74.79"
"9,6 : 17.46"
"9,7 : 72.56"
"9,8 : 8.25"
"9,9 : 0.0"
"9,10 : 100.26"
"9,11 : 68.45"
"9,12 : 82.15"
"9,13 : 41.4"
"9,14 : 25.18"
"9,15 : 66.75"
"9,16 : 63.82"
"9,17 : 29.41"
"9,18 : 49.04"
"9,19 : 71.03"
"9,20 : 53.85"
"9,21 : 101.24"
"9,22 : 34.37"
"9,23 : 97.08"
"9,24 : 72.67"
"9,25 : 57.14"
"9,26 : 91.68"
"9,27 : 46.57"
"9,28 : 94.37"
"9,29 : 51.86"
"9,30 : 5.39"
"9,31 : 60.14"
"9,32 : 12.53"
"9,33 : 46.1"
"9,34 : 108.93"
"9,35 : 75.24"
"9,36 : 26.17"
"9,37 : 39.0"
"9,38 : 21.02"
"9,39 : 97.16"
"9,40 : 15.52"
"9,41 : 14.76"
"9,42 : 6.08"
"9,43 : 26.63"
"9,44 : 71.87"
"9,45 : 65.19"
"9,46 : 55.66"
"9,47 : 82.81"
"9,48 : 31.38"
"9,49 : 40.31"
"9,50 : 66.07"
"9,51 : 60.11"
"9,52 : 39.85"
"9,53 : 51.24"
"9,54 : 10.0"
"9,55 : 74.73"
"9,56 : 93.02"
"9,57 : 23.77"
"9,58 : 80.6"
"9,59 : 83.63"
"9,60 : 26.25"
"9,61 : 94.49"
"9,62 : 65.05"
"9,63 : 46.17"
"9,64 : 16.28"
"9,65 : 53.41"
"9,66 : 87.0"
"9,67 : 52.15"
"9,68 : 57.28"
"9,69 : 36.4"
"9,70 : 82.2"
"9,71 : 46.1"
"9,72 : 62.61"
"9,73 : 57.27"
"9,74 : 78.24"
"9,75 : 16.76"
"9,76 : 59.48"
"9,77 : 106.22"
"9,78 : 111.22"
"9,79 : 12.65"
"9,80 : 81.69"
"9,81 : 36.07"
"9,82 : 82.1"
"9,83 : 85.8"
"9,84 : 42.11"
"9,85 : 65.07"
"9,86 : 56.6"
"9,87 : 42.54"
"9,88 : 75.96"
"9,89 : 36.01"
"9,90 : 41.4"
"9,91 : 38.01"
"9,92 : 76.12"
"9,93 : 15.23"
"9,94 : 32.02"
"9,95 : 76.54"
"9,96 : 41.98"
"9,97 : 33.14"
"9,98 : 26.02"
"9,99 : 67.6"
"10,0 : 57.01"
"10,1 : 17.09"
"10,2 : 69.32"
"10,3 : 47.54"
"10,4 : 89.2"
"10,5 : 41.05"
"10,6 : 85.15"
"10,7 : 30.89"
"10,8 : 92.85"
"10,9 : 100.26"
"10,10 : 0.0"
"10,11 : 37.58"
"10,12 : 21.54"
"10,13 : 60.9"
"10,14 : 80.06"
"10,15 : 68.07"
"10,16 : 36.77"
"10,17 : 96.52"
"10,18 : 56.04"
"10,19 : 76.42"
"10,20 : 55.47"
"10,21 : 27.46"
"10,22 : 72.8"
"10,23 : 5.1"
"10,24 : 28.43"
"10,25 : 49.34"
"10,26 : 21.54"
"10,27 : 68.41"
"10,28 : 49.34"
"10,29 : 48.41"
"10,30 : 95.13"
"10,31 : 41.59"
"10,32 : 96.18"
"10,33 : 68.0"
"10,34 : 12.04"
"10,35 : 48.37"
"10,36 : 83.63"
"10,37 : 88.59"
"10,38 : 89.47"
"10,39 : 80.05"
"10,40 : 107.52"
"10,41 : 95.52"
"10,42 : 95.02"
"10,43 : 105.8"
"10,44 : 30.23"
"10,45 : 73.03"
"10,46 : 83.82"
"10,47 : 22.09"
"10,48 : 74.24"
"10,49 : 60.81"
"10,50 : 37.95"
"10,51 : 40.82"
"10,52 : 64.82"
"10,53 : 73.16"
"10,54 : 101.12"
"10,55 : 62.8"
"10,56 : 21.59"
"10,57 : 77.79"
"10,58 : 47.01"
"10,59 : 42.72"
"10,60 : 74.03"
"10,61 : 20.59"
"10,62 : 36.24"
"10,63 : 59.64"
"10,64 : 88.51"
"10,65 : 46.86"
"10,66 : 15.3"
"10,67 : 71.87"
"10,68 : 43.57"
"10,69 : 73.54"
"10,70 : 77.06"
"10,71 : 68.0"
"10,72 : 41.34"
"10,73 : 46.87"
"10,74 : 22.8"
"10,75 : 92.02"
"10,76 : 61.29"
"10,77 : 8.06"
"10,78 : 15.13"
"10,79 : 88.53"
"10,80 : 26.0"
"10,81 : 64.64"
"10,82 : 19.72"
"10,83 : 22.09"
"10,84 : 77.88"
"10,85 : 75.03"
"10,86 : 44.6"
"10,87 : 58.69"
"10,88 : 57.87"
"10,89 : 74.89"
"10,90 : 60.9"
"10,91 : 97.13"
"10,92 : 66.1"
"10,93 : 94.11"
"10,94 : 76.97"
"10,95 : 28.23"
"10,96 : 72.42"
"10,97 : 75.0"
"10,98 : 82.46"
"10,99 : 55.11"
"11,0 : 27.46"
"11,1 : 40.0"
"11,2 : 46.1"
"11,3 : 32.25"
"11,4 : 58.52"
"11,5 : 43.83"
"11,6 : 56.52"
"11,7 : 7.07"
"11,8 : 60.37"
"11,9 : 68.45"
"11,10 : 37.58"
"11,11 : 0.0"
"11,12 : 16.12"
"11,13 : 37.22"
"11,14 : 45.22"
"11,15 : 63.82"
"11,16 : 12.81"
"11,17 : 59.67"
"11,18 : 20.0"
"11,19 : 73.24"
"11,20 : 18.03"
"11,21 : 32.89"
"11,22 : 36.88"
"11,23 : 36.69"
"11,24 : 12.17"
"11,25 : 36.36"
"11,26 : 42.19"
"11,27 : 52.5"
"11,28 : 33.62"
"11,29 : 22.36"
"11,30 : 63.07"
"11,31 : 25.81"
"11,32 : 61.85"
"11,33 : 30.53"
"11,34 : 49.04"
"11,35 : 51.22"
"11,36 : 59.08"
"11,37 : 51.11"
"11,38 : 63.51"
"11,39 : 55.61"
"11,40 : 72.8"
"11,41 : 60.8"
"11,42 : 62.61"
"11,43 : 69.35"
"11,44 : 9.06"
"11,45 : 67.42"
"11,46 : 46.87"
"11,47 : 32.56"
"11,48 : 50.0"
"11,49 : 28.46"
"11,50 : 29.73"
"11,51 : 23.02"
"11,52 : 29.41"
"11,53 : 35.74"
"11,54 : 67.12"
"11,55 : 63.66"
"11,56 : 24.7"
"11,57 : 44.72"
"11,58 : 21.4"
"11,59 : 52.35"
"11,60 : 43.68"
"11,61 : 44.05"
"11,62 : 23.35"
"11,63 : 23.43"
"11,64 : 60.42"
"11,65 : 20.4"
"11,66 : 31.02"
"11,67 : 34.48"
"11,68 : 23.71"
"11,69 : 52.35"
"11,70 : 47.01"
"11,71 : 30.53"
"11,72 : 6.08"
"11,73 : 11.18"
"11,74 : 16.12"
"11,75 : 57.2"
"11,76 : 53.0"
"11,77 : 45.31"
"11,78 : 44.55"
"11,79 : 55.9"
"11,80 : 35.44"
"11,81 : 37.12"
"11,82 : 18.03"
"11,83 : 36.5"
"11,84 : 60.42"
"11,85 : 69.12"
"11,86 : 14.04"
"11,87 : 26.25"
"11,88 : 60.14"
"11,89 : 38.21"
"11,90 : 37.22"
"11,91 : 59.68"
"11,92 : 67.21"
"11,93 : 59.41"
"11,94 : 54.04"
"11,95 : 9.43"
"11,96 : 54.34"
"11,97 : 38.95"
"11,98 : 46.86"
"11,99 : 20.62"
"12,0 : 37.66"
"12,1 : 27.2"
"12,2 : 55.11"
"12,3 : 36.06"
"12,4 : 71.59"
"12,5 : 39.66"
"12,6 : 68.54"
"12,7 : 9.9"
"12,8 : 74.33"
"12,9 : 82.15"
"12,10 : 21.54"
"12,11 : 16.12"
"12,12 : 0.0"
"12,13 : 46.1"
"12,14 : 60.21"
"12,15 : 64.26"
"12,16 : 18.97"
"12,17 : 75.6"
"12,18 : 35.38"
"12,19 : 73.54"
"12,20 : 34.13"
"12,21 : 23.19"
"12,22 : 52.35"
"12,23 : 21.21"
"12,24 : 10.2"
"12,25 : 39.32"
"12,26 : 30.46"
"12,27 : 58.03"
"12,28 : 35.47"
"12,29 : 31.62"
"12,30 : 76.85"
"12,31 : 29.02"
"12,32 : 76.69"
"12,33 : 46.65"
"12,34 : 33.24"
"12,35 : 47.71"
"12,36 : 69.12"
"12,37 : 67.23"
"12,38 : 74.33"
"12,39 : 63.56"
"12,40 : 87.86"
"12,41 : 75.82"
"12,42 : 76.55"
"12,43 : 85.15"
"12,44 : 10.3"
"12,45 : 68.62"
"12,46 : 62.36"
"12,47 : 22.8"
"12,48 : 59.67"
"12,49 : 41.88"
"12,50 : 29.12"
"12,51 : 27.02"
"12,52 : 44.55"
"12,53 : 51.62"
"12,54 : 81.84"
"12,55 : 61.77"
"12,56 : 13.04"
"12,57 : 58.82"
"12,58 : 28.46"
"12,59 : 45.97"
"12,60 : 56.36"
"12,61 : 31.62"
"12,62 : 24.19"
"12,63 : 38.95"
"12,64 : 72.24"
"12,65 : 29.73"
"12,66 : 18.38"
"12,67 : 50.33"
"12,68 : 29.15"
"12,69 : 60.53"
"12,70 : 58.05"
"12,71 : 46.65"
"12,72 : 20.52"
"12,73 : 26.17"
"12,74 : 6.32"
"12,75 : 72.25"
"12,76 : 54.82"
"12,77 : 29.41"
"12,78 : 29.21"
"12,79 : 69.89"
"12,80 : 26.91"
"12,81 : 48.1"
"12,82 : 3.61"
"12,83 : 26.08"
"12,84 : 67.01"
"12,85 : 70.52"
"12,86 : 25.55"
"12,87 : 39.66"
"12,88 : 57.45"
"12,89 : 54.04"
"12,90 : 46.1"
"12,91 : 75.8"
"12,92 : 65.37"
"12,93 : 74.41"
"12,94 : 63.15"
"12,95 : 6.71"
"12,96 : 61.03"
"12,97 : 54.49"
"12,98 : 62.23"
"12,99 : 34.13"
"13,0 : 58.59"
"13,1 : 51.62"
"13,2 : 9.06"
"13,3 : 15.0"
"13,4 : 30.0"
"13,5 : 34.18"
"13,6 : 24.76"
"13,7 : 38.12"
"13,8 : 35.36"
"13,9 : 41.4"
"13,10 : 60.9"
"13,11 : 37.22"
"13,12 : 46.1"
"13,13 : 0.0"
"13,14 : 30.0"
"13,15 : 36.25"
"13,16 : 27.29"
"13,17 : 50.01"
"13,18 : 26.4"
"13,19 : 44.42"
"13,20 : 33.02"
"13,21 : 68.36"
"13,22 : 29.41"
"13,23 : 57.14"
"13,24 : 35.9"
"13,25 : 16.16"
"13,26 : 50.33"
"13,27 : 17.69"
"13,28 : 70.09"
"13,29 : 15.0"
"13,30 : 36.89"
"13,31 : 19.42"
"13,32 : 41.44"
"13,33 : 36.62"
"13,34 : 68.41"
"13,35 : 36.35"
"13,36 : 23.09"
"13,37 : 49.24"
"13,38 : 28.64"
"13,39 : 85.7"
"13,40 : 52.39"
"13,41 : 41.76"
"13,42 : 37.22"
"13,43 : 55.9"
"13,44 : 36.35"
"13,45 : 37.74"
"13,46 : 57.31"
"13,47 : 41.77"
"13,48 : 13.6"
"13,49 : 16.4"
"13,50 : 24.76"
"13,51 : 20.12"
"13,52 : 24.7"
"13,53 : 46.04"
"13,54 : 45.19"
"13,55 : 41.0"
"13,56 : 58.69"
"13,57 : 24.19"
"13,58 : 56.61"
"13,59 : 43.68"
"13,60 : 16.76"
"13,61 : 53.15"
"13,62 : 24.7"
"13,63 : 26.87"
"13,64 : 27.8"
"13,65 : 17.0"
"13,66 : 46.62"
"13,67 : 45.8"
"13,68 : 17.46"
"13,69 : 15.13"
"13,70 : 73.11"
"13,71 : 36.62"
"13,72 : 31.4"
"13,73 : 28.46"
"13,74 : 40.8"
"13,75 : 39.05"
"13,76 : 25.3"
"13,77 : 66.03"
"13,78 : 73.54"
"13,79 : 31.78"
"13,80 : 40.36"
"13,81 : 7.0"
"13,82 : 44.92"
"13,83 : 44.55"
"13,84 : 23.77"
"13,85 : 38.83"
"13,86 : 23.19"
"13,87 : 16.97"
"13,88 : 40.2"
"13,89 : 33.84"
"13,90 : 0.0"
"13,91 : 55.33"
"13,92 : 43.68"
"13,93 : 40.52"
"13,94 : 17.12"
"13,95 : 42.19"
"13,96 : 17.89"
"13,97 : 31.05"
"13,98 : 34.01"
"13,99 : 48.37"
"14,0 : 52.09"
"14,1 : 75.66"
"14,2 : 30.36"
"14,3 : 42.95"
"14,4 : 18.97"
"14,5 : 63.15"
"14,6 : 22.2"
"14,7 : 50.33"
"14,8 : 17.03"
"14,9 : 25.18"
"14,10 : 80.06"
"14,11 : 45.22"
"14,12 : 60.21"
"14,13 : 30.0"
"14,14 : 0.0"
"14,15 : 64.76"
"14,16 : 43.42"
"14,17 : 20.02"
"14,18 : 25.24"
"14,19 : 71.78"
"14,20 : 29.15"
"14,21 : 77.41"
"14,22 : 9.22"
"14,23 : 77.62"
"14,24 : 51.66"
"14,25 : 45.4"
"14,26 : 75.58"
"14,27 : 43.97"
"14,28 : 69.23"
"14,29 : 33.54"
"14,30 : 20.02"
"14,31 : 44.01"
"14,32 : 16.64"
"14,33 : 21.0"
"14,34 : 90.0"
"14,35 : 66.19"
"14,36 : 31.83"
"14,37 : 21.1"
"14,38 : 31.62"
"14,39 : 73.25"
"14,40 : 27.66"
"14,41 : 15.62"
"14,42 : 19.1"
"14,43 : 26.93"
"14,44 : 50.21"
"14,45 : 65.15"
"14,46 : 34.41"
"14,47 : 65.76"
"14,48 : 29.07"
"14,49 : 19.72"
"14,50 : 50.92"
"14,51 : 42.95"
"14,52 : 15.81"
"14,53 : 27.2"
"14,54 : 21.95"
"14,55 : 70.58"
"14,56 : 69.89"
"14,57 : 6.71"
"14,58 : 55.54"
"14,59 : 72.99"
"14,60 : 14.87"
"14,61 : 78.26"
"14,62 : 47.85"
"14,63 : 21.95"
"14,64 : 25.55"
"14,65 : 34.48"
"14,66 : 68.51"
"14,67 : 27.89"
"14,68 : 40.31"
"14,69 : 35.34"
"14,70 : 58.52"
"14,71 : 21.0"
"14,72 : 39.82"
"14,73 : 34.21"
"14,74 : 57.31"
"14,75 : 12.04"
"14,76 : 54.59"
"14,77 : 86.83"
"14,78 : 89.38"
"14,79 : 13.04"
"14,80 : 65.8"
"14,81 : 23.0"
"14,82 : 60.81"
"14,83 : 69.32"
"14,84 : 44.78"
"14,85 : 65.79"
"14,86 : 35.47"
"14,87 : 21.63"
"14,88 : 70.11"
"14,89 : 11.18"
"14,90 : 30.0"
"14,91 : 25.71"
"14,92 : 72.99"
"14,93 : 14.21"
"14,94 : 32.76"
"14,95 : 54.04"
"14,96 : 41.23"
"14,97 : 8.0"
"14,98 : 4.12"
"14,99 : 42.43"
"15,0 : 89.94"
"15,1 : 52.09"
"15,2 : 34.53"
"15,3 : 31.89"
"15,4 : 57.08"
"15,5 : 27.02"
"15,6 : 50.09"
"15,7 : 60.9"
"15,8 : 64.03"
"15,9 : 66.75"
"15,10 : 68.07"
"15,11 : 63.82"
"15,12 : 64.26"
"15,13 : 36.25"
"15,14 : 64.76"
"15,15 : 0.0"
"15,16 : 51.04"
"15,17 : 84.17"
"15,18 : 60.8"
"15,19 : 9.43"
"15,20 : 66.84"
"15,21 : 86.98"
"15,22 : 65.55"
"15,23 : 63.03"
"15,24 : 55.9"
"15,25 : 27.66"
"15,26 : 48.26"
"15,27 : 21.1"
"15,28 : 96.9"
"15,29 : 44.6"
"15,30 : 64.2"
"15,31 : 38.01"
"15,32 : 72.01"
"15,33 : 72.56"
"15,34 : 69.58"
"15,35 : 20.22"
"15,36 : 40.61"
"15,37 : 85.07"
"15,38 : 46.32"
"15,39 : 118.14"
"15,40 : 81.22"
"15,41 : 73.06"
"15,42 : 65.12"
"15,43 : 88.14"
"15,44 : 58.18"
"15,45 : 5.1"
"15,46 : 93.48"
"15,47 : 46.27"
"15,48 : 37.05"
"15,49 : 52.35"
"15,50 : 35.34"
"15,51 : 40.8"
"15,52 : 60.83"
"15,53 : 81.99"
"15,54 : 74.11"
"15,55 : 9.22"
"15,56 : 76.84"
"15,57 : 58.25"
"15,58 : 85.21"
"15,59 : 28.46"
"15,60 : 50.01"
"15,61 : 50.49"
"15,62 : 41.18"
"15,63 : 62.13"
"15,64 : 50.49"
"15,65 : 45.97"
"15,66 : 53.34"
"15,67 : 81.63"
"15,68 : 40.46"
"15,69 : 31.0"
"15,70 : 106.96"
"15,71 : 72.56"
"15,72 : 59.67"
"15,73 : 59.4"
"15,74 : 57.94"
"15,75 : 71.25"
"15,76 : 11.4"
"15,77 : 69.18"
"15,78 : 83.15"
"15,79 : 62.03"
"15,80 : 42.11"
"15,81 : 42.72"
"15,82 : 61.35"
"15,83 : 46.01"
"15,84 : 25.0"
"15,85 : 7.07"
"15,86 : 52.35"
"15,87 : 52.48"
"15,88 : 13.04"
"15,89 : 70.01"
"15,90 : 36.25"
"15,91 : 90.47"
"15,92 : 9.49"
"15,93 : 72.11"
"15,94 : 35.06"
"15,95 : 63.95"
"15,96 : 25.02"
"15,97 : 67.07"
"15,98 : 68.88"
"15,99 : 80.61"
"16,0 : 39.82"
"16,1 : 33.53"
"16,2 : 36.35"
"16,3 : 19.7"
"16,4 : 53.0"
"16,5 : 31.76"
"16,6 : 49.66"
"16,7 : 11.05"
"16,8 : 56.22"
"16,9 : 63.82"
"16,10 : 36.77"
"16,11 : 12.81"
"16,12 : 18.97"
"16,13 : 27.29"
"16,14 : 43.42"
"16,15 : 51.04"
"16,16 : 0.0"
"16,17 : 60.83"
"16,18 : 20.88"
"16,19 : 60.46"
"16,20 : 23.0"
"16,21 : 41.11"
"16,22 : 36.72"
"16,23 : 34.21"
"16,24 : 8.94"
"16,25 : 23.71"
"16,26 : 34.53"
"16,27 : 40.79"
"16,28 : 46.07"
"16,29 : 12.65"
"16,30 : 58.6"
"16,31 : 13.04"
"16,32 : 59.41"
"16,33 : 34.53"
"16,34 : 46.62"
"16,35 : 38.83"
"16,36 : 50.22"
"16,37 : 54.41"
"16,38 : 55.36"
"16,39 : 68.12"
"16,40 : 70.77"
"16,41 : 58.8"
"16,42 : 58.41"
"16,43 : 69.64"
"16,44 : 9.06"
"16,45 : 54.71"
"16,46 : 54.01"
"16,47 : 24.33"
"16,48 : 40.79"
"16,49 : 24.04"
"16,50 : 17.2"
"16,51 : 10.3"
"16,52 : 28.65"
"16,53 : 42.01"
"16,54 : 64.35"
"16,55 : 50.91"
"16,56 : 31.4"
"16,57 : 41.04"
"16,58 : 34.21"
"16,59 : 40.85"
"16,60 : 37.74"
"16,61 : 36.88"
"16,62 : 10.82"
"16,63 : 24.35"
"16,64 : 53.31"
"16,65 : 10.77"
"16,66 : 25.5"
"16,67 : 41.0"
"16,68 : 11.4"
"16,69 : 42.05"
"16,70 : 58.67"
"16,71 : 34.53"
"16,72 : 9.85"
"16,73 : 13.0"
"16,74 : 14.42"
"16,75 : 55.32"
"16,76 : 40.31"
"16,77 : 43.42"
"16,78 : 47.51"
"16,79 : 51.86"
"16,80 : 26.0"
"16,81 : 29.15"
"16,82 : 18.36"
"16,83 : 28.28"
"16,84 : 49.25"
"16,85 : 56.44"
"16,86 : 8.06"
"16,87 : 21.93"
"16,88 : 47.51"
"16,89 : 39.4"
"16,90 : 27.29"
"16,91 : 62.63"
"16,92 : 54.45"
"16,93 : 57.38"
"16,94 : 44.41"
"16,95 : 15.0"
"16,96 : 43.19"
"16,97 : 38.95"
"16,98 : 46.04"
"16,99 : 31.76"
"17,0 : 57.78"
"17,1 : 94.02"
"17,2 : 49.65"
"17,3 : 62.8"
"17,4 : 31.06"
"17,5 : 83.02"
"17,6 : 37.12"
"17,7 : 65.8"
"17,8 : 24.84"
"17,9 : 29.41"
"17,10 : 96.52"
"17,11 : 59.67"
"17,12 : 75.6"
"17,13 : 50.01"
"17,14 : 20.02"
"17,15 : 84.17"
"17,16 : 60.83"
"17,17 : 0.0"
"17,18 : 40.5"
"17,19 : 90.71"
"17,20 : 41.77"
"17,21 : 89.5"
"17,22 : 24.17"
"17,23 : 94.67"
"17,24 : 68.26"
"17,25 : 65.38"
"17,26 : 94.34"
"17,27 : 63.15"
"17,28 : 76.49"
"17,29 : 52.5"
"17,30 : 26.87"
"17,31 : 63.32"
"17,32 : 17.03"
"17,33 : 29.73"
"17,34 : 107.19"
"17,35 : 86.21"
"17,36 : 47.85"
"17,37 : 12.17"
"17,38 : 45.49"
"17,39 : 72.03"
"17,40 : 20.1"
"17,41 : 14.87"
"17,42 : 25.46"
"17,43 : 10.3"
"17,44 : 66.29"
"17,45 : 84.17"
"17,46 : 29.0"
"17,47 : 84.31"
"17,48 : 47.54"
"17,49 : 38.6"
"17,50 : 70.34"
"17,51 : 61.98"
"17,52 : 32.2"
"17,53 : 29.55"
"17,54 : 20.12"
"17,55 : 90.35"
"17,56 : 83.44"
"17,57 : 26.08"
"17,58 : 64.14"
"17,59 : 92.91"
"17,60 : 34.23"
"17,61 : 96.93"
"17,62 : 66.73"
"17,63 : 36.89"
"17,64 : 39.12"
"17,65 : 53.14"
"17,66 : 86.31"
"17,67 : 30.87"
"17,68 : 59.48"
"17,69 : 53.85"
"17,70 : 57.08"
"17,71 : 29.73"
"17,72 : 55.22"
"17,73 : 49.65"
"17,74 : 73.78"
"17,75 : 14.42"
"17,76 : 74.33"
"17,77 : 103.77"
"17,78 : 104.14"
"17,79 : 24.19"
"17,80 : 84.76"
"17,81 : 43.01"
"17,82 : 76.84"
"17,83 : 88.02"
"17,84 : 62.63"
"17,85 : 84.65"
"17,86 : 52.77"
"17,87 : 40.16"
"17,88 : 90.05"
"17,89 : 21.63"
"17,90 : 50.01"
"17,91 : 8.6"
"17,92 : 92.66"
"17,93 : 14.87"
"17,94 : 50.6"
"17,95 : 69.03"
"17,96 : 59.91"
"17,97 : 21.93"
"17,98 : 16.12"
"17,99 : 50.25"
"18,0 : 32.89"
"18,1 : 54.41"
"18,2 : 33.54"
"18,3 : 30.46"
"18,4 : 39.81"
"18,5 : 48.84"
"18,6 : 39.01"
"18,7 : 25.5"
"18,8 : 40.85"
"18,9 : 49.04"
"18,10 : 56.04"
"18,11 : 20.0"
"18,12 : 35.38"
"18,13 : 26.4"
"18,14 : 25.24"
"18,15 : 60.8"
"18,16 : 20.88"
"18,17 : 40.5"
"18,18 : 0.0"
"18,19 : 69.66"
"18,20 : 6.71"
"18,21 : 52.33"
"18,22 : 16.97"
"18,23 : 54.2"
"18,24 : 27.78"
"18,25 : 34.44"
"18,26 : 55.32"
"18,27 : 44.05"
"18,28 : 47.01"
"18,29 : 17.09"
"18,30 : 43.66"
"18,31 : 27.46"
"18,32 : 41.88"
"18,33 : 14.0"
"18,34 : 66.73"
"18,35 : 54.41"
"18,36 : 43.93"
"18,37 : 33.53"
"18,38 : 47.17"
"18,39 : 59.36"
"18,40 : 52.8"
"18,41 : 40.8"
"18,42 : 43.08"
"18,43 : 49.82"
"18,44 : 25.81"
"18,45 : 63.13"
"18,46 : 34.71"
"18,47 : 45.12"
"18,48 : 36.06"
"18,49 : 11.4"
"18,50 : 34.23"
"18,51 : 25.18"
"18,52 : 9.43"
"18,53 : 22.56"
"18,54 : 47.17"
"18,55 : 63.53"
"18,56 : 44.65"
"18,57 : 25.3"
"18,58 : 33.02"
"18,59 : 58.69"
"18,60 : 26.0"
"18,61 : 57.72"
"18,62 : 29.0"
"18,63 : 3.61"
"18,64 : 43.01"
"18,65 : 16.49"
"18,66 : 46.24"
"18,67 : 21.84"
"18,68 : 23.54"
"18,69 : 40.25"
"18,70 : 46.75"
"18,71 : 14.0"
"18,72 : 14.87"
"18,73 : 9.22"
"18,74 : 33.29"
"18,75 : 37.2"
"18,76 : 49.41"
"18,77 : 63.29"
"18,78 : 64.38"
"18,79 : 36.4"
"18,80 : 46.39"
"18,81 : 22.85"
"18,82 : 36.4"
"18,83 : 49.03"
"18,84 : 49.74"
"18,85 : 64.44"
"18,86 : 13.15"
"18,87 : 9.85"
"18,88 : 61.33"
"18,89 : 18.87"
"18,90 : 26.4"
"18,91 : 41.79"
"18,92 : 66.73"
"18,93 : 39.41"
"18,94 : 40.5"
"18,95 : 29.0"
"18,96 : 44.1"
"18,97 : 19.1"
"18,98 : 26.91"
"18,99 : 22.47"
"19,0 : 99.25"
"19,1 : 60.03"
"19,2 : 41.44"
"19,3 : 41.23"
"19,4 : 62.2"
"19,5 : 35.51"
"19,6 : 55.23"
"19,7 : 70.33"
"19,8 : 69.26"
"19,9 : 71.03"
"19,10 : 76.42"
"19,11 : 73.24"
"19,12 : 73.54"
"19,13 : 44.42"
"19,14 : 71.78"
"19,15 : 9.43"
"19,16 : 60.46"
"19,17 : 90.71"
"19,18 : 69.66"
"19,19 : 0.0"
"19,20 : 75.82"
"19,21 : 96.14"
"19,22 : 73.35"
"19,23 : 71.34"
"19,24 : 65.3"
"19,25 : 37.01"
"19,26 : 56.0"
"19,27 : 27.86"
"19,28 : 106.33"
"19,29 : 53.74"
"19,30 : 69.07"
"19,31 : 47.43"
"19,32 : 77.52"
"19,33 : 80.99"
"19,34 : 77.1"
"19,35 : 28.07"
"19,36 : 45.01"
"19,37 : 92.48"
"19,38 : 50.09"
"19,39 : 127.4"
"19,40 : 86.02"
"19,41 : 78.77"
"19,42 : 70.11"
"19,43 : 93.9"
"19,44 : 67.6"
"19,45 : 6.71"
"19,46 : 101.71"
"19,47 : 54.92"
"19,48 : 43.17"
"19,49 : 60.75"
"19,50 : 44.72"
"19,51 : 50.22"
"19,52 : 69.12"
"19,53 : 90.43"
"19,54 : 79.1"
"19,55 : 14.14"
"19,56 : 86.03"
"19,57 : 65.15"
"19,58 : 94.63"
"19,59 : 35.23"
"19,60 : 56.92"
"19,61 : 58.03"
"19,62 : 50.61"
"19,63 : 70.8"
"19,64 : 55.01"
"19,65 : 55.17"
"19,66 : 61.98"
"19,67 : 90.14"
"19,68 : 49.82"
"19,69 : 36.88"
"19,70 : 116.04"
"19,71 : 80.99"
"19,72 : 69.03"
"19,73 : 68.62"
"19,74 : 67.23"
"19,75 : 77.28"
"19,76 : 20.52"
"19,77 : 77.0"
"19,78 : 91.55"
"19,79 : 67.74"
"19,80 : 50.64"
"19,81 : 50.54"
"19,82 : 70.58"
"19,83 : 54.33"
"19,84 : 29.02"
"19,85 : 6.08"
"19,86 : 61.62"
"19,87 : 61.03"
"19,88 : 19.1"
"19,89 : 77.82"
"19,90 : 44.42"
"19,91 : 97.42"
"19,92 : 11.7"
"19,93 : 77.93"
"19,94 : 40.45"
"19,95 : 73.36"
"19,96 : 30.81"
"19,97 : 74.73"
"19,98 : 75.89"
"19,99 : 89.83"
"20,0 : 26.25"
"20,1 : 55.9"
"20,2 : 40.25"
"20,3 : 35.85"
"20,4 : 45.28"
"20,5 : 53.16"
"20,6 : 45.04"
"20,7 : 24.6"
"20,8 : 45.61"
"20,9 : 53.85"
"20,10 : 55.47"
"20,11 : 18.03"
"20,12 : 34.13"
"20,13 : 33.02"
"20,14 : 29.15"
"20,15 : 66.84"
"20,16 : 23.0"
"20,17 : 41.77"
"20,18 : 6.71"
"20,19 : 75.82"
"20,20 : 0.0"
"20,21 : 48.55"
"20,22 : 20.12"
"20,23 : 54.23"
"20,24 : 28.16"
"20,25 : 39.96"
"20,26 : 57.31"
"20,27 : 50.61"
"20,28 : 41.05"
"20,29 : 22.47"
"20,30 : 48.51"
"20,31 : 31.95"
"20,32 : 45.62"
"20,33 : 12.53"
"20,34 : 66.71"
"20,35 : 59.24"
"20,36 : 50.45"
"20,37 : 33.12"
"20,38 : 53.46"
"20,39 : 52.7"
"20,40 : 56.08"
"20,41 : 44.29"
"20,42 : 47.8"
"20,43 : 51.62"
"20,44 : 25.63"
"20,45 : 69.35"
"20,46 : 31.02"
"20,47 : 47.17"
"20,48 : 42.72"
"20,49 : 18.03"
"20,50 : 38.33"
"20,51 : 29.41"
"20,52 : 14.14"
"20,53 : 19.03"
"20,54 : 50.99"
"20,55 : 69.12"
"20,56 : 41.77"
"20,57 : 30.41"
"20,58 : 27.07"
"20,59 : 62.82"
"20,60 : 32.14"
"20,61 : 59.54"
"20,62 : 32.56"
"20,63 : 8.0"
"20,64 : 49.04"
"20,65 : 21.47"
"20,66 : 47.3"
"20,67 : 18.0"
"20,68 : 28.23"
"20,69 : 46.96"
"20,70 : 40.31"
"20,71 : 12.53"
"20,72 : 14.56"
"20,73 : 10.0"
"20,74 : 33.24"
"20,75 : 40.71"
"20,76 : 55.44"
"20,77 : 63.07"
"20,78 : 62.37"
"20,79 : 41.23"
"20,80 : 49.0"
"20,81 : 29.55"
"20,82 : 35.78"
"20,83 : 51.16"
"20,84 : 56.44"
"20,85 : 70.72"
"20,86 : 16.49"
"20,87 : 16.55"
"20,88 : 66.65"
"20,89 : 20.62"
"20,90 : 33.02"
"20,91 : 41.68"
"20,92 : 72.4"
"20,93 : 42.94"
"20,94 : 47.17"
"20,95 : 27.46"
"20,96 : 50.77"
"20,97 : 21.95"
"20,98 : 30.02"
"20,99 : 15.81"
"21,0 : 37.58"
"21,1 : 42.45"
"21,2 : 77.41"
"21,3 : 59.21"
"21,4 : 91.42"
"21,5 : 61.33"
"21,6 : 89.29"
"21,7 : 30.27"
"21,8 : 93.11"
"21,9 : 101.24"
"21,10 : 27.46"
"21,11 : 32.89"
"21,12 : 23.19"
"21,13 : 68.36"
"21,14 : 77.41"
"21,15 : 86.98"
"21,16 : 41.11"
"21,17 : 89.5"
"21,18 : 52.33"
"21,19 : 96.14"
"21,20 : 48.55"
"21,21 : 0.0"
"21,22 : 68.6"
"21,23 : 31.24"
"21,24 : 33.02"
"21,25 : 62.51"
"21,26 : 46.75"
"21,27 : 81.15"
"21,28 : 24.0"
"21,29 : 53.46"
"21,30 : 95.85"
"21,31 : 52.15"
"21,32 : 94.02"
"21,33 : 59.82"
"21,34 : 37.7"
"21,35 : 69.35"
"21,36 : 91.08"
"21,37 : 79.21"
"21,38 : 95.9"
"21,39 : 55.08"
"21,40 : 104.62"
"21,41 : 92.78"
"21,42 : 95.34"
"21,43 : 99.64"
"21,44 : 32.06"
"21,45 : 91.48"
"21,46 : 69.63"
"21,47 : 42.54"
"21,48 : 81.74"
"21,49 : 61.35"
"21,50 : 52.17"
"21,51 : 50.04"
"21,52 : 61.72"
"21,53 : 61.55"
"21,54 : 99.36"
"21,55 : 83.77"
"21,56 : 10.2"
"21,57 : 77.47"
"21,58 : 27.78"
"21,59 : 66.04"
"21,60 : 76.54"
"21,61 : 46.67"
"21,62 : 47.38"
"21,63 : 55.47"
"21,64 : 93.15"
"21,65 : 51.48"
"21,66 : 36.06"
"21,67 : 60.14"
"21,68 : 52.0"
"21,69 : 83.15"
"21,70 : 55.32"
"21,71 : 59.82"
"21,72 : 38.9"
"21,73 : 44.01"
"21,74 : 29.43"
"21,75 : 89.19"
"21,76 : 77.88"
"21,77 : 34.01"
"21,78 : 21.0"
"21,79 : 88.64"
"21,80 : 47.01"
"21,81 : 69.43"
"21,82 : 25.71"
"21,83 : 44.65"
"21,84 : 90.02"
"21,85 : 93.41"
"21,86 : 46.1"
"21,87 : 59.14"
"21,88 : 79.2"
"21,89 : 69.07"
"21,90 : 68.36"
"21,91 : 87.68"
"21,92 : 87.32"
"21,93 : 91.42"
"21,94 : 85.48"
"21,95 : 26.17"
"21,96 : 84.01"
"21,97 : 70.49"
"21,98 : 78.55"
"21,99 : 40.46"
"22,0 : 43.01"
"22,1 : 69.86"
"22,2 : 32.45"
"22,3 : 40.0"
"22,4 : 27.29"
"22,5 : 60.07"
"22,6 : 29.15"
"22,7 : 42.45"
"22,8 : 26.17"
"22,9 : 34.37"
"22,10 : 72.8"
"22,11 : 36.88"
"22,12 : 52.35"
"22,13 : 29.41"
"22,14 : 9.22"
"22,15 : 65.55"
"22,16 : 36.72"
"22,17 : 24.17"
"22,18 : 16.97"
"22,19 : 73.35"
"22,20 : 20.12"
"22,21 : 68.6"
"22,22 : 0.0"
"22,23 : 70.72"
"22,24 : 44.41"
"22,25 : 43.1"
"22,26 : 70.23"
"22,27 : 45.65"
"22,28 : 60.02"
"22,29 : 28.64"
"22,30 : 29.15"
"22,31 : 39.62"
"22,32 : 25.5"
"22,33 : 12.17"
"22,34 : 83.22"
"22,35 : 64.12"
"22,36 : 37.44"
"22,37 : 20.1"
"22,38 : 38.48"
"22,39 : 65.15"
"22,40 : 36.06"
"22,41 : 24.19"
"22,42 : 28.28"
"22,43 : 33.02"
"22,44 : 42.64"
"22,45 : 66.64"
"22,46 : 29.07"
"22,47 : 60.17"
"22,48 : 32.56"
"22,49 : 15.03"
"22,50 : 46.69"
"22,51 : 38.08"
"22,52 : 8.06"
"22,53 : 19.72"
"22,54 : 30.87"
"22,55 : 70.34"
"22,56 : 61.4"
"22,57 : 12.65"
"22,58 : 46.32"
"22,59 : 70.06"
"22,60 : 18.44"
"22,61 : 72.8"
"22,62 : 42.72"
"22,63 : 13.45"
"22,64 : 32.89"
"22,65 : 29.12"
"22,66 : 62.18"
"22,67 : 20.12"
"22,68 : 35.69"
"22,69 : 38.42"
"22,70 : 50.7"
"22,71 : 12.17"
"22,72 : 31.83"
"22,73 : 26.17"
"22,74 : 50.0"
"22,75 : 20.59"
"22,76 : 54.71"
"22,77 : 79.88"
"22,78 : 81.34"
"22,79 : 22.02"
"22,80 : 60.73"
"22,81 : 22.85"
"22,82 : 53.26"
"22,83 : 63.91"
"22,84 : 48.27"
"22,85 : 67.54"
"22,86 : 28.65"
"22,87 : 16.28"
"22,88 : 69.23"
"22,89 : 4.47"
"22,90 : 29.41"
"22,91 : 27.17"
"22,92 : 73.08"
"22,93 : 22.83"
"22,94 : 36.77"
"22,95 : 45.97"
"22,96 : 43.83"
"22,97 : 2.24"
"22,98 : 10.0"
"22,99 : 33.24"
"23,0 : 58.14"
"23,1 : 12.08"
"23,2 : 65.37"
"23,3 : 43.38"
"23,4 : 85.91"
"23,5 : 36.01"
"23,6 : 81.61"
"23,7 : 29.73"
"23,8 : 89.83"
"23,9 : 97.08"
"23,10 : 5.1"
"23,11 : 36.69"
"23,12 : 21.21"
"23,13 : 57.14"
"23,14 : 77.62"
"23,15 : 63.03"
"23,16 : 34.21"
"23,17 : 94.67"
"23,18 : 54.2"
"23,19 : 71.34"
"23,20 : 54.23"
"23,21 : 31.24"
"23,22 : 70.72"
"23,23 : 0.0"
"23,24 : 26.42"
"23,25 : 44.94"
"23,26 : 16.55"
"23,27 : 63.89"
"23,28 : 52.0"
"23,29 : 45.28"
"23,30 : 92.02"
"23,31 : 37.74"
"23,32 : 93.51"
"23,33 : 66.71"
"23,34 : 12.53"
"23,35 : 43.29"
"23,36 : 79.65"
"23,37 : 87.24"
"23,38 : 85.59"
"23,39 : 82.28"
"23,40 : 104.89"
"23,41 : 92.96"
"23,42 : 91.97"
"23,43 : 103.73"
"23,44 : 28.64"
"23,45 : 68.01"
"23,46 : 83.43"
"23,47 : 17.26"
"23,48 : 70.33"
"23,49 : 58.14"
"23,50 : 33.62"
"23,51 : 37.2"
"23,52 : 62.68"
"23,53 : 72.42"
"23,54 : 98.35"
"23,55 : 57.71"
"23,56 : 24.17"
"23,57 : 75.01"
"23,58 : 48.37"
"23,59 : 37.64"
"23,60 : 70.84"
"23,61 : 15.81"
"23,62 : 32.45"
"23,63 : 57.8"
"23,64 : 84.88"
"23,65 : 43.84"
"23,66 : 10.77"
"23,67 : 71.17"
"23,68 : 40.0"
"23,69 : 69.35"
"23,70 : 78.41"
"23,71 : 66.71"
"23,72 : 39.81"
"23,73 : 45.18"
"23,74 : 21.02"
"23,75 : 89.5"
"23,76 : 56.44"
"23,77 : 9.22"
"23,78 : 20.22"
"23,79 : 85.56"
"23,80 : 21.02"
"23,81 : 61.22"
"23,82 : 18.68"
"23,83 : 17.03"
"23,84 : 73.38"
"23,85 : 70.01"
"23,86 : 42.2"
"23,87 : 56.08"
"23,88 : 52.77"
"23,89 : 73.06"
"23,90 : 57.14"
"23,91 : 95.71"
"23,92 : 61.0"
"23,93 : 91.55"
"23,94 : 72.9"
"23,95 : 27.66"
"23,96 : 68.01"
"23,97 : 72.95"
"23,98 : 80.21"
"23,99 : 55.33"
"24,0 : 38.91"
"24,1 : 28.07"
"24,2 : 44.91"
"24,3 : 26.31"
"24,4 : 61.91"
"24,5 : 33.24"
"24,6 : 58.6"
"24,7 : 5.83"
"24,8 : 65.0"
"24,9 : 72.67"
"24,10 : 28.43"
"24,11 : 12.17"
"24,12 : 10.2"
"24,13 : 35.9"
"24,14 : 51.66"
"24,15 : 55.9"
"24,16 : 8.94"
"24,17 : 68.26"
"24,18 : 27.78"
"24,19 : 65.3"
"24,20 : 28.16"
"24,21 : 33.02"
"24,22 : 44.41"
"24,23 : 26.42"
"24,24 : 0.0"
"24,25 : 29.83"
"24,26 : 30.07"
"24,27 : 48.17"
"24,28 : 41.4"
"24,29 : 21.54"
"24,30 : 67.42"
"24,31 : 19.24"
"24,32 : 67.9"
"24,33 : 40.5"
"24,34 : 38.95"
"24,35 : 41.04"
"24,36 : 58.94"
"24,37 : 60.93"
"24,38 : 64.2"
"24,39 : 66.57"
"24,40 : 79.2"
"24,41 : 67.18"
"24,42 : 67.2"
"24,43 : 77.42"
"24,44 : 3.16"
"24,45 : 60.01"
"24,46 : 58.42"
"24,47 : 20.4"
"24,48 : 49.48"
"24,49 : 32.65"
"24,50 : 20.59"
"24,51 : 17.03"
"24,52 : 36.4"
"24,53 : 46.87"
"24,54 : 72.92"
"24,55 : 54.41"
"24,56 : 23.02"
"24,57 : 49.68"
"24,58 : 31.4"
"24,59 : 41.05"
"24,60 : 46.65"
"24,61 : 32.0"
"24,62 : 14.87"
"24,63 : 31.38"
"24,64 : 62.24"
"24,65 : 19.7"
"24,66 : 19.24"
"24,67 : 45.71"
"24,68 : 19.03"
"24,69 : 50.36"
"24,70 : 58.87"
"24,71 : 40.5"
"24,72 : 13.6"
"24,73 : 18.79"
"24,74 : 5.66"
"24,75 : 63.66"
"24,76 : 45.88"
"24,77 : 35.51"
"24,78 : 38.59"
"24,79 : 60.61"
"24,80 : 23.41"
"24,81 : 38.08"
"24,82 : 9.43"
"24,83 : 24.33"
"24,84 : 57.01"
"24,85 : 61.85"
"24,86 : 16.28"
"24,87 : 30.48"
"24,88 : 50.45"
"24,89 : 46.65"
"24,90 : 35.9"
"24,91 : 69.35"
"24,92 : 58.01"
"24,93 : 65.76"
"24,94 : 52.95"
"24,95 : 8.06"
"24,96 : 51.0"
"24,97 : 46.62"
"24,98 : 54.04"
"24,99 : 32.76"
"25,0 : 62.29"
"25,1 : 37.44"
"25,2 : 21.93"
"25,3 : 4.24"
"25,4 : 45.79"
"25,5 : 18.03"
"25,6 : 40.0"
"25,7 : 34.18"
"25,8 : 51.43"
"25,9 : 57.14"
"25,10 : 49.34"
"25,11 : 36.36"
"25,12 : 39.32"
"25,13 : 16.16"
"25,14 : 45.4"
"25,15 : 27.66"
"25,16 : 23.71"
"25,17 : 65.38"
"25,18 : 34.44"
"25,19 : 37.01"
"25,20 : 39.96"
"25,21 : 62.51"
"25,22 : 43.1"
"25,23 : 44.94"
"25,24 : 29.83"
"25,25 : 0.0"
"25,26 : 35.47"
"25,27 : 19.24"
"25,28 : 69.77"
"25,29 : 17.49"
"25,30 : 52.84"
"25,31 : 10.77"
"25,32 : 57.58"
"25,33 : 47.43"
"25,34 : 55.07"
"25,35 : 21.02"
"25,36 : 35.61"
"25,37 : 63.2"
"25,38 : 41.87"
"25,39 : 90.52"
"25,40 : 68.54"
"25,41 : 57.87"
"25,42 : 53.24"
"25,43 : 71.81"
"25,44 : 31.62"
"25,45 : 31.06"
"25,46 : 68.62"
"25,47 : 28.18"
"25,48 : 26.87"
"25,49 : 28.28"
"25,50 : 11.4"
"25,51 : 13.42"
"25,52 : 36.67"
"25,53 : 56.65"
"25,54 : 61.33"
"25,55 : 29.15"
"25,56 : 52.35"
"25,57 : 40.02"
"25,58 : 57.69"
"25,59 : 27.66"
"25,60 : 32.89"
"25,61 : 38.29"
"25,62 : 15.13"
"25,63 : 36.4"
"25,64 : 42.52"
"25,65 : 18.6"
"25,66 : 34.18"
"25,67 : 56.08"
"25,68 : 12.81"
"25,69 : 24.7"
