x,y
81,65
49,45
88,56
69,89
83,51
3,48
16,98
75,51
78,75
56,35
8,85
9,94
37,10
28,55
16,42
22,74
94,75
14,71
43,43
5,22
14,55
25,74
97,23
63,59
64,1
47,56
86,17
19,4
71,35
16,59
28,49
62,8
92,29
52,53
92,0
38,17
29,88
48,95
69,14
62,5
4,73
58,38
7,86
93,66
60,91
96,13
88,11
79,58
69,66
52,95
83,81
24,6
13,55
87,34
90,60
15,18
2,2
95,67
95,46
4,5
64,63
29,23
86,55
65,86
88,10
37,55
80,61
22,23
32,7
29,1
41,13
97,88
20,97
51,50
76,60
75,3
87,50
31,64
1,91
41,99
22,42
1,69
49,19
80,48
74,82
89,11
70,98
2,23
28,48
99,91
10,38
96,23
7,68
41,74
38,29
72,14
6,31
100,27
10,31
64,48

Distanze
"0,0 : 0.0"
"0,1 : 20.1"
"0,2 : 45.22"
"0,3 : 14.56"
"0,4 : 43.01"
"0,5 : 15.3"
"0,6 : 38.48"
"0,7 : 24.19"
"0,8 : 38.21"
"0,9 : 34.37"
"0,10 : 23.41"
"0,11 : 12.53"
"0,12 : 14.14"
"0,13 : 89.05"
"0,14 : 44.05"
"0,15 : 67.47"
"0,16 : 82.28"
"0,17 : 80.72"
"0,18 : 55.44"
"0,19 : 96.18"
"0,20 : 44.1"
"0,21 : 46.69"
"0,22 : 72.62"
"0,23 : 14.42"
"0,24 : 80.62"
"0,25 : 60.03"
"0,26 : 59.82"
"0,27 : 9.9"
"0,28 : 45.35"
"0,29 : 77.1"
"0,30 : 12.81"
"0,31 : 39.05"
"0,32 : 79.12"
"0,33 : 52.55"
"0,34 : 14.14"
"0,35 : 93.11"
"0,36 : 90.05"
"0,37 : 57.78"
"0,38 : 23.85"
"0,39 : 66.07"
"0,40 : 67.12"
"0,41 : 28.64"
"0,42 : 40.46"
"0,43 : 39.05"
"0,44 : 27.31"
"0,45 : 81.41"
"0,46 : 68.31"
"0,47 : 50.49"
"0,48 : 69.35"
"0,49 : 48.17"
"0,50 : 60.01"
"0,51 : 65.8"
"0,52 : 33.96"
"0,53 : 58.82"
"0,54 : 42.01"
"0,55 : 81.57"
"0,56 : 85.91"
"0,57 : 21.02"
"0,58 : 39.62"
"0,59 : 64.85"
"0,60 : 34.48"
"0,61 : 62.29"
"0,62 : 32.39"
"0,63 : 36.77"
"0,64 : 65.76"
"0,65 : 88.84"
"0,66 : 71.17"
"0,67 : 25.71"
"0,68 : 34.06"
"0,69 : 60.88"
"0,70 : 42.2"
"0,71 : 45.18"
"0,72 : 55.97"
"0,73 : 36.35"
"0,74 : 15.81"
"0,75 : 76.69"
"0,76 : 43.93"
"0,77 : 76.11"
"0,78 : 25.94"
"0,79 : 71.17"
"0,80 : 51.4"
"0,81 : 48.51"
"0,82 : 66.6"
"0,83 : 10.3"
"0,84 : 48.92"
"0,85 : 14.42"
"0,86 : 38.21"
"0,87 : 66.01"
"0,88 : 24.19"
"0,89 : 32.89"
"0,90 : 27.73"
"0,91 : 71.17"
"0,92 : 62.94"
"0,93 : 55.8"
"0,94 : 78.26"
"0,95 : 72.03"
"0,96 : 76.97"
"0,97 : 16.12"
"0,98 : 19.24"
"0,99 : 77.01"
"1,0 : 20.1"
"1,1 : 0.0"
"1,2 : 56.4"
"1,3 : 22.63"
"1,4 : 51.09"
"1,5 : 26.42"
"1,6 : 37.22"
"1,7 : 14.04"
"1,8 : 25.3"
"1,9 : 15.65"
"1,10 : 10.2"
"1,11 : 12.04"
"1,12 : 21.63"
"1,13 : 70.33"
"1,14 : 33.11"
"1,15 : 48.7"
"1,16 : 64.08"
"1,17 : 68.82"
"1,18 : 35.36"
"1,19 : 80.21"
"1,20 : 35.23"
"1,21 : 27.86"
"1,22 : 56.73"
"1,23 : 10.0"
"1,24 : 65.3"
"1,25 : 42.52"
"1,26 : 51.87"
"1,27 : 15.81"
"1,28 : 52.2"
"1,29 : 65.73"
"1,30 : 29.12"
"1,31 : 46.53"
"1,32 : 59.46"
"1,33 : 51.01"
"1,34 : 6.0"
"1,35 : 76.32"
"1,36 : 74.65"
"1,37 : 41.4"
"1,38 : 19.31"
"1,39 : 50.61"
"1,40 : 48.55"
"1,41 : 8.94"
"1,42 : 26.4"
"1,43 : 41.48"
"1,44 : 41.11"
"1,45 : 65.6"
"1,46 : 48.85"
"1,47 : 53.6"
"1,48 : 53.91"
"1,49 : 39.85"
"1,50 : 40.11"
"1,51 : 51.31"
"1,52 : 16.4"
"1,53 : 41.18"
"1,54 : 30.87"
"1,55 : 69.2"
"1,56 : 67.23"
"1,57 : 35.81"
"1,58 : 19.65"
"1,59 : 47.51"
"1,60 : 32.57"
"1,61 : 51.11"
"1,62 : 37.16"
"1,63 : 24.74"
"1,64 : 47.8"
"1,65 : 73.76"
"1,66 : 53.71"
"1,67 : 26.93"
"1,68 : 42.19"
"1,69 : 51.48"
"1,70 : 32.39"
"1,71 : 49.24"
"1,72 : 47.17"
"1,73 : 45.49"
"1,74 : 30.23"
"1,75 : 59.68"
"1,76 : 32.28"
"1,77 : 56.04"
"1,78 : 22.47"
"1,79 : 51.89"
"1,80 : 39.12"
"1,81 : 28.44"
"1,82 : 54.92"
"1,83 : 13.04"
"1,84 : 34.48"
"1,85 : 29.73"
"1,86 : 43.27"
"1,87 : 46.01"
"1,88 : 39.41"
"1,89 : 30.36"
"1,90 : 28.16"
"1,91 : 51.62"
"1,92 : 45.18"
"1,93 : 43.01"
"1,94 : 59.91"
"1,95 : 52.15"
"1,96 : 58.31"
"1,97 : 11.66"
"1,98 : 28.6"
"1,99 : 63.89"
"2,0 : 45.22"
"2,1 : 56.4"
"2,2 : 0.0"
"2,3 : 34.13"
"2,4 : 84.01"
"2,5 : 59.03"
"2,6 : 31.05"
"2,7 : 46.75"
"2,8 : 80.78"
"2,9 : 61.22"
"2,10 : 50.21"
"2,11 : 44.65"
"2,12 : 59.2"
"2,13 : 124.2"
"2,14 : 50.29"
"2,15 : 85.09"
"2,16 : 95.13"
"2,17 : 74.81"
"2,18 : 85.21"
"2,19 : 99.02"
"2,20 : 88.57"
"2,21 : 69.46"
"2,22 : 113.07"
"2,23 : 57.25"
"2,24 : 84.05"
"2,25 : 98.41"
"2,26 : 51.16"
"2,27 : 41.68"
"2,28 : 87.05"
"2,29 : 70.71"
"2,30 : 53.34"
"2,31 : 12.65"
"2,32 : 111.02"
"2,33 : 33.54"
"2,34 : 53.0"
"2,35 : 99.13"
"2,36 : 92.02"
"2,37 : 69.92"
"2,38 : 68.54"
"2,39 : 107.0"
"2,40 : 103.28"
"2,41 : 64.54"
"2,42 : 82.38"
"2,43 : 23.54"
"2,44 : 18.25"
"2,45 : 86.15"
"2,46 : 101.67"
"2,47 : 22.14"
"2,48 : 75.66"
"2,49 : 46.53"
"2,50 : 85.09"
"2,51 : 107.65"
"2,52 : 58.6"
"2,53 : 74.33"
"2,54 : 49.98"
"2,55 : 76.66"
"2,56 : 121.26"
"2,57 : 24.52"
"2,58 : 72.86"
"2,59 : 77.88"
"2,60 : 79.7"
"2,61 : 60.01"
"2,62 : 21.95"
"2,63 : 79.76"
"2,64 : 103.25"
"2,65 : 90.05"
"2,66 : 83.2"
"2,67 : 70.88"
"2,68 : 15.0"
"2,69 : 55.04"
"2,70 : 86.31"
"2,71 : 88.57"
"2,72 : 51.01"
"2,73 : 11.4"
"2,74 : 29.41"
"2,75 : 86.15"
"2,76 : 87.32"
"2,77 : 101.53"
"2,78 : 70.94"
"2,79 : 105.12"
"2,80 : 56.29"
"2,81 : 79.65"
"2,82 : 64.01"
"2,83 : 44.42"
"2,84 : 90.7"
"2,85 : 55.33"
"2,86 : 81.61"
"2,87 : 91.3"
"2,88 : 22.09"
"2,89 : 78.11"
"2,90 : 31.62"
"2,91 : 104.02"
"2,92 : 77.79"
"2,93 : 59.84"
"2,94 : 114.63"
"2,95 : 95.27"
"2,96 : 112.61"
"2,97 : 44.82"
"2,98 : 62.97"
"2,99 : 75.11"
"3,0 : 14.56"
"3,1 : 22.63"
"3,2 : 34.13"
"3,3 : 0.0"
"3,4 : 57.57"
"3,5 : 29.83"
"3,6 : 24.19"
"3,7 : 17.12"
"3,8 : 46.65"
"3,9 : 31.32"
"3,10 : 18.97"
"3,11 : 10.63"
"3,12 : 28.07"
"3,13 : 92.36"
"3,14 : 33.11"
"3,15 : 62.0"
"3,16 : 75.54"
"3,17 : 68.82"
"3,18 : 55.15"
"3,19 : 86.73"
"3,20 : 54.78"
"3,21 : 42.43"
"3,22 : 79.31"
"3,23 : 23.41"
"3,24 : 70.94"
"3,25 : 65.12"
"3,26 : 46.67"
"3,27 : 7.62"
"3,28 : 59.91"
"3,29 : 65.0"
"3,30 : 26.83"
"3,31 : 25.71"
"3,32 : 80.5"
"3,33 : 38.08"
"3,34 : 18.87"
"3,35 : 84.48"
"3,36 : 80.23"
"3,37 : 49.82"
"3,38 : 35.17"
"3,39 : 73.11"
"3,40 : 70.8"
"3,41 : 31.24"
"3,42 : 48.26"
"3,43 : 24.52"
"3,44 : 18.6"
"3,45 : 72.11"
"3,46 : 70.33"
"3,47 : 36.12"
"3,48 : 60.08"
"3,49 : 35.61"
"3,50 : 57.49"
"3,51 : 73.6"
"3,52 : 29.61"
"3,53 : 52.15"
"3,54 : 31.38"
"3,55 : 69.89"
"3,56 : 89.31"
"3,57 : 13.93"
"3,58 : 40.82"
"3,59 : 57.56"
"3,60 : 47.38"
"3,61 : 50.48"
"3,62 : 18.03"
"3,63 : 45.65"
"3,64 : 70.29"
"3,65 : 78.79"
"3,66 : 63.79"
"3,67 : 39.05"
"3,68 : 20.88"
"3,69 : 48.27"
"3,70 : 52.39"
"3,71 : 59.54"
"3,72 : 43.28"
"3,73 : 23.77"
"3,74 : 9.06"
"3,75 : 68.66"
"3,76 : 53.24"
"3,77 : 74.22"
"3,78 : 37.85"
"3,79 : 73.57"
"3,80 : 40.72"
"3,81 : 48.75"
"3,82 : 54.92"
"3,83 : 10.3"
"3,84 : 56.61"
"3,85 : 28.64"
"3,86 : 52.61"
"3,87 : 63.79"
"3,88 : 17.46"
"3,89 : 45.54"
"3,90 : 13.6"
"3,91 : 72.95"
"3,92 : 56.22"
"3,93 : 45.19"
"3,94 : 82.2"
"3,95 : 69.05"
"3,96 : 80.45"
"3,97 : 11.66"
"3,98 : 33.73"
"3,99 : 65.86"
"4,0 : 43.01"
"4,1 : 51.09"
"4,2 : 84.01"
"4,3 : 57.57"
"4,4 : 0.0"
"4,5 : 27.86"
"4,6 : 81.34"
"4,7 : 62.97"
"4,8 : 43.66"
"4,9 : 65.76"
"4,10 : 60.22"
"4,11 : 52.77"
"4,12 : 30.89"
"4,13 : 94.09"
"4,14 : 83.49"
"4,15 : 96.26"
"4,16 : 112.07"
"4,17 : 119.81"
"4,18 : 76.03"
"4,19 : 130.38"
"4,20 : 37.22"
"4,21 : 76.69"
"4,22 : 70.11"
"4,23 : 41.4"
"4,24 : 115.97"
"4,25 : 65.92"
"4,26 : 101.21"
"4,27 : 52.0"
"4,28 : 3.61"
"4,29 : 116.61"
"4,30 : 31.4"
"4,31 : 80.75"
"4,32 : 91.01"
"4,33 : 95.52"
"4,34 : 47.43"
"4,35 : 125.88"
"4,36 : 125.21"
"4,37 : 91.93"
"4,38 : 33.42"
"4,39 : 64.01"
"4,40 : 75.13"
"4,41 : 53.91"
"4,42 : 46.49"
"4,43 : 82.01"
"4,44 : 66.03"
"4,45 : 116.04"
"4,46 : 80.52"
"4,47 : 93.17"
"4,48 : 104.65"
"4,49 : 89.19"
"4,50 : 84.22"
"4,51 : 61.13"
"4,52 : 67.21"
"4,53 : 90.79"
"4,54 : 81.27"
"4,55 : 120.25"
"4,56 : 91.14"
"4,57 : 60.13"
"4,58 : 62.13"
"4,59 : 97.19"
"4,60 : 24.35"
"4,61 : 101.83"
"4,62 : 75.19"
"4,63 : 41.79"
"4,64 : 71.7"
"4,65 : 124.46"
"4,66 : 103.08"
"4,67 : 24.84"
"4,68 : 75.8"
"4,69 : 101.55"
"4,70 : 38.64"
"4,71 : 9.85"
"4,72 : 96.9"
"4,73 : 77.41"
"4,74 : 56.57"
"4,75 : 109.34"
"4,76 : 42.76"
"4,77 : 96.38"
"4,78 : 30.81"
"4,79 : 81.79"
"4,80 : 90.0"
"4,81 : 69.84"
"4,82 : 105.8"
"4,83 : 50.99"
"4,84 : 50.8"
"4,85 : 29.43"
"4,86 : 9.49"
"4,87 : 88.55"
"4,88 : 62.01"
"4,89 : 26.0"
"4,90 : 70.58"
"4,91 : 83.43"
"4,92 : 94.49"
"4,93 : 94.02"
"4,94 : 83.22"
"4,95 : 95.26"
"4,96 : 83.49"
"4,97 : 55.95"
"4,98 : 24.17"
"4,99 : 114.98"
"5,0 : 15.3"
"5,1 : 26.42"
"5,2 : 59.03"
"5,3 : 29.83"
"5,4 : 27.86"
"5,5 : 0.0"
"5,6 : 53.49"
"5,7 : 36.12"
"5,8 : 32.89"
"5,9 : 42.06"
"5,10 : 33.97"
"5,11 : 25.24"
"5,12 : 5.1"
"5,13 : 86.83"
"5,14 : 56.73"
"5,15 : 74.85"
"5,16 : 90.38"
"5,17 : 93.43"
"5,18 : 58.55"
"5,19 : 106.51"
"5,20 : 34.83"
"5,21 : 54.13"
"5,22 : 67.08"
"5,23 : 16.55"
"5,24 : 91.4"
"5,25 : 57.01"
"5,26 : 73.78"
"5,27 : 24.17"
"5,28 : 30.08"
"5,29 : 90.03"
"5,30 : 7.07"
"5,31 : 54.01"
"5,32 : 79.31"
"5,33 : 67.68"
"5,34 : 21.4"
"5,35 : 102.73"
"5,36 : 100.8"
"5,37 : 67.68"
"5,38 : 16.76"
"5,39 : 60.37"
"5,40 : 65.31"
"5,41 : 32.28"
"5,42 : 35.74"
"5,43 : 54.34"
"5,44 : 40.79"
"5,45 : 91.84"
"5,46 : 68.26"
"5,47 : 65.76"
"5,48 : 80.0"
"5,49 : 61.85"
"5,50 : 65.0"
"5,51 : 59.17"
"5,52 : 42.72"
"5,53 : 67.6"
"5,54 : 54.56"
"5,55 : 94.07"
"5,56 : 83.68"
"5,57 : 34.53"
"5,58 : 42.76"
"5,59 : 73.93"
"5,60 : 22.2"
"5,61 : 75.17"
"5,62 : 47.68"
"5,63 : 31.02"
"5,64 : 63.06"
"5,65 : 99.81"
"5,66 : 80.13"
"5,67 : 13.45"
"5,68 : 49.01"
"5,69 : 74.4"
"5,70 : 33.84"
"5,71 : 30.02"
"5,72 : 69.63"
"5,73 : 51.04"
"5,74 : 30.07"
"5,75 : 86.09"
"5,76 : 36.72"
"5,77 : 79.76"
"5,78 : 17.0"
"5,79 : 70.58"
"5,80 : 63.66"
"5,81 : 51.62"
"5,82 : 79.31"
"5,83 : 23.32"
"5,84 : 43.46"
"5,85 : 5.83"
"5,86 : 23.02"
"5,87 : 70.41"
"5,88 : 37.11"
"5,89 : 21.26"
"5,90 : 42.72"
"5,91 : 71.25"
"5,92 : 71.59"
"5,93 : 67.88"
"5,94 : 75.69"
"5,95 : 76.9"
"5,96 : 74.95"
"5,97 : 28.6"
"5,98 : 4.0"
"5,99 : 89.11"
"6,0 : 38.48"
"6,1 : 37.22"
"6,2 : 31.05"
"6,3 : 24.19"
"6,4 : 81.34"
"6,5 : 53.49"
"6,6 : 0.0"
"6,7 : 23.54"
"6,8 : 62.17"
"6,9 : 34.99"
"6,10 : 27.66"
"6,11 : 29.43"
"6,12 : 50.96"
"6,13 : 97.0"
"6,14 : 19.31"
"6,15 : 54.23"
"6,16 : 64.13"
"6,17 : 47.93"
"6,18 : 57.31"
"6,19 : 69.72"
"6,20 : 72.44"
"6,21 : 40.36"
"6,22 : 89.89"
"6,23 : 43.19"
"6,24 : 54.23"
"6,25 : 74.3"
"6,26 : 24.19"
"6,27 : 29.41"
"6,28 : 83.49"
"6,29 : 43.86"
"6,30 : 51.0"
"6,31 : 18.44"
"6,32 : 82.76"
"6,33 : 14.32"
"6,34 : 37.05"
"6,35 : 69.07"
"6,36 : 62.8"
"6,37 : 38.9"
"6,38 : 55.08"
"6,39 : 84.58"
"6,40 : 77.42"
"6,41 : 42.72"
"6,42 : 62.82"
"6,43 : 7.62"
"6,44 : 28.79"
"6,45 : 56.08"
"6,46 : 74.41"
"6,47 : 17.49"
"6,48 : 45.04"
"6,49 : 16.03"
"6,50 : 55.61"
"6,51 : 86.16"
"6,52 : 31.91"
"6,53 : 43.46"
"6,54 : 19.24"
"6,55 : 49.4"
"6,56 : 94.26"
"6,57 : 29.68"
"6,58 : 47.89"
"6,59 : 46.84"
"6,60 : 68.26"
"6,61 : 30.81"
"6,62 : 11.4"
"6,63 : 61.81"
"6,64 : 78.23"
"6,65 : 61.0"
"6,66 : 52.17"
"6,67 : 60.83"
"6,68 : 18.03"
"6,69 : 26.93"
"6,70 : 69.58"
"6,71 : 82.46"
"6,72 : 22.14"
"6,73 : 21.02"
"6,74 : 29.0"
"6,75 : 55.33"
"6,76 : 69.23"
"6,77 : 71.56"
"6,78 : 58.14"
"6,79 : 77.99"
"6,80 : 25.32"
"6,81 : 52.8"
"6,82 : 35.17"
"6,83 : 30.81"
"6,84 : 70.21"
"6,85 : 52.77"
"6,86 : 75.69"
"6,87 : 61.61"
"6,88 : 31.3"
"6,89 : 66.19"
"6,90 : 10.77"
"6,91 : 76.42"
"6,92 : 46.82"
"6,93 : 29.07"
"6,94 : 88.41"
"6,95 : 65.0"
"6,96 : 86.05"
"6,97 : 27.07"
"6,98 : 57.25"
"6,99 : 46.57"
"7,0 : 24.19"
"7,1 : 14.04"
"7,2 : 46.75"
"7,3 : 17.12"
"7,4 : 62.97"
"7,5 : 36.12"
"7,6 : 23.54"
"7,7 : 0.0"
"7,8 : 38.64"
"7,9 : 14.76"
"7,10 : 4.12"
"7,11 : 11.66"
"7,12 : 32.2"
"7,13 : 77.47"
"7,14 : 20.62"
"7,15 : 45.04"
"7,16 : 59.03"
"7,17 : 57.31"
"7,18 : 38.95"
"7,19 : 72.01"
"7,20 : 49.09"
"7,21 : 25.32"
"7,22 : 67.42"
"7,23 : 21.93"
"7,24 : 56.44"
"7,25 : 52.2"
"7,26 : 38.48"
"7,27 : 14.87"
"7,28 : 64.5"
"7,29 : 53.91"
"7,30 : 36.4"
"7,31 : 35.47"
"7,32 : 64.66"
"7,33 : 37.05"
"7,34 : 15.65"
"7,35 : 69.08"
"7,36 : 65.86"
"7,37 : 33.84"
"7,38 : 32.98"
"7,39 : 61.77"
"7,40 : 56.57"
"7,41 : 19.31"
"7,42 : 39.29"
"7,43 : 28.64"
"7,44 : 34.54"
"7,45 : 57.25"
"7,46 : 55.0"
"7,47 : 40.5"
"7,48 : 45.18"
"7,49 : 26.4"
"7,50 : 40.52"
"7,51 : 63.07"
"7,52 : 12.65"
"7,53 : 35.51"
"7,54 : 18.44"
"7,55 : 57.98"
"7,56 : 74.52"
"7,57 : 30.81"
"7,58 : 26.17"
"7,59 : 41.23"
"7,60 : 46.32"
"7,61 : 39.05"
"7,62 : 25.61"
"7,63 : 38.33"
"7,64 : 56.73"
"7,65 : 64.66"
"7,66 : 47.54"
"7,67 : 39.92"
"7,68 : 31.83"
"7,69 : 38.59"
"7,70 : 46.17"
"7,71 : 62.24"
"7,72 : 34.0"
"7,73 : 35.38"
"7,74 : 26.17"
"7,75 : 52.81"
"7,76 : 45.71"
"7,77 : 57.28"
"7,78 : 36.14"
"7,79 : 58.41"
"7,80 : 27.59"
"7,81 : 33.02"
"7,82 : 43.19"
"7,83 : 13.89"
"7,84 : 46.82"
"7,85 : 37.64"
"7,86 : 55.9"
"7,87 : 46.84"
"7,88 : 34.21"
"7,89 : 44.15"
"7,90 : 15.81"
"7,91 : 57.43"
"7,92 : 39.62"
"7,93 : 31.89"
"7,94 : 67.9"
"7,95 : 51.97"
"7,96 : 65.86"
"7,97 : 8.06"
"7,98 : 39.2"
"7,99 : 53.15"
"8,0 : 38.21"
"8,1 : 25.3"
"8,2 : 80.78"
"8,3 : 46.65"
"8,4 : 43.66"
"8,5 : 32.89"
"8,6 : 62.17"
"8,7 : 38.64"
"8,8 : 0.0"
"8,9 : 31.58"
"8,10 : 34.53"
"8,11 : 36.24"
"8,12 : 28.64"
"8,13 : 54.13"
"8,14 : 54.33"
"8,15 : 55.17"
"8,16 : 70.72"
"8,17 : 86.16"
"8,18 : 33.02"
"8,19 : 91.05"
"8,20 : 11.7"
"8,21 : 38.47"
"8,22 : 34.67"
"8,23 : 24.08"
"8,24 : 78.23"
"8,25 : 24.33"
"8,26 : 73.55"
"8,27 : 39.12"
"8,28 : 42.95"
"8,29 : 83.82"
"8,30 : 39.4"
"8,31 : 71.59"
"8,32 : 48.17"
"8,33 : 75.54"
"8,34 : 27.78"
"8,35 : 85.7"
"8,36 : 86.84"
"8,37 : 55.01"
"8,38 : 16.16"
"8,39 : 28.02"
"8,40 : 33.06"
"8,41 : 20.0"
"8,42 : 3.0"
"8,43 : 66.76"
"8,44 : 64.2"
"8,45 : 77.67"
"8,46 : 37.34"
"8,47 : 78.85"
"8,48 : 67.6"
"8,49 : 62.13"
"8,50 : 41.87"
"8,51 : 27.59"
"8,52 : 34.37"
"8,53 : 52.15"
"8,54 : 52.24"
"8,55 : 86.01"
"8,56 : 50.99"
"8,57 : 58.26"
"8,58 : 21.95"
"8,59 : 58.25"
"8,60 : 19.31"
"8,61 : 70.34"
"8,62 : 62.39"
"8,63 : 2.0"
"8,64 : 30.41"
"8,65 : 86.53"
"8,66 : 63.41"
"8,67 : 22.02"
"8,68 : 67.08"
"8,69 : 72.18"
"8,70 : 8.54"
"8,71 : 37.22"
"8,72 : 68.59"
"8,73 : 70.24"
"8,74 : 52.63"
"8,75 : 69.81"
"8,76 : 7.07"
"8,77 : 52.8"
"8,78 : 16.28"
"8,79 : 39.05"
"8,80 : 58.46"
"8,81 : 27.59"
"8,82 : 73.38"
"8,83 : 36.36"
"8,84 : 10.82"
"8,85 : 38.63"
"8,86 : 34.18"
"8,87 : 45.49"
"8,88 : 61.72"
"8,89 : 17.72"
"8,90 : 53.45"
"8,91 : 40.31"
"8,92 : 55.22"
"8,93 : 61.4"
"8,94 : 42.95"
"8,95 : 52.15"
"8,96 : 42.43"
"8,97 : 36.77"
"8,98 : 31.78"
"8,99 : 80.11"
"9,0 : 34.37"
"9,1 : 15.65"
"9,2 : 61.22"
"9,3 : 31.32"
"9,4 : 65.76"
"9,5 : 42.06"
"9,6 : 34.99"
"9,7 : 14.76"
"9,8 : 31.58"
"9,9 : 0.0"
"9,10 : 12.37"
"9,11 : 23.02"
"9,12 : 37.22"
"9,13 : 63.03"
"9,14 : 23.0"
"9,15 : 33.24"
"9,16 : 48.47"
"9,17 : 55.47"
"9,18 : 24.19"
"9,19 : 64.82"
"9,20 : 43.17"
"9,21 : 12.37"
"9,22 : 55.04"
"9,23 : 25.55"
"9,24 : 50.21"
"9,25 : 39.36"
"9,26 : 42.11"
"9,27 : 27.07"
"9,28 : 66.53"
"9,29 : 52.8"
"9,30 : 44.6"
"9,31 : 49.52"
"9,32 : 49.93"
"9,33 : 46.49"
"9,34 : 21.19"
"9,35 : 60.75"
"9,36 : 59.46"
"9,37 : 26.17"
"9,38 : 32.65"
"9,39 : 49.98"
"9,40 : 42.64"
"9,41 : 12.53"
"9,42 : 31.14"
"9,43 : 41.4"
"9,44 : 49.24"
"9,45 : 50.33"
"9,46 : 40.46"
"9,47 : 52.48"
"9,48 : 38.9"
"9,49 : 31.06"
"9,50 : 26.31"
"9,51 : 51.92"
"9,52 : 3.16"
"9,53 : 25.55"
"9,54 : 21.02"
"9,55 : 55.57"
"9,56 : 60.14"
"9,57 : 45.22"
"9,58 : 13.0"
"9,59 : 31.91"
"9,60 : 44.94"
"9,61 : 38.9"
"9,62 : 39.62"
"9,63 : 32.02"
"9,64 : 43.27"
"9,65 : 58.69"
"9,66 : 38.08"
"9,67 : 41.04"
"9,68 : 46.23"
"9,69 : 40.61"
"9,70 : 40.02"
"9,71 : 62.8"
"9,72 : 37.12"
"9,73 : 49.82"
"9,74 : 40.26"
"9,75 : 44.1"
"9,76 : 38.33"
"9,77 : 42.95"
"9,78 : 35.61"
"9,79 : 43.93"
"9,80 : 26.93"
"9,81 : 18.44"
"9,82 : 42.15"
"9,83 : 25.0"
"9,84 : 37.12"
"9,85 : 45.31"
"9,86 : 57.38"
"9,87 : 32.56"
"9,88 : 48.7"
"9,89 : 42.72"
"9,90 : 29.73"
"9,91 : 42.8"
"9,92 : 29.53"
"9,93 : 30.08"
"9,94 : 53.81"
"9,95 : 38.12"
"9,96 : 51.62"
"9,97 : 20.22"
"9,98 : 44.1"
"9,99 : 49.93"
"10,0 : 23.41"
"10,1 : 10.2"
"10,2 : 50.21"
"10,3 : 18.97"
"10,4 : 60.22"
"10,5 : 33.97"
"10,6 : 27.66"
"10,7 : 4.12"
"10,8 : 34.53"
"10,9 : 12.37"
"10,10 : 0.0"
"10,11 : 11.18"
"10,12 : 29.73"
"10,13 : 74.2"
"10,14 : 23.32"
"10,15 : 44.41"
"10,16 : 58.94"
"10,17 : 59.67"
"10,18 : 36.25"
"10,19 : 73.06"
"10,20 : 45.04"
"10,21 : 24.0"
"10,22 : 63.51"
"10,23 : 18.87"
"10,24 : 57.69"
"10,25 : 48.41"
"10,26 : 41.79"
"10,27 : 15.03"
"10,28 : 61.59"
"10,29 : 56.4"
"10,30 : 34.99"
"10,31 : 39.2"
"10,32 : 61.77"
"10,33 : 41.11"
"10,34 : 12.81"
"10,35 : 69.78"
"10,36 : 67.12"
"10,37 : 34.44"
"10,38 : 29.41"
"10,39 : 57.8"
"10,40 : 53.08"
"10,41 : 15.23"
"10,42 : 35.17"
"10,43 : 32.7"
"10,44 : 37.12"
"10,45 : 58.31"
"10,46 : 51.87"
"10,47 : 44.6"
"10,48 : 46.32"
"10,49 : 29.73"
"10,50 : 38.64"
"10,51 : 59.03"
"10,52 : 11.0"
"10,53 : 35.44"
"10,54 : 21.1"
"10,55 : 60.21"
"10,56 : 71.22"
"10,57 : 32.89"
"10,58 : 22.67"
"10,59 : 41.44"
"10,60 : 42.72"
"10,61 : 41.62"
"10,62 : 29.41"
"10,63 : 34.23"
"10,64 : 53.08"
"10,65 : 66.03"
"10,66 : 47.76"
"10,67 : 36.67"
"10,68 : 35.38"
"10,69 : 41.59"
"10,70 : 42.11"
"10,71 : 59.03"
"10,72 : 37.16"
"10,73 : 38.9"
"10,74 : 27.89"
"10,75 : 53.31"
"10,76 : 41.59"
"10,77 : 55.32"
"10,78 : 32.57"
"10,79 : 55.22"
"10,80 : 29.83"
"10,81 : 30.02"
"10,82 : 45.61"
"10,83 : 13.34"
"10,84 : 42.72"
"10,85 : 36.06"
"10,86 : 52.84"
"10,87 : 44.91"
"10,88 : 36.4"
"10,89 : 40.52"
"10,90 : 19.72"
"10,91 : 54.38"
"10,92 : 39.56"
"10,93 : 33.97"
"10,94 : 64.44"
"10,95 : 50.36"
"10,96 : 62.48"
"10,97 : 8.0"
"10,98 : 36.8"
"10,99 : 55.15"
"11,0 : 12.53"
"11,1 : 12.04"
"11,2 : 44.65"
"11,3 : 10.63"
"11,4 : 52.77"
"11,5 : 25.24"
"11,6 : 29.43"
"11,7 : 11.66"
"11,8 : 36.24"
"11,9 : 23.02"
"11,10 : 11.18"
"11,11 : 0.0"
"11,12 : 21.93"
"11,13 : 82.15"
"11,14 : 31.83"
"11,15 : 55.58"
"11,16 : 70.09"
"11,17 : 68.59"
"11,18 : 45.88"
"11,19 : 83.65"
"11,20 : 44.92"
"11,21 : 35.06"
"11,22 : 68.68"
"11,23 : 14.04"
"11,24 : 68.1"
"11,25 : 54.56"
"11,26 : 48.55"
"11,27 : 4.12"
"11,28 : 54.63"
"11,29 : 65.07"
"11,30 : 24.84"
"11,31 : 35.47"
"11,32 : 70.77"
"11,33 : 43.74"
"11,34 : 8.54"
"11,35 : 80.62"
"11,36 : 77.52"
"11,37 : 45.31"
"11,38 : 26.08"
"11,39 : 62.48"
"11,40 : 60.46"
"11,41 : 20.81"
"11,42 : 37.74"
"11,43 : 32.06"
"11,44 : 29.07"
"11,45 : 68.88"
"11,46 : 60.37"
"11,47 : 44.18"
"11,48 : 56.82"
"11,49 : 36.62"
"11,50 : 49.25"
"11,51 : 63.01"
"11,52 : 22.09"
"11,53 : 46.57"
"11,54 : 29.73"
"11,55 : 69.35"
"11,56 : 79.08"
"11,57 : 23.85"
"11,58 : 30.87"
"11,59 : 52.5"
"11,60 : 39.01"
"11,61 : 50.21"
"11,62 : 26.68"
"11,63 : 35.34"
"11,64 : 59.82"
"11,65 : 76.32"
"11,66 : 58.82"
"11,67 : 31.4"
"11,68 : 30.87"
"11,69 : 49.2"
"11,70 : 42.38"
"11,71 : 53.16"
"11,72 : 44.41"
"11,73 : 34.0"
"11,74 : 18.36"
"11,75 : 64.26"
"11,76 : 42.95"
"11,77 : 65.76"
"11,78 : 29.02"
"11,79 : 63.53"
"11,80 : 39.05"
"11,81 : 39.22"
"11,82 : 54.45"
"11,83 : 2.24"
"11,84 : 46.04"
"11,85 : 26.17"
"11,86 : 46.49"
"11,87 : 55.44"
"11,88 : 27.46"
"11,89 : 37.0"
"11,90 : 19.03"
"11,91 : 63.07"
"11,92 : 50.7"
"11,93 : 43.42"
"11,94 : 71.85"
"11,95 : 61.13"
"11,96 : 70.18"
"11,97 : 3.61"
"11,98 : 28.65"
"11,99 : 64.66"
"12,0 : 14.14"
"12,1 : 21.63"
"12,2 : 59.2"
"12,3 : 28.07"
"12,4 : 30.89"
"12,5 : 5.1"
"12,6 : 50.96"
"12,7 : 32.2"
"12,8 : 28.64"
"12,9 : 37.22"
"12,10 : 29.73"
"12,11 : 21.93"
"12,12 : 0.0"
"12,13 : 82.28"
"12,14 : 52.8"
"12,15 : 69.86"
"12,16 : 85.43"
"12,17 : 89.38"
"12,18 : 53.46"
"12,19 : 101.83"
"12,20 : 31.83"
"12,21 : 49.19"
"12,22 : 63.13"
"12,23 : 11.66"
"12,24 : 86.83"
"12,25 : 52.5"
"12,26 : 70.33"
"12,27 : 21.59"
"12,28 : 32.7"
"12,29 : 86.05"
"12,30 : 10.77"
"12,31 : 53.15"
"12,32 : 74.43"
"12,33 : 65.25"
"12,34 : 16.97"
"12,35 : 97.94"
"12,36 : 96.21"
"12,37 : 63.01"
"12,38 : 12.53"
"12,39 : 56.44"
"12,40 : 60.64"
"12,41 : 27.2"
"12,42 : 31.38"
"12,43 : 52.47"
"12,44 : 41.11"
"12,45 : 87.2"
"12,46 : 63.39"
"12,47 : 64.2"
"12,48 : 75.43"
"12,49 : 58.31"
"12,50 : 59.91"
"12,51 : 55.47"
"12,52 : 38.01"
"12,53 : 62.77"
"12,54 : 50.61"
"12,55 : 89.94"
"12,56 : 79.12"
"12,57 : 34.79"
"12,58 : 37.66"
"12,59 : 69.12"
"12,60 : 20.62"
"12,61 : 71.22"
"12,62 : 46.1"
"12,63 : 26.83"
"12,64 : 58.52"
"12,65 : 95.27"
"12,66 : 75.29"
"12,67 : 11.7"
"12,68 : 48.17"
"12,69 : 70.72"
"12,70 : 30.48"
"12,71 : 31.58"
"12,72 : 66.04"
"12,73 : 50.49"
"12,74 : 29.83"
"12,75 : 81.3"
"12,76 : 33.02"
"12,77 : 74.67"
"12,78 : 13.45"
"12,79 : 65.76"
"12,80 : 59.55"
"12,81 : 46.53"
"12,82 : 75.29"
"12,83 : 20.25"
"12,84 : 39.36"
"12,85 : 10.2"
"12,86 : 24.74"
"12,87 : 65.31"
"12,88 : 37.7"
"12,89 : 19.24"
"12,90 : 40.26"
"12,91 : 66.37"
"12,92 : 66.73"
"12,93 : 63.7"
"12,94 : 71.17"
"12,95 : 71.81"
"12,96 : 70.34"
"12,97 : 25.06"
"12,98 : 7.07"
"12,99 : 84.86"
"13,0 : 89.05"
"13,1 : 70.33"
"13,2 : 124.2"
"13,3 : 92.36"
"13,4 : 94.09"
"13,5 : 86.83"
"13,6 : 97.0"
"13,7 : 77.47"
"13,8 : 54.13"
"13,9 : 63.03"
"13,10 : 74.2"
"13,11 : 82.15"
"13,12 : 82.28"
"13,13 : 0.0"
"13,14 : 80.21"
"13,15 : 53.16"
"13,16 : 60.03"
"13,17 : 93.39"
"13,18 : 39.7"
"13,19 : 82.1"
"13,20 : 57.0"
"13,21 : 57.01"
"13,22 : 25.3"
"13,23 : 74.85"
"13,24 : 77.78"
"13,25 : 29.83"
"13,26 : 94.83"
"13,27 : 86.09"
"13,28 : 92.27"
"13,29 : 93.41"
"13,30 : 93.01"
"13,31 : 112.54"
"13,32 : 15.81"
"13,33 : 106.02"
"13,34 : 75.59"
"13,35 : 75.11"
"13,36 : 82.05"
"13,37 : 66.21"
"13,38 : 70.09"
"13,39 : 30.41"
"13,40 : 21.93"
"13,41 : 61.4"
"13,42 : 51.2"
"13,43 : 103.97"
"13,44 : 110.94"
"13,45 : 75.54"
"13,46 : 22.63"
"13,47 : 114.21"
"13,48 : 72.8"
"13,49 : 87.92"
"13,50 : 43.42"
"13,51 : 33.96"
"13,52 : 65.8"
"13,53 : 60.42"
"13,54 : 79.2"
"13,55 : 91.98"
"13,56 : 3.16"
"13,57 : 106.0"
"13,58 : 51.61"
"13,59 : 62.3"
"13,60 : 71.11"
"13,61 : 86.41"
"13,62 : 102.65"
"13,63 : 56.09"
"13,64 : 23.77"
"13,65 : 83.15"
"13,66 : 62.59"
"13,67 : 75.95"
"13,68 : 109.22"
"13,69 : 91.24"
"13,70 : 56.08"
"13,71 : 85.38"
"13,72 : 90.43"
"13,73 : 112.81"
"13,74 : 100.5"
"13,75 : 66.75"
"13,76 : 52.15"
"13,77 : 33.38"
"13,78 : 70.41"
"13,79 : 19.1"
"13,80 : 78.89"
"13,81 : 44.6"
"13,82 : 86.73"
"13,83 : 83.35"
"13,84 : 44.28"
"13,85 : 92.44"
"13,86 : 85.01"
"13,87 : 39.0"
"13,88 : 109.6"
"13,89 : 70.26"
"13,90 : 92.76"
"13,91 : 20.62"
"13,92 : 59.81"
"13,93 : 78.71"
"13,94 : 11.18"
"13,95 : 40.02"
"13,96 : 12.08"
"13,97 : 80.71"
"13,98 : 85.91"
"13,99 : 86.35"
"14,0 : 44.05"
"14,1 : 33.11"
"14,2 : 50.29"
"14,3 : 33.11"
"14,4 : 83.49"
"14,5 : 56.73"
"14,6 : 19.31"
"14,7 : 20.62"
"14,8 : 54.33"
"14,9 : 23.0"
"14,10 : 23.32"
"14,11 : 31.83"
"14,12 : 52.8"
"14,13 : 80.21"
"14,14 : 0.0"
"14,15 : 34.93"
"14,16 : 45.28"
"14,17 : 36.77"
"14,18 : 40.82"
"14,19 : 53.76"
"14,20 : 65.76"
"14,21 : 23.32"
"14,22 : 76.54"
"14,23 : 42.19"
"14,24 : 37.95"
"14,25 : 60.73"
"14,26 : 19.24"
"14,27 : 34.21"
"14,28 : 84.91"
"14,29 : 33.3"
"14,30 : 56.64"
"14,31 : 37.64"
"14,32 : 65.3"
"14,33 : 25.81"
"14,34 : 36.06"
"14,35 : 51.97"
"14,36 : 47.17"
"14,37 : 19.65"
"14,38 : 52.39"
"14,39 : 72.03"
"14,40 : 62.17"
"14,41 : 34.53"
"14,42 : 54.08"
"14,43 : 26.93"
"14,44 : 45.1"
"14,45 : 39.29"
"14,46 : 57.98"
"14,47 : 34.83"
"14,48 : 27.46"
"14,49 : 8.25"
"14,50 : 37.48"
"14,51 : 74.33"
"14,52 : 20.02"
"14,53 : 24.17"
"14,54 : 2.24"
"14,55 : 37.54"
"14,56 : 77.67"
"14,57 : 43.93"
"14,58 : 35.36"
"14,59 : 27.66"
"14,60 : 65.55"
"14,61 : 18.44"
"14,62 : 29.27"
"14,63 : 54.59"
"14,64 : 63.69"
"14,65 : 45.69"
"14,66 : 33.24"
"14,67 : 59.94"
"14,68 : 36.5"
"14,69 : 18.38"
"14,70 : 62.65"
"14,71 : 82.3"
"14,72 : 14.32"
"14,73 : 39.81"
"14,74 : 41.11"
"14,75 : 37.01"
"14,76 : 61.2"
"14,77 : 52.8"
"14,78 : 55.54"
"14,79 : 61.59"
"14,80 : 7.62"
"14,81 : 37.7"
"14,82 : 22.63"
"14,83 : 33.97"
"14,84 : 60.07"
"14,85 : 58.0"
"14,86 : 76.16"
"14,87 : 43.19"
"14,88 : 46.53"
"14,89 : 63.32"
"14,90 : 22.2"
"14,91 : 59.64"
"14,92 : 27.51"
"14,93 : 12.08"
"14,94 : 72.56"
"14,95 : 46.04"
"14,96 : 69.97"
"14,97 : 28.28"
"14,98 : 59.82"
"14,99 : 33.02"
"15,0 : 67.47"
"15,1 : 48.7"
"15,2 : 85.09"
"15,3 : 62.0"
"15,4 : 96.26"
"15,5 : 74.85"
"15,6 : 54.23"
"15,7 : 45.04"
"15,8 : 55.17"
"15,9 : 33.24"
"15,10 : 44.41"
"15,11 : 55.58"
"15,12 : 69.86"
"15,13 : 53.16"
"15,14 : 34.93"
"15,15 : 0.0"
"15,16 : 15.81"
"15,17 : 40.45"
"15,18 : 23.71"
"15,19 : 36.36"
"15,20 : 66.07"
"15,21 : 20.88"
"15,22 : 59.68"
"15,23 : 58.31"
"15,24 : 26.31"
"15,25 : 46.17"
"15,26 : 43.93"
"15,27 : 59.41"
"15,28 : 96.4"
"15,29 : 40.26"
"15,30 : 77.79"
"15,31 : 72.45"
"15,32 : 37.36"
"15,33 : 58.6"
"15,34 : 54.41"
"15,35 : 30.61"
"15,36 : 33.24"
"15,37 : 15.81"
"15,38 : 62.97"
"15,39 : 57.97"
"15,40 : 42.3"
"15,41 : 42.94"
"15,42 : 53.15"
"15,43 : 61.85"
"15,44 : 77.78"
"15,45 : 24.74"
"15,46 : 35.01"
"15,47 : 69.12"
"15,48 : 19.65"
"15,49 : 40.5"
"15,50 : 14.32"
"15,51 : 61.68"
"15,52 : 33.54"
"15,53 : 10.77"
"15,54 : 35.11"
"15,55 : 39.2"
"15,56 : 51.42"
"15,57 : 75.17"
"15,58 : 34.21"
"15,59 : 9.43"
"15,60 : 73.11"
"15,61 : 34.41"
"15,62 : 63.6"
"15,63 : 56.57"
"15,64 : 45.71"
"15,65 : 33.53"
"15,66 : 10.05"
"15,67 : 71.56"
"15,68 : 70.88"
"15,69 : 39.82"
"15,70 : 63.13"
"15,71 : 91.55"
"15,72 : 40.31"
"15,73 : 74.33"
"15,74 : 71.01"
"15,75 : 15.81"
"15,76 : 59.82"
"15,77 : 20.59"
"15,78 : 65.46"
"15,79 : 38.01"
"15,80 : 30.23"
"15,81 : 27.66"
"15,82 : 34.0"
"15,83 : 57.71"
"15,84 : 54.38"
"15,85 : 78.43"
"15,86 : 87.2"
"15,87 : 15.0"
"15,88 : 78.31"
"15,89 : 71.06"
"15,90 : 55.11"
"15,91 : 35.06"
"15,92 : 7.81"
"15,93 : 28.32"
"15,94 : 49.16"
"15,95 : 13.42"
"15,96 : 46.17"
"15,97 : 52.35"
"15,98 : 76.49"
"15,99 : 33.38"
"16,0 : 82.28"
"16,1 : 64.08"
"16,2 : 95.13"
"16,3 : 75.54"
"16,4 : 112.07"
"16,5 : 90.38"
"16,6 : 64.13"
"16,7 : 59.03"
"16,8 : 70.72"
"16,9 : 48.47"
"16,10 : 58.94"
"16,11 : 70.09"
"16,12 : 85.43"
"16,13 : 60.03"
"16,14 : 45.28"
"16,15 : 15.81"
"16,16 : 0.0"
"16,17 : 36.36"
"16,18 : 38.42"
"16,19 : 22.8"
"16,20 : 81.39"
"16,21 : 36.25"
"16,22 : 71.47"
"16,23 : 73.82"
"16,24 : 19.24"
"16,25 : 59.48"
"16,26 : 48.37"
"16,27 : 73.76"
"16,28 : 112.2"
"16,29 : 37.8"
"16,30 : 93.05"
"16,31 : 82.57"
"16,32 : 45.1"
"16,33 : 65.39"
"16,34 : 69.64"
"16,35 : 16.16"
"16,36 : 22.02"
"16,37 : 26.0"
"16,38 : 78.77"
"16,39 : 70.77"
"16,40 : 54.08"
"16,41 : 58.67"
"16,42 : 68.59"
"16,43 : 71.59"
"16,44 : 90.02"
"16,45 : 16.55"
"16,46 : 46.17"
"16,47 : 76.9"
"16,48 : 20.59"
"16,49 : 48.76"
"16,50 : 29.07"
"16,51 : 74.73"
"16,52 : 48.38"
"16,53 : 23.54"
"16,54 : 46.1"
"16,55 : 34.48"
"16,56 : 59.01"
"16,57 : 88.09"
"16,58 : 50.0"
"16,59 : 18.03"
"16,60 : 88.87"
"16,61 : 38.08"
"16,62 : 74.55"
"16,63 : 72.18"
"16,64 : 57.94"
"16,65 : 23.19"
"16,66 : 12.04"
"16,67 : 87.37"
"16,68 : 81.74"
"16,69 : 43.91"
"16,70 : 78.52"
"16,71 : 107.3"
"16,72 : 46.1"
"16,73 : 85.0"
"16,74 : 84.38"
"16,75 : 10.0"
"16,76 : 75.07"
"16,77 : 27.17"
"16,78 : 81.27"
"16,79 : 48.51"
"16,80 : 38.83"
"16,81 : 43.14"
"16,82 : 35.81"
"16,83 : 72.28"
"16,84 : 69.2"
"16,85 : 93.78"
"16,86 : 103.0"
"16,87 : 27.29"
"16,88 : 91.02"
"16,89 : 86.83"
"16,90 : 67.03"
"16,91 : 45.35"
"16,92 : 19.42"
"16,93 : 35.44"
"16,94 : 58.69"
"16,95 : 22.14"
"16,96 : 55.73"
"16,97 : 66.71"
"16,98 : 92.13"
"16,99 : 30.0"
"17,0 : 80.72"
"17,1 : 68.82"
"17,2 : 74.81"
"17,3 : 68.82"
"17,4 : 119.81"
"17,5 : 93.43"
"17,6 : 47.93"
"17,7 : 57.31"
"17,8 : 86.16"
"17,9 : 55.47"
"17,10 : 59.67"
"17,11 : 68.59"
"17,12 : 89.38"
"17,13 : 93.39"
"17,14 : 36.77"
"17,15 : 40.45"
"17,16 : 36.36"
"17,17 : 0.0"
"17,18 : 61.2"
"17,19 : 26.57"
"17,20 : 97.86"
"17,21 : 48.08"
"17,22 : 99.05"
"17,23 : 78.41"
"17,24 : 17.2"
"17,25 : 84.38"
"17,26 : 24.04"
"17,27 : 70.84"
"17,28 : 121.02"
"17,29 : 4.12"
"17,30 : 93.38"
"17,31 : 63.79"
"17,32 : 77.67"
"17,33 : 41.3"
"17,34 : 72.47"
"17,35 : 29.68"
"17,36 : 20.12"
"17,37 : 31.78"
"17,38 : 87.66"
"17,39 : 96.42"
"17,40 : 82.01"
"17,41 : 68.0"
"17,42 : 85.09"
"17,43 : 53.45"
"17,44 : 76.69"
"17,45 : 20.0"
"17,46 : 75.17"
"17,47 : 53.15"
"17,48 : 21.02"
"17,49 : 33.29"
"17,50 : 53.0"
"17,51 : 99.72"
"17,52 : 53.34"
"17,53 : 36.22"
"17,54 : 38.9"
"17,55 : 2.24"
"17,56 : 91.78"
"17,57 : 77.37"
"17,58 : 64.51"
"17,59 : 32.02"
"17,60 : 100.34"
"17,61 : 18.44"
"17,62 : 59.24"
"17,63 : 86.93"
"17,64 : 85.02"
"17,65 : 17.89"
"17,66 : 30.81"
"17,67 : 95.69"
"17,68 : 65.15"
"17,69 : 21.02"
"17,70 : 94.7"
"17,71 : 117.89"
"17,72 : 25.94"
"17,73 : 67.45"
"17,74 : 75.8"
"17,75 : 27.31"
"17,76 : 92.36"
"17,77 : 60.17"
"17,78 : 90.74"
"17,79 : 78.31"
"17,80 : 29.83"
"17,81 : 62.17"
"17,82 : 14.14"
"17,83 : 70.72"
"17,84 : 89.02"
"17,85 : 94.76"
"17,86 : 112.07"
"17,87 : 55.33"
"17,88 : 79.2"
"17,89 : 98.11"
"17,90 : 56.08"
"17,91 : 75.43"
"17,92 : 35.0"
"17,93 : 25.81"
"17,94 : 89.56"
"17,95 : 53.37"
"17,96 : 86.58"
"17,97 : 65.05"
"17,98 : 96.43"
"17,99 : 7.07"
"18,0 : 55.44"
"18,1 : 35.36"
"18,2 : 85.21"
"18,3 : 55.15"
"18,4 : 76.03"
"18,5 : 58.55"
"18,6 : 57.31"
"18,7 : 38.95"
"18,8 : 33.02"
"18,9 : 24.19"
"18,10 : 36.25"
"18,11 : 45.88"
"18,12 : 53.46"
"18,13 : 39.7"
"18,14 : 40.82"
"18,15 : 23.71"
"18,16 : 38.42"
"18,17 : 61.2"
"18,18 : 0.0"
"18,19 : 60.03"
"18,20 : 43.14"
"18,21 : 17.49"
"18,22 : 38.05"
"18,23 : 43.01"
"18,24 : 49.34"
"18,25 : 23.19"
"18,26 : 56.92"
"18,27 : 50.0"
"18,28 : 75.66"
"18,29 : 60.01"
"18,30 : 63.07"
"18,31 : 73.25"
"18,32 : 25.81"
"18,33 : 66.57"
"18,34 : 41.3"
"18,35 : 54.08"
"18,36 : 56.86"
"18,37 : 30.07"
"18,38 : 43.97"
"18,39 : 35.23"
"18,40 : 21.84"
"18,41 : 27.02"
"18,42 : 30.61"
"18,43 : 64.35"
"18,44 : 73.35"
"18,45 : 48.1"
"18,46 : 17.2"
"18,47 : 74.52"
"18,48 : 40.45"
"18,49 : 48.76"
"18,50 : 9.43"
"18,51 : 38.64"
"18,52 : 26.63"
"18,53 : 25.02"
"18,54 : 39.66"
"18,55 : 60.41"
"18,56 : 37.01"
"18,57 : 69.08"
"18,58 : 16.0"
"18,59 : 29.61"
"18,60 : 51.97"
"18,61 : 49.82"
"18,62 : 63.41"
"18,63 : 34.67"
"18,64 : 24.19"
"18,65 : 57.01"
"18,66 : 33.24"
"18,67 : 52.2"
"18,68 : 70.21"
"18,69 : 53.85"
"18,70 : 40.36"
"18,71 : 70.18"
"18,72 : 52.2"
"18,73 : 73.82"
"18,74 : 63.91"
"18,75 : 39.4"
"18,76 : 36.77"
"18,77 : 21.21"
"18,78 : 45.88"
"18,79 : 20.81"
"18,80 : 40.5"
"18,81 : 7.0"
"18,82 : 51.24"
"18,83 : 47.54"
"18,84 : 30.81"
"18,85 : 63.2"
"18,86 : 66.65"
"18,87 : 12.53"
"18,88 : 72.62"
"18,89 : 50.12"
"18,90 : 53.6"
"18,91 : 19.1"
"18,92 : 26.48"
"18,93 : 41.23"
"18,94 : 31.76"
"18,95 : 19.24"
"18,96 : 29.15"
"18,97 : 43.66"
"18,98 : 59.23"
"18,99 : 54.33"
"19,0 : 96.18"
"19,1 : 80.21"
"19,2 : 99.02"
"19,3 : 86.73"
"19,4 : 130.38"
"19,5 : 106.51"
"19,6 : 69.72"
"19,7 : 72.01"
"19,8 : 91.05"
"19,9 : 64.82"
"19,10 : 73.06"
"19,11 : 83.65"
"19,12 : 101.83"
"19,13 : 82.1"
"19,14 : 53.76"
"19,15 : 36.36"
"19,16 : 22.8"
"19,17 : 26.57"
"19,18 : 60.03"
"19,19 : 0.0"
"19,20 : 102.2"
"19,21 : 53.76"
"19,22 : 94.25"
"19,23 : 90.21"
"19,24 : 15.81"
"19,25 : 81.94"
"19,26 : 48.04"
"19,27 : 86.76"
"19,28 : 130.91"
"19,29 : 30.08"
"19,30 : 108.05"
"19,31 : 87.21"
"19,32 : 67.6"
"19,33 : 66.12"
"19,34 : 85.15"
"19,35 : 7.0"
"19,36 : 7.0"
"19,37 : 38.83"
"19,38 : 97.0"
"19,39 : 93.41"
"19,40 : 76.84"
"19,41 : 76.49"
"19,42 : 89.2"
"19,43 : 76.32"
"19,44 : 98.06"
"19,45 : 14.76"
"19,46 : 68.96"
"19,47 : 78.16"
"19,48 : 26.83"
"19,49 : 53.76"
"19,50 : 50.61"
"19,51 : 97.31"
"19,52 : 63.82"
"19,53 : 39.62"
"19,54 : 55.36"
"19,55 : 24.35"
"19,56 : 81.3"
"19,57 : 97.53"
"19,58 : 69.43"
"19,59 : 33.24"
"19,60 : 108.21"
"19,61 : 39.12"
"19,62 : 81.05"
"19,63 : 92.31"
"19,64 : 80.65"
"19,65 : 9.06"
"19,66 : 27.66"
"19,67 : 105.55"
"19,68 : 87.69"
"19,69 : 44.0"
"19,70 : 99.2"
"19,71 : 126.57"
"19,72 : 48.09"
"19,73 : 90.45"
"19,74 : 94.87"
"19,75 : 21.26"
"19,76 : 96.02"
"19,77 : 49.82"
"19,78 : 99.76"
"19,79 : 71.31"
"19,80 : 46.17"
"19,81 : 63.82"
"19,82 : 35.01"
"19,83 : 85.88"
"19,84 : 90.74"
"19,85 : 109.08"
"19,86 : 121.7"
"19,87 : 49.77"
"19,88 : 99.92"
"19,89 : 106.08"
"19,90 : 75.69"
"19,91 : 68.15"
"19,92 : 36.07"
"19,93 : 41.76"
"19,94 : 81.39"
"19,95 : 44.92"
"19,96 : 78.45"
"19,97 : 80.06"
"19,98 : 108.81"
"19,99 : 24.08"
"20,0 : 44.1"
"20,1 : 35.23"
"20,2 : 88.57"
"20,3 : 54.78"
"20,4 : 37.22"
"20,5 : 34.83"
"20,6 : 72.44"
"20,7 : 49.09"
"20,8 : 11.7"
"20,9 : 43.17"
"20,10 : 45.04"
"20,11 : 44.92"
"20,12 : 31.83"
"20,13 : 57.0"
"20,14 : 65.76"
"20,15 : 66.07"
"20,16 : 81.39"
"20,17 : 97.86"
"20,18 : 43.14"
"20,19 : 102.2"
"20,20 : 0.0"
"20,21 : 50.09"
"20,22 : 33.96"
"20,23 : 31.38"
"20,24 : 89.69"
"20,25 : 28.86"
"20,26 : 85.0"
"20,27 : 47.17"
"20,28 : 35.69"
"20,29 : 95.52"
"20,30 : 41.87"
"20,31 : 80.32"
"20,32 : 54.12"
"20,33 : 86.15"
"20,34 : 36.4"
"20,35 : 96.67"
"20,36 : 98.18"
"20,37 : 66.64"
"20,38 : 20.25"
"20,39 : 27.46"
"20,40 : 38.08"
"20,41 : 31.26"
"20,42 : 13.04"
"20,43 : 76.49"
"20,44 : 71.2"
"20,45 : 89.04"
"20,46 : 44.01"
"20,47 : 88.65"
"20,48 : 79.18"
"20,49 : 73.44"
"20,50 : 52.35"
"20,51 : 25.3"
"20,52 : 45.89"
"20,53 : 63.63"
"20,54 : 63.64"
"20,55 : 97.69"
"20,56 : 54.01"
"20,57 : 65.0"
"20,58 : 33.54"
"20,59 : 69.64"
"20,60 : 14.56"
"20,61 : 82.01"
"20,62 : 71.57"
"20,63 : 11.18"
"20,64 : 34.53"
"20,65 : 97.94"
"20,66 : 74.63"
"20,67 : 21.63"
"20,68 : 75.61"
"20,69 : 83.74"
"20,70 : 3.16"
"20,71 : 29.12"
"20,72 : 80.06"
"20,73 : 78.55"
"20,74 : 59.54"
"20,75 : 81.02"
"20,76 : 6.4"
"20,77 : 61.59"
"20,78 : 18.44"
"20,79 : 44.92"
"20,80 : 70.09"
"20,81 : 38.42"
"20,82 : 85.07"
"20,83 : 44.6"
"20,84 : 13.93"
"20,85 : 40.61"
"20,86 : 28.02"
"20,87 : 55.32"
"20,88 : 68.26"
"20,89 : 14.32"
"20,90 : 63.15"
"20,91 : 46.82"
"20,92 : 66.57"
"20,93 : 73.08"
"20,94 : 46.04"
"20,95 : 61.85"
"20,96 : 46.27"
"20,97 : 46.1"
"20,98 : 32.45"
"20,99 : 91.79"
"21,0 : 46.69"
"21,1 : 27.86"
"21,2 : 69.46"
"21,3 : 42.43"
"21,4 : 76.69"
"21,5 : 54.13"
"21,6 : 40.36"
"21,7 : 25.32"
"21,8 : 38.47"
"21,9 : 12.37"
"21,10 : 24.0"
"21,11 : 35.06"
"21,12 : 49.19"
"21,13 : 57.01"
"21,14 : 23.32"
"21,15 : 20.88"
"21,16 : 36.25"
"21,17 : 48.08"
"21,18 : 17.49"
"21,19 : 53.76"
"21,20 : 50.09"
"21,21 : 0.0"
"21,22 : 54.13"
"21,23 : 37.58"
"21,24 : 40.0"
"21,25 : 38.47"
"21,26 : 40.02"
"21,27 : 39.01"
"21,28 : 77.16"
"21,29 : 46.1"
"21,30 : 56.92"
"21,31 : 57.14"
"21,32 : 42.43"
"21,33 : 49.09"
"21,34 : 33.53"
"21,35 : 49.2"
"21,36 : 48.92"
"21,37 : 16.55"
"21,38 : 43.28"
"21,39 : 50.25"
"21,40 : 39.0"
"21,41 : 22.8"
"21,42 : 37.16"
"21,43 : 47.63"
"21,44 : 59.48"
"21,45 : 39.7"
"21,46 : 34.67"
"21,47 : 57.31"
"21,48 : 29.15"
"21,49 : 31.3"
"21,50 : 15.65"
"21,51 : 53.04"
"21,52 : 13.0"
"21,53 : 14.14"
"21,54 : 22.2"
"21,55 : 47.76"
"21,56 : 54.41"
"21,57 : 56.09"
"21,58 : 16.55"
"21,59 : 20.52"
"21,60 : 54.56"
"21,61 : 34.0"
"21,62 : 47.51"
"21,63 : 39.45"
"21,64 : 40.8"
"21,65 : 48.41"
"21,66 : 26.4"
"21,67 : 51.86"
"21,68 : 54.59"
"21,69 : 37.34"
"21,70 : 46.96"
"21,71 : 72.86"
"21,72 : 35.17"
"21,73 : 58.18"
"21,74 : 51.48"
"21,75 : 32.65"
"21,76 : 44.38"
"21,77 : 32.31"
"21,78 : 46.01"
"21,79 : 38.28"
"21,80 : 23.54"
"21,81 : 15.13"
"21,82 : 36.22"
"21,83 : 37.12"
"21,84 : 41.0"
"21,85 : 57.58"
"21,86 : 67.94"
"21,87 : 21.93"
"21,88 : 59.44"
"21,89 : 52.4"
"21,90 : 38.01"
"21,91 : 36.4"
"21,92 : 17.8"
"21,93 : 25.02"
"21,94 : 49.24"
"21,95 : 26.68"
"21,96 : 46.65"
"21,97 : 32.0"
"21,98 : 55.95"
"21,99 : 41.79"
"22,0 : 72.62"
"22,1 : 56.73"
"22,2 : 113.07"
"22,3 : 79.31"
"22,4 : 70.11"
"22,5 : 67.08"
"22,6 : 89.89"
"22,7 : 67.42"
"22,8 : 34.67"
"22,9 : 55.04"
"22,10 : 63.51"
"22,11 : 68.68"
"22,12 : 63.13"
"22,13 : 25.3"
"22,14 : 76.54"
"22,15 : 59.68"
"22,16 : 71.47"
"22,17 : 99.05"
"22,18 : 38.05"
"22,19 : 94.25"
"22,20 : 33.96"
"22,21 : 54.13"
"22,22 : 0.0"
"22,23 : 58.26"
"22,24 : 85.99"
"22,25 : 15.81"
"22,26 : 94.15"
"22,27 : 72.14"
"22,28 : 68.01"
"22,29 : 98.01"
"22,30 : 73.82"
"22,31 : 102.65"
"22,32 : 29.83"
"22,33 : 101.39"
"22,34 : 60.81"
"22,35 : 87.6"
"22,36 : 92.42"
"22,37 : 68.12"
"22,38 : 50.61"
"22,39 : 6.71"
"22,40 : 17.46"
"22,41 : 48.6"
"22,42 : 32.2"
"22,43 : 95.88"
"22,44 : 97.59"
"22,45 : 84.34"
"22,46 : 25.3"
"22,47 : 107.35"
"22,48 : 78.1"
"22,49 : 84.77"
"22,50 : 46.1"
"22,51 : 9.0"
"22,52 : 58.18"
"22,53 : 63.01"
"22,54 : 74.95"
"22,55 : 98.13"
"22,56 : 22.85"
"22,57 : 91.93"
"22,58 : 42.05"
"22,59 : 67.12"
"22,60 : 48.51"
"22,61 : 87.69"
"22,62 : 92.91"
"22,63 : 36.36"
"22,64 : 14.04"
"22,65 : 92.96"
"22,66 : 69.72"
"22,67 : 54.78"
"22,68 : 98.6"
"22,69 : 91.41"
"22,70 : 33.84"
"22,71 : 61.0"
"22,72 : 89.27"
"22,73 : 102.0"
"22,74 : 86.28"
"22,75 : 75.31"
"22,76 : 30.46"
"22,77 : 45.19"
"22,78 : 50.09"
"22,79 : 23.26"
"22,80 : 77.67"
"22,81 : 39.05"
"22,82 : 89.27"
"22,83 : 69.31"
"22,84 : 23.85"
"22,85 : 72.9"
"22,86 : 61.4"
"22,87 : 44.91"
"22,88 : 95.48"
"22,89 : 48.08"
"22,90 : 83.22"
"22,91 : 26.4"
"22,92 : 64.07"
"22,93 : 78.92"
"22,94 : 16.4"
"22,95 : 49.34"
"22,96 : 18.38"
"22,97 : 68.25"
"22,98 : 65.39"
"22,99 : 92.09"
"23,0 : 14.42"
"23,1 : 10.0"
"23,2 : 57.25"
"23,3 : 23.41"
"23,4 : 41.4"
"23,5 : 16.55"
"23,6 : 43.19"
"23,7 : 21.93"
"23,8 : 24.08"
"23,9 : 25.55"
"23,10 : 18.87"
"23,11 : 14.04"
"23,12 : 11.66"
"23,13 : 74.85"
"23,14 : 42.19"
"23,15 : 58.31"
"23,16 : 73.82"
"23,17 : 78.41"
"23,18 : 43.01"
"23,19 : 90.21"
"23,20 : 31.38"
"23,21 : 37.58"
"23,22 : 58.26"
"23,23 : 0.0"
"23,24 : 75.29"
"23,25 : 45.65"
"23,26 : 60.42"
"23,27 : 15.81"
"23,28 : 42.72"
"23,29 : 75.21"
"23,30 : 20.1"
"23,31 : 49.04"
"23,32 : 65.51"
"23,33 : 57.43"
"23,34 : 6.32"
"23,35 : 86.28"
"23,36 : 84.65"
"23,37 : 51.4"
"23,38 : 12.04"
"23,39 : 51.74"
"23,40 : 52.92"
"23,41 : 16.12"
"23,42 : 26.17"
"23,43 : 46.1"
"23,44 : 40.22"
"23,45 : 75.6"
"23,46 : 54.57"
"23,47 : 58.22"
"23,48 : 63.89"
"23,49 : 48.33"
"23,50 : 48.84"
"23,51 : 51.62"
"23,52 : 26.4"
"23,53 : 51.11"
"23,54 : 39.96"
"23,55 : 78.87"
"23,56 : 71.69"
"23,57 : 34.21"
"23,58 : 27.02"
"23,59 : 57.45"
"23,60 : 25.08"
"23,61 : 60.46"
"23,62 : 40.61"
"23,63 : 22.8"
"23,64 : 51.43"
"23,65 : 83.74"
"23,66 : 63.63"
"23,67 : 18.03"
"23,68 : 44.27"
"23,69 : 60.42"
"23,70 : 29.07"
"23,71 : 40.31"
"23,72 : 55.9"
"23,73 : 47.17"
"23,74 : 28.6"
"23,75 : 69.64"
"23,76 : 30.23"
"23,77 : 64.12"
"23,78 : 15.0"
"23,79 : 57.28"
"23,80 : 48.6"
"23,81 : 36.01"
"23,82 : 64.4"
"23,83 : 13.34"
"23,84 : 34.66"
"23,85 : 20.4"
"23,86 : 34.0"
"23,87 : 54.45"
"23,88 : 37.64"
"23,89 : 23.02"
"23,90 : 33.0"
"23,91 : 57.49"
"23,92 : 55.07"
"23,93 : 52.63"
"23,94 : 63.98"
"23,95 : 60.83"
"23,96 : 62.77"
"23,97 : 16.12"
"23,98 : 18.6"
"23,99 : 73.66"
"24,0 : 80.62"
"24,1 : 65.3"
"24,2 : 84.05"
"24,3 : 70.94"
"24,4 : 115.97"
"24,5 : 91.4"
"24,6 : 54.23"
"24,7 : 56.44"
"24,8 : 78.23"
"24,9 : 50.21"
"24,10 : 57.69"
"24,11 : 68.1"
"24,12 : 86.83"
"24,13 : 77.78"
"24,14 : 37.95"
"24,15 : 26.31"
"24,16 : 19.24"
"24,17 : 17.2"
"24,18 : 49.34"
"24,19 : 15.81"
"24,20 : 89.69"
"24,21 : 40.0"
"24,22 : 85.99"
"24,23 : 75.29"
"24,24 : 0.0"
"24,25 : 72.28"
"24,26 : 33.73"
"24,27 : 71.12"
"24,28 : 116.69"
"24,29 : 19.1"
"24,30 : 92.65"
"24,31 : 72.01"
"24,32 : 62.29"
"24,33 : 51.79"
"24,34 : 70.0"
"24,35 : 15.13"
"24,36 : 9.43"
"24,37 : 24.04"
"24,38 : 82.76"
"24,39 : 84.17"
"24,40 : 68.59"
"24,41 : 62.29"
"24,42 : 76.66"
"24,43 : 61.03"
"24,44 : 82.38"
"24,45 : 2.83"
"24,46 : 61.2"
"24,47 : 63.79"
"24,48 : 11.4"
"24,49 : 38.21"
"24,50 : 40.26"
"24,51 : 87.8"
"24,52 : 48.92"
"24,53 : 26.08"
"24,54 : 39.56"
"24,55 : 15.26"
"24,56 : 76.42"
"24,57 : 81.74"
"24,58 : 56.3"
"24,59 : 20.12"
"24,60 : 94.49"
"24,61 : 24.08"
"24,62 : 65.49"
"24,63 : 79.32"
"24,64 : 72.01"
"24,65 : 8.49"
"24,66 : 16.28"
"24,67 : 91.22"
"24,68 : 72.25"
"24,69 : 29.43"
"24,70 : 86.61"
"24,71 : 112.7"
"24,72 : 33.06"
"24,73 : 75.11"
"24,74 : 79.06"
"24,75 : 11.05"
"24,76 : 83.73"
"24,77 : 44.41"
"24,78 : 85.63"
"24,79 : 64.07"
"24,80 : 30.36"
"24,81 : 51.89"
"24,82 : 20.4"
"24,83 : 70.33"
"24,84 : 79.2"
"24,85 : 93.74"
"24,86 : 107.52"
"24,87 : 41.19"
"24,88 : 84.17"
"24,89 : 92.31"
"24,90 : 59.91"
"24,91 : 61.03"
"24,92 : 23.26"
"24,93 : 25.96"
"24,94 : 75.0"
"24,95 : 38.05"
"24,96 : 72.0"
"24,97 : 64.5"
"24,98 : 93.86"
"24,99 : 11.4"
"25,0 : 60.03"
"25,1 : 42.52"
"25,2 : 98.41"
"25,3 : 65.12"
"25,4 : 65.92"
"25,5 : 57.01"
"25,6 : 74.3"
"25,7 : 52.2"
"25,8 : 24.33"
"25,9 : 39.36"
"25,10 : 48.41"
"25,11 : 54.56"
"25,12 : 52.5"
"25,13 : 29.83"
"25,14 : 60.73"
"25,15 : 46.17"
"25,16 : 59.48"
"25,17 : 84.38"
"25,18 : 23.19"
"25,19 : 81.94"
"25,20 : 28.86"
"25,21 : 38.47"
"25,22 : 15.81"
"25,23 : 45.65"
"25,24 : 72.28"
"25,25 : 0.0"
"25,26 : 78.45"
"25,27 : 58.26"
"25,28 : 64.54"
"25,29 : 83.1"
"25,30 : 63.25"
"25,31 : 87.62"
"25,32 : 25.3"
"25,33 : 85.62"
"25,34 : 47.2"
"25,35 : 75.58"
"25,36 : 79.38"
"25,37 : 53.01"
"25,38 : 40.26"
"25,39 : 12.04"
"25,40 : 9.22"
"25,41 : 33.94"
"25,42 : 21.38"
"25,43 : 80.45"
"25,44 : 83.63"
"25,45 : 70.88"
"25,46 : 15.81"
"25,47 : 91.79"
"25,48 : 63.64"
"25,49 : 68.96"
"25,50 : 32.02"
"25,51 : 15.52"
"25,52 : 42.49"
"25,53 : 48.17"
"25,54 : 59.14"
"25,55 : 83.6"
"25,56 : 26.68"
"25,57 : 78.24"
"25,58 : 26.42"
"25,59 : 52.77"
"25,60 : 42.11"
"25,61 : 72.25"
"25,62 : 77.8"
"25,63 : 26.31"
