x,y
55,29
83,87
44,1
18,48
6,7
91,99
16,44
9,7
74,6
96,46
61,32
58,1
0,44
57,47
50,40
38,5
90,39
50,79
25,52
52,81
48,74
60,28
37,39
55,19
56,71
6,0
30,62
22,35
18,35
82,84
52,34
27,95
44,68
93,46
85,86
43,18
38,57
9,90
74,95
82,19
17,2
79,64
42,98
0,28
94,0
87,59
33,55
92,80
6,29
94,12
54,82
10,52
21,75
38,96
96,18
69,27
13,81
15,13
61,5
71,94
64,61
57,11
28,23
3,96
88,45
15,89
49,51
17,84
37,15
63,50
97,54
54,54
52,11
18,10
25,35
53,78
12,84
9,61
19,26
34,96
0,52
37,30
70,60
57,21
27,6
37,72
97,89
70,94
40,23
67,35
22,70
34,40
94,61
77,94
46,97
1,90
81,6
33,77
23,35
15,20

Distanze
"0,0 : 0.0"
"0,1 : 64.4"
"0,2 : 30.08"
"0,3 : 41.59"
"0,4 : 53.71"
"0,5 : 78.71"
"0,6 : 41.79"
"0,7 : 50.99"
"0,8 : 29.83"
"0,9 : 44.38"
"0,10 : 6.71"
"0,11 : 28.16"
"0,12 : 57.01"
"0,13 : 18.11"
"0,14 : 12.08"
"0,15 : 29.41"
"0,16 : 36.4"
"0,17 : 50.25"
"0,18 : 37.8"
"0,19 : 52.09"
"0,20 : 45.54"
"0,21 : 5.1"
"0,22 : 20.59"
"0,23 : 10.0"
"0,24 : 42.01"
"0,25 : 56.94"
"0,26 : 41.4"
"0,27 : 33.54"
"0,28 : 37.48"
"0,29 : 61.27"
"0,30 : 5.83"
"0,31 : 71.69"
"0,32 : 40.52"
"0,33 : 41.63"
"0,34 : 64.41"
"0,35 : 16.28"
"0,36 : 32.76"
"0,37 : 76.4"
"0,38 : 68.68"
"0,39 : 28.79"
"0,40 : 46.62"
"0,41 : 42.44"
"0,42 : 70.21"
"0,43 : 55.01"
"0,44 : 48.6"
"0,45 : 43.86"
"0,46 : 34.06"
"0,47 : 63.01"
"0,48 : 49.0"
"0,49 : 42.54"
"0,50 : 53.01"
"0,51 : 50.54"
"0,52 : 57.2"
"0,53 : 69.12"
"0,54 : 42.45"
"0,55 : 14.14"
"0,56 : 66.84"
"0,57 : 43.08"
"0,58 : 24.74"
"0,59 : 66.94"
"0,60 : 33.24"
"0,61 : 18.11"
"0,62 : 27.66"
"0,63 : 84.81"
"0,64 : 36.67"
"0,65 : 72.11"
"0,66 : 22.8"
"0,67 : 66.85"
"0,68 : 22.8"
"0,69 : 22.47"
"0,70 : 48.88"
"0,71 : 25.02"
"0,72 : 18.25"
"0,73 : 41.59"
"0,74 : 30.59"
"0,75 : 49.04"
"0,76 : 69.81"
"0,77 : 56.04"
"0,78 : 36.12"
"0,79 : 70.21"
"0,80 : 59.62"
"0,81 : 18.03"
"0,82 : 34.44"
"0,83 : 8.25"
"0,84 : 36.24"
"0,85 : 46.62"
"0,86 : 73.24"
"0,87 : 66.71"
"0,88 : 16.16"
"0,89 : 13.42"
"0,90 : 52.63"
"0,91 : 23.71"
"0,92 : 50.45"
"0,93 : 68.62"
"0,94 : 68.59"
"0,95 : 81.47"
"0,96 : 34.71"
"0,97 : 52.8"
"0,98 : 32.56"
"0,99 : 41.0"
"1,0 : 64.4"
"1,1 : 0.0"
"1,2 : 94.43"
"1,3 : 75.8"
"1,4 : 111.04"
"1,5 : 14.42"
"1,6 : 79.61"
"1,7 : 108.98"
"1,8 : 81.5"
"1,9 : 43.01"
"1,10 : 59.24"
"1,11 : 89.56"
"1,12 : 93.48"
"1,13 : 47.71"
"1,14 : 57.43"
"1,15 : 93.54"
"1,16 : 48.51"
"1,17 : 33.96"
"1,18 : 67.74"
"1,19 : 31.58"
"1,20 : 37.34"
"1,21 : 63.32"
"1,22 : 66.48"
"1,23 : 73.54"
"1,24 : 31.38"
"1,25 : 116.18"
"1,26 : 58.6"
"1,27 : 80.16"
"1,28 : 83.24"
"1,29 : 3.16"
"1,30 : 61.4"
"1,31 : 56.57"
"1,32 : 43.38"
"1,33 : 42.2"
"1,34 : 2.24"
"1,35 : 79.76"
"1,36 : 54.08"
"1,37 : 74.06"
"1,38 : 12.04"
"1,39 : 68.01"
"1,40 : 107.62"
"1,41 : 23.35"
"1,42 : 42.45"
"1,43 : 101.83"
"1,44 : 87.69"
"1,45 : 28.28"
"1,46 : 59.36"
"1,47 : 11.4"
"1,48 : 96.4"
"1,49 : 75.8"
"1,50 : 29.43"
"1,51 : 80.96"
"1,52 : 63.15"
"1,53 : 45.89"
"1,54 : 70.21"
"1,55 : 61.61"
"1,56 : 70.26"
"1,57 : 100.5"
"1,58 : 84.9"
"1,59 : 13.89"
"1,60 : 32.2"
"1,61 : 80.32"
"1,62 : 84.39"
"1,63 : 80.5"
"1,64 : 42.3"
"1,65 : 68.03"
"1,66 : 49.52"
"1,67 : 66.07"
"1,68 : 85.44"
"1,69 : 42.06"
"1,70 : 35.85"
"1,71 : 43.93"
"1,72 : 82.08"
"1,73 : 100.77"
"1,74 : 77.9"
"1,75 : 31.32"
"1,76 : 71.06"
"1,77 : 78.43"
"1,78 : 88.41"
"1,79 : 49.82"
"1,80 : 90.08"
"1,81 : 73.25"
"1,82 : 29.97"
"1,83 : 70.94"
"1,84 : 98.47"
"1,85 : 48.38"
"1,86 : 14.14"
"1,87 : 14.76"
"1,88 : 77.1"
"1,89 : 54.41"
"1,90 : 63.32"
"1,91 : 67.9"
"1,92 : 28.23"
"1,93 : 9.22"
"1,94 : 38.33"
"1,95 : 82.05"
"1,96 : 81.02"
"1,97 : 50.99"
"1,98 : 79.4"
"1,99 : 95.46"
"2,0 : 30.08"
"2,1 : 94.43"
"2,2 : 0.0"
"2,3 : 53.71"
"2,4 : 38.47"
"2,5 : 108.69"
"2,6 : 51.31"
"2,7 : 35.51"
"2,8 : 30.41"
"2,9 : 68.77"
"2,10 : 35.36"
"2,11 : 14.0"
"2,12 : 61.52"
"2,13 : 47.8"
"2,14 : 39.46"
"2,15 : 7.21"
"2,16 : 59.67"
"2,17 : 78.23"
"2,18 : 54.42"
"2,19 : 80.4"
"2,20 : 73.11"
"2,21 : 31.38"
"2,22 : 38.64"
"2,23 : 21.1"
"2,24 : 71.02"
"2,25 : 38.01"
"2,26 : 62.59"
"2,27 : 40.5"
"2,28 : 42.8"
"2,29 : 91.29"
"2,30 : 33.96"
"2,31 : 95.52"
"2,32 : 67.0"
"2,33 : 66.53"
"2,34 : 94.37"
"2,35 : 17.03"
"2,36 : 56.32"
"2,37 : 95.63"
"2,38 : 98.67"
"2,39 : 42.05"
"2,40 : 27.02"
"2,41 : 72.07"
"2,42 : 97.02"
"2,43 : 51.62"
"2,44 : 50.01"
"2,45 : 72.2"
"2,46 : 55.11"
"2,47 : 92.44"
"2,48 : 47.2"
"2,49 : 51.2"
"2,50 : 81.61"
"2,51 : 61.29"
"2,52 : 77.49"
"2,53 : 95.19"
"2,54 : 54.71"
"2,55 : 36.07"
"2,56 : 85.8"
"2,57 : 31.38"
"2,58 : 17.46"
"2,59 : 96.84"
"2,60 : 63.25"
"2,61 : 16.4"
"2,62 : 27.2"
"2,63 : 103.47"
"2,64 : 62.23"
"2,65 : 92.66"
"2,66 : 50.25"
"2,67 : 87.28"
"2,68 : 15.65"
"2,69 : 52.55"
"2,70 : 74.95"
"2,71 : 53.94"
"2,72 : 12.81"
"2,73 : 27.51"
"2,74 : 38.95"
"2,75 : 77.52"
"2,76 : 88.96"
"2,77 : 69.46"
"2,78 : 35.36"
"2,79 : 95.52"
"2,80 : 67.36"
"2,81 : 29.83"
"2,82 : 64.47"
"2,83 : 23.85"
"2,84 : 17.72"
"2,85 : 71.34"
"2,86 : 102.73"
"2,87 : 96.57"
"2,88 : 22.36"
"2,89 : 41.05"
"2,90 : 72.42"
"2,91 : 40.26"
"2,92 : 78.1"
"2,93 : 98.68"
"2,94 : 96.02"
"2,95 : 98.84"
"2,96 : 37.34"
"2,97 : 76.79"
"2,98 : 39.96"
"2,99 : 34.67"
"3,0 : 41.59"
"3,1 : 75.8"
"3,2 : 53.71"
"3,3 : 0.0"
"3,4 : 42.72"
"3,5 : 89.05"
"3,6 : 4.47"
"3,7 : 41.98"
"3,8 : 70.0"
"3,9 : 78.03"
"3,10 : 45.88"
"3,11 : 61.72"
"3,12 : 18.44"
"3,13 : 39.01"
"3,14 : 32.98"
"3,15 : 47.42"
"3,16 : 72.56"
"3,17 : 44.55"
"3,18 : 8.06"
"3,19 : 47.38"
"3,20 : 39.7"
"3,21 : 46.52"
"3,22 : 21.02"
"3,23 : 47.01"
"3,24 : 44.42"
"3,25 : 49.48"
"3,26 : 18.44"
"3,27 : 13.6"
"3,28 : 13.0"
"3,29 : 73.43"
"3,30 : 36.77"
"3,31 : 47.85"
"3,32 : 32.8"
"3,33 : 75.03"
"3,34 : 77.03"
"3,35 : 39.05"
"3,36 : 21.93"
"3,37 : 42.95"
"3,38 : 73.11"
"3,39 : 70.26"
"3,40 : 46.01"
"3,41 : 63.06"
"3,42 : 55.46"
"3,43 : 26.91"
"3,44 : 89.89"
"3,45 : 69.87"
"3,46 : 16.55"
"3,47 : 80.62"
"3,48 : 22.47"
"3,49 : 84.1"
"3,50 : 49.52"
"3,51 : 8.94"
"3,52 : 27.17"
"3,53 : 52.0"
"3,54 : 83.57"
"3,55 : 55.15"
"3,56 : 33.38"
"3,57 : 35.13"
"3,58 : 60.81"
"3,59 : 70.18"
"3,60 : 47.8"
"3,61 : 53.76"
"3,62 : 26.93"
"3,63 : 50.29"
"3,64 : 70.06"
"3,65 : 41.11"
"3,66 : 31.14"
"3,67 : 36.01"
"3,68 : 38.08"
"3,69 : 45.04"
"3,70 : 79.23"
"3,71 : 36.5"
"3,72 : 50.25"
"3,73 : 38.0"
"3,74 : 14.76"
"3,75 : 46.1"
"3,76 : 36.5"
"3,77 : 15.81"
"3,78 : 22.02"
"3,79 : 50.6"
"3,80 : 18.44"
"3,81 : 26.17"
"3,82 : 53.37"
"3,83 : 47.43"
"3,84 : 42.95"
"3,85 : 30.61"
"3,86 : 89.01"
"3,87 : 69.43"
"3,88 : 33.3"
"3,89 : 50.7"
"3,90 : 22.36"
"3,91 : 17.89"
"3,92 : 77.1"
"3,93 : 74.81"
"3,94 : 56.44"
"3,95 : 45.31"
"3,96 : 75.72"
"3,97 : 32.65"
"3,98 : 13.93"
"3,99 : 28.16"
"4,0 : 53.71"
"4,1 : 111.04"
"4,2 : 38.47"
"4,3 : 42.72"
"4,4 : 0.0"
"4,5 : 125.26"
"4,6 : 38.33"
"4,7 : 3.0"
"4,8 : 68.01"
"4,9 : 98.09"
"4,10 : 60.42"
"4,11 : 52.35"
"4,12 : 37.48"
"4,13 : 64.82"
"4,14 : 55.0"
"4,15 : 32.06"
"4,16 : 89.89"
"4,17 : 84.38"
"4,18 : 48.85"
"4,19 : 87.13"
"4,20 : 79.08"
"4,21 : 57.94"
"4,22 : 44.55"
"4,23 : 50.45"
"4,24 : 81.22"
"4,25 : 7.0"
"4,26 : 60.01"
"4,27 : 32.25"
"4,28 : 30.46"
"4,29 : 108.19"
"4,30 : 53.34"
"4,31 : 90.47"
"4,32 : 71.87"
"4,33 : 95.34"
"4,34 : 111.72"
"4,35 : 38.6"
"4,36 : 59.36"
"4,37 : 83.05"
"4,38 : 111.21"
"4,39 : 76.94"
"4,40 : 12.08"
"4,41 : 92.62"
"4,42 : 97.86"
"4,43 : 21.84"
"4,44 : 88.28"
"4,45 : 96.25"
"4,46 : 55.07"
"4,47 : 112.81"
"4,48 : 22.0"
"4,49 : 88.14"
"4,50 : 89.04"
"4,51 : 45.18"
"4,52 : 69.63"
"4,53 : 94.58"
"4,54 : 90.67"
"4,55 : 66.1"
"4,56 : 74.33"
"4,57 : 10.82"
"4,58 : 55.04"
"4,59 : 108.6"
"4,60 : 79.25"
"4,61 : 51.16"
"4,62 : 27.2"
"4,63 : 89.05"
"4,64 : 90.38"
"4,65 : 82.49"
"4,66 : 61.52"
"4,67 : 77.78"
"4,68 : 32.02"
"4,69 : 71.4"
"4,70 : 102.42"
"4,71 : 67.18"
"4,72 : 46.17"
"4,73 : 12.37"
"4,74 : 33.84"
"4,75 : 85.15"
"4,76 : 77.23"
"4,77 : 54.08"
"4,78 : 23.02"
"4,79 : 93.3"
"4,80 : 45.4"
"4,81 : 38.6"
"4,82 : 83.1"
"4,83 : 52.89"
"4,84 : 21.02"
"4,85 : 72.01"
"4,86 : 122.49"
"4,87 : 108.0"
"4,88 : 37.58"
"4,89 : 67.12"
"4,90 : 65.0"
"4,91 : 43.28"
"4,92 : 103.25"
"4,93 : 112.29"
"4,94 : 98.49"
"4,95 : 83.15"
"4,96 : 75.01"
"4,97 : 75.03"
"4,98 : 32.76"
"4,99 : 15.81"
"5,0 : 78.71"
"5,1 : 14.42"
"5,2 : 108.69"
"5,3 : 89.05"
"5,4 : 125.26"
"5,5 : 0.0"
"5,6 : 93.01"
"5,7 : 123.24"
"5,8 : 94.54"
"5,9 : 53.24"
"5,10 : 73.41"
"5,11 : 103.41"
"5,12 : 106.33"
"5,13 : 62.13"
"5,14 : 71.85"
"5,15 : 107.91"
"5,16 : 60.01"
"5,17 : 45.62"
"5,18 : 81.02"
"5,19 : 42.95"
"5,20 : 49.74"
"5,21 : 77.47"
"5,22 : 80.72"
"5,23 : 87.73"
"5,24 : 44.82"
"5,25 : 130.48"
"5,26 : 71.34"
"5,27 : 94.11"
"5,28 : 97.08"
"5,29 : 17.49"
"5,30 : 75.8"
"5,31 : 64.12"
"5,32 : 56.3"
"5,33 : 53.04"
"5,34 : 14.32"
"5,35 : 94.15"
"5,36 : 67.62"
"5,37 : 82.49"
"5,38 : 17.46"
"5,39 : 80.5"
"5,40 : 122.0"
"5,41 : 37.0"
"5,42 : 49.01"
"5,43 : 115.42"
"5,44 : 99.05"
"5,45 : 40.2"
"5,46 : 72.8"
"5,47 : 19.03"
"5,48 : 110.11"
"5,49 : 87.05"
"5,50 : 40.72"
"5,51 : 93.65"
"5,52 : 74.0"
"5,53 : 53.08"
"5,54 : 81.15"
"5,55 : 75.29"
"5,56 : 80.05"
"5,57 : 114.77"
"5,58 : 98.67"
"5,59 : 20.62"
"5,60 : 46.62"
"5,61 : 94.34"
"5,62 : 98.72"
"5,63 : 88.05"
"5,64 : 54.08"
"5,65 : 76.66"
"5,66 : 63.78"
"5,67 : 75.5"
"5,68 : 99.86"
"5,69 : 56.44"
"5,70 : 45.4"
"5,71 : 58.26"
"5,72 : 96.25"
"5,73 : 115.11"
"5,74 : 91.93"
"5,75 : 43.42"
"5,76 : 80.41"
"5,77 : 90.38"
"5,78 : 102.53"
"5,79 : 57.08"
"5,80 : 102.42"
"5,81 : 87.62"
"5,82 : 44.29"
"5,83 : 85.09"
"5,84 : 112.89"
"5,85 : 60.37"
"5,86 : 11.66"
"5,87 : 21.59"
"5,88 : 91.53"
"5,89 : 68.35"
"5,90 : 74.85"
"5,91 : 82.04"
"5,92 : 38.12"
"5,93 : 14.87"
"5,94 : 45.04"
"5,95 : 90.45"
"5,96 : 93.54"
"5,97 : 62.03"
"5,98 : 93.38"
"5,99 : 109.62"
"6,0 : 41.79"
"6,1 : 79.61"
"6,2 : 51.31"
"6,3 : 4.47"
"6,4 : 38.33"
"6,5 : 93.01"
"6,6 : 0.0"
"6,7 : 37.66"
"6,8 : 69.34"
"6,9 : 80.02"
"6,10 : 46.57"
"6,11 : 60.11"
"6,12 : 16.0"
"6,13 : 41.11"
"6,14 : 34.23"
"6,15 : 44.78"
"6,16 : 74.17"
"6,17 : 48.8"
"6,18 : 12.04"
"6,19 : 51.62"
"6,20 : 43.86"
"6,21 : 46.82"
"6,22 : 21.59"
"6,23 : 46.32"
"6,24 : 48.26"
"6,25 : 45.12"
"6,26 : 22.8"
"6,27 : 10.82"
"6,28 : 9.22"
"6,29 : 77.18"
"6,30 : 37.36"
"6,31 : 52.17"
"6,32 : 36.88"
"6,33 : 77.03"
"6,34 : 80.78"
"6,35 : 37.48"
"6,36 : 25.55"
"6,37 : 46.53"
"6,38 : 77.23"
"6,39 : 70.58"
"6,40 : 42.01"
"6,41 : 66.1"
"6,42 : 59.93"
"6,43 : 22.63"
"6,44 : 89.55"
"6,45 : 72.57"
"6,46 : 20.25"
"6,47 : 84.1"
"6,48 : 18.03"
"6,49 : 84.31"
"6,50 : 53.74"
"6,51 : 10.0"
"6,52 : 31.4"
"6,53 : 56.46"
"6,54 : 84.12"
"6,55 : 55.66"
"6,56 : 37.12"
"6,57 : 31.02"
"6,58 : 59.55"
"6,59 : 74.33"
"6,60 : 50.92"
"6,61 : 52.63"
"6,62 : 24.19"
"6,63 : 53.6"
"6,64 : 72.01"
"6,65 : 45.01"
"6,66 : 33.73"
"6,67 : 40.01"
"6,68 : 35.81"
"6,69 : 47.38"
"6,70 : 81.61"
"6,71 : 39.29"
"6,72 : 48.84"
"6,73 : 34.06"
"6,74 : 12.73"
"6,75 : 50.25"
"6,76 : 40.2"
"6,77 : 18.38"
"6,78 : 18.25"
"6,79 : 55.03"
"6,80 : 17.89"
"6,81 : 25.24"
"6,82 : 56.32"
"6,83 : 47.01"
"6,84 : 39.56"
"6,85 : 35.0"
"6,86 : 92.66"
"6,87 : 73.59"
"6,88 : 31.89"
"6,89 : 51.79"
"6,90 : 26.68"
"6,91 : 18.44"
"6,92 : 79.83"
"6,93 : 78.87"
"6,94 : 60.9"
"6,95 : 48.38"
"6,96 : 75.29"
"6,97 : 37.12"
"6,98 : 11.4"
"6,99 : 24.02"
"7,0 : 50.99"
"7,1 : 108.98"
"7,2 : 35.51"
"7,3 : 41.98"
"7,4 : 3.0"
"7,5 : 123.24"
"7,6 : 37.66"
"7,7 : 0.0"
"7,8 : 65.01"
"7,9 : 95.34"
"7,10 : 57.7"
"7,11 : 49.37"
"7,12 : 38.08"
"7,13 : 62.48"
"7,14 : 52.63"
"7,15 : 29.07"
"7,16 : 87.09"
"7,17 : 82.86"
"7,18 : 47.76"
"7,19 : 85.59"
"7,20 : 77.52"
"7,21 : 55.15"
"7,22 : 42.52"
"7,23 : 47.54"
"7,24 : 79.4"
"7,25 : 7.62"
"7,26 : 58.87"
"7,27 : 30.87"
"7,28 : 29.41"
"7,29 : 106.1"
"7,30 : 50.77"
"7,31 : 89.82"
"7,32 : 70.33"
"7,33 : 92.61"
"7,34 : 109.62"
"7,35 : 35.74"
"7,36 : 57.8"
"7,37 : 83.0"
"7,38 : 109.4"
"7,39 : 73.98"
"7,40 : 9.43"
"7,41 : 90.27"
"7,42 : 96.8"
"7,43 : 22.85"
"7,44 : 85.29"
"7,45 : 93.74"
"7,46 : 53.67"
"7,47 : 110.54"
"7,48 : 22.2"
"7,49 : 85.15"
"7,50 : 87.46"
"7,51 : 45.01"
"7,52 : 69.05"
"7,53 : 93.61"
"7,54 : 87.69"
"7,55 : 63.25"
"7,56 : 74.11"
"7,57 : 8.49"
"7,58 : 52.04"
"7,59 : 106.83"
"7,60 : 77.08"
"7,61 : 48.17"
"7,62 : 24.84"
"7,63 : 89.2"
"7,64 : 87.66"
"7,65 : 82.22"
"7,66 : 59.46"
"7,67 : 77.41"
"7,68 : 29.12"
"7,69 : 69.03"
"7,70 : 99.76"
"7,71 : 65.07"
"7,72 : 43.19"
"7,73 : 9.49"
"7,74 : 32.25"
"7,75 : 83.53"
"7,76 : 77.06"
"7,77 : 54.0"
"7,78 : 21.47"
"7,79 : 92.44"
"7,80 : 45.89"
"7,81 : 36.24"
"7,82 : 80.81"
"7,83 : 50.0"
"7,84 : 18.03"
"7,85 : 70.77"
"7,86 : 120.28"
"7,87 : 106.25"
"7,88 : 34.89"
"7,89 : 64.4"
"7,90 : 64.33"
"7,91 : 41.4"
"7,92 : 100.7"
"7,93 : 110.42"
"7,94 : 97.31"
"7,95 : 83.38"
"7,96 : 72.01"
"7,97 : 74.0"
"7,98 : 31.3"
"7,99 : 14.32"
"8,0 : 29.83"
"8,1 : 81.5"
"8,2 : 30.41"
"8,3 : 70.0"
"8,4 : 68.01"
"8,5 : 94.54"
"8,6 : 69.34"
"8,7 : 65.01"
"8,8 : 0.0"
"8,9 : 45.65"
"8,10 : 29.07"
"8,11 : 16.76"
"8,12 : 83.19"
"8,13 : 44.38"
"8,14 : 41.62"
"8,15 : 36.01"
"8,16 : 36.67"
"8,17 : 76.84"
"8,18 : 67.21"
"8,19 : 78.16"
"8,20 : 72.8"
"8,21 : 26.08"
"8,22 : 49.58"
"8,23 : 23.02"
"8,24 : 67.45"
"8,25 : 68.26"
"8,26 : 71.22"
"8,27 : 59.54"
"8,28 : 63.06"
"8,29 : 78.41"
"8,30 : 35.61"
"8,31 : 100.65"
"8,32 : 68.88"
"8,33 : 44.28"
"8,34 : 80.75"
"8,35 : 33.24"
"8,36 : 62.43"
"8,37 : 106.21"
"8,38 : 89.0"
"8,39 : 15.26"
"8,40 : 57.14"
"8,41 : 58.22"
"8,42 : 97.41"
"8,43 : 77.2"
"8,44 : 20.88"
"8,45 : 54.57"
"8,46 : 63.89"
"8,47 : 76.16"
"8,48 : 71.78"
"8,49 : 20.88"
"8,50 : 78.59"
"8,51 : 78.82"
"8,52 : 87.01"
"8,53 : 96.93"
"8,54 : 25.06"
"8,55 : 21.59"
"8,56 : 96.67"
"8,57 : 59.41"
"8,58 : 13.04"
"8,59 : 88.05"
"8,60 : 55.9"
"8,61 : 17.72"
"8,62 : 49.04"
"8,63 : 114.63"
"8,64 : 41.44"
"8,65 : 101.83"
"8,66 : 51.48"
"8,67 : 96.61"
"8,68 : 38.08"
"8,69 : 45.35"
"8,70 : 53.23"
"8,71 : 52.0"
"8,72 : 22.56"
"8,73 : 56.14"
"8,74 : 56.94"
"8,75 : 75.0"
"8,76 : 99.64"
"8,77 : 85.15"
"8,78 : 58.52"
"8,79 : 98.49"
"8,80 : 87.13"
"8,81 : 44.1"
"8,82 : 54.15"
"8,83 : 22.67"
"8,84 : 47.0"
"8,85 : 75.66"
"8,86 : 86.13"
"8,87 : 88.09"
"8,88 : 38.01"
"8,89 : 29.83"
"8,90 : 82.46"
"8,91 : 52.5"
"8,92 : 58.52"
"8,93 : 88.05"
"8,94 : 95.21"
"8,95 : 111.29"
"8,96 : 7.0"
"8,97 : 81.99"
"8,98 : 58.67"
"8,99 : 60.64"
"9,0 : 44.38"
"9,1 : 43.01"
"9,2 : 68.77"
"9,3 : 78.03"
"9,4 : 98.09"
"9,5 : 53.24"
"9,6 : 80.02"
"9,7 : 95.34"
"9,8 : 45.65"
"9,9 : 0.0"
"9,10 : 37.7"
"9,11 : 58.9"
"9,12 : 96.02"
"9,13 : 39.01"
"9,14 : 46.39"
"9,15 : 71.03"
"9,16 : 9.22"
"9,17 : 56.61"
"9,18 : 71.25"
"9,19 : 56.22"
"9,20 : 55.57"
"9,21 : 40.25"
"9,22 : 59.41"
"9,23 : 49.09"
"9,24 : 47.17"
"9,25 : 101.07"
"9,26 : 67.91"
"9,27 : 74.81"
"9,28 : 78.77"
"9,29 : 40.5"
"9,30 : 45.61"
"9,31 : 84.63"
"9,32 : 56.46"
"9,33 : 3.0"
"9,34 : 41.48"
"9,35 : 59.94"
"9,36 : 59.03"
"9,37 : 97.49"
"9,38 : 53.71"
"9,39 : 30.41"
"9,40 : 90.43"
"9,41 : 24.76"
"9,42 : 74.97"
"9,43 : 97.67"
"9,44 : 46.04"
"9,45 : 15.81"
"9,46 : 63.64"
"9,47 : 34.23"
"9,48 : 91.59"
"9,49 : 34.06"
"9,50 : 55.32"
"9,51 : 86.21"
"9,52 : 80.41"
"9,53 : 76.58"
"9,54 : 28.0"
"9,55 : 33.02"
"9,56 : 90.08"
"9,57 : 87.46"
"9,58 : 53.91"
"9,59 : 54.12"
"9,60 : 35.34"
"9,61 : 52.4"
"9,62 : 71.78"
"9,63 : 105.59"
"9,64 : 8.06"
"9,65 : 91.71"
"9,66 : 47.27"
"9,67 : 87.66"
"9,68 : 66.65"
"9,69 : 33.24"
"9,70 : 8.06"
"9,71 : 42.76"
"9,72 : 56.22"
"9,73 : 85.91"
"9,74 : 71.85"
"9,75 : 53.6"
"9,76 : 92.2"
"9,77 : 88.28"
"9,78 : 79.56"
"9,79 : 79.65"
"9,80 : 96.19"
"9,81 : 61.13"
"9,82 : 29.53"
"9,83 : 46.32"
"9,84 : 79.76"
"9,85 : 64.47"
"9,86 : 43.01"
"9,87 : 54.59"
"9,88 : 60.54"
"9,89 : 31.02"
"9,90 : 77.79"
"9,91 : 62.29"
"9,92 : 15.13"
"9,93 : 51.62"
"9,94 : 71.42"
"9,95 : 104.69"
"9,96 : 42.72"
"9,97 : 70.21"
"9,98 : 73.82"
"9,99 : 85.07"
"10,0 : 6.71"
"10,1 : 59.24"
"10,2 : 35.36"
"10,3 : 45.88"
"10,4 : 60.42"
"10,5 : 73.41"
"10,6 : 46.57"
"10,7 : 57.7"
"10,8 : 29.07"
"10,9 : 37.7"
"10,10 : 0.0"
"10,11 : 31.14"
"10,12 : 62.17"
"10,13 : 15.52"
"10,14 : 13.6"
"10,15 : 35.47"
"10,16 : 29.83"
"10,17 : 48.27"
"10,18 : 41.18"
"10,19 : 49.82"
"10,20 : 43.97"
"10,21 : 4.12"
"10,22 : 25.0"
"10,23 : 14.32"
"10,24 : 39.32"
"10,25 : 63.63"
"10,26 : 43.14"
"10,27 : 39.12"
"10,28 : 43.1"
"10,29 : 56.08"
"10,30 : 9.22"
"10,31 : 71.59"
"10,32 : 39.81"
"10,33 : 34.93"
"10,34 : 59.09"
"10,35 : 22.8"
"10,36 : 33.97"
"10,37 : 77.9"
"10,38 : 64.33"
"10,39 : 24.7"
"10,40 : 53.25"
"10,41 : 36.72"
"10,42 : 68.68"
"10,43 : 61.13"
"10,44 : 45.97"
"10,45 : 37.48"
"10,46 : 36.24"
"10,47 : 57.14"
"10,48 : 55.08"
"10,49 : 38.59"
"10,50 : 50.49"
"10,51 : 54.78"
"10,52 : 58.73"
"10,53 : 68.01"
"10,54 : 37.7"
"10,55 : 9.43"
"10,56 : 68.59"
"10,57 : 49.77"
"10,58 : 27.0"
"10,59 : 62.8"
"10,60 : 29.15"
"10,61 : 21.38"
"10,62 : 34.21"
"10,63 : 86.37"
"10,64 : 29.97"
"10,65 : 73.25"
"10,66 : 22.47"
"10,67 : 68.12"
"10,68 : 29.41"
"10,69 : 18.11"
"10,70 : 42.19"
"10,71 : 23.09"
"10,72 : 22.85"
"10,73 : 48.3"
"10,74 : 36.12"
"10,75 : 46.69"
"10,76 : 71.45"
"10,77 : 59.54"
"10,78 : 42.43"
"10,79 : 69.46"
"10,80 : 64.2"
"10,81 : 24.08"
"10,82 : 29.41"
"10,83 : 11.7"
"10,84 : 42.8"
"10,85 : 46.65"
"10,86 : 67.42"
"10,87 : 62.65"
"10,88 : 22.85"
"10,89 : 6.71"
"10,90 : 54.45"
"10,91 : 28.16"
"10,92 : 43.93"
"10,93 : 64.03"
"10,94 : 66.71"
"10,95 : 83.45"
"10,96 : 32.8"
"10,97 : 53.0"
"10,98 : 38.12"
"10,99 : 47.54"
"11,0 : 28.16"
"11,1 : 89.56"
"11,2 : 14.0"
"11,3 : 61.72"
"11,4 : 52.35"
"11,5 : 103.41"
"11,6 : 60.11"
"11,7 : 49.37"
"11,8 : 16.76"
"11,9 : 58.9"
"11,10 : 31.14"
"11,11 : 0.0"
"11,12 : 72.2"
"11,13 : 46.01"
"11,14 : 39.81"
"11,15 : 20.4"
"11,16 : 49.68"
"11,17 : 78.41"
"11,18 : 60.75"
"11,19 : 80.22"
"11,20 : 73.68"
"11,21 : 27.07"
"11,22 : 43.42"
"11,23 : 18.25"
"11,24 : 70.03"
"11,25 : 52.01"
"11,26 : 67.12"
"11,27 : 49.52"
"11,28 : 52.5"
"11,29 : 86.4"
"11,30 : 33.54"
"11,31 : 98.98"
"11,32 : 68.45"
"11,33 : 57.01"
"11,34 : 89.19"
"11,35 : 22.67"
"11,36 : 59.46"
"11,37 : 101.6"
"11,38 : 95.35"
"11,39 : 30.0"
"11,40 : 41.01"
"11,41 : 66.41"
"11,42 : 98.31"
"11,43 : 63.98"
"11,44 : 36.01"
"11,45 : 64.85"
"11,46 : 59.51"
"11,47 : 86.01"
"11,48 : 59.06"
"11,49 : 37.64"
"11,50 : 81.1"
"11,51 : 70.04"
"11,52 : 82.73"
"11,53 : 97.08"
"11,54 : 41.63"
"11,55 : 28.23"
"11,56 : 91.79"
"11,57 : 44.64"
"11,58 : 5.0"
"11,59 : 93.9"
"11,60 : 60.3"
"11,61 : 10.05"
"11,62 : 37.2"
"11,63 : 109.77"
"11,64 : 53.25"
"11,65 : 97.94"
"11,66 : 50.8"
"11,67 : 92.57"
"11,68 : 25.24"
"11,69 : 49.25"
"11,70 : 65.8"
"11,71 : 53.15"
"11,72 : 11.66"
"11,73 : 41.0"
"11,74 : 47.38"
"11,75 : 77.16"
"11,76 : 94.89"
"11,77 : 77.47"
"11,78 : 46.32"
"11,79 : 97.98"
"11,80 : 77.23"
"11,81 : 35.81"
"11,82 : 60.21"
"11,83 : 20.02"
"11,84 : 31.4"
"11,85 : 74.04"
"11,86 : 96.25"
"11,87 : 93.77"
"11,88 : 28.43"
"11,89 : 35.17"
"11,90 : 77.83"
"11,91 : 45.79"
"11,92 : 69.97"
"11,93 : 94.92"
"11,94 : 96.75"
"11,95 : 105.69"
"11,96 : 23.54"
"11,97 : 80.01"
"11,98 : 48.8"
"11,99 : 47.01"
"12,0 : 57.01"
"12,1 : 93.48"
"12,2 : 61.52"
"12,3 : 18.44"
"12,4 : 37.48"
"12,5 : 106.33"
"12,6 : 16.0"
"12,7 : 38.08"
"12,8 : 83.19"
"12,9 : 96.02"
"12,10 : 62.17"
"12,11 : 72.2"
"12,12 : 0.0"
"12,13 : 57.08"
"12,14 : 50.16"
"12,15 : 54.45"
"12,16 : 90.14"
"12,17 : 61.03"
"12,18 : 26.25"
"12,19 : 63.82"
"12,20 : 56.6"
"12,21 : 62.1"
"12,22 : 37.34"
"12,23 : 60.42"
"12,24 : 62.17"
"12,25 : 44.41"
"12,26 : 34.99"
"12,27 : 23.77"
"12,28 : 20.12"
"12,29 : 91.24"
"12,30 : 52.95"
"12,31 : 57.71"
"12,32 : 50.12"
"12,33 : 93.02"
"12,34 : 94.81"
"12,35 : 50.25"
"12,36 : 40.16"
"12,37 : 46.87"
"12,38 : 89.87"
"12,39 : 85.73"
"12,40 : 45.31"
"12,41 : 81.49"
"12,42 : 68.41"
"12,43 : 16.0"
"12,44 : 103.79"
"12,45 : 88.28"
"12,46 : 34.79"
"12,47 : 98.79"
"12,48 : 16.16"
"12,49 : 99.3"
"12,50 : 66.03"
"12,51 : 12.81"
"12,52 : 37.44"
"12,53 : 64.4"
"12,54 : 99.46"
"12,55 : 71.06"
"12,56 : 39.22"
"12,57 : 34.44"
"12,58 : 72.4"
"12,59 : 86.84"
"12,60 : 66.22"
"12,61 : 65.86"
"12,62 : 35.0"
"12,63 : 52.09"
"12,64 : 88.01"
"12,65 : 47.43"
"12,66 : 49.5"
"12,67 : 43.46"
"12,68 : 47.01"
"12,69 : 63.29"
"12,70 : 97.51"
"12,71 : 54.92"
"12,72 : 61.59"
"12,73 : 38.47"
"12,74 : 26.57"
"12,75 : 62.97"
"12,76 : 41.76"
"12,77 : 19.24"
"12,78 : 26.17"
"12,79 : 62.13"
"12,80 : 8.0"
"12,81 : 39.56"
"12,82 : 71.81"
"12,83 : 61.47"
"12,84 : 46.62"
"12,85 : 46.4"
"12,86 : 106.93"
"12,87 : 86.02"
"12,88 : 45.18"
"12,89 : 67.6"
"12,90 : 34.06"
"12,91 : 34.23"
"12,92 : 95.52"
"12,93 : 91.81"
"12,94 : 70.18"
"12,95 : 46.01"
"12,96 : 89.47"
"12,97 : 46.67"
"12,98 : 24.7"
"12,99 : 28.3"
"13,0 : 18.11"
"13,1 : 47.71"
"13,2 : 47.8"
"13,3 : 39.01"
"13,4 : 64.82"
"13,5 : 62.13"
"13,6 : 41.11"
"13,7 : 62.48"
"13,8 : 44.38"
"13,9 : 39.01"
"13,10 : 15.52"
"13,11 : 46.01"
"13,12 : 57.08"
"13,13 : 0.0"
"13,14 : 9.9"
"13,15 : 46.1"
"13,16 : 33.96"
"13,17 : 32.76"
"13,18 : 32.39"
"13,19 : 34.37"
"13,20 : 28.46"
"13,21 : 19.24"
"13,22 : 21.54"
"13,23 : 28.07"
"13,24 : 24.02"
"13,25 : 69.35"
"13,26 : 30.89"
"13,27 : 37.0"
"13,28 : 40.8"
"13,29 : 44.65"
"13,30 : 13.93"
"13,31 : 56.6"
"13,32 : 24.7"
"13,33 : 36.01"
"13,34 : 48.01"
"13,35 : 32.2"
"13,36 : 21.47"
"13,37 : 64.44"
"13,38 : 50.92"
"13,39 : 37.54"
"13,40 : 60.21"
"13,41 : 27.8"
"13,42 : 53.16"
"13,43 : 60.08"
"13,44 : 59.82"
"13,45 : 32.31"
"13,46 : 25.3"
"13,47 : 48.1"
"13,48 : 54.08"
"13,49 : 50.93"
"13,50 : 35.13"
"13,51 : 47.27"
"13,52 : 45.61"
"13,53 : 52.55"
"13,54 : 48.6"
"13,55 : 23.32"
"13,56 : 55.61"
"13,57 : 54.04"
"13,58 : 42.19"
"13,59 : 49.04"
"13,60 : 15.65"
"13,61 : 36.0"
"13,62 : 37.64"
"13,63 : 72.92"
"13,64 : 31.06"
"13,65 : 59.4"
"13,66 : 8.94"
"13,67 : 54.49"
"13,68 : 37.74"
"13,69 : 6.71"
"13,70 : 40.61"
"13,71 : 7.62"
"13,72 : 36.35"
"13,73 : 53.76"
"13,74 : 34.18"
"13,75 : 31.26"
"13,76 : 58.26"
"13,77 : 50.0"
"13,78 : 43.42"
"13,79 : 54.13"
"13,80 : 57.22"
"13,81 : 26.25"
"13,82 : 18.38"
"13,83 : 26.0"
"13,84 : 50.8"
"13,85 : 32.02"
"13,86 : 58.0"
"13,87 : 48.76"
"13,88 : 29.41"
"13,89 : 15.62"
"13,90 : 41.88"
"13,91 : 24.04"
"13,92 : 39.56"
"13,93 : 51.08"
"13,94 : 51.2"
"13,95 : 70.6"
"13,96 : 47.51"
"13,97 : 38.42"
"13,98 : 36.06"
"13,99 : 49.93"
"14,0 : 12.08"
"14,1 : 57.43"
"14,2 : 39.46"
"14,3 : 32.98"
"14,4 : 55.0"
"14,5 : 71.85"
"14,6 : 34.23"
"14,7 : 52.63"
"14,8 : 41.62"
"14,9 : 46.39"
"14,10 : 13.6"
"14,11 : 39.81"
"14,12 : 50.16"
"14,13 : 9.9"
"14,14 : 0.0"
"14,15 : 37.0"
"14,16 : 40.01"
"14,17 : 39.0"
"14,18 : 27.73"
"14,19 : 41.05"
"14,20 : 34.06"
"14,21 : 15.62"
"14,22 : 13.04"
"14,23 : 21.59"
"14,24 : 31.58"
"14,25 : 59.46"
"14,26 : 29.73"
"14,27 : 28.44"
"14,28 : 32.39"
"14,29 : 54.41"
"14,30 : 6.32"
"14,31 : 59.62"
"14,32 : 28.64"
"14,33 : 43.42"
"14,34 : 57.8"
"14,35 : 23.09"
"14,36 : 20.81"
"14,37 : 64.66"
"14,38 : 60.01"
"14,39 : 38.28"
"14,40 : 50.33"
"14,41 : 37.64"
"14,42 : 58.55"
"14,43 : 51.42"
"14,44 : 59.46"
"14,45 : 41.59"
"14,46 : 22.67"
"14,47 : 58.0"
"14,48 : 45.35"
"14,49 : 52.15"
"14,50 : 42.19"
"14,51 : 41.76"
"14,52 : 45.45"
"14,53 : 57.27"
"14,54 : 50.99"
"14,55 : 23.02"
"14,56 : 55.23"
"14,57 : 44.2"
"14,58 : 36.69"
"14,59 : 57.94"
"14,60 : 25.24"
"14,61 : 29.83"
"14,62 : 27.8"
"14,63 : 73.11"
"14,64 : 38.33"
"14,65 : 60.22"
"14,66 : 11.05"
"14,67 : 55.0"
"14,68 : 28.18"
"14,69 : 16.4"
"14,70 : 49.04"
"14,71 : 14.56"
"14,72 : 29.07"
"14,73 : 43.86"
"14,74 : 25.5"
"14,75 : 38.12"
"14,76 : 58.14"
"14,77 : 46.07"
"14,78 : 34.01"
"14,79 : 58.24"
"14,80 : 51.42"
"14,81 : 16.4"
"14,82 : 28.28"
"14,83 : 20.25"
"14,84 : 41.05"
"14,85 : 34.54"
"14,86 : 67.9"
"14,87 : 57.58"
"14,88 : 19.72"
"14,89 : 17.72"
"14,90 : 41.04"
"14,91 : 16.0"
"14,92 : 48.75"
"14,93 : 60.37"
"14,94 : 57.14"
"14,95 : 70.01"
"14,96 : 46.01"
"14,97 : 40.72"
"14,98 : 27.46"
"14,99 : 40.31"
"15,0 : 29.41"
"15,1 : 93.54"
"15,2 : 7.21"
"15,3 : 47.42"
"15,4 : 32.06"
"15,5 : 107.91"
"15,6 : 44.78"
"15,7 : 29.07"
"15,8 : 36.01"
"15,9 : 71.03"
"15,10 : 35.47"
"15,11 : 20.4"
"15,12 : 54.45"
"15,13 : 46.1"
"15,14 : 37.0"
"15,15 : 0.0"
"15,16 : 62.13"
"15,17 : 74.97"
"15,18 : 48.76"
"15,19 : 77.28"
"15,20 : 69.72"
"15,21 : 31.83"
"15,22 : 34.01"
"15,23 : 22.02"
"15,24 : 68.41"
"15,25 : 32.39"
"15,26 : 57.56"
"15,27 : 34.0"
"15,28 : 36.06"
"15,29 : 90.43"
"15,30 : 32.2"
"15,31 : 90.67"
"15,32 : 63.29"
"15,33 : 68.6"
"15,34 : 93.65"
"15,35 : 13.93"
"15,36 : 52.0"
"15,37 : 89.81"
"15,38 : 96.93"
"15,39 : 46.17"
"15,40 : 21.21"
"15,41 : 71.85"
"15,42 : 93.09"
"15,43 : 44.42"
"15,44 : 56.22"
"15,45 : 72.92"
"15,46 : 50.25"
"15,47 : 92.42"
"15,48 : 40.0"
"15,49 : 56.44"
"15,50 : 78.64"
"15,51 : 54.71"
"15,52 : 72.03"
"15,53 : 91.0"
"15,54 : 59.44"
"15,55 : 38.01"
"15,56 : 80.01"
"15,57 : 24.35"
"15,58 : 23.0"
"15,59 : 94.92"
"15,60 : 61.74"
"15,61 : 19.92"
"15,62 : 20.59"
"15,63 : 97.5"
"15,64 : 64.03"
"15,65 : 87.09"
"15,66 : 47.3"
"15,67 : 81.74"
"15,68 : 10.05"
"15,69 : 51.48"
"15,70 : 76.69"
"15,71 : 51.55"
"15,72 : 15.23"
"15,73 : 20.62"
"15,74 : 32.7"
"15,75 : 74.53"
"15,76 : 83.17"
"15,77 : 63.06"
"15,78 : 28.32"
"15,79 : 91.09"
"15,80 : 60.44"
"15,81 : 25.02"
"15,82 : 63.63"
"15,83 : 24.84"
"15,84 : 11.05"
"15,85 : 67.01"
"15,86 : 102.65"
"15,87 : 94.58"
"15,88 : 18.11"
"15,89 : 41.73"
"15,90 : 66.94"
"15,91 : 35.23"
"15,92 : 79.2"
"15,93 : 97.17"
"15,94 : 92.35"
"15,95 : 92.7"
"15,96 : 43.01"
"15,97 : 72.17"
"15,98 : 33.54"
"15,99 : 27.46"
"16,0 : 36.4"
"16,1 : 48.51"
"16,2 : 59.67"
"16,3 : 72.56"
"16,4 : 89.89"
"16,5 : 60.01"
"16,6 : 74.17"
"16,7 : 87.09"
"16,8 : 36.67"
"16,9 : 9.22"
"16,10 : 29.83"
"16,11 : 49.68"
"16,12 : 90.14"
"16,13 : 33.96"
"16,14 : 40.01"
"16,15 : 62.13"
"16,16 : 0.0"
"16,17 : 56.57"
"16,18 : 66.29"
"16,19 : 56.64"
"16,20 : 54.67"
"16,21 : 31.95"
"16,22 : 53.0"
"16,23 : 40.31"
"16,24 : 46.69"
"16,25 : 92.61"
"16,26 : 64.26"
"16,27 : 68.12"
"16,28 : 72.11"
"16,29 : 45.71"
"16,30 : 38.33"
"16,31 : 84.29"
"16,32 : 54.38"
"16,33 : 7.62"
"16,34 : 47.27"
"16,35 : 51.48"
"16,36 : 55.03"
"16,37 : 95.72"
"16,38 : 58.24"
"16,39 : 21.54"
"16,40 : 81.84"
"16,41 : 27.31"
"16,42 : 76.06"
"16,43 : 90.67"
"16,44 : 39.2"
"16,45 : 20.22"
"16,46 : 59.2"
"16,47 : 41.05"
"16,48 : 84.59"
"16,49 : 27.29"
"16,50 : 56.08"
"16,51 : 81.05"
"16,52 : 77.83"
"16,53 : 77.16"
"16,54 : 21.84"
"16,55 : 24.19"
"16,56 : 87.71"
"16,57 : 79.38"
"16,58 : 44.69"
"16,59 : 58.19"
"16,60 : 34.06"
"16,61 : 43.28"
"16,62 : 64.03"
"16,63 : 104.01"
"16,64 : 6.32"
"16,65 : 90.14"
"16,66 : 42.72"
"16,67 : 85.76"
"16,68 : 58.18"
"16,69 : 29.15"
"16,70 : 16.55"
"16,71 : 39.0"
"16,72 : 47.2"
"16,73 : 77.62"
"16,74 : 65.12"
"16,75 : 53.76"
"16,76 : 90.05"
"16,77 : 83.93"
"16,78 : 72.18"
"16,79 : 79.91"
"16,80 : 90.93"
"16,81 : 53.76"
"16,82 : 29.0"
"16,83 : 37.59"
"16,84 : 71.12"
"16,85 : 62.43"
"16,86 : 50.49"
"16,87 : 58.52"
"16,88 : 52.5"
"16,89 : 23.35"
"16,90 : 74.73"
"16,91 : 56.01"
"16,92 : 22.36"
"16,93 : 56.52"
"16,94 : 72.8"
"16,95 : 102.58"
"16,96 : 34.21"
"16,97 : 68.51"
"16,98 : 67.12"
"16,99 : 77.37"
"17,0 : 50.25"
"17,1 : 33.96"
"17,2 : 78.23"
"17,3 : 44.55"
"17,4 : 84.38"
"17,5 : 45.62"
"17,6 : 48.8"
"17,7 : 82.86"
"17,8 : 76.84"
"17,9 : 56.61"
"17,10 : 48.27"
"17,11 : 78.41"
"17,12 : 61.03"
"17,13 : 32.76"
"17,14 : 39.0"
"17,15 : 74.97"
"17,16 : 56.57"
"17,17 : 0.0"
"17,18 : 36.8"
"17,19 : 2.83"
"17,20 : 5.39"
"17,21 : 51.97"
"17,22 : 42.06"
"17,23 : 60.21"
"17,24 : 10.0"
"17,25 : 90.43"
"17,26 : 26.25"
"17,27 : 52.15"
"17,28 : 54.41"
"17,29 : 32.39"
"17,30 : 45.04"
"17,31 : 28.02"
"17,32 : 12.53"
"17,33 : 54.2"
"17,34 : 35.69"
"17,35 : 61.4"
"17,36 : 25.06"
"17,37 : 42.45"
"17,38 : 28.84"
"17,39 : 68.0"
"17,40 : 83.77"
"17,41 : 32.65"
"17,42 : 20.62"
"17,43 : 71.42"
"17,44 : 90.43"
"17,45 : 42.06"
"17,46 : 29.41"
"17,47 : 42.01"
"17,48 : 66.6"
"17,49 : 80.16"
"17,50 : 5.0"
"17,51 : 48.26"
"17,52 : 29.27"
"17,53 : 20.81"
"17,54 : 76.4"
"17,55 : 55.36"
"17,56 : 37.05"
"17,57 : 74.71"
"17,58 : 74.81"
"17,59 : 25.81"
"17,60 : 22.8"
"17,61 : 68.36"
"17,62 : 60.17"
"17,63 : 49.98"
"17,64 : 50.99"
"17,65 : 36.4"
"17,66 : 28.02"
"17,67 : 33.38"
"17,68 : 65.31"
"17,69 : 31.78"
"17,70 : 53.24"
"17,71 : 25.32"
"17,72 : 68.03"
"17,73 : 76.06"
"17,74 : 50.61"
"17,75 : 3.16"
"17,76 : 38.33"
"17,77 : 44.78"
"17,78 : 61.4"
"17,79 : 23.35"
"17,80 : 56.82"
"17,81 : 50.7"
"17,82 : 27.59"
"17,83 : 58.42"
"17,84 : 76.54"
"17,85 : 14.76"
"17,86 : 48.05"
"17,87 : 25.0"
"17,88 : 56.89"
"17,89 : 47.17"
"17,90 : 29.41"
"17,91 : 42.15"
"17,92 : 47.54"
"17,93 : 30.89"
"17,94 : 18.44"
"17,95 : 50.22"
"17,96 : 79.31"
"17,97 : 17.12"
"17,98 : 51.62"
"17,99 : 68.6"
"18,0 : 37.8"
"18,1 : 67.74"
"18,2 : 54.42"
"18,3 : 8.06"
"18,4 : 48.85"
"18,5 : 81.02"
"18,6 : 12.04"
"18,7 : 47.76"
"18,8 : 67.21"
"18,9 : 71.25"
"18,10 : 41.18"
"18,11 : 60.75"
"18,12 : 26.25"
"18,13 : 32.39"
"18,14 : 27.73"
"18,15 : 48.76"
"18,16 : 66.29"
"18,17 : 36.8"
"18,18 : 0.0"
"18,19 : 39.62"
"18,20 : 31.83"
"18,21 : 42.44"
"18,22 : 17.69"
"18,23 : 44.6"
"18,24 : 36.36"
"18,25 : 55.36"
"18,26 : 11.18"
"18,27 : 17.26"
"18,28 : 18.38"
"18,29 : 65.37"
"18,30 : 32.45"
"18,31 : 43.05"
"18,32 : 24.84"
"18,33 : 68.26"
"18,34 : 68.96"
"18,35 : 38.47"
"18,36 : 13.93"
"18,37 : 41.23"
"18,38 : 65.19"
"18,39 : 65.86"
"18,40 : 50.64"
"18,41 : 55.32"
"18,42 : 49.04"
"18,43 : 34.66"
"18,44 : 86.4"
"18,45 : 62.39"
"18,46 : 8.54"
"18,47 : 72.62"
"18,48 : 29.83"
"18,49 : 79.76"
"18,50 : 41.73"
"18,51 : 15.0"
"18,52 : 23.35"
"18,53 : 45.88"
"18,54 : 78.72"
"18,55 : 50.61"
"18,56 : 31.38"
"18,57 : 40.26"
"18,58 : 59.2"
"18,59 : 62.29"
"18,60 : 40.02"
"18,61 : 52.01"
"18,62 : 29.15"
"18,63 : 49.19"
"18,64 : 63.39"
"18,65 : 38.33"
"18,66 : 24.02"
"18,67 : 32.98"
"18,68 : 38.9"
"18,69 : 38.05"
"18,70 : 72.03"
"18,71 : 29.07"
"18,72 : 49.09"
"18,73 : 42.58"
"18,74 : 17.0"
"18,75 : 38.21"
"18,76 : 34.54"
"18,77 : 18.36"
"18,78 : 26.68"
"18,79 : 44.91"
"18,80 : 25.0"
"18,81 : 25.06"
"18,82 : 45.71"
"18,83 : 44.55"
"18,84 : 46.04"
"18,85 : 23.32"
"18,86 : 80.95"
"18,87 : 61.55"
"18,88 : 32.65"
"18,89 : 45.31"
"18,90 : 18.25"
"18,91 : 15.0"
"18,92 : 69.58"
"18,93 : 66.84"
"18,94 : 49.66"
"18,95 : 44.94"
"18,96 : 72.47"
"18,97 : 26.25"
"18,98 : 17.12"
"18,99 : 33.53"
"19,0 : 52.09"
"19,1 : 31.58"
"19,2 : 80.4"
"19,3 : 47.38"
"19,4 : 87.13"
"19,5 : 42.95"
"19,6 : 51.62"
"19,7 : 85.59"
"19,8 : 78.16"
"19,9 : 56.22"
"19,10 : 49.82"
"19,11 : 80.22"
"19,12 : 63.82"
"19,13 : 34.37"
"19,14 : 41.05"
"19,15 : 77.28"
"19,16 : 56.64"
"19,17 : 2.83"
"19,18 : 39.62"
"19,19 : 0.0"
"19,20 : 8.06"
"19,21 : 53.6"
"19,22 : 44.6"
"19,23 : 62.07"
"19,24 : 10.77"
"19,25 : 93.15"
"19,26 : 29.07"
"19,27 : 54.92"
"19,28 : 57.2"
"19,29 : 30.15"
"19,30 : 47.0"
"19,31 : 28.65"
"19,32 : 15.26"
"19,33 : 53.91"
"19,34 : 33.38"
"19,35 : 63.64"
"19,36 : 27.78"
"19,37 : 43.93"
"19,38 : 26.08"
"19,39 : 68.88"
"19,40 : 86.41"
"19,41 : 31.91"
"19,42 : 19.72"
"19,43 : 74.25"
"19,44 : 91.24"
"19,45 : 41.34"
"19,46 : 32.2"
"19,47 : 40.01"
"19,48 : 69.43"
"19,49 : 80.78"
"19,50 : 2.24"
"19,51 : 51.04"
"19,52 : 31.58"
"19,53 : 20.52"
"19,54 : 76.84"
"19,55 : 56.61"
"19,56 : 39.0"
"19,57 : 77.41"
"19,58 : 76.53"
"19,59 : 23.02"
"19,60 : 23.32"
"19,61 : 70.18"
"19,62 : 62.77"
"19,63 : 51.24"
"19,64 : 50.91"
"19,65 : 37.85"
"19,66 : 30.15"
"19,67 : 35.13"
"19,68 : 67.68"
"19,69 : 32.89"
"19,70 : 52.48"
"19,71 : 27.07"
"19,72 : 70.0"
"19,73 : 78.72"
"19,74 : 53.34"
"19,75 : 3.16"
"19,76 : 40.11"
"19,77 : 47.42"
"19,78 : 64.14"
"19,79 : 23.43"
"19,80 : 59.54"
"19,81 : 53.16"
"19,82 : 27.66"
"19,83 : 60.21"
"19,84 : 79.06"
"19,85 : 17.49"
"19,86 : 45.71"
"19,87 : 22.2"
"19,88 : 59.23"
"19,89 : 48.38"
"19,90 : 31.95"
"19,91 : 44.78"
"19,92 : 46.52"
"19,93 : 28.18"
"19,94 : 17.09"
"19,95 : 51.79"
"19,96 : 80.41"
"19,97 : 19.42"
"19,98 : 54.38"
"19,99 : 71.34"
"20,0 : 45.54"
"20,1 : 37.34"
"20,2 : 73.11"
"20,3 : 39.7"
"20,4 : 79.08"
"20,5 : 49.74"
"20,6 : 43.86"
"20,7 : 77.52"
"20,8 : 72.8"
"20,9 : 55.57"
"20,10 : 43.97"
"20,11 : 73.68"
"20,12 : 56.6"
"20,13 : 28.46"
"20,14 : 34.06"
"20,15 : 69.72"
"20,16 : 54.67"
"20,17 : 5.39"
"20,18 : 31.83"
"20,19 : 8.06"
"20,20 : 0.0"
"20,21 : 47.54"
"20,22 : 36.69"
"20,23 : 55.44"
"20,24 : 8.54"
"20,25 : 85.09"
"20,26 : 21.63"
"20,27 : 46.87"
"20,28 : 49.2"
"20,29 : 35.44"
"20,30 : 40.2"
"20,31 : 29.7"
"20,32 : 7.21"
"20,33 : 53.0"
"20,34 : 38.9"
"20,35 : 56.22"
"20,36 : 19.72"
"20,37 : 42.15"
"20,38 : 33.42"
"20,39 : 64.66"
"20,40 : 78.39"
"20,41 : 32.57"
"20,42 : 24.74"
"20,43 : 66.48"
"20,44 : 87.13"
"20,45 : 41.79"
"20,46 : 24.21"
"20,47 : 44.41"
"20,48 : 61.55"
"20,49 : 77.2"
"20,50 : 10.0"
"20,51 : 43.91"
"20,52 : 27.02"
"20,53 : 24.17"
"20,54 : 73.76"
"20,55 : 51.48"
"20,56 : 35.69"
"20,57 : 69.35"
"20,58 : 70.21"
"20,59 : 30.48"
"20,60 : 20.62"
"20,61 : 63.64"
"20,62 : 54.78"
"20,63 : 50.09"
"20,64 : 49.41"
"20,65 : 36.25"
"20,66 : 23.02"
"20,67 : 32.57"
"20,68 : 60.02"
"20,69 : 28.3"
"20,70 : 52.92"
"20,71 : 20.88"
"20,72 : 63.13"
"20,73 : 70.68"
"20,74 : 45.28"
"20,75 : 6.4"
"20,76 : 37.36"
"20,77 : 41.11"
"20,78 : 56.08"
"20,79 : 26.08"
"20,80 : 52.8"
"20,81 : 45.35"
"20,82 : 26.08"
"20,83 : 53.76"
"20,84 : 71.17"
"20,85 : 11.18"
"20,86 : 51.24"
"20,87 : 29.73"
"20,88 : 51.62"
"20,89 : 43.38"
"20,90 : 26.31"
"20,91 : 36.77"
"20,92 : 47.8"
"20,93 : 35.23"
"20,94 : 23.09"
"20,95 : 49.65"
"20,96 : 75.58"
"20,97 : 15.3"
"20,98 : 46.32"
"20,99 : 63.29"
"21,0 : 5.1"
"21,1 : 63.32"
"21,2 : 31.38"
"21,3 : 46.52"
"21,4 : 57.94"
"21,5 : 77.47"
"21,6 : 46.82"
"21,7 : 55.15"
"21,8 : 26.08"
"21,9 : 40.25"
"21,10 : 4.12"
"21,11 : 27.07"
"21,12 : 62.1"
"21,13 : 19.24"
"21,14 : 15.62"
"21,15 : 31.83"
"21,16 : 31.95"
"21,17 : 51.97"
"21,18 : 42.44"
"21,19 : 53.6"
"21,20 : 47.54"
"21,21 : 0.0"
"21,22 : 25.5"
"21,23 : 10.3"
"21,24 : 43.19"
"21,25 : 60.83"
"21,26 : 45.34"
"21,27 : 38.64"
"21,28 : 42.58"
"21,29 : 60.17"
"21,30 : 10.0"
"21,31 : 74.69"
"21,32 : 43.08"
"21,33 : 37.59"
"21,34 : 63.16"
"21,35 : 19.72"
"21,36 : 36.4"
"21,37 : 80.28"
"21,38 : 68.45"
"21,39 : 23.77"
"21,40 : 50.25"
"21,41 : 40.71"
"21,42 : 72.28"
"21,43 : 60.0"
"21,44 : 44.05"
"21,45 : 41.11"
"21,46 : 38.18"
"21,47 : 61.06"
"21,48 : 54.01"
"21,49 : 37.58"
"21,50 : 54.33"
"21,51 : 55.46"
"21,52 : 61.07"
"21,53 : 71.47"
"21,54 : 37.36"
"21,55 : 9.06"
"21,56 : 70.84"
"21,57 : 47.43"
"21,58 : 23.02"
"21,59 : 66.91"
"21,60 : 33.24"
"21,61 : 17.26"
"21,62 : 32.39"
"21,63 : 88.73"
"21,64 : 32.76"
"21,65 : 75.8"
"21,66 : 25.5"
"21,67 : 70.6"
"21,68 : 26.42"
"21,69 : 22.2"
"21,70 : 45.22"
"21,71 : 26.68"
"21,72 : 18.79"
"21,73 : 45.69"
"21,74 : 35.69"
"21,75 : 50.49"
"21,76 : 73.76"
"21,77 : 60.75"
"21,78 : 41.05"
"21,79 : 72.8"
"21,80 : 64.62"
"21,81 : 23.09"
"21,82 : 33.53"
"21,83 : 7.62"
"21,84 : 39.66"
"21,85 : 49.65"
"21,86 : 71.34"
"21,87 : 66.75"
"21,88 : 20.62"
"21,89 : 9.9"
"21,90 : 56.64"
"21,91 : 28.64"
"21,92 : 47.38"
"21,93 : 68.15"
"21,94 : 70.41"
"21,95 : 85.59"
"21,96 : 30.41"
"21,97 : 55.95"
"21,98 : 37.66"
"21,99 : 45.71"
"22,0 : 20.59"
"22,1 : 66.48"
"22,2 : 38.64"
"22,3 : 21.02"
"22,4 : 44.55"
"22,5 : 80.72"
"22,6 : 21.59"
"22,7 : 42.52"
"22,8 : 49.58"
"22,9 : 59.41"
"22,10 : 25.0"
"22,11 : 43.42"
"22,12 : 37.34"
"22,13 : 21.54"
"22,14 : 13.04"
"22,15 : 34.01"
"22,16 : 53.0"
"22,17 : 42.06"
"22,18 : 17.69"
"22,19 : 44.6"
"22,20 : 36.69"
"22,21 : 25.5"
"22,22 : 0.0"
"22,23 : 26.91"
"22,24 : 37.22"
"22,25 : 49.82"
"22,26 : 24.04"
"22,27 : 15.52"
"22,28 : 19.42"
"22,29 : 63.64"
"22,30 : 15.81"
"22,31 : 56.89"
"22,32 : 29.83"
"22,33 : 56.44"
"22,34 : 67.18"
"22,35 : 21.84"
"22,36 : 18.03"
"22,37 : 58.18"
"22,38 : 67.12"
"22,39 : 49.24"
"22,40 : 42.06"
"22,41 : 48.88"
"22,42 : 59.21"
"22,43 : 38.6"
"22,44 : 69.07"
"22,45 : 53.85"
"22,46 : 16.49"
"22,47 : 68.6"
"22,48 : 32.57"
"22,49 : 63.07"
"22,50 : 46.24"
"22,51 : 29.97"
"22,52 : 39.4"
"22,53 : 57.01"
"22,54 : 62.63"
"22,55 : 34.18"
"22,56 : 48.37"
"22,57 : 34.06"
"22,58 : 41.62"
"22,59 : 64.66"
"22,60 : 34.83"
"22,61 : 34.41"
"22,62 : 18.36"
"22,63 : 66.37"
"22,64 : 51.35"
"22,65 : 54.63"
"22,66 : 16.97"
"22,67 : 49.24"
"22,68 : 24.0"
"22,69 : 28.23"
"22,70 : 61.85"
"22,71 : 22.67"
"22,72 : 31.76"
"22,73 : 34.67"
"22,74 : 12.65"
"22,75 : 42.15"
"22,76 : 51.48"
"22,77 : 35.61"
"22,78 : 22.2"
"22,79 : 57.08"
"22,80 : 39.22"
"22,81 : 9.0"
"22,82 : 39.12"
"22,83 : 26.91"
"22,84 : 34.48"
"22,85 : 33.0"
"22,86 : 78.1"
"22,87 : 64.14"
"22,88 : 16.28"
"22,89 : 30.27"
"22,90 : 34.44"
"22,91 : 3.16"
"22,92 : 61.1"
"22,93 : 68.01"
"22,94 : 58.69"
"22,95 : 62.43"
"22,96 : 55.0"
"22,97 : 38.21"
"22,98 : 14.56"
"22,99 : 29.07"
"23,0 : 10.0"
"23,1 : 73.54"
"23,2 : 21.1"
"23,3 : 47.01"
"23,4 : 50.45"
"23,5 : 87.73"
"23,6 : 46.32"
"23,7 : 47.54"
"23,8 : 23.02"
"23,9 : 49.09"
"23,10 : 14.32"
"23,11 : 18.25"
"23,12 : 60.42"
"23,13 : 28.07"
"23,14 : 21.59"
"23,15 : 22.02"
"23,16 : 40.31"
"23,17 : 60.21"
"23,18 : 44.6"
"23,19 : 62.07"
"23,20 : 55.44"
"23,21 : 10.3"
"23,22 : 26.91"
"23,23 : 0.0"
"23,24 : 52.01"
"23,25 : 52.55"
"23,26 : 49.74"
"23,27 : 36.67"
"23,28 : 40.31"
"23,29 : 70.38"
"23,30 : 15.3"
"23,31 : 80.99"
"23,32 : 50.22"
"23,33 : 46.62"
"23,34 : 73.41"
"23,35 : 12.04"
"23,36 : 41.63"
"23,37 : 84.6"
"23,38 : 78.34"
"23,39 : 27.0"
"23,40 : 41.63"
"23,41 : 51.0"
"23,42 : 80.06"
"23,43 : 55.73"
"23,44 : 43.38"
"23,45 : 51.22"
"23,46 : 42.19"
"23,47 : 71.34"
"23,48 : 50.01"
"23,49 : 39.62"
"23,50 : 63.01"
"23,51 : 55.8"
"23,52 : 65.51"
"23,53 : 78.85"
"23,54 : 41.01"
"23,55 : 16.12"
"23,56 : 74.89"
"23,57 : 40.45"
"23,58 : 15.23"
"23,59 : 76.69"
"23,60 : 42.95"
"23,61 : 8.25"
"23,62 : 27.29"
"23,63 : 92.91"
"23,64 : 42.01"
"23,65 : 80.62"
"23,66 : 32.56"
"23,67 : 75.29"
"23,68 : 18.44"
"23,69 : 32.02"
"23,70 : 54.67"
"23,71 : 35.01"
"23,72 : 8.54"
"23,73 : 38.08"
"23,74 : 34.0"
"23,75 : 59.03"
"23,76 : 77.94"
"23,77 : 62.29"
"23,78 : 36.67"
"23,79 : 79.81"
"23,80 : 64.14"
"23,81 : 21.1"
"23,82 : 43.66"
"23,83 : 2.83"
"23,84 : 30.87"
"23,85 : 55.97"
"23,86 : 81.63"
"23,87 : 76.49"
"23,88 : 15.52"
"23,89 : 20.0"
"23,90 : 60.75"
"23,91 : 29.7"
"23,92 : 57.31"
"23,93 : 78.16"
"23,94 : 78.52"
"23,95 : 89.2"
"23,96 : 29.07"
"23,97 : 62.03"
"23,98 : 35.78"
"23,99 : 40.01"
"24,0 : 42.01"
"24,1 : 31.38"
"24,2 : 71.02"
"24,3 : 44.42"
"24,4 : 81.22"
"24,5 : 44.82"
"24,6 : 48.26"
"24,7 : 79.4"
"24,8 : 67.45"
"24,9 : 47.17"
"24,10 : 39.32"
"24,11 : 70.03"
"24,12 : 62.17"
"24,13 : 24.02"
"24,14 : 31.58"
"24,15 : 68.41"
"24,16 : 46.69"
"24,17 : 10.0"
"24,18 : 36.36"
"24,19 : 10.77"
"24,20 : 8.54"
"24,21 : 43.19"
"24,22 : 37.22"
"24,23 : 52.01"
"24,24 : 0.0"
"24,25 : 86.84"
"24,26 : 27.51"
"24,27 : 49.52"
"24,28 : 52.35"
"24,29 : 29.07"
"24,30 : 37.22"
"24,31 : 37.64"
"24,32 : 12.37"
"24,33 : 44.65"
"24,34 : 32.65"
"24,35 : 54.57"
"24,36 : 22.8"
"24,37 : 50.7"
"24,38 : 30.0"
"24,39 : 58.14"
"24,40 : 79.26"
"24,41 : 24.04"
"24,42 : 30.41"
"24,43 : 70.6"
"24,44 : 80.53"
"24,45 : 33.24"
"24,46 : 28.02"
"24,47 : 37.11"
"24,48 : 65.3"
"24,49 : 70.18"
"24,50 : 11.18"
"24,51 : 49.77"
"24,52 : 35.23"
"24,53 : 30.81"
"24,54 : 66.4"
"24,55 : 45.88"
"24,56 : 44.15"
"24,57 : 71.03"
"24,58 : 66.19"
"24,59 : 27.46"
"24,60 : 12.81"
"24,61 : 60.01"
"24,62 : 55.57"
"24,63 : 58.6"
"24,64 : 41.23"
"24,65 : 44.78"
"24,66 : 21.19"
"24,67 : 41.11"
"24,68 : 59.14"
"24,69 : 22.14"
"24,70 : 44.38"
"24,71 : 17.12"
"24,72 : 60.13"
"24,73 : 71.87"
"24,74 : 47.51"
"24,75 : 7.62"
"24,76 : 45.88"
"24,77 : 48.05"
"24,78 : 58.26"
"24,79 : 33.3"
"24,80 : 59.14"
"24,81 : 45.19"
"24,82 : 17.8"
"24,83 : 50.01"
"24,84 : 71.18"
"24,85 : 19.03"
"24,86 : 44.78"
"24,87 : 26.93"
"24,88 : 50.6"
"24,89 : 37.64"
"24,90 : 34.01"
"24,91 : 38.01"
"24,92 : 39.29"
"24,93 : 31.14"
"24,94 : 27.86"
"24,95 : 58.19"
"24,96 : 69.64"
"24,97 : 23.77"
"24,98 : 48.84"
"24,99 : 65.44"
"25,0 : 56.94"
"25,1 : 116.18"
"25,2 : 38.01"
"25,3 : 49.48"
"25,4 : 7.0"
"25,5 : 130.48"
"25,6 : 45.12"
"25,7 : 7.62"
"25,8 : 68.26"
"25,9 : 101.07"
"25,10 : 63.63"
"25,11 : 52.01"
"25,12 : 44.41"
"25,13 : 69.35"
"25,14 : 59.46"
"25,15 : 32.39"
"25,16 : 92.61"
"25,17 : 90.43"
"25,18 : 55.36"
"25,19 : 93.15"
"25,20 : 85.09"
"25,21 : 60.83"
"25,22 : 49.82"
"25,23 : 52.55"
"25,24 : 86.84"
"25,25 : 0.0"
"25,26 : 66.48"
"25,27 : 38.48"
"25,28 : 37.0"
"25,29 : 113.28"
"25,30 : 57.2"
"25,31 : 97.29"
"25,32 : 77.9"
"25,33 : 98.41"
"25,34 : 116.78"
"25,35 : 41.15"
"25,36 : 65.37"
"25,37 : 90.05"
"25,38 : 116.83"
"25,39 : 78.34"
"25,40 : 11.18"
"25,41 : 97.08"
"25,42 : 104.4"
"25,43 : 28.64"
"25,44 : 88.0"
"25,45 : 100.21"
"25,46 : 61.27"
"25,47 : 117.46"
"25,48 : 29.0"
"25,49 : 88.81"
"25,50 : 95.02"
"25,51 : 52.15"
"25,52 : 76.49"
"25,53 : 101.19"
"25,54 : 91.78"
"25,55 : 68.54"
"25,56 : 81.3"
"25,57 : 15.81"
"25,58 : 55.23"
"25,59 : 114.28"
"25,60 : 84.17"
"25,61 : 52.17"
"25,62 : 31.83"
"25,63 : 96.05"
"25,64 : 93.54"
"25,65 : 89.45"
