x,y
36,24
38,69
2,97
4,50
72,14
18,22
73,20
5,81
57,82
38,5
18,89
42,3
37,33
41,66
28,35
92,34
7,5
74,81
76,36
35,18
36,77
38,76
70,21
64,22
97,25
37,59
83,68
41,0
33,25
30,85
10,5
87,48
56,35
48,49
26,57
28,98
2,14
62,8
79,81
76,38
66,0
77,64
30,77
22,82
77,23
90,14
13,92
40,77
95,70
18,59
25,59
76,58
43,21
32,25
16,62
26,91
65,13
56,55
23,7
62,53
69,44
93,32
76,35
86,59
61,72
100,32
54,53
20,36
68,20
7,12
51,16
86,11
35,21
15,0
16,11
34,60
59,55
63,38
95,62
65,36
87,98
42,90
35,61
45,3
94,6
40,51
47,89
8,43
23,66
90,25
22,25
11,47
86,2
13,21
30,36
6,62
79,59
2,32
25,83
27,70

Distanze
"0,0 : 0.0"
"0,1 : 45.04"
"0,2 : 80.53"
"0,3 : 41.23"
"0,4 : 37.36"
"0,5 : 18.11"
"0,6 : 37.22"
"0,7 : 64.88"
"0,8 : 61.68"
"0,9 : 19.1"
"0,10 : 67.45"
"0,11 : 21.84"
"0,12 : 9.06"
"0,13 : 42.3"
"0,14 : 13.6"
"0,15 : 56.89"
"0,16 : 34.67"
"0,17 : 68.51"
"0,18 : 41.76"
"0,19 : 6.08"
"0,20 : 53.0"
"0,21 : 52.04"
"0,22 : 34.13"
"0,23 : 28.07"
"0,24 : 61.01"
"0,25 : 35.01"
"0,26 : 64.38"
"0,27 : 24.52"
"0,28 : 3.16"
"0,29 : 61.29"
"0,30 : 32.2"
"0,31 : 56.36"
"0,32 : 22.83"
"0,33 : 27.73"
"0,34 : 34.48"
"0,35 : 74.43"
"0,36 : 35.44"
"0,37 : 30.53"
"0,38 : 71.4"
"0,39 : 42.38"
"0,40 : 38.42"
"0,41 : 57.28"
"0,42 : 53.34"
"0,43 : 59.67"
"0,44 : 41.01"
"0,45 : 54.92"
"0,46 : 71.78"
"0,47 : 53.15"
"0,48 : 74.81"
"0,49 : 39.36"
"0,50 : 36.69"
"0,51 : 52.5"
"0,52 : 7.62"
"0,53 : 4.12"
"0,54 : 42.94"
"0,55 : 67.74"
"0,56 : 31.02"
"0,57 : 36.89"
"0,58 : 21.4"
"0,59 : 38.95"
"0,60 : 38.59"
"0,61 : 57.56"
"0,62 : 41.48"
"0,63 : 61.03"
"0,64 : 54.12"
"0,65 : 64.5"
"0,66 : 34.13"
"0,67 : 20.0"
"0,68 : 32.25"
"0,69 : 31.38"
"0,70 : 17.0"
"0,71 : 51.66"
"0,72 : 3.16"
"0,73 : 31.89"
"0,74 : 23.85"
"0,75 : 36.06"
"0,76 : 38.6"
"0,77 : 30.41"
"0,78 : 70.18"
"0,79 : 31.38"
"0,80 : 89.87"
"0,81 : 66.27"
"0,82 : 37.01"
"0,83 : 22.85"
"0,84 : 60.73"
"0,85 : 27.29"
"0,86 : 65.92"
"0,87 : 33.84"
"0,88 : 43.97"
"0,89 : 54.01"
"0,90 : 14.04"
"0,91 : 33.97"
"0,92 : 54.63"
"0,93 : 23.19"
"0,94 : 13.42"
"0,95 : 48.41"
"0,96 : 55.44"
"0,97 : 34.93"
"0,98 : 60.02"
"0,99 : 46.87"
"1,0 : 45.04"
"1,1 : 0.0"
"1,2 : 45.61"
"1,3 : 38.95"
"1,4 : 64.66"
"1,5 : 51.08"
"1,6 : 60.22"
"1,7 : 35.11"
"1,8 : 23.02"
"1,9 : 64.0"
"1,10 : 28.28"
"1,11 : 66.12"
"1,12 : 36.01"
"1,13 : 4.24"
"1,14 : 35.44"
"1,15 : 64.35"
"1,16 : 71.11"
"1,17 : 37.95"
"1,18 : 50.33"
"1,19 : 51.09"
"1,20 : 8.25"
"1,21 : 7.0"
"1,22 : 57.69"
"1,23 : 53.71"
"1,24 : 73.6"
"1,25 : 10.05"
"1,26 : 45.01"
"1,27 : 69.07"
"1,28 : 44.28"
"1,29 : 17.89"
"1,30 : 69.86"
"1,31 : 53.31"
"1,32 : 38.47"
"1,33 : 22.36"
"1,34 : 16.97"
"1,35 : 30.68"
"1,36 : 65.73"
"1,37 : 65.55"
"1,38 : 42.72"
"1,39 : 49.04"
"1,40 : 74.46"
"1,41 : 39.32"
"1,42 : 11.31"
"1,43 : 20.62"
"1,44 : 60.31"
"1,45 : 75.69"
"1,46 : 33.97"
"1,47 : 8.25"
"1,48 : 57.01"
"1,49 : 22.36"
"1,50 : 16.4"
"1,51 : 39.56"
"1,52 : 48.26"
"1,53 : 44.41"
"1,54 : 23.09"
"1,55 : 25.06"
"1,56 : 62.17"
"1,57 : 22.8"
"1,58 : 63.79"
"1,59 : 28.84"
"1,60 : 39.82"
"1,61 : 66.29"
"1,62 : 50.99"
"1,63 : 49.03"
"1,64 : 23.19"
"1,65 : 72.2"
"1,66 : 22.63"
"1,67 : 37.59"
"1,68 : 57.45"
"1,69 : 64.88"
"1,70 : 54.57"
"1,71 : 75.29"
"1,72 : 48.09"
"1,73 : 72.73"
"1,74 : 62.03"
"1,75 : 9.85"
"1,76 : 25.24"
"1,77 : 39.82"
"1,78 : 57.43"
"1,79 : 42.64"
"1,80 : 56.94"
"1,81 : 21.38"
"1,82 : 8.54"
"1,83 : 66.37"
"1,84 : 84.29"
"1,85 : 18.11"
"1,86 : 21.93"
"1,87 : 39.7"
"1,88 : 15.3"
"1,89 : 68.12"
"1,90 : 46.82"
"1,91 : 34.83"
"1,92 : 82.42"
"1,93 : 54.12"
"1,94 : 33.96"
"1,95 : 32.76"
"1,96 : 42.2"
"1,97 : 51.62"
"1,98 : 19.1"
"1,99 : 11.05"
"2,0 : 80.53"
"2,1 : 45.61"
"2,2 : 0.0"
"2,3 : 47.04"
"2,4 : 108.58"
"2,5 : 76.69"
"2,6 : 104.74"
"2,7 : 16.28"
"2,8 : 57.01"
"2,9 : 98.79"
"2,10 : 17.89"
"2,11 : 102.16"
"2,12 : 72.95"
"2,13 : 49.82"
"2,14 : 67.23"
"2,15 : 109.86"
"2,16 : 92.14"
"2,17 : 73.76"
"2,18 : 95.9"
"2,19 : 85.62"
"2,20 : 39.45"
"2,21 : 41.68"
"2,22 : 101.98"
"2,23 : 97.31"
"2,24 : 119.2"
"2,25 : 51.66"
"2,26 : 86.03"
"2,27 : 104.55"
"2,28 : 78.39"
"2,29 : 30.46"
"2,30 : 92.35"
"2,31 : 98.11"
"2,32 : 82.22"
"2,33 : 66.48"
"2,34 : 46.65"
"2,35 : 26.02"
"2,36 : 83.0"
"2,37 : 107.34"
"2,38 : 78.64"
"2,39 : 94.64"
"2,40 : 116.21"
"2,41 : 81.94"
"2,42 : 34.41"
"2,43 : 25.0"
"2,44 : 105.36"
"2,45 : 120.97"
"2,46 : 12.08"
"2,47 : 42.94"
"2,48 : 96.84"
"2,49 : 41.23"
"2,50 : 44.42"
"2,51 : 83.65"
"2,52 : 86.35"
"2,53 : 78.0"
"2,54 : 37.7"
"2,55 : 24.74"
"2,56 : 105.0"
"2,57 : 68.41"
"2,58 : 92.42"
"2,59 : 74.4"
"2,60 : 85.43"
"2,61 : 111.83"
"2,62 : 96.54"
"2,63 : 92.2"
"2,64 : 64.08"
"2,65 : 117.6"
"2,66 : 68.12"
"2,67 : 63.6"
"2,68 : 101.41"
"2,69 : 85.15"
"2,70 : 94.67"
"2,71 : 120.22"
"2,72 : 82.86"
"2,73 : 97.87"
"2,74 : 87.13"
"2,75 : 48.92"
"2,76 : 70.8"
"2,77 : 84.86"
"2,78 : 99.37"
"2,79 : 87.69"
"2,80 : 85.01"
"2,81 : 40.61"
"2,82 : 48.84"
"2,83 : 103.37"
"2,84 : 129.4"
"2,85 : 59.67"
"2,86 : 45.71"
"2,87 : 54.33"
"2,88 : 37.44"
"2,89 : 113.7"
"2,90 : 74.73"
"2,91 : 50.8"
"2,92 : 126.81"
"2,93 : 76.79"
"2,94 : 67.12"
"2,95 : 35.23"
"2,96 : 85.87"
"2,97 : 65.0"
"2,98 : 26.93"
"2,99 : 36.8"
"3,0 : 41.23"
"3,1 : 38.95"
"3,2 : 47.04"
"3,3 : 0.0"
"3,4 : 76.94"
"3,5 : 31.3"
"3,6 : 75.24"
"3,7 : 31.02"
"3,8 : 61.91"
"3,9 : 56.4"
"3,10 : 41.44"
"3,11 : 60.44"
"3,12 : 37.12"
"3,13 : 40.31"
"3,14 : 28.3"
"3,15 : 89.44"
"3,16 : 45.1"
"3,17 : 76.56"
"3,18 : 73.35"
"3,19 : 44.55"
"3,20 : 41.87"
"3,21 : 42.8"
"3,22 : 72.09"
"3,23 : 66.21"
"3,24 : 96.3"
"3,25 : 34.21"
"3,26 : 81.02"
"3,27 : 62.2"
"3,28 : 38.29"
"3,29 : 43.6"
"3,30 : 45.4"
"3,31 : 83.02"
"3,32 : 54.12"
"3,33 : 44.01"
"3,34 : 23.09"
"3,35 : 53.67"
"3,36 : 36.06"
"3,37 : 71.61"
"3,38 : 81.15"
"3,39 : 72.99"
"3,40 : 79.65"
"3,41 : 74.33"
"3,42 : 37.48"
"3,43 : 36.72"
"3,44 : 77.83"
"3,45 : 93.23"
"3,46 : 42.95"
"3,47 : 45.0"
"3,48 : 93.17"
"3,49 : 16.64"
"3,50 : 22.85"
"3,51 : 72.44"
"3,52 : 48.6"
"3,53 : 37.54"
"3,54 : 16.97"
"3,55 : 46.53"
"3,56 : 71.34"
"3,57 : 52.24"
"3,58 : 47.01"
"3,59 : 58.08"
"3,60 : 65.28"
"3,61 : 90.8"
"3,62 : 73.55"
"3,63 : 82.49"
"3,64 : 61.1"
"3,65 : 97.67"
"3,66 : 50.09"
"3,67 : 21.26"
"3,68 : 70.68"
"3,69 : 38.12"
"3,70 : 58.01"
"3,71 : 90.8"
"3,72 : 42.45"
"3,73 : 51.2"
"3,74 : 40.8"
"3,75 : 31.62"
"3,76 : 55.23"
"3,77 : 60.21"
"3,78 : 91.79"
"3,79 : 62.59"
"3,80 : 95.88"
"3,81 : 55.17"
"3,82 : 32.89"
"3,83 : 62.37"
"3,84 : 100.18"
"3,85 : 36.01"
"3,86 : 58.05"
"3,87 : 8.06"
"3,88 : 24.84"
"3,89 : 89.56"
"3,90 : 30.81"
"3,91 : 7.62"
"3,92 : 95.02"
"3,93 : 30.36"
"3,94 : 29.53"
"3,95 : 12.17"
"3,96 : 75.54"
"3,97 : 18.11"
"3,98 : 39.12"
"3,99 : 30.48"
"4,0 : 37.36"
"4,1 : 64.66"
"4,2 : 108.58"
"4,3 : 76.94"
"4,4 : 0.0"
"4,5 : 54.59"
"4,6 : 6.08"
"4,7 : 94.75"
"4,8 : 69.63"
"4,9 : 35.17"
"4,10 : 92.42"
"4,11 : 31.95"
"4,12 : 39.82"
"4,13 : 60.54"
"4,14 : 48.75"
"4,15 : 28.28"
"4,16 : 65.62"
"4,17 : 67.03"
"4,18 : 22.36"
"4,19 : 37.22"
"4,20 : 72.56"
"4,21 : 70.71"
"4,22 : 7.28"
"4,23 : 11.31"
"4,24 : 27.31"
"4,25 : 57.01"
"4,26 : 55.11"
"4,27 : 34.01"
"4,28 : 40.52"
"4,29 : 82.49"
"4,30 : 62.65"
"4,31 : 37.16"
"4,32 : 26.4"
"4,33 : 42.44"
"4,34 : 62.97"
"4,35 : 94.83"
"4,36 : 70.0"
"4,37 : 11.66"
"4,38 : 67.36"
"4,39 : 24.33"
"4,40 : 15.23"
"4,41 : 50.25"
"4,42 : 75.72"
"4,43 : 84.4"
"4,44 : 10.3"
"4,45 : 18.0"
"4,46 : 97.8"
"4,47 : 70.66"
"4,48 : 60.54"
"4,49 : 70.29"
"4,50 : 65.07"
"4,51 : 44.18"
"4,52 : 29.83"
"4,53 : 41.48"
"4,54 : 73.76"
"4,55 : 89.69"
"4,56 : 7.07"
"4,57 : 44.01"
"4,58 : 49.5"
"4,59 : 40.26"
"4,60 : 30.15"
"4,61 : 27.66"
"4,62 : 21.38"
"4,63 : 47.13"
"4,64 : 59.03"
"4,65 : 33.29"
"4,66 : 42.95"
"4,67 : 56.46"
"4,68 : 7.21"
"4,69 : 65.03"
"4,70 : 21.1"
"4,71 : 14.32"
"4,72 : 37.66"
"4,73 : 58.69"
"4,74 : 56.08"
"4,75 : 59.67"
"4,76 : 43.01"
"4,77 : 25.63"
"4,78 : 53.23"
"4,79 : 23.09"
"4,80 : 85.33"
"4,81 : 81.71"
"4,82 : 59.82"
"4,83 : 29.15"
"4,84 : 23.41"
"4,85 : 48.92"
"4,86 : 79.06"
"4,87 : 70.26"
"4,88 : 71.45"
"4,89 : 21.1"
"4,90 : 51.2"
"4,91 : 69.35"
"4,92 : 18.44"
"4,93 : 59.41"
"4,94 : 47.41"
"4,95 : 81.61"
"4,96 : 45.54"
"4,97 : 72.28"
"4,98 : 83.49"
"4,99 : 71.84"
"5,0 : 18.11"
"5,1 : 51.08"
"5,2 : 76.69"
"5,3 : 31.3"
"5,4 : 54.59"
"5,5 : 0.0"
"5,6 : 55.04"
"5,7 : 60.42"
"5,8 : 71.56"
"5,9 : 26.25"
"5,10 : 67.0"
"5,11 : 30.61"
"5,12 : 21.95"
"5,13 : 49.65"
"5,14 : 16.4"
"5,15 : 74.97"
"5,16 : 20.25"
"5,17 : 81.34"
"5,18 : 59.67"
"5,19 : 17.46"
"5,20 : 57.87"
"5,21 : 57.58"
"5,22 : 52.01"
"5,23 : 46.0"
"5,24 : 79.06"
"5,25 : 41.59"
"5,26 : 79.63"
"5,27 : 31.83"
"5,28 : 15.3"
"5,29 : 64.13"
"5,30 : 18.79"
"5,31 : 73.74"
"5,32 : 40.16"
"5,33 : 40.36"
"5,34 : 35.9"
"5,35 : 76.66"
"5,36 : 17.89"
"5,37 : 46.17"
"5,38 : 84.86"
"5,39 : 60.17"
"5,40 : 52.8"
"5,41 : 72.42"
"5,42 : 56.29"
"5,43 : 60.13"
"5,44 : 59.01"
"5,45 : 72.44"
"5,46 : 70.18"
"5,47 : 59.24"
"5,48 : 90.74"
"5,49 : 37.0"
"5,50 : 37.66"
"5,51 : 68.26"
"5,52 : 25.02"
"5,53 : 14.32"
"5,54 : 40.05"
"5,55 : 69.46"
"5,56 : 47.85"
"5,57 : 50.33"
"5,58 : 15.81"
"5,59 : 53.82"
"5,60 : 55.54"
"5,61 : 75.66"
"5,62 : 59.44"
"5,63 : 77.41"
"5,64 : 65.95"
"5,65 : 82.61"
"5,66 : 47.51"
"5,67 : 14.14"
"5,68 : 50.04"
"5,69 : 14.87"
"5,70 : 33.54"
"5,71 : 68.88"
"5,72 : 17.03"
"5,73 : 22.2"
"5,74 : 11.18"
"5,75 : 41.23"
"5,76 : 52.63"
"5,77 : 47.76"
"5,78 : 86.77"
"5,79 : 49.04"
"5,80 : 102.65"
"5,81 : 72.11"
"5,82 : 42.54"
"5,83 : 33.02"
"5,84 : 77.67"
"5,85 : 36.4"
"5,86 : 73.01"
"5,87 : 23.26"
"5,88 : 44.28"
"5,89 : 72.06"
"5,90 : 5.0"
"5,91 : 25.96"
"5,92 : 70.88"
"5,93 : 5.1"
"5,94 : 18.44"
"5,95 : 41.76"
"5,96 : 71.34"
"5,97 : 18.87"
"5,98 : 61.4"
"5,99 : 48.84"
"6,0 : 37.22"
"6,1 : 60.22"
"6,2 : 104.74"
"6,3 : 75.24"
"6,4 : 6.08"
"6,5 : 55.04"
"6,6 : 0.0"
"6,7 : 91.35"
"6,8 : 64.03"
"6,9 : 38.08"
"6,10 : 88.24"
"6,11 : 35.36"
"6,12 : 38.28"
"6,13 : 56.04"
"6,14 : 47.43"
"6,15 : 23.6"
"6,16 : 67.68"
"6,17 : 61.01"
"6,18 : 16.28"
"6,19 : 38.05"
"6,20 : 67.96"
"6,21 : 66.04"
"6,22 : 3.16"
"6,23 : 9.22"
"6,24 : 24.52"
"6,25 : 53.08"
"6,26 : 49.03"
"6,27 : 37.74"
"6,28 : 40.31"
"6,29 : 77.94"
"6,30 : 64.76"
"6,31 : 31.3"
"6,32 : 22.67"
"6,33 : 38.29"
"6,34 : 59.82"
"6,35 : 90.05"
"6,36 : 71.25"
"6,37 : 16.28"
"6,38 : 61.29"
"6,39 : 18.25"
"6,40 : 21.19"
"6,41 : 44.18"
"6,42 : 71.4"
"6,43 : 80.28"
"6,44 : 5.0"
"6,45 : 18.03"
"6,46 : 93.72"
"6,47 : 65.86"
"6,48 : 54.63"
"6,49 : 67.42"
"6,50 : 61.85"
"6,51 : 38.12"
"6,52 : 30.02"
"6,53 : 41.3"
"6,54 : 70.8"
"6,55 : 85.15"
"6,56 : 10.63"
"6,57 : 38.91"
"6,58 : 51.66"
"6,59 : 34.79"
"6,60 : 24.33"
"6,61 : 23.32"
"6,62 : 15.3"
"6,63 : 41.11"
"6,64 : 53.37"
"6,65 : 29.55"
"6,66 : 38.08"
"6,67 : 55.36"
"6,68 : 5.0"
"6,69 : 66.48"
"6,70 : 22.36"
"6,71 : 15.81"
"6,72 : 38.01"
"6,73 : 61.35"
"6,74 : 57.71"
"6,75 : 55.87"
"6,76 : 37.7"
"6,77 : 20.59"
"6,78 : 47.41"
"6,79 : 17.89"
"6,80 : 79.25"
"6,81 : 76.56"
"6,82 : 55.9"
"6,83 : 32.76"
"6,84 : 25.24"
"6,85 : 45.28"
"6,86 : 73.74"
"6,87 : 68.95"
"6,88 : 67.94"
"6,89 : 17.72"
"6,90 : 51.24"
"6,91 : 67.62"
"6,92 : 22.2"
"6,93 : 60.01"
"6,94 : 45.88"
"6,95 : 79.08"
"6,96 : 39.46"
"6,97 : 72.01"
"6,98 : 79.2"
"6,99 : 67.94"
"7,0 : 64.88"
"7,1 : 35.11"
"7,2 : 16.28"
"7,3 : 31.02"
"7,4 : 94.75"
"7,5 : 60.42"
"7,6 : 91.35"
"7,7 : 0.0"
"7,8 : 52.01"
"7,9 : 82.86"
"7,10 : 15.26"
"7,11 : 86.33"
"7,12 : 57.69"
"7,13 : 39.0"
"7,14 : 51.43"
"7,15 : 98.88"
"7,16 : 76.03"
"7,17 : 69.0"
"7,18 : 84.06"
"7,19 : 69.78"
"7,20 : 31.26"
"7,21 : 33.38"
"7,22 : 88.46"
"7,23 : 83.44"
"7,24 : 107.7"
"7,25 : 38.83"
"7,26 : 79.08"
"7,27 : 88.64"
"7,28 : 62.61"
"7,29 : 25.32"
"7,30 : 76.16"
"7,31 : 88.39"
"7,32 : 68.68"
"7,33 : 53.6"
"7,34 : 31.89"
"7,35 : 28.6"
"7,36 : 67.07"
"7,37 : 92.62"
"7,38 : 74.0"
"7,39 : 83.01"
"7,40 : 101.4"
"7,41 : 73.98"
"7,42 : 25.32"
"7,43 : 17.03"
"7,44 : 92.46"
"7,45 : 108.23"
"7,46 : 13.6"
"7,47 : 35.23"
"7,48 : 90.67"
"7,49 : 25.55"
"7,50 : 29.73"
"7,51 : 74.63"
"7,52 : 71.02"
"7,53 : 62.17"
"7,54 : 21.95"
"7,55 : 23.26"
"7,56 : 90.69"
"7,57 : 57.25"
"7,58 : 76.16"
"7,59 : 63.51"
"7,60 : 73.93"
"7,61 : 100.72"
"7,62 : 84.6"
"7,63 : 83.93"
"7,64 : 56.72"
"7,65 : 106.89"
"7,66 : 56.44"
"7,67 : 47.43"
"7,68 : 87.69"
"7,69 : 69.03"
"7,70 : 79.63"
"7,71 : 107.06"
"7,72 : 67.08"
"7,73 : 81.61"
"7,74 : 70.86"
"7,75 : 35.81"
"7,76 : 59.93"
"7,77 : 72.2"
"7,78 : 91.98"
"7,79 : 75.0"
"7,80 : 83.74"
"7,81 : 38.08"
"7,82 : 36.06"
"7,83 : 87.66"
"7,84 : 116.39"
"7,85 : 46.1"
"7,86 : 42.76"
"7,87 : 38.12"
"7,88 : 23.43"
"7,89 : 101.79"
"7,90 : 58.52"
"7,91 : 34.53"
"7,92 : 113.15"
"7,93 : 60.53"
"7,94 : 51.48"
"7,95 : 19.03"
"7,96 : 77.2"
"7,97 : 49.09"
"7,98 : 20.1"
"7,99 : 24.6"
"8,0 : 61.68"
"8,1 : 23.02"
"8,2 : 57.01"
"8,3 : 61.91"
"8,4 : 69.63"
"8,5 : 71.56"
"8,6 : 64.03"
"8,7 : 52.01"
"8,8 : 0.0"
"8,9 : 79.31"
"8,10 : 39.62"
"8,11 : 80.41"
"8,12 : 52.92"
"8,13 : 22.63"
"8,14 : 55.23"
"8,15 : 59.41"
"8,16 : 91.81"
"8,17 : 17.03"
"8,18 : 49.77"
"8,19 : 67.68"
"8,20 : 21.59"
"8,21 : 19.92"
"8,22 : 62.37"
"8,23 : 60.41"
"8,24 : 69.63"
"8,25 : 30.48"
"8,26 : 29.53"
"8,27 : 83.55"
"8,28 : 61.85"
"8,29 : 27.17"
"8,30 : 90.21"
"8,31 : 45.34"
"8,32 : 47.01"
"8,33 : 34.21"
"8,34 : 39.82"
"8,35 : 33.12"
"8,36 : 87.46"
"8,37 : 74.17"
"8,38 : 22.02"
"8,39 : 47.93"
"8,40 : 82.49"
"8,41 : 26.91"
"8,42 : 27.46"
"8,43 : 35.0"
"8,44 : 62.3"
"8,45 : 75.58"
"8,46 : 45.12"
"8,47 : 17.72"
"8,48 : 39.85"
"8,49 : 45.28"
"8,50 : 39.41"
"8,51 : 30.61"
"8,52 : 62.59"
"8,53 : 62.24"
"8,54 : 45.62"
"8,55 : 32.28"
"8,56 : 69.46"
"8,57 : 27.02"
"8,58 : 82.35"
"8,59 : 29.43"
"8,60 : 39.85"
"8,61 : 61.61"
"8,62 : 50.7"
"8,63 : 37.01"
"8,64 : 10.77"
"8,65 : 65.95"
"8,66 : 29.15"
"8,67 : 59.03"
"8,68 : 62.97"
"8,69 : 86.02"
"8,70 : 66.27"
"8,71 : 76.69"
"8,72 : 64.85"
"8,73 : 92.13"
"8,74 : 81.99"
"8,75 : 31.83"
"8,76 : 27.07"
"8,77 : 44.41"
"8,78 : 42.94"
"8,79 : 46.69"
"8,80 : 34.0"
"8,81 : 17.0"
"8,82 : 30.41"
"8,83 : 79.91"
"8,84 : 84.53"
"8,85 : 35.36"
"8,86 : 12.21"
"8,87 : 62.63"
"8,88 : 37.58"
"8,89 : 65.86"
"8,90 : 66.89"
"8,91 : 57.8"
"8,92 : 85.09"
"8,93 : 75.21"
"8,94 : 53.34"
"8,95 : 54.78"
"8,96 : 31.83"
"8,97 : 74.33"
"8,98 : 32.02"
"8,99 : 32.31"
"9,0 : 19.1"
"9,1 : 64.0"
"9,2 : 98.79"
"9,3 : 56.4"
"9,4 : 35.17"
"9,5 : 26.25"
"9,6 : 38.08"
"9,7 : 82.86"
"9,8 : 79.31"
"9,9 : 0.0"
"9,10 : 86.35"
"9,11 : 4.47"
"9,12 : 28.02"
"9,13 : 61.07"
"9,14 : 31.62"
"9,15 : 61.29"
"9,16 : 31.0"
"9,17 : 84.1"
"9,18 : 49.04"
"9,19 : 13.34"
"9,20 : 72.03"
"9,21 : 71.0"
"9,22 : 35.78"
"9,23 : 31.06"
"9,24 : 62.3"
"9,25 : 54.01"
"9,26 : 77.42"
"9,27 : 5.83"
"9,28 : 20.62"
"9,29 : 80.4"
"9,30 : 28.0"
"9,31 : 65.19"
"9,32 : 34.99"
"9,33 : 45.12"
"9,34 : 53.37"
"9,35 : 93.54"
"9,36 : 37.11"
"9,37 : 24.19"
"9,38 : 86.35"
"9,39 : 50.33"
"9,40 : 28.44"
"9,41 : 70.72"
"9,42 : 72.44"
"9,43 : 78.64"
"9,44 : 42.95"
"9,45 : 52.77"
"9,46 : 90.52"
"9,47 : 72.03"
"9,48 : 86.45"
"9,49 : 57.58"
"9,50 : 55.54"
"9,51 : 65.22"
"9,52 : 16.76"
"9,53 : 20.88"
"9,54 : 61.1"
"9,55 : 86.83"
"9,56 : 28.16"
"9,57 : 53.14"
"9,58 : 15.13"
"9,59 : 53.67"
"9,60 : 49.82"
"9,61 : 61.27"
"9,62 : 48.41"
"9,63 : 72.25"
"9,64 : 70.84"
"9,65 : 67.62"
"9,66 : 50.6"
"9,67 : 35.85"
"9,68 : 33.54"
"9,69 : 31.78"
"9,70 : 17.03"
"9,71 : 48.37"
"9,72 : 16.28"
"9,73 : 23.54"
"9,74 : 22.8"
"9,75 : 55.15"
"9,76 : 54.23"
"9,77 : 41.4"
"9,78 : 80.61"
"9,79 : 41.11"
"9,80 : 105.12"
"9,81 : 85.09"
"9,82 : 56.08"
"9,83 : 7.28"
"9,84 : 56.01"
"9,85 : 46.04"
"9,86 : 84.48"
"9,87 : 48.41"
"9,88 : 62.82"
"9,89 : 55.71"
"9,90 : 25.61"
"9,91 : 49.93"
"9,92 : 48.09"
"9,93 : 29.68"
"9,94 : 32.02"
"9,95 : 65.37"
"9,96 : 67.8"
"9,97 : 45.0"
"9,98 : 79.08"
"9,99 : 65.92"
"10,0 : 67.45"
"10,1 : 28.28"
"10,2 : 17.89"
"10,3 : 41.44"
"10,4 : 92.42"
"10,5 : 67.0"
"10,6 : 88.24"
"10,7 : 15.26"
"10,8 : 39.62"
"10,9 : 86.35"
"10,10 : 0.0"
"10,11 : 89.29"
"10,12 : 59.14"
"10,13 : 32.53"
"10,14 : 54.92"
"10,15 : 92.2"
"10,16 : 84.72"
"10,17 : 56.57"
"10,18 : 78.57"
"10,19 : 73.01"
"10,20 : 21.63"
"10,21 : 23.85"
"10,22 : 85.6"
"10,23 : 81.27"
"10,24 : 101.67"
"10,25 : 35.51"
"10,26 : 68.31"
"10,27 : 91.92"
"10,28 : 65.73"
"10,29 : 12.65"
"10,30 : 84.38"
"10,31 : 80.26"
"10,32 : 66.03"
"10,33 : 50.0"
"10,34 : 32.98"
"10,35 : 13.45"
"10,36 : 76.69"
"10,37 : 92.18"
"10,38 : 61.52"
"10,39 : 77.23"
"10,40 : 101.12"
"10,41 : 64.08"
"10,42 : 16.97"
"10,43 : 8.06"
"10,44 : 88.53"
"10,45 : 103.97"
"10,46 : 5.83"
"10,47 : 25.06"
"10,48 : 79.31"
"10,49 : 30.0"
"10,50 : 30.81"
"10,51 : 65.76"
"10,52 : 72.45"
"10,53 : 65.51"
"10,54 : 27.07"
"10,55 : 8.25"
"10,56 : 89.36"
"10,57 : 50.99"
"10,58 : 82.15"
"10,59 : 56.85"
"10,60 : 68.01"
"10,61 : 94.2"
"10,62 : 79.25"
"10,63 : 74.32"
"10,64 : 46.24"
"10,65 : 99.86"
"10,66 : 50.91"
"10,67 : 53.04"
"10,68 : 85.21"
"10,69 : 77.78"
"10,70 : 80.11"
"10,71 : 103.48"
"10,72 : 70.09"
"10,73 : 89.05"
"10,74 : 78.03"
"10,75 : 33.12"
"10,76 : 53.26"
"10,77 : 68.01"
"10,78 : 81.6"
"10,79 : 70.84"
"10,80 : 69.58"
"10,81 : 24.02"
"10,82 : 32.76"
"10,83 : 90.14"
"10,84 : 112.54"
"10,85 : 43.91"
"10,86 : 29.0"
"10,87 : 47.07"
"10,88 : 23.54"
"10,89 : 96.33"
"10,90 : 64.12"
"10,91 : 42.58"
"10,92 : 110.42"
"10,93 : 68.18"
"10,94 : 54.34"
"10,95 : 29.55"
"10,96 : 67.98"
"10,97 : 59.2"
"10,98 : 9.22"
"10,99 : 21.02"
"11,0 : 21.84"
"11,1 : 66.12"
"11,2 : 102.16"
"11,3 : 60.44"
"11,4 : 31.95"
"11,5 : 30.61"
"11,6 : 35.36"
"11,7 : 86.33"
"11,8 : 80.41"
"11,9 : 4.47"
"11,10 : 89.29"
"11,11 : 0.0"
"11,12 : 30.41"
"11,13 : 63.01"
"11,14 : 34.93"
"11,15 : 58.83"
"11,16 : 35.06"
"11,17 : 84.31"
"11,18 : 47.38"
"11,19 : 16.55"
"11,20 : 74.24"
"11,21 : 73.11"
"11,22 : 33.29"
"11,23 : 29.07"
"11,24 : 59.24"
"11,25 : 56.22"
"11,26 : 76.85"
"11,27 : 3.16"
"11,28 : 23.77"
"11,29 : 82.87"
"11,30 : 32.06"
"11,31 : 63.64"
"11,32 : 34.93"
"11,33 : 46.39"
"11,34 : 56.32"
"11,35 : 96.03"
"11,36 : 41.48"
"11,37 : 20.62"
"11,38 : 86.33"
"11,39 : 48.8"
"11,40 : 24.19"
"11,41 : 70.33"
"11,42 : 74.97"
"11,43 : 81.49"
"11,44 : 40.31"
"11,45 : 49.24"
"11,46 : 93.61"
"11,47 : 74.03"
"11,48 : 85.43"
"11,49 : 60.93"
"11,50 : 58.52"
"11,51 : 64.66"
"11,52 : 18.03"
"11,53 : 24.17"
"11,54 : 64.47"
"11,55 : 89.44"
"11,56 : 25.08"
"11,57 : 53.85"
"11,58 : 19.42"
"11,59 : 53.85"
"11,60 : 49.09"
"11,61 : 58.67"
"11,62 : 46.69"
"11,63 : 71.22"
"11,64 : 71.57"
"11,65 : 64.85"
"11,66 : 51.42"
"11,67 : 39.66"
"11,68 : 31.06"
"11,69 : 36.14"
"11,70 : 15.81"
"11,71 : 44.72"
"11,72 : 19.31"
"11,73 : 27.17"
"11,74 : 27.2"
"11,75 : 57.56"
"11,76 : 54.71"
"11,77 : 40.82"
"11,78 : 79.31"
"11,79 : 40.22"
"11,80 : 105.12"
"11,81 : 87.0"
"11,82 : 58.42"
"11,83 : 3.0"
"11,84 : 52.09"
"11,85 : 48.04"
"11,86 : 86.15"
"11,87 : 52.5"
"11,88 : 65.8"
"11,89 : 52.8"
"11,90 : 29.73"
"11,91 : 53.82"
"11,92 : 44.01"
"11,93 : 34.13"
"11,94 : 35.11"
"11,95 : 69.12"
"11,96 : 67.12"
"11,97 : 49.41"
"11,98 : 81.79"
"11,99 : 68.66"
"12,0 : 9.06"
"12,1 : 36.01"
"12,2 : 72.95"
"12,3 : 37.12"
"12,4 : 39.82"
"12,5 : 21.95"
"12,6 : 38.28"
"12,7 : 57.69"
"12,8 : 52.92"
"12,9 : 28.02"
"12,10 : 59.14"
"12,11 : 30.41"
"12,12 : 0.0"
"12,13 : 33.24"
"12,14 : 9.22"
"12,15 : 55.01"
"12,16 : 41.04"
"12,17 : 60.61"
"12,18 : 39.12"
"12,19 : 15.13"
"12,20 : 44.01"
"12,21 : 43.01"
"12,22 : 35.11"
"12,23 : 29.15"
"12,24 : 60.53"
"12,25 : 26.0"
"12,26 : 57.8"
"12,27 : 33.24"
"12,28 : 8.94"
"12,29 : 52.47"
"12,30 : 38.9"
"12,31 : 52.2"
"12,32 : 19.1"
"12,33 : 19.42"
"12,34 : 26.4"
"12,35 : 65.62"
"12,36 : 39.82"
"12,37 : 35.36"
"12,38 : 63.78"
"12,39 : 39.32"
"12,40 : 43.93"
"12,41 : 50.61"
"12,42 : 44.55"
"12,43 : 51.24"
"12,44 : 41.23"
"12,45 : 56.3"
"12,46 : 63.69"
"12,47 : 44.1"
"12,48 : 68.8"
"12,49 : 32.2"
"12,50 : 28.64"
"12,51 : 46.32"
"12,52 : 13.42"
"12,53 : 9.43"
"12,54 : 35.81"
"12,55 : 59.03"
"12,56 : 34.41"
"12,57 : 29.07"
"12,58 : 29.53"
"12,59 : 32.02"
"12,60 : 33.84"
"12,61 : 56.01"
"12,62 : 39.05"
"12,63 : 55.47"
"12,64 : 45.79"
"12,65 : 63.01"
"12,66 : 26.25"
"12,67 : 17.26"
"12,68 : 33.62"
"12,69 : 36.62"
"12,70 : 22.02"
"12,71 : 53.71"
"12,72 : 12.17"
"12,73 : 39.66"
"12,74 : 30.41"
"12,75 : 27.17"
"12,76 : 31.11"
"12,77 : 26.48"
"12,78 : 64.85"
"12,79 : 28.16"
"12,80 : 82.01"
"12,81 : 57.22"
"12,82 : 28.07"
"12,83 : 31.05"
"12,84 : 63.07"
"12,85 : 18.25"
"12,86 : 56.89"
"12,87 : 30.68"
"12,88 : 35.85"
"12,89 : 53.6"
"12,90 : 17.0"
"12,91 : 29.53"
"12,92 : 57.98"
"12,93 : 26.83"
"12,94 : 7.62"
"12,95 : 42.45"
"12,96 : 49.4"
"12,97 : 35.01"
"12,98 : 51.42"
"12,99 : 38.33"
"13,0 : 42.3"
"13,1 : 4.24"
"13,2 : 49.82"
"13,3 : 40.31"
"13,4 : 60.54"
"13,5 : 49.65"
"13,6 : 56.04"
"13,7 : 39.0"
"13,8 : 22.63"
"13,9 : 61.07"
"13,10 : 32.53"
"13,11 : 63.01"
"13,12 : 33.24"
"13,13 : 0.0"
"13,14 : 33.62"
"13,15 : 60.21"
"13,16 : 69.84"
"13,17 : 36.25"
"13,18 : 46.1"
"13,19 : 48.37"
"13,20 : 12.08"
"13,21 : 10.44"
"13,22 : 53.54"
"13,23 : 49.65"
"13,24 : 69.4"
"13,25 : 8.06"
"13,26 : 42.05"
"13,27 : 66.0"
"13,28 : 41.77"
"13,29 : 21.95"
"13,30 : 68.43"
"13,31 : 49.4"
"13,32 : 34.44"
"13,33 : 18.38"
"13,34 : 17.49"
"13,35 : 34.54"
"13,36 : 65.0"
"13,37 : 61.68"
"13,38 : 40.85"
"13,39 : 44.82"
"13,40 : 70.58"
"13,41 : 36.06"
"13,42 : 15.56"
"13,43 : 24.84"
"13,44 : 56.08"
"13,45 : 71.45"
"13,46 : 38.21"
"13,47 : 11.05"
"13,48 : 54.15"
"13,49 : 24.04"
"13,50 : 17.46"
"13,51 : 35.9"
"13,52 : 45.04"
"13,53 : 41.98"
"13,54 : 25.32"
"13,55 : 29.15"
"13,56 : 58.18"
"13,57 : 18.6"
"13,58 : 61.68"
"13,59 : 24.7"
"13,60 : 35.61"
"13,61 : 62.13"
"13,62 : 46.75"
"13,63 : 45.54"
"13,64 : 20.88"
"13,65 : 68.1"
"13,66 : 18.38"
"13,67 : 36.62"
"13,68 : 53.34"
"13,69 : 63.81"
"13,70 : 50.99"
"13,71 : 71.06"
"13,72 : 45.4"
"13,73 : 70.94"
"13,74 : 60.42"
"13,75 : 9.22"
"13,76 : 21.1"
"13,77 : 35.61"
"13,78 : 54.15"
"13,79 : 38.42"
"13,80 : 56.04"
"13,81 : 24.02"
"13,82 : 7.81"
"13,83 : 63.13"
"13,84 : 80.06"
"13,85 : 15.03"
"13,86 : 23.77"
"13,87 : 40.22"
"13,88 : 18.0"
"13,89 : 63.89"
"13,90 : 45.19"
"13,91 : 35.51"
"13,92 : 78.24"
"13,93 : 53.0"
"13,94 : 31.95"
"13,95 : 35.23"
"13,96 : 38.64"
"13,97 : 51.74"
"13,98 : 23.35"
"13,99 : 14.56"
"14,0 : 13.6"
"14,1 : 35.44"
"14,2 : 67.23"
"14,3 : 28.3"
"14,4 : 48.75"
"14,5 : 16.4"
"14,6 : 47.43"
"14,7 : 51.43"
"14,8 : 55.23"
"14,9 : 31.62"
"14,10 : 54.92"
"14,11 : 34.93"
"14,12 : 9.22"
"14,13 : 33.62"
"14,14 : 0.0"
"14,15 : 64.01"
"14,16 : 36.62"
"14,17 : 65.05"
"14,18 : 48.01"
"14,19 : 18.38"
"14,20 : 42.76"
"14,21 : 42.2"
"14,22 : 44.27"
"14,23 : 38.28"
"14,24 : 69.72"
"14,25 : 25.63"
"14,26 : 64.14"
"14,27 : 37.34"
"14,28 : 11.18"
"14,29 : 50.04"
"14,30 : 34.99"
"14,31 : 60.42"
"14,32 : 28.0"
"14,33 : 24.41"
"14,34 : 22.09"
"14,35 : 63.0"
"14,36 : 33.42"
"14,37 : 43.42"
"14,38 : 68.68"
"14,39 : 48.09"
"14,40 : 51.66"
"14,41 : 56.94"
"14,42 : 42.05"
"14,43 : 47.38"
"14,44 : 50.45"
"14,45 : 65.46"
"14,46 : 58.94"
"14,47 : 43.68"
"14,48 : 75.59"
"14,49 : 26.0"
"14,50 : 24.19"
"14,51 : 53.23"
"14,52 : 20.52"
"14,53 : 10.77"
"14,54 : 29.55"
"14,55 : 56.04"
"14,56 : 43.05"
"14,57 : 34.41"
"14,58 : 28.44"
"14,59 : 38.47"
"14,60 : 41.98"
"14,61 : 65.07"
"14,62 : 48.0"
"14,63 : 62.77"
"14,64 : 49.58"
"14,65 : 72.06"
"14,66 : 31.62"
"14,67 : 8.06"
"14,68 : 42.72"
"14,69 : 31.14"
"14,70 : 29.83"
"14,71 : 62.77"
"14,72 : 15.65"
"14,73 : 37.34"
"14,74 : 26.83"
"14,75 : 25.71"
"14,76 : 36.89"
"14,77 : 35.13"
"14,78 : 72.24"
"14,79 : 37.01"
"14,80 : 86.31"
"14,81 : 56.75"
"14,82 : 26.93"
"14,83 : 36.24"
"14,84 : 72.09"
"14,85 : 20.0"
"14,86 : 57.25"
"14,87 : 21.54"
"14,88 : 31.4"
"14,89 : 62.8"
"14,90 : 11.66"
"14,91 : 20.81"
"14,92 : 66.73"
"14,93 : 20.52"
"14,94 : 2.24"
"14,95 : 34.83"
"14,96 : 56.36"
"14,97 : 26.17"
"14,98 : 48.09"
"14,99 : 35.01"
"15,0 : 56.89"
"15,1 : 64.35"
"15,2 : 109.86"
"15,3 : 89.44"
"15,4 : 28.28"
"15,5 : 74.97"
"15,6 : 23.6"
"15,7 : 98.88"
"15,8 : 59.41"
"15,9 : 61.29"
"15,10 : 92.2"
"15,11 : 58.83"
"15,12 : 55.01"
"15,13 : 60.21"
"15,14 : 64.01"
"15,15 : 0.0"
"15,16 : 89.81"
"15,17 : 50.33"
"15,18 : 16.12"
"15,19 : 59.2"
"15,20 : 70.6"
"15,21 : 68.41"
"15,22 : 25.55"
"15,23 : 30.46"
"15,24 : 10.3"
"15,25 : 60.42"
"15,26 : 35.17"
"15,27 : 61.29"
"15,28 : 59.68"
"15,29 : 80.28"
"15,30 : 86.98"
"15,31 : 14.87"
"15,32 : 36.01"
"15,33 : 46.49"
"15,34 : 69.89"
"15,35 : 90.51"
"15,36 : 92.2"
"15,37 : 39.7"
"15,38 : 48.76"
"15,39 : 16.49"
"15,40 : 42.8"
"15,41 : 33.54"
"15,42 : 75.45"
"15,43 : 84.88"
"15,44 : 18.6"
"15,45 : 20.1"
"15,46 : 98.01"
"15,47 : 67.48"
"15,48 : 36.12"
"15,49 : 78.11"
"15,50 : 71.51"
"15,51 : 28.84"
"15,52 : 50.7"
"15,53 : 60.67"
"15,54 : 80.99"
"15,55 : 87.21"
"15,56 : 34.21"
"15,57 : 41.68"
"15,58 : 74.09"
"15,59 : 35.51"
"15,60 : 25.08"
"15,61 : 2.24"
"15,62 : 16.03"
"15,63 : 25.71"
"15,64 : 49.04"
"15,65 : 8.25"
"15,66 : 42.49"
"15,67 : 72.03"
"15,68 : 27.78"
"15,69 : 87.8"
"15,70 : 44.78"
"15,71 : 23.77"
"15,72 : 58.46"
"15,73 : 84.17"
"15,74 : 79.4"
"15,75 : 63.56"
"15,76 : 39.12"
"15,77 : 29.27"
"15,78 : 28.16"
"15,79 : 27.07"
"15,80 : 64.2"
"15,81 : 75.07"
"15,82 : 63.07"
"15,83 : 56.3"
"15,84 : 28.07"
"15,85 : 54.71"
"15,86 : 71.06"
"15,87 : 84.48"
"15,88 : 76.06"
"15,89 : 9.22"
"15,90 : 70.58"
"15,91 : 82.04"
"15,92 : 32.56"
"15,93 : 80.06"
"15,94 : 62.03"
"15,95 : 90.44"
"15,96 : 28.18"
"15,97 : 90.02"
"15,98 : 83.01"
"15,99 : 74.3"
"16,0 : 34.67"
"16,1 : 71.11"
"16,2 : 92.14"
"16,3 : 45.1"
"16,4 : 65.62"
"16,5 : 20.25"
"16,6 : 67.68"
"16,7 : 76.03"
"16,8 : 91.81"
"16,9 : 31.0"
"16,10 : 84.72"
"16,11 : 35.06"
"16,12 : 41.04"
"16,13 : 69.84"
"16,14 : 36.62"
"16,15 : 89.81"
"16,16 : 0.0"
"16,17 : 101.32"
"16,18 : 75.64"
"16,19 : 30.87"
"16,20 : 77.62"
"16,21 : 77.47"
"16,22 : 65.0"
"16,23 : 59.48"
"16,24 : 92.2"
"16,25 : 61.77"
"16,26 : 98.72"
"16,27 : 34.37"
"16,28 : 32.8"
"16,29 : 83.24"
"16,30 : 3.0"
"16,31 : 90.82"
"16,32 : 57.45"
"16,33 : 60.14"
"16,34 : 55.36"
"16,35 : 95.34"
"16,36 : 10.3"
"16,37 : 55.08"
"16,38 : 104.69"
"16,39 : 76.49"
"16,40 : 59.21"
"16,41 : 91.55"
"16,42 : 75.58"
"16,43 : 78.45"
"16,44 : 72.28"
"16,45 : 83.49"
"16,46 : 87.21"
"16,47 : 79.2"
"16,48 : 109.4"
"16,49 : 55.11"
"16,50 : 56.92"
"16,51 : 87.01"
"16,52 : 39.4"
"16,53 : 32.02"
"16,54 : 57.71"
"16,55 : 88.07"
"16,56 : 58.55"
"16,57 : 70.01"
"16,58 : 16.12"
"16,59 : 73.0"
"16,60 : 73.25"
"16,61 : 90.14"
"16,62 : 75.24"
"16,63 : 95.69"
"16,64 : 86.05"
"16,65 : 96.84"
"16,66 : 67.18"
"16,67 : 33.62"
"16,68 : 62.82"
"16,69 : 7.0"
"16,70 : 45.35"
"16,71 : 79.23"
"16,72 : 32.25"
"16,73 : 9.43"
"16,74 : 10.82"
"16,75 : 61.27"
"16,76 : 72.14"
"16,77 : 65.0"
"16,78 : 104.85"
"16,79 : 65.76"
"16,80 : 122.67"
"16,81 : 91.92"
"16,82 : 62.61"
"16,83 : 38.05"
"16,84 : 87.01"
"16,85 : 56.61"
"16,86 : 93.04"
"16,87 : 38.01"
"16,88 : 63.06"
"16,89 : 85.38"
"16,90 : 25.0"
"16,91 : 42.19"
"16,92 : 79.06"
"16,93 : 17.09"
"16,94 : 38.6"
"16,95 : 57.01"
"16,96 : 90.0"
"16,97 : 27.46"
"16,98 : 80.05"
"16,99 : 68.01"
"17,0 : 68.51"
"17,1 : 37.95"
"17,2 : 73.76"
"17,3 : 76.56"
"17,4 : 67.03"
"17,5 : 81.34"
"17,6 : 61.01"
"17,7 : 69.0"
"17,8 : 17.03"
"17,9 : 84.1"
"17,10 : 56.57"
"17,11 : 84.31"
"17,12 : 60.61"
"17,13 : 36.25"
"17,14 : 65.05"
"17,15 : 50.33"
"17,16 : 101.32"
"17,17 : 0.0"
"17,18 : 45.04"
"17,19 : 74.09"
"17,20 : 38.21"
"17,21 : 36.35"
"17,22 : 60.13"
"17,23 : 59.84"
"17,24 : 60.54"
"17,25 : 43.05"
"17,26 : 15.81"
"17,27 : 87.46"
"17,28 : 69.4"
"17,29 : 44.18"
"17,30 : 99.36"
"17,31 : 35.47"
"17,32 : 49.4"
"17,33 : 41.23"
"17,34 : 53.67"
"17,35 : 49.04"
"17,36 : 98.35"
"17,37 : 73.98"
"17,38 : 5.0"
"17,39 : 43.05"
"17,40 : 81.39"
"17,41 : 17.26"
"17,42 : 44.18"
"17,43 : 52.01"
"17,44 : 58.08"
"17,45 : 68.88"
"17,46 : 61.98"
"17,47 : 34.23"
"17,48 : 23.71"
"17,49 : 60.17"
"17,50 : 53.71"
"17,51 : 23.09"
"17,52 : 67.54"
"17,53 : 70.0"
"17,54 : 61.03"
"17,55 : 49.03"
"17,56 : 68.59"
"17,57 : 31.62"
"17,58 : 89.87"
"17,59 : 30.46"
"17,60 : 37.34"
"17,61 : 52.55"
"17,62 : 46.04"
"17,63 : 25.06"
"17,64 : 15.81"
"17,65 : 55.47"
"17,66 : 34.41"
"17,67 : 70.29"
"17,68 : 61.29"
"17,69 : 96.18"
"17,70 : 68.95"
"17,71 : 71.02"
"17,72 : 71.56"
"17,73 : 100.21"
"17,74 : 90.91"
"17,75 : 45.18"
"17,76 : 30.02"
"17,77 : 44.38"
"17,78 : 28.32"
"17,79 : 45.89"
"17,80 : 21.4"
"17,81 : 33.24"
"17,82 : 43.83"
"17,83 : 83.22"
"17,84 : 77.62"
"17,85 : 45.34"
"17,86 : 28.16"
"17,87 : 76.16"
"17,88 : 53.16"
"17,89 : 58.24"
"17,90 : 76.42"
"17,91 : 71.59"
"17,92 : 79.91"
"17,93 : 85.56"
"17,94 : 62.94"
"17,95 : 70.6"
"17,96 : 22.56"
"17,97 : 87.09"
"17,98 : 49.04"
"17,99 : 48.27"
"18,0 : 41.76"
"18,1 : 50.33"
"18,2 : 95.9"
"18,3 : 73.35"
"18,4 : 22.36"
"18,5 : 59.67"
"18,6 : 16.28"
"18,7 : 84.06"
"18,8 : 49.77"
"18,9 : 49.04"
"18,10 : 78.57"
"18,11 : 47.38"
"18,12 : 39.12"
"18,13 : 46.1"
"18,14 : 48.01"
"18,15 : 16.12"
"18,16 : 75.64"
"18,17 : 45.04"
"18,18 : 0.0"
"18,19 : 44.78"
"18,20 : 57.28"
"18,21 : 55.17"
"18,22 : 16.16"
"18,23 : 18.44"
"18,24 : 23.71"
"18,25 : 45.28"
"18,26 : 32.76"
"18,27 : 50.21"
"18,28 : 44.38"
"18,29 : 67.21"
"18,30 : 72.92"
"18,31 : 16.28"
"18,32 : 20.02"
"18,33 : 30.87"
"18,34 : 54.23"
"18,35 : 78.41"
"18,36 : 77.2"
"18,37 : 31.3"
"18,38 : 45.1"
"18,39 : 2.0"
"18,40 : 37.36"
"18,41 : 28.02"
"18,42 : 61.62"
"18,43 : 70.94"
"18,44 : 13.04"
"18,45 : 26.08"
"18,46 : 84.29"
"18,47 : 54.56"
"18,48 : 38.95"
"18,49 : 62.39"
"18,50 : 55.95"
"18,51 : 22.0"
"18,52 : 36.25"
"18,53 : 45.35"
"18,54 : 65.39"
"18,55 : 74.33"
"18,56 : 25.5"
"18,57 : 27.59"
"18,58 : 60.42"
"18,59 : 22.02"
"18,60 : 10.63"
"18,61 : 17.46"
"18,62 : 1.0"
"18,63 : 25.08"
"18,64 : 39.0"
"18,65 : 24.33"
"18,66 : 27.8"
"18,67 : 56.0"
"18,68 : 17.89"
"18,69 : 73.05"
"18,70 : 32.02"
"18,71 : 26.93"
"18,72 : 43.66"
"18,73 : 70.83"
"18,74 : 65.0"
"18,75 : 48.37"
"18,76 : 25.5"
"18,77 : 13.15"
"18,78 : 32.2"
"18,79 : 11.0"
"18,80 : 62.97"
"18,81 : 63.81"
"18,82 : 48.02"
"18,83 : 45.28"
"18,84 : 34.99"
"18,85 : 39.0"
"18,86 : 60.42"
"18,87 : 68.36"
"18,88 : 60.9"
"18,89 : 17.8"
"18,90 : 55.11"
"18,91 : 65.92"
"18,92 : 35.44"
"18,93 : 64.76"
"18,94 : 46.0"
"18,95 : 74.67"
"18,96 : 23.19"
"18,97 : 74.11"
"18,98 : 69.35"
"18,99 : 59.64"
"19,0 : 6.08"
"19,1 : 51.09"
"19,2 : 85.62"
"19,3 : 44.55"
"19,4 : 37.22"
"19,5 : 17.46"
"19,6 : 38.05"
"19,7 : 69.78"
"19,8 : 67.68"
"19,9 : 13.34"
"19,10 : 73.01"
"19,11 : 16.55"
"19,12 : 15.13"
"19,13 : 48.37"
"19,14 : 18.38"
"19,15 : 59.2"
"19,16 : 30.87"
"19,17 : 74.09"
"19,18 : 44.78"
"19,19 : 0.0"
"19,20 : 59.01"
"19,21 : 58.08"
"19,22 : 35.13"
"19,23 : 29.27"
"19,24 : 62.39"
"19,25 : 41.05"
"19,26 : 69.31"
"19,27 : 18.97"
"19,28 : 7.28"
"19,29 : 67.19"
"19,30 : 28.18"
"19,31 : 60.03"
"19,32 : 27.02"
"19,33 : 33.62"
"19,34 : 40.02"
"19,35 : 80.31"
"19,36 : 33.24"
"19,37 : 28.79"
"19,38 : 76.84"
"19,39 : 45.62"
"19,40 : 35.85"
"19,41 : 62.29"
"19,42 : 59.21"
"19,43 : 65.31"
"19,44 : 42.3"
"19,45 : 55.15"
"19,46 : 77.2"
"19,47 : 59.21"
"19,48 : 79.4"
"19,49 : 44.38"
"19,50 : 42.2"
"19,51 : 57.28"
"19,52 : 8.54"
"19,53 : 7.62"
"19,54 : 47.93"
"19,55 : 73.55"
"19,56 : 30.41"
"19,57 : 42.54"
"19,58 : 16.28"
"19,59 : 44.2"
"19,60 : 42.8"
"19,61 : 59.67"
"19,62 : 44.38"
"19,63 : 65.44"
"19,64 : 59.93"
"19,65 : 66.49"
"19,66 : 39.82"
"19,67 : 23.43"
"19,68 : 33.06"
"19,69 : 28.64"
"19,70 : 16.12"
"19,71 : 51.48"
"19,72 : 3.0"
"19,73 : 26.91"
"19,74 : 20.25"
"19,75 : 42.01"
"19,76 : 44.1"
"19,77 : 34.41"
"19,78 : 74.4"
"19,79 : 34.99"
"19,80 : 95.41"
"19,81 : 72.34"
"19,82 : 43.0"
"19,83 : 18.03"
"19,84 : 60.21"
"19,85 : 33.38"
"19,86 : 72.01"
"19,87 : 36.8"
"19,88 : 49.48"
"19,89 : 55.44"
"19,90 : 14.76"
"19,91 : 37.64"
"19,92 : 53.45"
"19,93 : 22.2"
"19,94 : 18.68"
"19,95 : 52.7"
"19,96 : 60.14"
"19,97 : 35.85"
"19,98 : 65.76"
"19,99 : 52.61"
"20,0 : 53.0"
"20,1 : 8.25"
"20,2 : 39.45"
"20,3 : 41.87"
"20,4 : 72.56"
"20,5 : 57.87"
"20,6 : 67.96"
"20,7 : 31.26"
"20,8 : 21.59"
"20,9 : 72.03"
"20,10 : 21.63"
"20,11 : 74.24"
"20,12 : 44.01"
"20,13 : 12.08"
"20,14 : 42.76"
"20,15 : 70.6"
"20,16 : 77.62"
"20,17 : 38.21"
"20,18 : 57.28"
"20,19 : 59.01"
"20,20 : 0.0"
"20,21 : 2.24"
"20,22 : 65.51"
"20,23 : 61.72"
"20,24 : 80.16"
"20,25 : 18.03"
"20,26 : 47.85"
"20,27 : 77.16"
"20,28 : 52.09"
"20,29 : 10.0"
"20,30 : 76.55"
"20,31 : 58.67"
"20,32 : 46.52"
"20,33 : 30.46"
"20,34 : 22.36"
"20,35 : 22.47"
"20,36 : 71.59"
"20,37 : 73.74"
"20,38 : 43.19"
"20,39 : 55.87"
"20,40 : 82.64"
"20,41 : 43.01"
"20,42 : 6.0"
"20,43 : 14.87"
"20,44 : 67.8"
"20,45 : 82.98"
"20,46 : 27.46"
"20,47 : 4.0"
"20,48 : 59.41"
"20,49 : 25.46"
"20,50 : 21.1"
"20,51 : 44.28"
"20,52 : 56.44"
"20,53 : 52.15"
"20,54 : 25.0"
"20,55 : 17.2"
"20,56 : 70.26"
"20,57 : 29.73"
"20,58 : 71.2"
"20,59 : 35.38"
"20,60 : 46.67"
"20,61 : 72.62"
"20,62 : 58.0"
"20,63 : 53.14"
"20,64 : 25.5"
"20,65 : 78.24"
"20,66 : 30.0"
"20,67 : 44.01"
"20,68 : 65.37"
"20,69 : 71.18"
"20,70 : 62.82"
"20,71 : 82.8"
"20,72 : 56.01"
"20,73 : 79.81"
"20,74 : 68.96"
"20,75 : 17.12"
"20,76 : 31.83"
"20,77 : 47.43"
"20,78 : 60.88"
"20,79 : 50.22"
"20,80 : 55.15"
"20,81 : 14.32"
"20,82 : 16.03"
"20,83 : 74.55"
"20,84 : 91.68"
"20,85 : 26.31"
"20,86 : 16.28"
"20,87 : 44.05"
"20,88 : 17.03"
"20,89 : 74.97"
"20,90 : 53.85"
"20,91 : 39.05"
"20,92 : 90.14"
"20,93 : 60.54"
"20,94 : 41.44"
"20,95 : 33.54"
"20,96 : 46.62"
"20,97 : 56.4"
"20,98 : 12.53"
"20,99 : 11.4"
"21,0 : 52.04"
"21,1 : 7.0"
"21,2 : 41.68"
"21,3 : 42.8"
"21,4 : 70.71"
"21,5 : 57.58"
"21,6 : 66.04"
"21,7 : 33.38"
"21,8 : 19.92"
"21,9 : 71.0"
"21,10 : 23.85"
"21,11 : 73.11"
"21,12 : 43.01"
"21,13 : 10.44"
"21,14 : 42.2"
"21,15 : 68.41"
"21,16 : 77.47"
"21,17 : 36.35"
"21,18 : 55.17"
"21,19 : 58.08"
"21,20 : 2.24"
"21,21 : 0.0"
"21,22 : 63.63"
"21,23 : 59.93"
"21,24 : 77.99"
"21,25 : 17.03"
"21,26 : 45.71"
"21,27 : 76.06"
"21,28 : 51.24"
"21,29 : 12.04"
"21,30 : 76.32"
"21,31 : 56.44"
"21,32 : 44.78"
"21,33 : 28.79"
"21,34 : 22.47"
"21,35 : 24.17"
"21,36 : 71.69"
"21,37 : 72.11"
"21,38 : 41.3"
"21,39 : 53.74"
"21,40 : 80.99"
"21,41 : 40.8"
"21,42 : 8.06"
"21,43 : 17.09"
"21,44 : 65.8"
"21,45 : 80.92"
"21,46 : 29.68"
"21,47 : 2.24"
"21,48 : 57.31"
"21,49 : 26.25"
"21,50 : 21.4"
"21,51 : 42.05"
"21,52 : 55.23"
"21,53 : 51.35"
"21,54 : 26.08"
"21,55 : 19.21"
"21,56 : 68.54"
"21,57 : 27.66"
"21,58 : 70.61"
"21,59 : 33.24"
"21,60 : 44.55"
"21,61 : 70.43"
"21,62 : 55.9"
"21,63 : 50.92"
"21,64 : 23.35"
"21,65 : 76.03"
"21,66 : 28.02"
"21,67 : 43.86"
"21,68 : 63.53"
"21,69 : 71.11"
"21,70 : 61.39"
"21,71 : 80.8"
"21,72 : 55.08"
"21,73 : 79.4"
"21,74 : 68.62"
"21,75 : 16.49"
"21,76 : 29.7"
"21,77 : 45.49"
"21,78 : 58.69"
"21,79 : 48.26"
"21,80 : 53.71"
"21,81 : 14.56"
"21,82 : 15.3"
"21,83 : 73.33"
"21,84 : 89.64"
"21,85 : 25.08"
"21,86 : 15.81"
"21,87 : 44.6"
"21,88 : 18.03"
"21,89 : 72.84"
"21,90 : 53.45"
"21,91 : 39.62"
"21,92 : 88.2"
"21,93 : 60.42"
"21,94 : 40.79"
"21,95 : 34.93"
"21,96 : 44.38"
"21,97 : 56.85"
"21,98 : 14.76"
"21,99 : 12.53"
"22,0 : 34.13"
"22,1 : 57.69"
"22,2 : 101.98"
"22,3 : 72.09"
"22,4 : 7.28"
"22,5 : 52.01"
"22,6 : 3.16"
"22,7 : 88.46"
"22,8 : 62.37"
"22,9 : 35.78"
"22,10 : 85.6"
"22,11 : 33.29"
"22,12 : 35.11"
"22,13 : 53.54"
"22,14 : 44.27"
"22,15 : 25.55"
"22,16 : 65.0"
"22,17 : 60.13"
"22,18 : 16.16"
"22,19 : 35.13"
"22,20 : 65.51"
"22,21 : 63.63"
"22,22 : 0.0"
"22,23 : 6.08"
"22,24 : 27.29"
"22,25 : 50.33"
"22,26 : 48.76"
"22,27 : 35.81"
"22,28 : 37.22"
"22,29 : 75.47"
"22,30 : 62.1"
"22,31 : 31.91"
"22,32 : 19.8"
"22,33 : 35.61"
"22,34 : 56.85"
"22,35 : 87.71"
"22,36 : 68.36"
"22,37 : 15.26"
"22,38 : 60.67"
"22,39 : 18.03"
"22,40 : 21.38"
"22,41 : 43.57"
"22,42 : 68.82"
"22,43 : 77.62"
"22,44 : 7.28"
"22,45 : 21.19"
"22,46 : 91.05"
"22,47 : 63.53"
"22,48 : 55.01"
"22,49 : 64.4"
"22,50 : 58.9"
"22,51 : 37.48"
"22,52 : 27.0"
"22,53 : 38.21"
"22,54 : 67.8"
"22,55 : 82.68"
"22,56 : 9.43"
"22,57 : 36.77"
"22,58 : 49.04"
"22,59 : 32.98"
"22,60 : 23.02"
"22,61 : 25.5"
"22,62 : 15.23"
"22,63 : 41.23"
"22,64 : 51.79"
"22,65 : 31.95"
"22,66 : 35.78"
"22,67 : 52.2"
"22,68 : 2.24"
"22,69 : 63.64"
"22,70 : 19.65"
"22,71 : 18.87"
"22,72 : 35.0"
"22,73 : 58.87"
"22,74 : 54.92"
"22,75 : 53.08"
"22,76 : 35.74"
"22,77 : 18.38"
"22,78 : 48.02"
"22,79 : 15.81"
"22,80 : 78.85"
"22,81 : 74.46"
"22,82 : 53.15"
"22,83 : 30.81"
"22,84 : 28.3"
"22,85 : 42.43"
"22,86 : 71.78"
"22,87 : 65.79"
"22,88 : 65.07"
"22,89 : 20.4"
"22,90 : 48.17"
"22,91 : 64.47"
"22,92 : 24.84"
"22,93 : 57.0"
"22,94 : 42.72"
"22,95 : 76.01"
"22,96 : 39.05"
"22,97 : 68.88"
"22,98 : 76.61"
"22,99 : 65.19"
"23,0 : 28.07"
"23,1 : 53.71"
"23,2 : 97.31"
"23,3 : 66.21"
"23,4 : 11.31"
"23,5 : 46.0"
"23,6 : 9.22"
"23,7 : 83.44"
"23,8 : 60.41"
"23,9 : 31.06"
"23,10 : 81.27"
"23,11 : 29.07"
"23,12 : 29.15"
"23,13 : 49.65"
"23,14 : 38.28"
"23,15 : 30.46"
"23,16 : 59.48"
"23,17 : 59.84"
"23,18 : 18.44"
"23,19 : 29.27"
"23,20 : 61.72"
"23,21 : 59.93"
"23,22 : 6.08"
"23,23 : 0.0"
"23,24 : 33.14"
"23,25 : 45.8"
"23,26 : 49.77"
"23,27 : 31.83"
"23,28 : 31.14"
"23,29 : 71.59"
"23,30 : 56.61"
"23,31 : 34.71"
"23,32 : 15.26"
"23,33 : 31.38"
"23,34 : 51.66"
"23,35 : 84.1"
"23,36 : 62.51"
"23,37 : 14.14"
"23,38 : 60.88"
"23,39 : 20.0"
"23,40 : 22.09"
"23,41 : 43.97"
"23,42 : 64.66"
"23,43 : 73.24"
"23,44 : 13.04"
"23,45 : 27.2"
"23,46 : 86.61"
"23,47 : 60.01"
"23,48 : 57.14"
"23,49 : 59.03"
"23,50 : 53.76"
"23,51 : 37.95"
"23,52 : 21.02"
"23,53 : 32.14"
"23,54 : 62.48"
"23,55 : 78.77"
"23,56 : 9.06"
"23,57 : 33.96"
"23,58 : 43.66"
"23,59 : 31.06"
"23,60 : 22.56"
"23,61 : 30.68"
"23,62 : 17.69"
"23,63 : 43.05"
"23,64 : 50.09"
"23,65 : 37.36"
"23,66 : 32.57"
"23,67 : 46.17"
"23,68 : 4.47"
"23,69 : 57.87"
"23,70 : 14.32"
"23,71 : 24.6"
"23,72 : 29.02"
"23,73 : 53.71"
"23,74 : 49.24"
"23,75 : 48.41"
"23,76 : 33.38"
"23,77 : 16.03"
"23,78 : 50.61"
"23,79 : 14.04"
"23,80 : 79.4"
"23,81 : 71.47"
"23,82 : 48.6"
"23,83 : 26.87"
"23,84 : 34.0"
"23,85 : 37.64"
"23,86 : 69.12"
"23,87 : 59.81"
"23,88 : 60.14"
"23,89 : 26.17"
"23,90 : 42.11"
"23,91 : 58.6"
"23,92 : 29.73"
"23,93 : 51.01"
"23,94 : 36.77"
"23,95 : 70.46"
"23,96 : 39.92"
"23,97 : 62.8"
"23,98 : 72.4"
"23,99 : 60.61"
"24,0 : 61.01"
"24,1 : 73.6"
"24,2 : 119.2"
"24,3 : 96.3"
"24,4 : 27.31"
"24,5 : 79.06"
"24,6 : 24.52"
"24,7 : 107.7"
"24,8 : 69.63"
"24,9 : 62.3"
"24,10 : 101.67"
"24,11 : 59.24"
"24,12 : 60.53"
"24,13 : 69.4"
"24,14 : 69.72"
"24,15 : 10.3"
"24,16 : 92.2"
"24,17 : 60.54"
"24,18 : 23.71"
"24,19 : 62.39"
"24,20 : 80.16"
"24,21 : 77.99"
"24,22 : 27.29"
"24,23 : 33.14"
"24,24 : 0.0"
"24,25 : 68.96"
"24,26 : 45.22"
"24,27 : 61.33"
"24,28 : 64.0"
"24,29 : 89.94"
"24,30 : 89.27"
"24,31 : 25.08"
"24,32 : 42.2"
"24,33 : 54.56"
"24,34 : 77.88"
"24,35 : 100.45"
"24,36 : 95.63"
"24,37 : 38.91"
"24,38 : 58.82"
"24,39 : 24.7"
"24,40 : 39.82"
"24,41 : 43.83"
"24,42 : 84.81"
"24,43 : 94.2"
"24,44 : 20.1"
"24,45 : 13.04"
"24,46 : 107.45"
"24,47 : 77.16"
"24,48 : 45.04"
"24,49 : 86.01"
"24,50 : 79.62"
"24,51 : 39.12"
"24,52 : 54.15"
"24,53 : 65.0"
"24,54 : 89.05"
"24,55 : 96.94"
"24,56 : 34.18"
"24,57 : 50.8"
"24,58 : 76.16"
"24,59 : 44.82"
"24,60 : 33.84"
"24,61 : 8.06"
"24,62 : 23.26"
"24,63 : 35.74"
"24,64 : 59.2"
"24,65 : 7.62"
"24,66 : 51.31"
"24,67 : 77.78"
"24,68 : 29.43"
"24,69 : 90.93"
"24,70 : 46.87"
"24,71 : 17.8"
"24,72 : 62.13"
"24,73 : 85.73"
"24,74 : 82.2"
"24,75 : 72.07"
"24,76 : 48.41"
"24,77 : 36.4"
"24,78 : 37.05"
"24,79 : 33.84"
"24,80 : 73.68"
"24,81 : 85.15"
"24,82 : 71.69"
"24,83 : 56.46"
"24,84 : 19.24"
"24,85 : 62.65"
"24,86 : 81.22"
"24,87 : 90.8"
"24,88 : 84.6"
"24,89 : 7.0"
"24,90 : 75.0"
"24,91 : 88.77"
"24,92 : 25.5"
"24,93 : 84.1"
"24,94 : 67.9"
"24,95 : 98.23"
"24,96 : 38.47"
"24,97 : 95.26"
"24,98 : 92.46"
"24,99 : 83.22"
"25,0 : 35.01"
"25,1 : 10.05"
"25,2 : 51.66"
"25,3 : 34.21"
"25,4 : 57.01"
"25,5 : 41.59"
"25,6 : 53.08"
"25,7 : 38.83"
"25,8 : 30.48"
"25,9 : 54.01"
"25,10 : 35.51"
"25,11 : 56.22"
"25,12 : 26.0"
"25,13 : 8.06"
"25,14 : 25.63"
"25,15 : 60.42"
"25,16 : 61.77"
"25,17 : 43.05"
"25,18 : 45.28"
"25,19 : 41.05"
"25,20 : 18.03"
"25,21 : 17.03"
"25,22 : 50.33"
"25,23 : 45.8"
"25,24 : 68.96"
"25,25 : 0.0"
"25,26 : 46.87"
"25,27 : 59.14"
"25,28 : 34.23"
"25,29 : 26.93"
"25,30 : 60.37"
"25,31 : 51.2"
"25,32 : 30.61"
"25,33 : 14.87"
"25,34 : 11.18"
"25,35 : 40.02"
"25,36 : 57.01"
"25,37 : 56.8"
"25,38 : 47.41"
"25,39 : 44.29"
"25,40 : 65.74"
"25,41 : 40.31"
"25,42 : 19.31"
"25,43 : 27.46"
"25,44 : 53.81"
"25,45 : 69.53"
"25,46 : 40.8"
"25,47 : 18.25"
"25,48 : 59.03"
"25,49 : 19.0"
"25,50 : 12.0"
"25,51 : 39.01"
"25,52 : 38.47"
"25,53 : 34.37"
"25,54 : 21.21"
"25,55 : 33.84"
"25,56 : 53.85"
"25,57 : 19.42"
"25,58 : 53.85"
"25,59 : 25.71"
"25,60 : 35.34"
"25,61 : 62.17"
"25,62 : 45.79"
"25,63 : 49.0"
"25,64 : 27.29"
"25,65 : 68.54"
"25,66 : 18.03"
"25,67 : 28.6"
