x,y
5,19
7,78
29,20
53,71
36,39
52,1
66,92
31,100
38,29
29,55
66,59
65,95
66,14
77,58
27,12
47,70
86,62
33,59
39,55
42,0
33,46
61,84
95,95
97,38
68,14
89,37
65,81
27,87
84,17
72,14
92,4
7,59
6,32
94,74
3,69
66,8
45,85
48,59
87,37
71,70
2,96
52,52
0,45
98,41
64,98
59,29
99,76
79,82
94,84
4,99
49,81
45,84
63,84
10,8
60,81
39,41
87,26
97,87
8,53
32,66
24,6
97,72
98,74
48,78
50,26
37,1
18,74
13,55
65,79
89,88
60,23
92,21
73,66
61,49
39,90
11,60
43,35
83,10
28,33
12,99
94,76
22,43
30,15
57,56
45,95
44,49
37,27
42,91
66,88
71,26
61,49
1,15
88,14
29,74
44,20
47,62
92,91
61,96
55,76
28,53

Distanze
"0,0 : 0.0"
"0,1 : 59.03"
"0,2 : 24.02"
"0,3 : 70.77"
"0,4 : 36.89"
"0,5 : 50.33"
"0,6 : 95.13"
"0,7 : 85.07"
"0,8 : 34.48"
"0,9 : 43.27"
"0,10 : 72.95"
"0,11 : 96.83"
"0,12 : 61.2"
"0,13 : 81.88"
"0,14 : 23.09"
"0,15 : 66.07"
"0,16 : 91.71"
"0,17 : 48.83"
"0,18 : 49.52"
"0,19 : 41.59"
"0,20 : 38.9"
"0,21 : 85.8"
"0,22 : 117.8"
"0,23 : 93.94"
"0,24 : 63.2"
"0,25 : 85.91"
"0,26 : 86.28"
"0,27 : 71.47"
"0,28 : 79.03"
"0,29 : 67.19"
"0,30 : 88.28"
"0,31 : 40.05"
"0,32 : 13.04"
"0,33 : 104.62"
"0,34 : 50.04"
"0,35 : 61.98"
"0,36 : 77.18"
"0,37 : 58.73"
"0,38 : 83.95"
"0,39 : 83.41"
"0,40 : 77.06"
"0,41 : 57.43"
"0,42 : 26.48"
"0,43 : 95.57"
"0,44 : 98.6"
"0,45 : 54.92"
"0,46 : 109.93"
"0,47 : 97.19"
"0,48 : 110.21"
"0,49 : 80.01"
"0,50 : 76.03"
"0,51 : 76.32"
"0,52 : 87.11"
"0,53 : 12.08"
"0,54 : 82.88"
"0,55 : 40.5"
"0,56 : 82.3"
"0,57 : 114.4"
"0,58 : 34.13"
"0,59 : 54.2"
"0,60 : 23.02"
"0,61 : 106.17"
"0,62 : 108.05"
"0,63 : 73.01"
"0,64 : 45.54"
"0,65 : 36.72"
"0,66 : 56.52"
"0,67 : 36.88"
"0,68 : 84.85"
"0,69 : 108.71"
"0,70 : 55.15"
"0,71 : 87.02"
"0,72 : 82.66"
"0,73 : 63.53"
"0,74 : 78.72"
"0,75 : 41.44"
"0,76 : 41.23"
"0,77 : 78.52"
"0,78 : 26.93"
"0,79 : 80.31"
"0,80 : 105.69"
"0,81 : 29.41"
"0,82 : 25.32"
"0,83 : 63.82"
"0,84 : 85.88"
"0,85 : 49.2"
"0,86 : 32.98"
"0,87 : 80.95"
"0,88 : 92.1"
"0,89 : 66.37"
"0,90 : 63.53"
"0,91 : 5.66"
"0,92 : 83.15"
"0,93 : 60.01"
"0,94 : 39.01"
"0,95 : 60.11"
"0,96 : 112.93"
"0,97 : 95.21"
"0,98 : 75.82"
"0,99 : 41.05"
"1,0 : 59.03"
"1,1 : 0.0"
"1,2 : 62.03"
"1,3 : 46.53"
"1,4 : 48.6"
"1,5 : 89.19"
"1,6 : 60.64"
"1,7 : 32.56"
"1,8 : 57.98"
"1,9 : 31.83"
"1,10 : 61.98"
"1,11 : 60.44"
"1,12 : 87.05"
"1,13 : 72.8"
"1,14 : 68.96"
"1,15 : 40.79"
"1,16 : 80.6"
"1,17 : 32.2"
"1,18 : 39.41"
"1,19 : 85.49"
"1,20 : 41.23"
"1,21 : 54.33"
"1,22 : 89.63"
"1,23 : 98.49"
"1,24 : 88.41"
"1,25 : 91.68"
"1,26 : 58.08"
"1,27 : 21.93"
"1,28 : 98.23"
"1,29 : 91.22"
"1,30 : 112.7"
"1,31 : 19.0"
"1,32 : 46.01"
"1,33 : 87.09"
"1,34 : 9.85"
"1,35 : 91.55"
"1,36 : 38.64"
"1,37 : 45.19"
"1,38 : 89.89"
"1,39 : 64.5"
"1,40 : 18.68"
"1,41 : 51.97"
"1,42 : 33.73"
"1,43 : 98.23"
"1,44 : 60.41"
"1,45 : 71.45"
"1,46 : 92.02"
"1,47 : 72.11"
"1,48 : 87.21"
"1,49 : 21.21"
"1,50 : 42.11"
"1,51 : 38.47"
"1,52 : 56.32"
"1,53 : 70.06"
"1,54 : 53.08"
"1,55 : 48.92"
"1,56 : 95.41"
"1,57 : 90.45"
"1,58 : 25.02"
"1,59 : 27.73"
"1,60 : 73.98"
"1,61 : 90.2"
"1,62 : 91.09"
"1,63 : 41.0"
"1,64 : 67.48"
"1,65 : 82.64"
"1,66 : 11.7"
"1,67 : 23.77"
"1,68 : 58.01"
"1,69 : 82.61"
"1,70 : 76.38"
"1,71 : 102.34"
"1,72 : 67.08"
"1,73 : 61.29"
"1,74 : 34.18"
"1,75 : 18.44"
"1,76 : 56.08"
"1,77 : 101.98"
"1,78 : 49.66"
"1,79 : 21.59"
"1,80 : 87.02"
"1,81 : 38.08"
"1,82 : 67.07"
"1,83 : 54.63"
"1,84 : 41.63"
"1,85 : 47.01"
"1,86 : 59.17"
"1,87 : 37.34"
"1,88 : 59.84"
"1,89 : 82.46"
"1,90 : 61.29"
"1,91 : 63.29"
"1,92 : 103.23"
"1,93 : 22.36"
"1,94 : 68.8"
"1,95 : 43.08"
"1,96 : 85.99"
"1,97 : 56.92"
"1,98 : 48.04"
"1,99 : 32.65"
"2,0 : 24.02"
"2,1 : 62.03"
"2,2 : 0.0"
"2,3 : 56.36"
"2,4 : 20.25"
"2,5 : 29.83"
"2,6 : 80.95"
"2,7 : 80.02"
"2,8 : 12.73"
"2,9 : 35.0"
"2,10 : 53.76"
"2,11 : 83.19"
"2,12 : 37.48"
"2,13 : 61.22"
"2,14 : 8.25"
"2,15 : 53.14"
"2,16 : 70.8"
"2,17 : 39.2"
"2,18 : 36.4"
"2,19 : 23.85"
"2,20 : 26.31"
"2,21 : 71.55"
"2,22 : 99.9"
"2,23 : 70.34"
"2,24 : 39.46"
"2,25 : 62.36"
"2,26 : 70.83"
"2,27 : 67.03"
"2,28 : 55.08"
"2,29 : 43.42"
"2,30 : 65.0"
"2,31 : 44.78"
"2,32 : 25.94"
"2,33 : 84.5"
"2,34 : 55.47"
"2,35 : 38.9"
"2,36 : 66.94"
"2,37 : 43.38"
"2,38 : 60.44"
"2,39 : 65.3"
"2,40 : 80.65"
"2,41 : 39.41"
"2,42 : 38.29"
"2,43 : 72.12"
"2,44 : 85.49"
"2,45 : 31.32"
"2,46 : 89.64"
"2,47 : 79.65"
"2,48 : 91.22"
"2,49 : 82.86"
"2,50 : 64.2"
"2,51 : 65.97"
"2,52 : 72.47"
"2,53 : 22.47"
"2,54 : 68.43"
"2,55 : 23.26"
"2,56 : 58.31"
"2,57 : 95.46"
"2,58 : 39.12"
"2,59 : 46.1"
"2,60 : 14.87"
"2,61 : 85.6"
"2,62 : 87.62"
"2,63 : 61.03"
"2,64 : 21.84"
"2,65 : 20.62"
"2,66 : 55.11"
"2,67 : 38.48"
"2,68 : 69.12"
"2,69 : 90.69"
"2,70 : 31.14"
"2,71 : 63.01"
"2,72 : 63.66"
"2,73 : 43.19"
"2,74 : 70.71"
"2,75 : 43.86"
"2,76 : 20.52"
"2,77 : 54.92"
"2,78 : 13.04"
"2,79 : 80.81"
"2,80 : 85.8"
"2,81 : 24.04"
"2,82 : 5.1"
"2,83 : 45.61"
"2,84 : 76.69"
"2,85 : 32.65"
"2,86 : 10.63"
"2,87 : 72.18"
"2,88 : 77.41"
"2,89 : 42.43"
"2,90 : 43.19"
"2,91 : 28.44"
"2,92 : 59.3"
"2,93 : 54.0"
"2,94 : 15.0"
"2,95 : 45.69"
"2,96 : 94.92"
"2,97 : 82.46"
"2,98 : 61.74"
"2,99 : 33.02"
"3,0 : 70.77"
"3,1 : 46.53"
"3,2 : 56.36"
"3,3 : 0.0"
"3,4 : 36.24"
"3,5 : 70.01"
"3,6 : 24.7"
"3,7 : 36.4"
"3,8 : 44.6"
"3,9 : 28.84"
"3,10 : 17.69"
"3,11 : 26.83"
"3,12 : 58.46"
"3,13 : 27.29"
"3,14 : 64.47"
"3,15 : 6.08"
"3,16 : 34.21"
"3,17 : 23.32"
"3,18 : 21.26"
"3,19 : 71.85"
"3,20 : 32.02"
"3,21 : 15.26"
"3,22 : 48.37"
"3,23 : 55.0"
"3,24 : 58.94"
"3,25 : 49.52"
"3,26 : 15.62"
"3,27 : 30.53"
"3,28 : 62.27"
"3,29 : 60.08"
"3,30 : 77.52"
"3,31 : 47.54"
"3,32 : 61.07"
"3,33 : 41.11"
"3,34 : 50.04"
"3,35 : 64.33"
"3,36 : 16.12"
"3,37 : 13.0"
"3,38 : 48.08"
"3,39 : 18.03"
"3,40 : 56.8"
"3,41 : 19.03"
"3,42 : 59.03"
"3,43 : 54.08"
"3,44 : 29.15"
"3,45 : 42.43"
"3,46 : 46.27"
"3,47 : 28.23"
"3,48 : 43.01"
"3,49 : 56.44"
"3,50 : 10.77"
"3,51 : 15.26"
"3,52 : 16.4"
"3,53 : 76.28"
"3,54 : 12.21"
"3,55 : 33.11"
"3,56 : 56.4"
"3,57 : 46.82"
"3,58 : 48.47"
"3,59 : 21.59"
"3,60 : 71.18"
"3,61 : 44.01"
"3,62 : 45.1"
"3,63 : 8.6"
"3,64 : 45.1"
"3,65 : 71.81"
"3,66 : 35.13"
"3,67 : 43.08"
"3,68 : 14.42"
"3,69 : 39.81"
"3,70 : 48.51"
"3,71 : 63.41"
"3,72 : 20.62"
"3,73 : 23.41"
"3,74 : 23.6"
"3,75 : 43.42"
"3,76 : 37.36"
"3,77 : 67.98"
"3,78 : 45.49"
"3,79 : 49.65"
"3,80 : 41.3"
"3,81 : 41.77"
"3,82 : 60.54"
"3,83 : 15.52"
"3,84 : 25.3"
"3,85 : 23.77"
"3,86 : 46.82"
"3,87 : 22.83"
"3,88 : 21.4"
"3,89 : 48.47"
"3,90 : 23.41"
"3,91 : 76.42"
"3,92 : 66.89"
"3,93 : 24.19"
"3,94 : 51.79"
"3,95 : 10.82"
"3,96 : 43.83"
"3,97 : 26.25"
"3,98 : 5.39"
"3,99 : 30.81"
"4,0 : 36.89"
"4,1 : 48.6"
"4,2 : 20.25"
"4,3 : 36.24"
"4,4 : 0.0"
"4,5 : 41.23"
"4,6 : 60.9"
"4,7 : 61.2"
"4,8 : 10.2"
"4,9 : 17.46"
"4,10 : 36.06"
"4,11 : 63.06"
"4,12 : 39.05"
"4,13 : 45.19"
"4,14 : 28.46"
"4,15 : 32.89"
"4,16 : 55.04"
"4,17 : 20.22"
"4,18 : 16.28"
"4,19 : 39.46"
"4,20 : 7.62"
"4,21 : 51.48"
"4,22 : 81.34"
"4,23 : 61.01"
"4,24 : 40.61"
"4,25 : 53.04"
"4,26 : 51.04"
"4,27 : 48.84"
"4,28 : 52.8"
"4,29 : 43.83"
"4,30 : 66.04"
"4,31 : 35.23"
"4,32 : 30.81"
"4,33 : 67.74"
"4,34 : 44.6"
"4,35 : 43.14"
"4,36 : 46.87"
"4,37 : 23.32"
"4,38 : 51.04"
"4,39 : 46.75"
"4,40 : 66.37"
"4,41 : 20.62"
"4,42 : 36.5"
"4,43 : 62.03"
"4,44 : 65.31"
"4,45 : 25.08"
"4,46 : 73.06"
"4,47 : 60.81"
"4,48 : 73.41"
"4,49 : 68.0"
"4,50 : 43.97"
"4,51 : 45.89"
"4,52 : 52.48"
"4,53 : 40.46"
"4,54 : 48.37"
"4,55 : 3.61"
"4,56 : 52.63"
"4,57 : 77.62"
"4,58 : 31.3"
"4,59 : 27.29"
"4,60 : 35.11"
"4,61 : 69.35"
"4,62 : 71.2"
"4,63 : 40.8"
"4,64 : 19.1"
"4,65 : 38.01"
"4,66 : 39.36"
"4,67 : 28.02"
"4,68 : 49.41"
"4,69 : 72.18"
"4,70 : 28.84"
"4,71 : 58.82"
"4,72 : 45.8"
"4,73 : 26.93"
"4,74 : 51.09"
"4,75 : 32.65"
"4,76 : 8.06"
"4,77 : 55.23"
"4,78 : 10.0"
"4,79 : 64.62"
"4,80 : 68.8"
"4,81 : 14.56"
"4,82 : 24.74"
"4,83 : 27.02"
"4,84 : 56.72"
"4,85 : 12.81"
"4,86 : 12.04"
"4,87 : 52.35"
"4,88 : 57.45"
"4,89 : 37.34"
"4,90 : 26.93"
"4,91 : 42.44"
"4,92 : 57.7"
"4,93 : 35.69"
"4,94 : 20.62"
"4,95 : 25.5"
"4,96 : 76.42"
"4,97 : 62.24"
"4,98 : 41.59"
"4,99 : 16.12"
"5,0 : 50.33"
"5,1 : 89.19"
"5,2 : 29.83"
"5,3 : 70.01"
"5,4 : 41.23"
"5,5 : 0.0"
"5,6 : 92.07"
"5,7 : 101.2"
"5,8 : 31.3"
"5,9 : 58.69"
"5,10 : 59.67"
"5,11 : 94.89"
"5,12 : 19.1"
"5,13 : 62.24"
"5,14 : 27.31"
"5,15 : 69.18"
"5,16 : 69.84"
"5,17 : 61.03"
"5,18 : 55.54"
"5,19 : 10.05"
"5,20 : 48.85"
"5,21 : 83.49"
"5,22 : 103.37"
"5,23 : 58.26"
"5,24 : 20.62"
"5,25 : 51.62"
"5,26 : 81.05"
"5,27 : 89.56"
"5,28 : 35.78"
"5,29 : 23.85"
"5,30 : 40.11"
"5,31 : 73.41"
"5,32 : 55.47"
"5,33 : 84.22"
"5,34 : 83.82"
"5,35 : 15.65"
"5,36 : 84.29"
"5,37 : 58.14"
"5,38 : 50.21"
"5,39 : 71.57"
"5,40 : 107.35"
"5,41 : 51.0"
"5,42 : 68.12"
"5,43 : 60.96"
"5,44 : 97.74"
"5,45 : 28.86"
"5,46 : 88.51"
"5,47 : 85.38"
"5,48 : 93.02"
"5,49 : 109.12"
"5,50 : 80.06"
"5,51 : 83.29"
"5,52 : 83.73"
"5,53 : 42.58"
"5,54 : 80.4"
"5,55 : 42.06"
"5,56 : 43.01"
"5,57 : 97.06"
"5,58 : 68.12"
"5,59 : 68.01"
"5,60 : 28.44"
"5,61 : 84.06"
"5,62 : 86.28"
"5,63 : 77.1"
"5,64 : 25.08"
"5,65 : 15.0"
"5,66 : 80.53"
"5,67 : 66.61"
"5,68 : 79.08"
"5,69 : 94.54"
"5,70 : 23.41"
"5,71 : 44.72"
"5,72 : 68.31"
"5,73 : 48.84"
"5,74 : 89.94"
"5,75 : 71.85"
"5,76 : 35.17"
"5,77 : 32.28"
"5,78 : 40.0"
"5,79 : 105.85"
"5,80 : 85.96"
"5,81 : 51.61"
"5,82 : 26.08"
"5,83 : 55.23"
"5,84 : 94.26"
"5,85 : 48.66"
"5,86 : 30.02"
"5,87 : 90.55"
"5,88 : 88.12"
"5,89 : 31.4"
"5,90 : 48.84"
"5,91 : 52.89"
"5,92 : 38.28"
"5,93 : 76.54"
"5,94 : 20.62"
"5,95 : 61.2"
"5,96 : 98.49"
"5,97 : 95.43"
"5,98 : 75.06"
"5,99 : 57.27"
"6,0 : 95.13"
"6,1 : 60.64"
"6,2 : 80.95"
"6,3 : 24.7"
"6,4 : 60.9"
"6,5 : 92.07"
"6,6 : 0.0"
"6,7 : 35.9"
"6,8 : 68.94"
"6,9 : 52.33"
"6,10 : 33.0"
"6,11 : 3.16"
"6,12 : 78.0"
"6,13 : 35.74"
"6,14 : 89.0"
"6,15 : 29.07"
"6,16 : 36.06"
"6,17 : 46.67"
"6,18 : 45.8"
"6,19 : 95.08"
"6,20 : 56.61"
"6,21 : 9.43"
"6,22 : 29.15"
"6,23 : 62.27"
"6,24 : 78.03"
"6,25 : 59.62"
"6,26 : 11.05"
"6,27 : 39.32"
"6,28 : 77.13"
"6,29 : 78.23"
"6,30 : 91.76"
"6,31 : 67.6"
"6,32 : 84.85"
"6,33 : 33.29"
"6,34 : 67.07"
"6,35 : 84.0"
"6,36 : 22.14"
"6,37 : 37.59"
"6,38 : 58.87"
"6,39 : 22.56"
"6,40 : 64.12"
"6,41 : 42.38"
"6,42 : 81.02"
"6,43 : 60.21"
"6,44 : 6.32"
"6,45 : 63.39"
"6,46 : 36.67"
"6,47 : 16.4"
"6,48 : 29.12"
"6,49 : 62.39"
"6,50 : 20.25"
"6,51 : 22.47"
"6,52 : 8.54"
"6,53 : 100.96"
"6,54 : 12.53"
"6,55 : 57.71"
"6,56 : 69.26"
"6,57 : 31.4"
"6,58 : 69.89"
"6,59 : 42.8"
"6,60 : 95.71"
"6,61 : 36.89"
"6,62 : 36.72"
"6,63 : 22.8"
"6,64 : 67.91"
"6,65 : 95.51"
"6,66 : 51.26"
"6,67 : 64.64"
"6,68 : 13.04"
"6,69 : 23.35"
"6,70 : 69.26"
"6,71 : 75.61"
"6,72 : 26.93"
"6,73 : 43.29"
"6,74 : 27.07"
"6,75 : 63.63"
"6,76 : 61.47"
"6,77 : 83.74"
"6,78 : 70.18"
"6,79 : 54.45"
"6,80 : 32.25"
"6,81 : 65.86"
"6,82 : 85.0"
"6,83 : 37.11"
"6,84 : 21.21"
"6,85 : 48.3"
"6,86 : 71.18"
"6,87 : 24.02"
"6,88 : 4.0"
"6,89 : 66.19"
"6,90 : 43.29"
"6,91 : 100.77"
"6,92 : 81.04"
"6,93 : 41.15"
"6,94 : 75.29"
"6,95 : 35.51"
"6,96 : 26.02"
"6,97 : 6.4"
"6,98 : 19.42"
"6,99 : 54.45"
"7,0 : 85.07"
"7,1 : 32.56"
"7,2 : 80.02"
"7,3 : 36.4"
"7,4 : 61.2"
"7,5 : 101.2"
"7,6 : 35.9"
"7,7 : 0.0"
"7,8 : 71.34"
"7,9 : 45.04"
"7,10 : 53.91"
"7,11 : 34.37"
"7,12 : 92.85"
"7,13 : 62.29"
"7,14 : 88.09"
"7,15 : 34.0"
"7,16 : 66.85"
"7,17 : 41.05"
"7,18 : 45.71"
"7,19 : 100.6"
"7,20 : 54.04"
"7,21 : 34.0"
"7,22 : 64.2"
"7,23 : 90.55"
"7,24 : 93.62"
"7,25 : 85.63"
"7,26 : 38.95"
"7,27 : 13.6"
"7,28 : 98.48"
"7,29 : 95.27"
"7,30 : 113.74"
"7,31 : 47.51"
"7,32 : 72.45"
"7,33 : 68.15"
"7,34 : 41.77"
"7,35 : 98.43"
"7,36 : 20.52"
"7,37 : 44.38"
"7,38 : 84.29"
"7,39 : 50.0"
"7,40 : 29.27"
"7,41 : 52.39"
"7,42 : 63.13"
"7,43 : 89.27"
"7,44 : 33.06"
"7,45 : 76.32"
"7,46 : 72.11"
"7,47 : 51.26"
"7,48 : 65.0"
"7,49 : 27.02"
"7,50 : 26.17"
"7,51 : 21.26"
"7,52 : 35.78"
"7,53 : 94.37"
"7,54 : 34.67"
"7,55 : 59.54"
"7,56 : 92.8"
"7,57 : 67.27"
"7,58 : 52.33"
"7,59 : 34.01"
"7,60 : 94.26"
"7,61 : 71.69"
"7,62 : 71.87"
"7,63 : 27.8"
"7,64 : 76.4"
"7,65 : 99.18"
"7,66 : 29.07"
"7,67 : 48.47"
"7,68 : 39.96"
"7,69 : 59.23"
"7,70 : 82.28"
"7,71 : 99.81"
"7,72 : 54.04"
"7,73 : 59.17"
"7,74 : 12.81"
"7,75 : 44.72"
"7,76 : 66.1"
"7,77 : 103.94"
"7,78 : 67.07"
"7,79 : 19.03"
"7,80 : 67.42"
"7,81 : 57.71"
"7,82 : 85.01"
"7,83 : 51.11"
"7,84 : 14.87"
"7,85 : 52.63"
"7,86 : 73.25"
"7,87 : 14.21"
"7,88 : 37.0"
"7,89 : 84.12"
"7,90 : 59.17"
"7,91 : 90.14"
"7,92 : 103.17"
"7,93 : 26.08"
"7,94 : 81.05"
"7,95 : 41.23"
"7,96 : 61.66"
"7,97 : 30.27"
"7,98 : 33.94"
"7,99 : 47.1"
"8,0 : 34.48"
"8,1 : 57.98"
"8,2 : 12.73"
"8,3 : 44.6"
"8,4 : 10.2"
"8,5 : 31.3"
"8,6 : 68.94"
"8,7 : 71.34"
"8,8 : 0.0"
"8,9 : 27.51"
"8,10 : 41.04"
"8,11 : 71.31"
"8,12 : 31.76"
"8,13 : 48.6"
"8,14 : 20.25"
"8,15 : 41.98"
"8,16 : 58.25"
"8,17 : 30.41"
"8,18 : 26.02"
"8,19 : 29.27"
"8,20 : 17.72"
"8,21 : 59.62"
"8,22 : 87.21"
"8,23 : 59.68"
"8,24 : 33.54"
"8,25 : 51.62"
"8,26 : 58.59"
"8,27 : 59.03"
"8,28 : 47.54"
"8,29 : 37.16"
"8,30 : 59.51"
"8,31 : 43.14"
"8,32 : 32.14"
"8,33 : 71.84"
"8,34 : 53.15"
"8,35 : 35.0"
"8,36 : 56.44"
"8,37 : 31.62"
"8,38 : 49.65"
"8,39 : 52.63"
"8,40 : 76.06"
"8,41 : 26.93"
"8,42 : 41.23"
"8,43 : 61.19"
"8,44 : 73.74"
"8,45 : 21.0"
"8,46 : 77.01"
"8,47 : 67.01"
"8,48 : 78.49"
"8,49 : 77.82"
"8,50 : 53.15"
"8,51 : 55.44"
"8,52 : 60.42"
"8,53 : 35.0"
"8,54 : 56.46"
"8,55 : 12.04"
"8,56 : 49.09"
"8,57 : 82.73"
"8,58 : 38.42"
"8,59 : 37.48"
"8,60 : 26.93"
"8,61 : 73.01"
"8,62 : 75.0"
"8,63 : 50.01"
"8,64 : 12.37"
"8,65 : 28.02"
"8,66 : 49.24"
"8,67 : 36.07"
"8,68 : 56.82"
"8,69 : 77.99"
"8,70 : 22.8"
"8,71 : 54.59"
"8,72 : 50.93"
"8,73 : 30.48"
"8,74 : 61.01"
"8,75 : 41.11"
"8,76 : 7.81"
"8,77 : 48.85"
"8,78 : 10.77"
"8,79 : 74.67"
"8,80 : 73.11"
"8,81 : 21.26"
"8,82 : 16.12"
"8,83 : 33.02"
"8,84 : 66.37"
"8,85 : 20.88"
"8,86 : 2.24"
"8,87 : 62.13"
"8,88 : 65.31"
"8,89 : 33.14"
"8,90 : 30.48"
"8,91 : 39.56"
"8,92 : 52.2"
"8,93 : 45.89"
"8,94 : 10.82"
"8,95 : 34.21"
"8,96 : 82.22"
"8,97 : 70.84"
"8,98 : 49.98"
"8,99 : 26.0"
"9,0 : 43.27"
"9,1 : 31.83"
"9,2 : 35.0"
"9,3 : 28.84"
"9,4 : 17.46"
"9,5 : 58.69"
"9,6 : 52.33"
"9,7 : 45.04"
"9,8 : 27.51"
"9,9 : 0.0"
"9,10 : 37.22"
"9,11 : 53.81"
"9,12 : 55.23"
"9,13 : 48.09"
"9,14 : 43.05"
"9,15 : 23.43"
"9,16 : 57.43"
"9,17 : 5.66"
"9,18 : 10.0"
"9,19 : 56.52"
"9,20 : 9.85"
"9,21 : 43.19"
"9,22 : 77.18"
"9,23 : 70.09"
"9,24 : 56.59"
"9,25 : 62.64"
"9,26 : 44.41"
"9,27 : 32.06"
"9,28 : 66.85"
"9,29 : 59.41"
"9,30 : 81.06"
"9,31 : 22.36"
"9,32 : 32.53"
"9,33 : 67.72"
"9,34 : 29.53"
"9,35 : 59.82"
"9,36 : 34.0"
"9,37 : 19.42"
"9,38 : 60.73"
"9,39 : 44.6"
"9,40 : 49.09"
"9,41 : 23.19"
"9,42 : 30.68"
"9,43 : 70.41"
"9,44 : 55.44"
"9,45 : 39.7"
"9,46 : 73.08"
"9,47 : 56.82"
"9,48 : 71.18"
"9,49 : 50.61"
"9,50 : 32.8"
"9,51 : 33.12"
"9,52 : 44.69"
"9,53 : 50.7"
"9,54 : 40.46"
"9,55 : 17.2"
"9,56 : 64.85"
"9,57 : 75.15"
"9,58 : 21.1"
"9,59 : 11.4"
"9,60 : 49.25"
"9,61 : 70.09"
"9,62 : 71.57"
"9,63 : 29.83"
"9,64 : 35.81"
"9,65 : 54.59"
"9,66 : 21.95"
"9,67 : 16.0"
"9,68 : 43.27"
"9,69 : 68.48"
"9,70 : 44.55"
"9,71 : 71.59"
"9,72 : 45.35"
"9,73 : 32.56"
"9,74 : 36.4"
"9,75 : 18.68"
"9,76 : 24.41"
"9,77 : 70.29"
"9,78 : 22.02"
"9,79 : 47.17"
"9,80 : 68.31"
"9,81 : 13.89"
"9,82 : 40.01"
"9,83 : 28.02"
"9,84 : 43.08"
"9,85 : 16.16"
"9,86 : 29.12"
"9,87 : 38.28"
"9,88 : 49.58"
"9,89 : 51.04"
"9,90 : 32.56"
"9,91 : 48.83"
"9,92 : 71.85"
"9,93 : 19.0"
"9,94 : 38.08"
"9,95 : 19.31"
"9,96 : 72.56"
"9,97 : 52.01"
"9,98 : 33.42"
"9,99 : 2.24"
"10,0 : 72.95"
"10,1 : 61.98"
"10,2 : 53.76"
"10,3 : 17.69"
"10,4 : 36.06"
"10,5 : 59.67"
"10,6 : 33.0"
"10,7 : 53.91"
"10,8 : 41.04"
"10,9 : 37.22"
"10,10 : 0.0"
"10,11 : 36.01"
"10,12 : 45.0"
"10,13 : 11.05"
"10,14 : 61.07"
"10,15 : 21.95"
"10,16 : 20.22"
"10,17 : 33.0"
"10,18 : 27.29"
"10,19 : 63.69"
"10,20 : 35.47"
"10,21 : 25.5"
"10,22 : 46.23"
"10,23 : 37.44"
"10,24 : 45.04"
"10,25 : 31.83"
"10,26 : 22.02"
"10,27 : 48.01"
"10,28 : 45.69"
"10,29 : 45.4"
"10,30 : 60.84"
"10,31 : 59.0"
"10,32 : 65.8"
"10,33 : 31.76"
"10,34 : 63.79"
"10,35 : 51.0"
"10,36 : 33.42"
"10,37 : 18.0"
"10,38 : 30.41"
"10,39 : 12.08"
"10,40 : 73.93"
"10,41 : 15.65"
"10,42 : 67.47"
"10,43 : 36.72"
"10,44 : 39.05"
"10,45 : 30.81"
"10,46 : 37.12"
"10,47 : 26.42"
"10,48 : 37.54"
"10,49 : 73.78"
"10,50 : 27.8"
"10,51 : 32.65"
"10,52 : 25.18"
"10,53 : 75.74"
"10,54 : 22.8"
"10,55 : 32.45"
"10,56 : 39.12"
"10,57 : 41.77"
"10,58 : 58.31"
"10,59 : 34.71"
"10,60 : 67.62"
"10,61 : 33.62"
"10,62 : 35.34"
"10,63 : 26.17"
"10,64 : 36.67"
"10,65 : 64.85"
"10,66 : 50.29"
"10,67 : 53.15"
"10,68 : 20.02"
"10,69 : 37.01"
"10,70 : 36.5"
"10,71 : 46.04"
"10,72 : 9.9"
"10,73 : 11.18"
"10,74 : 41.11"
"10,75 : 55.01"
"10,76 : 33.24"
"10,77 : 51.87"
"10,78 : 46.04"
"10,79 : 67.2"
"10,80 : 32.76"
"10,81 : 46.82"
"10,82 : 56.85"
"10,83 : 9.49"
"10,84 : 41.68"
"10,85 : 24.17"
"10,86 : 43.19"
"10,87 : 40.0"
"10,88 : 29.0"
"10,89 : 33.38"
"10,90 : 11.18"
"10,91 : 78.49"
"10,92 : 50.09"
"10,93 : 39.92"
"10,94 : 44.78"
"10,95 : 19.24"
"10,96 : 41.23"
"10,97 : 37.34"
"10,98 : 20.25"
"10,99 : 38.47"
"11,0 : 96.83"
"11,1 : 60.44"
"11,2 : 83.19"
"11,3 : 26.83"
"11,4 : 63.06"
"11,5 : 94.89"
"11,6 : 3.16"
"11,7 : 34.37"
"11,8 : 71.31"
"11,9 : 53.81"
"11,10 : 36.01"
"11,11 : 0.0"
"11,12 : 81.01"
"11,13 : 38.9"
"11,14 : 91.29"
"11,15 : 30.81"
"11,16 : 39.12"
"11,17 : 48.17"
"11,18 : 47.71"
"11,19 : 97.74"
"11,20 : 58.52"
"11,21 : 11.7"
"11,22 : 30.0"
"11,23 : 65.37"
"11,24 : 81.06"
"11,25 : 62.77"
"11,26 : 14.0"
"11,27 : 38.83"
"11,28 : 80.28"
"11,29 : 81.3"
"11,30 : 94.92"
"11,31 : 68.26"
"11,32 : 86.31"
"11,33 : 35.81"
"11,34 : 67.23"
"11,35 : 87.01"
"11,36 : 22.36"
"11,37 : 39.81"
"11,38 : 62.03"
"11,39 : 25.71"
"11,40 : 63.01"
"11,41 : 44.92"
"11,42 : 82.01"
"11,43 : 63.29"
"11,44 : 3.16"
"11,45 : 66.27"
"11,46 : 38.95"
"11,47 : 19.1"
"11,48 : 31.02"
"11,49 : 61.13"
"11,50 : 21.26"
"11,51 : 22.83"
"11,52 : 11.18"
"11,53 : 102.93"
"11,54 : 14.87"
"11,55 : 59.93"
"11,56 : 72.42"
"11,57 : 32.98"
"11,58 : 70.8"
"11,59 : 43.93"
"11,60 : 97.99"
"11,61 : 39.41"
"11,62 : 39.12"
"11,63 : 24.04"
"11,64 : 70.61"
"11,65 : 98.08"
"11,66 : 51.48"
"11,67 : 65.6"
"11,68 : 16.0"
"11,69 : 25.0"
"11,70 : 72.17"
"11,71 : 78.77"
"11,72 : 30.08"
"11,73 : 46.17"
"11,74 : 26.48"
"11,75 : 64.35"
"11,76 : 63.91"
"11,77 : 86.88"
"11,78 : 72.2"
"11,79 : 53.15"
"11,80 : 34.67"
"11,81 : 67.48"
"11,82 : 87.32"
"11,83 : 39.81"
"11,84 : 20.0"
"11,85 : 50.57"
"11,86 : 73.54"
"11,87 : 23.35"
"11,88 : 7.07"
"11,89 : 69.26"
"11,90 : 46.17"
"11,91 : 102.45"
"11,92 : 84.2"
"11,93 : 41.68"
"11,94 : 77.88"
"11,95 : 37.59"
"11,96 : 27.29"
"11,97 : 4.12"
"11,98 : 21.47"
"11,99 : 55.97"
"12,0 : 61.2"
"12,1 : 87.05"
"12,2 : 37.48"
"12,3 : 58.46"
"12,4 : 39.05"
"12,5 : 19.1"
"12,6 : 78.0"
"12,7 : 92.85"
"12,8 : 31.76"
"12,9 : 55.23"
"12,10 : 45.0"
"12,11 : 81.01"
"12,12 : 0.0"
"12,13 : 45.35"
"12,14 : 39.05"
"12,15 : 59.14"
"12,16 : 52.0"
"12,17 : 55.8"
"12,18 : 49.09"
"12,19 : 27.78"
"12,20 : 45.97"
"12,21 : 70.18"
"12,22 : 86.03"
"12,23 : 39.2"
"12,24 : 2.0"
"12,25 : 32.53"
"12,26 : 67.01"
"12,27 : 82.76"
"12,28 : 18.25"
"12,29 : 6.0"
"12,30 : 27.86"
"12,31 : 74.2"
"12,32 : 62.64"
"12,33 : 66.21"
"12,34 : 83.63"
"12,35 : 6.0"
"12,36 : 74.04"
"12,37 : 48.47"
"12,38 : 31.14"
"12,39 : 56.22"
"12,40 : 104.02"
"12,41 : 40.5"
"12,42 : 72.92"
"12,43 : 41.87"
"12,44 : 84.02"
"12,45 : 16.55"
"12,46 : 70.24"
"12,47 : 69.23"
"12,48 : 75.39"
"12,49 : 105.21"
"12,50 : 69.12"
"12,51 : 73.08"
"12,52 : 70.06"
"12,53 : 56.32"
"12,54 : 67.27"
"12,55 : 38.18"
"12,56 : 24.19"
"12,57 : 79.31"
"12,58 : 69.89"
"12,59 : 62.13"
"12,60 : 42.76"
"12,61 : 65.76"
"12,62 : 68.0"
"12,63 : 66.48"
"12,64 : 20.0"
"12,65 : 31.78"
"12,66 : 76.84"
"12,67 : 67.01"
"12,68 : 65.01"
"12,69 : 77.49"
"12,70 : 10.82"
"12,71 : 26.93"
"12,72 : 52.47"
"12,73 : 35.36"
"12,74 : 80.65"
"12,75 : 71.7"
"12,76 : 31.14"
"12,77 : 17.46"
"12,78 : 42.49"
"12,79 : 100.7"
"12,80 : 68.03"
"12,81 : 52.7"
"12,82 : 36.01"
"12,83 : 42.95"
"12,84 : 83.68"
"12,85 : 41.34"
"12,86 : 31.78"
"12,87 : 80.65"
"12,88 : 74.0"
"12,89 : 13.0"
"12,90 : 35.36"
"12,91 : 65.01"
"12,92 : 22.0"
"12,93 : 70.49"
"12,94 : 22.8"
"12,95 : 51.62"
"12,96 : 81.27"
"12,97 : 82.15"
"12,98 : 62.97"
"12,99 : 54.45"
"13,0 : 81.88"
"13,1 : 72.8"
"13,2 : 61.22"
"13,3 : 27.29"
"13,4 : 45.19"
"13,5 : 62.24"
"13,6 : 35.74"
"13,7 : 62.29"
"13,8 : 48.6"
"13,9 : 48.09"
"13,10 : 11.05"
"13,11 : 38.9"
"13,12 : 45.35"
"13,13 : 0.0"
"13,14 : 67.94"
"13,15 : 32.31"
"13,16 : 9.85"
"13,17 : 44.01"
"13,18 : 38.12"
"13,19 : 67.74"
"13,20 : 45.61"
"13,21 : 30.53"
"13,22 : 41.15"
"13,23 : 28.28"
"13,24 : 44.91"
"13,25 : 24.19"
"13,26 : 25.94"
"13,27 : 57.8"
"13,28 : 41.59"
"13,29 : 44.28"
"13,30 : 56.04"
"13,31 : 70.01"
"13,32 : 75.61"
"13,33 : 23.35"
"13,34 : 74.81"
"13,35 : 51.2"
"13,36 : 41.87"
"13,37 : 29.02"
"13,38 : 23.26"
"13,39 : 13.42"
"13,40 : 84.08"
"13,41 : 25.71"
"13,42 : 78.09"
"13,43 : 27.02"
"13,44 : 42.06"
"13,45 : 34.13"
"13,46 : 28.43"
"13,47 : 24.08"
"13,48 : 31.06"
"13,49 : 83.73"
"13,50 : 36.24"
"13,51 : 41.23"
"13,52 : 29.53"
"13,53 : 83.6"
"13,54 : 28.6"
"13,55 : 41.63"
"13,56 : 33.53"
"13,57 : 35.23"
"13,58 : 69.18"
"13,59 : 45.71"
"13,60 : 74.25"
"13,61 : 24.41"
"13,62 : 26.4"
"13,63 : 35.23"
"13,64 : 41.87"
"13,65 : 69.63"
"13,66 : 61.13"
"13,67 : 64.07"
"13,68 : 24.19"
"13,69 : 32.31"
"13,70 : 38.91"
"13,71 : 39.92"
"13,72 : 8.94"
"13,73 : 18.36"
"13,74 : 49.68"
"13,75 : 66.03"
"13,76 : 41.05"
"13,77 : 48.37"
"13,78 : 55.01"
"13,79 : 76.85"
"13,80 : 24.76"
"13,81 : 57.01"
"13,82 : 63.7"
"13,83 : 20.1"
"13,84 : 48.92"
"13,85 : 34.21"
"13,86 : 50.61"
"13,87 : 48.1"
"13,88 : 31.95"
"13,89 : 32.56"
"13,90 : 18.36"
"13,91 : 87.32"
"13,92 : 45.35"
"13,93 : 50.6"
"13,94 : 50.33"
"13,95 : 30.27"
"13,96 : 36.25"
"13,97 : 41.23"
"13,98 : 28.43"
"13,99 : 49.25"
"14,0 : 23.09"
"14,1 : 68.96"
"14,2 : 8.25"
"14,3 : 64.47"
"14,4 : 28.46"
"14,5 : 27.31"
"14,6 : 89.0"
"14,7 : 88.09"
"14,8 : 20.25"
"14,9 : 43.05"
"14,10 : 61.07"
"14,11 : 91.29"
"14,12 : 39.05"
"14,13 : 67.94"
"14,14 : 0.0"
"14,15 : 61.35"
"14,16 : 77.34"
"14,17 : 47.38"
"14,18 : 44.64"
"14,19 : 19.21"
"14,20 : 34.53"
"14,21 : 79.62"
"14,22 : 107.3"
"14,23 : 74.67"
"14,24 : 41.05"
"14,25 : 66.85"
"14,26 : 78.77"
"14,27 : 75.0"
"14,28 : 57.22"
"14,29 : 45.04"
"14,30 : 65.49"
"14,31 : 51.08"
"14,32 : 29.0"
"14,33 : 91.29"
"14,34 : 61.85"
"14,35 : 39.2"
"14,36 : 75.19"
"14,37 : 51.48"
"14,38 : 65.0"
"14,39 : 72.8"
"14,40 : 87.64"
"14,41 : 47.17"
"14,42 : 42.64"
"14,43 : 76.69"
"14,44 : 93.62"
"14,45 : 36.24"
"14,46 : 96.33"
"14,47 : 87.2"
"14,48 : 98.35"
"14,49 : 89.99"
"14,50 : 72.42"
"14,51 : 74.22"
"14,52 : 80.5"
"14,53 : 17.46"
"14,54 : 76.49"
"14,55 : 31.38"
"14,56 : 61.61"
"14,57 : 102.59"
"14,58 : 45.19"
"14,59 : 54.23"
"14,60 : 6.71"
"14,61 : 92.2"
"14,62 : 94.26"
"14,63 : 69.26"
"14,64 : 26.93"
"14,65 : 14.87"
"14,66 : 62.65"
"14,67 : 45.22"
"14,68 : 77.03"
"14,69 : 98.08"
"14,70 : 34.79"
"14,71 : 65.62"
"14,72 : 70.94"
"14,73 : 50.25"
"14,74 : 78.92"
"14,75 : 50.6"
"14,76 : 28.02"
"14,77 : 56.04"
"14,78 : 21.02"
"14,79 : 88.28"
"14,80 : 92.66"
"14,81 : 31.4"
"14,82 : 4.24"
"14,83 : 53.25"
"14,84 : 84.93"
"14,85 : 40.72"
"14,86 : 18.03"
"14,87 : 80.41"
"14,88 : 85.42"
"14,89 : 46.17"
"14,90 : 50.25"
"14,91 : 26.17"
"14,92 : 61.03"
"14,93 : 62.03"
"14,94 : 18.79"
"14,95 : 53.85"
"14,96 : 102.3"
"14,97 : 90.62"
"14,98 : 69.86"
"14,99 : 41.01"
"15,0 : 66.07"
"15,1 : 40.79"
"15,2 : 53.14"
"15,3 : 6.08"
"15,4 : 32.89"
"15,5 : 69.18"
"15,6 : 29.07"
"15,7 : 34.0"
"15,8 : 41.98"
"15,9 : 23.43"
"15,10 : 21.95"
"15,11 : 30.81"
"15,12 : 59.14"
"15,13 : 32.31"
"15,14 : 61.35"
"15,15 : 0.0"
"15,16 : 39.81"
"15,17 : 17.8"
"15,18 : 17.0"
"15,19 : 70.18"
"15,20 : 27.78"
"15,21 : 19.8"
"15,22 : 54.12"
"15,23 : 59.36"
"15,24 : 59.81"
"15,25 : 53.41"
"15,26 : 21.1"
"15,27 : 26.25"
"15,28 : 64.64"
"15,29 : 61.33"
"15,30 : 79.88"
"15,31 : 41.48"
"15,32 : 55.9"
"15,33 : 47.17"
"15,34 : 44.01"
"15,35 : 64.85"
"15,36 : 15.13"
"15,37 : 11.05"
"15,38 : 51.86"
"15,39 : 24.0"
"15,40 : 51.97"
"15,41 : 18.68"
"15,42 : 53.24"
"15,43 : 58.67"
"15,44 : 32.76"
"15,45 : 42.72"
"15,46 : 52.35"
"15,47 : 34.18"
"15,48 : 49.04"
"15,49 : 51.87"
"15,50 : 11.18"
"15,51 : 14.14"
"15,52 : 21.26"
"15,53 : 72.2"
"15,54 : 17.03"
"15,55 : 30.08"
"15,56 : 59.46"
"15,57 : 52.81"
"15,58 : 42.54"
"15,59 : 15.52"
"15,60 : 68.01"
"15,61 : 50.04"
"15,62 : 51.16"
"15,63 : 8.06"
"15,64 : 44.1"
"15,65 : 69.72"
"15,66 : 29.27"
"15,67 : 37.16"
"15,68 : 20.12"
"15,69 : 45.69"
"15,70 : 48.76"
"15,71 : 66.53"
"15,72 : 26.31"
"15,73 : 25.24"
"15,74 : 21.54"
"15,75 : 37.36"
"15,76 : 35.23"
"15,77 : 69.97"
"15,78 : 41.59"
"15,79 : 45.45"
"15,80 : 47.38"
"15,81 : 36.8"
"15,82 : 57.57"
"15,83 : 17.2"
"15,84 : 25.08"
"15,85 : 21.21"
"15,86 : 44.15"
"15,87 : 21.59"
"15,88 : 26.17"
"15,89 : 50.12"
"15,90 : 25.24"
"15,91 : 71.7"
"15,92 : 69.4"
"15,93 : 18.44"
"15,94 : 50.09"
"15,95 : 8.0"
"15,96 : 49.66"
"15,97 : 29.53"
"15,98 : 10.0"
"15,99 : 25.5"
"16,0 : 91.71"
"16,1 : 80.6"
"16,2 : 70.8"
"16,3 : 34.21"
"16,4 : 55.04"
"16,5 : 69.84"
"16,6 : 36.06"
"16,7 : 66.85"
"16,8 : 58.25"
"16,9 : 57.43"
"16,10 : 20.22"
"16,11 : 39.12"
"16,12 : 52.0"
"16,13 : 9.85"
"16,14 : 77.34"
"16,15 : 39.81"
"16,16 : 0.0"
"16,17 : 53.08"
"16,18 : 47.52"
"16,19 : 76.03"
"16,20 : 55.36"
"16,21 : 33.3"
"16,22 : 34.21"
"16,23 : 26.4"
"16,24 : 51.26"
"16,25 : 25.18"
"16,26 : 28.32"
"16,27 : 64.08"
"16,28 : 45.04"
"16,29 : 50.0"
"16,30 : 58.31"
"16,31 : 79.06"
"16,32 : 85.44"
"16,33 : 14.42"
"16,34 : 83.29"
"16,35 : 57.58"
"16,36 : 47.01"
"16,37 : 38.12"
"16,38 : 25.02"
"16,39 : 17.0"
"16,40 : 90.62"
"16,41 : 35.44"
"16,42 : 87.66"
"16,43 : 24.19"
"16,44 : 42.19"
"16,45 : 42.64"
"16,46 : 19.1"
"16,47 : 21.19"
"16,48 : 23.41"
"16,49 : 89.96"
"16,50 : 41.59"
"16,51 : 46.53"
"16,52 : 31.83"
"16,53 : 93.23"
"16,54 : 32.2"
"16,55 : 51.48"
"16,56 : 36.01"
"16,57 : 27.31"
"16,58 : 78.52"
"16,59 : 54.15"
"16,60 : 83.55"
"16,61 : 14.87"
"16,62 : 16.97"
"16,63 : 41.23"
"16,64 : 50.91"
"16,65 : 78.24"
"16,66 : 69.05"
"16,67 : 73.33"
"16,68 : 27.02"
"16,69 : 26.17"
"16,70 : 46.87"
"16,71 : 41.44"
"16,72 : 13.6"
"16,73 : 28.18"
"16,74 : 54.71"
"16,75 : 75.03"
"16,76 : 50.77"
"16,77 : 52.09"
"16,78 : 64.85"
"16,79 : 82.73"
"16,80 : 16.12"
"16,81 : 66.76"
"16,82 : 73.11"
"16,83 : 29.61"
"16,84 : 52.63"
"16,85 : 43.97"
"16,86 : 60.22"
"16,87 : 52.7"
"16,88 : 32.8"
"16,89 : 39.0"
"16,90 : 28.18"
"16,91 : 97.13"
"16,92 : 48.04"
"16,93 : 58.25"
"16,94 : 59.4"
"16,95 : 39.0"
"16,96 : 29.61"
"16,97 : 42.2"
"16,98 : 34.01"
"16,99 : 58.69"
"17,0 : 48.83"
"17,1 : 32.2"
"17,2 : 39.2"
"17,3 : 23.32"
"17,4 : 20.22"
"17,5 : 61.03"
"17,6 : 46.67"
"17,7 : 41.05"
"17,8 : 30.41"
"17,9 : 5.66"
"17,10 : 33.0"
"17,11 : 48.17"
"17,12 : 55.8"
"17,13 : 44.01"
"17,14 : 47.38"
"17,15 : 17.8"
"17,16 : 53.08"
"17,17 : 0.0"
"17,18 : 7.21"
"17,19 : 59.68"
"17,20 : 13.0"
"17,21 : 37.54"
"17,22 : 71.69"
"17,23 : 67.36"
"17,24 : 57.01"
"17,25 : 60.17"
"17,26 : 38.83"
"17,27 : 28.64"
"17,28 : 66.07"
"17,29 : 59.55"
"17,30 : 80.66"
"17,31 : 26.0"
"17,32 : 38.18"
"17,33 : 62.82"
"17,34 : 31.62"
"17,35 : 60.75"
"17,36 : 28.64"
"17,37 : 15.0"
"17,38 : 58.31"
"17,39 : 39.56"
"17,40 : 48.27"
"17,41 : 20.25"
"17,42 : 35.85"
"17,43 : 67.45"
"17,44 : 49.82"
"17,45 : 39.7"
"17,46 : 68.15"
"17,47 : 51.43"
"17,48 : 65.92"
"17,49 : 49.41"
"17,50 : 27.2"
"17,51 : 27.73"
"17,52 : 39.05"
"17,53 : 55.95"
"17,54 : 34.83"
"17,55 : 18.97"
"17,56 : 63.29"
"17,57 : 69.86"
"17,58 : 25.71"
"17,59 : 7.07"
"17,60 : 53.76"
"17,61 : 65.31"
"17,62 : 66.71"
"17,63 : 24.21"
"17,64 : 37.12"
"17,65 : 58.14"
"17,66 : 21.21"
"17,67 : 20.4"
"17,68 : 37.74"
"17,69 : 63.06"
"17,70 : 45.0"
"17,71 : 70.18"
"17,72 : 40.61"
"17,73 : 29.73"
"17,74 : 31.58"
"17,75 : 22.02"
"17,76 : 26.0"
"17,77 : 70.01"
"17,78 : 26.48"
"17,79 : 45.18"
"17,80 : 63.32"
"17,81 : 19.42"
"17,82 : 44.1"
"17,83 : 24.19"
"17,84 : 37.95"
"17,85 : 14.87"
"17,86 : 32.25"
"17,87 : 33.24"
"17,88 : 43.93"
"17,89 : 50.33"
"17,90 : 29.73"
"17,91 : 54.41"
"17,92 : 71.06"
"17,93 : 15.52"
"17,94 : 40.52"
"17,95 : 14.32"
"17,96 : 67.12"
"17,97 : 46.4"
"17,98 : 27.8"
"17,99 : 7.81"
"18,0 : 49.52"
"18,1 : 39.41"
"18,2 : 36.4"
"18,3 : 21.26"
"18,4 : 16.28"
"18,5 : 55.54"
"18,6 : 45.8"
"18,7 : 45.71"
"18,8 : 26.02"
"18,9 : 10.0"
"18,10 : 27.29"
"18,11 : 47.71"
"18,12 : 49.09"
"18,13 : 38.12"
"18,14 : 44.64"
"18,15 : 17.0"
"18,16 : 47.52"
"18,17 : 7.21"
"18,18 : 0.0"
"18,19 : 55.08"
"18,20 : 10.82"
"18,21 : 36.4"
"18,22 : 68.82"
"18,23 : 60.44"
"18,24 : 50.22"
"18,25 : 53.14"
"18,26 : 36.77"
"18,27 : 34.18"
"18,28 : 58.9"
"18,29 : 52.63"
"18,30 : 73.55"
"18,31 : 32.25"
"18,32 : 40.22"
"18,33 : 58.19"
"18,34 : 38.63"
"18,35 : 54.2"
"18,36 : 30.59"
"18,37 : 9.85"
"18,38 : 51.26"
"18,39 : 35.34"
"18,40 : 55.23"
"18,41 : 13.34"
"18,42 : 40.26"
"18,43 : 60.64"
"18,44 : 49.74"
"18,45 : 32.8"
"18,46 : 63.57"
"18,47 : 48.26"
"18,48 : 62.18"
"18,49 : 56.22"
"18,50 : 27.86"
"18,51 : 29.61"
"18,52 : 37.64"
"18,53 : 55.23"
"18,54 : 33.42"
"18,55 : 14.0"
"18,56 : 56.08"
"18,57 : 66.24"
"18,58 : 31.06"
"18,59 : 13.04"
"18,60 : 51.24"
"18,61 : 60.44"
"18,62 : 61.98"
"18,63 : 24.7"
"18,64 : 31.02"
"18,65 : 54.04"
"18,66 : 28.32"
"18,67 : 26.0"
"18,68 : 35.38"
"18,69 : 59.91"
"18,70 : 38.28"
"18,71 : 62.97"
"18,72 : 35.74"
"18,73 : 22.8"
"18,74 : 35.0"
"18,75 : 28.44"
"18,76 : 20.4"
"18,77 : 62.94"
"18,78 : 24.6"
"18,79 : 51.62"
"18,80 : 58.87"
"18,81 : 20.81"
"18,82 : 41.0"
"18,83 : 18.03"
"18,84 : 40.45"
"18,85 : 7.81"
"18,86 : 28.07"
"18,87 : 36.12"
"18,88 : 42.64"
"18,89 : 43.19"
"18,90 : 22.8"
"18,91 : 55.17"
"18,92 : 63.89"
"18,93 : 21.47"
"18,94 : 35.36"
"18,95 : 10.63"
"18,96 : 64.07"
"18,97 : 46.53"
"18,98 : 26.4"
"18,99 : 11.18"
"19,0 : 41.59"
"19,1 : 85.49"
"19,2 : 23.85"
"19,3 : 71.85"
"19,4 : 39.46"
"19,5 : 10.05"
"19,6 : 95.08"
"19,7 : 100.6"
"19,8 : 29.27"
"19,9 : 56.52"
"19,10 : 63.69"
"19,11 : 97.74"
"19,12 : 27.78"
"19,13 : 67.74"
"19,14 : 19.21"
"19,15 : 70.18"
"19,16 : 76.03"
"19,17 : 59.68"
"19,18 : 55.08"
"19,19 : 0.0"
"19,20 : 46.87"
"19,21 : 86.12"
"19,22 : 108.78"
"19,23 : 66.85"
"19,24 : 29.53"
"19,25 : 59.82"
"19,26 : 84.2"
"19,27 : 88.28"
"19,28 : 45.31"
"19,29 : 33.11"
"19,30 : 50.16"
"19,31 : 68.6"
"19,32 : 48.17"
"19,33 : 90.44"
"19,34 : 79.26"
"19,35 : 25.3"
"19,36 : 85.05"
"19,37 : 59.3"
"19,38 : 58.26"
"19,39 : 75.77"
"19,40 : 104.0"
"19,41 : 52.95"
"19,42 : 61.55"
"19,43 : 69.4"
"19,44 : 100.44"
"19,45 : 33.62"
"19,46 : 95.0"
"19,47 : 89.96"
"19,48 : 98.79"
"19,49 : 106.04"
"19,50 : 81.3"
"19,51 : 84.05"
"19,52 : 86.59"
"19,53 : 32.98"
"19,54 : 82.98"
"19,55 : 41.11"
"19,56 : 51.97"
"19,57 : 102.93"
"19,58 : 62.97"
"19,59 : 66.75"
"19,60 : 18.97"
"19,61 : 90.6"
"19,62 : 92.8"
"19,63 : 78.23"
"19,64 : 27.2"
"19,65 : 5.1"
"19,66 : 77.79"
"19,67 : 62.18"
"19,68 : 82.28"
"19,69 : 99.76"
"19,70 : 29.21"
"19,71 : 54.23"
"19,72 : 72.92"
"19,73 : 52.55"
"19,74 : 90.05"
"19,75 : 67.54"
"19,76 : 35.01"
"19,77 : 42.2"
"19,78 : 35.85"
"19,79 : 103.45"
"19,80 : 92.09"
"19,81 : 47.42"
"19,82 : 19.21"
"19,83 : 57.97"
"19,84 : 95.05"
"19,85 : 49.04"
"19,86 : 27.46"
"19,87 : 91.0"
"19,88 : 91.21"
"19,89 : 38.95"
"19,90 : 52.55"
"19,91 : 43.66"
"19,92 : 48.08"
"19,93 : 75.13"
"19,94 : 20.1"
"19,95 : 62.2"
"19,96 : 103.83"
"19,97 : 97.86"
"19,98 : 77.1"
"19,99 : 54.82"
"20,0 : 38.9"
"20,1 : 41.23"
"20,2 : 26.31"
"20,3 : 32.02"
"20,4 : 7.62"
"20,5 : 48.85"
"20,6 : 56.61"
"20,7 : 54.04"
"20,8 : 17.72"
"20,9 : 9.85"
"20,10 : 35.47"
"20,11 : 58.52"
"20,12 : 45.97"
"20,13 : 45.61"
"20,14 : 34.53"
"20,15 : 27.78"
"20,16 : 55.36"
"20,17 : 13.0"
"20,18 : 10.82"
"20,19 : 46.87"
"20,20 : 0.0"
"20,21 : 47.2"
"20,22 : 79.03"
"20,23 : 64.5"
"20,24 : 47.42"
"20,25 : 56.72"
"20,26 : 47.42"
"20,27 : 41.44"
"20,28 : 58.67"
"20,29 : 50.45"
"20,30 : 72.42"
"20,31 : 29.07"
"20,32 : 30.41"
"20,33 : 67.12"
"20,34 : 37.8"
"20,35 : 50.33"
"20,36 : 40.8"
"20,37 : 19.85"
"20,38 : 54.74"
"20,39 : 44.94"
"20,40 : 58.83"
"20,41 : 19.92"
"20,42 : 33.02"
"20,43 : 65.19"
"20,44 : 60.54"
"20,45 : 31.06"
"20,46 : 72.5"
"20,47 : 58.41"
"20,48 : 71.87"
"20,49 : 60.42"
"20,50 : 38.48"
"20,51 : 39.85"
"20,52 : 48.41"
"20,53 : 44.42"
"20,54 : 44.2"
"20,55 : 7.81"
"20,56 : 57.58"
"20,57 : 76.01"
"20,58 : 25.96"
"20,59 : 20.02"
"20,60 : 41.0"
"20,61 : 69.08"
"20,62 : 70.77"
"20,63 : 35.34"
"20,64 : 26.25"
"20,65 : 45.18"
"20,66 : 31.76"
"20,67 : 21.93"
"20,68 : 45.97"
"20,69 : 70.0"
"20,70 : 35.47"
"20,71 : 64.08"
"20,72 : 44.72"
"20,73 : 28.16"
"20,74 : 44.41"
"20,75 : 26.08"
"20,76 : 14.87"
"20,77 : 61.61"
"20,78 : 13.93"
"20,79 : 57.01"
"20,80 : 67.98"
"20,81 : 11.4"
"20,82 : 31.14"
"20,83 : 26.0"
"20,84 : 50.45"
"20,85 : 11.4"
"20,86 : 19.42"
"20,87 : 45.89"
"20,88 : 53.41"
"20,89 : 42.94"
"20,90 : 28.16"
"20,91 : 44.55"
"20,92 : 63.63"
"20,93 : 28.28"
"20,94 : 28.23"
"20,95 : 21.26"
"20,96 : 74.2"
"20,97 : 57.31"
"20,98 : 37.2"
"20,99 : 8.6"
"21,0 : 85.8"
"21,1 : 54.33"
"21,2 : 71.55"
"21,3 : 15.26"
"21,4 : 51.48"
"21,5 : 83.49"
"21,6 : 9.43"
"21,7 : 34.0"
"21,8 : 59.62"
"21,9 : 43.19"
"21,10 : 25.5"
"21,11 : 11.7"
"21,12 : 70.18"
"21,13 : 30.53"
"21,14 : 79.62"
"21,15 : 19.8"
"21,16 : 33.3"
"21,17 : 37.54"
"21,18 : 36.4"
"21,19 : 86.12"
"21,20 : 47.2"
"21,21 : 0.0"
"21,22 : 35.74"
"21,23 : 58.41"
"21,24 : 70.35"
"21,25 : 54.71"
"21,26 : 5.0"
"21,27 : 34.13"
"21,28 : 70.84"
"21,29 : 70.86"
"21,30 : 85.8"
"21,31 : 59.51"
"21,32 : 75.69"
"21,33 : 34.48"
"21,34 : 59.91"
"21,35 : 76.16"
"21,36 : 16.03"
"21,37 : 28.18"
"21,38 : 53.71"
"21,39 : 17.2"
"21,40 : 60.21"
"21,41 : 33.24"
"21,42 : 72.4"
"21,43 : 56.73"
"21,44 : 14.32"
"21,45 : 55.04"
"21,46 : 38.83"
"21,47 : 18.11"
"21,48 : 33.0"
"21,49 : 58.94"
"21,50 : 12.37"
"21,51 : 16.0"
"21,52 : 2.0"
"21,53 : 91.53"
"21,54 : 3.16"
"21,55 : 48.3"
"21,56 : 63.56"
"21,57 : 36.12"
"21,58 : 61.4"
"21,59 : 34.13"
"21,60 : 86.33"
"21,61 : 37.95"
"21,62 : 38.33"
"21,63 : 14.32"
"21,64 : 59.03"
"21,65 : 86.4"
"21,66 : 44.15"
"21,67 : 56.08"
"21,68 : 6.4"
"21,69 : 28.28"
"21,70 : 61.01"
"21,71 : 70.21"
"21,72 : 21.63"
"21,73 : 35.0"
"21,74 : 22.8"
"21,75 : 55.46"
"21,76 : 52.2"
"21,77 : 77.2"
"21,78 : 60.75"
"21,79 : 51.24"
"21,80 : 33.96"
"21,81 : 56.59"
"21,82 : 75.64"
"21,83 : 28.28"
"21,84 : 19.42"
"21,85 : 38.91"
"21,86 : 61.85"
"21,87 : 20.25"
"21,88 : 6.4"
"21,89 : 58.86"
"21,90 : 35.0"
"21,91 : 91.44"
"21,92 : 75.03"
"21,93 : 33.53"
"21,94 : 66.22"
"21,95 : 26.08"
"21,96 : 31.78"
"21,97 : 12.0"
"21,98 : 10.0"
"21,99 : 45.28"
"22,0 : 117.8"
"22,1 : 89.63"
"22,2 : 99.9"
"22,3 : 48.37"
"22,4 : 81.34"
"22,5 : 103.37"
"22,6 : 29.15"
"22,7 : 64.2"
"22,8 : 87.21"
"22,9 : 77.18"
"22,10 : 46.23"
"22,11 : 30.0"
"22,12 : 86.03"
"22,13 : 41.15"
"22,14 : 107.3"
"22,15 : 54.12"
"22,16 : 34.21"
"22,17 : 71.69"
"22,18 : 68.82"
"22,19 : 108.78"
"22,20 : 79.03"
"22,21 : 35.74"
"22,22 : 0.0"
"22,23 : 57.04"
"22,24 : 85.38"
"22,25 : 58.31"
"22,26 : 33.11"
"22,27 : 68.47"
"22,28 : 78.77"
"22,29 : 84.2"
"22,30 : 91.05"
"22,31 : 95.08"
"22,32 : 109.04"
"22,33 : 21.02"
"22,34 : 95.6"
"22,35 : 91.71"
"22,36 : 50.99"
"22,37 : 59.2"
"22,38 : 58.55"
"22,39 : 34.66"
"22,40 : 93.01"
"22,41 : 60.81"
"22,42 : 107.35"
"22,43 : 54.08"
"22,44 : 31.14"
"22,45 : 75.18"
"22,46 : 19.42"
"22,47 : 20.62"
"22,48 : 11.05"
"22,49 : 91.09"
"22,50 : 48.08"
"22,51 : 51.2"
"22,52 : 33.84"
"22,53 : 121.63"
"22,54 : 37.7"
"22,55 : 77.79"
"22,56 : 69.46"
"22,57 : 8.25"
"22,58 : 96.61"
"22,59 : 69.35"
"22,60 : 113.85"
"22,61 : 23.09"
"22,62 : 21.21"
"22,63 : 49.98"
"22,64 : 82.38"
"22,65 : 110.45"
"22,66 : 79.81"
"22,67 : 91.24"
"22,68 : 34.0"
"22,69 : 9.22"
"22,70 : 80.06"
"22,71 : 74.06"
"22,72 : 36.4"
"22,73 : 57.2"
"22,74 : 56.22"
"22,75 : 91.0"
"22,76 : 79.4"
"22,77 : 85.84"
"22,78 : 91.29"
"22,79 : 83.1"
"22,80 : 19.03"
"22,81 : 89.63"
"22,82 : 103.08"
"22,83 : 54.45"
"22,84 : 50.0"
"22,85 : 68.68"
"22,86 : 89.38"
"22,87 : 53.15"
"22,88 : 29.83"
"22,89 : 73.05"
"22,90 : 57.2"
"22,91 : 123.43"
"22,92 : 81.3"
"22,93 : 69.26"
"22,94 : 90.7"
"22,95 : 58.25"
"22,96 : 5.0"
"22,97 : 34.01"
"22,98 : 44.28"
"22,99 : 79.08"
"23,0 : 93.94"
"23,1 : 98.49"
"23,2 : 70.34"
"23,3 : 55.0"
"23,4 : 61.01"
"23,5 : 58.26"
"23,6 : 62.27"
"23,7 : 90.55"
"23,8 : 59.68"
"23,9 : 70.09"
"23,10 : 37.44"
"23,11 : 65.37"
"23,12 : 39.2"
"23,13 : 28.28"
"23,14 : 74.67"
"23,15 : 59.36"
"23,16 : 26.4"
"23,17 : 67.36"
"23,18 : 60.44"
"23,19 : 66.85"
"23,20 : 64.5"
"23,21 : 58.41"
"23,22 : 57.04"
"23,23 : 0.0"
"23,24 : 37.64"
"23,25 : 8.06"
"23,26 : 53.6"
"23,27 : 85.45"
"23,28 : 24.7"
"23,29 : 34.66"
"23,30 : 34.37"
"23,31 : 92.42"
"23,32 : 91.2"
"23,33 : 36.12"
"23,34 : 98.98"
"23,35 : 43.14"
"23,36 : 70.09"
"23,37 : 53.31"
"23,38 : 10.05"
"23,39 : 41.23"
"23,40 : 111.31"
"23,41 : 47.13"
"23,42 : 97.25"
"23,43 : 3.16"
"23,44 : 68.48"
"23,45 : 39.05"
"23,46 : 38.05"
"23,47 : 47.54"
"23,48 : 46.1"
"23,49 : 111.22"
"23,50 : 64.44"
"23,51 : 69.43"
"23,52 : 57.2"
"23,53 : 92.03"
"23,54 : 56.73"
"23,55 : 58.08"
"23,56 : 15.62"
"23,57 : 49.0"
"23,58 : 90.26"
"23,59 : 70.77"
"23,60 : 79.71"
"23,61 : 34.0"
"23,62 : 36.01"
"23,63 : 63.25"
"23,64 : 48.51"
"23,65 : 70.49"
"23,66 : 86.82"
"23,67 : 85.7"
"23,68 : 52.01"
"23,69 : 50.64"
"23,70 : 39.92"
"23,71 : 17.72"
"23,72 : 36.88"
"23,73 : 37.64"
"23,74 : 77.9"
"23,75 : 88.77"
"23,76 : 54.08"
"23,77 : 31.3"
"23,78 : 69.18"
"23,79 : 104.62"
"23,80 : 38.12"
"23,81 : 75.17"
"23,82 : 70.84"
"23,83 : 43.86"
"23,84 : 77.16"
"23,85 : 54.13"
"23,86 : 61.0"
"23,87 : 76.38"
"23,88 : 58.83"
"23,89 : 28.64"
"23,90 : 37.64"
"23,91 : 98.72"
"23,92 : 25.63"
"23,93 : 76.94"
"23,94 : 55.97"
"23,95 : 55.46"
"23,96 : 53.24"
"23,97 : 68.26"
"23,98 : 56.64"
"23,99 : 70.61"
"24,0 : 63.2"
"24,1 : 88.41"
"24,2 : 39.46"
"24,3 : 58.94"
"24,4 : 40.61"
"24,5 : 20.62"
"24,6 : 78.03"
"24,7 : 93.62"
"24,8 : 33.54"
"24,9 : 56.59"
"24,10 : 45.04"
"24,11 : 81.06"
"24,12 : 2.0"
"24,13 : 44.91"
"24,14 : 41.05"
"24,15 : 59.81"
"24,16 : 51.26"
"24,17 : 57.01"
"24,18 : 50.22"
"24,19 : 29.53"
"24,20 : 47.42"
"24,21 : 70.35"
"24,22 : 85.38"
"24,23 : 37.64"
"24,24 : 0.0"
"24,25 : 31.14"
"24,26 : 67.07"
"24,27 : 83.73"
"24,28 : 16.28"
"24,29 : 4.0"
"24,30 : 26.0"
"24,31 : 75.8"
"24,32 : 64.56"
"24,33 : 65.39"
"24,34 : 85.15"
"24,35 : 6.32"
"24,36 : 74.63"
"24,37 : 49.24"
"24,38 : 29.83"
"24,39 : 56.08"
"24,40 : 105.26"
"24,41 : 41.23"
"24,42 : 74.73"
"24,43 : 40.36"
"24,44 : 84.1"
"24,45 : 17.49"
"24,46 : 69.32"
"24,47 : 68.88"
"24,48 : 74.67"
"24,49 : 106.4"
"24,50 : 69.64"
"24,51 : 73.68"
"24,52 : 70.18"
"24,53 : 58.31"
"24,54 : 67.48"
"24,55 : 39.62"
"24,56 : 22.47"
"24,57 : 78.55"
"24,58 : 71.56"
"24,59 : 63.25"
"24,60 : 44.72"
"24,61 : 64.85"
"24,62 : 67.08"
"24,63 : 67.05"
"24,64 : 21.63"
"24,65 : 33.62"
"24,66 : 78.1"
"24,67 : 68.6"
"24,68 : 65.07"
"24,69 : 76.92"
"24,70 : 12.04"
"24,71 : 25.0"
"24,72 : 52.24"
"24,73 : 35.69"
"24,74 : 81.34"
"24,75 : 73.25"
"24,76 : 32.65"
"24,77 : 15.52"
"24,78 : 44.28"
"24,79 : 101.79"
"24,80 : 67.23"
"24,81 : 54.38"
"24,82 : 38.01"
"24,83 : 43.42"
"24,84 : 84.2"
"24,85 : 42.44"
"24,86 : 33.62"
"24,87 : 81.27"
"24,88 : 74.03"
"24,89 : 12.37"
"24,90 : 35.69"
"24,91 : 67.01"
"24,92 : 20.0"
"24,93 : 71.56"
"24,94 : 24.74"
"24,95 : 52.39"
"24,96 : 80.65"
"24,97 : 82.3"
"24,98 : 63.35"
"24,99 : 55.87"
"25,0 : 85.91"
"25,1 : 91.68"
"25,2 : 62.36"
"25,3 : 49.52"
"25,4 : 53.04"
"25,5 : 51.62"
"25,6 : 59.62"
"25,7 : 85.63"
"25,8 : 51.62"
"25,9 : 62.64"
"25,10 : 31.83"
"25,11 : 62.77"
"25,12 : 32.53"
"25,13 : 24.19"
"25,14 : 66.85"
"25,15 : 53.41"
"25,16 : 25.18"
"25,17 : 60.17"
"25,18 : 53.14"
"25,19 : 59.82"
"25,20 : 56.72"
"25,21 : 54.71"
"25,22 : 58.31"
"25,23 : 8.06"
"25,24 : 31.14"
"25,25 : 0.0"
"25,26 : 50.12"
"25,27 : 79.65"
"25,28 : 20.62"
"25,29 : 28.6"
"25,30 : 33.14"
"25,31 : 84.9"
"25,32 : 83.15"
"25,33 : 37.34"
"25,34 : 91.76"
"25,35 : 37.01"
"25,36 : 65.12"
"25,37 : 46.53"
"25,38 : 2.0"
"25,39 : 37.59"
"25,40 : 105.12"
"25,41 : 39.92"
"25,42 : 89.36"
"25,43 : 9.85"
"25,44 : 65.92"
"25,45 : 31.05"
"25,46 : 40.26"
"25,47 : 46.1"
"25,48 : 47.27"
"25,49 : 105.21"
"25,50 : 59.46"
"25,51 : 64.38"
"25,52 : 53.71"
"25,53 : 84.15"
"25,54 : 52.7"
"25,55 : 50.16"
"25,56 : 11.18"
"25,57 : 50.64"
"25,58 : 82.57"
"25,59 : 63.95"
"25,60 : 72.01"
"25,61 : 35.9"
"25,62 : 38.08"
"25,63 : 57.98"
"25,64 : 40.52"
"25,65 : 63.25"
"25,66 : 80.06"
"25,67 : 78.1"
"25,68 : 48.37"
"25,69 : 51.0"
