x,y
57,4
41,76
12,6
22,52
67,82
29,32
2,74
72,60
86,89
18,93
59,1
51,28
24,26
41,29
13,61
54,67
35,12
4,52
13,42
83,74
49,71
85,29
95,22
76,13
86,71
28,8
6,78
42,45
5,19
31,99
100,79
73,50
99,49
4,97
61,35
57,86
81,3
33,35
91,76
84,90
0,57
80,69
96,97
45,36
64,10
100,49
42,90
22,48
38,10
84,48
18,66
45,97
35,76
94,75
72,55
40,10
99,68
67,42
21,64
50,15
22,79
86,52
26,34
34,12
93,98
8,10
21,83
71,58
40,62
51,30
43,81
6,23
15,11
54,86
19,55
72,13
72,31
64,83
32,95
18,9
36,53
54,5
60,76
26,38
31,89
88,32
47,2
89,52
47,45
57,91
95,2
73,35
16,49
49,77
59,36
65,45
70,35
53,72
65,30
88,99

Distanze
"0,0 : 0.0"
"0,1 : 54.82"
"0,2 : 68.8"
"0,3 : 37.95"
"0,4 : 63.53"
"0,5 : 52.2"
"0,6 : 30.02"
"0,7 : 49.93"
"0,8 : 19.85"
"0,9 : 39.29"
"0,10 : 54.34"
"0,11 : 49.4"
"0,12 : 66.22"
"0,13 : 13.04"
"0,14 : 26.31"
"0,15 : 32.2"
"0,16 : 47.01"
"0,17 : 18.79"
"0,18 : 49.58"
"0,19 : 27.17"
"0,20 : 31.4"
"0,21 : 11.05"
"0,22 : 17.49"
"0,23 : 50.33"
"0,24 : 52.7"
"0,25 : 35.11"
"0,26 : 20.81"
"0,27 : 76.61"
"0,28 : 57.14"
"0,29 : 22.2"
"0,30 : 45.22"
"0,31 : 46.01"
"0,32 : 38.91"
"0,33 : 37.34"
"0,34 : 49.65"
"0,35 : 36.89"
"0,36 : 38.64"
"0,37 : 49.65"
"0,38 : 28.0"
"0,39 : 50.45"
"0,40 : 24.02"
"0,41 : 32.25"
"0,42 : 56.3"
"0,43 : 29.07"
"0,44 : 63.0"
"0,45 : 27.46"
"0,46 : 61.68"
"0,47 : 58.0"
"0,48 : 44.65"
"0,49 : 60.17"
"0,50 : 34.01"
"0,51 : 57.08"
"0,52 : 42.72"
"0,53 : 16.28"
"0,54 : 50.21"
"0,55 : 13.15"
"0,56 : 29.0"
"0,57 : 59.77"
"0,58 : 56.72"
"0,59 : 21.47"
"0,60 : 49.58"
"0,61 : 12.08"
"0,62 : 34.44"
"0,63 : 82.62"
"0,64 : 52.7"
"0,65 : 43.14"
"0,66 : 34.41"
"0,67 : 14.87"
"0,68 : 19.1"
"0,69 : 44.27"
"0,70 : 61.68"
"0,71 : 13.6"
"0,72 : 51.74"
"0,73 : 75.8"
"0,74 : 48.08"
"0,75 : 43.19"
"0,76 : 73.25"
"0,77 : 25.61"
"0,78 : 36.01"
"0,79 : 21.19"
"0,80 : 55.33"
"0,81 : 67.68"
"0,82 : 55.97"
"0,83 : 7.21"
"0,84 : 52.2"
"0,85 : 34.01"
"0,86 : 2.83"
"0,87 : 11.4"
"0,88 : 31.06"
"0,89 : 45.61"
"0,90 : 27.89"
"0,91 : 49.09"
"0,92 : 38.33"
"0,93 : 36.24"
"0,94 : 20.25"
"0,95 : 58.22"
"0,96 : 58.41"
"0,97 : 34.21"
"0,98 : 39.81"
"0,99 : 52.8"
"1,0 : 54.82"
"1,1 : 0.0"
"1,2 : 23.54"
"1,3 : 31.06"
"1,4 : 73.68"
"1,5 : 72.07"
"1,6 : 78.89"
"1,7 : 84.76"
"1,8 : 46.62"
"1,9 : 67.48"
"1,10 : 93.35"
"1,11 : 92.96"
"1,12 : 55.01"
"1,13 : 64.38"
"1,14 : 28.79"
"1,15 : 52.5"
"1,16 : 14.32"
"1,17 : 42.19"
"1,18 : 24.84"
"1,19 : 64.66"
"1,20 : 28.44"
"1,21 : 44.6"
"1,22 : 68.18"
"1,23 : 100.5"
"1,24 : 62.77"
"1,25 : 80.21"
"1,26 : 74.67"
"1,27 : 59.68"
"1,28 : 65.79"
"1,29 : 75.8"
"1,30 : 94.03"
"1,31 : 96.75"
"1,32 : 60.8"
"1,33 : 69.26"
"1,34 : 65.3"
"1,35 : 55.8"
"1,36 : 64.62"
"1,37 : 6.32"
"1,38 : 54.82"
"1,39 : 32.65"
"1,40 : 64.4"
"1,41 : 86.88"
"1,42 : 33.0"
"1,43 : 83.49"
"1,44 : 17.2"
"1,45 : 80.5"
"1,46 : 7.21"
"1,47 : 30.87"
"1,48 : 36.24"
"1,49 : 30.41"
"1,50 : 57.58"
"1,51 : 11.7"
"1,52 : 40.72"
"1,53 : 50.04"
"1,54 : 28.43"
"1,55 : 55.01"
"1,56 : 33.73"
"1,57 : 32.25"
"1,58 : 23.19"
"1,59 : 34.23"
"1,60 : 24.84"
"1,61 : 46.1"
"1,62 : 88.87"
"1,63 : 66.1"
"1,64 : 62.77"
"1,65 : 49.19"
"1,66 : 81.22"
"1,67 : 64.4"
"1,68 : 73.76"
"1,69 : 72.62"
"1,70 : 8.6"
"1,71 : 49.01"
"1,72 : 31.4"
"1,73 : 59.54"
"1,74 : 71.56"
"1,75 : 83.95"
"1,76 : 53.76"
"1,77 : 76.92"
"1,78 : 58.31"
"1,79 : 33.73"
"1,80 : 90.79"
"1,81 : 37.64"
"1,82 : 25.5"
"1,83 : 52.92"
"1,84 : 35.61"
"1,85 : 23.02"
"1,86 : 56.29"
"1,87 : 48.75"
"1,88 : 41.11"
"1,89 : 55.9"
"1,90 : 82.71"
"1,91 : 17.46"
"1,92 : 81.06"
"1,93 : 72.28"
"1,94 : 52.2"
"1,95 : 86.53"
"1,96 : 23.09"
"1,97 : 34.54"
"1,98 : 69.53"
"1,99 : 69.32"
"2,0 : 68.8"
"2,1 : 23.54"
"2,2 : 0.0"
"2,3 : 53.71"
"2,4 : 97.12"
"2,5 : 94.85"
"2,6 : 96.43"
"2,7 : 85.15"
"2,8 : 65.95"
"2,9 : 89.04"
"2,10 : 114.02"
"2,11 : 112.54"
"2,12 : 78.23"
"2,13 : 75.24"
"2,14 : 45.97"
"2,15 : 74.09"
"2,16 : 37.64"
"2,17 : 60.88"
"2,18 : 21.38"
"2,19 : 84.39"
"2,20 : 37.59"
"2,21 : 60.44"
"2,22 : 78.19"
"2,23 : 117.92"
"2,24 : 86.03"
"2,25 : 98.99"
"2,26 : 89.59"
"2,27 : 82.1"
"2,28 : 89.19"
"2,29 : 86.93"
"2,30 : 111.95"
"2,31 : 113.85"
"2,32 : 82.86"
"2,33 : 71.03"
"2,34 : 88.24"
"2,35 : 77.9"
"2,36 : 65.01"
"2,37 : 23.71"
"2,38 : 58.69"
"2,39 : 26.08"
"2,40 : 83.49"
"2,41 : 98.9"
"2,42 : 56.22"
"2,43 : 97.75"
"2,44 : 37.34"
"2,45 : 90.82"
"2,46 : 19.03"
"2,47 : 18.68"
"2,48 : 33.0"
"2,49 : 53.0"
"2,50 : 59.08"
"2,51 : 34.01"
"2,52 : 63.91"
"2,53 : 58.87"
"2,54 : 23.02"
"2,55 : 64.62"
"2,56 : 41.23"
"2,57 : 55.01"
"2,58 : 46.04"
"2,59 : 47.43"
"2,60 : 21.38"
"2,61 : 63.03"
"2,62 : 103.08"
"2,63 : 88.28"
"2,64 : 86.03"
"2,65 : 72.24"
"2,66 : 87.66"
"2,67 : 81.06"
"2,68 : 86.31"
"2,69 : 72.17"
"2,70 : 16.0"
"2,71 : 59.09"
"2,72 : 24.08"
"2,73 : 82.05"
"2,74 : 93.94"
"2,75 : 87.14"
"2,76 : 76.11"
"2,77 : 93.41"
"2,78 : 59.01"
"2,79 : 48.41"
"2,80 : 112.07"
"2,81 : 59.3"
"2,82 : 16.0"
"2,83 : 69.03"
"2,84 : 27.46"
"2,85 : 43.27"
"2,86 : 69.46"
"2,87 : 65.86"
"2,88 : 62.77"
"2,89 : 78.92"
"2,90 : 95.71"
"2,91 : 41.0"
"2,92 : 100.5"
"2,93 : 75.17"
"2,94 : 71.59"
"2,95 : 108.78"
"2,96 : 12.04"
"2,97 : 38.33"
"2,98 : 90.97"
"2,99 : 92.31"
"3,0 : 37.95"
"3,1 : 31.06"
"3,2 : 53.71"
"3,3 : 0.0"
"3,4 : 44.41"
"3,5 : 41.15"
"3,6 : 52.89"
"3,7 : 82.98"
"3,8 : 21.02"
"3,9 : 36.77"
"3,10 : 63.13"
"3,11 : 63.81"
"3,12 : 33.12"
"3,13 : 50.7"
"3,14 : 18.87"
"3,15 : 22.02"
"3,16 : 17.03"
"3,17 : 19.42"
"3,18 : 45.01"
"3,19 : 36.25"
"3,20 : 32.89"
"3,21 : 27.31"
"3,22 : 55.15"
"3,23 : 73.74"
"3,24 : 32.76"
"3,25 : 52.39"
"3,26 : 53.0"
"3,27 : 42.01"
"3,28 : 36.35"
"3,29 : 59.91"
"3,30 : 66.85"
"3,31 : 70.52"
"3,32 : 29.83"
"3,33 : 67.9"
"3,34 : 34.54"
"3,35 : 24.84"
"3,36 : 65.95"
"3,37 : 30.08"
"3,38 : 53.81"
"3,39 : 51.16"
"3,40 : 37.0"
"3,41 : 68.47"
"3,42 : 18.38"
"3,43 : 62.01"
"3,44 : 29.55"
"3,45 : 65.25"
"3,46 : 37.8"
"3,47 : 54.15"
"3,48 : 50.22"
"3,49 : 22.36"
"3,50 : 59.03"
"3,51 : 25.81"
"3,52 : 11.0"
"3,53 : 43.28"
"3,54 : 48.01"
"3,55 : 45.49"
"3,56 : 36.67"
"3,57 : 21.84"
"3,58 : 20.22"
"3,59 : 27.8"
"3,60 : 45.01"
"3,61 : 25.96"
"3,62 : 67.07"
"3,63 : 48.6"
"3,64 : 32.76"
"3,65 : 18.68"
"3,66 : 71.55"
"3,67 : 41.05"
"3,68 : 55.9"
"3,69 : 73.59"
"3,70 : 39.66"
"3,71 : 40.61"
"3,72 : 51.04"
"3,73 : 41.4"
"3,74 : 40.5"
"3,75 : 78.49"
"3,76 : 37.48"
"3,77 : 52.61"
"3,78 : 60.61"
"3,79 : 24.84"
"3,80 : 60.11"
"3,81 : 29.73"
"3,82 : 49.37"
"3,83 : 32.56"
"3,84 : 54.23"
"3,85 : 13.15"
"3,86 : 40.5"
"3,87 : 27.46"
"3,88 : 11.18"
"3,89 : 25.3"
"3,90 : 63.2"
"3,91 : 15.81"
"3,92 : 52.35"
"3,93 : 68.88"
"3,94 : 25.5"
"3,95 : 55.47"
"3,96 : 49.03"
"3,97 : 41.79"
"3,98 : 38.9"
"3,99 : 38.63"
"4,0 : 63.53"
"4,1 : 73.68"
"4,2 : 97.12"
"4,3 : 44.41"
"4,4 : 0.0"
"4,5 : 13.89"
"4,6 : 54.08"
"4,7 : 113.37"
"4,8 : 45.54"
"4,9 : 26.91"
"4,10 : 42.11"
"4,11 : 49.03"
"4,12 : 26.63"
"4,13 : 75.17"
"4,14 : 60.13"
"4,15 : 31.95"
"4,16 : 59.48"
"4,17 : 49.73"
"4,18 : 89.27"
"4,19 : 39.62"
"4,20 : 75.17"
"4,21 : 58.19"
"4,22 : 79.06"
"4,23 : 65.52"
"4,24 : 12.04"
"4,25 : 47.89"
"4,26 : 64.38"
"4,27 : 33.84"
"4,28 : 8.06"
"4,29 : 78.64"
"4,30 : 59.14"
"4,31 : 64.85"
"4,32 : 24.7"
"4,33 : 100.65"
"4,34 : 13.89"
"4,35 : 26.93"
"4,36 : 101.02"
"4,37 : 73.98"
"4,38 : 89.2"
"4,39 : 95.02"
"4,40 : 43.19"
"4,41 : 80.92"
"4,42 : 43.57"
"4,43 : 70.6"
"4,44 : 65.0"
"4,45 : 83.49"
"4,46 : 79.48"
"4,47 : 98.51"
"4,48 : 93.13"
"4,49 : 48.83"
"4,50 : 95.19"
"4,51 : 64.88"
"4,52 : 33.54"
"4,53 : 76.9"
"4,54 : 92.14"
"4,55 : 76.06"
"4,56 : 77.65"
"4,57 : 46.62"
"4,58 : 53.71"
"4,59 : 66.91"
"4,60 : 89.27"
"4,61 : 54.42"
"4,62 : 73.5"
"4,63 : 35.36"
"4,64 : 12.04"
"4,65 : 26.02"
"4,66 : 95.6"
"4,67 : 54.67"
"4,68 : 72.92"
"4,69 : 107.42"
"4,70 : 81.93"
"4,71 : 73.74"
"4,72 : 95.08"
"4,73 : 32.89"
"4,74 : 18.87"
"4,75 : 105.95"
"4,76 : 36.24"
"4,77 : 58.41"
"4,78 : 97.08"
"4,79 : 63.79"
"4,80 : 36.01"
"4,81 : 48.08"
"4,82 : 93.77"
"4,83 : 56.36"
"4,84 : 98.01"
"4,85 : 57.14"
"4,86 : 66.24"
"4,87 : 53.31"
"4,88 : 39.2"
"4,89 : 20.1"
"4,90 : 75.17"
"4,91 : 56.3"
"4,92 : 44.28"
"4,93 : 99.76"
"4,94 : 43.38"
"4,95 : 25.08"
"4,96 : 93.38"
"4,97 : 83.49"
"4,98 : 27.8"
"4,99 : 11.31"
"5,0 : 52.2"
"5,1 : 72.07"
"5,2 : 94.85"
"5,3 : 41.15"
"5,4 : 13.89"
"5,5 : 0.0"
"5,6 : 40.22"
"5,7 : 101.52"
"5,8 : 36.12"
"5,9 : 13.6"
"5,10 : 30.27"
"5,11 : 36.12"
"5,12 : 34.93"
"5,13 : 63.06"
"5,14 : 53.6"
"5,15 : 23.02"
"5,16 : 57.8"
"5,17 : 41.01"
"5,18 : 84.17"
"5,19 : 26.63"
"5,20 : 68.36"
"5,21 : 48.51"
"5,22 : 66.73"
"5,23 : 52.17"
"5,24 : 12.08"
"5,25 : 34.0"
"5,26 : 50.93"
"5,27 : 44.18"
"5,28 : 13.04"
"5,29 : 65.6"
"5,30 : 45.61"
"5,31 : 51.24"
"5,32 : 14.04"
"5,33 : 89.54"
"5,34 : 7.07"
"5,35 : 18.11"
"5,36 : 90.52"
"5,37 : 71.18"
"5,38 : 79.08"
"5,39 : 89.11"
"5,40 : 30.23"
"5,41 : 67.27"
"5,42 : 46.1"
"5,43 : 56.85"
"5,44 : 66.53"
"5,45 : 70.29"
"5,46 : 78.55"
"5,47 : 93.62"
"5,48 : 86.28"
"5,49 : 51.86"
"5,50 : 85.15"
"5,51 : 65.0"
"5,52 : 31.62"
"5,53 : 66.71"
"5,54 : 86.68"
"5,55 : 65.15"
"5,56 : 70.03"
"5,57 : 49.82"
"5,58 : 55.17"
"5,59 : 59.01"
"5,60 : 84.17"
"5,61 : 44.55"
"5,62 : 59.64"
"5,63 : 47.04"
"5,64 : 12.08"
"5,65 : 23.02"
"5,66 : 82.93"
"5,67 : 41.88"
"5,68 : 59.82"
"5,69 : 96.46"
"5,70 : 80.62"
"5,71 : 63.56"
"5,72 : 89.44"
"5,73 : 43.19"
"5,74 : 5.0"
"5,75 : 93.65"
"5,76 : 45.12"
"5,77 : 44.69"
"5,78 : 87.1"
"5,79 : 56.04"
"5,80 : 24.74"
"5,81 : 53.34"
"5,82 : 89.29"
"5,83 : 45.22"
"5,84 : 91.92"
"5,85 : 52.5"
"5,86 : 54.78"
"5,87 : 42.95"
"5,88 : 32.98"
"5,89 : 16.4"
"5,90 : 61.55"
"5,91 : 55.47"
"5,92 : 30.46"
"5,93 : 88.24"
"5,94 : 32.76"
"5,95 : 15.81"
"5,96 : 89.49"
"5,97 : 76.06"
"5,98 : 14.14"
"5,99 : 4.12"
"6,0 : 30.02"
"6,1 : 78.89"
"6,2 : 96.43"
"6,3 : 52.89"
"6,4 : 54.08"
"6,5 : 40.22"
"6,6 : 0.0"
"6,7 : 69.05"
"6,8 : 32.7"
"6,9 : 27.73"
"6,10 : 27.17"
"6,11 : 20.22"
"6,12 : 68.66"
"6,13 : 33.24"
"6,14 : 50.8"
"6,15 : 34.0"
"6,16 : 67.62"
"6,17 : 36.72"
"6,18 : 78.64"
"6,19 : 18.03"
"6,20 : 60.21"
"6,21 : 36.07"
"6,22 : 35.0"
"6,23 : 21.63"
"6,24 : 47.54"
"6,25 : 7.62"
"6,26 : 14.14"
"6,27 : 79.31"
"6,28 : 50.99"
"6,29 : 29.83"
"6,30 : 15.56"
"6,31 : 17.89"
"6,32 : 33.24"
"6,33 : 61.03"
"6,34 : 42.05"
"6,35 : 35.36"
"6,36 : 64.5"
"6,37 : 74.89"
"6,38 : 56.04"
"6,39 : 80.21"
"6,40 : 16.12"
"6,41 : 27.8"
"6,42 : 68.36"
"6,43 : 17.03"
"6,44 : 82.22"
"6,45 : 33.24"
"6,46 : 86.09"
"6,47 : 87.46"
"6,48 : 74.63"
"6,49 : 73.68"
"6,50 : 61.61"
"6,51 : 77.62"
"6,52 : 51.09"
"6,53 : 45.69"
"6,54 : 79.65"
"6,55 : 41.11"
"6,56 : 58.6"
"6,57 : 72.44"
"6,58 : 73.01"
"6,59 : 49.52"
"6,60 : 78.64"
"6,61 : 33.42"
"6,62 : 19.42"
"6,63 : 83.82"
"6,64 : 47.54"
"6,65 : 46.17"
"6,66 : 47.8"
"6,67 : 15.62"
"6,68 : 24.33"
"6,69 : 68.01"
"6,70 : 86.82"
"6,71 : 43.38"
"6,72 : 81.4"
"6,73 : 78.34"
"6,74 : 35.23"
"6,75 : 59.67"
"6,76 : 78.09"
"6,77 : 6.08"
"6,78 : 63.56"
"6,79 : 48.1"
"6,80 : 30.36"
"6,81 : 79.1"
"6,82 : 84.96"
"6,83 : 27.59"
"6,84 : 82.1"
"6,85 : 55.95"
"6,86 : 30.87"
"6,87 : 30.61"
"6,88 : 41.98"
"6,89 : 44.15"
"6,90 : 22.47"
"6,91 : 68.01"
"6,92 : 12.08"
"6,93 : 58.03"
"6,94 : 27.51"
"6,95 : 37.74"
"6,96 : 86.98"
"6,97 : 64.07"
"6,98 : 26.42"
"6,99 : 43.05"
"7,0 : 49.93"
"7,1 : 84.76"
"7,2 : 85.15"
"7,3 : 82.98"
"7,4 : 113.37"
"7,5 : 101.52"
"7,6 : 69.05"
"7,7 : 0.0"
"7,8 : 69.2"
"7,9 : 88.14"
"7,10 : 96.18"
"7,11 : 88.46"
"7,12 : 114.59"
"7,13 : 38.48"
"7,14 : 65.22"
"7,15 : 82.1"
"7,16 : 84.6"
"7,17 : 66.6"
"7,18 : 64.63"
"7,19 : 75.24"
"7,20 : 56.86"
"7,21 : 57.38"
"7,22 : 35.11"
"7,23 : 80.22"
"7,24 : 102.63"
"7,25 : 76.49"
"7,26 : 54.92"
"7,27 : 124.46"
"7,28 : 107.07"
"7,29 : 39.32"
"7,30 : 79.01"
"7,31 : 76.11"
"7,32 : 88.68"
"7,33 : 15.65"
"7,34 : 99.48"
"7,35 : 86.82"
"7,36 : 20.4"
"7,37 : 78.43"
"7,38 : 30.41"
"7,39 : 59.08"
"7,40 : 71.69"
"7,41 : 46.27"
"7,42 : 100.6"
"7,43 : 55.01"
"7,44 : 99.32"
"7,45 : 37.0"
"7,46 : 89.29"
"7,47 : 67.0"
"7,48 : 52.24"
"7,49 : 102.9"
"7,50 : 27.2"
"7,51 : 92.61"
"7,52 : 90.52"
"7,53 : 39.7"
"7,54 : 62.29"
"7,55 : 38.29"
"7,56 : 51.48"
"7,57 : 103.23"
"7,58 : 97.42"
"7,59 : 56.04"
"7,60 : 64.63"
"7,61 : 60.44"
"7,62 : 57.14"
"7,63 : 130.82"
"7,64 : 102.63"
"7,65 : 92.46"
"7,66 : 22.02"
"7,67 : 60.17"
"7,68 : 44.72"
"7,69 : 13.0"
"7,70 : 87.56"
"7,71 : 42.45"
"7,72 : 61.07"
"7,73 : 123.75"
"7,74 : 97.08"
"7,75 : 10.2"
"7,76 : 120.34"
"7,77 : 62.97"
"7,78 : 26.68"
"7,79 : 58.6"
"7,80 : 99.25"
"7,81 : 111.25"
"7,82 : 69.18"
"7,83 : 57.14"
"7,84 : 58.0"
"7,85 : 73.5"
"7,86 : 47.17"
"7,87 : 60.8"
"7,88 : 79.31"
"7,89 : 95.44"
"7,90 : 49.0"
"7,91 : 88.32"
"7,92 : 80.81"
"7,93 : 14.14"
"7,94 : 70.18"
"7,95 : 105.0"
"7,96 : 73.25"
"7,97 : 50.29"
"7,98 : 88.24"
"7,99 : 102.47"
"8,0 : 19.85"
"8,1 : 46.62"
"8,2 : 65.95"
"8,3 : 21.02"
"8,4 : 45.54"
"8,5 : 36.12"
"8,6 : 32.7"
"8,7 : 69.2"
"8,8 : 0.0"
"8,9 : 25.5"
"8,10 : 48.26"
"8,11 : 46.67"
"8,12 : 46.4"
"8,13 : 32.8"
"8,14 : 20.25"
"8,15 : 13.6"
"8,16 : 34.93"
"8,17 : 5.39"
"8,18 : 50.99"
"8,19 : 18.44"
"8,20 : 33.53"
"8,21 : 12.65"
"8,22 : 37.2"
"8,23 : 54.12"
"8,24 : 34.01"
"8,25 : 33.6"
"8,26 : 32.02"
"8,27 : 56.86"
"8,28 : 38.48"
"8,29 : 40.31"
"8,30 : 47.51"
"8,31 : 50.57"
"8,32 : 22.09"
"8,33 : 55.57"
"8,34 : 32.02"
"8,35 : 18.68"
"8,36 : 55.54"
"8,37 : 43.19"
"8,38 : 43.66"
"8,39 : 54.71"
"8,40 : 17.8"
"8,41 : 47.85"
"8,42 : 38.47"
"8,43 : 41.0"
"8,44 : 49.73"
"8,45 : 45.69"
"8,46 : 53.82"
"8,47 : 60.42"
"8,48 : 50.99"
"8,49 : 43.1"
"8,50 : 49.65"
"8,51 : 44.94"
"8,52 : 23.26"
"8,53 : 31.38"
"8,54 : 52.92"
"8,55 : 31.06"
"8,56 : 34.37"
"8,57 : 42.3"
"8,58 : 41.19"
"8,59 : 23.35"
"8,60 : 50.99"
"8,61 : 8.94"
"8,62 : 46.04"
"8,63 : 62.8"
"8,64 : 34.01"
"8,65 : 23.35"
"8,66 : 54.2"
"8,67 : 20.02"
"8,68 : 35.74"
"8,69 : 62.18"
"8,70 : 54.82"
"8,71 : 28.23"
"8,72 : 55.36"
"8,73 : 56.04"
"8,74 : 33.02"
"8,75 : 62.94"
"8,76 : 53.71"
"8,77 : 31.78"
"8,78 : 51.55"
"8,79 : 20.62"
"8,80 : 46.96"
"8,81 : 49.82"
"8,82 : 56.82"
"8,83 : 13.04"
"8,84 : 57.28"
"8,85 : 23.6"
"8,86 : 22.67"
"8,87 : 8.49"
"8,88 : 11.7"
"8,89 : 26.42"
"8,90 : 42.43"
"8,91 : 35.44"
"8,92 : 34.66"
"8,93 : 55.22"
"8,94 : 5.66"
"8,95 : 46.1"
"8,96 : 57.98"
"8,97 : 40.45"
"8,98 : 26.93"
"8,99 : 35.69"
"9,0 : 39.29"
"9,1 : 67.48"
"9,2 : 89.04"
"9,3 : 36.77"
"9,4 : 26.91"
"9,5 : 13.6"
"9,6 : 27.73"
"9,7 : 88.14"
"9,8 : 25.5"
"9,9 : 0.0"
"9,10 : 26.63"
"9,11 : 29.12"
"9,12 : 42.11"
"9,13 : 49.66"
"9,14 : 44.94"
"9,15 : 15.0"
"9,16 : 53.76"
"9,17 : 30.81"
"9,18 : 75.96"
"9,19 : 13.04"
"9,20 : 58.94"
"9,21 : 37.01"
"9,22 : 53.24"
"9,23 : 43.0"
"9,24 : 19.92"
"9,25 : 22.56"
"9,26 : 37.48"
"9,27 : 52.47"
"9,28 : 23.26"
"9,29 : 52.01"
"9,30 : 36.01"
"9,31 : 41.19"
"9,32 : 7.62"
"9,33 : 76.54"
"9,34 : 14.32"
"9,35 : 12.21"
"9,36 : 77.88"
"9,37 : 65.46"
"9,38 : 66.75"
"9,39 : 80.08"
"9,40 : 16.64"
"9,41 : 54.04"
"9,42 : 47.01"
"9,43 : 43.83"
"9,44 : 65.22"
"9,45 : 56.73"
"9,46 : 74.41"
"9,47 : 85.44"
"9,48 : 76.49"
"9,49 : 52.8"
"9,50 : 72.84"
"9,51 : 62.37"
"9,52 : 30.02"
"9,53 : 54.45"
"9,54 : 78.11"
"9,55 : 52.39"
"9,56 : 59.84"
"9,57 : 51.08"
"9,58 : 54.38"
"9,59 : 48.84"
"9,60 : 75.96"
"9,61 : 33.02"
"9,62 : 47.01"
"9,63 : 56.52"
"9,64 : 19.92"
"9,65 : 22.47"
"9,66 : 69.34"
"9,67 : 28.3"
"9,68 : 46.23"
"9,69 : 83.52"
"9,70 : 76.06"
"9,71 : 51.35"
"9,72 : 80.65"
"9,73 : 51.48"
"9,74 : 8.94"
"9,75 : 80.13"
"9,76 : 52.01"
"9,77 : 31.62"
"9,78 : 74.81"
"9,79 : 46.1"
"9,80 : 23.35"
"9,81 : 56.32"
"9,82 : 81.54"
"9,83 : 32.56"
"9,84 : 82.71"
"9,85 : 45.79"
"9,86 : 41.76"
"9,87 : 31.02"
"9,88 : 26.4"
"9,89 : 18.11"
"9,90 : 48.27"
"9,91 : 52.4"
"9,92 : 20.02"
"9,93 : 75.03"
"9,94 : 21.02"
"9,95 : 20.62"
"9,96 : 82.29"
"9,97 : 65.92"
"9,98 : 2.24"
"9,99 : 15.62"
"10,0 : 54.34"
"10,1 : 93.35"
"10,2 : 114.02"
"10,3 : 63.13"
"10,4 : 42.11"
"10,5 : 30.27"
"10,6 : 27.17"
"10,7 : 96.18"
"10,8 : 48.26"
"10,9 : 26.63"
"10,10 : 0.0"
"10,11 : 9.22"
"10,12 : 65.12"
"10,13 : 60.01"
"10,14 : 68.51"
"10,15 : 41.11"
"10,16 : 79.98"
"10,17 : 53.54"
"10,18 : 98.98"
"10,19 : 30.02"
"10,20 : 80.95"
"10,21 : 56.86"
"10,22 : 62.07"
"10,23 : 25.81"
"10,24 : 41.98"
"10,25 : 20.0"
"10,26 : 41.3"
"10,27 : 74.43"
"10,28 : 43.29"
"10,29 : 56.89"
"10,30 : 21.26"
"10,31 : 26.87"
"10,32 : 34.13"
"10,33 : 88.01"
"10,34 : 36.14"
"10,35 : 38.83"
"10,36 : 91.14"
"10,37 : 90.79"
"10,38 : 81.88"
"10,39 : 101.98"
"10,40 : 31.78"
"10,41 : 52.92"
"10,42 : 73.36"
"10,43 : 42.38"
"10,44 : 91.84"
"10,45 : 59.91"
"10,46 : 100.41"
"10,47 : 108.3"
"10,48 : 97.31"
"10,49 : 79.18"
"10,50 : 87.69"
"10,51 : 88.87"
"10,52 : 56.6"
"10,53 : 70.61"
"10,54 : 100.65"
"10,55 : 66.75"
"10,56 : 80.62"
"10,57 : 77.37"
"10,58 : 80.99"
"10,59 : 70.21"
"10,60 : 98.98"
"10,61 : 53.23"
"10,62 : 42.49"
"10,63 : 77.03"
"10,64 : 41.98"
"10,65 : 48.76"
"10,66 : 74.73"
"10,67 : 39.62"
"10,68 : 51.48"
"10,69 : 95.02"
"10,70 : 101.86"
"10,71 : 67.91"
"10,72 : 102.86"
"10,73 : 73.44"
"10,74 : 26.93"
"10,75 : 86.68"
"10,76 : 75.31"
"10,77 : 33.24"
"10,78 : 89.68"
"10,79 : 68.0"
"10,80 : 6.32"
"10,81 : 82.08"
"10,82 : 104.96"
"10,83 : 49.65"
"10,84 : 104.28"
"10,85 : 70.94"
"10,86 : 55.9"
"10,87 : 50.57"
"10,88 : 52.35"
"10,89 : 43.46"
"10,90 : 48.38"
"10,91 : 78.87"
"10,92 : 16.12"
"10,93 : 85.15"
"10,94 : 42.72"
"10,95 : 17.72"
"10,96 : 106.23"
"10,97 : 86.54"
"10,98 : 24.41"
"10,99 : 34.37"
"11,0 : 49.4"
"11,1 : 92.96"
"11,2 : 112.54"
"11,3 : 63.81"
"11,4 : 49.03"
"11,5 : 36.12"
"11,6 : 20.22"
"11,7 : 88.46"
"11,8 : 46.67"
"11,9 : 29.12"
"11,10 : 9.22"
"11,11 : 0.0"
"11,12 : 70.18"
"11,13 : 53.46"
"11,14 : 66.6"
"11,15 : 42.06"
"11,16 : 80.21"
"11,17 : 51.66"
"11,18 : 96.26"
"11,19 : 28.32"
"11,20 : 77.94"
"11,21 : 53.54"
"11,22 : 55.08"
"11,23 : 17.0"
"11,24 : 47.04"
"11,25 : 14.32"
"11,26 : 34.01"
"11,27 : 80.01"
"11,28 : 49.04"
"11,29 : 49.16"
"11,30 : 12.04"
"11,31 : 17.69"
"11,32 : 36.69"
"11,33 : 81.15"
"11,34 : 41.05"
"11,35 : 40.85"
"11,36 : 84.72"
"11,37 : 89.83"
"11,38 : 76.16"
"11,39 : 98.62"
"11,40 : 29.07"
"11,41 : 44.27"
"11,42 : 75.96"
"11,43 : 33.96"
"11,44 : 93.15"
"11,45 : 51.79"
"11,46 : 100.12"
"11,47 : 105.39"
"11,48 : 93.48"
"11,49 : 81.71"
"11,50 : 81.79"
"11,51 : 89.59"
"11,52 : 58.69"
"11,53 : 65.46"
"11,54 : 97.64"
"11,55 : 61.13"
"11,56 : 77.03"
"11,57 : 80.06"
"11,58 : 82.73"
"11,59 : 67.12"
"11,60 : 96.26"
"11,61 : 50.22"
"11,62 : 33.62"
"11,63 : 83.15"
"11,64 : 47.04"
"11,65 : 51.55"
"11,66 : 66.75"
"11,67 : 34.54"
"11,68 : 44.01"
"11,69 : 88.09"
"11,70 : 101.32"
"11,71 : 62.97"
"11,72 : 99.64"
"11,73 : 79.01"
"11,74 : 32.0"
"11,75 : 78.77"
"11,76 : 80.31"
"11,77 : 26.08"
"11,78 : 83.74"
"11,79 : 65.22"
"11,80 : 15.0"
"11,81 : 85.44"
"11,82 : 102.42"
"11,83 : 45.65"
"11,84 : 100.72"
"11,85 : 70.09"
"11,86 : 50.6"
"11,87 : 47.43"
"11,88 : 52.7"
"11,89 : 47.07"
"11,90 : 40.02"
"11,91 : 79.61"
"11,92 : 12.04"
"11,93 : 78.01"
"11,94 : 41.01"
"11,95 : 25.94"
"11,96 : 104.02"
"11,97 : 82.76"
"11,98 : 26.93"
"11,99 : 40.05"
"12,0 : 66.22"
"12,1 : 55.01"
"12,2 : 78.23"
"12,3 : 33.12"
"12,4 : 26.63"
"12,5 : 34.93"
"12,6 : 68.66"
"12,7 : 114.59"
"12,8 : 46.4"
"12,9 : 42.11"
"12,10 : 65.12"
"12,11 : 70.18"
"12,12 : 0.0"
"12,13 : 79.2"
"12,14 : 51.97"
"12,15 : 36.25"
"12,16 : 42.3"
"12,17 : 48.1"
"12,18 : 75.5"
"12,19 : 50.96"
"12,20 : 65.8"
"12,21 : 57.28"
"12,22 : 83.6"
"12,23 : 85.05"
"12,24 : 23.19"
"12,25 : 64.5"
"12,26 : 74.85"
"12,27 : 10.77"
"12,28 : 22.14"
"12,29 : 86.09"
"12,30 : 78.1"
"12,31 : 83.29"
"12,32 : 35.51"
"12,33 : 100.0"
"12,34 : 29.15"
"12,35 : 33.53"
"12,36 : 98.6"
"12,37 : 57.22"
"12,38 : 86.4"
"12,39 : 82.46"
"12,40 : 53.76"
"12,41 : 91.79"
"12,42 : 22.02"
"12,43 : 82.87"
"12,44 : 42.45"
"12,45 : 91.42"
"12,46 : 59.41"
"12,47 : 83.86"
"12,48 : 82.54"
"12,49 : 25.71"
"12,50 : 91.84"
"12,51 : 44.28"
"12,52 : 24.08"
"12,53 : 75.17"
"12,54 : 78.85"
"12,55 : 76.37"
"12,56 : 69.77"
"12,57 : 23.54"
"12,58 : 32.25"
"12,59 : 60.75"
"12,60 : 75.5"
"12,61 : 54.56"
"12,62 : 86.98"
"12,63 : 16.4"
"12,64 : 23.19"
"12,65 : 23.71"
"12,66 : 100.6"
"12,67 : 63.07"
"12,68 : 81.01"
"12,69 : 106.04"
"12,70 : 62.29"
"12,71 : 72.25"
"12,72 : 82.0"
"12,73 : 9.85"
"12,74 : 38.33"
"12,75 : 109.04"
"12,76 : 10.2"
"12,77 : 71.17"
"12,78 : 93.48"
"12,79 : 57.69"
"12,80 : 59.67"
"12,81 : 22.47"
"12,82 : 78.64"
"12,83 : 59.41"
"12,84 : 85.62"
"12,85 : 45.69"
"12,86 : 69.03"
"12,87 : 54.82"
"12,88 : 35.38"
"12,89 : 24.52"
"12,90 : 86.01"
"12,91 : 38.12"
"12,92 : 62.13"
"12,93 : 100.45"
"12,94 : 47.51"
"12,95 : 49.98"
"12,96 : 77.23"
"12,97 : 74.73"
"12,98 : 44.05"
"12,99 : 30.81"
"13,0 : 13.04"
"13,1 : 64.38"
"13,2 : 75.24"
"13,3 : 50.7"
"13,4 : 75.17"
"13,5 : 63.06"
"13,6 : 33.24"
"13,7 : 38.48"
"13,8 : 32.8"
"13,9 : 49.66"
"13,10 : 60.01"
"13,11 : 53.46"
"13,12 : 79.2"
"13,13 : 0.0"
"13,14 : 37.12"
"13,15 : 44.6"
"13,16 : 58.31"
"13,17 : 31.76"
"13,18 : 54.59"
"13,19 : 36.77"
"13,20 : 37.95"
"13,21 : 23.41"
"13,22 : 4.47"
"13,23 : 50.09"
"13,24 : 64.82"
"13,25 : 40.01"
"13,26 : 19.92"
"13,27 : 89.63"
"13,28 : 69.2"
"13,29 : 11.7"
"13,30 : 46.49"
"13,31 : 45.62"
"13,32 : 50.48"
"13,33 : 28.07"
"13,34 : 61.29"
"13,35 : 49.04"
"13,36 : 31.26"
"13,37 : 58.69"
"13,38 : 23.71"
"13,39 : 53.6"
"13,40 : 33.24"
"13,41 : 23.71"
"13,42 : 69.08"
"13,43 : 25.0"
"13,44 : 74.33"
"13,45 : 16.12"
"13,46 : 70.86"
"13,47 : 61.85"
"13,48 : 46.86"
"13,49 : 72.73"
"13,50 : 28.79"
"13,51 : 68.12"
"13,52 : 55.76"
"13,53 : 16.64"
"13,54 : 54.38"
"13,55 : 10.82"
"13,56 : 34.01"
"13,57 : 72.45"
"13,58 : 68.88"
"13,59 : 30.15"
"13,60 : 54.59"
"13,61 : 25.06"
"13,62 : 29.73"
"13,63 : 95.6"
"13,64 : 64.82"
"13,65 : 55.97"
"13,66 : 21.4"
"13,67 : 21.84"
"13,68 : 12.04"
"13,69 : 35.13"
"13,70 : 70.41"
"13,71 : 16.16"
"13,72 : 55.22"
"13,73 : 88.81"
"13,74 : 58.6"
"13,75 : 30.81"
"13,76 : 86.28"
"13,77 : 27.46"
"13,78 : 30.68"
"13,79 : 31.0"
"13,80 : 62.2"
"13,81 : 80.41"
"13,82 : 60.9"
"13,83 : 19.85"
"13,84 : 54.67"
"13,85 : 45.4"
"13,86 : 10.3"
"13,87 : 24.41"
"13,88 : 44.1"
"13,89 : 58.05"
"13,90 : 21.26"
"13,91 : 60.83"
"13,92 : 44.01"
"13,93 : 25.71"
"13,94 : 32.56"
"13,95 : 66.94"
"13,96 : 63.95"
"13,97 : 37.74"
"13,98 : 49.77"
"13,99 : 64.14"
"14,0 : 26.31"
"14,1 : 28.79"
"14,2 : 45.97"
"14,3 : 18.87"
"14,4 : 60.13"
"14,5 : 53.6"
"14,6 : 50.8"
"14,7 : 65.22"
"14,8 : 20.25"
"14,9 : 44.94"
"14,10 : 68.51"
"14,11 : 66.6"
"14,12 : 51.97"
"14,13 : 37.12"
"14,14 : 0.0"
"14,15 : 30.81"
"14,16 : 21.21"
"14,17 : 15.0"
"14,18 : 31.02"
"14,19 : 38.6"
"14,20 : 15.03"
"14,21 : 15.81"
"14,22 : 41.3"
"14,23 : 72.42"
"14,24 : 48.09"
"14,25 : 53.04"
"14,26 : 45.88"
"14,27 : 60.8"
"14,28 : 52.24"
"14,29 : 48.01"
"14,30 : 66.22"
"14,31 : 68.51"
"14,32 : 40.02"
"14,33 : 49.82"
"14,34 : 48.09"
"14,35 : 35.51"
"14,36 : 47.38"
"14,37 : 24.19"
"14,38 : 35.38"
"14,39 : 35.51"
"14,40 : 37.54"
"14,41 : 58.55"
"14,42 : 35.47"
"14,43 : 54.71"
"14,44 : 37.22"
"14,45 : 53.01"
"14,46 : 35.85"
"14,47 : 40.5"
"14,48 : 33.02"
"14,49 : 37.74"
"14,50 : 40.36"
"14,51 : 31.02"
"14,52 : 28.79"
"14,53 : 25.94"
"14,54 : 33.24"
"14,55 : 29.41"
"14,56 : 18.03"
"14,57 : 38.01"
"14,58 : 32.7"
"14,59 : 9.22"
"14,60 : 31.02"
"14,61 : 17.49"
"14,62 : 60.08"
"14,63 : 67.42"
"14,64 : 48.09"
"14,65 : 34.37"
"14,66 : 56.32"
"14,67 : 35.85"
"14,68 : 45.4"
"14,69 : 55.17"
"14,70 : 36.24"
"14,71 : 23.77"
"14,72 : 35.9"
"14,73 : 60.22"
"14,74 : 51.42"
"14,75 : 61.72"
"14,76 : 56.08"
"14,77 : 48.37"
"14,78 : 41.87"
"14,79 : 6.71"
"14,80 : 67.12"
"14,81 : 46.04"
"14,82 : 36.67"
"14,83 : 24.17"
"14,84 : 38.33"
"14,85 : 8.54"
"14,86 : 28.07"
"14,87 : 20.25"
"14,88 : 21.0"
"14,89 : 40.05"
"14,90 : 54.13"
"14,91 : 24.04"
"14,92 : 54.56"
"14,93 : 51.31"
"14,94 : 25.81"
"14,95 : 65.46"
"14,96 : 37.74"
"14,97 : 23.54"
"14,98 : 46.62"
"14,99 : 52.15"
"15,0 : 32.2"
"15,1 : 52.5"
"15,2 : 74.09"
"15,3 : 22.02"
"15,4 : 31.95"
"15,5 : 23.02"
"15,6 : 34.0"
"15,7 : 82.1"
"15,8 : 13.6"
"15,9 : 15.0"
"15,10 : 41.11"
"15,11 : 42.06"
"15,12 : 36.25"
"15,13 : 44.6"
"15,14 : 30.81"
"15,15 : 0.0"
"15,16 : 38.9"
"15,17 : 18.11"
"15,18 : 61.68"
"15,19 : 16.03"
"15,20 : 45.4"
"15,21 : 26.25"
"15,22 : 48.8"
"15,23 : 53.37"
"15,24 : 20.59"
"15,25 : 31.78"
"15,26 : 38.63"
"15,27 : 47.01"
"15,28 : 25.06"
"15,29 : 50.22"
"15,30 : 46.32"
"15,31 : 50.64"
"15,32 : 9.22"
"15,33 : 68.88"
"15,34 : 18.44"
"15,35 : 5.1"
"15,36 : 69.08"
"15,37 : 50.48"
"15,38 : 57.25"
"15,39 : 66.29"
"15,40 : 18.11"
"15,41 : 55.54"
"15,42 : 34.71"
"15,43 : 46.84"
"15,44 : 51.11"
"15,45 : 55.47"
"15,46 : 59.46"
"15,47 : 71.17"
"15,48 : 63.29"
"15,49 : 40.26"
"15,50 : 63.25"
"15,51 : 47.8"
"15,52 : 17.26"
"15,53 : 44.94"
"15,54 : 64.03"
"15,55 : 44.29"
"15,56 : 47.01"
"15,57 : 38.83"
"15,58 : 40.72"
"15,59 : 36.0"
"15,60 : 61.68"
"15,61 : 22.47"
"15,62 : 51.2"
"15,63 : 52.35"
"15,64 : 20.59"
"15,65 : 12.65"
"15,66 : 65.76"
"15,67 : 26.83"
"15,68 : 44.94"
"15,69 : 75.58"
"15,70 : 61.07"
"15,71 : 41.79"
"15,72 : 66.71"
"15,73 : 46.1"
"15,74 : 20.62"
"15,75 : 75.29"
"15,76 : 44.92"
"15,77 : 35.51"
"15,78 : 65.15"
"15,79 : 33.02"
"15,80 : 38.29"
"15,81 : 45.18"
"15,82 : 67.07"
"15,83 : 25.0"
"15,84 : 69.05"
"15,85 : 30.89"
"15,86 : 35.0"
"15,87 : 21.47"
"15,88 : 11.4"
"15,89 : 13.45"
"15,90 : 49.77"
"15,91 : 37.8"
"15,92 : 31.02"
"15,93 : 68.26"
"15,94 : 12.04"
"15,95 : 34.93"
"15,96 : 67.62"
"15,97 : 53.04"
"15,98 : 17.03"
"15,99 : 22.2"
"16,0 : 47.01"
"16,1 : 14.32"
"16,2 : 37.64"
"16,3 : 17.03"
"16,4 : 59.48"
"16,5 : 57.8"
"16,6 : 67.62"
"16,7 : 84.6"
"16,8 : 34.93"
"16,9 : 53.76"
"16,10 : 79.98"
"16,11 : 80.21"
"16,12 : 42.3"
"16,13 : 58.31"
"16,14 : 21.21"
"16,15 : 38.9"
"16,16 : 0.0"
"16,17 : 31.32"
"16,18 : 33.53"
"16,19 : 52.15"
"16,20 : 28.43"
"16,21 : 36.06"
"16,22 : 62.51"
"16,23 : 89.0"
"16,24 : 48.47"
"16,25 : 68.1"
"16,26 : 65.31"
"16,27 : 48.38"
"16,28 : 51.55"
"16,29 : 69.03"
"16,30 : 82.3"
"16,31 : 85.49"
"16,32 : 46.86"
"16,33 : 68.96"
"16,34 : 51.0"
"16,35 : 41.87"
"16,36 : 65.46"
"16,37 : 15.0"
"16,38 : 54.2"
"16,39 : 40.85"
"16,40 : 52.35"
"16,41 : 79.16"
"16,42 : 20.88"
"16,43 : 74.33"
"16,44 : 16.03"
"16,45 : 74.11"
"16,46 : 20.81"
"16,47 : 41.59"
"16,48 : 42.19"
"16,49 : 20.25"
"16,50 : 58.25"
"16,51 : 10.2"
"16,52 : 26.4"
"16,53 : 46.49"
"16,54 : 37.0"
"16,55 : 50.45"
"16,56 : 33.6"
"16,57 : 21.47"
"16,58 : 13.45"
"16,59 : 29.41"
"16,60 : 33.53"
"16,61 : 36.5"
"16,62 : 79.62"
"16,63 : 55.03"
"16,64 : 48.47"
"16,65 : 34.89"
"16,66 : 77.37"
"16,67 : 54.12"
"16,68 : 66.07"
"16,69 : 73.5"
"16,70 : 22.83"
"16,71 : 44.64"
"16,72 : 40.16"
"16,73 : 48.08"
"16,74 : 57.43"
"16,75 : 82.08"
"16,76 : 42.72"
"16,77 : 66.41"
"16,78 : 59.41"
"16,79 : 27.66"
"16,80 : 77.1"
"16,81 : 28.6"
"16,82 : 36.35"
"16,83 : 43.57"
"16,84 : 44.01"
"16,85 : 13.0"
"16,86 : 49.01"
"16,87 : 38.83"
"16,88 : 27.66"
"16,89 : 41.59"
"16,90 : 74.43"
"16,91 : 4.47"
"16,92 : 68.51"
"16,93 : 71.11"
"16,94 : 40.25"
"16,95 : 72.42"
"16,96 : 35.01"
"16,97 : 36.77"
"16,98 : 55.87"
"16,99 : 55.01"
"17,0 : 18.79"
"17,1 : 42.19"
"17,2 : 60.88"
"17,3 : 19.42"
"17,4 : 49.73"
"17,5 : 41.01"
"17,6 : 36.72"
"17,7 : 66.6"
"17,8 : 5.39"
"17,9 : 30.81"
"17,10 : 53.54"
"17,11 : 51.66"
"17,12 : 48.1"
"17,13 : 31.76"
"17,14 : 15.0"
"17,15 : 18.11"
"17,16 : 31.32"
"17,17 : 0.0"
"17,18 : 45.62"
"17,19 : 23.6"
"17,20 : 28.16"
"17,21 : 9.22"
"17,22 : 36.24"
"17,23 : 58.31"
"17,24 : 37.95"
"17,25 : 38.29"
"17,26 : 34.23"
"17,27 : 58.26"
"17,28 : 42.38"
"17,29 : 40.52"
"17,30 : 51.87"
"17,31 : 54.59"
"17,32 : 27.0"
"17,33 : 52.43"
"17,34 : 36.5"
"17,35 : 23.19"
"17,36 : 51.88"
"17,37 : 38.42"
"17,38 : 39.81"
"17,39 : 49.34"
"17,40 : 22.63"
"17,41 : 49.16"
"17,42 : 37.64"
"17,43 : 43.29"
"17,44 : 46.69"
"17,45 : 45.88"
"17,46 : 49.4"
"17,47 : 55.04"
"17,48 : 45.71"
"17,49 : 41.77"
"17,50 : 45.69"
"17,51 : 41.48"
"17,52 : 24.21"
"17,53 : 27.78"
"17,54 : 47.54"
"17,55 : 28.32"
"17,56 : 29.15"
"17,57 : 41.23"
"17,58 : 39.01"
"17,59 : 18.11"
"17,60 : 45.62"
"17,61 : 6.71"
"17,62 : 48.51"
"17,63 : 64.44"
"17,64 : 37.95"
"17,65 : 26.08"
"17,66 : 53.0"
"17,67 : 22.8"
"17,68 : 36.5"
"17,69 : 58.83"
"17,70 : 50.22"
"17,71 : 24.7"
"17,72 : 49.98"
"17,73 : 57.49"
"17,74 : 38.12"
"17,75 : 60.96"
"17,76 : 54.64"
"17,77 : 35.11"
"17,78 : 47.54"
"17,79 : 15.3"
"17,80 : 52.33"
"17,81 : 49.04"
"17,82 : 51.48"
"17,83 : 13.15"
"17,84 : 51.92"
"17,85 : 19.24"
"17,86 : 21.47"
"17,87 : 8.06"
"17,88 : 12.73"
"17,89 : 30.08"
"17,90 : 44.01"
"17,91 : 32.39"
"17,92 : 39.62"
"17,93 : 52.5"
"17,94 : 10.82"
"17,95 : 51.42"
"17,96 : 52.7"
"17,97 : 35.23"
"17,98 : 32.28"
"17,99 : 40.31"
"18,0 : 49.58"
"18,1 : 24.84"
"18,2 : 21.38"
"18,3 : 45.01"
"18,4 : 89.27"
"18,5 : 84.17"
"18,6 : 78.64"
"18,7 : 64.63"
"18,8 : 50.99"
"18,9 : 75.96"
"18,10 : 98.98"
"18,11 : 96.26"
"18,12 : 75.5"
"18,13 : 54.59"
"18,14 : 31.02"
"18,15 : 61.68"
"18,16 : 33.53"
"18,17 : 45.62"
"18,18 : 0.0"
"18,19 : 68.96"
"18,20 : 18.44"
"18,21 : 42.8"
"18,22 : 57.27"
"18,23 : 99.7"
"18,24 : 77.41"
"18,25 : 82.2"
"18,26 : 70.29"
"18,27 : 81.91"
"18,28 : 81.22"
"18,29 : 66.19"
"18,30 : 94.18"
"18,31 : 95.46"
"18,32 : 70.88"
"18,33 : 50.04"
"18,34 : 78.26"
"18,35 : 66.22"
"18,36 : 44.28"
"18,37 : 19.72"
"18,38 : 37.34"
"18,39 : 7.81"
"18,40 : 67.42"
"18,41 : 78.29"
"18,42 : 54.41"
"18,43 : 78.01"
"18,44 : 42.01"
"18,45 : 69.86"
"18,46 : 26.63"
"18,47 : 9.49"
"18,48 : 12.65"
"18,49 : 53.31"
"18,50 : 38.01"
"18,51 : 36.06"
"18,52 : 56.01"
"18,53 : 38.01"
"18,54 : 3.61"
"18,55 : 43.83"
"18,56 : 20.81"
"18,57 : 54.78"
"18,58 : 46.1"
"18,59 : 29.21"
"18,60 : 0.0"
"18,61 : 46.04"
"18,62 : 83.23"
"18,63 : 88.54"
"18,64 : 77.41"
"18,65 : 63.29"
"18,66 : 66.29"
"18,67 : 63.03"
"18,68 : 66.04"
"18,69 : 51.79"
"18,70 : 24.19"
"18,71 : 38.59"
"18,72 : 6.71"
"18,73 : 81.61"
"18,74 : 82.28"
"18,75 : 66.01"
"18,76 : 76.22"
"18,77 : 74.95"
"18,78 : 38.12"
"18,79 : 31.06"
"18,80 : 97.94"
"18,81 : 61.27"
"18,82 : 6.4"
"18,83 : 51.09"
"18,84 : 10.82"
"18,85 : 32.14"
"18,86 : 49.82"
"18,87 : 48.83"
"18,88 : 51.2"
"18,89 : 69.58"
"18,90 : 75.47"
"18,91 : 37.95"
"18,92 : 84.31"
"18,93 : 54.01"
"18,94 : 56.36"
"18,95 : 96.46"
"18,96 : 9.49"
"18,97 : 17.09"
"18,98 : 77.62"
"18,99 : 82.38"
"19,0 : 27.17"
"19,1 : 64.66"
"19,2 : 84.39"
"19,3 : 36.25"
"19,4 : 39.62"
"19,5 : 26.63"
"19,6 : 18.03"
"19,7 : 75.24"
"19,8 : 18.44"
"19,9 : 13.04"
"19,10 : 30.02"
"19,11 : 28.32"
"19,12 : 50.96"
"19,13 : 36.77"
"19,14 : 38.6"
"19,15 : 16.03"
"19,16 : 52.15"
"19,17 : 23.6"
"19,18 : 68.96"
"19,19 : 0.0"
"19,20 : 50.99"
"19,21 : 27.2"
"19,22 : 40.25"
"19,23 : 37.64"
"19,24 : 31.06"
"19,25 : 16.16"
"19,26 : 25.0"
"19,27 : 61.68"
"19,28 : 35.0"
"19,29 : 39.05"
"19,30 : 30.68"
"19,31 : 34.71"
"19,32 : 16.12"
"19,33 : 64.03"
"19,34 : 26.25"
"19,35 : 17.46"
"19,36 : 65.76"
"19,37 : 61.52"
"19,38 : 55.08"
"19,39 : 72.09"
"19,40 : 3.61"
"19,41 : 41.88"
"19,42 : 50.64"
"19,43 : 32.2"
"19,44 : 65.8"
"19,45 : 43.86"
"19,46 : 71.84"
"19,47 : 78.29"
"19,48 : 67.68"
"19,49 : 56.09"
"19,50 : 61.13"
"19,51 : 61.77"
"19,52 : 33.24"
"19,53 : 43.0"
"19,54 : 70.66"
"19,55 : 40.31"
"19,56 : 50.92"
"19,57 : 54.74"
"19,58 : 55.97"
"19,59 : 40.31"
"19,60 : 68.96"
"19,61 : 23.41"
"19,62 : 36.06"
"19,63 : 66.48"
"19,64 : 31.06"
"19,65 : 28.16"
"19,66 : 56.3"
"19,67 : 15.26"
"19,68 : 33.3"
"19,69 : 71.06"
"19,70 : 73.0"
"19,71 : 40.01"
"19,72 : 72.92"
"19,73 : 60.73"
"19,74 : 21.95"
"19,75 : 67.12"
"19,76 : 60.21"
"19,77 : 20.25"
"19,78 : 63.13"
"19,79 : 38.01"
"19,80 : 29.41"
"19,81 : 61.2"
"19,82 : 74.95"
"19,83 : 21.02"
"19,84 : 74.46"
"19,85 : 41.77"
"19,86 : 29.43"
"19,87 : 20.88"
"19,88 : 25.08"
"19,89 : 26.57"
"19,90 : 36.06"
"19,91 : 51.88"
"19,92 : 16.4"
"19,93 : 62.3"
"19,94 : 12.81"
"19,95 : 31.06"
"19,96 : 76.28"
"19,97 : 56.92"
"19,98 : 13.0"
"19,99 : 28.32"
"20,0 : 31.4"
"20,1 : 28.44"
"20,2 : 37.59"
"20,3 : 32.89"
"20,4 : 75.17"
"20,5 : 68.36"
"20,6 : 60.21"
"20,7 : 56.86"
"20,8 : 33.53"
"20,9 : 58.94"
"20,10 : 80.95"
"20,11 : 77.94"
"20,12 : 65.8"
"20,13 : 37.95"
"20,14 : 15.03"
"20,15 : 45.4"
"20,16 : 28.43"
"20,17 : 28.16"
"20,18 : 18.44"
"20,19 : 50.99"
"20,20 : 0.0"
"20,21 : 24.41"
"20,22 : 41.23"
"20,23 : 81.32"
"20,24 : 63.13"
"20,25 : 63.82"
"20,26 : 52.2"
"20,27 : 73.93"
"20,28 : 67.27"
"20,29 : 49.65"
"20,30 : 75.74"
"20,31 : 77.1"
"20,32 : 54.59"
"20,33 : 41.23"
"20,34 : 63.03"
"20,35 : 50.25"
"20,36 : 37.22"
"20,37 : 22.2"
"20,38 : 26.57"
"20,39 : 21.19"
"20,40 : 49.24"
"20,41 : 61.47"
"20,42 : 47.2"
"20,43 : 60.21"
"20,44 : 42.49"
"20,45 : 53.85"
"20,46 : 34.01"
"20,47 : 27.46"
"20,48 : 18.0"
"20,49 : 48.1"
"20,50 : 30.02"
"20,51 : 35.78"
"20,52 : 43.42"
"20,53 : 22.2"
"20,54 : 19.72"
"20,55 : 27.66"
"20,56 : 5.39"
"20,57 : 48.92"
"20,58 : 41.77"
"20,59 : 10.82"
"20,60 : 18.44"
"20,61 : 27.78"
"20,62 : 65.51"
"20,63 : 80.62"
"20,64 : 63.13"
"20,65 : 49.37"
"20,66 : 53.01"
"20,67 : 44.6"
"20,68 : 48.75"
"20,69 : 45.28"
"20,70 : 33.06"
"20,71 : 21.84"
"20,72 : 21.93"
"20,73 : 73.43"
"20,74 : 65.92"
"20,75 : 55.54"
"20,76 : 68.8"
"20,77 : 56.59"
"20,78 : 31.06"
"20,79 : 13.0"
"20,80 : 80.23"
"20,81 : 56.59"
"20,82 : 24.76"
"20,83 : 32.65"
"20,84 : 23.77"
"20,85 : 20.12"
"20,86 : 31.91"
"20,87 : 30.53"
"20,88 : 36.01"
"20,89 : 55.08"
"20,90 : 58.14"
"20,91 : 32.56"
"20,92 : 66.04"
"20,93 : 43.97"
"20,94 : 38.63"
"20,95 : 79.56"
"20,96 : 27.02"
"20,97 : 8.94"
"20,98 : 60.44"
"20,99 : 67.07"
"21,0 : 11.05"
"21,1 : 44.6"
"21,2 : 60.44"
"21,3 : 27.31"
"21,4 : 58.19"
"21,5 : 48.51"
"21,6 : 36.07"
"21,7 : 57.38"
"21,8 : 12.65"
"21,9 : 37.01"
"21,10 : 56.86"
"21,11 : 53.54"
"21,12 : 57.28"
"21,13 : 23.41"
"21,14 : 15.81"
"21,15 : 26.25"
"21,16 : 36.06"
"21,17 : 9.22"
"21,18 : 42.8"
"21,19 : 27.2"
"21,20 : 24.41"
"21,21 : 0.0"
"21,22 : 27.86"
"21,23 : 57.49"
"21,24 : 46.62"
"21,25 : 39.41"
"21,26 : 30.08"
"21,27 : 67.36"
"21,28 : 51.08"
"21,29 : 33.24"
"21,30 : 51.62"
"21,31 : 53.41"
"21,32 : 34.53"
"21,33 : 43.27"
"21,34 : 44.64"
"21,35 : 31.32"
"21,36 : 42.95"
"21,37 : 39.81"
"21,38 : 31.02"
"21,39 : 45.18"
"21,40 : 25.08"
"21,41 : 43.1"
"21,42 : 45.69"
"21,43 : 38.9"
"21,44 : 52.01"
"21,45 : 38.47"
"21,46 : 51.62"
"21,47 : 51.87"
"21,48 : 40.5"
"21,49 : 49.34"
"21,50 : 37.0"
"21,51 : 46.17"
"21,52 : 33.3"
"21,53 : 18.79"
"21,54 : 44.1"
"21,55 : 19.1"
"21,56 : 23.77"
"21,57 : 49.04"
"21,58 : 45.71"
"21,59 : 13.6"
"21,60 : 42.8"
"21,61 : 4.0"
"21,62 : 44.27"
"21,63 : 73.59"
"21,64 : 46.62"
"21,65 : 35.23"
"21,66 : 44.29"
"21,67 : 20.62"
"21,68 : 30.02"
"21,69 : 49.74"
"21,70 : 51.89"
"21,71 : 15.65"
"21,72 : 46.14"
"21,73 : 66.6"
"21,74 : 45.1"
"21,75 : 51.86"
"21,76 : 63.6"
"21,77 : 33.02"
"21,78 : 38.9"
"21,79 : 12.04"
"21,80 : 56.61"
"21,81 : 57.01"
"21,82 : 49.04"
"21,83 : 8.6"
"21,84 : 47.42"
"21,85 : 23.09"
"21,86 : 13.34"
"21,87 : 6.32"
"21,88 : 21.93"
"21,89 : 38.91"
"21,90 : 38.47"
"21,91 : 38.05"
"21,92 : 41.68"
"21,93 : 43.28"
"21,94 : 16.0"
"21,95 : 57.31"
"21,96 : 50.93"
"21,97 : 29.73"
"21,98 : 38.12"
"21,99 : 48.27"
"22,0 : 17.49"
"22,1 : 68.18"
"22,2 : 78.19"
"22,3 : 55.15"
"22,4 : 79.06"
"22,5 : 66.73"
"22,6 : 35.0"
"22,7 : 35.11"
"22,8 : 37.2"
"22,9 : 53.24"
"22,10 : 62.07"
"22,11 : 55.08"
"22,12 : 83.6"
"22,13 : 4.47"
"22,14 : 41.3"
"22,15 : 48.8"
"22,16 : 62.51"
"22,17 : 36.24"
"22,18 : 57.27"
"22,19 : 40.25"
"22,20 : 41.23"
"22,21 : 27.86"
"22,22 : 0.0"
"22,23 : 50.33"
"22,24 : 68.88"
"22,25 : 42.11"
"22,26 : 21.1"
"22,27 : 94.05"
"22,28 : 73.25"
"22,29 : 9.22"
"22,30 : 47.3"
"22,31 : 45.88"
"22,32 : 54.41"
"22,33 : 26.08"
"22,34 : 65.22"
"22,35 : 53.15"
"22,36 : 30.08"
"22,37 : 62.39"
"22,38 : 24.21"
"22,39 : 55.76"
"22,40 : 36.67"
"22,41 : 21.4"
"22,42 : 73.54"
"22,43 : 24.6"
"22,44 : 78.52"
"22,45 : 12.65"
"22,46 : 74.55"
"22,47 : 64.14"
"22,48 : 48.83"
"22,49 : 77.16"
"22,50 : 28.65"
"22,51 : 72.25"
"22,52 : 60.21"
"22,53 : 19.31"
"22,54 : 56.82"
"22,55 : 13.6"
"22,56 : 37.0"
"22,57 : 76.9"
"22,58 : 73.25"
"22,59 : 34.01"
"22,60 : 57.27"
"22,61 : 29.53"
"22,62 : 28.84"
"22,63 : 100.0"
"22,64 : 68.88"
"22,65 : 60.31"
"22,66 : 17.03"
"22,67 : 25.08"
"22,68 : 11.7"
"22,69 : 33.02"
"22,70 : 73.98"
"22,71 : 19.42"
"22,72 : 57.45"
"22,73 : 93.23"
"22,74 : 62.18"
"22,75 : 26.93"
"22,76 : 90.74"
"22,77 : 29.02"
"22,78 : 30.41"
"22,79 : 35.06"
"22,80 : 64.63"
"22,81 : 84.86"
"22,82 : 63.51"
"22,83 : 24.21"
"22,84 : 56.61"
"22,85 : 49.65"
"22,86 : 14.76"
"22,87 : 28.84"
"22,88 : 48.55"
"22,89 : 62.24"
"22,90 : 20.0"
"22,91 : 65.12"
"22,92 : 46.27"
"22,93 : 23.09"
"22,94 : 36.77"
"22,95 : 69.92"
"22,96 : 66.71"
"22,97 : 40.25"
"22,98 : 53.23"
"22,99 : 67.96"
"23,0 : 50.33"
"23,1 : 100.5"
"23,2 : 117.92"
"23,3 : 73.74"
"23,4 : 65.52"
"23,5 : 52.17"
"23,6 : 21.63"
"23,7 : 80.22"
"23,8 : 54.12"
"23,9 : 43.0"
"23,10 : 25.81"
"23,11 : 17.0"
"23,12 : 85.05"
"23,13 : 50.09"
"23,14 : 72.42"
"23,15 : 53.37"
"23,16 : 89.0"
"23,17 : 58.31"
"23,18 : 99.7"
"23,19 : 37.64"
"23,20 : 81.32"
"23,21 : 57.49"
"23,22 : 50.33"
"23,23 : 0.0"
"23,24 : 62.29"
"23,25 : 21.59"
"23,26 : 30.53"
"23,27 : 95.26"
"23,28 : 64.78"
"23,29 : 42.45"
"23,30 : 7.07"
"23,31 : 4.47"
"23,32 : 50.09"
"23,33 : 75.69"
"23,34 : 56.32"
"23,35 : 53.46"
"23,36 : 80.32"
"23,37 : 96.52"
"23,38 : 73.79"
"23,39 : 100.77"
"23,40 : 36.77"
"23,41 : 34.01"
"23,42 : 88.07"
"23,43 : 25.96"
"23,44 : 103.25"
"23,45 : 43.42"
"23,46 : 107.7"
"23,47 : 108.3"
"23,48 : 94.81"
"23,49 : 93.62"
"23,50 : 78.79"
"23,51 : 98.9"
"23,52 : 70.61"
"23,53 : 64.9"
"23,54 : 100.5"
"23,55 : 59.68"
"23,56 : 79.31"
"23,57 : 92.2"
"23,58 : 93.61"
"23,59 : 70.77"
"23,60 : 99.7"
"23,61 : 55.0"
"23,62 : 23.09"
"23,63 : 98.86"
"23,64 : 62.29"
"23,65 : 64.5"
"23,66 : 58.22"
"23,67 : 36.88"
"23,68 : 38.63"
"23,69 : 82.23"
"23,70 : 108.45"
"23,71 : 63.01"
"23,72 : 102.07"
"23,73 : 94.26"
"23,74 : 47.68"
"23,75 : 70.11"
"23,76 : 95.01"
"23,77 : 24.76"
"23,78 : 80.62"
"23,79 : 69.53"
"23,80 : 31.91"
"23,81 : 98.31"
"23,82 : 106.07"
"23,83 : 48.92"
"23,84 : 102.45"
"23,85 : 77.52"
"23,86 : 50.61"
"23,87 : 52.2"
"23,88 : 62.63"
"23,89 : 61.03"
"23,90 : 31.58"
"23,91 : 89.16"
"23,92 : 23.02"
"23,93 : 71.81"
"23,94 : 48.75"
"23,95 : 42.94"
"23,96 : 108.25"
"23,97 : 84.5"
"23,98 : 41.01"
"23,99 : 55.9"
"24,0 : 52.7"
"24,1 : 62.77"
"24,2 : 86.03"
"24,3 : 32.76"
"24,4 : 12.04"
"24,5 : 12.08"
"24,6 : 47.54"
"24,7 : 102.63"
"24,8 : 34.01"
"24,9 : 19.92"
"24,10 : 41.98"
"24,11 : 47.04"
"24,12 : 23.19"
"24,13 : 64.82"
"24,14 : 48.09"
"24,15 : 20.59"
"24,16 : 48.47"
"24,17 : 37.95"
"24,18 : 77.41"
"24,19 : 31.06"
"24,20 : 63.13"
"24,21 : 46.62"
"24,22 : 68.88"
"24,23 : 62.29"
"24,24 : 0.0"
"24,25 : 42.45"
"24,26 : 56.04"
"24,27 : 33.02"
"24,28 : 4.47"
"24,29 : 69.35"
"24,30 : 55.44"
"24,31 : 60.83"
"24,32 : 15.0"
"24,33 : 89.47"
"24,34 : 6.0"
"24,35 : 15.81"
"24,36 : 89.55"
"24,37 : 62.64"
"24,38 : 77.62"
"24,39 : 83.05"
"24,40 : 34.41"
"24,41 : 72.95"
"24,42 : 34.66"
"24,43 : 63.13"
"24,44 : 55.61"
"24,45 : 74.41"
"24,46 : 68.88"
"24,47 : 86.7"
"24,48 : 81.1"
"24,49 : 40.31"
"24,50 : 83.57"
"24,51 : 54.71"
"24,52 : 22.14"
"24,53 : 65.39"
"24,54 : 80.22"
"24,55 : 64.88"
"24,56 : 65.62"
"24,57 : 38.21"
"24,58 : 44.2"
"24,59 : 54.92"
"24,60 : 77.41"
"24,61 : 42.95"
"24,62 : 66.64"
"24,63 : 36.67"
"24,64 : 0.0"
"24,65 : 14.14"
"24,66 : 85.7"
"24,67 : 45.34"
"24,68 : 63.78"
"24,69 : 96.15"
"24,70 : 71.18"
"24,71 : 62.24"
"24,72 : 83.15"
"24,73 : 32.02"
"24,74 : 15.13"
"24,75 : 95.6"
"24,76 : 33.38"
"24,77 : 51.0"
"24,78 : 85.44"
"24,79 : 51.79"
"24,80 : 36.69"
"24,81 : 41.34"
"24,82 : 82.04"
"24,83 : 45.49"
"24,84 : 86.02"
"24,85 : 45.28"
"24,86 : 55.47"
"24,87 : 42.06"
"24,88 : 27.17"
"24,89 : 8.06"
"24,90 : 67.12"
"24,91 : 45.62"
"24,92 : 39.62"
"24,93 : 88.84"
"24,94 : 32.45"
"24,95 : 27.78"
"24,96 : 81.79"
"24,97 : 71.45"
"24,98 : 21.59"
"24,99 : 8.06"
"25,0 : 35.11"
"25,1 : 80.21"
"25,2 : 98.99"
"25,3 : 52.39"
"25,4 : 47.89"
"25,5 : 34.0"
"25,6 : 7.62"
"25,7 : 76.49"
"25,8 : 33.6"
"25,9 : 22.56"
"25,10 : 20.0"
"25,11 : 14.32"
"25,12 : 64.5"
"25,13 : 40.01"
"25,14 : 53.04"
"25,15 : 31.78"
"25,16 : 68.1"
"25,17 : 38.29"
"25,18 : 82.2"
"25,19 : 16.16"
"25,20 : 63.82"
"25,21 : 39.41"
"25,22 : 42.11"
"25,23 : 21.59"
"25,24 : 42.45"
"25,25 : 0.0"
"25,26 : 21.59"
"25,27 : 74.97"
"25,28 : 45.54"
"25,29 : 37.36"
"25,30 : 14.56"
"25,31 : 19.03"
"25,32 : 29.07"
"25,33 : 68.01"
"25,34 : 36.69"
"25,35 : 32.06"
"25,36 : 71.18"
"25,37 : 76.69"
"25,38 : 62.17"
"25,39 : 84.38"
"25,40 : 15.81"
"25,41 : 35.23"
"25,42 : 66.49"
"25,43 : 24.41"
"25,44 : 81.94"
"25,45 : 40.85"
"25,46 : 87.42"
"25,47 : 91.26"
"25,48 : 79.18"
"25,49 : 72.03"
"25,50 : 67.9"
"25,51 : 77.83"
"25,52 : 49.03"
"25,53 : 51.24"
"25,54 : 83.49"
"25,55 : 47.07"
"25,56 : 62.77"
"25,57 : 70.61"
"25,58 : 72.11"
"25,59 : 53.01"
"25,60 : 82.2"
"25,61 : 36.24"
"25,62 : 26.17"
"25,63 : 79.08"
"25,64 : 42.45"
"25,65 : 43.1"
