x,y
25,51
32,2
52,94
55,89
84,48
58,53
36,43
74,90
57,0
32,8
51,11
67,59
90,56
33,87
31,31
49,18
62,31
97,30
73,2
97,37
67,98
58,42
21,80
63,69
26,61
17,48
80,37
96,96
85,58
90,34
94,65
53,32
7,0
87,78
55,71
24,2
47,66
12,89
98,7
81,20
44,56
14,96
84,45
6,39
2,80
43,65
66,52
12,36
3,17
26,92
74,72
18,36
64,5
79,83
0,68
71,67
89,47
42,51
40,60
94,90
72,12
0,46
5,90
28,37
22,24
7,62
16,51
97,34
100,72
5,54
79,5
73,53
34,23
64,99
97,93
51,96
61,1
80,29
3,51
49,62
92,84
1,85
54,2
62,44
95,21
59,57
28,52
26,64
50,11
95,44
51,68
2,21
72,92
3,31
61,34
39,30
42,21
65,66
43,100
18,79

Distanze
"0,0 : 0.0"
"0,1 : 25.3"
"0,2 : 46.96"
"0,3 : 38.08"
"0,4 : 41.0"
"0,5 : 50.16"
"0,6 : 61.03"
"0,7 : 44.29"
"0,8 : 47.01"
"0,9 : 45.4"
"0,10 : 49.5"
"0,11 : 13.0"
"0,12 : 34.54"
"0,13 : 43.57"
"0,14 : 32.56"
"0,15 : 7.21"
"0,16 : 37.48"
"0,17 : 31.06"
"0,18 : 47.07"
"0,19 : 36.36"
"0,20 : 14.14"
"0,21 : 50.45"
"0,22 : 48.01"
"0,23 : 30.48"
"0,24 : 8.54"
"0,25 : 62.24"
"0,26 : 46.53"
"0,27 : 48.47"
"0,28 : 46.49"
"0,29 : 55.47"
"0,30 : 48.6"
"0,31 : 20.4"
"0,32 : 49.5"
"0,33 : 13.04"
"0,34 : 14.0"
"0,35 : 53.76"
"0,36 : 17.72"
"0,37 : 17.69"
"0,38 : 49.16"
"0,39 : 32.28"
"0,40 : 47.54"
"0,41 : 11.66"
"0,42 : 28.64"
"0,43 : 48.3"
"0,44 : 49.93"
"0,45 : 59.67"
"0,46 : 52.35"
"0,47 : 24.19"
"0,48 : 54.04"
"0,49 : 22.0"
"0,50 : 38.48"
"0,51 : 38.6"
"0,52 : 40.82"
"0,53 : 22.36"
"0,54 : 52.0"
"0,55 : 44.78"
"0,56 : 40.22"
"0,57 : 64.4"
"0,58 : 5.66"
"0,59 : 23.77"
"0,60 : 38.08"
"0,61 : 25.5"
"0,62 : 44.1"
"0,63 : 47.85"
"0,64 : 30.02"
"0,65 : 52.0"
"0,66 : 26.0"
"0,67 : 28.64"
"0,68 : 47.76"
"0,69 : 35.36"
"0,70 : 50.25"
"0,71 : 26.63"
"0,72 : 32.56"
"0,73 : 46.86"
"0,74 : 45.18"
"0,75 : 46.1"
"0,76 : 14.0"
"0,77 : 43.1"
"0,78 : 17.09"
"0,79 : 46.87"
"0,80 : 33.12"
"0,81 : 48.41"
"0,82 : 42.06"
"0,83 : 51.31"
"0,84 : 46.57"
"0,85 : 45.19"
"0,86 : 34.23"
"0,87 : 28.23"
"0,88 : 43.05"
"0,89 : 51.24"
"0,90 : 32.39"
"0,91 : 29.53"
"0,92 : 38.21"
"0,93 : 26.02"
"0,94 : 36.69"
"0,95 : 7.62"
"0,96 : 29.61"
"0,97 : 39.46"
"0,98 : 19.24"
"0,99 : 25.08"
"1,0 : 25.3"
"1,1 : 0.0"
"1,2 : 56.4"
"1,3 : 28.46"
"1,4 : 18.79"
"1,5 : 58.14"
"1,6 : 37.48"
"1,7 : 47.1"
"1,8 : 69.53"
"1,9 : 70.41"
"1,10 : 29.15"
"1,11 : 17.69"
"1,12 : 54.49"
"1,13 : 24.21"
"1,14 : 48.7"
"1,15 : 24.41"
"1,16 : 19.1"
"1,17 : 44.78"
"1,18 : 63.81"
"1,19 : 48.76"
"1,20 : 34.06"
"1,21 : 73.11"
"1,22 : 60.54"
"1,23 : 15.52"
"1,24 : 32.39"
"1,25 : 77.37"
"1,26 : 56.61"
"1,27 : 53.34"
"1,28 : 37.11"
"1,29 : 30.81"
"1,30 : 47.27"
"1,31 : 5.66"
"1,32 : 29.15"
"1,33 : 35.01"
"1,34 : 32.56"
"1,35 : 36.8"
"1,36 : 14.76"
"1,37 : 42.06"
"1,38 : 45.62"
"1,39 : 40.22"
"1,40 : 68.73"
"1,41 : 34.06"
"1,42 : 53.85"
"1,43 : 51.04"
"1,44 : 50.09"
"1,45 : 40.5"
"1,46 : 39.66"
"1,47 : 49.24"
"1,48 : 70.94"
"1,49 : 46.69"
"1,50 : 59.54"
"1,51 : 61.07"
"1,52 : 62.24"
"1,53 : 41.04"
"1,54 : 56.14"
"1,55 : 64.54"
"1,56 : 17.49"
"1,57 : 41.04"
"1,58 : 28.28"
"1,59 : 2.24"
"1,60 : 55.8"
"1,61 : 38.08"
"1,62 : 41.68"
"1,63 : 57.01"
"1,64 : 54.45"
"1,65 : 56.14"
"1,66 : 2.0"
"1,67 : 53.85"
"1,68 : 54.49"
"1,69 : 39.62"
"1,70 : 29.07"
"1,71 : 49.2"
"1,72 : 32.06"
"1,73 : 28.64"
"1,74 : 48.09"
"1,75 : 66.91"
"1,76 : 12.81"
"1,77 : 44.2"
"1,78 : 42.38"
"1,79 : 58.83"
"1,80 : 54.49"
"1,81 : 46.39"
"1,82 : 67.12"
"1,83 : 62.68"
"1,84 : 54.34"
"1,85 : 70.38"
"1,86 : 38.21"
"1,87 : 22.2"
"1,88 : 29.07"
"1,89 : 56.59"
"1,90 : 30.61"
"1,91 : 6.32"
"1,92 : 50.16"
"1,93 : 30.81"
"1,94 : 44.2"
"1,95 : 30.89"
"1,96 : 41.15"
"1,97 : 63.03"
"1,98 : 18.38"
"1,99 : 10.05"
"2,0 : 46.96"
"2,1 : 56.4"
"2,2 : 0.0"
"2,3 : 81.47"
"2,4 : 74.89"
"2,5 : 4.12"
"2,6 : 71.34"
"2,7 : 91.24"
"2,8 : 79.4"
"2,9 : 53.67"
"2,10 : 56.44"
"2,11 : 57.43"
"2,12 : 74.43"
"2,13 : 80.6"
"2,14 : 18.03"
"2,15 : 54.12"
"2,16 : 49.34"
"2,17 : 16.49"
"2,18 : 88.68"
"2,19 : 11.18"
"2,20 : 59.14"
"2,21 : 81.74"
"2,22 : 92.65"
"2,23 : 45.19"
"2,24 : 41.11"
"2,25 : 24.02"
"2,26 : 1.41"
"2,27 : 95.34"
"2,28 : 36.06"
"2,29 : 71.81"
"2,30 : 95.19"
"2,31 : 55.9"
"2,32 : 85.45"
"2,33 : 36.4"
"2,34 : 59.81"
"2,35 : 93.09"
"2,36 : 60.44"
"2,37 : 54.59"
"2,38 : 25.96"
"2,39 : 16.28"
"2,40 : 33.24"
"2,41 : 37.64"
"2,42 : 54.23"
"2,43 : 95.26"
"2,44 : 96.75"
"2,45 : 59.14"
"2,46 : 94.75"
"2,47 : 45.1"
"2,48 : 22.47"
"2,49 : 42.01"
"2,50 : 29.53"
"2,51 : 34.89"
"2,52 : 77.0"
"2,53 : 66.22"
"2,54 : 98.9"
"2,55 : 83.05"
"2,56 : 57.25"
"2,57 : 73.11"
"2,58 : 41.63"
"2,59 : 56.85"
"2,60 : 79.91"
"2,61 : 21.47"
"2,62 : 24.08"
"2,63 : 1.0"
"2,64 : 41.98"
"2,65 : 98.9"
"2,66 : 55.22"
"2,67 : 54.23"
"2,68 : 5.83"
"2,69 : 82.3"
"2,70 : 85.15"
"2,71 : 64.28"
"2,72 : 78.77"
"2,73 : 51.35"
"2,74 : 92.13"
"2,75 : 31.14"
"2,76 : 54.67"
"2,77 : 18.03"
"2,78 : 48.26"
"2,79 : 5.83"
"2,80 : 71.18"
"2,81 : 94.87"
"2,82 : 64.03"
"2,83 : 7.07"
"2,84 : 93.05"
"2,85 : 64.2"
"2,86 : 18.79"
"2,87 : 35.78"
"2,88 : 43.29"
"2,89 : 9.22"
"2,90 : 27.86"
"2,91 : 54.71"
"2,92 : 83.82"
"2,93 : 25.61"
"2,94 : 12.21"
"2,95 : 52.2"
"2,96 : 75.96"
"2,97 : 40.25"
"2,98 : 63.6"
"2,99 : 63.66"
"3,0 : 38.08"
"3,1 : 28.46"
"3,2 : 81.47"
"3,3 : 0.0"
"3,4 : 20.62"
"3,5 : 83.87"
"3,6 : 56.61"
"3,7 : 23.32"
"3,8 : 64.56"
"3,9 : 79.08"
"3,10 : 54.04"
"3,11 : 25.24"
"3,12 : 47.8"
"3,13 : 15.62"
"3,14 : 69.81"
"3,15 : 31.78"
"3,16 : 46.53"
"3,17 : 67.27"
"3,18 : 50.77"
"3,19 : 72.14"
"3,20 : 35.36"
"3,21 : 68.01"
"3,22 : 43.19"
"3,23 : 43.97"
"3,24 : 46.53"
"3,25 : 99.64"
"3,26 : 81.39"
"3,27 : 30.02"
"3,28 : 65.52"
"3,29 : 47.76"
"3,30 : 20.4"
"3,31 : 26.42"
"3,32 : 20.0"
"3,33 : 51.11"
"3,34 : 33.38"
"3,35 : 18.11"
"3,36 : 21.26"
"3,37 : 46.53"
"3,38 : 73.93"
"3,39 : 65.3"
"3,40 : 85.43"
"3,41 : 49.74"
"3,42 : 59.41"
"3,43 : 26.4"
"3,44 : 23.77"
"3,45 : 65.19"
"3,46 : 14.32"
"3,47 : 59.2"
"3,48 : 91.84"
"3,49 : 58.19"
"3,50 : 76.48"
"3,51 : 76.16"
"3,52 : 56.32"
"3,53 : 37.12"
"3,54 : 31.78"
"3,55 : 55.54"
"3,56 : 42.0"
"3,57 : 60.08"
"3,58 : 43.57"
"3,59 : 26.93"
"3,60 : 45.69"
"3,61 : 60.83"
"3,62 : 69.78"
"3,63 : 82.22"
"3,64 : 66.1"
"3,65 : 31.78"
"3,66 : 30.36"
"3,67 : 59.41"
"3,68 : 80.6"
"3,69 : 20.0"
"3,70 : 22.02"
"3,71 : 48.09"
"3,72 : 12.08"
"3,73 : 55.08"
"3,74 : 24.19"
"3,75 : 84.08"
"3,76 : 26.87"
"3,77 : 71.69"
"3,78 : 50.7"
"3,79 : 82.73"
"3,80 : 50.01"
"3,81 : 19.24"
"3,82 : 70.01"
"3,83 : 86.98"
"3,84 : 33.42"
"3,85 : 74.0"
"3,86 : 64.64"
"3,87 : 50.09"
"3,88 : 57.07"
"3,89 : 83.23"
"3,90 : 58.18"
"3,91 : 33.73"
"3,92 : 34.67"
"3,93 : 56.4"
"3,94 : 69.66"
"3,95 : 37.95"
"3,96 : 28.79"
"3,97 : 76.22"
"3,98 : 18.87"
"3,99 : 18.79"
"4,0 : 41.0"
"4,1 : 18.79"
"4,2 : 74.89"
"4,3 : 20.62"
"4,4 : 0.0"
"4,5 : 76.4"
"4,6 : 36.14"
"4,7 : 43.83"
"4,8 : 79.18"
"4,9 : 86.21"
"4,10 : 35.51"
"4,11 : 29.43"
"4,12 : 62.77"
"4,13 : 7.28"
"4,14 : 67.42"
"4,15 : 37.48"
"4,16 : 30.89"
"4,17 : 63.56"
"4,18 : 68.68"
"4,19 : 67.54"
"4,20 : 45.22"
"4,21 : 82.76"
"4,22 : 62.48"
"4,23 : 31.14"
"4,24 : 49.09"
"4,25 : 96.15"
"4,26 : 75.17"
"4,27 : 50.54"
"4,28 : 51.11"
"4,29 : 27.2"
"4,30 : 40.8"
"4,31 : 21.38"
"4,32 : 10.63"
"4,33 : 52.47"
"4,34 : 43.32"
"4,35 : 19.72"
"4,36 : 24.52"
"4,37 : 55.32"
"4,38 : 61.4"
"4,39 : 58.83"
"4,40 : 86.88"
"4,41 : 51.35"
"4,42 : 68.07"
"4,43 : 47.01"
"4,44 : 44.27"
"4,45 : 46.1"
"4,46 : 25.5"
"4,47 : 65.07"
"4,48 : 89.69"
"4,49 : 63.0"
"4,50 : 77.67"
"4,51 : 78.77"
"4,52 : 71.2"
"4,53 : 50.09"
"4,54 : 52.39"
"4,55 : 71.85"
"4,56 : 24.35"
"4,57 : 39.56"
"4,58 : 45.18"
"4,59 : 18.97"
"4,60 : 62.2"
"4,61 : 56.86"
"4,62 : 58.14"
"4,63 : 75.45"
"4,64 : 71.01"
"4,65 : 52.39"
"4,66 : 19.72"
"4,67 : 68.07"
"4,68 : 72.62"
"4,69 : 39.2"
"4,70 : 10.3"
"4,71 : 60.17"
"4,72 : 30.61"
"4,73 : 37.64"
"4,74 : 44.72"
"4,75 : 85.15"
"4,76 : 27.0"
"4,77 : 61.52"
"4,78 : 57.31"
"4,79 : 77.52"
"4,80 : 63.95"
"4,81 : 39.56"
"4,82 : 80.52"
"4,83 : 81.3"
"4,84 : 53.54"
"4,85 : 84.17"
"4,86 : 56.4"
"4,87 : 39.7"
"4,88 : 41.59"
"4,89 : 74.41"
"4,90 : 48.17"
"4,91 : 20.52"
"4,92 : 53.04"
"4,93 : 49.4"
"4,94 : 62.68"
"4,95 : 44.55"
"4,96 : 45.45"
"4,97 : 80.22"
"4,98 : 25.63"
"4,99 : 16.12"
"5,0 : 50.16"
"5,1 : 58.14"
"5,2 : 4.12"
"5,3 : 83.87"
"5,4 : 76.4"
"5,5 : 0.0"
"5,6 : 70.86"
"5,7 : 94.37"
"5,8 : 83.49"
"5,9 : 57.7"
"5,10 : 56.09"
"5,11 : 60.21"
"5,12 : 78.31"
"5,13 : 82.33"
"5,14 : 22.09"
"5,15 : 57.27"
"5,16 : 49.77"
"5,17 : 20.22"
"5,18 : 92.54"
"5,19 : 15.03"
"5,20 : 62.64"
"5,21 : 85.84"
"5,22 : 96.32"
"5,23 : 46.14"
"5,24 : 44.64"
"5,25 : 25.18"
"5,26 : 5.39"
"5,27 : 98.62"
"5,28 : 35.06"
"5,29 : 71.84"
"5,30 : 98.11"
"5,31 : 58.0"
"5,32 : 87.01"
"5,33 : 40.02"
"5,34 : 63.25"
"5,35 : 94.92"
"5,36 : 63.01"
"5,37 : 58.42"
"5,38 : 24.19"
"5,39 : 18.6"
"5,40 : 36.88"
"5,41 : 41.23"
"5,42 : 58.31"
"5,43 : 98.41"
"5,44 : 99.76"
"5,45 : 58.0"
"5,46 : 96.94"
"5,47 : 49.16"
"5,48 : 25.06"
"5,49 : 46.04"
"5,50 : 33.54"
"5,51 : 38.91"
"5,52 : 81.01"
"5,53 : 69.86"
"5,54 : 102.16"
"5,55 : 87.02"
"5,56 : 57.78"
"5,57 : 72.44"
"5,58 : 44.94"
"5,59 : 58.73"
"5,60 : 83.73"
"5,61 : 24.7"
"5,62 : 23.09"
"5,63 : 3.16"
"5,64 : 46.1"
"5,65 : 102.16"
"5,66 : 56.85"
"5,67 : 58.31"
"5,68 : 4.12"
"5,69 : 85.43"
"5,70 : 86.61"
"5,71 : 68.18"
"5,72 : 81.63"
"5,73 : 50.99"
"5,74 : 95.27"
"5,75 : 34.83"
"5,76 : 57.2"
"5,77 : 17.26"
"5,78 : 52.15"
"5,79 : 9.22"
"5,80 : 75.11"
"5,81 : 97.75"
"5,82 : 68.15"
"5,83 : 8.54"
"5,84 : 96.46"
"5,85 : 68.31"
"5,86 : 20.0"
"5,87 : 36.89"
"5,88 : 42.95"
"5,89 : 5.83"
"5,90 : 28.65"
"5,91 : 56.04"
"5,92 : 87.36"
"5,93 : 27.59"
"5,94 : 14.21"
"5,95 : 55.66"
"5,96 : 79.38"
"5,97 : 44.28"
"5,98 : 66.29"
"5,99 : 65.8"
"6,0 : 61.03"
"6,1 : 37.48"
"6,2 : 71.34"
"6,3 : 56.61"
"6,4 : 36.14"
"6,5 : 70.86"
"6,6 : 0.0"
"6,7 : 79.48"
"6,8 : 106.89"
"6,9 : 103.47"
"6,10 : 15.0"
"6,11 : 55.17"
"6,12 : 91.97"
"6,13 : 42.58"
"6,14 : 72.84"
"6,15 : 61.62"
"6,16 : 25.3"
"6,17 : 67.6"
"6,18 : 100.8"
"6,19 : 69.12"
"6,20 : 71.45"
"6,21 : 110.45"
"6,22 : 96.38"
"6,23 : 32.31"
"6,24 : 66.24"
"6,25 : 95.34"
"6,26 : 72.25"
"6,27 : 86.16"
"6,28 : 36.14"
"6,29 : 9.06"
"6,30 : 76.92"
"6,31 : 43.14"
"6,32 : 42.01"
"6,33 : 67.12"
"6,34 : 70.01"
"6,35 : 52.01"
"6,36 : 51.86"
"6,37 : 78.6"
"6,38 : 48.08"
"6,39 : 59.14"
"6,40 : 95.52"
"6,41 : 66.64"
"6,42 : 89.36"
"6,43 : 82.87"
"6,44 : 80.36"
"6,45 : 16.28"
"6,46 : 60.13"
"6,47 : 83.19"
"6,48 : 92.01"
"6,49 : 80.06"
"6,50 : 87.1"
"6,51 : 90.25"
"6,52 : 99.7"
"6,53 : 78.52"
"6,54 : 88.26"
"6,55 : 101.98"
"6,56 : 20.81"
"6,57 : 3.61"
"6,58 : 62.27"
"6,59 : 39.62"
"6,60 : 93.09"
"6,61 : 62.17"
"6,62 : 47.85"
"6,63 : 71.45"
"6,64 : 86.93"
"6,65 : 88.26"
"6,66 : 36.07"
"6,67 : 89.36"
"6,68 : 66.75"
"6,69 : 73.79"
"6,70 : 40.0"
"6,71 : 86.45"
"6,72 : 65.31"
"6,73 : 20.02"
"6,74 : 80.41"
"6,75 : 93.38"
"6,76 : 50.21"
"6,77 : 53.6"
"6,78 : 77.7"
"6,79 : 76.11"
"6,80 : 91.93"
"6,81 : 75.69"
"6,82 : 102.93"
"6,83 : 78.41"
"6,84 : 88.57"
"6,85 : 105.82"
"6,86 : 54.01"
"6,87 : 40.02"
"6,88 : 28.07"
"6,89 : 66.49"
"6,90 : 45.1"
"6,91 : 31.89"
"6,92 : 86.28"
"6,93 : 51.79"
"6,94 : 61.0"
"6,95 : 67.62"
"6,96 : 77.67"
"6,97 : 93.61"
"6,98 : 55.0"
"6,99 : 44.65"
"7,0 : 44.29"
"7,1 : 47.1"
"7,2 : 91.24"
"7,3 : 23.32"
"7,4 : 43.83"
"7,5 : 94.37"
"7,6 : 79.48"
"7,7 : 0.0"
"7,8 : 50.04"
"7,9 : 73.79"
"7,10 : 75.31"
"7,11 : 35.17"
"7,12 : 34.71"
"7,13 : 38.83"
"7,14 : 76.28"
"7,15 : 37.12"
"7,16 : 66.19"
"7,17 : 75.29"
"7,18 : 31.78"
"7,19 : 80.62"
"7,20 : 33.97"
"7,21 : 53.0"
"7,22 : 21.93"
"7,23 : 62.01"
"7,24 : 51.04"
"7,25 : 105.26"
"7,26 : 90.82"
"7,27 : 6.71"
"7,28 : 83.22"
"7,29 : 70.77"
"7,30 : 8.0"
"7,31 : 43.01"
"7,32 : 42.52"
"7,33 : 56.04"
"7,34 : 32.65"
"7,35 : 37.2"
"7,36 : 34.23"
"7,37 : 43.42"
"7,38 : 89.63"
"7,39 : 76.16"
"7,40 : 86.45"
"7,41 : 54.64"
"7,42 : 54.2"
"7,43 : 4.12"
"7,44 : 6.71"
"7,45 : 86.68"
"7,46 : 28.65"
"7,47 : 57.63"
"7,48 : 96.43"
"7,49 : 58.05"
"7,50 : 78.49"
"7,51 : 76.58"
"7,52 : 42.19"
"7,53 : 30.23"
"7,54 : 9.06"
"7,55 : 39.05"
"7,56 : 63.15"
"7,57 : 83.01"
"7,58 : 49.74"
"7,59 : 45.04"
"7,60 : 30.07"
"7,61 : 69.77"
"7,62 : 84.93"
"7,63 : 92.13"
"7,64 : 64.82"
"7,65 : 9.06"
"7,66 : 49.09"
"7,67 : 54.2"
"7,68 : 91.79"
"7,69 : 8.94"
"7,70 : 44.69"
"7,71 : 39.81"
"7,72 : 15.03"
"7,73 : 75.54"
"7,74 : 1.0"
"7,75 : 85.63"
"7,76 : 39.62"
"7,77 : 85.44"
"7,78 : 49.58"
"7,79 : 91.07"
"7,80 : 38.33"
"7,81 : 9.06"
"7,82 : 61.03"
"7,83 : 95.52"
"7,84 : 10.82"
"7,85 : 65.15"
"7,86 : 77.16"
"7,87 : 65.76"
"7,88 : 76.01"
"7,89 : 95.08"
"7,90 : 72.78"
"7,91 : 53.24"
"7,92 : 17.03"
"7,93 : 68.62"
"7,94 : 80.62"
"7,95 : 40.0"
"7,96 : 18.03"
"7,97 : 75.0"
"7,98 : 30.27"
"7,99 : 37.22"
"8,0 : 47.01"
"8,1 : 69.53"
"8,2 : 79.4"
"8,3 : 64.56"
"8,4 : 79.18"
"8,5 : 83.49"
"8,6 : 106.89"
"8,7 : 50.04"
"8,8 : 0.0"
"8,9 : 34.89"
"8,10 : 96.33"
"8,11 : 52.01"
"8,12 : 16.76"
"8,13 : 78.0"
"8,14 : 61.4"
"8,15 : 45.28"
"8,16 : 84.39"
"8,17 : 64.13"
"8,18 : 21.02"
"8,19 : 68.73"
"8,20 : 35.47"
"8,21 : 3.61"
"8,22 : 31.95"
"8,23 : 77.47"
"8,24 : 45.18"
"8,25 : 81.58"
"8,26 : 78.31"
"8,27 : 47.68"
"8,28 : 92.18"
"8,29 : 100.26"
"8,30 : 58.03"
"8,31 : 63.89"
"8,32 : 83.57"
"8,33 : 47.54"
"8,34 : 37.01"
"8,35 : 82.46"
"8,36 : 56.04"
"8,37 : 29.68"
"8,38 : 92.11"
"8,39 : 70.88"
"8,40 : 57.01"
"8,41 : 47.01"
"8,42 : 25.18"
"8,43 : 51.35"
"8,44 : 56.22"
"8,45 : 106.67"
"8,46 : 75.95"
"8,47 : 34.37"
"8,48 : 72.18"
"8,49 : 37.66"
"8,50 : 53.34"
"8,51 : 48.66"
"8,52 : 8.25"
"8,53 : 29.15"
"8,54 : 50.22"
"8,55 : 11.7"
"8,56 : 86.28"
"8,57 : 110.39"
"8,58 : 48.02"
"8,59 : 67.48"
"8,60 : 20.0"
"8,61 : 62.64"
"8,62 : 87.09"
"8,63 : 80.4"
"8,64 : 38.01"
"8,65 : 50.22"
"8,66 : 70.84"
"8,67 : 25.18"
"8,68 : 83.02"
"8,69 : 46.39"
"8,70 : 85.23"
"8,71 : 20.52"
"8,72 : 52.63"
"8,73 : 93.86"
"8,74 : 50.09"
"8,75 : 57.49"
"8,76 : 56.73"
"8,77 : 84.12"
"8,78 : 33.62"
"8,79 : 76.06"
"8,80 : 15.26"
"8,81 : 59.01"
"8,82 : 18.79"
"8,83 : 80.01"
"8,84 : 41.77"
"8,85 : 21.63"
"8,86 : 75.27"
"8,87 : 74.63"
"8,88 : 89.87"
"8,89 : 87.13"
"8,90 : 76.92"
"8,91 : 75.01"
"8,92 : 33.02"
"8,93 : 68.94"
"8,94 : 74.22"
"8,95 : 39.7"
"8,96 : 35.9"
"8,97 : 44.15"
"8,98 : 53.85"
"8,99 : 64.35"
"9,0 : 45.4"
"9,1 : 70.41"
"9,2 : 53.67"
"9,3 : 79.08"
"9,4 : 86.21"
"9,5 : 57.7"
"9,6 : 103.47"
"9,7 : 73.79"
"9,8 : 34.89"
"9,9 : 0.0"
"9,10 : 89.89"
"9,11 : 57.01"
"9,12 : 41.23"
"9,13 : 88.01"
"9,14 : 37.8"
"9,15 : 49.0"
"9,16 : 78.29"
"9,17 : 42.52"
"9,18 : 53.15"
"9,19 : 45.22"
"9,20 : 43.74"
"9,21 : 35.47"
"9,22 : 62.29"
"9,23 : 71.18"
"9,24 : 38.08"
"9,25 : 49.0"
"9,26 : 52.33"
"9,27 : 74.09"
"9,28 : 78.1"
"9,29 : 99.3"
"9,30 : 81.02"
"9,31 : 65.76"
"9,32 : 94.01"
"9,33 : 36.4"
"9,34 : 45.71"
"9,35 : 96.63"
"9,36 : 62.01"
"9,37 : 32.56"
"9,38 : 73.66"
"9,39 : 51.62"
"9,40 : 24.02"
"9,41 : 37.0"
"9,42 : 19.92"
"9,43 : 76.54"
"9,44 : 80.5"
"9,45 : 97.94"
"9,46 : 92.96"
"9,47 : 21.21"
"9,48 : 40.11"
"9,49 : 23.77"
"9,50 : 24.17"
"9,51 : 18.79"
"9,52 : 37.64"
"9,53 : 44.01"
"9,54 : 77.39"
"9,55 : 44.2"
"9,56 : 83.22"
"9,57 : 106.51"
"9,58 : 42.2"
"9,59 : 69.05"
"9,60 : 47.51"
"9,61 : 44.69"
"9,62 : 69.31"
"9,63 : 54.56"
"9,64 : 16.55"
"9,65 : 77.39"
"9,66 : 70.83"
"9,67 : 19.92"
"9,68 : 58.67"
"9,69 : 66.85"
"9,70 : 95.01"
"9,71 : 34.0"
"9,72 : 69.38"
"9,73 : 85.96"
"9,74 : 74.24"
"9,75 : 25.18"
"9,76 : 59.3"
"9,77 : 64.54"
"9,78 : 29.0"
"9,79 : 48.85"
"9,80 : 37.01"
"9,81 : 81.54"
"9,82 : 16.12"
"9,83 : 51.87"
"9,84 : 69.07"
"9,85 : 13.6"
"9,86 : 57.28"
"9,87 : 64.5"
"9,88 : 79.61"
"9,89 : 62.65"
"9,90 : 62.8"
"9,91 : 73.76"
"9,92 : 58.52"
"9,93 : 54.41"
"9,94 : 53.26"
"9,95 : 42.01"
"9,96 : 55.95"
"9,97 : 13.42"
"9,98 : 62.07"
"9,99 : 70.11"
"10,0 : 49.5"
"10,1 : 29.15"
"10,2 : 56.44"
"10,3 : 54.04"
"10,4 : 35.51"
"10,5 : 56.09"
"10,6 : 15.0"
"10,7 : 75.31"
"10,8 : 96.33"
"10,9 : 89.89"
"10,10 : 0.0"
"10,11 : 46.14"
"10,12 : 82.42"
"10,13 : 42.76"
"10,14 : 58.05"
"10,15 : 51.4"
"10,16 : 12.04"
"10,17 : 52.77"
"10,18 : 92.66"
"10,19 : 54.15"
"10,20 : 61.4"
"10,21 : 99.82"
"10,22 : 89.69"
"10,23 : 19.21"
"10,24 : 53.6"
"10,25 : 80.4"
"10,26 : 57.31"
"10,27 : 81.79"
"10,28 : 21.93"
"10,29 : 16.64"
"10,30 : 74.24"
"10,31 : 34.44"
"10,32 : 44.27"
"10,33 : 53.85"
"10,34 : 60.22"
"10,35 : 54.41"
"10,36 : 43.86"
"10,37 : 67.18"
"10,38 : 34.01"
"10,39 : 44.18"
"10,40 : 80.81"
"10,41 : 53.54"
"10,42 : 77.01"
"10,43 : 79.08"
"10,44 : 77.41"
"10,45 : 11.4"
"10,46 : 61.0"
"10,47 : 70.18"
"10,48 : 77.01"
"10,49 : 66.89"
"10,50 : 72.53"
"10,51 : 75.89"
"10,52 : 89.64"
"10,53 : 69.07"
"10,54 : 84.34"
"10,55 : 92.66"
"10,56 : 12.17"
"10,57 : 17.26"
"10,58 : 49.82"
"10,59 : 31.38"
"10,60 : 84.38"
"10,61 : 47.54"
"10,62 : 33.24"
"10,63 : 56.57"
"10,64 : 73.36"
"10,65 : 84.34"
"10,66 : 27.31"
"10,67 : 77.01"
"10,68 : 51.97"
"10,69 : 68.41"
"10,70 : 42.72"
"10,71 : 75.82"
"10,72 : 60.42"
"10,73 : 5.1"
"10,74 : 76.3"
"10,75 : 78.64"
"10,76 : 40.82"
"10,77 : 38.83"
"10,78 : 65.44"
"10,79 : 61.13"
"10,80 : 81.84"
"10,81 : 73.17"
"10,82 : 90.6"
"10,83 : 63.51"
"10,84 : 83.24"
"10,85 : 93.23"
"10,86 : 39.01"
"10,87 : 25.63"
"10,88 : 13.15"
"10,89 : 51.92"
"10,90 : 30.15"
"10,91 : 22.85"
"10,92 : 79.31"
"10,93 : 37.11"
"10,94 : 46.0"
"10,95 : 56.64"
"10,96 : 70.26"
"10,97 : 79.48"
"10,98 : 47.54"
"10,99 : 38.33"
"11,0 : 13.0"
"11,1 : 17.69"
"11,2 : 57.43"
"11,3 : 25.24"
"11,4 : 29.43"
"11,5 : 60.21"
"11,6 : 55.17"
"11,7 : 35.17"
"11,8 : 52.01"
"11,9 : 57.01"
"11,10 : 46.14"
"11,11 : 0.0"
"11,12 : 36.8"
"11,13 : 31.06"
"11,14 : 44.69"
"11,15 : 8.06"
"11,16 : 34.93"
"11,17 : 42.45"
"11,18 : 46.53"
"11,19 : 47.51"
"11,20 : 16.64"
"11,21 : 55.61"
"11,22 : 44.38"
"11,23 : 29.12"
"11,24 : 21.54"
"11,25 : 74.52"
"11,26 : 57.2"
"11,27 : 40.45"
"11,28 : 49.09"
"11,29 : 48.27"
"11,30 : 38.01"
"11,31 : 12.04"
"11,32 : 37.05"
"11,33 : 25.94"
"11,34 : 15.0"
"11,35 : 40.8"
"11,36 : 5.0"
"11,37 : 25.96"
"11,38 : 54.59"
"11,39 : 41.68"
"11,40 : 60.54"
"11,41 : 24.6"
"11,42 : 38.64"
"11,43 : 39.29"
"11,44 : 39.92"
"11,45 : 57.25"
"11,46 : 39.45"
"11,47 : 36.06"
"11,48 : 66.61"
"11,49 : 34.37"
"11,50 : 51.48"
"11,51 : 51.55"
"11,52 : 44.6"
"11,53 : 23.35"
"11,54 : 43.74"
"11,55 : 46.86"
"11,56 : 35.0"
"11,57 : 58.73"
"11,58 : 18.36"
"11,59 : 15.56"
"11,60 : 38.28"
"11,61 : 36.24"
"11,62 : 49.82"
"11,63 : 58.25"
"11,64 : 42.43"
"11,65 : 43.74"
"11,66 : 19.21"
"11,67 : 38.64"
"11,68 : 57.31"
"11,69 : 26.48"
"11,70 : 38.0"
"11,71 : 31.91"
"11,72 : 21.47"
"11,73 : 44.78"
"11,74 : 36.14"
"11,75 : 59.09"
"11,76 : 5.39"
"11,77 : 50.29"
"11,78 : 28.02"
"11,79 : 58.14"
"11,80 : 36.88"
"11,81 : 37.59"
"11,82 : 51.24"
"11,83 : 62.48"
"11,84 : 40.0"
"11,85 : 54.82"
"11,86 : 42.15"
"11,87 : 31.02"
"11,88 : 43.17"
"11,89 : 60.37"
"11,90 : 37.66"
"11,91 : 23.6"
"11,92 : 33.96"
"11,93 : 33.62"
"11,94 : 46.14"
"11,95 : 15.13"
"11,96 : 24.74"
"11,97 : 52.17"
"11,98 : 6.4"
"11,99 : 13.34"
"12,0 : 34.54"
"12,1 : 54.49"
"12,2 : 74.43"
"12,3 : 47.8"
"12,4 : 62.77"
"12,5 : 78.31"
"12,6 : 91.97"
"12,7 : 34.71"
"12,8 : 16.76"
"12,9 : 41.23"
"12,10 : 82.42"
"12,11 : 36.8"
"12,12 : 0.0"
"12,13 : 61.33"
"12,14 : 56.72"
"12,15 : 31.06"
"12,16 : 70.72"
"12,17 : 58.14"
"12,18 : 14.32"
"12,19 : 63.29"
"12,20 : 21.1"
"12,21 : 20.25"
"12,22 : 21.26"
"12,23 : 64.14"
"12,24 : 35.36"
"12,25 : 81.54"
"12,26 : 73.55"
"12,27 : 33.62"
"12,28 : 80.99"
"12,29 : 84.9"
"12,30 : 42.58"
"12,31 : 48.84"
"12,32 : 66.85"
"12,33 : 39.05"
"12,34 : 22.2"
"12,35 : 65.73"
"12,36 : 40.36"
"12,37 : 20.0"
"12,38 : 82.76"
"12,39 : 63.13"
"12,40 : 58.83"
"12,41 : 38.12"
"12,42 : 23.85"
"12,43 : 36.69"
"12,44 : 41.23"
"12,45 : 93.19"
"12,46 : 59.41"
"12,47 : 31.02"
"12,48 : 72.09"
"12,49 : 33.24"
"12,50 : 52.8"
"12,51 : 49.24"
"12,52 : 8.54"
"12,53 : 13.45"
"12,54 : 36.67"
"12,55 : 10.3"
"12,56 : 71.7"
"12,57 : 95.52"
"12,58 : 37.11"
"12,59 : 52.35"
"12,60 : 6.4"
"12,61 : 55.04"
"12,62 : 77.67"
"12,63 : 75.43"
"12,64 : 37.12"
"12,65 : 36.67"
"12,66 : 55.97"
"12,67 : 23.85"
"12,68 : 77.06"
"12,69 : 30.02"
"12,70 : 68.54"
"12,71 : 10.2"
"12,72 : 35.9"
"12,73 : 80.45"
"12,74 : 34.93"
"12,75 : 58.67"
"12,76 : 41.87"
"12,77 : 75.66"
"12,78 : 26.17"
"12,79 : 72.18"
"12,80 : 4.24"
"12,81 : 43.42"
"12,82 : 26.83"
"12,83 : 76.49"
"12,84 : 28.18"
"12,85 : 30.87"
"12,86 : 66.61"
"12,87 : 62.77"
"12,88 : 77.37"
"12,89 : 81.02"
"12,90 : 66.48"
"12,91 : 60.31"
"12,92 : 18.03"
"12,93 : 59.23"
"12,94 : 67.03"
"12,95 : 26.93"
"12,96 : 19.24"
"12,97 : 46.04"
"12,98 : 37.8"
"12,99 : 48.41"
"13,0 : 43.57"
"13,1 : 24.21"
"13,2 : 80.6"
"13,3 : 15.62"
"13,4 : 7.28"
"13,5 : 82.33"
"13,6 : 42.58"
"13,7 : 38.83"
"13,8 : 78.0"
"13,9 : 88.01"
"13,10 : 42.76"
"13,11 : 31.06"
"13,12 : 61.33"
"13,13 : 0.0"
"13,14 : 72.01"
"13,15 : 39.01"
"13,16 : 38.01"
"13,17 : 68.48"
"13,18 : 65.8"
"13,19 : 72.72"
"13,20 : 45.54"
"13,21 : 81.54"
"13,22 : 58.69"
"13,23 : 37.8"
"13,24 : 51.97"
"13,25 : 101.21"
"13,26 : 80.8"
"13,27 : 45.49"
"13,28 : 58.18"
"13,29 : 33.54"
"13,30 : 34.93"
"13,31 : 25.5"
"13,32 : 6.0"
"13,33 : 55.79"
"13,34 : 43.57"
"13,35 : 12.81"
"13,36 : 26.08"
"13,37 : 56.22"
"13,38 : 68.24"
"13,39 : 64.4"
"13,40 : 90.52"
"13,41 : 54.57"
"13,42 : 69.18"
"13,43 : 41.68"
"13,44 : 38.48"
"13,45 : 53.24"
"13,46 : 18.25"
"13,47 : 67.12"
"13,48 : 94.37"
"13,49 : 65.38"
"13,50 : 81.32"
"13,51 : 82.0"
"13,52 : 69.86"
"13,53 : 49.34"
"13,54 : 47.01"
"13,55 : 69.84"
"13,56 : 31.62"
"13,57 : 45.89"
"13,58 : 48.27"
"13,59 : 23.85"
"13,60 : 60.03"
"13,61 : 61.77"
"13,62 : 64.82"
"13,63 : 81.22"
"13,64 : 73.44"
"13,65 : 47.01"
"13,66 : 25.5"
"13,67 : 69.18"
"13,68 : 78.64"
"13,69 : 35.38"
"13,70 : 7.28"
"13,71 : 59.91"
"13,72 : 27.02"
"13,73 : 44.92"
"13,74 : 39.66"
"13,75 : 88.89"
"13,76 : 29.83"
"13,77 : 67.94"
"13,78 : 59.01"
"13,79 : 82.93"
"13,80 : 62.97"
"13,81 : 33.62"
"13,82 : 81.05"
"13,83 : 86.84"
"13,84 : 49.04"
"13,85 : 84.85"
"13,86 : 62.37"
"13,87 : 45.97"
"13,88 : 48.75"
"13,89 : 80.62"
"13,90 : 54.45"
"13,91 : 27.02"
"13,92 : 49.82"
"13,93 : 55.0"
"13,94 : 68.41"
"13,95 : 46.0"
"13,96 : 43.05"
"13,97 : 83.02"
"13,98 : 26.08"
"13,99 : 18.68"
"14,0 : 32.56"
"14,1 : 48.7"
"14,2 : 18.03"
"14,3 : 69.81"
"14,4 : 67.42"
"14,5 : 22.09"
"14,6 : 72.84"
"14,7 : 76.28"
"14,8 : 61.4"
"14,9 : 37.8"
"14,10 : 58.05"
"14,11 : 44.69"
"14,12 : 56.72"
"14,13 : 72.01"
"14,14 : 0.0"
"14,15 : 39.7"
"14,16 : 48.09"
"14,17 : 5.39"
"14,18 : 71.02"
"14,19 : 7.62"
"14,20 : 42.94"
"14,21 : 63.79"
"14,22 : 75.58"
"14,23 : 42.01"
"14,24 : 25.24"
"14,25 : 29.83"
"14,26 : 17.0"
"14,27 : 79.76"
"14,28 : 42.06"
"14,29 : 71.03"
"14,30 : 81.06"
"14,31 : 46.52"
"14,32 : 77.47"
"14,33 : 20.25"
"14,34 : 43.91"
"14,35 : 83.73"
"14,36 : 48.6"
"14,37 : 37.11"
"14,38 : 36.07"
"14,39 : 14.76"
"14,40 : 22.8"
"14,41 : 21.63"
"14,42 : 36.22"
"14,43 : 80.16"
"14,44 : 82.2"
"14,45 : 63.91"
"14,46 : 83.82"
"14,47 : 27.07"
"14,48 : 22.36"
"14,49 : 24.0"
"14,50 : 15.26"
"14,51 : 19.85"
"14,52 : 59.01"
"14,53 : 49.4"
"14,54 : 83.35"
"14,55 : 65.12"
"14,56 : 55.01"
"14,57 : 75.31"
"14,58 : 26.91"
"14,59 : 48.47"
"14,60 : 62.37"
"14,61 : 11.05"
"14,62 : 32.02"
"14,63 : 19.03"
"14,64 : 24.35"
"14,65 : 83.35"
"14,66 : 48.08"
"14,67 : 36.22"
"14,68 : 21.84"
"14,69 : 67.42"
"14,70 : 77.62"
"14,71 : 46.53"
"14,72 : 65.12"
"14,73 : 53.37"
"14,74 : 77.1"
"14,75 : 20.62"
"14,76 : 43.27"
"14,77 : 26.87"
"14,78 : 30.59"
"14,79 : 15.52"
"14,80 : 53.34"
"14,81 : 80.92"
"14,82 : 46.49"
"14,83 : 19.92"
"14,84 : 76.92"
"14,85 : 47.01"
"14,86 : 20.59"
"14,87 : 33.06"
"14,88 : 45.88"
"14,89 : 25.96"
"14,90 : 28.16"
"14,91 : 49.03"
"14,92 : 67.23"
"14,93 : 21.1"
"14,94 : 15.56"
"14,95 : 36.36"
"14,96 : 59.94"
"14,97 : 24.76"
"14,98 : 51.09"
"14,99 : 53.71"
"15,0 : 7.21"
"15,1 : 24.41"
"15,2 : 54.12"
"15,3 : 31.78"
"15,4 : 37.48"
"15,5 : 57.27"
"15,6 : 61.62"
"15,7 : 37.12"
"15,8 : 45.28"
"15,9 : 49.0"
"15,10 : 51.4"
"15,11 : 8.06"
"15,12 : 31.06"
"15,13 : 39.01"
"15,14 : 39.7"
"15,15 : 0.0"
"15,16 : 39.66"
"15,17 : 38.28"
"15,18 : 42.38"
"15,19 : 43.57"
"15,20 : 10.0"
"15,21 : 48.84"
"15,22 : 42.11"
"15,23 : 33.12"
"15,24 : 15.0"
"15,25 : 69.3"
"15,26 : 53.71"
"15,27 : 41.44"
"15,28 : 51.2"
"15,29 : 55.22"
"15,30 : 41.4"
"15,31 : 18.87"
"15,32 : 45.01"
"15,33 : 19.85"
"15,34 : 8.94"
"15,35 : 48.27"
"15,36 : 13.04"
"15,37 : 18.03"
"15,38 : 55.0"
"15,39 : 39.22"
"15,40 : 53.67"
"15,41 : 18.44"
"15,42 : 30.59"
"15,43 : 41.15"
"15,44 : 42.72"
"15,45 : 62.13"
"15,46 : 46.1"
"15,47 : 28.16"
"15,48 : 60.96"
"15,49 : 26.68"
"15,50 : 44.78"
"15,51 : 44.38"
"15,52 : 38.29"
"15,53 : 17.89"
"15,54 : 44.94"
"15,55 : 41.34"
"15,56 : 41.01"
"15,57 : 65.12"
"15,58 : 12.81"
"15,59 : 22.47"
"15,60 : 33.62"
"15,61 : 32.65"
"15,62 : 50.01"
"15,63 : 55.01"
"15,64 : 34.71"
"15,65 : 44.94"
"15,66 : 25.61"
"15,67 : 30.59"
"15,68 : 54.78"
"15,69 : 28.18"
"15,70 : 46.01"
"15,71 : 24.84"
"15,72 : 25.46"
"15,73 : 49.4"
"15,74 : 38.01"
"15,75 : 52.35"
"15,76 : 11.66"
"15,77 : 49.5"
"15,78 : 20.0"
"15,79 : 54.08"
"15,80 : 30.48"
"15,81 : 41.23"
"15,82 : 43.32"
"15,83 : 58.52"
"15,84 : 39.81"
"15,85 : 46.84"
"15,86 : 40.79"
"15,87 : 32.76"
"15,88 : 46.62"
"15,89 : 58.19"
"15,90 : 38.01"
"15,91 : 29.73"
"15,92 : 32.0"
"15,93 : 32.39"
"15,94 : 43.66"
"15,95 : 7.07"
"15,96 : 23.09"
"15,97 : 44.64"
"15,98 : 13.34"
"15,99 : 21.38"
"16,0 : 37.48"
"16,1 : 19.1"
"16,2 : 49.34"
"16,3 : 46.53"
"16,4 : 30.89"
"16,5 : 49.77"
"16,6 : 25.3"
"16,7 : 66.19"
"16,8 : 84.39"
"16,9 : 78.29"
"16,10 : 12.04"
"16,11 : 34.93"
"16,12 : 70.72"
"16,13 : 38.01"
"16,14 : 48.09"
"16,15 : 39.66"
"16,16 : 0.0"
"16,17 : 43.01"
"16,18 : 81.39"
"16,19 : 45.18"
"16,20 : 49.65"
"16,21 : 87.86"
"16,22 : 79.06"
"16,23 : 7.21"
"16,24 : 41.62"
"16,25 : 72.78"
"16,26 : 50.0"
"16,27 : 72.44"
"16,28 : 20.25"
"16,29 : 23.02"
"16,30 : 66.07"
"16,31 : 23.77"
"16,32 : 41.05"
"16,33 : 42.06"
"16,34 : 48.55"
"16,35 : 50.61"
"16,36 : 33.24"
"16,37 : 55.15"
"16,38 : 31.11"
"16,39 : 35.23"
"16,40 : 70.58"
"16,41 : 41.68"
"16,42 : 65.0"
"16,43 : 70.11"
"16,44 : 69.01"
"16,45 : 22.47"
"16,46 : 55.71"
"16,47 : 58.31"
"16,48 : 68.36"
"16,49 : 55.07"
"16,50 : 61.98"
"16,51 : 65.0"
"16,52 : 77.8"
"16,53 : 57.45"
"16,54 : 75.24"
"16,55 : 80.99"
"16,56 : 8.06"
"16,57 : 28.23"
"16,58 : 37.8"
"16,59 : 21.21"
"16,60 : 72.95"
"16,61 : 37.22"
"16,62 : 28.6"
"16,63 : 49.65"
"16,64 : 61.74"
"16,65 : 75.24"
"16,66 : 17.12"
"16,67 : 65.0"
"16,68 : 45.69"
"16,69 : 58.69"
"16,70 : 40.0"
"16,71 : 63.89"
"16,72 : 51.16"
"16,73 : 9.85"
"16,74 : 67.19"
"16,75 : 68.47"
"16,76 : 29.55"
"16,77 : 33.12"
"16,78 : 53.41"
"16,79 : 53.37"
"16,80 : 70.0"
"16,81 : 65.12"
"16,82 : 78.6"
"16,83 : 56.32"
"16,84 : 73.35"
"16,85 : 81.27"
"16,86 : 30.81"
"16,87 : 15.03"
"16,88 : 10.77"
"16,89 : 46.53"
"16,90 : 21.59"
"16,91 : 13.0"
"16,92 : 68.62"
"16,93 : 27.02"
"16,94 : 37.85"
"16,95 : 44.69"
"16,96 : 59.46"
"16,97 : 68.31"
"16,98 : 37.11"
"16,99 : 29.02"
"17,0 : 31.06"
"17,1 : 44.78"
"17,2 : 16.49"
"17,3 : 67.27"
"17,4 : 63.56"
"17,5 : 20.22"
"17,6 : 67.6"
"17,7 : 75.29"
"17,8 : 64.13"
"17,9 : 42.52"
"17,10 : 52.77"
"17,11 : 42.45"
"17,12 : 58.14"
"17,13 : 68.48"
"17,14 : 5.39"
"17,15 : 38.28"
"17,16 : 43.01"
"17,17 : 0.0"
"17,18 : 72.34"
"17,19 : 5.39"
"17,20 : 42.72"
"17,21 : 66.71"
"17,22 : 76.16"
"17,23 : 37.12"
"17,24 : 24.7"
"17,25 : 32.76"
"17,26 : 15.81"
"17,27 : 79.16"
"17,28 : 36.72"
"17,29 : 66.0"
"17,30 : 79.63"
"17,31 : 43.05"
"17,32 : 73.79"
"17,33 : 19.92"
"17,34 : 43.46"
"17,35 : 80.45"
"17,36 : 46.01"
"17,37 : 38.21"
"17,38 : 31.14"
"17,39 : 9.43"
"17,40 : 28.16"
"17,41 : 21.19"
"17,42 : 39.05"
"17,43 : 79.26"
"17,44 : 80.99"
"17,45 : 58.52"
"17,46 : 81.06"
"17,47 : 29.83"
"17,48 : 26.25"
"17,49 : 26.48"
"17,50 : 20.59"
"17,51 : 25.0"
"17,52 : 61.13"
"17,53 : 49.73"
"17,54 : 82.73"
"17,55 : 67.01"
"17,56 : 50.09"
"17,57 : 70.04"
"17,58 : 25.55"
"17,59 : 44.72"
"17,60 : 63.51"
"17,61 : 6.71"
"17,62 : 26.91"
"17,63 : 17.46"
"17,64 : 28.18"
"17,65 : 82.73"
"17,66 : 44.01"
"17,67 : 39.05"
"17,68 : 19.03"
"17,69 : 66.37"
"17,70 : 73.82"
"17,71 : 48.04"
"17,72 : 63.41"
"17,73 : 48.05"
"17,74 : 76.16"
"17,75 : 25.96"
"17,76 : 40.46"
"17,77 : 22.02"
"17,78 : 32.02"
"17,79 : 15.81"
"17,80 : 55.01"
"17,81 : 79.4"
"17,82 : 50.16"
"17,83 : 20.25"
"17,84 : 76.69"
"17,85 : 51.0"
"17,86 : 15.26"
"17,87 : 28.0"
"17,88 : 40.52"
"17,89 : 23.09"
"17,90 : 22.8"
"17,91 : 44.64"
"17,92 : 67.36"
"17,93 : 16.0"
"17,94 : 10.82"
"17,95 : 35.85"
"17,96 : 59.62"
"17,97 : 29.73"
"17,98 : 48.8"
"17,99 : 50.48"
"18,0 : 47.07"
"18,1 : 63.81"
"18,2 : 88.68"
"18,3 : 50.77"
"18,4 : 68.68"
"18,5 : 92.54"
"18,6 : 100.8"
"18,7 : 31.78"
"18,8 : 21.02"
"18,9 : 53.15"
"18,10 : 92.66"
"18,11 : 46.53"
"18,12 : 14.32"
"18,13 : 65.8"
"18,14 : 71.02"
"18,15 : 42.38"
"18,16 : 81.39"
"18,17 : 72.34"
"18,18 : 0.0"
"18,19 : 77.52"
"18,20 : 32.98"
"18,21 : 23.09"
"18,22 : 11.18"
"18,23 : 75.24"
"18,24 : 49.04"
"18,25 : 95.63"
"18,26 : 87.82"
"18,27 : 28.02"
"18,28 : 93.41"
"18,29 : 93.09"
"18,30 : 39.62"
"18,31 : 58.31"
"18,32 : 70.72"
"18,33 : 53.01"
"18,34 : 33.53"
"18,35 : 67.54"
"18,36 : 49.09"
"18,37 : 34.13"
"18,38 : 96.03"
"18,39 : 77.01"
"18,40 : 72.47"
"18,41 : 52.0"
"18,42 : 37.58"
"18,43 : 32.14"
"18,44 : 37.22"
"18,45 : 103.77"
"18,46 : 59.81"
"18,47 : 45.22"
"18,48 : 86.16"
"18,49 : 47.54"
"18,50 : 66.85"
"18,51 : 63.07"
"18,52 : 15.56"
"18,53 : 24.74"
"18,54 : 30.07"
"18,55 : 9.43"
"18,56 : 81.3"
"18,57 : 104.4"
"18,58 : 50.36"
"18,59 : 61.59"
"18,60 : 9.06"
"18,61 : 69.01"
"18,62 : 90.93"
"18,63 : 89.68"
"18,64 : 51.08"
"18,65 : 30.07"
"18,66 : 65.51"
"18,67 : 37.58"
"18,68 : 91.2"
"18,69 : 30.89"
"18,70 : 72.67"
"18,71 : 24.52"
"18,72 : 38.83"
"18,73 : 91.24"
"18,74 : 31.58"
"18,75 : 72.45"
"18,76 : 51.88"
"18,77 : 89.27"
"18,78 : 40.45"
"18,79 : 86.49"
"18,80 : 18.03"
"18,81 : 40.79"
"18,82 : 37.48"
"18,83 : 90.8"
"18,84 : 22.02"
"18,85 : 41.11"
"18,86 : 80.22"
"18,87 : 75.0"
"18,88 : 88.96"
"18,89 : 95.13"
"18,90 : 79.43"
"18,91 : 69.97"
"18,92 : 16.12"
"18,93 : 72.56"
"18,94 : 81.01"
"18,95 : 39.62"
"18,96 : 23.35"
"18,97 : 59.54"
"18,98 : 45.8"
"18,99 : 56.22"
"19,0 : 36.36"
"19,1 : 48.76"
"19,2 : 11.18"
"19,3 : 72.14"
"19,4 : 67.54"
"19,5 : 15.03"
"19,6 : 69.12"
"19,7 : 80.62"
"19,8 : 68.73"
"19,9 : 45.22"
"19,10 : 54.15"
"19,11 : 47.51"
"19,12 : 63.29"
"19,13 : 72.72"
"19,14 : 7.62"
"19,15 : 43.57"
"19,16 : 45.18"
"19,17 : 5.39"
"19,18 : 77.52"
"19,19 : 0.0"
"19,20 : 48.1"
"19,21 : 71.2"
"19,22 : 81.49"
"19,23 : 39.81"
"19,24 : 30.08"
"19,25 : 28.64"
"19,26 : 10.44"
"19,27 : 84.53"
"19,28 : 36.4"
"19,29 : 68.18"
"19,30 : 84.88"
"19,31 : 47.43"
"19,32 : 77.9"
"19,33 : 25.3"
"19,34 : 48.85"
"19,35 : 84.88"
"19,36 : 50.91"
"19,37 : 43.42"
"19,38 : 29.21"
"19,39 : 10.0"
"19,40 : 28.18"
"19,41 : 26.57"
"19,42 : 43.57"
"19,43 : 84.6"
"19,44 : 86.28"
"19,45 : 58.94"
"19,46 : 85.8"
"19,47 : 34.37"
"19,48 : 23.19"
"19,49 : 31.14"
"19,50 : 21.93"
"19,51 : 26.91"
"19,52 : 66.03"
"19,53 : 55.08"
"19,54 : 88.1"
"19,55 : 72.01"
"19,56 : 52.61"
"19,57 : 71.34"
"19,58 : 30.89"
"19,59 : 48.88"
"19,60 : 68.73"
"19,61 : 11.31"
"19,62 : 25.55"
"19,63 : 12.17"
"19,64 : 31.95"
"19,65 : 88.1"
"19,66 : 47.85"
"19,67 : 43.57"
"19,68 : 14.32"
"19,69 : 71.69"
"19,70 : 77.83"
"19,71 : 53.15"
"19,72 : 68.6"
"19,73 : 49.25"
"19,74 : 81.49"
"19,75 : 25.94"
"19,76 : 45.28"
"19,77 : 20.0"
"19,78 : 37.12"
"19,79 : 10.63"
"19,80 : 60.07"
"19,81 : 84.63"
"19,82 : 54.08"
"19,83 : 15.0"
"19,84 : 82.08"
"19,85 : 54.63"
"19,86 : 15.3"
"19,87 : 30.41"
"19,88 : 41.44"
"19,89 : 18.44"
"19,90 : 24.02"
"19,91 : 48.1"
"19,92 : 72.73"
"19,93 : 18.68"
"19,94 : 8.94"
"19,95 : 41.23"
"19,96 : 65.0"
"19,97 : 32.02"
"19,98 : 53.81"
"19,99 : 55.0"
"20,0 : 14.14"
"20,1 : 34.06"
"20,2 : 59.14"
"20,3 : 35.36"
"20,4 : 45.22"
"20,5 : 62.64"
"20,6 : 71.45"
"20,7 : 33.97"
"20,8 : 35.47"
"20,9 : 43.74"
"20,10 : 61.4"
"20,11 : 16.64"
"20,12 : 21.1"
"20,13 : 45.54"
"20,14 : 42.94"
"20,15 : 10.0"
"20,16 : 49.65"
"20,17 : 42.72"
"20,18 : 32.98"
"20,19 : 48.1"
"20,20 : 0.0"
"20,21 : 39.05"
"20,22 : 34.13"
"20,23 : 43.05"
"20,24 : 18.03"
"20,25 : 71.4"
"20,26 : 58.52"
"20,27 : 36.89"
"20,28 : 60.44"
"20,29 : 64.82"
"20,30 : 39.82"
"20,31 : 28.43"
"20,32 : 51.48"
"20,33 : 22.85"
"20,34 : 2.0"
"20,35 : 53.08"
"20,36 : 21.02"
"20,37 : 11.18"
"20,38 : 63.29"
"20,39 : 45.54"
"20,40 : 52.8"
"20,41 : 21.54"
"20,42 : 24.08"
"20,43 : 37.64"
"20,44 : 40.31"
"20,45 : 72.11"
"20,46 : 49.24"
"20,47 : 24.6"
"20,48 : 62.48"
"20,49 : 24.41"
"20,50 : 44.6"
"20,51 : 43.01"
"20,52 : 28.32"
"20,53 : 8.25"
"20,54 : 40.5"
"20,55 : 31.38"
"20,56 : 50.93"
"20,57 : 74.97"
"20,58 : 18.11"
"20,59 : 32.02"
"20,60 : 24.04"
"20,61 : 38.08"
"20,62 : 58.22"
"20,63 : 60.08"
"20,64 : 31.76"
"20,65 : 40.5"
"20,66 : 35.38"
"20,67 : 24.08"
"20,68 : 60.64"
"20,69 : 25.5"
"20,70 : 52.77"
"20,71 : 15.26"
"20,72 : 26.0"
"20,73 : 59.36"
"20,74 : 34.71"
"20,75 : 51.86"
"20,76 : 21.26"
"20,77 : 57.01"
"20,78 : 16.12"
"20,79 : 58.18"
"20,80 : 20.52"
"20,81 : 40.0"
"20,82 : 35.51"
"20,83 : 62.65"
"20,84 : 34.01"
"20,85 : 39.32"
"20,86 : 48.04"
"20,87 : 42.06"
"20,88 : 56.36"
"20,89 : 64.33"
"20,90 : 46.53"
"20,91 : 39.6"
"20,92 : 24.74"
"20,93 : 40.01"
"20,94 : 49.82"
"20,95 : 7.07"
"20,96 : 17.0"
"20,97 : 42.06"
"20,98 : 19.65"
"20,99 : 29.55"
"21,0 : 50.45"
"21,1 : 73.11"
"21,2 : 81.74"
"21,3 : 68.01"
"21,4 : 82.76"
"21,5 : 85.84"
"21,6 : 110.45"
"21,7 : 53.0"
"21,8 : 3.61"
"21,9 : 35.47"
"21,10 : 99.82"
"21,11 : 55.61"
"21,12 : 20.25"
"21,13 : 81.54"
"21,14 : 63.79"
"21,15 : 48.84"
"21,16 : 87.86"
"21,17 : 66.71"
"21,18 : 23.09"
"21,19 : 71.2"
"21,20 : 39.05"
"21,21 : 0.0"
"21,22 : 34.21"
"21,23 : 80.92"
"21,24 : 48.37"
"21,25 : 83.02"
"21,26 : 80.62"
"21,27 : 50.36"
"21,28 : 95.38"
"21,29 : 103.86"
"21,30 : 61.0"
"21,31 : 67.48"
"21,32 : 87.09"
"21,33 : 50.57"
"21,34 : 40.61"
"21,35 : 85.87"
"21,36 : 59.64"
"21,37 : 33.02"
"21,38 : 95.08"
"21,39 : 73.68"
"21,40 : 58.25"
"21,41 : 50.09"
"21,42 : 27.66"
"21,43 : 54.15"
"21,44 : 59.08"
"21,45 : 110.11"
"21,46 : 79.25"
"21,47 : 36.88"
"21,48 : 73.68"
"21,49 : 40.26"
"21,50 : 55.08"
"21,51 : 50.25"
"21,52 : 11.7"
"21,53 : 32.76"
"21,54 : 52.77"
"21,55 : 14.14"
"21,56 : 89.83"
"21,57 : 113.95"
"21,58 : 51.31"
"21,59 : 71.06"
"21,60 : 23.09"
"21,61 : 65.46"
"21,62 : 90.08"
"21,63 : 82.73"
"21,64 : 40.05"
"21,65 : 52.77"
"21,66 : 74.41"
"21,67 : 27.66"
"21,68 : 85.51"
"21,69 : 49.65"
"21,70 : 88.77"
"21,71 : 24.04"
"21,72 : 56.04"
"21,73 : 97.31"
"21,74 : 53.01"
"21,75 : 58.86"
"21,76 : 60.31"
"21,77 : 86.98"
"21,78 : 36.67"
"21,79 : 78.23"
"21,80 : 18.87"
"21,81 : 62.01"
"21,82 : 19.65"
"21,83 : 82.1"
"21,84 : 44.41"
"21,85 : 21.93"
"21,86 : 78.19"
"21,87 : 77.94"
"21,88 : 93.23"
"21,89 : 89.63"
"21,90 : 80.06"
"21,91 : 78.57"
"21,92 : 36.01"
"21,93 : 72.01"
"21,94 : 76.92"
"21,95 : 43.19"
"21,96 : 39.29"
"21,97 : 45.54"
"21,98 : 57.45"
"21,99 : 67.96"
"22,0 : 48.01"
"22,1 : 60.54"
"22,2 : 92.65"
"22,3 : 43.19"
"22,4 : 62.48"
"22,5 : 96.32"
"22,6 : 96.38"
"22,7 : 21.93"
"22,8 : 31.95"
"22,9 : 62.29"
"22,10 : 89.69"
"22,11 : 44.38"
"22,12 : 21.26"
"22,13 : 58.69"
"22,14 : 75.58"
"22,15 : 42.11"
"22,16 : 79.06"
"22,17 : 76.16"
"22,18 : 11.18"
"22,19 : 81.49"
"22,20 : 34.13"
"22,21 : 34.21"
"22,22 : 0.0"
"22,23 : 73.5"
"22,24 : 51.79"
"22,25 : 101.97"
"22,26 : 91.92"
"22,27 : 17.26"
"22,28 : 93.06"
"22,29 : 88.2"
"22,30 : 29.41"
"22,31 : 55.36"
"22,32 : 63.13"
"22,33 : 56.29"
"22,34 : 34.01"
"22,35 : 58.83"
"22,36 : 45.88"
"22,37 : 38.63"
"22,38 : 97.05"
"22,39 : 79.63"
"22,40 : 79.88"
"22,41 : 55.11"
"22,42 : 45.0"
"22,43 : 21.59"
"22,44 : 26.68"
"22,45 : 101.02"
"22,46 : 50.54"
"22,47 : 51.48"
"22,48 : 92.59"
"22,49 : 53.23"
"22,50 : 73.43"
"22,51 : 70.18"
"22,52 : 25.55"
"22,53 : 26.48"
"22,54 : 19.0"
"22,55 : 20.25"
"22,56 : 77.88"
"22,57 : 99.98"
"22,58 : 52.24"
"22,59 : 58.31"
"22,60 : 14.87"
"22,61 : 72.01"
"22,62 : 92.02"
"22,63 : 93.62"
"22,64 : 57.98"
"22,65 : 19.0"
"22,66 : 62.39"
"22,67 : 45.0"
"22,68 : 94.54"
"22,69 : 23.35"
"22,70 : 65.19"
"22,71 : 30.53"
"22,72 : 31.89"
"22,73 : 88.87"
"22,74 : 21.54"
"22,75 : 79.61"
"22,76 : 49.73"
"22,77 : 91.09"
"22,78 : 45.31"
"22,79 : 91.09"
"22,80 : 25.5"
"22,81 : 30.68"
"22,82 : 47.2"
"22,83 : 95.51"
"22,84 : 11.4"
"22,85 : 51.04"
"22,86 : 82.15"
"22,87 : 74.67"
"22,88 : 87.56"
"22,89 : 98.31"
"22,90 : 80.1"
"22,91 : 66.85"
"22,92 : 10.44"
"22,93 : 74.03"
"22,94 : 83.86"
"22,95 : 41.19"
"22,96 : 19.65"
"22,97 : 67.2"
"22,98 : 42.15"
"22,99 : 51.88"
"23,0 : 30.48"
"23,1 : 15.52"
"23,2 : 45.19"
"23,3 : 43.97"
"23,4 : 31.14"
"23,5 : 46.14"
"23,6 : 32.31"
"23,7 : 62.01"
"23,8 : 77.47"
"23,9 : 71.18"
"23,10 : 19.21"
"23,11 : 29.12"
"23,12 : 64.14"
"23,13 : 37.8"
"23,14 : 42.01"
"23,15 : 33.12"
"23,16 : 7.21"
"23,17 : 37.12"
"23,18 : 75.24"
"23,19 : 39.81"
"23,20 : 43.05"
"23,21 : 80.92"
"23,22 : 73.5"
"23,23 : 0.0"
"23,24 : 34.41"
"23,25 : 68.01"
"23,26 : 45.69"
"23,27 : 68.03"
"23,28 : 21.59"
"23,29 : 29.15"
"23,30 : 62.65"
"23,31 : 19.0"
"23,32 : 41.73"
"23,33 : 34.89"
"23,34 : 42.06"
"23,35 : 50.61"
"23,36 : 28.16"
"23,37 : 48.1"
"23,38 : 30.53"
"23,39 : 30.08"
"23,40 : 64.2"
"23,41 : 34.48"
"23,42 : 57.8"
"23,43 : 66.03"
"23,44 : 65.38"
"23,45 : 29.21"
"23,46 : 54.59"
"23,47 : 51.11"
"23,48 : 62.97"
"23,49 : 47.89"
"23,50 : 55.44"
"23,51 : 58.25"
"23,52 : 71.03"
"23,53 : 51.0"
"23,54 : 71.0"
"23,55 : 74.43"
"23,56 : 13.0"
"23,57 : 35.34"
"23,58 : 30.61"
"23,59 : 17.26"
"23,60 : 66.64"
"23,61 : 31.0"
"23,62 : 27.02"
"23,63 : 45.62"
"23,64 : 54.63"
"23,65 : 71.0"
"23,66 : 13.6"
"23,67 : 57.8"
"23,68 : 42.19"
"23,69 : 54.08"
"23,70 : 41.04"
"23,71 : 57.01"
"23,72 : 47.04"
"23,73 : 16.4"
"23,74 : 63.01"
"23,75 : 62.13"
"23,76 : 23.77"
"23,77 : 30.48"
"23,78 : 46.23"
"23,79 : 48.7"
"23,80 : 63.25"
"23,81 : 61.81"
"23,82 : 71.4"
"23,83 : 52.0"
"23,84 : 68.47"
"23,85 : 74.06"
"23,86 : 26.4"
"23,87 : 9.49"
"23,88 : 14.14"
"23,89 : 43.6"
"23,90 : 17.49"
"23,91 : 10.82"
"23,92 : 63.06"
"23,93 : 21.21"
"23,94 : 33.24"
"23,95 : 37.8"
"23,96 : 53.85"
"23,97 : 61.4"
"23,98 : 32.14"
"23,99 : 25.5"
"24,0 : 8.54"
"24,1 : 32.39"
"24,2 : 41.11"
"24,3 : 46.53"
"24,4 : 49.09"
"24,5 : 44.64"
"24,6 : 66.24"
"24,7 : 51.04"
"24,8 : 45.18"
"24,9 : 38.08"
"24,10 : 53.6"
"24,11 : 21.54"
"24,12 : 35.36"
"24,13 : 51.97"
"24,14 : 25.24"
"24,15 : 15.0"
"24,16 : 41.62"
"24,17 : 24.7"
"24,18 : 49.04"
"24,19 : 30.08"
"24,20 : 18.03"
"24,21 : 48.37"
"24,22 : 51.79"
"24,23 : 34.41"
"24,24 : 0.0"
"24,25 : 54.49"
"24,26 : 40.5"
"24,27 : 54.59"
"24,28 : 47.01"
"24,29 : 61.47"
"24,30 : 55.97"
"24,31 : 28.02"
"24,32 : 57.87"
"24,33 : 5.0"
"24,34 : 18.79"
"24,35 : 62.3"
"24,36 : 26.25"
"24,37 : 15.81"
"24,38 : 47.54"
"24,39 : 28.02"
"24,40 : 39.0"
"24,41 : 3.61"
"24,42 : 23.43"
"24,43 : 54.92"
"24,44 : 57.01"
"24,45 : 62.97"
"24,46 : 60.83"
"24,47 : 17.09"
"24,48 : 46.01"
"24,49 : 14.32"
"24,50 : 29.97"
"24,51 : 30.08"
"24,52 : 40.16"
"24,53 : 25.32"
"24,54 : 58.18"
"24,55 : 45.12"
"24,56 : 45.62"
"24,57 : 69.46"
"24,58 : 4.12"
"24,59 : 31.14"
"24,60 : 40.01"
"24,61 : 20.22"
"24,62 : 42.45"
"24,63 : 42.06"
"24,64 : 22.09"
"24,65 : 58.18"
"24,66 : 32.76"
"24,67 : 23.43"
"24,68 : 42.76"
"24,69 : 42.2"
"24,70 : 58.55"
"24,71 : 25.96"
"24,72 : 40.36"
"24,73 : 50.33"
"24,74 : 51.87"
"24,75 : 37.58"
"24,76 : 22.2"
"24,77 : 40.31"
"24,78 : 12.04"
"24,79 : 40.25"
"24,80 : 32.98"
"24,81 : 55.9"
"24,82 : 37.01"
"24,83 : 44.72"
"24,84 : 52.0"
"24,85 : 39.66"
"24,86 : 31.26"
"24,87 : 29.83"
"24,88 : 45.34"
"24,89 : 46.53"
"24,90 : 31.78"
"24,91 : 35.74"
"24,92 : 42.72"
"24,93 : 24.04"
"24,94 : 32.14"
"24,95 : 11.18"
"24,96 : 34.93"
"24,97 : 31.14"
"24,98 : 27.73"
"24,99 : 33.38"
"25,0 : 62.24"
"25,1 : 77.37"
"25,2 : 24.02"
"25,3 : 99.64"
"25,4 : 96.15"
"25,5 : 25.18"
"25,6 : 95.34"
"25,7 : 105.26"
"25,8 : 81.58"
"25,9 : 49.0"
"25,10 : 80.4"
"25,11 : 74.52"
"25,12 : 81.54"
"25,13 : 101.21"
"25,14 : 29.83"
"25,15 : 69.3"
"25,16 : 72.78"
"25,17 : 32.76"
"25,18 : 95.63"
"25,19 : 28.64"
"25,20 : 71.4"
"25,21 : 83.02"
"25,22 : 101.97"
"25,23 : 68.01"
"25,24 : 54.49"
"25,25 : 0.0"
"25,26 : 23.09"
"25,27 : 108.23"
"25,28 : 60.01"
"25,29 : 95.52"
"25,30 : 110.45"
"25,31 : 75.8"
"25,32 : 106.47"
"25,33 : 49.52"
"25,34 : 72.62"
"25,35 : 113.21"
"25,36 : 78.41"
"25,37 : 63.63"
"25,38 : 49.37"
"25,39 : 37.95"
"25,40 : 25.02"
"25,41 : 50.93"
"25,42 : 58.19"
"25,43 : 109.02"
"25,44 : 111.4"
"25,45 : 83.05"
"25,46 : 113.6"
"25,47 : 50.57"
"25,48 : 9.49"
"25,49 : 48.76"
"25,50 : 28.79"
"25,51 : 32.98"
"25,52 : 81.61"
"25,53 : 76.85"
"25,54 : 111.83"
"25,55 : 88.23"
"25,56 : 80.52"
"25,57 : 97.13"
"25,58 : 56.59"
"25,59 : 77.41"
"25,60 : 87.73"
"25,61 : 39.45"
"25,62 : 48.01"
"25,63 : 24.0"
"25,64 : 44.6"
"25,65 : 111.83"
"25,66 : 76.49"
"25,67 : 58.19"
