x,y
58,47
3,0
87,94
19,1
6,24
41,33
47,54
92,69
24,97
9,0
27,95
85,20
64,30
44,39
78,92
14,14
8,70
67,52
0,94
53,87
12,8
86,11
68,96
29,21
79,0
61,59
18,39
0,49
14,43
78,27
69,36
81,77
52,28
17,59
25,38
73,0
31,54
48,76
16,68
69,9
84,57
14,30
46,25
78,17
31,29
87,79
15,37
46,94
96,94
86,99
72,90
34,12
74,67
2,56
79,25
70,16
25,78
2,4
16,79
11,38
59,86
23,47
6,18
21,16
89,27
29,14
83,71
68,7
88,90
62,47
16,74
88,23
88,1
88,85
94,70
74,35
37,99
33,76
15,55
90,29
12,94
26,74
99,90
42,37
75,26
27,19
64,99
14,97
23,60
33,26
85,34
50,94
37,100
14,82
33,19
26,85
37,50
79,77
89,52
66,83

Distanze
"0,0 : 0.0"
"0,1 : 49.34"
"0,2 : 11.18"
"0,3 : 70.77"
"0,4 : 69.12"
"0,5 : 32.8"
"0,6 : 77.8"
"0,7 : 65.79"
"0,8 : 79.06"
"0,9 : 58.03"
"0,10 : 28.02"
"0,11 : 13.89"
"0,12 : 26.17"
"0,13 : 11.7"
"0,14 : 43.68"
"0,15 : 47.76"
"0,16 : 55.0"
"0,17 : 40.79"
"0,18 : 34.54"
"0,19 : 10.44"
"0,20 : 27.29"
"0,21 : 28.02"
"0,22 : 36.25"
"0,23 : 56.85"
"0,24 : 48.83"
"0,25 : 30.07"
"0,26 : 65.95"
"0,27 : 63.53"
"0,28 : 22.67"
"0,29 : 51.62"
"0,30 : 24.41"
"0,31 : 49.66"
"0,32 : 9.49"
"0,33 : 10.82"
"0,34 : 36.72"
"0,35 : 71.59"
"0,36 : 60.54"
"0,37 : 50.22"
"0,38 : 34.44"
"0,39 : 27.02"
"0,40 : 48.41"
"0,41 : 11.18"
"0,42 : 48.33"
"0,43 : 51.66"
"0,44 : 40.02"
"0,45 : 41.68"
"0,46 : 34.44"
"0,47 : 66.49"
"0,48 : 51.11"
"0,49 : 62.94"
"0,50 : 13.6"
"0,51 : 26.08"
"0,52 : 37.54"
"0,53 : 17.46"
"0,54 : 59.09"
"0,55 : 16.12"
"0,56 : 34.99"
"0,57 : 22.36"
"0,58 : 12.08"
"0,59 : 31.14"
"0,60 : 36.24"
"0,61 : 71.59"
"0,62 : 58.67"
"0,63 : 46.04"
"0,64 : 46.49"
"0,65 : 64.54"
"0,66 : 17.26"
"0,67 : 51.79"
"0,68 : 45.01"
"0,69 : 65.74"
"0,70 : 63.82"
"0,71 : 25.0"
"0,72 : 35.36"
"0,73 : 17.0"
"0,74 : 63.16"
"0,75 : 39.62"
"0,76 : 34.13"
"0,77 : 36.72"
"0,78 : 34.48"
"0,79 : 20.88"
"0,80 : 9.43"
"0,81 : 16.49"
"0,82 : 48.8"
"0,83 : 41.01"
"0,84 : 38.59"
"0,85 : 36.4"
"0,86 : 34.06"
"0,87 : 11.18"
"0,88 : 26.42"
"0,89 : 35.13"
"0,90 : 33.96"
"0,91 : 47.01"
"0,92 : 36.4"
"0,93 : 39.56"
"0,94 : 48.66"
"0,95 : 12.04"
"0,96 : 44.01"
"0,97 : 40.72"
"0,98 : 30.59"
"0,99 : 43.01"
"1,0 : 49.34"
"1,1 : 0.0"
"1,2 : 42.3"
"1,3 : 90.14"
"1,4 : 93.94"
"1,5 : 80.96"
"1,6 : 47.0"
"1,7 : 83.49"
"1,8 : 50.04"
"1,9 : 65.19"
"1,10 : 24.84"
"1,11 : 35.9"
"1,12 : 28.16"
"1,13 : 59.03"
"1,14 : 93.01"
"1,15 : 69.78"
"1,16 : 102.88"
"1,17 : 46.32"
"1,18 : 76.22"
"1,19 : 58.25"
"1,20 : 22.83"
"1,21 : 49.04"
"1,22 : 85.44"
"1,23 : 31.02"
"1,24 : 14.76"
"1,25 : 51.24"
"1,26 : 35.23"
"1,27 : 44.38"
"1,28 : 30.0"
"1,29 : 53.08"
"1,30 : 61.2"
"1,31 : 92.2"
"1,32 : 39.85"
"1,33 : 59.81"
"1,34 : 15.3"
"1,35 : 52.81"
"1,36 : 86.33"
"1,37 : 98.39"
"1,38 : 16.0"
"1,39 : 75.31"
"1,40 : 80.36"
"1,41 : 38.33"
"1,42 : 35.13"
"1,43 : 69.46"
"1,44 : 44.94"
"1,45 : 71.17"
"1,46 : 16.0"
"1,47 : 78.87"
"1,48 : 91.66"
"1,49 : 29.07"
"1,50 : 38.95"
"1,51 : 74.95"
"1,52 : 85.0"
"1,53 : 62.27"
"1,54 : 45.28"
"1,55 : 39.01"
"1,56 : 79.06"
"1,57 : 27.46"
"1,58 : 42.19"
"1,59 : 78.71"
"1,60 : 75.43"
"1,61 : 49.73"
"1,62 : 40.25"
"1,63 : 31.14"
"1,64 : 30.15"
"1,65 : 58.25"
"1,66 : 32.31"
"1,67 : 52.35"
"1,68 : 56.6"
"1,69 : 47.54"
"1,70 : 91.79"
"1,71 : 48.05"
"1,72 : 35.78"
"1,73 : 39.0"
"1,74 : 48.3"
"1,75 : 86.37"
"1,76 : 18.25"
"1,77 : 36.25"
"1,78 : 14.87"
"1,79 : 53.91"
"1,80 : 42.58"
"1,81 : 32.89"
"1,82 : 51.66"
"1,83 : 87.82"
"1,84 : 69.38"
"1,85 : 85.73"
"1,86 : 82.04"
"1,87 : 52.24"
"1,88 : 24.08"
"1,89 : 70.71"
"1,90 : 83.24"
"1,91 : 16.0"
"1,92 : 84.53"
"1,93 : 85.09"
"1,94 : 23.02"
"1,95 : 60.64"
"1,96 : 88.01"
"1,97 : 37.2"
"1,98 : 77.52"
"1,99 : 6.32"
"2,0 : 11.18"
"2,1 : 42.3"
"2,2 : 0.0"
"2,3 : 64.14"
"2,4 : 63.89"
"2,5 : 43.14"
"2,6 : 66.84"
"2,7 : 58.59"
"2,8 : 68.01"
"2,9 : 48.51"
"2,10 : 25.5"
"2,11 : 7.62"
"2,12 : 16.12"
"2,13 : 17.09"
"2,14 : 51.89"
"2,15 : 40.82"
"2,16 : 65.19"
"2,17 : 30.15"
"2,18 : 45.69"
"2,19 : 16.55"
"2,20 : 22.8"
"2,21 : 34.79"
"2,22 : 45.49"
"2,23 : 46.01"
"2,24 : 39.36"
"2,25 : 21.19"
"2,26 : 55.17"
"2,27 : 52.35"
"2,28 : 13.0"
"2,29 : 41.11"
"2,30 : 21.47"
"2,31 : 51.2"
"2,32 : 8.06"
"2,33 : 21.26"
"2,34 : 28.16"
"2,35 : 60.42"
"2,36 : 55.32"
"2,37 : 60.31"
"2,38 : 26.48"
"2,39 : 33.24"
"2,40 : 44.82"
"2,41 : 7.07"
"2,42 : 49.2"
"2,43 : 43.86"
"2,44 : 29.27"
"2,45 : 36.77"
"2,46 : 26.48"
"2,47 : 58.19"
"2,48 : 51.55"
"2,49 : 52.5"
"2,50 : 16.12"
"2,51 : 33.24"
"2,52 : 48.1"
"2,53 : 28.64"
"2,54 : 47.93"
"2,55 : 5.0"
"2,56 : 46.14"
"2,57 : 15.0"
"2,58 : 1.0"
"2,59 : 41.77"
"2,60 : 35.47"
"2,61 : 60.42"
"2,62 : 47.51"
"2,63 : 35.0"
"2,64 : 46.32"
"2,65 : 53.76"
"2,66 : 13.89"
"2,67 : 41.19"
"2,68 : 35.51"
"2,69 : 54.56"
"2,70 : 59.4"
"2,71 : 15.81"
"2,72 : 37.48"
"2,73 : 5.83"
"2,74 : 52.0"
"2,75 : 44.1"
"2,76 : 25.3"
"2,77 : 38.9"
"2,78 : 28.0"
"2,79 : 30.02"
"2,80 : 2.0"
"2,81 : 12.53"
"2,82 : 53.54"
"2,83 : 51.74"
"2,84 : 33.97"
"2,85 : 44.72"
"2,86 : 39.81"
"2,87 : 10.0"
"2,88 : 18.25"
"2,89 : 45.71"
"2,90 : 42.05"
"2,91 : 43.42"
"2,92 : 46.69"
"2,93 : 43.01"
"2,94 : 46.62"
"2,95 : 19.24"
"2,96 : 46.39"
"2,97 : 29.55"
"2,98 : 35.23"
"2,99 : 36.12"
"3,0 : 70.77"
"3,1 : 90.14"
"3,2 : 64.14"
"3,3 : 0.0"
"3,4 : 10.0"
"3,5 : 85.02"
"3,6 : 75.06"
"3,7 : 6.71"
"3,8 : 73.0"
"3,9 : 26.93"
"3,10 : 86.56"
"3,11 : 70.46"
"3,12 : 66.47"
"3,13 : 63.32"
"3,14 : 78.26"
"3,15 : 23.32"
"3,16 : 99.3"
"3,17 : 43.83"
"3,18 : 98.15"
"3,19 : 64.56"
"3,20 : 82.13"
"3,21 : 98.39"
"3,22 : 80.16"
"3,23 : 67.36"
"3,24 : 77.41"
"3,25 : 43.6"
"3,26 : 72.57"
"3,27 : 58.69"
"3,28 : 67.27"
"3,29 : 38.63"
"3,30 : 47.13"
"3,31 : 47.17"
"3,32 : 72.2"
"3,33 : 73.5"
"3,34 : 76.22"
"3,35 : 58.0"
"3,36 : 13.34"
"3,37 : 94.89"
"3,38 : 77.34"
"3,39 : 64.01"
"3,40 : 27.07"
"3,41 : 71.02"
"3,42 : 111.4"
"3,43 : 21.21"
"3,44 : 45.22"
"3,45 : 29.83"
"3,46 : 77.34"
"3,47 : 14.0"
"3,48 : 42.15"
"3,49 : 75.96"
"3,50 : 80.26"
"3,51 : 67.03"
"3,52 : 90.0"
"3,53 : 83.68"
"3,54 : 53.15"
"3,55 : 62.43"
"3,56 : 95.52"
"3,57 : 73.0"
"3,58 : 63.29"
"3,59 : 86.15"
"3,60 : 42.0"
"3,61 : 62.03"
"3,62 : 58.69"
"3,63 : 60.37"
"3,64 : 107.63"
"3,65 : 42.05"
"3,66 : 76.61"
"3,67 : 39.56"
"3,68 : 33.6"
"3,69 : 57.31"
"3,70 : 15.81"
"3,71 : 48.83"
"3,72 : 101.02"
"3,73 : 61.61"
"3,74 : 53.46"
"3,75 : 59.03"
"3,76 : 73.88"
"3,77 : 102.42"
"3,78 : 82.13"
"3,79 : 91.55"
"3,80 : 65.86"
"3,81 : 75.21"
"3,82 : 117.66"
"3,83 : 94.01"
"3,84 : 32.98"
"3,85 : 75.33"
"3,86 : 63.29"
"3,87 : 59.62"
"3,88 : 72.84"
"3,89 : 103.08"
"3,90 : 73.17"
"3,91 : 99.9"
"3,92 : 87.01"
"3,93 : 54.92"
"3,94 : 105.38"
"3,95 : 65.97"
"3,96 : 50.7"
"3,97 : 53.0"
"3,98 : 59.03"
"3,99 : 86.4"
"4,0 : 69.12"
"4,1 : 93.94"
"4,2 : 63.89"
"4,3 : 10.0"
"4,4 : 0.0"
"4,5 : 79.63"
"4,6 : 83.05"
"4,7 : 14.32"
"4,8 : 81.22"
"4,9 : 34.01"
"4,10 : 87.73"
"4,11 : 70.77"
"4,12 : 68.6"
"4,13 : 60.42"
"4,14 : 71.25"
"4,15 : 24.41"
"4,16 : 92.35"
"4,17 : 47.93"
"4,18 : 93.86"
"4,19 : 61.74"
"4,20 : 83.63"
"4,21 : 97.1"
"4,22 : 74.06"
"4,23 : 73.55"
"4,24 : 82.08"
"4,25 : 44.69"
"4,26 : 79.51"
"4,27 : 66.07"
"4,28 : 68.88"
"4,29 : 44.72"
"4,30 : 44.78"
"4,31 : 39.05"
"4,32 : 71.84"
"4,33 : 70.38"
"4,34 : 79.4"
"4,35 : 66.27"
"4,36 : 8.6"
"4,37 : 88.14"
"4,38 : 80.16"
"4,39 : 58.69"
"4,40 : 21.84"
"4,41 : 70.94"
"4,42 : 112.43"
"4,43 : 24.7"
"4,44 : 49.24"
"4,45 : 27.46"
"4,46 : 80.16"
"4,47 : 22.8"
"4,48 : 33.96"
"4,49 : 82.38"
"4,50 : 79.81"
"4,51 : 61.81"
"4,52 : 84.38"
"4,53 : 80.41"
"4,54 : 60.21"
"4,55 : 62.94"
"4,56 : 90.8"
"4,57 : 74.41"
"4,58 : 63.13"
"4,59 : 81.05"
"4,60 : 36.88"
"4,61 : 70.11"
"4,62 : 65.49"
"4,63 : 65.46"
"4,64 : 108.98"
"4,65 : 50.16"
"4,66 : 77.1"
"4,67 : 45.71"
"4,68 : 37.7"
"4,69 : 65.0"
"4,70 : 7.07"
"4,71 : 49.52"
"4,72 : 101.32"
"4,73 : 62.23"
"4,74 : 61.01"
"4,75 : 52.09"
"4,76 : 76.85"
"4,77 : 102.73"
"4,78 : 84.63"
"4,79 : 89.47"
"4,80 : 65.44"
"4,81 : 75.69"
"4,82 : 117.2"
"4,83 : 88.28"
"4,84 : 30.53"
"4,85 : 69.01"
"4,86 : 57.04"
"4,87 : 57.98"
"4,88 : 74.81"
"4,89 : 99.62"
"4,90 : 67.07"
"4,91 : 102.42"
"4,92 : 81.3"
"4,93 : 48.04"
"4,94 : 107.45"
"4,95 : 62.77"
"4,96 : 43.29"
"4,97 : 57.38"
"4,98 : 53.34"
"4,99 : 89.69"
"5,0 : 32.8"
"5,1 : 80.96"
"5,2 : 43.14"
"5,3 : 85.02"
"5,4 : 79.63"
"5,5 : 0.0"
"5,6 : 109.79"
"5,7 : 82.1"
"5,8 : 110.75"
"5,9 : 81.61"
"5,10 : 57.25"
"5,11 : 46.62"
"5,12 : 58.9"
"5,13 : 28.3"
"5,14 : 17.89"
"5,15 : 65.76"
"5,16 : 22.2"
"5,17 : 68.96"
"5,18 : 17.69"
"5,19 : 28.02"
"5,20 : 58.18"
"5,21 : 42.11"
"5,22 : 8.6"
"5,23 : 89.11"
"5,24 : 81.61"
"5,25 : 55.46"
"5,26 : 98.29"
"5,27 : 94.4"
"5,28 : 55.44"
"5,29 : 78.72"
"5,30 : 41.76"
"5,31 : 45.19"
"5,32 : 41.88"
"5,33 : 22.02"
"5,34 : 69.34"
"5,35 : 101.79"
"5,36 : 72.17"
"5,37 : 17.49"
"5,38 : 66.89"
"5,39 : 21.02"
"5,40 : 58.14"
"5,41 : 43.83"
"5,42 : 70.0"
"5,43 : 71.2"
"5,44 : 68.6"
"5,45 : 56.22"
"5,46 : 66.89"
"5,47 : 85.84"
"5,48 : 49.4"
"5,49 : 95.59"
"5,50 : 42.15"
"5,51 : 18.0"
"5,52 : 5.39"
"5,53 : 19.42"
"5,54 : 89.31"
"5,55 : 48.08"
"5,56 : 12.81"
"5,57 : 54.92"
"5,58 : 43.84"
"5,59 : 3.16"
"5,60 : 43.05"
"5,61 : 102.42"
"5,62 : 89.81"
"5,63 : 77.9"
"5,64 : 70.18"
"5,65 : 92.14"
"5,66 : 48.76"
"5,67 : 79.16"
"5,68 : 69.64"
"5,69 : 96.26"
"5,70 : 72.84"
"5,71 : 51.97"
"5,72 : 57.08"
"5,73 : 48.8"
"5,74 : 93.19"
"5,75 : 29.97"
"5,76 : 66.85"
"5,77 : 58.03"
"5,78 : 66.19"
"5,79 : 32.0"
"5,80 : 41.77"
"5,81 : 48.37"
"5,82 : 61.85"
"5,83 : 9.49"
"5,84 : 53.34"
"5,85 : 13.45"
"5,86 : 23.41"
"5,87 : 36.62"
"5,88 : 59.08"
"5,89 : 27.46"
"5,90 : 13.89"
"5,91 : 75.43"
"5,92 : 3.61"
"5,93 : 33.24"
"5,94 : 74.97"
"5,95 : 25.24"
"5,96 : 39.0"
"5,97 : 71.4"
"5,98 : 26.31"
"5,99 : 74.69"
"6,0 : 77.8"
"6,1 : 47.0"
"6,2 : 66.84"
"6,3 : 75.06"
"6,4 : 83.05"
"6,5 : 109.79"
"6,6 : 0.0"
"6,7 : 69.0"
"6,8 : 3.61"
"6,9 : 49.16"
"6,10 : 65.8"
"6,11 : 65.19"
"6,12 : 52.15"
"6,13 : 82.02"
"6,14 : 115.75"
"6,15 : 65.25"
"6,16 : 131.55"
"6,17 : 44.78"
"6,18 : 111.52"
"6,19 : 82.04"
"6,20 : 61.35"
"6,21 : 90.48"
"6,22 : 111.04"
"6,23 : 21.1"
"6,24 : 34.71"
"6,25 : 58.52"
"6,26 : 12.65"
"6,27 : 18.03"
"6,28 : 55.76"
"6,29 : 40.52"
"6,30 : 74.06"
"6,31 : 100.72"
"6,32 : 70.18"
"6,33 : 88.09"
"6,34 : 46.49"
"6,35 : 17.26"
"6,36 : 78.64"
"6,37 : 126.59"
"6,38 : 49.65"
"6,39 : 95.9"
"6,40 : 80.65"
"6,41 : 67.96"
"6,42 : 82.05"
"6,43 : 61.19"
"6,44 : 44.42"
"6,45 : 72.8"
"6,46 : 49.65"
"6,47 : 61.07"
"6,48 : 97.86"
"6,49 : 18.11"
"6,50 : 74.24"
"6,51 : 97.08"
"6,52 : 114.87"
"6,53 : 94.87"
"6,54 : 24.35"
"6,55 : 61.85"
"6,56 : 112.65"
"6,57 : 58.59"
"6,58 : 66.07"
"6,59 : 108.58"
"6,60 : 84.53"
"6,61 : 13.04"
"6,62 : 21.1"
"6,63 : 31.89"
"6,64 : 77.06"
"6,65 : 33.02"
"6,66 : 66.19"
"6,67 : 39.56"
"6,68 : 50.92"
"6,69 : 18.25"
"6,70 : 84.59"
"6,71 : 59.82"
"6,72 : 80.6"
"6,73 : 61.07"
"6,74 : 22.36"
"6,75 : 102.08"
"6,76 : 47.54"
"6,77 : 81.39"
"6,78 : 53.85"
"6,79 : 91.68"
"6,80 : 68.41"
"6,81 : 65.76"
"6,82 : 97.87"
"6,83 : 118.56"
"6,84 : 73.01"
"6,85 : 109.12"
"6,86 : 100.8"
"6,87 : 73.54"
"6,88 : 54.56"
"6,89 : 109.13"
"6,90 : 106.3"
"6,91 : 63.0"
"6,92 : 113.28"
"6,93 : 99.13"
"6,94 : 70.01"
"6,95 : 84.86"
"6,96 : 99.3"
"6,97 : 39.05"
"6,98 : 95.21"
"6,99 : 49.37"
"7,0 : 65.79"
"7,1 : 83.49"
"7,2 : 58.59"
"7,3 : 6.71"
"7,4 : 14.32"
"7,5 : 82.1"
"7,6 : 69.0"
"7,7 : 0.0"
"7,8 : 67.07"
"7,9 : 20.4"
"7,10 : 80.43"
"7,11 : 64.66"
"7,12 : 60.14"
"7,13 : 59.03"
"7,14 : 76.66"
"7,15 : 18.03"
"7,16 : 97.51"
"7,17 : 37.2"
"7,18 : 94.43"
"7,19 : 60.21"
"7,20 : 75.93"
"7,21 : 93.11"
"7,22 : 77.78"
"7,23 : 60.73"
"7,24 : 70.71"
"7,25 : 37.74"
"7,26 : 66.1"
"7,27 : 52.35"
"7,28 : 61.07"
"7,29 : 31.95"
"7,30 : 42.76"
"7,31 : 47.01"
"7,32 : 66.65"
"7,33 : 69.23"
"7,34 : 69.66"
"7,35 : 52.09"
"7,36 : 13.45"
"7,37 : 92.96"
"7,38 : 70.84"
"7,39 : 61.2"
"7,40 : 25.3"
"7,41 : 65.37"
"7,42 : 105.26"
"7,43 : 15.0"
"7,44 : 38.6"
"7,45 : 26.02"
"7,46 : 70.84"
"7,47 : 8.54"
"7,48 : 42.19"
"7,49 : 69.38"
"7,50 : 74.71"
"7,51 : 64.12"
"7,52 : 87.21"
"7,53 : 79.43"
"7,54 : 46.69"
"7,55 : 56.6"
"7,56 : 92.09"
"7,57 : 66.84"
"7,58 : 57.71"
"7,59 : 83.01"
"7,60 : 39.46"
"7,61 : 56.01"
"7,62 : 52.17"
"7,63 : 53.67"
"7,64 : 101.41"
"7,65 : 36.01"
"7,66 : 70.72"
"7,67 : 32.89"
"7,68 : 27.02"
"7,69 : 51.09"
"7,70 : 18.03"
"7,71 : 43.05"
"7,72 : 95.13"
"7,73 : 55.76"
"7,74 : 47.17"
"7,75 : 57.57"
"7,76 : 67.36"
"7,77 : 96.52"
"7,78 : 75.69"
"7,79 : 86.65"
"7,80 : 60.37"
"7,81 : 69.34"
"7,82 : 112.0"
"7,83 : 91.27"
"7,84 : 29.07"
"7,85 : 73.16"
"7,86 : 61.19"
"7,87 : 54.71"
"7,88 : 66.53"
"7,89 : 98.84"
"7,90 : 70.86"
"7,91 : 93.43"
"7,92 : 84.29"
"7,93 : 53.45"
"7,94 : 98.99"
"7,95 : 61.81"
"7,96 : 49.77"
"7,97 : 46.32"
"7,98 : 56.57"
"7,99 : 79.81"
"8,0 : 79.06"
"8,1 : 50.04"
"8,2 : 68.01"
"8,3 : 73.0"
"8,4 : 81.22"
"8,5 : 110.75"
"8,6 : 3.61"
"8,7 : 67.07"
"8,8 : 0.0"
"8,9 : 47.52"
"8,10 : 68.15"
"8,11 : 66.73"
"8,12 : 53.71"
"8,13 : 82.81"
"8,14 : 116.18"
"8,15 : 64.2"
"8,16 : 132.38"
"8,17 : 44.65"
"8,18 : 113.02"
"8,19 : 82.88"
"8,20 : 63.6"
"8,21 : 92.66"
"8,22 : 111.73"
"8,23 : 22.85"
"8,24 : 37.34"
"8,25 : 58.6"
"8,26 : 15.13"
"8,27 : 17.49"
"8,28 : 57.31"
"8,29 : 39.56"
"8,30 : 74.2"
"8,31 : 100.18"
"8,32 : 71.69"
"8,33 : 89.2"
"8,34 : 48.76"
"8,35 : 15.0"
"8,36 : 77.1"
"8,37 : 127.4"
"8,38 : 51.92"
"8,39 : 96.33"
"8,40 : 79.71"
"8,41 : 69.46"
"8,42 : 85.01"
"8,43 : 59.91"
"8,44 : 44.41"
"8,45 : 72.09"
"8,46 : 51.92"
"8,47 : 59.0"
"8,48 : 97.17"
"8,49 : 21.0"
"8,50 : 76.06"
"8,51 : 97.62"
"8,52 : 115.88"
"8,53 : 96.25"
"8,54 : 23.71"
"8,55 : 63.01"
"8,56 : 113.99"
"8,57 : 60.42"
"8,58 : 67.2"
"8,59 : 109.64"
"8,60 : 84.22"
"8,61 : 11.18"
"8,62 : 21.26"
"8,63 : 33.02"
"8,64 : 80.01"
"8,65 : 31.06"
"8,66 : 68.03"
"8,67 : 38.63"
"8,68 : 50.16"
"8,69 : 17.09"
"8,70 : 83.02"
"8,71 : 60.21"
"8,72 : 83.19"
"8,73 : 62.2"
"8,74 : 21.19"
"8,75 : 102.08"
"8,76 : 49.65"
"8,77 : 84.01"
"8,78 : 56.29"
"8,79 : 93.52"
"8,80 : 69.63"
"8,81 : 67.54"
"8,82 : 100.6"
"8,83 : 119.63"
"8,84 : 72.45"
"8,85 : 109.66"
"8,86 : 101.04"
"8,87 : 74.33"
"8,88 : 56.46"
"8,89 : 110.92"
"8,90 : 106.83"
"8,91 : 66.03"
"8,92 : 114.21"
"8,93 : 99.02"
"8,94 : 73.06"
"8,95 : 85.7"
"8,96 : 98.98"
"8,97 : 39.6"
"8,98 : 95.43"
"8,99 : 52.15"
"9,0 : 58.03"
"9,1 : 65.19"
"9,2 : 48.51"
"9,3 : 26.93"
"9,4 : 34.01"
"9,5 : 81.61"
"9,6 : 49.16"
"9,7 : 20.4"
"9,8 : 47.52"
"9,9 : 0.0"
"9,10 : 66.19"
"9,11 : 52.89"
"9,12 : 45.18"
"9,13 : 54.74"
"9,14 : 80.62"
"9,15 : 19.1"
"9,16 : 100.22"
"9,17 : 20.59"
"9,18 : 90.67"
"9,19 : 55.58"
"9,20 : 61.29"
"9,21 : 82.98"
"9,22 : 79.31"
"9,23 : 40.5"
"9,24 : 51.61"
"9,25 : 28.0"
"9,26 : 45.71"
"9,27 : 32.06"
"9,28 : 47.01"
"9,29 : 12.21"
"9,30 : 39.85"
"9,31 : 56.73"
"9,32 : 56.09"
"9,33 : 64.38"
"9,34 : 52.5"
"9,35 : 32.76"
"9,36 : 29.61"
"9,37 : 95.34"
"9,38 : 54.2"
"9,39 : 62.24"
"9,40 : 34.41"
"9,41 : 54.34"
"9,42 : 90.55"
"9,43 : 13.6"
"9,44 : 21.95"
"9,45 : 29.07"
"9,46 : 54.2"
"9,47 : 13.89"
"9,48 : 52.8"
"9,49 : 49.04"
"9,50 : 63.79"
"9,51 : 64.62"
"9,52 : 86.98"
"9,53 : 74.17"
"9,54 : 26.31"
"9,55 : 45.12"
"9,56 : 89.44"
"9,57 : 52.8"
"9,58 : 47.52"
"9,59 : 81.74"
"9,60 : 43.6"
"9,61 : 36.35"
"9,62 : 31.78"
"9,63 : 34.41"
"9,64 : 86.28"
"9,65 : 16.76"
"9,66 : 58.19"
"9,67 : 13.04"
"9,68 : 13.04"
"9,69 : 31.02"
"9,70 : 35.51"
"9,71 : 33.06"
"9,72 : 81.94"
"9,73 : 44.15"
"9,74 : 27.0"
"9,75 : 63.01"
"9,76 : 50.61"
"9,77 : 83.26"
"9,78 : 59.41"
"9,79 : 78.41"
"9,80 : 50.49"
"9,81 : 56.92"
"9,82 : 99.72"
"9,83 : 91.09"
"9,84 : 30.81"
"9,85 : 75.58"
"9,86 : 64.5"
"9,87 : 48.09"
"9,88 : 51.48"
"9,89 : 93.01"
"9,90 : 72.92"
"9,91 : 76.69"
"9,92 : 84.43"
"9,93 : 59.2"
"9,94 : 82.8"
"9,95 : 57.87"
"9,96 : 57.31"
"9,97 : 28.32"
"9,98 : 59.06"
"9,99 : 62.24"
"10,0 : 28.02"
"10,1 : 24.84"
"10,2 : 25.5"
"10,3 : 86.56"
"10,4 : 87.73"
"10,5 : 57.25"
"10,6 : 65.8"
"10,7 : 80.43"
"10,8 : 68.15"
"10,9 : 66.19"
"10,10 : 0.0"
"10,11 : 17.89"
"10,12 : 21.02"
"10,13 : 39.32"
"10,14 : 70.86"
"10,15 : 63.66"
"10,16 : 78.79"
"10,17 : 45.62"
"10,18 : 51.4"
"10,19 : 38.21"
"10,20 : 5.1"
"10,21 : 25.06"
"10,22 : 62.59"
"10,23 : 45.71"
"10,24 : 31.38"
"10,25 : 43.14"
"10,26 : 53.16"
"10,27 : 57.04"
"10,28 : 19.42"
"10,29 : 55.71"
"10,30 : 46.96"
"10,31 : 76.24"
"10,32 : 19.42"
"10,33 : 37.34"
"10,34 : 19.42"
"10,35 : 66.03"
"10,36 : 79.31"
"10,37 : 74.46"
"10,38 : 16.28"
"10,39 : 55.04"
"10,40 : 69.89"
"10,41 : 18.97"
"10,42 : 24.84"
"10,43 : 65.44"
"10,44 : 44.28"
"10,45 : 61.4"
"10,46 : 16.28"
"10,47 : 78.23"
"10,48 : 76.9"
"10,49 : 48.1"
"10,50 : 15.3"
"10,51 : 54.01"
"10,52 : 60.93"
"10,53 : 38.08"
"10,54 : 55.15"
"10,55 : 25.0"
"10,56 : 54.38"
"10,57 : 13.6"
"10,58 : 25.94"
"10,59 : 54.78"
"10,60 : 60.93"
"10,61 : 64.28"
"10,62 : 52.01"
"10,63 : 39.05"
"10,64 : 21.26"
"10,65 : 65.51"
"10,66 : 11.7"
"10,67 : 55.36"
"10,68 : 54.38"
"10,69 : 60.01"
"10,70 : 83.87"
"10,71 : 38.21"
"10,72 : 16.28"
"10,73 : 25.61"
"10,74 : 59.08"
"10,75 : 67.48"
"10,76 : 19.03"
"10,77 : 17.46"
"10,78 : 12.08"
"10,79 : 29.07"
"10,80 : 24.7"
"10,81 : 13.0"
"10,82 : 34.53"
"10,83 : 63.51"
"10,84 : 58.82"
"10,85 : 63.64"
"10,86 : 62.07"
"10,87 : 34.79"
"10,88 : 14.87"
"10,89 : 46.01"
"10,90 : 61.4"
"10,91 : 19.0"
"10,92 : 60.75"
"10,93 : 67.08"
"10,94 : 21.19"
"10,95 : 40.05"
"10,96 : 71.06"
"10,97 : 39.56"
"10,98 : 58.42"
"10,99 : 19.1"
"11,0 : 13.89"
"11,1 : 35.9"
"11,2 : 7.62"
"11,3 : 70.46"
"11,4 : 70.77"
"11,5 : 46.62"
"11,6 : 65.19"
"11,7 : 64.66"
"11,8 : 66.73"
"11,9 : 52.89"
"11,10 : 17.89"
"11,11 : 0.0"
"11,12 : 13.04"
"11,13 : 23.19"
"11,14 : 57.25"
"11,15 : 47.2"
"11,16 : 68.82"
"11,17 : 33.24"
"11,18 : 46.32"
"11,19 : 22.36"
"11,20 : 15.3"
"11,21 : 30.27"
"11,22 : 50.09"
"11,23 : 44.1"
"11,24 : 35.0"
"11,25 : 26.93"
"11,26 : 53.01"
"11,27 : 52.2"
"11,28 : 9.43"
"11,29 : 44.18"
"11,30 : 29.07"
"11,31 : 58.69"
"11,32 : 5.0"
"11,33 : 24.7"
"11,34 : 22.83"
"11,35 : 60.73"
"11,36 : 62.24"
"11,37 : 64.07"
"11,38 : 20.62"
"11,39 : 39.46"
"11,40 : 52.2"
"11,41 : 2.83"
"11,42 : 41.87"
"11,43 : 49.74"
"11,44 : 32.14"
"11,45 : 43.93"
"11,46 : 20.62"
"11,47 : 63.56"
"11,48 : 59.14"
"11,49 : 49.58"
"11,50 : 11.05"
"11,51 : 39.05"
"11,52 : 51.22"
"11,53 : 29.83"
"11,54 : 48.51"
"11,55 : 8.06"
"11,56 : 47.63"
"11,57 : 8.54"
"11,58 : 8.06"
"11,59 : 44.82"
"11,60 : 43.08"
"11,61 : 60.17"
"11,62 : 47.17"
"11,63 : 34.01"
"11,64 : 38.83"
"11,65 : 56.04"
"11,66 : 6.4"
"11,67 : 44.1"
"11,68 : 40.16"
"11,69 : 54.71"
"11,70 : 66.53"
"11,71 : 21.63"
"11,72 : 30.61"
"11,73 : 8.94"
"11,74 : 52.63"
"11,75 : 51.0"
"11,76 : 20.25"
"11,77 : 32.02"
"11,78 : 21.21"
"11,79 : 27.66"
"11,80 : 7.07"
"11,81 : 5.0"
"11,82 : 47.41"
"11,83 : 54.56"
"11,84 : 41.23"
"11,85 : 49.98"
"11,86 : 46.27"
"11,87 : 17.26"
"11,88 : 12.53"
"11,89 : 44.6"
"11,90 : 47.43"
"11,91 : 35.9"
"11,92 : 50.22"
"11,93 : 50.16"
"11,94 : 39.0"
"11,95 : 24.74"
"11,96 : 53.76"
"11,97 : 30.41"
"11,98 : 42.01"
"11,99 : 29.61"
"12,0 : 26.17"
"12,1 : 28.16"
"12,2 : 16.12"
"12,3 : 66.47"
"12,4 : 68.6"
"12,5 : 58.9"
"12,6 : 52.15"
"12,7 : 60.14"
"12,8 : 53.71"
"12,9 : 45.18"
"12,10 : 21.02"
"12,11 : 13.04"
"12,12 : 0.0"
"12,13 : 33.11"
"12,14 : 67.98"
"12,15 : 44.2"
"12,16 : 81.06"
"12,17 : 24.6"
"12,18 : 59.36"
"12,19 : 32.65"
"12,20 : 16.12"
"12,21 : 41.11"
"12,22 : 61.59"
"12,23 : 31.06"
"12,24 : 23.26"
"12,25 : 24.19"
"12,26 : 40.0"
"12,27 : 39.56"
"12,28 : 3.61"
"12,29 : 34.79"
"12,30 : 33.06"
"12,31 : 64.07"
"12,32 : 18.03"
"12,33 : 36.88"
"12,34 : 13.0"
"12,35 : 48.27"
"12,36 : 60.46"
"12,37 : 76.22"
"12,38 : 12.37"
"12,39 : 49.04"
"12,40 : 52.92"
"12,41 : 15.81"
"12,42 : 45.49"
"12,43 : 45.25"
"12,44 : 23.26"
"12,45 : 43.86"
"12,46 : 12.37"
"12,47 : 57.43"
"12,48 : 63.51"
"12,49 : 36.77"
"12,50 : 22.8"
"12,51 : 49.24"
"12,52 : 63.7"
"12,53 : 42.8"
"12,54 : 36.35"
"12,55 : 11.7"
"12,56 : 60.61"
"12,57 : 8.06"
"12,58 : 15.65"
"12,59 : 57.31"
"12,60 : 47.27"
"12,61 : 47.43"
"12,62 : 34.48"
"12,63 : 21.19"
"12,64 : 41.4"
"12,65 : 45.28"
"12,66 : 15.13"
"12,67 : 34.48"
"12,68 : 33.6"
"12,69 : 42.2"
"12,70 : 65.51"
"12,71 : 20.25"
"12,72 : 37.0"
"12,73 : 11.4"
"12,74 : 40.45"
"12,75 : 59.03"
"12,76 : 10.0"
"12,77 : 38.28"
"12,78 : 16.12"
"12,79 : 40.16"
"12,80 : 17.2"
"12,81 : 14.32"
"12,82 : 55.08"
"12,83 : 67.18"
"12,84 : 41.79"
"12,85 : 60.83"
"12,86 : 55.36"
"12,87 : 25.3"
"12,88 : 6.4"
"12,89 : 57.38"
"12,90 : 58.14"
"12,91 : 33.84"
"12,92 : 62.48"
"12,93 : 57.43"
"12,94 : 38.95"
"12,95 : 35.36"
"12,96 : 60.03"
"12,97 : 19.1"
"12,98 : 50.45"
"12,99 : 22.56"
"13,0 : 11.7"
"13,1 : 59.03"
"13,2 : 17.09"
"13,3 : 63.32"
"13,4 : 60.42"
"13,5 : 28.3"
"13,6 : 82.02"
"13,7 : 59.03"
"13,8 : 82.81"
"13,9 : 54.74"
"13,10 : 39.32"
"13,11 : 23.19"
"13,12 : 33.11"
"13,13 : 0.0"
"13,14 : 34.89"
"13,15 : 41.3"
"13,16 : 49.58"
"13,17 : 40.71"
"13,18 : 36.06"
"13,19 : 1.41"
"13,20 : 38.0"
"13,21 : 38.18"
"13,22 : 29.07"
"13,23 : 61.72"
"13,24 : 56.36"
"13,25 : 27.51"
"13,26 : 70.94"
"13,27 : 66.22"
"13,28 : 30.08"
"13,29 : 50.7"
"13,30 : 16.28"
"13,31 : 38.01"
"13,32 : 20.02"
"13,33 : 10.2"
"13,34 : 45.22"
"13,35 : 73.5"
"13,36 : 52.0"
"13,37 : 44.6"
"13,38 : 43.42"
"13,39 : 16.28"
"13,40 : 38.95"
"13,41 : 21.02"
"13,42 : 60.01"
"13,43 : 46.04"
"13,44 : 40.31"
"13,45 : 33.53"
"13,46 : 43.42"
"13,47 : 61.07"
"13,48 : 39.66"
"13,49 : 68.82"
"13,50 : 25.3"
"13,51 : 16.16"
"13,52 : 33.62"
"13,53 : 20.4"
"13,54 : 61.03"
"13,55 : 21.47"
"13,56 : 34.71"
"13,57 : 31.58"
"13,58 : 17.46"
"13,59 : 27.73"
"13,60 : 25.5"
"13,61 : 74.2"
"13,62 : 61.72"
"13,63 : 50.25"
"13,64 : 58.19"
"13,65 : 64.08"
"13,66 : 28.02"
"13,67 : 51.08"
"13,68 : 42.2"
"13,69 : 68.01"
"13,70 : 54.59"
"13,71 : 23.71"
"13,72 : 46.96"
"13,73 : 21.95"
"13,74 : 64.9"
"13,75 : 28.16"
"13,76 : 42.38"
"13,77 : 48.3"
"13,78 : 44.41"
"13,79 : 29.41"
"13,80 : 16.49"
"13,81 : 27.0"
"13,82 : 59.55"
"13,83 : 37.59"
"13,84 : 30.36"
"13,85 : 27.78"
"13,86 : 23.09"
"13,87 : 8.49"
"13,88 : 35.17"
"13,89 : 39.81"
"13,90 : 25.06"
"13,91 : 58.22"
"13,92 : 31.62"
"13,93 : 27.89"
"13,94 : 60.21"
"13,95 : 3.16"
"13,96 : 32.31"
"13,97 : 43.28"
"13,98 : 19.1"
"13,99 : 52.77"
"14,0 : 43.68"
"14,1 : 93.01"
"14,2 : 51.89"
"14,3 : 78.26"
"14,4 : 71.25"
"14,5 : 17.89"
"14,6 : 115.75"
"14,7 : 76.66"
"14,8 : 116.18"
"14,9 : 80.62"
"14,10 : 70.86"
"14,11 : 57.25"
"14,12 : 67.98"
"14,13 : 34.89"
"14,14 : 0.0"
"14,15 : 62.65"
"14,16 : 21.1"
"14,17 : 72.14"
"14,18 : 35.23"
"14,19 : 35.34"
"14,20 : 70.83"
"14,21 : 59.03"
"14,22 : 9.49"
"14,23 : 96.02"
"14,24 : 91.24"
"14,25 : 58.0"
"14,26 : 105.21"
"14,27 : 99.04"
"14,28 : 64.88"
"14,29 : 80.43"
"14,30 : 42.52"
"14,31 : 33.14"
"14,32 : 53.16"
"14,33 : 33.54"
"14,34 : 79.85"
"14,35 : 105.42"
"14,36 : 64.94"
"14,37 : 17.03"
"14,38 : 77.83"
"14,39 : 19.85"
"14,40 : 51.42"
"14,41 : 54.71"
"14,42 : 86.37"
"14,43 : 68.45"
"14,44 : 72.12"
"14,45 : 52.39"
"14,46 : 77.83"
"14,47 : 81.93"
"14,48 : 38.05"
"14,49 : 103.46"
"14,50 : 55.58"
"14,51 : 18.87"
"14,52 : 19.1"
"14,53 : 35.23"
"14,54 : 93.34"
"14,55 : 56.36"
"14,56 : 30.0"
"14,57 : 65.79"
"14,58 : 52.33"
"14,59 : 21.02"
"14,60 : 37.7"
"14,61 : 106.78"
"14,62 : 94.92"
"14,63 : 84.4"
"14,64 : 86.05"
"14,65 : 93.6"
"14,66 : 60.88"
"14,67 : 81.06"
"14,68 : 70.21"
"14,69 : 100.41"
"14,70 : 64.2"
"14,71 : 55.97"
"14,72 : 73.17"
"14,73 : 56.82"
"14,74 : 96.9"
"14,75 : 19.24"
"14,76 : 77.08"
"14,77 : 74.24"
"14,78 : 78.16"
"14,79 : 48.66"
"14,80 : 51.08"
"14,81 : 60.17"
"14,82 : 79.4"
"14,83 : 21.4"
"14,84 : 50.09"
"14,85 : 7.28"
"14,86 : 16.12"
"14,87 : 43.05"
"14,88 : 69.64"
"14,89 : 45.28"
"14,90 : 9.85"
"14,91 : 89.68"
"14,92 : 16.4"
"14,93 : 23.35"
"14,94 : 90.09"
"14,95 : 32.7"
"14,96 : 28.02"
"14,97 : 76.69"
"14,98 : 21.63"
"14,99 : 86.68"
"15,0 : 47.76"
"15,1 : 69.78"
"15,2 : 40.82"
"15,3 : 23.32"
"15,4 : 24.41"
"15,5 : 65.76"
"15,6 : 65.25"
"15,7 : 18.03"
"15,8 : 64.2"
"15,9 : 19.1"
"15,10 : 63.66"
"15,11 : 47.2"
"15,12 : 44.2"
"15,13 : 41.3"
"15,14 : 62.65"
"15,15 : 0.0"
"15,16 : 82.87"
"15,17 : 24.52"
"15,18 : 77.06"
"15,19 : 42.43"
"15,20 : 59.41"
"15,21 : 75.15"
"15,22 : 62.36"
"15,23 : 52.01"
"15,24 : 58.52"
"15,25 : 20.52"
"15,26 : 59.21"
"15,27 : 47.3"
"15,28 : 44.6"
"15,29 : 24.74"
"15,30 : 25.08"
"15,31 : 37.64"
"15,32 : 48.88"
"15,33 : 51.48"
"15,34 : 55.07"
"15,35 : 50.16"
"15,36 : 16.55"
"15,37 : 78.11"
"15,38 : 55.76"
"15,39 : 45.35"
"15,40 : 15.65"
"15,41 : 47.71"
"15,42 : 88.46"
"15,43 : 5.83"
"15,44 : 25.71"
"15,45 : 10.3"
"15,46 : 55.76"
"15,47 : 20.1"
"15,48 : 33.84"
"15,49 : 61.01"
"15,50 : 56.94"
"15,51 : 48.05"
"15,52 : 71.02"
"15,53 : 61.66"
"15,54 : 41.0"
"15,55 : 39.2"
"15,56 : 75.03"
"15,57 : 50.21"
"15,58 : 39.96"
"15,59 : 66.37"
"15,60 : 25.06"
"15,61 : 53.14"
"15,62 : 45.4"
"15,63 : 42.58"
"15,64 : 84.85"
"15,65 : 34.99"
"15,66 : 53.41"
"15,67 : 25.71"
"15,68 : 15.0"
"15,69 : 47.13"
"15,70 : 22.14"
"15,71 : 25.61"
"15,72 : 77.8"
"15,73 : 38.42"
"15,74 : 43.01"
"15,75 : 44.42"
"15,76 : 52.48"
"15,77 : 79.2"
"15,78 : 60.22"
"15,79 : 68.62"
"15,80 : 42.54"
"15,81 : 52.01"
"15,82 : 94.34"
"15,83 : 75.13"
"15,84 : 12.65"
"15,85 : 58.19"
"15,86 : 46.62"
"15,87 : 36.69"
"15,88 : 50.45"
"15,89 : 81.05"
"15,90 : 55.66"
"15,91 : 78.01"
"15,92 : 68.25"
"15,93 : 40.5"
"15,94 : 83.1"
"15,95 : 44.18"
"15,96 : 38.29"
"15,97 : 33.96"
"15,98 : 41.44"
"15,99 : 65.37"
"16,0 : 55.0"
"16,1 : 102.88"
"16,2 : 65.19"
"16,3 : 99.3"
"16,4 : 92.35"
"16,5 : 22.2"
"16,6 : 131.55"
"16,7 : 97.51"
"16,8 : 132.38"
"16,9 : 100.22"
"16,10 : 78.79"
"16,11 : 68.82"
"16,12 : 81.06"
"16,13 : 49.58"
"16,14 : 21.1"
"16,15 : 82.87"
"16,16 : 0.0"
"16,17 : 89.63"
"16,18 : 31.02"
"16,19 : 49.52"
"16,20 : 80.06"
"16,21 : 60.83"
"16,22 : 21.1"
"16,23 : 111.04"
"16,24 : 103.81"
"16,25 : 75.72"
"16,26 : 120.24"
"16,27 : 115.75"
"16,28 : 77.62"
"16,29 : 98.79"
"16,30 : 60.9"
"16,31 : 54.01"
"16,32 : 64.07"
"16,33 : 44.2"
"16,34 : 91.53"
"16,35 : 122.8"
"16,36 : 85.99"
"16,37 : 5.0"
"16,38 : 89.04"
"16,39 : 38.01"
"16,40 : 72.37"
"16,41 : 66.03"
"16,42 : 88.96"
"16,43 : 88.6"
"16,44 : 89.4"
"16,45 : 72.73"
"16,46 : 89.04"
"16,47 : 102.49"
"16,48 : 59.0"
"16,49 : 117.69"
"16,50 : 63.95"
"16,51 : 35.85"
"16,52 : 17.89"
"16,53 : 40.72"
"16,54 : 110.42"
"16,55 : 70.09"
"16,56 : 26.17"
"16,57 : 77.1"
"16,58 : 65.86"
"16,59 : 24.19"
"16,60 : 58.24"
"16,61 : 123.69"
"16,62 : 111.29"
"16,63 : 99.7"
"16,64 : 89.82"
"16,65 : 112.16"
"16,66 : 70.83"
"16,67 : 99.32"
"16,68 : 89.07"
"16,69 : 117.44"
"16,70 : 85.29"
"16,71 : 72.8"
"16,72 : 76.69"
"16,73 : 70.77"
"16,74 : 114.2"
"16,75 : 40.31"
"16,76 : 89.05"
"16,77 : 77.47"
"16,78 : 88.19"
"16,79 : 51.66"
"16,80 : 63.89"
"16,81 : 70.49"
"16,82 : 78.03"
"16,83 : 15.52"
"16,84 : 70.23"
"16,85 : 24.7"
"16,86 : 36.4"
"16,87 : 58.05"
"16,88 : 81.27"
"16,89 : 41.05"
"16,90 : 27.31"
"16,91 : 96.46"
"16,92 : 18.6"
"16,93 : 44.41"
"16,94 : 95.34"
"16,95 : 46.69"
"16,96 : 49.09"
"16,97 : 92.85"
"16,98 : 41.44"
"16,99 : 96.65"
"17,0 : 40.79"
"17,1 : 46.32"
"17,2 : 30.15"
"17,3 : 43.83"
"17,4 : 47.93"
"17,5 : 68.96"
"17,6 : 44.78"
"17,7 : 37.2"
"17,8 : 44.65"
"17,9 : 20.59"
"17,10 : 45.62"
"17,11 : 33.24"
"17,12 : 24.6"
"17,13 : 40.71"
"17,14 : 72.14"
"17,15 : 24.52"
"17,16 : 89.63"
"17,17 : 0.0"
"17,18 : 75.0"
"17,19 : 41.15"
"17,20 : 40.71"
"17,21 : 63.51"
"17,22 : 68.6"
"17,23 : 28.28"
"17,24 : 34.18"
"17,25 : 14.14"
"17,26 : 36.4"
"17,27 : 27.2"
"17,28 : 26.57"
"17,29 : 11.0"
"17,30 : 29.73"
"17,31 : 56.3"
"17,32 : 37.01"
"17,33 : 49.04"
"17,34 : 32.56"
"17,35 : 33.3"
"17,36 : 40.8"
"17,37 : 84.63"
"17,38 : 33.97"
"17,39 : 52.4"
"17,40 : 38.05"
"17,41 : 35.06"
"17,42 : 69.97"
"17,43 : 23.26"
"17,44 : 1.41"
"17,45 : 29.27"
"17,46 : 33.97"
"17,47 : 33.3"
"17,48 : 53.85"
"17,49 : 37.22"
"17,50 : 44.28"
"17,51 : 54.04"
"17,52 : 74.3"
"17,53 : 57.97"
"17,54 : 21.26"
"17,55 : 26.0"
"17,56 : 74.67"
"17,57 : 32.31"
"17,58 : 29.15"
"17,59 : 68.43"
"17,60 : 39.81"
"17,61 : 34.71"
"17,62 : 23.71"
"17,63 : 18.11"
"17,64 : 65.73"
"17,65 : 23.77"
"17,66 : 38.08"
"17,67 : 11.05"
"17,68 : 10.3"
"17,69 : 28.32"
"17,70 : 46.57"
"17,71 : 17.0"
"17,72 : 61.47"
"17,73 : 25.0"
"17,74 : 24.76"
"17,75 : 57.43"
"17,76 : 30.41"
"17,77 : 62.77"
"17,78 : 39.05"
"17,79 : 60.03"
"17,80 : 32.14"
"17,81 : 36.88"
"17,82 : 79.38"
"17,83 : 78.29"
"17,84 : 28.86"
"17,85 : 65.95"
"17,86 : 56.64"
"17,87 : 32.7"
"17,88 : 30.89"
"17,89 : 75.8"
"17,90 : 63.13"
"17,91 : 56.59"
"17,92 : 72.2"
"17,93 : 54.38"
"17,94 : 62.48"
"17,95 : 43.83"
"17,96 : 54.56"
"17,97 : 9.49"
"17,98 : 50.99"
"17,99 : 42.64"
"18,0 : 34.54"
"18,1 : 76.22"
"18,2 : 45.69"
"18,3 : 98.15"
"18,4 : 93.86"
"18,5 : 17.69"
"18,6 : 111.52"
"18,7 : 94.43"
"18,8 : 113.02"
"18,9 : 90.67"
"18,10 : 51.4"
"18,11 : 46.32"
"18,12 : 59.36"
"18,13 : 36.06"
"18,14 : 35.23"
"18,15 : 77.06"
"18,16 : 31.02"
"18,17 : 75.0"
"18,18 : 0.0"
"18,19 : 35.13"
"18,20 : 53.81"
"18,21 : 30.36"
"18,22 : 26.25"
"18,23 : 90.43"
"18,24 : 80.06"
"18,25 : 62.97"
"18,26 : 99.3"
"18,27 : 97.94"
"18,28 : 55.76"
"18,29 : 85.62"
"18,30 : 52.01"
"18,31 : 61.91"
"18,32 : 41.34"
"18,33 : 26.31"
"18,34 : 67.27"
"18,35 : 106.1"
"18,36 : 85.91"
"18,37 : 28.16"
"18,38 : 64.38"
"18,39 : 35.85"
"18,40 : 72.03"
"18,41 : 43.57"
"18,42 : 58.25"
"18,43 : 82.0"
"18,44 : 74.33"
"18,45 : 68.47"
"18,46 : 64.38"
"18,47 : 97.01"
"18,48 : 65.76"
"18,49 : 95.6"
"18,50 : 38.21"
"18,51 : 32.7"
"18,52 : 16.55"
"18,53 : 17.09"
"18,54 : 93.62"
"18,55 : 50.57"
"18,56 : 5.39"
"18,57 : 53.41"
"18,58 : 46.62"
"18,59 : 14.87"
"18,60 : 57.01"
"18,61 : 105.99"
"18,62 : 93.02"
"18,63 : 80.13"
"18,64 : 59.48"
"18,65 : 98.76"
"18,66 : 46.1"
"18,67 : 85.87"
"18,68 : 77.93"
"18,69 : 100.22"
"18,70 : 87.36"
"18,71 : 58.46"
"18,72 : 46.49"
"18,73 : 51.48"
"18,74 : 97.69"
"18,75 : 46.87"
"18,76 : 65.3"
"18,77 : 47.13"
"18,78 : 62.29"
"18,79 : 22.47"
"18,80 : 43.86"
"18,81 : 46.23"
"18,82 : 47.1"
"18,83 : 16.28"
"18,84 : 65.38"
"18,85 : 31.11"
"18,86 : 39.96"
"18,87 : 42.76"
"18,88 : 57.63"
"18,89 : 10.44"
"18,90 : 31.24"
"18,91 : 67.54"
"18,92 : 18.87"
"18,93 : 49.74"
"18,94 : 65.55"
"18,95 : 33.02"
"18,96 : 55.57"
"18,97 : 75.24"
"18,98 : 41.63"
"18,99 : 70.29"
"19,0 : 10.44"
"19,1 : 58.25"
"19,2 : 16.55"
"19,3 : 64.56"
"19,4 : 61.74"
"19,5 : 28.02"
"19,6 : 82.04"
"19,7 : 60.21"
"19,8 : 82.88"
"19,9 : 55.58"
"19,10 : 38.21"
"19,11 : 22.36"
"19,12 : 32.65"
"19,13 : 1.41"
"19,14 : 35.34"
"19,15 : 42.43"
"19,16 : 49.52"
"19,17 : 41.15"
"19,18 : 35.13"
"19,19 : 0.0"
"19,20 : 37.01"
"19,21 : 36.77"
"19,22 : 29.21"
"19,23 : 61.62"
"19,24 : 55.9"
"19,25 : 28.16"
"19,26 : 70.84"
"19,27 : 66.4"
"19,28 : 29.55"
"19,29 : 51.26"
"19,30 : 17.46"
"19,31 : 39.36"
"19,32 : 19.0"
"19,33 : 9.06"
"19,34 : 44.6"
"19,35 : 73.78"
"19,36 : 53.31"
"19,37 : 44.55"
"19,38 : 42.72"
"19,39 : 17.12"
"19,40 : 40.31"
"19,41 : 20.1"
"19,42 : 58.69"
"19,43 : 47.1"
"19,44 : 40.71"
"19,45 : 34.79"
"19,46 : 42.72"
"19,47 : 62.13"
"19,48 : 41.05"
"19,49 : 68.6"
"19,50 : 24.04"
"19,51 : 16.76"
"19,52 : 33.29"
"19,53 : 19.24"
"19,54 : 61.29"
"19,55 : 21.1"
"19,56 : 33.96"
"19,57 : 30.81"
"19,58 : 17.0"
"19,59 : 27.29"
"19,60 : 26.91"
"19,61 : 74.4"
"19,62 : 61.85"
"19,63 : 50.21"
"19,64 : 56.92"
"19,65 : 64.62"
"19,66 : 27.0"
"19,67 : 51.62"
"19,68 : 42.95"
"19,69 : 68.24"
"19,70 : 55.95"
"19,71 : 24.17"
"19,72 : 45.62"
"19,73 : 21.63"
"19,74 : 65.19"
"19,75 : 29.27"
"19,76 : 41.79"
"19,77 : 46.96"
"19,78 : 43.57"
"19,79 : 28.02"
"19,80 : 15.81"
"19,81 : 26.02"
"19,82 : 58.14"
"19,83 : 37.22"
"19,84 : 31.62"
"19,85 : 28.18"
"19,86 : 24.02"
"19,87 : 8.6"
"19,88 : 34.48"
"19,89 : 38.64"
"19,90 : 25.5"
"19,91 : 57.14"
"19,92 : 31.4"
"19,93 : 29.12"
"19,94 : 59.03"
"19,95 : 2.83"
"19,96 : 33.62"
"19,97 : 43.42"
"19,98 : 20.22"
"19,99 : 51.97"
"20,0 : 27.29"
"20,1 : 22.83"
"20,2 : 22.8"
"20,3 : 82.13"
"20,4 : 83.63"
"20,5 : 58.18"
"20,6 : 61.35"
"20,7 : 75.93"
"20,8 : 63.6"
"20,9 : 61.29"
"20,10 : 5.1"
"20,11 : 15.3"
"20,12 : 16.12"
"20,13 : 38.0"
"20,14 : 70.83"
"20,15 : 59.41"
"20,16 : 80.06"
"20,17 : 40.71"
"20,18 : 53.81"
"20,19 : 37.01"
"20,20 : 0.0"
"20,21 : 29.15"
"20,22 : 62.94"
"20,23 : 41.0"
"20,24 : 27.29"
"20,25 : 38.95"
"20,26 : 48.7"
"20,27 : 52.09"
"20,28 : 14.87"
"20,29 : 50.7"
"20,30 : 44.01"
"20,31 : 73.98"
"20,32 : 18.03"
"20,33 : 37.36"
"20,34 : 14.87"
"20,35 : 61.07"
"20,36 : 75.29"
"20,37 : 75.58"
"20,38 : 11.7"
"20,39 : 54.08"
"20,40 : 66.37"
"20,41 : 17.03"
"20,42 : 29.41"
"20,43 : 60.96"
"20,44 : 39.36"
"20,45 : 57.69"
"20,46 : 11.7"
"20,47 : 73.5"
"20,48 : 74.33"
"20,49 : 43.86"
"20,50 : 16.12"
"20,51 : 53.34"
"20,52 : 62.18"
"20,53 : 39.45"
"20,54 : 50.09"
"20,55 : 21.47"
"20,56 : 56.4"
"20,57 : 9.22"
"20,58 : 23.09"
"20,59 : 55.9"
"20,60 : 58.19"
"20,61 : 59.41"
"20,62 : 47.04"
"20,63 : 34.01"
"20,64 : 25.5"
"20,65 : 60.42"
"20,66 : 10.05"
"20,67 : 50.33"
"20,68 : 49.65"
"20,69 : 55.04"
"20,70 : 80.0"
"20,71 : 34.21"
"20,72 : 21.38"
"20,73 : 21.95"
"20,74 : 54.04"
"20,75 : 66.07"
"20,76 : 14.14"
"20,77 : 22.56"
"20,78 : 8.49"
"20,79 : 31.89"
"20,80 : 22.36"
"20,81 : 11.0"
"20,82 : 39.62"
"20,83 : 65.0"
"20,84 : 55.23"
"20,85 : 63.56"
"20,86 : 61.03"
"20,87 : 32.56"
"20,88 : 9.85"
"20,89 : 49.2"
"20,90 : 61.19"
"20,91 : 20.62"
"20,92 : 61.74"
"20,93 : 65.38"
"20,94 : 24.19"
"20,95 : 39.12"
"20,96 : 69.05"
"20,97 : 34.48"
"20,98 : 57.04"
"20,99 : 16.64"
"21,0 : 28.02"
"21,1 : 49.04"
"21,2 : 34.79"
"21,3 : 98.39"
"21,4 : 97.1"
"21,5 : 42.11"
"21,6 : 90.48"
"21,7 : 93.11"
"21,8 : 92.66"
"21,9 : 82.98"
"21,10 : 25.06"
"21,11 : 30.27"
"21,12 : 41.11"
"21,13 : 38.18"
"21,14 : 59.03"
"21,15 : 75.15"
"21,16 : 60.83"
"21,17 : 63.51"
"21,18 : 30.36"
"21,19 : 36.77"
"21,20 : 29.15"
"21,21 : 0.0"
"21,22 : 49.65"
"21,23 : 69.92"
"21,24 : 56.36"
"21,25 : 55.97"
"21,26 : 77.83"
"21,27 : 80.23"
"21,28 : 38.01"
"21,29 : 74.43"
"21,30 : 52.43"
"21,31 : 75.21"
"21,32 : 26.93"
"21,33 : 30.23"
"21,34 : 44.01"
"21,35 : 89.11"
"21,36 : 88.51"
"21,37 : 57.31"
"21,38 : 40.85"
"21,39 : 49.24"
"21,40 : 76.4"
"21,41 : 28.64"
"21,42 : 28.16"
"21,43 : 78.55"
"21,44 : 62.39"
"21,45 : 69.64"
"21,46 : 40.85"
"21,47 : 92.97"
"21,48 : 77.47"
"21,49 : 73.01"
"21,50 : 19.24"
"21,51 : 46.96"
"21,52 : 44.05"
"21,53 : 24.04"
"21,54 : 77.41"
"21,55 : 37.85"
"21,56 : 34.71"
"21,57 : 33.24"
"21,58 : 35.74"
"21,59 : 39.05"
"21,60 : 63.66"
"21,61 : 87.86"
"21,62 : 75.13"
"21,63 : 61.81"
"21,64 : 29.12"
"21,65 : 86.02"
"21,66 : 26.02"
"21,67 : 74.33"
"21,68 : 70.09"
"21,69 : 83.02"
"21,70 : 91.84"
"21,71 : 50.6"
"21,72 : 16.16"
"21,73 : 38.83"
"21,74 : 81.5"
"21,75 : 62.65"
"21,76 : 43.01"
"21,77 : 16.76"
"21,78 : 37.12"
"21,79 : 10.44"
"21,80 : 32.89"
"21,81 : 27.0"
"21,82 : 21.63"
"21,83 : 45.4"
"21,84 : 66.57"
"21,85 : 52.63"
"21,86 : 55.9"
"21,87 : 39.12"
"21,88 : 36.67"
"21,89 : 22.47"
"21,90 : 51.24"
"21,91 : 38.01"
"21,92 : 45.01"
"21,93 : 63.81"
"21,94 : 35.34"
"21,95 : 36.88"
"21,96 : 69.07"
"21,97 : 60.01"
"21,98 : 54.38"
"21,99 : 43.83"
"22,0 : 36.25"
"22,1 : 85.44"
"22,2 : 45.49"
"22,3 : 80.16"
"22,4 : 74.06"
"22,5 : 8.6"
"22,6 : 111.04"
"22,7 : 77.78"
"22,8 : 111.73"
"22,9 : 79.31"
"22,10 : 62.59"
"22,11 : 50.09"
"22,12 : 61.59"
"22,13 : 29.07"
"22,14 : 9.49"
"22,15 : 62.36"
"22,16 : 21.1"
"22,17 : 68.6"
"22,18 : 26.25"
"22,19 : 29.21"
"22,20 : 62.94"
"22,21 : 49.65"
"22,22 : 0.0"
"22,23 : 90.79"
"22,24 : 84.72"
"22,25 : 54.64"
"22,26 : 100.0"
"22,27 : 94.92"
"22,28 : 58.31"
"22,29 : 77.7"
"22,30 : 39.82"
"22,31 : 37.95"
"22,32 : 45.69"
"22,33 : 25.63"
"22,34 : 72.9"
"22,35 : 101.83"
"22,36 : 67.03"
"22,37 : 16.12"
"22,38 : 70.68"
"22,39 : 17.09"
"22,40 : 53.08"
"22,41 : 47.42"
"22,42 : 77.16"
"22,43 : 68.01"
"22,44 : 68.41"
"22,45 : 52.39"
"22,46 : 70.68"
"22,47 : 82.23"
"22,48 : 42.45"
"22,49 : 97.8"
"22,50 : 47.3"
"22,51 : 14.76"
"22,52 : 11.18"
"22,53 : 26.02"
"22,54 : 89.5"
"22,55 : 50.22"
"22,56 : 21.21"
"22,57 : 58.6"
"22,58 : 46.04"
"22,59 : 11.66"
"22,60 : 38.33"
"22,61 : 102.83"
"22,62 : 90.55"
"22,63 : 79.31"
"22,64 : 77.0"
"22,65 : 91.07"
"22,66 : 53.14"
"22,67 : 78.23"
"22,68 : 68.0"
"22,69 : 96.54"
"22,70 : 67.12"
"22,71 : 51.86"
"22,72 : 64.03"
"22,73 : 50.8"
"22,74 : 93.24"
"22,75 : 22.8"
"22,76 : 70.24"
"22,77 : 65.07"
"22,78 : 70.58"
"22,79 : 39.32"
"22,80 : 44.42"
"22,81 : 52.55"
"22,82 : 69.92"
"22,83 : 14.56"
"22,84 : 49.73"
"22,85 : 5.39"
"22,86 : 17.03"
"22,87 : 37.54"
"22,88 : 62.61"
"22,89 : 36.06"
"22,90 : 7.0"
"22,91 : 81.22"
"22,92 : 8.06"
"22,93 : 26.48"
"22,94 : 81.3"
"22,95 : 26.4"
"22,96 : 32.02"
"22,97 : 72.14"
"22,98 : 21.21"
"22,99 : 79.12"
"23,0 : 56.85"
"23,1 : 31.02"
"23,2 : 46.01"
"23,3 : 67.36"
"23,4 : 73.55"
"23,5 : 89.11"
"23,6 : 21.1"
"23,7 : 60.73"
"23,8 : 22.85"
"23,9 : 40.5"
"23,10 : 45.71"
"23,11 : 44.1"
"23,12 : 31.06"
"23,13 : 61.72"
"23,14 : 96.02"
"23,15 : 52.01"
"23,16 : 111.04"
"23,17 : 28.28"
"23,18 : 90.43"
"23,19 : 61.62"
"23,20 : 41.0"
"23,21 : 69.92"
"23,22 : 90.79"
"23,23 : 0.0"
"23,24 : 16.49"
"23,25 : 40.5"
"23,26 : 9.22"
"23,27 : 13.42"
"23,28 : 34.67"
"23,29 : 28.86"
"23,30 : 55.46"
"23,31 : 84.2"
"23,32 : 49.09"
"23,33 : 67.27"
"23,34 : 26.31"
"23,35 : 21.84"
"23,36 : 67.48"
"23,37 : 106.1"
"23,38 : 29.43"
"23,39 : 76.28"
"23,40 : 66.27"
"23,41 : 46.87"
"23,42 : 64.5"
"23,43 : 49.37"
"23,44 : 27.46"
"23,45 : 57.56"
"23,46 : 29.43"
"23,47 : 54.23"
"23,48 : 82.0"
"23,49 : 9.0"
"23,50 : 53.23"
"23,51 : 77.2"
"23,52 : 94.11"
"23,53 : 73.82"
"23,54 : 15.62"
"23,55 : 41.04"
"23,56 : 91.61"
"23,57 : 37.58"
"23,58 : 45.28"
"23,59 : 87.78"
"23,60 : 67.36"
"23,61 : 19.1"
"23,62 : 9.9"
"23,63 : 11.66"
"23,64 : 59.54"
"23,65 : 29.07"
"23,66 : 45.19"
"23,67 : 27.89"
"23,68 : 37.01"
"23,69 : 16.55"
"23,70 : 73.44"
"23,71 : 40.71"
"23,72 : 61.2"
"23,73 : 40.31"
"23,74 : 17.8"
"23,75 : 83.63"
"23,76 : 26.93"
"23,77 : 62.13"
"23,78 : 34.13"
"23,79 : 70.68"
"23,80 : 47.51"
"23,81 : 44.72"
"23,82 : 79.03"
"23,83 : 97.74"
"23,84 : 57.07"
"23,85 : 89.2"
"23,86 : 81.63"
"23,87 : 53.26"
"23,88 : 33.62"
"23,89 : 88.1"
"23,90 : 86.4"
"23,91 : 46.32"
"23,92 : 92.63"
"23,93 : 81.02"
"23,94 : 53.37"
"23,95 : 64.44"
"23,96 : 81.93"
"23,97 : 20.25"
"23,98 : 76.16"
"23,99 : 31.4"
"24,0 : 48.83"
"24,1 : 14.76"
"24,2 : 39.36"
"24,3 : 77.41"
"24,4 : 82.08"
"24,5 : 81.61"
"24,6 : 34.71"
"24,7 : 70.71"
"24,8 : 37.34"
"24,9 : 51.61"
"24,10 : 31.38"
"24,11 : 35.0"
"24,12 : 23.26"
"24,13 : 56.36"
"24,14 : 91.24"
"24,15 : 58.52"
"24,16 : 103.81"
"24,17 : 34.18"
"24,18 : 80.06"
"24,19 : 55.9"
"24,20 : 27.29"
"24,21 : 56.36"
"24,22 : 84.72"
"24,23 : 16.49"
"24,24 : 0.0"
"24,25 : 42.05"
"24,26 : 22.2"
"24,27 : 29.73"
"24,28 : 26.42"
"24,29 : 39.41"
"24,30 : 54.59"
"24,31 : 85.29"
"24,32 : 39.82"
"24,33 : 59.64"
"24,34 : 12.81"
"24,35 : 38.33"
"24,36 : 74.95"
"24,37 : 99.05"
"24,38 : 15.81"
"24,39 : 72.24"
"24,40 : 70.71"
"24,41 : 37.8"
"24,42 : 48.17"
"24,43 : 57.38"
"24,44 : 32.89"
"24,45 : 61.52"
"24,46 : 15.81"
"24,47 : 65.46"
"24,48 : 84.02"
"24,49 : 16.76"
"24,50 : 41.87"
"24,51 : 72.5"
"24,52 : 86.21"
"24,53 : 64.38"
"24,54 : 30.53"
"24,55 : 34.93"
"24,56 : 82.02"
"24,57 : 26.91"
"24,58 : 38.91"
"24,59 : 79.81"
"24,60 : 68.18"
"24,61 : 35.51"
"24,62 : 25.5"
"24,63 : 17.2"
"24,64 : 43.19"
"24,65 : 43.6"
"24,66 : 33.97"
"24,67 : 38.6"
"24,68 : 44.38"
"24,69 : 32.89"
"24,70 : 80.65"
"24,71 : 40.11"
"24,72 : 45.89"
"24,73 : 34.54"
"24,74 : 33.54"
"24,75 : 81.74"
"24,76 : 14.87"
"24,77 : 46.69"
"24,78 : 19.31"
"24,79 : 58.82"
"24,80 : 40.31"
"24,81 : 33.94"
"24,82 : 63.29"
"24,83 : 89.5"
"24,84 : 60.21"
"24,85 : 84.08"
"24,86 : 78.43"
"24,87 : 48.47"
"24,88 : 22.67"
"24,89 : 76.28"
"24,90 : 81.39"
"24,91 : 29.83"
"24,92 : 85.21"
"24,93 : 79.83"
"24,94 : 36.88"
"24,95 : 58.59"
"24,96 : 81.88"
"24,97 : 24.7"
"24,98 : 73.38"
"24,99 : 15.03"
"25,0 : 30.07"
"25,1 : 51.24"
"25,2 : 21.19"
"25,3 : 43.6"
"25,4 : 44.69"
"25,5 : 55.46"
"25,6 : 58.52"
"25,7 : 37.74"
"25,8 : 58.6"
"25,9 : 28.0"
"25,10 : 43.14"
"25,11 : 26.93"
"25,12 : 24.19"
"25,13 : 27.51"
"25,14 : 58.0"
"25,15 : 20.52"
"25,16 : 75.72"
"25,17 : 14.14"
"25,18 : 62.97"
"25,19 : 28.16"
"25,20 : 38.95"
"25,21 : 55.97"
"25,22 : 54.64"
"25,23 : 40.5"
"25,24 : 42.05"
"25,25 : 0.0"
"25,26 : 49.24"
"25,27 : 41.23"
"25,28 : 24.21"
"25,29 : 23.26"
"25,30 : 15.62"
"25,31 : 43.93"
"25,32 : 29.15"
"25,33 : 36.67"
"25,34 : 36.06"
"25,35 : 47.42"
"25,36 : 36.4"
"25,37 : 70.72"
"25,38 : 36.25"
"25,39 : 38.29"
"25,40 : 29.12"
"25,41 : 27.73"
"25,42 : 67.94"
"25,43 : 22.83"
"25,44 : 14.21"
"25,45 : 19.92"
"25,46 : 36.25"
"25,47 : 37.0"
"25,48 : 42.19"
"25,49 : 49.04"
"25,50 : 37.16"
"25,51 : 40.0"
"25,52 : 60.84"
"25,53 : 46.27"
"25,54 : 35.38"
"25,55 : 18.87"
"25,56 : 62.1"
"25,57 : 29.73"
"25,58 : 20.25"
"25,59 : 55.15"
"25,60 : 26.93"
"25,61 : 48.84"
"25,62 : 37.44"
"25,63 : 29.12"
"25,64 : 64.35"
"25,65 : 36.67"
"25,66 : 33.02"
