x,y
95,16
43,100
11,28
23,15
57,66
7,35
56,23
75,58
71,48
52,36
34,87
80,89
48,75
59,29
71,68
71,64
51,1
50,15
26,16
38,12
95,26
57,72
14,17
83,59
44,51
57,50
65,15
80,90
78,50
35,88
74,59
78,62
97,57
94,88
88,92
50,74
56,47
38,71
90,1
19,83
32,59
42,71
52,70
15,2
89,47
43,0
51,4
2,49
20,5
81,49
58,96
94,31
74,15
45,31
23,42
44,18
62,54
85,81
64,9
52,7
52,13
26,17
94,81
57,32
47,60
21,9
31,51
38,42
58,39
51,22
45,14
100,13
95,49
28,93
54,87
51,45
70,12
92,85
36,56
79,70
56,60
87,11
48,75
3,17
71,99
68,99
57,30
96,38
14,58
76,14
100,21
51,47
57,60
90,46
86,2
96,95
20,66
20,67
88,90
13,97

Distanze
"0,0 : 0.0"
"0,1 : 98.79"
"0,2 : 84.85"
"0,3 : 72.01"
"0,4 : 62.8"
"0,5 : 90.03"
"0,6 : 39.62"
"0,7 : 46.52"
"0,8 : 40.0"
"0,9 : 47.42"
"0,10 : 93.61"
"0,11 : 74.53"
"0,12 : 75.43"
"0,13 : 38.28"
"0,14 : 57.27"
"0,15 : 53.67"
"0,16 : 46.49"
"0,17 : 45.01"
"0,18 : 69.0"
"0,19 : 57.14"
"0,20 : 10.0"
"0,21 : 67.68"
"0,22 : 81.01"
"0,23 : 44.64"
"0,24 : 61.85"
"0,25 : 50.99"
"0,26 : 30.02"
"0,27 : 75.5"
"0,28 : 38.01"
"0,29 : 93.72"
"0,30 : 47.85"
"0,31 : 49.04"
"0,32 : 41.05"
"0,33 : 72.01"
"0,34 : 76.32"
"0,35 : 73.41"
"0,36 : 49.82"
"0,37 : 79.21"
"0,38 : 15.81"
"0,39 : 101.32"
"0,40 : 76.28"
"0,41 : 76.38"
"0,42 : 69.03"
"0,43 : 81.22"
"0,44 : 31.58"
"0,45 : 54.41"
"0,46 : 45.61"
"0,47 : 98.68"
"0,48 : 75.8"
"0,49 : 35.85"
"0,50 : 88.14"
"0,51 : 15.03"
"0,52 : 21.02"
"0,53 : 52.2"
"0,54 : 76.55"
"0,55 : 51.04"
"0,56 : 50.33"
"0,57 : 65.76"
"0,58 : 31.78"
"0,59 : 43.93"
"0,60 : 43.1"
"0,61 : 69.01"
"0,62 : 65.01"
"0,63 : 41.23"
"0,64 : 65.12"
"0,65 : 74.33"
"0,66 : 72.95"
"0,67 : 62.65"
"0,68 : 43.57"
"0,69 : 44.41"
"0,70 : 50.04"
"0,71 : 5.83"
"0,72 : 33.0"
"0,73 : 102.07"
"0,74 : 81.99"
"0,75 : 52.7"
"0,76 : 25.32"
"0,77 : 69.07"
"0,78 : 71.28"
"0,79 : 56.32"
"0,80 : 58.8"
"0,81 : 9.43"
"0,82 : 75.43"
"0,83 : 92.01"
"0,84 : 86.4"
"0,85 : 87.28"
"0,86 : 40.5"
"0,87 : 22.02"
"0,88 : 91.24"
"0,89 : 19.1"
"0,90 : 7.07"
"0,91 : 53.82"
"0,92 : 58.14"
"0,93 : 30.41"
"0,94 : 16.64"
"0,95 : 79.01"
"0,96 : 90.14"
"0,97 : 90.7"
"0,98 : 74.33"
"0,99 : 115.26"
"1,0 : 98.79"
"1,1 : 0.0"
"1,2 : 78.79"
"1,3 : 87.32"
"1,4 : 36.77"
"1,5 : 74.3"
"1,6 : 78.09"
"1,7 : 52.8"
"1,8 : 59.06"
"1,9 : 64.63"
"1,10 : 15.81"
"1,11 : 38.6"
"1,12 : 25.5"
"1,13 : 72.78"
"1,14 : 42.52"
"1,15 : 45.61"
"1,16 : 99.32"
"1,17 : 85.29"
"1,18 : 85.7"
"1,19 : 88.14"
"1,20 : 90.44"
"1,21 : 31.3"
"1,22 : 87.92"
"1,23 : 57.28"
"1,24 : 49.01"
"1,25 : 51.92"
"1,26 : 87.8"
"1,27 : 38.33"
"1,28 : 61.03"
"1,29 : 14.42"
"1,30 : 51.4"
"1,31 : 51.66"
"1,32 : 69.03"
"1,33 : 52.39"
"1,34 : 45.71"
"1,35 : 26.93"
"1,36 : 54.57"
"1,37 : 29.43"
"1,38 : 109.59"
"1,39 : 29.41"
"1,40 : 42.45"
"1,41 : 29.02"
"1,42 : 31.32"
"1,43 : 101.92"
"1,44 : 70.18"
"1,45 : 100.0"
"1,46 : 96.33"
"1,47 : 65.44"
"1,48 : 97.74"
"1,49 : 63.6"
"1,50 : 15.52"
"1,51 : 85.8"
"1,52 : 90.48"
"1,53 : 69.03"
"1,54 : 61.35"
"1,55 : 82.01"
"1,56 : 49.77"
"1,57 : 46.1"
"1,58 : 93.39"
"1,59 : 93.43"
"1,60 : 87.46"
"1,61 : 84.72"
"1,62 : 54.42"
"1,63 : 69.43"
"1,64 : 40.2"
"1,65 : 93.62"
"1,66 : 50.45"
"1,67 : 58.22"
"1,68 : 62.82"
"1,69 : 78.41"
"1,70 : 86.02"
"1,71 : 104.01"
"1,72 : 72.84"
"1,73 : 16.55"
"1,74 : 17.03"
"1,75 : 55.58"
"1,76 : 92.05"
"1,77 : 51.24"
"1,78 : 44.55"
"1,79 : 46.86"
"1,80 : 42.06"
"1,81 : 99.28"
"1,82 : 25.5"
"1,83 : 92.14"
"1,84 : 28.02"
"1,85 : 25.02"
"1,86 : 71.39"
"1,87 : 81.57"
"1,88 : 51.04"
"1,89 : 92.11"
"1,90 : 97.42"
"1,91 : 53.6"
"1,92 : 42.38"
"1,93 : 71.59"
"1,94 : 107.02"
"1,95 : 53.24"
"1,96 : 41.05"
"1,97 : 40.22"
"1,98 : 46.1"
"1,99 : 30.15"
"2,0 : 84.85"
"2,1 : 78.79"
"2,2 : 0.0"
"2,3 : 17.69"
"2,4 : 59.67"
"2,5 : 8.06"
"2,6 : 45.28"
"2,7 : 70.68"
"2,8 : 63.25"
"2,9 : 41.77"
"2,10 : 63.32"
"2,11 : 92.1"
"2,12 : 59.82"
"2,13 : 48.01"
"2,14 : 72.11"
"2,15 : 69.97"
"2,16 : 48.26"
"2,17 : 41.11"
"2,18 : 19.21"
"2,19 : 31.38"
"2,20 : 84.02"
"2,21 : 63.66"
"2,22 : 11.4"
"2,23 : 78.39"
"2,24 : 40.22"
"2,25 : 50.99"
"2,26 : 55.54"
"2,27 : 92.76"
"2,28 : 70.52"
"2,29 : 64.62"
"2,30 : 70.21"
"2,31 : 75.13"
"2,32 : 90.76"
"2,33 : 102.42"
"2,34 : 100.12"
"2,35 : 60.31"
"2,36 : 48.85"
"2,37 : 50.77"
"2,38 : 83.49"
"2,39 : 55.58"
"2,40 : 37.44"
"2,41 : 53.01"
"2,42 : 58.69"
"2,43 : 26.31"
"2,44 : 80.28"
"2,45 : 42.52"
"2,46 : 46.65"
"2,47 : 22.85"
"2,48 : 24.7"
"2,49 : 73.08"
"2,50 : 82.66"
"2,51 : 83.05"
"2,52 : 64.33"
"2,53 : 34.13"
"2,54 : 18.44"
"2,55 : 34.48"
"2,56 : 57.25"
"2,57 : 91.02"
"2,58 : 56.3"
"2,59 : 46.07"
"2,60 : 43.66"
"2,61 : 18.6"
"2,62 : 98.48"
"2,63 : 46.17"
"2,64 : 48.17"
"2,65 : 21.47"
"2,66 : 30.48"
"2,67 : 30.41"
"2,68 : 48.27"
"2,69 : 40.45"
"2,70 : 36.77"
"2,71 : 90.26"
"2,72 : 86.59"
"2,73 : 67.19"
"2,74 : 73.01"
"2,75 : 43.46"
"2,76 : 61.13"
"2,77 : 99.05"
"2,78 : 37.54"
"2,79 : 79.92"
"2,80 : 55.22"
"2,81 : 77.88"
"2,82 : 59.82"
"2,83 : 13.6"
"2,84 : 92.96"
"2,85 : 91.05"
"2,86 : 46.04"
"2,87 : 85.59"
"2,88 : 30.15"
"2,89 : 66.49"
"2,90 : 89.27"
"2,91 : 44.28"
"2,92 : 56.04"
"2,93 : 81.02"
"2,94 : 79.38"
"2,95 : 108.23"
"2,96 : 39.05"
"2,97 : 40.02"
"2,98 : 98.86"
"2,99 : 69.03"
"3,0 : 72.01"
"3,1 : 87.32"
"3,2 : 17.69"
"3,3 : 0.0"
"3,4 : 61.29"
"3,5 : 25.61"
"3,6 : 33.96"
"3,7 : 67.48"
"3,8 : 58.25"
"3,9 : 35.81"
"3,10 : 72.84"
"3,11 : 93.41"
"3,12 : 65.0"
"3,13 : 38.63"
"3,14 : 71.51"
"3,15 : 68.59"
"3,16 : 31.3"
"3,17 : 27.0"
"3,18 : 3.16"
"3,19 : 15.3"
"3,20 : 72.84"
"3,21 : 66.37"
"3,22 : 9.22"
"3,23 : 74.4"
"3,24 : 41.68"
"3,25 : 48.8"
"3,26 : 42.0"
"3,27 : 94.2"
"3,28 : 65.19"
"3,29 : 73.98"
"3,30 : 67.36"
"3,31 : 72.35"
"3,32 : 85.09"
"3,33 : 101.83"
"3,34 : 100.77"
"3,35 : 64.88"
"3,36 : 45.97"
"3,37 : 57.97"
"3,38 : 68.45"
"3,39 : 68.12"
"3,40 : 44.91"
"3,41 : 59.14"
"3,42 : 62.18"
"3,43 : 15.26"
"3,44 : 73.35"
"3,45 : 25.0"
"3,46 : 30.08"
"3,47 : 39.96"
"3,48 : 10.44"
"3,49 : 67.23"
"3,50 : 88.24"
"3,51 : 72.78"
"3,52 : 51.0"
"3,53 : 27.2"
"3,54 : 27.0"
"3,55 : 21.21"
"3,56 : 55.15"
"3,57 : 90.55"
"3,58 : 41.44"
"3,59 : 30.08"
"3,60 : 29.07"
"3,61 : 3.61"
"3,62 : 96.94"
"3,63 : 38.01"
"3,64 : 51.0"
"3,65 : 6.32"
"3,66 : 36.88"
"3,67 : 30.89"
"3,68 : 42.44"
"3,69 : 28.86"
"3,70 : 22.02"
"3,71 : 77.03"
"3,72 : 79.62"
"3,73 : 78.16"
"3,74 : 78.39"
"3,75 : 41.04"
"3,76 : 47.1"
"3,77 : 98.29"
"3,78 : 43.01"
"3,79 : 78.49"
"3,80 : 55.8"
"3,81 : 64.12"
"3,82 : 65.0"
"3,83 : 20.1"
"3,84 : 96.75"
"3,85 : 95.29"
"3,86 : 37.16"
"3,87 : 76.54"
"3,88 : 43.93"
"3,89 : 53.01"
"3,90 : 77.23"
"3,91 : 42.52"
"3,92 : 56.4"
"3,93 : 73.82"
"3,94 : 64.33"
"3,95 : 108.3"
"3,96 : 51.09"
"3,97 : 52.09"
"3,98 : 99.25"
"3,99 : 82.61"
"4,0 : 62.8"
"4,1 : 36.77"
"4,2 : 59.67"
"4,3 : 61.29"
"4,4 : 0.0"
"4,5 : 58.83"
"4,6 : 43.01"
"4,7 : 19.7"
"4,8 : 22.8"
"4,9 : 30.41"
"4,10 : 31.14"
"4,11 : 32.53"
"4,12 : 12.73"
"4,13 : 37.05"
"4,14 : 14.14"
"4,15 : 14.14"
"4,16 : 65.28"
"4,17 : 51.48"
"4,18 : 58.83"
"4,19 : 57.25"
"4,20 : 55.17"
"4,21 : 6.0"
"4,22 : 65.19"
"4,23 : 26.93"
"4,24 : 19.85"
"4,25 : 16.0"
"4,26 : 51.62"
"4,27 : 33.24"
"4,28 : 26.4"
"4,29 : 31.11"
"4,30 : 18.38"
"4,31 : 21.38"
"4,32 : 41.0"
"4,33 : 43.05"
"4,34 : 40.46"
"4,35 : 10.63"
"4,36 : 19.03"
"4,37 : 19.65"
"4,38 : 72.9"
"4,39 : 41.63"
"4,40 : 25.96"
"4,41 : 15.81"
"4,42 : 6.4"
"4,43 : 76.55"
"4,44 : 37.22"
"4,45 : 67.47"
"4,46 : 62.29"
"4,47 : 57.57"
"4,48 : 71.34"
"4,49 : 29.41"
"4,50 : 30.02"
"4,51 : 50.93"
"4,52 : 53.76"
"4,53 : 37.0"
"4,54 : 41.62"
"4,55 : 49.73"
"4,56 : 13.0"
"4,57 : 31.76"
"4,58 : 57.43"
"4,59 : 59.21"
"4,60 : 53.24"
"4,61 : 57.98"
"4,62 : 39.92"
"4,63 : 34.0"
"4,64 : 11.66"
"4,65 : 67.42"
"4,66 : 30.02"
"4,67 : 30.61"
"4,68 : 27.02"
"4,69 : 44.41"
"4,70 : 53.37"
"4,71 : 68.25"
"4,72 : 41.63"
"4,73 : 39.62"
"4,74 : 21.21"
"4,75 : 21.84"
"4,76 : 55.54"
"4,77 : 39.82"
"4,78 : 23.26"
"4,79 : 22.36"
"4,80 : 6.08"
"4,81 : 62.65"
"4,82 : 12.73"
"4,83 : 72.92"
"4,84 : 35.85"
"4,85 : 34.79"
"4,86 : 36.0"
"4,87 : 48.01"
"4,88 : 43.74"
"4,89 : 55.36"
"4,90 : 62.24"
"4,91 : 19.92"
"4,92 : 6.0"
"4,93 : 38.59"
"4,94 : 70.26"
"4,95 : 48.6"
"4,96 : 37.0"
"4,97 : 37.01"
"4,98 : 39.2"
"4,99 : 53.82"
"5,0 : 90.03"
"5,1 : 74.3"
"5,2 : 8.06"
"5,3 : 25.61"
"5,4 : 58.83"
"5,5 : 0.0"
"5,6 : 50.45"
"5,7 : 71.78"
"5,8 : 65.31"
"5,9 : 45.01"
"5,10 : 58.59"
"5,11 : 90.8"
"5,12 : 57.28"
"5,13 : 52.35"
"5,14 : 72.01"
"5,15 : 70.26"
"5,16 : 55.61"
"5,17 : 47.42"
"5,18 : 26.87"
"5,19 : 38.6"
"5,20 : 88.46"
"5,21 : 62.2"
"5,22 : 19.31"
"5,23 : 79.7"
"5,24 : 40.31"
"5,25 : 52.2"
"5,26 : 61.35"
"5,27 : 91.4"
"5,28 : 72.57"
"5,29 : 59.94"
"5,30 : 71.17"
"5,31 : 75.96"
"5,32 : 92.65"
"5,33 : 101.87"
"5,34 : 99.05"
"5,35 : 58.05"
"5,36 : 50.45"
"5,37 : 47.51"
"5,38 : 89.69"
"5,39 : 49.48"
"5,40 : 34.66"
"5,41 : 50.21"
"5,42 : 57.01"
"5,43 : 33.96"
"5,44 : 82.87"
"5,45 : 50.21"
"5,46 : 53.82"
"5,47 : 14.87"
"5,48 : 32.7"
"5,49 : 75.31"
"5,50 : 79.51"
"5,51 : 87.09"
"5,52 : 69.92"
"5,53 : 38.21"
"5,54 : 17.46"
"5,55 : 40.72"
"5,56 : 58.19"
"5,57 : 90.55"
"5,58 : 62.65"
"5,59 : 53.0"
"5,60 : 50.09"
"5,61 : 26.17"
"5,62 : 98.41"
"5,63 : 50.09"
"5,64 : 47.17"
"5,65 : 29.53"
"5,66 : 28.84"
"5,67 : 31.78"
"5,68 : 51.16"
"5,69 : 45.88"
"5,70 : 43.42"
"5,71 : 95.57"
"5,72 : 89.11"
"5,73 : 61.68"
"5,74 : 70.09"
"5,75 : 45.12"
"5,76 : 67.07"
"5,77 : 98.62"
"5,78 : 35.81"
"5,79 : 80.06"
"5,80 : 55.01"
"5,81 : 83.52"
"5,82 : 57.28"
"5,83 : 18.44"
"5,84 : 90.51"
"5,85 : 88.41"
"5,86 : 50.25"
"5,87 : 89.05"
"5,88 : 24.04"
"5,89 : 72.12"
"5,90 : 94.05"
"5,91 : 45.61"
"5,92 : 55.9"
"5,93 : 83.73"
"5,94 : 85.62"
"5,95 : 107.34"
"5,96 : 33.62"
"5,97 : 34.54"
"5,98 : 97.91"
"5,99 : 62.29"
"6,0 : 39.62"
"6,1 : 78.09"
"6,2 : 45.28"
"6,3 : 33.96"
"6,4 : 43.01"
"6,5 : 50.45"
"6,6 : 0.0"
"6,7 : 39.82"
"6,8 : 29.15"
"6,9 : 13.6"
"6,10 : 67.68"
"6,11 : 70.23"
"6,12 : 52.61"
"6,13 : 6.71"
"6,14 : 47.43"
"6,15 : 43.66"
"6,16 : 22.56"
"6,17 : 10.0"
"6,18 : 30.81"
"6,19 : 21.1"
"6,20 : 39.12"
"6,21 : 49.01"
"6,22 : 42.43"
"6,23 : 45.0"
"6,24 : 30.46"
"6,25 : 27.02"
"6,26 : 12.04"
"6,27 : 71.17"
"6,28 : 34.83"
"6,29 : 68.31"
"6,30 : 40.25"
"6,31 : 44.78"
"6,32 : 53.26"
"6,33 : 75.29"
"6,34 : 76.06"
"6,35 : 51.35"
"6,36 : 24.0"
"6,37 : 51.26"
"6,38 : 40.5"
"6,39 : 70.49"
"6,40 : 43.27"
"6,41 : 50.0"
"6,42 : 47.17"
"6,43 : 46.07"
"6,44 : 40.8"
"6,45 : 26.42"
"6,46 : 19.65"
"6,47 : 59.93"
"6,48 : 40.25"
"6,49 : 36.07"
"6,50 : 73.03"
"6,51 : 38.83"
"6,52 : 19.7"
"6,53 : 13.6"
"6,54 : 38.08"
"6,55 : 13.0"
"6,56 : 31.58"
"6,57 : 64.85"
"6,58 : 16.12"
"6,59 : 16.49"
"6,60 : 10.77"
"6,61 : 30.59"
"6,62 : 69.34"
"6,63 : 9.06"
"6,64 : 38.08"
"6,65 : 37.7"
"6,66 : 37.54"
"6,67 : 26.17"
"6,68 : 16.12"
"6,69 : 5.1"
"6,70 : 14.21"
"6,71 : 45.12"
"6,72 : 46.87"
"6,73 : 75.39"
"6,74 : 64.03"
"6,75 : 22.56"
"6,76 : 17.8"
"6,77 : 71.69"
"6,78 : 38.59"
"6,79 : 52.33"
"6,80 : 37.0"
"6,81 : 33.24"
"6,82 : 52.61"
"6,83 : 53.34"
"6,84 : 77.47"
"6,85 : 76.94"
"6,86 : 7.07"
"6,87 : 42.72"
"6,88 : 54.67"
"6,89 : 21.93"
"6,90 : 44.05"
"6,91 : 24.52"
"6,92 : 37.01"
"6,93 : 41.05"
"6,94 : 36.62"
"6,95 : 82.37"
"6,96 : 56.08"
"6,97 : 56.85"
"6,98 : 74.25"
"6,99 : 85.59"
"7,0 : 46.52"
"7,1 : 52.8"
"7,2 : 70.68"
"7,3 : 67.48"
"7,4 : 19.7"
"7,5 : 71.78"
"7,6 : 39.82"
"7,7 : 0.0"
"7,8 : 10.77"
"7,9 : 31.83"
"7,10 : 50.22"
"7,11 : 31.4"
"7,12 : 31.91"
"7,13 : 33.12"
"7,14 : 10.77"
"7,15 : 7.21"
"7,16 : 61.85"
"7,17 : 49.74"
"7,18 : 64.54"
"7,19 : 59.03"
"7,20 : 37.74"
"7,21 : 22.8"
"7,22 : 73.5"
"7,23 : 8.06"
"7,24 : 31.78"
"7,25 : 19.7"
"7,26 : 44.15"
"7,27 : 32.39"
"7,28 : 8.54"
"7,29 : 50.0"
"7,30 : 1.41"
"7,31 : 5.0"
"7,32 : 22.02"
"7,33 : 35.51"
"7,34 : 36.4"
"7,35 : 29.68"
"7,36 : 21.95"
"7,37 : 39.22"
"7,38 : 58.94"
"7,39 : 61.33"
"7,40 : 43.01"
"7,41 : 35.47"
"7,42 : 25.94"
"7,43 : 82.07"
"7,44 : 17.8"
"7,45 : 66.24"
"7,46 : 59.09"
"7,47 : 73.55"
"7,48 : 76.38"
"7,49 : 10.82"
"7,50 : 41.63"
"7,51 : 33.02"
"7,52 : 43.01"
"7,53 : 40.36"
"7,54 : 54.41"
"7,55 : 50.61"
"7,56 : 13.6"
"7,57 : 25.08"
"7,58 : 50.22"
"7,59 : 55.95"
"7,60 : 50.54"
"7,61 : 63.89"
"7,62 : 29.83"
"7,63 : 31.62"
"7,64 : 28.07"
"7,65 : 72.92"
"7,66 : 44.55"
"7,67 : 40.31"
"7,68 : 25.5"
"7,69 : 43.27"
"7,70 : 53.25"
"7,71 : 51.48"
"7,72 : 21.93"
"7,73 : 58.6"
"7,74 : 35.81"
"7,75 : 27.29"
"7,76 : 46.27"
"7,77 : 31.91"
"7,78 : 39.05"
"7,79 : 12.65"
"7,80 : 19.1"
"7,81 : 48.51"
"7,82 : 31.91"
"7,83 : 82.86"
"7,84 : 41.19"
"7,85 : 41.59"
"7,86 : 33.29"
"7,87 : 29.0"
"7,88 : 61.0"
"7,89 : 44.01"
"7,90 : 44.65"
"7,91 : 26.4"
"7,92 : 18.11"
"7,93 : 19.21"
"7,94 : 57.07"
"7,95 : 42.54"
"7,96 : 55.58"
"7,97 : 55.73"
"7,98 : 34.54"
"7,99 : 73.25"
"8,0 : 40.0"
"8,1 : 59.06"
"8,2 : 63.25"
"8,3 : 58.25"
"8,4 : 22.8"
"8,5 : 65.31"
"8,6 : 29.15"
"8,7 : 10.77"
"8,8 : 0.0"
"8,9 : 22.47"
"8,10 : 53.76"
"8,11 : 41.98"
"8,12 : 35.47"
"8,13 : 22.47"
"8,14 : 20.0"
"8,15 : 16.0"
"8,16 : 51.08"
"8,17 : 39.12"
"8,18 : 55.22"
"8,19 : 48.84"
"8,20 : 32.56"
"8,21 : 27.78"
"8,22 : 64.88"
"8,23 : 16.28"
"8,24 : 27.17"
"8,25 : 14.14"
"8,26 : 33.54"
"8,27 : 42.95"
"8,28 : 7.28"
"8,29 : 53.81"
"8,30 : 11.4"
"8,31 : 15.65"
"8,32 : 27.51"
"8,33 : 46.14"
"8,34 : 47.17"
"8,35 : 33.42"
"8,36 : 15.03"
"8,37 : 40.22"
"8,38 : 50.7"
"8,39 : 62.68"
"8,40 : 40.52"
"8,41 : 37.01"
"8,42 : 29.07"
"8,43 : 72.47"
"8,44 : 18.03"
"8,45 : 55.57"
"8,46 : 48.33"
"8,47 : 69.01"
"8,48 : 66.71"
"8,49 : 10.05"
"8,50 : 49.73"
"8,51 : 28.6"
"8,52 : 33.14"
"8,53 : 31.06"
"8,54 : 48.37"
"8,55 : 40.36"
"8,56 : 10.82"
"8,57 : 35.85"
"8,58 : 39.62"
"8,59 : 45.19"
"8,60 : 39.82"
"8,61 : 54.64"
"8,62 : 40.22"
"8,63 : 21.26"
"8,64 : 26.83"
"8,65 : 63.41"
"8,66 : 40.11"
"8,67 : 33.54"
"8,68 : 15.81"
"8,69 : 32.8"
"8,70 : 42.8"
"8,71 : 45.45"
"8,72 : 24.02"
"8,73 : 62.24"
"8,74 : 42.54"
"8,75 : 20.22"
"8,76 : 36.01"
"8,77 : 42.54"
"8,78 : 35.9"
"8,79 : 23.41"
"8,80 : 19.21"
"8,81 : 40.31"
"8,82 : 35.47"
"8,83 : 74.73"
"8,84 : 51.0"
"8,85 : 51.09"
"8,86 : 22.8"
"8,87 : 26.93"
"8,88 : 57.87"
"8,89 : 34.37"
"8,90 : 39.62"
"8,91 : 20.02"
"8,92 : 18.44"
"8,93 : 19.1"
"8,94 : 48.38"
"8,95 : 53.24"
"8,96 : 54.08"
"8,97 : 54.42"
"8,98 : 45.31"
"8,99 : 75.93"
"9,0 : 47.42"
"9,1 : 64.63"
"9,2 : 41.77"
"9,3 : 35.81"
"9,4 : 30.41"
"9,5 : 45.01"
"9,6 : 13.6"
"9,7 : 31.83"
"9,8 : 22.47"
"9,9 : 0.0"
"9,10 : 54.08"
"9,11 : 59.94"
"9,12 : 39.2"
"9,13 : 9.9"
"9,14 : 37.22"
"9,15 : 33.84"
"9,16 : 35.01"
"9,17 : 21.1"
"9,18 : 32.8"
"9,19 : 27.78"
"9,20 : 44.15"
"9,21 : 36.35"
"9,22 : 42.49"
"9,23 : 38.6"
"9,24 : 17.0"
"9,25 : 14.87"
"9,26 : 24.7"
"9,27 : 60.83"
"9,28 : 29.53"
"9,29 : 54.71"
"9,30 : 31.83"
"9,31 : 36.77"
"9,32 : 49.66"
"9,33 : 66.84"
"9,34 : 66.57"
"9,35 : 38.05"
"9,36 : 11.7"
"9,37 : 37.7"
"9,38 : 51.66"
"9,39 : 57.43"
"9,40 : 30.48"
"9,41 : 36.4"
"9,42 : 34.0"
"9,43 : 50.25"
"9,44 : 38.6"
"9,45 : 37.11"
"9,46 : 32.02"
"9,47 : 51.66"
"9,48 : 44.55"
"9,49 : 31.78"
"9,50 : 60.3"
"9,51 : 42.3"
"9,52 : 30.41"
"9,53 : 8.6"
"9,54 : 29.61"
"9,55 : 19.7"
"9,56 : 20.59"
"9,57 : 55.8"
"9,58 : 29.55"
"9,59 : 29.0"
"9,60 : 23.0"
"9,61 : 32.2"
"9,62 : 61.55"
"9,63 : 6.4"
"9,64 : 24.52"
"9,65 : 41.11"
"9,66 : 25.81"
"9,67 : 15.23"
"9,68 : 6.71"
"9,69 : 14.04"
"9,70 : 23.09"
"9,71 : 53.23"
"9,72 : 44.92"
"9,73 : 61.85"
"9,74 : 51.04"
"9,75 : 9.06"
"9,76 : 30.0"
"9,77 : 63.25"
"9,78 : 25.61"
"9,79 : 43.42"
"9,80 : 24.33"
"9,81 : 43.01"
"9,82 : 39.2"
"9,83 : 52.55"
"9,84 : 65.8"
"9,85 : 65.0"
"9,86 : 7.81"
"9,87 : 44.05"
"9,88 : 43.91"
"9,89 : 32.56"
"9,90 : 50.29"
"9,91 : 11.05"
"9,92 : 24.52"
"9,93 : 39.29"
"9,94 : 48.08"
"9,95 : 73.6"
"9,96 : 43.86"
"9,97 : 44.55"
"9,98 : 64.9"
"9,99 : 72.4"
"10,0 : 93.61"
"10,1 : 15.81"
"10,2 : 63.32"
"10,3 : 72.84"
"10,4 : 31.14"
"10,5 : 58.59"
"10,6 : 67.68"
"10,7 : 50.22"
"10,8 : 53.76"
"10,9 : 54.08"
"10,10 : 0.0"
"10,11 : 46.04"
"10,12 : 18.44"
"10,13 : 63.16"
"10,14 : 41.59"
"10,15 : 43.57"
"10,16 : 87.66"
"10,17 : 73.76"
"10,18 : 71.45"
"10,19 : 75.11"
"10,20 : 86.27"
"10,21 : 27.46"
"10,22 : 72.8"
"10,23 : 56.44"
"10,24 : 37.36"
"10,25 : 43.57"
"10,26 : 78.39"
"10,27 : 46.1"
"10,28 : 57.49"
"10,29 : 1.41"
"10,30 : 48.83"
"10,31 : 50.61"
"10,32 : 69.78"
"10,33 : 60.01"
"10,34 : 54.23"
"10,35 : 20.62"
"10,36 : 45.65"
"10,37 : 16.49"
"10,38 : 102.63"
"10,39 : 15.52"
"10,40 : 28.07"
"10,41 : 17.89"
"10,42 : 24.76"
"10,43 : 87.1"
"10,44 : 68.01"
"10,45 : 87.46"
"10,46 : 84.72"
"10,47 : 49.68"
"10,48 : 83.19"
"10,49 : 60.44"
"10,50 : 25.63"
"10,51 : 82.07"
"10,52 : 82.37"
"10,53 : 57.07"
"10,54 : 46.32"
"10,55 : 69.72"
"10,56 : 43.28"
"10,57 : 51.35"
"10,58 : 83.57"
"10,59 : 82.0"
"10,60 : 76.16"
"10,61 : 70.46"
"10,62 : 60.3"
"10,63 : 59.62"
"10,64 : 29.97"
"10,65 : 79.08"
"10,66 : 36.12"
"10,67 : 45.18"
"10,68 : 53.67"
"10,69 : 67.19"
"10,70 : 73.82"
"10,71 : 99.16"
"10,72 : 71.87"
"10,73 : 8.49"
"10,74 : 20.0"
"10,75 : 45.31"
"10,76 : 83.19"
"10,77 : 58.03"
"10,78 : 31.06"
"10,79 : 48.1"
"10,80 : 34.83"
"10,81 : 92.66"
"10,82 : 18.44"
"10,83 : 76.56"
"10,84 : 38.9"
"10,85 : 36.06"
"10,86 : 61.47"
"10,87 : 79.03"
"10,88 : 35.23"
"10,89 : 84.22"
"10,90 : 93.34"
"10,91 : 43.46"
"10,92 : 35.47"
"10,93 : 69.4"
"10,94 : 99.64"
"10,95 : 62.51"
"10,96 : 25.24"
"10,97 : 24.41"
"10,98 : 54.08"
"10,99 : 23.26"
"11,0 : 74.53"
"11,1 : 38.6"
"11,2 : 92.1"
"11,3 : 93.41"
"11,4 : 32.53"
"11,5 : 90.8"
"11,6 : 70.23"
"11,7 : 31.4"
"11,8 : 41.98"
"11,9 : 59.94"
"11,10 : 46.04"
"11,11 : 0.0"
"11,12 : 34.93"
"11,13 : 63.57"
"11,14 : 22.85"
"11,15 : 26.57"
"11,16 : 92.66"
"11,17 : 79.85"
"11,18 : 90.8"
"11,19 : 87.71"
"11,20 : 64.76"
"11,21 : 28.6"
"11,22 : 97.67"
"11,23 : 30.15"
"11,24 : 52.35"
"11,25 : 45.28"
"11,26 : 75.5"
"11,27 : 1.0"
"11,28 : 39.05"
"11,29 : 45.01"
"11,30 : 30.59"
"11,31 : 27.07"
"11,32 : 36.24"
"11,33 : 14.04"
"11,34 : 8.54"
"11,35 : 33.54"
"11,36 : 48.37"
"11,37 : 45.69"
"11,38 : 88.57"
"11,39 : 61.29"
"11,40 : 56.6"
"11,41 : 42.05"
"11,42 : 33.84"
"11,43 : 108.6"
"11,44 : 42.95"
"11,45 : 96.38"
"11,46 : 89.81"
"11,47 : 87.66"
"11,48 : 103.23"
"11,49 : 40.01"
"11,50 : 23.09"
"11,51 : 59.67"
"11,52 : 74.24"
"11,53 : 67.74"
"11,54 : 73.88"
"11,55 : 79.61"
"11,56 : 39.36"
"11,57 : 9.43"
"11,58 : 81.58"
"11,59 : 86.65"
"11,60 : 80.99"
"11,61 : 90.0"
"11,62 : 16.12"
"11,63 : 61.47"
"11,64 : 43.93"
"11,65 : 99.4"
"11,66 : 62.01"
"11,67 : 63.03"
"11,68 : 54.63"
"11,69 : 73.01"
"11,70 : 82.76"
"11,71 : 78.59"
"11,72 : 42.72"
"11,73 : 52.15"
"11,74 : 26.08"
"11,75 : 52.7"
"11,76 : 77.65"
"11,77 : 12.65"
"11,78 : 55.0"
"11,79 : 19.03"
"11,80 : 37.64"
"11,81 : 78.31"
"11,82 : 34.93"
"11,83 : 105.42"
"11,84 : 13.45"
"11,85 : 15.62"
"11,86 : 63.32"
"11,87 : 53.45"
"11,88 : 72.92"
"11,89 : 75.11"
"11,90 : 70.88"
"11,91 : 51.04"
"11,92 : 37.01"
"11,93 : 44.15"
"11,94 : 87.21"
"11,95 : 17.09"
"11,96 : 64.26"
"11,97 : 63.91"
"11,98 : 8.06"
"11,99 : 67.48"
"12,0 : 75.43"
"12,1 : 25.5"
"12,2 : 59.82"
"12,3 : 65.0"
"12,4 : 12.73"
"12,5 : 57.28"
"12,6 : 52.61"
"12,7 : 31.91"
"12,8 : 35.47"
"12,9 : 39.2"
"12,10 : 18.44"
"12,11 : 34.93"
"12,12 : 0.0"
"12,13 : 47.3"
"12,14 : 24.04"
"12,15 : 25.5"
"12,16 : 74.06"
"12,17 : 60.03"
"12,18 : 62.97"
"12,19 : 63.79"
"12,20 : 67.9"
"12,21 : 9.49"
"12,22 : 67.23"
"12,23 : 38.48"
"12,24 : 24.33"
"12,25 : 26.57"
"12,26 : 62.36"
"12,27 : 35.34"
"12,28 : 39.05"
"12,29 : 18.38"
"12,30 : 30.53"
"12,31 : 32.7"
"12,32 : 52.2"
"12,33 : 47.8"
"12,34 : 43.46"
"12,35 : 2.24"
"12,36 : 29.12"
"12,37 : 10.77"
"12,38 : 85.09"
"12,39 : 30.08"
"12,40 : 22.63"
"12,41 : 7.21"
"12,42 : 6.4"
"12,43 : 80.11"
"12,44 : 49.65"
"12,45 : 75.17"
"12,46 : 71.06"
"12,47 : 52.84"
"12,48 : 75.39"
"12,49 : 42.01"
"12,50 : 23.26"
"12,51 : 63.66"
"12,52 : 65.39"
"12,53 : 44.1"
"12,54 : 41.4"
"12,55 : 57.14"
"12,56 : 25.24"
"12,57 : 37.48"
"12,58 : 67.91"
"12,59 : 68.12"
"12,60 : 62.13"
"12,61 : 62.03"
"12,62 : 46.39"
"12,63 : 43.93"
"12,64 : 15.03"
"12,65 : 71.31"
"12,66 : 29.41"
"12,67 : 34.48"
"12,68 : 37.36"
"12,69 : 53.08"
"12,70 : 61.07"
"12,71 : 80.92"
"12,72 : 53.71"
"12,73 : 26.91"
"12,74 : 13.42"
"12,75 : 30.15"
"12,76 : 66.73"
"12,77 : 45.12"
"12,78 : 22.47"
"12,79 : 31.4"
"12,80 : 17.0"
"12,81 : 74.95"
"12,82 : 0.0"
"12,83 : 73.41"
"12,84 : 33.24"
"12,85 : 31.24"
"12,86 : 45.89"
"12,87 : 60.61"
"12,88 : 38.01"
"12,89 : 67.12"
"12,90 : 74.97"
"12,91 : 28.16"
"12,92 : 17.49"
"12,93 : 51.04"
"12,94 : 82.3"
"12,95 : 52.0"
"12,96 : 29.41"
"12,97 : 29.12"
"12,98 : 42.72"
"12,99 : 41.34"
"13,0 : 38.28"
"13,1 : 72.78"
"13,2 : 48.01"
"13,3 : 38.63"
"13,4 : 37.05"
"13,5 : 52.35"
"13,6 : 6.71"
"13,7 : 33.12"
"13,8 : 22.47"
"13,9 : 9.9"
"13,10 : 63.16"
"13,11 : 63.57"
"13,12 : 47.3"
"13,13 : 0.0"
"13,14 : 40.8"
"13,15 : 37.0"
"13,16 : 29.12"
"13,17 : 16.64"
"13,18 : 35.47"
"13,19 : 27.02"
"13,20 : 36.12"
"13,21 : 43.05"
"13,22 : 46.57"
"13,23 : 38.42"
"13,24 : 26.63"
"13,25 : 21.1"
"13,26 : 15.23"
"13,27 : 64.51"
"13,28 : 28.32"
"13,29 : 63.69"
"13,30 : 33.54"
"13,31 : 38.08"
"13,32 : 47.2"
"13,33 : 68.6"
"13,34 : 69.35"
"13,35 : 45.89"
"13,36 : 18.25"
"13,37 : 46.96"
"13,38 : 41.77"
"13,39 : 67.2"
"13,40 : 40.36"
"13,41 : 45.31"
"13,42 : 41.59"
"13,43 : 51.62"
"13,44 : 34.99"
"13,45 : 33.12"
"13,46 : 26.25"
"13,47 : 60.41"
"13,48 : 45.79"
"13,49 : 29.73"
"13,50 : 67.01"
"13,51 : 35.06"
"13,52 : 20.52"
"13,53 : 14.14"
"13,54 : 38.28"
"13,55 : 18.6"
"13,56 : 25.18"
"13,57 : 58.14"
"13,58 : 20.62"
"13,59 : 23.09"
"13,60 : 17.46"
"13,61 : 35.11"
"13,62 : 62.68"
"13,63 : 3.61"
"13,64 : 33.24"
"13,65 : 42.94"
"13,66 : 35.61"
"13,67 : 24.7"
"13,68 : 10.05"
"13,69 : 10.63"
"13,70 : 20.52"
"13,71 : 44.01"
"13,72 : 41.18"
"13,73 : 71.11"
"13,74 : 58.22"
"13,75 : 17.89"
"13,76 : 20.25"
"13,77 : 65.0"
"13,78 : 35.47"
"13,79 : 45.62"
"13,80 : 31.14"
"13,81 : 33.29"
"13,82 : 47.3"
"13,83 : 57.27"
"13,84 : 71.02"
"13,85 : 70.58"
"13,86 : 2.24"
"13,87 : 38.08"
"13,88 : 53.54"
"13,89 : 22.67"
"13,90 : 41.77"
"13,91 : 19.7"
"13,92 : 31.06"
"13,93 : 35.36"
"13,94 : 38.18"
"13,95 : 75.66"
"13,96 : 53.76"
"13,97 : 54.45"
"13,98 : 67.54"
"13,99 : 82.1"
"14,0 : 57.27"
"14,1 : 42.52"
"14,2 : 72.11"
"14,3 : 71.51"
"14,4 : 14.14"
"14,5 : 72.01"
"14,6 : 47.43"
"14,7 : 10.77"
"14,8 : 20.0"
"14,9 : 37.22"
"14,10 : 41.59"
"14,11 : 22.85"
"14,12 : 24.04"
"14,13 : 40.8"
"14,14 : 0.0"
"14,15 : 4.0"
"14,16 : 69.92"
"14,17 : 57.01"
"14,18 : 68.77"
"14,19 : 65.0"
"14,20 : 48.37"
"14,21 : 14.56"
"14,22 : 76.49"
"14,23 : 15.0"
"14,24 : 31.91"
"14,25 : 22.8"
"14,26 : 53.34"
"14,27 : 23.77"
"14,28 : 19.31"
"14,29 : 41.18"
"14,30 : 9.49"
"14,31 : 9.22"
"14,32 : 28.23"
"14,33 : 30.48"
"14,34 : 29.41"
"14,35 : 21.84"
"14,36 : 25.81"
"14,37 : 33.14"
"14,38 : 69.64"
"14,39 : 54.12"
"14,40 : 40.02"
"14,41 : 29.15"
"14,42 : 19.1"
"14,43 : 86.56"
"14,44 : 27.66"
"14,45 : 73.54"
"14,46 : 67.05"
"14,47 : 71.57"
"14,48 : 81.06"
"14,49 : 21.47"
"14,50 : 30.87"
"14,51 : 43.57"
"14,52 : 53.08"
"14,53 : 45.22"
"14,54 : 54.59"
"14,55 : 56.82"
"14,56 : 16.64"
"14,57 : 19.1"
"14,58 : 59.41"
"14,59 : 63.89"
"14,60 : 58.19"
"14,61 : 68.01"
"14,62 : 26.42"
"14,63 : 38.63"
"14,64 : 25.3"
"14,65 : 77.34"
"14,66 : 43.46"
"14,67 : 42.01"
"14,68 : 31.78"
"14,69 : 50.16"
"14,70 : 59.93"
"14,71 : 62.18"
"14,72 : 30.61"
"14,73 : 49.74"
"14,74 : 25.5"
"14,75 : 30.48"
"14,76 : 56.01"
"14,77 : 27.02"
"14,78 : 37.0"
"14,79 : 8.25"
"14,80 : 17.0"
"14,81 : 59.2"
"14,82 : 24.04"
"14,83 : 85.0"
"14,84 : 31.0"
"14,85 : 31.14"
"14,86 : 40.5"
"14,87 : 39.05"
"14,88 : 57.87"
"14,89 : 54.23"
"14,90 : 55.23"
"14,91 : 29.0"
"14,92 : 16.12"
"14,93 : 29.07"
"14,94 : 67.68"
"14,95 : 36.8"
"14,96 : 51.04"
"14,97 : 51.01"
"14,98 : 27.8"
"14,99 : 64.85"
"15,0 : 53.67"
"15,1 : 45.61"
"15,2 : 69.97"
"15,3 : 68.59"
"15,4 : 14.14"
"15,5 : 70.26"
"15,6 : 43.66"
"15,7 : 7.21"
"15,8 : 16.0"
"15,9 : 33.84"
"15,10 : 43.57"
"15,11 : 26.57"
"15,12 : 25.5"
"15,13 : 37.0"
"15,14 : 4.0"
"15,15 : 0.0"
"15,16 : 66.1"
"15,17 : 53.31"
"15,18 : 65.8"
"15,19 : 61.59"
"15,20 : 44.94"
"15,21 : 16.12"
"15,22 : 73.88"
"15,23 : 13.0"
"15,24 : 29.97"
"15,25 : 19.8"
"15,26 : 49.37"
"15,27 : 27.51"
"15,28 : 15.65"
"15,29 : 43.27"
"15,30 : 5.83"
"15,31 : 7.28"
"15,32 : 26.93"
"15,33 : 33.24"
"15,34 : 32.76"
"15,35 : 23.26"
"15,36 : 22.67"
"15,37 : 33.73"
"15,38 : 65.8"
"15,39 : 55.36"
"15,40 : 39.32"
"15,41 : 29.83"
"15,42 : 19.92"
"15,43 : 83.55"
"15,44 : 24.76"
"15,45 : 69.86"
"15,46 : 63.25"
"15,47 : 70.61"
"15,48 : 77.99"
"15,49 : 18.03"
"15,50 : 34.54"
"15,51 : 40.22"
"15,52 : 49.09"
"15,53 : 42.01"
"15,54 : 52.8"
"15,55 : 53.34"
"15,56 : 13.45"
"15,57 : 22.02"
"15,58 : 55.44"
"15,59 : 60.08"
"15,60 : 54.42"
"15,61 : 65.07"
"15,62 : 28.6"
"15,63 : 34.93"
"15,64 : 24.33"
"15,65 : 74.33"
"15,66 : 42.06"
"15,67 : 39.66"
"15,68 : 28.18"
"15,69 : 46.52"
"15,70 : 56.36"
"15,71 : 58.67"
"15,72 : 28.3"
"15,73 : 51.87"
"15,74 : 28.6"
"15,75 : 27.59"
"15,76 : 52.01"
"15,77 : 29.7"
"15,78 : 35.9"
"15,79 : 10.0"
"15,80 : 15.52"
"15,81 : 55.36"
"15,82 : 25.5"
"15,83 : 82.66"
"15,84 : 35.0"
"15,85 : 35.13"
"15,86 : 36.77"
"15,87 : 36.07"
"15,88 : 57.31"
"15,89 : 50.25"
"15,90 : 51.87"
"15,91 : 26.25"
"15,92 : 14.56"
"15,93 : 26.17"
"15,94 : 63.79"
"15,95 : 39.82"
"15,96 : 51.04"
"15,97 : 51.09"
"15,98 : 31.06"
"15,99 : 66.73"
"16,0 : 46.49"
"16,1 : 99.32"
"16,2 : 48.26"
"16,3 : 31.3"
"16,4 : 65.28"
"16,5 : 55.61"
"16,6 : 22.56"
"16,7 : 61.85"
"16,8 : 51.08"
"16,9 : 35.01"
"16,10 : 87.66"
"16,11 : 92.66"
"16,12 : 74.06"
"16,13 : 29.12"
"16,14 : 69.92"
"16,15 : 66.1"
"16,16 : 0.0"
"16,17 : 14.04"
"16,18 : 29.15"
"16,19 : 17.03"
"16,20 : 50.61"
"16,21 : 71.25"
"16,22 : 40.31"
"16,23 : 66.24"
"16,24 : 50.49"
"16,25 : 49.37"
"16,26 : 19.8"
"16,27 : 93.61"
"16,28 : 55.95"
"16,29 : 88.46"
"16,30 : 62.39"
"16,31 : 66.71"
"16,32 : 72.47"
"16,33 : 97.05"
"16,34 : 98.23"
"16,35 : 73.01"
"16,36 : 46.27"
"16,37 : 71.2"
"16,38 : 39.0"
"16,39 : 88.02"
"16,40 : 61.03"
"16,41 : 70.58"
"16,42 : 69.01"
"16,43 : 36.01"
"16,44 : 59.67"
"16,45 : 8.06"
"16,46 : 3.0"
"16,47 : 68.59"
"16,48 : 31.26"
"16,49 : 56.6"
"16,50 : 95.26"
"16,51 : 52.43"
"16,52 : 26.93"
"16,53 : 30.59"
"16,54 : 49.65"
"16,55 : 18.38"
"16,56 : 54.13"
"16,57 : 86.93"
"16,58 : 15.26"
"16,59 : 6.08"
"16,60 : 12.04"
"16,61 : 29.68"
"16,62 : 90.82"
"16,63 : 31.58"
"16,64 : 59.14"
"16,65 : 31.05"
"16,66 : 53.85"
"16,67 : 43.01"
"16,68 : 38.64"
"16,69 : 21.0"
"16,70 : 14.32"
"16,71 : 50.45"
"16,72 : 65.12"
"16,73 : 94.83"
"16,74 : 86.05"
"16,75 : 44.0"
"16,76 : 21.95"
"16,77 : 93.47"
"16,78 : 57.01"
"16,79 : 74.46"
"16,80 : 59.21"
"16,81 : 37.36"
"16,82 : 74.06"
"16,83 : 50.6"
"16,84 : 100.02"
"16,85 : 99.46"
"16,86 : 29.61"
"16,87 : 58.26"
"16,88 : 67.96"
"16,89 : 28.18"
"16,90 : 52.92"
"16,91 : 46.0"
"16,92 : 59.3"
"16,93 : 59.55"
"16,94 : 35.01"
"16,95 : 104.22"
"16,96 : 72.01"
"16,97 : 72.92"
"16,98 : 96.38"
"16,99 : 103.25"
"17,0 : 45.01"
"17,1 : 85.29"
"17,2 : 41.11"
"17,3 : 27.0"
"17,4 : 51.48"
"17,5 : 47.42"
"17,6 : 10.0"
"17,7 : 49.74"
"17,8 : 39.12"
"17,9 : 21.1"
"17,10 : 73.76"
"17,11 : 79.85"
"17,12 : 60.03"
"17,13 : 16.64"
"17,14 : 57.01"
"17,15 : 53.31"
"17,16 : 14.04"
"17,17 : 0.0"
"17,18 : 24.02"
"17,19 : 12.37"
"17,20 : 46.32"
"17,21 : 57.43"
"17,22 : 36.06"
"17,23 : 55.0"
"17,24 : 36.5"
"17,25 : 35.69"
"17,26 : 15.0"
"17,27 : 80.78"
"17,28 : 44.82"
"17,29 : 74.53"
"17,30 : 50.12"
"17,31 : 54.71"
"17,32 : 63.03"
"17,33 : 85.23"
"17,34 : 85.87"
"17,35 : 59.0"
"17,36 : 32.56"
"17,37 : 57.27"
"17,38 : 42.38"
"17,39 : 74.73"
"17,40 : 47.54"
"17,41 : 56.57"
"17,42 : 55.04"
"17,43 : 37.34"
"17,44 : 50.45"
"17,45 : 16.55"
"17,46 : 11.05"
"17,47 : 58.82"
"17,48 : 31.62"
"17,49 : 46.01"
"17,50 : 81.39"
"17,51 : 46.82"
"17,52 : 24.0"
"17,53 : 16.76"
"17,54 : 38.18"
"17,55 : 6.71"
"17,56 : 40.8"
"17,57 : 74.71"
"17,58 : 15.23"
"17,59 : 8.25"
"17,60 : 2.83"
"17,61 : 24.08"
"17,62 : 79.32"
"17,63 : 18.38"
"17,64 : 45.1"
"17,65 : 29.61"
"17,66 : 40.71"
"17,67 : 29.55"
"17,68 : 25.3"
"17,69 : 7.07"
"17,70 : 5.1"
"17,71 : 50.04"
"17,72 : 56.4"
"17,73 : 81.04"
"17,74 : 72.11"
"17,75 : 30.02"
"17,76 : 20.22"
"17,77 : 81.63"
"17,78 : 43.32"
"17,79 : 62.18"
"17,80 : 45.4"
"17,81 : 37.22"
"17,82 : 60.03"
"17,83 : 47.04"
"17,84 : 86.59"
"17,85 : 85.91"
"17,86 : 16.55"
"17,87 : 51.43"
"17,88 : 56.08"
"17,89 : 26.02"
"17,90 : 50.36"
"17,91 : 32.02"
"17,92 : 45.54"
"17,93 : 50.61"
"17,94 : 38.28"
"17,95 : 92.28"
"17,96 : 59.17"
"17,97 : 60.03"
"17,98 : 84.08"
"17,99 : 89.96"
"18,0 : 69.0"
"18,1 : 85.7"
"18,2 : 19.21"
"18,3 : 3.16"
"18,4 : 58.83"
"18,5 : 26.87"
"18,6 : 30.81"
"18,7 : 64.54"
"18,8 : 55.22"
"18,9 : 32.8"
"18,10 : 71.45"
"18,11 : 90.8"
"18,12 : 62.97"
"18,13 : 35.47"
"18,14 : 68.77"
"18,15 : 65.8"
"18,16 : 29.15"
"18,17 : 24.02"
"18,18 : 0.0"
"18,19 : 12.65"
"18,20 : 69.72"
"18,21 : 64.01"
"18,22 : 12.04"
"18,23 : 71.4"
"18,24 : 39.36"
"18,25 : 46.01"
"18,26 : 39.01"
"18,27 : 91.61"
"18,28 : 62.13"
"18,29 : 72.56"
"18,30 : 64.44"
"18,31 : 69.43"
"18,32 : 81.99"
"18,33 : 99.04"
"18,34 : 98.08"
"18,35 : 62.77"
"18,36 : 43.14"
"18,37 : 56.29"
"18,38 : 65.73"
"18,39 : 67.36"
"18,40 : 43.42"
"18,41 : 57.28"
"18,42 : 59.93"
"18,43 : 17.8"
"18,44 : 70.21"
"18,45 : 23.35"
"18,46 : 27.73"
"18,47 : 40.8"
"18,48 : 12.53"
"18,49 : 64.14"
"18,50 : 86.16"
"18,51 : 69.63"
"18,52 : 48.01"
"18,53 : 24.21"
"18,54 : 26.17"
"18,55 : 18.11"
"18,56 : 52.35"
"18,57 : 87.78"
"18,58 : 38.64"
"18,59 : 27.51"
"18,60 : 26.17"
"18,61 : 1.0"
"18,62 : 94.07"
"18,63 : 34.89"
"18,64 : 48.75"
"18,65 : 8.6"
"18,66 : 35.36"
"18,67 : 28.64"
"18,68 : 39.41"
"18,69 : 25.71"
"18,70 : 19.1"
"18,71 : 74.06"
"18,72 : 76.49"
"18,73 : 77.03"
"18,74 : 76.32"
"18,75 : 38.29"
"18,76 : 44.18"
"18,77 : 95.48"
"18,78 : 41.23"
"18,79 : 75.66"
"18,80 : 53.25"
"18,81 : 61.2"
"18,82 : 62.97"
"18,83 : 23.02"
"18,84 : 94.41"
"18,85 : 93.02"
"18,86 : 34.01"
"18,87 : 73.38"
"18,88 : 43.68"
"18,89 : 50.04"
"18,90 : 74.17"
"18,91 : 39.82"
"18,92 : 53.82"
"18,93 : 70.68"
"18,94 : 61.61"
"18,95 : 105.55"
"18,96 : 50.36"
"18,97 : 51.35"
"18,98 : 96.54"
"18,99 : 82.04"
"19,0 : 57.14"
"19,1 : 88.14"
"19,2 : 31.38"
"19,3 : 15.3"
"19,4 : 57.25"
"19,5 : 38.6"
"19,6 : 21.1"
"19,7 : 59.03"
"19,8 : 48.84"
"19,9 : 27.78"
"19,10 : 75.11"
"19,11 : 87.71"
"19,12 : 63.79"
"19,13 : 27.02"
"19,14 : 65.0"
"19,15 : 61.59"
"19,16 : 17.03"
"19,17 : 12.37"
"19,18 : 12.65"
"19,19 : 0.0"
"19,20 : 58.69"
"19,21 : 62.94"
"19,22 : 24.52"
"19,23 : 65.07"
"19,24 : 39.46"
"19,25 : 42.49"
"19,26 : 27.17"
"19,27 : 88.59"
"19,28 : 55.17"
"19,29 : 76.06"
"19,30 : 59.2"
"19,31 : 64.03"
"19,32 : 74.2"
"19,33 : 94.4"
"19,34 : 94.34"
"19,35 : 63.15"
"19,36 : 39.36"
"19,37 : 59.0"
"19,38 : 53.15"
"19,39 : 73.5"
"19,40 : 47.38"
"19,41 : 59.14"
"19,42 : 59.67"
"19,43 : 25.08"
"19,44 : 61.85"
"19,45 : 13.0"
"19,46 : 15.26"
"19,47 : 51.62"
"19,48 : 19.31"
"19,49 : 56.73"
"19,50 : 86.35"
"19,51 : 59.14"
"19,52 : 36.12"
"19,53 : 20.25"
"19,54 : 33.54"
"19,55 : 8.49"
"19,56 : 48.37"
"19,57 : 83.49"
"19,58 : 26.17"
"19,59 : 14.87"
"19,60 : 14.04"
"19,61 : 13.0"
"19,62 : 88.87"
"19,63 : 27.59"
"19,64 : 48.84"
"19,65 : 17.26"
"19,66 : 39.62"
"19,67 : 30.0"
"19,68 : 33.6"
"19,69 : 16.4"
"19,70 : 7.28"
"19,71 : 62.01"
"19,72 : 67.96"
"19,73 : 81.61"
"19,74 : 76.69"
"19,75 : 35.47"
"19,76 : 32.0"
"19,77 : 90.8"
"19,78 : 44.05"
"19,79 : 71.03"
"19,80 : 51.26"
"19,81 : 49.01"
"19,82 : 63.79"
"19,83 : 35.36"
"19,84 : 93.05"
"19,85 : 92.03"
"19,86 : 26.17"
"19,87 : 63.56"
"19,88 : 51.88"
"19,89 : 38.05"
"19,90 : 62.65"
"19,91 : 37.34"
"19,92 : 51.62"
"19,93 : 62.13"
"19,94 : 49.03"
"19,95 : 101.26"
"19,96 : 56.92"
"19,97 : 57.87"
"19,98 : 92.65"
"19,99 : 88.6"
"20,0 : 10.0"
"20,1 : 90.44"
"20,2 : 84.02"
"20,3 : 72.84"
"20,4 : 55.17"
"20,5 : 88.46"
"20,6 : 39.12"
"20,7 : 37.74"
"20,8 : 32.56"
"20,9 : 44.15"
"20,10 : 86.27"
"20,11 : 64.76"
"20,12 : 67.9"
"20,13 : 36.12"
"20,14 : 48.37"
"20,15 : 44.94"
"20,16 : 50.61"
"20,17 : 46.32"
"20,18 : 69.72"
"20,19 : 58.69"
"20,20 : 0.0"
"20,21 : 59.67"
"20,22 : 81.5"
"20,23 : 35.11"
"20,24 : 56.8"
"20,25 : 44.94"
"20,26 : 31.95"
"20,27 : 65.73"
"20,28 : 29.41"
"20,29 : 86.28"
"20,30 : 39.12"
"20,31 : 39.81"
"20,32 : 31.06"
"20,33 : 62.01"
"20,34 : 66.37"
"20,35 : 65.8"
"20,36 : 44.29"
"20,37 : 72.62"
"20,38 : 25.5"
"20,39 : 95.0"
"20,40 : 71.12"
"20,41 : 69.53"
"20,42 : 61.52"
"20,43 : 83.52"
"20,44 : 21.84"
"20,45 : 58.14"
"20,46 : 49.19"
"20,47 : 95.8"
"20,48 : 77.88"
"20,49 : 26.93"
"20,50 : 79.18"
"20,51 : 5.1"
"20,52 : 23.71"
"20,53 : 50.25"
"20,54 : 73.76"
"20,55 : 51.62"
"20,56 : 43.28"
"20,57 : 55.9"
"20,58 : 35.36"
"20,59 : 47.01"
"20,60 : 44.92"
"20,61 : 69.58"
"20,62 : 55.01"
"20,63 : 38.47"
"20,64 : 58.82"
"20,65 : 75.93"
"20,66 : 68.71"
"20,67 : 59.2"
"20,68 : 39.22"
"20,69 : 44.18"
"20,70 : 51.42"
"20,71 : 13.93"
"20,72 : 23.0"
"20,73 : 94.75"
"20,74 : 73.5"
"20,75 : 47.93"
"20,76 : 28.65"
"20,77 : 59.08"
"20,78 : 66.19"
"20,79 : 46.82"
"20,80 : 51.74"
"20,81 : 17.0"
"20,82 : 67.9"
"20,83 : 92.44"
"20,84 : 76.84"
"20,85 : 77.83"
"20,86 : 38.21"
"20,87 : 12.04"
"20,88 : 87.09"
"20,89 : 22.47"
"20,90 : 7.07"
"20,91 : 48.75"
"20,92 : 50.99"
"20,93 : 20.62"
"20,94 : 25.63"
"20,95 : 69.01"
"20,96 : 85.0"
"20,97 : 85.48"
"20,98 : 64.38"
"20,99 : 108.47"
"21,0 : 67.68"
"21,1 : 31.3"
"21,2 : 63.66"
"21,3 : 66.37"
"21,4 : 6.0"
"21,5 : 62.2"
"21,6 : 49.01"
"21,7 : 22.8"
"21,8 : 27.78"
"21,9 : 36.35"
"21,10 : 27.46"
"21,11 : 28.6"
"21,12 : 9.49"
"21,13 : 43.05"
"21,14 : 14.56"
"21,15 : 16.12"
"21,16 : 71.25"
"21,17 : 57.43"
"21,18 : 64.01"
"21,19 : 62.94"
"21,20 : 59.67"
"21,21 : 0.0"
"21,22 : 69.81"
"21,23 : 29.07"
"21,24 : 24.7"
"21,25 : 22.0"
"21,26 : 57.56"
"21,27 : 29.21"
"21,28 : 30.41"
"21,29 : 27.2"
"21,30 : 21.4"
"21,31 : 23.26"
"21,32 : 42.72"
"21,33 : 40.31"
"21,34 : 36.89"
"21,35 : 7.28"
"21,36 : 25.02"
"21,37 : 19.03"
"21,38 : 78.29"
"21,39 : 39.56"
"21,40 : 28.18"
"21,41 : 15.03"
"21,42 : 5.39"
"21,43 : 81.63"
"21,44 : 40.61"
"21,45 : 73.35"
"21,46 : 68.26"
"21,47 : 59.62"
"21,48 : 76.54"
"21,49 : 33.24"
"21,50 : 24.02"
"21,51 : 55.23"
"21,52 : 59.48"
"21,53 : 42.72"
"21,54 : 45.34"
"21,55 : 55.54"
"21,56 : 18.68"
"21,57 : 29.41"
"21,58 : 63.39"
"21,59 : 65.19"
"21,60 : 59.21"
"21,61 : 63.13"
"21,62 : 38.08"
"21,63 : 40.0"
"21,64 : 15.62"
"21,65 : 72.56"
"21,66 : 33.42"
"21,67 : 35.51"
"21,68 : 33.02"
"21,69 : 50.36"
"21,70 : 59.23"
"21,71 : 73.01"
"21,72 : 44.42"
"21,73 : 35.81"
"21,74 : 15.3"
"21,75 : 27.66"
"21,76 : 61.39"
"21,77 : 37.34"
"21,78 : 26.4"
"21,79 : 22.09"
"21,80 : 12.04"
"21,81 : 67.98"
"21,82 : 9.49"
"21,83 : 77.08"
"21,84 : 30.41"
"21,85 : 29.15"
"21,86 : 42.0"
"21,87 : 51.74"
"21,88 : 45.22"
"21,89 : 61.03"
"21,90 : 66.71"
"21,91 : 25.71"
"21,92 : 12.0"
"21,93 : 42.01"
"21,94 : 75.77"
"21,95 : 45.28"
"21,96 : 37.48"
"21,97 : 37.34"
"21,98 : 35.85"
"21,99 : 50.61"
"22,0 : 81.01"
"22,1 : 87.92"
"22,2 : 11.4"
"22,3 : 9.22"
"22,4 : 65.19"
"22,5 : 19.31"
"22,6 : 42.43"
"22,7 : 73.5"
"22,8 : 64.88"
"22,9 : 42.49"
"22,10 : 72.8"
"22,11 : 97.67"
"22,12 : 67.23"
"22,13 : 46.57"
"22,14 : 76.49"
"22,15 : 73.88"
"22,16 : 40.31"
"22,17 : 36.06"
"22,18 : 12.04"
"22,19 : 24.52"
"22,20 : 81.5"
"22,21 : 69.81"
"22,22 : 0.0"
"22,23 : 80.78"
"22,24 : 45.34"
"22,25 : 54.2"
"22,26 : 51.04"
"22,27 : 98.41"
"22,28 : 72.01"
"22,29 : 74.04"
"22,30 : 73.24"
"22,31 : 78.24"
"22,32 : 92.14"
"22,33 : 106.96"
"22,34 : 105.36"
"22,35 : 67.42"
"22,36 : 51.61"
"22,37 : 59.09"
"22,38 : 77.67"
"22,39 : 66.19"
"22,40 : 45.69"
"22,41 : 60.83"
"22,42 : 65.22"
"22,43 : 15.03"
"22,44 : 80.78"
"22,45 : 33.62"
"22,46 : 39.22"
"22,47 : 34.18"
"22,48 : 13.42"
"22,49 : 74.25"
"22,50 : 90.43"
"22,51 : 81.22"
"22,52 : 60.03"
"22,53 : 34.01"
"22,54 : 26.57"
"22,55 : 30.02"
"22,56 : 60.61"
"22,57 : 95.59"
"22,58 : 50.64"
"22,59 : 39.29"
"22,60 : 38.21"
"22,61 : 12.0"
"22,62 : 102.45"
"22,63 : 45.54"
"22,64 : 54.2"
"22,65 : 10.63"
"22,66 : 38.01"
"22,67 : 34.66"
"22,68 : 49.19"
"22,69 : 37.34"
"22,70 : 31.14"
"22,71 : 86.09"
"22,72 : 87.09"
"22,73 : 77.28"
"22,74 : 80.62"
"22,75 : 46.4"
"22,76 : 56.22"
"22,77 : 103.48"
"22,78 : 44.78"
"22,79 : 83.87"
"22,80 : 60.11"
"22,81 : 73.25"
"22,82 : 67.23"
"22,83 : 11.0"
"22,84 : 99.86"
"22,85 : 98.18"
"22,86 : 44.92"
"22,87 : 84.65"
"22,88 : 41.0"
"22,89 : 62.07"
"22,90 : 86.09"
"22,91 : 47.63"
"22,92 : 60.81"
"22,93 : 81.34"
"22,94 : 73.55"
"22,95 : 113.17"
"22,96 : 49.37"
"22,97 : 50.36"
"22,98 : 103.95"
"22,99 : 80.01"
"23,0 : 44.64"
"23,1 : 57.28"
"23,2 : 78.39"
"23,3 : 74.4"
"23,4 : 26.93"
"23,5 : 79.7"
"23,6 : 45.0"
"23,7 : 8.06"
"23,8 : 16.28"
"23,9 : 38.6"
"23,10 : 56.44"
"23,11 : 30.15"
"23,12 : 38.48"
"23,13 : 38.42"
"23,14 : 15.0"
"23,15 : 13.0"
"23,16 : 66.24"
"23,17 : 55.0"
"23,18 : 71.4"
"23,19 : 65.07"
"23,20 : 35.11"
"23,21 : 29.07"
"23,22 : 80.78"
"23,23 : 0.0"
"23,24 : 39.81"
"23,25 : 27.51"
"23,26 : 47.54"
"23,27 : 31.14"
"23,28 : 10.3"
"23,29 : 56.08"
"23,30 : 9.0"
"23,31 : 5.83"
"23,32 : 14.14"
"23,33 : 31.02"
"23,34 : 33.38"
"23,35 : 36.25"
"23,36 : 29.55"
"23,37 : 46.57"
"23,38 : 58.42"
"23,39 : 68.35"
"23,40 : 51.0"
"23,41 : 42.72"
"23,42 : 32.89"
"23,43 : 88.73"
"23,44 : 13.42"
"23,45 : 71.28"
"23,46 : 63.63"
"23,47 : 81.61"
"23,48 : 82.98"
"23,49 : 10.2"
"23,50 : 44.65"
"23,51 : 30.08"
"23,52 : 44.91"
"23,53 : 47.2"
"23,54 : 62.36"
"23,55 : 56.59"
"23,56 : 21.59"
"23,57 : 22.09"
"23,58 : 53.49"
"23,59 : 60.54"
"23,60 : 55.47"
"23,61 : 70.8"
"23,62 : 24.6"
"23,63 : 37.48"
"23,64 : 36.01"
"23,65 : 79.65"
"23,66 : 52.61"
"23,67 : 48.1"
"23,68 : 32.02"
"23,69 : 48.92"
"23,70 : 58.9"
"23,71 : 49.04"
"23,72 : 15.62"
"23,73 : 64.66"
"23,74 : 40.31"
"23,75 : 34.93"
"23,76 : 48.76"
"23,77 : 27.51"
"23,78 : 47.1"
"23,79 : 11.7"
"23,80 : 27.02"
"23,81 : 48.17"
"23,82 : 38.48"
"23,83 : 90.35"
"23,84 : 41.76"
"23,85 : 42.72"
"23,86 : 38.95"
"23,87 : 24.7"
"23,88 : 69.01"
"23,89 : 45.54"
"23,90 : 41.63"
"23,91 : 34.18"
"23,92 : 26.02"
"23,93 : 14.76"
"23,94 : 57.08"
"23,95 : 38.28"
"23,96 : 63.39"
"23,97 : 63.51"
"23,98 : 31.4"
"23,99 : 79.65"
"24,0 : 61.85"
"24,1 : 49.01"
"24,2 : 40.22"
"24,3 : 41.68"
"24,4 : 19.85"
"24,5 : 40.31"
"24,6 : 30.46"
"24,7 : 31.78"
"24,8 : 27.17"
"24,9 : 17.0"
"24,10 : 37.36"
"24,11 : 52.35"
"24,12 : 24.33"
"24,13 : 26.63"
"24,14 : 31.91"
"24,15 : 29.97"
"24,16 : 50.49"
"24,17 : 36.5"
"24,18 : 39.36"
"24,19 : 39.46"
"24,20 : 56.8"
"24,21 : 24.7"
"24,22 : 45.34"
"24,23 : 39.81"
"24,24 : 0.0"
"24,25 : 13.04"
"24,26 : 41.68"
"24,27 : 53.08"
"24,28 : 34.01"
"24,29 : 38.08"
"24,30 : 31.05"
"24,31 : 35.74"
"24,32 : 53.34"
"24,33 : 62.2"
"24,34 : 60.14"
"24,35 : 23.77"
"24,36 : 12.65"
"24,37 : 20.88"
"24,38 : 67.94"
"24,39 : 40.61"
"24,40 : 14.42"
"24,41 : 20.1"
"24,42 : 20.62"
"24,43 : 56.94"
"24,44 : 45.18"
"24,45 : 51.01"
"24,46 : 47.52"
"24,47 : 42.05"
"24,48 : 51.88"
"24,49 : 37.05"
"24,50 : 47.13"
"24,51 : 53.85"
"24,52 : 46.86"
"24,53 : 20.02"
"24,54 : 22.85"
"24,55 : 33.0"
"24,56 : 18.25"
"24,57 : 50.8"
"24,58 : 46.52"
"24,59 : 44.72"
"24,60 : 38.83"
"24,61 : 38.47"
"24,62 : 58.31"
"24,63 : 23.02"
"24,64 : 9.49"
"24,65 : 47.89"
"24,66 : 13.0"
"24,67 : 10.82"
"24,68 : 18.44"
"24,69 : 29.83"
"24,70 : 37.01"
"24,71 : 67.68"
"24,72 : 51.04"
"24,73 : 44.94"
"24,74 : 37.36"
"24,75 : 9.22"
"24,76 : 46.87"
"24,77 : 58.82"
"24,78 : 9.43"
"24,79 : 39.82"
"24,80 : 15.0"
"24,81 : 58.73"
"24,82 : 24.33"
"24,83 : 53.26"
"24,84 : 55.07"
"24,85 : 53.67"
"24,86 : 24.7"
"24,87 : 53.6"
"24,88 : 30.81"
"24,89 : 48.92"
"24,90 : 63.53"
"24,91 : 8.06"
"24,92 : 15.81"
"24,93 : 46.27"
"24,94 : 64.54"
"24,95 : 68.12"
"24,96 : 28.3"
"24,97 : 28.84"
"24,98 : 58.8"
"24,99 : 55.47"
"25,0 : 50.99"
"25,1 : 51.92"
"25,2 : 50.99"
"25,3 : 48.8"
"25,4 : 16.0"
"25,5 : 52.2"
"25,6 : 27.02"
"25,7 : 19.7"
"25,8 : 14.14"
"25,9 : 14.87"
"25,10 : 43.57"
"25,11 : 45.28"
"25,12 : 26.57"
"25,13 : 21.1"
"25,14 : 22.8"
"25,15 : 19.8"
"25,16 : 49.37"
"25,17 : 35.69"
"25,18 : 46.01"
"25,19 : 42.49"
"25,20 : 44.94"
"25,21 : 22.0"
"25,22 : 54.2"
"25,23 : 27.51"
"25,24 : 13.04"
"25,25 : 0.0"
"25,26 : 35.9"
"25,27 : 46.14"
"25,28 : 21.0"
"25,29 : 43.91"
"25,30 : 19.24"
"25,31 : 24.19"
"25,32 : 40.61"
"25,33 : 53.04"
"25,34 : 52.2"
"25,35 : 25.0"
"25,36 : 3.16"
"25,37 : 28.32"
"25,38 : 59.08"
"25,39 : 50.33"
"25,40 : 26.57"
"25,41 : 25.81"
"25,42 : 20.62"
"25,43 : 63.78"
"25,44 : 32.14"
"25,45 : 51.92"
"25,46 : 46.39"
"25,47 : 55.01"
"25,48 : 58.26"
"25,49 : 24.02"
"25,50 : 46.01"
"25,51 : 41.59"
"25,52 : 38.91"
"25,53 : 22.47"
"25,54 : 34.93"
"25,55 : 34.54"
"25,56 : 6.4"
"25,57 : 41.77"
"25,58 : 41.59"
"25,59 : 43.29"
"25,60 : 37.34"
"25,61 : 45.28"
"25,62 : 48.27"
"25,63 : 18.0"
"25,64 : 14.14"
"25,65 : 54.56"
"25,66 : 26.02"
"25,67 : 20.62"
"25,68 : 11.05"
"25,69 : 28.64"
"25,70 : 37.95"
