x,y
84,72
85,26
93,60
66,45
52,43
40,63
96,26
74,56
88,95
89,76
74,84
95,83
13,10
14,60
24,75
5,75
1,20
78,77
82,79
89,63
36,30
95,85
10,93
78,44
57,66
69,38
13,90
39,62
7,96
40,41
63,54
71,84
69,7
97,11
52,71
63,32
28,4
32,69
1,80
65,57
45,48
83,34
72,38
0,89
71,40
73,83
98,52
15,30
48,76
59,89
56,56
97,96
0,57
73,60
4,47
94,52
71,95
65,94
41,60
74,80
26,88
28,88
28,5
18,92
67,56
61,20
76,6
12,58
95,46
99,32
62,47
35,46
73,55
26,82
14,37
50,74
79,41
22,46
41,92
49,7
10,40
67,6
77,93
96,17
22,70
93,11
83,50
7,7
23,97
68,25
46,92
11,6
59,45
65,16
96,13
74,31
8,70
11,64
96,32
0,98

Distanze
"0,0 : 0.0"
"0,1 : 20.25"
"0,2 : 44.38"
"0,3 : 62.0"
"0,4 : 38.83"
"0,5 : 42.43"
"0,6 : 61.52"
"0,7 : 34.44"
"0,8 : 56.92"
"0,9 : 14.42"
"0,10 : 37.58"
"0,11 : 61.4"
"0,12 : 57.08"
"0,13 : 68.01"
"0,14 : 40.0"
"0,15 : 45.28"
"0,16 : 57.14"
"0,17 : 62.59"
"0,18 : 73.82"
"0,19 : 30.02"
"0,20 : 50.8"
"0,21 : 36.35"
"0,22 : 21.38"
"0,23 : 63.79"
"0,24 : 33.3"
"0,25 : 79.21"
"0,26 : 43.32"
"0,27 : 64.76"
"0,28 : 26.42"
"0,29 : 38.12"
"0,30 : 57.01"
"0,31 : 53.14"
"0,32 : 10.3"
"0,33 : 26.17"
"0,34 : 7.62"
"0,35 : 59.06"
"0,36 : 22.02"
"0,37 : 85.91"
"0,38 : 29.55"
"0,39 : 30.81"
"0,40 : 35.78"
"0,41 : 59.91"
"0,42 : 74.3"
"0,43 : 61.4"
"0,44 : 26.0"
"0,45 : 32.7"
"0,46 : 29.02"
"0,47 : 44.64"
"0,48 : 15.52"
"0,49 : 25.24"
"0,50 : 37.7"
"0,51 : 71.18"
"0,52 : 13.04"
"0,53 : 21.54"
"0,54 : 59.48"
"0,55 : 30.08"
"0,56 : 17.46"
"0,57 : 14.21"
"0,58 : 23.35"
"0,59 : 59.23"
"0,60 : 18.6"
"0,61 : 29.27"
"0,62 : 57.01"
"0,63 : 64.63"
"0,64 : 36.22"
"0,65 : 32.76"
"0,66 : 73.25"
"0,67 : 60.11"
"0,68 : 33.73"
"0,69 : 76.32"
"0,70 : 23.02"
"0,71 : 68.82"
"0,72 : 27.02"
"0,73 : 32.56"
"0,74 : 46.87"
"0,75 : 29.97"
"0,76 : 23.54"
"0,77 : 30.81"
"0,78 : 41.01"
"0,79 : 45.54"
"0,80 : 52.35"
"0,81 : 29.55"
"0,82 : 12.21"
"0,83 : 26.31"
"0,84 : 31.24"
"0,85 : 64.85"
"0,86 : 72.11"
"0,87 : 55.66"
"0,88 : 68.35"
"0,89 : 31.4"
"0,90 : 33.54"
"0,91 : 62.97"
"0,92 : 28.0"
"0,93 : 54.34"
"0,94 : 12.04"
"0,95 : 35.23"
"0,96 : 20.02"
"0,97 : 35.01"
"0,98 : 32.39"
"0,99 : 33.06"
"1,0 : 20.25"
"1,1 : 0.0"
"1,2 : 34.06"
"1,3 : 74.95"
"1,4 : 21.21"
"1,5 : 62.37"
"1,6 : 47.93"
"1,7 : 48.17"
"1,8 : 37.66"
"1,9 : 19.65"
"1,10 : 51.24"
"1,11 : 70.0"
"1,12 : 69.43"
"1,13 : 75.24"
"1,14 : 25.5"
"1,15 : 57.27"
"1,16 : 60.64"
"1,17 : 72.06"
"1,18 : 91.59"
"1,19 : 16.4"
"1,20 : 53.6"
"1,21 : 51.89"
"1,22 : 38.64"
"1,23 : 74.33"
"1,24 : 14.87"
"1,25 : 77.18"
"1,26 : 24.19"
"1,27 : 74.03"
"1,28 : 46.65"
"1,29 : 25.24"
"1,30 : 53.85"
"1,31 : 33.73"
"1,32 : 22.09"
"1,33 : 29.07"
"1,34 : 25.3"
"1,35 : 38.91"
"1,36 : 36.67"
"1,37 : 85.87"
"1,38 : 49.65"
"1,39 : 30.61"
"1,40 : 54.2"
"1,41 : 55.0"
"1,42 : 78.34"
"1,43 : 72.69"
"1,44 : 44.2"
"1,45 : 35.51"
"1,46 : 47.54"
"1,47 : 34.71"
"1,48 : 21.38"
"1,49 : 38.12"
"1,50 : 55.47"
"1,51 : 88.84"
"1,52 : 32.56"
"1,53 : 32.28"
"1,54 : 52.35"
"1,55 : 49.77"
"1,56 : 37.59"
"1,57 : 28.07"
"1,58 : 39.96"
"1,59 : 47.01"
"1,60 : 38.83"
"1,61 : 27.66"
"1,62 : 41.76"
"1,63 : 75.43"
"1,64 : 53.46"
"1,65 : 23.43"
"1,66 : 69.63"
"1,67 : 59.51"
"1,68 : 45.12"
"1,69 : 79.4"
"1,70 : 13.42"
"1,71 : 64.2"
"1,72 : 46.69"
"1,73 : 13.04"
"1,74 : 35.23"
"1,75 : 48.41"
"1,76 : 43.08"
"1,77 : 30.61"
"1,78 : 49.4"
"1,79 : 33.29"
"1,80 : 57.56"
"1,81 : 47.8"
"1,82 : 24.02"
"1,83 : 45.54"
"1,84 : 31.78"
"1,85 : 44.78"
"1,86 : 89.01"
"1,87 : 64.0"
"1,88 : 85.48"
"1,89 : 23.32"
"1,90 : 49.65"
"1,91 : 57.63"
"1,92 : 15.56"
"1,93 : 36.01"
"1,94 : 9.22"
"1,95 : 54.12"
"1,96 : 12.37"
"1,97 : 21.63"
"1,98 : 49.37"
"1,99 : 47.93"
"2,0 : 44.38"
"2,1 : 34.06"
"2,2 : 0.0"
"2,3 : 66.71"
"2,4 : 19.65"
"2,5 : 75.43"
"2,6 : 18.25"
"2,7 : 78.43"
"2,8 : 31.02"
"2,9 : 31.14"
"2,10 : 81.6"
"2,11 : 54.59"
"2,12 : 60.96"
"2,13 : 56.65"
"2,14 : 11.4"
"2,15 : 50.99"
"2,16 : 38.9"
"2,17 : 57.8"
"2,18 : 92.8"
"2,19 : 17.69"
"2,20 : 32.7"
"2,21 : 54.12"
"2,22 : 65.73"
"2,23 : 61.59"
"2,24 : 41.68"
"2,25 : 46.17"
"2,26 : 25.08"
"2,27 : 59.06"
"2,28 : 66.03"
"2,29 : 9.43"
"2,30 : 24.08"
"2,31 : 29.83"
"2,32 : 52.0"
"2,33 : 25.0"
"2,34 : 51.92"
"2,35 : 40.02"
"2,36 : 43.42"
"2,37 : 56.29"
"2,38 : 70.01"
"2,39 : 64.66"
"2,40 : 62.63"
"2,41 : 23.09"
"2,42 : 54.45"
"2,43 : 61.61"
"2,44 : 54.57"
"2,45 : 69.4"
"2,46 : 72.69"
"2,47 : 1.0"
"2,48 : 53.71"
"2,49 : 68.71"
"2,50 : 61.85"
"2,51 : 90.0"
"2,52 : 50.0"
"2,53 : 36.14"
"2,54 : 18.87"
"2,55 : 72.06"
"2,56 : 59.14"
"2,57 : 57.58"
"2,58 : 48.51"
"2,59 : 15.03"
"2,60 : 58.0"
"2,61 : 61.72"
"2,62 : 17.2"
"2,63 : 62.97"
"2,64 : 80.41"
"2,65 : 11.7"
"2,66 : 37.7"
"2,67 : 32.02"
"2,68 : 42.19"
"2,69 : 54.08"
"2,70 : 22.36"
"2,71 : 31.78"
"2,72 : 60.83"
"2,73 : 38.08"
"2,74 : 3.61"
"2,75 : 58.24"
"2,76 : 66.27"
"2,77 : 64.66"
"2,78 : 82.37"
"2,79 : 4.47"
"2,80 : 39.36"
"2,81 : 57.28"
"2,82 : 54.23"
"2,83 : 69.35"
"2,84 : 21.02"
"2,85 : 42.72"
"2,86 : 87.97"
"2,87 : 49.4"
"2,88 : 85.43"
"2,89 : 56.64"
"2,90 : 53.71"
"2,91 : 25.08"
"2,92 : 18.6"
"2,93 : 25.08"
"2,94 : 40.31"
"2,95 : 78.31"
"2,96 : 25.08"
"2,97 : 12.81"
"2,98 : 76.69"
"2,99 : 50.09"
"3,0 : 62.0"
"3,1 : 74.95"
"3,2 : 66.71"
"3,3 : 0.0"
"3,4 : 79.65"
"3,5 : 43.86"
"3,6 : 81.47"
"3,7 : 83.01"
"3,8 : 96.52"
"3,9 : 55.32"
"3,10 : 85.09"
"3,11 : 17.26"
"3,12 : 5.83"
"3,13 : 23.09"
"3,14 : 73.78"
"3,15 : 17.72"
"3,16 : 34.01"
"3,17 : 14.04"
"3,18 : 31.4"
"3,19 : 69.78"
"3,20 : 36.62"
"3,21 : 26.48"
"3,22 : 69.26"
"3,23 : 10.05"
"3,24 : 89.74"
"3,25 : 57.43"
"3,26 : 86.35"
"3,27 : 15.03"
"3,28 : 54.13"
"3,29 : 70.18"
"3,30 : 52.48"
"3,31 : 94.34"
"3,32 : 71.18"
"3,33 : 47.93"
"3,34 : 65.38"
"3,35 : 103.94"
"3,36 : 40.01"
"3,37 : 55.15"
"3,38 : 56.82"
"3,39 : 92.27"
"3,40 : 34.0"
"3,41 : 57.8"
"3,42 : 36.12"
"3,43 : 7.07"
"3,44 : 39.29"
"3,45 : 92.91"
"3,46 : 67.54"
"3,47 : 65.95"
"3,48 : 77.1"
"3,49 : 78.85"
"3,50 : 30.41"
"3,51 : 29.15"
"3,52 : 51.48"
"3,53 : 42.76"
"3,54 : 63.51"
"3,55 : 61.29"
"3,56 : 57.28"
"3,57 : 71.85"
"3,58 : 39.2"
"3,59 : 76.58"
"3,60 : 53.16"
"3,61 : 91.09"
"3,62 : 83.49"
"3,63 : 9.22"
"3,64 : 75.18"
"3,65 : 63.63"
"3,66 : 59.2"
"3,67 : 46.1"
"3,68 : 29.83"
"3,69 : 40.11"
"3,70 : 65.19"
"3,71 : 60.17"
"3,72 : 44.38"
"3,73 : 87.36"
"3,74 : 70.18"
"3,75 : 37.34"
"3,76 : 61.47"
"3,77 : 92.27"
"3,78 : 95.51"
"3,79 : 71.06"
"3,80 : 29.68"
"3,81 : 37.0"
"3,82 : 72.34"
"3,83 : 63.56"
"3,84 : 48.37"
"3,85 : 107.91"
"3,86 : 24.74"
"3,87 : 19.24"
"3,88 : 24.08"
"3,89 : 93.13"
"3,90 : 29.61"
"3,91 : 59.94"
"3,92 : 68.03"
"3,93 : 91.02"
"3,94 : 71.45"
"3,95 : 67.74"
"3,96 : 64.2"
"3,97 : 70.33"
"3,98 : 74.25"
"3,99 : 29.07"
"4,0 : 38.83"
"4,1 : 21.21"
"4,2 : 19.65"
"4,3 : 79.65"
"4,4 : 0.0"
"4,5 : 77.9"
"4,6 : 28.02"
"4,7 : 69.35"
"4,8 : 18.87"
"4,9 : 30.53"
"4,10 : 72.44"
"4,11 : 70.21"
"4,12 : 73.82"
"4,13 : 73.55"
"4,14 : 8.25"
"4,15 : 62.43"
"4,16 : 56.44"
"4,17 : 73.05"
"4,18 : 101.91"
"4,19 : 10.63"
"4,20 : 49.65"
"4,21 : 61.52"
"4,22 : 59.14"
"4,23 : 76.32"
"4,24 : 23.35"
"4,25 : 65.8"
"4,26 : 6.71"
"4,27 : 74.63"
"4,28 : 64.51"
"4,29 : 11.0"
"4,30 : 43.57"
"4,31 : 15.62"
"4,32 : 43.01"
"4,33 : 32.2"
"4,34 : 45.28"
"4,35 : 24.41"
"4,36 : 47.63"
"4,37 : 75.93"
"4,38 : 68.01"
"4,39 : 50.09"
"4,40 : 67.2"
"4,41 : 42.72"
"4,42 : 73.03"
"4,43 : 75.64"
"4,44 : 57.69"
"4,45 : 55.54"
"4,46 : 67.6"
"4,47 : 20.62"
"4,48 : 42.58"
"4,49 : 59.3"
"4,50 : 67.48"
"4,51 : 99.09"
"4,52 : 48.85"
"4,53 : 41.04"
"4,54 : 38.08"
"4,55 : 68.88"
"4,56 : 56.04"
"4,57 : 49.01"
"4,58 : 52.2"
"4,59 : 28.28"
"4,60 : 56.3"
"4,61 : 46.96"
"4,62 : 21.02"
"4,63 : 77.62"
"4,64 : 74.11"
"4,65 : 16.16"
"4,66 : 57.25"
"4,67 : 51.16"
"4,68 : 51.4"
"4,69 : 73.03"
"4,70 : 17.49"
"4,71 : 51.26"
"4,72 : 62.18"
"4,73 : 19.8"
"4,74 : 18.79"
"4,75 : 61.85"
"4,76 : 62.37"
"4,77 : 50.09"
"4,78 : 70.21"
"4,79 : 16.55"
"4,80 : 55.54"
"4,81 : 61.03"
"4,82 : 45.04"
"4,83 : 65.12"
"4,84 : 31.3"
"4,85 : 29.0"
"4,86 : 98.08"
"4,87 : 64.51"
"4,88 : 95.02"
"4,89 : 40.22"
"4,90 : 60.14"
"4,91 : 44.6"
"4,92 : 12.81"
"4,93 : 15.52"
"4,94 : 30.02"
"4,95 : 73.98"
"4,96 : 20.12"
"4,97 : 9.49"
"4,98 : 70.06"
"4,99 : 57.28"
"5,0 : 42.43"
"5,1 : 62.37"
"5,2 : 75.43"
"5,3 : 43.86"
"5,4 : 77.9"
"5,5 : 0.0"
"5,6 : 93.62"
"5,7 : 45.01"
"5,8 : 96.75"
"5,9 : 47.41"
"5,10 : 46.17"
"5,11 : 55.23"
"5,12 : 42.64"
"5,13 : 62.97"
"5,14 : 76.16"
"5,15 : 38.08"
"5,16 : 63.6"
"5,17 : 53.82"
"5,18 : 37.01"
"5,19 : 67.54"
"5,20 : 61.0"
"5,21 : 25.71"
"5,22 : 35.17"
"5,23 : 51.86"
"5,24 : 75.69"
"5,25 : 90.52"
"5,26 : 83.53"
"5,27 : 55.8"
"5,28 : 18.38"
"5,29 : 73.16"
"5,30 : 75.17"
"5,31 : 93.3"
"5,32 : 46.32"
"5,33 : 50.45"
"5,34 : 40.22"
"5,35 : 100.44"
"5,36 : 32.02"
"5,37 : 92.31"
"5,38 : 18.25"
"5,39 : 64.26"
"5,40 : 14.14"
"5,41 : 80.06"
"5,42 : 74.71"
"5,43 : 48.27"
"5,44 : 20.88"
"5,45 : 62.36"
"5,46 : 29.02"
"5,47 : 75.19"
"5,48 : 51.97"
"5,49 : 44.91"
"5,50 : 16.76"
"5,51 : 35.01"
"5,52 : 29.83"
"5,53 : 39.29"
"5,54 : 83.05"
"5,55 : 22.02"
"5,56 : 26.93"
"5,57 : 43.38"
"5,58 : 26.93"
"5,59 : 89.82"
"5,60 : 24.21"
"5,61 : 64.47"
"5,62 : 91.71"
"5,63 : 51.74"
"5,64 : 34.53"
"5,65 : 66.13"
"5,66 : 88.46"
"5,67 : 73.16"
"5,68 : 37.12"
"5,69 : 78.26"
"5,70 : 60.42"
"5,71 : 86.58"
"5,72 : 15.81"
"5,73 : 74.97"
"5,74 : 78.85"
"5,75 : 17.26"
"5,76 : 25.96"
"5,77 : 64.26"
"5,78 : 59.01"
"5,79 : 78.45"
"5,80 : 57.28"
"5,81 : 18.25"
"5,82 : 46.14"
"5,83 : 26.31"
"5,84 : 54.92"
"5,85 : 105.95"
"5,86 : 38.47"
"5,87 : 52.33"
"5,88 : 34.53"
"5,89 : 70.33"
"5,90 : 24.19"
"5,91 : 83.1"
"5,92 : 65.3"
"5,93 : 93.02"
"5,94 : 54.45"
"5,95 : 26.48"
"5,96 : 57.8"
"5,97 : 71.18"
"5,98 : 35.06"
"5,99 : 28.16"
"6,0 : 61.52"
"6,1 : 47.93"
"6,2 : 18.25"
"6,3 : 81.47"
"6,4 : 28.02"
"6,5 : 93.62"
"6,6 : 0.0"
"6,7 : 94.83"
"6,8 : 26.93"
"6,9 : 49.0"
"6,10 : 97.98"
"6,11 : 67.36"
"6,12 : 75.93"
"6,13 : 67.68"
"6,14 : 22.47"
"6,15 : 67.12"
"6,16 : 50.0"
"6,17 : 70.84"
"6,18 : 109.29"
"6,19 : 32.28"
"6,20 : 45.28"
"6,21 : 71.69"
"6,22 : 82.87"
"6,23 : 75.01"
"6,24 : 51.09"
"6,25 : 47.17"
"6,26 : 29.73"
"6,27 : 71.7"
"6,28 : 84.15"
"6,29 : 23.54"
"6,30 : 31.38"
"6,31 : 28.23"
"6,32 : 68.15"
"6,33 : 43.17"
"6,34 : 68.88"
"6,35 : 37.11"
"6,36 : 61.61"
"6,37 : 58.31"
"6,38 : 88.09"
"6,39 : 77.9"
"6,40 : 80.65"
"6,41 : 27.31"
"6,42 : 62.24"
"6,43 : 75.66"
"6,44 : 72.78"
"6,45 : 83.19"
"6,46 : 90.27"
"6,47 : 18.44"
"6,48 : 68.95"
"6,49 : 84.9"
"6,50 : 79.71"
"6,51 : 106.53"
"6,52 : 68.07"
"6,53 : 54.34"
"6,54 : 20.62"
"6,55 : 90.0"
"6,56 : 77.01"
"6,57 : 73.98"
"6,58 : 66.71"
"6,59 : 5.0"
"6,60 : 76.06"
"6,61 : 74.79"
"6,62 : 8.06"
"6,63 : 76.42"
"6,64 : 97.74"
"6,65 : 29.02"
"6,66 : 38.21"
"6,67 : 39.82"
"6,68 : 59.51"
"6,69 : 60.75"
"6,70 : 38.64"
"6,71 : 32.39"
"6,72 : 79.08"
"6,73 : 47.63"
"6,74 : 15.03"
"6,75 : 76.4"
"6,76 : 84.05"
"6,77 : 77.9"
"6,78 : 97.31"
"6,79 : 16.03"
"6,80 : 52.35"
"6,81 : 75.43"
"6,82 : 70.34"
"6,83 : 87.09"
"6,84 : 38.9"
"6,85 : 37.12"
"6,86 : 104.04"
"6,87 : 62.94"
"6,88 : 101.79"
"6,89 : 68.24"
"6,90 : 71.51"
"6,91 : 27.2"
"6,92 : 33.96"
"6,93 : 21.54"
"6,94 : 55.66"
"6,95 : 96.08"
"6,96 : 41.59"
"6,97 : 26.93"
"6,98 : 93.9"
"6,99 : 67.78"
"7,0 : 34.44"
"7,1 : 48.17"
"7,2 : 78.43"
"7,3 : 83.01"
"7,4 : 69.35"
"7,5 : 45.01"
"7,6 : 94.83"
"7,7 : 0.0"
"7,8 : 85.05"
"7,9 : 48.76"
"7,10 : 3.16"
"7,11 : 88.2"
"7,12 : 79.62"
"7,13 : 95.69"
"7,14 : 72.57"
"7,15 : 69.97"
"7,16 : 88.39"
"7,17 : 88.32"
"7,18 : 82.0"
"7,19 : 62.59"
"7,20 : 82.81"
"7,21 : 57.25"
"7,22 : 14.87"
"7,23 : 88.12"
"7,24 : 53.94"
"7,25 : 112.45"
"7,26 : 72.01"
"7,27 : 90.55"
"7,28 : 29.12"
"7,29 : 71.31"
"7,30 : 90.97"
"7,31 : 81.06"
"7,32 : 26.68"
"7,33 : 59.91"
"7,34 : 26.83"
"7,35 : 84.01"
"7,36 : 48.92"
"7,37 : 118.14"
"7,38 : 27.29"
"7,39 : 28.3"
"7,40 : 49.34"
"7,41 : 94.15"
"7,42 : 104.35"
"7,43 : 84.97"
"7,44 : 44.29"
"7,45 : 23.43"
"7,46 : 16.12"
"7,47 : 78.77"
"7,48 : 27.0"
"7,49 : 10.05"
"7,50 : 52.81"
"7,51 : 80.02"
"7,52 : 35.38"
"7,53 : 52.4"
"7,54 : 93.91"
"7,55 : 23.09"
"7,56 : 26.63"
"7,57 : 20.88"
"7,58 : 46.62"
"7,59 : 93.01"
"7,60 : 30.53"
"7,61 : 30.41"
"7,62 : 89.44"
"7,63 : 88.55"
"7,64 : 12.08"
"7,65 : 66.73"
"7,66 : 107.07"
"7,67 : 93.24"
"7,68 : 61.22"
"7,69 : 106.96"
"7,70 : 56.32"
"7,71 : 102.93"
"7,72 : 38.63"
"7,73 : 55.44"
"7,74 : 80.65"
"7,75 : 45.69"
"7,76 : 21.54"
"7,77 : 28.3"
"7,78 : 14.14"
"7,79 : 79.12"
"7,80 : 82.81"
"7,81 : 46.1"
"7,82 : 24.52"
"7,83 : 19.65"
"7,84 : 65.19"
"7,85 : 90.09"
"7,86 : 83.29"
"7,87 : 83.23"
"7,88 : 79.31"
"7,89 : 39.4"
"7,90 : 54.12"
"7,91 : 97.25"
"7,92 : 60.88"
"7,93 : 84.05"
"7,94 : 39.46"
"7,95 : 19.42"
"7,96 : 53.45"
"7,97 : 67.91"
"7,98 : 10.05"
"7,99 : 56.08"
"8,0 : 56.92"
"8,1 : 37.66"
"8,2 : 31.02"
"8,3 : 96.52"
"8,4 : 18.87"
"8,5 : 96.75"
"8,6 : 26.93"
"8,7 : 85.05"
"8,8 : 0.0"
"8,9 : 49.4"
"8,10 : 88.02"
"8,11 : 85.43"
"8,12 : 90.7"
"8,13 : 87.66"
"8,14 : 22.8"
"8,15 : 79.81"
"8,16 : 69.89"
"8,17 : 88.55"
"8,18 : 120.21"
"8,19 : 29.41"
"8,20 : 63.69"
"8,21 : 79.98"
"8,22 : 76.3"
"8,23 : 92.18"
"8,24 : 32.76"
"8,25 : 73.06"
"8,26 : 13.6"
"8,27 : 89.9"
"8,28 : 83.01"
"8,29 : 26.4"
"8,30 : 53.76"
"8,31 : 4.0"
"8,32 : 59.68"
"8,33 : 50.21"
"8,34 : 62.82"
"8,35 : 10.2"
"8,36 : 66.4"
"8,37 : 84.01"
"8,38 : 86.38"
"8,39 : 62.17"
"8,40 : 86.02"
"8,41 : 51.16"
"8,42 : 84.93"
"8,43 : 91.92"
"8,44 : 76.55"
"8,45 : 68.07"
"8,46 : 85.15"
"8,47 : 31.95"
"8,48 : 58.08"
"8,49 : 75.11"
"8,50 : 86.21"
"8,51 : 117.38"
"8,52 : 67.54"
"8,53 : 59.67"
"8,54 : 45.01"
"8,55 : 86.98"
"8,56 : 74.33"
"8,57 : 65.62"
"8,58 : 71.03"
"8,59 : 30.27"
"8,60 : 74.85"
"8,61 : 59.03"
"8,62 : 19.24"
"8,63 : 93.54"
"8,64 : 91.08"
"8,65 : 33.3"
"8,66 : 64.07"
"8,67 : 62.17"
"8,68 : 69.35"
"8,69 : 84.17"
"8,70 : 36.36"
"8,71 : 58.03"
"8,72 : 81.01"
"8,73 : 30.27"
"8,74 : 28.16"
"8,75 : 80.71"
"8,76 : 80.36"
"8,77 : 62.17"
"8,78 : 83.73"
"8,79 : 26.57"
"8,80 : 70.26"
"8,81 : 79.88"
"8,82 : 61.52"
"8,83 : 82.97"
"8,84 : 48.41"
"8,85 : 11.7"
"8,86 : 116.1"
"8,87 : 80.06"
"8,88 : 113.17"
"8,89 : 50.7"
"8,90 : 78.75"
"8,91 : 52.01"
"8,92 : 31.62"
"8,93 : 6.08"
"8,94 : 46.87"
"8,95 : 91.68"
"8,96 : 38.95"
"8,97 : 26.87"
"8,98 : 86.98"
"8,99 : 75.74"
"9,0 : 14.42"
"9,1 : 19.65"
"9,2 : 31.14"
"9,3 : 55.32"
"9,4 : 30.53"
"9,5 : 47.41"
"9,6 : 49.0"
"9,7 : 48.76"
"9,8 : 49.4"
"9,9 : 0.0"
"9,10 : 51.88"
"9,11 : 51.24"
"9,12 : 49.82"
"9,13 : 57.07"
"9,14 : 29.12"
"9,15 : 37.66"
"9,16 : 44.28"
"9,17 : 53.04"
"9,18 : 73.01"
"9,19 : 20.12"
"9,20 : 37.59"
"9,21 : 32.76"
"9,22 : 35.11"
"9,23 : 55.04"
"9,24 : 34.48"
"9,25 : 65.07"
"9,26 : 36.4"
"9,27 : 55.08"
"9,28 : 35.36"
"9,29 : 26.48"
"9,30 : 42.64"
"9,31 : 46.04"
"9,32 : 24.04"
"9,33 : 12.21"
"9,34 : 21.95"
"9,35 : 53.81"
"9,36 : 17.8"
"9,37 : 72.2"
"9,38 : 39.2"
"9,39 : 42.49"
"9,40 : 36.88"
"9,41 : 45.49"
"9,42 : 61.85"
"9,43 : 53.24"
"9,44 : 27.2"
"9,45 : 45.49"
"9,46 : 41.59"
"9,47 : 31.26"
"9,48 : 28.02"
"9,49 : 39.66"
"9,50 : 37.48"
"9,51 : 70.21"
"9,52 : 19.24"
"9,53 : 12.65"
"9,54 : 45.19"
"9,55 : 41.0"
"9,56 : 28.02"
"9,57 : 28.6"
"9,58 : 21.93"
"9,59 : 46.17"
"9,60 : 27.17"
"9,61 : 40.31"
"9,62 : 45.54"
"9,63 : 56.08"
"9,64 : 49.48"
"9,65 : 20.02"
"9,66 : 58.9"
"9,67 : 46.1"
"9,68 : 25.5"
"9,69 : 63.51"
"9,70 : 13.04"
"9,71 : 54.41"
"9,72 : 31.78"
"9,73 : 32.31"
"9,74 : 34.01"
"9,75 : 31.4"
"9,76 : 35.13"
"9,77 : 42.49"
"9,78 : 55.23"
"9,79 : 33.02"
"9,80 : 40.16"
"9,81 : 30.61"
"9,82 : 26.17"
"9,83 : 38.21"
"9,84 : 16.97"
"9,85 : 59.03"
"9,86 : 69.97"
"9,87 : 45.28"
"9,88 : 66.57"
"9,89 : 39.62"
"9,90 : 30.81"
"9,91 : 48.55"
"9,92 : 17.89"
"9,93 : 45.62"
"9,94 : 17.46"
"9,95 : 47.17"
"9,96 : 10.63"
"9,97 : 24.04"
"9,98 : 45.88"
"9,99 : 28.65"
"10,0 : 37.58"
"10,1 : 51.24"
"10,2 : 81.6"
"10,3 : 85.09"
"10,4 : 72.44"
"10,5 : 46.17"
"10,6 : 97.98"
"10,7 : 3.16"
"10,8 : 88.02"
"10,9 : 51.88"
"10,10 : 0.0"
"10,11 : 90.7"
"10,12 : 81.84"
"10,13 : 98.23"
"10,14 : 75.71"
"10,15 : 72.4"
"10,16 : 91.22"
"10,17 : 90.74"
"10,18 : 83.05"
"10,19 : 65.73"
"10,20 : 85.7"
"10,21 : 59.54"
"10,22 : 17.69"
"10,23 : 90.43"
"10,24 : 56.72"
"10,25 : 115.42"
"10,26 : 75.03"
"10,27 : 92.96"
"10,28 : 31.02"
"10,29 : 74.46"
"10,30 : 94.03"
"10,31 : 84.02"
"10,32 : 29.83"
"10,33 : 62.97"
"10,34 : 29.97"
"10,35 : 86.83"
"10,36 : 51.66"
"10,37 : 121.02"
"10,38 : 28.86"
"10,39 : 30.41"
"10,40 : 51.26"
"10,41 : 97.25"
"10,42 : 107.06"
"10,43 : 87.24"
"10,44 : 46.65"
"10,45 : 25.24"
"10,46 : 17.72"
"10,47 : 81.93"
"10,48 : 30.02"
"10,49 : 13.15"
"10,50 : 54.78"
"10,51 : 81.15"
"10,52 : 38.18"
"10,53 : 55.32"
"10,54 : 97.05"
"10,55 : 24.52"
"10,56 : 29.21"
"10,57 : 24.04"
"10,58 : 49.2"
"10,59 : 96.17"
"10,60 : 33.02"
"10,61 : 32.7"
"10,62 : 92.57"
"10,63 : 90.82"
"10,64 : 12.17"
"10,65 : 69.89"
"10,66 : 110.11"
"10,67 : 96.21"
"10,68 : 63.89"
"10,69 : 109.71"
"10,70 : 59.48"
"10,71 : 106.0"
"10,72 : 40.72"
"10,73 : 58.31"
"10,74 : 83.82"
"10,75 : 47.85"
"10,76 : 23.71"
"10,77 : 30.41"
"10,78 : 13.93"
"10,79 : 82.28"
"10,80 : 85.59"
"10,81 : 48.3"
"10,82 : 27.66"
"10,83 : 21.54"
"10,84 : 68.26"
"10,85 : 92.91"
"10,86 : 84.59"
"10,87 : 85.8"
"10,88 : 80.62"
"10,89 : 41.79"
"10,90 : 56.44"
"10,91 : 100.34"
"10,92 : 64.03"
"10,93 : 87.09"
"10,94 : 42.58"
"10,95 : 20.02"
"10,96 : 56.61"
"10,97 : 71.06"
"10,98 : 11.18"
"10,99 : 58.52"
"11,0 : 61.4"
"11,1 : 70.0"
"11,2 : 54.59"
"11,3 : 17.26"
"11,4 : 70.21"
"11,5 : 55.23"
"11,6 : 67.36"
"11,7 : 88.2"
"11,8 : 85.43"
"11,9 : 51.24"
"11,10 : 90.7"
"11,11 : 0.0"
"11,12 : 14.14"
"11,13 : 7.81"
"11,14 : 63.32"
"11,15 : 18.44"
"11,16 : 17.8"
"11,17 : 3.61"
"11,18 : 48.66"
"11,19 : 61.39"
"11,20 : 22.2"
"11,21 : 31.83"
"11,22 : 73.57"
"11,23 : 8.06"
"11,24 : 84.15"
"11,25 : 40.2"
"11,26 : 76.84"
"11,27 : 4.47"
"11,28 : 60.96"
"11,29 : 59.81"
"11,30 : 36.88"
"11,31 : 83.77"
"11,32 : 71.47"
"11,33 : 41.05"
"11,34 : 66.48"
"11,35 : 93.78"
"11,36 : 40.31"
"11,37 : 38.64"
"11,38 : 64.38"
"11,39 : 92.18"
"11,40 : 42.64"
"11,41 : 42.01"
"11,42 : 19.92"
"11,43 : 10.2"
"11,44 : 44.2"
"11,45 : 93.92"
"11,46 : 74.03"
"11,47 : 53.71"
"11,48 : 76.92"
"11,49 : 82.3"
"11,50 : 39.2"
"11,51 : 46.39"
"11,52 : 53.67"
"11,53 : 40.02"
"11,54 : 48.17"
"11,55 : 68.68"
"11,56 : 61.59"
"11,57 : 73.54"
"11,58 : 41.68"
"11,59 : 62.37"
"11,60 : 57.69"
"11,61 : 90.47"
"11,62 : 70.46"
"11,63 : 9.43"
"11,64 : 82.33"
"11,65 : 54.12"
"11,66 : 42.06"
"11,67 : 29.68"
"11,68 : 27.86"
"11,69 : 23.77"
"11,70 : 58.31"
"11,71 : 43.38"
"11,72 : 50.99"
"11,73 : 81.3"
"11,74 : 57.8"
"11,75 : 43.86"
"11,76 : 67.2"
"11,77 : 92.18"
"11,78 : 99.3"
"11,79 : 59.06"
"11,80 : 15.26"
"11,81 : 43.19"
"11,82 : 73.05"
"11,83 : 69.81"
"11,84 : 39.62"
"11,85 : 97.08"
"11,86 : 41.98"
"11,87 : 6.0"
"11,88 : 41.3"
"11,89 : 90.8"
"11,90 : 34.71"
"11,91 : 43.83"
"11,92 : 60.02"
"11,93 : 79.61"
"11,94 : 68.59"
"11,95 : 75.69"
"11,96 : 58.08"
"11,97 : 60.73"
"11,98 : 80.6"
"11,99 : 32.2"
"12,0 : 57.08"
"12,1 : 69.43"
"12,2 : 60.96"
"12,3 : 5.83"
"12,4 : 73.82"
"12,5 : 42.64"
"12,6 : 75.93"
"12,7 : 79.62"
"12,8 : 90.7"
"12,9 : 49.82"
"12,10 : 81.84"
"12,11 : 14.14"
"12,12 : 0.0"
"12,13 : 21.19"
"12,14 : 67.96"
"12,15 : 12.17"
"12,16 : 29.41"
"12,17 : 11.7"
"12,18 : 35.44"
"12,19 : 63.98"
"12,20 : 31.38"
"12,21 : 22.47"
"12,22 : 65.55"
"12,23 : 9.22"
"12,24 : 84.17"
"12,25 : 54.04"
"12,26 : 80.53"
"12,27 : 13.42"
"12,28 : 51.11"
"12,29 : 64.35"
"12,30 : 47.41"
"12,31 : 88.51"
"12,32 : 66.48"
"12,33 : 42.15"
"12,34 : 60.83"
"12,35 : 98.11"
"12,36 : 35.06"
"12,37 : 52.77"
"12,38 : 54.08"
"12,39 : 87.57"
"12,40 : 31.4"
"12,41 : 52.77"
"12,42 : 33.96"
"12,43 : 5.66"
"12,44 : 35.47"
"12,45 : 88.46"
"12,46 : 64.5"
"12,47 : 60.21"
"12,48 : 72.34"
"12,49 : 74.95"
"12,50 : 27.8"
"12,51 : 32.98"
"12,52 : 47.07"
"12,53 : 37.34"
"12,54 : 58.31"
"12,55 : 58.52"
"12,56 : 53.49"
"12,57 : 67.47"
"12,58 : 34.71"
"12,59 : 71.06"
"12,60 : 49.4"
"12,61 : 86.28"
"12,62 : 77.79"
"12,63 : 9.22"
"12,64 : 72.4"
"12,65 : 57.8"
"12,66 : 55.11"
"12,67 : 41.44"
"12,68 : 24.33"
"12,69 : 37.85"
"12,70 : 59.46"
"12,71 : 55.66"
"12,72 : 41.18"
"12,73 : 81.74"
"12,74 : 64.44"
"12,75 : 34.0"
"12,76 : 58.14"
"12,77 : 87.57"
"12,78 : 91.76"
"12,79 : 65.3"
"12,80 : 24.6"
"12,81 : 33.54"
"12,82 : 67.74"
"12,83 : 60.42"
"12,84 : 42.54"
"12,85 : 102.08"
"12,86 : 29.15"
"12,87 : 14.56"
"12,88 : 27.89"
"12,89 : 88.02"
"12,90 : 25.63"
"12,91 : 55.04"
"12,92 : 62.24"
"12,93 : 85.21"
"12,94 : 66.19"
"12,95 : 65.22"
"12,96 : 58.52"
"12,97 : 64.5"
"12,98 : 71.2"
"12,99 : 24.52"
"13,0 : 68.01"
"13,1 : 75.24"
"13,2 : 56.65"
"13,3 : 23.09"
"13,4 : 73.55"
"13,5 : 62.97"
"13,6 : 67.68"
"13,7 : 95.69"
"13,8 : 87.66"
"13,9 : 57.07"
"13,10 : 98.23"
"13,11 : 7.81"
"13,12 : 21.19"
"13,13 : 0.0"
"13,14 : 66.22"
"13,15 : 26.17"
"13,16 : 17.89"
"13,17 : 9.49"
"13,18 : 54.08"
"13,19 : 65.38"
"13,20 : 24.04"
"13,21 : 39.6"
"13,22 : 80.99"
"13,23 : 13.04"
"13,24 : 89.01"
"13,25 : 35.17"
"13,26 : 80.05"
"13,27 : 8.06"
"13,28 : 68.68"
"13,29 : 62.82"
"13,30 : 36.4"
"13,31 : 86.33"
"13,32 : 78.19"
"13,33 : 46.17"
"13,34 : 73.41"
"13,35 : 96.46"
"13,36 : 47.41"
"13,37 : 32.06"
"13,38 : 72.14"
"13,39 : 98.67"
"13,40 : 50.45"
"13,41 : 41.11"
"13,42 : 13.04"
"13,43 : 16.28"
"13,44 : 51.86"
"13,45 : 100.66"
"13,46 : 81.69"
"13,47 : 55.71"
"13,48 : 83.49"
"13,49 : 89.55"
"13,50 : 47.01"
"13,51 : 52.01"
"13,52 : 60.9"
"13,53 : 46.49"
"13,54 : 47.63"
"13,55 : 76.42"
"13,56 : 69.07"
"13,57 : 80.53"
"13,58 : 49.09"
"13,59 : 62.68"
"13,60 : 65.22"
"13,61 : 96.84"
"13,62 : 71.59"
"13,63 : 14.0"
"13,64 : 90.03"
"13,65 : 57.71"
"13,66 : 38.47"
"13,67 : 28.32"
"13,68 : 34.89"
"13,69 : 17.03"
"13,70 : 63.0"
"13,71 : 40.8"
"13,72 : 58.73"
"13,73 : 86.01"
"13,74 : 59.62"
"13,75 : 51.62"
"13,76 : 74.81"
"13,77 : 98.67"
"13,78 : 106.55"
"13,79 : 61.1"
"13,80 : 18.11"
"13,81 : 50.93"
"13,82 : 79.85"
"13,83 : 77.47"
"13,84 : 44.01"
"13,85 : 99.37"
"13,86 : 47.17"
"13,87 : 12.53"
"13,88 : 47.0"
"13,89 : 96.69"
"13,90 : 42.45"
"13,91 : 42.43"
"13,92 : 64.2"
"13,93 : 81.71"
"13,94 : 74.53"
"13,95 : 83.45"
"13,96 : 63.07"
"13,97 : 64.13"
"13,98 : 88.24"
"13,99 : 39.82"
"14,0 : 40.0"
"14,1 : 25.5"
"14,2 : 11.4"
"14,3 : 73.78"
"14,4 : 8.25"
"14,5 : 76.16"
"14,6 : 22.47"
"14,7 : 72.57"
"14,8 : 22.8"
"14,9 : 29.12"
"14,10 : 75.71"
"14,11 : 63.32"
"14,12 : 67.96"
"14,13 : 66.22"
"14,14 : 0.0"
"14,15 : 57.01"
"14,16 : 48.84"
"14,17 : 66.31"
"14,18 : 97.62"
"14,19 : 10.05"
"14,20 : 42.2"
"14,21 : 57.63"
"14,22 : 61.13"
"14,23 : 69.78"
"14,24 : 30.81"
"14,25 : 57.57"
"14,26 : 14.04"
"14,27 : 67.78"
"14,28 : 64.33"
"14,29 : 3.61"
"14,30 : 35.36"
"14,31 : 20.59"
"14,32 : 45.89"
"14,33 : 27.66"
"14,34 : 47.1"
"14,35 : 30.46"
"14,36 : 44.78"
"14,37 : 67.68"
"14,38 : 68.07"
"14,39 : 55.76"
"14,40 : 64.5"
"14,41 : 34.48"
"14,42 : 65.12"
"14,43 : 69.35"
"14,44 : 55.46"
"14,45 : 60.9"
"14,46 : 69.01"
"14,47 : 12.37"
"14,48 : 46.49"
"14,49 : 62.59"
"14,50 : 64.35"
"14,51 : 94.79"
"14,52 : 48.27"
"14,53 : 37.74"
"14,54 : 29.97"
"14,55 : 69.46"
"14,56 : 56.44"
"14,57 : 51.79"
"14,58 : 49.65"
"14,59 : 21.63"
"14,60 : 56.09"
"14,61 : 52.7"
"14,62 : 17.03"
"14,63 : 71.11"
"14,64 : 76.11"
"14,65 : 10.63"
"14,66 : 49.04"
"14,67 : 43.05"
"14,68 : 46.67"
"14,69 : 65.0"
"14,70 : 17.03"
"14,71 : 43.08"
"14,72 : 60.75"
"14,73 : 27.2"
"14,74 : 10.82"
"14,75 : 59.48"
"14,76 : 63.2"
"14,77 : 55.76"
"14,78 : 74.85"
"14,79 : 8.6"
"14,80 : 48.38"
"14,81 : 58.59"
"14,82 : 48.05"
"14,83 : 66.12"
"14,84 : 25.61"
"14,85 : 34.13"
"14,86 : 93.38"
"14,87 : 57.78"
"14,88 : 90.51"
"14,89 : 46.75"
"14,90 : 56.61"
"14,91 : 36.4"
"14,92 : 12.0"
"14,93 : 17.69"
"14,94 : 33.24"
"14,95 : 75.11"
"14,96 : 20.02"
"14,97 : 5.1"
"14,98 : 72.17"
"14,99 : 53.41"
"15,0 : 45.28"
"15,1 : 57.27"
"15,2 : 50.99"
"15,3 : 17.72"
"15,4 : 62.43"
"15,5 : 38.08"
"15,6 : 67.12"
"15,7 : 69.97"
"15,8 : 79.81"
"15,9 : 37.66"
"15,10 : 72.4"
"15,11 : 18.44"
"15,12 : 12.17"
"15,13 : 26.17"
"15,14 : 57.01"
"15,15 : 0.0"
"15,16 : 26.17"
"15,17 : 18.36"
"15,18 : 42.19"
"15,19 : 52.35"
"15,20 : 25.32"
"15,21 : 13.45"
"15,22 : 55.47"
"15,23 : 18.68"
"15,24 : 72.03"
"15,25 : 52.95"
"15,26 : 69.12"
"15,27 : 20.59"
"15,28 : 42.52"
"15,29 : 53.41"
"15,30 : 41.23"
"15,31 : 77.42"
"15,32 : 54.92"
"15,33 : 30.41"
"15,34 : 49.48"
"15,35 : 86.82"
"15,36 : 23.35"
"15,37 : 54.23"
"15,38 : 45.97"
"15,39 : 75.95"
"15,40 : 24.7"
"15,41 : 46.57"
"15,42 : 36.89"
"15,43 : 16.12"
"15,44 : 25.81"
"15,45 : 77.13"
"15,46 : 55.61"
"15,47 : 50.33"
"15,48 : 60.67"
"15,49 : 64.47"
"15,50 : 21.47"
"15,51 : 39.45"
"15,52 : 36.06"
"15,53 : 25.18"
"15,54 : 51.26"
"15,55 : 50.25"
"15,56 : 43.42"
"15,57 : 56.32"
"15,58 : 23.77"
"15,59 : 62.43"
"15,60 : 39.45"
"15,61 : 74.55"
"15,62 : 68.12"
"15,63 : 19.42"
"15,64 : 63.89"
"15,65 : 46.62"
"15,66 : 52.01"
"15,67 : 37.05"
"15,68 : 12.17"
"15,69 : 40.31"
"15,70 : 47.54"
"15,71 : 51.24"
"15,72 : 32.56"
"15,73 : 69.64"
"15,74 : 54.56"
"15,75 : 25.46"
"15,76 : 48.83"
"15,77 : 75.95"
"15,78 : 81.44"
"15,79 : 55.17"
"15,80 : 20.02"
"15,81 : 24.76"
"15,82 : 56.29"
"15,83 : 51.4"
"15,84 : 31.4"
"15,85 : 91.02"
"15,86 : 37.01"
"15,87 : 14.42"
"15,88 : 34.67"
"15,89 : 76.0"
"15,90 : 16.28"
"15,91 : 49.24"
"15,92 : 50.54"
"15,93 : 74.52"
"15,94 : 54.08"
"15,95 : 57.28"
"15,96 : 46.49"
"15,97 : 53.25"
"15,98 : 62.2"
"15,99 : 13.89"
"16,0 : 57.14"
"16,1 : 60.64"
"16,2 : 38.9"
"16,3 : 34.01"
"16,4 : 56.44"
"16,5 : 63.6"
"16,6 : 50.0"
"16,7 : 88.39"
"16,8 : 69.89"
"16,9 : 44.28"
"16,10 : 91.22"
"16,11 : 17.8"
"16,12 : 29.41"
"16,13 : 17.89"
"16,14 : 48.84"
"16,15 : 26.17"
"16,16 : 0.0"
"16,17 : 21.4"
"16,18 : 64.85"
"16,19 : 49.01"
"16,20 : 7.07"
"16,21 : 37.95"
"16,22 : 73.54"
"16,23 : 25.81"
"16,24 : 73.55"
"16,25 : 26.93"
"16,26 : 62.8"
"16,27 : 21.93"
"16,28 : 64.35"
"16,29 : 45.54"
"16,30 : 19.1"
"16,31 : 68.68"
"16,32 : 67.42"
"16,33 : 32.31"
"16,34 : 63.6"
"16,35 : 78.85"
"16,36 : 39.7"
"16,37 : 30.0"
"16,38 : 68.26"
"16,39 : 86.76"
"16,40 : 49.65"
"16,41 : 24.21"
"16,42 : 17.72"
"16,43 : 27.29"
"16,44 : 47.51"
"16,45 : 89.55"
"16,46 : 76.22"
"16,47 : 37.95"
"16,48 : 72.07"
"16,49 : 80.92"
"16,50 : 46.84"
"16,51 : 62.36"
"16,52 : 53.04"
"16,53 : 36.24"
"16,54 : 30.41"
"16,55 : 72.11"
"16,56 : 62.37"
"16,57 : 70.8"
"16,58 : 43.01"
"16,59 : 45.0"
"16,60 : 59.03"
"16,61 : 84.58"
"16,62 : 53.71"
"16,63 : 27.2"
"16,64 : 84.81"
"16,65 : 41.01"
"16,66 : 26.08"
"16,67 : 12.08"
"16,68 : 28.3"
"16,69 : 19.24"
"16,70 : 47.68"
"16,71 : 26.25"
"16,72 : 55.07"
"16,73 : 70.35"
"16,74 : 41.79"
"16,75 : 48.75"
"16,76 : 69.03"
"16,77 : 86.76"
"16,78 : 97.62"
"16,79 : 43.32"
"16,80 : 6.32"
"16,81 : 47.85"
"16,82 : 69.34"
"16,83 : 72.01"
"16,84 : 28.86"
"16,85 : 81.6"
"16,86 : 58.52"
"16,87 : 14.87"
"16,88 : 57.28"
"16,89 : 83.17"
"16,90 : 39.92"
"16,91 : 26.08"
"16,92 : 48.09"
"16,93 : 63.91"
"16,94 : 61.47"
"16,95 : 79.32"
"16,96 : 48.27"
"16,97 : 47.17"
"16,98 : 82.33"
"16,99 : 36.25"
"17,0 : 62.59"
"17,1 : 72.06"
"17,2 : 57.8"
"17,3 : 14.04"
"17,4 : 73.05"
"17,5 : 53.82"
"17,6 : 70.84"
"17,7 : 88.32"
"17,8 : 88.55"
"17,9 : 53.04"
"17,10 : 90.74"
"17,11 : 3.61"
"17,12 : 11.7"
"17,13 : 9.49"
"17,14 : 66.31"
"17,15 : 18.36"
"17,16 : 21.4"
"17,17 : 0.0"
"17,18 : 45.4"
"17,19 : 64.03"
"17,20 : 25.61"
"17,21 : 31.4"
"17,22 : 73.82"
"17,23 : 4.47"
"17,24 : 86.37"
"17,25 : 43.42"
"17,26 : 79.71"
"17,27 : 2.24"
"17,28 : 60.61"
"17,29 : 62.77"
"17,30 : 40.46"
"17,31 : 86.82"
"17,32 : 72.53"
"17,33 : 43.29"
"17,34 : 67.36"
"17,35 : 96.77"
"17,36 : 41.11"
"17,37 : 41.3"
"17,38 : 63.89"
"17,39 : 93.39"
"17,40 : 41.73"
"17,41 : 45.61"
"17,42 : 22.36"
"17,43 : 7.0"
"17,44 : 44.1"
"17,45 : 94.92"
"17,46 : 73.82"
"17,47 : 56.94"
"17,48 : 78.1"
"17,49 : 82.76"
"17,50 : 38.21"
"17,51 : 43.19"
"17,52 : 54.23"
"17,53 : 41.44"
"17,54 : 51.74"
"17,55 : 68.25"
"17,56 : 61.77"
"17,57 : 74.33"
"17,58 : 42.05"
"17,59 : 65.86"
"17,60 : 57.8"
"17,61 : 91.78"
"17,62 : 73.82"
"17,63 : 5.83"
"17,64 : 82.01"
"17,65 : 56.92"
"17,66 : 45.54"
"17,67 : 33.29"
"17,68 : 28.86"
"17,69 : 26.31"
"17,70 : 60.67"
"17,71 : 46.96"
"17,72 : 50.61"
"17,73 : 83.6"
"17,74 : 61.06"
"17,75 : 43.42"
"17,76 : 67.12"
"17,77 : 93.39"
"17,78 : 99.74"
"17,79 : 62.27"
"17,80 : 18.6"
"17,81 : 42.8"
"17,82 : 74.04"
"17,83 : 69.63"
"17,84 : 42.2"
"17,85 : 100.18"
"17,86 : 38.64"
"17,87 : 8.54"
"17,88 : 38.12"
"17,89 : 92.44"
"17,90 : 34.41"
"17,91 : 47.43"
"17,92 : 62.59"
"17,93 : 82.76"
"17,94 : 70.26"
"17,95 : 75.17"
"17,96 : 60.3"
"17,97 : 63.57"
"17,98 : 80.45"
"17,99 : 32.25"
"18,0 : 73.82"
"18,1 : 91.59"
"18,2 : 92.8"
"18,3 : 31.4"
"18,4 : 101.91"
"18,5 : 37.01"
"18,6 : 109.29"
"18,7 : 82.0"
"18,8 : 120.21"
"18,9 : 73.01"
"18,10 : 83.05"
"18,11 : 48.66"
"18,12 : 35.44"
"18,13 : 54.08"
"18,14 : 97.62"
"18,15 : 42.19"
"18,16 : 64.85"
"18,17 : 45.4"
"18,18 : 0.0"
"18,19 : 91.35"
"18,20 : 66.31"
"18,21 : 40.46"
"18,22 : 71.7"
"18,23 : 41.19"
"18,24 : 106.17"
"18,25 : 88.81"
"18,26 : 108.37"
"18,27 : 46.17"
"18,28 : 54.59"
"18,29 : 94.11"
"18,30 : 82.46"
"18,31 : 117.41"
"18,32 : 80.32"
"18,33 : 70.01"
"18,34 : 74.0"
"18,35 : 126.15"
"18,36 : 55.22"
"18,37 : 86.01"
"18,38 : 55.15"
"18,39 : 99.92"
"18,40 : 38.08"
"18,41 : 87.85"
"18,42 : 67.03"
"18,43 : 38.47"
"18,44 : 47.85"
"18,45 : 98.66"
"18,46 : 66.03"
"18,47 : 92.2"
"18,48 : 86.33"
"18,49 : 81.61"
"18,50 : 36.24"
"18,51 : 2.83"
"18,52 : 60.93"
"18,53 : 61.07"
"18,54 : 93.04"
"18,55 : 59.03"
"18,56 : 61.85"
"18,57 : 78.59"
"18,58 : 51.62"
"18,59 : 104.62"
"18,60 : 58.24"
"18,61 : 99.72"
"18,62 : 110.0"
"18,63 : 40.11"
"18,64 : 71.18"
"18,65 : 87.0"
"18,66 : 90.47"
"18,67 : 76.84"
"18,68 : 50.99"
"18,69 : 71.03"
"18,70 : 85.28"
"18,71 : 91.09"
"18,72 : 48.08"
"18,73 : 104.62"
"18,74 : 96.4"
"18,75 : 43.86"
"18,76 : 62.51"
"18,77 : 99.92"
"18,78 : 96.02"
"18,79 : 96.83"
"18,80 : 59.81"
"18,81 : 44.28"
"18,82 : 80.65"
"18,83 : 63.2"
"18,84 : 72.35"
"18,85 : 130.91"
"18,86 : 7.07"
"18,87 : 50.0"
"18,88 : 7.62"
"18,89 : 104.4"
"18,90 : 42.2"
"18,91 : 90.25"
"18,92 : 89.27"
"18,93 : 115.31"
"18,94 : 85.42"
"18,95 : 63.13"
"18,96 : 83.41"
"18,97 : 93.34"
"18,98 : 72.01"
"18,99 : 44.69"
"19,0 : 30.02"
"19,1 : 16.4"
"19,2 : 17.69"
"19,3 : 69.78"
"19,4 : 10.63"
"19,5 : 67.54"
"19,6 : 32.28"
"19,7 : 62.59"
"19,8 : 29.41"
"19,9 : 20.12"
"19,10 : 65.73"
"19,11 : 61.39"
"19,12 : 63.98"
"19,13 : 65.38"
"19,14 : 10.05"
"19,15 : 52.35"
"19,16 : 49.01"
"19,17 : 64.03"
"19,18 : 91.35"
"19,19 : 0.0"
"19,20 : 42.0"
"19,21 : 50.93"
"19,22 : 51.09"
"19,23 : 67.05"
"19,24 : 25.3"
"19,25 : 62.17"
"19,26 : 17.03"
"19,27 : 65.73"
"19,28 : 54.82"
"19,29 : 8.94"
"19,30 : 39.0"
"19,31 : 26.25"
"19,32 : 35.9"
"19,33 : 21.95"
"19,34 : 37.05"
"19,35 : 34.83"
"19,36 : 37.01"
"19,37 : 71.51"
"19,38 : 58.46"
"19,39 : 47.01"
"19,40 : 56.61"
"19,41 : 39.45"
"19,42 : 66.27"
"19,43 : 66.13"
"19,44 : 47.17"
"19,45 : 51.87"
"19,46 : 59.03"
"19,47 : 18.38"
"19,48 : 36.77"
"19,49 : 52.63"
"19,50 : 56.85"
"19,51 : 88.53"
"19,52 : 38.9"
"19,53 : 30.41"
"19,54 : 36.24"
"19,55 : 59.68"
"19,56 : 46.69"
"19,57 : 41.77"
"19,58 : 41.62"
"19,59 : 30.87"
"19,60 : 46.57"
"19,61 : 44.05"
"19,62 : 27.07"
"19,63 : 68.31"
"19,64 : 66.07"
"19,65 : 8.25"
"19,66 : 54.2"
"19,67 : 45.61"
"19,68 : 41.05"
"19,69 : 66.75"
"19,70 : 7.28"
"19,71 : 48.55"
"19,72 : 51.89"
"19,73 : 21.84"
"19,74 : 18.87"
"19,75 : 51.31"
"19,76 : 53.34"
"19,77 : 47.01"
"19,78 : 65.31"
"19,79 : 17.0"
"19,80 : 47.27"
"19,81 : 50.48"
"19,82 : 38.08"
"19,83 : 56.22"
"19,84 : 21.84"
"19,85 : 39.6"
"19,86 : 87.62"
"19,87 : 55.54"
"19,88 : 84.5"
"19,89 : 39.05"
"19,90 : 49.52"
"19,91 : 41.88"
"19,92 : 2.24"
"19,93 : 25.5"
"19,94 : 23.41"
"19,95 : 65.19"
"19,96 : 10.2"
"19,97 : 5.39"
"19,98 : 62.13"
"19,99 : 46.69"
"20,0 : 50.8"
"20,1 : 53.6"
"20,2 : 32.7"
"20,3 : 36.62"
"20,4 : 49.65"
"20,5 : 61.0"
"20,6 : 45.28"
"20,7 : 82.81"
"20,8 : 63.69"
"20,9 : 37.59"
"20,10 : 85.7"
"20,11 : 22.2"
"20,12 : 31.38"
"20,13 : 24.04"
"20,14 : 42.2"
"20,15 : 25.32"
"20,16 : 7.07"
"20,17 : 25.61"
"20,18 : 66.31"
"20,19 : 42.0"
"20,20 : 0.0"
"20,21 : 35.36"
"20,22 : 68.01"
"20,23 : 29.73"
"20,24 : 66.48"
"20,25 : 30.41"
"20,26 : 56.09"
"20,27 : 26.63"
"20,28 : 59.94"
"20,29 : 38.83"
"20,30 : 16.16"
"20,31 : 62.3"
"20,32 : 61.03"
"20,33 : 25.5"
"20,34 : 57.49"
"20,35 : 72.42"
"20,36 : 34.67"
"20,37 : 35.36"
"20,38 : 63.95"
"20,39 : 80.06"
"20,40 : 46.87"
"20,41 : 21.54"
"20,42 : 24.74"
"20,43 : 30.48"
"20,44 : 43.46"
"20,45 : 83.01"
"20,46 : 71.28"
"20,47 : 31.78"
"20,48 : 65.51"
"20,49 : 75.01"
"20,50 : 44.41"
"20,51 : 63.69"
"20,52 : 47.63"
"20,53 : 30.41"
"20,54 : 26.93"
"20,55 : 67.6"
"20,56 : 57.2"
"20,57 : 64.66"
"20,58 : 38.47"
"20,59 : 40.31"
"20,60 : 54.08"
"20,61 : 77.82"
"20,62 : 48.26"
"20,63 : 31.14"
"20,64 : 79.88"
"20,65 : 34.06"
"20,66 : 27.46"
"20,67 : 12.17"
"20,68 : 24.35"
"20,69 : 26.0"
"20,70 : 40.61"
"20,71 : 26.02"
"20,72 : 51.08"
"20,73 : 63.29"
"20,74 : 35.78"
"20,75 : 45.22"
"20,76 : 64.07"
"20,77 : 80.06"
"20,78 : 91.55"
"20,79 : 37.16"
"20,80 : 7.07"
"20,81 : 44.27"
"20,82 : 63.01"
"20,83 : 67.12"
"20,84 : 21.84"
"20,85 : 75.39"
"20,86 : 60.37"
"20,87 : 17.69"
"20,88 : 58.69"
"20,89 : 76.22"
"20,90 : 36.88"
"20,91 : 24.04"
"20,92 : 41.05"
"20,93 : 57.78"
"20,94 : 54.63"
"20,95 : 74.79"
"20,96 : 41.23"
"20,97 : 40.31"
"20,98 : 77.2"
"20,99 : 32.98"
"21,0 : 36.35"
"21,1 : 51.89"
"21,2 : 54.12"
"21,3 : 26.48"
"21,4 : 61.52"
"21,5 : 25.71"
"21,6 : 71.69"
"21,7 : 57.25"
"21,8 : 79.98"
"21,9 : 32.76"
"21,10 : 59.54"
"21,11 : 31.83"
"21,12 : 22.47"
"21,13 : 39.6"
"21,14 : 57.63"
"21,15 : 13.45"
"21,16 : 37.95"
"21,17 : 31.4"
"21,18 : 40.46"
"21,19 : 50.93"
"21,20 : 35.36"
"21,21 : 0.0"
"21,22 : 43.08"
"21,23 : 30.89"
"21,24 : 66.71"
"21,25 : 64.85"
"21,26 : 67.94"
"21,27 : 33.6"
"21,28 : 29.21"
"21,29 : 54.2"
"21,30 : 50.01"
"21,31 : 77.08"
"21,32 : 45.0"
"21,33 : 30.0"
"21,34 : 39.05"
"21,35 : 85.7"
"21,36 : 15.23"
"21,37 : 67.08"
"21,38 : 32.56"
"21,39 : 66.03"
"21,40 : 11.7"
"21,41 : 55.08"
"21,42 : 50.22"
"21,43 : 27.73"
"21,44 : 13.0"
"21,45 : 66.48"
"21,46 : 42.44"
"21,47 : 53.67"
"21,48 : 51.01"
"21,49 : 52.5"
"21,50 : 9.06"
"21,51 : 37.64"
"21,52 : 25.08"
"21,53 : 20.62"
"21,54 : 58.69"
"21,55 : 36.88"
"21,56 : 31.02"
"21,57 : 45.4"
"21,58 : 13.04"
"21,59 : 67.42"
"21,60 : 26.93"
"21,61 : 65.01"
"21,62 : 71.2"
"21,63 : 31.3"
"21,64 : 50.61"
"21,65 : 47.01"
"21,66 : 62.8"
"21,67 : 47.52"
"21,68 : 12.37"
"21,69 : 53.54"
"21,70 : 44.82"
"21,71 : 61.13"
"21,72 : 19.21"
"21,73 : 64.85"
"21,74 : 57.71"
"21,75 : 12.04"
"21,76 : 35.85"
"21,77 : 66.03"
"21,78 : 69.29"
"21,79 : 57.8"
"21,80 : 31.62"
"21,81 : 11.4"
"21,82 : 46.04"
"21,83 : 38.28"
"21,84 : 33.12"
"21,85 : 90.52"
"21,86 : 37.22"
"21,87 : 27.8"
"21,88 : 33.84"
"21,89 : 67.74"
"21,90 : 3.16"
"21,91 : 58.03"
"21,92 : 48.84"
"21,93 : 75.29"
"21,94 : 46.84"
"21,95 : 43.86"
"21,96 : 43.01"
"21,97 : 53.15"
"21,98 : 49.09"
"21,99 : 4.24"
"22,0 : 21.38"
"22,1 : 38.64"
"22,2 : 65.73"
"22,3 : 69.26"
"22,4 : 59.14"
"22,5 : 35.17"
"22,6 : 82.87"
"22,7 : 14.87"
"22,8 : 76.3"
"22,9 : 35.11"
"22,10 : 17.69"
"22,11 : 73.57"
"22,12 : 65.55"
"22,13 : 80.99"
"22,14 : 61.13"
"22,15 : 55.47"
"22,16 : 73.54"
"22,17 : 73.82"
"22,18 : 71.7"
"22,19 : 51.09"
"22,20 : 68.01"
"22,21 : 43.08"
"22,22 : 0.0"
"22,23 : 73.82"
"22,24 : 47.85"
"22,25 : 97.8"
"22,26 : 62.8"
"22,27 : 76.06"
"22,28 : 17.12"
"22,29 : 59.41"
"22,30 : 76.66"
"22,31 : 72.37"
"22,32 : 16.76"
"22,33 : 45.65"
"22,34 : 14.04"
"22,35 : 76.84"
"22,36 : 34.06"
"22,37 : 103.32"
"22,38 : 17.09"
"22,39 : 29.53"
"22,40 : 36.35"
"22,41 : 80.06"
"22,42 : 89.5"
"22,43 : 70.77"
"22,44 : 30.08"
"22,45 : 27.2"
"22,46 : 9.43"
"22,47 : 65.97"
"22,48 : 20.25"
"22,49 : 10.0"
"22,50 : 39.62"
"22,51 : 69.46"
"22,52 : 20.52"
"22,53 : 37.64"
"22,54 : 80.23"
"22,55 : 14.42"
"22,56 : 12.08"
"22,57 : 11.18"
"22,58 : 31.91"
"22,59 : 80.6"
"22,60 : 16.16"
"22,61 : 30.23"
"22,62 : 78.16"
"22,63 : 74.32"
"22,64 : 15.0"
"22,65 : 54.13"
"22,66 : 92.65"
"22,67 : 78.6"
"22,68 : 46.4"
"22,69 : 92.1"
"22,70 : 44.28"
"22,71 : 88.68"
"22,72 : 25.32"
"22,73 : 48.47"
"22,74 : 68.25"
"22,75 : 32.02"
"22,76 : 9.22"
"22,77 : 29.53"
"22,78 : 26.25"
"22,79 : 66.91"
"22,80 : 67.94"
"22,81 : 32.28"
"22,82 : 15.23"
"22,83 : 9.43"
"22,84 : 51.0"
"22,85 : 82.86"
"22,86 : 72.06"
"22,87 : 68.51"
"22,88 : 68.07"
"22,89 : 37.48"
"22,90 : 39.92"
"22,91 : 83.19"
"22,92 : 49.16"
"22,93 : 74.43"
"22,94 : 29.43"
"22,95 : 16.12"
"22,96 : 41.3"
"22,97 : 56.22"
"22,98 : 11.05"
"22,99 : 41.59"
"23,0 : 63.79"
"23,1 : 74.33"
"23,2 : 61.59"
"23,3 : 10.05"
"23,4 : 76.32"
"23,5 : 51.86"
"23,6 : 75.01"
"23,7 : 88.12"
"23,8 : 92.18"
"23,9 : 55.04"
"23,10 : 90.43"
"23,11 : 8.06"
"23,12 : 9.22"
"23,13 : 13.04"
"23,14 : 69.78"
"23,15 : 18.68"
"23,16 : 25.81"
"23,17 : 4.47"
"23,18 : 41.19"
"23,19 : 67.05"
"23,20 : 29.73"
"23,21 : 30.89"
"23,22 : 73.82"
"23,23 : 0.0"
"23,24 : 88.81"
"23,25 : 47.68"
"23,26 : 83.01"
"23,27 : 5.0"
"23,28 : 59.91"
"23,29 : 66.21"
"23,30 : 44.82"
"23,31 : 90.34"
"23,32 : 73.55"
"23,33 : 45.89"
"23,34 : 68.15"
"23,35 : 100.22"
"23,36 : 41.98"
"23,37 : 45.1"
"23,38 : 63.01"
"23,39 : 94.54"
"23,40 : 40.46"
"23,41 : 50.0"
"23,42 : 26.08"
"23,43 : 3.61"
"23,44 : 43.83"
"23,45 : 95.8"
"23,46 : 73.25"
"23,47 : 60.75"
"23,48 : 79.25"
"23,49 : 83.01"
"23,50 : 36.88"
"23,51 : 39.05"
"23,52 : 54.71"
"23,53 : 43.05"
"23,54 : 56.08"
"23,55 : 67.42"
"23,56 : 61.74"
"23,57 : 75.0"
"23,58 : 42.38"
"23,59 : 70.04"
"23,60 : 57.7"
"23,61 : 93.06"
"23,62 : 77.8"
"23,63 : 1.41"
"23,64 : 81.27"
"23,65 : 60.17"
"23,66 : 49.98"
"23,67 : 37.74"
"23,68 : 30.15"
"23,69 : 30.07"
"23,70 : 63.35"
"23,71 : 51.43"
"23,72 : 49.93"
"23,73 : 86.15"
"23,74 : 64.9"
"23,75 : 42.72"
"23,76 : 66.73"
"23,77 : 94.54"
"23,78 : 99.92"
"23,79 : 66.04"
"23,80 : 22.67"
"23,81 : 42.19"
"23,82 : 74.95"
"23,83 : 69.12"
"23,84 : 45.22"
"23,85 : 103.77"
"23,86 : 34.37"
"23,87 : 12.21"
"23,88 : 34.01"
"23,89 : 94.13"
"23,90 : 34.0"
"23,91 : 51.87"
"23,92 : 65.52"
"23,93 : 86.45"
"23,94 : 72.03"
"23,95 : 74.2"
"23,96 : 62.8"
"23,97 : 66.85"
"23,98 : 79.92"
"23,99 : 32.31"
"24,0 : 33.3"
"24,1 : 14.87"
"24,2 : 41.68"
"24,3 : 89.74"
"24,4 : 23.35"
"24,5 : 75.69"
"24,6 : 51.09"
"24,7 : 53.94"
"24,8 : 32.76"
"24,9 : 34.48"
"24,10 : 56.72"
"24,11 : 84.15"
"24,12 : 84.17"
"24,13 : 89.01"
"24,14 : 30.81"
"24,15 : 72.03"
"24,16 : 73.55"
"24,17 : 86.37"
"24,18 : 106.17"
"24,19 : 25.3"
"24,20 : 66.48"
"24,21 : 66.71"
"24,22 : 47.85"
"24,23 : 88.81"
"24,24 : 0.0"
"24,25 : 87.32"
"24,26 : 21.95"
"24,27 : 88.28"
"24,28 : 58.9"
"24,29 : 32.25"
"24,30 : 64.26"
"24,31 : 28.86"
"24,32 : 31.38"
"24,33 : 43.1"
"24,34 : 36.4"
"24,35 : 30.15"
"24,36 : 51.48"
"24,37 : 96.8"
"24,38 : 61.4"
"24,39 : 29.43"
"24,40 : 68.51"
"24,41 : 64.4"
"24,42 : 91.08"
"24,43 : 87.3"
"24,44 : 58.52"
"24,45 : 35.36"
"24,46 : 57.25"
"24,47 : 42.54"
"24,48 : 27.86"
"24,49 : 44.38"
"24,50 : 69.97"
"24,51 : 103.45"
"24,52 : 46.23"
"24,53 : 47.13"
"24,54 : 60.54"
"24,55 : 60.75"
"24,56 : 49.68"
"24,57 : 36.67"
"24,58 : 54.59"
"24,59 : 51.62"
"24,60 : 51.62"
"24,61 : 26.31"
"24,62 : 43.6"
"24,63 : 89.94"
"24,64 : 61.68"
"24,65 : 33.53"
"24,66 : 79.16"
"24,67 : 70.88"
"24,68 : 59.91"
"24,69 : 91.78"
"24,70 : 26.02"
"24,71 : 73.36"
"24,72 : 60.31"
"24,73 : 3.61"
"24,74 : 41.62"
"24,75 : 62.68"
"24,76 : 54.08"
"24,77 : 29.43"
"24,78 : 51.16"
"24,79 : 39.41"
"24,80 : 71.06"
"24,81 : 62.13"
"24,82 : 32.65"
"24,83 : 56.08"
"24,84 : 45.04"
"24,85 : 36.22"
"24,86 : 103.75"
"24,87 : 78.16"
"24,88 : 100.18"
"24,89 : 18.03"
"24,90 : 64.4"
"24,91 : 66.65"
"24,92 : 25.71"
"24,93 : 33.62"
"24,94 : 21.26"
"24,95 : 63.95"
"24,96 : 26.08"
"24,97 : 29.07"
"24,98 : 57.58"
"24,99 : 62.77"
"25,0 : 79.21"
"25,1 : 77.18"
"25,2 : 46.17"
"25,3 : 57.43"
"25,4 : 65.8"
"25,5 : 90.52"
"25,6 : 47.17"
"25,7 : 112.45"
"25,8 : 73.06"
"25,9 : 65.07"
"25,10 : 115.42"
"25,11 : 40.2"
"25,12 : 54.04"
"25,13 : 35.17"
"25,14 : 57.57"
"25,15 : 52.95"
"25,16 : 26.93"
"25,17 : 43.42"
"25,18 : 88.81"
"25,19 : 62.17"
"25,20 : 30.41"
"25,21 : 64.85"
"25,22 : 97.8"
"25,23 : 47.68"
"25,24 : 87.32"
"25,25 : 0.0"
"25,26 : 70.83"
"25,27 : 42.76"
"25,28 : 90.35"
"25,29 : 55.36"
"25,30 : 23.32"
"25,31 : 73.33"
"25,32 : 89.11"
"25,33 : 53.04"
"25,34 : 86.37"
"25,35 : 83.15"
"25,36 : 65.0"
"25,37 : 11.18"
"25,38 : 94.37"
"25,39 : 106.4"
"25,40 : 76.54"
"25,41 : 23.09"
"25,42 : 23.26"
"25,43 : 50.36"
"25,44 : 73.82"
"25,45 : 110.11"
"25,46 : 101.55"
"25,47 : 45.22"
"25,48 : 92.85"
"25,49 : 104.14"
"25,50 : 73.76"
"25,51 : 86.58"
"25,52 : 77.67"
"25,53 : 60.22"
"25,54 : 28.28"
"25,55 : 98.01"
"25,56 : 87.37"
"25,57 : 93.38"
"25,58 : 68.88"
"25,59 : 43.01"
"25,60 : 84.38"
"25,61 : 103.81"
"25,62 : 54.0"
"25,63 : 48.84"
"25,64 : 110.14"
