x,y
0.01,0.9
0.87,0.84
0.34,0.69
0.86,0.22
0.14,0.46
0.64,0.93
0.2,0.15
0.92,0.47
0.9,0.3
0.24,0.49
0.26,0.37
0.03,0.64
0.43,0.85
0.79,0.63
0.98,0.74
0.37,0.55
0.47,0.33
0.41,0.51
0.83,0.97
0.15,0.14
0.82,0.54
0.91,0.91
0.63,0.47
0.8,0.28
0.1,0.37
0.62,0.82
0.04,0.91
0.81,0.1
0.31,0.57
0.26,0.58
0.41,0.38
0.79,0.92
0.07,0.44
0.81,0.96
0.74,0.45
0.5,0.69
0.79,0.77
0.02,0.71
0.98,0.43
0.96,0.23
0.85,0.51
0.23,0.01
0.57,0.23
0.23,0.76
0.26,0.53
0.66,0.89
0.8,0.96
0.46,0.69
0.34,0.75
0.57,0.23
0.11,0.9
0.91,0.33
0.6,0.3
0.93,0.73
0.92,0.72
0.94,0.45
0.23,0.21
0.22,0.75
0.34,0.85
0.41,0.68
0.72,0.85
0.69,0.28
0.11,0.95
0.48,0.9
0.05,0.06
0.79,0.8
0.17,0.91
0.84,0.0
0.67,0.91
0.15,0.15
0.57,0.09
0.96,0.71
0.69,0.3
0.17,0.12
0.07,0.07
1.0,0.52
0.1,0.79
0.77,0.02
0.36,0.51
0.31,0.2
0.74,0.31
0.23,0.72
0.26,0.89
0.46,0.17
0.36,0.59
0.59,0.09
0.04,0.68
0.31,0.08
0.08,0.29
0.26,0.69
0.31,0.64
0.89,0.25
0.27,0.12
0.19,0.23
0.62,0.49
0.09,0.83
0.33,0.27
0.62,0.62
0.01,0.82
0.67,0.44

Distanze
"0,1 : 0.8621"
"1,0 : 0.8621"
"0,2 : 0.3912"
"2,0 : 0.3912"
"0,3 : 1.0885"
"3,0 : 1.0885"
"0,4 : 0.4588"
"4,0 : 0.4588"
"0,5 : 0.6307"
"5,0 : 0.6307"
"0,6 : 0.7737"
"6,0 : 0.7737"
"0,7 : 1.0065"
"7,0 : 1.0065"
"0,8 : 1.0734"
"8,0 : 1.0734"
"0,9 : 0.4701"
"9,0 : 0.4701"
"0,10 : 0.586"
"10,0 : 0.586"
"0,11 : 0.2608"
"11,0 : 0.2608"
"0,12 : 0.423"
"12,0 : 0.423"
"0,13 : 0.8254"
"13,0 : 0.8254"
"0,14 : 0.9831"
"14,0 : 0.9831"
"0,15 : 0.5021"
"15,0 : 0.5021"
"0,16 : 0.7325"
"16,0 : 0.7325"
"0,17 : 0.5587"
"17,0 : 0.5587"
"0,18 : 0.823"
"18,0 : 0.823"
"0,19 : 0.7728"
"19,0 : 0.7728"
"0,20 : 0.8864"
"20,0 : 0.8864"
"0,21 : 0.9001"
"21,0 : 0.9001"
"0,22 : 0.7545"
"22,0 : 0.7545"
"0,23 : 1.0042"
"23,0 : 1.0042"
"0,24 : 0.5376"
"24,0 : 0.5376"
"0,25 : 0.6152"
"25,0 : 0.6152"
"0,26 : 0.0316"
"26,0 : 0.0316"
"0,27 : 1.1314"
"27,0 : 1.1314"
"0,28 : 0.446"
"28,0 : 0.446"
"0,29 : 0.4061"
"29,0 : 0.4061"
"0,30 : 0.656"
"30,0 : 0.656"
"0,31 : 0.7803"
"31,0 : 0.7803"
"0,32 : 0.4639"
"32,0 : 0.4639"
"0,33 : 0.8022"
"33,0 : 0.8022"
"0,34 : 0.8576"
"34,0 : 0.8576"
"0,35 : 0.5331"
"35,0 : 0.5331"
"0,36 : 0.7908"
"36,0 : 0.7908"
"0,37 : 0.1903"
"37,0 : 0.1903"
"0,38 : 1.0779"
"38,0 : 1.0779"
"0,39 : 1.1625"
"39,0 : 1.1625"
"0,40 : 0.9261"
"40,0 : 0.9261"
"0,41 : 0.9168"
"41,0 : 0.9168"
"0,42 : 0.8732"
"42,0 : 0.8732"
"0,43 : 0.2608"
"43,0 : 0.2608"
"0,44 : 0.4465"
"44,0 : 0.4465"
"0,45 : 0.6501"
"45,0 : 0.6501"
"0,46 : 0.7923"
"46,0 : 0.7923"
"0,47 : 0.4966"
"47,0 : 0.4966"
"0,48 : 0.3625"
"48,0 : 0.3625"
"0,49 : 0.8732"
"49,0 : 0.8732"
"0,50 : 0.1"
"50,0 : 0.1"
"0,51 : 1.0653"
"51,0 : 1.0653"
"0,52 : 0.8415"
"52,0 : 0.8415"
"0,53 : 0.9356"
"53,0 : 0.9356"
"0,54 : 0.9276"
"54,0 : 0.9276"
"0,55 : 1.0332"
"55,0 : 1.0332"
"0,56 : 0.7242"
"56,0 : 0.7242"
"0,57 : 0.2581"
"57,0 : 0.2581"
"0,58 : 0.3338"
"58,0 : 0.3338"
"0,59 : 0.4565"
"59,0 : 0.4565"
"0,60 : 0.7118"
"60,0 : 0.7118"
"0,61 : 0.9202"
"61,0 : 0.9202"
"0,62 : 0.1118"
"62,0 : 0.1118"
"0,63 : 0.47"
"63,0 : 0.47"
"0,64 : 0.841"
"64,0 : 0.841"
"0,65 : 0.7864"
"65,0 : 0.7864"
"0,66 : 0.1603"
"66,0 : 0.1603"
"0,67 : 1.2243"
"67,0 : 1.2243"
"0,68 : 0.6601"
"68,0 : 0.6601"
"0,69 : 0.763"
"69,0 : 0.763"
"0,70 : 0.9847"
"70,0 : 0.9847"
"0,71 : 0.9688"
"71,0 : 0.9688"
"0,72 : 0.9069"
"72,0 : 0.9069"
"0,73 : 0.7962"
"73,0 : 0.7962"
"0,74 : 0.8322"
"74,0 : 0.8322"
"0,75 : 1.0604"
"75,0 : 1.0604"
"0,76 : 0.1421"
"76,0 : 0.1421"
"0,77 : 1.1628"
"77,0 : 1.1628"
"0,78 : 0.524"
"78,0 : 0.524"
"0,79 : 0.7616"
"79,0 : 0.7616"
"0,80 : 0.9386"
"80,0 : 0.9386"
"0,81 : 0.2843"
"81,0 : 0.2843"
"0,82 : 0.2502"
"82,0 : 0.2502"
"0,83 : 0.8576"
"83,0 : 0.8576"
"0,84 : 0.4675"
"84,0 : 0.4675"
"0,85 : 0.9962"
"85,0 : 0.9962"
"0,86 : 0.222"
"86,0 : 0.222"
"0,87 : 0.8732"
"87,0 : 0.8732"
"0,88 : 0.614"
"88,0 : 0.614"
"0,89 : 0.3265"
"89,0 : 0.3265"
"0,90 : 0.397"
"90,0 : 0.397"
"0,91 : 1.094"
"91,0 : 1.094"
"0,92 : 0.8222"
"92,0 : 0.8222"
"0,93 : 0.6938"
"93,0 : 0.6938"
"0,94 : 0.735"
"94,0 : 0.735"
"0,95 : 0.1063"
"95,0 : 0.1063"
"0,96 : 0.7066"
"96,0 : 0.7066"
"0,97 : 0.6712"
"97,0 : 0.6712"
"0,98 : 0.08"
"98,0 : 0.08"
"0,99 : 0.8045"
"99,0 : 0.8045"
"1,2 : 0.5508"
"2,1 : 0.5508"
"1,3 : 0.6201"
"3,1 : 0.6201"
"1,4 : 0.823"
"4,1 : 0.823"
"1,5 : 0.247"
"5,1 : 0.247"
"1,6 : 0.9618"
"6,1 : 0.9618"
"1,7 : 0.3734"
"7,1 : 0.3734"
"1,8 : 0.5408"
"8,1 : 0.5408"
"1,9 : 0.7207"
"9,1 : 0.7207"
"1,10 : 0.7701"
"10,1 : 0.7701"
"1,11 : 0.8635"
"11,1 : 0.8635"
"1,12 : 0.4401"
"12,1 : 0.4401"
"1,13 : 0.2247"
"13,1 : 0.2247"
"1,14 : 0.1487"
"14,1 : 0.1487"
"1,15 : 0.578"
"15,1 : 0.578"
"1,16 : 0.6482"
"16,1 : 0.6482"
"1,17 : 0.5661"
"17,1 : 0.5661"
"1,18 : 0.136"
"18,1 : 0.136"
"1,19 : 1.0042"
"19,1 : 1.0042"
"1,20 : 0.3041"
"20,1 : 0.3041"
"1,21 : 0.0806"
"21,1 : 0.0806"
"1,22 : 0.441"
"22,1 : 0.441"
"1,23 : 0.5644"
"23,1 : 0.5644"
"1,24 : 0.9021"
"24,1 : 0.9021"
"1,25 : 0.2508"
"25,1 : 0.2508"
"1,26 : 0.8329"
"26,1 : 0.8329"
"1,27 : 0.7424"
"27,1 : 0.7424"
"1,28 : 0.6217"
"28,1 : 0.6217"
"1,29 : 0.6631"
"29,1 : 0.6631"
"1,30 : 0.6505"
"30,1 : 0.6505"
"1,31 : 0.1131"
"31,1 : 0.1131"
"1,32 : 0.8944"
"32,1 : 0.8944"
"1,33 : 0.1342"
"33,1 : 0.1342"
"1,34 : 0.4111"
"34,1 : 0.4111"
"1,35 : 0.3992"
"35,1 : 0.3992"
"1,36 : 0.1063"
"36,1 : 0.1063"
"1,37 : 0.8599"
"37,1 : 0.8599"
"1,38 : 0.4245"
"38,1 : 0.4245"
"1,39 : 0.6166"
"39,1 : 0.6166"
"1,40 : 0.3306"
"40,1 : 0.3306"
"1,41 : 1.0481"
"41,1 : 1.0481"
"1,42 : 0.6798"
"42,1 : 0.6798"
"1,43 : 0.645"
"43,1 : 0.645"
"1,44 : 0.6843"
"44,1 : 0.6843"
"1,45 : 0.2159"
"45,1 : 0.2159"
"1,46 : 0.1389"
"46,1 : 0.1389"
"1,47 : 0.4366"
"47,1 : 0.4366"
"1,48 : 0.5376"
"48,1 : 0.5376"
"1,49 : 0.6798"
"49,1 : 0.6798"
"1,50 : 0.7624"
"50,1 : 0.7624"
"1,51 : 0.5116"
"51,1 : 0.5116"
"1,52 : 0.6037"
"52,1 : 0.6037"
"1,53 : 0.1253"
"53,1 : 0.1253"
"1,54 : 0.13"
"54,1 : 0.13"
"1,55 : 0.3962"
"55,1 : 0.3962"
"1,56 : 0.8981"
"56,1 : 0.8981"
"1,57 : 0.6562"
"57,1 : 0.6562"
"1,58 : 0.5301"
"58,1 : 0.5301"
"1,59 : 0.487"
"59,1 : 0.487"
"1,60 : 0.1503"
"60,1 : 0.1503"
"1,61 : 0.5882"
"61,1 : 0.5882"
"1,62 : 0.7679"
"62,1 : 0.7679"
"1,63 : 0.3946"
"63,1 : 0.3946"
"1,64 : 1.1317"
"64,1 : 1.1317"
"1,65 : 0.0894"
"65,1 : 0.0894"
"1,66 : 0.7035"
"66,1 : 0.7035"
"1,67 : 0.8405"
"67,1 : 0.8405"
"1,68 : 0.2119"
"68,1 : 0.2119"
"1,69 : 0.9972"
"69,1 : 0.9972"
"1,70 : 0.8078"
"70,1 : 0.8078"
"1,71 : 0.1581"
"71,1 : 0.1581"
"1,72 : 0.5692"
"72,1 : 0.5692"
"1,73 : 1.0042"
"73,1 : 1.0042"
"1,74 : 1.1104"
"74,1 : 1.1104"
"1,75 : 0.3454"
"75,1 : 0.3454"
"1,76 : 0.7716"
"76,1 : 0.7716"
"1,77 : 0.8261"
"77,1 : 0.8261"
"1,78 : 0.6075"
"78,1 : 0.6075"
"1,79 : 0.8504"
"79,1 : 0.8504"
"1,80 : 0.5457"
"80,1 : 0.5457"
"1,81 : 0.6512"
"81,1 : 0.6512"
"1,82 : 0.612"
"82,1 : 0.612"
"1,83 : 0.7855"
"83,1 : 0.7855"
"1,84 : 0.568"
"84,1 : 0.568"
"1,85 : 0.8006"
"85,1 : 0.8006"
"1,86 : 0.8453"
"86,1 : 0.8453"
"1,87 : 0.944"
"87,1 : 0.944"
"1,88 : 0.9626"
"88,1 : 0.9626"
"1,89 : 0.6282"
"89,1 : 0.6282"
"1,90 : 0.5946"
"90,1 : 0.5946"
"1,91 : 0.5903"
"91,1 : 0.5903"
"1,92 : 0.9372"
"92,1 : 0.9372"
"1,93 : 0.9135"
"93,1 : 0.9135"
"1,94 : 0.4301"
"94,1 : 0.4301"
"1,95 : 0.7801"
"95,1 : 0.7801"
"1,96 : 0.7852"
"96,1 : 0.7852"
"1,97 : 0.333"
"97,1 : 0.333"
"1,98 : 0.8602"
"98,1 : 0.8602"
"1,99 : 0.4472"
"99,1 : 0.4472"
"2,3 : 0.7009"
"3,2 : 0.7009"
"2,4 : 0.3048"
"4,2 : 0.3048"
"2,5 : 0.3842"
"5,2 : 0.3842"
"2,6 : 0.5579"
"6,2 : 0.5579"
"2,7 : 0.6203"
"7,2 : 0.6203"
"2,8 : 0.6824"
"8,2 : 0.6824"
"2,9 : 0.2236"
"9,2 : 0.2236"
"2,10 : 0.3298"
"10,2 : 0.3298"
"2,11 : 0.314"
"11,2 : 0.314"
"2,12 : 0.1836"
"12,2 : 0.1836"
"2,13 : 0.454"
"13,2 : 0.454"
"2,14 : 0.642"
"14,2 : 0.642"
"2,15 : 0.1432"
"15,2 : 0.1432"
"2,16 : 0.3828"
"16,2 : 0.3828"
"2,17 : 0.1931"
"17,2 : 0.1931"
"2,18 : 0.5644"
"18,2 : 0.5644"
"2,19 : 0.5819"
"19,2 : 0.5819"
"2,20 : 0.5029"
"20,2 : 0.5029"
"2,21 : 0.611"
"21,2 : 0.611"
"2,22 : 0.364"
"22,2 : 0.364"
"2,23 : 0.6162"
"23,2 : 0.6162"
"2,24 : 0.4"
"24,2 : 0.4"
"2,25 : 0.3087"
"25,2 : 0.3087"
"2,26 : 0.372"
"26,2 : 0.372"
"2,27 : 0.7543"
"27,2 : 0.7543"
"2,28 : 0.1237"
"28,2 : 0.1237"
"2,29 : 0.136"
"29,2 : 0.136"
"2,30 : 0.3178"
"30,2 : 0.3178"
"2,31 : 0.5054"
"31,2 : 0.5054"
"2,32 : 0.368"
"32,2 : 0.368"
"2,33 : 0.542"
"33,2 : 0.542"
"2,34 : 0.4665"
"34,2 : 0.4665"
"2,35 : 0.16"
"35,2 : 0.16"
"2,36 : 0.4571"
"36,2 : 0.4571"
"2,37 : 0.3206"
"37,2 : 0.3206"
"2,38 : 0.6908"
"38,2 : 0.6908"
"2,39 : 0.772"
"39,2 : 0.772"
"2,40 : 0.5408"
"40,2 : 0.5408"
"2,41 : 0.6888"
"41,2 : 0.6888"
"2,42 : 0.5143"
"42,2 : 0.5143"
"2,43 : 0.1304"
"43,2 : 0.1304"
"2,44 : 0.1789"
"44,2 : 0.1789"
"2,45 : 0.3774"
"45,2 : 0.3774"
"2,46 : 0.5334"
"46,2 : 0.5334"
"2,47 : 0.12"
"47,2 : 0.12"
"2,48 : 0.06"
"48,2 : 0.06"
"2,49 : 0.5143"
"49,2 : 0.5143"
"2,50 : 0.3114"
"50,2 : 0.3114"
"2,51 : 0.6742"
"51,2 : 0.6742"
"2,52 : 0.4687"
"52,2 : 0.4687"
"2,53 : 0.5914"
"53,2 : 0.5914"
"2,54 : 0.5808"
"54,2 : 0.5808"
"2,55 : 0.6462"
"55,2 : 0.6462"
"2,56 : 0.4924"
"56,2 : 0.4924"
"2,57 : 0.1342"
"57,2 : 0.1342"
"2,58 : 0.16"
"58,2 : 0.16"
"2,59 : 0.0707"
"59,2 : 0.0707"
"2,60 : 0.4123"
"60,2 : 0.4123"
"2,61 : 0.5391"
"61,2 : 0.5391"
"2,62 : 0.3471"
"62,2 : 0.3471"
"2,63 : 0.2524"
"63,2 : 0.2524"
"2,64 : 0.6935"
"64,2 : 0.6935"
"2,65 : 0.4632"
"65,2 : 0.4632"
"2,66 : 0.278"
"66,2 : 0.278"
"2,67 : 0.8521"
"67,2 : 0.8521"
"2,68 : 0.3966"
"68,2 : 0.3966"
"2,69 : 0.5725"
"69,2 : 0.5725"
"2,70 : 0.6426"
"70,2 : 0.6426"
"2,71 : 0.6203"
"71,2 : 0.6203"
"2,72 : 0.524"
"72,2 : 0.524"
"2,73 : 0.5948"
"73,2 : 0.5948"
"2,74 : 0.6762"
"74,2 : 0.6762"
"2,75 : 0.6815"
"75,2 : 0.6815"
"2,76 : 0.26"
"76,2 : 0.26"
"2,77 : 0.7961"
"77,2 : 0.7961"
"2,78 : 0.1811"
"78,2 : 0.1811"
"2,79 : 0.4909"
"79,2 : 0.4909"
"2,80 : 0.5517"
"80,2 : 0.5517"
"2,81 : 0.114"
"81,2 : 0.114"
"2,82 : 0.2154"
"82,2 : 0.2154"
"2,83 : 0.5337"
"83,2 : 0.5337"
"2,84 : 0.102"
"84,2 : 0.102"
"2,85 : 0.65"
"85,2 : 0.65"
"2,86 : 0.3002"
"86,2 : 0.3002"
"2,87 : 0.6107"
"87,2 : 0.6107"
"2,88 : 0.4771"
"88,2 : 0.4771"
"2,89 : 0.08"
"89,2 : 0.08"
"2,90 : 0.0583"
"90,2 : 0.0583"
"2,91 : 0.7043"
"91,2 : 0.7043"
"2,92 : 0.5743"
"92,2 : 0.5743"
"2,93 : 0.4838"
"93,2 : 0.4838"
"2,94 : 0.3441"
"94,2 : 0.3441"
"2,95 : 0.2865"
"95,2 : 0.2865"
"2,96 : 0.4201"
"96,2 : 0.4201"
"2,97 : 0.2886"
"97,2 : 0.2886"
"2,98 : 0.3547"
"98,2 : 0.3547"
"2,99 : 0.414"
"99,2 : 0.414"
"3,4 : 0.7589"
"4,3 : 0.7589"
"3,5 : 0.7433"
"5,3 : 0.7433"
"3,6 : 0.6637"
"6,3 : 0.6637"
"3,7 : 0.2571"
"7,3 : 0.2571"
"3,8 : 0.0894"
"8,3 : 0.0894"
"3,9 : 0.6762"
"9,3 : 0.6762"
"3,10 : 0.6185"
"10,3 : 0.6185"
"3,11 : 0.9302"
"11,3 : 0.9302"
"3,12 : 0.7628"
"12,3 : 0.7628"
"3,13 : 0.4159"
"13,3 : 0.4159"
"3,14 : 0.5337"
"14,3 : 0.5337"
"3,15 : 0.5908"
"15,3 : 0.5908"
"3,16 : 0.4052"
"16,3 : 0.4052"
"3,17 : 0.5354"
"17,3 : 0.5354"
"3,18 : 0.7506"
"18,3 : 0.7506"
"3,19 : 0.7145"
"19,3 : 0.7145"
"3,20 : 0.3225"
"20,3 : 0.3225"
"3,21 : 0.6918"
"21,3 : 0.6918"
"3,22 : 0.3397"
"22,3 : 0.3397"
"3,23 : 0.0849"
"23,3 : 0.0849"
"3,24 : 0.7747"
"24,3 : 0.7747"
"3,25 : 0.6462"
"25,3 : 0.6462"
"3,26 : 1.0717"
"26,3 : 1.0717"
"3,27 : 0.13"
"27,3 : 0.13"
"3,28 : 0.6519"
"28,3 : 0.6519"
"3,29 : 0.6997"
"29,3 : 0.6997"
"3,30 : 0.4776"
"30,3 : 0.4776"
"3,31 : 0.7035"
"31,3 : 0.7035"
"3,32 : 0.8201"
"32,3 : 0.8201"
"3,33 : 0.7417"
"33,3 : 0.7417"
"3,34 : 0.2594"
"34,3 : 0.2594"
"3,35 : 0.592"
"35,3 : 0.592"
"3,36 : 0.5544"
"36,3 : 0.5544"
"3,37 : 0.9725"
"37,3 : 0.9725"
"3,38 : 0.2419"
"38,3 : 0.2419"
"3,39 : 0.1005"
"39,3 : 0.1005"
"3,40 : 0.2902"
"40,3 : 0.2902"
"3,41 : 0.6641"
"41,3 : 0.6641"
"3,42 : 0.2902"
"42,3 : 0.2902"
"3,43 : 0.8298"
"43,3 : 0.8298"
"3,44 : 0.6754"
"44,3 : 0.6754"
"3,45 : 0.6992"
"45,3 : 0.6992"
"3,46 : 0.7424"
"46,3 : 0.7424"
"3,47 : 0.6172"
"47,3 : 0.6172"
"3,48 : 0.7425"
"48,3 : 0.7425"
"3,49 : 0.2902"
"49,3 : 0.2902"
"3,50 : 1.0124"
"50,3 : 1.0124"
"3,51 : 0.1208"
"51,3 : 0.1208"
"3,52 : 0.272"
"52,3 : 0.272"
"3,53 : 0.5148"
"53,3 : 0.5148"
"3,54 : 0.5036"
"54,3 : 0.5036"
"3,55 : 0.2435"
"55,3 : 0.2435"
"3,56 : 0.6301"
"56,3 : 0.6301"
"3,57 : 0.831"
"57,3 : 0.831"
"3,58 : 0.8169"
"58,3 : 0.8169"
"3,59 : 0.6435"
"59,3 : 0.6435"
"3,60 : 0.6454"
"60,3 : 0.6454"
"3,61 : 0.1803"
"61,3 : 0.1803"
"3,62 : 1.0466"
"62,3 : 1.0466"
"3,63 : 0.779"
"63,3 : 0.779"
"3,64 : 0.8257"
"64,3 : 0.8257"
"3,65 : 0.5842"
"65,3 : 0.5842"
"3,66 : 0.9758"
"66,3 : 0.9758"
"3,67 : 0.2209"
"67,3 : 0.2209"
"3,68 : 0.7157"
"68,3 : 0.7157"
"3,69 : 0.7134"
"69,3 : 0.7134"
"3,70 : 0.3178"
"70,3 : 0.3178"
"3,71 : 0.5001"
"71,3 : 0.5001"
"3,72 : 0.1879"
"72,3 : 0.1879"
"3,73 : 0.6972"
"73,3 : 0.6972"
"3,74 : 0.8041"
"74,3 : 0.8041"
"3,75 : 0.3311"
"75,3 : 0.3311"
"3,76 : 0.95"
"76,3 : 0.95"
"3,77 : 0.2193"
"77,3 : 0.2193"
"3,78 : 0.578"
"78,3 : 0.578"
"3,79 : 0.5504"
"79,3 : 0.5504"
"3,80 : 0.15"
"80,3 : 0.15"
"3,81 : 0.8043"
"81,3 : 0.8043"
"3,82 : 0.8994"
"82,3 : 0.8994"
"3,83 : 0.4031"
"83,3 : 0.4031"
"3,84 : 0.622"
"84,3 : 0.622"
"3,85 : 0.2997"
"85,3 : 0.2997"
"3,86 : 0.9402"
"86,3 : 0.9402"
"3,87 : 0.5675"
"87,3 : 0.5675"
"3,88 : 0.7831"
"88,3 : 0.7831"
"3,89 : 0.7622"
"89,3 : 0.7622"
"3,90 : 0.692"
"90,3 : 0.692"
"3,91 : 0.0424"
"91,3 : 0.0424"
"3,92 : 0.5984"
"92,3 : 0.5984"
"3,93 : 0.6701"
"93,3 : 0.6701"
"3,94 : 0.3612"
"94,3 : 0.3612"
"3,95 : 0.9823"
"95,3 : 0.9823"
"3,96 : 0.5324"
"96,3 : 0.5324"
"3,97 : 0.4665"
"97,3 : 0.4665"
"3,98 : 1.0404"
"98,3 : 1.0404"
"3,99 : 0.2907"
"99,3 : 0.2907"
"4,5 : 0.6862"
"5,4 : 0.6862"
"4,6 : 0.3158"
"6,4 : 0.3158"
"4,7 : 0.7801"
"7,4 : 0.7801"
"4,8 : 0.7767"
"8,4 : 0.7767"
"4,9 : 0.1044"
"9,4 : 0.1044"
"4,10 : 0.15"
"10,4 : 0.15"
"4,11 : 0.211"
"11,4 : 0.211"
"4,12 : 0.486"
"12,4 : 0.486"
"4,13 : 0.6719"
"13,4 : 0.6719"
"4,14 : 0.8854"
"14,4 : 0.8854"
"4,15 : 0.247"
"15,4 : 0.247"
"4,16 : 0.3547"
"16,4 : 0.3547"
"4,17 : 0.2746"
"17,4 : 0.2746"
"4,18 : 0.858"
"18,4 : 0.858"
"4,19 : 0.3202"
"19,4 : 0.3202"
"4,20 : 0.6847"
"20,4 : 0.6847"
"4,21 : 0.8919"
"21,4 : 0.8919"
"4,22 : 0.4901"
"22,4 : 0.4901"
"4,23 : 0.6841"
"23,4 : 0.6841"
"4,24 : 0.0985"
"24,4 : 0.0985"
"4,25 : 0.6"
"25,4 : 0.6"
"4,26 : 0.461"
"26,4 : 0.461"
"4,27 : 0.7606"
"27,4 : 0.7606"
"4,28 : 0.2025"
"28,4 : 0.2025"
"4,29 : 0.1697"
"29,4 : 0.1697"
"4,30 : 0.2816"
"30,4 : 0.2816"
"4,31 : 0.7963"
"31,4 : 0.7963"
"4,32 : 0.0728"
"32,4 : 0.0728"
"4,33 : 0.836"
"33,4 : 0.836"
"4,34 : 0.6001"
"34,4 : 0.6001"
"4,35 : 0.4272"
"35,4 : 0.4272"
"4,36 : 0.7201"
"36,4 : 0.7201"
"4,37 : 0.2773"
"37,4 : 0.2773"
"4,38 : 0.8405"
"38,4 : 0.8405"
"4,39 : 0.8516"
"39,4 : 0.8516"
"4,40 : 0.7118"
"40,4 : 0.7118"
"4,41 : 0.4589"
"41,4 : 0.4589"
"4,42 : 0.4876"
"42,4 : 0.4876"
"4,43 : 0.3132"
"43,4 : 0.3132"
"4,44 : 0.1389"
"44,4 : 0.1389"
"4,45 : 0.6748"
"45,4 : 0.6748"
"4,46 : 0.828"
"46,4 : 0.828"
"4,47 : 0.3941"
"47,4 : 0.3941"
"4,48 : 0.3523"
"48,4 : 0.3523"
"4,49 : 0.4876"
"49,4 : 0.4876"
"4,50 : 0.441"
"50,4 : 0.441"
"4,51 : 0.7809"
"51,4 : 0.7809"
"4,52 : 0.487"
"52,4 : 0.487"
"4,53 : 0.8349"
"53,4 : 0.8349"
"4,54 : 0.8222"
"54,4 : 0.8222"
"4,55 : 0.8001"
"55,4 : 0.8001"
"4,56 : 0.2657"
"56,4 : 0.2657"
"4,57 : 0.3008"
"57,4 : 0.3008"
"4,58 : 0.4383"
"58,4 : 0.4383"
"4,59 : 0.3483"
"59,4 : 0.3483"
"4,60 : 0.6989"
"60,4 : 0.6989"
"4,61 : 0.5787"
"61,4 : 0.5787"
"4,62 : 0.4909"
"62,4 : 0.4909"
"4,63 : 0.5561"
"63,4 : 0.5561"
"4,64 : 0.41"
"64,4 : 0.41"
"4,65 : 0.7336"
"65,4 : 0.7336"
"4,66 : 0.451"
"66,4 : 0.451"
"4,67 : 0.8376"
"67,4 : 0.8376"
"4,68 : 0.6953"
"68,4 : 0.6953"
"4,69 : 0.3102"
"69,4 : 0.3102"
"4,70 : 0.5673"
"70,4 : 0.5673"
"4,71 : 0.8573"
"71,4 : 0.8573"
"4,72 : 0.5728"
"72,4 : 0.5728"
"4,73 : 0.3413"
"73,4 : 0.3413"
"4,74 : 0.3962"
"74,4 : 0.3962"
"4,75 : 0.8621"
"75,4 : 0.8621"
"4,76 : 0.3324"
"76,4 : 0.3324"
"4,77 : 0.7684"
"77,4 : 0.7684"
"4,78 : 0.2256"
"78,4 : 0.2256"
"4,79 : 0.3106"
"79,4 : 0.3106"
"4,80 : 0.6185"
"80,4 : 0.6185"
"4,81 : 0.2751"
"81,4 : 0.2751"
"4,82 : 0.4464"
"82,4 : 0.4464"
"4,83 : 0.4319"
"83,4 : 0.4319"
"4,84 : 0.2555"
"84,4 : 0.2555"
"4,85 : 0.5826"
"85,4 : 0.5826"
"4,86 : 0.2417"
"86,4 : 0.2417"
"4,87 : 0.4163"
"87,4 : 0.4163"
"4,88 : 0.1803"
"88,4 : 0.1803"
"4,89 : 0.2594"
"89,4 : 0.2594"
"4,90 : 0.2476"
"90,4 : 0.2476"
"4,91 : 0.7788"
"91,4 : 0.7788"
"4,92 : 0.364"
"92,4 : 0.364"
"4,93 : 0.2354"
"93,4 : 0.2354"
"4,94 : 0.4809"
"94,4 : 0.4809"
"4,95 : 0.3734"
"95,4 : 0.3734"
"4,96 : 0.2687"
"96,4 : 0.2687"
"4,97 : 0.506"
"97,4 : 0.506"
"4,98 : 0.3828"
"98,4 : 0.3828"
"4,99 : 0.5304"
"99,4 : 0.5304"
"5,6 : 0.8955"
"6,5 : 0.8955"
"5,7 : 0.5385"
"7,5 : 0.5385"
"5,8 : 0.6815"
"8,5 : 0.6815"
"5,9 : 0.5946"
"9,5 : 0.5946"
"5,10 : 0.6768"
"10,5 : 0.6768"
"5,11 : 0.6754"
"11,5 : 0.6754"
"5,12 : 0.2247"
"12,5 : 0.2247"
"5,13 : 0.3354"
"13,5 : 0.3354"
"5,14 : 0.3895"
"14,5 : 0.3895"
"5,15 : 0.4662"
"15,5 : 0.4662"
"5,16 : 0.6236"
"16,5 : 0.6236"
"5,17 : 0.4789"
"17,5 : 0.4789"
"5,18 : 0.1942"
"18,5 : 0.1942"
"5,19 : 0.9296"
"19,5 : 0.9296"
"5,20 : 0.4295"
"20,5 : 0.4295"
"5,21 : 0.2707"
"21,5 : 0.2707"
"5,22 : 0.4601"
"22,5 : 0.4601"
"5,23 : 0.6694"
"23,5 : 0.6694"
"5,24 : 0.7779"
"24,5 : 0.7779"
"5,25 : 0.1118"
"25,5 : 0.1118"
"5,26 : 0.6003"
"26,5 : 0.6003"
"5,27 : 0.8472"
"27,5 : 0.8472"
"5,28 : 0.4884"
"28,5 : 0.4884"
"5,29 : 0.5166"
"29,5 : 0.5166"
"5,30 : 0.5962"
"30,5 : 0.5962"
"5,31 : 0.1503"
"31,5 : 0.1503"
"5,32 : 0.7517"
"32,5 : 0.7517"
"5,33 : 0.1726"
"33,5 : 0.1726"
"5,34 : 0.4903"
"34,5 : 0.4903"
"5,35 : 0.2778"
"35,5 : 0.2778"
"5,36 : 0.2193"
"36,5 : 0.2193"
"5,37 : 0.6579"
"37,5 : 0.6579"
"5,38 : 0.6046"
"38,5 : 0.6046"
"5,39 : 0.7697"
"39,5 : 0.7697"
"5,40 : 0.4696"
"40,5 : 0.4696"
"5,41 : 1.0072"
"41,5 : 1.0072"
"5,42 : 0.7035"
"42,5 : 0.7035"
"5,43 : 0.4438"
"43,5 : 0.4438"
"5,44 : 0.5517"
"44,5 : 0.5517"
"5,45 : 0.0447"
"45,5 : 0.0447"
"5,46 : 0.1628"
"46,5 : 0.1628"
"5,47 : 0.3"
"47,5 : 0.3"
"5,48 : 0.3499"
"48,5 : 0.3499"
"5,49 : 0.7035"
"49,5 : 0.7035"
"5,50 : 0.5308"
"50,5 : 0.5308"
"5,51 : 0.658"
"51,5 : 0.658"
"5,52 : 0.6313"
"52,5 : 0.6313"
"5,53 : 0.3523"
"53,5 : 0.3523"
"5,54 : 0.35"
"54,5 : 0.35"
"5,55 : 0.566"
"55,5 : 0.566"
"5,56 : 0.8286"
"56,5 : 0.8286"
"5,57 : 0.4569"
"57,5 : 0.4569"
"5,58 : 0.3105"
"58,5 : 0.3105"
"5,59 : 0.3397"
"59,5 : 0.3397"
"5,60 : 0.1131"
"60,5 : 0.1131"
"5,61 : 0.6519"
"61,5 : 0.6519"
"5,62 : 0.5304"
"62,5 : 0.5304"
"5,63 : 0.1628"
"63,5 : 0.1628"
"5,64 : 1.0512"
"64,5 : 1.0512"
"5,65 : 0.1985"
"65,5 : 0.1985"
"5,66 : 0.4704"
"66,5 : 0.4704"
"5,67 : 0.9513"
"67,5 : 0.9513"
"5,68 : 0.0361"
"68,5 : 0.0361"
"5,69 : 0.9211"
"69,5 : 0.9211"
"5,70 : 0.8429"
"70,5 : 0.8429"
"5,71 : 0.3883"
"71,5 : 0.3883"
"5,72 : 0.632"
"72,5 : 0.632"
"5,73 : 0.9365"
"73,5 : 0.9365"
"5,74 : 1.0317"
"74,5 : 1.0317"
"5,75 : 0.5456"
"75,5 : 0.5456"
"5,76 : 0.5579"
"76,5 : 0.5579"
"5,77 : 0.9192"
"77,5 : 0.9192"
"5,78 : 0.5048"
"78,5 : 0.5048"
"5,79 : 0.8011"
"79,5 : 0.8011"
"5,80 : 0.628"
"80,5 : 0.628"
"5,81 : 0.4607"
"81,5 : 0.4607"
"5,82 : 0.3821"
"82,5 : 0.3821"
"5,83 : 0.781"
"83,5 : 0.781"
"5,84 : 0.4405"
"84,5 : 0.4405"
"5,85 : 0.8415"
"85,5 : 0.8415"
"5,86 : 0.65"
"86,5 : 0.65"
"5,87 : 0.9118"
"87,5 : 0.9118"
"5,88 : 0.8504"
"88,5 : 0.8504"
"5,89 : 0.4494"
"89,5 : 0.4494"
"5,90 : 0.4393"
"90,5 : 0.4393"
"5,91 : 0.7245"
"91,5 : 0.7245"
"5,92 : 0.8905"
"92,5 : 0.8905"
"5,93 : 0.8322"
"93,5 : 0.8322"
"5,94 : 0.4405"
"94,5 : 0.4405"
"5,95 : 0.559"
"95,5 : 0.559"
"5,96 : 0.7292"
"96,5 : 0.7292"
"5,97 : 0.3106"
"97,5 : 0.3106"
"5,98 : 0.6395"
"98,5 : 0.6395"
"5,99 : 0.4909"
"99,5 : 0.4909"
"6,7 : 0.7879"
"7,6 : 0.7879"
"6,8 : 0.7159"
"8,6 : 0.7159"
"6,9 : 0.3423"
"9,6 : 0.3423"
"6,10 : 0.228"
"10,6 : 0.228"
"6,11 : 0.5187"
"11,6 : 0.5187"
"6,12 : 0.7368"
"12,6 : 0.7368"
"6,13 : 0.7606"
"13,6 : 0.7606"
"6,14 : 0.978"
"14,6 : 0.978"
"6,15 : 0.4346"
"15,6 : 0.4346"
"6,16 : 0.3245"
"16,6 : 0.3245"
"6,17 : 0.4168"
"17,6 : 0.4168"
"6,18 : 1.0341"
"18,6 : 1.0341"
"6,19 : 0.051"
"19,6 : 0.051"
"6,20 : 0.7325"
"20,6 : 0.7325"
"6,21 : 1.04"
"21,6 : 1.04"
"6,22 : 0.536"
"22,6 : 0.536"
"6,23 : 0.6139"
"23,6 : 0.6139"
"6,24 : 0.2417"
"24,6 : 0.2417"
"6,25 : 0.7908"
"25,6 : 0.7908"
"6,26 : 0.7767"
"26,6 : 0.7767"
"6,27 : 0.612"
"27,6 : 0.612"
"6,28 : 0.4342"
"28,6 : 0.4342"
"6,29 : 0.4342"
"29,6 : 0.4342"
"6,30 : 0.3114"
"30,6 : 0.3114"
"6,31 : 0.9701"
"31,6 : 0.9701"
"6,32 : 0.3178"
"32,6 : 0.3178"
"6,33 : 1.014"
"33,6 : 1.014"
"6,34 : 0.6177"
"34,6 : 0.6177"
"6,35 : 0.6177"
"35,6 : 0.6177"
"6,36 : 0.8559"
"36,6 : 0.8559"
"6,37 : 0.5882"
"37,6 : 0.5882"
"6,38 : 0.8287"
"38,6 : 0.8287"
"6,39 : 0.7642"
"39,6 : 0.7642"
"6,40 : 0.743"
"40,6 : 0.743"
"6,41 : 0.1432"
"41,6 : 0.1432"
"6,42 : 0.3785"
"42,6 : 0.3785"
"6,43 : 0.6107"
"43,6 : 0.6107"
"6,44 : 0.3847"
"44,6 : 0.3847"
"6,45 : 0.8713"
"45,6 : 0.8713"
"6,46 : 1.008"
"46,6 : 1.008"
"6,47 : 0.5993"
"47,6 : 0.5993"
"6,48 : 0.6161"
"48,6 : 0.6161"
"6,49 : 0.3785"
"49,6 : 0.3785"
"6,50 : 0.7554"
"50,6 : 0.7554"
"6,51 : 0.7325"
"51,6 : 0.7325"
"6,52 : 0.4272"
"52,6 : 0.4272"
"6,53 : 0.9324"
"53,6 : 0.9324"
"6,54 : 0.9183"
"54,6 : 0.9183"
"6,55 : 0.7985"
"55,6 : 0.7985"
"6,56 : 0.0671"
"56,6 : 0.0671"
"6,57 : 0.6003"
"57,6 : 0.6003"
"6,58 : 0.7139"
"58,6 : 0.7139"
"6,59 : 0.5701"
"59,6 : 0.5701"
"6,60 : 0.872"
"60,6 : 0.872"
"6,61 : 0.507"
"61,6 : 0.507"
"6,62 : 0.805"
"62,6 : 0.805"
"6,63 : 0.8006"
"63,6 : 0.8006"
"6,64 : 0.1749"
"64,6 : 0.1749"
"6,65 : 0.8778"
"65,6 : 0.8778"
"6,66 : 0.7606"
"66,6 : 0.7606"
"6,67 : 0.6573"
"67,6 : 0.6573"
"6,68 : 0.8936"
"68,6 : 0.8936"
"6,69 : 0.05"
"69,6 : 0.05"
"6,70 : 0.3748"
"70,6 : 0.3748"
"6,71 : 0.944"
"71,6 : 0.944"
"6,72 : 0.5124"
"72,6 : 0.5124"
"6,73 : 0.0424"
"73,6 : 0.0424"
"6,74 : 0.1526"
"74,6 : 0.1526"
"6,75 : 0.8814"
"75,6 : 0.8814"
"6,76 : 0.6478"
"76,6 : 0.6478"
"6,77 : 0.5846"
"77,6 : 0.5846"
"6,78 : 0.394"
"78,6 : 0.394"
"6,79 : 0.1208"
"79,6 : 0.1208"
"6,80 : 0.5632"
"80,6 : 0.5632"
"6,81 : 0.5708"
"81,6 : 0.5708"
"6,82 : 0.7424"
"82,6 : 0.7424"
"6,83 : 0.2608"
"83,6 : 0.2608"
"6,84 : 0.4682"
"84,6 : 0.4682"
"6,85 : 0.3946"
"85,6 : 0.3946"
"6,86 : 0.5536"
"86,6 : 0.5536"
"6,87 : 0.1304"
"87,6 : 0.1304"
"6,88 : 0.1844"
"88,6 : 0.1844"
"6,89 : 0.5433"
"89,6 : 0.5433"
"6,90 : 0.5022"
"90,6 : 0.5022"
"6,91 : 0.6972"
"91,6 : 0.6972"
"6,92 : 0.0762"
"92,6 : 0.0762"
"6,93 : 0.0806"
"93,6 : 0.0806"
"6,94 : 0.5404"
"94,6 : 0.5404"
"6,95 : 0.6888"
"95,6 : 0.6888"
"6,96 : 0.1769"
"96,6 : 0.1769"
"6,97 : 0.6303"
"97,6 : 0.6303"
"6,98 : 0.6964"
"98,6 : 0.6964"
"6,99 : 0.5523"
"99,6 : 0.5523"
"7,8 : 0.1712"
"8,7 : 0.1712"
"7,9 : 0.6803"
"9,7 : 0.6803"
"7,10 : 0.6675"
"10,7 : 0.6675"
"7,11 : 0.9061"
"11,7 : 0.9061"
"7,12 : 0.6201"
"12,7 : 0.6201"
"7,13 : 0.2062"
"13,7 : 0.2062"
"7,14 : 0.2766"
"14,7 : 0.2766"
"7,15 : 0.5558"
"15,7 : 0.5558"
"7,16 : 0.4713"
"16,7 : 0.4713"
"7,17 : 0.5116"
"17,7 : 0.5116"
"7,18 : 0.508"
"18,7 : 0.508"
"7,19 : 0.8377"
"19,7 : 0.8377"
"7,20 : 0.1221"
"20,7 : 0.1221"
"7,21 : 0.4401"
"21,7 : 0.4401"
"7,22 : 0.29"
"22,7 : 0.29"
"7,23 : 0.2247"
"23,7 : 0.2247"
"7,24 : 0.8261"
"24,7 : 0.8261"
"7,25 : 0.461"
"25,7 : 0.461"
"7,26 : 0.9839"
"26,7 : 0.9839"
"7,27 : 0.386"
"27,7 : 0.386"
"7,28 : 0.6181"
"28,7 : 0.6181"
"7,29 : 0.6691"
"29,7 : 0.6691"
"7,30 : 0.5179"
"30,7 : 0.5179"
"7,31 : 0.4684"
"31,7 : 0.4684"
"7,32 : 0.8505"
"32,7 : 0.8505"
"7,33 : 0.5022"
"33,7 : 0.5022"
"7,34 : 0.1811"
"34,7 : 0.1811"
"7,35 : 0.4741"
"35,7 : 0.4741"
"7,36 : 0.327"
"36,7 : 0.327"
"7,37 : 0.9315"
"37,7 : 0.9315"
"7,38 : 0.0721"
"38,7 : 0.0721"
"7,39 : 0.2433"
"39,7 : 0.2433"
"7,40 : 0.0806"
"40,7 : 0.0806"
"7,41 : 0.8293"
"41,7 : 0.8293"
"7,42 : 0.4244"
"42,7 : 0.4244"
"7,43 : 0.7485"
"43,7 : 0.7485"
"7,44 : 0.6627"
"44,7 : 0.6627"
"7,45 : 0.494"
"45,7 : 0.494"
"7,46 : 0.5045"
"46,7 : 0.5045"
"7,47 : 0.5099"
"47,7 : 0.5099"
"7,48 : 0.644"
"48,7 : 0.644"
"7,49 : 0.4244"
"49,7 : 0.4244"
"7,50 : 0.9171"
"50,7 : 0.9171"
"7,51 : 0.1404"
"51,7 : 0.1404"
"7,52 : 0.3624"
"52,7 : 0.3624"
"7,53 : 0.2602"
"53,7 : 0.2602"
"7,54 : 0.25"
"54,7 : 0.25"
"7,55 : 0.0283"
"55,7 : 0.0283"
"7,56 : 0.7374"
"56,7 : 0.7374"
"7,57 : 0.7539"
"57,7 : 0.7539"
"7,58 : 0.6934"
"58,7 : 0.6934"
"7,59 : 0.5515"
"59,7 : 0.5515"
"7,60 : 0.4294"
"60,7 : 0.4294"
"7,61 : 0.2983"
"61,7 : 0.2983"
"7,62 : 0.9415"
"62,7 : 0.9415"
"7,63 : 0.6152"
"63,7 : 0.6152"
"7,64 : 0.9618"
"64,7 : 0.9618"
"7,65 : 0.3547"
"65,7 : 0.3547"
"7,66 : 0.8695"
"66,7 : 0.8695"
"7,67 : 0.4768"
"67,7 : 0.4768"
"7,68 : 0.5061"
"68,7 : 0.5061"
"7,69 : 0.8338"
"69,7 : 0.8338"
"7,70 : 0.5166"
"70,7 : 0.5166"
"7,71 : 0.2433"
"71,7 : 0.2433"
"7,72 : 0.286"
"72,7 : 0.286"
"7,73 : 0.8276"
"73,7 : 0.8276"
"7,74 : 0.9394"
"74,7 : 0.9394"
"7,75 : 0.0943"
"75,7 : 0.0943"
"7,76 : 0.8802"
"76,7 : 0.8802"
"7,77 : 0.4743"
"77,7 : 0.4743"
"7,78 : 0.5614"
"78,7 : 0.5614"
"7,79 : 0.6671"
"79,7 : 0.6671"
"7,80 : 0.2408"
"80,7 : 0.2408"
"7,81 : 0.7339"
"81,7 : 0.7339"
"7,82 : 0.7823"
"82,7 : 0.7823"
"7,83 : 0.5492"
"83,7 : 0.5492"
"7,84 : 0.5727"
"84,7 : 0.5727"
"7,85 : 0.5033"
"85,7 : 0.5033"
"7,86 : 0.9047"
"86,7 : 0.9047"
"7,87 : 0.724"
"87,7 : 0.724"
"7,88 : 0.8591"
"88,7 : 0.8591"
"7,89 : 0.6957"
"89,7 : 0.6957"
"7,90 : 0.6332"
"90,7 : 0.6332"
"7,91 : 0.222"
"91,7 : 0.222"
"7,92 : 0.7382"
"92,7 : 0.7382"
"7,93 : 0.7684"
"93,7 : 0.7684"
"7,94 : 0.3007"
"94,7 : 0.3007"
"7,95 : 0.9047"
"95,7 : 0.9047"
"7,96 : 0.623"
"96,7 : 0.623"
"7,97 : 0.3354"
"97,7 : 0.3354"
"7,98 : 0.975"
"98,7 : 0.975"
"7,99 : 0.2518"
"99,7 : 0.2518"
"8,9 : 0.6868"
"9,8 : 0.6868"
"8,10 : 0.6438"
"10,8 : 0.6438"
"8,11 : 0.9341"
"11,8 : 0.9341"
"8,12 : 0.7235"
"12,8 : 0.7235"
"8,13 : 0.3479"
"13,8 : 0.3479"
"8,14 : 0.4472"
"14,8 : 0.4472"
"8,15 : 0.586"
"15,8 : 0.586"
"8,16 : 0.431"
"16,8 : 0.431"
"8,17 : 0.5331"
"17,8 : 0.5331"
"8,18 : 0.6736"
"18,8 : 0.6736"
"8,19 : 0.7669"
"19,8 : 0.7669"
"8,20 : 0.253"
"20,8 : 0.253"
"8,21 : 0.6101"
"21,8 : 0.6101"
"8,22 : 0.3191"
"22,8 : 0.3191"
"8,23 : 0.102"
"23,8 : 0.102"
"8,24 : 0.8031"
"24,8 : 0.8031"
"8,25 : 0.5906"
"25,8 : 0.5906"
"8,26 : 1.0544"
"26,8 : 1.0544"
"8,27 : 0.2193"
"27,8 : 0.2193"
"8,28 : 0.6488"
"28,8 : 0.6488"
"8,29 : 0.6986"
"29,8 : 0.6986"
"8,30 : 0.4965"
"30,8 : 0.4965"
"8,31 : 0.6297"
"31,8 : 0.6297"
"8,32 : 0.8417"
"32,8 : 0.8417"
"8,33 : 0.6661"
"33,8 : 0.6661"
"8,34 : 0.2193"
"34,8 : 0.2193"
"8,35 : 0.5587"
"35,8 : 0.5587"
"8,36 : 0.4827"
"36,8 : 0.4827"
"8,37 : 0.9708"
"37,8 : 0.9708"
"8,38 : 0.1526"
"38,8 : 0.1526"
"8,39 : 0.0922"
"39,8 : 0.0922"
"8,40 : 0.2159"
"40,8 : 0.2159"
"8,41 : 0.7301"
"41,8 : 0.7301"
"8,42 : 0.3373"
"42,8 : 0.3373"
"8,43 : 0.8127"
"43,8 : 0.8127"
"8,44 : 0.6801"
"44,8 : 0.6801"
"8,45 : 0.6369"
"45,8 : 0.6369"
"8,46 : 0.6675"
"46,8 : 0.6675"
"8,47 : 0.588"
"47,8 : 0.588"
"8,48 : 0.7184"
"48,8 : 0.7184"
"8,49 : 0.3373"
"49,8 : 0.3373"
"8,50 : 0.992"
"50,8 : 0.992"
"8,51 : 0.0316"
"51,8 : 0.0316"
"8,52 : 0.3"
"52,8 : 0.3"
"8,53 : 0.431"
"53,8 : 0.431"
"8,54 : 0.4205"
"54,8 : 0.4205"
"8,55 : 0.1552"
"55,8 : 0.1552"
"8,56 : 0.676"
"56,8 : 0.676"
"8,57 : 0.8154"
"57,8 : 0.8154"
"8,58 : 0.7849"
"58,8 : 0.7849"
"8,59 : 0.6201"
"59,8 : 0.6201"
"8,60 : 0.5787"
"60,8 : 0.5787"
"8,61 : 0.211"
"61,8 : 0.211"
"8,62 : 1.023"
"62,8 : 1.023"
"8,63 : 0.7324"
"63,8 : 0.7324"
"8,64 : 0.8832"
"64,8 : 0.8832"
"8,65 : 0.512"
"65,8 : 0.512"
"8,66 : 0.9513"
"66,8 : 0.9513"
"8,67 : 0.3059"
"67,8 : 0.3059"
"8,68 : 0.6519"
"68,8 : 0.6519"
"8,69 : 0.7649"
"69,8 : 0.7649"
"8,70 : 0.3912"
"70,8 : 0.3912"
"8,71 : 0.4144"
"71,8 : 0.4144"
"8,72 : 0.21"
"72,8 : 0.21"
"8,73 : 0.7519"
"73,8 : 0.7519"
"8,74 : 0.8613"
"74,8 : 0.8613"
"8,75 : 0.2417"
"75,8 : 0.2417"
"8,76 : 0.9381"
"76,8 : 0.9381"
"8,77 : 0.3087"
"77,8 : 0.3087"
"8,78 : 0.5794"
"78,8 : 0.5794"
"8,79 : 0.5984"
"79,8 : 0.5984"
"8,80 : 0.1603"
"80,8 : 0.1603"
"8,81 : 0.7908"
"81,8 : 0.7908"
"8,82 : 0.8705"
"82,8 : 0.8705"
"8,83 : 0.4588"
"83,8 : 0.4588"
"8,84 : 0.6129"
"84,8 : 0.6129"
"8,85 : 0.3744"
"85,8 : 0.3744"
"8,86 : 0.9402"
"86,8 : 0.9402"
"8,87 : 0.6297"
"87,8 : 0.6297"
"8,88 : 0.8201"
"88,8 : 0.8201"
"8,89 : 0.7495"
"89,8 : 0.7495"
"8,90 : 0.681"
"90,8 : 0.681"
"8,91 : 0.051"
"91,8 : 0.051"
"8,92 : 0.6552"
"92,8 : 0.6552"
"8,93 : 0.7134"
"93,8 : 0.7134"
"8,94 : 0.3384"
"94,8 : 0.3384"
"8,95 : 0.968"
"95,8 : 0.968"
"8,96 : 0.5708"
"96,8 : 0.5708"
"8,97 : 0.4252"
"97,8 : 0.4252"
"8,98 : 1.0308"
"98,8 : 1.0308"
"8,99 : 0.2693"
"99,8 : 0.2693"
"9,10 : 0.1217"
"10,9 : 0.1217"
"9,11 : 0.2581"
"11,9 : 0.2581"
"9,12 : 0.4071"
"12,9 : 0.4071"
"9,13 : 0.5675"
"13,9 : 0.5675"
"9,14 : 0.7811"
"14,9 : 0.7811"
"9,15 : 0.1432"
"15,9 : 0.1432"
"9,16 : 0.2802"
"16,9 : 0.2802"
"9,17 : 0.1712"
"17,9 : 0.1712"
"9,18 : 0.7606"
"18,9 : 0.7606"
"9,19 : 0.3614"
"19,9 : 0.3614"
"9,20 : 0.5822"
"20,9 : 0.5822"
"9,21 : 0.7908"
"21,9 : 0.7908"
"9,22 : 0.3905"
"22,9 : 0.3905"
"9,23 : 0.5981"
"23,9 : 0.5981"
"9,24 : 0.1844"
"24,9 : 0.1844"
"9,25 : 0.5033"
"25,9 : 0.5033"
"9,26 : 0.4652"
"26,9 : 0.4652"
"9,27 : 0.6907"
"27,9 : 0.6907"
"9,28 : 0.1063"
"28,9 : 0.1063"
"9,29 : 0.0922"
"29,9 : 0.0922"
"9,30 : 0.2025"
"30,9 : 0.2025"
"9,31 : 0.6981"
"31,9 : 0.6981"
"9,32 : 0.1772"
"32,9 : 0.1772"
"9,33 : 0.7388"
"33,9 : 0.7388"
"9,34 : 0.5016"
"34,9 : 0.5016"
"9,35 : 0.328"
"35,9 : 0.328"
"9,36 : 0.6172"
"36,9 : 0.6172"
"9,37 : 0.3111"
"37,9 : 0.3111"
"9,38 : 0.7424"
"38,9 : 0.7424"
"9,39 : 0.7655"
"39,9 : 0.7655"
"9,40 : 0.6103"
"40,9 : 0.6103"
"9,41 : 0.4801"
"41,9 : 0.4801"
"9,42 : 0.4201"
"42,9 : 0.4201"
"9,43 : 0.2702"
"43,9 : 0.2702"
"9,44 : 0.0447"
"44,9 : 0.0447"
"9,45 : 0.58"
"45,9 : 0.58"
"9,46 : 0.7311"
"46,9 : 0.7311"
"9,47 : 0.2973"
"47,9 : 0.2973"
"9,48 : 0.2786"
"48,9 : 0.2786"
"9,49 : 0.4201"
"49,9 : 0.4201"
"9,50 : 0.4301"
"50,9 : 0.4301"
"9,51 : 0.6888"
"51,9 : 0.6888"
"9,52 : 0.4071"
"52,9 : 0.4071"
"9,53 : 0.7305"
"53,9 : 0.7305"
"9,54 : 0.7178"
"54,9 : 0.7178"
"9,55 : 0.7011"
"55,9 : 0.7011"
"9,56 : 0.2802"
"56,9 : 0.2802"
"9,57 : 0.2608"
"57,9 : 0.2608"
"9,58 : 0.3736"
"58,9 : 0.3736"
"9,59 : 0.255"
"59,9 : 0.255"
"9,60 : 0.6"
"60,9 : 0.6"
"9,61 : 0.4966"
"61,9 : 0.4966"
"9,62 : 0.478"
"62,9 : 0.478"
"9,63 : 0.4751"
"63,9 : 0.4751"
"9,64 : 0.4701"
"64,9 : 0.4701"
"9,65 : 0.6313"
"65,9 : 0.6313"
"9,66 : 0.4258"
"66,9 : 0.4258"
"9,67 : 0.7747"
"67,9 : 0.7747"
"9,68 : 0.6011"
"68,9 : 0.6011"
"9,69 : 0.3517"
"69,9 : 0.3517"
"9,70 : 0.5186"
"70,9 : 0.5186"
"9,71 : 0.7529"
"71,9 : 0.7529"
"9,72 : 0.4885"
"72,9 : 0.4885"
"9,73 : 0.3766"
"73,9 : 0.3766"
"9,74 : 0.4531"
"74,9 : 0.4531"
"9,75 : 0.7606"
"75,9 : 0.7606"
"9,76 : 0.3311"
"76,9 : 0.3311"
"9,77 : 0.7084"
"77,9 : 0.7084"
"9,78 : 0.1217"
"78,9 : 0.1217"
"9,79 : 0.2983"
"79,9 : 0.2983"
"9,80 : 0.5314"
"80,9 : 0.5314"
"9,81 : 0.2302"
"81,9 : 0.2302"
"9,82 : 0.4005"
"82,9 : 0.4005"
"9,83 : 0.3883"
"83,9 : 0.3883"
"9,84 : 0.1562"
"84,9 : 0.1562"
"9,85 : 0.5315"
"85,9 : 0.5315"
"9,86 : 0.2759"
"86,9 : 0.2759"
"9,87 : 0.4159"
"87,9 : 0.4159"
"9,88 : 0.2561"
"88,9 : 0.2561"
"9,89 : 0.201"
"89,9 : 0.201"
"9,90 : 0.1655"
"90,9 : 0.1655"
"9,91 : 0.6929"
"91,9 : 0.6929"
"9,92 : 0.3712"
"92,9 : 0.3712"
"9,93 : 0.2648"
"93,9 : 0.2648"
"9,94 : 0.38"
"94,9 : 0.38"
"9,95 : 0.3716"
"95,9 : 0.3716"
"9,96 : 0.2377"
"96,9 : 0.2377"
"9,97 : 0.4016"
"97,9 : 0.4016"
"9,98 : 0.4022"
"98,9 : 0.4022"
"9,99 : 0.4329"
"99,9 : 0.4329"
"10,11 : 0.3547"
"11,10 : 0.3547"
"10,12 : 0.5092"
"12,10 : 0.5092"
"10,13 : 0.5903"
"13,10 : 0.5903"
"10,14 : 0.8095"
"14,10 : 0.8095"
"10,15 : 0.211"
"15,10 : 0.211"
"10,16 : 0.2138"
"16,10 : 0.2138"
"10,17 : 0.2052"
"17,10 : 0.2052"
"10,18 : 0.8276"
"18,10 : 0.8276"
"10,19 : 0.255"
"19,10 : 0.255"
"10,20 : 0.5852"
"20,10 : 0.5852"
"10,21 : 0.845"
"21,10 : 0.845"
"10,22 : 0.3833"
"22,10 : 0.3833"
"10,23 : 0.5474"
"23,10 : 0.5474"
"10,24 : 0.16"
"24,10 : 0.16"
"10,25 : 0.5763"
"25,10 : 0.5763"
"10,26 : 0.5831"
"26,10 : 0.5831"
"10,27 : 0.6127"
"27,10 : 0.6127"
"10,28 : 0.2062"
"28,10 : 0.2062"
"10,29 : 0.21"
"29,10 : 0.21"
"10,30 : 0.1503"
"30,10 : 0.1503"
"10,31 : 0.7638"
"31,10 : 0.7638"
"10,32 : 0.2025"
"32,10 : 0.2025"
"10,33 : 0.8066"
"33,10 : 0.8066"
"10,34 : 0.4866"
"34,10 : 0.4866"
"10,35 : 0.4"
"35,10 : 0.4"
"10,36 : 0.664"
"36,10 : 0.664"
"10,37 : 0.4162"
"37,10 : 0.4162"
"10,38 : 0.7225"
"38,10 : 0.7225"
"10,39 : 0.7139"
"39,10 : 0.7139"
"10,40 : 0.6064"
"40,10 : 0.6064"
"10,41 : 0.3612"
"41,10 : 0.3612"
"10,42 : 0.3401"
"42,10 : 0.3401"
"10,43 : 0.3912"
"43,10 : 0.3912"
"10,44 : 0.16"
"44,10 : 0.16"
"10,45 : 0.656"
"45,10 : 0.656"
"10,46 : 0.7998"
"46,10 : 0.7998"
"10,47 : 0.3774"
"47,10 : 0.3774"
"10,48 : 0.3883"
"48,10 : 0.3883"
"10,49 : 0.3401"
"49,10 : 0.3401"
"10,50 : 0.5508"
"50,10 : 0.5508"
"10,51 : 0.6512"
"51,10 : 0.6512"
"10,52 : 0.3471"
"52,10 : 0.3471"
"10,53 : 0.7606"
"53,10 : 0.7606"
"10,54 : 0.7471"
"54,10 : 0.7471"
"10,55 : 0.6847"
"55,10 : 0.6847"
"10,56 : 0.1628"
"56,10 : 0.1628"
"10,57 : 0.3821"
"57,10 : 0.3821"
"10,58 : 0.4866"
"58,10 : 0.4866"
"10,59 : 0.3444"
"59,10 : 0.3444"
"10,60 : 0.6648"
"60,10 : 0.6648"
"10,61 : 0.4393"
"61,10 : 0.4393"
"10,62 : 0.5991"
"62,10 : 0.5991"
"10,63 : 0.5738"
"63,10 : 0.5738"
"10,64 : 0.3744"
"64,10 : 0.3744"
"10,65 : 0.6825"
"65,10 : 0.6825"
"10,66 : 0.5474"
"66,10 : 0.5474"
"10,67 : 0.688"
"67,10 : 0.688"
"10,68 : 0.678"
"68,10 : 0.678"
"10,69 : 0.246"
"69,10 : 0.246"
"10,70 : 0.4177"
"70,10 : 0.4177"
"10,71 : 0.7782"
"71,10 : 0.7782"
"10,72 : 0.4357"
"72,10 : 0.4357"
"10,73 : 0.2657"
"73,10 : 0.2657"
"10,74 : 0.3551"
"74,10 : 0.3551"
"10,75 : 0.755"
"75,10 : 0.755"
"10,76 : 0.4494"
"76,10 : 0.4494"
"10,77 : 0.6185"
"77,10 : 0.6185"
"10,78 : 0.172"
"78,10 : 0.172"
"10,79 : 0.1772"
"79,10 : 0.1772"
"10,80 : 0.4837"
"80,10 : 0.4837"
"10,81 : 0.3513"
"81,10 : 0.3513"
"10,82 : 0.52"
"82,10 : 0.52"
"10,83 : 0.2828"
"83,10 : 0.2828"
"10,84 : 0.2417"
"84,10 : 0.2417"
"10,85 : 0.4328"
"85,10 : 0.4328"
"10,86 : 0.3801"
"86,10 : 0.3801"
"10,87 : 0.2943"
"87,10 : 0.2943"
"10,88 : 0.197"
"88,10 : 0.197"
"10,89 : 0.32"
"89,10 : 0.32"
"10,90 : 0.2746"
"90,10 : 0.2746"
"10,91 : 0.6413"
"91,10 : 0.6413"
"10,92 : 0.2502"
"92,10 : 0.2502"
"10,93 : 0.1565"
"93,10 : 0.1565"
"10,94 : 0.3795"
"94,10 : 0.3795"
"10,95 : 0.4904"
"95,10 : 0.4904"
"10,96 : 0.1221"
"96,10 : 0.1221"
"10,97 : 0.4383"
"97,10 : 0.4383"
"10,98 : 0.5148"
"98,10 : 0.5148"
"10,99 : 0.4159"
"99,10 : 0.4159"
"11,12 : 0.4518"
"12,11 : 0.4518"
"11,13 : 0.7601"
"13,11 : 0.7601"
"11,14 : 0.9552"
"14,11 : 0.9552"
"11,15 : 0.3517"
"15,11 : 0.3517"
"11,16 : 0.5382"
"16,11 : 0.5382"
"11,17 : 0.4016"
"17,11 : 0.4016"
"11,18 : 0.8654"
"18,11 : 0.8654"
"11,19 : 0.5142"
"19,11 : 0.5142"
"11,20 : 0.7963"
"20,11 : 0.7963"
"11,21 : 0.9205"
"21,11 : 0.9205"
"11,22 : 0.6236"
"22,11 : 0.6236"
"11,23 : 0.85"
"23,11 : 0.85"
"11,24 : 0.2789"
"24,11 : 0.2789"
"11,25 : 0.6168"
"25,11 : 0.6168"
"11,26 : 0.2702"
"26,11 : 0.2702"
"11,27 : 0.9487"
"27,11 : 0.9487"
"11,28 : 0.2886"
"28,11 : 0.2886"
"11,29 : 0.2377"
"29,11 : 0.2377"
"11,30 : 0.4604"
"30,11 : 0.4604"
"11,31 : 0.8099"
"31,11 : 0.8099"
"11,32 : 0.204"
"32,11 : 0.204"
"11,33 : 0.8431"
"33,11 : 0.8431"
"11,34 : 0.735"
"34,11 : 0.735"
"11,35 : 0.4727"
"35,11 : 0.4727"
"11,36 : 0.771"
"36,11 : 0.771"
"11,37 : 0.0707"
"37,11 : 0.0707"
"11,38 : 0.9729"
"38,11 : 0.9729"
"11,39 : 1.0164"
"39,11 : 1.0164"
"11,40 : 0.8302"
"40,11 : 0.8302"
"11,41 : 0.661"
"41,11 : 0.661"
"11,42 : 0.678"
"42,11 : 0.678"
"11,43 : 0.2332"
"43,11 : 0.2332"
"11,44 : 0.255"
"44,11 : 0.255"
"11,45 : 0.6778"
"45,11 : 0.6778"
"11,46 : 0.8338"
"46,11 : 0.8338"
"11,47 : 0.4329"
"47,11 : 0.4329"
"11,48 : 0.3289"
"48,11 : 0.3289"
"11,49 : 0.678"
"49,11 : 0.678"
"11,50 : 0.272"
"50,11 : 0.272"
"11,51 : 0.933"
"51,11 : 0.933"
"11,52 : 0.6637"
"52,11 : 0.6637"
"11,53 : 0.9045"
"53,11 : 0.9045"
"11,54 : 0.8936"
"54,11 : 0.8936"
"11,55 : 0.9296"
"55,11 : 0.9296"
"11,56 : 0.4742"
"56,11 : 0.4742"
"11,57 : 0.2195"
"57,11 : 0.2195"
"11,58 : 0.3744"
"58,11 : 0.3744"
"11,59 : 0.3821"
"59,11 : 0.3821"
"11,60 : 0.7212"
"60,11 : 0.7212"
"11,61 : 0.7518"
"61,11 : 0.7518"
"11,62 : 0.3202"
"62,11 : 0.3202"
"11,63 : 0.5197"
"63,11 : 0.5197"
"11,64 : 0.5803"
"64,11 : 0.5803"
"11,65 : 0.7767"
"65,11 : 0.7767"
"11,66 : 0.3041"
"66,11 : 0.3041"
"11,67 : 1.0323"
"67,11 : 1.0323"
"11,68 : 0.6946"
"68,11 : 0.6946"
"11,69 : 0.5045"
"69,11 : 0.5045"
"11,70 : 0.7708"
"70,11 : 0.7708"
"11,71 : 0.9326"
"71,11 : 0.9326"
"11,72 : 0.7424"
"72,11 : 0.7424"
"11,73 : 0.5385"
"73,11 : 0.5385"
"11,74 : 0.5714"
"74,11 : 0.5714"
"11,75 : 0.9774"
"75,11 : 0.9774"
"11,76 : 0.1655"
"76,11 : 0.1655"
"11,77 : 0.9654"
"77,11 : 0.9654"
"11,78 : 0.3547"
"78,11 : 0.3547"
"11,79 : 0.5215"
"79,11 : 0.5215"
"11,80 : 0.7829"
"80,11 : 0.7829"
"11,81 : 0.2154"
"81,11 : 0.2154"
"11,82 : 0.3397"
"82,11 : 0.3397"
"11,83 : 0.637"
"83,11 : 0.637"
"11,84 : 0.3338"
"84,11 : 0.3338"
"11,85 : 0.7849"
"85,11 : 0.7849"
"11,86 : 0.0412"
"86,11 : 0.0412"
"11,87 : 0.6261"
"87,11 : 0.6261"
"11,88 : 0.3536"
"88,11 : 0.3536"
"11,89 : 0.2354"
"89,11 : 0.2354"
"11,90 : 0.28"
"90,11 : 0.28"
"11,91 : 0.9443"
"91,11 : 0.9443"
"11,92 : 0.5727"
"92,11 : 0.5727"
"11,93 : 0.4401"
"93,11 : 0.4401"
"11,94 : 0.6088"
"94,11 : 0.6088"
"11,95 : 0.1992"
"95,11 : 0.1992"
"11,96 : 0.4763"
"96,11 : 0.4763"
"11,97 : 0.5903"
"97,11 : 0.5903"
"11,98 : 0.1811"
"98,11 : 0.1811"
"11,99 : 0.6705"
"99,11 : 0.6705"
"12,13 : 0.4219"
"13,12 : 0.4219"
"12,14 : 0.5609"
"14,12 : 0.5609"
"12,15 : 0.3059"
"15,12 : 0.3059"
"12,16 : 0.5215"
"16,12 : 0.5215"
"12,17 : 0.3406"
"17,12 : 0.3406"
"12,18 : 0.4176"
"18,12 : 0.4176"
"12,19 : 0.7632"
"19,12 : 0.7632"
"12,20 : 0.4982"
"20,12 : 0.4982"
"12,21 : 0.4837"
"21,12 : 0.4837"
"12,22 : 0.4294"
"22,12 : 0.4294"
"12,23 : 0.6796"
"23,12 : 0.6796"
"12,24 : 0.5825"
"24,12 : 0.5825"
"12,25 : 0.1924"
"25,12 : 0.1924"
"12,26 : 0.3946"
"26,12 : 0.3946"
"12,27 : 0.8408"
"27,12 : 0.8408"
"12,28 : 0.3046"
"28,12 : 0.3046"
"12,29 : 0.3191"
"29,12 : 0.3191"
"12,30 : 0.4704"
"30,12 : 0.4704"
"12,31 : 0.3667"
"31,12 : 0.3667"
"12,32 : 0.5456"
"32,12 : 0.5456"
"12,33 : 0.3956"
"33,12 : 0.3956"
"12,34 : 0.5061"
"34,12 : 0.5061"
"12,35 : 0.1746"
"35,12 : 0.1746"
"12,36 : 0.3688"
"36,12 : 0.3688"
"12,37 : 0.4332"
"37,12 : 0.4332"
"12,38 : 0.692"
"38,12 : 0.692"
"12,39 : 0.8157"
"39,12 : 0.8157"
"12,40 : 0.5404"
"40,12 : 0.5404"
"12,41 : 0.8635"
"41,12 : 0.8635"
"12,42 : 0.6356"
"42,12 : 0.6356"
"12,43 : 0.2193"
"43,12 : 0.2193"
"12,44 : 0.3624"
"44,12 : 0.3624"
"12,45 : 0.2335"
"45,12 : 0.2335"
"12,46 : 0.386"
"46,12 : 0.386"
"12,47 : 0.1628"
"47,12 : 0.1628"
"12,48 : 0.1345"
"48,12 : 0.1345"
"12,49 : 0.6356"
"49,12 : 0.6356"
"12,50 : 0.3239"
"50,12 : 0.3239"
"12,51 : 0.7077"
"51,12 : 0.7077"
"12,52 : 0.5757"
"52,12 : 0.5757"
"12,53 : 0.5142"
"53,12 : 0.5142"
"12,54 : 0.507"
"54,12 : 0.507"
"12,55 : 0.6482"
"55,12 : 0.6482"
"12,56 : 0.6705"
"56,12 : 0.6705"
"12,57 : 0.2326"
"57,12 : 0.2326"
"12,58 : 0.09"
"58,12 : 0.09"
"12,59 : 0.1712"
"59,12 : 0.1712"
"12,60 : 0.29"
"60,12 : 0.29"
"12,61 : 0.6265"
"61,12 : 0.6265"
"12,62 : 0.3353"
"62,12 : 0.3353"
"12,63 : 0.0707"
"63,12 : 0.0707"
"12,64 : 0.8766"
"64,12 : 0.8766"
"12,65 : 0.3635"
"65,12 : 0.3635"
"12,66 : 0.2668"
"66,12 : 0.2668"
"12,67 : 0.9437"
"67,12 : 0.9437"
"12,68 : 0.2474"
"68,12 : 0.2474"
"12,69 : 0.7539"
"69,12 : 0.7539"
"12,70 : 0.7728"
"70,12 : 0.7728"
"12,71 : 0.5482"
"71,12 : 0.5482"
"12,72 : 0.6084"
"72,12 : 0.6084"
"12,73 : 0.7749"
"73,12 : 0.7749"
"12,74 : 0.8591"
"74,12 : 0.8591"
"12,75 : 0.6586"
"75,12 : 0.6586"
"12,76 : 0.3354"
"76,12 : 0.3354"
"12,77 : 0.8969"
"77,12 : 0.8969"
"12,78 : 0.3471"
"78,12 : 0.3471"
"12,79 : 0.661"
"79,12 : 0.661"
"12,80 : 0.6227"
"80,12 : 0.6227"
"12,81 : 0.2385"
"81,12 : 0.2385"
"12,82 : 0.1746"
"82,12 : 0.1746"
"12,83 : 0.6807"
"83,12 : 0.6807"
"12,84 : 0.2693"
"84,12 : 0.2693"
"12,85 : 0.7767"
"85,12 : 0.7767"
"12,86 : 0.4254"
"86,12 : 0.4254"
"12,87 : 0.7793"
"87,12 : 0.7793"
"12,88 : 0.6604"
"88,12 : 0.6604"
"12,89 : 0.2335"
"89,12 : 0.2335"
"12,90 : 0.2419"
"90,12 : 0.2419"
"12,91 : 0.756"
"91,12 : 0.756"
"12,92 : 0.7473"
"92,12 : 0.7473"
"12,93 : 0.6648"
"93,12 : 0.6648"
"12,94 : 0.4071"
"94,12 : 0.4071"
"12,95 : 0.3406"
"95,12 : 0.3406"
"12,96 : 0.5886"
"96,12 : 0.5886"
"12,97 : 0.2983"
"97,12 : 0.2983"
"12,98 : 0.4211"
"98,12 : 0.4211"
"12,99 : 0.4751"
"99,12 : 0.4751"
"13,14 : 0.2195"
"14,13 : 0.2195"
"13,15 : 0.4276"
"15,13 : 0.4276"
"13,16 : 0.4386"
"16,13 : 0.4386"
"13,17 : 0.3985"
"17,13 : 0.3985"
"13,18 : 0.3423"
"18,13 : 0.3423"
"13,19 : 0.806"
"19,13 : 0.806"
"13,20 : 0.0949"
"20,13 : 0.0949"
"13,21 : 0.3046"
"21,13 : 0.3046"
"13,22 : 0.2263"
"22,13 : 0.2263"
