x,y
0.89,0.92
0.73,0.58
0.25,0.92
0.64,0.23
0.37,0.07
0.75,0.02
0.15,0.39
0.37,0.96
0.65,0.87
0.65,0.88
0.26,0.96
0.6,0.48
0.4,0.94
0.3,0.81
0.52,0.96
0.05,0.7
0.42,0.65
0.41,0.87
0.17,0.97
0.07,0.48
0.93,0.02
0.2,0.28
0.23,0.62
0.61,0.22
0.46,0.06
0.92,0.92
0.96,0.07
0.73,0.41
0.76,0.35
0.34,0.38
0.29,0.33
0.7,0.21
0.07,0.72
0.52,0.13
0.52,0.56
0.01,0.03
0.81,0.5
0.98,0.69
0.62,0.05
0.91,0.15
0.86,0.83
0.77,0.68
0.15,0.76
0.81,0.64
0.31,0.8
0.8,0.47
0.88,0.67
0.19,0.53
0.18,0.96
0.17,0.74
0.73,0.5
0.77,0.41
0.7,0.27
0.6,0.27
0.98,0.17
0.62,0.55
0.74,0.28
0.34,0.4
0.59,0.78
0.31,0.04
0.3,0.56
0.7,0.91
0.6,0.44
0.52,0.27
0.33,0.5
0.16,0.73
0.61,0.16
0.28,0.74
0.22,0.03
0.12,0.19
0.48,0.72
0.19,0.3
0.24,0.66
0.59,0.25
0.68,0.36
0.83,0.29
0.41,0.07
0.97,0.66
0.67,0.57
0.47,0.35
0.94,0.37
0.74,0.39
0.46,0.8
0.22,0.27
0.34,0.62
0.49,0.61
0.64,0.98
0.52,0.7
0.03,0.67
0.4,0.59
0.79,0.21
0.68,0.12
0.37,0.32
0.95,0.85
0.81,0.01
0.48,0.21
0.53,0.67
0.89,0.63
0.99,0.87
0.06,0.92

Distanze
"0,1 : 0.3758"
"1,0 : 0.3758"
"0,2 : 0.64"
"2,0 : 0.64"
"0,3 : 0.7339"
"3,0 : 0.7339"
"0,4 : 0.9964"
"4,0 : 0.9964"
"0,5 : 0.9108"
"5,0 : 0.9108"
"0,6 : 0.9102"
"6,0 : 0.9102"
"0,7 : 0.5215"
"7,0 : 0.5215"
"0,8 : 0.2452"
"8,0 : 0.2452"
"0,9 : 0.2433"
"9,0 : 0.2433"
"0,10 : 0.6313"
"10,0 : 0.6313"
"0,11 : 0.527"
"11,0 : 0.527"
"0,12 : 0.4904"
"12,0 : 0.4904"
"0,13 : 0.6002"
"13,0 : 0.6002"
"0,14 : 0.3722"
"14,0 : 0.3722"
"0,15 : 0.8683"
"15,0 : 0.8683"
"0,16 : 0.542"
"16,0 : 0.542"
"0,17 : 0.4826"
"17,0 : 0.4826"
"0,18 : 0.7217"
"18,0 : 0.7217"
"0,19 : 0.9306"
"19,0 : 0.9306"
"0,20 : 0.9009"
"20,0 : 0.9009"
"0,21 : 0.9411"
"21,0 : 0.9411"
"0,22 : 0.725"
"22,0 : 0.725"
"0,23 : 0.7539"
"23,0 : 0.7539"
"0,24 : 0.9615"
"24,0 : 0.9615"
"0,25 : 0.03"
"25,0 : 0.03"
"0,26 : 0.8529"
"26,0 : 0.8529"
"0,27 : 0.5345"
"27,0 : 0.5345"
"0,28 : 0.5846"
"28,0 : 0.5846"
"0,29 : 0.7708"
"29,0 : 0.7708"
"0,30 : 0.8415"
"30,0 : 0.8415"
"0,31 : 0.735"
"31,0 : 0.735"
"0,32 : 0.844"
"32,0 : 0.844"
"0,33 : 0.8724"
"33,0 : 0.8724"
"0,34 : 0.5162"
"34,0 : 0.5162"
"0,35 : 1.2516"
"35,0 : 1.2516"
"0,36 : 0.4276"
"36,0 : 0.4276"
"0,37 : 0.247"
"37,0 : 0.247"
"0,38 : 0.9109"
"38,0 : 0.9109"
"0,39 : 0.7703"
"39,0 : 0.7703"
"0,40 : 0.0949"
"40,0 : 0.0949"
"0,41 : 0.2683"
"41,0 : 0.2683"
"0,42 : 0.7571"
"42,0 : 0.7571"
"0,43 : 0.2912"
"43,0 : 0.2912"
"0,44 : 0.5923"
"44,0 : 0.5923"
"0,45 : 0.4589"
"45,0 : 0.4589"
"0,46 : 0.2502"
"46,0 : 0.2502"
"0,47 : 0.8013"
"47,0 : 0.8013"
"0,48 : 0.7111"
"48,0 : 0.7111"
"0,49 : 0.7422"
"49,0 : 0.7422"
"0,50 : 0.4494"
"50,0 : 0.4494"
"0,51 : 0.5239"
"51,0 : 0.5239"
"0,52 : 0.6772"
"52,0 : 0.6772"
"0,53 : 0.7118"
"53,0 : 0.7118"
"0,54 : 0.7554"
"54,0 : 0.7554"
"0,55 : 0.458"
"55,0 : 0.458"
"0,56 : 0.6573"
"56,0 : 0.6573"
"0,57 : 0.7569"
"57,0 : 0.7569"
"0,58 : 0.3311"
"58,0 : 0.3311"
"0,59 : 1.0539"
"59,0 : 1.0539"
"0,60 : 0.6912"
"60,0 : 0.6912"
"0,61 : 0.1903"
"61,0 : 0.1903"
"0,62 : 0.5608"
"62,0 : 0.5608"
"0,63 : 0.7479"
"63,0 : 0.7479"
"0,64 : 0.7"
"64,0 : 0.7"
"0,65 : 0.7543"
"65,0 : 0.7543"
"0,66 : 0.8099"
"66,0 : 0.8099"
"0,67 : 0.636"
"67,0 : 0.636"
"0,68 : 1.114"
"68,0 : 1.114"
"0,69 : 1.061"
"69,0 : 1.061"
"0,70 : 0.4562"
"70,0 : 0.4562"
"0,71 : 0.9351"
"71,0 : 0.9351"
"0,72 : 0.7001"
"72,0 : 0.7001"
"0,73 : 0.7341"
"73,0 : 0.7341"
"0,74 : 0.5981"
"74,0 : 0.5981"
"0,75 : 0.6329"
"75,0 : 0.6329"
"0,76 : 0.9762"
"76,0 : 0.9762"
"0,77 : 0.272"
"77,0 : 0.272"
"0,78 : 0.4134"
"78,0 : 0.4134"
"0,79 : 0.708"
"79,0 : 0.708"
"0,80 : 0.5523"
"80,0 : 0.5523"
"0,81 : 0.5508"
"81,0 : 0.5508"
"0,82 : 0.4464"
"82,0 : 0.4464"
"0,83 : 0.9335"
"83,0 : 0.9335"
"0,84 : 0.6265"
"84,0 : 0.6265"
"0,85 : 0.5061"
"85,0 : 0.5061"
"0,86 : 0.2571"
"86,0 : 0.2571"
"0,87 : 0.4305"
"87,0 : 0.4305"
"0,88 : 0.8956"
"88,0 : 0.8956"
"0,89 : 0.5908"
"89,0 : 0.5908"
"0,90 : 0.717"
"90,0 : 0.717"
"0,91 : 0.8271"
"91,0 : 0.8271"
"0,92 : 0.794"
"92,0 : 0.794"
"0,93 : 0.0922"
"93,0 : 0.0922"
"0,94 : 0.9135"
"94,0 : 0.9135"
"0,95 : 0.8199"
"95,0 : 0.8199"
"0,96 : 0.4383"
"96,0 : 0.4383"
"0,97 : 0.29"
"97,0 : 0.29"
"0,98 : 0.1118"
"98,0 : 0.1118"
"0,99 : 0.83"
"99,0 : 0.83"
"1,2 : 0.5882"
"2,1 : 0.5882"
"1,3 : 0.3614"
"3,1 : 0.3614"
"1,4 : 0.6243"
"4,1 : 0.6243"
"1,5 : 0.5604"
"5,1 : 0.5604"
"1,6 : 0.6103"
"6,1 : 0.6103"
"1,7 : 0.5235"
"7,1 : 0.5235"
"1,8 : 0.3008"
"8,1 : 0.3008"
"1,9 : 0.3105"
"9,1 : 0.3105"
"1,10 : 0.6044"
"10,1 : 0.6044"
"1,11 : 0.164"
"11,1 : 0.164"
"1,12 : 0.4884"
"12,1 : 0.4884"
"1,13 : 0.4876"
"13,1 : 0.4876"
"1,14 : 0.4342"
"14,1 : 0.4342"
"1,15 : 0.6905"
"15,1 : 0.6905"
"1,16 : 0.3178"
"16,1 : 0.3178"
"1,17 : 0.4319"
"17,1 : 0.4319"
"1,18 : 0.6824"
"18,1 : 0.6824"
"1,19 : 0.6675"
"19,1 : 0.6675"
"1,20 : 0.5946"
"20,1 : 0.5946"
"1,21 : 0.609"
"21,1 : 0.609"
"1,22 : 0.5016"
"22,1 : 0.5016"
"1,23 : 0.3795"
"23,1 : 0.3795"
"1,24 : 0.5859"
"24,1 : 0.5859"
"1,25 : 0.3895"
"25,1 : 0.3895"
"1,26 : 0.5595"
"26,1 : 0.5595"
"1,27 : 0.17"
"27,1 : 0.17"
"1,28 : 0.2319"
"28,1 : 0.2319"
"1,29 : 0.4383"
"29,1 : 0.4383"
"1,30 : 0.5061"
"30,1 : 0.5061"
"1,31 : 0.3712"
"31,1 : 0.3712"
"1,32 : 0.6747"
"32,1 : 0.6747"
"1,33 : 0.4966"
"33,1 : 0.4966"
"1,34 : 0.211"
"34,1 : 0.211"
"1,35 : 0.906"
"35,1 : 0.906"
"1,36 : 0.1131"
"36,1 : 0.1131"
"1,37 : 0.2731"
"37,1 : 0.2731"
"1,38 : 0.5413"
"38,1 : 0.5413"
"1,39 : 0.4662"
"39,1 : 0.4662"
"1,40 : 0.2818"
"40,1 : 0.2818"
"1,41 : 0.1077"
"41,1 : 0.1077"
"1,42 : 0.6073"
"42,1 : 0.6073"
"1,43 : 0.1"
"43,1 : 0.1"
"1,44 : 0.4741"
"44,1 : 0.4741"
"1,45 : 0.1304"
"45,1 : 0.1304"
"1,46 : 0.1749"
"46,1 : 0.1749"
"1,47 : 0.5423"
"47,1 : 0.5423"
"1,48 : 0.6685"
"48,1 : 0.6685"
"1,49 : 0.5824"
"49,1 : 0.5824"
"1,50 : 0.08"
"50,1 : 0.08"
"1,51 : 0.1746"
"51,1 : 0.1746"
"1,52 : 0.3114"
"52,1 : 0.3114"
"1,53 : 0.3362"
"53,1 : 0.3362"
"1,54 : 0.4802"
"54,1 : 0.4802"
"1,55 : 0.114"
"55,1 : 0.114"
"1,56 : 0.3002"
"56,1 : 0.3002"
"1,57 : 0.4295"
"57,1 : 0.4295"
"1,58 : 0.2441"
"58,1 : 0.2441"
"1,59 : 0.6841"
"59,1 : 0.6841"
"1,60 : 0.4305"
"60,1 : 0.4305"
"1,61 : 0.3314"
"61,1 : 0.3314"
"1,62 : 0.191"
"62,1 : 0.191"
"1,63 : 0.3744"
"63,1 : 0.3744"
"1,64 : 0.4079"
"64,1 : 0.4079"
"1,65 : 0.5894"
"65,1 : 0.5894"
"1,66 : 0.4368"
"66,1 : 0.4368"
"1,67 : 0.4776"
"67,1 : 0.4776"
"1,68 : 0.7501"
"68,1 : 0.7501"
"1,69 : 0.724"
"69,1 : 0.724"
"1,70 : 0.2865"
"70,1 : 0.2865"
"1,71 : 0.6083"
"71,1 : 0.6083"
"1,72 : 0.4965"
"72,1 : 0.4965"
"1,73 : 0.3585"
"73,1 : 0.3585"
"1,74 : 0.2256"
"74,1 : 0.2256"
"1,75 : 0.3068"
"75,1 : 0.3068"
"1,76 : 0.6021"
"76,1 : 0.6021"
"1,77 : 0.253"
"77,1 : 0.253"
"1,78 : 0.0608"
"78,1 : 0.0608"
"1,79 : 0.3471"
"79,1 : 0.3471"
"1,80 : 0.297"
"80,1 : 0.297"
"1,81 : 0.1903"
"81,1 : 0.1903"
"1,82 : 0.3483"
"82,1 : 0.3483"
"1,83 : 0.5968"
"83,1 : 0.5968"
"1,84 : 0.392"
"84,1 : 0.392"
"1,85 : 0.2419"
"85,1 : 0.2419"
"1,86 : 0.41"
"86,1 : 0.41"
"1,87 : 0.2419"
"87,1 : 0.2419"
"1,88 : 0.7058"
"88,1 : 0.7058"
"1,89 : 0.3302"
"89,1 : 0.3302"
"1,90 : 0.3748"
"90,1 : 0.3748"
"1,91 : 0.4627"
"91,1 : 0.4627"
"1,92 : 0.4441"
"92,1 : 0.4441"
"1,93 : 0.3483"
"93,1 : 0.3483"
"1,94 : 0.5756"
"94,1 : 0.5756"
"1,95 : 0.4465"
"95,1 : 0.4465"
"1,96 : 0.2193"
"96,1 : 0.2193"
"1,97 : 0.1676"
"97,1 : 0.1676"
"1,98 : 0.3895"
"98,1 : 0.3895"
"1,99 : 0.7513"
"99,1 : 0.7513"
"2,3 : 0.7926"
"3,2 : 0.7926"
"2,4 : 0.8584"
"4,2 : 0.8584"
"2,5 : 1.0296"
"5,2 : 1.0296"
"2,6 : 0.5394"
"6,2 : 0.5394"
"2,7 : 0.1265"
"7,2 : 0.1265"
"2,8 : 0.4031"
"8,2 : 0.4031"
"2,9 : 0.402"
"9,2 : 0.402"
"2,10 : 0.0412"
"10,2 : 0.0412"
"2,11 : 0.5622"
"11,2 : 0.5622"
"2,12 : 0.1513"
"12,2 : 0.1513"
"2,13 : 0.1208"
"13,2 : 0.1208"
"2,14 : 0.2729"
"14,2 : 0.2729"
"2,15 : 0.2973"
"15,2 : 0.2973"
"2,16 : 0.3191"
"16,2 : 0.3191"
"2,17 : 0.1676"
"17,2 : 0.1676"
"2,18 : 0.0943"
"18,2 : 0.0943"
"2,19 : 0.4754"
"19,2 : 0.4754"
"2,20 : 1.128"
"20,2 : 1.128"
"2,21 : 0.642"
"21,2 : 0.642"
"2,22 : 0.3007"
"22,2 : 0.3007"
"2,23 : 0.7871"
"23,2 : 0.7871"
"2,24 : 0.8853"
"24,2 : 0.8853"
"2,25 : 0.67"
"25,2 : 0.67"
"2,26 : 1.1075"
"26,2 : 1.1075"
"2,27 : 0.7004"
"27,2 : 0.7004"
"2,28 : 0.7649"
"28,2 : 0.7649"
"2,29 : 0.5474"
"29,2 : 0.5474"
"2,30 : 0.5914"
"30,2 : 0.5914"
"2,31 : 0.8406"
"31,2 : 0.8406"
"2,32 : 0.2691"
"32,2 : 0.2691"
"2,33 : 0.8349"
"33,2 : 0.8349"
"2,34 : 0.45"
"34,2 : 0.45"
"2,35 : 0.9218"
"35,2 : 0.9218"
"2,36 : 0.7"
"36,2 : 0.7"
"2,37 : 0.7654"
"37,2 : 0.7654"
"2,38 : 0.9454"
"38,2 : 0.9454"
"2,39 : 1.0141"
"39,2 : 1.0141"
"2,40 : 0.6166"
"40,2 : 0.6166"
"2,41 : 0.5727"
"41,2 : 0.5727"
"2,42 : 0.1887"
"42,2 : 0.1887"
"2,43 : 0.6261"
"43,2 : 0.6261"
"2,44 : 0.1342"
"44,2 : 0.1342"
"2,45 : 0.7106"
"45,2 : 0.7106"
"2,46 : 0.6778"
"46,2 : 0.6778"
"2,47 : 0.3946"
"47,2 : 0.3946"
"2,48 : 0.0806"
"48,2 : 0.0806"
"2,49 : 0.197"
"49,2 : 0.197"
"2,50 : 0.6378"
"50,2 : 0.6378"
"2,51 : 0.7284"
"51,2 : 0.7284"
"2,52 : 0.7906"
"52,2 : 0.7906"
"2,53 : 0.7382"
"53,2 : 0.7382"
"2,54 : 1.0466"
"54,2 : 1.0466"
"2,55 : 0.5233"
"55,2 : 0.5233"
"2,56 : 0.806"
"56,2 : 0.806"
"2,57 : 0.5277"
"57,2 : 0.5277"
"2,58 : 0.3677"
"58,2 : 0.3677"
"2,59 : 0.882"
"59,2 : 0.882"
"2,60 : 0.3635"
"60,2 : 0.3635"
"2,61 : 0.4501"
"61,2 : 0.4501"
"2,62 : 0.5941"
"62,2 : 0.5941"
"2,63 : 0.7038"
"63,2 : 0.7038"
"2,64 : 0.4276"
"64,2 : 0.4276"
"2,65 : 0.2102"
"65,2 : 0.2102"
"2,66 : 0.841"
"66,2 : 0.841"
"2,67 : 0.1825"
"67,2 : 0.1825"
"2,68 : 0.8905"
"68,2 : 0.8905"
"2,69 : 0.7415"
"69,2 : 0.7415"
"2,70 : 0.3048"
"70,2 : 0.3048"
"2,71 : 0.6229"
"71,2 : 0.6229"
"2,72 : 0.2602"
"72,2 : 0.2602"
"2,73 : 0.7513"
"73,2 : 0.7513"
"2,74 : 0.706"
"74,2 : 0.706"
"2,75 : 0.8563"
"75,2 : 0.8563"
"2,76 : 0.8649"
"76,2 : 0.8649"
"2,77 : 0.7655"
"77,2 : 0.7655"
"2,78 : 0.5467"
"78,2 : 0.5467"
"2,79 : 0.611"
"79,2 : 0.611"
"2,80 : 0.8824"
"80,2 : 0.8824"
"2,81 : 0.7218"
"81,2 : 0.7218"
"2,82 : 0.2419"
"82,2 : 0.2419"
"2,83 : 0.6507"
"83,2 : 0.6507"
"2,84 : 0.3132"
"84,2 : 0.3132"
"2,85 : 0.392"
"85,2 : 0.392"
"2,86 : 0.3946"
"86,2 : 0.3946"
"2,87 : 0.3483"
"87,2 : 0.3483"
"2,88 : 0.333"
"88,2 : 0.333"
"2,89 : 0.3625"
"89,2 : 0.3625"
"2,90 : 0.892"
"90,2 : 0.892"
"2,91 : 0.9082"
"91,2 : 0.9082"
"2,92 : 0.6119"
"92,2 : 0.6119"
"2,93 : 0.7035"
"93,2 : 0.7035"
"2,94 : 1.0685"
"94,2 : 1.0685"
"2,95 : 0.7463"
"95,2 : 0.7463"
"2,96 : 0.3754"
"96,2 : 0.3754"
"2,97 : 0.7026"
"97,2 : 0.7026"
"2,98 : 0.7417"
"98,2 : 0.7417"
"2,99 : 0.19"
"99,2 : 0.19"
"3,4 : 0.3138"
"4,3 : 0.3138"
"3,5 : 0.2371"
"5,3 : 0.2371"
"3,6 : 0.5155"
"6,3 : 0.5155"
"3,7 : 0.7783"
"7,3 : 0.7783"
"3,8 : 0.6401"
"8,3 : 0.6401"
"3,9 : 0.6501"
"9,3 : 0.6501"
"3,10 : 0.823"
"10,3 : 0.823"
"3,11 : 0.2532"
"11,3 : 0.2532"
"3,12 : 0.7495"
"12,3 : 0.7495"
"3,13 : 0.6723"
"13,3 : 0.6723"
"3,14 : 0.7398"
"14,3 : 0.7398"
"3,15 : 0.7543"
"15,3 : 0.7543"
"3,16 : 0.4741"
"16,3 : 0.4741"
"3,17 : 0.6801"
"17,3 : 0.6801"
"3,18 : 0.8766"
"18,3 : 0.8766"
"3,19 : 0.6224"
"19,3 : 0.6224"
"3,20 : 0.3581"
"20,3 : 0.3581"
"3,21 : 0.4428"
"21,3 : 0.4428"
"3,22 : 0.5659"
"22,3 : 0.5659"
"3,23 : 0.0316"
"23,3 : 0.0316"
"3,24 : 0.2476"
"24,3 : 0.2476"
"3,25 : 0.7446"
"25,3 : 0.7446"
"3,26 : 0.3578"
"26,3 : 0.3578"
"3,27 : 0.2012"
"27,3 : 0.2012"
"3,28 : 0.1697"
"28,3 : 0.1697"
"3,29 : 0.3354"
"29,3 : 0.3354"
"3,30 : 0.364"
"30,3 : 0.364"
"3,31 : 0.0632"
"31,3 : 0.0632"
"3,32 : 0.7517"
"32,3 : 0.7517"
"3,33 : 0.1562"
"33,3 : 0.1562"
"3,34 : 0.3511"
"34,3 : 0.3511"
"3,35 : 0.661"
"35,3 : 0.661"
"3,36 : 0.3191"
"36,3 : 0.3191"
"3,37 : 0.572"
"37,3 : 0.572"
"3,38 : 0.1811"
"38,3 : 0.1811"
"3,39 : 0.2816"
"39,3 : 0.2816"
"3,40 : 0.6391"
"40,3 : 0.6391"
"3,41 : 0.4684"
"41,3 : 0.4684"
"3,42 : 0.7218"
"42,3 : 0.7218"
"3,43 : 0.4438"
"43,3 : 0.4438"
"3,44 : 0.6586"
"44,3 : 0.6586"
"3,45 : 0.2884"
"45,3 : 0.2884"
"3,46 : 0.5012"
"46,3 : 0.5012"
"3,47 : 0.5408"
"47,3 : 0.5408"
"3,48 : 0.8628"
"48,3 : 0.8628"
"3,49 : 0.6935"
"49,3 : 0.6935"
"3,50 : 0.2846"
"50,3 : 0.2846"
"3,51 : 0.222"
"51,3 : 0.222"
"3,52 : 0.0721"
"52,3 : 0.0721"
"3,53 : 0.0566"
"53,3 : 0.0566"
"3,54 : 0.3453"
"54,3 : 0.3453"
"3,55 : 0.3206"
"55,3 : 0.3206"
"3,56 : 0.1118"
"56,3 : 0.1118"
"3,57 : 0.3448"
"57,3 : 0.3448"
"3,58 : 0.5523"
"58,3 : 0.5523"
"3,59 : 0.3808"
"59,3 : 0.3808"
"3,60 : 0.4738"
"60,3 : 0.4738"
"3,61 : 0.6826"
"61,3 : 0.6826"
"3,62 : 0.2138"
"62,3 : 0.2138"
"3,63 : 0.1265"
"63,3 : 0.1265"
"3,64 : 0.4111"
"64,3 : 0.4111"
"3,65 : 0.6931"
"65,3 : 0.6931"
"3,66 : 0.0762"
"66,3 : 0.0762"
"3,67 : 0.6243"
"67,3 : 0.6243"
"3,68 : 0.4652"
"68,3 : 0.4652"
"3,69 : 0.5215"
"69,3 : 0.5215"
"3,70 : 0.5155"
"70,3 : 0.5155"
"3,71 : 0.4554"
"71,3 : 0.4554"
"3,72 : 0.5873"
"72,3 : 0.5873"
"3,73 : 0.0539"
"73,3 : 0.0539"
"3,74 : 0.136"
"74,3 : 0.136"
"3,75 : 0.1992"
"75,3 : 0.1992"
"3,76 : 0.2802"
"76,3 : 0.2802"
"3,77 : 0.542"
"77,3 : 0.542"
"3,78 : 0.3413"
"78,3 : 0.3413"
"3,79 : 0.2081"
"79,3 : 0.2081"
"3,80 : 0.3311"
"80,3 : 0.3311"
"3,81 : 0.1887"
"81,3 : 0.1887"
"3,82 : 0.5977"
"82,3 : 0.5977"
"3,83 : 0.4219"
"83,3 : 0.4219"
"3,84 : 0.492"
"84,3 : 0.492"
"3,85 : 0.4085"
"85,3 : 0.4085"
"3,86 : 0.75"
"86,3 : 0.75"
"3,87 : 0.4851"
"87,3 : 0.4851"
"3,88 : 0.7521"
"88,3 : 0.7521"
"3,89 : 0.4327"
"89,3 : 0.4327"
"3,90 : 0.1513"
"90,3 : 0.1513"
"3,91 : 0.117"
"91,3 : 0.117"
"3,92 : 0.2846"
"92,3 : 0.2846"
"3,93 : 0.6932"
"93,3 : 0.6932"
"3,94 : 0.278"
"94,3 : 0.278"
"3,95 : 0.1612"
"95,3 : 0.1612"
"3,96 : 0.4535"
"96,3 : 0.4535"
"3,97 : 0.4717"
"97,3 : 0.4717"
"3,98 : 0.7295"
"98,3 : 0.7295"
"3,99 : 0.9014"
"99,3 : 0.9014"
"4,5 : 0.3833"
"5,4 : 0.3833"
"4,6 : 0.3883"
"6,4 : 0.3883"
"4,7 : 0.89"
"7,4 : 0.89"
"4,8 : 0.8476"
"8,4 : 0.8476"
"4,9 : 0.857"
"9,4 : 0.857"
"4,10 : 0.8968"
"10,4 : 0.8968"
"4,11 : 0.4701"
"11,4 : 0.4701"
"4,12 : 0.8705"
"12,4 : 0.8705"
"4,13 : 0.7433"
"13,4 : 0.7433"
"4,14 : 0.9026"
"14,4 : 0.9026"
"4,15 : 0.7066"
"15,4 : 0.7066"
"4,16 : 0.5822"
"16,4 : 0.5822"
"4,17 : 0.801"
"17,4 : 0.801"
"4,18 : 0.922"
"18,4 : 0.922"
"4,19 : 0.508"
"19,4 : 0.508"
"4,20 : 0.5622"
"20,4 : 0.5622"
"4,21 : 0.2702"
"21,4 : 0.2702"
"4,22 : 0.5675"
"22,4 : 0.5675"
"4,23 : 0.283"
"23,4 : 0.283"
"4,24 : 0.0906"
"24,4 : 0.0906"
"4,25 : 1.0124"
"25,4 : 1.0124"
"4,26 : 0.59"
"26,4 : 0.59"
"4,27 : 0.4952"
"27,4 : 0.4952"
"4,28 : 0.4801"
"28,4 : 0.4801"
"4,29 : 0.3114"
"29,4 : 0.3114"
"4,30 : 0.272"
"30,4 : 0.272"
"4,31 : 0.3585"
"31,4 : 0.3585"
"4,32 : 0.7159"
"32,4 : 0.7159"
"4,33 : 0.1616"
"33,4 : 0.1616"
"4,34 : 0.5124"
"34,4 : 0.5124"
"4,35 : 0.3622"
"35,4 : 0.3622"
"4,36 : 0.6152"
"36,4 : 0.6152"
"4,37 : 0.8698"
"37,4 : 0.8698"
"4,38 : 0.2508"
"38,4 : 0.2508"
"4,39 : 0.5459"
"39,4 : 0.5459"
"4,40 : 0.9043"
"40,4 : 0.9043"
"4,41 : 0.7295"
"41,4 : 0.7295"
"4,42 : 0.7242"
"42,4 : 0.7242"
"4,43 : 0.7201"
"43,4 : 0.7201"
"4,44 : 0.7325"
"44,4 : 0.7325"
"4,45 : 0.5873"
"45,4 : 0.5873"
"4,46 : 0.7875"
"46,4 : 0.7875"
"4,47 : 0.494"
"47,4 : 0.494"
"4,48 : 0.9101"
"48,4 : 0.9101"
"4,49 : 0.6992"
"49,4 : 0.6992"
"4,50 : 0.5608"
"50,4 : 0.5608"
"4,51 : 0.525"
"51,4 : 0.525"
"4,52 : 0.3859"
"52,4 : 0.3859"
"4,53 : 0.3048"
"53,4 : 0.3048"
"4,54 : 0.6181"
"54,4 : 0.6181"
"4,55 : 0.5412"
"55,4 : 0.5412"
"4,56 : 0.4254"
"56,4 : 0.4254"
"4,57 : 0.3314"
"57,4 : 0.3314"
"4,58 : 0.7433"
"58,4 : 0.7433"
"4,59 : 0.0671"
"59,4 : 0.0671"
"4,60 : 0.495"
"60,4 : 0.495"
"4,61 : 0.9025"
"61,4 : 0.9025"
"4,62 : 0.4357"
"62,4 : 0.4357"
"4,63 : 0.25"
"63,4 : 0.25"
"4,64 : 0.4319"
"64,4 : 0.4319"
"4,65 : 0.6926"
"65,4 : 0.6926"
"4,66 : 0.2563"
"66,4 : 0.2563"
"4,67 : 0.676"
"67,4 : 0.676"
"4,68 : 0.1552"
"68,4 : 0.1552"
"4,69 : 0.2773"
"69,4 : 0.2773"
"4,70 : 0.6592"
"70,4 : 0.6592"
"4,71 : 0.2921"
"71,4 : 0.2921"
"4,72 : 0.6042"
"72,4 : 0.6042"
"4,73 : 0.2843"
"73,4 : 0.2843"
"4,74 : 0.4245"
"74,4 : 0.4245"
"4,75 : 0.5099"
"75,4 : 0.5099"
"4,76 : 0.04"
"76,4 : 0.04"
"4,77 : 0.8415"
"77,4 : 0.8415"
"4,78 : 0.5831"
"78,4 : 0.5831"
"4,79 : 0.2973"
"79,4 : 0.2973"
"4,80 : 0.6441"
"80,4 : 0.6441"
"4,81 : 0.4892"
"81,4 : 0.4892"
"4,82 : 0.7355"
"82,4 : 0.7355"
"4,83 : 0.25"
"83,4 : 0.25"
"4,84 : 0.5508"
"84,4 : 0.5508"
"4,85 : 0.5532"
"85,4 : 0.5532"
"4,86 : 0.9492"
"86,4 : 0.9492"
"4,87 : 0.6476"
"87,4 : 0.6476"
"4,88 : 0.6896"
"88,4 : 0.6896"
"4,89 : 0.5209"
"89,4 : 0.5209"
"4,90 : 0.4427"
"90,4 : 0.4427"
"4,91 : 0.314"
"91,4 : 0.314"
"4,92 : 0.25"
"92,4 : 0.25"
"4,93 : 0.972"
"93,4 : 0.972"
"4,94 : 0.4441"
"94,4 : 0.4441"
"4,95 : 0.178"
"95,4 : 0.178"
"4,96 : 0.621"
"96,4 : 0.621"
"4,97 : 0.7642"
"97,4 : 0.7642"
"4,98 : 1.0121"
"98,4 : 1.0121"
"4,99 : 0.9048"
"99,4 : 0.9048"
"5,6 : 0.7049"
"6,5 : 0.7049"
"5,7 : 1.0139"
"7,5 : 1.0139"
"5,8 : 0.8559"
"8,5 : 0.8559"
"5,9 : 0.8658"
"9,5 : 0.8658"
"5,10 : 1.06"
"10,5 : 1.06"
"5,11 : 0.4838"
"11,5 : 0.4838"
"5,12 : 0.9843"
"12,5 : 0.9843"
"5,13 : 0.9092"
"13,5 : 0.9092"
"5,14 : 0.9677"
"14,5 : 0.9677"
"5,15 : 0.9759"
"15,5 : 0.9759"
"5,16 : 0.7112"
"16,5 : 0.7112"
"5,17 : 0.9155"
"17,5 : 0.9155"
"5,18 : 1.1131"
"18,5 : 1.1131"
"5,19 : 0.821"
"19,5 : 0.821"
"5,20 : 0.18"
"20,5 : 0.18"
"5,21 : 0.6084"
"21,5 : 0.6084"
"5,22 : 0.794"
"22,5 : 0.794"
"5,23 : 0.2441"
"23,5 : 0.2441"
"5,24 : 0.2927"
"24,5 : 0.2927"
"5,25 : 0.9159"
"25,5 : 0.9159"
"5,26 : 0.2159"
"26,5 : 0.2159"
"5,27 : 0.3905"
"27,5 : 0.3905"
"5,28 : 0.3302"
"28,5 : 0.3302"
"5,29 : 0.5456"
"29,5 : 0.5456"
"5,30 : 0.5547"
"30,5 : 0.5547"
"5,31 : 0.1965"
"31,5 : 0.1965"
"5,32 : 0.9759"
"32,5 : 0.9759"
"5,33 : 0.255"
"33,5 : 0.255"
"5,34 : 0.5869"
"34,5 : 0.5869"
"5,35 : 0.7401"
"35,5 : 0.7401"
"5,36 : 0.4837"
"36,5 : 0.4837"
"5,37 : 0.7084"
"37,5 : 0.7084"
"5,38 : 0.1334"
"38,5 : 0.1334"
"5,39 : 0.2062"
"39,5 : 0.2062"
"5,40 : 0.8174"
"40,5 : 0.8174"
"5,41 : 0.6603"
"41,5 : 0.6603"
"5,42 : 0.9527"
"42,5 : 0.9527"
"5,43 : 0.6229"
"43,5 : 0.6229"
"5,44 : 0.8955"
"44,5 : 0.8955"
"5,45 : 0.4528"
"45,5 : 0.4528"
"5,46 : 0.6629"
"46,5 : 0.6629"
"5,47 : 0.7574"
"47,5 : 0.7574"
"5,48 : 1.0993"
"48,5 : 1.0993"
"5,49 : 0.9246"
"49,5 : 0.9246"
"5,50 : 0.4804"
"50,5 : 0.4804"
"5,51 : 0.3905"
"51,5 : 0.3905"
"5,52 : 0.255"
"52,5 : 0.255"
"5,53 : 0.2915"
"53,5 : 0.2915"
"5,54 : 0.2746"
"54,5 : 0.2746"
"5,55 : 0.5457"
"55,5 : 0.5457"
"5,56 : 0.2602"
"56,5 : 0.2602"
"5,57 : 0.559"
"57,5 : 0.559"
"5,58 : 0.7767"
"58,5 : 0.7767"
"5,59 : 0.4405"
"59,5 : 0.4405"
"5,60 : 0.7029"
"60,5 : 0.7029"
"5,61 : 0.8914"
"61,5 : 0.8914"
"5,62 : 0.446"
"62,5 : 0.446"
"5,63 : 0.3397"
"63,5 : 0.3397"
"5,64 : 0.6378"
"64,5 : 0.6378"
"5,65 : 0.9231"
"65,5 : 0.9231"
"5,66 : 0.198"
"66,5 : 0.198"
"5,67 : 0.8598"
"67,5 : 0.8598"
"5,68 : 0.5301"
"68,5 : 0.5301"
"5,69 : 0.6525"
"69,5 : 0.6525"
"5,70 : 0.7503"
"70,5 : 0.7503"
"5,71 : 0.6261"
"71,5 : 0.6261"
"5,72 : 0.8184"
"72,5 : 0.8184"
"5,73 : 0.2802"
"73,5 : 0.2802"
"5,74 : 0.3471"
"74,5 : 0.3471"
"5,75 : 0.2816"
"75,5 : 0.2816"
"5,76 : 0.3437"
"76,5 : 0.3437"
"5,77 : 0.6768"
"77,5 : 0.6768"
"5,78 : 0.5558"
"78,5 : 0.5558"
"5,79 : 0.4328"
"79,5 : 0.4328"
"5,80 : 0.3982"
"80,5 : 0.3982"
"5,81 : 0.3701"
"81,5 : 0.3701"
"5,82 : 0.8322"
"82,5 : 0.8322"
"5,83 : 0.586"
"83,5 : 0.586"
"5,84 : 0.7267"
"84,5 : 0.7267"
"5,85 : 0.6447"
"85,5 : 0.6447"
"5,86 : 0.9663"
"86,5 : 0.9663"
"5,87 : 0.7178"
"87,5 : 0.7178"
"5,88 : 0.97"
"88,5 : 0.97"
"5,89 : 0.6689"
"89,5 : 0.6689"
"5,90 : 0.1942"
"90,5 : 0.1942"
"5,91 : 0.1221"
"91,5 : 0.1221"
"5,92 : 0.4841"
"92,5 : 0.4841"
"5,93 : 0.8538"
"93,5 : 0.8538"
"5,94 : 0.0608"
"94,5 : 0.0608"
"5,95 : 0.3302"
"95,5 : 0.3302"
"5,96 : 0.6862"
"96,5 : 0.6862"
"5,97 : 0.6259"
"97,5 : 0.6259"
"5,98 : 0.8832"
"98,5 : 0.8832"
"5,99 : 1.1341"
"99,5 : 1.1341"
"6,7 : 0.611"
"7,6 : 0.611"
"6,8 : 0.6931"
"8,6 : 0.6931"
"6,9 : 0.7001"
"9,6 : 0.7001"
"6,10 : 0.5805"
"10,6 : 0.5805"
"6,11 : 0.4589"
"11,6 : 0.4589"
"6,12 : 0.6042"
"12,6 : 0.6042"
"6,13 : 0.446"
"13,6 : 0.446"
"6,14 : 0.6796"
"14,6 : 0.6796"
"6,15 : 0.3257"
"15,6 : 0.3257"
"6,16 : 0.3748"
"16,6 : 0.3748"
"6,17 : 0.5459"
"17,6 : 0.5459"
"6,18 : 0.5803"
"18,6 : 0.5803"
"6,19 : 0.1204"
"19,6 : 0.1204"
"6,20 : 0.8633"
"20,6 : 0.8633"
"6,21 : 0.1208"
"21,6 : 0.1208"
"6,22 : 0.2435"
"22,6 : 0.2435"
"6,23 : 0.4904"
"23,6 : 0.4904"
"6,24 : 0.4528"
"24,6 : 0.4528"
"6,25 : 0.9348"
"25,6 : 0.9348"
"6,26 : 0.8709"
"26,6 : 0.8709"
"6,27 : 0.5803"
"27,6 : 0.5803"
"6,28 : 0.6113"
"28,6 : 0.6113"
"6,29 : 0.1903"
"29,6 : 0.1903"
"6,30 : 0.1523"
"30,6 : 0.1523"
"6,31 : 0.5787"
"31,6 : 0.5787"
"6,32 : 0.3396"
"32,6 : 0.3396"
"6,33 : 0.4522"
"33,6 : 0.4522"
"6,34 : 0.4072"
"34,6 : 0.4072"
"6,35 : 0.3863"
"35,6 : 0.3863"
"6,36 : 0.6691"
"36,6 : 0.6691"
"6,37 : 0.8826"
"37,6 : 0.8826"
"6,38 : 0.5801"
"38,6 : 0.5801"
"6,39 : 0.797"
"39,6 : 0.797"
"6,40 : 0.8353"
"40,6 : 0.8353"
"6,41 : 0.6845"
"41,6 : 0.6845"
"6,42 : 0.37"
"42,6 : 0.37"
"6,43 : 0.7058"
"43,6 : 0.7058"
"6,44 : 0.4401"
"44,6 : 0.4401"
"6,45 : 0.6549"
"45,6 : 0.6549"
"6,46 : 0.7819"
"46,6 : 0.7819"
"6,47 : 0.1456"
"47,6 : 0.1456"
"6,48 : 0.5708"
"48,6 : 0.5708"
"6,49 : 0.3506"
"49,6 : 0.3506"
"6,50 : 0.5903"
"50,6 : 0.5903"
"6,51 : 0.6203"
"51,6 : 0.6203"
"6,52 : 0.5629"
"52,6 : 0.5629"
"6,53 : 0.4657"
"53,6 : 0.4657"
"6,54 : 0.8587"
"54,6 : 0.8587"
"6,55 : 0.4965"
"55,6 : 0.4965"
"6,56 : 0.6002"
"56,6 : 0.6002"
"6,57 : 0.1903"
"57,6 : 0.1903"
"6,58 : 0.588"
"58,6 : 0.588"
"6,59 : 0.3848"
"59,6 : 0.3848"
"6,60 : 0.2267"
"60,6 : 0.2267"
"6,61 : 0.7569"
"61,6 : 0.7569"
"6,62 : 0.4528"
"62,6 : 0.4528"
"6,63 : 0.389"
"63,6 : 0.389"
"6,64 : 0.211"
"64,6 : 0.211"
"6,65 : 0.3401"
"65,6 : 0.3401"
"6,66 : 0.5143"
"66,6 : 0.5143"
"6,67 : 0.3734"
"67,6 : 0.3734"
"6,68 : 0.3667"
"68,6 : 0.3667"
"6,69 : 0.2022"
"69,6 : 0.2022"
"6,70 : 0.4667"
"70,6 : 0.4667"
"6,71 : 0.0985"
"71,6 : 0.0985"
"6,72 : 0.2846"
"72,6 : 0.2846"
"6,73 : 0.4617"
"73,6 : 0.4617"
"6,74 : 0.5308"
"74,6 : 0.5308"
"6,75 : 0.6873"
"75,6 : 0.6873"
"6,76 : 0.4123"
"76,6 : 0.4123"
"6,77 : 0.8633"
"77,6 : 0.8633"
"6,78 : 0.5503"
"78,6 : 0.5503"
"6,79 : 0.3225"
"79,6 : 0.3225"
"6,80 : 0.7903"
"80,6 : 0.7903"
"6,81 : 0.59"
"81,6 : 0.59"
"6,82 : 0.514"
"82,6 : 0.514"
"6,83 : 0.1389"
"83,6 : 0.1389"
"6,84 : 0.2983"
"84,6 : 0.2983"
"6,85 : 0.405"
"85,6 : 0.405"
"6,86 : 0.7669"
"86,6 : 0.7669"
"6,87 : 0.4827"
"87,6 : 0.4827"
"6,88 : 0.3046"
"88,6 : 0.3046"
"6,89 : 0.3202"
"89,6 : 0.3202"
"6,90 : 0.6648"
"90,6 : 0.6648"
"6,91 : 0.5948"
"91,6 : 0.5948"
"6,92 : 0.2309"
"92,6 : 0.2309"
"6,93 : 0.9228"
"93,6 : 0.9228"
"6,94 : 0.7616"
"94,6 : 0.7616"
"6,95 : 0.3759"
"95,6 : 0.3759"
"6,96 : 0.472"
"96,6 : 0.472"
"6,97 : 0.7779"
"97,6 : 0.7779"
"6,98 : 0.9675"
"98,6 : 0.9675"
"6,99 : 0.5376"
"99,6 : 0.5376"
"7,8 : 0.2941"
"8,7 : 0.2941"
"7,9 : 0.2912"
"9,7 : 0.2912"
"7,10 : 0.11"
"10,7 : 0.11"
"7,11 : 0.5323"
"11,7 : 0.5323"
"7,12 : 0.0361"
"12,7 : 0.0361"
"7,13 : 0.1655"
"13,7 : 0.1655"
"7,14 : 0.15"
"14,7 : 0.15"
"7,15 : 0.4123"
"15,7 : 0.4123"
"7,16 : 0.314"
"16,7 : 0.314"
"7,17 : 0.0985"
"17,7 : 0.0985"
"7,18 : 0.2002"
"18,7 : 0.2002"
"7,19 : 0.566"
"19,7 : 0.566"
"7,20 : 1.0942"
"20,7 : 1.0942"
"7,21 : 0.7009"
"21,7 : 0.7009"
"7,22 : 0.3677"
"22,7 : 0.3677"
"7,23 : 0.7779"
"23,7 : 0.7779"
"7,24 : 0.9045"
"24,7 : 0.9045"
"7,25 : 0.5515"
"25,7 : 0.5515"
"7,26 : 1.0678"
"26,7 : 1.0678"
"7,27 : 0.6573"
"27,7 : 0.6573"
"7,28 : 0.724"
"28,7 : 0.724"
"7,29 : 0.5808"
"29,7 : 0.5808"
"7,30 : 0.6351"
"30,7 : 0.6351"
"7,31 : 0.8194"
"31,7 : 0.8194"
"7,32 : 0.3842"
"32,7 : 0.3842"
"7,33 : 0.8434"
"33,7 : 0.8434"
"7,34 : 0.4272"
"34,7 : 0.4272"
"7,35 : 0.9972"
"35,7 : 0.9972"
"7,36 : 0.6366"
"36,7 : 0.6366"
"7,37 : 0.6671"
"37,7 : 0.6671"
"7,38 : 0.9437"
"38,7 : 0.9437"
"7,39 : 0.9735"
"39,7 : 0.9735"
"7,40 : 0.507"
"40,7 : 0.507"
"7,41 : 0.4883"
"41,7 : 0.4883"
"7,42 : 0.2973"
"42,7 : 0.2973"
"7,43 : 0.5441"
"43,7 : 0.5441"
"7,44 : 0.1709"
"44,7 : 0.1709"
"7,45 : 0.6519"
"45,7 : 0.6519"
"7,46 : 0.5867"
"46,7 : 0.5867"
"7,47 : 0.4662"
"47,7 : 0.4662"
"7,48 : 0.19"
"48,7 : 0.19"
"7,49 : 0.2973"
"49,7 : 0.2973"
"7,50 : 0.5841"
"50,7 : 0.5841"
"7,51 : 0.6801"
"51,7 : 0.6801"
"7,52 : 0.7649"
"52,7 : 0.7649"
"7,53 : 0.7273"
"53,7 : 0.7273"
"7,54 : 0.9981"
"54,7 : 0.9981"
"7,55 : 0.4802"
"55,7 : 0.4802"
"7,56 : 0.7741"
"56,7 : 0.7741"
"7,57 : 0.5608"
"57,7 : 0.5608"
"7,58 : 0.2843"
"58,7 : 0.2843"
"7,59 : 0.922"
"59,7 : 0.922"
"7,60 : 0.4061"
"60,7 : 0.4061"
"7,61 : 0.3338"
"61,7 : 0.3338"
"7,62 : 0.5686"
"62,7 : 0.5686"
"7,63 : 0.7061"
"63,7 : 0.7061"
"7,64 : 0.4617"
"64,7 : 0.4617"
"7,65 : 0.3114"
"65,7 : 0.3114"
"7,66 : 0.8352"
"66,7 : 0.8352"
"7,67 : 0.2377"
"67,7 : 0.2377"
"7,68 : 0.942"
"68,7 : 0.942"
"7,69 : 0.8096"
"69,7 : 0.8096"
"7,70 : 0.264"
"70,7 : 0.264"
"7,71 : 0.6841"
"71,7 : 0.6841"
"7,72 : 0.327"
"72,7 : 0.327"
"7,73 : 0.7433"
"73,7 : 0.7433"
"7,74 : 0.6754"
"74,7 : 0.6754"
"7,75 : 0.8127"
"75,7 : 0.8127"
"7,76 : 0.8909"
"76,7 : 0.8909"
"7,77 : 0.6708"
"77,7 : 0.6708"
"7,78 : 0.492"
"78,7 : 0.492"
"7,79 : 0.6181"
"79,7 : 0.6181"
"7,80 : 0.8204"
"80,7 : 0.8204"
"7,81 : 0.6796"
"81,7 : 0.6796"
"7,82 : 0.1836"
"82,7 : 0.1836"
"7,83 : 0.7061"
"83,7 : 0.7061"
"7,84 : 0.3413"
"84,7 : 0.3413"
"7,85 : 0.37"
"85,7 : 0.37"
"7,86 : 0.2707"
"86,7 : 0.2707"
"7,87 : 0.3002"
"87,7 : 0.3002"
"7,88 : 0.4469"
"88,7 : 0.4469"
"7,89 : 0.3712"
"89,7 : 0.3712"
"7,90 : 0.8596"
"90,7 : 0.8596"
"7,91 : 0.8954"
"91,7 : 0.8954"
"7,92 : 0.64"
"92,7 : 0.64"
"7,93 : 0.5903"
"93,7 : 0.5903"
"7,94 : 1.0469"
"94,7 : 1.0469"
"7,95 : 0.758"
"95,7 : 0.758"
"7,96 : 0.3312"
"96,7 : 0.3312"
"7,97 : 0.6159"
"97,7 : 0.6159"
"7,98 : 0.6265"
"98,7 : 0.6265"
"7,99 : 0.3126"
"99,7 : 0.3126"
"8,9 : 0.01"
"9,8 : 0.01"
"8,10 : 0.4002"
"10,8 : 0.4002"
"8,11 : 0.3932"
"11,8 : 0.3932"
"8,12 : 0.2596"
"12,8 : 0.2596"
"8,13 : 0.3551"
"13,8 : 0.3551"
"8,14 : 0.1581"
"14,8 : 0.1581"
"8,15 : 0.6236"
"15,8 : 0.6236"
"8,16 : 0.3183"
"16,8 : 0.3183"
"8,17 : 0.24"
"17,8 : 0.24"
"8,18 : 0.4903"
"18,8 : 0.4903"
"8,19 : 0.6989"
"19,8 : 0.6989"
"8,20 : 0.8949"
"20,8 : 0.8949"
"8,21 : 0.742"
"21,8 : 0.742"
"8,22 : 0.4888"
"22,8 : 0.4888"
"8,23 : 0.6512"
"23,8 : 0.6512"
"8,24 : 0.832"
"24,8 : 0.832"
"8,25 : 0.2746"
"25,8 : 0.2746"
"8,26 : 0.858"
"26,8 : 0.858"
"8,27 : 0.4669"
"27,8 : 0.4669"
"8,28 : 0.5315"
"28,8 : 0.5315"
"8,29 : 0.5798"
"29,8 : 0.5798"
"8,30 : 0.649"
"30,8 : 0.649"
"8,31 : 0.6619"
"31,8 : 0.6619"
"8,32 : 0.5991"
"32,8 : 0.5991"
"8,33 : 0.7513"
"33,8 : 0.7513"
"8,34 : 0.3362"
"34,8 : 0.3362"
"8,35 : 1.056"
"35,8 : 1.056"
"8,36 : 0.4031"
"36,8 : 0.4031"
"8,37 : 0.3759"
"37,8 : 0.3759"
"8,38 : 0.8205"
"38,8 : 0.8205"
"8,39 : 0.7655"
"39,8 : 0.7655"
"8,40 : 0.2138"
"40,8 : 0.2138"
"8,41 : 0.2247"
"41,8 : 0.2247"
"8,42 : 0.512"
"42,8 : 0.512"
"8,43 : 0.2802"
"43,8 : 0.2802"
"8,44 : 0.3471"
"44,8 : 0.3471"
"8,45 : 0.4272"
"45,8 : 0.4272"
"8,46 : 0.3048"
"46,8 : 0.3048"
"8,47 : 0.572"
"47,8 : 0.572"
"8,48 : 0.4785"
"48,8 : 0.4785"
"8,49 : 0.4973"
"49,8 : 0.4973"
"8,50 : 0.3785"
"50,8 : 0.3785"
"8,51 : 0.4754"
"51,8 : 0.4754"
"8,52 : 0.6021"
"52,8 : 0.6021"
"8,53 : 0.6021"
"53,8 : 0.6021"
"8,54 : 0.7739"
"54,8 : 0.7739"
"8,55 : 0.3214"
"55,8 : 0.3214"
"8,56 : 0.5968"
"56,8 : 0.5968"
"8,57 : 0.563"
"57,8 : 0.563"
"8,58 : 0.1082"
"58,8 : 0.1082"
"8,59 : 0.8969"
"59,8 : 0.8969"
"8,60 : 0.4675"
"60,8 : 0.4675"
"8,61 : 0.064"
"61,8 : 0.064"
"8,62 : 0.4329"
"62,8 : 0.4329"
"8,63 : 0.6139"
"63,8 : 0.6139"
"8,64 : 0.4892"
"64,8 : 0.4892"
"8,65 : 0.5096"
"65,8 : 0.5096"
"8,66 : 0.7111"
"66,8 : 0.7111"
"8,67 : 0.3922"
"67,8 : 0.3922"
"8,68 : 0.9437"
"68,8 : 0.9437"
"8,69 : 0.8621"
"69,8 : 0.8621"
"8,70 : 0.2267"
"70,8 : 0.2267"
"8,71 : 0.7325"
"71,8 : 0.7325"
"8,72 : 0.4607"
"72,8 : 0.4607"
"8,73 : 0.6229"
"73,8 : 0.6229"
"8,74 : 0.5109"
"74,8 : 0.5109"
"8,75 : 0.6073"
"75,8 : 0.6073"
"8,76 : 0.8352"
"76,8 : 0.8352"
"8,77 : 0.3828"
"77,8 : 0.3828"
"8,78 : 0.3007"
"78,8 : 0.3007"
"8,79 : 0.5503"
"79,8 : 0.5503"
"8,80 : 0.578"
"80,8 : 0.578"
"8,81 : 0.4884"
"81,8 : 0.4884"
"8,82 : 0.2025"
"82,8 : 0.2025"
"8,83 : 0.7382"
"83,8 : 0.7382"
"8,84 : 0.3982"
"84,8 : 0.3982"
"8,85 : 0.3053"
"85,8 : 0.3053"
"8,86 : 0.1105"
"86,8 : 0.1105"
"8,87 : 0.214"
"87,8 : 0.214"
"8,88 : 0.6515"
"88,8 : 0.6515"
"8,89 : 0.3754"
"89,8 : 0.3754"
"8,90 : 0.6747"
"90,8 : 0.6747"
"8,91 : 0.7506"
"91,8 : 0.7506"
"8,92 : 0.6172"
"92,8 : 0.6172"
"8,93 : 0.3007"
"93,8 : 0.3007"
"8,94 : 0.8748"
"94,8 : 0.8748"
"8,95 : 0.6815"
"95,8 : 0.6815"
"8,96 : 0.2332"
"96,8 : 0.2332"
"8,97 : 0.3394"
"97,8 : 0.3394"
"8,98 : 0.34"
"98,8 : 0.34"
"8,99 : 0.5921"
"99,8 : 0.5921"
"9,10 : 0.3981"
"10,9 : 0.3981"
"9,11 : 0.4031"
"11,9 : 0.4031"
"9,12 : 0.2571"
"12,9 : 0.2571"
"9,13 : 0.3569"
"13,9 : 0.3569"
"9,14 : 0.1526"
"14,9 : 0.1526"
"9,15 : 0.6264"
"15,9 : 0.6264"
"9,16 : 0.3253"
"16,9 : 0.3253"
"9,17 : 0.2402"
"17,9 : 0.2402"
"9,18 : 0.4884"
"18,9 : 0.4884"
"9,19 : 0.7046"
"19,9 : 0.7046"
"9,20 : 0.9044"
"20,9 : 0.9044"
"9,21 : 0.75"
"21,9 : 0.75"
"9,22 : 0.494"
"22,9 : 0.494"
"9,23 : 0.6612"
"23,9 : 0.6612"
"9,24 : 0.8417"
"24,9 : 0.8417"
"9,25 : 0.2729"
"25,9 : 0.2729"
"9,26 : 0.8673"
"26,9 : 0.8673"
"9,27 : 0.4768"
"27,9 : 0.4768"
"9,28 : 0.5413"
"28,9 : 0.5413"
"9,29 : 0.5883"
"29,9 : 0.5883"
"9,30 : 0.6573"
"30,9 : 0.6573"
"9,31 : 0.6719"
"31,9 : 0.6719"
"9,32 : 0.6017"
"32,9 : 0.6017"
"9,33 : 0.7612"
"33,9 : 0.7612"
"9,34 : 0.3454"
"34,9 : 0.3454"
"9,35 : 1.064"
"35,9 : 1.064"
"9,36 : 0.4123"
"36,9 : 0.4123"
"9,37 : 0.3808"
"37,9 : 0.3808"
"9,38 : 0.8305"
"38,9 : 0.8305"
"9,39 : 0.7749"
"39,9 : 0.7749"
"9,40 : 0.2159"
"40,9 : 0.2159"
"9,41 : 0.2332"
"41,9 : 0.2332"
"9,42 : 0.5142"
"42,9 : 0.5142"
"9,43 : 0.2884"
"43,9 : 0.2884"
"9,44 : 0.3493"
"44,9 : 0.3493"
"9,45 : 0.4366"
"45,9 : 0.4366"
"9,46 : 0.3114"
"46,9 : 0.3114"
"9,47 : 0.578"
"47,9 : 0.578"
"9,48 : 0.4768"
"48,9 : 0.4768"
"9,49 : 0.5"
"49,9 : 0.5"
"9,50 : 0.3883"
"50,9 : 0.3883"
"9,51 : 0.4851"
"51,9 : 0.4851"
"9,52 : 0.612"
"52,9 : 0.612"
"9,53 : 0.612"
"53,9 : 0.612"
"9,54 : 0.7829"
"54,9 : 0.7829"
"9,55 : 0.3314"
"55,9 : 0.3314"
"9,56 : 0.6067"
"56,9 : 0.6067"
"9,57 : 0.5714"
"57,9 : 0.5714"
"9,58 : 0.1166"
"58,9 : 0.1166"
"9,59 : 0.9062"
"59,9 : 0.9062"
"9,60 : 0.4742"
"60,9 : 0.4742"
"9,61 : 0.0583"
"61,9 : 0.0583"
"9,62 : 0.4428"
"62,9 : 0.4428"
"9,63 : 0.6237"
"63,9 : 0.6237"
"9,64 : 0.4968"
"64,9 : 0.4968"
"9,65 : 0.5124"
"65,9 : 0.5124"
"9,66 : 0.7211"
"66,9 : 0.7211"
"9,67 : 0.3956"
"67,9 : 0.3956"
"9,68 : 0.9526"
"68,9 : 0.9526"
"9,69 : 0.8701"
"69,9 : 0.8701"
"9,70 : 0.2335"
"70,9 : 0.2335"
"9,71 : 0.7403"
"71,9 : 0.7403"
"9,72 : 0.4653"
"72,9 : 0.4653"
"9,73 : 0.6329"
"73,9 : 0.6329"
"9,74 : 0.5209"
"74,9 : 0.5209"
"9,75 : 0.6168"
"75,9 : 0.6168"
"9,76 : 0.8448"
"76,9 : 0.8448"
"9,77 : 0.3883"
"77,9 : 0.3883"
"9,78 : 0.3106"
"78,9 : 0.3106"
"9,79 : 0.5597"
"79,9 : 0.5597"
"9,80 : 0.5867"
"80,9 : 0.5867"
"9,81 : 0.4982"
"81,9 : 0.4982"
"9,82 : 0.2062"
"82,9 : 0.2062"
"9,83 : 0.7463"
"83,9 : 0.7463"
"9,84 : 0.4046"
"84,9 : 0.4046"
"9,85 : 0.3138"
"85,9 : 0.3138"
"9,86 : 0.1005"
"86,9 : 0.1005"
"9,87 : 0.222"
"87,9 : 0.222"
"9,88 : 0.6546"
"88,9 : 0.6546"
"9,89 : 0.3829"
"89,9 : 0.3829"
"9,90 : 0.6845"
"90,9 : 0.6845"
"9,91 : 0.7606"
"91,9 : 0.7606"
"9,92 : 0.6261"
"92,9 : 0.6261"
"9,93 : 0.3015"
"93,9 : 0.3015"
"9,94 : 0.8846"
"94,9 : 0.8846"
"9,95 : 0.6912"
"95,9 : 0.6912"
"9,96 : 0.2419"
"96,9 : 0.2419"
"9,97 : 0.3466"
"97,9 : 0.3466"
"9,98 : 0.3401"
"98,9 : 0.3401"
"9,99 : 0.5914"
"99,9 : 0.5914"
"10,11 : 0.5882"
"11,10 : 0.5882"
"10,12 : 0.1414"
"12,10 : 0.1414"
"10,13 : 0.1552"
"13,10 : 0.1552"
"10,14 : 0.26"
"14,10 : 0.26"
"10,15 : 0.3342"
"15,10 : 0.3342"
"10,16 : 0.3489"
"16,10 : 0.3489"
"10,17 : 0.1749"
"17,10 : 0.1749"
"10,18 : 0.0906"
"18,10 : 0.0906"
"10,19 : 0.5162"
"19,10 : 0.5162"
"10,20 : 1.1543"
"20,10 : 1.1543"
"10,21 : 0.6826"
"21,10 : 0.6826"
"10,22 : 0.3413"
"22,10 : 0.3413"
"10,23 : 0.8186"
"23,10 : 0.8186"
"10,24 : 0.922"
"24,10 : 0.922"
"10,25 : 0.6612"
"25,10 : 0.6612"
"10,26 : 1.1323"
"26,10 : 1.1323"
"10,27 : 0.7235"
"27,10 : 0.7235"
"10,28 : 0.7887"
"28,10 : 0.7887"
"10,29 : 0.5855"
"29,10 : 0.5855"
"10,30 : 0.6307"
"30,10 : 0.6307"
"10,31 : 0.8695"
"31,10 : 0.8695"
"10,32 : 0.3061"
"32,10 : 0.3061"
"10,33 : 0.8698"
"33,10 : 0.8698"
"10,34 : 0.4771"
"34,10 : 0.4771"
"10,35 : 0.963"
"35,10 : 0.963"
"10,36 : 0.717"
"36,10 : 0.717"
"10,37 : 0.769"
"37,10 : 0.769"
"10,38 : 0.9786"
"38,10 : 0.9786"
"10,39 : 1.0386"
"39,10 : 1.0386"
"10,40 : 0.6139"
"40,10 : 0.6139"
"10,41 : 0.5818"
"41,10 : 0.5818"
"10,42 : 0.2283"
"42,10 : 0.2283"
"10,43 : 0.6363"
"43,10 : 0.6363"
"10,44 : 0.1676"
"44,10 : 0.1676"
"10,45 : 0.7292"
"45,10 : 0.7292"
"10,46 : 0.6845"
"46,10 : 0.6845"
"10,47 : 0.4357"
"47,10 : 0.4357"
"10,48 : 0.08"
"48,10 : 0.08"
"10,49 : 0.2377"
"49,10 : 0.2377"
"10,50 : 0.6576"
"50,10 : 0.6576"
"10,51 : 0.7501"
"51,10 : 0.7501"
"10,52 : 0.8184"
"52,10 : 0.8184"
"10,53 : 0.7692"
"53,10 : 0.7692"
"10,54 : 1.0689"
"54,10 : 1.0689"
"10,55 : 0.5456"
"55,10 : 0.5456"
"10,56 : 0.8323"
"56,10 : 0.8323"
"10,57 : 0.5657"
"57,10 : 0.5657"
"10,58 : 0.3759"
"58,10 : 0.3759"
"10,59 : 0.9214"
"59,10 : 0.9214"
"10,60 : 0.402"
"60,10 : 0.402"
"10,61 : 0.4428"
"61,10 : 0.4428"
"10,62 : 0.6213"
"62,10 : 0.6213"
"10,63 : 0.7374"
"63,10 : 0.7374"
"10,64 : 0.4653"
"64,10 : 0.4653"
"10,65 : 0.2508"
"65,10 : 0.2508"
"10,66 : 0.8732"
"66,10 : 0.8732"
"10,67 : 0.2209"
"67,10 : 0.2209"
"10,68 : 0.9309"
"68,10 : 0.9309"
"10,69 : 0.7826"
"69,10 : 0.7826"
"10,70 : 0.3256"
"70,10 : 0.3256"
"10,71 : 0.6637"
"71,10 : 0.6637"
"10,72 : 0.3007"
"72,10 : 0.3007"
"10,73 : 0.7829"
"73,10 : 0.7829"
"10,74 : 0.7324"
"74,10 : 0.7324"
"10,75 : 0.8797"
"75,10 : 0.8797"
"10,76 : 0.9026"
"76,10 : 0.9026"
"10,77 : 0.7708"
"77,10 : 0.7708"
"10,78 : 0.5659"
"78,10 : 0.5659"
"10,79 : 0.6451"
"79,10 : 0.6451"
"10,80 : 0.9003"
"80,10 : 0.9003"
"10,81 : 0.7452"
"81,10 : 0.7452"
"10,82 : 0.2561"
"82,10 : 0.2561"
"10,83 : 0.6912"
"83,10 : 0.6912"
"10,84 : 0.3493"
"84,10 : 0.3493"
"10,85 : 0.4188"
"85,10 : 0.4188"
"10,86 : 0.3805"
"86,10 : 0.3805"
"10,87 : 0.3677"
"87,10 : 0.3677"
"10,88 : 0.3701"
"88,10 : 0.3701"
"10,89 : 0.3956"
"89,10 : 0.3956"
"10,90 : 0.9184"
"90,10 : 0.9184"
"10,91 : 0.9391"
"91,10 : 0.9391"
"10,92 : 0.6494"
"92,10 : 0.6494"
"10,93 : 0.6987"
"93,10 : 0.6987"
"10,94 : 1.0977"
"94,10 : 1.0977"
"10,95 : 0.7816"
"95,10 : 0.7816"
"10,96 : 0.3962"
"96,10 : 0.3962"
"10,97 : 0.7112"
"97,10 : 0.7112"
"10,98 : 0.7355"
"98,10 : 0.7355"
"10,99 : 0.204"
"99,10 : 0.204"
"11,12 : 0.5016"
"12,11 : 0.5016"
"11,13 : 0.446"
"13,11 : 0.446"
"11,14 : 0.4866"
"14,11 : 0.4866"
"11,15 : 0.5924"
"15,11 : 0.5924"
"11,16 : 0.2476"
"16,11 : 0.2476"
"11,17 : 0.4338"
"17,11 : 0.4338"
"11,18 : 0.6519"
"18,11 : 0.6519"
"11,19 : 0.53"
"19,11 : 0.53"
"11,20 : 0.5661"
"20,11 : 0.5661"
"11,21 : 0.4472"
"21,11 : 0.4472"
"11,22 : 0.3956"
"22,11 : 0.3956"
"11,23 : 0.2602"
"23,11 : 0.2602"
"11,24 : 0.4427"
"24,11 : 0.4427"
"11,25 : 0.5441"
"25,11 : 0.5441"
"11,26 : 0.5456"
"26,11 : 0.5456"
"11,27 : 0.1476"
"27,11 : 0.1476"
"11,28 : 0.2062"
"28,11 : 0.2062"
"11,29 : 0.2786"
"29,11 : 0.2786"
"11,30 : 0.3444"
"30,11 : 0.3444"
"11,31 : 0.2879"
"31,11 : 0.2879"
"11,32 : 0.5818"
"32,11 : 0.5818"
"11,33 : 0.359"
"33,11 : 0.359"
"11,34 : 0.1131"
"34,11 : 0.1131"
"11,35 : 0.742"
"35,11 : 0.742"
"11,36 : 0.211"
"36,11 : 0.211"
"11,37 : 0.4342"
"37,11 : 0.4342"
"11,38 : 0.4305"
"38,11 : 0.4305"
"11,39 : 0.4528"
"39,11 : 0.4528"
"11,40 : 0.436"
"40,11 : 0.436"
"11,41 : 0.2625"
"41,11 : 0.2625"
"11,42 : 0.53"
"42,11 : 0.53"
"11,43 : 0.264"
"43,11 : 0.264"
"11,44 : 0.4319"
"44,11 : 0.4319"
"11,45 : 0.2002"
"45,11 : 0.2002"
"11,46 : 0.3384"
"46,11 : 0.3384"
"11,47 : 0.413"
"47,11 : 0.413"
"11,48 : 0.6378"
"48,11 : 0.6378"
"11,49 : 0.5025"
"49,11 : 0.5025"
"11,50 : 0.1315"
"50,11 : 0.1315"
"11,51 : 0.1838"
"51,11 : 0.1838"
"11,52 : 0.2326"
"52,11 : 0.2326"
"11,53 : 0.21"
"53,11 : 0.21"
"11,54 : 0.4904"
"54,11 : 0.4904"
"11,55 : 0.0728"
"55,11 : 0.0728"
"11,56 : 0.2441"
"56,11 : 0.2441"
"11,57 : 0.272"
"57,11 : 0.272"
"11,58 : 0.3002"
"58,11 : 0.3002"
"11,59 : 0.527"
"59,11 : 0.527"
"11,60 : 0.3105"
"60,11 : 0.3105"
"11,61 : 0.4415"
"61,11 : 0.4415"
"11,62 : 0.04"
"62,11 : 0.04"
"11,63 : 0.2247"
"63,11 : 0.2247"
"11,64 : 0.2707"
"64,11 : 0.2707"
"11,65 : 0.5061"
"65,11 : 0.5061"
"11,66 : 0.3202"
"66,11 : 0.3202"
"11,67 : 0.4123"
"67,11 : 0.4123"
"11,68 : 0.589"
"68,11 : 0.589"
"11,69 : 0.5608"
"69,11 : 0.5608"
"11,70 : 0.2683"
"70,11 : 0.2683"
"11,71 : 0.4478"
"71,11 : 0.4478"
"11,72 : 0.4025"
"72,11 : 0.4025"
"11,73 : 0.2302"
"73,11 : 0.2302"
"11,74 : 0.1442"
"74,11 : 0.1442"
"11,75 : 0.2983"
"75,11 : 0.2983"
"11,76 : 0.4519"
"76,11 : 0.4519"
"11,77 : 0.4115"
"77,11 : 0.4115"
"11,78 : 0.114"
"78,11 : 0.114"
"11,79 : 0.1838"
"79,11 : 0.1838"
"11,80 : 0.3574"
"80,11 : 0.3574"
"11,81 : 0.1664"
"81,11 : 0.1664"
"11,82 : 0.3493"
"82,11 : 0.3493"
"11,83 : 0.4342"
"83,11 : 0.4342"
"11,84 : 0.2953"
"84,11 : 0.2953"
"11,85 : 0.1703"
"85,11 : 0.1703"
"11,86 : 0.5016"
"86,11 : 0.5016"
"11,87 : 0.2341"
"87,11 : 0.2341"
"11,88 : 0.6008"
"88,11 : 0.6008"
"11,89 : 0.2283"
"89,11 : 0.2283"
"11,90 : 0.3302"
"90,11 : 0.3302"
"11,91 : 0.3688"
"91,11 : 0.3688"
"11,92 : 0.2802"
"92,11 : 0.2802"
"11,93 : 0.5093"
"93,11 : 0.5093"
"11,94 : 0.5148"
"94,11 : 0.5148"
"11,95 : 0.2955"
"95,11 : 0.2955"
"11,96 : 0.2025"
"96,11 : 0.2025"
"11,97 : 0.3265"
"97,11 : 0.3265"
"11,98 : 0.5515"
"98,11 : 0.5515"
"11,99 : 0.6966"
"99,11 : 0.6966"
"12,13 : 0.164"
"13,12 : 0.164"
"12,14 : 0.1217"
"14,12 : 0.1217"
"12,15 : 0.4244"
"15,12 : 0.4244"
"12,16 : 0.2907"
"16,12 : 0.2907"
"12,17 : 0.0707"
"17,12 : 0.0707"
"12,18 : 0.2319"
"18,12 : 0.2319"
"12,19 : 0.5661"
"19,12 : 0.5661"
"12,20 : 1.0617"
"20,12 : 1.0617"
"12,21 : 0.6896"
"21,12 : 0.6896"
"12,22 : 0.3624"
"22,12 : 0.3624"
"12,23 : 0.75"
"23,12 : 0.75"
"12,24 : 0.882"
"24,12 : 0.882"
"12,25 : 0.5204"
"25,12 : 0.5204"
"12,26 : 1.0346"
"26,12 : 1.0346"
"12,27 : 0.6243"
"27,12 : 0.6243"
"12,28 : 0.6912"
"28,12 : 0.6912"
"12,29 : 0.5632"
"29,12 : 0.5632"
"12,30 : 0.6198"
"30,12 : 0.6198"
"12,31 : 0.7892"
"31,12 : 0.7892"
"12,32 : 0.3966"
"32,12 : 0.3966"
"12,33 : 0.8188"
"33,12 : 0.8188"
"12,34 : 0.3985"
"34,12 : 0.3985"
"12,35 : 0.9901"
"35,12 : 0.9901"
"12,36 : 0.6014"
"36,12 : 0.6014"
"12,37 : 0.6316"
"37,12 : 0.6316"
"12,38 : 0.9168"
"38,12 : 0.9168"
"12,39 : 0.9403"
"39,12 : 0.9403"
"12,40 : 0.473"
"40,12 : 0.473"
"12,41 : 0.4522"
"41,12 : 0.4522"
"12,42 : 0.3081"
"42,12 : 0.3081"
"12,43 : 0.508"
"43,12 : 0.508"
"12,44 : 0.1664"
"44,12 : 0.1664"
"12,45 : 0.6172"
"45,12 : 0.6172"
"12,46 : 0.5507"
"46,12 : 0.5507"
"12,47 : 0.4607"
"47,12 : 0.4607"
"12,48 : 0.2209"
"48,12 : 0.2209"
"12,49 : 0.3048"
"49,12 : 0.3048"
"12,50 : 0.55"
"50,12 : 0.55"
"12,51 : 0.6464"
"51,12 : 0.6464"
"12,52 : 0.7341"
"52,12 : 0.7341"
"12,53 : 0.6992"
"53,12 : 0.6992"
"12,54 : 0.964"
"54,12 : 0.964"
"12,55 : 0.4478"
"55,12 : 0.4478"
"12,56 : 0.7424"
"56,12 : 0.7424"
"12,57 : 0.5433"
"57,12 : 0.5433"
"12,58 : 0.2484"
"58,12 : 0.2484"
"12,59 : 0.9045"
"59,12 : 0.9045"
"12,60 : 0.3929"
"60,12 : 0.3929"
"12,61 : 0.3015"
"61,12 : 0.3015"
"12,62 : 0.5385"
"62,12 : 0.5385"
"12,63 : 0.6807"
"63,12 : 0.6807"
"12,64 : 0.4455"
"64,12 : 0.4455"
"12,65 : 0.3189"
"65,12 : 0.3189"
"12,66 : 0.8078"
"66,12 : 0.8078"
"12,67 : 0.2332"
"67,12 : 0.2332"
"12,68 : 0.9276"
"68,12 : 0.9276"
"12,69 : 0.8006"
"69,12 : 0.8006"
"12,70 : 0.2341"
"70,12 : 0.2341"
"12,71 : 0.6736"
"71,12 : 0.6736"
"12,72 : 0.3225"
"72,12 : 0.3225"
"12,73 : 0.7157"
"73,12 : 0.7157"
"12,74 : 0.644"
"74,12 : 0.644"
"12,75 : 0.7794"
"75,12 : 0.7794"
"12,76 : 0.8701"
"76,12 : 0.8701"
"12,77 : 0.6351"
"77,12 : 0.6351"
"12,78 : 0.458"
"78,12 : 0.458"
"12,79 : 0.5941"
"79,12 : 0.5941"
"12,80 : 0.7852"
"80,12 : 0.7852"
"12,81 : 0.6466"
"81,12 : 0.6466"
"12,82 : 0.1523"
"82,12 : 0.1523"
"12,83 : 0.6938"
"83,12 : 0.6938"
"12,84 : 0.3256"
"84,12 : 0.3256"
"12,85 : 0.3421"
"85,12 : 0.3421"
"12,86 : 0.2433"
"86,12 : 0.2433"
"12,87 : 0.2683"
"87,12 : 0.2683"
"12,88 : 0.458"
"88,12 : 0.458"
"12,89 : 0.35"
"89,12 : 0.35"
"12,90 : 0.8276"
"90,12 : 0.8276"
"12,91 : 0.8665"
"91,12 : 0.8665"
"12,92 : 0.6207"
"92,12 : 0.6207"
"12,93 : 0.5573"
"93,12 : 0.5573"
"12,94 : 1.0164"
"94,12 : 1.0164"
"12,95 : 0.7344"
"95,12 : 0.7344"
"12,96 : 0.2997"
"96,12 : 0.2997"
"12,97 : 0.5798"
"97,12 : 0.5798"
"12,98 : 0.5941"
"98,12 : 0.5941"
"12,99 : 0.3406"
"99,12 : 0.3406"
"13,14 : 0.2663"
"14,13 : 0.2663"
"13,15 : 0.2731"
"15,13 : 0.2731"
"13,16 : 0.2"
"16,13 : 0.2"
"13,17 : 0.1253"
"17,13 : 0.1253"
"13,18 : 0.2062"
"18,13 : 0.2062"
"13,19 : 0.4022"
"19,13 : 0.4022"
"13,20 : 1.0104"
"20,13 : 1.0104"
"13,21 : 0.5394"
"21,13 : 0.5394"
"13,22 : 0.2025"
"22,13 : 0.2025"
"13,23 : 0.6665"
