x,y
0.42,0.05
0.34,0.09
0.68,0.49
0.65,0.35
0.29,0.25
0.75,0.15
0.94,0.75
0.95,0.65
0.83,0.56
0.83,0.08
0.85,0.6
0.81,0.62
0.71,0.28
0.43,0.42
0.41,0.68
0.67,0.35
0.53,0.84
0.27,0.99
0.49,0.67
0.58,0.05
0.59,0.13
0.07,0.44
0.23,0.65
0.36,0.79
0.96,0.65
0.14,0.61
0.59,0.27
0.7,0.77
0.18,0.59
0.85,0.64
0.85,0.35
0.93,0.9
0.66,0.99
0.81,0.42
0.01,0.44
0.17,0.71
0.12,0.06
0.63,0.8
0.29,0.62
0.5,0.55
0.21,0.69
0.15,0.65
0.34,0.49
0.3,0.45
0.8,0.54
0.88,0.21
0.92,0.27
0.72,0.78
0.39,0.03
0.1,0.34
0.99,0.61
0.59,0.79
0.22,0.9
0.33,0.28
0.84,0.92
0.0,0.41
0.39,0.98
0.78,0.91
0.76,0.32
0.31,0.38
0.44,0.68
0.79,0.42
0.9,0.18
0.91,0.63
0.8,0.48
0.42,0.35
0.02,0.62
0.53,0.31
0.87,0.32
0.69,0.49
0.8,0.63
0.47,0.6
0.82,0.9
0.72,0.65
0.47,0.28
0.38,0.91
0.54,0.07
0.91,0.99
0.89,0.18
0.34,0.57
0.32,0.81
0.9,0.54
0.42,0.83
0.85,0.84
0.24,0.87
0.56,0.89
0.33,0.14
0.98,0.53
0.99,0.52
0.35,0.26
0.17,0.38
0.78,0.78
0.67,0.6
0.85,0.71
0.68,0.85
0.85,0.39
0.39,0.47
0.62,0.25
0.28,0.55
0.91,0.14

Distanze
"0,1 : 0.0894"
"1,0 : 0.0894"
"0,2 : 0.5111"
"2,0 : 0.5111"
"0,3 : 0.378"
"3,0 : 0.378"
"0,4 : 0.2385"
"4,0 : 0.2385"
"0,5 : 0.3448"
"5,0 : 0.3448"
"0,6 : 0.872"
"6,0 : 0.872"
"0,7 : 0.8006"
"7,0 : 0.8006"
"0,8 : 0.6544"
"8,0 : 0.6544"
"0,9 : 0.4111"
"9,0 : 0.4111"
"0,10 : 0.6981"
"10,0 : 0.6981"
"0,11 : 0.6907"
"11,0 : 0.6907"
"0,12 : 0.3701"
"12,0 : 0.3701"
"0,13 : 0.3701"
"13,0 : 0.3701"
"0,14 : 0.6301"
"14,0 : 0.6301"
"0,15 : 0.3905"
"15,0 : 0.3905"
"0,16 : 0.7976"
"16,0 : 0.7976"
"0,17 : 0.9519"
"17,0 : 0.9519"
"0,18 : 0.6239"
"18,0 : 0.6239"
"0,19 : 0.16"
"19,0 : 0.16"
"0,20 : 0.1879"
"20,0 : 0.1879"
"0,21 : 0.524"
"21,0 : 0.524"
"0,22 : 0.6294"
"22,0 : 0.6294"
"0,23 : 0.7424"
"23,0 : 0.7424"
"0,24 : 0.8072"
"24,0 : 0.8072"
"0,25 : 0.6261"
"25,0 : 0.6261"
"0,26 : 0.278"
"26,0 : 0.278"
"0,27 : 0.7725"
"27,0 : 0.7725"
"0,28 : 0.5909"
"28,0 : 0.5909"
"0,29 : 0.7301"
"29,0 : 0.7301"
"0,30 : 0.5243"
"30,0 : 0.5243"
"0,31 : 0.9913"
"31,0 : 0.9913"
"0,32 : 0.9702"
"32,0 : 0.9702"
"0,33 : 0.5376"
"33,0 : 0.5376"
"0,34 : 0.5659"
"34,0 : 0.5659"
"0,35 : 0.7058"
"35,0 : 0.7058"
"0,36 : 0.3002"
"36,0 : 0.3002"
"0,37 : 0.7788"
"37,0 : 0.7788"
"0,38 : 0.5846"
"38,0 : 0.5846"
"0,39 : 0.5064"
"39,0 : 0.5064"
"0,40 : 0.6736"
"40,0 : 0.6736"
"0,41 : 0.658"
"41,0 : 0.658"
"0,42 : 0.4472"
"42,0 : 0.4472"
"0,43 : 0.4176"
"43,0 : 0.4176"
"0,44 : 0.6201"
"44,0 : 0.6201"
"0,45 : 0.487"
"45,0 : 0.487"
"0,46 : 0.5463"
"46,0 : 0.5463"
"0,47 : 0.7892"
"47,0 : 0.7892"
"0,48 : 0.0361"
"48,0 : 0.0361"
"0,49 : 0.4319"
"49,0 : 0.4319"
"0,50 : 0.7991"
"50,0 : 0.7991"
"0,51 : 0.7593"
"51,0 : 0.7593"
"0,52 : 0.8732"
"52,0 : 0.8732"
"0,53 : 0.247"
"53,0 : 0.247"
"0,54 : 0.9661"
"54,0 : 0.9661"
"0,55 : 0.5532"
"55,0 : 0.5532"
"0,56 : 0.9305"
"56,0 : 0.9305"
"0,57 : 0.9323"
"57,0 : 0.9323"
"0,58 : 0.4342"
"58,0 : 0.4342"
"0,59 : 0.3479"
"59,0 : 0.3479"
"0,60 : 0.6303"
"60,0 : 0.6303"
"0,61 : 0.5233"
"61,0 : 0.5233"
"0,62 : 0.4973"
"62,0 : 0.4973"
"0,63 : 0.7593"
"63,0 : 0.7593"
"0,64 : 0.5738"
"64,0 : 0.5738"
"0,65 : 0.3"
"65,0 : 0.3"
"0,66 : 0.6963"
"66,0 : 0.6963"
"0,67 : 0.2823"
"67,0 : 0.2823"
"0,68 : 0.5248"
"68,0 : 0.5248"
"0,69 : 0.5162"
"69,0 : 0.5162"
"0,70 : 0.6934"
"70,0 : 0.6934"
"0,71 : 0.5523"
"71,0 : 0.5523"
"0,72 : 0.9394"
"72,0 : 0.9394"
"0,73 : 0.6708"
"73,0 : 0.6708"
"0,74 : 0.2354"
"74,0 : 0.2354"
"0,75 : 0.8609"
"75,0 : 0.8609"
"0,76 : 0.1217"
"76,0 : 0.1217"
"0,77 : 1.06"
"77,0 : 1.06"
"0,78 : 0.4876"
"78,0 : 0.4876"
"0,79 : 0.5261"
"79,0 : 0.5261"
"0,80 : 0.7666"
"80,0 : 0.7666"
"0,81 : 0.6859"
"81,0 : 0.6859"
"0,82 : 0.78"
"82,0 : 0.78"
"0,83 : 0.8994"
"83,0 : 0.8994"
"0,84 : 0.8395"
"84,0 : 0.8395"
"0,85 : 0.8516"
"85,0 : 0.8516"
"0,86 : 0.1273"
"86,0 : 0.1273"
"0,87 : 0.7376"
"87,0 : 0.7376"
"0,88 : 0.7388"
"88,0 : 0.7388"
"0,89 : 0.2214"
"89,0 : 0.2214"
"0,90 : 0.414"
"90,0 : 0.414"
"0,91 : 0.8139"
"91,0 : 0.8139"
"0,92 : 0.6042"
"92,0 : 0.6042"
"0,93 : 0.7877"
"93,0 : 0.7877"
"0,94 : 0.8412"
"94,0 : 0.8412"
"0,95 : 0.5482"
"95,0 : 0.5482"
"0,96 : 0.4211"
"96,0 : 0.4211"
"0,97 : 0.2828"
"97,0 : 0.2828"
"0,98 : 0.5192"
"98,0 : 0.5192"
"0,99 : 0.4982"
"99,0 : 0.4982"
"1,2 : 0.525"
"2,1 : 0.525"
"1,3 : 0.4046"
"3,1 : 0.4046"
"1,4 : 0.1676"
"4,1 : 0.1676"
"1,5 : 0.4144"
"5,1 : 0.4144"
"1,6 : 0.892"
"6,1 : 0.892"
"1,7 : 0.8281"
"7,1 : 0.8281"
"1,8 : 0.679"
"8,1 : 0.679"
"1,9 : 0.4901"
"9,1 : 0.4901"
"1,10 : 0.7212"
"10,1 : 0.7212"
"1,11 : 0.7084"
"11,1 : 0.7084"
"1,12 : 0.4159"
"12,1 : 0.4159"
"1,13 : 0.3421"
"13,1 : 0.3421"
"1,14 : 0.5941"
"14,1 : 0.5941"
"1,15 : 0.4201"
"15,1 : 0.4201"
"1,16 : 0.7737"
"16,1 : 0.7737"
"1,17 : 0.9027"
"17,1 : 0.9027"
"1,18 : 0.5991"
"18,1 : 0.5991"
"1,19 : 0.2433"
"19,1 : 0.2433"
"1,20 : 0.2532"
"20,1 : 0.2532"
"1,21 : 0.442"
"21,1 : 0.442"
"1,22 : 0.5707"
"22,1 : 0.5707"
"1,23 : 0.7003"
"23,1 : 0.7003"
"1,24 : 0.8355"
"24,1 : 0.8355"
"1,25 : 0.5571"
"25,1 : 0.5571"
"1,26 : 0.3081"
"26,1 : 0.3081"
"1,27 : 0.7694"
"27,1 : 0.7694"
"1,28 : 0.525"
"28,1 : 0.525"
"1,29 : 0.7501"
"29,1 : 0.7501"
"1,30 : 0.5725"
"30,1 : 0.5725"
"1,31 : 1.0021"
"31,1 : 1.0021"
"1,32 : 0.9552"
"32,1 : 0.9552"
"1,33 : 0.5743"
"33,1 : 0.5743"
"1,34 : 0.481"
"34,1 : 0.481"
"1,35 : 0.6429"
"35,1 : 0.6429"
"1,36 : 0.222"
"36,1 : 0.222"
"1,37 : 0.7669"
"37,1 : 0.7669"
"1,38 : 0.5324"
"38,1 : 0.5324"
"1,39 : 0.487"
"39,1 : 0.487"
"1,40 : 0.6139"
"40,1 : 0.6139"
"1,41 : 0.5914"
"41,1 : 0.5914"
"1,42 : 0.4"
"42,1 : 0.4"
"1,43 : 0.3622"
"43,1 : 0.3622"
"1,44 : 0.6435"
"44,1 : 0.6435"
"1,45 : 0.5532"
"45,1 : 0.5532"
"1,46 : 0.6073"
"46,1 : 0.6073"
"1,47 : 0.7877"
"47,1 : 0.7877"
"1,48 : 0.0781"
"48,1 : 0.0781"
"1,49 : 0.3466"
"49,1 : 0.3466"
"1,50 : 0.8324"
"50,1 : 0.8324"
"1,51 : 0.7433"
"51,1 : 0.7433"
"1,52 : 0.8188"
"52,1 : 0.8188"
"1,53 : 0.1903"
"53,1 : 0.1903"
"1,54 : 0.969"
"54,1 : 0.969"
"1,55 : 0.4669"
"55,1 : 0.4669"
"1,56 : 0.8914"
"56,1 : 0.8914"
"1,57 : 0.9306"
"57,1 : 0.9306"
"1,58 : 0.4789"
"58,1 : 0.4789"
"1,59 : 0.2915"
"59,1 : 0.2915"
"1,60 : 0.5984"
"60,1 : 0.5984"
"1,61 : 0.558"
"61,1 : 0.558"
"1,62 : 0.5672"
"62,1 : 0.5672"
"1,63 : 0.7852"
"63,1 : 0.7852"
"1,64 : 0.6031"
"64,1 : 0.6031"
"1,65 : 0.272"
"65,1 : 0.272"
"1,66 : 0.6191"
"66,1 : 0.6191"
"1,67 : 0.2907"
"67,1 : 0.2907"
"1,68 : 0.5778"
"68,1 : 0.5778"
"1,69 : 0.5315"
"69,1 : 0.5315"
"1,70 : 0.7094"
"70,1 : 0.7094"
"1,71 : 0.5263"
"71,1 : 0.5263"
"1,72 : 0.9415"
"72,1 : 0.9415"
"1,73 : 0.6768"
"73,1 : 0.6768"
"1,74 : 0.2302"
"74,1 : 0.2302"
"1,75 : 0.821"
"75,1 : 0.821"
"1,76 : 0.201"
"76,1 : 0.201"
"1,77 : 1.0653"
"77,1 : 1.0653"
"1,78 : 0.5573"
"78,1 : 0.5573"
"1,79 : 0.48"
"79,1 : 0.48"
"1,80 : 0.7203"
"80,1 : 0.7203"
"1,81 : 0.7184"
"81,1 : 0.7184"
"1,82 : 0.7443"
"82,1 : 0.7443"
"1,83 : 0.907"
"83,1 : 0.907"
"1,84 : 0.7864"
"84,1 : 0.7864"
"1,85 : 0.8297"
"85,1 : 0.8297"
"1,86 : 0.051"
"86,1 : 0.051"
"1,87 : 0.7767"
"87,1 : 0.7767"
"1,88 : 0.7794"
"88,1 : 0.7794"
"1,89 : 0.1703"
"89,1 : 0.1703"
"1,90 : 0.3362"
"90,1 : 0.3362"
"1,91 : 0.8184"
"91,1 : 0.8184"
"1,92 : 0.6075"
"92,1 : 0.6075"
"1,93 : 0.8028"
"93,1 : 0.8028"
"1,94 : 0.8326"
"94,1 : 0.8326"
"1,95 : 0.5917"
"95,1 : 0.5917"
"1,96 : 0.3833"
"96,1 : 0.3833"
"1,97 : 0.3225"
"97,1 : 0.3225"
"1,98 : 0.4639"
"98,1 : 0.4639"
"1,99 : 0.5722"
"99,1 : 0.5722"
"2,3 : 0.1432"
"3,2 : 0.1432"
"2,4 : 0.4579"
"4,2 : 0.4579"
"2,5 : 0.3471"
"5,2 : 0.3471"
"2,6 : 0.3677"
"6,2 : 0.3677"
"2,7 : 0.3138"
"7,2 : 0.3138"
"2,8 : 0.1655"
"8,2 : 0.1655"
"2,9 : 0.4366"
"9,2 : 0.4366"
"2,10 : 0.2025"
"10,2 : 0.2025"
"2,11 : 0.1838"
"11,2 : 0.1838"
"2,12 : 0.2121"
"12,2 : 0.2121"
"2,13 : 0.2596"
"13,2 : 0.2596"
"2,14 : 0.3302"
"14,2 : 0.3302"
"2,15 : 0.1404"
"15,2 : 0.1404"
"2,16 : 0.3808"
"16,2 : 0.3808"
"2,17 : 0.6466"
"17,2 : 0.6466"
"2,18 : 0.2617"
"18,2 : 0.2617"
"2,19 : 0.4512"
"19,2 : 0.4512"
"2,20 : 0.3711"
"20,2 : 0.3711"
"2,21 : 0.612"
"21,2 : 0.612"
"2,22 : 0.4776"
"22,2 : 0.4776"
"2,23 : 0.4386"
"23,2 : 0.4386"
"2,24 : 0.3225"
"24,2 : 0.3225"
"2,25 : 0.5532"
"25,2 : 0.5532"
"2,26 : 0.2377"
"26,2 : 0.2377"
"2,27 : 0.2807"
"27,2 : 0.2807"
"2,28 : 0.5099"
"28,2 : 0.5099"
"2,29 : 0.2267"
"29,2 : 0.2267"
"2,30 : 0.2202"
"30,2 : 0.2202"
"2,31 : 0.4802"
"31,2 : 0.4802"
"2,32 : 0.5004"
"32,2 : 0.5004"
"2,33 : 0.1476"
"33,2 : 0.1476"
"2,34 : 0.6719"
"34,2 : 0.6719"
"2,35 : 0.5554"
"35,2 : 0.5554"
"2,36 : 0.706"
"36,2 : 0.706"
"2,37 : 0.314"
"37,2 : 0.314"
"2,38 : 0.4111"
"38,2 : 0.4111"
"2,39 : 0.1897"
"39,2 : 0.1897"
"2,40 : 0.5108"
"40,2 : 0.5108"
"2,41 : 0.5536"
"41,2 : 0.5536"
"2,42 : 0.34"
"42,2 : 0.34"
"2,43 : 0.3821"
"43,2 : 0.3821"
"2,44 : 0.13"
"44,2 : 0.13"
"2,45 : 0.3441"
"45,2 : 0.3441"
"2,46 : 0.3256"
"46,2 : 0.3256"
"2,47 : 0.2927"
"47,2 : 0.2927"
"2,48 : 0.5438"
"48,2 : 0.5438"
"2,49 : 0.5991"
"49,2 : 0.5991"
"2,50 : 0.3324"
"50,2 : 0.3324"
"2,51 : 0.3132"
"51,2 : 0.3132"
"2,52 : 0.6162"
"52,2 : 0.6162"
"2,53 : 0.4082"
"53,2 : 0.4082"
"2,54 : 0.4588"
"54,2 : 0.4588"
"2,55 : 0.6847"
"55,2 : 0.6847"
"2,56 : 0.5694"
"56,2 : 0.5694"
"2,57 : 0.4317"
"57,2 : 0.4317"
"2,58 : 0.1879"
"58,2 : 0.1879"
"2,59 : 0.386"
"59,2 : 0.386"
"2,60 : 0.3061"
"60,2 : 0.3061"
"2,61 : 0.1304"
"61,2 : 0.1304"
"2,62 : 0.3801"
"62,2 : 0.3801"
"2,63 : 0.2693"
"63,2 : 0.2693"
"2,64 : 0.1204"
"64,2 : 0.1204"
"2,65 : 0.2953"
"65,2 : 0.2953"
"2,66 : 0.6727"
"66,2 : 0.6727"
"2,67 : 0.2343"
"67,2 : 0.2343"
"2,68 : 0.255"
"68,2 : 0.255"
"2,69 : 0.01"
"69,2 : 0.01"
"2,70 : 0.1844"
"70,2 : 0.1844"
"2,71 : 0.2371"
"71,2 : 0.2371"
"2,72 : 0.4332"
"72,2 : 0.4332"
"2,73 : 0.1649"
"73,2 : 0.1649"
"2,74 : 0.297"
"74,2 : 0.297"
"2,75 : 0.5161"
"75,2 : 0.5161"
"2,76 : 0.4427"
"76,2 : 0.4427"
"2,77 : 0.5504"
"77,2 : 0.5504"
"2,78 : 0.3744"
"78,2 : 0.3744"
"2,79 : 0.3493"
"79,2 : 0.3493"
"2,80 : 0.4817"
"80,2 : 0.4817"
"2,81 : 0.2256"
"81,2 : 0.2256"
"2,82 : 0.428"
"82,2 : 0.428"
"2,83 : 0.3891"
"83,2 : 0.3891"
"2,84 : 0.5814"
"84,2 : 0.5814"
"2,85 : 0.4176"
"85,2 : 0.4176"
"2,86 : 0.495"
"86,2 : 0.495"
"2,87 : 0.3027"
"87,2 : 0.3027"
"2,88 : 0.3114"
"88,2 : 0.3114"
"2,89 : 0.4022"
"89,2 : 0.4022"
"2,90 : 0.5217"
"90,2 : 0.5217"
"2,91 : 0.3068"
"91,2 : 0.3068"
"2,92 : 0.1105"
"92,2 : 0.1105"
"2,93 : 0.278"
"93,2 : 0.278"
"2,94 : 0.36"
"94,2 : 0.36"
"2,95 : 0.1972"
"95,2 : 0.1972"
"2,96 : 0.2907"
"96,2 : 0.2907"
"2,97 : 0.2474"
"97,2 : 0.2474"
"2,98 : 0.4045"
"98,2 : 0.4045"
"2,99 : 0.4188"
"99,2 : 0.4188"
"3,4 : 0.3736"
"4,3 : 0.3736"
"3,5 : 0.2236"
"5,3 : 0.2236"
"3,6 : 0.4941"
"6,3 : 0.4941"
"3,7 : 0.4243"
"7,3 : 0.4243"
"3,8 : 0.2766"
"8,3 : 0.2766"
"3,9 : 0.3245"
"9,3 : 0.3245"
"3,10 : 0.3202"
"10,3 : 0.3202"
"3,11 : 0.3138"
"11,3 : 0.3138"
"3,12 : 0.0922"
"12,3 : 0.0922"
"3,13 : 0.2309"
"13,3 : 0.2309"
"3,14 : 0.408"
"14,3 : 0.408"
"3,15 : 0.02"
"15,3 : 0.02"
"3,16 : 0.5045"
"16,3 : 0.5045"
"3,17 : 0.7443"
"17,3 : 0.7443"
"3,18 : 0.3578"
"18,3 : 0.3578"
"3,19 : 0.3081"
"19,3 : 0.3081"
"3,20 : 0.228"
"20,3 : 0.228"
"3,21 : 0.5869"
"21,3 : 0.5869"
"3,22 : 0.5161"
"22,3 : 0.5161"
"3,23 : 0.527"
"23,3 : 0.527"
"3,24 : 0.4314"
"24,3 : 0.4314"
"3,25 : 0.5725"
"25,3 : 0.5725"
"3,26 : 0.1"
"26,3 : 0.1"
"3,27 : 0.423"
"27,3 : 0.423"
"3,28 : 0.5277"
"28,3 : 0.5277"
"3,29 : 0.3523"
"29,3 : 0.3523"
"3,30 : 0.2"
"30,3 : 0.2"
"3,31 : 0.6172"
"31,3 : 0.6172"
"3,32 : 0.6401"
"32,3 : 0.6401"
"3,33 : 0.1746"
"33,3 : 0.1746"
"3,34 : 0.6463"
"34,3 : 0.6463"
"3,35 : 0.6"
"35,3 : 0.6"
"3,36 : 0.6042"
"36,3 : 0.6042"
"3,37 : 0.4504"
"37,3 : 0.4504"
"3,38 : 0.45"
"38,3 : 0.45"
"3,39 : 0.25"
"39,3 : 0.25"
"3,40 : 0.5561"
"40,3 : 0.5561"
"3,41 : 0.5831"
"41,3 : 0.5831"
"3,42 : 0.3401"
"42,3 : 0.3401"
"3,43 : 0.364"
"43,3 : 0.364"
"3,44 : 0.2421"
"44,3 : 0.2421"
"3,45 : 0.2693"
"45,3 : 0.2693"
"3,46 : 0.2816"
"46,3 : 0.2816"
"3,47 : 0.4357"
"47,3 : 0.4357"
"3,48 : 0.4123"
"48,3 : 0.4123"
"3,49 : 0.5501"
"49,3 : 0.5501"
"3,50 : 0.428"
"50,3 : 0.428"
"3,51 : 0.4441"
"51,3 : 0.4441"
"3,52 : 0.6981"
"52,3 : 0.6981"
"3,53 : 0.3276"
"53,3 : 0.3276"
"3,54 : 0.6008"
"54,3 : 0.6008"
"3,55 : 0.6528"
"55,3 : 0.6528"
"3,56 : 0.6815"
"56,3 : 0.6815"
"3,57 : 0.5749"
"57,3 : 0.5749"
"3,58 : 0.114"
"58,3 : 0.114"
"3,59 : 0.3413"
"59,3 : 0.3413"
"3,60 : 0.3912"
"60,3 : 0.3912"
"3,61 : 0.1565"
"61,3 : 0.1565"
"3,62 : 0.3023"
"62,3 : 0.3023"
"3,63 : 0.3821"
"63,3 : 0.3821"
"3,64 : 0.1985"
"64,3 : 0.1985"
"3,65 : 0.23"
"65,3 : 0.23"
"3,66 : 0.6854"
"66,3 : 0.6854"
"3,67 : 0.1265"
"67,3 : 0.1265"
"3,68 : 0.222"
"68,3 : 0.222"
"3,69 : 0.1456"
"69,3 : 0.1456"
"3,70 : 0.3176"
"70,3 : 0.3176"
"3,71 : 0.3081"
"71,3 : 0.3081"
"3,72 : 0.5757"
"72,3 : 0.5757"
"3,73 : 0.3081"
"73,3 : 0.3081"
"3,74 : 0.1931"
"74,3 : 0.1931"
"3,75 : 0.6217"
"75,3 : 0.6217"
"3,76 : 0.3008"
"76,3 : 0.3008"
"3,77 : 0.6908"
"77,3 : 0.6908"
"3,78 : 0.2941"
"78,3 : 0.2941"
"3,79 : 0.3801"
"79,3 : 0.3801"
"3,80 : 0.5661"
"80,3 : 0.5661"
"3,81 : 0.314"
"81,3 : 0.314"
"3,82 : 0.5323"
"82,3 : 0.5323"
"3,83 : 0.5292"
"83,3 : 0.5292"
"3,84 : 0.6622"
"84,3 : 0.6622"
"3,85 : 0.5474"
"85,3 : 0.5474"
"3,86 : 0.3828"
"86,3 : 0.3828"
"3,87 : 0.3759"
"87,3 : 0.3759"
"3,88 : 0.3801"
"88,3 : 0.3801"
"3,89 : 0.3132"
"89,3 : 0.3132"
"3,90 : 0.4809"
"90,3 : 0.4809"
"3,91 : 0.4492"
"91,3 : 0.4492"
"3,92 : 0.2508"
"92,3 : 0.2508"
"3,93 : 0.4118"
"93,3 : 0.4118"
"3,94 : 0.5009"
"94,3 : 0.5009"
"3,95 : 0.204"
"95,3 : 0.204"
"3,96 : 0.2864"
"96,3 : 0.2864"
"3,97 : 0.1044"
"97,3 : 0.1044"
"3,98 : 0.4206"
"98,3 : 0.4206"
"3,99 : 0.3342"
"99,3 : 0.3342"
"4,5 : 0.4707"
"5,4 : 0.4707"
"4,6 : 0.8201"
"6,4 : 0.8201"
"4,7 : 0.7718"
"7,4 : 0.7718"
"4,8 : 0.6227"
"8,4 : 0.6227"
"4,9 : 0.5661"
"9,4 : 0.5661"
"4,10 : 0.6604"
"10,4 : 0.6604"
"4,11 : 0.6382"
"11,4 : 0.6382"
"4,12 : 0.4211"
"12,4 : 0.4211"
"4,13 : 0.2202"
"13,4 : 0.2202"
"4,14 : 0.4464"
"14,4 : 0.4464"
"4,15 : 0.3929"
"15,4 : 0.3929"
"4,16 : 0.6369"
"16,4 : 0.6369"
"4,17 : 0.7403"
"17,4 : 0.7403"
"4,18 : 0.4652"
"18,4 : 0.4652"
"4,19 : 0.3523"
"19,4 : 0.3523"
"4,20 : 0.3231"
"20,4 : 0.3231"
"4,21 : 0.2907"
"21,4 : 0.2907"
"4,22 : 0.4045"
"22,4 : 0.4045"
"4,23 : 0.5445"
"23,4 : 0.5445"
"4,24 : 0.7803"
"24,4 : 0.7803"
"4,25 : 0.39"
"25,4 : 0.39"
"4,26 : 0.3007"
"26,4 : 0.3007"
"4,27 : 0.6622"
"27,4 : 0.6622"
"4,28 : 0.3574"
"28,4 : 0.3574"
"4,29 : 0.6824"
"29,4 : 0.6824"
"4,30 : 0.5689"
"30,4 : 0.5689"
"4,31 : 0.9122"
"31,4 : 0.9122"
"4,32 : 0.8273"
"32,4 : 0.8273"
"4,33 : 0.5471"
"33,4 : 0.5471"
"4,34 : 0.3384"
"34,4 : 0.3384"
"4,35 : 0.4754"
"35,4 : 0.4754"
"4,36 : 0.255"
"36,4 : 0.255"
"4,37 : 0.6466"
"37,4 : 0.6466"
"4,38 : 0.37"
"38,4 : 0.37"
"4,39 : 0.3662"
"39,4 : 0.3662"
"4,40 : 0.4472"
"40,4 : 0.4472"
"4,41 : 0.4238"
"41,4 : 0.4238"
"4,42 : 0.2452"
"42,4 : 0.2452"
"4,43 : 0.2002"
"43,4 : 0.2002"
"4,44 : 0.5867"
"44,4 : 0.5867"
"4,45 : 0.5914"
"45,4 : 0.5914"
"4,46 : 0.6303"
"46,4 : 0.6303"
"4,47 : 0.6825"
"47,4 : 0.6825"
"4,48 : 0.2417"
"48,4 : 0.2417"
"4,49 : 0.2102"
"49,4 : 0.2102"
"4,50 : 0.7871"
"50,4 : 0.7871"
"4,51 : 0.6177"
"51,4 : 0.6177"
"4,52 : 0.6538"
"52,4 : 0.6538"
"4,53 : 0.05"
"53,4 : 0.05"
"4,54 : 0.8668"
"54,4 : 0.8668"
"4,55 : 0.3312"
"55,4 : 0.3312"
"4,56 : 0.7368"
"56,4 : 0.7368"
"4,57 : 0.822"
"57,4 : 0.822"
"4,58 : 0.4752"
"58,4 : 0.4752"
"4,59 : 0.1315"
"59,4 : 0.1315"
"4,60 : 0.4554"
"60,4 : 0.4554"
"4,61 : 0.5281"
"61,4 : 0.5281"
"4,62 : 0.614"
"62,4 : 0.614"
"4,63 : 0.7272"
"63,4 : 0.7272"
"4,64 : 0.5595"
"64,4 : 0.5595"
"4,65 : 0.164"
"65,4 : 0.164"
"4,66 : 0.458"
"66,4 : 0.458"
"4,67 : 0.2474"
"67,4 : 0.2474"
"4,68 : 0.5842"
"68,4 : 0.5842"
"4,69 : 0.4665"
"69,4 : 0.4665"
"4,70 : 0.636"
"70,4 : 0.636"
"4,71 : 0.3936"
"71,4 : 0.3936"
"4,72 : 0.8387"
"72,4 : 0.8387"
"4,73 : 0.5873"
"73,4 : 0.5873"
"4,74 : 0.1825"
"74,4 : 0.1825"
"4,75 : 0.6661"
"75,4 : 0.6661"
"4,76 : 0.3081"
"76,4 : 0.3081"
"4,77 : 0.9654"
"77,4 : 0.9654"
"4,78 : 0.6041"
"78,4 : 0.6041"
"4,79 : 0.3239"
"79,4 : 0.3239"
"4,80 : 0.5608"
"80,4 : 0.5608"
"4,81 : 0.6754"
"81,4 : 0.6754"
"4,82 : 0.5944"
"82,4 : 0.5944"
"4,83 : 0.8134"
"83,4 : 0.8134"
"4,84 : 0.622"
"84,4 : 0.622"
"4,85 : 0.6946"
"85,4 : 0.6946"
"4,86 : 0.117"
"86,4 : 0.117"
"4,87 : 0.7446"
"87,4 : 0.7446"
"4,88 : 0.7503"
"88,4 : 0.7503"
"4,89 : 0.0608"
"89,4 : 0.0608"
"4,90 : 0.1769"
"90,4 : 0.1769"
"4,91 : 0.7218"
"91,4 : 0.7218"
"4,92 : 0.5166"
"92,4 : 0.5166"
"4,93 : 0.7247"
"93,4 : 0.7247"
"4,94 : 0.7156"
"94,4 : 0.7156"
"4,95 : 0.5772"
"95,4 : 0.5772"
"4,96 : 0.2417"
"96,4 : 0.2417"
"4,97 : 0.33"
"97,4 : 0.33"
"4,98 : 0.3002"
"98,4 : 0.3002"
"4,99 : 0.6297"
"99,4 : 0.6297"
"5,6 : 0.6294"
"6,5 : 0.6294"
"5,7 : 0.5385"
"7,5 : 0.5385"
"5,8 : 0.4177"
"8,5 : 0.4177"
"5,9 : 0.1063"
"9,5 : 0.1063"
"5,10 : 0.461"
"10,5 : 0.461"
"5,11 : 0.4738"
"11,5 : 0.4738"
"5,12 : 0.136"
"12,5 : 0.136"
"5,13 : 0.4187"
"13,5 : 0.4187"
"5,14 : 0.6297"
"14,5 : 0.6297"
"5,15 : 0.2154"
"15,5 : 0.2154"
"5,16 : 0.7242"
"16,5 : 0.7242"
"5,17 : 0.9675"
"17,5 : 0.9675"
"5,18 : 0.5814"
"18,5 : 0.5814"
"5,19 : 0.1972"
"19,5 : 0.1972"
"5,20 : 0.1612"
"20,5 : 0.1612"
"5,21 : 0.7393"
"21,5 : 0.7393"
"5,22 : 0.7214"
"22,5 : 0.7214"
"5,23 : 0.7495"
"23,5 : 0.7495"
"5,24 : 0.5423"
"24,5 : 0.5423"
"5,25 : 0.764"
"25,5 : 0.764"
"5,26 : 0.2"
"26,5 : 0.2"
"5,27 : 0.622"
"27,5 : 0.622"
"5,28 : 0.7201"
"28,5 : 0.7201"
"5,29 : 0.5001"
"29,5 : 0.5001"
"5,30 : 0.2236"
"30,5 : 0.2236"
"5,31 : 0.7713"
"31,5 : 0.7713"
"5,32 : 0.8448"
"32,5 : 0.8448"
"5,33 : 0.2766"
"33,5 : 0.2766"
"5,34 : 0.7948"
"34,5 : 0.7948"
"5,35 : 0.8062"
"35,5 : 0.8062"
"5,36 : 0.6364"
"36,5 : 0.6364"
"5,37 : 0.661"
"37,5 : 0.661"
"5,38 : 0.6576"
"38,5 : 0.6576"
"5,39 : 0.4717"
"39,5 : 0.4717"
"5,40 : 0.7637"
"40,5 : 0.7637"
"5,41 : 0.781"
"41,5 : 0.781"
"5,42 : 0.5326"
"42,5 : 0.5326"
"5,43 : 0.5408"
"43,5 : 0.5408"
"5,44 : 0.3932"
"44,5 : 0.3932"
"5,45 : 0.1432"
"45,5 : 0.1432"
"5,46 : 0.2081"
"46,5 : 0.2081"
"5,47 : 0.6307"
"47,5 : 0.6307"
"5,48 : 0.3795"
"48,5 : 0.3795"
"5,49 : 0.6772"
"49,5 : 0.6772"
"5,50 : 0.5188"
"50,5 : 0.5188"
"5,51 : 0.6597"
"51,5 : 0.6597"
"5,52 : 0.9184"
"52,5 : 0.9184"
"5,53 : 0.4397"
"53,5 : 0.4397"
"5,54 : 0.7752"
"54,5 : 0.7752"
"5,55 : 0.7938"
"55,5 : 0.7938"
"5,56 : 0.9047"
"56,5 : 0.9047"
"5,57 : 0.7606"
"57,5 : 0.7606"
"5,58 : 0.1703"
"58,5 : 0.1703"
"5,59 : 0.4965"
"59,5 : 0.4965"
"5,60 : 0.614"
"60,5 : 0.614"
"5,61 : 0.2729"
"61,5 : 0.2729"
"5,62 : 0.153"
"62,5 : 0.153"
"5,63 : 0.506"
"63,5 : 0.506"
"5,64 : 0.3338"
"64,5 : 0.3338"
"5,65 : 0.3859"
"65,5 : 0.3859"
"5,66 : 0.8682"
"66,5 : 0.8682"
"5,67 : 0.272"
"67,5 : 0.272"
"5,68 : 0.2081"
"68,5 : 0.2081"
"5,69 : 0.3453"
"69,5 : 0.3453"
"5,70 : 0.4826"
"70,5 : 0.4826"
"5,71 : 0.53"
"71,5 : 0.53"
"5,72 : 0.7533"
"72,5 : 0.7533"
"5,73 : 0.5009"
"73,5 : 0.5009"
"5,74 : 0.3087"
"74,5 : 0.3087"
"5,75 : 0.8453"
"75,5 : 0.8453"
"5,76 : 0.2247"
"76,5 : 0.2247"
"5,77 : 0.8551"
"77,5 : 0.8551"
"5,78 : 0.1432"
"78,5 : 0.1432"
"5,79 : 0.5869"
"79,5 : 0.5869"
"5,80 : 0.7877"
"80,5 : 0.7877"
"5,81 : 0.4179"
"81,5 : 0.4179"
"5,82 : 0.7558"
"82,5 : 0.7558"
"5,83 : 0.6972"
"83,5 : 0.6972"
"5,84 : 0.8823"
"84,5 : 0.8823"
"5,85 : 0.764"
"85,5 : 0.764"
"5,86 : 0.4201"
"86,5 : 0.4201"
"5,87 : 0.4442"
"87,5 : 0.4442"
"5,88 : 0.441"
"88,5 : 0.441"
"5,89 : 0.4148"
"89,5 : 0.4148"
"5,90 : 0.6239"
"90,5 : 0.6239"
"5,91 : 0.6307"
"91,5 : 0.6307"
"5,92 : 0.4571"
"92,5 : 0.4571"
"5,93 : 0.5689"
"93,5 : 0.5689"
"5,94 : 0.7035"
"94,5 : 0.7035"
"5,95 : 0.26"
"95,5 : 0.26"
"5,96 : 0.4817"
"96,5 : 0.4817"
"5,97 : 0.164"
"97,5 : 0.164"
"5,98 : 0.6172"
"98,5 : 0.6172"
"5,99 : 0.1603"
"99,5 : 0.1603"
"6,7 : 0.1005"
"7,6 : 0.1005"
"6,8 : 0.2195"
"8,6 : 0.2195"
"6,9 : 0.679"
"9,6 : 0.679"
"6,10 : 0.1749"
"10,6 : 0.1749"
"6,11 : 0.1838"
"11,6 : 0.1838"
"6,12 : 0.5233"
"12,6 : 0.5233"
"6,13 : 0.6075"
"13,6 : 0.6075"
"6,14 : 0.5346"
"14,6 : 0.5346"
"6,15 : 0.4826"
"15,6 : 0.4826"
"6,16 : 0.4198"
"16,6 : 0.4198"
"6,17 : 0.7117"
"17,6 : 0.7117"
"6,18 : 0.4571"
"18,6 : 0.4571"
"6,19 : 0.7871"
"19,6 : 0.7871"
"6,20 : 0.712"
"20,6 : 0.712"
"6,21 : 0.9236"
"21,6 : 0.9236"
"6,22 : 0.717"
"22,6 : 0.717"
"6,23 : 0.5814"
"23,6 : 0.5814"
"6,24 : 0.102"
"24,6 : 0.102"
"6,25 : 0.8122"
"25,6 : 0.8122"
"6,26 : 0.5941"
"26,6 : 0.5941"
"6,27 : 0.2408"
"27,6 : 0.2408"
"6,28 : 0.7767"
"28,6 : 0.7767"
"6,29 : 0.1421"
"29,6 : 0.1421"
"6,30 : 0.41"
"30,6 : 0.41"
"6,31 : 0.1503"
"31,6 : 0.1503"
"6,32 : 0.3688"
"32,6 : 0.3688"
"6,33 : 0.3547"
"33,6 : 0.3547"
"6,34 : 0.9803"
"34,6 : 0.9803"
"6,35 : 0.771"
"35,6 : 0.771"
"6,36 : 1.0717"
"36,6 : 1.0717"
"6,37 : 0.314"
"37,6 : 0.314"
"6,38 : 0.6629"
"38,6 : 0.6629"
"6,39 : 0.4833"
"39,6 : 0.4833"
"6,40 : 0.7325"
"40,6 : 0.7325"
"6,41 : 0.7963"
"41,6 : 0.7963"
"6,42 : 0.6539"
"42,6 : 0.6539"
"6,43 : 0.7068"
"43,6 : 0.7068"
"6,44 : 0.2524"
"44,6 : 0.2524"
"6,45 : 0.5433"
"45,6 : 0.5433"
"6,46 : 0.4804"
"46,6 : 0.4804"
"6,47 : 0.222"
"47,6 : 0.222"
"6,48 : 0.906"
"48,6 : 0.906"
"6,49 : 0.9347"
"49,6 : 0.9347"
"6,50 : 0.1487"
"50,6 : 0.1487"
"6,51 : 0.3523"
"51,6 : 0.3523"
"6,52 : 0.7355"
"52,6 : 0.7355"
"6,53 : 0.7701"
"53,6 : 0.7701"
"6,54 : 0.1972"
"54,6 : 0.1972"
"6,55 : 0.9996"
"55,6 : 0.9996"
"6,56 : 0.5962"
"56,6 : 0.5962"
"6,57 : 0.2263"
"57,6 : 0.2263"
"6,58 : 0.4662"
"58,6 : 0.4662"
"6,59 : 0.7306"
"59,6 : 0.7306"
"6,60 : 0.5049"
"60,6 : 0.5049"
"6,61 : 0.3625"
"61,6 : 0.3625"
"6,62 : 0.5714"
"62,6 : 0.5714"
"6,63 : 0.1237"
"63,6 : 0.1237"
"6,64 : 0.3041"
"64,6 : 0.3041"
"6,65 : 0.656"
"65,6 : 0.656"
"6,66 : 0.9291"
"66,6 : 0.9291"
"6,67 : 0.6014"
"67,6 : 0.6014"
"6,68 : 0.4357"
"68,6 : 0.4357"
"6,69 : 0.3607"
"69,6 : 0.3607"
"6,70 : 0.1844"
"70,6 : 0.1844"
"6,71 : 0.4934"
"71,6 : 0.4934"
"6,72 : 0.1921"
"72,6 : 0.1921"
"6,73 : 0.2417"
"73,6 : 0.2417"
"6,74 : 0.6647"
"74,6 : 0.6647"
"6,75 : 0.5824"
"75,6 : 0.5824"
"6,76 : 0.7889"
"76,6 : 0.7889"
"6,77 : 0.2419"
"77,6 : 0.2419"
"6,78 : 0.5722"
"78,6 : 0.5722"
"6,79 : 0.6264"
"79,6 : 0.6264"
"6,80 : 0.6229"
"80,6 : 0.6229"
"6,81 : 0.2138"
"81,6 : 0.2138"
"6,82 : 0.5261"
"82,6 : 0.5261"
"6,83 : 0.1273"
"83,6 : 0.1273"
"6,84 : 0.7102"
"84,6 : 0.7102"
"6,85 : 0.405"
"85,6 : 0.405"
"6,86 : 0.8627"
"86,6 : 0.8627"
"6,87 : 0.2236"
"87,6 : 0.2236"
"6,88 : 0.2354"
"88,6 : 0.2354"
"6,89 : 0.7669"
"89,6 : 0.7669"
"6,90 : 0.8543"
"90,6 : 0.8543"
"6,91 : 0.1628"
"91,6 : 0.1628"
"6,92 : 0.3089"
"92,6 : 0.3089"
"6,93 : 0.0985"
"93,6 : 0.0985"
"6,94 : 0.2786"
"94,6 : 0.2786"
"6,95 : 0.3711"
"95,6 : 0.3711"
"6,96 : 0.6172"
"96,6 : 0.6172"
"6,97 : 0.5936"
"97,6 : 0.5936"
"6,98 : 0.6896"
"98,6 : 0.6896"
"6,99 : 0.6107"
"99,6 : 0.6107"
"7,8 : 0.15"
"8,7 : 0.15"
"7,9 : 0.5825"
"9,7 : 0.5825"
"7,10 : 0.1118"
"10,7 : 0.1118"
"7,11 : 0.1432"
"11,7 : 0.1432"
"7,12 : 0.441"
"12,7 : 0.441"
"7,13 : 0.5686"
"13,7 : 0.5686"
"7,14 : 0.5408"
"14,7 : 0.5408"
"7,15 : 0.4104"
"15,7 : 0.4104"
"7,16 : 0.461"
"16,7 : 0.461"
"7,17 : 0.7603"
"17,7 : 0.7603"
"7,18 : 0.4604"
"18,7 : 0.4604"
"7,19 : 0.7049"
"19,7 : 0.7049"
"7,20 : 0.6325"
"20,7 : 0.6325"
"7,21 : 0.9047"
"21,7 : 0.9047"
"7,22 : 0.72"
"22,7 : 0.72"
"7,23 : 0.6064"
"23,7 : 0.6064"
"7,24 : 0.01"
"24,7 : 0.01"
"7,25 : 0.811"
"25,7 : 0.811"
"7,26 : 0.5235"
"26,7 : 0.5235"
"7,27 : 0.2773"
"27,7 : 0.2773"
"7,28 : 0.7723"
"28,7 : 0.7723"
"7,29 : 0.1005"
"29,7 : 0.1005"
"7,30 : 0.3162"
"30,7 : 0.3162"
"7,31 : 0.2508"
"31,7 : 0.2508"
"7,32 : 0.4469"
"32,7 : 0.4469"
"7,33 : 0.2693"
"33,7 : 0.2693"
"7,34 : 0.9632"
"34,7 : 0.9632"
"7,35 : 0.7823"
"35,7 : 0.7823"
"7,36 : 1.0183"
"36,7 : 1.0183"
"7,37 : 0.3534"
"37,7 : 0.3534"
"7,38 : 0.6607"
"38,7 : 0.6607"
"7,39 : 0.461"
"39,7 : 0.461"
"7,40 : 0.7411"
"40,7 : 0.7411"
"7,41 : 0.8"
"41,7 : 0.8"
"7,42 : 0.6306"
"42,7 : 0.6306"
"7,43 : 0.6801"
"43,7 : 0.6801"
"7,44 : 0.186"
"44,7 : 0.186"
"7,45 : 0.4455"
"45,7 : 0.4455"
"7,46 : 0.3812"
"46,7 : 0.3812"
"7,47 : 0.2642"
"47,7 : 0.2642"
"7,48 : 0.8355"
"48,7 : 0.8355"
"7,49 : 0.9048"
"49,7 : 0.9048"
"7,50 : 0.0566"
"50,7 : 0.0566"
"7,51 : 0.3863"
"51,7 : 0.3863"
"7,52 : 0.7716"
"52,7 : 0.7716"
"7,53 : 0.722"
"53,7 : 0.722"
"7,54 : 0.2915"
"54,7 : 0.2915"
"7,55 : 0.9798"
"55,7 : 0.9798"
"7,56 : 0.65"
"56,7 : 0.65"
"7,57 : 0.3106"
"57,7 : 0.3106"
"7,58 : 0.3808"
"58,7 : 0.3808"
"7,59 : 0.6946"
"59,7 : 0.6946"
"7,60 : 0.5109"
"60,7 : 0.5109"
"7,61 : 0.2802"
"61,7 : 0.2802"
"7,62 : 0.4727"
"62,7 : 0.4727"
"7,63 : 0.0447"
"63,7 : 0.0447"
"7,64 : 0.2267"
"64,7 : 0.2267"
"7,65 : 0.609"
"65,7 : 0.609"
"7,66 : 0.9305"
"66,7 : 0.9305"
"7,67 : 0.5404"
"67,7 : 0.5404"
"7,68 : 0.3396"
"68,7 : 0.3396"
"7,69 : 0.3053"
"69,7 : 0.3053"
"7,70 : 0.1513"
"70,7 : 0.1513"
"7,71 : 0.4826"
"71,7 : 0.4826"
"7,72 : 0.2818"
"72,7 : 0.2818"
"7,73 : 0.23"
"73,7 : 0.23"
"7,74 : 0.6061"
"74,7 : 0.6061"
"7,75 : 0.6265"
"75,7 : 0.6265"
"7,76 : 0.7103"
"76,7 : 0.7103"
"7,77 : 0.3423"
"77,7 : 0.3423"
"7,78 : 0.4738"
"78,7 : 0.4738"
"7,79 : 0.6152"
"79,7 : 0.6152"
"7,80 : 0.65"
"80,7 : 0.65"
"7,81 : 0.1208"
"81,7 : 0.1208"
"7,82 : 0.5597"
"82,7 : 0.5597"
"7,83 : 0.2147"
"83,7 : 0.2147"
"7,84 : 0.7433"
"84,7 : 0.7433"
"7,85 : 0.4579"
"85,7 : 0.4579"
"7,86 : 0.8028"
"86,7 : 0.8028"
"7,87 : 0.1237"
"87,7 : 0.1237"
"7,88 : 0.136"
"88,7 : 0.136"
"7,89 : 0.7156"
"89,7 : 0.7156"
"7,90 : 0.8254"
"90,7 : 0.8254"
"7,91 : 0.214"
"91,7 : 0.214"
"7,92 : 0.2844"
"92,7 : 0.2844"
"7,93 : 0.1166"
"93,7 : 0.1166"
"7,94 : 0.336"
"94,7 : 0.336"
"7,95 : 0.2786"
"95,7 : 0.2786"
"7,96 : 0.5882"
"96,7 : 0.5882"
"7,97 : 0.5186"
"97,7 : 0.5186"
"7,98 : 0.6774"
"98,7 : 0.6774"
"7,99 : 0.5116"
"99,7 : 0.5116"
"8,9 : 0.48"
"9,8 : 0.48"
"8,10 : 0.0447"
"10,8 : 0.0447"
"8,11 : 0.0632"
"11,8 : 0.0632"
"8,12 : 0.3046"
"12,8 : 0.3046"
"8,13 : 0.4238"
"13,8 : 0.4238"
"8,14 : 0.4368"
"14,8 : 0.4368"
"8,15 : 0.264"
"15,8 : 0.264"
"8,16 : 0.4104"
"16,8 : 0.4104"
"8,17 : 0.706"
"17,8 : 0.706"
"8,18 : 0.3574"
"18,8 : 0.3574"
"8,19 : 0.568"
"19,8 : 0.568"
"8,20 : 0.4924"
"20,8 : 0.4924"
"8,21 : 0.7694"
"21,8 : 0.7694"
"8,22 : 0.6067"
"22,8 : 0.6067"
"8,23 : 0.5233"
"23,8 : 0.5233"
"8,24 : 0.1581"
"24,8 : 0.1581"
"8,25 : 0.6918"
"25,8 : 0.6918"
"8,26 : 0.3764"
"26,8 : 0.3764"
"8,27 : 0.247"
"27,8 : 0.247"
"8,28 : 0.6507"
"28,8 : 0.6507"
"8,29 : 0.0825"
"29,8 : 0.0825"
"8,30 : 0.211"
"30,8 : 0.211"
"8,31 : 0.3544"
"31,8 : 0.3544"
"8,32 : 0.4624"
"32,8 : 0.4624"
"8,33 : 0.1414"
"33,8 : 0.1414"
"8,34 : 0.8287"
"34,8 : 0.8287"
"8,35 : 0.6768"
"35,8 : 0.6768"
"8,36 : 0.8684"
"36,8 : 0.8684"
"8,37 : 0.3124"
"37,8 : 0.3124"
"8,38 : 0.5433"
"38,8 : 0.5433"
"8,39 : 0.3302"
"39,8 : 0.3302"
"8,40 : 0.6335"
"40,8 : 0.6335"
"8,41 : 0.6859"
"41,8 : 0.6859"
"8,42 : 0.495"
"42,8 : 0.495"
"8,43 : 0.5413"
"43,8 : 0.5413"
"8,44 : 0.0361"
"44,8 : 0.0361"
"8,45 : 0.3536"
"45,8 : 0.3536"
"8,46 : 0.3036"
"46,8 : 0.3036"
"8,47 : 0.246"
"47,8 : 0.246"
"8,48 : 0.6888"
"48,8 : 0.6888"
"8,49 : 0.7624"
"49,8 : 0.7624"
"8,50 : 0.1676"
"50,8 : 0.1676"
"8,51 : 0.3324"
"51,8 : 0.3324"
"8,52 : 0.6984"
"52,8 : 0.6984"
"8,53 : 0.5731"
"53,8 : 0.5731"
"8,54 : 0.3601"
"54,8 : 0.3601"
"8,55 : 0.8434"
"55,8 : 0.8434"
"8,56 : 0.6083"
"56,8 : 0.6083"
"8,57 : 0.3536"
"57,8 : 0.3536"
"8,58 : 0.25"
"58,8 : 0.25"
"8,59 : 0.5503"
"59,8 : 0.5503"
"8,60 : 0.408"
"60,8 : 0.408"
"8,61 : 0.1456"
"61,8 : 0.1456"
"8,62 : 0.3864"
"62,8 : 0.3864"
"8,63 : 0.1063"
"63,8 : 0.1063"
"8,64 : 0.0854"
"64,8 : 0.0854"
"8,65 : 0.4607"
"65,8 : 0.4607"
"8,66 : 0.8122"
"66,8 : 0.8122"
"8,67 : 0.3905"
"67,8 : 0.3905"
"8,68 : 0.2433"
"68,8 : 0.2433"
"8,69 : 0.1565"
"69,8 : 0.1565"
"8,70 : 0.0762"
"70,8 : 0.0762"
"8,71 : 0.3622"
"71,8 : 0.3622"
"8,72 : 0.3401"
"72,8 : 0.3401"
"8,73 : 0.1421"
"73,8 : 0.1421"
"8,74 : 0.4561"
"74,8 : 0.4561"
"8,75 : 0.5701"
"75,8 : 0.5701"
"8,76 : 0.5694"
"76,8 : 0.5694"
"8,77 : 0.4374"
"77,8 : 0.4374"
"8,78 : 0.3847"
"78,8 : 0.3847"
"8,79 : 0.4901"
"79,8 : 0.4901"
"8,80 : 0.568"
"80,8 : 0.568"
"8,81 : 0.0728"
"81,8 : 0.0728"
"8,82 : 0.4909"
"82,8 : 0.4909"
"8,83 : 0.2807"
"83,8 : 0.2807"
"8,84 : 0.6665"
"84,8 : 0.6665"
"8,85 : 0.4264"
"85,8 : 0.4264"
"8,86 : 0.653"
"86,8 : 0.653"
"8,87 : 0.153"
"87,8 : 0.153"
"8,88 : 0.1649"
"88,8 : 0.1649"
"8,89 : 0.566"
"89,8 : 0.566"
"8,90 : 0.6841"
"90,8 : 0.6841"
"8,91 : 0.2256"
"91,8 : 0.2256"
"8,92 : 0.1649"
"92,8 : 0.1649"
"8,93 : 0.1513"
"93,8 : 0.1513"
"8,94 : 0.3265"
"94,8 : 0.3265"
"8,95 : 0.1712"
"95,8 : 0.1712"
"8,96 : 0.4491"
"96,8 : 0.4491"
"8,97 : 0.3744"
"97,8 : 0.3744"
"8,98 : 0.5501"
"98,8 : 0.5501"
"8,99 : 0.4276"
"99,8 : 0.4276"
"9,10 : 0.5204"
"10,9 : 0.5204"
"9,11 : 0.5404"
"11,9 : 0.5404"
"9,12 : 0.2332"
"12,9 : 0.2332"
"9,13 : 0.525"
"13,9 : 0.525"
"9,14 : 0.7324"
"14,9 : 0.7324"
"9,15 : 0.3138"
"15,9 : 0.3138"
"9,16 : 0.8171"
"16,9 : 0.8171"
"9,17 : 1.0685"
"17,9 : 1.0685"
"9,18 : 0.681"
"18,9 : 0.681"
"9,19 : 0.2518"
"19,9 : 0.2518"
"9,20 : 0.2452"
"20,9 : 0.2452"
"9,21 : 0.841"
"21,9 : 0.841"
"9,22 : 0.8276"
"22,9 : 0.8276"
"9,23 : 0.8515"
"23,9 : 0.8515"
"9,24 : 0.5846"
"24,9 : 0.5846"
"9,25 : 0.8701"
"25,9 : 0.8701"
"9,26 : 0.3061"
"26,9 : 0.3061"
"9,27 : 0.7021"
"27,9 : 0.7021"
"9,28 : 0.8262"
"28,9 : 0.8262"
"9,29 : 0.5604"
"29,9 : 0.5604"
"9,30 : 0.2707"
"30,9 : 0.2707"
"9,31 : 0.8261"
"31,9 : 0.8261"
"9,32 : 0.9257"
"32,9 : 0.9257"
"9,33 : 0.3406"
"33,9 : 0.3406"
"9,34 : 0.8955"
"34,9 : 0.8955"
"9,35 : 0.9124"
"35,9 : 0.9124"
"9,36 : 0.7103"
"36,9 : 0.7103"
"9,37 : 0.7473"
"37,9 : 0.7473"
"9,38 : 0.7637"
"38,9 : 0.7637"
"9,39 : 0.5743"
"39,9 : 0.5743"
"9,40 : 0.8698"
"40,9 : 0.8698"
"9,41 : 0.8873"
"41,9 : 0.8873"
"9,42 : 0.6389"
"42,9 : 0.6389"
"9,43 : 0.6464"
"43,9 : 0.6464"
"9,44 : 0.461"
"44,9 : 0.461"
"9,45 : 0.1393"
"45,9 : 0.1393"
"9,46 : 0.2102"
"46,9 : 0.2102"
"9,47 : 0.7086"
"47,9 : 0.7086"
"9,48 : 0.4428"
"48,9 : 0.4428"
"9,49 : 0.7749"
"49,9 : 0.7749"
"9,50 : 0.5536"
"50,9 : 0.5536"
"9,51 : 0.7495"
"51,9 : 0.7495"
"9,52 : 1.022"
"52,9 : 1.022"
"9,53 : 0.5385"
"53,9 : 0.5385"
"9,54 : 0.8401"
"54,9 : 0.8401"
"9,55 : 0.8932"
"55,9 : 0.8932"
"9,56 : 1.0018"
"56,9 : 1.0018"
"9,57 : 0.8315"
"57,9 : 0.8315"
"9,58 : 0.25"
"58,9 : 0.25"
"9,59 : 0.6003"
"59,9 : 0.6003"
"9,60 : 0.7156"
"60,9 : 0.7156"
"9,61 : 0.3423"
"61,9 : 0.3423"
"9,62 : 0.1221"
"62,9 : 0.1221"
"9,63 : 0.5558"
"63,9 : 0.5558"
"9,64 : 0.4011"
"64,9 : 0.4011"
"9,65 : 0.4909"
"65,9 : 0.4909"
"9,66 : 0.9735"
"66,9 : 0.9735"
"9,67 : 0.378"
"67,9 : 0.378"
"9,68 : 0.2433"
"68,9 : 0.2433"
"9,69 : 0.4332"
"69,9 : 0.4332"
"9,70 : 0.5508"
"70,9 : 0.5508"
"9,71 : 0.6325"
"71,9 : 0.6325"
"9,72 : 0.8201"
"72,9 : 0.8201"
"9,73 : 0.5805"
"73,9 : 0.5805"
"9,74 : 0.4118"
"74,9 : 0.4118"
"9,75 : 0.9441"
"75,9 : 0.9441"
"9,76 : 0.2902"
"76,9 : 0.2902"
"9,77 : 0.9135"
"77,9 : 0.9135"
"9,78 : 0.1166"
"78,9 : 0.1166"
"9,79 : 0.693"
"79,9 : 0.693"
"9,80 : 0.8905"
"80,9 : 0.8905"
"9,81 : 0.4653"
"81,9 : 0.4653"
"9,82 : 0.8548"
"82,9 : 0.8548"
"9,83 : 0.7603"
"83,9 : 0.7603"
"9,84 : 0.986"
"84,9 : 0.986"
"9,85 : 0.8538"
"85,9 : 0.8538"
"9,86 : 0.5036"
"86,9 : 0.5036"
"9,87 : 0.4743"
"87,9 : 0.4743"
"9,88 : 0.4682"
"88,9 : 0.4682"
"9,89 : 0.5126"
"89,9 : 0.5126"
"9,90 : 0.725"
"90,9 : 0.725"
"9,91 : 0.7018"
"91,9 : 0.7018"
"9,92 : 0.5441"
"92,9 : 0.5441"
"9,93 : 0.6303"
"93,9 : 0.6303"
"9,94 : 0.7845"
"94,9 : 0.7845"
"9,95 : 0.3106"
"95,9 : 0.3106"
"9,96 : 0.588"
"96,9 : 0.588"
"9,97 : 0.2702"
"97,9 : 0.2702"
"9,98 : 0.7235"
"98,9 : 0.7235"
"9,99 : 0.1"
"99,9 : 0.1"
"10,11 : 0.0447"
"11,10 : 0.0447"
"10,12 : 0.3493"
"12,10 : 0.3493"
"10,13 : 0.4569"
"13,10 : 0.4569"
"10,14 : 0.4472"
"14,10 : 0.4472"
"10,15 : 0.3081"
"15,10 : 0.3081"
"10,16 : 0.4"
"16,10 : 0.4"
"10,17 : 0.6989"
"17,10 : 0.6989"
"10,18 : 0.3667"
"18,10 : 0.3667"
"10,19 : 0.6127"
"19,10 : 0.6127"
"10,20 : 0.5371"
"20,10 : 0.5371"
"10,21 : 0.7962"
"21,10 : 0.7962"
"10,22 : 0.622"
"22,10 : 0.622"
"10,23 : 0.5255"
"23,10 : 0.5255"
"10,24 : 0.1208"
"24,10 : 0.1208"
"10,25 : 0.7101"
"25,10 : 0.7101"
"10,26 : 0.4201"
"26,10 : 0.4201"
"10,27 : 0.2267"
"27,10 : 0.2267"
"10,28 : 0.6701"
"28,10 : 0.6701"
"10,29 : 0.04"
"29,10 : 0.04"
"10,30 : 0.25"
"30,10 : 0.25"
"10,31 : 0.3105"
"31,10 : 0.3105"
"10,32 : 0.4338"
"32,10 : 0.4338"
"10,33 : 0.1844"
"33,10 : 0.1844"
"10,34 : 0.8551"
"34,10 : 0.8551"
"10,35 : 0.6888"
"35,10 : 0.6888"
"10,36 : 0.908"
"36,10 : 0.908"
"10,37 : 0.2973"
"37,10 : 0.2973"
"10,38 : 0.5604"
"38,10 : 0.5604"
"10,39 : 0.3536"
"39,10 : 0.3536"
"10,40 : 0.6463"
"40,10 : 0.6463"
"10,41 : 0.7018"
"41,10 : 0.7018"
"10,42 : 0.5217"
"42,10 : 0.5217"
"10,43 : 0.5701"
"43,10 : 0.5701"
"10,44 : 0.0781"
"44,10 : 0.0781"
"10,45 : 0.3912"
"45,10 : 0.3912"
"10,46 : 0.3373"
"46,10 : 0.3373"
"10,47 : 0.222"
"47,10 : 0.222"
"10,48 : 0.7325"
"48,10 : 0.7325"
"10,49 : 0.7938"
"49,10 : 0.7938"
"10,50 : 0.1404"
"50,10 : 0.1404"
"10,51 : 0.322"
"51,10 : 0.322"
"10,52 : 0.6978"
"52,10 : 0.6978"
"10,53 : 0.6106"
"53,10 : 0.6106"
"10,54 : 0.3202"
"54,10 : 0.3202"
"10,55 : 0.871"
"55,10 : 0.871"
"10,56 : 0.5967"
"56,10 : 0.5967"
"10,57 : 0.3178"
"57,10 : 0.3178"
"10,58 : 0.2941"
"58,10 : 0.2941"
"10,59 : 0.5831"
"59,10 : 0.5831"
"10,60 : 0.4177"
"60,10 : 0.4177"
"10,61 : 0.1897"
"61,10 : 0.1897"
"10,62 : 0.423"
"62,10 : 0.423"
"10,63 : 0.0671"
"63,10 : 0.0671"
"10,64 : 0.13"
"64,10 : 0.13"
"10,65 : 0.4974"
"65,10 : 0.4974"
"10,66 : 0.8302"
"66,10 : 0.8302"
"10,67 : 0.4319"
"67,10 : 0.4319"
"10,68 : 0.2807"
"68,10 : 0.2807"
"10,69 : 0.1942"
"69,10 : 0.1942"
"10,70 : 0.0583"
"70,10 : 0.0583"
"10,71 : 0.38"
"71,10 : 0.38"
"10,72 : 0.3015"
"72,10 : 0.3015"
"10,73 : 0.1393"
"73,10 : 0.1393"
"10,74 : 0.4968"
"74,10 : 0.4968"
"10,75 : 0.563"
"75,10 : 0.563"
"10,76 : 0.614"
"76,10 : 0.614"
"10,77 : 0.3946"
"77,10 : 0.3946"
"10,78 : 0.4219"
"78,10 : 0.4219"
"10,79 : 0.5109"
"79,10 : 0.5109"
"10,80 : 0.5701"
"80,10 : 0.5701"
"10,81 : 0.0781"
"81,10 : 0.0781"
"10,82 : 0.4876"
"82,10 : 0.4876"
"10,83 : 0.24"
"83,10 : 0.24"
"10,84 : 0.6671"
"84,10 : 0.6671"
"10,85 : 0.4101"
"85,10 : 0.4101"
"10,86 : 0.6943"
"86,10 : 0.6943"
"10,87 : 0.1476"
"87,10 : 0.1476"
"10,88 : 0.1612"
"88,10 : 0.1612"
"10,89 : 0.6046"
"89,10 : 0.6046"
"10,90 : 0.7147"
"90,10 : 0.7147"
"10,91 : 0.1931"
"91,10 : 0.1931"
"10,92 : 0.18"
"92,10 : 0.18"
"10,93 : 0.11"
"93,10 : 0.11"
"10,94 : 0.3023"
"94,10 : 0.3023"
"10,95 : 0.21"
"95,10 : 0.21"
"10,96 : 0.478"
"96,10 : 0.478"
"10,97 : 0.4188"
"97,10 : 0.4188"
"10,98 : 0.5722"
"98,10 : 0.5722"
"10,99 : 0.4639"
"99,10 : 0.4639"
"11,12 : 0.3544"
"12,11 : 0.3544"
"11,13 : 0.4294"
"13,11 : 0.4294"
"11,14 : 0.4045"
"14,11 : 0.4045"
"11,15 : 0.3041"
"15,11 : 0.3041"
"11,16 : 0.3561"
"16,11 : 0.3561"
"11,17 : 0.6546"
"17,11 : 0.6546"
"11,18 : 0.3239"
"18,11 : 0.3239"
"11,19 : 0.6147"
"19,11 : 0.6147"
"11,20 : 0.5371"
"20,11 : 0.5371"
"11,21 : 0.7616"
"21,11 : 0.7616"
"11,22 : 0.5808"
"22,11 : 0.5808"
"11,23 : 0.481"
"23,11 : 0.481"
"11,24 : 0.153"
"24,11 : 0.153"
"11,25 : 0.6701"
"25,11 : 0.6701"
"11,26 : 0.4134"
"26,11 : 0.4134"
"11,27 : 0.186"
"27,11 : 0.186"
"11,28 : 0.6307"
"28,11 : 0.6307"
"11,29 : 0.0447"
"29,11 : 0.0447"
"11,30 : 0.2729"
"30,11 : 0.2729"
"11,31 : 0.3046"
"31,11 : 0.3046"
"11,32 : 0.3992"
"32,11 : 0.3992"
"11,33 : 0.2"
"33,11 : 0.2"
"11,34 : 0.82"
"34,11 : 0.82"
"11,35 : 0.6463"
"35,11 : 0.6463"
"11,36 : 0.8887"
"36,11 : 0.8887"
"11,37 : 0.2546"
"37,11 : 0.2546"
"11,38 : 0.52"
"38,11 : 0.52"
"11,39 : 0.3178"
"39,11 : 0.3178"
"11,40 : 0.6041"
"40,11 : 0.6041"
"11,41 : 0.6607"
"41,11 : 0.6607"
"11,42 : 0.4876"
"42,11 : 0.4876"
"11,43 : 0.5376"
"43,11 : 0.5376"
"11,44 : 0.0806"
"44,11 : 0.0806"
"11,45 : 0.4159"
"45,11 : 0.4159"
"11,46 : 0.3669"
"46,11 : 0.3669"
"11,47 : 0.1836"
"47,11 : 0.1836"
"11,48 : 0.7242"
"48,11 : 0.7242"
"11,49 : 0.7632"
"49,11 : 0.7632"
"11,50 : 0.1803"
"50,11 : 0.1803"
"11,51 : 0.278"
"51,11 : 0.278"
"11,52 : 0.6531"
"52,11 : 0.6531"
"11,53 : 0.5882"
"53,11 : 0.5882"
"11,54 : 0.3015"
"54,11 : 0.3015"
"11,55 : 0.8368"
"55,11 : 0.8368"
"11,56 : 0.5532"
"56,11 : 0.5532"
"11,57 : 0.2915"
"57,11 : 0.2915"
"11,58 : 0.3041"
"58,11 : 0.3041"
"11,59 : 0.5546"
"59,11 : 0.5546"
"11,60 : 0.3748"
"60,11 : 0.3748"
"11,61 : 0.201"
"61,11 : 0.201"
"11,62 : 0.4491"
"62,11 : 0.4491"
"11,63 : 0.1005"
"63,11 : 0.1005"
"11,64 : 0.1404"
"64,11 : 0.1404"
"11,65 : 0.4743"
"65,11 : 0.4743"
"11,66 : 0.79"
"66,11 : 0.79"
"11,67 : 0.4177"
"67,11 : 0.4177"
"11,68 : 0.3059"
"68,11 : 0.3059"
"11,69 : 0.1769"
"69,11 : 0.1769"
"11,70 : 0.0141"
"70,11 : 0.0141"
"11,71 : 0.3406"
"71,11 : 0.3406"
"11,72 : 0.2802"
"72,11 : 0.2802"
"11,73 : 0.0949"
"73,11 : 0.0949"
"11,74 : 0.4808"
"74,11 : 0.4808"
"11,75 : 0.5187"
"75,11 : 0.5187"
"11,76 : 0.6127"
"76,11 : 0.6127"
"11,77 : 0.3833"
"77,11 : 0.3833"
"11,78 : 0.4472"
"78,11 : 0.4472"
"11,79 : 0.4727"
"79,11 : 0.4727"
"11,80 : 0.5255"
"80,11 : 0.5255"
"11,81 : 0.1204"
"81,11 : 0.1204"
"11,82 : 0.4429"
"82,11 : 0.4429"
"11,83 : 0.2236"
"83,11 : 0.2236"
"11,84 : 0.6224"
"84,11 : 0.6224"
"11,85 : 0.368"
"85,11 : 0.368"
"11,86 : 0.6788"
"86,11 : 0.6788"
"11,87 : 0.1924"
"87,11 : 0.1924"
"11,88 : 0.2059"
"88,11 : 0.2059"
"11,89 : 0.5841"
"89,11 : 0.5841"
"11,90 : 0.6835"
"90,11 : 0.6835"
"11,91 : 0.1628"
"91,11 : 0.1628"
"11,92 : 0.1414"
"92,11 : 0.1414"
"11,93 : 0.0985"
"93,11 : 0.0985"
"11,94 : 0.2642"
"94,11 : 0.2642"
"11,95 : 0.2335"
"95,11 : 0.2335"
"11,96 : 0.446"
"96,11 : 0.446"
"11,97 : 0.4159"
"97,11 : 0.4159"
"11,98 : 0.5346"
"98,11 : 0.5346"
"11,99 : 0.4903"
"99,11 : 0.4903"
"12,13 : 0.313"
"13,12 : 0.313"
"12,14 : 0.5"
"14,12 : 0.5"
"12,15 : 0.0806"
"15,12 : 0.0806"
"12,16 : 0.5882"
"16,12 : 0.5882"
"12,17 : 0.8353"
"17,12 : 0.8353"
"12,18 : 0.4478"
"18,12 : 0.4478"
"12,19 : 0.2642"
"19,12 : 0.2642"
"12,20 : 0.1921"
"20,12 : 0.1921"
"12,21 : 0.6597"
"21,12 : 0.6597"
"12,22 : 0.6061"
"22,12 : 0.6061"
"12,23 : 0.6185"
"23,12 : 0.6185"
"12,24 : 0.4465"
"24,12 : 0.4465"
"12,25 : 0.6586"
"25,12 : 0.6586"
"12,26 : 0.1204"
"26,12 : 0.1204"
"12,27 : 0.4901"
"27,12 : 0.4901"
"12,28 : 0.614"
"28,12 : 0.614"
"12,29 : 0.3863"
"29,12 : 0.3863"
"12,30 : 0.1565"
"30,12 : 0.1565"
"12,31 : 0.6579"
"31,12 : 0.6579"
"12,32 : 0.7118"
"32,12 : 0.7118"
"12,33 : 0.172"
"33,12 : 0.172"
"12,34 : 0.7181"
"34,12 : 0.7181"
"12,35 : 0.6903"
"35,12 : 0.6903"
"12,36 : 0.6297"
"36,12 : 0.6297"
"12,37 : 0.5261"
"37,12 : 0.5261"
"12,38 : 0.5404"
"38,12 : 0.5404"
"12,39 : 0.3421"
"39,12 : 0.3421"
"12,40 : 0.6466"
"40,12 : 0.6466"
"12,41 : 0.6712"
"41,12 : 0.6712"
"12,42 : 0.4254"
"42,12 : 0.4254"
"12,43 : 0.4438"
"43,12 : 0.4438"
"12,44 : 0.2751"
"44,12 : 0.2751"
"12,45 : 0.1838"
"45,12 : 0.1838"
"12,46 : 0.2102"
"46,12 : 0.2102"
"12,47 : 0.5001"
"47,12 : 0.5001"
"12,48 : 0.4061"
"48,12 : 0.4061"
"12,49 : 0.6129"
"49,12 : 0.6129"
"12,50 : 0.4328"
"50,12 : 0.4328"
"12,51 : 0.5239"
"51,12 : 0.5239"
"12,52 : 0.7903"
"52,12 : 0.7903"
"12,53 : 0.38"
"53,12 : 0.38"
"12,54 : 0.6531"
"54,12 : 0.6531"
"12,55 : 0.7218"
"55,12 : 0.7218"
"12,56 : 0.7697"
"56,12 : 0.7697"
"12,57 : 0.6339"
"57,12 : 0.6339"
"12,58 : 0.064"
"58,12 : 0.064"
"12,59 : 0.4123"
"59,12 : 0.4123"
"12,60 : 0.4826"
"60,12 : 0.4826"
"12,61 : 0.1612"
"61,12 : 0.1612"
"12,62 : 0.2147"
"62,12 : 0.2147"
"12,63 : 0.4031"
"63,12 : 0.4031"
"12,64 : 0.2193"
"64,12 : 0.2193"
"12,65 : 0.2983"
"65,12 : 0.2983"
"12,66 : 0.7692"
"66,12 : 0.7692"
"12,67 : 0.1825"
"67,12 : 0.1825"
"12,68 : 0.1649"
"68,12 : 0.1649"
"12,69 : 0.211"
"69,12 : 0.211"
"12,70 : 0.3614"
"70,12 : 0.3614"
"12,71 : 0.4"
"71,12 : 0.4"
"12,72 : 0.6297"
"72,12 : 0.6297"
"12,73 : 0.3701"
"73,12 : 0.3701"
"12,74 : 0.24"
"74,12 : 0.24"
"12,75 : 0.7112"
"75,12 : 0.7112"
"12,76 : 0.2702"
"76,12 : 0.2702"
"12,77 : 0.7376"
"77,12 : 0.7376"
"12,78 : 0.2059"
"78,12 : 0.2059"
"12,79 : 0.4701"
"79,12 : 0.4701"
"12,80 : 0.658"
"80,12 : 0.658"
"12,81 : 0.322"
"81,12 : 0.322"
"12,82 : 0.6218"
"82,12 : 0.6218"
"12,83 : 0.5772"
"83,12 : 0.5772"
"12,84 : 0.7543"
"84,12 : 0.7543"
"12,85 : 0.6282"
"85,12 : 0.6282"
"12,86 : 0.405"
"86,12 : 0.405"
"12,87 : 0.368"
"87,12 : 0.368"
"12,88 : 0.3688"
"88,12 : 0.3688"
"12,89 : 0.3606"
"89,12 : 0.3606"
"12,90 : 0.5492"
"90,12 : 0.5492"
"12,91 : 0.5049"
"91,12 : 0.5049"
"12,92 : 0.3225"
"92,12 : 0.3225"
"12,93 : 0.4522"
"93,12 : 0.4522"
"12,94 : 0.5708"
"94,12 : 0.5708"
"12,95 : 0.178"
"95,12 : 0.178"
"12,96 : 0.3722"
"96,12 : 0.3722"
"12,97 : 0.0949"
"97,12 : 0.0949"
"12,98 : 0.5077"
"98,12 : 0.5077"
"12,99 : 0.2441"
"99,12 : 0.2441"
"13,14 : 0.2608"
"14,13 : 0.2608"
"13,15 : 0.25"
"15,13 : 0.25"
"13,16 : 0.4317"
"16,13 : 0.4317"
"13,17 : 0.592"
"17,13 : 0.592"
"13,18 : 0.2571"
"18,13 : 0.2571"
"13,19 : 0.3992"
"19,13 : 0.3992"
"13,20 : 0.3312"
"20,13 : 0.3312"
"13,21 : 0.3606"
"21,13 : 0.3606"
"13,22 : 0.3048"
"22,13 : 0.3048"
"13,23 : 0.3766"
"23,13 : 0.3766"
"13,24 : 0.5778"
"24,13 : 0.5778"
