x,y
0.9,0.51
0.12,0.89
0.0,0.24
0.31,0.21
0.64,0.49
0.63,0.96
0.07,0.39
0.05,0.29
0.23,0.92
0.03,0.16
0.65,0.72
0.19,0.46
0.47,0.34
0.24,0.94
0.99,0.27
0.88,0.06
0.99,0.27
0.92,0.29
0.5,0.67
0.79,0.3
0.63,0.1
0.35,0.48
0.23,0.82
0.06,0.21
0.05,0.62
0.13,0.26
0.06,0.41
0.1,0.6
0.75,0.65
0.43,0.71
0.17,0.79
0.87,0.76
0.32,0.07
0.86,0.7
0.82,0.37
0.67,0.37
0.64,0.48
0.02,0.73
0.41,0.41
0.91,0.91
0.84,0.88
0.74,0.51
0.03,0.44
1.0,0.87
0.96,0.86
0.78,0.87
0.99,0.11
0.9,0.78
0.06,0.98
0.59,0.29
0.44,0.32
0.39,0.16
0.8,0.4
0.99,0.05
0.39,0.31
0.28,0.45
0.63,0.95
0.37,0.46
0.61,0.33
0.1,0.35
0.89,0.36
0.99,0.86
0.28,0.95
0.39,0.67
0.87,0.63
0.73,0.61
0.2,0.01
0.28,0.42
0.53,0.59
0.23,0.84
0.44,0.56
0.8,0.75
0.42,0.39
0.53,0.02
0.19,0.3
0.26,0.47
0.19,0.24
0.31,0.29
0.68,0.69
0.04,0.77
0.04,0.08
0.64,0.03
0.8,0.56
0.66,0.72
0.94,0.16
0.25,0.67
0.88,0.33
0.8,0.99
0.78,0.16
0.6,0.75
0.05,0.63
0.0,0.95
0.27,0.17
0.33,0.26
0.89,0.55
0.9,0.96
0.58,0.22
0.67,0.51
0.09,0.72
0.24,0.74

Distanze
"0,1 : 0.8676"
"1,0 : 0.8676"
"0,2 : 0.9396"
"2,0 : 0.9396"
"0,3 : 0.6619"
"3,0 : 0.6619"
"0,4 : 0.2608"
"4,0 : 0.2608"
"0,5 : 0.5248"
"5,0 : 0.5248"
"0,6 : 0.8386"
"6,0 : 0.8386"
"0,7 : 0.878"
"7,0 : 0.878"
"0,8 : 0.7855"
"8,0 : 0.7855"
"0,9 : 0.9378"
"9,0 : 0.9378"
"0,10 : 0.3265"
"10,0 : 0.3265"
"0,11 : 0.7118"
"11,0 : 0.7118"
"0,12 : 0.4624"
"12,0 : 0.4624"
"0,13 : 0.7877"
"13,0 : 0.7877"
"0,14 : 0.2563"
"14,0 : 0.2563"
"0,15 : 0.4504"
"15,0 : 0.4504"
"0,16 : 0.2563"
"16,0 : 0.2563"
"0,17 : 0.2209"
"17,0 : 0.2209"
"0,18 : 0.4308"
"18,0 : 0.4308"
"0,19 : 0.2371"
"19,0 : 0.2371"
"0,20 : 0.4909"
"20,0 : 0.4909"
"0,21 : 0.5508"
"21,0 : 0.5508"
"0,22 : 0.7382"
"22,0 : 0.7382"
"0,23 : 0.892"
"23,0 : 0.892"
"0,24 : 0.8571"
"24,0 : 0.8571"
"0,25 : 0.8096"
"25,0 : 0.8096"
"0,26 : 0.8459"
"26,0 : 0.8459"
"0,27 : 0.805"
"27,0 : 0.805"
"0,28 : 0.2052"
"28,0 : 0.2052"
"0,29 : 0.5108"
"29,0 : 0.5108"
"0,30 : 0.7819"
"30,0 : 0.7819"
"0,31 : 0.2518"
"31,0 : 0.2518"
"0,32 : 0.728"
"32,0 : 0.728"
"0,33 : 0.1942"
"33,0 : 0.1942"
"0,34 : 0.1612"
"34,0 : 0.1612"
"0,35 : 0.2693"
"35,0 : 0.2693"
"0,36 : 0.2617"
"36,0 : 0.2617"
"0,37 : 0.9071"
"37,0 : 0.9071"
"0,38 : 0.5001"
"38,0 : 0.5001"
"0,39 : 0.4001"
"39,0 : 0.4001"
"0,40 : 0.3748"
"40,0 : 0.3748"
"0,41 : 0.16"
"41,0 : 0.16"
"0,42 : 0.8728"
"42,0 : 0.8728"
"0,43 : 0.3736"
"43,0 : 0.3736"
"0,44 : 0.3551"
"44,0 : 0.3551"
"0,45 : 0.3795"
"45,0 : 0.3795"
"0,46 : 0.41"
"46,0 : 0.41"
"0,47 : 0.27"
"47,0 : 0.27"
"0,48 : 0.9625"
"48,0 : 0.9625"
"0,49 : 0.3801"
"49,0 : 0.3801"
"0,50 : 0.4977"
"50,0 : 0.4977"
"0,51 : 0.6185"
"51,0 : 0.6185"
"0,52 : 0.1487"
"52,0 : 0.1487"
"0,53 : 0.4687"
"53,0 : 0.4687"
"0,54 : 0.5478"
"54,0 : 0.5478"
"0,55 : 0.6229"
"55,0 : 0.6229"
"0,56 : 0.5162"
"56,0 : 0.5162"
"0,57 : 0.5324"
"57,0 : 0.5324"
"0,58 : 0.3413"
"58,0 : 0.3413"
"0,59 : 0.8158"
"59,0 : 0.8158"
"0,60 : 0.1503"
"60,0 : 0.1503"
"0,61 : 0.3614"
"61,0 : 0.3614"
"0,62 : 0.7603"
"62,0 : 0.7603"
"0,63 : 0.5345"
"63,0 : 0.5345"
"0,64 : 0.1237"
"64,0 : 0.1237"
"0,65 : 0.1972"
"65,0 : 0.1972"
"0,66 : 0.8602"
"66,0 : 0.8602"
"0,67 : 0.6265"
"67,0 : 0.6265"
"0,68 : 0.3785"
"68,0 : 0.3785"
"0,69 : 0.7469"
"69,0 : 0.7469"
"0,70 : 0.4627"
"70,0 : 0.4627"
"0,71 : 0.26"
"71,0 : 0.26"
"0,72 : 0.4948"
"72,0 : 0.4948"
"0,73 : 0.614"
"73,0 : 0.614"
"0,74 : 0.7404"
"74,0 : 0.7404"
"0,75 : 0.6412"
"75,0 : 0.6412"
"0,76 : 0.7596"
"76,0 : 0.7596"
"0,77 : 0.6297"
"77,0 : 0.6297"
"0,78 : 0.2843"
"78,0 : 0.2843"
"0,79 : 0.8984"
"79,0 : 0.8984"
"0,80 : 0.9615"
"80,0 : 0.9615"
"0,81 : 0.5459"
"81,0 : 0.5459"
"0,82 : 0.1118"
"82,0 : 0.1118"
"0,83 : 0.3189"
"83,0 : 0.3189"
"0,84 : 0.3523"
"84,0 : 0.3523"
"0,85 : 0.6694"
"85,0 : 0.6694"
"0,86 : 0.1811"
"86,0 : 0.1811"
"0,87 : 0.4903"
"87,0 : 0.4903"
"0,88 : 0.37"
"88,0 : 0.37"
"0,89 : 0.3842"
"89,0 : 0.3842"
"0,90 : 0.8584"
"90,0 : 0.8584"
"0,91 : 1.0018"
"91,0 : 1.0018"
"0,92 : 0.7159"
"92,0 : 0.7159"
"0,93 : 0.6224"
"93,0 : 0.6224"
"0,94 : 0.0412"
"94,0 : 0.0412"
"0,95 : 0.45"
"95,0 : 0.45"
"0,96 : 0.4319"
"96,0 : 0.4319"
"0,97 : 0.23"
"97,0 : 0.23"
"0,98 : 0.8368"
"98,0 : 0.8368"
"0,99 : 0.6989"
"99,0 : 0.6989"
"1,2 : 0.661"
"2,1 : 0.661"
"1,3 : 0.706"
"3,1 : 0.706"
"1,4 : 0.656"
"4,1 : 0.656"
"1,5 : 0.5148"
"5,1 : 0.5148"
"1,6 : 0.5025"
"6,1 : 0.5025"
"1,7 : 0.6041"
"7,1 : 0.6041"
"1,8 : 0.114"
"8,1 : 0.114"
"1,9 : 0.7355"
"9,1 : 0.7355"
"1,10 : 0.5566"
"10,1 : 0.5566"
"1,11 : 0.4357"
"11,1 : 0.4357"
"1,12 : 0.6519"
"12,1 : 0.6519"
"1,13 : 0.13"
"13,1 : 0.13"
"1,14 : 1.0683"
"14,1 : 1.0683"
"1,15 : 1.1254"
"15,1 : 1.1254"
"1,16 : 1.0683"
"16,1 : 1.0683"
"1,17 : 1.0"
"17,1 : 1.0"
"1,18 : 0.4391"
"18,1 : 0.4391"
"1,19 : 0.8927"
"19,1 : 0.8927"
"1,20 : 0.9403"
"20,1 : 0.9403"
"1,21 : 0.4701"
"21,1 : 0.4701"
"1,22 : 0.1304"
"22,1 : 0.1304"
"1,23 : 0.6826"
"23,1 : 0.6826"
"1,24 : 0.2789"
"24,1 : 0.2789"
"1,25 : 0.6301"
"25,1 : 0.6301"
"1,26 : 0.4837"
"26,1 : 0.4837"
"1,27 : 0.2907"
"27,1 : 0.2907"
"1,28 : 0.6742"
"28,1 : 0.6742"
"1,29 : 0.3585"
"29,1 : 0.3585"
"1,30 : 0.1118"
"30,1 : 0.1118"
"1,31 : 0.7612"
"31,1 : 0.7612"
"1,32 : 0.844"
"32,1 : 0.844"
"1,33 : 0.764"
"33,1 : 0.764"
"1,34 : 0.872"
"34,1 : 0.872"
"1,35 : 0.7569"
"35,1 : 0.7569"
"1,36 : 0.6622"
"36,1 : 0.6622"
"1,37 : 0.1887"
"37,1 : 0.1887"
"1,38 : 0.5608"
"38,1 : 0.5608"
"1,39 : 0.7903"
"39,1 : 0.7903"
"1,40 : 0.7201"
"40,1 : 0.7201"
"1,41 : 0.7272"
"41,1 : 0.7272"
"1,42 : 0.4589"
"42,1 : 0.4589"
"1,43 : 0.8802"
"43,1 : 0.8802"
"1,44 : 0.8405"
"44,1 : 0.8405"
"1,45 : 0.6603"
"45,1 : 0.6603"
"1,46 : 1.1685"
"46,1 : 1.1685"
"1,47 : 0.7877"
"47,1 : 0.7877"
"1,48 : 0.1082"
"48,1 : 0.1082"
"1,49 : 0.7622"
"49,1 : 0.7622"
"1,50 : 0.6537"
"50,1 : 0.6537"
"1,51 : 0.7783"
"51,1 : 0.7783"
"1,52 : 0.8382"
"52,1 : 0.8382"
"1,53 : 1.2093"
"53,1 : 1.2093"
"1,54 : 0.6398"
"54,1 : 0.6398"
"1,55 : 0.4682"
"55,1 : 0.4682"
"1,56 : 0.5135"
"56,1 : 0.5135"
"1,57 : 0.4974"
"57,1 : 0.4974"
"1,58 : 0.7441"
"58,1 : 0.7441"
"1,59 : 0.5404"
"59,1 : 0.5404"
"1,60 : 0.9348"
"60,1 : 0.9348"
"1,61 : 0.8705"
"61,1 : 0.8705"
"1,62 : 0.1709"
"62,1 : 0.1709"
"1,63 : 0.3483"
"63,1 : 0.3483"
"1,64 : 0.7938"
"64,1 : 0.7938"
"1,65 : 0.6712"
"65,1 : 0.6712"
"1,66 : 0.8836"
"66,1 : 0.8836"
"1,67 : 0.4965"
"67,1 : 0.4965"
"1,68 : 0.508"
"68,1 : 0.508"
"1,69 : 0.1208"
"69,1 : 0.1208"
"1,70 : 0.4597"
"70,1 : 0.4597"
"1,71 : 0.6943"
"71,1 : 0.6943"
"1,72 : 0.5831"
"72,1 : 0.5831"
"1,73 : 0.9618"
"73,1 : 0.9618"
"1,74 : 0.5941"
"74,1 : 0.5941"
"1,75 : 0.4427"
"75,1 : 0.4427"
"1,76 : 0.6538"
"76,1 : 0.6538"
"1,77 : 0.6294"
"77,1 : 0.6294"
"1,78 : 0.5946"
"78,1 : 0.5946"
"1,79 : 0.1442"
"79,1 : 0.1442"
"1,80 : 0.8139"
"80,1 : 0.8139"
"1,81 : 1.005"
"81,1 : 1.005"
"1,82 : 0.7558"
"82,1 : 0.7558"
"1,83 : 0.5661"
"83,1 : 0.5661"
"1,84 : 1.0979"
"84,1 : 1.0979"
"1,85 : 0.2555"
"85,1 : 0.2555"
"1,86 : 0.944"
"86,1 : 0.944"
"1,87 : 0.6873"
"87,1 : 0.6873"
"1,88 : 0.9841"
"88,1 : 0.9841"
"1,89 : 0.5"
"89,1 : 0.5"
"1,90 : 0.2693"
"90,1 : 0.2693"
"1,91 : 0.1342"
"91,1 : 0.1342"
"1,92 : 0.7355"
"92,1 : 0.7355"
"1,93 : 0.6641"
"93,1 : 0.6641"
"1,94 : 0.8417"
"94,1 : 0.8417"
"1,95 : 0.7831"
"95,1 : 0.7831"
"1,96 : 0.8127"
"96,1 : 0.8127"
"1,97 : 0.6685"
"97,1 : 0.6685"
"1,98 : 0.1726"
"98,1 : 0.1726"
"1,99 : 0.1921"
"99,1 : 0.1921"
"2,3 : 0.3114"
"3,2 : 0.3114"
"2,4 : 0.6871"
"4,2 : 0.6871"
"2,5 : 0.9567"
"5,2 : 0.9567"
"2,6 : 0.1655"
"6,2 : 0.1655"
"2,7 : 0.0707"
"7,2 : 0.0707"
"2,8 : 0.7178"
"8,2 : 0.7178"
"2,9 : 0.0854"
"9,2 : 0.0854"
"2,10 : 0.808"
"10,2 : 0.808"
"2,11 : 0.2907"
"11,2 : 0.2907"
"2,12 : 0.4805"
"12,2 : 0.4805"
"2,13 : 0.74"
"13,2 : 0.74"
"2,14 : 0.9905"
"14,2 : 0.9905"
"2,15 : 0.8982"
"15,2 : 0.8982"
"2,16 : 0.9905"
"16,2 : 0.9905"
"2,17 : 0.9214"
"17,2 : 0.9214"
"2,18 : 0.6595"
"18,2 : 0.6595"
"2,19 : 0.7923"
"19,2 : 0.7923"
"2,20 : 0.6454"
"20,2 : 0.6454"
"2,21 : 0.4244"
"21,2 : 0.4244"
"2,22 : 0.6239"
"22,2 : 0.6239"
"2,23 : 0.0671"
"23,2 : 0.0671"
"2,24 : 0.3833"
"24,2 : 0.3833"
"2,25 : 0.1315"
"25,2 : 0.1315"
"2,26 : 0.1803"
"26,2 : 0.1803"
"2,27 : 0.3736"
"27,2 : 0.3736"
"2,28 : 0.8548"
"28,2 : 0.8548"
"2,29 : 0.637"
"29,2 : 0.637"
"2,30 : 0.5757"
"30,2 : 0.5757"
"2,31 : 1.0136"
"31,2 : 1.0136"
"2,32 : 0.3624"
"32,2 : 0.3624"
"2,33 : 0.9753"
"33,2 : 0.9753"
"2,34 : 0.8302"
"34,2 : 0.8302"
"2,35 : 0.6825"
"35,2 : 0.6825"
"2,36 : 0.6835"
"36,2 : 0.6835"
"2,37 : 0.4904"
"37,2 : 0.4904"
"2,38 : 0.4438"
"38,2 : 0.4438"
"2,39 : 1.13"
"39,2 : 1.13"
"2,40 : 1.056"
"40,2 : 1.056"
"2,41 : 0.7877"
"41,2 : 0.7877"
"2,42 : 0.2022"
"42,2 : 0.2022"
"2,43 : 1.1819"
"43,2 : 1.1819"
"2,44 : 1.1428"
"44,2 : 1.1428"
"2,45 : 1.0026"
"45,2 : 1.0026"
"2,46 : 0.9985"
"46,2 : 0.9985"
"2,47 : 1.0496"
"47,2 : 1.0496"
"2,48 : 0.7424"
"48,2 : 0.7424"
"2,49 : 0.5921"
"49,2 : 0.5921"
"2,50 : 0.4472"
"50,2 : 0.4472"
"2,51 : 0.3981"
"51,2 : 0.3981"
"2,52 : 0.8158"
"52,2 : 0.8158"
"2,53 : 1.0081"
"53,2 : 1.0081"
"2,54 : 0.3962"
"54,2 : 0.3962"
"2,55 : 0.35"
"55,2 : 0.35"
"2,56 : 0.9492"
"56,2 : 0.9492"
"2,57 : 0.4305"
"57,2 : 0.4305"
"2,58 : 0.6166"
"58,2 : 0.6166"
"2,59 : 0.1487"
"59,2 : 0.1487"
"2,60 : 0.8981"
"60,2 : 0.8981"
"2,61 : 1.1681"
"61,2 : 1.1681"
"2,62 : 0.7632"
"62,2 : 0.7632"
"2,63 : 0.5805"
"63,2 : 0.5805"
"2,64 : 0.9534"
"64,2 : 0.9534"
"2,65 : 0.8184"
"65,2 : 0.8184"
"2,66 : 0.3048"
"66,2 : 0.3048"
"2,67 : 0.3329"
"67,2 : 0.3329"
"2,68 : 0.6351"
"68,2 : 0.6351"
"2,69 : 0.6426"
"69,2 : 0.6426"
"2,70 : 0.5441"
"70,2 : 0.5441"
"2,71 : 0.9487"
"71,2 : 0.9487"
"2,72 : 0.446"
"72,2 : 0.446"
"2,73 : 0.5738"
"73,2 : 0.5738"
"2,74 : 0.1992"
"74,2 : 0.1992"
"2,75 : 0.3471"
"75,2 : 0.3471"
"2,76 : 0.19"
"76,2 : 0.19"
"2,77 : 0.314"
"77,2 : 0.314"
"2,78 : 0.8154"
"78,2 : 0.8154"
"2,79 : 0.5315"
"79,2 : 0.5315"
"2,80 : 0.1649"
"80,2 : 0.1649"
"2,81 : 0.6736"
"81,2 : 0.6736"
"2,82 : 0.8616"
"82,2 : 0.8616"
"2,83 : 0.8161"
"83,2 : 0.8161"
"2,84 : 0.9434"
"84,2 : 0.9434"
"2,85 : 0.4974"
"85,2 : 0.4974"
"2,86 : 0.8846"
"86,2 : 0.8846"
"2,87 : 1.0966"
"87,2 : 1.0966"
"2,88 : 0.7841"
"88,2 : 0.7841"
"2,89 : 0.7875"
"89,2 : 0.7875"
"2,90 : 0.3932"
"90,2 : 0.3932"
"2,91 : 0.71"
"91,2 : 0.71"
"2,92 : 0.2789"
"92,2 : 0.2789"
"2,93 : 0.3306"
"93,2 : 0.3306"
"2,94 : 0.9424"
"94,2 : 0.9424"
"2,95 : 1.1526"
"95,2 : 1.1526"
"2,96 : 0.5803"
"96,2 : 0.5803"
"2,97 : 0.7224"
"97,2 : 0.7224"
"2,98 : 0.4884"
"98,2 : 0.4884"
"2,99 : 0.5546"
"99,2 : 0.5546"
"3,4 : 0.4328"
"4,3 : 0.4328"
"3,5 : 0.8154"
"5,3 : 0.8154"
"3,6 : 0.3"
"6,3 : 0.3"
"3,7 : 0.272"
"7,3 : 0.272"
"3,8 : 0.7145"
"8,3 : 0.7145"
"3,9 : 0.2844"
"9,3 : 0.2844"
"3,10 : 0.6129"
"10,3 : 0.6129"
"3,11 : 0.2773"
"11,3 : 0.2773"
"3,12 : 0.2062"
"12,3 : 0.2062"
"3,13 : 0.7333"
"13,3 : 0.7333"
"3,14 : 0.6826"
"14,3 : 0.6826"
"3,15 : 0.5894"
"15,3 : 0.5894"
"3,16 : 0.6826"
"16,3 : 0.6826"
"3,17 : 0.6152"
"17,3 : 0.6152"
"3,18 : 0.4977"
"18,3 : 0.4977"
"3,19 : 0.4884"
"19,3 : 0.4884"
"3,20 : 0.3384"
"20,3 : 0.3384"
"3,21 : 0.2729"
"21,3 : 0.2729"
"3,22 : 0.6152"
"22,3 : 0.6152"
"3,23 : 0.25"
"23,3 : 0.25"
"3,24 : 0.4855"
"24,3 : 0.4855"
"3,25 : 0.1868"
"25,3 : 0.1868"
"3,26 : 0.3202"
"26,3 : 0.3202"
"3,27 : 0.4429"
"27,3 : 0.4429"
"3,28 : 0.6223"
"28,3 : 0.6223"
"3,29 : 0.5142"
"29,3 : 0.5142"
"3,30 : 0.5967"
"30,3 : 0.5967"
"3,31 : 0.7849"
"31,3 : 0.7849"
"3,32 : 0.1404"
"32,3 : 0.1404"
"3,33 : 0.7366"
"33,3 : 0.7366"
"3,34 : 0.5345"
"34,3 : 0.5345"
"3,35 : 0.394"
"35,3 : 0.394"
"3,36 : 0.4264"
"36,3 : 0.4264"
"3,37 : 0.5954"
"37,3 : 0.5954"
"3,38 : 0.2236"
"38,3 : 0.2236"
"3,39 : 0.922"
"39,3 : 0.922"
"3,40 : 0.8543"
"40,3 : 0.8543"
"3,41 : 0.5243"
"41,3 : 0.5243"
"3,42 : 0.3624"
"42,3 : 0.3624"
"3,43 : 0.9548"
"43,3 : 0.9548"
"3,44 : 0.9192"
"44,3 : 0.9192"
"3,45 : 0.8102"
"45,3 : 0.8102"
"3,46 : 0.6873"
"46,3 : 0.6873"
"3,47 : 0.8204"
"47,3 : 0.8204"
"3,48 : 0.8096"
"48,3 : 0.8096"
"3,49 : 0.2912"
"49,3 : 0.2912"
"3,50 : 0.1703"
"50,3 : 0.1703"
"3,51 : 0.0943"
"51,3 : 0.0943"
"3,52 : 0.5255"
"52,3 : 0.5255"
"3,53 : 0.6986"
"53,3 : 0.6986"
"3,54 : 0.1281"
"54,3 : 0.1281"
"3,55 : 0.2419"
"55,3 : 0.2419"
"3,56 : 0.8062"
"56,3 : 0.8062"
"3,57 : 0.2571"
"57,3 : 0.2571"
"3,58 : 0.3231"
"58,3 : 0.3231"
"3,59 : 0.2524"
"59,3 : 0.2524"
"3,60 : 0.5991"
"60,3 : 0.5991"
"3,61 : 0.9407"
"61,3 : 0.9407"
"3,62 : 0.7406"
"62,3 : 0.7406"
"3,63 : 0.4669"
"63,3 : 0.4669"
"3,64 : 0.7"
"64,3 : 0.7"
"3,65 : 0.58"
"65,3 : 0.58"
"3,66 : 0.2283"
"66,3 : 0.2283"
"3,67 : 0.2121"
"67,3 : 0.2121"
"3,68 : 0.4391"
"68,3 : 0.4391"
"3,69 : 0.6351"
"69,3 : 0.6351"
"3,70 : 0.3734"
"70,3 : 0.3734"
"3,71 : 0.7292"
"71,3 : 0.7292"
"3,72 : 0.211"
"72,3 : 0.211"
"3,73 : 0.2907"
"73,3 : 0.2907"
"3,74 : 0.15"
"74,3 : 0.15"
"3,75 : 0.2648"
"75,3 : 0.2648"
"3,76 : 0.1237"
"76,3 : 0.1237"
"3,77 : 0.08"
"77,3 : 0.08"
"3,78 : 0.6061"
"78,3 : 0.6061"
"3,79 : 0.6217"
"79,3 : 0.6217"
"3,80 : 0.2997"
"80,3 : 0.2997"
"3,81 : 0.3759"
"81,3 : 0.3759"
"3,82 : 0.6022"
"82,3 : 0.6022"
"3,83 : 0.6185"
"83,3 : 0.6185"
"3,84 : 0.632"
"84,3 : 0.632"
"3,85 : 0.4639"
"85,3 : 0.4639"
"3,86 : 0.5825"
"86,3 : 0.5825"
"3,87 : 0.9211"
"87,3 : 0.9211"
"3,88 : 0.4727"
"88,3 : 0.4727"
"3,89 : 0.6129"
"89,3 : 0.6129"
"3,90 : 0.494"
"90,3 : 0.494"
"3,91 : 0.8023"
"91,3 : 0.8023"
"3,92 : 0.0566"
"92,3 : 0.0566"
"3,93 : 0.0539"
"93,3 : 0.0539"
"3,94 : 0.6723"
"94,3 : 0.6723"
"3,95 : 0.9543"
"95,3 : 0.9543"
"3,96 : 0.2702"
"96,3 : 0.2702"
"3,97 : 0.4686"
"97,3 : 0.4686"
"3,98 : 0.5554"
"98,3 : 0.5554"
"3,99 : 0.5346"
"99,3 : 0.5346"
"4,5 : 0.4701"
"5,4 : 0.4701"
"4,6 : 0.5787"
"6,4 : 0.5787"
"4,7 : 0.623"
"7,4 : 0.623"
"4,8 : 0.5941"
"8,4 : 0.5941"
"4,9 : 0.6935"
"9,4 : 0.6935"
"4,10 : 0.2302"
"10,4 : 0.2302"
"4,11 : 0.451"
"11,4 : 0.451"
"4,12 : 0.2267"
"12,4 : 0.2267"
"4,13 : 0.6021"
"13,4 : 0.6021"
"4,14 : 0.4134"
"14,4 : 0.4134"
"4,15 : 0.4924"
"15,4 : 0.4924"
"4,16 : 0.4134"
"16,4 : 0.4134"
"4,17 : 0.3441"
"17,4 : 0.3441"
"4,18 : 0.228"
"18,4 : 0.228"
"4,19 : 0.2421"
"19,4 : 0.2421"
"4,20 : 0.3901"
"20,4 : 0.3901"
"4,21 : 0.2902"
"21,4 : 0.2902"
"4,22 : 0.5263"
"22,4 : 0.5263"
"4,23 : 0.644"
"23,4 : 0.644"
"4,24 : 0.6042"
"24,4 : 0.6042"
"4,25 : 0.5595"
"25,4 : 0.5595"
"4,26 : 0.5855"
"26,4 : 0.5855"
"4,27 : 0.5511"
"27,4 : 0.5511"
"4,28 : 0.1942"
"28,4 : 0.1942"
"4,29 : 0.3041"
"29,4 : 0.3041"
"4,30 : 0.5576"
"30,4 : 0.5576"
"4,31 : 0.3547"
"31,4 : 0.3547"
"4,32 : 0.528"
"32,4 : 0.528"
"4,33 : 0.3041"
"33,4 : 0.3041"
"4,34 : 0.2163"
"34,4 : 0.2163"
"4,35 : 0.1237"
"35,4 : 0.1237"
"4,36 : 0.01"
"36,4 : 0.01"
"4,37 : 0.6648"
"37,4 : 0.6648"
"4,38 : 0.2435"
"38,4 : 0.2435"
"4,39 : 0.4993"
"39,4 : 0.4993"
"4,40 : 0.4383"
"40,4 : 0.4383"
"4,41 : 0.102"
"41,4 : 0.102"
"4,42 : 0.612"
"42,4 : 0.612"
"4,43 : 0.5235"
"43,4 : 0.5235"
"4,44 : 0.4892"
"44,4 : 0.4892"
"4,45 : 0.405"
"45,4 : 0.405"
"4,46 : 0.5166"
"46,4 : 0.5166"
"4,47 : 0.3895"
"47,4 : 0.3895"
"4,48 : 0.7593"
"48,4 : 0.7593"
"4,49 : 0.2062"
"49,4 : 0.2062"
"4,50 : 0.2625"
"50,4 : 0.2625"
"4,51 : 0.414"
"51,4 : 0.414"
"4,52 : 0.1836"
"52,4 : 0.1836"
"4,53 : 0.5622"
"53,4 : 0.5622"
"4,54 : 0.3081"
"54,4 : 0.3081"
"4,55 : 0.3622"
"55,4 : 0.3622"
"4,56 : 0.4601"
"56,4 : 0.4601"
"4,57 : 0.2717"
"57,4 : 0.2717"
"4,58 : 0.1628"
"58,4 : 0.1628"
"4,59 : 0.5579"
"59,4 : 0.5579"
"4,60 : 0.2818"
"60,4 : 0.2818"
"4,61 : 0.5093"
"61,4 : 0.5093"
"4,62 : 0.5841"
"62,4 : 0.5841"
"4,63 : 0.3081"
"63,4 : 0.3081"
"4,64 : 0.2693"
"64,4 : 0.2693"
"4,65 : 0.15"
"65,4 : 0.15"
"4,66 : 0.6512"
"66,4 : 0.6512"
"4,67 : 0.3667"
"67,4 : 0.3667"
"4,68 : 0.1487"
"68,4 : 0.1487"
"4,69 : 0.5391"
"69,4 : 0.5391"
"4,70 : 0.2119"
"70,4 : 0.2119"
"4,71 : 0.3053"
"71,4 : 0.3053"
"4,72 : 0.2417"
"72,4 : 0.2417"
"4,73 : 0.4827"
"73,4 : 0.4827"
"4,74 : 0.4885"
"74,4 : 0.4885"
"4,75 : 0.3805"
"75,4 : 0.3805"
"4,76 : 0.5148"
"76,4 : 0.5148"
"4,77 : 0.3859"
"77,4 : 0.3859"
"4,78 : 0.204"
"78,4 : 0.204"
"4,79 : 0.6621"
"79,4 : 0.6621"
"4,80 : 0.7267"
"80,4 : 0.7267"
"4,81 : 0.46"
"81,4 : 0.46"
"4,82 : 0.1746"
"82,4 : 0.1746"
"4,83 : 0.2309"
"83,4 : 0.2309"
"4,84 : 0.446"
"84,4 : 0.446"
"4,85 : 0.4295"
"85,4 : 0.4295"
"4,86 : 0.2884"
"86,4 : 0.2884"
"4,87 : 0.525"
"87,4 : 0.525"
"4,88 : 0.3585"
"88,4 : 0.3585"
"4,89 : 0.2631"
"89,4 : 0.2631"
"4,90 : 0.6064"
"90,4 : 0.6064"
"4,91 : 0.7882"
"91,4 : 0.7882"
"4,92 : 0.4892"
"92,4 : 0.4892"
"4,93 : 0.386"
"93,4 : 0.386"
"4,94 : 0.2571"
"94,4 : 0.2571"
"4,95 : 0.5371"
"95,4 : 0.5371"
"4,96 : 0.2766"
"96,4 : 0.2766"
"4,97 : 0.0361"
"97,4 : 0.0361"
"4,98 : 0.5962"
"98,4 : 0.5962"
"4,99 : 0.4717"
"99,4 : 0.4717"
"5,6 : 0.7991"
"6,5 : 0.7991"
"5,7 : 0.8862"
"7,5 : 0.8862"
"5,8 : 0.402"
"8,5 : 0.402"
"5,9 : 1.0"
"9,5 : 1.0"
"5,10 : 0.2408"
"10,5 : 0.2408"
"5,11 : 0.666"
"11,5 : 0.666"
"5,12 : 0.6403"
"12,5 : 0.6403"
"5,13 : 0.3905"
"13,5 : 0.3905"
"5,14 : 0.7783"
"14,5 : 0.7783"
"5,15 : 0.9341"
"15,5 : 0.9341"
"5,16 : 0.7783"
"16,5 : 0.7783"
"5,17 : 0.7301"
"17,5 : 0.7301"
"5,18 : 0.3178"
"18,5 : 0.3178"
"5,19 : 0.6791"
"19,5 : 0.6791"
"5,20 : 0.86"
"20,5 : 0.86"
"5,21 : 0.5557"
"21,5 : 0.5557"
"5,22 : 0.4238"
"22,5 : 0.4238"
"5,23 : 0.942"
"23,5 : 0.942"
"5,24 : 0.6723"
"24,5 : 0.6723"
"5,25 : 0.8602"
"25,5 : 0.8602"
"5,26 : 0.7921"
"26,5 : 0.7921"
"5,27 : 0.6407"
"27,5 : 0.6407"
"5,28 : 0.3324"
"28,5 : 0.3324"
"5,29 : 0.3202"
"29,5 : 0.3202"
"5,30 : 0.4904"
"30,5 : 0.4904"
"5,31 : 0.3124"
"31,5 : 0.3124"
"5,32 : 0.9424"
"32,5 : 0.9424"
"5,33 : 0.3471"
"33,5 : 0.3471"
"5,34 : 0.6198"
"34,5 : 0.6198"
"5,35 : 0.5914"
"35,5 : 0.5914"
"5,36 : 0.4801"
"36,5 : 0.4801"
"5,37 : 0.6519"
"37,5 : 0.6519"
"5,38 : 0.5924"
"38,5 : 0.5924"
"5,39 : 0.2844"
"39,5 : 0.2844"
"5,40 : 0.2247"
"40,5 : 0.2247"
"5,41 : 0.4632"
"41,5 : 0.4632"
"5,42 : 0.794"
"42,5 : 0.794"
"5,43 : 0.3808"
"43,5 : 0.3808"
"5,44 : 0.3448"
"44,5 : 0.3448"
"5,45 : 0.1749"
"45,5 : 0.1749"
"5,46 : 0.9231"
"46,5 : 0.9231"
"5,47 : 0.3245"
"47,5 : 0.3245"
"5,48 : 0.5704"
"48,5 : 0.5704"
"5,49 : 0.6712"
"49,5 : 0.6712"
"5,50 : 0.6676"
"50,5 : 0.6676"
"5,51 : 0.8352"
"51,5 : 0.8352"
"5,52 : 0.5852"
"52,5 : 0.5852"
"5,53 : 0.9786"
"53,5 : 0.9786"
"5,54 : 0.6929"
"54,5 : 0.6929"
"5,55 : 0.6185"
"55,5 : 0.6185"
"5,56 : 0.01"
"56,5 : 0.01"
"5,57 : 0.5636"
"57,5 : 0.5636"
"5,58 : 0.6303"
"58,5 : 0.6303"
"5,59 : 0.8081"
"59,5 : 0.8081"
"5,60 : 0.6539"
"60,5 : 0.6539"
"5,61 : 0.3736"
"61,5 : 0.3736"
"5,62 : 0.3501"
"62,5 : 0.3501"
"5,63 : 0.3764"
"63,5 : 0.3764"
"5,64 : 0.408"
"64,5 : 0.408"
"5,65 : 0.364"
"65,5 : 0.364"
"5,66 : 1.0428"
"66,5 : 1.0428"
"5,67 : 0.6435"
"67,5 : 0.6435"
"5,68 : 0.3833"
"68,5 : 0.3833"
"5,69 : 0.4176"
"69,5 : 0.4176"
"5,70 : 0.4428"
"70,5 : 0.4428"
"5,71 : 0.2702"
"71,5 : 0.2702"
"5,72 : 0.6075"
"72,5 : 0.6075"
"5,73 : 0.9453"
"73,5 : 0.9453"
"5,74 : 0.7932"
"74,5 : 0.7932"
"5,75 : 0.614"
"75,5 : 0.614"
"5,76 : 0.8438"
"76,5 : 0.8438"
"5,77 : 0.7425"
"77,5 : 0.7425"
"5,78 : 0.2746"
"78,5 : 0.2746"
"5,79 : 0.6198"
"79,5 : 0.6198"
"5,80 : 1.0595"
"80,5 : 1.0595"
"5,81 : 0.9301"
"81,5 : 0.9301"
"5,82 : 0.4346"
"82,5 : 0.4346"
"5,83 : 0.2419"
"83,5 : 0.2419"
"5,84 : 0.858"
"84,5 : 0.858"
"5,85 : 0.478"
"85,5 : 0.478"
"5,86 : 0.6778"
"86,5 : 0.6778"
"5,87 : 0.1726"
"87,5 : 0.1726"
"5,88 : 0.8139"
"88,5 : 0.8139"
"5,89 : 0.2121"
"89,5 : 0.2121"
"5,90 : 0.6673"
"90,5 : 0.6673"
"5,91 : 0.6301"
"91,5 : 0.6301"
"5,92 : 0.8682"
"92,5 : 0.8682"
"5,93 : 0.7616"
"93,5 : 0.7616"
"5,94 : 0.4855"
"94,5 : 0.4855"
"5,95 : 0.27"
"95,5 : 0.27"
"5,96 : 0.7417"
"96,5 : 0.7417"
"5,97 : 0.4518"
"97,5 : 0.4518"
"5,98 : 0.5909"
"98,5 : 0.5909"
"5,99 : 0.4478"
"99,5 : 0.4478"
"6,7 : 0.102"
"7,6 : 0.102"
"6,8 : 0.5536"
"8,6 : 0.5536"
"6,9 : 0.2335"
"9,6 : 0.2335"
"6,10 : 0.6673"
"10,6 : 0.6673"
"6,11 : 0.1389"
"11,6 : 0.1389"
"6,12 : 0.4031"
"12,6 : 0.4031"
"6,13 : 0.5757"
"13,6 : 0.5757"
"6,14 : 0.9278"
"14,6 : 0.9278"
"6,15 : 0.8746"
"15,6 : 0.8746"
"6,16 : 0.9278"
"16,6 : 0.9278"
"6,17 : 0.8559"
"17,6 : 0.8559"
"6,18 : 0.5131"
"18,6 : 0.5131"
"6,19 : 0.7256"
"19,6 : 0.7256"
"6,20 : 0.6306"
"20,6 : 0.6306"
"6,21 : 0.2941"
"21,6 : 0.2941"
"6,22 : 0.4588"
"22,6 : 0.4588"
"6,23 : 0.1803"
"23,6 : 0.1803"
"6,24 : 0.2309"
"24,6 : 0.2309"
"6,25 : 0.1432"
"25,6 : 0.1432"
"6,26 : 0.0224"
"26,6 : 0.0224"
"6,27 : 0.2121"
"27,6 : 0.2121"
"6,28 : 0.728"
"28,6 : 0.728"
"6,29 : 0.4817"
"29,6 : 0.4817"
"6,30 : 0.4123"
"30,6 : 0.4123"
"6,31 : 0.8814"
"31,6 : 0.8814"
"6,32 : 0.4061"
"32,6 : 0.4061"
"6,33 : 0.8486"
"33,6 : 0.8486"
"6,34 : 0.7503"
"34,6 : 0.7503"
"6,35 : 0.6003"
"35,6 : 0.6003"
"6,36 : 0.5771"
"36,6 : 0.5771"
"6,37 : 0.3437"
"37,6 : 0.3437"
"6,38 : 0.3406"
"38,6 : 0.3406"
"6,39 : 0.9879"
"39,6 : 0.9879"
"6,40 : 0.9127"
"40,6 : 0.9127"
"6,41 : 0.6807"
"41,6 : 0.6807"
"6,42 : 0.064"
"42,6 : 0.064"
"6,43 : 1.0466"
"43,6 : 1.0466"
"6,44 : 1.0065"
"44,6 : 1.0065"
"6,45 : 0.857"
"45,6 : 0.857"
"6,46 : 0.9617"
"46,6 : 0.9617"
"6,47 : 0.9171"
"47,6 : 0.9171"
"6,48 : 0.5901"
"48,6 : 0.5901"
"6,49 : 0.5295"
"49,6 : 0.5295"
"6,50 : 0.3766"
"50,6 : 0.3766"
"6,51 : 0.3941"
"51,6 : 0.3941"
"6,52 : 0.7301"
"52,6 : 0.7301"
"6,53 : 0.9808"
"53,6 : 0.9808"
"6,54 : 0.3298"
"54,6 : 0.3298"
"6,55 : 0.2184"
"55,6 : 0.2184"
"6,56 : 0.792"
"56,6 : 0.792"
"6,57 : 0.3081"
"57,6 : 0.3081"
"6,58 : 0.5433"
"58,6 : 0.5433"
"6,59 : 0.05"
"59,6 : 0.05"
"6,60 : 0.8205"
"60,6 : 0.8205"
"6,61 : 1.0331"
"61,6 : 1.0331"
"6,62 : 0.5981"
"62,6 : 0.5981"
"6,63 : 0.4252"
"63,6 : 0.4252"
"6,64 : 0.8352"
"64,6 : 0.8352"
"6,65 : 0.6957"
"65,6 : 0.6957"
"6,66 : 0.4016"
"66,6 : 0.4016"
"6,67 : 0.2121"
"67,6 : 0.2121"
"6,68 : 0.5016"
"68,6 : 0.5016"
"6,69 : 0.4776"
"69,6 : 0.4776"
"6,70 : 0.4072"
"70,6 : 0.4072"
"6,71 : 0.8139"
"71,6 : 0.8139"
"6,72 : 0.35"
"72,6 : 0.35"
"6,73 : 0.5903"
"73,6 : 0.5903"
"6,74 : 0.15"
"74,6 : 0.15"
"6,75 : 0.2062"
"75,6 : 0.2062"
"6,76 : 0.1921"
"76,6 : 0.1921"
"6,77 : 0.26"
"77,6 : 0.26"
"6,78 : 0.6798"
"78,6 : 0.6798"
"6,79 : 0.3812"
"79,6 : 0.3812"
"6,80 : 0.3114"
"80,6 : 0.3114"
"6,81 : 0.6742"
"81,6 : 0.6742"
"6,82 : 0.7495"
"82,6 : 0.7495"
"6,83 : 0.676"
"83,6 : 0.676"
"6,84 : 0.8999"
"84,6 : 0.8999"
"6,85 : 0.3329"
"85,6 : 0.3329"
"6,86 : 0.8122"
"86,6 : 0.8122"
"6,87 : 0.9449"
"87,6 : 0.9449"
"6,88 : 0.7463"
"88,6 : 0.7463"
"6,89 : 0.6407"
"89,6 : 0.6407"
"6,90 : 0.2408"
"90,6 : 0.2408"
"6,91 : 0.5644"
"91,6 : 0.5644"
"6,92 : 0.2973"
"92,6 : 0.2973"
"6,93 : 0.2907"
"93,6 : 0.2907"
"6,94 : 0.8355"
"94,6 : 0.8355"
"6,95 : 1.0069"
"95,6 : 1.0069"
"6,96 : 0.5376"
"96,6 : 0.5376"
"6,97 : 0.6119"
"97,6 : 0.6119"
"6,98 : 0.3306"
"98,6 : 0.3306"
"6,99 : 0.3891"
"99,6 : 0.3891"
"7,8 : 0.6552"
"8,7 : 0.6552"
"7,9 : 0.1315"
"9,7 : 0.1315"
"7,10 : 0.7382"
"10,7 : 0.7382"
"7,11 : 0.2202"
"11,7 : 0.2202"
"7,12 : 0.423"
"12,7 : 0.423"
"7,13 : 0.6772"
"13,7 : 0.6772"
"7,14 : 0.9402"
"14,7 : 0.9402"
"7,15 : 0.8613"
"15,7 : 0.8613"
"7,16 : 0.9402"
"16,7 : 0.9402"
"7,17 : 0.87"
"17,7 : 0.87"
"7,18 : 0.589"
"18,7 : 0.589"
"7,19 : 0.7401"
"19,7 : 0.7401"
"7,20 : 0.6103"
"20,7 : 0.6103"
"7,21 : 0.3551"
"21,7 : 0.3551"
"7,22 : 0.5597"
"22,7 : 0.5597"
"7,23 : 0.0806"
"23,7 : 0.0806"
"7,24 : 0.33"
"24,7 : 0.33"
"7,25 : 0.0854"
"25,7 : 0.0854"
"7,26 : 0.1204"
"26,7 : 0.1204"
"7,27 : 0.314"
"27,7 : 0.314"
"7,28 : 0.7871"
"28,7 : 0.7871"
"7,29 : 0.5664"
"29,7 : 0.5664"
"7,30 : 0.5142"
"30,7 : 0.5142"
"7,31 : 0.9451"
"31,7 : 0.9451"
"7,32 : 0.3483"
"32,7 : 0.3483"
"7,33 : 0.9079"
"33,7 : 0.9079"
"7,34 : 0.7741"
"34,7 : 0.7741"
"7,35 : 0.6251"
"35,7 : 0.6251"
"7,36 : 0.6198"
"36,7 : 0.6198"
"7,37 : 0.441"
"37,7 : 0.441"
"7,38 : 0.3795"
"38,7 : 0.3795"
"7,39 : 1.0602"
"39,7 : 1.0602"
"7,40 : 0.986"
"40,7 : 0.986"
"7,41 : 0.7242"
"41,7 : 0.7242"
"7,42 : 0.1513"
"42,7 : 0.1513"
"7,43 : 1.1131"
"43,7 : 1.1131"
"7,44 : 1.0738"
"44,7 : 1.0738"
"7,45 : 0.9324"
"45,7 : 0.9324"
"7,46 : 0.9571"
"46,7 : 0.9571"
"7,47 : 0.9811"
"47,7 : 0.9811"
"7,48 : 0.6901"
"48,7 : 0.6901"
"7,49 : 0.54"
"49,7 : 0.54"
"7,50 : 0.3912"
"50,7 : 0.3912"
"7,51 : 0.364"
"51,7 : 0.364"
"7,52 : 0.758"
"52,7 : 0.758"
"7,53 : 0.9702"
"53,7 : 0.9702"
"7,54 : 0.3406"
"54,7 : 0.3406"
"7,55 : 0.2802"
"55,7 : 0.2802"
"7,56 : 0.8786"
"56,7 : 0.8786"
"7,57 : 0.3624"
"57,7 : 0.3624"
"7,58 : 0.5614"
"58,7 : 0.5614"
"7,59 : 0.0781"
"59,7 : 0.0781"
"7,60 : 0.8429"
"60,7 : 0.8429"
"7,61 : 1.0993"
"61,7 : 1.0993"
"7,62 : 0.6989"
"62,7 : 0.6989"
"7,63 : 0.5099"
"63,7 : 0.5099"
"7,64 : 0.8877"
"64,7 : 0.8877"
"7,65 : 0.7515"
"65,7 : 0.7515"
"7,66 : 0.3176"
"66,7 : 0.3176"
"7,67 : 0.2642"
"67,7 : 0.2642"
"7,68 : 0.566"
"68,7 : 0.566"
"7,69 : 0.5787"
"69,7 : 0.5787"
"7,70 : 0.4743"
"70,7 : 0.4743"
"7,71 : 0.8798"
"71,7 : 0.8798"
"7,72 : 0.3833"
"72,7 : 0.3833"
"7,73 : 0.5507"
"73,7 : 0.5507"
"7,74 : 0.1404"
"74,7 : 0.1404"
"7,75 : 0.2766"
"75,7 : 0.2766"
"7,76 : 0.1487"
"76,7 : 0.1487"
"7,77 : 0.26"
"77,7 : 0.26"
"7,78 : 0.7463"
"78,7 : 0.7463"
"7,79 : 0.4801"
"79,7 : 0.4801"
"7,80 : 0.2102"
"80,7 : 0.2102"
"7,81 : 0.6447"
"81,7 : 0.6447"
"7,82 : 0.7971"
"82,7 : 0.7971"
"7,83 : 0.7463"
"83,7 : 0.7463"
"7,84 : 0.8994"
"84,7 : 0.8994"
"7,85 : 0.4294"
"85,7 : 0.4294"
"7,86 : 0.831"
"86,7 : 0.831"
"7,87 : 1.0259"
"87,7 : 1.0259"
"7,88 : 0.7415"
"88,7 : 0.7415"
"7,89 : 0.717"
"89,7 : 0.717"
"7,90 : 0.34"
"90,7 : 0.34"
"7,91 : 0.6619"
"91,7 : 0.6619"
"7,92 : 0.2506"
"92,7 : 0.2506"
"7,93 : 0.2816"
"93,7 : 0.2816"
"7,94 : 0.8793"
"94,7 : 0.8793"
"7,95 : 1.0823"
"95,7 : 1.0823"
"7,96 : 0.5346"
"96,7 : 0.5346"
"7,97 : 0.6579"
"97,7 : 0.6579"
"7,98 : 0.4319"
"98,7 : 0.4319"
"7,99 : 0.4885"
"99,7 : 0.4885"
"8,9 : 0.7859"
"9,8 : 0.7859"
"8,10 : 0.4652"
"10,8 : 0.4652"
"8,11 : 0.4617"
"11,8 : 0.4617"
"8,12 : 0.6277"
"12,8 : 0.6277"
"8,13 : 0.0224"
"13,8 : 0.0224"
"8,14 : 1.0"
"14,8 : 1.0"
"8,15 : 1.078"
"15,8 : 1.078"
"8,16 : 1.0"
"16,8 : 1.0"
"8,17 : 0.9343"
"17,8 : 0.9343"
"8,18 : 0.368"
"18,8 : 0.368"
"8,19 : 0.8355"
"19,8 : 0.8355"
"8,20 : 0.9124"
"20,8 : 0.9124"
"8,21 : 0.4561"
"21,8 : 0.4561"
"8,22 : 0.1"
"22,8 : 0.1"
"8,23 : 0.7301"
"23,8 : 0.7301"
"8,24 : 0.3499"
"24,8 : 0.3499"
"8,25 : 0.6675"
"25,8 : 0.6675"
"8,26 : 0.5376"
"26,8 : 0.5376"
"8,27 : 0.3454"
"27,8 : 0.3454"
"8,28 : 0.5859"
"28,8 : 0.5859"
"8,29 : 0.29"
"29,8 : 0.29"
"8,30 : 0.1432"
"30,8 : 0.1432"
"8,31 : 0.6597"
"31,8 : 0.6597"
"8,32 : 0.8548"
"32,8 : 0.8548"
"8,33 : 0.6673"
"33,8 : 0.6673"
"8,34 : 0.8066"
"34,8 : 0.8066"
"8,35 : 0.7043"
"35,8 : 0.7043"
"8,36 : 0.6014"
"36,8 : 0.6014"
"8,37 : 0.2832"
"37,8 : 0.2832"
"8,38 : 0.5408"
"38,8 : 0.5408"
"8,39 : 0.6801"
"39,8 : 0.6801"
"8,40 : 0.6113"
"40,8 : 0.6113"
"8,41 : 0.6544"
"41,8 : 0.6544"
"8,42 : 0.52"
"42,8 : 0.52"
"8,43 : 0.7716"
"43,8 : 0.7716"
"8,44 : 0.7325"
"44,8 : 0.7325"
"8,45 : 0.5523"
"45,8 : 0.5523"
"8,46 : 1.1107"
"46,8 : 1.1107"
"8,47 : 0.6845"
"47,8 : 0.6845"
"8,48 : 0.1803"
"48,8 : 0.1803"
"8,49 : 0.7256"
"49,8 : 0.7256"
"8,50 : 0.6357"
"50,8 : 0.6357"
"8,51 : 0.7767"
"51,8 : 0.7767"
"8,52 : 0.7716"
"52,8 : 0.7716"
"8,53 : 1.1552"
"53,8 : 1.1552"
"8,54 : 0.6306"
"54,8 : 0.6306"
"8,55 : 0.4727"
"55,8 : 0.4727"
"8,56 : 0.4011"
"56,8 : 0.4011"
"8,57 : 0.4808"
"57,8 : 0.4808"
"8,58 : 0.7018"
"58,8 : 0.7018"
"8,59 : 0.5846"
"59,8 : 0.5846"
"8,60 : 0.8656"
"60,8 : 0.8656"
"8,61 : 0.7624"
"61,8 : 0.7624"
"8,62 : 0.0583"
"62,8 : 0.0583"
"8,63 : 0.2968"
"63,8 : 0.2968"
"8,64 : 0.7026"
"64,8 : 0.7026"
"8,65 : 0.5883"
"65,8 : 0.5883"
"8,66 : 0.9105"
"66,8 : 0.9105"
"8,67 : 0.5025"
"67,8 : 0.5025"
"8,68 : 0.446"
"68,8 : 0.446"
"8,69 : 0.08"
"69,8 : 0.08"
"8,70 : 0.4168"
"70,8 : 0.4168"
"8,71 : 0.5948"
"71,8 : 0.5948"
"8,72 : 0.563"
"72,8 : 0.563"
"8,73 : 0.9487"
"73,8 : 0.9487"
"8,74 : 0.6213"
"74,8 : 0.6213"
"8,75 : 0.451"
"75,8 : 0.451"
"8,76 : 0.6812"
"76,8 : 0.6812"
"8,77 : 0.6351"
"77,8 : 0.6351"
"8,78 : 0.5054"
"78,8 : 0.5054"
"8,79 : 0.2421"
"79,8 : 0.2421"
"8,80 : 0.8612"
"80,8 : 0.8612"
"8,81 : 0.9799"
"81,8 : 0.9799"
"8,82 : 0.6742"
"82,8 : 0.6742"
"8,83 : 0.4742"
"83,8 : 0.4742"
"8,84 : 1.04"
"84,8 : 1.04"
"8,85 : 0.2508"
"85,8 : 0.2508"
"8,86 : 0.8778"
"86,8 : 0.8778"
"8,87 : 0.5743"
"87,8 : 0.5743"
"8,88 : 0.9381"
"88,8 : 0.9381"
"8,89 : 0.4072"
"89,8 : 0.4072"
"8,90 : 0.3413"
"90,8 : 0.3413"
"8,91 : 0.2319"
"91,8 : 0.2319"
"8,92 : 0.7511"
"92,8 : 0.7511"
"8,93 : 0.6675"
"93,8 : 0.6675"
"8,94 : 0.7566"
"94,8 : 0.7566"
"8,95 : 0.6712"
"95,8 : 0.6712"
"8,96 : 0.7826"
"96,8 : 0.7826"
"8,97 : 0.6014"
"97,8 : 0.6014"
"8,98 : 0.2441"
"98,8 : 0.2441"
"8,99 : 0.1803"
"99,8 : 0.1803"
"9,10 : 0.8355"
"10,9 : 0.8355"
"9,11 : 0.34"
"11,9 : 0.34"
"9,12 : 0.4754"
"12,9 : 0.4754"
"9,13 : 0.8078"
"13,9 : 0.8078"
"9,14 : 0.9663"
"14,9 : 0.9663"
"9,15 : 0.8559"
"15,9 : 0.8559"
"9,16 : 0.9663"
"16,9 : 0.9663"
"9,17 : 0.8994"
"17,9 : 0.8994"
"9,18 : 0.6935"
"18,9 : 0.6935"
"9,19 : 0.7728"
"19,9 : 0.7728"
"9,20 : 0.603"
"20,9 : 0.603"
"9,21 : 0.4525"
"21,9 : 0.4525"
"9,22 : 0.6896"
"22,9 : 0.6896"
"9,23 : 0.0583"
"23,9 : 0.0583"
"9,24 : 0.4604"
"24,9 : 0.4604"
"9,25 : 0.1414"
"25,9 : 0.1414"
"9,26 : 0.2518"
"26,9 : 0.2518"
"9,27 : 0.4455"
"27,9 : 0.4455"
"9,28 : 0.8709"
"28,9 : 0.8709"
"9,29 : 0.6801"
"29,9 : 0.6801"
"9,30 : 0.6454"
"30,9 : 0.6454"
"9,31 : 1.0323"
"31,9 : 1.0323"
"9,32 : 0.3036"
"32,9 : 0.3036"
"9,33 : 0.9902"
"33,9 : 0.9902"
"9,34 : 0.8174"
"34,9 : 0.8174"
"9,35 : 0.6736"
"35,9 : 0.6736"
"9,36 : 0.6888"
"36,9 : 0.6888"
"9,37 : 0.5701"
"37,9 : 0.5701"
"9,38 : 0.4549"
"38,9 : 0.4549"
"9,39 : 1.1562"
"39,9 : 1.1562"
"9,40 : 1.0837"
"40,9 : 1.0837"
"9,41 : 0.7916"
"41,9 : 0.7916"
"9,42 : 0.28"
"42,9 : 0.28"
"9,43 : 1.2021"
"43,9 : 1.2021"
"9,44 : 1.164"
"44,9 : 1.164"
"9,45 : 1.0328"
"45,9 : 1.0328"
"9,46 : 0.9613"
"46,9 : 0.9613"
"9,47 : 1.0683"
"47,9 : 1.0683"
"9,48 : 0.8205"
"48,9 : 0.8205"
"9,49 : 0.5749"
"49,9 : 0.5749"
"9,50 : 0.4401"
"50,9 : 0.4401"
"9,51 : 0.36"
"51,9 : 0.36"
"9,52 : 0.8065"
"52,9 : 0.8065"
"9,53 : 0.9663"
"53,9 : 0.9663"
"9,54 : 0.39"
"54,9 : 0.39"
"9,55 : 0.3829"
"55,9 : 0.3829"
"9,56 : 0.992"
"56,9 : 0.992"
"9,57 : 0.4534"
"57,9 : 0.4534"
"9,58 : 0.6044"
"58,9 : 0.6044"
"9,59 : 0.2025"
"59,9 : 0.2025"
"9,60 : 0.8829"
"60,9 : 0.8829"
"9,61 : 1.1881"
"61,9 : 1.1881"
"9,62 : 0.8286"
"62,9 : 0.8286"
"9,63 : 0.6243"
"63,9 : 0.6243"
"9,64 : 0.9625"
"64,9 : 0.9625"
"9,65 : 0.8322"
"65,9 : 0.8322"
"9,66 : 0.2267"
"66,9 : 0.2267"
"9,67 : 0.3607"
"67,9 : 0.3607"
"9,68 : 0.6595"
"68,9 : 0.6595"
"9,69 : 0.7088"
"69,9 : 0.7088"
"9,70 : 0.5728"
"70,9 : 0.5728"
"9,71 : 0.9701"
"71,9 : 0.9701"
"9,72 : 0.4528"
"72,9 : 0.4528"
"9,73 : 0.5192"
"73,9 : 0.5192"
"9,74 : 0.2126"
"74,9 : 0.2126"
"9,75 : 0.386"
"75,9 : 0.386"
"9,76 : 0.1789"
"76,9 : 0.1789"
"9,77 : 0.3087"
"77,9 : 0.3087"
"9,78 : 0.8387"
"78,9 : 0.8387"
"9,79 : 0.6101"
"79,9 : 0.6101"
"9,80 : 0.0806"
"80,9 : 0.0806"
"9,81 : 0.6237"
"81,9 : 0.6237"
"9,82 : 0.8677"
"82,9 : 0.8677"
"9,83 : 0.8429"
"83,9 : 0.8429"
"9,84 : 0.91"
"84,9 : 0.91"
"9,85 : 0.5554"
"85,9 : 0.5554"
"9,86 : 0.8668"
"86,9 : 0.8668"
"9,87 : 1.1322"
"87,9 : 1.1322"
"9,88 : 0.75"
"88,9 : 0.75"
"9,89 : 0.8204"
"89,9 : 0.8204"
"9,90 : 0.4704"
"90,9 : 0.4704"
"9,91 : 0.7906"
"91,9 : 0.7906"
"9,92 : 0.2402"
"92,9 : 0.2402"
"9,93 : 0.3162"
"93,9 : 0.3162"
"9,94 : 0.9443"
"94,9 : 0.9443"
"9,95 : 1.1819"
"95,9 : 1.1819"
"9,96 : 0.5533"
"96,9 : 0.5533"
"9,97 : 0.7295"
"97,9 : 0.7295"
"9,98 : 0.5632"
"98,9 : 0.5632"
"9,99 : 0.6168"
"99,9 : 0.6168"
"10,11 : 0.5284"
"11,10 : 0.5284"
"10,12 : 0.4205"
"12,10 : 0.4205"
"10,13 : 0.4653"
"13,10 : 0.4653"
"10,14 : 0.564"
"14,10 : 0.564"
"10,15 : 0.6989"
"15,10 : 0.6989"
"10,16 : 0.564"
"16,10 : 0.564"
"10,17 : 0.5077"
"17,10 : 0.5077"
"10,18 : 0.1581"
"18,10 : 0.1581"
"10,19 : 0.4427"
"19,10 : 0.4427"
"10,20 : 0.6203"
"20,10 : 0.6203"
"10,21 : 0.3842"
"21,10 : 0.3842"
"10,22 : 0.4317"
"22,10 : 0.4317"
"10,23 : 0.7799"
"23,10 : 0.7799"
"10,24 : 0.6083"
"24,10 : 0.6083"
"10,25 : 0.6943"
"25,10 : 0.6943"
"10,26 : 0.6665"
"26,10 : 0.6665"
"10,27 : 0.5629"
"27,10 : 0.5629"
"10,28 : 0.1221"
"28,10 : 0.1221"
"10,29 : 0.2202"
"29,10 : 0.2202"
"10,30 : 0.4851"
"30,10 : 0.4851"
"10,31 : 0.2236"
"31,10 : 0.2236"
"10,32 : 0.729"
"32,10 : 0.729"
"10,33 : 0.211"
"33,10 : 0.211"
"10,34 : 0.3891"
"34,10 : 0.3891"
"10,35 : 0.3506"
"35,10 : 0.3506"
"10,36 : 0.2402"
"36,10 : 0.2402"
"10,37 : 0.6301"
"37,10 : 0.6301"
"10,38 : 0.392"
"38,10 : 0.392"
"10,39 : 0.322"
"39,10 : 0.322"
"10,40 : 0.2484"
"40,10 : 0.2484"
"10,41 : 0.2285"
"41,10 : 0.2285"
"10,42 : 0.6803"
"42,10 : 0.6803"
"10,43 : 0.3808"
"43,10 : 0.3808"
"10,44 : 0.3401"
"44,10 : 0.3401"
"10,45 : 0.1985"
"45,10 : 0.1985"
"10,46 : 0.6984"
"46,10 : 0.6984"
"10,47 : 0.2571"
"47,10 : 0.2571"
"10,48 : 0.6447"
"48,10 : 0.6447"
"10,49 : 0.4342"
"49,10 : 0.4342"
"10,50 : 0.4518"
"50,10 : 0.4518"
"10,51 : 0.6174"
"51,10 : 0.6174"
"10,52 : 0.3534"
"52,10 : 0.3534"
"10,53 : 0.7513"
"53,10 : 0.7513"
"10,54 : 0.4855"
"54,10 : 0.4855"
"10,55 : 0.458"
"55,10 : 0.458"
"10,56 : 0.2309"
"56,10 : 0.2309"
"10,57 : 0.3821"
"57,10 : 0.3821"
"10,58 : 0.392"
"58,10 : 0.392"
"10,59 : 0.6629"
"59,10 : 0.6629"
"10,60 : 0.4327"
"60,10 : 0.4327"
"10,61 : 0.3677"
"61,10 : 0.3677"
"10,62 : 0.4357"
"62,10 : 0.4357"
"10,63 : 0.2648"
"63,10 : 0.2648"
"10,64 : 0.2377"
"64,10 : 0.2377"
"10,65 : 0.136"
"65,10 : 0.136"
"10,66 : 0.8406"
"66,10 : 0.8406"
"10,67 : 0.4763"
"67,10 : 0.4763"
"10,68 : 0.1769"
"68,10 : 0.1769"
"10,69 : 0.4368"
"69,10 : 0.4368"
"10,70 : 0.264"
"70,10 : 0.264"
"10,71 : 0.153"
"71,10 : 0.153"
"10,72 : 0.4022"
"72,10 : 0.4022"
"10,73 : 0.7102"
"73,10 : 0.7102"
"10,74 : 0.6229"
"74,10 : 0.6229"
"10,75 : 0.4632"
"75,10 : 0.4632"
"10,76 : 0.6648"
"76,10 : 0.6648"
"10,77 : 0.5482"
"77,10 : 0.5482"
"10,78 : 0.0424"
"78,10 : 0.0424"
"10,79 : 0.612"
"79,10 : 0.612"
"10,80 : 0.8841"
"80,10 : 0.8841"
"10,81 : 0.6901"
"81,10 : 0.6901"
"10,82 : 0.2193"
"82,10 : 0.2193"
"10,83 : 0.01"
"83,10 : 0.01"
"10,84 : 0.6306"
"84,10 : 0.6306"
"10,85 : 0.4031"
"85,10 : 0.4031"
"10,86 : 0.4528"
"86,10 : 0.4528"
"10,87 : 0.3089"
"87,10 : 0.3089"
"10,88 : 0.5749"
"88,10 : 0.5749"
"10,89 : 0.0583"
"89,10 : 0.0583"
"10,90 : 0.6067"
"90,10 : 0.6067"
"10,91 : 0.6895"
"91,10 : 0.6895"
"10,92 : 0.6685"
"92,10 : 0.6685"
"10,93 : 0.5604"
"93,10 : 0.5604"
"10,94 : 0.2941"
"94,10 : 0.2941"
"10,95 : 0.3466"
"95,10 : 0.3466"
"10,96 : 0.5049"
"96,10 : 0.5049"
"10,97 : 0.211"
"97,10 : 0.211"
"10,98 : 0.56"
"98,10 : 0.56"
"10,99 : 0.4105"
"99,10 : 0.4105"
"11,12 : 0.3046"
"12,11 : 0.3046"
"11,13 : 0.4826"
"13,11 : 0.4826"
"11,14 : 0.8223"
"14,11 : 0.8223"
"11,15 : 0.7976"
"15,11 : 0.7976"
"11,16 : 0.8223"
"16,11 : 0.8223"
"11,17 : 0.7495"
"17,11 : 0.7495"
"11,18 : 0.3744"
"18,11 : 0.3744"
"11,19 : 0.621"
"19,11 : 0.621"
"11,20 : 0.5685"
"20,11 : 0.5685"
"11,21 : 0.1612"
"21,11 : 0.1612"
"11,22 : 0.3622"
"22,11 : 0.3622"
"11,23 : 0.2818"
"23,11 : 0.2818"
"11,24 : 0.2126"
"24,11 : 0.2126"
"11,25 : 0.2088"
"25,11 : 0.2088"
"11,26 : 0.1393"
"26,11 : 0.1393"
"11,27 : 0.1664"
"27,11 : 0.1664"
"11,28 : 0.5914"
"28,11 : 0.5914"
"11,29 : 0.3466"
"29,11 : 0.3466"
"11,30 : 0.3306"
"30,11 : 0.3306"
"11,31 : 0.7432"
"31,11 : 0.7432"
"11,32 : 0.4111"
"32,11 : 0.4111"
"11,33 : 0.7117"
"33,11 : 0.7117"
"11,34 : 0.6364"
"34,11 : 0.6364"
"11,35 : 0.4884"
"35,11 : 0.4884"
"11,36 : 0.4504"
"36,11 : 0.4504"
"11,37 : 0.3191"
"37,11 : 0.3191"
"11,38 : 0.2256"
"38,11 : 0.2256"
"11,39 : 0.8491"
"39,11 : 0.8491"
"11,40 : 0.7739"
"40,11 : 0.7739"
"11,41 : 0.5523"
"41,11 : 0.5523"
"11,42 : 0.1612"
"42,11 : 0.1612"
"11,43 : 0.9079"
"43,11 : 0.9079"
"11,44 : 0.8677"
"44,11 : 0.8677"
"11,45 : 0.7185"
"45,11 : 0.7185"
"11,46 : 0.8732"
"46,11 : 0.8732"
"11,47 : 0.7788"
"47,11 : 0.7788"
"11,48 : 0.536"
"48,11 : 0.536"
"11,49 : 0.4346"
"49,11 : 0.4346"
"11,50 : 0.2865"
"50,11 : 0.2865"
"11,51 : 0.3606"
"51,11 : 0.3606"
"11,52 : 0.6129"
"52,11 : 0.6129"
"11,53 : 0.8989"
"53,11 : 0.8989"
"11,54 : 0.25"
"54,11 : 0.25"
"11,55 : 0.0906"
"55,11 : 0.0906"
"11,56 : 0.6586"
"56,11 : 0.6586"
"11,57 : 0.18"
"57,11 : 0.18"
"11,58 : 0.4397"
"58,11 : 0.4397"
"11,59 : 0.1421"
"59,11 : 0.1421"
"11,60 : 0.7071"
"60,11 : 0.7071"
"11,61 : 0.8944"
"61,11 : 0.8944"
"11,62 : 0.4982"
"62,11 : 0.4982"
"11,63 : 0.29"
"63,11 : 0.29"
"11,64 : 0.7009"
"64,11 : 0.7009"
"11,65 : 0.5604"
"65,11 : 0.5604"
"11,66 : 0.4501"
"66,11 : 0.4501"
"11,67 : 0.0985"
"67,11 : 0.0985"
"11,68 : 0.364"
"68,11 : 0.364"
"11,69 : 0.3821"
"69,11 : 0.3821"
"11,70 : 0.2693"
"70,11 : 0.2693"
"11,71 : 0.6754"
"71,11 : 0.6754"
"11,72 : 0.2404"
"72,11 : 0.2404"
"11,73 : 0.5561"
"73,11 : 0.5561"
"11,74 : 0.16"
"74,11 : 0.16"
"11,75 : 0.0707"
"75,11 : 0.0707"
"11,76 : 0.22"
"76,11 : 0.22"
"11,77 : 0.2081"
"77,11 : 0.2081"
"11,78 : 0.5413"
"78,11 : 0.5413"
"11,79 : 0.3444"
"79,11 : 0.3444"
"11,80 : 0.4085"
"80,11 : 0.4085"
"11,81 : 0.6224"
"81,11 : 0.6224"
"11,82 : 0.6181"
"82,11 : 0.6181"
"11,83 : 0.5371"
"83,11 : 0.5371"
"11,84 : 0.8078"
"84,11 : 0.8078"
"11,85 : 0.2184"
"85,11 : 0.2184"
"11,86 : 0.7021"
"86,11 : 0.7021"
"11,87 : 0.8081"
"87,11 : 0.8081"
"11,88 : 0.6619"
"88,11 : 0.6619"
"11,89 : 0.5022"
"89,11 : 0.5022"
"11,90 : 0.2202"
"90,11 : 0.2202"
"11,91 : 0.5255"
"91,11 : 0.5255"
"11,92 : 0.3008"
"92,11 : 0.3008"
"11,93 : 0.2441"
"93,11 : 0.2441"
"11,94 : 0.7058"
"94,11 : 0.7058"
"11,95 : 0.8684"
"95,11 : 0.8684"
"11,96 : 0.4579"
"96,11 : 0.4579"
"11,97 : 0.4826"
"97,11 : 0.4826"
"11,98 : 0.2786"
"98,11 : 0.2786"
"11,99 : 0.2844"
"99,11 : 0.2844"
"12,13 : 0.6426"
"13,12 : 0.6426"
"12,14 : 0.5247"
"14,12 : 0.5247"
"12,15 : 0.4965"
"15,12 : 0.4965"
"12,16 : 0.5247"
"16,12 : 0.5247"
"12,17 : 0.4528"
"17,12 : 0.4528"
"12,18 : 0.3314"
"18,12 : 0.3314"
"12,19 : 0.3225"
"19,12 : 0.3225"
"12,20 : 0.2884"
"20,12 : 0.2884"
"12,21 : 0.1844"
"21,12 : 0.1844"
"12,22 : 0.5367"
"22,12 : 0.5367"
"12,23 : 0.4301"
"23,12 : 0.4301"
"12,24 : 0.5048"
"24,12 : 0.5048"
"12,25 : 0.3493"
"25,12 : 0.3493"
"12,26 : 0.4159"
"26,12 : 0.4159"
"12,27 : 0.4522"
"27,12 : 0.4522"
"12,28 : 0.4177"
"28,12 : 0.4177"
"12,29 : 0.3722"
"29,12 : 0.3722"
"12,30 : 0.5408"
"30,12 : 0.5408"
"12,31 : 0.58"
"31,12 : 0.58"
"12,32 : 0.3089"
"32,12 : 0.3089"
"12,33 : 0.5308"
"33,12 : 0.5308"
"12,34 : 0.3513"
"34,12 : 0.3513"
"12,35 : 0.2022"
"35,12 : 0.2022"
"12,36 : 0.2202"
"36,12 : 0.2202"
"12,37 : 0.5955"
"37,12 : 0.5955"
"12,38 : 0.0922"
"38,12 : 0.0922"
"12,39 : 0.7201"
"39,12 : 0.7201"
"12,40 : 0.6546"
"40,12 : 0.6546"
"12,41 : 0.3191"
"41,12 : 0.3191"
"12,42 : 0.4512"
"42,12 : 0.4512"
"12,43 : 0.7495"
"43,12 : 0.7495"
"12,44 : 0.7145"
"44,12 : 0.7145"
"12,45 : 0.614"
"45,12 : 0.614"
"12,46 : 0.5686"
"46,12 : 0.5686"
"12,47 : 0.6152"
"47,12 : 0.6152"
"12,48 : 0.7601"
"48,12 : 0.7601"
"12,49 : 0.13"
"49,12 : 0.13"
"12,50 : 0.0361"
"50,12 : 0.0361"
"12,51 : 0.197"
"51,12 : 0.197"
"12,52 : 0.3354"
"52,12 : 0.3354"
"12,53 : 0.5954"
"53,12 : 0.5954"
"12,54 : 0.0854"
"54,12 : 0.0854"
"12,55 : 0.2195"
"55,12 : 0.2195"
"12,56 : 0.6306"
"56,12 : 0.6306"
"12,57 : 0.1562"
"57,12 : 0.1562"
"12,58 : 0.1404"
"58,12 : 0.1404"
"12,59 : 0.3701"
"59,12 : 0.3701"
"12,60 : 0.4205"
"60,12 : 0.4205"
"12,61 : 0.7354"
"61,12 : 0.7354"
"12,62 : 0.6389"
"62,12 : 0.6389"
"12,63 : 0.3396"
"63,12 : 0.3396"
"12,64 : 0.4941"
"64,12 : 0.4941"
"12,65 : 0.3748"
"65,12 : 0.3748"
"12,66 : 0.4264"
"66,12 : 0.4264"
"12,67 : 0.2062"
"67,12 : 0.2062"
"12,68 : 0.2571"
"68,12 : 0.2571"
"12,69 : 0.5546"
"69,12 : 0.5546"
"12,70 : 0.222"
"70,12 : 0.222"
"12,71 : 0.5263"
"71,12 : 0.5263"
"12,72 : 0.0707"
"72,12 : 0.0707"
"12,73 : 0.3256"
"73,12 : 0.3256"
"12,74 : 0.2828"
"74,12 : 0.2828"
"12,75 : 0.247"
"75,12 : 0.247"
"12,76 : 0.2973"
"76,12 : 0.2973"
"12,77 : 0.1676"
"77,12 : 0.1676"
"12,78 : 0.4082"
"78,12 : 0.4082"
"12,79 : 0.6081"
"79,12 : 0.6081"
"12,80 : 0.5025"
"80,12 : 0.5025"
"12,81 : 0.3536"
"81,12 : 0.3536"
"12,82 : 0.3966"
"82,12 : 0.3966"
"12,83 : 0.4249"
"83,12 : 0.4249"
"12,84 : 0.5033"
"84,12 : 0.5033"
"12,85 : 0.3966"
"85,12 : 0.3966"
"12,86 : 0.4101"
"86,12 : 0.4101"
"12,87 : 0.729"
"87,12 : 0.729"
"12,88 : 0.3585"
"88,12 : 0.3585"
"12,89 : 0.4301"
"89,12 : 0.4301"
"12,90 : 0.5104"
"90,12 : 0.5104"
"12,91 : 0.7701"
"91,12 : 0.7701"
"12,92 : 0.2625"
"92,12 : 0.2625"
"12,93 : 0.1612"
"93,12 : 0.1612"
"12,94 : 0.4696"
"94,12 : 0.4696"
"12,95 : 0.7545"
"95,12 : 0.7545"
"12,96 : 0.1628"
"96,12 : 0.1628"
"12,97 : 0.2625"
"97,12 : 0.2625"
"12,98 : 0.5374"
"98,12 : 0.5374"
"12,99 : 0.4614"
"99,12 : 0.4614"
"13,14 : 1.0057"
"14,13 : 1.0057"
"13,15 : 1.0881"
"15,13 : 1.0881"
"13,16 : 1.0057"
"16,13 : 1.0057"
"13,17 : 0.9407"
"17,13 : 0.9407"
"13,18 : 0.3748"
"18,13 : 0.3748"
"13,19 : 0.8439"
"19,13 : 0.8439"
"13,20 : 0.9261"
"20,13 : 0.9261"
"13,21 : 0.473"
"21,13 : 0.473"
"13,22 : 0.1204"
"22,13 : 0.1204"
"13,23 : 0.7519"
