x,y
0.8,0.54
0.98,0.78
0.35,0.48
0.87,0.36
0.47,0.58
0.55,0.31
0.26,0.22
0.9,0.81
0.61,0.03
0.46,0.39
0.33,0.61
0.72,0.77
0.84,0.95
0.81,0.73
0.71,0.76
0.93,0.52
0.75,0.59
0.13,0.3
0.11,0.37
0.05,0.16
0.22,0.17
0.4,0.58
0.76,0.65
0.35,0.55
0.18,0.57
0.42,0.42
0.25,0.98
0.83,0.98
0.17,0.02
0.6,0.68
0.75,0.99
0.49,0.79
0.21,0.16
0.29,0.44
0.66,0.9
0.8,0.21
0.22,0.87
0.04,0.3
0.02,0.76
0.28,0.42
0.41,0.92
0.06,0.84
0.55,0.92
0.22,0.99
0.18,0.6
0.8,0.06
0.54,0.17
0.55,0.39
0.62,0.27
0.08,0.26
0.9,0.42
0.95,0.29
0.3,0.45
0.14,0.62
0.25,0.51
0.02,0.15
0.26,0.3
0.51,0.55
0.39,0.78
0.28,0.37
0.11,0.88
0.26,0.73
0.47,0.27
0.25,0.02
0.57,0.26
0.31,0.74
0.99,0.4
0.8,0.62
0.61,0.78
0.45,0.93
0.54,0.78
0.92,0.99
0.79,0.32
0.94,0.33
0.46,0.93
0.1,0.59
0.45,0.68
0.14,0.6
0.81,0.01
0.37,0.99
0.16,0.44
0.01,0.44
0.58,0.49
0.66,0.15
0.41,0.31
0.85,0.4
0.0,0.83
0.3,0.89
0.56,0.11
0.21,0.96
0.88,0.03
0.55,0.47
0.69,0.49
0.58,0.78
0.19,0.17
0.61,0.32
0.55,0.37
0.46,0.93
0.62,0.31
0.34,0.95

Distanze
"0,1 : 0.3"
"1,0 : 0.3"
"0,2 : 0.454"
"2,0 : 0.454"
"0,3 : 0.1931"
"3,0 : 0.1931"
"0,4 : 0.3324"
"4,0 : 0.3324"
"0,5 : 0.3397"
"5,0 : 0.3397"
"0,6 : 0.6277"
"6,0 : 0.6277"
"0,7 : 0.2879"
"7,0 : 0.2879"
"0,8 : 0.5442"
"8,0 : 0.5442"
"0,9 : 0.3716"
"9,0 : 0.3716"
"0,10 : 0.4752"
"10,0 : 0.4752"
"0,11 : 0.2435"
"11,0 : 0.2435"
"0,12 : 0.4119"
"12,0 : 0.4119"
"0,13 : 0.1903"
"13,0 : 0.1903"
"0,14 : 0.2377"
"14,0 : 0.2377"
"0,15 : 0.1315"
"15,0 : 0.1315"
"0,16 : 0.0707"
"16,0 : 0.0707"
"0,17 : 0.7117"
"17,0 : 0.7117"
"0,18 : 0.7106"
"18,0 : 0.7106"
"0,19 : 0.8408"
"19,0 : 0.8408"
"0,20 : 0.688"
"20,0 : 0.688"
"0,21 : 0.402"
"21,0 : 0.402"
"0,22 : 0.117"
"22,0 : 0.117"
"0,23 : 0.4501"
"23,0 : 0.4501"
"0,24 : 0.6207"
"24,0 : 0.6207"
"0,25 : 0.3985"
"25,0 : 0.3985"
"0,26 : 0.7043"
"26,0 : 0.7043"
"0,27 : 0.441"
"27,0 : 0.441"
"0,28 : 0.8169"
"28,0 : 0.8169"
"0,29 : 0.2441"
"29,0 : 0.2441"
"0,30 : 0.4528"
"30,0 : 0.4528"
"0,31 : 0.3982"
"31,0 : 0.3982"
"0,32 : 0.7018"
"32,0 : 0.7018"
"0,33 : 0.5197"
"33,0 : 0.5197"
"0,34 : 0.3863"
"34,0 : 0.3863"
"0,35 : 0.33"
"35,0 : 0.33"
"0,36 : 0.6673"
"36,0 : 0.6673"
"0,37 : 0.797"
"37,0 : 0.797"
"0,38 : 0.8104"
"38,0 : 0.8104"
"0,39 : 0.5337"
"39,0 : 0.5337"
"0,40 : 0.5445"
"40,0 : 0.5445"
"0,41 : 0.7985"
"41,0 : 0.7985"
"0,42 : 0.4549"
"42,0 : 0.4549"
"0,43 : 0.7341"
"43,0 : 0.7341"
"0,44 : 0.6229"
"44,0 : 0.6229"
"0,45 : 0.48"
"45,0 : 0.48"
"0,46 : 0.4522"
"46,0 : 0.4522"
"0,47 : 0.2915"
"47,0 : 0.2915"
"0,48 : 0.3245"
"48,0 : 0.3245"
"0,49 : 0.7725"
"49,0 : 0.7725"
"0,50 : 0.1562"
"50,0 : 0.1562"
"0,51 : 0.2915"
"51,0 : 0.2915"
"0,52 : 0.508"
"52,0 : 0.508"
"0,53 : 0.6648"
"53,0 : 0.6648"
"0,54 : 0.5508"
"54,0 : 0.5508"
"0,55 : 0.8721"
"55,0 : 0.8721"
"0,56 : 0.5909"
"56,0 : 0.5909"
"0,57 : 0.2902"
"57,0 : 0.2902"
"0,58 : 0.4751"
"58,0 : 0.4751"
"0,59 : 0.5471"
"59,0 : 0.5471"
"0,60 : 0.7692"
"60,0 : 0.7692"
"0,61 : 0.5725"
"61,0 : 0.5725"
"0,62 : 0.4264"
"62,0 : 0.4264"
"0,63 : 0.7569"
"63,0 : 0.7569"
"0,64 : 0.3624"
"64,0 : 0.3624"
"0,65 : 0.5292"
"65,0 : 0.5292"
"0,66 : 0.236"
"66,0 : 0.236"
"0,67 : 0.08"
"67,0 : 0.08"
"0,68 : 0.3061"
"68,0 : 0.3061"
"0,69 : 0.524"
"69,0 : 0.524"
"0,70 : 0.3538"
"70,0 : 0.3538"
"0,71 : 0.4657"
"71,0 : 0.4657"
"0,72 : 0.2202"
"72,0 : 0.2202"
"0,73 : 0.2524"
"73,0 : 0.2524"
"0,74 : 0.5174"
"74,0 : 0.5174"
"0,75 : 0.7018"
"75,0 : 0.7018"
"0,76 : 0.377"
"76,0 : 0.377"
"0,77 : 0.6627"
"77,0 : 0.6627"
"0,78 : 0.5301"
"78,0 : 0.5301"
"0,79 : 0.6224"
"79,0 : 0.6224"
"0,80 : 0.6478"
"80,0 : 0.6478"
"0,81 : 0.7963"
"81,0 : 0.7963"
"0,82 : 0.2256"
"82,0 : 0.2256"
"0,83 : 0.4144"
"83,0 : 0.4144"
"0,84 : 0.4528"
"84,0 : 0.4528"
"0,85 : 0.1487"
"85,0 : 0.1487"
"0,86 : 0.8509"
"86,0 : 0.8509"
"0,87 : 0.6103"
"87,0 : 0.6103"
"0,88 : 0.4924"
"88,0 : 0.4924"
"0,89 : 0.7242"
"89,0 : 0.7242"
"0,90 : 0.5162"
"90,0 : 0.5162"
"0,91 : 0.2596"
"91,0 : 0.2596"
"0,92 : 0.1208"
"92,0 : 0.1208"
"0,93 : 0.3256"
"93,0 : 0.3256"
"0,94 : 0.7134"
"94,0 : 0.7134"
"0,95 : 0.2907"
"95,0 : 0.2907"
"0,96 : 0.3023"
"96,0 : 0.3023"
"0,97 : 0.5174"
"97,0 : 0.5174"
"0,98 : 0.2921"
"98,0 : 0.2921"
"0,99 : 0.6162"
"99,0 : 0.6162"
"1,2 : 0.6978"
"2,1 : 0.6978"
"1,3 : 0.4342"
"3,1 : 0.4342"
"1,4 : 0.5478"
"4,1 : 0.5478"
"1,5 : 0.637"
"5,1 : 0.637"
"1,6 : 0.9121"
"6,1 : 0.9121"
"1,7 : 0.0854"
"7,1 : 0.0854"
"1,8 : 0.8363"
"8,1 : 0.8363"
"1,9 : 0.65"
"9,1 : 0.65"
"1,10 : 0.6719"
"10,1 : 0.6719"
"1,11 : 0.2602"
"11,1 : 0.2602"
"1,12 : 0.2202"
"12,1 : 0.2202"
"1,13 : 0.1772"
"13,1 : 0.1772"
"1,14 : 0.2707"
"14,1 : 0.2707"
"1,15 : 0.2648"
"15,1 : 0.2648"
"1,16 : 0.2983"
"16,1 : 0.2983"
"1,17 : 0.9762"
"17,1 : 0.9762"
"1,18 : 0.9618"
"18,1 : 0.9618"
"1,19 : 1.1177"
"19,1 : 1.1177"
"1,20 : 0.9745"
"20,1 : 0.9745"
"1,21 : 0.6135"
"21,1 : 0.6135"
"1,22 : 0.2555"
"22,1 : 0.2555"
"1,23 : 0.6707"
"23,1 : 0.6707"
"1,24 : 0.8271"
"24,1 : 0.8271"
"1,25 : 0.6657"
"25,1 : 0.6657"
"1,26 : 0.7569"
"26,1 : 0.7569"
"1,27 : 0.25"
"27,1 : 0.25"
"1,28 : 1.1107"
"28,1 : 1.1107"
"1,29 : 0.3929"
"29,1 : 0.3929"
"1,30 : 0.3114"
"30,1 : 0.3114"
"1,31 : 0.4901"
"31,1 : 0.4901"
"1,32 : 0.9886"
"32,1 : 0.9886"
"1,33 : 0.7692"
"33,1 : 0.7692"
"1,34 : 0.3418"
"34,1 : 0.3418"
"1,35 : 0.5977"
"35,1 : 0.5977"
"1,36 : 0.7653"
"36,1 : 0.7653"
"1,37 : 1.0555"
"37,1 : 1.0555"
"1,38 : 0.9602"
"38,1 : 0.9602"
"1,39 : 0.7871"
"39,1 : 0.7871"
"1,40 : 0.5869"
"40,1 : 0.5869"
"1,41 : 0.922"
"41,1 : 0.922"
"1,42 : 0.4522"
"42,1 : 0.4522"
"1,43 : 0.7885"
"43,1 : 0.7885"
"1,44 : 0.82"
"44,1 : 0.82"
"1,45 : 0.7422"
"45,1 : 0.7422"
"1,46 : 0.7521"
"46,1 : 0.7521"
"1,47 : 0.5805"
"47,1 : 0.5805"
"1,48 : 0.6243"
"48,1 : 0.6243"
"1,49 : 1.0394"
"49,1 : 1.0394"
"1,50 : 0.3688"
"50,1 : 0.3688"
"1,51 : 0.4909"
"51,1 : 0.4909"
"1,52 : 0.7558"
"52,1 : 0.7558"
"1,53 : 0.8551"
"53,1 : 0.8551"
"1,54 : 0.7783"
"54,1 : 0.7783"
"1,55 : 1.1483"
"55,1 : 1.1483"
"1,56 : 0.8653"
"56,1 : 0.8653"
"1,57 : 0.5233"
"57,1 : 0.5233"
"1,58 : 0.59"
"58,1 : 0.59"
"1,59 : 0.8112"
"59,1 : 0.8112"
"1,60 : 0.8757"
"60,1 : 0.8757"
"1,61 : 0.7217"
"61,1 : 0.7217"
"1,62 : 0.7212"
"62,1 : 0.7212"
"1,63 : 1.0538"
"63,1 : 1.0538"
"1,64 : 0.6622"
"64,1 : 0.6622"
"1,65 : 0.6712"
"65,1 : 0.6712"
"1,66 : 0.3801"
"66,1 : 0.3801"
"1,67 : 0.2408"
"67,1 : 0.2408"
"1,68 : 0.37"
"68,1 : 0.37"
"1,69 : 0.5508"
"69,1 : 0.5508"
"1,70 : 0.44"
"70,1 : 0.44"
"1,71 : 0.2184"
"71,1 : 0.2184"
"1,72 : 0.4977"
"72,1 : 0.4977"
"1,73 : 0.4518"
"73,1 : 0.4518"
"1,74 : 0.5412"
"74,1 : 0.5412"
"1,75 : 0.9003"
"75,1 : 0.9003"
"1,76 : 0.5394"
"76,1 : 0.5394"
"1,77 : 0.8591"
"77,1 : 0.8591"
"1,78 : 0.7885"
"78,1 : 0.7885"
"1,79 : 0.6451"
"79,1 : 0.6451"
"1,80 : 0.8877"
"80,1 : 0.8877"
"1,81 : 1.0279"
"81,1 : 1.0279"
"1,82 : 0.4941"
"82,1 : 0.4941"
"1,83 : 0.7066"
"83,1 : 0.7066"
"1,84 : 0.7388"
"84,1 : 0.7388"
"1,85 : 0.4016"
"85,1 : 0.4016"
"1,86 : 0.9813"
"86,1 : 0.9813"
"1,87 : 0.6888"
"87,1 : 0.6888"
"1,88 : 0.7908"
"88,1 : 0.7908"
"1,89 : 0.7908"
"89,1 : 0.7908"
"1,90 : 0.7566"
"90,1 : 0.7566"
"1,91 : 0.5301"
"91,1 : 0.5301"
"1,92 : 0.4101"
"92,1 : 0.4101"
"1,93 : 0.4"
"93,1 : 0.4"
"1,94 : 0.9981"
"94,1 : 0.9981"
"1,95 : 0.5903"
"95,1 : 0.5903"
"1,96 : 0.5941"
"96,1 : 0.5941"
"1,97 : 0.5412"
"97,1 : 0.5412"
"1,98 : 0.592"
"98,1 : 0.592"
"1,99 : 0.6622"
"99,1 : 0.6622"
"2,3 : 0.5337"
"3,2 : 0.5337"
"2,4 : 0.1562"
"4,2 : 0.1562"
"2,5 : 0.2625"
"5,2 : 0.2625"
"2,6 : 0.2751"
"6,2 : 0.2751"
"2,7 : 0.6414"
"7,2 : 0.6414"
"2,8 : 0.5197"
"8,2 : 0.5197"
"2,9 : 0.1421"
"9,2 : 0.1421"
"2,10 : 0.1315"
"10,2 : 0.1315"
"2,11 : 0.4701"
"11,2 : 0.4701"
"2,12 : 0.679"
"12,2 : 0.679"
"2,13 : 0.5235"
"13,2 : 0.5235"
"2,14 : 0.4561"
"14,2 : 0.4561"
"2,15 : 0.5814"
"15,2 : 0.5814"
"2,16 : 0.4148"
"16,2 : 0.4148"
"2,17 : 0.2843"
"17,2 : 0.2843"
"2,18 : 0.264"
"18,2 : 0.264"
"2,19 : 0.4386"
"19,2 : 0.4386"
"2,20 : 0.3362"
"20,2 : 0.3362"
"2,21 : 0.1118"
"21,2 : 0.1118"
"2,22 : 0.4438"
"22,2 : 0.4438"
"2,23 : 0.07"
"23,2 : 0.07"
"2,24 : 0.1924"
"24,2 : 0.1924"
"2,25 : 0.0922"
"25,2 : 0.0922"
"2,26 : 0.5099"
"26,2 : 0.5099"
"2,27 : 0.6931"
"27,2 : 0.6931"
"2,28 : 0.494"
"28,2 : 0.494"
"2,29 : 0.3202"
"29,2 : 0.3202"
"2,30 : 0.6482"
"30,2 : 0.6482"
"2,31 : 0.3401"
"31,2 : 0.3401"
"2,32 : 0.3493"
"32,2 : 0.3493"
"2,33 : 0.0721"
"33,2 : 0.0721"
"2,34 : 0.522"
"34,2 : 0.522"
"2,35 : 0.5248"
"35,2 : 0.5248"
"2,36 : 0.4111"
"36,2 : 0.4111"
"2,37 : 0.3585"
"37,2 : 0.3585"
"2,38 : 0.4328"
"38,2 : 0.4328"
"2,39 : 0.0922"
"39,2 : 0.0922"
"2,40 : 0.4441"
"40,2 : 0.4441"
"2,41 : 0.4623"
"41,2 : 0.4623"
"2,42 : 0.4833"
"42,2 : 0.4833"
"2,43 : 0.5263"
"43,2 : 0.5263"
"2,44 : 0.2081"
"44,2 : 0.2081"
"2,45 : 0.6155"
"45,2 : 0.6155"
"2,46 : 0.3636"
"46,2 : 0.3636"
"2,47 : 0.2193"
"47,2 : 0.2193"
"2,48 : 0.3421"
"48,2 : 0.3421"
"2,49 : 0.3483"
"49,2 : 0.3483"
"2,50 : 0.5533"
"50,2 : 0.5533"
"2,51 : 0.6294"
"51,2 : 0.6294"
"2,52 : 0.0583"
"52,2 : 0.0583"
"2,53 : 0.2524"
"53,2 : 0.2524"
"2,54 : 0.1044"
"54,2 : 0.1044"
"2,55 : 0.4667"
"55,2 : 0.4667"
"2,56 : 0.2012"
"56,2 : 0.2012"
"2,57 : 0.1746"
"57,2 : 0.1746"
"2,58 : 0.3027"
"58,2 : 0.3027"
"2,59 : 0.1304"
"59,2 : 0.1304"
"2,60 : 0.4665"
"60,2 : 0.4665"
"2,61 : 0.2657"
"61,2 : 0.2657"
"2,62 : 0.2419"
"62,2 : 0.2419"
"2,63 : 0.4707"
"63,2 : 0.4707"
"2,64 : 0.3111"
"64,2 : 0.3111"
"2,65 : 0.2631"
"65,2 : 0.2631"
"2,66 : 0.645"
"66,2 : 0.645"
"2,67 : 0.4713"
"67,2 : 0.4713"
"2,68 : 0.397"
"68,2 : 0.397"
"2,69 : 0.461"
"69,2 : 0.461"
"2,70 : 0.3551"
"70,2 : 0.3551"
"2,71 : 0.7649"
"71,2 : 0.7649"
"2,72 : 0.4682"
"72,2 : 0.4682"
"2,73 : 0.6088"
"73,2 : 0.6088"
"2,74 : 0.4632"
"74,2 : 0.4632"
"2,75 : 0.2731"
"75,2 : 0.2731"
"2,76 : 0.2236"
"76,2 : 0.2236"
"2,77 : 0.2419"
"77,2 : 0.2419"
"2,78 : 0.6576"
"78,2 : 0.6576"
"2,79 : 0.5104"
"79,2 : 0.5104"
"2,80 : 0.1942"
"80,2 : 0.1942"
"2,81 : 0.3423"
"81,2 : 0.3423"
"2,82 : 0.2302"
"82,2 : 0.2302"
"2,83 : 0.4528"
"83,2 : 0.4528"
"2,84 : 0.1803"
"84,2 : 0.1803"
"2,85 : 0.5064"
"85,2 : 0.5064"
"2,86 : 0.495"
"86,2 : 0.495"
"2,87 : 0.413"
"87,2 : 0.413"
"2,88 : 0.4254"
"88,2 : 0.4254"
"2,89 : 0.5"
"89,2 : 0.5"
"2,90 : 0.6953"
"90,2 : 0.6953"
"2,91 : 0.2002"
"91,2 : 0.2002"
"2,92 : 0.3401"
"92,2 : 0.3401"
"2,93 : 0.378"
"93,2 : 0.378"
"2,94 : 0.3489"
"94,2 : 0.3489"
"2,95 : 0.3053"
"95,2 : 0.3053"
"2,96 : 0.2283"
"96,2 : 0.2283"
"2,97 : 0.4632"
"97,2 : 0.4632"
"2,98 : 0.3191"
"98,2 : 0.3191"
"2,99 : 0.4701"
"99,2 : 0.4701"
"3,4 : 0.4565"
"4,3 : 0.4565"
"3,5 : 0.3239"
"5,3 : 0.3239"
"3,6 : 0.6259"
"6,3 : 0.6259"
"3,7 : 0.451"
"7,3 : 0.451"
"3,8 : 0.4201"
"8,3 : 0.4201"
"3,9 : 0.4111"
"9,3 : 0.4111"
"3,10 : 0.5951"
"10,3 : 0.5951"
"3,11 : 0.4366"
"11,3 : 0.4366"
"3,12 : 0.5908"
"12,3 : 0.5908"
"3,13 : 0.3748"
"13,3 : 0.3748"
"3,14 : 0.4308"
"14,3 : 0.4308"
"3,15 : 0.1709"
"15,3 : 0.1709"
"3,16 : 0.2594"
"16,3 : 0.2594"
"3,17 : 0.7424"
"17,3 : 0.7424"
"3,18 : 0.7601"
"18,3 : 0.7601"
"3,19 : 0.844"
"19,3 : 0.844"
"3,20 : 0.6772"
"20,3 : 0.6772"
"3,21 : 0.5189"
"21,3 : 0.5189"
"3,22 : 0.3102"
"22,3 : 0.3102"
"3,23 : 0.5536"
"23,3 : 0.5536"
"3,24 : 0.7212"
"24,3 : 0.7212"
"3,25 : 0.454"
"25,3 : 0.454"
"3,26 : 0.8768"
"26,3 : 0.8768"
"3,27 : 0.6213"
"27,3 : 0.6213"
"3,28 : 0.7782"
"28,3 : 0.7782"
"3,29 : 0.4187"
"29,3 : 0.4187"
"3,30 : 0.6413"
"30,3 : 0.6413"
"3,31 : 0.5738"
"31,3 : 0.5738"
"3,32 : 0.6896"
"32,3 : 0.6896"
"3,33 : 0.5855"
"33,3 : 0.5855"
"3,34 : 0.5794"
"34,3 : 0.5794"
"3,35 : 0.1655"
"35,3 : 0.1655"
"3,36 : 0.8262"
"36,3 : 0.8262"
"3,37 : 0.8322"
"37,3 : 0.8322"
"3,38 : 0.9394"
"38,3 : 0.9394"
"3,39 : 0.593"
"39,3 : 0.593"
"3,40 : 0.7247"
"40,3 : 0.7247"
"3,41 : 0.9415"
"41,3 : 0.9415"
"3,42 : 0.645"
"42,3 : 0.645"
"3,43 : 0.9052"
"43,3 : 0.9052"
"3,44 : 0.7305"
"44,3 : 0.7305"
"3,45 : 0.3081"
"45,3 : 0.3081"
"3,46 : 0.3808"
"46,3 : 0.3808"
"3,47 : 0.3214"
"47,3 : 0.3214"
"3,48 : 0.2657"
"48,3 : 0.2657"
"3,49 : 0.7963"
"49,3 : 0.7963"
"3,50 : 0.0671"
"50,3 : 0.0671"
"3,51 : 0.1063"
"51,3 : 0.1063"
"3,52 : 0.5771"
"52,3 : 0.5771"
"3,53 : 0.7749"
"53,3 : 0.7749"
"3,54 : 0.6379"
"54,3 : 0.6379"
"3,55 : 0.8756"
"55,3 : 0.8756"
"3,56 : 0.6129"
"56,3 : 0.6129"
"3,57 : 0.4071"
"57,3 : 0.4071"
"3,58 : 0.6378"
"58,3 : 0.6378"
"3,59 : 0.5901"
"59,3 : 0.5901"
"3,60 : 0.9209"
"60,3 : 0.9209"
"3,61 : 0.7134"
"61,3 : 0.7134"
"3,62 : 0.41"
"62,3 : 0.41"
"3,63 : 0.7071"
"63,3 : 0.7071"
"3,64 : 0.3162"
"64,3 : 0.3162"
"3,65 : 0.6768"
"65,3 : 0.6768"
"3,66 : 0.1265"
"66,3 : 0.1265"
"3,67 : 0.2693"
"67,3 : 0.2693"
"3,68 : 0.494"
"68,3 : 0.494"
"3,69 : 0.708"
"69,3 : 0.708"
"3,70 : 0.5341"
"70,3 : 0.5341"
"3,71 : 0.632"
"71,3 : 0.632"
"3,72 : 0.0894"
"72,3 : 0.0894"
"3,73 : 0.0762"
"73,3 : 0.0762"
"3,74 : 0.7021"
"74,3 : 0.7021"
"3,75 : 0.8036"
"75,3 : 0.8036"
"3,76 : 0.528"
"76,3 : 0.528"
"3,77 : 0.7684"
"77,3 : 0.7684"
"3,78 : 0.3551"
"78,3 : 0.3551"
"3,79 : 0.8043"
"79,3 : 0.8043"
"3,80 : 0.7145"
"80,3 : 0.7145"
"3,81 : 0.8637"
"81,3 : 0.8637"
"3,82 : 0.3178"
"82,3 : 0.3178"
"3,83 : 0.297"
"83,3 : 0.297"
"3,84 : 0.4627"
"84,3 : 0.4627"
"3,85 : 0.0447"
"85,3 : 0.0447"
"3,86 : 0.9888"
"86,3 : 0.9888"
"3,87 : 0.7783"
"87,3 : 0.7783"
"3,88 : 0.3982"
"88,3 : 0.3982"
"3,89 : 0.892"
"89,3 : 0.892"
"3,90 : 0.3302"
"90,3 : 0.3302"
"3,91 : 0.3384"
"91,3 : 0.3384"
"3,92 : 0.222"
"92,3 : 0.222"
"3,93 : 0.5104"
"93,3 : 0.5104"
"3,94 : 0.706"
"94,3 : 0.706"
"3,95 : 0.2631"
"95,3 : 0.2631"
"3,96 : 0.3202"
"96,3 : 0.3202"
"3,97 : 0.7021"
"97,3 : 0.7021"
"3,98 : 0.255"
"98,3 : 0.255"
"3,99 : 0.7931"
"99,3 : 0.7931"
"4,5 : 0.2816"
"5,4 : 0.2816"
"4,6 : 0.4168"
"6,4 : 0.4168"
"4,7 : 0.4876"
"7,4 : 0.4876"
"4,8 : 0.5675"
"8,4 : 0.5675"
"4,9 : 0.1903"
"9,4 : 0.1903"
"4,10 : 0.1432"
"10,4 : 0.1432"
"4,11 : 0.314"
"11,4 : 0.314"
"4,12 : 0.5233"
"12,4 : 0.5233"
"4,13 : 0.3716"
"13,4 : 0.3716"
"4,14 : 0.3"
"14,4 : 0.3"
"4,15 : 0.4639"
"15,4 : 0.4639"
"4,16 : 0.2802"
"16,4 : 0.2802"
"4,17 : 0.4405"
"17,4 : 0.4405"
"4,18 : 0.4168"
"18,4 : 0.4168"
"4,19 : 0.594"
"19,4 : 0.594"
"4,20 : 0.4802"
"20,4 : 0.4802"
"4,21 : 0.07"
"21,4 : 0.07"
"4,22 : 0.2983"
"22,4 : 0.2983"
"4,23 : 0.1237"
"23,4 : 0.1237"
"4,24 : 0.2902"
"24,4 : 0.2902"
"4,25 : 0.1676"
"25,4 : 0.1676"
"4,26 : 0.4565"
"26,4 : 0.4565"
"4,27 : 0.5381"
"27,4 : 0.5381"
"4,28 : 0.6353"
"28,4 : 0.6353"
"4,29 : 0.164"
"29,4 : 0.164"
"4,30 : 0.4965"
"30,4 : 0.4965"
"4,31 : 0.211"
"31,4 : 0.211"
"4,32 : 0.494"
"32,4 : 0.494"
"4,33 : 0.228"
"33,4 : 0.228"
"4,34 : 0.3722"
"34,4 : 0.3722"
"4,35 : 0.4958"
"35,4 : 0.4958"
"4,36 : 0.3829"
"36,4 : 0.3829"
"4,37 : 0.5131"
"37,4 : 0.5131"
"4,38 : 0.4847"
"38,4 : 0.4847"
"4,39 : 0.2484"
"39,4 : 0.2484"
"4,40 : 0.3453"
"40,4 : 0.3453"
"4,41 : 0.4855"
"41,4 : 0.4855"
"4,42 : 0.3493"
"42,4 : 0.3493"
"4,43 : 0.4802"
"43,4 : 0.4802"
"4,44 : 0.2907"
"44,4 : 0.2907"
"4,45 : 0.6159"
"45,4 : 0.6159"
"4,46 : 0.4159"
"46,4 : 0.4159"
"4,47 : 0.2062"
"47,4 : 0.2062"
"4,48 : 0.3444"
"48,4 : 0.3444"
"4,49 : 0.5045"
"49,4 : 0.5045"
"4,50 : 0.4588"
"50,4 : 0.4588"
"4,51 : 0.5608"
"51,4 : 0.5608"
"4,52 : 0.214"
"52,4 : 0.214"
"4,53 : 0.3324"
"53,4 : 0.3324"
"4,54 : 0.2309"
"54,4 : 0.2309"
"4,55 : 0.6224"
"55,4 : 0.6224"
"4,56 : 0.35"
"56,4 : 0.35"
"4,57 : 0.05"
"57,4 : 0.05"
"4,58 : 0.2154"
"58,4 : 0.2154"
"4,59 : 0.2832"
"59,4 : 0.2832"
"4,60 : 0.4686"
"60,4 : 0.4686"
"4,61 : 0.2581"
"61,4 : 0.2581"
"4,62 : 0.31"
"62,4 : 0.31"
"4,63 : 0.6017"
"63,4 : 0.6017"
"4,64 : 0.3353"
"64,4 : 0.3353"
"4,65 : 0.2263"
"65,4 : 0.2263"
"4,66 : 0.5503"
"66,4 : 0.5503"
"4,67 : 0.3324"
"67,4 : 0.3324"
"4,68 : 0.2441"
"68,4 : 0.2441"
"4,69 : 0.3506"
"69,4 : 0.3506"
"4,70 : 0.2119"
"70,4 : 0.2119"
"4,71 : 0.6088"
"71,4 : 0.6088"
"4,72 : 0.4123"
"72,4 : 0.4123"
"4,73 : 0.5324"
"73,4 : 0.5324"
"4,74 : 0.3501"
"74,4 : 0.3501"
"4,75 : 0.3701"
"75,4 : 0.3701"
"4,76 : 0.102"
"76,4 : 0.102"
"4,77 : 0.3306"
"77,4 : 0.3306"
"4,78 : 0.6637"
"78,4 : 0.6637"
"4,79 : 0.422"
"79,4 : 0.422"
"4,80 : 0.3401"
"80,4 : 0.3401"
"4,81 : 0.4808"
"81,4 : 0.4808"
"4,82 : 0.1421"
"82,4 : 0.1421"
"4,83 : 0.4701"
"83,4 : 0.4701"
"4,84 : 0.2766"
"84,4 : 0.2766"
"4,85 : 0.4205"
"85,4 : 0.4205"
"4,86 : 0.5324"
"86,4 : 0.5324"
"4,87 : 0.3536"
"87,4 : 0.3536"
"4,88 : 0.4785"
"88,4 : 0.4785"
"4,89 : 0.4604"
"89,4 : 0.4604"
"4,90 : 0.686"
"90,4 : 0.686"
"4,91 : 0.136"
"91,4 : 0.136"
"4,92 : 0.2377"
"92,4 : 0.2377"
"4,93 : 0.2283"
"93,4 : 0.2283"
"4,94 : 0.4965"
"94,4 : 0.4965"
"4,95 : 0.2953"
"95,4 : 0.2953"
"4,96 : 0.2247"
"96,4 : 0.2247"
"4,97 : 0.3501"
"97,4 : 0.3501"
"4,98 : 0.3089"
"98,4 : 0.3089"
"4,99 : 0.3922"
"99,4 : 0.3922"
"5,6 : 0.3036"
"6,5 : 0.3036"
"5,7 : 0.6103"
"7,5 : 0.6103"
"5,8 : 0.2864"
"8,5 : 0.2864"
"5,9 : 0.1204"
"9,5 : 0.1204"
"5,10 : 0.372"
"10,5 : 0.372"
"5,11 : 0.4904"
"11,5 : 0.4904"
"5,12 : 0.7026"
"12,5 : 0.7026"
"5,13 : 0.494"
"13,5 : 0.494"
"5,14 : 0.4776"
"14,5 : 0.4776"
"5,15 : 0.4342"
"15,5 : 0.4342"
"5,16 : 0.3441"
"16,5 : 0.3441"
"5,17 : 0.4201"
"17,5 : 0.4201"
"5,18 : 0.4441"
"18,5 : 0.4441"
"5,19 : 0.522"
"19,5 : 0.522"
"5,20 : 0.3585"
"20,5 : 0.3585"
"5,21 : 0.3089"
"21,5 : 0.3089"
"5,22 : 0.3996"
"22,5 : 0.3996"
"5,23 : 0.3124"
"23,5 : 0.3124"
"5,24 : 0.4522"
"24,5 : 0.4522"
"5,25 : 0.1703"
"25,5 : 0.1703"
"5,26 : 0.7341"
"26,5 : 0.7341"
"5,27 : 0.7262"
"27,5 : 0.7262"
"5,28 : 0.478"
"28,5 : 0.478"
"5,29 : 0.3734"
"29,5 : 0.3734"
"5,30 : 0.7088"
"30,5 : 0.7088"
"5,31 : 0.4837"
"31,5 : 0.4837"
"5,32 : 0.3716"
"32,5 : 0.3716"
"5,33 : 0.2907"
"33,5 : 0.2907"
"5,34 : 0.6002"
"34,5 : 0.6002"
"5,35 : 0.2693"
"35,5 : 0.2693"
"5,36 : 0.65"
"36,5 : 0.65"
"5,37 : 0.5101"
"37,5 : 0.5101"
"5,38 : 0.6953"
"38,5 : 0.6953"
"5,39 : 0.2915"
"39,5 : 0.2915"
"5,40 : 0.6259"
"40,5 : 0.6259"
"5,41 : 0.7218"
"41,5 : 0.7218"
"5,42 : 0.61"
"42,5 : 0.61"
"5,43 : 0.7558"
"43,5 : 0.7558"
"5,44 : 0.4701"
"44,5 : 0.4701"
"5,45 : 0.3536"
"45,5 : 0.3536"
"5,46 : 0.1404"
"46,5 : 0.1404"
"5,47 : 0.08"
"47,5 : 0.08"
"5,48 : 0.0806"
"48,5 : 0.0806"
"5,49 : 0.4727"
"49,5 : 0.4727"
"5,50 : 0.3669"
"50,5 : 0.3669"
"5,51 : 0.4005"
"51,5 : 0.4005"
"5,52 : 0.2865"
"52,5 : 0.2865"
"5,53 : 0.514"
"53,5 : 0.514"
"5,54 : 0.3606"
"54,5 : 0.3606"
"5,55 : 0.5536"
"55,5 : 0.5536"
"5,56 : 0.2902"
"56,5 : 0.2902"
"5,57 : 0.2433"
"57,5 : 0.2433"
"5,58 : 0.4965"
"58,5 : 0.4965"
"5,59 : 0.2766"
"59,5 : 0.2766"
"5,60 : 0.7201"
"60,5 : 0.7201"
"5,61 : 0.5104"
"61,5 : 0.5104"
"5,62 : 0.0894"
"62,5 : 0.0894"
"5,63 : 0.4173"
"63,5 : 0.4173"
"5,64 : 0.0539"
"64,5 : 0.0539"
"5,65 : 0.4924"
"65,5 : 0.4924"
"5,66 : 0.4491"
"66,5 : 0.4491"
"5,67 : 0.3982"
"67,5 : 0.3982"
"5,68 : 0.4738"
"68,5 : 0.4738"
"5,69 : 0.628"
"69,5 : 0.628"
"5,70 : 0.4701"
"70,5 : 0.4701"
"5,71 : 0.7741"
"71,5 : 0.7741"
"5,72 : 0.2402"
"72,5 : 0.2402"
"5,73 : 0.3905"
"73,5 : 0.3905"
"5,74 : 0.6265"
"74,5 : 0.6265"
"5,75 : 0.53"
"75,5 : 0.53"
"5,76 : 0.3833"
"76,5 : 0.3833"
"5,77 : 0.5022"
"77,5 : 0.5022"
"5,78 : 0.397"
"78,5 : 0.397"
"5,79 : 0.7034"
"79,5 : 0.7034"
"5,80 : 0.4111"
"80,5 : 0.4111"
"5,81 : 0.5554"
"81,5 : 0.5554"
"5,82 : 0.1825"
"82,5 : 0.1825"
"5,83 : 0.1942"
"83,5 : 0.1942"
"5,84 : 0.14"
"84,5 : 0.14"
"5,85 : 0.3132"
"85,5 : 0.3132"
"5,86 : 0.7569"
"86,5 : 0.7569"
"5,87 : 0.6316"
"87,5 : 0.6316"
"5,88 : 0.2002"
"88,5 : 0.2002"
"5,89 : 0.7336"
"89,5 : 0.7336"
"5,90 : 0.4328"
"90,5 : 0.4328"
"5,91 : 0.16"
"91,5 : 0.16"
"5,92 : 0.228"
"92,5 : 0.228"
"5,93 : 0.471"
"93,5 : 0.471"
"5,94 : 0.3863"
"94,5 : 0.3863"
"5,95 : 0.0608"
"95,5 : 0.0608"
"5,96 : 0.06"
"96,5 : 0.06"
"5,97 : 0.6265"
"97,5 : 0.6265"
"5,98 : 0.07"
"98,5 : 0.07"
"5,99 : 0.6736"
"99,5 : 0.6736"
"6,7 : 0.8705"
"7,6 : 0.8705"
"6,8 : 0.3982"
"8,6 : 0.3982"
"6,9 : 0.2625"
"9,6 : 0.2625"
"6,10 : 0.3962"
"10,6 : 0.3962"
"6,11 : 0.717"
"11,6 : 0.717"
"6,12 : 0.9324"
"12,6 : 0.9324"
"6,13 : 0.7501"
"13,6 : 0.7501"
"6,14 : 0.7029"
"14,6 : 0.7029"
"6,15 : 0.7341"
"15,6 : 0.7341"
"6,16 : 0.614"
"16,6 : 0.614"
"6,17 : 0.1526"
"17,6 : 0.1526"
"6,18 : 0.2121"
"18,6 : 0.2121"
"6,19 : 0.2184"
"19,6 : 0.2184"
"6,20 : 0.064"
"20,6 : 0.064"
"6,21 : 0.3863"
"21,6 : 0.3863"
"6,22 : 0.6595"
"22,6 : 0.6595"
"6,23 : 0.3421"
"23,6 : 0.3421"
"6,24 : 0.359"
"24,6 : 0.359"
"6,25 : 0.2561"
"25,6 : 0.2561"
"6,26 : 0.7601"
"26,6 : 0.7601"
"6,27 : 0.95"
"27,6 : 0.95"
"6,28 : 0.2193"
"28,6 : 0.2193"
"6,29 : 0.572"
"29,6 : 0.572"
"6,30 : 0.9127"
"30,6 : 0.9127"
"6,31 : 0.6147"
"31,6 : 0.6147"
"6,32 : 0.0781"
"32,6 : 0.0781"
"6,33 : 0.222"
"33,6 : 0.222"
"6,34 : 0.7889"
"34,6 : 0.7889"
"6,35 : 0.5401"
"35,6 : 0.5401"
"6,36 : 0.6512"
"36,6 : 0.6512"
"6,37 : 0.2341"
"37,6 : 0.2341"
"6,38 : 0.5909"
"38,6 : 0.5909"
"6,39 : 0.201"
"39,6 : 0.201"
"6,40 : 0.7159"
"40,6 : 0.7159"
"6,41 : 0.6515"
"41,6 : 0.6515"
"6,42 : 0.7577"
"42,6 : 0.7577"
"6,43 : 0.771"
"43,6 : 0.771"
"6,44 : 0.3883"
"44,6 : 0.3883"
"6,45 : 0.5632"
"45,6 : 0.5632"
"6,46 : 0.2844"
"46,6 : 0.2844"
"6,47 : 0.3362"
"47,6 : 0.3362"
"6,48 : 0.3635"
"48,6 : 0.3635"
"6,49 : 0.1844"
"49,6 : 0.1844"
"6,50 : 0.6705"
"50,6 : 0.6705"
"6,51 : 0.6935"
"51,6 : 0.6935"
"6,52 : 0.2335"
"52,6 : 0.2335"
"6,53 : 0.4176"
"53,6 : 0.4176"
"6,54 : 0.2902"
"54,6 : 0.2902"
"6,55 : 0.25"
"55,6 : 0.25"
"6,56 : 0.08"
"56,6 : 0.08"
"6,57 : 0.414"
"57,6 : 0.414"
"6,58 : 0.5749"
"58,6 : 0.5749"
"6,59 : 0.1513"
"59,6 : 0.1513"
"6,60 : 0.6768"
"60,6 : 0.6768"
"6,61 : 0.51"
"61,6 : 0.51"
"6,62 : 0.2159"
"62,6 : 0.2159"
"6,63 : 0.2002"
"63,6 : 0.2002"
"6,64 : 0.3126"
"64,6 : 0.3126"
"6,65 : 0.5224"
"65,6 : 0.5224"
"6,66 : 0.7519"
"66,6 : 0.7519"
"6,67 : 0.672"
"67,6 : 0.672"
"6,68 : 0.6604"
"68,6 : 0.6604"
"6,69 : 0.735"
"69,6 : 0.735"
"6,70 : 0.6261"
"70,6 : 0.6261"
"6,71 : 1.0141"
"71,6 : 1.0141"
"6,72 : 0.5394"
"72,6 : 0.5394"
"6,73 : 0.6888"
"73,6 : 0.6888"
"6,74 : 0.7376"
"74,6 : 0.7376"
"6,75 : 0.4031"
"75,6 : 0.4031"
"6,76 : 0.4977"
"76,6 : 0.4977"
"6,77 : 0.3985"
"77,6 : 0.3985"
"6,78 : 0.5887"
"78,6 : 0.5887"
"6,79 : 0.7778"
"79,6 : 0.7778"
"6,80 : 0.2417"
"80,6 : 0.2417"
"6,81 : 0.333"
"81,6 : 0.333"
"6,82 : 0.4187"
"82,6 : 0.4187"
"6,83 : 0.4061"
"83,6 : 0.4061"
"6,84 : 0.1749"
"84,6 : 0.1749"
"6,85 : 0.6168"
"85,6 : 0.6168"
"6,86 : 0.6631"
"86,6 : 0.6631"
"6,87 : 0.6712"
"87,6 : 0.6712"
"6,88 : 0.3195"
"88,6 : 0.3195"
"6,89 : 0.7417"
"89,6 : 0.7417"
"6,90 : 0.6485"
"90,6 : 0.6485"
"6,91 : 0.3829"
"91,6 : 0.3829"
"6,92 : 0.5077"
"92,6 : 0.5077"
"6,93 : 0.645"
"93,6 : 0.645"
"6,94 : 0.086"
"94,6 : 0.086"
"6,95 : 0.364"
"95,6 : 0.364"
"6,96 : 0.3265"
"96,6 : 0.3265"
"6,97 : 0.7376"
"97,6 : 0.7376"
"6,98 : 0.3711"
"98,6 : 0.3711"
"6,99 : 0.7344"
"99,6 : 0.7344"
"7,8 : 0.8322"
"8,7 : 0.8322"
"7,9 : 0.6083"
"9,7 : 0.6083"
"7,10 : 0.6041"
"10,7 : 0.6041"
"7,11 : 0.1844"
"11,7 : 0.1844"
"7,12 : 0.1523"
"12,7 : 0.1523"
"7,13 : 0.1204"
"13,7 : 0.1204"
"7,14 : 0.1965"
"14,7 : 0.1965"
"7,15 : 0.2915"
"15,7 : 0.2915"
"7,16 : 0.2663"
"16,7 : 0.2663"
"7,17 : 0.9236"
"17,7 : 0.9236"
"7,18 : 0.9043"
"18,7 : 0.9043"
"7,19 : 1.07"
"19,7 : 1.07"
"7,20 : 0.9338"
"20,7 : 0.9338"
"7,21 : 0.5504"
"21,7 : 0.5504"
"7,22 : 0.2126"
"22,7 : 0.2126"
"7,23 : 0.6084"
"23,7 : 0.6084"
"7,24 : 0.7589"
"24,7 : 0.7589"
"7,25 : 0.6185"
"25,7 : 0.6185"
"7,26 : 0.6719"
"26,7 : 0.6719"
"7,27 : 0.1838"
"27,7 : 0.1838"
"7,28 : 1.0756"
"28,7 : 1.0756"
"7,29 : 0.327"
"29,7 : 0.327"
"7,30 : 0.2343"
"30,7 : 0.2343"
"7,31 : 0.4105"
"31,7 : 0.4105"
"7,32 : 0.9479"
"32,7 : 0.9479"
"7,33 : 0.7134"
"33,7 : 0.7134"
"7,34 : 0.2563"
"34,7 : 0.2563"
"7,35 : 0.6083"
"35,7 : 0.6083"
"7,36 : 0.6826"
"36,7 : 0.6826"
"7,37 : 0.9998"
"37,7 : 0.9998"
"7,38 : 0.8814"
"38,7 : 0.8814"
"7,39 : 0.7325"
"39,7 : 0.7325"
"7,40 : 0.5022"
"40,7 : 0.5022"
"7,41 : 0.8405"
"41,7 : 0.8405"
"7,42 : 0.3669"
"42,7 : 0.3669"
"7,43 : 0.7034"
"43,7 : 0.7034"
"7,44 : 0.75"
"44,7 : 0.75"
"7,45 : 0.7566"
"45,7 : 0.7566"
"7,46 : 0.7343"
"46,7 : 0.7343"
"7,47 : 0.5467"
"47,7 : 0.5467"
"7,48 : 0.6083"
"48,7 : 0.6083"
"7,49 : 0.9874"
"49,7 : 0.9874"
"7,50 : 0.39"
"50,7 : 0.39"
"7,51 : 0.5224"
"51,7 : 0.5224"
"7,52 : 0.6997"
"52,7 : 0.6997"
"7,53 : 0.7834"
"53,7 : 0.7834"
"7,54 : 0.7159"
"54,7 : 0.7159"
"7,55 : 1.1"
"55,7 : 1.1"
"7,56 : 0.8184"
"56,7 : 0.8184"
"7,57 : 0.4687"
"57,7 : 0.4687"
"7,58 : 0.5109"
"58,7 : 0.5109"
"7,59 : 0.7603"
"59,7 : 0.7603"
"7,60 : 0.7931"
"60,7 : 0.7931"
"7,61 : 0.645"
"61,7 : 0.645"
"7,62 : 0.6903"
"62,7 : 0.6903"
"7,63 : 1.023"
"63,7 : 1.023"
"7,64 : 0.6414"
"64,7 : 0.6414"
"7,65 : 0.5941"
"65,7 : 0.5941"
"7,66 : 0.4198"
"66,7 : 0.4198"
"7,67 : 0.2147"
"67,7 : 0.2147"
"7,68 : 0.2915"
"68,7 : 0.2915"
"7,69 : 0.4657"
"69,7 : 0.4657"
"7,70 : 0.3612"
"70,7 : 0.3612"
"7,71 : 0.1811"
"71,7 : 0.1811"
"7,72 : 0.5022"
"72,7 : 0.5022"
"7,73 : 0.4817"
"73,7 : 0.4817"
"7,74 : 0.4561"
"74,7 : 0.4561"
"7,75 : 0.8297"
"75,7 : 0.8297"
"7,76 : 0.4684"
"76,7 : 0.4684"
"7,77 : 0.7885"
"77,7 : 0.7885"
"7,78 : 0.805"
"78,7 : 0.805"
"7,79 : 0.5597"
"79,7 : 0.5597"
"7,80 : 0.8273"
"80,7 : 0.8273"
"7,81 : 0.9638"
"81,7 : 0.9638"
"7,82 : 0.4525"
"82,7 : 0.4525"
"7,83 : 0.7023"
"83,7 : 0.7023"
"7,84 : 0.7001"
"84,7 : 0.7001"
"7,85 : 0.413"
"85,7 : 0.413"
"7,86 : 0.9002"
"86,7 : 0.9002"
"7,87 : 0.6053"
"87,7 : 0.6053"
"7,88 : 0.7782"
"88,7 : 0.7782"
"7,89 : 0.7061"
"89,7 : 0.7061"
"7,90 : 0.7803"
"90,7 : 0.7803"
"7,91 : 0.488"
"91,7 : 0.488"
"7,92 : 0.3828"
"92,7 : 0.3828"
"7,93 : 0.3214"
"93,7 : 0.3214"
"7,94 : 0.9559"
"94,7 : 0.9559"
"7,95 : 0.5694"
"95,7 : 0.5694"
"7,96 : 0.5622"
"96,7 : 0.5622"
"7,97 : 0.4561"
"97,7 : 0.4561"
"7,98 : 0.5731"
"98,7 : 0.5731"
"7,99 : 0.5772"
"99,7 : 0.5772"
"8,9 : 0.39"
"9,8 : 0.39"
"8,10 : 0.644"
"10,8 : 0.644"
"8,11 : 0.7481"
"11,8 : 0.7481"
"8,12 : 0.9483"
"12,8 : 0.9483"
"8,13 : 0.728"
"13,8 : 0.728"
"8,14 : 0.7368"
"14,8 : 0.7368"
"8,15 : 0.5852"
"15,8 : 0.5852"
"8,16 : 0.5772"
"16,8 : 0.5772"
"8,17 : 0.5507"
"17,8 : 0.5507"
"8,18 : 0.6046"
"18,8 : 0.6046"
"8,19 : 0.5749"
"19,8 : 0.5749"
"8,20 : 0.4144"
"20,8 : 0.4144"
"8,21 : 0.5887"
"21,8 : 0.5887"
"8,22 : 0.6379"
"22,8 : 0.6379"
"8,23 : 0.5814"
"23,8 : 0.5814"
"8,24 : 0.6903"
"24,8 : 0.6903"
"8,25 : 0.4338"
"25,8 : 0.4338"
"8,26 : 1.0159"
"26,8 : 1.0159"
"8,27 : 0.9751"
"27,8 : 0.9751"
"8,28 : 0.4401"
"28,8 : 0.4401"
"8,29 : 0.6501"
"29,8 : 0.6501"
"8,30 : 0.9702"
"30,8 : 0.9702"
"8,31 : 0.7694"
"31,8 : 0.7694"
"8,32 : 0.4206"
"32,8 : 0.4206"
"8,33 : 0.5201"
"33,8 : 0.5201"
"8,34 : 0.8714"
"34,8 : 0.8714"
"8,35 : 0.2617"
"35,8 : 0.2617"
"8,36 : 0.9261"
"36,8 : 0.9261"
"8,37 : 0.6307"
"37,8 : 0.6307"
"8,38 : 0.9386"
"38,8 : 0.9386"
"8,39 : 0.5109"
"39,8 : 0.5109"
"8,40 : 0.9122"
"40,8 : 0.9122"
"8,41 : 0.9791"
"41,8 : 0.9791"
"8,42 : 0.892"
"42,8 : 0.892"
"8,43 : 1.0362"
"43,8 : 1.0362"
"8,44 : 0.714"
"44,8 : 0.714"
"8,45 : 0.1924"
"45,8 : 0.1924"
"8,46 : 0.1565"
"46,8 : 0.1565"
"8,47 : 0.365"
"47,8 : 0.365"
"8,48 : 0.2402"
"48,8 : 0.2402"
"8,49 : 0.5778"
"49,8 : 0.5778"
"8,50 : 0.486"
"50,8 : 0.486"
"8,51 : 0.428"
"51,8 : 0.428"
"8,52 : 0.522"
"52,8 : 0.522"
"8,53 : 0.7543"
"53,8 : 0.7543"
"8,54 : 0.6"
"54,8 : 0.6"
"8,55 : 0.6021"
"55,8 : 0.6021"
"8,56 : 0.442"
"56,8 : 0.442"
"8,57 : 0.5295"
"57,8 : 0.5295"
"8,58 : 0.7816"
"58,8 : 0.7816"
"8,59 : 0.4738"
"59,8 : 0.4738"
"8,60 : 0.9862"
"60,8 : 0.9862"
"8,61 : 0.7826"
"61,8 : 0.7826"
"8,62 : 0.2778"
"62,8 : 0.2778"
"8,63 : 0.3601"
"63,8 : 0.3601"
"8,64 : 0.2335"
"64,8 : 0.2335"
"8,65 : 0.7708"
"65,8 : 0.7708"
"8,66 : 0.5304"
"66,8 : 0.5304"
"8,67 : 0.6198"
"67,8 : 0.6198"
"8,68 : 0.75"
"68,8 : 0.75"
"8,69 : 0.9141"
"69,8 : 0.9141"
"8,70 : 0.7533"
"70,8 : 0.7533"
"8,71 : 1.0088"
"71,8 : 1.0088"
"8,72 : 0.3413"
"72,8 : 0.3413"
"8,73 : 0.446"
"73,8 : 0.446"
"8,74 : 0.9124"
"74,8 : 0.9124"
"8,75 : 0.7574"
"75,8 : 0.7574"
"8,76 : 0.6694"
"76,8 : 0.6694"
"8,77 : 0.7388"
"77,8 : 0.7388"
"8,78 : 0.201"
"78,8 : 0.201"
"8,79 : 0.9895"
"79,8 : 0.9895"
"8,80 : 0.6088"
"80,8 : 0.6088"
"8,81 : 0.7267"
"81,8 : 0.7267"
"8,82 : 0.461"
"82,8 : 0.461"
"8,83 : 0.13"
"83,8 : 0.13"
"8,84 : 0.3441"
"84,8 : 0.3441"
"8,85 : 0.441"
"85,8 : 0.441"
"8,86 : 1.006"
"86,8 : 1.006"
"8,87 : 0.9142"
"87,8 : 0.9142"
"8,88 : 0.0943"
"88,8 : 0.0943"
"8,89 : 1.0124"
"89,8 : 1.0124"
"8,90 : 0.27"
"90,8 : 0.27"
"8,91 : 0.4441"
"91,8 : 0.4441"
"8,92 : 0.4669"
"92,8 : 0.4669"
"8,93 : 0.7506"
"93,8 : 0.7506"
"8,94 : 0.4427"
"94,8 : 0.4427"
"8,95 : 0.29"
"95,8 : 0.29"
"8,96 : 0.3453"
"96,8 : 0.3453"
"8,97 : 0.9124"
"97,8 : 0.9124"
"8,98 : 0.2802"
"98,8 : 0.2802"
"8,99 : 0.9588"
"99,8 : 0.9588"
"9,10 : 0.2555"
"10,9 : 0.2555"
"9,11 : 0.4604"
"11,9 : 0.4604"
"9,12 : 0.6768"
"12,9 : 0.6768"
"9,13 : 0.488"
"13,9 : 0.488"
"9,14 : 0.4465"
"14,9 : 0.4465"
"9,15 : 0.4876"
"15,9 : 0.4876"
"9,16 : 0.3523"
"16,9 : 0.3523"
"9,17 : 0.3421"
"17,9 : 0.3421"
"9,18 : 0.3506"
"18,9 : 0.3506"
"9,19 : 0.4701"
"19,9 : 0.4701"
"9,20 : 0.3256"
"20,9 : 0.3256"
"9,21 : 0.1992"
"21,9 : 0.1992"
"9,22 : 0.397"
"22,9 : 0.397"
"9,23 : 0.1942"
"23,9 : 0.1942"
"9,24 : 0.3329"
"24,9 : 0.3329"
"9,25 : 0.05"
"25,9 : 0.05"
"9,26 : 0.6263"
"26,9 : 0.6263"
"9,27 : 0.6964"
"27,9 : 0.6964"
"9,28 : 0.4701"
"28,9 : 0.4701"
"9,29 : 0.322"
"29,9 : 0.322"
"9,30 : 0.6664"
"30,9 : 0.6664"
"9,31 : 0.4011"
"31,9 : 0.4011"
"9,32 : 0.3397"
"32,9 : 0.3397"
"9,33 : 0.1772"
"33,9 : 0.1772"
"9,34 : 0.5478"
"34,9 : 0.5478"
"9,35 : 0.3847"
"35,9 : 0.3847"
"9,36 : 0.5367"
"36,9 : 0.5367"
"9,37 : 0.4295"
"37,9 : 0.4295"
"9,38 : 0.5749"
"38,9 : 0.5749"
"9,39 : 0.1825"
"39,9 : 0.1825"
"9,40 : 0.5324"
"40,9 : 0.5324"
"9,41 : 0.6021"
"41,9 : 0.6021"
"9,42 : 0.5376"
"42,9 : 0.5376"
"9,43 : 0.6462"
"43,9 : 0.6462"
"9,44 : 0.35"
"44,9 : 0.35"
"9,45 : 0.4738"
"45,9 : 0.4738"
"9,46 : 0.2341"
"46,9 : 0.2341"
"9,47 : 0.09"
"47,9 : 0.09"
"9,48 : 0.2"
"48,9 : 0.2"
"9,49 : 0.4016"
"49,9 : 0.4016"
"9,50 : 0.441"
"50,9 : 0.441"
"9,51 : 0.5001"
"51,9 : 0.5001"
"9,52 : 0.1709"
"52,9 : 0.1709"
"9,53 : 0.3941"
"53,9 : 0.3941"
"9,54 : 0.2419"
"54,9 : 0.2419"
"9,55 : 0.5012"
"55,9 : 0.5012"
"9,56 : 0.2193"
"56,9 : 0.2193"
"9,57 : 0.1676"
"57,9 : 0.1676"
"9,58 : 0.3962"
"58,9 : 0.3962"
"9,59 : 0.1811"
"59,9 : 0.1811"
"9,60 : 0.6022"
"60,9 : 0.6022"
"9,61 : 0.3945"
"61,9 : 0.3945"
"9,62 : 0.1204"
"62,9 : 0.1204"
"9,63 : 0.4254"
"63,9 : 0.4254"
"9,64 : 0.1703"
"64,9 : 0.1703"
"9,65 : 0.3808"
"65,9 : 0.3808"
"9,66 : 0.5301"
"66,9 : 0.5301"
"9,67 : 0.4105"
"67,9 : 0.4105"
"9,68 : 0.4179"
"68,9 : 0.4179"
"9,69 : 0.5401"
"69,9 : 0.5401"
"9,70 : 0.3981"
"70,9 : 0.3981"
"9,71 : 0.756"
"71,9 : 0.756"
"9,72 : 0.3373"
"72,9 : 0.3373"
"9,73 : 0.4837"
"73,9 : 0.4837"
"9,74 : 0.54"
"74,9 : 0.54"
"9,75 : 0.4118"
"75,9 : 0.4118"
"9,76 : 0.2902"
"76,9 : 0.2902"
"9,77 : 0.3828"
"77,9 : 0.3828"
"9,78 : 0.5166"
"78,9 : 0.5166"
"9,79 : 0.6067"
"79,9 : 0.6067"
"9,80 : 0.3041"
"80,9 : 0.3041"
"9,81 : 0.4528"
"81,9 : 0.4528"
"9,82 : 0.1562"
"82,9 : 0.1562"
"9,83 : 0.3124"
"83,9 : 0.3124"
"9,84 : 0.0943"
"84,9 : 0.0943"
"9,85 : 0.3901"
"85,9 : 0.3901"
"9,86 : 0.6366"
"86,9 : 0.6366"
"9,87 : 0.525"
"87,9 : 0.525"
"9,88 : 0.2973"
"88,9 : 0.2973"
"9,89 : 0.6224"
"89,9 : 0.6224"
"9,90 : 0.5532"
"90,9 : 0.5532"
"9,91 : 0.1204"
"91,9 : 0.1204"
"9,92 : 0.2508"
"92,9 : 0.2508"
"9,93 : 0.408"
"93,9 : 0.408"
"9,94 : 0.3483"
"94,9 : 0.3483"
"9,95 : 0.1655"
"95,9 : 0.1655"
"9,96 : 0.0922"
"96,9 : 0.0922"
"9,97 : 0.54"
"97,9 : 0.54"
"9,98 : 0.1789"
"98,9 : 0.1789"
"9,99 : 0.5727"
"99,9 : 0.5727"
"10,11 : 0.4215"
"11,10 : 0.4215"
"10,12 : 0.6129"
"12,10 : 0.6129"
"10,13 : 0.4948"
"13,10 : 0.4948"
"10,14 : 0.4085"
"14,10 : 0.4085"
"10,15 : 0.6067"
"15,10 : 0.6067"
"10,16 : 0.4205"
"16,10 : 0.4205"
"10,17 : 0.3689"
"17,10 : 0.3689"
"10,18 : 0.3256"
"18,10 : 0.3256"
"10,19 : 0.53"
"19,10 : 0.53"
"10,20 : 0.4535"
"20,10 : 0.4535"
"10,21 : 0.0762"
"21,10 : 0.0762"
"10,22 : 0.4319"
"22,10 : 0.4319"
"10,23 : 0.0632"
"23,10 : 0.0632"
"10,24 : 0.1552"
"24,10 : 0.1552"
"10,25 : 0.2102"
"25,10 : 0.2102"
"10,26 : 0.3785"
"26,10 : 0.3785"
"10,27 : 0.622"
"27,10 : 0.622"
"10,28 : 0.6113"
"28,10 : 0.6113"
"10,29 : 0.2789"
"29,10 : 0.2789"
"10,30 : 0.5664"
"30,10 : 0.5664"
"10,31 : 0.2408"
"31,10 : 0.2408"
"10,32 : 0.4657"
"32,10 : 0.4657"
"10,33 : 0.1746"
"33,10 : 0.1746"
"10,34 : 0.4393"
"34,10 : 0.4393"
"10,35 : 0.6172"
"35,10 : 0.6172"
"10,36 : 0.2823"
"36,10 : 0.2823"
"10,37 : 0.4245"
"37,10 : 0.4245"
"10,38 : 0.3444"
"38,10 : 0.3444"
"10,39 : 0.1965"
"39,10 : 0.1965"
"10,40 : 0.3202"
"40,10 : 0.3202"
"10,41 : 0.3547"
"41,10 : 0.3547"
"10,42 : 0.3801"
"42,10 : 0.3801"
"10,43 : 0.3956"
"43,10 : 0.3956"
"10,44 : 0.1503"
"44,10 : 0.1503"
"10,45 : 0.7235"
"45,10 : 0.7235"
"10,46 : 0.4875"
"46,10 : 0.4875"
"10,47 : 0.3111"
"47,10 : 0.3111"
"10,48 : 0.4469"
"48,10 : 0.4469"
"10,49 : 0.4301"
"49,10 : 0.4301"
"10,50 : 0.6008"
"50,10 : 0.6008"
"10,51 : 0.6977"
"51,10 : 0.6977"
"10,52 : 0.1628"
"52,10 : 0.1628"
"10,53 : 0.1903"
"53,10 : 0.1903"
"10,54 : 0.1281"
"54,10 : 0.1281"
"10,55 : 0.5547"
"55,10 : 0.5547"
"10,56 : 0.3178"
"56,10 : 0.3178"
"10,57 : 0.1897"
"57,10 : 0.1897"
"10,58 : 0.1803"
"58,10 : 0.1803"
"10,59 : 0.2452"
"59,10 : 0.2452"
"10,60 : 0.3483"
"60,10 : 0.3483"
"10,61 : 0.1389"
"61,10 : 0.1389"
"10,62 : 0.3677"
"62,10 : 0.3677"
"10,63 : 0.5954"
"63,10 : 0.5954"
"10,64 : 0.4244"
"64,10 : 0.4244"
"10,65 : 0.1315"
"65,10 : 0.1315"
"10,66 : 0.6926"
"66,10 : 0.6926"
"10,67 : 0.4701"
"67,10 : 0.4701"
"10,68 : 0.3276"
"68,10 : 0.3276"
"10,69 : 0.3418"
"69,10 : 0.3418"
"10,70 : 0.2702"
"70,10 : 0.2702"
"10,71 : 0.7018"
"71,10 : 0.7018"
"10,72 : 0.5438"
"72,10 : 0.5438"
"10,73 : 0.6712"
"73,10 : 0.6712"
"10,74 : 0.3454"
"74,10 : 0.3454"
"10,75 : 0.2309"
"75,10 : 0.2309"
"10,76 : 0.1389"
"76,10 : 0.1389"
"10,77 : 0.1903"
"77,10 : 0.1903"
"10,78 : 0.7684"
"78,10 : 0.7684"
"10,79 : 0.3821"
"79,10 : 0.3821"
"10,80 : 0.2404"
"80,10 : 0.2404"
"10,81 : 0.3624"
"81,10 : 0.3624"
"10,82 : 0.2773"
"82,10 : 0.2773"
"10,83 : 0.5661"
"83,10 : 0.5661"
"10,84 : 0.3105"
"84,10 : 0.3105"
"10,85 : 0.5608"
"85,10 : 0.5608"
"10,86 : 0.3966"
"86,10 : 0.3966"
"10,87 : 0.2816"
"87,10 : 0.2816"
"10,88 : 0.5504"
"88,10 : 0.5504"
"10,89 : 0.37"
"89,10 : 0.37"
"10,90 : 0.7993"
"90,10 : 0.7993"
"10,91 : 0.2608"
"91,10 : 0.2608"
"10,92 : 0.3795"
"92,10 : 0.3795"
"10,93 : 0.3023"
"93,10 : 0.3023"
"10,94 : 0.4617"
"94,10 : 0.4617"
"10,95 : 0.4031"
"95,10 : 0.4031"
"10,96 : 0.3256"
"96,10 : 0.3256"
"10,97 : 0.3454"
"97,10 : 0.3454"
"10,98 : 0.4173"
"98,10 : 0.4173"
"10,99 : 0.3401"
"99,10 : 0.3401"
"11,12 : 0.2163"
"12,11 : 0.2163"
"11,13 : 0.0985"
"13,11 : 0.0985"
"11,14 : 0.0141"
"14,11 : 0.0141"
"11,15 : 0.3265"
"15,11 : 0.3265"
"11,16 : 0.1825"
"16,11 : 0.1825"
"11,17 : 0.7543"
"17,11 : 0.7543"
"11,18 : 0.7295"
"18,11 : 0.7295"
"11,19 : 0.9061"
"19,11 : 0.9061"
"11,20 : 0.781"
"20,11 : 0.781"
"11,21 : 0.3722"
"21,11 : 0.3722"
"11,22 : 0.1265"
"22,11 : 0.1265"
"11,23 : 0.4305"
"23,11 : 0.4305"
"11,24 : 0.5758"
"24,11 : 0.5758"
"11,25 : 0.461"
"25,11 : 0.461"
"11,26 : 0.5148"
"26,11 : 0.5148"
"11,27 : 0.2371"
"27,11 : 0.2371"
"11,28 : 0.9301"
"28,11 : 0.9301"
"11,29 : 0.15"
"29,11 : 0.15"
"11,30 : 0.222"
"30,11 : 0.222"
"11,31 : 0.2309"
"31,11 : 0.2309"
"11,32 : 0.7951"
"32,11 : 0.7951"
"11,33 : 0.542"
"33,11 : 0.542"
"11,34 : 0.1432"
"34,11 : 0.1432"
"11,35 : 0.5657"
"35,11 : 0.5657"
"11,36 : 0.5099"
"36,11 : 0.5099"
"11,37 : 0.8266"
"37,11 : 0.8266"
"11,38 : 0.7001"
"38,11 : 0.7001"
"11,39 : 0.5622"
"39,11 : 0.5622"
"11,40 : 0.3444"
"40,11 : 0.3444"
"11,41 : 0.6637"
"41,11 : 0.6637"
"11,42 : 0.2267"
"42,11 : 0.2267"
"11,43 : 0.5463"
"43,11 : 0.5463"
"11,44 : 0.5661"
"44,11 : 0.5661"
"11,45 : 0.7145"
"45,11 : 0.7145"
"11,46 : 0.6264"
"46,11 : 0.6264"
"11,47 : 0.4163"
"47,11 : 0.4163"
"11,48 : 0.5099"
"48,11 : 0.5099"
"11,49 : 0.8184"
"49,11 : 0.8184"
"11,50 : 0.3936"
"50,11 : 0.3936"
"11,51 : 0.5323"
"51,11 : 0.5323"
"11,52 : 0.528"
"52,11 : 0.528"
"11,53 : 0.5991"
"53,11 : 0.5991"
"11,54 : 0.5371"
"54,11 : 0.5371"
"11,55 : 0.9351"
"55,11 : 0.9351"
"11,56 : 0.6576"
"56,11 : 0.6576"
"11,57 : 0.3041"
"57,11 : 0.3041"
"11,58 : 0.3302"
"58,11 : 0.3302"
"11,59 : 0.5946"
"59,11 : 0.5946"
"11,60 : 0.6198"
"60,11 : 0.6198"
"11,61 : 0.4617"
"61,11 : 0.4617"
"11,62 : 0.559"
"62,11 : 0.559"
"11,63 : 0.8851"
"63,11 : 0.8851"
"11,64 : 0.5316"
"64,11 : 0.5316"
"11,65 : 0.4111"
"65,11 : 0.4111"
"11,66 : 0.458"
"66,11 : 0.458"
"11,67 : 0.17"
"67,11 : 0.17"
"11,68 : 0.1105"
"68,11 : 0.1105"
"11,69 : 0.3138"
"69,11 : 0.3138"
"11,70 : 0.1803"
"70,11 : 0.1803"
"11,71 : 0.2973"
"71,11 : 0.2973"
"11,72 : 0.4554"
"72,11 : 0.4554"
"11,73 : 0.4919"
"73,11 : 0.4919"
"11,74 : 0.3053"
"74,11 : 0.3053"
"11,75 : 0.6456"
"75,11 : 0.6456"
"11,76 : 0.2846"
"76,11 : 0.2846"
"11,77 : 0.6044"
"77,11 : 0.6044"
"11,78 : 0.7653"
"78,11 : 0.7653"
"11,79 : 0.4134"
"79,11 : 0.4134"
"11,80 : 0.65"
"80,11 : 0.65"
"11,81 : 0.7829"
"81,11 : 0.7829"
"11,82 : 0.313"
"82,11 : 0.313"
"11,83 : 0.6229"
"83,11 : 0.6229"
"11,84 : 0.5547"
"84,11 : 0.5547"
"11,85 : 0.3922"
"85,11 : 0.3922"
"11,86 : 0.7225"
"86,11 : 0.7225"
"11,87 : 0.4368"
"87,11 : 0.4368"
"11,88 : 0.6791"
"88,11 : 0.6791"
"11,89 : 0.5442"
"89,11 : 0.5442"
"11,90 : 0.7571"
"90,11 : 0.7571"
"11,91 : 0.3448"
"91,11 : 0.3448"
"11,92 : 0.2816"
"92,11 : 0.2816"
"11,93 : 0.1404"
"93,11 : 0.1404"
"11,94 : 0.8006"
"94,11 : 0.8006"
"11,95 : 0.4632"
"95,11 : 0.4632"
"11,96 : 0.4346"
"96,11 : 0.4346"
"11,97 : 0.3053"
"97,11 : 0.3053"
"11,98 : 0.4707"
"98,11 : 0.4707"
"11,99 : 0.4205"
"99,11 : 0.4205"
"12,13 : 0.222"
"13,12 : 0.222"
"12,14 : 0.2302"
"14,12 : 0.2302"
"12,15 : 0.4393"
"15,12 : 0.4393"
"12,16 : 0.3711"
"16,12 : 0.3711"
"12,17 : 0.9626"
"17,12 : 0.9626"
"12,18 : 0.9324"
"18,12 : 0.9324"
"12,19 : 1.1172"
"19,12 : 1.1172"
"12,20 : 0.9964"
"20,12 : 0.9964"
"12,21 : 0.5749"
"21,12 : 0.5749"
"12,22 : 0.3105"
"22,12 : 0.3105"
"12,23 : 0.6325"
"23,12 : 0.6325"
"12,24 : 0.7616"
"24,12 : 0.7616"
"12,25 : 0.6762"
"25,12 : 0.6762"
"12,26 : 0.5908"
"26,12 : 0.5908"
"12,27 : 0.0316"
"27,12 : 0.0316"
"12,28 : 1.1462"
"28,12 : 1.1462"
"12,29 : 0.3612"
"29,12 : 0.3612"
"12,30 : 0.0985"
"30,12 : 0.0985"
"12,31 : 0.3848"
"31,12 : 0.3848"
"12,32 : 1.0104"
"32,12 : 1.0104"
"12,33 : 0.7501"
"33,12 : 0.7501"
"12,34 : 0.1868"
"34,12 : 0.1868"
"12,35 : 0.7411"
"35,12 : 0.7411"
"12,36 : 0.6251"
"36,12 : 0.6251"
"12,37 : 1.0308"
"37,12 : 1.0308"
"12,38 : 0.8417"
"38,12 : 0.8417"
"12,39 : 0.771"
"39,12 : 0.771"
"12,40 : 0.431"
"40,12 : 0.431"
"12,41 : 0.7877"
"41,12 : 0.7877"
"12,42 : 0.2915"
"42,12 : 0.2915"
"12,43 : 0.6213"
"43,12 : 0.6213"
"12,44 : 0.7471"
"44,12 : 0.7471"
"12,45 : 0.8909"
"45,12 : 0.8909"
"12,46 : 0.8357"
"46,12 : 0.8357"
"12,47 : 0.6306"
"47,12 : 0.6306"
"12,48 : 0.7147"
"48,12 : 0.7147"
"12,49 : 1.0265"
"49,12 : 1.0265"
"12,50 : 0.5334"
"50,12 : 0.5334"
"12,51 : 0.6691"
"51,12 : 0.6691"
"12,52 : 0.7359"
"52,12 : 0.7359"
"12,53 : 0.7739"
"53,12 : 0.7739"
"12,54 : 0.736"
"54,12 : 0.736"
"12,55 : 1.1456"
"55,12 : 1.1456"
"12,56 : 0.8711"
"56,12 : 0.8711"
"12,57 : 0.5186"
"57,12 : 0.5186"
"12,58 : 0.481"
"58,12 : 0.481"
"12,59 : 0.8062"
"59,12 : 0.8062"
"12,60 : 0.7333"
"60,12 : 0.7333"
"12,61 : 0.6203"
"61,12 : 0.6203"
"12,62 : 0.7741"
"62,12 : 0.7741"
"12,63 : 1.1014"
"63,12 : 1.1014"
"12,64 : 0.7409"
"64,12 : 0.7409"
"12,65 : 0.5701"
"65,12 : 0.5701"
"12,66 : 0.5701"
"66,12 : 0.5701"
"12,67 : 0.3324"
"67,12 : 0.3324"
"12,68 : 0.286"
"68,12 : 0.286"
"12,69 : 0.3905"
"69,12 : 0.3905"
"12,70 : 0.3448"
"70,12 : 0.3448"
"12,71 : 0.0894"
"71,12 : 0.0894"
"12,72 : 0.632"
"72,12 : 0.632"
"12,73 : 0.628"
"73,12 : 0.628"
"12,74 : 0.3805"
"74,12 : 0.3805"
"12,75 : 0.8229"
"75,12 : 0.8229"
"12,76 : 0.4743"
"76,12 : 0.4743"
"12,77 : 0.7826"
"77,12 : 0.7826"
"12,78 : 0.9405"
"78,12 : 0.9405"
"12,79 : 0.4717"
"79,12 : 0.4717"
"12,80 : 0.85"
"80,12 : 0.85"
"12,81 : 0.9742"
"81,12 : 0.9742"
"12,82 : 0.5284"
"82,12 : 0.5284"
"12,83 : 0.82"
"83,12 : 0.82"
"12,84 : 0.771"
"84,12 : 0.771"
"12,85 : 0.5501"
"85,12 : 0.5501"
"12,86 : 0.8485"
"86,12 : 0.8485"
"12,87 : 0.5433"
"87,12 : 0.5433"
"12,88 : 0.8854"
"88,12 : 0.8854"
"12,89 : 0.6301"
"89,12 : 0.6301"
"12,90 : 0.9209"
"90,12 : 0.9209"
"12,91 : 0.5608"
"91,12 : 0.5608"
"12,92 : 0.4838"
"92,12 : 0.4838"
"12,93 : 0.3106"
"93,12 : 0.3106"
"12,94 : 1.0153"
"94,12 : 1.0153"
"12,95 : 0.6707"
"95,12 : 0.6707"
"12,96 : 0.6485"
"96,12 : 0.6485"
"12,97 : 0.3805"
"97,12 : 0.3805"
"12,98 : 0.6768"
"98,12 : 0.6768"
"12,99 : 0.5"
"99,12 : 0.5"
"13,14 : 0.1044"
"14,13 : 0.1044"
"13,15 : 0.2419"
"15,13 : 0.2419"
"13,16 : 0.1523"
"16,13 : 0.1523"
"13,17 : 0.8045"
"17,13 : 0.8045"
"13,18 : 0.7871"
"18,13 : 0.7871"
"13,19 : 0.95"
"19,13 : 0.95"
"13,20 : 0.8134"
"20,13 : 0.8134"
"13,21 : 0.4366"
"21,13 : 0.4366"
"13,22 : 0.0943"
"22,13 : 0.0943"
"13,23 : 0.494"
"23,13 : 0.494"
"13,24 : 0.65"
