x,y
0.58,0.92
0.77,0.01
0.7,0.19
0.09,0.22
0.42,0.47
0.01,0.41
0.4,0.55
0.73,0.56
0.87,0.49
0.0,0.42
0.39,0.25
0.32,0.52
0.42,0.28
0.87,0.5
0.65,0.67
0.47,0.56
0.68,0.72
0.86,0.05
0.9,0.52
0.24,0.94
0.07,0.71
0.27,0.65
0.4,0.0
0.85,0.84
0.51,0.86
0.46,0.72
0.07,0.62
0.07,0.42
0.74,0.78
0.21,0.31
0.18,0.56
0.32,0.97
0.35,0.46
0.78,0.91
0.24,0.05
0.98,0.72
0.47,0.02
0.84,0.39
0.99,0.17
0.75,0.72
0.03,0.33
0.15,0.51
0.22,0.66
0.7,0.92
0.76,0.27
0.8,0.91
0.61,0.57
0.89,0.37
0.0,0.53
0.91,0.15
0.19,0.57
0.11,0.01
0.93,0.64
0.91,0.87
0.34,0.59
0.58,0.47
0.84,0.21
0.61,0.36
0.86,0.49
0.81,0.33
0.16,0.18
0.61,0.11
0.15,0.41
0.59,0.73
0.85,0.93
0.51,0.13
0.56,0.93
0.48,0.87
0.82,0.89
0.89,0.83
0.81,0.84
0.86,0.41
0.66,0.56
0.38,0.3
0.85,0.85
0.85,0.61
0.45,0.52
0.19,0.53
0.71,0.29
0.18,0.42
0.3,0.84
0.06,0.42
0.44,0.74
0.8,0.58
0.0,0.62
0.75,0.31
0.23,0.27
0.77,0.94
0.31,0.87
0.95,0.26
0.78,0.03
0.02,0.96
0.82,0.29
0.44,0.31
0.13,0.86
0.57,0.76
0.54,0.55
0.74,0.97
0.13,0.81
0.6,0.19

Distanze
"0,1 : 0.9296"
"1,0 : 0.9296"
"0,2 : 0.7398"
"2,0 : 0.7398"
"0,3 : 0.8545"
"3,0 : 0.8545"
"0,4 : 0.4776"
"4,0 : 0.4776"
"0,5 : 0.7649"
"5,0 : 0.7649"
"0,6 : 0.4115"
"6,0 : 0.4115"
"0,7 : 0.39"
"7,0 : 0.39"
"0,8 : 0.5187"
"8,0 : 0.5187"
"0,9 : 0.7658"
"9,0 : 0.7658"
"0,10 : 0.6964"
"10,0 : 0.6964"
"0,11 : 0.4771"
"11,0 : 0.4771"
"0,12 : 0.6597"
"12,0 : 0.6597"
"0,13 : 0.5104"
"13,0 : 0.5104"
"0,14 : 0.2596"
"14,0 : 0.2596"
"0,15 : 0.3764"
"15,0 : 0.3764"
"0,16 : 0.2236"
"16,0 : 0.2236"
"0,17 : 0.9139"
"17,0 : 0.9139"
"0,18 : 0.5122"
"18,0 : 0.5122"
"0,19 : 0.3406"
"19,0 : 0.3406"
"0,20 : 0.5515"
"20,0 : 0.5515"
"0,21 : 0.4111"
"21,0 : 0.4111"
"0,22 : 0.9374"
"22,0 : 0.9374"
"0,23 : 0.2816"
"23,0 : 0.2816"
"0,24 : 0.0922"
"24,0 : 0.0922"
"0,25 : 0.2332"
"25,0 : 0.2332"
"0,26 : 0.5917"
"26,0 : 0.5917"
"0,27 : 0.7142"
"27,0 : 0.7142"
"0,28 : 0.2126"
"28,0 : 0.2126"
"0,29 : 0.7134"
"29,0 : 0.7134"
"0,30 : 0.5381"
"30,0 : 0.5381"
"0,31 : 0.2648"
"31,0 : 0.2648"
"0,32 : 0.5143"
"32,0 : 0.5143"
"0,33 : 0.2002"
"33,0 : 0.2002"
"0,34 : 0.9341"
"34,0 : 0.9341"
"0,35 : 0.4472"
"35,0 : 0.4472"
"0,36 : 0.9067"
"36,0 : 0.9067"
"0,37 : 0.5903"
"37,0 : 0.5903"
"0,38 : 0.8548"
"38,0 : 0.8548"
"0,39 : 0.2625"
"39,0 : 0.2625"
"0,40 : 0.8066"
"40,0 : 0.8066"
"0,41 : 0.5941"
"41,0 : 0.5941"
"0,42 : 0.4441"
"42,0 : 0.4441"
"0,43 : 0.12"
"43,0 : 0.12"
"0,44 : 0.6745"
"44,0 : 0.6745"
"0,45 : 0.2202"
"45,0 : 0.2202"
"0,46 : 0.3513"
"46,0 : 0.3513"
"0,47 : 0.6313"
"47,0 : 0.6313"
"0,48 : 0.6989"
"48,0 : 0.6989"
"0,49 : 0.8377"
"49,0 : 0.8377"
"0,50 : 0.524"
"50,0 : 0.524"
"0,51 : 1.0242"
"51,0 : 1.0242"
"0,52 : 0.4482"
"52,0 : 0.4482"
"0,53 : 0.3338"
"53,0 : 0.3338"
"0,54 : 0.408"
"54,0 : 0.408"
"0,55 : 0.45"
"55,0 : 0.45"
"0,56 : 0.7561"
"56,0 : 0.7561"
"0,57 : 0.5608"
"57,0 : 0.5608"
"0,58 : 0.5131"
"58,0 : 0.5131"
"0,59 : 0.6332"
"59,0 : 0.6332"
"0,60 : 0.8509"
"60,0 : 0.8509"
"0,61 : 0.8106"
"61,0 : 0.8106"
"0,62 : 0.6671"
"62,0 : 0.6671"
"0,63 : 0.1903"
"63,0 : 0.1903"
"0,64 : 0.2702"
"64,0 : 0.2702"
"0,65 : 0.7931"
"65,0 : 0.7931"
"0,66 : 0.0224"
"66,0 : 0.0224"
"0,67 : 0.1118"
"67,0 : 0.1118"
"0,68 : 0.2419"
"68,0 : 0.2419"
"0,69 : 0.3228"
"69,0 : 0.3228"
"0,70 : 0.2435"
"70,0 : 0.2435"
"0,71 : 0.5818"
"71,0 : 0.5818"
"0,72 : 0.3688"
"72,0 : 0.3688"
"0,73 : 0.6515"
"73,0 : 0.6515"
"0,74 : 0.2789"
"74,0 : 0.2789"
"0,75 : 0.4111"
"75,0 : 0.4111"
"0,76 : 0.4206"
"76,0 : 0.4206"
"0,77 : 0.5515"
"77,0 : 0.5515"
"0,78 : 0.6433"
"78,0 : 0.6433"
"0,79 : 0.6403"
"79,0 : 0.6403"
"0,80 : 0.2912"
"80,0 : 0.2912"
"0,81 : 0.7214"
"81,0 : 0.7214"
"0,82 : 0.228"
"82,0 : 0.228"
"0,83 : 0.405"
"83,0 : 0.405"
"0,84 : 0.653"
"84,0 : 0.653"
"0,85 : 0.6332"
"85,0 : 0.6332"
"0,86 : 0.7382"
"86,0 : 0.7382"
"0,87 : 0.191"
"87,0 : 0.191"
"0,88 : 0.2746"
"88,0 : 0.2746"
"0,89 : 0.7566"
"89,0 : 0.7566"
"0,90 : 0.9122"
"90,0 : 0.9122"
"0,91 : 0.5614"
"91,0 : 0.5614"
"0,92 : 0.6742"
"92,0 : 0.6742"
"0,93 : 0.6259"
"93,0 : 0.6259"
"0,94 : 0.454"
"94,0 : 0.454"
"0,95 : 0.1603"
"95,0 : 0.1603"
"0,96 : 0.3722"
"96,0 : 0.3722"
"0,97 : 0.1676"
"97,0 : 0.1676"
"0,98 : 0.4632"
"98,0 : 0.4632"
"0,99 : 0.7303"
"99,0 : 0.7303"
"1,2 : 0.1931"
"2,1 : 0.1931"
"1,3 : 0.7117"
"3,1 : 0.7117"
"1,4 : 0.578"
"4,1 : 0.578"
"1,5 : 0.8588"
"5,1 : 0.8588"
"1,6 : 0.6546"
"6,1 : 0.6546"
"1,7 : 0.5515"
"7,1 : 0.5515"
"1,8 : 0.4903"
"8,1 : 0.4903"
"1,9 : 0.8724"
"9,1 : 0.8724"
"1,10 : 0.4494"
"10,1 : 0.4494"
"1,11 : 0.6801"
"11,1 : 0.6801"
"1,12 : 0.442"
"12,1 : 0.442"
"1,13 : 0.5001"
"13,1 : 0.5001"
"1,14 : 0.6708"
"14,1 : 0.6708"
"1,15 : 0.6265"
"15,1 : 0.6265"
"1,16 : 0.7157"
"16,1 : 0.7157"
"1,17 : 0.0985"
"17,1 : 0.0985"
"1,18 : 0.5263"
"18,1 : 0.5263"
"1,19 : 1.0704"
"19,1 : 1.0704"
"1,20 : 0.9899"
"20,1 : 0.9899"
"1,21 : 0.8122"
"21,1 : 0.8122"
"1,22 : 0.3701"
"22,1 : 0.3701"
"1,23 : 0.8338"
"23,1 : 0.8338"
"1,24 : 0.8889"
"24,1 : 0.8889"
"1,25 : 0.7747"
"25,1 : 0.7747"
"1,26 : 0.9285"
"26,1 : 0.9285"
"1,27 : 0.8112"
"27,1 : 0.8112"
"1,28 : 0.7706"
"28,1 : 0.7706"
"1,29 : 0.6353"
"29,1 : 0.6353"
"1,30 : 0.8066"
"30,1 : 0.8066"
"1,31 : 1.0602"
"31,1 : 1.0602"
"1,32 : 0.6155"
"32,1 : 0.6155"
"1,33 : 0.9001"
"33,1 : 0.9001"
"1,34 : 0.5315"
"34,1 : 0.5315"
"1,35 : 0.7404"
"35,1 : 0.7404"
"1,36 : 0.3002"
"36,1 : 0.3002"
"1,37 : 0.3864"
"37,1 : 0.3864"
"1,38 : 0.272"
"38,1 : 0.272"
"1,39 : 0.7103"
"39,1 : 0.7103"
"1,40 : 0.8062"
"40,1 : 0.8062"
"1,41 : 0.7965"
"41,1 : 0.7965"
"1,42 : 0.8515"
"42,1 : 0.8515"
"1,43 : 0.9127"
"43,1 : 0.9127"
"1,44 : 0.2602"
"44,1 : 0.2602"
"1,45 : 0.9005"
"45,1 : 0.9005"
"1,46 : 0.5824"
"46,1 : 0.5824"
"1,47 : 0.3795"
"47,1 : 0.3795"
"1,48 : 0.9291"
"48,1 : 0.9291"
"1,49 : 0.198"
"49,1 : 0.198"
"1,50 : 0.8062"
"50,1 : 0.8062"
"1,51 : 0.66"
"51,1 : 0.66"
"1,52 : 0.65"
"52,1 : 0.65"
"1,53 : 0.8713"
"53,1 : 0.8713"
"1,54 : 0.722"
"54,1 : 0.722"
"1,55 : 0.4977"
"55,1 : 0.4977"
"1,56 : 0.2119"
"56,1 : 0.2119"
"1,57 : 0.3848"
"57,1 : 0.3848"
"1,58 : 0.4884"
"58,1 : 0.4884"
"1,59 : 0.3225"
"59,1 : 0.3225"
"1,60 : 0.6332"
"60,1 : 0.6332"
"1,61 : 0.1887"
"61,1 : 0.1887"
"1,62 : 0.7378"
"62,1 : 0.7378"
"1,63 : 0.7422"
"63,1 : 0.7422"
"1,64 : 0.9235"
"64,1 : 0.9235"
"1,65 : 0.2864"
"65,1 : 0.2864"
"1,66 : 0.9437"
"66,1 : 0.9437"
"1,67 : 0.9076"
"67,1 : 0.9076"
"1,68 : 0.8814"
"68,1 : 0.8814"
"1,69 : 0.8287"
"69,1 : 0.8287"
"1,70 : 0.831"
"70,1 : 0.831"
"1,71 : 0.41"
"71,1 : 0.41"
"1,72 : 0.5609"
"72,1 : 0.5609"
"1,73 : 0.486"
"73,1 : 0.486"
"1,74 : 0.8438"
"74,1 : 0.8438"
"1,75 : 0.6053"
"75,1 : 0.6053"
"1,76 : 0.6021"
"76,1 : 0.6021"
"1,77 : 0.779"
"77,1 : 0.779"
"1,78 : 0.2864"
"78,1 : 0.2864"
"1,79 : 0.7185"
"79,1 : 0.7185"
"1,80 : 0.9538"
"80,1 : 0.9538"
"1,81 : 0.8199"
"81,1 : 0.8199"
"1,82 : 0.8011"
"82,1 : 0.8011"
"1,83 : 0.5708"
"83,1 : 0.5708"
"1,84 : 0.9823"
"84,1 : 0.9823"
"1,85 : 0.3007"
"85,1 : 0.3007"
"1,86 : 0.5993"
"86,1 : 0.5993"
"1,87 : 0.93"
"87,1 : 0.93"
"1,88 : 0.9753"
"88,1 : 0.9753"
"1,89 : 0.3081"
"89,1 : 0.3081"
"1,90 : 0.0224"
"90,1 : 0.0224"
"1,91 : 1.2104"
"91,1 : 1.2104"
"1,92 : 0.2844"
"92,1 : 0.2844"
"1,93 : 0.446"
"93,1 : 0.446"
"1,94 : 1.064"
"94,1 : 1.064"
"1,95 : 0.7762"
"95,1 : 0.7762"
"1,96 : 0.5869"
"96,1 : 0.5869"
"1,97 : 0.9605"
"97,1 : 0.9605"
"1,98 : 1.0245"
"98,1 : 1.0245"
"1,99 : 0.2476"
"99,1 : 0.2476"
"2,3 : 0.6107"
"3,2 : 0.6107"
"2,4 : 0.396"
"4,2 : 0.396"
"2,5 : 0.7242"
"5,2 : 0.7242"
"2,6 : 0.4686"
"6,2 : 0.4686"
"2,7 : 0.3712"
"7,2 : 0.3712"
"2,8 : 0.3448"
"8,2 : 0.3448"
"2,9 : 0.7368"
"9,2 : 0.7368"
"2,10 : 0.3158"
"10,2 : 0.3158"
"2,11 : 0.5033"
"11,2 : 0.5033"
"2,12 : 0.2941"
"12,2 : 0.2941"
"2,13 : 0.3536"
"13,2 : 0.3536"
"2,14 : 0.4826"
"14,2 : 0.4826"
"2,15 : 0.4357"
"15,2 : 0.4357"
"2,16 : 0.5304"
"16,2 : 0.5304"
"2,17 : 0.2126"
"17,2 : 0.2126"
"2,18 : 0.3859"
"18,2 : 0.3859"
"2,19 : 0.8798"
"19,2 : 0.8798"
"2,20 : 0.8169"
"20,2 : 0.8169"
"2,21 : 0.6297"
"21,2 : 0.6297"
"2,22 : 0.3551"
"22,2 : 0.3551"
"2,23 : 0.6671"
"23,2 : 0.6671"
"2,24 : 0.6964"
"24,2 : 0.6964"
"2,25 : 0.5818"
"25,2 : 0.5818"
"2,26 : 0.7628"
"26,2 : 0.7628"
"2,27 : 0.6707"
"27,2 : 0.6707"
"2,28 : 0.5914"
"28,2 : 0.5914"
"2,29 : 0.5045"
"29,2 : 0.5045"
"2,30 : 0.6382"
"30,2 : 0.6382"
"2,31 : 0.8676"
"31,2 : 0.8676"
"2,32 : 0.442"
"32,2 : 0.442"
"2,33 : 0.7244"
"33,2 : 0.7244"
"2,34 : 0.4808"
"34,2 : 0.4808"
"2,35 : 0.5994"
"35,2 : 0.5994"
"2,36 : 0.286"
"36,2 : 0.286"
"2,37 : 0.2441"
"37,2 : 0.2441"
"2,38 : 0.2907"
"38,2 : 0.2907"
"2,39 : 0.5324"
"39,2 : 0.5324"
"2,40 : 0.6845"
"40,2 : 0.6845"
"2,41 : 0.6363"
"41,2 : 0.6363"
"2,42 : 0.6718"
"42,2 : 0.6718"
"2,43 : 0.73"
"43,2 : 0.73"
"2,44 : 0.1"
"44,2 : 0.1"
"2,45 : 0.7269"
"45,2 : 0.7269"
"2,46 : 0.3905"
"46,2 : 0.3905"
"2,47 : 0.2617"
"47,2 : 0.2617"
"2,48 : 0.7782"
"48,2 : 0.7782"
"2,49 : 0.2138"
"49,2 : 0.2138"
"2,50 : 0.636"
"50,2 : 0.636"
"2,51 : 0.6168"
"51,2 : 0.6168"
"2,52 : 0.5054"
"52,2 : 0.5054"
"2,53 : 0.7117"
"53,2 : 0.7117"
"2,54 : 0.5381"
"54,2 : 0.5381"
"2,55 : 0.3046"
"55,2 : 0.3046"
"2,56 : 0.1414"
"56,2 : 0.1414"
"2,57 : 0.1924"
"57,2 : 0.1924"
"2,58 : 0.34"
"58,2 : 0.34"
"2,59 : 0.178"
"59,2 : 0.178"
"2,60 : 0.5401"
"60,2 : 0.5401"
"2,61 : 0.1204"
"61,2 : 0.1204"
"2,62 : 0.5924"
"62,2 : 0.5924"
"2,63 : 0.5511"
"63,2 : 0.5511"
"2,64 : 0.755"
"64,2 : 0.755"
"2,65 : 0.1992"
"65,2 : 0.1992"
"2,66 : 0.7531"
"66,2 : 0.7531"
"2,67 : 0.7147"
"67,2 : 0.7147"
"2,68 : 0.7102"
"68,2 : 0.7102"
"2,69 : 0.6676"
"69,2 : 0.6676"
"2,70 : 0.6592"
"70,2 : 0.6592"
"2,71 : 0.272"
"71,2 : 0.272"
"2,72 : 0.3722"
"72,2 : 0.3722"
"2,73 : 0.3384"
"73,2 : 0.3384"
"2,74 : 0.6768"
"74,2 : 0.6768"
"2,75 : 0.446"
"75,2 : 0.446"
"2,76 : 0.414"
"76,2 : 0.414"
"2,77 : 0.6129"
"77,2 : 0.6129"
"2,78 : 0.1005"
"78,2 : 0.1005"
"2,79 : 0.5686"
"79,2 : 0.5686"
"2,80 : 0.7632"
"80,2 : 0.7632"
"2,81 : 0.6801"
"81,2 : 0.6801"
"2,82 : 0.6084"
"82,2 : 0.6084"
"2,83 : 0.4026"
"83,2 : 0.4026"
"2,84 : 0.8215"
"84,2 : 0.8215"
"2,85 : 0.13"
"85,2 : 0.13"
"2,86 : 0.4768"
"86,2 : 0.4768"
"2,87 : 0.7533"
"87,2 : 0.7533"
"2,88 : 0.7839"
"88,2 : 0.7839"
"2,89 : 0.2596"
"89,2 : 0.2596"
"2,90 : 0.1789"
"90,2 : 0.1789"
"2,91 : 1.0273"
"91,2 : 1.0273"
"2,92 : 0.1562"
"92,2 : 0.1562"
"2,93 : 0.2864"
"93,2 : 0.2864"
"2,94 : 0.8797"
"94,2 : 0.8797"
"2,95 : 0.5846"
"95,2 : 0.5846"
"2,96 : 0.394"
"96,2 : 0.394"
"2,97 : 0.781"
"97,2 : 0.781"
"2,98 : 0.8422"
"98,2 : 0.8422"
"2,99 : 0.1"
"99,2 : 0.1"
"3,4 : 0.414"
"4,3 : 0.414"
"3,5 : 0.2062"
"5,3 : 0.2062"
"3,6 : 0.4528"
"6,3 : 0.4528"
"3,7 : 0.7247"
"7,3 : 0.7247"
"3,8 : 0.8254"
"8,3 : 0.8254"
"3,9 : 0.2193"
"9,3 : 0.2193"
"3,10 : 0.3015"
"10,3 : 0.3015"
"3,11 : 0.378"
"11,3 : 0.378"
"3,12 : 0.3354"
"12,3 : 0.3354"
"3,13 : 0.8287"
"13,3 : 0.8287"
"3,14 : 0.7184"
"14,3 : 0.7184"
"3,15 : 0.5099"
"15,3 : 0.5099"
"3,16 : 0.7734"
"16,3 : 0.7734"
"3,17 : 0.7885"
"17,3 : 0.7885"
"3,18 : 0.8638"
"18,3 : 0.8638"
"3,19 : 0.7355"
"19,3 : 0.7355"
"3,20 : 0.4904"
"20,3 : 0.4904"
"3,21 : 0.4662"
"21,3 : 0.4662"
"3,22 : 0.3801"
"22,3 : 0.3801"
"3,23 : 0.9808"
"23,3 : 0.9808"
"3,24 : 0.7655"
"24,3 : 0.7655"
"3,25 : 0.622"
"25,3 : 0.622"
"3,26 : 0.4005"
"26,3 : 0.4005"
"3,27 : 0.201"
"27,3 : 0.201"
"3,28 : 0.858"
"28,3 : 0.858"
"3,29 : 0.15"
"29,3 : 0.15"
"3,30 : 0.3517"
"30,3 : 0.3517"
"3,31 : 0.7845"
"31,3 : 0.7845"
"3,32 : 0.3538"
"32,3 : 0.3538"
"3,33 : 0.9758"
"33,3 : 0.9758"
"3,34 : 0.2267"
"34,3 : 0.2267"
"3,35 : 1.0208"
"35,3 : 1.0208"
"3,36 : 0.4294"
"36,3 : 0.4294"
"3,37 : 0.769"
"37,3 : 0.769"
"3,38 : 0.9014"
"38,3 : 0.9014"
"3,39 : 0.828"
"39,3 : 0.828"
"3,40 : 0.1253"
"40,3 : 0.1253"
"3,41 : 0.2961"
"41,3 : 0.2961"
"3,42 : 0.4588"
"42,3 : 0.4588"
"3,43 : 0.9285"
"43,3 : 0.9285"
"3,44 : 0.6719"
"44,3 : 0.6719"
"3,45 : 0.9901"
"45,3 : 0.9901"
"3,46 : 0.6268"
"46,3 : 0.6268"
"3,47 : 0.8139"
"47,3 : 0.8139"
"3,48 : 0.3228"
"48,3 : 0.3228"
"3,49 : 0.823"
"49,3 : 0.823"
"3,50 : 0.364"
"50,3 : 0.364"
"3,51 : 0.211"
"51,3 : 0.211"
"3,52 : 0.9391"
"52,3 : 0.9391"
"3,53 : 1.0464"
"53,3 : 1.0464"
"3,54 : 0.4465"
"54,3 : 0.4465"
"3,55 : 0.5501"
"55,3 : 0.5501"
"3,56 : 0.7501"
"56,3 : 0.7501"
"3,57 : 0.5385"
"57,3 : 0.5385"
"3,58 : 0.816"
"58,3 : 0.816"
"3,59 : 0.7284"
"59,3 : 0.7284"
"3,60 : 0.0806"
"60,3 : 0.0806"
"3,61 : 0.5315"
"61,3 : 0.5315"
"3,62 : 0.1992"
"62,3 : 0.1992"
"3,63 : 0.7142"
"63,3 : 0.7142"
"3,64 : 1.04"
"64,3 : 1.04"
"3,65 : 0.4295"
"65,3 : 0.4295"
"3,66 : 0.8515"
"66,3 : 0.8515"
"3,67 : 0.758"
"67,3 : 0.758"
"3,68 : 0.9909"
"68,3 : 0.9909"
"3,69 : 1.006"
"69,3 : 1.006"
"3,70 : 0.9502"
"70,3 : 0.9502"
"3,71 : 0.7931"
"71,3 : 0.7931"
"3,72 : 0.6637"
"72,3 : 0.6637"
"3,73 : 0.3008"
"73,3 : 0.3008"
"3,74 : 0.9872"
"74,3 : 0.9872"
"3,75 : 0.8542"
"75,3 : 0.8542"
"3,76 : 0.4686"
"76,3 : 0.4686"
"3,77 : 0.3257"
"77,3 : 0.3257"
"3,78 : 0.6239"
"78,3 : 0.6239"
"3,79 : 0.2193"
"79,3 : 0.2193"
"3,80 : 0.6546"
"80,3 : 0.6546"
"3,81 : 0.2022"
"81,3 : 0.2022"
"3,82 : 0.6268"
"82,3 : 0.6268"
"3,83 : 0.7961"
"83,3 : 0.7961"
"3,84 : 0.41"
"84,3 : 0.41"
"3,85 : 0.6661"
"85,3 : 0.6661"
"3,86 : 0.1487"
"86,3 : 0.1487"
"3,87 : 0.9904"
"87,3 : 0.9904"
"3,88 : 0.6862"
"88,3 : 0.6862"
"3,89 : 0.8609"
"89,3 : 0.8609"
"3,90 : 0.7157"
"90,3 : 0.7157"
"3,91 : 0.7433"
"91,3 : 0.7433"
"3,92 : 0.7333"
"92,3 : 0.7333"
"3,93 : 0.3614"
"93,3 : 0.3614"
"3,94 : 0.6412"
"94,3 : 0.6412"
"3,95 : 0.7225"
"95,3 : 0.7225"
"3,96 : 0.558"
"96,3 : 0.558"
"3,97 : 0.9925"
"97,3 : 0.9925"
"3,98 : 0.5914"
"98,3 : 0.5914"
"3,99 : 0.5109"
"99,3 : 0.5109"
"4,5 : 0.4144"
"5,4 : 0.4144"
"4,6 : 0.0825"
"6,4 : 0.0825"
"4,7 : 0.3228"
"7,4 : 0.3228"
"4,8 : 0.4504"
"8,4 : 0.4504"
"4,9 : 0.423"
"9,4 : 0.423"
"4,10 : 0.222"
"10,4 : 0.222"
"4,11 : 0.1118"
"11,4 : 0.1118"
"4,12 : 0.19"
"12,4 : 0.19"
"4,13 : 0.451"
"13,4 : 0.451"
"4,14 : 0.3048"
"14,4 : 0.3048"
"4,15 : 0.103"
"15,4 : 0.103"
"4,16 : 0.3607"
"16,4 : 0.3607"
"4,17 : 0.6083"
"17,4 : 0.6083"
"4,18 : 0.4826"
"18,4 : 0.4826"
"4,19 : 0.5033"
"19,4 : 0.5033"
"4,20 : 0.4244"
"20,4 : 0.4244"
"4,21 : 0.2343"
"21,4 : 0.2343"
"4,22 : 0.4704"
"22,4 : 0.4704"
"4,23 : 0.5673"
"23,4 : 0.5673"
"4,24 : 0.4002"
"24,4 : 0.4002"
"4,25 : 0.2532"
"25,4 : 0.2532"
"4,26 : 0.3808"
"26,4 : 0.3808"
"4,27 : 0.3536"
"27,4 : 0.3536"
"4,28 : 0.4455"
"28,4 : 0.4455"
"4,29 : 0.264"
"29,4 : 0.264"
"4,30 : 0.2563"
"30,4 : 0.2563"
"4,31 : 0.5099"
"31,4 : 0.5099"
"4,32 : 0.0707"
"32,4 : 0.0707"
"4,33 : 0.5685"
"33,4 : 0.5685"
"4,34 : 0.4569"
"34,4 : 0.4569"
"4,35 : 0.6133"
"35,4 : 0.6133"
"4,36 : 0.4528"
"36,4 : 0.4528"
"4,37 : 0.4276"
"37,4 : 0.4276"
"4,38 : 0.6441"
"38,4 : 0.6441"
"4,39 : 0.414"
"39,4 : 0.414"
"4,40 : 0.4144"
"40,4 : 0.4144"
"4,41 : 0.2729"
"41,4 : 0.2729"
"4,42 : 0.2759"
"42,4 : 0.2759"
"4,43 : 0.53"
"43,4 : 0.53"
"4,44 : 0.3945"
"44,4 : 0.3945"
"4,45 : 0.5814"
"45,4 : 0.5814"
"4,46 : 0.2147"
"46,4 : 0.2147"
"4,47 : 0.4805"
"47,4 : 0.4805"
"4,48 : 0.4243"
"48,4 : 0.4243"
"4,49 : 0.5852"
"49,4 : 0.5852"
"4,50 : 0.2508"
"50,4 : 0.2508"
"4,51 : 0.5547"
"51,4 : 0.5547"
"4,52 : 0.5376"
"52,4 : 0.5376"
"4,53 : 0.6325"
"53,4 : 0.6325"
"4,54 : 0.1442"
"54,4 : 0.1442"
"4,55 : 0.16"
"55,4 : 0.16"
"4,56 : 0.494"
"56,4 : 0.494"
"4,57 : 0.2195"
"57,4 : 0.2195"
"4,58 : 0.4405"
"58,4 : 0.4405"
"4,59 : 0.4144"
"59,4 : 0.4144"
"4,60 : 0.3895"
"60,4 : 0.3895"
"4,61 : 0.4071"
"61,4 : 0.4071"
"4,62 : 0.2766"
"62,4 : 0.2766"
"4,63 : 0.3106"
"63,4 : 0.3106"
"4,64 : 0.6297"
"64,4 : 0.6297"
"4,65 : 0.3517"
"65,4 : 0.3517"
"4,66 : 0.4808"
"66,4 : 0.4808"
"4,67 : 0.4045"
"67,4 : 0.4045"
"4,68 : 0.58"
"68,4 : 0.58"
"4,69 : 0.592"
"69,4 : 0.592"
"4,70 : 0.5376"
"70,4 : 0.5376"
"4,71 : 0.4441"
"71,4 : 0.4441"
"4,72 : 0.2563"
"72,4 : 0.2563"
"4,73 : 0.1746"
"73,4 : 0.1746"
"4,74 : 0.5738"
"74,4 : 0.5738"
"4,75 : 0.4522"
"75,4 : 0.4522"
"4,76 : 0.0583"
"76,4 : 0.0583"
"4,77 : 0.2377"
"77,4 : 0.2377"
"4,78 : 0.3413"
"78,4 : 0.3413"
"4,79 : 0.2452"
"79,4 : 0.2452"
"4,80 : 0.389"
"80,4 : 0.389"
"4,81 : 0.3635"
"81,4 : 0.3635"
"4,82 : 0.2707"
"82,4 : 0.2707"
"4,83 : 0.3956"
"83,4 : 0.3956"
"4,84 : 0.446"
"84,4 : 0.446"
"4,85 : 0.3667"
"85,4 : 0.3667"
"4,86 : 0.2759"
"86,4 : 0.2759"
"4,87 : 0.586"
"87,4 : 0.586"
"4,88 : 0.4148"
"88,4 : 0.4148"
"4,89 : 0.5701"
"89,4 : 0.5701"
"4,90 : 0.5685"
"90,4 : 0.5685"
"4,91 : 0.6325"
"91,4 : 0.6325"
"4,92 : 0.4386"
"92,4 : 0.4386"
"4,93 : 0.1612"
"93,4 : 0.1612"
"4,94 : 0.486"
"94,4 : 0.486"
"4,95 : 0.3265"
"95,4 : 0.3265"
"4,96 : 0.1442"
"96,4 : 0.1442"
"4,97 : 0.5936"
"97,4 : 0.5936"
"4,98 : 0.4469"
"98,4 : 0.4469"
"4,99 : 0.3329"
"99,4 : 0.3329"
"5,6 : 0.4144"
"6,5 : 0.4144"
"5,7 : 0.7355"
"7,5 : 0.7355"
"5,8 : 0.8637"
"8,5 : 0.8637"
"5,9 : 0.0141"
"9,5 : 0.0141"
"5,10 : 0.4123"
"10,5 : 0.4123"
"5,11 : 0.3289"
"11,5 : 0.3289"
"5,12 : 0.4301"
"12,5 : 0.4301"
"5,13 : 0.8647"
"13,5 : 0.8647"
"5,14 : 0.6908"
"14,5 : 0.6908"
"5,15 : 0.4838"
"15,5 : 0.4838"
"5,16 : 0.7382"
"16,5 : 0.7382"
"5,17 : 0.9231"
"17,5 : 0.9231"
"5,18 : 0.8968"
"18,5 : 0.8968"
"5,19 : 0.5778"
"19,5 : 0.5778"
"5,20 : 0.3059"
"20,5 : 0.3059"
"5,21 : 0.3538"
"21,5 : 0.3538"
"5,22 : 0.5659"
"22,5 : 0.5659"
"5,23 : 0.9437"
"23,5 : 0.9437"
"5,24 : 0.6727"
"24,5 : 0.6727"
"5,25 : 0.5464"
"25,5 : 0.5464"
"5,26 : 0.2184"
"26,5 : 0.2184"
"5,27 : 0.0608"
"27,5 : 0.0608"
"5,28 : 0.8184"
"28,5 : 0.8184"
"5,29 : 0.2236"
"29,5 : 0.2236"
"5,30 : 0.2267"
"30,5 : 0.2267"
"5,31 : 0.6401"
"31,5 : 0.6401"
"5,32 : 0.3437"
"32,5 : 0.3437"
"5,33 : 0.9181"
"33,5 : 0.9181"
"5,34 : 0.4272"
"34,5 : 0.4272"
"5,35 : 1.0183"
"35,5 : 1.0183"
"5,36 : 0.6031"
"36,5 : 0.6031"
"5,37 : 0.8302"
"37,5 : 0.8302"
"5,38 : 1.009"
"38,5 : 1.009"
"5,39 : 0.8023"
"39,5 : 0.8023"
"5,40 : 0.0825"
"40,5 : 0.0825"
"5,41 : 0.172"
"41,5 : 0.172"
"5,42 : 0.3265"
"42,5 : 0.3265"
"5,43 : 0.858"
"43,5 : 0.858"
"5,44 : 0.763"
"44,5 : 0.763"
"5,45 : 0.9349"
"45,5 : 0.9349"
"5,46 : 0.621"
"46,5 : 0.621"
"5,47 : 0.8809"
"47,5 : 0.8809"
"5,48 : 0.1204"
"48,5 : 0.1204"
"5,49 : 0.9368"
"49,5 : 0.9368"
"5,50 : 0.2408"
"50,5 : 0.2408"
"5,51 : 0.4123"
"51,5 : 0.4123"
"5,52 : 0.9483"
"52,5 : 0.9483"
"5,53 : 1.0107"
"53,5 : 1.0107"
"5,54 : 0.3759"
"54,5 : 0.3759"
"5,55 : 0.5731"
"55,5 : 0.5731"
"5,56 : 0.8538"
"56,5 : 0.8538"
"5,57 : 0.6021"
"57,5 : 0.6021"
"5,58 : 0.8538"
"58,5 : 0.8538"
"5,59 : 0.804"
"59,5 : 0.804"
"5,60 : 0.2746"
"60,5 : 0.2746"
"5,61 : 0.6708"
"61,5 : 0.6708"
"5,62 : 0.14"
"62,5 : 0.14"
"5,63 : 0.6624"
"63,5 : 0.6624"
"5,64 : 0.9879"
"64,5 : 0.9879"
"5,65 : 0.5731"
"65,5 : 0.5731"
"5,66 : 0.7569"
"66,5 : 0.7569"
"5,67 : 0.6576"
"67,5 : 0.6576"
"5,68 : 0.9415"
"68,5 : 0.9415"
"5,69 : 0.9751"
"69,5 : 0.9751"
"5,70 : 0.9082"
"70,5 : 0.9082"
"5,71 : 0.85"
"71,5 : 0.85"
"5,72 : 0.6671"
"72,5 : 0.6671"
"5,73 : 0.386"
"73,5 : 0.386"
"5,74 : 0.9483"
"74,5 : 0.9483"
"5,75 : 0.8635"
"75,5 : 0.8635"
"5,76 : 0.4535"
"76,5 : 0.4535"
"5,77 : 0.2163"
"77,5 : 0.2163"
"5,78 : 0.7102"
"78,5 : 0.7102"
"5,79 : 0.1703"
"79,5 : 0.1703"
"5,80 : 0.5187"
"80,5 : 0.5187"
"5,81 : 0.051"
"81,5 : 0.051"
"5,82 : 0.542"
"82,5 : 0.542"
"5,83 : 0.8081"
"83,5 : 0.8081"
"5,84 : 0.2102"
"84,5 : 0.2102"
"5,85 : 0.7467"
"85,5 : 0.7467"
"5,86 : 0.2608"
"86,5 : 0.2608"
"5,87 : 0.9266"
"87,5 : 0.9266"
"5,88 : 0.5492"
"88,5 : 0.5492"
"5,89 : 0.9519"
"89,5 : 0.9519"
"5,90 : 0.8587"
"90,5 : 0.8587"
"5,91 : 0.5501"
"91,5 : 0.5501"
"5,92 : 0.8188"
"92,5 : 0.8188"
"5,93 : 0.4415"
"93,5 : 0.4415"
"5,94 : 0.4657"
"94,5 : 0.4657"
"5,95 : 0.6604"
"95,5 : 0.6604"
"5,96 : 0.5482"
"96,5 : 0.5482"
"5,97 : 0.9201"
"97,5 : 0.9201"
"5,98 : 0.4176"
"98,5 : 0.4176"
"5,99 : 0.6297"
"99,5 : 0.6297"
"6,7 : 0.3302"
"7,6 : 0.3302"
"6,8 : 0.4738"
"8,6 : 0.4738"
"6,9 : 0.4206"
"9,6 : 0.4206"
"6,10 : 0.3002"
"10,6 : 0.3002"
"6,11 : 0.0854"
"11,6 : 0.0854"
"6,12 : 0.2707"
"12,6 : 0.2707"
"6,13 : 0.4727"
"13,6 : 0.4727"
"6,14 : 0.2773"
"14,6 : 0.2773"
"6,15 : 0.0707"
"15,6 : 0.0707"
"6,16 : 0.3276"
"16,6 : 0.3276"
"6,17 : 0.6794"
"17,6 : 0.6794"
"6,18 : 0.5009"
"18,6 : 0.5009"
"6,19 : 0.4215"
"19,6 : 0.4215"
"6,20 : 0.3667"
"20,6 : 0.3667"
"6,21 : 0.164"
"21,6 : 0.164"
"6,22 : 0.55"
"22,6 : 0.55"
"6,23 : 0.5354"
"23,6 : 0.5354"
"6,24 : 0.3289"
"24,6 : 0.3289"
"6,25 : 0.1803"
"25,6 : 0.1803"
"6,26 : 0.3373"
"26,6 : 0.3373"
"6,27 : 0.3547"
"27,6 : 0.3547"
"6,28 : 0.4105"
"28,6 : 0.4105"
"6,29 : 0.3061"
"29,6 : 0.3061"
"6,30 : 0.2202"
"30,6 : 0.2202"
"6,31 : 0.4276"
"31,6 : 0.4276"
"6,32 : 0.103"
"32,6 : 0.103"
"6,33 : 0.5235"
"33,6 : 0.5235"
"6,34 : 0.525"
"34,6 : 0.525"
"6,35 : 0.6044"
"35,6 : 0.6044"
"6,36 : 0.5346"
"36,6 : 0.5346"
"6,37 : 0.4682"
"37,6 : 0.4682"
"6,38 : 0.7018"
"38,6 : 0.7018"
"6,39 : 0.3891"
"39,6 : 0.3891"
"6,40 : 0.4305"
"40,6 : 0.4305"
"6,41 : 0.2532"
"41,6 : 0.2532"
"6,42 : 0.211"
"42,6 : 0.211"
"6,43 : 0.4763"
"43,6 : 0.4763"
"6,44 : 0.4561"
"44,6 : 0.4561"
"6,45 : 0.5381"
"45,6 : 0.5381"
"6,46 : 0.211"
"46,6 : 0.211"
"6,47 : 0.522"
"47,6 : 0.522"
"6,48 : 0.4005"
"48,6 : 0.4005"
"6,49 : 0.6482"
"49,6 : 0.6482"
"6,50 : 0.211"
"50,6 : 0.211"
"6,51 : 0.6129"
"51,6 : 0.6129"
"6,52 : 0.5376"
"52,6 : 0.5376"
"6,53 : 0.6021"
"53,6 : 0.6021"
"6,54 : 0.0721"
"54,6 : 0.0721"
"6,55 : 0.197"
"55,6 : 0.197"
"6,56 : 0.5561"
"56,6 : 0.5561"
"6,57 : 0.2832"
"57,6 : 0.2832"
"6,58 : 0.4639"
"58,6 : 0.4639"
"6,59 : 0.4653"
"59,6 : 0.4653"
"6,60 : 0.441"
"60,6 : 0.441"
"6,61 : 0.4875"
"61,6 : 0.4875"
"6,62 : 0.2865"
"62,6 : 0.2865"
"6,63 : 0.2617"
"63,6 : 0.2617"
"6,64 : 0.589"
"64,6 : 0.589"
"6,65 : 0.4342"
"65,6 : 0.4342"
"6,66 : 0.4123"
"66,6 : 0.4123"
"6,67 : 0.3298"
"67,6 : 0.3298"
"6,68 : 0.5404"
"68,6 : 0.5404"
"6,69 : 0.5644"
"69,6 : 0.5644"
"6,70 : 0.5022"
"70,6 : 0.5022"
"6,71 : 0.4808"
"71,6 : 0.4808"
"6,72 : 0.2602"
"72,6 : 0.2602"
"6,73 : 0.2508"
"73,6 : 0.2508"
"6,74 : 0.5408"
"74,6 : 0.5408"
"6,75 : 0.454"
"75,6 : 0.454"
"6,76 : 0.0583"
"76,6 : 0.0583"
"6,77 : 0.211"
"77,6 : 0.211"
"6,78 : 0.4046"
"78,6 : 0.4046"
"6,79 : 0.2555"
"79,6 : 0.2555"
"6,80 : 0.3068"
"80,6 : 0.3068"
"6,81 : 0.364"
"81,6 : 0.364"
"6,82 : 0.1942"
"82,6 : 0.1942"
"6,83 : 0.4011"
"83,6 : 0.4011"
"6,84 : 0.4061"
"84,6 : 0.4061"
"6,85 : 0.4244"
"85,6 : 0.4244"
"6,86 : 0.3276"
"86,6 : 0.3276"
"6,87 : 0.5376"
"87,6 : 0.5376"
"6,88 : 0.3324"
"88,6 : 0.3324"
"6,89 : 0.6218"
"89,6 : 0.6218"
"6,90 : 0.644"
"90,6 : 0.644"
"6,91 : 0.559"
"91,6 : 0.559"
"6,92 : 0.494"
"92,6 : 0.494"
"6,93 : 0.2433"
"93,6 : 0.2433"
"6,94 : 0.4111"
"94,6 : 0.4111"
"6,95 : 0.2702"
"95,6 : 0.2702"
"6,96 : 0.14"
"96,6 : 0.14"
"6,97 : 0.5404"
"97,6 : 0.5404"
"6,98 : 0.3748"
"98,6 : 0.3748"
"6,99 : 0.4118"
"99,6 : 0.4118"
"7,8 : 0.1565"
"8,7 : 0.1565"
"7,9 : 0.7433"
"9,7 : 0.7433"
"7,10 : 0.4601"
"10,7 : 0.4601"
"7,11 : 0.4119"
"11,7 : 0.4119"
"7,12 : 0.4177"
"12,7 : 0.4177"
"7,13 : 0.1523"
"13,7 : 0.1523"
"7,14 : 0.136"
"14,7 : 0.136"
"7,15 : 0.26"
"15,7 : 0.26"
"7,16 : 0.1676"
"16,7 : 0.1676"
"7,17 : 0.5263"
"17,7 : 0.5263"
"7,18 : 0.1746"
"18,7 : 0.1746"
"7,19 : 0.6201"
"19,7 : 0.6201"
"7,20 : 0.6768"
"20,7 : 0.6768"
"7,21 : 0.4687"
"21,7 : 0.4687"
"7,22 : 0.65"
"22,7 : 0.65"
"7,23 : 0.3046"
"23,7 : 0.3046"
"7,24 : 0.372"
"24,7 : 0.372"
"7,25 : 0.3138"
"25,7 : 0.3138"
"7,26 : 0.6627"
"26,7 : 0.6627"
"7,27 : 0.6747"
"27,7 : 0.6747"
"7,28 : 0.2202"
"28,7 : 0.2202"
"7,29 : 0.577"
"29,7 : 0.577"
"7,30 : 0.55"
"30,7 : 0.55"
"7,31 : 0.5798"
"31,7 : 0.5798"
"7,32 : 0.3929"
"32,7 : 0.3929"
"7,33 : 0.3536"
"33,7 : 0.3536"
"7,34 : 0.7072"
"34,7 : 0.7072"
"7,35 : 0.2968"
"35,7 : 0.2968"
"7,36 : 0.5993"
"36,7 : 0.5993"
"7,37 : 0.2025"
"37,7 : 0.2025"
"7,38 : 0.4687"
"38,7 : 0.4687"
"7,39 : 0.1612"
"39,7 : 0.1612"
"7,40 : 0.7368"
"40,7 : 0.7368"
"7,41 : 0.5822"
"41,7 : 0.5822"
"7,42 : 0.5197"
"42,7 : 0.5197"
"7,43 : 0.3612"
"43,7 : 0.3612"
"7,44 : 0.2915"
"44,7 : 0.2915"
"7,45 : 0.3569"
"45,7 : 0.3569"
"7,46 : 0.1204"
"46,7 : 0.1204"
"7,47 : 0.2484"
"47,7 : 0.2484"
"7,48 : 0.7306"
"48,7 : 0.7306"
"7,49 : 0.4478"
"49,7 : 0.4478"
"7,50 : 0.5401"
"50,7 : 0.5401"
"7,51 : 0.8288"
"51,7 : 0.8288"
"7,52 : 0.2154"
"52,7 : 0.2154"
"7,53 : 0.3585"
"53,7 : 0.3585"
"7,54 : 0.3912"
"54,7 : 0.3912"
"7,55 : 0.1749"
"55,7 : 0.1749"
"7,56 : 0.3669"
"56,7 : 0.3669"
"7,57 : 0.2332"
"57,7 : 0.2332"
"7,58 : 0.1476"
"58,7 : 0.1476"
"7,59 : 0.2435"
"59,7 : 0.2435"
"7,60 : 0.6851"
"60,7 : 0.6851"
"7,61 : 0.4657"
"61,7 : 0.4657"
"7,62 : 0.5991"
"62,7 : 0.5991"
"7,63 : 0.2202"
"63,7 : 0.2202"
"7,64 : 0.389"
"64,7 : 0.389"
"7,65 : 0.483"
"65,7 : 0.483"
"7,66 : 0.4072"
"66,7 : 0.4072"
"7,67 : 0.3982"
"67,7 : 0.3982"
"7,68 : 0.3421"
"68,7 : 0.3421"
"7,69 : 0.3138"
"69,7 : 0.3138"
"7,70 : 0.2912"
"70,7 : 0.2912"
"7,71 : 0.1985"
"71,7 : 0.1985"
"7,72 : 0.07"
"72,7 : 0.07"
"7,73 : 0.436"
"73,7 : 0.436"
"7,74 : 0.3138"
"74,7 : 0.3138"
"7,75 : 0.13"
"75,7 : 0.13"
"7,76 : 0.2828"
"76,7 : 0.2828"
"7,77 : 0.5408"
"77,7 : 0.5408"
"7,78 : 0.2707"
"78,7 : 0.2707"
"7,79 : 0.5675"
"79,7 : 0.5675"
"7,80 : 0.5131"
"80,7 : 0.5131"
"7,81 : 0.6845"
"81,7 : 0.6845"
"7,82 : 0.3413"
"82,7 : 0.3413"
"7,83 : 0.0728"
"83,7 : 0.0728"
"7,84 : 0.7325"
"84,7 : 0.7325"
"7,85 : 0.2508"
"85,7 : 0.2508"
"7,86 : 0.578"
"86,7 : 0.578"
"7,87 : 0.3821"
"87,7 : 0.3821"
"7,88 : 0.522"
"88,7 : 0.522"
"7,89 : 0.372"
"89,7 : 0.372"
"7,90 : 0.5324"
"90,7 : 0.5324"
"7,91 : 0.8149"
"91,7 : 0.8149"
"7,92 : 0.2846"
"92,7 : 0.2846"
"7,93 : 0.3829"
"93,7 : 0.3829"
"7,94 : 0.6708"
"94,7 : 0.6708"
"7,95 : 0.2561"
"95,7 : 0.2561"
"7,96 : 0.1903"
"96,7 : 0.1903"
"7,97 : 0.4101"
"97,7 : 0.4101"
"7,98 : 0.65"
"98,7 : 0.65"
"7,99 : 0.3922"
"99,7 : 0.3922"
"8,9 : 0.8728"
"9,8 : 0.8728"
"8,10 : 0.5367"
"10,8 : 0.5367"
"8,11 : 0.5508"
"11,8 : 0.5508"
"8,12 : 0.4966"
"12,8 : 0.4966"
"8,13 : 0.01"
"13,8 : 0.01"
"8,14 : 0.2843"
"14,8 : 0.2843"
"8,15 : 0.4061"
"15,8 : 0.4061"
"8,16 : 0.2983"
"16,8 : 0.2983"
"8,17 : 0.4401"
"17,8 : 0.4401"
"8,18 : 0.0424"
"18,8 : 0.0424"
"8,19 : 0.7742"
"19,8 : 0.7742"
"8,20 : 0.8297"
"20,8 : 0.8297"
"8,21 : 0.621"
"21,8 : 0.621"
"8,22 : 0.679"
"22,8 : 0.679"
"8,23 : 0.3506"
"23,8 : 0.3506"
"8,24 : 0.5162"
"24,8 : 0.5162"
"8,25 : 0.4701"
"25,8 : 0.4701"
"8,26 : 0.8105"
"26,8 : 0.8105"
"8,27 : 0.8031"
"27,8 : 0.8031"
"8,28 : 0.3178"
"28,8 : 0.3178"
"8,29 : 0.6841"
"29,8 : 0.6841"
"8,30 : 0.6935"
"30,8 : 0.6935"
"8,31 : 0.73"
"31,8 : 0.73"
"8,32 : 0.5209"
"32,8 : 0.5209"
"8,33 : 0.4295"
"33,8 : 0.4295"
"8,34 : 0.7684"
"34,8 : 0.7684"
"8,35 : 0.255"
"35,8 : 0.255"
"8,36 : 0.6172"
"36,8 : 0.6172"
"8,37 : 0.1044"
"37,8 : 0.1044"
"8,38 : 0.3418"
"38,8 : 0.3418"
"8,39 : 0.2594"
"39,8 : 0.2594"
"8,40 : 0.8551"
"40,8 : 0.8551"
"8,41 : 0.7203"
"41,8 : 0.7203"
"8,42 : 0.6719"
"42,8 : 0.6719"
"8,43 : 0.4624"
"43,8 : 0.4624"
"8,44 : 0.246"
"44,8 : 0.246"
"8,45 : 0.4258"
"45,8 : 0.4258"
"8,46 : 0.272"
"46,8 : 0.272"
"8,47 : 0.1217"
"47,8 : 0.1217"
"8,48 : 0.8709"
"48,8 : 0.8709"
"8,49 : 0.3423"
"49,8 : 0.3423"
"8,50 : 0.6847"
"50,8 : 0.6847"
"8,51 : 0.8989"
"51,8 : 0.8989"
"8,52 : 0.1616"
"52,8 : 0.1616"
"8,53 : 0.3821"
"53,8 : 0.3821"
"8,54 : 0.5394"
"54,8 : 0.5394"
"8,55 : 0.2907"
"55,8 : 0.2907"
"8,56 : 0.2816"
"56,8 : 0.2816"
"8,57 : 0.2907"
"57,8 : 0.2907"
"8,58 : 0.01"
"58,8 : 0.01"
"8,59 : 0.1709"
"59,8 : 0.1709"
"8,60 : 0.7747"
"60,8 : 0.7747"
"8,61 : 0.4604"
"61,8 : 0.4604"
"8,62 : 0.7244"
"62,8 : 0.7244"
"8,63 : 0.3688"
"63,8 : 0.3688"
"8,64 : 0.4405"
"64,8 : 0.4405"
"8,65 : 0.5091"
"65,8 : 0.5091"
"8,66 : 0.5382"
"66,8 : 0.5382"
"8,67 : 0.5445"
"67,8 : 0.5445"
"8,68 : 0.4031"
"68,8 : 0.4031"
"8,69 : 0.3406"
"69,8 : 0.3406"
"8,70 : 0.3551"
"70,8 : 0.3551"
"8,71 : 0.0806"
"71,8 : 0.0806"
"8,72 : 0.2214"
"72,8 : 0.2214"
"8,73 : 0.5255"
"73,8 : 0.5255"
"8,74 : 0.3606"
"74,8 : 0.3606"
"8,75 : 0.1217"
"75,8 : 0.1217"
"8,76 : 0.4211"
"76,8 : 0.4211"
"8,77 : 0.6812"
"77,8 : 0.6812"
"8,78 : 0.2561"
"78,8 : 0.2561"
"8,79 : 0.6935"
"79,8 : 0.6935"
"8,80 : 0.6689"
"80,8 : 0.6689"
"8,81 : 0.813"
"81,8 : 0.813"
"8,82 : 0.4974"
"82,8 : 0.4974"
"8,83 : 0.114"
"83,8 : 0.114"
"8,84 : 0.8797"
"84,8 : 0.8797"
"8,85 : 0.2163"
"85,8 : 0.2163"
"8,86 : 0.6768"
"86,8 : 0.6768"
"8,87 : 0.461"
"87,8 : 0.461"
"8,88 : 0.6768"
"88,8 : 0.6768"
"8,89 : 0.2435"
"89,8 : 0.2435"
"8,90 : 0.4687"
"90,8 : 0.4687"
"8,91 : 0.9713"
"91,8 : 0.9713"
"8,92 : 0.2062"
"92,8 : 0.2062"
"8,93 : 0.4662"
"93,8 : 0.4662"
"8,94 : 0.8273"
"94,8 : 0.8273"
"8,95 : 0.4036"
"95,8 : 0.4036"
"8,96 : 0.3354"
"96,8 : 0.3354"
"8,97 : 0.4973"
"97,8 : 0.4973"
"8,98 : 0.8062"
"98,8 : 0.8062"
"8,99 : 0.4036"
"99,8 : 0.4036"
"9,10 : 0.4254"
"10,9 : 0.4254"
"9,11 : 0.3353"
"11,9 : 0.3353"
"9,12 : 0.4427"
"12,9 : 0.4427"
"9,13 : 0.8737"
"13,9 : 0.8737"
"9,14 : 0.6964"
"14,9 : 0.6964"
"9,15 : 0.4904"
"15,9 : 0.4904"
"9,16 : 0.7432"
"16,9 : 0.7432"
"9,17 : 0.9362"
"17,9 : 0.9362"
"9,18 : 0.9055"
"18,9 : 0.9055"
"9,19 : 0.5727"
"19,9 : 0.5727"
"9,20 : 0.2983"
"20,9 : 0.2983"
"9,21 : 0.3547"
"21,9 : 0.3547"
"9,22 : 0.58"
"22,9 : 0.58"
"9,23 : 0.9481"
"23,9 : 0.9481"
"9,24 : 0.6736"
"24,9 : 0.6736"
"9,25 : 0.5492"
"25,9 : 0.5492"
"9,26 : 0.2119"
"26,9 : 0.2119"
"9,27 : 0.07"
"27,9 : 0.07"
"9,28 : 0.8229"
"28,9 : 0.8229"
"9,29 : 0.2371"
"29,9 : 0.2371"
"9,30 : 0.228"
"30,9 : 0.228"
"9,31 : 0.6363"
"31,9 : 0.6363"
"9,32 : 0.3523"
"32,9 : 0.3523"
"9,33 : 0.9211"
"33,9 : 0.9211"
"9,34 : 0.441"
"34,9 : 0.441"
"9,35 : 1.0249"
"35,9 : 1.0249"
"9,36 : 0.6172"
"36,9 : 0.6172"
"9,37 : 0.8405"
"37,9 : 0.8405"
"9,38 : 1.0211"
"38,9 : 1.0211"
"9,39 : 0.8078"
"39,9 : 0.8078"
"9,40 : 0.0949"
"40,9 : 0.0949"
"9,41 : 0.1749"
"41,9 : 0.1749"
"9,42 : 0.3256"
"42,9 : 0.3256"
"9,43 : 0.8602"
"43,9 : 0.8602"
"9,44 : 0.7747"
"44,9 : 0.7747"
"9,45 : 0.9381"
"45,9 : 0.9381"
"9,46 : 0.6282"
"46,9 : 0.6282"
"9,47 : 0.8914"
"47,9 : 0.8914"
"9,48 : 0.11"
"48,9 : 0.11"
"9,49 : 0.9492"
"49,9 : 0.9492"
"9,50 : 0.2421"
"50,9 : 0.2421"
"9,51 : 0.4245"
"51,9 : 0.4245"
"9,52 : 0.9557"
"52,9 : 0.9557"
"9,53 : 1.0152"
"53,9 : 1.0152"
"9,54 : 0.3801"
"54,9 : 0.3801"
"9,55 : 0.5822"
"55,9 : 0.5822"
"9,56 : 0.8659"
"56,9 : 0.8659"
"9,57 : 0.6129"
"57,9 : 0.6129"
"9,58 : 0.8628"
"58,9 : 0.8628"
"9,59 : 0.815"
"59,9 : 0.815"
"9,60 : 0.2884"
"60,9 : 0.2884"
"9,61 : 0.6843"
"61,9 : 0.6843"
"9,62 : 0.1503"
"62,9 : 0.1503"
"9,63 : 0.6665"
"63,9 : 0.6665"
"9,64 : 0.9913"
"64,9 : 0.9913"
"9,65 : 0.5867"
"65,9 : 0.5867"
"9,66 : 0.7574"
"66,9 : 0.7574"
"9,67 : 0.658"
"67,9 : 0.658"
"9,68 : 0.9451"
"68,9 : 0.9451"
"9,69 : 0.9799"
"69,9 : 0.9799"
"9,70 : 0.9124"
"70,9 : 0.9124"
"9,71 : 0.8601"
"71,9 : 0.8601"
"9,72 : 0.6747"
"72,9 : 0.6747"
"9,73 : 0.3985"
"73,9 : 0.3985"
"9,74 : 0.9526"
"74,9 : 0.9526"
"9,75 : 0.871"
"75,9 : 0.871"
"9,76 : 0.461"
"76,9 : 0.461"
"9,77 : 0.2195"
"77,9 : 0.2195"
"9,78 : 0.7218"
"78,9 : 0.7218"
"9,79 : 0.18"
"79,9 : 0.18"
"9,80 : 0.5161"
"80,9 : 0.5161"
"9,81 : 0.06"
"81,9 : 0.06"
"9,82 : 0.5441"
"82,9 : 0.5441"
"9,83 : 0.8158"
"83,9 : 0.8158"
"9,84 : 0.2"
"84,9 : 0.2"
"9,85 : 0.758"
"85,9 : 0.758"
"9,86 : 0.2746"
"86,9 : 0.2746"
"9,87 : 0.9291"
"87,9 : 0.9291"
"9,88 : 0.5464"
"88,9 : 0.5464"
"9,89 : 0.9634"
"89,9 : 0.9634"
"9,90 : 0.8721"
"90,9 : 0.8721"
"9,91 : 0.5404"
"91,9 : 0.5404"
"9,92 : 0.8302"
"92,9 : 0.8302"
"9,93 : 0.4535"
"93,9 : 0.4535"
"9,94 : 0.4588"
"94,9 : 0.4588"
"9,95 : 0.6637"
"95,9 : 0.6637"
"9,96 : 0.5554"
"96,9 : 0.5554"
"9,97 : 0.922"
"97,9 : 0.922"
"9,98 : 0.4111"
"98,9 : 0.4111"
"9,99 : 0.6426"
"99,9 : 0.6426"
"10,11 : 0.2789"
"11,10 : 0.2789"
"10,12 : 0.0424"
"12,10 : 0.0424"
"10,13 : 0.5412"
"13,10 : 0.5412"
"10,14 : 0.494"
"14,10 : 0.494"
"10,15 : 0.3202"
"15,10 : 0.3202"
"10,16 : 0.5523"
"16,10 : 0.5523"
"10,17 : 0.5108"
"17,10 : 0.5108"
"10,18 : 0.5771"
"18,10 : 0.5771"
"10,19 : 0.7061"
"19,10 : 0.7061"
"10,20 : 0.5604"
"20,10 : 0.5604"
"10,21 : 0.4176"
"21,10 : 0.4176"
"10,22 : 0.2502"
"22,10 : 0.2502"
"10,23 : 0.7481"
"23,10 : 0.7481"
"10,24 : 0.6217"
"24,10 : 0.6217"
"10,25 : 0.4752"
"25,10 : 0.4752"
"10,26 : 0.4892"
"26,10 : 0.4892"
"10,27 : 0.3624"
"27,10 : 0.3624"
"10,28 : 0.6351"
"28,10 : 0.6351"
"10,29 : 0.1897"
"29,10 : 0.1897"
"10,30 : 0.3744"
"30,10 : 0.3744"
"10,31 : 0.7234"
"31,10 : 0.7234"
"10,32 : 0.2138"
"32,10 : 0.2138"
"10,33 : 0.7666"
"33,10 : 0.7666"
"10,34 : 0.25"
"34,10 : 0.25"
"10,35 : 0.7543"
"35,10 : 0.7543"
"10,36 : 0.2435"
"36,10 : 0.2435"
"10,37 : 0.4713"
"37,10 : 0.4713"
"10,38 : 0.6053"
"38,10 : 0.6053"
"10,39 : 0.592"
"39,10 : 0.592"
"10,40 : 0.3688"
"40,10 : 0.3688"
"10,41 : 0.3538"
"41,10 : 0.3538"
"10,42 : 0.4438"
"42,10 : 0.4438"
"10,43 : 0.7382"
"43,10 : 0.7382"
"10,44 : 0.3705"
"44,10 : 0.3705"
"10,45 : 0.777"
"45,10 : 0.777"
"10,46 : 0.3883"
"46,10 : 0.3883"
"10,47 : 0.5142"
"47,10 : 0.5142"
"10,48 : 0.4801"
"48,10 : 0.4801"
"10,49 : 0.5295"
"49,10 : 0.5295"
"10,50 : 0.3774"
"50,10 : 0.3774"
"10,51 : 0.3688"
"51,10 : 0.3688"
"10,52 : 0.6661"
"52,10 : 0.6661"
"10,53 : 0.8092"
"53,10 : 0.8092"
"10,54 : 0.3437"
"54,10 : 0.3437"
"10,55 : 0.2907"
"55,10 : 0.2907"
"10,56 : 0.4518"
"56,10 : 0.4518"
"10,57 : 0.246"
"57,10 : 0.246"
"10,58 : 0.5277"
"58,10 : 0.5277"
"10,59 : 0.4276"
"59,10 : 0.4276"
"10,60 : 0.2404"
"60,10 : 0.2404"
"10,61 : 0.2608"
"61,10 : 0.2608"
"10,62 : 0.2884"
"62,10 : 0.2884"
"10,63 : 0.52"
"63,10 : 0.52"
"10,64 : 0.821"
"64,10 : 0.821"
"10,65 : 0.1697"
"65,10 : 0.1697"
"10,66 : 0.7009"
"66,10 : 0.7009"
"10,67 : 0.6265"
"67,10 : 0.6265"
"10,68 : 0.771"
"68,10 : 0.771"
"10,69 : 0.7658"
"69,10 : 0.7658"
"10,70 : 0.7242"
"70,10 : 0.7242"
"10,71 : 0.4965"
"71,10 : 0.4965"
"10,72 : 0.4111"
"72,10 : 0.4111"
"10,73 : 0.051"
"73,10 : 0.051"
"10,74 : 0.756"
"74,10 : 0.756"
"10,75 : 0.5841"
"75,10 : 0.5841"
"10,76 : 0.2766"
"76,10 : 0.2766"
"10,77 : 0.3441"
"77,10 : 0.3441"
"10,78 : 0.3225"
"78,10 : 0.3225"
"10,79 : 0.2702"
"79,10 : 0.2702"
"10,80 : 0.5968"
"80,10 : 0.5968"
"10,81 : 0.3712"
"81,10 : 0.3712"
"10,82 : 0.4925"
"82,10 : 0.4925"
"10,83 : 0.5263"
"83,10 : 0.5263"
"10,84 : 0.5376"
"84,10 : 0.5376"
"10,85 : 0.365"
"85,10 : 0.365"
"10,86 : 0.1612"
"86,10 : 0.1612"
"10,87 : 0.7877"
"87,10 : 0.7877"
"10,88 : 0.6251"
"88,10 : 0.6251"
"10,89 : 0.5601"
"89,10 : 0.5601"
"10,90 : 0.4478"
"90,10 : 0.4478"
"10,91 : 0.8006"
"91,10 : 0.8006"
"10,92 : 0.4319"
"92,10 : 0.4319"
"10,93 : 0.0781"
"93,10 : 0.0781"
"10,94 : 0.6631"
"94,10 : 0.6631"
"10,95 : 0.5408"
"95,10 : 0.5408"
"10,96 : 0.3354"
"96,10 : 0.3354"
"10,97 : 0.8006"
"97,10 : 0.8006"
"10,98 : 0.6174"
"98,10 : 0.6174"
"10,99 : 0.2184"
"99,10 : 0.2184"
"11,12 : 0.26"
"12,11 : 0.26"
"11,13 : 0.5504"
"13,11 : 0.5504"
"11,14 : 0.3625"
"14,11 : 0.3625"
"11,15 : 0.1552"
"15,11 : 0.1552"
"11,16 : 0.4118"
"16,11 : 0.4118"
"11,17 : 0.7159"
"17,11 : 0.7159"
"11,18 : 0.58"
"18,11 : 0.58"
"11,19 : 0.4276"
"19,11 : 0.4276"
"11,20 : 0.314"
"20,11 : 0.314"
"11,21 : 0.1393"
"21,11 : 0.1393"
"11,22 : 0.5261"
"22,11 : 0.5261"
"11,23 : 0.6191"
"23,11 : 0.6191"
"11,24 : 0.3895"
"24,11 : 0.3895"
"11,25 : 0.2441"
"25,11 : 0.2441"
"11,26 : 0.2693"
"26,11 : 0.2693"
"11,27 : 0.2693"
"27,11 : 0.2693"
"11,28 : 0.494"
"28,11 : 0.494"
"11,29 : 0.2371"
"29,11 : 0.2371"
"11,30 : 0.1456"
"30,11 : 0.1456"
"11,31 : 0.45"
"31,11 : 0.45"
"11,32 : 0.0671"
"32,11 : 0.0671"
"11,33 : 0.6031"
"33,11 : 0.6031"
"11,34 : 0.4768"
"34,11 : 0.4768"
"11,35 : 0.6896"
"35,11 : 0.6896"
"11,36 : 0.522"
"36,11 : 0.522"
"11,37 : 0.536"
"37,11 : 0.536"
"11,38 : 0.7559"
"38,11 : 0.7559"
"11,39 : 0.4742"
"39,11 : 0.4742"
"11,40 : 0.3467"
"40,11 : 0.3467"
"11,41 : 0.1703"
"41,11 : 0.1703"
"11,42 : 0.172"
"42,11 : 0.172"
"11,43 : 0.5517"
"43,11 : 0.5517"
"11,44 : 0.5061"
"44,11 : 0.5061"
"11,45 : 0.6185"
"45,11 : 0.6185"
"11,46 : 0.2943"
"46,11 : 0.2943"
"11,47 : 0.5894"
"47,11 : 0.5894"
"11,48 : 0.3202"
"48,11 : 0.3202"
"11,49 : 0.6964"
"49,11 : 0.6964"
"11,50 : 0.1393"
"50,11 : 0.1393"
"11,51 : 0.5515"
"51,11 : 0.5515"
"11,52 : 0.6217"
"52,11 : 0.6217"
"11,53 : 0.686"
"53,11 : 0.686"
"11,54 : 0.0728"
"54,11 : 0.0728"
"11,55 : 0.2648"
"55,11 : 0.2648"
"11,56 : 0.6054"
"56,11 : 0.6054"
"11,57 : 0.3312"
"57,11 : 0.3312"
"11,58 : 0.5408"
"58,11 : 0.5408"
"11,59 : 0.5255"
"59,11 : 0.5255"
"11,60 : 0.3758"
"60,11 : 0.3758"
"11,61 : 0.5022"
"61,11 : 0.5022"
"11,62 : 0.2025"
"62,11 : 0.2025"
"11,63 : 0.3421"
"63,11 : 0.3421"
"11,64 : 0.6701"
"64,11 : 0.6701"
"11,65 : 0.4338"
"65,11 : 0.4338"
"11,66 : 0.4751"
"66,11 : 0.4751"
"11,67 : 0.3848"
"67,11 : 0.3848"
"11,68 : 0.622"
"68,11 : 0.622"
"11,69 : 0.6488"
"69,11 : 0.6488"
"11,70 : 0.5852"
"70,11 : 0.5852"
"11,71 : 0.5511"
"71,11 : 0.5511"
"11,72 : 0.3423"
"72,11 : 0.3423"
"11,73 : 0.228"
"73,11 : 0.228"
"11,74 : 0.6243"
"74,11 : 0.6243"
"11,75 : 0.5376"
"75,11 : 0.5376"
"11,76 : 0.13"
"76,11 : 0.13"
"11,77 : 0.1304"
"77,11 : 0.1304"
"11,78 : 0.4528"
"78,11 : 0.4528"
"11,79 : 0.172"
"79,11 : 0.172"
"11,80 : 0.3206"
"80,11 : 0.3206"
"11,81 : 0.2786"
"81,11 : 0.2786"
"11,82 : 0.2506"
"82,11 : 0.2506"
"11,83 : 0.4837"
"83,11 : 0.4837"
"11,84 : 0.3353"
"84,11 : 0.3353"
"11,85 : 0.4785"
"85,11 : 0.4785"
"11,86 : 0.2657"
"86,11 : 0.2657"
"11,87 : 0.6155"
"87,11 : 0.6155"
"11,88 : 0.3501"
"88,11 : 0.3501"
"11,89 : 0.6815"
"89,11 : 0.6815"
"11,90 : 0.6721"
"90,11 : 0.6721"
"11,91 : 0.5325"
"91,11 : 0.5325"
"11,92 : 0.5504"
"92,11 : 0.5504"
"11,93 : 0.2419"
"93,11 : 0.2419"
"11,94 : 0.3895"
"94,11 : 0.3895"
"11,95 : 0.3466"
"95,11 : 0.3466"
"11,96 : 0.222"
"96,11 : 0.222"
"11,97 : 0.6155"
"97,11 : 0.6155"
"11,98 : 0.3467"
"98,11 : 0.3467"
"11,99 : 0.4328"
"99,11 : 0.4328"
"12,13 : 0.5009"
"13,12 : 0.5009"
"12,14 : 0.4528"
"14,12 : 0.4528"
"12,15 : 0.2844"
"15,12 : 0.2844"
"12,16 : 0.5111"
"16,12 : 0.5111"
"12,17 : 0.4965"
"17,12 : 0.4965"
"12,18 : 0.5367"
"18,12 : 0.5367"
"12,19 : 0.6841"
"19,12 : 0.6841"
"12,20 : 0.5544"
"20,12 : 0.5544"
"12,21 : 0.3992"
"21,12 : 0.3992"
"12,22 : 0.2807"
"22,12 : 0.2807"
"12,23 : 0.706"
"23,12 : 0.706"
"12,24 : 0.5869"
"24,12 : 0.5869"
"12,25 : 0.4418"
"25,12 : 0.4418"
"12,26 : 0.488"
"26,12 : 0.488"
"12,27 : 0.377"
"27,12 : 0.377"
"12,28 : 0.5936"
"28,12 : 0.5936"
"12,29 : 0.2121"
"29,12 : 0.2121"
"12,30 : 0.3688"
"30,12 : 0.3688"
"12,31 : 0.6972"
"31,12 : 0.6972"
"12,32 : 0.1931"
"32,12 : 0.1931"
"12,33 : 0.7256"
"33,12 : 0.7256"
"12,34 : 0.2921"
"34,12 : 0.2921"
"12,35 : 0.7122"
"35,12 : 0.7122"
"12,36 : 0.2648"
"36,12 : 0.2648"
"12,37 : 0.4342"
"37,12 : 0.4342"
"12,38 : 0.5805"
"38,12 : 0.5805"
"12,39 : 0.55"
"39,12 : 0.55"
"12,40 : 0.3932"
"40,12 : 0.3932"
"12,41 : 0.3547"
"41,12 : 0.3547"
"12,42 : 0.4294"
"42,12 : 0.4294"
"12,43 : 0.6986"
"43,12 : 0.6986"
"12,44 : 0.3401"
"44,12 : 0.3401"
"12,45 : 0.7357"
"45,12 : 0.7357"
"12,46 : 0.3467"
"46,12 : 0.3467"
"12,47 : 0.4785"
"47,12 : 0.4785"
"12,48 : 0.4888"
"48,12 : 0.4888"
"12,49 : 0.507"
"49,12 : 0.507"
"12,50 : 0.3701"
"50,12 : 0.3701"
"12,51 : 0.4111"
"51,12 : 0.4111"
"12,52 : 0.6243"
"52,12 : 0.6243"
"12,53 : 0.7669"
"53,12 : 0.7669"
"12,54 : 0.3202"
"54,12 : 0.3202"
"12,55 : 0.2484"
"55,12 : 0.2484"
"12,56 : 0.4258"
"56,12 : 0.4258"
"12,57 : 0.2062"
"57,12 : 0.2062"
"12,58 : 0.4875"
"58,12 : 0.4875"
"12,59 : 0.3932"
"59,12 : 0.3932"
"12,60 : 0.2786"
"60,12 : 0.2786"
"12,61 : 0.255"
"61,12 : 0.255"
"12,62 : 0.2997"
"62,12 : 0.2997"
"12,63 : 0.481"
"63,12 : 0.481"
"12,64 : 0.7794"
"64,12 : 0.7794"
"12,65 : 0.1749"
"65,12 : 0.1749"
"12,66 : 0.6649"
"66,12 : 0.6649"
"12,67 : 0.593"
"67,12 : 0.593"
"12,68 : 0.7295"
"68,12 : 0.7295"
"12,69 : 0.7235"
"69,12 : 0.7235"
"12,70 : 0.6824"
"70,12 : 0.6824"
"12,71 : 0.4588"
"71,12 : 0.4588"
"12,72 : 0.3688"
"72,12 : 0.3688"
"12,73 : 0.0447"
"73,12 : 0.0447"
"12,74 : 0.714"
"74,12 : 0.714"
"12,75 : 0.542"
"75,12 : 0.542"
"12,76 : 0.2419"
"76,12 : 0.2419"
"12,77 : 0.3397"
"77,12 : 0.3397"
"12,78 : 0.2902"
"78,12 : 0.2902"
"12,79 : 0.2778"
"79,12 : 0.2778"
"12,80 : 0.5727"
"80,12 : 0.5727"
"12,81 : 0.3863"
"81,12 : 0.3863"
"12,82 : 0.4604"
"82,12 : 0.4604"
"12,83 : 0.4841"
"83,12 : 0.4841"
"12,84 : 0.5404"
"84,12 : 0.5404"
"12,85 : 0.3314"
"85,12 : 0.3314"
"12,86 : 0.1903"
"86,12 : 0.1903"
"12,87 : 0.7471"
"87,12 : 0.7471"
"12,88 : 0.6002"
"88,12 : 0.6002"
"12,89 : 0.5304"
"89,12 : 0.5304"
"12,90 : 0.4383"
"90,12 : 0.4383"
"12,91 : 0.7889"
"91,12 : 0.7889"
"12,92 : 0.4001"
"92,12 : 0.4001"
"12,93 : 0.0361"
"93,12 : 0.0361"
"12,94 : 0.6485"
"94,12 : 0.6485"
"12,95 : 0.5029"
"95,12 : 0.5029"
"12,96 : 0.2955"
"96,12 : 0.2955"
"12,97 : 0.7606"
"97,12 : 0.7606"
"12,98 : 0.6042"
"98,12 : 0.6042"
"12,99 : 0.2012"
"99,12 : 0.2012"
"13,14 : 0.278"
"14,13 : 0.278"
"13,15 : 0.4045"
"15,13 : 0.4045"
"13,16 : 0.2907"
"16,13 : 0.2907"
"13,17 : 0.4501"
"17,13 : 0.4501"
"13,18 : 0.0361"
"18,13 : 0.0361"
"13,19 : 0.7684"
"19,13 : 0.7684"
"13,20 : 0.8271"
"20,13 : 0.8271"
"13,21 : 0.6185"
"21,13 : 0.6185"
"13,22 : 0.6862"
"22,13 : 0.6862"
"13,23 : 0.3406"
