x,y
0.55,0.55
0.57,0.15
0.12,0.61
0.61,0.25
0.51,0.09
0.09,0.79
0.47,0.89
0.35,0.45
0.67,0.6
0.58,0.14
0.67,0.18
0.54,0.88
0.6,0.87
0.94,0.96
0.17,0.74
0.42,0.91
0.28,0.42
0.4,0.97
0.81,0.79
0.12,0.5
0.03,0.53
0.79,0.86
0.39,0.26
0.34,0.72
0.76,0.14
0.06,0.44
0.55,0.84
0.66,0.3
0.92,0.49
0.97,0.19
0.96,0.25
0.16,0.22
0.88,0.16
0.69,0.02
0.63,0.54
0.8,0.2
0.17,0.83
0.48,0.9
0.77,0.05
0.45,0.55
0.45,0.9
0.13,0.03
0.96,0.34
0.98,0.65
0.99,0.1
0.64,0.61
0.2,0.54
0.45,0.37
0.31,0.99
0.44,0.38
0.23,0.76
0.65,0.56
0.44,0.44
0.85,0.43
0.22,0.54
0.23,0.86
0.99,0.18
0.6,0.43
0.52,0.73
0.19,0.66
0.76,0.66
0.42,0.08
0.93,0.42
0.23,0.75
0.61,0.95
0.64,0.76
0.78,0.74
0.67,0.64
0.49,0.03
0.23,0.69
0.29,0.71
0.58,0.1
0.97,0.01
0.05,0.8
0.25,0.83
0.51,0.01
0.8,0.92
0.24,0.84
0.4,0.99
0.88,0.29
0.05,0.51
0.52,0.75
0.47,0.45
0.13,0.29
0.48,0.14
0.07,0.87
0.88,0.44
0.08,0.47
0.93,0.75
0.05,0.29
0.96,0.66
0.65,0.74
0.98,0.71
0.89,0.65
0.65,0.72
0.73,0.08
0.4,0.44
0.98,0.44
0.1,0.32
0.33,0.77

Distanze
"0,1 : 0.4005"
"1,0 : 0.4005"
"0,2 : 0.4342"
"2,0 : 0.4342"
"0,3 : 0.3059"
"3,0 : 0.3059"
"0,4 : 0.4617"
"4,0 : 0.4617"
"0,5 : 0.5188"
"5,0 : 0.5188"
"0,6 : 0.3493"
"6,0 : 0.3493"
"0,7 : 0.2236"
"7,0 : 0.2236"
"0,8 : 0.13"
"8,0 : 0.13"
"0,9 : 0.4111"
"9,0 : 0.4111"
"0,10 : 0.389"
"10,0 : 0.389"
"0,11 : 0.3302"
"11,0 : 0.3302"
"0,12 : 0.3239"
"12,0 : 0.3239"
"0,13 : 0.5659"
"13,0 : 0.5659"
"0,14 : 0.4249"
"14,0 : 0.4249"
"0,15 : 0.3828"
"15,0 : 0.3828"
"0,16 : 0.2997"
"16,0 : 0.2997"
"0,17 : 0.446"
"17,0 : 0.446"
"0,18 : 0.3538"
"18,0 : 0.3538"
"0,19 : 0.4329"
"19,0 : 0.4329"
"0,20 : 0.5204"
"20,0 : 0.5204"
"0,21 : 0.392"
"21,0 : 0.392"
"0,22 : 0.3312"
"22,0 : 0.3312"
"0,23 : 0.2702"
"23,0 : 0.2702"
"0,24 : 0.4607"
"24,0 : 0.4607"
"0,25 : 0.5022"
"25,0 : 0.5022"
"0,26 : 0.29"
"26,0 : 0.29"
"0,27 : 0.2731"
"27,0 : 0.2731"
"0,28 : 0.3748"
"28,0 : 0.3748"
"0,29 : 0.5532"
"29,0 : 0.5532"
"0,30 : 0.508"
"30,0 : 0.508"
"0,31 : 0.5109"
"31,0 : 0.5109"
"0,32 : 0.5109"
"32,0 : 0.5109"
"0,33 : 0.5482"
"33,0 : 0.5482"
"0,34 : 0.0806"
"34,0 : 0.0806"
"0,35 : 0.4301"
"35,0 : 0.4301"
"0,36 : 0.472"
"36,0 : 0.472"
"0,37 : 0.3569"
"37,0 : 0.3569"
"0,38 : 0.5463"
"38,0 : 0.5463"
"0,39 : 0.1"
"39,0 : 0.1"
"0,40 : 0.364"
"40,0 : 0.364"
"0,41 : 0.6684"
"41,0 : 0.6684"
"0,42 : 0.4607"
"42,0 : 0.4607"
"0,43 : 0.4415"
"43,0 : 0.4415"
"0,44 : 0.6294"
"44,0 : 0.6294"
"0,45 : 0.1082"
"45,0 : 0.1082"
"0,46 : 0.3501"
"46,0 : 0.3501"
"0,47 : 0.2059"
"47,0 : 0.2059"
"0,48 : 0.5012"
"48,0 : 0.5012"
"0,49 : 0.2025"
"49,0 : 0.2025"
"0,50 : 0.3828"
"50,0 : 0.3828"
"0,51 : 0.1005"
"51,0 : 0.1005"
"0,52 : 0.1556"
"52,0 : 0.1556"
"0,53 : 0.3231"
"53,0 : 0.3231"
"0,54 : 0.3302"
"54,0 : 0.3302"
"0,55 : 0.4455"
"55,0 : 0.4455"
"0,56 : 0.5749"
"56,0 : 0.5749"
"0,57 : 0.13"
"57,0 : 0.13"
"0,58 : 0.1825"
"58,0 : 0.1825"
"0,59 : 0.3764"
"59,0 : 0.3764"
"0,60 : 0.2371"
"60,0 : 0.2371"
"0,61 : 0.4876"
"61,0 : 0.4876"
"0,62 : 0.4016"
"62,0 : 0.4016"
"0,63 : 0.3774"
"63,0 : 0.3774"
"0,64 : 0.4045"
"64,0 : 0.4045"
"0,65 : 0.2285"
"65,0 : 0.2285"
"0,66 : 0.2983"
"66,0 : 0.2983"
"0,67 : 0.15"
"67,0 : 0.15"
"0,68 : 0.5235"
"68,0 : 0.5235"
"0,69 : 0.3493"
"69,0 : 0.3493"
"0,70 : 0.3053"
"70,0 : 0.3053"
"0,71 : 0.451"
"71,0 : 0.451"
"0,72 : 0.6841"
"72,0 : 0.6841"
"0,73 : 0.559"
"73,0 : 0.559"
"0,74 : 0.4104"
"74,0 : 0.4104"
"0,75 : 0.5415"
"75,0 : 0.5415"
"0,76 : 0.4465"
"76,0 : 0.4465"
"0,77 : 0.4245"
"77,0 : 0.4245"
"0,78 : 0.4649"
"78,0 : 0.4649"
"0,79 : 0.4201"
"79,0 : 0.4201"
"0,80 : 0.5016"
"80,0 : 0.5016"
"0,81 : 0.2022"
"81,0 : 0.2022"
"0,82 : 0.1281"
"82,0 : 0.1281"
"0,83 : 0.494"
"83,0 : 0.494"
"0,84 : 0.4159"
"84,0 : 0.4159"
"0,85 : 0.5769"
"85,0 : 0.5769"
"0,86 : 0.3479"
"86,0 : 0.3479"
"0,87 : 0.4768"
"87,0 : 0.4768"
"0,88 : 0.4294"
"88,0 : 0.4294"
"0,89 : 0.5636"
"89,0 : 0.5636"
"0,90 : 0.4245"
"90,0 : 0.4245"
"0,91 : 0.2147"
"91,0 : 0.2147"
"0,92 : 0.4588"
"92,0 : 0.4588"
"0,93 : 0.3544"
"93,0 : 0.3544"
"0,94 : 0.1972"
"94,0 : 0.1972"
"0,95 : 0.5033"
"95,0 : 0.5033"
"0,96 : 0.186"
"96,0 : 0.186"
"0,97 : 0.4438"
"97,0 : 0.4438"
"0,98 : 0.5054"
"98,0 : 0.5054"
"0,99 : 0.3111"
"99,0 : 0.3111"
"1,2 : 0.6435"
"2,1 : 0.6435"
"1,3 : 0.1077"
"3,1 : 0.1077"
"1,4 : 0.0849"
"4,1 : 0.0849"
"1,5 : 0.8"
"5,1 : 0.8"
"1,6 : 0.7467"
"6,1 : 0.7467"
"1,7 : 0.372"
"7,1 : 0.372"
"1,8 : 0.461"
"8,1 : 0.461"
"1,9 : 0.0141"
"9,1 : 0.0141"
"1,10 : 0.1044"
"10,1 : 0.1044"
"1,11 : 0.7306"
"11,1 : 0.7306"
"1,12 : 0.7206"
"12,1 : 0.7206"
"1,13 : 0.8905"
"13,1 : 0.8905"
"1,14 : 0.7128"
"14,1 : 0.7128"
"1,15 : 0.7747"
"15,1 : 0.7747"
"1,16 : 0.3962"
"16,1 : 0.3962"
"1,17 : 0.8374"
"17,1 : 0.8374"
"1,18 : 0.6835"
"18,1 : 0.6835"
"1,19 : 0.5701"
"19,1 : 0.5701"
"1,20 : 0.6603"
"20,1 : 0.6603"
"1,21 : 0.7433"
"21,1 : 0.7433"
"1,22 : 0.211"
"22,1 : 0.211"
"1,23 : 0.6147"
"23,1 : 0.6147"
"1,24 : 0.1903"
"24,1 : 0.1903"
"1,25 : 0.5867"
"25,1 : 0.5867"
"1,26 : 0.6903"
"26,1 : 0.6903"
"1,27 : 0.1749"
"27,1 : 0.1749"
"1,28 : 0.488"
"28,1 : 0.488"
"1,29 : 0.402"
"29,1 : 0.402"
"1,30 : 0.4026"
"30,1 : 0.4026"
"1,31 : 0.4159"
"31,1 : 0.4159"
"1,32 : 0.3102"
"32,1 : 0.3102"
"1,33 : 0.1769"
"33,1 : 0.1769"
"1,34 : 0.3946"
"34,1 : 0.3946"
"1,35 : 0.2354"
"35,1 : 0.2354"
"1,36 : 0.7889"
"36,1 : 0.7889"
"1,37 : 0.7554"
"37,1 : 0.7554"
"1,38 : 0.2236"
"38,1 : 0.2236"
"1,39 : 0.4176"
"39,1 : 0.4176"
"1,40 : 0.7595"
"40,1 : 0.7595"
"1,41 : 0.4561"
"41,1 : 0.4561"
"1,42 : 0.4338"
"42,1 : 0.4338"
"1,43 : 0.6466"
"43,1 : 0.6466"
"1,44 : 0.423"
"44,1 : 0.423"
"1,45 : 0.4653"
"45,1 : 0.4653"
"1,46 : 0.5376"
"46,1 : 0.5376"
"1,47 : 0.2506"
"47,1 : 0.2506"
"1,48 : 0.8793"
"48,1 : 0.8793"
"1,49 : 0.2642"
"49,1 : 0.2642"
"1,50 : 0.6984"
"50,1 : 0.6984"
"1,51 : 0.4177"
"51,1 : 0.4177"
"1,52 : 0.3178"
"52,1 : 0.3178"
"1,53 : 0.396"
"53,1 : 0.396"
"1,54 : 0.524"
"54,1 : 0.524"
"1,55 : 0.7872"
"55,1 : 0.7872"
"1,56 : 0.4211"
"56,1 : 0.4211"
"1,57 : 0.2816"
"57,1 : 0.2816"
"1,58 : 0.5822"
"58,1 : 0.5822"
"1,59 : 0.636"
"59,1 : 0.636"
"1,60 : 0.5442"
"60,1 : 0.5442"
"1,61 : 0.1655"
"61,1 : 0.1655"
"1,62 : 0.45"
"62,1 : 0.45"
"1,63 : 0.6896"
"63,1 : 0.6896"
"1,64 : 0.801"
"64,1 : 0.801"
"1,65 : 0.614"
"65,1 : 0.614"
"1,66 : 0.6263"
"66,1 : 0.6263"
"1,67 : 0.5001"
"67,1 : 0.5001"
"1,68 : 0.1442"
"68,1 : 0.1442"
"1,69 : 0.6381"
"69,1 : 0.6381"
"1,70 : 0.6261"
"70,1 : 0.6261"
"1,71 : 0.051"
"71,1 : 0.051"
"1,72 : 0.4238"
"72,1 : 0.4238"
"1,73 : 0.8324"
"73,1 : 0.8324"
"1,74 : 0.7515"
"74,1 : 0.7515"
"1,75 : 0.1523"
"75,1 : 0.1523"
"1,76 : 0.8036"
"76,1 : 0.8036"
"1,77 : 0.7649"
"77,1 : 0.7649"
"1,78 : 0.857"
"78,1 : 0.857"
"1,79 : 0.3401"
"79,1 : 0.3401"
"1,80 : 0.6325"
"80,1 : 0.6325"
"1,81 : 0.6021"
"81,1 : 0.6021"
"1,82 : 0.3162"
"82,1 : 0.3162"
"1,83 : 0.4617"
"83,1 : 0.4617"
"1,84 : 0.0906"
"84,1 : 0.0906"
"1,85 : 0.8766"
"85,1 : 0.8766"
"1,86 : 0.4245"
"86,1 : 0.4245"
"1,87 : 0.5852"
"87,1 : 0.5852"
"1,88 : 0.6997"
"88,1 : 0.6997"
"1,89 : 0.5385"
"89,1 : 0.5385"
"1,90 : 0.642"
"90,1 : 0.642"
"1,91 : 0.5954"
"91,1 : 0.5954"
"1,92 : 0.694"
"92,1 : 0.694"
"1,93 : 0.5936"
"93,1 : 0.5936"
"1,94 : 0.5756"
"94,1 : 0.5756"
"1,95 : 0.1746"
"95,1 : 0.1746"
"1,96 : 0.3362"
"96,1 : 0.3362"
"1,97 : 0.5022"
"97,1 : 0.5022"
"1,98 : 0.4998"
"98,1 : 0.4998"
"1,99 : 0.6648"
"99,1 : 0.6648"
"2,3 : 0.608"
"3,2 : 0.608"
"2,4 : 0.65"
"4,2 : 0.65"
"2,5 : 0.1825"
"5,2 : 0.1825"
"2,6 : 0.4482"
"6,2 : 0.4482"
"2,7 : 0.2802"
"7,2 : 0.2802"
"2,8 : 0.5501"
"8,2 : 0.5501"
"2,9 : 0.6576"
"9,2 : 0.6576"
"2,10 : 0.6981"
"10,2 : 0.6981"
"2,11 : 0.4993"
"11,2 : 0.4993"
"2,12 : 0.5459"
"12,2 : 0.5459"
"2,13 : 0.8916"
"13,2 : 0.8916"
"2,14 : 0.1393"
"14,2 : 0.1393"
"2,15 : 0.4243"
"15,2 : 0.4243"
"2,16 : 0.2484"
"16,2 : 0.2484"
"2,17 : 0.4561"
"17,2 : 0.4561"
"2,18 : 0.7131"
"18,2 : 0.7131"
"2,19 : 0.11"
"19,2 : 0.11"
"2,20 : 0.1204"
"20,2 : 0.1204"
"2,21 : 0.7151"
"21,2 : 0.7151"
"2,22 : 0.442"
"22,2 : 0.442"
"2,23 : 0.246"
"23,2 : 0.246"
"2,24 : 0.794"
"24,2 : 0.794"
"2,25 : 0.1803"
"25,2 : 0.1803"
"2,26 : 0.4876"
"26,2 : 0.4876"
"2,27 : 0.6227"
"27,2 : 0.6227"
"2,28 : 0.8089"
"28,2 : 0.8089"
"2,29 : 0.9481"
"29,2 : 0.9481"
"2,30 : 0.9139"
"30,2 : 0.9139"
"2,31 : 0.392"
"31,2 : 0.392"
"2,32 : 0.8832"
"32,2 : 0.8832"
"2,33 : 0.8204"
"33,2 : 0.8204"
"2,34 : 0.5148"
"34,2 : 0.5148"
"2,35 : 0.794"
"35,2 : 0.794"
"2,36 : 0.2256"
"36,2 : 0.2256"
"2,37 : 0.4623"
"37,2 : 0.4623"
"2,38 : 0.858"
"38,2 : 0.858"
"2,39 : 0.3354"
"39,2 : 0.3354"
"2,40 : 0.4393"
"40,2 : 0.4393"
"2,41 : 0.5801"
"41,2 : 0.5801"
"2,42 : 0.8823"
"42,2 : 0.8823"
"2,43 : 0.8609"
"43,2 : 0.8609"
"2,44 : 1.0085"
"44,2 : 1.0085"
"2,45 : 0.52"
"45,2 : 0.52"
"2,46 : 0.1063"
"46,2 : 0.1063"
"2,47 : 0.408"
"47,2 : 0.408"
"2,48 : 0.4249"
"48,2 : 0.4249"
"2,49 : 0.3941"
"49,2 : 0.3941"
"2,50 : 0.186"
"50,2 : 0.186"
"2,51 : 0.5324"
"51,2 : 0.5324"
"2,52 : 0.3624"
"52,2 : 0.3624"
"2,53 : 0.7519"
"53,2 : 0.7519"
"2,54 : 0.1221"
"54,2 : 0.1221"
"2,55 : 0.2731"
"55,2 : 0.2731"
"2,56 : 0.9705"
"56,2 : 0.9705"
"2,57 : 0.5126"
"57,2 : 0.5126"
"2,58 : 0.4176"
"58,2 : 0.4176"
"2,59 : 0.086"
"59,2 : 0.086"
"2,60 : 0.642"
"60,2 : 0.642"
"2,61 : 0.609"
"61,2 : 0.609"
"2,62 : 0.832"
"62,2 : 0.832"
"2,63 : 0.178"
"63,2 : 0.178"
"2,64 : 0.5964"
"64,2 : 0.5964"
"2,65 : 0.5412"
"65,2 : 0.5412"
"2,66 : 0.6727"
"66,2 : 0.6727"
"2,67 : 0.5508"
"67,2 : 0.5508"
"2,68 : 0.688"
"68,2 : 0.688"
"2,69 : 0.136"
"69,2 : 0.136"
"2,70 : 0.1972"
"70,2 : 0.1972"
"2,71 : 0.6868"
"71,2 : 0.6868"
"2,72 : 1.0404"
"72,2 : 1.0404"
"2,73 : 0.2025"
"73,2 : 0.2025"
"2,74 : 0.2555"
"74,2 : 0.2555"
"2,75 : 0.7156"
"75,2 : 0.7156"
"2,76 : 0.7473"
"76,2 : 0.7473"
"2,77 : 0.2594"
"77,2 : 0.2594"
"2,78 : 0.472"
"78,2 : 0.472"
"2,79 : 0.8246"
"79,2 : 0.8246"
"2,80 : 0.1221"
"80,2 : 0.1221"
"2,81 : 0.4238"
"81,2 : 0.4238"
"2,82 : 0.3848"
"82,2 : 0.3848"
"2,83 : 0.3202"
"83,2 : 0.3202"
"2,84 : 0.592"
"84,2 : 0.592"
"2,85 : 0.2648"
"85,2 : 0.2648"
"2,86 : 0.7788"
"86,2 : 0.7788"
"2,87 : 0.1456"
"87,2 : 0.1456"
"2,88 : 0.822"
"88,2 : 0.822"
"2,89 : 0.3276"
"89,2 : 0.3276"
"2,90 : 0.8415"
"90,2 : 0.8415"
"2,91 : 0.5457"
"91,2 : 0.5457"
"2,92 : 0.8658"
"92,2 : 0.8658"
"2,93 : 0.771"
"93,2 : 0.771"
"2,94 : 0.5413"
"94,2 : 0.5413"
"2,95 : 0.8081"
"95,2 : 0.8081"
"2,96 : 0.3276"
"96,2 : 0.3276"
"2,97 : 0.8766"
"97,2 : 0.8766"
"2,98 : 0.2907"
"98,2 : 0.2907"
"2,99 : 0.264"
"99,2 : 0.264"
"3,4 : 0.1887"
"4,3 : 0.1887"
"3,5 : 0.7497"
"5,3 : 0.7497"
"3,6 : 0.6551"
"6,3 : 0.6551"
"3,7 : 0.328"
"7,3 : 0.328"
"3,8 : 0.3551"
"8,3 : 0.3551"
"3,9 : 0.114"
"9,3 : 0.114"
"3,10 : 0.0922"
"10,3 : 0.0922"
"3,11 : 0.6339"
"11,3 : 0.6339"
"3,12 : 0.6201"
"12,3 : 0.6201"
"3,13 : 0.7829"
"13,3 : 0.7829"
"3,14 : 0.6586"
"14,3 : 0.6586"
"3,15 : 0.6868"
"15,3 : 0.6868"
"3,16 : 0.3712"
"16,3 : 0.3712"
"3,17 : 0.75"
"17,3 : 0.75"
"3,18 : 0.5758"
"18,3 : 0.5758"
"3,19 : 0.5501"
"19,3 : 0.5501"
"3,20 : 0.644"
"20,3 : 0.644"
"3,21 : 0.636"
"21,3 : 0.636"
"3,22 : 0.2202"
"22,3 : 0.2202"
"3,23 : 0.542"
"23,3 : 0.542"
"3,24 : 0.186"
"24,3 : 0.186"
"3,25 : 0.5819"
"25,3 : 0.5819"
"3,26 : 0.593"
"26,3 : 0.593"
"3,27 : 0.0707"
"27,3 : 0.0707"
"3,28 : 0.392"
"28,3 : 0.392"
"3,29 : 0.365"
"29,3 : 0.365"
"3,30 : 0.35"
"30,3 : 0.35"
"3,31 : 0.451"
"31,3 : 0.451"
"3,32 : 0.2846"
"32,3 : 0.2846"
"3,33 : 0.2435"
"33,3 : 0.2435"
"3,34 : 0.2907"
"34,3 : 0.2907"
"3,35 : 0.1965"
"35,3 : 0.1965"
"3,36 : 0.728"
"36,3 : 0.728"
"3,37 : 0.6629"
"37,3 : 0.6629"
"3,38 : 0.2561"
"38,3 : 0.2561"
"3,39 : 0.34"
"39,3 : 0.34"
"3,40 : 0.6694"
"40,3 : 0.6694"
"3,41 : 0.528"
"41,3 : 0.528"
"3,42 : 0.3614"
"42,3 : 0.3614"
"3,43 : 0.5449"
"43,3 : 0.5449"
"3,44 : 0.4085"
"44,3 : 0.4085"
"3,45 : 0.3612"
"45,3 : 0.3612"
"3,46 : 0.5022"
"46,3 : 0.5022"
"3,47 : 0.2"
"47,3 : 0.2"
"3,48 : 0.7985"
"48,3 : 0.7985"
"3,49 : 0.214"
"49,3 : 0.214"
"3,50 : 0.636"
"50,3 : 0.636"
"3,51 : 0.3126"
"51,3 : 0.3126"
"3,52 : 0.255"
"52,3 : 0.255"
"3,53 : 0.3"
"53,3 : 0.3"
"3,54 : 0.486"
"54,3 : 0.486"
"3,55 : 0.7187"
"55,3 : 0.7187"
"3,56 : 0.3864"
"56,3 : 0.3864"
"3,57 : 0.1803"
"57,3 : 0.1803"
"3,58 : 0.4884"
"58,3 : 0.4884"
"3,59 : 0.5869"
"59,3 : 0.5869"
"3,60 : 0.4366"
"60,3 : 0.4366"
"3,61 : 0.255"
"61,3 : 0.255"
"3,62 : 0.3624"
"62,3 : 0.3624"
"3,63 : 0.628"
"63,3 : 0.628"
"3,64 : 0.7"
"64,3 : 0.7"
"3,65 : 0.5109"
"65,3 : 0.5109"
"3,66 : 0.5187"
"66,3 : 0.5187"
"3,67 : 0.3946"
"67,3 : 0.3946"
"3,68 : 0.2506"
"68,3 : 0.2506"
"3,69 : 0.5814"
"69,3 : 0.5814"
"3,70 : 0.5604"
"70,3 : 0.5604"
"3,71 : 0.153"
"71,3 : 0.153"
"3,72 : 0.4327"
"72,3 : 0.4327"
"3,73 : 0.7849"
"73,3 : 0.7849"
"3,74 : 0.6826"
"74,3 : 0.6826"
"3,75 : 0.26"
"75,3 : 0.26"
"3,76 : 0.6964"
"76,3 : 0.6964"
"3,77 : 0.6964"
"77,3 : 0.6964"
"3,78 : 0.7692"
"78,3 : 0.7692"
"3,79 : 0.2729"
"79,3 : 0.2729"
"3,80 : 0.6174"
"80,3 : 0.6174"
"3,81 : 0.508"
"81,3 : 0.508"
"3,82 : 0.2441"
"82,3 : 0.2441"
"3,83 : 0.4817"
"83,3 : 0.4817"
"3,84 : 0.1703"
"84,3 : 0.1703"
"3,85 : 0.8222"
"85,3 : 0.8222"
"3,86 : 0.3302"
"86,3 : 0.3302"
"3,87 : 0.5738"
"87,3 : 0.5738"
"3,88 : 0.5936"
"88,3 : 0.5936"
"3,89 : 0.5614"
"89,3 : 0.5614"
"3,90 : 0.5391"
"90,3 : 0.5391"
"3,91 : 0.4916"
"91,3 : 0.4916"
"3,92 : 0.5903"
"92,3 : 0.5903"
"3,93 : 0.4883"
"93,3 : 0.4883"
"3,94 : 0.4717"
"94,3 : 0.4717"
"3,95 : 0.2081"
"95,3 : 0.2081"
"3,96 : 0.2832"
"96,3 : 0.2832"
"3,97 : 0.4159"
"97,3 : 0.4159"
"3,98 : 0.5148"
"98,3 : 0.5148"
"3,99 : 0.5906"
"99,3 : 0.5906"
"4,5 : 0.8163"
"5,4 : 0.8163"
"4,6 : 0.801"
"6,4 : 0.801"
"4,7 : 0.394"
"7,4 : 0.394"
"4,8 : 0.5345"
"8,4 : 0.5345"
"4,9 : 0.086"
"9,4 : 0.086"
"4,10 : 0.1836"
"10,4 : 0.1836"
"4,11 : 0.7906"
"11,4 : 0.7906"
"4,12 : 0.7852"
"12,4 : 0.7852"
"4,13 : 0.9705"
"13,4 : 0.9705"
"4,14 : 0.7336"
"14,4 : 0.7336"
"4,15 : 0.8249"
"15,4 : 0.8249"
"4,16 : 0.4022"
"16,4 : 0.4022"
"4,17 : 0.8868"
"17,4 : 0.8868"
"4,18 : 0.7616"
"18,4 : 0.7616"
"4,19 : 0.5659"
"19,4 : 0.5659"
"4,20 : 0.6512"
"20,4 : 0.6512"
"4,21 : 0.8193"
"21,4 : 0.8193"
"4,22 : 0.2081"
"22,4 : 0.2081"
"4,23 : 0.6525"
"23,4 : 0.6525"
"4,24 : 0.255"
"24,4 : 0.255"
"4,25 : 0.5701"
"25,4 : 0.5701"
"4,26 : 0.7511"
"26,4 : 0.7511"
"4,27 : 0.2581"
"27,4 : 0.2581"
"4,28 : 0.5728"
"28,4 : 0.5728"
"4,29 : 0.4707"
"29,4 : 0.4707"
"4,30 : 0.4776"
"30,4 : 0.4776"
"4,31 : 0.3734"
"31,4 : 0.3734"
"4,32 : 0.3766"
"32,4 : 0.3766"
"4,33 : 0.1931"
"33,4 : 0.1931"
"4,34 : 0.4657"
"34,4 : 0.4657"
"4,35 : 0.3102"
"35,4 : 0.3102"
"4,36 : 0.8144"
"36,4 : 0.8144"
"4,37 : 0.8106"
"37,4 : 0.8106"
"4,38 : 0.2631"
"38,4 : 0.2631"
"4,39 : 0.4639"
"39,4 : 0.4639"
"4,40 : 0.8122"
"40,4 : 0.8122"
"4,41 : 0.3847"
"41,4 : 0.3847"
"4,42 : 0.5148"
"42,4 : 0.5148"
"4,43 : 0.7311"
"43,4 : 0.7311"
"4,44 : 0.4801"
"44,4 : 0.4801"
"4,45 : 0.536"
"45,4 : 0.536"
"4,46 : 0.5464"
"46,4 : 0.5464"
"4,47 : 0.2864"
"47,4 : 0.2864"
"4,48 : 0.922"
"48,4 : 0.922"
"4,49 : 0.2983"
"49,4 : 0.2983"
"4,50 : 0.7262"
"50,4 : 0.7262"
"4,51 : 0.4904"
"51,4 : 0.4904"
"4,52 : 0.3569"
"52,4 : 0.3569"
"4,53 : 0.4808"
"53,4 : 0.4808"
"4,54 : 0.5354"
"54,4 : 0.5354"
"4,55 : 0.8193"
"55,4 : 0.8193"
"4,56 : 0.4884"
"56,4 : 0.4884"
"4,57 : 0.3517"
"57,4 : 0.3517"
"4,58 : 0.6401"
"58,4 : 0.6401"
"4,59 : 0.6537"
"59,4 : 0.6537"
"4,60 : 0.6224"
"60,4 : 0.6224"
"4,61 : 0.0906"
"61,4 : 0.0906"
"4,62 : 0.5341"
"62,4 : 0.5341"
"4,63 : 0.7169"
"63,4 : 0.7169"
"4,64 : 0.8658"
"64,4 : 0.8658"
"4,65 : 0.6825"
"65,4 : 0.6825"
"4,66 : 0.7038"
"66,4 : 0.7038"
"4,67 : 0.5728"
"67,4 : 0.5728"
"4,68 : 0.0632"
"68,4 : 0.0632"
"4,69 : 0.6621"
"69,4 : 0.6621"
"4,70 : 0.6579"
"70,4 : 0.6579"
"4,71 : 0.0707"
"71,4 : 0.0707"
"4,72 : 0.4669"
"72,4 : 0.4669"
"4,73 : 0.846"
"73,4 : 0.846"
"4,74 : 0.7843"
"74,4 : 0.7843"
"4,75 : 0.08"
"75,4 : 0.08"
"4,76 : 0.8792"
"76,4 : 0.8792"
"4,77 : 0.7971"
"77,4 : 0.7971"
"4,78 : 0.9067"
"78,4 : 0.9067"
"4,79 : 0.4206"
"79,4 : 0.4206"
"4,80 : 0.6229"
"80,4 : 0.6229"
"4,81 : 0.6601"
"81,4 : 0.6601"
"4,82 : 0.3622"
"82,4 : 0.3622"
"4,83 : 0.4294"
"83,4 : 0.4294"
"4,84 : 0.0583"
"84,4 : 0.0583"
"4,85 : 0.8955"
"85,4 : 0.8955"
"4,86 : 0.5093"
"86,4 : 0.5093"
"4,87 : 0.5738"
"87,4 : 0.5738"
"4,88 : 0.7823"
"88,4 : 0.7823"
"4,89 : 0.5016"
"89,4 : 0.5016"
"4,90 : 0.7262"
"90,4 : 0.7262"
"4,91 : 0.6649"
"91,4 : 0.6649"
"4,92 : 0.778"
"92,4 : 0.778"
"4,93 : 0.6768"
"93,4 : 0.6768"
"4,94 : 0.6454"
"94,4 : 0.6454"
"4,95 : 0.2202"
"95,4 : 0.2202"
"4,96 : 0.3669"
"96,4 : 0.3669"
"4,97 : 0.586"
"97,4 : 0.586"
"4,98 : 0.4701"
"98,4 : 0.4701"
"4,99 : 0.7034"
"99,4 : 0.7034"
"5,6 : 0.3929"
"6,5 : 0.3929"
"5,7 : 0.428"
"7,5 : 0.428"
"5,8 : 0.6103"
"8,5 : 0.6103"
"5,9 : 0.814"
"9,5 : 0.814"
"5,10 : 0.8417"
"10,5 : 0.8417"
"5,11 : 0.4589"
"11,5 : 0.4589"
"5,12 : 0.5162"
"12,5 : 0.5162"
"5,13 : 0.8668"
"13,5 : 0.8668"
"5,14 : 0.0943"
"14,5 : 0.0943"
"5,15 : 0.3511"
"15,5 : 0.3511"
"5,16 : 0.4159"
"16,5 : 0.4159"
"5,17 : 0.3585"
"17,5 : 0.3585"
"5,18 : 0.72"
"18,5 : 0.72"
"5,19 : 0.2915"
"19,5 : 0.2915"
"5,20 : 0.2668"
"20,5 : 0.2668"
"5,21 : 0.7035"
"21,5 : 0.7035"
"5,22 : 0.609"
"22,5 : 0.609"
"5,23 : 0.2596"
"23,5 : 0.2596"
"5,24 : 0.9335"
"24,5 : 0.9335"
"5,25 : 0.3513"
"25,5 : 0.3513"
"5,26 : 0.4627"
"26,5 : 0.4627"
"5,27 : 0.7517"
"27,5 : 0.7517"
"5,28 : 0.8826"
"28,5 : 0.8826"
"5,29 : 1.0651"
"29,5 : 1.0651"
"5,30 : 1.024"
"30,5 : 1.024"
"5,31 : 0.5743"
"31,5 : 0.5743"
"5,32 : 1.0104"
"32,5 : 1.0104"
"5,33 : 0.9762"
"33,5 : 0.9762"
"5,34 : 0.5951"
"34,5 : 0.5951"
"5,35 : 0.9231"
"35,5 : 0.9231"
"5,36 : 0.0894"
"36,5 : 0.0894"
"5,37 : 0.4052"
"37,5 : 0.4052"
"5,38 : 1.005"
"38,5 : 1.005"
"5,39 : 0.4327"
"39,5 : 0.4327"
"5,40 : 0.3764"
"40,5 : 0.3764"
"5,41 : 0.7611"
"41,5 : 0.7611"
"5,42 : 0.9795"
"42,5 : 0.9795"
"5,43 : 0.9009"
"43,5 : 0.9009"
"5,44 : 1.1341"
"44,5 : 1.1341"
"5,45 : 0.5787"
"45,5 : 0.5787"
"5,46 : 0.2731"
"46,5 : 0.2731"
"5,47 : 0.5532"
"47,5 : 0.5532"
"5,48 : 0.2973"
"48,5 : 0.2973"
"5,49 : 0.5391"
"49,5 : 0.5391"
"5,50 : 0.1432"
"50,5 : 0.1432"
"5,51 : 0.6054"
"51,5 : 0.6054"
"5,52 : 0.495"
"52,5 : 0.495"
"5,53 : 0.841"
"53,5 : 0.841"
"5,54 : 0.2818"
"54,5 : 0.2818"
"5,55 : 0.1565"
"55,5 : 0.1565"
"5,56 : 1.0872"
"56,5 : 1.0872"
"5,57 : 0.6243"
"57,5 : 0.6243"
"5,58 : 0.4342"
"58,5 : 0.4342"
"5,59 : 0.164"
"59,5 : 0.164"
"5,60 : 0.6825"
"60,5 : 0.6825"
"5,61 : 0.7829"
"61,5 : 0.7829"
"5,62 : 0.9179"
"62,5 : 0.9179"
"5,63 : 0.1456"
"63,5 : 0.1456"
"5,64 : 0.5441"
"64,5 : 0.5441"
"5,65 : 0.5508"
"65,5 : 0.5508"
"5,66 : 0.6918"
"66,5 : 0.6918"
"5,67 : 0.5991"
"67,5 : 0.5991"
"5,68 : 0.8588"
"68,5 : 0.8588"
"5,69 : 0.172"
"69,5 : 0.172"
"5,70 : 0.2154"
"70,5 : 0.2154"
"5,71 : 0.8463"
"71,5 : 0.8463"
"5,72 : 1.1759"
"72,5 : 1.1759"
"5,73 : 0.0412"
"73,5 : 0.0412"
"5,74 : 0.1649"
"74,5 : 0.1649"
"5,75 : 0.8859"
"75,5 : 0.8859"
"5,76 : 0.7218"
"76,5 : 0.7218"
"5,77 : 0.1581"
"77,5 : 0.1581"
"5,78 : 0.3689"
"78,5 : 0.3689"
"5,79 : 0.9349"
"79,5 : 0.9349"
"5,80 : 0.2828"
"80,5 : 0.2828"
"5,81 : 0.4319"
"81,5 : 0.4319"
"5,82 : 0.5099"
"82,5 : 0.5099"
"5,83 : 0.5016"
"83,5 : 0.5016"
"5,84 : 0.758"
"84,5 : 0.758"
"5,85 : 0.0825"
"85,5 : 0.0825"
"5,86 : 0.8641"
"86,5 : 0.8641"
"5,87 : 0.3202"
"87,5 : 0.3202"
"5,88 : 0.841"
"88,5 : 0.841"
"5,89 : 0.5016"
"89,5 : 0.5016"
"5,90 : 0.8797"
"90,5 : 0.8797"
"5,91 : 0.5622"
"91,5 : 0.5622"
"5,92 : 0.8936"
"92,5 : 0.8936"
"5,93 : 0.8122"
"93,5 : 0.8122"
"5,94 : 0.5644"
"94,5 : 0.5644"
"5,95 : 0.9559"
"95,5 : 0.9559"
"5,96 : 0.4675"
"96,5 : 0.4675"
"5,97 : 0.9563"
"97,5 : 0.9563"
"5,98 : 0.4701"
"98,5 : 0.4701"
"5,99 : 0.2408"
"99,5 : 0.2408"
"6,7 : 0.4561"
"7,6 : 0.4561"
"6,8 : 0.3523"
"8,6 : 0.3523"
"6,9 : 0.758"
"9,6 : 0.758"
"6,10 : 0.7376"
"10,6 : 0.7376"
"6,11 : 0.0707"
"11,6 : 0.0707"
"6,12 : 0.1315"
"12,6 : 0.1315"
"6,13 : 0.4752"
"13,6 : 0.4752"
"6,14 : 0.3354"
"14,6 : 0.3354"
"6,15 : 0.0539"
"15,6 : 0.0539"
"6,16 : 0.507"
"16,6 : 0.507"
"6,17 : 0.1063"
"17,6 : 0.1063"
"6,18 : 0.3544"
"18,6 : 0.3544"
"6,19 : 0.524"
"19,6 : 0.524"
"6,20 : 0.5685"
"20,6 : 0.5685"
"6,21 : 0.3214"
"21,6 : 0.3214"
"6,22 : 0.6351"
"22,6 : 0.6351"
"6,23 : 0.214"
"23,6 : 0.214"
"6,24 : 0.8041"
"24,6 : 0.8041"
"6,25 : 0.6088"
"25,6 : 0.6088"
"6,26 : 0.0943"
"26,6 : 0.0943"
"6,27 : 0.6198"
"27,6 : 0.6198"
"6,28 : 0.6021"
"28,6 : 0.6021"
"6,29 : 0.8602"
"29,6 : 0.8602"
"6,30 : 0.806"
"30,6 : 0.806"
"6,31 : 0.7382"
"31,6 : 0.7382"
"6,32 : 0.8373"
"32,6 : 0.8373"
"6,33 : 0.8974"
"33,6 : 0.8974"
"6,34 : 0.3848"
"34,6 : 0.3848"
"6,35 : 0.7649"
"35,6 : 0.7649"
"6,36 : 0.3059"
"36,6 : 0.3059"
"6,37 : 0.0141"
"37,6 : 0.0141"
"6,38 : 0.892"
"38,6 : 0.892"
"6,39 : 0.3406"
"39,6 : 0.3406"
"6,40 : 0.0224"
"40,6 : 0.0224"
"6,41 : 0.9248"
"41,6 : 0.9248"
"6,42 : 0.7366"
"42,6 : 0.7366"
"6,43 : 0.5636"
"43,6 : 0.5636"
"6,44 : 0.9458"
"44,6 : 0.9458"
"6,45 : 0.3276"
"45,6 : 0.3276"
"6,46 : 0.442"
"46,6 : 0.442"
"6,47 : 0.5204"
"47,6 : 0.5204"
"6,48 : 0.1887"
"48,6 : 0.1887"
"6,49 : 0.5109"
"49,6 : 0.5109"
"6,50 : 0.2729"
"50,6 : 0.2729"
"6,51 : 0.3759"
"51,6 : 0.3759"
"6,52 : 0.451"
"52,6 : 0.451"
"6,53 : 0.5967"
"53,6 : 0.5967"
"6,54 : 0.4301"
"54,6 : 0.4301"
"6,55 : 0.2419"
"55,6 : 0.2419"
"6,56 : 0.8801"
"56,6 : 0.8801"
"6,57 : 0.478"
"57,6 : 0.478"
"6,58 : 0.1676"
"58,6 : 0.1676"
"6,59 : 0.3624"
"59,6 : 0.3624"
"6,60 : 0.3701"
"60,6 : 0.3701"
"6,61 : 0.8115"
"61,6 : 0.8115"
"6,62 : 0.6576"
"62,6 : 0.6576"
"6,63 : 0.2778"
"63,6 : 0.2778"
"6,64 : 0.1523"
"64,6 : 0.1523"
"6,65 : 0.214"
"65,6 : 0.214"
"6,66 : 0.3444"
"66,6 : 0.3444"
"6,67 : 0.3202"
"67,6 : 0.3202"
"6,68 : 0.8602"
"68,6 : 0.8602"
"6,69 : 0.3124"
"69,6 : 0.3124"
"6,70 : 0.2546"
"70,6 : 0.2546"
"6,71 : 0.7976"
"71,6 : 0.7976"
"6,72 : 1.0121"
"72,6 : 1.0121"
"6,73 : 0.4295"
"73,6 : 0.4295"
"6,74 : 0.228"
"74,6 : 0.228"
"6,75 : 0.8809"
"75,6 : 0.8809"
"6,76 : 0.3314"
"76,6 : 0.3314"
"6,77 : 0.2354"
"77,6 : 0.2354"
"6,78 : 0.1221"
"78,6 : 0.1221"
"6,79 : 0.7267"
"79,6 : 0.7267"
"6,80 : 0.5664"
"80,6 : 0.5664"
"6,81 : 0.1487"
"81,6 : 0.1487"
"6,82 : 0.44"
"82,6 : 0.44"
"6,83 : 0.6896"
"83,6 : 0.6896"
"6,84 : 0.7501"
"84,6 : 0.7501"
"6,85 : 0.4005"
"85,6 : 0.4005"
"6,86 : 0.6088"
"86,6 : 0.6088"
"6,87 : 0.5731"
"87,6 : 0.5731"
"6,88 : 0.4808"
"88,6 : 0.4808"
"6,89 : 0.7324"
"89,6 : 0.7324"
"6,90 : 0.5413"
"90,6 : 0.5413"
"6,91 : 0.2343"
"91,6 : 0.2343"
"6,92 : 0.5408"
"92,6 : 0.5408"
"6,93 : 0.4837"
"93,6 : 0.4837"
"6,94 : 0.2476"
"94,6 : 0.2476"
"6,95 : 0.8507"
"95,6 : 0.8507"
"6,96 : 0.4554"
"96,6 : 0.4554"
"6,97 : 0.6801"
"97,6 : 0.6801"
"6,98 : 0.6796"
"98,6 : 0.6796"
"6,99 : 0.1844"
"99,6 : 0.1844"
"7,8 : 0.3534"
"8,7 : 0.3534"
"7,9 : 0.386"
"9,7 : 0.386"
"7,10 : 0.4187"
"10,7 : 0.4187"
"7,11 : 0.4701"
"11,7 : 0.4701"
"7,12 : 0.4888"
"12,7 : 0.4888"
"7,13 : 0.7799"
"13,7 : 0.7799"
"7,14 : 0.3413"
"14,7 : 0.3413"
"7,15 : 0.4653"
"15,7 : 0.4653"
"7,16 : 0.0762"
"16,7 : 0.0762"
"7,17 : 0.5224"
"17,7 : 0.5224"
"7,18 : 0.572"
"18,7 : 0.572"
"7,19 : 0.2354"
"19,7 : 0.2354"
"7,20 : 0.3298"
"20,7 : 0.3298"
"7,21 : 0.6014"
"21,7 : 0.6014"
"7,22 : 0.1942"
"22,7 : 0.1942"
"7,23 : 0.2702"
"23,7 : 0.2702"
"7,24 : 0.514"
"24,7 : 0.514"
"7,25 : 0.2902"
"25,7 : 0.2902"
"7,26 : 0.4383"
"26,7 : 0.4383"
"7,27 : 0.3444"
"27,7 : 0.3444"
"7,28 : 0.5714"
"28,7 : 0.5714"
"7,29 : 0.6723"
"29,7 : 0.6723"
"7,30 : 0.642"
"30,7 : 0.642"
"7,31 : 0.2983"
"31,7 : 0.2983"
"7,32 : 0.6042"
"32,7 : 0.6042"
"7,33 : 0.5482"
"33,7 : 0.5482"
"7,34 : 0.2941"
"34,7 : 0.2941"
"7,35 : 0.5148"
"35,7 : 0.5148"
"7,36 : 0.4205"
"36,7 : 0.4205"
"7,37 : 0.4684"
"37,7 : 0.4684"
"7,38 : 0.58"
"38,7 : 0.58"
"7,39 : 0.1414"
"39,7 : 0.1414"
"7,40 : 0.461"
"40,7 : 0.461"
"7,41 : 0.4741"
"41,7 : 0.4741"
"7,42 : 0.6198"
"42,7 : 0.6198"
"7,43 : 0.661"
"43,7 : 0.661"
"7,44 : 0.7295"
"44,7 : 0.7295"
"7,45 : 0.3312"
"45,7 : 0.3312"
"7,46 : 0.1749"
"46,7 : 0.1749"
"7,47 : 0.1281"
"47,7 : 0.1281"
"7,48 : 0.5415"
"48,7 : 0.5415"
"7,49 : 0.114"
"49,7 : 0.114"
"7,50 : 0.3324"
"50,7 : 0.3324"
"7,51 : 0.3195"
"51,7 : 0.3195"
"7,52 : 0.0906"
"52,7 : 0.0906"
"7,53 : 0.5004"
"53,7 : 0.5004"
"7,54 : 0.1581"
"54,7 : 0.1581"
"7,55 : 0.4272"
"55,7 : 0.4272"
"7,56 : 0.6946"
"56,7 : 0.6946"
"7,57 : 0.2508"
"57,7 : 0.2508"
"7,58 : 0.3276"
"58,7 : 0.3276"
"7,59 : 0.264"
"59,7 : 0.264"
"7,60 : 0.4607"
"60,7 : 0.4607"
"7,61 : 0.3766"
"61,7 : 0.3766"
"7,62 : 0.5808"
"62,7 : 0.5808"
"7,63 : 0.3231"
"63,7 : 0.3231"
"7,64 : 0.5636"
"64,7 : 0.5636"
"7,65 : 0.4245"
"65,7 : 0.4245"
"7,66 : 0.5187"
"66,7 : 0.5187"
"7,67 : 0.3722"
"67,7 : 0.3722"
"7,68 : 0.4427"
"68,7 : 0.4427"
"7,69 : 0.2683"
"69,7 : 0.2683"
"7,70 : 0.2668"
"70,7 : 0.2668"
"7,71 : 0.4188"
"71,7 : 0.4188"
"7,72 : 0.7603"
"72,7 : 0.7603"
"7,73 : 0.461"
"73,7 : 0.461"
"7,74 : 0.3929"
"74,7 : 0.3929"
"7,75 : 0.4682"
"75,7 : 0.4682"
"7,76 : 0.6507"
"76,7 : 0.6507"
"7,77 : 0.4052"
"77,7 : 0.4052"
"7,78 : 0.5423"
"78,7 : 0.5423"
"7,79 : 0.5536"
"79,7 : 0.5536"
"7,80 : 0.3059"
"80,7 : 0.3059"
"7,81 : 0.3448"
"81,7 : 0.3448"
"7,82 : 0.12"
"82,7 : 0.12"
"7,83 : 0.272"
"83,7 : 0.272"
"7,84 : 0.3362"
"84,7 : 0.3362"
"7,85 : 0.5048"
"85,7 : 0.5048"
"7,86 : 0.5301"
"86,7 : 0.5301"
"7,87 : 0.2707"
"87,7 : 0.2707"
"7,88 : 0.653"
"88,7 : 0.653"
"7,89 : 0.34"
"89,7 : 0.34"
"7,90 : 0.6451"
"90,7 : 0.6451"
"7,91 : 0.4173"
"91,7 : 0.4173"
"7,92 : 0.6815"
"92,7 : 0.6815"
"7,93 : 0.5758"
"93,7 : 0.5758"
"7,94 : 0.4036"
"94,7 : 0.4036"
"7,95 : 0.5304"
"95,7 : 0.5304"
"7,96 : 0.051"
"96,7 : 0.051"
"7,97 : 0.6301"
"97,7 : 0.6301"
"7,98 : 0.2818"
"98,7 : 0.2818"
"7,99 : 0.3206"
"99,7 : 0.3206"
"8,9 : 0.4687"
"9,8 : 0.4687"
"8,10 : 0.42"
"10,8 : 0.42"
"8,11 : 0.3087"
"11,8 : 0.3087"
"8,12 : 0.2789"
"12,8 : 0.2789"
"8,13 : 0.45"
"13,8 : 0.45"
"8,14 : 0.5192"
"14,8 : 0.5192"
"8,15 : 0.3982"
"15,8 : 0.3982"
"8,16 : 0.4295"
"16,8 : 0.4295"
"8,17 : 0.458"
"17,8 : 0.458"
"8,18 : 0.236"
"18,8 : 0.236"
"8,19 : 0.559"
"19,8 : 0.559"
"8,20 : 0.6438"
"20,8 : 0.6438"
"8,21 : 0.2864"
"21,8 : 0.2864"
"8,22 : 0.4405"
"22,8 : 0.4405"
"8,23 : 0.3511"
"23,8 : 0.3511"
"8,24 : 0.4687"
"24,8 : 0.4687"
"8,25 : 0.6306"
"25,8 : 0.6306"
"8,26 : 0.2683"
"26,8 : 0.2683"
"8,27 : 0.3002"
"27,8 : 0.3002"
"8,28 : 0.2731"
"28,8 : 0.2731"
"8,29 : 0.508"
"29,8 : 0.508"
"8,30 : 0.4545"
"30,8 : 0.4545"
"8,31 : 0.636"
"31,8 : 0.636"
"8,32 : 0.4875"
"32,8 : 0.4875"
"8,33 : 0.5803"
"33,8 : 0.5803"
"8,34 : 0.0721"
"34,8 : 0.0721"
"8,35 : 0.4206"
"35,8 : 0.4206"
"8,36 : 0.5504"
"36,8 : 0.5504"
"8,37 : 0.3551"
"37,8 : 0.3551"
"8,38 : 0.559"
"38,8 : 0.559"
"8,39 : 0.2256"
"39,8 : 0.2256"
"8,40 : 0.372"
"40,8 : 0.372"
"8,41 : 0.7852"
"41,8 : 0.7852"
"8,42 : 0.3895"
"42,8 : 0.3895"
"8,43 : 0.314"
"43,8 : 0.314"
"8,44 : 0.5936"
"44,8 : 0.5936"
"8,45 : 0.0316"
"45,8 : 0.0316"
"8,46 : 0.4738"
"46,8 : 0.4738"
"8,47 : 0.3183"
"47,8 : 0.3183"
"8,48 : 0.5308"
"48,8 : 0.5308"
"8,49 : 0.3183"
"49,8 : 0.3183"
"8,50 : 0.4682"
"50,8 : 0.4682"
"8,51 : 0.0447"
"51,8 : 0.0447"
"8,52 : 0.2802"
"52,8 : 0.2802"
"8,53 : 0.2476"
"53,8 : 0.2476"
"8,54 : 0.454"
"54,8 : 0.454"
"8,55 : 0.5111"
"55,8 : 0.5111"
"8,56 : 0.528"
"56,8 : 0.528"
"8,57 : 0.1838"
"57,8 : 0.1838"
"8,58 : 0.1985"
"58,8 : 0.1985"
"8,59 : 0.4837"
"59,8 : 0.4837"
"8,60 : 0.1082"
"60,8 : 0.1082"
"8,61 : 0.577"
"61,8 : 0.577"
"8,62 : 0.3162"
"62,8 : 0.3162"
"8,63 : 0.4649"
"63,8 : 0.4649"
"8,64 : 0.3551"
"64,8 : 0.3551"
"8,65 : 0.1628"
"65,8 : 0.1628"
"8,66 : 0.178"
"66,8 : 0.178"
"8,67 : 0.04"
"67,8 : 0.04"
"8,68 : 0.5977"
"68,8 : 0.5977"
"8,69 : 0.4491"
"69,8 : 0.4491"
"8,70 : 0.3956"
"70,8 : 0.3956"
"8,71 : 0.508"
"71,8 : 0.508"
"8,72 : 0.6619"
"72,8 : 0.6619"
"8,73 : 0.6515"
"73,8 : 0.6515"
"8,74 : 0.4789"
"74,8 : 0.4789"
"8,75 : 0.6113"
"75,8 : 0.6113"
"8,76 : 0.3454"
"76,8 : 0.3454"
"8,77 : 0.4924"
"77,8 : 0.4924"
"8,78 : 0.4743"
"78,8 : 0.4743"
"8,79 : 0.3744"
"79,8 : 0.3744"
"8,80 : 0.6265"
"80,8 : 0.6265"
"8,81 : 0.2121"
"81,8 : 0.2121"
"8,82 : 0.25"
"82,8 : 0.25"
"8,83 : 0.6227"
"83,8 : 0.6227"
"8,84 : 0.4977"
"84,8 : 0.4977"
"8,85 : 0.658"
"85,8 : 0.658"
"8,86 : 0.264"
"86,8 : 0.264"
"8,87 : 0.6042"
"87,8 : 0.6042"
"8,88 : 0.3002"
"88,8 : 0.3002"
"8,89 : 0.6932"
"89,8 : 0.6932"
"8,90 : 0.2961"
"90,8 : 0.2961"
"8,91 : 0.1414"
"91,8 : 0.1414"
"8,92 : 0.3289"
"92,8 : 0.3289"
"8,93 : 0.2256"
"93,8 : 0.2256"
"8,94 : 0.1217"
"94,8 : 0.1217"
"8,95 : 0.5235"
"95,8 : 0.5235"
"8,96 : 0.3138"
"96,8 : 0.3138"
"8,97 : 0.3489"
"97,8 : 0.3489"
"8,98 : 0.6351"
"98,8 : 0.6351"
"8,99 : 0.3801"
"99,8 : 0.3801"
"9,10 : 0.0985"
"10,9 : 0.0985"
"9,11 : 0.7411"
"11,9 : 0.7411"
"9,12 : 0.7303"
"12,9 : 0.7303"
"9,13 : 0.8955"
"13,9 : 0.8955"
"9,14 : 0.7267"
"14,9 : 0.7267"
"9,15 : 0.7864"
"15,9 : 0.7864"
"9,16 : 0.4104"
"16,9 : 0.4104"
"9,17 : 0.8493"
"17,9 : 0.8493"
"9,18 : 0.6895"
"18,9 : 0.6895"
"9,19 : 0.5841"
"19,9 : 0.5841"
"9,20 : 0.6742"
"20,9 : 0.6742"
"9,21 : 0.75"
"21,9 : 0.75"
"9,22 : 0.2247"
"22,9 : 0.2247"
"9,23 : 0.6277"
"23,9 : 0.6277"
"9,24 : 0.18"
"24,9 : 0.18"
"9,25 : 0.6003"
"25,9 : 0.6003"
"9,26 : 0.7006"
"26,9 : 0.7006"
"9,27 : 0.1789"
"27,9 : 0.1789"
"9,28 : 0.488"
"28,9 : 0.488"
"9,29 : 0.3932"
"29,9 : 0.3932"
"9,30 : 0.3956"
"30,9 : 0.3956"
"9,31 : 0.4276"
"31,9 : 0.4276"
"9,32 : 0.3007"
"32,9 : 0.3007"
"9,33 : 0.1628"
"33,9 : 0.1628"
"9,34 : 0.4031"
"34,9 : 0.4031"
"9,35 : 0.228"
"35,9 : 0.228"
"9,36 : 0.8026"
"36,9 : 0.8026"
"9,37 : 0.7666"
"37,9 : 0.7666"
"9,38 : 0.2102"
"38,9 : 0.2102"
"9,39 : 0.4301"
"39,9 : 0.4301"
"9,40 : 0.771"
"40,9 : 0.771"
"9,41 : 0.4632"
"41,9 : 0.4632"
"9,42 : 0.4294"
"42,9 : 0.4294"
"9,43 : 0.6482"
"43,9 : 0.6482"
"9,44 : 0.4119"
"44,9 : 0.4119"
"9,45 : 0.4738"
"45,9 : 0.4738"
"9,46 : 0.5517"
"46,9 : 0.5517"
"9,47 : 0.2642"
"47,9 : 0.2642"
"9,48 : 0.8919"
"48,9 : 0.8919"
"9,49 : 0.2778"
"49,9 : 0.2778"
"9,50 : 0.712"
"50,9 : 0.712"
"9,51 : 0.4258"
"51,9 : 0.4258"
"9,52 : 0.3311"
"52,9 : 0.3311"
"9,53 : 0.3962"
"53,9 : 0.3962"
"9,54 : 0.5381"
"54,9 : 0.5381"
"9,55 : 0.8006"
"55,9 : 0.8006"
"9,56 : 0.4119"
"56,9 : 0.4119"
"9,57 : 0.2907"
"57,9 : 0.2907"
"9,58 : 0.593"
"58,9 : 0.593"
"9,59 : 0.65"
"59,9 : 0.65"
"9,60 : 0.5503"
"60,9 : 0.5503"
"9,61 : 0.1709"
"61,9 : 0.1709"
"9,62 : 0.4482"
"62,9 : 0.4482"
"9,63 : 0.7033"
"63,9 : 0.7033"
"9,64 : 0.8106"
"64,9 : 0.8106"
"9,65 : 0.6229"
"65,9 : 0.6229"
"9,66 : 0.6325"
"66,9 : 0.6325"
"9,67 : 0.508"
"67,9 : 0.508"
"9,68 : 0.1421"
"68,9 : 0.1421"
"9,69 : 0.6519"
"69,9 : 0.6519"
"9,70 : 0.6395"
"70,9 : 0.6395"
"9,71 : 0.04"
"71,9 : 0.04"
"9,72 : 0.4111"
"72,9 : 0.4111"
"9,73 : 0.8465"
"73,9 : 0.8465"
"9,74 : 0.7649"
"74,9 : 0.7649"
"9,75 : 0.1476"
"75,9 : 0.1476"
"9,76 : 0.8104"
"76,9 : 0.8104"
"9,77 : 0.7782"
"77,9 : 0.7782"
"9,78 : 0.8688"
"78,9 : 0.8688"
"9,79 : 0.3354"
"79,9 : 0.3354"
"9,80 : 0.6464"
"80,9 : 0.6464"
"9,81 : 0.6129"
"81,9 : 0.6129"
"9,82 : 0.3289"
"82,9 : 0.3289"
"9,83 : 0.4743"
"83,9 : 0.4743"
"9,84 : 0.1"
"84,9 : 0.1"
"9,85 : 0.8905"
"85,9 : 0.8905"
"9,86 : 0.4243"
"86,9 : 0.4243"
"9,87 : 0.5991"
"87,9 : 0.5991"
"9,88 : 0.7033"
"88,9 : 0.7033"
"9,89 : 0.5508"
"89,9 : 0.5508"
"9,90 : 0.644"
"90,9 : 0.644"
"9,91 : 0.6041"
"91,9 : 0.6041"
"9,92 : 0.6963"
"92,9 : 0.6963"
"9,93 : 0.5968"
"93,9 : 0.5968"
"9,94 : 0.5842"
"94,9 : 0.5842"
"9,95 : 0.1616"
"95,9 : 0.1616"
"9,96 : 0.3499"
"96,9 : 0.3499"
"9,97 : 0.5"
"97,9 : 0.5"
"9,98 : 0.5126"
"98,9 : 0.5126"
"9,99 : 0.6778"
"99,9 : 0.6778"
"10,11 : 0.712"
"11,10 : 0.712"
"10,12 : 0.6935"
"12,10 : 0.6935"
"10,13 : 0.8254"
"13,10 : 0.8254"
"10,14 : 0.7507"
"14,10 : 0.7507"
"10,15 : 0.7716"
"15,10 : 0.7716"
"10,16 : 0.4579"
"16,10 : 0.4579"
"10,17 : 0.8349"
"17,10 : 0.8349"
"10,18 : 0.6259"
"18,10 : 0.6259"
"10,19 : 0.6363"
"19,10 : 0.6363"
"10,20 : 0.7295"
"20,10 : 0.7295"
"10,21 : 0.6905"
"21,10 : 0.6905"
"10,22 : 0.2912"
"22,10 : 0.2912"
"10,23 : 0.6329"
"23,10 : 0.6329"
"10,24 : 0.0985"
"24,10 : 0.0985"
"10,25 : 0.6631"
"25,10 : 0.6631"
"10,26 : 0.6708"
"26,10 : 0.6708"
"10,27 : 0.1204"
"27,10 : 0.1204"
"10,28 : 0.3982"
"28,10 : 0.3982"
"10,29 : 0.3002"
"29,10 : 0.3002"
"10,30 : 0.2983"
"30,10 : 0.2983"
"10,31 : 0.5116"
"31,10 : 0.5116"
"10,32 : 0.211"
"32,10 : 0.211"
"10,33 : 0.1612"
"33,10 : 0.1612"
"10,34 : 0.3622"
"34,10 : 0.3622"
"10,35 : 0.1315"
"35,10 : 0.1315"
"10,36 : 0.8201"
"36,10 : 0.8201"
"10,37 : 0.7446"
"37,10 : 0.7446"
"10,38 : 0.164"
"38,10 : 0.164"
"10,39 : 0.4305"
"39,10 : 0.4305"
"10,40 : 0.7529"
"40,10 : 0.7529"
"10,41 : 0.5604"
"41,10 : 0.5604"
"10,42 : 0.3312"
"42,10 : 0.3312"
"10,43 : 0.563"
"43,10 : 0.563"
"10,44 : 0.3298"
"44,10 : 0.3298"
"10,45 : 0.431"
"45,10 : 0.431"
"10,46 : 0.592"
"46,10 : 0.592"
"10,47 : 0.2907"
"47,10 : 0.2907"
"10,48 : 0.8864"
"48,10 : 0.8864"
"10,49 : 0.3048"
"49,10 : 0.3048"
"10,50 : 0.728"
"50,10 : 0.728"
"10,51 : 0.3805"
"51,10 : 0.3805"
"10,52 : 0.3471"
"52,10 : 0.3471"
"10,53 : 0.3081"
"53,10 : 0.3081"
"10,54 : 0.5763"
"54,10 : 0.5763"
"10,55 : 0.8099"
"55,10 : 0.8099"
"10,56 : 0.32"
"56,10 : 0.32"
"10,57 : 0.2596"
"57,10 : 0.2596"
"10,58 : 0.5701"
"58,10 : 0.5701"
"10,59 : 0.6788"
"59,10 : 0.6788"
"10,60 : 0.4884"
"60,10 : 0.4884"
"10,61 : 0.2693"
"61,10 : 0.2693"
"10,62 : 0.3538"
"62,10 : 0.3538"
"10,63 : 0.7201"
"63,10 : 0.7201"
"10,64 : 0.7723"
"64,10 : 0.7723"
"10,65 : 0.5808"
"65,10 : 0.5808"
"10,66 : 0.5707"
"66,10 : 0.5707"
"10,67 : 0.46"
"67,10 : 0.46"
"10,68 : 0.2343"
"68,10 : 0.2343"
"10,69 : 0.6736"
"69,10 : 0.6736"
"10,70 : 0.6522"
"70,10 : 0.6522"
"10,71 : 0.1204"
"71,10 : 0.1204"
"10,72 : 0.3448"
"72,10 : 0.3448"
"10,73 : 0.8768"
"73,10 : 0.8768"
"10,74 : 0.7739"
"74,10 : 0.7739"
"10,75 : 0.2335"
"75,10 : 0.2335"
"10,76 : 0.7513"
"76,10 : 0.7513"
"10,77 : 0.7877"
"77,10 : 0.7877"
"10,78 : 0.8538"
"78,10 : 0.8538"
"10,79 : 0.2371"
"79,10 : 0.2371"
"10,80 : 0.7024"
"80,10 : 0.7024"
"10,81 : 0.5894"
"81,10 : 0.5894"
"10,82 : 0.336"
"82,10 : 0.336"
"10,83 : 0.5511"
"83,10 : 0.5511"
"10,84 : 0.1942"
"84,10 : 0.1942"
"10,85 : 0.9144"
"85,10 : 0.9144"
"10,86 : 0.3342"
"86,10 : 0.3342"
"10,87 : 0.6574"
"87,10 : 0.6574"
"10,88 : 0.6265"
"88,10 : 0.6265"
"10,89 : 0.6297"
"89,10 : 0.6297"
"10,90 : 0.5608"
"90,10 : 0.5608"
"10,91 : 0.5604"
"91,10 : 0.5604"
"10,92 : 0.614"
"92,10 : 0.614"
"10,93 : 0.5189"
"93,10 : 0.5189"
"10,94 : 0.5404"
"94,10 : 0.5404"
"10,95 : 0.1166"
"95,10 : 0.1166"
"10,96 : 0.3748"
"96,10 : 0.3748"
"10,97 : 0.4046"
"97,10 : 0.4046"
"10,98 : 0.5869"
"98,10 : 0.5869"
"10,99 : 0.681"
"99,10 : 0.681"
"11,12 : 0.0608"
"12,11 : 0.0608"
"11,13 : 0.4079"
"13,11 : 0.4079"
"11,14 : 0.3956"
"14,11 : 0.3956"
"11,15 : 0.1237"
"15,11 : 0.1237"
"11,16 : 0.5284"
"16,11 : 0.5284"
"11,17 : 0.1664"
"17,11 : 0.1664"
"11,18 : 0.2846"
"18,11 : 0.2846"
"11,19 : 0.5664"
"19,11 : 0.5664"
"11,20 : 0.6185"
"20,11 : 0.6185"
"11,21 : 0.2508"
"21,11 : 0.2508"
"11,22 : 0.6379"
"22,11 : 0.6379"
"11,23 : 0.2561"
"23,11 : 0.2561"
"11,24 : 0.772"
"24,11 : 0.772"
"11,25 : 0.6512"
"25,11 : 0.6512"
"11,26 : 0.0412"
"26,11 : 0.0412"
"11,27 : 0.5923"
"27,11 : 0.5923"
"11,28 : 0.5445"
"28,11 : 0.5445"
"11,29 : 0.813"
"29,11 : 0.813"
"11,30 : 0.7572"
"30,11 : 0.7572"
"11,31 : 0.7616"
"31,11 : 0.7616"
"11,32 : 0.7962"
"32,11 : 0.7962"
"11,33 : 0.873"
"33,11 : 0.873"
"11,34 : 0.3517"
"34,11 : 0.3517"
"11,35 : 0.728"
"35,11 : 0.728"
"11,36 : 0.3734"
"36,11 : 0.3734"
"11,37 : 0.0632"
"37,11 : 0.0632"
"11,38 : 0.8613"
"38,11 : 0.8613"
"11,39 : 0.3421"
"39,11 : 0.3421"
"11,40 : 0.0922"
"40,11 : 0.0922"
"11,41 : 0.9437"
"41,11 : 0.9437"
"11,42 : 0.6841"
"42,11 : 0.6841"
"11,43 : 0.4965"
"43,11 : 0.4965"
"11,44 : 0.9005"
"44,11 : 0.9005"
"11,45 : 0.2879"
"45,11 : 0.2879"
"11,46 : 0.4808"
"46,11 : 0.4808"
"11,47 : 0.5179"
"47,11 : 0.5179"
"11,48 : 0.255"
"48,11 : 0.255"
"11,49 : 0.5099"
"49,11 : 0.5099"
"11,50 : 0.3324"
"50,11 : 0.3324"
"11,51 : 0.3384"
"51,11 : 0.3384"
"11,52 : 0.4512"
"52,11 : 0.4512"
"11,53 : 0.5464"
"53,11 : 0.5464"
"11,54 : 0.4669"
"54,11 : 0.4669"
"11,55 : 0.3106"
"55,11 : 0.3106"
"11,56 : 0.8322"
"56,11 : 0.8322"
"11,57 : 0.454"
"57,11 : 0.454"
"11,58 : 0.1513"
"58,11 : 0.1513"
"11,59 : 0.4134"
"59,11 : 0.4134"
"11,60 : 0.3111"
"60,11 : 0.3111"
"11,61 : 0.8089"
"61,11 : 0.8089"
"11,62 : 0.6031"
"62,11 : 0.6031"
"11,63 : 0.3362"
"63,11 : 0.3362"
"11,64 : 0.099"
"64,11 : 0.099"
"11,65 : 0.1562"
"65,11 : 0.1562"
"11,66 : 0.2778"
"66,11 : 0.2778"
"11,67 : 0.2729"
"67,11 : 0.2729"
"11,68 : 0.8515"
"68,11 : 0.8515"
"11,69 : 0.3636"
"69,11 : 0.3636"
"11,70 : 0.3023"
"70,11 : 0.3023"
"11,71 : 0.781"
"71,11 : 0.781"
"11,72 : 0.9705"
"72,11 : 0.9705"
"11,73 : 0.4965"
"73,11 : 0.4965"
"11,74 : 0.2943"
"74,11 : 0.2943"
"11,75 : 0.8705"
"75,11 : 0.8705"
"11,76 : 0.2631"
"76,11 : 0.2631"
"11,77 : 0.3027"
"77,11 : 0.3027"
"11,78 : 0.178"
"78,11 : 0.178"
"11,79 : 0.681"
"79,11 : 0.681"
"11,80 : 0.614"
"80,11 : 0.614"
"11,81 : 0.1315"
"81,11 : 0.1315"
"11,82 : 0.4357"
"82,11 : 0.4357"
"11,83 : 0.7185"
"83,11 : 0.7185"
"11,84 : 0.7424"
"84,11 : 0.7424"
"11,85 : 0.4701"
"85,11 : 0.4701"
"11,86 : 0.5561"
"86,11 : 0.5561"
"11,87 : 0.6162"
"87,11 : 0.6162"
"11,88 : 0.4111"
"88,11 : 0.4111"
"11,89 : 0.7669"
"89,11 : 0.7669"
"11,90 : 0.4741"
"90,11 : 0.4741"
"11,91 : 0.178"
"91,11 : 0.178"
"11,92 : 0.4717"
"92,11 : 0.4717"
"11,93 : 0.4188"
"93,11 : 0.4188"
"11,94 : 0.1942"
"94,11 : 0.1942"
"11,95 : 0.8223"
"95,11 : 0.8223"
"11,96 : 0.4617"
"96,11 : 0.4617"
"11,97 : 0.6223"
"97,11 : 0.6223"
"11,98 : 0.7122"
"98,11 : 0.7122"
"11,99 : 0.2371"
"99,11 : 0.2371"
"12,13 : 0.3517"
"13,12 : 0.3517"
"12,14 : 0.4492"
"14,12 : 0.4492"
"12,15 : 0.1844"
"15,12 : 0.1844"
"12,16 : 0.5522"
"16,12 : 0.5522"
"12,17 : 0.2236"
"17,12 : 0.2236"
"12,18 : 0.2247"
"18,12 : 0.2247"
"12,19 : 0.6061"
"19,12 : 0.6061"
"12,20 : 0.6637"
"20,12 : 0.6637"
"12,21 : 0.1903"
"21,12 : 0.1903"
"12,22 : 0.6451"
"22,12 : 0.6451"
"12,23 : 0.3002"
"23,12 : 0.3002"
"12,24 : 0.7473"
"24,12 : 0.7473"
"12,25 : 0.6903"
"25,12 : 0.6903"
"12,26 : 0.0583"
"26,12 : 0.0583"
"12,27 : 0.5731"
"27,12 : 0.5731"
"12,28 : 0.4968"
"28,12 : 0.4968"
"12,29 : 0.7741"
"29,12 : 0.7741"
"12,30 : 0.7169"
"30,12 : 0.7169"
"12,31 : 0.7849"
"31,12 : 0.7849"
"12,32 : 0.7632"
"32,12 : 0.7632"
"12,33 : 0.8548"
"33,12 : 0.8548"
"12,34 : 0.3314"
"34,12 : 0.3314"
"12,35 : 0.6992"
"35,12 : 0.6992"
"12,36 : 0.4319"
"36,12 : 0.4319"
"12,37 : 0.1237"
"37,12 : 0.1237"
"12,38 : 0.8374"
"38,12 : 0.8374"
"12,39 : 0.3534"
"39,12 : 0.3534"
"12,40 : 0.153"
"40,12 : 0.153"
"12,41 : 0.9625"
"41,12 : 0.9625"
"12,42 : 0.6407"
"42,12 : 0.6407"
"12,43 : 0.4391"
"43,12 : 0.4391"
"12,44 : 0.8631"
"44,12 : 0.8631"
"12,45 : 0.2631"
"45,12 : 0.2631"
"12,46 : 0.5186"
"46,12 : 0.5186"
"12,47 : 0.522"
"47,12 : 0.522"
"12,48 : 0.3138"
"48,12 : 0.3138"
"12,49 : 0.5155"
"49,12 : 0.5155"
"12,50 : 0.386"
"50,12 : 0.386"
"12,51 : 0.314"
"51,12 : 0.314"
"12,52 : 0.4588"
"52,12 : 0.4588"
"12,53 : 0.5061"
"53,12 : 0.5061"
"12,54 : 0.5033"
"54,12 : 0.5033"
"12,55 : 0.3701"
"55,12 : 0.3701"
"12,56 : 0.7926"
"56,12 : 0.7926"
"12,57 : 0.44"
"57,12 : 0.44"
"12,58 : 0.1612"
"58,12 : 0.1612"
"12,59 : 0.4607"
"59,12 : 0.4607"
"12,60 : 0.264"
"60,12 : 0.264"
"12,61 : 0.8102"
"61,12 : 0.8102"
"12,62 : 0.558"
"62,12 : 0.558"
"12,63 : 0.389"
"63,12 : 0.389"
"12,64 : 0.0806"
"64,12 : 0.0806"
"12,65 : 0.117"
"65,12 : 0.117"
"12,66 : 0.222"
"66,12 : 0.222"
"12,67 : 0.2404"
"67,12 : 0.2404"
"12,68 : 0.8472"
"68,12 : 0.8472"
"12,69 : 0.4115"
"69,12 : 0.4115"
"12,70 : 0.3489"
"70,12 : 0.3489"
"12,71 : 0.7703"
"71,12 : 0.7703"
"12,72 : 0.9362"
"72,12 : 0.9362"
"12,73 : 0.5544"
"73,12 : 0.5544"
"12,74 : 0.3523"
"74,12 : 0.3523"
"12,75 : 0.8647"
"75,12 : 0.8647"
"12,76 : 0.2062"
"76,12 : 0.2062"
"12,77 : 0.3612"
"77,12 : 0.3612"
"12,78 : 0.2332"
"78,12 : 0.2332"
"12,79 : 0.644"
"79,12 : 0.644"
"12,80 : 0.6573"
"80,12 : 0.6573"
"12,81 : 0.1442"
"81,12 : 0.1442"
"12,82 : 0.4397"
"82,12 : 0.4397"
"12,83 : 0.7465"
"83,12 : 0.7465"
"12,84 : 0.7398"
"84,12 : 0.7398"
"12,85 : 0.53"
"85,12 : 0.53"
"12,86 : 0.5131"
"86,12 : 0.5131"
"12,87 : 0.656"
"87,12 : 0.656"
"12,88 : 0.3511"
"88,12 : 0.3511"
"12,89 : 0.7993"
"89,12 : 0.7993"
"12,90 : 0.4168"
"90,12 : 0.4168"
"12,91 : 0.1393"
"91,12 : 0.1393"
"12,92 : 0.4123"
"92,12 : 0.4123"
"12,93 : 0.364"
"93,12 : 0.364"
"12,94 : 0.1581"
"94,12 : 0.1581"
"12,95 : 0.8006"
"95,12 : 0.8006"
"12,96 : 0.4742"
"96,12 : 0.4742"
"12,97 : 0.5738"
"97,12 : 0.5738"
"12,98 : 0.7433"
"98,12 : 0.7433"
"12,99 : 0.2879"
"99,12 : 0.2879"
"13,14 : 0.8008"
"14,13 : 0.8008"
"13,15 : 0.5224"
"15,13 : 0.5224"
"13,16 : 0.8528"
"16,13 : 0.8528"
"13,17 : 0.5401"
"17,13 : 0.5401"
"13,18 : 0.214"
"18,13 : 0.214"
"13,19 : 0.9402"
"19,13 : 0.9402"
"13,20 : 1.0065"
"20,13 : 1.0065"
"13,21 : 0.1803"
"21,13 : 0.1803"
"13,22 : 0.8902"
"22,13 : 0.8902"
"13,23 : 0.6462"
"23,13 : 0.6462"
"13,24 : 0.8395"
