x,y
0.82,0.93
0.95,0.8
0.37,0.32
0.9,0.05
0.81,0.33
0.27,0.99
0.39,0.68
0.53,0.86
0.6,0.03
0.26,0.23
0.75,0.77
0.78,0.83
0.98,0.02
0.77,0.23
0.42,0.39
0.2,0.93
0.96,0.52
0.99,0.65
0.94,0.19
0.46,0.08
0.47,0.66
0.43,0.58
0.14,0.86
0.3,0.6
0.03,0.12
0.56,0.6
0.22,0.24
0.65,0.27
0.3,0.76
0.5,0.38
0.53,0.11
0.38,0.25
0.66,0.38
0.38,0.32
0.18,0.09
0.78,0.97
1.0,0.95
0.08,0.9
0.18,0.71
0.37,0.72
0.96,0.71
0.7,0.97
0.62,0.83
0.86,0.4
0.06,0.12
0.41,0.15
0.46,0.71
0.26,0.26
0.53,0.14
0.15,0.84
0.81,0.64
0.37,0.94
0.55,0.86
0.33,0.74
0.9,0.57
0.14,0.53
0.08,0.36
0.92,0.42
0.13,0.77
0.32,0.37
0.96,0.27
0.3,0.5
0.3,0.07
0.01,0.49
0.18,0.17
0.47,0.72
0.21,0.06
0.22,0.67
0.24,0.66
0.93,0.33
0.29,0.17
0.6,0.55
0.77,0.91
0.64,0.1
0.59,0.21
0.6,0.77
0.84,0.25
0.48,0.39
0.68,0.78
0.69,0.91
0.44,0.36
0.29,0.02
0.82,0.14
0.86,0.12
0.58,0.6
0.87,0.8
0.69,0.42
0.8,0.74
0.98,0.62
0.91,0.64
0.05,0.34
0.07,0.36
0.72,0.92
0.3,0.34
0.34,0.55
0.49,0.02
0.4,0.93
0.07,0.51
0.78,0.88
0.64,0.09

Distanze
"0,1 : 0.1838"
"1,0 : 0.1838"
"0,2 : 0.758"
"2,0 : 0.758"
"0,3 : 0.8836"
"3,0 : 0.8836"
"0,4 : 0.6001"
"4,0 : 0.6001"
"0,5 : 0.5533"
"5,0 : 0.5533"
"0,6 : 0.4974"
"6,0 : 0.4974"
"0,7 : 0.2983"
"7,0 : 0.2983"
"0,8 : 0.9265"
"8,0 : 0.9265"
"0,9 : 0.8964"
"9,0 : 0.8964"
"0,10 : 0.1746"
"10,0 : 0.1746"
"0,11 : 0.1077"
"11,0 : 0.1077"
"0,12 : 0.924"
"12,0 : 0.924"
"0,13 : 0.7018"
"13,0 : 0.7018"
"0,14 : 0.672"
"14,0 : 0.672"
"0,15 : 0.62"
"15,0 : 0.62"
"0,16 : 0.4332"
"16,0 : 0.4332"
"0,17 : 0.3276"
"17,0 : 0.3276"
"0,18 : 0.7497"
"18,0 : 0.7497"
"0,19 : 0.9231"
"19,0 : 0.9231"
"0,20 : 0.442"
"20,0 : 0.442"
"0,21 : 0.524"
"21,0 : 0.524"
"0,22 : 0.6836"
"22,0 : 0.6836"
"0,23 : 0.6159"
"23,0 : 0.6159"
"0,24 : 1.1315"
"24,0 : 1.1315"
"0,25 : 0.4201"
"25,0 : 0.4201"
"0,26 : 0.9144"
"26,0 : 0.9144"
"0,27 : 0.6815"
"27,0 : 0.6815"
"0,28 : 0.5471"
"28,0 : 0.5471"
"0,29 : 0.6363"
"29,0 : 0.6363"
"0,30 : 0.8698"
"30,0 : 0.8698"
"0,31 : 0.8099"
"31,0 : 0.8099"
"0,32 : 0.5728"
"32,0 : 0.5728"
"0,33 : 0.7521"
"33,0 : 0.7521"
"0,34 : 1.056"
"34,0 : 1.056"
"0,35 : 0.0566"
"35,0 : 0.0566"
"0,36 : 0.1811"
"36,0 : 0.1811"
"0,37 : 0.7406"
"37,0 : 0.7406"
"0,38 : 0.6768"
"38,0 : 0.6768"
"0,39 : 0.4966"
"39,0 : 0.4966"
"0,40 : 0.2608"
"40,0 : 0.2608"
"0,41 : 0.1265"
"41,0 : 0.1265"
"0,42 : 0.2236"
"42,0 : 0.2236"
"0,43 : 0.5315"
"43,0 : 0.5315"
"0,44 : 1.1107"
"44,0 : 1.1107"
"0,45 : 0.8812"
"45,0 : 0.8812"
"0,46 : 0.4219"
"46,0 : 0.4219"
"0,47 : 0.8732"
"47,0 : 0.8732"
"0,48 : 0.8415"
"48,0 : 0.8415"
"0,49 : 0.676"
"49,0 : 0.676"
"0,50 : 0.2902"
"50,0 : 0.2902"
"0,51 : 0.4501"
"51,0 : 0.4501"
"0,52 : 0.2789"
"52,0 : 0.2789"
"0,53 : 0.5255"
"53,0 : 0.5255"
"0,54 : 0.3688"
"54,0 : 0.3688"
"0,55 : 0.7889"
"55,0 : 0.7889"
"0,56 : 0.9341"
"56,0 : 0.9341"
"0,57 : 0.5197"
"57,0 : 0.5197"
"0,58 : 0.7083"
"58,0 : 0.7083"
"0,59 : 0.7507"
"59,0 : 0.7507"
"0,60 : 0.6747"
"60,0 : 0.6747"
"0,61 : 0.6748"
"61,0 : 0.6748"
"0,62 : 1.005"
"62,0 : 1.005"
"0,63 : 0.9218"
"63,0 : 0.9218"
"0,64 : 0.9936"
"64,0 : 0.9936"
"0,65 : 0.4082"
"65,0 : 0.4082"
"0,66 : 1.0625"
"66,0 : 1.0625"
"0,67 : 0.6539"
"67,0 : 0.6539"
"0,68 : 0.6398"
"68,0 : 0.6398"
"0,69 : 0.61"
"69,0 : 0.61"
"0,70 : 0.9266"
"70,0 : 0.9266"
"0,71 : 0.4391"
"71,0 : 0.4391"
"0,72 : 0.0539"
"72,0 : 0.0539"
"0,73 : 0.8493"
"73,0 : 0.8493"
"0,74 : 0.7558"
"74,0 : 0.7558"
"0,75 : 0.272"
"75,0 : 0.272"
"0,76 : 0.6803"
"76,0 : 0.6803"
"0,77 : 0.6381"
"77,0 : 0.6381"
"0,78 : 0.2052"
"78,0 : 0.2052"
"0,79 : 0.1315"
"79,0 : 0.1315"
"0,80 : 0.6851"
"80,0 : 0.6851"
"0,81 : 1.0531"
"81,0 : 1.0531"
"0,82 : 0.79"
"82,0 : 0.79"
"0,83 : 0.811"
"83,0 : 0.811"
"0,84 : 0.408"
"84,0 : 0.408"
"0,85 : 0.1393"
"85,0 : 0.1393"
"0,86 : 0.5263"
"86,0 : 0.5263"
"0,87 : 0.191"
"87,0 : 0.191"
"0,88 : 0.3489"
"88,0 : 0.3489"
"0,89 : 0.3036"
"89,0 : 0.3036"
"0,90 : 0.9701"
"90,0 : 0.9701"
"0,91 : 0.942"
"91,0 : 0.942"
"0,92 : 0.1005"
"92,0 : 0.1005"
"0,93 : 0.7864"
"93,0 : 0.7864"
"0,94 : 0.6122"
"94,0 : 0.6122"
"0,95 : 0.968"
"95,0 : 0.968"
"0,96 : 0.42"
"96,0 : 0.42"
"0,97 : 0.8596"
"97,0 : 0.8596"
"0,98 : 0.064"
"98,0 : 0.064"
"0,99 : 0.8591"
"99,0 : 0.8591"
"1,2 : 0.7529"
"2,1 : 0.7529"
"1,3 : 0.7517"
"3,1 : 0.7517"
"1,4 : 0.4904"
"4,1 : 0.4904"
"1,5 : 0.706"
"5,1 : 0.706"
"1,6 : 0.5727"
"6,1 : 0.5727"
"1,7 : 0.4243"
"7,1 : 0.4243"
"1,8 : 0.8458"
"8,1 : 0.8458"
"1,9 : 0.895"
"9,1 : 0.895"
"1,10 : 0.2022"
"10,1 : 0.2022"
"1,11 : 0.1726"
"11,1 : 0.1726"
"1,12 : 0.7806"
"12,1 : 0.7806"
"1,13 : 0.5977"
"13,1 : 0.5977"
"1,14 : 0.6701"
"14,1 : 0.6701"
"1,15 : 0.7612"
"15,1 : 0.7612"
"1,16 : 0.2802"
"16,1 : 0.2802"
"1,17 : 0.1552"
"17,1 : 0.1552"
"1,18 : 0.6101"
"18,1 : 0.6101"
"1,19 : 0.8709"
"19,1 : 0.8709"
"1,20 : 0.5"
"20,1 : 0.5"
"1,21 : 0.5646"
"21,1 : 0.5646"
"1,22 : 0.8122"
"22,1 : 0.8122"
"1,23 : 0.6801"
"23,1 : 0.6801"
"1,24 : 1.144"
"24,1 : 1.144"
"1,25 : 0.4383"
"25,1 : 0.4383"
"1,26 : 0.9201"
"26,1 : 0.9201"
"1,27 : 0.609"
"27,1 : 0.609"
"1,28 : 0.6512"
"28,1 : 0.6512"
"1,29 : 0.6155"
"29,1 : 0.6155"
"1,30 : 0.8078"
"30,1 : 0.8078"
"1,31 : 0.7921"
"31,1 : 0.7921"
"1,32 : 0.5104"
"32,1 : 0.5104"
"1,33 : 0.7452"
"33,1 : 0.7452"
"1,34 : 1.0474"
"34,1 : 1.0474"
"1,35 : 0.2404"
"35,1 : 0.2404"
"1,36 : 0.1581"
"36,1 : 0.1581"
"1,37 : 0.8757"
"37,1 : 0.8757"
"1,38 : 0.7752"
"38,1 : 0.7752"
"1,39 : 0.5855"
"39,1 : 0.5855"
"1,40 : 0.0906"
"40,1 : 0.0906"
"1,41 : 0.3023"
"41,1 : 0.3023"
"1,42 : 0.3314"
"42,1 : 0.3314"
"1,43 : 0.41"
"43,1 : 0.41"
"1,44 : 1.12"
"44,1 : 1.12"
"1,45 : 0.845"
"45,1 : 0.845"
"1,46 : 0.4982"
"46,1 : 0.4982"
"1,47 : 0.8762"
"47,1 : 0.8762"
"1,48 : 0.7823"
"48,1 : 0.7823"
"1,49 : 0.801"
"49,1 : 0.801"
"1,50 : 0.2126"
"50,1 : 0.2126"
"1,51 : 0.5967"
"51,1 : 0.5967"
"1,52 : 0.4045"
"52,1 : 0.4045"
"1,53 : 0.6229"
"53,1 : 0.6229"
"1,54 : 0.2354"
"54,1 : 0.2354"
"1,55 : 0.8538"
"55,1 : 0.8538"
"1,56 : 0.9749"
"56,1 : 0.9749"
"1,57 : 0.3812"
"57,1 : 0.3812"
"1,58 : 0.8205"
"58,1 : 0.8205"
"1,59 : 0.7628"
"59,1 : 0.7628"
"1,60 : 0.5301"
"60,1 : 0.5301"
"1,61 : 0.7159"
"61,1 : 0.7159"
"1,62 : 0.9774"
"62,1 : 0.9774"
"1,63 : 0.9898"
"63,1 : 0.9898"
"1,64 : 0.9949"
"64,1 : 0.9949"
"1,65 : 0.4866"
"65,1 : 0.4866"
"1,66 : 1.0465"
"66,1 : 1.0465"
"1,67 : 0.7415"
"67,1 : 0.7415"
"1,68 : 0.7237"
"68,1 : 0.7237"
"1,69 : 0.4704"
"69,1 : 0.4704"
"1,70 : 0.9124"
"70,1 : 0.9124"
"1,71 : 0.4301"
"71,1 : 0.4301"
"1,72 : 0.211"
"72,1 : 0.211"
"1,73 : 0.7656"
"73,1 : 0.7656"
"1,74 : 0.6912"
"74,1 : 0.6912"
"1,75 : 0.3513"
"75,1 : 0.3513"
"1,76 : 0.5609"
"76,1 : 0.5609"
"1,77 : 0.6237"
"77,1 : 0.6237"
"1,78 : 0.2707"
"78,1 : 0.2707"
"1,79 : 0.2823"
"79,1 : 0.2823"
"1,80 : 0.6736"
"80,1 : 0.6736"
"1,81 : 1.0218"
"81,1 : 1.0218"
"1,82 : 0.6727"
"82,1 : 0.6727"
"1,83 : 0.6859"
"83,1 : 0.6859"
"1,84 : 0.4206"
"84,1 : 0.4206"
"1,85 : 0.08"
"85,1 : 0.08"
"1,86 : 0.4604"
"86,1 : 0.4604"
"1,87 : 0.1616"
"87,1 : 0.1616"
"1,88 : 0.1825"
"88,1 : 0.1825"
"1,89 : 0.1649"
"89,1 : 0.1649"
"1,90 : 1.0107"
"90,1 : 1.0107"
"1,91 : 0.9839"
"91,1 : 0.9839"
"1,92 : 0.2594"
"92,1 : 0.2594"
"1,93 : 0.7963"
"93,1 : 0.7963"
"1,94 : 0.6592"
"94,1 : 0.6592"
"1,95 : 0.9055"
"95,1 : 0.9055"
"1,96 : 0.5652"
"96,1 : 0.5652"
"1,97 : 0.9266"
"97,1 : 0.9266"
"1,98 : 0.1879"
"98,1 : 0.1879"
"1,99 : 0.7747"
"99,1 : 0.7747"
"2,3 : 0.5948"
"3,2 : 0.5948"
"2,4 : 0.4401"
"4,2 : 0.4401"
"2,5 : 0.6774"
"5,2 : 0.6774"
"2,6 : 0.3606"
"6,2 : 0.3606"
"2,7 : 0.5632"
"7,2 : 0.5632"
"2,8 : 0.3701"
"8,2 : 0.3701"
"2,9 : 0.1421"
"9,2 : 0.1421"
"2,10 : 0.589"
"10,2 : 0.589"
"2,11 : 0.6544"
"11,2 : 0.6544"
"2,12 : 0.6798"
"12,2 : 0.6798"
"2,13 : 0.41"
"13,2 : 0.41"
"2,14 : 0.086"
"14,2 : 0.086"
"2,15 : 0.6332"
"15,2 : 0.6332"
"2,16 : 0.623"
"16,2 : 0.623"
"2,17 : 0.7024"
"17,2 : 0.7024"
"2,18 : 0.5846"
"18,2 : 0.5846"
"2,19 : 0.2563"
"19,2 : 0.2563"
"2,20 : 0.3544"
"20,2 : 0.3544"
"2,21 : 0.2668"
"21,2 : 0.2668"
"2,22 : 0.5869"
"22,2 : 0.5869"
"2,23 : 0.2886"
"23,2 : 0.2886"
"2,24 : 0.3945"
"24,2 : 0.3945"
"2,25 : 0.3384"
"25,2 : 0.3384"
"2,26 : 0.17"
"26,2 : 0.17"
"2,27 : 0.2844"
"27,2 : 0.2844"
"2,28 : 0.4455"
"28,2 : 0.4455"
"2,29 : 0.1432"
"29,2 : 0.1432"
"2,30 : 0.264"
"30,2 : 0.264"
"2,31 : 0.0707"
"31,2 : 0.0707"
"2,32 : 0.2961"
"32,2 : 0.2961"
"2,33 : 0.01"
"33,2 : 0.01"
"2,34 : 0.2983"
"34,2 : 0.2983"
"2,35 : 0.7685"
"35,2 : 0.7685"
"2,36 : 0.891"
"36,2 : 0.891"
"2,37 : 0.6485"
"37,2 : 0.6485"
"2,38 : 0.4338"
"38,2 : 0.4338"
"2,39 : 0.4"
"39,2 : 0.4"
"2,40 : 0.7072"
"40,2 : 0.7072"
"2,41 : 0.729"
"41,2 : 0.729"
"2,42 : 0.568"
"42,2 : 0.568"
"2,43 : 0.4965"
"43,2 : 0.4965"
"2,44 : 0.3689"
"44,2 : 0.3689"
"2,45 : 0.1746"
"45,2 : 0.1746"
"2,46 : 0.4002"
"46,2 : 0.4002"
"2,47 : 0.1253"
"47,2 : 0.1253"
"2,48 : 0.2408"
"48,2 : 0.2408"
"2,49 : 0.5646"
"49,2 : 0.5646"
"2,50 : 0.5441"
"50,2 : 0.5441"
"2,51 : 0.62"
"51,2 : 0.62"
"2,52 : 0.5692"
"52,2 : 0.5692"
"2,53 : 0.4219"
"53,2 : 0.4219"
"2,54 : 0.586"
"54,2 : 0.586"
"2,55 : 0.3114"
"55,2 : 0.3114"
"2,56 : 0.2927"
"56,2 : 0.2927"
"2,57 : 0.559"
"57,2 : 0.559"
"2,58 : 0.51"
"58,2 : 0.51"
"2,59 : 0.0707"
"59,2 : 0.0707"
"2,60 : 0.5921"
"60,2 : 0.5921"
"2,61 : 0.1931"
"61,2 : 0.1931"
"2,62 : 0.2596"
"62,2 : 0.2596"
"2,63 : 0.3981"
"63,2 : 0.3981"
"2,64 : 0.2421"
"64,2 : 0.2421"
"2,65 : 0.4123"
"65,2 : 0.4123"
"2,66 : 0.3053"
"66,2 : 0.3053"
"2,67 : 0.3808"
"67,2 : 0.3808"
"2,68 : 0.364"
"68,2 : 0.364"
"2,69 : 0.5601"
"69,2 : 0.5601"
"2,70 : 0.17"
"70,2 : 0.17"
"2,71 : 0.3253"
"71,2 : 0.3253"
"2,72 : 0.7128"
"72,2 : 0.7128"
"2,73 : 0.3483"
"73,2 : 0.3483"
"2,74 : 0.246"
"74,2 : 0.246"
"2,75 : 0.5054"
"75,2 : 0.5054"
"2,76 : 0.4752"
"76,2 : 0.4752"
"2,77 : 0.1304"
"77,2 : 0.1304"
"2,78 : 0.5547"
"78,2 : 0.5547"
"2,79 : 0.6712"
"79,2 : 0.6712"
"2,80 : 0.0806"
"80,2 : 0.0806"
"2,81 : 0.3105"
"81,2 : 0.3105"
"2,82 : 0.4847"
"82,2 : 0.4847"
"2,83 : 0.5292"
"83,2 : 0.5292"
"2,84 : 0.35"
"84,2 : 0.35"
"2,85 : 0.6931"
"85,2 : 0.6931"
"2,86 : 0.3353"
"86,2 : 0.3353"
"2,87 : 0.6011"
"87,2 : 0.6011"
"2,88 : 0.6798"
"88,2 : 0.6798"
"2,89 : 0.6277"
"89,2 : 0.6277"
"2,90 : 0.3206"
"90,2 : 0.3206"
"2,91 : 0.3027"
"91,2 : 0.3027"
"2,92 : 0.6946"
"92,2 : 0.6946"
"2,93 : 0.0728"
"93,2 : 0.0728"
"2,94 : 0.2319"
"94,2 : 0.2319"
"2,95 : 0.3231"
"95,2 : 0.3231"
"2,96 : 0.6107"
"96,2 : 0.6107"
"2,97 : 0.3551"
"97,2 : 0.3551"
"2,98 : 0.694"
"98,2 : 0.694"
"2,99 : 0.3547"
"99,2 : 0.3547"
"3,4 : 0.2941"
"4,3 : 0.2941"
"3,5 : 1.1316"
"5,3 : 1.1316"
"3,6 : 0.8106"
"6,3 : 0.8106"
"3,7 : 0.8905"
"7,3 : 0.8905"
"3,8 : 0.3007"
"8,3 : 0.3007"
"3,9 : 0.6648"
"9,3 : 0.6648"
"3,10 : 0.7355"
"10,3 : 0.7355"
"3,11 : 0.7892"
"11,3 : 0.7892"
"3,12 : 0.0854"
"12,3 : 0.0854"
"3,13 : 0.222"
"13,3 : 0.222"
"3,14 : 0.5882"
"14,3 : 0.5882"
"3,15 : 1.1245"
"15,3 : 1.1245"
"3,16 : 0.4738"
"16,3 : 0.4738"
"3,17 : 0.6067"
"17,3 : 0.6067"
"3,18 : 0.1456"
"18,3 : 0.1456"
"3,19 : 0.441"
"19,3 : 0.441"
"3,20 : 0.7463"
"20,3 : 0.7463"
"3,21 : 0.7084"
"21,3 : 0.7084"
"3,22 : 1.1107"
"22,3 : 1.1107"
"3,23 : 0.8139"
"23,3 : 0.8139"
"3,24 : 0.8728"
"24,3 : 0.8728"
"3,25 : 0.6466"
"25,3 : 0.6466"
"3,26 : 0.706"
"26,3 : 0.706"
"3,27 : 0.333"
"27,3 : 0.333"
"3,28 : 0.9296"
"28,3 : 0.9296"
"3,29 : 0.5186"
"29,3 : 0.5186"
"3,30 : 0.3748"
"30,3 : 0.3748"
"3,31 : 0.5571"
"31,3 : 0.5571"
"3,32 : 0.408"
"32,3 : 0.408"
"3,33 : 0.5859"
"33,3 : 0.5859"
"3,34 : 0.7211"
"34,3 : 0.7211"
"3,35 : 0.9278"
"35,3 : 0.9278"
"3,36 : 0.9055"
"36,3 : 0.9055"
"3,37 : 1.1811"
"37,3 : 1.1811"
"3,38 : 0.9767"
"38,3 : 0.9767"
"3,39 : 0.8543"
"39,3 : 0.8543"
"3,40 : 0.6627"
"40,3 : 0.6627"
"3,41 : 0.9415"
"41,3 : 0.9415"
"3,42 : 0.8287"
"42,3 : 0.8287"
"3,43 : 0.3523"
"43,3 : 0.3523"
"3,44 : 0.8429"
"44,3 : 0.8429"
"3,45 : 0.5001"
"45,3 : 0.5001"
"3,46 : 0.7932"
"46,3 : 0.7932"
"3,47 : 0.6736"
"47,3 : 0.6736"
"3,48 : 0.3808"
"48,3 : 0.3808"
"3,49 : 1.0893"
"49,3 : 1.0893"
"3,50 : 0.5968"
"50,3 : 0.5968"
"3,51 : 1.0359"
"51,3 : 1.0359"
"3,52 : 0.8824"
"52,3 : 0.8824"
"3,53 : 0.895"
"53,3 : 0.895"
"3,54 : 0.52"
"54,3 : 0.52"
"3,55 : 0.8989"
"55,3 : 0.8989"
"3,56 : 0.8766"
"56,3 : 0.8766"
"3,57 : 0.3705"
"57,3 : 0.3705"
"3,58 : 1.0542"
"58,3 : 1.0542"
"3,59 : 0.6624"
"59,3 : 0.6624"
"3,60 : 0.228"
"60,3 : 0.228"
"3,61 : 0.75"
"61,3 : 0.75"
"3,62 : 0.6003"
"62,3 : 0.6003"
"3,63 : 0.9928"
"63,3 : 0.9928"
"3,64 : 0.7299"
"64,3 : 0.7299"
"3,65 : 0.7961"
"65,3 : 0.7961"
"3,66 : 0.6901"
"66,3 : 0.6901"
"3,67 : 0.9202"
"67,3 : 0.9202"
"3,68 : 0.8987"
"68,3 : 0.8987"
"3,69 : 0.2816"
"69,3 : 0.2816"
"3,70 : 0.6217"
"70,3 : 0.6217"
"3,71 : 0.5831"
"71,3 : 0.5831"
"3,72 : 0.8698"
"72,3 : 0.8698"
"3,73 : 0.2648"
"73,3 : 0.2648"
"3,74 : 0.3489"
"74,3 : 0.3489"
"3,75 : 0.78"
"75,3 : 0.78"
"3,76 : 0.2088"
"76,3 : 0.2088"
"3,77 : 0.5404"
"77,3 : 0.5404"
"3,78 : 0.7624"
"78,3 : 0.7624"
"3,79 : 0.8853"
"79,3 : 0.8853"
"3,80 : 0.5547"
"80,3 : 0.5547"
"3,81 : 0.6107"
"81,3 : 0.6107"
"3,82 : 0.1204"
"82,3 : 0.1204"
"3,83 : 0.0806"
"83,3 : 0.0806"
"3,84 : 0.6363"
"84,3 : 0.6363"
"3,85 : 0.7506"
"85,3 : 0.7506"
"3,86 : 0.4254"
"86,3 : 0.4254"
"3,87 : 0.6972"
"87,3 : 0.6972"
"3,88 : 0.5756"
"88,3 : 0.5756"
"3,89 : 0.5901"
"89,3 : 0.5901"
"3,90 : 0.8981"
"90,3 : 0.8981"
"3,91 : 0.886"
"91,3 : 0.886"
"3,92 : 0.8884"
"92,3 : 0.8884"
"3,93 : 0.6664"
"93,3 : 0.6664"
"3,94 : 0.7507"
"94,3 : 0.7507"
"3,95 : 0.4111"
"95,3 : 0.4111"
"3,96 : 1.0121"
"96,3 : 1.0121"
"3,97 : 0.9489"
"97,3 : 0.9489"
"3,98 : 0.8386"
"98,3 : 0.8386"
"3,99 : 0.2631"
"99,3 : 0.2631"
"4,5 : 0.8528"
"5,4 : 0.8528"
"4,6 : 0.5467"
"6,4 : 0.5467"
"4,7 : 0.5994"
"7,4 : 0.5994"
"4,8 : 0.3662"
"8,4 : 0.3662"
"4,9 : 0.559"
"9,4 : 0.559"
"4,10 : 0.4441"
"10,4 : 0.4441"
"4,11 : 0.5009"
"11,4 : 0.5009"
"4,12 : 0.3536"
"12,4 : 0.3536"
"4,13 : 0.1077"
"13,4 : 0.1077"
"4,14 : 0.3946"
"14,4 : 0.3946"
"4,15 : 0.8556"
"15,4 : 0.8556"
"4,16 : 0.2421"
"16,4 : 0.2421"
"4,17 : 0.3672"
"17,4 : 0.3672"
"4,18 : 0.191"
"18,4 : 0.191"
"4,19 : 0.4301"
"19,4 : 0.4301"
"4,20 : 0.4738"
"20,4 : 0.4738"
"4,21 : 0.4549"
"21,4 : 0.4549"
"4,22 : 0.8543"
"22,4 : 0.8543"
"4,23 : 0.5771"
"23,4 : 0.5771"
"4,24 : 0.8078"
"24,4 : 0.8078"
"4,25 : 0.368"
"25,4 : 0.368"
"4,26 : 0.5968"
"26,4 : 0.5968"
"4,27 : 0.1709"
"27,4 : 0.1709"
"4,28 : 0.6671"
"28,4 : 0.6671"
"4,29 : 0.314"
"29,4 : 0.314"
"4,30 : 0.3561"
"30,4 : 0.3561"
"4,31 : 0.4374"
"31,4 : 0.4374"
"4,32 : 0.1581"
"32,4 : 0.1581"
"4,33 : 0.4301"
"33,4 : 0.4301"
"4,34 : 0.6742"
"34,4 : 0.6742"
"4,35 : 0.6407"
"35,4 : 0.6407"
"4,36 : 0.6485"
"36,4 : 0.6485"
"4,37 : 0.9262"
"37,4 : 0.9262"
"4,38 : 0.7357"
"38,4 : 0.7357"
"4,39 : 0.588"
"39,4 : 0.588"
"4,40 : 0.4085"
"40,4 : 0.4085"
"4,41 : 0.6494"
"41,4 : 0.6494"
"4,42 : 0.5349"
"42,4 : 0.5349"
"4,43 : 0.086"
"43,4 : 0.086"
"4,44 : 0.7788"
"44,4 : 0.7788"
"4,45 : 0.4386"
"45,4 : 0.4386"
"4,46 : 0.5166"
"46,4 : 0.5166"
"4,47 : 0.5544"
"47,4 : 0.5544"
"4,48 : 0.3384"
"48,4 : 0.3384"
"4,49 : 0.8341"
"49,4 : 0.8341"
"4,50 : 0.31"
"50,4 : 0.31"
"4,51 : 0.7521"
"51,4 : 0.7521"
"4,52 : 0.5903"
"52,4 : 0.5903"
"4,53 : 0.6313"
"53,4 : 0.6313"
"4,54 : 0.2563"
"54,4 : 0.2563"
"4,55 : 0.6992"
"55,4 : 0.6992"
"4,56 : 0.7306"
"56,4 : 0.7306"
"4,57 : 0.1421"
"57,4 : 0.1421"
"4,58 : 0.8099"
"58,4 : 0.8099"
"4,59 : 0.4916"
"59,4 : 0.4916"
"4,60 : 0.1616"
"60,4 : 0.1616"
"4,61 : 0.5376"
"61,4 : 0.5376"
"4,62 : 0.5725"
"62,4 : 0.5725"
"4,63 : 0.8158"
"63,4 : 0.8158"
"4,64 : 0.65"
"64,4 : 0.65"
"4,65 : 0.5174"
"65,4 : 0.5174"
"4,66 : 0.658"
"66,4 : 0.658"
"4,67 : 0.681"
"67,4 : 0.681"
"4,68 : 0.6586"
"68,4 : 0.6586"
"4,69 : 0.12"
"69,4 : 0.12"
"4,70 : 0.5441"
"70,4 : 0.5441"
"4,71 : 0.3041"
"71,4 : 0.3041"
"4,72 : 0.5814"
"72,4 : 0.5814"
"4,73 : 0.286"
"73,4 : 0.286"
"4,74 : 0.2506"
"74,4 : 0.2506"
"4,75 : 0.4875"
"75,4 : 0.4875"
"4,76 : 0.0854"
"76,4 : 0.0854"
"4,77 : 0.3354"
"77,4 : 0.3354"
"4,78 : 0.4684"
"78,4 : 0.4684"
"4,79 : 0.5923"
"79,4 : 0.5923"
"4,80 : 0.3712"
"80,4 : 0.3712"
"4,81 : 0.6054"
"81,4 : 0.6054"
"4,82 : 0.1903"
"82,4 : 0.1903"
"4,83 : 0.2159"
"83,4 : 0.2159"
"4,84 : 0.3547"
"84,4 : 0.3547"
"4,85 : 0.4738"
"85,4 : 0.4738"
"4,86 : 0.15"
"86,4 : 0.15"
"4,87 : 0.4101"
"87,4 : 0.4101"
"4,88 : 0.3362"
"88,4 : 0.3362"
"4,89 : 0.3257"
"89,4 : 0.3257"
"4,90 : 0.7601"
"90,4 : 0.7601"
"4,91 : 0.7406"
"91,4 : 0.7406"
"4,92 : 0.5968"
"92,4 : 0.5968"
"4,93 : 0.5101"
"93,4 : 0.5101"
"4,94 : 0.5189"
"94,4 : 0.5189"
"4,95 : 0.4455"
"95,4 : 0.4455"
"4,96 : 0.7267"
"96,4 : 0.7267"
"4,97 : 0.7616"
"97,4 : 0.7616"
"4,98 : 0.5508"
"98,4 : 0.5508"
"4,99 : 0.2941"
"99,4 : 0.2941"
"5,6 : 0.3324"
"6,5 : 0.3324"
"5,7 : 0.2907"
"7,5 : 0.2907"
"5,8 : 1.0151"
"8,5 : 1.0151"
"5,9 : 0.7601"
"9,5 : 0.7601"
"5,10 : 0.528"
"10,5 : 0.528"
"5,11 : 0.5345"
"11,5 : 0.5345"
"5,12 : 1.2021"
"12,5 : 1.2021"
"5,13 : 0.9097"
"13,5 : 0.9097"
"5,14 : 0.6185"
"14,5 : 0.6185"
"5,15 : 0.0922"
"15,5 : 0.0922"
"5,16 : 0.8349"
"16,5 : 0.8349"
"5,17 : 0.7962"
"17,5 : 0.7962"
"5,18 : 1.0435"
"18,5 : 1.0435"
"5,19 : 0.9296"
"19,5 : 0.9296"
"5,20 : 0.3859"
"20,5 : 0.3859"
"5,21 : 0.4401"
"21,5 : 0.4401"
"5,22 : 0.1838"
"22,5 : 0.1838"
"5,23 : 0.3912"
"23,5 : 0.3912"
"5,24 : 0.9025"
"24,5 : 0.9025"
"5,25 : 0.486"
"25,5 : 0.486"
"5,26 : 0.7517"
"26,5 : 0.7517"
"5,27 : 0.8141"
"27,5 : 0.8141"
"5,28 : 0.2319"
"28,5 : 0.2319"
"5,29 : 0.6519"
"29,5 : 0.6519"
"5,30 : 0.9176"
"30,5 : 0.9176"
"5,31 : 0.7481"
"31,5 : 0.7481"
"5,32 : 0.724"
"32,5 : 0.724"
"5,33 : 0.679"
"33,5 : 0.679"
"5,34 : 0.9045"
"34,5 : 0.9045"
"5,35 : 0.5104"
"35,5 : 0.5104"
"5,36 : 0.7311"
"36,5 : 0.7311"
"5,37 : 0.2102"
"37,5 : 0.2102"
"5,38 : 0.2941"
"38,5 : 0.2941"
"5,39 : 0.2879"
"39,5 : 0.2879"
"5,40 : 0.7446"
"40,5 : 0.7446"
"5,41 : 0.4305"
"41,5 : 0.4305"
"5,42 : 0.3848"
"42,5 : 0.3848"
"5,43 : 0.8344"
"43,5 : 0.8344"
"5,44 : 0.895"
"44,5 : 0.895"
"5,45 : 0.8516"
"45,5 : 0.8516"
"5,46 : 0.3384"
"46,5 : 0.3384"
"5,47 : 0.7301"
"47,5 : 0.7301"
"5,48 : 0.8889"
"48,5 : 0.8889"
"5,49 : 0.1921"
"49,5 : 0.1921"
"5,50 : 0.6435"
"50,5 : 0.6435"
"5,51 : 0.1118"
"51,5 : 0.1118"
"5,52 : 0.3087"
"52,5 : 0.3087"
"5,53 : 0.2571"
"53,5 : 0.2571"
"5,54 : 0.7572"
"54,5 : 0.7572"
"5,55 : 0.478"
"55,5 : 0.478"
"5,56 : 0.658"
"56,5 : 0.658"
"5,57 : 0.8645"
"57,5 : 0.8645"
"5,58 : 0.2608"
"58,5 : 0.2608"
"5,59 : 0.622"
"59,5 : 0.622"
"5,60 : 0.9972"
"60,5 : 0.9972"
"5,61 : 0.4909"
"61,5 : 0.4909"
"5,62 : 0.9205"
"62,5 : 0.9205"
"5,63 : 0.5636"
"63,5 : 0.5636"
"5,64 : 0.8249"
"64,5 : 0.8249"
"5,65 : 0.336"
"65,5 : 0.336"
"5,66 : 0.9319"
"66,5 : 0.9319"
"5,67 : 0.3239"
"67,5 : 0.3239"
"5,68 : 0.3314"
"68,5 : 0.3314"
"5,69 : 0.9334"
"69,5 : 0.9334"
"5,70 : 0.8202"
"70,5 : 0.8202"
"5,71 : 0.55"
"71,5 : 0.55"
"5,72 : 0.5064"
"72,5 : 0.5064"
"5,73 : 0.9638"
"73,5 : 0.9638"
"5,74 : 0.8431"
"74,5 : 0.8431"
"5,75 : 0.3966"
"75,5 : 0.3966"
"5,76 : 0.9341"
"76,5 : 0.9341"
"5,77 : 0.6357"
"77,5 : 0.6357"
"5,78 : 0.4607"
"78,5 : 0.4607"
"5,79 : 0.4276"
"79,5 : 0.4276"
"5,80 : 0.6525"
"80,5 : 0.6525"
"5,81 : 0.9702"
"81,5 : 0.9702"
"5,82 : 1.0124"
"82,5 : 1.0124"
"5,83 : 1.0512"
"83,5 : 1.0512"
"5,84 : 0.4982"
"84,5 : 0.4982"
"5,85 : 0.6294"
"85,5 : 0.6294"
"5,86 : 0.708"
"86,5 : 0.708"
"5,87 : 0.586"
"87,5 : 0.586"
"5,88 : 0.8006"
"88,5 : 0.8006"
"5,89 : 0.7295"
"89,5 : 0.7295"
"5,90 : 0.6862"
"90,5 : 0.6862"
"5,91 : 0.661"
"91,5 : 0.661"
"5,92 : 0.4554"
"92,5 : 0.4554"
"5,93 : 0.6507"
"93,5 : 0.6507"
"5,94 : 0.4455"
"94,5 : 0.4455"
"5,95 : 0.9946"
"95,5 : 0.9946"
"5,96 : 0.1432"
"96,5 : 0.1432"
"5,97 : 0.52"
"97,5 : 0.52"
"5,98 : 0.5217"
"98,5 : 0.5217"
"5,99 : 0.9731"
"99,5 : 0.9731"
"6,7 : 0.228"
"7,6 : 0.228"
"6,8 : 0.6831"
"8,6 : 0.6831"
"6,9 : 0.4684"
"9,6 : 0.4684"
"6,10 : 0.3711"
"10,6 : 0.3711"
"6,11 : 0.4179"
"11,6 : 0.4179"
"6,12 : 0.8853"
"12,6 : 0.8853"
"6,13 : 0.589"
"13,6 : 0.589"
"6,14 : 0.2915"
"14,6 : 0.2915"
"6,15 : 0.314"
"15,6 : 0.314"
"6,16 : 0.592"
"16,6 : 0.592"
"6,17 : 0.6007"
"17,6 : 0.6007"
"6,18 : 0.7366"
"18,6 : 0.7366"
"6,19 : 0.6041"
"19,6 : 0.6041"
"6,20 : 0.0825"
"20,6 : 0.0825"
"6,21 : 0.1077"
"21,6 : 0.1077"
"6,22 : 0.3081"
"22,6 : 0.3081"
"6,23 : 0.1204"
"23,6 : 0.1204"
"6,24 : 0.6657"
"24,6 : 0.6657"
"6,25 : 0.1879"
"25,6 : 0.1879"
"6,26 : 0.4717"
"26,6 : 0.4717"
"6,27 : 0.4855"
"27,6 : 0.4855"
"6,28 : 0.1204"
"28,6 : 0.1204"
"6,29 : 0.3195"
"29,6 : 0.3195"
"6,30 : 0.5869"
"30,6 : 0.5869"
"6,31 : 0.4301"
"31,6 : 0.4301"
"6,32 : 0.4036"
"32,6 : 0.4036"
"6,33 : 0.3601"
"33,6 : 0.3601"
"6,34 : 0.6263"
"34,6 : 0.6263"
"6,35 : 0.486"
"35,6 : 0.486"
"6,36 : 0.6671"
"36,6 : 0.6671"
"6,37 : 0.3801"
"37,6 : 0.3801"
"6,38 : 0.2121"
"38,6 : 0.2121"
"6,39 : 0.0447"
"39,6 : 0.0447"
"6,40 : 0.5708"
"40,6 : 0.5708"
"6,41 : 0.4245"
"41,6 : 0.4245"
"6,42 : 0.2746"
"42,6 : 0.2746"
"6,43 : 0.5471"
"43,6 : 0.5471"
"6,44 : 0.65"
"44,6 : 0.65"
"6,45 : 0.5304"
"45,6 : 0.5304"
"6,46 : 0.0762"
"46,6 : 0.0762"
"6,47 : 0.4397"
"47,6 : 0.4397"
"6,48 : 0.5579"
"48,6 : 0.5579"
"6,49 : 0.2884"
"49,6 : 0.2884"
"6,50 : 0.4219"
"50,6 : 0.4219"
"6,51 : 0.2608"
"51,6 : 0.2608"
"6,52 : 0.2408"
"52,6 : 0.2408"
"6,53 : 0.0849"
"53,6 : 0.0849"
"6,54 : 0.5217"
"54,6 : 0.5217"
"6,55 : 0.2915"
"55,6 : 0.2915"
"6,56 : 0.4455"
"56,6 : 0.4455"
"6,57 : 0.5903"
"57,6 : 0.5903"
"6,58 : 0.2751"
"58,6 : 0.2751"
"6,59 : 0.3178"
"59,6 : 0.3178"
"6,60 : 0.7021"
"60,6 : 0.7021"
"6,61 : 0.2012"
"61,6 : 0.2012"
"6,62 : 0.6166"
"62,6 : 0.6166"
"6,63 : 0.4249"
"63,6 : 0.4249"
"6,64 : 0.5515"
"64,6 : 0.5515"
"6,65 : 0.0894"
"65,6 : 0.0894"
"6,66 : 0.6456"
"66,6 : 0.6456"
"6,67 : 0.1703"
"67,6 : 0.1703"
"6,68 : 0.1513"
"68,6 : 0.1513"
"6,69 : 0.6435"
"69,6 : 0.6435"
"6,70 : 0.5197"
"70,6 : 0.5197"
"6,71 : 0.247"
"71,6 : 0.247"
"6,72 : 0.4442"
"72,6 : 0.4442"
"6,73 : 0.6316"
"73,6 : 0.6316"
"6,74 : 0.5108"
"74,6 : 0.5108"
"6,75 : 0.2285"
"75,6 : 0.2285"
"6,76 : 0.6224"
"76,6 : 0.6224"
"6,77 : 0.3036"
"77,6 : 0.3036"
"6,78 : 0.3068"
"78,6 : 0.3068"
"6,79 : 0.378"
"79,6 : 0.378"
"6,80 : 0.3239"
"80,6 : 0.3239"
"6,81 : 0.6675"
"81,6 : 0.6675"
"6,82 : 0.6903"
"82,6 : 0.6903"
"6,83 : 0.7311"
"83,6 : 0.7311"
"6,84 : 0.2062"
"84,6 : 0.2062"
"6,85 : 0.4948"
"85,6 : 0.4948"
"6,86 : 0.397"
"86,6 : 0.397"
"6,87 : 0.4144"
"87,6 : 0.4144"
"6,88 : 0.593"
"88,6 : 0.593"
"6,89 : 0.5215"
"89,6 : 0.5215"
"6,90 : 0.4808"
"90,6 : 0.4808"
"6,91 : 0.4525"
"91,6 : 0.4525"
"6,92 : 0.408"
"92,6 : 0.408"
"6,93 : 0.3517"
"93,6 : 0.3517"
"6,94 : 0.1393"
"94,6 : 0.1393"
"6,95 : 0.6675"
"95,6 : 0.6675"
"6,96 : 0.2502"
"96,6 : 0.2502"
"6,97 : 0.3624"
"97,6 : 0.3624"
"6,98 : 0.4383"
"98,6 : 0.4383"
"6,99 : 0.6408"
"99,6 : 0.6408"
"7,8 : 0.8329"
"8,7 : 0.8329"
"7,9 : 0.6854"
"9,7 : 0.6854"
"7,10 : 0.2377"
"10,7 : 0.2377"
"7,11 : 0.2518"
"11,7 : 0.2518"
"7,12 : 0.9529"
"12,7 : 0.9529"
"7,13 : 0.6742"
"13,7 : 0.6742"
"7,14 : 0.4827"
"14,7 : 0.4827"
"7,15 : 0.3373"
"15,7 : 0.3373"
"7,16 : 0.5482"
"16,7 : 0.5482"
"7,17 : 0.5057"
"17,7 : 0.5057"
"7,18 : 0.7855"
"18,7 : 0.7855"
"7,19 : 0.7831"
"19,7 : 0.7831"
"7,20 : 0.2088"
"20,7 : 0.2088"
"7,21 : 0.2973"
"21,7 : 0.2973"
"7,22 : 0.39"
"22,7 : 0.39"
"7,23 : 0.3471"
"23,7 : 0.3471"
"7,24 : 0.8931"
"24,7 : 0.8931"
"7,25 : 0.2617"
"25,7 : 0.2617"
"7,26 : 0.6932"
"26,7 : 0.6932"
"7,27 : 0.6021"
"27,7 : 0.6021"
"7,28 : 0.2508"
"28,7 : 0.2508"
"7,29 : 0.4809"
"29,7 : 0.4809"
"7,30 : 0.75"
"30,7 : 0.75"
"7,31 : 0.6282"
"31,7 : 0.6282"
"7,32 : 0.4973"
"32,7 : 0.4973"
"7,33 : 0.5604"
"33,7 : 0.5604"
"7,34 : 0.8458"
"34,7 : 0.8458"
"7,35 : 0.2731"
"35,7 : 0.2731"
"7,36 : 0.4785"
"36,7 : 0.4785"
"7,37 : 0.4518"
"37,7 : 0.4518"
"7,38 : 0.3808"
"38,7 : 0.3808"
"7,39 : 0.2126"
"39,7 : 0.2126"
"7,40 : 0.4554"
"40,7 : 0.4554"
"7,41 : 0.2025"
"41,7 : 0.2025"
"7,42 : 0.0949"
"42,7 : 0.0949"
"7,43 : 0.5661"
"43,7 : 0.5661"
"7,44 : 0.8766"
"44,7 : 0.8766"
"7,45 : 0.7201"
"45,7 : 0.7201"
"7,46 : 0.1655"
"46,7 : 0.1655"
"7,47 : 0.658"
"47,7 : 0.658"
"7,48 : 0.72"
"48,7 : 0.72"
"7,49 : 0.3805"
"49,7 : 0.3805"
"7,50 : 0.3561"
"50,7 : 0.3561"
"7,51 : 0.1789"
"51,7 : 0.1789"
"7,52 : 0.02"
"52,7 : 0.02"
"7,53 : 0.2332"
"53,7 : 0.2332"
"7,54 : 0.4701"
"54,7 : 0.4701"
"7,55 : 0.5109"
"55,7 : 0.5109"
"7,56 : 0.6727"
"56,7 : 0.6727"
"7,57 : 0.588"
"57,7 : 0.588"
"7,58 : 0.41"
"58,7 : 0.41"
"7,59 : 0.5331"
"59,7 : 0.5331"
"7,60 : 0.7301"
"60,7 : 0.7301"
"7,61 : 0.4272"
"61,7 : 0.4272"
"7,62 : 0.8228"
"62,7 : 0.8228"
"7,63 : 0.6382"
"63,7 : 0.6382"
"7,64 : 0.7737"
"64,7 : 0.7737"
"7,65 : 0.1523"
"65,7 : 0.1523"
"7,66 : 0.8616"
"66,7 : 0.8616"
"7,67 : 0.3636"
"67,7 : 0.3636"
"7,68 : 0.3523"
"68,7 : 0.3523"
"7,69 : 0.664"
"69,7 : 0.664"
"7,70 : 0.7305"
"70,7 : 0.7305"
"7,71 : 0.3178"
"71,7 : 0.3178"
"7,72 : 0.2452"
"72,7 : 0.2452"
"7,73 : 0.7679"
"73,7 : 0.7679"
"7,74 : 0.6528"
"74,7 : 0.6528"
"7,75 : 0.114"
"75,7 : 0.114"
"7,76 : 0.6843"
"76,7 : 0.6843"
"7,77 : 0.4727"
"77,7 : 0.4727"
"7,78 : 0.17"
"78,7 : 0.17"
"7,79 : 0.1676"
"79,7 : 0.1676"
"7,80 : 0.508"
"80,7 : 0.508"
"7,81 : 0.8736"
"81,7 : 0.8736"
"7,82 : 0.7762"
"82,7 : 0.7762"
"7,83 : 0.8102"
"83,7 : 0.8102"
"7,84 : 0.2648"
"84,7 : 0.2648"
"7,85 : 0.3453"
"85,7 : 0.3453"
"7,86 : 0.4682"
"86,7 : 0.4682"
"7,87 : 0.2955"
"87,7 : 0.2955"
"7,88 : 0.51"
"88,7 : 0.51"
"7,89 : 0.4391"
"89,7 : 0.4391"
"7,90 : 0.7077"
"90,7 : 0.7077"
"7,91 : 0.6794"
"91,7 : 0.6794"
"7,92 : 0.1992"
"92,7 : 0.1992"
"7,93 : 0.5686"
"93,7 : 0.5686"
"7,94 : 0.3636"
"94,7 : 0.3636"
"7,95 : 0.841"
"95,7 : 0.841"
"7,96 : 0.1476"
"96,7 : 0.1476"
"7,97 : 0.578"
"97,7 : 0.578"
"7,98 : 0.2508"
"98,7 : 0.2508"
"7,99 : 0.7778"
"99,7 : 0.7778"
"8,9 : 0.3945"
"9,8 : 0.3945"
"8,10 : 0.755"
"10,8 : 0.755"
"8,11 : 0.82"
"11,8 : 0.82"
"8,12 : 0.3801"
"12,8 : 0.3801"
"8,13 : 0.2625"
"13,8 : 0.2625"
"8,14 : 0.4025"
"14,8 : 0.4025"
"8,15 : 0.9849"
"15,8 : 0.9849"
"8,16 : 0.608"
"16,8 : 0.608"
"8,17 : 0.7325"
"17,8 : 0.7325"
"8,18 : 0.3758"
"18,8 : 0.3758"
"8,19 : 0.1487"
"19,8 : 0.1487"
"8,20 : 0.6433"
"20,8 : 0.6433"
"8,21 : 0.5757"
"21,8 : 0.5757"
"8,22 : 0.9489"
"22,8 : 0.9489"
"8,23 : 0.6441"
"23,8 : 0.6441"
"8,24 : 0.5771"
"24,8 : 0.5771"
"8,25 : 0.5714"
"25,8 : 0.5714"
"8,26 : 0.4342"
"26,8 : 0.4342"
"8,27 : 0.2452"
"27,8 : 0.2452"
"8,28 : 0.7892"
"28,8 : 0.7892"
"8,29 : 0.364"
"29,8 : 0.364"
"8,30 : 0.1063"
"30,8 : 0.1063"
"8,31 : 0.3111"
"31,8 : 0.3111"
"8,32 : 0.3551"
"32,8 : 0.3551"
"8,33 : 0.364"
"33,8 : 0.364"
"8,34 : 0.4243"
"34,8 : 0.4243"
"8,35 : 0.9571"
"35,8 : 0.9571"
"8,36 : 1.0032"
"36,8 : 1.0032"
"8,37 : 1.0136"
"37,8 : 1.0136"
"8,38 : 0.7992"
"38,8 : 0.7992"
"8,39 : 0.7273"
"39,8 : 0.7273"
"8,40 : 0.7694"
"40,8 : 0.7694"
"8,41 : 0.9453"
"41,8 : 0.9453"
"8,42 : 0.8002"
"42,8 : 0.8002"
"8,43 : 0.4522"
"43,8 : 0.4522"
"8,44 : 0.5474"
"44,8 : 0.5474"
"8,45 : 0.2247"
"45,8 : 0.2247"
"8,46 : 0.6943"
"46,8 : 0.6943"
"8,47 : 0.4105"
"47,8 : 0.4105"
"8,48 : 0.1304"
"48,8 : 0.1304"
"8,49 : 0.9266"
"49,8 : 0.9266"
"8,50 : 0.6451"
"50,8 : 0.6451"
"8,51 : 0.9386"
"51,8 : 0.9386"
"8,52 : 0.8315"
"52,8 : 0.8315"
"8,53 : 0.7596"
"53,8 : 0.7596"
"8,54 : 0.6177"
"54,8 : 0.6177"
"8,55 : 0.6794"
"55,8 : 0.6794"
"8,56 : 0.6159"
"56,8 : 0.6159"
"8,57 : 0.5045"
"57,8 : 0.5045"
"8,58 : 0.8766"
"58,8 : 0.8766"
"8,59 : 0.4405"
"59,8 : 0.4405"
"8,60 : 0.4327"
"60,8 : 0.4327"
"8,61 : 0.5576"
"61,8 : 0.5576"
"8,62 : 0.3027"
"62,8 : 0.3027"
"8,63 : 0.7481"
"63,8 : 0.7481"
"8,64 : 0.4427"
"64,8 : 0.4427"
"8,65 : 0.7021"
"65,8 : 0.7021"
"8,66 : 0.3912"
"66,8 : 0.3912"
"8,67 : 0.7443"
"67,8 : 0.7443"
"8,68 : 0.7256"
"68,8 : 0.7256"
"8,69 : 0.446"
"69,8 : 0.446"
"8,70 : 0.3401"
"70,8 : 0.3401"
"8,71 : 0.52"
"71,8 : 0.52"
"8,72 : 0.8963"
"72,8 : 0.8963"
"8,73 : 0.0806"
"73,8 : 0.0806"
"8,74 : 0.1803"
"74,8 : 0.1803"
"8,75 : 0.74"
"75,8 : 0.74"
"8,76 : 0.3256"
"76,8 : 0.3256"
"8,77 : 0.3795"
"77,8 : 0.3795"
"8,78 : 0.7543"
"78,8 : 0.7543"
"8,79 : 0.8846"
"79,8 : 0.8846"
"8,80 : 0.3667"
"80,8 : 0.3667"
"8,81 : 0.3102"
"81,8 : 0.3102"
"8,82 : 0.246"
"82,8 : 0.246"
"8,83 : 0.2751"
"83,8 : 0.2751"
"8,84 : 0.5704"
"84,8 : 0.5704"
"8,85 : 0.816"
"85,8 : 0.816"
"8,86 : 0.4002"
"86,8 : 0.4002"
"8,87 : 0.7376"
"87,8 : 0.7376"
"8,88 : 0.7018"
"88,8 : 0.7018"
"8,89 : 0.6843"
"89,8 : 0.6843"
"8,90 : 0.6313"
"90,8 : 0.6313"
"8,91 : 0.6243"
"91,8 : 0.6243"
"8,92 : 0.8981"
"92,8 : 0.8981"
"8,93 : 0.4314"
"93,8 : 0.4314"
"8,94 : 0.5814"
"94,8 : 0.5814"
"8,95 : 0.1105"
"95,8 : 0.1105"
"8,96 : 0.922"
"96,8 : 0.922"
"8,97 : 0.7151"
"97,8 : 0.7151"
"8,98 : 0.8688"
"98,8 : 0.8688"
"8,99 : 0.0721"
"99,8 : 0.0721"
"9,10 : 0.7292"
"10,9 : 0.7292"
"9,11 : 0.794"
"11,9 : 0.794"
"9,12 : 0.75"
"12,9 : 0.75"
"9,13 : 0.51"
"13,9 : 0.51"
"9,14 : 0.2263"
"14,9 : 0.2263"
"9,15 : 0.7026"
"15,9 : 0.7026"
"9,16 : 0.7577"
"16,9 : 0.7577"
"9,17 : 0.8422"
"17,9 : 0.8422"
"9,18 : 0.6812"
"18,9 : 0.6812"
"9,19 : 0.25"
"19,9 : 0.25"
"9,20 : 0.4785"
"20,9 : 0.4785"
"9,21 : 0.3891"
"21,9 : 0.3891"
"9,22 : 0.6413"
"22,9 : 0.6413"
"9,23 : 0.3722"
"23,9 : 0.3722"
"9,24 : 0.255"
"24,9 : 0.255"
"9,25 : 0.4763"
"25,9 : 0.4763"
"9,26 : 0.0412"
"26,9 : 0.0412"
"9,27 : 0.392"
"27,9 : 0.392"
"9,28 : 0.5315"
"28,9 : 0.5315"
"9,29 : 0.283"
"29,9 : 0.283"
"9,30 : 0.2955"
"30,9 : 0.2955"
"9,31 : 0.1217"
"31,9 : 0.1217"
"9,32 : 0.4272"
"32,9 : 0.4272"
"9,33 : 0.15"
"33,9 : 0.15"
"9,34 : 0.1612"
"34,9 : 0.1612"
"9,35 : 0.9044"
"35,9 : 0.9044"
"9,36 : 1.0325"
"36,9 : 1.0325"
"9,37 : 0.6938"
"37,9 : 0.6938"
"9,38 : 0.4866"
"38,9 : 0.4866"
"9,39 : 0.5022"
"39,9 : 0.5022"
"9,40 : 0.8488"
"40,9 : 0.8488"
"9,41 : 0.8609"
"41,9 : 0.8609"
"9,42 : 0.6997"
"42,9 : 0.6997"
"9,43 : 0.6236"
"43,9 : 0.6236"
"9,44 : 0.2283"
"44,9 : 0.2283"
"9,45 : 0.17"
"45,9 : 0.17"
"9,46 : 0.52"
"46,9 : 0.52"
"9,47 : 0.03"
"47,9 : 0.03"
"9,48 : 0.2846"
"48,9 : 0.2846"
"9,49 : 0.6198"
"49,9 : 0.6198"
"9,50 : 0.686"
"50,9 : 0.686"
"9,51 : 0.7185"
"51,9 : 0.7185"
"9,52 : 0.6935"
"52,9 : 0.6935"
"9,53 : 0.5148"
"53,9 : 0.5148"
"9,54 : 0.7247"
"54,9 : 0.7247"
"9,55 : 0.3231"
"55,9 : 0.3231"
"9,56 : 0.222"
"56,9 : 0.222"
"9,57 : 0.6868"
"57,9 : 0.6868"
"9,58 : 0.5554"
"58,9 : 0.5554"
"9,59 : 0.1523"
"59,9 : 0.1523"
"9,60 : 0.7011"
"60,9 : 0.7011"
"9,61 : 0.2729"
"61,9 : 0.2729"
"9,62 : 0.1649"
"62,9 : 0.1649"
"9,63 : 0.3607"
"63,9 : 0.3607"
"9,64 : 0.1"
"64,9 : 0.1"
"9,65 : 0.5331"
"65,9 : 0.5331"
"9,66 : 0.1772"
"66,9 : 0.1772"
"9,67 : 0.4418"
"67,9 : 0.4418"
"9,68 : 0.4305"
"68,9 : 0.4305"
"9,69 : 0.6774"
"69,9 : 0.6774"
"9,70 : 0.0671"
"70,9 : 0.0671"
"9,71 : 0.4669"
"71,9 : 0.4669"
"9,72 : 0.85"
"72,9 : 0.85"
"9,73 : 0.4016"
"73,9 : 0.4016"
"9,74 : 0.3306"
"74,9 : 0.3306"
"9,75 : 0.6381"
"75,9 : 0.6381"
"9,76 : 0.5803"
"76,9 : 0.5803"
"9,77 : 0.272"
"77,9 : 0.272"
"9,78 : 0.692"
"78,9 : 0.692"
"9,79 : 0.8045"
"79,9 : 0.8045"
"9,80 : 0.222"
"80,9 : 0.222"
"9,81 : 0.2121"
"81,9 : 0.2121"
"9,82 : 0.5672"
"82,9 : 0.5672"
"9,83 : 0.61"
"83,9 : 0.61"
"9,84 : 0.4892"
"84,9 : 0.4892"
"9,85 : 0.8349"
"85,9 : 0.8349"
"9,86 : 0.4701"
"86,9 : 0.4701"
"9,87 : 0.7428"
"87,9 : 0.7428"
"9,88 : 0.8188"
"88,9 : 0.8188"
"9,89 : 0.7685"
"89,9 : 0.7685"
"9,90 : 0.2371"
"90,9 : 0.2371"
"9,91 : 0.2302"
"91,9 : 0.2302"
"9,92 : 0.8293"
"92,9 : 0.8293"
"9,93 : 0.117"
"93,9 : 0.117"
"9,94 : 0.3298"
"94,9 : 0.3298"
"9,95 : 0.3114"
"95,9 : 0.3114"
"9,96 : 0.7139"
"96,9 : 0.7139"
"9,97 : 0.3384"
"97,9 : 0.3384"
"9,98 : 0.8324"
"98,9 : 0.8324"
"9,99 : 0.405"
"99,9 : 0.405"
"10,11 : 0.0671"
"11,10 : 0.0671"
"10,12 : 0.7845"
"12,10 : 0.7845"
"10,13 : 0.5404"
"13,10 : 0.5404"
"10,14 : 0.5033"
"14,10 : 0.5033"
"10,15 : 0.5728"
"15,10 : 0.5728"
"10,16 : 0.3265"
"16,10 : 0.3265"
"10,17 : 0.2683"
"17,10 : 0.2683"
"10,18 : 0.6103"
"18,10 : 0.6103"
"10,19 : 0.7485"
"19,10 : 0.7485"
"10,20 : 0.3008"
"20,10 : 0.3008"
"10,21 : 0.3722"
"21,10 : 0.3722"
"10,22 : 0.6166"
"22,10 : 0.6166"
"10,23 : 0.481"
"23,10 : 0.481"
"10,24 : 0.97"
"24,10 : 0.97"
"10,25 : 0.255"
"25,10 : 0.255"
"10,26 : 0.7495"
"26,10 : 0.7495"
"10,27 : 0.5099"
"27,10 : 0.5099"
"10,28 : 0.4501"
"28,10 : 0.4501"
"10,29 : 0.4632"
"29,10 : 0.4632"
"10,30 : 0.6957"
"30,10 : 0.6957"
"10,31 : 0.6382"
"31,10 : 0.6382"
"10,32 : 0.4002"
"32,10 : 0.4002"
"10,33 : 0.5826"
"33,10 : 0.5826"
"10,34 : 0.8873"
"34,10 : 0.8873"
"10,35 : 0.2022"
"35,10 : 0.2022"
"10,36 : 0.3081"
"36,10 : 0.3081"
"10,37 : 0.6825"
"37,10 : 0.6825"
"10,38 : 0.5731"
"38,10 : 0.5731"
"10,39 : 0.3833"
"39,10 : 0.3833"
"10,40 : 0.2184"
"40,10 : 0.2184"
"10,41 : 0.2062"
"41,10 : 0.2062"
"10,42 : 0.1432"
"42,10 : 0.1432"
"10,43 : 0.386"
"43,10 : 0.386"
"10,44 : 0.9479"
"44,10 : 0.9479"
"10,45 : 0.7071"
"45,10 : 0.7071"
"10,46 : 0.2961"
"46,10 : 0.2961"
"10,47 : 0.7072"
"47,10 : 0.7072"
"10,48 : 0.6673"
"48,10 : 0.6673"
"10,49 : 0.6041"
"49,10 : 0.6041"
"10,50 : 0.1432"
"50,10 : 0.1432"
"10,51 : 0.4163"
"51,10 : 0.4163"
"10,52 : 0.2193"
"52,10 : 0.2193"
"10,53 : 0.4211"
"53,10 : 0.4211"
"10,54 : 0.25"
"54,10 : 0.25"
"10,55 : 0.6555"
"55,10 : 0.6555"
"10,56 : 0.7855"
"56,10 : 0.7855"
"10,57 : 0.3891"
"57,10 : 0.3891"
"10,58 : 0.62"
"58,10 : 0.62"
"10,59 : 0.5873"
"59,10 : 0.5873"
"10,60 : 0.5423"
"60,10 : 0.5423"
"10,61 : 0.5248"
"61,10 : 0.5248"
"10,62 : 0.8322"
"62,10 : 0.8322"
"10,63 : 0.7912"
"63,10 : 0.7912"
"10,64 : 0.8276"
"64,10 : 0.8276"
"10,65 : 0.2844"
"65,10 : 0.2844"
"10,66 : 0.892"
"66,10 : 0.892"
"10,67 : 0.5394"
"67,10 : 0.5394"
"10,68 : 0.5217"
"68,10 : 0.5217"
"10,69 : 0.4754"
"69,10 : 0.4754"
"10,70 : 0.756"
"70,10 : 0.756"
"10,71 : 0.2663"
"71,10 : 0.2663"
"10,72 : 0.1414"
"72,10 : 0.1414"
"10,73 : 0.679"
"73,10 : 0.679"
"10,74 : 0.5824"
"74,10 : 0.5824"
"10,75 : 0.15"
"75,10 : 0.15"
"10,76 : 0.5277"
"76,10 : 0.5277"
"10,77 : 0.4662"
"77,10 : 0.4662"
"10,78 : 0.0707"
"78,10 : 0.0707"
"10,79 : 0.1523"
"79,10 : 0.1523"
"10,80 : 0.514"
"80,10 : 0.514"
"10,81 : 0.8798"
"81,10 : 0.8798"
"10,82 : 0.6339"
"82,10 : 0.6339"
"10,83 : 0.6592"
"83,10 : 0.6592"
"10,84 : 0.2404"
"84,10 : 0.2404"
"10,85 : 0.1237"
"85,10 : 0.1237"
"10,86 : 0.3551"
"86,10 : 0.3551"
"10,87 : 0.0583"
"87,10 : 0.0583"
"10,88 : 0.2746"
"88,10 : 0.2746"
"10,89 : 0.2062"
"89,10 : 0.2062"
"10,90 : 0.8215"
"90,10 : 0.8215"
"10,91 : 0.794"
"91,10 : 0.794"
"10,92 : 0.153"
"92,10 : 0.153"
"10,93 : 0.6224"
"93,10 : 0.6224"
"10,94 : 0.4653"
"94,10 : 0.4653"
"10,95 : 0.7938"
"95,10 : 0.7938"
"10,96 : 0.3848"
"96,10 : 0.3848"
"10,97 : 0.728"
"97,10 : 0.728"
"10,98 : 0.114"
"98,10 : 0.114"
"10,99 : 0.6888"
"99,10 : 0.6888"
"11,12 : 0.8343"
"12,11 : 0.8343"
"11,13 : 0.6001"
"13,11 : 0.6001"
"11,14 : 0.5685"
"14,11 : 0.5685"
"11,15 : 0.5886"
"15,11 : 0.5886"
"11,16 : 0.3585"
"16,11 : 0.3585"
"11,17 : 0.2766"
"17,11 : 0.2766"
"11,18 : 0.6597"
"18,11 : 0.6597"
"11,19 : 0.8154"
"19,11 : 0.8154"
"11,20 : 0.3536"
"20,11 : 0.3536"
"11,21 : 0.4301"
"21,11 : 0.4301"
"11,22 : 0.6407"
"22,11 : 0.6407"
"11,23 : 0.5323"
"23,11 : 0.5323"
"11,24 : 1.0328"
"24,11 : 1.0328"
"11,25 : 0.3183"
"25,11 : 0.3183"
"11,26 : 0.8134"
"26,11 : 0.8134"
"11,27 : 0.5749"
"27,11 : 0.5749"
"11,28 : 0.4851"
"28,11 : 0.4851"
"11,29 : 0.53"
"29,11 : 0.53"
"11,30 : 0.7622"
"30,11 : 0.7622"
"11,31 : 0.7046"
"31,11 : 0.7046"
"11,32 : 0.4657"
"32,11 : 0.4657"
"11,33 : 0.6482"
"33,11 : 0.6482"
"11,34 : 0.9527"
"34,11 : 0.9527"
"11,35 : 0.14"
"35,11 : 0.14"
"11,36 : 0.2506"
"36,11 : 0.2506"
"11,37 : 0.7035"
"37,11 : 0.7035"
"11,38 : 0.6119"
"38,11 : 0.6119"
"11,39 : 0.4245"
"39,11 : 0.4245"
"11,40 : 0.2163"
"40,11 : 0.2163"
"11,41 : 0.1612"
"41,11 : 0.1612"
"11,42 : 0.16"
"42,11 : 0.16"
"11,43 : 0.4374"
"43,11 : 0.4374"
"11,44 : 1.0112"
"44,11 : 1.0112"
"11,45 : 0.7741"
"45,11 : 0.7741"
"11,46 : 0.3418"
"46,11 : 0.3418"
"11,47 : 0.7716"
"47,11 : 0.7716"
"11,48 : 0.7339"
"48,11 : 0.7339"
"11,49 : 0.6301"
"49,11 : 0.6301"
"11,50 : 0.1924"
"50,11 : 0.1924"
"11,51 : 0.4245"
"51,11 : 0.4245"
"11,52 : 0.2319"
"52,11 : 0.2319"
"11,53 : 0.4589"
"53,11 : 0.4589"
"11,54 : 0.2864"
"54,11 : 0.2864"
"11,55 : 0.7068"
"55,11 : 0.7068"
"11,56 : 0.8431"
"56,11 : 0.8431"
"11,57 : 0.4332"
"57,11 : 0.4332"
"11,58 : 0.6528"
"58,11 : 0.6528"
"11,59 : 0.6505"
"59,11 : 0.6505"
"11,60 : 0.5882"
"60,11 : 0.5882"
"11,61 : 0.5825"
"61,11 : 0.5825"
"11,62 : 0.8989"
"62,11 : 0.8989"
"11,63 : 0.8417"
"63,11 : 0.8417"
"11,64 : 0.892"
"64,11 : 0.892"
"11,65 : 0.3289"
"65,11 : 0.3289"
"11,66 : 0.958"
"66,11 : 0.958"
"11,67 : 0.5824"
"67,11 : 0.5824"
"11,68 : 0.5661"
"68,11 : 0.5661"
"11,69 : 0.522"
"69,11 : 0.522"
"11,70 : 0.822"
"70,11 : 0.822"
"11,71 : 0.3329"
"71,11 : 0.3329"
"11,72 : 0.0806"
"72,11 : 0.0806"
"11,73 : 0.7433"
"73,11 : 0.7433"
"11,74 : 0.6485"
"74,11 : 0.6485"
"11,75 : 0.1897"
"75,11 : 0.1897"
"11,76 : 0.5831"
"76,11 : 0.5831"
"11,77 : 0.5325"
"77,11 : 0.5325"
"11,78 : 0.1118"
"78,11 : 0.1118"
"11,79 : 0.1204"
"79,11 : 0.1204"
"11,80 : 0.5801"
"80,11 : 0.5801"
"11,81 : 0.9467"
"81,11 : 0.9467"
"11,82 : 0.6912"
"82,11 : 0.6912"
"11,83 : 0.7145"
"83,11 : 0.7145"
"11,84 : 0.3048"
"84,11 : 0.3048"
"11,85 : 0.0949"
"85,11 : 0.0949"
"11,86 : 0.4198"
"86,11 : 0.4198"
"11,87 : 0.0922"
"87,11 : 0.0922"
"11,88 : 0.29"
"88,11 : 0.29"
"11,89 : 0.2302"
"89,11 : 0.2302"
"11,90 : 0.8792"
"90,11 : 0.8792"
"11,91 : 0.8515"
"91,11 : 0.8515"
"11,92 : 0.1082"
"92,11 : 0.1082"
"11,93 : 0.6859"
"93,11 : 0.6859"
"11,94 : 0.5215"
"94,11 : 0.5215"
"11,95 : 0.8603"
"95,11 : 0.8603"
"11,96 : 0.3929"
"96,11 : 0.3929"
"11,97 : 0.7788"
"97,11 : 0.7788"
"11,98 : 0.05"
"98,11 : 0.05"
"11,99 : 0.7531"
"99,11 : 0.7531"
"12,13 : 0.297"
"13,12 : 0.297"
"12,14 : 0.6712"
"14,12 : 0.6712"
"12,15 : 1.1985"
"15,12 : 1.1985"
"12,16 : 0.5004"
"16,12 : 0.5004"
"12,17 : 0.6301"
"17,12 : 0.6301"
"12,18 : 0.1746"
"18,12 : 0.1746"
"12,19 : 0.5235"
"19,12 : 0.5235"
"12,20 : 0.8184"
"20,12 : 0.8184"
"12,21 : 0.7849"
"21,12 : 0.7849"
"12,22 : 1.1879"
"22,12 : 1.1879"
"12,23 : 0.8938"
"23,12 : 0.8938"
"12,24 : 0.9552"
"24,12 : 0.9552"
"12,25 : 0.7161"
"25,12 : 0.7161"
"12,26 : 0.7912"
"26,12 : 0.7912"
"12,27 : 0.414"
"27,12 : 0.414"
"12,28 : 1.005"
"28,12 : 1.005"
"12,29 : 0.6"
"29,12 : 0.6"
"12,30 : 0.4589"
"30,12 : 0.4589"
"12,31 : 0.6426"
"31,12 : 0.6426"
"12,32 : 0.4817"
"32,12 : 0.4817"
"12,33 : 0.6708"
"33,12 : 0.6708"
"12,34 : 0.8031"
"34,12 : 0.8031"
"12,35 : 0.9708"
"35,12 : 0.9708"
"12,36 : 0.9302"
"36,12 : 0.9302"
"12,37 : 1.2587"
"37,12 : 1.2587"
"12,38 : 1.0565"
"38,12 : 1.0565"
"12,39 : 0.9285"
"39,12 : 0.9285"
"12,40 : 0.6903"
"40,12 : 0.6903"
"12,41 : 0.9904"
"41,12 : 0.9904"
"12,42 : 0.8864"
"42,12 : 0.8864"
"12,43 : 0.3985"
"43,12 : 0.3985"
"12,44 : 0.9254"
"44,12 : 0.9254"
"12,45 : 0.5846"
"45,12 : 0.5846"
"12,46 : 0.864"
"46,12 : 0.864"
"12,47 : 0.7589"
"47,12 : 0.7589"
"12,48 : 0.4657"
"48,12 : 0.4657"
"12,49 : 1.1667"
"49,12 : 1.1667"
"12,50 : 0.6429"
"50,12 : 0.6429"
"12,51 : 1.1039"
"51,12 : 1.1039"
"12,52 : 0.9437"
"52,12 : 0.9437"
"12,53 : 0.97"
"53,12 : 0.97"
"12,54 : 0.5558"
"54,12 : 0.5558"
"12,55 : 0.9827"
"55,12 : 0.9827"
"12,56 : 0.9621"
"56,12 : 0.9621"
"12,57 : 0.4045"
"57,12 : 0.4045"
"12,58 : 1.1336"
"58,12 : 1.1336"
"12,59 : 0.7471"
"59,12 : 0.7471"
"12,60 : 0.2508"
"60,12 : 0.2508"
"12,61 : 0.8323"
"61,12 : 0.8323"
"12,62 : 0.6818"
"62,12 : 0.6818"
"12,63 : 1.0779"
"63,12 : 1.0779"
"12,64 : 0.8139"
"64,12 : 0.8139"
"12,65 : 0.8661"
"65,12 : 0.8661"
"12,66 : 0.771"
"66,12 : 0.771"
"12,67 : 1.0"
"67,12 : 1.0"
"12,68 : 0.9784"
"68,12 : 0.9784"
"12,69 : 0.314"
"69,12 : 0.314"
"12,70 : 0.7061"
"70,12 : 0.7061"
"12,71 : 0.6522"
"71,12 : 0.6522"
"12,72 : 0.9144"
"72,12 : 0.9144"
"12,73 : 0.3493"
"73,12 : 0.3493"
"12,74 : 0.4338"
"74,12 : 0.4338"
"12,75 : 0.8408"
"75,12 : 0.8408"
"12,76 : 0.2693"
"76,12 : 0.2693"
"12,77 : 0.622"
"77,12 : 0.622"
"12,78 : 0.8171"
"78,12 : 0.8171"
"12,79 : 0.9361"
"79,12 : 0.9361"
"12,80 : 0.6381"
"80,12 : 0.6381"
"12,81 : 0.69"
"81,12 : 0.69"
"12,82 : 0.2"
"82,12 : 0.2"
"12,83 : 0.1562"
"83,12 : 0.1562"
"12,84 : 0.7046"
"84,12 : 0.7046"
"12,85 : 0.7877"
"85,12 : 0.7877"
"12,86 : 0.4941"
"86,12 : 0.4941"
"12,87 : 0.7422"
"87,12 : 0.7422"
"12,88 : 0.6"
"88,12 : 0.6"
"12,89 : 0.6239"
"89,12 : 0.6239"
"12,90 : 0.9835"
"90,12 : 0.9835"
"12,91 : 0.9714"
"91,12 : 0.9714"
"12,92 : 0.9368"
"92,12 : 0.9368"
"12,93 : 0.7515"
"93,12 : 0.7515"
"12,94 : 0.831"
"94,12 : 0.831"
"12,95 : 0.49"
"95,12 : 0.49"
"12,96 : 1.0791"
"96,12 : 1.0791"
"12,97 : 1.0335"
"97,12 : 1.0335"
"12,98 : 0.8829"
"98,12 : 0.8829"
"12,99 : 0.3471"
"99,12 : 0.3471"
"13,14 : 0.3848"
"14,13 : 0.3848"
"13,15 : 0.9027"
"15,13 : 0.9027"
"13,16 : 0.3467"
"16,13 : 0.3467"
"13,17 : 0.4741"
"17,13 : 0.4741"
"13,18 : 0.1746"
"18,13 : 0.1746"
"13,19 : 0.3444"
"19,13 : 0.3444"
"13,20 : 0.5243"
"20,13 : 0.5243"
"13,21 : 0.488"
"21,13 : 0.488"
"13,22 : 0.891"
"22,13 : 0.891"
"13,23 : 0.5982"
"23,13 : 0.5982"
"13,24 : 0.7481"
"24,13 : 0.7481"
"13,25 : 0.4254"
