x,y
0.93,0.76
0.71,0.57
0.54,0.28
0.86,0.9
0.91,0.38
0.91,0.11
0.77,0.95
0.13,0.12
0.78,0.88
0.51,0.88
0.68,0.8
0.39,0.02
0.94,0.93
0.05,0.58
0.91,0.87
0.74,0.17
0.25,0.88
0.18,0.57
0.18,0.85
0.64,0.97
0.35,0.77
0.07,0.18
0.36,0.78
0.79,0.58
0.7,0.69
0.95,0.35
0.44,1.0
0.17,0.13
0.19,0.97
0.21,0.75
0.74,0.74
0.27,0.27
0.1,0.49
0.41,0.73
0.47,0.26
0.85,0.49
0.68,0.3
0.6,0.49
0.39,0.54
0.98,0.65
0.05,0.84
0.7,0.76
0.7,0.06
0.06,0.99
0.11,0.16
0.46,0.42
0.49,0.44
0.24,0.16
0.7,0.65
0.27,0.1
0.04,0.61
0.84,0.3
0.73,0.37
0.94,0.8
0.12,0.65
0.34,0.58
0.46,0.61
0.18,0.31
0.98,0.37
0.59,0.83
0.25,0.88
0.76,0.94
0.06,0.65
0.26,0.54
0.91,0.89
0.35,0.39
0.79,0.49
0.18,0.0
0.97,0.17
0.11,0.67
0.8,0.46
0.94,0.34
0.24,0.39
0.37,0.82
0.52,0.61
0.36,0.04
0.72,0.8
0.61,0.29
0.13,0.94
0.65,0.04
0.11,0.07
0.84,0.71
0.45,0.3
0.27,0.6
0.59,0.7
0.28,0.28
0.65,0.79
0.64,0.39
0.98,0.11
0.24,0.67
0.07,0.95
0.62,0.87
0.77,0.22
0.83,0.75
0.51,0.07
0.36,0.87
0.1,0.87
0.1,0.48
0.76,0.71
0.85,0.5

Distanze
"0,1 : 0.2907"
"1,0 : 0.2907"
"0,2 : 0.6185"
"2,0 : 0.6185"
"0,3 : 0.1565"
"3,0 : 0.1565"
"0,4 : 0.3805"
"4,0 : 0.3805"
"0,5 : 0.6503"
"5,0 : 0.6503"
"0,6 : 0.2484"
"6,0 : 0.2484"
"0,7 : 1.0245"
"7,0 : 1.0245"
"0,8 : 0.1921"
"8,0 : 0.1921"
"0,9 : 0.4368"
"9,0 : 0.4368"
"0,10 : 0.2532"
"10,0 : 0.2532"
"0,11 : 0.9161"
"11,0 : 0.9161"
"0,12 : 0.1703"
"12,0 : 0.1703"
"0,13 : 0.8982"
"13,0 : 0.8982"
"0,14 : 0.1118"
"14,0 : 0.1118"
"0,15 : 0.6198"
"15,0 : 0.6198"
"0,16 : 0.6905"
"16,0 : 0.6905"
"0,17 : 0.7737"
"17,0 : 0.7737"
"0,18 : 0.7554"
"18,0 : 0.7554"
"0,19 : 0.3581"
"19,0 : 0.3581"
"0,20 : 0.5801"
"20,0 : 0.5801"
"0,21 : 1.0373"
"21,0 : 1.0373"
"0,22 : 0.5704"
"22,0 : 0.5704"
"0,23 : 0.228"
"23,0 : 0.228"
"0,24 : 0.2404"
"24,0 : 0.2404"
"0,25 : 0.4105"
"25,0 : 0.4105"
"0,26 : 0.5456"
"26,0 : 0.5456"
"0,27 : 0.9872"
"27,0 : 0.9872"
"0,28 : 0.7692"
"28,0 : 0.7692"
"0,29 : 0.7201"
"29,0 : 0.7201"
"0,30 : 0.191"
"30,0 : 0.191"
"0,31 : 0.822"
"31,0 : 0.822"
"0,32 : 0.8728"
"32,0 : 0.8728"
"0,33 : 0.5209"
"33,0 : 0.5209"
"0,34 : 0.6794"
"34,0 : 0.6794"
"0,35 : 0.2816"
"35,0 : 0.2816"
"0,36 : 0.5235"
"36,0 : 0.5235"
"0,37 : 0.4264"
"37,0 : 0.4264"
"0,38 : 0.5831"
"38,0 : 0.5831"
"0,39 : 0.1208"
"39,0 : 0.1208"
"0,40 : 0.8836"
"40,0 : 0.8836"
"0,41 : 0.23"
"41,0 : 0.23"
"0,42 : 0.7368"
"42,0 : 0.7368"
"0,43 : 0.8999"
"43,0 : 0.8999"
"0,44 : 1.0161"
"44,0 : 1.0161"
"0,45 : 0.5801"
"45,0 : 0.5801"
"0,46 : 0.5441"
"46,0 : 0.5441"
"0,47 : 0.9144"
"47,0 : 0.9144"
"0,48 : 0.255"
"48,0 : 0.255"
"0,49 : 0.9334"
"49,0 : 0.9334"
"0,50 : 0.9026"
"50,0 : 0.9026"
"0,51 : 0.4687"
"51,0 : 0.4687"
"0,52 : 0.4383"
"52,0 : 0.4383"
"0,53 : 0.0412"
"53,0 : 0.0412"
"0,54 : 0.8174"
"54,0 : 0.8174"
"0,55 : 0.6168"
"55,0 : 0.6168"
"0,56 : 0.4934"
"56,0 : 0.4934"
"0,57 : 0.8746"
"57,0 : 0.8746"
"0,58 : 0.3932"
"58,0 : 0.3932"
"0,59 : 0.3471"
"59,0 : 0.3471"
"0,60 : 0.6905"
"60,0 : 0.6905"
"0,61 : 0.2476"
"61,0 : 0.2476"
"0,62 : 0.8769"
"62,0 : 0.8769"
"0,63 : 0.7052"
"63,0 : 0.7052"
"0,64 : 0.1315"
"64,0 : 0.1315"
"0,65 : 0.688"
"65,0 : 0.688"
"0,66 : 0.3041"
"66,0 : 0.3041"
"0,67 : 1.0678"
"67,0 : 1.0678"
"0,68 : 0.5914"
"68,0 : 0.5914"
"0,69 : 0.8249"
"69,0 : 0.8249"
"0,70 : 0.327"
"70,0 : 0.327"
"0,71 : 0.4201"
"71,0 : 0.4201"
"0,72 : 0.7829"
"72,0 : 0.7829"
"0,73 : 0.5632"
"73,0 : 0.5632"
"0,74 : 0.4366"
"74,0 : 0.4366"
"0,75 : 0.9183"
"75,0 : 0.9183"
"0,76 : 0.2138"
"76,0 : 0.2138"
"0,77 : 0.5686"
"77,0 : 0.5686"
"0,78 : 0.82"
"78,0 : 0.82"
"0,79 : 0.7725"
"79,0 : 0.7725"
"0,80 : 1.0717"
"80,0 : 1.0717"
"0,81 : 0.103"
"81,0 : 0.103"
"0,82 : 0.6648"
"82,0 : 0.6648"
"0,83 : 0.6791"
"83,0 : 0.6791"
"0,84 : 0.3453"
"84,0 : 0.3453"
"0,85 : 0.808"
"85,0 : 0.808"
"0,86 : 0.2816"
"86,0 : 0.2816"
"0,87 : 0.4701"
"87,0 : 0.4701"
"0,88 : 0.6519"
"88,0 : 0.6519"
"0,89 : 0.6958"
"89,0 : 0.6958"
"0,90 : 0.8807"
"90,0 : 0.8807"
"0,91 : 0.3289"
"91,0 : 0.3289"
"0,92 : 0.5632"
"92,0 : 0.5632"
"0,93 : 0.1005"
"93,0 : 0.1005"
"0,94 : 0.8078"
"94,0 : 0.8078"
"0,95 : 0.5805"
"95,0 : 0.5805"
"0,96 : 0.8373"
"96,0 : 0.8373"
"0,97 : 0.876"
"97,0 : 0.876"
"0,98 : 0.1772"
"98,0 : 0.1772"
"0,99 : 0.272"
"99,0 : 0.272"
"1,2 : 0.3362"
"2,1 : 0.3362"
"1,3 : 0.3625"
"3,1 : 0.3625"
"1,4 : 0.2759"
"4,1 : 0.2759"
"1,5 : 0.5016"
"5,1 : 0.5016"
"1,6 : 0.3847"
"6,1 : 0.3847"
"1,7 : 0.7341"
"7,1 : 0.7341"
"1,8 : 0.3178"
"8,1 : 0.3178"
"1,9 : 0.3689"
"9,1 : 0.3689"
"1,10 : 0.2319"
"10,1 : 0.2319"
"1,11 : 0.6363"
"11,1 : 0.6363"
"1,12 : 0.4272"
"12,1 : 0.4272"
"1,13 : 0.6601"
"13,1 : 0.6601"
"1,14 : 0.3606"
"14,1 : 0.3606"
"1,15 : 0.4011"
"15,1 : 0.4011"
"1,16 : 0.5547"
"16,1 : 0.5547"
"1,17 : 0.53"
"17,1 : 0.53"
"1,18 : 0.5994"
"18,1 : 0.5994"
"1,19 : 0.4061"
"19,1 : 0.4061"
"1,20 : 0.4118"
"20,1 : 0.4118"
"1,21 : 0.7495"
"21,1 : 0.7495"
"1,22 : 0.4082"
"22,1 : 0.4082"
"1,23 : 0.0806"
"23,1 : 0.0806"
"1,24 : 0.1204"
"24,1 : 0.1204"
"1,25 : 0.3256"
"25,1 : 0.3256"
"1,26 : 0.5077"
"26,1 : 0.5077"
"1,27 : 0.6966"
"27,1 : 0.6966"
"1,28 : 0.656"
"28,1 : 0.656"
"1,29 : 0.5314"
"29,1 : 0.5314"
"1,30 : 0.1726"
"30,1 : 0.1726"
"1,31 : 0.5325"
"31,1 : 0.5325"
"1,32 : 0.6152"
"32,1 : 0.6152"
"1,33 : 0.34"
"33,1 : 0.34"
"1,34 : 0.392"
"34,1 : 0.392"
"1,35 : 0.1612"
"35,1 : 0.1612"
"1,36 : 0.2717"
"36,1 : 0.2717"
"1,37 : 0.136"
"37,1 : 0.136"
"1,38 : 0.3214"
"38,1 : 0.3214"
"1,39 : 0.2816"
"39,1 : 0.2816"
"1,40 : 0.7131"
"40,1 : 0.7131"
"1,41 : 0.1903"
"41,1 : 0.1903"
"1,42 : 0.5101"
"42,1 : 0.5101"
"1,43 : 0.7739"
"43,1 : 0.7739"
"1,44 : 0.7267"
"44,1 : 0.7267"
"1,45 : 0.2915"
"45,1 : 0.2915"
"1,46 : 0.2555"
"46,1 : 0.2555"
"1,47 : 0.6237"
"47,1 : 0.6237"
"1,48 : 0.0806"
"48,1 : 0.0806"
"1,49 : 0.6438"
"49,1 : 0.6438"
"1,50 : 0.6712"
"50,1 : 0.6712"
"1,51 : 0.2997"
"51,1 : 0.2997"
"1,52 : 0.201"
"52,1 : 0.201"
"1,53 : 0.3253"
"53,1 : 0.3253"
"1,54 : 0.5954"
"54,1 : 0.5954"
"1,55 : 0.3701"
"55,1 : 0.3701"
"1,56 : 0.2532"
"56,1 : 0.2532"
"1,57 : 0.5903"
"57,1 : 0.5903"
"1,58 : 0.336"
"58,1 : 0.336"
"1,59 : 0.2864"
"59,1 : 0.2864"
"1,60 : 0.5547"
"60,1 : 0.5547"
"1,61 : 0.3734"
"61,1 : 0.3734"
"1,62 : 0.6549"
"62,1 : 0.6549"
"1,63 : 0.451"
"63,1 : 0.451"
"1,64 : 0.3774"
"64,1 : 0.3774"
"1,65 : 0.4025"
"65,1 : 0.4025"
"1,66 : 0.1131"
"66,1 : 0.1131"
"1,67 : 0.7783"
"67,1 : 0.7783"
"1,68 : 0.4771"
"68,1 : 0.4771"
"1,69 : 0.6083"
"69,1 : 0.6083"
"1,70 : 0.1421"
"70,1 : 0.1421"
"1,71 : 0.3253"
"71,1 : 0.3253"
"1,72 : 0.5033"
"72,1 : 0.5033"
"1,73 : 0.422"
"73,1 : 0.422"
"1,74 : 0.1942"
"74,1 : 0.1942"
"1,75 : 0.6351"
"75,1 : 0.6351"
"1,76 : 0.2302"
"76,1 : 0.2302"
"1,77 : 0.2973"
"77,1 : 0.2973"
"1,78 : 0.688"
"78,1 : 0.688"
"1,79 : 0.5334"
"79,1 : 0.5334"
"1,80 : 0.781"
"80,1 : 0.781"
"1,81 : 0.191"
"81,1 : 0.191"
"1,82 : 0.3748"
"82,1 : 0.3748"
"1,83 : 0.441"
"83,1 : 0.441"
"1,84 : 0.1769"
"84,1 : 0.1769"
"1,85 : 0.5187"
"85,1 : 0.5187"
"1,86 : 0.228"
"86,1 : 0.228"
"1,87 : 0.1931"
"87,1 : 0.1931"
"1,88 : 0.5334"
"88,1 : 0.5334"
"1,89 : 0.4805"
"89,1 : 0.4805"
"1,90 : 0.7443"
"90,1 : 0.7443"
"1,91 : 0.3132"
"91,1 : 0.3132"
"1,92 : 0.3551"
"92,1 : 0.3551"
"1,93 : 0.2163"
"93,1 : 0.2163"
"1,94 : 0.5385"
"94,1 : 0.5385"
"1,95 : 0.461"
"95,1 : 0.461"
"1,96 : 0.6798"
"96,1 : 0.6798"
"1,97 : 0.6166"
"97,1 : 0.6166"
"1,98 : 0.1487"
"98,1 : 0.1487"
"1,99 : 0.1565"
"99,1 : 0.1565"
"2,3 : 0.6977"
"3,2 : 0.6977"
"2,4 : 0.3833"
"4,2 : 0.3833"
"2,5 : 0.4072"
"5,2 : 0.4072"
"2,6 : 0.7084"
"6,2 : 0.7084"
"2,7 : 0.4401"
"7,2 : 0.4401"
"2,8 : 0.6462"
"8,2 : 0.6462"
"2,9 : 0.6007"
"9,2 : 0.6007"
"2,10 : 0.5385"
"10,2 : 0.5385"
"2,11 : 0.3002"
"11,2 : 0.3002"
"2,12 : 0.7632"
"12,2 : 0.7632"
"2,13 : 0.5745"
"13,2 : 0.5745"
"2,14 : 0.6964"
"14,2 : 0.6964"
"2,15 : 0.2283"
"15,2 : 0.2283"
"2,16 : 0.6664"
"16,2 : 0.6664"
"2,17 : 0.4623"
"17,2 : 0.4623"
"2,18 : 0.6742"
"18,2 : 0.6742"
"2,19 : 0.6972"
"19,2 : 0.6972"
"2,20 : 0.5255"
"20,2 : 0.5255"
"2,21 : 0.4805"
"21,2 : 0.4805"
"2,22 : 0.5314"
"22,2 : 0.5314"
"2,23 : 0.3905"
"23,2 : 0.3905"
"2,24 : 0.4401"
"24,2 : 0.4401"
"2,25 : 0.4159"
"25,2 : 0.4159"
"2,26 : 0.7269"
"26,2 : 0.7269"
"2,27 : 0.3992"
"27,2 : 0.3992"
"2,28 : 0.7737"
"28,2 : 0.7737"
"2,29 : 0.5743"
"29,2 : 0.5743"
"2,30 : 0.5016"
"30,2 : 0.5016"
"2,31 : 0.2702"
"31,2 : 0.2702"
"2,32 : 0.4875"
"32,2 : 0.4875"
"2,33 : 0.4684"
"33,2 : 0.4684"
"2,34 : 0.0728"
"34,2 : 0.0728"
"2,35 : 0.3744"
"35,2 : 0.3744"
"2,36 : 0.1414"
"36,2 : 0.1414"
"2,37 : 0.2184"
"37,2 : 0.2184"
"2,38 : 0.3002"
"38,2 : 0.3002"
"2,39 : 0.5749"
"39,2 : 0.5749"
"2,40 : 0.7441"
"40,2 : 0.7441"
"2,41 : 0.506"
"41,2 : 0.506"
"2,42 : 0.272"
"42,2 : 0.272"
"2,43 : 0.857"
"43,2 : 0.857"
"2,44 : 0.4464"
"44,2 : 0.4464"
"2,45 : 0.1612"
"45,2 : 0.1612"
"2,46 : 0.1676"
"46,2 : 0.1676"
"2,47 : 0.3231"
"47,2 : 0.3231"
"2,48 : 0.4031"
"48,2 : 0.4031"
"2,49 : 0.3245"
"49,2 : 0.3245"
"2,50 : 0.5991"
"50,2 : 0.5991"
"2,51 : 0.3007"
"51,2 : 0.3007"
"2,52 : 0.2102"
"52,2 : 0.2102"
"2,53 : 0.656"
"53,2 : 0.656"
"2,54 : 0.5597"
"54,2 : 0.5597"
"2,55 : 0.3606"
"55,2 : 0.3606"
"2,56 : 0.3396"
"56,2 : 0.3396"
"2,57 : 0.3612"
"57,2 : 0.3612"
"2,58 : 0.4491"
"58,2 : 0.4491"
"2,59 : 0.5523"
"59,2 : 0.5523"
"2,60 : 0.6664"
"60,2 : 0.6664"
"2,61 : 0.6957"
"61,2 : 0.6957"
"2,62 : 0.6061"
"62,2 : 0.6061"
"2,63 : 0.3821"
"63,2 : 0.3821"
"2,64 : 0.7134"
"64,2 : 0.7134"
"2,65 : 0.2195"
"65,2 : 0.2195"
"2,66 : 0.3265"
"66,2 : 0.3265"
"2,67 : 0.4561"
"67,2 : 0.4561"
"2,68 : 0.4438"
"68,2 : 0.4438"
"2,69 : 0.5805"
"69,2 : 0.5805"
"2,70 : 0.3162"
"70,2 : 0.3162"
"2,71 : 0.4045"
"71,2 : 0.4045"
"2,72 : 0.3195"
"72,2 : 0.3195"
"2,73 : 0.5661"
"73,2 : 0.5661"
"2,74 : 0.3306"
"74,2 : 0.3306"
"2,75 : 0.3"
"75,2 : 0.3"
"2,76 : 0.5503"
"76,2 : 0.5503"
"2,77 : 0.0707"
"77,2 : 0.0707"
"2,78 : 0.777"
"78,2 : 0.777"
"2,79 : 0.264"
"79,2 : 0.264"
"2,80 : 0.4785"
"80,2 : 0.4785"
"2,81 : 0.5243"
"81,2 : 0.5243"
"2,82 : 0.0922"
"82,2 : 0.0922"
"2,83 : 0.4187"
"83,2 : 0.4187"
"2,84 : 0.423"
"84,2 : 0.423"
"2,85 : 0.26"
"85,2 : 0.26"
"2,86 : 0.5217"
"86,2 : 0.5217"
"2,87 : 0.1487"
"87,2 : 0.1487"
"2,88 : 0.4717"
"88,2 : 0.4717"
"2,89 : 0.492"
"89,2 : 0.492"
"2,90 : 0.8184"
"90,2 : 0.8184"
"2,91 : 0.5954"
"91,2 : 0.5954"
"2,92 : 0.2377"
"92,2 : 0.2377"
"2,93 : 0.5523"
"93,2 : 0.5523"
"2,94 : 0.2121"
"94,2 : 0.2121"
"2,95 : 0.6168"
"95,2 : 0.6168"
"2,96 : 0.736"
"96,2 : 0.736"
"2,97 : 0.4833"
"97,2 : 0.4833"
"2,98 : 0.483"
"98,2 : 0.483"
"2,99 : 0.3801"
"99,2 : 0.3801"
"3,4 : 0.5224"
"4,3 : 0.5224"
"3,5 : 0.7916"
"5,3 : 0.7916"
"3,6 : 0.103"
"6,3 : 0.103"
"3,7 : 1.0683"
"7,3 : 1.0683"
"3,8 : 0.0825"
"8,3 : 0.0825"
"3,9 : 0.3506"
"9,3 : 0.3506"
"3,10 : 0.2059"
"10,3 : 0.2059"
"3,11 : 0.9976"
"11,3 : 0.9976"
"3,12 : 0.0854"
"12,3 : 0.0854"
"3,13 : 0.8709"
"13,3 : 0.8709"
"3,14 : 0.0583"
"14,3 : 0.0583"
"3,15 : 0.7398"
"15,3 : 0.7398"
"3,16 : 0.6103"
"16,3 : 0.6103"
"3,17 : 0.7558"
"17,3 : 0.7558"
"3,18 : 0.6818"
"18,3 : 0.6818"
"3,19 : 0.2309"
"19,3 : 0.2309"
"3,20 : 0.5263"
"20,3 : 0.5263"
"3,21 : 1.0689"
"21,3 : 1.0689"
"3,22 : 0.5142"
"22,3 : 0.5142"
"3,23 : 0.3276"
"23,3 : 0.3276"
"3,24 : 0.264"
"24,3 : 0.264"
"3,25 : 0.5573"
"25,3 : 0.5573"
"3,26 : 0.4317"
"26,3 : 0.4317"
"3,27 : 1.0339"
"27,3 : 1.0339"
"3,28 : 0.6736"
"28,3 : 0.6736"
"3,29 : 0.6671"
"29,3 : 0.6671"
"3,30 : 0.2"
"30,3 : 0.2"
"3,31 : 0.8631"
"31,3 : 0.8631"
"3,32 : 0.8635"
"32,3 : 0.8635"
"3,33 : 0.481"
"33,3 : 0.481"
"3,34 : 0.7495"
"34,3 : 0.7495"
"3,35 : 0.4101"
"35,3 : 0.4101"
"3,36 : 0.6264"
"36,3 : 0.6264"
"3,37 : 0.4855"
"37,3 : 0.4855"
"3,38 : 0.592"
"38,3 : 0.592"
"3,39 : 0.2773"
"39,3 : 0.2773"
"3,40 : 0.8122"
"40,3 : 0.8122"
"3,41 : 0.2126"
"41,3 : 0.2126"
"3,42 : 0.8551"
"42,3 : 0.8551"
"3,43 : 0.805"
"43,3 : 0.805"
"3,44 : 1.0536"
"44,3 : 1.0536"
"3,45 : 0.6248"
"45,3 : 0.6248"
"3,46 : 0.5903"
"46,3 : 0.5903"
"3,47 : 0.9654"
"47,3 : 0.9654"
"3,48 : 0.2968"
"48,3 : 0.2968"
"3,49 : 0.994"
"49,3 : 0.994"
"3,50 : 0.8698"
"50,3 : 0.8698"
"3,51 : 0.6003"
"51,3 : 0.6003"
"3,52 : 0.5457"
"52,3 : 0.5457"
"3,53 : 0.1281"
"53,3 : 0.1281"
"3,54 : 0.7811"
"54,3 : 0.7811"
"3,55 : 0.6106"
"55,3 : 0.6106"
"3,56 : 0.4941"
"56,3 : 0.4941"
"3,57 : 0.9003"
"57,3 : 0.9003"
"3,58 : 0.5434"
"58,3 : 0.5434"
"3,59 : 0.2789"
"59,3 : 0.2789"
"3,60 : 0.6103"
"60,3 : 0.6103"
"3,61 : 0.1077"
"61,3 : 0.1077"
"3,62 : 0.8382"
"62,3 : 0.8382"
"3,63 : 0.6997"
"63,3 : 0.6997"
"3,64 : 0.051"
"64,3 : 0.051"
"3,65 : 0.7212"
"65,3 : 0.7212"
"3,66 : 0.4159"
"66,3 : 0.4159"
"3,67 : 1.128"
"67,3 : 1.128"
"3,68 : 0.7382"
"68,3 : 0.7382"
"3,69 : 0.7845"
"69,3 : 0.7845"
"3,70 : 0.4441"
"70,3 : 0.4441"
"3,71 : 0.5657"
"71,3 : 0.5657"
"3,72 : 0.8028"
"72,3 : 0.8028"
"3,73 : 0.4965"
"73,3 : 0.4965"
"3,74 : 0.4469"
"74,3 : 0.4469"
"3,75 : 0.9948"
"75,3 : 0.9948"
"3,76 : 0.172"
"76,3 : 0.172"
"3,77 : 0.6592"
"77,3 : 0.6592"
"3,78 : 0.7311"
"78,3 : 0.7311"
"3,79 : 0.8853"
"79,3 : 0.8853"
"3,80 : 1.1187"
"80,3 : 1.1187"
"3,81 : 0.191"
"81,3 : 0.191"
"3,82 : 0.7267"
"82,3 : 0.7267"
"3,83 : 0.6619"
"83,3 : 0.6619"
"3,84 : 0.336"
"84,3 : 0.336"
"3,85 : 0.849"
"85,3 : 0.849"
"3,86 : 0.2371"
"86,3 : 0.2371"
"3,87 : 0.5554"
"87,3 : 0.5554"
"3,88 : 0.7991"
"88,3 : 0.7991"
"3,89 : 0.6613"
"89,3 : 0.6613"
"3,90 : 0.7916"
"90,3 : 0.7916"
"3,91 : 0.2419"
"91,3 : 0.2419"
"3,92 : 0.6859"
"92,3 : 0.6859"
"3,93 : 0.153"
"93,3 : 0.153"
"3,94 : 0.9008"
"94,3 : 0.9008"
"3,95 : 0.5009"
"95,3 : 0.5009"
"3,96 : 0.7606"
"96,3 : 0.7606"
"3,97 : 0.8683"
"97,3 : 0.8683"
"3,98 : 0.2147"
"98,3 : 0.2147"
"3,99 : 0.4001"
"99,3 : 0.4001"
"4,5 : 0.27"
"5,4 : 0.27"
"4,6 : 0.5869"
"6,4 : 0.5869"
"4,7 : 0.8222"
"7,4 : 0.8222"
"4,8 : 0.5166"
"8,4 : 0.5166"
"4,9 : 0.6403"
"9,4 : 0.6403"
"4,10 : 0.4789"
"10,4 : 0.4789"
"4,11 : 0.6325"
"11,4 : 0.6325"
"4,12 : 0.5508"
"12,4 : 0.5508"
"4,13 : 0.8829"
"13,4 : 0.8829"
"4,14 : 0.49"
"14,4 : 0.49"
"4,15 : 0.2702"
"15,4 : 0.2702"
"4,16 : 0.828"
"16,4 : 0.828"
"4,17 : 0.7543"
"17,4 : 0.7543"
"4,18 : 0.8682"
"18,4 : 0.8682"
"4,19 : 0.6488"
"19,4 : 0.6488"
"4,20 : 0.6824"
"20,4 : 0.6824"
"4,21 : 0.8635"
"21,4 : 0.8635"
"4,22 : 0.6801"
"22,4 : 0.6801"
"4,23 : 0.2332"
"23,4 : 0.2332"
"4,24 : 0.3744"
"24,4 : 0.3744"
"4,25 : 0.05"
"25,4 : 0.05"
"4,26 : 0.778"
"26,4 : 0.778"
"4,27 : 0.7811"
"27,4 : 0.7811"
"4,28 : 0.9309"
"28,4 : 0.9309"
"4,29 : 0.7918"
"29,4 : 0.7918"
"4,30 : 0.3981"
"30,4 : 0.3981"
"4,31 : 0.6494"
"31,4 : 0.6494"
"4,32 : 0.8174"
"32,4 : 0.8174"
"4,33 : 0.6103"
"33,4 : 0.6103"
"4,34 : 0.4561"
"34,4 : 0.4561"
"4,35 : 0.1253"
"35,4 : 0.1253"
"4,36 : 0.2435"
"36,4 : 0.2435"
"4,37 : 0.3289"
"37,4 : 0.3289"
"4,38 : 0.5441"
"38,4 : 0.5441"
"4,39 : 0.2789"
"39,4 : 0.2789"
"4,40 : 0.9753"
"40,4 : 0.9753"
"4,41 : 0.4342"
"41,4 : 0.4342"
"4,42 : 0.3828"
"42,4 : 0.3828"
"4,43 : 1.0462"
"43,4 : 1.0462"
"4,44 : 0.8297"
"44,4 : 0.8297"
"4,45 : 0.4518"
"45,4 : 0.4518"
"4,46 : 0.4243"
"46,4 : 0.4243"
"4,47 : 0.7052"
"47,4 : 0.7052"
"4,48 : 0.3421"
"48,4 : 0.3421"
"4,49 : 0.6986"
"49,4 : 0.6986"
"4,50 : 0.8999"
"50,4 : 0.8999"
"4,51 : 0.1063"
"51,4 : 0.1063"
"4,52 : 0.1803"
"52,4 : 0.1803"
"4,53 : 0.4211"
"53,4 : 0.4211"
"4,54 : 0.8349"
"54,4 : 0.8349"
"4,55 : 0.6041"
"55,4 : 0.6041"
"4,56 : 0.5054"
"56,4 : 0.5054"
"4,57 : 0.7333"
"57,4 : 0.7333"
"4,58 : 0.0707"
"58,4 : 0.0707"
"4,59 : 0.5522"
"59,4 : 0.5522"
"4,60 : 0.828"
"60,4 : 0.828"
"4,61 : 0.5797"
"61,4 : 0.5797"
"4,62 : 0.8919"
"62,4 : 0.8919"
"4,63 : 0.6694"
"63,4 : 0.6694"
"4,64 : 0.51"
"64,4 : 0.51"
"4,65 : 0.5601"
"65,4 : 0.5601"
"4,66 : 0.1628"
"66,4 : 0.1628"
"4,67 : 0.823"
"67,4 : 0.823"
"4,68 : 0.2184"
"68,4 : 0.2184"
"4,69 : 0.8509"
"69,4 : 0.8509"
"4,70 : 0.136"
"70,4 : 0.136"
"4,71 : 0.05"
"71,4 : 0.05"
"4,72 : 0.6701"
"72,4 : 0.6701"
"4,73 : 0.6966"
"73,4 : 0.6966"
"4,74 : 0.4528"
"74,4 : 0.4528"
"4,75 : 0.6466"
"75,4 : 0.6466"
"4,76 : 0.461"
"76,4 : 0.461"
"4,77 : 0.3132"
"77,4 : 0.3132"
"4,78 : 0.9602"
"78,4 : 0.9602"
"4,79 : 0.428"
"79,4 : 0.428"
"4,80 : 0.858"
"80,4 : 0.858"
"4,81 : 0.3373"
"81,4 : 0.3373"
"4,82 : 0.4669"
"82,4 : 0.4669"
"4,83 : 0.6768"
"83,4 : 0.6768"
"4,84 : 0.4525"
"84,4 : 0.4525"
"4,85 : 0.6379"
"85,4 : 0.6379"
"4,86 : 0.4855"
"86,4 : 0.4855"
"4,87 : 0.2702"
"87,4 : 0.2702"
"4,88 : 0.2789"
"88,4 : 0.2789"
"4,89 : 0.7301"
"89,4 : 0.7301"
"4,90 : 1.0151"
"90,4 : 1.0151"
"4,91 : 0.5694"
"91,4 : 0.5694"
"4,92 : 0.2126"
"92,4 : 0.2126"
"4,93 : 0.3785"
"93,4 : 0.3785"
"4,94 : 0.5061"
"94,4 : 0.5061"
"4,95 : 0.7366"
"95,4 : 0.7366"
"4,96 : 0.9467"
"96,4 : 0.9467"
"4,97 : 0.8161"
"97,4 : 0.8161"
"4,98 : 0.3625"
"98,4 : 0.3625"
"4,99 : 0.1342"
"99,4 : 0.1342"
"5,6 : 0.8516"
"6,5 : 0.8516"
"5,7 : 0.7801"
"7,5 : 0.7801"
"5,8 : 0.7809"
"8,5 : 0.7809"
"5,9 : 0.8677"
"9,5 : 0.8677"
"5,10 : 0.7273"
"10,5 : 0.7273"
"5,11 : 0.5277"
"11,5 : 0.5277"
"5,12 : 0.8205"
"12,5 : 0.8205"
"5,13 : 0.9801"
"13,5 : 0.9801"
"5,14 : 0.76"
"14,5 : 0.76"
"5,15 : 0.1803"
"15,5 : 0.1803"
"5,16 : 1.0141"
"16,5 : 1.0141"
"5,17 : 0.8628"
"17,5 : 0.8628"
"5,18 : 1.0395"
"18,5 : 1.0395"
"5,19 : 0.9014"
"19,5 : 0.9014"
"5,20 : 0.8656"
"20,5 : 0.8656"
"5,21 : 0.8429"
"21,5 : 0.8429"
"5,22 : 0.8668"
"22,5 : 0.8668"
"5,23 : 0.4851"
"23,5 : 0.4851"
"5,24 : 0.6168"
"24,5 : 0.6168"
"5,25 : 0.2433"
"25,5 : 0.2433"
"5,26 : 1.0065"
"26,5 : 1.0065"
"5,27 : 0.7403"
"27,5 : 0.7403"
"5,28 : 1.1216"
"28,5 : 1.1216"
"5,29 : 0.9485"
"29,5 : 0.9485"
"5,30 : 0.6525"
"30,5 : 0.6525"
"5,31 : 0.6597"
"31,5 : 0.6597"
"5,32 : 0.8947"
"32,5 : 0.8947"
"5,33 : 0.7965"
"33,5 : 0.7965"
"5,34 : 0.4649"
"34,5 : 0.4649"
"5,35 : 0.3847"
"35,5 : 0.3847"
"5,36 : 0.2983"
"36,5 : 0.2983"
"5,37 : 0.4904"
"37,5 : 0.4904"
"5,38 : 0.6748"
"38,5 : 0.6748"
"5,39 : 0.5445"
"39,5 : 0.5445"
"5,40 : 1.1281"
"40,5 : 1.1281"
"5,41 : 0.6831"
"41,5 : 0.6831"
"5,42 : 0.2159"
"42,5 : 0.2159"
"5,43 : 1.2235"
"43,5 : 1.2235"
"5,44 : 0.8016"
"44,5 : 0.8016"
"5,45 : 0.5464"
"45,5 : 0.5464"
"5,46 : 0.5341"
"46,5 : 0.5341"
"5,47 : 0.6719"
"47,5 : 0.6719"
"5,48 : 0.5794"
"48,5 : 0.5794"
"5,49 : 0.6401"
"49,5 : 0.6401"
"5,50 : 1.0034"
"50,5 : 1.0034"
"5,51 : 0.2025"
"51,5 : 0.2025"
"5,52 : 0.3162"
"52,5 : 0.3162"
"5,53 : 0.6907"
"53,5 : 0.6907"
"5,54 : 0.9569"
"54,5 : 0.9569"
"5,55 : 0.7388"
"55,5 : 0.7388"
"5,56 : 0.6727"
"56,5 : 0.6727"
"5,57 : 0.7569"
"57,5 : 0.7569"
"5,58 : 0.2693"
"58,5 : 0.2693"
"5,59 : 0.7879"
"59,5 : 0.7879"
"5,60 : 1.0141"
"60,5 : 1.0141"
"5,61 : 0.8434"
"61,5 : 0.8434"
"5,62 : 1.007"
"62,5 : 1.007"
"5,63 : 0.7794"
"63,5 : 0.7794"
"5,64 : 0.78"
"64,5 : 0.78"
"5,65 : 0.6261"
"65,5 : 0.6261"
"5,66 : 0.3985"
"66,5 : 0.3985"
"5,67 : 0.7382"
"67,5 : 0.7382"
"5,68 : 0.0849"
"68,5 : 0.0849"
"5,69 : 0.9765"
"69,5 : 0.9765"
"5,70 : 0.3669"
"70,5 : 0.3669"
"5,71 : 0.2319"
"71,5 : 0.2319"
"5,72 : 0.7262"
"72,5 : 0.7262"
"5,73 : 0.892"
"73,5 : 0.892"
"5,74 : 0.6341"
"74,5 : 0.6341"
"5,75 : 0.5544"
"75,5 : 0.5544"
"5,76 : 0.7157"
"76,5 : 0.7157"
"5,77 : 0.3499"
"77,5 : 0.3499"
"5,78 : 1.139"
"78,5 : 1.139"
"5,79 : 0.2693"
"79,5 : 0.2693"
"5,80 : 0.801"
"80,5 : 0.801"
"5,81 : 0.6041"
"81,5 : 0.6041"
"5,82 : 0.4977"
"82,5 : 0.4977"
"5,83 : 0.806"
"83,5 : 0.806"
"5,84 : 0.6712"
"84,5 : 0.6712"
"5,85 : 0.6525"
"85,5 : 0.6525"
"5,86 : 0.728"
"86,5 : 0.728"
"5,87 : 0.389"
"87,5 : 0.389"
"5,88 : 0.07"
"88,5 : 0.07"
"5,89 : 0.8732"
"89,5 : 0.8732"
"5,90 : 1.1879"
"90,5 : 1.1879"
"5,91 : 0.8134"
"91,5 : 0.8134"
"5,92 : 0.178"
"92,5 : 0.178"
"5,93 : 0.645"
"93,5 : 0.645"
"5,94 : 0.402"
"94,5 : 0.402"
"5,95 : 0.9381"
"95,5 : 0.9381"
"5,96 : 1.1107"
"96,5 : 1.1107"
"5,97 : 0.8905"
"97,5 : 0.8905"
"5,98 : 0.6185"
"98,5 : 0.6185"
"5,99 : 0.3946"
"99,5 : 0.3946"
"6,7 : 1.0481"
"7,6 : 1.0481"
"6,8 : 0.0707"
"8,6 : 0.0707"
"6,9 : 0.2693"
"9,6 : 0.2693"
"6,10 : 0.1749"
"10,6 : 0.1749"
"6,11 : 1.0046"
"11,6 : 1.0046"
"6,12 : 0.1712"
"12,6 : 0.1712"
"6,13 : 0.8095"
"13,6 : 0.8095"
"6,14 : 0.1612"
"14,6 : 0.1612"
"6,15 : 0.7806"
"15,6 : 0.7806"
"6,16 : 0.5247"
"16,6 : 0.5247"
"6,17 : 0.7018"
"17,6 : 0.7018"
"6,18 : 0.5984"
"18,6 : 0.5984"
"6,19 : 0.1315"
"19,6 : 0.1315"
"6,20 : 0.4569"
"20,6 : 0.4569"
"6,21 : 1.0406"
"21,6 : 1.0406"
"6,22 : 0.4438"
"22,6 : 0.4438"
"6,23 : 0.3705"
"23,6 : 0.3705"
"6,24 : 0.2693"
"24,6 : 0.2693"
"6,25 : 0.6264"
"25,6 : 0.6264"
"6,26 : 0.3338"
"26,6 : 0.3338"
"6,27 : 1.0161"
"27,6 : 1.0161"
"6,28 : 0.5803"
"28,6 : 0.5803"
"6,29 : 0.5946"
"29,6 : 0.5946"
"6,30 : 0.2121"
"30,6 : 0.2121"
"6,31 : 0.844"
"31,6 : 0.844"
"6,32 : 0.8127"
"32,6 : 0.8127"
"6,33 : 0.4219"
"33,6 : 0.4219"
"6,34 : 0.7524"
"34,6 : 0.7524"
"6,35 : 0.4669"
"35,6 : 0.4669"
"6,36 : 0.6562"
"36,6 : 0.6562"
"6,37 : 0.4904"
"37,6 : 0.4904"
"6,38 : 0.559"
"38,6 : 0.559"
"6,39 : 0.3662"
"39,6 : 0.3662"
"6,40 : 0.7284"
"40,6 : 0.7284"
"6,41 : 0.2025"
"41,6 : 0.2025"
"6,42 : 0.8927"
"42,6 : 0.8927"
"6,43 : 0.7111"
"43,6 : 0.7111"
"6,44 : 1.0294"
"44,6 : 1.0294"
"6,45 : 0.614"
"45,6 : 0.614"
"6,46 : 0.5818"
"46,6 : 0.5818"
"6,47 : 0.9513"
"47,6 : 0.9513"
"6,48 : 0.3081"
"48,6 : 0.3081"
"6,49 : 0.9862"
"49,6 : 0.9862"
"6,50 : 0.8053"
"50,6 : 0.8053"
"6,51 : 0.6538"
"51,6 : 0.6538"
"6,52 : 0.5814"
"52,6 : 0.5814"
"6,53 : 0.2267"
"53,6 : 0.2267"
"6,54 : 0.7159"
"54,6 : 0.7159"
"6,55 : 0.5673"
"55,6 : 0.5673"
"6,56 : 0.4601"
"56,6 : 0.4601"
"6,57 : 0.8705"
"57,6 : 0.8705"
"6,58 : 0.6168"
"58,6 : 0.6168"
"6,59 : 0.2163"
"59,6 : 0.2163"
"6,60 : 0.5247"
"60,6 : 0.5247"
"6,61 : 0.0141"
"61,6 : 0.0141"
"6,62 : 0.7708"
"62,6 : 0.7708"
"6,63 : 0.6544"
"63,6 : 0.6544"
"6,64 : 0.1523"
"64,6 : 0.1523"
"6,65 : 0.7"
"65,6 : 0.7"
"6,66 : 0.4604"
"66,6 : 0.4604"
"6,67 : 1.1183"
"67,6 : 1.1183"
"6,68 : 0.8052"
"68,6 : 0.8052"
"6,69 : 0.7169"
"69,6 : 0.7169"
"6,70 : 0.4909"
"70,6 : 0.4909"
"6,71 : 0.6332"
"71,6 : 0.6332"
"6,72 : 0.771"
"72,6 : 0.771"
"6,73 : 0.4206"
"73,6 : 0.4206"
"6,74 : 0.422"
"74,6 : 0.422"
"6,75 : 0.9981"
"75,6 : 0.9981"
"6,76 : 0.1581"
"76,6 : 0.1581"
"6,77 : 0.6791"
"77,6 : 0.6791"
"6,78 : 0.6401"
"78,6 : 0.6401"
"6,79 : 0.9179"
"79,6 : 0.9179"
"6,80 : 1.1"
"80,6 : 1.1"
"6,81 : 0.25"
"81,6 : 0.25"
"6,82 : 0.7245"
"82,6 : 0.7245"
"6,83 : 0.6103"
"83,6 : 0.6103"
"6,84 : 0.3081"
"84,6 : 0.3081"
"6,85 : 0.8301"
"85,6 : 0.8301"
"6,86 : 0.2"
"86,6 : 0.2"
"6,87 : 0.5749"
"87,6 : 0.5749"
"6,88 : 0.8659"
"88,6 : 0.8659"
"6,89 : 0.5994"
"89,6 : 0.5994"
"6,90 : 0.7"
"90,6 : 0.7"
"6,91 : 0.17"
"91,6 : 0.17"
"6,92 : 0.73"
"92,6 : 0.73"
"6,93 : 0.2088"
"93,6 : 0.2088"
"6,94 : 0.9176"
"94,6 : 0.9176"
"6,95 : 0.4177"
"95,6 : 0.4177"
"6,96 : 0.6748"
"96,6 : 0.6748"
"6,97 : 0.8184"
"97,6 : 0.8184"
"6,98 : 0.2402"
"98,6 : 0.2402"
"6,99 : 0.4571"
"99,6 : 0.4571"
"7,8 : 1.0"
"8,7 : 1.0"
"7,9 : 0.8497"
"9,7 : 0.8497"
"7,10 : 0.8746"
"10,7 : 0.8746"
"7,11 : 0.2786"
"11,7 : 0.2786"
"7,12 : 1.1455"
"12,7 : 1.1455"
"7,13 : 0.4669"
"13,7 : 0.4669"
"7,14 : 1.0821"
"14,7 : 1.0821"
"7,15 : 0.612"
"15,7 : 0.612"
"7,16 : 0.7694"
"16,7 : 0.7694"
"7,17 : 0.4528"
"17,7 : 0.4528"
"7,18 : 0.7317"
"18,7 : 0.7317"
"7,19 : 0.9913"
"19,7 : 0.9913"
"7,20 : 0.6862"
"20,7 : 0.6862"
"7,21 : 0.0849"
"21,7 : 0.0849"
"7,22 : 0.6989"
"22,7 : 0.6989"
"7,23 : 0.8045"
"23,7 : 0.8045"
"7,24 : 0.8061"
"24,7 : 0.8061"
"7,25 : 0.8516"
"25,7 : 0.8516"
"7,26 : 0.933"
"26,7 : 0.933"
"7,27 : 0.0412"
"27,7 : 0.0412"
"7,28 : 0.8521"
"28,7 : 0.8521"
"7,29 : 0.6351"
"29,7 : 0.6351"
"7,30 : 0.8698"
"30,7 : 0.8698"
"7,31 : 0.2052"
"31,7 : 0.2052"
"7,32 : 0.3712"
"32,7 : 0.3712"
"7,33 : 0.6712"
"33,7 : 0.6712"
"7,34 : 0.3677"
"34,7 : 0.3677"
"7,35 : 0.8095"
"35,7 : 0.8095"
"7,36 : 0.5787"
"36,7 : 0.5787"
"7,37 : 0.5982"
"37,7 : 0.5982"
"7,38 : 0.494"
"38,7 : 0.494"
"7,39 : 1.0017"
"39,7 : 1.0017"
"7,40 : 0.7244"
"40,7 : 0.7244"
"7,41 : 0.857"
"41,7 : 0.857"
"7,42 : 0.5731"
"42,7 : 0.5731"
"7,43 : 0.8728"
"43,7 : 0.8728"
"7,44 : 0.0447"
"44,7 : 0.0447"
"7,45 : 0.446"
"45,7 : 0.446"
"7,46 : 0.4817"
"46,7 : 0.4817"
"7,47 : 0.117"
"47,7 : 0.117"
"7,48 : 0.7783"
"48,7 : 0.7783"
"7,49 : 0.1414"
"49,7 : 0.1414"
"7,50 : 0.4982"
"50,7 : 0.4982"
"7,51 : 0.7325"
"51,7 : 0.7325"
"7,52 : 0.65"
"52,7 : 0.65"
"7,53 : 1.0576"
"53,7 : 1.0576"
"7,54 : 0.5301"
"54,7 : 0.5301"
"7,55 : 0.5057"
"55,7 : 0.5057"
"7,56 : 0.5908"
"56,7 : 0.5908"
"7,57 : 0.1965"
"57,7 : 0.1965"
"7,58 : 0.886"
"58,7 : 0.886"
"7,59 : 0.846"
"59,7 : 0.846"
"7,60 : 0.7694"
"60,7 : 0.7694"
"7,61 : 1.0341"
"61,7 : 1.0341"
"7,62 : 0.5346"
"62,7 : 0.5346"
"7,63 : 0.4397"
"63,7 : 0.4397"
"7,64 : 1.096"
"64,7 : 1.096"
"7,65 : 0.3483"
"65,7 : 0.3483"
"7,66 : 0.7566"
"66,7 : 0.7566"
"7,67 : 0.13"
"67,7 : 0.13"
"7,68 : 0.8415"
"68,7 : 0.8415"
"7,69 : 0.5504"
"69,7 : 0.5504"
"7,70 : 0.7513"
"70,7 : 0.7513"
"7,71 : 0.8393"
"71,7 : 0.8393"
"7,72 : 0.2915"
"72,7 : 0.2915"
"7,73 : 0.74"
"73,7 : 0.74"
"7,74 : 0.6263"
"74,7 : 0.6263"
"7,75 : 0.2435"
"75,7 : 0.2435"
"7,76 : 0.9003"
"76,7 : 0.9003"
"7,77 : 0.5092"
"77,7 : 0.5092"
"7,78 : 0.82"
"78,7 : 0.82"
"7,79 : 0.5261"
"79,7 : 0.5261"
"7,80 : 0.0539"
"80,7 : 0.0539"
"7,81 : 0.9231"
"81,7 : 0.9231"
"7,82 : 0.3672"
"82,7 : 0.3672"
"7,83 : 0.5"
"83,7 : 0.5"
"7,84 : 0.7403"
"84,7 : 0.7403"
"7,85 : 0.2193"
"85,7 : 0.2193"
"7,86 : 0.8481"
"86,7 : 0.8481"
"7,87 : 0.5771"
"87,7 : 0.5771"
"7,88 : 0.8501"
"88,7 : 0.8501"
"7,89 : 0.5609"
"89,7 : 0.5609"
"7,90 : 0.8322"
"90,7 : 0.8322"
"7,91 : 0.8959"
"91,7 : 0.8959"
"7,92 : 0.6478"
"92,7 : 0.6478"
"7,93 : 0.9418"
"93,7 : 0.9418"
"7,94 : 0.3833"
"94,7 : 0.3833"
"7,95 : 0.7845"
"95,7 : 0.7845"
"7,96 : 0.7506"
"96,7 : 0.7506"
"7,97 : 0.3612"
"97,7 : 0.3612"
"7,98 : 0.8631"
"98,7 : 0.8631"
"7,99 : 0.8141"
"99,7 : 0.8141"
"8,9 : 0.27"
"9,8 : 0.27"
"8,10 : 0.1281"
"10,8 : 0.1281"
"8,11 : 0.9443"
"11,8 : 0.9443"
"8,12 : 0.1676"
"12,8 : 0.1676"
"8,13 : 0.7892"
"13,8 : 0.7892"
"8,14 : 0.1304"
"14,8 : 0.1304"
"8,15 : 0.7111"
"15,8 : 0.7111"
"8,16 : 0.53"
"16,8 : 0.53"
"8,17 : 0.6754"
"17,8 : 0.6754"
"8,18 : 0.6007"
"18,8 : 0.6007"
"8,19 : 0.1664"
"19,8 : 0.1664"
"8,20 : 0.4438"
"20,8 : 0.4438"
"8,21 : 0.997"
"21,8 : 0.997"
"8,22 : 0.4317"
"22,8 : 0.4317"
"8,23 : 0.3002"
"23,8 : 0.3002"
"8,24 : 0.2062"
"24,8 : 0.2062"
"8,25 : 0.5566"
"25,8 : 0.5566"
"8,26 : 0.3606"
"26,8 : 0.3606"
"8,27 : 0.9667"
"27,8 : 0.9667"
"8,28 : 0.5968"
"28,8 : 0.5968"
"8,29 : 0.5846"
"29,8 : 0.5846"
"8,30 : 0.1456"
"30,8 : 0.1456"
"8,31 : 0.7951"
"31,8 : 0.7951"
"8,32 : 0.7839"
"32,8 : 0.7839"
"8,33 : 0.3992"
"33,8 : 0.3992"
"8,34 : 0.6932"
"34,8 : 0.6932"
"8,35 : 0.3962"
"35,8 : 0.3962"
"8,36 : 0.5886"
"36,8 : 0.5886"
"8,37 : 0.4295"
"37,8 : 0.4295"
"8,38 : 0.5174"
"38,8 : 0.5174"
"8,39 : 0.3048"
"39,8 : 0.3048"
"8,40 : 0.7311"
"40,8 : 0.7311"
"8,41 : 0.1442"
"41,8 : 0.1442"
"8,42 : 0.8239"
"42,8 : 0.8239"
"8,43 : 0.7284"
"43,8 : 0.7284"
"8,44 : 0.9835"
"44,8 : 0.9835"
"8,45 : 0.5604"
"45,8 : 0.5604"
"8,46 : 0.527"
"46,8 : 0.527"
"8,47 : 0.9"
"47,8 : 0.9"
"8,48 : 0.2435"
"48,8 : 0.2435"
"8,49 : 0.9319"
"49,8 : 0.9319"
"8,50 : 0.7877"
"50,8 : 0.7877"
"8,51 : 0.5831"
"51,8 : 0.5831"
"8,52 : 0.5124"
"52,8 : 0.5124"
"8,53 : 0.1789"
"53,8 : 0.1789"
"8,54 : 0.6989"
"54,8 : 0.6989"
"8,55 : 0.5325"
"55,8 : 0.5325"
"8,56 : 0.4187"
"56,8 : 0.4187"
"8,57 : 0.8276"
"57,8 : 0.8276"
"8,58 : 0.5478"
"58,8 : 0.5478"
"8,59 : 0.1965"
"59,8 : 0.1965"
"8,60 : 0.53"
"60,8 : 0.53"
"8,61 : 0.0632"
"61,8 : 0.0632"
"8,62 : 0.7558"
"62,8 : 0.7558"
"8,63 : 0.6213"
"63,8 : 0.6213"
"8,64 : 0.1304"
"64,8 : 0.1304"
"8,65 : 0.6519"
"65,8 : 0.6519"
"8,66 : 0.3901"
"66,8 : 0.3901"
"8,67 : 1.0651"
"67,8 : 1.0651"
"8,68 : 0.735"
"68,8 : 0.735"
"8,69 : 0.7021"
"69,8 : 0.7021"
"8,70 : 0.4205"
"70,8 : 0.4205"
"8,71 : 0.5632"
"71,8 : 0.5632"
"8,72 : 0.7292"
"72,8 : 0.7292"
"8,73 : 0.4144"
"73,8 : 0.4144"
"8,74 : 0.3748"
"74,8 : 0.3748"
"8,75 : 0.9391"
"75,8 : 0.9391"
"8,76 : 0.1"
"76,8 : 0.1"
"8,77 : 0.614"
"77,8 : 0.614"
"8,78 : 0.6528"
"78,8 : 0.6528"
"8,79 : 0.85"
"79,8 : 0.85"
"8,80 : 1.0512"
"80,8 : 1.0512"
"8,81 : 0.1803"
"81,8 : 0.1803"
"8,82 : 0.6673"
"82,8 : 0.6673"
"8,83 : 0.5818"
"83,8 : 0.5818"
"8,84 : 0.2617"
"84,8 : 0.2617"
"8,85 : 0.781"
"85,8 : 0.781"
"8,86 : 0.1581"
"86,8 : 0.1581"
"8,87 : 0.5096"
"87,8 : 0.5096"
"8,88 : 0.7956"
"88,8 : 0.7956"
"8,89 : 0.5794"
"89,8 : 0.5794"
"8,90 : 0.7134"
"90,8 : 0.7134"
"8,91 : 0.1603"
"91,8 : 0.1603"
"8,92 : 0.6601"
"92,8 : 0.6601"
"8,93 : 0.1393"
"93,8 : 0.1393"
"8,94 : 0.8538"
"94,8 : 0.8538"
"8,95 : 0.4201"
"95,8 : 0.4201"
"8,96 : 0.6801"
"96,8 : 0.6801"
"8,97 : 0.7889"
"97,8 : 0.7889"
"8,98 : 0.1712"
"98,8 : 0.1712"
"8,99 : 0.3864"
"99,8 : 0.3864"
"9,10 : 0.1879"
"10,9 : 0.1879"
"9,11 : 0.8683"
"11,9 : 0.8683"
"9,12 : 0.4329"
"12,9 : 0.4329"
"9,13 : 0.5492"
"13,9 : 0.5492"
"9,14 : 0.4001"
"14,9 : 0.4001"
"9,15 : 0.7463"
"15,9 : 0.7463"
"9,16 : 0.26"
"16,9 : 0.26"
"9,17 : 0.4528"
"17,9 : 0.4528"
"9,18 : 0.3314"
"18,9 : 0.3314"
"9,19 : 0.1581"
"19,9 : 0.1581"
"9,20 : 0.1942"
"20,9 : 0.1942"
"9,21 : 0.8268"
"21,9 : 0.8268"
"9,22 : 0.1803"
"22,9 : 0.1803"
"9,23 : 0.4104"
"23,9 : 0.4104"
"9,24 : 0.2687"
"24,9 : 0.2687"
"9,25 : 0.6888"
"25,9 : 0.6888"
"9,26 : 0.1389"
"26,9 : 0.1389"
"9,27 : 0.8235"
"27,9 : 0.8235"
"9,28 : 0.3324"
"28,9 : 0.3324"
"9,29 : 0.327"
"29,9 : 0.327"
"9,30 : 0.2693"
"30,9 : 0.2693"
"9,31 : 0.6555"
"31,9 : 0.6555"
"9,32 : 0.5659"
"32,9 : 0.5659"
"9,33 : 0.1803"
"33,9 : 0.1803"
"9,34 : 0.6213"
"34,9 : 0.6213"
"9,35 : 0.5174"
"35,9 : 0.5174"
"9,36 : 0.6044"
"36,9 : 0.6044"
"9,37 : 0.4002"
"37,9 : 0.4002"
"9,38 : 0.3606"
"38,9 : 0.3606"
"9,39 : 0.5233"
"39,9 : 0.5233"
"9,40 : 0.4617"
"40,9 : 0.4617"
"9,41 : 0.2247"
"41,9 : 0.2247"
"9,42 : 0.8417"
"42,9 : 0.8417"
"9,43 : 0.4632"
"43,9 : 0.4632"
"9,44 : 0.8237"
"44,9 : 0.8237"
"9,45 : 0.4627"
"45,9 : 0.4627"
"9,46 : 0.4405"
"46,9 : 0.4405"
"9,47 : 0.769"
"47,9 : 0.769"
"9,48 : 0.2983"
"48,9 : 0.2983"
"9,49 : 0.8161"
"49,9 : 0.8161"
"9,50 : 0.542"
"50,9 : 0.542"
"9,51 : 0.6673"
"51,9 : 0.6673"
"9,52 : 0.5554"
"52,9 : 0.5554"
"9,53 : 0.4374"
"53,9 : 0.4374"
"9,54 : 0.4528"
"54,9 : 0.4528"
"9,55 : 0.3448"
"55,9 : 0.3448"
"9,56 : 0.2746"
"56,9 : 0.2746"
"9,57 : 0.6586"
"57,9 : 0.6586"
"9,58 : 0.6935"
"58,9 : 0.6935"
"9,59 : 0.0943"
"59,9 : 0.0943"
"9,60 : 0.26"
"60,9 : 0.26"
"9,61 : 0.2571"
"61,9 : 0.2571"
"9,62 : 0.5054"
"62,9 : 0.5054"
"9,63 : 0.422"
"63,9 : 0.422"
"9,64 : 0.4001"
"64,9 : 0.4001"
"9,65 : 0.5155"
"65,9 : 0.5155"
"9,66 : 0.4801"
"66,9 : 0.4801"
"9,67 : 0.9398"
"67,9 : 0.9398"
"9,68 : 0.846"
"68,9 : 0.846"
"9,69 : 0.4518"
"69,9 : 0.4518"
"9,70 : 0.5104"
"70,9 : 0.5104"
"9,71 : 0.6903"
"71,9 : 0.6903"
"9,72 : 0.5595"
"72,9 : 0.5595"
"9,73 : 0.1523"
"73,9 : 0.1523"
"9,74 : 0.2702"
"74,9 : 0.2702"
"9,75 : 0.8533"
"75,9 : 0.8533"
"9,76 : 0.2247"
"76,9 : 0.2247"
"9,77 : 0.5984"
"77,9 : 0.5984"
"9,78 : 0.3847"
"78,9 : 0.3847"
"9,79 : 0.8516"
"79,9 : 0.8516"
"9,80 : 0.9034"
"80,9 : 0.9034"
"9,81 : 0.3712"
"81,9 : 0.3712"
"9,82 : 0.5831"
"82,9 : 0.5831"
"9,83 : 0.3688"
"83,9 : 0.3688"
"9,84 : 0.197"
"84,9 : 0.197"
"9,85 : 0.6426"
"85,9 : 0.6426"
"9,86 : 0.1664"
"86,9 : 0.1664"
"9,87 : 0.507"
"87,9 : 0.507"
"9,88 : 0.9021"
"88,9 : 0.9021"
"9,89 : 0.3421"
"89,9 : 0.3421"
"9,90 : 0.4455"
"90,9 : 0.4455"
"9,91 : 0.1105"
"91,9 : 0.1105"
"9,92 : 0.7094"
"92,9 : 0.7094"
"9,93 : 0.3454"
"93,9 : 0.3454"
"9,94 : 0.81"
"94,9 : 0.81"
"9,95 : 0.1503"
"95,9 : 0.1503"
"9,96 : 0.4101"
"96,9 : 0.4101"
"9,97 : 0.5728"
"97,9 : 0.5728"
"9,98 : 0.3023"
"98,9 : 0.3023"
"9,99 : 0.5099"
"99,9 : 0.5099"
"10,11 : 0.8322"
"11,10 : 0.8322"
"10,12 : 0.2907"
"12,10 : 0.2907"
"10,13 : 0.6673"
"13,10 : 0.6673"
"10,14 : 0.2404"
"14,10 : 0.2404"
"10,15 : 0.6329"
"15,10 : 0.6329"
"10,16 : 0.4374"
"16,10 : 0.4374"
"10,17 : 0.5504"
"17,10 : 0.5504"
"10,18 : 0.5025"
"18,10 : 0.5025"
"10,19 : 0.1746"
"19,10 : 0.1746"
"10,20 : 0.3314"
"20,10 : 0.3314"
"10,21 : 0.8698"
"21,10 : 0.8698"
"10,22 : 0.3206"
"22,10 : 0.3206"
"10,23 : 0.246"
"23,10 : 0.246"
"10,24 : 0.1118"
"24,10 : 0.1118"
"10,25 : 0.5248"
"25,10 : 0.5248"
"10,26 : 0.3124"
"26,10 : 0.3124"
"10,27 : 0.842"
"27,10 : 0.842"
"10,28 : 0.5187"
"28,10 : 0.5187"
"10,29 : 0.4727"
"29,10 : 0.4727"
"10,30 : 0.0849"
"30,10 : 0.0849"
"10,31 : 0.6701"
"31,10 : 0.6701"
"10,32 : 0.6576"
"32,10 : 0.6576"
"10,33 : 0.2789"
"33,10 : 0.2789"
"10,34 : 0.5794"
"34,10 : 0.5794"
"10,35 : 0.3536"
"35,10 : 0.3536"
"10,36 : 0.5"
"36,10 : 0.5"
"10,37 : 0.3202"
"37,10 : 0.3202"
"10,38 : 0.3895"
"38,10 : 0.3895"
"10,39 : 0.3354"
"39,10 : 0.3354"
"10,40 : 0.6313"
"40,10 : 0.6313"
"10,41 : 0.0447"
"41,10 : 0.0447"
"10,42 : 0.7403"
"42,10 : 0.7403"
"10,43 : 0.6485"
"43,10 : 0.6485"
"10,44 : 0.857"
"44,10 : 0.857"
"10,45 : 0.4391"
"45,10 : 0.4391"
"10,46 : 0.4071"
"46,10 : 0.4071"
"10,47 : 0.7767"
"47,10 : 0.7767"
"10,48 : 0.1513"
"48,10 : 0.1513"
"10,49 : 0.8112"
"49,10 : 0.8112"
"10,50 : 0.6676"
"50,10 : 0.6676"
"10,51 : 0.525"
"51,10 : 0.525"
"10,52 : 0.4329"
"52,10 : 0.4329"
"10,53 : 0.26"
"53,10 : 0.26"
"10,54 : 0.5797"
"54,10 : 0.5797"
"10,55 : 0.405"
"55,10 : 0.405"
"10,56 : 0.2907"
"56,10 : 0.2907"
"10,57 : 0.7001"
"57,10 : 0.7001"
"10,58 : 0.5243"
"58,10 : 0.5243"
"10,59 : 0.0949"
"59,10 : 0.0949"
"10,60 : 0.4374"
"60,10 : 0.4374"
"10,61 : 0.1612"
"61,10 : 0.1612"
"10,62 : 0.6379"
"62,10 : 0.6379"
"10,63 : 0.494"
"63,10 : 0.494"
"10,64 : 0.247"
"64,10 : 0.247"
"10,65 : 0.5263"
"65,10 : 0.5263"
"10,66 : 0.3289"
"66,10 : 0.3289"
"10,67 : 0.9434"
"67,10 : 0.9434"
"10,68 : 0.6935"
"68,10 : 0.6935"
"10,69 : 0.5846"
"69,10 : 0.5846"
"10,70 : 0.3606"
"70,10 : 0.3606"
"10,71 : 0.5284"
"71,10 : 0.5284"
"10,72 : 0.6014"
"72,10 : 0.6014"
"10,73 : 0.3106"
"73,10 : 0.3106"
"10,74 : 0.2484"
"74,10 : 0.2484"
"10,75 : 0.8246"
"75,10 : 0.8246"
"10,76 : 0.04"
"76,10 : 0.04"
"10,77 : 0.5148"
"77,10 : 0.5148"
"10,78 : 0.5675"
"78,10 : 0.5675"
"10,79 : 0.7606"
"79,10 : 0.7606"
"10,80 : 0.9262"
"80,10 : 0.9262"
"10,81 : 0.1836"
"81,10 : 0.1836"
"10,82 : 0.5504"
"82,10 : 0.5504"
"10,83 : 0.4562"
"83,10 : 0.4562"
"10,84 : 0.1345"
"84,10 : 0.1345"
"10,85 : 0.656"
"85,10 : 0.656"
"10,86 : 0.0316"
"86,10 : 0.0316"
"10,87 : 0.4119"
"87,10 : 0.4119"
"10,88 : 0.7524"
"88,10 : 0.7524"
"10,89 : 0.4588"
"89,10 : 0.4588"
"10,90 : 0.6282"
"90,10 : 0.6282"
"10,91 : 0.0922"
"91,10 : 0.0922"
"10,92 : 0.5869"
"92,10 : 0.5869"
"10,93 : 0.1581"
"93,10 : 0.1581"
"10,94 : 0.7495"
"94,10 : 0.7495"
"10,95 : 0.3276"
"95,10 : 0.3276"
"10,96 : 0.5842"
"96,10 : 0.5842"
"10,97 : 0.6624"
"97,10 : 0.6624"
"10,98 : 0.1204"
"98,10 : 0.1204"
"10,99 : 0.3448"
"99,10 : 0.3448"
"11,12 : 1.0633"
"12,11 : 1.0633"
"11,13 : 0.6551"
"13,11 : 0.6551"
"11,14 : 0.9964"
"14,11 : 0.9964"
"11,15 : 0.3808"
"15,11 : 0.3808"
"11,16 : 0.8713"
"16,11 : 0.8713"
"11,17 : 0.5887"
"17,11 : 0.5887"
"11,18 : 0.8562"
"18,11 : 0.8562"
"11,19 : 0.9823"
"19,11 : 0.9823"
"11,20 : 0.7511"
"20,11 : 0.7511"
"11,21 : 0.3578"
"21,11 : 0.3578"
"11,22 : 0.7606"
"22,11 : 0.7606"
"11,23 : 0.6882"
"23,11 : 0.6882"
"11,24 : 0.7382"
"24,11 : 0.7382"
"11,25 : 0.65"
"25,11 : 0.65"
"11,26 : 0.9813"
"26,11 : 0.9813"
"11,27 : 0.246"
"27,11 : 0.246"
"11,28 : 0.9708"
"28,11 : 0.9708"
"11,29 : 0.7519"
"29,11 : 0.7519"
"11,30 : 0.8006"
"30,11 : 0.8006"
"11,31 : 0.2773"
"31,11 : 0.2773"
"11,32 : 0.5523"
"32,11 : 0.5523"
"11,33 : 0.7103"
"33,11 : 0.7103"
"11,34 : 0.253"
"34,11 : 0.253"
"11,35 : 0.6576"
"35,11 : 0.6576"
"11,36 : 0.4031"
"36,11 : 0.4031"
"11,37 : 0.5148"
"37,11 : 0.5148"
"11,38 : 0.52"
"38,11 : 0.52"
"11,39 : 0.8631"
"39,11 : 0.8631"
"11,40 : 0.8877"
"40,11 : 0.8877"
"11,41 : 0.8023"
"41,11 : 0.8023"
"11,42 : 0.3126"
"42,11 : 0.3126"
"11,43 : 1.0246"
"43,11 : 1.0246"
"11,44 : 0.313"
"44,11 : 0.313"
"11,45 : 0.4061"
"45,11 : 0.4061"
"11,46 : 0.4317"
"46,11 : 0.4317"
"11,47 : 0.2052"
"47,11 : 0.2052"
"11,48 : 0.7021"
"48,11 : 0.7021"
"11,49 : 0.1442"
"49,11 : 0.1442"
"11,50 : 0.686"
"50,11 : 0.686"
"11,51 : 0.53"
"51,11 : 0.53"
"11,52 : 0.488"
"52,11 : 0.488"
"11,53 : 0.9544"
"53,11 : 0.9544"
"11,54 : 0.6854"
"54,11 : 0.6854"
"11,55 : 0.5622"
"55,11 : 0.5622"
"11,56 : 0.5941"
"56,11 : 0.5941"
"11,57 : 0.3581"
"57,11 : 0.3581"
"11,58 : 0.686"
"58,11 : 0.686"
"11,59 : 0.8343"
"59,11 : 0.8343"
"11,60 : 0.8713"
"60,11 : 0.8713"
"11,61 : 0.9916"
"61,11 : 0.9916"
"11,62 : 0.7112"
"62,11 : 0.7112"
"11,63 : 0.536"
"63,11 : 0.536"
"11,64 : 1.0136"
"64,11 : 1.0136"
"11,65 : 0.3722"
"65,11 : 0.3722"
"11,66 : 0.6172"
"66,11 : 0.6172"
"11,67 : 0.211"
"67,11 : 0.211"
"11,68 : 0.5991"
"68,11 : 0.5991"
"11,69 : 0.7077"
"69,11 : 0.7077"
"11,70 : 0.6014"
"70,11 : 0.6014"
"11,71 : 0.6363"
"71,11 : 0.6363"
"11,72 : 0.3992"
"72,11 : 0.3992"
"11,73 : 0.8002"
"73,11 : 0.8002"
"11,74 : 0.6042"
"74,11 : 0.6042"
"11,75 : 0.0361"
"75,11 : 0.0361"
"11,76 : 0.8469"
"76,11 : 0.8469"
"11,77 : 0.3483"
"77,11 : 0.3483"
"11,78 : 0.956"
"78,11 : 0.956"
"11,79 : 0.2608"
"79,11 : 0.2608"
"11,80 : 0.2844"
"80,11 : 0.2844"
"11,81 : 0.8238"
"81,11 : 0.8238"
"11,82 : 0.2864"
"82,11 : 0.2864"
"11,83 : 0.5923"
"83,11 : 0.5923"
"11,84 : 0.7088"
"84,11 : 0.7088"
"11,85 : 0.2823"
"85,11 : 0.2823"
"11,86 : 0.8127"
"86,11 : 0.8127"
"11,87 : 0.4465"
"87,11 : 0.4465"
"11,88 : 0.5968"
"88,11 : 0.5968"
"11,89 : 0.6671"
"89,11 : 0.6671"
"11,90 : 0.9835"
"90,11 : 0.9835"
"11,91 : 0.8806"
"91,11 : 0.8806"
"11,92 : 0.4294"
"92,11 : 0.4294"
"11,93 : 0.8523"
"93,11 : 0.8523"
"11,94 : 0.13"
"94,11 : 0.13"
"11,95 : 0.8505"
"95,11 : 0.8505"
"11,96 : 0.8981"
"96,11 : 0.8981"
"11,97 : 0.5438"
"97,11 : 0.5438"
"11,98 : 0.7829"
"98,11 : 0.7829"
"11,99 : 0.6648"
"99,11 : 0.6648"
"12,13 : 0.9563"
"13,12 : 0.9563"
"12,14 : 0.0671"
"14,12 : 0.0671"
"12,15 : 0.7859"
"15,12 : 0.7859"
"12,16 : 0.6918"
"16,12 : 0.6918"
"12,17 : 0.841"
"17,12 : 0.841"
"12,18 : 0.7642"
"18,12 : 0.7642"
"12,19 : 0.3027"
"19,12 : 0.3027"
"12,20 : 0.6113"
"20,12 : 0.6113"
"12,21 : 1.1487"
"21,12 : 1.1487"
"12,22 : 0.5991"
"22,12 : 0.5991"
"12,23 : 0.3808"
"23,12 : 0.3808"
"12,24 : 0.3394"
"24,12 : 0.3394"
"12,25 : 0.5801"
"25,12 : 0.5801"
"12,26 : 0.5049"
"26,12 : 0.5049"
"12,27 : 1.1104"
"27,12 : 1.1104"
"12,28 : 0.7511"
"28,12 : 0.7511"
"12,29 : 0.7519"
"29,12 : 0.7519"
"12,30 : 0.2759"
"30,12 : 0.2759"
"12,31 : 0.9405"
"31,12 : 0.9405"
"12,32 : 0.9483"
"32,12 : 0.9483"
"12,33 : 0.5665"
"33,12 : 0.5665"
"12,34 : 0.8184"
"34,12 : 0.8184"
"12,35 : 0.4491"
"35,12 : 0.4491"
"12,36 : 0.6815"
"36,12 : 0.6815"
"12,37 : 0.5561"
"37,12 : 0.5561"
"12,38 : 0.6742"
"38,12 : 0.6742"
"12,39 : 0.2828"
"39,12 : 0.2828"
"12,40 : 0.8945"
"40,12 : 0.8945"
"12,41 : 0.2941"
"41,12 : 0.2941"
"12,42 : 0.9025"
"42,12 : 0.9025"
"12,43 : 0.882"
"43,12 : 0.882"
"12,44 : 1.1322"
"44,12 : 1.1322"
"12,45 : 0.7004"
"45,12 : 0.7004"
"12,46 : 0.6653"
"46,12 : 0.6653"
"12,47 : 1.0406"
"47,12 : 1.0406"
"12,48 : 0.3688"
"48,12 : 0.3688"
"12,49 : 1.0667"
"49,12 : 1.0667"
"12,50 : 0.9552"
"50,12 : 0.9552"
"12,51 : 0.6379"
"51,12 : 0.6379"
"12,52 : 0.5981"
"52,12 : 0.5981"
"12,53 : 0.13"
"53,12 : 0.13"
"12,54 : 0.8665"
"54,12 : 0.8665"
"12,55 : 0.6946"
"55,12 : 0.6946"
"12,56 : 0.5769"
"56,12 : 0.5769"
"12,57 : 0.9808"
"57,12 : 0.9808"
"12,58 : 0.5614"
"58,12 : 0.5614"
"12,59 : 0.364"
"59,12 : 0.364"
"12,60 : 0.6918"
"60,12 : 0.6918"
"12,61 : 0.1803"
"61,12 : 0.1803"
"12,62 : 0.9235"
"62,12 : 0.9235"
"12,63 : 0.7839"
"63,12 : 0.7839"
"12,64 : 0.05"
"64,12 : 0.05"
"12,65 : 0.7998"
"65,12 : 0.7998"
"12,66 : 0.4649"
"66,12 : 0.4649"
"12,67 : 1.201"
"67,12 : 1.201"
"12,68 : 0.7606"
"68,12 : 0.7606"
"12,69 : 0.8698"
"69,12 : 0.8698"
"12,70 : 0.4904"
"70,12 : 0.4904"
"12,71 : 0.59"
"71,12 : 0.59"
"12,72 : 0.8841"
"72,12 : 0.8841"
"12,73 : 0.5805"
"73,12 : 0.5805"
"12,74 : 0.528"
"74,12 : 0.528"
"12,75 : 1.0623"
"75,12 : 1.0623"
"12,76 : 0.2555"
"76,12 : 0.2555"
"12,77 : 0.7201"
"77,12 : 0.7201"
"12,78 : 0.8101"
"78,12 : 0.8101"
"12,79 : 0.9361"
"79,12 : 0.9361"
"12,80 : 1.1952"
"80,12 : 1.1952"
"12,81 : 0.2417"
"81,12 : 0.2417"
"12,82 : 0.7981"
"82,12 : 0.7981"
"12,83 : 0.7469"
"83,12 : 0.7469"
"12,84 : 0.4188"
"84,12 : 0.4188"
"12,85 : 0.9263"
"85,12 : 0.9263"
"12,86 : 0.322"
"86,12 : 0.322"
"12,87 : 0.6177"
"87,12 : 0.6177"
"12,88 : 0.821"
"88,12 : 0.821"
"12,89 : 0.7467"
"89,12 : 0.7467"
"12,90 : 0.8702"
"90,12 : 0.8702"
"12,91 : 0.3256"
"91,12 : 0.3256"
"12,92 : 0.7301"
"92,12 : 0.7301"
"12,93 : 0.211"
"93,12 : 0.211"
"12,94 : 0.9615"
"94,12 : 0.9615"
"12,95 : 0.5831"
"95,12 : 0.5831"
"12,96 : 0.8421"
"96,12 : 0.8421"
"12,97 : 0.9529"
"97,12 : 0.9529"
"12,98 : 0.2843"
"98,12 : 0.2843"
"12,99 : 0.4393"
"99,12 : 0.4393"
"13,14 : 0.9076"
"14,13 : 0.9076"
"13,15 : 0.8026"
"15,13 : 0.8026"
"13,16 : 0.3606"
"16,13 : 0.3606"
"13,17 : 0.1304"
"17,13 : 0.1304"
"13,18 : 0.2997"
"18,13 : 0.2997"
"13,19 : 0.7072"
"19,13 : 0.7072"
"13,20 : 0.3551"
"20,13 : 0.3551"
"13,21 : 0.4005"
"21,13 : 0.4005"
"13,22 : 0.3689"
"22,13 : 0.3689"
"13,23 : 0.74"
