x,y
0.87,0.89
0.05,0.3
0.19,0.09
0.13,0.51
0.36,0.36
0.11,0.4
0.18,0.64
0.32,0.56
0.93,0.63
0.08,0.85
0.14,0.48
0.18,0.07
0.56,0.52
0.75,0.36
0.22,0.23
0.11,0.6
0.36,0.6
0.51,0.92
0.66,0.7
0.26,0.65
0.01,0.83
0.27,0.3
0.28,0.61
0.04,0.37
0.78,0.47
0.39,0.08
0.23,0.97
0.75,0.19
0.33,0.61
0.76,0.85
0.11,0.32
0.51,0.64
0.01,0.36
0.55,0.67
0.48,0.47
0.31,0.9
0.25,0.8
0.89,0.09
0.34,0.88
0.53,0.38
0.08,0.5
0.88,0.67
0.34,0.01
0.72,0.12
0.26,0.29
0.8,0.34
0.83,0.83
0.49,0.25
0.5,0.29
0.23,0.21
0.43,0.24
0.2,0.69
0.71,0.75
0.64,0.17
0.07,0.57
0.38,0.05
0.36,0.47
0.82,0.96
0.27,0.14
0.47,0.42
0.42,0.51
0.63,0.55
0.82,0.15
0.67,0.31
0.2,0.2
0.72,0.04
0.06,0.16
0.2,0.66
0.5,0.71
0.69,0.44
0.87,0.69
0.52,0.2
0.31,0.12
0.46,0.05
0.12,0.37
0.55,0.5
1.0,0.88
0.53,0.5
0.73,0.11
0.78,0.9
0.9,0.64
0.06,0.27
0.28,0.8
0.62,0.91
0.29,0.11
0.36,0.08
0.88,0.76
0.76,0.36
0.7,0.17
0.63,0.31
0.81,0.78
0.56,0.02
0.28,0.18
0.05,0.28
0.97,0.63
0.39,0.81
0.6,0.38
0.15,0.85
0.97,0.06
0.64,0.52

Distanze
"0,1 : 1.0102"
"1,0 : 1.0102"
"0,2 : 1.05"
"2,0 : 1.05"
"0,3 : 0.8319"
"3,0 : 0.8319"
"0,4 : 0.7355"
"4,0 : 0.7355"
"0,5 : 0.9043"
"5,0 : 0.9043"
"0,6 : 0.7339"
"6,0 : 0.7339"
"0,7 : 0.6414"
"7,0 : 0.6414"
"0,8 : 0.2668"
"8,0 : 0.2668"
"0,9 : 0.791"
"9,0 : 0.791"
"0,10 : 0.8373"
"10,0 : 0.8373"
"0,11 : 1.0717"
"11,0 : 1.0717"
"0,12 : 0.4827"
"12,0 : 0.4827"
"0,13 : 0.5434"
"13,0 : 0.5434"
"0,14 : 0.9263"
"14,0 : 0.9263"
"0,15 : 0.8134"
"15,0 : 0.8134"
"0,16 : 0.5867"
"16,0 : 0.5867"
"0,17 : 0.3612"
"17,0 : 0.3612"
"0,18 : 0.2832"
"18,0 : 0.2832"
"0,19 : 0.6555"
"19,0 : 0.6555"
"0,20 : 0.8621"
"20,0 : 0.8621"
"0,21 : 0.8415"
"21,0 : 0.8415"
"0,22 : 0.6531"
"22,0 : 0.6531"
"0,23 : 0.9794"
"23,0 : 0.9794"
"0,24 : 0.4295"
"24,0 : 0.4295"
"0,25 : 0.9415"
"25,0 : 0.9415"
"0,26 : 0.645"
"26,0 : 0.645"
"0,27 : 0.7102"
"27,0 : 0.7102"
"0,28 : 0.6083"
"28,0 : 0.6083"
"0,29 : 0.117"
"29,0 : 0.117"
"0,30 : 0.95"
"30,0 : 0.95"
"0,31 : 0.4383"
"31,0 : 0.4383"
"0,32 : 1.0102"
"32,0 : 1.0102"
"0,33 : 0.3883"
"33,0 : 0.3883"
"0,34 : 0.5731"
"34,0 : 0.5731"
"0,35 : 0.5601"
"35,0 : 0.5601"
"0,36 : 0.6265"
"36,0 : 0.6265"
"0,37 : 0.8002"
"37,0 : 0.8002"
"0,38 : 0.5301"
"38,0 : 0.5301"
"0,39 : 0.6129"
"39,0 : 0.6129"
"0,40 : 0.881"
"40,0 : 0.881"
"0,41 : 0.2202"
"41,0 : 0.2202"
"0,42 : 1.0273"
"42,0 : 1.0273"
"0,43 : 0.7845"
"43,0 : 0.7845"
"0,44 : 0.8556"
"44,0 : 0.8556"
"0,45 : 0.5544"
"45,0 : 0.5544"
"0,46 : 0.0721"
"46,0 : 0.0721"
"0,47 : 0.7443"
"47,0 : 0.7443"
"0,48 : 0.7049"
"48,0 : 0.7049"
"0,49 : 0.9338"
"49,0 : 0.9338"
"0,50 : 0.7849"
"50,0 : 0.7849"
"0,51 : 0.6992"
"51,0 : 0.6992"
"0,52 : 0.2126"
"52,0 : 0.2126"
"0,53 : 0.7558"
"53,0 : 0.7558"
"0,54 : 0.8616"
"54,0 : 0.8616"
"0,55 : 0.9725"
"55,0 : 0.9725"
"0,56 : 0.6607"
"56,0 : 0.6607"
"0,57 : 0.086"
"57,0 : 0.086"
"0,58 : 0.9605"
"58,0 : 0.9605"
"0,59 : 0.6172"
"59,0 : 0.6172"
"0,60 : 0.589"
"60,0 : 0.589"
"0,61 : 0.4162"
"61,0 : 0.4162"
"0,62 : 0.7417"
"62,0 : 0.7417"
"0,63 : 0.6135"
"63,0 : 0.6135"
"0,64 : 0.9618"
"64,0 : 0.9618"
"0,65 : 0.8631"
"65,0 : 0.8631"
"0,66 : 1.0904"
"66,0 : 1.0904"
"0,67 : 0.7084"
"67,0 : 0.7084"
"0,68 : 0.4115"
"68,0 : 0.4115"
"0,69 : 0.4847"
"69,0 : 0.4847"
"0,70 : 0.2"
"70,0 : 0.2"
"0,71 : 0.7737"
"71,0 : 0.7737"
"0,72 : 0.9521"
"72,0 : 0.9521"
"0,73 : 0.9347"
"73,0 : 0.9347"
"0,74 : 0.9126"
"74,0 : 0.9126"
"0,75 : 0.5045"
"75,0 : 0.5045"
"0,76 : 0.1304"
"76,0 : 0.1304"
"0,77 : 0.5174"
"77,0 : 0.5174"
"0,78 : 0.7925"
"78,0 : 0.7925"
"0,79 : 0.0906"
"79,0 : 0.0906"
"0,80 : 0.2518"
"80,0 : 0.2518"
"0,81 : 1.02"
"81,0 : 1.02"
"0,82 : 0.5968"
"82,0 : 0.5968"
"0,83 : 0.2508"
"83,0 : 0.2508"
"0,84 : 0.972"
"84,0 : 0.972"
"0,85 : 0.9572"
"85,0 : 0.9572"
"0,86 : 0.1304"
"86,0 : 0.1304"
"0,87 : 0.5413"
"87,0 : 0.5413"
"0,88 : 0.7398"
"88,0 : 0.7398"
"0,89 : 0.6277"
"89,0 : 0.6277"
"0,90 : 0.1253"
"90,0 : 0.1253"
"0,91 : 0.9236"
"91,0 : 0.9236"
"0,92 : 0.9231"
"92,0 : 0.9231"
"0,93 : 1.022"
"93,0 : 1.022"
"0,94 : 0.2786"
"94,0 : 0.2786"
"0,95 : 0.4866"
"95,0 : 0.4866"
"0,96 : 0.5771"
"96,0 : 0.5771"
"0,97 : 0.7211"
"97,0 : 0.7211"
"0,98 : 0.836"
"98,0 : 0.836"
"0,99 : 0.4357"
"99,0 : 0.4357"
"1,2 : 0.2524"
"2,1 : 0.2524"
"1,3 : 0.2247"
"3,1 : 0.2247"
"1,4 : 0.3158"
"4,1 : 0.3158"
"1,5 : 0.1166"
"5,1 : 0.1166"
"1,6 : 0.364"
"6,1 : 0.364"
"1,7 : 0.3748"
"7,1 : 0.3748"
"1,8 : 0.9398"
"8,1 : 0.9398"
"1,9 : 0.5508"
"9,1 : 0.5508"
"1,10 : 0.2012"
"10,1 : 0.2012"
"1,11 : 0.2642"
"11,1 : 0.2642"
"1,12 : 0.5554"
"12,1 : 0.5554"
"1,13 : 0.7026"
"13,1 : 0.7026"
"1,14 : 0.1838"
"14,1 : 0.1838"
"1,15 : 0.3059"
"15,1 : 0.3059"
"1,16 : 0.4314"
"16,1 : 0.4314"
"1,17 : 0.772"
"17,1 : 0.772"
"1,18 : 0.7295"
"18,1 : 0.7295"
"1,19 : 0.4082"
"19,1 : 0.4082"
"1,20 : 0.5315"
"20,1 : 0.5315"
"1,21 : 0.22"
"21,1 : 0.22"
"1,22 : 0.386"
"22,1 : 0.386"
"1,23 : 0.0707"
"23,1 : 0.0707"
"1,24 : 0.7495"
"24,1 : 0.7495"
"1,25 : 0.405"
"25,1 : 0.405"
"1,26 : 0.6938"
"26,1 : 0.6938"
"1,27 : 0.7086"
"27,1 : 0.7086"
"1,28 : 0.4177"
"28,1 : 0.4177"
"1,29 : 0.8981"
"29,1 : 0.8981"
"1,30 : 0.0632"
"30,1 : 0.0632"
"1,31 : 0.572"
"31,1 : 0.572"
"1,32 : 0.0721"
"32,1 : 0.0721"
"1,33 : 0.622"
"33,1 : 0.622"
"1,34 : 0.4624"
"34,1 : 0.4624"
"1,35 : 0.6539"
"35,1 : 0.6539"
"1,36 : 0.5385"
"36,1 : 0.5385"
"1,37 : 0.8659"
"37,1 : 0.8659"
"1,38 : 0.6485"
"38,1 : 0.6485"
"1,39 : 0.4866"
"39,1 : 0.4866"
"1,40 : 0.2022"
"40,1 : 0.2022"
"1,41 : 0.9087"
"41,1 : 0.9087"
"1,42 : 0.4101"
"42,1 : 0.4101"
"1,43 : 0.6938"
"43,1 : 0.6938"
"1,44 : 0.2102"
"44,1 : 0.2102"
"1,45 : 0.7511"
"45,1 : 0.7511"
"1,46 : 0.943"
"46,1 : 0.943"
"1,47 : 0.4428"
"47,1 : 0.4428"
"1,48 : 0.4501"
"48,1 : 0.4501"
"1,49 : 0.2012"
"49,1 : 0.2012"
"1,50 : 0.3847"
"50,1 : 0.3847"
"1,51 : 0.4179"
"51,1 : 0.4179"
"1,52 : 0.7988"
"52,1 : 0.7988"
"1,53 : 0.6042"
"53,1 : 0.6042"
"1,54 : 0.2707"
"54,1 : 0.2707"
"1,55 : 0.414"
"55,1 : 0.414"
"1,56 : 0.3536"
"56,1 : 0.3536"
"1,57 : 1.0141"
"57,1 : 1.0141"
"1,58 : 0.272"
"58,1 : 0.272"
"1,59 : 0.4368"
"59,1 : 0.4368"
"1,60 : 0.4254"
"60,1 : 0.4254"
"1,61 : 0.6316"
"61,1 : 0.6316"
"1,62 : 0.7845"
"62,1 : 0.7845"
"1,63 : 0.6201"
"63,1 : 0.6201"
"1,64 : 0.1803"
"64,1 : 0.1803"
"1,65 : 0.7187"
"65,1 : 0.7187"
"1,66 : 0.1404"
"66,1 : 0.1404"
"1,67 : 0.39"
"67,1 : 0.39"
"1,68 : 0.6088"
"68,1 : 0.6088"
"1,69 : 0.6551"
"69,1 : 0.6551"
"1,70 : 0.908"
"70,1 : 0.908"
"1,71 : 0.4805"
"71,1 : 0.4805"
"1,72 : 0.3162"
"72,1 : 0.3162"
"1,73 : 0.4802"
"73,1 : 0.4802"
"1,74 : 0.099"
"74,1 : 0.099"
"1,75 : 0.5385"
"75,1 : 0.5385"
"1,76 : 1.1131"
"76,1 : 1.1131"
"1,77 : 0.52"
"77,1 : 0.52"
"1,78 : 0.706"
"78,1 : 0.706"
"1,79 : 0.9449"
"79,1 : 0.9449"
"1,80 : 0.9155"
"80,1 : 0.9155"
"1,81 : 0.0316"
"81,1 : 0.0316"
"1,82 : 0.5504"
"82,1 : 0.5504"
"1,83 : 0.8349"
"83,1 : 0.8349"
"1,84 : 0.3061"
"84,1 : 0.3061"
"1,85 : 0.3801"
"85,1 : 0.3801"
"1,86 : 0.9489"
"86,1 : 0.9489"
"1,87 : 0.7125"
"87,1 : 0.7125"
"1,88 : 0.6629"
"88,1 : 0.6629"
"1,89 : 0.5801"
"89,1 : 0.5801"
"1,90 : 0.8989"
"90,1 : 0.8989"
"1,91 : 0.5818"
"91,1 : 0.5818"
"1,92 : 0.2594"
"92,1 : 0.2594"
"1,93 : 0.02"
"93,1 : 0.02"
"1,94 : 0.9774"
"94,1 : 0.9774"
"1,95 : 0.6129"
"95,1 : 0.6129"
"1,96 : 0.5558"
"96,1 : 0.5558"
"1,97 : 0.559"
"97,1 : 0.559"
"1,98 : 0.9508"
"98,1 : 0.9508"
"1,99 : 0.6297"
"99,1 : 0.6297"
"2,3 : 0.4243"
"3,2 : 0.4243"
"2,4 : 0.3191"
"4,2 : 0.3191"
"2,5 : 0.3202"
"5,2 : 0.3202"
"2,6 : 0.5501"
"6,2 : 0.5501"
"2,7 : 0.4876"
"7,2 : 0.4876"
"2,8 : 0.9161"
"8,2 : 0.9161"
"2,9 : 0.7679"
"9,2 : 0.7679"
"2,10 : 0.3932"
"10,2 : 0.3932"
"2,11 : 0.0224"
"11,2 : 0.0224"
"2,12 : 0.5673"
"12,2 : 0.5673"
"2,13 : 0.6217"
"13,2 : 0.6217"
"2,14 : 0.1432"
"14,2 : 0.1432"
"2,15 : 0.5162"
"15,2 : 0.5162"
"2,16 : 0.5376"
"16,2 : 0.5376"
"2,17 : 0.8896"
"17,2 : 0.8896"
"2,18 : 0.7701"
"18,2 : 0.7701"
"2,19 : 0.5644"
"19,2 : 0.5644"
"2,20 : 0.7616"
"20,2 : 0.7616"
"2,21 : 0.2247"
"21,2 : 0.2247"
"2,22 : 0.5277"
"22,2 : 0.5277"
"2,23 : 0.3176"
"23,2 : 0.3176"
"2,24 : 0.7018"
"24,2 : 0.7018"
"2,25 : 0.2002"
"25,2 : 0.2002"
"2,26 : 0.8809"
"26,2 : 0.8809"
"2,27 : 0.5689"
"27,2 : 0.5689"
"2,28 : 0.5385"
"28,2 : 0.5385"
"2,29 : 0.95"
"29,2 : 0.95"
"2,30 : 0.2435"
"30,2 : 0.2435"
"2,31 : 0.6363"
"31,2 : 0.6363"
"2,32 : 0.3245"
"32,2 : 0.3245"
"2,33 : 0.6826"
"33,2 : 0.6826"
"2,34 : 0.478"
"34,2 : 0.478"
"2,35 : 0.8188"
"35,2 : 0.8188"
"2,36 : 0.7125"
"36,2 : 0.7125"
"2,37 : 0.7"
"37,2 : 0.7"
"2,38 : 0.8041"
"38,2 : 0.8041"
"2,39 : 0.4469"
"39,2 : 0.4469"
"2,40 : 0.4245"
"40,2 : 0.4245"
"2,41 : 0.9014"
"41,2 : 0.9014"
"2,42 : 0.17"
"42,2 : 0.17"
"2,43 : 0.5308"
"43,2 : 0.5308"
"2,44 : 0.2119"
"44,2 : 0.2119"
"2,45 : 0.6592"
"45,2 : 0.6592"
"2,46 : 0.9784"
"46,2 : 0.9784"
"2,47 : 0.34"
"47,2 : 0.34"
"2,48 : 0.3689"
"48,2 : 0.3689"
"2,49 : 0.1265"
"49,2 : 0.1265"
"2,50 : 0.283"
"50,2 : 0.283"
"2,51 : 0.6001"
"51,2 : 0.6001"
"2,52 : 0.8402"
"52,2 : 0.8402"
"2,53 : 0.4571"
"53,2 : 0.4571"
"2,54 : 0.4948"
"54,2 : 0.4948"
"2,55 : 0.1942"
"55,2 : 0.1942"
"2,56 : 0.4163"
"56,2 : 0.4163"
"2,57 : 1.0742"
"57,2 : 1.0742"
"2,58 : 0.0943"
"58,2 : 0.0943"
"2,59 : 0.4328"
"59,2 : 0.4328"
"2,60 : 0.4789"
"60,2 : 0.4789"
"2,61 : 0.6366"
"61,2 : 0.6366"
"2,62 : 0.6329"
"62,2 : 0.6329"
"2,63 : 0.528"
"63,2 : 0.528"
"2,64 : 0.1105"
"64,2 : 0.1105"
"2,65 : 0.5324"
"65,2 : 0.5324"
"2,66 : 0.1476"
"66,2 : 0.1476"
"2,67 : 0.5701"
"67,2 : 0.5701"
"2,68 : 0.6932"
"68,2 : 0.6932"
"2,69 : 0.6103"
"69,2 : 0.6103"
"2,70 : 0.9069"
"70,2 : 0.9069"
"2,71 : 0.3479"
"71,2 : 0.3479"
"2,72 : 0.1237"
"72,2 : 0.1237"
"2,73 : 0.2729"
"73,2 : 0.2729"
"2,74 : 0.2886"
"74,2 : 0.2886"
"2,75 : 0.5456"
"75,2 : 0.5456"
"2,76 : 1.1315"
"76,2 : 1.1315"
"2,77 : 0.5326"
"77,2 : 0.5326"
"2,78 : 0.5404"
"78,2 : 0.5404"
"2,79 : 1.0021"
"79,2 : 1.0021"
"2,80 : 0.8981"
"80,2 : 0.8981"
"2,81 : 0.222"
"81,2 : 0.222"
"2,82 : 0.7157"
"82,2 : 0.7157"
"2,83 : 0.9259"
"83,2 : 0.9259"
"2,84 : 0.102"
"84,2 : 0.102"
"2,85 : 0.1703"
"85,2 : 0.1703"
"2,86 : 0.9618"
"86,2 : 0.9618"
"2,87 : 0.6307"
"87,2 : 0.6307"
"2,88 : 0.5162"
"88,2 : 0.5162"
"2,89 : 0.4919"
"89,2 : 0.4919"
"2,90 : 0.9276"
"90,2 : 0.9276"
"2,91 : 0.3766"
"91,2 : 0.3766"
"2,92 : 0.1273"
"92,2 : 0.1273"
"2,93 : 0.236"
"93,2 : 0.236"
"2,94 : 0.9487"
"94,2 : 0.9487"
"2,95 : 0.7473"
"95,2 : 0.7473"
"2,96 : 0.5022"
"96,2 : 0.5022"
"2,97 : 0.7611"
"97,2 : 0.7611"
"2,98 : 0.7806"
"98,2 : 0.7806"
"2,99 : 0.6224"
"99,2 : 0.6224"
"3,4 : 0.2746"
"4,3 : 0.2746"
"3,5 : 0.1118"
"5,3 : 0.1118"
"3,6 : 0.1393"
"6,3 : 0.1393"
"3,7 : 0.1965"
"7,3 : 0.1965"
"3,8 : 0.8089"
"8,3 : 0.8089"
"3,9 : 0.3437"
"9,3 : 0.3437"
"3,10 : 0.0316"
"10,3 : 0.0316"
"3,11 : 0.4428"
"11,3 : 0.4428"
"3,12 : 0.4301"
"12,3 : 0.4301"
"3,13 : 0.6379"
"13,3 : 0.6379"
"3,14 : 0.2941"
"14,3 : 0.2941"
"3,15 : 0.0922"
"15,3 : 0.0922"
"3,16 : 0.247"
"16,3 : 0.247"
"3,17 : 0.559"
"17,3 : 0.559"
"3,18 : 0.563"
"18,3 : 0.563"
"3,19 : 0.191"
"19,3 : 0.191"
"3,20 : 0.3418"
"20,3 : 0.3418"
"3,21 : 0.2524"
"21,3 : 0.2524"
"3,22 : 0.1803"
"22,3 : 0.1803"
"3,23 : 0.1664"
"23,3 : 0.1664"
"3,24 : 0.6512"
"24,3 : 0.6512"
"3,25 : 0.5025"
"25,3 : 0.5025"
"3,26 : 0.4707"
"26,3 : 0.4707"
"3,27 : 0.6977"
"27,3 : 0.6977"
"3,28 : 0.2236"
"28,3 : 0.2236"
"3,29 : 0.7159"
"29,3 : 0.7159"
"3,30 : 0.191"
"30,3 : 0.191"
"3,31 : 0.4016"
"31,3 : 0.4016"
"3,32 : 0.1921"
"32,3 : 0.1921"
"3,33 : 0.4494"
"33,3 : 0.4494"
"3,34 : 0.3523"
"34,3 : 0.3523"
"3,35 : 0.4295"
"35,3 : 0.4295"
"3,36 : 0.3138"
"36,3 : 0.3138"
"3,37 : 0.8683"
"37,3 : 0.8683"
"3,38 : 0.4254"
"38,3 : 0.4254"
"3,39 : 0.4206"
"39,3 : 0.4206"
"3,40 : 0.051"
"40,3 : 0.051"
"3,41 : 0.7669"
"41,3 : 0.7669"
"3,42 : 0.5423"
"42,3 : 0.5423"
"3,43 : 0.7072"
"43,3 : 0.7072"
"3,44 : 0.2555"
"44,3 : 0.2555"
"3,45 : 0.6912"
"45,3 : 0.6912"
"3,46 : 0.7697"
"46,3 : 0.7697"
"3,47 : 0.4441"
"47,3 : 0.4441"
"3,48 : 0.4305"
"48,3 : 0.4305"
"3,49 : 0.3162"
"49,3 : 0.3162"
"3,50 : 0.4036"
"50,3 : 0.4036"
"3,51 : 0.1931"
"51,3 : 0.1931"
"3,52 : 0.6277"
"52,3 : 0.6277"
"3,53 : 0.6129"
"53,3 : 0.6129"
"3,54 : 0.0849"
"54,3 : 0.0849"
"3,55 : 0.5235"
"55,3 : 0.5235"
"3,56 : 0.2335"
"56,3 : 0.2335"
"3,57 : 0.8238"
"57,3 : 0.8238"
"3,58 : 0.3956"
"58,3 : 0.3956"
"3,59 : 0.3517"
"59,3 : 0.3517"
"3,60 : 0.29"
"60,3 : 0.29"
"3,61 : 0.5016"
"61,3 : 0.5016"
"3,62 : 0.7783"
"62,3 : 0.7783"
"3,63 : 0.5758"
"63,3 : 0.5758"
"3,64 : 0.3178"
"64,3 : 0.3178"
"3,65 : 0.7543"
"65,3 : 0.7543"
"3,66 : 0.3569"
"66,3 : 0.3569"
"3,67 : 0.1655"
"67,3 : 0.1655"
"3,68 : 0.4206"
"68,3 : 0.4206"
"3,69 : 0.5644"
"69,3 : 0.5644"
"3,70 : 0.7616"
"70,3 : 0.7616"
"3,71 : 0.4982"
"71,3 : 0.4982"
"3,72 : 0.4295"
"72,3 : 0.4295"
"3,73 : 0.5661"
"73,3 : 0.5661"
"3,74 : 0.1404"
"74,3 : 0.1404"
"3,75 : 0.4201"
"75,3 : 0.4201"
"3,76 : 0.9454"
"76,3 : 0.9454"
"3,77 : 0.4001"
"77,3 : 0.4001"
"3,78 : 0.7211"
"78,3 : 0.7211"
"3,79 : 0.758"
"79,3 : 0.758"
"3,80 : 0.7809"
"80,3 : 0.7809"
"3,81 : 0.25"
"81,3 : 0.25"
"3,82 : 0.3265"
"82,3 : 0.3265"
"3,83 : 0.6325"
"83,3 : 0.6325"
"3,84 : 0.4308"
"84,3 : 0.4308"
"3,85 : 0.4876"
"85,3 : 0.4876"
"3,86 : 0.7906"
"86,3 : 0.7906"
"3,87 : 0.6476"
"87,3 : 0.6476"
"3,88 : 0.6637"
"88,3 : 0.6637"
"3,89 : 0.5385"
"89,3 : 0.5385"
"3,90 : 0.7316"
"90,3 : 0.7316"
"3,91 : 0.6519"
"91,3 : 0.6519"
"3,92 : 0.3625"
"92,3 : 0.3625"
"3,93 : 0.2435"
"93,3 : 0.2435"
"3,94 : 0.8485"
"94,3 : 0.8485"
"3,95 : 0.397"
"95,3 : 0.397"
"3,96 : 0.4876"
"96,3 : 0.4876"
"3,97 : 0.3406"
"97,3 : 0.3406"
"3,98 : 0.9529"
"98,3 : 0.9529"
"3,99 : 0.5101"
"99,3 : 0.5101"
"4,5 : 0.2532"
"5,4 : 0.2532"
"4,6 : 0.3329"
"6,4 : 0.3329"
"4,7 : 0.204"
"7,4 : 0.204"
"4,8 : 0.6307"
"8,4 : 0.6307"
"4,9 : 0.5644"
"9,4 : 0.5644"
"4,10 : 0.2506"
"10,4 : 0.2506"
"4,11 : 0.3413"
"11,4 : 0.3413"
"4,12 : 0.2561"
"12,4 : 0.2561"
"4,13 : 0.39"
"13,4 : 0.39"
"4,14 : 0.191"
"14,4 : 0.191"
"4,15 : 0.3466"
"15,4 : 0.3466"
"4,16 : 0.24"
"16,4 : 0.24"
"4,17 : 0.5797"
"17,4 : 0.5797"
"4,18 : 0.4534"
"18,4 : 0.4534"
"4,19 : 0.3068"
"19,4 : 0.3068"
"4,20 : 0.586"
"20,4 : 0.586"
"4,21 : 0.1082"
"21,4 : 0.1082"
"4,22 : 0.2625"
"22,4 : 0.2625"
"4,23 : 0.3202"
"23,4 : 0.3202"
"4,24 : 0.4342"
"24,4 : 0.4342"
"4,25 : 0.2816"
"25,4 : 0.2816"
"4,26 : 0.6237"
"26,4 : 0.6237"
"4,27 : 0.4254"
"27,4 : 0.4254"
"4,28 : 0.2518"
"28,4 : 0.2518"
"4,29 : 0.6325"
"29,4 : 0.6325"
"4,30 : 0.2532"
"30,4 : 0.2532"
"4,31 : 0.3176"
"31,4 : 0.3176"
"4,32 : 0.35"
"32,4 : 0.35"
"4,33 : 0.3636"
"33,4 : 0.3636"
"4,34 : 0.1628"
"34,4 : 0.1628"
"4,35 : 0.5423"
"35,4 : 0.5423"
"4,36 : 0.4535"
"36,4 : 0.4535"
"4,37 : 0.5948"
"37,4 : 0.5948"
"4,38 : 0.5204"
"38,4 : 0.5204"
"4,39 : 0.1712"
"39,4 : 0.1712"
"4,40 : 0.313"
"40,4 : 0.313"
"4,41 : 0.6054"
"41,4 : 0.6054"
"4,42 : 0.3506"
"42,4 : 0.3506"
"4,43 : 0.4327"
"43,4 : 0.4327"
"4,44 : 0.1221"
"44,4 : 0.1221"
"4,45 : 0.4405"
"45,4 : 0.4405"
"4,46 : 0.6647"
"46,4 : 0.6647"
"4,47 : 0.1703"
"47,4 : 0.1703"
"4,48 : 0.1565"
"48,4 : 0.1565"
"4,49 : 0.1985"
"49,4 : 0.1985"
"4,50 : 0.1389"
"50,4 : 0.1389"
"4,51 : 0.3667"
"51,4 : 0.3667"
"4,52 : 0.524"
"52,4 : 0.524"
"4,53 : 0.3384"
"53,4 : 0.3384"
"4,54 : 0.3581"
"54,4 : 0.3581"
"4,55 : 0.3106"
"55,4 : 0.3106"
"4,56 : 0.11"
"56,4 : 0.11"
"4,57 : 0.756"
"57,4 : 0.756"
"4,58 : 0.2377"
"58,4 : 0.2377"
"4,59 : 0.1253"
"59,4 : 0.1253"
"4,60 : 0.1616"
"60,4 : 0.1616"
"4,61 : 0.3302"
"61,4 : 0.3302"
"4,62 : 0.5057"
"62,4 : 0.5057"
"4,63 : 0.314"
"63,4 : 0.314"
"4,64 : 0.2263"
"64,4 : 0.2263"
"4,65 : 0.4817"
"65,4 : 0.4817"
"4,66 : 0.3606"
"66,4 : 0.3606"
"4,67 : 0.34"
"67,4 : 0.34"
"4,68 : 0.377"
"68,4 : 0.377"
"4,69 : 0.3396"
"69,4 : 0.3396"
"4,70 : 0.6075"
"70,4 : 0.6075"
"4,71 : 0.2263"
"71,4 : 0.2263"
"4,72 : 0.2452"
"72,4 : 0.2452"
"4,73 : 0.3257"
"73,4 : 0.3257"
"4,74 : 0.2402"
"74,4 : 0.2402"
"4,75 : 0.236"
"75,4 : 0.236"
"4,76 : 0.8246"
"76,4 : 0.8246"
"4,77 : 0.2202"
"77,4 : 0.2202"
"4,78 : 0.4465"
"78,4 : 0.4465"
"4,79 : 0.6841"
"79,4 : 0.6841"
"4,80 : 0.6083"
"80,4 : 0.6083"
"4,81 : 0.3132"
"81,4 : 0.3132"
"4,82 : 0.4472"
"82,4 : 0.4472"
"4,83 : 0.6084"
"83,4 : 0.6084"
"4,84 : 0.2596"
"84,4 : 0.2596"
"4,85 : 0.28"
"85,4 : 0.28"
"4,86 : 0.656"
"86,4 : 0.656"
"4,87 : 0.4"
"87,4 : 0.4"
"4,88 : 0.3895"
"88,4 : 0.3895"
"4,89 : 0.2746"
"89,4 : 0.2746"
"4,90 : 0.6155"
"90,4 : 0.6155"
"4,91 : 0.3945"
"91,4 : 0.3945"
"4,92 : 0.197"
"92,4 : 0.197"
"4,93 : 0.3202"
"93,4 : 0.3202"
"4,94 : 0.6671"
"94,4 : 0.6671"
"4,95 : 0.451"
"95,4 : 0.451"
"4,96 : 0.2408"
"96,4 : 0.2408"
"4,97 : 0.5331"
"97,4 : 0.5331"
"4,98 : 0.6798"
"98,4 : 0.6798"
"4,99 : 0.3225"
"99,4 : 0.3225"
"5,6 : 0.25"
"6,5 : 0.25"
"5,7 : 0.264"
"7,5 : 0.264"
"5,8 : 0.8516"
"8,5 : 0.8516"
"5,9 : 0.451"
"9,5 : 0.451"
"5,10 : 0.0854"
"10,5 : 0.0854"
"5,11 : 0.3373"
"11,5 : 0.3373"
"5,12 : 0.4657"
"12,5 : 0.4657"
"5,13 : 0.6412"
"13,5 : 0.6412"
"5,14 : 0.2025"
"14,5 : 0.2025"
"5,15 : 0.2"
"15,5 : 0.2"
"5,16 : 0.3202"
"16,5 : 0.3202"
"5,17 : 0.656"
"17,5 : 0.656"
"5,18 : 0.6265"
"18,5 : 0.6265"
"5,19 : 0.2915"
"19,5 : 0.2915"
"5,20 : 0.4415"
"20,5 : 0.4415"
"5,21 : 0.1887"
"21,5 : 0.1887"
"5,22 : 0.2702"
"22,5 : 0.2702"
"5,23 : 0.0762"
"23,5 : 0.0762"
"5,24 : 0.6736"
"24,5 : 0.6736"
"5,25 : 0.4252"
"25,5 : 0.4252"
"5,26 : 0.5825"
"26,5 : 0.5825"
"5,27 : 0.6736"
"27,5 : 0.6736"
"5,28 : 0.3041"
"28,5 : 0.3041"
"5,29 : 0.7906"
"29,5 : 0.7906"
"5,30 : 0.08"
"30,5 : 0.08"
"5,31 : 0.4665"
"31,5 : 0.4665"
"5,32 : 0.1077"
"32,5 : 0.1077"
"5,33 : 0.5162"
"33,5 : 0.5162"
"5,34 : 0.3766"
"34,5 : 0.3766"
"5,35 : 0.5385"
"35,5 : 0.5385"
"5,36 : 0.4238"
"36,5 : 0.4238"
"5,37 : 0.8393"
"37,5 : 0.8393"
"5,38 : 0.5323"
"38,5 : 0.5323"
"5,39 : 0.4205"
"39,5 : 0.4205"
"5,40 : 0.1044"
"40,5 : 0.1044"
"5,41 : 0.816"
"41,5 : 0.816"
"5,42 : 0.4528"
"42,5 : 0.4528"
"5,43 : 0.6712"
"43,5 : 0.6712"
"5,44 : 0.186"
"44,5 : 0.186"
"5,45 : 0.6926"
"45,5 : 0.6926"
"5,46 : 0.8386"
"46,5 : 0.8386"
"5,47 : 0.4085"
"47,5 : 0.4085"
"5,48 : 0.4052"
"48,5 : 0.4052"
"5,49 : 0.2247"
"49,5 : 0.2247"
"5,50 : 0.3578"
"50,5 : 0.3578"
"5,51 : 0.3036"
"51,5 : 0.3036"
"5,52 : 0.6946"
"52,5 : 0.6946"
"5,53 : 0.5778"
"53,5 : 0.5778"
"5,54 : 0.1746"
"54,5 : 0.1746"
"5,55 : 0.442"
"55,5 : 0.442"
"5,56 : 0.2596"
"56,5 : 0.2596"
"5,57 : 0.9043"
"57,5 : 0.9043"
"5,58 : 0.3053"
"58,5 : 0.3053"
"5,59 : 0.3606"
"59,5 : 0.3606"
"5,60 : 0.3289"
"60,5 : 0.3289"
"5,61 : 0.5412"
"61,5 : 0.5412"
"5,62 : 0.7527"
"62,5 : 0.7527"
"5,63 : 0.5672"
"63,5 : 0.5672"
"5,64 : 0.2193"
"64,5 : 0.2193"
"5,65 : 0.7083"
"65,5 : 0.7083"
"5,66 : 0.2452"
"66,5 : 0.2452"
"5,67 : 0.2751"
"67,5 : 0.2751"
"5,68 : 0.4982"
"68,5 : 0.4982"
"5,69 : 0.5814"
"69,5 : 0.5814"
"5,70 : 0.8134"
"70,5 : 0.8134"
"5,71 : 0.4562"
"71,5 : 0.4562"
"5,72 : 0.3441"
"72,5 : 0.3441"
"5,73 : 0.495"
"73,5 : 0.495"
"5,74 : 0.0316"
"74,5 : 0.0316"
"5,75 : 0.4512"
"75,5 : 0.4512"
"5,76 : 1.0112"
"76,5 : 1.0112"
"5,77 : 0.4317"
"77,5 : 0.4317"
"5,78 : 0.6845"
"78,5 : 0.6845"
"5,79 : 0.836"
"79,5 : 0.836"
"5,80 : 0.8257"
"80,5 : 0.8257"
"5,81 : 0.1393"
"81,5 : 0.1393"
"5,82 : 0.4346"
"82,5 : 0.4346"
"5,83 : 0.7212"
"83,5 : 0.7212"
"5,84 : 0.3413"
"84,5 : 0.3413"
"5,85 : 0.4061"
"85,5 : 0.4061"
"5,86 : 0.85"
"86,5 : 0.85"
"5,87 : 0.6512"
"87,5 : 0.6512"
"5,88 : 0.6332"
"88,5 : 0.6332"
"5,89 : 0.5277"
"89,5 : 0.5277"
"5,90 : 0.7965"
"90,5 : 0.7965"
"5,91 : 0.589"
"91,5 : 0.589"
"5,92 : 0.278"
"92,5 : 0.278"
"5,93 : 0.1342"
"93,5 : 0.1342"
"5,94 : 0.8902"
"94,5 : 0.8902"
"5,95 : 0.4965"
"95,5 : 0.4965"
"5,96 : 0.4904"
"96,5 : 0.4904"
"5,97 : 0.4518"
"97,5 : 0.4518"
"5,98 : 0.9248"
"98,5 : 0.9248"
"5,99 : 0.5434"
"99,5 : 0.5434"
"6,7 : 0.1612"
"7,6 : 0.1612"
"6,8 : 0.7501"
"8,6 : 0.7501"
"6,9 : 0.2326"
"9,6 : 0.2326"
"6,10 : 0.1649"
"10,6 : 0.1649"
"6,11 : 0.57"
"11,6 : 0.57"
"6,12 : 0.3985"
"12,6 : 0.3985"
"6,13 : 0.6351"
"13,6 : 0.6351"
"6,14 : 0.4119"
"14,6 : 0.4119"
"6,15 : 0.0806"
"15,6 : 0.0806"
"6,16 : 0.1844"
"16,6 : 0.1844"
"6,17 : 0.4328"
"17,6 : 0.4328"
"6,18 : 0.4837"
"18,6 : 0.4837"
"6,19 : 0.0806"
"19,6 : 0.0806"
"6,20 : 0.255"
"20,6 : 0.255"
"6,21 : 0.3517"
"21,6 : 0.3517"
"6,22 : 0.1044"
"22,6 : 0.1044"
"6,23 : 0.3041"
"23,6 : 0.3041"
"6,24 : 0.6236"
"24,6 : 0.6236"
"6,25 : 0.5981"
"25,6 : 0.5981"
"6,26 : 0.3338"
"26,6 : 0.3338"
"6,27 : 0.7262"
"27,6 : 0.7262"
"6,28 : 0.153"
"28,6 : 0.153"
"6,29 : 0.6168"
"29,6 : 0.6168"
"6,30 : 0.3276"
"30,6 : 0.3276"
"6,31 : 0.33"
"31,6 : 0.33"
"6,32 : 0.3276"
"32,6 : 0.3276"
"6,33 : 0.3712"
"33,6 : 0.3712"
"6,34 : 0.3448"
"34,6 : 0.3448"
"6,35 : 0.2907"
"35,6 : 0.2907"
"6,36 : 0.1746"
"36,6 : 0.1746"
"6,37 : 0.8981"
"37,6 : 0.8981"
"6,38 : 0.2884"
"38,6 : 0.2884"
"6,39 : 0.436"
"39,6 : 0.436"
"6,40 : 0.172"
"40,6 : 0.172"
"6,41 : 0.7006"
"41,6 : 0.7006"
"6,42 : 0.65"
"42,6 : 0.65"
"6,43 : 0.7497"
"43,6 : 0.7497"
"6,44 : 0.359"
"44,6 : 0.359"
"6,45 : 0.6888"
"45,6 : 0.6888"
"6,46 : 0.6772"
"46,6 : 0.6772"
"6,47 : 0.4982"
"47,6 : 0.4982"
"6,48 : 0.4742"
"48,6 : 0.4742"
"6,49 : 0.4329"
"49,6 : 0.4329"
"6,50 : 0.4717"
"50,6 : 0.4717"
"6,51 : 0.0539"
"51,6 : 0.0539"
"6,52 : 0.5413"
"52,6 : 0.5413"
"6,53 : 0.6576"
"53,6 : 0.6576"
"6,54 : 0.1304"
"54,6 : 0.1304"
"6,55 : 0.623"
"55,6 : 0.623"
"6,56 : 0.2476"
"56,6 : 0.2476"
"6,57 : 0.7155"
"57,6 : 0.7155"
"6,58 : 0.508"
"58,6 : 0.508"
"6,59 : 0.364"
"59,6 : 0.364"
"6,60 : 0.2729"
"60,6 : 0.2729"
"6,61 : 0.4589"
"61,6 : 0.4589"
"6,62 : 0.806"
"62,6 : 0.806"
"6,63 : 0.5908"
"63,6 : 0.5908"
"6,64 : 0.4405"
"64,6 : 0.4405"
"6,65 : 0.8072"
"65,6 : 0.8072"
"6,66 : 0.4948"
"66,6 : 0.4948"
"6,67 : 0.0283"
"67,6 : 0.0283"
"6,68 : 0.3276"
"68,6 : 0.3276"
"6,69 : 0.5478"
"69,6 : 0.5478"
"6,70 : 0.6918"
"70,6 : 0.6918"
"6,71 : 0.5561"
"71,6 : 0.5561"
"6,72 : 0.536"
"72,6 : 0.536"
"6,73 : 0.6531"
"73,6 : 0.6531"
"6,74 : 0.2766"
"74,6 : 0.2766"
"6,75 : 0.3956"
"75,6 : 0.3956"
"6,76 : 0.8544"
"76,6 : 0.8544"
"6,77 : 0.377"
"77,6 : 0.377"
"6,78 : 0.7638"
"78,6 : 0.7638"
"6,79 : 0.6539"
"79,6 : 0.6539"
"6,80 : 0.72"
"80,6 : 0.72"
"6,81 : 0.389"
"81,6 : 0.389"
"6,82 : 0.1887"
"82,6 : 0.1887"
"6,83 : 0.5162"
"83,6 : 0.5162"
"6,84 : 0.5413"
"84,6 : 0.5413"
"6,85 : 0.5882"
"85,6 : 0.5882"
"6,86 : 0.7102"
"86,6 : 0.7102"
"6,87 : 0.644"
"87,6 : 0.644"
"6,88 : 0.7009"
"88,6 : 0.7009"
"6,89 : 0.558"
"89,6 : 0.558"
"6,90 : 0.6454"
"90,6 : 0.6454"
"6,91 : 0.7272"
"91,6 : 0.7272"
"6,92 : 0.4707"
"92,6 : 0.4707"
"6,93 : 0.3828"
"93,6 : 0.3828"
"6,94 : 0.7901"
"94,6 : 0.7901"
"6,95 : 0.2702"
"95,6 : 0.2702"
"6,96 : 0.494"
"96,6 : 0.494"
"6,97 : 0.2121"
"97,6 : 0.2121"
"6,98 : 0.9801"
"98,6 : 0.9801"
"6,99 : 0.4754"
"99,6 : 0.4754"
"7,8 : 0.614"
"8,7 : 0.614"
"7,9 : 0.3764"
"9,7 : 0.3764"
"7,10 : 0.197"
"10,7 : 0.197"
"7,11 : 0.5096"
"11,7 : 0.5096"
"7,12 : 0.2433"
"12,7 : 0.2433"
"7,13 : 0.4742"
"13,7 : 0.4742"
"7,14 : 0.3448"
"14,7 : 0.3448"
"7,15 : 0.2138"
"15,7 : 0.2138"
"7,16 : 0.0566"
"16,7 : 0.0566"
"7,17 : 0.4071"
"17,7 : 0.4071"
"7,18 : 0.3677"
"18,7 : 0.3677"
"7,19 : 0.1082"
"19,7 : 0.1082"
"7,20 : 0.4111"
"20,7 : 0.4111"
"7,21 : 0.2648"
"21,7 : 0.2648"
"7,22 : 0.064"
"22,7 : 0.064"
"7,23 : 0.3384"
"23,7 : 0.3384"
"7,24 : 0.4687"
"24,7 : 0.4687"
"7,25 : 0.4851"
"25,7 : 0.4851"
"7,26 : 0.4198"
"26,7 : 0.4198"
"7,27 : 0.5673"
"27,7 : 0.5673"
"7,28 : 0.051"
"28,7 : 0.051"
"7,29 : 0.527"
"29,7 : 0.527"
"7,30 : 0.3189"
"30,7 : 0.3189"
"7,31 : 0.2062"
"31,7 : 0.2062"
"7,32 : 0.3689"
"32,7 : 0.3689"
"7,33 : 0.255"
"33,7 : 0.255"
"7,34 : 0.1836"
"34,7 : 0.1836"
"7,35 : 0.3401"
"35,7 : 0.3401"
"7,36 : 0.25"
"36,7 : 0.25"
"7,37 : 0.7388"
"37,7 : 0.7388"
"7,38 : 0.3206"
"38,7 : 0.3206"
"7,39 : 0.2766"
"39,7 : 0.2766"
"7,40 : 0.2474"
"40,7 : 0.2474"
"7,41 : 0.5707"
"41,7 : 0.5707"
"7,42 : 0.5504"
"42,7 : 0.5504"
"7,43 : 0.5946"
"43,7 : 0.5946"
"7,44 : 0.2766"
"44,7 : 0.2766"
"7,45 : 0.528"
"45,7 : 0.528"
"7,46 : 0.5771"
"46,7 : 0.5771"
"7,47 : 0.3536"
"47,7 : 0.3536"
"7,48 : 0.3245"
"48,7 : 0.3245"
"7,49 : 0.3614"
"49,7 : 0.3614"
"7,50 : 0.3384"
"50,7 : 0.3384"
"7,51 : 0.1769"
"51,7 : 0.1769"
"7,52 : 0.4338"
"52,7 : 0.4338"
"7,53 : 0.5045"
"53,7 : 0.5045"
"7,54 : 0.2502"
"54,7 : 0.2502"
"7,55 : 0.5135"
"55,7 : 0.5135"
"7,56 : 0.0985"
"56,7 : 0.0985"
"7,57 : 0.6403"
"57,7 : 0.6403"
"7,58 : 0.423"
"58,7 : 0.423"
"7,59 : 0.2052"
"59,7 : 0.2052"
"7,60 : 0.1118"
"60,7 : 0.1118"
"7,61 : 0.3102"
"61,7 : 0.3102"
"7,62 : 0.6466"
"62,7 : 0.6466"
"7,63 : 0.4301"
"63,7 : 0.4301"
"7,64 : 0.3795"
"64,7 : 0.3795"
"7,65 : 0.656"
"65,7 : 0.656"
"7,66 : 0.4771"
"66,7 : 0.4771"
"7,67 : 0.1562"
"67,7 : 0.1562"
"7,68 : 0.2343"
"68,7 : 0.2343"
"7,69 : 0.389"
"69,7 : 0.389"
"7,70 : 0.5652"
"70,7 : 0.5652"
"7,71 : 0.4118"
"71,7 : 0.4118"
"7,72 : 0.4401"
"72,7 : 0.4401"
"7,73 : 0.5289"
"73,7 : 0.5289"
"7,74 : 0.2759"
"74,7 : 0.2759"
"7,75 : 0.2377"
"75,7 : 0.2377"
"7,76 : 0.7515"
"76,7 : 0.7515"
"7,77 : 0.2184"
"77,7 : 0.2184"
"7,78 : 0.6088"
"78,7 : 0.6088"
"7,79 : 0.572"
"79,7 : 0.572"
"7,80 : 0.5855"
"80,7 : 0.5855"
"7,81 : 0.3895"
"81,7 : 0.3895"
"7,82 : 0.2433"
"82,7 : 0.2433"
"7,83 : 0.461"
"83,7 : 0.461"
"7,84 : 0.451"
"84,7 : 0.451"
"7,85 : 0.4817"
"85,7 : 0.4817"
"7,86 : 0.5946"
"86,7 : 0.5946"
"7,87 : 0.4833"
"87,7 : 0.4833"
"7,88 : 0.5445"
"88,7 : 0.5445"
"7,89 : 0.3982"
"89,7 : 0.3982"
"7,90 : 0.5371"
"90,7 : 0.5371"
"7,91 : 0.5909"
"91,7 : 0.5909"
"7,92 : 0.3821"
"92,7 : 0.3821"
"7,93 : 0.389"
"93,7 : 0.389"
"7,94 : 0.6538"
"94,7 : 0.6538"
"7,95 : 0.2596"
"95,7 : 0.2596"
"7,96 : 0.3329"
"96,7 : 0.3329"
"7,97 : 0.3362"
"97,7 : 0.3362"
"7,98 : 0.8201"
"98,7 : 0.8201"
"7,99 : 0.3225"
"99,7 : 0.3225"
"8,9 : 0.878"
"9,8 : 0.878"
"8,10 : 0.8041"
"10,8 : 0.8041"
"8,11 : 0.936"
"11,8 : 0.936"
"8,12 : 0.386"
"12,8 : 0.386"
"8,13 : 0.3245"
"13,8 : 0.3245"
"8,14 : 0.8149"
"14,8 : 0.8149"
"8,15 : 0.8205"
"15,8 : 0.8205"
"8,16 : 0.5708"
"16,8 : 0.5708"
"8,17 : 0.5104"
"17,8 : 0.5104"
"8,18 : 0.2789"
"18,8 : 0.2789"
"8,19 : 0.6703"
"19,8 : 0.6703"
"8,20 : 0.9415"
"20,8 : 0.9415"
"8,21 : 0.7379"
"21,8 : 0.7379"
"8,22 : 0.6503"
"22,8 : 0.6503"
"8,23 : 0.9272"
"23,8 : 0.9272"
"8,24 : 0.2193"
"24,8 : 0.2193"
"8,25 : 0.7708"
"25,8 : 0.7708"
"8,26 : 0.7782"
"26,8 : 0.7782"
"8,27 : 0.4754"
"27,8 : 0.4754"
"8,28 : 0.6003"
"28,8 : 0.6003"
"8,29 : 0.278"
"29,8 : 0.278"
"8,30 : 0.8766"
"30,8 : 0.8766"
"8,31 : 0.4201"
"31,8 : 0.4201"
"8,32 : 0.9588"
"32,8 : 0.9588"
"8,33 : 0.3821"
"33,8 : 0.3821"
"8,34 : 0.4776"
"34,8 : 0.4776"
"8,35 : 0.6762"
"35,8 : 0.6762"
"8,36 : 0.7009"
"36,8 : 0.7009"
"8,37 : 0.5415"
"37,8 : 0.5415"
"8,38 : 0.6408"
"38,8 : 0.6408"
"8,39 : 0.4717"
"39,8 : 0.4717"
"8,40 : 0.8599"
"40,8 : 0.8599"
"8,41 : 0.064"
"41,8 : 0.064"
"8,42 : 0.8559"
"42,8 : 0.8559"
"8,43 : 0.5515"
"43,8 : 0.5515"
"8,44 : 0.7513"
"44,8 : 0.7513"
"8,45 : 0.3178"
"45,8 : 0.3178"
"8,46 : 0.2236"
"46,8 : 0.2236"
"8,47 : 0.5814"
"47,8 : 0.5814"
"8,48 : 0.5482"
"48,8 : 0.5482"
"8,49 : 0.8163"
"49,8 : 0.8163"
"8,50 : 0.6341"
"50,8 : 0.6341"
"8,51 : 0.7325"
"51,8 : 0.7325"
"8,52 : 0.2506"
"52,8 : 0.2506"
"8,53 : 0.5438"
"53,8 : 0.5438"
"8,54 : 0.8621"
"54,8 : 0.8621"
"8,55 : 0.7993"
"55,8 : 0.7993"
"8,56 : 0.592"
"56,8 : 0.592"
"8,57 : 0.3479"
"57,8 : 0.3479"
"8,58 : 0.822"
"58,8 : 0.822"
"8,59 : 0.5057"
"59,8 : 0.5057"
"8,60 : 0.5239"
"60,8 : 0.5239"
"8,61 : 0.3105"
"61,8 : 0.3105"
"8,62 : 0.4924"
"62,8 : 0.4924"
"8,63 : 0.4123"
"63,8 : 0.4123"
"8,64 : 0.8472"
"64,8 : 0.8472"
"8,65 : 0.6263"
"65,8 : 0.6263"
"8,66 : 0.9888"
"66,8 : 0.9888"
"8,67 : 0.7306"
"67,8 : 0.7306"
"8,68 : 0.4374"
"68,8 : 0.4374"
"8,69 : 0.3061"
"69,8 : 0.3061"
"8,70 : 0.0849"
"70,8 : 0.0849"
"8,71 : 0.5941"
"71,8 : 0.5941"
"8,72 : 0.8028"
"72,8 : 0.8028"
"8,73 : 0.7465"
"73,8 : 0.7465"
"8,74 : 0.8507"
"74,8 : 0.8507"
"8,75 : 0.4016"
"75,8 : 0.4016"
"8,76 : 0.2596"
"76,8 : 0.2596"
"8,77 : 0.4206"
"77,8 : 0.4206"
"8,78 : 0.5571"
"78,8 : 0.5571"
"8,79 : 0.3089"
"79,8 : 0.3089"
"8,80 : 0.0316"
"80,8 : 0.0316"
"8,81 : 0.9415"
"81,8 : 0.9415"
"8,82 : 0.6719"
"82,8 : 0.6719"
"8,83 : 0.4177"
"83,8 : 0.4177"
"8,84 : 0.8246"
"84,8 : 0.8246"
"8,85 : 0.7921"
"85,8 : 0.7921"
"8,86 : 0.1393"
"86,8 : 0.1393"
"8,87 : 0.3191"
"87,8 : 0.3191"
"8,88 : 0.5143"
"88,8 : 0.5143"
"8,89 : 0.4386"
"89,8 : 0.4386"
"8,90 : 0.1921"
"90,8 : 0.1921"
"8,91 : 0.7134"
"91,8 : 0.7134"
"8,92 : 0.7906"
"92,8 : 0.7906"
"8,93 : 0.947"
"93,8 : 0.947"
"8,94 : 0.04"
"94,8 : 0.04"
"8,95 : 0.5692"
"95,8 : 0.5692"
"8,96 : 0.414"
"96,8 : 0.414"
"8,97 : 0.8104"
"97,8 : 0.8104"
"8,98 : 0.5714"
"98,8 : 0.5714"
"8,99 : 0.3102"
"99,8 : 0.3102"
"9,10 : 0.3748"
"10,9 : 0.3748"
"9,11 : 0.7864"
"11,9 : 0.7864"
"9,12 : 0.5825"
"12,9 : 0.5825"
"9,13 : 0.8301"
"13,9 : 0.8301"
"9,14 : 0.6356"
"14,9 : 0.6356"
"9,15 : 0.2518"
"15,9 : 0.2518"
"9,16 : 0.3754"
"16,9 : 0.3754"
"9,17 : 0.4357"
"17,9 : 0.4357"
"9,18 : 0.5991"
"18,9 : 0.5991"
"9,19 : 0.2691"
"19,9 : 0.2691"
"9,20 : 0.0728"
"20,9 : 0.0728"
"9,21 : 0.5819"
"21,9 : 0.5819"
"9,22 : 0.3124"
"22,9 : 0.3124"
"9,23 : 0.4817"
"23,9 : 0.4817"
"9,24 : 0.7965"
"24,9 : 0.7965"
"9,25 : 0.8301"
"25,9 : 0.8301"
"9,26 : 0.1921"
"26,9 : 0.1921"
"9,27 : 0.9405"
"27,9 : 0.9405"
"9,28 : 0.3466"
"28,9 : 0.3466"
"9,29 : 0.68"
"29,9 : 0.68"
"9,30 : 0.5308"
"30,9 : 0.5308"
"9,31 : 0.4785"
"31,9 : 0.4785"
"9,32 : 0.495"
"32,9 : 0.495"
"9,33 : 0.5033"
"33,9 : 0.5033"
"9,34 : 0.5517"
"34,9 : 0.5517"
"9,35 : 0.2354"
"35,9 : 0.2354"
"9,36 : 0.1772"
"36,9 : 0.1772"
"9,37 : 1.1107"
"37,9 : 1.1107"
"9,38 : 0.2617"
"38,9 : 0.2617"
"9,39 : 0.6507"
"39,9 : 0.6507"
"9,40 : 0.35"
"40,9 : 0.35"
"9,41 : 0.82"
"41,9 : 0.82"
"9,42 : 0.8793"
"42,9 : 0.8793"
"9,43 : 0.9708"
"43,9 : 0.9708"
"9,44 : 0.5882"
"44,9 : 0.5882"
"9,45 : 0.8823"
"45,9 : 0.8823"
"9,46 : 0.7503"
"46,9 : 0.7503"
"9,47 : 0.7267"
"47,9 : 0.7267"
"9,48 : 0.7"
"48,9 : 0.7"
"9,49 : 0.6573"
"49,9 : 0.6573"
"9,50 : 0.7033"
"50,9 : 0.7033"
"9,51 : 0.2"
"51,9 : 0.2"
"9,52 : 0.6379"
"52,9 : 0.6379"
"9,53 : 0.8809"
"53,9 : 0.8809"
"9,54 : 0.2802"
"54,9 : 0.2802"
"9,55 : 0.8544"
"55,9 : 0.8544"
"9,56 : 0.472"
"56,9 : 0.472"
"9,57 : 0.7481"
"57,9 : 0.7481"
"9,58 : 0.735"
"58,9 : 0.735"
"9,59 : 0.5805"
"59,9 : 0.5805"
"9,60 : 0.4808"
"60,9 : 0.4808"
"9,61 : 0.6265"
"61,9 : 0.6265"
"9,62 : 1.0186"
"62,9 : 1.0186"
"9,63 : 0.7998"
"63,9 : 0.7998"
"9,64 : 0.661"
"64,9 : 0.661"
"9,65 : 1.0323"
"65,9 : 1.0323"
"9,66 : 0.6903"
"66,9 : 0.6903"
"9,67 : 0.2247"
"67,9 : 0.2247"
"9,68 : 0.4427"
"68,9 : 0.4427"
"9,69 : 0.735"
"69,9 : 0.735"
"9,70 : 0.806"
"70,9 : 0.806"
"9,71 : 0.7849"
"71,9 : 0.7849"
"9,72 : 0.7654"
"72,9 : 0.7654"
"9,73 : 0.8857"
"73,9 : 0.8857"
"9,74 : 0.4817"
"74,9 : 0.4817"
"9,75 : 0.586"
"75,9 : 0.586"
"9,76 : 0.9205"
"76,9 : 0.9205"
"9,77 : 0.5701"
"77,9 : 0.5701"
"9,78 : 0.9849"
"78,9 : 0.9849"
"9,79 : 0.7018"
"79,9 : 0.7018"
"9,80 : 0.8465"
"80,9 : 0.8465"
"9,81 : 0.5803"
"81,9 : 0.5803"
"9,82 : 0.2062"
"82,9 : 0.2062"
"9,83 : 0.5433"
"83,9 : 0.5433"
"9,84 : 0.7692"
"84,9 : 0.7692"
"9,85 : 0.8193"
"85,9 : 0.8193"
"9,86 : 0.805"
"86,9 : 0.805"
"9,87 : 0.8382"
"87,9 : 0.8382"
"9,88 : 0.9202"
"88,9 : 0.9202"
"9,89 : 0.7708"
"89,9 : 0.7708"
"9,90 : 0.7333"
"90,9 : 0.7333"
"9,91 : 0.9588"
"91,9 : 0.9588"
"9,92 : 0.6992"
"92,9 : 0.6992"
"9,93 : 0.5708"
"93,9 : 0.5708"
"9,94 : 0.9168"
"94,9 : 0.9168"
"9,95 : 0.3126"
"95,9 : 0.3126"
"9,96 : 0.7009"
"96,9 : 0.7009"
"9,97 : 0.07"
"97,9 : 0.07"
"9,98 : 1.19"
"98,9 : 1.19"
"9,99 : 0.65"
"99,9 : 0.65"
"10,11 : 0.4119"
"11,10 : 0.4119"
"10,12 : 0.4219"
"12,10 : 0.4219"
"10,13 : 0.6217"
"13,10 : 0.6217"
"10,14 : 0.2625"
"14,10 : 0.2625"
"10,15 : 0.1237"
"15,10 : 0.1237"
"10,16 : 0.2506"
"16,10 : 0.2506"
"10,17 : 0.5749"
"17,10 : 0.5749"
"10,18 : 0.5646"
"18,10 : 0.5646"
"10,19 : 0.2081"
"19,10 : 0.2081"
"10,20 : 0.3734"
"20,10 : 0.3734"
"10,21 : 0.222"
"21,10 : 0.222"
"10,22 : 0.191"
"22,10 : 0.191"
"10,23 : 0.1487"
"23,10 : 0.1487"
"10,24 : 0.6401"
"24,10 : 0.6401"
"10,25 : 0.4717"
"25,10 : 0.4717"
"10,26 : 0.4982"
"26,10 : 0.4982"
"10,27 : 0.6754"
"27,10 : 0.6754"
"10,28 : 0.2302"
"28,10 : 0.2302"
"10,29 : 0.722"
"29,10 : 0.722"
"10,30 : 0.1628"
"30,10 : 0.1628"
"10,31 : 0.4031"
"31,10 : 0.4031"
"10,32 : 0.1769"
"32,10 : 0.1769"
"10,33 : 0.4519"
"33,10 : 0.4519"
"10,34 : 0.3401"
"34,10 : 0.3401"
"10,35 : 0.4531"
"35,10 : 0.4531"
"10,36 : 0.3384"
"36,10 : 0.3384"
"10,37 : 0.8453"
"37,10 : 0.8453"
"10,38 : 0.4472"
"38,10 : 0.4472"
"10,39 : 0.4026"
"39,10 : 0.4026"
"10,40 : 0.0632"
"40,10 : 0.0632"
"10,41 : 0.764"
"41,10 : 0.764"
"10,42 : 0.5108"
"42,10 : 0.5108"
"10,43 : 0.6826"
"43,10 : 0.6826"
"10,44 : 0.2247"
"44,10 : 0.2247"
"10,45 : 0.6747"
"45,10 : 0.6747"
"10,46 : 0.7737"
"46,10 : 0.7737"
"10,47 : 0.4188"
"47,10 : 0.4188"
"10,48 : 0.4071"
"48,10 : 0.4071"
"10,49 : 0.2846"
"49,10 : 0.2846"
"10,50 : 0.3764"
"50,10 : 0.3764"
"10,51 : 0.2184"
"51,10 : 0.2184"
"10,52 : 0.6307"
"52,10 : 0.6307"
"10,53 : 0.5883"
"53,10 : 0.5883"
"10,54 : 0.114"
"54,10 : 0.114"
"10,55 : 0.4924"
"55,10 : 0.4924"
"10,56 : 0.2202"
"56,10 : 0.2202"
"10,57 : 0.8323"
"57,10 : 0.8323"
"10,58 : 0.364"
"58,10 : 0.364"
"10,59 : 0.3354"
"59,10 : 0.3354"
"10,60 : 0.2816"
"60,10 : 0.2816"
"10,61 : 0.495"
"61,10 : 0.495"
"10,62 : 0.7558"
"62,10 : 0.7558"
"10,63 : 0.5566"
"63,10 : 0.5566"
"10,64 : 0.2864"
"64,10 : 0.2864"
"10,65 : 0.728"
"65,10 : 0.728"
"10,66 : 0.3298"
"66,10 : 0.3298"
"10,67 : 0.1897"
"67,10 : 0.1897"
"10,68 : 0.4272"
"68,10 : 0.4272"
"10,69 : 0.5515"
"69,10 : 0.5515"
"10,70 : 0.7596"
"70,10 : 0.7596"
"10,71 : 0.472"
"71,10 : 0.472"
"10,72 : 0.3981"
"72,10 : 0.3981"
"10,73 : 0.536"
"73,10 : 0.536"
"10,74 : 0.1118"
"74,10 : 0.1118"
"10,75 : 0.4105"
"75,10 : 0.4105"
"10,76 : 0.9485"
"76,10 : 0.9485"
"10,77 : 0.3905"
"77,10 : 0.3905"
"10,78 : 0.6964"
"78,10 : 0.6964"
"10,79 : 0.7655"
"79,10 : 0.7655"
"10,80 : 0.7767"
"80,10 : 0.7767"
"10,81 : 0.2247"
"81,10 : 0.2247"
"10,82 : 0.3493"
"82,10 : 0.3493"
"10,83 : 0.6444"
"83,10 : 0.6444"
"10,84 : 0.3992"
"84,10 : 0.3992"
"10,85 : 0.4565"
"85,10 : 0.4565"
"10,86 : 0.7912"
"86,10 : 0.7912"
"10,87 : 0.6315"
"87,10 : 0.6315"
"10,88 : 0.6401"
"88,10 : 0.6401"
"10,89 : 0.5187"
"89,10 : 0.5187"
"10,90 : 0.7341"
"90,10 : 0.7341"
"10,91 : 0.6229"
"91,10 : 0.6229"
"10,92 : 0.3311"
"92,10 : 0.3311"
"10,93 : 0.2193"
"93,10 : 0.2193"
"10,94 : 0.8434"
"94,10 : 0.8434"
"10,95 : 0.414"
"95,10 : 0.414"
"10,96 : 0.4707"
"96,10 : 0.4707"
"10,97 : 0.3701"
"97,10 : 0.3701"
"10,98 : 0.9302"
"98,10 : 0.9302"
"10,99 : 0.5016"
"99,10 : 0.5016"
"11,12 : 0.589"
"12,11 : 0.589"
"11,13 : 0.6395"
"13,11 : 0.6395"
"11,14 : 0.1649"
"14,11 : 0.1649"
"11,15 : 0.5346"
"15,11 : 0.5346"
"11,16 : 0.5597"
"16,11 : 0.5597"
"11,17 : 0.9118"
"17,11 : 0.9118"
"11,18 : 0.792"
"18,11 : 0.792"
"11,19 : 0.5855"
"19,11 : 0.5855"
"11,20 : 0.7788"
"20,11 : 0.7788"
"11,21 : 0.247"
"21,11 : 0.247"
"11,22 : 0.5492"
"22,11 : 0.5492"
"11,23 : 0.3311"
"23,11 : 0.3311"
"11,24 : 0.7211"
"24,11 : 0.7211"
"11,25 : 0.2102"
"25,11 : 0.2102"
"11,26 : 0.9014"
"26,11 : 0.9014"
"11,27 : 0.5825"
"27,11 : 0.5825"
"11,28 : 0.5604"
"28,11 : 0.5604"
"11,29 : 0.972"
"29,11 : 0.972"
"11,30 : 0.2596"
"30,11 : 0.2596"
"11,31 : 0.6586"
"31,11 : 0.6586"
"11,32 : 0.3362"
"32,11 : 0.3362"
"11,33 : 0.7049"
"33,11 : 0.7049"
"11,34 : 0.5"
"34,11 : 0.5"
"11,35 : 0.8401"
"35,11 : 0.8401"
"11,36 : 0.7333"
"36,11 : 0.7333"
"11,37 : 0.7103"
"37,11 : 0.7103"
"11,38 : 0.8257"
"38,11 : 0.8257"
"11,39 : 0.4675"
"39,11 : 0.4675"
"11,40 : 0.4415"
"40,11 : 0.4415"
"11,41 : 0.922"
"41,11 : 0.922"
"11,42 : 0.1709"
"42,11 : 0.1709"
"11,43 : 0.5423"
"43,11 : 0.5423"
"11,44 : 0.2341"
"44,11 : 0.2341"
"11,45 : 0.6762"
"45,11 : 0.6762"
"11,46 : 1.0"
"46,11 : 1.0"
"11,47 : 0.3585"
"47,11 : 0.3585"
"11,48 : 0.3883"
"48,11 : 0.3883"
"11,49 : 0.1487"
"49,11 : 0.1487"
"11,50 : 0.3023"
"50,11 : 0.3023"
"11,51 : 0.6203"
"51,11 : 0.6203"
"11,52 : 0.8621"
"52,11 : 0.8621"
"11,53 : 0.4707"
"53,11 : 0.4707"
"11,54 : 0.512"
"54,11 : 0.512"
"11,55 : 0.201"
"55,11 : 0.201"
"11,56 : 0.4386"
"56,11 : 0.4386"
"11,57 : 1.0962"
"57,11 : 1.0962"
"11,58 : 0.114"
"58,11 : 0.114"
"11,59 : 0.4545"
"59,11 : 0.4545"
"11,60 : 0.5012"
"60,11 : 0.5012"
"11,61 : 0.658"
"61,11 : 0.658"
"11,62 : 0.645"
"62,11 : 0.645"
"11,63 : 0.5456"
"63,11 : 0.5456"
"11,64 : 0.1315"
"64,11 : 0.1315"
"11,65 : 0.5408"
"65,11 : 0.5408"
"11,66 : 0.15"
"66,11 : 0.15"
"11,67 : 0.5903"
"67,11 : 0.5903"
"11,68 : 0.7155"
"68,11 : 0.7155"
"11,69 : 0.6301"
"69,11 : 0.6301"
"11,70 : 0.9276"
"70,11 : 0.9276"
"11,71 : 0.364"
"71,11 : 0.364"
"11,72 : 0.1393"
"72,11 : 0.1393"
"11,73 : 0.2807"
"73,11 : 0.2807"
"11,74 : 0.3059"
"74,11 : 0.3059"
"11,75 : 0.5673"
"75,11 : 0.5673"
"11,76 : 1.1526"
"76,11 : 1.1526"
"11,77 : 0.5544"
"77,11 : 0.5544"
"11,78 : 0.5515"
"78,11 : 0.5515"
"11,79 : 1.0242"
"79,11 : 1.0242"
"11,80 : 0.9183"
"80,11 : 0.9183"
"11,81 : 0.2332"
"81,11 : 0.2332"
"11,82 : 0.7368"
"82,11 : 0.7368"
"11,83 : 0.9483"
"83,11 : 0.9483"
"11,84 : 0.117"
"84,11 : 0.117"
"11,85 : 0.1803"
"85,11 : 0.1803"
"11,86 : 0.9829"
"86,11 : 0.9829"
"11,87 : 0.6485"
"87,11 : 0.6485"
"11,88 : 0.5295"
"88,11 : 0.5295"
"11,89 : 0.51"
"89,11 : 0.51"
"11,90 : 0.9492"
"90,11 : 0.9492"
"11,91 : 0.3833"
"91,11 : 0.3833"
"11,92 : 0.1487"
"92,11 : 0.1487"
"11,93 : 0.247"
"93,11 : 0.247"
"11,94 : 0.9683"
"94,11 : 0.9683"
"11,95 : 0.7692"
"95,11 : 0.7692"
"11,96 : 0.522"
"96,11 : 0.522"
"11,97 : 0.7806"
"97,11 : 0.7806"
"11,98 : 0.7901"
"98,11 : 0.7901"
"11,99 : 0.6435"
"99,11 : 0.6435"
"12,13 : 0.2484"
"13,12 : 0.2484"
"12,14 : 0.4469"
"14,12 : 0.4469"
"12,15 : 0.4571"
"15,12 : 0.4571"
"12,16 : 0.2154"
"16,12 : 0.2154"
"12,17 : 0.4031"
"17,12 : 0.4031"
"12,18 : 0.2059"
"18,12 : 0.2059"
"12,19 : 0.327"
"19,12 : 0.327"
"12,20 : 0.6313"
"20,12 : 0.6313"
"12,21 : 0.364"
"21,12 : 0.364"
"12,22 : 0.2941"
"22,12 : 0.2941"
"12,23 : 0.5412"
"23,12 : 0.5412"
"12,24 : 0.2256"
"24,12 : 0.2256"
"12,25 : 0.4717"
"25,12 : 0.4717"
"12,26 : 0.558"
"26,12 : 0.558"
"12,27 : 0.3808"
"27,12 : 0.3808"
"12,28 : 0.247"
"28,12 : 0.247"
"12,29 : 0.3859"
"29,12 : 0.3859"
"12,30 : 0.4924"
"30,12 : 0.4924"
"12,31 : 0.13"
"31,12 : 0.13"
"12,32 : 0.5728"
"32,12 : 0.5728"
"12,33 : 0.1503"
"33,12 : 0.1503"
"12,34 : 0.0943"
"34,12 : 0.0943"
"12,35 : 0.4549"
"35,12 : 0.4549"
"12,36 : 0.4177"
"36,12 : 0.4177"
"12,37 : 0.542"
"37,12 : 0.542"
"12,38 : 0.4219"
"38,12 : 0.4219"
"12,39 : 0.1432"
"39,12 : 0.1432"
"12,40 : 0.4804"
"40,12 : 0.4804"
"12,41 : 0.3534"
"41,12 : 0.3534"
"12,42 : 0.5554"
"42,12 : 0.5554"
"12,43 : 0.4308"
"43,12 : 0.4308"
"12,44 : 0.378"
"44,12 : 0.378"
"12,45 : 0.3"
"45,12 : 0.3"
"12,46 : 0.4111"
"46,12 : 0.4111"
"12,47 : 0.2789"
"47,12 : 0.2789"
"12,48 : 0.2377"
"48,12 : 0.2377"
"12,49 : 0.4528"
"49,12 : 0.4528"
"12,50 : 0.3087"
"50,12 : 0.3087"
"12,51 : 0.3981"
"51,12 : 0.3981"
"12,52 : 0.2746"
"52,12 : 0.2746"
"12,53 : 0.359"
"53,12 : 0.359"
"12,54 : 0.4925"
"54,12 : 0.4925"
"12,55 : 0.5033"
"55,12 : 0.5033"
"12,56 : 0.2062"
"56,12 : 0.2062"
"12,57 : 0.5111"
"57,12 : 0.5111"
"12,58 : 0.478"
"58,12 : 0.478"
"12,59 : 0.1345"
"59,12 : 0.1345"
"12,60 : 0.1404"
"60,12 : 0.1404"
"12,61 : 0.0762"
"61,12 : 0.0762"
"12,62 : 0.4522"
"62,12 : 0.4522"
"12,63 : 0.2371"
"63,12 : 0.2371"
"12,64 : 0.4817"
"64,12 : 0.4817"
"12,65 : 0.506"
"65,12 : 0.506"
"12,66 : 0.6161"
"66,12 : 0.6161"
"12,67 : 0.3863"
"67,12 : 0.3863"
"12,68 : 0.1992"
"68,12 : 0.1992"
"12,69 : 0.1526"
"69,12 : 0.1526"
"12,70 : 0.3536"
"70,12 : 0.3536"
"12,71 : 0.3225"
"71,12 : 0.3225"
"12,72 : 0.4717"
"72,12 : 0.4717"
"12,73 : 0.4805"
"73,12 : 0.4805"
"12,74 : 0.4649"
"74,12 : 0.4649"
"12,75 : 0.0224"
"75,12 : 0.0224"
"12,76 : 0.5685"
"76,12 : 0.5685"
"12,77 : 0.0361"
"77,12 : 0.0361"
"12,78 : 0.4438"
"78,12 : 0.4438"
"12,79 : 0.4391"
"79,12 : 0.4391"
"12,80 : 0.3606"
"80,12 : 0.3606"
"12,81 : 0.559"
"81,12 : 0.559"
"12,82 : 0.396"
"82,12 : 0.396"
"12,83 : 0.3946"
"83,12 : 0.3946"
"12,84 : 0.4909"
"84,12 : 0.4909"
"12,85 : 0.4833"
"85,12 : 0.4833"
"12,86 : 0.4"
"86,12 : 0.4"
"12,87 : 0.2561"
"87,12 : 0.2561"
"12,88 : 0.377"
"88,12 : 0.377"
"12,89 : 0.2214"
"89,12 : 0.2214"
"12,90 : 0.3607"
"90,12 : 0.3607"
"12,91 : 0.5"
"91,12 : 0.5"
"12,92 : 0.4405"
"92,12 : 0.4405"
"12,93 : 0.5636"
"93,12 : 0.5636"
"12,94 : 0.4245"
"94,12 : 0.4245"
"12,95 : 0.3362"
"95,12 : 0.3362"
"12,96 : 0.1456"
"96,12 : 0.1456"
"12,97 : 0.5263"
"97,12 : 0.5263"
"12,98 : 0.6162"
"98,12 : 0.6162"
"12,99 : 0.08"
"99,12 : 0.08"
"13,14 : 0.5457"
"14,13 : 0.5457"
"13,15 : 0.6835"
"15,13 : 0.6835"
"13,16 : 0.4579"
"16,13 : 0.4579"
"13,17 : 0.6093"
"17,13 : 0.6093"
"13,18 : 0.3517"
"18,13 : 0.3517"
"13,19 : 0.5694"
"19,13 : 0.5694"
"13,20 : 0.8766"
"20,13 : 0.8766"
"13,21 : 0.4837"
"21,13 : 0.4837"
"13,22 : 0.5324"
"22,13 : 0.5324"
"13,23 : 0.7101"
"23,13 : 0.7101"
"13,24 : 0.114"
"24,13 : 0.114"
