x,y
0.94,0.96
0.84,0.37
0.18,0.26
0.32,0.74
0.99,0.2
0.42,0.8
0.97,0.91
0.61,0.1
0.34,0.42
0.57,0.79
0.37,0.9
0.82,0.34
0.92,0.07
0.92,0.33
0.11,0.13
0.72,0.37
0.19,0.69
0.3,0.43
0.59,0.03
0.94,0.01
0.7,0.09
0.73,0.53
0.34,0.73
0.37,0.83
0.35,0.09
0.89,0.23
0.52,0.0
0.09,0.03
0.35,0.79
0.83,0.21
0.55,0.36
0.7,0.65
0.69,0.39
0.26,0.66
0.87,0.03
0.63,0.95
0.05,0.45
0.23,0.92
0.55,0.37
0.82,0.35
0.45,0.77
0.2,0.73
0.51,0.38
0.35,0.27
0.42,0.9
0.01,0.57
0.94,0.42
0.49,0.43
0.17,0.8
0.24,0.63
0.89,0.15
0.2,0.72
0.36,0.78
0.42,0.33
0.12,0.54
0.8,0.31
0.32,0.26
0.31,0.2
0.23,0.53
0.59,0.25
0.59,0.17
0.37,0.65
0.86,0.03
0.21,0.57
0.04,0.28
0.61,0.43
0.95,0.55
0.35,0.97
0.48,0.8
0.33,0.22
0.02,0.93
0.13,0.23
0.27,0.79
0.37,0.72
0.32,0.88
0.96,0.93
0.42,0.13
0.07,0.46
0.56,0.12
0.38,0.18
0.92,0.43
0.82,0.63
0.2,0.36
0.65,0.62
0.91,0.64
0.19,0.32
0.66,0.11
0.18,0.99
0.81,0.32
0.3,0.72
0.84,0.15
0.67,0.91
0.19,0.5
0.61,0.6
0.08,0.22
0.58,0.15
0.05,0.73
0.75,0.69
0.75,0.04
0.05,0.06

Distanze
"0,1 : 0.5984"
"1,0 : 0.5984"
"0,2 : 1.0332"
"2,0 : 1.0332"
"0,3 : 0.6579"
"3,0 : 0.6579"
"0,4 : 0.7616"
"4,0 : 0.7616"
"0,5 : 0.5441"
"5,0 : 0.5441"
"0,6 : 0.0583"
"6,0 : 0.0583"
"0,7 : 0.9211"
"7,0 : 0.9211"
"0,8 : 0.8072"
"8,0 : 0.8072"
"0,9 : 0.4072"
"9,0 : 0.4072"
"0,10 : 0.5731"
"10,0 : 0.5731"
"0,11 : 0.6315"
"11,0 : 0.6315"
"0,12 : 0.8902"
"12,0 : 0.8902"
"0,13 : 0.6303"
"13,0 : 0.6303"
"0,14 : 1.1738"
"14,0 : 1.1738"
"0,15 : 0.6297"
"15,0 : 0.6297"
"0,16 : 0.7971"
"16,0 : 0.7971"
"0,17 : 0.831"
"17,0 : 0.831"
"0,18 : 0.9937"
"18,0 : 0.9937"
"0,19 : 0.95"
"19,0 : 0.95"
"0,20 : 0.9025"
"20,0 : 0.9025"
"0,21 : 0.4785"
"21,0 : 0.4785"
"0,22 : 0.6426"
"22,0 : 0.6426"
"0,23 : 0.5846"
"23,0 : 0.5846"
"0,24 : 1.0512"
"24,0 : 1.0512"
"0,25 : 0.7317"
"25,0 : 0.7317"
"0,26 : 1.0479"
"26,0 : 1.0479"
"0,27 : 1.2599"
"27,0 : 1.2599"
"0,28 : 0.614"
"28,0 : 0.614"
"0,29 : 0.758"
"29,0 : 0.758"
"0,30 : 0.7156"
"30,0 : 0.7156"
"0,31 : 0.392"
"31,0 : 0.392"
"0,32 : 0.6224"
"32,0 : 0.6224"
"0,33 : 0.7432"
"33,0 : 0.7432"
"0,34 : 0.9326"
"34,0 : 0.9326"
"0,35 : 0.3102"
"35,0 : 0.3102"
"0,36 : 1.0258"
"36,0 : 1.0258"
"0,37 : 0.7111"
"37,0 : 0.7111"
"0,38 : 0.7072"
"38,0 : 0.7072"
"0,39 : 0.6217"
"39,0 : 0.6217"
"0,40 : 0.5255"
"40,0 : 0.5255"
"0,41 : 0.7749"
"41,0 : 0.7749"
"0,42 : 0.722"
"42,0 : 0.722"
"0,43 : 0.9079"
"43,0 : 0.9079"
"0,44 : 0.5235"
"44,0 : 0.5235"
"0,45 : 1.0085"
"45,0 : 1.0085"
"0,46 : 0.54"
"46,0 : 0.54"
"0,47 : 0.6953"
"47,0 : 0.6953"
"0,48 : 0.7864"
"48,0 : 0.7864"
"0,49 : 0.7739"
"49,0 : 0.7739"
"0,50 : 0.8115"
"50,0 : 0.8115"
"0,51 : 0.7779"
"51,0 : 0.7779"
"0,52 : 0.6073"
"52,0 : 0.6073"
"0,53 : 0.8169"
"53,0 : 0.8169"
"0,54 : 0.9213"
"54,0 : 0.9213"
"0,55 : 0.6649"
"55,0 : 0.6649"
"0,56 : 0.9351"
"56,0 : 0.9351"
"0,57 : 0.9872"
"57,0 : 0.9872"
"0,58 : 0.8301"
"58,0 : 0.8301"
"0,59 : 0.7916"
"59,0 : 0.7916"
"0,60 : 0.8641"
"60,0 : 0.8641"
"0,61 : 0.6488"
"61,0 : 0.6488"
"0,62 : 0.9334"
"62,0 : 0.9334"
"0,63 : 0.8276"
"63,0 : 0.8276"
"0,64 : 1.128"
"64,0 : 1.128"
"0,65 : 0.6243"
"65,0 : 0.6243"
"0,66 : 0.4101"
"66,0 : 0.4101"
"0,67 : 0.5901"
"67,0 : 0.5901"
"0,68 : 0.487"
"68,0 : 0.487"
"0,69 : 0.959"
"69,0 : 0.959"
"0,70 : 0.9205"
"70,0 : 0.9205"
"0,71 : 1.0904"
"71,0 : 1.0904"
"0,72 : 0.6912"
"72,0 : 0.6912"
"0,73 : 0.6185"
"73,0 : 0.6185"
"0,74 : 0.6251"
"74,0 : 0.6251"
"0,75 : 0.0361"
"75,0 : 0.0361"
"0,76 : 0.9794"
"76,0 : 0.9794"
"0,77 : 1.0034"
"77,0 : 1.0034"
"0,78 : 0.922"
"78,0 : 0.922"
"0,79 : 0.9602"
"79,0 : 0.9602"
"0,80 : 0.5304"
"80,0 : 0.5304"
"0,81 : 0.3511"
"81,0 : 0.3511"
"0,82 : 0.9527"
"82,0 : 0.9527"
"0,83 : 0.4469"
"83,0 : 0.4469"
"0,84 : 0.3214"
"84,0 : 0.3214"
"0,85 : 0.986"
"85,0 : 0.986"
"0,86 : 0.8949"
"86,0 : 0.8949"
"0,87 : 0.7606"
"87,0 : 0.7606"
"0,88 : 0.6531"
"88,0 : 0.6531"
"0,89 : 0.6835"
"89,0 : 0.6835"
"0,90 : 0.8161"
"90,0 : 0.8161"
"0,91 : 0.2746"
"91,0 : 0.2746"
"0,92 : 0.8798"
"92,0 : 0.8798"
"0,93 : 0.4884"
"93,0 : 0.4884"
"0,94 : 1.1345"
"94,0 : 1.1345"
"0,95 : 0.8864"
"95,0 : 0.8864"
"0,96 : 0.9192"
"96,0 : 0.9192"
"0,97 : 0.3302"
"97,0 : 0.3302"
"0,98 : 0.9394"
"98,0 : 0.9394"
"0,99 : 1.2657"
"99,0 : 1.2657"
"1,2 : 0.6691"
"2,1 : 0.6691"
"1,3 : 0.6382"
"3,1 : 0.6382"
"1,4 : 0.2267"
"4,1 : 0.2267"
"1,5 : 0.6011"
"5,1 : 0.6011"
"1,6 : 0.5554"
"6,1 : 0.5554"
"1,7 : 0.3547"
"7,1 : 0.3547"
"1,8 : 0.5025"
"8,1 : 0.5025"
"1,9 : 0.4993"
"9,1 : 0.4993"
"1,10 : 0.7084"
"10,1 : 0.7084"
"1,11 : 0.0361"
"11,1 : 0.0361"
"1,12 : 0.3105"
"12,1 : 0.3105"
"1,13 : 0.0894"
"13,1 : 0.0894"
"1,14 : 0.7684"
"14,1 : 0.7684"
"1,15 : 0.12"
"15,1 : 0.12"
"1,16 : 0.7245"
"16,1 : 0.7245"
"1,17 : 0.5433"
"17,1 : 0.5433"
"1,18 : 0.422"
"18,1 : 0.422"
"1,19 : 0.3736"
"19,1 : 0.3736"
"1,20 : 0.313"
"20,1 : 0.313"
"1,21 : 0.1942"
"21,1 : 0.1942"
"1,22 : 0.6161"
"22,1 : 0.6161"
"1,23 : 0.6576"
"23,1 : 0.6576"
"1,24 : 0.5644"
"24,1 : 0.5644"
"1,25 : 0.1487"
"25,1 : 0.1487"
"1,26 : 0.4892"
"26,1 : 0.4892"
"1,27 : 0.8235"
"27,1 : 0.8235"
"1,28 : 0.6454"
"28,1 : 0.6454"
"1,29 : 0.1603"
"29,1 : 0.1603"
"1,30 : 0.2902"
"30,1 : 0.2902"
"1,31 : 0.313"
"31,1 : 0.313"
"1,32 : 0.1513"
"32,1 : 0.1513"
"1,33 : 0.6485"
"33,1 : 0.6485"
"1,34 : 0.3413"
"34,1 : 0.3413"
"1,35 : 0.6168"
"35,1 : 0.6168"
"1,36 : 0.794"
"36,1 : 0.794"
"1,37 : 0.8213"
"37,1 : 0.8213"
"1,38 : 0.29"
"38,1 : 0.29"
"1,39 : 0.0283"
"39,1 : 0.0283"
"1,40 : 0.5587"
"40,1 : 0.5587"
"1,41 : 0.7343"
"41,1 : 0.7343"
"1,42 : 0.3302"
"42,1 : 0.3302"
"1,43 : 0.5001"
"43,1 : 0.5001"
"1,44 : 0.6762"
"44,1 : 0.6762"
"1,45 : 0.8538"
"45,1 : 0.8538"
"1,46 : 0.1118"
"46,1 : 0.1118"
"1,47 : 0.3551"
"47,1 : 0.3551"
"1,48 : 0.7961"
"48,1 : 0.7961"
"1,49 : 0.6539"
"49,1 : 0.6539"
"1,50 : 0.2256"
"50,1 : 0.2256"
"1,51 : 0.7295"
"51,1 : 0.7295"
"1,52 : 0.6313"
"52,1 : 0.6313"
"1,53 : 0.4219"
"53,1 : 0.4219"
"1,54 : 0.7398"
"54,1 : 0.7398"
"1,55 : 0.0721"
"55,1 : 0.0721"
"1,56 : 0.5315"
"56,1 : 0.5315"
"1,57 : 0.5566"
"57,1 : 0.5566"
"1,58 : 0.6306"
"58,1 : 0.6306"
"1,59 : 0.2773"
"59,1 : 0.2773"
"1,60 : 0.3202"
"60,1 : 0.3202"
"1,61 : 0.5471"
"61,1 : 0.5471"
"1,62 : 0.3406"
"62,1 : 0.3406"
"1,63 : 0.661"
"63,1 : 0.661"
"1,64 : 0.805"
"64,1 : 0.805"
"1,65 : 0.2377"
"65,1 : 0.2377"
"1,66 : 0.211"
"66,1 : 0.211"
"1,67 : 0.7747"
"67,1 : 0.7747"
"1,68 : 0.5608"
"68,1 : 0.5608"
"1,69 : 0.5316"
"69,1 : 0.5316"
"1,70 : 0.993"
"70,1 : 0.993"
"1,71 : 0.7237"
"71,1 : 0.7237"
"1,72 : 0.708"
"72,1 : 0.708"
"1,73 : 0.586"
"73,1 : 0.586"
"1,74 : 0.7284"
"74,1 : 0.7284"
"1,75 : 0.5727"
"75,1 : 0.5727"
"1,76 : 0.4837"
"76,1 : 0.4837"
"1,77 : 0.7752"
"77,1 : 0.7752"
"1,78 : 0.3754"
"78,1 : 0.3754"
"1,79 : 0.4977"
"79,1 : 0.4977"
"1,80 : 0.1"
"80,1 : 0.1"
"1,81 : 0.2608"
"81,1 : 0.2608"
"1,82 : 0.6401"
"82,1 : 0.6401"
"1,83 : 0.314"
"83,1 : 0.314"
"1,84 : 0.2789"
"84,1 : 0.2789"
"1,85 : 0.6519"
"85,1 : 0.6519"
"1,86 : 0.3162"
"86,1 : 0.3162"
"1,87 : 0.9055"
"87,1 : 0.9055"
"1,88 : 0.0583"
"88,1 : 0.0583"
"1,89 : 0.6435"
"89,1 : 0.6435"
"1,90 : 0.22"
"90,1 : 0.22"
"1,91 : 0.5661"
"91,1 : 0.5661"
"1,92 : 0.6629"
"92,1 : 0.6629"
"1,93 : 0.3253"
"93,1 : 0.3253"
"1,94 : 0.7747"
"94,1 : 0.7747"
"1,95 : 0.3406"
"95,1 : 0.3406"
"1,96 : 0.8682"
"96,1 : 0.8682"
"1,97 : 0.3324"
"97,1 : 0.3324"
"1,98 : 0.3421"
"98,1 : 0.3421"
"1,99 : 0.8486"
"99,1 : 0.8486"
"2,3 : 0.5"
"3,2 : 0.5"
"2,4 : 0.8122"
"4,2 : 0.8122"
"2,5 : 0.5909"
"5,2 : 0.5909"
"2,6 : 1.023"
"6,2 : 1.023"
"2,7 : 0.4588"
"7,2 : 0.4588"
"2,8 : 0.2263"
"8,2 : 0.2263"
"2,9 : 0.658"
"9,2 : 0.658"
"2,10 : 0.6676"
"10,2 : 0.6676"
"2,11 : 0.645"
"11,2 : 0.645"
"2,12 : 0.764"
"12,2 : 0.764"
"2,13 : 0.7433"
"13,2 : 0.7433"
"2,14 : 0.1476"
"14,2 : 0.1476"
"2,15 : 0.5511"
"15,2 : 0.5511"
"2,16 : 0.4301"
"16,2 : 0.4301"
"2,17 : 0.2081"
"17,2 : 0.2081"
"2,18 : 0.4701"
"18,2 : 0.4701"
"2,19 : 0.8001"
"19,2 : 0.8001"
"2,20 : 0.5471"
"20,2 : 0.5471"
"2,21 : 0.6127"
"21,2 : 0.6127"
"2,22 : 0.4965"
"22,2 : 0.4965"
"2,23 : 0.6008"
"23,2 : 0.6008"
"2,24 : 0.2404"
"24,2 : 0.2404"
"2,25 : 0.7106"
"25,2 : 0.7106"
"2,26 : 0.428"
"26,2 : 0.428"
"2,27 : 0.247"
"27,2 : 0.247"
"2,28 : 0.5566"
"28,2 : 0.5566"
"2,29 : 0.6519"
"29,2 : 0.6519"
"2,30 : 0.3833"
"30,2 : 0.3833"
"2,31 : 0.65"
"31,2 : 0.65"
"2,32 : 0.5263"
"32,2 : 0.5263"
"2,33 : 0.4079"
"33,2 : 0.4079"
"2,34 : 0.7273"
"34,2 : 0.7273"
"2,35 : 0.8238"
"35,2 : 0.8238"
"2,36 : 0.2302"
"36,2 : 0.2302"
"2,37 : 0.6619"
"37,2 : 0.6619"
"2,38 : 0.386"
"38,2 : 0.386"
"2,39 : 0.6463"
"39,2 : 0.6463"
"2,40 : 0.5771"
"40,2 : 0.5771"
"2,41 : 0.4704"
"41,2 : 0.4704"
"2,42 : 0.3511"
"42,2 : 0.3511"
"2,43 : 0.1703"
"43,2 : 0.1703"
"2,44 : 0.6835"
"44,2 : 0.6835"
"2,45 : 0.3536"
"45,2 : 0.3536"
"2,46 : 0.7767"
"46,2 : 0.7767"
"2,47 : 0.3536"
"47,2 : 0.3536"
"2,48 : 0.5401"
"48,2 : 0.5401"
"2,49 : 0.3748"
"49,2 : 0.3748"
"2,50 : 0.7185"
"50,2 : 0.7185"
"2,51 : 0.4604"
"51,2 : 0.4604"
"2,52 : 0.5503"
"52,2 : 0.5503"
"2,53 : 0.25"
"53,2 : 0.25"
"2,54 : 0.2864"
"54,2 : 0.2864"
"2,55 : 0.622"
"55,2 : 0.622"
"2,56 : 0.14"
"56,2 : 0.14"
"2,57 : 0.1432"
"57,2 : 0.1432"
"2,58 : 0.2746"
"58,2 : 0.2746"
"2,59 : 0.4101"
"59,2 : 0.4101"
"2,60 : 0.4198"
"60,2 : 0.4198"
"2,61 : 0.4338"
"61,2 : 0.4338"
"2,62 : 0.7178"
"62,2 : 0.7178"
"2,63 : 0.3114"
"63,2 : 0.3114"
"2,64 : 0.1414"
"64,2 : 0.1414"
"2,65 : 0.4624"
"65,2 : 0.4624"
"2,66 : 0.8228"
"66,2 : 0.8228"
"2,67 : 0.7301"
"67,2 : 0.7301"
"2,68 : 0.6177"
"68,2 : 0.6177"
"2,69 : 0.1552"
"69,2 : 0.1552"
"2,70 : 0.6888"
"70,2 : 0.6888"
"2,71 : 0.0583"
"71,2 : 0.0583"
"2,72 : 0.5376"
"72,2 : 0.5376"
"2,73 : 0.4977"
"73,2 : 0.4977"
"2,74 : 0.6356"
"74,2 : 0.6356"
"2,75 : 1.0283"
"75,2 : 1.0283"
"2,76 : 0.2729"
"76,2 : 0.2729"
"2,77 : 0.2283"
"77,2 : 0.2283"
"2,78 : 0.405"
"78,2 : 0.405"
"2,79 : 0.2154"
"79,2 : 0.2154"
"2,80 : 0.7593"
"80,2 : 0.7593"
"2,81 : 0.7393"
"81,2 : 0.7393"
"2,82 : 0.102"
"82,2 : 0.102"
"2,83 : 0.592"
"83,2 : 0.592"
"2,84 : 0.823"
"84,2 : 0.823"
"2,85 : 0.0608"
"85,2 : 0.0608"
"2,86 : 0.5029"
"86,2 : 0.5029"
"2,87 : 0.73"
"87,2 : 0.73"
"2,88 : 0.6329"
"88,2 : 0.6329"
"2,89 : 0.4754"
"89,2 : 0.4754"
"2,90 : 0.6691"
"90,2 : 0.6691"
"2,91 : 0.814"
"91,2 : 0.814"
"2,92 : 0.2402"
"92,2 : 0.2402"
"2,93 : 0.5482"
"93,2 : 0.5482"
"2,94 : 0.1077"
"94,2 : 0.1077"
"2,95 : 0.4148"
"95,2 : 0.4148"
"2,96 : 0.4876"
"96,2 : 0.4876"
"2,97 : 0.714"
"97,2 : 0.714"
"2,98 : 0.611"
"98,2 : 0.611"
"2,99 : 0.2385"
"99,2 : 0.2385"
"3,4 : 0.8605"
"4,3 : 0.8605"
"3,5 : 0.1166"
"5,3 : 0.1166"
"3,6 : 0.6719"
"6,3 : 0.6719"
"3,7 : 0.7026"
"7,3 : 0.7026"
"3,8 : 0.3206"
"8,3 : 0.3206"
"3,9 : 0.255"
"9,3 : 0.255"
"3,10 : 0.1676"
"10,3 : 0.1676"
"3,11 : 0.6403"
"11,3 : 0.6403"
"3,12 : 0.8994"
"12,3 : 0.8994"
"3,13 : 0.7267"
"13,3 : 0.7267"
"3,14 : 0.6451"
"14,3 : 0.6451"
"3,15 : 0.5449"
"15,3 : 0.5449"
"3,16 : 0.1393"
"16,3 : 0.1393"
"3,17 : 0.3106"
"17,3 : 0.3106"
"3,18 : 0.7596"
"18,3 : 0.7596"
"3,19 : 0.9578"
"19,3 : 0.9578"
"3,20 : 0.7529"
"20,3 : 0.7529"
"3,21 : 0.4607"
"21,3 : 0.4607"
"3,22 : 0.0224"
"22,3 : 0.0224"
"3,23 : 0.103"
"23,3 : 0.103"
"3,24 : 0.6507"
"24,3 : 0.6507"
"3,25 : 0.7649"
"25,3 : 0.7649"
"3,26 : 0.7666"
"26,3 : 0.7666"
"3,27 : 0.7463"
"27,3 : 0.7463"
"3,28 : 0.0583"
"28,3 : 0.0583"
"3,29 : 0.7355"
"29,3 : 0.7355"
"3,30 : 0.4442"
"30,3 : 0.4442"
"3,31 : 0.3905"
"31,3 : 0.3905"
"3,32 : 0.5093"
"32,3 : 0.5093"
"3,33 : 0.1"
"33,3 : 0.1"
"3,34 : 0.8981"
"34,3 : 0.8981"
"3,35 : 0.3744"
"35,3 : 0.3744"
"3,36 : 0.3962"
"36,3 : 0.3962"
"3,37 : 0.2012"
"37,3 : 0.2012"
"3,38 : 0.4357"
"38,3 : 0.4357"
"3,39 : 0.6341"
"39,3 : 0.6341"
"3,40 : 0.1334"
"40,3 : 0.1334"
"3,41 : 0.1204"
"41,3 : 0.1204"
"3,42 : 0.4071"
"42,3 : 0.4071"
"3,43 : 0.471"
"43,3 : 0.471"
"3,44 : 0.1887"
"44,3 : 0.1887"
"3,45 : 0.3536"
"45,3 : 0.3536"
"3,46 : 0.6977"
"46,3 : 0.6977"
"3,47 : 0.3536"
"47,3 : 0.3536"
"3,48 : 0.1616"
"48,3 : 0.1616"
"3,49 : 0.136"
"49,3 : 0.136"
"3,50 : 0.8204"
"50,3 : 0.8204"
"3,51 : 0.1217"
"51,3 : 0.1217"
"3,52 : 0.0566"
"52,3 : 0.0566"
"3,53 : 0.422"
"53,3 : 0.422"
"3,54 : 0.2828"
"54,3 : 0.2828"
"3,55 : 0.6444"
"55,3 : 0.6444"
"3,56 : 0.48"
"56,3 : 0.48"
"3,57 : 0.5401"
"57,3 : 0.5401"
"3,58 : 0.2285"
"58,3 : 0.2285"
"3,59 : 0.5595"
"59,3 : 0.5595"
"3,60 : 0.6307"
"60,3 : 0.6307"
"3,61 : 0.103"
"61,3 : 0.103"
"3,62 : 0.892"
"62,3 : 0.892"
"3,63 : 0.2025"
"63,3 : 0.2025"
"3,64 : 0.5385"
"64,3 : 0.5385"
"3,65 : 0.4245"
"65,3 : 0.4245"
"3,66 : 0.658"
"66,3 : 0.658"
"3,67 : 0.2319"
"67,3 : 0.2319"
"3,68 : 0.1709"
"68,3 : 0.1709"
"3,69 : 0.5201"
"69,3 : 0.5201"
"3,70 : 0.3551"
"70,3 : 0.3551"
"3,71 : 0.5442"
"71,3 : 0.5442"
"3,72 : 0.0707"
"72,3 : 0.0707"
"3,73 : 0.0539"
"73,3 : 0.0539"
"3,74 : 0.14"
"74,3 : 0.14"
"3,75 : 0.6676"
"75,3 : 0.6676"
"3,76 : 0.6181"
"76,3 : 0.6181"
"3,77 : 0.3754"
"77,3 : 0.3754"
"3,78 : 0.6648"
"78,3 : 0.6648"
"3,79 : 0.5632"
"79,3 : 0.5632"
"3,80 : 0.6754"
"80,3 : 0.6754"
"3,81 : 0.512"
"81,3 : 0.512"
"3,82 : 0.3985"
"82,3 : 0.3985"
"3,83 : 0.3511"
"83,3 : 0.3511"
"3,84 : 0.5984"
"84,3 : 0.5984"
"3,85 : 0.4397"
"85,3 : 0.4397"
"3,86 : 0.7159"
"86,3 : 0.7159"
"3,87 : 0.2865"
"87,3 : 0.2865"
"3,88 : 0.6454"
"88,3 : 0.6454"
"3,89 : 0.0283"
"89,3 : 0.0283"
"3,90 : 0.7864"
"90,3 : 0.7864"
"3,91 : 0.3891"
"91,3 : 0.3891"
"3,92 : 0.2729"
"92,3 : 0.2729"
"3,93 : 0.322"
"93,3 : 0.322"
"3,94 : 0.5727"
"94,3 : 0.5727"
"3,95 : 0.6447"
"95,3 : 0.6447"
"3,96 : 0.2702"
"96,3 : 0.2702"
"3,97 : 0.4329"
"97,3 : 0.4329"
"3,98 : 0.8215"
"98,3 : 0.8215"
"3,99 : 0.7316"
"99,3 : 0.7316"
"4,5 : 0.8276"
"5,4 : 0.8276"
"4,6 : 0.7103"
"6,4 : 0.7103"
"4,7 : 0.3929"
"7,4 : 0.3929"
"4,8 : 0.6862"
"8,4 : 0.6862"
"4,9 : 0.7242"
"9,4 : 0.7242"
"4,10 : 0.9351"
"10,4 : 0.9351"
"4,11 : 0.2202"
"11,4 : 0.2202"
"4,12 : 0.1476"
"12,4 : 0.1476"
"4,13 : 0.1476"
"13,4 : 0.1476"
"4,14 : 0.8828"
"14,4 : 0.8828"
"4,15 : 0.3191"
"15,4 : 0.3191"
"4,16 : 0.9381"
"16,4 : 0.9381"
"4,17 : 0.7273"
"17,4 : 0.7273"
"4,18 : 0.4346"
"18,4 : 0.4346"
"4,19 : 0.1965"
"19,4 : 0.1965"
"4,20 : 0.3102"
"20,4 : 0.3102"
"4,21 : 0.4201"
"21,4 : 0.4201"
"4,22 : 0.8387"
"22,4 : 0.8387"
"4,23 : 0.8839"
"23,4 : 0.8839"
"4,24 : 0.6494"
"24,4 : 0.6494"
"4,25 : 0.1044"
"25,4 : 0.1044"
"4,26 : 0.5108"
"26,4 : 0.5108"
"4,27 : 0.9159"
"27,4 : 0.9159"
"4,28 : 0.8705"
"28,4 : 0.8705"
"4,29 : 0.1603"
"29,4 : 0.1603"
"4,30 : 0.4682"
"30,4 : 0.4682"
"4,31 : 0.5354"
"31,4 : 0.5354"
"4,32 : 0.3551"
"32,4 : 0.3551"
"4,33 : 0.8628"
"33,4 : 0.8628"
"4,34 : 0.2081"
"34,4 : 0.2081"
"4,35 : 0.8319"
"35,4 : 0.8319"
"4,36 : 0.9727"
"36,4 : 0.9727"
"4,37 : 1.0469"
"37,4 : 1.0469"
"4,38 : 0.4717"
"38,4 : 0.4717"
"4,39 : 0.2267"
"39,4 : 0.2267"
"4,40 : 0.7852"
"40,4 : 0.7852"
"4,41 : 0.9513"
"41,4 : 0.9513"
"4,42 : 0.5126"
"42,4 : 0.5126"
"4,43 : 0.6438"
"43,4 : 0.6438"
"4,44 : 0.9027"
"44,4 : 0.9027"
"4,45 : 1.0475"
"45,4 : 1.0475"
"4,46 : 0.2256"
"46,4 : 0.2256"
"4,47 : 0.5504"
"47,4 : 0.5504"
"4,48 : 1.0161"
"48,4 : 1.0161"
"4,49 : 0.8645"
"49,4 : 0.8645"
"4,50 : 0.1118"
"50,4 : 0.1118"
"4,51 : 0.9458"
"51,4 : 0.9458"
"4,52 : 0.8563"
"52,4 : 0.8563"
"4,53 : 0.5846"
"53,4 : 0.5846"
"4,54 : 0.9341"
"54,4 : 0.9341"
"4,55 : 0.2195"
"55,4 : 0.2195"
"4,56 : 0.6727"
"56,4 : 0.6727"
"4,57 : 0.68"
"57,4 : 0.68"
"4,58 : 0.8286"
"58,4 : 0.8286"
"4,59 : 0.4031"
"59,4 : 0.4031"
"4,60 : 0.4011"
"60,4 : 0.4011"
"4,61 : 0.7661"
"61,4 : 0.7661"
"4,62 : 0.214"
"62,4 : 0.214"
"4,63 : 0.8633"
"63,4 : 0.8633"
"4,64 : 0.9534"
"64,4 : 0.9534"
"4,65 : 0.4442"
"65,4 : 0.4442"
"4,66 : 0.3523"
"66,4 : 0.3523"
"4,67 : 1.0012"
"67,4 : 1.0012"
"4,68 : 0.7875"
"68,4 : 0.7875"
"4,69 : 0.6603"
"69,4 : 0.6603"
"4,70 : 1.214"
"70,4 : 1.214"
"4,71 : 0.8605"
"71,4 : 0.8605"
"4,72 : 0.9309"
"72,4 : 0.9309"
"4,73 : 0.8092"
"73,4 : 0.8092"
"4,74 : 0.9546"
"74,4 : 0.9546"
"4,75 : 0.7306"
"75,4 : 0.7306"
"4,76 : 0.5743"
"76,4 : 0.5743"
"4,77 : 0.956"
"77,4 : 0.956"
"4,78 : 0.4374"
"78,4 : 0.4374"
"4,79 : 0.6103"
"79,4 : 0.6103"
"4,80 : 0.2404"
"80,4 : 0.2404"
"4,81 : 0.4624"
"81,4 : 0.4624"
"4,82 : 0.806"
"82,4 : 0.806"
"4,83 : 0.5404"
"83,4 : 0.5404"
"4,84 : 0.4472"
"84,4 : 0.4472"
"4,85 : 0.8089"
"85,4 : 0.8089"
"4,86 : 0.3421"
"86,4 : 0.3421"
"4,87 : 1.1315"
"87,4 : 1.1315"
"4,88 : 0.2163"
"88,4 : 0.2163"
"4,89 : 0.864"
"89,4 : 0.864"
"4,90 : 0.1581"
"90,4 : 0.1581"
"4,91 : 0.7788"
"91,4 : 0.7788"
"4,92 : 0.8544"
"92,4 : 0.8544"
"4,93 : 0.5517"
"93,4 : 0.5517"
"4,94 : 0.9102"
"94,4 : 0.9102"
"4,95 : 0.413"
"95,4 : 0.413"
"4,96 : 1.0791"
"96,4 : 1.0791"
"4,97 : 0.5456"
"97,4 : 0.5456"
"4,98 : 0.2884"
"98,4 : 0.2884"
"4,99 : 0.9504"
"99,4 : 0.9504"
"5,6 : 0.5609"
"6,5 : 0.5609"
"5,7 : 0.7253"
"7,5 : 0.7253"
"5,8 : 0.3883"
"8,5 : 0.3883"
"5,9 : 0.1503"
"9,5 : 0.1503"
"5,10 : 0.1118"
"10,5 : 0.1118"
"5,11 : 0.6096"
"11,5 : 0.6096"
"5,12 : 0.8848"
"12,5 : 0.8848"
"5,13 : 0.6862"
"13,5 : 0.6862"
"5,14 : 0.7382"
"14,5 : 0.7382"
"5,15 : 0.5243"
"15,5 : 0.5243"
"5,16 : 0.255"
"16,5 : 0.255"
"5,17 : 0.389"
"17,5 : 0.389"
"5,18 : 0.7885"
"18,5 : 0.7885"
"5,19 : 0.9458"
"19,5 : 0.9458"
"5,20 : 0.7632"
"20,5 : 0.7632"
"5,21 : 0.4111"
"21,5 : 0.4111"
"5,22 : 0.1063"
"22,5 : 0.1063"
"5,23 : 0.0583"
"23,5 : 0.0583"
"5,24 : 0.7134"
"24,5 : 0.7134"
"5,25 : 0.7388"
"25,5 : 0.7388"
"5,26 : 0.8062"
"26,5 : 0.8062"
"5,27 : 0.8377"
"27,5 : 0.8377"
"5,28 : 0.0707"
"28,5 : 0.0707"
"5,29 : 0.7185"
"29,5 : 0.7185"
"5,30 : 0.4588"
"30,5 : 0.4588"
"5,31 : 0.3176"
"31,5 : 0.3176"
"5,32 : 0.4909"
"32,5 : 0.4909"
"5,33 : 0.2126"
"33,5 : 0.2126"
"5,34 : 0.8919"
"34,5 : 0.8919"
"5,35 : 0.2581"
"35,5 : 0.2581"
"5,36 : 0.5093"
"36,5 : 0.5093"
"5,37 : 0.2247"
"37,5 : 0.2247"
"5,38 : 0.4492"
"38,5 : 0.4492"
"5,39 : 0.6021"
"39,5 : 0.6021"
"5,40 : 0.0424"
"40,5 : 0.0424"
"5,41 : 0.2309"
"41,5 : 0.2309"
"5,42 : 0.4295"
"42,5 : 0.4295"
"5,43 : 0.5346"
"43,5 : 0.5346"
"5,44 : 0.1"
"44,5 : 0.1"
"5,45 : 0.4701"
"45,5 : 0.4701"
"5,46 : 0.644"
"46,5 : 0.644"
"5,47 : 0.3766"
"47,5 : 0.3766"
"5,48 : 0.25"
"48,5 : 0.25"
"5,49 : 0.2476"
"49,5 : 0.2476"
"5,50 : 0.8021"
"50,5 : 0.8021"
"5,51 : 0.2341"
"51,5 : 0.2341"
"5,52 : 0.0632"
"52,5 : 0.0632"
"5,53 : 0.47"
"53,5 : 0.47"
"5,54 : 0.397"
"54,5 : 0.397"
"5,55 : 0.6201"
"55,5 : 0.6201"
"5,56 : 0.5492"
"56,5 : 0.5492"
"5,57 : 0.61"
"57,5 : 0.61"
"5,58 : 0.3302"
"58,5 : 0.3302"
"5,59 : 0.5757"
"59,5 : 0.5757"
"5,60 : 0.6525"
"60,5 : 0.6525"
"5,61 : 0.1581"
"61,5 : 0.1581"
"5,62 : 0.8868"
"62,5 : 0.8868"
"5,63 : 0.3114"
"63,5 : 0.3114"
"5,64 : 0.644"
"64,5 : 0.644"
"5,65 : 0.4159"
"65,5 : 0.4159"
"5,66 : 0.586"
"66,5 : 0.586"
"5,67 : 0.1838"
"67,5 : 0.1838"
"5,68 : 0.06"
"68,5 : 0.06"
"5,69 : 0.5869"
"69,5 : 0.5869"
"5,70 : 0.4206"
"70,5 : 0.4206"
"5,71 : 0.6395"
"71,5 : 0.6395"
"5,72 : 0.1503"
"72,5 : 0.1503"
"5,73 : 0.0943"
"73,5 : 0.0943"
"5,74 : 0.1281"
"74,5 : 0.1281"
"5,75 : 0.5554"
"75,5 : 0.5554"
"5,76 : 0.67"
"76,5 : 0.67"
"5,77 : 0.488"
"77,5 : 0.488"
"5,78 : 0.6943"
"78,5 : 0.6943"
"5,79 : 0.6213"
"79,5 : 0.6213"
"5,80 : 0.622"
"80,5 : 0.622"
"5,81 : 0.4346"
"81,5 : 0.4346"
"5,82 : 0.4919"
"82,5 : 0.4919"
"5,83 : 0.2921"
"83,5 : 0.2921"
"5,84 : 0.5155"
"84,5 : 0.5155"
"5,85 : 0.5323"
"85,5 : 0.5323"
"5,86 : 0.7305"
"86,5 : 0.7305"
"5,87 : 0.3061"
"87,5 : 0.3061"
"5,88 : 0.6185"
"88,5 : 0.6185"
"5,89 : 0.1442"
"89,5 : 0.1442"
"5,90 : 0.7739"
"90,5 : 0.7739"
"5,91 : 0.2731"
"91,5 : 0.2731"
"5,92 : 0.378"
"92,5 : 0.378"
"5,93 : 0.2759"
"93,5 : 0.2759"
"5,94 : 0.6723"
"94,5 : 0.6723"
"5,95 : 0.6694"
"95,5 : 0.6694"
"5,96 : 0.3766"
"96,5 : 0.3766"
"5,97 : 0.3479"
"97,5 : 0.3479"
"5,98 : 0.8286"
"98,5 : 0.8286"
"5,99 : 0.8273"
"99,5 : 0.8273"
"6,7 : 0.8864"
"7,6 : 0.8864"
"6,8 : 0.7981"
"8,6 : 0.7981"
"6,9 : 0.4176"
"9,6 : 0.4176"
"6,10 : 0.6001"
"10,6 : 0.6001"
"6,11 : 0.5894"
"11,6 : 0.5894"
"6,12 : 0.8415"
"12,6 : 0.8415"
"6,13 : 0.5822"
"13,6 : 0.5822"
"6,14 : 1.161"
"14,6 : 1.161"
"6,15 : 0.5951"
"15,6 : 0.5951"
"6,16 : 0.8104"
"16,6 : 0.8104"
"6,17 : 0.8242"
"17,6 : 0.8242"
"6,18 : 0.9585"
"18,6 : 0.9585"
"6,19 : 0.9005"
"19,6 : 0.9005"
"6,20 : 0.8633"
"20,6 : 0.8633"
"6,21 : 0.4494"
"21,6 : 0.4494"
"6,22 : 0.6552"
"22,6 : 0.6552"
"6,23 : 0.6053"
"23,6 : 0.6053"
"6,24 : 1.028"
"24,6 : 1.028"
"6,25 : 0.6847"
"25,6 : 0.6847"
"6,26 : 1.0152"
"26,6 : 1.0152"
"6,27 : 1.2445"
"27,6 : 1.2445"
"6,28 : 0.6315"
"28,6 : 0.6315"
"6,29 : 0.7139"
"29,6 : 0.7139"
"6,30 : 0.692"
"30,6 : 0.692"
"6,31 : 0.3748"
"31,6 : 0.3748"
"6,32 : 0.5906"
"32,6 : 0.5906"
"6,33 : 0.7527"
"33,6 : 0.7527"
"6,34 : 0.8857"
"34,6 : 0.8857"
"6,35 : 0.3423"
"35,6 : 0.3423"
"6,36 : 1.0286"
"36,6 : 1.0286"
"6,37 : 0.7401"
"37,6 : 0.7401"
"6,38 : 0.6841"
"38,6 : 0.6841"
"6,39 : 0.5797"
"39,6 : 0.5797"
"6,40 : 0.5385"
"40,6 : 0.5385"
"6,41 : 0.7908"
"41,6 : 0.7908"
"6,42 : 0.7018"
"42,6 : 0.7018"
"6,43 : 0.8911"
"43,6 : 0.8911"
"6,44 : 0.5501"
"44,6 : 0.5501"
"6,45 : 1.0184"
"45,6 : 1.0184"
"6,46 : 0.4909"
"46,6 : 0.4909"
"6,47 : 0.6788"
"47,6 : 0.6788"
"6,48 : 0.8075"
"48,6 : 0.8075"
"6,49 : 0.7819"
"49,6 : 0.7819"
"6,50 : 0.7642"
"50,6 : 0.7642"
"6,51 : 0.7931"
"51,6 : 0.7931"
"6,52 : 0.6237"
"52,6 : 0.6237"
"6,53 : 0.7993"
"53,6 : 0.7993"
"6,54 : 0.927"
"54,6 : 0.927"
"6,55 : 0.6236"
"55,6 : 0.6236"
"6,56 : 0.9192"
"56,6 : 0.9192"
"6,57 : 0.9694"
"57,6 : 0.9694"
"6,58 : 0.8319"
"58,6 : 0.8319"
"6,59 : 0.7616"
"59,6 : 0.7616"
"6,60 : 0.8319"
"60,6 : 0.8319"
"6,61 : 0.6539"
"61,6 : 0.6539"
"6,62 : 0.8868"
"62,6 : 0.8868"
"6,63 : 0.8326"
"63,6 : 0.8326"
"6,64 : 1.1233"
"64,6 : 1.1233"
"6,65 : 0.6"
"65,6 : 0.6"
"6,66 : 0.3606"
"66,6 : 0.3606"
"6,67 : 0.6229"
"67,6 : 0.6229"
"6,68 : 0.5022"
"68,6 : 0.5022"
"6,69 : 0.9411"
"69,6 : 0.9411"
"6,70 : 0.9502"
"70,6 : 0.9502"
"6,71 : 1.0807"
"71,6 : 1.0807"
"6,72 : 0.7102"
"72,6 : 0.7102"
"6,73 : 0.6294"
"73,6 : 0.6294"
"6,74 : 0.6507"
"74,6 : 0.6507"
"6,75 : 0.0224"
"75,6 : 0.0224"
"6,76 : 0.9544"
"76,6 : 0.9544"
"6,77 : 1.0062"
"77,6 : 1.0062"
"6,78 : 0.8901"
"78,6 : 0.8901"
"6,79 : 0.9386"
"79,6 : 0.9386"
"6,80 : 0.4826"
"80,6 : 0.4826"
"6,81 : 0.3176"
"81,6 : 0.3176"
"6,82 : 0.9463"
"82,6 : 0.9463"
"6,83 : 0.4319"
"83,6 : 0.4319"
"6,84 : 0.2766"
"84,6 : 0.2766"
"6,85 : 0.978"
"85,6 : 0.978"
"6,86 : 0.858"
"86,6 : 0.858"
"6,87 : 0.794"
"87,6 : 0.794"
"6,88 : 0.6113"
"88,6 : 0.6113"
"6,89 : 0.6964"
"89,6 : 0.6964"
"6,90 : 0.771"
"90,6 : 0.771"
"6,91 : 0.3"
"91,6 : 0.3"
"6,92 : 0.8812"
"92,6 : 0.8812"
"6,93 : 0.4751"
"93,6 : 0.4751"
"6,94 : 1.1261"
"94,6 : 1.1261"
"6,95 : 0.8542"
"95,6 : 0.8542"
"6,96 : 0.9374"
"96,6 : 0.9374"
"6,97 : 0.3111"
"97,6 : 0.3111"
"6,98 : 0.8974"
"98,6 : 0.8974"
"6,99 : 1.2526"
"99,6 : 1.2526"
"7,8 : 0.4187"
"8,7 : 0.4187"
"7,9 : 0.6912"
"9,7 : 0.6912"
"7,10 : 0.8352"
"10,7 : 0.8352"
"7,11 : 0.3189"
"11,7 : 0.3189"
"7,12 : 0.3114"
"12,7 : 0.3114"
"7,13 : 0.386"
"13,7 : 0.386"
"7,14 : 0.5009"
"14,7 : 0.5009"
"7,15 : 0.2915"
"15,7 : 0.2915"
"7,16 : 0.7242"
"16,7 : 0.7242"
"7,17 : 0.4528"
"17,7 : 0.4528"
"7,18 : 0.0728"
"18,7 : 0.0728"
"7,19 : 0.3421"
"19,7 : 0.3421"
"7,20 : 0.0906"
"20,7 : 0.0906"
"7,21 : 0.4464"
"21,7 : 0.4464"
"7,22 : 0.6854"
"22,7 : 0.6854"
"7,23 : 0.7684"
"23,7 : 0.7684"
"7,24 : 0.2602"
"24,7 : 0.2602"
"7,25 : 0.3087"
"25,7 : 0.3087"
"7,26 : 0.1345"
"26,7 : 0.1345"
"7,27 : 0.5247"
"27,7 : 0.5247"
"7,28 : 0.7374"
"28,7 : 0.7374"
"7,29 : 0.246"
"29,7 : 0.246"
"7,30 : 0.2668"
"30,7 : 0.2668"
"7,31 : 0.5573"
"31,7 : 0.5573"
"7,32 : 0.3008"
"32,7 : 0.3008"
"7,33 : 0.6604"
"33,7 : 0.6604"
"7,34 : 0.2693"
"34,7 : 0.2693"
"7,35 : 0.8502"
"35,7 : 0.8502"
"7,36 : 0.6604"
"36,7 : 0.6604"
"7,37 : 0.9038"
"37,7 : 0.9038"
"7,38 : 0.2766"
"38,7 : 0.2766"
"7,39 : 0.3265"
"39,7 : 0.3265"
"7,40 : 0.6888"
"40,7 : 0.6888"
"7,41 : 0.7517"
"41,7 : 0.7517"
"7,42 : 0.2973"
"42,7 : 0.2973"
"7,43 : 0.3106"
"43,7 : 0.3106"
"7,44 : 0.8223"
"44,7 : 0.8223"
"7,45 : 0.7622"
"45,7 : 0.7622"
"7,46 : 0.4597"
"46,7 : 0.4597"
"7,47 : 0.3511"
"47,7 : 0.3511"
"7,48 : 0.8268"
"48,7 : 0.8268"
"7,49 : 0.6464"
"49,7 : 0.6464"
"7,50 : 0.2844"
"50,7 : 0.2844"
"7,51 : 0.7433"
"51,7 : 0.7433"
"7,52 : 0.7245"
"52,7 : 0.7245"
"7,53 : 0.2983"
"53,7 : 0.2983"
"7,54 : 0.6586"
"54,7 : 0.6586"
"7,55 : 0.2832"
"55,7 : 0.2832"
"7,56 : 0.3312"
"56,7 : 0.3312"
"7,57 : 0.3162"
"57,7 : 0.3162"
"7,58 : 0.5738"
"58,7 : 0.5738"
"7,59 : 0.1513"
"59,7 : 0.1513"
"7,60 : 0.0728"
"60,7 : 0.0728"
"7,61 : 0.6001"
"61,7 : 0.6001"
"7,62 : 0.2596"
"62,7 : 0.2596"
"7,63 : 0.6172"
"63,7 : 0.6172"
"7,64 : 0.5977"
"64,7 : 0.5977"
"7,65 : 0.33"
"65,7 : 0.33"
"7,66 : 0.564"
"66,7 : 0.564"
"7,67 : 0.908"
"67,7 : 0.908"
"7,68 : 0.712"
"68,7 : 0.712"
"7,69 : 0.3046"
"69,7 : 0.3046"
"7,70 : 1.0183"
"70,7 : 1.0183"
"7,71 : 0.4973"
"71,7 : 0.4973"
"7,72 : 0.7692"
"72,7 : 0.7692"
"7,73 : 0.6648"
"73,7 : 0.6648"
"7,74 : 0.8322"
"74,7 : 0.8322"
"7,75 : 0.9008"
"75,7 : 0.9008"
"7,76 : 0.1924"
"76,7 : 0.1924"
"7,77 : 0.649"
"77,7 : 0.649"
"7,78 : 0.0539"
"78,7 : 0.0539"
"7,79 : 0.2435"
"79,7 : 0.2435"
"7,80 : 0.4528"
"80,7 : 0.4528"
"7,81 : 0.5701"
"81,7 : 0.5701"
"7,82 : 0.4855"
"82,7 : 0.4855"
"7,83 : 0.5215"
"83,7 : 0.5215"
"7,84 : 0.6177"
"84,7 : 0.6177"
"7,85 : 0.4741"
"85,7 : 0.4741"
"7,86 : 0.051"
"86,7 : 0.051"
"7,87 : 0.9884"
"87,7 : 0.9884"
"7,88 : 0.2973"
"88,7 : 0.2973"
"7,89 : 0.6932"
"89,7 : 0.6932"
"7,90 : 0.2354"
"90,7 : 0.2354"
"7,91 : 0.8122"
"91,7 : 0.8122"
"7,92 : 0.58"
"92,7 : 0.58"
"7,93 : 0.5"
"93,7 : 0.5"
"7,94 : 0.5434"
"94,7 : 0.5434"
"7,95 : 0.0583"
"95,7 : 0.0583"
"7,96 : 0.8429"
"96,7 : 0.8429"
"7,97 : 0.6064"
"97,7 : 0.6064"
"7,98 : 0.1523"
"98,7 : 0.1523"
"7,99 : 0.5614"
"99,7 : 0.5614"
"8,9 : 0.4357"
"9,8 : 0.4357"
"8,10 : 0.4809"
"10,8 : 0.4809"
"8,11 : 0.4866"
"11,8 : 0.4866"
"8,12 : 0.6774"
"12,8 : 0.6774"
"8,13 : 0.5869"
"13,8 : 0.5869"
"8,14 : 0.3701"
"14,8 : 0.3701"
"8,15 : 0.3833"
"15,8 : 0.3833"
"8,16 : 0.3089"
"16,8 : 0.3089"
"8,17 : 0.0412"
"17,8 : 0.0412"
"8,18 : 0.4632"
"18,8 : 0.4632"
"8,19 : 0.7267"
"19,8 : 0.7267"
"8,20 : 0.4884"
"20,8 : 0.4884"
"8,21 : 0.4052"
"21,8 : 0.4052"
"8,22 : 0.31"
"22,8 : 0.31"
"8,23 : 0.4111"
"23,8 : 0.4111"
"8,24 : 0.3302"
"24,8 : 0.3302"
"8,25 : 0.5819"
"25,8 : 0.5819"
"8,26 : 0.4569"
"26,8 : 0.4569"
"8,27 : 0.4632"
"27,8 : 0.4632"
"8,28 : 0.3701"
"28,8 : 0.3701"
"8,29 : 0.5331"
"29,8 : 0.5331"
"8,30 : 0.2184"
"30,8 : 0.2184"
"8,31 : 0.4272"
"31,8 : 0.4272"
"8,32 : 0.3513"
"32,8 : 0.3513"
"8,33 : 0.253"
"33,8 : 0.253"
"8,34 : 0.658"
"34,8 : 0.658"
"8,35 : 0.6042"
"35,8 : 0.6042"
"8,36 : 0.2915"
"36,8 : 0.2915"
"8,37 : 0.512"
"37,8 : 0.512"
"8,38 : 0.2159"
"38,8 : 0.2159"
"8,39 : 0.4851"
"39,8 : 0.4851"
"8,40 : 0.3669"
"40,8 : 0.3669"
"8,41 : 0.3401"
"41,8 : 0.3401"
"8,42 : 0.1746"
"42,8 : 0.1746"
"8,43 : 0.1503"
"43,8 : 0.1503"
"8,44 : 0.4866"
"44,8 : 0.4866"
"8,45 : 0.3625"
"45,8 : 0.3625"
"8,46 : 0.6"
"46,8 : 0.6"
"8,47 : 0.1503"
"47,8 : 0.1503"
"8,48 : 0.4163"
"48,8 : 0.4163"
"8,49 : 0.2326"
"49,8 : 0.2326"
"8,50 : 0.6127"
"50,8 : 0.6127"
"8,51 : 0.3311"
"51,8 : 0.3311"
"8,52 : 0.3606"
"52,8 : 0.3606"
"8,53 : 0.1204"
"53,8 : 0.1204"
"8,54 : 0.2506"
"54,8 : 0.2506"
"8,55 : 0.473"
"55,8 : 0.473"
"8,56 : 0.1612"
"56,8 : 0.1612"
"8,57 : 0.222"
"57,8 : 0.222"
"8,58 : 0.1556"
"58,8 : 0.1556"
"8,59 : 0.3023"
"59,8 : 0.3023"
"8,60 : 0.3536"
"60,8 : 0.3536"
"8,61 : 0.2319"
"61,8 : 0.2319"
"8,62 : 0.65"
"62,8 : 0.65"
"8,63 : 0.1985"
"63,8 : 0.1985"
"8,64 : 0.3311"
"64,8 : 0.3311"
"8,65 : 0.2702"
"65,8 : 0.2702"
"8,66 : 0.6237"
"66,8 : 0.6237"
"8,67 : 0.5501"
"67,8 : 0.5501"
"8,68 : 0.405"
"68,8 : 0.405"
"8,69 : 0.2002"
"69,8 : 0.2002"
"8,70 : 0.6021"
"70,8 : 0.6021"
"8,71 : 0.2832"
"71,8 : 0.2832"
"8,72 : 0.3766"
"72,8 : 0.3766"
"8,73 : 0.3015"
"73,8 : 0.3015"
"8,74 : 0.4604"
"74,8 : 0.4604"
"8,75 : 0.8028"
"75,8 : 0.8028"
"8,76 : 0.3008"
"76,8 : 0.3008"
"8,77 : 0.2729"
"77,8 : 0.2729"
"8,78 : 0.372"
"78,8 : 0.372"
"8,79 : 0.2433"
"79,8 : 0.2433"
"8,80 : 0.5801"
"80,8 : 0.5801"
"8,81 : 0.5239"
"81,8 : 0.5239"
"8,82 : 0.1523"
"82,8 : 0.1523"
"8,83 : 0.3689"
"83,8 : 0.3689"
"8,84 : 0.611"
"84,8 : 0.611"
"8,85 : 0.1803"
"85,8 : 0.1803"
"8,86 : 0.4455"
"86,8 : 0.4455"
"8,87 : 0.592"
"87,8 : 0.592"
"8,88 : 0.4805"
"88,8 : 0.4805"
"8,89 : 0.3027"
"89,8 : 0.3027"
"8,90 : 0.5682"
"90,8 : 0.5682"
"8,91 : 0.5908"
"91,8 : 0.5908"
"8,92 : 0.17"
"92,8 : 0.17"
"8,93 : 0.3245"
"93,8 : 0.3245"
"8,94 : 0.328"
"94,8 : 0.328"
"8,95 : 0.3612"
"95,8 : 0.3612"
"8,96 : 0.4245"
"96,8 : 0.4245"
"8,97 : 0.4909"
"97,8 : 0.4909"
"8,98 : 0.559"
"98,8 : 0.559"
"8,99 : 0.4623"
"99,8 : 0.4623"
"9,10 : 0.2283"
"10,9 : 0.2283"
"9,11 : 0.5148"
"11,9 : 0.5148"
"9,12 : 0.8006"
"12,9 : 0.8006"
"9,13 : 0.578"
"13,9 : 0.578"
"9,14 : 0.8045"
"14,9 : 0.8045"
"9,15 : 0.446"
"15,9 : 0.446"
"9,16 : 0.3929"
"16,9 : 0.3929"
"9,17 : 0.45"
"17,9 : 0.45"
"9,18 : 0.7603"
"18,9 : 0.7603"
"9,19 : 0.8633"
"19,9 : 0.8633"
"9,20 : 0.712"
"20,9 : 0.712"
"9,21 : 0.3053"
"21,9 : 0.3053"
"9,22 : 0.2377"
"22,9 : 0.2377"
"9,23 : 0.204"
"23,9 : 0.204"
"9,24 : 0.7338"
"24,9 : 0.7338"
"9,25 : 0.645"
"25,9 : 0.645"
"9,26 : 0.7916"
"26,9 : 0.7916"
"9,27 : 0.8989"
"27,9 : 0.8989"
"9,28 : 0.22"
"28,9 : 0.22"
"9,29 : 0.6356"
"29,9 : 0.6356"
"9,30 : 0.4305"
"30,9 : 0.4305"
"9,31 : 0.191"
"31,9 : 0.191"
"9,32 : 0.4176"
"32,9 : 0.4176"
"9,33 : 0.3362"
"33,9 : 0.3362"
"9,34 : 0.8171"
"34,9 : 0.8171"
"9,35 : 0.1709"
"35,9 : 0.1709"
"9,36 : 0.6213"
"36,9 : 0.6213"
"9,37 : 0.364"
"37,9 : 0.364"
"9,38 : 0.4205"
"38,9 : 0.4205"
"9,39 : 0.5061"
"39,9 : 0.5061"
"9,40 : 0.1217"
"40,9 : 0.1217"
"9,41 : 0.3748"
"41,9 : 0.3748"
"9,42 : 0.4144"
"42,9 : 0.4144"
"9,43 : 0.5646"
"43,9 : 0.5646"
"9,44 : 0.186"
"44,9 : 0.186"
"9,45 : 0.6017"
"45,9 : 0.6017"
"9,46 : 0.5233"
"46,9 : 0.5233"
"9,47 : 0.3688"
"47,9 : 0.3688"
"9,48 : 0.4001"
"48,9 : 0.4001"
"9,49 : 0.3667"
"49,9 : 0.3667"
"9,50 : 0.7155"
"50,9 : 0.7155"
"9,51 : 0.3766"
"51,9 : 0.3766"
"9,52 : 0.2102"
"52,9 : 0.2102"
"9,53 : 0.4838"
"53,9 : 0.4838"
"9,54 : 0.5148"
"54,9 : 0.5148"
"9,55 : 0.5323"
"55,9 : 0.5323"
"9,56 : 0.586"
"56,9 : 0.586"
"9,57 : 0.6447"
"57,9 : 0.6447"
"9,58 : 0.428"
"58,9 : 0.428"
"9,59 : 0.5404"
"59,9 : 0.5404"
"9,60 : 0.6203"
"60,9 : 0.6203"
"9,61 : 0.2441"
"61,9 : 0.2441"
"9,62 : 0.8134"
"62,9 : 0.8134"
"9,63 : 0.4219"
"63,9 : 0.4219"
"9,64 : 0.7355"
"64,9 : 0.7355"
"9,65 : 0.3622"
"65,9 : 0.3622"
"9,66 : 0.4494"
"66,9 : 0.4494"
"9,67 : 0.2843"
"67,9 : 0.2843"
"9,68 : 0.0906"
"68,9 : 0.0906"
"9,69 : 0.6185"
"69,9 : 0.6185"
"9,70 : 0.5675"
"70,9 : 0.5675"
"9,71 : 0.7122"
"71,9 : 0.7122"
"9,72 : 0.3"
"72,9 : 0.3"
"9,73 : 0.2119"
"73,9 : 0.2119"
"9,74 : 0.2657"
"74,9 : 0.2657"
"9,75 : 0.4144"
"75,9 : 0.4144"
"9,76 : 0.6768"
"76,9 : 0.6768"
"9,77 : 0.5991"
"77,9 : 0.5991"
"9,78 : 0.6701"
"78,9 : 0.6701"
"9,79 : 0.6389"
"79,9 : 0.6389"
"9,80 : 0.5021"
"80,9 : 0.5021"
"9,81 : 0.2968"
"81,9 : 0.2968"
"9,82 : 0.5673"
"82,9 : 0.5673"
"9,83 : 0.1879"
"83,9 : 0.1879"
"9,84 : 0.3716"
"84,9 : 0.3716"
"9,85 : 0.6044"
"85,9 : 0.6044"
"9,86 : 0.6859"
"86,9 : 0.6859"
"9,87 : 0.4383"
"87,9 : 0.4383"
"9,88 : 0.5277"
"88,9 : 0.5277"
"9,89 : 0.2789"
"89,9 : 0.2789"
"9,90 : 0.6946"
"90,9 : 0.6946"
"9,91 : 0.1562"
"91,9 : 0.1562"
"9,92 : 0.478"
"92,9 : 0.478"
"9,93 : 0.1942"
"93,9 : 0.1942"
"9,94 : 0.7517"
"94,9 : 0.7517"
"9,95 : 0.6401"
"95,9 : 0.6401"
"9,96 : 0.5235"
"96,9 : 0.5235"
"9,97 : 0.2059"
"97,9 : 0.2059"
"9,98 : 0.7713"
"98,9 : 0.7713"
"9,99 : 0.8963"
"99,9 : 0.8963"
"10,11 : 0.7184"
"11,10 : 0.7184"
"10,12 : 0.9957"
"12,10 : 0.9957"
"10,13 : 0.7921"
"13,10 : 0.7921"
"10,14 : 0.8127"
"14,10 : 0.8127"
"10,15 : 0.6351"
"15,10 : 0.6351"
"10,16 : 0.2766"
"16,10 : 0.2766"
"10,17 : 0.4752"
"17,10 : 0.4752"
"10,18 : 0.8974"
"18,10 : 0.8974"
"10,19 : 1.0569"
"19,10 : 1.0569"
"10,20 : 0.8746"
"20,10 : 0.8746"
"10,21 : 0.5162"
"21,10 : 0.5162"
"10,22 : 0.1726"
"22,10 : 0.1726"
"10,23 : 0.07"
"23,10 : 0.07"
"10,24 : 0.8102"
"24,10 : 0.8102"
"10,25 : 0.8481"
"25,10 : 0.8481"
"10,26 : 0.9124"
"26,10 : 0.9124"
"10,27 : 0.9139"
"27,10 : 0.9139"
"10,28 : 0.1118"
"28,10 : 0.1118"
"10,29 : 0.8293"
"29,10 : 0.8293"
"10,30 : 0.5692"
"30,10 : 0.5692"
"10,31 : 0.414"
"31,10 : 0.414"
"10,32 : 0.6021"
"32,10 : 0.6021"
"10,33 : 0.264"
"33,10 : 0.264"
"10,34 : 1.0034"
"34,10 : 1.0034"
"10,35 : 0.2648"
"35,10 : 0.2648"
"10,36 : 0.5522"
"36,10 : 0.5522"
"10,37 : 0.1414"
"37,10 : 0.1414"
"10,38 : 0.5597"
"38,10 : 0.5597"
"10,39 : 0.7106"
"39,10 : 0.7106"
"10,40 : 0.1526"
"40,10 : 0.1526"
"10,41 : 0.2404"
"41,10 : 0.2404"
"10,42 : 0.5385"
"42,10 : 0.5385"
"10,43 : 0.6303"
"43,10 : 0.6303"
"10,44 : 0.05"
"44,10 : 0.05"
"10,45 : 0.4884"
"45,10 : 0.4884"
"10,46 : 0.7452"
"46,10 : 0.7452"
"10,47 : 0.4851"
"47,10 : 0.4851"
"10,48 : 0.2236"
"48,10 : 0.2236"
"10,49 : 0.2997"
"49,10 : 0.2997"
"10,50 : 0.9126"
"50,10 : 0.9126"
"10,51 : 0.2476"
"51,10 : 0.2476"
"10,52 : 0.1204"
"52,10 : 0.1204"
"10,53 : 0.5722"
"53,10 : 0.5722"
"10,54 : 0.4383"
"54,10 : 0.4383"
"10,55 : 0.7301"
"55,10 : 0.7301"
"10,56 : 0.642"
"56,10 : 0.642"
"10,57 : 0.7026"
"57,10 : 0.7026"
"10,58 : 0.3956"
"58,10 : 0.3956"
"10,59 : 0.6862"
"59,10 : 0.6862"
"10,60 : 0.7624"
"60,10 : 0.7624"
"10,61 : 0.25"
"61,10 : 0.25"
"10,62 : 0.9985"
"62,10 : 0.9985"
"10,63 : 0.3667"
"63,10 : 0.3667"
"10,64 : 0.7024"
"64,10 : 0.7024"
"10,65 : 0.5277"
"65,10 : 0.5277"
"10,66 : 0.6774"
"66,10 : 0.6774"
"10,67 : 0.0728"
"67,10 : 0.0728"
"10,68 : 0.1487"
"68,10 : 0.1487"
"10,69 : 0.6812"
"69,10 : 0.6812"
"10,70 : 0.3513"
"70,10 : 0.3513"
"10,71 : 0.7117"
"71,10 : 0.7117"
"10,72 : 0.1487"
"72,10 : 0.1487"
"10,73 : 0.18"
"73,10 : 0.18"
"10,74 : 0.0539"
"74,10 : 0.0539"
"10,75 : 0.5908"
"75,10 : 0.5908"
"10,76 : 0.7716"
"76,10 : 0.7716"
"10,77 : 0.5325"
"77,10 : 0.5325"
"10,78 : 0.8028"
"78,10 : 0.8028"
"10,79 : 0.7201"
"79,10 : 0.7201"
"10,80 : 0.7235"
"80,10 : 0.7235"
"10,81 : 0.5248"
"81,10 : 0.5248"
"10,82 : 0.5661"
"82,10 : 0.5661"
"10,83 : 0.396"
"83,10 : 0.396"
"10,84 : 0.5993"
"84,10 : 0.5993"
"10,85 : 0.6073"
"85,10 : 0.6073"
"10,86 : 0.8415"
"86,10 : 0.8415"
"10,87 : 0.2102"
"87,10 : 0.2102"
"10,88 : 0.728"
"88,10 : 0.728"
"10,89 : 0.1931"
"89,10 : 0.1931"
"10,90 : 0.8851"
"90,10 : 0.8851"
"10,91 : 0.3002"
"91,10 : 0.3002"
"10,92 : 0.4386"
"92,10 : 0.4386"
"10,93 : 0.3842"
"93,10 : 0.3842"
"10,94 : 0.7393"
"94,10 : 0.7393"
"10,95 : 0.7788"
"95,10 : 0.7788"
"10,96 : 0.3624"
"96,10 : 0.3624"
"10,97 : 0.4342"
"97,10 : 0.4342"
"10,98 : 0.9402"
"98,10 : 0.9402"
"10,99 : 0.8989"
"99,10 : 0.8989"
"11,12 : 0.2879"
"12,11 : 0.2879"
"11,13 : 0.1005"
"13,11 : 0.1005"
"11,14 : 0.7404"
"14,11 : 0.7404"
"11,15 : 0.1044"
"15,11 : 0.1044"
"11,16 : 0.7207"
"16,11 : 0.7207"
"11,17 : 0.5277"
"17,11 : 0.5277"
"11,18 : 0.386"
"18,11 : 0.386"
"11,19 : 0.3511"
"19,11 : 0.3511"
"11,20 : 0.2773"
"20,11 : 0.2773"
"11,21 : 0.2102"
"21,11 : 0.2102"
"11,22 : 0.6185"
"22,11 : 0.6185"
"11,23 : 0.6653"
"23,11 : 0.6653"
"11,24 : 0.5324"
"24,11 : 0.5324"
"11,25 : 0.1304"
"25,11 : 0.1304"
"11,26 : 0.4534"
"26,11 : 0.4534"
"11,27 : 0.7931"
"27,11 : 0.7931"
"11,28 : 0.6507"
"28,11 : 0.6507"
"11,29 : 0.1304"
"29,11 : 0.1304"
"11,30 : 0.2707"
"30,11 : 0.2707"
"11,31 : 0.3324"
"31,11 : 0.3324"
"11,32 : 0.1393"
"32,11 : 0.1393"
"11,33 : 0.645"
"33,11 : 0.645"
"11,34 : 0.314"
"34,11 : 0.314"
"11,35 : 0.6389"
"35,11 : 0.6389"
"11,36 : 0.7778"
"36,11 : 0.7778"
"11,37 : 0.8273"
"37,11 : 0.8273"
"11,38 : 0.2717"
"38,11 : 0.2717"
"11,39 : 0.01"
"39,11 : 0.01"
"11,40 : 0.5673"
"40,11 : 0.5673"
"11,41 : 0.7325"
"41,11 : 0.7325"
"11,42 : 0.3126"
"42,11 : 0.3126"
"11,43 : 0.4752"
"43,11 : 0.4752"
"11,44 : 0.6882"
"44,11 : 0.6882"
"11,45 : 0.842"
"45,11 : 0.842"
"11,46 : 0.1442"
"46,11 : 0.1442"
"11,47 : 0.3421"
"47,11 : 0.3421"
"11,48 : 0.7963"
"48,11 : 0.7963"
"11,49 : 0.6485"
"49,11 : 0.6485"
"11,50 : 0.2025"
"50,11 : 0.2025"
"11,51 : 0.7272"
"51,11 : 0.7272"
"11,52 : 0.6366"
"52,11 : 0.6366"
"11,53 : 0.4001"
"53,11 : 0.4001"
"11,54 : 0.728"
"54,11 : 0.728"
"11,55 : 0.0361"
"55,11 : 0.0361"
"11,56 : 0.5064"
"56,11 : 0.5064"
"11,57 : 0.5289"
"57,11 : 0.5289"
"11,58 : 0.6198"
"58,11 : 0.6198"
"11,59 : 0.247"
"59,11 : 0.247"
"11,60 : 0.286"
"60,11 : 0.286"
"11,61 : 0.5464"
"61,11 : 0.5464"
"11,62 : 0.3126"
"62,11 : 0.3126"
"11,63 : 0.6519"
"63,11 : 0.6519"
"11,64 : 0.7823"
"64,11 : 0.7823"
"11,65 : 0.2285"
"65,11 : 0.2285"
"11,66 : 0.247"
"66,11 : 0.247"
"11,67 : 0.786"
"67,11 : 0.786"
"11,68 : 0.572"
"68,11 : 0.572"
"11,69 : 0.5045"
"69,11 : 0.5045"
"11,70 : 0.994"
"70,11 : 0.994"
"11,71 : 0.6987"
"71,11 : 0.6987"
"11,72 : 0.7106"
"72,11 : 0.7106"
"11,73 : 0.589"
"73,11 : 0.589"
"11,74 : 0.7359"
"74,11 : 0.7359"
"11,75 : 0.6064"
"75,11 : 0.6064"
"11,76 : 0.4518"
"76,11 : 0.4518"
"11,77 : 0.7595"
"77,11 : 0.7595"
"11,78 : 0.3406"
"78,11 : 0.3406"
"11,79 : 0.4682"
"79,11 : 0.4682"
"11,80 : 0.1345"
"80,11 : 0.1345"
"11,81 : 0.29"
"81,11 : 0.29"
"11,82 : 0.6203"
"82,11 : 0.6203"
"11,83 : 0.3276"
"83,11 : 0.3276"
"11,84 : 0.3132"
"84,11 : 0.3132"
"11,85 : 0.6303"
"85,11 : 0.6303"
"11,86 : 0.2802"
"86,11 : 0.2802"
"11,87 : 0.9122"
"87,11 : 0.9122"
"11,88 : 0.0224"
"88,11 : 0.0224"
"11,89 : 0.644"
"89,11 : 0.644"
"11,90 : 0.191"
"90,11 : 0.191"
"11,91 : 0.5894"
"91,11 : 0.5894"
"11,92 : 0.65"
"92,11 : 0.65"
"11,93 : 0.3342"
"93,11 : 0.3342"
"11,94 : 0.7497"
"94,11 : 0.7497"
"11,95 : 0.3061"
"95,11 : 0.3061"
"11,96 : 0.8631"
"96,11 : 0.8631"
"11,97 : 0.3569"
"97,11 : 0.3569"
"11,98 : 0.3081"
"98,11 : 0.3081"
"11,99 : 0.8193"
"99,11 : 0.8193"
"12,13 : 0.26"
"13,12 : 0.26"
"12,14 : 0.8122"
"14,12 : 0.8122"
"12,15 : 0.3606"
"15,12 : 0.3606"
"12,16 : 0.9578"
"16,12 : 0.9578"
"12,17 : 0.7169"
"17,12 : 0.7169"
"12,18 : 0.3324"
"18,12 : 0.3324"
"12,19 : 0.0632"
"19,12 : 0.0632"
"12,20 : 0.2209"
"20,12 : 0.2209"
"12,21 : 0.4977"
"21,12 : 0.4977"
"12,22 : 0.8786"
"22,12 : 0.8786"
"12,23 : 0.9381"
"23,12 : 0.9381"
"12,24 : 0.5704"
"24,12 : 0.5704"
"12,25 : 0.1628"
"25,12 : 0.1628"
"12,26 : 0.4061"
"26,12 : 0.4061"
"12,27 : 0.831"
"27,12 : 0.831"
"12,28 : 0.9183"
"28,12 : 0.9183"
"12,29 : 0.1664"
"29,12 : 0.1664"
"12,30 : 0.4701"
"30,12 : 0.4701"
"12,31 : 0.6203"
"31,12 : 0.6203"
"12,32 : 0.3941"
"32,12 : 0.3941"
"12,33 : 0.8853"
"33,12 : 0.8853"
"12,34 : 0.064"
"34,12 : 0.064"
"12,35 : 0.9266"
"35,12 : 0.9266"
"12,36 : 0.9494"
"36,12 : 0.9494"
"12,37 : 1.0948"
"37,12 : 1.0948"
"12,38 : 0.4763"
"38,12 : 0.4763"
"12,39 : 0.2973"
"39,12 : 0.2973"
"12,40 : 0.8431"
"40,12 : 0.8431"
"12,41 : 0.9767"
"41,12 : 0.9767"
"12,42 : 0.514"
"42,12 : 0.514"
"12,43 : 0.6041"
"43,12 : 0.6041"
"12,44 : 0.969"
"44,12 : 0.969"
"12,45 : 1.0383"
"45,12 : 1.0383"
"12,46 : 0.3506"
"46,12 : 0.3506"
"12,47 : 0.5608"
"47,12 : 0.5608"
"12,48 : 1.0466"
"48,12 : 1.0466"
"12,49 : 0.8809"
"49,12 : 0.8809"
"12,50 : 0.0854"
"50,12 : 0.0854"
"12,51 : 0.97"
"51,12 : 0.97"
"12,52 : 0.9043"
"52,12 : 0.9043"
"12,53 : 0.5636"
"53,12 : 0.5636"
"12,54 : 0.9278"
"54,12 : 0.9278"
"12,55 : 0.2683"
"55,12 : 0.2683"
"12,56 : 0.6294"
"56,12 : 0.6294"
"12,57 : 0.6237"
"57,12 : 0.6237"
"12,58 : 0.8293"
"58,12 : 0.8293"
"12,59 : 0.3759"
"59,12 : 0.3759"
"12,60 : 0.3448"
"60,12 : 0.3448"
"12,61 : 0.7993"
"61,12 : 0.7993"
"12,62 : 0.0721"
"62,12 : 0.0721"
"12,63 : 0.8684"
"63,12 : 0.8684"
"12,64 : 0.9047"
"64,12 : 0.9047"
"12,65 : 0.4751"
"65,12 : 0.4751"
"12,66 : 0.4809"
"66,12 : 0.4809"
"12,67 : 1.0653"
"67,12 : 1.0653"
"12,68 : 0.8523"
"68,12 : 0.8523"
"12,69 : 0.6088"
"69,12 : 0.6088"
"12,70 : 1.2448"
"70,12 : 1.2448"
"12,71 : 0.806"
"71,12 : 0.806"
"12,72 : 0.97"
"72,12 : 0.97"
"12,73 : 0.8515"
"73,12 : 0.8515"
"12,74 : 1.008"
"74,12 : 1.008"
"12,75 : 0.8609"
"75,12 : 0.8609"
"12,76 : 0.5036"
"76,12 : 0.5036"
"12,77 : 0.9352"
"77,12 : 0.9352"
"12,78 : 0.3635"
"78,12 : 0.3635"
"12,79 : 0.5511"
"79,12 : 0.5511"
"12,80 : 0.36"
"80,12 : 0.36"
"12,81 : 0.5689"
"81,12 : 0.5689"
"12,82 : 0.7762"
"82,12 : 0.7762"
"12,83 : 0.6127"
"83,12 : 0.6127"
"12,84 : 0.5701"
"84,12 : 0.5701"
"12,85 : 0.7716"
"85,12 : 0.7716"
"12,86 : 0.2631"
"86,12 : 0.2631"
"12,87 : 1.1807"
"87,12 : 1.1807"
"12,88 : 0.2731"
"88,12 : 0.2731"
"12,89 : 0.8983"
"89,12 : 0.8983"
"12,90 : 0.1131"
"90,12 : 0.1131"
"12,91 : 0.8764"
"91,12 : 0.8764"
"12,92 : 0.8472"
"92,12 : 0.8472"
"12,93 : 0.614"
"93,12 : 0.614"
"12,94 : 0.8533"
"94,12 : 0.8533"
"12,95 : 0.3493"
"95,12 : 0.3493"
"12,96 : 1.092"
"96,12 : 1.092"
"12,97 : 0.6429"
"97,12 : 0.6429"
"12,98 : 0.1726"
"98,12 : 0.1726"
"12,99 : 0.8701"
"99,12 : 0.8701"
"13,14 : 0.8343"
"14,13 : 0.8343"
"13,15 : 0.204"
"15,13 : 0.204"
"13,16 : 0.8139"
"16,13 : 0.8139"
"13,17 : 0.628"
"17,13 : 0.628"
"13,18 : 0.446"
"18,13 : 0.446"
"13,19 : 0.3206"
"19,13 : 0.3206"
"13,20 : 0.3256"
"20,13 : 0.3256"
"13,21 : 0.2759"
"21,13 : 0.2759"
"13,22 : 0.7046"
"22,13 : 0.7046"
"13,23 : 0.7433"
