x,y
0.33,0.49
0.72,0.32
0.21,0.25
0.32,0.03
0.55,0.14
0.49,0.81
0.27,0.12
0.02,0.72
0.73,0.19
0.83,0.64
0.37,0.87
0.29,0.53
0.36,0.03
0.93,0.29
0.43,0.43
0.23,0.11
0.81,0.29
0.93,0.34
0.75,0.66
0.76,0.47
0.16,0.36
0.34,0.1
0.1,0.85
0.77,0.64
0.15,0.41
0.31,0.56
0.33,0.0
0.13,0.57
0.73,0.52
0.67,0.51
0.66,0.56
0.7,0.84
0.93,0.16
0.29,0.06
0.73,0.58
0.87,0.2
0.07,0.3
0.28,0.58
0.57,0.95
0.87,0.93
0.89,0.81
0.35,0.47
0.32,0.32
0.22,0.8
0.81,0.96
0.05,0.94
0.29,0.04
0.9,0.62
0.52,0.15
0.72,0.07
0.96,0.24
0.58,0.94
0.02,0.69
0.48,0.71
0.44,0.12
0.06,0.81
0.88,0.55
0.2,0.25
0.77,0.3
0.88,0.18
0.46,0.08
0.79,0.62
0.63,0.1
0.39,0.59
0.78,0.52
0.94,0.58
0.91,0.39
0.96,0.86
0.29,0.54
0.68,0.13
0.76,0.95
0.34,0.92
0.84,0.5
0.36,0.82
0.34,0.91
0.75,0.15
0.11,0.32
0.63,0.38
0.19,0.7
0.73,0.52
0.92,0.88
0.74,0.66
0.83,0.97
0.73,0.86
0.9,0.07
0.16,0.06
0.05,0.94
0.65,0.28
0.11,0.5
0.74,0.66
0.6,0.36
0.69,0.52
0.67,0.38
0.65,0.93
0.23,0.97
0.6,0.79
0.15,0.35
0.65,0.6
0.58,0.97
0.07,0.93

Distanze
"0,1 : 0.4254"
"1,0 : 0.4254"
"0,2 : 0.2683"
"2,0 : 0.2683"
"0,3 : 0.4601"
"3,0 : 0.4601"
"0,4 : 0.4134"
"4,0 : 0.4134"
"0,5 : 0.3578"
"5,0 : 0.3578"
"0,6 : 0.3748"
"6,0 : 0.3748"
"0,7 : 0.386"
"7,0 : 0.386"
"0,8 : 0.5"
"8,0 : 0.5"
"0,9 : 0.522"
"9,0 : 0.522"
"0,10 : 0.3821"
"10,0 : 0.3821"
"0,11 : 0.0566"
"11,0 : 0.0566"
"0,12 : 0.461"
"12,0 : 0.461"
"0,13 : 0.6325"
"13,0 : 0.6325"
"0,14 : 0.1166"
"14,0 : 0.1166"
"0,15 : 0.3929"
"15,0 : 0.3929"
"0,16 : 0.52"
"16,0 : 0.52"
"0,17 : 0.6185"
"17,0 : 0.6185"
"0,18 : 0.4531"
"18,0 : 0.4531"
"0,19 : 0.4305"
"19,0 : 0.4305"
"0,20 : 0.214"
"20,0 : 0.214"
"0,21 : 0.3901"
"21,0 : 0.3901"
"0,22 : 0.4272"
"22,0 : 0.4272"
"0,23 : 0.4649"
"23,0 : 0.4649"
"0,24 : 0.197"
"24,0 : 0.197"
"0,25 : 0.0728"
"25,0 : 0.0728"
"0,26 : 0.49"
"26,0 : 0.49"
"0,27 : 0.2154"
"27,0 : 0.2154"
"0,28 : 0.4011"
"28,0 : 0.4011"
"0,29 : 0.3406"
"29,0 : 0.3406"
"0,30 : 0.3373"
"30,0 : 0.3373"
"0,31 : 0.5093"
"31,0 : 0.5093"
"0,32 : 0.6848"
"32,0 : 0.6848"
"0,33 : 0.4319"
"33,0 : 0.4319"
"0,34 : 0.41"
"34,0 : 0.41"
"0,35 : 0.6129"
"35,0 : 0.6129"
"0,36 : 0.322"
"36,0 : 0.322"
"0,37 : 0.103"
"37,0 : 0.103"
"0,38 : 0.5188"
"38,0 : 0.5188"
"0,39 : 0.6966"
"39,0 : 0.6966"
"0,40 : 0.645"
"40,0 : 0.645"
"0,41 : 0.0283"
"41,0 : 0.0283"
"0,42 : 0.1703"
"42,0 : 0.1703"
"0,43 : 0.3289"
"43,0 : 0.3289"
"0,44 : 0.6718"
"44,0 : 0.6718"
"0,45 : 0.53"
"45,0 : 0.53"
"0,46 : 0.4518"
"46,0 : 0.4518"
"0,47 : 0.5846"
"47,0 : 0.5846"
"0,48 : 0.3895"
"48,0 : 0.3895"
"0,49 : 0.5731"
"49,0 : 0.5731"
"0,50 : 0.6778"
"50,0 : 0.6778"
"0,51 : 0.5148"
"51,0 : 0.5148"
"0,52 : 0.3689"
"52,0 : 0.3689"
"0,53 : 0.2663"
"53,0 : 0.2663"
"0,54 : 0.386"
"54,0 : 0.386"
"0,55 : 0.4187"
"55,0 : 0.4187"
"0,56 : 0.5533"
"56,0 : 0.5533"
"0,57 : 0.2729"
"57,0 : 0.2729"
"0,58 : 0.4793"
"58,0 : 0.4793"
"0,59 : 0.6313"
"59,0 : 0.6313"
"0,60 : 0.4301"
"60,0 : 0.4301"
"0,61 : 0.478"
"61,0 : 0.478"
"0,62 : 0.492"
"62,0 : 0.492"
"0,63 : 0.1166"
"63,0 : 0.1166"
"0,64 : 0.451"
"64,0 : 0.451"
"0,65 : 0.6166"
"65,0 : 0.6166"
"0,66 : 0.5886"
"66,0 : 0.5886"
"0,67 : 0.7306"
"67,0 : 0.7306"
"0,68 : 0.064"
"68,0 : 0.064"
"0,69 : 0.5021"
"69,0 : 0.5021"
"0,70 : 0.6297"
"70,0 : 0.6297"
"0,71 : 0.4301"
"71,0 : 0.4301"
"0,72 : 0.5101"
"72,0 : 0.5101"
"0,73 : 0.3314"
"73,0 : 0.3314"
"0,74 : 0.4201"
"74,0 : 0.4201"
"0,75 : 0.5404"
"75,0 : 0.5404"
"0,76 : 0.278"
"76,0 : 0.278"
"0,77 : 0.3195"
"77,0 : 0.3195"
"0,78 : 0.2524"
"78,0 : 0.2524"
"0,79 : 0.4011"
"79,0 : 0.4011"
"0,80 : 0.7072"
"80,0 : 0.7072"
"0,81 : 0.4438"
"81,0 : 0.4438"
"0,82 : 0.6931"
"82,0 : 0.6931"
"0,83 : 0.5449"
"83,0 : 0.5449"
"0,84 : 0.708"
"84,0 : 0.708"
"0,85 : 0.4624"
"85,0 : 0.4624"
"0,86 : 0.53"
"86,0 : 0.53"
"0,87 : 0.3828"
"87,0 : 0.3828"
"0,88 : 0.2202"
"88,0 : 0.2202"
"0,89 : 0.4438"
"89,0 : 0.4438"
"0,90 : 0.2997"
"90,0 : 0.2997"
"0,91 : 0.3612"
"91,0 : 0.3612"
"0,92 : 0.3574"
"92,0 : 0.3574"
"0,93 : 0.5441"
"93,0 : 0.5441"
"0,94 : 0.4903"
"94,0 : 0.4903"
"0,95 : 0.4036"
"95,0 : 0.4036"
"0,96 : 0.228"
"96,0 : 0.228"
"0,97 : 0.3384"
"97,0 : 0.3384"
"0,98 : 0.5412"
"98,0 : 0.5412"
"0,99 : 0.5111"
"99,0 : 0.5111"
"1,2 : 0.5148"
"2,1 : 0.5148"
"1,3 : 0.4941"
"3,1 : 0.4941"
"1,4 : 0.2476"
"4,1 : 0.2476"
"1,5 : 0.5413"
"5,1 : 0.5413"
"1,6 : 0.4924"
"6,1 : 0.4924"
"1,7 : 0.8062"
"7,1 : 0.8062"
"1,8 : 0.1304"
"8,1 : 0.1304"
"1,9 : 0.3384"
"9,1 : 0.3384"
"1,10 : 0.6519"
"10,1 : 0.6519"
"1,11 : 0.4785"
"11,1 : 0.4785"
"1,12 : 0.4623"
"12,1 : 0.4623"
"1,13 : 0.2121"
"13,1 : 0.2121"
"1,14 : 0.3102"
"14,1 : 0.3102"
"1,15 : 0.5331"
"15,1 : 0.5331"
"1,16 : 0.0949"
"16,1 : 0.0949"
"1,17 : 0.211"
"17,1 : 0.211"
"1,18 : 0.3413"
"18,1 : 0.3413"
"1,19 : 0.1552"
"19,1 : 0.1552"
"1,20 : 0.5614"
"20,1 : 0.5614"
"1,21 : 0.4391"
"21,1 : 0.4391"
"1,22 : 0.8157"
"22,1 : 0.8157"
"1,23 : 0.3239"
"23,1 : 0.3239"
"1,24 : 0.5771"
"24,1 : 0.5771"
"1,25 : 0.4751"
"25,1 : 0.4751"
"1,26 : 0.5045"
"26,1 : 0.5045"
"1,27 : 0.6408"
"27,1 : 0.6408"
"1,28 : 0.2002"
"28,1 : 0.2002"
"1,29 : 0.1965"
"29,1 : 0.1965"
"1,30 : 0.2474"
"30,1 : 0.2474"
"1,31 : 0.5204"
"31,1 : 0.5204"
"1,32 : 0.264"
"32,1 : 0.264"
"1,33 : 0.5025"
"33,1 : 0.5025"
"1,34 : 0.2602"
"34,1 : 0.2602"
"1,35 : 0.1921"
"35,1 : 0.1921"
"1,36 : 0.6503"
"36,1 : 0.6503"
"1,37 : 0.5111"
"37,1 : 0.5111"
"1,38 : 0.6476"
"38,1 : 0.6476"
"1,39 : 0.6282"
"39,1 : 0.6282"
"1,40 : 0.5187"
"40,1 : 0.5187"
"1,41 : 0.3992"
"41,1 : 0.3992"
"1,42 : 0.4"
"42,1 : 0.4"
"1,43 : 0.6931"
"43,1 : 0.6931"
"1,44 : 0.6463"
"44,1 : 0.6463"
"1,45 : 0.9129"
"45,1 : 0.9129"
"1,46 : 0.5131"
"46,1 : 0.5131"
"1,47 : 0.3499"
"47,1 : 0.3499"
"1,48 : 0.2625"
"48,1 : 0.2625"
"1,49 : 0.25"
"49,1 : 0.25"
"1,50 : 0.253"
"50,1 : 0.253"
"1,51 : 0.6356"
"51,1 : 0.6356"
"1,52 : 0.7918"
"52,1 : 0.7918"
"1,53 : 0.4579"
"53,1 : 0.4579"
"1,54 : 0.3441"
"54,1 : 0.3441"
"1,55 : 0.822"
"55,1 : 0.822"
"1,56 : 0.2802"
"56,1 : 0.2802"
"1,57 : 0.5247"
"57,1 : 0.5247"
"1,58 : 0.0539"
"58,1 : 0.0539"
"1,59 : 0.2126"
"59,1 : 0.2126"
"1,60 : 0.3538"
"60,1 : 0.3538"
"1,61 : 0.3081"
"61,1 : 0.3081"
"1,62 : 0.2377"
"62,1 : 0.2377"
"1,63 : 0.4264"
"63,1 : 0.4264"
"1,64 : 0.2088"
"64,1 : 0.2088"
"1,65 : 0.3406"
"65,1 : 0.3406"
"1,66 : 0.2025"
"66,1 : 0.2025"
"1,67 : 0.5909"
"67,1 : 0.5909"
"1,68 : 0.483"
"68,1 : 0.483"
"1,69 : 0.1942"
"69,1 : 0.1942"
"1,70 : 0.6313"
"70,1 : 0.6313"
"1,71 : 0.7102"
"71,1 : 0.7102"
"1,72 : 0.2163"
"72,1 : 0.2163"
"1,73 : 0.6161"
"73,1 : 0.6161"
"1,74 : 0.7018"
"74,1 : 0.7018"
"1,75 : 0.1726"
"75,1 : 0.1726"
"1,76 : 0.61"
"76,1 : 0.61"
"1,77 : 0.1082"
"77,1 : 0.1082"
"1,78 : 0.6522"
"78,1 : 0.6522"
"1,79 : 0.2002"
"79,1 : 0.2002"
"1,80 : 0.5946"
"80,1 : 0.5946"
"1,81 : 0.3406"
"81,1 : 0.3406"
"1,82 : 0.6592"
"82,1 : 0.6592"
"1,83 : 0.5401"
"83,1 : 0.5401"
"1,84 : 0.3081"
"84,1 : 0.3081"
"1,85 : 0.6174"
"85,1 : 0.6174"
"1,86 : 0.9129"
"86,1 : 0.9129"
"1,87 : 0.0806"
"87,1 : 0.0806"
"1,88 : 0.636"
"88,1 : 0.636"
"1,89 : 0.3406"
"89,1 : 0.3406"
"1,90 : 0.1265"
"90,1 : 0.1265"
"1,91 : 0.2022"
"91,1 : 0.2022"
"1,92 : 0.0781"
"92,1 : 0.0781"
"1,93 : 0.614"
"93,1 : 0.614"
"1,94 : 0.814"
"94,1 : 0.814"
"1,95 : 0.4851"
"95,1 : 0.4851"
"1,96 : 0.5708"
"96,1 : 0.5708"
"1,97 : 0.2886"
"97,1 : 0.2886"
"1,98 : 0.6649"
"98,1 : 0.6649"
"1,99 : 0.8914"
"99,1 : 0.8914"
"2,3 : 0.246"
"3,2 : 0.246"
"2,4 : 0.3574"
"4,2 : 0.3574"
"2,5 : 0.6261"
"5,2 : 0.6261"
"2,6 : 0.1432"
"6,2 : 0.1432"
"2,7 : 0.507"
"7,2 : 0.507"
"2,8 : 0.5235"
"8,2 : 0.5235"
"2,9 : 0.7325"
"9,2 : 0.7325"
"2,10 : 0.6403"
"10,2 : 0.6403"
"2,11 : 0.2912"
"11,2 : 0.2912"
"2,12 : 0.2663"
"12,2 : 0.2663"
"2,13 : 0.7211"
"13,2 : 0.7211"
"2,14 : 0.2843"
"14,2 : 0.2843"
"2,15 : 0.1414"
"15,2 : 0.1414"
"2,16 : 0.6013"
"16,2 : 0.6013"
"2,17 : 0.7256"
"17,2 : 0.7256"
"2,18 : 0.678"
"18,2 : 0.678"
"2,19 : 0.5924"
"19,2 : 0.5924"
"2,20 : 0.1208"
"20,2 : 0.1208"
"2,21 : 0.1985"
"21,2 : 0.1985"
"2,22 : 0.61"
"22,2 : 0.61"
"2,23 : 0.6824"
"23,2 : 0.6824"
"2,24 : 0.1709"
"24,2 : 0.1709"
"2,25 : 0.3257"
"25,2 : 0.3257"
"2,26 : 0.2773"
"26,2 : 0.2773"
"2,27 : 0.3298"
"27,2 : 0.3298"
"2,28 : 0.5859"
"28,2 : 0.5859"
"2,29 : 0.5284"
"29,2 : 0.5284"
"2,30 : 0.5464"
"30,2 : 0.5464"
"2,31 : 0.7669"
"31,2 : 0.7669"
"2,32 : 0.7256"
"32,2 : 0.7256"
"2,33 : 0.2062"
"33,2 : 0.2062"
"2,34 : 0.6159"
"34,2 : 0.6159"
"2,35 : 0.6619"
"35,2 : 0.6619"
"2,36 : 0.1487"
"36,2 : 0.1487"
"2,37 : 0.3373"
"37,2 : 0.3373"
"2,38 : 0.7871"
"38,2 : 0.7871"
"2,39 : 0.9476"
"39,2 : 0.9476"
"2,40 : 0.8809"
"40,2 : 0.8809"
"2,41 : 0.2608"
"41,2 : 0.2608"
"2,42 : 0.1304"
"42,2 : 0.1304"
"2,43 : 0.5501"
"43,2 : 0.5501"
"2,44 : 0.9296"
"44,2 : 0.9296"
"2,45 : 0.7083"
"45,2 : 0.7083"
"2,46 : 0.2247"
"46,2 : 0.2247"
"2,47 : 0.7829"
"47,2 : 0.7829"
"2,48 : 0.3257"
"48,2 : 0.3257"
"2,49 : 0.5408"
"49,2 : 0.5408"
"2,50 : 0.7501"
"50,2 : 0.7501"
"2,51 : 0.7829"
"51,2 : 0.7829"
"2,52 : 0.4793"
"52,2 : 0.4793"
"2,53 : 0.5334"
"53,2 : 0.5334"
"2,54 : 0.2642"
"54,2 : 0.2642"
"2,55 : 0.5797"
"55,2 : 0.5797"
"2,56 : 0.7341"
"56,2 : 0.7341"
"2,57 : 0.01"
"57,2 : 0.01"
"2,58 : 0.5622"
"58,2 : 0.5622"
"2,59 : 0.6736"
"59,2 : 0.6736"
"2,60 : 0.3023"
"60,2 : 0.3023"
"2,61 : 0.688"
"61,2 : 0.688"
"2,62 : 0.446"
"62,2 : 0.446"
"2,63 : 0.3847"
"63,2 : 0.3847"
"2,64 : 0.6307"
"64,2 : 0.6307"
"2,65 : 0.8011"
"65,2 : 0.8011"
"2,66 : 0.7139"
"66,2 : 0.7139"
"2,67 : 0.9667"
"67,2 : 0.9667"
"2,68 : 0.3008"
"68,2 : 0.3008"
"2,69 : 0.4851"
"69,2 : 0.4851"
"2,70 : 0.8902"
"70,2 : 0.8902"
"2,71 : 0.6825"
"71,2 : 0.6825"
"2,72 : 0.6778"
"72,2 : 0.6778"
"2,73 : 0.5894"
"73,2 : 0.5894"
"2,74 : 0.6727"
"74,2 : 0.6727"
"2,75 : 0.5492"
"75,2 : 0.5492"
"2,76 : 0.1221"
"76,2 : 0.1221"
"2,77 : 0.4397"
"77,2 : 0.4397"
"2,78 : 0.4504"
"78,2 : 0.4504"
"2,79 : 0.5859"
"79,2 : 0.5859"
"2,80 : 0.9492"
"80,2 : 0.9492"
"2,81 : 0.6701"
"81,2 : 0.6701"
"2,82 : 0.9502"
"82,2 : 0.9502"
"2,83 : 0.8016"
"83,2 : 0.8016"
"2,84 : 0.7131"
"84,2 : 0.7131"
"2,85 : 0.1965"
"85,2 : 0.1965"
"2,86 : 0.7083"
"86,2 : 0.7083"
"2,87 : 0.441"
"87,2 : 0.441"
"2,88 : 0.2693"
"88,2 : 0.2693"
"2,89 : 0.6701"
"89,2 : 0.6701"
"2,90 : 0.4052"
"90,2 : 0.4052"
"2,91 : 0.5507"
"91,2 : 0.5507"
"2,92 : 0.478"
"92,2 : 0.478"
"2,93 : 0.8099"
"93,2 : 0.8099"
"2,94 : 0.7203"
"94,2 : 0.7203"
"2,95 : 0.6661"
"95,2 : 0.6661"
"2,96 : 0.1166"
"96,2 : 0.1166"
"2,97 : 0.5622"
"97,2 : 0.5622"
"2,98 : 0.8095"
"98,2 : 0.8095"
"2,99 : 0.6943"
"99,2 : 0.6943"
"3,4 : 0.255"
"4,3 : 0.255"
"3,5 : 0.7983"
"5,3 : 0.7983"
"3,6 : 0.103"
"6,3 : 0.103"
"3,7 : 0.7524"
"7,3 : 0.7524"
"3,8 : 0.4401"
"8,3 : 0.4401"
"3,9 : 0.7951"
"9,3 : 0.7951"
"3,10 : 0.8415"
"10,3 : 0.8415"
"3,11 : 0.5009"
"11,3 : 0.5009"
"3,12 : 0.04"
"12,3 : 0.04"
"3,13 : 0.6631"
"13,3 : 0.6631"
"3,14 : 0.4148"
"14,3 : 0.4148"
"3,15 : 0.1204"
"15,3 : 0.1204"
"3,16 : 0.5547"
"16,3 : 0.5547"
"3,17 : 0.6843"
"17,3 : 0.6843"
"3,18 : 0.7628"
"18,3 : 0.7628"
"3,19 : 0.6223"
"19,3 : 0.6223"
"3,20 : 0.3667"
"20,3 : 0.3667"
"3,21 : 0.0728"
"21,3 : 0.0728"
"3,22 : 0.849"
"22,3 : 0.849"
"3,23 : 0.758"
"23,3 : 0.758"
"3,24 : 0.4163"
"24,3 : 0.4163"
"3,25 : 0.5301"
"25,3 : 0.5301"
"3,26 : 0.0316"
"26,3 : 0.0316"
"3,27 : 0.5725"
"27,3 : 0.5725"
"3,28 : 0.6389"
"28,3 : 0.6389"
"3,29 : 0.5941"
"29,3 : 0.5941"
"3,30 : 0.6297"
"30,3 : 0.6297"
"3,31 : 0.8947"
"31,3 : 0.8947"
"3,32 : 0.6237"
"32,3 : 0.6237"
"3,33 : 0.0424"
"33,3 : 0.0424"
"3,34 : 0.686"
"34,3 : 0.686"
"3,35 : 0.5757"
"35,3 : 0.5757"
"3,36 : 0.368"
"36,3 : 0.368"
"3,37 : 0.5515"
"37,3 : 0.5515"
"3,38 : 0.9534"
"38,3 : 0.9534"
"3,39 : 1.0548"
"39,3 : 1.0548"
"3,40 : 0.9661"
"40,3 : 0.9661"
"3,41 : 0.441"
"41,3 : 0.441"
"3,42 : 0.29"
"42,3 : 0.29"
"3,43 : 0.7765"
"43,3 : 0.7765"
"3,44 : 1.0512"
"44,3 : 1.0512"
"3,45 : 0.9492"
"45,3 : 0.9492"
"3,46 : 0.0316"
"46,3 : 0.0316"
"3,47 : 0.8273"
"47,3 : 0.8273"
"3,48 : 0.2332"
"48,3 : 0.2332"
"3,49 : 0.402"
"49,3 : 0.402"
"3,50 : 0.6736"
"50,3 : 0.6736"
"3,51 : 0.9464"
"51,3 : 0.9464"
"3,52 : 0.725"
"52,3 : 0.725"
"3,53 : 0.6986"
"53,3 : 0.6986"
"3,54 : 0.15"
"54,3 : 0.15"
"3,55 : 0.8222"
"55,3 : 0.8222"
"3,56 : 0.7642"
"56,3 : 0.7642"
"3,57 : 0.2506"
"57,3 : 0.2506"
"3,58 : 0.5248"
"58,3 : 0.5248"
"3,59 : 0.5797"
"59,3 : 0.5797"
"3,60 : 0.1487"
"60,3 : 0.1487"
"3,61 : 0.7543"
"61,3 : 0.7543"
"3,62 : 0.3178"
"62,3 : 0.3178"
"3,63 : 0.5644"
"63,3 : 0.5644"
"3,64 : 0.6721"
"64,3 : 0.6721"
"3,65 : 0.8288"
"65,3 : 0.8288"
"3,66 : 0.6912"
"66,3 : 0.6912"
"3,67 : 1.0481"
"67,3 : 1.0481"
"3,68 : 0.5109"
"68,3 : 0.5109"
"3,69 : 0.3736"
"69,3 : 0.3736"
"3,70 : 1.0198"
"70,3 : 1.0198"
"3,71 : 0.8902"
"71,3 : 0.8902"
"3,72 : 0.7009"
"72,3 : 0.7009"
"3,73 : 0.791"
"73,3 : 0.791"
"3,74 : 0.8802"
"74,3 : 0.8802"
"3,75 : 0.4464"
"75,3 : 0.4464"
"3,76 : 0.3581"
"76,3 : 0.3581"
"3,77 : 0.4675"
"77,3 : 0.4675"
"3,78 : 0.6825"
"78,3 : 0.6825"
"3,79 : 0.6389"
"79,3 : 0.6389"
"3,80 : 1.0404"
"80,3 : 1.0404"
"3,81 : 0.7572"
"81,3 : 0.7572"
"3,82 : 1.0694"
"82,3 : 1.0694"
"3,83 : 0.9257"
"83,3 : 0.9257"
"3,84 : 0.5814"
"84,3 : 0.5814"
"3,85 : 0.1628"
"85,3 : 0.1628"
"3,86 : 0.9492"
"86,3 : 0.9492"
"3,87 : 0.414"
"87,3 : 0.414"
"3,88 : 0.5148"
"88,3 : 0.5148"
"3,89 : 0.7572"
"89,3 : 0.7572"
"3,90 : 0.4328"
"90,3 : 0.4328"
"3,91 : 0.614"
"91,3 : 0.614"
"3,92 : 0.495"
"92,3 : 0.495"
"3,93 : 0.9586"
"93,3 : 0.9586"
"3,94 : 0.9443"
"94,3 : 0.9443"
"3,95 : 0.8099"
"95,3 : 0.8099"
"3,96 : 0.3624"
"96,3 : 0.3624"
"3,97 : 0.6586"
"97,3 : 0.6586"
"3,98 : 0.9753"
"98,3 : 0.9753"
"3,99 : 0.9341"
"99,3 : 0.9341"
"4,5 : 0.6727"
"5,4 : 0.6727"
"4,6 : 0.2807"
"6,4 : 0.2807"
"4,7 : 0.7857"
"7,4 : 0.7857"
"4,8 : 0.1868"
"8,4 : 0.1868"
"4,9 : 0.5731"
"9,4 : 0.5731"
"4,10 : 0.7519"
"10,4 : 0.7519"
"4,11 : 0.4687"
"11,4 : 0.4687"
"4,12 : 0.2195"
"12,4 : 0.2195"
"4,13 : 0.4085"
"13,4 : 0.4085"
"4,14 : 0.3138"
"14,4 : 0.3138"
"4,15 : 0.3214"
"15,4 : 0.3214"
"4,16 : 0.3002"
"16,4 : 0.3002"
"4,17 : 0.4294"
"17,4 : 0.4294"
"4,18 : 0.5571"
"18,4 : 0.5571"
"4,19 : 0.3912"
"19,4 : 0.3912"
"4,20 : 0.4478"
"20,4 : 0.4478"
"4,21 : 0.2138"
"21,4 : 0.2138"
"4,22 : 0.8406"
"22,4 : 0.8406"
"4,23 : 0.5463"
"23,4 : 0.5463"
"4,24 : 0.4826"
"24,4 : 0.4826"
"4,25 : 0.4837"
"25,4 : 0.4837"
"4,26 : 0.2608"
"26,4 : 0.2608"
"4,27 : 0.6011"
"27,4 : 0.6011"
"4,28 : 0.4205"
"28,4 : 0.4205"
"4,29 : 0.389"
"29,4 : 0.389"
"4,30 : 0.4342"
"30,4 : 0.4342"
"4,31 : 0.7159"
"31,4 : 0.7159"
"4,32 : 0.3805"
"32,4 : 0.3805"
"4,33 : 0.272"
"33,4 : 0.272"
"4,34 : 0.4754"
"34,4 : 0.4754"
"4,35 : 0.3256"
"35,4 : 0.3256"
"4,36 : 0.506"
"36,4 : 0.506"
"4,37 : 0.5162"
"37,4 : 0.5162"
"4,38 : 0.8102"
"38,4 : 0.8102"
"4,39 : 0.8523"
"39,4 : 0.8523"
"4,40 : 0.7513"
"40,4 : 0.7513"
"4,41 : 0.3859"
"41,4 : 0.3859"
"4,42 : 0.2921"
"42,4 : 0.2921"
"4,43 : 0.7379"
"43,4 : 0.7379"
"4,44 : 0.8602"
"44,4 : 0.8602"
"4,45 : 0.9434"
"45,4 : 0.9434"
"4,46 : 0.2786"
"46,4 : 0.2786"
"4,47 : 0.5941"
"47,4 : 0.5941"
"4,48 : 0.0316"
"48,4 : 0.0316"
"4,49 : 0.1838"
"49,4 : 0.1838"
"4,50 : 0.422"
"50,4 : 0.422"
"4,51 : 0.8006"
"51,4 : 0.8006"
"4,52 : 0.7638"
"52,4 : 0.7638"
"4,53 : 0.5743"
"53,4 : 0.5743"
"4,54 : 0.1118"
"54,4 : 0.1118"
"4,55 : 0.8301"
"55,4 : 0.8301"
"4,56 : 0.5263"
"56,4 : 0.5263"
"4,57 : 0.3669"
"57,4 : 0.3669"
"4,58 : 0.272"
"58,4 : 0.272"
"4,59 : 0.3324"
"59,4 : 0.3324"
"4,60 : 0.1082"
"60,4 : 0.1082"
"4,61 : 0.5367"
"61,4 : 0.5367"
"4,62 : 0.0894"
"62,4 : 0.0894"
"4,63 : 0.4776"
"63,4 : 0.4776"
"4,64 : 0.4442"
"64,4 : 0.4442"
"4,65 : 0.588"
"65,4 : 0.588"
"4,66 : 0.4383"
"66,4 : 0.4383"
"4,67 : 0.8286"
"67,4 : 0.8286"
"4,68 : 0.4771"
"68,4 : 0.4771"
"4,69 : 0.1304"
"69,4 : 0.1304"
"4,70 : 0.8368"
"70,4 : 0.8368"
"4,71 : 0.8078"
"71,4 : 0.8078"
"4,72 : 0.4623"
"72,4 : 0.4623"
"4,73 : 0.706"
"73,4 : 0.706"
"4,74 : 0.7981"
"74,4 : 0.7981"
"4,75 : 0.2002"
"75,4 : 0.2002"
"4,76 : 0.4754"
"76,4 : 0.4754"
"4,77 : 0.253"
"77,4 : 0.253"
"4,78 : 0.6657"
"78,4 : 0.6657"
"4,79 : 0.4205"
"79,4 : 0.4205"
"4,80 : 0.8273"
"80,4 : 0.8273"
"4,81 : 0.5536"
"81,4 : 0.5536"
"4,82 : 0.876"
"82,4 : 0.876"
"4,83 : 0.7422"
"83,4 : 0.7422"
"4,84 : 0.3569"
"84,4 : 0.3569"
"4,85 : 0.3981"
"85,4 : 0.3981"
"4,86 : 0.9434"
"86,4 : 0.9434"
"4,87 : 0.172"
"87,4 : 0.172"
"4,88 : 0.5685"
"88,4 : 0.5685"
"4,89 : 0.5536"
"89,4 : 0.5536"
"4,90 : 0.2256"
"90,4 : 0.2256"
"4,91 : 0.405"
"91,4 : 0.405"
"4,92 : 0.2683"
"92,4 : 0.2683"
"4,93 : 0.7963"
"93,4 : 0.7963"
"4,94 : 0.8896"
"94,4 : 0.8896"
"4,95 : 0.6519"
"95,4 : 0.6519"
"4,96 : 0.4518"
"96,4 : 0.4518"
"4,97 : 0.4707"
"97,4 : 0.4707"
"4,98 : 0.8305"
"98,4 : 0.8305"
"4,99 : 0.9244"
"99,4 : 0.9244"
"5,6 : 0.7242"
"6,5 : 0.7242"
"5,7 : 0.4785"
"7,5 : 0.4785"
"5,8 : 0.6648"
"8,5 : 0.6648"
"5,9 : 0.3801"
"9,5 : 0.3801"
"5,10 : 0.1342"
"10,5 : 0.1342"
"5,11 : 0.3441"
"11,5 : 0.3441"
"5,12 : 0.7908"
"12,5 : 0.7908"
"5,13 : 0.6812"
"13,5 : 0.6812"
"5,14 : 0.3847"
"14,5 : 0.3847"
"5,15 : 0.7467"
"15,5 : 0.7467"
"5,16 : 0.6106"
"16,5 : 0.6106"
"5,17 : 0.6438"
"17,5 : 0.6438"
"5,18 : 0.3002"
"18,5 : 0.3002"
"5,19 : 0.4342"
"19,5 : 0.4342"
"5,20 : 0.558"
"20,5 : 0.558"
"5,21 : 0.7257"
"21,5 : 0.7257"
"5,22 : 0.392"
"22,5 : 0.392"
"5,23 : 0.3276"
"23,5 : 0.3276"
"5,24 : 0.525"
"24,5 : 0.525"
"5,25 : 0.3081"
"25,5 : 0.3081"
"5,26 : 0.8257"
"26,5 : 0.8257"
"5,27 : 0.4327"
"27,5 : 0.4327"
"5,28 : 0.3764"
"28,5 : 0.3764"
"5,29 : 0.3499"
"29,5 : 0.3499"
"5,30 : 0.3023"
"30,5 : 0.3023"
"5,31 : 0.2121"
"31,5 : 0.2121"
"5,32 : 0.7849"
"32,5 : 0.7849"
"5,33 : 0.7762"
"33,5 : 0.7762"
"5,34 : 0.3324"
"34,5 : 0.3324"
"5,35 : 0.7187"
"35,5 : 0.7187"
"5,36 : 0.6607"
"36,5 : 0.6607"
"5,37 : 0.3114"
"37,5 : 0.3114"
"5,38 : 0.1612"
"38,5 : 0.1612"
"5,39 : 0.3985"
"39,5 : 0.3985"
"5,40 : 0.4"
"40,5 : 0.4"
"5,41 : 0.3677"
"41,5 : 0.3677"
"5,42 : 0.5187"
"42,5 : 0.5187"
"5,43 : 0.2702"
"43,5 : 0.2702"
"5,44 : 0.3534"
"44,5 : 0.3534"
"5,45 : 0.4588"
"45,5 : 0.4588"
"5,46 : 0.7956"
"46,5 : 0.7956"
"5,47 : 0.4519"
"47,5 : 0.4519"
"5,48 : 0.6607"
"48,5 : 0.6607"
"5,49 : 0.7749"
"49,5 : 0.7749"
"5,50 : 0.7388"
"50,5 : 0.7388"
"5,51 : 0.1581"
"51,5 : 0.1581"
"5,52 : 0.4851"
"52,5 : 0.4851"
"5,53 : 0.1005"
"53,5 : 0.1005"
"5,54 : 0.6918"
"54,5 : 0.6918"
"5,55 : 0.43"
"55,5 : 0.43"
"5,56 : 0.4687"
"56,5 : 0.4687"
"5,57 : 0.6306"
"57,5 : 0.6306"
"5,58 : 0.5818"
"58,5 : 0.5818"
"5,59 : 0.7409"
"59,5 : 0.7409"
"5,60 : 0.7306"
"60,5 : 0.7306"
"5,61 : 0.3551"
"61,5 : 0.3551"
"5,62 : 0.7237"
"62,5 : 0.7237"
"5,63 : 0.2417"
"63,5 : 0.2417"
"5,64 : 0.4101"
"64,5 : 0.4101"
"5,65 : 0.5054"
"65,5 : 0.5054"
"5,66 : 0.594"
"66,5 : 0.594"
"5,67 : 0.4727"
"67,5 : 0.4727"
"5,68 : 0.336"
"68,5 : 0.336"
"5,69 : 0.706"
"69,5 : 0.706"
"5,70 : 0.3041"
"70,5 : 0.3041"
"5,71 : 0.186"
"71,5 : 0.186"
"5,72 : 0.4675"
"72,5 : 0.4675"
"5,73 : 0.1304"
"73,5 : 0.1304"
"5,74 : 0.1803"
"74,5 : 0.1803"
"5,75 : 0.7094"
"75,5 : 0.7094"
"5,76 : 0.6201"
"76,5 : 0.6201"
"5,77 : 0.4522"
"77,5 : 0.4522"
"5,78 : 0.3195"
"78,5 : 0.3195"
"5,79 : 0.3764"
"79,5 : 0.3764"
"5,80 : 0.4357"
"80,5 : 0.4357"
"5,81 : 0.2915"
"81,5 : 0.2915"
"5,82 : 0.3758"
"82,5 : 0.3758"
"5,83 : 0.2452"
"83,5 : 0.2452"
"5,84 : 0.846"
"84,5 : 0.846"
"5,85 : 0.8194"
"85,5 : 0.8194"
"5,86 : 0.4588"
"86,5 : 0.4588"
"5,87 : 0.5536"
"87,5 : 0.5536"
"5,88 : 0.4904"
"88,5 : 0.4904"
"5,89 : 0.2915"
"89,5 : 0.2915"
"5,90 : 0.4632"
"90,5 : 0.4632"
"5,91 : 0.3523"
"91,5 : 0.3523"
"5,92 : 0.4662"
"92,5 : 0.4662"
"5,93 : 0.2"
"93,5 : 0.2"
"5,94 : 0.3053"
"94,5 : 0.3053"
"5,95 : 0.1118"
"95,5 : 0.1118"
"5,96 : 0.572"
"96,5 : 0.572"
"5,97 : 0.264"
"97,5 : 0.264"
"5,98 : 0.1836"
"98,5 : 0.1836"
"5,99 : 0.4368"
"99,5 : 0.4368"
"6,7 : 0.65"
"7,6 : 0.65"
"6,8 : 0.4653"
"8,6 : 0.4653"
"6,9 : 0.7642"
"9,6 : 0.7642"
"6,10 : 0.7566"
"10,6 : 0.7566"
"6,11 : 0.4105"
"11,6 : 0.4105"
"6,12 : 0.1273"
"12,6 : 0.1273"
"6,13 : 0.6815"
"13,6 : 0.6815"
"6,14 : 0.3489"
"14,6 : 0.3489"
"6,15 : 0.0412"
"15,6 : 0.0412"
"6,16 : 0.5661"
"16,6 : 0.5661"
"6,17 : 0.6957"
"17,6 : 0.6957"
"6,18 : 0.7225"
"18,6 : 0.7225"
"6,19 : 0.6022"
"19,6 : 0.6022"
"6,20 : 0.264"
"20,6 : 0.264"
"6,21 : 0.0728"
"21,6 : 0.0728"
"6,22 : 0.7495"
"22,6 : 0.7495"
"6,23 : 0.7214"
"23,6 : 0.7214"
"6,24 : 0.3138"
"24,6 : 0.3138"
"6,25 : 0.4418"
"25,6 : 0.4418"
"6,26 : 0.1342"
"26,6 : 0.1342"
"6,27 : 0.4713"
"27,6 : 0.4713"
"6,28 : 0.6096"
"28,6 : 0.6096"
"6,29 : 0.5587"
"29,6 : 0.5587"
"6,30 : 0.588"
"30,6 : 0.588"
"6,31 : 0.8386"
"31,6 : 0.8386"
"6,32 : 0.6612"
"32,6 : 0.6612"
"6,33 : 0.0632"
"33,6 : 0.0632"
"6,34 : 0.6505"
"34,6 : 0.6505"
"6,35 : 0.6053"
"35,6 : 0.6053"
"6,36 : 0.2691"
"36,6 : 0.2691"
"6,37 : 0.4601"
"37,6 : 0.4601"
"6,38 : 0.8826"
"38,6 : 0.8826"
"6,39 : 1.008"
"39,6 : 1.008"
"6,40 : 0.9276"
"40,6 : 0.9276"
"6,41 : 0.359"
"41,6 : 0.359"
"6,42 : 0.2062"
"42,6 : 0.2062"
"6,43 : 0.6818"
"43,6 : 0.6818"
"6,44 : 0.9986"
"44,6 : 0.9986"
"6,45 : 0.849"
"45,6 : 0.849"
"6,46 : 0.0825"
"46,6 : 0.0825"
"6,47 : 0.8043"
"47,6 : 0.8043"
"6,48 : 0.2518"
"48,6 : 0.2518"
"6,49 : 0.4528"
"49,6 : 0.4528"
"6,50 : 0.7004"
"50,6 : 0.7004"
"6,51 : 0.8766"
"51,6 : 0.8766"
"6,52 : 0.6224"
"52,6 : 0.6224"
"6,53 : 0.6263"
"53,6 : 0.6263"
"6,54 : 0.17"
"54,6 : 0.17"
"6,55 : 0.7212"
"55,6 : 0.7212"
"6,56 : 0.7463"
"56,6 : 0.7463"
"6,57 : 0.1476"
"57,6 : 0.1476"
"6,58 : 0.5314"
"58,6 : 0.5314"
"6,59 : 0.6129"
"59,6 : 0.6129"
"6,60 : 0.1942"
"60,6 : 0.1942"
"6,61 : 0.7214"
"61,6 : 0.7214"
"6,62 : 0.3606"
"62,6 : 0.3606"
"6,63 : 0.4851"
"63,6 : 0.4851"
"6,64 : 0.6482"
"64,6 : 0.6482"
"6,65 : 0.8127"
"65,6 : 0.8127"
"6,66 : 0.6946"
"66,6 : 0.6946"
"6,67 : 1.0118"
"67,6 : 1.0118"
"6,68 : 0.4205"
"68,6 : 0.4205"
"6,69 : 0.4101"
"69,6 : 0.4101"
"6,70 : 0.9638"
"70,6 : 0.9638"
"6,71 : 0.8031"
"71,6 : 0.8031"
"6,72 : 0.6851"
"72,6 : 0.6851"
"6,73 : 0.7058"
"73,6 : 0.7058"
"6,74 : 0.7931"
"74,6 : 0.7931"
"6,75 : 0.4809"
"75,6 : 0.4809"
"6,76 : 0.2561"
"76,6 : 0.2561"
"6,77 : 0.4441"
"77,6 : 0.4441"
"6,78 : 0.5855"
"78,6 : 0.5855"
"6,79 : 0.6096"
"79,6 : 0.6096"
"6,80 : 1.0"
"80,6 : 1.0"
"6,81 : 0.7159"
"81,6 : 0.7159"
"6,82 : 1.0179"
"82,6 : 1.0179"
"6,83 : 0.8713"
"83,6 : 0.8713"
"6,84 : 0.632"
"84,6 : 0.632"
"6,85 : 0.1253"
"85,6 : 0.1253"
"6,86 : 0.849"
"86,6 : 0.849"
"6,87 : 0.4123"
"87,6 : 0.4123"
"6,88 : 0.4123"
"88,6 : 0.4123"
"6,89 : 0.7159"
"89,6 : 0.7159"
"6,90 : 0.408"
"90,6 : 0.408"
"6,91 : 0.58"
"91,6 : 0.58"
"6,92 : 0.4771"
"92,6 : 0.4771"
"6,93 : 0.8947"
"93,6 : 0.8947"
"6,94 : 0.8509"
"94,6 : 0.8509"
"6,95 : 0.7469"
"95,6 : 0.7469"
"6,96 : 0.2594"
"96,6 : 0.2594"
"6,97 : 0.6122"
"97,6 : 0.6122"
"6,98 : 0.9048"
"98,6 : 0.9048"
"6,99 : 0.8343"
"99,6 : 0.8343"
"7,8 : 0.886"
"8,7 : 0.886"
"7,9 : 0.8139"
"9,7 : 0.8139"
"7,10 : 0.3808"
"10,7 : 0.3808"
"7,11 : 0.3302"
"11,7 : 0.3302"
"7,12 : 0.7692"
"12,7 : 0.7692"
"7,13 : 1.0065"
"13,7 : 1.0065"
"7,14 : 0.5022"
"14,7 : 0.5022"
"7,15 : 0.6451"
"15,7 : 0.6451"
"7,16 : 0.8994"
"16,7 : 0.8994"
"7,17 : 0.9862"
"17,7 : 0.9862"
"7,18 : 0.7325"
"18,7 : 0.7325"
"7,19 : 0.7811"
"19,7 : 0.7811"
"7,20 : 0.3863"
"20,7 : 0.3863"
"7,21 : 0.6977"
"21,7 : 0.6977"
"7,22 : 0.1526"
"22,7 : 0.1526"
"7,23 : 0.7543"
"23,7 : 0.7543"
"7,24 : 0.3362"
"24,7 : 0.3362"
"7,25 : 0.3312"
"25,7 : 0.3312"
"7,26 : 0.7839"
"26,7 : 0.7839"
"7,27 : 0.186"
"27,7 : 0.186"
"7,28 : 0.7376"
"28,7 : 0.7376"
"7,29 : 0.6831"
"29,7 : 0.6831"
"7,30 : 0.6597"
"30,7 : 0.6597"
"7,31 : 0.6905"
"31,7 : 0.6905"
"7,32 : 1.0685"
"32,7 : 1.0685"
"7,33 : 0.7131"
"33,7 : 0.7131"
"7,34 : 0.7237"
"34,7 : 0.7237"
"7,35 : 0.9964"
"35,7 : 0.9964"
"7,36 : 0.423"
"36,7 : 0.423"
"7,37 : 0.2953"
"37,7 : 0.2953"
"7,38 : 0.5962"
"38,7 : 0.5962"
"7,39 : 0.8756"
"39,7 : 0.8756"
"7,40 : 0.8746"
"40,7 : 0.8746"
"7,41 : 0.414"
"41,7 : 0.414"
"7,42 : 0.5"
"42,7 : 0.5"
"7,43 : 0.2154"
"43,7 : 0.2154"
"7,44 : 0.8257"
"44,7 : 0.8257"
"7,45 : 0.222"
"45,7 : 0.222"
"7,46 : 0.7316"
"46,7 : 0.7316"
"7,47 : 0.8857"
"47,7 : 0.8857"
"7,48 : 0.7582"
"48,7 : 0.7582"
"7,49 : 0.9552"
"49,7 : 0.9552"
"7,50 : 1.0555"
"50,7 : 1.0555"
"7,51 : 0.6017"
"51,7 : 0.6017"
"7,52 : 0.03"
"52,7 : 0.03"
"7,53 : 0.4601"
"53,7 : 0.4601"
"7,54 : 0.7324"
"54,7 : 0.7324"
"7,55 : 0.0985"
"55,7 : 0.0985"
"7,56 : 0.8766"
"56,7 : 0.8766"
"7,57 : 0.5033"
"57,7 : 0.5033"
"7,58 : 0.8596"
"58,7 : 0.8596"
"7,59 : 1.0155"
"59,7 : 1.0155"
"7,60 : 0.7767"
"60,7 : 0.7767"
"7,61 : 0.7765"
"61,7 : 0.7765"
"7,62 : 0.8698"
"62,7 : 0.8698"
"7,63 : 0.3922"
"63,7 : 0.3922"
"7,64 : 0.7859"
"64,7 : 0.7859"
"7,65 : 0.9306"
"65,7 : 0.9306"
"7,66 : 0.9492"
"66,7 : 0.9492"
"7,67 : 0.9504"
"67,7 : 0.9504"
"7,68 : 0.3245"
"68,7 : 0.3245"
"7,69 : 0.8853"
"69,7 : 0.8853"
"7,70 : 0.7749"
"70,7 : 0.7749"
"7,71 : 0.3774"
"71,7 : 0.3774"
"7,72 : 0.849"
"72,7 : 0.849"
"7,73 : 0.3544"
"73,7 : 0.3544"
"7,74 : 0.3722"
"74,7 : 0.3722"
"7,75 : 0.9262"
"75,7 : 0.9262"
"7,76 : 0.41"
"76,7 : 0.41"
"7,77 : 0.6984"
"77,7 : 0.6984"
"7,78 : 0.1712"
"78,7 : 0.1712"
"7,79 : 0.7376"
"79,7 : 0.7376"
"7,80 : 0.9141"
"80,7 : 0.9141"
"7,81 : 0.7225"
"81,7 : 0.7225"
"7,82 : 0.8477"
"82,7 : 0.8477"
"7,83 : 0.7237"
"83,7 : 0.7237"
"7,84 : 1.094"
"84,7 : 1.094"
"7,85 : 0.6747"
"85,7 : 0.6747"
"7,86 : 0.222"
"86,7 : 0.222"
"7,87 : 0.7684"
"87,7 : 0.7684"
"7,88 : 0.2377"
"88,7 : 0.2377"
"7,89 : 0.7225"
"89,7 : 0.7225"
"7,90 : 0.6826"
"90,7 : 0.6826"
"7,91 : 0.6992"
"91,7 : 0.6992"
"7,92 : 0.7336"
"92,7 : 0.7336"
"7,93 : 0.6641"
"93,7 : 0.6641"
"7,94 : 0.3265"
"94,7 : 0.3265"
"7,95 : 0.5842"
"95,7 : 0.5842"
"7,96 : 0.3922"
"96,7 : 0.3922"
"7,97 : 0.6413"
"97,7 : 0.6413"
"7,98 : 0.6133"
"98,7 : 0.6133"
"7,99 : 0.2159"
"99,7 : 0.2159"
"8,9 : 0.461"
"9,8 : 0.461"
"8,10 : 0.7694"
"10,8 : 0.7694"
"8,11 : 0.5561"
"11,8 : 0.5561"
"8,12 : 0.4031"
"12,8 : 0.4031"
"8,13 : 0.2236"
"13,8 : 0.2236"
"8,14 : 0.3842"
"14,8 : 0.3842"
"8,15 : 0.5064"
"15,8 : 0.5064"
"8,16 : 0.1281"
"16,8 : 0.1281"
"8,17 : 0.25"
"17,8 : 0.25"
"8,18 : 0.4704"
"18,8 : 0.4704"
"8,19 : 0.2816"
"19,8 : 0.2816"
"8,20 : 0.5948"
"20,8 : 0.5948"
"8,21 : 0.4002"
"21,8 : 0.4002"
"8,22 : 0.9124"
"22,8 : 0.9124"
"8,23 : 0.4518"
"23,8 : 0.4518"
"8,24 : 0.6203"
"24,8 : 0.6203"
"8,25 : 0.5597"
"25,8 : 0.5597"
"8,26 : 0.4428"
"26,8 : 0.4428"
"8,27 : 0.7102"
"27,8 : 0.7102"
"8,28 : 0.33"
"28,8 : 0.33"
"8,29 : 0.3256"
"29,8 : 0.3256"
"8,30 : 0.3766"
"30,8 : 0.3766"
"8,31 : 0.6507"
"31,8 : 0.6507"
"8,32 : 0.2022"
"32,8 : 0.2022"
"8,33 : 0.4588"
"33,8 : 0.4588"
"8,34 : 0.39"
"34,8 : 0.39"
"8,35 : 0.1404"
"35,8 : 0.1404"
"8,36 : 0.6691"
"36,8 : 0.6691"
"8,37 : 0.5955"
"37,8 : 0.5955"
"8,38 : 0.7767"
"38,8 : 0.7767"
"8,39 : 0.7531"
"39,8 : 0.7531"
"8,40 : 0.6403"
"40,8 : 0.6403"
"8,41 : 0.472"
"41,8 : 0.472"
"8,42 : 0.4301"
"42,8 : 0.4301"
"8,43 : 0.7951"
"43,8 : 0.7951"
"8,44 : 0.7741"
"44,8 : 0.7741"
"8,45 : 1.0124"
"45,8 : 1.0124"
"8,46 : 0.4649"
"46,8 : 0.4649"
"8,47 : 0.4624"
"47,8 : 0.4624"
"8,48 : 0.2138"
"48,8 : 0.2138"
"8,49 : 0.1204"
"49,8 : 0.1204"
"8,50 : 0.2354"
"50,8 : 0.2354"
"8,51 : 0.7649"
"51,8 : 0.7649"
"8,52 : 0.8684"
"52,8 : 0.8684"
"8,53 : 0.577"
"53,8 : 0.577"
"8,54 : 0.2983"
"54,8 : 0.2983"
"8,55 : 0.9129"
"55,8 : 0.9129"
"8,56 : 0.39"
"56,8 : 0.39"
"8,57 : 0.5334"
"57,8 : 0.5334"
"8,58 : 0.117"
"58,8 : 0.117"
"8,59 : 0.1503"
"59,8 : 0.1503"
"8,60 : 0.2915"
"60,8 : 0.2915"
"8,61 : 0.4342"
"61,8 : 0.4342"
"8,62 : 0.1345"
"62,8 : 0.1345"
"8,63 : 0.525"
"63,8 : 0.525"
"8,64 : 0.3338"
"64,8 : 0.3338"
"8,65 : 0.4429"
"65,8 : 0.4429"
"8,66 : 0.2691"
"66,8 : 0.2691"
"8,67 : 0.7084"
"67,8 : 0.7084"
"8,68 : 0.5622"
"68,8 : 0.5622"
"8,69 : 0.0781"
"69,8 : 0.0781"
"8,70 : 0.7606"
"70,8 : 0.7606"
"8,71 : 0.8276"
"71,8 : 0.8276"
"8,72 : 0.3289"
"72,8 : 0.3289"
"8,73 : 0.7306"
"73,8 : 0.7306"
"8,74 : 0.8188"
"74,8 : 0.8188"
"8,75 : 0.0447"
"75,8 : 0.0447"
"8,76 : 0.6335"
"76,8 : 0.6335"
"8,77 : 0.2147"
"77,8 : 0.2147"
"8,78 : 0.7428"
"78,8 : 0.7428"
"8,79 : 0.33"
"79,8 : 0.33"
"8,80 : 0.7157"
"80,8 : 0.7157"
"8,81 : 0.4701"
"81,8 : 0.4701"
"8,82 : 0.7864"
"82,8 : 0.7864"
"8,83 : 0.67"
"83,8 : 0.67"
"8,84 : 0.2081"
"84,8 : 0.2081"
"8,85 : 0.5846"
"85,8 : 0.5846"
"8,86 : 1.0124"
"86,8 : 1.0124"
"8,87 : 0.1204"
"87,8 : 0.1204"
"8,88 : 0.6932"
"88,8 : 0.6932"
"8,89 : 0.4701"
"89,8 : 0.4701"
"8,90 : 0.214"
"90,8 : 0.214"
"8,91 : 0.3324"
"91,8 : 0.3324"
"8,92 : 0.1992"
"92,8 : 0.1992"
"8,93 : 0.7443"
"93,8 : 0.7443"
"8,94 : 0.9265"
"94,8 : 0.9265"
"8,95 : 0.6139"
"95,8 : 0.6139"
"8,96 : 0.6017"
"96,8 : 0.6017"
"8,97 : 0.4177"
"97,8 : 0.4177"
"8,98 : 0.7943"
"98,8 : 0.7943"
"8,99 : 0.9916"
"99,8 : 0.9916"
"9,10 : 0.5143"
"10,9 : 0.5143"
"9,11 : 0.5511"
"11,9 : 0.5511"
"9,12 : 0.7701"
"12,9 : 0.7701"
"9,13 : 0.364"
"13,9 : 0.364"
"9,14 : 0.4518"
"14,9 : 0.4518"
"9,15 : 0.8006"
"15,9 : 0.8006"
"9,16 : 0.3506"
"16,9 : 0.3506"
"9,17 : 0.3162"
"17,9 : 0.3162"
"9,18 : 0.0825"
"18,9 : 0.0825"
"9,19 : 0.1838"
"19,9 : 0.1838"
"9,20 : 0.7262"
"20,9 : 0.7262"
"9,21 : 0.7292"
"21,9 : 0.7292"
"9,22 : 0.7596"
"22,9 : 0.7596"
"9,23 : 0.06"
"23,9 : 0.06"
"9,24 : 0.7178"
"24,9 : 0.7178"
"9,25 : 0.5261"
"25,9 : 0.5261"
"9,26 : 0.8122"
"26,9 : 0.8122"
"9,27 : 0.7035"
"27,9 : 0.7035"
"9,28 : 0.1562"
"28,9 : 0.1562"
"9,29 : 0.2062"
"29,9 : 0.2062"
"9,30 : 0.1879"
"30,9 : 0.1879"
"9,31 : 0.2385"
"31,9 : 0.2385"
"9,32 : 0.4903"
"32,9 : 0.4903"
"9,33 : 0.7925"
"33,9 : 0.7925"
"9,34 : 0.1166"
"34,9 : 0.1166"
"9,35 : 0.4418"
"35,9 : 0.4418"
"9,36 : 0.8326"
"36,9 : 0.8326"
"9,37 : 0.5533"
"37,9 : 0.5533"
"9,38 : 0.4046"
"38,9 : 0.4046"
"9,39 : 0.2927"
"39,9 : 0.2927"
"9,40 : 0.1803"
"40,9 : 0.1803"
"9,41 : 0.5092"
"41,9 : 0.5092"
"9,42 : 0.6021"
"42,9 : 0.6021"
"9,43 : 0.6306"
"43,9 : 0.6306"
"9,44 : 0.3206"
"44,9 : 0.3206"
"9,45 : 0.8357"
"45,9 : 0.8357"
"9,46 : 0.8072"
"46,9 : 0.8072"
"9,47 : 0.0728"
"47,9 : 0.0728"
"9,48 : 0.5798"
"48,9 : 0.5798"
"9,49 : 0.5805"
"49,9 : 0.5805"
"9,50 : 0.4206"
"50,9 : 0.4206"
"9,51 : 0.3905"
"51,9 : 0.3905"
"9,52 : 0.8115"
"52,9 : 0.8115"
"9,53 : 0.3569"
"53,9 : 0.3569"
"9,54 : 0.65"
"54,9 : 0.65"
"9,55 : 0.7885"
"55,9 : 0.7885"
"9,56 : 0.103"
"56,9 : 0.103"
"9,57 : 0.7409"
"57,9 : 0.7409"
"9,58 : 0.3453"
"58,9 : 0.3453"
"9,59 : 0.4627"
"59,9 : 0.4627"
"9,60 : 0.6712"
"60,9 : 0.6712"
"9,61 : 0.0447"
"61,9 : 0.0447"
"9,62 : 0.5758"
"62,9 : 0.5758"
"9,63 : 0.4428"
"63,9 : 0.4428"
"9,64 : 0.13"
"64,9 : 0.13"
"9,65 : 0.1253"
"65,9 : 0.1253"
"9,66 : 0.2625"
"66,9 : 0.2625"
"9,67 : 0.2555"
"67,9 : 0.2555"
"9,68 : 0.5492"
"68,9 : 0.5492"
"9,69 : 0.5316"
"69,9 : 0.5316"
"9,70 : 0.3178"
"70,9 : 0.3178"
"9,71 : 0.5644"
"71,9 : 0.5644"
"9,72 : 0.1404"
"72,9 : 0.1404"
"9,73 : 0.5033"
"73,9 : 0.5033"
"9,74 : 0.5595"
"74,9 : 0.5595"
"9,75 : 0.4965"
"75,9 : 0.4965"
"9,76 : 0.7879"
"76,9 : 0.7879"
"9,77 : 0.328"
"77,9 : 0.328"
"9,78 : 0.6428"
"78,9 : 0.6428"
"9,79 : 0.1562"
"79,9 : 0.1562"
"9,80 : 0.2563"
"80,9 : 0.2563"
"9,81 : 0.0922"
"81,9 : 0.0922"
"9,82 : 0.33"
"82,9 : 0.33"
"9,83 : 0.2417"
"83,9 : 0.2417"
"9,84 : 0.5743"
"84,9 : 0.5743"
"9,85 : 0.8862"
"85,9 : 0.8862"
"9,86 : 0.8357"
"86,9 : 0.8357"
"9,87 : 0.4025"
"87,9 : 0.4025"
"9,88 : 0.7335"
"88,9 : 0.7335"
"9,89 : 0.0922"
"89,9 : 0.0922"
"9,90 : 0.3624"
"90,9 : 0.3624"
"9,91 : 0.1844"
"91,9 : 0.1844"
"9,92 : 0.3053"
"92,9 : 0.3053"
"9,93 : 0.3413"
"93,9 : 0.3413"
"9,94 : 0.6848"
"94,9 : 0.6848"
"9,95 : 0.2746"
"95,9 : 0.2746"
"9,96 : 0.7393"
"96,9 : 0.7393"
"9,97 : 0.1844"
"97,9 : 0.1844"
"9,98 : 0.414"
"98,9 : 0.414"
"9,99 : 0.8134"
"99,9 : 0.8134"
"10,11 : 0.3493"
"11,10 : 0.3493"
"10,12 : 0.8401"
"12,10 : 0.8401"
"10,13 : 0.8062"
"13,10 : 0.8062"
"10,14 : 0.4441"
"14,10 : 0.4441"
"10,15 : 0.7728"
"15,10 : 0.7728"
"10,16 : 0.728"
"16,10 : 0.728"
"10,17 : 0.771"
"17,10 : 0.771"
"10,18 : 0.4342"
"18,10 : 0.4342"
"10,19 : 0.5587"
"19,10 : 0.5587"
"10,20 : 0.5515"
"20,10 : 0.5515"
"10,21 : 0.7706"
"21,10 : 0.7706"
"10,22 : 0.2707"
"22,10 : 0.2707"
"10,23 : 0.4614"
"23,10 : 0.4614"
"10,24 : 0.5099"
"24,10 : 0.5099"
"10,25 : 0.3158"
"25,10 : 0.3158"
"10,26 : 0.8709"
"26,10 : 0.8709"
"10,27 : 0.3842"
"27,10 : 0.3842"
"10,28 : 0.5021"
"28,10 : 0.5021"
"10,29 : 0.4686"
"29,10 : 0.4686"
"10,30 : 0.4245"
"30,10 : 0.4245"
"10,31 : 0.3314"
"31,10 : 0.3314"
"10,32 : 0.9043"
"32,10 : 0.9043"
"10,33 : 0.8139"
"33,10 : 0.8139"
"10,34 : 0.4623"
"34,10 : 0.4623"
"10,35 : 0.836"
"35,10 : 0.836"
"10,36 : 0.6441"
"36,10 : 0.6441"
"10,37 : 0.3036"
"37,10 : 0.3036"
"10,38 : 0.2154"
"38,10 : 0.2154"
"10,39 : 0.5036"
"39,10 : 0.5036"
"10,40 : 0.5235"
"40,10 : 0.5235"
"10,41 : 0.4005"
"41,10 : 0.4005"
"10,42 : 0.5523"
"42,10 : 0.5523"
"10,43 : 0.1655"
"43,10 : 0.1655"
"10,44 : 0.4491"
"44,10 : 0.4491"
"10,45 : 0.3276"
"45,10 : 0.3276"
"10,46 : 0.8338"
"46,10 : 0.8338"
"10,47 : 0.586"
"47,10 : 0.586"
"10,48 : 0.7355"
"48,10 : 0.7355"
"10,49 : 0.8732"
"49,10 : 0.8732"
"10,50 : 0.8631"
"50,10 : 0.8631"
"10,51 : 0.2214"
"51,10 : 0.2214"
"10,52 : 0.3936"
"52,10 : 0.3936"
"10,53 : 0.1942"
"53,10 : 0.1942"
"10,54 : 0.7533"
"54,10 : 0.7533"
"10,55 : 0.3158"
"55,10 : 0.3158"
"10,56 : 0.6021"
"56,10 : 0.6021"
"10,57 : 0.6429"
"57,10 : 0.6429"
"10,58 : 0.6963"
"58,10 : 0.6963"
"10,59 : 0.858"
"59,10 : 0.858"
"10,60 : 0.7951"
"60,10 : 0.7951"
"10,61 : 0.4888"
"61,10 : 0.4888"
"10,62 : 0.8127"
"62,10 : 0.8127"
"10,63 : 0.2807"
"63,10 : 0.2807"
"10,64 : 0.5391"
"64,10 : 0.5391"
"10,65 : 0.6395"
"65,10 : 0.6395"
"10,66 : 0.7225"
"66,10 : 0.7225"
"10,67 : 0.5901"
"67,10 : 0.5901"
"10,68 : 0.3396"
"68,10 : 0.3396"
"10,69 : 0.8023"
"69,10 : 0.8023"
"10,70 : 0.3981"
"70,10 : 0.3981"
"10,71 : 0.0583"
"71,10 : 0.0583"
"10,72 : 0.5982"
"72,10 : 0.5982"
"10,73 : 0.051"
"73,10 : 0.051"
"10,74 : 0.05"
"74,10 : 0.05"
"10,75 : 0.8141"
"75,10 : 0.8141"
"10,76 : 0.6084"
"76,10 : 0.6084"
"10,77 : 0.5547"
"77,10 : 0.5547"
"10,78 : 0.2476"
"78,10 : 0.2476"
"10,79 : 0.5021"
"79,10 : 0.5021"
"10,80 : 0.5501"
"80,10 : 0.5501"
"10,81 : 0.4254"
"81,10 : 0.4254"
"10,82 : 0.4707"
"82,10 : 0.4707"
"10,83 : 0.3601"
"83,10 : 0.3601"
"10,84 : 0.9596"
"84,10 : 0.9596"
"10,85 : 0.8368"
"85,10 : 0.8368"
"10,86 : 0.3276"
"86,10 : 0.3276"
"10,87 : 0.6531"
"87,10 : 0.6531"
"10,88 : 0.4522"
"88,10 : 0.4522"
"10,89 : 0.4254"
"89,10 : 0.4254"
"10,90 : 0.5595"
"90,10 : 0.5595"
"10,91 : 0.4742"
"91,10 : 0.4742"
"10,92 : 0.5745"
"92,10 : 0.5745"
"10,93 : 0.2864"
"93,10 : 0.2864"
"10,94 : 0.172"
"94,10 : 0.172"
"10,95 : 0.2435"
"95,10 : 0.2435"
"10,96 : 0.5646"
"96,10 : 0.5646"
"10,97 : 0.389"
"97,10 : 0.389"
"10,98 : 0.2326"
"98,10 : 0.2326"
"10,99 : 0.3059"
"99,10 : 0.3059"
"11,12 : 0.5049"
"12,11 : 0.5049"
"11,13 : 0.6835"
"13,11 : 0.6835"
"11,14 : 0.172"
"14,11 : 0.172"
"11,15 : 0.4243"
"15,11 : 0.4243"
"11,16 : 0.5727"
"16,11 : 0.5727"
"11,17 : 0.6676"
"17,11 : 0.6676"
"11,18 : 0.478"
"18,11 : 0.478"
"11,19 : 0.4738"
"19,11 : 0.4738"
"11,20 : 0.214"
"20,11 : 0.214"
"11,21 : 0.4329"
"21,11 : 0.4329"
"11,22 : 0.3722"
"22,11 : 0.3722"
"11,23 : 0.4924"
"23,11 : 0.4924"
"11,24 : 0.1844"
"24,11 : 0.1844"
"11,25 : 0.0361"
"25,11 : 0.0361"
"11,26 : 0.5315"
"26,11 : 0.5315"
"11,27 : 0.1649"
"27,11 : 0.1649"
"11,28 : 0.4401"
"28,11 : 0.4401"
"11,29 : 0.3805"
"29,11 : 0.3805"
"11,30 : 0.3712"
"30,11 : 0.3712"
"11,31 : 0.514"
"31,11 : 0.514"
"11,32 : 0.7393"
"32,11 : 0.7393"
"11,33 : 0.47"
"33,11 : 0.47"
"11,34 : 0.4428"
"34,11 : 0.4428"
"11,35 : 0.6673"
"35,11 : 0.6673"
"11,36 : 0.3183"
"36,11 : 0.3183"
"11,37 : 0.051"
"37,11 : 0.051"
"11,38 : 0.5048"
"38,11 : 0.5048"
"11,39 : 0.7046"
"39,11 : 0.7046"
"11,40 : 0.6621"
"40,11 : 0.6621"
"11,41 : 0.0849"
"41,11 : 0.0849"
"11,42 : 0.2121"
"42,11 : 0.2121"
"11,43 : 0.2789"
"43,11 : 0.2789"
"11,44 : 0.6748"
"44,11 : 0.6748"
"11,45 : 0.4751"
"45,11 : 0.4751"
"11,46 : 0.49"
"46,11 : 0.49"
"11,47 : 0.6166"
"47,11 : 0.6166"
"11,48 : 0.4442"
"48,11 : 0.4442"
"11,49 : 0.6297"
"49,11 : 0.6297"
"11,50 : 0.7301"
"50,11 : 0.7301"
"11,51 : 0.5022"
"51,11 : 0.5022"
"11,52 : 0.3138"
"52,11 : 0.3138"
"11,53 : 0.2617"
"53,11 : 0.2617"
"11,54 : 0.4366"
"54,11 : 0.4366"
"11,55 : 0.3624"
"55,11 : 0.3624"
"11,56 : 0.5903"
"56,11 : 0.5903"
"11,57 : 0.2941"
"57,11 : 0.2941"
"11,58 : 0.5323"
"58,11 : 0.5323"
"11,59 : 0.686"
"59,11 : 0.686"
"11,60 : 0.481"
"60,11 : 0.481"
"11,61 : 0.508"
"61,11 : 0.508"
"11,62 : 0.5482"
"62,11 : 0.5482"
"11,63 : 0.1166"
"63,11 : 0.1166"
"11,64 : 0.4901"
"64,11 : 0.4901"
"11,65 : 0.6519"
"65,11 : 0.6519"
"11,66 : 0.6356"
"66,11 : 0.6356"
"11,67 : 0.7469"
"67,11 : 0.7469"
"11,68 : 0.01"
"68,11 : 0.01"
"11,69 : 0.5587"
"69,11 : 0.5587"
"11,70 : 0.6303"
"70,11 : 0.6303"
"11,71 : 0.3932"
"71,11 : 0.3932"
"11,72 : 0.5508"
"72,11 : 0.5508"
"11,73 : 0.2983"
"73,11 : 0.2983"
"11,74 : 0.3833"
"74,11 : 0.3833"
"11,75 : 0.5967"
"75,11 : 0.5967"
"11,76 : 0.2766"
"76,11 : 0.2766"
"11,77 : 0.3716"
"77,11 : 0.3716"
"11,78 : 0.1972"
"78,11 : 0.1972"
"11,79 : 0.4401"
"79,11 : 0.4401"
"11,80 : 0.7207"
"80,11 : 0.7207"
"11,81 : 0.4684"
"81,11 : 0.4684"
"11,82 : 0.6966"
"82,11 : 0.6966"
"11,83 : 0.55"
"83,11 : 0.55"
"11,84 : 0.764"
"84,11 : 0.764"
"11,85 : 0.4876"
"85,11 : 0.4876"
"11,86 : 0.4751"
"86,11 : 0.4751"
"11,87 : 0.4383"
"87,11 : 0.4383"
"11,88 : 0.1825"
"88,11 : 0.1825"
"11,89 : 0.4684"
"89,11 : 0.4684"
"11,90 : 0.3536"
"90,11 : 0.3536"
"11,91 : 0.4001"
"91,11 : 0.4001"
"11,92 : 0.4085"
"92,11 : 0.4085"
"11,93 : 0.5381"
"93,11 : 0.5381"
"11,94 : 0.4441"
"94,11 : 0.4441"
"11,95 : 0.4046"
"95,11 : 0.4046"
"11,96 : 0.228"
"96,11 : 0.228"
"11,97 : 0.3667"
"97,11 : 0.3667"
"11,98 : 0.527"
"98,11 : 0.527"
"11,99 : 0.4565"
"99,11 : 0.4565"
"12,13 : 0.6265"
"13,12 : 0.6265"
"12,14 : 0.4061"
"14,12 : 0.4061"
"12,15 : 0.1526"
"15,12 : 0.1526"
"12,16 : 0.5197"
"16,12 : 0.5197"
"12,17 : 0.6488"
"17,12 : 0.6488"
"12,18 : 0.7409"
"18,12 : 0.7409"
"12,19 : 0.5946"
"19,12 : 0.5946"
"12,20 : 0.3859"
"20,12 : 0.3859"
"12,21 : 0.0728"
"21,12 : 0.0728"
"12,22 : 0.8602"
"22,12 : 0.8602"
"12,23 : 0.735"
"23,12 : 0.735"
"12,24 : 0.4342"
"24,12 : 0.4342"
"12,25 : 0.5324"
"25,12 : 0.5324"
"12,26 : 0.0424"
"26,12 : 0.0424"
"12,27 : 0.5869"
"27,12 : 0.5869"
"12,28 : 0.614"
"28,12 : 0.614"
"12,29 : 0.5714"
"29,12 : 0.5714"
"12,30 : 0.609"
"30,12 : 0.609"
"12,31 : 0.8785"
"31,12 : 0.8785"
"12,32 : 0.5846"
"32,12 : 0.5846"
"12,33 : 0.0762"
"33,12 : 0.0762"
"12,34 : 0.6629"
"34,12 : 0.6629"
"12,35 : 0.5376"
"35,12 : 0.5376"
"12,36 : 0.3962"
"36,12 : 0.3962"
"12,37 : 0.5558"
"37,12 : 0.5558"
"12,38 : 0.9437"
"38,12 : 0.9437"
"12,39 : 1.0345"
"39,12 : 1.0345"
"12,40 : 0.943"
"40,12 : 0.943"
"12,41 : 0.4401"
"41,12 : 0.4401"
"12,42 : 0.2927"
"42,12 : 0.2927"
"12,43 : 0.7826"
"43,12 : 0.7826"
"12,44 : 1.0332"
"44,12 : 1.0332"
"12,45 : 0.9614"
"45,12 : 0.9614"
"12,46 : 0.0707"
"46,12 : 0.0707"
"12,47 : 0.7998"
"47,12 : 0.7998"
"12,48 : 0.2"
"48,12 : 0.2"
"12,49 : 0.3622"
"49,12 : 0.3622"
"12,50 : 0.6357"
"50,12 : 0.6357"
"12,51 : 0.9362"
"51,12 : 0.9362"
"12,52 : 0.7424"
"52,12 : 0.7424"
"12,53 : 0.6905"
"53,12 : 0.6905"
"12,54 : 0.1204"
"54,12 : 0.1204"
"12,55 : 0.8357"
"55,12 : 0.8357"
"12,56 : 0.7354"
"56,12 : 0.7354"
"12,57 : 0.272"
"57,12 : 0.272"
"12,58 : 0.4909"
"58,12 : 0.4909"
"12,59 : 0.5412"
"59,12 : 0.5412"
"12,60 : 0.1118"
"60,12 : 0.1118"
"12,61 : 0.7301"
"61,12 : 0.7301"
"12,62 : 0.2789"
"62,12 : 0.2789"
"12,63 : 0.5608"
"63,12 : 0.5608"
"12,64 : 0.6454"
"64,12 : 0.6454"
"12,65 : 0.7993"
"65,12 : 0.7993"
"12,66 : 0.6573"
"66,12 : 0.6573"
"12,67 : 1.0242"
"67,12 : 1.0242"
"12,68 : 0.5148"
"68,12 : 0.5148"
"12,69 : 0.3353"
"69,12 : 0.3353"
"12,70 : 1.0032"
"70,12 : 1.0032"
"12,71 : 0.8902"
"71,12 : 0.8902"
"12,72 : 0.6718"
"72,12 : 0.6718"
"12,73 : 0.79"
"73,12 : 0.79"
"12,74 : 0.8802"
"74,12 : 0.8802"
"12,75 : 0.408"
"75,12 : 0.408"
"12,76 : 0.3829"
"76,12 : 0.3829"
"12,77 : 0.442"
"77,12 : 0.442"
"12,78 : 0.6912"
"78,12 : 0.6912"
"12,79 : 0.614"
"79,12 : 0.614"
"12,80 : 1.0179"
"80,12 : 1.0179"
"12,81 : 0.7357"
"81,12 : 0.7357"
"12,82 : 1.051"
"82,12 : 1.051"
"12,83 : 0.9087"
"83,12 : 0.9087"
"12,84 : 0.5415"
"84,12 : 0.5415"
"12,85 : 0.2022"
"85,12 : 0.2022"
"12,86 : 0.9614"
"86,12 : 0.9614"
"12,87 : 0.3829"
"87,12 : 0.3829"
"12,88 : 0.5324"
"88,12 : 0.5324"
"12,89 : 0.7357"
"89,12 : 0.7357"
"12,90 : 0.408"
"90,12 : 0.408"
"12,91 : 0.5908"
"91,12 : 0.5908"
"12,92 : 0.4675"
"92,12 : 0.4675"
"12,93 : 0.9456"
"93,12 : 0.9456"
"12,94 : 0.9489"
"94,12 : 0.9489"
"12,95 : 0.797"
"95,12 : 0.797"
"12,96 : 0.3828"
"96,12 : 0.3828"
"12,97 : 0.6395"
"97,12 : 0.6395"
"12,98 : 0.9654"
"98,12 : 0.9654"
"12,99 : 0.9456"
"99,12 : 0.9456"
"13,14 : 0.5192"
"14,13 : 0.5192"
"13,15 : 0.7228"
"15,13 : 0.7228"
"13,16 : 0.12"
"16,13 : 0.12"
"13,17 : 0.05"
"17,13 : 0.05"
"13,18 : 0.4115"
"18,13 : 0.4115"
"13,19 : 0.2476"
"19,13 : 0.2476"
"13,20 : 0.7732"
"20,13 : 0.7732"
"13,21 : 0.6198"
"21,13 : 0.6198"
"13,22 : 1.0012"
"22,13 : 1.0012"
