x,y
0.93,0.22
0.84,0.37
0.69,0.07
0.34,0.37
0.1,0.93
0.03,0.86
0.62,0.49
0.64,0.8
0.61,0.34
0.26,0.93
0.83,0.83
0.37,0.01
0.91,0.87
0.75,0.88
0.96,0.14
0.94,0.21
0.57,0.74
0.27,0.34
0.58,0.96
0.7,0.22
0.03,0.23
0.46,0.94
0.41,0.74
0.63,0.49
0.62,0.93
0.59,0.35
0.98,0.37
0.31,0.23
0.85,0.61
0.31,0.99
0.77,0.72
0.47,0.01
0.37,0.54
0.49,0.0
0.62,0.01
0.31,0.34
0.02,0.66
0.2,0.68
0.3,0.11
0.43,0.63
0.91,0.06
0.96,0.81
0.11,0.98
0.14,0.07
0.3,0.96
0.95,0.49
0.4,0.7
0.22,0.86
0.45,0.9
0.33,0.58
0.28,0.77
0.37,0.98
0.15,0.21
0.11,0.56
0.84,0.2
0.25,0.0
0.7,0.7
0.38,0.94
0.91,0.9
0.05,0.67
0.61,0.5
0.49,0.28
0.16,0.71
0.41,0.43
0.74,0.1
0.75,0.38
0.13,0.85
0.26,0.5
0.31,0.14
0.51,0.13
0.64,0.91
0.35,0.11
0.76,0.54
0.83,0.03
0.73,0.55
0.77,0.46
0.86,0.17
0.89,0.38
0.19,0.27
0.93,0.9
0.9,0.22
0.3,0.68
0.59,0.59
0.48,0.51
0.02,0.4
0.13,0.92
0.1,0.7
0.6,0.65
0.33,0.77
0.9,0.36
0.52,0.39
0.22,0.63
0.92,0.24
0.06,0.86
0.05,0.16
0.97,0.52
0.72,0.25
0.35,0.35
0.87,0.86
0.46,0.59

Distanze
"0,1 : 0.1749"
"1,0 : 0.1749"
"0,2 : 0.283"
"2,0 : 0.283"
"0,3 : 0.6088"
"3,0 : 0.6088"
"0,4 : 1.0922"
"4,0 : 1.0922"
"0,5 : 1.1044"
"5,0 : 1.1044"
"0,6 : 0.4111"
"6,0 : 0.4111"
"0,7 : 0.6485"
"7,0 : 0.6485"
"0,8 : 0.3418"
"8,0 : 0.3418"
"0,9 : 0.9762"
"9,0 : 0.9762"
"0,10 : 0.6181"
"10,0 : 0.6181"
"0,11 : 0.5981"
"11,0 : 0.5981"
"0,12 : 0.6503"
"12,0 : 0.6503"
"0,13 : 0.6841"
"13,0 : 0.6841"
"0,14 : 0.0854"
"14,0 : 0.0854"
"0,15 : 0.0141"
"15,0 : 0.0141"
"0,16 : 0.6325"
"16,0 : 0.6325"
"0,17 : 0.6708"
"17,0 : 0.6708"
"0,18 : 0.8186"
"18,0 : 0.8186"
"0,19 : 0.23"
"19,0 : 0.23"
"0,20 : 0.9001"
"20,0 : 0.9001"
"0,21 : 0.8598"
"21,0 : 0.8598"
"0,22 : 0.7354"
"22,0 : 0.7354"
"0,23 : 0.4036"
"23,0 : 0.4036"
"0,24 : 0.7747"
"24,0 : 0.7747"
"0,25 : 0.364"
"25,0 : 0.364"
"0,26 : 0.1581"
"26,0 : 0.1581"
"0,27 : 0.6201"
"27,0 : 0.6201"
"0,28 : 0.3981"
"28,0 : 0.3981"
"0,29 : 0.9886"
"29,0 : 0.9886"
"0,30 : 0.525"
"30,0 : 0.525"
"0,31 : 0.5057"
"31,0 : 0.5057"
"0,32 : 0.645"
"32,0 : 0.645"
"0,33 : 0.4919"
"33,0 : 0.4919"
"0,34 : 0.3744"
"34,0 : 0.3744"
"0,35 : 0.6315"
"35,0 : 0.6315"
"0,36 : 1.0108"
"36,0 : 1.0108"
"0,37 : 0.8628"
"37,0 : 0.8628"
"0,38 : 0.6395"
"38,0 : 0.6395"
"0,39 : 0.6466"
"39,0 : 0.6466"
"0,40 : 0.1612"
"40,0 : 0.1612"
"0,41 : 0.5908"
"41,0 : 0.5908"
"0,42 : 1.118"
"42,0 : 1.118"
"0,43 : 0.8041"
"43,0 : 0.8041"
"0,44 : 0.9719"
"44,0 : 0.9719"
"0,45 : 0.2707"
"45,0 : 0.2707"
"0,46 : 0.7151"
"46,0 : 0.7151"
"0,47 : 0.9559"
"47,0 : 0.9559"
"0,48 : 0.8323"
"48,0 : 0.8323"
"0,49 : 0.6997"
"49,0 : 0.6997"
"0,50 : 0.8515"
"50,0 : 0.8515"
"0,51 : 0.944"
"51,0 : 0.944"
"0,52 : 0.7801"
"52,0 : 0.7801"
"0,53 : 0.8877"
"53,0 : 0.8877"
"0,54 : 0.0922"
"54,0 : 0.0922"
"0,55 : 0.7147"
"55,0 : 0.7147"
"0,56 : 0.5323"
"56,0 : 0.5323"
"0,57 : 0.906"
"57,0 : 0.906"
"0,58 : 0.6803"
"58,0 : 0.6803"
"0,59 : 0.9884"
"59,0 : 0.9884"
"0,60 : 0.4252"
"60,0 : 0.4252"
"0,61 : 0.4441"
"61,0 : 0.4441"
"0,62 : 0.9127"
"62,0 : 0.9127"
"0,63 : 0.5608"
"63,0 : 0.5608"
"0,64 : 0.2247"
"64,0 : 0.2247"
"0,65 : 0.2408"
"65,0 : 0.2408"
"0,66 : 1.0183"
"66,0 : 1.0183"
"0,67 : 0.7262"
"67,0 : 0.7262"
"0,68 : 0.6251"
"68,0 : 0.6251"
"0,69 : 0.4295"
"69,0 : 0.4295"
"0,70 : 0.7485"
"70,0 : 0.7485"
"0,71 : 0.5903"
"71,0 : 0.5903"
"0,72 : 0.3624"
"72,0 : 0.3624"
"0,73 : 0.2147"
"73,0 : 0.2147"
"0,74 : 0.3859"
"74,0 : 0.3859"
"0,75 : 0.2884"
"75,0 : 0.2884"
"0,76 : 0.086"
"76,0 : 0.086"
"0,77 : 0.1649"
"77,0 : 0.1649"
"0,78 : 0.7417"
"78,0 : 0.7417"
"0,79 : 0.68"
"79,0 : 0.68"
"0,80 : 0.03"
"80,0 : 0.03"
"0,81 : 0.7801"
"81,0 : 0.7801"
"0,82 : 0.5025"
"82,0 : 0.5025"
"0,83 : 0.5354"
"83,0 : 0.5354"
"0,84 : 0.9276"
"84,0 : 0.9276"
"0,85 : 1.063"
"85,0 : 1.063"
"0,86 : 0.9588"
"86,0 : 0.9588"
"0,87 : 0.542"
"87,0 : 0.542"
"0,88 : 0.8139"
"88,0 : 0.8139"
"0,89 : 0.1432"
"89,0 : 0.1432"
"0,90 : 0.4438"
"90,0 : 0.4438"
"0,91 : 0.8199"
"91,0 : 0.8199"
"0,92 : 0.0224"
"92,0 : 0.0224"
"0,93 : 1.08"
"93,0 : 1.08"
"0,94 : 0.882"
"94,0 : 0.882"
"0,95 : 0.3027"
"95,0 : 0.3027"
"0,96 : 0.2121"
"96,0 : 0.2121"
"0,97 : 0.5944"
"97,0 : 0.5944"
"0,98 : 0.6428"
"98,0 : 0.6428"
"0,99 : 0.5982"
"99,0 : 0.5982"
"1,2 : 0.3354"
"2,1 : 0.3354"
"1,3 : 0.5"
"3,1 : 0.5"
"1,4 : 0.928"
"4,1 : 0.928"
"1,5 : 0.9467"
"5,1 : 0.9467"
"1,6 : 0.2506"
"6,1 : 0.2506"
"1,7 : 0.4742"
"7,1 : 0.4742"
"1,8 : 0.2319"
"8,1 : 0.2319"
"1,9 : 0.8062"
"9,1 : 0.8062"
"1,10 : 0.4601"
"10,1 : 0.4601"
"1,11 : 0.592"
"11,1 : 0.592"
"1,12 : 0.5049"
"12,1 : 0.5049"
"1,13 : 0.5179"
"13,1 : 0.5179"
"1,14 : 0.2594"
"14,1 : 0.2594"
"1,15 : 0.1887"
"15,1 : 0.1887"
"1,16 : 0.458"
"16,1 : 0.458"
"1,17 : 0.5708"
"17,1 : 0.5708"
"1,18 : 0.6447"
"18,1 : 0.6447"
"1,19 : 0.2052"
"19,1 : 0.2052"
"1,20 : 0.822"
"20,1 : 0.822"
"1,21 : 0.6851"
"21,1 : 0.6851"
"1,22 : 0.5673"
"22,1 : 0.5673"
"1,23 : 0.2419"
"23,1 : 0.2419"
"1,24 : 0.6017"
"24,1 : 0.6017"
"1,25 : 0.2508"
"25,1 : 0.2508"
"1,26 : 0.14"
"26,1 : 0.14"
"1,27 : 0.5482"
"27,1 : 0.5482"
"1,28 : 0.2402"
"28,1 : 0.2402"
"1,29 : 0.8157"
"29,1 : 0.8157"
"1,30 : 0.3569"
"30,1 : 0.3569"
"1,31 : 0.5162"
"31,1 : 0.5162"
"1,32 : 0.4998"
"32,1 : 0.4998"
"1,33 : 0.5093"
"33,1 : 0.5093"
"1,34 : 0.4219"
"34,1 : 0.4219"
"1,35 : 0.5308"
"35,1 : 0.5308"
"1,36 : 0.8698"
"36,1 : 0.8698"
"1,37 : 0.7111"
"37,1 : 0.7111"
"1,38 : 0.5993"
"38,1 : 0.5993"
"1,39 : 0.4855"
"39,1 : 0.4855"
"1,40 : 0.3178"
"40,1 : 0.3178"
"1,41 : 0.4561"
"41,1 : 0.4561"
"1,42 : 0.9513"
"42,1 : 0.9513"
"1,43 : 0.7616"
"43,1 : 0.7616"
"1,44 : 0.7998"
"44,1 : 0.7998"
"1,45 : 0.1628"
"45,1 : 0.1628"
"1,46 : 0.55"
"46,1 : 0.55"
"1,47 : 0.7903"
"47,1 : 0.7903"
"1,48 : 0.658"
"48,1 : 0.658"
"1,49 : 0.5515"
"49,1 : 0.5515"
"1,50 : 0.6882"
"50,1 : 0.6882"
"1,51 : 0.7701"
"51,1 : 0.7701"
"1,52 : 0.7083"
"52,1 : 0.7083"
"1,53 : 0.7543"
"53,1 : 0.7543"
"1,54 : 0.17"
"54,1 : 0.17"
"1,55 : 0.6964"
"55,1 : 0.6964"
"1,56 : 0.3585"
"56,1 : 0.3585"
"1,57 : 0.7325"
"57,1 : 0.7325"
"1,58 : 0.5346"
"58,1 : 0.5346"
"1,59 : 0.845"
"59,1 : 0.845"
"1,60 : 0.2642"
"60,1 : 0.2642"
"1,61 : 0.3614"
"61,1 : 0.3614"
"1,62 : 0.7603"
"62,1 : 0.7603"
"1,63 : 0.4342"
"63,1 : 0.4342"
"1,64 : 0.2879"
"64,1 : 0.2879"
"1,65 : 0.0906"
"65,1 : 0.0906"
"1,66 : 0.857"
"66,1 : 0.857"
"1,67 : 0.5944"
"67,1 : 0.5944"
"1,68 : 0.5778"
"68,1 : 0.5778"
"1,69 : 0.408"
"69,1 : 0.408"
"1,70 : 0.5758"
"70,1 : 0.5758"
"1,71 : 0.5547"
"71,1 : 0.5547"
"1,72 : 0.1879"
"72,1 : 0.1879"
"1,73 : 0.3401"
"73,1 : 0.3401"
"1,74 : 0.211"
"74,1 : 0.211"
"1,75 : 0.114"
"75,1 : 0.114"
"1,76 : 0.201"
"76,1 : 0.201"
"1,77 : 0.051"
"77,1 : 0.051"
"1,78 : 0.6576"
"78,1 : 0.6576"
"1,79 : 0.5376"
"79,1 : 0.5376"
"1,80 : 0.1616"
"80,1 : 0.1616"
"1,81 : 0.6227"
"81,1 : 0.6227"
"1,82 : 0.333"
"82,1 : 0.333"
"1,83 : 0.3863"
"83,1 : 0.3863"
"1,84 : 0.8205"
"84,1 : 0.8205"
"1,85 : 0.8981"
"85,1 : 0.8981"
"1,86 : 0.8102"
"86,1 : 0.8102"
"1,87 : 0.3688"
"87,1 : 0.3688"
"1,88 : 0.6482"
"88,1 : 0.6482"
"1,89 : 0.0608"
"89,1 : 0.0608"
"1,90 : 0.3206"
"90,1 : 0.3206"
"1,91 : 0.6723"
"91,1 : 0.6723"
"1,92 : 0.1526"
"92,1 : 0.1526"
"1,93 : 0.9211"
"93,1 : 0.9211"
"1,94 : 0.8174"
"94,1 : 0.8174"
"1,95 : 0.1985"
"95,1 : 0.1985"
"1,96 : 0.1697"
"96,1 : 0.1697"
"1,97 : 0.4904"
"97,1 : 0.4904"
"1,98 : 0.4909"
"98,1 : 0.4909"
"1,99 : 0.4391"
"99,1 : 0.4391"
"2,3 : 0.461"
"3,2 : 0.461"
"2,4 : 1.0429"
"4,2 : 1.0429"
"2,5 : 1.0294"
"5,2 : 1.0294"
"2,6 : 0.4258"
"6,2 : 0.4258"
"2,7 : 0.7317"
"7,2 : 0.7317"
"2,8 : 0.2816"
"8,2 : 0.2816"
"2,9 : 0.9615"
"9,2 : 0.9615"
"2,10 : 0.7728"
"10,2 : 0.7728"
"2,11 : 0.3256"
"11,2 : 0.3256"
"2,12 : 0.8297"
"12,2 : 0.8297"
"2,13 : 0.8122"
"13,2 : 0.8122"
"2,14 : 0.2789"
"14,2 : 0.2789"
"2,15 : 0.2865"
"15,2 : 0.2865"
"2,16 : 0.6807"
"16,2 : 0.6807"
"2,17 : 0.4993"
"17,2 : 0.4993"
"2,18 : 0.8968"
"18,2 : 0.8968"
"2,19 : 0.1503"
"19,2 : 0.1503"
"2,20 : 0.6791"
"20,2 : 0.6791"
"2,21 : 0.8999"
"21,2 : 0.8999"
"2,22 : 0.7262"
"22,2 : 0.7262"
"2,23 : 0.4243"
"23,2 : 0.4243"
"2,24 : 0.8628"
"24,2 : 0.8628"
"2,25 : 0.2973"
"25,2 : 0.2973"
"2,26 : 0.4173"
"26,2 : 0.4173"
"2,27 : 0.4123"
"27,2 : 0.4123"
"2,28 : 0.5632"
"28,2 : 0.5632"
"2,29 : 0.9954"
"29,2 : 0.9954"
"2,30 : 0.6549"
"30,2 : 0.6549"
"2,31 : 0.228"
"31,2 : 0.228"
"2,32 : 0.5686"
"32,2 : 0.5686"
"2,33 : 0.2119"
"33,2 : 0.2119"
"2,34 : 0.0922"
"34,2 : 0.0922"
"2,35 : 0.4662"
"35,2 : 0.4662"
"2,36 : 0.8927"
"36,2 : 0.8927"
"2,37 : 0.7824"
"37,2 : 0.7824"
"2,38 : 0.392"
"38,2 : 0.392"
"2,39 : 0.6174"
"39,2 : 0.6174"
"2,40 : 0.2202"
"40,2 : 0.2202"
"2,41 : 0.7877"
"41,2 : 0.7877"
"2,42 : 1.0791"
"42,2 : 1.0791"
"2,43 : 0.55"
"43,2 : 0.55"
"2,44 : 0.9717"
"44,2 : 0.9717"
"2,45 : 0.494"
"45,2 : 0.494"
"2,46 : 0.6935"
"46,2 : 0.6935"
"2,47 : 0.9192"
"47,2 : 0.9192"
"2,48 : 0.864"
"48,2 : 0.864"
"2,49 : 0.6243"
"49,2 : 0.6243"
"2,50 : 0.8112"
"50,2 : 0.8112"
"2,51 : 0.9646"
"51,2 : 0.9646"
"2,52 : 0.5579"
"52,2 : 0.5579"
"2,53 : 0.7593"
"53,2 : 0.7593"
"2,54 : 0.1985"
"54,2 : 0.1985"
"2,55 : 0.4455"
"55,2 : 0.4455"
"2,56 : 0.6301"
"56,2 : 0.6301"
"2,57 : 0.9236"
"57,2 : 0.9236"
"2,58 : 0.8587"
"58,2 : 0.8587"
"2,59 : 0.8773"
"59,2 : 0.8773"
"2,60 : 0.4374"
"60,2 : 0.4374"
"2,61 : 0.29"
"61,2 : 0.29"
"2,62 : 0.831"
"62,2 : 0.831"
"2,63 : 0.4561"
"63,2 : 0.4561"
"2,64 : 0.0583"
"64,2 : 0.0583"
"2,65 : 0.3158"
"65,2 : 0.3158"
"2,66 : 0.9602"
"66,2 : 0.9602"
"2,67 : 0.6081"
"67,2 : 0.6081"
"2,68 : 0.3864"
"68,2 : 0.3864"
"2,69 : 0.1897"
"69,2 : 0.1897"
"2,70 : 0.8415"
"70,2 : 0.8415"
"2,71 : 0.3423"
"71,2 : 0.3423"
"2,72 : 0.4752"
"72,2 : 0.4752"
"2,73 : 0.1456"
"73,2 : 0.1456"
"2,74 : 0.4817"
"74,2 : 0.4817"
"2,75 : 0.3981"
"75,2 : 0.3981"
"2,76 : 0.1972"
"76,2 : 0.1972"
"2,77 : 0.3689"
"77,2 : 0.3689"
"2,78 : 0.5385"
"78,2 : 0.5385"
"2,79 : 0.864"
"79,2 : 0.864"
"2,80 : 0.2581"
"80,2 : 0.2581"
"2,81 : 0.724"
"81,2 : 0.724"
"2,82 : 0.5295"
"82,2 : 0.5295"
"2,83 : 0.4875"
"83,2 : 0.4875"
"2,84 : 0.7469"
"84,2 : 0.7469"
"2,85 : 1.0179"
"85,2 : 1.0179"
"2,86 : 0.8631"
"86,2 : 0.8631"
"2,87 : 0.5869"
"87,2 : 0.5869"
"2,88 : 0.7871"
"88,2 : 0.7871"
"2,89 : 0.3581"
"89,2 : 0.3581"
"2,90 : 0.3624"
"90,2 : 0.3624"
"2,91 : 0.7311"
"91,2 : 0.7311"
"2,92 : 0.286"
"92,2 : 0.286"
"2,93 : 1.0104"
"93,2 : 1.0104"
"2,94 : 0.6463"
"94,2 : 0.6463"
"2,95 : 0.53"
"95,2 : 0.53"
"2,96 : 0.1825"
"96,2 : 0.1825"
"2,97 : 0.4405"
"97,2 : 0.4405"
"2,98 : 0.8102"
"98,2 : 0.8102"
"2,99 : 0.5686"
"99,2 : 0.5686"
"3,4 : 0.6093"
"4,3 : 0.6093"
"3,5 : 0.5798"
"5,3 : 0.5798"
"3,6 : 0.3046"
"6,3 : 0.3046"
"3,7 : 0.5243"
"7,3 : 0.5243"
"3,8 : 0.2717"
"8,3 : 0.2717"
"3,9 : 0.5657"
"9,3 : 0.5657"
"3,10 : 0.6721"
"10,3 : 0.6721"
"3,11 : 0.3612"
"11,3 : 0.3612"
"3,12 : 0.7582"
"12,3 : 0.7582"
"3,13 : 0.6544"
"13,3 : 0.6544"
"3,14 : 0.6613"
"14,3 : 0.6613"
"3,15 : 0.621"
"15,3 : 0.621"
"3,16 : 0.4357"
"16,3 : 0.4357"
"3,17 : 0.0762"
"17,3 : 0.0762"
"3,18 : 0.6369"
"18,3 : 0.6369"
"3,19 : 0.39"
"19,3 : 0.39"
"3,20 : 0.3401"
"20,3 : 0.3401"
"3,21 : 0.5825"
"21,3 : 0.5825"
"3,22 : 0.3766"
"22,3 : 0.3766"
"3,23 : 0.3138"
"23,3 : 0.3138"
"3,24 : 0.6261"
"24,3 : 0.6261"
"3,25 : 0.2508"
"25,3 : 0.2508"
"3,26 : 0.64"
"26,3 : 0.64"
"3,27 : 0.1432"
"27,3 : 0.1432"
"3,28 : 0.5636"
"28,3 : 0.5636"
"3,29 : 0.6207"
"29,3 : 0.6207"
"3,30 : 0.5544"
"30,3 : 0.5544"
"3,31 : 0.3828"
"31,3 : 0.3828"
"3,32 : 0.1726"
"32,3 : 0.1726"
"3,33 : 0.3992"
"33,3 : 0.3992"
"3,34 : 0.4561"
"34,3 : 0.4561"
"3,35 : 0.0424"
"35,3 : 0.0424"
"3,36 : 0.4319"
"36,3 : 0.4319"
"3,37 : 0.3401"
"37,3 : 0.3401"
"3,38 : 0.2631"
"38,3 : 0.2631"
"3,39 : 0.2751"
"39,3 : 0.2751"
"3,40 : 0.6488"
"40,3 : 0.6488"
"3,41 : 0.7603"
"41,3 : 0.7603"
"3,42 : 0.6519"
"42,3 : 0.6519"
"3,43 : 0.3606"
"43,3 : 0.3606"
"3,44 : 0.5914"
"44,3 : 0.5914"
"3,45 : 0.6217"
"45,3 : 0.6217"
"3,46 : 0.3354"
"46,3 : 0.3354"
"3,47 : 0.5045"
"47,3 : 0.5045"
"3,48 : 0.5413"
"48,3 : 0.5413"
"3,49 : 0.2102"
"49,3 : 0.2102"
"3,50 : 0.4045"
"50,3 : 0.4045"
"3,51 : 0.6107"
"51,3 : 0.6107"
"3,52 : 0.2484"
"52,3 : 0.2484"
"3,53 : 0.2983"
"53,3 : 0.2983"
"3,54 : 0.5281"
"54,3 : 0.5281"
"3,55 : 0.3808"
"55,3 : 0.3808"
"3,56 : 0.4884"
"56,3 : 0.4884"
"3,57 : 0.5714"
"57,3 : 0.5714"
"3,58 : 0.7783"
"58,3 : 0.7783"
"3,59 : 0.4173"
"59,3 : 0.4173"
"3,60 : 0.2997"
"60,3 : 0.2997"
"3,61 : 0.1749"
"61,3 : 0.1749"
"3,62 : 0.3847"
"62,3 : 0.3847"
"3,63 : 0.0922"
"63,3 : 0.0922"
"3,64 : 0.4826"
"64,3 : 0.4826"
"3,65 : 0.4101"
"65,3 : 0.4101"
"3,66 : 0.5239"
"66,3 : 0.5239"
"3,67 : 0.1526"
"67,3 : 0.1526"
"3,68 : 0.2319"
"68,3 : 0.2319"
"3,69 : 0.2941"
"69,3 : 0.2941"
"3,70 : 0.6177"
"70,3 : 0.6177"
"3,71 : 0.2602"
"71,3 : 0.2602"
"3,72 : 0.4531"
"72,3 : 0.4531"
"3,73 : 0.5964"
"73,3 : 0.5964"
"3,74 : 0.4295"
"74,3 : 0.4295"
"3,75 : 0.4393"
"75,3 : 0.4393"
"3,76 : 0.5571"
"76,3 : 0.5571"
"3,77 : 0.5501"
"77,3 : 0.5501"
"3,78 : 0.1803"
"78,3 : 0.1803"
"3,79 : 0.7931"
"79,3 : 0.7931"
"3,80 : 0.5797"
"80,3 : 0.5797"
"3,81 : 0.3126"
"81,3 : 0.3126"
"3,82 : 0.333"
"82,3 : 0.333"
"3,83 : 0.198"
"83,3 : 0.198"
"3,84 : 0.3214"
"84,3 : 0.3214"
"3,85 : 0.5887"
"85,3 : 0.5887"
"3,86 : 0.408"
"86,3 : 0.408"
"3,87 : 0.3821"
"87,3 : 0.3821"
"3,88 : 0.4001"
"88,3 : 0.4001"
"3,89 : 0.5601"
"89,3 : 0.5601"
"3,90 : 0.1811"
"90,3 : 0.1811"
"3,91 : 0.2864"
"91,3 : 0.2864"
"3,92 : 0.5944"
"92,3 : 0.5944"
"3,93 : 0.5644"
"93,3 : 0.5644"
"3,94 : 0.3581"
"94,3 : 0.3581"
"3,95 : 0.6476"
"95,3 : 0.6476"
"3,96 : 0.3985"
"96,3 : 0.3985"
"3,97 : 0.0224"
"97,3 : 0.0224"
"3,98 : 0.7218"
"98,3 : 0.7218"
"3,99 : 0.2506"
"99,3 : 0.2506"
"4,5 : 0.099"
"5,4 : 0.099"
"4,6 : 0.6812"
"6,4 : 0.6812"
"4,7 : 0.5554"
"7,4 : 0.5554"
"4,8 : 0.7799"
"8,4 : 0.7799"
"4,9 : 0.16"
"9,4 : 0.16"
"4,10 : 0.7368"
"10,4 : 0.7368"
"4,11 : 0.9588"
"11,4 : 0.9588"
"4,12 : 0.8122"
"12,4 : 0.8122"
"4,13 : 0.6519"
"13,4 : 0.6519"
"4,14 : 1.1678"
"14,4 : 1.1678"
"4,15 : 1.1063"
"15,4 : 1.1063"
"4,16 : 0.507"
"16,4 : 0.507"
"4,17 : 0.614"
"17,4 : 0.614"
"4,18 : 0.4809"
"18,4 : 0.4809"
"4,19 : 0.9296"
"19,4 : 0.9296"
"4,20 : 0.7035"
"20,4 : 0.7035"
"4,21 : 0.3601"
"21,4 : 0.3601"
"4,22 : 0.3636"
"22,4 : 0.3636"
"4,23 : 0.6888"
"23,4 : 0.6888"
"4,24 : 0.52"
"24,4 : 0.52"
"4,25 : 0.7593"
"25,4 : 0.7593"
"4,26 : 1.0431"
"26,4 : 1.0431"
"4,27 : 0.7308"
"27,4 : 0.7308"
"4,28 : 0.8154"
"28,4 : 0.8154"
"4,29 : 0.2184"
"29,4 : 0.2184"
"4,30 : 0.7021"
"30,4 : 0.7021"
"4,31 : 0.9916"
"31,4 : 0.9916"
"4,32 : 0.4743"
"32,4 : 0.4743"
"4,33 : 1.0085"
"33,4 : 1.0085"
"4,34 : 1.0568"
"34,4 : 1.0568"
"4,35 : 0.6263"
"35,4 : 0.6263"
"4,36 : 0.2816"
"36,4 : 0.2816"
"4,37 : 0.2693"
"37,4 : 0.2693"
"4,38 : 0.844"
"38,4 : 0.844"
"4,39 : 0.446"
"39,4 : 0.446"
"4,40 : 1.1887"
"40,4 : 1.1887"
"4,41 : 0.8683"
"41,4 : 0.8683"
"4,42 : 0.051"
"42,4 : 0.051"
"4,43 : 0.8609"
"43,4 : 0.8609"
"4,44 : 0.2022"
"44,4 : 0.2022"
"4,45 : 0.9571"
"45,4 : 0.9571"
"4,46 : 0.378"
"46,4 : 0.378"
"4,47 : 0.1389"
"47,4 : 0.1389"
"4,48 : 0.3513"
"48,4 : 0.3513"
"4,49 : 0.4188"
"49,4 : 0.4188"
"4,50 : 0.2408"
"50,4 : 0.2408"
"4,51 : 0.2746"
"51,4 : 0.2746"
"4,52 : 0.7217"
"52,4 : 0.7217"
"4,53 : 0.3701"
"53,4 : 0.3701"
"4,54 : 1.0395"
"54,4 : 1.0395"
"4,55 : 0.942"
"55,4 : 0.942"
"4,56 : 0.6426"
"56,4 : 0.6426"
"4,57 : 0.2802"
"57,4 : 0.2802"
"4,58 : 0.8106"
"58,4 : 0.8106"
"4,59 : 0.2648"
"59,4 : 0.2648"
"4,60 : 0.6671"
"60,4 : 0.6671"
"4,61 : 0.758"
"61,4 : 0.758"
"4,62 : 0.228"
"62,4 : 0.228"
"4,63 : 0.5883"
"63,4 : 0.5883"
"4,64 : 1.0481"
"64,4 : 1.0481"
"4,65 : 0.8515"
"65,4 : 0.8515"
"4,66 : 0.0854"
"66,4 : 0.0854"
"4,67 : 0.4588"
"67,4 : 0.4588"
"4,68 : 0.8174"
"68,4 : 0.8174"
"4,69 : 0.8989"
"69,4 : 0.8989"
"4,70 : 0.5404"
"70,4 : 0.5404"
"4,71 : 0.8573"
"71,4 : 0.8573"
"4,72 : 0.7666"
"72,4 : 0.7666"
"4,73 : 1.1588"
"73,4 : 1.1588"
"4,74 : 0.7357"
"74,4 : 0.7357"
"4,75 : 0.8184"
"75,4 : 0.8184"
"4,76 : 1.0748"
"76,4 : 1.0748"
"4,77 : 0.9626"
"77,4 : 0.9626"
"4,78 : 0.6661"
"78,4 : 0.6661"
"4,79 : 0.8305"
"79,4 : 0.8305"
"4,80 : 1.0696"
"80,4 : 1.0696"
"4,81 : 0.3202"
"81,4 : 0.3202"
"4,82 : 0.5964"
"82,4 : 0.5964"
"4,83 : 0.5664"
"83,4 : 0.5664"
"4,84 : 0.536"
"84,4 : 0.536"
"4,85 : 0.0316"
"85,4 : 0.0316"
"4,86 : 0.23"
"86,4 : 0.23"
"4,87 : 0.5731"
"87,4 : 0.5731"
"4,88 : 0.2802"
"88,4 : 0.2802"
"4,89 : 0.9823"
"89,4 : 0.9823"
"4,90 : 0.6841"
"90,4 : 0.6841"
"4,91 : 0.3231"
"91,4 : 0.3231"
"4,92 : 1.0717"
"92,4 : 1.0717"
"4,93 : 0.0806"
"93,4 : 0.0806"
"4,94 : 0.7716"
"94,4 : 0.7716"
"4,95 : 0.9618"
"95,4 : 0.9618"
"4,96 : 0.9202"
"96,4 : 0.9202"
"4,97 : 0.6316"
"97,4 : 0.6316"
"4,98 : 0.7732"
"98,4 : 0.7732"
"4,99 : 0.4952"
"99,4 : 0.4952"
"5,6 : 0.6964"
"6,5 : 0.6964"
"5,7 : 0.6129"
"7,5 : 0.6129"
"5,8 : 0.779"
"8,5 : 0.779"
"5,9 : 0.2404"
"9,5 : 0.2404"
"5,10 : 0.8006"
"10,5 : 0.8006"
"5,11 : 0.9155"
"11,5 : 0.9155"
"5,12 : 0.8801"
"12,5 : 0.8801"
"5,13 : 0.7203"
"13,5 : 0.7203"
"5,14 : 1.1761"
"14,5 : 1.1761"
"5,15 : 1.1183"
"15,5 : 1.1183"
"5,16 : 0.5532"
"16,5 : 0.5532"
"5,17 : 0.5727"
"17,5 : 0.5727"
"5,18 : 0.559"
"18,5 : 0.559"
"5,19 : 0.9266"
"19,5 : 0.9266"
"5,20 : 0.63"
"20,5 : 0.63"
"5,21 : 0.4374"
"21,5 : 0.4374"
"5,22 : 0.3985"
"22,5 : 0.3985"
"5,23 : 0.7049"
"23,5 : 0.7049"
"5,24 : 0.5941"
"24,5 : 0.5941"
"5,25 : 0.7574"
"25,5 : 0.7574"
"5,26 : 1.0689"
"26,5 : 1.0689"
"5,27 : 0.6894"
"27,5 : 0.6894"
"5,28 : 0.8573"
"28,5 : 0.8573"
"5,29 : 0.3087"
"29,5 : 0.3087"
"5,30 : 0.7531"
"30,5 : 0.7531"
"5,31 : 0.9571"
"31,5 : 0.9571"
"5,32 : 0.4669"
"32,5 : 0.4669"
"5,33 : 0.9753"
"33,5 : 0.9753"
"5,34 : 1.0347"
"34,5 : 1.0347"
"5,35 : 0.5906"
"35,5 : 0.5906"
"5,36 : 0.2002"
"36,5 : 0.2002"
"5,37 : 0.2476"
"37,5 : 0.2476"
"5,38 : 0.7971"
"38,5 : 0.7971"
"5,39 : 0.4614"
"39,5 : 0.4614"
"5,40 : 1.1893"
"40,5 : 1.1893"
"5,41 : 0.9313"
"41,5 : 0.9313"
"5,42 : 0.1442"
"42,5 : 0.1442"
"5,43 : 0.7976"
"43,5 : 0.7976"
"5,44 : 0.2879"
"44,5 : 0.2879"
"5,45 : 0.9916"
"45,5 : 0.9916"
"5,46 : 0.4031"
"46,5 : 0.4031"
"5,47 : 0.19"
"47,5 : 0.19"
"5,48 : 0.4219"
"48,5 : 0.4219"
"5,49 : 0.4104"
"49,5 : 0.4104"
"5,50 : 0.2657"
"50,5 : 0.2657"
"5,51 : 0.3606"
"51,5 : 0.3606"
"5,52 : 0.661"
"52,5 : 0.661"
"5,53 : 0.3105"
"53,5 : 0.3105"
"5,54 : 1.0448"
"54,5 : 1.0448"
"5,55 : 0.8877"
"55,5 : 0.8877"
"5,56 : 0.6888"
"56,5 : 0.6888"
"5,57 : 0.359"
"57,5 : 0.359"
"5,58 : 0.8809"
"58,5 : 0.8809"
"5,59 : 0.191"
"59,5 : 0.191"
"5,60 : 0.6826"
"60,5 : 0.6826"
"5,61 : 0.7403"
"61,5 : 0.7403"
"5,62 : 0.1985"
"62,5 : 0.1985"
"5,63 : 0.5738"
"63,5 : 0.5738"
"5,64 : 1.04"
"64,5 : 1.04"
"5,65 : 0.8653"
"65,5 : 0.8653"
"5,66 : 0.1005"
"66,5 : 0.1005"
"5,67 : 0.4272"
"67,5 : 0.4272"
"5,68 : 0.7725"
"68,5 : 0.7725"
"5,69 : 0.8737"
"69,5 : 0.8737"
"5,70 : 0.612"
"70,5 : 0.612"
"5,71 : 0.8154"
"71,5 : 0.8154"
"5,72 : 0.7971"
"72,5 : 0.7971"
"5,73 : 1.1528"
"73,5 : 1.1528"
"5,74 : 0.7656"
"74,5 : 0.7656"
"5,75 : 0.8412"
"75,5 : 0.8412"
"5,76 : 1.0794"
"76,5 : 1.0794"
"5,77 : 0.9849"
"77,5 : 0.9849"
"5,78 : 0.6113"
"78,5 : 0.6113"
"5,79 : 0.9009"
"79,5 : 0.9009"
"5,80 : 1.08"
"80,5 : 1.08"
"5,81 : 0.3245"
"81,5 : 0.3245"
"5,82 : 0.6217"
"82,5 : 0.6217"
"5,83 : 0.5701"
"83,5 : 0.5701"
"5,84 : 0.4601"
"84,5 : 0.4601"
"5,85 : 0.1166"
"85,5 : 0.1166"
"5,86 : 0.1746"
"86,5 : 0.1746"
"5,87 : 0.6075"
"87,5 : 0.6075"
"5,88 : 0.3132"
"88,5 : 0.3132"
"5,89 : 1.0034"
"89,5 : 1.0034"
"5,90 : 0.679"
"90,5 : 0.679"
"5,91 : 0.2983"
"91,5 : 0.2983"
"5,92 : 1.0847"
"92,5 : 1.0847"
"5,93 : 0.03"
"93,5 : 0.03"
"5,94 : 0.7003"
"94,5 : 0.7003"
"5,95 : 0.9996"
"95,5 : 0.9996"
"5,96 : 0.921"
"96,5 : 0.921"
"5,97 : 0.6021"
"97,5 : 0.6021"
"5,98 : 0.84"
"98,5 : 0.84"
"5,99 : 0.5077"
"99,5 : 0.5077"
"6,7 : 0.3106"
"7,6 : 0.3106"
"6,8 : 0.1503"
"8,6 : 0.1503"
"6,9 : 0.5685"
"9,6 : 0.5685"
"6,10 : 0.3996"
"10,6 : 0.3996"
"6,11 : 0.5412"
"11,6 : 0.5412"
"6,12 : 0.478"
"12,6 : 0.478"
"6,13 : 0.4111"
"13,6 : 0.4111"
"6,14 : 0.488"
"14,6 : 0.488"
"6,15 : 0.4252"
"15,6 : 0.4252"
"6,16 : 0.255"
"16,6 : 0.255"
"6,17 : 0.3808"
"17,6 : 0.3808"
"6,18 : 0.4717"
"18,6 : 0.4717"
"6,19 : 0.2816"
"19,6 : 0.2816"
"6,20 : 0.6447"
"20,6 : 0.6447"
"6,21 : 0.4776"
"21,6 : 0.4776"
"6,22 : 0.3265"
"22,6 : 0.3265"
"6,23 : 0.01"
"23,6 : 0.01"
"6,24 : 0.44"
"24,6 : 0.44"
"6,25 : 0.1432"
"25,6 : 0.1432"
"6,26 : 0.3795"
"26,6 : 0.3795"
"6,27 : 0.4046"
"27,6 : 0.4046"
"6,28 : 0.2594"
"28,6 : 0.2594"
"6,29 : 0.5883"
"29,6 : 0.5883"
"6,30 : 0.2746"
"30,6 : 0.2746"
"6,31 : 0.5029"
"31,6 : 0.5029"
"6,32 : 0.255"
"32,6 : 0.255"
"6,33 : 0.507"
"33,6 : 0.507"
"6,34 : 0.48"
"34,6 : 0.48"
"6,35 : 0.3444"
"35,6 : 0.3444"
"6,36 : 0.6236"
"36,6 : 0.6236"
"6,37 : 0.461"
"37,6 : 0.461"
"6,38 : 0.4968"
"38,6 : 0.4968"
"6,39 : 0.236"
"39,6 : 0.236"
"6,40 : 0.5187"
"40,6 : 0.5187"
"6,41 : 0.4669"
"41,6 : 0.4669"
"6,42 : 0.7072"
"42,6 : 0.7072"
"6,43 : 0.6378"
"43,6 : 0.6378"
"6,44 : 0.5686"
"44,6 : 0.5686"
"6,45 : 0.33"
"45,6 : 0.33"
"6,46 : 0.3041"
"46,6 : 0.3041"
"6,47 : 0.5449"
"47,6 : 0.5449"
"6,48 : 0.4438"
"48,6 : 0.4438"
"6,49 : 0.3036"
"49,6 : 0.3036"
"6,50 : 0.4405"
"50,6 : 0.4405"
"6,51 : 0.5501"
"51,6 : 0.5501"
"6,52 : 0.5471"
"52,6 : 0.5471"
"6,53 : 0.5148"
"53,6 : 0.5148"
"6,54 : 0.364"
"54,6 : 0.364"
"6,55 : 0.614"
"55,6 : 0.614"
"6,56 : 0.2247"
"56,6 : 0.2247"
"6,57 : 0.51"
"57,6 : 0.51"
"6,58 : 0.5022"
"58,6 : 0.5022"
"6,59 : 0.5977"
"59,6 : 0.5977"
"6,60 : 0.0141"
"60,6 : 0.0141"
"6,61 : 0.247"
"61,6 : 0.247"
"6,62 : 0.5099"
"62,6 : 0.5099"
"6,63 : 0.2184"
"63,6 : 0.2184"
"6,64 : 0.408"
"64,6 : 0.408"
"6,65 : 0.1703"
"65,6 : 0.1703"
"6,66 : 0.608"
"66,6 : 0.608"
"6,67 : 0.3601"
"67,6 : 0.3601"
"6,68 : 0.4675"
"68,6 : 0.4675"
"6,69 : 0.3764"
"69,6 : 0.3764"
"6,70 : 0.4205"
"70,6 : 0.4205"
"6,71 : 0.4662"
"71,6 : 0.4662"
"6,72 : 0.1487"
"72,6 : 0.1487"
"6,73 : 0.5057"
"73,6 : 0.5057"
"6,74 : 0.1253"
"74,6 : 0.1253"
"6,75 : 0.153"
"75,6 : 0.153"
"6,76 : 0.4"
"76,6 : 0.4"
"6,77 : 0.2915"
"77,6 : 0.2915"
"6,78 : 0.483"
"78,6 : 0.483"
"6,79 : 0.514"
"79,6 : 0.514"
"6,80 : 0.389"
"80,6 : 0.389"
"6,81 : 0.3722"
"81,6 : 0.3722"
"6,82 : 0.1044"
"82,6 : 0.1044"
"6,83 : 0.1414"
"83,6 : 0.1414"
"6,84 : 0.6067"
"84,6 : 0.6067"
"6,85 : 0.6519"
"85,6 : 0.6519"
"6,86 : 0.5608"
"86,6 : 0.5608"
"6,87 : 0.1612"
"87,6 : 0.1612"
"6,88 : 0.4031"
"88,6 : 0.4031"
"6,89 : 0.3087"
"89,6 : 0.3087"
"6,90 : 0.1414"
"90,6 : 0.1414"
"6,91 : 0.4238"
"91,6 : 0.4238"
"6,92 : 0.3905"
"92,6 : 0.3905"
"6,93 : 0.6712"
"93,6 : 0.6712"
"6,94 : 0.6586"
"94,6 : 0.6586"
"6,95 : 0.3513"
"95,6 : 0.3513"
"6,96 : 0.26"
"96,6 : 0.26"
"6,97 : 0.3041"
"97,6 : 0.3041"
"6,98 : 0.4465"
"98,6 : 0.4465"
"6,99 : 0.1887"
"99,6 : 0.1887"
"7,8 : 0.461"
"8,7 : 0.461"
"7,9 : 0.4016"
"9,7 : 0.4016"
"7,10 : 0.1924"
"10,7 : 0.1924"
"7,11 : 0.8349"
"11,7 : 0.8349"
"7,12 : 0.2789"
"12,7 : 0.2789"
"7,13 : 0.136"
"13,7 : 0.136"
"7,14 : 0.7335"
"14,7 : 0.7335"
"7,15 : 0.6619"
"15,7 : 0.6619"
"7,16 : 0.0922"
"16,7 : 0.0922"
"7,17 : 0.5903"
"17,7 : 0.5903"
"7,18 : 0.1709"
"18,7 : 0.1709"
"7,19 : 0.5831"
"19,7 : 0.5831"
"7,20 : 0.8349"
"20,7 : 0.8349"
"7,21 : 0.228"
"21,7 : 0.228"
"7,22 : 0.2377"
"22,7 : 0.2377"
"7,23 : 0.3102"
"23,7 : 0.3102"
"7,24 : 0.1315"
"24,7 : 0.1315"
"7,25 : 0.4528"
"25,7 : 0.4528"
"7,26 : 0.5482"
"26,7 : 0.5482"
"7,27 : 0.6586"
"27,7 : 0.6586"
"7,28 : 0.2832"
"28,7 : 0.2832"
"7,29 : 0.3808"
"29,7 : 0.3808"
"7,30 : 0.1526"
"30,7 : 0.1526"
"7,31 : 0.8081"
"31,7 : 0.8081"
"7,32 : 0.3748"
"32,7 : 0.3748"
"7,33 : 0.8139"
"33,7 : 0.8139"
"7,34 : 0.7903"
"34,7 : 0.7903"
"7,35 : 0.5661"
"35,7 : 0.5661"
"7,36 : 0.6356"
"36,7 : 0.6356"
"7,37 : 0.4561"
"37,7 : 0.4561"
"7,38 : 0.7692"
"38,7 : 0.7692"
"7,39 : 0.2702"
"39,7 : 0.2702"
"7,40 : 0.7877"
"40,7 : 0.7877"
"7,41 : 0.3202"
"41,7 : 0.3202"
"7,42 : 0.5597"
"42,7 : 0.5597"
"7,43 : 0.8848"
"43,7 : 0.8848"
"7,44 : 0.3758"
"44,7 : 0.3758"
"7,45 : 0.4384"
"45,7 : 0.4384"
"7,46 : 0.26"
"46,7 : 0.26"
"7,47 : 0.4243"
"47,7 : 0.4243"
"7,48 : 0.2147"
"48,7 : 0.2147"
"7,49 : 0.3801"
"49,7 : 0.3801"
"7,50 : 0.3612"
"50,7 : 0.3612"
"7,51 : 0.3245"
"51,7 : 0.3245"
"7,52 : 0.7669"
"52,7 : 0.7669"
"7,53 : 0.5818"
"53,7 : 0.5818"
"7,54 : 0.6325"
"54,7 : 0.6325"
"7,55 : 0.89"
"55,7 : 0.89"
"7,56 : 0.1166"
"56,7 : 0.1166"
"7,57 : 0.2953"
"57,7 : 0.2953"
"7,58 : 0.2879"
"58,7 : 0.2879"
"7,59 : 0.6042"
"59,7 : 0.6042"
"7,60 : 0.3015"
"60,7 : 0.3015"
"7,61 : 0.5412"
"61,7 : 0.5412"
"7,62 : 0.4884"
"62,7 : 0.4884"
"7,63 : 0.4357"
"63,7 : 0.4357"
"7,64 : 0.7071"
"64,7 : 0.7071"
"7,65 : 0.4342"
"65,7 : 0.4342"
"7,66 : 0.5124"
"66,7 : 0.5124"
"7,67 : 0.4841"
"67,7 : 0.4841"
"7,68 : 0.7379"
"68,7 : 0.7379"
"7,69 : 0.6825"
"69,7 : 0.6825"
"7,70 : 0.11"
"70,7 : 0.11"
"7,71 : 0.7485"
"71,7 : 0.7485"
"7,72 : 0.2864"
"72,7 : 0.2864"
"7,73 : 0.7931"
"73,7 : 0.7931"
"7,74 : 0.2657"
"74,7 : 0.2657"
"7,75 : 0.364"
"75,7 : 0.364"
"7,76 : 0.6673"
"76,7 : 0.6673"
"7,77 : 0.4888"
"77,7 : 0.4888"
"7,78 : 0.6953"
"78,7 : 0.6953"
"7,79 : 0.3068"
"79,7 : 0.3068"
"7,80 : 0.6356"
"80,7 : 0.6356"
"7,81 : 0.3606"
"81,7 : 0.3606"
"7,82 : 0.2159"
"82,7 : 0.2159"
"7,83 : 0.3312"
"83,7 : 0.3312"
"7,84 : 0.7378"
"84,7 : 0.7378"
"7,85 : 0.5239"
"85,7 : 0.5239"
"7,86 : 0.5492"
"86,7 : 0.5492"
"7,87 : 0.1552"
"87,7 : 0.1552"
"7,88 : 0.3114"
"88,7 : 0.3114"
"7,89 : 0.5111"
"89,7 : 0.5111"
"7,90 : 0.4272"
"90,7 : 0.4272"
"7,91 : 0.4531"
"91,7 : 0.4531"
"7,92 : 0.6261"
"92,7 : 0.6261"
"7,93 : 0.5831"
"93,7 : 0.5831"
"7,94 : 0.8705"
"94,7 : 0.8705"
"7,95 : 0.4328"
"95,7 : 0.4328"
"7,96 : 0.5558"
"96,7 : 0.5558"
"7,97 : 0.5354"
"97,7 : 0.5354"
"7,98 : 0.2377"
"98,7 : 0.2377"
"7,99 : 0.2766"
"99,7 : 0.2766"
"8,9 : 0.686"
"9,8 : 0.686"
"8,10 : 0.5371"
"10,8 : 0.5371"
"8,11 : 0.408"
"11,8 : 0.408"
"8,12 : 0.609"
"12,8 : 0.609"
"8,13 : 0.5579"
"13,8 : 0.5579"
"8,14 : 0.4031"
"14,8 : 0.4031"
"8,15 : 0.3547"
"15,8 : 0.3547"
"8,16 : 0.402"
"16,8 : 0.402"
"8,17 : 0.34"
"17,8 : 0.34"
"8,18 : 0.6207"
"18,8 : 0.6207"
"8,19 : 0.15"
"19,8 : 0.15"
"8,20 : 0.5903"
"20,8 : 0.5903"
"8,21 : 0.6185"
"21,8 : 0.6185"
"8,22 : 0.4472"
"22,8 : 0.4472"
"8,23 : 0.1513"
"23,8 : 0.1513"
"8,24 : 0.5901"
"24,8 : 0.5901"
"8,25 : 0.0224"
"25,8 : 0.0224"
"8,26 : 0.3712"
"26,8 : 0.3712"
"8,27 : 0.3195"
"27,8 : 0.3195"
"8,28 : 0.3612"
"28,8 : 0.3612"
"8,29 : 0.7159"
"29,8 : 0.7159"
"8,30 : 0.4123"
"30,8 : 0.4123"
"8,31 : 0.3585"
"31,8 : 0.3585"
"8,32 : 0.3124"
"32,8 : 0.3124"
"8,33 : 0.3606"
"33,8 : 0.3606"
"8,34 : 0.3302"
"34,8 : 0.3302"
"8,35 : 0.3"
"35,8 : 0.3"
"8,36 : 0.6712"
"36,8 : 0.6712"
"8,37 : 0.5326"
"37,8 : 0.5326"
"8,38 : 0.386"
"38,8 : 0.386"
"8,39 : 0.3413"
"39,8 : 0.3413"
"8,40 : 0.4104"
"40,8 : 0.4104"
"8,41 : 0.586"
"41,8 : 0.586"
"8,42 : 0.8122"
"42,8 : 0.8122"
"8,43 : 0.542"
"43,8 : 0.542"
"8,44 : 0.6932"
"44,8 : 0.6932"
"8,45 : 0.3716"
"45,8 : 0.3716"
"8,46 : 0.4168"
"46,8 : 0.4168"
"8,47 : 0.65"
"47,8 : 0.65"
"8,48 : 0.5824"
"48,8 : 0.5824"
"8,49 : 0.3688"
"49,8 : 0.3688"
"8,50 : 0.542"
"50,8 : 0.542"
"8,51 : 0.6835"
"51,8 : 0.6835"
"8,52 : 0.478"
"52,8 : 0.478"
"8,53 : 0.5463"
"53,8 : 0.5463"
"8,54 : 0.2693"
"54,8 : 0.2693"
"8,55 : 0.4952"
"55,8 : 0.4952"
"8,56 : 0.3711"
"56,8 : 0.3711"
"8,57 : 0.6426"
"57,8 : 0.6426"
"8,58 : 0.6353"
"58,8 : 0.6353"
"8,59 : 0.65"
"59,8 : 0.65"
"8,60 : 0.16"
"60,8 : 0.16"
"8,61 : 0.1342"
"61,8 : 0.1342"
"8,62 : 0.5826"
"62,8 : 0.5826"
"8,63 : 0.2193"
"63,8 : 0.2193"
"8,64 : 0.2729"
"64,8 : 0.2729"
"8,65 : 0.1456"
"65,8 : 0.1456"
"8,66 : 0.7004"
"66,8 : 0.7004"
"8,67 : 0.3848"
"67,8 : 0.3848"
"8,68 : 0.3606"
"68,8 : 0.3606"
"8,69 : 0.2326"
"69,8 : 0.2326"
"8,70 : 0.5708"
"70,8 : 0.5708"
"8,71 : 0.3471"
"71,8 : 0.3471"
"8,72 : 0.25"
"72,8 : 0.25"
"8,73 : 0.3801"
"73,8 : 0.3801"
"8,74 : 0.2419"
"74,8 : 0.2419"
"8,75 : 0.2"
"75,8 : 0.2"
"8,76 : 0.3023"
"76,8 : 0.3023"
"8,77 : 0.2828"
"77,8 : 0.2828"
"8,78 : 0.4258"
"78,8 : 0.4258"
"8,79 : 0.645"
"79,8 : 0.645"
"8,80 : 0.3138"
"80,8 : 0.3138"
"8,81 : 0.4601"
"81,8 : 0.4601"
"8,82 : 0.2508"
"82,8 : 0.2508"
"8,83 : 0.214"
"83,8 : 0.214"
"8,84 : 0.593"
"84,8 : 0.593"
"8,85 : 0.7529"
"85,8 : 0.7529"
"8,86 : 0.6243"
"86,8 : 0.6243"
"8,87 : 0.3102"
"87,8 : 0.3102"
"8,88 : 0.5131"
"88,8 : 0.5131"
"8,89 : 0.2907"
"89,8 : 0.2907"
"8,90 : 0.103"
"90,8 : 0.103"
"8,91 : 0.486"
"91,8 : 0.486"
"8,92 : 0.3257"
"92,8 : 0.3257"
"8,93 : 0.7569"
"93,8 : 0.7569"
"8,94 : 0.5882"
"94,8 : 0.5882"
"8,95 : 0.4025"
"95,8 : 0.4025"
"8,96 : 0.1421"
"96,8 : 0.1421"
"8,97 : 0.2602"
"97,8 : 0.2602"
"8,98 : 0.5814"
"98,8 : 0.5814"
"8,99 : 0.2915"
"99,8 : 0.2915"
"9,10 : 0.5787"
"10,9 : 0.5787"
"9,11 : 0.9266"
"11,9 : 0.9266"
"9,12 : 0.6528"
"12,9 : 0.6528"
"9,13 : 0.4925"
"13,9 : 0.4925"
"9,14 : 1.0555"
"14,9 : 1.0555"
"9,15 : 0.9904"
"15,9 : 0.9904"
"9,16 : 0.3636"
"16,9 : 0.3636"
"9,17 : 0.5901"
"17,9 : 0.5901"
"9,18 : 0.3214"
"18,9 : 0.3214"
"9,19 : 0.8353"
"19,9 : 0.8353"
"9,20 : 0.7368"
"20,9 : 0.7368"
"9,21 : 0.2002"
"21,9 : 0.2002"
"9,22 : 0.2421"
"22,9 : 0.2421"
"9,23 : 0.5749"
"23,9 : 0.5749"
"9,24 : 0.36"
"24,9 : 0.36"
"9,25 : 0.6673"
"25,9 : 0.6673"
"9,26 : 0.9121"
"26,9 : 0.9121"
"9,27 : 0.7018"
"27,9 : 0.7018"
"9,28 : 0.6712"
"28,9 : 0.6712"
"9,29 : 0.0781"
"29,9 : 0.0781"
"9,30 : 0.5515"
"30,9 : 0.5515"
"9,31 : 0.9437"
"31,9 : 0.9437"
"9,32 : 0.4052"
"32,9 : 0.4052"
"9,33 : 0.958"
"33,9 : 0.958"
"9,34 : 0.9879"
"34,9 : 0.9879"
"9,35 : 0.5921"
"35,9 : 0.5921"
"9,36 : 0.3612"
"36,9 : 0.3612"
"9,37 : 0.2571"
"37,9 : 0.2571"
"9,38 : 0.821"
"38,9 : 0.821"
"9,39 : 0.3448"
"39,9 : 0.3448"
"9,40 : 1.086"
"40,9 : 1.086"
"9,41 : 0.7102"
"41,9 : 0.7102"
"9,42 : 0.1581"
"42,9 : 0.1581"
"9,43 : 0.8683"
"43,9 : 0.8683"
"9,44 : 0.05"
"44,9 : 0.05"
"9,45 : 0.8184"
"45,9 : 0.8184"
"9,46 : 0.2693"
"46,9 : 0.2693"
"9,47 : 0.0806"
"47,9 : 0.0806"
"9,48 : 0.1924"
"48,9 : 0.1924"
"9,49 : 0.3569"
"49,9 : 0.3569"
"9,50 : 0.1612"
"50,9 : 0.1612"
"9,51 : 0.1208"
"51,9 : 0.1208"
"9,52 : 0.7284"
"52,9 : 0.7284"
"9,53 : 0.3992"
"53,9 : 0.3992"
"9,54 : 0.9324"
"54,9 : 0.9324"
"9,55 : 0.9301"
"55,9 : 0.9301"
"9,56 : 0.4965"
"56,9 : 0.4965"
"9,57 : 0.1204"
"57,9 : 0.1204"
"9,58 : 0.6507"
"58,9 : 0.6507"
"9,59 : 0.3342"
"59,9 : 0.3342"
"9,60 : 0.5544"
"60,9 : 0.5544"
"9,61 : 0.6895"
"61,9 : 0.6895"
"9,62 : 0.2417"
"62,9 : 0.2417"
"9,63 : 0.522"
"63,9 : 0.522"
"9,64 : 0.9588"
"64,9 : 0.9588"
"9,65 : 0.7366"
"65,9 : 0.7366"
"9,66 : 0.1526"
"66,9 : 0.1526"
"9,67 : 0.43"
"67,9 : 0.43"
"9,68 : 0.7916"
"68,9 : 0.7916"
"9,69 : 0.8382"
"69,9 : 0.8382"
"9,70 : 0.3805"
"70,9 : 0.3805"
"9,71 : 0.8249"
"71,9 : 0.8249"
"9,72 : 0.6341"
"72,9 : 0.6341"
"9,73 : 1.0653"
"73,9 : 1.0653"
"9,74 : 0.6044"
"74,9 : 0.6044"
"9,75 : 0.6935"
"75,9 : 0.6935"
"9,76 : 0.9683"
"76,9 : 0.9683"
"9,77 : 0.8363"
"77,9 : 0.8363"
"9,78 : 0.6637"
"78,9 : 0.6637"
"9,79 : 0.6707"
"79,9 : 0.6707"
"9,80 : 0.9559"
"80,9 : 0.9559"
"9,81 : 0.2532"
"81,9 : 0.2532"
"9,82 : 0.4738"
"82,9 : 0.4738"
"9,83 : 0.4741"
"83,9 : 0.4741"
"9,84 : 0.5818"
"84,9 : 0.5818"
"9,85 : 0.1304"
"85,9 : 0.1304"
"9,86 : 0.2802"
"86,9 : 0.2802"
"9,87 : 0.4405"
"87,9 : 0.4405"
"9,88 : 0.1746"
"88,9 : 0.1746"
"9,89 : 0.857"
"89,9 : 0.857"
"9,90 : 0.5993"
"90,9 : 0.5993"
"9,91 : 0.3027"
"91,9 : 0.3027"
"9,92 : 0.9548"
"92,9 : 0.9548"
"9,93 : 0.2119"
"93,9 : 0.2119"
"9,94 : 0.7981"
"94,9 : 0.7981"
"9,95 : 0.8199"
"95,9 : 0.8199"
"9,96 : 0.821"
"96,9 : 0.821"
"9,97 : 0.5869"
"97,9 : 0.5869"
"9,98 : 0.614"
"98,9 : 0.614"
"9,99 : 0.3945"
"99,9 : 0.3945"
"10,11 : 0.9402"
"11,10 : 0.9402"
"10,12 : 0.0894"
"12,10 : 0.0894"
"10,13 : 0.0943"
"13,10 : 0.0943"
"10,14 : 0.7021"
"14,10 : 0.7021"
"10,15 : 0.6297"
"15,10 : 0.6297"
"10,16 : 0.2751"
"16,10 : 0.2751"
"10,17 : 0.7441"
"17,10 : 0.7441"
"10,18 : 0.2818"
"18,10 : 0.2818"
"10,19 : 0.6237"
"19,10 : 0.6237"
"10,20 : 1.0"
"20,10 : 1.0"
"10,21 : 0.386"
"21,10 : 0.386"
"10,22 : 0.4295"
"22,10 : 0.4295"
"10,23 : 0.3945"
"23,10 : 0.3945"
"10,24 : 0.2326"
"24,10 : 0.2326"
"10,25 : 0.5367"
"25,10 : 0.5367"
"10,26 : 0.4838"
"26,10 : 0.4838"
"10,27 : 0.794"
"27,10 : 0.794"
"10,28 : 0.2209"
"28,10 : 0.2209"
"10,29 : 0.5441"
"29,10 : 0.5441"
"10,30 : 0.1253"
"30,10 : 0.1253"
"10,31 : 0.8955"
"31,10 : 0.8955"
"10,32 : 0.5438"
"32,10 : 0.5438"
"10,33 : 0.8969"
"33,10 : 0.8969"
"10,34 : 0.8465"
"34,10 : 0.8465"
"10,35 : 0.7145"
"35,10 : 0.7145"
"10,36 : 0.8276"
"36,10 : 0.8276"
"10,37 : 0.6476"
"37,10 : 0.6476"
"10,38 : 0.894"
"38,10 : 0.894"
"10,39 : 0.4472"
"39,10 : 0.4472"
"10,40 : 0.7741"
"40,10 : 0.7741"
"10,41 : 0.1315"
"41,10 : 0.1315"
"10,42 : 0.7355"
"42,10 : 0.7355"
"10,43 : 1.0265"
"43,10 : 1.0265"
"10,44 : 0.5457"
"44,10 : 0.5457"
"10,45 : 0.3606"
"45,10 : 0.3606"
"10,46 : 0.4492"
"46,10 : 0.4492"
"10,47 : 0.6107"
"47,10 : 0.6107"
"10,48 : 0.3864"
"48,10 : 0.3864"
"10,49 : 0.559"
"49,10 : 0.559"
"10,50 : 0.5533"
"50,10 : 0.5533"
"10,51 : 0.4838"
"51,10 : 0.4838"
"10,52 : 0.9202"
"52,10 : 0.9202"
"10,53 : 0.769"
"53,10 : 0.769"
"10,54 : 0.6301"
"54,10 : 0.6301"
"10,55 : 1.0126"
"55,10 : 1.0126"
"10,56 : 0.1838"
"56,10 : 0.1838"
"10,57 : 0.4632"
"57,10 : 0.4632"
"10,58 : 0.1063"
"58,10 : 0.1063"
"10,59 : 0.7962"
"59,10 : 0.7962"
"10,60 : 0.3966"
"60,10 : 0.3966"
"10,61 : 0.6466"
"61,10 : 0.6466"
"10,62 : 0.6807"
"62,10 : 0.6807"
"10,63 : 0.58"
"63,10 : 0.58"
"10,64 : 0.7355"
"64,10 : 0.7355"
"10,65 : 0.4571"
"65,10 : 0.4571"
"10,66 : 0.7003"
"66,10 : 0.7003"
"10,67 : 0.6586"
"67,10 : 0.6586"
"10,68 : 0.864"
"68,10 : 0.864"
"10,69 : 0.7697"
"69,10 : 0.7697"
"10,70 : 0.2062"
"70,10 : 0.2062"
"10,71 : 0.8653"
"71,10 : 0.8653"
"10,72 : 0.2983"
"72,10 : 0.2983"
"10,73 : 0.8"
"73,10 : 0.8"
"10,74 : 0.2973"
"74,10 : 0.2973"
"10,75 : 0.3748"
"75,10 : 0.3748"
"10,76 : 0.6607"
"76,10 : 0.6607"
"10,77 : 0.454"
"77,10 : 0.454"
"10,78 : 0.8504"
"78,10 : 0.8504"
"10,79 : 0.1221"
"79,10 : 0.1221"
"10,80 : 0.614"
"80,10 : 0.614"
"10,81 : 0.5508"
"81,10 : 0.5508"
"10,82 : 0.3394"
"82,10 : 0.3394"
"10,83 : 0.4742"
"83,10 : 0.4742"
"10,84 : 0.9171"
"84,10 : 0.9171"
"10,85 : 0.7058"
"85,10 : 0.7058"
"10,86 : 0.7415"
"86,10 : 0.7415"
"10,87 : 0.2921"
"87,10 : 0.2921"
"10,88 : 0.5036"
"88,10 : 0.5036"
"10,89 : 0.4752"
"89,10 : 0.4752"
"10,90 : 0.5382"
"90,10 : 0.5382"
"10,91 : 0.642"
"91,10 : 0.642"
"10,92 : 0.5968"
"92,10 : 0.5968"
"10,93 : 0.7706"
"93,10 : 0.7706"
"10,94 : 1.0283"
"94,10 : 1.0283"
"10,95 : 0.3401"
"95,10 : 0.3401"
"10,96 : 0.5903"
"96,10 : 0.5903"
"10,97 : 0.6788"
"97,10 : 0.6788"
"10,98 : 0.05"
"98,10 : 0.05"
"10,99 : 0.441"
"99,10 : 0.441"
"11,12 : 1.0155"
"12,11 : 1.0155"
"11,13 : 0.9494"
"13,11 : 0.9494"
"11,14 : 0.6042"
"14,11 : 0.6042"
"11,15 : 0.6041"
"15,11 : 0.6041"
"11,16 : 0.7569"
"16,11 : 0.7569"
"11,17 : 0.3448"
"17,11 : 0.3448"
"11,18 : 0.9729"
"18,11 : 0.9729"
"11,19 : 0.3912"
"19,11 : 0.3912"
"11,20 : 0.405"
"20,11 : 0.405"
"11,21 : 0.9343"
"21,11 : 0.9343"
"11,22 : 0.7311"
"22,11 : 0.7311"
"11,23 : 0.5459"
"23,11 : 0.5459"
"11,24 : 0.9534"
"24,11 : 0.9534"
"11,25 : 0.405"
"25,11 : 0.405"
"11,26 : 0.7083"
"26,11 : 0.7083"
"11,27 : 0.228"
"27,11 : 0.228"
"11,28 : 0.7684"
"28,11 : 0.7684"
"11,29 : 0.9818"
"29,11 : 0.9818"
"11,30 : 0.8149"
"30,11 : 0.8149"
"11,31 : 0.1"
"31,11 : 0.1"
"11,32 : 0.53"
"32,11 : 0.53"
"11,33 : 0.1204"
"33,11 : 0.1204"
"11,34 : 0.25"
"34,11 : 0.25"
"11,35 : 0.3354"
"35,11 : 0.3354"
"11,36 : 0.7382"
"36,11 : 0.7382"
"11,37 : 0.6912"
"37,11 : 0.6912"
"11,38 : 0.1221"
"38,11 : 0.1221"
"11,39 : 0.6229"
"39,11 : 0.6229"
"11,40 : 0.5423"
"40,11 : 0.5423"
"11,41 : 0.994"
"41,11 : 0.994"
"11,42 : 1.0042"
"42,11 : 1.0042"
"11,43 : 0.2377"
"43,11 : 0.2377"
"11,44 : 0.9526"
"44,11 : 0.9526"
"11,45 : 0.7529"
"45,11 : 0.7529"
"11,46 : 0.6907"
"46,11 : 0.6907"
"11,47 : 0.8631"
"47,11 : 0.8631"
"11,48 : 0.8936"
"48,11 : 0.8936"
"11,49 : 0.5714"
"49,11 : 0.5714"
"11,50 : 0.7653"
"50,11 : 0.7653"
"11,51 : 0.97"
"51,11 : 0.97"
"11,52 : 0.2973"
"52,11 : 0.2973"
"11,53 : 0.6084"
"53,11 : 0.6084"
"11,54 : 0.507"
"54,11 : 0.507"
"11,55 : 0.1204"
"55,11 : 0.1204"
"11,56 : 0.7649"
"56,11 : 0.7649"
"11,57 : 0.9301"
"57,11 : 0.9301"
"11,58 : 1.041"
"58,11 : 1.041"
"11,59 : 0.7335"
"59,11 : 0.7335"
"11,60 : 0.5456"
"60,11 : 0.5456"
"11,61 : 0.2955"
"61,11 : 0.2955"
"11,62 : 0.7308"
"62,11 : 0.7308"
"11,63 : 0.4219"
"63,11 : 0.4219"
"11,64 : 0.3808"
"64,11 : 0.3808"
"11,65 : 0.5304"
"65,11 : 0.5304"
"11,66 : 0.8736"
"66,11 : 0.8736"
"11,67 : 0.5022"
"67,11 : 0.5022"
"11,68 : 0.1432"
"68,11 : 0.1432"
"11,69 : 0.1844"
"69,11 : 0.1844"
"11,70 : 0.9396"
"70,11 : 0.9396"
"11,71 : 0.102"
"71,11 : 0.102"
"11,72 : 0.658"
"72,11 : 0.658"
"11,73 : 0.4604"
"73,11 : 0.4604"
"11,74 : 0.649"
"74,11 : 0.649"
"11,75 : 0.6021"
"75,11 : 0.6021"
"11,76 : 0.5155"
"76,11 : 0.5155"
"11,77 : 0.6382"
"77,11 : 0.6382"
"11,78 : 0.3162"
"78,11 : 0.3162"
"11,79 : 1.0515"
"79,11 : 1.0515"
"11,80 : 0.5701"
"80,11 : 0.5701"
"11,81 : 0.6736"
"81,11 : 0.6736"
"11,82 : 0.6203"
"82,11 : 0.6203"
"11,83 : 0.512"
"83,11 : 0.512"
"11,84 : 0.524"
"84,11 : 0.524"
"11,85 : 0.9411"
"85,11 : 0.9411"
"11,86 : 0.7409"
"86,11 : 0.7409"
"11,87 : 0.6801"
"87,11 : 0.6801"
"11,88 : 0.7611"
"88,11 : 0.7611"
"11,89 : 0.6351"
"89,11 : 0.6351"
"11,90 : 0.4085"
"90,11 : 0.4085"
"11,91 : 0.6379"
"91,11 : 0.6379"
"11,92 : 0.5962"
"92,11 : 0.5962"
"11,93 : 0.9048"
"93,11 : 0.9048"
"11,94 : 0.3534"
"94,11 : 0.3534"
"11,95 : 0.7875"
"95,11 : 0.7875"
"11,96 : 0.4244"
"96,11 : 0.4244"
"11,97 : 0.3406"
"97,11 : 0.3406"
"11,98 : 0.9862"
"98,11 : 0.9862"
"11,99 : 0.5869"
"99,11 : 0.5869"
"12,13 : 0.1603"
"13,12 : 0.1603"
"12,14 : 0.7317"
"14,12 : 0.7317"
"12,15 : 0.6607"
"15,12 : 0.6607"
"12,16 : 0.364"
"16,12 : 0.364"
"12,17 : 0.831"
"17,12 : 0.831"
"12,18 : 0.3421"
"18,12 : 0.3421"
"12,19 : 0.6831"
"19,12 : 0.6831"
"12,20 : 1.0881"
"20,12 : 1.0881"
"12,21 : 0.4554"
"21,12 : 0.4554"
"12,22 : 0.5166"
"22,12 : 0.5166"
"12,23 : 0.472"
"23,12 : 0.472"
"12,24 : 0.2961"
"24,12 : 0.2961"
"12,25 : 0.6106"
"25,12 : 0.6106"
"12,26 : 0.5049"
"26,12 : 0.5049"
"12,27 : 0.8773"
"27,12 : 0.8773"
"12,28 : 0.2668"
"28,12 : 0.2668"
"12,29 : 0.6119"
"29,12 : 0.6119"
"12,30 : 0.2052"
"30,12 : 0.2052"
"12,31 : 0.966"
"31,12 : 0.966"
"12,32 : 0.6329"
"32,12 : 0.6329"
"12,33 : 0.9661"
"33,12 : 0.9661"
"12,34 : 0.9076"
"34,12 : 0.9076"
"12,35 : 0.8006"
"35,12 : 0.8006"
"12,36 : 0.9144"
"36,12 : 0.9144"
"12,37 : 0.735"
"37,12 : 0.735"
"12,38 : 0.9745"
"38,12 : 0.9745"
"12,39 : 0.5367"
"39,12 : 0.5367"
"12,40 : 0.81"
"40,12 : 0.81"
"12,41 : 0.0781"
"41,12 : 0.0781"
"12,42 : 0.8075"
"42,12 : 0.8075"
"12,43 : 1.1104"
"43,12 : 1.1104"
"12,44 : 0.6166"
"44,12 : 0.6166"
"12,45 : 0.3821"
"45,12 : 0.3821"
"12,46 : 0.5376"
"46,12 : 0.5376"
"12,47 : 0.6901"
"47,12 : 0.6901"
"12,48 : 0.461"
"48,12 : 0.461"
"12,49 : 0.6485"
"49,12 : 0.6485"
"12,50 : 0.6379"
"50,12 : 0.6379"
"12,51 : 0.5511"
"51,12 : 0.5511"
"12,52 : 1.0066"
"52,12 : 1.0066"
"12,53 : 0.858"
"53,12 : 0.858"
"12,54 : 0.6736"
"54,12 : 0.6736"
"12,55 : 1.092"
"55,12 : 1.092"
"12,56 : 0.2702"
"56,12 : 0.2702"
"12,57 : 0.5346"
"57,12 : 0.5346"
"12,58 : 0.03"
"58,12 : 0.03"
"12,59 : 0.8829"
"59,12 : 0.8829"
"12,60 : 0.4763"
"60,12 : 0.4763"
"12,61 : 0.7242"
"61,12 : 0.7242"
"12,62 : 0.7669"
"62,12 : 0.7669"
"12,63 : 0.666"
"63,12 : 0.666"
"12,64 : 0.7885"
"64,12 : 0.7885"
"12,65 : 0.5155"
"65,12 : 0.5155"
"12,66 : 0.7803"
"66,12 : 0.7803"
"12,67 : 0.7479"
"67,12 : 0.7479"
"12,68 : 0.9449"
"68,12 : 0.9449"
"12,69 : 0.8412"
"69,12 : 0.8412"
"12,70 : 0.2729"
"70,12 : 0.2729"
"12,71 : 0.944"
"71,12 : 0.944"
"12,72 : 0.3625"
"72,12 : 0.3625"
"12,73 : 0.8438"
"73,12 : 0.8438"
"12,74 : 0.3672"
"74,12 : 0.3672"
"12,75 : 0.4332"
"75,12 : 0.4332"
"12,76 : 0.7018"
"76,12 : 0.7018"
"12,77 : 0.4904"
"77,12 : 0.4904"
"12,78 : 0.9372"
"78,12 : 0.9372"
"12,79 : 0.0361"
"79,12 : 0.0361"
"12,80 : 0.6501"
"80,12 : 0.6501"
"12,81 : 0.6389"
"81,12 : 0.6389"
"12,82 : 0.4252"
"82,12 : 0.4252"
"12,83 : 0.5608"
"83,12 : 0.5608"
"12,84 : 1.0065"
"84,12 : 1.0065"
"12,85 : 0.7816"
"85,12 : 0.7816"
"12,86 : 0.8276"
"86,12 : 0.8276"
"12,87 : 0.3801"
"87,12 : 0.3801"
"12,88 : 0.5886"
"88,12 : 0.5886"
"12,89 : 0.5101"
"89,12 : 0.5101"
"12,90 : 0.6185"
"90,12 : 0.6185"
"12,91 : 0.7305"
"91,12 : 0.7305"
"12,92 : 0.6301"
"92,12 : 0.6301"
"12,93 : 0.8501"
"93,12 : 0.8501"
"12,94 : 1.1152"
"94,12 : 1.1152"
"12,95 : 0.3551"
"95,12 : 0.3551"
"12,96 : 0.6485"
"96,12 : 0.6485"
"12,97 : 0.7642"
"97,12 : 0.7642"
"12,98 : 0.0412"
"98,12 : 0.0412"
"12,99 : 0.53"
"99,12 : 0.53"
"13,14 : 0.7692"
"14,13 : 0.7692"
"13,15 : 0.6964"
"15,13 : 0.6964"
"13,16 : 0.228"
"16,13 : 0.228"
"13,17 : 0.7225"
"17,13 : 0.7225"
"13,18 : 0.1879"
"18,13 : 0.1879"
"13,19 : 0.6619"
"19,13 : 0.6619"
"13,20 : 0.97"
"20,13 : 0.97"
"13,21 : 0.2961"
"21,13 : 0.2961"
"13,22 : 0.3677"
"22,13 : 0.3677"
"13,23 : 0.408"
"23,13 : 0.408"
"13,24 : 0.1393"
"24,13 : 0.1393"
