x,y
0.36,0.45
0.48,0.8
0.8,0.64
0.85,0.34
0.85,0.49
0.44,0.75
0.75,0.67
0.13,0.9
0.43,0.36
0.18,0.25
0.33,0.49
0.49,0.52
0.75,0.23
0.36,0.33
0.41,0.62
0.25,0.71
0.99,0.03
0.05,0.8
0.89,0.84
0.61,0.68
0.72,0.92
0.83,0.83
0.69,0.96
0.33,0.64
0.47,0.03
0.4,0.76
0.23,0.24
0.58,0.07
0.86,0.86
0.71,0.05
0.05,0.09
0.97,0.11
0.33,0.91
0.03,0.29
0.69,0.16
0.53,0.65
0.8,0.74
0.65,0.82
0.98,0.86
0.57,0.3
0.54,0.45
0.42,0.97
0.21,0.06
0.13,0.84
0.57,0.96
0.24,0.97
0.25,0.19
0.49,0.95
0.66,0.3
0.72,0.48
0.42,0.95
0.57,0.24
0.73,0.06
0.18,0.23
0.84,0.65
0.05,0.04
0.89,0.78
0.5,0.65
0.03,0.19
0.85,0.5
0.3,0.9
0.45,0.67
0.15,0.82
0.79,0.5
0.3,0.3
0.84,0.48
0.18,0.36
0.39,0.53
0.8,0.4
0.72,0.39
0.66,0.32
0.52,0.66
0.32,0.05
0.53,0.13
0.47,0.52
0.54,0.24
0.65,0.02
0.6,0.57
0.68,0.76
0.37,0.99
0.88,0.31
0.84,0.88
0.93,0.91
0.78,0.16
0.48,0.71
0.33,0.37
0.71,0.28
0.33,0.2
0.68,0.14
0.26,0.96
0.18,0.41
0.81,0.45
0.97,0.22
0.69,0.42
0.39,0.16
0.85,0.25
0.83,0.9
0.23,0.48
0.65,0.63
0.86,0.76

Distanze
"0,1 : 0.37"
"1,0 : 0.37"
"0,2 : 0.4793"
"2,0 : 0.4793"
"0,3 : 0.5022"
"3,0 : 0.5022"
"0,4 : 0.4916"
"4,0 : 0.4916"
"0,5 : 0.3105"
"5,0 : 0.3105"
"0,6 : 0.4478"
"6,0 : 0.4478"
"0,7 : 0.5054"
"7,0 : 0.5054"
"0,8 : 0.114"
"8,0 : 0.114"
"0,9 : 0.2691"
"9,0 : 0.2691"
"0,10 : 0.05"
"10,0 : 0.05"
"0,11 : 0.1476"
"11,0 : 0.1476"
"0,12 : 0.4478"
"12,0 : 0.4478"
"0,13 : 0.12"
"13,0 : 0.12"
"0,14 : 0.1772"
"14,0 : 0.1772"
"0,15 : 0.2823"
"15,0 : 0.2823"
"0,16 : 0.7572"
"16,0 : 0.7572"
"0,17 : 0.4675"
"17,0 : 0.4675"
"0,18 : 0.658"
"18,0 : 0.658"
"0,19 : 0.3397"
"19,0 : 0.3397"
"0,20 : 0.592"
"20,0 : 0.592"
"0,21 : 0.6044"
"21,0 : 0.6044"
"0,22 : 0.6075"
"22,0 : 0.6075"
"0,23 : 0.1924"
"23,0 : 0.1924"
"0,24 : 0.4342"
"24,0 : 0.4342"
"0,25 : 0.3126"
"25,0 : 0.3126"
"0,26 : 0.247"
"26,0 : 0.247"
"0,27 : 0.4391"
"27,0 : 0.4391"
"0,28 : 0.6466"
"28,0 : 0.6466"
"0,29 : 0.5315"
"29,0 : 0.5315"
"0,30 : 0.4751"
"30,0 : 0.4751"
"0,31 : 0.6984"
"31,0 : 0.6984"
"0,32 : 0.461"
"32,0 : 0.461"
"0,33 : 0.3667"
"33,0 : 0.3667"
"0,34 : 0.4393"
"34,0 : 0.4393"
"0,35 : 0.2625"
"35,0 : 0.2625"
"0,36 : 0.527"
"36,0 : 0.527"
"0,37 : 0.4701"
"37,0 : 0.4701"
"0,38 : 0.7433"
"38,0 : 0.7433"
"0,39 : 0.2581"
"39,0 : 0.2581"
"0,40 : 0.18"
"40,0 : 0.18"
"0,41 : 0.5235"
"41,0 : 0.5235"
"0,42 : 0.4179"
"42,0 : 0.4179"
"0,43 : 0.4528"
"43,0 : 0.4528"
"0,44 : 0.5515"
"44,0 : 0.5515"
"0,45 : 0.5337"
"45,0 : 0.5337"
"0,46 : 0.2823"
"46,0 : 0.2823"
"0,47 : 0.5166"
"47,0 : 0.5166"
"0,48 : 0.3354"
"48,0 : 0.3354"
"0,49 : 0.3612"
"49,0 : 0.3612"
"0,50 : 0.5036"
"50,0 : 0.5036"
"0,51 : 0.297"
"51,0 : 0.297"
"0,52 : 0.5376"
"52,0 : 0.5376"
"0,53 : 0.2843"
"53,0 : 0.2843"
"0,54 : 0.52"
"54,0 : 0.52"
"0,55 : 0.514"
"55,0 : 0.514"
"0,56 : 0.6243"
"56,0 : 0.6243"
"0,57 : 0.2441"
"57,0 : 0.2441"
"0,58 : 0.4201"
"58,0 : 0.4201"
"0,59 : 0.4925"
"59,0 : 0.4925"
"0,60 : 0.454"
"60,0 : 0.454"
"0,61 : 0.2377"
"61,0 : 0.2377"
"0,62 : 0.4254"
"62,0 : 0.4254"
"0,63 : 0.4329"
"63,0 : 0.4329"
"0,64 : 0.1616"
"64,0 : 0.1616"
"0,65 : 0.4809"
"65,0 : 0.4809"
"0,66 : 0.2012"
"66,0 : 0.2012"
"0,67 : 0.0854"
"67,0 : 0.0854"
"0,68 : 0.4428"
"68,0 : 0.4428"
"0,69 : 0.365"
"69,0 : 0.365"
"0,70 : 0.327"
"70,0 : 0.327"
"0,71 : 0.264"
"71,0 : 0.264"
"0,72 : 0.402"
"72,0 : 0.402"
"0,73 : 0.3624"
"73,0 : 0.3624"
"0,74 : 0.1304"
"74,0 : 0.1304"
"0,75 : 0.2766"
"75,0 : 0.2766"
"0,76 : 0.5187"
"76,0 : 0.5187"
"0,77 : 0.2683"
"77,0 : 0.2683"
"0,78 : 0.4455"
"78,0 : 0.4455"
"0,79 : 0.5401"
"79,0 : 0.5401"
"0,80 : 0.5385"
"80,0 : 0.5385"
"0,81 : 0.6444"
"81,0 : 0.6444"
"0,82 : 0.7325"
"82,0 : 0.7325"
"0,83 : 0.5104"
"83,0 : 0.5104"
"0,84 : 0.2864"
"84,0 : 0.2864"
"0,85 : 0.0854"
"85,0 : 0.0854"
"0,86 : 0.3891"
"86,0 : 0.3891"
"0,87 : 0.2518"
"87,0 : 0.2518"
"0,88 : 0.4455"
"88,0 : 0.4455"
"0,89 : 0.5197"
"89,0 : 0.5197"
"0,90 : 0.1844"
"90,0 : 0.1844"
"0,91 : 0.45"
"91,0 : 0.45"
"0,92 : 0.6519"
"92,0 : 0.6519"
"0,93 : 0.3314"
"93,0 : 0.3314"
"0,94 : 0.2915"
"94,0 : 0.2915"
"0,95 : 0.5292"
"95,0 : 0.5292"
"0,96 : 0.6507"
"96,0 : 0.6507"
"0,97 : 0.1334"
"97,0 : 0.1334"
"0,98 : 0.3413"
"98,0 : 0.3413"
"0,99 : 0.5883"
"99,0 : 0.5883"
"1,2 : 0.3578"
"2,1 : 0.3578"
"1,3 : 0.5903"
"3,1 : 0.5903"
"1,4 : 0.4827"
"4,1 : 0.4827"
"1,5 : 0.064"
"5,1 : 0.064"
"1,6 : 0.2997"
"6,1 : 0.2997"
"1,7 : 0.364"
"7,1 : 0.364"
"1,8 : 0.4428"
"8,1 : 0.4428"
"1,9 : 0.6265"
"9,1 : 0.6265"
"1,10 : 0.3444"
"10,1 : 0.3444"
"1,11 : 0.2802"
"11,1 : 0.2802"
"1,12 : 0.6307"
"12,1 : 0.6307"
"1,13 : 0.4851"
"13,1 : 0.4851"
"1,14 : 0.1931"
"14,1 : 0.1931"
"1,15 : 0.247"
"15,1 : 0.247"
"1,16 : 0.9236"
"16,1 : 0.9236"
"1,17 : 0.43"
"17,1 : 0.43"
"1,18 : 0.4119"
"18,1 : 0.4119"
"1,19 : 0.1769"
"19,1 : 0.1769"
"1,20 : 0.2683"
"20,1 : 0.2683"
"1,21 : 0.3513"
"21,1 : 0.3513"
"1,22 : 0.264"
"22,1 : 0.264"
"1,23 : 0.2193"
"23,1 : 0.2193"
"1,24 : 0.7701"
"24,1 : 0.7701"
"1,25 : 0.0894"
"25,1 : 0.0894"
"1,26 : 0.6133"
"26,1 : 0.6133"
"1,27 : 0.7368"
"27,1 : 0.7368"
"1,28 : 0.3847"
"28,1 : 0.3847"
"1,29 : 0.7845"
"29,1 : 0.7845"
"1,30 : 0.8301"
"30,1 : 0.8301"
"1,31 : 0.8463"
"31,1 : 0.8463"
"1,32 : 0.186"
"32,1 : 0.186"
"1,33 : 0.6801"
"33,1 : 0.6801"
"1,34 : 0.6736"
"34,1 : 0.6736"
"1,35 : 0.1581"
"35,1 : 0.1581"
"1,36 : 0.3256"
"36,1 : 0.3256"
"1,37 : 0.1712"
"37,1 : 0.1712"
"1,38 : 0.5036"
"38,1 : 0.5036"
"1,39 : 0.508"
"39,1 : 0.508"
"1,40 : 0.3551"
"40,1 : 0.3551"
"1,41 : 0.1803"
"41,1 : 0.1803"
"1,42 : 0.7877"
"42,1 : 0.7877"
"1,43 : 0.3523"
"43,1 : 0.3523"
"1,44 : 0.1836"
"44,1 : 0.1836"
"1,45 : 0.2941"
"45,1 : 0.2941"
"1,46 : 0.6519"
"46,1 : 0.6519"
"1,47 : 0.1503"
"47,1 : 0.1503"
"1,48 : 0.5314"
"48,1 : 0.5314"
"1,49 : 0.4"
"49,1 : 0.4"
"1,50 : 0.1616"
"50,1 : 0.1616"
"1,51 : 0.5672"
"51,1 : 0.5672"
"1,52 : 0.7811"
"52,1 : 0.7811"
"1,53 : 0.6441"
"53,1 : 0.6441"
"1,54 : 0.39"
"54,1 : 0.39"
"1,55 : 0.8732"
"55,1 : 0.8732"
"1,56 : 0.4105"
"56,1 : 0.4105"
"1,57 : 0.1513"
"57,1 : 0.1513"
"1,58 : 0.758"
"58,1 : 0.758"
"1,59 : 0.4763"
"59,1 : 0.4763"
"1,60 : 0.2059"
"60,1 : 0.2059"
"1,61 : 0.1334"
"61,1 : 0.1334"
"1,62 : 0.3306"
"62,1 : 0.3306"
"1,63 : 0.4314"
"63,1 : 0.4314"
"1,64 : 0.5314"
"64,1 : 0.5314"
"1,65 : 0.4817"
"65,1 : 0.4817"
"1,66 : 0.5325"
"66,1 : 0.5325"
"1,67 : 0.2846"
"67,1 : 0.2846"
"1,68 : 0.5122"
"68,1 : 0.5122"
"1,69 : 0.4751"
"69,1 : 0.4751"
"1,70 : 0.5126"
"70,1 : 0.5126"
"1,71 : 0.1456"
"71,1 : 0.1456"
"1,72 : 0.7669"
"72,1 : 0.7669"
"1,73 : 0.6719"
"73,1 : 0.6719"
"1,74 : 0.2802"
"74,1 : 0.2802"
"1,75 : 0.5632"
"75,1 : 0.5632"
"1,76 : 0.7983"
"76,1 : 0.7983"
"1,77 : 0.2594"
"77,1 : 0.2594"
"1,78 : 0.204"
"78,1 : 0.204"
"1,79 : 0.2195"
"79,1 : 0.2195"
"1,80 : 0.6325"
"80,1 : 0.6325"
"1,81 : 0.3688"
"81,1 : 0.3688"
"1,82 : 0.4632"
"82,1 : 0.4632"
"1,83 : 0.7068"
"83,1 : 0.7068"
"1,84 : 0.09"
"84,1 : 0.09"
"1,85 : 0.4554"
"85,1 : 0.4554"
"1,86 : 0.5686"
"86,1 : 0.5686"
"1,87 : 0.6185"
"87,1 : 0.6185"
"1,88 : 0.6896"
"88,1 : 0.6896"
"1,89 : 0.272"
"89,1 : 0.272"
"1,90 : 0.492"
"90,1 : 0.492"
"1,91 : 0.481"
"91,1 : 0.481"
"1,92 : 0.7593"
"92,1 : 0.7593"
"1,93 : 0.4342"
"93,1 : 0.4342"
"1,94 : 0.6463"
"94,1 : 0.6463"
"1,95 : 0.6629"
"95,1 : 0.6629"
"1,96 : 0.364"
"96,1 : 0.364"
"1,97 : 0.4061"
"97,1 : 0.4061"
"1,98 : 0.2404"
"98,1 : 0.2404"
"1,99 : 0.3821"
"99,1 : 0.3821"
"2,3 : 0.3041"
"3,2 : 0.3041"
"2,4 : 0.1581"
"4,2 : 0.1581"
"2,5 : 0.3764"
"5,2 : 0.3764"
"2,6 : 0.0583"
"6,2 : 0.0583"
"2,7 : 0.7187"
"7,2 : 0.7187"
"2,8 : 0.464"
"8,2 : 0.464"
"2,9 : 0.7325"
"9,2 : 0.7325"
"2,10 : 0.4934"
"10,2 : 0.4934"
"2,11 : 0.3324"
"11,2 : 0.3324"
"2,12 : 0.413"
"12,2 : 0.413"
"2,13 : 0.5382"
"13,2 : 0.5382"
"2,14 : 0.3905"
"14,2 : 0.3905"
"2,15 : 0.5544"
"15,2 : 0.5544"
"2,16 : 0.6389"
"16,2 : 0.6389"
"2,17 : 0.7669"
"17,2 : 0.7669"
"2,18 : 0.2193"
"18,2 : 0.2193"
"2,19 : 0.1942"
"19,2 : 0.1942"
"2,20 : 0.2912"
"20,2 : 0.2912"
"2,21 : 0.1924"
"21,2 : 0.1924"
"2,22 : 0.3384"
"22,2 : 0.3384"
"2,23 : 0.47"
"23,2 : 0.47"
"2,24 : 0.6935"
"24,2 : 0.6935"
"2,25 : 0.4176"
"25,2 : 0.4176"
"2,26 : 0.6963"
"26,2 : 0.6963"
"2,27 : 0.611"
"27,2 : 0.611"
"2,28 : 0.228"
"28,2 : 0.228"
"2,29 : 0.5968"
"29,2 : 0.5968"
"2,30 : 0.9301"
"30,2 : 0.9301"
"2,31 : 0.5566"
"31,2 : 0.5566"
"2,32 : 0.542"
"32,2 : 0.542"
"2,33 : 0.8458"
"33,2 : 0.8458"
"2,34 : 0.4924"
"34,2 : 0.4924"
"2,35 : 0.2702"
"35,2 : 0.2702"
"2,36 : 0.1"
"36,2 : 0.1"
"2,37 : 0.2343"
"37,2 : 0.2343"
"2,38 : 0.2843"
"38,2 : 0.2843"
"2,39 : 0.4105"
"39,2 : 0.4105"
"2,40 : 0.322"
"40,2 : 0.322"
"2,41 : 0.5033"
"41,2 : 0.5033"
"2,42 : 0.8273"
"42,2 : 0.8273"
"2,43 : 0.6992"
"43,2 : 0.6992"
"2,44 : 0.3941"
"44,2 : 0.3941"
"2,45 : 0.65"
"45,2 : 0.65"
"2,46 : 0.7106"
"46,2 : 0.7106"
"2,47 : 0.4384"
"47,2 : 0.4384"
"2,48 : 0.3677"
"48,2 : 0.3677"
"2,49 : 0.1789"
"49,2 : 0.1789"
"2,50 : 0.4904"
"50,2 : 0.4904"
"2,51 : 0.4614"
"51,2 : 0.4614"
"2,52 : 0.5842"
"52,2 : 0.5842"
"2,53 : 0.7433"
"53,2 : 0.7433"
"2,54 : 0.0412"
"54,2 : 0.0412"
"2,55 : 0.9605"
"55,2 : 0.9605"
"2,56 : 0.1664"
"56,2 : 0.1664"
"2,57 : 0.3002"
"57,2 : 0.3002"
"2,58 : 0.8919"
"58,2 : 0.8919"
"2,59 : 0.1487"
"59,2 : 0.1487"
"2,60 : 0.5636"
"60,2 : 0.5636"
"2,61 : 0.3513"
"61,2 : 0.3513"
"2,62 : 0.6745"
"62,2 : 0.6745"
"2,63 : 0.1404"
"63,2 : 0.1404"
"2,64 : 0.6046"
"64,2 : 0.6046"
"2,65 : 0.1649"
"65,2 : 0.1649"
"2,66 : 0.6803"
"66,2 : 0.6803"
"2,67 : 0.4245"
"67,2 : 0.4245"
"2,68 : 0.24"
"68,2 : 0.24"
"2,69 : 0.2625"
"69,2 : 0.2625"
"2,70 : 0.3493"
"70,2 : 0.3493"
"2,71 : 0.2807"
"71,2 : 0.2807"
"2,72 : 0.7606"
"72,2 : 0.7606"
"2,73 : 0.5771"
"73,2 : 0.5771"
"2,74 : 0.3511"
"74,2 : 0.3511"
"2,75 : 0.4771"
"75,2 : 0.4771"
"2,76 : 0.6379"
"76,2 : 0.6379"
"2,77 : 0.2119"
"77,2 : 0.2119"
"2,78 : 0.1697"
"78,2 : 0.1697"
"2,79 : 0.5544"
"79,2 : 0.5544"
"2,80 : 0.3396"
"80,2 : 0.3396"
"2,81 : 0.2433"
"81,2 : 0.2433"
"2,82 : 0.2997"
"82,2 : 0.2997"
"2,83 : 0.4804"
"83,2 : 0.4804"
"2,84 : 0.3276"
"84,2 : 0.3276"
"2,85 : 0.542"
"85,2 : 0.542"
"2,86 : 0.3711"
"86,2 : 0.3711"
"2,87 : 0.6438"
"87,2 : 0.6438"
"2,88 : 0.5142"
"88,2 : 0.5142"
"2,89 : 0.6277"
"89,2 : 0.6277"
"2,90 : 0.6613"
"90,2 : 0.6613"
"2,91 : 0.1903"
"91,2 : 0.1903"
"2,92 : 0.4531"
"92,2 : 0.4531"
"2,93 : 0.246"
"93,2 : 0.246"
"2,94 : 0.6313"
"94,2 : 0.6313"
"2,95 : 0.3932"
"95,2 : 0.3932"
"2,96 : 0.2617"
"96,2 : 0.2617"
"2,97 : 0.592"
"97,2 : 0.592"
"2,98 : 0.1503"
"98,2 : 0.1503"
"2,99 : 0.1342"
"99,2 : 0.1342"
"3,4 : 0.15"
"4,3 : 0.15"
"3,5 : 0.5798"
"5,3 : 0.5798"
"3,6 : 0.3448"
"6,3 : 0.3448"
"3,7 : 0.9121"
"7,3 : 0.9121"
"3,8 : 0.4205"
"8,3 : 0.4205"
"3,9 : 0.676"
"9,3 : 0.676"
"3,10 : 0.5412"
"10,3 : 0.5412"
"3,11 : 0.4025"
"11,3 : 0.4025"
"3,12 : 0.1487"
"12,3 : 0.1487"
"3,13 : 0.4901"
"13,3 : 0.4901"
"3,14 : 0.5215"
"14,3 : 0.5215"
"3,15 : 0.7049"
"15,3 : 0.7049"
"3,16 : 0.3401"
"16,3 : 0.3401"
"3,17 : 0.9228"
"17,3 : 0.9228"
"3,18 : 0.5016"
"18,3 : 0.5016"
"3,19 : 0.4162"
"19,3 : 0.4162"
"3,20 : 0.5944"
"20,3 : 0.5944"
"3,21 : 0.4904"
"21,3 : 0.4904"
"3,22 : 0.6403"
"22,3 : 0.6403"
"3,23 : 0.6003"
"23,3 : 0.6003"
"3,24 : 0.4904"
"24,3 : 0.4904"
"3,25 : 0.6155"
"25,3 : 0.6155"
"3,26 : 0.628"
"26,3 : 0.628"
"3,27 : 0.3818"
"27,3 : 0.3818"
"3,28 : 0.5201"
"28,3 : 0.5201"
"3,29 : 0.322"
"29,3 : 0.322"
"3,30 : 0.8382"
"30,3 : 0.8382"
"3,31 : 0.2594"
"31,3 : 0.2594"
"3,32 : 0.7716"
"32,3 : 0.7716"
"3,33 : 0.8215"
"33,3 : 0.8215"
"3,34 : 0.2408"
"34,3 : 0.2408"
"3,35 : 0.4455"
"35,3 : 0.4455"
"3,36 : 0.4031"
"36,3 : 0.4031"
"3,37 : 0.52"
"37,3 : 0.52"
"3,38 : 0.536"
"38,3 : 0.536"
"3,39 : 0.2828"
"39,3 : 0.2828"
"3,40 : 0.3289"
"40,3 : 0.3289"
"3,41 : 0.7628"
"41,3 : 0.7628"
"3,42 : 0.6986"
"42,3 : 0.6986"
"3,43 : 0.8766"
"43,3 : 0.8766"
"3,44 : 0.6803"
"44,3 : 0.6803"
"3,45 : 0.8769"
"45,3 : 0.8769"
"3,46 : 0.6185"
"46,3 : 0.6185"
"3,47 : 0.7083"
"47,3 : 0.7083"
"3,48 : 0.1942"
"48,3 : 0.1942"
"3,49 : 0.191"
"49,3 : 0.191"
"3,50 : 0.7463"
"50,3 : 0.7463"
"3,51 : 0.2973"
"51,3 : 0.2973"
"3,52 : 0.3046"
"52,3 : 0.3046"
"3,53 : 0.679"
"53,3 : 0.679"
"3,54 : 0.3102"
"54,3 : 0.3102"
"3,55 : 0.8544"
"55,3 : 0.8544"
"3,56 : 0.4418"
"56,3 : 0.4418"
"3,57 : 0.4675"
"57,3 : 0.4675"
"3,58 : 0.8336"
"58,3 : 0.8336"
"3,59 : 0.16"
"59,3 : 0.16"
"3,60 : 0.7849"
"60,3 : 0.7849"
"3,61 : 0.5186"
"61,3 : 0.5186"
"3,62 : 0.8488"
"62,3 : 0.8488"
"3,63 : 0.1709"
"63,3 : 0.1709"
"3,64 : 0.5515"
"64,3 : 0.5515"
"3,65 : 0.1404"
"65,3 : 0.1404"
"3,66 : 0.6703"
"66,3 : 0.6703"
"3,67 : 0.4977"
"67,3 : 0.4977"
"3,68 : 0.0781"
"68,3 : 0.0781"
"3,69 : 0.1393"
"69,3 : 0.1393"
"3,70 : 0.191"
"70,3 : 0.191"
"3,71 : 0.4597"
"71,3 : 0.4597"
"3,72 : 0.6042"
"72,3 : 0.6042"
"3,73 : 0.3828"
"73,3 : 0.3828"
"3,74 : 0.4205"
"74,3 : 0.4205"
"3,75 : 0.3257"
"75,3 : 0.3257"
"3,76 : 0.3774"
"76,3 : 0.3774"
"3,77 : 0.3397"
"77,3 : 0.3397"
"3,78 : 0.4531"
"78,3 : 0.4531"
"3,79 : 0.808"
"79,3 : 0.808"
"3,80 : 0.0424"
"80,3 : 0.0424"
"3,81 : 0.5401"
"81,3 : 0.5401"
"3,82 : 0.5756"
"82,3 : 0.5756"
"3,83 : 0.1931"
"83,3 : 0.1931"
"3,84 : 0.5233"
"84,3 : 0.5233"
"3,85 : 0.5209"
"85,3 : 0.5209"
"3,86 : 0.1523"
"86,3 : 0.1523"
"3,87 : 0.5385"
"87,3 : 0.5385"
"3,88 : 0.2625"
"88,3 : 0.2625"
"3,89 : 0.8559"
"89,3 : 0.8559"
"3,90 : 0.6736"
"90,3 : 0.6736"
"3,91 : 0.117"
"91,3 : 0.117"
"3,92 : 0.1697"
"92,3 : 0.1697"
"3,93 : 0.1789"
"93,3 : 0.1789"
"3,94 : 0.494"
"94,3 : 0.494"
"3,95 : 0.09"
"95,3 : 0.09"
"3,96 : 0.5604"
"96,3 : 0.5604"
"3,97 : 0.6356"
"97,3 : 0.6356"
"3,98 : 0.3523"
"98,3 : 0.3523"
"3,99 : 0.4201"
"99,3 : 0.4201"
"4,5 : 0.4855"
"5,4 : 0.4855"
"4,6 : 0.2059"
"6,4 : 0.2059"
"4,7 : 0.8286"
"7,4 : 0.8286"
"4,8 : 0.4397"
"8,4 : 0.4397"
"4,9 : 0.7117"
"9,4 : 0.7117"
"4,10 : 0.52"
"10,4 : 0.52"
"4,11 : 0.3612"
"11,4 : 0.3612"
"4,12 : 0.2786"
"12,4 : 0.2786"
"4,13 : 0.5155"
"13,4 : 0.5155"
"4,14 : 0.4588"
"14,4 : 0.4588"
"4,15 : 0.6391"
"15,4 : 0.6391"
"4,16 : 0.4808"
"16,4 : 0.4808"
"4,17 : 0.858"
"17,4 : 0.858"
"4,18 : 0.3523"
"18,4 : 0.3523"
"4,19 : 0.3061"
"19,4 : 0.3061"
"4,20 : 0.4492"
"20,4 : 0.4492"
"4,21 : 0.3406"
"21,4 : 0.3406"
"4,22 : 0.4965"
"22,4 : 0.4965"
"4,23 : 0.5412"
"23,4 : 0.5412"
"4,24 : 0.5967"
"24,4 : 0.5967"
"4,25 : 0.5248"
"25,4 : 0.5248"
"4,26 : 0.6685"
"26,4 : 0.6685"
"4,27 : 0.4993"
"27,4 : 0.4993"
"4,28 : 0.3701"
"28,4 : 0.3701"
"4,29 : 0.4617"
"29,4 : 0.4617"
"4,30 : 0.8944"
"30,4 : 0.8944"
"4,31 : 0.3985"
"31,4 : 0.3985"
"4,32 : 0.6684"
"32,4 : 0.6684"
"4,33 : 0.844"
"33,4 : 0.844"
"4,34 : 0.3667"
"34,4 : 0.3667"
"4,35 : 0.3578"
"35,4 : 0.3578"
"4,36 : 0.255"
"36,4 : 0.255"
"4,37 : 0.3859"
"37,4 : 0.3859"
"4,38 : 0.3922"
"38,4 : 0.3922"
"4,39 : 0.3384"
"39,4 : 0.3384"
"4,40 : 0.3126"
"40,4 : 0.3126"
"4,41 : 0.6444"
"41,4 : 0.6444"
"4,42 : 0.771"
"42,4 : 0.771"
"4,43 : 0.8006"
"43,4 : 0.8006"
"4,44 : 0.5471"
"44,4 : 0.5471"
"4,45 : 0.7762"
"45,4 : 0.7762"
"4,46 : 0.6708"
"46,4 : 0.6708"
"4,47 : 0.5841"
"47,4 : 0.5841"
"4,48 : 0.2687"
"48,4 : 0.2687"
"4,49 : 0.1304"
"49,4 : 0.1304"
"4,50 : 0.6297"
"50,4 : 0.6297"
"4,51 : 0.3754"
"51,4 : 0.3754"
"4,52 : 0.4464"
"52,4 : 0.4464"
"4,53 : 0.7187"
"53,4 : 0.7187"
"4,54 : 0.1603"
"54,4 : 0.1603"
"4,55 : 0.9179"
"55,4 : 0.9179"
"4,56 : 0.2927"
"56,4 : 0.2927"
"4,57 : 0.3848"
"57,4 : 0.3848"
"4,58 : 0.8732"
"58,4 : 0.8732"
"4,59 : 0.01"
"59,4 : 0.01"
"4,60 : 0.686"
"60,4 : 0.686"
"4,61 : 0.4386"
"61,4 : 0.4386"
"4,62 : 0.7739"
"62,4 : 0.7739"
"4,63 : 0.0608"
"63,4 : 0.0608"
"4,64 : 0.5819"
"64,4 : 0.5819"
"4,65 : 0.0141"
"65,4 : 0.0141"
"4,66 : 0.6825"
"66,4 : 0.6825"
"4,67 : 0.4617"
"67,4 : 0.4617"
"4,68 : 0.103"
"68,4 : 0.103"
"4,69 : 0.164"
"69,4 : 0.164"
"4,70 : 0.255"
"70,4 : 0.255"
"4,71 : 0.3712"
"71,4 : 0.3712"
"4,72 : 0.6888"
"72,4 : 0.6888"
"4,73 : 0.4817"
"73,4 : 0.4817"
"4,74 : 0.3812"
"74,4 : 0.3812"
"4,75 : 0.3982"
"75,4 : 0.3982"
"4,76 : 0.5108"
"76,4 : 0.5108"
"4,77 : 0.2625"
"77,4 : 0.2625"
"4,78 : 0.3191"
"78,4 : 0.3191"
"4,79 : 0.6931"
"79,4 : 0.6931"
"4,80 : 0.1825"
"80,4 : 0.1825"
"4,81 : 0.3901"
"81,4 : 0.3901"
"4,82 : 0.4276"
"82,4 : 0.4276"
"4,83 : 0.3373"
"83,4 : 0.3373"
"4,84 : 0.4305"
"84,4 : 0.4305"
"4,85 : 0.5337"
"85,4 : 0.5337"
"4,86 : 0.2524"
"86,4 : 0.2524"
"4,87 : 0.5954"
"87,4 : 0.5954"
"4,88 : 0.3891"
"88,4 : 0.3891"
"4,89 : 0.7543"
"89,4 : 0.7543"
"4,90 : 0.6748"
"90,4 : 0.6748"
"4,91 : 0.0566"
"91,4 : 0.0566"
"4,92 : 0.2955"
"92,4 : 0.2955"
"4,93 : 0.1746"
"93,4 : 0.1746"
"4,94 : 0.5661"
"94,4 : 0.5661"
"4,95 : 0.24"
"95,4 : 0.24"
"4,96 : 0.4105"
"96,4 : 0.4105"
"4,97 : 0.6201"
"97,4 : 0.6201"
"4,98 : 0.2441"
"98,4 : 0.2441"
"4,99 : 0.2702"
"99,4 : 0.2702"
"5,6 : 0.3202"
"6,5 : 0.3202"
"5,7 : 0.3444"
"7,5 : 0.3444"
"5,8 : 0.3901"
"8,5 : 0.3901"
"5,9 : 0.5636"
"9,5 : 0.5636"
"5,10 : 0.2823"
"10,5 : 0.2823"
"5,11 : 0.2354"
"11,5 : 0.2354"
"5,12 : 0.6054"
"12,5 : 0.6054"
"5,13 : 0.4276"
"13,5 : 0.4276"
"5,14 : 0.1334"
"14,5 : 0.1334"
"5,15 : 0.1942"
"15,5 : 0.1942"
"5,16 : 0.906"
"16,5 : 0.906"
"5,17 : 0.3932"
"17,5 : 0.3932"
"5,18 : 0.4589"
"18,5 : 0.4589"
"5,19 : 0.1838"
"19,5 : 0.1838"
"5,20 : 0.3276"
"20,5 : 0.3276"
"5,21 : 0.3981"
"21,5 : 0.3981"
"5,22 : 0.3265"
"22,5 : 0.3265"
"5,23 : 0.1556"
"23,5 : 0.1556"
"5,24 : 0.7206"
"24,5 : 0.7206"
"5,25 : 0.0412"
"25,5 : 0.0412"
"5,26 : 0.5515"
"26,5 : 0.5515"
"5,27 : 0.6943"
"27,5 : 0.6943"
"5,28 : 0.4342"
"28,5 : 0.4342"
"5,29 : 0.7503"
"29,5 : 0.7503"
"5,30 : 0.7666"
"30,5 : 0.7666"
"5,31 : 0.831"
"31,5 : 0.831"
"5,32 : 0.1942"
"32,5 : 0.1942"
"5,33 : 0.6162"
"33,5 : 0.6162"
"5,34 : 0.6408"
"34,5 : 0.6408"
"5,35 : 0.1345"
"35,5 : 0.1345"
"5,36 : 0.3601"
"36,5 : 0.3601"
"5,37 : 0.2214"
"37,5 : 0.2214"
"5,38 : 0.5511"
"38,5 : 0.5511"
"5,39 : 0.4684"
"39,5 : 0.4684"
"5,40 : 0.3162"
"40,5 : 0.3162"
"5,41 : 0.2209"
"41,5 : 0.2209"
"5,42 : 0.7273"
"42,5 : 0.7273"
"5,43 : 0.3228"
"43,5 : 0.3228"
"5,44 : 0.247"
"44,5 : 0.247"
"5,45 : 0.2973"
"45,5 : 0.2973"
"5,46 : 0.5914"
"46,5 : 0.5914"
"5,47 : 0.2062"
"47,5 : 0.2062"
"5,48 : 0.5009"
"48,5 : 0.5009"
"5,49 : 0.389"
"49,5 : 0.389"
"5,50 : 0.201"
"50,5 : 0.201"
"5,51 : 0.5263"
"51,5 : 0.5263"
"5,52 : 0.7485"
"52,5 : 0.7485"
"5,53 : 0.5814"
"53,5 : 0.5814"
"5,54 : 0.4123"
"54,5 : 0.4123"
"5,55 : 0.8101"
"55,5 : 0.8101"
"5,56 : 0.451"
"56,5 : 0.451"
"5,57 : 0.1166"
"57,5 : 0.1166"
"5,58 : 0.694"
"58,5 : 0.694"
"5,59 : 0.4802"
"59,5 : 0.4802"
"5,60 : 0.2052"
"60,5 : 0.2052"
"5,61 : 0.0806"
"61,5 : 0.0806"
"5,62 : 0.2983"
"62,5 : 0.2983"
"5,63 : 0.4301"
"63,5 : 0.4301"
"5,64 : 0.4713"
"64,5 : 0.4713"
"5,65 : 0.4826"
"65,5 : 0.4826"
"5,66 : 0.4687"
"66,5 : 0.4687"
"5,67 : 0.2256"
"67,5 : 0.2256"
"5,68 : 0.5021"
"68,5 : 0.5021"
"5,69 : 0.4561"
"69,5 : 0.4561"
"5,70 : 0.483"
"70,5 : 0.483"
"5,71 : 0.1204"
"71,5 : 0.1204"
"5,72 : 0.7102"
"72,5 : 0.7102"
"5,73 : 0.6265"
"73,5 : 0.6265"
"5,74 : 0.2319"
"74,5 : 0.2319"
"5,75 : 0.5197"
"75,5 : 0.5197"
"5,76 : 0.7596"
"76,5 : 0.7596"
"5,77 : 0.2408"
"77,5 : 0.2408"
"5,78 : 0.2402"
"78,5 : 0.2402"
"5,79 : 0.25"
"79,5 : 0.25"
"5,80 : 0.6223"
"80,5 : 0.6223"
"5,81 : 0.4206"
"81,5 : 0.4206"
"5,82 : 0.5155"
"82,5 : 0.5155"
"5,83 : 0.681"
"83,5 : 0.681"
"5,84 : 0.0566"
"84,5 : 0.0566"
"5,85 : 0.3956"
"85,5 : 0.3956"
"5,86 : 0.542"
"86,5 : 0.542"
"5,87 : 0.5609"
"87,5 : 0.5609"
"5,88 : 0.6555"
"88,5 : 0.6555"
"5,89 : 0.2766"
"89,5 : 0.2766"
"5,90 : 0.428"
"90,5 : 0.428"
"5,91 : 0.4763"
"91,5 : 0.4763"
"5,92 : 0.7495"
"92,5 : 0.7495"
"5,93 : 0.414"
"93,5 : 0.414"
"5,94 : 0.5921"
"94,5 : 0.5921"
"5,95 : 0.6466"
"95,5 : 0.6466"
"5,96 : 0.4179"
"96,5 : 0.4179"
"5,97 : 0.3421"
"97,5 : 0.3421"
"5,98 : 0.2419"
"98,5 : 0.2419"
"5,99 : 0.4201"
"99,5 : 0.4201"
"6,7 : 0.6613"
"7,6 : 0.6613"
"6,8 : 0.4455"
"8,6 : 0.4455"
"6,9 : 0.708"
"9,6 : 0.708"
"6,10 : 0.4569"
"10,6 : 0.4569"
"6,11 : 0.3002"
"11,6 : 0.3002"
"6,12 : 0.44"
"12,6 : 0.44"
"6,13 : 0.5174"
"13,6 : 0.5174"
"6,14 : 0.3437"
"14,6 : 0.3437"
"6,15 : 0.5016"
"15,6 : 0.5016"
"6,16 : 0.6835"
"16,6 : 0.6835"
"6,17 : 0.712"
"17,6 : 0.712"
"6,18 : 0.2202"
"18,6 : 0.2202"
"6,19 : 0.1404"
"19,6 : 0.1404"
"6,20 : 0.2518"
"20,6 : 0.2518"
"6,21 : 0.1789"
"21,6 : 0.1789"
"6,22 : 0.2961"
"22,6 : 0.2961"
"6,23 : 0.4211"
"23,6 : 0.4211"
"6,24 : 0.6986"
"24,6 : 0.6986"
"6,25 : 0.3614"
"25,6 : 0.3614"
"6,26 : 0.6748"
"26,6 : 0.6748"
"6,27 : 0.6236"
"27,6 : 0.6236"
"6,28 : 0.2195"
"28,6 : 0.2195"
"6,29 : 0.6213"
"29,6 : 0.6213"
"6,30 : 0.9091"
"30,6 : 0.9091"
"6,31 : 0.6017"
"31,6 : 0.6017"
"6,32 : 0.4837"
"32,6 : 0.4837"
"6,33 : 0.8141"
"33,6 : 0.8141"
"6,34 : 0.5135"
"34,6 : 0.5135"
"6,35 : 0.2209"
"35,6 : 0.2209"
"6,36 : 0.086"
"36,6 : 0.086"
"6,37 : 0.1803"
"37,6 : 0.1803"
"6,38 : 0.2983"
"38,6 : 0.2983"
"6,39 : 0.4115"
"39,6 : 0.4115"
"6,40 : 0.3041"
"40,6 : 0.3041"
"6,41 : 0.446"
"41,6 : 0.446"
"6,42 : 0.8147"
"42,6 : 0.8147"
"6,43 : 0.6429"
"43,6 : 0.6429"
"6,44 : 0.3413"
"44,6 : 0.3413"
"6,45 : 0.5917"
"45,6 : 0.5917"
"6,46 : 0.6931"
"46,6 : 0.6931"
"6,47 : 0.3821"
"47,6 : 0.3821"
"6,48 : 0.3808"
"48,6 : 0.3808"
"6,49 : 0.1924"
"49,6 : 0.1924"
"6,50 : 0.4328"
"50,6 : 0.4328"
"6,51 : 0.4662"
"51,6 : 0.4662"
"6,52 : 0.6103"
"52,6 : 0.6103"
"6,53 : 0.7201"
"53,6 : 0.7201"
"6,54 : 0.0922"
"54,6 : 0.0922"
"6,55 : 0.9418"
"55,6 : 0.9418"
"6,56 : 0.178"
"56,6 : 0.178"
"6,57 : 0.2508"
"57,6 : 0.2508"
"6,58 : 0.8653"
"58,6 : 0.8653"
"6,59 : 0.1972"
"59,6 : 0.1972"
"6,60 : 0.5054"
"60,6 : 0.5054"
"6,61 : 0.3"
"61,6 : 0.3"
"6,62 : 0.6185"
"62,6 : 0.6185"
"6,63 : 0.1746"
"63,6 : 0.1746"
"6,64 : 0.5826"
"64,6 : 0.5826"
"6,65 : 0.2102"
"65,6 : 0.2102"
"6,66 : 0.6488"
"66,6 : 0.6488"
"6,67 : 0.3863"
"67,6 : 0.3863"
"6,68 : 0.2746"
"68,6 : 0.2746"
"6,69 : 0.2816"
"69,6 : 0.2816"
"6,70 : 0.3614"
"70,6 : 0.3614"
"6,71 : 0.2302"
"71,6 : 0.2302"
"6,72 : 0.7545"
"72,6 : 0.7545"
"6,73 : 0.5831"
"73,6 : 0.5831"
"6,74 : 0.3176"
"74,6 : 0.3176"
"6,75 : 0.4785"
"75,6 : 0.4785"
"6,76 : 0.6576"
"76,6 : 0.6576"
"6,77 : 0.1803"
"77,6 : 0.1803"
"6,78 : 0.114"
"78,6 : 0.114"
"6,79 : 0.4968"
"79,6 : 0.4968"
"6,80 : 0.3828"
"80,6 : 0.3828"
"6,81 : 0.2285"
"81,6 : 0.2285"
"6,82 : 0.3"
"82,6 : 0.3"
"6,83 : 0.5109"
"83,6 : 0.5109"
"6,84 : 0.2729"
"84,6 : 0.2729"
"6,85 : 0.5161"
"85,6 : 0.5161"
"6,86 : 0.392"
"86,6 : 0.392"
"6,87 : 0.6303"
"87,6 : 0.6303"
"6,88 : 0.5346"
"88,6 : 0.5346"
"6,89 : 0.5694"
"89,6 : 0.5694"
"6,90 : 0.6265"
"90,6 : 0.6265"
"6,91 : 0.228"
"91,6 : 0.228"
"6,92 : 0.5009"
"92,6 : 0.5009"
"6,93 : 0.2571"
"93,6 : 0.2571"
"6,94 : 0.6243"
"94,6 : 0.6243"
"6,95 : 0.4317"
"95,6 : 0.4317"
"6,96 : 0.2435"
"96,6 : 0.2435"
"6,97 : 0.5536"
"97,6 : 0.5536"
"6,98 : 0.1077"
"98,6 : 0.1077"
"6,99 : 0.1421"
"99,6 : 0.1421"
"7,8 : 0.6177"
"8,7 : 0.6177"
"7,9 : 0.6519"
"9,7 : 0.6519"
"7,10 : 0.4562"
"10,7 : 0.4562"
"7,11 : 0.5235"
"11,7 : 0.5235"
"7,12 : 0.9129"
"12,7 : 0.9129"
"7,13 : 0.6147"
"13,7 : 0.6147"
"7,14 : 0.396"
"14,7 : 0.396"
"7,15 : 0.2247"
"15,7 : 0.2247"
"7,16 : 1.2233"
"16,7 : 1.2233"
"7,17 : 0.1281"
"17,7 : 0.1281"
"7,18 : 0.7624"
"18,7 : 0.7624"
"7,19 : 0.528"
"19,7 : 0.528"
"7,20 : 0.5903"
"20,7 : 0.5903"
"7,21 : 0.7035"
"21,7 : 0.7035"
"7,22 : 0.5632"
"22,7 : 0.5632"
"7,23 : 0.328"
"23,7 : 0.328"
"7,24 : 0.9341"
"24,7 : 0.9341"
"7,25 : 0.3041"
"25,7 : 0.3041"
"7,26 : 0.6675"
"26,7 : 0.6675"
"7,27 : 0.9441"
"27,7 : 0.9441"
"7,28 : 0.7311"
"28,7 : 0.7311"
"7,29 : 1.029"
"29,7 : 1.029"
"7,30 : 0.8139"
"30,7 : 0.8139"
"7,31 : 1.1531"
"31,7 : 1.1531"
"7,32 : 0.2002"
"32,7 : 0.2002"
"7,33 : 0.6181"
"33,7 : 0.6181"
"7,34 : 0.928"
"34,7 : 0.928"
"7,35 : 0.4717"
"35,7 : 0.4717"
"7,36 : 0.6888"
"36,7 : 0.6888"
"7,37 : 0.5261"
"37,7 : 0.5261"
"7,38 : 0.8509"
"38,7 : 0.8509"
"7,39 : 0.744"
"39,7 : 0.744"
"7,40 : 0.6088"
"40,7 : 0.6088"
"7,41 : 0.2983"
"41,7 : 0.2983"
"7,42 : 0.8438"
"42,7 : 0.8438"
"7,43 : 0.06"
"43,7 : 0.06"
"7,44 : 0.4441"
"44,7 : 0.4441"
"7,45 : 0.1304"
"45,7 : 0.1304"
"7,46 : 0.7201"
"46,7 : 0.7201"
"7,47 : 0.3635"
"47,7 : 0.3635"
"7,48 : 0.8006"
"48,7 : 0.8006"
"7,49 : 0.7242"
"49,7 : 0.7242"
"7,50 : 0.2943"
"50,7 : 0.2943"
"7,51 : 0.7932"
"51,7 : 0.7932"
"7,52 : 1.0323"
"52,7 : 1.0323"
"7,53 : 0.6719"
"53,7 : 0.6719"
"7,54 : 0.7527"
"54,7 : 0.7527"
"7,55 : 0.8637"
"55,7 : 0.8637"
"7,56 : 0.7694"
"56,7 : 0.7694"
"7,57 : 0.4465"
"57,7 : 0.4465"
"7,58 : 0.717"
"58,7 : 0.717"
"7,59 : 0.8237"
"59,7 : 0.8237"
"7,60 : 0.17"
"60,7 : 0.17"
"7,61 : 0.3941"
"61,7 : 0.3941"
"7,62 : 0.0825"
"62,7 : 0.0825"
"7,63 : 0.7718"
"63,7 : 0.7718"
"7,64 : 0.6236"
"64,7 : 0.6236"
"7,65 : 0.8249"
"65,7 : 0.8249"
"7,66 : 0.5423"
"66,7 : 0.5423"
"7,67 : 0.4522"
"67,7 : 0.4522"
"7,68 : 0.836"
"68,7 : 0.836"
"7,69 : 0.7799"
"69,7 : 0.7799"
"7,70 : 0.7857"
"70,7 : 0.7857"
"7,71 : 0.4579"
"71,7 : 0.4579"
"7,72 : 0.871"
"72,7 : 0.871"
"7,73 : 0.8677"
"73,7 : 0.8677"
"7,74 : 0.5099"
"74,7 : 0.5099"
"7,75 : 0.777"
"75,7 : 0.777"
"7,76 : 1.0222"
"76,7 : 1.0222"
"7,77 : 0.5743"
"77,7 : 0.5743"
"7,78 : 0.5675"
"78,7 : 0.5675"
"7,79 : 0.2563"
"79,7 : 0.2563"
"7,80 : 0.9543"
"80,7 : 0.9543"
"7,81 : 0.7103"
"81,7 : 0.7103"
"7,82 : 0.8001"
"82,7 : 0.8001"
"7,83 : 0.9849"
"83,7 : 0.9849"
"7,84 : 0.3982"
"84,7 : 0.3982"
"7,85 : 0.5665"
"85,7 : 0.5665"
"7,86 : 0.849"
"86,7 : 0.849"
"7,87 : 0.728"
"87,7 : 0.728"
"7,88 : 0.9381"
"88,7 : 0.9381"
"7,89 : 0.1432"
"89,7 : 0.1432"
"7,90 : 0.4925"
"90,7 : 0.4925"
"7,91 : 0.8154"
"91,7 : 0.8154"
"7,92 : 1.0807"
"92,7 : 1.0807"
"7,93 : 0.7376"
"93,7 : 0.7376"
"7,94 : 0.7843"
"94,7 : 0.7843"
"7,95 : 0.97"
"95,7 : 0.97"
"7,96 : 0.7"
"96,7 : 0.7"
"7,97 : 0.4317"
"97,7 : 0.4317"
"7,98 : 0.5859"
"98,7 : 0.5859"
"7,99 : 0.7433"
"99,7 : 0.7433"
"8,9 : 0.2731"
"9,8 : 0.2731"
"8,10 : 0.164"
"10,8 : 0.164"
"8,11 : 0.1709"
"11,8 : 0.1709"
"8,12 : 0.3454"
"12,8 : 0.3454"
"8,13 : 0.0762"
"13,8 : 0.0762"
"8,14 : 0.2608"
"14,8 : 0.2608"
"8,15 : 0.3936"
"15,8 : 0.3936"
"8,16 : 0.65"
"16,8 : 0.65"
"8,17 : 0.5814"
"17,8 : 0.5814"
"8,18 : 0.6648"
"18,8 : 0.6648"
"8,19 : 0.3672"
"19,8 : 0.3672"
"8,20 : 0.6306"
"20,8 : 0.6306"
"8,21 : 0.6172"
"21,8 : 0.6172"
"8,22 : 0.6539"
"22,8 : 0.6539"
"8,23 : 0.2973"
"23,8 : 0.2973"
"8,24 : 0.3324"
"24,8 : 0.3324"
"8,25 : 0.4011"
"25,8 : 0.4011"
"8,26 : 0.2332"
"26,8 : 0.2332"
"8,27 : 0.3265"
"27,8 : 0.3265"
"8,28 : 0.6595"
"28,8 : 0.6595"
"8,29 : 0.4177"
"29,8 : 0.4177"
"8,30 : 0.4662"
"30,8 : 0.4662"
"8,31 : 0.5951"
"31,8 : 0.5951"
"8,32 : 0.559"
"32,8 : 0.559"
"8,33 : 0.4061"
"33,8 : 0.4061"
"8,34 : 0.328"
"34,8 : 0.328"
"8,35 : 0.3068"
"35,8 : 0.3068"
"8,36 : 0.5304"
"36,8 : 0.5304"
"8,37 : 0.5099"
"37,8 : 0.5099"
"8,38 : 0.7433"
"38,8 : 0.7433"
"8,39 : 0.1523"
"39,8 : 0.1523"
"8,40 : 0.1421"
"40,8 : 0.1421"
"8,41 : 0.6101"
"41,8 : 0.6101"
"8,42 : 0.372"
"42,8 : 0.372"
"8,43 : 0.566"
"43,8 : 0.566"
"8,44 : 0.6161"
"44,8 : 0.6161"
"8,45 : 0.6389"
"45,8 : 0.6389"
"8,46 : 0.2476"
"46,8 : 0.2476"
"8,47 : 0.593"
"47,8 : 0.593"
"8,48 : 0.2377"
"48,8 : 0.2377"
"8,49 : 0.3138"
"49,8 : 0.3138"
"8,50 : 0.5901"
"50,8 : 0.5901"
"8,51 : 0.1844"
"51,8 : 0.1844"
"8,52 : 0.4243"
"52,8 : 0.4243"
"8,53 : 0.2818"
"53,8 : 0.2818"
"8,54 : 0.5022"
"54,8 : 0.5022"
"8,55 : 0.4968"
"55,8 : 0.4968"
"8,56 : 0.6229"
"56,8 : 0.6229"
"8,57 : 0.2983"
"57,8 : 0.2983"
"8,58 : 0.4346"
"58,8 : 0.4346"
"8,59 : 0.4427"
"59,8 : 0.4427"
"8,60 : 0.5554"
"60,8 : 0.5554"
"8,61 : 0.3106"
"61,8 : 0.3106"
"8,62 : 0.5385"
"62,8 : 0.5385"
"8,63 : 0.3863"
"63,8 : 0.3863"
"8,64 : 0.1432"
"64,8 : 0.1432"
"8,65 : 0.4272"
"65,8 : 0.4272"
"8,66 : 0.25"
"66,8 : 0.25"
"8,67 : 0.1746"
"67,8 : 0.1746"
"8,68 : 0.3722"
"68,8 : 0.3722"
"8,69 : 0.2915"
"69,8 : 0.2915"
"8,70 : 0.2335"
"70,8 : 0.2335"
"8,71 : 0.3132"
"71,8 : 0.3132"
"8,72 : 0.3289"
"72,8 : 0.3289"
"8,73 : 0.2508"
"73,8 : 0.2508"
"8,74 : 0.1649"
"74,8 : 0.1649"
"8,75 : 0.1628"
"75,8 : 0.1628"
"8,76 : 0.405"
"76,8 : 0.405"
"8,77 : 0.2702"
"77,8 : 0.2702"
"8,78 : 0.4717"
"78,8 : 0.4717"
"8,79 : 0.6329"
"79,8 : 0.6329"
"8,80 : 0.4528"
"80,8 : 0.4528"
"8,81 : 0.6622"
"81,8 : 0.6622"
"8,82 : 0.7433"
"82,8 : 0.7433"
"8,83 : 0.4031"
"83,8 : 0.4031"
"8,84 : 0.3536"
"84,8 : 0.3536"
"8,85 : 0.1005"
"85,8 : 0.1005"
"8,86 : 0.2912"
"86,8 : 0.2912"
"8,87 : 0.1887"
"87,8 : 0.1887"
"8,88 : 0.333"
"88,8 : 0.333"
"8,89 : 0.6236"
"89,8 : 0.6236"
"8,90 : 0.255"
"90,8 : 0.255"
"8,91 : 0.3905"
"91,8 : 0.3905"
"8,92 : 0.5579"
"92,8 : 0.5579"
"8,93 : 0.2668"
"93,8 : 0.2668"
"8,94 : 0.204"
"94,8 : 0.204"
"8,95 : 0.4342"
"95,8 : 0.4342"
"8,96 : 0.672"
"96,8 : 0.672"
"8,97 : 0.2332"
"97,8 : 0.2332"
"8,98 : 0.3483"
"98,8 : 0.3483"
"8,99 : 0.5873"
"99,8 : 0.5873"
"9,10 : 0.283"
"10,9 : 0.283"
"9,11 : 0.4111"
"11,9 : 0.4111"
"9,12 : 0.5704"
"12,9 : 0.5704"
"9,13 : 0.197"
"13,9 : 0.197"
"9,14 : 0.4357"
"14,9 : 0.4357"
"9,15 : 0.4653"
"15,9 : 0.4653"
"9,16 : 0.8393"
"16,9 : 0.8393"
"9,17 : 0.5652"
"17,9 : 0.5652"
"9,18 : 0.9231"
"18,9 : 0.9231"
"9,19 : 0.6081"
"19,9 : 0.6081"
"9,20 : 0.8605"
"20,9 : 0.8605"
"9,21 : 0.8711"
"21,9 : 0.8711"
"9,22 : 0.8742"
"22,9 : 0.8742"
"9,23 : 0.4179"
"23,9 : 0.4179"
"9,24 : 0.364"
"24,9 : 0.364"
"9,25 : 0.5554"
"25,9 : 0.5554"
"9,26 : 0.051"
"26,9 : 0.051"
"9,27 : 0.4386"
"27,9 : 0.4386"
"9,28 : 0.9135"
"28,9 : 0.9135"
"9,29 : 0.5665"
"29,9 : 0.5665"
"9,30 : 0.2062"
"30,9 : 0.2062"
"9,31 : 0.8023"
"31,9 : 0.8023"
"9,32 : 0.6768"
"32,9 : 0.6768"
"9,33 : 0.1552"
"33,9 : 0.1552"
"9,34 : 0.5179"
"34,9 : 0.5179"
"9,35 : 0.5315"
"35,9 : 0.5315"
"9,36 : 0.7903"
"36,9 : 0.7903"
"9,37 : 0.7388"
"37,9 : 0.7388"
"9,38 : 1.006"
"38,9 : 1.006"
"9,39 : 0.3932"
"39,9 : 0.3932"
"9,40 : 0.4118"
"40,9 : 0.4118"
"9,41 : 0.7589"
"41,9 : 0.7589"
"9,42 : 0.1924"
"42,9 : 0.1924"
"9,43 : 0.5921"
"43,9 : 0.5921"
"9,44 : 0.8101"
"44,9 : 0.8101"
"9,45 : 0.7225"
"45,9 : 0.7225"
"9,46 : 0.0922"
"46,9 : 0.0922"
"9,47 : 0.7656"
"47,9 : 0.7656"
"9,48 : 0.4826"
"48,9 : 0.4826"
"9,49 : 0.5869"
"49,9 : 0.5869"
"9,50 : 0.74"
"50,9 : 0.74"
"9,51 : 0.3901"
"51,9 : 0.3901"
"9,52 : 0.5819"
"52,9 : 0.5819"
"9,53 : 0.02"
"53,9 : 0.02"
"9,54 : 0.7718"
"54,9 : 0.7718"
"9,55 : 0.247"
"55,9 : 0.247"
"9,56 : 0.886"
"56,9 : 0.886"
"9,57 : 0.5122"
"57,9 : 0.5122"
"9,58 : 0.1616"
"58,9 : 0.1616"
"9,59 : 0.7151"
"59,9 : 0.7151"
"9,60 : 0.661"
"60,9 : 0.661"
"9,61 : 0.4993"
"61,9 : 0.4993"
"9,62 : 0.5708"
"62,9 : 0.5708"
"9,63 : 0.6592"
"63,9 : 0.6592"
"9,64 : 0.13"
"64,9 : 0.13"
"9,65 : 0.6989"
"65,9 : 0.6989"
"9,66 : 0.11"
"66,9 : 0.11"
"9,67 : 0.35"
"67,9 : 0.35"
"9,68 : 0.6379"
"68,9 : 0.6379"
"9,69 : 0.5579"
"69,9 : 0.5579"
"9,70 : 0.4851"
"70,9 : 0.4851"
"9,71 : 0.5326"
"71,9 : 0.5326"
"9,72 : 0.2441"
"72,9 : 0.2441"
"9,73 : 0.37"
"73,9 : 0.37"
"9,74 : 0.3962"
"74,9 : 0.3962"
"9,75 : 0.3601"
"75,9 : 0.3601"
"9,76 : 0.5233"
"76,9 : 0.5233"
"9,77 : 0.528"
"77,9 : 0.528"
"9,78 : 0.7142"
"78,9 : 0.7142"
"9,79 : 0.764"
"79,9 : 0.764"
"9,80 : 0.7026"
"80,9 : 0.7026"
"9,81 : 0.9124"
"81,9 : 0.9124"
"9,82 : 0.999"
"82,9 : 0.999"
"9,83 : 0.6067"
"83,9 : 0.6067"
"9,84 : 0.5492"
"84,9 : 0.5492"
"9,85 : 0.1921"
"85,9 : 0.1921"
"9,86 : 0.5308"
"86,9 : 0.5308"
"9,87 : 0.1581"
"87,9 : 0.1581"
"9,88 : 0.512"
"88,9 : 0.512"
"9,89 : 0.7145"
"89,9 : 0.7145"
"9,90 : 0.16"
"90,9 : 0.16"
"9,91 : 0.661"
"91,9 : 0.661"
"9,92 : 0.7906"
"92,9 : 0.7906"
"9,93 : 0.5376"
"93,9 : 0.5376"
"9,94 : 0.2285"
"94,9 : 0.2285"
"9,95 : 0.67"
"95,9 : 0.67"
"9,96 : 0.9192"
"96,9 : 0.9192"
"9,97 : 0.2354"
"97,9 : 0.2354"
"9,98 : 0.6044"
"98,9 : 0.6044"
"9,99 : 0.85"
"99,9 : 0.85"
"10,11 : 0.1628"
"11,10 : 0.1628"
"10,12 : 0.494"
"12,10 : 0.494"
"10,13 : 0.1628"
"13,10 : 0.1628"
"10,14 : 0.1526"
"14,10 : 0.1526"
"10,15 : 0.2341"
"15,10 : 0.2341"
"10,16 : 0.8045"
"16,10 : 0.8045"
"10,17 : 0.4177"
"17,10 : 0.4177"
"10,18 : 0.6604"
"18,10 : 0.6604"
"10,19 : 0.3384"
"19,10 : 0.3384"
"10,20 : 0.5805"
"20,10 : 0.5805"
"10,21 : 0.6046"
"21,10 : 0.6046"
"10,22 : 0.592"
"22,10 : 0.592"
"10,23 : 0.15"
"23,10 : 0.15"
"10,24 : 0.4808"
"24,10 : 0.4808"
"10,25 : 0.2789"
"25,10 : 0.2789"
"10,26 : 0.2693"
"26,10 : 0.2693"
"10,27 : 0.4888"
"27,10 : 0.4888"
"10,28 : 0.6464"
"28,10 : 0.6464"
"10,29 : 0.5814"
"29,10 : 0.5814"
"10,30 : 0.4883"
"30,10 : 0.4883"
"10,31 : 0.7443"
"31,10 : 0.7443"
"10,32 : 0.42"
"32,10 : 0.42"
"10,33 : 0.3606"
"33,10 : 0.3606"
"10,34 : 0.4884"
"34,10 : 0.4884"
"10,35 : 0.2561"
"35,10 : 0.2561"
"10,36 : 0.5324"
"36,10 : 0.5324"
"10,37 : 0.4597"
"37,10 : 0.4597"
"10,38 : 0.7479"
"38,10 : 0.7479"
"10,39 : 0.3061"
"39,10 : 0.3061"
"10,40 : 0.2138"
"40,10 : 0.2138"
"10,41 : 0.4884"
"41,10 : 0.4884"
"10,42 : 0.4464"
"42,10 : 0.4464"
"10,43 : 0.4031"
"43,10 : 0.4031"
"10,44 : 0.5277"
"44,10 : 0.5277"
"10,45 : 0.4884"
"45,10 : 0.4884"
"10,46 : 0.3105"
"46,10 : 0.3105"
"10,47 : 0.487"
"47,10 : 0.487"
"10,48 : 0.3808"
"48,10 : 0.3808"
"10,49 : 0.3901"
"49,10 : 0.3901"
"10,50 : 0.4687"
"50,10 : 0.4687"
"10,51 : 0.3466"
"51,10 : 0.3466"
"10,52 : 0.5873"
"52,10 : 0.5873"
"10,53 : 0.3002"
"53,10 : 0.3002"
"10,54 : 0.5345"
"54,10 : 0.5345"
"10,55 : 0.53"
"55,10 : 0.53"
"10,56 : 0.6306"
"56,10 : 0.6306"
"10,57 : 0.2335"
"57,10 : 0.2335"
"10,58 : 0.4243"
"58,10 : 0.4243"
"10,59 : 0.5201"
"59,10 : 0.5201"
"10,60 : 0.4111"
"60,10 : 0.4111"
"10,61 : 0.2163"
"61,10 : 0.2163"
"10,62 : 0.3759"
"62,10 : 0.3759"
"10,63 : 0.4601"
"63,10 : 0.4601"
"10,64 : 0.1924"
"64,10 : 0.1924"
"10,65 : 0.5101"
"65,10 : 0.5101"
"10,66 : 0.1985"
"66,10 : 0.1985"
"10,67 : 0.0721"
"67,10 : 0.0721"
"10,68 : 0.4785"
"68,10 : 0.4785"
"10,69 : 0.4026"
"69,10 : 0.4026"
"10,70 : 0.3712"
"70,10 : 0.3712"
"10,71 : 0.255"
"71,10 : 0.255"
"10,72 : 0.4401"
"72,10 : 0.4401"
"10,73 : 0.4118"
"73,10 : 0.4118"
"10,74 : 0.1432"
"74,10 : 0.1432"
"10,75 : 0.3265"
"75,10 : 0.3265"
"10,76 : 0.5686"
"76,10 : 0.5686"
"10,77 : 0.2816"
"77,10 : 0.2816"
"10,78 : 0.442"
"78,10 : 0.442"
"10,79 : 0.5016"
"79,10 : 0.5016"
"10,80 : 0.5787"
"80,10 : 0.5787"
"10,81 : 0.642"
"81,10 : 0.642"
"10,82 : 0.7324"
"82,10 : 0.7324"
"10,83 : 0.558"
"83,10 : 0.558"
"10,84 : 0.2663"
"84,10 : 0.2663"
"10,85 : 0.12"
"85,10 : 0.12"
"10,86 : 0.4342"
"86,10 : 0.4342"
"10,87 : 0.29"
"87,10 : 0.29"
"10,88 : 0.495"
"88,10 : 0.495"
"10,89 : 0.4752"
"89,10 : 0.4752"
"10,90 : 0.17"
"90,10 : 0.17"
"10,91 : 0.4817"
"91,10 : 0.4817"
"10,92 : 0.6946"
"92,10 : 0.6946"
"10,93 : 0.3667"
"93,10 : 0.3667"
"10,94 : 0.3354"
"94,10 : 0.3354"
"10,95 : 0.5727"
"95,10 : 0.5727"
"10,96 : 0.6466"
"96,10 : 0.6466"
"10,97 : 0.1005"
"97,10 : 0.1005"
"10,98 : 0.3493"
"98,10 : 0.3493"
"10,99 : 0.5948"
"99,10 : 0.5948"
"11,12 : 0.3895"
"12,11 : 0.3895"
"11,13 : 0.2302"
"13,11 : 0.2302"
"11,14 : 0.1281"
"14,11 : 0.1281"
"11,15 : 0.3061"
"15,11 : 0.3061"
"11,16 : 0.7001"
"16,11 : 0.7001"
"11,17 : 0.5215"
"17,11 : 0.5215"
"11,18 : 0.5122"
"18,11 : 0.5122"
"11,19 : 0.2"
"19,11 : 0.2"
"11,20 : 0.4614"
"20,11 : 0.4614"
"11,21 : 0.4601"
"21,11 : 0.4601"
"11,22 : 0.4833"
"22,11 : 0.4833"
"11,23 : 0.2"
"23,11 : 0.2"
"11,24 : 0.4904"
"24,11 : 0.4904"
"11,25 : 0.2563"
"25,11 : 0.2563"
"11,26 : 0.3821"
"26,11 : 0.3821"
"11,27 : 0.4589"
"27,11 : 0.4589"
"11,28 : 0.5025"
"28,11 : 0.5025"
"11,29 : 0.5189"
"29,11 : 0.5189"
"11,30 : 0.6152"
"30,11 : 0.6152"
"11,31 : 0.6313"
"31,11 : 0.6313"
"11,32 : 0.4215"
"32,11 : 0.4215"
"11,33 : 0.5143"
"33,11 : 0.5143"
"11,34 : 0.4118"
"34,11 : 0.4118"
"11,35 : 0.136"
"35,11 : 0.136"
"11,36 : 0.3801"
"36,11 : 0.3801"
"11,37 : 0.34"
"37,11 : 0.34"
"11,38 : 0.5964"
"38,11 : 0.5964"
"11,39 : 0.2341"
"39,11 : 0.2341"
"11,40 : 0.086"
"40,11 : 0.086"
"11,41 : 0.4554"
"41,11 : 0.4554"
"11,42 : 0.5385"
"42,11 : 0.5385"
"11,43 : 0.4817"
"43,11 : 0.4817"
"11,44 : 0.4472"
"44,11 : 0.4472"
"11,45 : 0.5148"
"45,11 : 0.5148"
"11,46 : 0.408"
"46,11 : 0.408"
"11,47 : 0.43"
"47,11 : 0.43"
"11,48 : 0.278"
"48,11 : 0.278"
"11,49 : 0.2335"
"49,11 : 0.2335"
"11,50 : 0.4357"
"50,11 : 0.4357"
"11,51 : 0.2912"
"51,11 : 0.2912"
"11,52 : 0.5188"
"52,11 : 0.5188"
"11,53 : 0.4245"
"53,11 : 0.4245"
"11,54 : 0.3734"
"54,11 : 0.3734"
"11,55 : 0.6512"
"55,11 : 0.6512"
"11,56 : 0.4771"
"56,11 : 0.4771"
"11,57 : 0.1304"
"57,11 : 0.1304"
"11,58 : 0.5661"
"58,11 : 0.5661"
"11,59 : 0.3606"
"59,11 : 0.3606"
"11,60 : 0.4249"
"60,11 : 0.4249"
"11,61 : 0.1552"
"61,11 : 0.1552"
"11,62 : 0.4534"
"62,11 : 0.4534"
"11,63 : 0.3007"
"63,11 : 0.3007"
"11,64 : 0.2907"
"64,11 : 0.2907"
"11,65 : 0.3523"
"65,11 : 0.3523"
"11,66 : 0.3489"
"66,11 : 0.3489"
"11,67 : 0.1005"
"67,11 : 0.1005"
"11,68 : 0.3324"
"68,11 : 0.3324"
"11,69 : 0.2642"
"69,11 : 0.2642"
"11,70 : 0.2625"
"70,11 : 0.2625"
"11,71 : 0.1432"
"71,11 : 0.1432"
"11,72 : 0.4998"
"72,11 : 0.4998"
"11,73 : 0.392"
"73,11 : 0.392"
"11,74 : 0.02"
"74,11 : 0.02"
"11,75 : 0.2844"
"75,11 : 0.2844"
"11,76 : 0.525"
"76,11 : 0.525"
"11,77 : 0.1208"
"77,11 : 0.1208"
"11,78 : 0.3061"
"78,11 : 0.3061"
"11,79 : 0.4851"
"79,11 : 0.4851"
"11,80 : 0.4429"
"80,11 : 0.4429"
"11,81 : 0.5021"
"81,11 : 0.5021"
"11,82 : 0.588"
"82,11 : 0.588"
"11,83 : 0.4623"
"83,11 : 0.4623"
"11,84 : 0.1903"
"84,11 : 0.1903"
"11,85 : 0.2193"
"85,11 : 0.2193"
"11,86 : 0.3256"
"86,11 : 0.3256"
"11,87 : 0.3578"
"87,11 : 0.3578"
"11,88 : 0.4249"
"88,11 : 0.4249"
"11,89 : 0.4965"
"89,11 : 0.4965"
"11,90 : 0.3289"
"90,11 : 0.3289"
"11,91 : 0.3276"
"91,11 : 0.3276"
"11,92 : 0.566"
"92,11 : 0.566"
"11,93 : 0.2236"
"93,11 : 0.2236"
"11,94 : 0.3736"
"94,11 : 0.3736"
"11,95 : 0.45"
"95,11 : 0.45"
"11,96 : 0.5099"
"96,11 : 0.5099"
"11,97 : 0.2631"
"97,11 : 0.2631"
"11,98 : 0.1942"
"98,11 : 0.1942"
"11,99 : 0.441"
"99,11 : 0.441"
"12,13 : 0.4026"
"13,12 : 0.4026"
"12,14 : 0.5174"
"14,12 : 0.5174"
"12,15 : 0.6931"
"15,12 : 0.6931"
"12,16 : 0.3124"
"16,12 : 0.3124"
"12,17 : 0.9027"
"17,12 : 0.9027"
"12,18 : 0.6259"
"18,12 : 0.6259"
"12,19 : 0.4713"
"19,12 : 0.4713"
"12,20 : 0.6907"
"20,12 : 0.6907"
"12,21 : 0.6053"
"21,12 : 0.6053"
"12,22 : 0.7325"
"22,12 : 0.7325"
"12,23 : 0.5869"
"23,12 : 0.5869"
"12,24 : 0.3441"
"24,12 : 0.3441"
"12,25 : 0.6351"
"25,12 : 0.6351"
"12,26 : 0.5201"
"26,12 : 0.5201"
"12,27 : 0.2335"
"27,12 : 0.2335"
"12,28 : 0.6395"
"28,12 : 0.6395"
"12,29 : 0.1844"
"29,12 : 0.1844"
"12,30 : 0.7139"
"30,12 : 0.7139"
"12,31 : 0.2506"
"31,12 : 0.2506"
"12,32 : 0.7992"
"32,12 : 0.7992"
"12,33 : 0.7225"
"33,12 : 0.7225"
"12,34 : 0.0922"
"34,12 : 0.0922"
"12,35 : 0.4741"
"35,12 : 0.4741"
"12,36 : 0.5124"
"36,12 : 0.5124"
"12,37 : 0.5984"
"37,12 : 0.5984"
"12,38 : 0.6707"
"38,12 : 0.6707"
"12,39 : 0.1931"
"39,12 : 0.1931"
"12,40 : 0.3041"
"40,12 : 0.3041"
"12,41 : 0.8102"
"41,12 : 0.8102"
"12,42 : 0.5661"
"42,12 : 0.5661"
"12,43 : 0.8698"
"43,12 : 0.8698"
"12,44 : 0.7519"
"44,12 : 0.7519"
"12,45 : 0.8987"
"45,12 : 0.8987"
"12,46 : 0.5016"
"46,12 : 0.5016"
"12,47 : 0.7655"
"47,12 : 0.7655"
"12,48 : 0.114"
"48,12 : 0.114"
"12,49 : 0.2518"
"49,12 : 0.2518"
"12,50 : 0.792"
"50,12 : 0.792"
"12,51 : 0.1803"
"51,12 : 0.1803"
"12,52 : 0.1712"
"52,12 : 0.1712"
"12,53 : 0.57"
"53,12 : 0.57"
"12,54 : 0.4295"
"54,12 : 0.4295"
"12,55 : 0.7253"
"55,12 : 0.7253"
"12,56 : 0.5675"
"56,12 : 0.5675"
"12,57 : 0.4888"
"57,12 : 0.4888"
"12,58 : 0.7211"
"58,12 : 0.7211"
"12,59 : 0.2879"
"59,12 : 0.2879"
"12,60 : 0.8071"
"60,12 : 0.8071"
"12,61 : 0.5325"
"61,12 : 0.5325"
"12,62 : 0.8415"
"62,12 : 0.8415"
"12,63 : 0.2729"
"63,12 : 0.2729"
"12,64 : 0.4554"
"64,12 : 0.4554"
"12,65 : 0.2657"
"65,12 : 0.2657"
"12,66 : 0.5846"
"66,12 : 0.5846"
"12,67 : 0.4686"
"67,12 : 0.4686"
"12,68 : 0.1772"
"68,12 : 0.1772"
"12,69 : 0.1628"
"69,12 : 0.1628"
"12,70 : 0.1273"
"70,12 : 0.1273"
"12,71 : 0.4876"
"71,12 : 0.4876"
"12,72 : 0.4662"
"72,12 : 0.4662"
"12,73 : 0.2417"
"73,12 : 0.2417"
"12,74 : 0.4031"
"74,12 : 0.4031"
"12,75 : 0.2102"
"75,12 : 0.2102"
"12,76 : 0.2326"
"76,12 : 0.2326"
"12,77 : 0.3716"
"77,12 : 0.3716"
"12,78 : 0.5346"
"78,12 : 0.5346"
"12,79 : 0.8497"
"79,12 : 0.8497"
"12,80 : 0.1526"
"80,12 : 0.1526"
"12,81 : 0.6562"
"81,12 : 0.6562"
"12,82 : 0.7034"
"82,12 : 0.7034"
"12,83 : 0.0762"
"83,12 : 0.0762"
"12,84 : 0.5507"
"84,12 : 0.5507"
"12,85 : 0.4427"
"85,12 : 0.4427"
"12,86 : 0.064"
"86,12 : 0.064"
"12,87 : 0.4211"
"87,12 : 0.4211"
"12,88 : 0.114"
"88,12 : 0.114"
"12,89 : 0.8792"
"89,12 : 0.8792"
"12,90 : 0.5977"
"90,12 : 0.5977"
"12,91 : 0.228"
"91,12 : 0.228"
"12,92 : 0.2202"
"92,12 : 0.2202"
"12,93 : 0.1992"
"93,12 : 0.1992"
"12,94 : 0.3667"
"94,12 : 0.3667"
"12,95 : 0.102"
"95,12 : 0.102"
"12,96 : 0.6748"
"96,12 : 0.6748"
"12,97 : 0.577"
"97,12 : 0.577"
"12,98 : 0.4123"
"98,12 : 0.4123"
"12,99 : 0.5413"
"99,12 : 0.5413"
"13,14 : 0.2943"
"14,13 : 0.2943"
"13,15 : 0.3956"
"15,13 : 0.3956"
"13,16 : 0.6978"
"16,13 : 0.6978"
"13,17 : 0.563"
"17,13 : 0.563"
"13,18 : 0.7355"
"18,13 : 0.7355"
"13,19 : 0.4301"
"19,13 : 0.4301"
"13,20 : 0.6912"
"20,13 : 0.6912"
"13,21 : 0.6862"
"21,13 : 0.6862"
"13,22 : 0.7112"
"22,13 : 0.7112"
"13,23 : 0.3114"
"23,13 : 0.3114"
"13,24 : 0.3195"
