x,y
0.28,0.52
0.52,0.95
0.3,0.18
0.41,0.26
0.19,0.58
0.75,0.14
0.06,0.46
0.8,0.26
0.14,0.59
0.68,0.45
0.09,1.0
0.11,0.19
0.83,0.54
0.17,0.18
0.59,0.32
0.35,0.9
0.9,0.11
0.64,0.87
0.94,0.44
0.82,0.05
0.93,0.13
0.47,0.86
0.87,0.03
0.4,0.29
0.77,0.9
0.15,0.61
0.26,0.78
0.77,0.85
0.97,0.08
0.1,0.93
0.05,0.61
0.04,0.75
0.7,0.01
0.49,0.52
0.92,0.9
0.48,0.99
0.55,0.04
0.24,0.51
0.61,0.9
0.18,0.4
0.8,0.95
0.23,0.34
0.49,0.59
0.72,0.88
0.98,0.3
0.59,0.78
0.63,0.57
0.03,0.89
0.63,0.98
0.4,0.27
0.8,0.44
0.89,0.59
0.81,0.38
0.42,0.83
0.38,0.08
0.03,0.85
0.99,0.38
0.17,0.19
0.58,0.23
0.05,0.49
0.19,1.0
0.18,0.76
0.65,0.76
0.01,0.23
0.35,0.17
0.97,0.57
0.43,0.63
0.76,0.75
0.46,0.32
0.33,0.69
0.18,0.26
0.48,0.14
0.82,0.12
0.97,0.33
0.43,0.42
0.08,0.53
0.79,0.21
0.26,0.94
0.17,0.86
0.83,0.64
0.53,0.68
0.73,0.58
0.95,0.68
0.19,1.0
0.84,0.86
0.85,0.13
0.86,0.79
0.66,0.23
0.7,1.0
0.12,0.14
0.86,0.04
0.45,0.85
0.19,0.66
0.67,0.92
0.78,0.49
0.72,0.58
0.05,0.9
0.39,0.46
0.04,0.04
0.91,0.61

Distanze
"0,1 : 0.4924"
"1,0 : 0.4924"
"0,2 : 0.3406"
"2,0 : 0.3406"
"0,3 : 0.2907"
"3,0 : 0.2907"
"0,4 : 0.1082"
"4,0 : 0.1082"
"0,5 : 0.6044"
"5,0 : 0.6044"
"0,6 : 0.228"
"6,0 : 0.228"
"0,7 : 0.5814"
"7,0 : 0.5814"
"0,8 : 0.1565"
"8,0 : 0.1565"
"0,9 : 0.4061"
"9,0 : 0.4061"
"0,10 : 0.5162"
"10,0 : 0.5162"
"0,11 : 0.3712"
"11,0 : 0.3712"
"0,12 : 0.5504"
"12,0 : 0.5504"
"0,13 : 0.3574"
"13,0 : 0.3574"
"0,14 : 0.3689"
"14,0 : 0.3689"
"0,15 : 0.3864"
"15,0 : 0.3864"
"0,16 : 0.7433"
"16,0 : 0.7433"
"0,17 : 0.5021"
"17,0 : 0.5021"
"0,18 : 0.6648"
"18,0 : 0.6648"
"0,19 : 0.7159"
"19,0 : 0.7159"
"0,20 : 0.758"
"20,0 : 0.758"
"0,21 : 0.3895"
"21,0 : 0.3895"
"0,22 : 0.7669"
"22,0 : 0.7669"
"0,23 : 0.2594"
"23,0 : 0.2594"
"0,24 : 0.6201"
"24,0 : 0.6201"
"0,25 : 0.1581"
"25,0 : 0.1581"
"0,26 : 0.2608"
"26,0 : 0.2608"
"0,27 : 0.5908"
"27,0 : 0.5908"
"0,28 : 0.8184"
"28,0 : 0.8184"
"0,29 : 0.4478"
"29,0 : 0.4478"
"0,30 : 0.247"
"30,0 : 0.247"
"0,31 : 0.3324"
"31,0 : 0.3324"
"0,32 : 0.6607"
"32,0 : 0.6607"
"0,33 : 0.21"
"33,0 : 0.21"
"0,34 : 0.7443"
"34,0 : 0.7443"
"0,35 : 0.5108"
"35,0 : 0.5108"
"0,36 : 0.5507"
"36,0 : 0.5507"
"0,37 : 0.0412"
"37,0 : 0.0412"
"0,38 : 0.5033"
"38,0 : 0.5033"
"0,39 : 0.1562"
"39,0 : 0.1562"
"0,40 : 0.6748"
"40,0 : 0.6748"
"0,41 : 0.1868"
"41,0 : 0.1868"
"0,42 : 0.2214"
"42,0 : 0.2214"
"0,43 : 0.5685"
"43,0 : 0.5685"
"0,44 : 0.7338"
"44,0 : 0.7338"
"0,45 : 0.4046"
"45,0 : 0.4046"
"0,46 : 0.3536"
"46,0 : 0.3536"
"0,47 : 0.4465"
"47,0 : 0.4465"
"0,48 : 0.578"
"48,0 : 0.578"
"0,49 : 0.2773"
"49,0 : 0.2773"
"0,50 : 0.5261"
"50,0 : 0.5261"
"0,51 : 0.614"
"51,0 : 0.614"
"0,52 : 0.5482"
"52,0 : 0.5482"
"0,53 : 0.3401"
"53,0 : 0.3401"
"0,54 : 0.4512"
"54,0 : 0.4512"
"0,55 : 0.414"
"55,0 : 0.414"
"0,56 : 0.7237"
"56,0 : 0.7237"
"0,57 : 0.3479"
"57,0 : 0.3479"
"0,58 : 0.4173"
"58,0 : 0.4173"
"0,59 : 0.2319"
"59,0 : 0.2319"
"0,60 : 0.4884"
"60,0 : 0.4884"
"0,61 : 0.26"
"61,0 : 0.26"
"0,62 : 0.441"
"62,0 : 0.441"
"0,63 : 0.3962"
"63,0 : 0.3962"
"0,64 : 0.3569"
"64,0 : 0.3569"
"0,65 : 0.6918"
"65,0 : 0.6918"
"0,66 : 0.186"
"66,0 : 0.186"
"0,67 : 0.5323"
"67,0 : 0.5323"
"0,68 : 0.2691"
"68,0 : 0.2691"
"0,69 : 0.1772"
"69,0 : 0.1772"
"0,70 : 0.2786"
"70,0 : 0.2786"
"0,71 : 0.4294"
"71,0 : 0.4294"
"0,72 : 0.672"
"72,0 : 0.672"
"0,73 : 0.7157"
"73,0 : 0.7157"
"0,74 : 0.1803"
"74,0 : 0.1803"
"0,75 : 0.2002"
"75,0 : 0.2002"
"0,76 : 0.5968"
"76,0 : 0.5968"
"0,77 : 0.4205"
"77,0 : 0.4205"
"0,78 : 0.3574"
"78,0 : 0.3574"
"0,79 : 0.5629"
"79,0 : 0.5629"
"0,80 : 0.2968"
"80,0 : 0.2968"
"0,81 : 0.454"
"81,0 : 0.454"
"0,82 : 0.6888"
"82,0 : 0.6888"
"0,83 : 0.4884"
"83,0 : 0.4884"
"0,84 : 0.6551"
"84,0 : 0.6551"
"0,85 : 0.6907"
"85,0 : 0.6907"
"0,86 : 0.6398"
"86,0 : 0.6398"
"0,87 : 0.478"
"87,0 : 0.478"
"0,88 : 0.6378"
"88,0 : 0.6378"
"0,89 : 0.4123"
"89,0 : 0.4123"
"0,90 : 0.7529"
"90,0 : 0.7529"
"0,91 : 0.3712"
"91,0 : 0.3712"
"0,92 : 0.1664"
"92,0 : 0.1664"
"0,93 : 0.5587"
"93,0 : 0.5587"
"0,94 : 0.5009"
"94,0 : 0.5009"
"0,95 : 0.4441"
"95,0 : 0.4441"
"0,96 : 0.4442"
"96,0 : 0.4442"
"0,97 : 0.1253"
"97,0 : 0.1253"
"0,98 : 0.5367"
"98,0 : 0.5367"
"0,99 : 0.6364"
"99,0 : 0.6364"
"1,2 : 0.8008"
"2,1 : 0.8008"
"1,3 : 0.6987"
"3,1 : 0.6987"
"1,4 : 0.4958"
"4,1 : 0.4958"
"1,5 : 0.842"
"5,1 : 0.842"
"1,6 : 0.6721"
"6,1 : 0.6721"
"1,7 : 0.7446"
"7,1 : 0.7446"
"1,8 : 0.5235"
"8,1 : 0.5235"
"1,9 : 0.525"
"9,1 : 0.525"
"1,10 : 0.4329"
"10,1 : 0.4329"
"1,11 : 0.8635"
"11,1 : 0.8635"
"1,12 : 0.514"
"12,1 : 0.514"
"1,13 : 0.8458"
"13,1 : 0.8458"
"1,14 : 0.6339"
"14,1 : 0.6339"
"1,15 : 0.1772"
"15,1 : 0.1772"
"1,16 : 0.922"
"16,1 : 0.922"
"1,17 : 0.1442"
"17,1 : 0.1442"
"1,18 : 0.6607"
"18,1 : 0.6607"
"1,19 : 0.9487"
"19,1 : 0.9487"
"1,20 : 0.9168"
"20,1 : 0.9168"
"1,21 : 0.103"
"21,1 : 0.103"
"1,22 : 0.9843"
"22,1 : 0.9843"
"1,23 : 0.6708"
"23,1 : 0.6708"
"1,24 : 0.255"
"24,1 : 0.255"
"1,25 : 0.5025"
"25,1 : 0.5025"
"1,26 : 0.3106"
"26,1 : 0.3106"
"1,27 : 0.2693"
"27,1 : 0.2693"
"1,28 : 0.9795"
"28,1 : 0.9795"
"1,29 : 0.4205"
"29,1 : 0.4205"
"1,30 : 0.5801"
"30,1 : 0.5801"
"1,31 : 0.52"
"31,1 : 0.52"
"1,32 : 0.9571"
"32,1 : 0.9571"
"1,33 : 0.431"
"33,1 : 0.431"
"1,34 : 0.4031"
"34,1 : 0.4031"
"1,35 : 0.0566"
"35,1 : 0.0566"
"1,36 : 0.9105"
"36,1 : 0.9105"
"1,37 : 0.5215"
"37,1 : 0.5215"
"1,38 : 0.103"
"38,1 : 0.103"
"1,39 : 0.6466"
"39,1 : 0.6466"
"1,40 : 0.28"
"40,1 : 0.28"
"1,41 : 0.6754"
"41,1 : 0.6754"
"1,42 : 0.3612"
"42,1 : 0.3612"
"1,43 : 0.2119"
"43,1 : 0.2119"
"1,44 : 0.7963"
"44,1 : 0.7963"
"1,45 : 0.1838"
"45,1 : 0.1838"
"1,46 : 0.3956"
"46,1 : 0.3956"
"1,47 : 0.4937"
"47,1 : 0.4937"
"1,48 : 0.114"
"48,1 : 0.114"
"1,49 : 0.6905"
"49,1 : 0.6905"
"1,50 : 0.5818"
"50,1 : 0.5818"
"1,51 : 0.5162"
"51,1 : 0.5162"
"1,52 : 0.6395"
"52,1 : 0.6395"
"1,53 : 0.1562"
"53,1 : 0.1562"
"1,54 : 0.8812"
"54,1 : 0.8812"
"1,55 : 0.5001"
"55,1 : 0.5001"
"1,56 : 0.7388"
"56,1 : 0.7388"
"1,57 : 0.8367"
"57,1 : 0.8367"
"1,58 : 0.7225"
"58,1 : 0.7225"
"1,59 : 0.6576"
"59,1 : 0.6576"
"1,60 : 0.3338"
"60,1 : 0.3338"
"1,61 : 0.3895"
"61,1 : 0.3895"
"1,62 : 0.2302"
"62,1 : 0.2302"
"1,63 : 0.8823"
"63,1 : 0.8823"
"1,64 : 0.7983"
"64,1 : 0.7983"
"1,65 : 0.589"
"65,1 : 0.589"
"1,66 : 0.3324"
"66,1 : 0.3324"
"1,67 : 0.3124"
"67,1 : 0.3124"
"1,68 : 0.6329"
"68,1 : 0.6329"
"1,69 : 0.322"
"69,1 : 0.322"
"1,70 : 0.7692"
"70,1 : 0.7692"
"1,71 : 0.811"
"71,1 : 0.811"
"1,72 : 0.8826"
"72,1 : 0.8826"
"1,73 : 0.7661"
"73,1 : 0.7661"
"1,74 : 0.5376"
"74,1 : 0.5376"
"1,75 : 0.6083"
"75,1 : 0.6083"
"1,76 : 0.7877"
"76,1 : 0.7877"
"1,77 : 0.2602"
"77,1 : 0.2602"
"1,78 : 0.3614"
"78,1 : 0.3614"
"1,79 : 0.4384"
"79,1 : 0.4384"
"1,80 : 0.2702"
"80,1 : 0.2702"
"1,81 : 0.4254"
"81,1 : 0.4254"
"1,82 : 0.5077"
"82,1 : 0.5077"
"1,83 : 0.3338"
"83,1 : 0.3338"
"1,84 : 0.3324"
"84,1 : 0.3324"
"1,85 : 0.8839"
"85,1 : 0.8839"
"1,86 : 0.3758"
"86,1 : 0.3758"
"1,87 : 0.7335"
"87,1 : 0.7335"
"1,88 : 0.1868"
"88,1 : 0.1868"
"1,89 : 0.9034"
"89,1 : 0.9034"
"1,90 : 0.9714"
"90,1 : 0.9714"
"1,91 : 0.1221"
"91,1 : 0.1221"
"1,92 : 0.4393"
"92,1 : 0.4393"
"1,93 : 0.153"
"93,1 : 0.153"
"1,94 : 0.5284"
"94,1 : 0.5284"
"1,95 : 0.4206"
"95,1 : 0.4206"
"1,96 : 0.4727"
"96,1 : 0.4727"
"1,97 : 0.507"
"97,1 : 0.507"
"1,98 : 1.0288"
"98,1 : 1.0288"
"1,99 : 0.5174"
"99,1 : 0.5174"
"2,3 : 0.136"
"3,2 : 0.136"
"2,4 : 0.4148"
"4,2 : 0.4148"
"2,5 : 0.4518"
"5,2 : 0.4518"
"2,6 : 0.3688"
"6,2 : 0.3688"
"2,7 : 0.5064"
"7,2 : 0.5064"
"2,8 : 0.4401"
"8,2 : 0.4401"
"2,9 : 0.4662"
"9,2 : 0.4662"
"2,10 : 0.8465"
"10,2 : 0.8465"
"2,11 : 0.1903"
"11,2 : 0.1903"
"2,12 : 0.6407"
"12,2 : 0.6407"
"2,13 : 0.13"
"13,2 : 0.13"
"2,14 : 0.322"
"14,2 : 0.322"
"2,15 : 0.7217"
"15,2 : 0.7217"
"2,16 : 0.6041"
"16,2 : 0.6041"
"2,17 : 0.7692"
"17,2 : 0.7692"
"2,18 : 0.6908"
"18,2 : 0.6908"
"2,19 : 0.536"
"19,2 : 0.536"
"2,20 : 0.632"
"20,2 : 0.632"
"2,21 : 0.7009"
"21,2 : 0.7009"
"2,22 : 0.5894"
"22,2 : 0.5894"
"2,23 : 0.1487"
"23,2 : 0.1487"
"2,24 : 0.8598"
"24,2 : 0.8598"
"2,25 : 0.4554"
"25,2 : 0.4554"
"2,26 : 0.6013"
"26,2 : 0.6013"
"2,27 : 0.8184"
"27,2 : 0.8184"
"2,28 : 0.6774"
"28,2 : 0.6774"
"2,29 : 0.7762"
"29,2 : 0.7762"
"2,30 : 0.4974"
"30,2 : 0.4974"
"2,31 : 0.6265"
"31,2 : 0.6265"
"2,32 : 0.4346"
"32,2 : 0.4346"
"2,33 : 0.3895"
"33,2 : 0.3895"
"2,34 : 0.9502"
"34,2 : 0.9502"
"2,35 : 0.8298"
"35,2 : 0.8298"
"2,36 : 0.2865"
"36,2 : 0.2865"
"2,37 : 0.3354"
"37,2 : 0.3354"
"2,38 : 0.7839"
"38,2 : 0.7839"
"2,39 : 0.2506"
"39,2 : 0.2506"
"2,40 : 0.9181"
"40,2 : 0.9181"
"2,41 : 0.1746"
"41,2 : 0.1746"
"2,42 : 0.4519"
"42,2 : 0.4519"
"2,43 : 0.8163"
"43,2 : 0.8163"
"2,44 : 0.6905"
"44,2 : 0.6905"
"2,45 : 0.6664"
"45,2 : 0.6664"
"2,46 : 0.5109"
"46,2 : 0.5109"
"2,47 : 0.7596"
"47,2 : 0.7596"
"2,48 : 0.8654"
"48,2 : 0.8654"
"2,49 : 0.1345"
"49,2 : 0.1345"
"2,50 : 0.5636"
"50,2 : 0.5636"
"2,51 : 0.7185"
"51,2 : 0.7185"
"2,52 : 0.5478"
"52,2 : 0.5478"
"2,53 : 0.661"
"53,2 : 0.661"
"2,54 : 0.1281"
"54,2 : 0.1281"
"2,55 : 0.7224"
"55,2 : 0.7224"
"2,56 : 0.7184"
"56,2 : 0.7184"
"2,57 : 0.1304"
"57,2 : 0.1304"
"2,58 : 0.2844"
"58,2 : 0.2844"
"2,59 : 0.3982"
"59,2 : 0.3982"
"2,60 : 0.8273"
"60,2 : 0.8273"
"2,61 : 0.5923"
"61,2 : 0.5923"
"2,62 : 0.6774"
"62,2 : 0.6774"
"2,63 : 0.2943"
"63,2 : 0.2943"
"2,64 : 0.051"
"64,2 : 0.051"
"2,65 : 0.7752"
"65,2 : 0.7752"
"2,66 : 0.4684"
"66,2 : 0.4684"
"2,67 : 0.7325"
"67,2 : 0.7325"
"2,68 : 0.2126"
"68,2 : 0.2126"
"2,69 : 0.5109"
"69,2 : 0.5109"
"2,70 : 0.1442"
"70,2 : 0.1442"
"2,71 : 0.1844"
"71,2 : 0.1844"
"2,72 : 0.5235"
"72,2 : 0.5235"
"2,73 : 0.6866"
"73,2 : 0.6866"
"2,74 : 0.2729"
"74,2 : 0.2729"
"2,75 : 0.4134"
"75,2 : 0.4134"
"2,76 : 0.4909"
"76,2 : 0.4909"
"2,77 : 0.7611"
"77,2 : 0.7611"
"2,78 : 0.6923"
"78,2 : 0.6923"
"2,79 : 0.7018"
"79,2 : 0.7018"
"2,80 : 0.5504"
"80,2 : 0.5504"
"2,81 : 0.5873"
"81,2 : 0.5873"
"2,82 : 0.8201"
"82,2 : 0.8201"
"2,83 : 0.8273"
"83,2 : 0.8273"
"2,84 : 0.8683"
"84,2 : 0.8683"
"2,85 : 0.5523"
"85,2 : 0.5523"
"2,86 : 0.8281"
"86,2 : 0.8281"
"2,87 : 0.3635"
"87,2 : 0.3635"
"2,88 : 0.9124"
"88,2 : 0.9124"
"2,89 : 0.1844"
"89,2 : 0.1844"
"2,90 : 0.5772"
"90,2 : 0.5772"
"2,91 : 0.6866"
"91,2 : 0.6866"
"2,92 : 0.4924"
"92,2 : 0.4924"
"2,93 : 0.8273"
"93,2 : 0.8273"
"2,94 : 0.5714"
"94,2 : 0.5714"
"2,95 : 0.58"
"95,2 : 0.58"
"2,96 : 0.7622"
"96,2 : 0.7622"
"2,97 : 0.2941"
"97,2 : 0.2941"
"2,98 : 0.2953"
"98,2 : 0.2953"
"2,99 : 0.7463"
"99,2 : 0.7463"
"3,4 : 0.3883"
"4,3 : 0.3883"
"3,5 : 0.3606"
"5,3 : 0.3606"
"3,6 : 0.4031"
"6,3 : 0.4031"
"3,7 : 0.39"
"7,3 : 0.39"
"3,8 : 0.4264"
"8,3 : 0.4264"
"3,9 : 0.3302"
"9,3 : 0.3302"
"3,10 : 0.8062"
"10,3 : 0.8062"
"3,11 : 0.3081"
"11,3 : 0.3081"
"3,12 : 0.5048"
"12,3 : 0.5048"
"3,13 : 0.253"
"13,3 : 0.253"
"3,14 : 0.1897"
"14,3 : 0.1897"
"3,15 : 0.6428"
"15,3 : 0.6428"
"3,16 : 0.5124"
"16,3 : 0.5124"
"3,17 : 0.6519"
"17,3 : 0.6519"
"3,18 : 0.5597"
"18,3 : 0.5597"
"3,19 : 0.4607"
"19,3 : 0.4607"
"3,20 : 0.536"
"20,3 : 0.536"
"3,21 : 0.603"
"21,3 : 0.603"
"3,22 : 0.5143"
"22,3 : 0.5143"
"3,23 : 0.0316"
"23,3 : 0.0316"
"3,24 : 0.7343"
"24,3 : 0.7343"
"3,25 : 0.436"
"25,3 : 0.436"
"3,26 : 0.5412"
"26,3 : 0.5412"
"3,27 : 0.6912"
"27,3 : 0.6912"
"3,28 : 0.5882"
"28,3 : 0.5882"
"3,29 : 0.7382"
"29,3 : 0.7382"
"3,30 : 0.5021"
"30,3 : 0.5021"
"3,31 : 0.614"
"31,3 : 0.614"
"3,32 : 0.3829"
"32,3 : 0.3829"
"3,33 : 0.272"
"33,3 : 0.272"
"3,34 : 0.8184"
"34,3 : 0.8184"
"3,35 : 0.7333"
"35,3 : 0.7333"
"3,36 : 0.2608"
"36,3 : 0.2608"
"3,37 : 0.3023"
"37,3 : 0.3023"
"3,38 : 0.6705"
"38,3 : 0.6705"
"3,39 : 0.2693"
"39,3 : 0.2693"
"3,40 : 0.7926"
"40,3 : 0.7926"
"3,41 : 0.197"
"41,3 : 0.197"
"3,42 : 0.3396"
"42,3 : 0.3396"
"3,43 : 0.6932"
"43,3 : 0.6932"
"3,44 : 0.5714"
"44,3 : 0.5714"
"3,45 : 0.5503"
"45,3 : 0.5503"
"3,46 : 0.3801"
"46,3 : 0.3801"
"3,47 : 0.7357"
"47,3 : 0.7357"
"3,48 : 0.7529"
"48,3 : 0.7529"
"3,49 : 0.0141"
"49,3 : 0.0141"
"3,50 : 0.4295"
"50,3 : 0.4295"
"3,51 : 0.5825"
"51,3 : 0.5825"
"3,52 : 0.4176"
"52,3 : 0.4176"
"3,53 : 0.5701"
"53,3 : 0.5701"
"3,54 : 0.1825"
"54,3 : 0.1825"
"3,55 : 0.7018"
"55,3 : 0.7018"
"3,56 : 0.5923"
"56,3 : 0.5923"
"3,57 : 0.25"
"57,3 : 0.25"
"3,58 : 0.1726"
"58,3 : 0.1726"
"3,59 : 0.4272"
"59,3 : 0.4272"
"3,60 : 0.772"
"60,3 : 0.772"
"3,61 : 0.5504"
"61,3 : 0.5504"
"3,62 : 0.5546"
"62,3 : 0.5546"
"3,63 : 0.4011"
"63,3 : 0.4011"
"3,64 : 0.1082"
"64,3 : 0.1082"
"3,65 : 0.6401"
"65,3 : 0.6401"
"3,66 : 0.3705"
"66,3 : 0.3705"
"3,67 : 0.6022"
"67,3 : 0.6022"
"3,68 : 0.0781"
"68,3 : 0.0781"
"3,69 : 0.4374"
"69,3 : 0.4374"
"3,70 : 0.23"
"70,3 : 0.23"
"3,71 : 0.1389"
"71,3 : 0.1389"
"3,72 : 0.4332"
"72,3 : 0.4332"
"3,73 : 0.5644"
"73,3 : 0.5644"
"3,74 : 0.1612"
"74,3 : 0.1612"
"3,75 : 0.4264"
"75,3 : 0.4264"
"3,76 : 0.3833"
"76,3 : 0.3833"
"3,77 : 0.6963"
"77,3 : 0.6963"
"3,78 : 0.6462"
"78,3 : 0.6462"
"3,79 : 0.5664"
"79,3 : 0.5664"
"3,80 : 0.4368"
"80,3 : 0.4368"
"3,81 : 0.4525"
"81,3 : 0.4525"
"3,82 : 0.6841"
"82,3 : 0.6841"
"3,83 : 0.772"
"83,3 : 0.772"
"3,84 : 0.7382"
"84,3 : 0.7382"
"3,85 : 0.4588"
"85,3 : 0.4588"
"3,86 : 0.6953"
"86,3 : 0.6953"
"3,87 : 0.2518"
"87,3 : 0.2518"
"3,88 : 0.7948"
"88,3 : 0.7948"
"3,89 : 0.3138"
"89,3 : 0.3138"
"3,90 : 0.5009"
"90,3 : 0.5009"
"3,91 : 0.5914"
"91,3 : 0.5914"
"3,92 : 0.4565"
"92,3 : 0.4565"
"3,93 : 0.7094"
"93,3 : 0.7094"
"3,94 : 0.4357"
"94,3 : 0.4357"
"3,95 : 0.4455"
"95,3 : 0.4455"
"3,96 : 0.7343"
"96,3 : 0.7343"
"3,97 : 0.201"
"97,3 : 0.201"
"3,98 : 0.4305"
"98,3 : 0.4305"
"3,99 : 0.6103"
"99,3 : 0.6103"
"4,5 : 0.7122"
"5,4 : 0.7122"
"4,6 : 0.1769"
"6,4 : 0.1769"
"4,7 : 0.6888"
"7,4 : 0.6888"
"4,8 : 0.051"
"8,4 : 0.051"
"4,9 : 0.507"
"9,4 : 0.507"
"4,10 : 0.4317"
"10,4 : 0.4317"
"4,11 : 0.3981"
"11,4 : 0.3981"
"4,12 : 0.6412"
"12,4 : 0.6412"
"4,13 : 0.4005"
"13,4 : 0.4005"
"4,14 : 0.4771"
"14,4 : 0.4771"
"4,15 : 0.3578"
"15,4 : 0.3578"
"4,16 : 0.8515"
"16,4 : 0.8515"
"4,17 : 0.5354"
"17,4 : 0.5354"
"4,18 : 0.763"
"18,4 : 0.763"
"4,19 : 0.8233"
"19,4 : 0.8233"
"4,20 : 0.8661"
"20,4 : 0.8661"
"4,21 : 0.396"
"21,4 : 0.396"
"4,22 : 0.8746"
"22,4 : 0.8746"
"4,23 : 0.3581"
"23,4 : 0.3581"
"4,24 : 0.6624"
"24,4 : 0.6624"
"4,25 : 0.05"
"25,4 : 0.05"
"4,26 : 0.2119"
"26,4 : 0.2119"
"4,27 : 0.6398"
"27,4 : 0.6398"
"4,28 : 0.9265"
"28,4 : 0.9265"
"4,29 : 0.3614"
"29,4 : 0.3614"
"4,30 : 0.1432"
"30,4 : 0.1432"
"4,31 : 0.2267"
"31,4 : 0.2267"
"4,32 : 0.7649"
"32,4 : 0.7649"
"4,33 : 0.3059"
"33,4 : 0.3059"
"4,34 : 0.7971"
"34,4 : 0.7971"
"4,35 : 0.5022"
"35,4 : 0.5022"
"4,36 : 0.649"
"36,4 : 0.649"
"4,37 : 0.086"
"37,4 : 0.086"
"4,38 : 0.528"
"38,4 : 0.528"
"4,39 : 0.1803"
"39,4 : 0.1803"
"4,40 : 0.7134"
"40,4 : 0.7134"
"4,41 : 0.2433"
"41,4 : 0.2433"
"4,42 : 0.3002"
"42,4 : 0.3002"
"4,43 : 0.609"
"43,4 : 0.609"
"4,44 : 0.8382"
"44,4 : 0.8382"
"4,45 : 0.4472"
"45,4 : 0.4472"
"4,46 : 0.4401"
"46,4 : 0.4401"
"4,47 : 0.3489"
"47,4 : 0.3489"
"4,48 : 0.5946"
"48,4 : 0.5946"
"4,49 : 0.3744"
"49,4 : 0.3744"
"4,50 : 0.6259"
"50,4 : 0.6259"
"4,51 : 0.7001"
"51,4 : 0.7001"
"4,52 : 0.6515"
"52,4 : 0.6515"
"4,53 : 0.3397"
"53,4 : 0.3397"
"4,54 : 0.5349"
"54,4 : 0.5349"
"4,55 : 0.3138"
"55,4 : 0.3138"
"4,56 : 0.8246"
"56,4 : 0.8246"
"4,57 : 0.3905"
"57,4 : 0.3905"
"4,58 : 0.524"
"58,4 : 0.524"
"4,59 : 0.1664"
"59,4 : 0.1664"
"4,60 : 0.42"
"60,4 : 0.42"
"4,61 : 0.1803"
"61,4 : 0.1803"
"4,62 : 0.494"
"62,4 : 0.494"
"4,63 : 0.3936"
"63,4 : 0.3936"
"4,64 : 0.4401"
"64,4 : 0.4401"
"4,65 : 0.7801"
"65,4 : 0.7801"
"4,66 : 0.2452"
"66,4 : 0.2452"
"4,67 : 0.5948"
"67,4 : 0.5948"
"4,68 : 0.3748"
"68,4 : 0.3748"
"4,69 : 0.178"
"69,4 : 0.178"
"4,70 : 0.3202"
"70,4 : 0.3202"
"4,71 : 0.527"
"71,4 : 0.527"
"4,72 : 0.7801"
"72,4 : 0.7801"
"4,73 : 0.8191"
"73,4 : 0.8191"
"4,74 : 0.2884"
"74,4 : 0.2884"
"4,75 : 0.1208"
"75,4 : 0.1208"
"4,76 : 0.7049"
"76,4 : 0.7049"
"4,77 : 0.3667"
"77,4 : 0.3667"
"4,78 : 0.2807"
"78,4 : 0.2807"
"4,79 : 0.6428"
"79,4 : 0.6428"
"4,80 : 0.3544"
"80,4 : 0.3544"
"4,81 : 0.54"
"81,4 : 0.54"
"4,82 : 0.7666"
"82,4 : 0.7666"
"4,83 : 0.42"
"83,4 : 0.42"
"4,84 : 0.7077"
"84,4 : 0.7077"
"4,85 : 0.7988"
"85,4 : 0.7988"
"4,86 : 0.7021"
"86,4 : 0.7021"
"4,87 : 0.586"
"87,4 : 0.586"
"4,88 : 0.6607"
"88,4 : 0.6607"
"4,89 : 0.4455"
"89,4 : 0.4455"
"4,90 : 0.8605"
"90,4 : 0.8605"
"4,91 : 0.3748"
"91,4 : 0.3748"
"4,92 : 0.08"
"92,4 : 0.08"
"4,93 : 0.5882"
"93,4 : 0.5882"
"4,94 : 0.5968"
"94,4 : 0.5968"
"4,95 : 0.53"
"95,4 : 0.53"
"4,96 : 0.3493"
"96,4 : 0.3493"
"4,97 : 0.2332"
"97,4 : 0.2332"
"4,98 : 0.5604"
"98,4 : 0.5604"
"4,99 : 0.7206"
"99,4 : 0.7206"
"5,6 : 0.7606"
"6,5 : 0.7606"
"5,7 : 0.13"
"7,5 : 0.13"
"5,8 : 0.758"
"8,5 : 0.758"
"5,9 : 0.3178"
"9,5 : 0.3178"
"5,10 : 1.0841"
"10,5 : 1.0841"
"5,11 : 0.642"
"11,5 : 0.642"
"5,12 : 0.4079"
"12,5 : 0.4079"
"5,13 : 0.5814"
"13,5 : 0.5814"
"5,14 : 0.2408"
"14,5 : 0.2408"
"5,15 : 0.8588"
"15,5 : 0.8588"
"5,16 : 0.153"
"16,5 : 0.153"
"5,17 : 0.7382"
"17,5 : 0.7382"
"5,18 : 0.3551"
"18,5 : 0.3551"
"5,19 : 0.114"
"19,5 : 0.114"
"5,20 : 0.1803"
"20,5 : 0.1803"
"5,21 : 0.7725"
"21,5 : 0.7725"
"5,22 : 0.1628"
"22,5 : 0.1628"
"5,23 : 0.3808"
"23,5 : 0.3808"
"5,24 : 0.7603"
"24,5 : 0.7603"
"5,25 : 0.7622"
"25,5 : 0.7622"
"5,26 : 0.806"
"26,5 : 0.806"
"5,27 : 0.7103"
"27,5 : 0.7103"
"5,28 : 0.228"
"28,5 : 0.228"
"5,29 : 1.023"
"29,5 : 1.023"
"5,30 : 0.8431"
"30,5 : 0.8431"
"5,31 : 0.9361"
"31,5 : 0.9361"
"5,32 : 0.1393"
"32,5 : 0.1393"
"5,33 : 0.4604"
"33,5 : 0.4604"
"5,34 : 0.7788"
"34,5 : 0.7788"
"5,35 : 0.8919"
"35,5 : 0.8919"
"5,36 : 0.2236"
"36,5 : 0.2236"
"5,37 : 0.6301"
"37,5 : 0.6301"
"5,38 : 0.7728"
"38,5 : 0.7728"
"5,39 : 0.6265"
"39,5 : 0.6265"
"5,40 : 0.8115"
"40,5 : 0.8115"
"5,41 : 0.5571"
"41,5 : 0.5571"
"5,42 : 0.5197"
"42,5 : 0.5197"
"5,43 : 0.7406"
"43,5 : 0.7406"
"5,44 : 0.2802"
"44,5 : 0.2802"
"5,45 : 0.6597"
"45,5 : 0.6597"
"5,46 : 0.4464"
"46,5 : 0.4464"
"5,47 : 1.0397"
"47,5 : 1.0397"
"5,48 : 0.8485"
"48,5 : 0.8485"
"5,49 : 0.3734"
"49,5 : 0.3734"
"5,50 : 0.3041"
"50,5 : 0.3041"
"5,51 : 0.4713"
"51,5 : 0.4713"
"5,52 : 0.2474"
"52,5 : 0.2474"
"5,53 : 0.7649"
"53,5 : 0.7649"
"5,54 : 0.3748"
"54,5 : 0.3748"
"5,55 : 1.0112"
"55,5 : 1.0112"
"5,56 : 0.3394"
"56,5 : 0.3394"
"5,57 : 0.5822"
"57,5 : 0.5822"
"5,58 : 0.1924"
"58,5 : 0.1924"
"5,59 : 0.7826"
"59,5 : 0.7826"
"5,60 : 1.0263"
"60,5 : 1.0263"
"5,61 : 0.8422"
"61,5 : 0.8422"
"5,62 : 0.628"
"62,5 : 0.628"
"5,63 : 0.7455"
"63,5 : 0.7455"
"5,64 : 0.4011"
"64,5 : 0.4011"
"5,65 : 0.483"
"65,5 : 0.483"
"5,66 : 0.5852"
"66,5 : 0.5852"
"5,67 : 0.6101"
"67,5 : 0.6101"
"5,68 : 0.3413"
"68,5 : 0.3413"
"5,69 : 0.692"
"69,5 : 0.692"
"5,70 : 0.5825"
"70,5 : 0.5825"
"5,71 : 0.27"
"71,5 : 0.27"
"5,72 : 0.0728"
"72,5 : 0.0728"
"5,73 : 0.2907"
"73,5 : 0.2907"
"5,74 : 0.4252"
"74,5 : 0.4252"
"5,75 : 0.7752"
"75,5 : 0.7752"
"5,76 : 0.0806"
"76,5 : 0.0806"
"5,77 : 0.9381"
"77,5 : 0.9381"
"5,78 : 0.9246"
"78,5 : 0.9246"
"5,79 : 0.5064"
"79,5 : 0.5064"
"5,80 : 0.5831"
"80,5 : 0.5831"
"5,81 : 0.4405"
"81,5 : 0.4405"
"5,82 : 0.5758"
"82,5 : 0.5758"
"5,83 : 1.0263"
"83,5 : 1.0263"
"5,84 : 0.7256"
"84,5 : 0.7256"
"5,85 : 0.1005"
"85,5 : 0.1005"
"5,86 : 0.6592"
"86,5 : 0.6592"
"5,87 : 0.1273"
"87,5 : 0.1273"
"5,88 : 0.8615"
"88,5 : 0.8615"
"5,89 : 0.63"
"89,5 : 0.63"
"5,90 : 0.1487"
"90,5 : 0.1487"
"5,91 : 0.7708"
"91,5 : 0.7708"
"5,92 : 0.7642"
"92,5 : 0.7642"
"5,93 : 0.7841"
"93,5 : 0.7841"
"5,94 : 0.3513"
"94,5 : 0.3513"
"5,95 : 0.441"
"95,5 : 0.441"
"5,96 : 1.0332"
"96,5 : 1.0332"
"5,97 : 0.4817"
"97,5 : 0.4817"
"5,98 : 0.717"
"98,5 : 0.717"
"5,99 : 0.4965"
"99,5 : 0.4965"
"6,7 : 0.7666"
"7,6 : 0.7666"
"6,8 : 0.1526"
"8,6 : 0.1526"
"6,9 : 0.6201"
"9,6 : 0.6201"
"6,10 : 0.5408"
"10,6 : 0.5408"
"6,11 : 0.2746"
"11,6 : 0.2746"
"6,12 : 0.7741"
"12,6 : 0.7741"
"6,13 : 0.3008"
"13,6 : 0.3008"
"6,14 : 0.5482"
"14,6 : 0.5482"
"6,15 : 0.527"
"15,6 : 0.527"
"6,16 : 0.91"
"16,6 : 0.91"
"6,17 : 0.7103"
"17,6 : 0.7103"
"6,18 : 0.8802"
"18,6 : 0.8802"
"6,19 : 0.8635"
"19,6 : 0.8635"
"6,20 : 0.9305"
"20,6 : 0.9305"
"6,21 : 0.5728"
"21,6 : 0.5728"
"6,22 : 0.9171"
"22,6 : 0.9171"
"6,23 : 0.3801"
"23,6 : 0.3801"
"6,24 : 0.8353"
"24,6 : 0.8353"
"6,25 : 0.1749"
"25,6 : 0.1749"
"6,26 : 0.3774"
"26,6 : 0.3774"
"6,27 : 0.8101"
"27,6 : 0.8101"
"6,28 : 0.9862"
"28,6 : 0.9862"
"6,29 : 0.4717"
"29,6 : 0.4717"
"6,30 : 0.1503"
"30,6 : 0.1503"
"6,31 : 0.2907"
"31,6 : 0.2907"
"6,32 : 0.7824"
"32,6 : 0.7824"
"6,33 : 0.4342"
"33,6 : 0.4342"
"6,34 : 0.966"
"34,6 : 0.966"
"6,35 : 0.6762"
"35,6 : 0.6762"
"6,36 : 0.6454"
"36,6 : 0.6454"
"6,37 : 0.1868"
"37,6 : 0.1868"
"6,38 : 0.7043"
"38,6 : 0.7043"
"6,39 : 0.1342"
"39,6 : 0.1342"
"6,40 : 0.8875"
"40,6 : 0.8875"
"6,41 : 0.2081"
"41,6 : 0.2081"
"6,42 : 0.4492"
"42,6 : 0.4492"
"6,43 : 0.7823"
"43,6 : 0.7823"
"6,44 : 0.9338"
"44,6 : 0.9338"
"6,45 : 0.6191"
"45,6 : 0.6191"
"6,46 : 0.5805"
"46,6 : 0.5805"
"6,47 : 0.431"
"47,6 : 0.431"
"6,48 : 0.7716"
"48,6 : 0.7716"
"6,49 : 0.3895"
"49,6 : 0.3895"
"6,50 : 0.7403"
"50,6 : 0.7403"
"6,51 : 0.8401"
"51,6 : 0.8401"
"6,52 : 0.7543"
"52,6 : 0.7543"
"6,53 : 0.5162"
"53,6 : 0.5162"
"6,54 : 0.4968"
"54,6 : 0.4968"
"6,55 : 0.3912"
"55,6 : 0.3912"
"6,56 : 0.9334"
"56,6 : 0.9334"
"6,57 : 0.2915"
"57,6 : 0.2915"
"6,58 : 0.5686"
"58,6 : 0.5686"
"6,59 : 0.0316"
"59,6 : 0.0316"
"6,60 : 0.5554"
"60,6 : 0.5554"
"6,61 : 0.3231"
"61,6 : 0.3231"
"6,62 : 0.6619"
"62,6 : 0.6619"
"6,63 : 0.2354"
"63,6 : 0.2354"
"6,64 : 0.4101"
"64,6 : 0.4101"
"6,65 : 0.9166"
"65,6 : 0.9166"
"6,66 : 0.4072"
"66,6 : 0.4072"
"6,67 : 0.7577"
"67,6 : 0.7577"
"6,68 : 0.4238"
"68,6 : 0.4238"
"6,69 : 0.3547"
"69,6 : 0.3547"
"6,70 : 0.2332"
"70,6 : 0.2332"
"6,71 : 0.528"
"71,6 : 0.528"
"6,72 : 0.8326"
"72,6 : 0.8326"
"6,73 : 0.9192"
"73,6 : 0.9192"
"6,74 : 0.3722"
"74,6 : 0.3722"
"6,75 : 0.0728"
"75,6 : 0.0728"
"6,76 : 0.7716"
"76,6 : 0.7716"
"6,77 : 0.52"
"77,6 : 0.52"
"6,78 : 0.4148"
"78,6 : 0.4148"
"6,79 : 0.7908"
"79,6 : 0.7908"
"6,80 : 0.5189"
"80,6 : 0.5189"
"6,81 : 0.6807"
"81,6 : 0.6807"
"6,82 : 0.9168"
"82,6 : 0.9168"
"6,83 : 0.5554"
"83,6 : 0.5554"
"6,84 : 0.8766"
"84,6 : 0.8766"
"6,85 : 0.8562"
"85,6 : 0.8562"
"6,86 : 0.8654"
"86,6 : 0.8654"
"6,87 : 0.6426"
"87,6 : 0.6426"
"6,88 : 0.8374"
"88,6 : 0.8374"
"6,89 : 0.3256"
"89,6 : 0.3256"
"6,90 : 0.9035"
"90,6 : 0.9035"
"6,91 : 0.5515"
"91,6 : 0.5515"
"6,92 : 0.2385"
"92,6 : 0.2385"
"6,93 : 0.764"
"93,6 : 0.764"
"6,94 : 0.7206"
"94,6 : 0.7206"
"6,95 : 0.6708"
"95,6 : 0.6708"
"6,96 : 0.4401"
"96,6 : 0.4401"
"6,97 : 0.33"
"97,6 : 0.33"
"6,98 : 0.4205"
"98,6 : 0.4205"
"6,99 : 0.8631"
"99,6 : 0.8631"
"7,8 : 0.7379"
"8,7 : 0.7379"
"7,9 : 0.2247"
"9,7 : 0.2247"
"7,10 : 1.0255"
"10,7 : 1.0255"
"7,11 : 0.6935"
"11,7 : 0.6935"
"7,12 : 0.2816"
"12,7 : 0.2816"
"7,13 : 0.6351"
"13,7 : 0.6351"
"7,14 : 0.2184"
"14,7 : 0.2184"
"7,15 : 0.7824"
"15,7 : 0.7824"
"7,16 : 0.1803"
"16,7 : 0.1803"
"7,17 : 0.6306"
"17,7 : 0.6306"
"7,18 : 0.228"
"18,7 : 0.228"
"7,19 : 0.211"
"19,7 : 0.211"
"7,20 : 0.1838"
"20,7 : 0.1838"
"7,21 : 0.6848"
"21,7 : 0.6848"
"7,22 : 0.2404"
"22,7 : 0.2404"
"7,23 : 0.4011"
"23,7 : 0.4011"
"7,24 : 0.6407"
"24,7 : 0.6407"
"7,25 : 0.7382"
"25,7 : 0.7382"
"7,26 : 0.7497"
"26,7 : 0.7497"
"7,27 : 0.5908"
"27,7 : 0.5908"
"7,28 : 0.2476"
"28,7 : 0.2476"
"7,29 : 0.969"
"29,7 : 0.969"
"7,30 : 0.8276"
"30,7 : 0.8276"
"7,31 : 0.9043"
"31,7 : 0.9043"
"7,32 : 0.2693"
"32,7 : 0.2693"
"7,33 : 0.4046"
"33,7 : 0.4046"
"7,34 : 0.6512"
"34,7 : 0.6512"
"7,35 : 0.7971"
"35,7 : 0.7971"
"7,36 : 0.333"
"36,7 : 0.333"
"7,37 : 0.6133"
"37,7 : 0.6133"
"7,38 : 0.6676"
"38,7 : 0.6676"
"7,39 : 0.6356"
"39,7 : 0.6356"
"7,40 : 0.69"
"40,7 : 0.69"
"7,41 : 0.5756"
"41,7 : 0.5756"
"7,42 : 0.4528"
"42,7 : 0.4528"
"7,43 : 0.6251"
"43,7 : 0.6251"
"7,44 : 0.1844"
"44,7 : 0.1844"
"7,45 : 0.5608"
"45,7 : 0.5608"
"7,46 : 0.3536"
"46,7 : 0.3536"
"7,47 : 0.9949"
"47,7 : 0.9949"
"7,48 : 0.7398"
"48,7 : 0.7398"
"7,49 : 0.4001"
"49,7 : 0.4001"
"7,50 : 0.18"
"50,7 : 0.18"
"7,51 : 0.3421"
"51,7 : 0.3421"
"7,52 : 0.1204"
"52,7 : 0.1204"
"7,53 : 0.6851"
"53,7 : 0.6851"
"7,54 : 0.4569"
"54,7 : 0.4569"
"7,55 : 0.9701"
"55,7 : 0.9701"
"7,56 : 0.2247"
"56,7 : 0.2247"
"7,57 : 0.6339"
"57,7 : 0.6339"
"7,58 : 0.222"
"58,7 : 0.222"
"7,59 : 0.7845"
"59,7 : 0.7845"
"7,60 : 0.959"
"60,7 : 0.959"
"7,61 : 0.7965"
"61,7 : 0.7965"
"7,62 : 0.522"
"62,7 : 0.522"
"7,63 : 0.7906"
"63,7 : 0.7906"
"7,64 : 0.4589"
"64,7 : 0.4589"
"7,65 : 0.3536"
"65,7 : 0.3536"
"7,66 : 0.5233"
"66,7 : 0.5233"
"7,67 : 0.4916"
"67,7 : 0.4916"
"7,68 : 0.3453"
"68,7 : 0.3453"
"7,69 : 0.637"
"69,7 : 0.637"
"7,70 : 0.62"
"70,7 : 0.62"
"7,71 : 0.3418"
"71,7 : 0.3418"
"7,72 : 0.1414"
"72,7 : 0.1414"
"7,73 : 0.1838"
"73,7 : 0.1838"
"7,74 : 0.4031"
"74,7 : 0.4031"
"7,75 : 0.769"
"75,7 : 0.769"
"7,76 : 0.051"
"76,7 : 0.051"
"7,77 : 0.8683"
"77,7 : 0.8683"
"7,78 : 0.87"
"78,7 : 0.87"
"7,79 : 0.3812"
"79,7 : 0.3812"
"7,80 : 0.4993"
"80,7 : 0.4993"
"7,81 : 0.3276"
"81,7 : 0.3276"
"7,82 : 0.446"
"82,7 : 0.446"
"7,83 : 0.959"
"83,7 : 0.959"
"7,84 : 0.6013"
"84,7 : 0.6013"
"7,85 : 0.1393"
"85,7 : 0.1393"
"7,86 : 0.5334"
"86,7 : 0.5334"
"7,87 : 0.1432"
"87,7 : 0.1432"
"7,88 : 0.7467"
"88,7 : 0.7467"
"7,89 : 0.6905"
"89,7 : 0.6905"
"7,90 : 0.228"
"90,7 : 0.228"
"7,91 : 0.686"
"91,7 : 0.686"
"7,92 : 0.7295"
"92,7 : 0.7295"
"7,93 : 0.6727"
"93,7 : 0.6727"
"7,94 : 0.2309"
"94,7 : 0.2309"
"7,95 : 0.3298"
"95,7 : 0.3298"
"7,96 : 0.986"
"96,7 : 0.986"
"7,97 : 0.4562"
"97,7 : 0.4562"
"7,98 : 0.7912"
"98,7 : 0.7912"
"7,99 : 0.3669"
"99,7 : 0.3669"
"8,9 : 0.5579"
"9,8 : 0.5579"
"8,10 : 0.413"
"10,8 : 0.413"
"8,11 : 0.4011"
"11,8 : 0.4011"
"8,12 : 0.6918"
"12,8 : 0.6918"
"8,13 : 0.4111"
"13,8 : 0.4111"
"8,14 : 0.5248"
"14,8 : 0.5248"
"8,15 : 0.3744"
"15,8 : 0.3744"
"8,16 : 0.8989"
"16,8 : 0.8989"
"8,17 : 0.5731"
"17,8 : 0.5731"
"8,18 : 0.8139"
"18,8 : 0.8139"
"8,19 : 0.8683"
"19,8 : 0.8683"
"8,20 : 0.9142"
"20,8 : 0.9142"
"8,21 : 0.4264"
"21,8 : 0.4264"
"8,22 : 0.9201"
"22,8 : 0.9201"
"8,23 : 0.397"
"23,8 : 0.397"
"8,24 : 0.7021"
"24,8 : 0.7021"
"8,25 : 0.0224"
"25,8 : 0.0224"
"8,26 : 0.2247"
"26,8 : 0.2247"
"8,27 : 0.6815"
"27,8 : 0.6815"
"8,28 : 0.9742"
"28,8 : 0.9742"
"8,29 : 0.3423"
"29,8 : 0.3423"
"8,30 : 0.0922"
"30,8 : 0.0922"
"8,31 : 0.1887"
"31,8 : 0.1887"
"8,32 : 0.8062"
"32,8 : 0.8062"
"8,33 : 0.3569"
"33,8 : 0.3569"
"8,34 : 0.8393"
"34,8 : 0.8393"
"8,35 : 0.525"
"35,8 : 0.525"
"8,36 : 0.686"
"36,8 : 0.686"
"8,37 : 0.1281"
"37,8 : 0.1281"
"8,38 : 0.563"
"38,8 : 0.563"
"8,39 : 0.1942"
"39,8 : 0.1942"
"8,40 : 0.7518"
"40,8 : 0.7518"
"8,41 : 0.2657"
"41,8 : 0.2657"
"8,42 : 0.35"
"42,8 : 0.35"
"8,43 : 0.6485"
"43,8 : 0.6485"
"8,44 : 0.8887"
"44,8 : 0.8887"
"8,45 : 0.4885"
"45,8 : 0.4885"
"8,46 : 0.4904"
"46,8 : 0.4904"
"8,47 : 0.3195"
"47,8 : 0.3195"
"8,48 : 0.6263"
"48,8 : 0.6263"
"8,49 : 0.4123"
"49,8 : 0.4123"
"8,50 : 0.6768"
"50,8 : 0.6768"
"8,51 : 0.75"
"51,8 : 0.75"
"8,52 : 0.7021"
"52,8 : 0.7021"
"8,53 : 0.3688"
"53,8 : 0.3688"
"8,54 : 0.5636"
"54,8 : 0.5636"
"8,55 : 0.2823"
"55,8 : 0.2823"
"8,56 : 0.8756"
"56,8 : 0.8756"
"8,57 : 0.4011"
"57,8 : 0.4011"
"8,58 : 0.5685"
"58,8 : 0.5685"
"8,59 : 0.1345"
"59,8 : 0.1345"
"8,60 : 0.413"
"60,8 : 0.413"
"8,61 : 0.1746"
"61,8 : 0.1746"
"8,62 : 0.5376"
"62,8 : 0.5376"
"8,63 : 0.3828"
"63,8 : 0.3828"
"8,64 : 0.4696"
"64,8 : 0.4696"
"8,65 : 0.8302"
"65,8 : 0.8302"
"8,66 : 0.2927"
"66,8 : 0.2927"
"8,67 : 0.6403"
"67,8 : 0.6403"
"8,68 : 0.4187"
"68,8 : 0.4187"
"8,69 : 0.2147"
"69,8 : 0.2147"
"8,70 : 0.3324"
"70,8 : 0.3324"
"8,71 : 0.564"
"71,8 : 0.564"
"8,72 : 0.8266"
"72,8 : 0.8266"
"8,73 : 0.8698"
"73,8 : 0.8698"
"8,74 : 0.3362"
"74,8 : 0.3362"
"8,75 : 0.0849"
"75,8 : 0.0849"
"8,76 : 0.7529"
"76,8 : 0.7529"
"8,77 : 0.37"
"77,8 : 0.37"
"8,78 : 0.2717"
"78,8 : 0.2717"
"8,79 : 0.6918"
"79,8 : 0.6918"
"8,80 : 0.4002"
"80,8 : 0.4002"
"8,81 : 0.5901"
"81,8 : 0.5901"
"8,82 : 0.815"
"82,8 : 0.815"
"8,83 : 0.413"
"83,8 : 0.413"
"8,84 : 0.7503"
"84,8 : 0.7503"
"8,85 : 0.846"
"85,8 : 0.846"
"8,86 : 0.7473"
"86,8 : 0.7473"
"8,87 : 0.6325"
"87,8 : 0.6325"
"8,88 : 0.694"
"88,8 : 0.694"
"8,89 : 0.4504"
"89,8 : 0.4504"
"8,90 : 0.906"
"90,8 : 0.906"
"8,91 : 0.4046"
"91,8 : 0.4046"
"8,92 : 0.086"
"92,8 : 0.086"
"8,93 : 0.6243"
"93,8 : 0.6243"
"8,94 : 0.6478"
"94,8 : 0.6478"
"8,95 : 0.5801"
"95,8 : 0.5801"
"8,96 : 0.3228"
"96,8 : 0.3228"
"8,97 : 0.2818"
"97,8 : 0.2818"
"8,98 : 0.559"
"98,8 : 0.559"
"8,99 : 0.7703"
"99,8 : 0.7703"
"9,10 : 0.8066"
"10,9 : 0.8066"
"9,11 : 0.6265"
"11,9 : 0.6265"
"9,12 : 0.1749"
"12,9 : 0.1749"
"9,13 : 0.5771"
"13,9 : 0.5771"
"9,14 : 0.1581"
"14,9 : 0.1581"
"9,15 : 0.558"
"15,9 : 0.558"
"9,16 : 0.405"
"16,9 : 0.405"
"9,17 : 0.4219"
"17,9 : 0.4219"
"9,18 : 0.2602"
"18,9 : 0.2602"
"9,19 : 0.4238"
"19,9 : 0.4238"
"9,20 : 0.4061"
"20,9 : 0.4061"
"9,21 : 0.4607"
"21,9 : 0.4607"
"9,22 : 0.461"
"22,9 : 0.461"
"9,23 : 0.3225"
"23,9 : 0.3225"
"9,24 : 0.4589"
"24,9 : 0.4589"
"9,25 : 0.5536"
"25,9 : 0.5536"
"9,26 : 0.5341"
"26,9 : 0.5341"
"9,27 : 0.41"
"27,9 : 0.41"
"9,28 : 0.4701"
"28,9 : 0.4701"
"9,29 : 0.7529"
"29,9 : 0.7529"
"9,30 : 0.65"
"30,9 : 0.65"
"9,31 : 0.7068"
"31,9 : 0.7068"
"9,32 : 0.4405"
"32,9 : 0.4405"
"9,33 : 0.2025"
"33,9 : 0.2025"
"9,34 : 0.51"
"34,9 : 0.51"
"9,35 : 0.5758"
"35,9 : 0.5758"
"9,36 : 0.4301"
"36,9 : 0.4301"
"9,37 : 0.4441"
"37,9 : 0.4441"
"9,38 : 0.4554"
"38,9 : 0.4554"
"9,39 : 0.5025"
"39,9 : 0.5025"
"9,40 : 0.5142"
"40,9 : 0.5142"
"9,41 : 0.4632"
"41,9 : 0.4632"
"9,42 : 0.236"
"42,9 : 0.236"
"9,43 : 0.4319"
"43,9 : 0.4319"
"9,44 : 0.3354"
"44,9 : 0.3354"
"9,45 : 0.3421"
"45,9 : 0.3421"
"9,46 : 0.13"
"46,9 : 0.13"
"9,47 : 0.7849"
"47,9 : 0.7849"
"9,48 : 0.5324"
"48,9 : 0.5324"
"9,49 : 0.3329"
"49,9 : 0.3329"
"9,50 : 0.1204"
"50,9 : 0.1204"
"9,51 : 0.2524"
"51,9 : 0.2524"
"9,52 : 0.1476"
"52,9 : 0.1476"
"9,53 : 0.4604"
"53,9 : 0.4604"
"9,54 : 0.4763"
"54,9 : 0.4763"
"9,55 : 0.7632"
"55,9 : 0.7632"
"9,56 : 0.3178"
"56,9 : 0.3178"
"9,57 : 0.5725"
"57,9 : 0.5725"
"9,58 : 0.2417"
"58,9 : 0.2417"
"9,59 : 0.6313"
"59,9 : 0.6313"
"9,60 : 0.7366"
"60,9 : 0.7366"
"9,61 : 0.5883"
"61,9 : 0.5883"
"9,62 : 0.3114"
"62,9 : 0.3114"
"9,63 : 0.7052"
"63,9 : 0.7052"
"9,64 : 0.4328"
"64,9 : 0.4328"
"9,65 : 0.3138"
"65,9 : 0.3138"
"9,66 : 0.3081"
"66,9 : 0.3081"
"9,67 : 0.3105"
"67,9 : 0.3105"
"9,68 : 0.2555"
"68,9 : 0.2555"
"9,69 : 0.4244"
"69,9 : 0.4244"
"9,70 : 0.5349"
"70,9 : 0.5349"
"9,71 : 0.3689"
"71,9 : 0.3689"
"9,72 : 0.3585"
"72,9 : 0.3585"
"9,73 : 0.3138"
"73,9 : 0.3138"
"9,74 : 0.2518"
"74,9 : 0.2518"
"9,75 : 0.6053"
"75,9 : 0.6053"
"9,76 : 0.264"
"76,9 : 0.264"
"9,77 : 0.6454"
"77,9 : 0.6454"
"9,78 : 0.6544"
"78,9 : 0.6544"
"9,79 : 0.2421"
"79,9 : 0.2421"
"9,80 : 0.2746"
"80,9 : 0.2746"
"9,81 : 0.1393"
"81,9 : 0.1393"
"9,82 : 0.3547"
"82,9 : 0.3547"
"9,83 : 0.7366"
"83,9 : 0.7366"
"9,84 : 0.4401"
"84,9 : 0.4401"
"9,85 : 0.3624"
"85,9 : 0.3624"
"9,86 : 0.3847"
"86,9 : 0.3847"
"9,87 : 0.2209"
"87,9 : 0.2209"
"9,88 : 0.5504"
"88,9 : 0.5504"
"9,89 : 0.6401"
"89,9 : 0.6401"
"9,90 : 0.4478"
"90,9 : 0.4478"
"9,91 : 0.4614"
"91,9 : 0.4614"
"9,92 : 0.5331"
"92,9 : 0.5331"
"9,93 : 0.4701"
"93,9 : 0.4701"
"9,94 : 0.1077"
"94,9 : 0.1077"
"9,95 : 0.136"
"95,9 : 0.136"
"9,96 : 0.7742"
"96,9 : 0.7742"
"9,97 : 0.2902"
"97,9 : 0.2902"
"9,98 : 0.7601"
"98,9 : 0.7601"
"9,99 : 0.2802"
"99,9 : 0.2802"
"10,11 : 0.8102"
"11,10 : 0.8102"
"10,12 : 0.8713"
"12,10 : 0.8713"
"10,13 : 0.8239"
"13,10 : 0.8239"
"10,14 : 0.844"
"14,10 : 0.844"
"10,15 : 0.2786"
"15,10 : 0.2786"
"10,16 : 1.2034"
"16,10 : 1.2034"
"10,17 : 0.5652"
"17,10 : 0.5652"
"10,18 : 1.0179"
"18,10 : 1.0179"
"10,19 : 1.1981"
"19,10 : 1.1981"
"10,20 : 1.2093"
"20,10 : 1.2093"
"10,21 : 0.405"
"21,10 : 0.405"
"10,22 : 1.2447"
"22,10 : 1.2447"
"10,23 : 0.7747"
"23,10 : 0.7747"
"10,24 : 0.6873"
"24,10 : 0.6873"
"10,25 : 0.3946"
"25,10 : 0.3946"
"10,26 : 0.278"
"26,10 : 0.278"
"10,27 : 0.6963"
"27,10 : 0.6963"
"10,28 : 1.2731"
"28,10 : 1.2731"
"10,29 : 0.0707"
"29,10 : 0.0707"
"10,30 : 0.392"
"30,10 : 0.392"
"10,31 : 0.255"
"31,10 : 0.255"
"10,32 : 1.1628"
"32,10 : 1.1628"
"10,33 : 0.6248"
"33,10 : 0.6248"
"10,34 : 0.836"
"34,10 : 0.836"
"10,35 : 0.3901"
"35,10 : 0.3901"
"10,36 : 1.0645"
"36,10 : 1.0645"
"10,37 : 0.5124"
"37,10 : 0.5124"
"10,38 : 0.5295"
"38,10 : 0.5295"
"10,39 : 0.6067"
"39,10 : 0.6067"
"10,40 : 0.7118"
"40,10 : 0.7118"
"10,41 : 0.6747"
"41,10 : 0.6747"
"10,42 : 0.5728"
"42,10 : 0.5728"
"10,43 : 0.6413"
"43,10 : 0.6413"
"10,44 : 1.1323"
"44,10 : 1.1323"
"10,45 : 0.5463"
"45,10 : 0.5463"
"10,46 : 0.6903"
"46,10 : 0.6903"
"10,47 : 0.1253"
"47,10 : 0.1253"
"10,48 : 0.5404"
"48,10 : 0.5404"
"10,49 : 0.7931"
"49,10 : 0.7931"
"10,50 : 0.9043"
"50,10 : 0.9043"
"10,51 : 0.8989"
"51,10 : 0.8989"
"10,52 : 0.9502"
"52,10 : 0.9502"
"10,53 : 0.3712"
"53,10 : 0.3712"
"10,54 : 0.9646"
"54,10 : 0.9646"
"10,55 : 0.1616"
"55,10 : 0.1616"
"10,56 : 1.0929"
"56,10 : 1.0929"
"10,57 : 0.8139"
"57,10 : 0.8139"
"10,58 : 0.9127"
"58,10 : 0.9127"
"10,59 : 0.5116"
"59,10 : 0.5116"
"10,60 : 0.1"
"60,10 : 0.1"
"10,61 : 0.2563"
"61,10 : 0.2563"
"10,62 : 0.6093"
"62,10 : 0.6093"
"10,63 : 0.7741"
"63,10 : 0.7741"
"10,64 : 0.8698"
"64,10 : 0.8698"
"10,65 : 0.9794"
"65,10 : 0.9794"
"10,66 : 0.5025"
"66,10 : 0.5025"
"10,67 : 0.7151"
"67,10 : 0.7151"
"10,68 : 0.7741"
"68,10 : 0.7741"
"10,69 : 0.392"
"69,10 : 0.392"
"10,70 : 0.7455"
"70,10 : 0.7455"
"10,71 : 0.9443"
"71,10 : 0.9443"
"10,72 : 1.1434"
"72,10 : 1.1434"
"10,73 : 1.106"
"73,10 : 1.106"
"10,74 : 0.6723"
"74,10 : 0.6723"
"10,75 : 0.4701"
"75,10 : 0.4701"
"10,76 : 1.0555"
"76,10 : 1.0555"
"10,77 : 0.1803"
"77,10 : 0.1803"
"10,78 : 0.1612"
"78,10 : 0.1612"
"10,79 : 0.8229"
"79,10 : 0.8229"
"10,80 : 0.5441"
"80,10 : 0.5441"
"10,81 : 0.7655"
"81,10 : 0.7655"
"10,82 : 0.9176"
"82,10 : 0.9176"
"10,83 : 0.1"
"83,10 : 0.1"
"10,84 : 0.763"
"84,10 : 0.763"
"10,85 : 1.1552"
"85,10 : 1.1552"
"10,86 : 0.7981"
"86,10 : 0.7981"
"10,87 : 0.958"
"87,10 : 0.958"
"10,88 : 0.61"
"88,10 : 0.61"
"10,89 : 0.8605"
"89,10 : 0.8605"
"10,90 : 1.2307"
"90,10 : 1.2307"
"10,91 : 0.39"
"91,10 : 0.39"
"10,92 : 0.3544"
"92,10 : 0.3544"
"10,93 : 0.5855"
"93,10 : 0.5855"
"10,94 : 0.858"
"94,10 : 0.858"
"10,95 : 0.7572"
"95,10 : 0.7572"
"10,96 : 0.1077"
"96,10 : 0.1077"
"10,97 : 0.6177"
"97,10 : 0.6177"
"10,98 : 0.9613"
"98,10 : 0.9613"
"10,99 : 0.908"
"99,10 : 0.908"
"11,12 : 0.8006"
"12,11 : 0.8006"
"11,13 : 0.0608"
"13,11 : 0.0608"
"11,14 : 0.4973"
"14,11 : 0.4973"
"11,15 : 0.7495"
"15,11 : 0.7495"
"11,16 : 0.794"
"16,11 : 0.794"
"11,17 : 0.8621"
"17,11 : 0.8621"
"11,18 : 0.8668"
"18,11 : 0.8668"
"11,19 : 0.7237"
"19,11 : 0.7237"
"11,20 : 0.8222"
"20,11 : 0.8222"
"11,21 : 0.7606"
"21,11 : 0.7606"
"11,22 : 0.7767"
"22,11 : 0.7767"
"11,23 : 0.3068"
"23,11 : 0.3068"
"11,24 : 0.9694"
"24,11 : 0.9694"
"11,25 : 0.4219"
"25,11 : 0.4219"
"11,26 : 0.6088"
"26,11 : 0.6088"
"11,27 : 0.9334"
"27,11 : 0.9334"
"11,28 : 0.867"
"28,11 : 0.867"
"11,29 : 0.7401"
"29,11 : 0.7401"
"11,30 : 0.4243"
"30,11 : 0.4243"
"11,31 : 0.5644"
"31,11 : 0.5644"
"11,32 : 0.6168"
"32,11 : 0.6168"
"11,33 : 0.5033"
"33,11 : 0.5033"
"11,34 : 1.0771"
"34,11 : 1.0771"
"11,35 : 0.8814"
"35,11 : 0.8814"
"11,36 : 0.4649"
"36,11 : 0.4649"
"11,37 : 0.3454"
"37,11 : 0.3454"
"11,38 : 0.8684"
"38,11 : 0.8684"
"11,39 : 0.2214"
"39,11 : 0.2214"
"11,40 : 1.0265"
"40,11 : 1.0265"
"11,41 : 0.1921"
"41,11 : 0.1921"
"11,42 : 0.5517"
"42,11 : 0.5517"
"11,43 : 0.921"
"43,11 : 0.921"
"11,44 : 0.8769"
"44,11 : 0.8769"
"11,45 : 0.7606"
"45,11 : 0.7606"
"11,46 : 0.644"
"46,11 : 0.644"
"11,47 : 0.7046"
"47,11 : 0.7046"
"11,48 : 0.9458"
"48,11 : 0.9458"
"11,49 : 0.3008"
"49,11 : 0.3008"
"11,50 : 0.7339"
"50,11 : 0.7339"
"11,51 : 0.8766"
"51,11 : 0.8766"
"11,52 : 0.7253"
"52,11 : 0.7253"
"11,53 : 0.7111"
"53,11 : 0.7111"
"11,54 : 0.2915"
"54,11 : 0.2915"
"11,55 : 0.6648"
"55,11 : 0.6648"
"11,56 : 0.9003"
"56,11 : 0.9003"
"11,57 : 0.06"
"57,11 : 0.06"
"11,58 : 0.4717"
"58,11 : 0.4717"
"11,59 : 0.3059"
"59,11 : 0.3059"
"11,60 : 0.8139"
"60,11 : 0.8139"
"11,61 : 0.5743"
"61,11 : 0.5743"
"11,62 : 0.7852"
"62,11 : 0.7852"
"11,63 : 0.1077"
"63,11 : 0.1077"
"11,64 : 0.2408"
"64,11 : 0.2408"
"11,65 : 0.9402"
"65,11 : 0.9402"
"11,66 : 0.5441"
"66,11 : 0.5441"
"11,67 : 0.858"
"67,11 : 0.858"
"11,68 : 0.3734"
"68,11 : 0.3734"
"11,69 : 0.5463"
"69,11 : 0.5463"
"11,70 : 0.099"
"70,11 : 0.099"
"11,71 : 0.3734"
"71,11 : 0.3734"
"11,72 : 0.7134"
"72,11 : 0.7134"
"11,73 : 0.8713"
"73,11 : 0.8713"
"11,74 : 0.3941"
"74,11 : 0.3941"
"11,75 : 0.3413"
"75,11 : 0.3413"
"11,76 : 0.6803"
"76,11 : 0.6803"
"11,77 : 0.7649"
"77,11 : 0.7649"
"11,78 : 0.6727"
"78,11 : 0.6727"
"11,79 : 0.8491"
"79,11 : 0.8491"
"11,80 : 0.6454"
"80,11 : 0.6454"
"11,81 : 0.7325"
"81,11 : 0.7325"
"11,82 : 0.9725"
"82,11 : 0.9725"
"11,83 : 0.8139"
"83,11 : 0.8139"
"11,84 : 0.9909"
"84,11 : 0.9909"
"11,85 : 0.7424"
"85,11 : 0.7424"
"11,86 : 0.9605"
"86,11 : 0.9605"
"11,87 : 0.5515"
"87,11 : 0.5515"
"11,88 : 1.0021"
"88,11 : 1.0021"
"11,89 : 0.051"
"89,11 : 0.051"
"11,90 : 0.7649"
"90,11 : 0.7649"
"11,91 : 0.7424"
"91,11 : 0.7424"
"11,92 : 0.4768"
"92,11 : 0.4768"
"11,93 : 0.9201"
"93,11 : 0.9201"
"11,94 : 0.7341"
"94,11 : 0.7341"
"11,95 : 0.724"
"95,11 : 0.724"
"11,96 : 0.7125"
"96,11 : 0.7125"
"11,97 : 0.389"
"97,11 : 0.389"
"11,98 : 0.1655"
"98,11 : 0.1655"
"11,99 : 0.9035"
"99,11 : 0.9035"
"12,13 : 0.7518"
"13,12 : 0.7518"
"12,14 : 0.3256"
"14,12 : 0.3256"
"12,15 : 0.6"
"15,12 : 0.6"
"12,16 : 0.4357"
"16,12 : 0.4357"
"12,17 : 0.3808"
"17,12 : 0.3808"
"12,18 : 0.1487"
"18,12 : 0.1487"
"12,19 : 0.4901"
"19,12 : 0.4901"
"12,20 : 0.422"
"20,12 : 0.422"
"12,21 : 0.4817"
"21,12 : 0.4817"
"12,22 : 0.5116"
"22,12 : 0.5116"
"12,23 : 0.4974"
"23,12 : 0.4974"
"12,24 : 0.365"
"24,12 : 0.365"
"12,25 : 0.6836"
"25,12 : 0.6836"
"12,26 : 0.6185"
"26,12 : 0.6185"
"12,27 : 0.3158"
"27,12 : 0.3158"
"12,28 : 0.4808"
"28,12 : 0.4808"
"12,29 : 0.8276"
"29,12 : 0.8276"
"12,30 : 0.7831"
"30,12 : 0.7831"
"12,31 : 0.8174"
"31,12 : 0.8174"
"12,32 : 0.5457"
"32,12 : 0.5457"
"12,33 : 0.3406"
"33,12 : 0.3406"
"12,34 : 0.3711"
"34,12 : 0.3711"
"12,35 : 0.5701"
"35,12 : 0.5701"
"12,36 : 0.5731"
"36,12 : 0.5731"
"12,37 : 0.5908"
"37,12 : 0.5908"
"12,38 : 0.4219"
"38,12 : 0.4219"
"12,39 : 0.6649"
"39,12 : 0.6649"
"12,40 : 0.4111"
"40,12 : 0.4111"
"12,41 : 0.6325"
"41,12 : 0.6325"
"12,42 : 0.3437"
"42,12 : 0.3437"
"12,43 : 0.3574"
"43,12 : 0.3574"
"12,44 : 0.283"
"44,12 : 0.283"
"12,45 : 0.3394"
"45,12 : 0.3394"
"12,46 : 0.2022"
"46,12 : 0.2022"
"12,47 : 0.8732"
"47,12 : 0.8732"
"12,48 : 0.4833"
"48,12 : 0.4833"
"12,49 : 0.5077"
"49,12 : 0.5077"
"12,50 : 0.1044"
"50,12 : 0.1044"
"12,51 : 0.0781"
"51,12 : 0.0781"
"12,52 : 0.1612"
"52,12 : 0.1612"
"12,53 : 0.5022"
"53,12 : 0.5022"
"12,54 : 0.6435"
"54,12 : 0.6435"
"12,55 : 0.858"
"55,12 : 0.858"
"12,56 : 0.2263"
"56,12 : 0.2263"
"12,57 : 0.7471"
"57,12 : 0.7471"
"12,58 : 0.3982"
"58,12 : 0.3982"
"12,59 : 0.7816"
"59,12 : 0.7816"
"12,60 : 0.7882"
"60,12 : 0.7882"
"12,61 : 0.6862"
"61,12 : 0.6862"
"12,62 : 0.2843"
"62,12 : 0.2843"
"12,63 : 0.8766"
"63,12 : 0.8766"
"12,64 : 0.6061"
"64,12 : 0.6061"
"12,65 : 0.1432"
"65,12 : 0.1432"
"12,66 : 0.41"
"66,12 : 0.41"
"12,67 : 0.2214"
"67,12 : 0.2214"
"12,68 : 0.4305"
"68,12 : 0.4305"
"12,69 : 0.522"
"69,12 : 0.522"
"12,70 : 0.7077"
"70,12 : 0.7077"
"12,71 : 0.5315"
"71,12 : 0.5315"
"12,72 : 0.4201"
"72,12 : 0.4201"
"12,73 : 0.2524"
"73,12 : 0.2524"
"12,74 : 0.4176"
"74,12 : 0.4176"
"12,75 : 0.7501"
"75,12 : 0.7501"
"12,76 : 0.3324"
"76,12 : 0.3324"
"12,77 : 0.6963"
"77,12 : 0.6963"
"12,78 : 0.7335"
"78,12 : 0.7335"
"12,79 : 0.1"
"79,12 : 0.1"
"12,80 : 0.3311"
"80,12 : 0.3311"
"12,81 : 0.1077"
"81,12 : 0.1077"
"12,82 : 0.1844"
"82,12 : 0.1844"
"12,83 : 0.7882"
"83,12 : 0.7882"
"12,84 : 0.3202"
"84,12 : 0.3202"
"12,85 : 0.4105"
"85,12 : 0.4105"
"12,86 : 0.2518"
"86,12 : 0.2518"
"12,87 : 0.3536"
"87,12 : 0.3536"
"12,88 : 0.478"
"88,12 : 0.478"
"12,89 : 0.8149"
"89,12 : 0.8149"
"12,90 : 0.5009"
"90,12 : 0.5009"
"12,91 : 0.4904"
"91,12 : 0.4904"
"12,92 : 0.6512"
"92,12 : 0.6512"
"12,93 : 0.4123"
"93,12 : 0.4123"
"12,94 : 0.0707"
"94,12 : 0.0707"
"12,95 : 0.117"
"95,12 : 0.117"
"12,96 : 0.8591"
"96,12 : 0.8591"
"12,97 : 0.4472"
"97,12 : 0.4472"
"12,98 : 0.9349"
"98,12 : 0.9349"
"12,99 : 0.1063"
"99,12 : 0.1063"
"13,14 : 0.4427"
"14,13 : 0.4427"
"13,15 : 0.7422"
"15,13 : 0.7422"
"13,16 : 0.7333"
"16,13 : 0.7333"
"13,17 : 0.8349"
"17,13 : 0.8349"
"13,18 : 0.8127"
"18,13 : 0.8127"
"13,19 : 0.6629"
"19,13 : 0.6629"
"13,20 : 0.7616"
"20,13 : 0.7616"
"13,21 : 0.7432"
"21,13 : 0.7432"
"13,22 : 0.7159"
"22,13 : 0.7159"
