x,y
0.94,0.61
0.41,0.32
0.96,0.27
0.67,0.71
0.64,0.37
0.63,0.16
0.14,0.9
0.41,0.22
0.34,0.96
0.94,0.42
0.47,0.46
0.34,0.29
0.26,0.03
0.61,0.71
0.18,0.55
0.15,0.13
0.36,0.08
0.01,0.1
0.12,0.83
0.75,0.14
0.34,0.5
0.08,0.56
0.4,0.35
0.09,0.37
0.64,0.9
0.7,0.21
0.88,0.57
0.22,0.98
0.9,0.47
0.07,0.78
0.13,0.89
0.58,0.58
0.98,0.33
0.98,0.94
0.95,0.05
0.94,0.01
0.3,0.87
0.42,0.37
0.25,0.91
0.91,0.62
0.63,0.3
0.19,0.13
0.16,0.43
0.08,0.75
0.99,0.48
0.38,0.05
0.48,0.35
0.38,0.85
0.73,0.6
0.4,0.81
0.17,0.51
0.95,0.73
0.39,0.87
0.42,0.53
0.3,0.09
0.19,0.89
0.86,0.19
0.32,0.6
0.73,0.2
0.31,0.23
0.1,0.76
0.11,0.08
0.86,0.9
0.06,0.38
0.39,0.11
0.78,0.24
0.47,0.44
0.51,0.62
0.48,0.02
0.06,0.87
0.66,0.73
0.48,0.22
0.09,0.01
0.1,0.19
0.29,0.69
0.27,0.51
0.76,0.83
0.72,0.64
0.25,0.75
0.94,0.06
0.47,0.72
0.28,0.09
0.59,0.98
0.33,0.76
0.46,0.93
0.7,0.99
0.22,0.7
0.8,0.84
0.48,0.79
0.26,0.83
0.68,0.47
0.83,0.61
0.63,0.14
0.5,0.03
0.59,0.41
0.63,0.11
0.89,0.17
0.5,0.9
0.1,0.39
0.21,0.29

Distanze
"0,1 : 0.6042"
"1,0 : 0.6042"
"0,2 : 0.3406"
"2,0 : 0.3406"
"0,3 : 0.2879"
"3,0 : 0.2879"
"0,4 : 0.3842"
"4,0 : 0.3842"
"0,5 : 0.5464"
"5,0 : 0.5464"
"0,6 : 0.8509"
"6,0 : 0.8509"
"0,7 : 0.658"
"7,0 : 0.658"
"0,8 : 0.6946"
"8,0 : 0.6946"
"0,9 : 0.19"
"9,0 : 0.19"
"0,10 : 0.4934"
"10,0 : 0.4934"
"0,11 : 0.68"
"11,0 : 0.68"
"0,12 : 0.8938"
"12,0 : 0.8938"
"0,13 : 0.3448"
"13,0 : 0.3448"
"0,14 : 0.7624"
"14,0 : 0.7624"
"0,15 : 0.9244"
"15,0 : 0.9244"
"0,16 : 0.7857"
"16,0 : 0.7857"
"0,17 : 1.0607"
"17,0 : 1.0607"
"0,18 : 0.849"
"18,0 : 0.849"
"0,19 : 0.507"
"19,0 : 0.507"
"0,20 : 0.61"
"20,0 : 0.61"
"0,21 : 0.8615"
"21,0 : 0.8615"
"0,22 : 0.5993"
"22,0 : 0.5993"
"0,23 : 0.8832"
"23,0 : 0.8832"
"0,24 : 0.4173"
"24,0 : 0.4173"
"0,25 : 0.4665"
"25,0 : 0.4665"
"0,26 : 0.0721"
"26,0 : 0.0721"
"0,27 : 0.8095"
"27,0 : 0.8095"
"0,28 : 0.1456"
"28,0 : 0.1456"
"0,29 : 0.8865"
"29,0 : 0.8865"
"0,30 : 0.857"
"30,0 : 0.857"
"0,31 : 0.3612"
"31,0 : 0.3612"
"0,32 : 0.2828"
"32,0 : 0.2828"
"0,33 : 0.3324"
"33,0 : 0.3324"
"0,34 : 0.5601"
"34,0 : 0.5601"
"0,35 : 0.6"
"35,0 : 0.6"
"0,36 : 0.6908"
"36,0 : 0.6908"
"0,37 : 0.5727"
"37,0 : 0.5727"
"0,38 : 0.7524"
"38,0 : 0.7524"
"0,39 : 0.0316"
"39,0 : 0.0316"
"0,40 : 0.4384"
"40,0 : 0.4384"
"0,41 : 0.8904"
"41,0 : 0.8904"
"0,42 : 0.8005"
"42,0 : 0.8005"
"0,43 : 0.8713"
"43,0 : 0.8713"
"0,44 : 0.1393"
"44,0 : 0.1393"
"0,45 : 0.792"
"45,0 : 0.792"
"0,46 : 0.5284"
"46,0 : 0.5284"
"0,47 : 0.6093"
"47,0 : 0.6093"
"0,48 : 0.2102"
"48,0 : 0.2102"
"0,49 : 0.5758"
"49,0 : 0.5758"
"0,50 : 0.7765"
"50,0 : 0.7765"
"0,51 : 0.1204"
"51,0 : 0.1204"
"0,52 : 0.6084"
"52,0 : 0.6084"
"0,53 : 0.5261"
"53,0 : 0.5261"
"0,54 : 0.8246"
"54,0 : 0.8246"
"0,55 : 0.8006"
"55,0 : 0.8006"
"0,56 : 0.4276"
"56,0 : 0.4276"
"0,57 : 0.6201"
"57,0 : 0.6201"
"0,58 : 0.4607"
"58,0 : 0.4607"
"0,59 : 0.7357"
"59,0 : 0.7357"
"0,60 : 0.8533"
"60,0 : 0.8533"
"0,61 : 0.9848"
"61,0 : 0.9848"
"0,62 : 0.3008"
"62,0 : 0.3008"
"0,63 : 0.9096"
"63,0 : 0.9096"
"0,64 : 0.7433"
"64,0 : 0.7433"
"0,65 : 0.4031"
"65,0 : 0.4031"
"0,66 : 0.4998"
"66,0 : 0.4998"
"0,67 : 0.4301"
"67,0 : 0.4301"
"0,68 : 0.7481"
"68,0 : 0.7481"
"0,69 : 0.9176"
"69,0 : 0.9176"
"0,70 : 0.3046"
"70,0 : 0.3046"
"0,71 : 0.6031"
"71,0 : 0.6031"
"0,72 : 1.0404"
"72,0 : 1.0404"
"0,73 : 0.9391"
"73,0 : 0.9391"
"0,74 : 0.6549"
"74,0 : 0.6549"
"0,75 : 0.6774"
"75,0 : 0.6774"
"0,76 : 0.2843"
"76,0 : 0.2843"
"0,77 : 0.222"
"77,0 : 0.222"
"0,78 : 0.7041"
"78,0 : 0.7041"
"0,79 : 0.55"
"79,0 : 0.55"
"0,80 : 0.4827"
"80,0 : 0.4827"
"0,81 : 0.8402"
"81,0 : 0.8402"
"0,82 : 0.5093"
"82,0 : 0.5093"
"0,83 : 0.6282"
"83,0 : 0.6282"
"0,84 : 0.5769"
"84,0 : 0.5769"
"0,85 : 0.4494"
"85,0 : 0.4494"
"0,86 : 0.7256"
"86,0 : 0.7256"
"0,87 : 0.2693"
"87,0 : 0.2693"
"0,88 : 0.494"
"88,0 : 0.494"
"0,89 : 0.7147"
"89,0 : 0.7147"
"0,90 : 0.2953"
"90,0 : 0.2953"
"0,91 : 0.11"
"91,0 : 0.11"
"0,92 : 0.563"
"92,0 : 0.563"
"0,93 : 0.728"
"93,0 : 0.728"
"0,94 : 0.4031"
"94,0 : 0.4031"
"0,95 : 0.5883"
"95,0 : 0.5883"
"0,96 : 0.4428"
"96,0 : 0.4428"
"0,97 : 0.527"
"97,0 : 0.527"
"0,98 : 0.8683"
"98,0 : 0.8683"
"0,99 : 0.7971"
"99,0 : 0.7971"
"1,2 : 0.5523"
"2,1 : 0.5523"
"1,3 : 0.4687"
"3,1 : 0.4687"
"1,4 : 0.2354"
"4,1 : 0.2354"
"1,5 : 0.272"
"5,1 : 0.272"
"1,6 : 0.6398"
"6,1 : 0.6398"
"1,7 : 0.1"
"7,1 : 0.1"
"1,8 : 0.6438"
"8,1 : 0.6438"
"1,9 : 0.5394"
"9,1 : 0.5394"
"1,10 : 0.1523"
"10,1 : 0.1523"
"1,11 : 0.0762"
"11,1 : 0.0762"
"1,12 : 0.3265"
"12,1 : 0.3265"
"1,13 : 0.4383"
"13,1 : 0.4383"
"1,14 : 0.3253"
"14,1 : 0.3253"
"1,15 : 0.322"
"15,1 : 0.322"
"1,16 : 0.2452"
"16,1 : 0.2452"
"1,17 : 0.4565"
"17,1 : 0.4565"
"1,18 : 0.5867"
"18,1 : 0.5867"
"1,19 : 0.3847"
"19,1 : 0.3847"
"1,20 : 0.1931"
"20,1 : 0.1931"
"1,21 : 0.408"
"21,1 : 0.408"
"1,22 : 0.0316"
"22,1 : 0.0316"
"1,23 : 0.3239"
"23,1 : 0.3239"
"1,24 : 0.6239"
"24,1 : 0.6239"
"1,25 : 0.3102"
"25,1 : 0.3102"
"1,26 : 0.5324"
"26,1 : 0.5324"
"1,27 : 0.6868"
"27,1 : 0.6868"
"1,28 : 0.5124"
"28,1 : 0.5124"
"1,29 : 0.572"
"29,1 : 0.572"
"1,30 : 0.6351"
"30,1 : 0.6351"
"1,31 : 0.3106"
"31,1 : 0.3106"
"1,32 : 0.5701"
"32,1 : 0.5701"
"1,33 : 0.8422"
"33,1 : 0.8422"
"1,34 : 0.6037"
"34,1 : 0.6037"
"1,35 : 0.614"
"35,1 : 0.614"
"1,36 : 0.5609"
"36,1 : 0.5609"
"1,37 : 0.051"
"37,1 : 0.051"
"1,38 : 0.6113"
"38,1 : 0.6113"
"1,39 : 0.5831"
"39,1 : 0.5831"
"1,40 : 0.2209"
"40,1 : 0.2209"
"1,41 : 0.2907"
"41,1 : 0.2907"
"1,42 : 0.2731"
"42,1 : 0.2731"
"1,43 : 0.542"
"43,1 : 0.542"
"1,44 : 0.6017"
"44,1 : 0.6017"
"1,45 : 0.2717"
"45,1 : 0.2717"
"1,46 : 0.0762"
"46,1 : 0.0762"
"1,47 : 0.5308"
"47,1 : 0.5308"
"1,48 : 0.4252"
"48,1 : 0.4252"
"1,49 : 0.4901"
"49,1 : 0.4901"
"1,50 : 0.3061"
"50,1 : 0.3061"
"1,51 : 0.678"
"51,1 : 0.678"
"1,52 : 0.5504"
"52,1 : 0.5504"
"1,53 : 0.2102"
"53,1 : 0.2102"
"1,54 : 0.255"
"54,1 : 0.255"
"1,55 : 0.611"
"55,1 : 0.611"
"1,56 : 0.4684"
"56,1 : 0.4684"
"1,57 : 0.2941"
"57,1 : 0.2941"
"1,58 : 0.3418"
"58,1 : 0.3418"
"1,59 : 0.1345"
"59,1 : 0.1345"
"1,60 : 0.5382"
"60,1 : 0.5382"
"1,61 : 0.3842"
"61,1 : 0.3842"
"1,62 : 0.7341"
"62,1 : 0.7341"
"1,63 : 0.3551"
"63,1 : 0.3551"
"1,64 : 0.211"
"64,1 : 0.211"
"1,65 : 0.3785"
"65,1 : 0.3785"
"1,66 : 0.1342"
"66,1 : 0.1342"
"1,67 : 0.3162"
"67,1 : 0.3162"
"1,68 : 0.3081"
"68,1 : 0.3081"
"1,69 : 0.6519"
"69,1 : 0.6519"
"1,70 : 0.4802"
"70,1 : 0.4802"
"1,71 : 0.1221"
"71,1 : 0.1221"
"1,72 : 0.4455"
"72,1 : 0.4455"
"1,73 : 0.3362"
"73,1 : 0.3362"
"1,74 : 0.389"
"74,1 : 0.389"
"1,75 : 0.236"
"75,1 : 0.236"
"1,76 : 0.6185"
"76,1 : 0.6185"
"1,77 : 0.4455"
"77,1 : 0.4455"
"1,78 : 0.4588"
"78,1 : 0.4588"
"1,79 : 0.5903"
"79,1 : 0.5903"
"1,80 : 0.4045"
"80,1 : 0.4045"
"1,81 : 0.2642"
"81,1 : 0.2642"
"1,82 : 0.6841"
"82,1 : 0.6841"
"1,83 : 0.4472"
"83,1 : 0.4472"
"1,84 : 0.612"
"84,1 : 0.612"
"1,85 : 0.7301"
"85,1 : 0.7301"
"1,86 : 0.4249"
"86,1 : 0.4249"
"1,87 : 0.65"
"87,1 : 0.65"
"1,88 : 0.4752"
"88,1 : 0.4752"
"1,89 : 0.5316"
"89,1 : 0.5316"
"1,90 : 0.3089"
"90,1 : 0.3089"
"1,91 : 0.5104"
"91,1 : 0.5104"
"1,92 : 0.2843"
"92,1 : 0.2843"
"1,93 : 0.3036"
"93,1 : 0.3036"
"1,94 : 0.2012"
"94,1 : 0.2012"
"1,95 : 0.3041"
"95,1 : 0.3041"
"1,96 : 0.5029"
"96,1 : 0.5029"
"1,97 : 0.5869"
"97,1 : 0.5869"
"1,98 : 0.3178"
"98,1 : 0.3178"
"1,99 : 0.2022"
"99,1 : 0.2022"
"2,3 : 0.527"
"3,2 : 0.527"
"2,4 : 0.3353"
"4,2 : 0.3353"
"2,5 : 0.3479"
"5,2 : 0.3479"
"2,6 : 1.0341"
"6,2 : 1.0341"
"2,7 : 0.5523"
"7,2 : 0.5523"
"2,8 : 0.9276"
"8,2 : 0.9276"
"2,9 : 0.1513"
"9,2 : 0.1513"
"2,10 : 0.5255"
"10,2 : 0.5255"
"2,11 : 0.6203"
"11,2 : 0.6203"
"2,12 : 0.74"
"12,2 : 0.74"
"2,13 : 0.5622"
"13,2 : 0.5622"
"2,14 : 0.8287"
"14,2 : 0.8287"
"2,15 : 0.822"
"15,2 : 0.822"
"2,16 : 0.6294"
"16,2 : 0.6294"
"2,17 : 0.9651"
"17,2 : 0.9651"
"2,18 : 1.0096"
"18,2 : 1.0096"
"2,19 : 0.247"
"19,2 : 0.247"
"2,20 : 0.6613"
"20,2 : 0.6613"
"2,21 : 0.9266"
"21,2 : 0.9266"
"2,22 : 0.5657"
"22,2 : 0.5657"
"2,23 : 0.8757"
"23,2 : 0.8757"
"2,24 : 0.7066"
"24,2 : 0.7066"
"2,25 : 0.2668"
"25,2 : 0.2668"
"2,26 : 0.3105"
"26,2 : 0.3105"
"2,27 : 1.0255"
"27,2 : 1.0255"
"2,28 : 0.2088"
"28,2 : 0.2088"
"2,29 : 1.0258"
"29,2 : 1.0258"
"2,30 : 1.036"
"30,2 : 1.036"
"2,31 : 0.4904"
"31,2 : 0.4904"
"2,32 : 0.0632"
"32,2 : 0.0632"
"2,33 : 0.6703"
"33,2 : 0.6703"
"2,34 : 0.2202"
"34,2 : 0.2202"
"2,35 : 0.2608"
"35,2 : 0.2608"
"2,36 : 0.892"
"36,2 : 0.892"
"2,37 : 0.5492"
"37,2 : 0.5492"
"2,38 : 0.9559"
"38,2 : 0.9559"
"2,39 : 0.3536"
"39,2 : 0.3536"
"2,40 : 0.3314"
"40,2 : 0.3314"
"2,41 : 0.7826"
"41,2 : 0.7826"
"2,42 : 0.8158"
"42,2 : 0.8158"
"2,43 : 1.0024"
"43,2 : 1.0024"
"2,44 : 0.2121"
"44,2 : 0.2121"
"2,45 : 0.6203"
"45,2 : 0.6203"
"2,46 : 0.4866"
"46,2 : 0.4866"
"2,47 : 0.8202"
"47,2 : 0.8202"
"2,48 : 0.4022"
"48,2 : 0.4022"
"2,49 : 0.7779"
"49,2 : 0.7779"
"2,50 : 0.8257"
"50,2 : 0.8257"
"2,51 : 0.4601"
"51,2 : 0.4601"
"2,52 : 0.8276"
"52,2 : 0.8276"
"2,53 : 0.5993"
"53,2 : 0.5993"
"2,54 : 0.6841"
"54,2 : 0.6841"
"2,55 : 0.9886"
"55,2 : 0.9886"
"2,56 : 0.1281"
"56,2 : 0.1281"
"2,57 : 0.7201"
"57,2 : 0.7201"
"2,58 : 0.2404"
"58,2 : 0.2404"
"2,59 : 0.6512"
"59,2 : 0.6512"
"2,60 : 0.9898"
"60,2 : 0.9898"
"2,61 : 0.871"
"61,2 : 0.871"
"2,62 : 0.6379"
"62,2 : 0.6379"
"2,63 : 0.9067"
"63,2 : 0.9067"
"2,64 : 0.592"
"64,2 : 0.592"
"2,65 : 0.1825"
"65,2 : 0.1825"
"2,66 : 0.5187"
"66,2 : 0.5187"
"2,67 : 0.5701"
"67,2 : 0.5701"
"2,68 : 0.5412"
"68,2 : 0.5412"
"2,69 : 1.0817"
"69,2 : 1.0817"
"2,70 : 0.5492"
"70,2 : 0.5492"
"2,71 : 0.4826"
"71,2 : 0.4826"
"2,72 : 0.908"
"72,2 : 0.908"
"2,73 : 0.8637"
"73,2 : 0.8637"
"2,74 : 0.7908"
"74,2 : 0.7908"
"2,75 : 0.7305"
"75,2 : 0.7305"
"2,76 : 0.5946"
"76,2 : 0.5946"
"2,77 : 0.441"
"77,2 : 0.441"
"2,78 : 0.857"
"78,2 : 0.857"
"2,79 : 0.211"
"79,2 : 0.211"
"2,80 : 0.6653"
"80,2 : 0.6653"
"2,81 : 0.7034"
"81,2 : 0.7034"
"2,82 : 0.8006"
"82,2 : 0.8006"
"2,83 : 0.7981"
"83,2 : 0.7981"
"2,84 : 0.828"
"84,2 : 0.828"
"2,85 : 0.7655"
"85,2 : 0.7655"
"2,86 : 0.8559"
"86,2 : 0.8559"
"2,87 : 0.592"
"87,2 : 0.592"
"2,88 : 0.7077"
"88,2 : 0.7077"
"2,89 : 0.8964"
"89,2 : 0.8964"
"2,90 : 0.3441"
"90,2 : 0.3441"
"2,91 : 0.364"
"91,2 : 0.364"
"2,92 : 0.3547"
"92,2 : 0.3547"
"2,93 : 0.5188"
"93,2 : 0.5188"
"2,94 : 0.3956"
"94,2 : 0.3956"
"2,95 : 0.3667"
"95,2 : 0.3667"
"2,96 : 0.1221"
"96,2 : 0.1221"
"2,97 : 0.7801"
"97,2 : 0.7801"
"2,98 : 0.8683"
"98,2 : 0.8683"
"2,99 : 0.7503"
"99,2 : 0.7503"
"3,4 : 0.3413"
"4,3 : 0.3413"
"3,5 : 0.5515"
"5,3 : 0.5515"
"3,6 : 0.563"
"6,3 : 0.563"
"3,7 : 0.5547"
"7,3 : 0.5547"
"3,8 : 0.414"
"8,3 : 0.414"
"3,9 : 0.3962"
"9,3 : 0.3962"
"3,10 : 0.3202"
"10,3 : 0.3202"
"3,11 : 0.5341"
"11,3 : 0.5341"
"3,12 : 0.794"
"12,3 : 0.794"
"3,13 : 0.06"
"13,3 : 0.06"
"3,14 : 0.5155"
"14,3 : 0.5155"
"3,15 : 0.779"
"15,3 : 0.779"
"3,16 : 0.7021"
"16,3 : 0.7021"
"3,17 : 0.8987"
"17,3 : 0.8987"
"3,18 : 0.5629"
"18,3 : 0.5629"
"3,19 : 0.5756"
"19,3 : 0.5756"
"3,20 : 0.3912"
"20,3 : 0.3912"
"3,21 : 0.6088"
"21,3 : 0.6088"
"3,22 : 0.45"
"22,3 : 0.45"
"3,23 : 0.6723"
"23,3 : 0.6723"
"3,24 : 0.1924"
"24,3 : 0.1924"
"3,25 : 0.5009"
"25,3 : 0.5009"
"3,26 : 0.2524"
"26,3 : 0.2524"
"3,27 : 0.5248"
"27,3 : 0.5248"
"3,28 : 0.3324"
"28,3 : 0.3324"
"3,29 : 0.6041"
"29,3 : 0.6041"
"3,30 : 0.5692"
"30,3 : 0.5692"
"3,31 : 0.1581"
"31,3 : 0.1581"
"3,32 : 0.4904"
"32,3 : 0.4904"
"3,33 : 0.386"
"33,3 : 0.386"
"3,34 : 0.7169"
"34,3 : 0.7169"
"3,35 : 0.7503"
"35,3 : 0.7503"
"3,36 : 0.4031"
"36,3 : 0.4031"
"3,37 : 0.422"
"37,3 : 0.422"
"3,38 : 0.4652"
"38,3 : 0.4652"
"3,39 : 0.2563"
"39,3 : 0.2563"
"3,40 : 0.4119"
"40,3 : 0.4119"
"3,41 : 0.7529"
"41,3 : 0.7529"
"3,42 : 0.5818"
"42,3 : 0.5818"
"3,43 : 0.5914"
"43,3 : 0.5914"
"3,44 : 0.3941"
"44,3 : 0.3941"
"3,45 : 0.7209"
"45,3 : 0.7209"
"3,46 : 0.4071"
"46,3 : 0.4071"
"3,47 : 0.322"
"47,3 : 0.322"
"3,48 : 0.1253"
"48,3 : 0.1253"
"3,49 : 0.2879"
"49,3 : 0.2879"
"3,50 : 0.5385"
"50,3 : 0.5385"
"3,51 : 0.2807"
"51,3 : 0.2807"
"3,52 : 0.3225"
"52,3 : 0.3225"
"3,53 : 0.3081"
"53,3 : 0.3081"
"3,54 : 0.722"
"54,3 : 0.722"
"3,55 : 0.5126"
"55,3 : 0.5126"
"3,56 : 0.5536"
"56,3 : 0.5536"
"3,57 : 0.3669"
"57,3 : 0.3669"
"3,58 : 0.5135"
"58,3 : 0.5135"
"3,59 : 0.6"
"59,3 : 0.6"
"3,60 : 0.5722"
"60,3 : 0.5722"
"3,61 : 0.8429"
"61,3 : 0.8429"
"3,62 : 0.2687"
"62,3 : 0.2687"
"3,63 : 0.6935"
"63,3 : 0.6935"
"3,64 : 0.6621"
"64,3 : 0.6621"
"3,65 : 0.4827"
"65,3 : 0.4827"
"3,66 : 0.336"
"66,3 : 0.336"
"3,67 : 0.1836"
"67,3 : 0.1836"
"3,68 : 0.7157"
"68,3 : 0.7157"
"3,69 : 0.6306"
"69,3 : 0.6306"
"3,70 : 0.0224"
"70,3 : 0.0224"
"3,71 : 0.5255"
"71,3 : 0.5255"
"3,72 : 0.9091"
"72,3 : 0.9091"
"3,73 : 0.7716"
"73,3 : 0.7716"
"3,74 : 0.3805"
"74,3 : 0.3805"
"3,75 : 0.4472"
"75,3 : 0.4472"
"3,76 : 0.15"
"76,3 : 0.15"
"3,77 : 0.086"
"77,3 : 0.086"
"3,78 : 0.4219"
"78,3 : 0.4219"
"3,79 : 0.7038"
"79,3 : 0.7038"
"3,80 : 0.2002"
"80,3 : 0.2002"
"3,81 : 0.7325"
"81,3 : 0.7325"
"3,82 : 0.2816"
"82,3 : 0.2816"
"3,83 : 0.3437"
"83,3 : 0.3437"
"3,84 : 0.3041"
"84,3 : 0.3041"
"3,85 : 0.2816"
"85,3 : 0.2816"
"3,86 : 0.4501"
"86,3 : 0.4501"
"3,87 : 0.1838"
"87,3 : 0.1838"
"3,88 : 0.2062"
"88,3 : 0.2062"
"3,89 : 0.4272"
"89,3 : 0.4272"
"3,90 : 0.2402"
"90,3 : 0.2402"
"3,91 : 0.1887"
"91,3 : 0.1887"
"3,92 : 0.5714"
"92,3 : 0.5714"
"3,93 : 0.7009"
"93,3 : 0.7009"
"3,94 : 0.3105"
"94,3 : 0.3105"
"3,95 : 0.6013"
"95,3 : 0.6013"
"3,96 : 0.5831"
"96,3 : 0.5831"
"3,97 : 0.255"
"97,3 : 0.255"
"3,98 : 0.6537"
"98,3 : 0.6537"
"3,99 : 0.6229"
"99,3 : 0.6229"
"4,5 : 0.2102"
"5,4 : 0.2102"
"4,6 : 0.7286"
"6,4 : 0.7286"
"4,7 : 0.2746"
"7,4 : 0.2746"
"4,8 : 0.6619"
"8,4 : 0.6619"
"4,9 : 0.3041"
"9,4 : 0.3041"
"4,10 : 0.1924"
"10,4 : 0.1924"
"4,11 : 0.3105"
"11,4 : 0.3105"
"4,12 : 0.5099"
"12,4 : 0.5099"
"4,13 : 0.3413"
"13,4 : 0.3413"
"4,14 : 0.494"
"14,4 : 0.494"
"4,15 : 0.5456"
"15,4 : 0.5456"
"4,16 : 0.4031"
"16,4 : 0.4031"
"4,17 : 0.6854"
"17,4 : 0.6854"
"4,18 : 0.6943"
"18,4 : 0.6943"
"4,19 : 0.255"
"19,4 : 0.255"
"4,20 : 0.327"
"20,4 : 0.327"
"4,21 : 0.5914"
"21,4 : 0.5914"
"4,22 : 0.2408"
"22,4 : 0.2408"
"4,23 : 0.55"
"23,4 : 0.55"
"4,24 : 0.53"
"24,4 : 0.53"
"4,25 : 0.1709"
"25,4 : 0.1709"
"4,26 : 0.3124"
"26,4 : 0.3124"
"4,27 : 0.7406"
"27,4 : 0.7406"
"4,28 : 0.2786"
"28,4 : 0.2786"
"4,29 : 0.7021"
"29,4 : 0.7021"
"4,30 : 0.7284"
"30,4 : 0.7284"
"4,31 : 0.2184"
"31,4 : 0.2184"
"4,32 : 0.3423"
"32,4 : 0.3423"
"4,33 : 0.6637"
"33,4 : 0.6637"
"4,34 : 0.4455"
"34,4 : 0.4455"
"4,35 : 0.4686"
"35,4 : 0.4686"
"4,36 : 0.6046"
"36,4 : 0.6046"
"4,37 : 0.22"
"37,4 : 0.22"
"4,38 : 0.6661"
"38,4 : 0.6661"
"4,39 : 0.368"
"39,4 : 0.368"
"4,40 : 0.0707"
"40,4 : 0.0707"
"4,41 : 0.51"
"41,4 : 0.51"
"4,42 : 0.4837"
"42,4 : 0.4837"
"4,43 : 0.6768"
"43,4 : 0.6768"
"4,44 : 0.3669"
"44,4 : 0.3669"
"4,45 : 0.4123"
"45,4 : 0.4123"
"4,46 : 0.1612"
"46,4 : 0.1612"
"4,47 : 0.5459"
"47,4 : 0.5459"
"4,48 : 0.247"
"48,4 : 0.247"
"4,49 : 0.5012"
"49,4 : 0.5012"
"4,50 : 0.4904"
"50,4 : 0.4904"
"4,51 : 0.4751"
"51,4 : 0.4751"
"4,52 : 0.559"
"52,4 : 0.559"
"4,53 : 0.272"
"53,4 : 0.272"
"4,54 : 0.4405"
"54,4 : 0.4405"
"4,55 : 0.6877"
"55,4 : 0.6877"
"4,56 : 0.2843"
"56,4 : 0.2843"
"4,57 : 0.3941"
"57,4 : 0.3941"
"4,58 : 0.1924"
"58,4 : 0.1924"
"4,59 : 0.3585"
"59,4 : 0.3585"
"4,60 : 0.6661"
"60,4 : 0.6661"
"4,61 : 0.6042"
"61,4 : 0.6042"
"4,62 : 0.5738"
"62,4 : 0.5738"
"4,63 : 0.5801"
"63,4 : 0.5801"
"4,64 : 0.3607"
"64,4 : 0.3607"
"4,65 : 0.191"
"65,4 : 0.191"
"4,66 : 0.1838"
"66,4 : 0.1838"
"4,67 : 0.2818"
"67,4 : 0.2818"
"4,68 : 0.3848"
"68,4 : 0.3848"
"4,69 : 0.7658"
"69,4 : 0.7658"
"4,70 : 0.3606"
"70,4 : 0.3606"
"4,71 : 0.2193"
"71,4 : 0.2193"
"4,72 : 0.6573"
"72,4 : 0.6573"
"4,73 : 0.5692"
"73,4 : 0.5692"
"4,74 : 0.4742"
"74,4 : 0.4742"
"4,75 : 0.3956"
"75,4 : 0.3956"
"4,76 : 0.4754"
"76,4 : 0.4754"
"4,77 : 0.2816"
"77,4 : 0.2816"
"4,78 : 0.5445"
"78,4 : 0.5445"
"4,79 : 0.4314"
"79,4 : 0.4314"
"4,80 : 0.3891"
"80,4 : 0.3891"
"4,81 : 0.4561"
"81,4 : 0.4561"
"4,82 : 0.612"
"82,4 : 0.612"
"4,83 : 0.4982"
"83,4 : 0.4982"
"4,84 : 0.5882"
"84,4 : 0.5882"
"4,85 : 0.6229"
"85,4 : 0.6229"
"4,86 : 0.5341"
"86,4 : 0.5341"
"4,87 : 0.4965"
"87,4 : 0.4965"
"4,88 : 0.4494"
"88,4 : 0.4494"
"4,89 : 0.5967"
"89,4 : 0.5967"
"4,90 : 0.1077"
"90,4 : 0.1077"
"4,91 : 0.3061"
"91,4 : 0.3061"
"4,92 : 0.2302"
"92,4 : 0.2302"
"4,93 : 0.3677"
"93,4 : 0.3677"
"4,94 : 0.064"
"94,4 : 0.064"
"4,95 : 0.2602"
"95,4 : 0.2602"
"4,96 : 0.3202"
"96,4 : 0.3202"
"4,97 : 0.5482"
"97,4 : 0.5482"
"4,98 : 0.5404"
"98,4 : 0.5404"
"4,99 : 0.4374"
"99,4 : 0.4374"
"5,6 : 0.8875"
"6,5 : 0.8875"
"5,7 : 0.228"
"7,5 : 0.228"
"5,8 : 0.8509"
"8,5 : 0.8509"
"5,9 : 0.4046"
"9,5 : 0.4046"
"5,10 : 0.34"
"10,5 : 0.34"
"5,11 : 0.3178"
"11,5 : 0.3178"
"5,12 : 0.3922"
"12,5 : 0.3922"
"5,13 : 0.5504"
"13,5 : 0.5504"
"5,14 : 0.5955"
"14,5 : 0.5955"
"5,15 : 0.4809"
"15,5 : 0.4809"
"5,16 : 0.2816"
"16,5 : 0.2816"
"5,17 : 0.6229"
"17,5 : 0.6229"
"5,18 : 0.842"
"18,5 : 0.842"
"5,19 : 0.1217"
"19,5 : 0.1217"
"5,20 : 0.4469"
"20,5 : 0.4469"
"5,21 : 0.6801"
"21,5 : 0.6801"
"5,22 : 0.2983"
"22,5 : 0.2983"
"5,23 : 0.5794"
"23,5 : 0.5794"
"5,24 : 0.7401"
"24,5 : 0.7401"
"5,25 : 0.086"
"25,5 : 0.086"
"5,26 : 0.4802"
"26,5 : 0.4802"
"5,27 : 0.9168"
"27,5 : 0.9168"
"5,28 : 0.4111"
"28,5 : 0.4111"
"5,29 : 0.8355"
"29,5 : 0.8355"
"5,30 : 0.8848"
"30,5 : 0.8848"
"5,31 : 0.423"
"31,5 : 0.423"
"5,32 : 0.3891"
"32,5 : 0.3891"
"5,33 : 0.8549"
"33,5 : 0.8549"
"5,34 : 0.3384"
"34,5 : 0.3384"
"5,35 : 0.3444"
"35,5 : 0.3444"
"5,36 : 0.7829"
"36,5 : 0.7829"
"5,37 : 0.297"
"37,5 : 0.297"
"5,38 : 0.8408"
"38,5 : 0.8408"
"5,39 : 0.5385"
"39,5 : 0.5385"
"5,40 : 0.14"
"40,5 : 0.14"
"5,41 : 0.441"
"41,5 : 0.441"
"5,42 : 0.542"
"42,5 : 0.542"
"5,43 : 0.8066"
"43,5 : 0.8066"
"5,44 : 0.4817"
"44,5 : 0.4817"
"5,45 : 0.2731"
"45,5 : 0.2731"
"5,46 : 0.2421"
"46,5 : 0.2421"
"5,47 : 0.7339"
"47,5 : 0.7339"
"5,48 : 0.4512"
"48,5 : 0.4512"
"5,49 : 0.6895"
"49,5 : 0.6895"
"5,50 : 0.578"
"50,5 : 0.578"
"5,51 : 0.6537"
"51,5 : 0.6537"
"5,52 : 0.7495"
"52,5 : 0.7495"
"5,53 : 0.4254"
"53,5 : 0.4254"
"5,54 : 0.3373"
"54,5 : 0.3373"
"5,55 : 0.8523"
"55,5 : 0.8523"
"5,56 : 0.2319"
"56,5 : 0.2319"
"5,57 : 0.5382"
"57,5 : 0.5382"
"5,58 : 0.1077"
"58,5 : 0.1077"
"5,59 : 0.3276"
"59,5 : 0.3276"
"5,60 : 0.8006"
"60,5 : 0.8006"
"5,61 : 0.5261"
"61,5 : 0.5261"
"5,62 : 0.7749"
"62,5 : 0.7749"
"5,63 : 0.611"
"63,5 : 0.611"
"5,64 : 0.2452"
"64,5 : 0.2452"
"5,65 : 0.17"
"65,5 : 0.17"
"5,66 : 0.3225"
"66,5 : 0.3225"
"5,67 : 0.4754"
"67,5 : 0.4754"
"5,68 : 0.2052"
"68,5 : 0.2052"
"5,69 : 0.9105"
"69,5 : 0.9105"
"5,70 : 0.5708"
"70,5 : 0.5708"
"5,71 : 0.1616"
"71,5 : 0.1616"
"5,72 : 0.5604"
"72,5 : 0.5604"
"5,73 : 0.5308"
"73,5 : 0.5308"
"5,74 : 0.6297"
"74,5 : 0.6297"
"5,75 : 0.5021"
"75,5 : 0.5021"
"5,76 : 0.6825"
"76,5 : 0.6825"
"5,77 : 0.4884"
"77,5 : 0.4884"
"5,78 : 0.7018"
"78,5 : 0.7018"
"5,79 : 0.3257"
"79,5 : 0.3257"
"5,80 : 0.5824"
"80,5 : 0.5824"
"5,81 : 0.3569"
"81,5 : 0.3569"
"5,82 : 0.821"
"82,5 : 0.821"
"5,83 : 0.6708"
"83,5 : 0.6708"
"5,84 : 0.7885"
"84,5 : 0.7885"
"5,85 : 0.8329"
"85,5 : 0.8329"
"5,86 : 0.678"
"86,5 : 0.678"
"5,87 : 0.7009"
"87,5 : 0.7009"
"5,88 : 0.6476"
"88,5 : 0.6476"
"5,89 : 0.7654"
"89,5 : 0.7654"
"5,90 : 0.314"
"90,5 : 0.314"
"5,91 : 0.4924"
"91,5 : 0.4924"
"5,92 : 0.02"
"92,5 : 0.02"
"5,93 : 0.1838"
"93,5 : 0.1838"
"5,94 : 0.2532"
"94,5 : 0.2532"
"5,95 : 0.05"
"95,5 : 0.05"
"5,96 : 0.2602"
"96,5 : 0.2602"
"5,97 : 0.7513"
"97,5 : 0.7513"
"5,98 : 0.5778"
"98,5 : 0.5778"
"5,99 : 0.4397"
"99,5 : 0.4397"
"6,7 : 0.7316"
"7,6 : 0.7316"
"6,8 : 0.2088"
"8,6 : 0.2088"
"6,9 : 0.933"
"9,6 : 0.933"
"6,10 : 0.55"
"10,6 : 0.55"
"6,11 : 0.642"
"11,6 : 0.642"
"6,12 : 0.8782"
"12,6 : 0.8782"
"6,13 : 0.507"
"13,6 : 0.507"
"6,14 : 0.3523"
"14,6 : 0.3523"
"6,15 : 0.7701"
"15,6 : 0.7701"
"6,16 : 0.849"
"16,6 : 0.849"
"6,17 : 0.8105"
"17,6 : 0.8105"
"6,18 : 0.0728"
"18,6 : 0.0728"
"6,19 : 0.9745"
"19,6 : 0.9745"
"6,20 : 0.4472"
"20,6 : 0.4472"
"6,21 : 0.3453"
"21,6 : 0.3453"
"6,22 : 0.6084"
"22,6 : 0.6084"
"6,23 : 0.5324"
"23,6 : 0.5324"
"6,24 : 0.5"
"24,6 : 0.5"
"6,25 : 0.8887"
"25,6 : 0.8887"
"6,26 : 0.8102"
"26,6 : 0.8102"
"6,27 : 0.1131"
"27,6 : 0.1131"
"6,28 : 0.8732"
"28,6 : 0.8732"
"6,29 : 0.1389"
"29,6 : 0.1389"
"6,30 : 0.0141"
"30,6 : 0.0141"
"6,31 : 0.5441"
"31,6 : 0.5441"
"6,32 : 1.0151"
"32,6 : 1.0151"
"6,33 : 0.841"
"33,6 : 0.841"
"6,34 : 1.1741"
"34,6 : 1.1741"
"6,35 : 1.1967"
"35,6 : 1.1967"
"6,36 : 0.1628"
"36,6 : 0.1628"
"6,37 : 0.5994"
"37,6 : 0.5994"
"6,38 : 0.1105"
"38,6 : 0.1105"
"6,39 : 0.8193"
"39,6 : 0.8193"
"6,40 : 0.7747"
"40,6 : 0.7747"
"6,41 : 0.7716"
"41,6 : 0.7716"
"6,42 : 0.4704"
"42,6 : 0.4704"
"6,43 : 0.1616"
"43,6 : 0.1616"
"6,44 : 0.9481"
"44,6 : 0.9481"
"6,45 : 0.8832"
"45,6 : 0.8832"
"6,46 : 0.6466"
"46,6 : 0.6466"
"6,47 : 0.2452"
"47,6 : 0.2452"
"6,48 : 0.6619"
"48,6 : 0.6619"
"6,49 : 0.2751"
"49,6 : 0.2751"
"6,50 : 0.3912"
"50,6 : 0.3912"
"6,51 : 0.8276"
"51,6 : 0.8276"
"6,52 : 0.2518"
"52,6 : 0.2518"
"6,53 : 0.464"
"53,6 : 0.464"
"6,54 : 0.8257"
"54,6 : 0.8257"
"6,55 : 0.051"
"55,6 : 0.051"
"6,56 : 1.0112"
"56,6 : 1.0112"
"6,57 : 0.3499"
"57,6 : 0.3499"
"6,58 : 0.9155"
"58,6 : 0.9155"
"6,59 : 0.6912"
"59,6 : 0.6912"
"6,60 : 0.1456"
"60,6 : 0.1456"
"6,61 : 0.8205"
"61,6 : 0.8205"
"6,62 : 0.72"
"62,6 : 0.72"
"6,63 : 0.5261"
"63,6 : 0.5261"
"6,64 : 0.8286"
"64,6 : 0.8286"
"6,65 : 0.9193"
"65,6 : 0.9193"
"6,66 : 0.5661"
"66,6 : 0.5661"
"6,67 : 0.464"
"67,6 : 0.464"
"6,68 : 0.9434"
"68,6 : 0.9434"
"6,69 : 0.0854"
"69,6 : 0.0854"
"6,70 : 0.5471"
"70,6 : 0.5471"
"6,71 : 0.7603"
"71,6 : 0.7603"
"6,72 : 0.8914"
"72,6 : 0.8914"
"6,73 : 0.7111"
"73,6 : 0.7111"
"6,74 : 0.2581"
"74,6 : 0.2581"
"6,75 : 0.4111"
"75,6 : 0.4111"
"6,76 : 0.6239"
"76,6 : 0.6239"
"6,77 : 0.6356"
"77,6 : 0.6356"
"6,78 : 0.186"
"78,6 : 0.186"
"6,79 : 1.16"
"79,6 : 1.16"
"6,80 : 0.3759"
"80,6 : 0.3759"
"6,81 : 0.822"
"81,6 : 0.822"
"6,82 : 0.4571"
"82,6 : 0.4571"
"6,83 : 0.236"
"83,6 : 0.236"
"6,84 : 0.3214"
"84,6 : 0.3214"
"6,85 : 0.5672"
"85,6 : 0.5672"
"6,86 : 0.2154"
"86,6 : 0.2154"
"6,87 : 0.6627"
"87,6 : 0.6627"
"6,88 : 0.3574"
"88,6 : 0.3574"
"6,89 : 0.1389"
"89,6 : 0.1389"
"6,90 : 0.6903"
"90,6 : 0.6903"
"6,91 : 0.7485"
"91,6 : 0.7485"
"6,92 : 0.9043"
"92,6 : 0.9043"
"6,93 : 0.9415"
"93,6 : 0.9415"
"6,94 : 0.6653"
"94,6 : 0.6653"
"6,95 : 0.9296"
"95,6 : 0.9296"
"6,96 : 1.0466"
"96,6 : 1.0466"
"6,97 : 0.36"
"97,6 : 0.36"
"6,98 : 0.5116"
"98,6 : 0.5116"
"6,99 : 0.614"
"99,6 : 0.614"
"7,8 : 0.7433"
"8,7 : 0.7433"
"7,9 : 0.5665"
"9,7 : 0.5665"
"7,10 : 0.2474"
"10,7 : 0.2474"
"7,11 : 0.099"
"11,7 : 0.099"
"7,12 : 0.2421"
"12,7 : 0.2421"
"7,13 : 0.5292"
"13,7 : 0.5292"
"7,14 : 0.4022"
"14,7 : 0.4022"
"7,15 : 0.2751"
"15,7 : 0.2751"
"7,16 : 0.1487"
"16,7 : 0.1487"
"7,17 : 0.4176"
"17,7 : 0.4176"
"7,18 : 0.6754"
"18,7 : 0.6754"
"7,19 : 0.3493"
"19,7 : 0.3493"
"7,20 : 0.2886"
"20,7 : 0.2886"
"7,21 : 0.4738"
"21,7 : 0.4738"
"7,22 : 0.1304"
"22,7 : 0.1304"
"7,23 : 0.3534"
"23,7 : 0.3534"
"7,24 : 0.7178"
"24,7 : 0.7178"
"7,25 : 0.2902"
"25,7 : 0.2902"
"7,26 : 0.586"
"26,7 : 0.586"
"7,27 : 0.7834"
"27,7 : 0.7834"
"7,28 : 0.5501"
"28,7 : 0.5501"
"7,29 : 0.6551"
"29,7 : 0.6551"
"7,30 : 0.7262"
"30,7 : 0.7262"
"7,31 : 0.3981"
"31,7 : 0.3981"
"7,32 : 0.5805"
"32,7 : 0.5805"
"7,33 : 0.9183"
"33,7 : 0.9183"
"7,34 : 0.5661"
"34,7 : 0.5661"
"7,35 : 0.5701"
"35,7 : 0.5701"
"7,36 : 0.6592"
"36,7 : 0.6592"
"7,37 : 0.1503"
"37,7 : 0.1503"
"7,38 : 0.7083"
"38,7 : 0.7083"
"7,39 : 0.6403"
"39,7 : 0.6403"
"7,40 : 0.2341"
"40,7 : 0.2341"
"7,41 : 0.2377"
"41,7 : 0.2377"
"7,42 : 0.3265"
"42,7 : 0.3265"
"7,43 : 0.6243"
"43,7 : 0.6243"
"7,44 : 0.6356"
"44,7 : 0.6356"
"7,45 : 0.1726"
"45,7 : 0.1726"
"7,46 : 0.1476"
"46,7 : 0.1476"
"7,47 : 0.6307"
"47,7 : 0.6307"
"7,48 : 0.4968"
"48,7 : 0.4968"
"7,49 : 0.5901"
"49,7 : 0.5901"
"7,50 : 0.3764"
"50,7 : 0.3764"
"7,51 : 0.7428"
"51,7 : 0.7428"
"7,52 : 0.6503"
"52,7 : 0.6503"
"7,53 : 0.3102"
"53,7 : 0.3102"
"7,54 : 0.1703"
"54,7 : 0.1703"
"7,55 : 0.7052"
"55,7 : 0.7052"
"7,56 : 0.451"
"56,7 : 0.451"
"7,57 : 0.3905"
"57,7 : 0.3905"
"7,58 : 0.3206"
"58,7 : 0.3206"
"7,59 : 0.1005"
"59,7 : 0.1005"
"7,60 : 0.6227"
"60,7 : 0.6227"
"7,61 : 0.3311"
"61,7 : 0.3311"
"7,62 : 0.8154"
"62,7 : 0.8154"
"7,63 : 0.3848"
"63,7 : 0.3848"
"7,64 : 0.1118"
"64,7 : 0.1118"
"7,65 : 0.3705"
"65,7 : 0.3705"
"7,66 : 0.228"
"66,7 : 0.228"
"7,67 : 0.4123"
"67,7 : 0.4123"
"7,68 : 0.2119"
"68,7 : 0.2119"
"7,69 : 0.7382"
"69,7 : 0.7382"
"7,70 : 0.568"
"70,7 : 0.568"
"7,71 : 0.07"
"71,7 : 0.07"
"7,72 : 0.3828"
"72,7 : 0.3828"
"7,73 : 0.3114"
"73,7 : 0.3114"
"7,74 : 0.4851"
"74,7 : 0.4851"
"7,75 : 0.322"
"75,7 : 0.322"
"7,76 : 0.7033"
"76,7 : 0.7033"
"7,77 : 0.522"
"77,7 : 0.522"
"7,78 : 0.5536"
"78,7 : 0.5536"
"7,79 : 0.5536"
"79,7 : 0.5536"
"7,80 : 0.5036"
"80,7 : 0.5036"
"7,81 : 0.1838"
"81,7 : 0.1838"
"7,82 : 0.781"
"82,7 : 0.781"
"7,83 : 0.5459"
"83,7 : 0.5459"
"7,84 : 0.7118"
"84,7 : 0.7118"
"7,85 : 0.8228"
"85,7 : 0.8228"
"7,86 : 0.5162"
"86,7 : 0.5162"
"7,87 : 0.7325"
"87,7 : 0.7325"
"7,88 : 0.5743"
"88,7 : 0.5743"
"7,89 : 0.6282"
"89,7 : 0.6282"
"7,90 : 0.368"
"90,7 : 0.368"
"7,91 : 0.5731"
"91,7 : 0.5731"
"7,92 : 0.2341"
"92,7 : 0.2341"
"7,93 : 0.2102"
"93,7 : 0.2102"
"7,94 : 0.2617"
"94,7 : 0.2617"
"7,95 : 0.246"
"95,7 : 0.246"
"7,96 : 0.4826"
"96,7 : 0.4826"
"7,97 : 0.6859"
"97,7 : 0.6859"
"7,98 : 0.3536"
"98,7 : 0.3536"
"7,99 : 0.2119"
"99,7 : 0.2119"
"8,9 : 0.8072"
"9,8 : 0.8072"
"8,10 : 0.5166"
"10,8 : 0.5166"
"8,11 : 0.67"
"11,8 : 0.67"
"8,12 : 0.9334"
"12,8 : 0.9334"
"8,13 : 0.368"
"13,8 : 0.368"
"8,14 : 0.4401"
"14,8 : 0.4401"
"8,15 : 0.8515"
"15,8 : 0.8515"
"8,16 : 0.8802"
"16,8 : 0.8802"
"8,17 : 0.9211"
"17,8 : 0.9211"
"8,18 : 0.2555"
"18,8 : 0.2555"
"8,19 : 0.9168"
"19,8 : 0.9168"
"8,20 : 0.46"
"20,8 : 0.46"
"8,21 : 0.4771"
"21,8 : 0.4771"
"8,22 : 0.6129"
"22,8 : 0.6129"
"8,23 : 0.6408"
"23,8 : 0.6408"
"8,24 : 0.3059"
"24,8 : 0.3059"
"8,25 : 0.8319"
"25,8 : 0.8319"
"8,26 : 0.6661"
"26,8 : 0.6661"
"8,27 : 0.1217"
"27,8 : 0.1217"
"8,28 : 0.7441"
"28,8 : 0.7441"
"8,29 : 0.3245"
"29,8 : 0.3245"
"8,30 : 0.2214"
"30,8 : 0.2214"
"8,31 : 0.4494"
"31,8 : 0.4494"
"8,32 : 0.8981"
"32,8 : 0.8981"
"8,33 : 0.6403"
"33,8 : 0.6403"
"8,34 : 1.0955"
"34,8 : 1.0955"
"8,35 : 1.1236"
"35,8 : 1.1236"
"8,36 : 0.0985"
"36,8 : 0.0985"
"8,37 : 0.5954"
"37,8 : 0.5954"
"8,38 : 0.103"
"38,8 : 0.103"
"8,39 : 0.6637"
"39,8 : 0.6637"
"8,40 : 0.7209"
"40,8 : 0.7209"
"8,41 : 0.8434"
"41,8 : 0.8434"
"8,42 : 0.5597"
"42,8 : 0.5597"
"8,43 : 0.3342"
"43,8 : 0.3342"
"8,44 : 0.808"
"44,8 : 0.808"
"8,45 : 0.9109"
"45,8 : 0.9109"
"8,46 : 0.6259"
"46,8 : 0.6259"
"8,47 : 0.117"
"47,8 : 0.117"
"8,48 : 0.5308"
"48,8 : 0.5308"
"8,49 : 0.1616"
"49,8 : 0.1616"
"8,50 : 0.481"
"50,8 : 0.481"
"8,51 : 0.6519"
"51,8 : 0.6519"
"8,52 : 0.103"
"52,8 : 0.103"
"8,53 : 0.4374"
"53,8 : 0.4374"
"8,54 : 0.8709"
"54,8 : 0.8709"
"8,55 : 0.1655"
"55,8 : 0.1655"
"8,56 : 0.9291"
"56,8 : 0.9291"
"8,57 : 0.3606"
"57,8 : 0.3606"
"8,58 : 0.8542"
"58,8 : 0.8542"
"8,59 : 0.7306"
"59,8 : 0.7306"
"8,60 : 0.3124"
"60,8 : 0.3124"
"8,61 : 0.9096"
"61,8 : 0.9096"
"8,62 : 0.5235"
"62,8 : 0.5235"
"8,63 : 0.644"
"63,8 : 0.644"
"8,64 : 0.8515"
"64,8 : 0.8515"
"8,65 : 0.8438"
"65,8 : 0.8438"
"8,66 : 0.536"
"66,8 : 0.536"
"8,67 : 0.3801"
"67,8 : 0.3801"
"8,68 : 0.9504"
"68,8 : 0.9504"
"8,69 : 0.2941"
"69,8 : 0.2941"
"8,70 : 0.3941"
"70,8 : 0.3941"
"8,71 : 0.7531"
"71,8 : 0.7531"
"8,72 : 0.9823"
"72,8 : 0.9823"
"8,73 : 0.8065"
"73,8 : 0.8065"
"8,74 : 0.2746"
"74,8 : 0.2746"
"8,75 : 0.4554"
"75,8 : 0.4554"
"8,76 : 0.4397"
"76,8 : 0.4397"
"8,77 : 0.4968"
"77,8 : 0.4968"
"8,78 : 0.2285"
"78,8 : 0.2285"
"8,79 : 1.0817"
"79,8 : 1.0817"
"8,80 : 0.2729"
"80,8 : 0.2729"
"8,81 : 0.8721"
"81,8 : 0.8721"
"8,82 : 0.2508"
"82,8 : 0.2508"
"8,83 : 0.2002"
"83,8 : 0.2002"
"8,84 : 0.1237"
"84,8 : 0.1237"
"8,85 : 0.3612"
"85,8 : 0.3612"
"8,86 : 0.2864"
"86,8 : 0.2864"
"8,87 : 0.4754"
"87,8 : 0.4754"
"8,88 : 0.2202"
"88,8 : 0.2202"
"8,89 : 0.1526"
"89,8 : 0.1526"
"8,90 : 0.5964"
"90,8 : 0.5964"
"8,91 : 0.6022"
"91,8 : 0.6022"
"8,92 : 0.8698"
"92,8 : 0.8698"
"8,93 : 0.9437"
"93,8 : 0.9437"
"8,94 : 0.6042"
"94,8 : 0.6042"
"8,95 : 0.8981"
"95,8 : 0.8981"
"8,96 : 0.9626"
"96,8 : 0.9626"
"8,97 : 0.1709"
"97,8 : 0.1709"
"8,98 : 0.6185"
"98,8 : 0.6185"
"8,99 : 0.6825"
"99,8 : 0.6825"
"9,10 : 0.4717"
"10,9 : 0.4717"
"9,11 : 0.6139"
"11,9 : 0.6139"
"9,12 : 0.7839"
"12,9 : 0.7839"
"9,13 : 0.4393"
"13,9 : 0.4393"
"9,14 : 0.771"
"14,9 : 0.771"
"9,15 : 0.8415"
"15,9 : 0.8415"
"9,16 : 0.6723"
"16,9 : 0.6723"
"9,17 : 0.9835"
"17,9 : 0.9835"
"9,18 : 0.9168"
"18,9 : 0.9168"
"9,19 : 0.3384"
"19,9 : 0.3384"
"9,20 : 0.6053"
"20,9 : 0.6053"
"9,21 : 0.8713"
"21,9 : 0.8713"
"9,22 : 0.5445"
"22,9 : 0.5445"
"9,23 : 0.8515"
"23,9 : 0.8515"
"9,24 : 0.566"
"24,9 : 0.566"
"9,25 : 0.3189"
"25,9 : 0.3189"
"9,26 : 0.1616"
"26,9 : 0.1616"
"9,27 : 0.9121"
"27,9 : 0.9121"
"9,28 : 0.064"
"28,9 : 0.064"
"9,29 : 0.9415"
"29,9 : 0.9415"
"9,30 : 0.9365"
"30,9 : 0.9365"
"9,31 : 0.394"
"31,9 : 0.394"
"9,32 : 0.0985"
"32,9 : 0.0985"
"9,33 : 0.5215"
"33,9 : 0.5215"
"9,34 : 0.3701"
"34,9 : 0.3701"
"9,35 : 0.41"
"35,9 : 0.41"
"9,36 : 0.7824"
"36,9 : 0.7824"
"9,37 : 0.5224"
"37,9 : 0.5224"
"9,38 : 0.8463"
"38,9 : 0.8463"
"9,39 : 0.2022"
"39,9 : 0.2022"
"9,40 : 0.3324"
"40,9 : 0.3324"
"9,41 : 0.8041"
"41,9 : 0.8041"
"9,42 : 0.7801"
"42,9 : 0.7801"
"9,43 : 0.9211"
"43,9 : 0.9211"
"9,44 : 0.0781"
"44,9 : 0.0781"
"9,45 : 0.6712"
"45,9 : 0.6712"
"9,46 : 0.4653"
"46,9 : 0.4653"
"9,47 : 0.706"
"47,9 : 0.706"
"9,48 : 0.2766"
"48,9 : 0.2766"
"9,49 : 0.6661"
"49,9 : 0.6661"
"9,50 : 0.7752"
"50,9 : 0.7752"
"9,51 : 0.3102"
"51,9 : 0.3102"
"9,52 : 0.7106"
"52,9 : 0.7106"
"9,53 : 0.5315"
"53,9 : 0.5315"
"9,54 : 0.7201"
"54,9 : 0.7201"
"9,55 : 0.8851"
"55,9 : 0.8851"
"9,56 : 0.2435"
"56,9 : 0.2435"
"9,57 : 0.6456"
"57,9 : 0.6456"
"9,58 : 0.3041"
"58,9 : 0.3041"
"9,59 : 0.658"
"59,9 : 0.658"
"9,60 : 0.9062"
"60,9 : 0.9062"
"9,61 : 0.8969"
"61,9 : 0.8969"
"9,62 : 0.4866"
"62,9 : 0.4866"
"9,63 : 0.8809"
"63,9 : 0.8809"
"9,64 : 0.6313"
"64,9 : 0.6313"
"9,65 : 0.2408"
"65,9 : 0.2408"
"9,66 : 0.4704"
"66,9 : 0.4704"
"9,67 : 0.4742"
"67,9 : 0.4742"
"9,68 : 0.6096"
"68,9 : 0.6096"
"9,69 : 0.9884"
"69,9 : 0.9884"
"9,70 : 0.4177"
"70,9 : 0.4177"
"9,71 : 0.5016"
"71,9 : 0.5016"
"9,72 : 0.9437"
"72,9 : 0.9437"
"9,73 : 0.8709"
"73,9 : 0.8709"
"9,74 : 0.7038"
"74,9 : 0.7038"
"9,75 : 0.676"
"75,9 : 0.676"
"9,76 : 0.4478"
"76,9 : 0.4478"
"9,77 : 0.3111"
"77,9 : 0.3111"
"9,78 : 0.7649"
"78,9 : 0.7649"
"9,79 : 0.36"
"79,9 : 0.36"
"9,80 : 0.5576"
"80,9 : 0.5576"
"9,81 : 0.7379"
"81,9 : 0.7379"
"9,82 : 0.6604"
"82,9 : 0.6604"
"9,83 : 0.6984"
"83,9 : 0.6984"
"9,84 : 0.7004"
"84,9 : 0.7004"
"9,85 : 0.6185"
"85,9 : 0.6185"
"9,86 : 0.7725"
"86,9 : 0.7725"
"9,87 : 0.4427"
"87,9 : 0.4427"
"9,88 : 0.5903"
"88,9 : 0.5903"
"9,89 : 0.794"
"89,9 : 0.794"
"9,90 : 0.2648"
"90,9 : 0.2648"
"9,91 : 0.2195"
"91,9 : 0.2195"
"9,92 : 0.4177"
"92,9 : 0.4177"
"9,93 : 0.588"
"93,9 : 0.588"
"9,94 : 0.3501"
"94,9 : 0.3501"
"9,95 : 0.4384"
"95,9 : 0.4384"
"9,96 : 0.255"
"96,9 : 0.255"
"9,97 : 0.6512"
"97,9 : 0.6512"
"9,98 : 0.8405"
"98,9 : 0.8405"
"9,99 : 0.7415"
"99,9 : 0.7415"
"10,11 : 0.214"
"11,10 : 0.214"
"10,12 : 0.4785"
"12,10 : 0.4785"
"10,13 : 0.2865"
"13,10 : 0.2865"
"10,14 : 0.3036"
"14,10 : 0.3036"
"10,15 : 0.4597"
"15,10 : 0.4597"
"10,16 : 0.3956"
"16,10 : 0.3956"
"10,17 : 0.5841"
"17,10 : 0.5841"
"10,18 : 0.5093"
"18,10 : 0.5093"
"10,19 : 0.4252"
"19,10 : 0.4252"
"10,20 : 0.136"
"20,10 : 0.136"
"10,21 : 0.4026"
"21,10 : 0.4026"
"10,22 : 0.1304"
"22,10 : 0.1304"
"10,23 : 0.3905"
"23,10 : 0.3905"
"10,24 : 0.4717"
"24,10 : 0.4717"
"10,25 : 0.3397"
"25,10 : 0.3397"
"10,26 : 0.4245"
"26,10 : 0.4245"
"10,27 : 0.577"
"27,10 : 0.577"
"10,28 : 0.4301"
"28,10 : 0.4301"
"10,29 : 0.5122"
"29,10 : 0.5122"
"10,30 : 0.5482"
"30,10 : 0.5482"
"10,31 : 0.1628"
"31,10 : 0.1628"
"10,32 : 0.5263"
"32,10 : 0.5263"
"10,33 : 0.7004"
"33,10 : 0.7004"
"10,34 : 0.6313"
"34,10 : 0.6313"
"10,35 : 0.6507"
"35,10 : 0.6507"
"10,36 : 0.4438"
"36,10 : 0.4438"
"10,37 : 0.103"
"37,10 : 0.103"
"10,38 : 0.5009"
"38,10 : 0.5009"
"10,39 : 0.4682"
"39,10 : 0.4682"
"10,40 : 0.2263"
"40,10 : 0.2263"
"10,41 : 0.4328"
"41,10 : 0.4328"
"10,42 : 0.3114"
"42,10 : 0.3114"
"10,43 : 0.486"
"43,10 : 0.486"
"10,44 : 0.5204"
"44,10 : 0.5204"
"10,45 : 0.4198"
"45,10 : 0.4198"
"10,46 : 0.1105"
"46,10 : 0.1105"
"10,47 : 0.4002"
"47,10 : 0.4002"
"10,48 : 0.2953"
"48,10 : 0.2953"
"10,49 : 0.3569"
"49,10 : 0.3569"
"10,50 : 0.3041"
"50,10 : 0.3041"
"10,51 : 0.5507"
"51,10 : 0.5507"
"10,52 : 0.4177"
"52,10 : 0.4177"
"10,53 : 0.086"
"53,10 : 0.086"
"10,54 : 0.4072"
"54,10 : 0.4072"
"10,55 : 0.5131"
"55,10 : 0.5131"
"10,56 : 0.4743"
"56,10 : 0.4743"
"10,57 : 0.2052"
"57,10 : 0.2052"
"10,58 : 0.3677"
"58,10 : 0.3677"
"10,59 : 0.2802"
"59,10 : 0.2802"
"10,60 : 0.4763"
"60,10 : 0.4763"
"10,61 : 0.5235"
"61,10 : 0.5235"
"10,62 : 0.588"
"62,10 : 0.588"
"10,63 : 0.4177"
"63,10 : 0.4177"
"10,64 : 0.359"
"64,10 : 0.359"
"10,65 : 0.3801"
"65,10 : 0.3801"
"10,66 : 0.02"
"66,10 : 0.02"
"10,67 : 0.1649"
"67,10 : 0.1649"
"10,68 : 0.4401"
"68,10 : 0.4401"
"10,69 : 0.5798"
"69,10 : 0.5798"
"10,70 : 0.3302"
"70,10 : 0.3302"
"10,71 : 0.2402"
"71,10 : 0.2402"
"10,72 : 0.589"
"72,10 : 0.589"
"10,73 : 0.458"
"73,10 : 0.458"
"10,74 : 0.2921"
"74,10 : 0.2921"
"10,75 : 0.2062"
"75,10 : 0.2062"
"10,76 : 0.4701"
"76,10 : 0.4701"
"10,77 : 0.3081"
"77,10 : 0.3081"
"10,78 : 0.364"
"78,10 : 0.364"
"10,79 : 0.6172"
"79,10 : 0.6172"
"10,80 : 0.26"
"80,10 : 0.26"
"10,81 : 0.4159"
"81,10 : 0.4159"
"10,82 : 0.5337"
"82,10 : 0.5337"
"10,83 : 0.3311"
"83,10 : 0.3311"
"10,84 : 0.4701"
"84,10 : 0.4701"
"10,85 : 0.5778"
"85,10 : 0.5778"
"10,86 : 0.3466"
"86,10 : 0.3466"
"10,87 : 0.5033"
"87,10 : 0.5033"
"10,88 : 0.3302"
"88,10 : 0.3302"
"10,89 : 0.4254"
"89,10 : 0.4254"
"10,90 : 0.2102"
"90,10 : 0.2102"
"10,91 : 0.39"
"91,10 : 0.39"
"10,92 : 0.3578"
"92,10 : 0.3578"
"10,93 : 0.431"
"93,10 : 0.431"
"10,94 : 0.13"
"94,10 : 0.13"
"10,95 : 0.3848"
"95,10 : 0.3848"
"10,96 : 0.5104"
"96,10 : 0.5104"
"10,97 : 0.441"
"97,10 : 0.441"
"10,98 : 0.3766"
"98,10 : 0.3766"
"10,99 : 0.3106"
"99,10 : 0.3106"
"11,12 : 0.272"
"12,11 : 0.272"
"11,13 : 0.4993"
"13,11 : 0.4993"
"11,14 : 0.3053"
"14,11 : 0.3053"
"11,15 : 0.2484"
"15,11 : 0.2484"
"11,16 : 0.211"
"16,11 : 0.211"
"11,17 : 0.3808"
"17,11 : 0.3808"
"11,18 : 0.5831"
"18,11 : 0.5831"
"11,19 : 0.4366"
"19,11 : 0.4366"
"11,20 : 0.21"
"20,11 : 0.21"
"11,21 : 0.3748"
"21,11 : 0.3748"
"11,22 : 0.0849"
"22,11 : 0.0849"
"11,23 : 0.2625"
"23,11 : 0.2625"
"11,24 : 0.6798"
"24,11 : 0.6798"
"11,25 : 0.3688"
"25,11 : 0.3688"
"11,26 : 0.6083"
"26,11 : 0.6083"
"11,27 : 0.7004"
"27,11 : 0.7004"
"11,28 : 0.5882"
"28,11 : 0.5882"
"11,29 : 0.5595"
"29,11 : 0.5595"
"11,30 : 0.6357"
"30,11 : 0.6357"
"11,31 : 0.3764"
"31,11 : 0.3764"
"11,32 : 0.6412"
"32,11 : 0.6412"
"11,33 : 0.9122"
"33,11 : 0.9122"
"11,34 : 0.6555"
"34,11 : 0.6555"
"11,35 : 0.6621"
"35,11 : 0.6621"
"11,36 : 0.5814"
"36,11 : 0.5814"
"11,37 : 0.1131"
"37,11 : 0.1131"
"11,38 : 0.6265"
"38,11 : 0.6265"
"11,39 : 0.6586"
"39,11 : 0.6586"
"11,40 : 0.2902"
"40,11 : 0.2902"
"11,41 : 0.2193"
"41,11 : 0.2193"
"11,42 : 0.228"
"42,11 : 0.228"
"11,43 : 0.5284"
"43,11 : 0.5284"
"11,44 : 0.6772"
"44,11 : 0.6772"
"11,45 : 0.2433"
"45,11 : 0.2433"
"11,46 : 0.1523"
"46,11 : 0.1523"
"11,47 : 0.5614"
"47,11 : 0.5614"
"11,48 : 0.4982"
"48,11 : 0.4982"
"11,49 : 0.5235"
"49,11 : 0.5235"
"11,50 : 0.278"
"50,11 : 0.278"
"11,51 : 0.7521"
"51,11 : 0.7521"
"11,52 : 0.5822"
"52,11 : 0.5822"
"11,53 : 0.253"
"53,11 : 0.253"
"11,54 : 0.204"
"54,11 : 0.204"
"11,55 : 0.6185"
"55,11 : 0.6185"
"11,56 : 0.5295"
"56,11 : 0.5295"
"11,57 : 0.3106"
"57,11 : 0.3106"
"11,58 : 0.4002"
"58,11 : 0.4002"
"11,59 : 0.0671"
"59,11 : 0.0671"
"11,60 : 0.5277"
"60,11 : 0.5277"
"11,61 : 0.3114"
"61,11 : 0.3114"
"11,62 : 0.8016"
"62,11 : 0.8016"
"11,63 : 0.2941"
"63,11 : 0.2941"
"11,64 : 0.1868"
"64,11 : 0.1868"
"11,65 : 0.4428"
"65,11 : 0.4428"
"11,66 : 0.1985"
"66,11 : 0.1985"
"11,67 : 0.3712"
"67,11 : 0.3712"
"11,68 : 0.3041"
"68,11 : 0.3041"
"11,69 : 0.644"
"69,11 : 0.644"
"11,70 : 0.5441"
"70,11 : 0.5441"
"11,71 : 0.1565"
"71,11 : 0.1565"
"11,72 : 0.3754"
"72,11 : 0.3754"
"11,73 : 0.26"
"73,11 : 0.26"
"11,74 : 0.4031"
"74,11 : 0.4031"
"11,75 : 0.2309"
"75,11 : 0.2309"
"11,76 : 0.6841"
"76,11 : 0.6841"
"11,77 : 0.5166"
"77,11 : 0.5166"
"11,78 : 0.4687"
"78,11 : 0.4687"
"11,79 : 0.6426"
"79,11 : 0.6426"
"11,80 : 0.4492"
"80,11 : 0.4492"
"11,81 : 0.2088"
"81,11 : 0.2088"
"11,82 : 0.7339"
"82,11 : 0.7339"
"11,83 : 0.4701"
"83,11 : 0.4701"
"11,84 : 0.6512"
"84,11 : 0.6512"
"11,85 : 0.7871"
"85,11 : 0.7871"
"11,86 : 0.4272"
"86,11 : 0.4272"
"11,87 : 0.717"
"87,11 : 0.717"
"11,88 : 0.5192"
"88,11 : 0.5192"
"11,89 : 0.5459"
"89,11 : 0.5459"
"11,90 : 0.3847"
"90,11 : 0.3847"
"11,91 : 0.5852"
"91,11 : 0.5852"
"11,92 : 0.3265"
"92,11 : 0.3265"
"11,93 : 0.3053"
"93,11 : 0.3053"
"11,94 : 0.2773"
"94,11 : 0.2773"
"11,95 : 0.3413"
"95,11 : 0.3413"
"11,96 : 0.5629"
"96,11 : 0.5629"
"11,97 : 0.6306"
"97,11 : 0.6306"
"11,98 : 0.26"
"98,11 : 0.26"
"11,99 : 0.13"
"99,11 : 0.13"
"12,13 : 0.7648"
"13,12 : 0.7648"
"12,14 : 0.5261"
"14,12 : 0.5261"
"12,15 : 0.1487"
"15,12 : 0.1487"
"12,16 : 0.1118"
"16,12 : 0.1118"
"12,17 : 0.2596"
"17,12 : 0.2596"
"12,18 : 0.8122"
"18,12 : 0.8122"
"12,19 : 0.5022"
"19,12 : 0.5022"
"12,20 : 0.4768"
"20,12 : 0.4768"
"12,21 : 0.5597"
"21,12 : 0.5597"
"12,22 : 0.3493"
"22,12 : 0.3493"
"12,23 : 0.3801"
"23,12 : 0.3801"
"12,24 : 0.9494"
"24,12 : 0.9494"
"12,25 : 0.4754"
"25,12 : 0.4754"
"12,26 : 0.8222"
"26,12 : 0.8222"
"12,27 : 0.9508"
"27,12 : 0.9508"
"12,28 : 0.7767"
"28,12 : 0.7767"
"12,29 : 0.7737"
"29,12 : 0.7737"
"12,30 : 0.8698"
"30,12 : 0.8698"
"12,31 : 0.6363"
"31,12 : 0.6363"
"12,32 : 0.78"
"32,12 : 0.78"
"12,33 : 1.1604"
"33,12 : 1.1604"
"12,34 : 0.6903"
"34,12 : 0.6903"
"12,35 : 0.6803"
"35,12 : 0.6803"
"12,36 : 0.841"
"36,12 : 0.841"
"12,37 : 0.3758"
"37,12 : 0.3758"
"12,38 : 0.8801"
"38,12 : 0.8801"
"12,39 : 0.8778"
"39,12 : 0.8778"
"12,40 : 0.458"
"40,12 : 0.458"
"12,41 : 0.1221"
"41,12 : 0.1221"
"12,42 : 0.4123"
"42,12 : 0.4123"
"12,43 : 0.7422"
"43,12 : 0.7422"
"12,44 : 0.8576"
"44,12 : 0.8576"
"12,45 : 0.1217"
"45,12 : 0.1217"
"12,46 : 0.3883"
"46,12 : 0.3883"
"12,47 : 0.8287"
"47,12 : 0.8287"
"12,48 : 0.7388"
"48,12 : 0.7388"
"12,49 : 0.7925"
"49,12 : 0.7925"
"12,50 : 0.4884"
"50,12 : 0.4884"
"12,51 : 0.9829"
"51,12 : 0.9829"
"12,52 : 0.85"
"52,12 : 0.85"
"12,53 : 0.525"
"53,12 : 0.525"
"12,54 : 0.0721"
"54,12 : 0.0721"
"12,55 : 0.8628"
"55,12 : 0.8628"
"12,56 : 0.621"
"56,12 : 0.621"
"12,57 : 0.5731"
"57,12 : 0.5731"
"12,58 : 0.4998"
"58,12 : 0.4998"
"12,59 : 0.2062"
"59,12 : 0.2062"
"12,60 : 0.7473"
"60,12 : 0.7473"
"12,61 : 0.1581"
"61,12 : 0.1581"
"12,62 : 1.0568"
"62,12 : 1.0568"
"12,63 : 0.4031"
"63,12 : 0.4031"
"12,64 : 0.1526"
"64,12 : 0.1526"
"12,65 : 0.5608"
"65,12 : 0.5608"
"12,66 : 0.4607"
"66,12 : 0.4607"
"12,67 : 0.6408"
"67,12 : 0.6408"
"12,68 : 0.2202"
"68,12 : 0.2202"
"12,69 : 0.8635"
"69,12 : 0.8635"
"12,70 : 0.8062"
"70,12 : 0.8062"
"12,71 : 0.2907"
"71,12 : 0.2907"
"12,72 : 0.1712"
"72,12 : 0.1712"
"12,73 : 0.2263"
"73,12 : 0.2263"
"12,74 : 0.6607"
"74,12 : 0.6607"
"12,75 : 0.4801"
"75,12 : 0.4801"
"12,76 : 0.9434"
"76,12 : 0.9434"
"12,77 : 0.764"
"77,12 : 0.764"
"12,78 : 0.7201"
"78,12 : 0.7201"
"12,79 : 0.6807"
"79,12 : 0.6807"
"12,80 : 0.7212"
"80,12 : 0.7212"
"12,81 : 0.0632"
"81,12 : 0.0632"
"12,82 : 1.0057"
"82,12 : 1.0057"
"12,83 : 0.7333"
"83,12 : 0.7333"
"12,84 : 0.922"
"84,12 : 0.922"
"12,85 : 1.056"
"85,12 : 1.056"
"12,86 : 0.6712"
"86,12 : 0.6712"
"12,87 : 0.9735"
"87,12 : 0.9735"
"12,88 : 0.7912"
"88,12 : 0.7912"
"12,89 : 0.8"
"89,12 : 0.8"
"12,90 : 0.6083"
"90,12 : 0.6083"
"12,91 : 0.8132"
"91,12 : 0.8132"
"12,92 : 0.386"
"92,12 : 0.386"
"12,93 : 0.24"
"93,12 : 0.24"
"12,94 : 0.5033"
"94,12 : 0.5033"
"12,95 : 0.3785"
"95,12 : 0.3785"
"12,96 : 0.6454"
"96,12 : 0.6454"
"12,97 : 0.9025"
"97,12 : 0.9025"
"12,98 : 0.394"
"98,12 : 0.394"
"12,99 : 0.2648"
"99,12 : 0.2648"
"13,14 : 0.4588"
"14,13 : 0.4588"
"13,15 : 0.7403"
"15,13 : 0.7403"
"13,16 : 0.6778"
"16,13 : 0.6778"
"13,17 : 0.8556"
"17,13 : 0.8556"
"13,18 : 0.5045"
"18,13 : 0.5045"
"13,19 : 0.5869"
"19,13 : 0.5869"
"13,20 : 0.3421"
"20,13 : 0.3421"
"13,21 : 0.5508"
"21,13 : 0.5508"
"13,22 : 0.4168"
"22,13 : 0.4168"
"13,23 : 0.6213"
"23,13 : 0.6213"
