x,y
0.66,0.09
0.85,0.93
0.35,0.12
0.92,0.74
0.22,0.35
0.06,0.05
0.21,0.41
0.17,0.39
0.59,0.26
0.49,0.37
0.75,0.66
0.49,0.21
0.35,0.76
0.81,0.34
0.84,0.67
0.62,0.01
1.0,0.66
0.98,0.34
0.89,0.4
0.18,0.59
0.61,0.37
0.12,0.47
0.85,0.16
0.25,0.03
0.01,0.44
0.4,0.42
0.42,0.82
0.39,0.01
0.61,0.92
0.37,0.17
0.4,0.37
0.28,0.84
0.28,0.02
0.12,0.09
0.05,0.36
0.45,0.59
0.21,0.74
1.0,0.58
0.51,0.45
0.02,0.82
0.11,0.12
0.82,0.77
0.3,0.31
0.04,0.49
0.82,0.08
0.02,0.13
0.21,0.05
0.26,0.96
0.14,0.37
0.03,1.0
0.12,0.95
0.74,1.0
0.9,0.45
0.8,0.79
0.84,0.79
0.58,0.49
0.88,0.59
0.33,0.17
0.46,0.73
0.84,0.49
0.01,0.97
0.75,0.35
0.28,0.79
0.06,0.89
0.45,0.29
0.65,0.43
0.28,0.65
0.43,0.51
0.85,0.39
0.14,0.96
0.15,0.1
0.51,0.9
0.42,0.56
0.77,0.24
0.59,0.73
0.24,0.61
0.95,0.57
0.26,0.69
0.05,0.55
0.23,0.29
0.53,0.67
0.34,0.81
0.18,0.8
0.06,0.43
0.82,0.63
0.51,0.1
0.71,0.81
0.53,0.96
0.5,0.48
0.84,0.04
0.64,0.84
0.84,0.09
0.92,0.28
0.83,0.92
0.03,0.15
0.67,0.31
0.9,0.59
0.42,0.51
0.2,0.39
0.21,0.69

Distanze
"0,1 : 0.8612"
"1,0 : 0.8612"
"0,2 : 0.3114"
"2,0 : 0.3114"
"0,3 : 0.7001"
"3,0 : 0.7001"
"0,4 : 0.5111"
"4,0 : 0.5111"
"0,5 : 0.6013"
"5,0 : 0.6013"
"0,6 : 0.5522"
"6,0 : 0.5522"
"0,7 : 0.5745"
"7,0 : 0.5745"
"0,8 : 0.1838"
"8,0 : 0.1838"
"0,9 : 0.3276"
"9,0 : 0.3276"
"0,10 : 0.5771"
"10,0 : 0.5771"
"0,11 : 0.2081"
"11,0 : 0.2081"
"0,12 : 0.7382"
"12,0 : 0.7382"
"0,13 : 0.2915"
"13,0 : 0.2915"
"0,14 : 0.6073"
"14,0 : 0.6073"
"0,15 : 0.0894"
"15,0 : 0.0894"
"0,16 : 0.6637"
"16,0 : 0.6637"
"0,17 : 0.4061"
"17,0 : 0.4061"
"0,18 : 0.386"
"18,0 : 0.386"
"0,19 : 0.6931"
"19,0 : 0.6931"
"0,20 : 0.2844"
"20,0 : 0.2844"
"0,21 : 0.6603"
"21,0 : 0.6603"
"0,22 : 0.2025"
"22,0 : 0.2025"
"0,23 : 0.4144"
"23,0 : 0.4144"
"0,24 : 0.7382"
"24,0 : 0.7382"
"0,25 : 0.4201"
"25,0 : 0.4201"
"0,26 : 0.7684"
"26,0 : 0.7684"
"0,27 : 0.2816"
"27,0 : 0.2816"
"0,28 : 0.8315"
"28,0 : 0.8315"
"0,29 : 0.3008"
"29,0 : 0.3008"
"0,30 : 0.3821"
"30,0 : 0.3821"
"0,31 : 0.8408"
"31,0 : 0.8408"
"0,32 : 0.3864"
"32,0 : 0.3864"
"0,33 : 0.54"
"33,0 : 0.54"
"0,34 : 0.6671"
"34,0 : 0.6671"
"0,35 : 0.5423"
"35,0 : 0.5423"
"0,36 : 0.7906"
"36,0 : 0.7906"
"0,37 : 0.5964"
"37,0 : 0.5964"
"0,38 : 0.39"
"38,0 : 0.39"
"0,39 : 0.9708"
"39,0 : 0.9708"
"0,40 : 0.5508"
"40,0 : 0.5508"
"0,41 : 0.6986"
"41,0 : 0.6986"
"0,42 : 0.4219"
"42,0 : 0.4219"
"0,43 : 0.7378"
"43,0 : 0.7378"
"0,44 : 0.1603"
"44,0 : 0.1603"
"0,45 : 0.6412"
"45,0 : 0.6412"
"0,46 : 0.4518"
"46,0 : 0.4518"
"0,47 : 0.9575"
"47,0 : 0.9575"
"0,48 : 0.5906"
"48,0 : 0.5906"
"0,49 : 1.1068"
"49,0 : 1.1068"
"0,50 : 1.0155"
"50,0 : 1.0155"
"0,51 : 0.9135"
"51,0 : 0.9135"
"0,52 : 0.4327"
"52,0 : 0.4327"
"0,53 : 0.7139"
"53,0 : 0.7139"
"0,54 : 0.7228"
"54,0 : 0.7228"
"0,55 : 0.4079"
"55,0 : 0.4079"
"0,56 : 0.5463"
"56,0 : 0.5463"
"0,57 : 0.3396"
"57,0 : 0.3396"
"0,58 : 0.6705"
"58,0 : 0.6705"
"0,59 : 0.4386"
"59,0 : 0.4386"
"0,60 : 1.094"
"60,0 : 1.094"
"0,61 : 0.2751"
"61,0 : 0.2751"
"0,62 : 0.7965"
"62,0 : 0.7965"
"0,63 : 1.0"
"63,0 : 1.0"
"0,64 : 0.29"
"64,0 : 0.29"
"0,65 : 0.3401"
"65,0 : 0.3401"
"0,66 : 0.6768"
"66,0 : 0.6768"
"0,67 : 0.4789"
"67,0 : 0.4789"
"0,68 : 0.3551"
"68,0 : 0.3551"
"0,69 : 1.0136"
"69,0 : 1.0136"
"0,70 : 0.5101"
"70,0 : 0.5101"
"0,71 : 0.8238"
"71,0 : 0.8238"
"0,72 : 0.5277"
"72,0 : 0.5277"
"0,73 : 0.186"
"73,0 : 0.186"
"0,74 : 0.6438"
"74,0 : 0.6438"
"0,75 : 0.6684"
"75,0 : 0.6684"
"0,76 : 0.5608"
"76,0 : 0.5608"
"0,77 : 0.7211"
"77,0 : 0.7211"
"0,78 : 0.764"
"78,0 : 0.764"
"0,79 : 0.4742"
"79,0 : 0.4742"
"0,80 : 0.5944"
"80,0 : 0.5944"
"0,81 : 0.7879"
"81,0 : 0.7879"
"0,82 : 0.857"
"82,0 : 0.857"
"0,83 : 0.6896"
"83,0 : 0.6896"
"0,84 : 0.5632"
"84,0 : 0.5632"
"0,85 : 0.1503"
"85,0 : 0.1503"
"0,86 : 0.7217"
"86,0 : 0.7217"
"0,87 : 0.8797"
"87,0 : 0.8797"
"0,88 : 0.4215"
"88,0 : 0.4215"
"0,89 : 0.1868"
"89,0 : 0.1868"
"0,90 : 0.7503"
"90,0 : 0.7503"
"0,91 : 0.18"
"91,0 : 0.18"
"0,92 : 0.322"
"92,0 : 0.322"
"0,93 : 0.8472"
"93,0 : 0.8472"
"0,94 : 0.6329"
"94,0 : 0.6329"
"0,95 : 0.2202"
"95,0 : 0.2202"
"0,96 : 0.5546"
"96,0 : 0.5546"
"0,97 : 0.4837"
"97,0 : 0.4837"
"0,98 : 0.5492"
"98,0 : 0.5492"
"0,99 : 0.75"
"99,0 : 0.75"
"1,2 : 0.9519"
"2,1 : 0.9519"
"1,3 : 0.2025"
"3,1 : 0.2025"
"1,4 : 0.8563"
"4,1 : 0.8563"
"1,5 : 1.1826"
"5,1 : 1.1826"
"1,6 : 0.8246"
"6,1 : 0.8246"
"1,7 : 0.8683"
"7,1 : 0.8683"
"1,8 : 0.7187"
"8,1 : 0.7187"
"1,9 : 0.6657"
"9,1 : 0.6657"
"1,10 : 0.2879"
"10,1 : 0.2879"
"1,11 : 0.805"
"11,1 : 0.805"
"1,12 : 0.5281"
"12,1 : 0.5281"
"1,13 : 0.5914"
"13,1 : 0.5914"
"1,14 : 0.2602"
"14,1 : 0.2602"
"1,15 : 0.9483"
"15,1 : 0.9483"
"1,16 : 0.3089"
"16,1 : 0.3089"
"1,17 : 0.6042"
"17,1 : 0.6042"
"1,18 : 0.5315"
"18,1 : 0.5315"
"1,19 : 0.7513"
"19,1 : 0.7513"
"1,20 : 0.6093"
"20,1 : 0.6093"
"1,21 : 0.8628"
"21,1 : 0.8628"
"1,22 : 0.77"
"22,1 : 0.77"
"1,23 : 1.0817"
"23,1 : 1.0817"
"1,24 : 0.9725"
"24,1 : 0.9725"
"1,25 : 0.6801"
"25,1 : 0.6801"
"1,26 : 0.4438"
"26,1 : 0.4438"
"1,27 : 1.0286"
"27,1 : 1.0286"
"1,28 : 0.2402"
"28,1 : 0.2402"
"1,29 : 0.8989"
"29,1 : 0.8989"
"1,30 : 0.7184"
"30,1 : 0.7184"
"1,31 : 0.5771"
"31,1 : 0.5771"
"1,32 : 1.0738"
"32,1 : 1.0738"
"1,33 : 1.1129"
"33,1 : 1.1129"
"1,34 : 0.9823"
"34,1 : 0.9823"
"1,35 : 0.525"
"35,1 : 0.525"
"1,36 : 0.6676"
"36,1 : 0.6676"
"1,37 : 0.3808"
"37,1 : 0.3808"
"1,38 : 0.5882"
"38,1 : 0.5882"
"1,39 : 0.8373"
"39,1 : 0.8373"
"1,40 : 1.0971"
"40,1 : 1.0971"
"1,41 : 0.1628"
"41,1 : 0.1628"
"1,42 : 0.8288"
"42,1 : 0.8288"
"1,43 : 0.9218"
"43,1 : 0.9218"
"1,44 : 0.8505"
"44,1 : 0.8505"
"1,45 : 1.1528"
"45,1 : 1.1528"
"1,46 : 1.0881"
"46,1 : 1.0881"
"1,47 : 0.5908"
"47,1 : 0.5908"
"1,48 : 0.9043"
"48,1 : 0.9043"
"1,49 : 0.823"
"49,1 : 0.823"
"1,50 : 0.7303"
"50,1 : 0.7303"
"1,51 : 0.1304"
"51,1 : 0.1304"
"1,52 : 0.4826"
"52,1 : 0.4826"
"1,53 : 0.1487"
"53,1 : 0.1487"
"1,54 : 0.1404"
"54,1 : 0.1404"
"1,55 : 0.5162"
"55,1 : 0.5162"
"1,56 : 0.3413"
"56,1 : 0.3413"
"1,57 : 0.9209"
"57,1 : 0.9209"
"1,58 : 0.4383"
"58,1 : 0.4383"
"1,59 : 0.4401"
"59,1 : 0.4401"
"1,60 : 0.841"
"60,1 : 0.841"
"1,61 : 0.5886"
"61,1 : 0.5886"
"1,62 : 0.5869"
"62,1 : 0.5869"
"1,63 : 0.791"
"63,1 : 0.791"
"1,64 : 0.7547"
"64,1 : 0.7547"
"1,65 : 0.5385"
"65,1 : 0.5385"
"1,66 : 0.6351"
"66,1 : 0.6351"
"1,67 : 0.594"
"67,1 : 0.594"
"1,68 : 0.54"
"68,1 : 0.54"
"1,69 : 0.7106"
"69,1 : 0.7106"
"1,70 : 1.0858"
"70,1 : 1.0858"
"1,71 : 0.3413"
"71,1 : 0.3413"
"1,72 : 0.5673"
"72,1 : 0.5673"
"1,73 : 0.6946"
"73,1 : 0.6946"
"1,74 : 0.328"
"74,1 : 0.328"
"1,75 : 0.6888"
"75,1 : 0.6888"
"1,76 : 0.3736"
"76,1 : 0.3736"
"1,77 : 0.6369"
"77,1 : 0.6369"
"1,78 : 0.8857"
"78,1 : 0.8857"
"1,79 : 0.8911"
"79,1 : 0.8911"
"1,80 : 0.4123"
"80,1 : 0.4123"
"1,81 : 0.5239"
"81,1 : 0.5239"
"1,82 : 0.6825"
"82,1 : 0.6825"
"1,83 : 0.9349"
"83,1 : 0.9349"
"1,84 : 0.3015"
"84,1 : 0.3015"
"1,85 : 0.8969"
"85,1 : 0.8969"
"1,86 : 0.1844"
"86,1 : 0.1844"
"1,87 : 0.3214"
"87,1 : 0.3214"
"1,88 : 0.5701"
"88,1 : 0.5701"
"1,89 : 0.8901"
"89,1 : 0.8901"
"1,90 : 0.2285"
"90,1 : 0.2285"
"1,91 : 0.8401"
"91,1 : 0.8401"
"1,92 : 0.6538"
"92,1 : 0.6538"
"1,93 : 0.0224"
"93,1 : 0.0224"
"1,94 : 1.1317"
"94,1 : 1.1317"
"1,95 : 0.6456"
"95,1 : 0.6456"
"1,96 : 0.3437"
"96,1 : 0.3437"
"1,97 : 0.6011"
"97,1 : 0.6011"
"1,98 : 0.845"
"98,1 : 0.845"
"1,99 : 0.6835"
"99,1 : 0.6835"
"2,3 : 0.8422"
"3,2 : 0.8422"
"2,4 : 0.2642"
"4,2 : 0.2642"
"2,5 : 0.2983"
"5,2 : 0.2983"
"2,6 : 0.322"
"6,2 : 0.322"
"2,7 : 0.3245"
"7,2 : 0.3245"
"2,8 : 0.2778"
"8,2 : 0.2778"
"2,9 : 0.2865"
"9,2 : 0.2865"
"2,10 : 0.672"
"10,2 : 0.672"
"2,11 : 0.1664"
"11,2 : 0.1664"
"2,12 : 0.64"
"12,2 : 0.64"
"2,13 : 0.5099"
"13,2 : 0.5099"
"2,14 : 0.7366"
"14,2 : 0.7366"
"2,15 : 0.2915"
"15,2 : 0.2915"
"2,16 : 0.845"
"16,2 : 0.845"
"2,17 : 0.6673"
"17,2 : 0.6673"
"2,18 : 0.6083"
"18,2 : 0.6083"
"2,19 : 0.4998"
"19,2 : 0.4998"
"2,20 : 0.3607"
"20,2 : 0.3607"
"2,21 : 0.4188"
"21,2 : 0.4188"
"2,22 : 0.5016"
"22,2 : 0.5016"
"2,23 : 0.1345"
"23,2 : 0.1345"
"2,24 : 0.4669"
"24,2 : 0.4669"
"2,25 : 0.3041"
"25,2 : 0.3041"
"2,26 : 0.7035"
"26,2 : 0.7035"
"2,27 : 0.117"
"27,2 : 0.117"
"2,28 : 0.8412"
"28,2 : 0.8412"
"2,29 : 0.0539"
"29,2 : 0.0539"
"2,30 : 0.255"
"30,2 : 0.255"
"2,31 : 0.7234"
"31,2 : 0.7234"
"2,32 : 0.1221"
"32,2 : 0.1221"
"2,33 : 0.2319"
"33,2 : 0.2319"
"2,34 : 0.3842"
"34,2 : 0.3842"
"2,35 : 0.4805"
"35,2 : 0.4805"
"2,36 : 0.6356"
"36,2 : 0.6356"
"2,37 : 0.7963"
"37,2 : 0.7963"
"2,38 : 0.3667"
"38,2 : 0.3667"
"2,39 : 0.7739"
"39,2 : 0.7739"
"2,40 : 0.24"
"40,2 : 0.24"
"2,41 : 0.8021"
"41,2 : 0.8021"
"2,42 : 0.1965"
"42,2 : 0.1965"
"2,43 : 0.4827"
"43,2 : 0.4827"
"2,44 : 0.4717"
"44,2 : 0.4717"
"2,45 : 0.3302"
"45,2 : 0.3302"
"2,46 : 0.1565"
"46,2 : 0.1565"
"2,47 : 0.8448"
"47,2 : 0.8448"
"2,48 : 0.3265"
"48,2 : 0.3265"
"2,49 : 0.9364"
"49,2 : 0.9364"
"2,50 : 0.8613"
"50,2 : 0.8613"
"2,51 : 0.9625"
"51,2 : 0.9625"
"2,52 : 0.6414"
"52,2 : 0.6414"
"2,53 : 0.8071"
"53,2 : 0.8071"
"2,54 : 0.8301"
"54,2 : 0.8301"
"2,55 : 0.4357"
"55,2 : 0.4357"
"2,56 : 0.7084"
"56,2 : 0.7084"
"2,57 : 0.0539"
"57,2 : 0.0539"
"2,58 : 0.6198"
"58,2 : 0.6198"
"2,59 : 0.614"
"59,2 : 0.614"
"2,60 : 0.9155"
"60,2 : 0.9155"
"2,61 : 0.4614"
"61,2 : 0.4614"
"2,62 : 0.6736"
"62,2 : 0.6736"
"2,63 : 0.8228"
"63,2 : 0.8228"
"2,64 : 0.1972"
"64,2 : 0.1972"
"2,65 : 0.4314"
"65,2 : 0.4314"
"2,66 : 0.5346"
"66,2 : 0.5346"
"2,67 : 0.3981"
"67,2 : 0.3981"
"2,68 : 0.5682"
"68,2 : 0.5682"
"2,69 : 0.8659"
"69,2 : 0.8659"
"2,70 : 0.201"
"70,2 : 0.201"
"2,71 : 0.7962"
"71,2 : 0.7962"
"2,72 : 0.4455"
"72,2 : 0.4455"
"2,73 : 0.4368"
"73,2 : 0.4368"
"2,74 : 0.6555"
"74,2 : 0.6555"
"2,75 : 0.5022"
"75,2 : 0.5022"
"2,76 : 0.75"
"76,2 : 0.75"
"2,77 : 0.5771"
"77,2 : 0.5771"
"2,78 : 0.5243"
"78,2 : 0.5243"
"2,79 : 0.2081"
"79,2 : 0.2081"
"2,80 : 0.5787"
"80,2 : 0.5787"
"2,81 : 0.6901"
"81,2 : 0.6901"
"2,82 : 0.7009"
"82,2 : 0.7009"
"2,83 : 0.4245"
"83,2 : 0.4245"
"2,84 : 0.6935"
"84,2 : 0.6935"
"2,85 : 0.1612"
"85,2 : 0.1612"
"2,86 : 0.7783"
"86,2 : 0.7783"
"2,87 : 0.8591"
"87,2 : 0.8591"
"2,88 : 0.39"
"88,2 : 0.39"
"2,89 : 0.4965"
"89,2 : 0.4965"
"2,90 : 0.7762"
"90,2 : 0.7762"
"2,91 : 0.4909"
"91,2 : 0.4909"
"2,92 : 0.592"
"92,2 : 0.592"
"2,93 : 0.933"
"93,2 : 0.933"
"2,94 : 0.3214"
"94,2 : 0.3214"
"2,95 : 0.3722"
"95,2 : 0.3722"
"2,96 : 0.7235"
"96,2 : 0.7235"
"2,97 : 0.3962"
"97,2 : 0.3962"
"2,98 : 0.3089"
"98,2 : 0.3089"
"2,99 : 0.5869"
"99,2 : 0.5869"
"3,4 : 0.8013"
"4,3 : 0.8013"
"3,5 : 1.1026"
"5,3 : 1.1026"
"3,6 : 0.7829"
"6,3 : 0.7829"
"3,7 : 0.8276"
"7,3 : 0.8276"
"3,8 : 0.5825"
"8,3 : 0.5825"
"3,9 : 0.5673"
"9,3 : 0.5673"
"3,10 : 0.1879"
"10,3 : 0.1879"
"3,11 : 0.6825"
"11,3 : 0.6825"
"3,12 : 0.5704"
"12,3 : 0.5704"
"3,13 : 0.4148"
"13,3 : 0.4148"
"3,14 : 0.1063"
"14,3 : 0.1063"
"3,15 : 0.7892"
"15,3 : 0.7892"
"3,16 : 0.1131"
"16,3 : 0.1131"
"3,17 : 0.4045"
"17,3 : 0.4045"
"3,18 : 0.3413"
"18,3 : 0.3413"
"3,19 : 0.755"
"19,3 : 0.755"
"3,20 : 0.4827"
"20,3 : 0.4827"
"3,21 : 0.8443"
"21,3 : 0.8443"
"3,22 : 0.5842"
"22,3 : 0.5842"
"3,23 : 0.9762"
"23,3 : 0.9762"
"3,24 : 0.9582"
"24,3 : 0.9582"
"3,25 : 0.6106"
"25,3 : 0.6106"
"3,26 : 0.5064"
"26,3 : 0.5064"
"3,27 : 0.9021"
"27,3 : 0.9021"
"3,28 : 0.3585"
"28,3 : 0.3585"
"3,29 : 0.7921"
"29,3 : 0.7921"
"3,30 : 0.6382"
"30,3 : 0.6382"
"3,31 : 0.6478"
"31,3 : 0.6478"
"3,32 : 0.9633"
"32,3 : 0.9633"
"3,33 : 1.0308"
"33,3 : 1.0308"
"3,34 : 0.9494"
"34,3 : 0.9494"
"3,35 : 0.4934"
"35,3 : 0.4934"
"3,36 : 0.71"
"36,3 : 0.71"
"3,37 : 0.1789"
"37,3 : 0.1789"
"3,38 : 0.5022"
"38,3 : 0.5022"
"3,39 : 0.9035"
"39,3 : 0.9035"
"3,40 : 1.02"
"40,3 : 1.02"
"3,41 : 0.1044"
"41,3 : 0.1044"
"3,42 : 0.7545"
"42,3 : 0.7545"
"3,43 : 0.9148"
"43,3 : 0.9148"
"3,44 : 0.6675"
"44,3 : 0.6675"
"3,45 : 1.0872"
"45,3 : 1.0872"
"3,46 : 0.9901"
"46,3 : 0.9901"
"3,47 : 0.6957"
"47,3 : 0.6957"
"3,48 : 0.8633"
"48,3 : 0.8633"
"3,49 : 0.9272"
"49,3 : 0.9272"
"3,50 : 0.8271"
"50,3 : 0.8271"
"3,51 : 0.3162"
"51,3 : 0.3162"
"3,52 : 0.2907"
"52,3 : 0.2907"
"3,53 : 0.13"
"53,3 : 0.13"
"3,54 : 0.0943"
"54,3 : 0.0943"
"3,55 : 0.422"
"55,3 : 0.422"
"3,56 : 0.1552"
"56,3 : 0.1552"
"3,57 : 0.8204"
"57,3 : 0.8204"
"3,58 : 0.4601"
"58,3 : 0.4601"
"3,59 : 0.2625"
"59,3 : 0.2625"
"3,60 : 0.9386"
"60,3 : 0.9386"
"3,61 : 0.4254"
"61,3 : 0.4254"
"3,62 : 0.642"
"62,3 : 0.642"
"3,63 : 0.873"
"63,3 : 0.873"
"3,64 : 0.6507"
"64,3 : 0.6507"
"3,65 : 0.4111"
"65,3 : 0.4111"
"3,66 : 0.6463"
"66,3 : 0.6463"
"3,67 : 0.5413"
"67,3 : 0.5413"
"3,68 : 0.3569"
"68,3 : 0.3569"
"3,69 : 0.8104"
"69,3 : 0.8104"
"3,70 : 1.0012"
"70,3 : 1.0012"
"3,71 : 0.4401"
"71,3 : 0.4401"
"3,72 : 0.5314"
"72,3 : 0.5314"
"3,73 : 0.522"
"73,3 : 0.522"
"3,74 : 0.3302"
"74,3 : 0.3302"
"3,75 : 0.6923"
"75,3 : 0.6923"
"3,76 : 0.1726"
"76,3 : 0.1726"
"3,77 : 0.6619"
"77,3 : 0.6619"
"3,78 : 0.8905"
"78,3 : 0.8905"
"3,79 : 0.8238"
"79,3 : 0.8238"
"3,80 : 0.3962"
"80,3 : 0.3962"
"3,81 : 0.5842"
"81,3 : 0.5842"
"3,82 : 0.7424"
"82,3 : 0.7424"
"3,83 : 0.9142"
"83,3 : 0.9142"
"3,84 : 0.1487"
"84,3 : 0.1487"
"3,85 : 0.7601"
"85,3 : 0.7601"
"3,86 : 0.2214"
"86,3 : 0.2214"
"3,87 : 0.4478"
"87,3 : 0.4478"
"3,88 : 0.494"
"88,3 : 0.494"
"3,89 : 0.7046"
"89,3 : 0.7046"
"3,90 : 0.2973"
"90,3 : 0.2973"
"3,91 : 0.6549"
"91,3 : 0.6549"
"3,92 : 0.46"
"92,3 : 0.46"
"3,93 : 0.2012"
"93,3 : 0.2012"
"3,94 : 1.0678"
"94,3 : 1.0678"
"3,95 : 0.4974"
"95,3 : 0.4974"
"3,96 : 0.1513"
"96,3 : 0.1513"
"3,97 : 0.5504"
"97,3 : 0.5504"
"3,98 : 0.8006"
"98,3 : 0.8006"
"3,99 : 0.7118"
"99,3 : 0.7118"
"4,5 : 0.34"
"5,4 : 0.34"
"4,6 : 0.0608"
"6,4 : 0.0608"
"4,7 : 0.064"
"7,4 : 0.064"
"4,8 : 0.3808"
"8,4 : 0.3808"
"4,9 : 0.2707"
"9,4 : 0.2707"
"4,10 : 0.614"
"10,4 : 0.614"
"4,11 : 0.3041"
"11,4 : 0.3041"
"4,12 : 0.4301"
"12,4 : 0.4301"
"4,13 : 0.5901"
"13,4 : 0.5901"
"4,14 : 0.6977"
"14,4 : 0.6977"
"4,15 : 0.525"
"15,4 : 0.525"
"4,16 : 0.8393"
"16,4 : 0.8393"
"4,17 : 0.7601"
"17,4 : 0.7601"
"4,18 : 0.6719"
"18,4 : 0.6719"
"4,19 : 0.2433"
"19,4 : 0.2433"
"4,20 : 0.3905"
"20,4 : 0.3905"
"4,21 : 0.1562"
"21,4 : 0.1562"
"4,22 : 0.658"
"22,4 : 0.658"
"4,23 : 0.3214"
"23,4 : 0.3214"
"4,24 : 0.2285"
"24,4 : 0.2285"
"4,25 : 0.1931"
"25,4 : 0.1931"
"4,26 : 0.5108"
"26,4 : 0.5108"
"4,27 : 0.3801"
"27,4 : 0.3801"
"4,28 : 0.6907"
"28,4 : 0.6907"
"4,29 : 0.2343"
"29,4 : 0.2343"
"4,30 : 0.1811"
"30,4 : 0.1811"
"4,31 : 0.4937"
"31,4 : 0.4937"
"4,32 : 0.3354"
"32,4 : 0.3354"
"4,33 : 0.2786"
"33,4 : 0.2786"
"4,34 : 0.1703"
"34,4 : 0.1703"
"4,35 : 0.3324"
"35,4 : 0.3324"
"4,36 : 0.3901"
"36,4 : 0.3901"
"4,37 : 0.8132"
"37,4 : 0.8132"
"4,38 : 0.3068"
"38,4 : 0.3068"
"4,39 : 0.5108"
"39,4 : 0.5108"
"4,40 : 0.255"
"40,4 : 0.255"
"4,41 : 0.7324"
"41,4 : 0.7324"
"4,42 : 0.0894"
"42,4 : 0.0894"
"4,43 : 0.228"
"43,4 : 0.228"
"4,44 : 0.658"
"44,4 : 0.658"
"4,45 : 0.2973"
"45,4 : 0.2973"
"4,46 : 0.3002"
"46,4 : 0.3002"
"4,47 : 0.6113"
"47,4 : 0.6113"
"4,48 : 0.0825"
"48,4 : 0.0825"
"4,49 : 0.6772"
"49,4 : 0.6772"
"4,50 : 0.6083"
"50,4 : 0.6083"
"4,51 : 0.8324"
"51,4 : 0.8324"
"4,52 : 0.6873"
"52,4 : 0.6873"
"4,53 : 0.728"
"53,4 : 0.728"
"4,54 : 0.7603"
"54,4 : 0.7603"
"4,55 : 0.3863"
"55,4 : 0.3863"
"4,56 : 0.7023"
"56,4 : 0.7023"
"4,57 : 0.211"
"57,4 : 0.211"
"4,58 : 0.4494"
"58,4 : 0.4494"
"4,59 : 0.6356"
"59,4 : 0.6356"
"4,60 : 0.6546"
"60,4 : 0.6546"
"4,61 : 0.53"
"61,4 : 0.53"
"4,62 : 0.4441"
"62,4 : 0.4441"
"4,63 : 0.5632"
"63,4 : 0.5632"
"4,64 : 0.2377"
"64,4 : 0.2377"
"4,65 : 0.4374"
"65,4 : 0.4374"
"4,66 : 0.3059"
"66,4 : 0.3059"
"4,67 : 0.264"
"67,4 : 0.264"
"4,68 : 0.6313"
"68,4 : 0.6313"
"4,69 : 0.6152"
"69,4 : 0.6152"
"4,70 : 0.2596"
"70,4 : 0.2596"
"4,71 : 0.6218"
"71,4 : 0.6218"
"4,72 : 0.29"
"72,4 : 0.29"
"4,73 : 0.5609"
"73,4 : 0.5609"
"4,74 : 0.5304"
"74,4 : 0.5304"
"4,75 : 0.2608"
"75,4 : 0.2608"
"4,76 : 0.7624"
"76,4 : 0.7624"
"4,77 : 0.3423"
"77,4 : 0.3423"
"4,78 : 0.2625"
"78,4 : 0.2625"
"4,79 : 0.0608"
"79,4 : 0.0608"
"4,80 : 0.4455"
"80,4 : 0.4455"
"4,81 : 0.4754"
"81,4 : 0.4754"
"4,82 : 0.4518"
"82,4 : 0.4518"
"4,83 : 0.1789"
"83,4 : 0.1789"
"4,84 : 0.6621"
"84,4 : 0.6621"
"4,85 : 0.3829"
"85,4 : 0.3829"
"4,86 : 0.6721"
"86,4 : 0.6721"
"4,87 : 0.6843"
"87,4 : 0.6843"
"4,88 : 0.3087"
"88,4 : 0.3087"
"4,89 : 0.6932"
"89,4 : 0.6932"
"4,90 : 0.6454"
"90,4 : 0.6454"
"4,91 : 0.6723"
"91,4 : 0.6723"
"4,92 : 0.7035"
"92,4 : 0.7035"
"4,93 : 0.8349"
"93,4 : 0.8349"
"4,94 : 0.2759"
"94,4 : 0.2759"
"4,95 : 0.4518"
"95,4 : 0.4518"
"4,96 : 0.7211"
"96,4 : 0.7211"
"4,97 : 0.2561"
"97,4 : 0.2561"
"4,98 : 0.0447"
"98,4 : 0.0447"
"4,99 : 0.3401"
"99,4 : 0.3401"
"5,6 : 0.39"
"6,5 : 0.39"
"5,7 : 0.3574"
"7,5 : 0.3574"
"5,8 : 0.5701"
"8,5 : 0.5701"
"5,9 : 0.536"
"9,5 : 0.536"
"5,10 : 0.921"
"10,5 : 0.921"
"5,11 : 0.4588"
"11,5 : 0.4588"
"5,12 : 0.7669"
"12,5 : 0.7669"
"5,13 : 0.8041"
"13,5 : 0.8041"
"5,14 : 0.9964"
"14,5 : 0.9964"
"5,15 : 0.5614"
"15,5 : 0.5614"
"5,16 : 1.1206"
"16,5 : 1.1206"
"5,17 : 0.9646"
"17,5 : 0.9646"
"5,18 : 0.9008"
"18,5 : 0.9008"
"5,19 : 0.5532"
"19,5 : 0.5532"
"5,20 : 0.6363"
"20,5 : 0.6363"
"5,21 : 0.4243"
"21,5 : 0.4243"
"5,22 : 0.7976"
"22,5 : 0.7976"
"5,23 : 0.191"
"23,5 : 0.191"
"5,24 : 0.3932"
"24,5 : 0.3932"
"5,25 : 0.5025"
"25,5 : 0.5025"
"5,26 : 0.85"
"26,5 : 0.85"
"5,27 : 0.3324"
"27,5 : 0.3324"
"5,28 : 1.0293"
"28,5 : 1.0293"
"5,29 : 0.3324"
"29,5 : 0.3324"
"5,30 : 0.4669"
"30,5 : 0.4669"
"5,31 : 0.8201"
"31,5 : 0.8201"
"5,32 : 0.222"
"32,5 : 0.222"
"5,33 : 0.0721"
"33,5 : 0.0721"
"5,34 : 0.3102"
"34,5 : 0.3102"
"5,35 : 0.6661"
"35,5 : 0.6661"
"5,36 : 0.7061"
"36,5 : 0.7061"
"5,37 : 1.0791"
"37,5 : 1.0791"
"5,38 : 0.6021"
"38,5 : 0.6021"
"5,39 : 0.771"
"39,5 : 0.771"
"5,40 : 0.086"
"40,5 : 0.086"
"5,41 : 1.0469"
"41,5 : 1.0469"
"5,42 : 0.3538"
"42,5 : 0.3538"
"5,43 : 0.4405"
"43,5 : 0.4405"
"5,44 : 0.7606"
"44,5 : 0.7606"
"5,45 : 0.0894"
"45,5 : 0.0894"
"5,46 : 0.15"
"46,5 : 0.15"
"5,47 : 0.9317"
"47,5 : 0.9317"
"5,48 : 0.3298"
"48,5 : 0.3298"
"5,49 : 0.9505"
"49,5 : 0.9505"
"5,50 : 0.902"
"50,5 : 0.902"
"5,51 : 1.1683"
"51,5 : 1.1683"
"5,52 : 0.9304"
"52,5 : 0.9304"
"5,53 : 1.0465"
"53,5 : 1.0465"
"5,54 : 1.0752"
"54,5 : 1.0752"
"5,55 : 0.6812"
"55,5 : 0.6812"
"5,56 : 0.9818"
"56,5 : 0.9818"
"5,57 : 0.2955"
"57,5 : 0.2955"
"5,58 : 0.7889"
"58,5 : 0.7889"
"5,59 : 0.8955"
"59,5 : 0.8955"
"5,60 : 0.9214"
"60,5 : 0.9214"
"5,61 : 0.7524"
"61,5 : 0.7524"
"5,62 : 0.772"
"62,5 : 0.772"
"5,63 : 0.84"
"63,5 : 0.84"
"5,64 : 0.4579"
"64,5 : 0.4579"
"5,65 : 0.7018"
"65,5 : 0.7018"
"5,66 : 0.6391"
"66,5 : 0.6391"
"5,67 : 0.5903"
"67,5 : 0.5903"
"5,68 : 0.8601"
"68,5 : 0.8601"
"5,69 : 0.9135"
"69,5 : 0.9135"
"5,70 : 0.103"
"70,5 : 0.103"
"5,71 : 0.9618"
"71,5 : 0.9618"
"5,72 : 0.6243"
"72,5 : 0.6243"
"5,73 : 0.735"
"73,5 : 0.735"
"5,74 : 0.8621"
"74,5 : 0.8621"
"5,75 : 0.5882"
"75,5 : 0.5882"
"5,76 : 1.0308"
"76,5 : 1.0308"
"5,77 : 0.6705"
"77,5 : 0.6705"
"5,78 : 0.5001"
"78,5 : 0.5001"
"5,79 : 0.2941"
"79,5 : 0.2941"
"5,80 : 0.778"
"80,5 : 0.778"
"5,81 : 0.8099"
"81,5 : 0.8099"
"5,82 : 0.7595"
"82,5 : 0.7595"
"5,83 : 0.38"
"83,5 : 0.38"
"5,84 : 0.956"
"84,5 : 0.956"
"5,85 : 0.4528"
"85,5 : 0.4528"
"5,86 : 1.0"
"86,5 : 1.0"
"5,87 : 1.0242"
"87,5 : 1.0242"
"5,88 : 0.6152"
"88,5 : 0.6152"
"5,89 : 0.7801"
"89,5 : 0.7801"
"5,90 : 0.9801"
"90,5 : 0.9801"
"5,91 : 0.781"
"91,5 : 0.781"
"5,92 : 0.8902"
"92,5 : 0.8902"
"5,93 : 1.1618"
"93,5 : 1.1618"
"5,94 : 0.1044"
"94,5 : 0.1044"
"5,95 : 0.6631"
"95,5 : 0.6631"
"5,96 : 0.9986"
"96,5 : 0.9986"
"5,97 : 0.5841"
"97,5 : 0.5841"
"5,98 : 0.3677"
"98,5 : 0.3677"
"5,99 : 0.6573"
"99,5 : 0.6573"
"6,7 : 0.0447"
"7,6 : 0.0447"
"6,8 : 0.4085"
"8,6 : 0.4085"
"6,9 : 0.2828"
"9,6 : 0.2828"
"6,10 : 0.5951"
"10,6 : 0.5951"
"6,11 : 0.3441"
"11,6 : 0.3441"
"6,12 : 0.377"
"12,6 : 0.377"
"6,13 : 0.6041"
"13,6 : 0.6041"
"6,14 : 0.6815"
"14,6 : 0.6815"
"6,15 : 0.5728"
"15,6 : 0.5728"
"6,16 : 0.8286"
"16,6 : 0.8286"
"6,17 : 0.7732"
"17,6 : 0.7732"
"6,18 : 0.6801"
"18,6 : 0.6801"
"6,19 : 0.1825"
"19,6 : 0.1825"
"6,20 : 0.402"
"20,6 : 0.402"
"6,21 : 0.1082"
"21,6 : 0.1082"
"6,22 : 0.6871"
"22,6 : 0.6871"
"6,23 : 0.3821"
"23,6 : 0.3821"
"6,24 : 0.2022"
"24,6 : 0.2022"
"6,25 : 0.1903"
"25,6 : 0.1903"
"6,26 : 0.4607"
"26,6 : 0.4607"
"6,27 : 0.4386"
"27,6 : 0.4386"
"6,28 : 0.6482"
"28,6 : 0.6482"
"6,29 : 0.2884"
"29,6 : 0.2884"
"6,30 : 0.1942"
"30,6 : 0.1942"
"6,31 : 0.4357"
"31,6 : 0.4357"
"6,32 : 0.3962"
"32,6 : 0.3962"
"6,33 : 0.3324"
"33,6 : 0.3324"
"6,34 : 0.1676"
"34,6 : 0.1676"
"6,35 : 0.3"
"35,6 : 0.3"
"6,36 : 0.33"
"36,6 : 0.33"
"6,37 : 0.8081"
"37,6 : 0.8081"
"6,38 : 0.3027"
"38,6 : 0.3027"
"6,39 : 0.4519"
"39,6 : 0.4519"
"6,40 : 0.3068"
"40,6 : 0.3068"
"6,41 : 0.7083"
"41,6 : 0.7083"
"6,42 : 0.1345"
"42,6 : 0.1345"
"6,43 : 0.1879"
"43,6 : 0.1879"
"6,44 : 0.6935"
"44,6 : 0.6935"
"6,45 : 0.3384"
"45,6 : 0.3384"
"6,46 : 0.36"
"46,6 : 0.36"
"6,47 : 0.5523"
"47,6 : 0.5523"
"6,48 : 0.0806"
"48,6 : 0.0806"
"6,49 : 0.6168"
"49,6 : 0.6168"
"6,50 : 0.5474"
"50,6 : 0.5474"
"6,51 : 0.7931"
"51,6 : 0.7931"
"6,52 : 0.6912"
"52,6 : 0.6912"
"6,53 : 0.7018"
"53,6 : 0.7018"
"6,54 : 0.7357"
"54,6 : 0.7357"
"6,55 : 0.3785"
"55,6 : 0.3785"
"6,56 : 0.6938"
"56,6 : 0.6938"
"6,57 : 0.2683"
"57,6 : 0.2683"
"6,58 : 0.4061"
"58,6 : 0.4061"
"6,59 : 0.6351"
"59,6 : 0.6351"
"6,60 : 0.5946"
"60,6 : 0.5946"
"6,61 : 0.5433"
"61,6 : 0.5433"
"6,62 : 0.3864"
"62,6 : 0.3864"
"6,63 : 0.5029"
"63,6 : 0.5029"
"6,64 : 0.2683"
"64,6 : 0.2683"
"6,65 : 0.4405"
"65,6 : 0.4405"
"6,66 : 0.25"
"66,6 : 0.25"
"6,67 : 0.2417"
"67,6 : 0.2417"
"6,68 : 0.6403"
"68,6 : 0.6403"
"6,69 : 0.5544"
"69,6 : 0.5544"
"6,70 : 0.3158"
"70,6 : 0.3158"
"6,71 : 0.5745"
"71,6 : 0.5745"
"6,72 : 0.2581"
"72,6 : 0.2581"
"6,73 : 0.5852"
"73,6 : 0.5852"
"6,74 : 0.4968"
"74,6 : 0.4968"
"6,75 : 0.2022"
"75,6 : 0.2022"
"6,76 : 0.7571"
"76,6 : 0.7571"
"6,77 : 0.2844"
"77,6 : 0.2844"
"6,78 : 0.2126"
"78,6 : 0.2126"
"6,79 : 0.1217"
"79,6 : 0.1217"
"6,80 : 0.4123"
"80,6 : 0.4123"
"6,81 : 0.4206"
"81,6 : 0.4206"
"6,82 : 0.3912"
"82,6 : 0.3912"
"6,83 : 0.1513"
"83,6 : 0.1513"
"6,84 : 0.6485"
"84,6 : 0.6485"
"6,85 : 0.4314"
"85,6 : 0.4314"
"6,86 : 0.6403"
"86,6 : 0.6403"
"6,87 : 0.6363"
"87,6 : 0.6363"
"6,88 : 0.2983"
"88,6 : 0.2983"
"6,89 : 0.7306"
"89,6 : 0.7306"
"6,90 : 0.6081"
"90,6 : 0.6081"
"6,91 : 0.7066"
"91,6 : 0.7066"
"6,92 : 0.7218"
"92,6 : 0.7218"
"6,93 : 0.8028"
"93,6 : 0.8028"
"6,94 : 0.3162"
"94,6 : 0.3162"
"6,95 : 0.4707"
"95,6 : 0.4707"
"6,96 : 0.7131"
"96,6 : 0.7131"
"6,97 : 0.2326"
"97,6 : 0.2326"
"6,98 : 0.0224"
"98,6 : 0.0224"
"6,99 : 0.28"
"99,6 : 0.28"
"7,8 : 0.4397"
"8,7 : 0.4397"
"7,9 : 0.3206"
"9,7 : 0.3206"
"7,10 : 0.6398"
"10,7 : 0.6398"
"7,11 : 0.3672"
"11,7 : 0.3672"
"7,12 : 0.4115"
"12,7 : 0.4115"
"7,13 : 0.642"
"13,7 : 0.642"
"7,14 : 0.7262"
"14,7 : 0.7262"
"7,15 : 0.589"
"15,7 : 0.589"
"7,16 : 0.8728"
"16,7 : 0.8728"
"7,17 : 0.8115"
"17,7 : 0.8115"
"7,18 : 0.7201"
"18,7 : 0.7201"
"7,19 : 0.2002"
"19,7 : 0.2002"
"7,20 : 0.4405"
"20,7 : 0.4405"
"7,21 : 0.0943"
"21,7 : 0.0943"
"7,22 : 0.7178"
"22,7 : 0.7178"
"7,23 : 0.3688"
"23,7 : 0.3688"
"7,24 : 0.1676"
"24,7 : 0.1676"
"7,25 : 0.2319"
"25,7 : 0.2319"
"7,26 : 0.4974"
"26,7 : 0.4974"
"7,27 : 0.4391"
"27,7 : 0.4391"
"7,28 : 0.6888"
"28,7 : 0.6888"
"7,29 : 0.2973"
"29,7 : 0.2973"
"7,30 : 0.2309"
"30,7 : 0.2309"
"7,31 : 0.4632"
"31,7 : 0.4632"
"7,32 : 0.386"
"32,7 : 0.386"
"7,33 : 0.3041"
"33,7 : 0.3041"
"7,34 : 0.1237"
"34,7 : 0.1237"
"7,35 : 0.3441"
"35,7 : 0.3441"
"7,36 : 0.3523"
"36,7 : 0.3523"
"7,37 : 0.8515"
"37,7 : 0.8515"
"7,38 : 0.3453"
"38,7 : 0.3453"
"7,39 : 0.4554"
"39,7 : 0.4554"
"7,40 : 0.2766"
"40,7 : 0.2766"
"7,41 : 0.7529"
"41,7 : 0.7529"
"7,42 : 0.1526"
"42,7 : 0.1526"
"7,43 : 0.164"
"43,7 : 0.164"
"7,44 : 0.7201"
"44,7 : 0.7201"
"7,45 : 0.3002"
"45,7 : 0.3002"
"7,46 : 0.3423"
"46,7 : 0.3423"
"7,47 : 0.5771"
"47,7 : 0.5771"
"7,48 : 0.0361"
"48,7 : 0.0361"
"7,49 : 0.6259"
"49,7 : 0.6259"
"7,50 : 0.5622"
"50,7 : 0.5622"
"7,51 : 0.8349"
"51,7 : 0.8349"
"7,52 : 0.7325"
"52,7 : 0.7325"
"7,53 : 0.7463"
"53,7 : 0.7463"
"7,54 : 0.7803"
"54,7 : 0.7803"
"7,55 : 0.422"
"55,7 : 0.422"
"7,56 : 0.7376"
"56,7 : 0.7376"
"7,57 : 0.272"
"57,7 : 0.272"
"7,58 : 0.4469"
"58,7 : 0.4469"
"7,59 : 0.6774"
"59,7 : 0.6774"
"7,60 : 0.6017"
"60,7 : 0.6017"
"7,61 : 0.5814"
"61,7 : 0.5814"
"7,62 : 0.4148"
"62,7 : 0.4148"
"7,63 : 0.512"
"63,7 : 0.512"
"7,64 : 0.2973"
"64,7 : 0.2973"
"7,65 : 0.4817"
"65,7 : 0.4817"
"7,66 : 0.2823"
"66,7 : 0.2823"
"7,67 : 0.2864"
"67,7 : 0.2864"
"7,68 : 0.68"
"68,7 : 0.68"
"7,69 : 0.5708"
"69,7 : 0.5708"
"7,70 : 0.2907"
"70,7 : 0.2907"
"7,71 : 0.6129"
"71,7 : 0.6129"
"7,72 : 0.3023"
"72,7 : 0.3023"
"7,73 : 0.6185"
"73,7 : 0.6185"
"7,74 : 0.5404"
"74,7 : 0.5404"
"7,75 : 0.2309"
"75,7 : 0.2309"
"7,76 : 0.8005"
"76,7 : 0.8005"
"7,77 : 0.3132"
"77,7 : 0.3132"
"7,78 : 0.2"
"78,7 : 0.2"
"7,79 : 0.1166"
"79,7 : 0.1166"
"7,80 : 0.4561"
"80,7 : 0.4561"
"7,81 : 0.4531"
"81,7 : 0.4531"
"7,82 : 0.4101"
"82,7 : 0.4101"
"7,83 : 0.117"
"83,7 : 0.117"
"7,84 : 0.6929"
"84,7 : 0.6929"
"7,85 : 0.4469"
"85,7 : 0.4469"
"7,86 : 0.6841"
"86,7 : 0.6841"
"7,87 : 0.6742"
"87,7 : 0.6742"
"7,88 : 0.3421"
"88,7 : 0.3421"
"7,89 : 0.7559"
"89,7 : 0.7559"
"7,90 : 0.6507"
"90,7 : 0.6507"
"7,91 : 0.7341"
"91,7 : 0.7341"
"7,92 : 0.758"
"92,7 : 0.758"
"7,93 : 0.8465"
"93,7 : 0.8465"
"7,94 : 0.2778"
"94,7 : 0.2778"
"7,95 : 0.5064"
"95,7 : 0.5064"
"7,96 : 0.7569"
"96,7 : 0.7569"
"7,97 : 0.2773"
"97,7 : 0.2773"
"7,98 : 0.03"
"98,7 : 0.03"
"7,99 : 0.3027"
"99,7 : 0.3027"
"8,9 : 0.1487"
"9,8 : 0.1487"
"8,10 : 0.4308"
"10,8 : 0.4308"
"8,11 : 0.1118"
"11,8 : 0.1118"
"8,12 : 0.5546"
"12,8 : 0.5546"
"8,13 : 0.2341"
"13,8 : 0.2341"
"8,14 : 0.4802"
"14,8 : 0.4802"
"8,15 : 0.2518"
"15,8 : 0.2518"
"8,16 : 0.5728"
"16,8 : 0.5728"
"8,17 : 0.3981"
"17,8 : 0.3981"
"8,18 : 0.3311"
"18,8 : 0.3311"
"8,19 : 0.5263"
"19,8 : 0.5263"
"8,20 : 0.1118"
"20,8 : 0.1118"
"8,21 : 0.5148"
"21,8 : 0.5148"
"8,22 : 0.2786"
"22,8 : 0.2786"
"8,23 : 0.4105"
"23,8 : 0.4105"
"8,24 : 0.6073"
"24,8 : 0.6073"
"8,25 : 0.2484"
"25,8 : 0.2484"
"8,26 : 0.5852"
"26,8 : 0.5852"
"8,27 : 0.3202"
"27,8 : 0.3202"
"8,28 : 0.6603"
"28,8 : 0.6603"
"8,29 : 0.2377"
"29,8 : 0.2377"
"8,30 : 0.2195"
"30,8 : 0.2195"
"8,31 : 0.6576"
"31,8 : 0.6576"
"8,32 : 0.392"
"32,8 : 0.392"
"8,33 : 0.4998"
"33,8 : 0.4998"
"8,34 : 0.5492"
"34,8 : 0.5492"
"8,35 : 0.3585"
"35,8 : 0.3585"
"8,36 : 0.6122"
"36,8 : 0.6122"
"8,37 : 0.5201"
"37,8 : 0.5201"
"8,38 : 0.2062"
"38,8 : 0.2062"
"8,39 : 0.7991"
"39,8 : 0.7991"
"8,40 : 0.5"
"40,8 : 0.5"
"8,41 : 0.5595"
"41,8 : 0.5595"
"8,42 : 0.2943"
"42,8 : 0.2943"
"8,43 : 0.5962"
"43,8 : 0.5962"
"8,44 : 0.2921"
"44,8 : 0.2921"
"8,45 : 0.5846"
"45,8 : 0.5846"
"8,46 : 0.4342"
"46,8 : 0.4342"
"8,47 : 0.7739"
"47,8 : 0.7739"
"8,48 : 0.4632"
"48,8 : 0.4632"
"8,49 : 0.928"
"49,8 : 0.928"
"8,50 : 0.8349"
"50,8 : 0.8349"
"8,51 : 0.755"
"51,8 : 0.755"
"8,52 : 0.3636"
"52,8 : 0.3636"
"8,53 : 0.5701"
"53,8 : 0.5701"
"8,54 : 0.586"
"54,8 : 0.586"
"8,55 : 0.2302"
"55,8 : 0.2302"
"8,56 : 0.4393"
"56,8 : 0.4393"
"8,57 : 0.2751"
"57,8 : 0.2751"
"8,58 : 0.4876"
"58,8 : 0.4876"
"8,59 : 0.3397"
"59,8 : 0.3397"
"8,60 : 0.9168"
"60,8 : 0.9168"
"8,61 : 0.1836"
"61,8 : 0.1836"
"8,62 : 0.614"
"62,8 : 0.614"
"8,63 : 0.8233"
"63,8 : 0.8233"
"8,64 : 0.1432"
"64,8 : 0.1432"
"8,65 : 0.1803"
"65,8 : 0.1803"
"8,66 : 0.4982"
"66,8 : 0.4982"
"8,67 : 0.2968"
"67,8 : 0.2968"
"8,68 : 0.2907"
"68,8 : 0.2907"
"8,69 : 0.8322"
"69,8 : 0.8322"
"8,70 : 0.4682"
"70,8 : 0.4682"
"8,71 : 0.645"
"71,8 : 0.645"
"8,72 : 0.3448"
"72,8 : 0.3448"
"8,73 : 0.1811"
"73,8 : 0.1811"
"8,74 : 0.47"
"74,8 : 0.47"
"8,75 : 0.495"
"75,8 : 0.495"
"8,76 : 0.4751"
"76,8 : 0.4751"
"8,77 : 0.542"
"77,8 : 0.542"
"8,78 : 0.6129"
"78,8 : 0.6129"
"8,79 : 0.3612"
"79,8 : 0.3612"
"8,80 : 0.4144"
"80,8 : 0.4144"
"8,81 : 0.6042"
"81,8 : 0.6042"
"8,82 : 0.678"
"82,8 : 0.678"
"8,83 : 0.5566"
"83,8 : 0.5566"
"8,84 : 0.4357"
"84,8 : 0.4357"
"8,85 : 0.1789"
"85,8 : 0.1789"
"8,86 : 0.5629"
"86,8 : 0.5629"
"8,87 : 0.7026"
"87,8 : 0.7026"
"8,88 : 0.2377"
"88,8 : 0.2377"
"8,89 : 0.333"
"89,8 : 0.333"
"8,90 : 0.5822"
"90,8 : 0.5822"
"8,91 : 0.3023"
"91,8 : 0.3023"
"8,92 : 0.3306"
"92,8 : 0.3306"
"8,93 : 0.7023"
"93,8 : 0.7023"
"8,94 : 0.5707"
"94,8 : 0.5707"
"8,95 : 0.0943"
"95,8 : 0.0943"
"8,96 : 0.4528"
"96,8 : 0.4528"
"8,97 : 0.3023"
"97,8 : 0.3023"
"8,98 : 0.4111"
"98,8 : 0.4111"
"8,99 : 0.5738"
"99,8 : 0.5738"
"9,10 : 0.3895"
"10,9 : 0.3895"
"9,11 : 0.16"
"11,9 : 0.16"
"9,12 : 0.4144"
"12,9 : 0.4144"
"9,13 : 0.3214"
"13,9 : 0.3214"
"9,14 : 0.461"
"14,9 : 0.461"
"9,15 : 0.3828"
"15,9 : 0.3828"
"9,16 : 0.5867"
"16,9 : 0.5867"
"9,17 : 0.4909"
"17,9 : 0.4909"
"9,18 : 0.4011"
"18,9 : 0.4011"
"9,19 : 0.3801"
"19,9 : 0.3801"
"9,20 : 0.12"
"20,9 : 0.12"
"9,21 : 0.3833"
"21,9 : 0.3833"
"9,22 : 0.4168"
"22,9 : 0.4168"
"9,23 : 0.4162"
"23,9 : 0.4162"
"9,24 : 0.4851"
"24,9 : 0.4851"
"9,25 : 0.103"
"25,9 : 0.103"
"9,26 : 0.4554"
"26,9 : 0.4554"
"9,27 : 0.3736"
"27,9 : 0.3736"
"9,28 : 0.5629"
"28,9 : 0.5629"
"9,29 : 0.2332"
"29,9 : 0.2332"
"9,30 : 0.09"
"30,9 : 0.09"
"9,31 : 0.5148"
"31,9 : 0.5148"
"9,32 : 0.4082"
"32,9 : 0.4082"
"9,33 : 0.464"
"33,9 : 0.464"
"9,34 : 0.4401"
"34,9 : 0.4401"
"9,35 : 0.2236"
"35,9 : 0.2236"
"9,36 : 0.464"
"36,9 : 0.464"
"9,37 : 0.5515"
"37,9 : 0.5515"
"9,38 : 0.0825"
"38,9 : 0.0825"
"9,39 : 0.6507"
"39,9 : 0.6507"
"9,40 : 0.4549"
"40,9 : 0.4549"
"9,41 : 0.5186"
"41,9 : 0.5186"
"9,42 : 0.1992"
"42,9 : 0.1992"
"9,43 : 0.4657"
"43,9 : 0.4657"
"9,44 : 0.4393"
"44,9 : 0.4393"
"9,45 : 0.5277"
"45,9 : 0.5277"
"9,46 : 0.4252"
"46,9 : 0.4252"
"9,47 : 0.6332"
"47,9 : 0.6332"
"9,48 : 0.35"
"48,9 : 0.35"
"9,49 : 0.7801"
"49,9 : 0.7801"
"9,50 : 0.688"
"50,9 : 0.688"
"9,51 : 0.6778"
"51,9 : 0.6778"
"9,52 : 0.4177"
"52,9 : 0.4177"
"9,53 : 0.522"
"53,9 : 0.522"
"9,54 : 0.5467"
"54,9 : 0.5467"
"9,55 : 0.15"
"55,9 : 0.15"
"9,56 : 0.4478"
"56,9 : 0.4478"
"9,57 : 0.2561"
"57,9 : 0.2561"
"9,58 : 0.3612"
"58,9 : 0.3612"
"9,59 : 0.37"
"59,9 : 0.37"
"9,60 : 0.7684"
"60,9 : 0.7684"
"9,61 : 0.2608"
"61,9 : 0.2608"
"9,62 : 0.4696"
"62,9 : 0.4696"
"9,63 : 0.6748"
"63,9 : 0.6748"
"9,64 : 0.0894"
"64,9 : 0.0894"
"9,65 : 0.1709"
"65,9 : 0.1709"
"9,66 : 0.35"
"66,9 : 0.35"
"9,67 : 0.1523"
"67,9 : 0.1523"
"9,68 : 0.3606"
"68,9 : 0.3606"
"9,69 : 0.686"
"69,9 : 0.686"
"9,70 : 0.4342"
"70,9 : 0.4342"
"9,71 : 0.5304"
"71,9 : 0.5304"
"9,72 : 0.2025"
"72,9 : 0.2025"
"9,73 : 0.3087"
"73,9 : 0.3087"
"9,74 : 0.3736"
"74,9 : 0.3736"
"9,75 : 0.3466"
"75,9 : 0.3466"
"9,76 : 0.5016"
"76,9 : 0.5016"
"9,77 : 0.3941"
"77,9 : 0.3941"
"9,78 : 0.4754"
"78,9 : 0.4754"
"9,79 : 0.272"
"79,9 : 0.272"
"9,80 : 0.3027"
"80,9 : 0.3027"
"9,81 : 0.4649"
"81,9 : 0.4649"
"9,82 : 0.5301"
"82,9 : 0.5301"
"9,83 : 0.4342"
"83,9 : 0.4342"
"9,84 : 0.4201"
"84,9 : 0.4201"
"9,85 : 0.2707"
"85,9 : 0.2707"
"9,86 : 0.4919"
"86,9 : 0.4919"
"9,87 : 0.5914"
"87,9 : 0.5914"
"9,88 : 0.1105"
"88,9 : 0.1105"
"9,89 : 0.481"
"89,9 : 0.481"
"9,90 : 0.4934"
"90,9 : 0.4934"
"9,91 : 0.4482"
"91,9 : 0.4482"
"9,92 : 0.4393"
"92,9 : 0.4393"
"9,93 : 0.6466"
"93,9 : 0.6466"
"9,94 : 0.5099"
"94,9 : 0.5099"
"9,95 : 0.1897"
"95,9 : 0.1897"
"9,96 : 0.4653"
"96,9 : 0.4653"
"9,97 : 0.1565"
"97,9 : 0.1565"
"9,98 : 0.2907"
"98,9 : 0.2907"
"9,99 : 0.4252"
"99,9 : 0.4252"
"10,11 : 0.5197"
"11,10 : 0.5197"
"10,12 : 0.4123"
"12,10 : 0.4123"
"10,13 : 0.3256"
"13,10 : 0.3256"
"10,14 : 0.0906"
"14,10 : 0.0906"
"10,15 : 0.6629"
"15,10 : 0.6629"
"10,16 : 0.25"
"16,10 : 0.25"
"10,17 : 0.3941"
"17,10 : 0.3941"
"10,18 : 0.2953"
"18,10 : 0.2953"
"10,19 : 0.5743"
"19,10 : 0.5743"
"10,20 : 0.322"
"20,10 : 0.322"
"10,21 : 0.658"
"21,10 : 0.658"
"10,22 : 0.5099"
"22,10 : 0.5099"
"10,23 : 0.8043"
"23,10 : 0.8043"
"10,24 : 0.772"
"24,10 : 0.772"
"10,25 : 0.4244"
"25,10 : 0.4244"
"10,26 : 0.3667"
"26,10 : 0.3667"
"10,27 : 0.743"
"27,10 : 0.743"
"10,28 : 0.2953"
"28,10 : 0.2953"
"10,29 : 0.6201"
"29,10 : 0.6201"
"10,30 : 0.4545"
"30,10 : 0.4545"
"10,31 : 0.5033"
"31,10 : 0.5033"
"10,32 : 0.794"
"32,10 : 0.794"
"10,33 : 0.8496"
"33,10 : 0.8496"
"10,34 : 0.7616"
"34,10 : 0.7616"
"10,35 : 0.3081"
"35,10 : 0.3081"
"10,36 : 0.5459"
"36,10 : 0.5459"
"10,37 : 0.2625"
"37,10 : 0.2625"
"10,38 : 0.3189"
"38,10 : 0.3189"
"10,39 : 0.7473"
"39,10 : 0.7473"
"10,40 : 0.8374"
"40,10 : 0.8374"
"10,41 : 0.1304"
"41,10 : 0.1304"
"10,42 : 0.5701"
"42,10 : 0.5701"
"10,43 : 0.7301"
"43,10 : 0.7301"
"10,44 : 0.5842"
"44,10 : 0.5842"
"10,45 : 0.9021"
"45,10 : 0.9021"
"10,46 : 0.8147"
"46,10 : 0.8147"
"10,47 : 0.5745"
"47,10 : 0.5745"
"10,48 : 0.6754"
"48,10 : 0.6754"
"10,49 : 0.7962"
"49,10 : 0.7962"
"10,50 : 0.6935"
"50,10 : 0.6935"
"10,51 : 0.3401"
"51,10 : 0.3401"
"10,52 : 0.2581"
"52,10 : 0.2581"
"10,53 : 0.1393"
"53,10 : 0.1393"
"10,54 : 0.1581"
"54,10 : 0.1581"
"10,55 : 0.2404"
"55,10 : 0.2404"
"10,56 : 0.1476"
"56,10 : 0.1476"
"10,57 : 0.6454"
"57,10 : 0.6454"
"10,58 : 0.2983"
"58,10 : 0.2983"
"10,59 : 0.1924"
"59,10 : 0.1924"
"10,60 : 0.8023"
"60,10 : 0.8023"
"10,61 : 0.31"
"61,10 : 0.31"
"10,62 : 0.4876"
"62,10 : 0.4876"
"10,63 : 0.7273"
"63,10 : 0.7273"
"10,64 : 0.4763"
"64,10 : 0.4763"
"10,65 : 0.2508"
"65,10 : 0.2508"
"10,66 : 0.4701"
"66,10 : 0.4701"
"10,67 : 0.3534"
"67,10 : 0.3534"
"10,68 : 0.2879"
"68,10 : 0.2879"
"10,69 : 0.6798"
"69,10 : 0.6798"
"10,70 : 0.8207"
"70,10 : 0.8207"
"10,71 : 0.3394"
"71,10 : 0.3394"
"10,72 : 0.3448"
"72,10 : 0.3448"
"10,73 : 0.4205"
"73,10 : 0.4205"
"10,74 : 0.1746"
"74,10 : 0.1746"
"10,75 : 0.5124"
"75,10 : 0.5124"
"10,76 : 0.2193"
"76,10 : 0.2193"
"10,77 : 0.4909"
"77,10 : 0.4909"
"10,78 : 0.7086"
"78,10 : 0.7086"
"10,79 : 0.6382"
"79,10 : 0.6382"
"10,80 : 0.2202"
"80,10 : 0.2202"
"10,81 : 0.4366"
"81,10 : 0.4366"
"10,82 : 0.5869"
"82,10 : 0.5869"
"10,83 : 0.7273"
"83,10 : 0.7273"
"10,84 : 0.0762"
"84,10 : 0.0762"
"10,85 : 0.6093"
"85,10 : 0.6093"
"10,86 : 0.1552"
"86,10 : 0.1552"
"10,87 : 0.372"
"87,10 : 0.372"
"10,88 : 0.3081"
"88,10 : 0.3081"
"10,89 : 0.6265"
"89,10 : 0.6265"
"10,90 : 0.211"
"90,10 : 0.211"
"10,91 : 0.5771"
"91,10 : 0.5771"
"10,92 : 0.4163"
"92,10 : 0.4163"
"10,93 : 0.272"
"93,10 : 0.272"
"10,94 : 0.8823"
"94,10 : 0.8823"
"10,95 : 0.359"
"95,10 : 0.359"
"10,96 : 0.1655"
"96,10 : 0.1655"
"10,97 : 0.3625"
"97,10 : 0.3625"
"10,98 : 0.6127"
"98,10 : 0.6127"
"10,99 : 0.5408"
"99,10 : 0.5408"
"11,12 : 0.5675"
"12,11 : 0.5675"
"11,13 : 0.3454"
"13,11 : 0.3454"
"11,14 : 0.578"
"14,11 : 0.578"
"11,15 : 0.2385"
"15,11 : 0.2385"
"11,16 : 0.6801"
"16,11 : 0.6801"
"11,17 : 0.507"
"17,11 : 0.507"
"11,18 : 0.4428"
"18,11 : 0.4428"
"11,19 : 0.4904"
"19,11 : 0.4904"
"11,20 : 0.2"
"20,11 : 0.2"
"11,21 : 0.4522"
"21,11 : 0.4522"
"11,22 : 0.3635"
"22,11 : 0.3635"
"11,23 : 0.3"
"23,11 : 0.3"
"11,24 : 0.5323"
"24,11 : 0.5323"
"11,25 : 0.2285"
"25,11 : 0.2285"
"11,26 : 0.614"
"26,11 : 0.614"
"11,27 : 0.2236"
"27,11 : 0.2236"
"11,28 : 0.7201"
"28,11 : 0.7201"
"11,29 : 0.1265"
"29,11 : 0.1265"
"11,30 : 0.1836"
"30,11 : 0.1836"
"11,31 : 0.6641"
"31,11 : 0.6641"
"11,32 : 0.2832"
"32,11 : 0.2832"
"11,33 : 0.389"
"33,11 : 0.389"
"11,34 : 0.4649"
"34,11 : 0.4649"
"11,35 : 0.3821"
"35,11 : 0.3821"
"11,36 : 0.5994"
"36,11 : 0.5994"
"11,37 : 0.6301"
"37,11 : 0.6301"
"11,38 : 0.2408"
"38,11 : 0.2408"
"11,39 : 0.7701"
"39,11 : 0.7701"
"11,40 : 0.3905"
"40,11 : 0.3905"
"11,41 : 0.65"
"41,11 : 0.65"
"11,42 : 0.2147"
"42,11 : 0.2147"
"11,43 : 0.53"
"43,11 : 0.53"
"11,44 : 0.3547"
"44,11 : 0.3547"
"11,45 : 0.4768"
"45,11 : 0.4768"
"11,46 : 0.3225"
"46,11 : 0.3225"
"11,47 : 0.7845"
"47,11 : 0.7845"
"11,48 : 0.3848"
"48,11 : 0.3848"
"11,49 : 0.9142"
"49,11 : 0.9142"
"11,50 : 0.8273"
"50,11 : 0.8273"
"11,51 : 0.8286"
"51,11 : 0.8286"
"11,52 : 0.4751"
"52,11 : 0.4751"
"11,53 : 0.6576"
"53,11 : 0.6576"
"11,54 : 0.6774"
"54,11 : 0.6774"
"11,55 : 0.2941"
"55,11 : 0.2941"
"11,56 : 0.5445"
"56,11 : 0.5445"
"11,57 : 0.1649"
"57,11 : 0.1649"
"11,58 : 0.5209"
"58,11 : 0.5209"
"11,59 : 0.4482"
"59,11 : 0.4482"
"11,60 : 0.8989"
"60,11 : 0.8989"
"11,61 : 0.2953"
"61,11 : 0.2953"
"11,62 : 0.6168"
"62,11 : 0.6168"
"11,63 : 0.8045"
"63,11 : 0.8045"
"11,64 : 0.0894"
"64,11 : 0.0894"
"11,65 : 0.272"
"65,11 : 0.272"
"11,66 : 0.4875"
"66,11 : 0.4875"
"11,67 : 0.3059"
"67,11 : 0.3059"
"11,68 : 0.4025"
"68,11 : 0.4025"
"11,69 : 0.8276"
"69,11 : 0.8276"
"11,70 : 0.3574"
"70,11 : 0.3574"
"11,71 : 0.6903"
"71,11 : 0.6903"
"11,72 : 0.3569"
"72,11 : 0.3569"
"11,73 : 0.2816"
"73,11 : 0.2816"
"11,74 : 0.5295"
"74,11 : 0.5295"
"11,75 : 0.4717"
"75,11 : 0.4717"
"11,76 : 0.5841"
"76,11 : 0.5841"
"11,77 : 0.5323"
"77,11 : 0.5323"
"11,78 : 0.5561"
"78,11 : 0.5561"
"11,79 : 0.272"
"79,11 : 0.272"
"11,80 : 0.4617"
"80,11 : 0.4617"
"11,81 : 0.6185"
"81,11 : 0.6185"
"11,82 : 0.6665"
"82,11 : 0.6665"
"11,83 : 0.483"
"83,11 : 0.483"
"11,84 : 0.5341"
"84,11 : 0.5341"
"11,85 : 0.1118"
"85,11 : 0.1118"
"11,86 : 0.6391"
"86,11 : 0.6391"
"11,87 : 0.7511"
"87,11 : 0.7511"
"11,88 : 0.2702"
"88,11 : 0.2702"
"11,89 : 0.3891"
"89,11 : 0.3891"
"11,90 : 0.6476"
"90,11 : 0.6476"
"11,91 : 0.37"
"91,11 : 0.37"
"11,92 : 0.4357"
"92,11 : 0.4357"
"11,93 : 0.7872"
"93,11 : 0.7872"
"11,94 : 0.4639"
"94,11 : 0.4639"
"11,95 : 0.2059"
"95,11 : 0.2059"
"11,96 : 0.559"
"96,11 : 0.559"
"11,97 : 0.3081"
"97,11 : 0.3081"
"11,98 : 0.3413"
"98,11 : 0.3413"
"11,99 : 0.5557"
"99,11 : 0.5557"
"12,13 : 0.6229"
"13,12 : 0.6229"
"12,14 : 0.4982"
"14,12 : 0.4982"
"12,15 : 0.7971"
"15,12 : 0.7971"
"12,16 : 0.6576"
"16,12 : 0.6576"
"12,17 : 0.7572"
"17,12 : 0.7572"
"12,18 : 0.649"
"18,12 : 0.649"
"12,19 : 0.2404"
"19,12 : 0.2404"
"12,20 : 0.4687"
"20,12 : 0.4687"
"12,21 : 0.3701"
"21,12 : 0.3701"
"12,22 : 0.781"
"22,12 : 0.781"
"12,23 : 0.7368"
"23,12 : 0.7368"
"12,24 : 0.4669"
"24,12 : 0.4669"
"12,25 : 0.3437"
"25,12 : 0.3437"
"12,26 : 0.0922"
"26,12 : 0.0922"
"12,27 : 0.7511"
"27,12 : 0.7511"
"12,28 : 0.3053"
"28,12 : 0.3053"
"12,29 : 0.5903"
"29,12 : 0.5903"
"12,30 : 0.3932"
"30,12 : 0.3932"
"12,31 : 0.1063"
"31,12 : 0.1063"
"12,32 : 0.7433"
"32,12 : 0.7433"
"12,33 : 0.7084"
"33,12 : 0.7084"
"12,34 : 0.5"
"34,12 : 0.5"
"12,35 : 0.1972"
"35,12 : 0.1972"
"12,36 : 0.1414"
"36,12 : 0.1414"
"12,37 : 0.6745"
"37,12 : 0.6745"
"12,38 : 0.3489"
"38,12 : 0.3489"
"12,39 : 0.3354"
"39,12 : 0.3354"
"12,40 : 0.6835"
"40,12 : 0.6835"
"12,41 : 0.4701"
"41,12 : 0.4701"
"12,42 : 0.4528"
"42,12 : 0.4528"
"12,43 : 0.4111"
"43,12 : 0.4111"
"12,44 : 0.8266"
"44,12 : 0.8266"
"12,45 : 0.7112"
"45,12 : 0.7112"
"12,46 : 0.7237"
"46,12 : 0.7237"
"12,47 : 0.2193"
"47,12 : 0.2193"
"12,48 : 0.4429"
"48,12 : 0.4429"
"12,49 : 0.4"
"49,12 : 0.4"
"12,50 : 0.2983"
"50,12 : 0.2983"
"12,51 : 0.4579"
"51,12 : 0.4579"
"12,52 : 0.6313"
"52,12 : 0.6313"
"12,53 : 0.451"
"53,12 : 0.451"
"12,54 : 0.4909"
"54,12 : 0.4909"
"12,55 : 0.3547"
"55,12 : 0.3547"
"12,56 : 0.5566"
"56,12 : 0.5566"
"12,57 : 0.5903"
"57,12 : 0.5903"
"12,58 : 0.114"
"58,12 : 0.114"
"12,59 : 0.5595"
"59,12 : 0.5595"
"12,60 : 0.3996"
"60,12 : 0.3996"
"12,61 : 0.5728"
"61,12 : 0.5728"
"12,62 : 0.0762"
"62,12 : 0.0762"
"12,63 : 0.3178"
"63,12 : 0.3178"
"12,64 : 0.4805"
"64,12 : 0.4805"
"12,65 : 0.446"
"65,12 : 0.446"
"12,66 : 0.1304"
"66,12 : 0.1304"
"12,67 : 0.2625"
"67,12 : 0.2625"
"12,68 : 0.622"
"68,12 : 0.622"
"12,69 : 0.29"
"69,12 : 0.29"
"12,70 : 0.6896"
"70,12 : 0.6896"
"12,71 : 0.2126"
"71,12 : 0.2126"
"12,72 : 0.2119"
"72,12 : 0.2119"
"12,73 : 0.6684"
"73,12 : 0.6684"
"12,74 : 0.2419"
"74,12 : 0.2419"
"12,75 : 0.186"
"75,12 : 0.186"
"12,76 : 0.6294"
"76,12 : 0.6294"
"12,77 : 0.114"
"77,12 : 0.114"
"12,78 : 0.3662"
"78,12 : 0.3662"
"12,79 : 0.4851"
"79,12 : 0.4851"
"12,80 : 0.2012"
"80,12 : 0.2012"
"12,81 : 0.051"
"81,12 : 0.051"
"12,82 : 0.1746"
"82,12 : 0.1746"
"12,83 : 0.4393"
"83,12 : 0.4393"
"12,84 : 0.4876"
"84,12 : 0.4876"
"12,85 : 0.6791"
"85,12 : 0.6791"
"12,86 : 0.3635"
"86,12 : 0.3635"
"12,87 : 0.2691"
"87,12 : 0.2691"
"12,88 : 0.3176"
"88,12 : 0.3176"
"12,89 : 0.8709"
"89,12 : 0.8709"
"12,90 : 0.3008"
"90,12 : 0.3008"
"12,91 : 0.8301"
"91,12 : 0.8301"
"12,92 : 0.7452"
"92,12 : 0.7452"
"12,93 : 0.506"
"93,12 : 0.506"
"12,94 : 0.6888"
"94,12 : 0.6888"
"12,95 : 0.5522"
"95,12 : 0.5522"
"12,96 : 0.5757"
"96,12 : 0.5757"
"12,97 : 0.2596"
"97,12 : 0.2596"
"12,98 : 0.3992"
"98,12 : 0.3992"
"12,99 : 0.1565"
"99,12 : 0.1565"
"13,14 : 0.3314"
"14,13 : 0.3314"
"13,15 : 0.3808"
"15,13 : 0.3808"
"13,16 : 0.3722"
"16,13 : 0.3722"
"13,17 : 0.17"
"17,13 : 0.17"
"13,18 : 0.1"
"18,13 : 0.1"
"13,19 : 0.6778"
"19,13 : 0.6778"
"13,20 : 0.2022"
"20,13 : 0.2022"
"13,21 : 0.7021"
"21,13 : 0.7021"
"13,22 : 0.1844"
"22,13 : 0.1844"
"13,23 : 0.6401"
