x,y
0.01,0.77
0.79,0.05
0.56,0.76
0.05,0.38
0.17,0.57
0.36,0.59
0.93,0.23
0.31,0.29
0.83,0.22
0.16,0.21
0.53,0.82
0.34,0.8
0.75,0.93
0.62,0.73
0.66,0.95
0.57,0.9
0.07,0.09
0.14,0.17
0.38,0.55
0.19,0.7
0.16,0.51
0.76,0.37
0.2,0.99
0.14,0.43
0.36,0.85
0.39,0.67
0.35,0.73
0.92,0.97
0.41,0.06
0.75,0.79
0.98,0.32
0.61,0.93
0.24,0.22
0.22,0.53
0.19,0.11
0.76,0.63
0.64,0.43
0.4,0.04
0.63,0.97
0.83,0.9
0.64,0.79
0.39,0.64
0.54,0.88
0.29,0.89
0.67,0.43
0.11,0.35
0.33,0.87
0.28,0.89
0.21,0.05
0.93,0.03
0.71,0.47
0.06,0.38
0.4,0.26
0.61,0.82
0.53,0.61
0.74,0.78
0.57,0.96
0.15,0.95
0.84,0.07
0.82,0.41
0.63,0.47
1.0,0.93
0.82,0.77
0.16,0.04
0.05,0.05
0.23,0.73
0.42,0.94
0.0,0.36
0.3,0.16
1.0,0.32
0.78,0.24
0.01,0.57
0.49,0.18
0.29,0.18
0.28,0.03
0.02,0.3
0.41,0.05
0.5,0.58
0.58,0.81
0.78,0.73
0.42,0.1
0.5,0.25
0.28,0.06
0.08,0.01
0.72,0.32
0.27,0.66
1.0,0.68
0.76,0.42
0.63,0.79
0.44,0.02
0.41,0.05
0.7,0.55
0.52,0.34
0.23,0.79
0.02,0.64
0.27,0.72
0.15,0.18
0.09,0.41
0.06,0.37
0.55,0.33

Distanze
"0,1 : 1.0615"
"1,0 : 1.0615"
"0,2 : 0.5501"
"2,0 : 0.5501"
"0,3 : 0.392"
"3,0 : 0.392"
"0,4 : 0.2561"
"4,0 : 0.2561"
"0,5 : 0.3936"
"5,0 : 0.3936"
"0,6 : 1.0668"
"6,0 : 1.0668"
"0,7 : 0.566"
"7,0 : 0.566"
"0,8 : 0.9874"
"8,0 : 0.9874"
"0,9 : 0.5797"
"9,0 : 0.5797"
"0,10 : 0.5224"
"10,0 : 0.5224"
"0,11 : 0.3314"
"11,0 : 0.3314"
"0,12 : 0.7571"
"12,0 : 0.7571"
"0,13 : 0.6113"
"13,0 : 0.6113"
"0,14 : 0.6745"
"14,0 : 0.6745"
"0,15 : 0.5749"
"15,0 : 0.5749"
"0,16 : 0.6826"
"16,0 : 0.6826"
"0,17 : 0.6139"
"17,0 : 0.6139"
"0,18 : 0.4305"
"18,0 : 0.4305"
"0,19 : 0.1931"
"19,0 : 0.1931"
"0,20 : 0.3002"
"20,0 : 0.3002"
"0,21 : 0.85"
"21,0 : 0.85"
"0,22 : 0.2907"
"22,0 : 0.2907"
"0,23 : 0.364"
"23,0 : 0.364"
"0,24 : 0.359"
"24,0 : 0.359"
"0,25 : 0.3929"
"25,0 : 0.3929"
"0,26 : 0.3423"
"26,0 : 0.3423"
"0,27 : 0.9317"
"27,0 : 0.9317"
"0,28 : 0.8149"
"28,0 : 0.8149"
"0,29 : 0.7403"
"29,0 : 0.7403"
"0,30 : 1.0693"
"30,0 : 1.0693"
"0,31 : 0.621"
"31,0 : 0.621"
"0,32 : 0.5962"
"32,0 : 0.5962"
"0,33 : 0.3189"
"33,0 : 0.3189"
"0,34 : 0.6841"
"34,0 : 0.6841"
"0,35 : 0.763"
"35,0 : 0.763"
"0,36 : 0.7159"
"36,0 : 0.7159"
"0,37 : 0.8276"
"37,0 : 0.8276"
"0,38 : 0.6515"
"38,0 : 0.6515"
"0,39 : 0.8302"
"39,0 : 0.8302"
"0,40 : 0.6303"
"40,0 : 0.6303"
"0,41 : 0.4016"
"41,0 : 0.4016"
"0,42 : 0.5413"
"42,0 : 0.5413"
"0,43 : 0.3046"
"43,0 : 0.3046"
"0,44 : 0.7424"
"44,0 : 0.7424"
"0,45 : 0.4317"
"45,0 : 0.4317"
"0,46 : 0.3353"
"46,0 : 0.3353"
"0,47 : 0.2955"
"47,0 : 0.2955"
"0,48 : 0.7473"
"48,0 : 0.7473"
"0,49 : 1.1807"
"49,0 : 1.1807"
"0,50 : 0.7616"
"50,0 : 0.7616"
"0,51 : 0.3932"
"51,0 : 0.3932"
"0,52 : 0.642"
"52,0 : 0.642"
"0,53 : 0.6021"
"53,0 : 0.6021"
"0,54 : 0.5441"
"54,0 : 0.5441"
"0,55 : 0.7301"
"55,0 : 0.7301"
"0,56 : 0.5914"
"56,0 : 0.5914"
"0,57 : 0.228"
"57,0 : 0.228"
"0,58 : 1.0858"
"58,0 : 1.0858"
"0,59 : 0.8864"
"59,0 : 0.8864"
"0,60 : 0.6888"
"60,0 : 0.6888"
"0,61 : 1.0028"
"61,0 : 1.0028"
"0,62 : 0.81"
"62,0 : 0.81"
"0,63 : 0.7453"
"63,0 : 0.7453"
"0,64 : 0.7211"
"64,0 : 0.7211"
"0,65 : 0.2236"
"65,0 : 0.2236"
"0,66 : 0.4438"
"66,0 : 0.4438"
"0,67 : 0.4101"
"67,0 : 0.4101"
"0,68 : 0.6754"
"68,0 : 0.6754"
"0,69 : 1.0875"
"69,0 : 1.0875"
"0,70 : 0.9348"
"70,0 : 0.9348"
"0,71 : 0.2"
"71,0 : 0.2"
"0,72 : 0.7606"
"72,0 : 0.7606"
"0,73 : 0.6531"
"73,0 : 0.6531"
"0,74 : 0.7877"
"74,0 : 0.7877"
"0,75 : 0.4701"
"75,0 : 0.4701"
"0,76 : 0.8237"
"76,0 : 0.8237"
"0,77 : 0.5255"
"77,0 : 0.5255"
"0,78 : 0.5714"
"78,0 : 0.5714"
"0,79 : 0.771"
"79,0 : 0.771"
"0,80 : 0.7855"
"80,0 : 0.7855"
"0,81 : 0.7145"
"81,0 : 0.7145"
"0,82 : 0.7596"
"82,0 : 0.7596"
"0,83 : 0.7632"
"83,0 : 0.7632"
"0,84 : 0.8406"
"84,0 : 0.8406"
"0,85 : 0.2823"
"85,0 : 0.2823"
"0,86 : 0.9941"
"86,0 : 0.9941"
"0,87 : 0.8276"
"87,0 : 0.8276"
"0,88 : 0.6203"
"88,0 : 0.6203"
"0,89 : 0.8645"
"89,0 : 0.8645"
"0,90 : 0.8237"
"90,0 : 0.8237"
"0,91 : 0.7242"
"91,0 : 0.7242"
"0,92 : 0.6671"
"92,0 : 0.6671"
"0,93 : 0.2209"
"93,0 : 0.2209"
"0,94 : 0.1304"
"94,0 : 0.1304"
"0,95 : 0.2648"
"95,0 : 0.2648"
"0,96 : 0.6064"
"96,0 : 0.6064"
"0,97 : 0.3688"
"97,0 : 0.3688"
"0,98 : 0.4031"
"98,0 : 0.4031"
"0,99 : 0.6966"
"99,0 : 0.6966"
"1,2 : 0.7463"
"2,1 : 0.7463"
"1,3 : 0.8102"
"3,1 : 0.8102"
"1,4 : 0.8092"
"4,1 : 0.8092"
"1,5 : 0.6903"
"5,1 : 0.6903"
"1,6 : 0.228"
"6,1 : 0.228"
"1,7 : 0.5367"
"7,1 : 0.5367"
"1,8 : 0.1746"
"8,1 : 0.1746"
"1,9 : 0.65"
"9,1 : 0.65"
"1,10 : 0.8127"
"10,1 : 0.8127"
"1,11 : 0.8746"
"11,1 : 0.8746"
"1,12 : 0.8809"
"12,1 : 0.8809"
"1,13 : 0.7009"
"13,1 : 0.7009"
"1,14 : 0.9093"
"14,1 : 0.9093"
"1,15 : 0.878"
"15,1 : 0.878"
"1,16 : 0.7211"
"16,1 : 0.7211"
"1,17 : 0.661"
"17,1 : 0.661"
"1,18 : 0.6466"
"18,1 : 0.6466"
"1,19 : 0.8846"
"19,1 : 0.8846"
"1,20 : 0.7801"
"20,1 : 0.7801"
"1,21 : 0.3214"
"21,1 : 0.3214"
"1,22 : 1.1098"
"22,1 : 1.1098"
"1,23 : 0.7529"
"23,1 : 0.7529"
"1,24 : 0.9082"
"24,1 : 0.9082"
"1,25 : 0.7378"
"25,1 : 0.7378"
"1,26 : 0.8099"
"26,1 : 0.8099"
"1,27 : 0.9291"
"27,1 : 0.9291"
"1,28 : 0.3801"
"28,1 : 0.3801"
"1,29 : 0.7411"
"29,1 : 0.7411"
"1,30 : 0.3302"
"30,1 : 0.3302"
"1,31 : 0.8982"
"31,1 : 0.8982"
"1,32 : 0.5757"
"32,1 : 0.5757"
"1,33 : 0.7452"
"33,1 : 0.7452"
"1,34 : 0.603"
"34,1 : 0.603"
"1,35 : 0.5808"
"35,1 : 0.5808"
"1,36 : 0.4085"
"36,1 : 0.4085"
"1,37 : 0.3901"
"37,1 : 0.3901"
"1,38 : 0.9338"
"38,1 : 0.9338"
"1,39 : 0.8509"
"39,1 : 0.8509"
"1,40 : 0.755"
"40,1 : 0.755"
"1,41 : 0.7128"
"41,1 : 0.7128"
"1,42 : 0.8668"
"42,1 : 0.8668"
"1,43 : 0.9775"
"43,1 : 0.9775"
"1,44 : 0.3985"
"44,1 : 0.3985"
"1,45 : 0.7432"
"45,1 : 0.7432"
"1,46 : 0.9402"
"46,1 : 0.9402"
"1,47 : 0.9827"
"47,1 : 0.9827"
"1,48 : 0.58"
"48,1 : 0.58"
"1,49 : 0.1414"
"49,1 : 0.1414"
"1,50 : 0.4276"
"50,1 : 0.4276"
"1,51 : 0.8011"
"51,1 : 0.8011"
"1,52 : 0.4429"
"52,1 : 0.4429"
"1,53 : 0.7908"
"53,1 : 0.7908"
"1,54 : 0.6174"
"54,1 : 0.6174"
"1,55 : 0.7317"
"55,1 : 0.7317"
"1,56 : 0.9362"
"56,1 : 0.9362"
"1,57 : 1.1044"
"57,1 : 1.1044"
"1,58 : 0.0539"
"58,1 : 0.0539"
"1,59 : 0.3612"
"59,1 : 0.3612"
"1,60 : 0.4494"
"60,1 : 0.4494"
"1,61 : 0.9047"
"61,1 : 0.9047"
"1,62 : 0.7206"
"62,1 : 0.7206"
"1,63 : 0.6301"
"63,1 : 0.6301"
"1,64 : 0.74"
"64,1 : 0.74"
"1,65 : 0.8809"
"65,1 : 0.8809"
"1,66 : 0.9638"
"66,1 : 0.9638"
"1,67 : 0.8486"
"67,1 : 0.8486"
"1,68 : 0.5022"
"68,1 : 0.5022"
"1,69 : 0.3421"
"69,1 : 0.3421"
"1,70 : 0.1903"
"70,1 : 0.1903"
"1,71 : 0.9374"
"71,1 : 0.9374"
"1,72 : 0.327"
"72,1 : 0.327"
"1,73 : 0.5166"
"73,1 : 0.5166"
"1,74 : 0.5104"
"74,1 : 0.5104"
"1,75 : 0.8096"
"75,1 : 0.8096"
"1,76 : 0.38"
"76,1 : 0.38"
"1,77 : 0.6042"
"77,1 : 0.6042"
"1,78 : 0.7885"
"78,1 : 0.7885"
"1,79 : 0.6801"
"79,1 : 0.6801"
"1,80 : 0.3734"
"80,1 : 0.3734"
"1,81 : 0.3523"
"81,1 : 0.3523"
"1,82 : 0.5101"
"82,1 : 0.5101"
"1,83 : 0.7111"
"83,1 : 0.7111"
"1,84 : 0.2789"
"84,1 : 0.2789"
"1,85 : 0.8016"
"85,1 : 0.8016"
"1,86 : 0.6641"
"86,1 : 0.6641"
"1,87 : 0.3712"
"87,1 : 0.3712"
"1,88 : 0.7571"
"88,1 : 0.7571"
"1,89 : 0.3513"
"89,1 : 0.3513"
"1,90 : 0.38"
"90,1 : 0.38"
"1,91 : 0.508"
"91,1 : 0.508"
"1,92 : 0.3962"
"92,1 : 0.3962"
"1,93 : 0.928"
"93,1 : 0.928"
"1,94 : 0.9701"
"94,1 : 0.9701"
"1,95 : 0.8481"
"95,1 : 0.8481"
"1,96 : 0.6531"
"96,1 : 0.6531"
"1,97 : 0.7871"
"97,1 : 0.7871"
"1,98 : 0.7971"
"98,1 : 0.7971"
"1,99 : 0.3688"
"99,1 : 0.3688"
"2,3 : 0.636"
"3,2 : 0.636"
"2,4 : 0.4338"
"4,2 : 0.4338"
"2,5 : 0.2625"
"5,2 : 0.2625"
"2,6 : 0.6464"
"6,2 : 0.6464"
"2,7 : 0.5324"
"7,2 : 0.5324"
"2,8 : 0.6037"
"8,2 : 0.6037"
"2,9 : 0.6801"
"9,2 : 0.6801"
"2,10 : 0.0671"
"10,2 : 0.0671"
"2,11 : 0.2236"
"11,2 : 0.2236"
"2,12 : 0.255"
"12,2 : 0.255"
"2,13 : 0.0671"
"13,2 : 0.0671"
"2,14 : 0.2147"
"14,2 : 0.2147"
"2,15 : 0.1404"
"15,2 : 0.1404"
"2,16 : 0.8301"
"16,2 : 0.8301"
"2,17 : 0.7242"
"17,2 : 0.7242"
"2,18 : 0.2766"
"18,2 : 0.2766"
"2,19 : 0.3748"
"19,2 : 0.3748"
"2,20 : 0.4717"
"20,2 : 0.4717"
"2,21 : 0.4383"
"21,2 : 0.4383"
"2,22 : 0.4272"
"22,2 : 0.4272"
"2,23 : 0.5341"
"23,2 : 0.5341"
"2,24 : 0.2193"
"24,2 : 0.2193"
"2,25 : 0.1924"
"25,2 : 0.1924"
"2,26 : 0.2121"
"26,2 : 0.2121"
"2,27 : 0.4168"
"27,2 : 0.4168"
"2,28 : 0.7159"
"28,2 : 0.7159"
"2,29 : 0.1924"
"29,2 : 0.1924"
"2,30 : 0.6083"
"30,2 : 0.6083"
"2,31 : 0.1772"
"31,2 : 0.1772"
"2,32 : 0.6277"
"32,2 : 0.6277"
"2,33 : 0.4105"
"33,2 : 0.4105"
"2,34 : 0.7479"
"34,2 : 0.7479"
"2,35 : 0.2385"
"35,2 : 0.2385"
"2,36 : 0.3396"
"36,2 : 0.3396"
"2,37 : 0.7376"
"37,2 : 0.7376"
"2,38 : 0.2214"
"38,2 : 0.2214"
"2,39 : 0.3041"
"39,2 : 0.3041"
"2,40 : 0.0854"
"40,2 : 0.0854"
"2,41 : 0.2081"
"41,2 : 0.2081"
"2,42 : 0.1217"
"42,2 : 0.1217"
"2,43 : 0.2997"
"43,2 : 0.2997"
"2,44 : 0.3479"
"44,2 : 0.3479"
"2,45 : 0.6088"
"45,2 : 0.6088"
"2,46 : 0.255"
"46,2 : 0.255"
"2,47 : 0.3087"
"47,2 : 0.3087"
"2,48 : 0.7916"
"48,2 : 0.7916"
"2,49 : 0.8184"
"49,2 : 0.8184"
"2,50 : 0.3265"
"50,2 : 0.3265"
"2,51 : 0.628"
"51,2 : 0.628"
"2,52 : 0.525"
"52,2 : 0.525"
"2,53 : 0.0781"
"53,2 : 0.0781"
"2,54 : 0.153"
"54,2 : 0.153"
"2,55 : 0.1811"
"55,2 : 0.1811"
"2,56 : 0.2002"
"56,2 : 0.2002"
"2,57 : 0.4519"
"57,2 : 0.4519"
"2,58 : 0.7446"
"58,2 : 0.7446"
"2,59 : 0.436"
"59,2 : 0.436"
"2,60 : 0.2983"
"60,2 : 0.2983"
"2,61 : 0.4717"
"61,2 : 0.4717"
"2,62 : 0.2602"
"62,2 : 0.2602"
"2,63 : 0.8237"
"63,2 : 0.8237"
"2,64 : 0.8742"
"64,2 : 0.8742"
"2,65 : 0.3314"
"65,2 : 0.3314"
"2,66 : 0.228"
"66,2 : 0.228"
"2,67 : 0.6882"
"67,2 : 0.6882"
"2,68 : 0.6539"
"68,2 : 0.6539"
"2,69 : 0.6223"
"69,2 : 0.6223"
"2,70 : 0.5646"
"70,2 : 0.5646"
"2,71 : 0.5819"
"71,2 : 0.5819"
"2,72 : 0.5842"
"72,2 : 0.5842"
"2,73 : 0.6398"
"73,2 : 0.6398"
"2,74 : 0.7819"
"74,2 : 0.7819"
"2,75 : 0.7094"
"75,2 : 0.7094"
"2,76 : 0.7257"
"76,2 : 0.7257"
"2,77 : 0.1897"
"77,2 : 0.1897"
"2,78 : 0.0539"
"78,2 : 0.0539"
"2,79 : 0.222"
"79,2 : 0.222"
"2,80 : 0.6747"
"80,2 : 0.6747"
"2,81 : 0.5135"
"81,2 : 0.5135"
"2,82 : 0.7539"
"82,2 : 0.7539"
"2,83 : 0.8904"
"83,2 : 0.8904"
"2,84 : 0.4682"
"84,2 : 0.4682"
"2,85 : 0.3068"
"85,2 : 0.3068"
"2,86 : 0.4472"
"86,2 : 0.4472"
"2,87 : 0.3945"
"87,2 : 0.3945"
"2,88 : 0.0762"
"88,2 : 0.0762"
"2,89 : 0.7497"
"89,2 : 0.7497"
"2,90 : 0.7257"
"90,2 : 0.7257"
"2,91 : 0.2524"
"91,2 : 0.2524"
"2,92 : 0.4219"
"92,2 : 0.4219"
"2,93 : 0.3314"
"93,2 : 0.3314"
"2,94 : 0.5532"
"94,2 : 0.5532"
"2,95 : 0.2927"
"95,2 : 0.2927"
"2,96 : 0.7103"
"96,2 : 0.7103"
"2,97 : 0.586"
"97,2 : 0.586"
"2,98 : 0.6341"
"98,2 : 0.6341"
"2,99 : 0.4301"
"99,2 : 0.4301"
"3,4 : 0.2247"
"4,3 : 0.2247"
"3,5 : 0.3744"
"5,3 : 0.3744"
"3,6 : 0.8927"
"6,3 : 0.8927"
"3,7 : 0.2751"
"7,3 : 0.2751"
"3,8 : 0.7962"
"8,3 : 0.7962"
"3,9 : 0.2025"
"9,3 : 0.2025"
"3,10 : 0.6512"
"10,3 : 0.6512"
"3,11 : 0.5104"
"11,3 : 0.5104"
"3,12 : 0.8902"
"12,3 : 0.8902"
"3,13 : 0.6689"
"13,3 : 0.6689"
"3,14 : 0.8349"
"14,3 : 0.8349"
"3,15 : 0.7354"
"15,3 : 0.7354"
"3,16 : 0.2907"
"16,3 : 0.2907"
"3,17 : 0.2285"
"17,3 : 0.2285"
"3,18 : 0.3712"
"18,3 : 0.3712"
"3,19 : 0.3493"
"19,3 : 0.3493"
"3,20 : 0.1703"
"20,3 : 0.1703"
"3,21 : 0.7101"
"21,3 : 0.7101"
"3,22 : 0.6282"
"22,3 : 0.6282"
"3,23 : 0.103"
"23,3 : 0.103"
"3,24 : 0.563"
"24,3 : 0.563"
"3,25 : 0.4469"
"25,3 : 0.4469"
"3,26 : 0.461"
"26,3 : 0.461"
"3,27 : 1.0512"
"27,3 : 1.0512"
"3,28 : 0.4817"
"28,3 : 0.4817"
"3,29 : 0.8112"
"29,3 : 0.8112"
"3,30 : 0.9319"
"30,3 : 0.9319"
"3,31 : 0.7849"
"31,3 : 0.7849"
"3,32 : 0.2484"
"32,3 : 0.2484"
"3,33 : 0.2267"
"33,3 : 0.2267"
"3,34 : 0.3041"
"34,3 : 0.3041"
"3,35 : 0.7527"
"35,3 : 0.7527"
"3,36 : 0.5921"
"36,3 : 0.5921"
"3,37 : 0.488"
"37,3 : 0.488"
"3,38 : 0.8273"
"38,3 : 0.8273"
"3,39 : 0.9374"
"39,3 : 0.9374"
"3,40 : 0.7185"
"40,3 : 0.7185"
"3,41 : 0.428"
"41,3 : 0.428"
"3,42 : 0.7001"
"42,3 : 0.7001"
"3,43 : 0.5636"
"43,3 : 0.5636"
"3,44 : 0.622"
"44,3 : 0.622"
"3,45 : 0.0671"
"45,3 : 0.0671"
"3,46 : 0.5644"
"46,3 : 0.5644"
"3,47 : 0.5595"
"47,3 : 0.5595"
"3,48 : 0.3667"
"48,3 : 0.3667"
"3,49 : 0.947"
"49,3 : 0.947"
"3,50 : 0.6661"
"50,3 : 0.6661"
"3,51 : 0.01"
"51,3 : 0.01"
"3,52 : 0.37"
"52,3 : 0.37"
"3,53 : 0.7122"
"53,3 : 0.7122"
"3,54 : 0.5323"
"54,3 : 0.5323"
"3,55 : 0.7976"
"55,3 : 0.7976"
"3,56 : 0.779"
"56,3 : 0.779"
"3,57 : 0.5787"
"57,3 : 0.5787"
"3,58 : 0.8486"
"58,3 : 0.8486"
"3,59 : 0.7706"
"59,3 : 0.7706"
"3,60 : 0.5869"
"60,3 : 0.5869"
"3,61 : 1.0977"
"61,3 : 1.0977"
"3,62 : 0.8631"
"62,3 : 0.8631"
"3,63 : 0.3574"
"63,3 : 0.3574"
"3,64 : 0.33"
"64,3 : 0.33"
"3,65 : 0.3936"
"65,3 : 0.3936"
"3,66 : 0.6712"
"66,3 : 0.6712"
"3,67 : 0.0539"
"67,3 : 0.0539"
"3,68 : 0.333"
"68,3 : 0.333"
"3,69 : 0.9519"
"69,3 : 0.9519"
"3,70 : 0.7433"
"70,3 : 0.7433"
"3,71 : 0.1942"
"71,3 : 0.1942"
"3,72 : 0.4833"
"72,3 : 0.4833"
"3,73 : 0.3124"
"73,3 : 0.3124"
"3,74 : 0.4188"
"74,3 : 0.4188"
"3,75 : 0.0854"
"75,3 : 0.0854"
"3,76 : 0.4884"
"76,3 : 0.4884"
"3,77 : 0.4924"
"77,3 : 0.4924"
"3,78 : 0.6825"
"78,3 : 0.6825"
"3,79 : 0.8096"
"79,3 : 0.8096"
"3,80 : 0.464"
"80,3 : 0.464"
"3,81 : 0.4684"
"81,3 : 0.4684"
"3,82 : 0.3941"
"82,3 : 0.3941"
"3,83 : 0.3712"
"83,3 : 0.3712"
"3,84 : 0.6727"
"84,3 : 0.6727"
"3,85 : 0.3561"
"85,3 : 0.3561"
"3,86 : 0.9962"
"86,3 : 0.9962"
"3,87 : 0.7111"
"87,3 : 0.7111"
"3,88 : 0.7103"
"88,3 : 0.7103"
"3,89 : 0.5308"
"89,3 : 0.5308"
"3,90 : 0.4884"
"90,3 : 0.4884"
"3,91 : 0.6719"
"91,3 : 0.6719"
"3,92 : 0.4717"
"92,3 : 0.4717"
"3,93 : 0.4478"
"93,3 : 0.4478"
"3,94 : 0.2617"
"94,3 : 0.2617"
"3,95 : 0.405"
"95,3 : 0.405"
"3,96 : 0.2236"
"96,3 : 0.2236"
"3,97 : 0.05"
"97,3 : 0.05"
"3,98 : 0.0141"
"98,3 : 0.0141"
"3,99 : 0.5025"
"99,3 : 0.5025"
"4,5 : 0.191"
"5,4 : 0.191"
"4,6 : 0.8326"
"6,4 : 0.8326"
"4,7 : 0.313"
"7,4 : 0.313"
"4,8 : 0.7471"
"8,4 : 0.7471"
"4,9 : 0.3601"
"9,4 : 0.3601"
"4,10 : 0.4383"
"10,4 : 0.4383"
"4,11 : 0.286"
"11,4 : 0.286"
"4,12 : 0.6826"
"12,4 : 0.6826"
"4,13 : 0.4776"
"13,4 : 0.4776"
"4,14 : 0.6201"
"14,4 : 0.6201"
"4,15 : 0.5186"
"15,4 : 0.5186"
"4,16 : 0.4903"
"16,4 : 0.4903"
"4,17 : 0.4011"
"17,4 : 0.4011"
"4,18 : 0.211"
"18,4 : 0.211"
"4,19 : 0.1315"
"19,4 : 0.1315"
"4,20 : 0.0608"
"20,4 : 0.0608"
"4,21 : 0.623"
"21,4 : 0.623"
"4,22 : 0.4211"
"22,4 : 0.4211"
"4,23 : 0.1432"
"23,4 : 0.1432"
"4,24 : 0.3384"
"24,4 : 0.3384"
"4,25 : 0.2417"
"25,4 : 0.2417"
"4,26 : 0.2408"
"26,4 : 0.2408"
"4,27 : 0.85"
"27,4 : 0.85"
"4,28 : 0.5636"
"28,4 : 0.5636"
"4,29 : 0.6203"
"29,4 : 0.6203"
"4,30 : 0.8477"
"30,4 : 0.8477"
"4,31 : 0.5685"
"31,4 : 0.5685"
"4,32 : 0.3569"
"32,4 : 0.3569"
"4,33 : 0.064"
"33,4 : 0.064"
"4,34 : 0.4604"
"34,4 : 0.4604"
"4,35 : 0.593"
"35,4 : 0.593"
"4,36 : 0.4904"
"36,4 : 0.4904"
"4,37 : 0.5778"
"37,4 : 0.5778"
"4,38 : 0.6096"
"38,4 : 0.6096"
"4,39 : 0.7379"
"39,4 : 0.7379"
"4,40 : 0.5189"
"40,4 : 0.5189"
"4,41 : 0.2309"
"41,4 : 0.2309"
"4,42 : 0.4827"
"42,4 : 0.4827"
"4,43 : 0.3418"
"43,4 : 0.3418"
"4,44 : 0.5192"
"44,4 : 0.5192"
"4,45 : 0.228"
"45,4 : 0.228"
"4,46 : 0.34"
"46,4 : 0.34"
"4,47 : 0.3384"
"47,4 : 0.3384"
"4,48 : 0.5215"
"48,4 : 0.5215"
"4,49 : 0.9323"
"49,4 : 0.9323"
"4,50 : 0.5492"
"50,4 : 0.5492"
"4,51 : 0.2195"
"51,4 : 0.2195"
"4,52 : 0.386"
"52,4 : 0.386"
"4,53 : 0.5061"
"53,4 : 0.5061"
"4,54 : 0.3622"
"54,4 : 0.3622"
"4,55 : 0.6075"
"55,4 : 0.6075"
"4,56 : 0.5587"
"56,4 : 0.5587"
"4,57 : 0.3805"
"57,4 : 0.3805"
"4,58 : 0.836"
"58,4 : 0.836"
"4,59 : 0.6694"
"59,4 : 0.6694"
"4,60 : 0.4707"
"60,4 : 0.4707"
"4,61 : 0.9047"
"61,4 : 0.9047"
"4,62 : 0.6801"
"62,4 : 0.6801"
"4,63 : 0.5301"
"63,4 : 0.5301"
"4,64 : 0.5337"
"64,4 : 0.5337"
"4,65 : 0.1709"
"65,4 : 0.1709"
"4,66 : 0.4465"
"66,4 : 0.4465"
"4,67 : 0.2702"
"67,4 : 0.2702"
"4,68 : 0.4301"
"68,4 : 0.4301"
"4,69 : 0.8668"
"69,4 : 0.8668"
"4,70 : 0.6935"
"70,4 : 0.6935"
"4,71 : 0.16"
"71,4 : 0.16"
"4,72 : 0.5045"
"72,4 : 0.5045"
"4,73 : 0.408"
"73,4 : 0.408"
"4,74 : 0.5511"
"74,4 : 0.5511"
"4,75 : 0.3089"
"75,4 : 0.3089"
"4,76 : 0.5727"
"76,4 : 0.5727"
"4,77 : 0.3302"
"77,4 : 0.3302"
"4,78 : 0.4751"
"78,4 : 0.4751"
"4,79 : 0.6306"
"79,4 : 0.6306"
"4,80 : 0.5324"
"80,4 : 0.5324"
"4,81 : 0.4597"
"81,4 : 0.4597"
"4,82 : 0.5217"
"82,4 : 0.5217"
"4,83 : 0.5672"
"83,4 : 0.5672"
"4,84 : 0.6042"
"84,4 : 0.6042"
"4,85 : 0.1345"
"85,4 : 0.1345"
"4,86 : 0.8373"
"86,4 : 0.8373"
"4,87 : 0.6088"
"87,4 : 0.6088"
"4,88 : 0.5099"
"88,4 : 0.5099"
"4,89 : 0.6127"
"89,4 : 0.6127"
"4,90 : 0.5727"
"90,4 : 0.5727"
"4,91 : 0.5304"
"91,4 : 0.5304"
"4,92 : 0.4188"
"92,4 : 0.4188"
"4,93 : 0.228"
"93,4 : 0.228"
"4,94 : 0.1655"
"94,4 : 0.1655"
"4,95 : 0.1803"
"95,4 : 0.1803"
"4,96 : 0.3905"
"96,4 : 0.3905"
"4,97 : 0.1789"
"97,4 : 0.1789"
"4,98 : 0.2283"
"98,4 : 0.2283"
"4,99 : 0.4494"
"99,4 : 0.4494"
"5,6 : 0.6742"
"6,5 : 0.6742"
"5,7 : 0.3041"
"7,5 : 0.3041"
"5,8 : 0.5982"
"8,5 : 0.5982"
"5,9 : 0.4294"
"9,5 : 0.4294"
"5,10 : 0.286"
"10,5 : 0.286"
"5,11 : 0.211"
"11,5 : 0.211"
"5,12 : 0.5174"
"12,5 : 0.5174"
"5,13 : 0.2953"
"13,5 : 0.2953"
"5,14 : 0.4686"
"14,5 : 0.4686"
"5,15 : 0.3744"
"15,5 : 0.3744"
"5,16 : 0.578"
"16,5 : 0.578"
"5,17 : 0.4741"
"17,5 : 0.4741"
"5,18 : 0.0447"
"18,5 : 0.0447"
"5,19 : 0.2025"
"19,5 : 0.2025"
"5,20 : 0.2154"
"20,5 : 0.2154"
"5,21 : 0.4565"
"21,5 : 0.4565"
"5,22 : 0.4308"
"22,5 : 0.4308"
"5,23 : 0.272"
"23,5 : 0.272"
"5,24 : 0.26"
"24,5 : 0.26"
"5,25 : 0.0854"
"25,5 : 0.0854"
"5,26 : 0.1404"
"26,5 : 0.1404"
"5,27 : 0.6768"
"27,5 : 0.6768"
"5,28 : 0.5324"
"28,5 : 0.5324"
"5,29 : 0.4383"
"29,5 : 0.4383"
"5,30 : 0.6762"
"30,5 : 0.6762"
"5,31 : 0.422"
"31,5 : 0.422"
"5,32 : 0.389"
"32,5 : 0.389"
"5,33 : 0.1523"
"33,5 : 0.1523"
"5,34 : 0.5092"
"34,5 : 0.5092"
"5,35 : 0.402"
"35,5 : 0.402"
"5,36 : 0.3225"
"36,5 : 0.3225"
"5,37 : 0.5515"
"37,5 : 0.5515"
"5,38 : 0.4662"
"38,5 : 0.4662"
"5,39 : 0.563"
"39,5 : 0.563"
"5,40 : 0.3441"
"40,5 : 0.3441"
"5,41 : 0.0583"
"41,5 : 0.0583"
"5,42 : 0.3413"
"42,5 : 0.3413"
"5,43 : 0.3081"
"43,5 : 0.3081"
"5,44 : 0.3489"
"44,5 : 0.3489"
"5,45 : 0.3466"
"45,5 : 0.3466"
"5,46 : 0.2816"
"46,5 : 0.2816"
"5,47 : 0.3105"
"47,5 : 0.3105"
"5,48 : 0.5604"
"48,5 : 0.5604"
"5,49 : 0.7991"
"49,5 : 0.7991"
"5,50 : 0.37"
"50,5 : 0.37"
"5,51 : 0.3662"
"51,5 : 0.3662"
"5,52 : 0.3324"
"52,5 : 0.3324"
"5,53 : 0.3397"
"53,5 : 0.3397"
"5,54 : 0.1712"
"54,5 : 0.1712"
"5,55 : 0.4249"
"55,5 : 0.4249"
"5,56 : 0.4254"
"56,5 : 0.4254"
"5,57 : 0.4168"
"57,5 : 0.4168"
"5,58 : 0.7077"
"58,5 : 0.7077"
"5,59 : 0.494"
"59,5 : 0.494"
"5,60 : 0.2955"
"60,5 : 0.2955"
"5,61 : 0.7247"
"61,5 : 0.7247"
"5,62 : 0.494"
"62,5 : 0.494"
"5,63 : 0.5852"
"63,5 : 0.5852"
"5,64 : 0.6227"
"64,5 : 0.6227"
"5,65 : 0.191"
"65,5 : 0.191"
"5,66 : 0.3551"
"66,5 : 0.3551"
"5,67 : 0.4272"
"67,5 : 0.4272"
"5,68 : 0.4342"
"68,5 : 0.4342"
"5,69 : 0.6946"
"69,5 : 0.6946"
"5,70 : 0.5467"
"70,5 : 0.5467"
"5,71 : 0.3506"
"71,5 : 0.3506"
"5,72 : 0.4301"
"72,5 : 0.4301"
"5,73 : 0.4159"
"73,5 : 0.4159"
"5,74 : 0.5657"
"74,5 : 0.5657"
"5,75 : 0.4469"
"75,5 : 0.4469"
"5,76 : 0.5423"
"76,5 : 0.5423"
"5,77 : 0.1404"
"77,5 : 0.1404"
"5,78 : 0.3111"
"78,5 : 0.3111"
"5,79 : 0.4427"
"79,5 : 0.4427"
"5,80 : 0.4937"
"80,5 : 0.4937"
"5,81 : 0.3677"
"81,5 : 0.3677"
"5,82 : 0.536"
"82,5 : 0.536"
"5,83 : 0.644"
"83,5 : 0.644"
"5,84 : 0.45"
"84,5 : 0.45"
"5,85 : 0.114"
"85,5 : 0.114"
"5,86 : 0.6463"
"86,5 : 0.6463"
"5,87 : 0.4346"
"87,5 : 0.4346"
"5,88 : 0.336"
"88,5 : 0.336"
"5,89 : 0.5756"
"89,5 : 0.5756"
"5,90 : 0.5423"
"90,5 : 0.5423"
"5,91 : 0.3423"
"91,5 : 0.3423"
"5,92 : 0.2968"
"92,5 : 0.2968"
"5,93 : 0.2385"
"93,5 : 0.2385"
"5,94 : 0.3437"
"94,5 : 0.3437"
"5,95 : 0.1581"
"95,5 : 0.1581"
"5,96 : 0.4607"
"96,5 : 0.4607"
"5,97 : 0.3245"
"97,5 : 0.3245"
"5,98 : 0.372"
"98,5 : 0.372"
"5,99 : 0.322"
"99,5 : 0.322"
"6,7 : 0.6229"
"7,6 : 0.6229"
"6,8 : 0.1005"
"8,6 : 0.1005"
"6,9 : 0.7703"
"9,6 : 0.7703"
"6,10 : 0.7128"
"10,6 : 0.7128"
"6,11 : 0.8204"
"11,6 : 0.8204"
"6,12 : 0.7228"
"12,6 : 0.7228"
"6,13 : 0.5883"
"13,6 : 0.5883"
"6,14 : 0.769"
"14,6 : 0.769"
"6,15 : 0.7606"
"15,6 : 0.7606"
"6,16 : 0.8713"
"16,6 : 0.8713"
"6,17 : 0.7923"
"17,6 : 0.7923"
"6,18 : 0.6363"
"18,6 : 0.6363"
"6,19 : 0.8766"
"19,6 : 0.8766"
"6,20 : 0.8193"
"20,6 : 0.8193"
"6,21 : 0.2202"
"21,6 : 0.2202"
"6,22 : 1.0538"
"22,6 : 1.0538"
"6,23 : 0.8149"
"23,6 : 0.8149"
"6,24 : 0.8422"
"24,6 : 0.8422"
"6,25 : 0.6966"
"25,6 : 0.6966"
"6,26 : 0.7658"
"26,6 : 0.7658"
"6,27 : 0.7401"
"27,6 : 0.7401"
"6,28 : 0.5471"
"28,6 : 0.5471"
"6,29 : 0.5882"
"29,6 : 0.5882"
"6,30 : 0.103"
"30,6 : 0.103"
"6,31 : 0.7697"
"31,6 : 0.7697"
"6,32 : 0.6901"
"32,6 : 0.6901"
"6,33 : 0.7708"
"33,6 : 0.7708"
"6,34 : 0.7497"
"34,6 : 0.7497"
"6,35 : 0.4346"
"35,6 : 0.4346"
"6,36 : 0.3523"
"36,6 : 0.3523"
"6,37 : 0.563"
"37,6 : 0.563"
"6,38 : 0.7985"
"38,6 : 0.7985"
"6,39 : 0.6774"
"39,6 : 0.6774"
"6,40 : 0.6306"
"40,6 : 0.6306"
"6,41 : 0.678"
"41,6 : 0.678"
"6,42 : 0.758"
"42,6 : 0.758"
"6,43 : 0.9193"
"43,6 : 0.9193"
"6,44 : 0.328"
"44,6 : 0.328"
"6,45 : 0.8287"
"45,6 : 0.8287"
"6,46 : 0.8773"
"46,6 : 0.8773"
"6,47 : 0.9263"
"47,6 : 0.9263"
"6,48 : 0.7422"
"48,6 : 0.7422"
"6,49 : 0.2"
"49,6 : 0.2"
"6,50 : 0.3256"
"50,6 : 0.3256"
"6,51 : 0.8828"
"51,6 : 0.8828"
"6,52 : 0.5308"
"52,6 : 0.5308"
"6,53 : 0.6712"
"53,6 : 0.6712"
"6,54 : 0.5517"
"54,6 : 0.5517"
"6,55 : 0.5819"
"55,6 : 0.5819"
"6,56 : 0.8139"
"56,6 : 0.8139"
"6,57 : 1.0615"
"57,6 : 1.0615"
"6,58 : 0.1836"
"58,6 : 0.1836"
"6,59 : 0.211"
"59,6 : 0.211"
"6,60 : 0.3842"
"60,6 : 0.3842"
"6,61 : 0.7035"
"61,6 : 0.7035"
"6,62 : 0.5511"
"62,6 : 0.5511"
"6,63 : 0.7931"
"63,6 : 0.7931"
"6,64 : 0.8982"
"64,6 : 0.8982"
"6,65 : 0.8602"
"65,6 : 0.8602"
"6,66 : 0.8742"
"66,6 : 0.8742"
"6,67 : 0.939"
"67,6 : 0.939"
"6,68 : 0.6339"
"68,6 : 0.6339"
"6,69 : 0.114"
"69,6 : 0.114"
"6,70 : 0.1503"
"70,6 : 0.1503"
"6,71 : 0.9808"
"71,6 : 0.9808"
"6,72 : 0.4428"
"72,6 : 0.4428"
"6,73 : 0.642"
"73,6 : 0.642"
"6,74 : 0.6801"
"74,6 : 0.6801"
"6,75 : 0.9127"
"75,6 : 0.9127"
"6,76 : 0.5503"
"76,6 : 0.5503"
"6,77 : 0.5544"
"77,6 : 0.5544"
"6,78 : 0.6774"
"78,6 : 0.6774"
"6,79 : 0.522"
"79,6 : 0.522"
"6,80 : 0.5263"
"80,6 : 0.5263"
"6,81 : 0.4305"
"81,6 : 0.4305"
"6,82 : 0.6719"
"82,6 : 0.6719"
"6,83 : 0.878"
"83,6 : 0.878"
"6,84 : 0.2285"
"84,6 : 0.2285"
"6,85 : 0.7877"
"85,6 : 0.7877"
"6,86 : 0.4554"
"86,6 : 0.4554"
"6,87 : 0.255"
"87,6 : 0.255"
"6,88 : 0.6353"
"88,6 : 0.6353"
"6,89 : 0.5331"
"89,6 : 0.5331"
"6,90 : 0.5503"
"90,6 : 0.5503"
"6,91 : 0.3941"
"91,6 : 0.3941"
"6,92 : 0.4245"
"92,6 : 0.4245"
"6,93 : 0.8964"
"93,6 : 0.8964"
"6,94 : 0.9981"
"94,6 : 0.9981"
"6,95 : 0.822"
"95,6 : 0.822"
"6,96 : 0.7816"
"96,6 : 0.7816"
"6,97 : 0.8591"
"97,6 : 0.8591"
"6,98 : 0.8812"
"98,6 : 0.8812"
"6,99 : 0.3929"
"99,6 : 0.3929"
"7,8 : 0.5247"
"8,7 : 0.5247"
"7,9 : 0.17"
"9,7 : 0.17"
"7,10 : 0.5738"
"10,7 : 0.5738"
"7,11 : 0.5109"
"11,7 : 0.5109"
"7,12 : 0.7767"
"12,7 : 0.7767"
"7,13 : 0.5382"
"13,7 : 0.5382"
"7,14 : 0.7471"
"14,7 : 0.7471"
"7,15 : 0.6631"
"15,7 : 0.6631"
"7,16 : 0.3124"
"16,7 : 0.3124"
"7,17 : 0.2081"
"17,7 : 0.2081"
"7,18 : 0.2693"
"18,7 : 0.2693"
"7,19 : 0.4272"
"19,7 : 0.4272"
"7,20 : 0.2663"
"20,7 : 0.2663"
"7,21 : 0.4571"
"21,7 : 0.4571"
"7,22 : 0.7086"
"22,7 : 0.7086"
"7,23 : 0.2202"
"23,7 : 0.2202"
"7,24 : 0.5622"
"24,7 : 0.5622"
"7,25 : 0.3883"
"25,7 : 0.3883"
"7,26 : 0.4418"
"26,7 : 0.4418"
"7,27 : 0.9135"
"27,7 : 0.9135"
"7,28 : 0.2508"
"28,7 : 0.2508"
"7,29 : 0.666"
"29,7 : 0.666"
"7,30 : 0.6707"
"30,7 : 0.6707"
"7,31 : 0.7068"
"31,7 : 0.7068"
"7,32 : 0.099"
"32,7 : 0.099"
"7,33 : 0.2563"
"33,7 : 0.2563"
"7,34 : 0.2163"
"34,7 : 0.2163"
"7,35 : 0.564"
"35,7 : 0.564"
"7,36 : 0.3585"
"36,7 : 0.3585"
"7,37 : 0.2657"
"37,7 : 0.2657"
"7,38 : 0.7515"
"38,7 : 0.7515"
"7,39 : 0.8016"
"39,7 : 0.8016"
"7,40 : 0.5991"
"40,7 : 0.5991"
"7,41 : 0.359"
"41,7 : 0.359"
"7,42 : 0.6332"
"42,7 : 0.6332"
"7,43 : 0.6003"
"43,7 : 0.6003"
"7,44 : 0.3863"
"44,7 : 0.3863"
"7,45 : 0.2088"
"45,7 : 0.2088"
"7,46 : 0.5803"
"46,7 : 0.5803"
"7,47 : 0.6007"
"47,7 : 0.6007"
"7,48 : 0.26"
"48,7 : 0.26"
"7,49 : 0.6723"
"49,7 : 0.6723"
"7,50 : 0.4386"
"50,7 : 0.4386"
"7,51 : 0.2657"
"51,7 : 0.2657"
"7,52 : 0.0949"
"52,7 : 0.0949"
"7,53 : 0.609"
"53,7 : 0.609"
"7,54 : 0.3883"
"54,7 : 0.3883"
"7,55 : 0.6519"
"55,7 : 0.6519"
"7,56 : 0.7187"
"56,7 : 0.7187"
"7,57 : 0.6791"
"57,7 : 0.6791"
"7,58 : 0.5738"
"58,7 : 0.5738"
"7,59 : 0.5239"
"59,7 : 0.5239"
"7,60 : 0.3672"
"60,7 : 0.3672"
"7,61 : 0.9411"
"61,7 : 0.9411"
"7,62 : 0.7004"
"62,7 : 0.7004"
"7,63 : 0.2915"
"63,7 : 0.2915"
"7,64 : 0.3538"
"64,7 : 0.3538"
"7,65 : 0.4472"
"65,7 : 0.4472"
"7,66 : 0.6592"
"66,7 : 0.6592"
"7,67 : 0.3178"
"67,7 : 0.3178"
"7,68 : 0.1304"
"68,7 : 0.1304"
"7,69 : 0.6907"
"69,7 : 0.6907"
"7,70 : 0.4727"
"70,7 : 0.4727"
"7,71 : 0.4104"
"71,7 : 0.4104"
"7,72 : 0.211"
"72,7 : 0.211"
"7,73 : 0.1118"
"73,7 : 0.1118"
"7,74 : 0.2617"
"74,7 : 0.2617"
"7,75 : 0.2902"
"75,7 : 0.2902"
"7,76 : 0.26"
"76,7 : 0.26"
"7,77 : 0.3467"
"77,7 : 0.3467"
"7,78 : 0.5859"
"78,7 : 0.5859"
"7,79 : 0.6438"
"79,7 : 0.6438"
"7,80 : 0.2195"
"80,7 : 0.2195"
"7,81 : 0.1942"
"81,7 : 0.1942"
"7,82 : 0.2319"
"82,7 : 0.2319"
"7,83 : 0.3624"
"83,7 : 0.3624"
"7,84 : 0.4111"
"84,7 : 0.4111"
"7,85 : 0.3722"
"85,7 : 0.3722"
"7,86 : 0.7926"
"86,7 : 0.7926"
"7,87 : 0.4684"
"87,7 : 0.4684"
"7,88 : 0.5936"
"88,7 : 0.5936"
"7,89 : 0.2997"
"89,7 : 0.2997"
"7,90 : 0.26"
"90,7 : 0.26"
"7,91 : 0.4687"
"91,7 : 0.4687"
"7,92 : 0.2159"
"92,7 : 0.2159"
"7,93 : 0.5064"
"93,7 : 0.5064"
"7,94 : 0.4545"
"94,7 : 0.4545"
"7,95 : 0.4319"
"95,7 : 0.4319"
"7,96 : 0.1942"
"96,7 : 0.1942"
"7,97 : 0.2506"
"97,7 : 0.2506"
"7,98 : 0.2625"
"98,7 : 0.2625"
"7,99 : 0.2433"
"99,7 : 0.2433"
"8,9 : 0.6701"
"9,8 : 0.6701"
"8,10 : 0.6708"
"10,8 : 0.6708"
"8,11 : 0.7593"
"11,8 : 0.7593"
"8,12 : 0.7145"
"12,8 : 0.7145"
"8,13 : 0.5515"
"13,8 : 0.5515"
"8,14 : 0.7495"
"14,8 : 0.7495"
"8,15 : 0.728"
"15,8 : 0.728"
"8,16 : 0.771"
"16,8 : 0.771"
"8,17 : 0.6918"
"17,8 : 0.6918"
"8,18 : 0.558"
"18,8 : 0.558"
"8,19 : 0.8"
"19,8 : 0.8"
"8,20 : 0.7301"
"20,8 : 0.7301"
"8,21 : 0.1655"
"21,8 : 0.1655"
"8,22 : 0.9949"
"22,8 : 0.9949"
"8,23 : 0.7212"
"23,8 : 0.7212"
"8,24 : 0.786"
"24,8 : 0.786"
"8,25 : 0.6294"
"25,8 : 0.6294"
"8,26 : 0.7004"
"26,8 : 0.7004"
"8,27 : 0.7554"
"27,8 : 0.7554"
"8,28 : 0.4494"
"28,8 : 0.4494"
"8,29 : 0.5756"
"29,8 : 0.5756"
"8,30 : 0.1803"
"30,8 : 0.1803"
"8,31 : 0.7433"
"31,8 : 0.7433"
"8,32 : 0.59"
"32,8 : 0.59"
"8,33 : 0.6843"
"33,8 : 0.6843"
"8,34 : 0.6494"
"34,8 : 0.6494"
"8,35 : 0.4159"
"35,8 : 0.4159"
"8,36 : 0.2832"
"36,8 : 0.2832"
"8,37 : 0.4662"
"37,8 : 0.4662"
"8,38 : 0.7762"
"38,8 : 0.7762"
"8,39 : 0.68"
"39,8 : 0.68"
"8,40 : 0.6008"
"40,8 : 0.6008"
"8,41 : 0.6083"
"41,8 : 0.6083"
"8,42 : 0.7209"
"42,8 : 0.7209"
"8,43 : 0.8605"
"43,8 : 0.8605"
"8,44 : 0.264"
"44,8 : 0.264"
"8,45 : 0.7316"
"45,8 : 0.7316"
"8,46 : 0.8201"
"46,8 : 0.8201"
"8,47 : 0.8668"
"47,8 : 0.8668"
"8,48 : 0.6429"
"48,8 : 0.6429"
"8,49 : 0.2147"
"49,8 : 0.2147"
"8,50 : 0.2773"
"50,8 : 0.2773"
"8,51 : 0.7864"
"51,8 : 0.7864"
"8,52 : 0.4319"
"52,8 : 0.4319"
"8,53 : 0.6391"
"53,8 : 0.6391"
"8,54 : 0.492"
"54,8 : 0.492"
"8,55 : 0.5672"
"55,8 : 0.5672"
"8,56 : 0.7843"
"56,8 : 0.7843"
"8,57 : 0.9976"
"57,8 : 0.9976"
"8,58 : 0.1503"
"58,8 : 0.1503"
"8,59 : 0.1903"
"59,8 : 0.1903"
"8,60 : 0.3202"
"60,8 : 0.3202"
"8,61 : 0.7301"
"61,8 : 0.7301"
"8,62 : 0.5501"
"62,8 : 0.5501"
"8,63 : 0.6938"
"63,8 : 0.6938"
"8,64 : 0.7983"
"64,8 : 0.7983"
"8,65 : 0.7875"
"65,8 : 0.7875"
"8,66 : 0.8286"
"66,8 : 0.8286"
"8,67 : 0.8417"
"67,8 : 0.8417"
"8,68 : 0.5334"
"68,8 : 0.5334"
"8,69 : 0.1972"
"69,8 : 0.1972"
"8,70 : 0.0539"
"70,8 : 0.0539"
"8,71 : 0.8916"
"71,8 : 0.8916"
"8,72 : 0.3423"
"72,8 : 0.3423"
"8,73 : 0.5415"
"73,8 : 0.5415"
"8,74 : 0.5819"
"74,8 : 0.5819"
"8,75 : 0.8139"
"75,8 : 0.8139"
"8,76 : 0.4531"
"76,8 : 0.4531"
"8,77 : 0.4884"
"77,8 : 0.4884"
"8,78 : 0.6408"
"78,8 : 0.6408"
"8,79 : 0.5124"
"79,8 : 0.5124"
"8,80 : 0.4272"
"80,8 : 0.4272"
"8,81 : 0.3314"
"81,8 : 0.3314"
"8,82 : 0.5728"
"82,8 : 0.5728"
"8,83 : 0.7788"
"83,8 : 0.7788"
"8,84 : 0.1487"
"84,8 : 0.1487"
"8,85 : 0.7122"
"85,8 : 0.7122"
"8,86 : 0.4904"
"86,8 : 0.4904"
"8,87 : 0.2119"
"87,8 : 0.2119"
"8,88 : 0.6041"
"88,8 : 0.6041"
"8,89 : 0.4383"
"89,8 : 0.4383"
"8,90 : 0.4531"
"90,8 : 0.4531"
"8,91 : 0.3547"
"91,8 : 0.3547"
"8,92 : 0.3324"
"92,8 : 0.3324"
"8,93 : 0.8276"
"93,8 : 0.8276"
"8,94 : 0.9124"
"94,8 : 0.9124"
"8,95 : 0.7507"
"95,8 : 0.7507"
"8,96 : 0.6812"
"96,8 : 0.6812"
"8,97 : 0.764"
"97,8 : 0.764"
"8,98 : 0.7845"
"98,8 : 0.7845"
"8,99 : 0.3008"
"99,8 : 0.3008"
"9,10 : 0.7134"
"10,9 : 0.7134"
"9,11 : 0.6168"
"11,9 : 0.6168"
"9,12 : 0.9309"
"12,9 : 0.9309"
"9,13 : 0.6943"
"13,9 : 0.6943"
"9,14 : 0.8931"
"14,9 : 0.8931"
"9,15 : 0.8026"
"15,9 : 0.8026"
"9,16 : 0.15"
"16,9 : 0.15"
"9,17 : 0.0447"
"17,9 : 0.0447"
"9,18 : 0.405"
"18,9 : 0.405"
"9,19 : 0.4909"
"19,9 : 0.4909"
"9,20 : 0.3"
"20,9 : 0.3"
"9,21 : 0.621"
"21,9 : 0.621"
"9,22 : 0.781"
"22,9 : 0.781"
"9,23 : 0.2209"
"23,9 : 0.2209"
"9,24 : 0.6705"
"24,9 : 0.6705"
"9,25 : 0.5143"
"25,9 : 0.5143"
"9,26 : 0.5536"
"26,9 : 0.5536"
"9,27 : 1.0748"
"27,9 : 1.0748"
"9,28 : 0.2915"
"28,9 : 0.2915"
"9,29 : 0.8273"
"29,9 : 0.8273"
"9,30 : 0.8273"
"30,9 : 0.8273"
"9,31 : 0.8491"
"31,9 : 0.8491"
"9,32 : 0.0806"
"32,9 : 0.0806"
"9,33 : 0.3256"
"33,9 : 0.3256"
"9,34 : 0.1044"
"34,9 : 0.1044"
"9,35 : 0.7324"
"35,9 : 0.7324"
"9,36 : 0.528"
"36,9 : 0.528"
"9,37 : 0.2941"
"37,9 : 0.2941"
"9,38 : 0.8936"
"38,9 : 0.8936"
"9,39 : 0.9618"
"39,9 : 0.9618"
"9,40 : 0.7529"
"40,9 : 0.7529"
"9,41 : 0.4876"
"41,9 : 0.4876"
"9,42 : 0.7703"
"42,9 : 0.7703"
"9,43 : 0.6923"
"43,9 : 0.6923"
"9,44 : 0.5554"
"44,9 : 0.5554"
"9,45 : 0.1487"
"45,9 : 0.1487"
"9,46 : 0.6815"
"46,9 : 0.6815"
"9,47 : 0.6905"
"47,9 : 0.6905"
"9,48 : 0.1676"
"48,9 : 0.1676"
"9,49 : 0.7908"
"49,9 : 0.7908"
"9,50 : 0.6084"
"50,9 : 0.6084"
"9,51 : 0.1972"
"51,9 : 0.1972"
"9,52 : 0.2452"
"52,9 : 0.2452"
"9,53 : 0.758"
"53,9 : 0.758"
"9,54 : 0.5449"
"54,9 : 0.5449"
"9,55 : 0.8132"
"55,9 : 0.8132"
"9,56 : 0.8548"
"56,9 : 0.8548"
"9,57 : 0.7401"
"57,9 : 0.7401"
"9,58 : 0.6943"
"58,9 : 0.6943"
"9,59 : 0.6896"
"59,9 : 0.6896"
"9,60 : 0.5371"
"60,9 : 0.5371"
"9,61 : 1.1063"
"61,9 : 1.1063"
"9,62 : 0.8656"
"62,9 : 0.8656"
"9,63 : 0.17"
"63,9 : 0.17"
"9,64 : 0.1942"
"64,9 : 0.1942"
"9,65 : 0.5247"
"65,9 : 0.5247"
"9,66 : 0.7749"
"66,9 : 0.7749"
"9,67 : 0.2193"
"67,9 : 0.2193"
"9,68 : 0.1487"
"68,9 : 0.1487"
"9,69 : 0.8472"
"69,9 : 0.8472"
"9,70 : 0.6207"
"70,9 : 0.6207"
"9,71 : 0.39"
"71,9 : 0.39"
"9,72 : 0.3314"
"72,9 : 0.3314"
"9,73 : 0.1334"
"73,9 : 0.1334"
"9,74 : 0.2163"
"74,9 : 0.2163"
"9,75 : 0.1664"
"75,9 : 0.1664"
"9,76 : 0.2968"
"76,9 : 0.2968"
"9,77 : 0.5025"
"77,9 : 0.5025"
"9,78 : 0.7324"
"78,9 : 0.7324"
"9,79 : 0.8092"
"79,9 : 0.8092"
"9,80 : 0.2823"
"80,9 : 0.2823"
"9,81 : 0.3423"
"81,9 : 0.3423"
"9,82 : 0.1921"
"82,9 : 0.1921"
"9,83 : 0.2154"
"83,9 : 0.2154"
"9,84 : 0.5707"
"84,9 : 0.5707"
"9,85 : 0.4632"
"85,9 : 0.4632"
"9,86 : 0.9625"
"86,9 : 0.9625"
"9,87 : 0.6357"
"87,9 : 0.6357"
"9,88 : 0.7465"
"88,9 : 0.7465"
"9,89 : 0.3384"
"89,9 : 0.3384"
"9,90 : 0.2968"
"90,9 : 0.2968"
"9,91 : 0.6381"
"91,9 : 0.6381"
"9,92 : 0.3828"
"92,9 : 0.3828"
"9,93 : 0.5842"
"93,9 : 0.5842"
"9,94 : 0.4522"
"94,9 : 0.4522"
"9,95 : 0.5217"
"95,9 : 0.5217"
"9,96 : 0.0316"
"96,9 : 0.0316"
"9,97 : 0.2119"
"97,9 : 0.2119"
"9,98 : 0.1887"
"98,9 : 0.1887"
"9,99 : 0.408"
"99,9 : 0.408"
"10,11 : 0.191"
"11,10 : 0.191"
"10,12 : 0.246"
"12,10 : 0.246"
"10,13 : 0.1273"
"13,10 : 0.1273"
"10,14 : 0.1838"
"14,10 : 0.1838"
"10,15 : 0.0894"
"15,10 : 0.0894"
"10,16 : 0.8628"
"16,10 : 0.8628"
"10,17 : 0.758"
"17,10 : 0.758"
"10,18 : 0.3089"
"18,10 : 0.3089"
"10,19 : 0.3606"
"19,10 : 0.3606"
"10,20 : 0.4827"
"20,10 : 0.4827"
"10,21 : 0.5054"
"21,10 : 0.5054"
"10,22 : 0.3712"
"22,10 : 0.3712"
"10,23 : 0.5515"
"23,10 : 0.5515"
"10,24 : 0.1726"
"24,10 : 0.1726"
"10,25 : 0.2052"
"25,10 : 0.2052"
"10,26 : 0.2012"
"26,10 : 0.2012"
"10,27 : 0.4179"
"27,10 : 0.4179"
"10,28 : 0.7694"
"28,10 : 0.7694"
"10,29 : 0.222"
"29,10 : 0.222"
"10,30 : 0.6727"
"30,10 : 0.6727"
"10,31 : 0.136"
"31,10 : 0.136"
"10,32 : 0.6664"
"32,10 : 0.6664"
"10,33 : 0.4245"
"33,10 : 0.4245"
"10,34 : 0.7872"
"34,10 : 0.7872"
"10,35 : 0.2983"
"35,10 : 0.2983"
"10,36 : 0.4052"
"36,10 : 0.4052"
"10,37 : 0.7908"
"37,10 : 0.7908"
"10,38 : 0.1803"
"38,10 : 0.1803"
"10,39 : 0.3105"
"39,10 : 0.3105"
"10,40 : 0.114"
"40,10 : 0.114"
"10,41 : 0.228"
"41,10 : 0.228"
"10,42 : 0.0608"
"42,10 : 0.0608"
"10,43 : 0.25"
"43,10 : 0.25"
"10,44 : 0.4144"
"44,10 : 0.4144"
"10,45 : 0.6303"
"45,10 : 0.6303"
"10,46 : 0.2062"
"46,10 : 0.2062"
"10,47 : 0.2596"
"47,10 : 0.2596"
"10,48 : 0.8338"
"48,10 : 0.8338"
"10,49 : 0.8855"
"49,10 : 0.8855"
"10,50 : 0.3936"
"50,10 : 0.3936"
"10,51 : 0.6438"
"51,10 : 0.6438"
"10,52 : 0.5749"
"52,10 : 0.5749"
"10,53 : 0.08"
"53,10 : 0.08"
"10,54 : 0.21"
"54,10 : 0.21"
"10,55 : 0.2138"
"55,10 : 0.2138"
"10,56 : 0.1456"
"56,10 : 0.1456"
"10,57 : 0.4016"
"57,10 : 0.4016"
"10,58 : 0.8115"
"58,10 : 0.8115"
"10,59 : 0.5022"
"59,10 : 0.5022"
"10,60 : 0.364"
"60,10 : 0.364"
"10,61 : 0.4827"
"61,10 : 0.4827"
"10,62 : 0.2943"
"62,10 : 0.2943"
"10,63 : 0.8633"
"63,10 : 0.8633"
"10,64 : 0.9074"
"64,10 : 0.9074"
"10,65 : 0.3132"
"65,10 : 0.3132"
"10,66 : 0.1628"
"66,10 : 0.1628"
"10,67 : 0.7018"
"67,10 : 0.7018"
"10,68 : 0.6989"
"68,10 : 0.6989"
"10,69 : 0.6862"
"69,10 : 0.6862"
"10,70 : 0.6316"
"70,10 : 0.6316"
"10,71 : 0.577"
"71,10 : 0.577"
"10,72 : 0.6412"
"72,10 : 0.6412"
"10,73 : 0.6835"
"73,10 : 0.6835"
"10,74 : 0.8286"
"74,10 : 0.8286"
"10,75 : 0.7284"
"75,10 : 0.7284"
"10,76 : 0.7793"
"76,10 : 0.7793"
"10,77 : 0.2419"
"77,10 : 0.2419"
"10,78 : 0.051"
"78,10 : 0.051"
"10,79 : 0.2657"
"79,10 : 0.2657"
"10,80 : 0.7284"
"80,10 : 0.7284"
"10,81 : 0.5708"
"81,10 : 0.5708"
"10,82 : 0.8001"
"82,10 : 0.8001"
"10,83 : 0.9266"
"83,10 : 0.9266"
"10,84 : 0.5349"
"84,10 : 0.5349"
"10,85 : 0.3053"
"85,10 : 0.3053"
"10,86 : 0.4904"
"86,10 : 0.4904"
"10,87 : 0.4614"
"87,10 : 0.4614"
"10,88 : 0.1044"
"88,10 : 0.1044"
"10,89 : 0.805"
"89,10 : 0.805"
"10,90 : 0.7793"
"90,10 : 0.7793"
"10,91 : 0.3191"
"91,10 : 0.3191"
"10,92 : 0.4801"
"92,10 : 0.4801"
"10,93 : 0.3015"
"93,10 : 0.3015"
"10,94 : 0.5408"
"94,10 : 0.5408"
"10,95 : 0.2786"
"95,10 : 0.2786"
"10,96 : 0.7443"
"96,10 : 0.7443"
"10,97 : 0.6014"
"97,10 : 0.6014"
"10,98 : 0.6507"
"98,10 : 0.6507"
"10,99 : 0.4904"
"99,10 : 0.4904"
"11,12 : 0.4301"
"12,11 : 0.4301"
"11,13 : 0.2886"
"13,11 : 0.2886"
"11,14 : 0.3534"
"14,11 : 0.3534"
"11,15 : 0.2508"
"15,11 : 0.2508"
"11,16 : 0.7596"
"16,11 : 0.7596"
"11,17 : 0.661"
"17,11 : 0.661"
"11,18 : 0.2532"
"18,11 : 0.2532"
"11,19 : 0.1803"
"19,11 : 0.1803"
"11,20 : 0.3413"
"20,11 : 0.3413"
"11,21 : 0.6011"
"21,11 : 0.6011"
"11,22 : 0.236"
"22,11 : 0.236"
"11,23 : 0.4206"
"23,11 : 0.4206"
"11,24 : 0.0539"
"24,11 : 0.0539"
"11,25 : 0.1393"
"25,11 : 0.1393"
"11,26 : 0.0707"
"26,11 : 0.0707"
"11,27 : 0.6044"
"27,11 : 0.6044"
"11,28 : 0.7433"
"28,11 : 0.7433"
"11,29 : 0.4101"
"29,11 : 0.4101"
"11,30 : 0.8"
"30,11 : 0.8"
"11,31 : 0.2997"
"31,11 : 0.2997"
"11,32 : 0.5886"
"32,11 : 0.5886"
"11,33 : 0.2955"
"33,11 : 0.2955"
"11,34 : 0.7061"
"34,11 : 0.7061"
"11,35 : 0.4531"
"35,11 : 0.4531"
"11,36 : 0.4763"
"36,11 : 0.4763"
"11,37 : 0.7624"
"37,11 : 0.7624"
"11,38 : 0.3362"
"38,11 : 0.3362"
"11,39 : 0.5001"
"39,11 : 0.5001"
"11,40 : 0.3002"
"40,11 : 0.3002"
"11,41 : 0.1676"
"41,11 : 0.1676"
"11,42 : 0.2154"
"42,11 : 0.2154"
"11,43 : 0.103"
"43,11 : 0.103"
"11,44 : 0.4958"
"44,11 : 0.4958"
"11,45 : 0.5054"
"45,11 : 0.5054"
"11,46 : 0.0707"
"46,11 : 0.0707"
"11,47 : 0.1082"
"47,11 : 0.1082"
"11,48 : 0.7612"
"48,11 : 0.7612"
"11,49 : 0.9701"
"49,11 : 0.9701"
"11,50 : 0.4958"
"50,11 : 0.4958"
"11,51 : 0.5048"
"51,11 : 0.5048"
"11,52 : 0.5433"
"52,11 : 0.5433"
"11,53 : 0.2707"
"53,11 : 0.2707"
"11,54 : 0.2687"
"54,11 : 0.2687"
"11,55 : 0.4005"
"55,11 : 0.4005"
"11,56 : 0.2802"
"56,11 : 0.2802"
"11,57 : 0.2421"
"57,11 : 0.2421"
"11,58 : 0.8848"
"58,11 : 0.8848"
"11,59 : 0.6185"
"59,11 : 0.6185"
"11,60 : 0.4393"
"60,11 : 0.4393"
"11,61 : 0.6727"
"61,11 : 0.6727"
"11,62 : 0.4809"
"62,11 : 0.4809"
"11,63 : 0.781"
"63,11 : 0.781"
"11,64 : 0.8041"
"64,11 : 0.8041"
"11,65 : 0.1304"
"65,11 : 0.1304"
"11,66 : 0.1612"
"66,11 : 0.1612"
"11,67 : 0.5561"
"67,11 : 0.5561"
"11,68 : 0.6412"
"68,11 : 0.6412"
"11,69 : 0.8161"
"69,11 : 0.8161"
"11,70 : 0.7122"
"70,11 : 0.7122"
"11,71 : 0.4022"
"71,11 : 0.4022"
"11,72 : 0.6379"
"72,11 : 0.6379"
"11,73 : 0.622"
"73,11 : 0.622"
"11,74 : 0.7723"
"74,11 : 0.7723"
"11,75 : 0.5936"
"75,11 : 0.5936"
"11,76 : 0.7533"
"76,11 : 0.7533"
"11,77 : 0.272"
"77,11 : 0.272"
"11,78 : 0.2402"
"78,11 : 0.2402"
"11,79 : 0.4455"
"79,11 : 0.4455"
"11,80 : 0.7046"
"80,11 : 0.7046"
"11,81 : 0.5728"
"81,11 : 0.5728"
"11,82 : 0.7424"
"82,11 : 0.7424"
"11,83 : 0.8317"
"83,11 : 0.8317"
"11,84 : 0.6122"
"84,11 : 0.6122"
"11,85 : 0.1565"
"85,11 : 0.1565"
"11,86 : 0.6708"
"86,11 : 0.6708"
"11,87 : 0.5664"
"87,11 : 0.5664"
"11,88 : 0.2902"
"88,11 : 0.2902"
"11,89 : 0.7864"
"89,11 : 0.7864"
"11,90 : 0.7533"
"90,11 : 0.7533"
"11,91 : 0.4383"
"91,11 : 0.4383"
"11,92 : 0.494"
"92,11 : 0.494"
"11,93 : 0.1105"
"93,11 : 0.1105"
"11,94 : 0.3578"
"94,11 : 0.3578"
"11,95 : 0.1063"
"95,11 : 0.1063"
"11,96 : 0.6485"
"96,11 : 0.6485"
"11,97 : 0.4632"
"97,11 : 0.4632"
"11,98 : 0.5131"
"98,11 : 0.5131"
"11,99 : 0.5148"
"99,11 : 0.5148"
"12,13 : 0.2385"
"13,12 : 0.2385"
"12,14 : 0.0922"
"14,12 : 0.0922"
"12,15 : 0.1825"
"15,12 : 0.1825"
"12,16 : 1.0807"
"16,12 : 1.0807"
"12,17 : 0.9745"
"17,12 : 0.9745"
"12,18 : 0.5304"
"18,12 : 0.5304"
"12,19 : 0.6054"
"19,12 : 0.6054"
"12,20 : 0.7242"
"20,12 : 0.7242"
"12,21 : 0.5601"
"21,12 : 0.5601"
"12,22 : 0.5533"
"22,12 : 0.5533"
"12,23 : 0.7887"
"23,12 : 0.7887"
"12,24 : 0.3981"
"24,12 : 0.3981"
"12,25 : 0.4441"
"25,12 : 0.4441"
"12,26 : 0.4472"
"26,12 : 0.4472"
"12,27 : 0.1746"
"27,12 : 0.1746"
"12,28 : 0.9341"
"28,12 : 0.9341"
"12,29 : 0.14"
"29,12 : 0.14"
"12,30 : 0.6519"
"30,12 : 0.6519"
"12,31 : 0.14"
"31,12 : 0.14"
"12,32 : 0.8742"
"32,12 : 0.8742"
"12,33 : 0.664"
"33,12 : 0.664"
"12,34 : 0.993"
"34,12 : 0.993"
"12,35 : 0.3002"
"35,12 : 0.3002"
"12,36 : 0.512"
"36,12 : 0.512"
"12,37 : 0.9563"
"37,12 : 0.9563"
"12,38 : 0.1265"
"38,12 : 0.1265"
"12,39 : 0.0854"
"39,12 : 0.0854"
"12,40 : 0.178"
"40,12 : 0.178"
"12,41 : 0.4623"
"41,12 : 0.4623"
"12,42 : 0.2159"
"42,12 : 0.2159"
"12,43 : 0.4617"
"43,12 : 0.4617"
"12,44 : 0.5064"
"44,12 : 0.5064"
"12,45 : 0.8637"
"45,12 : 0.8637"
"12,46 : 0.4243"
"46,12 : 0.4243"
"12,47 : 0.4717"
"47,12 : 0.4717"
"12,48 : 1.0325"
"48,12 : 1.0325"
"12,49 : 0.9178"
"49,12 : 0.9178"
"12,50 : 0.4617"
"50,12 : 0.4617"
"12,51 : 0.8824"
"51,12 : 0.8824"
"12,52 : 0.7559"
"52,12 : 0.7559"
"12,53 : 0.178"
"53,12 : 0.178"
"12,54 : 0.3883"
"54,12 : 0.3883"
"12,55 : 0.1503"
"55,12 : 0.1503"
"12,56 : 0.1825"
"56,12 : 0.1825"
"12,57 : 0.6003"
"57,12 : 0.6003"
"12,58 : 0.8647"
"58,12 : 0.8647"
"12,59 : 0.5247"
"59,12 : 0.5247"
"12,60 : 0.4754"
"60,12 : 0.4754"
"12,61 : 0.25"
"61,12 : 0.25"
"12,62 : 0.1746"
"62,12 : 0.1746"
"12,63 : 1.0678"
"63,12 : 1.0678"
"12,64 : 1.1245"
"64,12 : 1.1245"
"12,65 : 0.5571"
"65,12 : 0.5571"
"12,66 : 0.3302"
"66,12 : 0.3302"
"12,67 : 0.942"
"67,12 : 0.942"
"12,68 : 0.8919"
"68,12 : 0.8919"
"12,69 : 0.6592"
"69,12 : 0.6592"
"12,70 : 0.6907"
"70,12 : 0.6907"
"12,71 : 0.8229"
"71,12 : 0.8229"
"12,72 : 0.7938"
"72,12 : 0.7938"
"12,73 : 0.8798"
"73,12 : 0.8798"
"12,74 : 1.0153"
"74,12 : 1.0153"
"12,75 : 0.9643"
"75,12 : 0.9643"
"12,76 : 0.9434"
"76,12 : 0.9434"
"12,77 : 0.4301"
"77,12 : 0.4301"
"12,78 : 0.2081"
"78,12 : 0.2081"
"12,79 : 0.2022"
"79,12 : 0.2022"
"12,80 : 0.8932"
"80,12 : 0.8932"
"12,81 : 0.7245"
"81,12 : 0.7245"
"12,82 : 0.9888"
"82,12 : 0.9888"
"12,83 : 1.1381"
"83,12 : 1.1381"
"12,84 : 0.6107"
"84,12 : 0.6107"
"12,85 : 0.5507"
"85,12 : 0.5507"
"12,86 : 0.3536"
"86,12 : 0.3536"
"12,87 : 0.5101"
"87,12 : 0.5101"
"12,88 : 0.1844"
"88,12 : 0.1844"
"12,89 : 0.9614"
"89,12 : 0.9614"
"12,90 : 0.9434"
"90,12 : 0.9434"
"12,91 : 0.3833"
"91,12 : 0.3833"
"12,92 : 0.6332"
"92,12 : 0.6332"
"12,93 : 0.5385"
"93,12 : 0.5385"
"12,94 : 0.7855"
"94,12 : 0.7855"
"12,95 : 0.5239"
"95,12 : 0.5239"
"12,96 : 0.9605"
"96,12 : 0.9605"
"12,97 : 0.8402"
"97,12 : 0.8402"
"12,98 : 0.8887"
"98,12 : 0.8887"
"12,99 : 0.6325"
"99,12 : 0.6325"
"13,14 : 0.2236"
"14,13 : 0.2236"
"13,15 : 0.1772"
"15,13 : 0.1772"
"13,16 : 0.8439"
"16,13 : 0.8439"
"13,17 : 0.7376"
"17,13 : 0.7376"
"13,18 : 0.3"
"18,13 : 0.3"
"13,19 : 0.431"
"19,13 : 0.431"
"13,20 : 0.5099"
"20,13 : 0.5099"
"13,21 : 0.3863"
"21,13 : 0.3863"
"13,22 : 0.494"
