x,y
0.57,0.61
0.66,0.31
0.62,0.74
0.83,0.88
0.46,0.48
0.78,0.42
0.37,0.75
0.47,0.37
0.52,0.61
0.24,0.85
0.49,0.04
0.47,0.11
0.94,0.3
0.8,0.48
0.37,0.43
0.28,0.09
0.72,0.57
0.0,0.05
0.59,0.67
0.28,0.5
0.43,0.83
0.94,0.24
0.5,0.12
0.95,0.59
0.19,0.0
0.35,0.69
0.06,0.95
0.5,0.72
0.99,0.74
0.2,0.76
0.5,0.27
0.76,0.31
0.84,0.64
0.6,0.59
0.25,0.47
0.87,0.73
0.44,0.57
0.34,0.71
0.37,0.33
0.88,0.14
0.97,0.24
0.06,0.81
0.39,0.1
0.18,0.22
0.0,0.14
0.17,0.11
0.53,0.59
0.26,0.8
0.8,0.28
0.67,0.21
0.28,0.08
0.72,0.45
0.88,0.89
0.73,0.92
0.66,0.32
0.37,0.61
0.36,0.42
0.82,0.16
0.88,0.64
0.87,0.61
0.16,0.0
0.58,0.29
0.9,0.64
0.33,0.48
0.81,0.95
0.18,0.34
0.31,0.79
0.46,0.95
0.38,0.56
0.84,0.39
0.41,0.9
0.01,0.47
0.37,0.46
0.85,0.72
0.09,0.06
0.04,0.66
0.83,0.11
0.45,0.68
0.67,0.29
0.24,0.3
0.84,0.98
0.02,0.08
0.28,0.99
0.75,0.57
0.95,0.54
0.47,0.69
0.11,0.15
0.44,0.64
0.98,0.37
0.84,0.0
0.01,0.77
0.23,0.35
0.53,0.55
0.55,0.19
0.73,0.17
0.4,0.46
0.83,0.24
0.36,0.16
0.21,0.02
0.54,0.4

Distanze
"0,1 : 0.3132"
"1,0 : 0.3132"
"0,2 : 0.1393"
"2,0 : 0.1393"
"0,3 : 0.3748"
"3,0 : 0.3748"
"0,4 : 0.1703"
"4,0 : 0.1703"
"0,5 : 0.2832"
"5,0 : 0.2832"
"0,6 : 0.2441"
"6,0 : 0.2441"
"0,7 : 0.26"
"7,0 : 0.26"
"0,8 : 0.05"
"8,0 : 0.05"
"0,9 : 0.408"
"9,0 : 0.408"
"0,10 : 0.5756"
"10,0 : 0.5756"
"0,11 : 0.5099"
"11,0 : 0.5099"
"0,12 : 0.4827"
"12,0 : 0.4827"
"0,13 : 0.2642"
"13,0 : 0.2642"
"0,14 : 0.2691"
"14,0 : 0.2691"
"0,15 : 0.5954"
"15,0 : 0.5954"
"0,16 : 0.1552"
"16,0 : 0.1552"
"0,17 : 0.7991"
"17,0 : 0.7991"
"0,18 : 0.0632"
"18,0 : 0.0632"
"0,19 : 0.3102"
"19,0 : 0.3102"
"0,20 : 0.2608"
"20,0 : 0.2608"
"0,21 : 0.5233"
"21,0 : 0.5233"
"0,22 : 0.495"
"22,0 : 0.495"
"0,23 : 0.3805"
"23,0 : 0.3805"
"0,24 : 0.7187"
"24,0 : 0.7187"
"0,25 : 0.2341"
"25,0 : 0.2341"
"0,26 : 0.6129"
"26,0 : 0.6129"
"0,27 : 0.1304"
"27,0 : 0.1304"
"0,28 : 0.4397"
"28,0 : 0.4397"
"0,29 : 0.3992"
"29,0 : 0.3992"
"0,30 : 0.3471"
"30,0 : 0.3471"
"0,31 : 0.3551"
"31,0 : 0.3551"
"0,32 : 0.2717"
"32,0 : 0.2717"
"0,33 : 0.0361"
"33,0 : 0.0361"
"0,34 : 0.3493"
"34,0 : 0.3493"
"0,35 : 0.3231"
"35,0 : 0.3231"
"0,36 : 0.136"
"36,0 : 0.136"
"0,37 : 0.2508"
"37,0 : 0.2508"
"0,38 : 0.3441"
"38,0 : 0.3441"
"0,39 : 0.563"
"39,0 : 0.563"
"0,40 : 0.5449"
"40,0 : 0.5449"
"0,41 : 0.5478"
"41,0 : 0.5478"
"0,42 : 0.5408"
"42,0 : 0.5408"
"0,43 : 0.5515"
"43,0 : 0.5515"
"0,44 : 0.7388"
"44,0 : 0.7388"
"0,45 : 0.6403"
"45,0 : 0.6403"
"0,46 : 0.0447"
"46,0 : 0.0447"
"0,47 : 0.3636"
"47,0 : 0.3636"
"0,48 : 0.4022"
"48,0 : 0.4022"
"0,49 : 0.4123"
"49,0 : 0.4123"
"0,50 : 0.6042"
"50,0 : 0.6042"
"0,51 : 0.2193"
"51,0 : 0.2193"
"0,52 : 0.4177"
"52,0 : 0.4177"
"0,53 : 0.3489"
"53,0 : 0.3489"
"0,54 : 0.3036"
"54,0 : 0.3036"
"0,55 : 0.2"
"55,0 : 0.2"
"0,56 : 0.2832"
"56,0 : 0.2832"
"0,57 : 0.5148"
"57,0 : 0.5148"
"0,58 : 0.3114"
"58,0 : 0.3114"
"0,59 : 0.3"
"59,0 : 0.3"
"0,60 : 0.735"
"60,0 : 0.735"
"0,61 : 0.3202"
"61,0 : 0.3202"
"0,62 : 0.3314"
"62,0 : 0.3314"
"0,63 : 0.2729"
"63,0 : 0.2729"
"0,64 : 0.4162"
"64,0 : 0.4162"
"0,65 : 0.4743"
"65,0 : 0.4743"
"0,66 : 0.3162"
"66,0 : 0.3162"
"0,67 : 0.3574"
"67,0 : 0.3574"
"0,68 : 0.1965"
"68,0 : 0.1965"
"0,69 : 0.3483"
"69,0 : 0.3483"
"0,70 : 0.3312"
"70,0 : 0.3312"
"0,71 : 0.5772"
"71,0 : 0.5772"
"0,72 : 0.25"
"72,0 : 0.25"
"0,73 : 0.3008"
"73,0 : 0.3008"
"0,74 : 0.73"
"74,0 : 0.73"
"0,75 : 0.5324"
"75,0 : 0.5324"
"0,76 : 0.5636"
"76,0 : 0.5636"
"0,77 : 0.1389"
"77,0 : 0.1389"
"0,78 : 0.3353"
"78,0 : 0.3353"
"0,79 : 0.4528"
"79,0 : 0.4528"
"0,80 : 0.458"
"80,0 : 0.458"
"0,81 : 0.7638"
"81,0 : 0.7638"
"0,82 : 0.478"
"82,0 : 0.478"
"0,83 : 0.1844"
"83,0 : 0.1844"
"0,84 : 0.3864"
"84,0 : 0.3864"
"0,85 : 0.1281"
"85,0 : 0.1281"
"0,86 : 0.6505"
"86,0 : 0.6505"
"0,87 : 0.1334"
"87,0 : 0.1334"
"0,88 : 0.4751"
"88,0 : 0.4751"
"0,89 : 0.6671"
"89,0 : 0.6671"
"0,90 : 0.5824"
"90,0 : 0.5824"
"0,91 : 0.428"
"91,0 : 0.428"
"0,92 : 0.0721"
"92,0 : 0.0721"
"0,93 : 0.4205"
"93,0 : 0.4205"
"0,94 : 0.4682"
"94,0 : 0.4682"
"0,95 : 0.2267"
"95,0 : 0.2267"
"0,96 : 0.4522"
"96,0 : 0.4522"
"0,97 : 0.4966"
"97,0 : 0.4966"
"0,98 : 0.6912"
"98,0 : 0.6912"
"0,99 : 0.2121"
"99,0 : 0.2121"
"1,2 : 0.4319"
"2,1 : 0.4319"
"1,3 : 0.5948"
"3,1 : 0.5948"
"1,4 : 0.2625"
"4,1 : 0.2625"
"1,5 : 0.1628"
"5,1 : 0.1628"
"1,6 : 0.527"
"6,1 : 0.527"
"1,7 : 0.1992"
"7,1 : 0.1992"
"1,8 : 0.3311"
"8,1 : 0.3311"
"1,9 : 0.6841"
"9,1 : 0.6841"
"1,10 : 0.3191"
"10,1 : 0.3191"
"1,11 : 0.2759"
"11,1 : 0.2759"
"1,12 : 0.2802"
"12,1 : 0.2802"
"1,13 : 0.2202"
"13,1 : 0.2202"
"1,14 : 0.3138"
"14,1 : 0.3138"
"1,15 : 0.4391"
"15,1 : 0.4391"
"1,16 : 0.2668"
"16,1 : 0.2668"
"1,17 : 0.7094"
"17,1 : 0.7094"
"1,18 : 0.3667"
"18,1 : 0.3667"
"1,19 : 0.4249"
"19,1 : 0.4249"
"1,20 : 0.5686"
"20,1 : 0.5686"
"1,21 : 0.2886"
"21,1 : 0.2886"
"1,22 : 0.2484"
"22,1 : 0.2484"
"1,23 : 0.4031"
"23,1 : 0.4031"
"1,24 : 0.563"
"24,1 : 0.563"
"1,25 : 0.4904"
"25,1 : 0.4904"
"1,26 : 0.8773"
"26,1 : 0.8773"
"1,27 : 0.4401"
"27,1 : 0.4401"
"1,28 : 0.542"
"28,1 : 0.542"
"1,29 : 0.6435"
"29,1 : 0.6435"
"1,30 : 0.1649"
"30,1 : 0.1649"
"1,31 : 0.1"
"31,1 : 0.1"
"1,32 : 0.3759"
"32,1 : 0.3759"
"1,33 : 0.2864"
"33,1 : 0.2864"
"1,34 : 0.4401"
"34,1 : 0.4401"
"1,35 : 0.4696"
"35,1 : 0.4696"
"1,36 : 0.3406"
"36,1 : 0.3406"
"1,37 : 0.5122"
"37,1 : 0.5122"
"1,38 : 0.2907"
"38,1 : 0.2907"
"1,39 : 0.278"
"39,1 : 0.278"
"1,40 : 0.3178"
"40,1 : 0.3178"
"1,41 : 0.781"
"41,1 : 0.781"
"1,42 : 0.3421"
"42,1 : 0.3421"
"1,43 : 0.4884"
"43,1 : 0.4884"
"1,44 : 0.6815"
"44,1 : 0.6815"
"1,45 : 0.5292"
"45,1 : 0.5292"
"1,46 : 0.3087"
"46,1 : 0.3087"
"1,47 : 0.6325"
"47,1 : 0.6325"
"1,48 : 0.1432"
"48,1 : 0.1432"
"1,49 : 0.1005"
"49,1 : 0.1005"
"1,50 : 0.4442"
"50,1 : 0.4442"
"1,51 : 0.1523"
"51,1 : 0.1523"
"1,52 : 0.6203"
"52,1 : 0.6203"
"1,53 : 0.614"
"53,1 : 0.614"
"1,54 : 0.01"
"54,1 : 0.01"
"1,55 : 0.4173"
"55,1 : 0.4173"
"1,56 : 0.3195"
"56,1 : 0.3195"
"1,57 : 0.2193"
"57,1 : 0.2193"
"1,58 : 0.3966"
"58,1 : 0.3966"
"1,59 : 0.3662"
"59,1 : 0.3662"
"1,60 : 0.5883"
"60,1 : 0.5883"
"1,61 : 0.0825"
"61,1 : 0.0825"
"1,62 : 0.408"
"62,1 : 0.408"
"1,63 : 0.3712"
"63,1 : 0.3712"
"1,64 : 0.6573"
"64,1 : 0.6573"
"1,65 : 0.4809"
"65,1 : 0.4809"
"1,66 : 0.5941"
"66,1 : 0.5941"
"1,67 : 0.6705"
"67,1 : 0.6705"
"1,68 : 0.3754"
"68,1 : 0.3754"
"1,69 : 0.197"
"69,1 : 0.197"
"1,70 : 0.6408"
"70,1 : 0.6408"
"1,71 : 0.6694"
"71,1 : 0.6694"
"1,72 : 0.3265"
"72,1 : 0.3265"
"1,73 : 0.4519"
"73,1 : 0.4519"
"1,74 : 0.6224"
"74,1 : 0.6224"
"1,75 : 0.712"
"75,1 : 0.712"
"1,76 : 0.2625"
"76,1 : 0.2625"
"1,77 : 0.4254"
"77,1 : 0.4254"
"1,78 : 0.0224"
"78,1 : 0.0224"
"1,79 : 0.4201"
"79,1 : 0.4201"
"1,80 : 0.6938"
"80,1 : 0.6938"
"1,81 : 0.6801"
"81,1 : 0.6801"
"1,82 : 0.779"
"82,1 : 0.779"
"1,83 : 0.2751"
"83,1 : 0.2751"
"1,84 : 0.3701"
"84,1 : 0.3701"
"1,85 : 0.4249"
"85,1 : 0.4249"
"1,86 : 0.5728"
"86,1 : 0.5728"
"1,87 : 0.3966"
"87,1 : 0.3966"
"1,88 : 0.3256"
"88,1 : 0.3256"
"1,89 : 0.3585"
"89,1 : 0.3585"
"1,90 : 0.7963"
"90,1 : 0.7963"
"1,91 : 0.4319"
"91,1 : 0.4319"
"1,92 : 0.2729"
"92,1 : 0.2729"
"1,93 : 0.1628"
"93,1 : 0.1628"
"1,94 : 0.1565"
"94,1 : 0.1565"
"1,95 : 0.3002"
"95,1 : 0.3002"
"1,96 : 0.1838"
"96,1 : 0.1838"
"1,97 : 0.3354"
"97,1 : 0.3354"
"1,98 : 0.5354"
"98,1 : 0.5354"
"1,99 : 0.15"
"99,1 : 0.15"
"2,3 : 0.2524"
"3,2 : 0.2524"
"2,4 : 0.3053"
"4,2 : 0.3053"
"2,5 : 0.3578"
"5,2 : 0.3578"
"2,6 : 0.2502"
"6,2 : 0.2502"
"2,7 : 0.3992"
"7,2 : 0.3992"
"2,8 : 0.164"
"8,2 : 0.164"
"2,9 : 0.3956"
"9,2 : 0.3956"
"2,10 : 0.712"
"10,2 : 0.712"
"2,11 : 0.6476"
"11,2 : 0.6476"
"2,12 : 0.5441"
"12,2 : 0.5441"
"2,13 : 0.3162"
"13,2 : 0.3162"
"2,14 : 0.3982"
"14,2 : 0.3982"
"2,15 : 0.7336"
"15,2 : 0.7336"
"2,16 : 0.1972"
"16,2 : 0.1972"
"2,17 : 0.9276"
"17,2 : 0.9276"
"2,18 : 0.0762"
"18,2 : 0.0762"
"2,19 : 0.4162"
"19,2 : 0.4162"
"2,20 : 0.2102"
"20,2 : 0.2102"
"2,21 : 0.5936"
"21,2 : 0.5936"
"2,22 : 0.6315"
"22,2 : 0.6315"
"2,23 : 0.3625"
"23,2 : 0.3625"
"2,24 : 0.8559"
"24,2 : 0.8559"
"2,25 : 0.2746"
"25,2 : 0.2746"
"2,26 : 0.5981"
"26,2 : 0.5981"
"2,27 : 0.1217"
"27,2 : 0.1217"
"2,28 : 0.37"
"28,2 : 0.37"
"2,29 : 0.4205"
"29,2 : 0.4205"
"2,30 : 0.4851"
"30,2 : 0.4851"
"2,31 : 0.4522"
"31,2 : 0.4522"
"2,32 : 0.2417"
"32,2 : 0.2417"
"2,33 : 0.1513"
"33,2 : 0.1513"
"2,34 : 0.458"
"34,2 : 0.458"
"2,35 : 0.2502"
"35,2 : 0.2502"
"2,36 : 0.2476"
"36,2 : 0.2476"
"2,37 : 0.2816"
"37,2 : 0.2816"
"2,38 : 0.4802"
"38,2 : 0.4802"
"2,39 : 0.6539"
"39,2 : 0.6539"
"2,40 : 0.6103"
"40,2 : 0.6103"
"2,41 : 0.5644"
"41,2 : 0.5644"
"2,42 : 0.6801"
"42,2 : 0.6801"
"2,43 : 0.6812"
"43,2 : 0.6812"
"2,44 : 0.8628"
"44,2 : 0.8628"
"2,45 : 0.7742"
"45,2 : 0.7742"
"2,46 : 0.1749"
"46,2 : 0.1749"
"2,47 : 0.365"
"47,2 : 0.365"
"2,48 : 0.494"
"48,2 : 0.494"
"2,49 : 0.5324"
"49,2 : 0.5324"
"2,50 : 0.7424"
"50,2 : 0.7424"
"2,51 : 0.3068"
"51,2 : 0.3068"
"2,52 : 0.3002"
"52,2 : 0.3002"
"2,53 : 0.211"
"53,2 : 0.211"
"2,54 : 0.4219"
"54,2 : 0.4219"
"2,55 : 0.2818"
"55,2 : 0.2818"
"2,56 : 0.4123"
"56,2 : 0.4123"
"2,57 : 0.6135"
"57,2 : 0.6135"
"2,58 : 0.2786"
"58,2 : 0.2786"
"2,59 : 0.2818"
"59,2 : 0.2818"
"2,60 : 0.8713"
"60,2 : 0.8713"
"2,61 : 0.4518"
"61,2 : 0.4518"
"2,62 : 0.2973"
"62,2 : 0.2973"
"2,63 : 0.3895"
"63,2 : 0.3895"
"2,64 : 0.2832"
"64,2 : 0.2832"
"2,65 : 0.5946"
"65,2 : 0.5946"
"2,66 : 0.314"
"66,2 : 0.314"
"2,67 : 0.264"
"67,2 : 0.264"
"2,68 : 0.3"
"68,2 : 0.3"
"2,69 : 0.4134"
"69,2 : 0.4134"
"2,70 : 0.264"
"70,2 : 0.264"
"2,71 : 0.6671"
"71,2 : 0.6671"
"2,72 : 0.3754"
"72,2 : 0.3754"
"2,73 : 0.2309"
"73,2 : 0.2309"
"2,74 : 0.8621"
"74,2 : 0.8621"
"2,75 : 0.5855"
"75,2 : 0.5855"
"2,76 : 0.6641"
"76,2 : 0.6641"
"2,77 : 0.1803"
"77,2 : 0.1803"
"2,78 : 0.4528"
"78,2 : 0.4528"
"2,79 : 0.5814"
"79,2 : 0.5814"
"2,80 : 0.3256"
"80,2 : 0.3256"
"2,81 : 0.892"
"81,2 : 0.892"
"2,82 : 0.422"
"82,2 : 0.422"
"2,83 : 0.214"
"83,2 : 0.214"
"2,84 : 0.3859"
"84,2 : 0.3859"
"2,85 : 0.1581"
"85,2 : 0.1581"
"2,86 : 0.7799"
"86,2 : 0.7799"
"2,87 : 0.2059"
"87,2 : 0.2059"
"2,88 : 0.5162"
"88,2 : 0.5162"
"2,89 : 0.772"
"89,2 : 0.772"
"2,90 : 0.6107"
"90,2 : 0.6107"
"2,91 : 0.5515"
"91,2 : 0.5515"
"2,92 : 0.2102"
"92,2 : 0.2102"
"2,93 : 0.5544"
"93,2 : 0.5544"
"2,94 : 0.5805"
"94,2 : 0.5805"
"2,95 : 0.3561"
"95,2 : 0.3561"
"2,96 : 0.5423"
"96,2 : 0.5423"
"2,97 : 0.6356"
"97,2 : 0.6356"
"2,98 : 0.8286"
"98,2 : 0.8286"
"2,99 : 0.3493"
"99,2 : 0.3493"
"3,4 : 0.5449"
"4,3 : 0.5449"
"3,5 : 0.4627"
"5,3 : 0.4627"
"3,6 : 0.478"
"6,3 : 0.478"
"3,7 : 0.6243"
"7,3 : 0.6243"
"3,8 : 0.4111"
"8,3 : 0.4111"
"3,9 : 0.5908"
"9,3 : 0.5908"
"3,10 : 0.9062"
"10,3 : 0.9062"
"3,11 : 0.85"
"11,3 : 0.85"
"3,12 : 0.5903"
"12,3 : 0.5903"
"3,13 : 0.4011"
"13,3 : 0.4011"
"3,14 : 0.6435"
"14,3 : 0.6435"
"3,15 : 0.9626"
"15,3 : 0.9626"
"3,16 : 0.3289"
"16,3 : 0.3289"
"3,17 : 1.1738"
"17,3 : 1.1738"
"3,18 : 0.3189"
"18,3 : 0.3189"
"3,19 : 0.6685"
"19,3 : 0.6685"
"3,20 : 0.4031"
"20,3 : 0.4031"
"3,21 : 0.6494"
"21,3 : 0.6494"
"3,22 : 0.8286"
"22,3 : 0.8286"
"3,23 : 0.3138"
"23,3 : 0.3138"
"3,24 : 1.0881"
"24,3 : 1.0881"
"3,25 : 0.5162"
"25,3 : 0.5162"
"3,26 : 0.7732"
"26,3 : 0.7732"
"3,27 : 0.3667"
"27,3 : 0.3667"
"3,28 : 0.2126"
"28,3 : 0.2126"
"3,29 : 0.6413"
"29,3 : 0.6413"
"3,30 : 0.6935"
"30,3 : 0.6935"
"3,31 : 0.5743"
"31,3 : 0.5743"
"3,32 : 0.2402"
"32,3 : 0.2402"
"3,33 : 0.3701"
"33,3 : 0.3701"
"3,34 : 0.7103"
"34,3 : 0.7103"
"3,35 : 0.1552"
"35,3 : 0.1552"
"3,36 : 0.4982"
"36,3 : 0.4982"
"3,37 : 0.5187"
"37,3 : 0.5187"
"3,38 : 0.717"
"38,3 : 0.717"
"3,39 : 0.7417"
"39,3 : 0.7417"
"3,40 : 0.6551"
"40,3 : 0.6551"
"3,41 : 0.7732"
"41,3 : 0.7732"
"3,42 : 0.8955"
"42,3 : 0.8955"
"3,43 : 0.9263"
"43,3 : 0.9263"
"3,44 : 1.112"
"44,3 : 1.112"
"3,45 : 1.0141"
"45,3 : 1.0141"
"3,46 : 0.4173"
"46,3 : 0.4173"
"3,47 : 0.5756"
"47,3 : 0.5756"
"3,48 : 0.6007"
"48,3 : 0.6007"
"3,49 : 0.6888"
"49,3 : 0.6888"
"3,50 : 0.9708"
"50,3 : 0.9708"
"3,51 : 0.4438"
"51,3 : 0.4438"
"3,52 : 0.051"
"52,3 : 0.051"
"3,53 : 0.1077"
"53,3 : 0.1077"
"3,54 : 0.5852"
"54,3 : 0.5852"
"3,55 : 0.5334"
"55,3 : 0.5334"
"3,56 : 0.6576"
"56,3 : 0.6576"
"3,57 : 0.7201"
"57,3 : 0.7201"
"3,58 : 0.2452"
"58,3 : 0.2452"
"3,59 : 0.2729"
"59,3 : 0.2729"
"3,60 : 1.106"
"60,3 : 1.106"
"3,61 : 0.6408"
"61,3 : 0.6408"
"3,62 : 0.25"
"62,3 : 0.25"
"3,63 : 0.6403"
"63,3 : 0.6403"
"3,64 : 0.0728"
"64,3 : 0.0728"
"3,65 : 0.845"
"65,3 : 0.845"
"3,66 : 0.5277"
"66,3 : 0.5277"
"3,67 : 0.3766"
"67,3 : 0.3766"
"3,68 : 0.5522"
"68,3 : 0.5522"
"3,69 : 0.4901"
"69,3 : 0.4901"
"3,70 : 0.4205"
"70,3 : 0.4205"
"3,71 : 0.9168"
"71,3 : 0.9168"
"3,72 : 0.6229"
"72,3 : 0.6229"
"3,73 : 0.1612"
"73,3 : 0.1612"
"3,74 : 1.1045"
"74,3 : 1.1045"
"3,75 : 0.8201"
"75,3 : 0.8201"
"3,76 : 0.77"
"76,3 : 0.77"
"3,77 : 0.4294"
"77,3 : 0.4294"
"3,78 : 0.6113"
"78,3 : 0.6113"
"3,79 : 0.8273"
"79,3 : 0.8273"
"3,80 : 0.1005"
"80,3 : 0.1005"
"3,81 : 1.1385"
"81,3 : 1.1385"
"3,82 : 0.5609"
"82,3 : 0.5609"
"3,83 : 0.3202"
"83,3 : 0.3202"
"3,84 : 0.3606"
"84,3 : 0.3606"
"3,85 : 0.4071"
"85,3 : 0.4071"
"3,86 : 1.0253"
"86,3 : 1.0253"
"3,87 : 0.4579"
"87,3 : 0.4579"
"3,88 : 0.5316"
"88,3 : 0.5316"
"3,89 : 0.8801"
"89,3 : 0.8801"
"3,90 : 0.8273"
"90,3 : 0.8273"
"3,91 : 0.8006"
"91,3 : 0.8006"
"3,92 : 0.446"
"92,3 : 0.446"
"3,93 : 0.7446"
"93,3 : 0.7446"
"3,94 : 0.717"
"94,3 : 0.717"
"3,95 : 0.6011"
"95,3 : 0.6011"
"3,96 : 0.64"
"96,3 : 0.64"
"3,97 : 0.8598"
"97,3 : 0.8598"
"3,98 : 1.0602"
"98,3 : 1.0602"
"3,99 : 0.5608"
"99,3 : 0.5608"
"4,5 : 0.3256"
"5,4 : 0.3256"
"4,6 : 0.2846"
"6,4 : 0.2846"
"4,7 : 0.1105"
"7,4 : 0.1105"
"4,8 : 0.1432"
"8,4 : 0.1432"
"4,9 : 0.4305"
"9,4 : 0.4305"
"4,10 : 0.441"
"10,4 : 0.441"
"4,11 : 0.3701"
"11,4 : 0.3701"
"4,12 : 0.5126"
"12,4 : 0.5126"
"4,13 : 0.34"
"13,4 : 0.34"
"4,14 : 0.103"
"14,4 : 0.103"
"4,15 : 0.4295"
"15,4 : 0.4295"
"4,16 : 0.2751"
"16,4 : 0.2751"
"4,17 : 0.6297"
"17,4 : 0.6297"
"4,18 : 0.2302"
"18,4 : 0.2302"
"4,19 : 0.1811"
"19,4 : 0.1811"
"4,20 : 0.3513"
"20,4 : 0.3513"
"4,21 : 0.5367"
"21,4 : 0.5367"
"4,22 : 0.3622"
"22,4 : 0.3622"
"4,23 : 0.5022"
"23,4 : 0.5022"
"4,24 : 0.5507"
"24,4 : 0.5507"
"4,25 : 0.2371"
"25,4 : 0.2371"
"4,26 : 0.6172"
"26,4 : 0.6172"
"4,27 : 0.2433"
"27,4 : 0.2433"
"4,28 : 0.5903"
"28,4 : 0.5903"
"4,29 : 0.3821"
"29,4 : 0.3821"
"4,30 : 0.2138"
"30,4 : 0.2138"
"4,31 : 0.3448"
"31,4 : 0.3448"
"4,32 : 0.4123"
"32,4 : 0.4123"
"4,33 : 0.178"
"33,4 : 0.178"
"4,34 : 0.2102"
"34,4 : 0.2102"
"4,35 : 0.4802"
"35,4 : 0.4802"
"4,36 : 0.0922"
"36,4 : 0.0922"
"4,37 : 0.2594"
"37,4 : 0.2594"
"4,38 : 0.1749"
"38,4 : 0.1749"
"4,39 : 0.5404"
"39,4 : 0.5404"
"4,40 : 0.5636"
"40,4 : 0.5636"
"4,41 : 0.5186"
"41,4 : 0.5186"
"4,42 : 0.3864"
"42,4 : 0.3864"
"4,43 : 0.3821"
"43,4 : 0.3821"
"4,44 : 0.572"
"44,4 : 0.572"
"4,45 : 0.4701"
"45,4 : 0.4701"
"4,46 : 0.1304"
"46,4 : 0.1304"
"4,47 : 0.3774"
"47,4 : 0.3774"
"4,48 : 0.3945"
"48,4 : 0.3945"
"4,49 : 0.3421"
"49,4 : 0.3421"
"4,50 : 0.4386"
"50,4 : 0.4386"
"4,51 : 0.2617"
"51,4 : 0.2617"
"4,52 : 0.5869"
"52,4 : 0.5869"
"4,53 : 0.5162"
"53,4 : 0.5162"
"4,54 : 0.2561"
"54,4 : 0.2561"
"4,55 : 0.1581"
"55,4 : 0.1581"
"4,56 : 0.1166"
"56,4 : 0.1166"
"4,57 : 0.4817"
"57,4 : 0.4817"
"4,58 : 0.4494"
"58,4 : 0.4494"
"4,59 : 0.4301"
"59,4 : 0.4301"
"4,60 : 0.566"
"60,4 : 0.566"
"4,61 : 0.2247"
"61,4 : 0.2247"
"4,62 : 0.4682"
"62,4 : 0.4682"
"4,63 : 0.13"
"63,4 : 0.13"
"4,64 : 0.586"
"64,4 : 0.586"
"4,65 : 0.313"
"65,4 : 0.313"
"4,66 : 0.3444"
"66,4 : 0.3444"
"4,67 : 0.47"
"67,4 : 0.47"
"4,68 : 0.1131"
"68,4 : 0.1131"
"4,69 : 0.3905"
"69,4 : 0.3905"
"4,70 : 0.423"
"70,4 : 0.423"
"4,71 : 0.4501"
"71,4 : 0.4501"
"4,72 : 0.0922"
"72,4 : 0.0922"
"4,73 : 0.4579"
"73,4 : 0.4579"
"4,74 : 0.5597"
"74,4 : 0.5597"
"4,75 : 0.4569"
"75,4 : 0.4569"
"4,76 : 0.5233"
"76,4 : 0.5233"
"4,77 : 0.2002"
"77,4 : 0.2002"
"4,78 : 0.2832"
"78,4 : 0.2832"
"4,79 : 0.2843"
"79,4 : 0.2843"
"4,80 : 0.628"
"80,4 : 0.628"
"4,81 : 0.5946"
"81,4 : 0.5946"
"4,82 : 0.5408"
"82,4 : 0.5408"
"4,83 : 0.3036"
"83,4 : 0.3036"
"4,84 : 0.4937"
"84,4 : 0.4937"
"4,85 : 0.2102"
"85,4 : 0.2102"
"4,86 : 0.481"
"86,4 : 0.481"
"4,87 : 0.1612"
"87,4 : 0.1612"
"4,88 : 0.5315"
"88,4 : 0.5315"
"4,89 : 0.6122"
"89,4 : 0.6122"
"4,90 : 0.5354"
"90,4 : 0.5354"
"4,91 : 0.2642"
"91,4 : 0.2642"
"4,92 : 0.099"
"92,4 : 0.099"
"4,93 : 0.3036"
"93,4 : 0.3036"
"4,94 : 0.4111"
"94,4 : 0.4111"
"4,95 : 0.0632"
"95,4 : 0.0632"
"4,96 : 0.441"
"96,4 : 0.441"
"4,97 : 0.3353"
"97,4 : 0.3353"
"4,98 : 0.5235"
"98,4 : 0.5235"
"4,99 : 0.1131"
"99,4 : 0.1131"
"5,6 : 0.5263"
"6,5 : 0.5263"
"5,7 : 0.314"
"7,5 : 0.314"
"5,8 : 0.322"
"8,5 : 0.322"
"5,9 : 0.6903"
"9,5 : 0.6903"
"5,10 : 0.478"
"10,5 : 0.478"
"5,11 : 0.4384"
"11,5 : 0.4384"
"5,12 : 0.2"
"12,5 : 0.2"
"5,13 : 0.0632"
"13,5 : 0.0632"
"5,14 : 0.4101"
"14,5 : 0.4101"
"5,15 : 0.5991"
"15,5 : 0.5991"
"5,16 : 0.1616"
"16,5 : 0.1616"
"5,17 : 0.8633"
"17,5 : 0.8633"
"5,18 : 0.314"
"18,5 : 0.314"
"5,19 : 0.5064"
"19,5 : 0.5064"
"5,20 : 0.5391"
"20,5 : 0.5391"
"5,21 : 0.2408"
"21,5 : 0.2408"
"5,22 : 0.4104"
"22,5 : 0.4104"
"5,23 : 0.2404"
"23,5 : 0.2404"
"5,24 : 0.7242"
"24,5 : 0.7242"
"5,25 : 0.5077"
"25,5 : 0.5077"
"5,26 : 0.894"
"26,5 : 0.894"
"5,27 : 0.4104"
"27,5 : 0.4104"
"5,28 : 0.3828"
"28,5 : 0.3828"
"5,29 : 0.6723"
"29,5 : 0.6723"
"5,30 : 0.3176"
"30,5 : 0.3176"
"5,31 : 0.1118"
"31,5 : 0.1118"
"5,32 : 0.228"
"32,5 : 0.228"
"5,33 : 0.2476"
"33,5 : 0.2476"
"5,34 : 0.5324"
"34,5 : 0.5324"
"5,35 : 0.3228"
"35,5 : 0.3228"
"5,36 : 0.3716"
"36,5 : 0.3716"
"5,37 : 0.527"
"37,5 : 0.527"
"5,38 : 0.4198"
"38,5 : 0.4198"
"5,39 : 0.2973"
"39,5 : 0.2973"
"5,40 : 0.2617"
"40,5 : 0.2617"
"5,41 : 0.8188"
"41,5 : 0.8188"
"5,42 : 0.5045"
"42,5 : 0.5045"
"5,43 : 0.6325"
"43,5 : 0.6325"
"5,44 : 0.8287"
"44,5 : 0.8287"
"5,45 : 0.6843"
"45,5 : 0.6843"
"5,46 : 0.3023"
"46,5 : 0.3023"
"5,47 : 0.644"
"47,5 : 0.644"
"5,48 : 0.1414"
"48,5 : 0.1414"
"5,49 : 0.2371"
"49,5 : 0.2371"
"5,50 : 0.6046"
"50,5 : 0.6046"
"5,51 : 0.0671"
"51,5 : 0.0671"
"5,52 : 0.4805"
"52,5 : 0.4805"
"5,53 : 0.5025"
"53,5 : 0.5025"
"5,54 : 0.1562"
"54,5 : 0.1562"
"5,55 : 0.4519"
"55,5 : 0.4519"
"5,56 : 0.42"
"56,5 : 0.42"
"5,57 : 0.2631"
"57,5 : 0.2631"
"5,58 : 0.2417"
"58,5 : 0.2417"
"5,59 : 0.2102"
"59,5 : 0.2102"
"5,60 : 0.7489"
"60,5 : 0.7489"
"5,61 : 0.2385"
"61,5 : 0.2385"
"5,62 : 0.2506"
"62,5 : 0.2506"
"5,63 : 0.454"
"63,5 : 0.454"
"5,64 : 0.5308"
"64,5 : 0.5308"
"5,65 : 0.6053"
"65,5 : 0.6053"
"5,66 : 0.5982"
"66,5 : 0.5982"
"5,67 : 0.6191"
"67,5 : 0.6191"
"5,68 : 0.4238"
"68,5 : 0.4238"
"5,69 : 0.0671"
"69,5 : 0.0671"
"5,70 : 0.6061"
"70,5 : 0.6061"
"5,71 : 0.7716"
"71,5 : 0.7716"
"5,72 : 0.4119"
"72,5 : 0.4119"
"5,73 : 0.3081"
"73,5 : 0.3081"
"5,74 : 0.7783"
"74,5 : 0.7783"
"5,75 : 0.7779"
"75,5 : 0.7779"
"5,76 : 0.314"
"76,5 : 0.314"
"5,77 : 0.4201"
"77,5 : 0.4201"
"5,78 : 0.1703"
"78,5 : 0.1703"
"5,79 : 0.5532"
"79,5 : 0.5532"
"5,80 : 0.5632"
"80,5 : 0.5632"
"5,81 : 0.8326"
"81,5 : 0.8326"
"5,82 : 0.7582"
"82,5 : 0.7582"
"5,83 : 0.153"
"83,5 : 0.153"
"5,84 : 0.2081"
"84,5 : 0.2081"
"5,85 : 0.4111"
"85,5 : 0.4111"
"5,86 : 0.7224"
"86,5 : 0.7224"
"5,87 : 0.405"
"87,5 : 0.405"
"5,88 : 0.2062"
"88,5 : 0.2062"
"5,89 : 0.4243"
"89,5 : 0.4243"
"5,90 : 0.8458"
"90,5 : 0.8458"
"5,91 : 0.5544"
"91,5 : 0.5544"
"5,92 : 0.2818"
"92,5 : 0.2818"
"5,93 : 0.3253"
"93,5 : 0.3253"
"5,94 : 0.255"
"94,5 : 0.255"
"5,95 : 0.3821"
"95,5 : 0.3821"
"5,96 : 0.1868"
"96,5 : 0.1868"
"5,97 : 0.494"
"97,5 : 0.494"
"5,98 : 0.6963"
"98,5 : 0.6963"
"5,99 : 0.2408"
"99,5 : 0.2408"
"6,7 : 0.3929"
"7,6 : 0.3929"
"6,8 : 0.2052"
"8,6 : 0.2052"
"6,9 : 0.164"
"9,6 : 0.164"
"6,10 : 0.7201"
"10,6 : 0.7201"
"6,11 : 0.6478"
"11,6 : 0.6478"
"6,12 : 0.7262"
"12,6 : 0.7262"
"6,13 : 0.5077"
"13,6 : 0.5077"
"6,14 : 0.32"
"14,6 : 0.32"
"6,15 : 0.6661"
"15,6 : 0.6661"
"6,16 : 0.3936"
"16,6 : 0.3936"
"6,17 : 0.7918"
"17,6 : 0.7918"
"6,18 : 0.2341"
"18,6 : 0.2341"
"6,19 : 0.2657"
"19,6 : 0.2657"
"6,20 : 0.1"
"20,6 : 0.1"
"6,21 : 0.7649"
"21,6 : 0.7649"
"6,22 : 0.6433"
"22,6 : 0.6433"
"6,23 : 0.6017"
"23,6 : 0.6017"
"6,24 : 0.7713"
"24,6 : 0.7713"
"6,25 : 0.0632"
"25,6 : 0.0632"
"6,26 : 0.3689"
"26,6 : 0.3689"
"6,27 : 0.1334"
"27,6 : 0.1334"
"6,28 : 0.6201"
"28,6 : 0.6201"
"6,29 : 0.1703"
"29,6 : 0.1703"
"6,30 : 0.4973"
"30,6 : 0.4973"
"6,31 : 0.588"
"31,6 : 0.588"
"6,32 : 0.4827"
"32,6 : 0.4827"
"6,33 : 0.2802"
"33,6 : 0.2802"
"6,34 : 0.3046"
"34,6 : 0.3046"
"6,35 : 0.5004"
"35,6 : 0.5004"
"6,36 : 0.1931"
"36,6 : 0.1931"
"6,37 : 0.05"
"37,6 : 0.05"
"6,38 : 0.42"
"38,6 : 0.42"
"6,39 : 0.7951"
"39,6 : 0.7951"
"6,40 : 0.7875"
"40,6 : 0.7875"
"6,41 : 0.3158"
"41,6 : 0.3158"
"6,42 : 0.6503"
"42,6 : 0.6503"
"6,43 : 0.563"
"43,6 : 0.563"
"6,44 : 0.7134"
"44,6 : 0.7134"
"6,45 : 0.6705"
"45,6 : 0.6705"
"6,46 : 0.2263"
"46,6 : 0.2263"
"6,47 : 0.1208"
"47,6 : 0.1208"
"6,48 : 0.637"
"48,6 : 0.637"
"6,49 : 0.6177"
"49,6 : 0.6177"
"6,50 : 0.676"
"50,6 : 0.676"
"6,51 : 0.461"
"51,6 : 0.461"
"6,52 : 0.5289"
"52,6 : 0.5289"
"6,53 : 0.3981"
"53,6 : 0.3981"
"6,54 : 0.5187"
"54,6 : 0.5187"
"6,55 : 0.14"
"55,6 : 0.14"
"6,56 : 0.3302"
"56,6 : 0.3302"
"6,57 : 0.742"
"57,6 : 0.742"
"6,58 : 0.5217"
"58,6 : 0.5217"
"6,59 : 0.5192"
"59,6 : 0.5192"
"6,60 : 0.7788"
"60,6 : 0.7788"
"6,61 : 0.5057"
"61,6 : 0.5057"
"6,62 : 0.5413"
"62,6 : 0.5413"
"6,63 : 0.2729"
"63,6 : 0.2729"
"6,64 : 0.4833"
"64,6 : 0.4833"
"6,65 : 0.4519"
"65,6 : 0.4519"
"6,66 : 0.0721"
"66,6 : 0.0721"
"6,67 : 0.2193"
"67,6 : 0.2193"
"6,68 : 0.1903"
"68,6 : 0.1903"
"6,69 : 0.592"
"69,6 : 0.592"
"6,70 : 0.1552"
"70,6 : 0.1552"
"6,71 : 0.4561"
"71,6 : 0.4561"
"6,72 : 0.29"
"72,6 : 0.29"
"6,73 : 0.4809"
"73,6 : 0.4809"
"6,74 : 0.7446"
"74,6 : 0.7446"
"6,75 : 0.3421"
"75,6 : 0.3421"
"6,76 : 0.7882"
"76,6 : 0.7882"
"6,77 : 0.1063"
"77,6 : 0.1063"
"6,78 : 0.5492"
"78,6 : 0.5492"
"6,79 : 0.4684"
"79,6 : 0.4684"
"6,80 : 0.5233"
"80,6 : 0.5233"
"6,81 : 0.7559"
"81,6 : 0.7559"
"6,82 : 0.2563"
"82,6 : 0.2563"
"6,83 : 0.4205"
"83,6 : 0.4205"
"6,84 : 0.6168"
"84,6 : 0.6168"
"6,85 : 0.1166"
"85,6 : 0.1166"
"6,86 : 0.6539"
"86,6 : 0.6539"
"6,87 : 0.1304"
"87,6 : 0.1304"
"6,88 : 0.7187"
"88,6 : 0.7187"
"6,89 : 0.8851"
"89,6 : 0.8851"
"6,90 : 0.3606"
"90,6 : 0.3606"
"6,91 : 0.4238"
"91,6 : 0.4238"
"6,92 : 0.2561"
"92,6 : 0.2561"
"6,93 : 0.5882"
"93,6 : 0.5882"
"6,94 : 0.6826"
"94,6 : 0.6826"
"6,95 : 0.2915"
"95,6 : 0.2915"
"6,96 : 0.6868"
"96,6 : 0.6868"
"6,97 : 0.5901"
"97,6 : 0.5901"
"6,98 : 0.7473"
"98,6 : 0.7473"
"6,99 : 0.3891"
"99,6 : 0.3891"
"7,8 : 0.2452"
"8,7 : 0.2452"
"7,9 : 0.5323"
"9,7 : 0.5323"
"7,10 : 0.3306"
"10,7 : 0.3306"
"7,11 : 0.26"
"11,7 : 0.26"
"7,12 : 0.4752"
"12,7 : 0.4752"
"7,13 : 0.3479"
"13,7 : 0.3479"
"7,14 : 0.1166"
"14,7 : 0.1166"
"7,15 : 0.3384"
"15,7 : 0.3384"
"7,16 : 0.3202"
"16,7 : 0.3202"
"7,17 : 0.5686"
"17,7 : 0.5686"
"7,18 : 0.3231"
"18,7 : 0.3231"
"7,19 : 0.2302"
"19,7 : 0.2302"
"7,20 : 0.4617"
"20,7 : 0.4617"
"7,21 : 0.4876"
"21,7 : 0.4876"
"7,22 : 0.2518"
"22,7 : 0.2518"
"7,23 : 0.528"
"23,7 : 0.528"
"7,24 : 0.464"
"24,7 : 0.464"
"7,25 : 0.3418"
"25,7 : 0.3418"
"7,26 : 0.7103"
"26,7 : 0.7103"
"7,27 : 0.3513"
"27,7 : 0.3513"
"7,28 : 0.6382"
"28,7 : 0.6382"
"7,29 : 0.4743"
"29,7 : 0.4743"
"7,30 : 0.1044"
"30,7 : 0.1044"
"7,31 : 0.2961"
"31,7 : 0.2961"
"7,32 : 0.458"
"32,7 : 0.458"
"7,33 : 0.2555"
"33,7 : 0.2555"
"7,34 : 0.2417"
"34,7 : 0.2417"
"7,35 : 0.5381"
"35,7 : 0.5381"
"7,36 : 0.2022"
"36,7 : 0.2022"
"7,37 : 0.364"
"37,7 : 0.364"
"7,38 : 0.1077"
"38,7 : 0.1077"
"7,39 : 0.4701"
"39,7 : 0.4701"
"7,40 : 0.5166"
"40,7 : 0.5166"
"7,41 : 0.6014"
"41,7 : 0.6014"
"7,42 : 0.2816"
"42,7 : 0.2816"
"7,43 : 0.3265"
"43,7 : 0.3265"
"7,44 : 0.5233"
"44,7 : 0.5233"
"7,45 : 0.397"
"45,7 : 0.397"
"7,46 : 0.228"
"46,7 : 0.228"
"7,47 : 0.4785"
"47,7 : 0.4785"
"7,48 : 0.3421"
"48,7 : 0.3421"
"7,49 : 0.2561"
"49,7 : 0.2561"
"7,50 : 0.3467"
"50,7 : 0.3467"
"7,51 : 0.2625"
"51,7 : 0.2625"
"7,52 : 0.6622"
"52,7 : 0.6622"
"7,53 : 0.6084"
"53,7 : 0.6084"
"7,54 : 0.1965"
"54,7 : 0.1965"
"7,55 : 0.26"
"55,7 : 0.26"
"7,56 : 0.1208"
"56,7 : 0.1208"
"7,57 : 0.4082"
"57,7 : 0.4082"
"7,58 : 0.4909"
"58,7 : 0.4909"
"7,59 : 0.4665"
"59,7 : 0.4665"
"7,60 : 0.4827"
"60,7 : 0.4827"
"7,61 : 0.136"
"61,7 : 0.136"
"7,62 : 0.5077"
"62,7 : 0.5077"
"7,63 : 0.178"
"63,7 : 0.178"
"7,64 : 0.6723"
"64,7 : 0.6723"
"7,65 : 0.2915"
"65,7 : 0.2915"
"7,66 : 0.4494"
"66,7 : 0.4494"
"7,67 : 0.5801"
"67,7 : 0.5801"
"7,68 : 0.2102"
"68,7 : 0.2102"
"7,69 : 0.3705"
"69,7 : 0.3705"
"7,70 : 0.5334"
"70,7 : 0.5334"
"7,71 : 0.4707"
"71,7 : 0.4707"
"7,72 : 0.1345"
"72,7 : 0.1345"
"7,73 : 0.5166"
"73,7 : 0.5166"
"7,74 : 0.4904"
"74,7 : 0.4904"
"7,75 : 0.5187"
"75,7 : 0.5187"
"7,76 : 0.4441"
"76,7 : 0.4441"
"7,77 : 0.3106"
"77,7 : 0.3106"
"7,78 : 0.2154"
"78,7 : 0.2154"
"7,79 : 0.2404"
"79,7 : 0.2404"
"7,80 : 0.7134"
"80,7 : 0.7134"
"7,81 : 0.5354"
"81,7 : 0.5354"
"7,82 : 0.6485"
"82,7 : 0.6485"
"7,83 : 0.3441"
"83,7 : 0.3441"
"7,84 : 0.5092"
"84,7 : 0.5092"
"7,85 : 0.32"
"85,7 : 0.32"
"7,86 : 0.4219"
"86,7 : 0.4219"
"7,87 : 0.2717"
"87,7 : 0.2717"
"7,88 : 0.51"
"88,7 : 0.51"
"7,89 : 0.5233"
"89,7 : 0.5233"
"7,90 : 0.6096"
"90,7 : 0.6096"
"7,91 : 0.2408"
"91,7 : 0.2408"
"7,92 : 0.1897"
"92,7 : 0.1897"
"7,93 : 0.197"
"93,7 : 0.197"
"7,94 : 0.328"
"94,7 : 0.328"
"7,95 : 0.114"
"95,7 : 0.114"
"7,96 : 0.3828"
"96,7 : 0.3828"
"7,97 : 0.2371"
"97,7 : 0.2371"
"7,98 : 0.436"
"98,7 : 0.436"
"7,99 : 0.0762"
"99,7 : 0.0762"
"8,9 : 0.3688"
"9,8 : 0.3688"
"8,10 : 0.5708"
"10,8 : 0.5708"
"8,11 : 0.5025"
"11,8 : 0.5025"
"8,12 : 0.522"
"12,8 : 0.522"
"8,13 : 0.3087"
"13,8 : 0.3087"
"8,14 : 0.2343"
"14,8 : 0.2343"
"8,15 : 0.5727"
"15,8 : 0.5727"
"8,16 : 0.204"
"16,8 : 0.204"
"8,17 : 0.7642"
"17,8 : 0.7642"
"8,18 : 0.0922"
"18,8 : 0.0922"
"8,19 : 0.264"
"19,8 : 0.264"
"8,20 : 0.2377"
"20,8 : 0.2377"
"8,21 : 0.5597"
"21,8 : 0.5597"
"8,22 : 0.4904"
"22,8 : 0.4904"
"8,23 : 0.4305"
"23,8 : 0.4305"
"8,24 : 0.6935"
"24,8 : 0.6935"
"8,25 : 0.1879"
"25,8 : 0.1879"
"8,26 : 0.572"
"26,8 : 0.572"
"8,27 : 0.1118"
"27,8 : 0.1118"
"8,28 : 0.4876"
"28,8 : 0.4876"
"8,29 : 0.3534"
"29,8 : 0.3534"
"8,30 : 0.3406"
"30,8 : 0.3406"
"8,31 : 0.3842"
"31,8 : 0.3842"
"8,32 : 0.3214"
"32,8 : 0.3214"
"8,33 : 0.0825"
"33,8 : 0.0825"
"8,34 : 0.3041"
"34,8 : 0.3041"
"8,35 : 0.37"
"35,8 : 0.37"
"8,36 : 0.0894"
"36,8 : 0.0894"
"8,37 : 0.2059"
"37,8 : 0.2059"
"8,38 : 0.3176"
"38,8 : 0.3176"
"8,39 : 0.592"
"39,8 : 0.592"
"8,40 : 0.5826"
"40,8 : 0.5826"
"8,41 : 0.5016"
"41,8 : 0.5016"
"8,42 : 0.5263"
"42,8 : 0.5263"
"8,43 : 0.5174"
"43,8 : 0.5174"
"8,44 : 0.7009"
"44,8 : 0.7009"
"8,45 : 0.6103"
"45,8 : 0.6103"
"8,46 : 0.0224"
"46,8 : 0.0224"
"8,47 : 0.322"
"47,8 : 0.322"
"8,48 : 0.4328"
"48,8 : 0.4328"
"8,49 : 0.4272"
"49,8 : 0.4272"
"8,50 : 0.5818"
"50,8 : 0.5818"
"8,51 : 0.2561"
"51,8 : 0.2561"
"8,52 : 0.4561"
"52,8 : 0.4561"
"8,53 : 0.3744"
"53,8 : 0.3744"
"8,54 : 0.322"
"54,8 : 0.322"
"8,55 : 0.15"
"55,8 : 0.15"
"8,56 : 0.2484"
"56,8 : 0.2484"
"8,57 : 0.5408"
"57,8 : 0.5408"
"8,58 : 0.3612"
"58,8 : 0.3612"
"8,59 : 0.35"
"59,8 : 0.35"
"8,60 : 0.7083"
"60,8 : 0.7083"
"8,61 : 0.3256"
"61,8 : 0.3256"
"8,62 : 0.3812"
"62,8 : 0.3812"
"8,63 : 0.2302"
"63,8 : 0.2302"
"8,64 : 0.4469"
"64,8 : 0.4469"
"8,65 : 0.4342"
"65,8 : 0.4342"
"8,66 : 0.2766"
"66,8 : 0.2766"
"8,67 : 0.3453"
"67,8 : 0.3453"
"8,68 : 0.1487"
"68,8 : 0.1487"
"8,69 : 0.3883"
"69,8 : 0.3883"
"8,70 : 0.3102"
"70,8 : 0.3102"
"8,71 : 0.5289"
"71,8 : 0.5289"
"8,72 : 0.2121"
"72,8 : 0.2121"
"8,73 : 0.3479"
"73,8 : 0.3479"
"8,74 : 0.6981"
"74,8 : 0.6981"
"8,75 : 0.4826"
"75,8 : 0.4826"
"8,76 : 0.5883"
"76,8 : 0.5883"
"8,77 : 0.099"
"77,8 : 0.099"
"8,78 : 0.3534"
"78,8 : 0.3534"
"8,79 : 0.4177"
"79,8 : 0.4177"
"8,80 : 0.4892"
"80,8 : 0.4892"
"8,81 : 0.7286"
"81,8 : 0.7286"
"8,82 : 0.4494"
"82,8 : 0.4494"
"8,83 : 0.2335"
"83,8 : 0.2335"
"8,84 : 0.4357"
"84,8 : 0.4357"
"8,85 : 0.0943"
"85,8 : 0.0943"
"8,86 : 0.6162"
"86,8 : 0.6162"
"8,87 : 0.0854"
"87,8 : 0.0854"
"8,88 : 0.5188"
"88,8 : 0.5188"
"8,89 : 0.6888"
"89,8 : 0.6888"
"8,90 : 0.5345"
"90,8 : 0.5345"
"8,91 : 0.3895"
"91,8 : 0.3895"
"8,92 : 0.0608"
"92,8 : 0.0608"
"8,93 : 0.4211"
"93,8 : 0.4211"
"8,94 : 0.4875"
"94,8 : 0.4875"
"8,95 : 0.1921"
"95,8 : 0.1921"
"8,96 : 0.4827"
"96,8 : 0.4827"
"8,97 : 0.4776"
"97,8 : 0.4776"
"8,98 : 0.6665"
"98,8 : 0.6665"
"8,99 : 0.211"
"99,8 : 0.211"
"9,10 : 0.8477"
"10,9 : 0.8477"
"9,11 : 0.7749"
"11,9 : 0.7749"
"9,12 : 0.8902"
"12,9 : 0.8902"
"9,13 : 0.6712"
"13,9 : 0.6712"
"9,14 : 0.4397"
"14,9 : 0.4397"
"9,15 : 0.7611"
"15,9 : 0.7611"
"9,16 : 0.5557"
"16,9 : 0.5557"
"9,17 : 0.8352"
"17,9 : 0.8352"
"9,18 : 0.3936"
"18,9 : 0.3936"
"9,19 : 0.3523"
"19,9 : 0.3523"
"9,20 : 0.191"
"20,9 : 0.191"
"9,21 : 0.9285"
"21,9 : 0.9285"
"9,22 : 0.7749"
"22,9 : 0.7749"
"9,23 : 0.7561"
"23,9 : 0.7561"
"9,24 : 0.8515"
"24,9 : 0.8515"
"9,25 : 0.1942"
"25,9 : 0.1942"
"9,26 : 0.2059"
"26,9 : 0.2059"
"9,27 : 0.2907"
"27,9 : 0.2907"
"9,28 : 0.758"
"28,9 : 0.758"
"9,29 : 0.0985"
"29,9 : 0.0985"
"9,30 : 0.6356"
"30,9 : 0.6356"
"9,31 : 0.7497"
"31,9 : 0.7497"
"9,32 : 0.6357"
"32,9 : 0.6357"
"9,33 : 0.4441"
"33,9 : 0.4441"
"9,34 : 0.3801"
"34,9 : 0.3801"
"9,35 : 0.6413"
"35,9 : 0.6413"
"9,36 : 0.3441"
"36,9 : 0.3441"
"9,37 : 0.172"
"37,9 : 0.172"
"9,38 : 0.536"
"38,9 : 0.536"
"9,39 : 0.9559"
"39,9 : 0.9559"
"9,40 : 0.9513"
"40,9 : 0.9513"
"9,41 : 0.1844"
"41,9 : 0.1844"
"9,42 : 0.7649"
"42,9 : 0.7649"
"9,43 : 0.6329"
"43,9 : 0.6329"
"9,44 : 0.7495"
"44,9 : 0.7495"
"9,45 : 0.7433"
"45,9 : 0.7433"
"9,46 : 0.3895"
"46,9 : 0.3895"
"9,47 : 0.0539"
"47,9 : 0.0539"
"9,48 : 0.7991"
"48,9 : 0.7991"
"9,49 : 0.771"
"49,9 : 0.771"
"9,50 : 0.771"
"50,9 : 0.771"
"9,51 : 0.6248"
"51,9 : 0.6248"
"9,52 : 0.6412"
"52,9 : 0.6412"
"9,53 : 0.495"
"53,9 : 0.495"
"9,54 : 0.6762"
"54,9 : 0.6762"
"9,55 : 0.2729"
"55,9 : 0.2729"
"9,56 : 0.4464"
"56,9 : 0.4464"
"9,57 : 0.9014"
"57,9 : 0.9014"
"9,58 : 0.6736"
"58,9 : 0.6736"
"9,59 : 0.6742"
"59,9 : 0.6742"
"9,60 : 0.8538"
"60,9 : 0.8538"
"9,61 : 0.6551"
"61,9 : 0.6551"
"9,62 : 0.6926"
"62,9 : 0.6926"
"9,63 : 0.3808"
"63,9 : 0.3808"
"9,64 : 0.5787"
"64,9 : 0.5787"
"9,65 : 0.5135"
"65,9 : 0.5135"
"9,66 : 0.0922"
"66,9 : 0.0922"
"9,67 : 0.2417"
"67,9 : 0.2417"
"9,68 : 0.322"
"68,9 : 0.322"
"9,69 : 0.756"
"69,9 : 0.756"
"9,70 : 0.1772"
"70,9 : 0.1772"
"9,71 : 0.4442"
"71,9 : 0.4442"
"9,72 : 0.4111"
"72,9 : 0.4111"
"9,73 : 0.6237"
"73,9 : 0.6237"
"9,74 : 0.8041"
"74,9 : 0.8041"
"9,75 : 0.2759"
"75,9 : 0.2759"
"9,76 : 0.9464"
"76,9 : 0.9464"
"9,77 : 0.2702"
"77,9 : 0.2702"
"9,78 : 0.706"
"78,9 : 0.706"
"9,79 : 0.55"
"79,9 : 0.55"
"9,80 : 0.6139"
"80,9 : 0.6139"
"9,81 : 0.8008"
"81,9 : 0.8008"
"9,82 : 0.1456"
"82,9 : 0.1456"
"9,83 : 0.5818"
"83,9 : 0.5818"
"9,84 : 0.7747"
"84,9 : 0.7747"
"9,85 : 0.2802"
"85,9 : 0.2802"
"9,86 : 0.712"
"86,9 : 0.712"
"9,87 : 0.29"
"87,9 : 0.29"
"9,88 : 0.882"
"88,9 : 0.882"
"9,89 : 1.0404"
"89,9 : 1.0404"
"9,90 : 0.2435"
"90,9 : 0.2435"
"9,91 : 0.5001"
"91,9 : 0.5001"
"9,92 : 0.4173"
"92,9 : 0.4173"
"9,93 : 0.7292"
"93,9 : 0.7292"
"9,94 : 0.8382"
"94,9 : 0.8382"
"9,95 : 0.4215"
"95,9 : 0.4215"
"9,96 : 0.8486"
"96,9 : 0.8486"
"9,97 : 0.7004"
"97,9 : 0.7004"
"9,98 : 0.8305"
"98,9 : 0.8305"
"9,99 : 0.5408"
"99,9 : 0.5408"
"10,11 : 0.0728"
"11,10 : 0.0728"
"10,12 : 0.5197"
"12,10 : 0.5197"
"10,13 : 0.5382"
"13,10 : 0.5382"
"10,14 : 0.408"
"14,10 : 0.408"
"10,15 : 0.2159"
"15,10 : 0.2159"
"10,16 : 0.5778"
"16,10 : 0.5778"
"10,17 : 0.4901"
"17,10 : 0.4901"
"10,18 : 0.6379"
"18,10 : 0.6379"
"10,19 : 0.5057"
"19,10 : 0.5057"
"10,20 : 0.7923"
"20,10 : 0.7923"
"10,21 : 0.4924"
"21,10 : 0.4924"
"10,22 : 0.0806"
"22,10 : 0.0806"
"10,23 : 0.717"
"23,10 : 0.717"
"10,24 : 0.3027"
"24,10 : 0.3027"
"10,25 : 0.6649"
"25,10 : 0.6649"
"10,26 : 1.0065"
"26,10 : 1.0065"
"10,27 : 0.6801"
"27,10 : 0.6801"
"10,28 : 0.8602"
"28,10 : 0.8602"
"10,29 : 0.7762"
"29,10 : 0.7762"
"10,30 : 0.2302"
"30,10 : 0.2302"
"10,31 : 0.3818"
"31,10 : 0.3818"
"10,32 : 0.6946"
"32,10 : 0.6946"
"10,33 : 0.5609"
"33,10 : 0.5609"
"10,34 : 0.4924"
"34,10 : 0.4924"
"10,35 : 0.7877"
"35,10 : 0.7877"
"10,36 : 0.5324"
"36,10 : 0.5324"
"10,37 : 0.6866"
"37,10 : 0.6866"
"10,38 : 0.3138"
"38,10 : 0.3138"
"10,39 : 0.4026"
"39,10 : 0.4026"
"10,40 : 0.52"
"40,10 : 0.52"
"10,41 : 0.8819"
"41,10 : 0.8819"
"10,42 : 0.1166"
"42,10 : 0.1166"
"10,43 : 0.3585"
"43,10 : 0.3585"
"10,44 : 0.5001"
"44,10 : 0.5001"
"10,45 : 0.3276"
"45,10 : 0.3276"
"10,46 : 0.5515"
"46,10 : 0.5515"
"10,47 : 0.794"
"47,10 : 0.794"
"10,48 : 0.392"
"48,10 : 0.392"
"10,49 : 0.2476"
"49,10 : 0.2476"
"10,50 : 0.2138"
"50,10 : 0.2138"
"10,51 : 0.4701"
"51,10 : 0.4701"
"10,52 : 0.9352"
"52,10 : 0.9352"
"10,53 : 0.9121"
"53,10 : 0.9121"
"10,54 : 0.3276"
"54,10 : 0.3276"
"10,55 : 0.5825"
"55,10 : 0.5825"
"10,56 : 0.4016"
"56,10 : 0.4016"
"10,57 : 0.3511"
"57,10 : 0.3511"
"10,58 : 0.7156"
"58,10 : 0.7156"
"10,59 : 0.6851"
"59,10 : 0.6851"
"10,60 : 0.3324"
"60,10 : 0.3324"
"10,61 : 0.2657"
"61,10 : 0.2657"
"10,62 : 0.7267"
"62,10 : 0.7267"
"10,63 : 0.4682"
"63,10 : 0.4682"
"10,64 : 0.9646"
"64,10 : 0.9646"
"10,65 : 0.4314"
"65,10 : 0.4314"
"10,66 : 0.7713"
"66,10 : 0.7713"
"10,67 : 0.9105"
"67,10 : 0.9105"
"10,68 : 0.5315"
"68,10 : 0.5315"
"10,69 : 0.495"
"69,10 : 0.495"
"10,70 : 0.8637"
"70,10 : 0.8637"
"10,71 : 0.6444"
"71,10 : 0.6444"
"10,72 : 0.4368"
"72,10 : 0.4368"
"10,73 : 0.7694"
"73,10 : 0.7694"
"10,74 : 0.4005"
"74,10 : 0.4005"
"10,75 : 0.7661"
"75,10 : 0.7661"
"10,76 : 0.3471"
"76,10 : 0.3471"
"10,77 : 0.6412"
"77,10 : 0.6412"
"10,78 : 0.3081"
"78,10 : 0.3081"
"10,79 : 0.3607"
"79,10 : 0.3607"
"10,80 : 1.003"
"80,10 : 1.003"
"10,81 : 0.4717"
"81,10 : 0.4717"
"10,82 : 0.9729"
"82,10 : 0.9729"
"10,83 : 0.5903"
"83,10 : 0.5903"
"10,84 : 0.6794"
"84,10 : 0.6794"
"10,85 : 0.6503"
"85,10 : 0.6503"
"10,86 : 0.3956"
"86,10 : 0.3956"
"10,87 : 0.6021"
"87,10 : 0.6021"
"10,88 : 0.5908"
"88,10 : 0.5908"
"10,89 : 0.3523"
"89,10 : 0.3523"
"10,90 : 0.8737"
"90,10 : 0.8737"
"10,91 : 0.4046"
"91,10 : 0.4046"
"10,92 : 0.5116"
"92,10 : 0.5116"
"10,93 : 0.1616"
"93,10 : 0.1616"
"10,94 : 0.2729"
"94,10 : 0.2729"
"10,95 : 0.4295"
"95,10 : 0.4295"
"10,96 : 0.3945"
"96,10 : 0.3945"
"10,97 : 0.1769"
"97,10 : 0.1769"
"10,98 : 0.2807"
"98,10 : 0.2807"
"10,99 : 0.3635"
"99,10 : 0.3635"
"11,12 : 0.507"
"12,11 : 0.507"
"11,13 : 0.4958"
"13,11 : 0.4958"
"11,14 : 0.3353"
"14,11 : 0.3353"
"11,15 : 0.191"
"15,11 : 0.191"
"11,16 : 0.5235"
"16,11 : 0.5235"
"11,17 : 0.4738"
"17,11 : 0.4738"
"11,18 : 0.5727"
"18,11 : 0.5727"
"11,19 : 0.4338"
"19,11 : 0.4338"
"11,20 : 0.7211"
"20,11 : 0.7211"
"11,21 : 0.4876"
"21,11 : 0.4876"
"11,22 : 0.0316"
"22,11 : 0.0316"
"11,23 : 0.6788"
"23,11 : 0.6788"
"11,24 : 0.3008"
"24,11 : 0.3008"
"11,25 : 0.5923"
"25,11 : 0.5923"
"11,26 : 0.9347"
"26,11 : 0.9347"
"11,27 : 0.6107"
"27,11 : 0.6107"
"11,28 : 0.8169"
"28,11 : 0.8169"
"11,29 : 0.7038"
"29,11 : 0.7038"
"11,30 : 0.1628"
"30,11 : 0.1628"
"11,31 : 0.3523"
"31,11 : 0.3523"
"11,32 : 0.6464"
"32,11 : 0.6464"
"11,33 : 0.4973"
"33,11 : 0.4973"
"11,34 : 0.4219"
"34,11 : 0.4219"
"11,35 : 0.7378"
"35,11 : 0.7378"
"11,36 : 0.461"
"36,11 : 0.461"
"11,37 : 0.6139"
"37,11 : 0.6139"
"11,38 : 0.2417"
"38,11 : 0.2417"
"11,39 : 0.4111"
"39,11 : 0.4111"
"11,40 : 0.5166"
"40,11 : 0.5166"
"11,41 : 0.8112"
"41,11 : 0.8112"
"11,42 : 0.0806"
"42,11 : 0.0806"
"11,43 : 0.3102"
"43,11 : 0.3102"
"11,44 : 0.471"
"44,11 : 0.471"
"11,45 : 0.3"
"45,11 : 0.3"
"11,46 : 0.4837"
"46,11 : 0.4837"
"11,47 : 0.7212"
"47,11 : 0.7212"
"11,48 : 0.3712"
"48,11 : 0.3712"
"11,49 : 0.2236"
"49,11 : 0.2236"
"11,50 : 0.1924"
"50,11 : 0.1924"
"11,51 : 0.422"
"51,11 : 0.422"
"11,52 : 0.8812"
"52,11 : 0.8812"
"11,53 : 0.8507"
"53,11 : 0.8507"
"11,54 : 0.2832"
"54,11 : 0.2832"
"11,55 : 0.5099"
"55,11 : 0.5099"
"11,56 : 0.3289"
"56,11 : 0.3289"
"11,57 : 0.3536"
"57,11 : 0.3536"
"11,58 : 0.6701"
"58,11 : 0.6701"
"11,59 : 0.6403"
"59,11 : 0.6403"
"11,60 : 0.3289"
"60,11 : 0.3289"
"11,61 : 0.211"
"61,11 : 0.211"
"11,62 : 0.6825"
"62,11 : 0.6825"
"11,63 : 0.3956"
"63,11 : 0.3956"
"11,64 : 0.9062"
"64,11 : 0.9062"
"11,65 : 0.3701"
"65,11 : 0.3701"
"11,66 : 0.6986"
"66,11 : 0.6986"
"11,67 : 0.8401"
"67,11 : 0.8401"
"11,68 : 0.4589"
"68,11 : 0.4589"
"11,69 : 0.464"
"69,11 : 0.464"
"11,70 : 0.7923"
"70,11 : 0.7923"
"11,71 : 0.5841"
"71,11 : 0.5841"
"11,72 : 0.364"
"72,11 : 0.364"
"11,73 : 0.7187"
"73,11 : 0.7187"
"11,74 : 0.3833"
"74,11 : 0.3833"
"11,75 : 0.6981"
"75,11 : 0.6981"
"11,76 : 0.36"
"76,11 : 0.36"
"11,77 : 0.5704"
"77,11 : 0.5704"
"11,78 : 0.2691"
"78,11 : 0.2691"
"11,79 : 0.2983"
"79,11 : 0.2983"
"11,80 : 0.9454"
"80,11 : 0.9454"
"11,81 : 0.451"
"81,11 : 0.451"
"11,82 : 0.9003"
"82,11 : 0.9003"
"11,83 : 0.5385"
"83,11 : 0.5385"
"11,84 : 0.6444"
"84,11 : 0.6444"
"11,85 : 0.58"
"85,11 : 0.58"
"11,86 : 0.3622"
"86,11 : 0.3622"
"11,87 : 0.5308"
"87,11 : 0.5308"
"11,88 : 0.5725"
"88,11 : 0.5725"
"11,89 : 0.386"
"89,11 : 0.386"
"11,90 : 0.8045"
"90,11 : 0.8045"
"11,91 : 0.3394"
"91,11 : 0.3394"
"11,92 : 0.4441"
"92,11 : 0.4441"
"11,93 : 0.1131"
"93,11 : 0.1131"
"11,94 : 0.2668"
"94,11 : 0.2668"
"11,95 : 0.3569"
"95,11 : 0.3569"
"11,96 : 0.3828"
"96,11 : 0.3828"
"11,97 : 0.1208"
"97,11 : 0.1208"
"11,98 : 0.2751"
"98,11 : 0.2751"
"11,99 : 0.2983"
"99,11 : 0.2983"
"12,13 : 0.228"
"13,12 : 0.228"
"12,14 : 0.5846"
"14,12 : 0.5846"
"12,15 : 0.6926"
"15,12 : 0.6926"
"12,16 : 0.3483"
"16,12 : 0.3483"
"12,17 : 0.9727"
"17,12 : 0.9727"
"12,18 : 0.5093"
"18,12 : 0.5093"
"12,19 : 0.6896"
"19,12 : 0.6896"
"12,20 : 0.7355"
"20,12 : 0.7355"
"12,21 : 0.06"
"21,12 : 0.06"
"12,22 : 0.4754"
"22,12 : 0.4754"
"12,23 : 0.2902"
"23,12 : 0.2902"
"12,24 : 0.8078"
"24,12 : 0.8078"
"12,25 : 0.7072"
"25,12 : 0.7072"
"12,26 : 1.094"
"26,12 : 1.094"
"12,27 : 0.6083"
"27,12 : 0.6083"
"12,28 : 0.4428"
"28,12 : 0.4428"
"12,29 : 0.8713"
"29,12 : 0.8713"
"12,30 : 0.441"
"30,12 : 0.441"
"12,31 : 0.1803"
"31,12 : 0.1803"
"12,32 : 0.3544"
"32,12 : 0.3544"
"12,33 : 0.4469"
"33,12 : 0.4469"
"12,34 : 0.7106"
"34,12 : 0.7106"
"12,35 : 0.4357"
"35,12 : 0.4357"
"12,36 : 0.5682"
"36,12 : 0.5682"
"12,37 : 0.7267"
"37,12 : 0.7267"
"12,38 : 0.5708"
"38,12 : 0.5708"
"12,39 : 0.1709"
"39,12 : 0.1709"
"12,40 : 0.0671"
"40,12 : 0.0671"
"12,41 : 1.0171"
"41,12 : 1.0171"
"12,42 : 0.5852"
"42,12 : 0.5852"
"12,43 : 0.7642"
"43,12 : 0.7642"
"12,44 : 0.9535"
"44,12 : 0.9535"
"12,45 : 0.7931"
"45,12 : 0.7931"
"12,46 : 0.5022"
"46,12 : 0.5022"
"12,47 : 0.844"
"47,12 : 0.844"
"12,48 : 0.1414"
"48,12 : 0.1414"
"12,49 : 0.2846"
"49,12 : 0.2846"
"12,50 : 0.6957"
"50,12 : 0.6957"
"12,51 : 0.2663"
"51,12 : 0.2663"
"12,52 : 0.593"
"52,12 : 0.593"
"12,53 : 0.6546"
"53,12 : 0.6546"
"12,54 : 0.2807"
"54,12 : 0.2807"
"12,55 : 0.6488"
"55,12 : 0.6488"
"12,56 : 0.5923"
"56,12 : 0.5923"
"12,57 : 0.1844"
"57,12 : 0.1844"
"12,58 : 0.3453"
"58,12 : 0.3453"
"12,59 : 0.3178"
"59,12 : 0.3178"
"12,60 : 0.8357"
"60,12 : 0.8357"
"12,61 : 0.3601"
"61,12 : 0.3601"
"12,62 : 0.3423"
"62,12 : 0.3423"
"12,63 : 0.636"
"63,12 : 0.636"
"12,64 : 0.6629"
"64,12 : 0.6629"
"12,65 : 0.7611"
"65,12 : 0.7611"
"12,66 : 0.7981"
"66,12 : 0.7981"
"12,67 : 0.808"
"67,12 : 0.808"
"12,68 : 0.6174"
"68,12 : 0.6174"
"12,69 : 0.1345"
"69,12 : 0.1345"
"12,70 : 0.8006"
"70,12 : 0.8006"
"12,71 : 0.9454"
"71,12 : 0.9454"
"12,72 : 0.592"
"72,12 : 0.592"
"12,73 : 0.4295"
"73,12 : 0.4295"
"12,74 : 0.8832"
"74,12 : 0.8832"
"12,75 : 0.9693"
"75,12 : 0.9693"
"12,76 : 0.2195"
"76,12 : 0.2195"
"12,77 : 0.6201"
"77,12 : 0.6201"
"12,78 : 0.2702"
"78,12 : 0.2702"
"12,79 : 0.7"
"79,12 : 0.7"
"12,80 : 0.6873"
"80,12 : 0.6873"
"12,81 : 0.9459"
"81,12 : 0.9459"
"12,82 : 0.9548"
"82,12 : 0.9548"
"12,83 : 0.3302"
"83,12 : 0.3302"
"12,84 : 0.2402"
"84,12 : 0.2402"
"12,85 : 0.6107"
"85,12 : 0.6107"
"12,86 : 0.8434"
"86,12 : 0.8434"
"12,87 : 0.6046"
"87,12 : 0.6046"
"12,88 : 0.0806"
"88,12 : 0.0806"
"12,89 : 0.3162"
"89,12 : 0.3162"
"12,90 : 1.042"
"90,12 : 1.042"
"12,91 : 0.7118"
"91,12 : 0.7118"
"12,92 : 0.4802"
"92,12 : 0.4802"
"12,93 : 0.4052"
"93,12 : 0.4052"
"12,94 : 0.247"
"94,12 : 0.247"
"12,95 : 0.5632"
"95,12 : 0.5632"
"12,96 : 0.1253"
"96,12 : 0.1253"
"12,97 : 0.5967"
"97,12 : 0.5967"
"12,98 : 0.7819"
"98,12 : 0.7819"
"12,99 : 0.4123"
"99,12 : 0.4123"
"13,14 : 0.4329"
"14,13 : 0.4329"
"13,15 : 0.65"
"15,13 : 0.65"
"13,16 : 0.1204"
"16,13 : 0.1204"
"13,17 : 0.9082"
"17,13 : 0.9082"
"13,18 : 0.2832"
"18,13 : 0.2832"
"13,19 : 0.5204"
"19,13 : 0.5204"
"13,20 : 0.5093"
"20,13 : 0.5093"
"13,21 : 0.2778"
"21,13 : 0.2778"
"13,22 : 0.4686"
"22,13 : 0.4686"
"13,23 : 0.186"
