x,y
0.5,0.1
0.44,0.04
0.87,0.12
0.06,0.76
0.95,0.01
0.09,0.82
0.56,0.24
0.05,0.15
0.38,0.31
0.17,0.87
0.75,0.71
0.51,0.04
0.58,0.06
0.19,0.11
0.48,0.66
0.67,0.27
0.65,0.64
0.04,0.8
0.37,0.08
0.13,0.93
0.67,0.95
0.23,0.38
0.96,0.86
0.47,0.0
0.06,0.67
0.6,0.98
0.36,0.94
0.98,0.17
0.61,0.95
0.26,0.73
0.69,0.24
0.49,0.67
0.96,0.19
0.67,0.42
0.25,0.93
0.31,0.75
0.89,0.85
0.28,0.37
0.78,0.25
0.2,0.57
0.94,0.26
0.7,0.02
0.42,0.54
1.0,0.87
0.92,0.23
0.5,0.88
0.15,0.98
0.99,0.67
0.93,0.14
0.21,0.4
0.74,0.99
0.82,0.3
0.28,0.66
0.81,0.35
0.5,0.37
0.14,0.3
0.74,0.22
0.71,0.28
0.2,0.67
0.96,0.87
0.92,0.02
0.83,0.55
0.62,0.86
0.88,0.92
0.13,0.42
0.15,0.6
0.13,0.66
0.63,0.73
0.27,0.41
0.72,0.6
0.7,0.04
0.84,0.53
0.24,0.51
0.13,0.09
0.26,0.37
0.38,0.16
0.24,0.48
0.44,0.27
0.77,0.63
0.41,0.8
0.03,0.88
0.41,0.34
0.35,0.18
0.95,0.34
0.26,0.39
0.28,0.54
0.87,0.46
0.21,0.88
0.54,0.82
0.12,0.03
0.05,0.95
0.02,0.96
0.48,0.78
0.18,0.37
0.66,0.82
0.64,0.15
0.48,0.88
0.79,0.23
0.29,0.06
0.19,0.29

Distanze
"0,1 : 0.0849"
"1,0 : 0.0849"
"0,2 : 0.3705"
"2,0 : 0.3705"
"0,3 : 0.7932"
"3,0 : 0.7932"
"0,4 : 0.4589"
"4,0 : 0.4589"
"0,5 : 0.8286"
"5,0 : 0.8286"
"0,6 : 0.1523"
"6,0 : 0.1523"
"0,7 : 0.4528"
"7,0 : 0.4528"
"0,8 : 0.2419"
"8,0 : 0.2419"
"0,9 : 0.8377"
"9,0 : 0.8377"
"0,10 : 0.6592"
"10,0 : 0.6592"
"0,11 : 0.0608"
"11,0 : 0.0608"
"0,12 : 0.0894"
"12,0 : 0.0894"
"0,13 : 0.3102"
"13,0 : 0.3102"
"0,14 : 0.5604"
"14,0 : 0.5604"
"0,15 : 0.2404"
"15,0 : 0.2404"
"0,16 : 0.5604"
"16,0 : 0.5604"
"0,17 : 0.8376"
"17,0 : 0.8376"
"0,18 : 0.1315"
"18,0 : 0.1315"
"0,19 : 0.9087"
"19,0 : 0.9087"
"0,20 : 0.8668"
"20,0 : 0.8668"
"0,21 : 0.389"
"21,0 : 0.389"
"0,22 : 0.8884"
"22,0 : 0.8884"
"0,23 : 0.1044"
"23,0 : 0.1044"
"0,24 : 0.7201"
"24,0 : 0.7201"
"0,25 : 0.8857"
"25,0 : 0.8857"
"0,26 : 0.8516"
"26,0 : 0.8516"
"0,27 : 0.4851"
"27,0 : 0.4851"
"0,28 : 0.8571"
"28,0 : 0.8571"
"0,29 : 0.6742"
"29,0 : 0.6742"
"0,30 : 0.236"
"30,0 : 0.236"
"0,31 : 0.5701"
"31,0 : 0.5701"
"0,32 : 0.4687"
"32,0 : 0.4687"
"0,33 : 0.3624"
"33,0 : 0.3624"
"0,34 : 0.8668"
"34,0 : 0.8668"
"0,35 : 0.6772"
"35,0 : 0.6772"
"0,36 : 0.8453"
"36,0 : 0.8453"
"0,37 : 0.3483"
"37,0 : 0.3483"
"0,38 : 0.3176"
"38,0 : 0.3176"
"0,39 : 0.5576"
"39,0 : 0.5576"
"0,40 : 0.4682"
"40,0 : 0.4682"
"0,41 : 0.2154"
"41,0 : 0.2154"
"0,42 : 0.4472"
"42,0 : 0.4472"
"0,43 : 0.9181"
"43,0 : 0.9181"
"0,44 : 0.4397"
"44,0 : 0.4397"
"0,45 : 0.78"
"45,0 : 0.78"
"0,46 : 0.947"
"46,0 : 0.947"
"0,47 : 0.7517"
"47,0 : 0.7517"
"0,48 : 0.4319"
"48,0 : 0.4319"
"0,49 : 0.4173"
"49,0 : 0.4173"
"0,50 : 0.9218"
"50,0 : 0.9218"
"0,51 : 0.3774"
"51,0 : 0.3774"
"0,52 : 0.6017"
"52,0 : 0.6017"
"0,53 : 0.3982"
"53,0 : 0.3982"
"0,54 : 0.27"
"54,0 : 0.27"
"0,55 : 0.4118"
"55,0 : 0.4118"
"0,56 : 0.2683"
"56,0 : 0.2683"
"0,57 : 0.2766"
"57,0 : 0.2766"
"0,58 : 0.6441"
"58,0 : 0.6441"
"0,59 : 0.8969"
"59,0 : 0.8969"
"0,60 : 0.4276"
"60,0 : 0.4276"
"0,61 : 0.558"
"61,0 : 0.558"
"0,62 : 0.7694"
"62,0 : 0.7694"
"0,63 : 0.9038"
"63,0 : 0.9038"
"0,64 : 0.4892"
"64,0 : 0.4892"
"0,65 : 0.6103"
"65,0 : 0.6103"
"0,66 : 0.6712"
"66,0 : 0.6712"
"0,67 : 0.6433"
"67,0 : 0.6433"
"0,68 : 0.386"
"68,0 : 0.386"
"0,69 : 0.5463"
"69,0 : 0.5463"
"0,70 : 0.2088"
"70,0 : 0.2088"
"0,71 : 0.5482"
"71,0 : 0.5482"
"0,72 : 0.4855"
"72,0 : 0.4855"
"0,73 : 0.3701"
"73,0 : 0.3701"
"0,74 : 0.3612"
"74,0 : 0.3612"
"0,75 : 0.1342"
"75,0 : 0.1342"
"0,76 : 0.4604"
"76,0 : 0.4604"
"0,77 : 0.1803"
"77,0 : 0.1803"
"0,78 : 0.5948"
"78,0 : 0.5948"
"0,79 : 0.7058"
"79,0 : 0.7058"
"0,80 : 0.9107"
"80,0 : 0.9107"
"0,81 : 0.2563"
"81,0 : 0.2563"
"0,82 : 0.17"
"82,0 : 0.17"
"0,83 : 0.51"
"83,0 : 0.51"
"0,84 : 0.3764"
"84,0 : 0.3764"
"0,85 : 0.4919"
"85,0 : 0.4919"
"0,86 : 0.5162"
"86,0 : 0.5162"
"0,87 : 0.8322"
"87,0 : 0.8322"
"0,88 : 0.7211"
"88,0 : 0.7211"
"0,89 : 0.3864"
"89,0 : 0.3864"
"0,90 : 0.9618"
"90,0 : 0.9618"
"0,91 : 0.9849"
"91,0 : 0.9849"
"0,92 : 0.6803"
"92,0 : 0.6803"
"0,93 : 0.4187"
"93,0 : 0.4187"
"0,94 : 0.7376"
"94,0 : 0.7376"
"0,95 : 0.1487"
"95,0 : 0.1487"
"0,96 : 0.7803"
"96,0 : 0.7803"
"0,97 : 0.3178"
"97,0 : 0.3178"
"0,98 : 0.2138"
"98,0 : 0.2138"
"0,99 : 0.3636"
"99,0 : 0.3636"
"1,2 : 0.4374"
"2,1 : 0.4374"
"1,3 : 0.8141"
"3,1 : 0.8141"
"1,4 : 0.5109"
"4,1 : 0.5109"
"1,5 : 0.8549"
"5,1 : 0.8549"
"1,6 : 0.2332"
"6,1 : 0.2332"
"1,7 : 0.4052"
"7,1 : 0.4052"
"1,8 : 0.2766"
"8,1 : 0.2766"
"1,9 : 0.8728"
"9,1 : 0.8728"
"1,10 : 0.7382"
"10,1 : 0.7382"
"1,11 : 0.07"
"11,1 : 0.07"
"1,12 : 0.1414"
"12,1 : 0.1414"
"1,13 : 0.2596"
"13,1 : 0.2596"
"1,14 : 0.6213"
"14,1 : 0.6213"
"1,15 : 0.3253"
"15,1 : 0.3253"
"1,16 : 0.6357"
"16,1 : 0.6357"
"1,17 : 0.8588"
"17,1 : 0.8588"
"1,18 : 0.0806"
"18,1 : 0.0806"
"1,19 : 0.9424"
"19,1 : 0.9424"
"1,20 : 0.9386"
"20,1 : 0.9386"
"1,21 : 0.3996"
"21,1 : 0.3996"
"1,22 : 0.971"
"22,1 : 0.971"
"1,23 : 0.05"
"23,1 : 0.05"
"1,24 : 0.7357"
"24,1 : 0.7357"
"1,25 : 0.9535"
"25,1 : 0.9535"
"1,26 : 0.9035"
"26,1 : 0.9035"
"1,27 : 0.5554"
"27,1 : 0.5554"
"1,28 : 0.9257"
"28,1 : 0.9257"
"1,29 : 0.7131"
"29,1 : 0.7131"
"1,30 : 0.3202"
"30,1 : 0.3202"
"1,31 : 0.632"
"31,1 : 0.632"
"1,32 : 0.5412"
"32,1 : 0.5412"
"1,33 : 0.4442"
"33,1 : 0.4442"
"1,34 : 0.9101"
"34,1 : 0.9101"
"1,35 : 0.7218"
"35,1 : 0.7218"
"1,36 : 0.9266"
"36,1 : 0.9266"
"1,37 : 0.3667"
"37,1 : 0.3667"
"1,38 : 0.3996"
"38,1 : 0.3996"
"1,39 : 0.5818"
"39,1 : 0.5818"
"1,40 : 0.5463"
"40,1 : 0.5463"
"1,41 : 0.2608"
"41,1 : 0.2608"
"1,42 : 0.5004"
"42,1 : 0.5004"
"1,43 : 1.0012"
"43,1 : 1.0012"
"1,44 : 0.5162"
"44,1 : 0.5162"
"1,45 : 0.8421"
"45,1 : 0.8421"
"1,46 : 0.9837"
"46,1 : 0.9837"
"1,47 : 0.8363"
"47,1 : 0.8363"
"1,48 : 0.5001"
"48,1 : 0.5001"
"1,49 : 0.4272"
"49,1 : 0.4272"
"1,50 : 0.9962"
"50,1 : 0.9962"
"1,51 : 0.4604"
"51,1 : 0.4604"
"1,52 : 0.6403"
"52,1 : 0.6403"
"1,53 : 0.4827"
"53,1 : 0.4827"
"1,54 : 0.3354"
"54,1 : 0.3354"
"1,55 : 0.397"
"55,1 : 0.397"
"1,56 : 0.3499"
"56,1 : 0.3499"
"1,57 : 0.3612"
"57,1 : 0.3612"
"1,58 : 0.6742"
"58,1 : 0.6742"
"1,59 : 0.9794"
"59,1 : 0.9794"
"1,60 : 0.4804"
"60,1 : 0.4804"
"1,61 : 0.642"
"61,1 : 0.642"
"1,62 : 0.8395"
"62,1 : 0.8395"
"1,63 : 0.9839"
"63,1 : 0.9839"
"1,64 : 0.4904"
"64,1 : 0.4904"
"1,65 : 0.6306"
"65,1 : 0.6306"
"1,66 : 0.6932"
"66,1 : 0.6932"
"1,67 : 0.7157"
"67,1 : 0.7157"
"1,68 : 0.4072"
"68,1 : 0.4072"
"1,69 : 0.6261"
"69,1 : 0.6261"
"1,70 : 0.26"
"70,1 : 0.26"
"1,71 : 0.6325"
"71,1 : 0.6325"
"1,72 : 0.5108"
"72,1 : 0.5108"
"1,73 : 0.314"
"73,1 : 0.314"
"1,74 : 0.3759"
"74,1 : 0.3759"
"1,75 : 0.1342"
"75,1 : 0.1342"
"1,76 : 0.4833"
"76,1 : 0.4833"
"1,77 : 0.23"
"77,1 : 0.23"
"1,78 : 0.676"
"78,1 : 0.676"
"1,79 : 0.7606"
"79,1 : 0.7606"
"1,80 : 0.9347"
"80,1 : 0.9347"
"1,81 : 0.3015"
"81,1 : 0.3015"
"1,82 : 0.1664"
"82,1 : 0.1664"
"1,83 : 0.5917"
"83,1 : 0.5917"
"1,84 : 0.3936"
"84,1 : 0.3936"
"1,85 : 0.525"
"85,1 : 0.525"
"1,86 : 0.6011"
"86,1 : 0.6011"
"1,87 : 0.8709"
"87,1 : 0.8709"
"1,88 : 0.7864"
"88,1 : 0.7864"
"1,89 : 0.3202"
"89,1 : 0.3202"
"1,90 : 0.9901"
"90,1 : 0.9901"
"1,91 : 1.0113"
"91,1 : 1.0113"
"1,92 : 0.7411"
"92,1 : 0.7411"
"1,93 : 0.4201"
"93,1 : 0.4201"
"1,94 : 0.8104"
"94,1 : 0.8104"
"1,95 : 0.2283"
"95,1 : 0.2283"
"1,96 : 0.841"
"96,1 : 0.841"
"1,97 : 0.3982"
"97,1 : 0.3982"
"1,98 : 0.1513"
"98,1 : 0.1513"
"1,99 : 0.3536"
"99,1 : 0.3536"
"2,3 : 1.0323"
"3,2 : 1.0323"
"2,4 : 0.136"
"4,2 : 0.136"
"2,5 : 1.048"
"5,2 : 1.048"
"2,6 : 0.3324"
"6,2 : 0.3324"
"2,7 : 0.8205"
"7,2 : 0.8205"
"2,8 : 0.5255"
"8,2 : 0.5255"
"2,9 : 1.0259"
"9,2 : 1.0259"
"2,10 : 0.6021"
"10,2 : 0.6021"
"2,11 : 0.3688"
"11,2 : 0.3688"
"2,12 : 0.2961"
"12,2 : 0.2961"
"2,13 : 0.6801"
"13,2 : 0.6801"
"2,14 : 0.6661"
"14,2 : 0.6661"
"2,15 : 0.25"
"15,2 : 0.25"
"2,16 : 0.5646"
"16,2 : 0.5646"
"2,17 : 1.073"
"17,2 : 1.073"
"2,18 : 0.5016"
"18,2 : 0.5016"
"2,19 : 1.0971"
"19,2 : 1.0971"
"2,20 : 0.8538"
"20,2 : 0.8538"
"2,21 : 0.6908"
"21,2 : 0.6908"
"2,22 : 0.7455"
"22,2 : 0.7455"
"2,23 : 0.4176"
"23,2 : 0.4176"
"2,24 : 0.9791"
"24,2 : 0.9791"
"2,25 : 0.9014"
"25,2 : 0.9014"
"2,26 : 0.9657"
"26,2 : 0.9657"
"2,27 : 0.1208"
"27,2 : 0.1208"
"2,28 : 0.8698"
"28,2 : 0.8698"
"2,29 : 0.8627"
"29,2 : 0.8627"
"2,30 : 0.2163"
"30,2 : 0.2163"
"2,31 : 0.6685"
"31,2 : 0.6685"
"2,32 : 0.114"
"32,2 : 0.114"
"2,33 : 0.3606"
"33,2 : 0.3606"
"2,34 : 1.02"
"34,2 : 1.02"
"2,35 : 0.8429"
"35,2 : 0.8429"
"2,36 : 0.7303"
"36,2 : 0.7303"
"2,37 : 0.6408"
"37,2 : 0.6408"
"2,38 : 0.1581"
"38,2 : 0.1581"
"2,39 : 0.8071"
"39,2 : 0.8071"
"2,40 : 0.1565"
"40,2 : 0.1565"
"2,41 : 0.1972"
"41,2 : 0.1972"
"2,42 : 0.6155"
"42,2 : 0.6155"
"2,43 : 0.7612"
"43,2 : 0.7612"
"2,44 : 0.1208"
"44,2 : 0.1208"
"2,45 : 0.8453"
"45,2 : 0.8453"
"2,46 : 1.1216"
"46,2 : 1.1216"
"2,47 : 0.5629"
"47,2 : 0.5629"
"2,48 : 0.0632"
"48,2 : 0.0632"
"2,49 : 0.7169"
"49,2 : 0.7169"
"2,50 : 0.8797"
"50,2 : 0.8797"
"2,51 : 0.1868"
"51,2 : 0.1868"
"2,52 : 0.7998"
"52,2 : 0.7998"
"2,53 : 0.2377"
"53,2 : 0.2377"
"2,54 : 0.4465"
"54,2 : 0.4465"
"2,55 : 0.7519"
"55,2 : 0.7519"
"2,56 : 0.164"
"56,2 : 0.164"
"2,57 : 0.2263"
"57,2 : 0.2263"
"2,58 : 0.8668"
"58,2 : 0.8668"
"2,59 : 0.7554"
"59,2 : 0.7554"
"2,60 : 0.1118"
"60,2 : 0.1118"
"2,61 : 0.4319"
"61,2 : 0.4319"
"2,62 : 0.7811"
"62,2 : 0.7811"
"2,63 : 0.8001"
"63,2 : 0.8001"
"2,64 : 0.7985"
"64,2 : 0.7985"
"2,65 : 0.8653"
"65,2 : 0.8653"
"2,66 : 0.9161"
"66,2 : 0.9161"
"2,67 : 0.6555"
"67,2 : 0.6555"
"2,68 : 0.6664"
"68,2 : 0.6664"
"2,69 : 0.5029"
"69,2 : 0.5029"
"2,70 : 0.1879"
"70,2 : 0.1879"
"2,71 : 0.4111"
"71,2 : 0.4111"
"2,72 : 0.7409"
"72,2 : 0.7409"
"2,73 : 0.7406"
"73,2 : 0.7406"
"2,74 : 0.6592"
"74,2 : 0.6592"
"2,75 : 0.4916"
"75,2 : 0.4916"
"2,76 : 0.7256"
"76,2 : 0.7256"
"2,77 : 0.4554"
"77,2 : 0.4554"
"2,78 : 0.5197"
"78,2 : 0.5197"
"2,79 : 0.821"
"79,2 : 0.821"
"2,80 : 1.1328"
"80,2 : 1.1328"
"2,81 : 0.5099"
"81,2 : 0.5099"
"2,82 : 0.5235"
"82,2 : 0.5235"
"2,83 : 0.2341"
"83,2 : 0.2341"
"2,84 : 0.6671"
"84,2 : 0.6671"
"2,85 : 0.7242"
"85,2 : 0.7242"
"2,86 : 0.34"
"86,2 : 0.34"
"2,87 : 1.0066"
"87,2 : 1.0066"
"2,88 : 0.7739"
"88,2 : 0.7739"
"2,89 : 0.7554"
"89,2 : 0.7554"
"2,90 : 1.1667"
"90,2 : 1.1667"
"2,91 : 1.195"
"91,2 : 1.195"
"2,92 : 0.7666"
"92,2 : 0.7666"
"2,93 : 0.7339"
"93,2 : 0.7339"
"2,94 : 0.7308"
"94,2 : 0.7308"
"2,95 : 0.2319"
"95,2 : 0.2319"
"2,96 : 0.8542"
"96,2 : 0.8542"
"2,97 : 0.136"
"97,2 : 0.136"
"2,98 : 0.5831"
"98,2 : 0.5831"
"2,99 : 0.7009"
"99,2 : 0.7009"
"3,4 : 1.1639"
"4,3 : 1.1639"
"3,5 : 0.0671"
"5,3 : 0.0671"
"3,6 : 0.7214"
"6,3 : 0.7214"
"3,7 : 0.6101"
"7,3 : 0.6101"
"3,8 : 0.5522"
"8,3 : 0.5522"
"3,9 : 0.1556"
"9,3 : 0.1556"
"3,10 : 0.6918"
"10,3 : 0.6918"
"3,11 : 0.8491"
"11,3 : 0.8491"
"3,12 : 0.872"
"12,3 : 0.872"
"3,13 : 0.6629"
"13,3 : 0.6629"
"3,14 : 0.4317"
"14,3 : 0.4317"
"3,15 : 0.7824"
"15,3 : 0.7824"
"3,16 : 0.6021"
"16,3 : 0.6021"
"3,17 : 0.0447"
"17,3 : 0.0447"
"3,18 : 0.7473"
"18,3 : 0.7473"
"3,19 : 0.1838"
"19,3 : 0.1838"
"3,20 : 0.6389"
"20,3 : 0.6389"
"3,21 : 0.4163"
"21,3 : 0.4163"
"3,22 : 0.9055"
"22,3 : 0.9055"
"3,23 : 0.8635"
"23,3 : 0.8635"
"3,24 : 0.09"
"24,3 : 0.09"
"3,25 : 0.5831"
"25,3 : 0.5831"
"3,26 : 0.3499"
"26,3 : 0.3499"
"3,27 : 1.0929"
"27,3 : 1.0929"
"3,28 : 0.5819"
"28,3 : 0.5819"
"3,29 : 0.2022"
"29,3 : 0.2022"
"3,30 : 0.8169"
"30,3 : 0.8169"
"3,31 : 0.4393"
"31,3 : 0.4393"
"3,32 : 1.0653"
"32,3 : 1.0653"
"3,33 : 0.6984"
"33,3 : 0.6984"
"3,34 : 0.255"
"34,3 : 0.255"
"3,35 : 0.2502"
"35,3 : 0.2502"
"3,36 : 0.8349"
"36,3 : 0.8349"
"3,37 : 0.4478"
"37,3 : 0.4478"
"3,38 : 0.8823"
"38,3 : 0.8823"
"3,39 : 0.236"
"39,3 : 0.236"
"3,40 : 1.0121"
"40,3 : 1.0121"
"3,41 : 0.9784"
"41,3 : 0.9784"
"3,42 : 0.4219"
"42,3 : 0.4219"
"3,43 : 0.9464"
"43,3 : 0.9464"
"3,44 : 1.0102"
"44,3 : 1.0102"
"3,45 : 0.4561"
"45,3 : 0.4561"
"3,46 : 0.2377"
"46,3 : 0.2377"
"3,47 : 0.9343"
"47,3 : 0.9343"
"3,48 : 1.0683"
"48,3 : 1.0683"
"3,49 : 0.39"
"49,3 : 0.39"
"3,50 : 0.7178"
"50,3 : 0.7178"
"3,51 : 0.8884"
"51,3 : 0.8884"
"3,52 : 0.2417"
"52,3 : 0.2417"
"3,53 : 0.8548"
"53,3 : 0.8548"
"3,54 : 0.588"
"54,3 : 0.588"
"3,55 : 0.4669"
"55,3 : 0.4669"
"3,56 : 0.8683"
"56,3 : 0.8683"
"3,57 : 0.808"
"57,3 : 0.808"
"3,58 : 0.1664"
"58,3 : 0.1664"
"3,59 : 0.9067"
"59,3 : 0.9067"
"3,60 : 1.1345"
"60,3 : 1.1345"
"3,61 : 0.7981"
"61,3 : 0.7981"
"3,62 : 0.5689"
"62,3 : 0.5689"
"3,63 : 0.8355"
"63,3 : 0.8355"
"3,64 : 0.3471"
"64,3 : 0.3471"
"3,65 : 0.1836"
"65,3 : 0.1836"
"3,66 : 0.1221"
"66,3 : 0.1221"
"3,67 : 0.5708"
"67,3 : 0.5708"
"3,68 : 0.4082"
"68,3 : 0.4082"
"3,69 : 0.6791"
"69,3 : 0.6791"
"3,70 : 0.9633"
"70,3 : 0.9633"
"3,71 : 0.8132"
"71,3 : 0.8132"
"3,72 : 0.3081"
"72,3 : 0.3081"
"3,73 : 0.6736"
"73,3 : 0.6736"
"3,74 : 0.4383"
"74,3 : 0.4383"
"3,75 : 0.68"
"75,3 : 0.68"
"3,76 : 0.3329"
"76,3 : 0.3329"
"3,77 : 0.6201"
"77,3 : 0.6201"
"3,78 : 0.7218"
"78,3 : 0.7218"
"3,79 : 0.3523"
"79,3 : 0.3523"
"3,80 : 0.1237"
"80,3 : 0.1237"
"3,81 : 0.5467"
"81,3 : 0.5467"
"3,82 : 0.6485"
"82,3 : 0.6485"
"3,83 : 0.9841"
"83,3 : 0.9841"
"3,84 : 0.4206"
"84,3 : 0.4206"
"3,85 : 0.3111"
"85,3 : 0.3111"
"3,86 : 0.8638"
"86,3 : 0.8638"
"3,87 : 0.1921"
"87,3 : 0.1921"
"3,88 : 0.4837"
"88,3 : 0.4837"
"3,89 : 0.7325"
"89,3 : 0.7325"
"3,90 : 0.1903"
"90,3 : 0.1903"
"3,91 : 0.204"
"91,3 : 0.204"
"3,92 : 0.4205"
"92,3 : 0.4205"
"3,93 : 0.408"
"93,3 : 0.408"
"3,94 : 0.603"
"94,3 : 0.603"
"3,95 : 0.8417"
"95,3 : 0.8417"
"3,96 : 0.4368"
"96,3 : 0.4368"
"3,97 : 0.9021"
"97,3 : 0.9021"
"3,98 : 0.7368"
"98,3 : 0.7368"
"3,99 : 0.4876"
"99,3 : 0.4876"
"4,5 : 1.1814"
"5,4 : 1.1814"
"4,6 : 0.4528"
"6,4 : 0.4528"
"4,7 : 0.9108"
"7,4 : 0.9108"
"4,8 : 0.6441"
"8,4 : 0.6441"
"4,9 : 1.161"
"9,4 : 1.161"
"4,10 : 0.728"
"10,4 : 0.728"
"4,11 : 0.441"
"11,4 : 0.441"
"4,12 : 0.3734"
"12,4 : 0.3734"
"4,13 : 0.7666"
"13,4 : 0.7666"
"4,14 : 0.8021"
"14,4 : 0.8021"
"4,15 : 0.3821"
"15,4 : 0.3821"
"4,16 : 0.6978"
"16,4 : 0.6978"
"4,17 : 1.2051"
"17,4 : 1.2051"
"4,18 : 0.5842"
"18,4 : 0.5842"
"4,19 : 1.2324"
"19,4 : 1.2324"
"4,20 : 0.9808"
"20,4 : 0.9808"
"4,21 : 0.8095"
"21,4 : 0.8095"
"4,22 : 0.8501"
"22,4 : 0.8501"
"4,23 : 0.4801"
"23,4 : 0.4801"
"4,24 : 1.108"
"24,4 : 1.108"
"4,25 : 1.0312"
"25,4 : 1.0312"
"4,26 : 1.1014"
"26,4 : 1.1014"
"4,27 : 0.1628"
"27,4 : 0.1628"
"4,28 : 0.9996"
"28,4 : 0.9996"
"4,29 : 0.9972"
"29,4 : 0.9972"
"4,30 : 0.3471"
"30,4 : 0.3471"
"4,31 : 0.8045"
"31,4 : 0.8045"
"4,32 : 0.1803"
"32,4 : 0.1803"
"4,33 : 0.4965"
"33,4 : 0.4965"
"4,34 : 1.156"
"34,4 : 1.156"
"4,35 : 0.9784"
"35,4 : 0.9784"
"4,36 : 0.8421"
"36,4 : 0.8421"
"4,37 : 0.7606"
"37,4 : 0.7606"
"4,38 : 0.2941"
"38,4 : 0.2941"
"4,39 : 0.936"
"39,4 : 0.936"
"4,40 : 0.2502"
"40,4 : 0.2502"
"4,41 : 0.2502"
"41,4 : 0.2502"
"4,42 : 0.7495"
"42,4 : 0.7495"
"4,43 : 0.8615"
"43,4 : 0.8615"
"4,44 : 0.222"
"44,4 : 0.222"
"4,45 : 0.9795"
"45,4 : 0.9795"
"4,46 : 1.2573"
"46,4 : 1.2573"
"4,47 : 0.6612"
"47,4 : 0.6612"
"4,48 : 0.1315"
"48,4 : 0.1315"
"4,49 : 0.8365"
"49,4 : 0.8365"
"4,50 : 1.0022"
"50,4 : 1.0022"
"4,51 : 0.3178"
"51,4 : 0.3178"
"4,52 : 0.9335"
"52,4 : 0.9335"
"4,53 : 0.3677"
"53,4 : 0.3677"
"4,54 : 0.5763"
"54,4 : 0.5763"
"4,55 : 0.8603"
"55,4 : 0.8603"
"4,56 : 0.297"
"56,4 : 0.297"
"4,57 : 0.3612"
"57,4 : 0.3612"
"4,58 : 0.999"
"58,4 : 0.999"
"4,59 : 0.8601"
"59,4 : 0.8601"
"4,60 : 0.0316"
"60,4 : 0.0316"
"4,61 : 0.5532"
"61,4 : 0.5532"
"4,62 : 0.9118"
"62,4 : 0.9118"
"4,63 : 0.9127"
"63,4 : 0.9127"
"4,64 : 0.9168"
"64,4 : 0.9168"
"4,65 : 0.994"
"65,4 : 0.994"
"4,66 : 1.0464"
"66,4 : 1.0464"
"4,67 : 0.7879"
"67,4 : 0.7879"
"4,68 : 0.7889"
"68,4 : 0.7889"
"4,69 : 0.6332"
"69,4 : 0.6332"
"4,70 : 0.2518"
"70,4 : 0.2518"
"4,71 : 0.5315"
"71,4 : 0.5315"
"4,72 : 0.8684"
"72,4 : 0.8684"
"4,73 : 0.8239"
"73,4 : 0.8239"
"4,74 : 0.7783"
"74,4 : 0.7783"
"4,75 : 0.5894"
"75,4 : 0.5894"
"4,76 : 0.8515"
"76,4 : 0.8515"
"4,77 : 0.5725"
"77,4 : 0.5725"
"4,78 : 0.6456"
"78,4 : 0.6456"
"4,79 : 0.9569"
"79,4 : 0.9569"
"4,80 : 1.2662"
"80,4 : 1.2662"
"4,81 : 0.6329"
"81,4 : 0.6329"
"4,82 : 0.6236"
"82,4 : 0.6236"
"4,83 : 0.33"
"83,4 : 0.33"
"4,84 : 0.7877"
"84,4 : 0.7877"
"4,85 : 0.8543"
"85,4 : 0.8543"
"4,86 : 0.4571"
"86,4 : 0.4571"
"4,87 : 1.1421"
"87,4 : 1.1421"
"4,88 : 0.9079"
"88,4 : 0.9079"
"4,89 : 0.8302"
"89,4 : 0.8302"
"4,90 : 1.3014"
"90,4 : 1.3014"
"4,91 : 1.3294"
"91,4 : 1.3294"
"4,92 : 0.9021"
"92,4 : 0.9021"
"4,93 : 0.85"
"93,4 : 0.85"
"4,94 : 0.8603"
"94,4 : 0.8603"
"4,95 : 0.3401"
"95,4 : 0.3401"
"4,96 : 0.9888"
"96,4 : 0.9888"
"4,97 : 0.272"
"97,4 : 0.272"
"4,98 : 0.6619"
"98,4 : 0.6619"
"4,99 : 0.8099"
"99,4 : 0.8099"
"5,6 : 0.7465"
"6,5 : 0.7465"
"5,7 : 0.6712"
"7,5 : 0.6712"
"5,8 : 0.5867"
"8,5 : 0.5867"
"5,9 : 0.0943"
"9,5 : 0.0943"
"5,10 : 0.6691"
"10,5 : 0.6691"
"5,11 : 0.8859"
"11,5 : 0.8859"
"5,12 : 0.9043"
"12,5 : 0.9043"
"5,13 : 0.717"
"13,5 : 0.717"
"5,14 : 0.4215"
"14,5 : 0.4215"
"5,15 : 0.7993"
"15,5 : 0.7993"
"5,16 : 0.5882"
"16,5 : 0.5882"
"5,17 : 0.0539"
"17,5 : 0.0539"
"5,18 : 0.7912"
"18,5 : 0.7912"
"5,19 : 0.117"
"19,5 : 0.117"
"5,20 : 0.5944"
"20,5 : 0.5944"
"5,21 : 0.4617"
"21,5 : 0.4617"
"5,22 : 0.8709"
"22,5 : 0.8709"
"5,23 : 0.9038"
"23,5 : 0.9038"
"5,24 : 0.153"
"24,5 : 0.153"
"5,25 : 0.5345"
"25,5 : 0.5345"
"5,26 : 0.2955"
"26,5 : 0.2955"
"5,27 : 1.1021"
"27,5 : 1.1021"
"5,28 : 0.536"
"28,5 : 0.536"
"5,29 : 0.1924"
"29,5 : 0.1924"
"5,30 : 0.8345"
"30,5 : 0.8345"
"5,31 : 0.4272"
"31,5 : 0.4272"
"5,32 : 1.0742"
"32,5 : 1.0742"
"5,33 : 0.7046"
"33,5 : 0.7046"
"5,34 : 0.1942"
"34,5 : 0.1942"
"5,35 : 0.2309"
"35,5 : 0.2309"
"5,36 : 0.8006"
"36,5 : 0.8006"
"5,37 : 0.4885"
"37,5 : 0.4885"
"5,38 : 0.895"
"38,5 : 0.895"
"5,39 : 0.2731"
"39,5 : 0.2731"
"5,40 : 1.0179"
"40,5 : 1.0179"
"5,41 : 1.006"
"41,5 : 1.006"
"5,42 : 0.4328"
"42,5 : 0.4328"
"5,43 : 0.9114"
"43,5 : 0.9114"
"5,44 : 1.0183"
"44,5 : 1.0183"
"5,45 : 0.4144"
"45,5 : 0.4144"
"5,46 : 0.1709"
"46,5 : 0.1709"
"5,47 : 0.9124"
"47,5 : 0.9124"
"5,48 : 1.0807"
"48,5 : 1.0807"
"5,49 : 0.4368"
"49,5 : 0.4368"
"5,50 : 0.6719"
"50,5 : 0.6719"
"5,51 : 0.8963"
"51,5 : 0.8963"
"5,52 : 0.2484"
"52,5 : 0.2484"
"5,53 : 0.8598"
"53,5 : 0.8598"
"5,54 : 0.6088"
"54,5 : 0.6088"
"5,55 : 0.5224"
"55,5 : 0.5224"
"5,56 : 0.8846"
"56,5 : 0.8846"
"5,57 : 0.8222"
"57,5 : 0.8222"
"5,58 : 0.186"
"58,5 : 0.186"
"5,59 : 0.8714"
"59,5 : 0.8714"
"5,60 : 1.1528"
"60,5 : 1.1528"
"5,61 : 0.7877"
"61,5 : 0.7877"
"5,62 : 0.5315"
"62,5 : 0.5315"
"5,63 : 0.7963"
"63,5 : 0.7963"
"5,64 : 0.402"
"64,5 : 0.402"
"5,65 : 0.228"
"65,5 : 0.228"
"5,66 : 0.1649"
"66,5 : 0.1649"
"5,67 : 0.5474"
"67,5 : 0.5474"
"5,68 : 0.4478"
"68,5 : 0.4478"
"5,69 : 0.6673"
"69,5 : 0.6673"
"5,70 : 0.9902"
"70,5 : 0.9902"
"5,71 : 0.8041"
"71,5 : 0.8041"
"5,72 : 0.3444"
"72,5 : 0.3444"
"5,73 : 0.7311"
"73,5 : 0.7311"
"5,74 : 0.481"
"74,5 : 0.481"
"5,75 : 0.7209"
"75,5 : 0.7209"
"5,76 : 0.3716"
"76,5 : 0.3716"
"5,77 : 0.6519"
"77,5 : 0.6519"
"5,78 : 0.706"
"78,5 : 0.706"
"5,79 : 0.3206"
"79,5 : 0.3206"
"5,80 : 0.0849"
"80,5 : 0.0849"
"5,81 : 0.5769"
"81,5 : 0.5769"
"5,82 : 0.6908"
"82,5 : 0.6908"
"5,83 : 0.9849"
"83,5 : 0.9849"
"5,84 : 0.4624"
"84,5 : 0.4624"
"5,85 : 0.3384"
"85,5 : 0.3384"
"5,86 : 0.8591"
"86,5 : 0.8591"
"5,87 : 0.1342"
"87,5 : 0.1342"
"5,88 : 0.45"
"88,5 : 0.45"
"5,89 : 0.7906"
"89,5 : 0.7906"
"5,90 : 0.136"
"90,5 : 0.136"
"5,91 : 0.1565"
"91,5 : 0.1565"
"5,92 : 0.392"
"92,5 : 0.392"
"5,93 : 0.4589"
"93,5 : 0.4589"
"5,94 : 0.57"
"94,5 : 0.57"
"5,95 : 0.8668"
"95,5 : 0.8668"
"5,96 : 0.3946"
"96,5 : 0.3946"
"5,97 : 0.9155"
"97,5 : 0.9155"
"5,98 : 0.7859"
"98,5 : 0.7859"
"5,99 : 0.5394"
"99,5 : 0.5394"
"6,7 : 0.5179"
"7,6 : 0.5179"
"6,8 : 0.1931"
"8,6 : 0.1931"
"6,9 : 0.7409"
"9,6 : 0.7409"
"6,10 : 0.507"
"10,6 : 0.507"
"6,11 : 0.2062"
"11,6 : 0.2062"
"6,12 : 0.1811"
"12,6 : 0.1811"
"6,13 : 0.3922"
"13,6 : 0.3922"
"6,14 : 0.4276"
"14,6 : 0.4276"
"6,15 : 0.114"
"15,6 : 0.114"
"6,16 : 0.41"
"16,6 : 0.41"
"6,17 : 0.7642"
"17,6 : 0.7642"
"6,18 : 0.2484"
"18,6 : 0.2484"
"6,19 : 0.813"
"19,6 : 0.813"
"6,20 : 0.7185"
"20,6 : 0.7185"
"6,21 : 0.3585"
"21,6 : 0.3585"
"6,22 : 0.7378"
"22,6 : 0.7378"
"6,23 : 0.2563"
"23,6 : 0.2563"
"6,24 : 0.6595"
"24,6 : 0.6595"
"6,25 : 0.7411"
"25,6 : 0.7411"
"6,26 : 0.728"
"26,6 : 0.728"
"6,27 : 0.4258"
"27,6 : 0.4258"
"6,28 : 0.7118"
"28,6 : 0.7118"
"6,29 : 0.5745"
"29,6 : 0.5745"
"6,30 : 0.13"
"30,6 : 0.13"
"6,31 : 0.4357"
"31,6 : 0.4357"
"6,32 : 0.4031"
"32,6 : 0.4031"
"6,33 : 0.211"
"33,6 : 0.211"
"6,34 : 0.7564"
"34,6 : 0.7564"
"6,35 : 0.568"
"35,6 : 0.568"
"6,36 : 0.6935"
"36,6 : 0.6935"
"6,37 : 0.3087"
"37,6 : 0.3087"
"6,38 : 0.2202"
"38,6 : 0.2202"
"6,39 : 0.4884"
"39,6 : 0.4884"
"6,40 : 0.3805"
"40,6 : 0.3805"
"6,41 : 0.2608"
"41,6 : 0.2608"
"6,42 : 0.3311"
"42,6 : 0.3311"
"6,43 : 0.7684"
"43,6 : 0.7684"
"6,44 : 0.3601"
"44,6 : 0.3601"
"6,45 : 0.6428"
"45,6 : 0.6428"
"6,46 : 0.846"
"46,6 : 0.846"
"6,47 : 0.6081"
"47,6 : 0.6081"
"6,48 : 0.3833"
"48,6 : 0.3833"
"6,49 : 0.3848"
"49,6 : 0.3848"
"6,50 : 0.7713"
"50,6 : 0.7713"
"6,51 : 0.2668"
"51,6 : 0.2668"
"6,52 : 0.5048"
"52,6 : 0.5048"
"6,53 : 0.2731"
"53,6 : 0.2731"
"6,54 : 0.1432"
"54,6 : 0.1432"
"6,55 : 0.4243"
"55,6 : 0.4243"
"6,56 : 0.1811"
"56,6 : 0.1811"
"6,57 : 0.1552"
"57,6 : 0.1552"
"6,58 : 0.5608"
"58,6 : 0.5608"
"6,59 : 0.7463"
"59,6 : 0.7463"
"6,60 : 0.4219"
"60,6 : 0.4219"
"6,61 : 0.4111"
"61,6 : 0.4111"
"6,62 : 0.6229"
"62,6 : 0.6229"
"6,63 : 0.7515"
"63,6 : 0.7515"
"6,64 : 0.4662"
"64,6 : 0.4662"
"6,65 : 0.5456"
"65,6 : 0.5456"
"6,66 : 0.6011"
"66,6 : 0.6011"
"6,67 : 0.495"
"67,6 : 0.495"
"6,68 : 0.3362"
"68,6 : 0.3362"
"6,69 : 0.394"
"69,6 : 0.394"
"6,70 : 0.2441"
"70,6 : 0.2441"
"6,71 : 0.4031"
"71,6 : 0.4031"
"6,72 : 0.4187"
"72,6 : 0.4187"
"6,73 : 0.4554"
"73,6 : 0.4554"
"6,74 : 0.327"
"74,6 : 0.327"
"6,75 : 0.197"
"75,6 : 0.197"
"6,76 : 0.4"
"76,6 : 0.4"
"6,77 : 0.1237"
"77,6 : 0.1237"
"6,78 : 0.4429"
"78,6 : 0.4429"
"6,79 : 0.5797"
"79,6 : 0.5797"
"6,80 : 0.831"
"80,6 : 0.831"
"6,81 : 0.1803"
"81,6 : 0.1803"
"6,82 : 0.2184"
"82,6 : 0.2184"
"6,83 : 0.4026"
"83,6 : 0.4026"
"6,84 : 0.3354"
"84,6 : 0.3354"
"6,85 : 0.4104"
"85,6 : 0.4104"
"6,86 : 0.3801"
"86,6 : 0.3801"
"6,87 : 0.7295"
"87,6 : 0.7295"
"6,88 : 0.5803"
"88,6 : 0.5803"
"6,89 : 0.4875"
"89,6 : 0.4875"
"6,90 : 0.8742"
"90,6 : 0.8742"
"6,91 : 0.9"
"91,6 : 0.9"
"6,92 : 0.5459"
"92,6 : 0.5459"
"6,93 : 0.4016"
"93,6 : 0.4016"
"6,94 : 0.5886"
"94,6 : 0.5886"
"6,95 : 0.1204"
"95,6 : 0.1204"
"6,96 : 0.645"
"96,6 : 0.645"
"6,97 : 0.2302"
"97,6 : 0.2302"
"6,98 : 0.3245"
"98,6 : 0.3245"
"6,99 : 0.3734"
"99,6 : 0.3734"
"7,8 : 0.3667"
"8,7 : 0.3667"
"7,9 : 0.7299"
"9,7 : 0.7299"
"7,10 : 0.8964"
"10,7 : 0.8964"
"7,11 : 0.473"
"11,7 : 0.473"
"7,12 : 0.5376"
"12,7 : 0.5376"
"7,13 : 0.1456"
"13,7 : 0.1456"
"7,14 : 0.6671"
"14,7 : 0.6671"
"7,15 : 0.6315"
"15,7 : 0.6315"
"7,16 : 0.7747"
"16,7 : 0.7747"
"7,17 : 0.6501"
"17,7 : 0.6501"
"7,18 : 0.3276"
"18,7 : 0.3276"
"7,19 : 0.7841"
"19,7 : 0.7841"
"7,20 : 1.0121"
"20,7 : 1.0121"
"7,21 : 0.2921"
"21,7 : 0.2921"
"7,22 : 1.1542"
"22,7 : 1.1542"
"7,23 : 0.446"
"23,7 : 0.446"
"7,24 : 0.5201"
"24,7 : 0.5201"
"7,25 : 0.9957"
"25,7 : 0.9957"
"7,26 : 0.8486"
"26,7 : 0.8486"
"7,27 : 0.9302"
"27,7 : 0.9302"
"7,28 : 0.9765"
"28,7 : 0.9765"
"7,29 : 0.6168"
"29,7 : 0.6168"
"7,30 : 0.6463"
"30,7 : 0.6463"
"7,31 : 0.6812"
"31,7 : 0.6812"
"7,32 : 0.9109"
"32,7 : 0.9109"
"7,33 : 0.6762"
"33,7 : 0.6762"
"7,34 : 0.8052"
"34,7 : 0.8052"
"7,35 : 0.6539"
"35,7 : 0.6539"
"7,36 : 1.0934"
"36,7 : 1.0934"
"7,37 : 0.3183"
"37,7 : 0.3183"
"7,38 : 0.7368"
"38,7 : 0.7368"
"7,39 : 0.446"
"39,7 : 0.446"
"7,40 : 0.8968"
"40,7 : 0.8968"
"7,41 : 0.6629"
"41,7 : 0.6629"
"7,42 : 0.5376"
"42,7 : 0.5376"
"7,43 : 1.192"
"43,7 : 1.192"
"7,44 : 0.8737"
"44,7 : 0.8737"
"7,45 : 0.8576"
"45,7 : 0.8576"
"7,46 : 0.836"
"46,7 : 0.836"
"7,47 : 1.0742"
"47,7 : 1.0742"
"7,48 : 0.8801"
"48,7 : 0.8801"
"7,49 : 0.2968"
"49,7 : 0.2968"
"7,50 : 1.0871"
"50,7 : 1.0871"
"7,51 : 0.7845"
"51,7 : 0.7845"
"7,52 : 0.5595"
"52,7 : 0.5595"
"7,53 : 0.7859"
"53,7 : 0.7859"
"7,54 : 0.5009"
"54,7 : 0.5009"
"7,55 : 0.1749"
"55,7 : 0.1749"
"7,56 : 0.6935"
"56,7 : 0.6935"
"7,57 : 0.6727"
"57,7 : 0.6727"
"7,58 : 0.5412"
"58,7 : 0.5412"
"7,59 : 1.1604"
"59,7 : 1.1604"
"7,60 : 0.8797"
"60,7 : 0.8797"
"7,61 : 0.8766"
"61,7 : 0.8766"
"7,62 : 0.9105"
"62,7 : 0.9105"
"7,63 : 1.1322"
"63,7 : 1.1322"
"7,64 : 0.2816"
"64,7 : 0.2816"
"7,65 : 0.461"
"65,7 : 0.461"
"7,66 : 0.5162"
"66,7 : 0.5162"
"7,67 : 0.8202"
"67,7 : 0.8202"
"7,68 : 0.3406"
"68,7 : 0.3406"
"7,69 : 0.8071"
"69,7 : 0.8071"
"7,70 : 0.6592"
"70,7 : 0.6592"
"7,71 : 0.8766"
"71,7 : 0.8766"
"7,72 : 0.4071"
"72,7 : 0.4071"
"7,73 : 0.1"
"73,7 : 0.1"
"7,74 : 0.3041"
"74,7 : 0.3041"
"7,75 : 0.3302"
"75,7 : 0.3302"
"7,76 : 0.3808"
"76,7 : 0.3808"
"7,77 : 0.408"
"77,7 : 0.408"
"7,78 : 0.8653"
"78,7 : 0.8653"
"7,79 : 0.743"
"79,7 : 0.743"
"7,80 : 0.7303"
"80,7 : 0.7303"
"7,81 : 0.4071"
"81,7 : 0.4071"
"7,82 : 0.3015"
"82,7 : 0.3015"
"7,83 : 0.9198"
"83,7 : 0.9198"
"7,84 : 0.3189"
"84,7 : 0.3189"
"7,85 : 0.4528"
"85,7 : 0.4528"
"7,86 : 0.8766"
"86,7 : 0.8766"
"7,87 : 0.7473"
"87,7 : 0.7473"
"7,88 : 0.8301"
"88,7 : 0.8301"
"7,89 : 0.1389"
"89,7 : 0.1389"
"7,90 : 0.8"
"90,7 : 0.8"
"7,91 : 0.8106"
"91,7 : 0.8106"
"7,92 : 0.7628"
"92,7 : 0.7628"
"7,93 : 0.2555"
"93,7 : 0.2555"
"7,94 : 0.9061"
"94,7 : 0.9061"
"7,95 : 0.59"
"95,7 : 0.59"
"7,96 : 0.8472"
"96,7 : 0.8472"
"7,97 : 0.7443"
"97,7 : 0.7443"
"7,98 : 0.2563"
"98,7 : 0.2563"
"7,99 : 0.198"
"99,7 : 0.198"
"8,9 : 0.5981"
"9,8 : 0.5981"
"8,10 : 0.5449"
"10,8 : 0.5449"
"8,11 : 0.2997"
"11,8 : 0.2997"
"8,12 : 0.3202"
"12,8 : 0.3202"
"8,13 : 0.2759"
"13,8 : 0.2759"
"8,14 : 0.364"
"14,8 : 0.364"
"8,15 : 0.2927"
"15,8 : 0.2927"
"8,16 : 0.4264"
"16,8 : 0.4264"
"8,17 : 0.5964"
"17,8 : 0.5964"
"8,18 : 0.2302"
"18,8 : 0.2302"
"8,19 : 0.6685"
"19,8 : 0.6685"
"8,20 : 0.7026"
"20,8 : 0.7026"
"8,21 : 0.1655"
"21,8 : 0.1655"
"8,22 : 0.7993"
"22,8 : 0.7993"
"8,23 : 0.3228"
"23,8 : 0.3228"
"8,24 : 0.4817"
"24,8 : 0.4817"
"8,25 : 0.7052"
"25,8 : 0.7052"
"8,26 : 0.6303"
"26,8 : 0.6303"
"8,27 : 0.6161"
"27,8 : 0.6161"
"8,28 : 0.6801"
"28,8 : 0.6801"
"8,29 : 0.4368"
"29,8 : 0.4368"
"8,30 : 0.3178"
"30,8 : 0.3178"
"8,31 : 0.3764"
"31,8 : 0.3764"
"8,32 : 0.5923"
"32,8 : 0.5923"
"8,33 : 0.3102"
"33,8 : 0.3102"
"8,34 : 0.6335"
"34,8 : 0.6335"
"8,35 : 0.4455"
"35,8 : 0.4455"
"8,36 : 0.7428"
"36,8 : 0.7428"
"8,37 : 0.1166"
"37,8 : 0.1166"
"8,38 : 0.4045"
"38,8 : 0.4045"
"8,39 : 0.3162"
"39,8 : 0.3162"
"8,40 : 0.5622"
"40,8 : 0.5622"
"8,41 : 0.4319"
"41,8 : 0.4319"
"8,42 : 0.2335"
"42,8 : 0.2335"
"8,43 : 0.8355"
"43,8 : 0.8355"
"8,44 : 0.5459"
"44,8 : 0.5459"
"8,45 : 0.5825"
"45,8 : 0.5825"
"8,46 : 0.7084"
"46,8 : 0.7084"
"8,47 : 0.7083"
"47,8 : 0.7083"
"8,48 : 0.5757"
"48,8 : 0.5757"
"8,49 : 0.1924"
"49,8 : 0.1924"
"8,50 : 0.7694"
"50,8 : 0.7694"
"8,51 : 0.4401"
"51,8 : 0.4401"
"8,52 : 0.364"
"52,8 : 0.364"
"8,53 : 0.4319"
"53,8 : 0.4319"
"8,54 : 0.1342"
"54,8 : 0.1342"
"8,55 : 0.2402"
"55,8 : 0.2402"
"8,56 : 0.3711"
"56,8 : 0.3711"
"8,57 : 0.3314"
"57,8 : 0.3314"
"8,58 : 0.4025"
"58,8 : 0.4025"
"8,59 : 0.8062"
"59,8 : 0.8062"
"8,60 : 0.6129"
"60,8 : 0.6129"
"8,61 : 0.51"
"61,8 : 0.51"
"8,62 : 0.6001"
"62,8 : 0.6001"
"8,63 : 0.7887"
"63,8 : 0.7887"
"8,64 : 0.2731"
"64,8 : 0.2731"
"8,65 : 0.3701"
"65,8 : 0.3701"
"8,66 : 0.4301"
"66,8 : 0.4301"
"8,67 : 0.4888"
"67,8 : 0.4888"
"8,68 : 0.1487"
"68,8 : 0.1487"
"8,69 : 0.4469"
"69,8 : 0.4469"
"8,70 : 0.4187"
"70,8 : 0.4187"
"8,71 : 0.5099"
"71,8 : 0.5099"
"8,72 : 0.2441"
"72,8 : 0.2441"
"8,73 : 0.333"
"73,8 : 0.333"
"8,74 : 0.1342"
"74,8 : 0.1342"
"8,75 : 0.15"
"75,8 : 0.15"
"8,76 : 0.2202"
"76,8 : 0.2202"
"8,77 : 0.0721"
"77,8 : 0.0721"
"8,78 : 0.5045"
"78,8 : 0.5045"
"8,79 : 0.4909"
"79,8 : 0.4909"
"8,80 : 0.6689"
"80,8 : 0.6689"
"8,81 : 0.0424"
"81,8 : 0.0424"
"8,82 : 0.1334"
"82,8 : 0.1334"
"8,83 : 0.5708"
"83,8 : 0.5708"
"8,84 : 0.1442"
"84,8 : 0.1442"
"8,85 : 0.2508"
"85,8 : 0.2508"
"8,86 : 0.5124"
"86,8 : 0.5124"
"8,87 : 0.5948"
"87,8 : 0.5948"
"8,88 : 0.5345"
"88,8 : 0.5345"
"8,89 : 0.3821"
"89,8 : 0.3821"
"8,90 : 0.7201"
"90,8 : 0.7201"
"8,91 : 0.743"
"91,8 : 0.743"
"8,92 : 0.4805"
"92,8 : 0.4805"
"8,93 : 0.2088"
"93,8 : 0.2088"
"8,94 : 0.5818"
"94,8 : 0.5818"
"8,95 : 0.3053"
"95,8 : 0.3053"
"8,96 : 0.5787"
"96,8 : 0.5787"
"8,97 : 0.4177"
"97,8 : 0.4177"
"8,98 : 0.2657"
"98,8 : 0.2657"
"8,99 : 0.191"
"99,8 : 0.191"
"9,10 : 0.6017"
"10,9 : 0.6017"
"9,11 : 0.8969"
"11,9 : 0.8969"
"9,12 : 0.9079"
"12,9 : 0.9079"
"9,13 : 0.7603"
"13,9 : 0.7603"
"9,14 : 0.3744"
"14,9 : 0.3744"
"9,15 : 0.781"
"15,9 : 0.781"
"9,16 : 0.5323"
"16,9 : 0.5323"
"9,17 : 0.1476"
"17,9 : 0.1476"
"9,18 : 0.8149"
"18,9 : 0.8149"
"9,19 : 0.0721"
"19,9 : 0.0721"
"9,20 : 0.5064"
"20,9 : 0.5064"
"9,21 : 0.4937"
"21,9 : 0.4937"
"9,22 : 0.7901"
"22,9 : 0.7901"
"9,23 : 0.9203"
"23,9 : 0.9203"
"9,24 : 0.2283"
"24,9 : 0.2283"
"9,25 : 0.4438"
"25,9 : 0.4438"
"9,26 : 0.2025"
"26,9 : 0.2025"
"9,27 : 1.0706"
"27,9 : 1.0706"
"9,28 : 0.4472"
"28,9 : 0.4472"
"9,29 : 0.1664"
"29,9 : 0.1664"
"9,30 : 0.8169"
"30,9 : 0.8169"
"9,31 : 0.3774"
"31,9 : 0.3774"
"9,32 : 1.0424"
"32,9 : 1.0424"
"9,33 : 0.6727"
"33,9 : 0.6727"
"9,34 : 0.1"
"34,9 : 0.1"
"9,35 : 0.1844"
"35,9 : 0.1844"
"9,36 : 0.7203"
"36,9 : 0.7203"
"9,37 : 0.512"
"37,9 : 0.512"
"9,38 : 0.8698"
"38,9 : 0.8698"
"9,39 : 0.3015"
"39,9 : 0.3015"
"9,40 : 0.9823"
"40,9 : 0.9823"
"9,41 : 1.0017"
"41,9 : 1.0017"
"9,42 : 0.414"
"42,9 : 0.414"
"9,43 : 0.83"
"43,9 : 0.83"
"9,44 : 0.986"
"44,9 : 0.986"
"9,45 : 0.3302"
"45,9 : 0.3302"
"9,46 : 0.1118"
"46,9 : 0.1118"
"9,47 : 0.844"
"47,9 : 0.844"
"9,48 : 1.0538"
"48,9 : 1.0538"
"9,49 : 0.4717"
"49,9 : 0.4717"
"9,50 : 0.5825"
"50,9 : 0.5825"
"9,51 : 0.8645"
"51,9 : 0.8645"
"9,52 : 0.2371"
"52,9 : 0.2371"
"9,53 : 0.8246"
"53,9 : 0.8246"
"9,54 : 0.5991"
"54,9 : 0.5991"
"9,55 : 0.5708"
"55,9 : 0.5708"
"9,56 : 0.8645"
"56,9 : 0.8645"
"9,57 : 0.7998"
"57,9 : 0.7998"
"9,58 : 0.2022"
"58,9 : 0.2022"
"9,59 : 0.79"
"59,9 : 0.79"
"9,60 : 1.1336"
"60,9 : 1.1336"
"9,61 : 0.7335"
"61,9 : 0.7335"
"9,62 : 0.4501"
"62,9 : 0.4501"
"9,63 : 0.7118"
"63,9 : 0.7118"
"9,64 : 0.4518"
"64,9 : 0.4518"
"9,65 : 0.2707"
"65,9 : 0.2707"
"9,66 : 0.2138"
"66,9 : 0.2138"
"9,67 : 0.4808"
"67,9 : 0.4808"
"9,68 : 0.4707"
"68,9 : 0.4707"
"9,69 : 0.6127"
"69,9 : 0.6127"
"9,70 : 0.9848"
"70,9 : 0.9848"
"9,71 : 0.7513"
"71,9 : 0.7513"
"9,72 : 0.3667"
"72,9 : 0.3667"
"9,73 : 0.781"
"73,9 : 0.781"
"9,74 : 0.508"
"74,9 : 0.508"
"9,75 : 0.7404"
"75,9 : 0.7404"
"9,76 : 0.3962"
"76,9 : 0.3962"
"9,77 : 0.658"
"77,9 : 0.658"
"9,78 : 0.6462"
"78,9 : 0.6462"
"9,79 : 0.25"
"79,9 : 0.25"
"9,80 : 0.1404"
"80,9 : 0.1404"
"9,81 : 0.5818"
"81,9 : 0.5818"
"9,82 : 0.7131"
"82,9 : 0.7131"
"9,83 : 0.943"
"83,9 : 0.943"
"9,84 : 0.4884"
"84,9 : 0.4884"
"9,85 : 0.3479"
"85,9 : 0.3479"
"9,86 : 0.8112"
"86,9 : 0.8112"
"9,87 : 0.0412"
"87,9 : 0.0412"
"9,88 : 0.3734"
"88,9 : 0.3734"
"9,89 : 0.8415"
"89,9 : 0.8415"
"9,90 : 0.1442"
"90,9 : 0.1442"
"9,91 : 0.1749"
"91,9 : 0.1749"
"9,92 : 0.3228"
"92,9 : 0.3228"
"9,93 : 0.5001"
"93,9 : 0.5001"
"9,94 : 0.4925"
"94,9 : 0.4925"
"9,95 : 0.8598"
"95,9 : 0.8598"
"9,96 : 0.3102"
"96,9 : 0.3102"
"9,97 : 0.8911"
"97,9 : 0.8911"
"9,98 : 0.8188"
"98,9 : 0.8188"
"9,99 : 0.5803"
"99,9 : 0.5803"
"10,11 : 0.7117"
"11,10 : 0.7117"
"10,12 : 0.6719"
"12,10 : 0.6719"
"10,13 : 0.8207"
"13,10 : 0.8207"
"10,14 : 0.2746"
"14,10 : 0.2746"
"10,15 : 0.4472"
"15,10 : 0.4472"
"10,16 : 0.1221"
"16,10 : 0.1221"
"10,17 : 0.7157"
"17,10 : 0.7157"
"10,18 : 0.7357"
"18,10 : 0.7357"
"10,19 : 0.6579"
"19,10 : 0.6579"
"10,20 : 0.253"
"20,10 : 0.253"
"10,21 : 0.6159"
"21,10 : 0.6159"
"10,22 : 0.2581"
"22,10 : 0.2581"
"10,23 : 0.7632"
"23,10 : 0.7632"
"10,24 : 0.6912"
"24,10 : 0.6912"
"10,25 : 0.3089"
"25,10 : 0.3089"
"10,26 : 0.4528"
"26,10 : 0.4528"
"10,27 : 0.5869"
"27,10 : 0.5869"
"10,28 : 0.2778"
"28,10 : 0.2778"
"10,29 : 0.4904"
"29,10 : 0.4904"
"10,30 : 0.4738"
"30,10 : 0.4738"
"10,31 : 0.2631"
"31,10 : 0.2631"
"10,32 : 0.5608"
"32,10 : 0.5608"
"10,33 : 0.3008"
"33,10 : 0.3008"
"10,34 : 0.5463"
"34,10 : 0.5463"
"10,35 : 0.4418"
"35,10 : 0.4418"
"10,36 : 0.198"
"36,10 : 0.198"
"10,37 : 0.5801"
"37,10 : 0.5801"
"10,38 : 0.461"
"38,10 : 0.461"
"10,39 : 0.5675"
"39,10 : 0.5675"
"10,40 : 0.4885"
"40,10 : 0.4885"
"10,41 : 0.6918"
"41,10 : 0.6918"
"10,42 : 0.3712"
"42,10 : 0.3712"
"10,43 : 0.2968"
"43,10 : 0.2968"
"10,44 : 0.5092"
"44,10 : 0.5092"
"10,45 : 0.3023"
"45,10 : 0.3023"
"10,46 : 0.658"
"46,10 : 0.658"
"10,47 : 0.2433"
"47,10 : 0.2433"
"10,48 : 0.5977"
"48,10 : 0.5977"
"10,49 : 0.6227"
"49,10 : 0.6227"
"10,50 : 0.2802"
"50,10 : 0.2802"
"10,51 : 0.4159"
"51,10 : 0.4159"
"10,52 : 0.4727"
"52,10 : 0.4727"
"10,53 : 0.365"
"53,10 : 0.365"
"10,54 : 0.422"
"54,10 : 0.422"
"10,55 : 0.735"
"55,10 : 0.735"
"10,56 : 0.4901"
"56,10 : 0.4901"
"10,57 : 0.4319"
"57,10 : 0.4319"
"10,58 : 0.5515"
"58,10 : 0.5515"
"10,59 : 0.264"
"59,10 : 0.264"
"10,60 : 0.7106"
"60,10 : 0.7106"
"10,61 : 0.1789"
"61,10 : 0.1789"
"10,62 : 0.1985"
"62,10 : 0.1985"
"10,63 : 0.247"
"63,10 : 0.247"
"10,64 : 0.6845"
"64,10 : 0.6845"
"10,65 : 0.61"
"65,10 : 0.61"
"10,66 : 0.622"
"66,10 : 0.622"
"10,67 : 0.1217"
"67,10 : 0.1217"
"10,68 : 0.566"
"68,10 : 0.566"
"10,69 : 0.114"
"69,10 : 0.114"
"10,70 : 0.6719"
"70,10 : 0.6719"
"10,71 : 0.2012"
"71,10 : 0.2012"
"10,72 : 0.5478"
"72,10 : 0.5478"
"10,73 : 0.8768"
"73,10 : 0.8768"
"10,74 : 0.5964"
"74,10 : 0.5964"
"10,75 : 0.6629"
"75,10 : 0.6629"
"10,76 : 0.5595"
"76,10 : 0.5595"
"10,77 : 0.5382"
"77,10 : 0.5382"
"10,78 : 0.0825"
"78,10 : 0.0825"
"10,79 : 0.3517"
"79,10 : 0.3517"
"10,80 : 0.7398"
"80,10 : 0.7398"
"10,81 : 0.5025"
"81,10 : 0.5025"
"10,82 : 0.664"
"82,10 : 0.664"
"10,83 : 0.4206"
"83,10 : 0.4206"
"10,84 : 0.5852"
"84,10 : 0.5852"
"10,85 : 0.4998"
"85,10 : 0.4998"
"10,86 : 0.2773"
"86,10 : 0.2773"
"10,87 : 0.5661"
"87,10 : 0.5661"
"10,88 : 0.2371"
"88,10 : 0.2371"
"10,89 : 0.927"
"89,10 : 0.927"
"10,90 : 0.74"
"90,10 : 0.74"
"10,91 : 0.7716"
"91,10 : 0.7716"
"10,92 : 0.2789"
"92,10 : 0.2789"
"10,93 : 0.6637"
"93,10 : 0.6637"
"10,94 : 0.1421"
"94,10 : 0.1421"
"10,95 : 0.5707"
"95,10 : 0.5707"
"10,96 : 0.3191"
"96,10 : 0.3191"
"10,97 : 0.4817"
"97,10 : 0.4817"
"10,98 : 0.7963"
"98,10 : 0.7963"
"10,99 : 0.7"
"99,10 : 0.7"
"11,12 : 0.0728"
"12,11 : 0.0728"
"11,13 : 0.3276"
"13,11 : 0.3276"
"11,14 : 0.6207"
"14,11 : 0.6207"
"11,15 : 0.2802"
"15,11 : 0.2802"
"11,16 : 0.6161"
"16,11 : 0.6161"
"11,17 : 0.8936"
"17,11 : 0.8936"
"11,18 : 0.1456"
"18,11 : 0.1456"
"11,19 : 0.9677"
"19,11 : 0.9677"
"11,20 : 0.924"
"20,11 : 0.924"
"11,21 : 0.4405"
"21,11 : 0.4405"
"11,22 : 0.9354"
"22,11 : 0.9354"
"11,23 : 0.0566"
"23,11 : 0.0566"
"11,24 : 0.7742"
"24,11 : 0.7742"
"11,25 : 0.9443"
"25,11 : 0.9443"
"11,26 : 0.9124"
"26,11 : 0.9124"
"11,27 : 0.4876"
"27,11 : 0.4876"
"11,28 : 0.9155"
"28,11 : 0.9155"
"11,29 : 0.7339"
"29,11 : 0.7339"
"11,30 : 0.2691"
"30,11 : 0.2691"
"11,31 : 0.6303"
"31,11 : 0.6303"
"11,32 : 0.4743"
"32,11 : 0.4743"
"11,33 : 0.4123"
"33,11 : 0.4123"
"11,34 : 0.9272"
"34,11 : 0.9272"
"11,35 : 0.7376"
"35,11 : 0.7376"
"11,36 : 0.8947"
"36,11 : 0.8947"
"11,37 : 0.4022"
"37,11 : 0.4022"
"11,38 : 0.3421"
"38,11 : 0.3421"
"11,39 : 0.614"
"39,11 : 0.614"
"11,40 : 0.483"
"40,11 : 0.483"
"11,41 : 0.191"
"41,11 : 0.191"
"11,42 : 0.508"
"42,11 : 0.508"
"11,43 : 0.9638"
"43,11 : 0.9638"
"11,44 : 0.4519"
"44,11 : 0.4519"
"11,45 : 0.8401"
"45,11 : 0.8401"
"11,46 : 1.0066"
"46,11 : 1.0066"
"11,47 : 0.792"
"47,11 : 0.792"
"11,48 : 0.4317"
"48,11 : 0.4317"
"11,49 : 0.4686"
"49,11 : 0.4686"
"11,50 : 0.9774"
"50,11 : 0.9774"
"11,51 : 0.4046"
"51,11 : 0.4046"
"11,52 : 0.6613"
"52,11 : 0.6613"
"11,53 : 0.4314"
"53,11 : 0.4314"
"11,54 : 0.3302"
"54,11 : 0.3302"
"11,55 : 0.4522"
"55,11 : 0.4522"
"11,56 : 0.2921"
"56,11 : 0.2921"
"11,57 : 0.3124"
"57,11 : 0.3124"
"11,58 : 0.7021"
"58,11 : 0.7021"
"11,59 : 0.9441"
"59,11 : 0.9441"
"11,60 : 0.4105"
"60,11 : 0.4105"
"11,61 : 0.6021"
"61,11 : 0.6021"
"11,62 : 0.8273"
"62,11 : 0.8273"
"11,63 : 0.9546"
"63,11 : 0.9546"
"11,64 : 0.5374"
"64,11 : 0.5374"
"11,65 : 0.6657"
"65,11 : 0.6657"
"11,66 : 0.7272"
"66,11 : 0.7272"
"11,67 : 0.7004"
"67,11 : 0.7004"
"11,68 : 0.441"
"68,11 : 0.441"
"11,69 : 0.5981"
"69,11 : 0.5981"
"11,70 : 0.19"
"70,11 : 0.19"
"11,71 : 0.5908"
"71,11 : 0.5908"
"11,72 : 0.542"
"72,11 : 0.542"
"11,73 : 0.3833"
"73,11 : 0.3833"
"11,74 : 0.414"
"74,11 : 0.414"
"11,75 : 0.1769"
"75,11 : 0.1769"
"11,76 : 0.5162"
"76,11 : 0.5162"
"11,77 : 0.2404"
"77,11 : 0.2404"
"11,78 : 0.6447"
"78,11 : 0.6447"
"11,79 : 0.7666"
"79,11 : 0.7666"
"11,80 : 0.9675"
"80,11 : 0.9675"
"11,81 : 0.3162"
"81,11 : 0.3162"
"11,82 : 0.2126"
"82,11 : 0.2126"
"11,83 : 0.5325"
"83,11 : 0.5325"
"11,84 : 0.4301"
"84,11 : 0.4301"
"11,85 : 0.5504"
"85,11 : 0.5504"
"11,86 : 0.5532"
"86,11 : 0.5532"
"11,87 : 0.892"
"87,11 : 0.892"
"11,88 : 0.7806"
"88,11 : 0.7806"
"11,89 : 0.3901"
"89,11 : 0.3901"
"11,90 : 1.0197"
"90,11 : 1.0197"
"11,91 : 1.0424"
"91,11 : 1.0424"
"11,92 : 0.7406"
"92,11 : 0.7406"
"11,93 : 0.4667"
"93,11 : 0.4667"
"11,94 : 0.7943"
"94,11 : 0.7943"
"11,95 : 0.1703"
"95,11 : 0.1703"
"11,96 : 0.8405"
"96,11 : 0.8405"
"11,97 : 0.3384"
"97,11 : 0.3384"
"11,98 : 0.2209"
"98,11 : 0.2209"
"11,99 : 0.4061"
"99,11 : 0.4061"
"12,13 : 0.3932"
"13,12 : 0.3932"
"12,14 : 0.6083"
"14,12 : 0.6083"
"12,15 : 0.2285"
"15,12 : 0.2285"
"12,16 : 0.5842"
"16,12 : 0.5842"
"12,17 : 0.9161"
"17,12 : 0.9161"
"12,18 : 0.211"
"18,12 : 0.211"
"12,19 : 0.9795"
"19,12 : 0.9795"
"12,20 : 0.8945"
"20,12 : 0.8945"
"12,21 : 0.4742"
"21,12 : 0.4742"
"12,22 : 0.8857"
"22,12 : 0.8857"
"12,23 : 0.1253"
"23,12 : 0.1253"
"12,24 : 0.8016"
"24,12 : 0.8016"
"12,25 : 0.9202"
"25,12 : 0.9202"
"12,26 : 0.9071"
"26,12 : 0.9071"
"12,27 : 0.4148"
"27,12 : 0.4148"
"12,28 : 0.8905"
"28,12 : 0.8905"
"12,29 : 0.7425"
"29,12 : 0.7425"
"12,30 : 0.211"
"30,12 : 0.211"
"12,31 : 0.6166"
"31,12 : 0.6166"
"12,32 : 0.4016"
"32,12 : 0.4016"
"12,33 : 0.3711"
"33,12 : 0.3711"
"12,34 : 0.9305"
"34,12 : 0.9305"
"12,35 : 0.7409"
"35,12 : 0.7409"
"12,36 : 0.8486"
"36,12 : 0.8486"
"12,37 : 0.4314"
"37,12 : 0.4314"
"12,38 : 0.2759"
"38,12 : 0.2759"
"12,39 : 0.636"
"39,12 : 0.636"
"12,40 : 0.4118"
"40,12 : 0.4118"
"12,41 : 0.1265"
"41,12 : 0.1265"
"12,42 : 0.506"
"42,12 : 0.506"
"12,43 : 0.9124"
"43,12 : 0.9124"
"12,44 : 0.3801"
"44,12 : 0.3801"
"12,45 : 0.8239"
"45,12 : 0.8239"
"12,46 : 1.0155"
"46,12 : 1.0155"
"12,47 : 0.735"
"47,12 : 0.735"
"12,48 : 0.359"
"48,12 : 0.359"
"12,49 : 0.5025"
"49,12 : 0.5025"
"12,50 : 0.9437"
"50,12 : 0.9437"
"12,51 : 0.3394"
"51,12 : 0.3394"
"12,52 : 0.6708"
"52,12 : 0.6708"
"12,53 : 0.3701"
"53,12 : 0.3701"
"12,54 : 0.3202"
"54,12 : 0.3202"
"12,55 : 0.5012"
"55,12 : 0.5012"
"12,56 : 0.2263"
"56,12 : 0.2263"
"12,57 : 0.2555"
"57,12 : 0.2555"
"12,58 : 0.7187"
"58,12 : 0.7187"
"12,59 : 0.8947"
"59,12 : 0.8947"
"12,60 : 0.3423"
"60,12 : 0.3423"
"12,61 : 0.5501"
"61,12 : 0.5501"
"12,62 : 0.801"
"62,12 : 0.801"
"12,63 : 0.9108"
"63,12 : 0.9108"
"12,64 : 0.5763"
"64,12 : 0.5763"
"12,65 : 0.6903"
"65,12 : 0.6903"
"12,66 : 0.75"
"66,12 : 0.75"
"12,67 : 0.6719"
"67,12 : 0.6719"
"12,68 : 0.4675"
"68,12 : 0.4675"
"12,69 : 0.5579"
"69,12 : 0.5579"
"12,70 : 0.1217"
"70,12 : 0.1217"
"12,71 : 0.5371"
"71,12 : 0.5371"
"12,72 : 0.564"
"72,12 : 0.564"
"12,73 : 0.451"
"73,12 : 0.451"
"12,74 : 0.4455"
"74,12 : 0.4455"
"12,75 : 0.2236"
"75,12 : 0.2236"
"12,76 : 0.5404"
"76,12 : 0.5404"
"12,77 : 0.2524"
"77,12 : 0.2524"
"12,78 : 0.6008"
"78,12 : 0.6008"
"12,79 : 0.7593"
"79,12 : 0.7593"
"12,80 : 0.9874"
"80,12 : 0.9874"
"12,81 : 0.3276"
"81,12 : 0.3276"
"12,82 : 0.2594"
"82,12 : 0.2594"
"12,83 : 0.464"
"83,12 : 0.464"
"12,84 : 0.4597"
"84,12 : 0.4597"
"12,85 : 0.566"
"85,12 : 0.566"
"12,86 : 0.4941"
"86,12 : 0.4941"
"12,87 : 0.8996"
"87,12 : 0.8996"
"12,88 : 0.7611"
"88,12 : 0.7611"
"12,89 : 0.461"
"89,12 : 0.461"
"12,90 : 1.0359"
"90,12 : 1.0359"
"12,91 : 1.06"
"91,12 : 1.06"
"12,92 : 0.7269"
"92,12 : 0.7269"
"12,93 : 0.5061"
"93,12 : 0.5061"
"12,94 : 0.7642"
"94,12 : 0.7642"
"12,95 : 0.1082"
"95,12 : 0.1082"
"12,96 : 0.8261"
"96,12 : 0.8261"
"12,97 : 0.2702"
"97,12 : 0.2702"
"12,98 : 0.29"
"98,12 : 0.29"
"12,99 : 0.4528"
"99,12 : 0.4528"
"13,14 : 0.6218"
"14,13 : 0.6218"
"13,15 : 0.506"
"15,13 : 0.506"
"13,16 : 0.7018"
"16,13 : 0.7018"
"13,17 : 0.7061"
"17,13 : 0.7061"
"13,18 : 0.1825"
"18,13 : 0.1825"
"13,19 : 0.8222"
"19,13 : 0.8222"
"13,20 : 0.9675"
"20,13 : 0.9675"
"13,21 : 0.2729"
"21,13 : 0.2729"
"13,22 : 1.0749"
