x,y
0.01,0.47
0.06,0.9
0.74,0.99
0.11,0.24
0.93,0.5
0.88,0.59
0.27,0.84
0.95,0.6
0.96,0.31
0.05,0.98
0.54,0.92
0.5,0.81
0.27,0.32
0.92,0.12
0.87,0.07
0.0,0.05
0.45,0.43
0.25,0.12
0.13,0.76
0.56,0.45
0.36,0.9
0.92,0.26
0.35,0.65
0.51,0.51
0.33,0.32
0.52,0.95
0.32,0.71
0.8,0.83
0.88,0.65
0.99,0.81
0.52,0.98
0.04,0.82
1.0,0.14
0.72,0.96
0.86,0.44
0.25,0.8
0.67,0.76
0.55,0.76
0.25,0.31
0.59,0.4
0.39,0.1
0.55,0.42
0.42,0.18
0.14,0.8
0.68,0.61
0.15,0.93
0.84,0.09
0.17,0.1
0.59,0.81
0.15,0.27

Distanze
"0,1 : 0.4329"
"1,0 : 0.4329"
"0,2 : 0.8963"
"2,0 : 0.8963"
"0,3 : 0.2508"
"3,0 : 0.2508"
"0,4 : 0.9205"
"4,0 : 0.9205"
"0,5 : 0.8782"
"5,0 : 0.8782"
"0,6 : 0.4522"
"6,0 : 0.4522"
"0,7 : 0.9489"
"7,0 : 0.9489"
"0,8 : 0.9634"
"8,0 : 0.9634"
"0,9 : 0.5116"
"9,0 : 0.5116"
"0,10 : 0.6953"
"10,0 : 0.6953"
"0,11 : 0.5964"
"11,0 : 0.5964"
"0,12 : 0.3002"
"12,0 : 0.3002"
"0,13 : 0.975"
"13,0 : 0.975"
"0,14 : 0.9485"
"14,0 : 0.9485"
"0,15 : 0.4201"
"15,0 : 0.4201"
"0,16 : 0.4418"
"16,0 : 0.4418"
"0,17 : 0.4244"
"17,0 : 0.4244"
"0,18 : 0.3138"
"18,0 : 0.3138"
"0,19 : 0.5504"
"19,0 : 0.5504"
"0,20 : 0.5544"
"20,0 : 0.5544"
"0,21 : 0.9339"
"21,0 : 0.9339"
"0,22 : 0.3847"
"22,0 : 0.3847"
"0,23 : 0.5016"
"23,0 : 0.5016"
"0,24 : 0.3534"
"24,0 : 0.3534"
"0,25 : 0.7004"
"25,0 : 0.7004"
"0,26 : 0.392"
"26,0 : 0.392"
"0,27 : 0.8682"
"27,0 : 0.8682"
"0,28 : 0.8884"
"28,0 : 0.8884"
"0,29 : 1.0373"
"29,0 : 1.0373"
"0,30 : 0.7212"
"30,0 : 0.7212"
"0,31 : 0.3513"
"31,0 : 0.3513"
"0,32 : 1.0436"
"32,0 : 1.0436"
"0,33 : 0.8627"
"33,0 : 0.8627"
"0,34 : 0.8505"
"34,0 : 0.8505"
"0,35 : 0.408"
"35,0 : 0.408"
"0,36 : 0.7209"
"36,0 : 0.7209"
"0,37 : 0.6129"
"37,0 : 0.6129"
"0,38 : 0.2884"
"38,0 : 0.2884"
"0,39 : 0.5842"
"39,0 : 0.5842"
"0,40 : 0.5304"
"40,0 : 0.5304"
"0,41 : 0.5423"
"41,0 : 0.5423"
"0,42 : 0.5022"
"42,0 : 0.5022"
"0,43 : 0.3547"
"43,0 : 0.3547"
"0,44 : 0.6845"
"44,0 : 0.6845"
"0,45 : 0.4808"
"45,0 : 0.4808"
"0,46 : 0.9129"
"46,0 : 0.9129"
"0,47 : 0.4031"
"47,0 : 0.4031"
"0,48 : 0.6723"
"48,0 : 0.6723"
"0,49 : 0.2441"
"49,0 : 0.2441"
"1,2 : 0.6859"
"2,1 : 0.6859"
"1,3 : 0.6619"
"3,1 : 0.6619"
"1,4 : 0.9575"
"4,1 : 0.9575"
"1,5 : 0.8766"
"5,1 : 0.8766"
"1,6 : 0.2184"
"6,1 : 0.2184"
"1,7 : 0.9392"
"7,1 : 0.9392"
"1,8 : 1.0762"
"8,1 : 1.0762"
"1,9 : 0.0806"
"9,1 : 0.0806"
"1,10 : 0.4804"
"10,1 : 0.4804"
"1,11 : 0.4491"
"11,1 : 0.4491"
"1,12 : 0.6168"
"12,1 : 0.6168"
"1,13 : 1.161"
"13,1 : 1.161"
"1,14 : 1.1597"
"14,1 : 1.1597"
"1,15 : 0.8521"
"15,1 : 0.8521"
"1,16 : 0.6107"
"16,1 : 0.6107"
"1,17 : 0.8028"
"17,1 : 0.8028"
"1,18 : 0.1565"
"18,1 : 0.1565"
"1,19 : 0.6727"
"19,1 : 0.6727"
"1,20 : 0.3"
"20,1 : 0.3"
"1,21 : 1.072"
"21,1 : 1.072"
"1,22 : 0.3829"
"22,1 : 0.3829"
"1,23 : 0.5955"
"23,1 : 0.5955"
"1,24 : 0.6398"
"24,1 : 0.6398"
"1,25 : 0.4627"
"25,1 : 0.4627"
"1,26 : 0.322"
"26,1 : 0.322"
"1,27 : 0.7433"
"27,1 : 0.7433"
"1,28 : 0.8573"
"28,1 : 0.8573"
"1,29 : 0.9343"
"29,1 : 0.9343"
"1,30 : 0.4669"
"30,1 : 0.4669"
"1,31 : 0.0825"
"31,1 : 0.0825"
"1,32 : 1.2088"
"32,1 : 1.2088"
"1,33 : 0.6627"
"33,1 : 0.6627"
"1,34 : 0.9228"
"34,1 : 0.9228"
"1,35 : 0.2147"
"35,1 : 0.2147"
"1,36 : 0.6259"
"36,1 : 0.6259"
"1,37 : 0.5096"
"37,1 : 0.5096"
"1,38 : 0.6198"
"38,1 : 0.6198"
"1,39 : 0.7286"
"39,1 : 0.7286"
"1,40 : 0.8654"
"40,1 : 0.8654"
"1,41 : 0.6859"
"41,1 : 0.6859"
"1,42 : 0.805"
"42,1 : 0.805"
"1,43 : 0.1281"
"43,1 : 0.1281"
"1,44 : 0.6845"
"44,1 : 0.6845"
"1,45 : 0.0949"
"45,1 : 0.0949"
"1,46 : 1.1245"
"46,1 : 1.1245"
"1,47 : 0.8075"
"47,1 : 0.8075"
"1,48 : 0.5376"
"48,1 : 0.5376"
"1,49 : 0.6364"
"49,1 : 0.6364"
"2,3 : 0.9795"
"3,2 : 0.9795"
"2,4 : 0.5255"
"4,2 : 0.5255"
"2,5 : 0.4238"
"5,2 : 0.4238"
"2,6 : 0.4934"
"6,2 : 0.4934"
"2,7 : 0.4429"
"7,2 : 0.4429"
"2,8 : 0.7147"
"8,2 : 0.7147"
"2,9 : 0.6901"
"9,2 : 0.6901"
"2,10 : 0.2119"
"10,2 : 0.2119"
"2,11 : 0.3"
"11,2 : 0.3"
"2,12 : 0.8184"
"12,2 : 0.8184"
"2,13 : 0.8884"
"13,2 : 0.8884"
"2,14 : 0.9291"
"14,2 : 0.9291"
"2,15 : 1.1963"
"15,2 : 1.1963"
"2,16 : 0.6306"
"16,2 : 0.6306"
"2,17 : 0.9985"
"17,2 : 0.9985"
"2,18 : 0.6519"
"18,2 : 0.6519"
"2,19 : 0.5692"
"19,2 : 0.5692"
"2,20 : 0.3905"
"20,2 : 0.3905"
"2,21 : 0.7519"
"21,2 : 0.7519"
"2,22 : 0.5174"
"22,2 : 0.5174"
"2,23 : 0.5323"
"23,2 : 0.5323"
"2,24 : 0.7855"
"24,2 : 0.7855"
"2,25 : 0.2236"
"25,2 : 0.2236"
"2,26 : 0.5048"
"26,2 : 0.5048"
"2,27 : 0.1709"
"27,2 : 0.1709"
"2,28 : 0.3677"
"28,2 : 0.3677"
"2,29 : 0.3081"
"29,2 : 0.3081"
"2,30 : 0.2202"
"30,2 : 0.2202"
"2,31 : 0.7203"
"31,2 : 0.7203"
"2,32 : 0.8889"
"32,2 : 0.8889"
"2,33 : 0.0361"
"33,2 : 0.0361"
"2,34 : 0.5629"
"34,2 : 0.5629"
"2,35 : 0.5255"
"35,2 : 0.5255"
"2,36 : 0.2404"
"36,2 : 0.2404"
"2,37 : 0.2983"
"37,2 : 0.2983"
"2,38 : 0.8382"
"38,2 : 0.8382"
"2,39 : 0.6088"
"39,2 : 0.6088"
"2,40 : 0.9563"
"40,2 : 0.9563"
"2,41 : 0.6008"
"41,2 : 0.6008"
"2,42 : 0.8709"
"42,2 : 0.8709"
"2,43 : 0.6294"
"43,2 : 0.6294"
"2,44 : 0.3847"
"44,2 : 0.3847"
"2,45 : 0.593"
"45,2 : 0.593"
"2,46 : 0.9055"
"46,2 : 0.9055"
"2,47 : 1.0569"
"47,2 : 1.0569"
"2,48 : 0.2343"
"48,2 : 0.2343"
"2,49 : 0.9309"
"49,2 : 0.9309"
"3,4 : 0.8602"
"4,3 : 0.8602"
"3,5 : 0.8458"
"5,3 : 0.8458"
"3,6 : 0.621"
"6,3 : 0.621"
"3,7 : 0.9139"
"7,3 : 0.9139"
"3,8 : 0.8529"
"8,3 : 0.8529"
"3,9 : 0.7424"
"9,3 : 0.7424"
"3,10 : 0.8045"
"10,3 : 0.8045"
"3,11 : 0.6907"
"11,3 : 0.6907"
"3,12 : 0.1789"
"12,3 : 0.1789"
"3,13 : 0.8188"
"13,3 : 0.8188"
"3,14 : 0.7788"
"14,3 : 0.7788"
"3,15 : 0.2195"
"15,3 : 0.2195"
"3,16 : 0.3895"
"16,3 : 0.3895"
"3,17 : 0.1844"
"17,3 : 0.1844"
"3,18 : 0.5204"
"18,3 : 0.5204"
"3,19 : 0.4966"
"19,3 : 0.4966"
"3,20 : 0.7058"
"20,3 : 0.7058"
"3,21 : 0.8102"
"21,3 : 0.8102"
"3,22 : 0.4751"
"22,3 : 0.4751"
"3,23 : 0.4826"
"23,3 : 0.4826"
"3,24 : 0.2341"
"24,3 : 0.2341"
"3,25 : 0.8199"
"25,3 : 0.8199"
"3,26 : 0.5148"
"26,3 : 0.5148"
"3,27 : 0.9079"
"27,3 : 0.9079"
"3,28 : 0.8724"
"28,3 : 0.8724"
"3,29 : 1.0485"
"29,3 : 1.0485"
"3,30 : 0.846"
"30,3 : 0.846"
"3,31 : 0.5842"
"31,3 : 0.5842"
"3,32 : 0.8956"
"32,3 : 0.8956"
"3,33 : 0.9437"
"33,3 : 0.9437"
"3,34 : 0.7762"
"34,3 : 0.7762"
"3,35 : 0.5772"
"35,3 : 0.5772"
"3,36 : 0.7642"
"36,3 : 0.7642"
"3,37 : 0.6812"
"37,3 : 0.6812"
"3,38 : 0.1565"
"38,3 : 0.1565"
"3,39 : 0.506"
"39,3 : 0.506"
"3,40 : 0.313"
"40,3 : 0.313"
"3,41 : 0.4754"
"41,3 : 0.4754"
"3,42 : 0.3158"
"42,3 : 0.3158"
"3,43 : 0.5608"
"43,3 : 0.5608"
"3,44 : 0.6796"
"44,3 : 0.6796"
"3,45 : 0.6912"
"45,3 : 0.6912"
"3,46 : 0.7453"
"46,3 : 0.7453"
"3,47 : 0.1523"
"47,3 : 0.1523"
"3,48 : 0.7452"
"48,3 : 0.7452"
"3,49 : 0.05"
"49,3 : 0.05"
"4,5 : 0.103"
"5,4 : 0.103"
"4,6 : 0.7424"
"6,4 : 0.7424"
"4,7 : 0.102"
"7,4 : 0.102"
"4,8 : 0.1924"
"8,4 : 0.1924"
"4,9 : 1.0024"
"9,4 : 1.0024"
"4,10 : 0.5731"
"10,4 : 0.5731"
"4,11 : 0.5301"
"11,4 : 0.5301"
"4,12 : 0.6841"
"12,4 : 0.6841"
"4,13 : 0.3801"
"13,4 : 0.3801"
"4,14 : 0.4342"
"14,4 : 0.4342"
"4,15 : 1.0332"
"15,4 : 1.0332"
"4,16 : 0.4851"
"16,4 : 0.4851"
"4,17 : 0.779"
"17,4 : 0.779"
"4,18 : 0.8412"
"18,4 : 0.8412"
"4,19 : 0.3734"
"19,4 : 0.3734"
"4,20 : 0.6963"
"20,4 : 0.6963"
"4,21 : 0.2402"
"21,4 : 0.2402"
"4,22 : 0.5991"
"22,4 : 0.5991"
"4,23 : 0.4201"
"23,4 : 0.4201"
"4,24 : 0.6264"
"24,4 : 0.6264"
"4,25 : 0.6088"
"25,4 : 0.6088"
"4,26 : 0.6451"
"26,4 : 0.6451"
"4,27 : 0.3547"
"27,4 : 0.3547"
"4,28 : 0.1581"
"28,4 : 0.1581"
"4,29 : 0.3158"
"29,4 : 0.3158"
"4,30 : 0.6313"
"30,4 : 0.6313"
"4,31 : 0.9458"
"31,4 : 0.9458"
"4,32 : 0.3667"
"32,4 : 0.3667"
"4,33 : 0.5057"
"33,4 : 0.5057"
"4,34 : 0.0922"
"34,4 : 0.0922"
"4,35 : 0.7432"
"35,4 : 0.7432"
"4,36 : 0.3677"
"36,4 : 0.3677"
"4,37 : 0.4604"
"37,4 : 0.4604"
"4,38 : 0.706"
"38,4 : 0.706"
"4,39 : 0.3544"
"39,4 : 0.3544"
"4,40 : 0.672"
"40,4 : 0.672"
"4,41 : 0.3883"
"41,4 : 0.3883"
"4,42 : 0.6021"
"42,4 : 0.6021"
"4,43 : 0.845"
"43,4 : 0.845"
"4,44 : 0.2731"
"44,4 : 0.2731"
"4,45 : 0.8907"
"45,4 : 0.8907"
"4,46 : 0.4198"
"46,4 : 0.4198"
"4,47 : 0.8588"
"47,4 : 0.8588"
"4,48 : 0.4601"
"48,4 : 0.4601"
"4,49 : 0.8132"
"49,4 : 0.8132"
"5,6 : 0.6592"
"6,5 : 0.6592"
"5,7 : 0.0707"
"7,5 : 0.0707"
"5,8 : 0.2912"
"8,5 : 0.2912"
"5,9 : 0.9171"
"9,5 : 0.9171"
"5,10 : 0.4738"
"10,5 : 0.4738"
"5,11 : 0.4391"
"11,5 : 0.4391"
"5,12 : 0.6671"
"12,5 : 0.6671"
"5,13 : 0.4717"
"13,5 : 0.4717"
"5,14 : 0.5201"
"14,5 : 0.5201"
"5,15 : 1.0325"
"15,5 : 1.0325"
"5,16 : 0.4588"
"16,5 : 0.4588"
"5,17 : 0.786"
"17,5 : 0.786"
"5,18 : 0.769"
"18,5 : 0.769"
"5,19 : 0.3493"
"19,5 : 0.3493"
"5,20 : 0.6054"
"20,5 : 0.6054"
"5,21 : 0.3324"
"21,5 : 0.3324"
"5,22 : 0.5334"
"22,5 : 0.5334"
"5,23 : 0.3785"
"23,5 : 0.3785"
"5,24 : 0.6127"
"24,5 : 0.6127"
"5,25 : 0.5091"
"25,5 : 0.5091"
"5,26 : 0.5727"
"26,5 : 0.5727"
"5,27 : 0.253"
"27,5 : 0.253"
"5,28 : 0.06"
"28,5 : 0.06"
"5,29 : 0.246"
"29,5 : 0.246"
"5,30 : 0.5308"
"30,5 : 0.5308"
"5,31 : 0.8709"
"31,5 : 0.8709"
"5,32 : 0.4657"
"32,5 : 0.4657"
"5,33 : 0.4031"
"33,5 : 0.4031"
"5,34 : 0.1513"
"34,5 : 0.1513"
"5,35 : 0.6641"
"35,5 : 0.6641"
"5,36 : 0.2702"
"36,5 : 0.2702"
"5,37 : 0.3712"
"37,5 : 0.3712"
"5,38 : 0.6894"
"38,5 : 0.6894"
"5,39 : 0.3467"
"39,5 : 0.3467"
"5,40 : 0.693"
"40,5 : 0.693"
"5,41 : 0.3712"
"41,5 : 0.3712"
"5,42 : 0.6162"
"42,5 : 0.6162"
"5,43 : 0.7692"
"43,5 : 0.7692"
"5,44 : 0.201"
"44,5 : 0.201"
"5,45 : 0.8053"
"45,5 : 0.8053"
"5,46 : 0.5016"
"46,5 : 0.5016"
"5,47 : 0.8627"
"47,5 : 0.8627"
"5,48 : 0.364"
"48,5 : 0.364"
"5,49 : 0.7971"
"49,5 : 0.7971"
"6,7 : 0.7211"
"7,6 : 0.7211"
"6,8 : 0.8701"
"8,6 : 0.8701"
"6,9 : 0.2608"
"9,6 : 0.2608"
"6,10 : 0.2816"
"10,6 : 0.2816"
"6,11 : 0.2319"
"11,6 : 0.2319"
"6,12 : 0.52"
"12,6 : 0.52"
"6,13 : 0.97"
"13,6 : 0.97"
"6,14 : 0.9762"
"14,6 : 0.9762"
"6,15 : 0.8349"
"15,6 : 0.8349"
"6,16 : 0.4478"
"16,6 : 0.4478"
"6,17 : 0.7203"
"17,6 : 0.7203"
"6,18 : 0.1612"
"18,6 : 0.1612"
"6,19 : 0.486"
"19,6 : 0.486"
"6,20 : 0.1082"
"20,6 : 0.1082"
"6,21 : 0.8711"
"21,6 : 0.8711"
"6,22 : 0.2062"
"22,6 : 0.2062"
"6,23 : 0.408"
"23,6 : 0.408"
"6,24 : 0.5235"
"24,6 : 0.5235"
"6,25 : 0.2731"
"25,6 : 0.2731"
"6,26 : 0.1393"
"26,6 : 0.1393"
"6,27 : 0.5301"
"27,6 : 0.5301"
"6,28 : 0.6389"
"28,6 : 0.6389"
"6,29 : 0.7206"
"29,6 : 0.7206"
"6,30 : 0.2865"
"30,6 : 0.2865"
"6,31 : 0.2309"
"31,6 : 0.2309"
"6,32 : 1.0114"
"32,6 : 1.0114"
"6,33 : 0.4657"
"33,6 : 0.4657"
"6,34 : 0.7128"
"34,6 : 0.7128"
"6,35 : 0.0447"
"35,6 : 0.0447"
"6,36 : 0.4079"
"36,6 : 0.4079"
"6,37 : 0.2912"
"37,6 : 0.2912"
"6,38 : 0.5304"
"38,6 : 0.5304"
"6,39 : 0.5441"
"39,6 : 0.5441"
"6,40 : 0.7497"
"40,6 : 0.7497"
"6,41 : 0.5048"
"41,6 : 0.5048"
"6,42 : 0.6768"
"42,6 : 0.6768"
"6,43 : 0.136"
"43,6 : 0.136"
"6,44 : 0.4701"
"44,6 : 0.4701"
"6,45 : 0.15"
"45,6 : 0.15"
"6,46 : 0.942"
"46,6 : 0.942"
"6,47 : 0.7467"
"47,6 : 0.7467"
"6,48 : 0.3214"
"48,6 : 0.3214"
"6,49 : 0.5825"
"49,6 : 0.5825"
"7,8 : 0.2902"
"8,7 : 0.2902"
"7,9 : 0.9769"
"9,7 : 0.9769"
"7,10 : 0.5201"
"10,7 : 0.5201"
"7,11 : 0.4966"
"11,7 : 0.4966"
"7,12 : 0.7354"
"12,7 : 0.7354"
"7,13 : 0.4809"
"13,7 : 0.4809"
"7,14 : 0.536"
"14,7 : 0.536"
"7,15 : 1.0977"
"15,7 : 1.0977"
"7,16 : 0.5281"
"16,7 : 0.5281"
"7,17 : 0.8488"
"17,7 : 0.8488"
"7,18 : 0.8355"
"18,7 : 0.8355"
"7,19 : 0.4179"
"19,7 : 0.4179"
"7,20 : 0.6619"
"20,7 : 0.6619"
"7,21 : 0.3413"
"21,7 : 0.3413"
"7,22 : 0.6021"
"22,7 : 0.6021"
"7,23 : 0.4491"
"23,7 : 0.4491"
"7,24 : 0.6803"
"24,7 : 0.6803"
"7,25 : 0.5544"
"25,7 : 0.5544"
"7,26 : 0.6395"
"26,7 : 0.6395"
"7,27 : 0.2746"
"27,7 : 0.2746"
"7,28 : 0.086"
"28,7 : 0.086"
"7,29 : 0.2138"
"29,7 : 0.2138"
"7,30 : 0.5738"
"30,7 : 0.5738"
"7,31 : 0.9362"
"31,7 : 0.9362"
"7,32 : 0.4627"
"32,7 : 0.4627"
"7,33 : 0.4272"
"33,7 : 0.4272"
"7,34 : 0.1836"
"34,7 : 0.1836"
"7,35 : 0.728"
"35,7 : 0.728"
"7,36 : 0.3225"
"36,7 : 0.3225"
"7,37 : 0.4308"
"37,7 : 0.4308"
"7,38 : 0.7577"
"38,7 : 0.7577"
"7,39 : 0.4118"
"39,7 : 0.4118"
"7,40 : 0.7507"
"40,7 : 0.7507"
"7,41 : 0.4386"
"41,7 : 0.4386"
"7,42 : 0.6762"
"42,7 : 0.6762"
"7,43 : 0.8343"
"43,7 : 0.8343"
"7,44 : 0.2702"
"44,7 : 0.2702"
"7,45 : 0.8654"
"45,7 : 0.8654"
"7,46 : 0.5217"
"46,7 : 0.5217"
"7,47 : 0.9265"
"47,7 : 0.9265"
"7,48 : 0.4168"
"48,7 : 0.4168"
"7,49 : 0.8654"
"49,7 : 0.8654"
"8,9 : 1.13"
"9,8 : 1.13"
"8,10 : 0.7406"
"10,8 : 0.7406"
"8,11 : 0.6794"
"11,8 : 0.6794"
"8,12 : 0.6901"
"12,8 : 0.6901"
"8,13 : 0.1942"
"13,8 : 0.1942"
"8,14 : 0.2563"
"14,8 : 0.2563"
"8,15 : 0.9946"
"15,8 : 0.9946"
"8,16 : 0.5239"
"16,8 : 0.5239"
"8,17 : 0.735"
"17,8 : 0.735"
"8,18 : 0.9441"
"18,8 : 0.9441"
"8,19 : 0.4238"
"19,8 : 0.4238"
"8,20 : 0.8415"
"20,8 : 0.8415"
"8,21 : 0.064"
"21,8 : 0.064"
"8,22 : 0.6984"
"22,8 : 0.6984"
"8,23 : 0.4924"
"23,8 : 0.4924"
"8,24 : 0.6301"
"24,8 : 0.6301"
"8,25 : 0.7767"
"25,8 : 0.7767"
"8,26 : 0.7547"
"26,8 : 0.7547"
"8,27 : 0.5441"
"27,8 : 0.5441"
"8,28 : 0.3493"
"28,8 : 0.3493"
"8,29 : 0.5009"
"29,8 : 0.5009"
"8,30 : 0.8016"
"30,8 : 0.8016"
"8,31 : 1.0519"
"31,8 : 1.0519"
"8,32 : 0.1746"
"32,8 : 0.1746"
"8,33 : 0.6929"
"33,8 : 0.6929"
"8,34 : 0.164"
"34,8 : 0.164"
"8,35 : 0.8627"
"35,8 : 0.8627"
"8,36 : 0.5354"
"36,8 : 0.5354"
"8,37 : 0.6088"
"37,8 : 0.6088"
"8,38 : 0.71"
"38,8 : 0.71"
"8,39 : 0.3808"
"39,8 : 0.3808"
"8,40 : 0.6075"
"40,8 : 0.6075"
"8,41 : 0.4245"
"41,8 : 0.4245"
"8,42 : 0.5554"
"42,8 : 0.5554"
"8,43 : 0.9552"
"43,8 : 0.9552"
"8,44 : 0.4104"
"44,8 : 0.4104"
"8,45 : 1.02"
"45,8 : 1.02"
"8,46 : 0.2506"
"46,8 : 0.2506"
"8,47 : 0.8174"
"47,8 : 0.8174"
"8,48 : 0.622"
"48,8 : 0.622"
"8,49 : 0.811"
"49,8 : 0.811"
"9,10 : 0.4937"
"10,9 : 0.4937"
"9,11 : 0.481"
"11,9 : 0.481"
"9,12 : 0.6957"
"12,9 : 0.6957"
"9,13 : 1.2233"
"13,9 : 1.2233"
"9,14 : 1.2249"
"14,9 : 1.2249"
"9,15 : 0.9313"
"15,9 : 0.9313"
"9,16 : 0.6801"
"16,9 : 0.6801"
"9,17 : 0.8829"
"17,9 : 0.8829"
"9,18 : 0.2341"
"18,9 : 0.2341"
"9,19 : 0.7355"
"19,9 : 0.7355"
"9,20 : 0.3202"
"20,9 : 0.3202"
"9,21 : 1.1293"
"21,9 : 1.1293"
"9,22 : 0.446"
"22,9 : 0.446"
"9,23 : 0.6576"
"23,9 : 0.6576"
"9,24 : 0.7169"
"24,9 : 0.7169"
"9,25 : 0.471"
"25,9 : 0.471"
"9,26 : 0.3818"
"26,9 : 0.3818"
"9,27 : 0.7649"
"27,9 : 0.7649"
"9,28 : 0.8932"
"28,9 : 0.8932"
"9,29 : 0.9552"
"29,9 : 0.9552"
"9,30 : 0.47"
"30,9 : 0.47"
"9,31 : 0.1603"
"31,9 : 0.1603"
"9,32 : 1.2681"
"32,9 : 1.2681"
"9,33 : 0.6703"
"33,9 : 0.6703"
"9,34 : 0.9735"
"34,9 : 0.9735"
"9,35 : 0.2691"
"35,9 : 0.2691"
"9,36 : 0.6579"
"36,9 : 0.6579"
"9,37 : 0.5463"
"37,9 : 0.5463"
"9,38 : 0.6992"
"38,9 : 0.6992"
"9,39 : 0.7925"
"39,9 : 0.7925"
"9,40 : 0.9434"
"40,9 : 0.9434"
"9,41 : 0.7507"
"41,9 : 0.7507"
"9,42 : 0.8814"
"42,9 : 0.8814"
"9,43 : 0.2012"
"43,9 : 0.2012"
"9,44 : 0.7306"
"44,9 : 0.7306"
"9,45 : 0.1118"
"45,9 : 0.1118"
"9,46 : 1.19"
"46,9 : 1.19"
"9,47 : 0.8881"
"47,9 : 0.8881"
"9,48 : 0.5661"
"48,9 : 0.5661"
"9,49 : 0.717"
"49,9 : 0.717"
"10,11 : 0.117"
"11,10 : 0.117"
"10,12 : 0.658"
"12,10 : 0.658"
"10,13 : 0.8857"
"13,10 : 0.8857"
"10,14 : 0.9118"
"14,10 : 0.9118"
"10,15 : 1.024"
"15,10 : 1.024"
"10,16 : 0.4982"
"16,10 : 0.4982"
"10,17 : 0.8509"
"17,10 : 0.8509"
"10,18 : 0.4401"
"18,10 : 0.4401"
"10,19 : 0.4704"
"19,10 : 0.4704"
"10,20 : 0.1811"
"20,10 : 0.1811"
"10,21 : 0.7616"
"21,10 : 0.7616"
"10,22 : 0.3302"
"22,10 : 0.3302"
"10,23 : 0.4111"
"23,10 : 0.4111"
"10,24 : 0.6357"
"24,10 : 0.6357"
"10,25 : 0.0361"
"25,10 : 0.0361"
"10,26 : 0.3041"
"26,10 : 0.3041"
"10,27 : 0.2751"
"27,10 : 0.2751"
"10,28 : 0.4342"
"28,10 : 0.4342"
"10,29 : 0.4632"
"29,10 : 0.4632"
"10,30 : 0.0632"
"30,10 : 0.0632"
"10,31 : 0.5099"
"31,10 : 0.5099"
"10,32 : 0.9055"
"32,10 : 0.9055"
"10,33 : 0.1844"
"33,10 : 0.1844"
"10,34 : 0.5769"
"34,10 : 0.5769"
"10,35 : 0.3138"
"35,10 : 0.3138"
"10,36 : 0.2062"
"36,10 : 0.2062"
"10,37 : 0.1603"
"37,10 : 0.1603"
"10,38 : 0.6754"
"38,10 : 0.6754"
"10,39 : 0.5224"
"39,10 : 0.5224"
"10,40 : 0.8336"
"40,10 : 0.8336"
"10,41 : 0.5001"
"41,10 : 0.5001"
"10,42 : 0.7497"
"42,10 : 0.7497"
"10,43 : 0.4176"
"43,10 : 0.4176"
"10,44 : 0.3401"
"44,10 : 0.3401"
"10,45 : 0.3901"
"45,10 : 0.3901"
"10,46 : 0.8826"
"46,10 : 0.8826"
"10,47 : 0.8996"
"47,10 : 0.8996"
"10,48 : 0.1208"
"48,10 : 0.1208"
"10,49 : 0.758"
"49,10 : 0.758"
"11,12 : 0.5413"
"12,11 : 0.5413"
"11,13 : 0.8078"
"13,11 : 0.8078"
"11,14 : 0.8273"
"14,11 : 0.8273"
"11,15 : 0.9097"
"15,11 : 0.9097"
"11,16 : 0.3833"
"16,11 : 0.3833"
"11,17 : 0.7339"
"17,11 : 0.7339"
"11,18 : 0.3734"
"18,11 : 0.3734"
"11,19 : 0.365"
"19,11 : 0.365"
"11,20 : 0.1664"
"20,11 : 0.1664"
"11,21 : 0.692"
"21,11 : 0.692"
"11,22 : 0.2193"
"22,11 : 0.2193"
"11,23 : 0.3002"
"23,11 : 0.3002"
"11,24 : 0.5187"
"24,11 : 0.5187"
"11,25 : 0.1414"
"25,11 : 0.1414"
"11,26 : 0.2059"
"26,11 : 0.2059"
"11,27 : 0.3007"
"27,11 : 0.3007"
"11,28 : 0.4123"
"28,11 : 0.4123"
"11,29 : 0.49"
"29,11 : 0.49"
"11,30 : 0.1712"
"30,11 : 0.1712"
"11,31 : 0.4601"
"31,11 : 0.4601"
"11,32 : 0.836"
"32,11 : 0.836"
"11,33 : 0.2663"
"33,11 : 0.2663"
"11,34 : 0.5162"
"34,11 : 0.5162"
"11,35 : 0.2502"
"35,11 : 0.2502"
"11,36 : 0.1772"
"36,11 : 0.1772"
"11,37 : 0.0707"
"37,11 : 0.0707"
"11,38 : 0.559"
"38,11 : 0.559"
"11,39 : 0.4198"
"39,11 : 0.4198"
"11,40 : 0.7185"
"40,11 : 0.7185"
"11,41 : 0.3932"
"41,11 : 0.3932"
"11,42 : 0.6351"
"42,11 : 0.6351"
"11,43 : 0.3601"
"43,11 : 0.3601"
"11,44 : 0.2691"
"44,11 : 0.2691"
"11,45 : 0.37"
"45,11 : 0.37"
"11,46 : 0.7962"
"46,11 : 0.7962"
"11,47 : 0.7829"
"47,11 : 0.7829"
"11,48 : 0.09"
"48,11 : 0.09"
"11,49 : 0.6435"
"49,11 : 0.6435"
"12,13 : 0.6801"
"13,12 : 0.6801"
"12,14 : 0.65"
"14,12 : 0.65"
"12,15 : 0.3818"
"15,12 : 0.3818"
"12,16 : 0.211"
"16,12 : 0.211"
"12,17 : 0.201"
"17,12 : 0.201"
"12,18 : 0.4617"
"18,12 : 0.4617"
"12,19 : 0.3178"
"19,12 : 0.3178"
"12,20 : 0.5869"
"20,12 : 0.5869"
"12,21 : 0.6528"
"21,12 : 0.6528"
"12,22 : 0.3396"
"22,12 : 0.3396"
"12,23 : 0.3061"
"23,12 : 0.3061"
"12,24 : 0.06"
"24,12 : 0.06"
"12,25 : 0.6778"
"25,12 : 0.6778"
"12,26 : 0.3932"
"26,12 : 0.3932"
"12,27 : 0.7355"
"27,12 : 0.7355"
"12,28 : 0.6935"
"28,12 : 0.6935"
"12,29 : 0.8709"
"29,12 : 0.8709"
"12,30 : 0.7058"
"30,12 : 0.7058"
"12,31 : 0.5504"
"31,12 : 0.5504"
"12,32 : 0.7519"
"32,12 : 0.7519"
"12,33 : 0.7824"
"33,12 : 0.7824"
"12,34 : 0.6021"
"34,12 : 0.6021"
"12,35 : 0.4804"
"35,12 : 0.4804"
"12,36 : 0.5946"
"36,12 : 0.5946"
"12,37 : 0.5215"
"37,12 : 0.5215"
"12,38 : 0.0224"
"38,12 : 0.0224"
"12,39 : 0.3298"
"39,12 : 0.3298"
"12,40 : 0.2506"
"40,12 : 0.2506"
"12,41 : 0.2973"
"41,12 : 0.2973"
"12,42 : 0.2052"
"42,12 : 0.2052"
"12,43 : 0.4973"
"43,12 : 0.4973"
"12,44 : 0.5022"
"44,12 : 0.5022"
"12,45 : 0.6217"
"45,12 : 0.6217"
"12,46 : 0.6147"
"46,12 : 0.6147"
"12,47 : 0.2417"
"47,12 : 0.2417"
"12,48 : 0.5852"
"48,12 : 0.5852"
"12,49 : 0.13"
"49,12 : 0.13"
"13,14 : 0.0707"
"14,13 : 0.0707"
"13,15 : 0.9227"
"15,13 : 0.9227"
"13,16 : 0.563"
"16,13 : 0.563"
"13,17 : 0.67"
"17,13 : 0.67"
"13,18 : 1.0167"
"18,13 : 1.0167"
"13,19 : 0.4884"
"19,13 : 0.4884"
"13,20 : 0.9602"
"20,13 : 0.9602"
"13,21 : 0.14"
"21,13 : 0.14"
"13,22 : 0.7783"
"22,13 : 0.7783"
"13,23 : 0.5659"
"23,13 : 0.5659"
"13,24 : 0.623"
"24,13 : 0.623"
"13,25 : 0.9214"
"25,13 : 0.9214"
"13,26 : 0.8415"
"26,13 : 0.8415"
"13,27 : 0.7201"
"27,13 : 0.7201"
"13,28 : 0.5315"
"28,13 : 0.5315"
"13,29 : 0.6935"
"29,13 : 0.6935"
"13,30 : 0.9485"
"30,13 : 0.9485"
"13,31 : 1.1245"
"31,13 : 1.1245"
"13,32 : 0.0825"
"32,13 : 0.0825"
"13,33 : 0.8635"
"33,13 : 0.8635"
"13,34 : 0.3256"
"34,13 : 0.3256"
"13,35 : 0.9546"
"35,13 : 0.9546"
"13,36 : 0.6871"
"36,13 : 0.6871"
"13,37 : 0.7393"
"37,13 : 0.7393"
"13,38 : 0.6964"
"38,13 : 0.6964"
"13,39 : 0.4328"
"39,13 : 0.4328"
"13,40 : 0.5304"
"40,13 : 0.5304"
"13,41 : 0.4763"
"41,13 : 0.4763"
"13,42 : 0.5036"
"42,13 : 0.5036"
"13,43 : 1.0348"
"43,13 : 1.0348"
"13,44 : 0.5456"
"44,13 : 0.5456"
"13,45 : 1.1176"
"45,13 : 1.1176"
"13,46 : 0.0854"
"46,13 : 0.0854"
"13,47 : 0.7503"
"47,13 : 0.7503"
"13,48 : 0.7649"
"48,13 : 0.7649"
"13,49 : 0.7845"
"49,13 : 0.7845"
"14,15 : 0.8702"
"15,14 : 0.8702"
"14,16 : 0.5532"
"16,14 : 0.5532"
"14,17 : 0.622"
"17,14 : 0.622"
"14,18 : 1.0118"
"18,14 : 1.0118"
"14,19 : 0.4904"
"19,14 : 0.4904"
"14,20 : 0.9742"
"20,14 : 0.9742"
"14,21 : 0.1965"
"21,14 : 0.1965"
"14,22 : 0.779"
"22,14 : 0.779"
"14,23 : 0.5685"
"23,14 : 0.5685"
"14,24 : 0.5951"
"24,14 : 0.5951"
"14,25 : 0.947"
"25,14 : 0.947"
"14,26 : 0.8439"
"26,14 : 0.8439"
"14,27 : 0.7632"
"27,14 : 0.7632"
"14,28 : 0.5801"
"28,14 : 0.5801"
"14,29 : 0.7497"
"29,14 : 0.7497"
"14,30 : 0.975"
"30,14 : 0.975"
"14,31 : 1.1187"
"31,14 : 1.1187"
"14,32 : 0.1476"
"32,14 : 0.1476"
"14,33 : 0.9026"
"33,14 : 0.9026"
"14,34 : 0.3701"
"34,14 : 0.3701"
"14,35 : 0.9578"
"35,14 : 0.9578"
"14,36 : 0.7184"
"36,14 : 0.7184"
"14,37 : 0.7606"
"37,14 : 0.7606"
"14,38 : 0.6648"
"38,14 : 0.6648"
"14,39 : 0.4328"
"39,14 : 0.4328"
"14,40 : 0.4809"
"40,14 : 0.4809"
"14,41 : 0.4742"
"41,14 : 0.4742"
"14,42 : 0.4632"
"42,14 : 0.4632"
"14,43 : 1.0324"
"43,14 : 1.0324"
"14,44 : 0.5725"
"44,14 : 0.5725"
"14,45 : 1.1216"
"45,14 : 1.1216"
"14,46 : 0.0361"
"46,14 : 0.0361"
"14,47 : 0.7006"
"47,14 : 0.7006"
"14,48 : 0.7912"
"48,14 : 0.7912"
"14,49 : 0.7473"
"49,14 : 0.7473"
"15,16 : 0.589"
"16,15 : 0.589"
"15,17 : 0.2596"
"17,15 : 0.2596"
"15,18 : 0.7218"
"18,15 : 0.7218"
"15,19 : 0.6882"
"19,15 : 0.6882"
"15,20 : 0.9231"
"20,15 : 0.9231"
"15,21 : 0.9437"
"21,15 : 0.9437"
"15,22 : 0.6946"
"22,15 : 0.6946"
"15,23 : 0.6868"
"23,15 : 0.6868"
"15,24 : 0.4264"
"24,15 : 0.4264"
"15,25 : 1.0394"
"25,15 : 1.0394"
"15,26 : 0.7335"
"26,15 : 0.7335"
"15,27 : 1.1173"
"27,15 : 1.1173"
"15,28 : 1.0651"
"28,15 : 1.0651"
"15,29 : 1.2481"
"29,15 : 1.2481"
"15,30 : 1.0655"
"30,15 : 1.0655"
"15,31 : 0.771"
"31,15 : 0.771"
"15,32 : 1.004"
"32,15 : 1.004"
"15,33 : 1.1604"
"33,15 : 1.1604"
"15,34 : 0.9443"
"34,15 : 0.9443"
"15,35 : 0.7906"
"35,15 : 0.7906"
"15,36 : 0.9762"
"36,15 : 0.9762"
"15,37 : 0.8981"
"37,15 : 0.8981"
"15,38 : 0.3607"
"38,15 : 0.3607"
"15,39 : 0.686"
"39,15 : 0.686"
"15,40 : 0.3932"
"40,15 : 0.3932"
"15,41 : 0.6629"
"41,15 : 0.6629"
"15,42 : 0.4397"
"42,15 : 0.4397"
"15,43 : 0.763"
"43,15 : 0.763"
"15,44 : 0.8809"
"44,15 : 0.8809"
"15,45 : 0.8927"
"45,15 : 0.8927"
"15,46 : 0.841"
"46,15 : 0.841"
"15,47 : 0.1772"
"47,15 : 0.1772"
"15,48 : 0.9621"
"48,15 : 0.9621"
"15,49 : 0.2663"
"49,15 : 0.2663"
"16,17 : 0.3689"
"17,16 : 0.3689"
"16,18 : 0.4597"
"18,16 : 0.4597"
"16,19 : 0.1118"
"19,16 : 0.1118"
"16,20 : 0.4785"
"20,16 : 0.4785"
"16,21 : 0.4998"
"21,16 : 0.4998"
"16,22 : 0.2417"
"22,16 : 0.2417"
"16,23 : 0.1"
"23,16 : 0.1"
"16,24 : 0.1628"
"24,16 : 0.1628"
"16,25 : 0.5247"
"25,16 : 0.5247"
"16,26 : 0.3087"
"26,16 : 0.3087"
"16,27 : 0.5315"
"27,16 : 0.5315"
"16,28 : 0.483"
"28,16 : 0.483"
"16,29 : 0.6603"
"29,16 : 0.6603"
"16,30 : 0.5544"
"30,16 : 0.5544"
"16,31 : 0.5659"
"31,16 : 0.5659"
"16,32 : 0.6218"
"32,16 : 0.6218"
"16,33 : 0.5948"
"33,16 : 0.5948"
"16,34 : 0.4101"
"34,16 : 0.4101"
"16,35 : 0.4206"
"35,16 : 0.4206"
"16,36 : 0.3966"
"36,16 : 0.3966"
"16,37 : 0.3448"
"37,16 : 0.3448"
"16,38 : 0.2332"
"38,16 : 0.2332"
"16,39 : 0.1432"
"39,16 : 0.1432"
"16,40 : 0.3354"
"40,16 : 0.3354"
"16,41 : 0.1005"
"41,16 : 0.1005"
"16,42 : 0.2518"
"42,16 : 0.2518"
"16,43 : 0.4827"
"43,16 : 0.4827"
"16,44 : 0.2921"
"44,16 : 0.2921"
"16,45 : 0.5831"
"45,16 : 0.5831"
"16,46 : 0.5174"
"46,16 : 0.5174"
"16,47 : 0.4328"
"47,16 : 0.4328"
"16,48 : 0.405"
"48,16 : 0.405"
"16,49 : 0.34"
"49,16 : 0.34"
"17,18 : 0.6512"
"18,17 : 0.6512"
"17,19 : 0.4528"
"19,17 : 0.4528"
"17,20 : 0.7877"
"20,17 : 0.7877"
"17,21 : 0.6845"
"21,17 : 0.6845"
"17,22 : 0.5394"
"22,17 : 0.5394"
"17,23 : 0.4687"
"23,17 : 0.4687"
"17,24 : 0.2154"
"24,17 : 0.2154"
"17,25 : 0.8728"
"25,17 : 0.8728"
"17,26 : 0.5941"
"26,17 : 0.5941"
"17,27 : 0.8981"
"27,17 : 0.8981"
"17,28 : 0.8233"
"28,17 : 0.8233"
"17,29 : 1.0118"
"29,17 : 1.0118"
"17,30 : 0.9014"
"30,17 : 0.9014"
"17,31 : 0.7308"
"31,17 : 0.7308"
"17,32 : 0.7503"
"32,17 : 0.7503"
"17,33 : 0.9625"
"33,17 : 0.9625"
"17,34 : 0.6888"
"34,17 : 0.6888"
"17,35 : 0.68"
"35,17 : 0.68"
"17,36 : 0.7655"
"36,17 : 0.7655"
"17,37 : 0.7068"
"37,17 : 0.7068"
"17,38 : 0.19"
"38,17 : 0.19"
"17,39 : 0.4405"
"39,17 : 0.4405"
"17,40 : 0.1414"
"40,17 : 0.1414"
"17,41 : 0.4243"
"41,17 : 0.4243"
"17,42 : 0.1803"
"42,17 : 0.1803"
"17,43 : 0.6888"
"43,17 : 0.6888"
"17,44 : 0.6519"
"44,17 : 0.6519"
"17,45 : 0.8161"
"45,17 : 0.8161"
"17,46 : 0.5908"
"46,17 : 0.5908"
"17,47 : 0.0825"
"47,17 : 0.0825"
"17,48 : 0.7692"
"48,17 : 0.7692"
"17,49 : 0.1803"
"49,17 : 0.1803"
"18,19 : 0.5301"
"19,18 : 0.5301"
"18,20 : 0.2693"
"20,18 : 0.2693"
"18,21 : 0.9349"
"21,18 : 0.9349"
"18,22 : 0.246"
"22,18 : 0.246"
"18,23 : 0.4549"
"23,18 : 0.4549"
"18,24 : 0.4833"
"24,18 : 0.4833"
"18,25 : 0.4338"
"25,18 : 0.4338"
"18,26 : 0.1965"
"26,18 : 0.1965"
"18,27 : 0.6736"
"27,18 : 0.6736"
"18,28 : 0.758"
"28,18 : 0.758"
"18,29 : 0.8615"
"29,18 : 0.8615"
"18,30 : 0.4478"
"30,18 : 0.4478"
"18,31 : 0.1082"
"31,18 : 0.1082"
"18,32 : 1.0683"
"32,18 : 1.0683"
"18,33 : 0.623"
"33,18 : 0.623"
"18,34 : 0.7971"
"34,18 : 0.7971"
"18,35 : 0.1265"
"35,18 : 0.1265"
"18,36 : 0.54"
"36,18 : 0.54"
"18,37 : 0.42"
"37,18 : 0.42"
"18,38 : 0.4657"
"38,18 : 0.4657"
"18,39 : 0.5841"
"39,18 : 0.5841"
"18,40 : 0.7094"
"40,18 : 0.7094"
"18,41 : 0.5404"
"41,18 : 0.5404"
"18,42 : 0.6485"
"42,18 : 0.6485"
"18,43 : 0.0412"
"43,18 : 0.0412"
"18,44 : 0.5701"
"44,18 : 0.5701"
"18,45 : 0.1712"
"45,18 : 0.1712"
"18,46 : 0.9762"
"46,18 : 0.9762"
"18,47 : 0.6612"
"47,18 : 0.6612"
"18,48 : 0.4627"
"48,18 : 0.4627"
"18,49 : 0.4904"
"49,18 : 0.4904"
"19,20 : 0.4924"
"20,19 : 0.4924"
"19,21 : 0.4071"
"21,19 : 0.4071"
"19,22 : 0.29"
"22,19 : 0.29"
"19,23 : 0.0781"
"23,19 : 0.0781"
"19,24 : 0.2642"
"24,19 : 0.2642"
"19,25 : 0.5016"
"25,19 : 0.5016"
"19,26 : 0.3538"
"26,19 : 0.3538"
"19,27 : 0.4494"
"27,19 : 0.4494"
"19,28 : 0.3774"
"28,19 : 0.3774"
"19,29 : 0.5608"
"29,19 : 0.5608"
"19,30 : 0.5315"
"30,19 : 0.5315"
"19,31 : 0.6382"
"31,19 : 0.6382"
"19,32 : 0.5382"
"32,19 : 0.5382"
"19,33 : 0.5345"
"33,19 : 0.5345"
"19,34 : 0.3002"
"34,19 : 0.3002"
"19,35 : 0.4675"
"35,19 : 0.4675"
"19,36 : 0.3289"
"36,19 : 0.3289"
"19,37 : 0.3102"
"37,19 : 0.3102"
"19,38 : 0.3401"
"38,19 : 0.3401"
"19,39 : 0.0583"
"39,19 : 0.0583"
"19,40 : 0.3891"
"40,19 : 0.3891"
"19,41 : 0.0316"
"41,19 : 0.0316"
"19,42 : 0.3041"
"42,19 : 0.3041"
"19,43 : 0.5467"
"43,19 : 0.5467"
"19,44 : 0.2"
"44,19 : 0.2"
"19,45 : 0.6313"
"45,19 : 0.6313"
"19,46 : 0.4561"
"46,19 : 0.4561"
"19,47 : 0.524"
"47,19 : 0.524"
"19,48 : 0.3612"
"48,19 : 0.3612"
"19,49 : 0.4478"
"49,19 : 0.4478"
"20,21 : 0.8504"
"21,20 : 0.8504"
"20,22 : 0.2502"
"22,20 : 0.2502"
"20,23 : 0.4179"
"23,20 : 0.4179"
"20,24 : 0.5808"
"24,20 : 0.5808"
"20,25 : 0.1676"
"25,20 : 0.1676"
"20,26 : 0.1942"
"26,20 : 0.1942"
"20,27 : 0.4455"
"27,20 : 0.4455"
"20,28 : 0.577"
"28,20 : 0.577"
"20,29 : 0.6364"
"29,20 : 0.6364"
"20,30 : 0.1789"
"30,20 : 0.1789"
"20,31 : 0.3298"
"31,20 : 0.3298"
"20,32 : 0.9936"
"32,20 : 0.9936"
"20,33 : 0.365"
"33,20 : 0.365"
"20,34 : 0.6794"
"34,20 : 0.6794"
"20,35 : 0.1487"
"35,20 : 0.1487"
"20,36 : 0.3401"
"36,20 : 0.3401"
"20,37 : 0.236"
"37,20 : 0.236"
"20,38 : 0.6002"
"38,20 : 0.6002"
"20,39 : 0.5504"
"39,20 : 0.5504"
"20,40 : 0.8006"
"40,20 : 0.8006"
"20,41 : 0.5162"
"41,20 : 0.5162"
"20,42 : 0.7225"
"42,20 : 0.7225"
"20,43 : 0.2417"
"43,20 : 0.2417"
"20,44 : 0.4319"
"44,20 : 0.4319"
"20,45 : 0.2121"
"45,20 : 0.2121"
"20,46 : 0.9415"
"46,20 : 0.9415"
"20,47 : 0.8223"
"47,20 : 0.8223"
"20,48 : 0.247"
"48,20 : 0.247"
"20,49 : 0.6641"
"49,20 : 0.6641"
"21,22 : 0.6907"
"22,21 : 0.6907"
"21,23 : 0.4802"
"23,21 : 0.4802"
"21,24 : 0.593"
"24,21 : 0.593"
"21,25 : 0.7976"
"25,21 : 0.7976"
"21,26 : 0.75"
"26,21 : 0.75"
"21,27 : 0.5825"
"27,21 : 0.5825"
"21,28 : 0.392"
"28,21 : 0.392"
"21,29 : 0.5544"
"29,21 : 0.5544"
"21,30 : 0.8237"
"30,21 : 0.8237"
"21,31 : 1.0431"
"31,21 : 1.0431"
"21,32 : 0.1442"
"32,21 : 0.1442"
"21,33 : 0.728"
"33,21 : 0.728"
"21,34 : 0.1897"
"34,21 : 0.1897"
"21,35 : 0.8605"
"35,21 : 0.8605"
"21,36 : 0.559"
"36,21 : 0.559"
"21,37 : 0.622"
"37,21 : 0.622"
"21,38 : 0.6719"
"38,21 : 0.6719"
"21,39 : 0.3585"
"39,21 : 0.3585"
"21,40 : 0.5536"
"40,21 : 0.5536"
"21,41 : 0.4031"
"41,21 : 0.4031"
"21,42 : 0.5064"
"42,21 : 0.5064"
"21,43 : 0.9487"
"43,21 : 0.9487"
"21,44 : 0.4244"
"44,21 : 0.4244"
"21,45 : 1.0207"
"45,21 : 1.0207"
"21,46 : 0.1879"
"46,21 : 0.1879"
"21,47 : 0.7669"
"47,21 : 0.7669"
"21,48 : 0.6414"
"48,21 : 0.6414"
"21,49 : 0.7701"
"49,21 : 0.7701"
"22,23 : 0.2126"
"23,22 : 0.2126"
"22,24 : 0.3306"
"24,22 : 0.3306"
"22,25 : 0.3448"
"25,22 : 0.3448"
"22,26 : 0.0671"
"26,22 : 0.0671"
"22,27 : 0.4847"
"27,22 : 0.4847"
"22,28 : 0.53"
"28,22 : 0.53"
"22,29 : 0.6597"
"29,22 : 0.6597"
"22,30 : 0.3712"
"30,22 : 0.3712"
"22,31 : 0.3536"
"31,22 : 0.3536"
"22,32 : 0.8262"
"32,22 : 0.8262"
"22,33 : 0.4827"
"33,22 : 0.4827"
"22,34 : 0.5515"
"34,22 : 0.5515"
"22,35 : 0.1803"
"35,22 : 0.1803"
"22,36 : 0.3384"
"36,22 : 0.3384"
"22,37 : 0.2283"
"37,22 : 0.2283"
"22,38 : 0.3544"
"38,22 : 0.3544"
"22,39 : 0.3466"
"39,22 : 0.3466"
"22,40 : 0.5515"
"40,22 : 0.5515"
"22,41 : 0.3048"
"41,22 : 0.3048"
"22,42 : 0.4752"
"42,22 : 0.4752"
"22,43 : 0.2581"
"43,22 : 0.2581"
"22,44 : 0.3324"
"44,22 : 0.3324"
"22,45 : 0.3441"
"45,22 : 0.3441"
"22,46 : 0.7441"
"46,22 : 0.7441"
"22,47 : 0.5787"
"47,22 : 0.5787"
"22,48 : 0.2884"
"48,22 : 0.2884"
"22,49 : 0.4294"
"49,22 : 0.4294"
"23,24 : 0.2617"
"24,23 : 0.2617"
"23,25 : 0.4401"
"25,23 : 0.4401"
"23,26 : 0.2759"
"26,23 : 0.2759"
"23,27 : 0.4319"
"27,23 : 0.4319"
"23,28 : 0.3956"
"28,23 : 0.3956"
"23,29 : 0.566"
"29,23 : 0.566"
"23,30 : 0.4701"
"30,23 : 0.4701"
"23,31 : 0.563"
"31,23 : 0.563"
"23,32 : 0.614"
"32,23 : 0.614"
"23,33 : 0.4966"
"33,23 : 0.4966"
"23,34 : 0.3569"
"34,23 : 0.3569"
"23,35 : 0.3895"
"35,23 : 0.3895"
"23,36 : 0.2968"
"36,23 : 0.2968"
"23,37 : 0.2532"
"37,23 : 0.2532"
"23,38 : 0.328"
"38,23 : 0.328"
"23,39 : 0.136"
"39,23 : 0.136"
"23,40 : 0.4272"
"40,23 : 0.4272"
"23,41 : 0.0985"
"41,23 : 0.0985"
"23,42 : 0.3421"
"42,23 : 0.3421"
"23,43 : 0.4701"
"43,23 : 0.4701"
"23,44 : 0.1972"
"44,23 : 0.1972"
"23,45 : 0.5532"
"45,23 : 0.5532"
"23,46 : 0.5341"
"46,23 : 0.5341"
"23,47 : 0.5326"
"47,23 : 0.5326"
"23,48 : 0.3105"
"48,23 : 0.3105"
"23,49 : 0.4327"
"49,23 : 0.4327"
"24,25 : 0.658"
"25,24 : 0.658"
"24,26 : 0.3901"
"26,24 : 0.3901"
"24,27 : 0.6935"
"27,24 : 0.6935"
"24,28 : 0.6414"
"28,24 : 0.6414"
"24,29 : 0.822"
"29,24 : 0.822"
"24,30 : 0.6868"
"30,24 : 0.6868"
"24,31 : 0.578"
"31,24 : 0.578"
"24,32 : 0.6938"
"32,24 : 0.6938"
"24,33 : 0.7495"
"33,24 : 0.7495"
"24,34 : 0.5434"
"34,24 : 0.5434"
"24,35 : 0.4866"
"35,24 : 0.4866"
"24,36 : 0.5561"
"36,24 : 0.5561"
"24,37 : 0.4919"
"37,24 : 0.4919"
"24,38 : 0.0806"
"38,24 : 0.0806"
"24,39 : 0.272"
"39,24 : 0.272"
"24,40 : 0.228"
"40,24 : 0.228"
"24,41 : 0.2417"
"41,24 : 0.2417"
"24,42 : 0.1664"
"42,24 : 0.1664"
"24,43 : 0.5162"
"43,24 : 0.5162"
"24,44 : 0.4545"
"44,24 : 0.4545"
"24,45 : 0.636"
"45,24 : 0.636"
"24,46 : 0.5595"
"46,24 : 0.5595"
"24,47 : 0.272"
"47,24 : 0.272"
"24,48 : 0.5547"
"48,24 : 0.5547"
"24,49 : 0.1868"
"49,24 : 0.1868"
"25,26 : 0.3124"
"26,25 : 0.3124"
"25,27 : 0.3046"
"27,25 : 0.3046"
"25,28 : 0.4686"
"28,25 : 0.4686"
"25,29 : 0.4904"
"29,25 : 0.4904"
"25,30 : 0.03"
"30,25 : 0.03"
"25,31 : 0.4973"
"31,25 : 0.4973"
"25,32 : 0.9415"
"32,25 : 0.9415"
"25,33 : 0.2002"
"33,25 : 0.2002"
"25,34 : 0.6129"
"34,25 : 0.6129"
"25,35 : 0.3089"
"35,25 : 0.3089"
"25,36 : 0.2421"
"36,25 : 0.2421"
"25,37 : 0.1924"
"37,25 : 0.1924"
"25,38 : 0.6946"
"38,25 : 0.6946"
"25,39 : 0.5544"
"39,25 : 0.5544"
"25,40 : 0.8599"
"40,25 : 0.8599"
"25,41 : 0.5308"
"41,25 : 0.5308"
"25,42 : 0.7765"
"42,25 : 0.7765"
"25,43 : 0.4085"
"43,25 : 0.4085"
"25,44 : 0.3758"
"44,25 : 0.3758"
"25,45 : 0.3705"
"45,25 : 0.3705"
"25,46 : 0.9176"
"46,25 : 0.9176"
"25,47 : 0.9192"
"47,25 : 0.9192"
"25,48 : 0.1565"
"48,25 : 0.1565"
"25,49 : 0.7741"
"49,25 : 0.7741"
"26,27 : 0.4948"
"27,26 : 0.4948"
"26,28 : 0.5632"
"28,26 : 0.5632"
"26,29 : 0.6774"
"29,26 : 0.6774"
"26,30 : 0.336"
"30,26 : 0.336"
"26,31 : 0.3008"
"31,26 : 0.3008"
"26,32 : 0.8873"
"32,26 : 0.8873"
"26,33 : 0.4717"
"33,26 : 0.4717"
"26,34 : 0.6037"
"34,26 : 0.6037"
"26,35 : 0.114"
"35,26 : 0.114"
"26,36 : 0.3536"
"36,26 : 0.3536"
"26,37 : 0.2354"
"37,26 : 0.2354"
"26,38 : 0.4061"
"38,26 : 0.4061"
"26,39 : 0.4111"
"39,26 : 0.4111"
"26,40 : 0.614"
"40,26 : 0.614"
"26,41 : 0.3701"
"41,26 : 0.3701"
"26,42 : 0.5394"
"42,26 : 0.5394"
"26,43 : 0.2012"
"43,26 : 0.2012"
"26,44 : 0.3736"
"44,26 : 0.3736"
"26,45 : 0.278"
"45,26 : 0.278"
"26,46 : 0.8092"
"46,26 : 0.8092"
"26,47 : 0.6282"
"47,26 : 0.6282"
"26,48 : 0.2879"
"48,26 : 0.2879"
"26,49 : 0.4717"
"49,26 : 0.4717"
"27,28 : 0.197"
"28,27 : 0.197"
"27,29 : 0.191"
"29,27 : 0.191"
"27,30 : 0.3176"
"30,27 : 0.3176"
"27,31 : 0.7601"
"31,27 : 0.7601"
"27,32 : 0.7184"
"32,27 : 0.7184"
"27,33 : 0.1526"
"33,27 : 0.1526"
"27,34 : 0.3946"
"34,27 : 0.3946"
"27,35 : 0.5508"
"35,27 : 0.5508"
"27,36 : 0.1476"
"36,27 : 0.1476"
"27,37 : 0.2596"
"37,27 : 0.2596"
"27,38 : 0.7569"
"38,27 : 0.7569"
"27,39 : 0.4785"
"39,27 : 0.4785"
"27,40 : 0.8373"
"40,27 : 0.8373"
"27,41 : 0.4802"
"41,27 : 0.4802"
"27,42 : 0.7529"
"42,27 : 0.7529"
"27,43 : 0.6607"
"43,27 : 0.6607"
"27,44 : 0.2506"
"44,27 : 0.2506"
"27,45 : 0.6576"
"45,27 : 0.6576"
"27,46 : 0.7411"
"46,27 : 0.7411"
"27,47 : 0.9643"
"47,27 : 0.9643"
"27,48 : 0.211"
"48,27 : 0.211"
"27,49 : 0.858"
"49,27 : 0.858"
"28,29 : 0.1942"
"29,28 : 0.1942"
"28,30 : 0.4884"
"30,28 : 0.4884"
"28,31 : 0.857"
"31,28 : 0.857"
"28,32 : 0.5239"
"32,28 : 0.5239"
"28,33 : 0.3489"
"33,28 : 0.3489"
"28,34 : 0.211"
"34,28 : 0.211"
"28,35 : 0.6476"
"35,28 : 0.6476"
"28,36 : 0.2371"
"36,28 : 0.2371"
"28,37 : 0.3479"
"37,28 : 0.3479"
"28,38 : 0.7159"
"38,28 : 0.7159"
"28,39 : 0.3829"
"39,28 : 0.3829"
"28,40 : 0.7366"
"40,28 : 0.7366"
"28,41 : 0.4022"
"41,28 : 0.4022"
"28,42 : 0.6576"
"42,28 : 0.6576"
"28,43 : 0.755"
"43,28 : 0.755"
"28,44 : 0.204"
"44,28 : 0.204"
"28,45 : 0.7819"
"45,28 : 0.7819"
"28,46 : 0.5614"
"46,28 : 0.5614"
"28,47 : 0.8981"
"47,28 : 0.8981"
"28,48 : 0.3312"
"48,28 : 0.3312"
"28,49 : 0.823"
"49,28 : 0.823"
"29,30 : 0.4998"
"30,29 : 0.4998"
"29,31 : 0.9501"
"31,29 : 0.9501"
"29,32 : 0.6701"
"32,29 : 0.6701"
"29,33 : 0.3089"
"33,29 : 0.3089"
"29,34 : 0.3922"
"34,29 : 0.3922"
"29,35 : 0.7401"
"35,29 : 0.7401"
"29,36 : 0.3239"
"36,29 : 0.3239"
"29,37 : 0.4428"
"37,29 : 0.4428"
"29,38 : 0.8931"
"38,29 : 0.8931"
"29,39 : 0.5728"
"39,29 : 0.5728"
"29,40 : 0.9296"
"40,29 : 0.9296"
"29,41 : 0.588"
"41,29 : 0.588"
"29,42 : 0.8496"
"42,29 : 0.8496"
"29,43 : 0.8501"
"43,29 : 0.8501"
"29,44 : 0.3689"
"44,29 : 0.3689"
"29,45 : 0.8485"
"45,29 : 0.8485"
"29,46 : 0.7355"
"46,29 : 0.7355"
"29,47 : 1.0847"
"47,29 : 1.0847"
"29,48 : 0.4"
"48,29 : 0.4"
"29,49 : 0.9986"
"49,29 : 0.9986"
"30,31 : 0.506"
"31,30 : 0.506"
"30,32 : 0.9675"
"32,30 : 0.9675"
"30,33 : 0.201"
"33,30 : 0.201"
"30,34 : 0.6381"
"34,30 : 0.6381"
"30,35 : 0.3245"
"35,30 : 0.3245"
"30,36 : 0.2663"
"36,30 : 0.2663"
"30,37 : 0.222"
"37,30 : 0.222"
"30,38 : 0.7224"
"38,30 : 0.7224"
"30,39 : 0.5842"
"39,30 : 0.5842"
"30,40 : 0.8896"
"40,30 : 0.8896"
"30,41 : 0.5608"
"41,30 : 0.5608"
"30,42 : 0.8062"
"42,30 : 0.8062"
"30,43 : 0.4205"
"43,30 : 0.4205"
"30,44 : 0.4031"
"44,30 : 0.4031"
"30,45 : 0.3734"
"45,30 : 0.3734"
"30,46 : 0.9458"
"46,30 : 0.9458"
"30,47 : 0.947"
"47,30 : 0.947"
"30,48 : 0.1838"
"48,30 : 0.1838"
"30,49 : 0.8006"
"49,30 : 0.8006"
"31,32 : 1.1764"
"32,31 : 1.1764"
"31,33 : 0.6943"
"33,31 : 0.6943"
"31,34 : 0.9038"
"34,31 : 0.9038"
"31,35 : 0.211"
"35,31 : 0.211"
"31,36 : 0.6329"
"36,31 : 0.6329"
"31,37 : 0.5135"
"37,31 : 0.5135"
"31,38 : 0.5515"
"38,31 : 0.5515"
"31,39 : 0.692"
"39,31 : 0.692"
"31,40 : 0.8006"
"40,31 : 0.8006"
"31,41 : 0.6482"
"41,31 : 0.6482"
"31,42 : 0.7443"
"42,31 : 0.7443"
"31,43 : 0.102"
"43,31 : 0.102"
"31,44 : 0.6736"
"44,31 : 0.6736"
"31,45 : 0.1556"
"45,31 : 0.1556"
"31,46 : 1.083"
"46,31 : 1.083"
"31,47 : 0.7316"
"47,31 : 0.7316"
"31,48 : 0.5501"
"48,31 : 0.5501"
"31,49 : 0.5609"
"49,31 : 0.5609"
"32,33 : 0.8665"
"33,32 : 0.8665"
"32,34 : 0.3311"
"34,32 : 0.3311"
"32,35 : 0.999"
"35,32 : 0.999"
"32,36 : 0.7024"
"36,32 : 0.7024"
"32,37 : 0.7661"
"37,32 : 0.7661"
"32,38 : 0.769"
"38,32 : 0.769"
"32,39 : 0.4855"
"39,32 : 0.4855"
"32,40 : 0.6113"
"40,32 : 0.6113"
"32,41 : 0.53"
"41,32 : 0.53"
"32,42 : 0.5814"
"42,32 : 0.5814"
"32,43 : 1.0841"
"43,32 : 1.0841"
"32,44 : 0.5686"
"44,32 : 0.5686"
"32,45 : 1.1604"
"45,32 : 1.1604"
"32,46 : 0.1676"
"46,32 : 0.1676"
"32,47 : 0.831"
"47,32 : 0.831"
"32,48 : 0.7855"
"48,32 : 0.7855"
"32,49 : 0.8599"
"49,32 : 0.8599"
"33,34 : 0.5385"
"34,33 : 0.5385"
"33,35 : 0.4965"
"35,33 : 0.4965"
"33,36 : 0.2062"
"36,33 : 0.2062"
"33,37 : 0.2625"
"37,33 : 0.2625"
"33,38 : 0.8021"
"38,33 : 0.8021"
"33,39 : 0.5749"
"39,33 : 0.5749"
"33,40 : 0.9211"
"40,33 : 0.9211"
"33,41 : 0.5661"
"41,33 : 0.5661"
"33,42 : 0.8357"
"42,33 : 0.8357"
"33,43 : 0.6017"
"43,33 : 0.6017"
"33,44 : 0.3523"
"44,33 : 0.3523"
"33,45 : 0.5708"
"45,33 : 0.5708"
"33,46 : 0.8782"
"46,33 : 0.8782"
"33,47 : 1.0208"
"47,33 : 1.0208"
"33,48 : 0.1985"
"48,33 : 0.1985"
"33,49 : 0.895"
"49,33 : 0.895"
"34,35 : 0.7083"
"35,34 : 0.7083"
"34,36 : 0.3722"
"36,34 : 0.3722"
"34,37 : 0.4455"
"37,34 : 0.4455"
"34,38 : 0.6237"
"38,34 : 0.6237"
"34,39 : 0.2729"
"39,34 : 0.2729"
"34,40 : 0.5801"
"40,34 : 0.5801"
"34,41 : 0.3106"
"41,34 : 0.3106"
"34,42 : 0.5111"
"42,34 : 0.5111"
"34,43 : 0.805"
"43,34 : 0.805"
"34,44 : 0.2476"
"44,34 : 0.2476"
"34,45 : 0.8627"
"45,34 : 0.8627"
"34,46 : 0.3506"
"46,34 : 0.3506"
"34,47 : 0.7692"
"47,34 : 0.7692"
"34,48 : 0.458"
"48,34 : 0.458"
"34,49 : 0.7301"
"49,34 : 0.7301"
"35,36 : 0.4219"
"36,35 : 0.4219"
"35,37 : 0.3027"
"37,35 : 0.3027"
"35,38 : 0.49"
"38,35 : 0.49"
"35,39 : 0.525"
"39,35 : 0.525"
"35,40 : 0.7139"
"40,35 : 0.7139"
"35,41 : 0.4841"
"41,35 : 0.4841"
"35,42 : 0.6429"
"42,35 : 0.6429"
"35,43 : 0.11"
"43,35 : 0.11"
"35,44 : 0.4701"
"44,35 : 0.4701"
"35,45 : 0.164"
"45,35 : 0.164"
"35,46 : 0.9231"
"46,35 : 0.9231"
"35,47 : 0.7046"
"47,35 : 0.7046"
"35,48 : 0.3401"
"48,35 : 0.3401"
"35,49 : 0.5394"
"49,35 : 0.5394"
"36,37 : 0.12"
"37,36 : 0.12"
"36,38 : 0.6155"
"38,36 : 0.6155"
"36,39 : 0.3688"
"39,36 : 0.3688"
"36,40 : 0.7169"
"40,36 : 0.7169"
"36,41 : 0.3606"
"41,36 : 0.3606"
"36,42 : 0.6316"
"42,36 : 0.6316"
"36,43 : 0.5315"
"43,36 : 0.5315"
"36,44 : 0.1503"
"44,36 : 0.1503"
"36,45 : 0.5471"
"45,36 : 0.5471"
"36,46 : 0.6912"
"46,36 : 0.6912"
"36,47 : 0.828"
"47,36 : 0.828"
"36,48 : 0.0943"
"48,36 : 0.0943"
"36,49 : 0.7145"
"49,36 : 0.7145"
"37,38 : 0.5408"
"38,37 : 0.5408"
"37,39 : 0.3622"
"39,37 : 0.3622"
"37,40 : 0.6791"
"40,37 : 0.6791"
"37,41 : 0.34"
"41,37 : 0.34"
"37,42 : 0.5944"
"42,37 : 0.5944"
"37,43 : 0.4119"
"43,37 : 0.4119"
"37,44 : 0.1985"
"44,37 : 0.1985"
"37,45 : 0.4346"
"45,37 : 0.4346"
"37,46 : 0.7301"
"46,37 : 0.7301"
"37,47 : 0.7616"
"47,37 : 0.7616"
"37,48 : 0.064"
"48,37 : 0.064"
"37,49 : 0.6325"
"49,37 : 0.6325"
"38,39 : 0.3517"
"39,38 : 0.3517"
"38,40 : 0.2524"
"40,38 : 0.2524"
"38,41 : 0.3195"
"41,38 : 0.3195"
"38,42 : 0.214"
"42,38 : 0.214"
"38,43 : 0.5022"
"43,38 : 0.5022"
"38,44 : 0.5243"
"44,38 : 0.5243"
"38,45 : 0.628"
"45,38 : 0.628"
"38,46 : 0.6297"
"46,38 : 0.6297"
"38,47 : 0.2247"
"47,38 : 0.2247"
"38,48 : 0.6046"
"48,38 : 0.6046"
"38,49 : 0.1077"
"49,38 : 0.1077"
"39,40 : 0.3606"
"40,39 : 0.3606"
"39,41 : 0.0447"
"41,39 : 0.0447"
"39,42 : 0.278"
"42,39 : 0.278"
"39,43 : 0.6021"
"43,39 : 0.6021"
"39,44 : 0.2285"
"44,39 : 0.2285"
"39,45 : 0.6888"
"45,39 : 0.6888"
"39,46 : 0.3982"
"46,39 : 0.3982"
"39,47 : 0.5161"
"47,39 : 0.5161"
"39,48 : 0.41"
"48,39 : 0.41"
"39,49 : 0.4588"
"49,39 : 0.4588"
"40,41 : 0.3578"
"41,40 : 0.3578"
"40,42 : 0.0854"
"42,40 : 0.0854"
"40,43 : 0.7433"
"43,40 : 0.7433"
"40,44 : 0.5867"
"44,40 : 0.5867"
"40,45 : 0.864"
"45,40 : 0.864"
"40,46 : 0.4501"
"46,40 : 0.4501"
"40,47 : 0.22"
"47,40 : 0.22"
"40,48 : 0.7376"
"48,40 : 0.7376"
"40,49 : 0.2941"
"49,40 : 0.2941"
"41,42 : 0.2729"
"42,41 : 0.2729"
"41,43 : 0.559"
"43,41 : 0.559"
"41,44 : 0.2302"
"44,41 : 0.2302"
"41,45 : 0.6482"
"45,41 : 0.6482"
"41,46 : 0.4393"
"46,41 : 0.4393"
"41,47 : 0.4968"
"47,41 : 0.4968"
"41,48 : 0.392"
"48,41 : 0.392"
"41,49 : 0.4272"
"49,41 : 0.4272"
"42,43 : 0.6803"
"43,42 : 0.6803"
"42,44 : 0.5025"
"44,42 : 0.5025"
"42,45 : 0.7971"
"45,42 : 0.7971"
"42,46 : 0.4295"
"46,42 : 0.4295"
"42,47 : 0.2625"
"47,42 : 0.2625"
"42,48 : 0.6525"
