x,y
0.82,0.18
0.37,0.19
0.01,0.43
0.35,0.96
0.04,0.2
0.39,0.94
0.24,0.62
0.42,0.11
0.29,0.44
0.35,0.31
0.2,0.31
0.33,0.47
0.82,0.15
0.36,0.3
0.91,0.39
0.9,0.62
0.21,0.93
0.66,0.07
0.09,0.67
0.08,0.92
0.8,0.94
0.09,0.34
0.99,0.34
0.67,0.65
0.93,0.38
0.27,0.25
0.93,0.56
0.33,0.1
0.87,0.31
0.57,0.1
0.79,0.42
0.23,0.56
0.7,0.98
0.53,0.23
0.73,0.09
0.92,0.85
0.23,0.75
0.98,0.34
0.07,0.7
0.7,0.95
0.08,0.58
0.53,0.96
0.33,0.1
0.96,0.56
0.9,0.24
0.53,0.55
0.91,0.27
0.11,0.18
0.68,0.74
0.95,0.9

Distanze
"0,1 : 0.4501"
"1,0 : 0.4501"
"0,2 : 0.8477"
"2,0 : 0.8477"
"0,3 : 0.9107"
"3,0 : 0.9107"
"0,4 : 0.7803"
"4,0 : 0.7803"
"0,5 : 0.8732"
"5,0 : 0.8732"
"0,6 : 0.728"
"6,0 : 0.728"
"0,7 : 0.4061"
"7,0 : 0.4061"
"0,8 : 0.5903"
"8,0 : 0.5903"
"0,9 : 0.4876"
"9,0 : 0.4876"
"0,10 : 0.6335"
"10,0 : 0.6335"
"0,11 : 0.5694"
"11,0 : 0.5694"
"0,12 : 0.03"
"12,0 : 0.03"
"0,13 : 0.4754"
"13,0 : 0.4754"
"0,14 : 0.2285"
"14,0 : 0.2285"
"0,15 : 0.4472"
"15,0 : 0.4472"
"0,16 : 0.9667"
"16,0 : 0.9667"
"0,17 : 0.1942"
"17,0 : 0.1942"
"0,18 : 0.8792"
"18,0 : 0.8792"
"0,19 : 1.0465"
"19,0 : 1.0465"
"0,20 : 0.7603"
"20,0 : 0.7603"
"0,21 : 0.7473"
"21,0 : 0.7473"
"0,22 : 0.2335"
"22,0 : 0.2335"
"0,23 : 0.4934"
"23,0 : 0.4934"
"0,24 : 0.2283"
"24,0 : 0.2283"
"0,25 : 0.5544"
"25,0 : 0.5544"
"0,26 : 0.3956"
"26,0 : 0.3956"
"0,27 : 0.4965"
"27,0 : 0.4965"
"0,28 : 0.1393"
"28,0 : 0.1393"
"0,29 : 0.2625"
"29,0 : 0.2625"
"0,30 : 0.2419"
"30,0 : 0.2419"
"0,31 : 0.7018"
"31,0 : 0.7018"
"0,32 : 0.8089"
"32,0 : 0.8089"
"0,33 : 0.2943"
"33,0 : 0.2943"
"0,34 : 0.1273"
"34,0 : 0.1273"
"0,35 : 0.6774"
"35,0 : 0.6774"
"0,36 : 0.8204"
"36,0 : 0.8204"
"0,37 : 0.2263"
"37,0 : 0.2263"
"0,38 : 0.9126"
"38,0 : 0.9126"
"0,39 : 0.7793"
"39,0 : 0.7793"
"0,40 : 0.8412"
"40,0 : 0.8412"
"0,41 : 0.8322"
"41,0 : 0.8322"
"0,42 : 0.4965"
"42,0 : 0.4965"
"0,43 : 0.405"
"43,0 : 0.405"
"0,44 : 0.1"
"44,0 : 0.1"
"0,45 : 0.4701"
"45,0 : 0.4701"
"0,46 : 0.1273"
"46,0 : 0.1273"
"0,47 : 0.71"
"47,0 : 0.71"
"0,48 : 0.5772"
"48,0 : 0.5772"
"0,49 : 0.7316"
"49,0 : 0.7316"
"1,2 : 0.4327"
"2,1 : 0.4327"
"1,3 : 0.7703"
"3,1 : 0.7703"
"1,4 : 0.3302"
"4,1 : 0.3302"
"1,5 : 0.7503"
"5,1 : 0.7503"
"1,6 : 0.4492"
"6,1 : 0.4492"
"1,7 : 0.0943"
"7,1 : 0.0943"
"1,8 : 0.2625"
"8,1 : 0.2625"
"1,9 : 0.1217"
"9,1 : 0.1217"
"1,10 : 0.2081"
"10,1 : 0.2081"
"1,11 : 0.2828"
"11,1 : 0.2828"
"1,12 : 0.4518"
"12,1 : 0.4518"
"1,13 : 0.1105"
"13,1 : 0.1105"
"1,14 : 0.5758"
"14,1 : 0.5758"
"1,15 : 0.6825"
"15,1 : 0.6825"
"1,16 : 0.7571"
"16,1 : 0.7571"
"1,17 : 0.3138"
"17,1 : 0.3138"
"1,18 : 0.5557"
"18,1 : 0.5557"
"1,19 : 0.7855"
"19,1 : 0.7855"
"1,20 : 0.8645"
"20,1 : 0.8645"
"1,21 : 0.3176"
"21,1 : 0.3176"
"1,22 : 0.6379"
"22,1 : 0.6379"
"1,23 : 0.5492"
"23,1 : 0.5492"
"1,24 : 0.5914"
"24,1 : 0.5914"
"1,25 : 0.1166"
"25,1 : 0.1166"
"1,26 : 0.6712"
"26,1 : 0.6712"
"1,27 : 0.0985"
"27,1 : 0.0985"
"1,28 : 0.5142"
"28,1 : 0.5142"
"1,29 : 0.2193"
"29,1 : 0.2193"
"1,30 : 0.4789"
"30,1 : 0.4789"
"1,31 : 0.3956"
"31,1 : 0.3956"
"1,32 : 0.8562"
"32,1 : 0.8562"
"1,33 : 0.1649"
"33,1 : 0.1649"
"1,34 : 0.3736"
"34,1 : 0.3736"
"1,35 : 0.8591"
"35,1 : 0.8591"
"1,36 : 0.5772"
"36,1 : 0.5772"
"1,37 : 0.6282"
"37,1 : 0.6282"
"1,38 : 0.5917"
"38,1 : 0.5917"
"1,39 : 0.8286"
"39,1 : 0.8286"
"1,40 : 0.486"
"40,1 : 0.486"
"1,41 : 0.7864"
"41,1 : 0.7864"
"1,42 : 0.0985"
"42,1 : 0.0985"
"1,43 : 0.6964"
"43,1 : 0.6964"
"1,44 : 0.5324"
"44,1 : 0.5324"
"1,45 : 0.394"
"45,1 : 0.394"
"1,46 : 0.5459"
"46,1 : 0.5459"
"1,47 : 0.2602"
"47,1 : 0.2602"
"1,48 : 0.6313"
"48,1 : 0.6313"
"1,49 : 0.9168"
"49,1 : 0.9168"
"2,3 : 0.6297"
"3,2 : 0.6297"
"2,4 : 0.2319"
"4,2 : 0.2319"
"2,5 : 0.636"
"5,2 : 0.636"
"2,6 : 0.2983"
"6,2 : 0.2983"
"2,7 : 0.5201"
"7,2 : 0.5201"
"2,8 : 0.2802"
"8,2 : 0.2802"
"2,9 : 0.3606"
"9,2 : 0.3606"
"2,10 : 0.2247"
"10,2 : 0.2247"
"2,11 : 0.3225"
"11,2 : 0.3225"
"2,12 : 0.857"
"12,2 : 0.857"
"2,13 : 0.3734"
"13,2 : 0.3734"
"2,14 : 0.9009"
"14,2 : 0.9009"
"2,15 : 0.9101"
"15,2 : 0.9101"
"2,16 : 0.5385"
"16,2 : 0.5385"
"2,17 : 0.743"
"17,2 : 0.743"
"2,18 : 0.253"
"18,2 : 0.253"
"2,19 : 0.495"
"19,2 : 0.495"
"2,20 : 0.9403"
"20,2 : 0.9403"
"2,21 : 0.1204"
"21,2 : 0.1204"
"2,22 : 0.9841"
"22,2 : 0.9841"
"2,23 : 0.6957"
"23,2 : 0.6957"
"2,24 : 0.9214"
"24,2 : 0.9214"
"2,25 : 0.3162"
"25,2 : 0.3162"
"2,26 : 0.9291"
"26,2 : 0.9291"
"2,27 : 0.4597"
"27,2 : 0.4597"
"2,28 : 0.8683"
"28,2 : 0.8683"
"2,29 : 0.65"
"29,2 : 0.65"
"2,30 : 0.7801"
"30,2 : 0.7801"
"2,31 : 0.2555"
"31,2 : 0.2555"
"2,32 : 0.8824"
"32,2 : 0.8824"
"2,33 : 0.5571"
"33,2 : 0.5571"
"2,34 : 0.7962"
"34,2 : 0.7962"
"2,35 : 1.0022"
"35,2 : 1.0022"
"2,36 : 0.3883"
"36,2 : 0.3883"
"2,37 : 0.9742"
"37,2 : 0.9742"
"2,38 : 0.2766"
"38,2 : 0.2766"
"2,39 : 0.864"
"39,2 : 0.864"
"2,40 : 0.1655"
"40,2 : 0.1655"
"2,41 : 0.7425"
"41,2 : 0.7425"
"2,42 : 0.4597"
"42,2 : 0.4597"
"2,43 : 0.9589"
"43,2 : 0.9589"
"2,44 : 0.9101"
"44,2 : 0.9101"
"2,45 : 0.5337"
"45,2 : 0.5337"
"2,46 : 0.9141"
"46,2 : 0.9141"
"2,47 : 0.2693"
"47,2 : 0.2693"
"2,48 : 0.7382"
"48,2 : 0.7382"
"2,49 : 1.051"
"49,2 : 1.051"
"3,4 : 0.8208"
"4,3 : 0.8208"
"3,5 : 0.0447"
"5,3 : 0.0447"
"3,6 : 0.3574"
"6,3 : 0.3574"
"3,7 : 0.8529"
"7,3 : 0.8529"
"3,8 : 0.5235"
"8,3 : 0.5235"
"3,9 : 0.65"
"9,3 : 0.65"
"3,10 : 0.6671"
"10,3 : 0.6671"
"3,11 : 0.4904"
"11,3 : 0.4904"
"3,12 : 0.9365"
"12,3 : 0.9365"
"3,13 : 0.6601"
"13,3 : 0.6601"
"3,14 : 0.7991"
"14,3 : 0.7991"
"3,15 : 0.6466"
"15,3 : 0.6466"
"3,16 : 0.1432"
"16,3 : 0.1432"
"3,17 : 0.9424"
"17,3 : 0.9424"
"3,18 : 0.3895"
"18,3 : 0.3895"
"3,19 : 0.2729"
"19,3 : 0.2729"
"3,20 : 0.4504"
"20,3 : 0.4504"
"3,21 : 0.6723"
"21,3 : 0.6723"
"3,22 : 0.8911"
"22,3 : 0.8911"
"3,23 : 0.4455"
"23,3 : 0.4455"
"3,24 : 0.8202"
"24,3 : 0.8202"
"3,25 : 0.7145"
"25,3 : 0.7145"
"3,26 : 0.7046"
"26,3 : 0.7046"
"3,27 : 0.8602"
"27,3 : 0.8602"
"3,28 : 0.8324"
"28,3 : 0.8324"
"3,29 : 0.8877"
"29,3 : 0.8877"
"3,30 : 0.6966"
"30,3 : 0.6966"
"3,31 : 0.4176"
"31,3 : 0.4176"
"3,32 : 0.3506"
"32,3 : 0.3506"
"3,33 : 0.7519"
"33,3 : 0.7519"
"3,34 : 0.9494"
"34,3 : 0.9494"
"3,35 : 0.5805"
"35,3 : 0.5805"
"3,36 : 0.2419"
"36,3 : 0.2419"
"3,37 : 0.8839"
"37,3 : 0.8839"
"3,38 : 0.3821"
"38,3 : 0.3821"
"3,39 : 0.3501"
"39,3 : 0.3501"
"3,40 : 0.4662"
"40,3 : 0.4662"
"3,41 : 0.18"
"41,3 : 0.18"
"3,42 : 0.8602"
"42,3 : 0.8602"
"3,43 : 0.7295"
"43,3 : 0.7295"
"3,44 : 0.906"
"44,3 : 0.906"
"3,45 : 0.4478"
"45,3 : 0.4478"
"3,46 : 0.8887"
"46,3 : 0.8887"
"3,47 : 0.8161"
"47,3 : 0.8161"
"3,48 : 0.3966"
"48,3 : 0.3966"
"3,49 : 0.603"
"49,3 : 0.603"
"4,5 : 0.8186"
"5,4 : 0.8186"
"4,6 : 0.4652"
"6,4 : 0.4652"
"4,7 : 0.3905"
"7,4 : 0.3905"
"4,8 : 0.3466"
"8,4 : 0.3466"
"4,9 : 0.3289"
"9,4 : 0.3289"
"4,10 : 0.1942"
"10,4 : 0.1942"
"4,11 : 0.3962"
"11,4 : 0.3962"
"4,12 : 0.7816"
"12,4 : 0.7816"
"4,13 : 0.3353"
"13,4 : 0.3353"
"4,14 : 0.8905"
"14,4 : 0.8905"
"4,15 : 0.9571"
"15,4 : 0.9571"
"4,16 : 0.7495"
"16,4 : 0.7495"
"4,17 : 0.6335"
"17,4 : 0.6335"
"4,18 : 0.4727"
"18,4 : 0.4727"
"4,19 : 0.7211"
"19,4 : 0.7211"
"4,20 : 1.0608"
"20,4 : 1.0608"
"4,21 : 0.1487"
"21,4 : 0.1487"
"4,22 : 0.9603"
"22,4 : 0.9603"
"4,23 : 0.7742"
"23,4 : 0.7742"
"4,24 : 0.908"
"24,4 : 0.908"
"4,25 : 0.2354"
"25,4 : 0.2354"
"4,26 : 0.9601"
"26,4 : 0.9601"
"4,27 : 0.3068"
"27,4 : 0.3068"
"4,28 : 0.8373"
"28,4 : 0.8373"
"4,29 : 0.5394"
"29,4 : 0.5394"
"4,30 : 0.7816"
"30,4 : 0.7816"
"4,31 : 0.4071"
"31,4 : 0.4071"
"4,32 : 1.0218"
"32,4 : 1.0218"
"4,33 : 0.4909"
"33,4 : 0.4909"
"4,34 : 0.6987"
"34,4 : 0.6987"
"4,35 : 1.094"
"35,4 : 1.094"
"4,36 : 0.5819"
"36,4 : 0.5819"
"4,37 : 0.9504"
"37,4 : 0.9504"
"4,38 : 0.5009"
"38,4 : 0.5009"
"4,39 : 0.999"
"39,4 : 0.999"
"4,40 : 0.3821"
"40,4 : 0.3821"
"4,41 : 0.9043"
"41,4 : 0.9043"
"4,42 : 0.3068"
"42,4 : 0.3068"
"4,43 : 0.9879"
"43,4 : 0.9879"
"4,44 : 0.8609"
"44,4 : 0.8609"
"4,45 : 0.6022"
"45,4 : 0.6022"
"4,46 : 0.8728"
"46,4 : 0.8728"
"4,47 : 0.0728"
"47,4 : 0.0728"
"4,48 : 0.8374"
"48,4 : 0.8374"
"4,49 : 1.1481"
"49,4 : 1.1481"
"5,6 : 0.3534"
"6,5 : 0.3534"
"5,7 : 0.8305"
"7,5 : 0.8305"
"5,8 : 0.5099"
"8,5 : 0.5099"
"5,9 : 0.6313"
"9,5 : 0.6313"
"5,10 : 0.658"
"10,5 : 0.658"
"5,11 : 0.4738"
"11,5 : 0.4738"
"5,12 : 0.8994"
"12,5 : 0.8994"
"5,13 : 0.6407"
"13,5 : 0.6407"
"5,14 : 0.7569"
"14,5 : 0.7569"
"5,15 : 0.6021"
"15,5 : 0.6021"
"5,16 : 0.1803"
"16,5 : 0.1803"
"5,17 : 0.9109"
"17,5 : 0.9109"
"5,18 : 0.4036"
"18,5 : 0.4036"
"5,19 : 0.3106"
"19,5 : 0.3106"
"5,20 : 0.41"
"20,5 : 0.41"
"5,21 : 0.6708"
"21,5 : 0.6708"
"5,22 : 0.8485"
"22,5 : 0.8485"
"5,23 : 0.4031"
"23,5 : 0.4031"
"5,24 : 0.7779"
"24,5 : 0.7779"
"5,25 : 0.7004"
"25,5 : 0.7004"
"5,26 : 0.6603"
"26,5 : 0.6603"
"5,27 : 0.8421"
"27,5 : 0.8421"
"5,28 : 0.792"
"28,5 : 0.792"
"5,29 : 0.8591"
"29,5 : 0.8591"
"5,30 : 0.656"
"30,5 : 0.656"
"5,31 : 0.4123"
"31,5 : 0.4123"
"5,32 : 0.3126"
"32,5 : 0.3126"
"5,33 : 0.7237"
"33,5 : 0.7237"
"5,34 : 0.9155"
"34,5 : 0.9155"
"5,35 : 0.5376"
"35,5 : 0.5376"
"5,36 : 0.2484"
"36,5 : 0.2484"
"5,37 : 0.8415"
"37,5 : 0.8415"
"5,38 : 0.4"
"38,5 : 0.4"
"5,39 : 0.3102"
"39,5 : 0.3102"
"5,40 : 0.4751"
"40,5 : 0.4751"
"5,41 : 0.1414"
"41,5 : 0.1414"
"5,42 : 0.8421"
"42,5 : 0.8421"
"5,43 : 0.6851"
"43,5 : 0.6851"
"5,44 : 0.8661"
"44,5 : 0.8661"
"5,45 : 0.4144"
"45,5 : 0.4144"
"5,46 : 0.8481"
"46,5 : 0.8481"
"5,47 : 0.8099"
"47,5 : 0.8099"
"5,48 : 0.3523"
"48,5 : 0.3523"
"5,49 : 0.5614"
"49,5 : 0.5614"
"6,7 : 0.5408"
"7,6 : 0.5408"
"6,8 : 0.1868"
"8,6 : 0.1868"
"6,9 : 0.3289"
"9,6 : 0.3289"
"6,10 : 0.3126"
"10,6 : 0.3126"
"6,11 : 0.1749"
"11,6 : 0.1749"
"6,12 : 0.7465"
"12,6 : 0.7465"
"6,13 : 0.3418"
"13,6 : 0.3418"
"6,14 : 0.7084"
"14,6 : 0.7084"
"6,15 : 0.66"
"15,6 : 0.66"
"6,16 : 0.3114"
"16,6 : 0.3114"
"6,17 : 0.692"
"17,6 : 0.692"
"6,18 : 0.1581"
"18,6 : 0.1581"
"6,19 : 0.34"
"19,6 : 0.34"
"6,20 : 0.645"
"20,6 : 0.645"
"6,21 : 0.3176"
"21,6 : 0.3176"
"6,22 : 0.8006"
"22,6 : 0.8006"
"6,23 : 0.431"
"23,6 : 0.431"
"6,24 : 0.7305"
"24,6 : 0.7305"
"6,25 : 0.3712"
"25,6 : 0.3712"
"6,26 : 0.6926"
"26,6 : 0.6926"
"6,27 : 0.5277"
"27,6 : 0.5277"
"6,28 : 0.7021"
"28,6 : 0.7021"
"6,29 : 0.6159"
"29,6 : 0.6159"
"6,30 : 0.5852"
"30,6 : 0.5852"
"6,31 : 0.0608"
"31,6 : 0.0608"
"6,32 : 0.5841"
"32,6 : 0.5841"
"6,33 : 0.486"
"33,6 : 0.486"
"6,34 : 0.7218"
"34,6 : 0.7218"
"6,35 : 0.7178"
"35,6 : 0.7178"
"6,36 : 0.1304"
"36,6 : 0.1304"
"6,37 : 0.7912"
"37,6 : 0.7912"
"6,38 : 0.1879"
"38,6 : 0.1879"
"6,39 : 0.5661"
"39,6 : 0.5661"
"6,40 : 0.1649"
"40,6 : 0.1649"
"6,41 : 0.4469"
"41,6 : 0.4469"
"6,42 : 0.5277"
"42,6 : 0.5277"
"6,43 : 0.7225"
"43,6 : 0.7225"
"6,44 : 0.7616"
"44,6 : 0.7616"
"6,45 : 0.2983"
"45,6 : 0.2983"
"6,46 : 0.7559"
"46,6 : 0.7559"
"6,47 : 0.4588"
"47,6 : 0.4588"
"6,48 : 0.4561"
"48,6 : 0.4561"
"6,49 : 0.7632"
"49,6 : 0.7632"
"7,8 : 0.3547"
"8,7 : 0.3547"
"7,9 : 0.2119"
"9,7 : 0.2119"
"7,10 : 0.2973"
"10,7 : 0.2973"
"7,11 : 0.3711"
"11,7 : 0.3711"
"7,12 : 0.402"
"12,7 : 0.402"
"7,13 : 0.1992"
"13,7 : 0.1992"
"7,14 : 0.5644"
"14,7 : 0.5644"
"7,15 : 0.7004"
"15,7 : 0.7004"
"7,16 : 0.8465"
"16,7 : 0.8465"
"7,17 : 0.2433"
"17,7 : 0.2433"
"7,18 : 0.65"
"18,7 : 0.65"
"7,19 : 0.8785"
"19,7 : 0.8785"
"7,20 : 0.9129"
"20,7 : 0.9129"
"7,21 : 0.4022"
"21,7 : 0.4022"
"7,22 : 0.6147"
"22,7 : 0.6147"
"7,23 : 0.5951"
"23,7 : 0.5951"
"7,24 : 0.5771"
"24,7 : 0.5771"
"7,25 : 0.2052"
"25,7 : 0.2052"
"7,26 : 0.6801"
"26,7 : 0.6801"
"7,27 : 0.0906"
"27,7 : 0.0906"
"7,28 : 0.4924"
"28,7 : 0.4924"
"7,29 : 0.1503"
"29,7 : 0.1503"
"7,30 : 0.4827"
"30,7 : 0.4827"
"7,31 : 0.4885"
"31,7 : 0.4885"
"7,32 : 0.9139"
"32,7 : 0.9139"
"7,33 : 0.1628"
"33,7 : 0.1628"
"7,34 : 0.3106"
"34,7 : 0.3106"
"7,35 : 0.8931"
"35,7 : 0.8931"
"7,36 : 0.6676"
"36,7 : 0.6676"
"7,37 : 0.6054"
"37,7 : 0.6054"
"7,38 : 0.686"
"38,7 : 0.686"
"7,39 : 0.8854"
"39,7 : 0.8854"
"7,40 : 0.5801"
"40,7 : 0.5801"
"7,41 : 0.8571"
"41,7 : 0.8571"
"7,42 : 0.0906"
"42,7 : 0.0906"
"7,43 : 0.7029"
"43,7 : 0.7029"
"7,44 : 0.4973"
"44,7 : 0.4973"
"7,45 : 0.4535"
"45,7 : 0.4535"
"7,46 : 0.5155"
"46,7 : 0.5155"
"7,47 : 0.3178"
"47,7 : 0.3178"
"7,48 : 0.6815"
"48,7 : 0.6815"
"7,49 : 0.9513"
"49,7 : 0.9513"
"8,9 : 0.1432"
"9,8 : 0.1432"
"8,10 : 0.1581"
"10,8 : 0.1581"
"8,11 : 0.05"
"11,8 : 0.05"
"8,12 : 0.6042"
"12,8 : 0.6042"
"8,13 : 0.1565"
"13,8 : 0.1565"
"8,14 : 0.622"
"14,8 : 0.622"
"8,15 : 0.636"
"15,8 : 0.636"
"8,16 : 0.4965"
"16,8 : 0.4965"
"8,17 : 0.5233"
"17,8 : 0.5233"
"8,18 : 0.3048"
"18,8 : 0.3048"
"8,19 : 0.5239"
"19,8 : 0.5239"
"8,20 : 0.7142"
"20,8 : 0.7142"
"8,21 : 0.2236"
"21,8 : 0.2236"
"8,22 : 0.7071"
"22,8 : 0.7071"
"8,23 : 0.4342"
"23,8 : 0.4342"
"8,24 : 0.6428"
"24,8 : 0.6428"
"8,25 : 0.191"
"25,8 : 0.191"
"8,26 : 0.6512"
"26,8 : 0.6512"
"8,27 : 0.3423"
"27,8 : 0.3423"
"8,28 : 0.5944"
"28,8 : 0.5944"
"8,29 : 0.4405"
"29,8 : 0.4405"
"8,30 : 0.5004"
"30,8 : 0.5004"
"8,31 : 0.1342"
"31,8 : 0.1342"
"8,32 : 0.678"
"32,8 : 0.678"
"8,33 : 0.3189"
"33,8 : 0.3189"
"8,34 : 0.5622"
"34,8 : 0.5622"
"8,35 : 0.7517"
"35,8 : 0.7517"
"8,36 : 0.3158"
"36,8 : 0.3158"
"8,37 : 0.6972"
"37,8 : 0.6972"
"8,38 : 0.3406"
"38,8 : 0.3406"
"8,39 : 0.6544"
"39,8 : 0.6544"
"8,40 : 0.2524"
"40,8 : 0.2524"
"8,41 : 0.5727"
"41,8 : 0.5727"
"8,42 : 0.3423"
"42,8 : 0.3423"
"8,43 : 0.6807"
"43,8 : 0.6807"
"8,44 : 0.642"
"44,8 : 0.642"
"8,45 : 0.264"
"45,8 : 0.264"
"8,46 : 0.6429"
"46,8 : 0.6429"
"8,47 : 0.3162"
"47,8 : 0.3162"
"8,48 : 0.492"
"48,8 : 0.492"
"8,49 : 0.8045"
"49,8 : 0.8045"
"9,10 : 0.15"
"10,9 : 0.15"
"9,11 : 0.1612"
"11,9 : 0.1612"
"9,12 : 0.4965"
"12,9 : 0.4965"
"9,13 : 0.0141"
"13,9 : 0.0141"
"9,14 : 0.5657"
"14,9 : 0.5657"
"9,15 : 0.6313"
"15,9 : 0.6313"
"9,16 : 0.6356"
"16,9 : 0.6356"
"9,17 : 0.392"
"17,9 : 0.392"
"9,18 : 0.4441"
"18,9 : 0.4441"
"9,19 : 0.6671"
"19,9 : 0.6671"
"9,20 : 0.7742"
"20,9 : 0.7742"
"9,21 : 0.2617"
"21,9 : 0.2617"
"9,22 : 0.6407"
"22,9 : 0.6407"
"9,23 : 0.4669"
"23,9 : 0.4669"
"9,24 : 0.5842"
"24,9 : 0.5842"
"9,25 : 0.1"
"25,9 : 0.1"
"9,26 : 0.6316"
"26,9 : 0.6316"
"9,27 : 0.211"
"27,9 : 0.211"
"9,28 : 0.52"
"28,9 : 0.52"
"9,29 : 0.3041"
"29,9 : 0.3041"
"9,30 : 0.4535"
"30,9 : 0.4535"
"9,31 : 0.2773"
"31,9 : 0.2773"
"9,32 : 0.7559"
"32,9 : 0.7559"
"9,33 : 0.197"
"33,9 : 0.197"
"9,34 : 0.4391"
"34,9 : 0.4391"
"9,35 : 0.7852"
"35,9 : 0.7852"
"9,36 : 0.4561"
"36,9 : 0.4561"
"9,37 : 0.6307"
"37,9 : 0.6307"
"9,38 : 0.4801"
"38,9 : 0.4801"
"9,39 : 0.7295"
"39,9 : 0.7295"
"9,40 : 0.3818"
"40,9 : 0.3818"
"9,41 : 0.6745"
"41,9 : 0.6745"
"9,42 : 0.211"
"42,9 : 0.211"
"9,43 : 0.6592"
"43,9 : 0.6592"
"9,44 : 0.5544"
"44,9 : 0.5544"
"9,45 : 0.3"
"45,9 : 0.3"
"9,46 : 0.5614"
"46,9 : 0.5614"
"9,47 : 0.2729"
"47,9 : 0.2729"
"9,48 : 0.542"
"48,9 : 0.542"
"9,49 : 0.8415"
"49,9 : 0.8415"
"10,11 : 0.2062"
"11,10 : 0.2062"
"10,12 : 0.6403"
"12,10 : 0.6403"
"10,13 : 0.1603"
"13,10 : 0.1603"
"10,14 : 0.7145"
"14,10 : 0.7145"
"10,15 : 0.7656"
"15,10 : 0.7656"
"10,16 : 0.6201"
"16,10 : 0.6201"
"10,17 : 0.5188"
"17,10 : 0.5188"
"10,18 : 0.3764"
"18,10 : 0.3764"
"10,19 : 0.6217"
"19,10 : 0.6217"
"10,20 : 0.87"
"20,10 : 0.87"
"10,21 : 0.114"
"21,10 : 0.114"
"10,22 : 0.7906"
"22,10 : 0.7906"
"10,23 : 0.5801"
"23,10 : 0.5801"
"10,24 : 0.7333"
"24,10 : 0.7333"
"10,25 : 0.0922"
"25,10 : 0.0922"
"10,26 : 0.7716"
"26,10 : 0.7716"
"10,27 : 0.247"
"27,10 : 0.247"
"10,28 : 0.67"
"28,10 : 0.67"
"10,29 : 0.4254"
"29,10 : 0.4254"
"10,30 : 0.6002"
"30,10 : 0.6002"
"10,31 : 0.2518"
"31,10 : 0.2518"
"10,32 : 0.836"
"32,10 : 0.836"
"10,33 : 0.3396"
"33,10 : 0.3396"
"10,34 : 0.5738"
"34,10 : 0.5738"
"10,35 : 0.9"
"35,10 : 0.9"
"10,36 : 0.441"
"36,10 : 0.441"
"10,37 : 0.7806"
"37,10 : 0.7806"
"10,38 : 0.4111"
"38,10 : 0.4111"
"10,39 : 0.8122"
"39,10 : 0.8122"
"10,40 : 0.2955"
"40,10 : 0.2955"
"10,41 : 0.729"
"41,10 : 0.729"
"10,42 : 0.247"
"42,10 : 0.247"
"10,43 : 0.8001"
"43,10 : 0.8001"
"10,44 : 0.7035"
"44,10 : 0.7035"
"10,45 : 0.408"
"45,10 : 0.408"
"10,46 : 0.7111"
"46,10 : 0.7111"
"10,47 : 0.1581"
"47,10 : 0.1581"
"10,48 : 0.6444"
"48,10 : 0.6444"
"10,49 : 0.9543"
"49,10 : 0.9543"
"11,12 : 0.5852"
"12,11 : 0.5852"
"11,13 : 0.1726"
"13,11 : 0.1726"
"11,14 : 0.5855"
"14,11 : 0.5855"
"11,15 : 0.5894"
"15,11 : 0.5894"
"11,16 : 0.4754"
"16,11 : 0.4754"
"11,17 : 0.5186"
"17,11 : 0.5186"
"11,18 : 0.3124"
"18,11 : 0.3124"
"11,19 : 0.5148"
"19,11 : 0.5148"
"11,20 : 0.6647"
"20,11 : 0.6647"
"11,21 : 0.2729"
"21,11 : 0.2729"
"11,22 : 0.6727"
"22,11 : 0.6727"
"11,23 : 0.3847"
"23,11 : 0.3847"
"11,24 : 0.6067"
"24,11 : 0.6067"
"11,25 : 0.228"
"25,11 : 0.228"
"11,26 : 0.6067"
"26,11 : 0.6067"
"11,27 : 0.37"
"27,11 : 0.37"
"11,28 : 0.5632"
"28,11 : 0.5632"
"11,29 : 0.441"
"29,11 : 0.441"
"11,30 : 0.4627"
"30,11 : 0.4627"
"11,31 : 0.1345"
"31,11 : 0.1345"
"11,32 : 0.6301"
"32,11 : 0.6301"
"11,33 : 0.3124"
"33,11 : 0.3124"
"11,34 : 0.5517"
"34,11 : 0.5517"
"11,35 : 0.7018"
"35,11 : 0.7018"
"11,36 : 0.2973"
"36,11 : 0.2973"
"11,37 : 0.6629"
"37,11 : 0.6629"
"11,38 : 0.3471"
"38,11 : 0.3471"
"11,39 : 0.6061"
"39,11 : 0.6061"
"11,40 : 0.2731"
"40,11 : 0.2731"
"11,41 : 0.5292"
"41,11 : 0.5292"
"11,42 : 0.37"
"42,11 : 0.37"
"11,43 : 0.6364"
"43,11 : 0.6364"
"11,44 : 0.6147"
"44,11 : 0.6147"
"11,45 : 0.2154"
"45,11 : 0.2154"
"11,46 : 0.6135"
"46,11 : 0.6135"
"11,47 : 0.364"
"47,11 : 0.364"
"11,48 : 0.442"
"48,11 : 0.442"
"11,49 : 0.7545"
"49,11 : 0.7545"
"12,13 : 0.4838"
"13,12 : 0.4838"
"12,14 : 0.2563"
"14,12 : 0.2563"
"12,15 : 0.4768"
"15,12 : 0.4768"
"12,16 : 0.9902"
"16,12 : 0.9902"
"12,17 : 0.1789"
"17,12 : 0.1789"
"12,18 : 0.8963"
"18,12 : 0.8963"
"12,19 : 1.0679"
"19,12 : 1.0679"
"12,20 : 0.7903"
"20,12 : 0.7903"
"12,21 : 0.7543"
"21,12 : 0.7543"
"12,22 : 0.255"
"22,12 : 0.255"
"12,23 : 0.522"
"23,12 : 0.522"
"12,24 : 0.255"
"24,12 : 0.255"
"12,25 : 0.559"
"25,12 : 0.559"
"12,26 : 0.4245"
"26,12 : 0.4245"
"12,27 : 0.4925"
"27,12 : 0.4925"
"12,28 : 0.1676"
"28,12 : 0.1676"
"12,29 : 0.255"
"29,12 : 0.255"
"12,30 : 0.2717"
"30,12 : 0.2717"
"12,31 : 0.7185"
"31,12 : 0.7185"
"12,32 : 0.8386"
"32,12 : 0.8386"
"12,33 : 0.3008"
"33,12 : 0.3008"
"12,34 : 0.1082"
"34,12 : 0.1082"
"12,35 : 0.7071"
"35,12 : 0.7071"
"12,36 : 0.8415"
"36,12 : 0.8415"
"12,37 : 0.2484"
"37,12 : 0.2484"
"12,38 : 0.9301"
"38,12 : 0.9301"
"12,39 : 0.8089"
"39,12 : 0.8089"
"12,40 : 0.8559"
"40,12 : 0.8559"
"12,41 : 0.8603"
"41,12 : 0.8603"
"12,42 : 0.4925"
"42,12 : 0.4925"
"12,43 : 0.4332"
"43,12 : 0.4332"
"12,44 : 0.1204"
"44,12 : 0.1204"
"12,45 : 0.4941"
"45,12 : 0.4941"
"12,46 : 0.15"
"46,12 : 0.15"
"12,47 : 0.7106"
"47,12 : 0.7106"
"12,48 : 0.6064"
"48,12 : 0.6064"
"12,49 : 0.7612"
"49,12 : 0.7612"
"13,14 : 0.5573"
"14,13 : 0.5573"
"13,15 : 0.6277"
"15,13 : 0.6277"
"13,16 : 0.6476"
"16,13 : 0.6476"
"13,17 : 0.378"
"17,13 : 0.378"
"13,18 : 0.458"
"18,13 : 0.458"
"13,19 : 0.6803"
"19,13 : 0.6803"
"13,20 : 0.7767"
"20,13 : 0.7767"
"13,21 : 0.2729"
"21,13 : 0.2729"
"13,22 : 0.6313"
"22,13 : 0.6313"
"13,23 : 0.4675"
"23,13 : 0.4675"
"13,24 : 0.5756"
"24,13 : 0.5756"
"13,25 : 0.103"
"25,13 : 0.103"
"13,26 : 0.6265"
"26,13 : 0.6265"
"13,27 : 0.2022"
"27,13 : 0.2022"
"13,28 : 0.5101"
"28,13 : 0.5101"
"13,29 : 0.29"
"29,13 : 0.29"
"13,30 : 0.4464"
"30,13 : 0.4464"
"13,31 : 0.2907"
"31,13 : 0.2907"
"13,32 : 0.7603"
"32,13 : 0.7603"
"13,33 : 0.1838"
"33,13 : 0.1838"
"13,34 : 0.4254"
"34,13 : 0.4254"
"13,35 : 0.7849"
"35,13 : 0.7849"
"13,36 : 0.4684"
"36,13 : 0.4684"
"13,37 : 0.6213"
"37,13 : 0.6213"
"13,38 : 0.4941"
"38,13 : 0.4941"
"13,39 : 0.7336"
"39,13 : 0.7336"
"13,40 : 0.396"
"40,13 : 0.396"
"13,41 : 0.6815"
"41,13 : 0.6815"
"13,42 : 0.2022"
"42,13 : 0.2022"
"13,43 : 0.6539"
"43,13 : 0.6539"
"13,44 : 0.5433"
"44,13 : 0.5433"
"13,45 : 0.3023"
"45,13 : 0.3023"
"13,46 : 0.5508"
"46,13 : 0.5508"
"13,47 : 0.2773"
"47,13 : 0.2773"
"13,48 : 0.5441"
"48,13 : 0.5441"
"13,49 : 0.8415"
"49,13 : 0.8415"
"14,15 : 0.2302"
"15,14 : 0.2302"
"14,16 : 0.8841"
"16,14 : 0.8841"
"14,17 : 0.4061"
"17,14 : 0.4061"
"14,18 : 0.8665"
"18,14 : 0.8665"
"14,19 : 0.9848"
"19,14 : 0.9848"
"14,20 : 0.5609"
"20,14 : 0.5609"
"14,21 : 0.8215"
"21,14 : 0.8215"
"14,22 : 0.0943"
"22,14 : 0.0943"
"14,23 : 0.3538"
"23,14 : 0.3538"
"14,24 : 0.0224"
"24,14 : 0.0224"
"14,25 : 0.6551"
"25,14 : 0.6551"
"14,26 : 0.1712"
"26,14 : 0.1712"
"14,27 : 0.6485"
"27,14 : 0.6485"
"14,28 : 0.0894"
"28,14 : 0.0894"
"14,29 : 0.4469"
"29,14 : 0.4469"
"14,30 : 0.1237"
"30,14 : 0.1237"
"14,31 : 0.7009"
"31,14 : 0.7009"
"14,32 : 0.6263"
"32,14 : 0.6263"
"14,33 : 0.4123"
"33,14 : 0.4123"
"14,34 : 0.3499"
"34,14 : 0.3499"
"14,35 : 0.4601"
"35,14 : 0.4601"
"14,36 : 0.7694"
"36,14 : 0.7694"
"14,37 : 0.086"
"37,14 : 0.086"
"14,38 : 0.8954"
"38,14 : 0.8954"
"14,39 : 0.5981"
"39,14 : 0.5981"
"14,40 : 0.8515"
"40,14 : 0.8515"
"14,41 : 0.6851"
"41,14 : 0.6851"
"14,42 : 0.6485"
"42,14 : 0.6485"
"14,43 : 0.1772"
"43,14 : 0.1772"
"14,44 : 0.1503"
"44,14 : 0.1503"
"14,45 : 0.4123"
"45,14 : 0.4123"
"14,46 : 0.12"
"46,14 : 0.12"
"14,47 : 0.8271"
"47,14 : 0.8271"
"14,48 : 0.4188"
"48,14 : 0.4188"
"14,49 : 0.5116"
"49,14 : 0.5116"
"15,16 : 0.7564"
"16,15 : 0.7564"
"15,17 : 0.6001"
"17,15 : 0.6001"
"15,18 : 0.8115"
"18,15 : 0.8115"
"15,19 : 0.8732"
"19,15 : 0.8732"
"15,20 : 0.3353"
"20,15 : 0.3353"
"15,21 : 0.857"
"21,15 : 0.857"
"15,22 : 0.2941"
"22,15 : 0.2941"
"15,23 : 0.2319"
"23,15 : 0.2319"
"15,24 : 0.2419"
"24,15 : 0.2419"
"15,25 : 0.7306"
"25,15 : 0.7306"
"15,26 : 0.0671"
"26,15 : 0.0671"
"15,27 : 0.7716"
"27,15 : 0.7716"
"15,28 : 0.3114"
"28,15 : 0.3114"
"15,29 : 0.6159"
"29,15 : 0.6159"
"15,30 : 0.2283"
"30,15 : 0.2283"
"15,31 : 0.6727"
"31,15 : 0.6727"
"15,32 : 0.4118"
"32,15 : 0.4118"
"15,33 : 0.5376"
"33,15 : 0.5376"
"15,34 : 0.5566"
"34,15 : 0.5566"
"15,35 : 0.2309"
"35,15 : 0.2309"
"15,36 : 0.6825"
"36,15 : 0.6825"
"15,37 : 0.2912"
"37,15 : 0.2912"
"15,38 : 0.8338"
"38,15 : 0.8338"
"15,39 : 0.3859"
"39,15 : 0.3859"
"15,40 : 0.821"
"40,15 : 0.821"
"15,41 : 0.5025"
"41,15 : 0.5025"
"15,42 : 0.7716"
"42,15 : 0.7716"
"15,43 : 0.0849"
"43,15 : 0.0849"
"15,44 : 0.38"
"44,15 : 0.38"
"15,45 : 0.3766"
"45,15 : 0.3766"
"15,46 : 0.3501"
"46,15 : 0.3501"
"15,47 : 0.9043"
"47,15 : 0.9043"
"15,48 : 0.2506"
"48,15 : 0.2506"
"15,49 : 0.2844"
"49,15 : 0.2844"
"16,17 : 0.9706"
"17,16 : 0.9706"
"16,18 : 0.2864"
"18,16 : 0.2864"
"16,19 : 0.1304"
"19,16 : 0.1304"
"16,20 : 0.5901"
"20,16 : 0.5901"
"16,21 : 0.6021"
"21,16 : 0.6021"
"16,22 : 0.978"
"22,16 : 0.978"
"16,23 : 0.5385"
"23,16 : 0.5385"
"16,24 : 0.906"
"24,16 : 0.906"
"16,25 : 0.6826"
"25,16 : 0.6826"
"16,26 : 0.8095"
"26,16 : 0.8095"
"16,27 : 0.8386"
"27,16 : 0.8386"
"16,28 : 0.9055"
"28,16 : 0.9055"
"16,29 : 0.9047"
"29,16 : 0.9047"
"16,30 : 0.7723"
"30,16 : 0.7723"
"16,31 : 0.3705"
"31,16 : 0.3705"
"16,32 : 0.4925"
"32,16 : 0.4925"
"16,33 : 0.7697"
"33,16 : 0.7697"
"16,34 : 0.9879"
"34,16 : 0.9879"
"16,35 : 0.7145"
"35,16 : 0.7145"
"16,36 : 0.1811"
"36,16 : 0.1811"
"16,37 : 0.9701"
"37,16 : 0.9701"
"16,38 : 0.2693"
"38,16 : 0.2693"
"16,39 : 0.4904"
"39,16 : 0.4904"
"16,40 : 0.3734"
"40,16 : 0.3734"
"16,41 : 0.3214"
"41,16 : 0.3214"
"16,42 : 0.8386"
"42,16 : 0.8386"
"16,43 : 0.8363"
"43,16 : 0.8363"
"16,44 : 0.9758"
"44,16 : 0.9758"
"16,45 : 0.4968"
"45,16 : 0.4968"
"16,46 : 0.9621"
"46,16 : 0.9621"
"16,47 : 0.7566"
"47,16 : 0.7566"
"16,48 : 0.507"
"48,16 : 0.507"
"16,49 : 0.7406"
"49,16 : 0.7406"
"17,18 : 0.8276"
"18,17 : 0.8276"
"17,19 : 1.029"
"19,17 : 1.029"
"17,20 : 0.8812"
"20,17 : 0.8812"
"17,21 : 0.6307"
"21,17 : 0.6307"
"17,22 : 0.4264"
"22,17 : 0.4264"
"17,23 : 0.5801"
"23,17 : 0.5801"
"17,24 : 0.4111"
"24,17 : 0.4111"
"17,25 : 0.4295"
"25,17 : 0.4295"
"17,26 : 0.5595"
"26,17 : 0.5595"
"17,27 : 0.3314"
"27,17 : 0.3314"
"17,28 : 0.3189"
"28,17 : 0.3189"
"17,29 : 0.0949"
"29,17 : 0.0949"
"17,30 : 0.3734"
"30,17 : 0.3734"
"17,31 : 0.6519"
"31,17 : 0.6519"
"17,32 : 0.9109"
"32,17 : 0.9109"
"17,33 : 0.2062"
"33,17 : 0.2062"
"17,34 : 0.0728"
"34,17 : 0.0728"
"17,35 : 0.8222"
"35,17 : 0.8222"
"17,36 : 0.8045"
"36,17 : 0.8045"
"17,37 : 0.4187"
"37,17 : 0.4187"
"17,38 : 0.8631"
"38,17 : 0.8631"
"17,39 : 0.8809"
"39,17 : 0.8809"
"17,40 : 0.7723"
"40,17 : 0.7723"
"17,41 : 0.8994"
"41,17 : 0.8994"
"17,42 : 0.3314"
"42,17 : 0.3314"
"17,43 : 0.5745"
"43,17 : 0.5745"
"17,44 : 0.2941"
"44,17 : 0.2941"
"17,45 : 0.4973"
"45,17 : 0.4973"
"17,46 : 0.3202"
"46,17 : 0.3202"
"17,47 : 0.5609"
"47,17 : 0.5609"
"17,48 : 0.6703"
"48,17 : 0.6703"
"17,49 : 0.8792"
"49,17 : 0.8792"
"18,19 : 0.2502"
"19,18 : 0.2502"
"18,20 : 0.7596"
"20,18 : 0.7596"
"18,21 : 0.33"
"21,18 : 0.33"
"18,22 : 0.9586"
"22,18 : 0.9586"
"18,23 : 0.5803"
"23,18 : 0.5803"
"18,24 : 0.8887"
"24,18 : 0.8887"
"18,25 : 0.4569"
"25,18 : 0.4569"
"18,26 : 0.8472"
"26,18 : 0.8472"
"18,27 : 0.6185"
"27,18 : 0.6185"
"18,28 : 0.8591"
"28,18 : 0.8591"
"18,29 : 0.7452"
"29,18 : 0.7452"
"18,30 : 0.7433"
"30,18 : 0.7433"
"18,31 : 0.178"
"31,18 : 0.178"
"18,32 : 0.6843"
"32,18 : 0.6843"
"18,33 : 0.6223"
"33,18 : 0.6223"
"18,34 : 0.8637"
"34,18 : 0.8637"
"18,35 : 0.8493"
"35,18 : 0.8493"
"18,36 : 0.1612"
"36,18 : 0.1612"
"18,37 : 0.9492"
"37,18 : 0.9492"
"18,38 : 0.0361"
"38,18 : 0.0361"
"18,39 : 0.6712"
"39,18 : 0.6712"
"18,40 : 0.0906"
"40,18 : 0.0906"
"18,41 : 0.527"
"41,18 : 0.527"
"18,42 : 0.6185"
"42,18 : 0.6185"
"18,43 : 0.8769"
"43,18 : 0.8769"
"18,44 : 0.9171"
"44,18 : 0.9171"
"18,45 : 0.4561"
"45,18 : 0.4561"
"18,46 : 0.9124"
"46,18 : 0.9124"
"18,47 : 0.4904"
"47,18 : 0.4904"
"18,48 : 0.5941"
"48,18 : 0.5941"
"18,49 : 0.8902"
"49,18 : 0.8902"
"19,20 : 0.7203"
"20,19 : 0.7203"
"19,21 : 0.5801"
"21,19 : 0.5801"
"19,22 : 1.0791"
"22,19 : 1.0791"
"19,23 : 0.6488"
"23,19 : 0.6488"
"19,24 : 1.007"
"24,19 : 1.007"
"19,25 : 0.6964"
"25,19 : 0.6964"
"19,26 : 0.9231"
"26,19 : 0.9231"
"19,27 : 0.8573"
"27,19 : 0.8573"
"19,28 : 0.9981"
"28,19 : 0.9981"
"19,29 : 0.9552"
"29,19 : 0.9552"
"19,30 : 0.8684"
"30,19 : 0.8684"
"19,31 : 0.39"
"31,19 : 0.39"
"19,32 : 0.6229"
"32,19 : 0.6229"
"19,33 : 0.8238"
"33,19 : 0.8238"
"19,34 : 1.0542"
"34,19 : 1.0542"
"19,35 : 0.8429"
"35,19 : 0.8429"
"19,36 : 0.2267"
"36,19 : 0.2267"
"19,37 : 1.0707"
"37,19 : 1.0707"
"19,38 : 0.2202"
"38,19 : 0.2202"
"19,39 : 0.6207"
"39,19 : 0.6207"
"19,40 : 0.34"
"40,19 : 0.34"
"19,41 : 0.4518"
"41,19 : 0.4518"
"19,42 : 0.8573"
"42,19 : 0.8573"
"19,43 : 0.9508"
"43,19 : 0.9508"
"19,44 : 1.0653"
"44,19 : 1.0653"
"19,45 : 0.5826"
"45,19 : 0.5826"
"19,46 : 1.0542"
"46,19 : 1.0542"
"19,47 : 0.7406"
"47,19 : 0.7406"
"19,48 : 0.6264"
"48,19 : 0.6264"
"19,49 : 0.8702"
"49,19 : 0.8702"
"20,21 : 0.9296"
"21,20 : 0.9296"
"20,22 : 0.6294"
"22,20 : 0.6294"
"20,23 : 0.3178"
"23,20 : 0.3178"
"20,24 : 0.5749"
"24,20 : 0.5749"
"20,25 : 0.8701"
"25,20 : 0.8701"
"20,26 : 0.4016"
"26,20 : 0.4016"
"20,27 : 0.9625"
"27,20 : 0.9625"
"20,28 : 0.6339"
"28,20 : 0.6339"
"20,29 : 0.8709"
"29,20 : 0.8709"
"20,30 : 0.5201"
"30,20 : 0.5201"
"20,31 : 0.6851"
"31,20 : 0.6851"
"20,32 : 0.1077"
"32,20 : 0.1077"
"20,33 : 0.7596"
"33,20 : 0.7596"
"20,34 : 0.8529"
"34,20 : 0.8529"
"20,35 : 0.15"
"35,20 : 0.15"
"20,36 : 0.6008"
"36,20 : 0.6008"
"20,37 : 0.6264"
"37,20 : 0.6264"
"20,38 : 0.7684"
"38,20 : 0.7684"
"20,39 : 0.1005"
"39,20 : 0.1005"
"20,40 : 0.805"
"40,20 : 0.805"
"20,41 : 0.2707"
"41,20 : 0.2707"
"20,42 : 0.9625"
"42,20 : 0.9625"
"20,43 : 0.4123"
"43,20 : 0.4123"
"20,44 : 0.7071"
"44,20 : 0.7071"
"20,45 : 0.4743"
"45,20 : 0.4743"
"20,46 : 0.679"
"46,20 : 0.679"
"20,47 : 1.0265"
"47,20 : 1.0265"
"20,48 : 0.2332"
"48,20 : 0.2332"
"20,49 : 0.1552"
"49,20 : 0.1552"
"21,22 : 0.9"
"22,21 : 0.9"
"21,23 : 0.6576"
"23,21 : 0.6576"
"21,24 : 0.841"
"24,21 : 0.841"
"21,25 : 0.2012"
"25,21 : 0.2012"
"21,26 : 0.8683"
"26,21 : 0.8683"
"21,27 : 0.3394"
"27,21 : 0.3394"
"21,28 : 0.7806"
"28,21 : 0.7806"
"21,29 : 0.5367"
"29,21 : 0.5367"
"21,30 : 0.7046"
"30,21 : 0.7046"
"21,31 : 0.2608"
"31,21 : 0.2608"
"21,32 : 0.8841"
"32,21 : 0.8841"
"21,33 : 0.4535"
"33,21 : 0.4535"
"21,34 : 0.6871"
"34,21 : 0.6871"
"21,35 : 0.9742"
"35,21 : 0.9742"
"21,36 : 0.4332"
"36,21 : 0.4332"
"21,37 : 0.89"
"37,21 : 0.89"
"21,38 : 0.3606"
"38,21 : 0.3606"
"21,39 : 0.8627"
"39,21 : 0.8627"
"21,40 : 0.2402"
"40,21 : 0.2402"
"21,41 : 0.7603"
"41,21 : 0.7603"
"21,42 : 0.3394"
"42,21 : 0.3394"
"21,43 : 0.8974"
"43,21 : 0.8974"
"21,44 : 0.8161"
"44,21 : 0.8161"
"21,45 : 0.4875"
"45,21 : 0.4875"
"21,46 : 0.823"
"46,21 : 0.823"
"21,47 : 0.1612"
"47,21 : 0.1612"
"21,48 : 0.7128"
"48,21 : 0.7128"
"21,49 : 1.0263"
"49,21 : 1.0263"
"22,23 : 0.4455"
"23,22 : 0.4455"
"22,24 : 0.0721"
"24,22 : 0.0721"
"22,25 : 0.7256"
"25,22 : 0.7256"
"22,26 : 0.228"
"26,22 : 0.228"
"22,27 : 0.7023"
"27,22 : 0.7023"
"22,28 : 0.1237"
"28,22 : 0.1237"
"22,29 : 0.4837"
"29,22 : 0.4837"
"22,30 : 0.2154"
"30,22 : 0.2154"
"22,31 : 0.7912"
"31,22 : 0.7912"
"22,32 : 0.7026"
"32,22 : 0.7026"
"22,33 : 0.473"
"33,22 : 0.473"
"22,34 : 0.3607"
"34,22 : 0.3607"
"22,35 : 0.5148"
"35,22 : 0.5148"
"22,36 : 0.8635"
"36,22 : 0.8635"
"22,37 : 0.01"
"37,22 : 0.01"
"22,38 : 0.9879"
"38,22 : 0.9879"
"22,39 : 0.6754"
"39,22 : 0.6754"
"22,40 : 0.9411"
"40,22 : 0.9411"
"22,41 : 0.772"
"41,22 : 0.772"
"22,42 : 0.7023"
"42,22 : 0.7023"
"22,43 : 0.222"
"43,22 : 0.222"
"22,44 : 0.1345"
"44,22 : 0.1345"
"22,45 : 0.5057"
"45,22 : 0.5057"
"22,46 : 0.1063"
"46,22 : 0.1063"
"22,47 : 0.8944"
"47,22 : 0.8944"
"22,48 : 0.5061"
"48,22 : 0.5061"
"22,49 : 0.5614"
"49,22 : 0.5614"
"23,24 : 0.3748"
"24,23 : 0.3748"
"23,25 : 0.5657"
"25,23 : 0.5657"
"23,26 : 0.2751"
"26,23 : 0.2751"
"23,27 : 0.6466"
"27,23 : 0.6466"
"23,28 : 0.3945"
"28,23 : 0.3945"
"23,29 : 0.559"
"29,23 : 0.559"
"23,30 : 0.2594"
"30,23 : 0.2594"
"23,31 : 0.4491"
"31,23 : 0.4491"
"23,32 : 0.3314"
"32,23 : 0.3314"
"23,33 : 0.4427"
"33,23 : 0.4427"
"23,34 : 0.5632"
"34,23 : 0.5632"
"23,35 : 0.3202"
"35,23 : 0.3202"
"23,36 : 0.4512"
"36,23 : 0.4512"
"23,37 : 0.4384"
"37,23 : 0.4384"
"23,38 : 0.6021"
"38,23 : 0.6021"
"23,39 : 0.3015"
"39,23 : 0.3015"
"23,40 : 0.5941"
"40,23 : 0.5941"
"23,41 : 0.3401"
"41,23 : 0.3401"
"23,42 : 0.6466"
"42,23 : 0.6466"
"23,43 : 0.3036"
"43,23 : 0.3036"
"23,44 : 0.4701"
"44,23 : 0.4701"
"23,45 : 0.172"
"45,23 : 0.172"
"23,46 : 0.4494"
"46,23 : 0.4494"
"23,47 : 0.7311"
"47,23 : 0.7311"
"23,48 : 0.0906"
"48,23 : 0.0906"
"23,49 : 0.3754"
"49,23 : 0.3754"
"24,25 : 0.6727"
"25,24 : 0.6727"
"24,26 : 0.18"
"26,24 : 0.18"
"24,27 : 0.6621"
"27,24 : 0.6621"
"24,28 : 0.0922"
"28,24 : 0.0922"
"24,29 : 0.4561"
"29,24 : 0.4561"
"24,30 : 0.1456"
"30,24 : 0.1456"
"24,31 : 0.7228"
"31,24 : 0.7228"
"24,32 : 0.6426"
"32,24 : 0.6426"
"24,33 : 0.4272"
"33,24 : 0.4272"
"24,34 : 0.3523"
"34,24 : 0.3523"
"24,35 : 0.4701"
"35,24 : 0.4701"
"24,36 : 0.7918"
"36,24 : 0.7918"
"24,37 : 0.064"
"37,24 : 0.064"
"24,38 : 0.9176"
"38,24 : 0.9176"
"24,39 : 0.6147"
"39,24 : 0.6147"
"24,40 : 0.8732"
"40,24 : 0.8732"
"24,41 : 0.7046"
"41,24 : 0.7046"
"24,42 : 0.6621"
"42,24 : 0.6621"
"24,43 : 0.1825"
"43,24 : 0.1825"
"24,44 : 0.1432"
"44,24 : 0.1432"
"24,45 : 0.4346"
"45,24 : 0.4346"
"24,46 : 0.1118"
"46,24 : 0.1118"
"24,47 : 0.844"
"47,24 : 0.844"
"24,48 : 0.4383"
"48,24 : 0.4383"
"24,49 : 0.5204"
"49,24 : 0.5204"
"25,26 : 0.7292"
"26,25 : 0.7292"
"25,27 : 0.1616"
"27,25 : 0.1616"
"25,28 : 0.603"
"28,25 : 0.603"
"25,29 : 0.3354"
"29,25 : 0.3354"
"25,30 : 0.5471"
"30,25 : 0.5471"
"25,31 : 0.3126"
"31,25 : 0.3126"
"25,32 : 0.8472"
"32,25 : 0.8472"
"25,33 : 0.2608"
"33,25 : 0.2608"
"25,34 : 0.487"
"34,25 : 0.487"
"25,35 : 0.8846"
"35,25 : 0.8846"
"25,36 : 0.5016"
"36,25 : 0.5016"
"25,37 : 0.7157"
"37,25 : 0.7157"
"25,38 : 0.4924"
"38,25 : 0.4924"
"25,39 : 0.8215"
"39,25 : 0.8215"
"25,40 : 0.3808"
"40,25 : 0.3808"
"25,41 : 0.7561"
"41,25 : 0.7561"
"25,42 : 0.1616"
"42,25 : 0.1616"
"25,43 : 0.7564"
"43,25 : 0.7564"
"25,44 : 0.6301"
"44,25 : 0.6301"
"25,45 : 0.397"
"45,25 : 0.397"
"25,46 : 0.6403"
"46,25 : 0.6403"
"25,47 : 0.1746"
"47,25 : 0.1746"
"25,48 : 0.6389"
"48,25 : 0.6389"
"25,49 : 0.9407"
"49,25 : 0.9407"
"26,27 : 0.756"
"27,26 : 0.756"
"26,28 : 0.2571"
"28,26 : 0.2571"
"26,29 : 0.5841"
"29,26 : 0.5841"
"26,30 : 0.198"
"30,26 : 0.198"
"26,31 : 0.7"
"31,26 : 0.7"
"26,32 : 0.4789"
"32,26 : 0.4789"
"26,33 : 0.5186"
"33,26 : 0.5186"
"26,34 : 0.5108"
"34,26 : 0.5108"
"26,35 : 0.2902"
"35,26 : 0.2902"
"26,36 : 0.7253"
"36,26 : 0.7253"
"26,37 : 0.2256"
"37,26 : 0.2256"
"26,38 : 0.8713"
"38,26 : 0.8713"
"26,39 : 0.4528"
"39,26 : 0.4528"
"26,40 : 0.8502"
"40,26 : 0.8502"
"26,41 : 0.5657"
"41,26 : 0.5657"
"26,42 : 0.756"
"42,26 : 0.756"
"26,43 : 0.03"
"43,26 : 0.03"
"26,44 : 0.3214"
"44,26 : 0.3214"
"26,45 : 0.4001"
"45,26 : 0.4001"
"26,46 : 0.2907"
"46,26 : 0.2907"
"26,47 : 0.9038"
"47,26 : 0.9038"
"26,48 : 0.3081"
"48,26 : 0.3081"
"26,49 : 0.3406"
"49,26 : 0.3406"
"27,28 : 0.5794"
"28,27 : 0.5794"
"27,29 : 0.24"
"29,27 : 0.24"
"27,30 : 0.5604"
"30,27 : 0.5604"
"27,31 : 0.4707"
"31,27 : 0.4707"
"27,32 : 0.9546"
"32,27 : 0.9546"
"27,33 : 0.2385"
"33,27 : 0.2385"
"27,34 : 0.4001"
"34,27 : 0.4001"
"27,35 : 0.9543"
"35,27 : 0.9543"
"27,36 : 0.6576"
"36,27 : 0.6576"
"27,37 : 0.6929"
"37,27 : 0.6929"
"27,38 : 0.6539"
"38,27 : 0.6539"
"27,39 : 0.927"
"39,27 : 0.927"
"27,40 : 0.5412"
"40,27 : 0.5412"
"27,41 : 0.8829"
"41,27 : 0.8829"
"27,42 : 0.0"
"42,27 : 0.0"
"27,43 : 0.7801"
"43,27 : 0.7801"
"27,44 : 0.5869"
"44,27 : 0.5869"
"27,45 : 0.4924"
"45,27 : 0.4924"
"27,46 : 0.6044"
"46,27 : 0.6044"
"27,47 : 0.2341"
"47,27 : 0.2341"
"27,48 : 0.7295"
"48,27 : 0.7295"
"27,49 : 1.0121"
"49,27 : 1.0121"
"28,29 : 0.3662"
"29,28 : 0.3662"
"28,30 : 0.136"
"30,28 : 0.136"
"28,31 : 0.6871"
"31,28 : 0.6871"
"28,32 : 0.6912"
"32,28 : 0.6912"
"28,33 : 0.3493"
"33,28 : 0.3493"
"28,34 : 0.2608"
"34,28 : 0.2608"
"28,35 : 0.5423"
"35,28 : 0.5423"
"28,36 : 0.7767"
"36,28 : 0.7767"
"28,37 : 0.114"
"37,28 : 0.114"
"28,38 : 0.89"
"38,28 : 0.89"
"28,39 : 0.6622"
"39,28 : 0.6622"
"28,40 : 0.8349"
"40,28 : 0.8349"
"28,41 : 0.7336"
"41,28 : 0.7336"
"28,42 : 0.5794"
"42,28 : 0.5794"
"28,43 : 0.2657"
"43,28 : 0.2657"
"28,44 : 0.0762"
"44,28 : 0.0762"
"28,45 : 0.4162"
"45,28 : 0.4162"
"28,46 : 0.0566"
"46,28 : 0.0566"
"28,47 : 0.771"
"47,28 : 0.771"
"28,48 : 0.4701"
"48,28 : 0.4701"
"28,49 : 0.5954"
"49,28 : 0.5954"
"29,30 : 0.3883"
"30,29 : 0.3883"
"29,31 : 0.572"
"31,29 : 0.572"
"29,32 : 0.8896"
"32,29 : 0.8896"
"29,33 : 0.136"
"33,29 : 0.136"
"29,34 : 0.1603"
"34,29 : 0.1603"
"29,35 : 0.8276"
"35,29 : 0.8276"
"29,36 : 0.7336"
"36,29 : 0.7336"
"29,37 : 0.4751"
"37,29 : 0.4751"
"29,38 : 0.781"
"38,29 : 0.781"
"29,39 : 0.8599"
"39,29 : 0.8599"
"29,40 : 0.6859"
"40,29 : 0.6859"
"29,41 : 0.8609"
"41,29 : 0.8609"
"29,42 : 0.24"
"42,29 : 0.24"
"29,43 : 0.6031"
"43,29 : 0.6031"
"29,44 : 0.3585"
"44,29 : 0.3585"
"29,45 : 0.4518"
"45,29 : 0.4518"
"29,46 : 0.3801"
"46,29 : 0.3801"
"29,47 : 0.4669"
"47,29 : 0.4669"
"29,48 : 0.6494"
"48,29 : 0.6494"
"29,49 : 0.8857"
"49,29 : 0.8857"
"30,31 : 0.5772"
"31,30 : 0.5772"
"30,32 : 0.5672"
"32,30 : 0.5672"
"30,33 : 0.322"
"33,30 : 0.322"
"30,34 : 0.3354"
"34,30 : 0.3354"
"30,35 : 0.4492"
"35,30 : 0.4492"
"30,36 : 0.65"
"36,30 : 0.65"
"30,37 : 0.2062"
"37,30 : 0.2062"
"30,38 : 0.7725"
"38,30 : 0.7725"
"30,39 : 0.5376"
"39,30 : 0.5376"
"30,40 : 0.7278"
"40,30 : 0.7278"
"30,41 : 0.5993"
"41,30 : 0.5993"
"30,42 : 0.5604"
"42,30 : 0.5604"
"30,43 : 0.2202"
"43,30 : 0.2202"
"30,44 : 0.211"
"44,30 : 0.211"
"30,45 : 0.2907"
"45,30 : 0.2907"
"30,46 : 0.1921"
"46,30 : 0.1921"
"30,47 : 0.7211"
"47,30 : 0.7211"
"30,48 : 0.3384"
"48,30 : 0.3384"
"30,49 : 0.506"
"49,30 : 0.506"
"31,32 : 0.6303"
"32,31 : 0.6303"
"31,33 : 0.446"
"33,31 : 0.446"
"31,34 : 0.6862"
"34,31 : 0.6862"
"31,35 : 0.7485"
"35,31 : 0.7485"
"31,36 : 0.19"
"36,31 : 0.19"
"31,37 : 0.7816"
"37,31 : 0.7816"
"31,38 : 0.2126"
"38,31 : 0.2126"
"31,39 : 0.6107"
"39,31 : 0.6107"
"31,40 : 0.1513"
"40,31 : 0.1513"
"31,41 : 0.5"
"41,31 : 0.5"
"31,42 : 0.4707"
"42,31 : 0.4707"
"31,43 : 0.73"
"43,31 : 0.73"
"31,44 : 0.7425"
"44,31 : 0.7425"
"31,45 : 0.3002"
"45,31 : 0.3002"
"31,46 : 0.7393"
"46,31 : 0.7393"
"31,47 : 0.3985"
"47,31 : 0.3985"
"31,48 : 0.4847"
"48,31 : 0.4847"
"31,49 : 0.7962"
"49,31 : 0.7962"
"32,33 : 0.769"
"33,32 : 0.769"
"32,34 : 0.8905"
"34,32 : 0.8905"
"32,35 : 0.2555"
"35,32 : 0.2555"
"32,36 : 0.5233"
"36,32 : 0.5233"
"32,37 : 0.6986"
"37,32 : 0.6986"
"32,38 : 0.6894"
"38,32 : 0.6894"
"32,39 : 0.03"
"39,32 : 0.03"
"32,40 : 0.7378"
"40,32 : 0.7378"
"32,41 : 0.1712"
"41,32 : 0.1712"
"32,42 : 0.9546"
"42,32 : 0.9546"
"32,43 : 0.494"
"43,32 : 0.494"
"32,44 : 0.7666"
"44,32 : 0.7666"
"32,45 : 0.4624"
"45,32 : 0.4624"
"32,46 : 0.7404"
"46,32 : 0.7404"
"32,47 : 0.994"
"47,32 : 0.994"
"32,48 : 0.2408"
"48,32 : 0.2408"
"32,49 : 0.2625"
"49,32 : 0.2625"
"33,34 : 0.2441"
"34,33 : 0.2441"
"33,35 : 0.7325"
"35,33 : 0.7325"
"33,36 : 0.6003"
"36,33 : 0.6003"
"33,37 : 0.4632"
"37,33 : 0.4632"
"33,38 : 0.6576"
"38,33 : 0.6576"
"33,39 : 0.7398"
"39,33 : 0.7398"
"33,40 : 0.5701"
"40,33 : 0.5701"
"33,41 : 0.73"
"41,33 : 0.73"
"33,42 : 0.2385"
"42,33 : 0.2385"
"33,43 : 0.542"
"43,33 : 0.542"
"33,44 : 0.3701"
"44,33 : 0.3701"
"33,45 : 0.32"
"45,33 : 0.32"
"33,46 : 0.3821"
"46,33 : 0.3821"
"33,47 : 0.423"
"47,33 : 0.423"
"33,48 : 0.5316"
"48,33 : 0.5316"
"33,49 : 0.7908"
"49,33 : 0.7908"
"34,35 : 0.7834"
"35,34 : 0.7834"
"34,36 : 0.828"
"36,34 : 0.828"
"34,37 : 0.3536"
"37,34 : 0.3536"
"34,38 : 0.8987"
"38,34 : 0.8987"
"34,39 : 0.8605"
"39,34 : 0.8605"
"34,40 : 0.814"
"40,34 : 0.814"
"34,41 : 0.8927"
"41,34 : 0.8927"
"34,42 : 0.4001"
"42,34 : 0.4001"
"34,43 : 0.5233"
"43,34 : 0.5233"
"34,44 : 0.2267"
"44,34 : 0.2267"
"34,45 : 0.5016"
"45,34 : 0.5016"
"34,46 : 0.2546"
"46,34 : 0.2546"
"34,47 : 0.6265"
"47,34 : 0.6265"
"34,48 : 0.6519"
"48,34 : 0.6519"
"34,49 : 0.8393"
"49,34 : 0.8393"
"35,36 : 0.6972"
"36,35 : 0.6972"
"35,37 : 0.5135"
"37,35 : 0.5135"
"35,38 : 0.8631"
"38,35 : 0.8631"
"35,39 : 0.2417"
"39,35 : 0.2417"
"35,40 : 0.8823"
"40,35 : 0.8823"
"35,41 : 0.4052"
"41,35 : 0.4052"
"35,42 : 0.9543"
"42,35 : 0.9543"
"35,43 : 0.2927"
"43,35 : 0.2927"
"35,44 : 0.6103"
"44,35 : 0.6103"
"35,45 : 0.492"
"45,35 : 0.492"
"35,46 : 0.5801"
"46,35 : 0.5801"
"35,47 : 1.0512"
"47,35 : 1.0512"
"35,48 : 0.264"
"48,35 : 0.264"
"35,49 : 0.0583"
"49,35 : 0.0583"
"36,37 : 0.8548"
"37,36 : 0.8548"
"36,38 : 0.1676"
"38,36 : 0.1676"
"36,39 : 0.5108"
"39,36 : 0.5108"
"36,40 : 0.2267"
"40,36 : 0.2267"
"36,41 : 0.3662"
"41,36 : 0.3662"
"36,42 : 0.6576"
"42,36 : 0.6576"
"36,43 : 0.7543"
"43,36 : 0.7543"
"36,44 : 0.842"
"44,36 : 0.842"
"36,45 : 0.3606"
"45,36 : 0.3606"
"36,46 : 0.8323"
"46,36 : 0.8323"
"36,47 : 0.5825"
"47,36 : 0.5825"
"36,48 : 0.4501"
"48,36 : 0.4501"
"36,49 : 0.7355"
"49,36 : 0.7355"
"37,38 : 0.9786"
"38,37 : 0.9786"
"37,39 : 0.6712"
"39,37 : 0.6712"
"37,40 : 0.9315"
"40,37 : 0.9315"
"37,41 : 0.7661"
"41,37 : 0.7661"
"37,42 : 0.6929"
"42,37 : 0.6929"
"37,43 : 0.2209"
"43,37 : 0.2209"
"37,44 : 0.1281"
"44,37 : 0.1281"
"37,45 : 0.4966"
"45,37 : 0.4966"
"37,46 : 0.099"
"46,37 : 0.099"
"37,47 : 0.8846"
"47,37 : 0.8846"
"37,48 : 0.5"
"48,37 : 0.5"
"37,49 : 0.5608"
"49,37 : 0.5608"
"38,39 : 0.6778"
"39,38 : 0.6778"
"38,40 : 0.1204"
"40,38 : 0.1204"
"38,41 : 0.5284"
"41,38 : 0.5284"
"38,42 : 0.6539"
"42,38 : 0.6539"
"38,43 : 0.9009"
"43,38 : 0.9009"
"38,44 : 0.9489"
"44,38 : 0.9489"
"38,45 : 0.4838"
"45,38 : 0.4838"
"38,46 : 0.9437"
"46,38 : 0.9437"
"38,47 : 0.5215"
"47,38 : 0.5215"
"38,48 : 0.6113"
"48,38 : 0.6113"
"38,49 : 0.9024"
"49,38 : 0.9024"
"39,40 : 0.722"
"40,39 : 0.722"
"39,41 : 0.1703"
"41,39 : 0.1703"
"39,42 : 0.927"
"42,39 : 0.927"
"39,43 : 0.4687"
"43,39 : 0.4687"
"39,44 : 0.7376"
"44,39 : 0.7376"
"39,45 : 0.4346"
"45,39 : 0.4346"
"39,46 : 0.7117"
"46,39 : 0.7117"
"39,47 : 0.9701"
"47,39 : 0.9701"
"39,48 : 0.211"
"48,39 : 0.211"
"39,49 : 0.255"
"49,39 : 0.255"
"40,41 : 0.589"
"41,40 : 0.589"
"40,42 : 0.5412"
"42,40 : 0.5412"
"40,43 : 0.8802"
"43,40 : 0.8802"
"40,44 : 0.8877"
"44,40 : 0.8877"
"40,45 : 0.451"
"45,40 : 0.451"
"40,46 : 0.886"
"46,40 : 0.886"
"40,47 : 0.4011"
"47,40 : 0.4011"
"40,48 : 0.621"
"48,40 : 0.621"
"40,49 : 0.927"
"49,40 : 0.927"
"41,42 : 0.8829"
"42,41 : 0.8829"
"41,43 : 0.5873"
"43,41 : 0.5873"
"41,44 : 0.8095"
"44,41 : 0.8095"
"41,45 : 0.41"
"45,41 : 0.41"
"41,46 : 0.7877"
"46,41 : 0.7877"
"41,47 : 0.8859"
"47,41 : 0.8859"
"41,48 : 0.2663"
"48,41 : 0.2663"
"41,49 : 0.4243"
"49,41 : 0.4243"
"42,43 : 0.7801"
"43,42 : 0.7801"
"42,44 : 0.5869"
"44,42 : 0.5869"
"42,45 : 0.4924"
"45,42 : 0.4924"
"42,46 : 0.6044"
"46,42 : 0.6044"
"42,47 : 0.2341"
"47,42 : 0.2341"
"42,48 : 0.7295"
"48,42 : 0.7295"
"42,49 : 1.0121"
