x,y
0.97,0.88
0.13,0.74
0.78,0.1
0.17,0.76
0.06,0.13
0.2,1.0
0.68,0.49
0.93,0.07
0.37,0.53
0.63,0.77
0.9,0.22
0.78,0.39
0.73,0.69
0.03,0.34
0.55,0.89
0.15,0.64
0.7,0.0
0.36,0.16
0.99,0.58
0.97,0.9
0.62,0.99
0.92,0.28
0.97,0.35
0.56,0.86
0.85,0.21
0.32,0.46
0.89,0.0
0.67,0.42
0.58,0.68
0.48,0.17
0.7,0.38
0.19,0.91
0.2,0.69
0.97,0.52
0.07,0.03
0.34,0.42
0.38,0.31
0.52,0.43
0.48,0.24
0.39,0.62
0.55,0.76
0.4,0.46
0.63,0.1
0.45,0.9
0.83,0.92
0.75,0.91
0.65,0.38
0.1,0.48
0.55,0.13
0.12,0.07

Distanze
"0,1 : 0.8516"
"1,0 : 0.8516"
"0,2 : 0.8028"
"2,0 : 0.8028"
"0,3 : 0.8089"
"3,0 : 0.8089"
"0,4 : 1.1792"
"4,0 : 1.1792"
"0,5 : 0.7793"
"5,0 : 0.7793"
"0,6 : 0.486"
"6,0 : 0.486"
"0,7 : 0.811"
"7,0 : 0.811"
"0,8 : 0.6946"
"8,0 : 0.6946"
"0,9 : 0.3574"
"9,0 : 0.3574"
"0,10 : 0.6637"
"10,0 : 0.6637"
"0,11 : 0.5255"
"11,0 : 0.5255"
"0,12 : 0.3061"
"12,0 : 0.3061"
"0,13 : 1.0841"
"13,0 : 1.0841"
"0,14 : 0.4201"
"14,0 : 0.4201"
"0,15 : 0.8544"
"15,0 : 0.8544"
"0,16 : 0.9205"
"16,0 : 0.9205"
"0,17 : 0.9437"
"17,0 : 0.9437"
"0,18 : 0.3007"
"18,0 : 0.3007"
"0,19 : 0.02"
"19,0 : 0.02"
"0,20 : 0.3669"
"20,0 : 0.3669"
"0,21 : 0.6021"
"21,0 : 0.6021"
"0,22 : 0.53"
"22,0 : 0.53"
"0,23 : 0.4105"
"23,0 : 0.4105"
"0,24 : 0.6807"
"24,0 : 0.6807"
"0,25 : 0.7739"
"25,0 : 0.7739"
"0,26 : 0.8836"
"26,0 : 0.8836"
"0,27 : 0.5492"
"27,0 : 0.5492"
"0,28 : 0.4383"
"28,0 : 0.4383"
"0,29 : 0.8627"
"29,0 : 0.8627"
"0,30 : 0.5682"
"30,0 : 0.5682"
"0,31 : 0.7806"
"31,0 : 0.7806"
"0,32 : 0.7931"
"32,0 : 0.7931"
"0,33 : 0.36"
"33,0 : 0.36"
"0,34 : 1.2379"
"34,0 : 1.2379"
"0,35 : 0.7801"
"35,0 : 0.7801"
"0,36 : 0.8204"
"36,0 : 0.8204"
"0,37 : 0.6364"
"37,0 : 0.6364"
"0,38 : 0.806"
"38,0 : 0.806"
"0,39 : 0.6356"
"39,0 : 0.6356"
"0,40 : 0.4368"
"40,0 : 0.4368"
"0,41 : 0.708"
"41,0 : 0.708"
"0,42 : 0.8509"
"42,0 : 0.8509"
"0,43 : 0.5204"
"43,0 : 0.5204"
"0,44 : 0.1456"
"44,0 : 0.1456"
"0,45 : 0.222"
"45,0 : 0.222"
"0,46 : 0.5936"
"46,0 : 0.5936"
"0,47 : 0.9575"
"47,0 : 0.9575"
"0,48 : 0.8596"
"48,0 : 0.8596"
"0,49 : 1.1741"
"49,0 : 1.1741"
"1,2 : 0.9122"
"2,1 : 0.9122"
"1,3 : 0.0447"
"3,1 : 0.0447"
"1,4 : 0.614"
"4,1 : 0.614"
"1,5 : 0.2693"
"5,1 : 0.2693"
"1,6 : 0.6042"
"6,1 : 0.6042"
"1,7 : 1.0435"
"7,1 : 1.0435"
"1,8 : 0.3189"
"8,1 : 0.3189"
"1,9 : 0.5009"
"9,1 : 0.5009"
"1,10 : 0.9291"
"10,1 : 0.9291"
"1,11 : 0.7382"
"11,1 : 0.7382"
"1,12 : 0.6021"
"12,1 : 0.6021"
"1,13 : 0.4123"
"13,1 : 0.4123"
"1,14 : 0.446"
"14,1 : 0.446"
"1,15 : 0.102"
"15,1 : 0.102"
"1,16 : 0.9341"
"16,1 : 0.9341"
"1,17 : 0.6239"
"17,1 : 0.6239"
"1,18 : 0.8748"
"18,1 : 0.8748"
"1,19 : 0.8551"
"19,1 : 0.8551"
"1,20 : 0.5501"
"20,1 : 0.5501"
"1,21 : 0.9142"
"21,1 : 0.9142"
"1,22 : 0.9261"
"22,1 : 0.9261"
"1,23 : 0.4464"
"23,1 : 0.4464"
"1,24 : 0.894"
"24,1 : 0.894"
"1,25 : 0.3384"
"25,1 : 0.3384"
"1,26 : 1.0608"
"26,1 : 1.0608"
"1,27 : 0.6277"
"27,1 : 0.6277"
"1,28 : 0.454"
"28,1 : 0.454"
"1,29 : 0.6689"
"29,1 : 0.6689"
"1,30 : 0.6742"
"30,1 : 0.6742"
"1,31 : 0.1803"
"31,1 : 0.1803"
"1,32 : 0.086"
"32,1 : 0.086"
"1,33 : 0.8683"
"33,1 : 0.8683"
"1,34 : 0.7125"
"34,1 : 0.7125"
"1,35 : 0.3828"
"35,1 : 0.3828"
"1,36 : 0.4974"
"36,1 : 0.4974"
"1,37 : 0.4982"
"37,1 : 0.4982"
"1,38 : 0.6103"
"38,1 : 0.6103"
"1,39 : 0.2864"
"39,1 : 0.2864"
"1,40 : 0.4205"
"40,1 : 0.4205"
"1,41 : 0.389"
"41,1 : 0.389"
"1,42 : 0.8122"
"42,1 : 0.8122"
"1,43 : 0.3578"
"43,1 : 0.3578"
"1,44 : 0.7228"
"44,1 : 0.7228"
"1,45 : 0.6429"
"45,1 : 0.6429"
"1,46 : 0.6325"
"46,1 : 0.6325"
"1,47 : 0.2617"
"47,1 : 0.2617"
"1,48 : 0.7406"
"48,1 : 0.7406"
"1,49 : 0.6701"
"49,1 : 0.6701"
"2,3 : 0.8987"
"3,2 : 0.8987"
"2,4 : 0.7206"
"4,2 : 0.7206"
"2,5 : 1.0707"
"5,2 : 1.0707"
"2,6 : 0.4026"
"6,2 : 0.4026"
"2,7 : 0.153"
"7,2 : 0.153"
"2,8 : 0.5941"
"8,2 : 0.5941"
"2,9 : 0.6866"
"9,2 : 0.6866"
"2,10 : 0.1697"
"10,2 : 0.1697"
"2,11 : 0.29"
"11,2 : 0.29"
"2,12 : 0.5921"
"12,2 : 0.5921"
"2,13 : 0.7875"
"13,2 : 0.7875"
"2,14 : 0.8228"
"14,2 : 0.8228"
"2,15 : 0.8298"
"15,2 : 0.8298"
"2,16 : 0.1281"
"16,2 : 0.1281"
"2,17 : 0.4243"
"17,2 : 0.4243"
"2,18 : 0.5239"
"18,2 : 0.5239"
"2,19 : 0.8223"
"19,2 : 0.8223"
"2,20 : 0.9043"
"20,2 : 0.9043"
"2,21 : 0.228"
"21,2 : 0.228"
"2,22 : 0.314"
"22,2 : 0.314"
"2,23 : 0.7912"
"23,2 : 0.7912"
"2,24 : 0.1304"
"24,2 : 0.1304"
"2,25 : 0.5841"
"25,2 : 0.5841"
"2,26 : 0.1487"
"26,2 : 0.1487"
"2,27 : 0.3384"
"27,2 : 0.3384"
"2,28 : 0.6135"
"28,2 : 0.6135"
"2,29 : 0.3081"
"29,2 : 0.3081"
"2,30 : 0.2912"
"30,2 : 0.2912"
"2,31 : 1.0021"
"31,2 : 1.0021"
"2,32 : 0.8273"
"32,2 : 0.8273"
"2,33 : 0.461"
"33,2 : 0.461"
"2,34 : 0.7134"
"34,2 : 0.7134"
"2,35 : 0.5441"
"35,2 : 0.5441"
"2,36 : 0.4518"
"36,2 : 0.4518"
"2,37 : 0.4201"
"37,2 : 0.4201"
"2,38 : 0.3311"
"38,2 : 0.3311"
"2,39 : 0.65"
"39,2 : 0.65"
"2,40 : 0.6989"
"40,2 : 0.6989"
"2,41 : 0.5235"
"41,2 : 0.5235"
"2,42 : 0.15"
"42,2 : 0.15"
"2,43 : 0.8654"
"43,2 : 0.8654"
"2,44 : 0.8215"
"44,2 : 0.8215"
"2,45 : 0.8106"
"45,2 : 0.8106"
"2,46 : 0.3087"
"46,2 : 0.3087"
"2,47 : 0.779"
"47,2 : 0.779"
"2,48 : 0.2319"
"48,2 : 0.2319"
"2,49 : 0.6607"
"49,2 : 0.6607"
"3,4 : 0.6395"
"4,3 : 0.6395"
"3,5 : 0.2419"
"5,3 : 0.2419"
"3,6 : 0.5771"
"6,3 : 0.5771"
"3,7 : 1.0265"
"7,3 : 1.0265"
"3,8 : 0.3048"
"8,3 : 0.3048"
"3,9 : 0.4601"
"9,3 : 0.4601"
"3,10 : 0.908"
"10,3 : 0.908"
"3,11 : 0.7134"
"11,3 : 0.7134"
"3,12 : 0.5644"
"12,3 : 0.5644"
"3,13 : 0.4427"
"13,3 : 0.4427"
"3,14 : 0.4016"
"14,3 : 0.4016"
"3,15 : 0.1217"
"15,3 : 0.1217"
"3,16 : 0.9266"
"16,3 : 0.9266"
"3,17 : 0.6294"
"17,3 : 0.6294"
"3,18 : 0.8395"
"18,3 : 0.8395"
"3,19 : 0.8122"
"19,3 : 0.8122"
"3,20 : 0.5054"
"20,3 : 0.5054"
"3,21 : 0.8904"
"21,3 : 0.8904"
"3,22 : 0.8989"
"22,3 : 0.8989"
"3,23 : 0.4026"
"23,3 : 0.4026"
"3,24 : 0.8746"
"24,3 : 0.8746"
"3,25 : 0.3354"
"25,3 : 0.3354"
"3,26 : 1.0469"
"26,3 : 1.0469"
"3,27 : 0.6046"
"27,3 : 0.6046"
"3,28 : 0.4177"
"28,3 : 0.4177"
"3,29 : 0.6665"
"29,3 : 0.6665"
"3,30 : 0.6522"
"30,3 : 0.6522"
"3,31 : 0.1513"
"31,3 : 0.1513"
"3,32 : 0.0762"
"32,3 : 0.0762"
"3,33 : 0.8352"
"33,3 : 0.8352"
"3,34 : 0.7368"
"34,3 : 0.7368"
"3,35 : 0.3801"
"35,3 : 0.3801"
"3,36 : 0.4966"
"36,3 : 0.4966"
"3,37 : 0.481"
"37,3 : 0.481"
"3,38 : 0.6054"
"38,3 : 0.6054"
"3,39 : 0.2608"
"39,3 : 0.2608"
"3,40 : 0.38"
"40,3 : 0.38"
"3,41 : 0.378"
"41,3 : 0.378"
"3,42 : 0.8045"
"42,3 : 0.8045"
"3,43 : 0.313"
"43,3 : 0.313"
"3,44 : 0.6791"
"44,3 : 0.6791"
"3,45 : 0.5991"
"45,3 : 0.5991"
"3,46 : 0.6122"
"46,3 : 0.6122"
"3,47 : 0.2886"
"47,3 : 0.2886"
"3,48 : 0.7357"
"48,3 : 0.7357"
"3,49 : 0.6918"
"49,3 : 0.6918"
"4,5 : 0.8812"
"5,4 : 0.8812"
"4,6 : 0.7169"
"6,4 : 0.7169"
"4,7 : 0.8721"
"7,4 : 0.8721"
"4,8 : 0.5061"
"8,4 : 0.5061"
"4,9 : 0.857"
"9,4 : 0.857"
"4,10 : 0.8448"
"10,4 : 0.8448"
"4,11 : 0.7655"
"11,4 : 0.7655"
"4,12 : 0.8732"
"12,4 : 0.8732"
"4,13 : 0.2121"
"13,4 : 0.2121"
"4,14 : 0.9043"
"14,4 : 0.9043"
"4,15 : 0.5179"
"15,4 : 0.5179"
"4,16 : 0.6531"
"16,4 : 0.6531"
"4,17 : 0.3015"
"17,4 : 0.3015"
"4,18 : 1.0332"
"18,4 : 1.0332"
"4,19 : 1.1921"
"19,4 : 1.1921"
"4,20 : 1.0263"
"20,4 : 1.0263"
"4,21 : 0.873"
"21,4 : 0.873"
"4,22 : 0.9362"
"22,4 : 0.9362"
"4,23 : 0.8848"
"23,4 : 0.8848"
"4,24 : 0.794"
"24,4 : 0.794"
"4,25 : 0.4201"
"25,4 : 0.4201"
"4,26 : 0.8401"
"26,4 : 0.8401"
"4,27 : 0.6754"
"27,4 : 0.6754"
"4,28 : 0.7569"
"28,4 : 0.7569"
"4,29 : 0.4219"
"29,4 : 0.4219"
"4,30 : 0.6871"
"30,4 : 0.6871"
"4,31 : 0.7908"
"31,4 : 0.7908"
"4,32 : 0.5772"
"32,4 : 0.5772"
"4,33 : 0.9901"
"33,4 : 0.9901"
"4,34 : 0.1005"
"34,4 : 0.1005"
"4,35 : 0.4031"
"35,4 : 0.4031"
"4,36 : 0.3672"
"36,4 : 0.3672"
"4,37 : 0.5492"
"37,4 : 0.5492"
"4,38 : 0.4342"
"38,4 : 0.4342"
"4,39 : 0.5908"
"39,4 : 0.5908"
"4,40 : 0.7981"
"40,4 : 0.7981"
"4,41 : 0.4738"
"41,4 : 0.4738"
"4,42 : 0.5708"
"42,4 : 0.5708"
"4,43 : 0.8631"
"43,4 : 0.8631"
"4,44 : 1.1032"
"44,4 : 1.1032"
"4,45 : 1.0414"
"45,4 : 1.0414"
"4,46 : 0.6408"
"46,4 : 0.6408"
"4,47 : 0.3523"
"47,4 : 0.3523"
"4,48 : 0.49"
"48,4 : 0.49"
"4,49 : 0.0849"
"49,4 : 0.0849"
"5,6 : 0.7004"
"6,5 : 0.7004"
"5,7 : 1.1823"
"7,5 : 1.1823"
"5,8 : 0.4998"
"8,5 : 0.4998"
"5,9 : 0.4876"
"9,5 : 0.4876"
"5,10 : 1.048"
"10,5 : 1.048"
"5,11 : 0.8417"
"11,5 : 0.8417"
"5,12 : 0.614"
"12,5 : 0.614"
"5,13 : 0.6815"
"13,5 : 0.6815"
"5,14 : 0.3669"
"14,5 : 0.3669"
"5,15 : 0.3635"
"15,5 : 0.3635"
"5,16 : 1.118"
"16,5 : 1.118"
"5,17 : 0.8551"
"17,5 : 0.8551"
"5,18 : 0.8947"
"18,5 : 0.8947"
"5,19 : 0.7765"
"19,5 : 0.7765"
"5,20 : 0.4201"
"20,5 : 0.4201"
"5,21 : 1.0182"
"21,5 : 1.0182"
"5,22 : 1.0077"
"22,5 : 1.0077"
"5,23 : 0.3863"
"23,5 : 0.3863"
"5,24 : 1.023"
"24,5 : 1.023"
"5,25 : 0.5532"
"25,5 : 0.5532"
"5,26 : 1.2149"
"26,5 : 1.2149"
"5,27 : 0.7465"
"27,5 : 0.7465"
"5,28 : 0.4968"
"28,5 : 0.4968"
"5,29 : 0.876"
"29,5 : 0.876"
"5,30 : 0.7965"
"30,5 : 0.7965"
"5,31 : 0.0906"
"31,5 : 0.0906"
"5,32 : 0.31"
"32,5 : 0.31"
"5,33 : 0.9074"
"33,5 : 0.9074"
"5,34 : 0.9787"
"34,5 : 0.9787"
"5,35 : 0.5967"
"35,5 : 0.5967"
"5,36 : 0.7131"
"36,5 : 0.7131"
"5,37 : 0.6537"
"37,5 : 0.6537"
"5,38 : 0.8099"
"38,5 : 0.8099"
"5,39 : 0.4249"
"39,5 : 0.4249"
"5,40 : 0.4244"
"40,5 : 0.4244"
"5,41 : 0.5758"
"41,5 : 0.5758"
"5,42 : 0.9974"
"42,5 : 0.9974"
"5,43 : 0.2693"
"43,5 : 0.2693"
"5,44 : 0.6351"
"44,5 : 0.6351"
"5,45 : 0.5573"
"45,5 : 0.5573"
"5,46 : 0.7661"
"46,5 : 0.7661"
"5,47 : 0.5295"
"47,5 : 0.5295"
"5,48 : 0.9378"
"48,5 : 0.9378"
"5,49 : 0.9334"
"49,5 : 0.9334"
"6,7 : 0.4888"
"7,6 : 0.4888"
"6,8 : 0.3126"
"8,6 : 0.3126"
"6,9 : 0.2844"
"9,6 : 0.2844"
"6,10 : 0.3483"
"10,6 : 0.3483"
"6,11 : 0.1414"
"11,6 : 0.1414"
"6,12 : 0.2062"
"12,6 : 0.2062"
"6,13 : 0.6671"
"13,6 : 0.6671"
"6,14 : 0.4206"
"14,6 : 0.4206"
"6,15 : 0.5508"
"15,6 : 0.5508"
"6,16 : 0.4904"
"16,6 : 0.4904"
"6,17 : 0.4597"
"17,6 : 0.4597"
"6,18 : 0.3228"
"18,6 : 0.3228"
"6,19 : 0.5022"
"19,6 : 0.5022"
"6,20 : 0.5036"
"20,6 : 0.5036"
"6,21 : 0.3189"
"21,6 : 0.3189"
"6,22 : 0.322"
"22,6 : 0.322"
"6,23 : 0.389"
"23,6 : 0.389"
"6,24 : 0.3276"
"24,6 : 0.3276"
"6,25 : 0.3612"
"25,6 : 0.3612"
"6,26 : 0.5331"
"26,6 : 0.5331"
"6,27 : 0.0707"
"27,6 : 0.0707"
"6,28 : 0.2147"
"28,6 : 0.2147"
"6,29 : 0.3774"
"29,6 : 0.3774"
"6,30 : 0.1118"
"30,6 : 0.1118"
"6,31 : 0.6454"
"31,6 : 0.6454"
"6,32 : 0.52"
"32,6 : 0.52"
"6,33 : 0.2915"
"33,6 : 0.2915"
"6,34 : 0.764"
"34,6 : 0.764"
"6,35 : 0.3471"
"35,6 : 0.3471"
"6,36 : 0.3499"
"36,6 : 0.3499"
"6,37 : 0.1709"
"37,6 : 0.1709"
"6,38 : 0.3202"
"38,6 : 0.3202"
"6,39 : 0.3178"
"39,6 : 0.3178"
"6,40 : 0.2997"
"40,6 : 0.2997"
"6,41 : 0.2816"
"41,6 : 0.2816"
"6,42 : 0.3932"
"42,6 : 0.3932"
"6,43 : 0.4701"
"43,6 : 0.4701"
"6,44 : 0.4554"
"44,6 : 0.4554"
"6,45 : 0.4258"
"45,6 : 0.4258"
"6,46 : 0.114"
"46,6 : 0.114"
"6,47 : 0.5801"
"47,6 : 0.5801"
"6,48 : 0.3828"
"48,6 : 0.3828"
"6,49 : 0.7"
"49,6 : 0.7"
"7,8 : 0.7247"
"8,7 : 0.7247"
"7,9 : 0.7616"
"9,7 : 0.7616"
"7,10 : 0.153"
"10,7 : 0.153"
"7,11 : 0.3534"
"11,7 : 0.3534"
"7,12 : 0.6515"
"12,7 : 0.6515"
"7,13 : 0.9396"
"13,7 : 0.9396"
"7,14 : 0.9038"
"14,7 : 0.9038"
"7,15 : 0.9661"
"15,7 : 0.9661"
"7,16 : 0.2404"
"16,7 : 0.2404"
"7,17 : 0.5771"
"17,7 : 0.5771"
"7,18 : 0.5135"
"18,7 : 0.5135"
"7,19 : 0.831"
"19,7 : 0.831"
"7,20 : 0.9708"
"20,7 : 0.9708"
"7,21 : 0.2102"
"21,7 : 0.2102"
"7,22 : 0.2828"
"22,7 : 0.2828"
"7,23 : 0.8724"
"23,7 : 0.8724"
"7,24 : 0.1612"
"24,7 : 0.1612"
"7,25 : 0.724"
"25,7 : 0.724"
"7,26 : 0.0806"
"26,7 : 0.0806"
"7,27 : 0.436"
"27,7 : 0.436"
"7,28 : 0.7033"
"28,7 : 0.7033"
"7,29 : 0.461"
"29,7 : 0.461"
"7,30 : 0.386"
"30,7 : 0.386"
"7,31 : 1.1195"
"31,7 : 1.1195"
"7,32 : 0.9578"
"32,7 : 0.9578"
"7,33 : 0.4518"
"33,7 : 0.4518"
"7,34 : 0.8609"
"34,7 : 0.8609"
"7,35 : 0.686"
"35,7 : 0.686"
"7,36 : 0.6001"
"36,7 : 0.6001"
"7,37 : 0.5456"
"37,7 : 0.5456"
"7,38 : 0.481"
"38,7 : 0.481"
"7,39 : 0.7708"
"39,7 : 0.7708"
"7,40 : 0.7877"
"40,7 : 0.7877"
"7,41 : 0.658"
"41,7 : 0.658"
"7,42 : 0.3015"
"42,7 : 0.3015"
"7,43 : 0.9588"
"43,7 : 0.9588"
"7,44 : 0.8559"
"44,7 : 0.8559"
"7,45 : 0.8591"
"45,7 : 0.8591"
"7,46 : 0.4177"
"46,7 : 0.4177"
"7,47 : 0.9257"
"47,7 : 0.9257"
"7,48 : 0.3847"
"48,7 : 0.3847"
"7,49 : 0.81"
"49,7 : 0.81"
"8,9 : 0.3538"
"9,8 : 0.3538"
"8,10 : 0.614"
"10,8 : 0.614"
"8,11 : 0.4332"
"11,8 : 0.4332"
"8,12 : 0.394"
"12,8 : 0.394"
"8,13 : 0.3895"
"13,8 : 0.3895"
"8,14 : 0.4025"
"14,8 : 0.4025"
"8,15 : 0.246"
"15,8 : 0.246"
"8,16 : 0.6243"
"16,8 : 0.6243"
"8,17 : 0.3701"
"17,8 : 0.3701"
"8,18 : 0.622"
"18,8 : 0.622"
"8,19 : 0.7049"
"19,8 : 0.7049"
"8,20 : 0.5235"
"20,8 : 0.5235"
"8,21 : 0.6042"
"21,8 : 0.6042"
"8,22 : 0.6264"
"22,8 : 0.6264"
"8,23 : 0.3808"
"23,8 : 0.3808"
"8,24 : 0.5769"
"24,8 : 0.5769"
"8,25 : 0.086"
"25,8 : 0.086"
"8,26 : 0.7425"
"26,8 : 0.7425"
"8,27 : 0.3195"
"27,8 : 0.3195"
"8,28 : 0.2581"
"28,8 : 0.2581"
"8,29 : 0.3764"
"29,8 : 0.3764"
"8,30 : 0.3625"
"30,8 : 0.3625"
"8,31 : 0.4205"
"31,8 : 0.4205"
"8,32 : 0.2335"
"32,8 : 0.2335"
"8,33 : 0.6001"
"33,8 : 0.6001"
"8,34 : 0.5831"
"34,8 : 0.5831"
"8,35 : 0.114"
"35,8 : 0.114"
"8,36 : 0.2202"
"36,8 : 0.2202"
"8,37 : 0.1803"
"37,8 : 0.1803"
"8,38 : 0.3102"
"38,8 : 0.3102"
"8,39 : 0.0922"
"39,8 : 0.0922"
"8,40 : 0.2921"
"40,8 : 0.2921"
"8,41 : 0.0762"
"41,8 : 0.0762"
"8,42 : 0.5025"
"42,8 : 0.5025"
"8,43 : 0.3785"
"43,8 : 0.3785"
"8,44 : 0.6031"
"44,8 : 0.6031"
"8,45 : 0.5374"
"45,8 : 0.5374"
"8,46 : 0.3176"
"46,8 : 0.3176"
"8,47 : 0.2746"
"47,8 : 0.2746"
"8,48 : 0.4386"
"48,8 : 0.4386"
"8,49 : 0.5235"
"49,8 : 0.5235"
"9,10 : 0.6127"
"10,9 : 0.6127"
"9,11 : 0.4085"
"11,9 : 0.4085"
"9,12 : 0.1281"
"12,9 : 0.1281"
"9,13 : 0.7382"
"13,9 : 0.7382"
"9,14 : 0.1442"
"14,9 : 0.1442"
"9,15 : 0.4973"
"15,9 : 0.4973"
"9,16 : 0.7732"
"16,9 : 0.7732"
"9,17 : 0.6671"
"17,9 : 0.6671"
"9,18 : 0.4071"
"18,9 : 0.4071"
"9,19 : 0.364"
"19,9 : 0.364"
"9,20 : 0.2202"
"20,9 : 0.2202"
"9,21 : 0.5694"
"21,9 : 0.5694"
"9,22 : 0.5404"
"22,9 : 0.5404"
"9,23 : 0.114"
"23,9 : 0.114"
"9,24 : 0.6017"
"24,9 : 0.6017"
"9,25 : 0.4384"
"25,9 : 0.4384"
"9,26 : 0.8127"
"26,9 : 0.8127"
"9,27 : 0.3523"
"27,9 : 0.3523"
"9,28 : 0.103"
"28,9 : 0.103"
"9,29 : 0.6185"
"29,9 : 0.6185"
"9,30 : 0.3962"
"30,9 : 0.3962"
"9,31 : 0.4617"
"31,9 : 0.4617"
"9,32 : 0.4374"
"32,9 : 0.4374"
"9,33 : 0.422"
"33,9 : 0.422"
"9,34 : 0.928"
"34,9 : 0.928"
"9,35 : 0.4545"
"35,9 : 0.4545"
"9,36 : 0.5235"
"36,9 : 0.5235"
"9,37 : 0.3574"
"37,9 : 0.3574"
"9,38 : 0.5508"
"38,9 : 0.5508"
"9,39 : 0.283"
"39,9 : 0.283"
"9,40 : 0.0806"
"40,9 : 0.0806"
"9,41 : 0.386"
"41,9 : 0.386"
"9,42 : 0.67"
"42,9 : 0.67"
"9,43 : 0.222"
"43,9 : 0.222"
"9,44 : 0.25"
"44,9 : 0.25"
"9,45 : 0.1844"
"45,9 : 0.1844"
"9,46 : 0.3905"
"46,9 : 0.3905"
"9,47 : 0.6042"
"47,9 : 0.6042"
"9,48 : 0.645"
"48,9 : 0.645"
"9,49 : 0.8661"
"49,9 : 0.8661"
"10,11 : 0.2081"
"11,10 : 0.2081"
"10,12 : 0.4998"
"12,10 : 0.4998"
"10,13 : 0.8782"
"13,10 : 0.8782"
"10,14 : 0.7559"
"14,10 : 0.7559"
"10,15 : 0.8596"
"15,10 : 0.8596"
"10,16 : 0.2973"
"16,10 : 0.2973"
"10,17 : 0.5433"
"17,10 : 0.5433"
"10,18 : 0.3711"
"18,10 : 0.3711"
"10,19 : 0.6836"
"19,10 : 0.6836"
"10,20 : 0.8193"
"20,10 : 0.8193"
"10,21 : 0.0632"
"21,10 : 0.0632"
"10,22 : 0.1476"
"22,10 : 0.1476"
"10,23 : 0.7247"
"23,10 : 0.7247"
"10,24 : 0.051"
"24,10 : 0.051"
"10,25 : 0.6277"
"25,10 : 0.6277"
"10,26 : 0.2202"
"26,10 : 0.2202"
"10,27 : 0.3048"
"27,10 : 0.3048"
"10,28 : 0.5604"
"28,10 : 0.5604"
"10,29 : 0.423"
"29,10 : 0.423"
"10,30 : 0.2561"
"30,10 : 0.2561"
"10,31 : 0.9901"
"31,10 : 0.9901"
"10,32 : 0.8431"
"32,10 : 0.8431"
"10,33 : 0.3081"
"33,10 : 0.3081"
"10,34 : 0.8515"
"34,10 : 0.8515"
"10,35 : 0.5946"
"35,10 : 0.5946"
"10,36 : 0.5277"
"36,10 : 0.5277"
"10,37 : 0.4342"
"37,10 : 0.4342"
"10,38 : 0.4205"
"38,10 : 0.4205"
"10,39 : 0.6482"
"39,10 : 0.6482"
"10,40 : 0.6435"
"40,10 : 0.6435"
"10,41 : 0.5546"
"41,10 : 0.5546"
"10,42 : 0.2955"
"42,10 : 0.2955"
"10,43 : 0.8154"
"43,10 : 0.8154"
"10,44 : 0.7035"
"44,10 : 0.7035"
"10,45 : 0.7061"
"45,10 : 0.7061"
"10,46 : 0.2968"
"46,10 : 0.2968"
"10,47 : 0.8412"
"47,10 : 0.8412"
"10,48 : 0.3614"
"48,10 : 0.3614"
"10,49 : 0.7943"
"49,10 : 0.7943"
"11,12 : 0.3041"
"12,11 : 0.3041"
"11,13 : 0.7517"
"13,11 : 0.7517"
"11,14 : 0.5504"
"14,11 : 0.5504"
"11,15 : 0.6778"
"15,11 : 0.6778"
"11,16 : 0.3981"
"16,11 : 0.3981"
"11,17 : 0.4789"
"17,11 : 0.4789"
"11,18 : 0.2832"
"18,11 : 0.2832"
"11,19 : 0.5442"
"19,11 : 0.5442"
"11,20 : 0.621"
"20,11 : 0.621"
"11,21 : 0.178"
"21,11 : 0.178"
"11,22 : 0.1942"
"22,11 : 0.1942"
"11,23 : 0.5189"
"23,11 : 0.5189"
"11,24 : 0.1931"
"24,11 : 0.1931"
"11,25 : 0.4653"
"25,11 : 0.4653"
"11,26 : 0.4052"
"26,11 : 0.4052"
"11,27 : 0.114"
"27,11 : 0.114"
"11,28 : 0.3523"
"28,11 : 0.3523"
"11,29 : 0.372"
"29,11 : 0.372"
"11,30 : 0.0806"
"30,11 : 0.0806"
"11,31 : 0.7864"
"31,11 : 0.7864"
"11,32 : 0.653"
"32,11 : 0.653"
"11,33 : 0.2302"
"33,11 : 0.2302"
"11,34 : 0.7961"
"34,11 : 0.7961"
"11,35 : 0.441"
"35,11 : 0.441"
"11,36 : 0.4079"
"36,11 : 0.4079"
"11,37 : 0.2631"
"37,11 : 0.2631"
"11,38 : 0.3354"
"38,11 : 0.3354"
"11,39 : 0.4528"
"39,11 : 0.4528"
"11,40 : 0.4357"
"40,11 : 0.4357"
"11,41 : 0.3864"
"41,11 : 0.3864"
"11,42 : 0.3265"
"42,11 : 0.3265"
"11,43 : 0.6075"
"43,11 : 0.6075"
"11,44 : 0.5324"
"44,11 : 0.5324"
"11,45 : 0.5209"
"45,11 : 0.5209"
"11,46 : 0.1304"
"46,11 : 0.1304"
"11,47 : 0.6859"
"47,11 : 0.6859"
"11,48 : 0.3471"
"48,11 : 0.3471"
"11,49 : 0.7335"
"49,11 : 0.7335"
"12,13 : 0.7826"
"13,12 : 0.7826"
"12,14 : 0.2691"
"14,12 : 0.2691"
"12,15 : 0.5822"
"15,12 : 0.5822"
"12,16 : 0.6907"
"16,12 : 0.6907"
"12,17 : 0.6464"
"17,12 : 0.6464"
"12,18 : 0.2823"
"18,12 : 0.2823"
"12,19 : 0.3189"
"19,12 : 0.3189"
"12,20 : 0.3195"
"20,12 : 0.3195"
"12,21 : 0.4519"
"21,12 : 0.4519"
"12,22 : 0.4162"
"22,12 : 0.4162"
"12,23 : 0.2404"
"23,12 : 0.2404"
"12,24 : 0.4948"
"24,12 : 0.4948"
"12,25 : 0.4701"
"25,12 : 0.4701"
"12,26 : 0.7083"
"26,12 : 0.7083"
"12,27 : 0.2766"
"27,12 : 0.2766"
"12,28 : 0.1503"
"28,12 : 0.1503"
"12,29 : 0.577"
"29,12 : 0.577"
"12,30 : 0.3114"
"30,12 : 0.3114"
"12,31 : 0.5831"
"31,12 : 0.5831"
"12,32 : 0.53"
"32,12 : 0.53"
"12,33 : 0.2941"
"33,12 : 0.2941"
"12,34 : 0.9334"
"34,12 : 0.9334"
"12,35 : 0.4743"
"35,12 : 0.4743"
"12,36 : 0.5166"
"36,12 : 0.5166"
"12,37 : 0.3342"
"37,12 : 0.3342"
"12,38 : 0.5148"
"38,12 : 0.5148"
"12,39 : 0.3471"
"39,12 : 0.3471"
"12,40 : 0.1931"
"40,12 : 0.1931"
"12,41 : 0.4022"
"41,12 : 0.4022"
"12,42 : 0.5984"
"42,12 : 0.5984"
"12,43 : 0.35"
"43,12 : 0.35"
"12,44 : 0.2508"
"44,12 : 0.2508"
"12,45 : 0.2209"
"45,12 : 0.2209"
"12,46 : 0.3202"
"46,12 : 0.3202"
"12,47 : 0.6641"
"47,12 : 0.6641"
"12,48 : 0.5882"
"48,12 : 0.5882"
"12,49 : 0.8698"
"49,12 : 0.8698"
"13,14 : 0.7569"
"14,13 : 0.7569"
"13,15 : 0.3231"
"15,13 : 0.3231"
"13,16 : 0.7513"
"16,13 : 0.7513"
"13,17 : 0.3759"
"17,13 : 0.3759"
"13,18 : 0.9895"
"18,13 : 0.9895"
"13,19 : 1.0942"
"19,13 : 1.0942"
"13,20 : 0.8778"
"20,13 : 0.8778"
"13,21 : 0.892"
"21,13 : 0.892"
"13,22 : 0.9401"
"22,13 : 0.9401"
"13,23 : 0.7425"
"23,13 : 0.7425"
"13,24 : 0.8302"
"24,13 : 0.8302"
"13,25 : 0.3138"
"25,13 : 0.3138"
"13,26 : 0.9248"
"26,13 : 0.9248"
"13,27 : 0.645"
"27,13 : 0.645"
"13,28 : 0.6466"
"28,13 : 0.6466"
"13,29 : 0.481"
"29,13 : 0.481"
"13,30 : 0.6712"
"30,13 : 0.6712"
"13,31 : 0.592"
"31,13 : 0.592"
"13,32 : 0.3891"
"32,13 : 0.3891"
"13,33 : 0.9571"
"33,13 : 0.9571"
"13,34 : 0.3126"
"34,13 : 0.3126"
"13,35 : 0.3202"
"35,13 : 0.3202"
"13,36 : 0.3513"
"36,13 : 0.3513"
"13,37 : 0.4982"
"37,13 : 0.4982"
"13,38 : 0.461"
"38,13 : 0.461"
"13,39 : 0.4561"
"39,13 : 0.4561"
"13,40 : 0.6684"
"40,13 : 0.6684"
"13,41 : 0.389"
"41,13 : 0.389"
"13,42 : 0.6462"
"42,13 : 0.6462"
"13,43 : 0.7"
"43,13 : 0.7"
"13,44 : 0.9881"
"44,13 : 0.9881"
"13,45 : 0.9183"
"45,13 : 0.9183"
"13,46 : 0.6213"
"46,13 : 0.6213"
"13,47 : 0.1565"
"47,13 : 0.1565"
"13,48 : 0.5608"
"48,13 : 0.5608"
"13,49 : 0.2846"
"49,13 : 0.2846"
"14,15 : 0.4717"
"15,14 : 0.4717"
"14,16 : 0.9026"
"16,14 : 0.9026"
"14,17 : 0.7543"
"17,14 : 0.7543"
"14,18 : 0.5382"
"18,14 : 0.5382"
"14,19 : 0.4201"
"19,14 : 0.4201"
"14,20 : 0.1221"
"20,14 : 0.1221"
"14,21 : 0.7134"
"21,14 : 0.7134"
"14,22 : 0.6841"
"22,14 : 0.6841"
"14,23 : 0.0316"
"23,14 : 0.0316"
"14,24 : 0.7432"
"24,14 : 0.7432"
"14,25 : 0.4876"
"25,14 : 0.4876"
"14,26 : 0.9527"
"26,14 : 0.9527"
"14,27 : 0.4851"
"27,14 : 0.4851"
"14,28 : 0.2121"
"28,14 : 0.2121"
"14,29 : 0.7234"
"29,14 : 0.7234"
"14,30 : 0.5316"
"30,14 : 0.5316"
"14,31 : 0.3606"
"31,14 : 0.3606"
"14,32 : 0.4031"
"32,14 : 0.4031"
"14,33 : 0.5597"
"33,14 : 0.5597"
"14,34 : 0.9849"
"34,14 : 0.9849"
"14,35 : 0.5148"
"35,14 : 0.5148"
"14,36 : 0.6044"
"36,14 : 0.6044"
"14,37 : 0.461"
"37,14 : 0.461"
"14,38 : 0.6538"
"38,14 : 0.6538"
"14,39 : 0.3138"
"39,14 : 0.3138"
"14,40 : 0.13"
"40,14 : 0.13"
"14,41 : 0.4554"
"41,14 : 0.4554"
"14,42 : 0.794"
"42,14 : 0.794"
"14,43 : 0.1005"
"43,14 : 0.1005"
"14,44 : 0.2816"
"44,14 : 0.2816"
"14,45 : 0.201"
"45,14 : 0.201"
"14,46 : 0.5197"
"46,14 : 0.5197"
"14,47 : 0.6088"
"47,14 : 0.6088"
"14,48 : 0.76"
"48,14 : 0.76"
"14,49 : 0.9259"
"49,14 : 0.9259"
"15,16 : 0.8439"
"16,15 : 0.8439"
"15,17 : 0.5239"
"17,15 : 0.5239"
"15,18 : 0.8421"
"18,15 : 0.8421"
"15,19 : 0.8602"
"19,15 : 0.8602"
"15,20 : 0.586"
"20,15 : 0.586"
"15,21 : 0.85"
"21,15 : 0.85"
"15,22 : 0.8698"
"22,15 : 0.8698"
"15,23 : 0.4653"
"23,15 : 0.4653"
"15,24 : 0.8215"
"24,15 : 0.8215"
"15,25 : 0.2476"
"25,15 : 0.2476"
"15,26 : 0.9784"
"26,15 : 0.9784"
"15,27 : 0.5646"
"27,15 : 0.5646"
"15,28 : 0.4319"
"28,15 : 0.4319"
"15,29 : 0.5743"
"29,15 : 0.5743"
"15,30 : 0.6084"
"30,15 : 0.6084"
"15,31 : 0.2729"
"31,15 : 0.2729"
"15,32 : 0.0707"
"32,15 : 0.0707"
"15,33 : 0.8287"
"33,15 : 0.8287"
"15,34 : 0.6152"
"34,15 : 0.6152"
"15,35 : 0.2907"
"35,15 : 0.2907"
"15,36 : 0.4022"
"36,15 : 0.4022"
"15,37 : 0.4254"
"37,15 : 0.4254"
"15,38 : 0.5186"
"38,15 : 0.5186"
"15,39 : 0.2408"
"39,15 : 0.2408"
"15,40 : 0.4176"
"40,15 : 0.4176"
"15,41 : 0.3081"
"41,15 : 0.3081"
"15,42 : 0.7225"
"42,15 : 0.7225"
"15,43 : 0.397"
"43,15 : 0.397"
"15,44 : 0.7354"
"44,15 : 0.7354"
"15,45 : 0.658"
"45,15 : 0.658"
"15,46 : 0.5636"
"46,15 : 0.5636"
"15,47 : 0.1676"
"47,15 : 0.1676"
"15,48 : 0.6482"
"48,15 : 0.6482"
"15,49 : 0.5708"
"49,15 : 0.5708"
"16,17 : 0.3758"
"17,16 : 0.3758"
"16,18 : 0.6485"
"18,16 : 0.6485"
"16,19 : 0.9396"
"19,16 : 0.9396"
"16,20 : 0.9932"
"20,16 : 0.9932"
"16,21 : 0.3561"
"21,16 : 0.3561"
"16,22 : 0.442"
"22,16 : 0.442"
"16,23 : 0.8713"
"23,16 : 0.8713"
"16,24 : 0.2581"
"24,16 : 0.2581"
"16,25 : 0.5967"
"25,16 : 0.5967"
"16,26 : 0.19"
"26,16 : 0.19"
"16,27 : 0.4211"
"27,16 : 0.4211"
"16,28 : 0.6905"
"28,16 : 0.6905"
"16,29 : 0.278"
"29,16 : 0.278"
"16,30 : 0.38"
"30,16 : 0.38"
"16,31 : 1.0432"
"31,16 : 1.0432"
"16,32 : 0.8521"
"32,16 : 0.8521"
"16,33 : 0.5859"
"33,16 : 0.5859"
"16,34 : 0.6307"
"34,16 : 0.6307"
"16,35 : 0.5532"
"35,16 : 0.5532"
"16,36 : 0.4455"
"36,16 : 0.4455"
"16,37 : 0.4662"
"37,16 : 0.4662"
"16,38 : 0.3256"
"38,16 : 0.3256"
"16,39 : 0.6932"
"39,16 : 0.6932"
"16,40 : 0.7747"
"40,16 : 0.7747"
"16,41 : 0.5492"
"41,16 : 0.5492"
"16,42 : 0.1221"
"42,16 : 0.1221"
"16,43 : 0.9341"
"43,16 : 0.9341"
"16,44 : 0.9291"
"44,16 : 0.9291"
"16,45 : 0.9114"
"45,16 : 0.9114"
"16,46 : 0.3833"
"46,16 : 0.3833"
"16,47 : 0.7684"
"47,16 : 0.7684"
"16,48 : 0.1985"
"48,16 : 0.1985"
"16,49 : 0.5842"
"49,16 : 0.5842"
"17,18 : 0.7572"
"18,17 : 0.7572"
"17,19 : 0.959"
"19,17 : 0.959"
"17,20 : 0.8698"
"20,17 : 0.8698"
"17,21 : 0.5727"
"21,17 : 0.5727"
"17,22 : 0.6389"
"22,17 : 0.6389"
"17,23 : 0.728"
"23,17 : 0.728"
"17,24 : 0.4925"
"24,17 : 0.4925"
"17,25 : 0.3027"
"25,17 : 0.3027"
"17,26 : 0.5536"
"26,17 : 0.5536"
"17,27 : 0.4046"
"27,17 : 0.4046"
"17,28 : 0.5646"
"28,17 : 0.5646"
"17,29 : 0.1204"
"29,17 : 0.1204"
"17,30 : 0.405"
"30,17 : 0.405"
"17,31 : 0.769"
"31,17 : 0.769"
"17,32 : 0.5536"
"32,17 : 0.5536"
"17,33 : 0.7083"
"33,17 : 0.7083"
"17,34 : 0.3178"
"34,17 : 0.3178"
"17,35 : 0.2608"
"35,17 : 0.2608"
"17,36 : 0.1513"
"36,17 : 0.1513"
"17,37 : 0.3138"
"37,17 : 0.3138"
"17,38 : 0.1442"
"38,17 : 0.1442"
"17,39 : 0.461"
"39,17 : 0.461"
"17,40 : 0.6294"
"40,17 : 0.6294"
"17,41 : 0.3027"
"41,17 : 0.3027"
"17,42 : 0.2766"
"42,17 : 0.2766"
"17,43 : 0.7455"
"43,17 : 0.7455"
"17,44 : 0.8936"
"44,17 : 0.8936"
"17,45 : 0.8453"
"45,17 : 0.8453"
"17,46 : 0.364"
"46,17 : 0.364"
"17,47 : 0.4123"
"47,17 : 0.4123"
"17,48 : 0.1924"
"48,17 : 0.1924"
"17,49 : 0.2563"
"49,17 : 0.2563"
"18,19 : 0.3206"
"19,18 : 0.3206"
"18,20 : 0.5523"
"20,18 : 0.5523"
"18,21 : 0.3081"
"21,18 : 0.3081"
"18,22 : 0.2309"
"22,18 : 0.2309"
"18,23 : 0.5131"
"23,18 : 0.5131"
"18,24 : 0.3956"
"24,18 : 0.3956"
"18,25 : 0.6807"
"25,18 : 0.6807"
"18,26 : 0.5886"
"26,18 : 0.5886"
"18,27 : 0.3578"
"27,18 : 0.3578"
"18,28 : 0.422"
"28,18 : 0.422"
"18,29 : 0.6544"
"29,18 : 0.6544"
"18,30 : 0.3523"
"30,18 : 0.3523"
"18,31 : 0.8654"
"31,18 : 0.8654"
"18,32 : 0.7976"
"32,18 : 0.7976"
"18,33 : 0.0632"
"33,18 : 0.0632"
"18,34 : 1.0719"
"34,18 : 1.0719"
"18,35 : 0.6694"
"35,18 : 0.6694"
"18,36 : 0.6671"
"36,18 : 0.6671"
"18,37 : 0.4934"
"37,18 : 0.4934"
"18,38 : 0.6129"
"38,18 : 0.6129"
"18,39 : 0.6013"
"39,18 : 0.6013"
"18,40 : 0.4754"
"40,18 : 0.4754"
"18,41 : 0.6021"
"41,18 : 0.6021"
"18,42 : 0.6"
"42,18 : 0.6"
"18,43 : 0.6277"
"43,18 : 0.6277"
"18,44 : 0.3758"
"44,18 : 0.3758"
"18,45 : 0.408"
"45,18 : 0.408"
"18,46 : 0.3945"
"46,18 : 0.3945"
"18,47 : 0.8956"
"47,18 : 0.8956"
"18,48 : 0.6294"
"48,18 : 0.6294"
"18,49 : 1.0085"
"49,18 : 1.0085"
"19,20 : 0.3614"
"20,19 : 0.3614"
"19,21 : 0.622"
"21,19 : 0.622"
"19,22 : 0.55"
"22,19 : 0.55"
"19,23 : 0.4119"
"23,19 : 0.4119"
"19,24 : 0.7004"
"24,19 : 0.7004"
"19,25 : 0.7849"
"25,19 : 0.7849"
"19,26 : 0.9035"
"26,19 : 0.9035"
"19,27 : 0.566"
"27,19 : 0.566"
"19,28 : 0.4478"
"28,19 : 0.4478"
"19,29 : 0.8792"
"29,19 : 0.8792"
"19,30 : 0.5859"
"30,19 : 0.5859"
"19,31 : 0.7801"
"31,19 : 0.7801"
"19,32 : 0.7981"
"32,19 : 0.7981"
"19,33 : 0.38"
"33,19 : 0.38"
"19,34 : 1.2518"
"34,19 : 1.2518"
"19,35 : 0.792"
"35,19 : 0.792"
"19,36 : 0.8344"
"36,19 : 0.8344"
"19,37 : 0.6507"
"37,19 : 0.6507"
"19,38 : 0.822"
"38,19 : 0.822"
"19,39 : 0.644"
"39,19 : 0.644"
"19,40 : 0.4427"
"40,19 : 0.4427"
"19,41 : 0.7201"
"41,19 : 0.7201"
"19,42 : 0.8693"
"42,19 : 0.8693"
"19,43 : 0.52"
"43,19 : 0.52"
"19,44 : 0.1414"
"44,19 : 0.1414"
"19,45 : 0.2202"
"45,19 : 0.2202"
"19,46 : 0.6106"
"46,19 : 0.6106"
"19,47 : 0.9661"
"47,19 : 0.9661"
"19,48 : 0.8771"
"48,19 : 0.8771"
"19,49 : 1.188"
"49,19 : 1.188"
"20,21 : 0.7708"
"21,20 : 0.7708"
"20,22 : 0.7295"
"22,20 : 0.7295"
"20,23 : 0.1432"
"23,20 : 0.1432"
"20,24 : 0.8132"
"24,20 : 0.8132"
"20,25 : 0.609"
"25,20 : 0.609"
"20,26 : 1.0262"
"26,20 : 1.0262"
"20,27 : 0.5722"
"27,20 : 0.5722"
"20,28 : 0.3126"
"28,20 : 0.3126"
"20,29 : 0.8319"
"29,20 : 0.8319"
"20,30 : 0.6152"
"30,20 : 0.6152"
"20,31 : 0.4374"
"31,20 : 0.4374"
"20,32 : 0.5161"
"32,20 : 0.5161"
"20,33 : 0.586"
"33,20 : 0.586"
"20,34 : 1.1064"
"34,20 : 1.1064"
"20,35 : 0.6351"
"35,20 : 0.6351"
"20,36 : 0.7211"
"36,20 : 0.7211"
"20,37 : 0.5689"
"37,20 : 0.5689"
"20,38 : 0.763"
"38,20 : 0.763"
"20,39 : 0.4357"
"39,20 : 0.4357"
"20,40 : 0.2404"
"40,20 : 0.2404"
"20,41 : 0.5738"
"41,20 : 0.5738"
"20,42 : 0.8901"
"42,20 : 0.8901"
"20,43 : 0.1924"
"43,20 : 0.1924"
"20,44 : 0.2214"
"44,20 : 0.2214"
"20,45 : 0.1526"
"45,20 : 0.1526"
"20,46 : 0.6107"
"46,20 : 0.6107"
"20,47 : 0.7284"
"47,20 : 0.7284"
"20,48 : 0.8628"
"48,20 : 0.8628"
"20,49 : 1.0471"
"49,20 : 1.0471"
"21,22 : 0.086"
"22,21 : 0.086"
"21,23 : 0.6826"
"23,21 : 0.6826"
"21,24 : 0.099"
"24,21 : 0.099"
"21,25 : 0.6264"
"25,21 : 0.6264"
"21,26 : 0.2816"
"26,21 : 0.2816"
"21,27 : 0.2865"
"27,21 : 0.2865"
"21,28 : 0.525"
"28,21 : 0.525"
"21,29 : 0.4535"
"29,21 : 0.4535"
"21,30 : 0.2417"
"30,21 : 0.2417"
"21,31 : 0.9643"
"31,21 : 0.9643"
"21,32 : 0.8286"
"32,21 : 0.8286"
"21,33 : 0.2452"
"33,21 : 0.2452"
"21,34 : 0.886"
"34,21 : 0.886"
"21,35 : 0.5967"
"35,21 : 0.5967"
"21,36 : 0.5408"
"36,21 : 0.5408"
"21,37 : 0.4272"
"37,21 : 0.4272"
"21,38 : 0.4418"
"38,21 : 0.4418"
"21,39 : 0.6297"
"39,21 : 0.6297"
"21,40 : 0.6061"
"40,21 : 0.6061"
"21,41 : 0.5503"
"41,21 : 0.5503"
"21,42 : 0.3413"
"42,21 : 0.3413"
"21,43 : 0.778"
"43,21 : 0.778"
"21,44 : 0.6463"
"44,21 : 0.6463"
"21,45 : 0.6525"
"45,21 : 0.6525"
"21,46 : 0.2879"
"46,21 : 0.2879"
"21,47 : 0.844"
"47,21 : 0.844"
"21,48 : 0.3992"
"48,21 : 0.3992"
"21,49 : 0.8271"
"49,21 : 0.8271"
"22,23 : 0.6544"
"23,22 : 0.6544"
"22,24 : 0.1844"
"24,22 : 0.1844"
"22,25 : 0.6592"
"25,22 : 0.6592"
"22,26 : 0.359"
"26,22 : 0.359"
"22,27 : 0.3081"
"27,22 : 0.3081"
"22,28 : 0.5109"
"28,22 : 0.5109"
"22,29 : 0.522"
"29,22 : 0.522"
"22,30 : 0.2717"
"30,22 : 0.2717"
"22,31 : 0.9602"
"31,22 : 0.9602"
"22,32 : 0.8417"
"32,22 : 0.8417"
"22,33 : 0.17"
"33,22 : 0.17"
"22,34 : 0.9552"
"34,22 : 0.9552"
"22,35 : 0.6339"
"35,22 : 0.6339"
"22,36 : 0.5914"
"36,22 : 0.5914"
"22,37 : 0.4571"
"37,22 : 0.4571"
"22,38 : 0.5022"
"38,22 : 0.5022"
"22,39 : 0.6398"
"39,22 : 0.6398"
"22,40 : 0.5869"
"40,22 : 0.5869"
"22,41 : 0.5805"
"41,22 : 0.5805"
"22,42 : 0.422"
"42,22 : 0.422"
"22,43 : 0.7569"
"43,22 : 0.7569"
"22,44 : 0.5869"
"44,22 : 0.5869"
"22,45 : 0.6017"
"45,22 : 0.6017"
"22,46 : 0.3214"
"46,22 : 0.3214"
"22,47 : 0.8797"
"47,22 : 0.8797"
"22,48 : 0.4741"
"48,22 : 0.4741"
"22,49 : 0.8949"
"49,22 : 0.8949"
"23,24 : 0.7118"
"24,23 : 0.7118"
"23,25 : 0.4665"
"25,23 : 0.4665"
"23,26 : 0.9211"
"26,23 : 0.9211"
"23,27 : 0.4535"
"27,23 : 0.4535"
"23,28 : 0.1811"
"28,23 : 0.1811"
"23,29 : 0.6946"
"29,23 : 0.6946"
"23,30 : 0.5"
"30,23 : 0.5"
"23,31 : 0.3734"
"31,23 : 0.3734"
"23,32 : 0.3981"
"32,23 : 0.3981"
"23,33 : 0.5326"
"33,23 : 0.5326"
"23,34 : 0.9638"
"34,23 : 0.9638"
"23,35 : 0.4919"
"35,23 : 0.4919"
"23,36 : 0.5787"
"36,23 : 0.5787"
"23,37 : 0.4319"
"37,23 : 0.4319"
"23,38 : 0.6251"
"38,23 : 0.6251"
"23,39 : 0.2941"
"39,23 : 0.2941"
"23,40 : 0.1005"
"40,23 : 0.1005"
"23,41 : 0.4308"
"41,23 : 0.4308"
"23,42 : 0.7632"
"42,23 : 0.7632"
"23,43 : 0.117"
"43,23 : 0.117"
"23,44 : 0.2766"
"44,23 : 0.2766"
"23,45 : 0.1965"
"45,23 : 0.1965"
"23,46 : 0.4884"
"46,23 : 0.4884"
"23,47 : 0.5967"
"47,23 : 0.5967"
"23,48 : 0.7301"
"48,23 : 0.7301"
"23,49 : 0.9043"
"49,23 : 0.9043"
"24,25 : 0.586"
"25,24 : 0.586"
"24,26 : 0.2138"
"26,24 : 0.2138"
"24,27 : 0.2766"
"27,24 : 0.2766"
"24,28 : 0.542"
"28,24 : 0.542"
"24,29 : 0.3722"
"29,24 : 0.3722"
"24,30 : 0.2267"
"30,24 : 0.2267"
"24,31 : 0.9621"
"31,24 : 0.9621"
"24,32 : 0.808"
"32,24 : 0.808"
"24,33 : 0.3324"
"33,24 : 0.3324"
"24,34 : 0.8005"
"34,24 : 0.8005"
"24,35 : 0.5515"
"35,24 : 0.5515"
"24,36 : 0.4805"
"36,24 : 0.4805"
"24,37 : 0.3966"
"37,24 : 0.3966"
"24,38 : 0.3712"
"38,24 : 0.3712"
"24,39 : 0.6162"
"39,24 : 0.6162"
"24,40 : 0.6265"
"40,24 : 0.6265"
"24,41 : 0.5148"
"41,24 : 0.5148"
"24,42 : 0.246"
"42,24 : 0.246"
"24,43 : 0.7976"
"43,24 : 0.7976"
"24,44 : 0.7103"
"44,24 : 0.7103"
"24,45 : 0.7071"
"45,24 : 0.7071"
"24,46 : 0.2625"
"46,24 : 0.2625"
"24,47 : 0.7971"
"47,24 : 0.7971"
"24,48 : 0.3105"
"48,24 : 0.3105"
"24,49 : 0.7433"
"49,24 : 0.7433"
"25,26 : 0.7325"
"26,25 : 0.7325"
"25,27 : 0.3523"
"27,25 : 0.3523"
"25,28 : 0.3406"
"28,25 : 0.3406"
"25,29 : 0.3312"
"29,25 : 0.3312"
"25,30 : 0.3883"
"30,25 : 0.3883"
"25,31 : 0.4684"
"31,25 : 0.4684"
"25,32 : 0.2594"
"32,25 : 0.2594"
"25,33 : 0.6528"
"33,25 : 0.6528"
"25,34 : 0.4974"
"34,25 : 0.4974"
"25,35 : 0.0447"
"35,25 : 0.0447"
"25,36 : 0.1616"
"36,25 : 0.1616"
"25,37 : 0.2022"
"37,25 : 0.2022"
"25,38 : 0.272"
"38,25 : 0.272"
"25,39 : 0.1746"
"39,25 : 0.1746"
"25,40 : 0.378"
"40,25 : 0.378"
"25,41 : 0.08"
"41,25 : 0.08"
"25,42 : 0.4751"
"42,25 : 0.4751"
"25,43 : 0.4588"
"43,25 : 0.4588"
"25,44 : 0.6868"
"44,25 : 0.6868"
"25,45 : 0.6224"
"45,25 : 0.6224"
"25,46 : 0.3396"
"46,25 : 0.3396"
"25,47 : 0.2209"
"47,25 : 0.2209"
"25,48 : 0.4022"
"48,25 : 0.4022"
"25,49 : 0.4383"
"49,25 : 0.4383"
"26,27 : 0.4741"
"27,26 : 0.4741"
"26,28 : 0.7473"
"28,26 : 0.7473"
"26,29 : 0.4438"
"29,26 : 0.4438"
"26,30 : 0.4249"
"30,26 : 0.4249"
"26,31 : 1.1481"
"31,26 : 1.1481"
"26,32 : 0.9758"
"32,26 : 0.9758"
"26,33 : 0.5261"
"33,26 : 0.5261"
"26,34 : 0.8205"
"34,26 : 0.8205"
"26,35 : 0.692"
"35,26 : 0.692"
"26,36 : 0.5968"
"36,26 : 0.5968"
"26,37 : 0.5673"
"37,26 : 0.5673"
"26,38 : 0.4751"
"38,26 : 0.4751"
"26,39 : 0.7965"
"39,26 : 0.7965"
"26,40 : 0.8326"
"40,26 : 0.8326"
"26,41 : 0.6721"
"41,26 : 0.6721"
"26,42 : 0.2786"
"42,26 : 0.2786"
"26,43 : 1.0018"
"43,26 : 1.0018"
"26,44 : 0.922"
"44,26 : 0.922"
"26,45 : 0.9207"
"45,26 : 0.9207"
"26,46 : 0.4494"
"46,26 : 0.4494"
"26,47 : 0.9244"
"47,26 : 0.9244"
"26,48 : 0.364"
"48,26 : 0.364"
"26,49 : 0.7732"
"49,26 : 0.7732"
"27,28 : 0.2751"
"28,27 : 0.2751"
"27,29 : 0.314"
"29,27 : 0.314"
"27,30 : 0.05"
"30,27 : 0.05"
"27,31 : 0.6859"
"31,27 : 0.6859"
"27,32 : 0.542"
"32,27 : 0.542"
"27,33 : 0.3162"
"33,27 : 0.3162"
"27,34 : 0.7156"
"34,27 : 0.7156"
"27,35 : 0.33"
"35,27 : 0.33"
"27,36 : 0.3102"
"36,27 : 0.3102"
"27,37 : 0.1503"
"37,27 : 0.1503"
"27,38 : 0.2617"
"38,27 : 0.2617"
"27,39 : 0.3441"
"39,27 : 0.3441"
"27,40 : 0.3606"
"40,27 : 0.3606"
"27,41 : 0.2729"
"41,27 : 0.2729"
"27,42 : 0.3225"
"42,27 : 0.3225"
"27,43 : 0.528"
"43,27 : 0.528"
"27,44 : 0.525"
"44,27 : 0.525"
"27,45 : 0.4965"
"45,27 : 0.4965"
"27,46 : 0.0447"
"46,27 : 0.0447"
"27,47 : 0.5731"
"47,27 : 0.5731"
"27,48 : 0.3138"
"48,27 : 0.3138"
"27,49 : 0.6519"
"49,27 : 0.6519"
"28,29 : 0.5197"
"29,28 : 0.5197"
"28,30 : 0.3231"
"30,28 : 0.3231"
"28,31 : 0.4528"
"31,28 : 0.4528"
"28,32 : 0.3801"
"32,28 : 0.3801"
"28,33 : 0.4215"
"33,28 : 0.4215"
"28,34 : 0.8262"
"34,28 : 0.8262"
"28,35 : 0.3538"
"35,28 : 0.3538"
"28,36 : 0.4206"
"36,28 : 0.4206"
"28,37 : 0.2571"
"37,28 : 0.2571"
"28,38 : 0.4512"
"38,28 : 0.4512"
"28,39 : 0.1992"
"39,28 : 0.1992"
"28,40 : 0.0854"
"40,28 : 0.0854"
"28,41 : 0.2843"
"41,28 : 0.2843"
"28,42 : 0.5822"
"42,28 : 0.5822"
"28,43 : 0.2555"
"43,28 : 0.2555"
"28,44 : 0.3466"
"44,28 : 0.3466"
"28,45 : 0.286"
"45,28 : 0.286"
"28,46 : 0.3081"
"46,28 : 0.3081"
"28,47 : 0.52"
"47,28 : 0.52"
"28,48 : 0.5508"
"48,28 : 0.5508"
"28,49 : 0.764"
"49,28 : 0.764"
"29,30 : 0.3041"
"30,29 : 0.3041"
"29,31 : 0.7948"
"31,29 : 0.7948"
"29,32 : 0.5906"
"32,29 : 0.5906"
"29,33 : 0.6022"
"33,29 : 0.6022"
"29,34 : 0.4332"
"34,29 : 0.4332"
"29,35 : 0.2865"
"35,29 : 0.2865"
"29,36 : 0.172"
"36,29 : 0.172"
"29,37 : 0.2631"
"37,29 : 0.2631"
"29,38 : 0.07"
"38,29 : 0.07"
"29,39 : 0.4589"
"39,29 : 0.4589"
"29,40 : 0.5941"
"40,29 : 0.5941"
"29,41 : 0.3008"
"41,29 : 0.3008"
"29,42 : 0.1655"
"42,29 : 0.1655"
"29,43 : 0.7306"
"43,29 : 0.7306"
"29,44 : 0.8276"
"44,29 : 0.8276"
"29,45 : 0.7877"
"45,29 : 0.7877"
"29,46 : 0.2702"
"46,29 : 0.2702"
"29,47 : 0.4904"
"47,29 : 0.4904"
"29,48 : 0.0806"
"48,29 : 0.0806"
"29,49 : 0.3736"
"49,29 : 0.3736"
"30,31 : 0.7355"
"31,30 : 0.7355"
"30,32 : 0.5883"
"32,30 : 0.5883"
"30,33 : 0.3041"
"33,30 : 0.3041"
"30,34 : 0.7207"
"34,30 : 0.7207"
"30,35 : 0.3622"
"35,30 : 0.3622"
"30,36 : 0.3276"
"36,30 : 0.3276"
"30,37 : 0.1868"
"37,30 : 0.1868"
"30,38 : 0.2608"
"38,30 : 0.2608"
"30,39 : 0.392"
"39,30 : 0.392"
"30,40 : 0.4085"
"40,30 : 0.4085"
"30,41 : 0.3105"
"41,30 : 0.3105"
"30,42 : 0.2886"
"42,30 : 0.2886"
"30,43 : 0.577"
"43,30 : 0.577"
"30,44 : 0.5554"
"44,30 : 0.5554"
"30,45 : 0.5324"
"45,30 : 0.5324"
"30,46 : 0.05"
"46,30 : 0.05"
"30,47 : 0.6083"
"47,30 : 0.6083"
"30,48 : 0.2915"
"48,30 : 0.2915"
"30,49 : 0.6576"
"49,30 : 0.6576"
"31,32 : 0.2202"
"32,31 : 0.2202"
"31,33 : 0.8721"
"33,31 : 0.8721"
"31,34 : 0.8881"
"34,31 : 0.8881"
"31,35 : 0.5124"
"35,31 : 0.5124"
"31,36 : 0.6294"
"36,31 : 0.6294"
"31,37 : 0.5825"
"37,31 : 0.5825"
"31,38 : 0.7301"
"38,31 : 0.7301"
"31,39 : 0.3523"
"39,31 : 0.3523"
"31,40 : 0.39"
"40,31 : 0.39"
"31,41 : 0.4966"
"41,31 : 0.4966"
"31,42 : 0.9218"
"42,31 : 0.9218"
"31,43 : 0.2602"
"43,31 : 0.2602"
"31,44 : 0.6401"
"44,31 : 0.6401"
"31,45 : 0.56"
"45,31 : 0.56"
"31,46 : 0.7018"
"46,31 : 0.7018"
"31,47 : 0.4393"
"47,31 : 0.4393"
"31,48 : 0.8591"
"48,31 : 0.8591"
"31,49 : 0.8429"
"49,31 : 0.8429"
"32,33 : 0.7885"
"33,32 : 0.7885"
"32,34 : 0.6727"
"34,32 : 0.6727"
"32,35 : 0.3041"
"35,32 : 0.3041"
"32,36 : 0.4205"
"36,32 : 0.4205"
"32,37 : 0.4123"
"37,32 : 0.4123"
"32,38 : 0.53"
"38,32 : 0.53"
"32,39 : 0.2025"
"39,32 : 0.2025"
"32,40 : 0.3569"
"40,32 : 0.3569"
"32,41 : 0.3048"
"41,32 : 0.3048"
"32,42 : 0.7301"
"42,32 : 0.7301"
"32,43 : 0.3265"
"43,32 : 0.3265"
"32,44 : 0.6707"
"44,32 : 0.6707"
"32,45 : 0.5924"
"45,32 : 0.5924"
"32,46 : 0.5464"
"46,32 : 0.5464"
"32,47 : 0.2326"
"47,32 : 0.2326"
"32,48 : 0.6604"
"48,32 : 0.6604"
"32,49 : 0.6251"
"49,32 : 0.6251"
"33,34 : 1.0247"
"34,33 : 1.0247"
"33,35 : 0.6379"
"35,33 : 0.6379"
"33,36 : 0.6263"
"36,33 : 0.6263"
"33,37 : 0.4589"
"37,33 : 0.4589"
"33,38 : 0.5644"
"38,33 : 0.5644"
"33,39 : 0.5886"
"39,33 : 0.5886"
"33,40 : 0.4837"
"40,33 : 0.4837"
"33,41 : 0.5731"
"41,33 : 0.5731"
"33,42 : 0.5404"
"42,33 : 0.5404"
"33,43 : 0.644"
"43,33 : 0.644"
"33,44 : 0.4238"
"44,33 : 0.4238"
"33,45 : 0.4478"
"45,33 : 0.4478"
"33,46 : 0.3493"
"46,33 : 0.3493"
"33,47 : 0.8709"
"47,33 : 0.8709"
"33,48 : 0.5731"
"48,33 : 0.5731"
"33,49 : 0.9618"
"49,33 : 0.9618"
"34,35 : 0.4743"
"35,34 : 0.4743"
"34,36 : 0.4177"
"36,34 : 0.4177"
"34,37 : 0.6021"
"37,34 : 0.6021"
"34,38 : 0.4607"
"38,34 : 0.4607"
"34,39 : 0.6712"
"39,34 : 0.6712"
"34,40 : 0.8737"
"40,34 : 0.8737"
"34,41 : 0.542"
"41,34 : 0.542"
"34,42 : 0.5644"
"42,34 : 0.5644"
"34,43 : 0.9494"
"43,34 : 0.9494"
"34,44 : 1.1703"
"44,34 : 1.1703"
"34,45 : 1.1121"
"45,34 : 1.1121"
"34,46 : 0.6774"
"46,34 : 0.6774"
"34,47 : 0.451"
"47,34 : 0.451"
"34,48 : 0.4903"
"48,34 : 0.4903"
"34,49 : 0.064"
"49,34 : 0.064"
"35,36 : 0.117"
"36,35 : 0.117"
"35,37 : 0.1803"
"37,35 : 0.1803"
"35,38 : 0.228"
"38,35 : 0.228"
"35,39 : 0.2062"
"39,35 : 0.2062"
"35,40 : 0.3996"
"40,35 : 0.3996"
"35,41 : 0.0721"
"41,35 : 0.0721"
"35,42 : 0.4319"
"42,35 : 0.4319"
"35,43 : 0.4924"
"43,35 : 0.4924"
"35,44 : 0.7001"
"44,35 : 0.7001"
"35,45 : 0.6389"
"45,35 : 0.6389"
"35,46 : 0.3126"
"46,35 : 0.3126"
"35,47 : 0.2474"
"47,35 : 0.2474"
"35,48 : 0.3581"
"48,35 : 0.3581"
"35,49 : 0.4134"
"49,35 : 0.4134"
"36,37 : 0.1844"
"37,36 : 0.1844"
"36,38 : 0.1221"
"38,36 : 0.1221"
"36,39 : 0.3102"
"39,36 : 0.3102"
"36,40 : 0.481"
"40,36 : 0.481"
"36,41 : 0.1513"
"41,36 : 0.1513"
"36,42 : 0.3265"
"42,36 : 0.3265"
"36,43 : 0.5941"
"43,36 : 0.5941"
"36,44 : 0.758"
"44,36 : 0.758"
"36,45 : 0.7049"
"45,36 : 0.7049"
"36,46 : 0.2789"
"46,36 : 0.2789"
"36,47 : 0.3276"
"47,36 : 0.3276"
"36,48 : 0.2476"
"48,36 : 0.2476"
"36,49 : 0.3538"
"49,36 : 0.3538"
"37,38 : 0.1942"
"38,37 : 0.1942"
"37,39 : 0.2302"
"39,37 : 0.2302"
"37,40 : 0.3314"
"40,37 : 0.3314"
"37,41 : 0.1237"
"41,37 : 0.1237"
"37,42 : 0.3479"
"42,37 : 0.3479"
"37,43 : 0.4752"
"43,37 : 0.4752"
"37,44 : 0.5798"
"44,37 : 0.5798"
"37,45 : 0.5323"
"45,37 : 0.5323"
"37,46 : 0.1393"
"46,37 : 0.1393"
"37,47 : 0.423"
"47,37 : 0.423"
"37,48 : 0.3015"
"48,37 : 0.3015"
"37,49 : 0.5381"
"49,37 : 0.5381"
"38,39 : 0.3905"
"39,38 : 0.3905"
"38,40 : 0.5247"
"40,38 : 0.5247"
"38,41 : 0.2341"
"41,38 : 0.2341"
"38,42 : 0.2052"
"42,38 : 0.2052"
"38,43 : 0.6607"
"43,38 : 0.6607"
"38,44 : 0.7648"
"44,38 : 0.7648"
"38,45 : 0.7224"
"45,38 : 0.7224"
"38,46 : 0.2202"
"46,38 : 0.2202"
"38,47 : 0.4494"
"47,38 : 0.4494"
"38,48 : 0.1304"
"48,38 : 0.1304"
"38,49 : 0.3981"
"49,38 : 0.3981"
"39,40 : 0.2126"
"40,39 : 0.2126"
"39,41 : 0.1603"
"41,39 : 0.1603"
"39,42 : 0.5727"
"42,39 : 0.5727"
"39,43 : 0.2864"
"43,39 : 0.2864"
"39,44 : 0.5325"
"44,39 : 0.5325"
"39,45 : 0.4623"
"45,39 : 0.4623"
"39,46 : 0.3538"
"46,39 : 0.3538"
"39,47 : 0.322"
"47,39 : 0.322"
"39,48 : 0.5155"
"48,39 : 0.5155"
"39,49 : 0.6127"
"49,39 : 0.6127"
"40,41 : 0.3354"
"41,40 : 0.3354"
"40,42 : 0.6648"
"42,40 : 0.6648"
"40,43 : 0.172"
"43,40 : 0.172"
"40,44 : 0.3225"
"44,40 : 0.3225"
"40,45 : 0.25"
"45,40 : 0.25"
"40,46 : 0.3929"
"46,40 : 0.3929"
"40,47 : 0.53"
"47,40 : 0.53"
"40,48 : 0.63"
"48,40 : 0.63"
"40,49 : 0.813"
"49,40 : 0.813"
"41,42 : 0.4272"
"42,41 : 0.4272"
"41,43 : 0.4428"
"43,41 : 0.4428"
"41,44 : 0.6297"
"44,41 : 0.6297"
"41,45 : 0.5701"
"45,41 : 0.5701"
"41,46 : 0.2625"
"46,41 : 0.2625"
"41,47 : 0.3007"
"47,41 : 0.3007"
"41,48 : 0.3625"
"48,41 : 0.3625"
"41,49 : 0.4801"
"49,41 : 0.4801"
"42,43 : 0.82"
"43,42 : 0.82"
"42,44 : 0.844"
"44,42 : 0.844"
"42,45 : 0.8188"
"45,42 : 0.8188"
"42,46 : 0.2807"
"46,42 : 0.2807"
"42,47 : 0.6522"
"47,42 : 0.6522"
"42,48 : 0.0854"
"48,42 : 0.0854"
"42,49 : 0.5109"
