x,y
0.94,0.53
0.06,0.86
0.61,0.31
0.12,0.67
0.57,0.65
0.5,0.05
0.31,0.87
0.98,0.81
0.43,0.77
0.37,0.06
0.51,0.05
0.91,0.29
0.98,0.3
0.98,0.59
0.81,0.6
0.5,0.19
0.35,0.63
0.57,0.71
0.26,0.41
0.4,0.61
0.52,0.9
0.2,0.38
0.11,0.69
0.58,0.04
0.52,0.56
0.3,0.09
0.19,0.35
0.27,0.29
0.46,0.31
0.33,0.05
0.01,0.69
0.28,0.9
0.19,0.27
0.25,0.23
0.69,0.23
0.33,0.21
0.5,0.32
0.16,0.39
0.61,0.09
0.35,0.05
0.84,0.19
0.17,0.97
0.18,0.88
0.59,0.87
0.28,0.85
0.32,0.26
0.61,0.96
0.03,0.48
0.06,0.59
0.96,0.94

Distanze
"0,1 : 0.9398"
"1,0 : 0.9398"
"0,2 : 0.3966"
"2,0 : 0.3966"
"0,3 : 0.8319"
"3,0 : 0.8319"
"0,4 : 0.389"
"4,0 : 0.389"
"0,5 : 0.6512"
"5,0 : 0.6512"
"0,6 : 0.7159"
"6,0 : 0.7159"
"0,7 : 0.2828"
"7,0 : 0.2828"
"0,8 : 0.5636"
"8,0 : 0.5636"
"0,9 : 0.7388"
"9,0 : 0.7388"
"0,10 : 0.6444"
"10,0 : 0.6444"
"0,11 : 0.2419"
"11,0 : 0.2419"
"0,12 : 0.2335"
"12,0 : 0.2335"
"0,13 : 0.0721"
"13,0 : 0.0721"
"0,14 : 0.1476"
"14,0 : 0.1476"
"0,15 : 0.5561"
"15,0 : 0.5561"
"0,16 : 0.5984"
"16,0 : 0.5984"
"0,17 : 0.4115"
"17,0 : 0.4115"
"0,18 : 0.6905"
"18,0 : 0.6905"
"0,19 : 0.5459"
"19,0 : 0.5459"
"0,20 : 0.5597"
"20,0 : 0.5597"
"0,21 : 0.755"
"21,0 : 0.755"
"0,22 : 0.8453"
"22,0 : 0.8453"
"0,23 : 0.608"
"23,0 : 0.608"
"0,24 : 0.4211"
"24,0 : 0.4211"
"0,25 : 0.7767"
"25,0 : 0.7767"
"0,26 : 0.7713"
"26,0 : 0.7713"
"0,27 : 0.7117"
"27,0 : 0.7117"
"0,28 : 0.528"
"28,0 : 0.528"
"0,29 : 0.7762"
"29,0 : 0.7762"
"0,30 : 0.9437"
"30,0 : 0.9437"
"0,31 : 0.7566"
"31,0 : 0.7566"
"0,32 : 0.7938"
"32,0 : 0.7938"
"0,33 : 0.7524"
"33,0 : 0.7524"
"0,34 : 0.3905"
"34,0 : 0.3905"
"0,35 : 0.6888"
"35,0 : 0.6888"
"0,36 : 0.4875"
"36,0 : 0.4875"
"0,37 : 0.7925"
"37,0 : 0.7925"
"0,38 : 0.55"
"38,0 : 0.55"
"0,39 : 0.7606"
"39,0 : 0.7606"
"0,40 : 0.3544"
"40,0 : 0.3544"
"0,41 : 0.8868"
"41,0 : 0.8868"
"0,42 : 0.8367"
"42,0 : 0.8367"
"0,43 : 0.488"
"43,0 : 0.488"
"0,44 : 0.7335"
"44,0 : 0.7335"
"0,45 : 0.6762"
"45,0 : 0.6762"
"0,46 : 0.542"
"46,0 : 0.542"
"0,47 : 0.9114"
"47,0 : 0.9114"
"0,48 : 0.882"
"48,0 : 0.882"
"0,49 : 0.4105"
"49,0 : 0.4105"
"1,2 : 0.7778"
"2,1 : 0.7778"
"1,3 : 0.1992"
"3,1 : 0.1992"
"1,4 : 0.5515"
"4,1 : 0.5515"
"1,5 : 0.9218"
"5,1 : 0.9218"
"1,6 : 0.2502"
"6,1 : 0.2502"
"1,7 : 0.9214"
"7,1 : 0.9214"
"1,8 : 0.3808"
"8,1 : 0.3808"
"1,9 : 0.858"
"9,1 : 0.858"
"1,10 : 0.9266"
"10,1 : 0.9266"
"1,11 : 1.0234"
"11,1 : 1.0234"
"1,12 : 1.077"
"12,1 : 1.077"
"1,13 : 0.9588"
"13,1 : 0.9588"
"1,14 : 0.7938"
"14,1 : 0.7938"
"1,15 : 0.8016"
"15,1 : 0.8016"
"1,16 : 0.3701"
"16,1 : 0.3701"
"1,17 : 0.5316"
"17,1 : 0.5316"
"1,18 : 0.4924"
"18,1 : 0.4924"
"1,19 : 0.422"
"19,1 : 0.422"
"1,20 : 0.4617"
"20,1 : 0.4617"
"1,21 : 0.5"
"21,1 : 0.5"
"1,22 : 0.1772"
"22,1 : 0.1772"
"1,23 : 0.971"
"23,1 : 0.971"
"1,24 : 0.5492"
"24,1 : 0.5492"
"1,25 : 0.8065"
"25,1 : 0.8065"
"1,26 : 0.5263"
"26,1 : 0.5263"
"1,27 : 0.6075"
"27,1 : 0.6075"
"1,28 : 0.6801"
"28,1 : 0.6801"
"1,29 : 0.8538"
"29,1 : 0.8538"
"1,30 : 0.1772"
"30,1 : 0.1772"
"1,31 : 0.2236"
"31,1 : 0.2236"
"1,32 : 0.6042"
"32,1 : 0.6042"
"1,33 : 0.658"
"33,1 : 0.658"
"1,34 : 0.891"
"34,1 : 0.891"
"1,35 : 0.7038"
"35,1 : 0.7038"
"1,36 : 0.6966"
"36,1 : 0.6966"
"1,37 : 0.4805"
"37,1 : 0.4805"
"1,38 : 0.9463"
"38,1 : 0.9463"
"1,39 : 0.8603"
"39,1 : 0.8603"
"1,40 : 1.0283"
"40,1 : 1.0283"
"1,41 : 0.1556"
"41,1 : 0.1556"
"1,42 : 0.1217"
"42,1 : 0.1217"
"1,43 : 0.5301"
"43,1 : 0.5301"
"1,44 : 0.2202"
"44,1 : 0.2202"
"1,45 : 0.6539"
"45,1 : 0.6539"
"1,46 : 0.559"
"46,1 : 0.559"
"1,47 : 0.3812"
"47,1 : 0.3812"
"1,48 : 0.27"
"48,1 : 0.27"
"1,49 : 0.9035"
"49,1 : 0.9035"
"2,3 : 0.608"
"3,2 : 0.608"
"2,4 : 0.3423"
"4,2 : 0.3423"
"2,5 : 0.2823"
"5,2 : 0.2823"
"2,6 : 0.6353"
"6,2 : 0.6353"
"2,7 : 0.622"
"7,2 : 0.622"
"2,8 : 0.494"
"8,2 : 0.494"
"2,9 : 0.3466"
"9,2 : 0.3466"
"2,10 : 0.2786"
"10,2 : 0.2786"
"2,11 : 0.3007"
"11,2 : 0.3007"
"2,12 : 0.3701"
"12,2 : 0.3701"
"2,13 : 0.464"
"13,2 : 0.464"
"2,14 : 0.3523"
"14,2 : 0.3523"
"2,15 : 0.1628"
"15,2 : 0.1628"
"2,16 : 0.4123"
"16,2 : 0.4123"
"2,17 : 0.402"
"17,2 : 0.402"
"2,18 : 0.364"
"18,2 : 0.364"
"2,19 : 0.3662"
"19,2 : 0.3662"
"2,20 : 0.5968"
"20,2 : 0.5968"
"2,21 : 0.4159"
"21,2 : 0.4159"
"2,22 : 0.628"
"22,2 : 0.628"
"2,23 : 0.2717"
"23,2 : 0.2717"
"2,24 : 0.2657"
"24,2 : 0.2657"
"2,25 : 0.3801"
"25,2 : 0.3801"
"2,26 : 0.4219"
"26,2 : 0.4219"
"2,27 : 0.3406"
"27,2 : 0.3406"
"2,28 : 0.15"
"28,2 : 0.15"
"2,29 : 0.3821"
"29,2 : 0.3821"
"2,30 : 0.7102"
"30,2 : 0.7102"
"2,31 : 0.676"
"31,2 : 0.676"
"2,32 : 0.4219"
"32,2 : 0.4219"
"2,33 : 0.3688"
"33,2 : 0.3688"
"2,34 : 0.1131"
"34,2 : 0.1131"
"2,35 : 0.2973"
"35,2 : 0.2973"
"2,36 : 0.1105"
"36,2 : 0.1105"
"2,37 : 0.4571"
"37,2 : 0.4571"
"2,38 : 0.22"
"38,2 : 0.22"
"2,39 : 0.3677"
"39,2 : 0.3677"
"2,40 : 0.2594"
"40,2 : 0.2594"
"2,41 : 0.7932"
"41,2 : 0.7932"
"2,42 : 0.714"
"42,2 : 0.714"
"2,43 : 0.5604"
"43,2 : 0.5604"
"2,44 : 0.6329"
"44,2 : 0.6329"
"2,45 : 0.2943"
"45,2 : 0.2943"
"2,46 : 0.65"
"46,2 : 0.65"
"2,47 : 0.6044"
"47,2 : 0.6044"
"2,48 : 0.6172"
"48,2 : 0.6172"
"2,49 : 0.7207"
"49,2 : 0.7207"
"3,4 : 0.4504"
"4,3 : 0.4504"
"3,5 : 0.7272"
"5,3 : 0.7272"
"3,6 : 0.2759"
"6,3 : 0.2759"
"3,7 : 0.8713"
"7,3 : 0.8713"
"3,8 : 0.3257"
"8,3 : 0.3257"
"3,9 : 0.6592"
"9,3 : 0.6592"
"3,10 : 0.7325"
"10,3 : 0.7325"
"3,11 : 0.8766"
"11,3 : 0.8766"
"3,12 : 0.9362"
"12,3 : 0.9362"
"3,13 : 0.8637"
"13,3 : 0.8637"
"3,14 : 0.6935"
"14,3 : 0.6935"
"3,15 : 0.6122"
"15,3 : 0.6122"
"3,16 : 0.2335"
"16,3 : 0.2335"
"3,17 : 0.4518"
"17,3 : 0.4518"
"3,18 : 0.2953"
"18,3 : 0.2953"
"3,19 : 0.2864"
"19,3 : 0.2864"
"3,20 : 0.4614"
"20,3 : 0.4614"
"3,21 : 0.3008"
"21,3 : 0.3008"
"3,22 : 0.0224"
"22,3 : 0.0224"
"3,23 : 0.7801"
"23,3 : 0.7801"
"3,24 : 0.4148"
"24,3 : 0.4148"
"3,25 : 0.6073"
"25,3 : 0.6073"
"3,26 : 0.3276"
"26,3 : 0.3276"
"3,27 : 0.4085"
"27,3 : 0.4085"
"3,28 : 0.4952"
"28,3 : 0.4952"
"3,29 : 0.6546"
"29,3 : 0.6546"
"3,30 : 0.1118"
"30,3 : 0.1118"
"3,31 : 0.2802"
"31,3 : 0.2802"
"3,32 : 0.4061"
"32,3 : 0.4061"
"3,33 : 0.4588"
"33,3 : 0.4588"
"3,34 : 0.7201"
"34,3 : 0.7201"
"3,35 : 0.5057"
"35,3 : 0.5057"
"3,36 : 0.5166"
"36,3 : 0.5166"
"3,37 : 0.2828"
"37,3 : 0.2828"
"3,38 : 0.7593"
"38,3 : 0.7593"
"3,39 : 0.6613"
"39,3 : 0.6613"
"3,40 : 0.8653"
"40,3 : 0.8653"
"3,41 : 0.3041"
"41,3 : 0.3041"
"3,42 : 0.2184"
"42,3 : 0.2184"
"3,43 : 0.5108"
"43,3 : 0.5108"
"3,44 : 0.2408"
"44,3 : 0.2408"
"3,45 : 0.4562"
"45,3 : 0.4562"
"3,46 : 0.5694"
"46,3 : 0.5694"
"3,47 : 0.2102"
"47,3 : 0.2102"
"3,48 : 0.1"
"48,3 : 0.1"
"3,49 : 0.8823"
"49,3 : 0.8823"
"4,5 : 0.6041"
"5,4 : 0.6041"
"4,6 : 0.3406"
"6,4 : 0.3406"
"4,7 : 0.4401"
"7,4 : 0.4401"
"4,8 : 0.1844"
"8,4 : 0.1844"
"4,9 : 0.623"
"9,4 : 0.623"
"4,10 : 0.603"
"10,4 : 0.603"
"4,11 : 0.4952"
"11,4 : 0.4952"
"4,12 : 0.5391"
"12,4 : 0.5391"
"4,13 : 0.4144"
"13,4 : 0.4144"
"4,14 : 0.2452"
"14,4 : 0.2452"
"4,15 : 0.4653"
"15,4 : 0.4653"
"4,16 : 0.2209"
"16,4 : 0.2209"
"4,17 : 0.06"
"17,4 : 0.06"
"4,18 : 0.392"
"18,4 : 0.392"
"4,19 : 0.1746"
"19,4 : 0.1746"
"4,20 : 0.255"
"20,4 : 0.255"
"4,21 : 0.458"
"21,4 : 0.458"
"4,22 : 0.4617"
"22,4 : 0.4617"
"4,23 : 0.6101"
"23,4 : 0.6101"
"4,24 : 0.103"
"24,4 : 0.103"
"4,25 : 0.6217"
"25,4 : 0.6217"
"4,26 : 0.4841"
"26,4 : 0.4841"
"4,27 : 0.4686"
"27,4 : 0.4686"
"4,28 : 0.3574"
"28,4 : 0.3574"
"4,29 : 0.6462"
"29,4 : 0.6462"
"4,30 : 0.5614"
"30,4 : 0.5614"
"4,31 : 0.3829"
"31,4 : 0.3829"
"4,32 : 0.5374"
"32,4 : 0.5374"
"4,33 : 0.528"
"33,4 : 0.528"
"4,34 : 0.4368"
"34,4 : 0.4368"
"4,35 : 0.5012"
"35,4 : 0.5012"
"4,36 : 0.3373"
"36,4 : 0.3373"
"4,37 : 0.4855"
"37,4 : 0.4855"
"4,38 : 0.5614"
"38,4 : 0.5614"
"4,39 : 0.6391"
"39,4 : 0.6391"
"4,40 : 0.5334"
"40,4 : 0.5334"
"4,41 : 0.5122"
"41,4 : 0.5122"
"4,42 : 0.4528"
"42,4 : 0.4528"
"4,43 : 0.2209"
"43,4 : 0.2209"
"4,44 : 0.3523"
"44,4 : 0.3523"
"4,45 : 0.4632"
"45,4 : 0.4632"
"4,46 : 0.3126"
"46,4 : 0.3126"
"4,47 : 0.5661"
"47,4 : 0.5661"
"4,48 : 0.5135"
"48,4 : 0.5135"
"4,49 : 0.486"
"49,4 : 0.486"
"5,6 : 0.8417"
"6,5 : 0.8417"
"5,7 : 0.8989"
"7,5 : 0.8989"
"5,8 : 0.7234"
"8,5 : 0.7234"
"5,9 : 0.1304"
"9,5 : 0.1304"
"5,10 : 0.01"
"10,5 : 0.01"
"5,11 : 0.4751"
"11,5 : 0.4751"
"5,12 : 0.5412"
"12,5 : 0.5412"
"5,13 : 0.7225"
"13,5 : 0.7225"
"5,14 : 0.6313"
"14,5 : 0.6313"
"5,15 : 0.14"
"15,5 : 0.14"
"5,16 : 0.5991"
"16,5 : 0.5991"
"5,17 : 0.6637"
"17,5 : 0.6637"
"5,18 : 0.4327"
"18,5 : 0.4327"
"5,19 : 0.5689"
"19,5 : 0.5689"
"5,20 : 0.8502"
"20,5 : 0.8502"
"5,21 : 0.446"
"21,5 : 0.446"
"5,22 : 0.7495"
"22,5 : 0.7495"
"5,23 : 0.0806"
"23,5 : 0.0806"
"5,24 : 0.5104"
"24,5 : 0.5104"
"5,25 : 0.204"
"25,5 : 0.204"
"5,26 : 0.4314"
"26,5 : 0.4314"
"5,27 : 0.3324"
"27,5 : 0.3324"
"5,28 : 0.2631"
"28,5 : 0.2631"
"5,29 : 0.17"
"29,5 : 0.17"
"5,30 : 0.806"
"30,5 : 0.806"
"5,31 : 0.878"
"31,5 : 0.878"
"5,32 : 0.3801"
"32,5 : 0.3801"
"5,33 : 0.3081"
"33,5 : 0.3081"
"5,34 : 0.2617"
"34,5 : 0.2617"
"5,35 : 0.2335"
"35,5 : 0.2335"
"5,36 : 0.27"
"36,5 : 0.27"
"5,37 : 0.4808"
"37,5 : 0.4808"
"5,38 : 0.117"
"38,5 : 0.117"
"5,39 : 0.15"
"39,5 : 0.15"
"5,40 : 0.3677"
"40,5 : 0.3677"
"5,41 : 0.9774"
"41,5 : 0.9774"
"5,42 : 0.8896"
"42,5 : 0.8896"
"5,43 : 0.8249"
"43,5 : 0.8249"
"5,44 : 0.8297"
"44,5 : 0.8297"
"5,45 : 0.2766"
"45,5 : 0.2766"
"5,46 : 0.9166"
"46,5 : 0.9166"
"5,47 : 0.637"
"47,5 : 0.637"
"5,48 : 0.6966"
"48,5 : 0.6966"
"5,49 : 1.0018"
"49,5 : 1.0018"
"6,7 : 0.6727"
"7,6 : 0.6727"
"6,8 : 0.1562"
"8,6 : 0.1562"
"6,9 : 0.8122"
"9,6 : 0.8122"
"6,10 : 0.844"
"10,6 : 0.844"
"6,11 : 0.8345"
"11,6 : 0.8345"
"6,12 : 0.8797"
"12,6 : 0.8797"
"6,13 : 0.7262"
"13,6 : 0.7262"
"6,14 : 0.5682"
"14,6 : 0.5682"
"6,15 : 0.706"
"15,6 : 0.706"
"6,16 : 0.2433"
"16,6 : 0.2433"
"6,17 : 0.3053"
"17,6 : 0.3053"
"6,18 : 0.4627"
"18,6 : 0.4627"
"6,19 : 0.2751"
"19,6 : 0.2751"
"6,20 : 0.2121"
"20,6 : 0.2121"
"6,21 : 0.5022"
"21,6 : 0.5022"
"6,22 : 0.2691"
"22,6 : 0.2691"
"6,23 : 0.8728"
"23,6 : 0.8728"
"6,24 : 0.3744"
"24,6 : 0.3744"
"6,25 : 0.7801"
"25,6 : 0.7801"
"6,26 : 0.5337"
"26,6 : 0.5337"
"6,27 : 0.5814"
"27,6 : 0.5814"
"6,28 : 0.5797"
"28,6 : 0.5797"
"6,29 : 0.8202"
"29,6 : 0.8202"
"6,30 : 0.3499"
"30,6 : 0.3499"
"6,31 : 0.0424"
"31,6 : 0.0424"
"6,32 : 0.6119"
"32,6 : 0.6119"
"6,33 : 0.6428"
"33,6 : 0.6428"
"6,34 : 0.7443"
"34,6 : 0.7443"
"6,35 : 0.6603"
"35,6 : 0.6603"
"6,36 : 0.5819"
"36,6 : 0.5819"
"6,37 : 0.5029"
"37,6 : 0.5029"
"6,38 : 0.8357"
"38,6 : 0.8357"
"6,39 : 0.821"
"39,6 : 0.821"
"6,40 : 0.8621"
"40,6 : 0.8621"
"6,41 : 0.172"
"41,6 : 0.172"
"6,42 : 0.1304"
"42,6 : 0.1304"
"6,43 : 0.28"
"43,6 : 0.28"
"6,44 : 0.0361"
"44,6 : 0.0361"
"6,45 : 0.6101"
"45,6 : 0.6101"
"6,46 : 0.3132"
"46,6 : 0.3132"
"6,47 : 0.4801"
"47,6 : 0.4801"
"6,48 : 0.3754"
"48,6 : 0.3754"
"6,49 : 0.6538"
"49,6 : 0.6538"
"7,8 : 0.5515"
"8,7 : 0.5515"
"7,9 : 0.9667"
"9,7 : 0.9667"
"7,10 : 0.8936"
"10,7 : 0.8936"
"7,11 : 0.5247"
"11,7 : 0.5247"
"7,12 : 0.51"
"12,7 : 0.51"
"7,13 : 0.22"
"13,7 : 0.22"
"7,14 : 0.2702"
"14,7 : 0.2702"
"7,15 : 0.7841"
"15,7 : 0.7841"
"7,16 : 0.6552"
"16,7 : 0.6552"
"7,17 : 0.422"
"17,7 : 0.422"
"7,18 : 0.8237"
"18,7 : 0.8237"
"7,19 : 0.6135"
"19,7 : 0.6135"
"7,20 : 0.4687"
"20,7 : 0.4687"
"7,21 : 0.8907"
"21,7 : 0.8907"
"7,22 : 0.8782"
"22,7 : 0.8782"
"7,23 : 0.8677"
"23,7 : 0.8677"
"7,24 : 0.5235"
"24,7 : 0.5235"
"7,25 : 0.9904"
"25,7 : 0.9904"
"7,26 : 0.9142"
"26,7 : 0.9142"
"7,27 : 0.8801"
"27,7 : 0.8801"
"7,28 : 0.7214"
"28,7 : 0.7214"
"7,29 : 1.0"
"29,7 : 1.0"
"7,30 : 0.9774"
"30,7 : 0.9774"
"7,31 : 0.7058"
"31,7 : 0.7058"
"7,32 : 0.9569"
"32,7 : 0.9569"
"7,33 : 0.9324"
"33,7 : 0.9324"
"7,34 : 0.6485"
"34,7 : 0.6485"
"7,35 : 0.8846"
"35,7 : 0.8846"
"7,36 : 0.6859"
"36,7 : 0.6859"
"7,37 : 0.9213"
"37,7 : 0.9213"
"7,38 : 0.8095"
"38,7 : 0.8095"
"7,39 : 0.9872"
"39,7 : 0.9872"
"7,40 : 0.6356"
"40,7 : 0.6356"
"7,41 : 0.8257"
"41,7 : 0.8257"
"7,42 : 0.8031"
"42,7 : 0.8031"
"7,43 : 0.3946"
"43,7 : 0.3946"
"7,44 : 0.7011"
"44,7 : 0.7011"
"7,45 : 0.8591"
"45,7 : 0.8591"
"7,46 : 0.3992"
"46,7 : 0.3992"
"7,47 : 1.0057"
"47,7 : 1.0057"
"7,48 : 0.9459"
"48,7 : 0.9459"
"7,49 : 0.1315"
"49,7 : 0.1315"
"8,9 : 0.7125"
"9,8 : 0.7125"
"8,10 : 0.7244"
"10,8 : 0.7244"
"8,11 : 0.6788"
"11,8 : 0.6788"
"8,12 : 0.7235"
"12,8 : 0.7235"
"8,13 : 0.5787"
"13,8 : 0.5787"
"8,14 : 0.4163"
"14,8 : 0.4163"
"8,15 : 0.5842"
"15,8 : 0.5842"
"8,16 : 0.1612"
"16,8 : 0.1612"
"8,17 : 0.1523"
"17,8 : 0.1523"
"8,18 : 0.3981"
"18,8 : 0.3981"
"8,19 : 0.1628"
"19,8 : 0.1628"
"8,20 : 0.1581"
"20,8 : 0.1581"
"8,21 : 0.4528"
"21,8 : 0.4528"
"8,22 : 0.3298"
"22,8 : 0.3298"
"8,23 : 0.7453"
"23,8 : 0.7453"
"8,24 : 0.2285"
"24,8 : 0.2285"
"8,25 : 0.6923"
"25,8 : 0.6923"
"8,26 : 0.4837"
"26,8 : 0.4837"
"8,27 : 0.506"
"27,8 : 0.506"
"8,28 : 0.461"
"28,8 : 0.461"
"8,29 : 0.7269"
"29,8 : 0.7269"
"8,30 : 0.4276"
"30,8 : 0.4276"
"8,31 : 0.1985"
"31,8 : 0.1985"
"8,32 : 0.5546"
"32,8 : 0.5546"
"8,33 : 0.5692"
"33,8 : 0.5692"
"8,34 : 0.5993"
"34,8 : 0.5993"
"8,35 : 0.5689"
"35,8 : 0.5689"
"8,36 : 0.4554"
"36,8 : 0.4554"
"8,37 : 0.4662"
"37,8 : 0.4662"
"8,38 : 0.7034"
"38,8 : 0.7034"
"8,39 : 0.7244"
"39,8 : 0.7244"
"8,40 : 0.7103"
"40,8 : 0.7103"
"8,41 : 0.328"
"41,8 : 0.328"
"8,42 : 0.2731"
"42,8 : 0.2731"
"8,43 : 0.1887"
"43,8 : 0.1887"
"8,44 : 0.17"
"44,8 : 0.17"
"8,45 : 0.5217"
"45,8 : 0.5217"
"8,46 : 0.2617"
"46,8 : 0.2617"
"8,47 : 0.4941"
"47,8 : 0.4941"
"8,48 : 0.4115"
"48,8 : 0.4115"
"8,49 : 0.5566"
"49,8 : 0.5566"
"9,10 : 0.1404"
"10,9 : 0.1404"
"9,11 : 0.5869"
"11,9 : 0.5869"
"9,12 : 0.6555"
"12,9 : 0.6555"
"9,13 : 0.8081"
"13,9 : 0.8081"
"9,14 : 0.6966"
"14,9 : 0.6966"
"9,15 : 0.1838"
"15,9 : 0.1838"
"9,16 : 0.5704"
"16,9 : 0.5704"
"9,17 : 0.6801"
"17,9 : 0.6801"
"9,18 : 0.3669"
"18,9 : 0.3669"
"9,19 : 0.5508"
"19,9 : 0.5508"
"9,20 : 0.8533"
"20,9 : 0.8533"
"9,21 : 0.3624"
"21,9 : 0.3624"
"9,22 : 0.6815"
"22,9 : 0.6815"
"9,23 : 0.211"
"23,9 : 0.211"
"9,24 : 0.522"
"24,9 : 0.522"
"9,25 : 0.0762"
"25,9 : 0.0762"
"9,26 : 0.3413"
"26,9 : 0.3413"
"9,27 : 0.2508"
"27,9 : 0.2508"
"9,28 : 0.2657"
"28,9 : 0.2657"
"9,29 : 0.0412"
"29,9 : 0.0412"
"9,30 : 0.7256"
"30,9 : 0.7256"
"9,31 : 0.8448"
"31,9 : 0.8448"
"9,32 : 0.2766"
"32,9 : 0.2766"
"9,33 : 0.2081"
"33,9 : 0.2081"
"9,34 : 0.3624"
"34,9 : 0.3624"
"9,35 : 0.1552"
"35,9 : 0.1552"
"9,36 : 0.2907"
"36,9 : 0.2907"
"9,37 : 0.3912"
"37,9 : 0.3912"
"9,38 : 0.2419"
"38,9 : 0.2419"
"9,39 : 0.0224"
"39,9 : 0.0224"
"9,40 : 0.4876"
"40,9 : 0.4876"
"9,41 : 0.9317"
"41,9 : 0.9317"
"9,42 : 0.8417"
"42,9 : 0.8417"
"9,43 : 0.8393"
"43,9 : 0.8393"
"9,44 : 0.7951"
"44,9 : 0.7951"
"9,45 : 0.2062"
"45,9 : 0.2062"
"9,46 : 0.9315"
"46,9 : 0.9315"
"9,47 : 0.5404"
"47,9 : 0.5404"
"9,48 : 0.614"
"48,9 : 0.614"
"9,49 : 1.0595"
"49,9 : 1.0595"
"10,11 : 0.4665"
"11,10 : 0.4665"
"10,12 : 0.5324"
"12,10 : 0.5324"
"10,13 : 0.7159"
"13,10 : 0.7159"
"10,14 : 0.6265"
"14,10 : 0.6265"
"10,15 : 0.1404"
"15,10 : 0.1404"
"10,16 : 0.6017"
"16,10 : 0.6017"
"10,17 : 0.6627"
"17,10 : 0.6627"
"10,18 : 0.4383"
"18,10 : 0.4383"
"10,19 : 0.5707"
"19,10 : 0.5707"
"10,20 : 0.8501"
"20,10 : 0.8501"
"10,21 : 0.4528"
"21,10 : 0.4528"
"10,22 : 0.7547"
"22,10 : 0.7547"
"10,23 : 0.0707"
"23,10 : 0.0707"
"10,24 : 0.5101"
"24,10 : 0.5101"
"10,25 : 0.2138"
"25,10 : 0.2138"
"10,26 : 0.4386"
"26,10 : 0.4386"
"10,27 : 0.3394"
"27,10 : 0.3394"
"10,28 : 0.2648"
"28,10 : 0.2648"
"10,29 : 0.18"
"29,10 : 0.18"
"10,30 : 0.8122"
"30,10 : 0.8122"
"10,31 : 0.8806"
"31,10 : 0.8806"
"10,32 : 0.3883"
"32,10 : 0.3883"
"10,33 : 0.3162"
"33,10 : 0.3162"
"10,34 : 0.2546"
"34,10 : 0.2546"
"10,35 : 0.2408"
"35,10 : 0.2408"
"10,36 : 0.2702"
"36,10 : 0.2702"
"10,37 : 0.488"
"37,10 : 0.488"
"10,38 : 0.1077"
"38,10 : 0.1077"
"10,39 : 0.16"
"39,10 : 0.16"
"10,40 : 0.3585"
"40,10 : 0.3585"
"10,41 : 0.9808"
"41,10 : 0.9808"
"10,42 : 0.8932"
"42,10 : 0.8932"
"10,43 : 0.8239"
"43,10 : 0.8239"
"10,44 : 0.8324"
"44,10 : 0.8324"
"10,45 : 0.2832"
"45,10 : 0.2832"
"10,46 : 0.9155"
"46,10 : 0.9155"
"10,47 : 0.6444"
"47,10 : 0.6444"
"10,48 : 0.7029"
"48,10 : 0.7029"
"10,49 : 0.9973"
"49,10 : 0.9973"
"11,12 : 0.0707"
"12,11 : 0.0707"
"11,13 : 0.3081"
"13,11 : 0.3081"
"11,14 : 0.3257"
"14,11 : 0.3257"
"11,15 : 0.422"
"15,11 : 0.422"
"11,16 : 0.6551"
"16,11 : 0.6551"
"11,17 : 0.5404"
"17,11 : 0.5404"
"11,18 : 0.661"
"18,11 : 0.661"
"11,19 : 0.6021"
"19,11 : 0.6021"
"11,20 : 0.724"
"20,11 : 0.724"
"11,21 : 0.7157"
"21,11 : 0.7157"
"11,22 : 0.8944"
"22,11 : 0.8944"
"11,23 : 0.414"
"23,11 : 0.414"
"11,24 : 0.4743"
"24,11 : 0.4743"
"11,25 : 0.642"
"25,11 : 0.642"
"11,26 : 0.7225"
"26,11 : 0.7225"
"11,27 : 0.64"
"27,11 : 0.64"
"11,28 : 0.4504"
"28,11 : 0.4504"
"11,29 : 0.6277"
"29,11 : 0.6277"
"11,30 : 0.9849"
"30,11 : 0.9849"
"11,31 : 0.8769"
"31,11 : 0.8769"
"11,32 : 0.7203"
"32,11 : 0.7203"
"11,33 : 0.6627"
"33,11 : 0.6627"
"11,34 : 0.228"
"34,11 : 0.228"
"11,35 : 0.5855"
"35,11 : 0.5855"
"11,36 : 0.4111"
"36,11 : 0.4111"
"11,37 : 0.7566"
"37,11 : 0.7566"
"11,38 : 0.3606"
"38,11 : 0.3606"
"11,39 : 0.6093"
"39,11 : 0.6093"
"11,40 : 0.1221"
"40,11 : 0.1221"
"11,41 : 1.005"
"41,11 : 1.005"
"11,42 : 0.9386"
"42,11 : 0.9386"
"11,43 : 0.6624"
"43,11 : 0.6624"
"11,44 : 0.8429"
"44,11 : 0.8429"
"11,45 : 0.5908"
"45,11 : 0.5908"
"11,46 : 0.7341"
"46,11 : 0.7341"
"11,47 : 0.9003"
"47,11 : 0.9003"
"11,48 : 0.9014"
"48,11 : 0.9014"
"11,49 : 0.6519"
"49,11 : 0.6519"
"12,13 : 0.29"
"13,12 : 0.29"
"12,14 : 0.3448"
"14,12 : 0.3448"
"12,15 : 0.4924"
"15,12 : 0.4924"
"12,16 : 0.7112"
"16,12 : 0.7112"
"12,17 : 0.5798"
"17,12 : 0.5798"
"12,18 : 0.7284"
"18,12 : 0.7284"
"12,19 : 0.6576"
"19,12 : 0.6576"
"12,20 : 0.756"
"20,12 : 0.756"
"12,21 : 0.7841"
"21,12 : 0.7841"
"12,22 : 0.9534"
"22,12 : 0.9534"
"12,23 : 0.4771"
"23,12 : 0.4771"
"12,24 : 0.5284"
"24,12 : 0.5284"
"12,25 : 0.7117"
"25,12 : 0.7117"
"12,26 : 0.7916"
"26,12 : 0.7916"
"12,27 : 0.7101"
"27,12 : 0.7101"
"12,28 : 0.5201"
"28,12 : 0.5201"
"12,29 : 0.6964"
"29,12 : 0.6964"
"12,30 : 1.0455"
"30,12 : 1.0455"
"12,31 : 0.922"
"31,12 : 0.922"
"12,32 : 0.7906"
"32,12 : 0.7906"
"12,33 : 0.7333"
"33,12 : 0.7333"
"12,34 : 0.2983"
"34,12 : 0.2983"
"12,35 : 0.6562"
"35,12 : 0.6562"
"12,36 : 0.4804"
"36,12 : 0.4804"
"12,37 : 0.8249"
"37,12 : 0.8249"
"12,38 : 0.4254"
"38,12 : 0.4254"
"12,39 : 0.6778"
"39,12 : 0.6778"
"12,40 : 0.178"
"40,12 : 0.178"
"12,41 : 1.0512"
"41,12 : 1.0512"
"12,42 : 0.9881"
"42,12 : 0.9881"
"12,43 : 0.6907"
"43,12 : 0.6907"
"12,44 : 0.8902"
"44,12 : 0.8902"
"12,45 : 0.6612"
"45,12 : 0.6612"
"12,46 : 0.7566"
"46,12 : 0.7566"
"12,47 : 0.9669"
"47,12 : 0.9669"
"12,48 : 0.9646"
"48,12 : 0.9646"
"12,49 : 0.6403"
"49,12 : 0.6403"
"13,14 : 0.1703"
"14,13 : 0.1703"
"13,15 : 0.6248"
"15,13 : 0.6248"
"13,16 : 0.6313"
"16,13 : 0.6313"
"13,17 : 0.4272"
"17,13 : 0.4272"
"13,18 : 0.7422"
"18,13 : 0.7422"
"13,19 : 0.5803"
"19,13 : 0.5803"
"13,20 : 0.5547"
"20,13 : 0.5547"
"13,21 : 0.8078"
"21,13 : 0.8078"
"13,22 : 0.8757"
"22,13 : 0.8757"
"13,23 : 0.6801"
"23,13 : 0.6801"
"13,24 : 0.461"
"24,13 : 0.461"
"13,25 : 0.844"
"25,13 : 0.844"
"13,26 : 0.8257"
"26,13 : 0.8257"
"13,27 : 0.7708"
"27,13 : 0.7708"
"13,28 : 0.5906"
"28,13 : 0.5906"
"13,29 : 0.845"
"29,13 : 0.845"
"13,30 : 0.9751"
"30,13 : 0.9751"
"13,31 : 0.7656"
"31,13 : 0.7656"
"13,32 : 0.8523"
"32,13 : 0.8523"
"13,33 : 0.8139"
"33,13 : 0.8139"
"13,34 : 0.4623"
"34,13 : 0.4623"
"13,35 : 0.7529"
"35,13 : 0.7529"
"13,36 : 0.5507"
"36,13 : 0.5507"
"13,37 : 0.844"
"37,13 : 0.844"
"13,38 : 0.622"
"38,13 : 0.622"
"13,39 : 0.8298"
"39,13 : 0.8298"
"13,40 : 0.4238"
"40,13 : 0.4238"
"13,41 : 0.8947"
"41,13 : 0.8947"
"13,42 : 0.8509"
"42,13 : 0.8509"
"13,43 : 0.4801"
"43,13 : 0.4801"
"13,44 : 0.7467"
"44,13 : 0.7467"
"13,45 : 0.7379"
"45,13 : 0.7379"
"13,46 : 0.5233"
"46,13 : 0.5233"
"13,47 : 0.9563"
"47,13 : 0.9563"
"13,48 : 0.92"
"48,13 : 0.92"
"13,49 : 0.3506"
"49,13 : 0.3506"
"14,15 : 0.514"
"15,14 : 0.514"
"14,16 : 0.461"
"16,14 : 0.461"
"14,17 : 0.264"
"17,14 : 0.264"
"14,18 : 0.5819"
"18,14 : 0.5819"
"14,19 : 0.4101"
"19,14 : 0.4101"
"14,20 : 0.4173"
"20,14 : 0.4173"
"14,21 : 0.6485"
"21,14 : 0.6485"
"14,22 : 0.7058"
"22,14 : 0.7058"
"14,23 : 0.6054"
"23,14 : 0.6054"
"14,24 : 0.2927"
"24,14 : 0.2927"
"14,25 : 0.7212"
"25,14 : 0.7212"
"14,26 : 0.6685"
"26,14 : 0.6685"
"14,27 : 0.6227"
"27,14 : 0.6227"
"14,28 : 0.4545"
"28,14 : 0.4545"
"14,29 : 0.73"
"29,14 : 0.73"
"14,30 : 0.805"
"30,14 : 0.805"
"14,31 : 0.609"
"31,14 : 0.609"
"14,32 : 0.7024"
"32,14 : 0.7024"
"14,33 : 0.6712"
"33,14 : 0.6712"
"14,34 : 0.389"
"34,14 : 0.389"
"14,35 : 0.6185"
"35,14 : 0.6185"
"14,36 : 0.4177"
"36,14 : 0.4177"
"14,37 : 0.6831"
"37,14 : 0.6831"
"14,38 : 0.5478"
"38,14 : 0.5478"
"14,39 : 0.717"
"39,14 : 0.717"
"14,40 : 0.4111"
"40,14 : 0.4111"
"14,41 : 0.7393"
"41,14 : 0.7393"
"14,42 : 0.6894"
"42,14 : 0.6894"
"14,43 : 0.3483"
"43,14 : 0.3483"
"14,44 : 0.586"
"44,14 : 0.586"
"14,45 : 0.5964"
"45,14 : 0.5964"
"14,46 : 0.4118"
"46,14 : 0.4118"
"14,47 : 0.7892"
"47,14 : 0.7892"
"14,48 : 0.7501"
"48,14 : 0.7501"
"14,49 : 0.3716"
"49,14 : 0.3716"
"15,16 : 0.4649"
"16,15 : 0.4649"
"15,17 : 0.5247"
"17,15 : 0.5247"
"15,18 : 0.3256"
"18,15 : 0.3256"
"15,19 : 0.4317"
"19,15 : 0.4317"
"15,20 : 0.7103"
"20,15 : 0.7103"
"15,21 : 0.3551"
"21,15 : 0.3551"
"15,22 : 0.6341"
"22,15 : 0.6341"
"15,23 : 0.17"
"23,15 : 0.17"
"15,24 : 0.3705"
"24,15 : 0.3705"
"15,25 : 0.2236"
"25,15 : 0.2236"
"15,26 : 0.3489"
"26,15 : 0.3489"
"15,27 : 0.2508"
"27,15 : 0.2508"
"15,28 : 0.1265"
"28,15 : 0.1265"
"15,29 : 0.2202"
"29,15 : 0.2202"
"15,30 : 0.7001"
"30,15 : 0.7001"
"15,31 : 0.7433"
"31,15 : 0.7433"
"15,32 : 0.3202"
"32,15 : 0.3202"
"15,33 : 0.2532"
"33,15 : 0.2532"
"15,34 : 0.1942"
"34,15 : 0.1942"
"15,35 : 0.1712"
"35,15 : 0.1712"
"15,36 : 0.13"
"36,15 : 0.13"
"15,37 : 0.3945"
"37,15 : 0.3945"
"15,38 : 0.1487"
"38,15 : 0.1487"
"15,39 : 0.2052"
"39,15 : 0.2052"
"15,40 : 0.34"
"40,15 : 0.34"
"15,41 : 0.8469"
"41,15 : 0.8469"
"15,42 : 0.7606"
"42,15 : 0.7606"
"15,43 : 0.6859"
"43,15 : 0.6859"
"15,44 : 0.6957"
"44,15 : 0.6957"
"15,45 : 0.1931"
"45,15 : 0.1931"
"15,46 : 0.7778"
"46,15 : 0.7778"
"15,47 : 0.5523"
"47,15 : 0.5523"
"15,48 : 0.5946"
"48,15 : 0.5946"
"15,49 : 0.8798"
"49,15 : 0.8798"
"16,17 : 0.2341"
"17,16 : 0.2341"
"16,18 : 0.2377"
"18,16 : 0.2377"
"16,19 : 0.0539"
"19,16 : 0.0539"
"16,20 : 0.3191"
"20,16 : 0.3191"
"16,21 : 0.2915"
"21,16 : 0.2915"
"16,22 : 0.2474"
"22,16 : 0.2474"
"16,23 : 0.6332"
"23,16 : 0.6332"
"16,24 : 0.1838"
"24,16 : 0.1838"
"16,25 : 0.5423"
"25,16 : 0.5423"
"16,26 : 0.3225"
"26,16 : 0.3225"
"16,27 : 0.3493"
"27,16 : 0.3493"
"16,28 : 0.3384"
"28,16 : 0.3384"
"16,29 : 0.5803"
"29,16 : 0.5803"
"16,30 : 0.3453"
"30,16 : 0.3453"
"16,31 : 0.2789"
"31,16 : 0.2789"
"16,32 : 0.394"
"32,16 : 0.394"
"16,33 : 0.4123"
"33,16 : 0.4123"
"16,34 : 0.525"
"34,16 : 0.525"
"16,35 : 0.4205"
"35,16 : 0.4205"
"16,36 : 0.3444"
"36,16 : 0.3444"
"16,37 : 0.3061"
"37,16 : 0.3061"
"16,38 : 0.5993"
"38,16 : 0.5993"
"16,39 : 0.58"
"39,16 : 0.58"
"16,40 : 0.6586"
"40,16 : 0.6586"
"16,41 : 0.3847"
"41,16 : 0.3847"
"16,42 : 0.3023"
"42,16 : 0.3023"
"16,43 : 0.3394"
"43,16 : 0.3394"
"16,44 : 0.2309"
"44,16 : 0.2309"
"16,45 : 0.3712"
"45,16 : 0.3712"
"16,46 : 0.4201"
"46,16 : 0.4201"
"16,47 : 0.3534"
"47,16 : 0.3534"
"16,48 : 0.2927"
"48,16 : 0.2927"
"16,49 : 0.6843"
"49,16 : 0.6843"
"17,18 : 0.4314"
"18,17 : 0.4314"
"17,19 : 0.1972"
"19,17 : 0.1972"
"17,20 : 0.1965"
"20,17 : 0.1965"
"17,21 : 0.4958"
"21,17 : 0.4958"
"17,22 : 0.4604"
"22,17 : 0.4604"
"17,23 : 0.6701"
"23,17 : 0.6701"
"17,24 : 0.1581"
"24,17 : 0.1581"
"17,25 : 0.6762"
"25,17 : 0.6762"
"17,26 : 0.5235"
"26,17 : 0.5235"
"17,27 : 0.5161"
"27,17 : 0.5161"
"17,28 : 0.4148"
"28,17 : 0.4148"
"17,29 : 0.7023"
"29,17 : 0.7023"
"17,30 : 0.5604"
"30,17 : 0.5604"
"17,31 : 0.3467"
"31,17 : 0.3467"
"17,32 : 0.5814"
"32,17 : 0.5814"
"17,33 : 0.5769"
"33,17 : 0.5769"
"17,34 : 0.4948"
"34,17 : 0.4948"
"17,35 : 0.5546"
"35,17 : 0.5546"
"17,36 : 0.3962"
"36,17 : 0.3962"
"17,37 : 0.5201"
"37,17 : 0.5201"
"17,38 : 0.6213"
"38,17 : 0.6213"
"17,39 : 0.6957"
"39,17 : 0.6957"
"17,40 : 0.5859"
"40,17 : 0.5859"
"17,41 : 0.4771"
"41,17 : 0.4771"
"17,42 : 0.4254"
"42,17 : 0.4254"
"17,43 : 0.1612"
"43,17 : 0.1612"
"17,44 : 0.322"
"44,17 : 0.322"
"17,45 : 0.5148"
"45,17 : 0.5148"
"17,46 : 0.2532"
"46,17 : 0.2532"
"17,47 : 0.5869"
"47,17 : 0.5869"
"17,48 : 0.5239"
"48,17 : 0.5239"
"17,49 : 0.4528"
"49,17 : 0.4528"
"18,19 : 0.2441"
"19,18 : 0.2441"
"18,20 : 0.5547"
"20,18 : 0.5547"
"18,21 : 0.0671"
"21,18 : 0.0671"
"18,22 : 0.3176"
"22,18 : 0.3176"
"18,23 : 0.4892"
"23,18 : 0.4892"
"18,24 : 0.3002"
"24,18 : 0.3002"
"18,25 : 0.3225"
"25,18 : 0.3225"
"18,26 : 0.0922"
"26,18 : 0.0922"
"18,27 : 0.1204"
"27,18 : 0.1204"
"18,28 : 0.2236"
"28,18 : 0.2236"
"18,29 : 0.3667"
"29,18 : 0.3667"
"18,30 : 0.3754"
"30,18 : 0.3754"
"18,31 : 0.4904"
"31,18 : 0.4904"
"18,32 : 0.1565"
"32,18 : 0.1565"
"18,33 : 0.1803"
"33,18 : 0.1803"
"18,34 : 0.4662"
"34,18 : 0.4662"
"18,35 : 0.2119"
"35,18 : 0.2119"
"18,36 : 0.2563"
"36,18 : 0.2563"
"18,37 : 0.102"
"37,18 : 0.102"
"18,38 : 0.4742"
"38,18 : 0.4742"
"18,39 : 0.3711"
"39,18 : 0.3711"
"18,40 : 0.6203"
"40,18 : 0.6203"
"18,41 : 0.5672"
"41,18 : 0.5672"
"18,42 : 0.4768"
"42,18 : 0.4768"
"18,43 : 0.5661"
"43,18 : 0.5661"
"18,44 : 0.4405"
"44,18 : 0.4405"
"18,45 : 0.1616"
"45,18 : 0.1616"
"18,46 : 0.6519"
"46,18 : 0.6519"
"18,47 : 0.2404"
"47,18 : 0.2404"
"18,48 : 0.2691"
"48,18 : 0.2691"
"18,49 : 0.878"
"49,18 : 0.878"
"19,20 : 0.3138"
"20,19 : 0.3138"
"19,21 : 0.3048"
"21,19 : 0.3048"
"19,22 : 0.3008"
"22,19 : 0.3008"
"19,23 : 0.5977"
"23,19 : 0.5977"
"19,24 : 0.13"
"24,19 : 0.13"
"19,25 : 0.5295"
"25,19 : 0.5295"
"19,26 : 0.3342"
"26,19 : 0.3342"
"19,27 : 0.3454"
"27,19 : 0.3454"
"19,28 : 0.3059"
"28,19 : 0.3059"
"19,29 : 0.5644"
"29,19 : 0.5644"
"19,30 : 0.3981"
"30,19 : 0.3981"
"19,31 : 0.3138"
"31,19 : 0.3138"
"19,32 : 0.3996"
"32,19 : 0.3996"
"19,33 : 0.4085"
"33,19 : 0.4085"
"19,34 : 0.478"
"34,19 : 0.478"
"19,35 : 0.4061"
"35,19 : 0.4061"
"19,36 : 0.3068"
"36,19 : 0.3068"
"19,37 : 0.3256"
"37,19 : 0.3256"
"19,38 : 0.5608"
"38,19 : 0.5608"
"19,39 : 0.5622"
"39,19 : 0.5622"
"19,40 : 0.6083"
"40,19 : 0.6083"
"19,41 : 0.4272"
"41,19 : 0.4272"
"19,42 : 0.3483"
"42,19 : 0.3483"
"19,43 : 0.322"
"43,19 : 0.322"
"19,44 : 0.2683"
"44,19 : 0.2683"
"19,45 : 0.359"
"45,19 : 0.359"
"19,46 : 0.4082"
"46,19 : 0.4082"
"19,47 : 0.3922"
"47,19 : 0.3922"
"19,48 : 0.3406"
"48,19 : 0.3406"
"19,49 : 0.65"
"49,19 : 0.65"
"20,21 : 0.6106"
"21,20 : 0.6106"
"20,22 : 0.4607"
"22,20 : 0.4607"
"20,23 : 0.8621"
"23,20 : 0.8621"
"20,24 : 0.34"
"24,20 : 0.34"
"20,25 : 0.8393"
"25,20 : 0.8393"
"20,26 : 0.6414"
"26,20 : 0.6414"
"20,27 : 0.6592"
"27,20 : 0.6592"
"20,28 : 0.593"
"28,20 : 0.593"
"20,29 : 0.871"
"29,20 : 0.871"
"20,30 : 0.5515"
"30,20 : 0.5515"
"20,31 : 0.24"
"31,20 : 0.24"
"20,32 : 0.7112"
"32,20 : 0.7112"
"20,33 : 0.7224"
"33,20 : 0.7224"
"20,34 : 0.6912"
"34,20 : 0.6912"
"20,35 : 0.7157"
"35,20 : 0.7157"
"20,36 : 0.5803"
"36,20 : 0.5803"
"20,37 : 0.6243"
"37,20 : 0.6243"
"20,38 : 0.815"
"38,20 : 0.815"
"20,39 : 0.8668"
"39,20 : 0.8668"
"20,40 : 0.7788"
"40,20 : 0.7788"
"20,41 : 0.3569"
"41,20 : 0.3569"
"20,42 : 0.3406"
"42,20 : 0.3406"
"20,43 : 0.0762"
"43,20 : 0.0762"
"20,44 : 0.2452"
"44,20 : 0.2452"
"20,45 : 0.6705"
"45,20 : 0.6705"
"20,46 : 0.1082"
"46,20 : 0.1082"
"20,47 : 0.6454"
"47,20 : 0.6454"
"20,48 : 0.5547"
"48,20 : 0.5547"
"20,49 : 0.4418"
"49,20 : 0.4418"
"21,22 : 0.3228"
"22,21 : 0.3228"
"21,23 : 0.5099"
"23,21 : 0.5099"
"21,24 : 0.3672"
"24,21 : 0.3672"
"21,25 : 0.3068"
"25,21 : 0.3068"
"21,26 : 0.0316"
"26,21 : 0.0316"
"21,27 : 0.114"
"27,21 : 0.114"
"21,28 : 0.2693"
"28,21 : 0.2693"
"21,29 : 0.3547"
"29,21 : 0.3547"
"21,30 : 0.3636"
"30,21 : 0.3636"
"21,31 : 0.5261"
"31,21 : 0.5261"
"21,32 : 0.1105"
"32,21 : 0.1105"
"21,33 : 0.1581"
"33,21 : 0.1581"
"21,34 : 0.5124"
"34,21 : 0.5124"
"21,35 : 0.214"
"35,21 : 0.214"
"21,36 : 0.3059"
"36,21 : 0.3059"
"21,37 : 0.0412"
"37,21 : 0.0412"
"21,38 : 0.5022"
"38,21 : 0.5022"
"21,39 : 0.3625"
"39,21 : 0.3625"
"21,40 : 0.6676"
"40,21 : 0.6676"
"21,41 : 0.5908"
"41,21 : 0.5908"
"21,42 : 0.5004"
"42,21 : 0.5004"
"21,43 : 0.6263"
"43,21 : 0.6263"
"21,44 : 0.4768"
"44,21 : 0.4768"
"21,45 : 0.1697"
"45,21 : 0.1697"
"21,46 : 0.7103"
"46,21 : 0.7103"
"21,47 : 0.1972"
"47,21 : 0.1972"
"21,48 : 0.2524"
"48,21 : 0.2524"
"21,49 : 0.944"
"49,21 : 0.944"
"22,23 : 0.8021"
"23,22 : 0.8021"
"22,24 : 0.4301"
"24,22 : 0.4301"
"22,25 : 0.6294"
"25,22 : 0.6294"
"22,26 : 0.3493"
"26,22 : 0.3493"
"22,27 : 0.4308"
"27,22 : 0.4308"
"22,28 : 0.5166"
"28,22 : 0.5166"
"22,29 : 0.6768"
"29,22 : 0.6768"
"22,30 : 0.1"
"30,22 : 0.1"
"22,31 : 0.2702"
"31,22 : 0.2702"
"22,32 : 0.4276"
"32,22 : 0.4276"
"22,33 : 0.4808"
"33,22 : 0.4808"
"22,34 : 0.7403"
"34,22 : 0.7403"
"22,35 : 0.528"
"35,22 : 0.528"
"22,36 : 0.5376"
"36,22 : 0.5376"
"22,37 : 0.3041"
"37,22 : 0.3041"
"22,38 : 0.781"
"38,22 : 0.781"
"22,39 : 0.6835"
"39,22 : 0.6835"
"22,40 : 0.8848"
"40,22 : 0.8848"
"22,41 : 0.2864"
"41,22 : 0.2864"
"22,42 : 0.2025"
"42,22 : 0.2025"
"22,43 : 0.5126"
"43,22 : 0.5126"
"22,44 : 0.2335"
"44,22 : 0.2335"
"22,45 : 0.4785"
"45,22 : 0.4785"
"22,46 : 0.5682"
"46,22 : 0.5682"
"22,47 : 0.2247"
"47,22 : 0.2247"
"22,48 : 0.1118"
"48,22 : 0.1118"
"22,49 : 0.886"
"49,22 : 0.886"
"23,24 : 0.5235"
"24,23 : 0.5235"
"23,25 : 0.2844"
"25,23 : 0.2844"
"23,26 : 0.4982"
"26,23 : 0.4982"
"23,27 : 0.3982"
"27,23 : 0.3982"
"23,28 : 0.2955"
"28,23 : 0.2955"
"23,29 : 0.2502"
"29,23 : 0.2502"
"23,30 : 0.8645"
"30,23 : 0.8645"
"23,31 : 0.9108"
"31,23 : 0.9108"
"23,32 : 0.4528"
"32,23 : 0.4528"
"23,33 : 0.3808"
"33,23 : 0.3808"
"23,34 : 0.2195"
"34,23 : 0.2195"
"23,35 : 0.3023"
"35,23 : 0.3023"
"23,36 : 0.2912"
"36,23 : 0.2912"
"23,37 : 0.5467"
"37,23 : 0.5467"
"23,38 : 0.0583"
"38,23 : 0.0583"
"23,39 : 0.2302"
"39,23 : 0.2302"
"23,40 : 0.3002"
"40,23 : 0.3002"
"23,41 : 1.0164"
"41,23 : 1.0164"
"23,42 : 0.9304"
"42,23 : 0.9304"
"23,43 : 0.8301"
"43,23 : 0.8301"
"23,44 : 0.8638"
"44,23 : 0.8638"
"23,45 : 0.3406"
"45,23 : 0.3406"
"23,46 : 0.9205"
"46,23 : 0.9205"
"23,47 : 0.7043"
"47,23 : 0.7043"
"23,48 : 0.7569"
"48,23 : 0.7569"
"23,49 : 0.9769"
"49,23 : 0.9769"
"24,25 : 0.5189"
"25,24 : 0.5189"
"24,26 : 0.3912"
"26,24 : 0.3912"
"24,27 : 0.368"
"27,24 : 0.368"
"24,28 : 0.2571"
"28,24 : 0.2571"
"24,29 : 0.5442"
"29,24 : 0.5442"
"24,30 : 0.5263"
"30,24 : 0.5263"
"24,31 : 0.4162"
"31,24 : 0.4162"
"24,32 : 0.4393"
"32,24 : 0.4393"
"24,33 : 0.4264"
"33,24 : 0.4264"
"24,34 : 0.3712"
"34,24 : 0.3712"
"24,35 : 0.3982"
"35,24 : 0.3982"
"24,36 : 0.2408"
"36,24 : 0.2408"
"24,37 : 0.3981"
"37,24 : 0.3981"
"24,38 : 0.4785"
"38,24 : 0.4785"
"24,39 : 0.5376"
"39,24 : 0.5376"
"24,40 : 0.4892"
"40,24 : 0.4892"
"24,41 : 0.5391"
"41,24 : 0.5391"
"24,42 : 0.4669"
"42,24 : 0.4669"
"24,43 : 0.3178"
"43,24 : 0.3178"
"24,44 : 0.3764"
"44,24 : 0.3764"
"24,45 : 0.3606"
"45,24 : 0.3606"
"24,46 : 0.41"
"46,24 : 0.41"
"24,47 : 0.4965"
"47,24 : 0.4965"
"24,48 : 0.461"
"48,24 : 0.461"
"24,49 : 0.5814"
"49,24 : 0.5814"
"25,26 : 0.2823"
"26,25 : 0.2823"
"25,27 : 0.2022"
"27,25 : 0.2022"
"25,28 : 0.272"
"28,25 : 0.272"
"25,29 : 0.05"
"29,25 : 0.05"
"25,30 : 0.6664"
"30,25 : 0.6664"
"25,31 : 0.8102"
"31,25 : 0.8102"
"25,32 : 0.211"
"32,25 : 0.211"
"25,33 : 0.1487"
"33,25 : 0.1487"
"25,34 : 0.4144"
"34,25 : 0.4144"
"25,35 : 0.1237"
"35,25 : 0.1237"
"25,36 : 0.3048"
"36,25 : 0.3048"
"25,37 : 0.3311"
"37,25 : 0.3311"
"25,38 : 0.31"
"38,25 : 0.31"
"25,39 : 0.064"
"39,25 : 0.064"
"25,40 : 0.5492"
"40,25 : 0.5492"
"25,41 : 0.8896"
"41,25 : 0.8896"
"25,42 : 0.7991"
"42,25 : 0.7991"
"25,43 : 0.8322"
"43,25 : 0.8322"
"25,44 : 0.7603"
"44,25 : 0.7603"
"25,45 : 0.1712"
"45,25 : 0.1712"
"25,46 : 0.9236"
"46,25 : 0.9236"
"25,47 : 0.4743"
"47,25 : 0.4743"
"25,48 : 0.5546"
"48,25 : 0.5546"
"25,49 : 1.0762"
"49,25 : 1.0762"
"26,27 : 0.1"
"27,26 : 0.1"
"26,28 : 0.2729"
"28,26 : 0.2729"
"26,29 : 0.3311"
"29,26 : 0.3311"
"26,30 : 0.3847"
"30,26 : 0.3847"
"26,31 : 0.5573"
"31,26 : 0.5573"
"26,32 : 0.08"
"32,26 : 0.08"
"26,33 : 0.1342"
"33,26 : 0.1342"
"26,34 : 0.5142"
"34,26 : 0.5142"
"26,35 : 0.198"
"35,26 : 0.198"
"26,36 : 0.3114"
"36,26 : 0.3114"
"26,37 : 0.05"
"37,26 : 0.05"
"26,38 : 0.494"
"38,26 : 0.494"
"26,39 : 0.34"
"39,26 : 0.34"
"26,40 : 0.6694"
"40,26 : 0.6694"
"26,41 : 0.6203"
"41,26 : 0.6203"
"26,42 : 0.5301"
"42,26 : 0.5301"
"26,43 : 0.656"
"43,26 : 0.656"
"26,44 : 0.508"
"44,26 : 0.508"
"26,45 : 0.1581"
"45,26 : 0.1581"
"26,46 : 0.7406"
"46,26 : 0.7406"
"26,47 : 0.2062"
"47,26 : 0.2062"
"26,48 : 0.2729"
"48,26 : 0.2729"
"26,49 : 0.9701"
"49,26 : 0.9701"
"27,28 : 0.191"
"28,27 : 0.191"
"27,29 : 0.2474"
"29,27 : 0.2474"
"27,30 : 0.4771"
"30,27 : 0.4771"
"27,31 : 0.6101"
"31,27 : 0.6101"
"27,32 : 0.0825"
"32,27 : 0.0825"
"27,33 : 0.0632"
"33,27 : 0.0632"
"27,34 : 0.4243"
"34,27 : 0.4243"
"27,35 : 0.1"
"35,27 : 0.1"
"27,36 : 0.2319"
"36,27 : 0.2319"
"27,37 : 0.1487"
"37,27 : 0.1487"
"27,38 : 0.3945"
"38,27 : 0.3945"
"27,39 : 0.253"
"39,27 : 0.253"
"27,40 : 0.5787"
"40,27 : 0.5787"
"27,41 : 0.6873"
"41,27 : 0.6873"
"27,42 : 0.5968"
"42,27 : 0.5968"
"27,43 : 0.6624"
"43,27 : 0.6624"
"27,44 : 0.5601"
"44,27 : 0.5601"
"27,45 : 0.0583"
"45,27 : 0.0583"
"27,46 : 0.7513"
"46,27 : 0.7513"
"27,47 : 0.3061"
"47,27 : 0.3061"
"27,48 : 0.3662"
"48,27 : 0.3662"
"27,49 : 0.9479"
"49,27 : 0.9479"
"28,29 : 0.2907"
"29,28 : 0.2907"
"28,30 : 0.589"
"30,28 : 0.589"
"28,31 : 0.6168"
"31,28 : 0.6168"
"28,32 : 0.2729"
"32,28 : 0.2729"
"28,33 : 0.2247"
"33,28 : 0.2247"
"28,34 : 0.2435"
"34,28 : 0.2435"
"28,35 : 0.164"
"35,28 : 0.164"
"28,36 : 0.0412"
"36,28 : 0.0412"
"28,37 : 0.3105"
"37,28 : 0.3105"
"28,38 : 0.2663"
"38,28 : 0.2663"
"28,39 : 0.2823"
"39,28 : 0.2823"
"28,40 : 0.3985"
"40,28 : 0.3985"
"28,41 : 0.7209"
"41,28 : 0.7209"
"28,42 : 0.6351"
"42,28 : 0.6351"
"28,43 : 0.5749"
"43,28 : 0.5749"
"28,44 : 0.5692"
"44,28 : 0.5692"
"28,45 : 0.1487"
"45,28 : 0.1487"
"28,46 : 0.6671"
"46,28 : 0.6671"
"28,47 : 0.4624"
"47,28 : 0.4624"
"28,48 : 0.4883"
"48,28 : 0.4883"
"28,49 : 0.8043"
"49,28 : 0.8043"
"29,30 : 0.7155"
"30,29 : 0.7155"
"29,31 : 0.8515"
"31,29 : 0.8515"
"29,32 : 0.2608"
"32,29 : 0.2608"
"29,33 : 0.197"
"33,29 : 0.197"
"29,34 : 0.4025"
"34,29 : 0.4025"
"29,35 : 0.16"
"35,29 : 0.16"
"29,36 : 0.3191"
"36,29 : 0.3191"
"29,37 : 0.3801"
"37,29 : 0.3801"
"29,38 : 0.2828"
"38,29 : 0.2828"
"29,39 : 0.02"
"39,29 : 0.02"
"29,40 : 0.5289"
"40,29 : 0.5289"
"29,41 : 0.9338"
"41,29 : 0.9338"
"29,42 : 0.8434"
"42,29 : 0.8434"
"29,43 : 0.8602"
"43,29 : 0.8602"
"29,44 : 0.8016"
"44,29 : 0.8016"
"29,45 : 0.2102"
"45,29 : 0.2102"
"29,46 : 0.9521"
"46,29 : 0.9521"
"29,47 : 0.5243"
"47,29 : 0.5243"
"29,48 : 0.6037"
"48,29 : 0.6037"
"29,49 : 1.0904"
"49,29 : 1.0904"
"30,31 : 0.3421"
"31,30 : 0.3421"
"30,32 : 0.4569"
"32,30 : 0.4569"
"30,33 : 0.5188"
"33,30 : 0.5188"
"30,34 : 0.821"
"34,30 : 0.821"
"30,35 : 0.5769"
"35,30 : 0.5769"
"30,36 : 0.614"
"36,30 : 0.614"
"30,37 : 0.3354"
"37,30 : 0.3354"
"30,38 : 0.8485"
"38,30 : 0.8485"
"30,39 : 0.7247"
"39,30 : 0.7247"
"30,40 : 0.969"
"40,30 : 0.969"
"30,41 : 0.3225"
"41,30 : 0.3225"
"30,42 : 0.255"
"42,30 : 0.255"
"30,43 : 0.6073"
"43,30 : 0.6073"
"30,44 : 0.3138"
"44,30 : 0.3138"
"30,45 : 0.5301"
"45,30 : 0.5301"
"30,46 : 0.658"
"46,30 : 0.658"
"30,47 : 0.211"
"47,30 : 0.211"
"30,48 : 0.1118"
"48,30 : 0.1118"
"30,49 : 0.9823"
"49,30 : 0.9823"
"31,32 : 0.6364"
"32,31 : 0.6364"
"31,33 : 0.6707"
"33,31 : 0.6707"
"31,34 : 0.7855"
"34,31 : 0.7855"
"31,35 : 0.6918"
"35,31 : 0.6918"
"31,36 : 0.6203"
"36,31 : 0.6203"
"31,37 : 0.5239"
"37,31 : 0.5239"
"31,38 : 0.8746"
"38,31 : 0.8746"
"31,39 : 0.8529"
"39,31 : 0.8529"
"31,40 : 0.9043"
"40,31 : 0.9043"
"31,41 : 0.1304"
"41,31 : 0.1304"
"31,42 : 0.102"
"42,31 : 0.102"
"31,43 : 0.3114"
"43,31 : 0.3114"
"31,44 : 0.05"
"44,31 : 0.05"
"31,45 : 0.6412"
"45,31 : 0.6412"
"31,46 : 0.3354"
"46,31 : 0.3354"
"31,47 : 0.4888"
"47,31 : 0.4888"
"31,48 : 0.3801"
"48,31 : 0.3801"
"31,49 : 0.6812"
"49,31 : 0.6812"
"32,33 : 0.0721"
"33,32 : 0.0721"
"32,34 : 0.5016"
"34,32 : 0.5016"
"32,35 : 0.1523"
"35,32 : 0.1523"
"32,36 : 0.314"
"36,32 : 0.314"
"32,37 : 0.1237"
"37,32 : 0.1237"
"32,38 : 0.4569"
"38,32 : 0.4569"
"32,39 : 0.272"
"39,32 : 0.272"
"32,40 : 0.6549"
"40,32 : 0.6549"
"32,41 : 0.7003"
"41,32 : 0.7003"
"32,42 : 0.6101"
"42,32 : 0.6101"
"32,43 : 0.7211"
"43,32 : 0.7211"
"32,44 : 0.5869"
"44,32 : 0.5869"
"32,45 : 0.1304"
"45,32 : 0.1304"
"32,46 : 0.8078"
"46,32 : 0.8078"
"32,47 : 0.264"
"47,32 : 0.264"
"32,48 : 0.3454"
"48,32 : 0.3454"
"32,49 : 1.0207"
"49,32 : 1.0207"
"33,34 : 0.44"
"34,33 : 0.44"
"33,35 : 0.0825"
"35,33 : 0.0825"
"33,36 : 0.2657"
"36,33 : 0.2657"
"33,37 : 0.1836"
"37,33 : 0.1836"
"33,38 : 0.3863"
"38,33 : 0.3863"
"33,39 : 0.2059"
"39,33 : 0.2059"
"33,40 : 0.5914"
"40,33 : 0.5914"
"33,41 : 0.7443"
"41,33 : 0.7443"
"33,42 : 0.6538"
"42,33 : 0.6538"
"33,43 : 0.7247"
"43,33 : 0.7247"
"33,44 : 0.6207"
"44,33 : 0.6207"
"33,45 : 0.0762"
"45,33 : 0.0762"
"33,46 : 0.8139"
"46,33 : 0.8139"
"33,47 : 0.333"
"47,33 : 0.333"
"33,48 : 0.4071"
"48,33 : 0.4071"
"33,49 : 1.0041"
"49,33 : 1.0041"
"34,35 : 0.3606"
"35,34 : 0.3606"
"34,36 : 0.2102"
"36,34 : 0.2102"
"34,37 : 0.5536"
"37,34 : 0.5536"
"34,38 : 0.1612"
"38,34 : 0.1612"
"34,39 : 0.3847"
"39,34 : 0.3847"
"34,40 : 0.1552"
"40,34 : 0.1552"
"34,41 : 0.9044"
"41,34 : 0.9044"
"34,42 : 0.8262"
"42,34 : 0.8262"
"34,43 : 0.6478"
"43,34 : 0.6478"
"34,44 : 0.7433"
"44,34 : 0.7433"
"34,45 : 0.3712"
"45,34 : 0.3712"
"34,46 : 0.7344"
"46,34 : 0.7344"
"34,47 : 0.7058"
"47,34 : 0.7058"
"34,48 : 0.7256"
"48,34 : 0.7256"
"34,49 : 0.7596"
"49,34 : 0.7596"
"35,36 : 0.2025"
"36,35 : 0.2025"
"35,37 : 0.2476"
"37,35 : 0.2476"
"35,38 : 0.3046"
"38,35 : 0.3046"
"35,39 : 0.1612"
"39,35 : 0.1612"
"35,40 : 0.5104"
"40,35 : 0.5104"
"35,41 : 0.7767"
"41,35 : 0.7767"
"35,42 : 0.6866"
"42,35 : 0.6866"
"35,43 : 0.7094"
"43,35 : 0.7094"
"35,44 : 0.642"
"44,35 : 0.642"
"35,45 : 0.051"
"45,35 : 0.051"
"35,46 : 0.8006"
"46,35 : 0.8006"
"35,47 : 0.4036"
"47,35 : 0.4036"
"35,48 : 0.4662"
"48,35 : 0.4662"
"35,49 : 0.9643"
"49,35 : 0.9643"
"36,37 : 0.3471"
"37,36 : 0.3471"
"36,38 : 0.255"
"38,36 : 0.255"
"36,39 : 0.3089"
"39,36 : 0.3089"
"36,40 : 0.364"
"40,36 : 0.364"
"36,41 : 0.729"
"41,36 : 0.729"
"36,42 : 0.645"
"42,36 : 0.645"
"36,43 : 0.5573"
"43,36 : 0.5573"
"36,44 : 0.5738"
"44,36 : 0.5738"
"36,45 : 0.1897"
"45,36 : 0.1897"
"36,46 : 0.6494"
"46,36 : 0.6494"
"36,47 : 0.4965"
"47,36 : 0.4965"
"36,48 : 0.5162"
"48,36 : 0.5162"
"36,49 : 0.772"
"49,36 : 0.772"
"37,38 : 0.5408"
"38,37 : 0.5408"
"37,39 : 0.3895"
"39,37 : 0.3895"
"37,40 : 0.7088"
"40,37 : 0.7088"
"37,41 : 0.5801"
"41,37 : 0.5801"
"37,42 : 0.4904"
"42,37 : 0.4904"
"37,43 : 0.6444"
"43,37 : 0.6444"
"37,44 : 0.4754"
"44,37 : 0.4754"
"37,45 : 0.2062"
"45,37 : 0.2062"
"37,46 : 0.7262"
"46,37 : 0.7262"
"37,47 : 0.1581"
"47,37 : 0.1581"
"37,48 : 0.2236"
"48,37 : 0.2236"
"37,49 : 0.9708"
"49,37 : 0.9708"
"38,39 : 0.2631"
"39,38 : 0.2631"
"38,40 : 0.2508"
"40,38 : 0.2508"
"38,41 : 0.9839"
"41,38 : 0.9839"
"38,42 : 0.8994"
"42,38 : 0.8994"
"38,43 : 0.7803"
"43,38 : 0.7803"
"38,44 : 0.8286"
"44,38 : 0.8286"
"38,45 : 0.3362"
"45,38 : 0.3362"
"38,46 : 0.87"
"46,38 : 0.87"
"38,47 : 0.6989"
"47,38 : 0.6989"
"38,48 : 0.7433"
"48,38 : 0.7433"
"38,49 : 0.9192"
"49,38 : 0.9192"
"39,40 : 0.5096"
"40,39 : 0.5096"
"39,41 : 0.9374"
"41,39 : 0.9374"
"39,42 : 0.8472"
"42,39 : 0.8472"
"39,43 : 0.8544"
"43,39 : 0.8544"
"39,44 : 0.8031"
"44,39 : 0.8031"
"39,45 : 0.2121"
"45,39 : 0.2121"
"39,46 : 0.9464"
"46,39 : 0.9464"
"39,47 : 0.536"
"47,39 : 0.536"
"39,48 : 0.6129"
"48,39 : 0.6129"
"39,49 : 1.079"
"49,39 : 1.079"
"40,41 : 1.0283"
"41,40 : 1.0283"
"40,42 : 0.9548"
"42,40 : 0.9548"
"40,43 : 0.7245"
"43,40 : 0.7245"
"40,44 : 0.8656"
"44,40 : 0.8656"
"40,45 : 0.5247"
"45,40 : 0.5247"
"40,46 : 0.8036"
"46,40 : 0.8036"
"40,47 : 0.8603"
"47,40 : 0.8603"
"40,48 : 0.8766"
"48,40 : 0.8766"
"40,49 : 0.7595"
"49,40 : 0.7595"
"41,42 : 0.0906"
"42,41 : 0.0906"
"41,43 : 0.4317"
"43,41 : 0.4317"
"41,44 : 0.1628"
"44,41 : 0.1628"
"41,45 : 0.7257"
"45,41 : 0.7257"
"41,46 : 0.4401"
"46,41 : 0.4401"
"41,47 : 0.5096"
"47,41 : 0.5096"
"41,48 : 0.3956"
"48,41 : 0.3956"
"41,49 : 0.7906"
"49,41 : 0.7906"
"42,43 : 0.4101"
"43,42 : 0.4101"
"42,44 : 0.1044"
"44,42 : 0.1044"
"42,45 : 0.6356"
"45,42 : 0.6356"
"42,46 : 0.4374"
"46,42 : 0.4374"
"42,47 : 0.4272"
"47,42 : 0.4272"
"42,48 : 0.3138"
"48,42 : 0.3138"
