x,y
0.44,0.53
0.93,0.54
0.42,0.06
0.92,0.36
0.82,0.6
0.61,0.69
0.41,0.4
0.74,0.67
0.53,0.62
0.11,0.87
0.79,0.78
0.4,0.37
0.89,0.57
0.42,0.46
0.29,0.58
0.91,0.53
0.38,0.72
0.27,0.74
0.54,0.44
0.68,0.72
0.37,0.66
0.6,0.8
0.96,0.02
0.28,0.94
0.78,0.74
0.2,0.7
0.41,0.26
0.52,0.18
0.85,0.41
0.57,0.23
0.02,0.76
0.01,0.69
0.39,0.95
0.69,0.54
0.34,0.31
0.04,0.44
0.33,0.98
0.17,0.19
0.37,0.3
0.16,0.7
0.06,0.38
0.1,0.97
0.09,0.27
0.21,0.48
0.43,0.37
0.56,0.95
0.81,0.5
0.52,0.04
0.2,0.78
0.04,0.25

Distanze
"0,1 : 0.4901"
"1,0 : 0.4901"
"0,2 : 0.4704"
"2,0 : 0.4704"
"0,3 : 0.5092"
"3,0 : 0.5092"
"0,4 : 0.3864"
"4,0 : 0.3864"
"0,5 : 0.2335"
"5,0 : 0.2335"
"0,6 : 0.1334"
"6,0 : 0.1334"
"0,7 : 0.3311"
"7,0 : 0.3311"
"0,8 : 0.1273"
"8,0 : 0.1273"
"0,9 : 0.4738"
"9,0 : 0.4738"
"0,10 : 0.4301"
"10,0 : 0.4301"
"0,11 : 0.1649"
"11,0 : 0.1649"
"0,12 : 0.4518"
"12,0 : 0.4518"
"0,13 : 0.0728"
"13,0 : 0.0728"
"0,14 : 0.1581"
"14,0 : 0.1581"
"0,15 : 0.47"
"15,0 : 0.47"
"0,16 : 0.1992"
"16,0 : 0.1992"
"0,17 : 0.2702"
"17,0 : 0.2702"
"0,18 : 0.1345"
"18,0 : 0.1345"
"0,19 : 0.3061"
"19,0 : 0.3061"
"0,20 : 0.1476"
"20,0 : 0.1476"
"0,21 : 0.3138"
"21,0 : 0.3138"
"0,22 : 0.7284"
"22,0 : 0.7284"
"0,23 : 0.4401"
"23,0 : 0.4401"
"0,24 : 0.3996"
"24,0 : 0.3996"
"0,25 : 0.2941"
"25,0 : 0.2941"
"0,26 : 0.2717"
"26,0 : 0.2717"
"0,27 : 0.359"
"27,0 : 0.359"
"0,28 : 0.4272"
"28,0 : 0.4272"
"0,29 : 0.327"
"29,0 : 0.327"
"0,30 : 0.4789"
"30,0 : 0.4789"
"0,31 : 0.4588"
"31,0 : 0.4588"
"0,32 : 0.423"
"32,0 : 0.423"
"0,33 : 0.2502"
"33,0 : 0.2502"
"0,34 : 0.2417"
"34,0 : 0.2417"
"0,35 : 0.41"
"35,0 : 0.41"
"0,36 : 0.4632"
"36,0 : 0.4632"
"0,37 : 0.4342"
"37,0 : 0.4342"
"0,38 : 0.2404"
"38,0 : 0.2404"
"0,39 : 0.3276"
"39,0 : 0.3276"
"0,40 : 0.4085"
"40,0 : 0.4085"
"0,41 : 0.5561"
"41,0 : 0.5561"
"0,42 : 0.436"
"42,0 : 0.436"
"0,43 : 0.2354"
"43,0 : 0.2354"
"0,44 : 0.1603"
"44,0 : 0.1603"
"0,45 : 0.4368"
"45,0 : 0.4368"
"0,46 : 0.3712"
"46,0 : 0.3712"
"0,47 : 0.4965"
"47,0 : 0.4965"
"0,48 : 0.3466"
"48,0 : 0.3466"
"0,49 : 0.4883"
"49,0 : 0.4883"
"1,2 : 0.7004"
"2,1 : 0.7004"
"1,3 : 0.1803"
"3,1 : 0.1803"
"1,4 : 0.1253"
"4,1 : 0.1253"
"1,5 : 0.3534"
"5,1 : 0.3534"
"1,6 : 0.5385"
"6,1 : 0.5385"
"1,7 : 0.2302"
"7,1 : 0.2302"
"1,8 : 0.4079"
"8,1 : 0.4079"
"1,9 : 0.8839"
"9,1 : 0.8839"
"1,10 : 0.2778"
"10,1 : 0.2778"
"1,11 : 0.5566"
"11,1 : 0.5566"
"1,12 : 0.05"
"12,1 : 0.05"
"1,13 : 0.5162"
"13,1 : 0.5162"
"1,14 : 0.6412"
"14,1 : 0.6412"
"1,15 : 0.0224"
"15,1 : 0.0224"
"1,16 : 0.5787"
"16,1 : 0.5787"
"1,17 : 0.6896"
"17,1 : 0.6896"
"1,18 : 0.4026"
"18,1 : 0.4026"
"1,19 : 0.3081"
"19,1 : 0.3081"
"1,20 : 0.5727"
"20,1 : 0.5727"
"1,21 : 0.4201"
"21,1 : 0.4201"
"1,22 : 0.5209"
"22,1 : 0.5209"
"1,23 : 0.7632"
"23,1 : 0.7632"
"1,24 : 0.25"
"24,1 : 0.25"
"1,25 : 0.7473"
"25,1 : 0.7473"
"1,26 : 0.5906"
"26,1 : 0.5906"
"1,27 : 0.5456"
"27,1 : 0.5456"
"1,28 : 0.1526"
"28,1 : 0.1526"
"1,29 : 0.4751"
"29,1 : 0.4751"
"1,30 : 0.9362"
"30,1 : 0.9362"
"1,31 : 0.9321"
"31,1 : 0.9321"
"1,32 : 0.678"
"32,1 : 0.678"
"1,33 : 0.24"
"33,1 : 0.24"
"1,34 : 0.6332"
"34,1 : 0.6332"
"1,35 : 0.8956"
"35,1 : 0.8956"
"1,36 : 0.744"
"36,1 : 0.744"
"1,37 : 0.8367"
"37,1 : 0.8367"
"1,38 : 0.6093"
"38,1 : 0.6093"
"1,39 : 0.7864"
"39,1 : 0.7864"
"1,40 : 0.8846"
"40,1 : 0.8846"
"1,41 : 0.9348"
"41,1 : 0.9348"
"1,42 : 0.8823"
"42,1 : 0.8823"
"1,43 : 0.7225"
"43,1 : 0.7225"
"1,44 : 0.5281"
"44,1 : 0.5281"
"1,45 : 0.5523"
"45,1 : 0.5523"
"1,46 : 0.1265"
"46,1 : 0.1265"
"1,47 : 0.6466"
"47,1 : 0.6466"
"1,48 : 0.7684"
"48,1 : 0.7684"
"1,49 : 0.9361"
"49,1 : 0.9361"
"2,3 : 0.5831"
"3,2 : 0.5831"
"2,4 : 0.672"
"4,2 : 0.672"
"2,5 : 0.658"
"5,2 : 0.658"
"2,6 : 0.3401"
"6,2 : 0.3401"
"2,7 : 0.6888"
"7,2 : 0.6888"
"2,8 : 0.5707"
"8,2 : 0.5707"
"2,9 : 0.8673"
"9,2 : 0.8673"
"2,10 : 0.8095"
"10,2 : 0.8095"
"2,11 : 0.3106"
"11,2 : 0.3106"
"2,12 : 0.6935"
"12,2 : 0.6935"
"2,13 : 0.4"
"13,2 : 0.4"
"2,14 : 0.536"
"14,2 : 0.536"
"2,15 : 0.679"
"15,2 : 0.679"
"2,16 : 0.6612"
"16,2 : 0.6612"
"2,17 : 0.6963"
"17,2 : 0.6963"
"2,18 : 0.3985"
"18,2 : 0.3985"
"2,19 : 0.7094"
"19,2 : 0.7094"
"2,20 : 0.6021"
"20,2 : 0.6021"
"2,21 : 0.7616"
"21,2 : 0.7616"
"2,22 : 0.5415"
"22,2 : 0.5415"
"2,23 : 0.8911"
"23,2 : 0.8911"
"2,24 : 0.7694"
"24,2 : 0.7694"
"2,25 : 0.6768"
"25,2 : 0.6768"
"2,26 : 0.2002"
"26,2 : 0.2002"
"2,27 : 0.1562"
"27,2 : 0.1562"
"2,28 : 0.5544"
"28,2 : 0.5544"
"2,29 : 0.2267"
"29,2 : 0.2267"
"2,30 : 0.8062"
"30,2 : 0.8062"
"2,31 : 0.7517"
"31,2 : 0.7517"
"2,32 : 0.8905"
"32,2 : 0.8905"
"2,33 : 0.5507"
"33,2 : 0.5507"
"2,34 : 0.2625"
"34,2 : 0.2625"
"2,35 : 0.5374"
"35,2 : 0.5374"
"2,36 : 0.9244"
"36,2 : 0.9244"
"2,37 : 0.2818"
"37,2 : 0.2818"
"2,38 : 0.2452"
"38,2 : 0.2452"
"2,39 : 0.6908"
"39,2 : 0.6908"
"2,40 : 0.4817"
"40,2 : 0.4817"
"2,41 : 0.9646"
"41,2 : 0.9646"
"2,42 : 0.3912"
"42,2 : 0.3912"
"2,43 : 0.4696"
"43,2 : 0.4696"
"2,44 : 0.3102"
"44,2 : 0.3102"
"2,45 : 0.9009"
"45,2 : 0.9009"
"2,46 : 0.588"
"46,2 : 0.588"
"2,47 : 0.102"
"47,2 : 0.102"
"2,48 : 0.7529"
"48,2 : 0.7529"
"2,49 : 0.4249"
"49,2 : 0.4249"
"3,4 : 0.26"
"4,3 : 0.26"
"3,5 : 0.4528"
"5,3 : 0.4528"
"3,6 : 0.5116"
"6,3 : 0.5116"
"3,7 : 0.3585"
"7,3 : 0.3585"
"3,8 : 0.4687"
"8,3 : 0.4687"
"3,9 : 0.9572"
"9,3 : 0.9572"
"3,10 : 0.4397"
"10,3 : 0.4397"
"3,11 : 0.5201"
"11,3 : 0.5201"
"3,12 : 0.2121"
"12,3 : 0.2121"
"3,13 : 0.5099"
"13,3 : 0.5099"
"3,14 : 0.6673"
"14,3 : 0.6673"
"3,15 : 0.1703"
"15,3 : 0.1703"
"3,16 : 0.649"
"16,3 : 0.649"
"3,17 : 0.7529"
"17,3 : 0.7529"
"3,18 : 0.3883"
"18,3 : 0.3883"
"3,19 : 0.4327"
"19,3 : 0.4327"
"3,20 : 0.6265"
"20,3 : 0.6265"
"3,21 : 0.5441"
"21,3 : 0.5441"
"3,22 : 0.3423"
"22,3 : 0.3423"
"3,23 : 0.8637"
"23,3 : 0.8637"
"3,24 : 0.405"
"24,3 : 0.405"
"3,25 : 0.7962"
"25,3 : 0.7962"
"3,26 : 0.5197"
"26,3 : 0.5197"
"3,27 : 0.4386"
"27,3 : 0.4386"
"3,28 : 0.086"
"28,3 : 0.086"
"3,29 : 0.3734"
"29,3 : 0.3734"
"3,30 : 0.9849"
"30,3 : 0.9849"
"3,31 : 0.968"
"31,3 : 0.968"
"3,32 : 0.7931"
"32,3 : 0.7931"
"3,33 : 0.2921"
"33,3 : 0.2921"
"3,34 : 0.5822"
"34,3 : 0.5822"
"3,35 : 0.8836"
"35,3 : 0.8836"
"3,36 : 0.8559"
"36,3 : 0.8559"
"3,37 : 0.769"
"37,3 : 0.769"
"3,38 : 0.5533"
"38,3 : 0.5533"
"3,39 : 0.8326"
"39,3 : 0.8326"
"3,40 : 0.8602"
"40,3 : 0.8602"
"3,41 : 1.022"
"41,3 : 1.022"
"3,42 : 0.8349"
"42,3 : 0.8349"
"3,43 : 0.7201"
"43,3 : 0.7201"
"3,44 : 0.4901"
"44,3 : 0.4901"
"3,45 : 0.6912"
"45,3 : 0.6912"
"3,46 : 0.178"
"46,3 : 0.178"
"3,47 : 0.5122"
"47,3 : 0.5122"
"3,48 : 0.8335"
"48,3 : 0.8335"
"3,49 : 0.8868"
"49,3 : 0.8868"
"4,5 : 0.2285"
"5,4 : 0.2285"
"4,6 : 0.4562"
"6,4 : 0.4562"
"4,7 : 0.1063"
"7,4 : 0.1063"
"4,8 : 0.2907"
"8,4 : 0.2907"
"4,9 : 0.7596"
"9,4 : 0.7596"
"4,10 : 0.1825"
"10,4 : 0.1825"
"4,11 : 0.4789"
"11,4 : 0.4789"
"4,12 : 0.0762"
"12,4 : 0.0762"
"4,13 : 0.4238"
"13,4 : 0.4238"
"4,14 : 0.5304"
"14,4 : 0.5304"
"4,15 : 0.114"
"15,4 : 0.114"
"4,16 : 0.4561"
"16,4 : 0.4561"
"4,17 : 0.5675"
"17,4 : 0.5675"
"4,18 : 0.3225"
"18,4 : 0.3225"
"4,19 : 0.1844"
"19,4 : 0.1844"
"4,20 : 0.454"
"20,4 : 0.454"
"4,21 : 0.2973"
"21,4 : 0.2973"
"4,22 : 0.5967"
"22,4 : 0.5967"
"4,23 : 0.6381"
"23,4 : 0.6381"
"4,24 : 0.1456"
"24,4 : 0.1456"
"4,25 : 0.628"
"25,4 : 0.628"
"4,26 : 0.5326"
"26,4 : 0.5326"
"4,27 : 0.5161"
"27,4 : 0.5161"
"4,28 : 0.1924"
"28,4 : 0.1924"
"4,29 : 0.4465"
"29,4 : 0.4465"
"4,30 : 0.8158"
"30,4 : 0.8158"
"4,31 : 0.815"
"31,4 : 0.815"
"4,32 : 0.5544"
"32,4 : 0.5544"
"4,33 : 0.1432"
"33,4 : 0.1432"
"4,34 : 0.5608"
"34,4 : 0.5608"
"4,35 : 0.7962"
"35,4 : 0.7962"
"4,36 : 0.6201"
"36,4 : 0.6201"
"4,37 : 0.7685"
"37,4 : 0.7685"
"4,38 : 0.5408"
"38,4 : 0.5408"
"4,39 : 0.6675"
"39,4 : 0.6675"
"4,40 : 0.7912"
"40,4 : 0.7912"
"4,41 : 0.8095"
"41,4 : 0.8095"
"4,42 : 0.8011"
"42,4 : 0.8011"
"4,43 : 0.6217"
"43,4 : 0.6217"
"4,44 : 0.4528"
"44,4 : 0.4528"
"4,45 : 0.436"
"45,4 : 0.436"
"4,46 : 0.1005"
"46,4 : 0.1005"
"4,47 : 0.6353"
"47,4 : 0.6353"
"4,48 : 0.6456"
"48,4 : 0.6456"
"4,49 : 0.8549"
"49,4 : 0.8549"
"5,6 : 0.3523"
"6,5 : 0.3523"
"5,7 : 0.1315"
"7,5 : 0.1315"
"5,8 : 0.1063"
"8,5 : 0.1063"
"5,9 : 0.5314"
"9,5 : 0.5314"
"5,10 : 0.2012"
"10,5 : 0.2012"
"5,11 : 0.3828"
"11,5 : 0.3828"
"5,12 : 0.3046"
"12,5 : 0.3046"
"5,13 : 0.2983"
"13,5 : 0.2983"
"5,14 : 0.3384"
"14,5 : 0.3384"
"5,15 : 0.34"
"15,5 : 0.34"
"5,16 : 0.2319"
"16,5 : 0.2319"
"5,17 : 0.3437"
"17,5 : 0.3437"
"5,18 : 0.2596"
"18,5 : 0.2596"
"5,19 : 0.0762"
"19,5 : 0.0762"
"5,20 : 0.2419"
"20,5 : 0.2419"
"5,21 : 0.1105"
"21,5 : 0.1105"
"5,22 : 0.7559"
"22,5 : 0.7559"
"5,23 : 0.414"
"23,5 : 0.414"
"5,24 : 0.1772"
"24,5 : 0.1772"
"5,25 : 0.4101"
"25,5 : 0.4101"
"5,26 : 0.4742"
"26,5 : 0.4742"
"5,27 : 0.5179"
"27,5 : 0.5179"
"5,28 : 0.3688"
"28,5 : 0.3688"
"5,29 : 0.4617"
"29,5 : 0.4617"
"5,30 : 0.5941"
"30,5 : 0.5941"
"5,31 : 0.6"
"31,5 : 0.6"
"5,32 : 0.3406"
"32,5 : 0.3406"
"5,33 : 0.17"
"33,5 : 0.17"
"5,34 : 0.4662"
"34,5 : 0.4662"
"5,35 : 0.6224"
"35,5 : 0.6224"
"5,36 : 0.4031"
"36,5 : 0.4031"
"5,37 : 0.666"
"37,5 : 0.666"
"5,38 : 0.4579"
"38,5 : 0.4579"
"5,39 : 0.4501"
"39,5 : 0.4501"
"5,40 : 0.6313"
"40,5 : 0.6313"
"5,41 : 0.5818"
"41,5 : 0.5818"
"5,42 : 0.6684"
"42,5 : 0.6684"
"5,43 : 0.4518"
"43,5 : 0.4518"
"5,44 : 0.3672"
"44,5 : 0.3672"
"5,45 : 0.2648"
"45,5 : 0.2648"
"5,46 : 0.2759"
"46,5 : 0.2759"
"5,47 : 0.6562"
"47,5 : 0.6562"
"5,48 : 0.4198"
"48,5 : 0.4198"
"5,49 : 0.7201"
"49,5 : 0.7201"
"6,7 : 0.4264"
"7,6 : 0.4264"
"6,8 : 0.2506"
"8,6 : 0.2506"
"6,9 : 0.5576"
"9,6 : 0.5576"
"6,10 : 0.5374"
"10,6 : 0.5374"
"6,11 : 0.0316"
"11,6 : 0.0316"
"6,12 : 0.5092"
"12,6 : 0.5092"
"6,13 : 0.0608"
"13,6 : 0.0608"
"6,14 : 0.2163"
"14,6 : 0.2163"
"6,15 : 0.5166"
"15,6 : 0.5166"
"6,16 : 0.3214"
"16,6 : 0.3214"
"6,17 : 0.3677"
"17,6 : 0.3677"
"6,18 : 0.136"
"18,6 : 0.136"
"6,19 : 0.4187"
"19,6 : 0.4187"
"6,20 : 0.2631"
"20,6 : 0.2631"
"6,21 : 0.4428"
"21,6 : 0.4428"
"6,22 : 0.6685"
"22,6 : 0.6685"
"6,23 : 0.5554"
"23,6 : 0.5554"
"6,24 : 0.5025"
"24,6 : 0.5025"
"6,25 : 0.3662"
"25,6 : 0.3662"
"6,26 : 0.14"
"26,6 : 0.14"
"6,27 : 0.246"
"27,6 : 0.246"
"6,28 : 0.4401"
"28,6 : 0.4401"
"6,29 : 0.2335"
"29,6 : 0.2335"
"6,30 : 0.5308"
"30,6 : 0.5308"
"6,31 : 0.4941"
"31,6 : 0.4941"
"6,32 : 0.5504"
"32,6 : 0.5504"
"6,33 : 0.313"
"33,6 : 0.313"
"6,34 : 0.114"
"34,6 : 0.114"
"6,35 : 0.3722"
"35,6 : 0.3722"
"6,36 : 0.5855"
"36,6 : 0.5855"
"6,37 : 0.3189"
"37,6 : 0.3189"
"6,38 : 0.1077"
"38,6 : 0.1077"
"6,39 : 0.3905"
"39,6 : 0.3905"
"6,40 : 0.3506"
"40,6 : 0.3506"
"6,41 : 0.6488"
"41,6 : 0.6488"
"6,42 : 0.3454"
"42,6 : 0.3454"
"6,43 : 0.2154"
"43,6 : 0.2154"
"6,44 : 0.0361"
"44,6 : 0.0361"
"6,45 : 0.5701"
"45,6 : 0.5701"
"6,46 : 0.4123"
"46,6 : 0.4123"
"6,47 : 0.3764"
"47,6 : 0.3764"
"6,48 : 0.4342"
"48,6 : 0.4342"
"6,49 : 0.3992"
"49,6 : 0.3992"
"7,8 : 0.2159"
"8,7 : 0.2159"
"7,9 : 0.661"
"9,7 : 0.661"
"7,10 : 0.1208"
"10,7 : 0.1208"
"7,11 : 0.4534"
"11,7 : 0.4534"
"7,12 : 0.1803"
"12,7 : 0.1803"
"7,13 : 0.3828"
"13,7 : 0.3828"
"7,14 : 0.4589"
"14,7 : 0.4589"
"7,15 : 0.2202"
"15,7 : 0.2202"
"7,16 : 0.3635"
"16,7 : 0.3635"
"7,17 : 0.4752"
"17,7 : 0.4752"
"7,18 : 0.3048"
"18,7 : 0.3048"
"7,19 : 0.0781"
"19,7 : 0.0781"
"7,20 : 0.3701"
"20,7 : 0.3701"
"7,21 : 0.191"
"21,7 : 0.191"
"7,22 : 0.6862"
"22,7 : 0.6862"
"7,23 : 0.5334"
"23,7 : 0.5334"
"7,24 : 0.0806"
"24,7 : 0.0806"
"7,25 : 0.5408"
"25,7 : 0.5408"
"7,26 : 0.5263"
"26,7 : 0.5263"
"7,27 : 0.5371"
"27,7 : 0.5371"
"7,28 : 0.2823"
"28,7 : 0.2823"
"7,29 : 0.4717"
"29,7 : 0.4717"
"7,30 : 0.7256"
"30,7 : 0.7256"
"7,31 : 0.7303"
"31,7 : 0.7303"
"7,32 : 0.4482"
"32,7 : 0.4482"
"7,33 : 0.1393"
"33,7 : 0.1393"
"7,34 : 0.5381"
"34,7 : 0.5381"
"7,35 : 0.7368"
"35,7 : 0.7368"
"7,36 : 0.514"
"36,7 : 0.514"
"7,37 : 0.7452"
"37,7 : 0.7452"
"7,38 : 0.5233"
"38,7 : 0.5233"
"7,39 : 0.5808"
"39,7 : 0.5808"
"7,40 : 0.7393"
"40,7 : 0.7393"
"7,41 : 0.7068"
"41,7 : 0.7068"
"7,42 : 0.7632"
"42,7 : 0.7632"
"7,43 : 0.563"
"43,7 : 0.563"
"7,44 : 0.4314"
"44,7 : 0.4314"
"7,45 : 0.3329"
"45,7 : 0.3329"
"7,46 : 0.1838"
"46,7 : 0.1838"
"7,47 : 0.6673"
"47,7 : 0.6673"
"7,48 : 0.5511"
"48,7 : 0.5511"
"7,49 : 0.8163"
"49,7 : 0.8163"
"8,9 : 0.4888"
"9,8 : 0.4888"
"8,10 : 0.3053"
"10,8 : 0.3053"
"8,11 : 0.2818"
"11,8 : 0.2818"
"8,12 : 0.3635"
"12,8 : 0.3635"
"8,13 : 0.1942"
"13,8 : 0.1942"
"8,14 : 0.2433"
"14,8 : 0.2433"
"8,15 : 0.3905"
"15,8 : 0.3905"
"8,16 : 0.1803"
"16,8 : 0.1803"
"8,17 : 0.2864"
"17,8 : 0.2864"
"8,18 : 0.1803"
"18,8 : 0.1803"
"8,19 : 0.1803"
"19,8 : 0.1803"
"8,20 : 0.1649"
"20,8 : 0.1649"
"8,21 : 0.1931"
"21,8 : 0.1931"
"8,22 : 0.7382"
"22,8 : 0.7382"
"8,23 : 0.4061"
"23,8 : 0.4061"
"8,24 : 0.2773"
"24,8 : 0.2773"
"8,25 : 0.3396"
"25,8 : 0.3396"
"8,26 : 0.3795"
"26,8 : 0.3795"
"8,27 : 0.4401"
"27,8 : 0.4401"
"8,28 : 0.3828"
"28,8 : 0.3828"
"8,29 : 0.392"
"29,8 : 0.392"
"8,30 : 0.5289"
"30,8 : 0.5289"
"8,31 : 0.5247"
"31,8 : 0.5247"
"8,32 : 0.3585"
"32,8 : 0.3585"
"8,33 : 0.1789"
"33,8 : 0.1789"
"8,34 : 0.3636"
"34,8 : 0.3636"
"8,35 : 0.522"
"35,8 : 0.522"
"8,36 : 0.4118"
"36,8 : 0.4118"
"8,37 : 0.5608"
"37,8 : 0.5608"
"8,38 : 0.3578"
"38,8 : 0.3578"
"8,39 : 0.3785"
"39,8 : 0.3785"
"8,40 : 0.5277"
"40,8 : 0.5277"
"8,41 : 0.5544"
"41,8 : 0.5544"
"8,42 : 0.5622"
"42,8 : 0.5622"
"8,43 : 0.3493"
"43,8 : 0.3493"
"8,44 : 0.2693"
"44,8 : 0.2693"
"8,45 : 0.3314"
"45,8 : 0.3314"
"8,46 : 0.3046"
"46,8 : 0.3046"
"8,47 : 0.5801"
"47,8 : 0.5801"
"8,48 : 0.3667"
"48,8 : 0.3667"
"8,49 : 0.614"
"49,8 : 0.614"
"9,10 : 0.6859"
"10,9 : 0.6859"
"9,11 : 0.578"
"11,9 : 0.578"
"9,12 : 0.8357"
"12,9 : 0.8357"
"9,13 : 0.514"
"13,9 : 0.514"
"9,14 : 0.3413"
"14,9 : 0.3413"
"9,15 : 0.8693"
"15,9 : 0.8693"
"9,16 : 0.3089"
"16,9 : 0.3089"
"9,17 : 0.2062"
"17,9 : 0.2062"
"9,18 : 0.6081"
"18,9 : 0.6081"
"9,19 : 0.5894"
"19,9 : 0.5894"
"9,20 : 0.3342"
"20,9 : 0.3342"
"9,21 : 0.495"
"21,9 : 0.495"
"9,22 : 1.2021"
"22,9 : 1.2021"
"9,23 : 0.1838"
"23,9 : 0.1838"
"9,24 : 0.6825"
"24,9 : 0.6825"
"9,25 : 0.1924"
"25,9 : 0.1924"
"9,26 : 0.6798"
"26,9 : 0.6798"
"9,27 : 0.8026"
"27,9 : 0.8026"
"9,28 : 0.8713"
"28,9 : 0.8713"
"9,29 : 0.7882"
"29,9 : 0.7882"
"9,30 : 0.1421"
"30,9 : 0.1421"
"9,31 : 0.2059"
"31,9 : 0.2059"
"9,32 : 0.2912"
"32,9 : 0.2912"
"9,33 : 0.6673"
"33,9 : 0.6673"
"9,34 : 0.6054"
"34,9 : 0.6054"
"9,35 : 0.4357"
"35,9 : 0.4357"
"9,36 : 0.246"
"36,9 : 0.246"
"9,37 : 0.6826"
"37,9 : 0.6826"
"9,38 : 0.6265"
"38,9 : 0.6265"
"9,39 : 0.1772"
"39,9 : 0.1772"
"9,40 : 0.4925"
"40,9 : 0.4925"
"9,41 : 0.1005"
"41,9 : 0.1005"
"9,42 : 0.6003"
"42,9 : 0.6003"
"9,43 : 0.4026"
"43,9 : 0.4026"
"9,44 : 0.5936"
"44,9 : 0.5936"
"9,45 : 0.4571"
"45,9 : 0.4571"
"9,46 : 0.7918"
"46,9 : 0.7918"
"9,47 : 0.9257"
"47,9 : 0.9257"
"9,48 : 0.1273"
"48,9 : 0.1273"
"9,49 : 0.6239"
"49,9 : 0.6239"
"10,11 : 0.5659"
"11,10 : 0.5659"
"10,12 : 0.2326"
"12,10 : 0.2326"
"10,13 : 0.4892"
"13,10 : 0.4892"
"10,14 : 0.5385"
"14,10 : 0.5385"
"10,15 : 0.2773"
"15,10 : 0.2773"
"10,16 : 0.4144"
"16,10 : 0.4144"
"10,17 : 0.5215"
"17,10 : 0.5215"
"10,18 : 0.422"
"18,10 : 0.422"
"10,19 : 0.1253"
"19,10 : 0.1253"
"10,20 : 0.4368"
"20,10 : 0.4368"
"10,21 : 0.191"
"21,10 : 0.191"
"10,22 : 0.7788"
"22,10 : 0.7788"
"10,23 : 0.5345"
"23,10 : 0.5345"
"10,24 : 0.0412"
"24,10 : 0.0412"
"10,25 : 0.5954"
"25,10 : 0.5954"
"10,26 : 0.644"
"26,10 : 0.644"
"10,27 : 0.658"
"27,10 : 0.658"
"10,28 : 0.3748"
"28,10 : 0.3748"
"10,29 : 0.5924"
"29,10 : 0.5924"
"10,30 : 0.7703"
"30,10 : 0.7703"
"10,31 : 0.7852"
"31,10 : 0.7852"
"10,32 : 0.4346"
"32,10 : 0.4346"
"10,33 : 0.26"
"33,10 : 0.26"
"10,34 : 0.6507"
"34,10 : 0.6507"
"10,35 : 0.8235"
"35,10 : 0.8235"
"10,36 : 0.5016"
"36,10 : 0.5016"
"10,37 : 0.8559"
"37,10 : 0.8559"
"10,38 : 0.6378"
"38,10 : 0.6378"
"10,39 : 0.6351"
"39,10 : 0.6351"
"10,40 : 0.8324"
"40,10 : 0.8324"
"10,41 : 0.7157"
"41,10 : 0.7157"
"10,42 : 0.8661"
"42,10 : 0.8661"
"10,43 : 0.653"
"43,10 : 0.653"
"10,44 : 0.5456"
"44,10 : 0.5456"
"10,45 : 0.286"
"45,10 : 0.286"
"10,46 : 0.2807"
"46,10 : 0.2807"
"10,47 : 0.7877"
"47,10 : 0.7877"
"10,48 : 0.59"
"48,10 : 0.59"
"10,49 : 0.9184"
"49,10 : 0.9184"
"11,12 : 0.5292"
"12,11 : 0.5292"
"11,13 : 0.0922"
"13,11 : 0.0922"
"11,14 : 0.2371"
"14,11 : 0.2371"
"11,15 : 0.5345"
"15,11 : 0.5345"
"11,16 : 0.3506"
"16,11 : 0.3506"
"11,17 : 0.3922"
"17,11 : 0.3922"
"11,18 : 0.1565"
"18,11 : 0.1565"
"11,19 : 0.4482"
"19,11 : 0.4482"
"11,20 : 0.2915"
"20,11 : 0.2915"
"11,21 : 0.4742"
"21,11 : 0.4742"
"11,22 : 0.6604"
"22,11 : 0.6604"
"11,23 : 0.5825"
"23,11 : 0.5825"
"11,24 : 0.5304"
"24,11 : 0.5304"
"11,25 : 0.3859"
"25,11 : 0.3859"
"11,26 : 0.1105"
"26,11 : 0.1105"
"11,27 : 0.2247"
"27,11 : 0.2247"
"11,28 : 0.4518"
"28,11 : 0.4518"
"11,29 : 0.2202"
"29,11 : 0.2202"
"11,30 : 0.5445"
"30,11 : 0.5445"
"11,31 : 0.5045"
"31,11 : 0.5045"
"11,32 : 0.5801"
"32,11 : 0.5801"
"11,33 : 0.3362"
"33,11 : 0.3362"
"11,34 : 0.0849"
"34,11 : 0.0849"
"11,35 : 0.3667"
"35,11 : 0.3667"
"11,36 : 0.614"
"36,11 : 0.614"
"11,37 : 0.2921"
"37,11 : 0.2921"
"11,38 : 0.0762"
"38,11 : 0.0762"
"11,39 : 0.408"
"39,11 : 0.408"
"11,40 : 0.3401"
"40,11 : 0.3401"
"11,41 : 0.6708"
"41,11 : 0.6708"
"11,42 : 0.3257"
"42,11 : 0.3257"
"11,43 : 0.2195"
"43,11 : 0.2195"
"11,44 : 0.03"
"44,11 : 0.03"
"11,45 : 0.6017"
"45,11 : 0.6017"
"11,46 : 0.4301"
"46,11 : 0.4301"
"11,47 : 0.3511"
"47,11 : 0.3511"
"11,48 : 0.4562"
"48,11 : 0.4562"
"11,49 : 0.3795"
"49,11 : 0.3795"
"12,13 : 0.4827"
"13,12 : 0.4827"
"12,14 : 0.6001"
"14,12 : 0.6001"
"12,15 : 0.0447"
"15,12 : 0.0447"
"12,16 : 0.5316"
"16,12 : 0.5316"
"12,17 : 0.6429"
"17,12 : 0.6429"
"12,18 : 0.3734"
"18,12 : 0.3734"
"12,19 : 0.2581"
"19,12 : 0.2581"
"12,20 : 0.5277"
"20,12 : 0.5277"
"12,21 : 0.3701"
"21,12 : 0.3701"
"12,22 : 0.5544"
"22,12 : 0.5544"
"12,23 : 0.7134"
"23,12 : 0.7134"
"12,24 : 0.2025"
"24,12 : 0.2025"
"12,25 : 0.7021"
"25,12 : 0.7021"
"12,26 : 0.5714"
"26,12 : 0.5714"
"12,27 : 0.5376"
"27,12 : 0.5376"
"12,28 : 0.1649"
"28,12 : 0.1649"
"12,29 : 0.4669"
"29,12 : 0.4669"
"12,30 : 0.8905"
"30,12 : 0.8905"
"12,31 : 0.8881"
"31,12 : 0.8881"
"12,32 : 0.628"
"32,12 : 0.628"
"12,33 : 0.2022"
"33,12 : 0.2022"
"12,34 : 0.6084"
"34,12 : 0.6084"
"12,35 : 0.8599"
"35,12 : 0.8599"
"12,36 : 0.694"
"36,12 : 0.694"
"12,37 : 0.8141"
"37,12 : 0.8141"
"12,38 : 0.5859"
"38,12 : 0.5859"
"12,39 : 0.7415"
"39,12 : 0.7415"
"12,40 : 0.8515"
"40,12 : 0.8515"
"12,41 : 0.8855"
"41,12 : 0.8855"
"12,42 : 0.8544"
"42,12 : 0.8544"
"12,43 : 0.6859"
"43,12 : 0.6859"
"12,44 : 0.5016"
"44,12 : 0.5016"
"12,45 : 0.5033"
"45,12 : 0.5033"
"12,46 : 0.1063"
"46,12 : 0.1063"
"12,47 : 0.6464"
"47,12 : 0.6464"
"12,48 : 0.7212"
"48,12 : 0.7212"
"12,49 : 0.9082"
"49,12 : 0.9082"
"13,14 : 0.1769"
"14,13 : 0.1769"
"13,15 : 0.495"
"15,13 : 0.495"
"13,16 : 0.2631"
"16,13 : 0.2631"
"13,17 : 0.3176"
"17,13 : 0.3176"
"13,18 : 0.1217"
"18,13 : 0.1217"
"13,19 : 0.3677"
"19,13 : 0.3677"
"13,20 : 0.2062"
"20,13 : 0.2062"
"13,21 : 0.3847"
"21,13 : 0.3847"
"13,22 : 0.6966"
"22,13 : 0.6966"
"13,23 : 0.5"
"23,13 : 0.5"
"13,24 : 0.4561"
"24,13 : 0.4561"
"13,25 : 0.3256"
"25,13 : 0.3256"
"13,26 : 0.2002"
"26,13 : 0.2002"
"13,27 : 0.2973"
"27,13 : 0.2973"
"13,28 : 0.4329"
"28,13 : 0.4329"
"13,29 : 0.2746"
"29,13 : 0.2746"
"13,30 : 0.5"
"30,13 : 0.5"
"13,31 : 0.4701"
"31,13 : 0.4701"
"13,32 : 0.4909"
"32,13 : 0.4909"
"13,33 : 0.2816"
"33,13 : 0.2816"
"13,34 : 0.17"
"34,13 : 0.17"
"13,35 : 0.3805"
"35,13 : 0.3805"
"13,36 : 0.5277"
"36,13 : 0.5277"
"13,37 : 0.368"
"37,13 : 0.368"
"13,38 : 0.1676"
"38,13 : 0.1676"
"13,39 : 0.3538"
"39,13 : 0.3538"
"13,40 : 0.3688"
"40,13 : 0.3688"
"13,41 : 0.6021"
"41,13 : 0.6021"
"13,42 : 0.3808"
"42,13 : 0.3808"
"13,43 : 0.211"
"43,13 : 0.211"
"13,44 : 0.0906"
"44,13 : 0.0906"
"13,45 : 0.5096"
"45,13 : 0.5096"
"13,46 : 0.392"
"46,13 : 0.392"
"13,47 : 0.4317"
"47,13 : 0.4317"
"13,48 : 0.3883"
"48,13 : 0.3883"
"13,49 : 0.4342"
"49,13 : 0.4342"
"14,15 : 0.622"
"15,14 : 0.622"
"14,16 : 0.1664"
"16,14 : 0.1664"
"14,17 : 0.1612"
"17,14 : 0.1612"
"14,18 : 0.2865"
"18,14 : 0.2865"
"14,19 : 0.4144"
"19,14 : 0.4144"
"14,20 : 0.1131"
"20,14 : 0.1131"
"14,21 : 0.3801"
"21,14 : 0.3801"
"14,22 : 0.8732"
"22,14 : 0.8732"
"14,23 : 0.3601"
"23,14 : 0.3601"
"14,24 : 0.5155"
"24,14 : 0.5155"
"14,25 : 0.15"
"25,14 : 0.15"
"14,26 : 0.3418"
"26,14 : 0.3418"
"14,27 : 0.4614"
"27,14 : 0.4614"
"14,28 : 0.5852"
"28,14 : 0.5852"
"14,29 : 0.4482"
"29,14 : 0.4482"
"14,30 : 0.3245"
"30,14 : 0.3245"
"14,31 : 0.3008"
"31,14 : 0.3008"
"14,32 : 0.3833"
"32,14 : 0.3833"
"14,33 : 0.402"
"33,14 : 0.402"
"14,34 : 0.2746"
"34,14 : 0.2746"
"14,35 : 0.2865"
"35,14 : 0.2865"
"14,36 : 0.402"
"36,14 : 0.402"
"14,37 : 0.408"
"37,14 : 0.408"
"14,38 : 0.2912"
"38,14 : 0.2912"
"14,39 : 0.1769"
"39,14 : 0.1769"
"14,40 : 0.3048"
"40,14 : 0.3048"
"14,41 : 0.4338"
"41,14 : 0.4338"
"14,42 : 0.3689"
"42,14 : 0.3689"
"14,43 : 0.1281"
"43,14 : 0.1281"
"14,44 : 0.2524"
"44,14 : 0.2524"
"14,45 : 0.458"
"45,14 : 0.458"
"14,46 : 0.5261"
"46,14 : 0.5261"
"14,47 : 0.5869"
"47,14 : 0.5869"
"14,48 : 0.2193"
"48,14 : 0.2193"
"14,49 : 0.414"
"49,14 : 0.414"
"15,16 : 0.563"
"16,15 : 0.563"
"15,17 : 0.6736"
"17,15 : 0.6736"
"15,18 : 0.3808"
"18,15 : 0.3808"
"15,19 : 0.2983"
"19,15 : 0.2983"
"15,20 : 0.5554"
"20,15 : 0.5554"
"15,21 : 0.4111"
"21,15 : 0.4111"
"15,22 : 0.5124"
"22,15 : 0.5124"
"15,23 : 0.7517"
"23,15 : 0.7517"
"15,24 : 0.247"
"24,15 : 0.247"
"15,25 : 0.7301"
"25,15 : 0.7301"
"15,26 : 0.5682"
"26,15 : 0.5682"
"15,27 : 0.524"
"27,15 : 0.524"
"15,28 : 0.1342"
"28,15 : 0.1342"
"15,29 : 0.4534"
"29,15 : 0.4534"
"15,30 : 0.9192"
"30,15 : 0.9192"
"15,31 : 0.9141"
"31,15 : 0.9141"
"15,32 : 0.6684"
"32,15 : 0.6684"
"15,33 : 0.2202"
"33,15 : 0.2202"
"15,34 : 0.611"
"34,15 : 0.611"
"15,35 : 0.8746"
"35,15 : 0.8746"
"15,36 : 0.7341"
"36,15 : 0.7341"
"15,37 : 0.8144"
"37,15 : 0.8144"
"15,38 : 0.5869"
"38,15 : 0.5869"
"15,39 : 0.769"
"39,15 : 0.769"
"15,40 : 0.8631"
"40,15 : 0.8631"
"15,41 : 0.9218"
"41,15 : 0.9218"
"15,42 : 0.8602"
"42,15 : 0.8602"
"15,43 : 0.7018"
"43,15 : 0.7018"
"15,44 : 0.506"
"44,15 : 0.506"
"15,45 : 0.5467"
"45,15 : 0.5467"
"15,46 : 0.1044"
"46,15 : 0.1044"
"15,47 : 0.6263"
"47,15 : 0.6263"
"15,48 : 0.7527"
"48,15 : 0.7527"
"15,49 : 0.9139"
"49,15 : 0.9139"
"16,17 : 0.1118"
"17,16 : 0.1118"
"16,18 : 0.3225"
"18,16 : 0.3225"
"16,19 : 0.3"
"19,16 : 0.3"
"16,20 : 0.0608"
"20,16 : 0.0608"
"16,21 : 0.2341"
"21,16 : 0.2341"
"16,22 : 0.9091"
"22,16 : 0.9091"
"16,23 : 0.2417"
"23,16 : 0.2417"
"16,24 : 0.4005"
"24,16 : 0.4005"
"16,25 : 0.1811"
"25,16 : 0.1811"
"16,26 : 0.461"
"26,16 : 0.461"
"16,27 : 0.5579"
"27,16 : 0.5579"
"16,28 : 0.563"
"28,16 : 0.563"
"16,29 : 0.5255"
"29,16 : 0.5255"
"16,30 : 0.3622"
"30,16 : 0.3622"
"16,31 : 0.3712"
"31,16 : 0.3712"
"16,32 : 0.2302"
"32,16 : 0.2302"
"16,33 : 0.3585"
"33,16 : 0.3585"
"16,34 : 0.4119"
"34,16 : 0.4119"
"16,35 : 0.4405"
"35,16 : 0.4405"
"16,36 : 0.2648"
"36,16 : 0.2648"
"16,37 : 0.5701"
"37,16 : 0.5701"
"16,38 : 0.4201"
"38,16 : 0.4201"
"16,39 : 0.2209"
"39,16 : 0.2209"
"16,40 : 0.4669"
"40,16 : 0.4669"
"16,41 : 0.3754"
"41,16 : 0.3754"
"16,42 : 0.5354"
"42,16 : 0.5354"
"16,43 : 0.2941"
"43,16 : 0.2941"
"16,44 : 0.3536"
"44,16 : 0.3536"
"16,45 : 0.2921"
"45,16 : 0.2921"
"16,46 : 0.483"
"46,16 : 0.483"
"16,47 : 0.6943"
"47,16 : 0.6943"
"16,48 : 0.1897"
"48,16 : 0.1897"
"16,49 : 0.5801"
"49,16 : 0.5801"
"17,18 : 0.4036"
"18,17 : 0.4036"
"17,19 : 0.4105"
"19,17 : 0.4105"
"17,20 : 0.1281"
"20,17 : 0.1281"
"17,21 : 0.3354"
"21,17 : 0.3354"
"17,22 : 0.9972"
"22,17 : 0.9972"
"17,23 : 0.2002"
"23,17 : 0.2002"
"17,24 : 0.51"
"24,17 : 0.51"
"17,25 : 0.0806"
"25,17 : 0.0806"
"17,26 : 0.5"
"26,17 : 0.5"
"17,27 : 0.6133"
"27,17 : 0.6133"
"17,28 : 0.6673"
"28,17 : 0.6673"
"17,29 : 0.5917"
"29,17 : 0.5917"
"17,30 : 0.2508"
"30,17 : 0.2508"
"17,31 : 0.2648"
"31,17 : 0.2648"
"17,32 : 0.2419"
"32,17 : 0.2419"
"17,33 : 0.4652"
"33,17 : 0.4652"
"17,34 : 0.4357"
"34,17 : 0.4357"
"17,35 : 0.378"
"35,17 : 0.378"
"17,36 : 0.2474"
"36,17 : 0.2474"
"17,37 : 0.559"
"37,17 : 0.559"
"17,38 : 0.4512"
"38,17 : 0.4512"
"17,39 : 0.117"
"39,17 : 0.117"
"17,40 : 0.4168"
"40,17 : 0.4168"
"17,41 : 0.286"
"41,17 : 0.286"
"17,42 : 0.5033"
"42,17 : 0.5033"
"17,43 : 0.2668"
"43,17 : 0.2668"
"17,44 : 0.4031"
"44,17 : 0.4031"
"17,45 : 0.3581"
"45,17 : 0.3581"
"17,46 : 0.5909"
"46,17 : 0.5909"
"17,47 : 0.7433"
"47,17 : 0.7433"
"17,48 : 0.0806"
"48,17 : 0.0806"
"17,49 : 0.5413"
"49,17 : 0.5413"
"18,19 : 0.313"
"19,18 : 0.313"
"18,20 : 0.278"
"20,18 : 0.278"
"18,21 : 0.365"
"21,18 : 0.365"
"18,22 : 0.594"
"22,18 : 0.594"
"18,23 : 0.5636"
"23,18 : 0.5636"
"18,24 : 0.3842"
"24,18 : 0.3842"
"18,25 : 0.428"
"25,18 : 0.428"
"18,26 : 0.222"
"26,18 : 0.222"
"18,27 : 0.2608"
"27,18 : 0.2608"
"18,28 : 0.3114"
"28,18 : 0.3114"
"18,29 : 0.2121"
"29,18 : 0.2121"
"18,30 : 0.6106"
"30,18 : 0.6106"
"18,31 : 0.586"
"31,18 : 0.586"
"18,32 : 0.5316"
"32,18 : 0.5316"
"18,33 : 0.1803"
"33,18 : 0.1803"
"18,34 : 0.2385"
"34,18 : 0.2385"
"18,35 : 0.5"
"35,18 : 0.5"
"18,36 : 0.5794"
"36,18 : 0.5794"
"18,37 : 0.4465"
"37,18 : 0.4465"
"18,38 : 0.2202"
"38,18 : 0.2202"
"18,39 : 0.4604"
"39,18 : 0.4604"
"18,40 : 0.4837"
"40,18 : 0.4837"
"18,41 : 0.6888"
"41,18 : 0.6888"
"18,42 : 0.481"
"42,18 : 0.481"
"18,43 : 0.3324"
"43,18 : 0.3324"
"18,44 : 0.1304"
"44,18 : 0.1304"
"18,45 : 0.5104"
"45,18 : 0.5104"
"18,46 : 0.2766"
"46,18 : 0.2766"
"18,47 : 0.4005"
"47,18 : 0.4005"
"18,48 : 0.4808"
"48,18 : 0.4808"
"18,49 : 0.5349"
"49,18 : 0.5349"
"19,20 : 0.3158"
"20,19 : 0.3158"
"19,21 : 0.1131"
"21,19 : 0.1131"
"19,22 : 0.7539"
"22,19 : 0.7539"
"19,23 : 0.4565"
"23,19 : 0.4565"
"19,24 : 0.102"
"24,19 : 0.102"
"19,25 : 0.4804"
"25,19 : 0.4804"
"19,26 : 0.5334"
"26,19 : 0.5334"
"19,27 : 0.5632"
"27,19 : 0.5632"
"19,28 : 0.3536"
"28,19 : 0.3536"
"19,29 : 0.5022"
"29,19 : 0.5022"
"19,30 : 0.6612"
"30,19 : 0.6612"
"19,31 : 0.6707"
"31,19 : 0.6707"
"19,32 : 0.3701"
"32,19 : 0.3701"
"19,33 : 0.1803"
"33,19 : 0.1803"
"19,34 : 0.5326"
"34,19 : 0.5326"
"19,35 : 0.6986"
"35,19 : 0.6986"
"19,36 : 0.436"
"36,19 : 0.436"
"19,37 : 0.7355"
"37,19 : 0.7355"
"19,38 : 0.522"
"38,19 : 0.522"
"19,39 : 0.5204"
"39,19 : 0.5204"
"19,40 : 0.7071"
"40,19 : 0.7071"
"19,41 : 0.6316"
"41,19 : 0.6316"
"19,42 : 0.742"
"42,19 : 0.742"
"19,43 : 0.5277"
"43,19 : 0.5277"
"19,44 : 0.4301"
"44,19 : 0.4301"
"19,45 : 0.2594"
"45,19 : 0.2594"
"19,46 : 0.2555"
"46,19 : 0.2555"
"19,47 : 0.6986"
"47,19 : 0.6986"
"19,48 : 0.4837"
"48,19 : 0.4837"
"19,49 : 0.794"
"49,19 : 0.794"
"20,21 : 0.2693"
"21,20 : 0.2693"
"20,22 : 0.8705"
"22,20 : 0.8705"
"20,23 : 0.2941"
"23,20 : 0.2941"
"20,24 : 0.4177"
"24,20 : 0.4177"
"20,25 : 0.1746"
"25,20 : 0.1746"
"20,26 : 0.402"
"26,20 : 0.402"
"20,27 : 0.5029"
"27,20 : 0.5029"
"20,28 : 0.5412"
"28,20 : 0.5412"
"20,29 : 0.4742"
"29,20 : 0.4742"
"20,30 : 0.364"
"30,20 : 0.364"
"20,31 : 0.3612"
"31,20 : 0.3612"
"20,32 : 0.2907"
"32,20 : 0.2907"
"20,33 : 0.3418"
"33,20 : 0.3418"
"20,34 : 0.3513"
"34,20 : 0.3513"
"20,35 : 0.3966"
"35,20 : 0.3966"
"20,36 : 0.3225"
"36,20 : 0.3225"
"20,37 : 0.5108"
"37,20 : 0.5108"
"20,38 : 0.36"
"38,20 : 0.36"
"20,39 : 0.2138"
"39,20 : 0.2138"
"20,40 : 0.4177"
"40,20 : 0.4177"
"20,41 : 0.4111"
"41,20 : 0.4111"
"20,42 : 0.4801"
"42,20 : 0.4801"
"20,43 : 0.2408"
"43,20 : 0.2408"
"20,44 : 0.2961"
"44,20 : 0.2961"
"20,45 : 0.3467"
"45,20 : 0.3467"
"20,46 : 0.4682"
"46,20 : 0.4682"
"20,47 : 0.6379"
"47,20 : 0.6379"
"20,48 : 0.2081"
"48,20 : 0.2081"
"20,49 : 0.5263"
"49,20 : 0.5263"
"21,22 : 0.8591"
"22,21 : 0.8591"
"21,23 : 0.3493"
"23,21 : 0.3493"
"21,24 : 0.1897"
"24,21 : 0.1897"
"21,25 : 0.4123"
"25,21 : 0.4123"
"21,26 : 0.5725"
"26,21 : 0.5725"
"21,27 : 0.6251"
"27,21 : 0.6251"
"21,28 : 0.4632"
"28,21 : 0.4632"
"21,29 : 0.5708"
"29,21 : 0.5708"
"21,30 : 0.5814"
"30,21 : 0.5814"
"21,31 : 0.6002"
"31,21 : 0.6002"
"21,32 : 0.2581"
"32,21 : 0.2581"
"21,33 : 0.2751"
"33,21 : 0.2751"
"21,34 : 0.5547"
"34,21 : 0.5547"
"21,35 : 0.6657"
"35,21 : 0.6657"
"21,36 : 0.3245"
"36,21 : 0.3245"
"21,37 : 0.7463"
"37,21 : 0.7463"
"21,38 : 0.5504"
"38,21 : 0.5504"
"21,39 : 0.4512"
"39,21 : 0.4512"
"21,40 : 0.6841"
"40,21 : 0.6841"
"21,41 : 0.5281"
"41,21 : 0.5281"
"21,42 : 0.7355"
"42,21 : 0.7355"
"21,43 : 0.5045"
"43,21 : 0.5045"
"21,44 : 0.4624"
"44,21 : 0.4624"
"21,45 : 0.1552"
"45,21 : 0.1552"
"21,46 : 0.3662"
"46,21 : 0.3662"
"21,47 : 0.7642"
"47,21 : 0.7642"
"21,48 : 0.4005"
"48,21 : 0.4005"
"21,49 : 0.7849"
"49,21 : 0.7849"
"22,23 : 1.144"
"23,22 : 1.144"
"22,24 : 0.7422"
"24,22 : 0.7422"
"22,25 : 1.0198"
"25,22 : 1.0198"
"22,26 : 0.6001"
"26,22 : 0.6001"
"22,27 : 0.4682"
"27,22 : 0.4682"
"22,28 : 0.4052"
"28,22 : 0.4052"
"22,29 : 0.4429"
"29,22 : 0.4429"
"22,30 : 1.1963"
"30,22 : 1.1963"
"22,31 : 1.1625"
"31,22 : 1.1625"
"22,32 : 1.0908"
"32,22 : 1.0908"
"22,33 : 0.5859"
"33,22 : 0.5859"
"22,34 : 0.6845"
"34,22 : 0.6845"
"22,35 : 1.0113"
"35,22 : 1.0113"
"22,36 : 1.1483"
"36,22 : 1.1483"
"22,37 : 0.8081"
"37,22 : 0.8081"
"22,38 : 0.6531"
"38,22 : 0.6531"
"22,39 : 1.05"
"39,22 : 1.05"
"22,40 : 0.9693"
"40,22 : 0.9693"
"22,41 : 1.2814"
"41,22 : 1.2814"
"22,42 : 0.9052"
"42,22 : 0.9052"
"22,43 : 0.8798"
"43,22 : 0.8798"
"22,44 : 0.6351"
"44,22 : 0.6351"
"22,45 : 1.0124"
"45,22 : 1.0124"
"22,46 : 0.5029"
"46,22 : 0.5029"
"22,47 : 0.4405"
"47,22 : 0.4405"
"22,48 : 1.0748"
"48,22 : 1.0748"
"22,49 : 0.9483"
"49,22 : 0.9483"
"23,24 : 0.5385"
"24,23 : 0.5385"
"23,25 : 0.253"
"25,23 : 0.253"
"23,26 : 0.6923"
"26,23 : 0.6923"
"23,27 : 0.797"
"27,23 : 0.797"
"23,28 : 0.7783"
"28,23 : 0.7783"
"23,29 : 0.7669"
"29,23 : 0.7669"
"23,30 : 0.3162"
"30,23 : 0.3162"
"23,31 : 0.368"
"31,23 : 0.368"
"23,32 : 0.1105"
"32,23 : 0.1105"
"23,33 : 0.5728"
"33,23 : 0.5728"
"23,34 : 0.6329"
"34,23 : 0.6329"
"23,35 : 0.5546"
"35,23 : 0.5546"
"23,36 : 0.064"
"36,23 : 0.064"
"23,37 : 0.758"
"37,23 : 0.758"
"23,38 : 0.6463"
"38,23 : 0.6463"
"23,39 : 0.2683"
"39,23 : 0.2683"
"23,40 : 0.6017"
"40,23 : 0.6017"
"23,41 : 0.1825"
"41,23 : 0.1825"
"23,42 : 0.6964"
"42,23 : 0.6964"
"23,43 : 0.4653"
"43,23 : 0.4653"
"23,44 : 0.5894"
"44,23 : 0.5894"
"23,45 : 0.2802"
"45,23 : 0.2802"
"23,46 : 0.6888"
"46,23 : 0.6888"
"23,47 : 0.9315"
"47,23 : 0.9315"
"23,48 : 0.1789"
"48,23 : 0.1789"
"23,49 : 0.7305"
"49,23 : 0.7305"
"24,25 : 0.5814"
"25,24 : 0.5814"
"24,26 : 0.6061"
"26,24 : 0.6061"
"24,27 : 0.6174"
"27,24 : 0.6174"
"24,28 : 0.3373"
"28,24 : 0.3373"
"24,29 : 0.5515"
"29,24 : 0.5515"
"24,30 : 0.7603"
"30,24 : 0.7603"
"24,31 : 0.7716"
"31,24 : 0.7716"
"24,32 : 0.4429"
"32,24 : 0.4429"
"24,33 : 0.2193"
"33,24 : 0.2193"
"24,34 : 0.6152"
"34,24 : 0.6152"
"24,35 : 0.7985"
"35,24 : 0.7985"
"24,36 : 0.51"
"36,24 : 0.51"
"24,37 : 0.8213"
"37,24 : 0.8213"
"24,38 : 0.6014"
"38,24 : 0.6014"
"24,39 : 0.6213"
"39,24 : 0.6213"
"24,40 : 0.805"
"40,24 : 0.805"
"24,41 : 0.7178"
"41,24 : 0.7178"
"24,42 : 0.8349"
"42,24 : 0.8349"
"24,43 : 0.6265"
"43,24 : 0.6265"
"24,44 : 0.5093"
"44,24 : 0.5093"
"24,45 : 0.3041"
"45,24 : 0.3041"
"24,46 : 0.2419"
"46,24 : 0.2419"
"24,47 : 0.7467"
"47,24 : 0.7467"
"24,48 : 0.5814"
"48,24 : 0.5814"
"24,49 : 0.8875"
"49,24 : 0.8875"
"25,26 : 0.4875"
"26,25 : 0.4875"
"25,27 : 0.6106"
"27,25 : 0.6106"
"25,28 : 0.7118"
"28,25 : 0.7118"
"25,29 : 0.5982"
"29,25 : 0.5982"
"25,30 : 0.1897"
"30,25 : 0.1897"
"25,31 : 0.1903"
"31,25 : 0.1903"
"25,32 : 0.314"
"32,25 : 0.314"
"25,33 : 0.5155"
"33,25 : 0.5155"
"25,34 : 0.4144"
"34,25 : 0.4144"
"25,35 : 0.3053"
"35,25 : 0.3053"
"25,36 : 0.3087"
"36,25 : 0.3087"
"25,37 : 0.5109"
"37,25 : 0.5109"
"25,38 : 0.4346"
"38,25 : 0.4346"
"25,39 : 0.04"
"39,25 : 0.04"
"25,40 : 0.3493"
"40,25 : 0.3493"
"25,41 : 0.2879"
"41,25 : 0.2879"
"25,42 : 0.4438"
"42,25 : 0.4438"
"25,43 : 0.2202"
"43,25 : 0.2202"
"25,44 : 0.4022"
"44,25 : 0.4022"
"25,45 : 0.4383"
"45,25 : 0.4383"
"25,46 : 0.642"
"46,25 : 0.642"
"25,47 : 0.7335"
"47,25 : 0.7335"
"25,48 : 0.08"
"48,25 : 0.08"
"25,49 : 0.4776"
"49,25 : 0.4776"
"26,27 : 0.136"
"27,26 : 0.136"
"26,28 : 0.4649"
"28,26 : 0.4649"
"26,29 : 0.1628"
"29,26 : 0.1628"
"26,30 : 0.6341"
"30,26 : 0.6341"
"26,31 : 0.5873"
"31,26 : 0.5873"
"26,32 : 0.6903"
"32,26 : 0.6903"
"26,33 : 0.396"
"33,26 : 0.396"
"26,34 : 0.086"
"34,26 : 0.086"
"26,35 : 0.4115"
"35,26 : 0.4115"
"26,36 : 0.7244"
"36,26 : 0.7244"
"26,37 : 0.25"
"37,26 : 0.25"
"26,38 : 0.0566"
"38,26 : 0.0566"
"26,39 : 0.5061"
"39,26 : 0.5061"
"26,40 : 0.37"
"40,26 : 0.37"
"26,41 : 0.7747"
"41,26 : 0.7747"
"26,42 : 0.3202"
"42,26 : 0.3202"
"26,43 : 0.2973"
"43,26 : 0.2973"
"26,44 : 0.1118"
"44,26 : 0.1118"
"26,45 : 0.7061"
"45,26 : 0.7061"
"26,46 : 0.4665"
"46,26 : 0.4665"
"26,47 : 0.246"
"47,26 : 0.246"
"26,48 : 0.5608"
"48,26 : 0.5608"
"26,49 : 0.3701"
"49,26 : 0.3701"
"27,28 : 0.4022"
"28,27 : 0.4022"
"27,29 : 0.0707"
"29,27 : 0.0707"
"27,30 : 0.7658"
"30,27 : 0.7658"
"27,31 : 0.7212"
"31,27 : 0.7212"
"27,32 : 0.7809"
"32,27 : 0.7809"
"27,33 : 0.3981"
"33,27 : 0.3981"
"27,34 : 0.222"
"34,27 : 0.222"
"27,35 : 0.5459"
"35,27 : 0.5459"
"27,36 : 0.8223"
"36,27 : 0.8223"
"27,37 : 0.3501"
"37,27 : 0.3501"
"27,38 : 0.1921"
"38,27 : 0.1921"
"27,39 : 0.6325"
"39,27 : 0.6325"
"27,40 : 0.5016"
"40,27 : 0.5016"
"27,41 : 0.8947"
"41,27 : 0.8947"
"27,42 : 0.4393"
"42,27 : 0.4393"
"27,43 : 0.4314"
"43,27 : 0.4314"
"27,44 : 0.2102"
"44,27 : 0.2102"
"27,45 : 0.771"
"45,27 : 0.771"
"27,46 : 0.4319"
"46,27 : 0.4319"
"27,47 : 0.14"
"47,27 : 0.14"
"27,48 : 0.68"
"48,27 : 0.68"
"27,49 : 0.4851"
"49,27 : 0.4851"
"28,29 : 0.3329"
"29,28 : 0.3329"
"28,30 : 0.9008"
"30,28 : 0.9008"
"28,31 : 0.8854"
"31,28 : 0.8854"
"28,32 : 0.7094"
"32,28 : 0.7094"
"28,33 : 0.2062"
"33,28 : 0.2062"
"28,34 : 0.5197"
"34,28 : 0.5197"
"28,35 : 0.8106"
"35,28 : 0.8106"
"28,36 : 0.7716"
"36,28 : 0.7716"
"28,37 : 0.7147"
"37,28 : 0.7147"
"28,38 : 0.4924"
"38,28 : 0.4924"
"28,39 : 0.7485"
"39,28 : 0.7485"
"28,40 : 0.7906"
"40,28 : 0.7906"
"28,41 : 0.936"
"41,28 : 0.936"
"28,42 : 0.7728"
"42,28 : 0.7728"
"28,43 : 0.6438"
"43,28 : 0.6438"
"28,44 : 0.4219"
"44,28 : 0.4219"
"28,45 : 0.6129"
"45,28 : 0.6129"
"28,46 : 0.0985"
"46,28 : 0.0985"
"28,47 : 0.4958"
"47,28 : 0.4958"
"28,48 : 0.7479"
"48,28 : 0.7479"
"28,49 : 0.8257"
"49,28 : 0.8257"
"29,30 : 0.7638"
"30,29 : 0.7638"
"29,31 : 0.7247"
"31,29 : 0.7247"
"29,32 : 0.7422"
"32,29 : 0.7422"
"29,33 : 0.3324"
"33,29 : 0.3324"
"29,34 : 0.2435"
"34,29 : 0.2435"
"29,35 : 0.5701"
"35,29 : 0.5701"
"29,36 : 0.7875"
"36,29 : 0.7875"
"29,37 : 0.402"
"37,29 : 0.402"
"29,38 : 0.2119"
"38,29 : 0.2119"
"29,39 : 0.6237"
"39,29 : 0.6237"
"29,40 : 0.5316"
"40,29 : 0.5316"
"29,41 : 0.8766"
"41,29 : 0.8766"
"29,42 : 0.4817"
"42,29 : 0.4817"
"29,43 : 0.4383"
"43,29 : 0.4383"
"29,44 : 0.198"
"44,29 : 0.198"
"29,45 : 0.7201"
"45,29 : 0.7201"
"29,46 : 0.3612"
"46,29 : 0.3612"
"29,47 : 0.1965"
"47,29 : 0.1965"
"29,48 : 0.6629"
"48,29 : 0.6629"
"29,49 : 0.5304"
"49,29 : 0.5304"
"30,31 : 0.0707"
"31,30 : 0.0707"
"30,32 : 0.4159"
"32,30 : 0.4159"
"30,33 : 0.7052"
"33,30 : 0.7052"
"30,34 : 0.5522"
"34,30 : 0.5522"
"30,35 : 0.3206"
"35,30 : 0.3206"
"30,36 : 0.3801"
"36,30 : 0.3801"
"30,37 : 0.5894"
"37,30 : 0.5894"
"30,38 : 0.578"
"38,30 : 0.578"
"30,39 : 0.1523"
"39,30 : 0.1523"
"30,40 : 0.3821"
"40,30 : 0.3821"
"30,41 : 0.2247"
"41,30 : 0.2247"
"30,42 : 0.495"
"42,30 : 0.495"
"30,43 : 0.3384"
"43,30 : 0.3384"
"30,44 : 0.5659"
"44,30 : 0.5659"
"30,45 : 0.5725"
"45,30 : 0.5725"
"30,46 : 0.8317"
"46,30 : 0.8317"
"30,47 : 0.8766"
"47,30 : 0.8766"
"30,48 : 0.1811"
"48,30 : 0.1811"
"30,49 : 0.5104"
"49,30 : 0.5104"
"31,32 : 0.4604"
"32,31 : 0.4604"
"31,33 : 0.6963"
"33,31 : 0.6963"
"31,34 : 0.5033"
"34,31 : 0.5033"
"31,35 : 0.2518"
"35,31 : 0.2518"
"31,36 : 0.4319"
"36,31 : 0.4319"
"31,37 : 0.525"
"37,31 : 0.525"
"31,38 : 0.5308"
"38,31 : 0.5308"
"31,39 : 0.1503"
"39,31 : 0.1503"
"31,40 : 0.314"
"40,31 : 0.314"
"31,41 : 0.2941"
"41,31 : 0.2941"
"31,42 : 0.4276"
"42,31 : 0.4276"
"31,43 : 0.29"
"43,31 : 0.29"
"31,44 : 0.528"
"44,31 : 0.528"
"31,45 : 0.6084"
"45,31 : 0.6084"
"31,46 : 0.8223"
"46,31 : 0.8223"
"31,47 : 0.8262"
"47,31 : 0.8262"
"31,48 : 0.2102"
"48,31 : 0.2102"
"31,49 : 0.441"
"49,31 : 0.441"
"32,33 : 0.508"
"33,32 : 0.508"
"32,34 : 0.642"
"34,32 : 0.642"
"32,35 : 0.6185"
"35,32 : 0.6185"
"32,36 : 0.0671"
"36,32 : 0.0671"
"32,37 : 0.7912"
"37,32 : 0.7912"
"32,38 : 0.6503"
"38,32 : 0.6503"
"32,39 : 0.3397"
"39,32 : 0.3397"
"32,40 : 0.6586"
"40,32 : 0.6586"
"32,41 : 0.2907"
"41,32 : 0.2907"
"32,42 : 0.7432"
"42,32 : 0.7432"
"32,43 : 0.5033"
"43,32 : 0.5033"
"32,44 : 0.5814"
"44,32 : 0.5814"
"32,45 : 0.17"
"45,32 : 0.17"
"32,46 : 0.6155"
"46,32 : 0.6155"
"32,47 : 0.9192"
"47,32 : 0.9192"
"32,48 : 0.255"
"48,32 : 0.255"
"32,49 : 0.7826"
"49,32 : 0.7826"
"33,34 : 0.4188"
"34,33 : 0.4188"
"33,35 : 0.6576"
"35,33 : 0.6576"
"33,36 : 0.5685"
"36,33 : 0.5685"
"33,37 : 0.6268"
"37,33 : 0.6268"
"33,38 : 0.4"
"38,33 : 0.4"
"33,39 : 0.5536"
"39,33 : 0.5536"
"33,40 : 0.65"
"40,33 : 0.65"
"33,41 : 0.7301"
"41,33 : 0.7301"
"33,42 : 0.658"
"42,33 : 0.658"
"33,43 : 0.4837"
"43,33 : 0.4837"
"33,44 : 0.3106"
"44,33 : 0.3106"
"33,45 : 0.4301"
"45,33 : 0.4301"
"33,46 : 0.1265"
"46,33 : 0.1265"
"33,47 : 0.5281"
"47,33 : 0.5281"
"33,48 : 0.5456"
"48,33 : 0.5456"
"33,49 : 0.7118"
"49,33 : 0.7118"
"34,35 : 0.327"
"35,34 : 0.327"
"34,36 : 0.6701"
"36,34 : 0.6701"
"34,37 : 0.2081"
"37,34 : 0.2081"
"34,38 : 0.0316"
"38,34 : 0.0316"
"34,39 : 0.4295"
"39,34 : 0.4295"
"34,40 : 0.2886"
"40,34 : 0.2886"
"34,41 : 0.7023"
"41,34 : 0.7023"
"34,42 : 0.2532"
"42,34 : 0.2532"
"34,43 : 0.214"
"43,34 : 0.214"
"34,44 : 0.1082"
"44,34 : 0.1082"
"34,45 : 0.6768"
"45,34 : 0.6768"
"34,46 : 0.507"
"46,34 : 0.507"
"34,47 : 0.3245"
"47,34 : 0.3245"
"34,48 : 0.4904"
"48,34 : 0.4904"
"34,49 : 0.3059"
"49,34 : 0.3059"
"35,36 : 0.6129"
"36,35 : 0.6129"
"35,37 : 0.2818"
"37,35 : 0.2818"
"35,38 : 0.3585"
"38,35 : 0.3585"
"35,39 : 0.2864"
"39,35 : 0.2864"
"35,40 : 0.0632"
"40,35 : 0.0632"
"35,41 : 0.5334"
"41,35 : 0.5334"
"35,42 : 0.1772"
"42,35 : 0.1772"
"35,43 : 0.1746"
"43,35 : 0.1746"
"35,44 : 0.3962"
"44,35 : 0.3962"
"35,45 : 0.7284"
"45,35 : 0.7284"
"35,46 : 0.7723"
"46,35 : 0.7723"
"35,47 : 0.6248"
"47,35 : 0.6248"
"35,48 : 0.3758"
"48,35 : 0.3758"
"35,49 : 0.19"
"49,35 : 0.19"
"36,37 : 0.806"
"37,36 : 0.806"
"36,38 : 0.6812"
"38,36 : 0.6812"
"36,39 : 0.3276"
"39,36 : 0.3276"
"36,40 : 0.658"
"40,36 : 0.658"
"36,41 : 0.2302"
"41,36 : 0.2302"
"36,42 : 0.7495"
"42,36 : 0.7495"
"36,43 : 0.5142"
"43,36 : 0.5142"
"36,44 : 0.6181"
"44,36 : 0.6181"
"36,45 : 0.2319"
"45,36 : 0.2319"
"36,46 : 0.6788"
"46,36 : 0.6788"
"36,47 : 0.959"
"47,36 : 0.959"
"36,48 : 0.2385"
"48,36 : 0.2385"
"36,49 : 0.7855"
"49,36 : 0.7855"
"37,38 : 0.2283"
"38,37 : 0.2283"
"37,39 : 0.5101"
"39,37 : 0.5101"
"37,40 : 0.2195"
"40,37 : 0.2195"
"37,41 : 0.7831"
"41,37 : 0.7831"
"37,42 : 0.1131"
"42,37 : 0.1131"
"37,43 : 0.2927"
"43,37 : 0.2927"
"37,44 : 0.3162"
"44,37 : 0.3162"
"37,45 : 0.8542"
"45,37 : 0.8542"
"37,46 : 0.7111"
"46,37 : 0.7111"
"37,47 : 0.3808"
"47,37 : 0.3808"
"37,48 : 0.5908"
"48,37 : 0.5908"
"37,49 : 0.1432"
"49,37 : 0.1432"
"38,39 : 0.4518"
"39,38 : 0.4518"
"38,40 : 0.3202"
"40,38 : 0.3202"
"38,41 : 0.7224"
"41,38 : 0.7224"
"38,42 : 0.2816"
"42,38 : 0.2816"
"38,43 : 0.2408"
"43,38 : 0.2408"
"38,44 : 0.0922"
"44,38 : 0.0922"
"38,45 : 0.6772"
"45,38 : 0.6772"
"38,46 : 0.4833"
"46,38 : 0.4833"
"38,47 : 0.3002"
"47,38 : 0.3002"
"38,48 : 0.5092"
"48,38 : 0.5092"
"38,49 : 0.3338"
"49,38 : 0.3338"
"39,40 : 0.3353"
"40,39 : 0.3353"
"39,41 : 0.2766"
"41,39 : 0.2766"
"39,42 : 0.4357"
"42,39 : 0.4357"
"39,43 : 0.2256"
"43,39 : 0.2256"
"39,44 : 0.4264"
"44,39 : 0.4264"
"39,45 : 0.4717"
"45,39 : 0.4717"
"39,46 : 0.6801"
"46,39 : 0.6801"
"39,47 : 0.7518"
"47,39 : 0.7518"
"39,48 : 0.0894"
"48,39 : 0.0894"
"39,49 : 0.4657"
"49,39 : 0.4657"
"40,41 : 0.5914"
"41,40 : 0.5914"
"40,42 : 0.114"
"42,40 : 0.114"
"40,43 : 0.1803"
"43,40 : 0.1803"
"40,44 : 0.3701"
"44,40 : 0.3701"
"40,45 : 0.7582"
"45,40 : 0.7582"
"40,46 : 0.7595"
"46,40 : 0.7595"
"40,47 : 0.572"
"47,40 : 0.572"
"40,48 : 0.4238"
"48,40 : 0.4238"
"40,49 : 0.1315"
"49,40 : 0.1315"
"41,42 : 0.7001"
"42,41 : 0.7001"
"41,43 : 0.5022"
"43,41 : 0.5022"
"41,44 : 0.6848"
"44,41 : 0.6848"
"41,45 : 0.4604"
"45,41 : 0.4604"
"41,46 : 0.8515"
"46,41 : 0.8515"
"41,47 : 1.0204"
"47,41 : 1.0204"
"41,48 : 0.2147"
"48,41 : 0.2147"
"41,49 : 0.7225"
"49,41 : 0.7225"
"42,43 : 0.2419"
"43,42 : 0.2419"
"42,44 : 0.3544"
"44,42 : 0.3544"
"42,45 : 0.8266"
"45,42 : 0.8266"
"42,46 : 0.7558"
"46,42 : 0.7558"
"42,47 : 0.4876"
"47,42 : 0.4876"
"42,48 : 0.5217"
