x,y
0.09,0.9
0.25,0.75
0.44,0.52
0.92,0.24
0.17,0.61
0.84,0.29
0.67,0.21
0.12,0.74
0.63,0.02
0.91,0.15
0.52,0.4
0.08,0.77
0.74,0.47
0.3,0.05
0.23,0.08
0.37,0.16
0.5,0.33
0.71,0.44
0.52,0.28
0.03,0.93
0.24,0.69
0.28,0.19
0.78,0.7
0.03,0.05
0.88,0.45
0.45,0.59
0.74,0.2
0.57,0.63
0.77,0.14
0.65,0.41
0.04,0.88
0.14,0.06
0.97,0.92
0.7,0.36
0.69,0.32
0.41,0.27
0.25,0.43
0.7,0.07
0.67,0.26
0.87,0.43
0.27,0.6
0.74,0.63
0.47,0.99
0.52,0.68
0.98,0.14
0.23,0.19
0.93,0.35
0.24,0.67
0.7,0.61
0.58,0.79

Distanze
"0,1 : 0.2193"
"1,0 : 0.2193"
"0,2 : 0.5166"
"2,0 : 0.5166"
"0,3 : 1.0604"
"3,0 : 1.0604"
"0,4 : 0.3008"
"4,0 : 0.3008"
"0,5 : 0.9667"
"5,0 : 0.9667"
"0,6 : 0.9014"
"6,0 : 0.9014"
"0,7 : 0.1628"
"7,0 : 0.1628"
"0,8 : 1.0325"
"8,0 : 1.0325"
"0,9 : 1.1113"
"9,0 : 1.1113"
"0,10 : 0.6595"
"10,0 : 0.6595"
"0,11 : 0.1304"
"11,0 : 0.1304"
"0,12 : 0.7794"
"12,0 : 0.7794"
"0,13 : 0.8756"
"13,0 : 0.8756"
"0,14 : 0.8319"
"14,0 : 0.8319"
"0,15 : 0.7912"
"15,0 : 0.7912"
"0,16 : 0.7021"
"16,0 : 0.7021"
"0,17 : 0.772"
"17,0 : 0.772"
"0,18 : 0.7545"
"18,0 : 0.7545"
"0,19 : 0.0671"
"19,0 : 0.0671"
"0,20 : 0.2581"
"20,0 : 0.2581"
"0,21 : 0.735"
"21,0 : 0.735"
"0,22 : 0.7184"
"22,0 : 0.7184"
"0,23 : 0.8521"
"23,0 : 0.8521"
"0,24 : 0.9092"
"24,0 : 0.9092"
"0,25 : 0.4751"
"25,0 : 0.4751"
"0,26 : 0.9552"
"26,0 : 0.9552"
"0,27 : 0.5507"
"27,0 : 0.5507"
"0,28 : 1.0198"
"28,0 : 1.0198"
"0,29 : 0.7441"
"29,0 : 0.7441"
"0,30 : 0.0539"
"30,0 : 0.0539"
"0,31 : 0.8415"
"31,0 : 0.8415"
"0,32 : 0.8802"
"32,0 : 0.8802"
"0,33 : 0.8147"
"33,0 : 0.8147"
"0,34 : 0.8345"
"34,0 : 0.8345"
"0,35 : 0.7066"
"35,0 : 0.7066"
"0,36 : 0.4965"
"36,0 : 0.4965"
"0,37 : 1.03"
"37,0 : 1.03"
"0,38 : 0.8637"
"38,0 : 0.8637"
"0,39 : 0.9107"
"39,0 : 0.9107"
"0,40 : 0.3499"
"40,0 : 0.3499"
"0,41 : 0.7038"
"41,0 : 0.7038"
"0,42 : 0.3905"
"42,0 : 0.3905"
"0,43 : 0.483"
"43,0 : 0.483"
"0,44 : 1.1703"
"44,0 : 1.1703"
"0,45 : 0.7237"
"45,0 : 0.7237"
"0,46 : 1.004"
"46,0 : 1.004"
"0,47 : 0.2746"
"47,0 : 0.2746"
"0,48 : 0.6754"
"48,0 : 0.6754"
"0,49 : 0.5022"
"49,0 : 0.5022"
"1,2 : 0.2983"
"2,1 : 0.2983"
"1,3 : 0.842"
"3,1 : 0.842"
"1,4 : 0.1612"
"4,1 : 0.1612"
"1,5 : 0.7481"
"5,1 : 0.7481"
"1,6 : 0.6841"
"6,1 : 0.6841"
"1,7 : 0.1304"
"7,1 : 0.1304"
"1,8 : 0.823"
"8,1 : 0.823"
"1,9 : 0.892"
"9,1 : 0.892"
"1,10 : 0.442"
"10,1 : 0.442"
"1,11 : 0.1712"
"11,1 : 0.1712"
"1,12 : 0.5644"
"12,1 : 0.5644"
"1,13 : 0.7018"
"13,1 : 0.7018"
"1,14 : 0.6703"
"14,1 : 0.6703"
"1,15 : 0.6021"
"15,1 : 0.6021"
"1,16 : 0.4888"
"16,1 : 0.4888"
"1,17 : 0.5547"
"17,1 : 0.5547"
"1,18 : 0.542"
"18,1 : 0.542"
"1,19 : 0.2843"
"19,1 : 0.2843"
"1,20 : 0.0608"
"20,1 : 0.0608"
"1,21 : 0.5608"
"21,1 : 0.5608"
"1,22 : 0.5324"
"22,1 : 0.5324"
"1,23 : 0.7338"
"23,1 : 0.7338"
"1,24 : 0.6978"
"24,1 : 0.6978"
"1,25 : 0.2561"
"25,1 : 0.2561"
"1,26 : 0.7366"
"26,1 : 0.7366"
"1,27 : 0.3418"
"27,1 : 0.3418"
"1,28 : 0.8016"
"28,1 : 0.8016"
"1,29 : 0.525"
"29,1 : 0.525"
"1,30 : 0.247"
"30,1 : 0.247"
"1,31 : 0.6987"
"31,1 : 0.6987"
"1,32 : 0.7398"
"32,1 : 0.7398"
"1,33 : 0.5955"
"33,1 : 0.5955"
"1,34 : 0.6152"
"34,1 : 0.6152"
"1,35 : 0.506"
"35,1 : 0.506"
"1,36 : 0.32"
"36,1 : 0.32"
"1,37 : 0.8154"
"37,1 : 0.8154"
"1,38 : 0.6454"
"38,1 : 0.6454"
"1,39 : 0.6977"
"39,1 : 0.6977"
"1,40 : 0.1513"
"40,1 : 0.1513"
"1,41 : 0.5045"
"41,1 : 0.5045"
"1,42 : 0.3256"
"42,1 : 0.3256"
"1,43 : 0.2789"
"43,1 : 0.2789"
"1,44 : 0.9513"
"44,1 : 0.9513"
"1,45 : 0.5604"
"45,1 : 0.5604"
"1,46 : 0.7889"
"46,1 : 0.7889"
"1,47 : 0.0806"
"47,1 : 0.0806"
"1,48 : 0.4713"
"48,1 : 0.4713"
"1,49 : 0.3324"
"49,1 : 0.3324"
"2,3 : 0.5557"
"3,2 : 0.5557"
"2,4 : 0.2846"
"4,2 : 0.2846"
"2,5 : 0.4614"
"5,2 : 0.4614"
"2,6 : 0.386"
"6,2 : 0.386"
"2,7 : 0.3883"
"7,2 : 0.3883"
"2,8 : 0.5349"
"8,2 : 0.5349"
"2,9 : 0.5982"
"9,2 : 0.5982"
"2,10 : 0.1442"
"10,2 : 0.1442"
"2,11 : 0.4383"
"11,2 : 0.4383"
"2,12 : 0.3041"
"12,2 : 0.3041"
"2,13 : 0.4904"
"13,2 : 0.4904"
"2,14 : 0.4875"
"14,2 : 0.4875"
"2,15 : 0.3667"
"15,2 : 0.3667"
"2,16 : 0.1992"
"16,2 : 0.1992"
"2,17 : 0.2816"
"17,2 : 0.2816"
"2,18 : 0.253"
"18,2 : 0.253"
"2,19 : 0.5798"
"19,2 : 0.5798"
"2,20 : 0.2625"
"20,2 : 0.2625"
"2,21 : 0.3667"
"21,2 : 0.3667"
"2,22 : 0.3847"
"22,2 : 0.3847"
"2,23 : 0.6237"
"23,2 : 0.6237"
"2,24 : 0.4455"
"24,2 : 0.4455"
"2,25 : 0.0707"
"25,2 : 0.0707"
"2,26 : 0.4386"
"26,2 : 0.4386"
"2,27 : 0.1703"
"27,2 : 0.1703"
"2,28 : 0.5033"
"28,2 : 0.5033"
"2,29 : 0.2371"
"29,2 : 0.2371"
"2,30 : 0.5381"
"30,2 : 0.5381"
"2,31 : 0.5492"
"31,2 : 0.5492"
"2,32 : 0.664"
"32,2 : 0.664"
"2,33 : 0.3053"
"33,2 : 0.3053"
"2,34 : 0.3202"
"34,2 : 0.3202"
"2,35 : 0.2518"
"35,2 : 0.2518"
"2,36 : 0.2102"
"36,2 : 0.2102"
"2,37 : 0.5197"
"37,2 : 0.5197"
"2,38 : 0.3471"
"38,2 : 0.3471"
"2,39 : 0.4393"
"39,2 : 0.4393"
"2,40 : 0.1879"
"40,2 : 0.1879"
"2,41 : 0.3195"
"41,2 : 0.3195"
"2,42 : 0.471"
"42,2 : 0.471"
"2,43 : 0.1789"
"43,2 : 0.1789"
"2,44 : 0.6603"
"44,2 : 0.6603"
"2,45 : 0.3912"
"45,2 : 0.3912"
"2,46 : 0.5187"
"46,2 : 0.5187"
"2,47 : 0.25"
"47,2 : 0.25"
"2,48 : 0.2751"
"48,2 : 0.2751"
"2,49 : 0.3041"
"49,2 : 0.3041"
"3,4 : 0.8363"
"4,3 : 0.8363"
"3,5 : 0.0943"
"5,3 : 0.0943"
"3,6 : 0.2518"
"6,3 : 0.2518"
"3,7 : 0.9434"
"7,3 : 0.9434"
"3,8 : 0.364"
"8,3 : 0.364"
"3,9 : 0.0906"
"9,3 : 0.0906"
"3,10 : 0.4308"
"10,3 : 0.4308"
"3,11 : 0.9932"
"11,3 : 0.9932"
"3,12 : 0.2921"
"12,3 : 0.2921"
"3,13 : 0.6485"
"13,3 : 0.6485"
"3,14 : 0.7083"
"14,3 : 0.7083"
"3,15 : 0.5558"
"15,3 : 0.5558"
"3,16 : 0.4295"
"16,3 : 0.4295"
"3,17 : 0.29"
"17,3 : 0.29"
"3,18 : 0.402"
"18,3 : 0.402"
"3,19 : 1.1261"
"19,3 : 1.1261"
"3,20 : 0.8154"
"20,3 : 0.8154"
"3,21 : 0.642"
"21,3 : 0.642"
"3,22 : 0.4808"
"22,3 : 0.4808"
"3,23 : 0.9101"
"23,3 : 0.9101"
"3,24 : 0.2138"
"24,3 : 0.2138"
"3,25 : 0.586"
"25,3 : 0.586"
"3,26 : 0.1844"
"26,3 : 0.1844"
"3,27 : 0.524"
"27,3 : 0.524"
"3,28 : 0.1803"
"28,3 : 0.1803"
"3,29 : 0.3191"
"29,3 : 0.3191"
"3,30 : 1.0881"
"30,3 : 1.0881"
"3,31 : 0.8005"
"31,3 : 0.8005"
"3,32 : 0.6818"
"32,3 : 0.6818"
"3,33 : 0.2506"
"33,3 : 0.2506"
"3,34 : 0.2435"
"34,3 : 0.2435"
"3,35 : 0.5109"
"35,3 : 0.5109"
"3,36 : 0.6964"
"36,3 : 0.6964"
"3,37 : 0.278"
"37,3 : 0.278"
"3,38 : 0.2508"
"38,3 : 0.2508"
"3,39 : 0.1965"
"39,3 : 0.1965"
"3,40 : 0.743"
"40,3 : 0.743"
"3,41 : 0.4295"
"41,3 : 0.4295"
"3,42 : 0.8746"
"42,3 : 0.8746"
"3,43 : 0.5946"
"43,3 : 0.5946"
"3,44 : 0.1166"
"44,3 : 0.1166"
"3,45 : 0.6918"
"45,3 : 0.6918"
"3,46 : 0.1105"
"46,3 : 0.1105"
"3,47 : 0.8045"
"47,3 : 0.8045"
"3,48 : 0.4305"
"48,3 : 0.4305"
"3,49 : 0.6466"
"49,3 : 0.6466"
"4,5 : 0.7425"
"5,4 : 0.7425"
"4,6 : 0.6403"
"6,4 : 0.6403"
"4,7 : 0.1393"
"7,4 : 0.1393"
"4,8 : 0.7481"
"8,4 : 0.7481"
"4,9 : 0.8713"
"9,4 : 0.8713"
"4,10 : 0.4082"
"10,4 : 0.4082"
"4,11 : 0.1836"
"11,4 : 0.1836"
"4,12 : 0.5869"
"12,4 : 0.5869"
"4,13 : 0.5749"
"13,4 : 0.5749"
"4,14 : 0.5334"
"14,4 : 0.5334"
"4,15 : 0.4924"
"15,4 : 0.4924"
"4,16 : 0.4328"
"16,4 : 0.4328"
"4,17 : 0.5661"
"17,4 : 0.5661"
"4,18 : 0.481"
"18,4 : 0.481"
"4,19 : 0.3493"
"19,4 : 0.3493"
"4,20 : 0.1063"
"20,4 : 0.1063"
"4,21 : 0.4342"
"21,4 : 0.4342"
"4,22 : 0.6166"
"22,4 : 0.6166"
"4,23 : 0.5772"
"23,4 : 0.5772"
"4,24 : 0.7278"
"24,4 : 0.7278"
"4,25 : 0.2807"
"25,4 : 0.2807"
"4,26 : 0.7021"
"26,4 : 0.7021"
"4,27 : 0.4005"
"27,4 : 0.4005"
"4,28 : 0.7622"
"28,4 : 0.7622"
"4,29 : 0.52"
"29,4 : 0.52"
"4,30 : 0.2997"
"30,4 : 0.2997"
"4,31 : 0.5508"
"31,4 : 0.5508"
"4,32 : 0.858"
"32,4 : 0.858"
"4,33 : 0.586"
"33,4 : 0.586"
"4,34 : 0.5954"
"34,4 : 0.5954"
"4,35 : 0.4162"
"35,4 : 0.4162"
"4,36 : 0.197"
"36,4 : 0.197"
"4,37 : 0.7566"
"37,4 : 0.7566"
"4,38 : 0.6103"
"38,4 : 0.6103"
"4,39 : 0.7228"
"39,4 : 0.7228"
"4,40 : 0.1005"
"40,4 : 0.1005"
"4,41 : 0.5704"
"41,4 : 0.5704"
"4,42 : 0.4841"
"42,4 : 0.4841"
"4,43 : 0.3569"
"43,4 : 0.3569"
"4,44 : 0.9365"
"44,4 : 0.9365"
"4,45 : 0.4243"
"45,4 : 0.4243"
"4,46 : 0.8032"
"46,4 : 0.8032"
"4,47 : 0.0922"
"47,4 : 0.0922"
"4,48 : 0.53"
"48,4 : 0.53"
"4,49 : 0.4478"
"49,4 : 0.4478"
"5,6 : 0.1879"
"6,5 : 0.1879"
"5,7 : 0.8491"
"7,5 : 0.8491"
"5,8 : 0.3421"
"8,5 : 0.3421"
"5,9 : 0.1565"
"9,5 : 0.1565"
"5,10 : 0.3384"
"10,5 : 0.3384"
"5,11 : 0.8989"
"11,5 : 0.8989"
"5,12 : 0.2059"
"12,5 : 0.2059"
"5,13 : 0.5909"
"13,5 : 0.5909"
"5,14 : 0.6451"
"14,5 : 0.6451"
"5,15 : 0.4876"
"15,5 : 0.4876"
"5,16 : 0.3423"
"16,5 : 0.3423"
"5,17 : 0.1985"
"17,5 : 0.1985"
"5,18 : 0.3202"
"18,5 : 0.3202"
"5,19 : 1.0323"
"19,5 : 1.0323"
"5,20 : 0.7211"
"20,5 : 0.7211"
"5,21 : 0.5689"
"21,5 : 0.5689"
"5,22 : 0.4144"
"22,5 : 0.4144"
"5,23 : 0.8448"
"23,5 : 0.8448"
"5,24 : 0.1649"
"24,5 : 0.1649"
"5,25 : 0.492"
"25,5 : 0.492"
"5,26 : 0.1345"
"26,5 : 0.1345"
"5,27 : 0.4342"
"27,5 : 0.4342"
"5,28 : 0.1655"
"28,5 : 0.1655"
"5,29 : 0.2247"
"29,5 : 0.2247"
"5,30 : 0.994"
"30,5 : 0.994"
"5,31 : 0.7368"
"31,5 : 0.7368"
"5,32 : 0.6433"
"32,5 : 0.6433"
"5,33 : 0.1565"
"33,5 : 0.1565"
"5,34 : 0.153"
"34,5 : 0.153"
"5,35 : 0.4305"
"35,5 : 0.4305"
"5,36 : 0.6064"
"36,5 : 0.6064"
"5,37 : 0.2608"
"37,5 : 0.2608"
"5,38 : 0.1726"
"38,5 : 0.1726"
"5,39 : 0.1432"
"39,5 : 0.1432"
"5,40 : 0.6488"
"40,5 : 0.6488"
"5,41 : 0.3544"
"41,5 : 0.3544"
"5,42 : 0.7918"
"42,5 : 0.7918"
"5,43 : 0.5045"
"43,5 : 0.5045"
"5,44 : 0.2052"
"44,5 : 0.2052"
"5,45 : 0.6181"
"45,5 : 0.6181"
"5,46 : 0.1082"
"46,5 : 0.1082"
"5,47 : 0.7102"
"47,5 : 0.7102"
"5,48 : 0.3493"
"48,5 : 0.3493"
"5,49 : 0.5636"
"49,5 : 0.5636"
"6,7 : 0.7638"
"7,6 : 0.7638"
"6,8 : 0.1942"
"8,6 : 0.1942"
"6,9 : 0.2474"
"9,6 : 0.2474"
"6,10 : 0.2421"
"10,6 : 0.2421"
"6,11 : 0.8134"
"11,6 : 0.8134"
"6,12 : 0.2693"
"12,6 : 0.2693"
"6,13 : 0.4031"
"13,6 : 0.4031"
"6,14 : 0.4588"
"14,6 : 0.4588"
"6,15 : 0.3041"
"15,6 : 0.3041"
"6,16 : 0.2081"
"16,6 : 0.2081"
"6,17 : 0.2335"
"17,6 : 0.2335"
"6,18 : 0.1655"
"18,6 : 0.1655"
"6,19 : 0.9633"
"19,6 : 0.9633"
"6,20 : 0.6444"
"20,6 : 0.6444"
"6,21 : 0.3905"
"21,6 : 0.3905"
"6,22 : 0.5022"
"22,6 : 0.5022"
"6,23 : 0.6597"
"23,6 : 0.6597"
"6,24 : 0.3189"
"24,6 : 0.3189"
"6,25 : 0.4391"
"25,6 : 0.4391"
"6,26 : 0.0707"
"26,6 : 0.0707"
"6,27 : 0.4317"
"27,6 : 0.4317"
"6,28 : 0.1221"
"28,6 : 0.1221"
"6,29 : 0.201"
"29,6 : 0.201"
"6,30 : 0.9197"
"30,6 : 0.9197"
"6,31 : 0.5508"
"31,6 : 0.5508"
"6,32 : 0.7708"
"32,6 : 0.7708"
"6,33 : 0.153"
"33,6 : 0.153"
"6,34 : 0.1118"
"34,6 : 0.1118"
"6,35 : 0.2668"
"35,6 : 0.2668"
"6,36 : 0.4741"
"36,6 : 0.4741"
"6,37 : 0.1432"
"37,6 : 0.1432"
"6,38 : 0.05"
"38,6 : 0.05"
"6,39 : 0.2973"
"39,6 : 0.2973"
"6,40 : 0.5587"
"40,6 : 0.5587"
"6,41 : 0.4258"
"41,6 : 0.4258"
"6,42 : 0.8052"
"42,6 : 0.8052"
"6,43 : 0.4934"
"43,6 : 0.4934"
"6,44 : 0.3178"
"44,6 : 0.3178"
"6,45 : 0.4405"
"45,6 : 0.4405"
"6,46 : 0.2953"
"46,6 : 0.2953"
"6,47 : 0.6297"
"47,6 : 0.6297"
"6,48 : 0.4011"
"48,6 : 0.4011"
"6,49 : 0.5869"
"49,6 : 0.5869"
"7,8 : 0.8823"
"8,7 : 0.8823"
"7,9 : 0.986"
"9,7 : 0.986"
"7,10 : 0.525"
"10,7 : 0.525"
"7,11 : 0.05"
"11,7 : 0.05"
"7,12 : 0.6762"
"12,7 : 0.6762"
"7,13 : 0.7131"
"13,7 : 0.7131"
"7,14 : 0.6691"
"14,7 : 0.6691"
"7,15 : 0.6316"
"15,7 : 0.6316"
"7,16 : 0.559"
"16,7 : 0.559"
"7,17 : 0.6619"
"17,7 : 0.6619"
"7,18 : 0.6096"
"18,7 : 0.6096"
"7,19 : 0.2102"
"19,7 : 0.2102"
"7,20 : 0.13"
"20,7 : 0.13"
"7,21 : 0.5728"
"21,7 : 0.5728"
"7,22 : 0.6612"
"22,7 : 0.6612"
"7,23 : 0.6958"
"23,7 : 0.6958"
"7,24 : 0.8134"
"24,7 : 0.8134"
"7,25 : 0.3625"
"25,7 : 0.3625"
"7,26 : 0.8222"
"26,7 : 0.8222"
"7,27 : 0.4632"
"27,7 : 0.4632"
"7,28 : 0.8846"
"28,7 : 0.8846"
"7,29 : 0.6243"
"29,7 : 0.6243"
"7,30 : 0.1612"
"30,7 : 0.1612"
"7,31 : 0.6803"
"31,7 : 0.6803"
"7,32 : 0.8688"
"32,7 : 0.8688"
"7,33 : 0.6934"
"33,7 : 0.6934"
"7,34 : 0.708"
"34,7 : 0.708"
"7,35 : 0.5523"
"35,7 : 0.5523"
"7,36 : 0.3362"
"36,7 : 0.3362"
"7,37 : 0.8862"
"37,7 : 0.8862"
"7,38 : 0.73"
"38,7 : 0.73"
"7,39 : 0.8115"
"39,7 : 0.8115"
"7,40 : 0.2052"
"40,7 : 0.2052"
"7,41 : 0.6297"
"41,7 : 0.6297"
"7,42 : 0.4301"
"42,7 : 0.4301"
"7,43 : 0.4045"
"43,7 : 0.4045"
"7,44 : 1.0486"
"44,7 : 1.0486"
"7,45 : 0.5609"
"45,7 : 0.5609"
"7,46 : 0.899"
"46,7 : 0.899"
"7,47 : 0.1389"
"47,7 : 0.1389"
"7,48 : 0.5944"
"48,7 : 0.5944"
"7,49 : 0.4627"
"49,7 : 0.4627"
"8,9 : 0.3087"
"9,8 : 0.3087"
"8,10 : 0.3956"
"10,8 : 0.3956"
"8,11 : 0.9301"
"11,8 : 0.9301"
"8,12 : 0.4632"
"12,8 : 0.4632"
"8,13 : 0.3314"
"13,8 : 0.3314"
"8,14 : 0.4045"
"14,8 : 0.4045"
"8,15 : 0.2953"
"15,8 : 0.2953"
"8,16 : 0.3362"
"16,8 : 0.3362"
"8,17 : 0.4276"
"17,8 : 0.4276"
"8,18 : 0.2823"
"18,8 : 0.2823"
"8,19 : 1.09"
"19,8 : 1.09"
"8,20 : 0.7752"
"20,8 : 0.7752"
"8,21 : 0.3891"
"21,8 : 0.3891"
"8,22 : 0.6963"
"22,8 : 0.6963"
"8,23 : 0.6007"
"23,8 : 0.6007"
"8,24 : 0.4974"
"24,8 : 0.4974"
"8,25 : 0.5977"
"25,8 : 0.5977"
"8,26 : 0.211"
"26,8 : 0.211"
"8,27 : 0.6129"
"27,8 : 0.6129"
"8,28 : 0.1844"
"28,8 : 0.1844"
"8,29 : 0.3905"
"29,8 : 0.3905"
"8,30 : 1.0429"
"30,8 : 1.0429"
"8,31 : 0.4916"
"31,8 : 0.4916"
"8,32 : 0.9621"
"32,8 : 0.9621"
"8,33 : 0.3471"
"33,8 : 0.3471"
"8,34 : 0.3059"
"34,8 : 0.3059"
"8,35 : 0.333"
"35,8 : 0.333"
"8,36 : 0.559"
"36,8 : 0.559"
"8,37 : 0.086"
"37,8 : 0.086"
"8,38 : 0.2433"
"38,8 : 0.2433"
"8,39 : 0.4751"
"39,8 : 0.4751"
"8,40 : 0.6826"
"40,8 : 0.6826"
"8,41 : 0.6198"
"41,8 : 0.6198"
"8,42 : 0.9831"
"42,8 : 0.9831"
"8,43 : 0.6691"
"43,8 : 0.6691"
"8,44 : 0.37"
"44,8 : 0.37"
"8,45 : 0.4346"
"45,8 : 0.4346"
"8,46 : 0.446"
"46,8 : 0.446"
"8,47 : 0.758"
"47,8 : 0.758"
"8,48 : 0.5941"
"48,8 : 0.5941"
"8,49 : 0.7716"
"49,8 : 0.7716"
"9,10 : 0.4632"
"10,9 : 0.4632"
"9,11 : 1.036"
"11,9 : 1.036"
"9,12 : 0.3624"
"12,9 : 0.3624"
"9,13 : 0.6181"
"13,9 : 0.6181"
"9,14 : 0.6836"
"14,9 : 0.6836"
"9,15 : 0.5401"
"15,9 : 0.5401"
"9,16 : 0.4478"
"16,9 : 0.4478"
"9,17 : 0.3523"
"17,9 : 0.3523"
"9,18 : 0.4111"
"18,9 : 0.4111"
"9,19 : 1.1759"
"19,9 : 1.1759"
"9,20 : 0.8605"
"20,9 : 0.8605"
"9,21 : 0.6313"
"21,9 : 0.6313"
"9,22 : 0.5652"
"22,9 : 0.5652"
"9,23 : 0.8857"
"23,9 : 0.8857"
"9,24 : 0.3015"
"24,9 : 0.3015"
"9,25 : 0.6366"
"25,9 : 0.6366"
"9,26 : 0.1772"
"26,9 : 0.1772"
"9,27 : 0.5882"
"27,9 : 0.5882"
"9,28 : 0.1404"
"28,9 : 0.1404"
"9,29 : 0.3677"
"29,9 : 0.3677"
"9,30 : 1.1357"
"30,9 : 1.1357"
"9,31 : 0.7752"
"31,9 : 0.7752"
"9,32 : 0.7723"
"32,9 : 0.7723"
"9,33 : 0.297"
"33,9 : 0.297"
"9,34 : 0.278"
"34,9 : 0.278"
"9,35 : 0.5142"
"35,9 : 0.5142"
"9,36 : 0.7169"
"36,9 : 0.7169"
"9,37 : 0.2247"
"37,9 : 0.2247"
"9,38 : 0.264"
"38,9 : 0.264"
"9,39 : 0.2828"
"39,9 : 0.2828"
"9,40 : 0.7824"
"40,9 : 0.7824"
"9,41 : 0.5092"
"41,9 : 0.5092"
"9,42 : 0.9483"
"42,9 : 0.9483"
"9,43 : 0.658"
"43,9 : 0.658"
"9,44 : 0.0707"
"44,9 : 0.0707"
"9,45 : 0.6812"
"45,9 : 0.6812"
"9,46 : 0.201"
"46,9 : 0.201"
"9,47 : 0.8481"
"47,9 : 0.8481"
"9,48 : 0.5057"
"48,9 : 0.5057"
"9,49 : 0.7201"
"49,9 : 0.7201"
"10,11 : 0.5749"
"11,10 : 0.5749"
"10,12 : 0.2309"
"12,10 : 0.2309"
"10,13 : 0.4134"
"13,10 : 0.4134"
"10,14 : 0.4319"
"14,10 : 0.4319"
"10,15 : 0.283"
"15,10 : 0.283"
"10,16 : 0.0728"
"16,10 : 0.0728"
"10,17 : 0.1942"
"17,10 : 0.1942"
"10,18 : 0.12"
"18,10 : 0.12"
"10,19 : 0.7218"
"19,10 : 0.7218"
"10,20 : 0.4031"
"20,10 : 0.4031"
"10,21 : 0.3189"
"21,10 : 0.3189"
"10,22 : 0.397"
"22,10 : 0.397"
"10,23 : 0.6022"
"23,10 : 0.6022"
"10,24 : 0.3635"
"24,10 : 0.3635"
"10,25 : 0.2025"
"25,10 : 0.2025"
"10,26 : 0.2973"
"26,10 : 0.2973"
"10,27 : 0.2354"
"27,10 : 0.2354"
"10,28 : 0.3607"
"28,10 : 0.3607"
"10,29 : 0.1304"
"29,10 : 0.1304"
"10,30 : 0.6788"
"30,10 : 0.6788"
"10,31 : 0.5099"
"31,10 : 0.5099"
"10,32 : 0.6877"
"32,10 : 0.6877"
"10,33 : 0.1844"
"33,10 : 0.1844"
"10,34 : 0.1879"
"34,10 : 0.1879"
"10,35 : 0.1703"
"35,10 : 0.1703"
"10,36 : 0.2717"
"36,10 : 0.2717"
"10,37 : 0.3759"
"37,10 : 0.3759"
"10,38 : 0.2052"
"38,10 : 0.2052"
"10,39 : 0.3513"
"39,10 : 0.3513"
"10,40 : 0.3202"
"40,10 : 0.3202"
"10,41 : 0.3183"
"41,10 : 0.3183"
"10,42 : 0.5921"
"42,10 : 0.5921"
"10,43 : 0.28"
"43,10 : 0.28"
"10,44 : 0.5284"
"44,10 : 0.5284"
"10,45 : 0.3581"
"45,10 : 0.3581"
"10,46 : 0.413"
"46,10 : 0.413"
"10,47 : 0.389"
"47,10 : 0.389"
"10,48 : 0.2766"
"48,10 : 0.2766"
"10,49 : 0.3946"
"49,10 : 0.3946"
"11,12 : 0.725"
"12,11 : 0.725"
"11,13 : 0.7529"
"13,11 : 0.7529"
"11,14 : 0.7061"
"14,11 : 0.7061"
"11,15 : 0.6754"
"15,11 : 0.6754"
"11,16 : 0.6083"
"16,11 : 0.6083"
"11,17 : 0.7112"
"17,11 : 0.7112"
"11,18 : 0.6586"
"18,11 : 0.6586"
"11,19 : 0.1676"
"19,11 : 0.1676"
"11,20 : 0.1789"
"20,11 : 0.1789"
"11,21 : 0.6135"
"21,11 : 0.6135"
"11,22 : 0.7035"
"22,11 : 0.7035"
"11,23 : 0.7217"
"23,11 : 0.7217"
"11,24 : 0.8616"
"24,11 : 0.8616"
"11,25 : 0.4115"
"25,11 : 0.4115"
"11,26 : 0.8721"
"26,11 : 0.8721"
"11,27 : 0.5096"
"27,11 : 0.5096"
"11,28 : 0.9343"
"28,11 : 0.9343"
"11,29 : 0.6742"
"29,11 : 0.6742"
"11,30 : 0.117"
"30,11 : 0.117"
"11,31 : 0.7125"
"31,11 : 0.7125"
"11,32 : 0.9026"
"32,11 : 0.9026"
"11,33 : 0.7433"
"33,11 : 0.7433"
"11,34 : 0.758"
"34,11 : 0.758"
"11,35 : 0.5991"
"35,11 : 0.5991"
"11,36 : 0.3801"
"36,11 : 0.3801"
"11,37 : 0.9351"
"37,11 : 0.9351"
"11,38 : 0.7799"
"38,11 : 0.7799"
"11,39 : 0.8601"
"39,11 : 0.8601"
"11,40 : 0.255"
"40,11 : 0.255"
"11,41 : 0.6747"
"41,11 : 0.6747"
"11,42 : 0.4478"
"42,11 : 0.4478"
"11,43 : 0.4491"
"43,11 : 0.4491"
"11,44 : 1.0986"
"44,11 : 1.0986"
"11,45 : 0.5991"
"45,11 : 0.5991"
"11,46 : 0.9481"
"46,11 : 0.9481"
"11,47 : 0.1887"
"47,11 : 0.1887"
"11,48 : 0.6403"
"48,11 : 0.6403"
"11,49 : 0.5004"
"49,11 : 0.5004"
"12,13 : 0.6083"
"13,12 : 0.6083"
"12,14 : 0.642"
"14,12 : 0.642"
"12,15 : 0.4827"
"15,12 : 0.4827"
"12,16 : 0.2778"
"16,12 : 0.2778"
"12,17 : 0.0424"
"17,12 : 0.0424"
"12,18 : 0.2907"
"18,12 : 0.2907"
"12,19 : 0.846"
"19,12 : 0.846"
"12,20 : 0.5463"
"20,12 : 0.5463"
"12,21 : 0.5385"
"21,12 : 0.5385"
"12,22 : 0.2335"
"22,12 : 0.2335"
"12,23 : 0.8249"
"23,12 : 0.8249"
"12,24 : 0.1414"
"24,12 : 0.1414"
"12,25 : 0.3138"
"25,12 : 0.3138"
"12,26 : 0.27"
"26,12 : 0.27"
"12,27 : 0.2335"
"27,12 : 0.2335"
"12,28 : 0.3314"
"28,12 : 0.3314"
"12,29 : 0.1082"
"29,12 : 0.1082"
"12,30 : 0.8112"
"30,12 : 0.8112"
"12,31 : 0.7267"
"31,12 : 0.7267"
"12,32 : 0.5054"
"32,12 : 0.5054"
"12,33 : 0.117"
"33,12 : 0.117"
"12,34 : 0.1581"
"34,12 : 0.1581"
"12,35 : 0.3859"
"35,12 : 0.3859"
"12,36 : 0.4916"
"36,12 : 0.4916"
"12,37 : 0.402"
"37,12 : 0.402"
"12,38 : 0.2214"
"38,12 : 0.2214"
"12,39 : 0.136"
"39,12 : 0.136"
"12,40 : 0.4876"
"40,12 : 0.4876"
"12,41 : 0.16"
"41,12 : 0.16"
"12,42 : 0.5859"
"42,12 : 0.5859"
"12,43 : 0.3041"
"43,12 : 0.3041"
"12,44 : 0.408"
"44,12 : 0.408"
"12,45 : 0.5818"
"45,12 : 0.5818"
"12,46 : 0.2247"
"46,12 : 0.2247"
"12,47 : 0.5385"
"47,12 : 0.5385"
"12,48 : 0.1456"
"48,12 : 0.1456"
"12,49 : 0.3578"
"49,12 : 0.3578"
"13,14 : 0.0762"
"14,13 : 0.0762"
"13,15 : 0.1304"
"15,13 : 0.1304"
"13,16 : 0.3441"
"16,13 : 0.3441"
"13,17 : 0.5659"
"17,13 : 0.5659"
"13,18 : 0.3183"
"18,13 : 0.3183"
"13,19 : 0.9205"
"19,13 : 0.9205"
"13,20 : 0.6428"
"20,13 : 0.6428"
"13,21 : 0.1414"
"21,13 : 0.1414"
"13,22 : 0.808"
"22,13 : 0.808"
"13,23 : 0.27"
"23,13 : 0.27"
"13,24 : 0.7046"
"24,13 : 0.7046"
"13,25 : 0.5604"
"25,13 : 0.5604"
"13,26 : 0.4649"
"26,13 : 0.4649"
"13,27 : 0.6398"
"27,13 : 0.6398"
"13,28 : 0.4785"
"28,13 : 0.4785"
"13,29 : 0.5021"
"29,13 : 0.5021"
"13,30 : 0.8698"
"30,13 : 0.8698"
"13,31 : 0.1603"
"31,13 : 0.1603"
"13,32 : 1.0981"
"32,13 : 1.0981"
"13,33 : 0.5061"
"33,13 : 0.5061"
"13,34 : 0.4743"
"34,13 : 0.4743"
"13,35 : 0.246"
"35,13 : 0.246"
"13,36 : 0.3833"
"36,13 : 0.3833"
"13,37 : 0.4005"
"37,13 : 0.4005"
"13,38 : 0.4254"
"38,13 : 0.4254"
"13,39 : 0.6851"
"39,13 : 0.6851"
"13,40 : 0.5508"
"40,13 : 0.5508"
"13,41 : 0.728"
"41,13 : 0.728"
"13,42 : 0.9552"
"42,13 : 0.9552"
"13,43 : 0.6673"
"43,13 : 0.6673"
"13,44 : 0.6859"
"44,13 : 0.6859"
"13,45 : 0.1565"
"45,13 : 0.1565"
"13,46 : 0.6978"
"46,13 : 0.6978"
"13,47 : 0.6229"
"47,13 : 0.6229"
"13,48 : 0.6882"
"48,13 : 0.6882"
"13,49 : 0.7912"
"49,13 : 0.7912"
"14,15 : 0.1612"
"15,14 : 0.1612"
"14,16 : 0.368"
"16,14 : 0.368"
"14,17 : 0.6"
"17,14 : 0.6"
"14,18 : 0.3523"
"18,14 : 0.3523"
"14,19 : 0.8732"
"19,14 : 0.8732"
"14,20 : 0.6101"
"20,14 : 0.6101"
"14,21 : 0.1208"
"21,14 : 0.1208"
"14,22 : 0.8288"
"22,14 : 0.8288"
"14,23 : 0.2022"
"23,14 : 0.2022"
"14,24 : 0.7479"
"24,14 : 0.7479"
"14,25 : 0.5554"
"25,14 : 0.5554"
"14,26 : 0.5239"
"26,14 : 0.5239"
"14,27 : 0.6466"
"27,14 : 0.6466"
"14,28 : 0.5433"
"28,14 : 0.5433"
"14,29 : 0.5341"
"29,14 : 0.5341"
"14,30 : 0.8223"
"30,14 : 0.8223"
"14,31 : 0.0922"
"31,14 : 0.0922"
"14,32 : 1.1195"
"32,14 : 1.1195"
"14,33 : 0.5471"
"33,14 : 0.5471"
"14,34 : 0.5188"
"34,14 : 0.5188"
"14,35 : 0.2617"
"35,14 : 0.2617"
"14,36 : 0.3506"
"36,14 : 0.3506"
"14,37 : 0.4701"
"37,14 : 0.4701"
"14,38 : 0.4754"
"38,14 : 0.4754"
"14,39 : 0.7295"
"39,14 : 0.7295"
"14,40 : 0.5215"
"40,14 : 0.5215"
"14,41 : 0.7501"
"41,14 : 0.7501"
"14,42 : 0.9411"
"42,14 : 0.9411"
"14,43 : 0.6664"
"43,14 : 0.6664"
"14,44 : 0.7524"
"44,14 : 0.7524"
"14,45 : 0.11"
"45,14 : 0.11"
"14,46 : 0.7503"
"46,14 : 0.7503"
"14,47 : 0.5901"
"47,14 : 0.5901"
"14,48 : 0.7084"
"48,14 : 0.7084"
"14,49 : 0.7916"
"49,14 : 0.7916"
"15,16 : 0.214"
"16,15 : 0.214"
"15,17 : 0.4405"
"17,15 : 0.4405"
"15,18 : 0.1921"
"18,15 : 0.1921"
"15,19 : 0.8417"
"19,15 : 0.8417"
"15,20 : 0.5457"
"20,15 : 0.5457"
"15,21 : 0.0949"
"21,15 : 0.0949"
"15,22 : 0.678"
"22,15 : 0.678"
"15,23 : 0.3574"
"23,15 : 0.3574"
"15,24 : 0.5867"
"24,15 : 0.5867"
"15,25 : 0.4374"
"25,15 : 0.4374"
"15,26 : 0.3722"
"26,15 : 0.3722"
"15,27 : 0.5108"
"27,15 : 0.5108"
"15,28 : 0.4005"
"28,15 : 0.4005"
"15,29 : 0.3754"
"29,15 : 0.3754"
"15,30 : 0.792"
"30,15 : 0.792"
"15,31 : 0.2508"
"31,15 : 0.2508"
"15,32 : 0.9683"
"32,15 : 0.9683"
"15,33 : 0.3859"
"33,15 : 0.3859"
"15,34 : 0.3578"
"34,15 : 0.3578"
"15,35 : 0.117"
"35,15 : 0.117"
"15,36 : 0.2955"
"36,15 : 0.2955"
"15,37 : 0.3421"
"37,15 : 0.3421"
"15,38 : 0.3162"
"38,15 : 0.3162"
"15,39 : 0.5682"
"39,15 : 0.5682"
"15,40 : 0.4512"
"40,15 : 0.4512"
"15,41 : 0.5982"
"41,15 : 0.5982"
"15,42 : 0.836"
"42,15 : 0.836"
"15,43 : 0.5412"
"43,15 : 0.5412"
"15,44 : 0.6103"
"44,15 : 0.6103"
"15,45 : 0.1432"
"45,15 : 0.1432"
"15,46 : 0.5914"
"46,15 : 0.5914"
"15,47 : 0.5263"
"47,15 : 0.5263"
"15,48 : 0.558"
"48,15 : 0.558"
"15,49 : 0.6641"
"49,15 : 0.6641"
"16,17 : 0.2371"
"17,16 : 0.2371"
"16,18 : 0.0539"
"18,16 : 0.0539"
"16,19 : 0.7622"
"19,16 : 0.7622"
"16,20 : 0.4441"
"20,16 : 0.4441"
"16,21 : 0.2608"
"21,16 : 0.2608"
"16,22 : 0.464"
"22,16 : 0.464"
"16,23 : 0.5471"
"23,16 : 0.5471"
"16,24 : 0.3985"
"24,16 : 0.3985"
"16,25 : 0.2648"
"25,16 : 0.2648"
"16,26 : 0.2729"
"26,16 : 0.2729"
"16,27 : 0.3081"
"27,16 : 0.3081"
"16,28 : 0.3302"
"28,16 : 0.3302"
"16,29 : 0.17"
"29,16 : 0.17"
"16,30 : 0.717"
"30,16 : 0.717"
"16,31 : 0.45"
"31,16 : 0.45"
"16,32 : 0.7543"
"32,16 : 0.7543"
"16,33 : 0.2022"
"33,16 : 0.2022"
"16,34 : 0.1903"
"34,16 : 0.1903"
"16,35 : 0.1082"
"35,16 : 0.1082"
"16,36 : 0.2693"
"36,16 : 0.2693"
"16,37 : 0.328"
"37,16 : 0.328"
"16,38 : 0.1838"
"38,16 : 0.1838"
"16,39 : 0.3833"
"39,16 : 0.3833"
"16,40 : 0.3547"
"40,16 : 0.3547"
"16,41 : 0.3842"
"41,16 : 0.3842"
"16,42 : 0.6607"
"42,16 : 0.6607"
"16,43 : 0.3506"
"43,16 : 0.3506"
"16,44 : 0.5162"
"44,16 : 0.5162"
"16,45 : 0.3041"
"45,16 : 0.3041"
"16,46 : 0.4305"
"46,16 : 0.4305"
"16,47 : 0.428"
"47,16 : 0.428"
"16,48 : 0.3441"
"48,16 : 0.3441"
"16,49 : 0.4669"
"49,16 : 0.4669"
"17,18 : 0.2484"
"18,17 : 0.2484"
"17,19 : 0.8382"
"19,17 : 0.8382"
"17,20 : 0.5324"
"20,17 : 0.5324"
"17,21 : 0.4974"
"21,17 : 0.4974"
"17,22 : 0.2693"
"22,17 : 0.2693"
"17,23 : 0.7839"
"23,17 : 0.7839"
"17,24 : 0.1703"
"24,17 : 0.1703"
"17,25 : 0.3002"
"25,17 : 0.3002"
"17,26 : 0.2419"
"26,17 : 0.2419"
"17,27 : 0.236"
"27,17 : 0.236"
"17,28 : 0.3059"
"28,17 : 0.3059"
"17,29 : 0.0671"
"29,17 : 0.0671"
"17,30 : 0.8016"
"30,17 : 0.8016"
"17,31 : 0.6851"
"31,17 : 0.6851"
"17,32 : 0.5459"
"32,17 : 0.5459"
"17,33 : 0.0806"
"33,17 : 0.0806"
"17,34 : 0.1217"
"34,17 : 0.1217"
"17,35 : 0.3448"
"35,17 : 0.3448"
"17,36 : 0.4601"
"36,17 : 0.4601"
"17,37 : 0.3701"
"37,17 : 0.3701"
"17,38 : 0.1844"
"38,17 : 0.1844"
"17,39 : 0.1603"
"39,17 : 0.1603"
"17,40 : 0.4682"
"40,17 : 0.4682"
"17,41 : 0.1924"
"41,17 : 0.1924"
"17,42 : 0.6001"
"42,17 : 0.6001"
"17,43 : 0.3061"
"43,17 : 0.3061"
"17,44 : 0.4036"
"44,17 : 0.4036"
"17,45 : 0.5412"
"45,17 : 0.5412"
"17,46 : 0.2377"
"46,17 : 0.2377"
"17,47 : 0.5233"
"47,17 : 0.5233"
"17,48 : 0.1703"
"48,17 : 0.1703"
"17,49 : 0.3734"
"49,17 : 0.3734"
"18,19 : 0.814"
"19,18 : 0.814"
"18,20 : 0.4965"
"20,18 : 0.4965"
"18,21 : 0.2563"
"21,18 : 0.2563"
"18,22 : 0.494"
"22,18 : 0.494"
"18,23 : 0.5413"
"23,18 : 0.5413"
"18,24 : 0.3981"
"24,18 : 0.3981"
"18,25 : 0.3178"
"25,18 : 0.3178"
"18,26 : 0.2341"
"26,18 : 0.2341"
"18,27 : 0.3536"
"27,18 : 0.3536"
"18,28 : 0.2865"
"28,18 : 0.2865"
"18,29 : 0.1838"
"29,18 : 0.1838"
"18,30 : 0.7684"
"30,18 : 0.7684"
"18,31 : 0.4391"
"31,18 : 0.4391"
"18,32 : 0.7824"
"32,18 : 0.7824"
"18,33 : 0.197"
"33,18 : 0.197"
"18,34 : 0.1746"
"34,18 : 0.1746"
"18,35 : 0.1105"
"35,18 : 0.1105"
"18,36 : 0.3089"
"36,18 : 0.3089"
"18,37 : 0.2766"
"37,18 : 0.2766"
"18,38 : 0.1513"
"38,18 : 0.1513"
"18,39 : 0.3808"
"39,18 : 0.3808"
"18,40 : 0.4061"
"40,18 : 0.4061"
"18,41 : 0.4134"
"41,18 : 0.4134"
"18,42 : 0.7118"
"42,18 : 0.7118"
"18,43 : 0.4"
"43,18 : 0.4"
"18,44 : 0.4808"
"44,18 : 0.4808"
"18,45 : 0.3036"
"45,18 : 0.3036"
"18,46 : 0.4159"
"46,18 : 0.4159"
"18,47 : 0.4801"
"47,18 : 0.4801"
"18,48 : 0.3759"
"48,18 : 0.3759"
"18,49 : 0.5135"
"49,18 : 0.5135"
"19,20 : 0.3189"
"20,19 : 0.3189"
"19,21 : 0.7811"
"21,19 : 0.7811"
"19,22 : 0.7845"
"22,19 : 0.7845"
"19,23 : 0.88"
"23,19 : 0.88"
"19,24 : 0.9762"
"24,19 : 0.9762"
"19,25 : 0.5404"
"25,19 : 0.5404"
"19,26 : 1.0183"
"26,19 : 1.0183"
"19,27 : 0.6177"
"27,19 : 0.6177"
"19,28 : 1.0825"
"28,19 : 1.0825"
"19,29 : 0.8092"
"29,19 : 0.8092"
"19,30 : 0.051"
"30,19 : 0.051"
"19,31 : 0.8769"
"31,19 : 0.8769"
"19,32 : 0.9401"
"32,19 : 0.9401"
"19,33 : 0.8797"
"33,19 : 0.8797"
"19,34 : 0.8987"
"34,19 : 0.8987"
"19,35 : 0.7616"
"35,19 : 0.7616"
"19,36 : 0.5463"
"36,19 : 0.5463"
"19,37 : 1.0902"
"37,19 : 1.0902"
"19,38 : 0.9266"
"38,19 : 0.9266"
"19,39 : 0.9775"
"39,19 : 0.9775"
"19,40 : 0.408"
"40,19 : 0.408"
"19,41 : 0.7708"
"41,19 : 0.7708"
"19,42 : 0.4441"
"42,19 : 0.4441"
"19,43 : 0.5501"
"43,19 : 0.5501"
"19,44 : 1.2356"
"44,19 : 1.2356"
"19,45 : 0.7666"
"45,19 : 0.7666"
"19,46 : 1.0707"
"46,19 : 1.0707"
"19,47 : 0.3342"
"47,19 : 0.3342"
"19,48 : 0.7425"
"48,19 : 0.7425"
"19,49 : 0.5675"
"49,19 : 0.5675"
"20,21 : 0.5016"
"21,20 : 0.5016"
"20,22 : 0.5401"
"22,20 : 0.5401"
"20,23 : 0.6736"
"23,20 : 0.6736"
"20,24 : 0.6835"
"24,20 : 0.6835"
"20,25 : 0.2326"
"25,20 : 0.2326"
"20,26 : 0.7001"
"26,20 : 0.7001"
"20,27 : 0.3354"
"27,20 : 0.3354"
"20,28 : 0.7638"
"28,20 : 0.7638"
"20,29 : 0.4965"
"29,20 : 0.4965"
"20,30 : 0.2759"
"30,20 : 0.2759"
"20,31 : 0.6379"
"31,20 : 0.6379"
"20,32 : 0.7654"
"32,20 : 0.7654"
"20,33 : 0.5661"
"33,20 : 0.5661"
"20,34 : 0.5826"
"34,20 : 0.5826"
"20,35 : 0.4531"
"35,20 : 0.4531"
"20,36 : 0.2602"
"36,20 : 0.2602"
"20,37 : 0.772"
"37,20 : 0.772"
"20,38 : 0.6081"
"38,20 : 0.6081"
"20,39 : 0.6815"
"39,20 : 0.6815"
"20,40 : 0.0949"
"40,20 : 0.0949"
"20,41 : 0.5036"
"41,20 : 0.5036"
"20,42 : 0.378"
"42,20 : 0.378"
"20,43 : 0.2802"
"43,20 : 0.2802"
"20,44 : 0.922"
"44,20 : 0.922"
"20,45 : 0.5001"
"45,20 : 0.5001"
"20,46 : 0.7692"
"46,20 : 0.7692"
"20,47 : 0.02"
"47,20 : 0.02"
"20,48 : 0.4669"
"48,20 : 0.4669"
"20,49 : 0.3544"
"49,20 : 0.3544"
"21,22 : 0.7142"
"22,21 : 0.7142"
"21,23 : 0.2865"
"23,21 : 0.2865"
"21,24 : 0.6539"
"24,21 : 0.6539"
"21,25 : 0.4346"
"25,21 : 0.4346"
"21,26 : 0.4601"
"26,21 : 0.4601"
"21,27 : 0.527"
"27,21 : 0.527"
"21,28 : 0.4925"
"28,21 : 0.4925"
"21,29 : 0.4305"
"29,21 : 0.4305"
"21,30 : 0.7305"
"30,21 : 0.7305"
"21,31 : 0.191"
"31,21 : 0.191"
"21,32 : 1.0045"
"32,21 : 1.0045"
"21,33 : 0.4531"
"33,21 : 0.4531"
"21,34 : 0.4301"
"34,21 : 0.4301"
"21,35 : 0.1526"
"35,21 : 0.1526"
"21,36 : 0.2419"
"36,21 : 0.2419"
"21,37 : 0.4368"
"37,21 : 0.4368"
"21,38 : 0.3962"
"38,21 : 0.3962"
"21,39 : 0.6369"
"39,21 : 0.6369"
"21,40 : 0.4101"
"40,21 : 0.4101"
"21,41 : 0.6366"
"41,21 : 0.6366"
"21,42 : 0.8223"
"42,21 : 0.8223"
"21,43 : 0.5456"
"43,21 : 0.5456"
"21,44 : 0.7018"
"44,21 : 0.7018"
"21,45 : 0.05"
"45,21 : 0.05"
"21,46 : 0.6694"
"46,21 : 0.6694"
"21,47 : 0.4817"
"47,21 : 0.4817"
"21,48 : 0.594"
"48,21 : 0.594"
"21,49 : 0.6708"
"49,21 : 0.6708"
"22,23 : 0.9925"
"23,22 : 0.9925"
"22,24 : 0.2693"
"24,22 : 0.2693"
"22,25 : 0.3479"
"25,22 : 0.3479"
"22,26 : 0.5016"
"26,22 : 0.5016"
"22,27 : 0.2214"
"27,22 : 0.2214"
"22,28 : 0.5601"
"28,22 : 0.5601"
"22,29 : 0.3178"
"29,22 : 0.3178"
"22,30 : 0.7616"
"30,22 : 0.7616"
"22,31 : 0.9051"
"31,22 : 0.9051"
"22,32 : 0.2907"
"32,22 : 0.2907"
"22,33 : 0.3493"
"33,22 : 0.3493"
"22,34 : 0.3905"
"34,22 : 0.3905"
"22,35 : 0.5673"
"35,22 : 0.5673"
"22,36 : 0.5948"
"36,22 : 0.5948"
"22,37 : 0.6351"
"37,22 : 0.6351"
"22,38 : 0.4535"
"38,22 : 0.4535"
"22,39 : 0.2846"
"39,22 : 0.2846"
"22,40 : 0.5197"
"40,22 : 0.5197"
"22,41 : 0.0806"
"41,22 : 0.0806"
"22,42 : 0.4245"
"42,22 : 0.4245"
"22,43 : 0.2608"
"43,22 : 0.2608"
"22,44 : 0.5946"
"44,22 : 0.5946"
"22,45 : 0.7501"
"45,22 : 0.7501"
"22,46 : 0.3808"
"46,22 : 0.3808"
"22,47 : 0.5408"
"47,22 : 0.5408"
"22,48 : 0.1204"
"48,22 : 0.1204"
"22,49 : 0.2193"
"49,22 : 0.2193"
"23,24 : 0.9394"
"24,23 : 0.9394"
"23,25 : 0.6841"
"25,23 : 0.6841"
"23,26 : 0.7257"
"26,23 : 0.7257"
"23,27 : 0.7925"
"27,23 : 0.7925"
"23,28 : 0.7455"
"28,23 : 0.7455"
"23,29 : 0.7169"
"29,23 : 0.7169"
"23,30 : 0.8301"
"30,23 : 0.8301"
"23,31 : 0.1105"
"31,23 : 0.1105"
"23,32 : 1.2808"
"32,23 : 1.2808"
"23,33 : 0.7382"
"33,23 : 0.7382"
"23,34 : 0.7131"
"34,23 : 0.7131"
"23,35 : 0.4391"
"35,23 : 0.4391"
"23,36 : 0.4391"
"36,23 : 0.4391"
"23,37 : 0.6703"
"37,23 : 0.6703"
"23,38 : 0.6736"
"38,23 : 0.6736"
"23,39 : 0.922"
"39,23 : 0.922"
"23,40 : 0.6001"
"40,23 : 0.6001"
"23,41 : 0.9168"
"41,23 : 0.9168"
"23,42 : 1.0379"
"42,23 : 1.0379"
"23,43 : 0.7981"
"43,23 : 0.7981"
"23,44 : 0.9543"
"44,23 : 0.9543"
"23,45 : 0.2441"
"45,23 : 0.2441"
"23,46 : 0.9487"
"46,23 : 0.9487"
"23,47 : 0.6546"
"47,23 : 0.6546"
"23,48 : 0.8732"
"48,23 : 0.8732"
"23,49 : 0.922"
"49,23 : 0.922"
"24,25 : 0.4522"
"25,24 : 0.4522"
"24,26 : 0.2865"
"26,24 : 0.2865"
"24,27 : 0.3585"
"27,24 : 0.3585"
"24,28 : 0.3289"
"28,24 : 0.3289"
"24,29 : 0.2335"
"29,24 : 0.2335"
"24,30 : 0.9437"
"30,24 : 0.9437"
"24,31 : 0.8365"
"31,24 : 0.8365"
"24,32 : 0.4785"
"32,24 : 0.4785"
"24,33 : 0.2012"
"33,24 : 0.2012"
"24,34 : 0.2302"
"34,24 : 0.2302"
"24,35 : 0.5033"
"35,24 : 0.5033"
"24,36 : 0.6303"
"36,24 : 0.6303"
"24,37 : 0.4205"
"37,24 : 0.4205"
"24,38 : 0.2832"
"38,24 : 0.2832"
"24,39 : 0.0224"
"39,24 : 0.0224"
"24,40 : 0.6282"
"40,24 : 0.6282"
"24,41 : 0.228"
"41,24 : 0.228"
"24,42 : 0.678"
"42,24 : 0.678"
"24,43 : 0.4272"
"43,24 : 0.4272"
"24,44 : 0.3257"
"44,24 : 0.3257"
"24,45 : 0.7001"
"45,24 : 0.7001"
"24,46 : 0.1118"
"46,24 : 0.1118"
"24,47 : 0.6768"
"47,24 : 0.6768"
"24,48 : 0.2408"
"48,24 : 0.2408"
"24,49 : 0.4534"
"49,24 : 0.4534"
"25,26 : 0.486"
"26,25 : 0.486"
"25,27 : 0.1265"
"27,25 : 0.1265"
"25,28 : 0.5522"
"28,25 : 0.5522"
"25,29 : 0.2691"
"29,25 : 0.2691"
"25,30 : 0.5022"
"30,25 : 0.5022"
"25,31 : 0.614"
"31,25 : 0.614"
"25,32 : 0.6159"
"32,25 : 0.6159"
"25,33 : 0.3397"
"33,25 : 0.3397"
"25,34 : 0.3612"
"34,25 : 0.3612"
"25,35 : 0.3225"
"35,25 : 0.3225"
"25,36 : 0.2561"
"36,25 : 0.2561"
"25,37 : 0.577"
"37,25 : 0.577"
"25,38 : 0.3966"
"38,25 : 0.3966"
"25,39 : 0.4494"
"39,25 : 0.4494"
"25,40 : 0.1803"
"40,25 : 0.1803"
"25,41 : 0.2927"
"41,25 : 0.2927"
"25,42 : 0.4005"
"42,25 : 0.4005"
"25,43 : 0.114"
"43,25 : 0.114"
"25,44 : 0.6953"
"44,25 : 0.6953"
"25,45 : 0.4565"
"45,25 : 0.4565"
"25,46 : 0.5367"
"46,25 : 0.5367"
"25,47 : 0.2247"
"47,25 : 0.2247"
"25,48 : 0.2508"
"48,25 : 0.2508"
"25,49 : 0.2385"
"49,25 : 0.2385"
"26,27 : 0.4624"
"27,26 : 0.4624"
"26,28 : 0.0671"
"28,26 : 0.0671"
"26,29 : 0.2285"
"29,26 : 0.2285"
"26,30 : 0.9759"
"30,26 : 0.9759"
"26,31 : 0.6161"
"31,26 : 0.6161"
"26,32 : 0.7558"
"32,26 : 0.7558"
"26,33 : 0.1649"
"33,26 : 0.1649"
"26,34 : 0.13"
"34,26 : 0.13"
"26,35 : 0.3373"
"35,26 : 0.3373"
"26,36 : 0.5413"
"36,26 : 0.5413"
"26,37 : 0.136"
"37,26 : 0.136"
"26,38 : 0.0922"
"38,26 : 0.0922"
"26,39 : 0.2642"
"39,26 : 0.2642"
"26,40 : 0.6172"
"40,26 : 0.6172"
"26,41 : 0.43"
"41,26 : 0.43"
"26,42 : 0.8349"
"42,26 : 0.8349"
"26,43 : 0.528"
"43,26 : 0.528"
"26,44 : 0.2474"
"44,26 : 0.2474"
"26,45 : 0.5101"
"45,26 : 0.5101"
"26,46 : 0.2421"
"46,26 : 0.2421"
"26,47 : 0.6862"
"47,26 : 0.6862"
"26,48 : 0.4119"
"48,26 : 0.4119"
"26,49 : 0.6113"
"49,26 : 0.6113"
"27,28 : 0.5292"
"28,27 : 0.5292"
"27,29 : 0.2341"
"29,27 : 0.2341"
"27,30 : 0.586"
"30,27 : 0.586"
"27,31 : 0.714"
"31,27 : 0.714"
"27,32 : 0.4941"
"32,27 : 0.4941"
"27,33 : 0.2997"
"33,27 : 0.2997"
"27,34 : 0.3324"
"34,27 : 0.3324"
"27,35 : 0.394"
"35,27 : 0.394"
"27,36 : 0.3774"
"36,27 : 0.3774"
"27,37 : 0.5749"
"37,27 : 0.5749"
"27,38 : 0.3833"
"38,27 : 0.3833"
"27,39 : 0.3606"
"39,27 : 0.3606"
"27,40 : 0.3015"
"40,27 : 0.3015"
"27,41 : 0.17"
"41,27 : 0.17"
"27,42 : 0.3736"
"42,27 : 0.3736"
"27,43 : 0.0707"
"43,27 : 0.0707"
"27,44 : 0.6389"
"44,27 : 0.6389"
"27,45 : 0.5561"
"45,27 : 0.5561"
"27,46 : 0.4561"
"46,27 : 0.4561"
"27,47 : 0.3324"
"47,27 : 0.3324"
"27,48 : 0.1315"
"48,27 : 0.1315"
"27,49 : 0.1603"
"49,27 : 0.1603"
"28,29 : 0.2955"
"29,28 : 0.2955"
"28,30 : 1.0395"
"30,28 : 1.0395"
"28,31 : 0.6351"
"31,28 : 0.6351"
"28,32 : 0.8052"
"32,28 : 0.8052"
"28,33 : 0.2309"
"33,28 : 0.2309"
"28,34 : 0.197"
"34,28 : 0.197"
"28,35 : 0.3828"
"35,28 : 0.3828"
"28,36 : 0.5954"
"36,28 : 0.5954"
"28,37 : 0.099"
"37,28 : 0.099"
"28,38 : 0.1562"
"38,28 : 0.1562"
"28,39 : 0.3068"
"39,28 : 0.3068"
"28,40 : 0.6794"
"40,28 : 0.6794"
"28,41 : 0.4909"
"41,28 : 0.4909"
"28,42 : 0.9014"
"42,28 : 0.9014"
"28,43 : 0.5951"
"43,28 : 0.5951"
"28,44 : 0.21"
"44,28 : 0.21"
"28,45 : 0.5423"
"45,28 : 0.5423"
"28,46 : 0.264"
"46,28 : 0.264"
"28,47 : 0.7495"
"47,28 : 0.7495"
"28,48 : 0.4752"
"48,28 : 0.4752"
"28,49 : 0.6772"
"49,28 : 0.6772"
"29,30 : 0.7701"
"30,29 : 0.7701"
"29,31 : 0.6185"
"31,29 : 0.6185"
"29,32 : 0.6021"
"32,29 : 0.6021"
"29,33 : 0.0707"
"33,29 : 0.0707"
"29,34 : 0.0985"
"34,29 : 0.0985"
"29,35 : 0.2778"
"35,29 : 0.2778"
"29,36 : 0.4005"
"36,29 : 0.4005"
"29,37 : 0.3437"
"37,29 : 0.3437"
"29,38 : 0.1513"
"38,29 : 0.1513"
"29,39 : 0.2209"
"39,29 : 0.2209"
"29,40 : 0.4249"
"40,29 : 0.4249"
"29,41 : 0.2377"
"41,29 : 0.2377"
"29,42 : 0.6073"
"42,29 : 0.6073"
"29,43 : 0.2997"
"43,29 : 0.2997"
"29,44 : 0.4264"
"44,29 : 0.4264"
"29,45 : 0.4741"
"45,29 : 0.4741"
"29,46 : 0.2864"
"46,29 : 0.2864"
"29,47 : 0.4855"
"47,29 : 0.4855"
"29,48 : 0.2062"
"48,29 : 0.2062"
"29,49 : 0.3864"
"49,29 : 0.3864"
"30,31 : 0.8261"
"31,30 : 0.8261"
"30,32 : 0.9309"
"32,30 : 0.9309"
"30,33 : 0.8402"
"33,30 : 0.8402"
"30,34 : 0.858"
"34,30 : 0.858"
"30,35 : 0.7134"
"35,30 : 0.7134"
"30,36 : 0.4966"
"36,30 : 0.4966"
"30,37 : 1.0448"
"37,30 : 1.0448"
"30,38 : 0.8839"
"38,30 : 0.8839"
"30,39 : 0.9441"
"39,30 : 0.9441"
"30,40 : 0.3624"
"40,30 : 0.3624"
"30,41 : 0.7433"
"41,30 : 0.7433"
"30,42 : 0.4438"
"42,30 : 0.4438"
"30,43 : 0.52"
"43,30 : 0.52"
"30,44 : 1.1963"
"44,30 : 1.1963"
"30,45 : 0.7157"
"45,30 : 0.7157"
"30,46 : 1.0359"
"46,30 : 1.0359"
"30,47 : 0.29"
"47,30 : 0.29"
"30,48 : 0.7131"
"48,30 : 0.7131"
"30,49 : 0.5474"
"49,30 : 0.5474"
"31,32 : 1.1952"
"32,31 : 1.1952"
"31,33 : 0.6353"
"33,31 : 0.6353"
"31,34 : 0.6084"
"34,31 : 0.6084"
"31,35 : 0.3421"
"35,31 : 0.3421"
"31,36 : 0.386"
"36,31 : 0.386"
"31,37 : 0.5601"
"37,31 : 0.5601"
"31,38 : 0.5665"
"38,31 : 0.5665"
"31,39 : 0.8184"
"39,31 : 0.8184"
"31,40 : 0.5554"
"40,31 : 0.5554"
"31,41 : 0.8276"
"41,31 : 0.8276"
"31,42 : 0.9868"
"42,31 : 0.9868"
"31,43 : 0.7272"
"43,31 : 0.7272"
"31,44 : 0.8438"
"44,31 : 0.8438"
"31,45 : 0.1581"
"45,31 : 0.1581"
"31,46 : 0.8415"
"46,31 : 0.8415"
"31,47 : 0.6181"
"47,31 : 0.6181"
"31,48 : 0.7849"
"48,31 : 0.7849"
"31,49 : 0.8523"
"49,31 : 0.8523"
"32,33 : 0.6217"
"33,32 : 0.6217"
"32,34 : 0.6621"
"34,32 : 0.6621"
"32,35 : 0.858"
"35,32 : 0.858"
"32,36 : 0.8709"
"36,32 : 0.8709"
"32,37 : 0.8919"
"37,32 : 0.8919"
"32,38 : 0.725"
"38,32 : 0.725"
"32,39 : 0.5001"
"39,32 : 0.5001"
"32,40 : 0.7697"
"40,32 : 0.7697"
"32,41 : 0.3701"
"41,32 : 0.3701"
"32,42 : 0.5049"
"42,32 : 0.5049"
"32,43 : 0.51"
"43,32 : 0.51"
"32,44 : 0.7801"
"44,32 : 0.7801"
"32,45 : 1.0395"
"45,32 : 1.0395"
"32,46 : 0.5714"
"46,32 : 0.5714"
"32,47 : 0.7716"
"47,32 : 0.7716"
"32,48 : 0.4111"
"48,32 : 0.4111"
"32,49 : 0.4111"
"49,32 : 0.4111"
"33,34 : 0.0412"
"34,33 : 0.0412"
"33,35 : 0.3036"
"35,33 : 0.3036"
"33,36 : 0.4554"
"36,33 : 0.4554"
"33,37 : 0.29"
"37,33 : 0.29"
"33,38 : 0.1044"
"38,33 : 0.1044"
"33,39 : 0.1838"
"39,33 : 0.1838"
"33,40 : 0.4924"
"40,33 : 0.4924"
"33,41 : 0.2729"
"41,33 : 0.2729"
"33,42 : 0.6707"
"42,33 : 0.6707"
"33,43 : 0.3672"
"43,33 : 0.3672"
"33,44 : 0.3561"
"44,33 : 0.3561"
"33,45 : 0.4998"
"45,33 : 0.4998"
"33,46 : 0.2302"
"46,33 : 0.2302"
"33,47 : 0.5547"
"47,33 : 0.5547"
"33,48 : 0.25"
"48,33 : 0.25"
"33,49 : 0.4464"
"49,33 : 0.4464"
"34,35 : 0.2844"
"35,34 : 0.2844"
"34,36 : 0.4535"
"36,34 : 0.4535"
"34,37 : 0.2502"
"37,34 : 0.2502"
"34,38 : 0.0632"
"38,34 : 0.0632"
"34,39 : 0.211"
"39,34 : 0.211"
"34,40 : 0.5048"
"40,34 : 0.5048"
"34,41 : 0.314"
"41,34 : 0.314"
"34,42 : 0.7052"
"42,34 : 0.7052"
"34,43 : 0.3981"
"43,34 : 0.3981"
"34,44 : 0.3413"
"44,34 : 0.3413"
"34,45 : 0.478"
"45,34 : 0.478"
"34,46 : 0.2419"
"46,34 : 0.2419"
"34,47 : 0.5701"
"47,34 : 0.5701"
"34,48 : 0.2902"
"48,34 : 0.2902"
"34,49 : 0.4827"
"49,34 : 0.4827"
"35,36 : 0.2263"
"36,35 : 0.2263"
"35,37 : 0.3523"
"37,35 : 0.3523"
"35,38 : 0.2602"
"38,35 : 0.2602"
"35,39 : 0.487"
"39,35 : 0.487"
"35,40 : 0.3585"
"40,35 : 0.3585"
"35,41 : 0.4884"
"41,35 : 0.4884"
"35,42 : 0.7225"
"42,35 : 0.7225"
"35,43 : 0.4245"
"43,35 : 0.4245"
"35,44 : 0.5846"
"44,35 : 0.5846"
"35,45 : 0.197"
"45,35 : 0.197"
"35,46 : 0.5261"
"46,35 : 0.5261"
"35,47 : 0.4346"
"47,35 : 0.4346"
"35,48 : 0.4469"
"48,35 : 0.4469"
"35,49 : 0.5471"
"49,35 : 0.5471"
"36,37 : 0.5763"
"37,36 : 0.5763"
"36,38 : 0.4531"
"38,36 : 0.4531"
"36,39 : 0.62"
"39,36 : 0.62"
"36,40 : 0.1712"
"40,36 : 0.1712"
"36,41 : 0.5292"
"41,36 : 0.5292"
"36,42 : 0.6017"
"42,36 : 0.6017"
"36,43 : 0.368"
"43,36 : 0.368"
"36,44 : 0.7855"
"44,36 : 0.7855"
"36,45 : 0.2408"
"45,36 : 0.2408"
"36,46 : 0.6847"
"46,36 : 0.6847"
"36,47 : 0.2402"
"47,36 : 0.2402"
"36,48 : 0.4847"
"48,36 : 0.4847"
"36,49 : 0.4884"
"49,36 : 0.4884"
"37,38 : 0.1924"
"38,37 : 0.1924"
"37,39 : 0.3981"
"39,37 : 0.3981"
"37,40 : 0.6825"
"40,37 : 0.6825"
"37,41 : 0.5614"
"41,37 : 0.5614"
"37,42 : 0.9483"
"42,37 : 0.9483"
"37,43 : 0.636"
"43,37 : 0.636"
"37,44 : 0.2886"
"44,37 : 0.2886"
"37,45 : 0.4851"
"45,37 : 0.4851"
"37,46 : 0.3624"
"46,37 : 0.3624"
"37,47 : 0.756"
"47,37 : 0.756"
"37,48 : 0.54"
"48,37 : 0.54"
"37,49 : 0.7299"
"49,37 : 0.7299"
"38,39 : 0.2625"
"39,38 : 0.2625"
"38,40 : 0.525"
"40,38 : 0.525"
"38,41 : 0.3766"
"41,38 : 0.3766"
"38,42 : 0.7569"
"42,38 : 0.7569"
"38,43 : 0.446"
"43,38 : 0.446"
"38,44 : 0.3324"
"44,38 : 0.3324"
"38,45 : 0.4455"
"45,38 : 0.4455"
"38,46 : 0.2751"
"46,38 : 0.2751"
"38,47 : 0.5941"
"47,38 : 0.5941"
"38,48 : 0.3513"
"48,38 : 0.3513"
"38,49 : 0.5376"
"49,38 : 0.5376"
"39,40 : 0.6236"
"40,39 : 0.6236"
"39,41 : 0.2385"
"41,39 : 0.2385"
"39,42 : 0.6882"
"42,39 : 0.6882"
"39,43 : 0.4301"
"43,39 : 0.4301"
"39,44 : 0.3102"
"44,39 : 0.3102"
"39,45 : 0.6835"
"45,39 : 0.6835"
"39,46 : 0.1"
"46,39 : 0.1"
"39,47 : 0.6742"
"47,39 : 0.6742"
"39,48 : 0.2476"
"48,39 : 0.2476"
"39,49 : 0.4623"
"49,39 : 0.4623"
"40,41 : 0.471"
"41,40 : 0.471"
"40,42 : 0.4383"
"42,40 : 0.4383"
"40,43 : 0.2625"
"43,40 : 0.2625"
"40,44 : 0.846"
"44,40 : 0.846"
"40,45 : 0.4119"
"45,40 : 0.4119"
"40,46 : 0.7058"
"46,40 : 0.7058"
"40,47 : 0.0762"
"47,40 : 0.0762"
"40,48 : 0.4301"
"48,40 : 0.4301"
"40,49 : 0.3636"
"49,40 : 0.3636"
"41,42 : 0.45"
"42,41 : 0.45"
"41,43 : 0.2256"
"43,41 : 0.2256"
"41,44 : 0.5456"
"44,41 : 0.5456"
"41,45 : 0.6736"
"45,41 : 0.6736"
"41,46 : 0.3384"
"46,41 : 0.3384"
"41,47 : 0.5016"
"47,41 : 0.5016"
"41,48 : 0.0447"
"48,41 : 0.0447"
"41,49 : 0.2263"
"49,41 : 0.2263"
"42,43 : 0.314"
"43,42 : 0.314"
"42,44 : 0.9913"
"44,42 : 0.9913"
"42,45 : 0.8352"
"45,42 : 0.8352"
"42,46 : 0.7882"
"46,42 : 0.7882"
"42,47 : 0.3941"
"47,42 : 0.3941"
