x,y
0.94,0.61
0.3,0.79
0.13,0.47
0.71,0.88
0.28,0.12
0.58,0.51
0.07,0.43
0.42,0.34
0.93,0.39
0.06,0.16
0.31,0.35
0.79,0.82
0.79,0.68
0.43,0.82
0.99,0.36
0.65,0.31
0.22,0.57
0.28,0.55
0.31,0.96
0.05,0.85
0.91,0.2
0.56,0.98
0.27,0.83
0.66,0.28
0.19,0.43
0.24,0.9
0.93,0.93
0.34,0.55
0.62,0.17
0.71,0.94
0.96,0.72
0.31,0.44
0.93,0.0
0.84,0.95
0.22,1.0
0.37,0.95
0.95,0.18
0.43,0.41
0.77,0.96
0.72,0.18
0.12,0.2
0.97,0.76
0.6,0.67
0.01,0.89
0.28,0.83
0.47,0.83
0.79,0.82
0.57,0.47
0.14,0.61
0.83,0.02

Distanze
"0,1 : 0.6648"
"1,0 : 0.6648"
"0,2 : 0.822"
"2,0 : 0.822"
"0,3 : 0.3547"
"3,0 : 0.3547"
"0,4 : 0.822"
"4,0 : 0.822"
"0,5 : 0.3736"
"5,0 : 0.3736"
"0,6 : 0.8884"
"6,0 : 0.8884"
"0,7 : 0.5859"
"7,0 : 0.5859"
"0,8 : 0.2202"
"8,0 : 0.2202"
"0,9 : 0.9884"
"9,0 : 0.9884"
"0,10 : 0.6815"
"10,0 : 0.6815"
"0,11 : 0.2581"
"11,0 : 0.2581"
"0,12 : 0.1655"
"12,0 : 0.1655"
"0,13 : 0.5515"
"13,0 : 0.5515"
"0,14 : 0.255"
"14,0 : 0.255"
"0,15 : 0.4173"
"15,0 : 0.4173"
"0,16 : 0.7211"
"16,0 : 0.7211"
"0,17 : 0.6627"
"17,0 : 0.6627"
"0,18 : 0.7207"
"18,0 : 0.7207"
"0,19 : 0.9218"
"19,0 : 0.9218"
"0,20 : 0.4111"
"20,0 : 0.4111"
"0,21 : 0.5304"
"21,0 : 0.5304"
"0,22 : 0.7052"
"22,0 : 0.7052"
"0,23 : 0.4328"
"23,0 : 0.4328"
"0,24 : 0.7713"
"24,0 : 0.7713"
"0,25 : 0.7577"
"25,0 : 0.7577"
"0,26 : 0.3202"
"26,0 : 0.3202"
"0,27 : 0.603"
"27,0 : 0.603"
"0,28 : 0.5441"
"28,0 : 0.5441"
"0,29 : 0.4022"
"29,0 : 0.4022"
"0,30 : 0.1118"
"30,0 : 0.1118"
"0,31 : 0.6525"
"31,0 : 0.6525"
"0,32 : 0.6101"
"32,0 : 0.6101"
"0,33 : 0.3544"
"33,0 : 0.3544"
"0,34 : 0.8188"
"34,0 : 0.8188"
"0,35 : 0.6637"
"35,0 : 0.6637"
"0,36 : 0.4301"
"36,0 : 0.4301"
"0,37 : 0.5478"
"37,0 : 0.5478"
"0,38 : 0.3891"
"38,0 : 0.3891"
"0,39 : 0.483"
"39,0 : 0.483"
"0,40 : 0.9168"
"40,0 : 0.9168"
"0,41 : 0.153"
"41,0 : 0.153"
"0,42 : 0.3453"
"42,0 : 0.3453"
"0,43 : 0.9712"
"43,0 : 0.9712"
"0,44 : 0.6957"
"44,0 : 0.6957"
"0,45 : 0.5189"
"45,0 : 0.5189"
"0,46 : 0.2581"
"46,0 : 0.2581"
"0,47 : 0.3956"
"47,0 : 0.3956"
"0,48 : 0.8"
"48,0 : 0.8"
"0,49 : 0.6002"
"49,0 : 0.6002"
"1,2 : 0.3624"
"2,1 : 0.3624"
"1,3 : 0.4198"
"3,1 : 0.4198"
"1,4 : 0.6703"
"4,1 : 0.6703"
"1,5 : 0.396"
"5,1 : 0.396"
"1,6 : 0.4272"
"6,1 : 0.4272"
"1,7 : 0.4657"
"7,1 : 0.4657"
"1,8 : 0.7463"
"8,1 : 0.7463"
"1,9 : 0.6742"
"9,1 : 0.6742"
"1,10 : 0.4401"
"10,1 : 0.4401"
"1,11 : 0.4909"
"11,1 : 0.4909"
"1,12 : 0.5022"
"12,1 : 0.5022"
"1,13 : 0.1334"
"13,1 : 0.1334"
"1,14 : 0.813"
"14,1 : 0.813"
"1,15 : 0.5941"
"15,1 : 0.5941"
"1,16 : 0.2341"
"16,1 : 0.2341"
"1,17 : 0.2408"
"17,1 : 0.2408"
"1,18 : 0.1703"
"18,1 : 0.1703"
"1,19 : 0.2571"
"19,1 : 0.2571"
"1,20 : 0.8486"
"20,1 : 0.8486"
"1,21 : 0.322"
"21,1 : 0.322"
"1,22 : 0.05"
"22,1 : 0.05"
"1,23 : 0.6243"
"23,1 : 0.6243"
"1,24 : 0.3764"
"24,1 : 0.3764"
"1,25 : 0.1253"
"25,1 : 0.1253"
"1,26 : 0.6454"
"26,1 : 0.6454"
"1,27 : 0.2433"
"27,1 : 0.2433"
"1,28 : 0.6977"
"28,1 : 0.6977"
"1,29 : 0.4366"
"29,1 : 0.4366"
"1,30 : 0.6637"
"30,1 : 0.6637"
"1,31 : 0.3501"
"31,1 : 0.3501"
"1,32 : 1.0104"
"32,1 : 1.0104"
"1,33 : 0.5632"
"33,1 : 0.5632"
"1,34 : 0.2247"
"34,1 : 0.2247"
"1,35 : 0.1746"
"35,1 : 0.1746"
"1,36 : 0.8914"
"36,1 : 0.8914"
"1,37 : 0.4016"
"37,1 : 0.4016"
"1,38 : 0.4998"
"38,1 : 0.4998"
"1,39 : 0.7406"
"39,1 : 0.7406"
"1,40 : 0.6168"
"40,1 : 0.6168"
"1,41 : 0.6707"
"41,1 : 0.6707"
"1,42 : 0.3231"
"42,1 : 0.3231"
"1,43 : 0.3068"
"43,1 : 0.3068"
"1,44 : 0.0447"
"44,1 : 0.0447"
"1,45 : 0.1746"
"45,1 : 0.1746"
"1,46 : 0.4909"
"46,1 : 0.4909"
"1,47 : 0.4187"
"47,1 : 0.4187"
"1,48 : 0.2408"
"48,1 : 0.2408"
"1,49 : 0.9348"
"49,1 : 0.9348"
"2,3 : 0.7103"
"3,2 : 0.7103"
"2,4 : 0.3808"
"4,2 : 0.3808"
"2,5 : 0.4518"
"5,2 : 0.4518"
"2,6 : 0.0721"
"6,2 : 0.0721"
"2,7 : 0.3178"
"7,2 : 0.3178"
"2,8 : 0.804"
"8,2 : 0.804"
"2,9 : 0.3178"
"9,2 : 0.3178"
"2,10 : 0.2163"
"10,2 : 0.2163"
"2,11 : 0.7471"
"11,2 : 0.7471"
"2,12 : 0.6926"
"12,2 : 0.6926"
"2,13 : 0.461"
"13,2 : 0.461"
"2,14 : 0.867"
"14,2 : 0.867"
"2,15 : 0.5441"
"15,2 : 0.5441"
"2,16 : 0.1345"
"16,2 : 0.1345"
"2,17 : 0.17"
"17,2 : 0.17"
"2,18 : 0.522"
"18,2 : 0.522"
"2,19 : 0.3883"
"19,2 : 0.3883"
"2,20 : 0.8254"
"20,2 : 0.8254"
"2,21 : 0.6671"
"21,2 : 0.6671"
"2,22 : 0.3863"
"22,2 : 0.3863"
"2,23 : 0.563"
"23,2 : 0.563"
"2,24 : 0.0721"
"24,2 : 0.0721"
"2,25 : 0.4438"
"25,2 : 0.4438"
"2,26 : 0.9228"
"26,2 : 0.9228"
"2,27 : 0.2247"
"27,2 : 0.2247"
"2,28 : 0.5745"
"28,2 : 0.5745"
"2,29 : 0.7465"
"29,2 : 0.7465"
"2,30 : 0.8668"
"30,2 : 0.8668"
"2,31 : 0.1825"
"31,2 : 0.1825"
"2,32 : 0.9278"
"32,2 : 0.9278"
"2,33 : 0.857"
"33,2 : 0.857"
"2,34 : 0.5376"
"34,2 : 0.5376"
"2,35 : 0.5367"
"35,2 : 0.5367"
"2,36 : 0.8698"
"36,2 : 0.8698"
"2,37 : 0.3059"
"37,2 : 0.3059"
"2,38 : 0.806"
"38,2 : 0.806"
"2,39 : 0.6574"
"39,2 : 0.6574"
"2,40 : 0.2702"
"40,2 : 0.2702"
"2,41 : 0.8887"
"41,2 : 0.8887"
"2,42 : 0.5108"
"42,2 : 0.5108"
"2,43 : 0.4368"
"43,2 : 0.4368"
"2,44 : 0.39"
"44,2 : 0.39"
"2,45 : 0.4952"
"45,2 : 0.4952"
"2,46 : 0.7471"
"46,2 : 0.7471"
"2,47 : 0.44"
"47,2 : 0.44"
"2,48 : 0.1404"
"48,2 : 0.1404"
"2,49 : 0.8322"
"49,2 : 0.8322"
"3,4 : 0.8732"
"4,3 : 0.8732"
"3,5 : 0.3922"
"5,3 : 0.3922"
"3,6 : 0.7824"
"6,3 : 0.7824"
"3,7 : 0.6129"
"7,3 : 0.6129"
"3,8 : 0.5371"
"8,3 : 0.5371"
"3,9 : 0.97"
"9,3 : 0.97"
"3,10 : 0.664"
"10,3 : 0.664"
"3,11 : 0.1"
"11,3 : 0.1"
"3,12 : 0.2154"
"12,3 : 0.2154"
"3,13 : 0.2864"
"13,3 : 0.2864"
"3,14 : 0.5906"
"14,3 : 0.5906"
"3,15 : 0.5731"
"15,3 : 0.5731"
"3,16 : 0.5798"
"16,3 : 0.5798"
"3,17 : 0.542"
"17,3 : 0.542"
"3,18 : 0.4079"
"18,3 : 0.4079"
"3,19 : 0.6607"
"19,3 : 0.6607"
"3,20 : 0.7088"
"20,3 : 0.7088"
"3,21 : 0.1803"
"21,3 : 0.1803"
"3,22 : 0.4428"
"22,3 : 0.4428"
"3,23 : 0.6021"
"23,3 : 0.6021"
"3,24 : 0.6877"
"24,3 : 0.6877"
"3,25 : 0.4704"
"25,3 : 0.4704"
"3,26 : 0.2256"
"26,3 : 0.2256"
"3,27 : 0.4958"
"27,3 : 0.4958"
"3,28 : 0.7157"
"28,3 : 0.7157"
"3,29 : 0.06"
"29,3 : 0.06"
"3,30 : 0.2968"
"30,3 : 0.2968"
"3,31 : 0.5946"
"31,3 : 0.5946"
"3,32 : 0.9071"
"32,3 : 0.9071"
"3,33 : 0.1476"
"33,3 : 0.1476"
"3,34 : 0.5045"
"34,3 : 0.5045"
"3,35 : 0.3471"
"35,3 : 0.3471"
"3,36 : 0.74"
"36,3 : 0.74"
"3,37 : 0.5471"
"37,3 : 0.5471"
"3,38 : 0.1"
"38,3 : 0.1"
"3,39 : 0.7001"
"39,3 : 0.7001"
"3,40 : 0.9003"
"40,3 : 0.9003"
"3,41 : 0.2864"
"41,3 : 0.2864"
"3,42 : 0.2371"
"42,3 : 0.2371"
"3,43 : 0.7001"
"43,3 : 0.7001"
"3,44 : 0.4329"
"44,3 : 0.4329"
"3,45 : 0.2452"
"45,3 : 0.2452"
"3,46 : 0.1"
"46,3 : 0.1"
"3,47 : 0.4332"
"47,3 : 0.4332"
"3,48 : 0.6307"
"48,3 : 0.6307"
"3,49 : 0.8683"
"49,3 : 0.8683"
"4,5 : 0.492"
"5,4 : 0.492"
"4,6 : 0.3744"
"6,4 : 0.3744"
"4,7 : 0.2608"
"7,4 : 0.2608"
"4,8 : 0.7038"
"8,4 : 0.7038"
"4,9 : 0.2236"
"9,4 : 0.2236"
"4,10 : 0.2319"
"10,4 : 0.2319"
"4,11 : 0.8661"
"11,4 : 0.8661"
"4,12 : 0.7574"
"12,4 : 0.7574"
"4,13 : 0.7159"
"13,4 : 0.7159"
"4,14 : 0.7495"
"14,4 : 0.7495"
"4,15 : 0.4159"
"15,4 : 0.4159"
"4,16 : 0.454"
"16,4 : 0.454"
"4,17 : 0.43"
"17,4 : 0.43"
"4,18 : 0.8405"
"18,4 : 0.8405"
"4,19 : 0.7654"
"19,4 : 0.7654"
"4,20 : 0.6351"
"20,4 : 0.6351"
"4,21 : 0.9044"
"21,4 : 0.9044"
"4,22 : 0.7101"
"22,4 : 0.7101"
"4,23 : 0.4123"
"23,4 : 0.4123"
"4,24 : 0.3228"
"24,4 : 0.3228"
"4,25 : 0.781"
"25,4 : 0.781"
"4,26 : 1.0386"
"26,4 : 1.0386"
"4,27 : 0.4342"
"27,4 : 0.4342"
"4,28 : 0.3437"
"28,4 : 0.3437"
"4,29 : 0.9259"
"29,4 : 0.9259"
"4,30 : 0.9069"
"30,4 : 0.9069"
"4,31 : 0.3214"
"31,4 : 0.3214"
"4,32 : 0.661"
"32,4 : 0.661"
"4,33 : 1.0012"
"33,4 : 1.0012"
"4,34 : 0.882"
"34,4 : 0.882"
"4,35 : 0.8349"
"35,4 : 0.8349"
"4,36 : 0.6727"
"36,4 : 0.6727"
"4,37 : 0.3265"
"37,4 : 0.3265"
"4,38 : 0.9725"
"38,4 : 0.9725"
"4,39 : 0.4441"
"39,4 : 0.4441"
"4,40 : 0.1789"
"40,4 : 0.1789"
"4,41 : 0.9411"
"41,4 : 0.9411"
"4,42 : 0.6363"
"42,4 : 0.6363"
"4,43 : 0.816"
"43,4 : 0.816"
"4,44 : 0.71"
"44,4 : 0.71"
"4,45 : 0.735"
"45,4 : 0.735"
"4,46 : 0.8661"
"46,4 : 0.8661"
"4,47 : 0.4545"
"47,4 : 0.4545"
"4,48 : 0.5096"
"48,4 : 0.5096"
"4,49 : 0.559"
"49,4 : 0.559"
"5,6 : 0.5162"
"6,5 : 0.5162"
"5,7 : 0.2335"
"7,5 : 0.2335"
"5,8 : 0.37"
"8,5 : 0.37"
"5,9 : 0.6268"
"9,5 : 0.6268"
"5,10 : 0.3138"
"10,5 : 0.3138"
"5,11 : 0.3744"
"11,5 : 0.3744"
"5,12 : 0.2702"
"12,5 : 0.2702"
"5,13 : 0.3444"
"13,5 : 0.3444"
"5,14 : 0.4366"
"14,5 : 0.4366"
"5,15 : 0.2119"
"15,5 : 0.2119"
"5,16 : 0.365"
"16,5 : 0.365"
"5,17 : 0.3027"
"17,5 : 0.3027"
"5,18 : 0.5248"
"18,5 : 0.5248"
"5,19 : 0.6297"
"19,5 : 0.6297"
"5,20 : 0.4528"
"20,5 : 0.4528"
"5,21 : 0.4704"
"21,5 : 0.4704"
"5,22 : 0.4455"
"22,5 : 0.4455"
"5,23 : 0.2435"
"23,5 : 0.2435"
"5,24 : 0.3981"
"24,5 : 0.3981"
"5,25 : 0.5174"
"25,5 : 0.5174"
"5,26 : 0.5467"
"26,5 : 0.5467"
"5,27 : 0.2433"
"27,5 : 0.2433"
"5,28 : 0.3423"
"28,5 : 0.3423"
"5,29 : 0.4492"
"29,5 : 0.4492"
"5,30 : 0.4342"
"30,5 : 0.4342"
"5,31 : 0.2789"
"31,5 : 0.2789"
"5,32 : 0.6185"
"32,5 : 0.6185"
"5,33 : 0.5111"
"33,5 : 0.5111"
"5,34 : 0.608"
"34,5 : 0.608"
"5,35 : 0.4875"
"35,5 : 0.4875"
"5,36 : 0.4958"
"36,5 : 0.4958"
"5,37 : 0.1803"
"37,5 : 0.1803"
"5,38 : 0.4885"
"38,5 : 0.4885"
"5,39 : 0.3585"
"39,5 : 0.3585"
"5,40 : 0.5547"
"40,5 : 0.5547"
"5,41 : 0.4632"
"41,5 : 0.4632"
"5,42 : 0.1612"
"42,5 : 0.1612"
"5,43 : 0.6851"
"43,5 : 0.6851"
"5,44 : 0.4386"
"44,5 : 0.4386"
"5,45 : 0.3384"
"45,5 : 0.3384"
"5,46 : 0.3744"
"46,5 : 0.3744"
"5,47 : 0.0412"
"47,5 : 0.0412"
"5,48 : 0.4512"
"48,5 : 0.4512"
"5,49 : 0.5501"
"49,5 : 0.5501"
"6,7 : 0.3614"
"7,6 : 0.3614"
"6,8 : 0.8609"
"8,6 : 0.8609"
"6,9 : 0.2702"
"9,6 : 0.2702"
"6,10 : 0.253"
"10,6 : 0.253"
"6,11 : 0.8188"
"11,6 : 0.8188"
"6,12 : 0.7622"
"12,6 : 0.7622"
"6,13 : 0.5308"
"13,6 : 0.5308"
"6,14 : 0.9227"
"14,6 : 0.9227"
"6,15 : 0.5923"
"15,6 : 0.5923"
"6,16 : 0.2052"
"16,6 : 0.2052"
"6,17 : 0.2419"
"17,6 : 0.2419"
"6,18 : 0.5818"
"18,6 : 0.5818"
"6,19 : 0.4205"
"19,6 : 0.4205"
"6,20 : 0.8709"
"20,6 : 0.8709"
"6,21 : 0.7366"
"21,6 : 0.7366"
"6,22 : 0.4472"
"22,6 : 0.4472"
"6,23 : 0.6088"
"23,6 : 0.6088"
"6,24 : 0.12"
"24,6 : 0.12"
"6,25 : 0.4998"
"25,6 : 0.4998"
"6,26 : 0.9948"
"26,6 : 0.9948"
"6,27 : 0.2955"
"27,6 : 0.2955"
"6,28 : 0.6084"
"28,6 : 0.6084"
"6,29 : 0.8184"
"29,6 : 0.8184"
"6,30 : 0.9361"
"30,6 : 0.9361"
"6,31 : 0.2402"
"31,6 : 0.2402"
"6,32 : 0.9615"
"32,6 : 0.9615"
"6,33 : 0.9291"
"33,6 : 0.9291"
"6,34 : 0.5894"
"34,6 : 0.5894"
"6,35 : 0.6003"
"35,6 : 0.6003"
"6,36 : 0.9148"
"36,6 : 0.9148"
"6,37 : 0.3606"
"37,6 : 0.3606"
"6,38 : 0.878"
"38,6 : 0.878"
"6,39 : 0.6964"
"39,6 : 0.6964"
"6,40 : 0.2354"
"40,6 : 0.2354"
"6,41 : 0.9586"
"41,6 : 0.9586"
"6,42 : 0.5818"
"42,6 : 0.5818"
"6,43 : 0.4639"
"43,6 : 0.4639"
"6,44 : 0.4518"
"44,6 : 0.4518"
"6,45 : 0.5657"
"45,6 : 0.5657"
"6,46 : 0.8188"
"46,6 : 0.8188"
"6,47 : 0.5016"
"47,6 : 0.5016"
"6,48 : 0.1931"
"48,6 : 0.1931"
"6,49 : 0.8635"
"49,6 : 0.8635"
"7,8 : 0.5124"
"8,7 : 0.5124"
"7,9 : 0.4025"
"9,7 : 0.4025"
"7,10 : 0.1105"
"10,7 : 0.1105"
"7,11 : 0.6061"
"11,7 : 0.6061"
"7,12 : 0.5025"
"12,7 : 0.5025"
"7,13 : 0.4801"
"13,7 : 0.4801"
"7,14 : 0.5704"
"14,7 : 0.5704"
"7,15 : 0.2319"
"15,7 : 0.2319"
"7,16 : 0.3048"
"16,7 : 0.3048"
"7,17 : 0.2524"
"17,7 : 0.2524"
"7,18 : 0.6297"
"18,7 : 0.6297"
"7,19 : 0.6301"
"19,7 : 0.6301"
"7,20 : 0.5096"
"20,7 : 0.5096"
"7,21 : 0.6551"
"21,7 : 0.6551"
"7,22 : 0.5124"
"22,7 : 0.5124"
"7,23 : 0.2474"
"23,7 : 0.2474"
"7,24 : 0.247"
"24,7 : 0.247"
"7,25 : 0.5882"
"25,7 : 0.5882"
"7,26 : 0.7799"
"26,7 : 0.7799"
"7,27 : 0.2247"
"27,7 : 0.2247"
"7,28 : 0.2625"
"28,7 : 0.2625"
"7,29 : 0.6664"
"29,7 : 0.6664"
"7,30 : 0.6603"
"30,7 : 0.6603"
"7,31 : 0.1487"
"31,7 : 0.1487"
"7,32 : 0.6129"
"32,7 : 0.6129"
"7,33 : 0.7406"
"33,7 : 0.7406"
"7,34 : 0.6896"
"34,7 : 0.6896"
"7,35 : 0.612"
"35,7 : 0.612"
"7,36 : 0.5536"
"36,7 : 0.5536"
"7,37 : 0.0707"
"37,7 : 0.0707"
"7,38 : 0.712"
"38,7 : 0.712"
"7,39 : 0.34"
"39,7 : 0.34"
"7,40 : 0.3311"
"40,7 : 0.3311"
"7,41 : 0.692"
"41,7 : 0.692"
"7,42 : 0.3759"
"42,7 : 0.3759"
"7,43 : 0.686"
"43,7 : 0.686"
"7,44 : 0.5096"
"44,7 : 0.5096"
"7,45 : 0.4925"
"45,7 : 0.4925"
"7,46 : 0.6061"
"46,7 : 0.6061"
"7,47 : 0.1985"
"47,7 : 0.1985"
"7,48 : 0.389"
"48,7 : 0.389"
"7,49 : 0.5201"
"49,7 : 0.5201"
"8,9 : 0.8999"
"9,8 : 0.8999"
"8,10 : 0.6213"
"10,8 : 0.6213"
"8,11 : 0.4522"
"11,8 : 0.4522"
"8,12 : 0.322"
"12,8 : 0.322"
"8,13 : 0.6595"
"13,8 : 0.6595"
"8,14 : 0.0671"
"14,8 : 0.0671"
"8,15 : 0.2912"
"15,8 : 0.2912"
"8,16 : 0.7325"
"16,8 : 0.7325"
"8,17 : 0.6694"
"17,8 : 0.6694"
"8,18 : 0.8422"
"18,8 : 0.8422"
"8,19 : 0.993"
"19,8 : 0.993"
"8,20 : 0.191"
"20,8 : 0.191"
"8,21 : 0.6964"
"21,8 : 0.6964"
"8,22 : 0.7932"
"22,8 : 0.7932"
"8,23 : 0.2915"
"23,8 : 0.2915"
"8,24 : 0.7411"
"24,8 : 0.7411"
"8,25 : 0.858"
"25,8 : 0.858"
"8,26 : 0.54"
"26,8 : 0.54"
"8,27 : 0.6113"
"27,8 : 0.6113"
"8,28 : 0.3801"
"28,8 : 0.3801"
"8,29 : 0.5924"
"29,8 : 0.5924"
"8,30 : 0.3314"
"30,8 : 0.3314"
"8,31 : 0.622"
"31,8 : 0.622"
"8,32 : 0.39"
"32,8 : 0.39"
"8,33 : 0.5672"
"33,8 : 0.5672"
"8,34 : 0.9361"
"34,8 : 0.9361"
"8,35 : 0.792"
"35,8 : 0.792"
"8,36 : 0.211"
"36,8 : 0.211"
"8,37 : 0.5004"
"37,8 : 0.5004"
"8,38 : 0.592"
"38,8 : 0.592"
"8,39 : 0.297"
"39,8 : 0.297"
"8,40 : 0.832"
"40,8 : 0.832"
"8,41 : 0.3722"
"41,8 : 0.3722"
"8,42 : 0.4328"
"42,8 : 0.4328"
"8,43 : 1.0471"
"43,8 : 1.0471"
"8,44 : 0.7849"
"44,8 : 0.7849"
"8,45 : 0.6366"
"45,8 : 0.6366"
"8,46 : 0.4522"
"46,8 : 0.4522"
"8,47 : 0.3688"
"47,8 : 0.3688"
"8,48 : 0.8201"
"48,8 : 0.8201"
"8,49 : 0.3833"
"49,8 : 0.3833"
"9,10 : 0.314"
"10,9 : 0.314"
"9,11 : 0.9841"
"11,9 : 0.9841"
"9,12 : 0.8963"
"12,9 : 0.8963"
"9,13 : 0.7566"
"13,9 : 0.7566"
"9,14 : 0.9513"
"14,9 : 0.9513"
"9,15 : 0.6088"
"15,9 : 0.6088"
"9,16 : 0.4401"
"16,9 : 0.4401"
"9,17 : 0.4478"
"17,9 : 0.4478"
"9,18 : 0.8382"
"18,9 : 0.8382"
"9,19 : 0.6901"
"19,9 : 0.6901"
"9,20 : 0.8509"
"20,9 : 0.8509"
"9,21 : 0.9604"
"21,9 : 0.9604"
"9,22 : 0.7021"
"22,9 : 0.7021"
"9,23 : 0.6119"
"23,9 : 0.6119"
"9,24 : 0.2997"
"24,9 : 0.2997"
"9,25 : 0.7616"
"25,9 : 0.7616"
"9,26 : 1.1618"
"26,9 : 1.1618"
"9,27 : 0.4801"
"27,9 : 0.4801"
"9,28 : 0.5601"
"28,9 : 0.5601"
"9,29 : 1.0153"
"29,9 : 1.0153"
"9,30 : 1.06"
"30,9 : 1.06"
"9,31 : 0.3754"
"31,9 : 0.3754"
"9,32 : 0.8846"
"32,9 : 0.8846"
"9,33 : 1.1102"
"33,9 : 1.1102"
"9,34 : 0.8551"
"34,9 : 0.8551"
"9,35 : 0.8486"
"35,9 : 0.8486"
"9,36 : 0.8902"
"36,9 : 0.8902"
"9,37 : 0.4465"
"37,9 : 0.4465"
"9,38 : 1.0696"
"38,9 : 1.0696"
"9,39 : 0.6603"
"39,9 : 0.6603"
"9,40 : 0.0721"
"40,9 : 0.0721"
"9,41 : 1.09"
"41,9 : 1.09"
"9,42 : 0.7428"
"42,9 : 0.7428"
"9,43 : 0.7317"
"43,9 : 0.7317"
"9,44 : 0.7052"
"44,9 : 0.7052"
"9,45 : 0.7855"
"45,9 : 0.7855"
"9,46 : 0.9841"
"46,9 : 0.9841"
"9,47 : 0.5968"
"47,9 : 0.5968"
"9,48 : 0.4571"
"48,9 : 0.4571"
"9,49 : 0.7826"
"49,9 : 0.7826"
"10,11 : 0.6718"
"11,10 : 0.6718"
"10,12 : 0.5825"
"12,10 : 0.5825"
"10,13 : 0.4851"
"13,10 : 0.4851"
"10,14 : 0.6801"
"14,10 : 0.6801"
"10,15 : 0.3423"
"15,10 : 0.3423"
"10,16 : 0.2377"
"16,10 : 0.2377"
"10,17 : 0.2022"
"17,10 : 0.2022"
"10,18 : 0.61"
"18,10 : 0.61"
"10,19 : 0.5636"
"19,10 : 0.5636"
"10,20 : 0.6185"
"20,10 : 0.6185"
"10,21 : 0.6778"
"21,10 : 0.6778"
"10,22 : 0.4817"
"22,10 : 0.4817"
"10,23 : 0.3569"
"23,10 : 0.3569"
"10,24 : 0.1442"
"24,10 : 0.1442"
"10,25 : 0.5544"
"25,10 : 0.5544"
"10,26 : 0.849"
"26,10 : 0.849"
"10,27 : 0.2022"
"27,10 : 0.2022"
"10,28 : 0.3585"
"28,10 : 0.3585"
"10,29 : 0.7128"
"29,10 : 0.7128"
"10,30 : 0.7479"
"30,10 : 0.7479"
"10,31 : 0.09"
"31,10 : 0.09"
"10,32 : 0.712"
"32,10 : 0.712"
"10,33 : 0.8006"
"33,10 : 0.8006"
"10,34 : 0.6562"
"34,10 : 0.6562"
"10,35 : 0.603"
"35,10 : 0.603"
"10,36 : 0.6622"
"36,10 : 0.6622"
"10,37 : 0.1342"
"37,10 : 0.1342"
"10,38 : 0.764"
"38,10 : 0.764"
"10,39 : 0.4438"
"39,10 : 0.4438"
"10,40 : 0.2421"
"40,10 : 0.2421"
"10,41 : 0.777"
"41,10 : 0.777"
"10,42 : 0.4319"
"42,10 : 0.4319"
"10,43 : 0.6177"
"43,10 : 0.6177"
"10,44 : 0.4809"
"44,10 : 0.4809"
"10,45 : 0.506"
"45,10 : 0.506"
"10,46 : 0.6718"
"46,10 : 0.6718"
"10,47 : 0.2864"
"47,10 : 0.2864"
"10,48 : 0.3106"
"48,10 : 0.3106"
"10,49 : 0.6159"
"49,10 : 0.6159"
"11,12 : 0.14"
"12,11 : 0.14"
"11,13 : 0.36"
"13,11 : 0.36"
"11,14 : 0.5016"
"14,11 : 0.5016"
"11,15 : 0.5289"
"15,11 : 0.5289"
"11,16 : 0.6224"
"16,11 : 0.6224"
"11,17 : 0.5771"
"17,11 : 0.5771"
"11,18 : 0.5"
"18,11 : 0.5"
"11,19 : 0.7406"
"19,11 : 0.7406"
"11,20 : 0.6315"
"20,11 : 0.6315"
"11,21 : 0.2802"
"21,11 : 0.2802"
"11,22 : 0.5201"
"22,11 : 0.5201"
"11,23 : 0.5554"
"23,11 : 0.5554"
"11,24 : 0.7156"
"24,11 : 0.7156"
"11,25 : 0.5558"
"25,11 : 0.5558"
"11,26 : 0.178"
"26,11 : 0.178"
"11,27 : 0.5248"
"27,11 : 0.5248"
"11,28 : 0.6719"
"28,11 : 0.6719"
"11,29 : 0.1442"
"29,11 : 0.1442"
"11,30 : 0.1972"
"30,11 : 0.1972"
"11,31 : 0.6122"
"31,11 : 0.6122"
"11,32 : 0.8319"
"32,11 : 0.8319"
"11,33 : 0.1393"
"33,11 : 0.1393"
"11,34 : 0.5977"
"34,11 : 0.5977"
"11,35 : 0.4397"
"35,11 : 0.4397"
"11,36 : 0.6597"
"36,11 : 0.6597"
"11,37 : 0.5456"
"37,11 : 0.5456"
"11,38 : 0.1414"
"38,11 : 0.1414"
"11,39 : 0.6438"
"39,11 : 0.6438"
"11,40 : 0.9129"
"40,11 : 0.9129"
"11,41 : 0.1897"
"41,11 : 0.1897"
"11,42 : 0.2421"
"42,11 : 0.2421"
"11,43 : 0.7831"
"43,11 : 0.7831"
"11,44 : 0.5101"
"44,11 : 0.5101"
"11,45 : 0.3202"
"45,11 : 0.3202"
"11,46 : 0.0"
"46,11 : 0.0"
"11,47 : 0.4134"
"47,11 : 0.4134"
"11,48 : 0.6831"
"48,11 : 0.6831"
"11,49 : 0.801"
"49,11 : 0.801"
"12,13 : 0.3863"
"13,12 : 0.3863"
"12,14 : 0.3774"
"14,12 : 0.3774"
"12,15 : 0.3956"
"15,12 : 0.3956"
"12,16 : 0.5805"
"16,12 : 0.5805"
"12,17 : 0.5263"
"17,12 : 0.5263"
"12,18 : 0.5557"
"18,12 : 0.5557"
"12,19 : 0.7593"
"19,12 : 0.7593"
"12,20 : 0.4948"
"20,12 : 0.4948"
"12,21 : 0.378"
"21,12 : 0.378"
"12,22 : 0.5412"
"22,12 : 0.5412"
"12,23 : 0.4206"
"23,12 : 0.4206"
"12,24 : 0.65"
"24,12 : 0.65"
"12,25 : 0.5924"
"25,12 : 0.5924"
"12,26 : 0.2865"
"26,12 : 0.2865"
"12,27 : 0.4684"
"27,12 : 0.4684"
"12,28 : 0.5376"
"28,12 : 0.5376"
"12,29 : 0.272"
"29,12 : 0.272"
"12,30 : 0.1746"
"30,12 : 0.1746"
"12,31 : 0.5367"
"31,12 : 0.5367"
"12,32 : 0.6943"
"32,12 : 0.6943"
"12,33 : 0.2746"
"33,12 : 0.2746"
"12,34 : 0.6537"
"34,12 : 0.6537"
"12,35 : 0.4993"
"35,12 : 0.4993"
"12,36 : 0.525"
"36,12 : 0.525"
"12,37 : 0.45"
"37,12 : 0.45"
"12,38 : 0.2807"
"38,12 : 0.2807"
"12,39 : 0.5049"
"39,12 : 0.5049"
"12,40 : 0.8242"
"40,12 : 0.8242"
"12,41 : 0.197"
"41,12 : 0.197"
"12,42 : 0.1903"
"42,12 : 0.1903"
"12,43 : 0.8078"
"43,12 : 0.8078"
"12,44 : 0.5316"
"44,12 : 0.5316"
"12,45 : 0.3534"
"45,12 : 0.3534"
"12,46 : 0.14"
"46,12 : 0.14"
"12,47 : 0.3041"
"47,12 : 0.3041"
"12,48 : 0.6538"
"48,12 : 0.6538"
"12,49 : 0.6612"
"49,12 : 0.6612"
"13,14 : 0.7247"
"14,13 : 0.7247"
"13,15 : 0.5554"
"15,13 : 0.5554"
"13,16 : 0.3265"
"16,13 : 0.3265"
"13,17 : 0.3089"
"17,13 : 0.3089"
"13,18 : 0.1844"
"18,13 : 0.1844"
"13,19 : 0.3812"
"19,13 : 0.3812"
"13,20 : 0.7841"
"20,13 : 0.7841"
"13,21 : 0.2062"
"21,13 : 0.2062"
"13,22 : 0.1603"
"22,13 : 0.1603"
"13,23 : 0.5869"
"23,13 : 0.5869"
"13,24 : 0.4579"
"24,13 : 0.4579"
"13,25 : 0.2062"
"25,13 : 0.2062"
"13,26 : 0.512"
"26,13 : 0.512"
"13,27 : 0.2846"
"27,13 : 0.2846"
"13,28 : 0.6772"
"28,13 : 0.6772"
"13,29 : 0.3046"
"29,13 : 0.3046"
"13,30 : 0.5394"
"30,13 : 0.5394"
"13,31 : 0.3985"
"31,13 : 0.3985"
"13,32 : 0.9604"
"32,13 : 0.9604"
"13,33 : 0.4301"
"33,13 : 0.4301"
"13,34 : 0.2766"
"34,13 : 0.2766"
"13,35 : 0.1432"
"35,13 : 0.1432"
"13,36 : 0.8246"
"36,13 : 0.8246"
"13,37 : 0.41"
"37,13 : 0.41"
"13,38 : 0.3677"
"38,13 : 0.3677"
"13,39 : 0.7026"
"39,13 : 0.7026"
"13,40 : 0.6932"
"40,13 : 0.6932"
"13,41 : 0.5433"
"41,13 : 0.5433"
"13,42 : 0.2267"
"42,13 : 0.2267"
"13,43 : 0.4258"
"43,13 : 0.4258"
"13,44 : 0.1503"
"44,13 : 0.1503"
"13,45 : 0.0412"
"45,13 : 0.0412"
"13,46 : 0.36"
"46,13 : 0.36"
"13,47 : 0.377"
"47,13 : 0.377"
"13,48 : 0.3581"
"48,13 : 0.3581"
"13,49 : 0.8944"
"49,13 : 0.8944"
"14,15 : 0.3437"
"15,14 : 0.3437"
"14,16 : 0.7981"
"16,14 : 0.7981"
"14,17 : 0.735"
"17,14 : 0.735"
"14,18 : 0.9069"
"18,14 : 0.9069"
"14,19 : 1.06"
"19,14 : 1.06"
"14,20 : 0.1789"
"20,14 : 0.1789"
"14,21 : 0.7545"
"21,14 : 0.7545"
"14,22 : 0.8598"
"22,14 : 0.8598"
"14,23 : 0.3396"
"23,14 : 0.3396"
"14,24 : 0.8031"
"24,14 : 0.8031"
"14,25 : 0.9242"
"25,14 : 0.9242"
"14,26 : 0.5731"
"26,14 : 0.5731"
"14,27 : 0.6772"
"27,14 : 0.6772"
"14,28 : 0.4159"
"28,14 : 0.4159"
"14,29 : 0.644"
"29,14 : 0.644"
"14,30 : 0.3612"
"30,14 : 0.3612"
"14,31 : 0.6847"
"31,14 : 0.6847"
"14,32 : 0.365"
"32,14 : 0.365"
"14,33 : 0.6088"
"33,14 : 0.6088"
"14,34 : 1.0012"
"34,14 : 1.0012"
"14,35 : 0.8559"
"35,14 : 0.8559"
"14,36 : 0.1844"
"36,14 : 0.1844"
"14,37 : 0.5622"
"37,14 : 0.5622"
"14,38 : 0.6391"
"38,14 : 0.6391"
"14,39 : 0.3245"
"39,14 : 0.3245"
"14,40 : 0.8846"
"40,14 : 0.8846"
"14,41 : 0.4005"
"41,14 : 0.4005"
"14,42 : 0.4982"
"42,14 : 0.4982"
"14,43 : 1.1141"
"43,14 : 1.1141"
"14,44 : 0.8515"
"44,14 : 0.8515"
"14,45 : 0.7009"
"45,14 : 0.7009"
"14,46 : 0.5016"
"46,14 : 0.5016"
"14,47 : 0.4342"
"47,14 : 0.4342"
"14,48 : 0.886"
"48,14 : 0.886"
"14,49 : 0.3758"
"49,14 : 0.3758"
"15,16 : 0.5025"
"16,15 : 0.5025"
"15,17 : 0.441"
"17,15 : 0.441"
"15,18 : 0.7336"
"18,15 : 0.7336"
"15,19 : 0.8072"
"19,15 : 0.8072"
"15,20 : 0.2823"
"20,15 : 0.2823"
"15,21 : 0.676"
"21,15 : 0.676"
"15,22 : 0.644"
"22,15 : 0.644"
"15,23 : 0.0316"
"23,15 : 0.0316"
"15,24 : 0.4754"
"24,15 : 0.4754"
"15,25 : 0.7185"
"25,15 : 0.7185"
"15,26 : 0.6803"
"26,15 : 0.6803"
"15,27 : 0.392"
"27,15 : 0.392"
"15,28 : 0.1432"
"28,15 : 0.1432"
"15,29 : 0.6329"
"29,15 : 0.6329"
"15,30 : 0.514"
"30,15 : 0.514"
"15,31 : 0.364"
"31,15 : 0.364"
"15,32 : 0.4177"
"32,15 : 0.4177"
"15,33 : 0.6676"
"33,15 : 0.6676"
"15,34 : 0.813"
"34,15 : 0.813"
"15,35 : 0.6986"
"35,15 : 0.6986"
"15,36 : 0.327"
"36,15 : 0.327"
"15,37 : 0.2417"
"37,15 : 0.2417"
"15,38 : 0.661"
"38,15 : 0.661"
"15,39 : 0.1476"
"39,15 : 0.1476"
"15,40 : 0.5413"
"40,15 : 0.5413"
"15,41 : 0.5522"
"41,15 : 0.5522"
"15,42 : 0.3635"
"42,15 : 0.3635"
"15,43 : 0.8637"
"43,15 : 0.8637"
"15,44 : 0.6382"
"44,15 : 0.6382"
"15,45 : 0.5503"
"45,15 : 0.5503"
"15,46 : 0.5289"
"46,15 : 0.5289"
"15,47 : 0.1789"
"47,15 : 0.1789"
"15,48 : 0.5917"
"48,15 : 0.5917"
"15,49 : 0.3413"
"49,15 : 0.3413"
"16,17 : 0.0632"
"17,16 : 0.0632"
"16,18 : 0.4002"
"18,16 : 0.4002"
"16,19 : 0.3276"
"19,16 : 0.3276"
"16,20 : 0.7829"
"20,16 : 0.7829"
"16,21 : 0.5326"
"21,16 : 0.5326"
"16,22 : 0.2648"
"22,16 : 0.2648"
"16,23 : 0.527"
"23,16 : 0.527"
"16,24 : 0.1432"
"24,16 : 0.1432"
"16,25 : 0.3306"
"25,16 : 0.3306"
"16,26 : 0.7961"
"26,16 : 0.7961"
"16,27 : 0.1217"
"27,16 : 0.1217"
"16,28 : 0.5657"
"28,16 : 0.5657"
"16,29 : 0.614"
"29,16 : 0.614"
"16,30 : 0.755"
"30,16 : 0.755"
"16,31 : 0.1581"
"31,16 : 0.1581"
"16,32 : 0.9105"
"32,16 : 0.9105"
"16,33 : 0.7272"
"33,16 : 0.7272"
"16,34 : 0.43"
"34,16 : 0.43"
"16,35 : 0.4085"
"35,16 : 0.4085"
"16,36 : 0.8276"
"36,16 : 0.8276"
"16,37 : 0.264"
"37,16 : 0.264"
"16,38 : 0.6742"
"38,16 : 0.6742"
"16,39 : 0.6341"
"39,16 : 0.6341"
"16,40 : 0.3833"
"40,16 : 0.3833"
"16,41 : 0.7737"
"41,16 : 0.7737"
"16,42 : 0.3929"
"42,16 : 0.3929"
"16,43 : 0.3828"
"43,16 : 0.3828"
"16,44 : 0.2668"
"44,16 : 0.2668"
"16,45 : 0.3607"
"45,16 : 0.3607"
"16,46 : 0.6224"
"46,16 : 0.6224"
"16,47 : 0.364"
"47,16 : 0.364"
"16,48 : 0.0894"
"48,16 : 0.0894"
"16,49 : 0.8213"
"49,16 : 0.8213"
"17,18 : 0.4111"
"18,17 : 0.4111"
"17,19 : 0.378"
"19,17 : 0.378"
"17,20 : 0.7207"
"20,17 : 0.7207"
"17,21 : 0.5131"
"21,17 : 0.5131"
"17,22 : 0.2802"
"22,17 : 0.2802"
"17,23 : 0.4662"
"23,17 : 0.4662"
"17,24 : 0.15"
"24,17 : 0.15"
"17,25 : 0.3523"
"25,17 : 0.3523"
"17,26 : 0.7529"
"26,17 : 0.7529"
"17,27 : 0.06"
"27,17 : 0.06"
"17,28 : 0.5099"
"28,17 : 0.5099"
"17,29 : 0.5805"
"29,17 : 0.5805"
"17,30 : 0.7009"
"30,17 : 0.7009"
"17,31 : 0.114"
"31,17 : 0.114"
"17,32 : 0.8515"
"32,17 : 0.8515"
"17,33 : 0.6882"
"33,17 : 0.6882"
"17,34 : 0.454"
"34,17 : 0.454"
"17,35 : 0.41"
"35,17 : 0.41"
"17,36 : 0.7654"
"36,17 : 0.7654"
"17,37 : 0.2052"
"37,17 : 0.2052"
"17,38 : 0.6389"
"38,17 : 0.6389"
"17,39 : 0.5749"
"39,17 : 0.5749"
"17,40 : 0.3848"
"40,17 : 0.3848"
"17,41 : 0.7212"
"41,17 : 0.7212"
"17,42 : 0.3418"
"42,17 : 0.3418"
"17,43 : 0.4342"
"43,17 : 0.4342"
"17,44 : 0.28"
"44,17 : 0.28"
"17,45 : 0.3384"
"45,17 : 0.3384"
"17,46 : 0.5771"
"46,17 : 0.5771"
"17,47 : 0.3008"
"47,17 : 0.3008"
"17,48 : 0.1523"
"48,17 : 0.1523"
"17,49 : 0.7638"
"49,17 : 0.7638"
"18,19 : 0.2823"
"19,18 : 0.2823"
"18,20 : 0.9683"
"20,18 : 0.9683"
"18,21 : 0.2508"
"21,18 : 0.2508"
"18,22 : 0.136"
"22,18 : 0.136"
"18,23 : 0.7648"
"23,18 : 0.7648"
"18,24 : 0.5434"
"24,18 : 0.5434"
"18,25 : 0.0922"
"25,18 : 0.0922"
"18,26 : 0.6207"
"26,18 : 0.6207"
"18,27 : 0.4111"
"27,18 : 0.4111"
"18,28 : 0.8486"
"28,18 : 0.8486"
"18,29 : 0.4005"
"29,18 : 0.4005"
"18,30 : 0.6929"
"30,18 : 0.6929"
"18,31 : 0.52"
"31,18 : 0.52"
"18,32 : 1.1428"
"32,18 : 1.1428"
"18,33 : 0.5301"
"33,18 : 0.5301"
"18,34 : 0.0985"
"34,18 : 0.0985"
"18,35 : 0.0608"
"35,18 : 0.0608"
"18,36 : 1.009"
"36,18 : 1.009"
"18,37 : 0.5629"
"37,18 : 0.5629"
"18,38 : 0.46"
"38,18 : 0.46"
"18,39 : 0.8812"
"39,18 : 0.8812"
"18,40 : 0.7834"
"40,18 : 0.7834"
"18,41 : 0.6896"
"41,18 : 0.6896"
"18,42 : 0.4101"
"42,18 : 0.4101"
"18,43 : 0.3081"
"43,18 : 0.3081"
"18,44 : 0.1334"
"44,18 : 0.1334"
"18,45 : 0.2062"
"45,18 : 0.2062"
"18,46 : 0.5"
"46,18 : 0.5"
"18,47 : 0.5547"
"47,18 : 0.5547"
"18,48 : 0.3891"
"48,18 : 0.3891"
"18,49 : 1.0742"
"49,18 : 1.0742"
"19,20 : 1.078"
"20,19 : 1.078"
"19,21 : 0.5263"
"21,19 : 0.5263"
"19,22 : 0.2209"
"22,19 : 0.2209"
"19,23 : 0.8349"
"23,19 : 0.8349"
"19,24 : 0.4427"
"24,19 : 0.4427"
"19,25 : 0.1965"
"25,19 : 0.1965"
"19,26 : 0.8836"
"26,19 : 0.8836"
"19,27 : 0.4173"
"27,19 : 0.4173"
"19,28 : 0.8873"
"28,19 : 0.8873"
"19,29 : 0.6661"
"29,19 : 0.6661"
"19,30 : 0.9192"
"30,19 : 0.9192"
"19,31 : 0.4855"
"31,19 : 0.4855"
"19,32 : 1.2235"
"32,19 : 1.2235"
"19,33 : 0.7963"
"33,19 : 0.7963"
"19,34 : 0.2267"
"34,19 : 0.2267"
"19,35 : 0.3353"
"35,19 : 0.3353"
"19,36 : 1.122"
"36,19 : 1.122"
"19,37 : 0.5814"
"37,19 : 0.5814"
"19,38 : 0.7284"
"38,19 : 0.7284"
"19,39 : 0.9475"
"39,19 : 0.9475"
"19,40 : 0.6538"
"40,19 : 0.6538"
"19,41 : 0.9244"
"41,19 : 0.9244"
"19,42 : 0.5787"
"42,19 : 0.5787"
"19,43 : 0.0566"
"43,19 : 0.0566"
"19,44 : 0.2309"
"44,19 : 0.2309"
"19,45 : 0.4205"
"45,19 : 0.4205"
"19,46 : 0.7406"
"46,19 : 0.7406"
"19,47 : 0.644"
"47,19 : 0.644"
"19,48 : 0.2563"
"48,19 : 0.2563"
"19,49 : 1.139"
"49,19 : 1.139"
"20,21 : 0.8549"
"21,20 : 0.8549"
"20,22 : 0.8981"
"22,20 : 0.8981"
"20,23 : 0.2625"
"23,20 : 0.2625"
"20,24 : 0.7558"
"24,20 : 0.7558"
"20,25 : 0.969"
"25,20 : 0.969"
"20,26 : 0.7303"
"26,20 : 0.7303"
"20,27 : 0.6689"
"27,20 : 0.6689"
"20,28 : 0.2915"
"28,20 : 0.2915"
"20,29 : 0.7666"
"29,20 : 0.7666"
"20,30 : 0.5224"
"30,20 : 0.5224"
"20,31 : 0.6462"
"31,20 : 0.6462"
"20,32 : 0.201"
"32,20 : 0.201"
"20,33 : 0.7533"
"33,20 : 0.7533"
"20,34 : 1.0565"
"34,20 : 1.0565"
"20,35 : 0.9242"
"35,20 : 0.9242"
"20,36 : 0.0447"
"36,20 : 0.0447"
"20,37 : 0.5239"
"37,20 : 0.5239"
"20,38 : 0.7728"
"38,20 : 0.7728"
"20,39 : 0.191"
"39,20 : 0.191"
"20,40 : 0.79"
"40,20 : 0.79"
"20,41 : 0.5632"
"41,20 : 0.5632"
"20,42 : 0.563"
"42,20 : 0.563"
"20,43 : 1.1341"
"43,20 : 1.1341"
"20,44 : 0.891"
"44,20 : 0.891"
"20,45 : 0.7684"
"45,20 : 0.7684"
"20,46 : 0.6315"
"46,20 : 0.6315"
"20,47 : 0.4342"
"47,20 : 0.4342"
"20,48 : 0.8724"
"48,20 : 0.8724"
"20,49 : 0.197"
"49,20 : 0.197"
"21,22 : 0.3265"
"22,21 : 0.3265"
"21,23 : 0.7071"
"23,21 : 0.7071"
"21,24 : 0.6629"
"24,21 : 0.6629"
"21,25 : 0.3298"
"25,21 : 0.3298"
"21,26 : 0.3734"
"26,21 : 0.3734"
"21,27 : 0.483"
"27,21 : 0.483"
"21,28 : 0.8122"
"28,21 : 0.8122"
"21,29 : 0.1552"
"29,21 : 0.1552"
"21,30 : 0.4771"
"30,21 : 0.4771"
"21,31 : 0.5951"
"31,21 : 0.5951"
"21,32 : 1.0475"
"32,21 : 1.0475"
"21,33 : 0.2816"
"33,21 : 0.2816"
"21,34 : 0.3406"
"34,21 : 0.3406"
"21,35 : 0.1924"
"35,21 : 0.1924"
"21,36 : 0.89"
"36,21 : 0.89"
"21,37 : 0.5846"
"37,21 : 0.5846"
"21,38 : 0.211"
"38,21 : 0.211"
"21,39 : 0.8158"
"39,21 : 0.8158"
"21,40 : 0.8955"
"40,21 : 0.8955"
"21,41 : 0.4653"
"41,21 : 0.4653"
"21,42 : 0.3126"
"42,21 : 0.3126"
"21,43 : 0.5573"
"43,21 : 0.5573"
"21,44 : 0.3176"
"44,21 : 0.3176"
"21,45 : 0.1749"
"45,21 : 0.1749"
"21,46 : 0.2802"
"46,21 : 0.2802"
"21,47 : 0.5101"
"47,21 : 0.5101"
"21,48 : 0.5597"
"48,21 : 0.5597"
"21,49 : 0.9972"
"49,21 : 0.9972"
"22,23 : 0.6742"
"23,22 : 0.6742"
"22,24 : 0.4079"
"24,22 : 0.4079"
"22,25 : 0.0762"
"25,22 : 0.0762"
"22,26 : 0.6675"
"26,22 : 0.6675"
"22,27 : 0.2886"
"27,22 : 0.2886"
"22,28 : 0.7471"
"28,22 : 0.7471"
"22,29 : 0.4535"
"29,22 : 0.4535"
"22,30 : 0.6987"
"30,22 : 0.6987"
"22,31 : 0.392"
"31,22 : 0.392"
"22,32 : 1.0604"
"32,22 : 1.0604"
"22,33 : 0.5825"
"33,22 : 0.5825"
"22,34 : 0.1772"
"34,22 : 0.1772"
"22,35 : 0.1562"
"35,22 : 0.1562"
"22,36 : 0.9407"
"36,22 : 0.9407"
"22,37 : 0.4494"
"37,22 : 0.4494"
"22,38 : 0.5166"
"38,22 : 0.5166"
"22,39 : 0.7906"
"39,22 : 0.7906"
"22,40 : 0.6476"
"40,22 : 0.6476"
"22,41 : 0.7035"
"41,22 : 0.7035"
"22,42 : 0.3667"
"42,22 : 0.3667"
"22,43 : 0.2668"
"43,22 : 0.2668"
"22,44 : 0.01"
"44,22 : 0.01"
"22,45 : 0.2"
"45,22 : 0.2"
"22,46 : 0.5201"
"46,22 : 0.5201"
"22,47 : 0.4686"
"47,22 : 0.4686"
"22,48 : 0.2555"
"48,22 : 0.2555"
"22,49 : 0.9847"
"49,22 : 0.9847"
"23,24 : 0.4934"
"24,23 : 0.4934"
"23,25 : 0.7489"
"25,23 : 0.7489"
"23,26 : 0.7038"
"26,23 : 0.7038"
"23,27 : 0.4187"
"27,23 : 0.4187"
"23,28 : 0.117"
"28,23 : 0.117"
"23,29 : 0.6619"
"29,23 : 0.6619"
"23,30 : 0.5325"
"30,23 : 0.5325"
"23,31 : 0.3848"
"31,23 : 0.3848"
"23,32 : 0.389"
"32,23 : 0.389"
"23,33 : 0.6938"
"33,23 : 0.6938"
"23,34 : 0.8438"
"34,23 : 0.8438"
"23,35 : 0.7301"
"35,23 : 0.7301"
"23,36 : 0.3068"
"36,23 : 0.3068"
"23,37 : 0.2642"
"37,23 : 0.2642"
"23,38 : 0.6888"
"38,23 : 0.6888"
"23,39 : 0.1166"
"39,23 : 0.1166"
"23,40 : 0.5459"
"40,23 : 0.5459"
"23,41 : 0.5714"
"41,23 : 0.5714"
"23,42 : 0.3946"
"42,23 : 0.3946"
"23,43 : 0.8914"
"43,23 : 0.8914"
"23,44 : 0.6685"
"44,23 : 0.6685"
"23,45 : 0.5819"
"45,23 : 0.5819"
"23,46 : 0.5554"
"46,23 : 0.5554"
"23,47 : 0.2102"
"47,23 : 0.2102"
"23,48 : 0.6159"
"48,23 : 0.6159"
"23,49 : 0.3106"
"49,23 : 0.3106"
"24,25 : 0.4727"
"25,24 : 0.4727"
"24,26 : 0.8931"
"26,24 : 0.8931"
"24,27 : 0.1921"
"27,24 : 0.1921"
"24,28 : 0.5025"
"28,24 : 0.5025"
"24,29 : 0.7284"
"29,24 : 0.7284"
"24,30 : 0.8228"
"30,24 : 0.8228"
"24,31 : 0.1204"
"31,24 : 0.1204"
"24,32 : 0.8559"
"32,24 : 0.8559"
"24,33 : 0.8324"
"33,24 : 0.8324"
"24,34 : 0.5708"
"34,24 : 0.5708"
"24,35 : 0.5503"
"35,24 : 0.5503"
"24,36 : 0.8001"
"36,24 : 0.8001"
"24,37 : 0.2408"
"37,24 : 0.2408"
"24,38 : 0.7857"
"38,24 : 0.7857"
"24,39 : 0.586"
"39,24 : 0.586"
"24,40 : 0.2404"
"40,24 : 0.2404"
"24,41 : 0.8469"
"41,24 : 0.8469"
"24,42 : 0.4751"
"42,24 : 0.4751"
"24,43 : 0.494"
"43,24 : 0.494"
"24,44 : 0.41"
"44,24 : 0.41"
"24,45 : 0.4883"
"45,24 : 0.4883"
"24,46 : 0.7156"
"46,24 : 0.7156"
"24,47 : 0.3821"
"47,24 : 0.3821"
"24,48 : 0.1868"
"48,24 : 0.1868"
"24,49 : 0.7601"
"49,24 : 0.7601"
"25,26 : 0.6907"
"26,25 : 0.6907"
"25,27 : 0.364"
"27,25 : 0.364"
"25,28 : 0.823"
"28,25 : 0.823"
"25,29 : 0.4717"
"29,25 : 0.4717"
"25,30 : 0.7422"
"30,25 : 0.7422"
"25,31 : 0.4653"
"31,25 : 0.4653"
"25,32 : 1.1341"
"32,25 : 1.1341"
"25,33 : 0.6021"
"33,25 : 0.6021"
"25,34 : 0.102"
"34,25 : 0.102"
"25,35 : 0.1393"
"35,25 : 0.1393"
"25,36 : 1.0112"
"36,25 : 1.0112"
"25,37 : 0.5255"
"37,25 : 0.5255"
"25,38 : 0.5334"
"38,25 : 0.5334"
"25,39 : 0.8653"
"39,25 : 0.8653"
"25,40 : 0.7102"
"40,25 : 0.7102"
"25,41 : 0.7433"
"41,25 : 0.7433"
"25,42 : 0.4272"
"42,25 : 0.4272"
"25,43 : 0.2302"
"43,25 : 0.2302"
"25,44 : 0.0806"
"44,25 : 0.0806"
"25,45 : 0.2404"
"45,25 : 0.2404"
"25,46 : 0.5558"
"46,25 : 0.5558"
"25,47 : 0.542"
"47,25 : 0.542"
"25,48 : 0.3068"
"48,25 : 0.3068"
"25,49 : 1.0595"
"49,25 : 1.0595"
"26,27 : 0.7018"
"27,26 : 0.7018"
"26,28 : 0.8208"
"28,26 : 0.8208"
"26,29 : 0.2202"
"29,26 : 0.2202"
"26,30 : 0.2121"
"30,26 : 0.2121"
"26,31 : 0.7903"
"31,26 : 0.7903"
"26,32 : 0.93"
"32,26 : 0.93"
"26,33 : 0.0922"
"33,26 : 0.0922"
"26,34 : 0.7134"
"34,26 : 0.7134"
"26,35 : 0.5604"
"35,26 : 0.5604"
"26,36 : 0.7503"
"36,26 : 0.7503"
"26,37 : 0.7214"
"37,26 : 0.7214"
"26,38 : 0.1628"
"38,26 : 0.1628"
"26,39 : 0.7788"
"39,26 : 0.7788"
"26,40 : 1.0904"
"40,26 : 1.0904"
"26,41 : 0.1746"
"41,26 : 0.1746"
"26,42 : 0.4201"
"42,26 : 0.4201"
"26,43 : 0.9209"
"43,26 : 0.9209"
"26,44 : 0.6576"
"44,26 : 0.6576"
"26,45 : 0.4707"
"45,26 : 0.4707"
"26,46 : 0.178"
"46,26 : 0.178"
"26,47 : 0.5841"
"47,26 : 0.5841"
"26,48 : 0.8523"
"48,26 : 0.8523"
"26,49 : 0.9155"
"49,26 : 0.9155"
"27,28 : 0.472"
"28,27 : 0.472"
"27,29 : 0.5376"
"29,27 : 0.5376"
"27,30 : 0.6429"
"30,27 : 0.6429"
"27,31 : 0.114"
"31,27 : 0.114"
"27,32 : 0.8066"
"32,27 : 0.8066"
"27,33 : 0.6403"
"33,27 : 0.6403"
"27,34 : 0.4657"
"34,27 : 0.4657"
"27,35 : 0.4011"
"35,27 : 0.4011"
"27,36 : 0.7134"
"36,27 : 0.7134"
"27,37 : 0.1664"
"37,27 : 0.1664"
"27,38 : 0.5941"
"38,27 : 0.5941"
"27,39 : 0.5304"
"39,27 : 0.5304"
"27,40 : 0.4134"
"40,27 : 0.4134"
"27,41 : 0.6641"
"41,27 : 0.6641"
"27,42 : 0.2864"
"42,27 : 0.2864"
"27,43 : 0.4738"
"43,27 : 0.4738"
"27,44 : 0.2864"
"44,27 : 0.2864"
"27,45 : 0.3087"
"45,27 : 0.3087"
"27,46 : 0.5248"
"46,27 : 0.5248"
"27,47 : 0.2435"
"47,27 : 0.2435"
"27,48 : 0.2088"
"48,27 : 0.2088"
"27,49 : 0.7218"
"49,27 : 0.7218"
"28,29 : 0.7752"
"29,28 : 0.7752"
"28,30 : 0.6466"
"30,28 : 0.6466"
"28,31 : 0.4111"
"31,28 : 0.4111"
"28,32 : 0.3536"
"32,28 : 0.3536"
"28,33 : 0.8104"
"33,28 : 0.8104"
"28,34 : 0.9214"
"34,28 : 0.9214"
"28,35 : 0.8191"
"35,28 : 0.8191"
"28,36 : 0.3302"
"36,28 : 0.3302"
"28,37 : 0.3061"
"37,28 : 0.3061"
"28,38 : 0.8041"
"38,28 : 0.8041"
"28,39 : 0.1005"
"39,28 : 0.1005"
"28,40 : 0.5009"
"40,28 : 0.5009"
"28,41 : 0.686"
"41,28 : 0.686"
"28,42 : 0.5004"
"42,28 : 0.5004"
"28,43 : 0.9437"
"43,28 : 0.9437"
"28,44 : 0.7424"
"44,28 : 0.7424"
"28,45 : 0.6768"
"45,28 : 0.6768"
"28,46 : 0.6719"
"46,28 : 0.6719"
"28,47 : 0.3041"
"47,28 : 0.3041"
"28,48 : 0.6512"
"48,28 : 0.6512"
"28,49 : 0.2581"
"49,28 : 0.2581"
"29,30 : 0.333"
"30,29 : 0.333"
"29,31 : 0.6403"
"31,29 : 0.6403"
"29,32 : 0.9654"
"32,29 : 0.9654"
"29,33 : 0.1304"
"33,29 : 0.1304"
"29,34 : 0.4937"
"34,29 : 0.4937"
"29,35 : 0.3401"
"35,29 : 0.3401"
"29,36 : 0.797"
"36,29 : 0.797"
"29,37 : 0.5994"
"37,29 : 0.5994"
"29,38 : 0.0632"
"38,29 : 0.0632"
"29,39 : 0.7601"
"39,29 : 0.7601"
"29,40 : 0.9464"
"40,29 : 0.9464"
"29,41 : 0.3162"
"41,29 : 0.3162"
"29,42 : 0.2915"
"42,29 : 0.2915"
"29,43 : 0.7018"
"43,29 : 0.7018"
"29,44 : 0.4438"
"44,29 : 0.4438"
"29,45 : 0.264"
"45,29 : 0.264"
"29,46 : 0.1442"
"46,29 : 0.1442"
"29,47 : 0.4904"
"47,29 : 0.4904"
"29,48 : 0.6586"
"48,29 : 0.6586"
"29,49 : 0.9278"
"49,29 : 0.9278"
"30,31 : 0.7077"
"31,30 : 0.7077"
"30,32 : 0.7206"
"32,30 : 0.7206"
"30,33 : 0.2594"
"33,30 : 0.2594"
"30,34 : 0.7912"
"34,30 : 0.7912"
"30,35 : 0.6332"
"35,30 : 0.6332"
"30,36 : 0.5401"
"36,30 : 0.5401"
"30,37 : 0.614"
"37,30 : 0.614"
"30,38 : 0.3061"
"38,30 : 0.3061"
"30,39 : 0.5909"
"39,30 : 0.5909"
"30,40 : 0.9879"
"40,30 : 0.9879"
"30,41 : 0.0412"
"41,30 : 0.0412"
"30,42 : 0.3635"
"42,30 : 0.3635"
"30,43 : 0.9651"
"43,30 : 0.9651"
"30,44 : 0.6888"
"44,30 : 0.6888"
"30,45 : 0.5022"
"45,30 : 0.5022"
"30,46 : 0.1972"
"46,30 : 0.1972"
"30,47 : 0.4632"
"47,30 : 0.4632"
"30,48 : 0.8273"
"48,30 : 0.8273"
"30,49 : 0.712"
"49,30 : 0.712"
"31,32 : 0.7603"
"32,31 : 0.7603"
"31,33 : 0.7355"
"33,31 : 0.7355"
"31,34 : 0.5672"
"34,31 : 0.5672"
"31,35 : 0.5135"
"35,31 : 0.5135"
"31,36 : 0.6908"
"36,31 : 0.6908"
"31,37 : 0.1237"
"37,31 : 0.1237"
"31,38 : 0.6943"
"38,31 : 0.6943"
"31,39 : 0.4855"
"39,31 : 0.4855"
"31,40 : 0.3061"
"40,31 : 0.3061"
"31,41 : 0.7335"
"41,31 : 0.7335"
"31,42 : 0.3701"
"42,31 : 0.3701"
"31,43 : 0.5408"
"43,31 : 0.5408"
"31,44 : 0.3912"
"44,31 : 0.3912"
"31,45 : 0.4215"
"45,31 : 0.4215"
"31,46 : 0.6122"
"46,31 : 0.6122"
"31,47 : 0.2617"
"47,31 : 0.2617"
"31,48 : 0.2404"
"48,31 : 0.2404"
"31,49 : 0.6684"
"49,31 : 0.6684"
"32,33 : 0.9543"
"33,32 : 0.9543"
"32,34 : 1.2264"
"34,32 : 1.2264"
"32,35 : 1.1028"
"35,32 : 1.1028"
"32,36 : 0.1811"
"36,32 : 0.1811"
"32,37 : 0.6466"
"37,32 : 0.6466"
"32,38 : 0.9732"
"38,32 : 0.9732"
"32,39 : 0.2766"
"39,32 : 0.2766"
"32,40 : 0.8343"
"40,32 : 0.8343"
"32,41 : 0.7611"
"41,32 : 0.7611"
"32,42 : 0.7469"
"42,32 : 0.7469"
"32,43 : 1.28"
"43,32 : 1.28"
"32,44 : 1.0542"
"44,32 : 1.0542"
"32,45 : 0.9489"
"45,32 : 0.9489"
"32,46 : 0.8319"
"46,32 : 0.8319"
"32,47 : 0.592"
"47,32 : 0.592"
"32,48 : 0.9981"
"48,32 : 0.9981"
"32,49 : 0.102"
"49,32 : 0.102"
"33,34 : 0.622"
"34,33 : 0.622"
"33,35 : 0.47"
"35,33 : 0.47"
"33,36 : 0.7778"
"36,33 : 0.7778"
"33,37 : 0.678"
"37,33 : 0.678"
"33,38 : 0.0707"
"38,33 : 0.0707"
"33,39 : 0.7793"
"39,33 : 0.7793"
"33,40 : 1.0397"
"40,33 : 1.0397"
"33,41 : 0.2302"
"41,33 : 0.2302"
"33,42 : 0.3688"
"42,33 : 0.3688"
"33,43 : 0.8322"
"43,33 : 0.8322"
"33,44 : 0.5727"
"44,33 : 0.5727"
"33,45 : 0.389"
"45,33 : 0.389"
"33,46 : 0.1393"
"46,33 : 0.1393"
"33,47 : 0.5507"
"47,33 : 0.5507"
"33,48 : 0.7782"
"48,33 : 0.7782"
"33,49 : 0.9301"
"49,33 : 0.9301"
"34,35 : 0.1581"
"35,34 : 0.1581"
"34,36 : 1.0979"
"36,34 : 1.0979"
"34,37 : 0.6263"
"37,34 : 0.6263"
"34,38 : 0.5515"
"38,34 : 0.5515"
"34,39 : 0.9604"
"39,34 : 0.9604"
"34,40 : 0.8062"
"40,34 : 0.8062"
"34,41 : 0.7875"
"41,34 : 0.7875"
"34,42 : 0.5033"
"42,34 : 0.5033"
"34,43 : 0.2371"
"43,34 : 0.2371"
"34,44 : 0.1803"
"44,34 : 0.1803"
"34,45 : 0.3023"
"45,34 : 0.3023"
"34,46 : 0.5977"
"46,34 : 0.5977"
"34,47 : 0.6351"
"47,34 : 0.6351"
"34,48 : 0.3981"
"48,34 : 0.3981"
"34,49 : 1.1543"
"49,34 : 1.1543"
"35,36 : 0.964"
"36,35 : 0.964"
"35,37 : 0.5433"
"37,35 : 0.5433"
"35,38 : 0.4001"
"38,35 : 0.4001"
"35,39 : 0.8458"
"39,35 : 0.8458"
"35,40 : 0.7906"
"40,35 : 0.7906"
"35,41 : 0.6294"
"41,35 : 0.6294"
"35,42 : 0.3624"
"42,35 : 0.3624"
"35,43 : 0.365"
"43,35 : 0.365"
"35,44 : 0.15"
"44,35 : 0.15"
"35,45 : 0.1562"
"45,35 : 0.1562"
"35,46 : 0.4397"
"46,35 : 0.4397"
"35,47 : 0.52"
"47,35 : 0.52"
"35,48 : 0.4105"
"48,35 : 0.4105"
"35,49 : 1.0375"
"49,35 : 1.0375"
"36,37 : 0.5686"
"37,36 : 0.5686"
"36,38 : 0.8005"
"38,36 : 0.8005"
"36,39 : 0.23"
"39,36 : 0.23"
"36,40 : 0.8302"
"40,36 : 0.8302"
"36,41 : 0.5803"
"41,36 : 0.5803"
"36,42 : 0.6022"
"42,36 : 0.6022"
"36,43 : 1.178"
"43,36 : 1.178"
"36,44 : 0.9335"
"44,36 : 0.9335"
"36,45 : 0.808"
"45,36 : 0.808"
"36,46 : 0.6597"
"46,36 : 0.6597"
"36,47 : 0.478"
"47,36 : 0.478"
"36,48 : 0.9171"
"48,36 : 0.9171"
"36,49 : 0.2"
"49,36 : 0.2"
"37,38 : 0.6466"
"38,37 : 0.6466"
"37,39 : 0.3701"
"39,37 : 0.3701"
"37,40 : 0.3744"
"40,37 : 0.3744"
"37,41 : 0.6435"
"41,37 : 0.6435"
"37,42 : 0.3106"
"42,37 : 0.3106"
"37,43 : 0.6378"
"43,37 : 0.6378"
"37,44 : 0.446"
"44,37 : 0.446"
"37,45 : 0.4219"
"45,37 : 0.4219"
"37,46 : 0.5456"
"46,37 : 0.5456"
"37,47 : 0.1523"
"47,37 : 0.1523"
"37,48 : 0.3523"
"48,37 : 0.3523"
"37,49 : 0.5587"
"49,37 : 0.5587"
"38,39 : 0.7816"
"39,38 : 0.7816"
"38,40 : 1.0"
"40,38 : 1.0"
"38,41 : 0.2828"
"41,38 : 0.2828"
"38,42 : 0.3362"
"42,38 : 0.3362"
"38,43 : 0.7632"
"43,38 : 0.7632"
"38,44 : 0.507"
"44,38 : 0.507"
"38,45 : 0.327"
"45,38 : 0.327"
"38,46 : 0.1414"
"46,38 : 0.1414"
"38,47 : 0.5292"
"47,38 : 0.5292"
"38,48 : 0.7207"
"48,38 : 0.7207"
"38,49 : 0.9419"
"49,38 : 0.9419"
"39,40 : 0.6003"
"40,39 : 0.6003"
"39,41 : 0.6316"
"41,39 : 0.6316"
"39,42 : 0.5045"
"42,39 : 0.5045"
"39,43 : 1.0041"
"43,39 : 1.0041"
"39,44 : 0.7849"
"44,39 : 0.7849"
"39,45 : 0.6964"
"45,39 : 0.6964"
"39,46 : 0.6438"
"46,39 : 0.6438"
"39,47 : 0.3265"
"47,39 : 0.3265"
"39,48 : 0.722"
"48,39 : 0.722"
"39,49 : 0.1942"
"49,39 : 0.1942"
"40,41 : 1.0179"
"41,40 : 1.0179"
"40,42 : 0.6718"
"42,40 : 0.6718"
"40,43 : 0.6987"
"43,40 : 0.6987"
"40,44 : 0.65"
"44,40 : 0.65"
"40,45 : 0.7207"
"45,40 : 0.7207"
"40,46 : 0.9129"
"46,40 : 0.9129"
"40,47 : 0.5248"
"47,40 : 0.5248"
"40,48 : 0.4105"
"48,40 : 0.4105"
"40,49 : 0.7325"
"49,40 : 0.7325"
"41,42 : 0.3808"
"42,41 : 0.3808"
"41,43 : 0.9688"
"43,41 : 0.9688"
"41,44 : 0.6935"
"44,41 : 0.6935"
"41,45 : 0.5049"
"45,41 : 0.5049"
"41,46 : 0.1897"
"46,41 : 0.1897"
"41,47 : 0.4941"
"47,41 : 0.4941"
"41,48 : 0.8434"
"48,41 : 0.8434"
"41,49 : 0.7531"
"49,41 : 0.7531"
"42,43 : 0.6297"
"43,42 : 0.6297"
"42,44 : 0.3578"
"44,42 : 0.3578"
"42,45 : 0.2062"
"45,42 : 0.2062"
"42,46 : 0.2421"
"46,42 : 0.2421"
"42,47 : 0.2022"
"47,42 : 0.2022"
"42,48 : 0.4639"
"48,42 : 0.4639"
"42,49 : 0.6895"
"49,42 : 0.6895"
"43,44 : 0.2766"
