x,y
0.99,0.15
0.19,0.05
0.45,0.94
0.99,0.22
0.73,0.92
0.44,0.46
0.41,0.28
0.2,0.94
0.31,0.15
0.77,0.26
0.27,0.77
0.54,0.01
0.36,0.04
0.58,0.68
0.09,0.99
0.46,0.39
0.13,0.52
0.51,0.86
0.37,0.54
0.73,0.18
0.22,0.42
0.21,0.29
0.88,0.83
0.24,0.63
0.94,0.91
0.16,0.03
0.23,0.91
0.06,0.5
0.12,0.62
0.26,0.16
0.54,0.39
0.9,0.62
0.11,0.53
0.66,0.98
0.99,0.2
0.77,0.58
0.01,0.41
0.53,0.6
0.57,0.92
0.46,0.34
0.41,0.31
0.24,0.37
0.75,0.36
0.97,0.82
0.69,0.74
0.33,0.91
0.07,0.8
0.25,0.61
0.02,0.89
0.79,0.83

Distanze
"0,1 : 0.8062"
"1,0 : 0.8062"
"0,2 : 0.9569"
"2,0 : 0.9569"
"0,3 : 0.07"
"3,0 : 0.07"
"0,4 : 0.8127"
"4,0 : 0.8127"
"0,5 : 0.6313"
"5,0 : 0.6313"
"0,6 : 0.5944"
"6,0 : 0.5944"
"0,7 : 1.1172"
"7,0 : 1.1172"
"0,8 : 0.68"
"8,0 : 0.68"
"0,9 : 0.246"
"9,0 : 0.246"
"0,10 : 0.9502"
"10,0 : 0.9502"
"0,11 : 0.4713"
"11,0 : 0.4713"
"0,12 : 0.6395"
"12,0 : 0.6395"
"0,13 : 0.6701"
"13,0 : 0.6701"
"0,14 : 1.2311"
"14,0 : 1.2311"
"0,15 : 0.5818"
"15,0 : 0.5818"
"0,16 : 0.9362"
"16,0 : 0.9362"
"0,17 : 0.857"
"17,0 : 0.857"
"0,18 : 0.7325"
"18,0 : 0.7325"
"0,19 : 0.2617"
"19,0 : 0.2617"
"0,20 : 0.816"
"20,0 : 0.816"
"0,21 : 0.7925"
"21,0 : 0.7925"
"0,22 : 0.6888"
"22,0 : 0.6888"
"0,23 : 0.8904"
"23,0 : 0.8904"
"0,24 : 0.7616"
"24,0 : 0.7616"
"0,25 : 0.8386"
"25,0 : 0.8386"
"0,26 : 1.0748"
"26,0 : 1.0748"
"0,27 : 0.9937"
"27,0 : 0.9937"
"0,28 : 0.9888"
"28,0 : 0.9888"
"0,29 : 0.7301"
"29,0 : 0.7301"
"0,30 : 0.51"
"30,0 : 0.51"
"0,31 : 0.4785"
"31,0 : 0.4785"
"0,32 : 0.9585"
"32,0 : 0.9585"
"0,33 : 0.8932"
"33,0 : 0.8932"
"0,34 : 0.05"
"34,0 : 0.05"
"0,35 : 0.483"
"35,0 : 0.483"
"0,36 : 1.0139"
"36,0 : 1.0139"
"0,37 : 0.6435"
"37,0 : 0.6435"
"0,38 : 0.8771"
"38,0 : 0.8771"
"0,39 : 0.563"
"39,0 : 0.563"
"0,40 : 0.6017"
"40,0 : 0.6017"
"0,41 : 0.7816"
"41,0 : 0.7816"
"0,42 : 0.3189"
"42,0 : 0.3189"
"0,43 : 0.6703"
"43,0 : 0.6703"
"0,44 : 0.6619"
"44,0 : 0.6619"
"0,45 : 1.0066"
"45,0 : 1.0066"
"0,46 : 1.1265"
"46,0 : 1.1265"
"0,47 : 0.8713"
"47,0 : 0.8713"
"0,48 : 1.22"
"48,0 : 1.22"
"0,49 : 0.7088"
"49,0 : 0.7088"
"1,2 : 0.9272"
"2,1 : 0.9272"
"1,3 : 0.8179"
"3,1 : 0.8179"
"1,4 : 1.024"
"4,1 : 1.024"
"1,5 : 0.4802"
"5,1 : 0.4802"
"1,6 : 0.3183"
"6,1 : 0.3183"
"1,7 : 0.8901"
"7,1 : 0.8901"
"1,8 : 0.1562"
"8,1 : 0.1562"
"1,9 : 0.6168"
"9,1 : 0.6168"
"1,10 : 0.7244"
"10,1 : 0.7244"
"1,11 : 0.3523"
"11,1 : 0.3523"
"1,12 : 0.1703"
"12,1 : 0.1703"
"1,13 : 0.7409"
"13,1 : 0.7409"
"1,14 : 0.9453"
"14,1 : 0.9453"
"1,15 : 0.4342"
"15,1 : 0.4342"
"1,16 : 0.4738"
"16,1 : 0.4738"
"1,17 : 0.8709"
"17,1 : 0.8709"
"1,18 : 0.522"
"18,1 : 0.522"
"1,19 : 0.5554"
"19,1 : 0.5554"
"1,20 : 0.3712"
"20,1 : 0.3712"
"1,21 : 0.2408"
"21,1 : 0.2408"
"1,22 : 1.0414"
"22,1 : 1.0414"
"1,23 : 0.5822"
"23,1 : 0.5822"
"1,24 : 1.1411"
"24,1 : 1.1411"
"1,25 : 0.0361"
"25,1 : 0.0361"
"1,26 : 0.8609"
"26,1 : 0.8609"
"1,27 : 0.4684"
"27,1 : 0.4684"
"1,28 : 0.5743"
"28,1 : 0.5743"
"1,29 : 0.1304"
"29,1 : 0.1304"
"1,30 : 0.488"
"30,1 : 0.488"
"1,31 : 0.9105"
"31,1 : 0.9105"
"1,32 : 0.4866"
"32,1 : 0.4866"
"1,33 : 1.042"
"33,1 : 1.042"
"1,34 : 0.8139"
"34,1 : 0.8139"
"1,35 : 0.7857"
"35,1 : 0.7857"
"1,36 : 0.4025"
"36,1 : 0.4025"
"1,37 : 0.6466"
"37,1 : 0.6466"
"1,38 : 0.9494"
"38,1 : 0.9494"
"1,39 : 0.3962"
"39,1 : 0.3962"
"1,40 : 0.3406"
"40,1 : 0.3406"
"1,41 : 0.3239"
"41,1 : 0.3239"
"1,42 : 0.6401"
"42,1 : 0.6401"
"1,43 : 1.096"
"43,1 : 1.096"
"1,44 : 0.8521"
"44,1 : 0.8521"
"1,45 : 0.8713"
"45,1 : 0.8713"
"1,46 : 0.7595"
"46,1 : 0.7595"
"1,47 : 0.5632"
"47,1 : 0.5632"
"1,48 : 0.857"
"48,1 : 0.857"
"1,49 : 0.9841"
"49,1 : 0.9841"
"2,3 : 0.9"
"3,2 : 0.9"
"2,4 : 0.2807"
"4,2 : 0.2807"
"2,5 : 0.4801"
"5,2 : 0.4801"
"2,6 : 0.6612"
"6,2 : 0.6612"
"2,7 : 0.25"
"7,2 : 0.25"
"2,8 : 0.8023"
"8,2 : 0.8023"
"2,9 : 0.7515"
"9,2 : 0.7515"
"2,10 : 0.2476"
"10,2 : 0.2476"
"2,11 : 0.9343"
"11,2 : 0.9343"
"2,12 : 0.9045"
"12,2 : 0.9045"
"2,13 : 0.2907"
"13,2 : 0.2907"
"2,14 : 0.3635"
"14,2 : 0.3635"
"2,15 : 0.5501"
"15,2 : 0.5501"
"2,16 : 0.528"
"16,2 : 0.528"
"2,17 : 0.1"
"17,2 : 0.1"
"2,18 : 0.4079"
"18,2 : 0.4079"
"2,19 : 0.8099"
"19,2 : 0.8099"
"2,20 : 0.5686"
"20,2 : 0.5686"
"2,21 : 0.6929"
"21,2 : 0.6929"
"2,22 : 0.4438"
"22,2 : 0.4438"
"2,23 : 0.3744"
"23,2 : 0.3744"
"2,24 : 0.4909"
"24,2 : 0.4909"
"2,25 : 0.9551"
"25,2 : 0.9551"
"2,26 : 0.222"
"26,2 : 0.222"
"2,27 : 0.588"
"27,2 : 0.588"
"2,28 : 0.4597"
"28,2 : 0.4597"
"2,29 : 0.8028"
"29,2 : 0.8028"
"2,30 : 0.5573"
"30,2 : 0.5573"
"2,31 : 0.5522"
"31,2 : 0.5522"
"2,32 : 0.5326"
"32,2 : 0.5326"
"2,33 : 0.2138"
"33,2 : 0.2138"
"2,34 : 0.9161"
"34,2 : 0.9161"
"2,35 : 0.4817"
"35,2 : 0.4817"
"2,36 : 0.6888"
"36,2 : 0.6888"
"2,37 : 0.3493"
"37,2 : 0.3493"
"2,38 : 0.1217"
"38,2 : 0.1217"
"2,39 : 0.6001"
"39,2 : 0.6001"
"2,40 : 0.6313"
"40,2 : 0.6313"
"2,41 : 0.6075"
"41,2 : 0.6075"
"2,42 : 0.653"
"42,2 : 0.653"
"2,43 : 0.5337"
"43,2 : 0.5337"
"2,44 : 0.3124"
"44,2 : 0.3124"
"2,45 : 0.1237"
"45,2 : 0.1237"
"2,46 : 0.405"
"46,2 : 0.405"
"2,47 : 0.3859"
"47,2 : 0.3859"
"2,48 : 0.4329"
"48,2 : 0.4329"
"2,49 : 0.3574"
"49,2 : 0.3574"
"3,4 : 0.7467"
"4,3 : 0.7467"
"3,5 : 0.6001"
"5,3 : 0.6001"
"3,6 : 0.5831"
"6,3 : 0.5831"
"3,7 : 1.0689"
"7,3 : 1.0689"
"3,8 : 0.6836"
"8,3 : 0.6836"
"3,9 : 0.2236"
"9,3 : 0.2236"
"3,10 : 0.906"
"10,3 : 0.906"
"3,11 : 0.4966"
"11,3 : 0.4966"
"3,12 : 0.6552"
"12,3 : 0.6552"
"3,13 : 0.6162"
"13,3 : 0.6162"
"3,14 : 1.1844"
"14,3 : 1.1844"
"3,15 : 0.5566"
"15,3 : 0.5566"
"3,16 : 0.9108"
"16,3 : 0.9108"
"3,17 : 0.8"
"17,3 : 0.8"
"3,18 : 0.6977"
"18,3 : 0.6977"
"3,19 : 0.2631"
"19,3 : 0.2631"
"3,20 : 0.7956"
"20,3 : 0.7956"
"3,21 : 0.7831"
"21,3 : 0.7831"
"3,22 : 0.6198"
"22,3 : 0.6198"
"3,23 : 0.8548"
"23,3 : 0.8548"
"3,24 : 0.6918"
"24,3 : 0.6918"
"3,25 : 0.8515"
"25,3 : 0.8515"
"3,26 : 1.0265"
"26,3 : 1.0265"
"3,27 : 0.9712"
"27,3 : 0.9712"
"3,28 : 0.9575"
"28,3 : 0.9575"
"3,29 : 0.7325"
"29,3 : 0.7325"
"3,30 : 0.481"
"30,3 : 0.481"
"3,31 : 0.41"
"31,3 : 0.41"
"3,32 : 0.933"
"32,3 : 0.933"
"3,33 : 0.8286"
"33,3 : 0.8286"
"3,34 : 0.02"
"34,3 : 0.02"
"3,35 : 0.4219"
"35,3 : 0.4219"
"3,36 : 0.9982"
"36,3 : 0.9982"
"3,37 : 0.5967"
"37,3 : 0.5967"
"3,38 : 0.8163"
"38,3 : 0.8163"
"3,39 : 0.5434"
"39,3 : 0.5434"
"3,40 : 0.5869"
"40,3 : 0.5869"
"3,41 : 0.7649"
"41,3 : 0.7649"
"3,42 : 0.2778"
"42,3 : 0.2778"
"3,43 : 0.6003"
"43,3 : 0.6003"
"3,44 : 0.6003"
"44,3 : 0.6003"
"3,45 : 0.9548"
"45,3 : 0.9548"
"3,46 : 1.0876"
"46,3 : 1.0876"
"3,47 : 0.8365"
"47,3 : 0.8365"
"3,48 : 1.1789"
"48,3 : 1.1789"
"3,49 : 0.642"
"49,3 : 0.642"
"4,5 : 0.5438"
"5,4 : 0.5438"
"4,6 : 0.7155"
"6,4 : 0.7155"
"4,7 : 0.5304"
"7,4 : 0.5304"
"4,8 : 0.8771"
"8,4 : 0.8771"
"4,9 : 0.6612"
"9,4 : 0.6612"
"4,10 : 0.4838"
"10,4 : 0.4838"
"4,11 : 0.9296"
"11,4 : 0.9296"
"4,12 : 0.9546"
"12,4 : 0.9546"
"4,13 : 0.283"
"13,4 : 0.283"
"4,14 : 0.6438"
"14,4 : 0.6438"
"4,15 : 0.5948"
"15,4 : 0.5948"
"4,16 : 0.7211"
"16,4 : 0.7211"
"4,17 : 0.228"
"17,4 : 0.228"
"4,18 : 0.5235"
"18,4 : 0.5235"
"4,19 : 0.74"
"19,4 : 0.74"
"4,20 : 0.7142"
"20,4 : 0.7142"
"4,21 : 0.8169"
"21,4 : 0.8169"
"4,22 : 0.1749"
"22,4 : 0.1749"
"4,23 : 0.5694"
"23,4 : 0.5694"
"4,24 : 0.2102"
"24,4 : 0.2102"
"4,25 : 1.0569"
"25,4 : 1.0569"
"4,26 : 0.5001"
"26,4 : 0.5001"
"4,27 : 0.7908"
"27,4 : 0.7908"
"4,28 : 0.6798"
"28,4 : 0.6798"
"4,29 : 0.8936"
"29,4 : 0.8936"
"4,30 : 0.563"
"30,4 : 0.563"
"4,31 : 0.3448"
"31,4 : 0.3448"
"4,32 : 0.7325"
"32,4 : 0.7325"
"4,33 : 0.0922"
"33,4 : 0.0922"
"4,34 : 0.7655"
"34,4 : 0.7655"
"4,35 : 0.3423"
"35,4 : 0.3423"
"4,36 : 0.8823"
"36,4 : 0.8823"
"4,37 : 0.3774"
"37,4 : 0.3774"
"4,38 : 0.16"
"38,4 : 0.16"
"4,39 : 0.6398"
"39,4 : 0.6398"
"4,40 : 0.6888"
"40,4 : 0.6888"
"4,41 : 0.7366"
"41,4 : 0.7366"
"4,42 : 0.5604"
"42,4 : 0.5604"
"4,43 : 0.26"
"43,4 : 0.26"
"4,44 : 0.1844"
"44,4 : 0.1844"
"4,45 : 0.4001"
"45,4 : 0.4001"
"4,46 : 0.6708"
"46,4 : 0.6708"
"4,47 : 0.5714"
"47,4 : 0.5714"
"4,48 : 0.7106"
"48,4 : 0.7106"
"4,49 : 0.1082"
"49,4 : 0.1082"
"5,6 : 0.1825"
"6,5 : 0.1825"
"5,7 : 0.5367"
"7,5 : 0.5367"
"5,8 : 0.3362"
"8,5 : 0.3362"
"5,9 : 0.3859"
"9,5 : 0.3859"
"5,10 : 0.3536"
"10,5 : 0.3536"
"5,11 : 0.461"
"11,5 : 0.461"
"5,12 : 0.4276"
"12,5 : 0.4276"
"5,13 : 0.2608"
"13,5 : 0.2608"
"5,14 : 0.6351"
"14,5 : 0.6351"
"5,15 : 0.0728"
"15,5 : 0.0728"
"5,16 : 0.3158"
"16,5 : 0.3158"
"5,17 : 0.4061"
"17,5 : 0.4061"
"5,18 : 0.1063"
"18,5 : 0.1063"
"5,19 : 0.4031"
"19,5 : 0.4031"
"5,20 : 0.2236"
"20,5 : 0.2236"
"5,21 : 0.286"
"21,5 : 0.286"
"5,22 : 0.5749"
"22,5 : 0.5749"
"5,23 : 0.2625"
"23,5 : 0.2625"
"5,24 : 0.6727"
"24,5 : 0.6727"
"5,25 : 0.5131"
"25,5 : 0.5131"
"5,26 : 0.4966"
"26,5 : 0.4966"
"5,27 : 0.3821"
"27,5 : 0.3821"
"5,28 : 0.3578"
"28,5 : 0.3578"
"5,29 : 0.3499"
"29,5 : 0.3499"
"5,30 : 0.1221"
"30,5 : 0.1221"
"5,31 : 0.487"
"31,5 : 0.487"
"5,32 : 0.3373"
"32,5 : 0.3373"
"5,33 : 0.5646"
"33,5 : 0.5646"
"5,34 : 0.6084"
"34,5 : 0.6084"
"5,35 : 0.3511"
"35,5 : 0.3511"
"5,36 : 0.4329"
"36,5 : 0.4329"
"5,37 : 0.1664"
"37,5 : 0.1664"
"5,38 : 0.478"
"38,5 : 0.478"
"5,39 : 0.1217"
"39,5 : 0.1217"
"5,40 : 0.153"
"40,5 : 0.153"
"5,41 : 0.2193"
"41,5 : 0.2193"
"5,42 : 0.3257"
"42,5 : 0.3257"
"5,43 : 0.6407"
"43,5 : 0.6407"
"5,44 : 0.3754"
"44,5 : 0.3754"
"5,45 : 0.4632"
"45,5 : 0.4632"
"5,46 : 0.5025"
"46,5 : 0.5025"
"5,47 : 0.2421"
"47,5 : 0.2421"
"5,48 : 0.6011"
"48,5 : 0.6011"
"5,49 : 0.5093"
"49,5 : 0.5093"
"6,7 : 0.6926"
"7,6 : 0.6926"
"6,8 : 0.164"
"8,6 : 0.164"
"6,9 : 0.3606"
"9,6 : 0.3606"
"6,10 : 0.5096"
"10,6 : 0.5096"
"6,11 : 0.2997"
"11,6 : 0.2997"
"6,12 : 0.2452"
"12,6 : 0.2452"
"6,13 : 0.4346"
"13,6 : 0.4346"
"6,14 : 0.7788"
"14,6 : 0.7788"
"6,15 : 0.1208"
"15,6 : 0.1208"
"6,16 : 0.3688"
"16,6 : 0.3688"
"6,17 : 0.5886"
"17,6 : 0.5886"
"6,18 : 0.2631"
"18,6 : 0.2631"
"6,19 : 0.3353"
"19,6 : 0.3353"
"6,20 : 0.236"
"20,6 : 0.236"
"6,21 : 0.2002"
"21,6 : 0.2002"
"6,22 : 0.7235"
"22,6 : 0.7235"
"6,23 : 0.3891"
"23,6 : 0.3891"
"6,24 : 0.8233"
"24,6 : 0.8233"
"6,25 : 0.3536"
"25,6 : 0.3536"
"6,26 : 0.6552"
"26,6 : 0.6552"
"6,27 : 0.4134"
"27,6 : 0.4134"
"6,28 : 0.4469"
"28,6 : 0.4469"
"6,29 : 0.1921"
"29,6 : 0.1921"
"6,30 : 0.1703"
"30,6 : 0.1703"
"6,31 : 0.5964"
"31,6 : 0.5964"
"6,32 : 0.3905"
"32,6 : 0.3905"
"6,33 : 0.7433"
"33,6 : 0.7433"
"6,34 : 0.5855"
"34,6 : 0.5855"
"6,35 : 0.4686"
"35,6 : 0.4686"
"6,36 : 0.4206"
"36,6 : 0.4206"
"6,37 : 0.3418"
"37,6 : 0.3418"
"6,38 : 0.6597"
"38,6 : 0.6597"
"6,39 : 0.0781"
"39,6 : 0.0781"
"6,40 : 0.03"
"40,6 : 0.03"
"6,41 : 0.1924"
"41,6 : 0.1924"
"6,42 : 0.3493"
"42,6 : 0.3493"
"6,43 : 0.7779"
"43,6 : 0.7779"
"6,44 : 0.5385"
"44,6 : 0.5385"
"6,45 : 0.6351"
"45,6 : 0.6351"
"6,46 : 0.6213"
"46,6 : 0.6213"
"6,47 : 0.3667"
"47,6 : 0.3667"
"6,48 : 0.724"
"48,6 : 0.724"
"6,49 : 0.6685"
"49,6 : 0.6685"
"7,8 : 0.7976"
"8,7 : 0.7976"
"7,9 : 0.8873"
"9,7 : 0.8873"
"7,10 : 0.1838"
"10,7 : 0.1838"
"7,11 : 0.9902"
"11,7 : 0.9902"
"7,12 : 0.9141"
"12,7 : 0.9141"
"7,13 : 0.4604"
"13,7 : 0.4604"
"7,14 : 0.1208"
"14,7 : 0.1208"
"7,15 : 0.6084"
"15,7 : 0.6084"
"7,16 : 0.4258"
"16,7 : 0.4258"
"7,17 : 0.3202"
"17,7 : 0.3202"
"7,18 : 0.4346"
"18,7 : 0.4346"
"7,19 : 0.9266"
"19,7 : 0.9266"
"7,20 : 0.5204"
"20,7 : 0.5204"
"7,21 : 0.6501"
"21,7 : 0.6501"
"7,22 : 0.6888"
"22,7 : 0.6888"
"7,23 : 0.3126"
"23,7 : 0.3126"
"7,24 : 0.7406"
"24,7 : 0.7406"
"7,25 : 0.9109"
"25,7 : 0.9109"
"7,26 : 0.0424"
"26,7 : 0.0424"
"7,27 : 0.4617"
"27,7 : 0.4617"
"7,28 : 0.3298"
"28,7 : 0.3298"
"7,29 : 0.7823"
"29,7 : 0.7823"
"7,30 : 0.6466"
"30,7 : 0.6466"
"7,31 : 0.7697"
"31,7 : 0.7697"
"7,32 : 0.4198"
"32,7 : 0.4198"
"7,33 : 0.4617"
"33,7 : 0.4617"
"7,34 : 1.0825"
"34,7 : 1.0825"
"7,35 : 0.6742"
"35,7 : 0.6742"
"7,36 : 0.563"
"36,7 : 0.563"
"7,37 : 0.4738"
"37,7 : 0.4738"
"7,38 : 0.3705"
"38,7 : 0.3705"
"7,39 : 0.6539"
"39,7 : 0.6539"
"7,40 : 0.6641"
"40,7 : 0.6641"
"7,41 : 0.5714"
"41,7 : 0.5714"
"7,42 : 0.7993"
"42,7 : 0.7993"
"7,43 : 0.7793"
"43,7 : 0.7793"
"7,44 : 0.5292"
"44,7 : 0.5292"
"7,45 : 0.1334"
"45,7 : 0.1334"
"7,46 : 0.191"
"46,7 : 0.191"
"7,47 : 0.3338"
"47,7 : 0.3338"
"7,48 : 0.1868"
"48,7 : 0.1868"
"7,49 : 0.6002"
"49,7 : 0.6002"
"8,9 : 0.473"
"9,8 : 0.473"
"8,10 : 0.6213"
"10,8 : 0.6213"
"8,11 : 0.2693"
"11,8 : 0.2693"
"8,12 : 0.1208"
"12,8 : 0.1208"
"8,13 : 0.5948"
"13,8 : 0.5948"
"8,14 : 0.8683"
"14,8 : 0.8683"
"8,15 : 0.283"
"15,8 : 0.283"
"8,16 : 0.4115"
"16,8 : 0.4115"
"8,17 : 0.7376"
"17,8 : 0.7376"
"8,18 : 0.3946"
"18,8 : 0.3946"
"8,19 : 0.4211"
"19,8 : 0.4211"
"8,20 : 0.2846"
"20,8 : 0.2846"
"8,21 : 0.172"
"21,8 : 0.172"
"8,22 : 0.8873"
"22,8 : 0.8873"
"8,23 : 0.4851"
"23,8 : 0.4851"
"8,24 : 0.9872"
"24,8 : 0.9872"
"8,25 : 0.1921"
"25,8 : 0.1921"
"8,26 : 0.7642"
"26,8 : 0.7642"
"8,27 : 0.4301"
"27,8 : 0.4301"
"8,28 : 0.507"
"28,8 : 0.507"
"8,29 : 0.051"
"29,8 : 0.051"
"8,30 : 0.3324"
"30,8 : 0.3324"
"8,31 : 0.7543"
"31,8 : 0.7543"
"8,32 : 0.4294"
"32,8 : 0.4294"
"8,33 : 0.9008"
"33,8 : 0.9008"
"8,34 : 0.6818"
"34,8 : 0.6818"
"8,35 : 0.6297"
"35,8 : 0.6297"
"8,36 : 0.397"
"36,8 : 0.397"
"8,37 : 0.5009"
"37,8 : 0.5009"
"8,38 : 0.8127"
"38,8 : 0.8127"
"8,39 : 0.2421"
"39,8 : 0.2421"
"8,40 : 0.1887"
"40,8 : 0.1887"
"8,41 : 0.2309"
"41,8 : 0.2309"
"8,42 : 0.4875"
"42,8 : 0.4875"
"8,43 : 0.9405"
"43,8 : 0.9405"
"8,44 : 0.7018"
"44,8 : 0.7018"
"8,45 : 0.7603"
"45,8 : 0.7603"
"8,46 : 0.6929"
"46,8 : 0.6929"
"8,47 : 0.4639"
"47,8 : 0.4639"
"8,48 : 0.7948"
"48,8 : 0.7948"
"8,49 : 0.8323"
"49,8 : 0.8323"
"9,10 : 0.7142"
"10,9 : 0.7142"
"9,11 : 0.3397"
"11,9 : 0.3397"
"9,12 : 0.4653"
"12,9 : 0.4653"
"9,13 : 0.461"
"13,9 : 0.461"
"9,14 : 0.9976"
"14,9 : 0.9976"
"9,15 : 0.3362"
"15,9 : 0.3362"
"9,16 : 0.6908"
"16,9 : 0.6908"
"9,17 : 0.6539"
"17,9 : 0.6539"
"9,18 : 0.4883"
"18,9 : 0.4883"
"9,19 : 0.0894"
"19,9 : 0.0894"
"9,20 : 0.5728"
"20,9 : 0.5728"
"9,21 : 0.5608"
"21,9 : 0.5608"
"9,22 : 0.5805"
"22,9 : 0.5805"
"9,23 : 0.6464"
"23,9 : 0.6464"
"9,24 : 0.6719"
"24,9 : 0.6719"
"9,25 : 0.6519"
"25,9 : 0.6519"
"9,26 : 0.845"
"26,9 : 0.845"
"9,27 : 0.7495"
"27,9 : 0.7495"
"9,28 : 0.743"
"28,9 : 0.743"
"9,29 : 0.5197"
"29,9 : 0.5197"
"9,30 : 0.2642"
"30,9 : 0.2642"
"9,31 : 0.3828"
"31,9 : 0.3828"
"9,32 : 0.7131"
"32,9 : 0.7131"
"9,33 : 0.7284"
"33,9 : 0.7284"
"9,34 : 0.228"
"34,9 : 0.228"
"9,35 : 0.32"
"35,9 : 0.32"
"9,36 : 0.7747"
"36,9 : 0.7747"
"9,37 : 0.4162"
"37,9 : 0.4162"
"9,38 : 0.6896"
"38,9 : 0.6896"
"9,39 : 0.3202"
"39,9 : 0.3202"
"9,40 : 0.3635"
"40,9 : 0.3635"
"9,41 : 0.5413"
"41,9 : 0.5413"
"9,42 : 0.102"
"42,9 : 0.102"
"9,43 : 0.5946"
"43,9 : 0.5946"
"9,44 : 0.4866"
"44,9 : 0.4866"
"9,45 : 0.7849"
"45,9 : 0.7849"
"9,46 : 0.8841"
"46,9 : 0.8841"
"9,47 : 0.6268"
"47,9 : 0.6268"
"9,48 : 0.9795"
"48,9 : 0.9795"
"9,49 : 0.5704"
"49,9 : 0.5704"
"10,11 : 0.8065"
"11,10 : 0.8065"
"10,12 : 0.7355"
"12,10 : 0.7355"
"10,13 : 0.3228"
"13,10 : 0.3228"
"10,14 : 0.2843"
"14,10 : 0.2843"
"10,15 : 0.4249"
"15,10 : 0.4249"
"10,16 : 0.2865"
"16,10 : 0.2865"
"10,17 : 0.2563"
"17,10 : 0.2563"
"10,18 : 0.2508"
"18,10 : 0.2508"
"10,19 : 0.7481"
"19,10 : 0.7481"
"10,20 : 0.3536"
"20,10 : 0.3536"
"10,21 : 0.4837"
"21,10 : 0.4837"
"10,22 : 0.6129"
"22,10 : 0.6129"
"10,23 : 0.1432"
"23,10 : 0.1432"
"10,24 : 0.6845"
"24,10 : 0.6845"
"10,25 : 0.7481"
"25,10 : 0.7481"
"10,26 : 0.1456"
"26,10 : 0.1456"
"10,27 : 0.3421"
"27,10 : 0.3421"
"10,28 : 0.2121"
"28,10 : 0.2121"
"10,29 : 0.6101"
"29,10 : 0.6101"
"10,30 : 0.4662"
"30,10 : 0.4662"
"10,31 : 0.6476"
"31,10 : 0.6476"
"10,32 : 0.2884"
"32,10 : 0.2884"
"10,33 : 0.4429"
"33,10 : 0.4429"
"10,34 : 0.9183"
"34,10 : 0.9183"
"10,35 : 0.5349"
"35,10 : 0.5349"
"10,36 : 0.4441"
"36,10 : 0.4441"
"10,37 : 0.3106"
"37,10 : 0.3106"
"10,38 : 0.3354"
"38,10 : 0.3354"
"10,39 : 0.4701"
"39,10 : 0.4701"
"10,40 : 0.4808"
"40,10 : 0.4808"
"10,41 : 0.4011"
"41,10 : 0.4011"
"10,42 : 0.6313"
"42,10 : 0.6313"
"10,43 : 0.7018"
"43,10 : 0.7018"
"10,44 : 0.4211"
"44,10 : 0.4211"
"10,45 : 0.1523"
"45,10 : 0.1523"
"10,46 : 0.2022"
"46,10 : 0.2022"
"10,47 : 0.1612"
"47,10 : 0.1612"
"10,48 : 0.2773"
"48,10 : 0.2773"
"10,49 : 0.5235"
"49,10 : 0.5235"
"11,12 : 0.1825"
"12,11 : 0.1825"
"11,13 : 0.6712"
"13,11 : 0.6712"
"11,14 : 1.0784"
"14,11 : 1.0784"
"11,15 : 0.3883"
"15,11 : 0.3883"
"11,16 : 0.6544"
"16,11 : 0.6544"
"11,17 : 0.8505"
"17,11 : 0.8505"
"11,18 : 0.5566"
"18,11 : 0.5566"
"11,19 : 0.255"
"19,11 : 0.255"
"11,20 : 0.5201"
"20,11 : 0.5201"
"11,21 : 0.4328"
"21,11 : 0.4328"
"11,22 : 0.8877"
"22,11 : 0.8877"
"11,23 : 0.6888"
"23,11 : 0.6888"
"11,24 : 0.9849"
"24,11 : 0.9849"
"11,25 : 0.3805"
"25,11 : 0.3805"
"11,26 : 0.9519"
"26,11 : 0.9519"
"11,27 : 0.6859"
"27,11 : 0.6859"
"11,28 : 0.7406"
"28,11 : 0.7406"
"11,29 : 0.3176"
"29,11 : 0.3176"
"11,30 : 0.38"
"30,11 : 0.38"
"11,31 : 0.7083"
"31,11 : 0.7083"
"11,32 : 0.6748"
"32,11 : 0.6748"
"11,33 : 0.9774"
"33,11 : 0.9774"
"11,34 : 0.4885"
"34,11 : 0.4885"
"11,35 : 0.6147"
"35,11 : 0.6147"
"11,36 : 0.664"
"36,11 : 0.664"
"11,37 : 0.5901"
"37,11 : 0.5901"
"11,38 : 0.9105"
"38,11 : 0.9105"
"11,39 : 0.3396"
"39,11 : 0.3396"
"11,40 : 0.327"
"40,11 : 0.327"
"11,41 : 0.4686"
"41,11 : 0.4686"
"11,42 : 0.4082"
"42,11 : 0.4082"
"11,43 : 0.9171"
"43,11 : 0.9171"
"11,44 : 0.7453"
"44,11 : 0.7453"
"11,45 : 0.9242"
"45,11 : 0.9242"
"11,46 : 0.9192"
"46,11 : 0.9192"
"11,47 : 0.6664"
"47,11 : 0.6664"
"11,48 : 1.0222"
"48,11 : 1.0222"
"11,49 : 0.8573"
"49,11 : 0.8573"
"12,13 : 0.6768"
"13,12 : 0.6768"
"12,14 : 0.9876"
"14,12 : 0.9876"
"12,15 : 0.364"
"15,12 : 0.364"
"12,16 : 0.5323"
"16,12 : 0.5323"
"12,17 : 0.8336"
"17,12 : 0.8336"
"12,18 : 0.5001"
"18,12 : 0.5001"
"12,19 : 0.3956"
"19,12 : 0.3956"
"12,20 : 0.405"
"20,12 : 0.405"
"12,21 : 0.2915"
"21,12 : 0.2915"
"12,22 : 0.9458"
"22,12 : 0.9458"
"12,23 : 0.6021"
"23,12 : 0.6021"
"12,24 : 1.0456"
"24,12 : 1.0456"
"12,25 : 0.2002"
"25,12 : 0.2002"
"12,26 : 0.8797"
"26,12 : 0.8797"
"12,27 : 0.5492"
"27,12 : 0.5492"
"12,28 : 0.6277"
"28,12 : 0.6277"
"12,29 : 0.1562"
"29,12 : 0.1562"
"12,30 : 0.3936"
"30,12 : 0.3936"
"12,31 : 0.7925"
"31,12 : 0.7925"
"12,32 : 0.5501"
"32,12 : 0.5501"
"12,33 : 0.9867"
"33,12 : 0.9867"
"12,34 : 0.65"
"34,12 : 0.65"
"12,35 : 0.678"
"35,12 : 0.678"
"12,36 : 0.5093"
"36,12 : 0.5093"
"12,37 : 0.5852"
"37,12 : 0.5852"
"12,38 : 0.9047"
"38,12 : 0.9047"
"12,39 : 0.3162"
"39,12 : 0.3162"
"12,40 : 0.2746"
"40,12 : 0.2746"
"12,41 : 0.3511"
"41,12 : 0.3511"
"12,42 : 0.5045"
"42,12 : 0.5045"
"12,43 : 0.9902"
"43,12 : 0.9902"
"12,44 : 0.7739"
"44,12 : 0.7739"
"12,45 : 0.8705"
"45,12 : 0.8705"
"12,46 : 0.8134"
"46,12 : 0.8134"
"12,47 : 0.5805"
"47,12 : 0.5805"
"12,48 : 0.9155"
"48,12 : 0.9155"
"12,49 : 0.8994"
"49,12 : 0.8994"
"13,14 : 0.5798"
"14,13 : 0.5798"
"13,15 : 0.3138"
"15,13 : 0.3138"
"13,16 : 0.4776"
"16,13 : 0.4776"
"13,17 : 0.1931"
"17,13 : 0.1931"
"13,18 : 0.2524"
"18,13 : 0.2524"
"13,19 : 0.522"
"19,13 : 0.522"
"13,20 : 0.4441"
"20,13 : 0.4441"
"13,21 : 0.5376"
"21,13 : 0.5376"
"13,22 : 0.3354"
"22,13 : 0.3354"
"13,23 : 0.3437"
"23,13 : 0.3437"
"13,24 : 0.4272"
"24,13 : 0.4272"
"13,25 : 0.7739"
"25,13 : 0.7739"
"13,26 : 0.4188"
"26,13 : 0.4188"
"13,27 : 0.5503"
"27,13 : 0.5503"
"13,28 : 0.4639"
"28,13 : 0.4639"
"13,29 : 0.6106"
"29,13 : 0.6106"
"13,30 : 0.2927"
"30,13 : 0.2927"
"13,31 : 0.3256"
"31,13 : 0.3256"
"13,32 : 0.4934"
"32,13 : 0.4934"
"13,33 : 0.3105"
"33,13 : 0.3105"
"13,34 : 0.6313"
"34,13 : 0.6313"
"13,35 : 0.2147"
"35,13 : 0.2147"
"13,36 : 0.6307"
"36,13 : 0.6307"
"13,37 : 0.0943"
"37,13 : 0.0943"
"13,38 : 0.2402"
"38,13 : 0.2402"
"13,39 : 0.3606"
"39,13 : 0.3606"
"13,40 : 0.4072"
"40,13 : 0.4072"
"13,41 : 0.4601"
"41,13 : 0.4601"
"13,42 : 0.3624"
"42,13 : 0.3624"
"13,43 : 0.4144"
"43,13 : 0.4144"
"13,44 : 0.1253"
"44,13 : 0.1253"
"13,45 : 0.3397"
"45,13 : 0.3397"
"13,46 : 0.5239"
"46,13 : 0.5239"
"13,47 : 0.3373"
"47,13 : 0.3373"
"13,48 : 0.5981"
"48,13 : 0.5981"
"13,49 : 0.2581"
"49,13 : 0.2581"
"14,15 : 0.7049"
"15,14 : 0.7049"
"14,16 : 0.4717"
"16,14 : 0.4717"
"14,17 : 0.4397"
"17,14 : 0.4397"
"14,18 : 0.53"
"18,14 : 0.53"
"14,19 : 1.0323"
"19,14 : 1.0323"
"14,20 : 0.5846"
"20,14 : 0.5846"
"14,21 : 0.7102"
"21,14 : 0.7102"
"14,22 : 0.806"
"22,14 : 0.806"
"14,23 : 0.39"
"23,14 : 0.39"
"14,24 : 0.8538"
"24,14 : 0.8538"
"14,25 : 0.9625"
"25,14 : 0.9625"
"14,26 : 0.1612"
"26,14 : 0.1612"
"14,27 : 0.4909"
"27,14 : 0.4909"
"14,28 : 0.3712"
"28,14 : 0.3712"
"14,29 : 0.8472"
"29,14 : 0.8472"
"14,30 : 0.75"
"30,14 : 0.75"
"14,31 : 0.8905"
"31,14 : 0.8905"
"14,32 : 0.4604"
"32,14 : 0.4604"
"14,33 : 0.5701"
"33,14 : 0.5701"
"14,34 : 1.1975"
"34,14 : 1.1975"
"14,35 : 0.794"
"35,14 : 0.794"
"14,36 : 0.5855"
"36,14 : 0.5855"
"14,37 : 0.588"
"37,14 : 0.588"
"14,38 : 0.4851"
"38,14 : 0.4851"
"14,39 : 0.7479"
"39,14 : 0.7479"
"14,40 : 0.7515"
"40,14 : 0.7515"
"14,41 : 0.6379"
"41,14 : 0.6379"
"14,42 : 0.9124"
"42,14 : 0.9124"
"14,43 : 0.8963"
"43,14 : 0.8963"
"14,44 : 0.65"
"44,14 : 0.65"
"14,45 : 0.253"
"45,14 : 0.253"
"14,46 : 0.191"
"46,14 : 0.191"
"14,47 : 0.4123"
"47,14 : 0.4123"
"14,48 : 0.1221"
"48,14 : 0.1221"
"14,49 : 0.7181"
"49,14 : 0.7181"
"15,16 : 0.3547"
"16,15 : 0.3547"
"15,17 : 0.4727"
"17,15 : 0.4727"
"15,18 : 0.1749"
"18,15 : 0.1749"
"15,19 : 0.3421"
"19,15 : 0.3421"
"15,20 : 0.2419"
"20,15 : 0.2419"
"15,21 : 0.2693"
"21,15 : 0.2693"
"15,22 : 0.6083"
"22,15 : 0.6083"
"15,23 : 0.3256"
"23,15 : 0.3256"
"15,24 : 0.7077"
"24,15 : 0.7077"
"15,25 : 0.4686"
"25,15 : 0.4686"
"15,26 : 0.5686"
"26,15 : 0.5686"
"15,27 : 0.4148"
"27,15 : 0.4148"
"15,28 : 0.4105"
"28,15 : 0.4105"
"15,29 : 0.3048"
"29,15 : 0.3048"
"15,30 : 0.08"
"30,15 : 0.08"
"15,31 : 0.4965"
"31,15 : 0.4965"
"15,32 : 0.377"
"32,15 : 0.377"
"15,33 : 0.623"
"33,15 : 0.623"
"15,34 : 0.563"
"34,15 : 0.563"
"15,35 : 0.3636"
"35,15 : 0.3636"
"15,36 : 0.4504"
"36,15 : 0.4504"
"15,37 : 0.2214"
"37,15 : 0.2214"
"15,38 : 0.5413"
"38,15 : 0.5413"
"15,39 : 0.05"
"39,15 : 0.05"
"15,40 : 0.0943"
"40,15 : 0.0943"
"15,41 : 0.2209"
"41,15 : 0.2209"
"15,42 : 0.2915"
"42,15 : 0.2915"
"15,43 : 0.6671"
"43,15 : 0.6671"
"15,44 : 0.4188"
"44,15 : 0.4188"
"15,45 : 0.536"
"45,15 : 0.536"
"15,46 : 0.5659"
"46,15 : 0.5659"
"15,47 : 0.3041"
"47,15 : 0.3041"
"15,48 : 0.666"
"48,15 : 0.666"
"15,49 : 0.55"
"49,15 : 0.55"
"16,17 : 0.5099"
"17,16 : 0.5099"
"16,18 : 0.2408"
"18,16 : 0.2408"
"16,19 : 0.6896"
"19,16 : 0.6896"
"16,20 : 0.1345"
"20,16 : 0.1345"
"16,21 : 0.2435"
"21,16 : 0.2435"
"16,22 : 0.8115"
"22,16 : 0.8115"
"16,23 : 0.1556"
"23,16 : 0.1556"
"16,24 : 0.899"
"24,16 : 0.899"
"16,25 : 0.4909"
"25,16 : 0.4909"
"16,26 : 0.4026"
"26,16 : 0.4026"
"16,27 : 0.0728"
"27,16 : 0.0728"
"16,28 : 0.1005"
"28,16 : 0.1005"
"16,29 : 0.3828"
"29,16 : 0.3828"
"16,30 : 0.4301"
"30,16 : 0.4301"
"16,31 : 0.7765"
"31,16 : 0.7765"
"16,32 : 0.0224"
"32,16 : 0.0224"
"16,33 : 0.7018"
"33,16 : 0.7018"
"16,34 : 0.9176"
"34,16 : 0.9176"
"16,35 : 0.6428"
"35,16 : 0.6428"
"16,36 : 0.1628"
"36,16 : 0.1628"
"16,37 : 0.4079"
"37,16 : 0.4079"
"16,38 : 0.5946"
"38,16 : 0.5946"
"16,39 : 0.3759"
"39,16 : 0.3759"
"16,40 : 0.35"
"40,16 : 0.35"
"16,41 : 0.186"
"41,16 : 0.186"
"16,42 : 0.6403"
"42,16 : 0.6403"
"16,43 : 0.892"
"43,16 : 0.892"
"16,44 : 0.6017"
"44,16 : 0.6017"
"16,45 : 0.4383"
"45,16 : 0.4383"
"16,46 : 0.2864"
"46,16 : 0.2864"
"16,47 : 0.15"
"47,16 : 0.15"
"16,48 : 0.386"
"48,16 : 0.386"
"16,49 : 0.7292"
"49,16 : 0.7292"
"17,18 : 0.3493"
"18,17 : 0.3493"
"17,19 : 0.7147"
"19,17 : 0.7147"
"17,20 : 0.527"
"20,17 : 0.527"
"17,21 : 0.6441"
"21,17 : 0.6441"
"17,22 : 0.3712"
"22,17 : 0.3712"
"17,23 : 0.3547"
"23,17 : 0.3547"
"17,24 : 0.4329"
"24,17 : 0.4329"
"17,25 : 0.9008"
"25,17 : 0.9008"
"17,26 : 0.2844"
"26,17 : 0.2844"
"17,27 : 0.5763"
"27,17 : 0.5763"
"17,28 : 0.4579"
"28,17 : 0.4579"
"17,29 : 0.7433"
"29,17 : 0.7433"
"17,30 : 0.471"
"30,17 : 0.471"
"17,31 : 0.4579"
"31,17 : 0.4579"
"17,32 : 0.5186"
"32,17 : 0.5186"
"17,33 : 0.1921"
"33,17 : 0.1921"
"17,34 : 0.8161"
"34,17 : 0.8161"
"17,35 : 0.3821"
"35,17 : 0.3821"
"17,36 : 0.6727"
"36,17 : 0.6727"
"17,37 : 0.2608"
"37,17 : 0.2608"
"17,38 : 0.0849"
"38,17 : 0.0849"
"17,39 : 0.5224"
"39,17 : 0.5224"
"17,40 : 0.559"
"40,17 : 0.559"
"17,41 : 0.5595"
"41,17 : 0.5595"
"17,42 : 0.5546"
"42,17 : 0.5546"
"17,43 : 0.4617"
"43,17 : 0.4617"
"17,44 : 0.2163"
"44,17 : 0.2163"
"17,45 : 0.1868"
"45,17 : 0.1868"
"17,46 : 0.4441"
"46,17 : 0.4441"
"17,47 : 0.3607"
"47,17 : 0.3607"
"17,48 : 0.4909"
"48,17 : 0.4909"
"17,49 : 0.2816"
"49,17 : 0.2816"
"18,19 : 0.5091"
"19,18 : 0.5091"
"18,20 : 0.1921"
"20,18 : 0.1921"
"18,21 : 0.2968"
"21,18 : 0.2968"
"18,22 : 0.5867"
"22,18 : 0.5867"
"18,23 : 0.1581"
"23,18 : 0.1581"
"18,24 : 0.6796"
"24,18 : 0.6796"
"18,25 : 0.5515"
"25,18 : 0.5515"
"18,26 : 0.3956"
"26,18 : 0.3956"
"18,27 : 0.3126"
"27,18 : 0.3126"
"18,28 : 0.2625"
"28,18 : 0.2625"
"18,29 : 0.3956"
"29,18 : 0.3956"
"18,30 : 0.2267"
"30,18 : 0.2267"
"18,31 : 0.536"
"31,18 : 0.536"
"18,32 : 0.2602"
"32,18 : 0.2602"
"18,33 : 0.527"
"33,18 : 0.527"
"18,34 : 0.7071"
"34,18 : 0.7071"
"18,35 : 0.402"
"35,18 : 0.402"
"18,36 : 0.3828"
"36,18 : 0.3828"
"18,37 : 0.1709"
"37,18 : 0.1709"
"18,38 : 0.4294"
"38,18 : 0.4294"
"18,39 : 0.2193"
"39,18 : 0.2193"
"18,40 : 0.2335"
"40,18 : 0.2335"
"18,41 : 0.214"
"41,18 : 0.214"
"18,42 : 0.4205"
"42,18 : 0.4205"
"18,43 : 0.6621"
"43,18 : 0.6621"
"18,44 : 0.3774"
"44,18 : 0.3774"
"18,45 : 0.3722"
"45,18 : 0.3722"
"18,46 : 0.397"
"46,18 : 0.397"
"18,47 : 0.1389"
"47,18 : 0.1389"
"18,48 : 0.495"
"48,18 : 0.495"
"18,49 : 0.5104"
"49,18 : 0.5104"
"19,20 : 0.5636"
"20,19 : 0.5636"
"19,21 : 0.5315"
"21,19 : 0.5315"
"19,22 : 0.6671"
"22,19 : 0.6671"
"19,23 : 0.6653"
"23,19 : 0.6653"
"19,24 : 0.7596"
"24,19 : 0.7596"
"19,25 : 0.5894"
"25,19 : 0.5894"
"19,26 : 0.8848"
"26,19 : 0.8848"
"19,27 : 0.7425"
"27,19 : 0.7425"
"19,28 : 0.7521"
"28,19 : 0.7521"
"19,29 : 0.4704"
"29,19 : 0.4704"
"19,30 : 0.2832"
"30,19 : 0.2832"
"19,31 : 0.4717"
"31,19 : 0.4717"
"19,32 : 0.712"
"32,19 : 0.712"
"19,33 : 0.8031"
"33,19 : 0.8031"
"19,34 : 0.2608"
"34,19 : 0.2608"
"19,35 : 0.402"
"35,19 : 0.402"
"19,36 : 0.7558"
"36,19 : 0.7558"
"19,37 : 0.4652"
"37,19 : 0.4652"
"19,38 : 0.7571"
"38,19 : 0.7571"
"19,39 : 0.3138"
"39,19 : 0.3138"
"19,40 : 0.3454"
"40,19 : 0.3454"
"19,41 : 0.5255"
"41,19 : 0.5255"
"19,42 : 0.1811"
"42,19 : 0.1811"
"19,43 : 0.6835"
"43,19 : 0.6835"
"19,44 : 0.5614"
"44,19 : 0.5614"
"19,45 : 0.8324"
"45,19 : 0.8324"
"19,46 : 0.9055"
"46,19 : 0.9055"
"19,47 : 0.6444"
"47,19 : 0.6444"
"19,48 : 1.0041"
"48,19 : 1.0041"
"19,49 : 0.6528"
"49,19 : 0.6528"
"20,21 : 0.1304"
"21,20 : 0.1304"
"20,22 : 0.777"
"22,20 : 0.777"
"20,23 : 0.211"
"23,20 : 0.211"
"20,24 : 0.8709"
"24,20 : 0.8709"
"20,25 : 0.3946"
"25,20 : 0.3946"
"20,26 : 0.4901"
"26,20 : 0.4901"
"20,27 : 0.1789"
"27,20 : 0.1789"
"20,28 : 0.2236"
"28,20 : 0.2236"
"20,29 : 0.2631"
"29,20 : 0.2631"
"20,30 : 0.3214"
"30,20 : 0.3214"
"20,31 : 0.7088"
"31,20 : 0.7088"
"20,32 : 0.1556"
"32,20 : 0.1556"
"20,33 : 0.7122"
"33,20 : 0.7122"
"20,34 : 0.8008"
"34,20 : 0.8008"
"20,35 : 0.5728"
"35,20 : 0.5728"
"20,36 : 0.2102"
"36,20 : 0.2102"
"20,37 : 0.3585"
"37,20 : 0.3585"
"20,38 : 0.6103"
"38,20 : 0.6103"
"20,39 : 0.253"
"39,20 : 0.253"
"20,40 : 0.2195"
"40,20 : 0.2195"
"20,41 : 0.0539"
"41,20 : 0.0539"
"20,42 : 0.5334"
"42,20 : 0.5334"
"20,43 : 0.85"
"43,20 : 0.85"
"20,44 : 0.5686"
"44,20 : 0.5686"
"20,45 : 0.5022"
"45,20 : 0.5022"
"20,46 : 0.4085"
"46,20 : 0.4085"
"20,47 : 0.1924"
"47,20 : 0.1924"
"20,48 : 0.5108"
"48,20 : 0.5108"
"20,49 : 0.7021"
"49,20 : 0.7021"
"21,22 : 0.8605"
"22,21 : 0.8605"
"21,23 : 0.3413"
"23,21 : 0.3413"
"21,24 : 0.9578"
"24,21 : 0.9578"
"21,25 : 0.2648"
"25,21 : 0.2648"
"21,26 : 0.6203"
"26,21 : 0.6203"
"21,27 : 0.2581"
"27,21 : 0.2581"
"21,28 : 0.3421"
"28,21 : 0.3421"
"21,29 : 0.1393"
"29,21 : 0.1393"
"21,30 : 0.3448"
"30,21 : 0.3448"
"21,31 : 0.7649"
"31,21 : 0.7649"
"21,32 : 0.26"
"32,21 : 0.26"
"21,33 : 0.8238"
"33,21 : 0.8238"
"21,34 : 0.7852"
"34,21 : 0.7852"
"21,35 : 0.6306"
"35,21 : 0.6306"
"21,36 : 0.2332"
"36,21 : 0.2332"
"21,37 : 0.4455"
"37,21 : 0.4455"
"21,38 : 0.7256"
"38,21 : 0.7256"
"21,39 : 0.255"
"39,21 : 0.255"
"21,40 : 0.201"
"40,21 : 0.201"
"21,41 : 0.0854"
"41,21 : 0.0854"
"21,42 : 0.5445"
"42,21 : 0.5445"
"21,43 : 0.9266"
"43,21 : 0.9266"
"21,44 : 0.658"
"44,21 : 0.658"
"21,45 : 0.6315"
"45,21 : 0.6315"
"21,46 : 0.5289"
"46,21 : 0.5289"
"21,47 : 0.3225"
"47,21 : 0.3225"
"21,48 : 0.6294"
"48,21 : 0.6294"
"21,49 : 0.7925"
"49,21 : 0.7925"
"22,23 : 0.6705"
"23,22 : 0.6705"
"22,24 : 0.1"
"24,22 : 0.1"
"22,25 : 1.0763"
"25,22 : 1.0763"
"22,26 : 0.6549"
"26,22 : 0.6549"
"22,27 : 0.8839"
"27,22 : 0.8839"
"22,28 : 0.7885"
"28,22 : 0.7885"
"22,29 : 0.9129"
"29,22 : 0.9129"
"22,30 : 0.5561"
"30,22 : 0.5561"
"22,31 : 0.211"
"31,22 : 0.211"
"22,32 : 0.8264"
"32,22 : 0.8264"
"22,33 : 0.2663"
"33,22 : 0.2663"
"22,34 : 0.6395"
"34,22 : 0.6395"
"22,35 : 0.2731"
"35,22 : 0.2731"
"22,36 : 0.9661"
"36,22 : 0.9661"
"22,37 : 0.4188"
"37,22 : 0.4188"
"22,38 : 0.3228"
"38,22 : 0.3228"
"22,39 : 0.6454"
"39,22 : 0.6454"
"22,40 : 0.7009"
"40,22 : 0.7009"
"22,41 : 0.7882"
"41,22 : 0.7882"
"22,42 : 0.4876"
"42,22 : 0.4876"
"22,43 : 0.0906"
"43,22 : 0.0906"
"22,44 : 0.2102"
"44,22 : 0.2102"
"22,45 : 0.5558"
"45,22 : 0.5558"
"22,46 : 0.8106"
"46,22 : 0.8106"
"22,47 : 0.6673"
"47,22 : 0.6673"
"22,48 : 0.8621"
"48,22 : 0.8621"
"22,49 : 0.09"
"49,22 : 0.09"
"23,24 : 0.7539"
"24,23 : 0.7539"
"23,25 : 0.6053"
"25,23 : 0.6053"
"23,26 : 0.2802"
"26,23 : 0.2802"
"23,27 : 0.222"
"27,23 : 0.222"
"23,28 : 0.1204"
"28,23 : 0.1204"
"23,29 : 0.4704"
"29,23 : 0.4704"
"23,30 : 0.3842"
"30,23 : 0.3842"
"23,31 : 0.6601"
"31,23 : 0.6601"
"23,32 : 0.164"
"32,23 : 0.164"
"23,33 : 0.5467"
"33,23 : 0.5467"
"23,34 : 0.8645"
"34,23 : 0.8645"
"23,35 : 0.5324"
"35,23 : 0.5324"
"23,36 : 0.3183"
"36,23 : 0.3183"
"23,37 : 0.2915"
"37,23 : 0.2915"
"23,38 : 0.4393"
"38,23 : 0.4393"
"23,39 : 0.364"
"39,23 : 0.364"
"23,40 : 0.3624"
"40,23 : 0.3624"
"23,41 : 0.26"
"41,23 : 0.26"
"23,42 : 0.5771"
"42,23 : 0.5771"
"23,43 : 0.7543"
"43,23 : 0.7543"
"23,44 : 0.4632"
"44,23 : 0.4632"
"23,45 : 0.2941"
"45,23 : 0.2941"
"23,46 : 0.2404"
"46,23 : 0.2404"
"23,47 : 0.0224"
"47,23 : 0.0224"
"23,48 : 0.3406"
"48,23 : 0.3406"
"23,49 : 0.5852"
"49,23 : 0.5852"
"24,25 : 1.1759"
"25,24 : 1.1759"
"24,26 : 0.71"
"26,24 : 0.71"
"24,27 : 0.9708"
"27,24 : 0.9708"
"24,28 : 0.8698"
"28,24 : 0.8698"
"24,29 : 1.0124"
"29,24 : 1.0124"
"24,30 : 0.656"
"30,24 : 0.656"
"24,31 : 0.2927"
"31,24 : 0.2927"
"24,32 : 0.9129"
"32,24 : 0.9129"
"24,33 : 0.2886"
"33,24 : 0.2886"
"24,34 : 0.7118"
"34,24 : 0.7118"
"24,35 : 0.3712"
"35,24 : 0.3712"
"24,36 : 1.0559"
"36,24 : 1.0559"
"24,37 : 0.514"
"37,24 : 0.514"
"24,38 : 0.3701"
"38,24 : 0.3701"
"24,39 : 0.7452"
"39,24 : 0.7452"
"24,40 : 0.8006"
"40,24 : 0.8006"
"24,41 : 0.8841"
"41,24 : 0.8841"
"24,42 : 0.5819"
"42,24 : 0.5819"
"24,43 : 0.0949"
"43,24 : 0.0949"
"24,44 : 0.3023"
"44,24 : 0.3023"
"24,45 : 0.61"
"45,24 : 0.61"
"24,46 : 0.8769"
"46,24 : 0.8769"
"24,47 : 0.7524"
"47,24 : 0.7524"
"24,48 : 0.9202"
"48,24 : 0.9202"
"24,49 : 0.17"
"49,24 : 0.17"
"25,26 : 0.8828"
"26,25 : 0.8828"
"25,27 : 0.4805"
"27,25 : 0.4805"
"25,28 : 0.5914"
"28,25 : 0.5914"
"25,29 : 0.164"
"29,25 : 0.164"
"25,30 : 0.5235"
"30,25 : 0.5235"
"25,31 : 0.9464"
"31,25 : 0.9464"
"25,32 : 0.5025"
"32,25 : 0.5025"
"25,33 : 1.0735"
"33,25 : 1.0735"
"25,34 : 0.8472"
"34,25 : 0.8472"
"25,35 : 0.8213"
"35,25 : 0.8213"
"25,36 : 0.4085"
"36,25 : 0.4085"
"25,37 : 0.6796"
"37,25 : 0.6796"
"25,38 : 0.9799"
"38,25 : 0.9799"
"25,39 : 0.4314"
"39,25 : 0.4314"
"25,40 : 0.3754"
"40,25 : 0.3754"
"25,41 : 0.3493"
"41,25 : 0.3493"
"25,42 : 0.676"
"42,25 : 0.676"
"25,43 : 1.1315"
"43,25 : 1.1315"
"25,44 : 0.886"
"44,25 : 0.886"
"25,45 : 0.8963"
"45,25 : 0.8963"
"25,46 : 0.7752"
"46,25 : 0.7752"
"25,47 : 0.5869"
"47,25 : 0.5869"
"25,48 : 0.8713"
"48,25 : 0.8713"
"25,49 : 1.0183"
"49,25 : 1.0183"
"26,27 : 0.4438"
"27,26 : 0.4438"
"26,28 : 0.3102"
"28,26 : 0.3102"
"26,29 : 0.7506"
"29,26 : 0.7506"
"26,30 : 0.6054"
"30,26 : 0.6054"
"26,31 : 0.7301"
"31,26 : 0.7301"
"26,32 : 0.3985"
"32,26 : 0.3985"
"26,33 : 0.4357"
"33,26 : 0.4357"
"26,34 : 1.04"
"34,26 : 1.04"
"26,35 : 0.6329"
"35,26 : 0.6329"
"26,36 : 0.5463"
"36,26 : 0.5463"
"26,37 : 0.4314"
"37,26 : 0.4314"
"26,38 : 0.3401"
"38,26 : 0.3401"
"26,39 : 0.6147"
"39,26 : 0.6147"
"26,40 : 0.6264"
"40,26 : 0.6264"
"26,41 : 0.5401"
"41,26 : 0.5401"
"26,42 : 0.7569"
"42,26 : 0.7569"
"26,43 : 0.7455"
"43,26 : 0.7455"
"26,44 : 0.4904"
"44,26 : 0.4904"
"26,45 : 0.1"
"45,26 : 0.1"
"26,46 : 0.1942"
"46,26 : 0.1942"
"26,47 : 0.3007"
"47,26 : 0.3007"
"26,48 : 0.211"
"48,26 : 0.211"
"26,49 : 0.5657"
"49,26 : 0.5657"
"27,28 : 0.1342"
"28,27 : 0.1342"
"27,29 : 0.3945"
"29,27 : 0.3945"
"27,30 : 0.4924"
"30,27 : 0.4924"
"27,31 : 0.8485"
"31,27 : 0.8485"
"27,32 : 0.0583"
"32,27 : 0.0583"
"27,33 : 0.7684"
"33,27 : 0.7684"
"27,34 : 0.9772"
"34,27 : 0.9772"
"27,35 : 0.7145"
"35,27 : 0.7145"
"27,36 : 0.103"
"36,27 : 0.103"
"27,37 : 0.4805"
"37,27 : 0.4805"
"27,38 : 0.6607"
"38,27 : 0.6607"
"27,39 : 0.4308"
"39,27 : 0.4308"
"27,40 : 0.3982"
"40,27 : 0.3982"
"27,41 : 0.222"
"41,27 : 0.222"
"27,42 : 0.7041"
"42,27 : 0.7041"
"27,43 : 0.9646"
"43,27 : 0.9646"
"27,44 : 0.6742"
"44,27 : 0.6742"
"27,45 : 0.4909"
"45,27 : 0.4909"
"27,46 : 0.3002"
"46,27 : 0.3002"
"27,47 : 0.2195"
"47,27 : 0.2195"
"27,48 : 0.392"
"48,27 : 0.392"
"27,49 : 0.8011"
"49,27 : 0.8011"
"28,29 : 0.4808"
"29,28 : 0.4808"
"28,30 : 0.4789"
"30,28 : 0.4789"
"28,31 : 0.78"
"31,28 : 0.78"
"28,32 : 0.0906"
"32,28 : 0.0906"
"28,33 : 0.649"
"33,28 : 0.649"
"28,34 : 0.9661"
"34,28 : 0.9661"
"28,35 : 0.6512"
"35,28 : 0.6512"
"28,36 : 0.2371"
"36,28 : 0.2371"
"28,37 : 0.4105"
"37,28 : 0.4105"
"28,38 : 0.5408"
"38,28 : 0.5408"
"28,39 : 0.4405"
"39,28 : 0.4405"
"28,40 : 0.4245"
"40,28 : 0.4245"
"28,41 : 0.2773"
"41,28 : 0.2773"
"28,42 : 0.6815"
"42,28 : 0.6815"
"28,43 : 0.8732"
"43,28 : 0.8732"
"28,44 : 0.5825"
"44,28 : 0.5825"
"28,45 : 0.3581"
"45,28 : 0.3581"
"28,46 : 0.1868"
"46,28 : 0.1868"
"28,47 : 0.1304"
"47,28 : 0.1304"
"28,48 : 0.2879"
"48,28 : 0.2879"
"28,49 : 0.7021"
"49,28 : 0.7021"
"29,30 : 0.3624"
"30,29 : 0.3624"
"29,31 : 0.7882"
"31,29 : 0.7882"
"29,32 : 0.3992"
"32,29 : 0.3992"
"29,33 : 0.9124"
"33,29 : 0.9124"
"29,34 : 0.7311"
"34,29 : 0.7311"
"29,35 : 0.6607"
"35,29 : 0.6607"
"29,36 : 0.3536"
"36,29 : 0.3536"
"29,37 : 0.5162"
"37,29 : 0.5162"
"29,38 : 0.8208"
"38,29 : 0.8208"
"29,39 : 0.2691"
"39,29 : 0.2691"
"29,40 : 0.2121"
"40,29 : 0.2121"
"29,41 : 0.211"
"41,29 : 0.211"
"29,42 : 0.5292"
"42,29 : 0.5292"
"29,43 : 0.9694"
"43,29 : 0.9694"
"29,44 : 0.722"
"44,29 : 0.722"
"29,45 : 0.7533"
"45,29 : 0.7533"
"29,46 : 0.6676"
"46,29 : 0.6676"
"29,47 : 0.4501"
"47,29 : 0.4501"
"29,48 : 0.7684"
"48,29 : 0.7684"
"29,49 : 0.8543"
"49,29 : 0.8543"
"30,31 : 0.4272"
"31,30 : 0.4272"
"30,32 : 0.4522"
"32,30 : 0.4522"
"30,33 : 0.6021"
"33,30 : 0.6021"
"30,34 : 0.4885"
"34,30 : 0.4885"
"30,35 : 0.2983"
"35,30 : 0.2983"
"30,36 : 0.5304"
"36,30 : 0.5304"
"30,37 : 0.2102"
"37,30 : 0.2102"
"30,38 : 0.5308"
"38,30 : 0.5308"
"30,39 : 0.0943"
"39,30 : 0.0943"
"30,40 : 0.1526"
"40,30 : 0.1526"
"30,41 : 0.3007"
"41,30 : 0.3007"
"30,42 : 0.2121"
"42,30 : 0.2121"
"30,43 : 0.6081"
"43,30 : 0.6081"
"30,44 : 0.3808"
"44,30 : 0.3808"
"30,45 : 0.5608"
"45,30 : 0.5608"
"30,46 : 0.6237"
"46,30 : 0.6237"
"30,47 : 0.364"
"47,30 : 0.364"
"30,48 : 0.7214"
"48,30 : 0.7214"
"30,49 : 0.5061"
"49,30 : 0.5061"
"31,32 : 0.7951"
"32,31 : 0.7951"
"31,33 : 0.4327"
"33,31 : 0.4327"
"31,34 : 0.4295"
"34,31 : 0.4295"
"31,35 : 0.136"
"35,31 : 0.136"
"31,36 : 0.9144"
"36,31 : 0.9144"
"31,37 : 0.3705"
"37,31 : 0.3705"
"31,38 : 0.446"
"38,31 : 0.446"
"31,39 : 0.5215"
"39,31 : 0.5215"
"31,40 : 0.5798"
"40,31 : 0.5798"
"31,41 : 0.7058"
"41,31 : 0.7058"
"31,42 : 0.3002"
"42,31 : 0.3002"
"31,43 : 0.2119"
"43,31 : 0.2119"
"31,44 : 0.2419"
"44,31 : 0.2419"
"31,45 : 0.6395"
"45,31 : 0.6395"
"31,46 : 0.8493"
"46,31 : 0.8493"
"31,47 : 0.6501"
"47,31 : 0.6501"
"31,48 : 0.9205"
"48,31 : 0.9205"
"31,49 : 0.2371"
"49,31 : 0.2371"
"32,33 : 0.7106"
"33,32 : 0.7106"
"32,34 : 0.9398"
"34,32 : 0.9398"
"32,35 : 0.6619"
"35,32 : 0.6619"
"32,36 : 0.1562"
"36,32 : 0.1562"
"32,37 : 0.4258"
"37,32 : 0.4258"
"32,38 : 0.6031"
"38,32 : 0.6031"
"32,39 : 0.3982"
"39,32 : 0.3982"
"32,40 : 0.372"
"40,32 : 0.372"
"32,41 : 0.2062"
"41,32 : 0.2062"
"32,42 : 0.6622"
"42,32 : 0.6622"
"32,43 : 0.9076"
"43,32 : 0.9076"
"32,44 : 0.6168"
"44,32 : 0.6168"
"32,45 : 0.4391"
"45,32 : 0.4391"
"32,46 : 0.2729"
"46,32 : 0.2729"
"32,47 : 0.1612"
"47,32 : 0.1612"
"32,48 : 0.3711"
"48,32 : 0.3711"
"32,49 : 0.7432"
"49,32 : 0.7432"
"33,34 : 0.8469"
"34,33 : 0.8469"
"33,35 : 0.4148"
"35,33 : 0.4148"
"33,36 : 0.8645"
"36,33 : 0.8645"
"33,37 : 0.4016"
"37,33 : 0.4016"
"33,38 : 0.1082"
"38,33 : 0.1082"
"33,39 : 0.6705"
"39,33 : 0.6705"
"33,40 : 0.7151"
"40,33 : 0.7151"
"33,41 : 0.7406"
"41,33 : 0.7406"
"33,42 : 0.6265"
"42,33 : 0.6265"
"33,43 : 0.3489"
"43,33 : 0.3489"
"33,44 : 0.2419"
"44,33 : 0.2419"
"33,45 : 0.3373"
"45,33 : 0.3373"
"33,46 : 0.6168"
"46,33 : 0.6168"
"33,47 : 0.5523"
"47,33 : 0.5523"
"33,48 : 0.6463"
"48,33 : 0.6463"
"33,49 : 0.1985"
"49,33 : 0.1985"
"34,35 : 0.4391"
"35,34 : 0.4391"
"34,36 : 1.0022"
"36,34 : 1.0022"
"34,37 : 0.6096"
"37,34 : 0.6096"
"34,38 : 0.8335"
"38,34 : 0.8335"
"34,39 : 0.5482"
"39,34 : 0.5482"
"34,40 : 0.5903"
"40,34 : 0.5903"
"34,41 : 0.769"
"41,34 : 0.769"
"34,42 : 0.2884"
"42,34 : 0.2884"
"34,43 : 0.6203"
"43,34 : 0.6203"
"34,44 : 0.6177"
"44,34 : 0.6177"
"34,45 : 0.9694"
"45,34 : 0.9694"
"34,46 : 1.0984"
"46,34 : 1.0984"
"34,47 : 0.846"
"47,34 : 0.846"
"34,48 : 1.1904"
"48,34 : 1.1904"
"34,49 : 0.661"
"49,34 : 0.661"
"35,36 : 0.7788"
"36,35 : 0.7788"
"35,37 : 0.2408"
"37,35 : 0.2408"
"35,38 : 0.3945"
"38,35 : 0.3945"
"35,39 : 0.392"
"39,35 : 0.392"
"35,40 : 0.45"
"40,35 : 0.45"
"35,41 : 0.5701"
"41,35 : 0.5701"
"35,42 : 0.2209"
"42,35 : 0.2209"
"35,43 : 0.3124"
"43,35 : 0.3124"
"35,44 : 0.1789"
"44,35 : 0.1789"
"35,45 : 0.55"
"45,35 : 0.55"
"35,46 : 0.7338"
"46,35 : 0.7338"
"35,47 : 0.5209"
"47,35 : 0.5209"
"35,48 : 0.8115"
"48,35 : 0.8115"
"35,49 : 0.2508"
"49,35 : 0.2508"
"36,37 : 0.5536"
"37,36 : 0.5536"
"36,38 : 0.7574"
"38,36 : 0.7574"
"36,39 : 0.4554"
"39,36 : 0.4554"
"36,40 : 0.4123"
"40,36 : 0.4123"
"36,41 : 0.2335"
"41,36 : 0.2335"
"36,42 : 0.7417"
"42,36 : 0.7417"
"36,43 : 1.0439"
"43,36 : 1.0439"
"36,44 : 0.7558"
"44,36 : 0.7558"
"36,45 : 0.5936"
"45,36 : 0.5936"
"36,46 : 0.3946"
"46,36 : 0.3946"
"36,47 : 0.3124"
"47,36 : 0.3124"
"36,48 : 0.4801"
"48,36 : 0.4801"
"36,49 : 0.8859"
"49,36 : 0.8859"
"37,38 : 0.3225"
"38,37 : 0.3225"
"37,39 : 0.2693"
"39,37 : 0.2693"
"37,40 : 0.3138"
"40,37 : 0.3138"
"37,41 : 0.3701"
"41,37 : 0.3701"
"37,42 : 0.3256"
"42,37 : 0.3256"
"37,43 : 0.4919"
"43,37 : 0.4919"
"37,44 : 0.2126"
"44,37 : 0.2126"
"37,45 : 0.3689"
"45,37 : 0.3689"
"37,46 : 0.5016"
"46,37 : 0.5016"
"37,47 : 0.2802"
"47,37 : 0.2802"
"37,48 : 0.5867"
"48,37 : 0.5867"
"37,49 : 0.3471"
"49,37 : 0.3471"
"38,39 : 0.5903"
"39,38 : 0.5903"
"38,40 : 0.6306"
"40,38 : 0.6306"
"38,41 : 0.6414"
"41,38 : 0.6414"
"38,42 : 0.5882"
"42,38 : 0.5882"
"38,43 : 0.4123"
"43,38 : 0.4123"
"38,44 : 0.2163"
"44,38 : 0.2163"
"38,45 : 0.2402"
"45,38 : 0.2402"
"38,46 : 0.5142"
"46,38 : 0.5142"
"38,47 : 0.4455"
"47,38 : 0.4455"
"38,48 : 0.5508"
"48,38 : 0.5508"
"38,49 : 0.2377"
"49,38 : 0.2377"
"39,40 : 0.0583"
"40,39 : 0.0583"
"39,41 : 0.222"
"41,39 : 0.222"
"39,42 : 0.2907"
"42,39 : 0.2907"
"39,43 : 0.7004"
"43,39 : 0.7004"
"39,44 : 0.4614"
"44,39 : 0.4614"
"39,45 : 0.5846"
"45,39 : 0.5846"
"39,46 : 0.6031"
"46,39 : 0.6031"
"39,47 : 0.3421"
"47,39 : 0.3421"
"39,48 : 0.7043"
"48,39 : 0.7043"
"39,49 : 0.5908"
"49,39 : 0.5908"
"40,41 : 0.1803"
"41,40 : 0.1803"
"40,42 : 0.3437"
"42,40 : 0.3437"
"40,43 : 0.7574"
"43,40 : 0.7574"
"40,44 : 0.5131"
"44,40 : 0.5131"
"40,45 : 0.6053"
"45,40 : 0.6053"
"40,46 : 0.5964"
"46,40 : 0.5964"
"40,47 : 0.34"
"47,40 : 0.34"
"40,48 : 0.6989"
"48,40 : 0.6989"
"40,49 : 0.644"
"49,40 : 0.644"
"41,42 : 0.5101"
"42,41 : 0.5101"
"41,43 : 0.8576"
"43,41 : 0.8576"
"41,44 : 0.5826"
"44,41 : 0.5826"
"41,45 : 0.5474"
"45,41 : 0.5474"
"41,46 : 0.4624"
"46,41 : 0.4624"
"41,47 : 0.2402"
"47,41 : 0.2402"
"41,48 : 0.5646"
"48,41 : 0.5646"
"41,49 : 0.717"
"49,41 : 0.717"
"42,43 : 0.5099"
"43,42 : 0.5099"
"42,44 : 0.3847"
"44,42 : 0.3847"
"42,45 : 0.692"
"45,42 : 0.692"
"42,46 : 0.8099"
"46,42 : 0.8099"
"42,47 : 0.559"
"47,42 : 0.559"
