x,y
0.74,0.7
0.49,0.91
0.87,0.48
0.26,0.9
0.62,0.52
0.68,0.95
0.31,0.99
0.31,0.37
0.19,0.97
0.53,0.22
0.93,0.12
0.16,0.61
0.29,0.69
0.78,0.38
0.29,0.13
0.32,0.88
0.1,0.24
0.64,0.67
0.21,0.42
0.13,0.33
0.36,0.52
0.89,0.4
0.28,0.58
0.99,0.18
0.65,0.49
0.76,0.72
0.99,0.59
0.26,0.73
0.38,0.55
0.76,0.83
0.58,0.08
0.61,0.63
0.7,0.45
0.33,0.12
0.52,0.59
0.96,0.84
0.12,0.13
0.79,0.08
0.27,0.89
0.95,0.42
0.74,0.97
0.34,0.56
0.52,0.3
0.41,0.46
0.87,0.95
0.26,0.46
0.96,0.11
0.71,0.26
0.12,0.72
0.62,0.25

Distanze
"0,1 : 0.3265"
"1,0 : 0.3265"
"0,2 : 0.2555"
"2,0 : 0.2555"
"0,3 : 0.52"
"3,0 : 0.52"
"0,4 : 0.2163"
"4,0 : 0.2163"
"0,5 : 0.2571"
"5,0 : 0.2571"
"0,6 : 0.5187"
"6,0 : 0.5187"
"0,7 : 0.542"
"7,0 : 0.542"
"0,8 : 0.6127"
"8,0 : 0.6127"
"0,9 : 0.5239"
"9,0 : 0.5239"
"0,10 : 0.6103"
"10,0 : 0.6103"
"0,11 : 0.5869"
"11,0 : 0.5869"
"0,12 : 0.4501"
"12,0 : 0.4501"
"0,13 : 0.3225"
"13,0 : 0.3225"
"0,14 : 0.7262"
"14,0 : 0.7262"
"0,15 : 0.4569"
"15,0 : 0.4569"
"0,16 : 0.7882"
"16,0 : 0.7882"
"0,17 : 0.1044"
"17,0 : 0.1044"
"0,18 : 0.5994"
"18,0 : 0.5994"
"0,19 : 0.7134"
"19,0 : 0.7134"
"0,20 : 0.4205"
"20,0 : 0.4205"
"0,21 : 0.3354"
"21,0 : 0.3354"
"0,22 : 0.4754"
"22,0 : 0.4754"
"0,23 : 0.577"
"23,0 : 0.577"
"0,24 : 0.2285"
"24,0 : 0.2285"
"0,25 : 0.0283"
"25,0 : 0.0283"
"0,26 : 0.2731"
"26,0 : 0.2731"
"0,27 : 0.4809"
"27,0 : 0.4809"
"0,28 : 0.39"
"28,0 : 0.39"
"0,29 : 0.1315"
"29,0 : 0.1315"
"0,30 : 0.6403"
"30,0 : 0.6403"
"0,31 : 0.1476"
"31,0 : 0.1476"
"0,32 : 0.2532"
"32,0 : 0.2532"
"0,33 : 0.7103"
"33,0 : 0.7103"
"0,34 : 0.246"
"34,0 : 0.246"
"0,35 : 0.2608"
"35,0 : 0.2608"
"0,36 : 0.8422"
"36,0 : 0.8422"
"0,37 : 0.622"
"37,0 : 0.622"
"0,38 : 0.507"
"38,0 : 0.507"
"0,39 : 0.35"
"39,0 : 0.35"
"0,40 : 0.27"
"40,0 : 0.27"
"0,41 : 0.4238"
"41,0 : 0.4238"
"0,42 : 0.4565"
"42,0 : 0.4565"
"0,43 : 0.408"
"43,0 : 0.408"
"0,44 : 0.2818"
"44,0 : 0.2818"
"0,45 : 0.5367"
"45,0 : 0.5367"
"0,46 : 0.6297"
"46,0 : 0.6297"
"0,47 : 0.441"
"47,0 : 0.441"
"0,48 : 0.6203"
"48,0 : 0.6203"
"0,49 : 0.4657"
"49,0 : 0.4657"
"1,2 : 0.5738"
"2,1 : 0.5738"
"1,3 : 0.2302"
"3,1 : 0.2302"
"1,4 : 0.4111"
"4,1 : 0.4111"
"1,5 : 0.1942"
"5,1 : 0.1942"
"1,6 : 0.197"
"6,1 : 0.197"
"1,7 : 0.5692"
"7,1 : 0.5692"
"1,8 : 0.3059"
"8,1 : 0.3059"
"1,9 : 0.6912"
"9,1 : 0.6912"
"1,10 : 0.9043"
"10,1 : 0.9043"
"1,11 : 0.446"
"11,1 : 0.446"
"1,12 : 0.2973"
"12,1 : 0.2973"
"1,13 : 0.6042"
"13,1 : 0.6042"
"1,14 : 0.8052"
"14,1 : 0.8052"
"1,15 : 0.1726"
"15,1 : 0.1726"
"1,16 : 0.7752"
"16,1 : 0.7752"
"1,17 : 0.283"
"17,1 : 0.283"
"1,18 : 0.5644"
"18,1 : 0.5644"
"1,19 : 0.6826"
"19,1 : 0.6826"
"1,20 : 0.4111"
"20,1 : 0.4111"
"1,21 : 0.6482"
"21,1 : 0.6482"
"1,22 : 0.3912"
"22,1 : 0.3912"
"1,23 : 0.8848"
"23,1 : 0.8848"
"1,24 : 0.4494"
"24,1 : 0.4494"
"1,25 : 0.3302"
"25,1 : 0.3302"
"1,26 : 0.5936"
"26,1 : 0.5936"
"1,27 : 0.2921"
"27,1 : 0.2921"
"1,28 : 0.3764"
"28,1 : 0.3764"
"1,29 : 0.2816"
"29,1 : 0.2816"
"1,30 : 0.8349"
"30,1 : 0.8349"
"1,31 : 0.3046"
"31,1 : 0.3046"
"1,32 : 0.5057"
"32,1 : 0.5057"
"1,33 : 0.806"
"33,1 : 0.806"
"1,34 : 0.3214"
"34,1 : 0.3214"
"1,35 : 0.4752"
"35,1 : 0.4752"
"1,36 : 0.8633"
"36,1 : 0.8633"
"1,37 : 0.8826"
"37,1 : 0.8826"
"1,38 : 0.2209"
"38,1 : 0.2209"
"1,39 : 0.6721"
"39,1 : 0.6721"
"1,40 : 0.2571"
"40,1 : 0.2571"
"1,41 : 0.3808"
"41,1 : 0.3808"
"1,42 : 0.6107"
"42,1 : 0.6107"
"1,43 : 0.4571"
"43,1 : 0.4571"
"1,44 : 0.3821"
"44,1 : 0.3821"
"1,45 : 0.5054"
"45,1 : 0.5054"
"1,46 : 0.9278"
"46,1 : 0.9278"
"1,47 : 0.6862"
"47,1 : 0.6862"
"1,48 : 0.4159"
"48,1 : 0.4159"
"1,49 : 0.6727"
"49,1 : 0.6727"
"2,3 : 0.7406"
"3,2 : 0.7406"
"2,4 : 0.2532"
"4,2 : 0.2532"
"2,5 : 0.507"
"5,2 : 0.507"
"2,6 : 0.7574"
"6,2 : 0.7574"
"2,7 : 0.5707"
"7,2 : 0.5707"
"2,8 : 0.8382"
"8,2 : 0.8382"
"2,9 : 0.428"
"9,2 : 0.428"
"2,10 : 0.365"
"10,2 : 0.365"
"2,11 : 0.7218"
"11,2 : 0.7218"
"2,12 : 0.6168"
"12,2 : 0.6168"
"2,13 : 0.1345"
"13,2 : 0.1345"
"2,14 : 0.6774"
"14,2 : 0.6774"
"2,15 : 0.6801"
"15,2 : 0.6801"
"2,16 : 0.8065"
"16,2 : 0.8065"
"2,17 : 0.2983"
"17,2 : 0.2983"
"2,18 : 0.6627"
"18,2 : 0.6627"
"2,19 : 0.755"
"19,2 : 0.755"
"2,20 : 0.5116"
"20,2 : 0.5116"
"2,21 : 0.0825"
"21,2 : 0.0825"
"2,22 : 0.5984"
"22,2 : 0.5984"
"2,23 : 0.3231"
"23,2 : 0.3231"
"2,24 : 0.2202"
"24,2 : 0.2202"
"2,25 : 0.264"
"25,2 : 0.264"
"2,26 : 0.1628"
"26,2 : 0.1628"
"2,27 : 0.6592"
"27,2 : 0.6592"
"2,28 : 0.495"
"28,2 : 0.495"
"2,29 : 0.3669"
"29,2 : 0.3669"
"2,30 : 0.4941"
"30,2 : 0.4941"
"2,31 : 0.3002"
"31,2 : 0.3002"
"2,32 : 0.1726"
"32,2 : 0.1726"
"2,33 : 0.649"
"33,2 : 0.649"
"2,34 : 0.3669"
"34,2 : 0.3669"
"2,35 : 0.3711"
"35,2 : 0.3711"
"2,36 : 0.8276"
"36,2 : 0.8276"
"2,37 : 0.4079"
"37,2 : 0.4079"
"2,38 : 0.7267"
"38,2 : 0.7267"
"2,39 : 0.1"
"39,2 : 0.1"
"2,40 : 0.507"
"40,2 : 0.507"
"2,41 : 0.536"
"41,2 : 0.536"
"2,42 : 0.3936"
"42,2 : 0.3936"
"2,43 : 0.4604"
"43,2 : 0.4604"
"2,44 : 0.47"
"44,2 : 0.47"
"2,45 : 0.6103"
"45,2 : 0.6103"
"2,46 : 0.3808"
"46,2 : 0.3808"
"2,47 : 0.272"
"47,2 : 0.272"
"2,48 : 0.7875"
"48,2 : 0.7875"
"2,49 : 0.3397"
"49,2 : 0.3397"
"3,4 : 0.5235"
"4,3 : 0.5235"
"3,5 : 0.423"
"5,3 : 0.423"
"3,6 : 0.103"
"6,3 : 0.103"
"3,7 : 0.5324"
"7,3 : 0.5324"
"3,8 : 0.099"
"8,3 : 0.099"
"3,9 : 0.7316"
"9,3 : 0.7316"
"3,10 : 1.0283"
"10,3 : 1.0283"
"3,11 : 0.3068"
"11,3 : 0.3068"
"3,12 : 0.2121"
"12,3 : 0.2121"
"3,13 : 0.7354"
"13,3 : 0.7354"
"3,14 : 0.7706"
"14,3 : 0.7706"
"3,15 : 0.0632"
"15,3 : 0.0632"
"3,16 : 0.6791"
"16,3 : 0.6791"
"3,17 : 0.4442"
"17,3 : 0.4442"
"3,18 : 0.4826"
"18,3 : 0.4826"
"3,19 : 0.5846"
"19,3 : 0.5846"
"3,20 : 0.3929"
"20,3 : 0.3929"
"3,21 : 0.8043"
"21,3 : 0.8043"
"3,22 : 0.3206"
"22,3 : 0.3206"
"3,23 : 1.0253"
"23,3 : 1.0253"
"3,24 : 0.5659"
"24,3 : 0.5659"
"3,25 : 0.5314"
"25,3 : 0.5314"
"3,26 : 0.7931"
"26,3 : 0.7931"
"3,27 : 0.17"
"27,3 : 0.17"
"3,28 : 0.37"
"28,3 : 0.37"
"3,29 : 0.5049"
"29,3 : 0.5049"
"3,30 : 0.8802"
"30,3 : 0.8802"
"3,31 : 0.442"
"31,3 : 0.442"
"3,32 : 0.6294"
"32,3 : 0.6294"
"3,33 : 0.7831"
"33,3 : 0.7831"
"3,34 : 0.4046"
"34,3 : 0.4046"
"3,35 : 0.7026"
"35,3 : 0.7026"
"3,36 : 0.7826"
"36,3 : 0.7826"
"3,37 : 0.9764"
"37,3 : 0.9764"
"3,38 : 0.0141"
"38,3 : 0.0141"
"3,39 : 0.8405"
"39,3 : 0.8405"
"3,40 : 0.4851"
"40,3 : 0.4851"
"3,41 : 0.3493"
"41,3 : 0.3493"
"3,42 : 0.6539"
"42,3 : 0.6539"
"3,43 : 0.4649"
"43,3 : 0.4649"
"3,44 : 0.612"
"44,3 : 0.612"
"3,45 : 0.44"
"45,3 : 0.44"
"3,46 : 1.0555"
"46,3 : 1.0555"
"3,47 : 0.7824"
"47,3 : 0.7824"
"3,48 : 0.228"
"48,3 : 0.228"
"3,49 : 0.743"
"49,3 : 0.743"
"4,5 : 0.4342"
"5,4 : 0.4342"
"4,6 : 0.563"
"6,4 : 0.563"
"4,7 : 0.3444"
"7,4 : 0.3444"
"4,8 : 0.6224"
"8,4 : 0.6224"
"4,9 : 0.3132"
"9,4 : 0.3132"
"4,10 : 0.5061"
"10,4 : 0.5061"
"4,11 : 0.4687"
"11,4 : 0.4687"
"4,12 : 0.3712"
"12,4 : 0.3712"
"4,13 : 0.2126"
"13,4 : 0.2126"
"4,14 : 0.5109"
"14,4 : 0.5109"
"4,15 : 0.4686"
"15,4 : 0.4686"
"4,16 : 0.5906"
"16,4 : 0.5906"
"4,17 : 0.1513"
"17,4 : 0.1513"
"4,18 : 0.422"
"18,4 : 0.422"
"4,19 : 0.5255"
"19,4 : 0.5255"
"4,20 : 0.26"
"20,4 : 0.26"
"4,21 : 0.2955"
"21,4 : 0.2955"
"4,22 : 0.3453"
"22,4 : 0.3453"
"4,23 : 0.5025"
"23,4 : 0.5025"
"4,24 : 0.0424"
"24,4 : 0.0424"
"4,25 : 0.2441"
"25,4 : 0.2441"
"4,26 : 0.3766"
"26,4 : 0.3766"
"4,27 : 0.4168"
"27,4 : 0.4168"
"4,28 : 0.2419"
"28,4 : 0.2419"
"4,29 : 0.3401"
"29,4 : 0.3401"
"4,30 : 0.4418"
"30,4 : 0.4418"
"4,31 : 0.1105"
"31,4 : 0.1105"
"4,32 : 0.1063"
"32,4 : 0.1063"
"4,33 : 0.4941"
"33,4 : 0.4941"
"4,34 : 0.1221"
"34,4 : 0.1221"
"4,35 : 0.4669"
"35,4 : 0.4669"
"4,36 : 0.6341"
"36,4 : 0.6341"
"4,37 : 0.4717"
"37,4 : 0.4717"
"4,38 : 0.5093"
"38,4 : 0.5093"
"4,39 : 0.3448"
"39,4 : 0.3448"
"4,40 : 0.4657"
"40,4 : 0.4657"
"4,41 : 0.2828"
"41,4 : 0.2828"
"4,42 : 0.2417"
"42,4 : 0.2417"
"4,43 : 0.2184"
"43,4 : 0.2184"
"4,44 : 0.4974"
"44,4 : 0.4974"
"4,45 : 0.365"
"45,4 : 0.365"
"4,46 : 0.5326"
"46,4 : 0.5326"
"4,47 : 0.2751"
"47,4 : 0.2751"
"4,48 : 0.5385"
"48,4 : 0.5385"
"4,49 : 0.27"
"49,4 : 0.27"
"5,6 : 0.3722"
"6,5 : 0.3722"
"5,7 : 0.688"
"7,5 : 0.688"
"5,8 : 0.4904"
"8,5 : 0.4904"
"5,9 : 0.7453"
"9,5 : 0.7453"
"5,10 : 0.8668"
"10,5 : 0.8668"
"5,11 : 0.6213"
"11,5 : 0.6213"
"5,12 : 0.4687"
"12,5 : 0.4687"
"5,13 : 0.5787"
"13,5 : 0.5787"
"5,14 : 0.908"
"14,5 : 0.908"
"5,15 : 0.3667"
"15,5 : 0.3667"
"5,16 : 0.9168"
"16,5 : 0.9168"
"5,17 : 0.2828"
"17,5 : 0.2828"
"5,18 : 0.7084"
"18,5 : 0.7084"
"5,19 : 0.8288"
"19,5 : 0.8288"
"5,20 : 0.536"
"20,5 : 0.536"
"5,21 : 0.5887"
"21,5 : 0.5887"
"5,22 : 0.5449"
"22,5 : 0.5449"
"5,23 : 0.8301"
"23,5 : 0.8301"
"5,24 : 0.461"
"24,5 : 0.461"
"5,25 : 0.2435"
"25,5 : 0.2435"
"5,26 : 0.4751"
"26,5 : 0.4751"
"5,27 : 0.4741"
"27,5 : 0.4741"
"5,28 : 0.5"
"28,5 : 0.5"
"5,29 : 0.1442"
"29,5 : 0.1442"
"5,30 : 0.8757"
"30,5 : 0.8757"
"5,31 : 0.3276"
"31,5 : 0.3276"
"5,32 : 0.5004"
"32,5 : 0.5004"
"5,33 : 0.9008"
"33,5 : 0.9008"
"5,34 : 0.394"
"34,5 : 0.394"
"5,35 : 0.3008"
"35,5 : 0.3008"
"5,36 : 0.993"
"36,5 : 0.993"
"5,37 : 0.8769"
"37,5 : 0.8769"
"5,38 : 0.4144"
"38,5 : 0.4144"
"5,39 : 0.5948"
"39,5 : 0.5948"
"5,40 : 0.0632"
"40,5 : 0.0632"
"5,41 : 0.5174"
"41,5 : 0.5174"
"5,42 : 0.6694"
"42,5 : 0.6694"
"5,43 : 0.5595"
"43,5 : 0.5595"
"5,44 : 0.19"
"44,5 : 0.19"
"5,45 : 0.6454"
"45,5 : 0.6454"
"5,46 : 0.8854"
"46,5 : 0.8854"
"5,47 : 0.6907"
"47,5 : 0.6907"
"5,48 : 0.6054"
"48,5 : 0.6054"
"5,49 : 0.7026"
"49,5 : 0.7026"
"6,7 : 0.62"
"7,6 : 0.62"
"6,8 : 0.1217"
"8,6 : 0.1217"
"6,9 : 0.8008"
"9,6 : 0.8008"
"6,10 : 1.0683"
"10,6 : 1.0683"
"6,11 : 0.4085"
"11,6 : 0.4085"
"6,12 : 0.3007"
"12,6 : 0.3007"
"6,13 : 0.7701"
"13,6 : 0.7701"
"6,14 : 0.8602"
"14,6 : 0.8602"
"6,15 : 0.1105"
"15,6 : 0.1105"
"6,16 : 0.7788"
"16,6 : 0.7788"
"6,17 : 0.4597"
"17,6 : 0.4597"
"6,18 : 0.5787"
"18,6 : 0.5787"
"6,19 : 0.6841"
"19,6 : 0.6841"
"6,20 : 0.4727"
"20,6 : 0.4727"
"6,21 : 0.8273"
"21,6 : 0.8273"
"6,22 : 0.4111"
"22,6 : 0.4111"
"6,23 : 1.0576"
"23,6 : 1.0576"
"6,24 : 0.6046"
"24,6 : 0.6046"
"6,25 : 0.5248"
"25,6 : 0.5248"
"6,26 : 0.7889"
"26,6 : 0.7889"
"6,27 : 0.2648"
"27,6 : 0.2648"
"6,28 : 0.4455"
"28,6 : 0.4455"
"6,29 : 0.4776"
"29,6 : 0.4776"
"6,30 : 0.9492"
"30,6 : 0.9492"
"6,31 : 0.4686"
"31,6 : 0.4686"
"6,32 : 0.6661"
"32,6 : 0.6661"
"6,33 : 0.8702"
"33,6 : 0.8702"
"6,34 : 0.4518"
"34,6 : 0.4518"
"6,35 : 0.6671"
"35,6 : 0.6671"
"6,36 : 0.8807"
"36,6 : 0.8807"
"6,37 : 1.0288"
"37,6 : 1.0288"
"6,38 : 0.1077"
"38,6 : 0.1077"
"6,39 : 0.857"
"39,6 : 0.857"
"6,40 : 0.4305"
"40,6 : 0.4305"
"6,41 : 0.431"
"41,6 : 0.431"
"6,42 : 0.7212"
"42,6 : 0.7212"
"6,43 : 0.5394"
"43,6 : 0.5394"
"6,44 : 0.5614"
"44,6 : 0.5614"
"6,45 : 0.5324"
"45,6 : 0.5324"
"6,46 : 1.094"
"46,6 : 1.094"
"6,47 : 0.8324"
"47,6 : 0.8324"
"6,48 : 0.3302"
"48,6 : 0.3302"
"6,49 : 0.8023"
"49,6 : 0.8023"
"7,8 : 0.6119"
"8,7 : 0.6119"
"7,9 : 0.2663"
"9,7 : 0.2663"
"7,10 : 0.6685"
"10,7 : 0.6685"
"7,11 : 0.283"
"11,7 : 0.283"
"7,12 : 0.3206"
"12,7 : 0.3206"
"7,13 : 0.4701"
"13,7 : 0.4701"
"7,14 : 0.2408"
"14,7 : 0.2408"
"7,15 : 0.5101"
"15,7 : 0.5101"
"7,16 : 0.247"
"16,7 : 0.247"
"7,17 : 0.446"
"17,7 : 0.446"
"7,18 : 0.1118"
"18,7 : 0.1118"
"7,19 : 0.1844"
"19,7 : 0.1844"
"7,20 : 0.1581"
"20,7 : 0.1581"
"7,21 : 0.5808"
"21,7 : 0.5808"
"7,22 : 0.2121"
"22,7 : 0.2121"
"7,23 : 0.706"
"23,7 : 0.706"
"7,24 : 0.3606"
"24,7 : 0.3606"
"7,25 : 0.5701"
"25,7 : 0.5701"
"7,26 : 0.7147"
"26,7 : 0.7147"
"7,27 : 0.3635"
"27,7 : 0.3635"
"7,28 : 0.1931"
"28,7 : 0.1931"
"7,29 : 0.6435"
"29,7 : 0.6435"
"7,30 : 0.3962"
"30,7 : 0.3962"
"7,31 : 0.397"
"31,7 : 0.397"
"7,32 : 0.3981"
"32,7 : 0.3981"
"7,33 : 0.2508"
"33,7 : 0.2508"
"7,34 : 0.3041"
"34,7 : 0.3041"
"7,35 : 0.8021"
"35,7 : 0.8021"
"7,36 : 0.3061"
"36,7 : 0.3061"
"7,37 : 0.5608"
"37,7 : 0.5608"
"7,38 : 0.5215"
"38,7 : 0.5215"
"7,39 : 0.642"
"39,7 : 0.642"
"7,40 : 0.7382"
"40,7 : 0.7382"
"7,41 : 0.1924"
"41,7 : 0.1924"
"7,42 : 0.2214"
"42,7 : 0.2214"
"7,43 : 0.1345"
"43,7 : 0.1345"
"7,44 : 0.8062"
"44,7 : 0.8062"
"7,45 : 0.103"
"45,7 : 0.103"
"7,46 : 0.7001"
"46,7 : 0.7001"
"7,47 : 0.4148"
"47,7 : 0.4148"
"7,48 : 0.3982"
"48,7 : 0.3982"
"7,49 : 0.3324"
"49,7 : 0.3324"
"8,9 : 0.8235"
"9,8 : 0.8235"
"8,10 : 1.127"
"10,8 : 1.127"
"8,11 : 0.3612"
"11,8 : 0.3612"
"8,12 : 0.2973"
"12,8 : 0.2973"
"8,13 : 0.8344"
"13,8 : 0.8344"
"8,14 : 0.8459"
"14,8 : 0.8459"
"8,15 : 0.1581"
"15,8 : 0.1581"
"8,16 : 0.7355"
"16,8 : 0.7355"
"8,17 : 0.5408"
"17,8 : 0.5408"
"8,18 : 0.5504"
"18,8 : 0.5504"
"8,19 : 0.6428"
"19,8 : 0.6428"
"8,20 : 0.481"
"20,8 : 0.481"
"8,21 : 0.9027"
"21,8 : 0.9027"
"8,22 : 0.4002"
"22,8 : 0.4002"
"8,23 : 1.1243"
"23,8 : 1.1243"
"8,24 : 0.6648"
"24,8 : 0.6648"
"8,25 : 0.6224"
"25,8 : 0.6224"
"8,26 : 0.8857"
"26,8 : 0.8857"
"8,27 : 0.25"
"27,8 : 0.25"
"8,28 : 0.461"
"28,8 : 0.461"
"8,29 : 0.5869"
"29,8 : 0.5869"
"8,30 : 0.9717"
"30,8 : 0.9717"
"8,31 : 0.5404"
"31,8 : 0.5404"
"8,32 : 0.7284"
"32,8 : 0.7284"
"8,33 : 0.8615"
"33,8 : 0.8615"
"8,34 : 0.5033"
"34,8 : 0.5033"
"8,35 : 0.7809"
"35,8 : 0.7809"
"8,36 : 0.8429"
"36,8 : 0.8429"
"8,37 : 1.0734"
"37,8 : 1.0734"
"8,38 : 0.1131"
"38,8 : 0.1131"
"8,39 : 0.9381"
"39,8 : 0.9381"
"8,40 : 0.55"
"40,8 : 0.55"
"8,41 : 0.4366"
"41,8 : 0.4366"
"8,42 : 0.7469"
"42,8 : 0.7469"
"8,43 : 0.5554"
"43,8 : 0.5554"
"8,44 : 0.6803"
"44,8 : 0.6803"
"8,45 : 0.5148"
"45,8 : 0.5148"
"8,46 : 1.1543"
"46,8 : 1.1543"
"8,47 : 0.8801"
"47,8 : 0.8801"
"8,48 : 0.2596"
"48,8 : 0.2596"
"8,49 : 0.8386"
"49,8 : 0.8386"
"9,10 : 0.4123"
"10,9 : 0.4123"
"9,11 : 0.5376"
"11,9 : 0.5376"
"9,12 : 0.5277"
"12,9 : 0.5277"
"9,13 : 0.2968"
"13,9 : 0.2968"
"9,14 : 0.2563"
"14,9 : 0.2563"
"9,15 : 0.6926"
"15,9 : 0.6926"
"9,16 : 0.4305"
"16,9 : 0.4305"
"9,17 : 0.4632"
"17,9 : 0.4632"
"9,18 : 0.3774"
"18,9 : 0.3774"
"9,19 : 0.4148"
"19,9 : 0.4148"
"9,20 : 0.3448"
"20,9 : 0.3448"
"9,21 : 0.4025"
"21,9 : 0.4025"
"9,22 : 0.4383"
"22,9 : 0.4383"
"9,23 : 0.4617"
"23,9 : 0.4617"
"9,24 : 0.2955"
"24,9 : 0.2955"
"9,25 : 0.5504"
"25,9 : 0.5504"
"9,26 : 0.5903"
"26,9 : 0.5903"
"9,27 : 0.5771"
"27,9 : 0.5771"
"9,28 : 0.3625"
"28,9 : 0.3625"
"9,29 : 0.6519"
"29,9 : 0.6519"
"9,30 : 0.1487"
"30,9 : 0.1487"
"9,31 : 0.4177"
"31,9 : 0.4177"
"9,32 : 0.286"
"32,9 : 0.286"
"9,33 : 0.2236"
"33,9 : 0.2236"
"9,34 : 0.3701"
"34,9 : 0.3701"
"9,35 : 0.7545"
"35,9 : 0.7545"
"9,36 : 0.4198"
"36,9 : 0.4198"
"9,37 : 0.2953"
"37,9 : 0.2953"
"9,38 : 0.7187"
"38,9 : 0.7187"
"9,39 : 0.4652"
"39,9 : 0.4652"
"9,40 : 0.7788"
"40,9 : 0.7788"
"9,41 : 0.3895"
"41,9 : 0.3895"
"9,42 : 0.0806"
"42,9 : 0.0806"
"9,43 : 0.2683"
"43,9 : 0.2683"
"9,44 : 0.8053"
"44,9 : 0.8053"
"9,45 : 0.3612"
"45,9 : 0.3612"
"9,46 : 0.4438"
"46,9 : 0.4438"
"9,47 : 0.1844"
"47,9 : 0.1844"
"9,48 : 0.6466"
"48,9 : 0.6466"
"9,49 : 0.0949"
"49,9 : 0.0949"
"10,11 : 0.9127"
"11,10 : 0.9127"
"10,12 : 0.857"
"12,10 : 0.857"
"10,13 : 0.3002"
"13,10 : 0.3002"
"10,14 : 0.6401"
"14,10 : 0.6401"
"10,15 : 0.9745"
"15,10 : 0.9745"
"10,16 : 0.8386"
"16,10 : 0.8386"
"10,17 : 0.6218"
"17,10 : 0.6218"
"10,18 : 0.78"
"18,10 : 0.78"
"10,19 : 0.8271"
"19,10 : 0.8271"
"10,20 : 0.6963"
"20,10 : 0.6963"
"10,21 : 0.2828"
"21,10 : 0.2828"
"10,22 : 0.7963"
"22,10 : 0.7963"
"10,23 : 0.0849"
"23,10 : 0.0849"
"10,24 : 0.464"
"24,10 : 0.464"
"10,25 : 0.6236"
"25,10 : 0.6236"
"10,26 : 0.4738"
"26,10 : 0.4738"
"10,27 : 0.9061"
"27,10 : 0.9061"
"10,28 : 0.6981"
"28,10 : 0.6981"
"10,29 : 0.7301"
"29,10 : 0.7301"
"10,30 : 0.3523"
"30,10 : 0.3523"
"10,31 : 0.6021"
"31,10 : 0.6021"
"10,32 : 0.4022"
"32,10 : 0.4022"
"10,33 : 0.6"
"33,10 : 0.6"
"10,34 : 0.6237"
"34,10 : 0.6237"
"10,35 : 0.7206"
"35,10 : 0.7206"
"10,36 : 0.8101"
"36,10 : 0.8101"
"10,37 : 0.1456"
"37,10 : 0.1456"
"10,38 : 1.0141"
"38,10 : 1.0141"
"10,39 : 0.3007"
"39,10 : 0.3007"
"10,40 : 0.871"
"40,10 : 0.871"
"10,41 : 0.736"
"41,10 : 0.736"
"10,42 : 0.4478"
"42,10 : 0.4478"
"10,43 : 0.6213"
"43,10 : 0.6213"
"10,44 : 0.8322"
"44,10 : 0.8322"
"10,45 : 0.7513"
"45,10 : 0.7513"
"10,46 : 0.0316"
"46,10 : 0.0316"
"10,47 : 0.2608"
"47,10 : 0.2608"
"10,48 : 1.008"
"48,10 : 1.008"
"10,49 : 0.3362"
"49,10 : 0.3362"
"11,12 : 0.1526"
"12,11 : 0.1526"
"11,13 : 0.6613"
"13,11 : 0.6613"
"11,14 : 0.4973"
"14,11 : 0.4973"
"11,15 : 0.3138"
"15,11 : 0.3138"
"11,16 : 0.3748"
"16,11 : 0.3748"
"11,17 : 0.4837"
"17,11 : 0.4837"
"11,18 : 0.1965"
"18,11 : 0.1965"
"11,19 : 0.2816"
"19,11 : 0.2816"
"11,20 : 0.2193"
"20,11 : 0.2193"
"11,21 : 0.7596"
"21,11 : 0.7596"
"11,22 : 0.1237"
"22,11 : 0.1237"
"11,23 : 0.9348"
"23,11 : 0.9348"
"11,24 : 0.5045"
"24,11 : 0.5045"
"11,25 : 0.61"
"25,11 : 0.61"
"11,26 : 0.8302"
"26,11 : 0.8302"
"11,27 : 0.1562"
"27,11 : 0.1562"
"11,28 : 0.228"
"28,11 : 0.228"
"11,29 : 0.6391"
"29,11 : 0.6391"
"11,30 : 0.6762"
"30,11 : 0.6762"
"11,31 : 0.4504"
"31,11 : 0.4504"
"11,32 : 0.5632"
"32,11 : 0.5632"
"11,33 : 0.5187"
"33,11 : 0.5187"
"11,34 : 0.3606"
"34,11 : 0.3606"
"11,35 : 0.8324"
"35,11 : 0.8324"
"11,36 : 0.4817"
"36,11 : 0.4817"
"11,37 : 0.8233"
"37,11 : 0.8233"
"11,38 : 0.3008"
"38,11 : 0.3008"
"11,39 : 0.8125"
"39,11 : 0.8125"
"11,40 : 0.6826"
"40,11 : 0.6826"
"11,41 : 0.1868"
"41,11 : 0.1868"
"11,42 : 0.4751"
"42,11 : 0.4751"
"11,43 : 0.2915"
"43,11 : 0.2915"
"11,44 : 0.7872"
"44,11 : 0.7872"
"11,45 : 0.1803"
"45,11 : 0.1803"
"11,46 : 0.9434"
"46,11 : 0.9434"
"11,47 : 0.6519"
"47,11 : 0.6519"
"11,48 : 0.117"
"48,11 : 0.117"
"11,49 : 0.5841"
"49,11 : 0.5841"
"12,13 : 0.5798"
"13,12 : 0.5798"
"12,14 : 0.56"
"14,12 : 0.56"
"12,15 : 0.1924"
"15,12 : 0.1924"
"12,16 : 0.4885"
"16,12 : 0.4885"
"12,17 : 0.3506"
"17,12 : 0.3506"
"12,18 : 0.2816"
"18,12 : 0.2816"
"12,19 : 0.394"
"19,12 : 0.394"
"12,20 : 0.1838"
"20,12 : 0.1838"
"12,21 : 0.6664"
"21,12 : 0.6664"
"12,22 : 0.1105"
"22,12 : 0.1105"
"12,23 : 0.8661"
"23,12 : 0.8661"
"12,24 : 0.4118"
"24,12 : 0.4118"
"12,25 : 0.471"
"25,12 : 0.471"
"12,26 : 0.7071"
"26,12 : 0.7071"
"12,27 : 0.05"
"27,12 : 0.05"
"12,28 : 0.1664"
"28,12 : 0.1664"
"12,29 : 0.4904"
"29,12 : 0.4904"
"12,30 : 0.6754"
"30,12 : 0.6754"
"12,31 : 0.3256"
"31,12 : 0.3256"
"12,32 : 0.4751"
"32,12 : 0.4751"
"12,33 : 0.5714"
"33,12 : 0.5714"
"12,34 : 0.2508"
"34,12 : 0.2508"
"12,35 : 0.6866"
"35,12 : 0.6866"
"12,36 : 0.5852"
"36,12 : 0.5852"
"12,37 : 0.7887"
"37,12 : 0.7887"
"12,38 : 0.201"
"38,12 : 0.201"
"12,39 : 0.7131"
"39,12 : 0.7131"
"12,40 : 0.53"
"40,12 : 0.53"
"12,41 : 0.1393"
"41,12 : 0.1393"
"12,42 : 0.4528"
"42,12 : 0.4528"
"12,43 : 0.2594"
"43,12 : 0.2594"
"12,44 : 0.6356"
"44,12 : 0.6356"
"12,45 : 0.2319"
"45,12 : 0.2319"
"12,46 : 0.8862"
"46,12 : 0.8862"
"12,47 : 0.6011"
"47,12 : 0.6011"
"12,48 : 0.1726"
"48,12 : 0.1726"
"12,49 : 0.55"
"49,12 : 0.55"
"13,14 : 0.5501"
"14,13 : 0.5501"
"13,15 : 0.6794"
"15,13 : 0.6794"
"13,16 : 0.6943"
"16,13 : 0.6943"
"13,17 : 0.322"
"17,13 : 0.322"
"13,18 : 0.5714"
"18,13 : 0.5714"
"13,19 : 0.6519"
"19,13 : 0.6519"
"13,20 : 0.4427"
"20,13 : 0.4427"
"13,21 : 0.1118"
"21,13 : 0.1118"
"13,22 : 0.5385"
"22,13 : 0.5385"
"13,23 : 0.29"
"23,13 : 0.29"
"13,24 : 0.1703"
"24,13 : 0.1703"
"13,25 : 0.3406"
"25,13 : 0.3406"
"13,26 : 0.297"
"26,13 : 0.297"
"13,27 : 0.6268"
"27,13 : 0.6268"
"13,28 : 0.4346"
"28,13 : 0.4346"
"13,29 : 0.4504"
"29,13 : 0.4504"
"13,30 : 0.3606"
"30,13 : 0.3606"
"13,31 : 0.3023"
"31,13 : 0.3023"
"13,32 : 0.1063"
"32,13 : 0.1063"
"13,33 : 0.5197"
"33,13 : 0.5197"
"13,34 : 0.3342"
"34,13 : 0.3342"
"13,35 : 0.494"
"35,13 : 0.494"
"13,36 : 0.7058"
"36,13 : 0.7058"
"13,37 : 0.3002"
"37,13 : 0.3002"
"13,38 : 0.7212"
"38,13 : 0.7212"
"13,39 : 0.1746"
"39,13 : 0.1746"
"13,40 : 0.5914"
"40,13 : 0.5914"
"13,41 : 0.4754"
"41,13 : 0.4754"
"13,42 : 0.272"
"42,13 : 0.272"
"13,43 : 0.3785"
"43,13 : 0.3785"
"13,44 : 0.5771"
"44,13 : 0.5771"
"13,45 : 0.5261"
"45,13 : 0.5261"
"13,46 : 0.3245"
"46,13 : 0.3245"
"13,47 : 0.1389"
"47,13 : 0.1389"
"13,48 : 0.7424"
"48,13 : 0.7424"
"13,49 : 0.2062"
"49,13 : 0.2062"
"14,15 : 0.7506"
"15,14 : 0.7506"
"14,16 : 0.2195"
"16,14 : 0.2195"
"14,17 : 0.6435"
"17,14 : 0.6435"
"14,18 : 0.3008"
"18,14 : 0.3008"
"14,19 : 0.2561"
"19,14 : 0.2561"
"14,20 : 0.3962"
"20,14 : 0.3962"
"14,21 : 0.658"
"21,14 : 0.658"
"14,22 : 0.4501"
"22,14 : 0.4501"
"14,23 : 0.7018"
"23,14 : 0.7018"
"14,24 : 0.5091"
"24,14 : 0.5091"
"14,25 : 0.7543"
"25,14 : 0.7543"
"14,26 : 0.8376"
"26,14 : 0.8376"
"14,27 : 0.6007"
"27,14 : 0.6007"
"14,28 : 0.4295"
"28,14 : 0.4295"
"14,29 : 0.8431"
"29,14 : 0.8431"
"14,30 : 0.2943"
"30,14 : 0.2943"
"14,31 : 0.5936"
"31,14 : 0.5936"
"14,32 : 0.5201"
"32,14 : 0.5201"
"14,33 : 0.0412"
"33,14 : 0.0412"
"14,34 : 0.5143"
"34,14 : 0.5143"
"14,35 : 0.9762"
"35,14 : 0.9762"
"14,36 : 0.17"
"36,14 : 0.17"
"14,37 : 0.5025"
"37,14 : 0.5025"
"14,38 : 0.7603"
"38,14 : 0.7603"
"14,39 : 0.7209"
"39,14 : 0.7209"
"14,40 : 0.9529"
"40,14 : 0.9529"
"14,41 : 0.4329"
"41,14 : 0.4329"
"14,42 : 0.286"
"42,14 : 0.286"
"14,43 : 0.3511"
"43,14 : 0.3511"
"14,44 : 1.0044"
"44,14 : 1.0044"
"14,45 : 0.3314"
"45,14 : 0.3314"
"14,46 : 0.6703"
"46,14 : 0.6703"
"14,47 : 0.4397"
"47,14 : 0.4397"
"14,48 : 0.614"
"48,14 : 0.614"
"14,49 : 0.3511"
"49,14 : 0.3511"
"15,16 : 0.6768"
"16,15 : 0.6768"
"15,17 : 0.3828"
"17,15 : 0.3828"
"15,18 : 0.473"
"18,15 : 0.473"
"15,19 : 0.5819"
"19,15 : 0.5819"
"15,20 : 0.3622"
"20,15 : 0.3622"
"15,21 : 0.7452"
"21,15 : 0.7452"
"15,22 : 0.3027"
"22,15 : 0.3027"
"15,23 : 0.969"
"23,15 : 0.969"
"15,24 : 0.5109"
"24,15 : 0.5109"
"15,25 : 0.4682"
"25,15 : 0.4682"
"15,26 : 0.7301"
"26,15 : 0.7301"
"15,27 : 0.1616"
"27,15 : 0.1616"
"15,28 : 0.3354"
"28,15 : 0.3354"
"15,29 : 0.4428"
"29,15 : 0.4428"
"15,30 : 0.8412"
"30,15 : 0.8412"
"15,31 : 0.3829"
"31,15 : 0.3829"
"15,32 : 0.5738"
"32,15 : 0.5738"
"15,33 : 0.7601"
"33,15 : 0.7601"
"15,34 : 0.3523"
"34,15 : 0.3523"
"15,35 : 0.6412"
"35,15 : 0.6412"
"15,36 : 0.7762"
"36,15 : 0.7762"
"15,37 : 0.9278"
"37,15 : 0.9278"
"15,38 : 0.051"
"38,15 : 0.051"
"15,39 : 0.7801"
"39,15 : 0.7801"
"15,40 : 0.4295"
"40,15 : 0.4295"
"15,41 : 0.3206"
"41,15 : 0.3206"
"15,42 : 0.6135"
"42,15 : 0.6135"
"15,43 : 0.4295"
"43,15 : 0.4295"
"15,44 : 0.5544"
"44,15 : 0.5544"
"15,45 : 0.4243"
"45,15 : 0.4243"
"15,46 : 1.0012"
"46,15 : 1.0012"
"15,47 : 0.7325"
"47,15 : 0.7325"
"15,48 : 0.2561"
"48,15 : 0.2561"
"15,49 : 0.6978"
"49,15 : 0.6978"
"16,17 : 0.6903"
"17,16 : 0.6903"
"16,18 : 0.211"
"18,16 : 0.211"
"16,19 : 0.0949"
"19,16 : 0.0949"
"16,20 : 0.3821"
"20,16 : 0.3821"
"16,21 : 0.806"
"21,16 : 0.806"
"16,22 : 0.3847"
"22,16 : 0.3847"
"16,23 : 0.892"
"23,16 : 0.892"
"16,24 : 0.6042"
"24,16 : 0.6042"
"16,25 : 0.8161"
"25,16 : 0.8161"
"16,26 : 0.9563"
"26,16 : 0.9563"
"16,27 : 0.5155"
"27,16 : 0.5155"
"16,28 : 0.4177"
"28,16 : 0.4177"
"16,29 : 0.8853"
"29,16 : 0.8853"
"16,30 : 0.506"
"30,16 : 0.506"
"16,31 : 0.642"
"31,16 : 0.642"
"16,32 : 0.6357"
"32,16 : 0.6357"
"16,33 : 0.2594"
"33,16 : 0.2594"
"16,34 : 0.5467"
"34,16 : 0.5467"
"16,35 : 1.0486"
"35,16 : 1.0486"
"16,36 : 0.1118"
"36,16 : 0.1118"
"16,37 : 0.7083"
"37,16 : 0.7083"
"16,38 : 0.6719"
"38,16 : 0.6719"
"16,39 : 0.8688"
"39,16 : 0.8688"
"16,40 : 0.9708"
"40,16 : 0.9708"
"16,41 : 0.4"
"41,16 : 0.4"
"16,42 : 0.4243"
"42,16 : 0.4243"
"16,43 : 0.3801"
"43,16 : 0.3801"
"16,44 : 1.0474"
"44,16 : 1.0474"
"16,45 : 0.272"
"45,16 : 0.272"
"16,46 : 0.8698"
"46,16 : 0.8698"
"16,47 : 0.6103"
"47,16 : 0.6103"
"16,48 : 0.4804"
"48,16 : 0.4804"
"16,49 : 0.5201"
"49,16 : 0.5201"
"17,18 : 0.4974"
"18,17 : 0.4974"
"17,19 : 0.6129"
"19,17 : 0.6129"
"17,20 : 0.3176"
"20,17 : 0.3176"
"17,21 : 0.368"
"21,17 : 0.368"
"17,22 : 0.3711"
"22,17 : 0.3711"
"17,23 : 0.6022"
"23,17 : 0.6022"
"17,24 : 0.1803"
"24,17 : 0.1803"
"17,25 : 0.13"
"25,17 : 0.13"
"17,26 : 0.359"
"26,17 : 0.359"
"17,27 : 0.3847"
"27,17 : 0.3847"
"17,28 : 0.2864"
"28,17 : 0.2864"
"17,29 : 0.2"
"29,17 : 0.2"
"17,30 : 0.593"
"30,17 : 0.593"
"17,31 : 0.05"
"31,17 : 0.05"
"17,32 : 0.228"
"32,17 : 0.228"
"17,33 : 0.6313"
"33,17 : 0.6313"
"17,34 : 0.1442"
"34,17 : 0.1442"
"17,35 : 0.3624"
"35,17 : 0.3624"
"17,36 : 0.7497"
"36,17 : 0.7497"
"17,37 : 0.6088"
"37,17 : 0.6088"
"17,38 : 0.4305"
"38,17 : 0.4305"
"17,39 : 0.3982"
"39,17 : 0.3982"
"17,40 : 0.3162"
"40,17 : 0.3162"
"17,41 : 0.3195"
"41,17 : 0.3195"
"17,42 : 0.389"
"42,17 : 0.389"
"17,43 : 0.3114"
"43,17 : 0.3114"
"17,44 : 0.3624"
"44,17 : 0.3624"
"17,45 : 0.4342"
"45,17 : 0.4342"
"17,46 : 0.645"
"46,17 : 0.645"
"17,47 : 0.4159"
"47,17 : 0.4159"
"17,48 : 0.5224"
"48,17 : 0.5224"
"17,49 : 0.4205"
"49,17 : 0.4205"
"18,19 : 0.1204"
"19,18 : 0.1204"
"18,20 : 0.1803"
"20,18 : 0.1803"
"18,21 : 0.6803"
"21,18 : 0.6803"
"18,22 : 0.1746"
"22,18 : 0.1746"
"18,23 : 0.8161"
"23,18 : 0.8161"
"18,24 : 0.4455"
"24,18 : 0.4455"
"18,25 : 0.6265"
"25,18 : 0.6265"
"18,26 : 0.7983"
"26,18 : 0.7983"
"18,27 : 0.314"
"27,18 : 0.314"
"18,28 : 0.214"
"28,18 : 0.214"
"18,29 : 0.686"
"29,18 : 0.686"
"18,30 : 0.5025"
"30,18 : 0.5025"
"18,31 : 0.4518"
"31,18 : 0.4518"
"18,32 : 0.4909"
"32,18 : 0.4909"
"18,33 : 0.3231"
"33,18 : 0.3231"
"18,34 : 0.3536"
"34,18 : 0.3536"
"18,35 : 0.8596"
"35,18 : 0.8596"
"18,36 : 0.3036"
"36,18 : 0.3036"
"18,37 : 0.6723"
"37,18 : 0.6723"
"18,38 : 0.4738"
"38,18 : 0.4738"
"18,39 : 0.74"
"39,18 : 0.74"
"18,40 : 0.7638"
"40,18 : 0.7638"
"18,41 : 0.191"
"41,18 : 0.191"
"18,42 : 0.3324"
"42,18 : 0.3324"
"18,43 : 0.204"
"43,18 : 0.204"
"18,44 : 0.8465"
"44,18 : 0.8465"
"18,45 : 0.064"
"45,18 : 0.064"
"18,46 : 0.8115"
"46,18 : 0.8115"
"18,47 : 0.525"
"47,18 : 0.525"
"18,48 : 0.3132"
"48,18 : 0.3132"
"18,49 : 0.4438"
"49,18 : 0.4438"
"19,20 : 0.2983"
"20,19 : 0.2983"
"19,21 : 0.7632"
"21,19 : 0.7632"
"19,22 : 0.2915"
"22,19 : 0.2915"
"19,23 : 0.873"
"23,19 : 0.873"
"19,24 : 0.5441"
"24,19 : 0.5441"
"19,25 : 0.7409"
"25,19 : 0.7409"
"19,26 : 0.8984"
"26,19 : 0.8984"
"19,27 : 0.4206"
"27,19 : 0.4206"
"19,28 : 0.333"
"28,19 : 0.333"
"19,29 : 0.8043"
"29,19 : 0.8043"
"19,30 : 0.5148"
"30,19 : 0.5148"
"19,31 : 0.566"
"31,19 : 0.566"
"19,32 : 0.5825"
"32,19 : 0.5825"
"19,33 : 0.29"
"33,19 : 0.29"
"19,34 : 0.4687"
"34,19 : 0.4687"
"19,35 : 0.9742"
"35,19 : 0.9742"
"19,36 : 0.2002"
"36,19 : 0.2002"
"19,37 : 0.7058"
"37,19 : 0.7058"
"19,38 : 0.5772"
"38,19 : 0.5772"
"19,39 : 0.8249"
"39,19 : 0.8249"
"19,40 : 0.8841"
"40,19 : 0.8841"
"19,41 : 0.3114"
"41,19 : 0.3114"
"19,42 : 0.3912"
"42,19 : 0.3912"
"19,43 : 0.3087"
"43,19 : 0.3087"
"19,44 : 0.9654"
"44,19 : 0.9654"
"19,45 : 0.1838"
"45,19 : 0.1838"
"19,46 : 0.8587"
"46,19 : 0.8587"
"19,47 : 0.5842"
"47,19 : 0.5842"
"19,48 : 0.3901"
"48,19 : 0.3901"
"19,49 : 0.4965"
"49,19 : 0.4965"
"20,21 : 0.5434"
"21,20 : 0.5434"
"20,22 : 0.1"
"22,20 : 0.1"
"20,23 : 0.7159"
"23,20 : 0.7159"
"20,24 : 0.2915"
"24,20 : 0.2915"
"20,25 : 0.4472"
"25,20 : 0.4472"
"20,26 : 0.6339"
"26,20 : 0.6339"
"20,27 : 0.2326"
"27,20 : 0.2326"
"20,28 : 0.0361"
"28,20 : 0.0361"
"20,29 : 0.5061"
"29,20 : 0.5061"
"20,30 : 0.4919"
"30,20 : 0.4919"
"20,31 : 0.2731"
"31,20 : 0.2731"
"20,32 : 0.3471"
"32,20 : 0.3471"
"20,33 : 0.4011"
"33,20 : 0.4011"
"20,34 : 0.1746"
"34,20 : 0.1746"
"20,35 : 0.68"
"35,20 : 0.68"
"20,36 : 0.4579"
"36,20 : 0.4579"
"20,37 : 0.6152"
"37,20 : 0.6152"
"20,38 : 0.3808"
"38,20 : 0.3808"
"20,39 : 0.5984"
"39,20 : 0.5984"
"20,40 : 0.589"
"40,20 : 0.589"
"20,41 : 0.0447"
"41,20 : 0.0447"
"20,42 : 0.272"
"42,20 : 0.272"
"20,43 : 0.0781"
"43,20 : 0.0781"
"20,44 : 0.6671"
"44,20 : 0.6671"
"20,45 : 0.1166"
"45,20 : 0.1166"
"20,46 : 0.7267"
"46,20 : 0.7267"
"20,47 : 0.436"
"47,20 : 0.436"
"20,48 : 0.3124"
"48,20 : 0.3124"
"20,49 : 0.3748"
"49,20 : 0.3748"
"21,22 : 0.636"
"22,21 : 0.636"
"21,23 : 0.2417"
"23,21 : 0.2417"
"21,24 : 0.2563"
"24,21 : 0.2563"
"21,25 : 0.3454"
"25,21 : 0.3454"
"21,26 : 0.2147"
"26,21 : 0.2147"
"21,27 : 0.7112"
"27,21 : 0.7112"
"21,28 : 0.5316"
"28,21 : 0.5316"
"21,29 : 0.4492"
"29,21 : 0.4492"
"21,30 : 0.4455"
"30,21 : 0.4455"
"21,31 : 0.3624"
"31,21 : 0.3624"
"21,32 : 0.1965"
"32,21 : 0.1965"
"21,33 : 0.6261"
"33,21 : 0.6261"
"21,34 : 0.4159"
"34,21 : 0.4159"
"21,35 : 0.4455"
"35,21 : 0.4455"
"21,36 : 0.816"
"36,21 : 0.816"
"21,37 : 0.3353"
"37,21 : 0.3353"
"21,38 : 0.7903"
"38,21 : 0.7903"
"21,39 : 0.0632"
"39,21 : 0.0632"
"21,40 : 0.5894"
"40,21 : 0.5894"
"21,41 : 0.5728"
"41,21 : 0.5728"
"21,42 : 0.3833"
"42,21 : 0.3833"
"21,43 : 0.4837"
"43,21 : 0.4837"
"21,44 : 0.5504"
"44,21 : 0.5504"
"21,45 : 0.6329"
"45,21 : 0.6329"
"21,46 : 0.2983"
"46,21 : 0.2983"
"21,47 : 0.228"
"47,21 : 0.228"
"21,48 : 0.8338"
"48,21 : 0.8338"
"21,49 : 0.3089"
"49,21 : 0.3089"
"22,23 : 0.8149"
"23,22 : 0.8149"
"22,24 : 0.3808"
"24,22 : 0.3808"
"22,25 : 0.5"
"25,22 : 0.5"
"22,26 : 0.7101"
"26,22 : 0.7101"
"22,27 : 0.1513"
"27,22 : 0.1513"
"22,28 : 0.1044"
"28,22 : 0.1044"
"22,29 : 0.5412"
"29,22 : 0.5412"
"22,30 : 0.5831"
"30,22 : 0.5831"
"22,31 : 0.3338"
"31,22 : 0.3338"
"22,32 : 0.4397"
"32,22 : 0.4397"
"22,33 : 0.4627"
"33,22 : 0.4627"
"22,34 : 0.2402"
"34,22 : 0.2402"
"22,35 : 0.728"
"35,22 : 0.728"
"22,36 : 0.4776"
"36,22 : 0.4776"
"22,37 : 0.7142"
"37,22 : 0.7142"
"22,38 : 0.3102"
"38,22 : 0.3102"
"22,39 : 0.6888"
"39,22 : 0.6888"
"22,40 : 0.6031"
"40,22 : 0.6031"
"22,41 : 0.0632"
"41,22 : 0.0632"
"22,42 : 0.3688"
"42,22 : 0.3688"
"22,43 : 0.1769"
"43,22 : 0.1769"
"22,44 : 0.6964"
"44,22 : 0.6964"
"22,45 : 0.1217"
"45,22 : 0.1217"
"22,46 : 0.8266"
"46,22 : 0.8266"
"22,47 : 0.536"
"47,22 : 0.536"
"22,48 : 0.2126"
"48,22 : 0.2126"
"22,49 : 0.4738"
"49,22 : 0.4738"
"23,24 : 0.4601"
"24,23 : 0.4601"
"23,25 : 0.5869"
"25,23 : 0.5869"
"23,26 : 0.41"
"26,23 : 0.41"
"23,27 : 0.914"
"27,23 : 0.914"
"23,28 : 0.7134"
"28,23 : 0.7134"
"23,29 : 0.6895"
"29,23 : 0.6895"
"23,30 : 0.422"
"30,23 : 0.422"
"23,31 : 0.589"
"31,23 : 0.589"
"23,32 : 0.3962"
"32,23 : 0.3962"
"23,33 : 0.6627"
"33,23 : 0.6627"
"23,34 : 0.6237"
"34,23 : 0.6237"
"23,35 : 0.6607"
"35,23 : 0.6607"
"23,36 : 0.8714"
"36,23 : 0.8714"
"23,37 : 0.2236"
"37,23 : 0.2236"
"23,38 : 1.0112"
"38,23 : 1.0112"
"23,39 : 0.2433"
"39,23 : 0.2433"
"23,40 : 0.8286"
"40,23 : 0.8286"
"23,41 : 0.7529"
"41,23 : 0.7529"
"23,42 : 0.4851"
"42,23 : 0.4851"
"23,43 : 0.644"
"43,23 : 0.644"
"23,44 : 0.7793"
"44,23 : 0.7793"
"23,45 : 0.7819"
"45,23 : 0.7819"
"23,46 : 0.0762"
"46,23 : 0.0762"
"23,47 : 0.2912"
"47,23 : 0.2912"
"23,48 : 1.024"
"48,23 : 1.024"
"23,49 : 0.3766"
"49,23 : 0.3766"
"24,25 : 0.255"
"25,24 : 0.255"
"24,26 : 0.3544"
"26,24 : 0.3544"
"24,27 : 0.4579"
"27,24 : 0.4579"
"24,28 : 0.2766"
"28,24 : 0.2766"
"24,29 : 0.3574"
"29,24 : 0.3574"
"24,30 : 0.4159"
"30,24 : 0.4159"
"24,31 : 0.1456"
"31,24 : 0.1456"
"24,32 : 0.064"
"32,24 : 0.064"
"24,33 : 0.4892"
"33,24 : 0.4892"
"24,34 : 0.164"
"34,24 : 0.164"
"24,35 : 0.4675"
"35,24 : 0.4675"
"24,36 : 0.6407"
"36,24 : 0.6407"
"24,37 : 0.4332"
"37,24 : 0.4332"
"24,38 : 0.5517"
"38,24 : 0.5517"
"24,39 : 0.3081"
"39,24 : 0.3081"
"24,40 : 0.4884"
"40,24 : 0.4884"
"24,41 : 0.3178"
"41,24 : 0.3178"
"24,42 : 0.2302"
"42,24 : 0.2302"
"24,43 : 0.2419"
"43,24 : 0.2419"
"24,44 : 0.5099"
"44,24 : 0.5099"
"24,45 : 0.3912"
"45,24 : 0.3912"
"24,46 : 0.4904"
"46,24 : 0.4904"
"24,47 : 0.2377"
"47,24 : 0.2377"
"24,48 : 0.5778"
"48,24 : 0.5778"
"24,49 : 0.2419"
"49,24 : 0.2419"
"25,26 : 0.2642"
"26,25 : 0.2642"
"25,27 : 0.5001"
"27,25 : 0.5001"
"25,28 : 0.4163"
"28,25 : 0.4163"
"25,29 : 0.11"
"29,25 : 0.11"
"25,30 : 0.6648"
"30,25 : 0.6648"
"25,31 : 0.1749"
"31,25 : 0.1749"
"25,32 : 0.2766"
"32,25 : 0.2766"
"25,33 : 0.7382"
"33,25 : 0.7382"
"25,34 : 0.2729"
"34,25 : 0.2729"
"25,35 : 0.2332"
"35,25 : 0.2332"
"25,36 : 0.8705"
"36,25 : 0.8705"
"25,37 : 0.6407"
"37,25 : 0.6407"
"25,38 : 0.5187"
"38,25 : 0.5187"
"25,39 : 0.3551"
"39,25 : 0.3551"
"25,40 : 0.2508"
"40,25 : 0.2508"
"25,41 : 0.4494"
"41,25 : 0.4494"
"25,42 : 0.4837"
"42,25 : 0.4837"
"25,43 : 0.436"
"43,25 : 0.436"
"25,44 : 0.255"
"44,25 : 0.255"
"25,45 : 0.5636"
"45,25 : 0.5636"
"25,46 : 0.642"
"46,25 : 0.642"
"25,47 : 0.4627"
"47,25 : 0.4627"
"25,48 : 0.64"
"48,25 : 0.64"
"25,49 : 0.4904"
"49,25 : 0.4904"
"26,27 : 0.7433"
"27,26 : 0.7433"
"26,28 : 0.6113"
"28,26 : 0.6113"
"26,29 : 0.3324"
"29,26 : 0.3324"
"26,30 : 0.6544"
"30,26 : 0.6544"
"26,31 : 0.3821"
"31,26 : 0.3821"
"26,32 : 0.322"
"32,26 : 0.322"
"26,33 : 0.8102"
"33,26 : 0.8102"
"26,34 : 0.47"
"34,26 : 0.47"
"26,35 : 0.2518"
"35,26 : 0.2518"
"26,36 : 0.9841"
"36,26 : 0.9841"
"26,37 : 0.5478"
"37,26 : 0.5478"
"26,38 : 0.78"
"38,26 : 0.78"
"26,39 : 0.1746"
"39,26 : 0.1746"
"26,40 : 0.4549"
"40,26 : 0.4549"
"26,41 : 0.6507"
"41,26 : 0.6507"
"26,42 : 0.5523"
"42,26 : 0.5523"
"26,43 : 0.5944"
"43,26 : 0.5944"
"26,44 : 0.3795"
"44,26 : 0.3795"
"26,45 : 0.7415"
"45,26 : 0.7415"
"26,46 : 0.4809"
"46,26 : 0.4809"
"26,47 : 0.4328"
"47,26 : 0.4328"
"26,48 : 0.8797"
"48,26 : 0.8797"
"26,49 : 0.5025"
"49,26 : 0.5025"
"27,28 : 0.2163"
"28,27 : 0.2163"
"27,29 : 0.5099"
"29,27 : 0.5099"
"27,30 : 0.7245"
"30,27 : 0.7245"
"27,31 : 0.364"
"31,27 : 0.364"
"27,32 : 0.5215"
"32,27 : 0.5215"
"27,33 : 0.614"
"33,27 : 0.614"
"27,34 : 0.2953"
"34,27 : 0.2953"
"27,35 : 0.7086"
"35,27 : 0.7086"
"27,36 : 0.6161"
"36,27 : 0.6161"
"27,37 : 0.8387"
"37,27 : 0.8387"
"27,38 : 0.1603"
"38,27 : 0.1603"
"27,39 : 0.7564"
"39,27 : 0.7564"
"27,40 : 0.5367"
"40,27 : 0.5367"
"27,41 : 0.1879"
"41,27 : 0.1879"
"27,42 : 0.5025"
"42,27 : 0.5025"
"27,43 : 0.3089"
"43,27 : 0.3089"
"27,44 : 0.6485"
"44,27 : 0.6485"
"27,45 : 0.27"
"45,27 : 0.27"
"27,46 : 0.9351"
"46,27 : 0.9351"
"27,47 : 0.6507"
"47,27 : 0.6507"
"27,48 : 0.1404"
"48,27 : 0.1404"
"27,49 : 0.6"
"49,27 : 0.6"
"28,29 : 0.472"
"29,28 : 0.472"
"28,30 : 0.5108"
"30,28 : 0.5108"
"28,31 : 0.2435"
"31,28 : 0.2435"
"28,32 : 0.3353"
"32,28 : 0.3353"
"28,33 : 0.4329"
"33,28 : 0.4329"
"28,34 : 0.1456"
"34,28 : 0.1456"
"28,35 : 0.6485"
"35,28 : 0.6485"
"28,36 : 0.494"
"36,28 : 0.494"
"28,37 : 0.6237"
"37,28 : 0.6237"
"28,38 : 0.3574"
"38,28 : 0.3574"
"28,39 : 0.5846"
"39,28 : 0.5846"
"28,40 : 0.5532"
"40,28 : 0.5532"
"28,41 : 0.0412"
"41,28 : 0.0412"
"28,42 : 0.2865"
"42,28 : 0.2865"
"28,43 : 0.0949"
"43,28 : 0.0949"
"28,44 : 0.6325"
"44,28 : 0.6325"
"28,45 : 0.15"
"45,28 : 0.15"
"28,46 : 0.728"
"46,28 : 0.728"
"28,47 : 0.4393"
"47,28 : 0.4393"
"28,48 : 0.3106"
"48,28 : 0.3106"
"28,49 : 0.3842"
"49,28 : 0.3842"
"29,30 : 0.7713"
"30,29 : 0.7713"
"29,31 : 0.25"
"31,29 : 0.25"
"29,32 : 0.3847"
"32,29 : 0.3847"
"29,33 : 0.8301"
"33,29 : 0.8301"
"29,34 : 0.3394"
"34,29 : 0.3394"
"29,35 : 0.2002"
"35,29 : 0.2002"
"29,36 : 0.9485"
"36,29 : 0.9485"
"29,37 : 0.7506"
"37,29 : 0.7506"
"29,38 : 0.4937"
"38,29 : 0.4937"
"29,39 : 0.4519"
"39,29 : 0.4519"
"29,40 : 0.1414"
"40,29 : 0.1414"
"29,41 : 0.4993"
"41,29 : 0.4993"
"29,42 : 0.5818"
"42,29 : 0.5818"
"29,43 : 0.5093"
"43,29 : 0.5093"
"29,44 : 0.1628"
"44,29 : 0.1628"
"29,45 : 0.622"
"45,29 : 0.622"
"29,46 : 0.7473"
"46,29 : 0.7473"
"29,47 : 0.5722"
"47,29 : 0.5722"
"29,48 : 0.6494"
"48,29 : 0.6494"
"29,49 : 0.5967"
"49,29 : 0.5967"
"30,31 : 0.5508"
"31,30 : 0.5508"
"30,32 : 0.389"
"32,30 : 0.389"
"30,33 : 0.2532"
"33,30 : 0.2532"
"30,34 : 0.5135"
"34,30 : 0.5135"
"30,35 : 0.8497"
"35,30 : 0.8497"
"30,36 : 0.4627"
"36,30 : 0.4627"
"30,37 : 0.21"
"37,30 : 0.21"
"30,38 : 0.8673"
"38,30 : 0.8673"
"30,39 : 0.5025"
"39,30 : 0.5025"
"30,40 : 0.9043"
"40,30 : 0.9043"
"30,41 : 0.5367"
"41,30 : 0.5367"
"30,42 : 0.228"
"42,30 : 0.228"
"30,43 : 0.4163"
"43,30 : 0.4163"
"30,44 : 0.9171"
"44,30 : 0.9171"
"30,45 : 0.4968"
"45,30 : 0.4968"
"30,46 : 0.3812"
"46,30 : 0.3812"
"30,47 : 0.222"
"47,30 : 0.222"
"30,48 : 0.7882"
"48,30 : 0.7882"
"30,49 : 0.1746"
"49,30 : 0.1746"
"31,32 : 0.2012"
"32,31 : 0.2012"
"31,33 : 0.5818"
"33,31 : 0.5818"
"31,34 : 0.0985"
"34,31 : 0.0985"
"31,35 : 0.4082"
"35,31 : 0.4082"
"31,36 : 0.7001"
"36,31 : 0.7001"
"31,37 : 0.5787"
"37,31 : 0.5787"
"31,38 : 0.428"
"38,31 : 0.428"
"31,39 : 0.3996"
"39,31 : 0.3996"
"31,40 : 0.364"
"40,31 : 0.364"
"31,41 : 0.2789"
"41,31 : 0.2789"
"31,42 : 0.3421"
"42,31 : 0.3421"
"31,43 : 0.2625"
"43,31 : 0.2625"
"31,44 : 0.4123"
"44,31 : 0.4123"
"31,45 : 0.3891"
"45,31 : 0.3891"
"31,46 : 0.6268"
"46,31 : 0.6268"
"31,47 : 0.3833"
"47,31 : 0.3833"
"31,48 : 0.4982"
"48,31 : 0.4982"
"31,49 : 0.3801"
"49,31 : 0.3801"
"32,33 : 0.4958"
"33,32 : 0.4958"
"32,34 : 0.228"
"34,32 : 0.228"
"32,35 : 0.4687"
"35,32 : 0.4687"
"32,36 : 0.6624"
"36,32 : 0.6624"
"32,37 : 0.3808"
"37,32 : 0.3808"
"32,38 : 0.6152"
"38,32 : 0.6152"
"32,39 : 0.2518"
"39,32 : 0.2518"
"32,40 : 0.5215"
"40,32 : 0.5215"
"32,41 : 0.3764"
"41,32 : 0.3764"
"32,42 : 0.2343"
"42,32 : 0.2343"
"32,43 : 0.2902"
"43,32 : 0.2902"
"32,44 : 0.5281"
"44,32 : 0.5281"
"32,45 : 0.4401"
"45,32 : 0.4401"
"32,46 : 0.428"
"46,32 : 0.428"
"32,47 : 0.1903"
"47,32 : 0.1903"
"32,48 : 0.6398"
"48,32 : 0.6398"
"32,49 : 0.2154"
"49,32 : 0.2154"
"33,34 : 0.507"
"34,33 : 0.507"
"33,35 : 0.9567"
"35,33 : 0.9567"
"33,36 : 0.2102"
"36,33 : 0.2102"
"33,37 : 0.4617"
"37,33 : 0.4617"
"33,38 : 0.7723"
"38,33 : 0.7723"
"33,39 : 0.6888"
"39,33 : 0.6888"
"33,40 : 0.9437"
"40,33 : 0.9437"
"33,41 : 0.4401"
"41,33 : 0.4401"
"33,42 : 0.2617"
"42,33 : 0.2617"
"33,43 : 0.3493"
"43,33 : 0.3493"
"33,44 : 0.9902"
"44,33 : 0.9902"
"33,45 : 0.3471"
"45,33 : 0.3471"
"33,46 : 0.6301"
"46,33 : 0.6301"
"33,47 : 0.405"
"47,33 : 0.405"
"33,48 : 0.6357"
"48,33 : 0.6357"
"33,49 : 0.3178"
"49,33 : 0.3178"
"34,35 : 0.5061"
"35,34 : 0.5061"
"34,36 : 0.6096"
"36,34 : 0.6096"
"34,37 : 0.5771"
"37,34 : 0.5771"
"34,38 : 0.3905"
"38,34 : 0.3905"
"34,39 : 0.4624"
"39,34 : 0.4624"
"34,40 : 0.4391"
"40,34 : 0.4391"
"34,41 : 0.1825"
"41,34 : 0.1825"
"34,42 : 0.29"
"42,34 : 0.29"
"34,43 : 0.1703"
"43,34 : 0.1703"
"34,44 : 0.5021"
"44,34 : 0.5021"
"34,45 : 0.2907"
"45,34 : 0.2907"
"34,46 : 0.6512"
"46,34 : 0.6512"
"34,47 : 0.3808"
"47,34 : 0.3808"
"34,48 : 0.4206"
"48,34 : 0.4206"
"34,49 : 0.3544"
"49,34 : 0.3544"
"35,36 : 1.0999"
"36,35 : 1.0999"
"35,37 : 0.7788"
"37,35 : 0.7788"
"35,38 : 0.6918"
"38,35 : 0.6918"
"35,39 : 0.4201"
"39,35 : 0.4201"
"35,40 : 0.2555"
"40,35 : 0.2555"
"35,41 : 0.6803"
"41,35 : 0.6803"
"35,42 : 0.6966"
"42,35 : 0.6966"
"35,43 : 0.6685"
"43,35 : 0.6685"
"35,44 : 0.1421"
"44,35 : 0.1421"
"35,45 : 0.7965"
"45,35 : 0.7965"
"35,46 : 0.73"
"46,35 : 0.73"
"35,47 : 0.6316"
"47,35 : 0.6316"
"35,48 : 0.8485"
"48,35 : 0.8485"
"35,49 : 0.681"
"49,35 : 0.681"
"36,37 : 0.6719"
"37,36 : 0.6719"
"36,38 : 0.7747"
"38,36 : 0.7747"
"36,39 : 0.8792"
"39,36 : 0.8792"
"36,40 : 1.044"
"40,36 : 1.044"
"36,41 : 0.483"
"41,36 : 0.483"
"36,42 : 0.4346"
"42,36 : 0.4346"
"36,43 : 0.4393"
"43,36 : 0.4393"
"36,44 : 1.1113"
"44,36 : 1.1113"
"36,45 : 0.3585"
"45,36 : 0.3585"
"36,46 : 0.8402"
"46,36 : 0.8402"
"36,47 : 0.6042"
"47,36 : 0.6042"
"36,48 : 0.59"
"48,36 : 0.59"
"36,49 : 0.5142"
"49,36 : 0.5142"
"37,38 : 0.9625"
"38,37 : 0.9625"
"37,39 : 0.3758"
"39,37 : 0.3758"
"37,40 : 0.8914"
"40,37 : 0.8914"
"37,41 : 0.658"
"41,37 : 0.658"
"37,42 : 0.3483"
"42,37 : 0.3483"
"37,43 : 0.5374"
"43,37 : 0.5374"
"37,44 : 0.8737"
"44,37 : 0.8737"
"37,45 : 0.6522"
"45,37 : 0.6522"
"37,46 : 0.1726"
"46,37 : 0.1726"
"37,47 : 0.197"
"47,37 : 0.197"
"37,48 : 0.9266"
"48,37 : 0.9266"
"37,49 : 0.2404"
"49,37 : 0.2404"
"38,39 : 0.8266"
"39,38 : 0.8266"
"38,40 : 0.4768"
"40,38 : 0.4768"
"38,41 : 0.3373"
"41,38 : 0.3373"
"38,42 : 0.6408"
"42,38 : 0.6408"
"38,43 : 0.4522"
"43,38 : 0.4522"
"38,44 : 0.603"
"44,38 : 0.603"
"38,45 : 0.4301"
"45,38 : 0.4301"
"38,46 : 1.0414"
"46,38 : 1.0414"
"38,47 : 0.7684"
"47,38 : 0.7684"
"38,48 : 0.2267"
"48,38 : 0.2267"
"38,49 : 0.7295"
"49,38 : 0.7295"
"39,40 : 0.5887"
"40,39 : 0.5887"
"39,41 : 0.6259"
"41,39 : 0.6259"
"39,42 : 0.4464"
"42,39 : 0.4464"
"39,43 : 0.5415"
"43,39 : 0.5415"
"39,44 : 0.536"
"44,39 : 0.536"
"39,45 : 0.6912"
"45,39 : 0.6912"
"39,46 : 0.3102"
"46,39 : 0.3102"
"39,47 : 0.2884"
"47,39 : 0.2884"
"39,48 : 0.8826"
"48,39 : 0.8826"
"39,49 : 0.3712"
"49,39 : 0.3712"
"40,41 : 0.5728"
"41,40 : 0.5728"
"40,42 : 0.7052"
"42,40 : 0.7052"
"40,43 : 0.6075"
"43,40 : 0.6075"
"40,44 : 0.1315"
"44,40 : 0.1315"
"40,45 : 0.7004"
"45,40 : 0.7004"
"40,46 : 0.8877"
"46,40 : 0.8877"
"40,47 : 0.7106"
"47,40 : 0.7106"
"40,48 : 0.6685"
"48,40 : 0.6685"
"40,49 : 0.7299"
"49,40 : 0.7299"
"41,42 : 0.3162"
"42,41 : 0.3162"
"41,43 : 0.1221"
"43,41 : 0.1221"
"41,44 : 0.658"
"44,41 : 0.658"
"41,45 : 0.1281"
"45,41 : 0.1281"
"41,46 : 0.7661"
"46,41 : 0.7661"
"41,47 : 0.4763"
"47,41 : 0.4763"
"41,48 : 0.272"
"48,41 : 0.272"
"41,49 : 0.4177"
"49,41 : 0.4177"
"42,43 : 0.1942"
"43,42 : 0.1942"
"42,44 : 0.7382"
"44,42 : 0.7382"
"42,45 : 0.3053"
"45,42 : 0.3053"
"42,46 : 0.4793"
"46,42 : 0.4793"
"42,47 : 0.1942"
"47,42 : 0.1942"
"42,48 : 0.58"
"48,42 : 0.58"
"42,49 : 0.1118"
"49,42 : 0.1118"
"43,44 : 0.6721"
