x,y
0.5,0.98
0.32,0.61
0.24,0.14
0.29,0.02
0.62,0.72
0.65,0.21
0.64,0.09
0.03,0.23
0.99,0.05
0.72,0.61
0.69,0.77
0.55,0.77
0.09,0.7
0.23,0.24
0.74,0.78
0.54,0.79
0.8,0.89
0.39,0.79
0.7,0.24
0.72,0.26
0.4,0.92
0.39,0.48
0.41,0.75
0.84,0.3
0.54,0.39
0.64,0.79
0.1,0.14
0.52,0.17
0.23,0.52
0.84,0.91
0.5,0.32
0.66,0.14
0.62,0.94
0.72,0.45
0.24,0.91
0.0,0.33
0.65,0.54
1.0,0.76
0.27,0.37
0.01,0.69
0.74,0.42
0.38,0.37
0.39,0.37
0.0,0.73
0.81,0.12
0.01,0.08
0.07,0.47
0.23,0.12
0.55,0.33
0.2,0.5

Distanze
"0,1 : 0.4115"
"1,0 : 0.4115"
"0,2 : 0.8793"
"2,0 : 0.8793"
"0,3 : 0.9827"
"3,0 : 0.9827"
"0,4 : 0.2864"
"4,0 : 0.2864"
"0,5 : 0.7845"
"5,0 : 0.7845"
"0,6 : 0.9009"
"6,0 : 0.9009"
"0,7 : 0.8851"
"7,0 : 0.8851"
"0,8 : 1.0512"
"8,0 : 1.0512"
"0,9 : 0.4305"
"9,0 : 0.4305"
"0,10 : 0.2832"
"10,0 : 0.2832"
"0,11 : 0.2159"
"11,0 : 0.2159"
"0,12 : 0.4965"
"12,0 : 0.4965"
"0,13 : 0.7877"
"13,0 : 0.7877"
"0,14 : 0.3124"
"14,0 : 0.3124"
"0,15 : 0.1942"
"15,0 : 0.1942"
"0,16 : 0.3132"
"16,0 : 0.3132"
"0,17 : 0.2195"
"17,0 : 0.2195"
"0,18 : 0.7666"
"18,0 : 0.7666"
"0,19 : 0.7529"
"19,0 : 0.7529"
"0,20 : 0.1166"
"20,0 : 0.1166"
"0,21 : 0.512"
"21,0 : 0.512"
"0,22 : 0.247"
"22,0 : 0.247"
"0,23 : 0.7603"
"23,0 : 0.7603"
"0,24 : 0.5914"
"24,0 : 0.5914"
"0,25 : 0.236"
"25,0 : 0.236"
"0,26 : 0.9304"
"26,0 : 0.9304"
"0,27 : 0.8102"
"27,0 : 0.8102"
"0,28 : 0.5334"
"28,0 : 0.5334"
"0,29 : 0.3471"
"29,0 : 0.3471"
"0,30 : 0.66"
"30,0 : 0.66"
"0,31 : 0.8551"
"31,0 : 0.8551"
"0,32 : 0.1265"
"32,0 : 0.1265"
"0,33 : 0.5738"
"33,0 : 0.5738"
"0,34 : 0.2693"
"34,0 : 0.2693"
"0,35 : 0.8201"
"35,0 : 0.8201"
"0,36 : 0.4649"
"36,0 : 0.4649"
"0,37 : 0.5463"
"37,0 : 0.5463"
"0,38 : 0.6519"
"38,0 : 0.6519"
"0,39 : 0.5694"
"39,0 : 0.5694"
"0,40 : 0.6093"
"40,0 : 0.6093"
"0,41 : 0.6217"
"41,0 : 0.6217"
"0,42 : 0.6198"
"42,0 : 0.6198"
"0,43 : 0.559"
"43,0 : 0.559"
"0,44 : 0.9142"
"44,0 : 0.9142"
"0,45 : 1.0247"
"45,0 : 1.0247"
"0,46 : 0.6671"
"46,0 : 0.6671"
"0,47 : 0.9014"
"47,0 : 0.9014"
"0,48 : 0.6519"
"48,0 : 0.6519"
"0,49 : 0.566"
"49,0 : 0.566"
"1,2 : 0.4768"
"2,1 : 0.4768"
"1,3 : 0.5908"
"3,1 : 0.5908"
"1,4 : 0.3195"
"4,1 : 0.3195"
"1,5 : 0.5186"
"5,1 : 0.5186"
"1,6 : 0.6106"
"6,1 : 0.6106"
"1,7 : 0.478"
"7,1 : 0.478"
"1,8 : 0.8732"
"8,1 : 0.8732"
"1,9 : 0.4"
"9,1 : 0.4"
"1,10 : 0.4031"
"10,1 : 0.4031"
"1,11 : 0.2802"
"11,1 : 0.2802"
"1,12 : 0.247"
"12,1 : 0.247"
"1,13 : 0.3808"
"13,1 : 0.3808"
"1,14 : 0.4531"
"14,1 : 0.4531"
"1,15 : 0.2843"
"15,1 : 0.2843"
"1,16 : 0.5557"
"16,1 : 0.5557"
"1,17 : 0.1931"
"17,1 : 0.1931"
"1,18 : 0.5304"
"18,1 : 0.5304"
"1,19 : 0.5315"
"19,1 : 0.5315"
"1,20 : 0.3202"
"20,1 : 0.3202"
"1,21 : 0.1476"
"21,1 : 0.1476"
"1,22 : 0.1664"
"22,1 : 0.1664"
"1,23 : 0.6054"
"23,1 : 0.6054"
"1,24 : 0.3111"
"24,1 : 0.3111"
"1,25 : 0.3672"
"25,1 : 0.3672"
"1,26 : 0.5189"
"26,1 : 0.5189"
"1,27 : 0.4833"
"27,1 : 0.4833"
"1,28 : 0.1273"
"28,1 : 0.1273"
"1,29 : 0.6003"
"29,1 : 0.6003"
"1,30 : 0.3413"
"30,1 : 0.3413"
"1,31 : 0.5801"
"31,1 : 0.5801"
"1,32 : 0.446"
"32,1 : 0.446"
"1,33 : 0.4308"
"33,1 : 0.4308"
"1,34 : 0.3105"
"34,1 : 0.3105"
"1,35 : 0.4252"
"35,1 : 0.4252"
"1,36 : 0.3373"
"36,1 : 0.3373"
"1,37 : 0.6963"
"37,1 : 0.6963"
"1,38 : 0.2452"
"38,1 : 0.2452"
"1,39 : 0.3202"
"39,1 : 0.3202"
"1,40 : 0.461"
"40,1 : 0.461"
"1,41 : 0.2474"
"41,1 : 0.2474"
"1,42 : 0.25"
"42,1 : 0.25"
"1,43 : 0.3418"
"43,1 : 0.3418"
"1,44 : 0.693"
"44,1 : 0.693"
"1,45 : 0.614"
"45,1 : 0.614"
"1,46 : 0.2865"
"46,1 : 0.2865"
"1,47 : 0.4982"
"47,1 : 0.4982"
"1,48 : 0.3624"
"48,1 : 0.3624"
"1,49 : 0.1628"
"49,1 : 0.1628"
"2,3 : 0.13"
"3,2 : 0.13"
"2,4 : 0.6934"
"4,2 : 0.6934"
"2,5 : 0.4159"
"5,2 : 0.4159"
"2,6 : 0.4031"
"6,2 : 0.4031"
"2,7 : 0.2285"
"7,2 : 0.2285"
"2,8 : 0.7554"
"8,2 : 0.7554"
"2,9 : 0.6718"
"9,2 : 0.6718"
"2,10 : 0.7742"
"10,2 : 0.7742"
"2,11 : 0.7021"
"11,2 : 0.7021"
"2,12 : 0.5797"
"12,2 : 0.5797"
"2,13 : 0.1005"
"13,2 : 0.1005"
"2,14 : 0.8122"
"14,2 : 0.8122"
"2,15 : 0.7159"
"15,2 : 0.7159"
"2,16 : 0.936"
"16,2 : 0.936"
"2,17 : 0.6671"
"17,2 : 0.6671"
"2,18 : 0.4707"
"18,2 : 0.4707"
"2,19 : 0.4948"
"19,2 : 0.4948"
"2,20 : 0.7962"
"20,2 : 0.7962"
"2,21 : 0.3716"
"21,2 : 0.3716"
"2,22 : 0.6332"
"22,2 : 0.6332"
"2,23 : 0.621"
"23,2 : 0.621"
"2,24 : 0.3905"
"24,2 : 0.3905"
"2,25 : 0.7632"
"25,2 : 0.7632"
"2,26 : 0.14"
"26,2 : 0.14"
"2,27 : 0.2816"
"27,2 : 0.2816"
"2,28 : 0.3801"
"28,2 : 0.3801"
"2,29 : 0.9762"
"29,2 : 0.9762"
"2,30 : 0.3162"
"30,2 : 0.3162"
"2,31 : 0.42"
"31,2 : 0.42"
"2,32 : 0.8857"
"32,2 : 0.8857"
"2,33 : 0.5714"
"33,2 : 0.5714"
"2,34 : 0.77"
"34,2 : 0.77"
"2,35 : 0.3061"
"35,2 : 0.3061"
"2,36 : 0.5728"
"36,2 : 0.5728"
"2,37 : 0.9808"
"37,2 : 0.9808"
"2,38 : 0.2319"
"38,2 : 0.2319"
"2,39 : 0.5962"
"39,2 : 0.5962"
"2,40 : 0.5731"
"40,2 : 0.5731"
"2,41 : 0.2693"
"41,2 : 0.2693"
"2,42 : 0.2746"
"42,2 : 0.2746"
"2,43 : 0.6369"
"43,2 : 0.6369"
"2,44 : 0.5704"
"44,2 : 0.5704"
"2,45 : 0.2377"
"45,2 : 0.2377"
"2,46 : 0.3712"
"46,2 : 0.3712"
"2,47 : 0.0224"
"47,2 : 0.0224"
"2,48 : 0.3636"
"48,2 : 0.3636"
"2,49 : 0.3622"
"49,2 : 0.3622"
"3,4 : 0.7739"
"4,3 : 0.7739"
"3,5 : 0.4071"
"5,3 : 0.4071"
"3,6 : 0.3569"
"6,3 : 0.3569"
"3,7 : 0.3342"
"7,3 : 0.3342"
"3,8 : 0.7006"
"8,3 : 0.7006"
"3,9 : 0.7301"
"9,3 : 0.7301"
"3,10 : 0.85"
"10,3 : 0.85"
"3,11 : 0.7938"
"11,3 : 0.7938"
"3,12 : 0.7088"
"12,3 : 0.7088"
"3,13 : 0.228"
"13,3 : 0.228"
"3,14 : 0.8832"
"14,3 : 0.8832"
"3,15 : 0.8096"
"15,3 : 0.8096"
"3,16 : 1.0085"
"16,3 : 1.0085"
"3,17 : 0.7765"
"17,3 : 0.7765"
"3,18 : 0.4653"
"18,3 : 0.4653"
"3,19 : 0.4924"
"19,3 : 0.4924"
"3,20 : 0.9067"
"20,3 : 0.9067"
"3,21 : 0.4707"
"21,3 : 0.4707"
"3,22 : 0.7398"
"22,3 : 0.7398"
"3,23 : 0.6172"
"23,3 : 0.6172"
"3,24 : 0.4465"
"24,3 : 0.4465"
"3,25 : 0.8458"
"25,3 : 0.8458"
"3,26 : 0.2247"
"26,3 : 0.2247"
"3,27 : 0.2746"
"27,3 : 0.2746"
"3,28 : 0.5036"
"28,3 : 0.5036"
"3,29 : 1.0462"
"29,3 : 1.0462"
"3,30 : 0.3662"
"30,3 : 0.3662"
"3,31 : 0.389"
"31,3 : 0.389"
"3,32 : 0.9774"
"32,3 : 0.9774"
"3,33 : 0.6081"
"33,3 : 0.6081"
"3,34 : 0.8914"
"34,3 : 0.8914"
"3,35 : 0.4245"
"35,3 : 0.4245"
"3,36 : 0.6325"
"36,3 : 0.6325"
"3,37 : 1.0255"
"37,3 : 1.0255"
"3,38 : 0.3506"
"38,3 : 0.3506"
"3,39 : 0.7262"
"39,3 : 0.7262"
"3,40 : 0.6021"
"40,3 : 0.6021"
"3,41 : 0.3614"
"41,3 : 0.3614"
"3,42 : 0.364"
"42,3 : 0.364"
"3,43 : 0.7669"
"43,3 : 0.7669"
"3,44 : 0.5295"
"44,3 : 0.5295"
"3,45 : 0.2864"
"45,3 : 0.2864"
"3,46 : 0.5009"
"46,3 : 0.5009"
"3,47 : 0.1166"
"47,3 : 0.1166"
"3,48 : 0.4046"
"48,3 : 0.4046"
"3,49 : 0.4884"
"49,3 : 0.4884"
"4,5 : 0.5109"
"5,4 : 0.5109"
"4,6 : 0.6303"
"6,4 : 0.6303"
"4,7 : 0.7669"
"7,4 : 0.7669"
"4,8 : 0.7654"
"8,4 : 0.7654"
"4,9 : 0.1487"
"9,4 : 0.1487"
"4,10 : 0.086"
"10,4 : 0.086"
"4,11 : 0.086"
"11,4 : 0.086"
"4,12 : 0.5304"
"12,4 : 0.5304"
"4,13 : 0.6185"
"13,4 : 0.6185"
"4,14 : 0.1342"
"14,4 : 0.1342"
"4,15 : 0.1063"
"15,4 : 0.1063"
"4,16 : 0.2476"
"16,4 : 0.2476"
"4,17 : 0.2404"
"17,4 : 0.2404"
"4,18 : 0.4866"
"18,4 : 0.4866"
"4,19 : 0.4707"
"19,4 : 0.4707"
"4,20 : 0.2973"
"20,4 : 0.2973"
"4,21 : 0.3324"
"21,4 : 0.3324"
"4,22 : 0.2121"
"22,4 : 0.2121"
"4,23 : 0.4741"
"23,4 : 0.4741"
"4,24 : 0.3396"
"24,4 : 0.3396"
"4,25 : 0.0728"
"25,4 : 0.0728"
"4,26 : 0.779"
"26,4 : 0.779"
"4,27 : 0.559"
"27,4 : 0.559"
"4,28 : 0.4383"
"28,4 : 0.4383"
"4,29 : 0.2907"
"29,4 : 0.2907"
"4,30 : 0.4176"
"30,4 : 0.4176"
"4,31 : 0.5814"
"31,4 : 0.5814"
"4,32 : 0.22"
"32,4 : 0.22"
"4,33 : 0.2879"
"33,4 : 0.2879"
"4,34 : 0.4249"
"34,4 : 0.4249"
"4,35 : 0.7325"
"35,4 : 0.7325"
"4,36 : 0.1825"
"36,4 : 0.1825"
"4,37 : 0.3821"
"37,4 : 0.3821"
"4,38 : 0.495"
"38,4 : 0.495"
"4,39 : 0.6107"
"39,4 : 0.6107"
"4,40 : 0.3231"
"40,4 : 0.3231"
"4,41 : 0.4244"
"41,4 : 0.4244"
"4,42 : 0.4188"
"42,4 : 0.4188"
"4,43 : 0.6201"
"43,4 : 0.6201"
"4,44 : 0.6294"
"44,4 : 0.6294"
"4,45 : 0.8841"
"45,4 : 0.8841"
"4,46 : 0.6042"
"46,4 : 0.6042"
"4,47 : 0.7156"
"47,4 : 0.7156"
"4,48 : 0.3962"
"48,4 : 0.3962"
"4,49 : 0.4741"
"49,4 : 0.4741"
"5,6 : 0.1204"
"6,5 : 0.1204"
"5,7 : 0.6203"
"7,5 : 0.6203"
"5,8 : 0.3758"
"8,5 : 0.3758"
"5,9 : 0.4061"
"9,5 : 0.4061"
"5,10 : 0.5614"
"10,5 : 0.5614"
"5,11 : 0.5689"
"11,5 : 0.5689"
"5,12 : 0.7441"
"12,5 : 0.7441"
"5,13 : 0.4211"
"13,5 : 0.4211"
"5,14 : 0.5771"
"14,5 : 0.5771"
"5,15 : 0.5903"
"15,5 : 0.5903"
"5,16 : 0.6963"
"16,5 : 0.6963"
"5,17 : 0.6356"
"17,5 : 0.6356"
"5,18 : 0.0583"
"18,5 : 0.0583"
"5,19 : 0.086"
"19,5 : 0.086"
"5,20 : 0.7527"
"20,5 : 0.7527"
"5,21 : 0.3748"
"21,5 : 0.3748"
"5,22 : 0.5909"
"22,5 : 0.5909"
"5,23 : 0.2102"
"23,5 : 0.2102"
"5,24 : 0.211"
"24,5 : 0.211"
"5,25 : 0.5801"
"25,5 : 0.5801"
"5,26 : 0.5544"
"26,5 : 0.5544"
"5,27 : 0.136"
"27,5 : 0.136"
"5,28 : 0.522"
"28,5 : 0.522"
"5,29 : 0.7253"
"29,5 : 0.7253"
"5,30 : 0.186"
"30,5 : 0.186"
"5,31 : 0.0707"
"31,5 : 0.0707"
"5,32 : 0.7306"
"32,5 : 0.7306"
"5,33 : 0.25"
"33,5 : 0.25"
"5,34 : 0.8112"
"34,5 : 0.8112"
"5,35 : 0.661"
"35,5 : 0.661"
"5,36 : 0.33"
"36,5 : 0.33"
"5,37 : 0.6519"
"37,5 : 0.6519"
"5,38 : 0.4123"
"38,5 : 0.4123"
"5,39 : 0.8"
"39,5 : 0.8"
"5,40 : 0.2285"
"40,5 : 0.2285"
"5,41 : 0.3138"
"41,5 : 0.3138"
"5,42 : 0.3053"
"42,5 : 0.3053"
"5,43 : 0.8324"
"43,5 : 0.8324"
"5,44 : 0.1836"
"44,5 : 0.1836"
"5,45 : 0.6531"
"45,5 : 0.6531"
"5,46 : 0.6356"
"46,5 : 0.6356"
"5,47 : 0.4295"
"47,5 : 0.4295"
"5,48 : 0.1562"
"48,5 : 0.1562"
"5,49 : 0.5354"
"49,5 : 0.5354"
"6,7 : 0.6259"
"7,6 : 0.6259"
"6,8 : 0.3523"
"8,6 : 0.3523"
"6,9 : 0.5261"
"9,6 : 0.5261"
"6,10 : 0.6818"
"10,6 : 0.6818"
"6,11 : 0.6859"
"11,6 : 0.6859"
"6,12 : 0.8213"
"12,6 : 0.8213"
"6,13 : 0.4366"
"13,6 : 0.4366"
"6,14 : 0.6972"
"14,6 : 0.6972"
"6,15 : 0.7071"
"15,6 : 0.7071"
"6,16 : 0.8158"
"16,6 : 0.8158"
"6,17 : 0.7433"
"17,6 : 0.7433"
"6,18 : 0.1616"
"18,6 : 0.1616"
"6,19 : 0.1879"
"19,6 : 0.1879"
"6,20 : 0.864"
"20,6 : 0.864"
"6,21 : 0.4632"
"21,6 : 0.4632"
"6,22 : 0.6989"
"22,6 : 0.6989"
"6,23 : 0.29"
"23,6 : 0.29"
"6,24 : 0.3162"
"24,6 : 0.3162"
"6,25 : 0.7"
"25,6 : 0.7"
"6,26 : 0.5423"
"26,6 : 0.5423"
"6,27 : 0.1442"
"27,6 : 0.1442"
"6,28 : 0.5941"
"28,6 : 0.5941"
"6,29 : 0.844"
"29,6 : 0.844"
"6,30 : 0.2693"
"30,6 : 0.2693"
"6,31 : 0.0539"
"31,6 : 0.0539"
"6,32 : 0.8502"
"32,6 : 0.8502"
"6,33 : 0.3688"
"33,6 : 0.3688"
"6,34 : 0.9124"
"34,6 : 0.9124"
"6,35 : 0.6835"
"35,6 : 0.6835"
"6,36 : 0.4501"
"36,6 : 0.4501"
"6,37 : 0.7606"
"37,6 : 0.7606"
"6,38 : 0.464"
"38,6 : 0.464"
"6,39 : 0.87"
"39,6 : 0.87"
"6,40 : 0.3448"
"40,6 : 0.3448"
"6,41 : 0.3821"
"41,6 : 0.3821"
"6,42 : 0.3754"
"42,6 : 0.3754"
"6,43 : 0.9051"
"43,6 : 0.9051"
"6,44 : 0.1726"
"44,6 : 0.1726"
"6,45 : 0.6301"
"45,6 : 0.6301"
"6,46 : 0.6851"
"46,6 : 0.6851"
"6,47 : 0.4111"
"47,6 : 0.4111"
"6,48 : 0.2563"
"48,6 : 0.2563"
"6,49 : 0.6014"
"49,6 : 0.6014"
"7,8 : 0.9767"
"8,7 : 0.9767"
"7,9 : 0.7877"
"9,7 : 0.7877"
"7,10 : 0.8528"
"10,7 : 0.8528"
"7,11 : 0.7497"
"11,7 : 0.7497"
"7,12 : 0.4738"
"12,7 : 0.4738"
"7,13 : 0.2002"
"13,7 : 0.2002"
"7,14 : 0.8981"
"14,7 : 0.8981"
"7,15 : 0.7574"
"15,7 : 0.7574"
"7,16 : 1.0141"
"16,7 : 1.0141"
"7,17 : 0.6657"
"17,7 : 0.6657"
"7,18 : 0.6701"
"18,7 : 0.6701"
"7,19 : 0.6907"
"19,7 : 0.6907"
"7,20 : 0.7829"
"20,7 : 0.7829"
"7,21 : 0.4383"
"21,7 : 0.4383"
"7,22 : 0.644"
"22,7 : 0.644"
"7,23 : 0.813"
"23,7 : 0.813"
"7,24 : 0.5345"
"24,7 : 0.5345"
"7,25 : 0.8281"
"25,7 : 0.8281"
"7,26 : 0.114"
"26,7 : 0.114"
"7,27 : 0.4937"
"27,7 : 0.4937"
"7,28 : 0.3523"
"28,7 : 0.3523"
"7,29 : 1.0576"
"29,7 : 1.0576"
"7,30 : 0.4785"
"30,7 : 0.4785"
"7,31 : 0.6364"
"31,7 : 0.6364"
"7,32 : 0.9231"
"32,7 : 0.9231"
"7,33 : 0.7242"
"33,7 : 0.7242"
"7,34 : 0.7117"
"34,7 : 0.7117"
"7,35 : 0.1044"
"35,7 : 0.1044"
"7,36 : 0.6932"
"36,7 : 0.6932"
"7,37 : 1.1054"
"37,7 : 1.1054"
"7,38 : 0.2778"
"38,7 : 0.2778"
"7,39 : 0.4604"
"39,7 : 0.4604"
"7,40 : 0.735"
"40,7 : 0.735"
"7,41 : 0.377"
"41,7 : 0.377"
"7,42 : 0.3863"
"42,7 : 0.3863"
"7,43 : 0.5009"
"43,7 : 0.5009"
"7,44 : 0.7877"
"44,7 : 0.7877"
"7,45 : 0.1513"
"45,7 : 0.1513"
"7,46 : 0.2433"
"46,7 : 0.2433"
"7,47 : 0.2283"
"47,7 : 0.2283"
"7,48 : 0.5295"
"48,7 : 0.5295"
"7,49 : 0.3191"
"49,7 : 0.3191"
"8,9 : 0.6217"
"9,8 : 0.6217"
"8,10 : 0.78"
"10,8 : 0.78"
"8,11 : 0.8438"
"11,8 : 0.8438"
"8,12 : 1.1102"
"12,8 : 1.1102"
"8,13 : 0.7834"
"13,8 : 0.7834"
"8,14 : 0.7716"
"14,8 : 0.7716"
"8,15 : 0.8661"
"15,8 : 0.8661"
"8,16 : 0.8612"
"16,8 : 0.8612"
"8,17 : 0.9527"
"17,8 : 0.9527"
"8,18 : 0.3467"
"18,8 : 0.3467"
"8,19 : 0.3421"
"19,8 : 0.3421"
"8,20 : 1.0512"
"20,8 : 1.0512"
"8,21 : 0.7382"
"21,8 : 0.7382"
"8,22 : 0.9091"
"22,8 : 0.9091"
"8,23 : 0.2915"
"23,8 : 0.2915"
"8,24 : 0.564"
"24,8 : 0.564"
"8,25 : 0.8186"
"25,8 : 0.8186"
"8,26 : 0.8945"
"26,8 : 0.8945"
"8,27 : 0.4851"
"27,8 : 0.4851"
"8,28 : 0.8936"
"28,8 : 0.8936"
"8,29 : 0.873"
"29,8 : 0.873"
"8,30 : 0.5595"
"30,8 : 0.5595"
"8,31 : 0.3421"
"31,8 : 0.3421"
"8,32 : 0.9638"
"32,8 : 0.9638"
"8,33 : 0.4826"
"33,8 : 0.4826"
"8,34 : 1.1411"
"34,8 : 1.1411"
"8,35 : 1.0288"
"35,8 : 1.0288"
"8,36 : 0.5964"
"36,8 : 0.5964"
"8,37 : 0.7101"
"37,8 : 0.7101"
"8,38 : 0.7879"
"38,8 : 0.7879"
"8,39 : 1.1705"
"39,8 : 1.1705"
"8,40 : 0.4465"
"40,8 : 0.4465"
"8,41 : 0.6888"
"41,8 : 0.6888"
"8,42 : 0.68"
"42,8 : 0.68"
"8,43 : 1.201"
"43,8 : 1.201"
"8,44 : 0.1931"
"44,8 : 0.1931"
"8,45 : 0.9805"
"45,8 : 0.9805"
"8,46 : 1.0113"
"46,8 : 1.0113"
"8,47 : 0.7632"
"47,8 : 0.7632"
"8,48 : 0.5215"
"48,8 : 0.5215"
"8,49 : 0.9092"
"49,8 : 0.9092"
"9,10 : 0.1628"
"10,9 : 0.1628"
"9,11 : 0.2335"
"11,9 : 0.2335"
"9,12 : 0.6364"
"12,9 : 0.6364"
"9,13 : 0.614"
"13,9 : 0.614"
"9,14 : 0.1712"
"14,9 : 0.1712"
"9,15 : 0.2546"
"15,9 : 0.2546"
"9,16 : 0.2912"
"16,9 : 0.2912"
"9,17 : 0.3759"
"17,9 : 0.3759"
"9,18 : 0.3705"
"18,9 : 0.3705"
"9,19 : 0.35"
"19,9 : 0.35"
"9,20 : 0.4455"
"20,9 : 0.4455"
"9,21 : 0.3547"
"21,9 : 0.3547"
"9,22 : 0.3401"
"22,9 : 0.3401"
"9,23 : 0.3324"
"23,9 : 0.3324"
"9,24 : 0.2843"
"24,9 : 0.2843"
"9,25 : 0.197"
"25,9 : 0.197"
"9,26 : 0.778"
"26,9 : 0.778"
"9,27 : 0.4833"
"27,9 : 0.4833"
"9,28 : 0.4982"
"28,9 : 0.4982"
"9,29 : 0.3231"
"29,9 : 0.3231"
"9,30 : 0.364"
"30,9 : 0.364"
"9,31 : 0.4738"
"31,9 : 0.4738"
"9,32 : 0.3448"
"32,9 : 0.3448"
"9,33 : 0.16"
"33,9 : 0.16"
"9,34 : 0.566"
"34,9 : 0.566"
"9,35 : 0.7725"
"35,9 : 0.7725"
"9,36 : 0.099"
"36,9 : 0.099"
"9,37 : 0.3176"
"37,9 : 0.3176"
"9,38 : 0.51"
"38,9 : 0.51"
"9,39 : 0.7145"
"39,9 : 0.7145"
"9,40 : 0.191"
"40,9 : 0.191"
"9,41 : 0.4162"
"41,9 : 0.4162"
"9,42 : 0.408"
"42,9 : 0.408"
"9,43 : 0.7299"
"43,9 : 0.7299"
"9,44 : 0.4982"
"44,9 : 0.4982"
"9,45 : 0.886"
"45,9 : 0.886"
"9,46 : 0.6649"
"46,9 : 0.6649"
"9,47 : 0.693"
"47,9 : 0.693"
"9,48 : 0.3276"
"48,9 : 0.3276"
"9,49 : 0.5315"
"49,9 : 0.5315"
"10,11 : 0.14"
"11,10 : 0.14"
"10,12 : 0.6041"
"12,10 : 0.6041"
"10,13 : 0.7018"
"13,10 : 0.7018"
"10,14 : 0.051"
"14,10 : 0.051"
"10,15 : 0.1513"
"15,10 : 0.1513"
"10,16 : 0.1628"
"16,10 : 0.1628"
"10,17 : 0.3007"
"17,10 : 0.3007"
"10,18 : 0.5301"
"18,10 : 0.5301"
"10,19 : 0.5109"
"19,10 : 0.5109"
"10,20 : 0.3265"
"20,10 : 0.3265"
"10,21 : 0.4173"
"21,10 : 0.4173"
"10,22 : 0.2807"
"22,10 : 0.2807"
"10,23 : 0.4934"
"23,10 : 0.4934"
"10,24 : 0.4085"
"24,10 : 0.4085"
"10,25 : 0.0539"
"25,10 : 0.0539"
"10,26 : 0.8631"
"26,10 : 0.8631"
"10,27 : 0.6236"
"27,10 : 0.6236"
"10,28 : 0.5235"
"28,10 : 0.5235"
"10,29 : 0.2052"
"29,10 : 0.2052"
"10,30 : 0.4885"
"30,10 : 0.4885"
"10,31 : 0.6307"
"31,10 : 0.6307"
"10,32 : 0.1838"
"32,10 : 0.1838"
"10,33 : 0.3214"
"33,10 : 0.3214"
"10,34 : 0.4713"
"34,10 : 0.4713"
"10,35 : 0.8184"
"35,10 : 0.8184"
"10,36 : 0.2335"
"36,10 : 0.2335"
"10,37 : 0.3102"
"37,10 : 0.3102"
"10,38 : 0.58"
"38,10 : 0.58"
"10,39 : 0.6847"
"39,10 : 0.6847"
"10,40 : 0.3536"
"40,10 : 0.3536"
"10,41 : 0.5061"
"41,10 : 0.5061"
"10,42 : 0.5"
"42,10 : 0.5"
"10,43 : 0.6912"
"43,10 : 0.6912"
"10,44 : 0.661"
"44,10 : 0.661"
"10,45 : 0.9688"
"45,10 : 0.9688"
"10,46 : 0.6888"
"46,10 : 0.6888"
"10,47 : 0.7963"
"47,10 : 0.7963"
"10,48 : 0.4617"
"48,10 : 0.4617"
"10,49 : 0.5595"
"49,10 : 0.5595"
"11,12 : 0.4653"
"12,11 : 0.4653"
"11,13 : 0.6191"
"13,11 : 0.6191"
"11,14 : 0.1903"
"14,11 : 0.1903"
"11,15 : 0.0224"
"15,11 : 0.0224"
"11,16 : 0.2773"
"16,11 : 0.2773"
"11,17 : 0.1612"
"17,11 : 0.1612"
"11,18 : 0.5508"
"18,11 : 0.5508"
"11,19 : 0.5376"
"19,11 : 0.5376"
"11,20 : 0.2121"
"20,11 : 0.2121"
"11,21 : 0.3312"
"21,11 : 0.3312"
"11,22 : 0.1414"
"22,11 : 0.1414"
"11,23 : 0.5523"
"23,11 : 0.5523"
"11,24 : 0.3801"
"24,11 : 0.3801"
"11,25 : 0.0922"
"25,11 : 0.0922"
"11,26 : 0.7742"
"26,11 : 0.7742"
"11,27 : 0.6007"
"27,11 : 0.6007"
"11,28 : 0.4061"
"28,11 : 0.4061"
"11,29 : 0.322"
"29,11 : 0.322"
"11,30 : 0.4528"
"30,11 : 0.4528"
"11,31 : 0.6395"
"31,11 : 0.6395"
"11,32 : 0.1838"
"32,11 : 0.1838"
"11,33 : 0.3624"
"33,11 : 0.3624"
"11,34 : 0.3401"
"34,11 : 0.3401"
"11,35 : 0.7043"
"35,11 : 0.7043"
"11,36 : 0.2508"
"36,11 : 0.2508"
"11,37 : 0.4501"
"37,11 : 0.4501"
"11,38 : 0.4883"
"38,11 : 0.4883"
"11,39 : 0.5459"
"39,11 : 0.5459"
"11,40 : 0.3982"
"40,11 : 0.3982"
"11,41 : 0.4346"
"41,11 : 0.4346"
"11,42 : 0.4308"
"42,11 : 0.4308"
"11,43 : 0.5515"
"43,11 : 0.5515"
"11,44 : 0.7001"
"44,11 : 0.7001"
"11,45 : 0.8762"
"45,11 : 0.8762"
"11,46 : 0.566"
"46,11 : 0.566"
"11,47 : 0.7245"
"47,11 : 0.7245"
"11,48 : 0.44"
"48,11 : 0.44"
"11,49 : 0.442"
"49,11 : 0.442"
"12,13 : 0.4808"
"13,12 : 0.4808"
"12,14 : 0.6549"
"14,12 : 0.6549"
"12,15 : 0.4589"
"15,12 : 0.4589"
"12,16 : 0.735"
"16,12 : 0.735"
"12,17 : 0.3132"
"17,12 : 0.3132"
"12,18 : 0.764"
"18,12 : 0.764"
"12,19 : 0.7684"
"19,12 : 0.7684"
"12,20 : 0.3801"
"20,12 : 0.3801"
"12,21 : 0.372"
"21,12 : 0.372"
"12,22 : 0.3239"
"22,12 : 0.3239"
"12,23 : 0.85"
"23,12 : 0.85"
"12,24 : 0.5464"
"24,12 : 0.5464"
"12,25 : 0.5573"
"25,12 : 0.5573"
"12,26 : 0.5601"
"26,12 : 0.5601"
"12,27 : 0.6825"
"27,12 : 0.6825"
"12,28 : 0.228"
"28,12 : 0.228"
"12,29 : 0.7788"
"29,12 : 0.7788"
"12,30 : 0.559"
"30,12 : 0.559"
"12,31 : 0.7991"
"31,12 : 0.7991"
"12,32 : 0.5818"
"32,12 : 0.5818"
"12,33 : 0.6778"
"33,12 : 0.6778"
"12,34 : 0.2581"
"34,12 : 0.2581"
"12,35 : 0.3808"
"35,12 : 0.3808"
"12,36 : 0.5824"
"36,12 : 0.5824"
"12,37 : 0.912"
"37,12 : 0.912"
"12,38 : 0.3759"
"38,12 : 0.3759"
"12,39 : 0.0806"
"39,12 : 0.0806"
"12,40 : 0.7077"
"40,12 : 0.7077"
"12,41 : 0.4393"
"41,12 : 0.4393"
"12,42 : 0.446"
"42,12 : 0.446"
"12,43 : 0.0949"
"43,12 : 0.0949"
"12,44 : 0.9246"
"44,12 : 0.9246"
"12,45 : 0.6251"
"45,12 : 0.6251"
"12,46 : 0.2309"
"46,12 : 0.2309"
"12,47 : 0.5967"
"47,12 : 0.5967"
"12,48 : 0.5903"
"48,12 : 0.5903"
"12,49 : 0.2283"
"49,12 : 0.2283"
"13,14 : 0.7428"
"14,13 : 0.7428"
"13,15 : 0.6313"
"15,13 : 0.6313"
"13,16 : 0.8645"
"16,13 : 0.8645"
"13,17 : 0.5728"
"17,13 : 0.5728"
"13,18 : 0.47"
"18,13 : 0.47"
"13,19 : 0.4904"
"19,13 : 0.4904"
"13,20 : 0.7009"
"20,13 : 0.7009"
"13,21 : 0.2884"
"21,13 : 0.2884"
"13,22 : 0.5408"
"22,13 : 0.5408"
"13,23 : 0.6129"
"23,13 : 0.6129"
"13,24 : 0.3444"
"24,13 : 0.3444"
"13,25 : 0.686"
"25,13 : 0.686"
"13,26 : 0.164"
"26,13 : 0.164"
"13,27 : 0.2983"
"27,13 : 0.2983"
"13,28 : 0.28"
"28,13 : 0.28"
"13,29 : 0.9061"
"29,13 : 0.9061"
"13,30 : 0.2816"
"30,13 : 0.2816"
"13,31 : 0.4415"
"31,13 : 0.4415"
"13,32 : 0.8013"
"32,13 : 0.8013"
"13,33 : 0.5331"
"33,13 : 0.5331"
"13,34 : 0.6701"
"34,13 : 0.6701"
"13,35 : 0.247"
"35,13 : 0.247"
"13,36 : 0.5161"
"36,13 : 0.5161"
"13,37 : 0.9291"
"37,13 : 0.9291"
"13,38 : 0.136"
"38,13 : 0.136"
"13,39 : 0.5009"
"39,13 : 0.5009"
"13,40 : 0.5408"
"40,13 : 0.5408"
"13,41 : 0.1985"
"41,13 : 0.1985"
"13,42 : 0.2062"
"42,13 : 0.2062"
"13,43 : 0.5413"
"43,13 : 0.5413"
"13,44 : 0.5923"
"44,13 : 0.5923"
"13,45 : 0.272"
"45,13 : 0.272"
"13,46 : 0.2802"
"46,13 : 0.2802"
"13,47 : 0.12"
"47,13 : 0.12"
"13,48 : 0.3324"
"48,13 : 0.3324"
"13,49 : 0.2617"
"49,13 : 0.2617"
"14,15 : 0.2002"
"15,14 : 0.2002"
"14,16 : 0.1253"
"16,14 : 0.1253"
"14,17 : 0.3501"
"17,14 : 0.3501"
"14,18 : 0.5415"
"18,14 : 0.5415"
"14,19 : 0.5204"
"19,14 : 0.5204"
"14,20 : 0.3677"
"20,14 : 0.3677"
"14,21 : 0.461"
"21,14 : 0.461"
"14,22 : 0.3314"
"22,14 : 0.3314"
"14,23 : 0.4903"
"23,14 : 0.4903"
"14,24 : 0.4383"
"24,14 : 0.4383"
"14,25 : 0.1005"
"25,14 : 0.1005"
"14,26 : 0.9051"
"26,14 : 0.9051"
"14,27 : 0.6485"
"27,14 : 0.6485"
"14,28 : 0.5725"
"28,14 : 0.5725"
"14,29 : 0.164"
"29,14 : 0.164"
"14,30 : 0.5188"
"30,14 : 0.5188"
"14,31 : 0.645"
"31,14 : 0.645"
"14,32 : 0.2"
"32,14 : 0.2"
"14,33 : 0.3306"
"33,14 : 0.3306"
"14,34 : 0.5166"
"34,14 : 0.5166"
"14,35 : 0.8661"
"35,14 : 0.8661"
"14,36 : 0.2563"
"36,14 : 0.2563"
"14,37 : 0.2608"
"37,14 : 0.2608"
"14,38 : 0.6237"
"38,14 : 0.6237"
"14,39 : 0.7355"
"39,14 : 0.7355"
"14,40 : 0.36"
"40,14 : 0.36"
"14,41 : 0.5456"
"41,14 : 0.5456"
"14,42 : 0.5391"
"42,14 : 0.5391"
"14,43 : 0.7417"
"43,14 : 0.7417"
"14,44 : 0.6637"
"44,14 : 0.6637"
"14,45 : 1.0114"
"45,14 : 1.0114"
"14,46 : 0.7382"
"46,14 : 0.7382"
"14,47 : 0.8341"
"47,14 : 0.8341"
"14,48 : 0.4885"
"48,14 : 0.4885"
"14,49 : 0.6083"
"49,14 : 0.6083"
"15,16 : 0.2786"
"16,15 : 0.2786"
"15,17 : 0.15"
"17,15 : 0.15"
"15,18 : 0.5728"
"18,15 : 0.5728"
"15,19 : 0.5597"
"19,15 : 0.5597"
"15,20 : 0.191"
"20,15 : 0.191"
"15,21 : 0.3444"
"21,15 : 0.3444"
"15,22 : 0.136"
"22,15 : 0.136"
"15,23 : 0.5745"
"23,15 : 0.5745"
"15,24 : 0.4"
"24,15 : 0.4"
"15,25 : 0.1"
"25,15 : 0.1"
"15,26 : 0.7849"
"26,15 : 0.7849"
"15,27 : 0.6203"
"27,15 : 0.6203"
"15,28 : 0.4111"
"28,15 : 0.4111"
"15,29 : 0.3231"
"29,15 : 0.3231"
"15,30 : 0.4717"
"30,15 : 0.4717"
"15,31 : 0.661"
"31,15 : 0.661"
"15,32 : 0.17"
"32,15 : 0.17"
"15,33 : 0.3847"
"33,15 : 0.3847"
"15,34 : 0.3231"
"34,15 : 0.3231"
"15,35 : 0.7094"
"35,15 : 0.7094"
"15,36 : 0.2731"
"36,15 : 0.2731"
"15,37 : 0.461"
"37,15 : 0.461"
"15,38 : 0.4993"
"38,15 : 0.4993"
"15,39 : 0.5394"
"39,15 : 0.5394"
"15,40 : 0.4206"
"40,15 : 0.4206"
"15,41 : 0.4494"
"41,15 : 0.4494"
"15,42 : 0.446"
"42,15 : 0.446"
"15,43 : 0.5433"
"43,15 : 0.5433"
"15,44 : 0.7224"
"44,15 : 0.7224"
"15,45 : 0.886"
"45,15 : 0.886"
"15,46 : 0.5686"
"46,15 : 0.5686"
"15,47 : 0.7382"
"47,15 : 0.7382"
"15,48 : 0.4601"
"48,15 : 0.4601"
"15,49 : 0.4469"
"49,15 : 0.4469"
"16,17 : 0.422"
"17,16 : 0.422"
"16,18 : 0.6576"
"18,16 : 0.6576"
"16,19 : 0.6351"
"19,16 : 0.6351"
"16,20 : 0.4011"
"20,16 : 0.4011"
"16,21 : 0.5798"
"21,16 : 0.5798"
"16,22 : 0.4144"
"22,16 : 0.4144"
"16,23 : 0.5914"
"23,16 : 0.5914"
"16,24 : 0.5636"
"24,16 : 0.5636"
"16,25 : 0.1887"
"25,16 : 0.1887"
"16,26 : 1.0259"
"26,16 : 1.0259"
"16,27 : 0.7725"
"27,16 : 0.7725"
"16,28 : 0.6796"
"28,16 : 0.6796"
"16,29 : 0.0447"
"29,16 : 0.0447"
"16,30 : 0.6441"
"30,16 : 0.6441"
"16,31 : 0.763"
"31,16 : 0.763"
"16,32 : 0.1868"
"32,16 : 0.1868"
"16,33 : 0.4472"
"33,16 : 0.4472"
"16,34 : 0.5604"
"34,16 : 0.5604"
"16,35 : 0.9765"
"35,16 : 0.9765"
"16,36 : 0.3808"
"36,16 : 0.3808"
"16,37 : 0.2385"
"37,16 : 0.2385"
"16,38 : 0.7425"
"38,16 : 0.7425"
"16,39 : 0.8149"
"39,16 : 0.8149"
"16,40 : 0.4738"
"40,16 : 0.4738"
"16,41 : 0.6684"
"41,16 : 0.6684"
"16,42 : 0.6622"
"42,16 : 0.6622"
"16,43 : 0.8158"
"43,16 : 0.8158"
"16,44 : 0.7701"
"44,16 : 0.7701"
"16,45 : 1.1315"
"45,16 : 1.1315"
"16,46 : 0.8422"
"46,16 : 0.8422"
"16,47 : 0.958"
"47,16 : 0.958"
"16,48 : 0.6133"
"48,16 : 0.6133"
"16,49 : 0.7156"
"49,16 : 0.7156"
"17,18 : 0.6313"
"18,17 : 0.6313"
"17,19 : 0.6243"
"19,17 : 0.6243"
"17,20 : 0.1304"
"20,17 : 0.1304"
"17,21 : 0.31"
"21,17 : 0.31"
"17,22 : 0.0447"
"22,17 : 0.0447"
"17,23 : 0.6653"
"23,17 : 0.6653"
"17,24 : 0.4272"
"24,17 : 0.4272"
"17,25 : 0.25"
"25,17 : 0.25"
"17,26 : 0.7118"
"26,17 : 0.7118"
"17,27 : 0.6335"
"27,17 : 0.6335"
"17,28 : 0.3138"
"28,17 : 0.3138"
"17,29 : 0.4657"
"29,17 : 0.4657"
"17,30 : 0.4827"
"30,17 : 0.4827"
"17,31 : 0.7038"
"31,17 : 0.7038"
"17,32 : 0.2746"
"32,17 : 0.2746"
"17,33 : 0.4738"
"33,17 : 0.4738"
"17,34 : 0.1921"
"34,17 : 0.1921"
"17,35 : 0.6031"
"35,17 : 0.6031"
"17,36 : 0.3607"
"36,17 : 0.3607"
"17,37 : 0.6107"
"37,17 : 0.6107"
"17,38 : 0.4368"
"38,17 : 0.4368"
"17,39 : 0.3929"
"39,17 : 0.3929"
"17,40 : 0.5093"
"40,17 : 0.5093"
"17,41 : 0.4201"
"41,17 : 0.4201"
"17,42 : 0.42"
"42,17 : 0.42"
"17,43 : 0.3946"
"43,17 : 0.3946"
"17,44 : 0.7908"
"44,17 : 0.7908"
"17,45 : 0.8053"
"45,17 : 0.8053"
"17,46 : 0.4525"
"46,17 : 0.4525"
"17,47 : 0.6888"
"47,17 : 0.6888"
"17,48 : 0.487"
"48,17 : 0.487"
"17,49 : 0.3467"
"49,17 : 0.3467"
"18,19 : 0.0283"
"19,18 : 0.0283"
"18,20 : 0.7432"
"20,18 : 0.7432"
"18,21 : 0.392"
"21,18 : 0.392"
"18,22 : 0.5867"
"22,18 : 0.5867"
"18,23 : 0.1523"
"23,18 : 0.1523"
"18,24 : 0.2193"
"24,18 : 0.2193"
"18,25 : 0.5533"
"25,18 : 0.5533"
"18,26 : 0.6083"
"26,18 : 0.6083"
"18,27 : 0.1931"
"27,18 : 0.1931"
"18,28 : 0.5471"
"28,18 : 0.5471"
"18,29 : 0.6845"
"29,18 : 0.6845"
"18,30 : 0.2154"
"30,18 : 0.2154"
"18,31 : 0.1077"
"31,18 : 0.1077"
"18,32 : 0.7046"
"32,18 : 0.7046"
"18,33 : 0.211"
"33,18 : 0.211"
"18,34 : 0.8127"
"34,18 : 0.8127"
"18,35 : 0.7058"
"35,18 : 0.7058"
"18,36 : 0.3041"
"36,18 : 0.3041"
"18,37 : 0.6003"
"37,18 : 0.6003"
"18,38 : 0.4492"
"38,18 : 0.4492"
"18,39 : 0.8238"
"39,18 : 0.8238"
"18,40 : 0.1844"
"40,18 : 0.1844"
"18,41 : 0.3454"
"41,18 : 0.3454"
"18,42 : 0.3362"
"42,18 : 0.3362"
"18,43 : 0.8545"
"43,18 : 0.8545"
"18,44 : 0.1628"
"44,18 : 0.1628"
"18,45 : 0.7083"
"45,18 : 0.7083"
"18,46 : 0.6707"
"46,18 : 0.6707"
"18,47 : 0.4851"
"47,18 : 0.4851"
"18,48 : 0.1749"
"48,18 : 0.1749"
"18,49 : 0.5636"
"49,18 : 0.5636"
"19,20 : 0.7335"
"20,19 : 0.7335"
"19,21 : 0.3966"
"21,19 : 0.3966"
"19,22 : 0.5798"
"22,19 : 0.5798"
"19,23 : 0.1265"
"23,19 : 0.1265"
"19,24 : 0.222"
"24,19 : 0.222"
"19,25 : 0.536"
"25,19 : 0.536"
"19,26 : 0.6315"
"26,19 : 0.6315"
"19,27 : 0.2193"
"27,19 : 0.2193"
"19,28 : 0.5547"
"28,19 : 0.5547"
"19,29 : 0.661"
"29,19 : 0.661"
"19,30 : 0.228"
"30,19 : 0.228"
"19,31 : 0.1342"
"31,19 : 0.1342"
"19,32 : 0.6873"
"32,19 : 0.6873"
"19,33 : 0.19"
"33,19 : 0.19"
"19,34 : 0.808"
"34,19 : 0.808"
"19,35 : 0.7234"
"35,19 : 0.7234"
"19,36 : 0.2886"
"36,19 : 0.2886"
"19,37 : 0.5731"
"37,19 : 0.5731"
"19,38 : 0.4632"
"38,19 : 0.4632"
"19,39 : 0.8301"
"39,19 : 0.8301"
"19,40 : 0.1612"
"40,19 : 0.1612"
"19,41 : 0.3574"
"41,19 : 0.3574"
"19,42 : 0.3479"
"42,19 : 0.3479"
"19,43 : 0.8598"
"43,19 : 0.8598"
"19,44 : 0.1664"
"44,19 : 0.1664"
"19,45 : 0.7325"
"45,19 : 0.7325"
"19,46 : 0.6831"
"46,19 : 0.6831"
"19,47 : 0.5096"
"47,19 : 0.5096"
"19,48 : 0.1838"
"48,19 : 0.1838"
"19,49 : 0.5727"
"49,19 : 0.5727"
"20,21 : 0.4401"
"21,20 : 0.4401"
"20,22 : 0.1703"
"22,20 : 0.1703"
"20,23 : 0.7603"
"23,20 : 0.7603"
"20,24 : 0.5482"
"24,20 : 0.5482"
"20,25 : 0.2729"
"25,20 : 0.2729"
"20,26 : 0.8357"
"26,20 : 0.8357"
"20,27 : 0.7595"
"27,20 : 0.7595"
"20,28 : 0.4346"
"28,20 : 0.4346"
"20,29 : 0.4401"
"29,20 : 0.4401"
"20,30 : 0.6083"
"30,20 : 0.6083"
"20,31 : 0.8222"
"31,20 : 0.8222"
"20,32 : 0.2209"
"32,20 : 0.2209"
"20,33 : 0.5686"
"33,20 : 0.5686"
"20,34 : 0.1603"
"34,20 : 0.1603"
"20,35 : 0.7128"
"35,20 : 0.7128"
"20,36 : 0.4549"
"36,20 : 0.4549"
"20,37 : 0.621"
"37,20 : 0.621"
"20,38 : 0.5652"
"38,20 : 0.5652"
"20,39 : 0.4528"
"39,20 : 0.4528"
"20,40 : 0.6046"
"40,20 : 0.6046"
"20,41 : 0.5504"
"41,20 : 0.5504"
"20,42 : 0.5501"
"42,20 : 0.5501"
"20,43 : 0.4428"
"43,20 : 0.4428"
"20,44 : 0.8989"
"44,20 : 0.8989"
"20,45 : 0.9261"
"45,20 : 0.9261"
"20,46 : 0.558"
"46,20 : 0.558"
"20,47 : 0.8179"
"47,20 : 0.8179"
"20,48 : 0.6088"
"48,20 : 0.6088"
"20,49 : 0.4652"
"49,20 : 0.4652"
"21,22 : 0.2707"
"22,21 : 0.2707"
"21,23 : 0.4847"
"23,21 : 0.4847"
"21,24 : 0.1749"
"24,21 : 0.1749"
"21,25 : 0.3982"
"25,21 : 0.3982"
"21,26 : 0.4469"
"26,21 : 0.4469"
"21,27 : 0.3362"
"27,21 : 0.3362"
"21,28 : 0.1649"
"28,21 : 0.1649"
"21,29 : 0.6224"
"29,21 : 0.6224"
"21,30 : 0.1942"
"30,21 : 0.1942"
"21,31 : 0.4342"
"31,21 : 0.4342"
"21,32 : 0.5143"
"32,21 : 0.5143"
"21,33 : 0.3314"
"33,21 : 0.3314"
"21,34 : 0.4554"
"34,21 : 0.4554"
"21,35 : 0.4179"
"35,21 : 0.4179"
"21,36 : 0.2668"
"36,21 : 0.2668"
"21,37 : 0.6712"
"37,21 : 0.6712"
"21,38 : 0.1628"
"38,21 : 0.1628"
"21,39 : 0.4342"
"39,21 : 0.4342"
"21,40 : 0.3551"
"40,21 : 0.3551"
"21,41 : 0.1105"
"41,21 : 0.1105"
"21,42 : 0.11"
"42,21 : 0.11"
"21,43 : 0.4632"
"43,21 : 0.4632"
"21,44 : 0.5532"
"44,21 : 0.5532"
"21,45 : 0.5517"
"45,21 : 0.5517"
"21,46 : 0.3202"
"46,21 : 0.3202"
"21,47 : 0.394"
"47,21 : 0.394"
"21,48 : 0.2193"
"48,21 : 0.2193"
"21,49 : 0.191"
"49,21 : 0.191"
"22,23 : 0.6224"
"23,22 : 0.6224"
"22,24 : 0.3828"
"24,22 : 0.3828"
"22,25 : 0.2335"
"25,22 : 0.2335"
"22,26 : 0.6843"
"26,22 : 0.6843"
"22,27 : 0.5903"
"27,22 : 0.5903"
"22,28 : 0.2921"
"28,22 : 0.2921"
"22,29 : 0.4588"
"29,22 : 0.4588"
"22,30 : 0.4393"
"30,22 : 0.4393"
"22,31 : 0.6592"
"31,22 : 0.6592"
"22,32 : 0.2832"
"32,22 : 0.2832"
"22,33 : 0.4314"
"33,22 : 0.4314"
"22,34 : 0.2335"
"34,22 : 0.2335"
"22,35 : 0.5869"
"35,22 : 0.5869"
"22,36 : 0.3189"
"36,22 : 0.3189"
"22,37 : 0.5901"
"37,22 : 0.5901"
"22,38 : 0.405"
"38,22 : 0.405"
"22,39 : 0.4045"
"39,22 : 0.4045"
"22,40 : 0.4667"
"40,22 : 0.4667"
"22,41 : 0.3812"
"41,22 : 0.3812"
"22,42 : 0.3805"
"42,22 : 0.3805"
"22,43 : 0.4105"
"43,22 : 0.4105"
"22,44 : 0.7463"
"44,22 : 0.7463"
"22,45 : 0.7803"
"45,22 : 0.7803"
"22,46 : 0.4405"
"46,22 : 0.4405"
"22,47 : 0.6552"
"47,22 : 0.6552"
"22,48 : 0.4427"
"48,22 : 0.4427"
"22,49 : 0.3265"
"49,22 : 0.3265"
"23,24 : 0.3132"
"24,23 : 0.3132"
"23,25 : 0.5292"
"25,23 : 0.5292"
"23,26 : 0.7571"
"26,23 : 0.7571"
"23,27 : 0.3454"
"27,23 : 0.3454"
"23,28 : 0.6485"
"28,23 : 0.6485"
"23,29 : 0.61"
"29,23 : 0.61"
"23,30 : 0.3406"
"30,23 : 0.3406"
"23,31 : 0.2408"
"31,23 : 0.2408"
"23,32 : 0.6768"
"32,23 : 0.6768"
"23,33 : 0.1921"
"33,23 : 0.1921"
"23,34 : 0.8556"
"34,23 : 0.8556"
"23,35 : 0.8405"
"35,23 : 0.8405"
"23,36 : 0.3061"
"36,23 : 0.3061"
"23,37 : 0.487"
"37,23 : 0.487"
"23,38 : 0.5743"
"38,23 : 0.5743"
"23,39 : 0.9171"
"39,23 : 0.9171"
"23,40 : 0.1562"
"40,23 : 0.1562"
"23,41 : 0.4653"
"41,23 : 0.4653"
"23,42 : 0.4554"
"42,23 : 0.4554"
"23,43 : 0.9437"
"43,23 : 0.9437"
"23,44 : 0.1825"
"44,23 : 0.1825"
"23,45 : 0.8587"
"45,23 : 0.8587"
"23,46 : 0.7885"
"46,23 : 0.7885"
"23,47 : 0.636"
"47,23 : 0.636"
"23,48 : 0.2915"
"48,23 : 0.2915"
"23,49 : 0.6705"
"49,23 : 0.6705"
"24,25 : 0.4123"
"25,24 : 0.4123"
"24,26 : 0.5061"
"26,24 : 0.5061"
"24,27 : 0.2209"
"27,24 : 0.2209"
"24,28 : 0.3362"
"28,24 : 0.3362"
"24,29 : 0.6003"
"29,24 : 0.6003"
"24,30 : 0.0806"
"30,24 : 0.0806"
"24,31 : 0.2773"
"31,24 : 0.2773"
"24,32 : 0.5558"
"32,24 : 0.5558"
"24,33 : 0.1897"
"33,24 : 0.1897"
"24,34 : 0.6003"
"34,24 : 0.6003"
"24,35 : 0.5433"
"35,24 : 0.5433"
"24,36 : 0.186"
"36,24 : 0.186"
"24,37 : 0.5903"
"37,24 : 0.5903"
"24,38 : 0.2707"
"38,24 : 0.2707"
"24,39 : 0.609"
"39,24 : 0.609"
"24,40 : 0.2022"
"40,24 : 0.2022"
"24,41 : 0.1612"
"41,24 : 0.1612"
"24,42 : 0.1513"
"42,24 : 0.1513"
"24,43 : 0.6381"
"43,24 : 0.6381"
"24,44 : 0.3818"
"44,24 : 0.3818"
"24,45 : 0.614"
"45,24 : 0.614"
"24,46 : 0.4768"
"46,24 : 0.4768"
"24,47 : 0.4111"
"47,24 : 0.4111"
"24,48 : 0.0608"
"48,24 : 0.0608"
"24,49 : 0.3574"
"49,24 : 0.3574"
"25,26 : 0.845"
"26,25 : 0.845"
"25,27 : 0.6315"
"27,25 : 0.6315"
"25,28 : 0.4909"
"28,25 : 0.4909"
"25,29 : 0.2332"
"29,25 : 0.2332"
"25,30 : 0.4904"
"30,25 : 0.4904"
"25,31 : 0.6503"
"31,25 : 0.6503"
"25,32 : 0.1513"
"32,25 : 0.1513"
"25,33 : 0.3493"
"33,25 : 0.3493"
"25,34 : 0.4176"
"34,25 : 0.4176"
"25,35 : 0.7882"
"35,25 : 0.7882"
"25,36 : 0.2502"
"36,25 : 0.2502"
"25,37 : 0.3612"
"37,25 : 0.3612"
"25,38 : 0.5597"
"38,25 : 0.5597"
"25,39 : 0.6379"
"39,25 : 0.6379"
"25,40 : 0.3833"
"40,25 : 0.3833"
"25,41 : 0.494"
"41,25 : 0.494"
"25,42 : 0.4888"
"42,25 : 0.4888"
"25,43 : 0.6428"
"43,25 : 0.6428"
"25,44 : 0.6912"
"44,25 : 0.6912"
"25,45 : 0.9492"
"45,25 : 0.9492"
"25,46 : 0.6537"
"46,25 : 0.6537"
"25,47 : 0.7855"
"47,25 : 0.7855"
"25,48 : 0.4687"
"48,25 : 0.4687"
"25,49 : 0.527"
"49,25 : 0.527"
"26,27 : 0.4211"
"27,26 : 0.4211"
"26,28 : 0.4016"
"28,26 : 0.4016"
"26,29 : 1.0679"
"29,26 : 1.0679"
"26,30 : 0.4386"
"30,26 : 0.4386"
"26,31 : 0.56"
"31,26 : 0.56"
"26,32 : 0.9541"
"32,26 : 0.9541"
"26,33 : 0.6932"
"33,26 : 0.6932"
"26,34 : 0.7826"
"34,26 : 0.7826"
"26,35 : 0.2147"
"35,26 : 0.2147"
"26,36 : 0.6801"
"36,26 : 0.6801"
"26,37 : 1.0929"
"37,26 : 1.0929"
"26,38 : 0.286"
"38,26 : 0.286"
"26,39 : 0.5573"
"39,26 : 0.5573"
"26,40 : 0.6986"
"40,26 : 0.6986"
"26,41 : 0.3624"
"41,26 : 0.3624"
"26,42 : 0.3701"
"42,26 : 0.3701"
"26,43 : 0.5984"
"43,26 : 0.5984"
"26,44 : 0.7103"
"44,26 : 0.7103"
"26,45 : 0.1082"
"45,26 : 0.1082"
"26,46 : 0.3314"
"46,26 : 0.3314"
"26,47 : 0.1315"
"47,26 : 0.1315"
"26,48 : 0.4885"
"48,26 : 0.4885"
"26,49 : 0.3736"
"49,26 : 0.3736"
"27,28 : 0.4545"
"28,27 : 0.4545"
"27,29 : 0.8062"
"29,27 : 0.8062"
"27,30 : 0.1513"
"30,27 : 0.1513"
"27,31 : 0.1432"
"31,27 : 0.1432"
"27,32 : 0.7765"
"32,27 : 0.7765"
"27,33 : 0.3441"
"33,27 : 0.3441"
"27,34 : 0.7912"
"34,27 : 0.7912"
"27,35 : 0.5441"
"35,27 : 0.5441"
"27,36 : 0.3922"
"36,27 : 0.3922"
"27,37 : 0.7606"
"37,27 : 0.7606"
"27,38 : 0.3202"
"38,27 : 0.3202"
"27,39 : 0.7284"
"39,27 : 0.7284"
"27,40 : 0.333"
"40,27 : 0.333"
"27,41 : 0.2441"
"41,27 : 0.2441"
"27,42 : 0.2385"
"42,27 : 0.2385"
"27,43 : 0.7642"
"43,27 : 0.7642"
"27,44 : 0.2943"
"44,27 : 0.2943"
"27,45 : 0.5179"
"45,27 : 0.5179"
"27,46 : 0.5408"
"46,27 : 0.5408"
"27,47 : 0.2943"
"47,27 : 0.2943"
"27,48 : 0.1628"
"48,27 : 0.1628"
"27,49 : 0.4597"
"49,27 : 0.4597"
"28,29 : 0.724"
"29,28 : 0.724"
"28,30 : 0.336"
"30,28 : 0.336"
"28,31 : 0.5738"
"31,28 : 0.5738"
"28,32 : 0.5731"
"32,28 : 0.5731"
"28,33 : 0.495"
"33,28 : 0.495"
"28,34 : 0.3901"
"34,28 : 0.3901"
"28,35 : 0.2983"
"35,28 : 0.2983"
"28,36 : 0.4205"
"36,28 : 0.4205"
"28,37 : 0.8065"
"37,28 : 0.8065"
"28,38 : 0.1552"
"38,28 : 0.1552"
"28,39 : 0.278"
"39,28 : 0.278"
"28,40 : 0.5197"
"40,28 : 0.5197"
"28,41 : 0.2121"
"41,28 : 0.2121"
"28,42 : 0.2193"
"42,28 : 0.2193"
"28,43 : 0.3114"
"43,28 : 0.3114"
"28,44 : 0.7046"
"44,28 : 0.7046"
"28,45 : 0.4919"
"45,28 : 0.4919"
"28,46 : 0.1676"
"46,28 : 0.1676"
"28,47 : 0.4"
"47,28 : 0.4"
"28,48 : 0.3722"
"48,28 : 0.3722"
"28,49 : 0.0361"
"49,28 : 0.0361"
"29,30 : 0.681"
"30,29 : 0.681"
"29,31 : 0.7908"
"31,29 : 0.7908"
"29,32 : 0.222"
"32,29 : 0.222"
"29,33 : 0.4754"
"33,29 : 0.4754"
"29,34 : 0.6"
"34,29 : 0.6"
"29,35 : 1.0208"
"35,29 : 1.0208"
"29,36 : 0.4159"
"36,29 : 0.4159"
"29,37 : 0.2193"
"37,29 : 0.2193"
"29,38 : 0.7852"
"38,29 : 0.7852"
"29,39 : 0.8587"
"39,29 : 0.8587"
"29,40 : 0.5001"
"40,29 : 0.5001"
"29,41 : 0.7094"
"41,29 : 0.7094"
"29,42 : 0.7029"
"42,29 : 0.7029"
"29,43 : 0.8591"
"43,29 : 0.8591"
"29,44 : 0.7906"
"44,29 : 0.7906"
"29,45 : 1.1738"
"45,29 : 1.1738"
"29,46 : 0.8868"
"46,29 : 0.8868"
"29,47 : 0.9981"
"47,29 : 0.9981"
"29,48 : 0.6485"
"48,29 : 0.6485"
"29,49 : 0.7601"
"49,29 : 0.7601"
"30,31 : 0.2408"
"31,30 : 0.2408"
"30,32 : 0.6315"
"32,30 : 0.6315"
"30,33 : 0.2555"
"33,30 : 0.2555"
"30,34 : 0.6447"
"34,30 : 0.6447"
"30,35 : 0.5001"
"35,30 : 0.5001"
"30,36 : 0.2663"
"36,30 : 0.2663"
"30,37 : 0.666"
"37,30 : 0.666"
"30,38 : 0.2354"
"38,30 : 0.2354"
"30,39 : 0.614"
"39,30 : 0.614"
"30,40 : 0.26"
"40,30 : 0.26"
"30,41 : 0.13"
"41,30 : 0.13"
"30,42 : 0.1208"
"42,30 : 0.1208"
"30,43 : 0.6466"
"43,30 : 0.6466"
"30,44 : 0.3689"
"44,30 : 0.3689"
"30,45 : 0.5456"
"45,30 : 0.5456"
"30,46 : 0.4554"
"46,30 : 0.4554"
"30,47 : 0.336"
"47,30 : 0.336"
"30,48 : 0.051"
"48,30 : 0.051"
"30,49 : 0.3499"
"49,30 : 0.3499"
"31,32 : 0.801"
"32,31 : 0.801"
"31,33 : 0.3158"
"33,31 : 0.3158"
"31,34 : 0.8771"
"34,31 : 0.8771"
"31,35 : 0.6868"
"35,31 : 0.6868"
"31,36 : 0.4001"
"36,31 : 0.4001"
"31,37 : 0.7071"
"37,31 : 0.7071"
"31,38 : 0.4528"
"38,31 : 0.4528"
"31,39 : 0.8515"
"39,31 : 0.8515"
"31,40 : 0.2912"
"40,31 : 0.2912"
"31,41 : 0.3624"
"41,31 : 0.3624"
"31,42 : 0.3547"
"42,31 : 0.3547"
"31,43 : 0.8853"
"43,31 : 0.8853"
"31,44 : 0.1513"
"44,31 : 0.1513"
"31,45 : 0.6528"
"45,31 : 0.6528"
"31,46 : 0.676"
"46,31 : 0.676"
"31,47 : 0.4305"
"47,31 : 0.4305"
"31,48 : 0.2195"
"48,31 : 0.2195"
"31,49 : 0.5841"
"49,31 : 0.5841"
"32,33 : 0.5001"
"33,32 : 0.5001"
"32,34 : 0.3812"
"34,32 : 0.3812"
"32,35 : 0.8698"
"35,32 : 0.8698"
"32,36 : 0.4011"
"36,32 : 0.4011"
"32,37 : 0.4205"
"37,32 : 0.4205"
"32,38 : 0.6689"
"38,32 : 0.6689"
"32,39 : 0.6592"
"39,32 : 0.6592"
"32,40 : 0.5337"
"40,32 : 0.5337"
"32,41 : 0.6185"
"41,32 : 0.6185"
"32,42 : 0.6147"
"42,32 : 0.6147"
"32,43 : 0.6546"
"43,32 : 0.6546"
"32,44 : 0.8417"
"44,32 : 0.8417"
"32,45 : 1.0544"
"45,32 : 1.0544"
"32,46 : 0.7235"
"46,32 : 0.7235"
"32,47 : 0.908"
"47,32 : 0.908"
"32,48 : 0.614"
"48,32 : 0.614"
"32,49 : 0.6083"
"49,32 : 0.6083"
"33,34 : 0.6648"
"34,33 : 0.6648"
"33,35 : 0.7299"
"35,33 : 0.7299"
"33,36 : 0.114"
"36,33 : 0.114"
"33,37 : 0.4177"
"37,33 : 0.4177"
"33,38 : 0.4571"
"38,33 : 0.4571"
"33,39 : 0.7495"
"39,33 : 0.7495"
"33,40 : 0.0361"
"40,33 : 0.0361"
"33,41 : 0.3493"
"41,33 : 0.3493"
"33,42 : 0.3396"
"42,33 : 0.3396"
"33,43 : 0.7725"
"43,33 : 0.7725"
"33,44 : 0.3421"
"44,33 : 0.3421"
"33,45 : 0.8006"
"45,33 : 0.8006"
"33,46 : 0.6503"
"46,33 : 0.6503"
"33,47 : 0.5908"
"47,33 : 0.5908"
"33,48 : 0.2081"
"48,33 : 0.2081"
"33,49 : 0.5224"
"49,33 : 0.5224"
"34,35 : 0.6277"
"35,34 : 0.6277"
"34,36 : 0.5523"
"36,34 : 0.5523"
"34,37 : 0.7747"
"37,34 : 0.7747"
"34,38 : 0.5408"
"38,34 : 0.5408"
"34,39 : 0.3183"
"39,34 : 0.3183"
"34,40 : 0.7001"
"40,34 : 0.7001"
"34,41 : 0.5579"
"41,34 : 0.5579"
"34,42 : 0.5604"
"42,34 : 0.5604"
"34,43 : 0.3"
"43,34 : 0.3"
"34,44 : 0.9742"
"44,34 : 0.9742"
"34,45 : 0.8613"
"45,34 : 0.8613"
"34,46 : 0.4717"
"46,34 : 0.4717"
"34,47 : 0.7901"
"47,34 : 0.7901"
"34,48 : 0.6576"
"48,34 : 0.6576"
"34,49 : 0.4119"
"49,34 : 0.4119"
"35,36 : 0.6831"
"36,35 : 0.6831"
"35,37 : 1.0885"
"37,35 : 1.0885"
"35,38 : 0.2729"
"38,35 : 0.2729"
"35,39 : 0.3601"
"39,35 : 0.3601"
"35,40 : 0.7455"
"40,35 : 0.7455"
"35,41 : 0.3821"
"41,35 : 0.3821"
"35,42 : 0.392"
"42,35 : 0.392"
"35,43 : 0.4"
"43,35 : 0.4"
"35,44 : 0.8368"
"44,35 : 0.8368"
"35,45 : 0.2502"
"45,35 : 0.2502"
"35,46 : 0.1565"
"46,35 : 0.1565"
"35,47 : 0.3114"
"47,35 : 0.3114"
"35,48 : 0.55"
"48,35 : 0.55"
"35,49 : 0.2625"
"49,35 : 0.2625"
"36,37 : 0.4134"
"37,36 : 0.4134"
"36,38 : 0.4163"
"38,36 : 0.4163"
"36,39 : 0.6573"
"39,36 : 0.6573"
"36,40 : 0.15"
"40,36 : 0.15"
"36,41 : 0.3191"
"41,36 : 0.3191"
"36,42 : 0.3106"
"42,36 : 0.3106"
"36,43 : 0.6772"
"43,36 : 0.6772"
"36,44 : 0.4494"
"44,36 : 0.4494"
"36,45 : 0.7882"
"45,36 : 0.7882"
"36,46 : 0.5842"
"46,36 : 0.5842"
"36,47 : 0.594"
"47,36 : 0.594"
"36,48 : 0.2326"
"48,36 : 0.2326"
"36,49 : 0.4518"
"49,36 : 0.4518"
"37,38 : 0.8276"
"38,37 : 0.8276"
"37,39 : 0.9925"
"39,37 : 0.9925"
"37,40 : 0.428"
"40,37 : 0.428"
"37,41 : 0.7325"
"41,37 : 0.7325"
"37,42 : 0.724"
"42,37 : 0.724"
"37,43 : 1.0004"
"43,37 : 1.0004"
"37,44 : 0.6676"
"44,37 : 0.6676"
"37,45 : 1.201"
"45,37 : 1.201"
"37,46 : 0.9742"
"46,37 : 0.9742"
"37,47 : 1.0012"
"47,37 : 1.0012"
"37,48 : 0.6224"
"48,37 : 0.6224"
"37,49 : 0.8412"
"49,37 : 0.8412"
"38,39 : 0.4123"
"39,38 : 0.4123"
"38,40 : 0.4727"
"40,38 : 0.4727"
"38,41 : 0.11"
"41,38 : 0.11"
"38,42 : 0.12"
"42,38 : 0.12"
"38,43 : 0.45"
"43,38 : 0.45"
"38,44 : 0.5951"
"44,38 : 0.5951"
"38,45 : 0.3895"
"45,38 : 0.3895"
"38,46 : 0.2236"
"46,38 : 0.2236"
"38,47 : 0.2532"
"47,38 : 0.2532"
"38,48 : 0.2828"
"48,38 : 0.2828"
"38,49 : 0.1476"
"49,38 : 0.1476"
"39,40 : 0.7783"
"40,39 : 0.7783"
"39,41 : 0.4892"
"41,39 : 0.4892"
"39,42 : 0.4968"
"42,39 : 0.4968"
"39,43 : 0.0412"
"43,39 : 0.0412"
"39,44 : 0.9823"
"44,39 : 0.9823"
"39,45 : 0.61"
"45,39 : 0.61"
"39,46 : 0.228"
"46,39 : 0.228"
"39,47 : 0.611"
"47,39 : 0.611"
"39,48 : 0.649"
"48,39 : 0.649"
"39,49 : 0.2687"
"49,39 : 0.2687"
"40,41 : 0.3635"
"41,40 : 0.3635"
"40,42 : 0.3536"
"42,40 : 0.3536"
"40,43 : 0.8023"
"43,40 : 0.8023"
"40,44 : 0.3081"
"44,40 : 0.3081"
"40,45 : 0.8053"
"45,40 : 0.8053"
"40,46 : 0.6719"
"46,40 : 0.6719"
"40,47 : 0.5917"
"47,40 : 0.5917"
"40,48 : 0.2102"
"48,40 : 0.2102"
"40,49 : 0.5459"
"49,40 : 0.5459"
"41,42 : 0.01"
"42,41 : 0.01"
"41,43 : 0.5235"
"43,41 : 0.5235"
"41,44 : 0.4974"
"44,41 : 0.4974"
"41,45 : 0.4701"
"45,41 : 0.4701"
"41,46 : 0.3257"
"46,41 : 0.3257"
"41,47 : 0.2915"
"47,41 : 0.2915"
"41,48 : 0.1746"
"48,41 : 0.1746"
"41,49 : 0.222"
"49,41 : 0.222"
"42,43 : 0.5308"
"43,42 : 0.5308"
"42,44 : 0.4888"
"44,42 : 0.4888"
"42,45 : 0.478"
"45,42 : 0.478"
"42,46 : 0.3353"
"46,42 : 0.3353"
"42,47 : 0.2968"
"47,42 : 0.2968"
"42,48 : 0.1649"
"48,42 : 0.1649"
"42,49 : 0.2302"
"49,42 : 0.2302"
"43,44 : 1.014"
