x,y
0.66,0.2
0.38,0.21
0.21,0.66
0.04,0.67
0.54,0.45
0.04,0.24
0.83,0.79
0.27,0.64
0.22,0.02
0.16,0.77
0.29,0.12
0.69,0.78
0.28,0.28
0.47,0.9
0.67,0.46
0.01,0.62
0.31,0.77
0.11,0.5
0.44,0.84
0.67,0.71
0.02,0.93
0.12,0.96
0.88,0.15
0.58,0.14
0.01,0.91
0.45,0.31
0.12,0.5
0.05,0.52
0.83,0.91
0.07,0.88
0.32,0.79
0.4,0.07
0.35,0.44
0.01,0.62
0.54,0.77
0.83,0.55
0.38,0.47
0.22,0.39
0.6,0.39
0.64,0.86
0.98,0.04
0.35,0.95
0.87,0.12
0.63,0.74
0.08,0.16
0.77,0.99
0.16,0.78
0.79,0.12
0.01,0.59
0.98,0.93

Distanze
"0,1 : 0.2802"
"1,0 : 0.2802"
"0,2 : 0.6435"
"2,0 : 0.6435"
"0,3 : 0.778"
"3,0 : 0.778"
"0,4 : 0.2773"
"4,0 : 0.2773"
"0,5 : 0.6213"
"5,0 : 0.6213"
"0,6 : 0.614"
"6,0 : 0.614"
"0,7 : 0.588"
"7,0 : 0.588"
"0,8 : 0.4754"
"8,0 : 0.4754"
"0,9 : 0.7582"
"9,0 : 0.7582"
"0,10 : 0.3785"
"10,0 : 0.3785"
"0,11 : 0.5808"
"11,0 : 0.5808"
"0,12 : 0.3883"
"12,0 : 0.3883"
"0,13 : 0.7253"
"13,0 : 0.7253"
"0,14 : 0.2602"
"14,0 : 0.2602"
"0,15 : 0.7739"
"15,0 : 0.7739"
"0,16 : 0.6689"
"16,0 : 0.6689"
"0,17 : 0.6265"
"17,0 : 0.6265"
"0,18 : 0.6768"
"18,0 : 0.6768"
"0,19 : 0.5101"
"19,0 : 0.5101"
"0,20 : 0.9708"
"20,0 : 0.9708"
"0,21 : 0.9323"
"21,0 : 0.9323"
"0,22 : 0.2256"
"22,0 : 0.2256"
"0,23 : 0.1"
"23,0 : 0.1"
"0,24 : 0.9626"
"24,0 : 0.9626"
"0,25 : 0.2371"
"25,0 : 0.2371"
"0,26 : 0.6177"
"26,0 : 0.6177"
"0,27 : 0.6888"
"27,0 : 0.6888"
"0,28 : 0.7301"
"28,0 : 0.7301"
"0,29 : 0.9003"
"29,0 : 0.9003"
"0,30 : 0.681"
"30,0 : 0.681"
"0,31 : 0.2907"
"31,0 : 0.2907"
"0,32 : 0.392"
"32,0 : 0.392"
"0,33 : 0.7739"
"33,0 : 0.7739"
"0,34 : 0.5825"
"34,0 : 0.5825"
"0,35 : 0.3891"
"35,0 : 0.3891"
"0,36 : 0.389"
"36,0 : 0.389"
"0,37 : 0.4793"
"37,0 : 0.4793"
"0,38 : 0.1992"
"38,0 : 0.1992"
"0,39 : 0.6603"
"39,0 : 0.6603"
"0,40 : 0.3578"
"40,0 : 0.3578"
"0,41 : 0.8115"
"41,0 : 0.8115"
"0,42 : 0.2247"
"42,0 : 0.2247"
"0,43 : 0.5408"
"43,0 : 0.5408"
"0,44 : 0.5814"
"44,0 : 0.5814"
"0,45 : 0.7976"
"45,0 : 0.7976"
"0,46 : 0.7658"
"46,0 : 0.7658"
"0,47 : 0.1526"
"47,0 : 0.1526"
"0,48 : 0.758"
"48,0 : 0.758"
"0,49 : 0.7971"
"49,0 : 0.7971"
"1,2 : 0.481"
"2,1 : 0.481"
"1,3 : 0.572"
"3,1 : 0.572"
"1,4 : 0.2884"
"4,1 : 0.2884"
"1,5 : 0.3413"
"5,1 : 0.3413"
"1,6 : 0.7341"
"6,1 : 0.7341"
"1,7 : 0.4438"
"7,1 : 0.4438"
"1,8 : 0.2484"
"8,1 : 0.2484"
"1,9 : 0.6017"
"9,1 : 0.6017"
"1,10 : 0.1273"
"10,1 : 0.1273"
"1,11 : 0.6488"
"11,1 : 0.6488"
"1,12 : 0.1221"
"12,1 : 0.1221"
"1,13 : 0.6958"
"13,1 : 0.6958"
"1,14 : 0.3829"
"14,1 : 0.3829"
"1,15 : 0.5523"
"15,1 : 0.5523"
"1,16 : 0.5644"
"16,1 : 0.5644"
"1,17 : 0.3962"
"17,1 : 0.3962"
"1,18 : 0.6329"
"18,1 : 0.6329"
"1,19 : 0.578"
"19,1 : 0.578"
"1,20 : 0.805"
"20,1 : 0.805"
"1,21 : 0.7938"
"21,1 : 0.7938"
"1,22 : 0.5036"
"22,1 : 0.5036"
"1,23 : 0.2119"
"23,1 : 0.2119"
"1,24 : 0.7918"
"24,1 : 0.7918"
"1,25 : 0.1221"
"25,1 : 0.1221"
"1,26 : 0.3895"
"26,1 : 0.3895"
"1,27 : 0.4528"
"27,1 : 0.4528"
"1,28 : 0.8322"
"28,1 : 0.8322"
"1,29 : 0.7382"
"29,1 : 0.7382"
"1,30 : 0.5831"
"30,1 : 0.5831"
"1,31 : 0.1414"
"31,1 : 0.1414"
"1,32 : 0.2319"
"32,1 : 0.2319"
"1,33 : 0.5523"
"33,1 : 0.5523"
"1,34 : 0.5824"
"34,1 : 0.5824"
"1,35 : 0.564"
"35,1 : 0.564"
"1,36 : 0.26"
"36,1 : 0.26"
"1,37 : 0.2408"
"37,1 : 0.2408"
"1,38 : 0.2843"
"38,1 : 0.2843"
"1,39 : 0.7001"
"39,1 : 0.7001"
"1,40 : 0.6236"
"40,1 : 0.6236"
"1,41 : 0.7406"
"41,1 : 0.7406"
"1,42 : 0.4982"
"42,1 : 0.4982"
"1,43 : 0.586"
"43,1 : 0.586"
"1,44 : 0.3041"
"44,1 : 0.3041"
"1,45 : 0.8721"
"45,1 : 0.8721"
"1,46 : 0.611"
"46,1 : 0.611"
"1,47 : 0.4198"
"47,1 : 0.4198"
"1,48 : 0.5304"
"48,1 : 0.5304"
"1,49 : 0.9372"
"49,1 : 0.9372"
"2,3 : 0.1703"
"3,2 : 0.1703"
"2,4 : 0.3912"
"4,2 : 0.3912"
"2,5 : 0.4531"
"5,2 : 0.4531"
"2,6 : 0.6335"
"6,2 : 0.6335"
"2,7 : 0.0632"
"7,2 : 0.0632"
"2,8 : 0.6401"
"8,2 : 0.6401"
"2,9 : 0.1208"
"9,2 : 0.1208"
"2,10 : 0.5459"
"10,2 : 0.5459"
"2,11 : 0.4948"
"11,2 : 0.4948"
"2,12 : 0.3864"
"12,2 : 0.3864"
"2,13 : 0.3538"
"13,2 : 0.3538"
"2,14 : 0.5016"
"14,2 : 0.5016"
"2,15 : 0.204"
"15,2 : 0.204"
"2,16 : 0.1487"
"16,2 : 0.1487"
"2,17 : 0.1887"
"17,2 : 0.1887"
"2,18 : 0.2921"
"18,2 : 0.2921"
"2,19 : 0.4627"
"19,2 : 0.4627"
"2,20 : 0.3302"
"20,2 : 0.3302"
"2,21 : 0.3132"
"21,2 : 0.3132"
"2,22 : 0.842"
"22,2 : 0.842"
"2,23 : 0.6382"
"23,2 : 0.6382"
"2,24 : 0.3202"
"24,2 : 0.3202"
"2,25 : 0.4244"
"25,2 : 0.4244"
"2,26 : 0.1836"
"26,2 : 0.1836"
"2,27 : 0.2126"
"27,2 : 0.2126"
"2,28 : 0.6685"
"28,2 : 0.6685"
"2,29 : 0.2608"
"29,2 : 0.2608"
"2,30 : 0.1703"
"30,2 : 0.1703"
"2,31 : 0.6198"
"31,2 : 0.6198"
"2,32 : 0.2608"
"32,2 : 0.2608"
"2,33 : 0.204"
"33,2 : 0.204"
"2,34 : 0.3479"
"34,2 : 0.3479"
"2,35 : 0.6297"
"35,2 : 0.6297"
"2,36 : 0.255"
"36,2 : 0.255"
"2,37 : 0.2702"
"37,2 : 0.2702"
"2,38 : 0.4743"
"38,2 : 0.4743"
"2,39 : 0.4742"
"39,2 : 0.4742"
"2,40 : 0.9886"
"40,2 : 0.9886"
"2,41 : 0.322"
"41,2 : 0.322"
"2,42 : 0.8528"
"42,2 : 0.8528"
"2,43 : 0.4276"
"43,2 : 0.4276"
"2,44 : 0.5166"
"44,2 : 0.5166"
"2,45 : 0.65"
"45,2 : 0.65"
"2,46 : 0.13"
"46,2 : 0.13"
"2,47 : 0.7925"
"47,2 : 0.7925"
"2,48 : 0.2119"
"48,2 : 0.2119"
"2,49 : 0.816"
"49,2 : 0.816"
"3,4 : 0.5463"
"4,3 : 0.5463"
"3,5 : 0.43"
"5,3 : 0.43"
"3,6 : 0.7991"
"6,3 : 0.7991"
"3,7 : 0.2319"
"7,3 : 0.2319"
"3,8 : 0.6745"
"8,3 : 0.6745"
"3,9 : 0.1562"
"9,3 : 0.1562"
"3,10 : 0.6042"
"10,3 : 0.6042"
"3,11 : 0.6592"
"11,3 : 0.6592"
"3,12 : 0.4579"
"12,3 : 0.4579"
"3,13 : 0.4876"
"13,3 : 0.4876"
"3,14 : 0.6641"
"14,3 : 0.6641"
"3,15 : 0.0583"
"15,3 : 0.0583"
"3,16 : 0.2879"
"16,3 : 0.2879"
"3,17 : 0.1838"
"17,3 : 0.1838"
"3,18 : 0.4346"
"18,3 : 0.4346"
"3,19 : 0.6313"
"19,3 : 0.6313"
"3,20 : 0.2608"
"20,3 : 0.2608"
"3,21 : 0.3008"
"21,3 : 0.3008"
"3,22 : 0.9879"
"22,3 : 0.9879"
"3,23 : 0.7566"
"23,3 : 0.7566"
"3,24 : 0.2419"
"24,3 : 0.2419"
"3,25 : 0.5456"
"25,3 : 0.5456"
"3,26 : 0.1879"
"26,3 : 0.1879"
"3,27 : 0.1503"
"27,3 : 0.1503"
"3,28 : 0.8257"
"28,3 : 0.8257"
"3,29 : 0.2121"
"29,3 : 0.2121"
"3,30 : 0.3046"
"30,3 : 0.3046"
"3,31 : 0.6997"
"31,3 : 0.6997"
"3,32 : 0.386"
"32,3 : 0.386"
"3,33 : 0.0583"
"33,3 : 0.0583"
"3,34 : 0.5099"
"34,3 : 0.5099"
"3,35 : 0.7991"
"35,3 : 0.7991"
"3,36 : 0.3945"
"36,3 : 0.3945"
"3,37 : 0.3329"
"37,3 : 0.3329"
"3,38 : 0.6261"
"38,3 : 0.6261"
"3,39 : 0.6294"
"39,3 : 0.6294"
"3,40 : 1.1316"
"40,3 : 1.1316"
"3,41 : 0.4177"
"41,3 : 0.4177"
"3,42 : 0.9957"
"42,3 : 0.9957"
"3,43 : 0.5941"
"43,3 : 0.5941"
"3,44 : 0.5116"
"44,3 : 0.5116"
"3,45 : 0.7971"
"45,3 : 0.7971"
"3,46 : 0.1628"
"46,3 : 0.1628"
"3,47 : 0.9301"
"47,3 : 0.9301"
"3,48 : 0.0854"
"48,3 : 0.0854"
"3,49 : 0.9753"
"49,3 : 0.9753"
"4,5 : 0.5423"
"5,4 : 0.5423"
"4,6 : 0.4469"
"6,4 : 0.4469"
"4,7 : 0.3302"
"7,4 : 0.3302"
"4,8 : 0.536"
"8,4 : 0.536"
"4,9 : 0.4968"
"9,4 : 0.4968"
"4,10 : 0.414"
"10,4 : 0.414"
"4,11 : 0.3625"
"11,4 : 0.3625"
"4,12 : 0.3106"
"12,4 : 0.3106"
"4,13 : 0.4554"
"13,4 : 0.4554"
"4,14 : 0.1304"
"14,4 : 0.1304"
"4,15 : 0.5566"
"15,4 : 0.5566"
"4,16 : 0.3941"
"16,4 : 0.3941"
"4,17 : 0.4329"
"17,4 : 0.4329"
"4,18 : 0.4026"
"18,4 : 0.4026"
"4,19 : 0.2907"
"19,4 : 0.2907"
"4,20 : 0.7077"
"20,4 : 0.7077"
"4,21 : 0.6607"
"21,4 : 0.6607"
"4,22 : 0.4534"
"22,4 : 0.4534"
"4,23 : 0.3126"
"23,4 : 0.3126"
"4,24 : 0.7018"
"24,4 : 0.7018"
"4,25 : 0.1664"
"25,4 : 0.1664"
"4,26 : 0.423"
"26,4 : 0.423"
"4,27 : 0.495"
"27,4 : 0.495"
"4,28 : 0.5438"
"28,4 : 0.5438"
"4,29 : 0.637"
"29,4 : 0.637"
"4,30 : 0.405"
"30,4 : 0.405"
"4,31 : 0.405"
"31,4 : 0.405"
"4,32 : 0.1903"
"32,4 : 0.1903"
"4,33 : 0.5566"
"33,4 : 0.5566"
"4,34 : 0.32"
"34,4 : 0.32"
"4,35 : 0.3068"
"35,4 : 0.3068"
"4,36 : 0.1612"
"36,4 : 0.1612"
"4,37 : 0.3256"
"37,4 : 0.3256"
"4,38 : 0.0849"
"38,4 : 0.0849"
"4,39 : 0.422"
"39,4 : 0.422"
"4,40 : 0.6014"
"40,4 : 0.6014"
"4,41 : 0.5349"
"41,4 : 0.5349"
"4,42 : 0.4667"
"42,4 : 0.4667"
"4,43 : 0.3036"
"43,4 : 0.3036"
"4,44 : 0.5438"
"44,4 : 0.5438"
"4,45 : 0.5869"
"45,4 : 0.5869"
"4,46 : 0.5033"
"46,4 : 0.5033"
"4,47 : 0.414"
"47,4 : 0.414"
"4,48 : 0.5482"
"48,4 : 0.5482"
"4,49 : 0.6512"
"49,4 : 0.6512"
"5,6 : 0.9626"
"6,5 : 0.9626"
"5,7 : 0.4614"
"7,5 : 0.4614"
"5,8 : 0.2843"
"8,5 : 0.2843"
"5,9 : 0.5434"
"9,5 : 0.5434"
"5,10 : 0.2773"
"10,5 : 0.2773"
"5,11 : 0.845"
"11,5 : 0.845"
"5,12 : 0.2433"
"12,5 : 0.2433"
"5,13 : 0.7877"
"13,5 : 0.7877"
"5,14 : 0.6673"
"14,5 : 0.6673"
"5,15 : 0.3812"
"15,5 : 0.3812"
"5,16 : 0.5948"
"16,5 : 0.5948"
"5,17 : 0.2693"
"17,5 : 0.2693"
"5,18 : 0.7211"
"18,5 : 0.7211"
"5,19 : 0.786"
"19,5 : 0.786"
"5,20 : 0.6903"
"20,5 : 0.6903"
"5,21 : 0.7244"
"21,5 : 0.7244"
"5,22 : 0.8448"
"22,5 : 0.8448"
"5,23 : 0.5492"
"23,5 : 0.5492"
"5,24 : 0.6707"
"24,5 : 0.6707"
"5,25 : 0.4159"
"25,5 : 0.4159"
"5,26 : 0.272"
"26,5 : 0.272"
"5,27 : 0.2802"
"27,5 : 0.2802"
"5,28 : 1.0359"
"28,5 : 1.0359"
"5,29 : 0.6407"
"29,5 : 0.6407"
"5,30 : 0.6172"
"30,5 : 0.6172"
"5,31 : 0.3981"
"31,5 : 0.3981"
"5,32 : 0.3689"
"32,5 : 0.3689"
"5,33 : 0.3812"
"33,5 : 0.3812"
"5,34 : 0.7286"
"34,5 : 0.7286"
"5,35 : 0.8486"
"35,5 : 0.8486"
"5,36 : 0.4105"
"36,5 : 0.4105"
"5,37 : 0.2343"
"37,5 : 0.2343"
"5,38 : 0.5797"
"38,5 : 0.5797"
"5,39 : 0.8628"
"39,5 : 0.8628"
"5,40 : 0.961"
"40,5 : 0.961"
"5,41 : 0.7747"
"41,5 : 0.7747"
"5,42 : 0.8386"
"42,5 : 0.8386"
"5,43 : 0.7734"
"43,5 : 0.7734"
"5,44 : 0.0894"
"44,5 : 0.0894"
"5,45 : 1.0466"
"45,5 : 1.0466"
"5,46 : 0.5532"
"46,5 : 0.5532"
"5,47 : 0.7595"
"47,5 : 0.7595"
"5,48 : 0.3513"
"48,5 : 0.3513"
"5,49 : 1.1661"
"49,5 : 1.1661"
"6,7 : 0.5797"
"7,6 : 0.5797"
"6,8 : 0.9823"
"8,6 : 0.9823"
"6,9 : 0.6703"
"9,6 : 0.6703"
"6,10 : 0.8605"
"10,6 : 0.8605"
"6,11 : 0.1404"
"11,6 : 0.1404"
"6,12 : 0.7501"
"12,6 : 0.7501"
"6,13 : 0.3764"
"13,6 : 0.3764"
"6,14 : 0.3667"
"14,6 : 0.3667"
"6,15 : 0.8374"
"15,6 : 0.8374"
"6,16 : 0.5204"
"16,6 : 0.5204"
"6,17 : 0.7762"
"17,6 : 0.7762"
"6,18 : 0.3932"
"18,6 : 0.3932"
"6,19 : 0.1789"
"19,6 : 0.1789"
"6,20 : 0.822"
"20,6 : 0.822"
"6,21 : 0.7301"
"21,6 : 0.7301"
"6,22 : 0.642"
"22,6 : 0.642"
"6,23 : 0.6964"
"23,6 : 0.6964"
"6,24 : 0.8287"
"24,6 : 0.8287"
"6,25 : 0.6122"
"25,6 : 0.6122"
"6,26 : 0.7669"
"26,6 : 0.7669"
"6,27 : 0.8254"
"27,6 : 0.8254"
"6,28 : 0.12"
"28,6 : 0.12"
"6,29 : 0.7653"
"29,6 : 0.7653"
"6,30 : 0.51"
"30,6 : 0.51"
"6,31 : 0.8386"
"31,6 : 0.8386"
"6,32 : 0.5941"
"32,6 : 0.5941"
"6,33 : 0.8374"
"33,6 : 0.8374"
"6,34 : 0.2907"
"34,6 : 0.2907"
"6,35 : 0.24"
"35,6 : 0.24"
"6,36 : 0.5522"
"36,6 : 0.5522"
"6,37 : 0.7295"
"37,6 : 0.7295"
"6,38 : 0.4614"
"38,6 : 0.4614"
"6,39 : 0.2025"
"39,6 : 0.2025"
"6,40 : 0.7649"
"40,6 : 0.7649"
"6,41 : 0.506"
"41,6 : 0.506"
"6,42 : 0.6712"
"42,6 : 0.6712"
"6,43 : 0.2062"
"43,6 : 0.2062"
"6,44 : 0.9795"
"44,6 : 0.9795"
"6,45 : 0.2088"
"45,6 : 0.2088"
"6,46 : 0.6701"
"46,6 : 0.6701"
"6,47 : 0.6712"
"47,6 : 0.6712"
"6,48 : 0.844"
"48,6 : 0.844"
"6,49 : 0.2052"
"49,6 : 0.2052"
"7,8 : 0.622"
"8,7 : 0.622"
"7,9 : 0.1703"
"9,7 : 0.1703"
"7,10 : 0.5204"
"10,7 : 0.5204"
"7,11 : 0.4427"
"11,7 : 0.4427"
"7,12 : 0.3601"
"12,7 : 0.3601"
"7,13 : 0.328"
"13,7 : 0.328"
"7,14 : 0.4386"
"14,7 : 0.4386"
"7,15 : 0.2608"
"15,7 : 0.2608"
"7,16 : 0.136"
"16,7 : 0.136"
"7,17 : 0.2126"
"17,7 : 0.2126"
"7,18 : 0.2625"
"18,7 : 0.2625"
"7,19 : 0.4061"
"19,7 : 0.4061"
"7,20 : 0.3829"
"20,7 : 0.3829"
"7,21 : 0.3534"
"21,7 : 0.3534"
"7,22 : 0.7824"
"22,7 : 0.7824"
"7,23 : 0.5883"
"23,7 : 0.5883"
"7,24 : 0.3748"
"24,7 : 0.3748"
"7,25 : 0.3759"
"25,7 : 0.3759"
"7,26 : 0.2052"
"26,7 : 0.2052"
"7,27 : 0.2506"
"27,7 : 0.2506"
"7,28 : 0.6217"
"28,7 : 0.6217"
"7,29 : 0.3124"
"29,7 : 0.3124"
"7,30 : 0.1581"
"30,7 : 0.1581"
"7,31 : 0.5846"
"31,7 : 0.5846"
"7,32 : 0.2154"
"32,7 : 0.2154"
"7,33 : 0.2608"
"33,7 : 0.2608"
"7,34 : 0.2997"
"34,7 : 0.2997"
"7,35 : 0.5672"
"35,7 : 0.5672"
"7,36 : 0.2025"
"36,7 : 0.2025"
"7,37 : 0.255"
"37,7 : 0.255"
"7,38 : 0.414"
"38,7 : 0.414"
"7,39 : 0.4305"
"39,7 : 0.4305"
"7,40 : 0.9296"
"40,7 : 0.9296"
"7,41 : 0.3202"
"41,7 : 0.3202"
"7,42 : 0.794"
"42,7 : 0.794"
"7,43 : 0.3736"
"43,7 : 0.3736"
"7,44 : 0.5162"
"44,7 : 0.5162"
"7,45 : 0.6103"
"45,7 : 0.6103"
"7,46 : 0.178"
"46,7 : 0.178"
"7,47 : 0.7354"
"47,7 : 0.7354"
"7,48 : 0.2648"
"48,7 : 0.2648"
"7,49 : 0.7669"
"49,7 : 0.7669"
"8,9 : 0.7524"
"9,8 : 0.7524"
"8,10 : 0.1221"
"10,8 : 0.1221"
"8,11 : 0.8936"
"11,8 : 0.8936"
"8,12 : 0.2668"
"12,8 : 0.2668"
"8,13 : 0.9148"
"13,8 : 0.9148"
"8,14 : 0.6294"
"14,8 : 0.6294"
"8,15 : 0.6357"
"15,8 : 0.6357"
"8,16 : 0.7554"
"16,8 : 0.7554"
"8,17 : 0.4924"
"17,8 : 0.4924"
"8,18 : 0.849"
"18,8 : 0.849"
"8,19 : 0.8238"
"19,8 : 0.8238"
"8,20 : 0.9317"
"20,8 : 0.9317"
"8,21 : 0.9453"
"21,8 : 0.9453"
"8,22 : 0.6727"
"22,8 : 0.6727"
"8,23 : 0.3795"
"23,8 : 0.3795"
"8,24 : 0.9144"
"24,8 : 0.9144"
"8,25 : 0.3701"
"25,8 : 0.3701"
"8,26 : 0.4903"
"26,8 : 0.4903"
"8,27 : 0.5281"
"27,8 : 0.5281"
"8,28 : 1.079"
"28,8 : 1.079"
"8,29 : 0.873"
"29,8 : 0.873"
"8,30 : 0.7765"
"30,8 : 0.7765"
"8,31 : 0.1868"
"31,8 : 0.1868"
"8,32 : 0.4397"
"32,8 : 0.4397"
"8,33 : 0.6357"
"33,8 : 0.6357"
"8,34 : 0.8154"
"34,8 : 0.8154"
"8,35 : 0.8081"
"35,8 : 0.8081"
"8,36 : 0.4776"
"36,8 : 0.4776"
"8,37 : 0.37"
"37,8 : 0.37"
"8,38 : 0.5304"
"38,8 : 0.5304"
"8,39 : 0.9391"
"39,8 : 0.9391"
"8,40 : 0.7603"
"40,8 : 0.7603"
"8,41 : 0.939"
"41,8 : 0.939"
"8,42 : 0.6576"
"42,8 : 0.6576"
"8,43 : 0.8286"
"43,8 : 0.8286"
"8,44 : 0.198"
"44,8 : 0.198"
"8,45 : 1.1151"
"45,8 : 1.1151"
"8,46 : 0.7624"
"46,8 : 0.7624"
"8,47 : 0.5787"
"47,8 : 0.5787"
"8,48 : 0.6075"
"48,8 : 0.6075"
"8,49 : 1.1856"
"49,8 : 1.1856"
"9,10 : 0.6629"
"10,9 : 0.6629"
"9,11 : 0.5301"
"11,9 : 0.5301"
"9,12 : 0.5045"
"12,9 : 0.5045"
"9,13 : 0.3362"
"13,9 : 0.3362"
"9,14 : 0.5968"
"14,9 : 0.5968"
"9,15 : 0.2121"
"15,9 : 0.2121"
"9,16 : 0.15"
"16,9 : 0.15"
"9,17 : 0.2746"
"17,9 : 0.2746"
"9,18 : 0.2886"
"18,9 : 0.2886"
"9,19 : 0.5135"
"19,9 : 0.5135"
"9,20 : 0.2126"
"20,9 : 0.2126"
"9,21 : 0.1942"
"21,9 : 0.1942"
"9,22 : 0.9502"
"22,9 : 0.9502"
"9,23 : 0.7572"
"23,9 : 0.7572"
"9,24 : 0.2052"
"24,9 : 0.2052"
"9,25 : 0.5438"
"25,9 : 0.5438"
"9,26 : 0.2729"
"26,9 : 0.2729"
"9,27 : 0.2731"
"27,9 : 0.2731"
"9,28 : 0.6845"
"28,9 : 0.6845"
"9,29 : 0.1421"
"29,9 : 0.1421"
"9,30 : 0.1612"
"30,9 : 0.1612"
"9,31 : 0.74"
"31,9 : 0.74"
"9,32 : 0.3808"
"32,9 : 0.3808"
"9,33 : 0.2121"
"33,9 : 0.2121"
"9,34 : 0.38"
"34,9 : 0.38"
"9,35 : 0.7052"
"35,9 : 0.7052"
"9,36 : 0.372"
"36,9 : 0.372"
"9,37 : 0.3847"
"37,9 : 0.3847"
"9,38 : 0.5814"
"38,9 : 0.5814"
"9,39 : 0.4884"
"39,9 : 0.4884"
"9,40 : 1.0979"
"40,9 : 1.0979"
"9,41 : 0.2617"
"41,9 : 0.2617"
"9,42 : 0.9626"
"42,9 : 0.9626"
"9,43 : 0.471"
"43,9 : 0.471"
"9,44 : 0.6152"
"44,9 : 0.6152"
"9,45 : 0.6485"
"45,9 : 0.6485"
"9,46 : 0.01"
"46,9 : 0.01"
"9,47 : 0.9052"
"47,9 : 0.9052"
"9,48 : 0.2343"
"48,9 : 0.2343"
"9,49 : 0.8355"
"49,9 : 0.8355"
"10,11 : 0.7718"
"11,10 : 0.7718"
"10,12 : 0.1603"
"12,10 : 0.1603"
"10,13 : 0.8005"
"13,10 : 0.8005"
"10,14 : 0.5099"
"14,10 : 0.5099"
"10,15 : 0.5731"
"15,10 : 0.5731"
"10,16 : 0.6503"
"16,10 : 0.6503"
"10,17 : 0.4205"
"17,10 : 0.4205"
"10,18 : 0.7355"
"18,10 : 0.7355"
"10,19 : 0.7018"
"19,10 : 0.7018"
"10,20 : 0.8538"
"20,10 : 0.8538"
"10,21 : 0.857"
"21,10 : 0.857"
"10,22 : 0.5908"
"22,10 : 0.5908"
"10,23 : 0.2907"
"23,10 : 0.2907"
"10,24 : 0.8382"
"24,10 : 0.8382"
"10,25 : 0.2484"
"25,10 : 0.2484"
"10,26 : 0.4163"
"26,10 : 0.4163"
"10,27 : 0.4665"
"27,10 : 0.4665"
"10,28 : 0.9569"
"28,10 : 0.9569"
"10,29 : 0.7912"
"29,10 : 0.7912"
"10,30 : 0.6707"
"30,10 : 0.6707"
"10,31 : 0.1208"
"31,10 : 0.1208"
"10,32 : 0.3256"
"32,10 : 0.3256"
"10,33 : 0.5731"
"33,10 : 0.5731"
"10,34 : 0.6964"
"34,10 : 0.6964"
"10,35 : 0.6903"
"35,10 : 0.6903"
"10,36 : 0.3614"
"36,10 : 0.3614"
"10,37 : 0.2789"
"37,10 : 0.2789"
"10,38 : 0.4111"
"38,10 : 0.4111"
"10,39 : 0.8186"
"39,10 : 0.8186"
"10,40 : 0.6946"
"40,10 : 0.6946"
"10,41 : 0.8322"
"41,10 : 0.8322"
"10,42 : 0.58"
"42,10 : 0.58"
"10,43 : 0.7071"
"43,10 : 0.7071"
"10,44 : 0.2138"
"44,10 : 0.2138"
"10,45 : 0.9936"
"45,10 : 0.9936"
"10,46 : 0.6727"
"46,10 : 0.6727"
"10,47 : 0.5"
"47,10 : 0.5"
"10,48 : 0.5471"
"48,10 : 0.5471"
"10,49 : 1.064"
"49,10 : 1.064"
"11,12 : 0.6466"
"12,11 : 0.6466"
"11,13 : 0.2506"
"13,11 : 0.2506"
"11,14 : 0.3206"
"14,11 : 0.3206"
"11,15 : 0.6986"
"15,11 : 0.6986"
"11,16 : 0.3801"
"16,11 : 0.3801"
"11,17 : 0.644"
"17,11 : 0.644"
"11,18 : 0.2571"
"18,11 : 0.2571"
"11,19 : 0.0728"
"19,11 : 0.0728"
"11,20 : 0.6866"
"20,11 : 0.6866"
"11,21 : 0.5977"
"21,11 : 0.5977"
"11,22 : 0.658"
"22,11 : 0.658"
"11,23 : 0.6494"
"23,11 : 0.6494"
"11,24 : 0.6923"
"24,11 : 0.6923"
"11,25 : 0.5277"
"25,11 : 0.5277"
"11,26 : 0.6351"
"26,11 : 0.6351"
"11,27 : 0.6908"
"27,11 : 0.6908"
"11,28 : 0.191"
"28,11 : 0.191"
"11,29 : 0.628"
"29,11 : 0.628"
"11,30 : 0.3701"
"30,11 : 0.3701"
"11,31 : 0.7669"
"31,11 : 0.7669"
"11,32 : 0.4808"
"32,11 : 0.4808"
"11,33 : 0.6986"
"33,11 : 0.6986"
"11,34 : 0.1503"
"34,11 : 0.1503"
"11,35 : 0.2693"
"35,11 : 0.2693"
"11,36 : 0.4384"
"36,11 : 0.4384"
"11,37 : 0.6107"
"37,11 : 0.6107"
"11,38 : 0.4002"
"38,11 : 0.4002"
"11,39 : 0.0943"
"39,11 : 0.0943"
"11,40 : 0.7948"
"40,11 : 0.7948"
"11,41 : 0.3801"
"41,11 : 0.3801"
"11,42 : 0.6841"
"42,11 : 0.6841"
"11,43 : 0.0721"
"43,11 : 0.0721"
"11,44 : 0.8698"
"44,11 : 0.8698"
"11,45 : 0.2247"
"45,11 : 0.2247"
"11,46 : 0.53"
"46,11 : 0.53"
"11,47 : 0.6675"
"47,11 : 0.6675"
"11,48 : 0.706"
"48,11 : 0.706"
"11,49 : 0.3265"
"49,11 : 0.3265"
"12,13 : 0.6485"
"13,12 : 0.6485"
"12,14 : 0.4295"
"14,12 : 0.4295"
"12,15 : 0.4342"
"15,12 : 0.4342"
"12,16 : 0.4909"
"16,12 : 0.4909"
"12,17 : 0.278"
"17,12 : 0.278"
"12,18 : 0.5824"
"18,12 : 0.5824"
"12,19 : 0.5805"
"19,12 : 0.5805"
"12,20 : 0.7001"
"20,12 : 0.7001"
"12,21 : 0.6986"
"21,12 : 0.6986"
"12,22 : 0.6139"
"22,12 : 0.6139"
"12,23 : 0.3311"
"23,12 : 0.3311"
"12,24 : 0.6854"
"24,12 : 0.6854"
"12,25 : 0.1726"
"25,12 : 0.1726"
"12,26 : 0.272"
"26,12 : 0.272"
"12,27 : 0.3324"
"27,12 : 0.3324"
"12,28 : 0.8363"
"28,12 : 0.8363"
"12,29 : 0.6357"
"29,12 : 0.6357"
"12,30 : 0.5116"
"30,12 : 0.5116"
"12,31 : 0.2419"
"31,12 : 0.2419"
"12,32 : 0.1746"
"32,12 : 0.1746"
"12,33 : 0.4342"
"33,12 : 0.4342"
"12,34 : 0.5547"
"34,12 : 0.5547"
"12,35 : 0.6127"
"35,12 : 0.6127"
"12,36 : 0.2147"
"36,12 : 0.2147"
"12,37 : 0.1253"
"37,12 : 0.1253"
"12,38 : 0.3384"
"38,12 : 0.3384"
"12,39 : 0.6826"
"39,12 : 0.6826"
"12,40 : 0.74"
"40,12 : 0.74"
"12,41 : 0.6736"
"41,12 : 0.6736"
"12,42 : 0.6113"
"42,12 : 0.6113"
"12,43 : 0.578"
"43,12 : 0.578"
"12,44 : 0.2332"
"44,12 : 0.2332"
"12,45 : 0.8627"
"45,12 : 0.8627"
"12,46 : 0.5142"
"46,12 : 0.5142"
"12,47 : 0.5345"
"47,12 : 0.5345"
"12,48 : 0.4111"
"48,12 : 0.4111"
"12,49 : 0.9552"
"49,12 : 0.9552"
"13,14 : 0.4833"
"14,13 : 0.4833"
"13,15 : 0.5385"
"15,13 : 0.5385"
"13,16 : 0.2062"
"16,13 : 0.2062"
"13,17 : 0.5381"
"17,13 : 0.5381"
"13,18 : 0.0671"
"18,13 : 0.0671"
"13,19 : 0.2759"
"19,13 : 0.2759"
"13,20 : 0.451"
"20,13 : 0.451"
"13,21 : 0.3551"
"21,13 : 0.3551"
"13,22 : 0.8548"
"22,13 : 0.8548"
"13,23 : 0.7679"
"23,13 : 0.7679"
"13,24 : 0.4601"
"24,13 : 0.4601"
"13,25 : 0.5903"
"25,13 : 0.5903"
"13,26 : 0.5315"
"26,13 : 0.5315"
"13,27 : 0.5664"
"27,13 : 0.5664"
"13,28 : 0.3601"
"28,13 : 0.3601"
"13,29 : 0.4005"
"29,13 : 0.4005"
"13,30 : 0.186"
"30,13 : 0.186"
"13,31 : 0.8329"
"31,13 : 0.8329"
"13,32 : 0.4754"
"32,13 : 0.4754"
"13,33 : 0.5385"
"33,13 : 0.5385"
"13,34 : 0.1476"
"34,13 : 0.1476"
"13,35 : 0.5021"
"35,13 : 0.5021"
"13,36 : 0.4393"
"36,13 : 0.4393"
"13,37 : 0.568"
"37,13 : 0.568"
"13,38 : 0.5263"
"38,13 : 0.5263"
"13,39 : 0.1746"
"39,13 : 0.1746"
"13,40 : 0.9998"
"40,13 : 0.9998"
"13,41 : 0.13"
"41,13 : 0.13"
"13,42 : 0.8766"
"42,13 : 0.8766"
"13,43 : 0.2263"
"43,13 : 0.2263"
"13,44 : 0.8365"
"44,13 : 0.8365"
"13,45 : 0.3132"
"45,13 : 0.3132"
"13,46 : 0.3324"
"46,13 : 0.3324"
"13,47 : 0.8431"
"47,13 : 0.8431"
"13,48 : 0.5547"
"48,13 : 0.5547"
"13,49 : 0.5109"
"49,13 : 0.5109"
"14,15 : 0.6791"
"15,14 : 0.6791"
"14,16 : 0.4751"
"16,14 : 0.4751"
"14,17 : 0.5614"
"17,14 : 0.5614"
"14,18 : 0.4442"
"18,14 : 0.4442"
"14,19 : 0.25"
"19,14 : 0.25"
"14,20 : 0.8021"
"20,14 : 0.8021"
"14,21 : 0.7433"
"21,14 : 0.7433"
"14,22 : 0.3744"
"22,14 : 0.3744"
"14,23 : 0.3324"
"23,14 : 0.3324"
"14,24 : 0.7988"
"24,14 : 0.7988"
"14,25 : 0.2663"
"25,14 : 0.2663"
"14,26 : 0.5515"
"26,14 : 0.5515"
"14,27 : 0.6229"
"27,14 : 0.6229"
"14,28 : 0.4776"
"28,14 : 0.4776"
"14,29 : 0.7324"
"29,14 : 0.7324"
"14,30 : 0.481"
"30,14 : 0.481"
"14,31 : 0.4743"
"31,14 : 0.4743"
"14,32 : 0.3206"
"32,14 : 0.3206"
"14,33 : 0.6791"
"33,14 : 0.6791"
"14,34 : 0.3362"
"34,14 : 0.3362"
"14,35 : 0.1836"
"35,14 : 0.1836"
"14,36 : 0.2902"
"36,14 : 0.2902"
"14,37 : 0.4554"
"37,14 : 0.4554"
"14,38 : 0.099"
"38,14 : 0.099"
"14,39 : 0.4011"
"39,14 : 0.4011"
"14,40 : 0.522"
"40,14 : 0.522"
"14,41 : 0.5852"
"41,14 : 0.5852"
"14,42 : 0.3945"
"42,14 : 0.3945"
"14,43 : 0.2828"
"43,14 : 0.2828"
"14,44 : 0.6619"
"44,14 : 0.6619"
"14,45 : 0.5394"
"45,14 : 0.5394"
"14,46 : 0.6021"
"46,14 : 0.6021"
"14,47 : 0.3606"
"47,14 : 0.3606"
"14,48 : 0.6727"
"48,14 : 0.6727"
"14,49 : 0.563"
"49,14 : 0.563"
"15,16 : 0.3354"
"16,15 : 0.3354"
"15,17 : 0.1562"
"17,15 : 0.1562"
"15,18 : 0.483"
"18,15 : 0.483"
"15,19 : 0.6661"
"19,15 : 0.6661"
"15,20 : 0.3102"
"20,15 : 0.3102"
"15,21 : 0.3574"
"21,15 : 0.3574"
"15,22 : 0.9888"
"22,15 : 0.9888"
"15,23 : 0.7452"
"23,15 : 0.7452"
"15,24 : 0.29"
"24,15 : 0.29"
"15,25 : 0.5382"
"25,15 : 0.5382"
"15,26 : 0.1628"
"26,15 : 0.1628"
"15,27 : 0.1077"
"27,15 : 0.1077"
"15,28 : 0.8698"
"28,15 : 0.8698"
"15,29 : 0.2668"
"29,15 : 0.2668"
"15,30 : 0.3536"
"30,15 : 0.3536"
"15,31 : 0.6742"
"31,15 : 0.6742"
"15,32 : 0.3847"
"32,15 : 0.3847"
"15,33 : 0.0"
"33,15 : 0.0"
"15,34 : 0.5508"
"34,15 : 0.5508"
"15,35 : 0.823"
"35,15 : 0.823"
"15,36 : 0.3992"
"36,15 : 0.3992"
"15,37 : 0.3114"
"37,15 : 0.3114"
"15,38 : 0.6332"
"38,15 : 0.6332"
"15,39 : 0.6742"
"39,15 : 0.6742"
"15,40 : 1.1302"
"40,15 : 1.1302"
"15,41 : 0.4738"
"41,15 : 0.4738"
"15,42 : 0.9948"
"42,15 : 0.9948"
"15,43 : 0.6315"
"43,15 : 0.6315"
"15,44 : 0.4653"
"44,15 : 0.4653"
"15,45 : 0.8453"
"45,15 : 0.8453"
"15,46 : 0.2193"
"46,15 : 0.2193"
"15,47 : 0.9265"
"47,15 : 0.9265"
"15,48 : 0.03"
"48,15 : 0.03"
"15,49 : 1.0183"
"49,15 : 1.0183"
"16,17 : 0.336"
"17,16 : 0.336"
"16,18 : 0.1476"
"18,16 : 0.1476"
"16,19 : 0.365"
"19,16 : 0.365"
"16,20 : 0.3312"
"20,16 : 0.3312"
"16,21 : 0.2687"
"21,16 : 0.2687"
"16,22 : 0.8422"
"22,16 : 0.8422"
"16,23 : 0.6854"
"23,16 : 0.6854"
"16,24 : 0.3311"
"24,16 : 0.3311"
"16,25 : 0.4808"
"25,16 : 0.4808"
"16,26 : 0.3302"
"26,16 : 0.3302"
"16,27 : 0.3607"
"27,16 : 0.3607"
"16,28 : 0.5385"
"28,16 : 0.5385"
"16,29 : 0.264"
"29,16 : 0.264"
"16,30 : 0.0224"
"30,16 : 0.0224"
"16,31 : 0.7058"
"31,16 : 0.7058"
"16,32 : 0.3324"
"32,16 : 0.3324"
"16,33 : 0.3354"
"33,16 : 0.3354"
"16,34 : 0.23"
"34,16 : 0.23"
"16,35 : 0.5646"
"35,16 : 0.5646"
"16,36 : 0.3081"
"36,16 : 0.3081"
"16,37 : 0.3905"
"37,16 : 0.3905"
"16,38 : 0.478"
"38,16 : 0.478"
"16,39 : 0.3421"
"39,16 : 0.3421"
"16,40 : 0.9909"
"40,16 : 0.9909"
"16,41 : 0.1844"
"41,16 : 0.1844"
"16,42 : 0.858"
"42,16 : 0.858"
"16,43 : 0.3214"
"43,16 : 0.3214"
"16,44 : 0.6519"
"44,16 : 0.6519"
"16,45 : 0.5099"
"45,16 : 0.5099"
"16,46 : 0.1503"
"46,16 : 0.1503"
"16,47 : 0.808"
"47,16 : 0.808"
"16,48 : 0.3499"
"48,16 : 0.3499"
"16,49 : 0.6888"
"49,16 : 0.6888"
"17,18 : 0.4738"
"18,17 : 0.4738"
"17,19 : 0.5981"
"19,17 : 0.5981"
"17,20 : 0.4393"
"20,17 : 0.4393"
"17,21 : 0.4601"
"21,17 : 0.4601"
"17,22 : 0.8458"
"22,17 : 0.8458"
"17,23 : 0.592"
"23,17 : 0.592"
"17,24 : 0.422"
"24,17 : 0.422"
"17,25 : 0.3895"
"25,17 : 0.3895"
"17,26 : 0.01"
"26,17 : 0.01"
"17,27 : 0.0632"
"27,17 : 0.0632"
"17,28 : 0.8286"
"28,17 : 0.8286"
"17,29 : 0.3821"
"29,17 : 0.3821"
"17,30 : 0.3581"
"30,17 : 0.3581"
"17,31 : 0.5187"
"31,17 : 0.5187"
"17,32 : 0.2474"
"32,17 : 0.2474"
"17,33 : 0.1562"
"33,17 : 0.1562"
"17,34 : 0.5077"
"34,17 : 0.5077"
"17,35 : 0.7217"
"35,17 : 0.7217"
"17,36 : 0.2717"
"36,17 : 0.2717"
"17,37 : 0.1556"
"37,17 : 0.1556"
"17,38 : 0.5022"
"38,17 : 0.5022"
"17,39 : 0.6407"
"39,17 : 0.6407"
"17,40 : 0.9841"
"40,17 : 0.9841"
"17,41 : 0.51"
"41,17 : 0.51"
"17,42 : 0.8497"
"42,17 : 0.8497"
"17,43 : 0.5727"
"43,17 : 0.5727"
"17,44 : 0.3413"
"44,17 : 0.3413"
"17,45 : 0.822"
"45,17 : 0.822"
"17,46 : 0.2844"
"46,17 : 0.2844"
"17,47 : 0.779"
"47,17 : 0.779"
"17,48 : 0.1345"
"48,17 : 0.1345"
"17,49 : 0.9705"
"49,17 : 0.9705"
"18,19 : 0.2642"
"19,18 : 0.2642"
"18,20 : 0.4295"
"20,18 : 0.4295"
"18,21 : 0.3418"
"21,18 : 0.3418"
"18,22 : 0.8184"
"22,18 : 0.8184"
"18,23 : 0.7139"
"23,18 : 0.7139"
"18,24 : 0.4357"
"24,18 : 0.4357"
"18,25 : 0.5301"
"25,18 : 0.5301"
"18,26 : 0.4669"
"26,18 : 0.4669"
"18,27 : 0.5045"
"27,18 : 0.5045"
"18,28 : 0.3962"
"28,18 : 0.3962"
"18,29 : 0.3722"
"29,18 : 0.3722"
"18,30 : 0.13"
"30,18 : 0.13"
"18,31 : 0.771"
"31,18 : 0.771"
"18,32 : 0.41"
"32,18 : 0.41"
"18,33 : 0.483"
"33,18 : 0.483"
"18,34 : 0.1221"
"34,18 : 0.1221"
"18,35 : 0.486"
"35,18 : 0.486"
"18,36 : 0.3748"
"36,18 : 0.3748"
"18,37 : 0.5009"
"37,18 : 0.5009"
"18,38 : 0.4776"
"38,18 : 0.4776"
"18,39 : 0.201"
"39,18 : 0.201"
"18,40 : 0.9652"
"40,18 : 0.9652"
"18,41 : 0.1421"
"41,18 : 0.1421"
"18,42 : 0.8386"
"42,18 : 0.8386"
"18,43 : 0.2147"
"43,18 : 0.2147"
"18,44 : 0.7694"
"44,18 : 0.7694"
"18,45 : 0.3625"
"45,18 : 0.3625"
"18,46 : 0.2864"
"46,18 : 0.2864"
"18,47 : 0.8006"
"47,18 : 0.8006"
"18,48 : 0.4974"
"48,18 : 0.4974"
"18,49 : 0.5474"
"49,18 : 0.5474"
"19,20 : 0.6862"
"20,19 : 0.6862"
"19,21 : 0.6042"
"21,19 : 0.6042"
"19,22 : 0.5981"
"22,19 : 0.5981"
"19,23 : 0.5771"
"23,19 : 0.5771"
"19,24 : 0.6896"
"24,19 : 0.6896"
"19,25 : 0.4565"
"25,19 : 0.4565"
"19,26 : 0.5887"
"26,19 : 0.5887"
"19,27 : 0.6485"
"27,19 : 0.6485"
"19,28 : 0.2561"
"28,19 : 0.2561"
"19,29 : 0.6236"
"29,19 : 0.6236"
"19,30 : 0.359"
"30,19 : 0.359"
"19,31 : 0.6946"
"31,19 : 0.6946"
"19,32 : 0.4187"
"32,19 : 0.4187"
"19,33 : 0.6661"
"33,19 : 0.6661"
"19,34 : 0.1432"
"34,19 : 0.1432"
"19,35 : 0.2263"
"35,19 : 0.2263"
"19,36 : 0.3764"
"36,19 : 0.3764"
"19,37 : 0.5522"
"37,19 : 0.5522"
"19,38 : 0.3276"
"38,19 : 0.3276"
"19,39 : 0.153"
"39,19 : 0.153"
"19,40 : 0.7382"
"40,19 : 0.7382"
"19,41 : 0.4"
"41,19 : 0.4"
"19,42 : 0.623"
"42,19 : 0.623"
"19,43 : 0.05"
"43,19 : 0.05"
"19,44 : 0.8066"
"44,19 : 0.8066"
"19,45 : 0.2973"
"45,19 : 0.2973"
"19,46 : 0.5148"
"46,19 : 0.5148"
"19,47 : 0.6021"
"47,19 : 0.6021"
"19,48 : 0.6708"
"48,19 : 0.6708"
"19,49 : 0.3801"
"49,19 : 0.3801"
"20,21 : 0.1044"
"21,20 : 0.1044"
"20,22 : 1.161"
"22,20 : 1.161"
"20,23 : 0.9683"
"23,20 : 0.9683"
"20,24 : 0.0224"
"24,20 : 0.0224"
"20,25 : 0.7545"
"25,20 : 0.7545"
"20,26 : 0.4415"
"26,20 : 0.4415"
"20,27 : 0.4111"
"27,20 : 0.4111"
"20,28 : 0.8102"
"28,20 : 0.8102"
"20,29 : 0.0707"
"29,20 : 0.0707"
"20,30 : 0.3311"
"30,20 : 0.3311"
"20,31 : 0.9402"
"31,20 : 0.9402"
"20,32 : 0.5908"
"32,20 : 0.5908"
"20,33 : 0.3102"
"33,20 : 0.3102"
"20,34 : 0.5441"
"34,20 : 0.5441"
"20,35 : 0.8947"
"35,20 : 0.8947"
"20,36 : 0.5841"
"36,20 : 0.5841"
"20,37 : 0.5758"
"37,20 : 0.5758"
"20,38 : 0.7925"
"38,20 : 0.7925"
"20,39 : 0.6239"
"39,20 : 0.6239"
"20,40 : 1.3091"
"40,20 : 1.3091"
"20,41 : 0.3306"
"41,20 : 0.3306"
"20,42 : 1.1741"
"42,20 : 1.1741"
"20,43 : 0.6389"
"43,20 : 0.6389"
"20,44 : 0.7723"
"44,20 : 0.7723"
"20,45 : 0.7524"
"45,20 : 0.7524"
"20,46 : 0.2052"
"46,20 : 0.2052"
"20,47 : 1.1176"
"47,20 : 1.1176"
"20,48 : 0.3401"
"48,20 : 0.3401"
"20,49 : 0.96"
"49,20 : 0.96"
"21,22 : 1.1107"
"22,21 : 1.1107"
"21,23 : 0.9402"
"23,21 : 0.9402"
"21,24 : 0.1208"
"24,21 : 0.1208"
"21,25 : 0.729"
"25,21 : 0.729"
"21,26 : 0.46"
"26,21 : 0.46"
"21,27 : 0.4455"
"27,21 : 0.4455"
"21,28 : 0.7118"
"28,21 : 0.7118"
"21,29 : 0.0943"
"29,21 : 0.0943"
"21,30 : 0.2625"
"30,21 : 0.2625"
"21,31 : 0.933"
"31,21 : 0.933"
"21,32 : 0.5686"
"32,21 : 0.5686"
"21,33 : 0.3574"
"33,21 : 0.3574"
"21,34 : 0.461"
"34,21 : 0.461"
"21,35 : 0.8199"
"35,21 : 0.8199"
"21,36 : 0.5547"
"36,21 : 0.5547"
"21,37 : 0.5787"
"37,21 : 0.5787"
"21,38 : 0.7452"
"38,21 : 0.7452"
"21,39 : 0.5295"
"39,21 : 0.5295"
"21,40 : 1.2594"
"40,21 : 1.2594"
"21,41 : 0.2302"
"41,21 : 0.2302"
"21,42 : 1.1261"
"42,21 : 1.1261"
"21,43 : 0.5554"
"43,21 : 0.5554"
"21,44 : 0.801"
"44,21 : 0.801"
"21,45 : 0.6507"
"45,21 : 0.6507"
"21,46 : 0.1844"
"46,21 : 0.1844"
"21,47 : 1.0745"
"47,21 : 1.0745"
"21,48 : 0.386"
"48,21 : 0.386"
"21,49 : 0.8605"
"49,21 : 0.8605"
"22,23 : 0.3002"
"23,22 : 0.3002"
"22,24 : 1.1552"
"24,22 : 1.1552"
"22,25 : 0.4588"
"25,22 : 0.4588"
"22,26 : 0.8367"
"26,22 : 0.8367"
"22,27 : 0.9087"
"27,22 : 0.9087"
"22,28 : 0.7616"
"28,22 : 0.7616"
"22,29 : 1.0904"
"29,22 : 1.0904"
"22,30 : 0.8504"
"30,22 : 0.8504"
"22,31 : 0.4866"
"31,22 : 0.4866"
"22,32 : 0.6042"
"32,22 : 0.6042"
"22,33 : 0.9888"
"33,22 : 0.9888"
"22,34 : 0.7071"
"34,22 : 0.7071"
"22,35 : 0.4031"
"35,22 : 0.4031"
"22,36 : 0.5936"
"36,22 : 0.5936"
"22,37 : 0.7023"
"37,22 : 0.7023"
"22,38 : 0.3688"
"38,22 : 0.3688"
"22,39 : 0.7495"
"39,22 : 0.7495"
"22,40 : 0.1487"
"40,22 : 0.1487"
"22,41 : 0.9596"
"41,22 : 0.9596"
"22,42 : 0.0316"
"42,22 : 0.0316"
"22,43 : 0.6408"
"43,22 : 0.6408"
"22,44 : 0.8001"
"44,22 : 0.8001"
"22,45 : 0.8472"
"45,22 : 0.8472"
"22,46 : 0.9567"
"46,22 : 0.9567"
"22,47 : 0.0949"
"47,22 : 0.0949"
"22,48 : 0.9749"
"48,22 : 0.9749"
"22,49 : 0.7864"
"49,22 : 0.7864"
"23,24 : 0.958"
"24,23 : 0.958"
"23,25 : 0.214"
"25,23 : 0.214"
"23,26 : 0.5841"
"26,23 : 0.5841"
"23,27 : 0.6522"
"27,23 : 0.6522"
"23,28 : 0.8096"
"28,23 : 0.8096"
"23,29 : 0.8987"
"29,23 : 0.8987"
"23,30 : 0.7001"
"30,23 : 0.7001"
"23,31 : 0.1931"
"31,23 : 0.1931"
"23,32 : 0.378"
"32,23 : 0.378"
"23,33 : 0.7452"
"33,23 : 0.7452"
"23,34 : 0.6313"
"34,23 : 0.6313"
"23,35 : 0.4802"
"35,23 : 0.4802"
"23,36 : 0.3859"
"36,23 : 0.3859"
"23,37 : 0.4383"
"37,23 : 0.4383"
"23,38 : 0.2508"
"38,23 : 0.2508"
"23,39 : 0.7225"
"39,23 : 0.7225"
"23,40 : 0.4123"
"40,23 : 0.4123"
"23,41 : 0.842"
"41,23 : 0.842"
"23,42 : 0.2907"
"42,23 : 0.2907"
"23,43 : 0.6021"
"43,23 : 0.6021"
"23,44 : 0.5004"
"44,23 : 0.5004"
"23,45 : 0.871"
"45,23 : 0.871"
"23,46 : 0.7655"
"46,23 : 0.7655"
"23,47 : 0.211"
"47,23 : 0.211"
"23,48 : 0.7262"
"48,23 : 0.7262"
"23,49 : 0.8855"
"49,23 : 0.8855"
"24,25 : 0.744"
"25,24 : 0.744"
"24,26 : 0.4245"
"26,24 : 0.4245"
"24,27 : 0.392"
"27,24 : 0.392"
"24,28 : 0.82"
"28,24 : 0.82"
"24,29 : 0.0671"
"29,24 : 0.0671"
"24,30 : 0.3324"
"30,24 : 0.3324"
"24,31 : 0.9261"
"31,24 : 0.9261"
"24,32 : 0.5801"
"32,24 : 0.5801"
"24,33 : 0.29"
"33,24 : 0.29"
"24,34 : 0.5482"
"34,24 : 0.5482"
"24,35 : 0.8955"
"35,24 : 0.8955"
"24,36 : 0.5749"
"36,24 : 0.5749"
"24,37 : 0.5608"
"37,24 : 0.5608"
"24,38 : 0.7864"
"38,24 : 0.7864"
"24,39 : 0.632"
"39,24 : 0.632"
"24,40 : 1.303"
"40,24 : 1.303"
"24,41 : 0.3423"
"41,24 : 0.3423"
"24,42 : 1.1678"
"42,24 : 1.1678"
"24,43 : 0.6429"
"43,24 : 0.6429"
"24,44 : 0.7533"
"44,24 : 0.7533"
"24,45 : 0.7642"
"45,24 : 0.7642"
"24,46 : 0.1985"
"46,24 : 0.1985"
"24,47 : 1.1102"
"47,24 : 1.1102"
"24,48 : 0.32"
"48,24 : 0.32"
"24,49 : 0.9702"
"49,24 : 0.9702"
"25,26 : 0.3808"
"26,25 : 0.3808"
"25,27 : 0.4518"
"27,25 : 0.4518"
"25,28 : 0.7102"
"28,25 : 0.7102"
"25,29 : 0.6851"
"29,25 : 0.6851"
"25,30 : 0.4973"
"30,25 : 0.4973"
"25,31 : 0.2452"
"31,25 : 0.2452"
"25,32 : 0.164"
"32,25 : 0.164"
"25,33 : 0.5382"
"33,25 : 0.5382"
"25,34 : 0.4687"
"34,25 : 0.4687"
"25,35 : 0.4494"
"35,25 : 0.4494"
"25,36 : 0.1746"
"36,25 : 0.1746"
"25,37 : 0.2435"
"37,25 : 0.2435"
"25,38 : 0.17"
"38,25 : 0.17"
"25,39 : 0.5819"
"39,25 : 0.5819"
"25,40 : 0.5948"
"40,25 : 0.5948"
"25,41 : 0.6478"
"41,25 : 0.6478"
"25,42 : 0.461"
"42,25 : 0.461"
"25,43 : 0.4662"
"43,25 : 0.4662"
"25,44 : 0.3992"
"44,25 : 0.3992"
"25,45 : 0.7515"
"45,25 : 0.7515"
"25,46 : 0.5523"
"46,25 : 0.5523"
"25,47 : 0.3895"
"47,25 : 0.3895"
"25,48 : 0.5215"
"48,25 : 0.5215"
"25,49 : 0.8157"
"49,25 : 0.8157"
"26,27 : 0.0728"
"27,26 : 0.0728"
"26,28 : 0.8199"
"28,26 : 0.8199"
"26,29 : 0.3833"
"29,26 : 0.3833"
"26,30 : 0.3523"
"30,26 : 0.3523"
"26,31 : 0.5131"
"31,26 : 0.5131"
"26,32 : 0.2377"
"32,26 : 0.2377"
"26,33 : 0.1628"
"33,26 : 0.1628"
"26,34 : 0.4993"
"34,26 : 0.4993"
"26,35 : 0.7118"
"35,26 : 0.7118"
"26,36 : 0.2617"
"36,26 : 0.2617"
"26,37 : 0.1487"
"37,26 : 0.1487"
"26,38 : 0.4924"
"38,26 : 0.4924"
"26,39 : 0.6325"
"39,26 : 0.6325"
"26,40 : 0.9753"
"40,26 : 0.9753"
"26,41 : 0.5054"
"41,26 : 0.5054"
"26,42 : 0.8408"
"42,26 : 0.8408"
"26,43 : 0.5636"
"43,26 : 0.5636"
"26,44 : 0.3423"
"44,26 : 0.3423"
"26,45 : 0.814"
"45,26 : 0.814"
"26,46 : 0.2828"
"46,26 : 0.2828"
"26,47 : 0.7703"
"47,26 : 0.7703"
"26,48 : 0.1421"
"48,26 : 0.1421"
"26,49 : 0.9615"
"49,26 : 0.9615"
"27,28 : 0.8721"
"28,27 : 0.8721"
"27,29 : 0.3606"
"29,27 : 0.3606"
"27,30 : 0.3818"
"30,27 : 0.3818"
"27,31 : 0.5701"
"31,27 : 0.5701"
"27,32 : 0.3105"
"32,27 : 0.3105"
"27,33 : 0.1077"
"33,27 : 0.1077"
"27,34 : 0.5501"
"34,27 : 0.5501"
"27,35 : 0.7806"
"35,27 : 0.7806"
"27,36 : 0.3338"
"36,27 : 0.3338"
"27,37 : 0.214"
"37,27 : 0.214"
"27,38 : 0.5652"
"38,27 : 0.5652"
"27,39 : 0.681"
"39,27 : 0.681"
"27,40 : 1.0466"
"40,27 : 1.0466"
"27,41 : 0.5243"
"41,27 : 0.5243"
"27,42 : 0.9124"
"42,27 : 0.9124"
"27,43 : 0.6203"
"43,27 : 0.6203"
"27,44 : 0.3612"
"44,27 : 0.3612"
"27,45 : 0.8598"
"45,27 : 0.8598"
"27,46 : 0.2823"
"46,27 : 0.2823"
"27,47 : 0.8412"
"47,27 : 0.8412"
"27,48 : 0.0806"
"48,27 : 0.0806"
"27,49 : 1.0164"
"49,27 : 1.0164"
"28,29 : 0.7606"
"29,28 : 0.7606"
"28,30 : 0.5239"
"30,28 : 0.5239"
"28,31 : 0.9437"
"31,28 : 0.9437"
"28,32 : 0.6718"
"32,28 : 0.6718"
"28,33 : 0.8698"
"33,28 : 0.8698"
"28,34 : 0.322"
"34,28 : 0.322"
"28,35 : 0.36"
"35,28 : 0.36"
"28,36 : 0.6294"
"36,28 : 0.6294"
"28,37 : 0.8016"
"37,28 : 0.8016"
"28,38 : 0.5686"
"38,28 : 0.5686"
"28,39 : 0.1965"
"39,28 : 0.1965"
"28,40 : 0.8828"
"40,28 : 0.8828"
"28,41 : 0.4817"
"41,28 : 0.4817"
"28,42 : 0.791"
"42,28 : 0.791"
"28,43 : 0.2625"
"43,28 : 0.2625"
"28,44 : 1.0607"
"44,28 : 1.0607"
"28,45 : 0.1"
"45,28 : 0.1"
"28,46 : 0.6825"
"46,28 : 0.6825"
"28,47 : 0.791"
"47,28 : 0.791"
"28,48 : 0.8802"
"48,28 : 0.8802"
"28,49 : 0.1513"
"49,28 : 0.1513"
"29,30 : 0.2657"
"30,29 : 0.2657"
"29,31 : 0.8746"
"31,29 : 0.8746"
"29,32 : 0.5215"
"32,29 : 0.5215"
"29,33 : 0.2668"
"33,29 : 0.2668"
"29,34 : 0.4827"
"34,29 : 0.4827"
"29,35 : 0.8286"
"35,29 : 0.8286"
"29,36 : 0.514"
"36,29 : 0.514"
"29,37 : 0.5124"
"37,29 : 0.5124"
"29,38 : 0.7218"
"38,29 : 0.7218"
"29,39 : 0.5704"
"39,29 : 0.5704"
"29,40 : 1.2384"
"40,29 : 1.2384"
"29,41 : 0.2886"
"41,29 : 0.2886"
"29,42 : 1.1034"
"42,29 : 1.1034"
"29,43 : 0.5772"
"43,29 : 0.5772"
"29,44 : 0.7201"
"44,29 : 0.7201"
"29,45 : 0.7086"
"45,29 : 0.7086"
"29,46 : 0.1345"
"46,29 : 0.1345"
"29,47 : 1.0469"
"47,29 : 1.0469"
"29,48 : 0.2961"
"48,29 : 0.2961"
"29,49 : 0.9114"
"49,29 : 0.9114"
"30,31 : 0.7244"
"31,30 : 0.7244"
"30,32 : 0.3513"
"32,30 : 0.3513"
"30,33 : 0.3536"
"33,30 : 0.3536"
"30,34 : 0.2209"
"34,30 : 0.2209"
"30,35 : 0.5636"
"35,30 : 0.5636"
"30,36 : 0.3256"
"36,30 : 0.3256"
"30,37 : 0.4123"
"37,30 : 0.4123"
"30,38 : 0.4883"
"38,30 : 0.4883"
"30,39 : 0.3276"
"39,30 : 0.3276"
"30,40 : 0.999"
"40,30 : 0.999"
"30,41 : 0.1628"
"41,30 : 0.1628"
"30,42 : 0.8668"
"42,30 : 0.8668"
"30,43 : 0.314"
"43,30 : 0.314"
"30,44 : 0.6742"
"44,30 : 0.6742"
"30,45 : 0.4924"
"45,30 : 0.4924"
"30,46 : 0.1603"
"46,30 : 0.1603"
"30,47 : 0.8184"
"47,30 : 0.8184"
"30,48 : 0.3689"
"48,30 : 0.3689"
"30,49 : 0.6747"
"49,30 : 0.6747"
"31,32 : 0.3734"
"32,31 : 0.3734"
"31,33 : 0.6742"
"33,31 : 0.6742"
"31,34 : 0.7139"
"34,31 : 0.7139"
"31,35 : 0.6444"
"35,31 : 0.6444"
"31,36 : 0.4005"
"36,31 : 0.4005"
"31,37 : 0.3672"
"37,31 : 0.3672"
"31,38 : 0.3774"
"38,31 : 0.3774"
"31,39 : 0.8257"
"39,31 : 0.8257"
"31,40 : 0.5808"
"40,31 : 0.5808"
"31,41 : 0.8814"
"41,31 : 0.8814"
"31,42 : 0.4727"
"42,31 : 0.4727"
"31,43 : 0.7084"
"43,31 : 0.7084"
"31,44 : 0.3324"
"44,31 : 0.3324"
"31,45 : 0.9916"
"45,31 : 0.9916"
"31,46 : 0.7495"
"46,31 : 0.7495"
"31,47 : 0.3932"
"47,31 : 0.3932"
"31,48 : 0.65"
"48,31 : 0.65"
"31,49 : 1.0373"
"49,31 : 1.0373"
"32,33 : 0.3847"
"33,32 : 0.3847"
"32,34 : 0.3808"
"34,32 : 0.3808"
"32,35 : 0.4924"
"35,32 : 0.4924"
"32,36 : 0.0424"
"36,32 : 0.0424"
"32,37 : 0.1393"
"37,32 : 0.1393"
"32,38 : 0.255"
"38,32 : 0.255"
"32,39 : 0.5104"
"39,32 : 0.5104"
"32,40 : 0.7463"
"40,32 : 0.7463"
"32,41 : 0.51"
"41,32 : 0.51"
"32,42 : 0.6106"
"42,32 : 0.6106"
"32,43 : 0.4104"
"43,32 : 0.4104"
"32,44 : 0.389"
"44,32 : 0.389"
"32,45 : 0.692"
"45,32 : 0.692"
"32,46 : 0.3895"
"46,32 : 0.3895"
"32,47 : 0.5441"
"47,32 : 0.5441"
"32,48 : 0.3716"
"48,32 : 0.3716"
"32,49 : 0.7981"
"49,32 : 0.7981"
"33,34 : 0.5508"
"34,33 : 0.5508"
"33,35 : 0.823"
"35,33 : 0.823"
"33,36 : 0.3992"
"36,33 : 0.3992"
"33,37 : 0.3114"
"37,33 : 0.3114"
"33,38 : 0.6332"
"38,33 : 0.6332"
"33,39 : 0.6742"
"39,33 : 0.6742"
"33,40 : 1.1302"
"40,33 : 1.1302"
"33,41 : 0.4738"
"41,33 : 0.4738"
"33,42 : 0.9948"
"42,33 : 0.9948"
"33,43 : 0.6315"
"43,33 : 0.6315"
"33,44 : 0.4653"
"44,33 : 0.4653"
"33,45 : 0.8453"
"45,33 : 0.8453"
"33,46 : 0.2193"
"46,33 : 0.2193"
"33,47 : 0.9265"
"47,33 : 0.9265"
"33,48 : 0.03"
"48,33 : 0.03"
"33,49 : 1.0183"
"49,33 : 1.0183"
"34,35 : 0.364"
"35,34 : 0.364"
"34,36 : 0.34"
"36,34 : 0.34"
"34,37 : 0.4968"
"37,34 : 0.4968"
"34,38 : 0.3847"
"38,34 : 0.3847"
"34,39 : 0.1345"
"39,34 : 0.1345"
"34,40 : 0.8523"
"40,34 : 0.8523"
"34,41 : 0.2617"
"41,34 : 0.2617"
"34,42 : 0.729"
"42,34 : 0.729"
"34,43 : 0.0949"
"43,34 : 0.0949"
"34,44 : 0.764"
"44,34 : 0.764"
"34,45 : 0.3183"
"45,34 : 0.3183"
"34,46 : 0.3801"
"46,34 : 0.3801"
"34,47 : 0.6964"
"47,34 : 0.6964"
"34,48 : 0.5597"
"48,34 : 0.5597"
"34,49 : 0.4682"
"49,34 : 0.4682"
"35,36 : 0.4571"
"36,35 : 0.4571"
"35,37 : 0.6306"
"37,35 : 0.6306"
"35,38 : 0.2802"
"38,35 : 0.2802"
"35,39 : 0.3636"
"39,35 : 0.3636"
"35,40 : 0.5316"
"40,35 : 0.5316"
"35,41 : 0.6248"
"41,35 : 0.6248"
"35,42 : 0.4319"
"42,35 : 0.4319"
"35,43 : 0.2759"
"43,35 : 0.2759"
"35,44 : 0.8453"
"44,35 : 0.8453"
"35,45 : 0.4441"
"45,35 : 0.4441"
"35,46 : 0.7084"
"46,35 : 0.7084"
"35,47 : 0.4319"
"47,35 : 0.4319"
"35,48 : 0.821"
"48,35 : 0.821"
"35,49 : 0.4085"
"49,35 : 0.4085"
"36,37 : 0.1789"
"37,36 : 0.1789"
"36,38 : 0.2341"
"38,36 : 0.2341"
"36,39 : 0.4687"
"39,36 : 0.4687"
"36,40 : 0.7382"
"40,36 : 0.7382"
"36,41 : 0.4809"
"41,36 : 0.4809"
"36,42 : 0.6022"
"42,36 : 0.6022"
"36,43 : 0.368"
"43,36 : 0.368"
"36,44 : 0.4314"
"44,36 : 0.4314"
"36,45 : 0.65"
"45,36 : 0.65"
"36,46 : 0.3801"
"46,36 : 0.3801"
"36,47 : 0.5391"
"47,36 : 0.5391"
"36,48 : 0.389"
"48,36 : 0.389"
"36,49 : 0.756"
"49,36 : 0.756"
"37,38 : 0.38"
"38,37 : 0.38"
"37,39 : 0.6303"
"39,37 : 0.6303"
"37,40 : 0.8367"
"40,37 : 0.8367"
"37,41 : 0.5749"
"41,37 : 0.5749"
"37,42 : 0.7038"
"42,37 : 0.7038"
"37,43 : 0.5391"
"43,37 : 0.5391"
"37,44 : 0.2693"
"44,37 : 0.2693"
"37,45 : 0.8139"
"45,37 : 0.8139"
"37,46 : 0.3946"
"46,37 : 0.3946"
"37,47 : 0.6307"
"47,37 : 0.6307"
"37,48 : 0.29"
"48,37 : 0.29"
"37,49 : 0.9323"
"49,37 : 0.9323"
"38,39 : 0.4717"
"39,38 : 0.4717"
"38,40 : 0.5166"
"40,38 : 0.5166"
"38,41 : 0.6133"
"41,38 : 0.6133"
"38,42 : 0.3818"
"42,38 : 0.3818"
"38,43 : 0.3513"
"43,38 : 0.3513"
"38,44 : 0.5686"
"44,38 : 0.5686"
"38,45 : 0.6236"
"45,38 : 0.6236"
"38,46 : 0.588"
"46,38 : 0.588"
"38,47 : 0.3302"
"47,38 : 0.3302"
"38,48 : 0.623"
"48,38 : 0.623"
"38,49 : 0.6603"
"49,38 : 0.6603"
"39,40 : 0.8877"
"40,39 : 0.8877"
"39,41 : 0.3036"
"41,39 : 0.3036"
"39,42 : 0.7749"
"42,39 : 0.7749"
"39,43 : 0.1204"
"43,39 : 0.1204"
"39,44 : 0.8964"
"44,39 : 0.8964"
"39,45 : 0.1838"
"45,39 : 0.1838"
"39,46 : 0.4866"
"46,39 : 0.4866"
"39,47 : 0.755"
"47,39 : 0.755"
"39,48 : 0.6854"
"48,39 : 0.6854"
"39,49 : 0.3471"
"49,39 : 0.3471"
"40,41 : 1.1068"
"41,40 : 1.1068"
"40,42 : 0.136"
"42,40 : 0.136"
"40,43 : 0.7826"
"43,40 : 0.7826"
"40,44 : 0.908"
"44,40 : 0.908"
"40,45 : 0.9729"
"45,40 : 0.9729"
"40,46 : 1.1045"
"46,40 : 1.1045"
"40,47 : 0.2062"
"47,40 : 0.2062"
"40,48 : 1.1151"
"48,40 : 1.1151"
"40,49 : 0.89"
"49,40 : 0.89"
"41,42 : 0.9794"
"42,41 : 0.9794"
"41,43 : 0.35"
"43,41 : 0.35"
"41,44 : 0.8349"
"44,41 : 0.8349"
"41,45 : 0.4219"
"45,41 : 0.4219"
"41,46 : 0.255"
"46,41 : 0.255"
"41,47 : 0.9394"
"47,41 : 0.9394"
"41,48 : 0.4952"
"48,41 : 0.4952"
"41,49 : 0.6303"
"49,41 : 0.6303"
"42,43 : 0.6648"
"43,42 : 0.6648"
"42,44 : 0.791"
"44,42 : 0.791"
"42,45 : 0.8757"
"45,42 : 0.8757"
"42,46 : 0.9694"
"46,42 : 0.9694"
"42,47 : 0.08"
"47,42 : 0.08"
"42,48 : 0.9801"
"48,42 : 0.9801"
"42,49 : 0.8174"
"49,42 : 0.8174"
