x,y
0.57,0.36
0.54,0.98
0.22,0.8
0.58,0.3
0.7,0.63
0.31,0.86
0.5,0.39
0.01,0.21
0.03,0.51
0.64,0.08
0.56,1.0
0.9,0.98
0.95,0.73
0.05,0.94
0.22,0.53
0.5,0.64
0.63,0.69
0.65,0.52
0.28,0.41
0.31,0.92
0.3,0.69
0.17,0.54
0.81,0.24
0.7,0.53
0.12,0.19
0.1,0.36
0.39,0.03
0.25,0.36
0.47,0.42
0.09,0.25
0.65,0.45
0.76,0.16
0.68,0.14
0.67,0.21
0.08,0.3
0.84,0.08
0.31,0.85
0.52,0.56
0.99,0.86
0.51,0.5
0.87,0.27
0.06,0.74
0.42,0.7
0.46,0.57
0.65,0.42
0.68,0.85
0.7,0.59
0.46,0.82
0.64,0.56
0.9,1.0

Distanze
"0,1 : 0.6207"
"1,0 : 0.6207"
"0,2 : 0.5622"
"2,0 : 0.5622"
"0,3 : 0.0608"
"3,0 : 0.0608"
"0,4 : 0.2997"
"4,0 : 0.2997"
"0,5 : 0.5636"
"5,0 : 0.5636"
"0,6 : 0.0762"
"6,0 : 0.0762"
"0,7 : 0.5797"
"7,0 : 0.5797"
"0,8 : 0.5604"
"8,0 : 0.5604"
"0,9 : 0.2886"
"9,0 : 0.2886"
"0,10 : 0.6401"
"10,0 : 0.6401"
"0,11 : 0.7024"
"11,0 : 0.7024"
"0,12 : 0.5304"
"12,0 : 0.5304"
"0,13 : 0.779"
"13,0 : 0.779"
"0,14 : 0.3891"
"14,0 : 0.3891"
"0,15 : 0.2886"
"15,0 : 0.2886"
"0,16 : 0.3354"
"16,0 : 0.3354"
"0,17 : 0.1789"
"17,0 : 0.1789"
"0,18 : 0.2943"
"18,0 : 0.2943"
"0,19 : 0.6174"
"19,0 : 0.6174"
"0,20 : 0.4264"
"20,0 : 0.4264"
"0,21 : 0.4386"
"21,0 : 0.4386"
"0,22 : 0.2683"
"22,0 : 0.2683"
"0,23 : 0.214"
"23,0 : 0.214"
"0,24 : 0.481"
"24,0 : 0.481"
"0,25 : 0.47"
"25,0 : 0.47"
"0,26 : 0.3759"
"26,0 : 0.3759"
"0,27 : 0.32"
"27,0 : 0.32"
"0,28 : 0.1166"
"28,0 : 0.1166"
"0,29 : 0.4924"
"29,0 : 0.4924"
"0,30 : 0.1204"
"30,0 : 0.1204"
"0,31 : 0.2759"
"31,0 : 0.2759"
"0,32 : 0.246"
"32,0 : 0.246"
"0,33 : 0.1803"
"33,0 : 0.1803"
"0,34 : 0.4937"
"34,0 : 0.4937"
"0,35 : 0.389"
"35,0 : 0.389"
"0,36 : 0.5547"
"36,0 : 0.5547"
"0,37 : 0.2062"
"37,0 : 0.2062"
"0,38 : 0.653"
"38,0 : 0.653"
"0,39 : 0.1523"
"39,0 : 0.1523"
"0,40 : 0.3132"
"40,0 : 0.3132"
"0,41 : 0.636"
"41,0 : 0.636"
"0,42 : 0.3716"
"42,0 : 0.3716"
"0,43 : 0.2371"
"43,0 : 0.2371"
"0,44 : 0.1"
"44,0 : 0.1"
"0,45 : 0.5022"
"45,0 : 0.5022"
"0,46 : 0.2642"
"46,0 : 0.2642"
"0,47 : 0.473"
"47,0 : 0.473"
"0,48 : 0.2119"
"48,0 : 0.2119"
"0,49 : 0.7201"
"49,0 : 0.7201"
"1,2 : 0.3672"
"2,1 : 0.3672"
"1,3 : 0.6812"
"3,1 : 0.6812"
"1,4 : 0.3848"
"4,1 : 0.3848"
"1,5 : 0.2594"
"5,1 : 0.2594"
"1,6 : 0.5914"
"6,1 : 0.5914"
"1,7 : 0.9348"
"7,1 : 0.9348"
"1,8 : 0.6935"
"8,1 : 0.6935"
"1,9 : 0.9055"
"9,1 : 0.9055"
"1,10 : 0.0283"
"10,1 : 0.0283"
"1,11 : 0.36"
"11,1 : 0.36"
"1,12 : 0.4802"
"12,1 : 0.4802"
"1,13 : 0.4916"
"13,1 : 0.4916"
"1,14 : 0.5522"
"14,1 : 0.5522"
"1,15 : 0.3423"
"15,1 : 0.3423"
"1,16 : 0.3036"
"16,1 : 0.3036"
"1,17 : 0.473"
"17,1 : 0.473"
"1,18 : 0.6265"
"18,1 : 0.6265"
"1,19 : 0.2377"
"19,1 : 0.2377"
"1,20 : 0.3764"
"20,1 : 0.3764"
"1,21 : 0.5749"
"21,1 : 0.5749"
"1,22 : 0.7877"
"22,1 : 0.7877"
"1,23 : 0.4776"
"23,1 : 0.4776"
"1,24 : 0.8947"
"24,1 : 0.8947"
"1,25 : 0.7603"
"25,1 : 0.7603"
"1,26 : 0.9618"
"26,1 : 0.9618"
"1,27 : 0.6845"
"27,1 : 0.6845"
"1,28 : 0.5644"
"28,1 : 0.5644"
"1,29 : 0.8576"
"29,1 : 0.8576"
"1,30 : 0.5413"
"30,1 : 0.5413"
"1,31 : 0.849"
"31,1 : 0.849"
"1,32 : 0.8516"
"32,1 : 0.8516"
"1,33 : 0.7809"
"33,1 : 0.7809"
"1,34 : 0.821"
"34,1 : 0.821"
"1,35 : 0.9487"
"35,1 : 0.9487"
"1,36 : 0.2642"
"36,1 : 0.2642"
"1,37 : 0.4205"
"37,1 : 0.4205"
"1,38 : 0.4657"
"38,1 : 0.4657"
"1,39 : 0.4809"
"39,1 : 0.4809"
"1,40 : 0.7829"
"40,1 : 0.7829"
"1,41 : 0.5367"
"41,1 : 0.5367"
"1,42 : 0.3046"
"42,1 : 0.3046"
"1,43 : 0.4177"
"43,1 : 0.4177"
"1,44 : 0.5707"
"44,1 : 0.5707"
"1,45 : 0.191"
"45,1 : 0.191"
"1,46 : 0.4215"
"46,1 : 0.4215"
"1,47 : 0.1789"
"47,1 : 0.1789"
"1,48 : 0.4317"
"48,1 : 0.4317"
"1,49 : 0.3606"
"49,1 : 0.3606"
"2,3 : 0.6161"
"3,2 : 0.6161"
"2,4 : 0.5092"
"4,2 : 0.5092"
"2,5 : 0.1082"
"5,2 : 0.1082"
"2,6 : 0.4965"
"6,2 : 0.4965"
"2,7 : 0.6263"
"7,2 : 0.6263"
"2,8 : 0.3467"
"8,2 : 0.3467"
"2,9 : 0.8335"
"9,2 : 0.8335"
"2,10 : 0.3945"
"10,2 : 0.3945"
"2,11 : 0.7034"
"11,2 : 0.7034"
"2,12 : 0.7333"
"12,2 : 0.7333"
"2,13 : 0.2202"
"13,2 : 0.2202"
"2,14 : 0.27"
"14,2 : 0.27"
"2,15 : 0.3225"
"15,2 : 0.3225"
"2,16 : 0.4245"
"16,2 : 0.4245"
"2,17 : 0.5131"
"17,2 : 0.5131"
"2,18 : 0.3946"
"18,2 : 0.3946"
"2,19 : 0.15"
"19,2 : 0.15"
"2,20 : 0.136"
"20,2 : 0.136"
"2,21 : 0.2648"
"21,2 : 0.2648"
"2,22 : 0.8134"
"22,2 : 0.8134"
"2,23 : 0.5507"
"23,2 : 0.5507"
"2,24 : 0.6181"
"24,2 : 0.6181"
"2,25 : 0.4561"
"25,2 : 0.4561"
"2,26 : 0.7885"
"26,2 : 0.7885"
"2,27 : 0.441"
"27,2 : 0.441"
"2,28 : 0.4549"
"28,2 : 0.4549"
"2,29 : 0.5652"
"29,2 : 0.5652"
"2,30 : 0.5544"
"30,2 : 0.5544"
"2,31 : 0.8374"
"31,2 : 0.8374"
"2,32 : 0.8045"
"32,2 : 0.8045"
"2,33 : 0.742"
"33,2 : 0.742"
"2,34 : 0.5192"
"34,2 : 0.5192"
"2,35 : 0.9502"
"35,2 : 0.9502"
"2,36 : 0.103"
"36,2 : 0.103"
"2,37 : 0.3842"
"37,2 : 0.3842"
"2,38 : 0.7723"
"38,2 : 0.7723"
"2,39 : 0.4173"
"39,2 : 0.4173"
"2,40 : 0.8387"
"40,2 : 0.8387"
"2,41 : 0.1709"
"41,2 : 0.1709"
"2,42 : 0.2236"
"42,2 : 0.2236"
"2,43 : 0.3324"
"43,2 : 0.3324"
"2,44 : 0.5738"
"44,2 : 0.5738"
"2,45 : 0.4627"
"45,2 : 0.4627"
"2,46 : 0.5239"
"46,2 : 0.5239"
"2,47 : 0.2408"
"47,2 : 0.2408"
"2,48 : 0.4837"
"48,2 : 0.4837"
"2,49 : 0.7088"
"49,2 : 0.7088"
"3,4 : 0.3511"
"4,3 : 0.3511"
"3,5 : 0.6217"
"5,3 : 0.6217"
"3,6 : 0.1204"
"6,3 : 0.1204"
"3,7 : 0.5771"
"7,3 : 0.5771"
"3,8 : 0.5887"
"8,3 : 0.5887"
"3,9 : 0.228"
"9,3 : 0.228"
"3,10 : 0.7003"
"10,3 : 0.7003"
"3,11 : 0.7515"
"11,3 : 0.7515"
"3,12 : 0.5673"
"12,3 : 0.5673"
"3,13 : 0.831"
"13,3 : 0.831"
"3,14 : 0.4272"
"14,3 : 0.4272"
"3,15 : 0.3493"
"15,3 : 0.3493"
"3,16 : 0.3932"
"16,3 : 0.3932"
"3,17 : 0.2309"
"17,3 : 0.2309"
"3,18 : 0.3195"
"18,3 : 0.3195"
"3,19 : 0.6762"
"19,3 : 0.6762"
"3,20 : 0.4801"
"20,3 : 0.4801"
"3,21 : 0.4751"
"21,3 : 0.4751"
"3,22 : 0.2377"
"22,3 : 0.2377"
"3,23 : 0.2594"
"23,3 : 0.2594"
"3,24 : 0.473"
"24,3 : 0.473"
"3,25 : 0.4837"
"25,3 : 0.4837"
"3,26 : 0.3302"
"26,3 : 0.3302"
"3,27 : 0.3354"
"27,3 : 0.3354"
"3,28 : 0.1628"
"28,3 : 0.1628"
"3,29 : 0.4925"
"29,3 : 0.4925"
"3,30 : 0.1655"
"30,3 : 0.1655"
"3,31 : 0.228"
"31,3 : 0.228"
"3,32 : 0.1887"
"32,3 : 0.1887"
"3,33 : 0.1273"
"33,3 : 0.1273"
"3,34 : 0.5"
"34,3 : 0.5"
"3,35 : 0.3406"
"35,3 : 0.3406"
"3,36 : 0.6127"
"36,3 : 0.6127"
"3,37 : 0.2668"
"37,3 : 0.2668"
"3,38 : 0.694"
"38,3 : 0.694"
"3,39 : 0.2119"
"39,3 : 0.2119"
"3,40 : 0.2915"
"40,3 : 0.2915"
"3,41 : 0.6812"
"41,3 : 0.6812"
"3,42 : 0.4308"
"42,3 : 0.4308"
"3,43 : 0.2955"
"43,3 : 0.2955"
"3,44 : 0.1389"
"44,3 : 0.1389"
"3,45 : 0.559"
"45,3 : 0.559"
"3,46 : 0.3138"
"46,3 : 0.3138"
"3,47 : 0.5337"
"47,3 : 0.5337"
"3,48 : 0.2668"
"48,3 : 0.2668"
"3,49 : 0.7697"
"49,3 : 0.7697"
"4,5 : 0.4528"
"5,4 : 0.4528"
"4,6 : 0.3124"
"6,4 : 0.3124"
"4,7 : 0.8078"
"7,4 : 0.8078"
"4,8 : 0.6807"
"8,4 : 0.6807"
"4,9 : 0.5533"
"9,4 : 0.5533"
"4,10 : 0.3956"
"10,4 : 0.3956"
"4,11 : 0.4031"
"11,4 : 0.4031"
"4,12 : 0.2693"
"12,4 : 0.2693"
"4,13 : 0.7201"
"13,4 : 0.7201"
"4,14 : 0.4903"
"14,4 : 0.4903"
"4,15 : 0.2002"
"15,4 : 0.2002"
"4,16 : 0.0922"
"16,4 : 0.0922"
"4,17 : 0.1208"
"17,4 : 0.1208"
"4,18 : 0.4741"
"18,4 : 0.4741"
"4,19 : 0.486"
"19,4 : 0.486"
"4,20 : 0.4045"
"20,4 : 0.4045"
"4,21 : 0.5376"
"21,4 : 0.5376"
"4,22 : 0.4052"
"22,4 : 0.4052"
"4,23 : 0.1"
"23,4 : 0.1"
"4,24 : 0.728"
"24,4 : 0.728"
"4,25 : 0.658"
"25,4 : 0.658"
"4,26 : 0.6754"
"26,4 : 0.6754"
"4,27 : 0.5248"
"27,4 : 0.5248"
"4,28 : 0.3114"
"28,4 : 0.3114"
"4,29 : 0.7187"
"29,4 : 0.7187"
"4,30 : 0.1868"
"30,4 : 0.1868"
"4,31 : 0.4738"
"31,4 : 0.4738"
"4,32 : 0.4904"
"32,4 : 0.4904"
"4,33 : 0.4211"
"33,4 : 0.4211"
"4,34 : 0.7024"
"34,4 : 0.7024"
"4,35 : 0.5675"
"35,4 : 0.5675"
"4,36 : 0.4478"
"36,4 : 0.4478"
"4,37 : 0.1931"
"37,4 : 0.1931"
"4,38 : 0.3701"
"38,4 : 0.3701"
"4,39 : 0.2302"
"39,4 : 0.2302"
"4,40 : 0.3981"
"40,4 : 0.3981"
"4,41 : 0.6494"
"41,4 : 0.6494"
"4,42 : 0.2886"
"42,4 : 0.2886"
"4,43 : 0.2474"
"43,4 : 0.2474"
"4,44 : 0.2159"
"44,4 : 0.2159"
"4,45 : 0.2209"
"45,4 : 0.2209"
"4,46 : 0.04"
"46,4 : 0.04"
"4,47 : 0.3061"
"47,4 : 0.3061"
"4,48 : 0.0922"
"48,4 : 0.0922"
"4,49 : 0.4206"
"49,4 : 0.4206"
"5,6 : 0.507"
"6,5 : 0.507"
"5,7 : 0.7159"
"7,5 : 0.7159"
"5,8 : 0.4482"
"8,5 : 0.4482"
"5,9 : 0.8469"
"9,5 : 0.8469"
"5,10 : 0.2865"
"10,5 : 0.2865"
"5,11 : 0.6021"
"11,5 : 0.6021"
"5,12 : 0.6531"
"12,5 : 0.6531"
"5,13 : 0.272"
"13,5 : 0.272"
"5,14 : 0.3421"
"14,5 : 0.3421"
"5,15 : 0.2907"
"15,5 : 0.2907"
"5,16 : 0.3624"
"16,5 : 0.3624"
"5,17 : 0.4808"
"17,5 : 0.4808"
"5,18 : 0.451"
"18,5 : 0.451"
"5,19 : 0.06"
"19,5 : 0.06"
"5,20 : 0.1703"
"20,5 : 0.1703"
"5,21 : 0.3493"
"21,5 : 0.3493"
"5,22 : 0.7965"
"22,5 : 0.7965"
"5,23 : 0.5109"
"23,5 : 0.5109"
"5,24 : 0.6964"
"24,5 : 0.6964"
"5,25 : 0.5423"
"25,5 : 0.5423"
"5,26 : 0.8338"
"26,5 : 0.8338"
"5,27 : 0.5036"
"27,5 : 0.5036"
"5,28 : 0.4682"
"28,5 : 0.4682"
"5,29 : 0.6485"
"29,5 : 0.6485"
"5,30 : 0.5326"
"30,5 : 0.5326"
"5,31 : 0.8322"
"31,5 : 0.8322"
"5,32 : 0.8095"
"32,5 : 0.8095"
"5,33 : 0.743"
"33,5 : 0.743"
"5,34 : 0.6054"
"34,5 : 0.6054"
"5,35 : 0.943"
"35,5 : 0.943"
"5,36 : 0.01"
"36,5 : 0.01"
"5,37 : 0.3662"
"37,5 : 0.3662"
"5,38 : 0.68"
"38,5 : 0.68"
"5,39 : 0.4118"
"39,5 : 0.4118"
"5,40 : 0.8134"
"40,5 : 0.8134"
"5,41 : 0.2773"
"41,5 : 0.2773"
"5,42 : 0.1942"
"42,5 : 0.1942"
"5,43 : 0.3265"
"43,5 : 0.3265"
"5,44 : 0.5561"
"44,5 : 0.5561"
"5,45 : 0.3701"
"45,5 : 0.3701"
"5,46 : 0.4743"
"46,5 : 0.4743"
"5,47 : 0.1552"
"47,5 : 0.1552"
"5,48 : 0.446"
"48,5 : 0.446"
"5,49 : 0.6064"
"49,5 : 0.6064"
"6,7 : 0.522"
"7,6 : 0.522"
"6,8 : 0.4851"
"8,6 : 0.4851"
"6,9 : 0.3401"
"9,6 : 0.3401"
"6,10 : 0.6129"
"10,6 : 0.6129"
"6,11 : 0.7128"
"11,6 : 0.7128"
"6,12 : 0.564"
"12,6 : 0.564"
"6,13 : 0.7106"
"13,6 : 0.7106"
"6,14 : 0.313"
"14,6 : 0.313"
"6,15 : 0.25"
"15,6 : 0.25"
"6,16 : 0.327"
"16,6 : 0.327"
"6,17 : 0.1985"
"17,6 : 0.1985"
"6,18 : 0.2209"
"18,6 : 0.2209"
"6,19 : 0.563"
"19,6 : 0.563"
"6,20 : 0.3606"
"20,6 : 0.3606"
"6,21 : 0.3625"
"21,6 : 0.3625"
"6,22 : 0.3444"
"22,6 : 0.3444"
"6,23 : 0.2441"
"23,6 : 0.2441"
"6,24 : 0.4294"
"24,6 : 0.4294"
"6,25 : 0.4011"
"25,6 : 0.4011"
"6,26 : 0.3764"
"26,6 : 0.3764"
"6,27 : 0.2518"
"27,6 : 0.2518"
"6,28 : 0.0424"
"28,6 : 0.0424"
"6,29 : 0.4332"
"29,6 : 0.4332"
"6,30 : 0.1616"
"30,6 : 0.1616"
"6,31 : 0.3471"
"31,6 : 0.3471"
"6,32 : 0.3081"
"32,6 : 0.3081"
"6,33 : 0.2476"
"33,6 : 0.2476"
"6,34 : 0.4295"
"34,6 : 0.4295"
"6,35 : 0.4601"
"35,6 : 0.4601"
"6,36 : 0.4977"
"36,6 : 0.4977"
"6,37 : 0.1712"
"37,6 : 0.1712"
"6,38 : 0.679"
"38,6 : 0.679"
"6,39 : 0.1105"
"39,6 : 0.1105"
"6,40 : 0.389"
"40,6 : 0.389"
"6,41 : 0.5622"
"41,6 : 0.5622"
"6,42 : 0.3202"
"42,6 : 0.3202"
"6,43 : 0.1844"
"43,6 : 0.1844"
"6,44 : 0.153"
"44,6 : 0.153"
"6,45 : 0.494"
"45,6 : 0.494"
"6,46 : 0.2828"
"46,6 : 0.2828"
"6,47 : 0.4319"
"47,6 : 0.4319"
"6,48 : 0.2202"
"48,6 : 0.2202"
"6,49 : 0.7295"
"49,6 : 0.7295"
"7,8 : 0.3007"
"8,7 : 0.3007"
"7,9 : 0.6433"
"9,7 : 0.6433"
"7,10 : 0.9626"
"10,7 : 0.9626"
"7,11 : 1.1769"
"11,7 : 1.1769"
"7,12 : 1.0742"
"12,7 : 1.0742"
"7,13 : 0.7311"
"13,7 : 0.7311"
"7,14 : 0.3828"
"14,7 : 0.3828"
"7,15 : 0.6519"
"15,7 : 0.6519"
"7,16 : 0.7841"
"16,7 : 0.7841"
"7,17 : 0.7111"
"17,7 : 0.7111"
"7,18 : 0.336"
"18,7 : 0.336"
"7,19 : 0.7708"
"19,7 : 0.7708"
"7,20 : 0.5608"
"20,7 : 0.5608"
"7,21 : 0.3667"
"21,7 : 0.3667"
"7,22 : 0.8006"
"22,7 : 0.8006"
"7,23 : 0.7606"
"23,7 : 0.7606"
"7,24 : 0.1118"
"24,7 : 0.1118"
"7,25 : 0.1749"
"25,7 : 0.1749"
"7,26 : 0.4205"
"26,7 : 0.4205"
"7,27 : 0.283"
"27,7 : 0.283"
"7,28 : 0.5057"
"28,7 : 0.5057"
"7,29 : 0.0894"
"29,7 : 0.0894"
"7,30 : 0.6835"
"30,7 : 0.6835"
"7,31 : 0.7517"
"31,7 : 0.7517"
"7,32 : 0.6736"
"32,7 : 0.6736"
"7,33 : 0.66"
"33,7 : 0.66"
"7,34 : 0.114"
"34,7 : 0.114"
"7,35 : 0.8401"
"35,7 : 0.8401"
"7,36 : 0.7068"
"36,7 : 0.7068"
"7,37 : 0.6185"
"37,7 : 0.6185"
"7,38 : 1.176"
"38,7 : 1.176"
"7,39 : 0.578"
"39,7 : 0.578"
"7,40 : 0.8621"
"40,7 : 0.8621"
"7,41 : 0.5324"
"41,7 : 0.5324"
"7,42 : 0.6389"
"42,7 : 0.6389"
"7,43 : 0.5763"
"43,7 : 0.5763"
"7,44 : 0.6736"
"44,7 : 0.6736"
"7,45 : 0.9266"
"45,7 : 0.9266"
"7,46 : 0.7877"
"46,7 : 0.7877"
"7,47 : 0.758"
"47,7 : 0.758"
"7,48 : 0.7207"
"48,7 : 0.7207"
"7,49 : 1.19"
"49,7 : 1.19"
"8,9 : 0.7463"
"9,8 : 0.7463"
"8,10 : 0.7218"
"10,8 : 0.7218"
"8,11 : 0.9888"
"11,8 : 0.9888"
"8,12 : 0.9459"
"12,8 : 0.9459"
"8,13 : 0.4305"
"13,8 : 0.4305"
"8,14 : 0.191"
"14,8 : 0.191"
"8,15 : 0.4876"
"15,8 : 0.4876"
"8,16 : 0.6264"
"16,8 : 0.6264"
"8,17 : 0.6201"
"17,8 : 0.6201"
"8,18 : 0.2693"
"18,8 : 0.2693"
"8,19 : 0.4965"
"19,8 : 0.4965"
"8,20 : 0.3245"
"20,8 : 0.3245"
"8,21 : 0.1432"
"21,8 : 0.1432"
"8,22 : 0.8254"
"22,8 : 0.8254"
"8,23 : 0.6703"
"23,8 : 0.6703"
"8,24 : 0.3324"
"24,8 : 0.3324"
"8,25 : 0.1655"
"25,8 : 0.1655"
"8,26 : 0.6"
"26,8 : 0.6"
"8,27 : 0.2663"
"27,8 : 0.2663"
"8,28 : 0.4491"
"28,8 : 0.4491"
"8,29 : 0.2668"
"29,8 : 0.2668"
"8,30 : 0.6229"
"30,8 : 0.6229"
"8,31 : 0.8096"
"31,8 : 0.8096"
"8,32 : 0.7479"
"32,8 : 0.7479"
"8,33 : 0.7068"
"33,8 : 0.7068"
"8,34 : 0.2159"
"34,8 : 0.2159"
"8,35 : 0.9171"
"35,8 : 0.9171"
"8,36 : 0.4405"
"36,8 : 0.4405"
"8,37 : 0.4925"
"37,8 : 0.4925"
"8,38 : 1.0218"
"38,8 : 1.0218"
"8,39 : 0.4801"
"39,8 : 0.4801"
"8,40 : 0.8736"
"40,8 : 0.8736"
"8,41 : 0.2319"
"41,8 : 0.2319"
"8,42 : 0.4338"
"42,8 : 0.4338"
"8,43 : 0.4342"
"43,8 : 0.4342"
"8,44 : 0.6265"
"44,8 : 0.6265"
"8,45 : 0.7336"
"45,8 : 0.7336"
"8,46 : 0.6748"
"46,8 : 0.6748"
"8,47 : 0.5301"
"47,8 : 0.5301"
"8,48 : 0.612"
"48,8 : 0.612"
"8,49 : 0.9985"
"49,8 : 0.9985"
"9,10 : 0.9235"
"10,9 : 0.9235"
"9,11 : 0.9368"
"11,9 : 0.9368"
"9,12 : 0.7201"
"12,9 : 0.7201"
"9,13 : 1.0429"
"13,9 : 1.0429"
"9,14 : 0.6155"
"14,9 : 0.6155"
"9,15 : 0.5772"
"15,9 : 0.5772"
"9,16 : 0.6101"
"16,9 : 0.6101"
"9,17 : 0.4401"
"17,9 : 0.4401"
"9,18 : 0.4884"
"18,9 : 0.4884"
"9,19 : 0.9025"
"19,9 : 0.9025"
"9,20 : 0.6984"
"20,9 : 0.6984"
"9,21 : 0.6576"
"21,9 : 0.6576"
"9,22 : 0.2335"
"22,9 : 0.2335"
"9,23 : 0.454"
"23,9 : 0.454"
"9,24 : 0.5315"
"24,9 : 0.5315"
"9,25 : 0.6083"
"25,9 : 0.6083"
"9,26 : 0.255"
"26,9 : 0.255"
"9,27 : 0.4801"
"27,9 : 0.4801"
"9,28 : 0.3801"
"28,9 : 0.3801"
"9,29 : 0.5757"
"29,9 : 0.5757"
"9,30 : 0.3701"
"30,9 : 0.3701"
"9,31 : 0.1442"
"31,9 : 0.1442"
"9,32 : 0.0721"
"32,9 : 0.0721"
"9,33 : 0.1334"
"33,9 : 0.1334"
"9,34 : 0.6017"
"34,9 : 0.6017"
"9,35 : 0.2"
"35,9 : 0.2"
"9,36 : 0.8377"
"36,9 : 0.8377"
"9,37 : 0.4948"
"37,9 : 0.4948"
"9,38 : 0.8549"
"38,9 : 0.8549"
"9,39 : 0.4397"
"39,9 : 0.4397"
"9,40 : 0.2983"
"40,9 : 0.2983"
"9,41 : 0.8786"
"41,9 : 0.8786"
"9,42 : 0.6579"
"42,9 : 0.6579"
"9,43 : 0.522"
"43,9 : 0.522"
"9,44 : 0.3401"
"44,9 : 0.3401"
"9,45 : 0.771"
"45,9 : 0.771"
"9,46 : 0.5135"
"46,9 : 0.5135"
"9,47 : 0.7616"
"47,9 : 0.7616"
"9,48 : 0.48"
"48,9 : 0.48"
"9,49 : 0.956"
"49,9 : 0.956"
"10,11 : 0.3406"
"11,10 : 0.3406"
"10,12 : 0.4743"
"12,10 : 0.4743"
"10,13 : 0.5135"
"13,10 : 0.5135"
"10,14 : 0.5801"
"14,10 : 0.5801"
"10,15 : 0.365"
"15,10 : 0.365"
"10,16 : 0.3178"
"16,10 : 0.3178"
"10,17 : 0.4884"
"17,10 : 0.4884"
"10,18 : 0.6531"
"18,10 : 0.6531"
"10,19 : 0.2625"
"19,10 : 0.2625"
"10,20 : 0.4046"
"20,10 : 0.4046"
"10,21 : 0.6031"
"21,10 : 0.6031"
"10,22 : 0.8001"
"22,10 : 0.8001"
"10,23 : 0.4904"
"23,10 : 0.4904"
"10,24 : 0.9218"
"24,10 : 0.9218"
"10,25 : 0.7882"
"25,10 : 0.7882"
"10,26 : 0.9848"
"26,10 : 0.9848"
"10,27 : 0.7111"
"27,10 : 0.7111"
"10,28 : 0.5869"
"28,10 : 0.5869"
"10,29 : 0.8851"
"29,10 : 0.8851"
"10,30 : 0.5573"
"30,10 : 0.5573"
"10,31 : 0.8635"
"31,10 : 0.8635"
"10,32 : 0.8683"
"32,10 : 0.8683"
"10,33 : 0.7976"
"33,10 : 0.7976"
"10,34 : 0.8488"
"34,10 : 0.8488"
"10,35 : 0.9617"
"35,10 : 0.9617"
"10,36 : 0.2915"
"36,10 : 0.2915"
"10,37 : 0.4418"
"37,10 : 0.4418"
"10,38 : 0.4522"
"38,10 : 0.4522"
"10,39 : 0.5025"
"39,10 : 0.5025"
"10,40 : 0.7931"
"40,10 : 0.7931"
"10,41 : 0.5636"
"41,10 : 0.5636"
"10,42 : 0.3311"
"42,10 : 0.3311"
"10,43 : 0.4415"
"43,10 : 0.4415"
"10,44 : 0.5869"
"44,10 : 0.5869"
"10,45 : 0.1921"
"45,10 : 0.1921"
"10,46 : 0.4332"
"46,10 : 0.4332"
"10,47 : 0.2059"
"47,10 : 0.2059"
"10,48 : 0.4472"
"48,10 : 0.4472"
"10,49 : 0.34"
"49,10 : 0.34"
"11,12 : 0.255"
"12,11 : 0.255"
"11,13 : 0.8509"
"13,11 : 0.8509"
"11,14 : 0.8154"
"14,11 : 0.8154"
"11,15 : 0.525"
"15,11 : 0.525"
"11,16 : 0.3962"
"16,11 : 0.3962"
"11,17 : 0.5235"
"17,11 : 0.5235"
"11,18 : 0.8422"
"18,11 : 0.8422"
"11,19 : 0.593"
"19,11 : 0.593"
"11,20 : 0.6664"
"20,11 : 0.6664"
"11,21 : 0.8523"
"21,11 : 0.8523"
"11,22 : 0.7455"
"22,11 : 0.7455"
"11,23 : 0.4924"
"23,11 : 0.4924"
"11,24 : 1.1102"
"24,11 : 1.1102"
"11,25 : 1.0121"
"25,11 : 1.0121"
"11,26 : 1.0782"
"26,11 : 1.0782"
"11,27 : 0.8983"
"27,11 : 0.8983"
"11,28 : 0.706"
"28,11 : 0.706"
"11,29 : 1.0904"
"29,11 : 1.0904"
"11,30 : 0.586"
"30,11 : 0.586"
"11,31 : 0.8319"
"31,11 : 0.8319"
"11,32 : 0.8683"
"32,11 : 0.8683"
"11,33 : 0.8036"
"33,11 : 0.8036"
"11,34 : 1.0653"
"34,11 : 1.0653"
"11,35 : 0.902"
"35,11 : 0.902"
"11,36 : 0.6042"
"36,11 : 0.6042"
"11,37 : 0.5664"
"37,11 : 0.5664"
"11,38 : 0.15"
"38,11 : 0.15"
"11,39 : 0.6185"
"39,11 : 0.6185"
"11,40 : 0.7106"
"40,11 : 0.7106"
"11,41 : 0.8736"
"41,11 : 0.8736"
"11,42 : 0.5557"
"42,11 : 0.5557"
"11,43 : 0.6014"
"43,11 : 0.6014"
"11,44 : 0.6133"
"44,11 : 0.6133"
"11,45 : 0.2555"
"45,11 : 0.2555"
"11,46 : 0.4383"
"46,11 : 0.4383"
"11,47 : 0.4682"
"47,11 : 0.4682"
"11,48 : 0.494"
"48,11 : 0.494"
"11,49 : 0.02"
"49,11 : 0.02"
"12,13 : 0.9242"
"13,12 : 0.9242"
"12,14 : 0.7569"
"14,12 : 0.7569"
"12,15 : 0.4589"
"15,12 : 0.4589"
"12,16 : 0.3225"
"16,12 : 0.3225"
"12,17 : 0.3662"
"17,12 : 0.3662"
"12,18 : 0.7425"
"18,12 : 0.7425"
"12,19 : 0.6676"
"19,12 : 0.6676"
"12,20 : 0.6512"
"20,12 : 0.6512"
"12,21 : 0.8028"
"21,12 : 0.8028"
"12,22 : 0.5096"
"22,12 : 0.5096"
"12,23 : 0.3202"
"23,12 : 0.3202"
"12,24 : 0.9902"
"24,12 : 0.9902"
"12,25 : 0.927"
"25,12 : 0.927"
"12,26 : 0.8964"
"26,12 : 0.8964"
"12,27 : 0.7918"
"27,12 : 0.7918"
"12,28 : 0.5714"
"28,12 : 0.5714"
"12,29 : 0.9849"
"29,12 : 0.9849"
"12,30 : 0.4104"
"30,12 : 0.4104"
"12,31 : 0.6008"
"31,12 : 0.6008"
"12,32 : 0.6488"
"32,12 : 0.6488"
"12,33 : 0.5906"
"33,12 : 0.5906"
"12,34 : 0.9705"
"34,12 : 0.9705"
"12,35 : 0.6592"
"35,12 : 0.6592"
"12,36 : 0.6512"
"36,12 : 0.6512"
"12,37 : 0.4624"
"37,12 : 0.4624"
"12,38 : 0.136"
"38,12 : 0.136"
"12,39 : 0.4965"
"39,12 : 0.4965"
"12,40 : 0.4669"
"40,12 : 0.4669"
"12,41 : 0.8901"
"41,12 : 0.8901"
"12,42 : 0.5308"
"42,12 : 0.5308"
"12,43 : 0.5155"
"43,12 : 0.5155"
"12,44 : 0.4314"
"44,12 : 0.4314"
"12,45 : 0.2955"
"45,12 : 0.2955"
"12,46 : 0.2865"
"46,12 : 0.2865"
"12,47 : 0.4982"
"47,12 : 0.4982"
"12,48 : 0.3536"
"48,12 : 0.3536"
"12,49 : 0.2746"
"49,12 : 0.2746"
"13,14 : 0.4438"
"14,13 : 0.4438"
"13,15 : 0.5408"
"15,13 : 0.5408"
"13,16 : 0.6316"
"16,13 : 0.6316"
"13,17 : 0.7324"
"17,13 : 0.7324"
"13,18 : 0.5778"
"18,13 : 0.5778"
"13,19 : 0.2608"
"19,13 : 0.2608"
"13,20 : 0.3536"
"20,13 : 0.3536"
"13,21 : 0.4176"
"21,13 : 0.4176"
"13,22 : 1.0332"
"22,13 : 1.0332"
"13,23 : 0.7685"
"23,13 : 0.7685"
"13,24 : 0.7533"
"24,13 : 0.7533"
"13,25 : 0.5822"
"25,13 : 0.5822"
"13,26 : 0.9714"
"26,13 : 0.9714"
"13,27 : 0.6135"
"27,13 : 0.6135"
"13,28 : 0.6684"
"28,13 : 0.6684"
"13,29 : 0.6912"
"29,13 : 0.6912"
"13,30 : 0.7747"
"30,13 : 0.7747"
"13,31 : 1.0548"
"31,13 : 1.0548"
"13,32 : 1.0183"
"32,13 : 1.0183"
"13,33 : 0.9578"
"33,13 : 0.9578"
"13,34 : 0.6407"
"34,13 : 0.6407"
"13,35 : 1.1678"
"35,13 : 1.1678"
"13,36 : 0.2751"
"36,13 : 0.2751"
"13,37 : 0.6044"
"37,13 : 0.6044"
"13,38 : 0.9434"
"38,13 : 0.9434"
"13,39 : 0.6366"
"39,13 : 0.6366"
"13,40 : 1.0589"
"40,13 : 1.0589"
"13,41 : 0.2002"
"41,13 : 0.2002"
"13,42 : 0.441"
"42,13 : 0.441"
"13,43 : 0.5523"
"43,13 : 0.5523"
"13,44 : 0.794"
"44,13 : 0.794"
"13,45 : 0.6364"
"45,13 : 0.6364"
"13,46 : 0.7382"
"46,13 : 0.7382"
"13,47 : 0.4272"
"47,13 : 0.4272"
"13,48 : 0.7018"
"48,13 : 0.7018"
"13,49 : 0.8521"
"49,13 : 0.8521"
"14,15 : 0.3008"
"15,14 : 0.3008"
"14,16 : 0.4401"
"16,14 : 0.4401"
"14,17 : 0.4301"
"17,14 : 0.4301"
"14,18 : 0.1342"
"18,14 : 0.1342"
"14,19 : 0.4002"
"19,14 : 0.4002"
"14,20 : 0.1789"
"20,14 : 0.1789"
"14,21 : 0.051"
"21,14 : 0.051"
"14,22 : 0.6574"
"22,14 : 0.6574"
"14,23 : 0.48"
"23,14 : 0.48"
"14,24 : 0.3544"
"24,14 : 0.3544"
"14,25 : 0.2081"
"25,14 : 0.2081"
"14,26 : 0.5281"
"26,14 : 0.5281"
"14,27 : 0.1726"
"27,14 : 0.1726"
"14,28 : 0.2731"
"28,14 : 0.2731"
"14,29 : 0.3087"
"29,14 : 0.3087"
"14,30 : 0.4374"
"30,14 : 0.4374"
"14,31 : 0.6546"
"31,14 : 0.6546"
"14,32 : 0.6031"
"32,14 : 0.6031"
"14,33 : 0.5522"
"33,14 : 0.5522"
"14,34 : 0.2693"
"34,14 : 0.2693"
"14,35 : 0.7661"
"35,14 : 0.7661"
"14,36 : 0.3324"
"36,14 : 0.3324"
"14,37 : 0.3015"
"37,14 : 0.3015"
"14,38 : 0.8377"
"38,14 : 0.8377"
"14,39 : 0.2915"
"39,14 : 0.2915"
"14,40 : 0.7001"
"40,14 : 0.7001"
"14,41 : 0.264"
"41,14 : 0.264"
"14,42 : 0.2625"
"42,14 : 0.2625"
"14,43 : 0.2433"
"43,14 : 0.2433"
"14,44 : 0.4438"
"44,14 : 0.4438"
"14,45 : 0.5604"
"45,14 : 0.5604"
"14,46 : 0.4837"
"46,14 : 0.4837"
"14,47 : 0.3764"
"47,14 : 0.3764"
"14,48 : 0.4211"
"48,14 : 0.4211"
"14,49 : 0.8266"
"49,14 : 0.8266"
"15,16 : 0.1393"
"16,15 : 0.1393"
"15,17 : 0.1921"
"17,15 : 0.1921"
"15,18 : 0.3183"
"18,15 : 0.3183"
"15,19 : 0.3384"
"19,15 : 0.3384"
"15,20 : 0.2062"
"20,15 : 0.2062"
"15,21 : 0.3448"
"21,15 : 0.3448"
"15,22 : 0.5061"
"22,15 : 0.5061"
"15,23 : 0.2283"
"23,15 : 0.2283"
"15,24 : 0.589"
"24,15 : 0.589"
"15,25 : 0.4883"
"25,15 : 0.4883"
"15,26 : 0.6198"
"26,15 : 0.6198"
"15,27 : 0.3754"
"27,15 : 0.3754"
"15,28 : 0.222"
"28,15 : 0.222"
"15,29 : 0.5659"
"29,15 : 0.5659"
"15,30 : 0.2421"
"30,15 : 0.2421"
"15,31 : 0.5459"
"31,15 : 0.5459"
"15,32 : 0.5314"
"32,15 : 0.5314"
"15,33 : 0.4624"
"33,15 : 0.4624"
"15,34 : 0.5404"
"34,15 : 0.5404"
"15,35 : 0.6551"
"35,15 : 0.6551"
"15,36 : 0.2832"
"36,15 : 0.2832"
"15,37 : 0.0825"
"37,15 : 0.0825"
"15,38 : 0.5371"
"38,15 : 0.5371"
"15,39 : 0.1404"
"39,15 : 0.1404"
"15,40 : 0.5233"
"40,15 : 0.5233"
"15,41 : 0.4512"
"41,15 : 0.4512"
"15,42 : 0.1"
"42,15 : 0.1"
"15,43 : 0.0806"
"43,15 : 0.0806"
"15,44 : 0.2663"
"44,15 : 0.2663"
"15,45 : 0.2766"
"45,15 : 0.2766"
"15,46 : 0.2062"
"46,15 : 0.2062"
"15,47 : 0.1844"
"47,15 : 0.1844"
"15,48 : 0.1612"
"48,15 : 0.1612"
"15,49 : 0.5381"
"49,15 : 0.5381"
"16,17 : 0.1712"
"17,16 : 0.1712"
"16,18 : 0.4482"
"18,16 : 0.4482"
"16,19 : 0.3941"
"19,16 : 0.3941"
"16,20 : 0.33"
"20,16 : 0.33"
"16,21 : 0.4838"
"21,16 : 0.4838"
"16,22 : 0.4847"
"22,16 : 0.4847"
"16,23 : 0.1746"
"23,16 : 0.1746"
"16,24 : 0.7142"
"24,16 : 0.7142"
"16,25 : 0.6243"
"25,16 : 0.6243"
"16,26 : 0.7023"
"26,16 : 0.7023"
"16,27 : 0.5033"
"27,16 : 0.5033"
"16,28 : 0.3138"
"28,16 : 0.3138"
"16,29 : 0.6966"
"29,16 : 0.6966"
"16,30 : 0.2408"
"30,16 : 0.2408"
"16,31 : 0.5457"
"31,16 : 0.5457"
"16,32 : 0.5523"
"32,16 : 0.5523"
"16,33 : 0.4817"
"33,16 : 0.4817"
"16,34 : 0.6742"
"34,16 : 0.6742"
"16,35 : 0.6451"
"35,16 : 0.6451"
"16,36 : 0.3578"
"36,16 : 0.3578"
"16,37 : 0.1703"
"37,16 : 0.1703"
"16,38 : 0.3981"
"38,16 : 0.3981"
"16,39 : 0.2247"
"39,16 : 0.2247"
"16,40 : 0.4837"
"40,16 : 0.4837"
"16,41 : 0.5722"
"41,16 : 0.5722"
"16,42 : 0.2102"
"42,16 : 0.2102"
"16,43 : 0.2081"
"43,16 : 0.2081"
"16,44 : 0.2707"
"44,16 : 0.2707"
"16,45 : 0.1676"
"45,16 : 0.1676"
"16,46 : 0.1221"
"46,16 : 0.1221"
"16,47 : 0.214"
"47,16 : 0.214"
"16,48 : 0.1304"
"48,16 : 0.1304"
"16,49 : 0.4111"
"49,16 : 0.4111"
"17,18 : 0.386"
"18,17 : 0.386"
"17,19 : 0.525"
"19,17 : 0.525"
"17,20 : 0.3891"
"20,17 : 0.3891"
"17,21 : 0.4804"
"21,17 : 0.4804"
"17,22 : 0.3225"
"22,17 : 0.3225"
"17,23 : 0.051"
"23,17 : 0.051"
"17,24 : 0.6243"
"24,17 : 0.6243"
"17,25 : 0.5728"
"25,17 : 0.5728"
"17,26 : 0.5547"
"26,17 : 0.5547"
"17,27 : 0.4308"
"27,17 : 0.4308"
"17,28 : 0.2059"
"28,17 : 0.2059"
"17,29 : 0.6217"
"29,17 : 0.6217"
"17,30 : 0.07"
"30,17 : 0.07"
"17,31 : 0.3764"
"31,17 : 0.3764"
"17,32 : 0.3812"
"32,17 : 0.3812"
"17,33 : 0.3106"
"33,17 : 0.3106"
"17,34 : 0.611"
"34,17 : 0.611"
"17,35 : 0.4793"
"35,17 : 0.4793"
"17,36 : 0.4738"
"36,17 : 0.4738"
"17,37 : 0.136"
"37,17 : 0.136"
"17,38 : 0.4808"
"38,17 : 0.4808"
"17,39 : 0.1414"
"39,17 : 0.1414"
"17,40 : 0.333"
"40,17 : 0.333"
"17,41 : 0.6297"
"41,17 : 0.6297"
"17,42 : 0.2921"
"42,17 : 0.2921"
"17,43 : 0.1965"
"43,17 : 0.1965"
"17,44 : 0.1"
"44,17 : 0.1"
"17,45 : 0.3314"
"45,17 : 0.3314"
"17,46 : 0.086"
"46,17 : 0.086"
"17,47 : 0.3551"
"47,17 : 0.3551"
"17,48 : 0.0412"
"48,17 : 0.0412"
"17,49 : 0.5412"
"49,17 : 0.5412"
"18,19 : 0.5109"
"19,18 : 0.5109"
"18,20 : 0.2807"
"20,18 : 0.2807"
"18,21 : 0.1703"
"21,18 : 0.1703"
"18,22 : 0.5566"
"22,18 : 0.5566"
"18,23 : 0.4368"
"23,18 : 0.4368"
"18,24 : 0.272"
"24,18 : 0.272"
"18,25 : 0.1868"
"25,18 : 0.1868"
"18,26 : 0.3956"
"26,18 : 0.3956"
"18,27 : 0.0583"
"27,18 : 0.0583"
"18,28 : 0.1903"
"28,18 : 0.1903"
"18,29 : 0.2484"
"29,18 : 0.2484"
"18,30 : 0.3722"
"30,18 : 0.3722"
"18,31 : 0.5412"
"31,18 : 0.5412"
"18,32 : 0.4826"
"32,18 : 0.4826"
"18,33 : 0.4383"
"33,18 : 0.4383"
"18,34 : 0.2283"
"34,18 : 0.2283"
"18,35 : 0.65"
"35,18 : 0.65"
"18,36 : 0.441"
"36,18 : 0.441"
"18,37 : 0.283"
"37,18 : 0.283"
"18,38 : 0.8406"
"38,18 : 0.8406"
"18,39 : 0.247"
"39,18 : 0.247"
"18,40 : 0.6064"
"40,18 : 0.6064"
"18,41 : 0.3966"
"41,18 : 0.3966"
"18,42 : 0.322"
"42,18 : 0.322"
"18,43 : 0.2408"
"43,18 : 0.2408"
"18,44 : 0.3701"
"44,18 : 0.3701"
"18,45 : 0.5946"
"45,18 : 0.5946"
"18,46 : 0.4569"
"46,18 : 0.4569"
"18,47 : 0.4478"
"47,18 : 0.4478"
"18,48 : 0.39"
"48,18 : 0.39"
"18,49 : 0.8559"
"49,18 : 0.8559"
"19,20 : 0.2302"
"20,19 : 0.2302"
"19,21 : 0.405"
"21,19 : 0.405"
"19,22 : 0.844"
"22,19 : 0.844"
"19,23 : 0.5515"
"23,19 : 0.5515"
"19,24 : 0.7543"
"24,19 : 0.7543"
"19,25 : 0.5981"
"25,19 : 0.5981"
"19,26 : 0.8936"
"26,19 : 0.8936"
"19,27 : 0.5632"
"27,19 : 0.5632"
"19,28 : 0.525"
"28,19 : 0.525"
"19,29 : 0.7052"
"29,19 : 0.7052"
"19,30 : 0.5801"
"30,19 : 0.5801"
"19,31 : 0.8832"
"31,19 : 0.8832"
"19,32 : 0.8633"
"32,19 : 0.8633"
"19,33 : 0.7961"
"33,19 : 0.7961"
"19,34 : 0.6613"
"34,19 : 0.6613"
"19,35 : 0.9932"
"35,19 : 0.9932"
"19,36 : 0.07"
"36,19 : 0.07"
"19,37 : 0.4168"
"37,19 : 0.4168"
"19,38 : 0.6826"
"38,19 : 0.6826"
"19,39 : 0.4652"
"39,19 : 0.4652"
"19,40 : 0.858"
"40,19 : 0.858"
"19,41 : 0.3081"
"41,19 : 0.3081"
"19,42 : 0.246"
"42,19 : 0.246"
"19,43 : 0.3808"
"43,19 : 0.3808"
"19,44 : 0.6046"
"44,19 : 0.6046"
"19,45 : 0.3766"
"45,19 : 0.3766"
"19,46 : 0.5109"
"46,19 : 0.5109"
"19,47 : 0.1803"
"47,19 : 0.1803"
"19,48 : 0.4884"
"48,19 : 0.4884"
"19,49 : 0.5954"
"49,19 : 0.5954"
"20,21 : 0.1985"
"21,20 : 0.1985"
"20,22 : 0.6801"
"22,20 : 0.6801"
"20,23 : 0.4308"
"23,20 : 0.4308"
"20,24 : 0.5314"
"24,20 : 0.5314"
"20,25 : 0.3859"
"25,20 : 0.3859"
"20,26 : 0.6661"
"26,20 : 0.6661"
"20,27 : 0.3338"
"27,20 : 0.3338"
"20,28 : 0.3191"
"28,20 : 0.3191"
"20,29 : 0.4875"
"29,20 : 0.4875"
"20,30 : 0.4244"
"30,20 : 0.4244"
"20,31 : 0.7018"
"31,20 : 0.7018"
"20,32 : 0.6685"
"32,20 : 0.6685"
"20,33 : 0.6061"
"33,20 : 0.6061"
"20,34 : 0.4478"
"34,20 : 0.4478"
"20,35 : 0.8147"
"35,20 : 0.8147"
"20,36 : 0.1603"
"36,20 : 0.1603"
"20,37 : 0.2555"
"37,20 : 0.2555"
"20,38 : 0.7106"
"38,20 : 0.7106"
"20,39 : 0.2832"
"39,20 : 0.2832"
"20,40 : 0.708"
"40,20 : 0.708"
"20,41 : 0.2452"
"41,20 : 0.2452"
"20,42 : 0.1204"
"42,20 : 0.1204"
"20,43 : 0.2"
"43,20 : 0.2"
"20,44 : 0.442"
"44,20 : 0.442"
"20,45 : 0.4123"
"45,20 : 0.4123"
"20,46 : 0.4123"
"46,20 : 0.4123"
"20,47 : 0.2062"
"47,20 : 0.2062"
"20,48 : 0.364"
"48,20 : 0.364"
"20,49 : 0.6754"
"49,20 : 0.6754"
"21,22 : 0.7068"
"22,21 : 0.7068"
"21,23 : 0.5301"
"23,21 : 0.5301"
"21,24 : 0.3536"
"24,21 : 0.3536"
"21,25 : 0.1931"
"25,21 : 0.1931"
"21,26 : 0.5554"
"26,21 : 0.5554"
"21,27 : 0.197"
"27,21 : 0.197"
"21,28 : 0.3231"
"28,21 : 0.3231"
"21,29 : 0.3008"
"29,21 : 0.3008"
"21,30 : 0.4884"
"30,21 : 0.4884"
"21,31 : 0.7018"
"31,21 : 0.7018"
"21,32 : 0.6482"
"32,21 : 0.6482"
"21,33 : 0.5991"
"33,21 : 0.5991"
"21,34 : 0.2563"
"34,21 : 0.2563"
"21,35 : 0.8127"
"35,21 : 0.8127"
"21,36 : 0.3401"
"36,21 : 0.3401"
"21,37 : 0.3506"
"37,21 : 0.3506"
"21,38 : 0.8802"
"38,21 : 0.8802"
"21,39 : 0.3423"
"39,21 : 0.3423"
"21,40 : 0.7503"
"40,21 : 0.7503"
"21,41 : 0.2283"
"41,21 : 0.2283"
"21,42 : 0.2968"
"42,21 : 0.2968"
"21,43 : 0.2915"
"43,21 : 0.2915"
"21,44 : 0.4948"
"44,21 : 0.4948"
"21,45 : 0.5968"
"45,21 : 0.5968"
"21,46 : 0.5324"
"46,21 : 0.5324"
"21,47 : 0.4031"
"47,21 : 0.4031"
"21,48 : 0.4704"
"48,21 : 0.4704"
"21,49 : 0.8628"
"49,21 : 0.8628"
"22,23 : 0.3102"
"23,22 : 0.3102"
"22,24 : 0.6918"
"24,22 : 0.6918"
"22,25 : 0.7201"
"25,22 : 0.7201"
"22,26 : 0.4696"
"26,22 : 0.4696"
"22,27 : 0.5727"
"27,22 : 0.5727"
"22,28 : 0.3847"
"28,22 : 0.3847"
"22,29 : 0.7201"
"29,22 : 0.7201"
"22,30 : 0.264"
"30,22 : 0.264"
"22,31 : 0.0943"
"31,22 : 0.0943"
"22,32 : 0.164"
"32,22 : 0.164"
"22,33 : 0.1432"
"33,22 : 0.1432"
"22,34 : 0.7325"
"34,22 : 0.7325"
"22,35 : 0.1628"
"35,22 : 0.1628"
"22,36 : 0.7887"
"36,22 : 0.7887"
"22,37 : 0.4319"
"37,22 : 0.4319"
"22,38 : 0.6456"
"38,22 : 0.6456"
"22,39 : 0.397"
"39,22 : 0.397"
"22,40 : 0.0671"
"40,22 : 0.0671"
"22,41 : 0.9014"
"41,22 : 0.9014"
"22,42 : 0.6031"
"42,22 : 0.6031"
"22,43 : 0.481"
"43,22 : 0.481"
"22,44 : 0.2408"
"44,22 : 0.2408"
"22,45 : 0.6237"
"45,22 : 0.6237"
"22,46 : 0.3669"
"46,22 : 0.3669"
"22,47 : 0.6774"
"47,22 : 0.6774"
"22,48 : 0.3624"
"48,22 : 0.3624"
"22,49 : 0.7653"
"49,22 : 0.7653"
"23,24 : 0.6723"
"24,23 : 0.6723"
"23,25 : 0.6236"
"25,23 : 0.6236"
"23,26 : 0.5883"
"26,23 : 0.5883"
"23,27 : 0.481"
"27,23 : 0.481"
"23,28 : 0.255"
"28,23 : 0.255"
"23,29 : 0.6712"
"29,23 : 0.6712"
"23,30 : 0.0943"
"30,23 : 0.0943"
"23,31 : 0.3748"
"31,23 : 0.3748"
"23,32 : 0.3905"
"32,23 : 0.3905"
"23,33 : 0.3214"
"33,23 : 0.3214"
"23,34 : 0.6613"
"34,23 : 0.6613"
"23,35 : 0.4713"
"35,23 : 0.4713"
"23,36 : 0.5045"
"36,23 : 0.5045"
"23,37 : 0.1825"
"37,23 : 0.1825"
"23,38 : 0.4393"
"38,23 : 0.4393"
"23,39 : 0.1924"
"39,23 : 0.1924"
"23,40 : 0.3106"
"40,23 : 0.3106"
"23,41 : 0.6736"
"41,23 : 0.6736"
"23,42 : 0.3276"
"42,23 : 0.3276"
"23,43 : 0.2433"
"43,23 : 0.2433"
"23,44 : 0.1208"
"44,23 : 0.1208"
"23,45 : 0.3206"
"45,23 : 0.3206"
"23,46 : 0.06"
"46,23 : 0.06"
"23,47 : 0.3764"
"47,23 : 0.3764"
"23,48 : 0.0671"
"48,23 : 0.0671"
"23,49 : 0.5108"
"49,23 : 0.5108"
"24,25 : 0.1712"
"25,24 : 0.1712"
"24,26 : 0.3138"
"26,24 : 0.3138"
"24,27 : 0.214"
"27,24 : 0.214"
"24,28 : 0.4188"
"28,24 : 0.4188"
"24,29 : 0.0671"
"29,24 : 0.0671"
"24,30 : 0.5903"
"30,24 : 0.5903"
"24,31 : 0.6407"
"31,24 : 0.6407"
"24,32 : 0.5622"
"32,24 : 0.5622"
"24,33 : 0.5504"
"33,24 : 0.5504"
"24,34 : 0.117"
"34,24 : 0.117"
"24,35 : 0.7284"
"35,24 : 0.7284"
"24,36 : 0.6868"
"36,24 : 0.6868"
"24,37 : 0.5449"
"37,24 : 0.5449"
"24,38 : 1.0981"
"38,24 : 1.0981"
"24,39 : 0.4982"
"39,24 : 0.4982"
"24,40 : 0.7543"
"40,24 : 0.7543"
"24,41 : 0.5533"
"41,24 : 0.5533"
"24,42 : 0.5917"
"42,24 : 0.5917"
"24,43 : 0.5099"
"43,24 : 0.5099"
"24,44 : 0.5778"
"44,24 : 0.5778"
"24,45 : 0.8656"
"45,24 : 0.8656"
"24,46 : 0.7046"
"46,24 : 0.7046"
"24,47 : 0.7159"
"47,24 : 0.7159"
"24,48 : 0.6382"
"48,24 : 0.6382"
"24,49 : 1.1245"
"49,24 : 1.1245"
"25,26 : 0.4393"
"26,25 : 0.4393"
"25,27 : 0.15"
"27,25 : 0.15"
"25,28 : 0.3748"
"28,25 : 0.3748"
"25,29 : 0.1105"
"29,25 : 0.1105"
"25,30 : 0.5573"
"30,25 : 0.5573"
"25,31 : 0.6896"
"31,25 : 0.6896"
"25,32 : 0.6203"
"32,25 : 0.6203"
"25,33 : 0.5894"
"33,25 : 0.5894"
"25,34 : 0.0632"
"34,25 : 0.0632"
"25,35 : 0.7912"
"35,25 : 0.7912"
"25,36 : 0.5331"
"36,25 : 0.5331"
"25,37 : 0.4652"
"37,25 : 0.4652"
"25,38 : 1.0208"
"38,25 : 1.0208"
"25,39 : 0.4332"
"39,25 : 0.4332"
"25,40 : 0.7752"
"40,25 : 0.7752"
"25,41 : 0.3821"
"41,25 : 0.3821"
"25,42 : 0.4669"
"42,25 : 0.4669"
"25,43 : 0.4168"
"43,25 : 0.4168"
"25,44 : 0.5533"
"44,25 : 0.5533"
"25,45 : 0.7593"
"45,25 : 0.7593"
"25,46 : 0.6426"
"46,25 : 0.6426"
"25,47 : 0.5841"
"47,25 : 0.5841"
"25,48 : 0.5758"
"48,25 : 0.5758"
"25,49 : 1.0245"
"49,25 : 1.0245"
"26,27 : 0.3585"
"27,26 : 0.3585"
"26,28 : 0.3981"
"28,26 : 0.3981"
"26,29 : 0.372"
"29,26 : 0.372"
"26,30 : 0.494"
"30,26 : 0.494"
"26,31 : 0.3922"
"31,26 : 0.3922"
"26,32 : 0.3102"
"32,26 : 0.3102"
"26,33 : 0.3329"
"33,26 : 0.3329"
"26,34 : 0.4111"
"34,26 : 0.4111"
"26,35 : 0.4528"
"35,26 : 0.4528"
"26,36 : 0.8239"
"36,26 : 0.8239"
"26,37 : 0.5457"
"37,26 : 0.5457"
"26,38 : 1.0242"
"38,26 : 1.0242"
"26,39 : 0.4851"
"39,26 : 0.4851"
"26,40 : 0.5367"
"40,26 : 0.5367"
"26,41 : 0.7829"
"41,26 : 0.7829"
"26,42 : 0.6707"
"42,26 : 0.6707"
"26,43 : 0.5445"
"43,26 : 0.5445"
"26,44 : 0.4687"
"44,26 : 0.4687"
"26,45 : 0.8698"
"45,26 : 0.8698"
"26,46 : 0.6401"
"46,26 : 0.6401"
"26,47 : 0.7931"
"47,26 : 0.7931"
"26,48 : 0.586"
"48,26 : 0.586"
"26,49 : 1.0959"
"49,26 : 1.0959"
"27,28 : 0.228"
"28,27 : 0.228"
"27,29 : 0.1942"
"29,27 : 0.1942"
"27,30 : 0.41"
"30,27 : 0.41"
"27,31 : 0.5478"
"31,27 : 0.5478"
"27,32 : 0.483"
"32,27 : 0.483"
"27,33 : 0.446"
"33,27 : 0.446"
"27,34 : 0.1803"
"34,27 : 0.1803"
"27,35 : 0.6531"
"35,27 : 0.6531"
"27,36 : 0.4937"
"36,27 : 0.4937"
"27,37 : 0.336"
"37,27 : 0.336"
"27,38 : 0.8931"
"38,27 : 0.8931"
"27,39 : 0.2953"
"39,27 : 0.2953"
"27,40 : 0.6265"
"40,27 : 0.6265"
"27,41 : 0.4249"
"41,27 : 0.4249"
"27,42 : 0.3801"
"42,27 : 0.3801"
"27,43 : 0.297"
"43,27 : 0.297"
"27,44 : 0.4045"
"44,27 : 0.4045"
"27,45 : 0.6519"
"45,27 : 0.6519"
"27,46 : 0.5054"
"46,27 : 0.5054"
"27,47 : 0.5057"
"47,27 : 0.5057"
"27,48 : 0.4383"
"48,27 : 0.4383"
"27,49 : 0.9122"
"49,27 : 0.9122"
"28,29 : 0.4163"
"29,28 : 0.4163"
"28,30 : 0.1825"
"30,28 : 0.1825"
"28,31 : 0.3895"
"31,28 : 0.3895"
"28,32 : 0.35"
"32,28 : 0.35"
"28,33 : 0.29"
"33,28 : 0.29"
"28,34 : 0.408"
"34,28 : 0.408"
"28,35 : 0.5025"
"35,28 : 0.5025"
"28,36 : 0.4588"
"36,28 : 0.4588"
"28,37 : 0.1487"
"37,28 : 0.1487"
"28,38 : 0.6812"
"38,28 : 0.6812"
"28,39 : 0.0894"
"39,28 : 0.0894"
"28,40 : 0.4272"
"40,28 : 0.4272"
"28,41 : 0.5201"
"41,28 : 0.5201"
"28,42 : 0.2844"
"42,28 : 0.2844"
"28,43 : 0.1503"
"43,28 : 0.1503"
"28,44 : 0.18"
"44,28 : 0.18"
"28,45 : 0.4785"
"45,28 : 0.4785"
"28,46 : 0.286"
"46,28 : 0.286"
"28,47 : 0.4001"
"47,28 : 0.4001"
"28,48 : 0.2202"
"48,28 : 0.2202"
"28,49 : 0.722"
"49,28 : 0.722"
"29,30 : 0.5946"
"30,29 : 0.5946"
"29,31 : 0.676"
"31,29 : 0.676"
"29,32 : 0.6002"
"32,29 : 0.6002"
"29,33 : 0.5814"
"33,29 : 0.5814"
"29,34 : 0.051"
"34,29 : 0.051"
"29,35 : 0.769"
"35,29 : 0.769"
"29,36 : 0.6391"
"36,29 : 0.6391"
"29,37 : 0.5301"
"37,29 : 0.5301"
"29,38 : 1.0872"
"38,29 : 1.0872"
"29,39 : 0.4888"
"39,29 : 0.4888"
"29,40 : 0.7803"
"40,29 : 0.7803"
"29,41 : 0.4909"
"41,29 : 0.4909"
"29,42 : 0.558"
"42,29 : 0.558"
"29,43 : 0.4892"
"43,29 : 0.4892"
"29,44 : 0.5852"
"44,29 : 0.5852"
"29,45 : 0.8415"
"45,29 : 0.8415"
"29,46 : 0.6984"
"46,29 : 0.6984"
"29,47 : 0.6796"
"47,29 : 0.6796"
"29,48 : 0.6313"
"48,29 : 0.6313"
"29,49 : 1.1039"
"49,29 : 1.1039"
"30,31 : 0.3102"
"31,30 : 0.3102"
"30,32 : 0.3114"
"32,30 : 0.3114"
"30,33 : 0.2408"
"33,30 : 0.2408"
"30,34 : 0.5894"
"34,30 : 0.5894"
"30,35 : 0.4159"
"35,30 : 0.4159"
"30,36 : 0.525"
"36,30 : 0.525"
"30,37 : 0.1703"
"37,30 : 0.1703"
"30,38 : 0.5326"
"38,30 : 0.5326"
"30,39 : 0.1487"
"39,30 : 0.1487"
"30,40 : 0.2843"
"40,30 : 0.2843"
"30,41 : 0.6574"
"41,30 : 0.6574"
"30,42 : 0.3397"
"42,30 : 0.3397"
"30,43 : 0.2247"
"43,30 : 0.2247"
"30,44 : 0.03"
"44,30 : 0.03"
"30,45 : 0.4011"
"45,30 : 0.4011"
"30,46 : 0.1487"
"46,30 : 0.1487"
"30,47 : 0.4159"
"47,30 : 0.4159"
"30,48 : 0.1105"
"48,30 : 0.1105"
"30,49 : 0.6042"
"49,30 : 0.6042"
"31,32 : 0.0825"
"32,31 : 0.0825"
"31,33 : 0.103"
"33,31 : 0.103"
"31,34 : 0.6943"
"34,31 : 0.6943"
"31,35 : 0.1131"
"35,31 : 0.1131"
"31,36 : 0.8238"
"36,31 : 0.8238"
"31,37 : 0.4665"
"37,31 : 0.4665"
"31,38 : 0.7368"
"38,31 : 0.7368"
"31,39 : 0.422"
"39,31 : 0.422"
"31,40 : 0.1556"
"40,31 : 0.1556"
"31,41 : 0.9091"
"41,31 : 0.9091"
"31,42 : 0.6381"
"42,31 : 0.6381"
"31,43 : 0.508"
"43,31 : 0.508"
"31,44 : 0.2823"
"44,31 : 0.2823"
"31,45 : 0.6946"
"45,31 : 0.6946"
"31,46 : 0.4342"
"46,31 : 0.4342"
"31,47 : 0.725"
"47,31 : 0.725"
"31,48 : 0.4176"
"48,31 : 0.4176"
"31,49 : 0.8516"
"49,31 : 0.8516"
"32,33 : 0.0707"
"33,32 : 0.0707"
"32,34 : 0.621"
"34,32 : 0.621"
"32,35 : 0.1709"
"35,32 : 0.1709"
"32,36 : 0.8006"
"36,32 : 0.8006"
"32,37 : 0.4494"
"37,32 : 0.4494"
"32,38 : 0.7839"
"38,32 : 0.7839"
"32,39 : 0.3981"
"39,32 : 0.3981"
"32,40 : 0.2302"
"40,32 : 0.2302"
"32,41 : 0.8628"
"41,32 : 0.8628"
"32,42 : 0.6174"
"42,32 : 0.6174"
"32,43 : 0.483"
"43,32 : 0.483"
"32,44 : 0.2816"
"44,32 : 0.2816"
"32,45 : 0.71"
"45,32 : 0.71"
"32,46 : 0.4504"
"46,32 : 0.4504"
"32,47 : 0.7147"
"47,32 : 0.7147"
"32,48 : 0.4219"
"48,32 : 0.4219"
"32,49 : 0.8877"
"49,32 : 0.8877"
"33,34 : 0.5968"
"34,33 : 0.5968"
"33,35 : 0.214"
"35,33 : 0.214"
"33,36 : 0.7343"
"36,33 : 0.7343"
"33,37 : 0.3808"
"37,33 : 0.3808"
"33,38 : 0.7245"
"38,33 : 0.7245"
"33,39 : 0.3312"
"39,33 : 0.3312"
"33,40 : 0.2088"
"40,33 : 0.2088"
"33,41 : 0.8081"
"41,33 : 0.8081"
"33,42 : 0.5501"
"42,33 : 0.5501"
"33,43 : 0.4168"
"43,33 : 0.4168"
"33,44 : 0.211"
"44,33 : 0.211"
"33,45 : 0.6401"
"45,33 : 0.6401"
"33,46 : 0.3812"
"46,33 : 0.3812"
"33,47 : 0.6451"
"47,33 : 0.6451"
"33,48 : 0.3513"
"48,33 : 0.3513"
"33,49 : 0.8228"
"49,33 : 0.8228"
"34,35 : 0.7912"
"35,34 : 0.7912"
"34,36 : 0.5962"
"36,34 : 0.5962"
"34,37 : 0.5111"
"37,34 : 0.5111"
"34,38 : 1.0685"
"38,34 : 1.0685"
"34,39 : 0.4742"
"39,34 : 0.4742"
"34,40 : 0.7906"
"40,34 : 0.7906"
"34,41 : 0.4405"
"41,34 : 0.4405"
"34,42 : 0.525"
"42,34 : 0.525"
"34,43 : 0.4662"
"43,34 : 0.4662"
"34,44 : 0.5825"
"44,34 : 0.5825"
"34,45 : 0.8139"
"45,34 : 0.8139"
"34,46 : 0.6845"
"46,34 : 0.6845"
"34,47 : 0.644"
"47,34 : 0.644"
"34,48 : 0.6174"
"48,34 : 0.6174"
"34,49 : 1.0781"
"49,34 : 1.0781"
"35,36 : 0.9348"
"36,35 : 0.9348"
"35,37 : 0.5769"
"37,35 : 0.5769"
"35,38 : 0.7943"
"38,35 : 0.7943"
"35,39 : 0.5341"
"39,35 : 0.5341"
"35,40 : 0.1924"
"40,35 : 0.1924"
"35,41 : 1.0218"
"41,35 : 1.0218"
"35,42 : 0.7489"
"42,35 : 0.7489"
"35,43 : 0.6201"
"43,35 : 0.6201"
"35,44 : 0.3895"
"44,35 : 0.3895"
"35,45 : 0.7864"
"45,35 : 0.7864"
"35,46 : 0.5289"
"46,35 : 0.5289"
"35,47 : 0.8319"
"47,35 : 0.8319"
"35,48 : 0.52"
"48,35 : 0.52"
"35,49 : 0.922"
"49,35 : 0.922"
"36,37 : 0.3581"
"37,36 : 0.3581"
"36,38 : 0.6801"
"38,36 : 0.6801"
"36,39 : 0.4031"
"39,36 : 0.4031"
"36,40 : 0.8062"
"40,36 : 0.8062"
"36,41 : 0.2731"
"41,36 : 0.2731"
"36,42 : 0.186"
"42,36 : 0.186"
"36,43 : 0.3176"
"43,36 : 0.3176"
"36,44 : 0.5482"
"44,36 : 0.5482"
"36,45 : 0.37"
"45,36 : 0.37"
"36,46 : 0.4687"
"46,36 : 0.4687"
"36,47 : 0.153"
"47,36 : 0.153"
"36,48 : 0.4393"
"48,36 : 0.4393"
"36,49 : 0.6088"
"49,36 : 0.6088"
"37,38 : 0.5576"
"38,37 : 0.5576"
"37,39 : 0.0608"
"39,37 : 0.0608"
"37,40 : 0.4545"
"40,37 : 0.4545"
"37,41 : 0.494"
"41,37 : 0.494"
"37,42 : 0.172"
"42,37 : 0.172"
"37,43 : 0.0608"
"43,37 : 0.0608"
"37,44 : 0.191"
"44,37 : 0.191"
"37,45 : 0.3312"
"45,37 : 0.3312"
"37,46 : 0.1825"
"46,37 : 0.1825"
"37,47 : 0.2668"
"47,37 : 0.2668"
"37,48 : 0.12"
"48,37 : 0.12"
"37,49 : 0.5814"
"49,37 : 0.5814"
"38,39 : 0.6"
"39,38 : 0.6"
"38,40 : 0.6021"
"40,38 : 0.6021"
"38,41 : 0.9377"
"41,38 : 0.9377"
"38,42 : 0.592"
"42,38 : 0.592"
"38,43 : 0.6042"
"43,38 : 0.6042"
"38,44 : 0.5561"
"44,38 : 0.5561"
"38,45 : 0.3102"
"45,38 : 0.3102"
"38,46 : 0.3962"
"46,38 : 0.3962"
"38,47 : 0.5315"
"47,38 : 0.5315"
"38,48 : 0.461"
"48,38 : 0.461"
"38,49 : 0.1664"
"49,38 : 0.1664"
"39,40 : 0.4272"
"40,39 : 0.4272"
"39,41 : 0.51"
"41,39 : 0.51"
"39,42 : 0.2193"
"42,39 : 0.2193"
"39,43 : 0.086"
"43,39 : 0.086"
"39,44 : 0.1612"
"44,39 : 0.1612"
"39,45 : 0.3891"
"45,39 : 0.3891"
"39,46 : 0.2102"
"46,39 : 0.2102"
"39,47 : 0.3239"
"47,39 : 0.3239"
"39,48 : 0.1432"
"48,39 : 0.1432"
"39,49 : 0.6341"
"49,39 : 0.6341"
"40,41 : 0.9365"
"41,40 : 0.9365"
"40,42 : 0.6224"
"42,40 : 0.6224"
"40,43 : 0.508"
"43,40 : 0.508"
"40,44 : 0.2663"
"44,40 : 0.2663"
"40,45 : 0.6103"
"45,40 : 0.6103"
"40,46 : 0.3624"
"46,40 : 0.3624"
"40,47 : 0.686"
"47,40 : 0.686"
"40,48 : 0.3701"
"48,40 : 0.3701"
"40,49 : 0.7306"
"49,40 : 0.7306"
"41,42 : 0.3622"
"42,41 : 0.3622"
"41,43 : 0.4346"
"43,41 : 0.4346"
"41,44 : 0.6712"
"44,41 : 0.6712"
"41,45 : 0.6297"
"45,41 : 0.6297"
"41,46 : 0.6573"
"46,41 : 0.6573"
"41,47 : 0.4079"
"47,41 : 0.4079"
"41,48 : 0.6073"
"48,41 : 0.6073"
"41,49 : 0.8793"
"49,41 : 0.8793"
"42,43 : 0.136"
"43,42 : 0.136"
"42,44 : 0.3624"
"44,42 : 0.3624"
"42,45 : 0.3002"
"45,42 : 0.3002"
"42,46 : 0.3008"
"46,42 : 0.3008"
"42,47 : 0.1265"
"47,42 : 0.1265"
"42,48 : 0.2608"
"48,42 : 0.2608"
"42,49 : 0.566"
"49,42 : 0.566"
