x,y
0.78,0.18
0.93,0.25
0.79,0.5
0.56,0.6
0.5,0.54
0.65,0.38
0.44,0.57
0.18,0.68
0.23,0.19
0.4,0.26
0.91,0.77
0.53,0.06
0.8,0.53
0.06,0.17
0.1,0.98
0.91,0.53
0.24,0.16
0.05,0.99
0.06,0.36
0.86,0.81
0.22,0.21
0.01,0.32
0.13,0.9
0.79,0.13
0.89,0.11
0.35,1.0
0.1,0.58
0.03,0.28
0.9,0.57
0.82,0.82
0.17,0.93
0.36,0.72
0.16,0.01
0.73,0.03
0.1,0.74
0.22,0.94
0.15,0.75
0.34,0.85
0.2,0.2
0.36,0.8
0.94,0.58
0.11,0.75
0.79,0.48
0.07,0.43
0.39,0.73
0.74,0.08
0.47,0.16
0.02,0.52
0.94,0.81
0.46,0.9

Distanze
"0,1 : 0.1655"
"1,0 : 0.1655"
"0,2 : 0.3202"
"2,0 : 0.3202"
"0,3 : 0.4741"
"3,0 : 0.4741"
"0,4 : 0.4561"
"4,0 : 0.4561"
"0,5 : 0.2385"
"5,0 : 0.2385"
"0,6 : 0.5174"
"6,0 : 0.5174"
"0,7 : 0.781"
"7,0 : 0.781"
"0,8 : 0.5501"
"8,0 : 0.5501"
"0,9 : 0.3883"
"9,0 : 0.3883"
"0,10 : 0.6042"
"10,0 : 0.6042"
"0,11 : 0.2773"
"11,0 : 0.2773"
"0,12 : 0.3506"
"12,0 : 0.3506"
"0,13 : 0.7201"
"13,0 : 0.7201"
"0,14 : 1.05"
"14,0 : 1.05"
"0,15 : 0.3734"
"15,0 : 0.3734"
"0,16 : 0.5404"
"16,0 : 0.5404"
"0,17 : 1.0904"
"17,0 : 1.0904"
"0,18 : 0.7422"
"18,0 : 0.7422"
"0,19 : 0.6351"
"19,0 : 0.6351"
"0,20 : 0.5608"
"20,0 : 0.5608"
"0,21 : 0.7826"
"21,0 : 0.7826"
"0,22 : 0.97"
"22,0 : 0.97"
"0,23 : 0.051"
"23,0 : 0.051"
"0,24 : 0.1304"
"24,0 : 0.1304"
"0,25 : 0.9259"
"25,0 : 0.9259"
"0,26 : 0.7889"
"26,0 : 0.7889"
"0,27 : 0.7566"
"27,0 : 0.7566"
"0,28 : 0.408"
"28,0 : 0.408"
"0,29 : 0.6412"
"29,0 : 0.6412"
"0,30 : 0.9667"
"30,0 : 0.9667"
"0,31 : 0.6841"
"31,0 : 0.6841"
"0,32 : 0.6429"
"32,0 : 0.6429"
"0,33 : 0.1581"
"33,0 : 0.1581"
"0,34 : 0.8809"
"34,0 : 0.8809"
"0,35 : 0.944"
"35,0 : 0.944"
"0,36 : 0.8496"
"36,0 : 0.8496"
"0,37 : 0.8016"
"37,0 : 0.8016"
"0,38 : 0.5803"
"38,0 : 0.5803"
"0,39 : 0.7489"
"39,0 : 0.7489"
"0,40 : 0.4308"
"40,0 : 0.4308"
"0,41 : 0.8797"
"41,0 : 0.8797"
"0,42 : 0.3002"
"42,0 : 0.3002"
"0,43 : 0.7527"
"43,0 : 0.7527"
"0,44 : 0.6742"
"44,0 : 0.6742"
"0,45 : 0.1077"
"45,0 : 0.1077"
"0,46 : 0.3106"
"46,0 : 0.3106"
"0,47 : 0.8326"
"47,0 : 0.8326"
"0,48 : 0.65"
"48,0 : 0.65"
"0,49 : 0.7879"
"49,0 : 0.7879"
"1,2 : 0.2865"
"2,1 : 0.2865"
"1,3 : 0.5093"
"3,1 : 0.5093"
"1,4 : 0.5187"
"4,1 : 0.5187"
"1,5 : 0.3087"
"5,1 : 0.3087"
"1,6 : 0.5852"
"6,1 : 0.5852"
"1,7 : 0.8645"
"7,1 : 0.8645"
"1,8 : 0.7026"
"8,1 : 0.7026"
"1,9 : 0.5301"
"9,1 : 0.5301"
"1,10 : 0.5204"
"10,1 : 0.5204"
"1,11 : 0.4428"
"11,1 : 0.4428"
"1,12 : 0.3087"
"12,1 : 0.3087"
"1,13 : 0.8737"
"13,1 : 0.8737"
"1,14 : 1.1054"
"14,1 : 1.1054"
"1,15 : 0.2807"
"15,1 : 0.2807"
"1,16 : 0.6958"
"16,1 : 0.6958"
"1,17 : 1.1498"
"17,1 : 1.1498"
"1,18 : 0.8769"
"18,1 : 0.8769"
"1,19 : 0.5644"
"19,1 : 0.5644"
"1,20 : 0.7111"
"20,1 : 0.7111"
"1,21 : 0.9227"
"21,1 : 0.9227"
"1,22 : 1.0308"
"22,1 : 1.0308"
"1,23 : 0.1844"
"23,1 : 0.1844"
"1,24 : 0.1456"
"24,1 : 0.1456"
"1,25 : 0.9481"
"25,1 : 0.9481"
"1,26 : 0.8932"
"26,1 : 0.8932"
"1,27 : 0.9005"
"27,1 : 0.9005"
"1,28 : 0.3214"
"28,1 : 0.3214"
"1,29 : 0.5805"
"29,1 : 0.5805"
"1,30 : 1.0198"
"30,1 : 1.0198"
"1,31 : 0.7388"
"31,1 : 0.7388"
"1,32 : 0.8065"
"32,1 : 0.8065"
"1,33 : 0.2973"
"33,1 : 0.2973"
"1,34 : 0.9638"
"34,1 : 0.9638"
"1,35 : 0.9901"
"35,1 : 0.9901"
"1,36 : 0.9265"
"36,1 : 0.9265"
"1,37 : 0.8415"
"37,1 : 0.8415"
"1,38 : 0.7317"
"38,1 : 0.7317"
"1,39 : 0.7921"
"39,1 : 0.7921"
"1,40 : 0.3302"
"40,1 : 0.3302"
"1,41 : 0.9604"
"41,1 : 0.9604"
"1,42 : 0.2693"
"42,1 : 0.2693"
"1,43 : 0.8786"
"43,1 : 0.8786"
"1,44 : 0.7225"
"44,1 : 0.7225"
"1,45 : 0.255"
"45,1 : 0.255"
"1,46 : 0.4687"
"46,1 : 0.4687"
"1,47 : 0.9492"
"47,1 : 0.9492"
"1,48 : 0.5601"
"48,1 : 0.5601"
"1,49 : 0.8021"
"49,1 : 0.8021"
"2,3 : 0.2508"
"3,2 : 0.2508"
"2,4 : 0.2927"
"4,2 : 0.2927"
"2,5 : 0.1844"
"5,2 : 0.1844"
"2,6 : 0.3569"
"6,2 : 0.3569"
"2,7 : 0.636"
"7,2 : 0.636"
"2,8 : 0.6401"
"8,2 : 0.6401"
"2,9 : 0.4579"
"9,2 : 0.4579"
"2,10 : 0.2955"
"10,2 : 0.2955"
"2,11 : 0.5111"
"11,2 : 0.5111"
"2,12 : 0.0316"
"12,2 : 0.0316"
"2,13 : 0.8011"
"13,2 : 0.8011"
"2,14 : 0.8405"
"14,2 : 0.8405"
"2,15 : 0.1237"
"15,2 : 0.1237"
"2,16 : 0.6466"
"16,2 : 0.6466"
"2,17 : 0.8875"
"17,2 : 0.8875"
"2,18 : 0.7433"
"18,2 : 0.7433"
"2,19 : 0.3178"
"19,2 : 0.3178"
"2,20 : 0.6395"
"20,2 : 0.6395"
"2,21 : 0.8005"
"21,2 : 0.8005"
"2,22 : 0.7718"
"22,2 : 0.7718"
"2,23 : 0.37"
"23,2 : 0.37"
"2,24 : 0.4026"
"24,2 : 0.4026"
"2,25 : 0.666"
"25,2 : 0.666"
"2,26 : 0.6946"
"26,2 : 0.6946"
"2,27 : 0.7912"
"27,2 : 0.7912"
"2,28 : 0.1304"
"28,2 : 0.1304"
"2,29 : 0.3214"
"29,2 : 0.3214"
"2,30 : 0.7545"
"30,2 : 0.7545"
"2,31 : 0.483"
"31,2 : 0.483"
"2,32 : 0.7981"
"32,2 : 0.7981"
"2,33 : 0.4738"
"33,2 : 0.4738"
"2,34 : 0.7305"
"34,2 : 0.7305"
"2,35 : 0.7201"
"35,2 : 0.7201"
"2,36 : 0.6871"
"36,2 : 0.6871"
"2,37 : 0.5701"
"37,2 : 0.5701"
"2,38 : 0.6619"
"38,2 : 0.6619"
"2,39 : 0.5243"
"39,2 : 0.5243"
"2,40 : 0.17"
"40,2 : 0.17"
"2,41 : 0.7245"
"41,2 : 0.7245"
"2,42 : 0.02"
"42,2 : 0.02"
"2,43 : 0.7234"
"43,2 : 0.7234"
"2,44 : 0.4614"
"44,2 : 0.4614"
"2,45 : 0.423"
"45,2 : 0.423"
"2,46 : 0.4669"
"46,2 : 0.4669"
"2,47 : 0.7703"
"47,2 : 0.7703"
"2,48 : 0.3444"
"48,2 : 0.3444"
"2,49 : 0.5186"
"49,2 : 0.5186"
"3,4 : 0.0849"
"4,3 : 0.0849"
"3,5 : 0.2377"
"5,3 : 0.2377"
"3,6 : 0.1237"
"6,3 : 0.1237"
"3,7 : 0.3883"
"7,3 : 0.3883"
"3,8 : 0.5263"
"8,3 : 0.5263"
"3,9 : 0.3758"
"9,3 : 0.3758"
"3,10 : 0.3891"
"10,3 : 0.3891"
"3,11 : 0.5408"
"11,3 : 0.5408"
"3,12 : 0.25"
"12,3 : 0.25"
"3,13 : 0.6595"
"13,3 : 0.6595"
"3,14 : 0.5967"
"14,3 : 0.5967"
"3,15 : 0.3569"
"15,3 : 0.3569"
"3,16 : 0.5441"
"16,3 : 0.5441"
"3,17 : 0.642"
"17,3 : 0.642"
"3,18 : 0.5546"
"18,3 : 0.5546"
"3,19 : 0.3662"
"19,3 : 0.3662"
"3,20 : 0.5174"
"20,3 : 0.5174"
"3,21 : 0.6172"
"21,3 : 0.6172"
"3,22 : 0.5243"
"22,3 : 0.5243"
"3,23 : 0.5233"
"23,3 : 0.5233"
"3,24 : 0.5908"
"24,3 : 0.5908"
"3,25 : 0.4518"
"25,3 : 0.4518"
"3,26 : 0.4604"
"26,3 : 0.4604"
"3,27 : 0.6191"
"27,3 : 0.6191"
"3,28 : 0.3413"
"28,3 : 0.3413"
"3,29 : 0.3406"
"29,3 : 0.3406"
"3,30 : 0.5109"
"30,3 : 0.5109"
"3,31 : 0.2332"
"31,3 : 0.2332"
"3,32 : 0.7128"
"32,3 : 0.7128"
"3,33 : 0.5948"
"33,3 : 0.5948"
"3,34 : 0.4808"
"34,3 : 0.4808"
"3,35 : 0.4808"
"35,3 : 0.4808"
"3,36 : 0.4366"
"36,3 : 0.4366"
"3,37 : 0.333"
"37,3 : 0.333"
"3,38 : 0.5381"
"38,3 : 0.5381"
"3,39 : 0.2828"
"39,3 : 0.2828"
"3,40 : 0.3805"
"40,3 : 0.3805"
"3,41 : 0.4743"
"41,3 : 0.4743"
"3,42 : 0.2594"
"42,3 : 0.2594"
"3,43 : 0.5187"
"43,3 : 0.5187"
"3,44 : 0.214"
"44,3 : 0.214"
"3,45 : 0.5503"
"45,3 : 0.5503"
"3,46 : 0.4491"
"46,3 : 0.4491"
"3,47 : 0.5459"
"47,3 : 0.5459"
"3,48 : 0.4342"
"48,3 : 0.4342"
"3,49 : 0.3162"
"49,3 : 0.3162"
"4,5 : 0.2193"
"5,4 : 0.2193"
"4,6 : 0.0671"
"6,4 : 0.0671"
"4,7 : 0.3493"
"7,4 : 0.3493"
"4,8 : 0.442"
"8,4 : 0.442"
"4,9 : 0.2973"
"9,4 : 0.2973"
"4,10 : 0.4701"
"10,4 : 0.4701"
"4,11 : 0.4809"
"11,4 : 0.4809"
"4,12 : 0.3002"
"12,4 : 0.3002"
"4,13 : 0.5749"
"13,4 : 0.5749"
"4,14 : 0.5946"
"14,4 : 0.5946"
"4,15 : 0.4101"
"15,4 : 0.4101"
"4,16 : 0.4604"
"16,4 : 0.4604"
"4,17 : 0.6364"
"17,4 : 0.6364"
"4,18 : 0.4754"
"18,4 : 0.4754"
"4,19 : 0.45"
"19,4 : 0.45"
"4,20 : 0.4328"
"20,4 : 0.4328"
"4,21 : 0.5371"
"21,4 : 0.5371"
"4,22 : 0.5162"
"22,4 : 0.5162"
"4,23 : 0.5022"
"23,4 : 0.5022"
"4,24 : 0.5805"
"24,4 : 0.5805"
"4,25 : 0.4838"
"25,4 : 0.4838"
"4,26 : 0.402"
"26,4 : 0.402"
"4,27 : 0.5371"
"27,4 : 0.5371"
"4,28 : 0.4011"
"28,4 : 0.4011"
"4,29 : 0.4252"
"29,4 : 0.4252"
"4,30 : 0.5109"
"30,4 : 0.5109"
"4,31 : 0.228"
"31,4 : 0.228"
"4,32 : 0.6297"
"32,4 : 0.6297"
"4,33 : 0.5595"
"33,4 : 0.5595"
"4,34 : 0.4472"
"34,4 : 0.4472"
"4,35 : 0.4883"
"35,4 : 0.4883"
"4,36 : 0.4082"
"36,4 : 0.4082"
"4,37 : 0.3489"
"37,4 : 0.3489"
"4,38 : 0.4534"
"38,4 : 0.4534"
"4,39 : 0.2953"
"39,4 : 0.2953"
"4,40 : 0.4418"
"40,4 : 0.4418"
"4,41 : 0.4429"
"41,4 : 0.4429"
"4,42 : 0.2961"
"42,4 : 0.2961"
"4,43 : 0.4438"
"43,4 : 0.4438"
"4,44 : 0.2195"
"44,4 : 0.2195"
"4,45 : 0.5188"
"45,4 : 0.5188"
"4,46 : 0.3812"
"46,4 : 0.3812"
"4,47 : 0.4804"
"47,4 : 0.4804"
"4,48 : 0.5162"
"48,4 : 0.5162"
"4,49 : 0.3622"
"49,4 : 0.3622"
"5,6 : 0.2832"
"6,5 : 0.2832"
"5,7 : 0.5576"
"7,5 : 0.5576"
"5,8 : 0.461"
"8,5 : 0.461"
"5,9 : 0.2773"
"9,5 : 0.2773"
"5,10 : 0.4687"
"10,5 : 0.4687"
"5,11 : 0.3418"
"11,5 : 0.3418"
"5,12 : 0.2121"
"12,5 : 0.2121"
"5,13 : 0.6263"
"13,5 : 0.6263"
"5,14 : 0.8139"
"14,5 : 0.8139"
"5,15 : 0.3002"
"15,5 : 0.3002"
"5,16 : 0.4653"
"16,5 : 0.4653"
"5,17 : 0.8556"
"17,5 : 0.8556"
"5,18 : 0.5903"
"18,5 : 0.5903"
"5,19 : 0.4785"
"19,5 : 0.4785"
"5,20 : 0.4624"
"20,5 : 0.4624"
"5,21 : 0.6428"
"21,5 : 0.6428"
"5,22 : 0.7354"
"22,5 : 0.7354"
"5,23 : 0.2865"
"23,5 : 0.2865"
"5,24 : 0.3612"
"24,5 : 0.3612"
"5,25 : 0.6888"
"25,5 : 0.6888"
"5,26 : 0.5852"
"26,5 : 0.5852"
"5,27 : 0.628"
"27,5 : 0.628"
"5,28 : 0.314"
"28,5 : 0.314"
"5,29 : 0.4717"
"29,5 : 0.4717"
"5,30 : 0.73"
"30,5 : 0.73"
"5,31 : 0.4469"
"31,5 : 0.4469"
"5,32 : 0.614"
"32,5 : 0.614"
"5,33 : 0.359"
"33,5 : 0.359"
"5,34 : 0.6573"
"34,5 : 0.6573"
"5,35 : 0.706"
"35,5 : 0.706"
"5,36 : 0.622"
"36,5 : 0.622"
"5,37 : 0.563"
"37,5 : 0.563"
"5,38 : 0.4847"
"38,5 : 0.4847"
"5,39 : 0.5104"
"39,5 : 0.5104"
"5,40 : 0.3523"
"40,5 : 0.3523"
"5,41 : 0.6546"
"41,5 : 0.6546"
"5,42 : 0.172"
"42,5 : 0.172"
"5,43 : 0.5822"
"43,5 : 0.5822"
"5,44 : 0.436"
"44,5 : 0.436"
"5,45 : 0.3132"
"45,5 : 0.3132"
"5,46 : 0.2843"
"46,5 : 0.2843"
"5,47 : 0.6454"
"47,5 : 0.6454"
"5,48 : 0.5187"
"48,5 : 0.5187"
"5,49 : 0.5536"
"49,5 : 0.5536"
"6,7 : 0.2823"
"7,6 : 0.2823"
"6,8 : 0.4342"
"8,6 : 0.4342"
"6,9 : 0.3126"
"9,6 : 0.3126"
"6,10 : 0.5108"
"10,6 : 0.5108"
"6,11 : 0.5179"
"11,6 : 0.5179"
"6,12 : 0.3622"
"12,6 : 0.3622"
"6,13 : 0.5517"
"13,6 : 0.5517"
"6,14 : 0.5326"
"14,6 : 0.5326"
"6,15 : 0.4717"
"15,6 : 0.4717"
"6,16 : 0.4562"
"16,6 : 0.4562"
"6,17 : 0.5731"
"17,6 : 0.5731"
"6,18 : 0.4342"
"18,6 : 0.4342"
"6,19 : 0.4837"
"19,6 : 0.4837"
"6,20 : 0.4219"
"20,6 : 0.4219"
"6,21 : 0.4974"
"21,6 : 0.4974"
"6,22 : 0.4528"
"22,6 : 0.4528"
"6,23 : 0.5622"
"23,6 : 0.5622"
"6,24 : 0.6435"
"24,6 : 0.6435"
"6,25 : 0.4393"
"25,6 : 0.4393"
"6,26 : 0.3401"
"26,6 : 0.3401"
"6,27 : 0.5022"
"27,6 : 0.5022"
"6,28 : 0.46"
"28,6 : 0.46"
"6,29 : 0.4549"
"29,6 : 0.4549"
"6,30 : 0.45"
"30,6 : 0.45"
"6,31 : 0.17"
"31,6 : 0.17"
"6,32 : 0.6261"
"32,6 : 0.6261"
"6,33 : 0.6129"
"33,6 : 0.6129"
"6,34 : 0.3801"
"34,6 : 0.3801"
"6,35 : 0.4305"
"35,6 : 0.4305"
"6,36 : 0.3413"
"36,6 : 0.3413"
"6,37 : 0.2973"
"37,6 : 0.2973"
"6,38 : 0.441"
"38,6 : 0.441"
"6,39 : 0.2435"
"39,6 : 0.2435"
"6,40 : 0.5001"
"40,6 : 0.5001"
"6,41 : 0.3759"
"41,6 : 0.3759"
"6,42 : 0.3614"
"42,6 : 0.3614"
"6,43 : 0.3956"
"43,6 : 0.3956"
"6,44 : 0.1676"
"44,6 : 0.1676"
"6,45 : 0.5745"
"45,6 : 0.5745"
"6,46 : 0.4111"
"46,6 : 0.4111"
"6,47 : 0.423"
"47,6 : 0.423"
"6,48 : 0.5546"
"48,6 : 0.5546"
"6,49 : 0.3306"
"49,6 : 0.3306"
"7,8 : 0.4925"
"8,7 : 0.4925"
"7,9 : 0.4741"
"9,7 : 0.4741"
"7,10 : 0.7355"
"10,7 : 0.7355"
"7,11 : 0.712"
"11,7 : 0.712"
"7,12 : 0.6379"
"12,7 : 0.6379"
"7,13 : 0.5239"
"13,7 : 0.5239"
"7,14 : 0.3105"
"14,7 : 0.3105"
"7,15 : 0.7453"
"15,7 : 0.7453"
"7,16 : 0.5235"
"16,7 : 0.5235"
"7,17 : 0.3362"
"17,7 : 0.3362"
"7,18 : 0.3418"
"18,7 : 0.3418"
"7,19 : 0.6923"
"19,7 : 0.6923"
"7,20 : 0.4717"
"20,7 : 0.4717"
"7,21 : 0.3981"
"21,7 : 0.3981"
"7,22 : 0.2256"
"22,7 : 0.2256"
"7,23 : 0.8213"
"23,7 : 0.8213"
"7,24 : 0.9105"
"24,7 : 0.9105"
"7,25 : 0.3624"
"25,7 : 0.3624"
"7,26 : 0.1281"
"26,7 : 0.1281"
"7,27 : 0.4272"
"27,7 : 0.4272"
"7,28 : 0.7284"
"28,7 : 0.7284"
"7,29 : 0.6551"
"29,7 : 0.6551"
"7,30 : 0.2502"
"30,7 : 0.2502"
"7,31 : 0.1844"
"31,7 : 0.1844"
"7,32 : 0.6703"
"32,7 : 0.6703"
"7,33 : 0.8515"
"33,7 : 0.8515"
"7,34 : 0.1"
"34,7 : 0.1"
"7,35 : 0.2631"
"35,7 : 0.2631"
"7,36 : 0.0762"
"36,7 : 0.0762"
"7,37 : 0.2335"
"37,7 : 0.2335"
"7,38 : 0.4804"
"38,7 : 0.4804"
"7,39 : 0.2163"
"39,7 : 0.2163"
"7,40 : 0.7666"
"40,7 : 0.7666"
"7,41 : 0.099"
"41,7 : 0.099"
"7,42 : 0.642"
"42,7 : 0.642"
"7,43 : 0.2731"
"43,7 : 0.2731"
"7,44 : 0.2159"
"44,7 : 0.2159"
"7,45 : 0.8207"
"45,7 : 0.8207"
"7,46 : 0.5954"
"46,7 : 0.5954"
"7,47 : 0.2263"
"47,7 : 0.2263"
"7,48 : 0.771"
"48,7 : 0.771"
"7,49 : 0.3561"
"49,7 : 0.3561"
"8,9 : 0.1838"
"9,8 : 0.1838"
"8,10 : 0.8938"
"10,8 : 0.8938"
"8,11 : 0.327"
"11,8 : 0.327"
"8,12 : 0.6637"
"12,8 : 0.6637"
"8,13 : 0.1712"
"13,8 : 0.1712"
"8,14 : 0.8006"
"14,8 : 0.8006"
"8,15 : 0.7603"
"15,8 : 0.7603"
"8,16 : 0.0316"
"16,8 : 0.0316"
"8,17 : 0.82"
"17,8 : 0.82"
"8,18 : 0.2404"
"18,8 : 0.2404"
"8,19 : 0.8839"
"19,8 : 0.8839"
"8,20 : 0.0224"
"20,8 : 0.0224"
"8,21 : 0.2555"
"21,8 : 0.2555"
"8,22 : 0.717"
"22,8 : 0.717"
"8,23 : 0.5632"
"23,8 : 0.5632"
"8,24 : 0.6648"
"24,8 : 0.6648"
"8,25 : 0.8188"
"25,8 : 0.8188"
"8,26 : 0.4111"
"26,8 : 0.4111"
"8,27 : 0.2193"
"27,8 : 0.2193"
"8,28 : 0.7703"
"28,8 : 0.7703"
"8,29 : 0.8631"
"29,8 : 0.8631"
"8,30 : 0.7424"
"30,8 : 0.7424"
"8,31 : 0.5457"
"31,8 : 0.5457"
"8,32 : 0.1931"
"32,8 : 0.1931"
"8,33 : 0.525"
"33,8 : 0.525"
"8,34 : 0.5652"
"34,8 : 0.5652"
"8,35 : 0.7501"
"35,8 : 0.7501"
"8,36 : 0.5657"
"36,8 : 0.5657"
"8,37 : 0.6691"
"37,8 : 0.6691"
"8,38 : 0.0316"
"38,8 : 0.0316"
"8,39 : 0.6237"
"39,8 : 0.6237"
"8,40 : 0.8101"
"40,8 : 0.8101"
"8,41 : 0.5727"
"41,8 : 0.5727"
"8,42 : 0.6306"
"42,8 : 0.6306"
"8,43 : 0.2884"
"43,8 : 0.2884"
"8,44 : 0.5632"
"44,8 : 0.5632"
"8,45 : 0.5217"
"45,8 : 0.5217"
"8,46 : 0.2419"
"46,8 : 0.2419"
"8,47 : 0.3912"
"47,8 : 0.3912"
"8,48 : 0.9426"
"48,8 : 0.9426"
"8,49 : 0.7463"
"49,8 : 0.7463"
"9,10 : 0.7212"
"10,9 : 0.7212"
"9,11 : 0.2385"
"11,9 : 0.2385"
"9,12 : 0.4826"
"12,9 : 0.4826"
"9,13 : 0.3517"
"13,9 : 0.3517"
"9,14 : 0.78"
"14,9 : 0.78"
"9,15 : 0.5771"
"15,9 : 0.5771"
"9,16 : 0.1887"
"16,9 : 0.1887"
"9,17 : 0.8096"
"17,9 : 0.8096"
"9,18 : 0.3544"
"18,9 : 0.3544"
"9,19 : 0.717"
"19,9 : 0.717"
"9,20 : 0.1868"
"20,9 : 0.1868"
"9,21 : 0.3946"
"21,9 : 0.3946"
"9,22 : 0.6946"
"22,9 : 0.6946"
"9,23 : 0.4111"
"23,9 : 0.4111"
"9,24 : 0.5124"
"24,9 : 0.5124"
"9,25 : 0.7417"
"25,9 : 0.7417"
"9,26 : 0.4386"
"26,9 : 0.4386"
"9,27 : 0.3705"
"27,9 : 0.3705"
"9,28 : 0.5883"
"28,9 : 0.5883"
"9,29 : 0.7"
"29,9 : 0.7"
"9,30 : 0.7084"
"30,9 : 0.7084"
"9,31 : 0.4617"
"31,9 : 0.4617"
"9,32 : 0.3466"
"32,9 : 0.3466"
"9,33 : 0.4022"
"33,9 : 0.4022"
"9,34 : 0.566"
"34,9 : 0.566"
"9,35 : 0.7034"
"35,9 : 0.7034"
"9,36 : 0.5501"
"36,9 : 0.5501"
"9,37 : 0.593"
"37,9 : 0.593"
"9,38 : 0.2088"
"38,9 : 0.2088"
"9,39 : 0.5415"
"39,9 : 0.5415"
"9,40 : 0.6277"
"40,9 : 0.6277"
"9,41 : 0.5694"
"41,9 : 0.5694"
"9,42 : 0.4478"
"42,9 : 0.4478"
"9,43 : 0.3712"
"43,9 : 0.3712"
"9,44 : 0.4701"
"44,9 : 0.4701"
"9,45 : 0.3847"
"45,9 : 0.3847"
"9,46 : 0.1221"
"46,9 : 0.1221"
"9,47 : 0.4604"
"47,9 : 0.4604"
"9,48 : 0.7708"
"48,9 : 0.7708"
"9,49 : 0.6428"
"49,9 : 0.6428"
"10,11 : 0.8053"
"11,10 : 0.8053"
"10,12 : 0.264"
"12,10 : 0.264"
"10,13 : 1.0404"
"13,10 : 1.0404"
"10,14 : 0.8368"
"14,10 : 0.8368"
"10,15 : 0.24"
"15,10 : 0.24"
"10,16 : 0.9061"
"16,10 : 0.9061"
"10,17 : 0.8877"
"17,10 : 0.8877"
"10,18 : 0.9437"
"18,10 : 0.9437"
"10,19 : 0.064"
"19,10 : 0.064"
"10,20 : 0.8887"
"20,10 : 0.8887"
"10,21 : 1.0062"
"21,10 : 1.0062"
"10,22 : 0.7908"
"22,10 : 0.7908"
"10,23 : 0.6512"
"23,10 : 0.6512"
"10,24 : 0.6603"
"24,10 : 0.6603"
"10,25 : 0.6054"
"25,10 : 0.6054"
"10,26 : 0.832"
"26,10 : 0.832"
"10,27 : 1.0072"
"27,10 : 1.0072"
"10,28 : 0.2002"
"28,10 : 0.2002"
"10,29 : 0.103"
"29,10 : 0.103"
"10,30 : 0.7571"
"30,10 : 0.7571"
"10,31 : 0.5523"
"31,10 : 0.5523"
"10,32 : 1.0678"
"32,10 : 1.0678"
"10,33 : 0.7616"
"33,10 : 0.7616"
"10,34 : 0.8106"
"34,10 : 0.8106"
"10,35 : 0.7106"
"35,10 : 0.7106"
"10,36 : 0.7603"
"36,10 : 0.7603"
"10,37 : 0.5756"
"37,10 : 0.5756"
"10,38 : 0.9105"
"38,10 : 0.9105"
"10,39 : 0.5508"
"39,10 : 0.5508"
"10,40 : 0.1924"
"40,10 : 0.1924"
"10,41 : 0.8002"
"41,10 : 0.8002"
"10,42 : 0.3138"
"42,10 : 0.3138"
"10,43 : 0.9062"
"43,10 : 0.9062"
"10,44 : 0.5215"
"44,10 : 0.5215"
"10,45 : 0.7106"
"45,10 : 0.7106"
"10,46 : 0.7521"
"46,10 : 0.7521"
"10,47 : 0.9244"
"47,10 : 0.9244"
"10,48 : 0.05"
"48,10 : 0.05"
"10,49 : 0.4684"
"49,10 : 0.4684"
"11,12 : 0.542"
"12,11 : 0.542"
"11,13 : 0.4827"
"13,11 : 0.4827"
"11,14 : 1.0155"
"14,11 : 1.0155"
"11,15 : 0.6044"
"15,11 : 0.6044"
"11,16 : 0.3068"
"16,11 : 0.3068"
"11,17 : 1.0466"
"17,11 : 1.0466"
"11,18 : 0.5576"
"18,11 : 0.5576"
"11,19 : 0.8194"
"19,11 : 0.8194"
"11,20 : 0.3444"
"20,11 : 0.3444"
"11,21 : 0.5814"
"21,11 : 0.5814"
"11,22 : 0.9304"
"22,11 : 0.9304"
"11,23 : 0.2693"
"23,11 : 0.2693"
"11,24 : 0.3635"
"24,11 : 0.3635"
"11,25 : 0.9571"
"25,11 : 0.9571"
"11,26 : 0.6748"
"26,11 : 0.6748"
"11,27 : 0.5463"
"27,11 : 0.5463"
"11,28 : 0.6301"
"28,11 : 0.6301"
"11,29 : 0.8134"
"29,11 : 0.8134"
"11,30 : 0.9415"
"30,11 : 0.9415"
"11,31 : 0.6815"
"31,11 : 0.6815"
"11,32 : 0.3734"
"32,11 : 0.3734"
"11,33 : 0.2022"
"33,11 : 0.2022"
"11,34 : 0.8045"
"34,11 : 0.8045"
"11,35 : 0.933"
"35,11 : 0.933"
"11,36 : 0.7877"
"36,11 : 0.7877"
"11,37 : 0.8125"
"37,11 : 0.8125"
"11,38 : 0.3585"
"38,11 : 0.3585"
"11,39 : 0.7593"
"39,11 : 0.7593"
"11,40 : 0.6622"
"40,11 : 0.6622"
"11,41 : 0.8078"
"41,11 : 0.8078"
"11,42 : 0.494"
"42,11 : 0.494"
"11,43 : 0.5903"
"43,11 : 0.5903"
"11,44 : 0.6845"
"44,11 : 0.6845"
"11,45 : 0.211"
"45,11 : 0.211"
"11,46 : 0.1166"
"46,11 : 0.1166"
"11,47 : 0.6868"
"47,11 : 0.6868"
"11,48 : 0.8548"
"48,11 : 0.8548"
"11,49 : 0.8429"
"49,11 : 0.8429"
"12,13 : 0.8229"
"13,12 : 0.8229"
"12,14 : 0.8322"
"14,12 : 0.8322"
"12,15 : 0.11"
"15,12 : 0.11"
"12,16 : 0.6712"
"16,12 : 0.6712"
"12,17 : 0.8798"
"17,12 : 0.8798"
"12,18 : 0.7593"
"18,12 : 0.7593"
"12,19 : 0.2864"
"19,12 : 0.2864"
"12,20 : 0.6624"
"20,12 : 0.6624"
"12,21 : 0.8174"
"21,12 : 0.8174"
"12,22 : 0.7654"
"22,12 : 0.7654"
"12,23 : 0.4001"
"23,12 : 0.4001"
"12,24 : 0.4295"
"24,12 : 0.4295"
"12,25 : 0.6507"
"25,12 : 0.6507"
"12,26 : 0.7018"
"26,12 : 0.7018"
"12,27 : 0.8096"
"27,12 : 0.8096"
"12,28 : 0.1077"
"28,12 : 0.1077"
"12,29 : 0.2907"
"29,12 : 0.2907"
"12,30 : 0.7463"
"30,12 : 0.7463"
"12,31 : 0.4793"
"31,12 : 0.4793"
"12,32 : 0.8246"
"32,12 : 0.8246"
"12,33 : 0.5049"
"33,12 : 0.5049"
"12,34 : 0.7308"
"34,12 : 0.7308"
"12,35 : 0.7103"
"35,12 : 0.7103"
"12,36 : 0.6862"
"36,12 : 0.6862"
"12,37 : 0.5604"
"37,12 : 0.5604"
"12,38 : 0.6848"
"38,12 : 0.6848"
"12,39 : 0.5162"
"39,12 : 0.5162"
"12,40 : 0.1487"
"40,12 : 0.1487"
"12,41 : 0.7242"
"41,12 : 0.7242"
"12,42 : 0.051"
"42,12 : 0.051"
"12,43 : 0.7368"
"43,12 : 0.7368"
"12,44 : 0.4562"
"44,12 : 0.4562"
"12,45 : 0.454"
"45,12 : 0.454"
"12,46 : 0.4958"
"46,12 : 0.4958"
"12,47 : 0.7801"
"47,12 : 0.7801"
"12,48 : 0.313"
"48,12 : 0.313"
"12,49 : 0.5025"
"49,12 : 0.5025"
"13,14 : 0.811"
"14,13 : 0.811"
"13,15 : 0.9231"
"15,13 : 0.9231"
"13,16 : 0.1803"
"16,13 : 0.1803"
"13,17 : 0.8201"
"17,13 : 0.8201"
"13,18 : 0.19"
"18,13 : 0.19"
"13,19 : 1.0245"
"19,13 : 1.0245"
"13,20 : 0.1649"
"20,13 : 0.1649"
"13,21 : 0.1581"
"21,13 : 0.1581"
"13,22 : 0.7333"
"22,13 : 0.7333"
"13,23 : 0.7311"
"23,13 : 0.7311"
"13,24 : 0.8322"
"24,13 : 0.8322"
"13,25 : 0.8792"
"25,13 : 0.8792"
"13,26 : 0.4119"
"26,13 : 0.4119"
"13,27 : 0.114"
"27,13 : 0.114"
"13,28 : 0.9304"
"28,13 : 0.9304"
"13,29 : 1.0"
"29,13 : 1.0"
"13,30 : 0.7679"
"30,13 : 0.7679"
"13,31 : 0.6265"
"31,13 : 0.6265"
"13,32 : 0.1887"
"32,13 : 0.1887"
"13,33 : 0.6845"
"33,13 : 0.6845"
"13,34 : 0.5714"
"34,13 : 0.5714"
"13,35 : 0.7864"
"35,13 : 0.7864"
"13,36 : 0.5869"
"36,13 : 0.5869"
"13,37 : 0.7354"
"37,13 : 0.7354"
"13,38 : 0.1432"
"38,13 : 0.1432"
"13,39 : 0.6978"
"39,13 : 0.6978"
"13,40 : 0.9708"
"40,13 : 0.9708"
"13,41 : 0.5822"
"41,13 : 0.5822"
"13,42 : 0.7931"
"42,13 : 0.7931"
"13,43 : 0.2602"
"43,13 : 0.2602"
"13,44 : 0.65"
"44,13 : 0.65"
"13,45 : 0.6859"
"45,13 : 0.6859"
"13,46 : 0.4101"
"46,13 : 0.4101"
"13,47 : 0.3523"
"47,13 : 0.3523"
"13,48 : 1.0881"
"48,13 : 1.0881"
"13,49 : 0.8324"
"49,13 : 0.8324"
"14,15 : 0.9266"
"15,14 : 0.9266"
"14,16 : 0.8319"
"16,14 : 0.8319"
"14,17 : 0.051"
"17,14 : 0.051"
"14,18 : 0.6213"
"18,14 : 0.6213"
"14,19 : 0.7788"
"19,14 : 0.7788"
"14,20 : 0.7793"
"20,14 : 0.7793"
"14,21 : 0.6661"
"21,14 : 0.6661"
"14,22 : 0.0854"
"22,14 : 0.0854"
"14,23 : 1.0948"
"23,14 : 1.0948"
"14,24 : 1.1752"
"24,14 : 1.1752"
"14,25 : 0.2508"
"25,14 : 0.2508"
"14,26 : 0.4"
"26,14 : 0.4"
"14,27 : 0.7035"
"27,14 : 0.7035"
"14,28 : 0.8989"
"28,14 : 0.8989"
"14,29 : 0.7376"
"29,14 : 0.7376"
"14,30 : 0.086"
"30,14 : 0.086"
"14,31 : 0.3677"
"31,14 : 0.3677"
"14,32 : 0.9719"
"32,14 : 0.9719"
"14,33 : 1.1399"
"33,14 : 1.1399"
"14,34 : 0.24"
"34,14 : 0.24"
"14,35 : 0.1265"
"35,14 : 0.1265"
"14,36 : 0.2354"
"36,14 : 0.2354"
"14,37 : 0.2729"
"37,14 : 0.2729"
"14,38 : 0.7864"
"38,14 : 0.7864"
"14,39 : 0.3162"
"39,14 : 0.3162"
"14,40 : 0.9304"
"40,14 : 0.9304"
"14,41 : 0.2302"
"41,14 : 0.2302"
"14,42 : 0.8521"
"42,14 : 0.8521"
"14,43 : 0.5508"
"43,14 : 0.5508"
"14,44 : 0.3829"
"44,14 : 0.3829"
"14,45 : 1.1044"
"45,14 : 1.1044"
"14,46 : 0.8996"
"46,14 : 0.8996"
"14,47 : 0.4669"
"47,14 : 0.4669"
"14,48 : 0.857"
"48,14 : 0.857"
"14,49 : 0.3688"
"49,14 : 0.3688"
"15,16 : 0.7654"
"16,15 : 0.7654"
"15,17 : 0.9753"
"17,15 : 0.9753"
"15,18 : 0.8668"
"18,15 : 0.8668"
"15,19 : 0.2844"
"19,15 : 0.2844"
"15,20 : 0.7606"
"20,15 : 0.7606"
"15,21 : 0.9242"
"21,15 : 0.9242"
"15,22 : 0.8633"
"22,15 : 0.8633"
"15,23 : 0.4176"
"23,15 : 0.4176"
"15,24 : 0.4205"
"24,15 : 0.4205"
"15,25 : 0.7311"
"25,15 : 0.7311"
"15,26 : 0.8115"
"26,15 : 0.8115"
"15,27 : 0.9148"
"27,15 : 0.9148"
"15,28 : 0.0412"
"28,15 : 0.0412"
"15,29 : 0.3036"
"29,15 : 0.3036"
"15,30 : 0.8412"
"30,15 : 0.8412"
"15,31 : 0.5819"
"31,15 : 0.5819"
"15,32 : 0.9126"
"32,15 : 0.9126"
"15,33 : 0.5314"
"33,15 : 0.5314"
"15,34 : 0.8368"
"34,15 : 0.8368"
"15,35 : 0.8026"
"35,15 : 0.8026"
"15,36 : 0.7912"
"36,15 : 0.7912"
"15,37 : 0.6537"
"37,15 : 0.6537"
"15,38 : 0.7829"
"38,15 : 0.7829"
"15,39 : 0.6127"
"39,15 : 0.6127"
"15,40 : 0.0583"
"40,15 : 0.0583"
"15,41 : 0.8297"
"41,15 : 0.8297"
"15,42 : 0.13"
"42,15 : 0.13"
"15,43 : 0.8459"
"43,15 : 0.8459"
"15,44 : 0.5571"
"44,15 : 0.5571"
"15,45 : 0.481"
"45,15 : 0.481"
"15,46 : 0.5749"
"46,15 : 0.5749"
"15,47 : 0.8901"
"47,15 : 0.8901"
"15,48 : 0.2816"
"48,15 : 0.2816"
"15,49 : 0.5826"
"49,15 : 0.5826"
"16,17 : 0.8515"
"17,16 : 0.8515"
"16,18 : 0.2691"
"18,16 : 0.2691"
"16,19 : 0.8983"
"19,16 : 0.8983"
"16,20 : 0.0539"
"20,16 : 0.0539"
"16,21 : 0.2802"
"21,16 : 0.2802"
"16,22 : 0.7481"
"22,16 : 0.7481"
"16,23 : 0.5508"
"23,16 : 0.5508"
"16,24 : 0.6519"
"24,16 : 0.6519"
"16,25 : 0.8472"
"25,16 : 0.8472"
"16,26 : 0.4427"
"26,16 : 0.4427"
"16,27 : 0.2419"
"27,16 : 0.2419"
"16,28 : 0.777"
"28,16 : 0.777"
"16,29 : 0.8786"
"29,16 : 0.8786"
"16,30 : 0.7732"
"30,16 : 0.7732"
"16,31 : 0.5727"
"31,16 : 0.5727"
"16,32 : 0.17"
"32,16 : 0.17"
"16,33 : 0.507"
"33,16 : 0.507"
"16,34 : 0.5967"
"34,16 : 0.5967"
"16,35 : 0.7803"
"35,16 : 0.7803"
"16,36 : 0.5968"
"36,16 : 0.5968"
"16,37 : 0.6972"
"37,16 : 0.6972"
"16,38 : 0.0566"
"38,16 : 0.0566"
"16,39 : 0.6512"
"39,16 : 0.6512"
"16,40 : 0.8163"
"40,16 : 0.8163"
"16,41 : 0.6042"
"41,16 : 0.6042"
"16,42 : 0.6363"
"42,16 : 0.6363"
"16,43 : 0.3191"
"43,16 : 0.3191"
"16,44 : 0.5894"
"44,16 : 0.5894"
"16,45 : 0.5064"
"45,16 : 0.5064"
"16,46 : 0.23"
"46,16 : 0.23"
"16,47 : 0.4219"
"47,16 : 0.4219"
"16,48 : 0.9552"
"48,16 : 0.9552"
"16,49 : 0.772"
"49,16 : 0.772"
"17,18 : 0.6301"
"18,17 : 0.6301"
"17,19 : 0.8298"
"19,17 : 0.8298"
"17,20 : 0.7983"
"20,17 : 0.7983"
"17,21 : 0.6712"
"21,17 : 0.6712"
"17,22 : 0.1204"
"22,17 : 0.1204"
"17,23 : 1.1345"
"23,17 : 1.1345"
"17,24 : 1.2166"
"24,17 : 1.2166"
"17,25 : 0.3002"
"25,17 : 0.3002"
"17,26 : 0.413"
"26,17 : 0.413"
"17,27 : 0.7103"
"27,17 : 0.7103"
"17,28 : 0.9481"
"28,17 : 0.9481"
"17,29 : 0.7885"
"29,17 : 0.7885"
"17,30 : 0.1342"
"30,17 : 0.1342"
"17,31 : 0.4111"
"31,17 : 0.4111"
"17,32 : 0.9862"
"32,17 : 0.9862"
"17,33 : 1.1764"
"33,17 : 1.1764"
"17,34 : 0.255"
"34,17 : 0.255"
"17,35 : 0.1772"
"35,17 : 0.1772"
"17,36 : 0.26"
"36,17 : 0.26"
"17,37 : 0.322"
"37,17 : 0.322"
"17,38 : 0.8041"
"38,17 : 0.8041"
"17,39 : 0.3636"
"39,17 : 0.3636"
"17,40 : 0.9799"
"40,17 : 0.9799"
"17,41 : 0.2474"
"41,17 : 0.2474"
"17,42 : 0.8987"
"42,17 : 0.8987"
"17,43 : 0.5604"
"43,17 : 0.5604"
"17,44 : 0.428"
"44,17 : 0.428"
"17,45 : 1.142"
"45,17 : 1.142"
"17,46 : 0.9302"
"46,17 : 0.9302"
"17,47 : 0.471"
"47,17 : 0.471"
"17,48 : 0.908"
"48,17 : 0.908"
"17,49 : 0.4198"
"49,17 : 0.4198"
"18,19 : 0.9179"
"19,18 : 0.9179"
"18,20 : 0.2193"
"20,18 : 0.2193"
"18,21 : 0.064"
"21,18 : 0.064"
"18,22 : 0.5445"
"22,18 : 0.5445"
"18,23 : 0.7654"
"23,18 : 0.7654"
"18,24 : 0.8668"
"24,18 : 0.8668"
"18,25 : 0.7026"
"25,18 : 0.7026"
"18,26 : 0.2236"
"26,18 : 0.2236"
"18,27 : 0.0854"
"27,18 : 0.0854"
"18,28 : 0.8659"
"28,18 : 0.8659"
"18,29 : 0.8884"
"29,18 : 0.8884"
"18,30 : 0.5805"
"30,18 : 0.5805"
"18,31 : 0.4686"
"31,18 : 0.4686"
"18,32 : 0.364"
"32,18 : 0.364"
"18,33 : 0.7469"
"33,18 : 0.7469"
"18,34 : 0.3821"
"34,18 : 0.3821"
"18,35 : 0.6017"
"35,18 : 0.6017"
"18,36 : 0.4002"
"36,18 : 0.4002"
"18,37 : 0.5644"
"37,18 : 0.5644"
"18,38 : 0.2126"
"38,18 : 0.2126"
"18,39 : 0.5325"
"39,18 : 0.5325"
"18,40 : 0.9071"
"40,18 : 0.9071"
"18,41 : 0.3932"
"41,18 : 0.3932"
"18,42 : 0.7398"
"42,18 : 0.7398"
"18,43 : 0.0707"
"43,18 : 0.0707"
"18,44 : 0.4958"
"44,18 : 0.4958"
"18,45 : 0.7354"
"45,18 : 0.7354"
"18,46 : 0.4562"
"46,18 : 0.4562"
"18,47 : 0.1649"
"47,18 : 0.1649"
"18,48 : 0.9884"
"48,18 : 0.9884"
"18,49 : 0.672"
"49,18 : 0.672"
"19,20 : 0.8773"
"20,19 : 0.8773"
"19,21 : 0.9811"
"21,19 : 0.9811"
"19,22 : 0.7355"
"22,19 : 0.7355"
"19,23 : 0.6836"
"23,19 : 0.6836"
"19,24 : 0.7006"
"24,19 : 0.7006"
"19,25 : 0.5442"
"25,19 : 0.5442"
"19,26 : 0.794"
"26,19 : 0.794"
"19,27 : 0.9848"
"27,19 : 0.9848"
"19,28 : 0.2433"
"28,19 : 0.2433"
"19,29 : 0.0412"
"29,19 : 0.0412"
"19,30 : 0.7004"
"30,19 : 0.7004"
"19,31 : 0.508"
"31,19 : 0.508"
"19,32 : 1.063"
"32,19 : 1.063"
"19,33 : 0.7908"
"33,19 : 0.7908"
"19,34 : 0.7632"
"34,19 : 0.7632"
"19,35 : 0.6531"
"35,19 : 0.6531"
"19,36 : 0.7125"
"36,19 : 0.7125"
"19,37 : 0.5215"
"37,19 : 0.5215"
"19,38 : 0.8987"
"38,19 : 0.8987"
"19,39 : 0.5001"
"39,19 : 0.5001"
"19,40 : 0.2435"
"40,19 : 0.2435"
"19,41 : 0.7524"
"41,19 : 0.7524"
"19,42 : 0.3373"
"42,19 : 0.3373"
"19,43 : 0.8766"
"43,19 : 0.8766"
"19,44 : 0.4768"
"44,19 : 0.4768"
"19,45 : 0.7398"
"45,19 : 0.7398"
"19,46 : 0.758"
"46,19 : 0.758"
"19,47 : 0.8887"
"47,19 : 0.8887"
"19,48 : 0.08"
"48,19 : 0.08"
"19,49 : 0.41"
"49,19 : 0.41"
"20,21 : 0.2371"
"21,20 : 0.2371"
"20,22 : 0.6958"
"22,20 : 0.6958"
"20,23 : 0.5756"
"23,20 : 0.5756"
"20,24 : 0.6774"
"24,20 : 0.6774"
"20,25 : 0.8006"
"25,20 : 0.8006"
"20,26 : 0.389"
"26,20 : 0.389"
"20,27 : 0.2025"
"27,20 : 0.2025"
"20,28 : 0.7694"
"28,20 : 0.7694"
"20,29 : 0.8556"
"29,20 : 0.8556"
"20,30 : 0.7217"
"30,20 : 0.7217"
"20,31 : 0.5289"
"31,20 : 0.5289"
"20,32 : 0.2088"
"32,20 : 0.2088"
"20,33 : 0.5408"
"33,20 : 0.5408"
"20,34 : 0.5434"
"34,20 : 0.5434"
"20,35 : 0.73"
"35,20 : 0.73"
"20,36 : 0.5445"
"36,20 : 0.5445"
"20,37 : 0.6512"
"37,20 : 0.6512"
"20,38 : 0.0224"
"38,20 : 0.0224"
"20,39 : 0.6064"
"39,20 : 0.6064"
"20,40 : 0.8095"
"40,20 : 0.8095"
"20,41 : 0.5511"
"41,20 : 0.5511"
"20,42 : 0.6307"
"42,20 : 0.6307"
"20,43 : 0.2663"
"43,20 : 0.2663"
"20,44 : 0.5471"
"44,20 : 0.5471"
"20,45 : 0.536"
"45,20 : 0.536"
"20,46 : 0.255"
"46,20 : 0.255"
"20,47 : 0.3689"
"47,20 : 0.3689"
"20,48 : 0.9372"
"48,20 : 0.9372"
"20,49 : 0.7305"
"49,20 : 0.7305"
"21,22 : 0.5923"
"22,21 : 0.5923"
"21,23 : 0.8028"
"23,21 : 0.8028"
"21,24 : 0.9047"
"24,21 : 0.9047"
"21,25 : 0.7603"
"25,21 : 0.7603"
"21,26 : 0.2751"
"26,21 : 0.2751"
"21,27 : 0.0447"
"27,21 : 0.0447"
"21,28 : 0.9244"
"28,21 : 0.9244"
"21,29 : 0.9519"
"29,21 : 0.9519"
"21,30 : 0.6306"
"30,21 : 0.6306"
"21,31 : 0.5315"
"31,21 : 0.5315"
"21,32 : 0.3444"
"32,21 : 0.3444"
"21,33 : 0.7762"
"33,21 : 0.7762"
"21,34 : 0.4295"
"34,21 : 0.4295"
"21,35 : 0.6546"
"35,21 : 0.6546"
"21,36 : 0.4522"
"36,21 : 0.4522"
"21,37 : 0.6243"
"37,21 : 0.6243"
"21,38 : 0.2247"
"38,21 : 0.2247"
"21,39 : 0.5941"
"39,21 : 0.5941"
"21,40 : 0.9657"
"40,21 : 0.9657"
"21,41 : 0.4415"
"41,21 : 0.4415"
"21,42 : 0.7962"
"42,21 : 0.7962"
"21,43 : 0.1253"
"43,21 : 0.1253"
"21,44 : 0.559"
"44,21 : 0.559"
"21,45 : 0.7684"
"45,21 : 0.7684"
"21,46 : 0.487"
"46,21 : 0.487"
"21,47 : 0.2002"
"47,21 : 0.2002"
"21,48 : 1.0512"
"48,21 : 1.0512"
"21,49 : 0.7341"
"49,21 : 0.7341"
"22,23 : 1.0141"
"23,22 : 1.0141"
"22,24 : 1.0962"
"24,22 : 1.0962"
"22,25 : 0.2417"
"25,22 : 0.2417"
"22,26 : 0.3214"
"26,22 : 0.3214"
"22,27 : 0.628"
"27,22 : 0.628"
"22,28 : 0.8377"
"28,22 : 0.8377"
"22,29 : 0.6946"
"29,22 : 0.6946"
"22,30 : 0.05"
"30,22 : 0.05"
"22,31 : 0.2921"
"31,22 : 0.2921"
"22,32 : 0.8905"
"32,22 : 0.8905"
"22,33 : 1.0568"
"33,22 : 1.0568"
"22,34 : 0.1628"
"34,22 : 0.1628"
"22,35 : 0.0985"
"35,22 : 0.0985"
"22,36 : 0.1513"
"36,22 : 0.1513"
"22,37 : 0.2159"
"37,22 : 0.2159"
"22,38 : 0.7035"
"38,22 : 0.7035"
"22,39 : 0.2508"
"39,22 : 0.2508"
"22,40 : 0.8709"
"40,22 : 0.8709"
"22,41 : 0.1513"
"41,22 : 0.1513"
"22,42 : 0.7823"
"42,22 : 0.7823"
"22,43 : 0.4738"
"43,22 : 0.4738"
"22,44 : 0.3106"
"44,22 : 0.3106"
"22,45 : 1.022"
"45,22 : 1.022"
"22,46 : 0.8144"
"46,22 : 0.8144"
"22,47 : 0.3956"
"47,22 : 0.3956"
"22,48 : 0.815"
"48,22 : 0.815"
"22,49 : 0.33"
"49,22 : 0.33"
"23,24 : 0.102"
"24,23 : 0.102"
"23,25 : 0.9749"
"25,23 : 0.9749"
"23,26 : 0.8238"
"26,23 : 0.8238"
"23,27 : 0.7747"
"27,23 : 0.7747"
"23,28 : 0.4535"
"28,23 : 0.4535"
"23,29 : 0.6907"
"29,23 : 0.6907"
"23,30 : 1.0121"
"30,23 : 1.0121"
"23,31 : 0.7301"
"31,23 : 0.7301"
"23,32 : 0.6413"
"32,23 : 0.6413"
"23,33 : 0.1166"
"33,23 : 0.1166"
"23,34 : 0.921"
"34,23 : 0.921"
"23,35 : 0.9905"
"35,23 : 0.9905"
"23,36 : 0.8911"
"36,23 : 0.8911"
"23,37 : 0.8491"
"37,23 : 0.8491"
"23,38 : 0.5941"
"38,23 : 0.5941"
"23,39 : 0.7961"
"39,23 : 0.7961"
"23,40 : 0.4743"
"40,23 : 0.4743"
"23,41 : 0.9202"
"41,23 : 0.9202"
"23,42 : 0.35"
"42,23 : 0.35"
"23,43 : 0.78"
"43,23 : 0.78"
"23,44 : 0.7211"
"44,23 : 0.7211"
"23,45 : 0.0707"
"45,23 : 0.0707"
"23,46 : 0.3214"
"46,23 : 0.3214"
"23,47 : 0.8631"
"47,23 : 0.8631"
"23,48 : 0.6963"
"48,23 : 0.6963"
"23,49 : 0.8377"
"49,23 : 0.8377"
"24,25 : 1.041"
"25,24 : 1.041"
"24,26 : 0.9192"
"26,24 : 0.9192"
"24,27 : 0.8766"
"27,24 : 0.8766"
"24,28 : 0.4601"
"28,24 : 0.4601"
"24,29 : 0.7134"
"29,24 : 0.7134"
"24,30 : 1.0912"
"30,24 : 1.0912"
"24,31 : 0.8081"
"31,24 : 0.8081"
"24,32 : 0.7368"
"32,24 : 0.7368"
"24,33 : 0.1789"
"33,24 : 0.1789"
"24,34 : 1.0104"
"34,24 : 1.0104"
"24,35 : 1.0667"
"35,24 : 1.0667"
"24,36 : 0.9784"
"36,24 : 0.9784"
"24,37 : 0.922"
"37,24 : 0.922"
"24,38 : 0.6958"
"38,24 : 0.6958"
"24,39 : 0.8701"
"39,24 : 0.8701"
"24,40 : 0.4727"
"40,24 : 0.4727"
"24,41 : 1.009"
"41,24 : 1.009"
"24,42 : 0.3833"
"42,24 : 0.3833"
"24,43 : 0.8802"
"43,24 : 0.8802"
"24,44 : 0.7965"
"44,24 : 0.7965"
"24,45 : 0.153"
"45,24 : 0.153"
"24,46 : 0.423"
"46,24 : 0.423"
"24,47 : 0.9618"
"47,24 : 0.9618"
"24,48 : 0.7018"
"48,24 : 0.7018"
"24,49 : 0.8994"
"49,24 : 0.8994"
"25,26 : 0.4888"
"26,25 : 0.4888"
"25,27 : 0.7879"
"27,25 : 0.7879"
"25,28 : 0.6981"
"28,25 : 0.6981"
"25,29 : 0.5033"
"29,25 : 0.5033"
"25,30 : 0.1931"
"30,25 : 0.1931"
"25,31 : 0.2802"
"31,25 : 0.2802"
"25,32 : 1.0081"
"32,25 : 1.0081"
"25,33 : 1.0418"
"33,25 : 1.0418"
"25,34 : 0.3607"
"34,25 : 0.3607"
"25,35 : 0.1432"
"35,25 : 0.1432"
"25,36 : 0.3202"
"36,25 : 0.3202"
"25,37 : 0.1503"
"37,25 : 0.1503"
"25,38 : 0.8139"
"38,25 : 0.8139"
"25,39 : 0.2002"
"39,25 : 0.2002"
"25,40 : 0.7242"
"40,25 : 0.7242"
"25,41 : 0.3466"
"41,25 : 0.3466"
"25,42 : 0.6812"
"42,25 : 0.6812"
"25,43 : 0.6351"
"43,25 : 0.6351"
"25,44 : 0.2729"
"44,25 : 0.2729"
"25,45 : 0.9992"
"45,25 : 0.9992"
"25,46 : 0.8485"
"46,25 : 0.8485"
"25,47 : 0.5825"
"47,25 : 0.5825"
"25,48 : 0.6198"
"48,25 : 0.6198"
"25,49 : 0.1487"
"49,25 : 0.1487"
"26,27 : 0.3081"
"27,26 : 0.3081"
"26,28 : 0.8001"
"28,26 : 0.8001"
"26,29 : 0.7589"
"29,26 : 0.7589"
"26,30 : 0.3569"
"30,26 : 0.3569"
"26,31 : 0.2953"
"31,26 : 0.2953"
"26,32 : 0.5731"
"32,26 : 0.5731"
"26,33 : 0.8363"
"33,26 : 0.8363"
"26,34 : 0.16"
"34,26 : 0.16"
"26,35 : 0.3795"
"35,26 : 0.3795"
"26,36 : 0.1772"
"36,26 : 0.1772"
"26,37 : 0.3612"
"37,26 : 0.3612"
"26,38 : 0.3929"
"38,26 : 0.3929"
"26,39 : 0.3406"
"39,26 : 0.3406"
"26,40 : 0.84"
"40,26 : 0.84"
"26,41 : 0.1703"
"41,26 : 0.1703"
"26,42 : 0.6972"
"42,26 : 0.6972"
"26,43 : 0.153"
"43,26 : 0.153"
"26,44 : 0.3265"
"44,26 : 0.3265"
"26,45 : 0.8122"
"45,26 : 0.8122"
"26,46 : 0.5597"
"46,26 : 0.5597"
"26,47 : 0.1"
"47,26 : 0.1"
"26,48 : 0.8709"
"48,26 : 0.8709"
"26,49 : 0.4817"
"49,26 : 0.4817"
"27,28 : 0.9171"
"28,27 : 0.9171"
"27,29 : 0.9569"
"29,27 : 0.9569"
"27,30 : 0.6649"
"30,27 : 0.6649"
"27,31 : 0.55"
"31,27 : 0.55"
"27,32 : 0.2997"
"32,27 : 0.2997"
"27,33 : 0.7433"
"33,27 : 0.7433"
"27,34 : 0.4653"
"34,27 : 0.4653"
"27,35 : 0.6868"
"35,27 : 0.6868"
"27,36 : 0.4851"
"36,27 : 0.4851"
"27,37 : 0.6488"
"37,27 : 0.6488"
"27,38 : 0.1879"
"38,27 : 0.1879"
"27,39 : 0.6159"
"39,27 : 0.6159"
"27,40 : 0.9582"
"40,27 : 0.9582"
"27,41 : 0.4768"
"41,27 : 0.4768"
"27,42 : 0.7859"
"42,27 : 0.7859"
"27,43 : 0.1552"
"43,27 : 0.1552"
"27,44 : 0.5763"
"44,27 : 0.5763"
"27,45 : 0.7376"
"45,27 : 0.7376"
"27,46 : 0.4561"
"46,27 : 0.4561"
"27,47 : 0.2402"
"47,27 : 0.2402"
"27,48 : 1.0531"
"48,27 : 1.0531"
"27,49 : 0.7545"
"49,27 : 0.7545"
"28,29 : 0.2625"
"29,28 : 0.2625"
"28,30 : 0.8139"
"30,28 : 0.8139"
"28,31 : 0.5604"
"31,28 : 0.5604"
"28,32 : 0.928"
"32,28 : 0.928"
"28,33 : 0.5661"
"33,28 : 0.5661"
"28,34 : 0.8179"
"34,28 : 0.8179"
"28,35 : 0.7741"
"35,28 : 0.7741"
"28,36 : 0.7713"
"36,28 : 0.7713"
"28,37 : 0.6261"
"37,28 : 0.6261"
"28,38 : 0.7918"
"38,28 : 0.7918"
"28,39 : 0.5869"
"39,28 : 0.5869"
"28,40 : 0.0412"
"40,28 : 0.0412"
"28,41 : 0.8102"
"41,28 : 0.8102"
"28,42 : 0.1421"
"42,28 : 0.1421"
"28,43 : 0.8417"
"43,28 : 0.8417"
"28,44 : 0.5345"
"44,28 : 0.5345"
"28,45 : 0.5155"
"45,28 : 0.5155"
"28,46 : 0.5941"
"46,28 : 0.5941"
"28,47 : 0.8814"
"47,28 : 0.8814"
"28,48 : 0.2433"
"48,28 : 0.2433"
"28,49 : 0.55"
"49,28 : 0.55"
"29,30 : 0.6592"
"30,29 : 0.6592"
"29,31 : 0.4707"
"31,29 : 0.4707"
"29,32 : 1.0448"
"32,29 : 1.0448"
"29,33 : 0.7951"
"33,29 : 0.7951"
"29,34 : 0.7244"
"34,29 : 0.7244"
"29,35 : 0.6119"
"35,29 : 0.6119"
"29,36 : 0.6736"
"36,29 : 0.6736"
"29,37 : 0.4809"
"37,29 : 0.4809"
"29,38 : 0.8768"
"38,29 : 0.8768"
"29,39 : 0.4604"
"39,29 : 0.4604"
"29,40 : 0.2683"
"40,29 : 0.2683"
"29,41 : 0.7134"
"41,29 : 0.7134"
"29,42 : 0.3413"
"42,29 : 0.3413"
"29,43 : 0.8453"
"43,29 : 0.8453"
"29,44 : 0.4393"
"44,29 : 0.4393"
"29,45 : 0.7443"
"45,29 : 0.7443"
"29,46 : 0.7471"
"46,29 : 0.7471"
"29,47 : 0.8544"
"47,29 : 0.8544"
"29,48 : 0.1204"
"48,29 : 0.1204"
"29,49 : 0.3688"
"49,29 : 0.3688"
"30,31 : 0.2832"
"31,30 : 0.2832"
"30,32 : 0.9201"
"32,30 : 0.9201"
"30,33 : 1.06"
"33,30 : 1.06"
"30,34 : 0.2025"
"34,30 : 0.2025"
"30,35 : 0.051"
"35,30 : 0.051"
"30,36 : 0.1811"
"36,30 : 0.1811"
"30,37 : 0.1879"
"37,30 : 0.1879"
"30,38 : 0.7306"
"38,30 : 0.7306"
"30,39 : 0.2302"
"39,30 : 0.2302"
"30,40 : 0.8458"
"40,30 : 0.8458"
"30,41 : 0.1897"
"41,30 : 0.1897"
"30,42 : 0.7661"
"42,30 : 0.7661"
"30,43 : 0.5099"
"43,30 : 0.5099"
"30,44 : 0.2973"
"44,30 : 0.2973"
"30,45 : 1.0234"
"45,30 : 1.0234"
"30,46 : 0.8264"
"46,30 : 0.8264"
"30,47 : 0.4366"
"47,30 : 0.4366"
"30,48 : 0.7793"
"48,30 : 0.7793"
"30,49 : 0.2915"
"49,30 : 0.2915"
"31,32 : 0.7376"
"32,31 : 0.7376"
"31,33 : 0.7829"
"33,31 : 0.7829"
"31,34 : 0.2608"
"34,31 : 0.2608"
"31,35 : 0.2608"
"35,31 : 0.2608"
"31,36 : 0.2121"
"36,31 : 0.2121"
"31,37 : 0.1315"
"37,31 : 0.1315"
"31,38 : 0.5441"
"38,31 : 0.5441"
"31,39 : 0.08"
"39,31 : 0.08"
"31,40 : 0.5967"
"40,31 : 0.5967"
"31,41 : 0.2518"
"41,31 : 0.2518"
"31,42 : 0.4924"
"42,31 : 0.4924"
"31,43 : 0.4101"
"43,31 : 0.4101"
"31,44 : 0.0316"
"44,31 : 0.0316"
"31,45 : 0.7443"
"45,31 : 0.7443"
"31,46 : 0.5707"
"46,31 : 0.5707"
"31,47 : 0.3945"
"47,31 : 0.3945"
"31,48 : 0.5869"
"48,31 : 0.5869"
"31,49 : 0.2059"
"49,31 : 0.2059"
"32,33 : 0.5704"
"33,32 : 0.5704"
"32,34 : 0.7325"
"34,32 : 0.7325"
"32,35 : 0.9319"
"35,32 : 0.9319"
"32,36 : 0.7401"
"36,32 : 0.7401"
"32,37 : 0.8591"
"37,32 : 0.8591"
"32,38 : 0.1942"
"38,32 : 0.1942"
"32,39 : 0.8149"
"39,32 : 0.8149"
"32,40 : 0.9661"
"40,32 : 0.9661"
"32,41 : 0.7417"
"41,32 : 0.7417"
"32,42 : 0.786"
"42,32 : 0.786"
"32,43 : 0.4295"
"43,32 : 0.4295"
"32,44 : 0.7558"
"44,32 : 0.7558"
"32,45 : 0.5842"
"45,32 : 0.5842"
"32,46 : 0.3444"
"46,32 : 0.3444"
"32,47 : 0.5289"
"47,32 : 0.5289"
"32,48 : 1.1173"
"48,32 : 1.1173"
"32,49 : 0.9392"
"49,32 : 0.9392"
"33,34 : 0.9492"
"34,33 : 0.9492"
"33,35 : 1.0432"
"35,33 : 1.0432"
"33,36 : 0.9246"
"36,33 : 0.9246"
"33,37 : 0.908"
"37,33 : 0.908"
"33,38 : 0.5566"
"38,33 : 0.5566"
"33,39 : 0.8543"
"39,33 : 0.8543"
"33,40 : 0.5887"
"40,33 : 0.5887"
"33,41 : 0.9502"
"41,33 : 0.9502"
"33,42 : 0.454"
"42,33 : 0.454"
"33,43 : 0.7718"
"43,33 : 0.7718"
"33,44 : 0.7782"
"44,33 : 0.7782"
"33,45 : 0.051"
"45,33 : 0.051"
"33,46 : 0.2907"
"46,33 : 0.2907"
"33,47 : 0.8627"
"47,33 : 0.8627"
"33,48 : 0.8078"
"48,33 : 0.8078"
"33,49 : 0.9109"
"49,33 : 0.9109"
"34,35 : 0.2332"
"35,34 : 0.2332"
"34,36 : 0.051"
"36,34 : 0.051"
"34,37 : 0.264"
"37,34 : 0.264"
"34,38 : 0.5492"
"38,34 : 0.5492"
"34,39 : 0.2668"
"39,34 : 0.2668"
"34,40 : 0.8551"
"40,34 : 0.8551"
"34,41 : 0.0141"
"41,34 : 0.0141"
"34,42 : 0.7374"
"42,34 : 0.7374"
"34,43 : 0.3114"
"43,34 : 0.3114"
"34,44 : 0.2902"
"44,34 : 0.2902"
"34,45 : 0.9193"
"45,34 : 0.9193"
"34,46 : 0.688"
"46,34 : 0.688"
"34,47 : 0.2341"
"47,34 : 0.2341"
"34,48 : 0.8429"
"48,34 : 0.8429"
"34,49 : 0.394"
"49,34 : 0.394"
"35,36 : 0.2025"
"36,35 : 0.2025"
"35,37 : 0.15"
"37,35 : 0.15"
"35,38 : 0.7403"
"38,35 : 0.7403"
"35,39 : 0.198"
"39,35 : 0.198"
"35,40 : 0.805"
"40,35 : 0.805"
"35,41 : 0.2195"
"41,35 : 0.2195"
"35,42 : 0.7325"
"42,35 : 0.7325"
"35,43 : 0.5316"
"43,35 : 0.5316"
"35,44 : 0.2702"
"44,35 : 0.2702"
"35,45 : 1.005"
"45,35 : 1.005"
"35,46 : 0.8191"
"46,35 : 0.8191"
"35,47 : 0.4652"
"47,35 : 0.4652"
"35,48 : 0.7316"
"48,35 : 0.7316"
"35,49 : 0.2433"
"49,35 : 0.2433"
"36,37 : 0.2147"
"37,36 : 0.2147"
"36,38 : 0.5523"
"38,36 : 0.5523"
"36,39 : 0.2159"
"39,36 : 0.2159"
"36,40 : 0.8081"
"40,36 : 0.8081"
"36,41 : 0.04"
"41,36 : 0.04"
"36,42 : 0.6946"
"42,36 : 0.6946"
"36,43 : 0.3298"
"43,36 : 0.3298"
"36,44 : 0.2408"
"44,36 : 0.2408"
"36,45 : 0.8927"
"45,36 : 0.8927"
"36,46 : 0.6712"
"46,36 : 0.6712"
"36,47 : 0.2642"
"47,36 : 0.2642"
"36,48 : 0.7923"
"48,36 : 0.7923"
"36,49 : 0.3444"
"49,36 : 0.3444"
"37,38 : 0.6649"
"38,37 : 0.6649"
"37,39 : 0.0539"
"39,37 : 0.0539"
"37,40 : 0.658"
"40,37 : 0.658"
"37,41 : 0.2508"
"41,37 : 0.2508"
"37,42 : 0.5826"
"42,37 : 0.5826"
"37,43 : 0.4993"
"43,37 : 0.4993"
"37,44 : 0.13"
"44,37 : 0.13"
"37,45 : 0.8677"
"45,37 : 0.8677"
"37,46 : 0.7021"
"46,37 : 0.7021"
"37,47 : 0.4597"
"47,37 : 0.4597"
"37,48 : 0.6013"
"48,37 : 0.6013"
"37,49 : 0.13"
"49,37 : 0.13"
"38,39 : 0.621"
"39,38 : 0.621"
"38,40 : 0.8319"
"40,38 : 0.8319"
"38,41 : 0.5573"
"41,38 : 0.5573"
"38,42 : 0.6531"
"42,38 : 0.6531"
"38,43 : 0.2642"
"43,38 : 0.2642"
"38,44 : 0.563"
"44,38 : 0.563"
"38,45 : 0.5532"
"45,38 : 0.5532"
"38,46 : 0.2729"
"46,38 : 0.2729"
"38,47 : 0.3672"
"47,38 : 0.3672"
"38,48 : 0.959"
"48,38 : 0.959"
"38,49 : 0.7467"
"49,38 : 0.7467"
"39,40 : 0.6203"
"40,39 : 0.6203"
"39,41 : 0.255"
"41,39 : 0.255"
"39,42 : 0.536"
"42,39 : 0.536"
"39,43 : 0.4701"
"43,39 : 0.4701"
"39,44 : 0.0762"
"44,39 : 0.0762"
"39,45 : 0.8141"
"45,39 : 0.8141"
"39,46 : 0.6494"
"46,39 : 0.6494"
"39,47 : 0.4405"
"47,39 : 0.4405"
"39,48 : 0.5801"
"48,39 : 0.5801"
"39,49 : 0.1414"
"49,39 : 0.1414"
"40,41 : 0.8472"
"41,40 : 0.8472"
"40,42 : 0.1803"
"42,40 : 0.1803"
"40,43 : 0.8828"
"43,40 : 0.8828"
"40,44 : 0.5701"
"44,40 : 0.5701"
"40,45 : 0.5385"
"45,40 : 0.5385"
"40,46 : 0.6303"
"46,40 : 0.6303"
"40,47 : 0.922"
"47,40 : 0.922"
"40,48 : 0.23"
"48,40 : 0.23"
"40,49 : 0.5769"
"49,40 : 0.5769"
"41,42 : 0.7316"
"42,41 : 0.7316"
"41,43 : 0.3225"
"43,41 : 0.3225"
"41,44 : 0.2807"
"44,41 : 0.2807"
"41,45 : 0.9197"
"45,41 : 0.9197"
"41,46 : 0.6912"
"46,41 : 0.6912"
"41,47 : 0.247"
"47,41 : 0.247"
"41,48 : 0.8322"
"48,41 : 0.8322"
"41,49 : 0.3808"
"49,41 : 0.3808"
"42,43 : 0.7217"
"43,42 : 0.7217"
"42,44 : 0.4717"
"44,42 : 0.4717"
"42,45 : 0.4031"
"45,42 : 0.4031"
"42,46 : 0.4525"
"46,42 : 0.4525"
"42,47 : 0.771"
"47,42 : 0.771"
"42,48 : 0.3625"
