x,y
0.86,0.97
0.75,0.49
0.17,0.66
0.01,0.1
0.34,0.29
0.77,0.91
0.92,0.24
0.67,0.31
0.45,0.96
0.97,0.92
0.37,0.25
0.06,0.99
0.45,0.37
0.62,0.42
0.58,0.51
0.43,0.71
0.38,0.45
0.84,0.94
0.79,0.83
0.64,0.34
0.9,0.61
0.28,0.43
0.21,0.16
0.13,0.14
0.94,0.14
0.99,0.32
0.57,0.22
0.62,0.83
0.15,0.82
0.16,0.89
0.66,0.52
0.17,0.12
0.67,0.02
0.64,0.97
0.27,0.23
0.46,0.86
0.3,0.44
0.18,0.25
0.87,0.75
0.44,0.2
0.94,0.29
0.0,0.41
0.22,0.98
0.18,0.79
0.75,0.2
0.05,0.63
0.83,0.64
0.6,0.98
0.3,0.95
0.31,0.54

Distanze
"0,1 : 0.4924"
"1,0 : 0.4924"
"0,2 : 0.7564"
"2,0 : 0.7564"
"0,3 : 1.2163"
"3,0 : 1.2163"
"0,4 : 0.856"
"4,0 : 0.856"
"0,5 : 0.1082"
"5,0 : 0.1082"
"0,6 : 0.7325"
"6,0 : 0.7325"
"0,7 : 0.6868"
"7,0 : 0.6868"
"0,8 : 0.4101"
"8,0 : 0.4101"
"0,9 : 0.1208"
"9,0 : 0.1208"
"0,10 : 0.8709"
"10,0 : 0.8709"
"0,11 : 0.8002"
"11,0 : 0.8002"
"0,12 : 0.7267"
"12,0 : 0.7267"
"0,13 : 0.6001"
"13,0 : 0.6001"
"0,14 : 0.5385"
"14,0 : 0.5385"
"0,15 : 0.5025"
"15,0 : 0.5025"
"0,16 : 0.7077"
"16,0 : 0.7077"
"0,17 : 0.0361"
"17,0 : 0.0361"
"0,18 : 0.1565"
"18,0 : 0.1565"
"0,19 : 0.6673"
"19,0 : 0.6673"
"0,20 : 0.3622"
"20,0 : 0.3622"
"0,21 : 0.7925"
"21,0 : 0.7925"
"0,22 : 1.0386"
"22,0 : 1.0386"
"0,23 : 1.1054"
"23,0 : 1.1054"
"0,24 : 0.8338"
"24,0 : 0.8338"
"0,25 : 0.6629"
"25,0 : 0.6629"
"0,26 : 0.8041"
"26,0 : 0.8041"
"0,27 : 0.2778"
"27,0 : 0.2778"
"0,28 : 0.7257"
"28,0 : 0.7257"
"0,29 : 0.7046"
"29,0 : 0.7046"
"0,30 : 0.4924"
"30,0 : 0.4924"
"0,31 : 1.0948"
"31,0 : 1.0948"
"0,32 : 0.9688"
"32,0 : 0.9688"
"0,33 : 0.22"
"33,0 : 0.22"
"0,34 : 0.9464"
"34,0 : 0.9464"
"0,35 : 0.4148"
"35,0 : 0.4148"
"0,36 : 0.771"
"36,0 : 0.771"
"0,37 : 0.9904"
"37,0 : 0.9904"
"0,38 : 0.2202"
"38,0 : 0.2202"
"0,39 : 0.8771"
"39,0 : 0.8771"
"0,40 : 0.6847"
"40,0 : 0.6847"
"0,41 : 1.0263"
"41,0 : 1.0263"
"0,42 : 0.6401"
"42,0 : 0.6401"
"0,43 : 0.7034"
"43,0 : 0.7034"
"0,44 : 0.7778"
"44,0 : 0.7778"
"0,45 : 0.8785"
"45,0 : 0.8785"
"0,46 : 0.3314"
"46,0 : 0.3314"
"0,47 : 0.2602"
"47,0 : 0.2602"
"0,48 : 0.5604"
"48,0 : 0.5604"
"0,49 : 0.6981"
"49,0 : 0.6981"
"1,2 : 0.6044"
"2,1 : 0.6044"
"1,3 : 0.8365"
"3,1 : 0.8365"
"1,4 : 0.4562"
"4,1 : 0.4562"
"1,5 : 0.4205"
"5,1 : 0.4205"
"1,6 : 0.3023"
"6,1 : 0.3023"
"1,7 : 0.197"
"7,1 : 0.197"
"1,8 : 0.5576"
"8,1 : 0.5576"
"1,9 : 0.483"
"9,1 : 0.483"
"1,10 : 0.4494"
"10,1 : 0.4494"
"1,11 : 0.8521"
"11,1 : 0.8521"
"1,12 : 0.3231"
"12,1 : 0.3231"
"1,13 : 0.1476"
"13,1 : 0.1476"
"1,14 : 0.1712"
"14,1 : 0.1712"
"1,15 : 0.3883"
"15,1 : 0.3883"
"1,16 : 0.3722"
"16,1 : 0.3722"
"1,17 : 0.4589"
"17,1 : 0.4589"
"1,18 : 0.3423"
"18,1 : 0.3423"
"1,19 : 0.186"
"19,1 : 0.186"
"1,20 : 0.1921"
"20,1 : 0.1921"
"1,21 : 0.4738"
"21,1 : 0.4738"
"1,22 : 0.6329"
"22,1 : 0.6329"
"1,23 : 0.712"
"23,1 : 0.712"
"1,24 : 0.3982"
"24,1 : 0.3982"
"1,25 : 0.2941"
"25,1 : 0.2941"
"1,26 : 0.3245"
"26,1 : 0.3245"
"1,27 : 0.364"
"27,1 : 0.364"
"1,28 : 0.6848"
"28,1 : 0.6848"
"1,29 : 0.7128"
"29,1 : 0.7128"
"1,30 : 0.0949"
"30,1 : 0.0949"
"1,31 : 0.688"
"31,1 : 0.688"
"1,32 : 0.4768"
"32,1 : 0.4768"
"1,33 : 0.4924"
"33,1 : 0.4924"
"1,34 : 0.5459"
"34,1 : 0.5459"
"1,35 : 0.4701"
"35,1 : 0.4701"
"1,36 : 0.4528"
"36,1 : 0.4528"
"1,37 : 0.6185"
"37,1 : 0.6185"
"1,38 : 0.2864"
"38,1 : 0.2864"
"1,39 : 0.4245"
"39,1 : 0.4245"
"1,40 : 0.2759"
"40,1 : 0.2759"
"1,41 : 0.7543"
"41,1 : 0.7543"
"1,42 : 0.7218"
"42,1 : 0.7218"
"1,43 : 0.6441"
"43,1 : 0.6441"
"1,44 : 0.29"
"44,1 : 0.29"
"1,45 : 0.7139"
"45,1 : 0.7139"
"1,46 : 0.17"
"46,1 : 0.17"
"1,47 : 0.5124"
"47,1 : 0.5124"
"1,48 : 0.6435"
"48,1 : 0.6435"
"1,49 : 0.4428"
"49,1 : 0.4428"
"2,3 : 0.5824"
"3,2 : 0.5824"
"2,4 : 0.4072"
"4,2 : 0.4072"
"2,5 : 0.65"
"5,2 : 0.65"
"2,6 : 0.8596"
"6,2 : 0.8596"
"2,7 : 0.6103"
"7,2 : 0.6103"
"2,8 : 0.4104"
"8,2 : 0.4104"
"2,9 : 0.8412"
"9,2 : 0.8412"
"2,10 : 0.4562"
"10,2 : 0.4562"
"2,11 : 0.3479"
"11,2 : 0.3479"
"2,12 : 0.4031"
"12,2 : 0.4031"
"2,13 : 0.51"
"13,2 : 0.51"
"2,14 : 0.4366"
"14,2 : 0.4366"
"2,15 : 0.2648"
"15,2 : 0.2648"
"2,16 : 0.297"
"16,2 : 0.297"
"2,17 : 0.7262"
"17,2 : 0.7262"
"2,18 : 0.6429"
"18,2 : 0.6429"
"2,19 : 0.5686"
"19,2 : 0.5686"
"2,20 : 0.7317"
"20,2 : 0.7317"
"2,21 : 0.255"
"21,2 : 0.255"
"2,22 : 0.5016"
"22,2 : 0.5016"
"2,23 : 0.5215"
"23,2 : 0.5215"
"2,24 : 0.9291"
"24,2 : 0.9291"
"2,25 : 0.8877"
"25,2 : 0.8877"
"2,26 : 0.5946"
"26,2 : 0.5946"
"2,27 : 0.481"
"27,2 : 0.481"
"2,28 : 0.1612"
"28,2 : 0.1612"
"2,29 : 0.2302"
"29,2 : 0.2302"
"2,30 : 0.5096"
"30,2 : 0.5096"
"2,31 : 0.54"
"31,2 : 0.54"
"2,32 : 0.8122"
"32,2 : 0.8122"
"2,33 : 0.563"
"33,2 : 0.563"
"2,34 : 0.4415"
"34,2 : 0.4415"
"2,35 : 0.3523"
"35,2 : 0.3523"
"2,36 : 0.2555"
"36,2 : 0.2555"
"2,37 : 0.4101"
"37,2 : 0.4101"
"2,38 : 0.7058"
"38,2 : 0.7058"
"2,39 : 0.5334"
"39,2 : 0.5334"
"2,40 : 0.8543"
"40,2 : 0.8543"
"2,41 : 0.3023"
"41,2 : 0.3023"
"2,42 : 0.3239"
"42,2 : 0.3239"
"2,43 : 0.1304"
"43,2 : 0.1304"
"2,44 : 0.7403"
"44,2 : 0.7403"
"2,45 : 0.1237"
"45,2 : 0.1237"
"2,46 : 0.6603"
"46,2 : 0.6603"
"2,47 : 0.536"
"47,2 : 0.536"
"2,48 : 0.3178"
"48,2 : 0.3178"
"2,49 : 0.1844"
"49,2 : 0.1844"
"3,4 : 0.3808"
"4,3 : 0.3808"
"3,5 : 1.1107"
"5,3 : 1.1107"
"3,6 : 0.9207"
"6,3 : 0.9207"
"3,7 : 0.6926"
"7,3 : 0.6926"
"3,8 : 0.966"
"8,3 : 0.966"
"3,9 : 1.2625"
"9,3 : 1.2625"
"3,10 : 0.39"
"10,3 : 0.39"
"3,11 : 0.8914"
"11,3 : 0.8914"
"3,12 : 0.5162"
"12,3 : 0.5162"
"3,13 : 0.6888"
"13,3 : 0.6888"
"3,14 : 0.7021"
"14,3 : 0.7021"
"3,15 : 0.7406"
"15,3 : 0.7406"
"3,16 : 0.5093"
"16,3 : 0.5093"
"3,17 : 1.1809"
"17,3 : 1.1809"
"3,18 : 1.0683"
"18,3 : 1.0683"
"3,19 : 0.6742"
"19,3 : 0.6742"
"3,20 : 1.0258"
"20,3 : 1.0258"
"3,21 : 0.4264"
"21,3 : 0.4264"
"3,22 : 0.2088"
"22,3 : 0.2088"
"3,23 : 0.1265"
"23,3 : 0.1265"
"3,24 : 0.9309"
"24,3 : 0.9309"
"3,25 : 1.0044"
"25,3 : 1.0044"
"3,26 : 0.5727"
"26,3 : 0.5727"
"3,27 : 0.9513"
"27,3 : 0.9513"
"3,28 : 0.7335"
"28,3 : 0.7335"
"3,29 : 0.8041"
"29,3 : 0.8041"
"3,30 : 0.7739"
"30,3 : 0.7739"
"3,31 : 0.1612"
"31,3 : 0.1612"
"3,32 : 0.6648"
"32,3 : 0.6648"
"3,33 : 1.0742"
"33,3 : 1.0742"
"3,34 : 0.2907"
"34,3 : 0.2907"
"3,35 : 0.8832"
"35,3 : 0.8832"
"3,36 : 0.4469"
"36,3 : 0.4469"
"3,37 : 0.2267"
"37,3 : 0.2267"
"3,38 : 1.078"
"38,3 : 1.078"
"3,39 : 0.4415"
"39,3 : 0.4415"
"3,40 : 0.9492"
"40,3 : 0.9492"
"3,41 : 0.3102"
"41,3 : 0.3102"
"3,42 : 0.9047"
"42,3 : 0.9047"
"3,43 : 0.7106"
"43,3 : 0.7106"
"3,44 : 0.7467"
"44,3 : 0.7467"
"3,45 : 0.5315"
"45,3 : 0.5315"
"3,46 : 0.9818"
"46,3 : 0.9818"
"3,47 : 1.0595"
"47,3 : 1.0595"
"3,48 : 0.8981"
"48,3 : 0.8981"
"3,49 : 0.5325"
"49,3 : 0.5325"
"4,5 : 0.7545"
"5,4 : 0.7545"
"4,6 : 0.5822"
"6,4 : 0.5822"
"4,7 : 0.3306"
"7,4 : 0.3306"
"4,8 : 0.679"
"8,4 : 0.679"
"4,9 : 0.891"
"9,4 : 0.891"
"4,10 : 0.05"
"10,4 : 0.05"
"4,11 : 0.7539"
"11,4 : 0.7539"
"4,12 : 0.136"
"12,4 : 0.136"
"4,13 : 0.3087"
"13,4 : 0.3087"
"4,14 : 0.3256"
"14,4 : 0.3256"
"4,15 : 0.4295"
"15,4 : 0.4295"
"4,16 : 0.1649"
"16,4 : 0.1649"
"4,17 : 0.8201"
"17,4 : 0.8201"
"4,18 : 0.7029"
"18,4 : 0.7029"
"4,19 : 0.3041"
"19,4 : 0.3041"
"4,20 : 0.645"
"20,4 : 0.645"
"4,21 : 0.1523"
"21,4 : 0.1523"
"4,22 : 0.1838"
"22,4 : 0.1838"
"4,23 : 0.2581"
"23,4 : 0.2581"
"4,24 : 0.6185"
"24,4 : 0.6185"
"4,25 : 0.6507"
"25,4 : 0.6507"
"4,26 : 0.2404"
"26,4 : 0.2404"
"4,27 : 0.6083"
"27,4 : 0.6083"
"4,28 : 0.563"
"28,4 : 0.563"
"4,29 : 0.6264"
"29,4 : 0.6264"
"4,30 : 0.3941"
"30,4 : 0.3941"
"4,31 : 0.2404"
"31,4 : 0.2404"
"4,32 : 0.4264"
"32,4 : 0.4264"
"4,33 : 0.7432"
"33,4 : 0.7432"
"4,34 : 0.0922"
"34,4 : 0.0922"
"4,35 : 0.5825"
"35,4 : 0.5825"
"4,36 : 0.1552"
"36,4 : 0.1552"
"4,37 : 0.1649"
"37,4 : 0.1649"
"4,38 : 0.7018"
"38,4 : 0.7018"
"4,39 : 0.1345"
"39,4 : 0.1345"
"4,40 : 0.6"
"40,4 : 0.6"
"4,41 : 0.3606"
"41,4 : 0.3606"
"4,42 : 0.7004"
"42,4 : 0.7004"
"4,43 : 0.525"
"43,4 : 0.525"
"4,44 : 0.4198"
"44,4 : 0.4198"
"4,45 : 0.4469"
"45,4 : 0.4469"
"4,46 : 0.6022"
"46,4 : 0.6022"
"4,47 : 0.7374"
"47,4 : 0.7374"
"4,48 : 0.6612"
"48,4 : 0.6612"
"4,49 : 0.2518"
"49,4 : 0.2518"
"5,6 : 0.6866"
"6,5 : 0.6866"
"5,7 : 0.6083"
"7,5 : 0.6083"
"5,8 : 0.3239"
"8,5 : 0.3239"
"5,9 : 0.2002"
"9,5 : 0.2002"
"5,10 : 0.7718"
"10,5 : 0.7718"
"5,11 : 0.7145"
"11,5 : 0.7145"
"5,12 : 0.6277"
"12,5 : 0.6277"
"5,13 : 0.5124"
"13,5 : 0.5124"
"5,14 : 0.4428"
"14,5 : 0.4428"
"5,15 : 0.3945"
"15,5 : 0.3945"
"5,16 : 0.6031"
"16,5 : 0.6031"
"5,17 : 0.0762"
"17,5 : 0.0762"
"5,18 : 0.0825"
"18,5 : 0.0825"
"5,19 : 0.5846"
"19,5 : 0.5846"
"5,20 : 0.327"
"20,5 : 0.327"
"5,21 : 0.6859"
"21,5 : 0.6859"
"5,22 : 0.936"
"22,5 : 0.936"
"5,23 : 1.0012"
"23,5 : 1.0012"
"5,24 : 0.7885"
"24,5 : 0.7885"
"5,25 : 0.6297"
"25,5 : 0.6297"
"5,26 : 0.7184"
"26,5 : 0.7184"
"5,27 : 0.17"
"27,5 : 0.17"
"5,28 : 0.6265"
"28,5 : 0.6265"
"5,29 : 0.6103"
"29,5 : 0.6103"
"5,30 : 0.4052"
"30,5 : 0.4052"
"5,31 : 0.992"
"31,5 : 0.992"
"5,32 : 0.8956"
"32,5 : 0.8956"
"5,33 : 0.1432"
"33,5 : 0.1432"
"5,34 : 0.844"
"34,5 : 0.844"
"5,35 : 0.314"
"35,5 : 0.314"
"5,36 : 0.6647"
"36,5 : 0.6647"
"5,37 : 0.8853"
"37,5 : 0.8853"
"5,38 : 0.1887"
"38,5 : 0.1887"
"5,39 : 0.7829"
"39,5 : 0.7829"
"5,40 : 0.6429"
"40,5 : 0.6429"
"5,41 : 0.9181"
"41,5 : 0.9181"
"5,42 : 0.5544"
"42,5 : 0.5544"
"5,43 : 0.6021"
"43,5 : 0.6021"
"5,44 : 0.7103"
"44,5 : 0.7103"
"5,45 : 0.7725"
"45,5 : 0.7725"
"5,46 : 0.2766"
"46,5 : 0.2766"
"5,47 : 0.1838"
"47,5 : 0.1838"
"5,48 : 0.4717"
"48,5 : 0.4717"
"5,49 : 0.5903"
"49,5 : 0.5903"
"6,7 : 0.2596"
"7,6 : 0.2596"
"6,8 : 0.8598"
"8,6 : 0.8598"
"6,9 : 0.6818"
"9,6 : 0.6818"
"6,10 : 0.5501"
"10,6 : 0.5501"
"6,11 : 1.1411"
"11,6 : 1.1411"
"6,12 : 0.4876"
"12,6 : 0.4876"
"6,13 : 0.3499"
"13,6 : 0.3499"
"6,14 : 0.4342"
"14,6 : 0.4342"
"6,15 : 0.679"
"15,6 : 0.679"
"6,16 : 0.5794"
"16,6 : 0.5794"
"6,17 : 0.7046"
"17,6 : 0.7046"
"6,18 : 0.6042"
"18,6 : 0.6042"
"6,19 : 0.2973"
"19,6 : 0.2973"
"6,20 : 0.3705"
"20,6 : 0.3705"
"6,21 : 0.6676"
"21,6 : 0.6676"
"6,22 : 0.7145"
"22,6 : 0.7145"
"6,23 : 0.7963"
"23,6 : 0.7963"
"6,24 : 0.102"
"24,6 : 0.102"
"6,25 : 0.1063"
"25,6 : 0.1063"
"6,26 : 0.3506"
"26,6 : 0.3506"
"6,27 : 0.6619"
"27,6 : 0.6619"
"6,28 : 0.964"
"28,6 : 0.964"
"6,29 : 1.0"
"29,6 : 1.0"
"6,30 : 0.3821"
"30,6 : 0.3821"
"6,31 : 0.7595"
"31,6 : 0.7595"
"6,32 : 0.333"
"32,6 : 0.333"
"6,33 : 0.7819"
"33,6 : 0.7819"
"6,34 : 0.6501"
"34,6 : 0.6501"
"6,35 : 0.772"
"35,6 : 0.772"
"6,36 : 0.6515"
"36,6 : 0.6515"
"6,37 : 0.7401"
"37,6 : 0.7401"
"6,38 : 0.5124"
"38,6 : 0.5124"
"6,39 : 0.4817"
"39,6 : 0.4817"
"6,40 : 0.0539"
"40,6 : 0.0539"
"6,41 : 0.9356"
"41,6 : 0.9356"
"6,42 : 1.0186"
"42,6 : 1.0186"
"6,43 : 0.922"
"43,6 : 0.922"
"6,44 : 0.1746"
"44,6 : 0.1746"
"6,45 : 0.9534"
"45,6 : 0.9534"
"6,46 : 0.41"
"46,6 : 0.41"
"6,47 : 0.8062"
"47,6 : 0.8062"
"6,48 : 0.9426"
"48,6 : 0.9426"
"6,49 : 0.6798"
"49,6 : 0.6798"
"7,8 : 0.6862"
"8,7 : 0.6862"
"7,9 : 0.6798"
"9,7 : 0.6798"
"7,10 : 0.3059"
"10,7 : 0.3059"
"7,11 : 0.9135"
"11,7 : 0.9135"
"7,12 : 0.228"
"12,7 : 0.228"
"7,13 : 0.1208"
"13,7 : 0.1208"
"7,14 : 0.2193"
"14,7 : 0.2193"
"7,15 : 0.4665"
"15,7 : 0.4665"
"7,16 : 0.322"
"16,7 : 0.322"
"7,17 : 0.6525"
"17,7 : 0.6525"
"7,18 : 0.5337"
"18,7 : 0.5337"
"7,19 : 0.0424"
"19,7 : 0.0424"
"7,20 : 0.378"
"20,7 : 0.378"
"7,21 : 0.408"
"21,7 : 0.408"
"7,22 : 0.4838"
"22,7 : 0.4838"
"7,23 : 0.5661"
"23,7 : 0.5661"
"7,24 : 0.3191"
"24,7 : 0.3191"
"7,25 : 0.3202"
"25,7 : 0.3202"
"7,26 : 0.1345"
"26,7 : 0.1345"
"7,27 : 0.5224"
"27,7 : 0.5224"
"7,28 : 0.7284"
"28,7 : 0.7284"
"7,29 : 0.7723"
"29,7 : 0.7723"
"7,30 : 0.2102"
"30,7 : 0.2102"
"7,31 : 0.5349"
"31,7 : 0.5349"
"7,32 : 0.29"
"32,7 : 0.29"
"7,33 : 0.6607"
"33,7 : 0.6607"
"7,34 : 0.4079"
"34,7 : 0.4079"
"7,35 : 0.5887"
"35,7 : 0.5887"
"7,36 : 0.3922"
"36,7 : 0.3922"
"7,37 : 0.4937"
"37,7 : 0.4937"
"7,38 : 0.4833"
"38,7 : 0.4833"
"7,39 : 0.255"
"39,7 : 0.255"
"7,40 : 0.2707"
"40,7 : 0.2707"
"7,41 : 0.6774"
"41,7 : 0.6774"
"7,42 : 0.8071"
"42,7 : 0.8071"
"7,43 : 0.6859"
"43,7 : 0.6859"
"7,44 : 0.136"
"44,7 : 0.136"
"7,45 : 0.6977"
"45,7 : 0.6977"
"7,46 : 0.3667"
"46,7 : 0.3667"
"7,47 : 0.6736"
"47,7 : 0.6736"
"7,48 : 0.7393"
"48,7 : 0.7393"
"7,49 : 0.4272"
"49,7 : 0.4272"
"8,9 : 0.5215"
"9,8 : 0.5215"
"8,10 : 0.7145"
"10,8 : 0.7145"
"8,11 : 0.3912"
"11,8 : 0.3912"
"8,12 : 0.59"
"12,8 : 0.59"
"8,13 : 0.5661"
"13,8 : 0.5661"
"8,14 : 0.4684"
"14,8 : 0.4684"
"8,15 : 0.2508"
"15,8 : 0.2508"
"8,16 : 0.5148"
"16,8 : 0.5148"
"8,17 : 0.3905"
"17,8 : 0.3905"
"8,18 : 0.364"
"18,8 : 0.364"
"8,19 : 0.6485"
"19,8 : 0.6485"
"8,20 : 0.5701"
"20,8 : 0.5701"
"8,21 : 0.5566"
"21,8 : 0.5566"
"8,22 : 0.8352"
"22,8 : 0.8352"
"8,23 : 0.8802"
"23,8 : 0.8802"
"8,24 : 0.9552"
"24,8 : 0.9552"
"8,25 : 0.8374"
"25,8 : 0.8374"
"8,26 : 0.7497"
"26,8 : 0.7497"
"8,27 : 0.214"
"27,8 : 0.214"
"8,28 : 0.3311"
"28,8 : 0.3311"
"8,29 : 0.2983"
"29,8 : 0.2983"
"8,30 : 0.4875"
"30,8 : 0.4875"
"8,31 : 0.8854"
"31,8 : 0.8854"
"8,32 : 0.9654"
"32,8 : 0.9654"
"8,33 : 0.1903"
"33,8 : 0.1903"
"8,34 : 0.7519"
"34,8 : 0.7519"
"8,35 : 0.1005"
"35,8 : 0.1005"
"8,36 : 0.5412"
"36,8 : 0.5412"
"8,37 : 0.7596"
"37,8 : 0.7596"
"8,38 : 0.4696"
"38,8 : 0.4696"
"8,39 : 0.7601"
"39,8 : 0.7601"
"8,40 : 0.8301"
"40,8 : 0.8301"
"8,41 : 0.7106"
"41,8 : 0.7106"
"8,42 : 0.2309"
"42,8 : 0.2309"
"8,43 : 0.3191"
"43,8 : 0.3191"
"8,44 : 0.8171"
"44,8 : 0.8171"
"8,45 : 0.5186"
"45,8 : 0.5186"
"8,46 : 0.4968"
"46,8 : 0.4968"
"8,47 : 0.1513"
"47,8 : 0.1513"
"8,48 : 0.1503"
"48,8 : 0.1503"
"8,49 : 0.4427"
"49,8 : 0.4427"
"9,10 : 0.8994"
"10,9 : 0.8994"
"9,11 : 0.9127"
"11,9 : 0.9127"
"9,12 : 0.7569"
"12,9 : 0.7569"
"9,13 : 0.6103"
"13,9 : 0.6103"
"9,14 : 0.5659"
"14,9 : 0.5659"
"9,15 : 0.5794"
"15,9 : 0.5794"
"9,16 : 0.7543"
"16,9 : 0.7543"
"9,17 : 0.1315"
"17,9 : 0.1315"
"9,18 : 0.2012"
"18,9 : 0.2012"
"9,19 : 0.6673"
"19,9 : 0.6673"
"9,20 : 0.3178"
"20,9 : 0.3178"
"9,21 : 0.8463"
"21,9 : 0.8463"
"9,22 : 1.0748"
"22,9 : 1.0748"
"9,23 : 1.1463"
"23,9 : 1.1463"
"9,24 : 0.7806"
"24,9 : 0.7806"
"9,25 : 0.6003"
"25,9 : 0.6003"
"9,26 : 0.8062"
"26,9 : 0.8062"
"9,27 : 0.3614"
"27,9 : 0.3614"
"9,28 : 0.8261"
"28,9 : 0.8261"
"9,29 : 0.8106"
"29,9 : 0.8106"
"9,30 : 0.5061"
"30,9 : 0.5061"
"9,31 : 1.1314"
"31,9 : 1.1314"
"9,32 : 0.9487"
"32,9 : 0.9487"
"9,33 : 0.3338"
"33,9 : 0.3338"
"9,34 : 0.9829"
"34,9 : 0.9829"
"9,35 : 0.5135"
"35,9 : 0.5135"
"9,36 : 0.8242"
"36,9 : 0.8242"
"9,37 : 1.0359"
"37,9 : 1.0359"
"9,38 : 0.1972"
"38,9 : 0.1972"
"9,39 : 0.894"
"39,9 : 0.894"
"9,40 : 0.6307"
"40,9 : 0.6307"
"9,41 : 1.0959"
"41,9 : 1.0959"
"9,42 : 0.7524"
"42,9 : 0.7524"
"9,43 : 0.8006"
"43,9 : 0.8006"
"9,44 : 0.7529"
"44,9 : 0.7529"
"9,45 : 0.9646"
"45,9 : 0.9646"
"9,46 : 0.313"
"46,9 : 0.313"
"9,47 : 0.3748"
"47,9 : 0.3748"
"9,48 : 0.6707"
"48,9 : 0.6707"
"9,49 : 0.7616"
"49,9 : 0.7616"
"10,11 : 0.8023"
"11,10 : 0.8023"
"10,12 : 0.1442"
"12,10 : 0.1442"
"10,13 : 0.3023"
"13,10 : 0.3023"
"10,14 : 0.3342"
"14,10 : 0.3342"
"10,15 : 0.4639"
"15,10 : 0.4639"
"10,16 : 0.2002"
"16,10 : 0.2002"
"10,17 : 0.8349"
"17,10 : 0.8349"
"10,18 : 0.7161"
"18,10 : 0.7161"
"10,19 : 0.2846"
"19,10 : 0.2846"
"10,20 : 0.6407"
"20,10 : 0.6407"
"10,21 : 0.2012"
"21,10 : 0.2012"
"10,22 : 0.1836"
"22,10 : 0.1836"
"10,23 : 0.264"
"23,10 : 0.264"
"10,24 : 0.5805"
"24,10 : 0.5805"
"10,25 : 0.6239"
"25,10 : 0.6239"
"10,26 : 0.2022"
"26,10 : 0.2022"
"10,27 : 0.6316"
"27,10 : 0.6316"
"10,28 : 0.611"
"28,10 : 0.611"
"10,29 : 0.6736"
"29,10 : 0.6736"
"10,30 : 0.3962"
"30,10 : 0.3962"
"10,31 : 0.2385"
"31,10 : 0.2385"
"10,32 : 0.378"
"32,10 : 0.378"
"10,33 : 0.769"
"33,10 : 0.769"
"10,34 : 0.102"
"34,10 : 0.102"
"10,35 : 0.6166"
"35,10 : 0.6166"
"10,36 : 0.2025"
"36,10 : 0.2025"
"10,37 : 0.19"
"37,10 : 0.19"
"10,38 : 0.7071"
"38,10 : 0.7071"
"10,39 : 0.086"
"39,10 : 0.086"
"10,40 : 0.5714"
"40,10 : 0.5714"
"10,41 : 0.4031"
"41,10 : 0.4031"
"10,42 : 0.7453"
"42,10 : 0.7453"
"10,43 : 0.5725"
"43,10 : 0.5725"
"10,44 : 0.3833"
"44,10 : 0.3833"
"10,45 : 0.4968"
"45,10 : 0.4968"
"10,46 : 0.6031"
"46,10 : 0.6031"
"10,47 : 0.7654"
"47,10 : 0.7654"
"10,48 : 0.7035"
"48,10 : 0.7035"
"10,49 : 0.2961"
"49,10 : 0.2961"
"11,12 : 0.7325"
"12,11 : 0.7325"
"11,13 : 0.7991"
"13,11 : 0.7991"
"11,14 : 0.7077"
"14,11 : 0.7077"
"11,15 : 0.464"
"15,11 : 0.464"
"11,16 : 0.6277"
"16,11 : 0.6277"
"11,17 : 0.7816"
"17,11 : 0.7816"
"11,18 : 0.7473"
"18,11 : 0.7473"
"11,19 : 0.8711"
"19,11 : 0.8711"
"11,20 : 0.922"
"20,11 : 0.922"
"11,21 : 0.6017"
"21,11 : 0.6017"
"11,22 : 0.8434"
"22,11 : 0.8434"
"11,23 : 0.8529"
"23,11 : 0.8529"
"11,24 : 1.2235"
"24,11 : 1.2235"
"11,25 : 1.1462"
"25,11 : 1.1462"
"11,26 : 0.9236"
"26,11 : 0.9236"
"11,27 : 0.5824"
"27,11 : 0.5824"
"11,28 : 0.1924"
"28,11 : 0.1924"
"11,29 : 0.1414"
"29,11 : 0.1414"
"11,30 : 0.7622"
"30,11 : 0.7622"
"11,31 : 0.8769"
"31,11 : 0.8769"
"11,32 : 1.1459"
"32,11 : 1.1459"
"11,33 : 0.5803"
"33,11 : 0.5803"
"11,34 : 0.7885"
"34,11 : 0.7885"
"11,35 : 0.4206"
"35,11 : 0.4206"
"11,36 : 0.6001"
"36,11 : 0.6001"
"11,37 : 0.7497"
"37,11 : 0.7497"
"11,38 : 0.8448"
"38,11 : 0.8448"
"11,39 : 0.8766"
"39,11 : 0.8766"
"11,40 : 1.1245"
"40,11 : 1.1245"
"11,41 : 0.5831"
"41,11 : 0.5831"
"11,42 : 0.1603"
"42,11 : 0.1603"
"11,43 : 0.2332"
"43,11 : 0.2332"
"11,44 : 1.0489"
"44,11 : 1.0489"
"11,45 : 0.3601"
"45,11 : 0.3601"
"11,46 : 0.8458"
"46,11 : 0.8458"
"11,47 : 0.5401"
"47,11 : 0.5401"
"11,48 : 0.2433"
"48,11 : 0.2433"
"11,49 : 0.5148"
"49,11 : 0.5148"
"12,13 : 0.1772"
"13,12 : 0.1772"
"12,14 : 0.191"
"14,12 : 0.191"
"12,15 : 0.3406"
"15,12 : 0.3406"
"12,16 : 0.1063"
"16,12 : 0.1063"
"12,17 : 0.6907"
"17,12 : 0.6907"
"12,18 : 0.572"
"18,12 : 0.572"
"12,19 : 0.1924"
"19,12 : 0.1924"
"12,20 : 0.51"
"20,12 : 0.51"
"12,21 : 0.1803"
"21,12 : 0.1803"
"12,22 : 0.3189"
"22,12 : 0.3189"
"12,23 : 0.3941"
"23,12 : 0.3941"
"12,24 : 0.5413"
"24,12 : 0.5413"
"12,25 : 0.5423"
"25,12 : 0.5423"
"12,26 : 0.1921"
"26,12 : 0.1921"
"12,27 : 0.4904"
"27,12 : 0.4904"
"12,28 : 0.5408"
"28,12 : 0.5408"
"12,29 : 0.5954"
"29,12 : 0.5954"
"12,30 : 0.2581"
"30,12 : 0.2581"
"12,31 : 0.3754"
"31,12 : 0.3754"
"12,32 : 0.4134"
"32,12 : 0.4134"
"12,33 : 0.6294"
"33,12 : 0.6294"
"12,34 : 0.228"
"34,12 : 0.228"
"12,35 : 0.4901"
"35,12 : 0.4901"
"12,36 : 0.1655"
"36,12 : 0.1655"
"12,37 : 0.2955"
"37,12 : 0.2955"
"12,38 : 0.5664"
"38,12 : 0.5664"
"12,39 : 0.1703"
"39,12 : 0.1703"
"12,40 : 0.4965"
"40,12 : 0.4965"
"12,41 : 0.4518"
"41,12 : 0.4518"
"12,42 : 0.6519"
"42,12 : 0.6519"
"12,43 : 0.4993"
"43,12 : 0.4993"
"12,44 : 0.3448"
"44,12 : 0.3448"
"12,45 : 0.4771"
"45,12 : 0.4771"
"12,46 : 0.4662"
"46,12 : 0.4662"
"12,47 : 0.6282"
"47,12 : 0.6282"
"12,48 : 0.5991"
"48,12 : 0.5991"
"12,49 : 0.2202"
"49,12 : 0.2202"
"13,14 : 0.0985"
"14,13 : 0.0985"
"13,15 : 0.3467"
"15,13 : 0.3467"
"13,16 : 0.2419"
"16,13 : 0.2419"
"13,17 : 0.5646"
"17,13 : 0.5646"
"13,18 : 0.4438"
"18,13 : 0.4438"
"13,19 : 0.0825"
"19,13 : 0.0825"
"13,20 : 0.3384"
"20,13 : 0.3384"
"13,21 : 0.3401"
"21,13 : 0.3401"
"13,22 : 0.4855"
"22,13 : 0.4855"
"13,23 : 0.5644"
"23,13 : 0.5644"
"13,24 : 0.4252"
"24,13 : 0.4252"
"13,25 : 0.3833"
"25,13 : 0.3833"
"13,26 : 0.2062"
"26,13 : 0.2062"
"13,27 : 0.41"
"27,13 : 0.41"
"13,28 : 0.6172"
"28,13 : 0.6172"
"13,29 : 0.6576"
"29,13 : 0.6576"
"13,30 : 0.1077"
"30,13 : 0.1077"
"13,31 : 0.5408"
"31,13 : 0.5408"
"13,32 : 0.4031"
"32,13 : 0.4031"
"13,33 : 0.5504"
"33,13 : 0.5504"
"13,34 : 0.3982"
"34,13 : 0.3982"
"13,35 : 0.4682"
"35,13 : 0.4682"
"13,36 : 0.3206"
"36,13 : 0.3206"
"13,37 : 0.4717"
"37,13 : 0.4717"
"13,38 : 0.414"
"38,13 : 0.414"
"13,39 : 0.2843"
"39,13 : 0.2843"
"13,40 : 0.3454"
"40,13 : 0.3454"
"13,41 : 0.6201"
"41,13 : 0.6201"
"13,42 : 0.6882"
"42,13 : 0.6882"
"13,43 : 0.5749"
"43,13 : 0.5749"
"13,44 : 0.2555"
"44,13 : 0.2555"
"13,45 : 0.6075"
"45,13 : 0.6075"
"13,46 : 0.3041"
"46,13 : 0.3041"
"13,47 : 0.5604"
"47,13 : 0.5604"
"13,48 : 0.6191"
"48,13 : 0.6191"
"13,49 : 0.3324"
"49,13 : 0.3324"
"14,15 : 0.25"
"15,14 : 0.25"
"14,16 : 0.2088"
"16,14 : 0.2088"
"14,17 : 0.5025"
"17,14 : 0.5025"
"14,18 : 0.3828"
"18,14 : 0.3828"
"14,19 : 0.1803"
"19,14 : 0.1803"
"14,20 : 0.3353"
"20,14 : 0.3353"
"14,21 : 0.3105"
"21,14 : 0.3105"
"14,22 : 0.5093"
"22,14 : 0.5093"
"14,23 : 0.5826"
"23,14 : 0.5826"
"14,24 : 0.5162"
"24,14 : 0.5162"
"14,25 : 0.4519"
"25,14 : 0.4519"
"14,26 : 0.2902"
"26,14 : 0.2902"
"14,27 : 0.3225"
"27,14 : 0.3225"
"14,28 : 0.5301"
"28,14 : 0.5301"
"14,29 : 0.5664"
"29,14 : 0.5664"
"14,30 : 0.0806"
"30,14 : 0.0806"
"14,31 : 0.5659"
"31,14 : 0.5659"
"14,32 : 0.4982"
"32,14 : 0.4982"
"14,33 : 0.4639"
"33,14 : 0.4639"
"14,34 : 0.4177"
"34,14 : 0.4177"
"14,35 : 0.37"
"35,14 : 0.37"
"14,36 : 0.2886"
"36,14 : 0.2886"
"14,37 : 0.4771"
"37,14 : 0.4771"
"14,38 : 0.3764"
"38,14 : 0.3764"
"14,39 : 0.3401"
"39,14 : 0.3401"
"14,40 : 0.4219"
"40,14 : 0.4219"
"14,41 : 0.5886"
"41,14 : 0.5886"
"14,42 : 0.592"
"42,14 : 0.592"
"14,43 : 0.4883"
"43,14 : 0.4883"
"14,44 : 0.3536"
"44,14 : 0.3536"
"14,45 : 0.5434"
"45,14 : 0.5434"
"14,46 : 0.2818"
"46,14 : 0.2818"
"14,47 : 0.4704"
"47,14 : 0.4704"
"14,48 : 0.5215"
"48,14 : 0.5215"
"14,49 : 0.2717"
"49,14 : 0.2717"
"15,16 : 0.2648"
"16,15 : 0.2648"
"15,17 : 0.4701"
"17,15 : 0.4701"
"15,18 : 0.3795"
"18,15 : 0.3795"
"15,19 : 0.4254"
"19,15 : 0.4254"
"15,20 : 0.4805"
"20,15 : 0.4805"
"15,21 : 0.3176"
"21,15 : 0.3176"
"15,22 : 0.5924"
"22,15 : 0.5924"
"15,23 : 0.6441"
"23,15 : 0.6441"
"15,24 : 0.7649"
"24,15 : 0.7649"
"15,25 : 0.6824"
"25,15 : 0.6824"
"15,26 : 0.5096"
"26,15 : 0.5096"
"15,27 : 0.2247"
"27,15 : 0.2247"
"15,28 : 0.3008"
"28,15 : 0.3008"
"15,29 : 0.3245"
"29,15 : 0.3245"
"15,30 : 0.2983"
"30,15 : 0.2983"
"15,31 : 0.6447"
"31,15 : 0.6447"
"15,32 : 0.7305"
"32,15 : 0.7305"
"15,33 : 0.3342"
"33,15 : 0.3342"
"15,34 : 0.506"
"34,15 : 0.506"
"15,35 : 0.153"
"35,15 : 0.153"
"15,36 : 0.2997"
"36,15 : 0.2997"
"15,37 : 0.5235"
"37,15 : 0.5235"
"15,38 : 0.4418"
"38,15 : 0.4418"
"15,39 : 0.5101"
"39,15 : 0.5101"
"15,40 : 0.6607"
"40,15 : 0.6607"
"15,41 : 0.5243"
"41,15 : 0.5243"
"15,42 : 0.3421"
"42,15 : 0.3421"
"15,43 : 0.2625"
"43,15 : 0.2625"
"15,44 : 0.6021"
"44,15 : 0.6021"
"15,45 : 0.3883"
"45,15 : 0.3883"
"15,46 : 0.4061"
"46,15 : 0.4061"
"15,47 : 0.3191"
"47,15 : 0.3191"
"15,48 : 0.2729"
"48,15 : 0.2729"
"15,49 : 0.2081"
"49,15 : 0.2081"
"16,17 : 0.6721"
"17,16 : 0.6721"
"16,18 : 0.559"
"18,16 : 0.559"
"16,19 : 0.2823"
"19,16 : 0.2823"
"16,20 : 0.5441"
"20,16 : 0.5441"
"16,21 : 0.102"
"21,16 : 0.102"
"16,22 : 0.3362"
"22,16 : 0.3362"
"16,23 : 0.3982"
"23,16 : 0.3982"
"16,24 : 0.6401"
"24,16 : 0.6401"
"16,25 : 0.6237"
"25,16 : 0.6237"
"16,26 : 0.2983"
"26,16 : 0.2983"
"16,27 : 0.4494"
"27,16 : 0.4494"
"16,28 : 0.4357"
"28,16 : 0.4357"
"16,29 : 0.4919"
"29,16 : 0.4919"
"16,30 : 0.2886"
"30,16 : 0.2886"
"16,31 : 0.3912"
"31,16 : 0.3912"
"16,32 : 0.5187"
"32,16 : 0.5187"
"16,33 : 0.5814"
"33,16 : 0.5814"
"16,34 : 0.246"
"34,16 : 0.246"
"16,35 : 0.4177"
"35,16 : 0.4177"
"16,36 : 0.0806"
"36,16 : 0.0806"
"16,37 : 0.2828"
"37,16 : 0.2828"
"16,38 : 0.5745"
"38,16 : 0.5745"
"16,39 : 0.2571"
"39,16 : 0.2571"
"16,40 : 0.5824"
"40,16 : 0.5824"
"16,41 : 0.3821"
"41,16 : 0.3821"
"16,42 : 0.5536"
"42,16 : 0.5536"
"16,43 : 0.3945"
"43,16 : 0.3945"
"16,44 : 0.4465"
"44,16 : 0.4465"
"16,45 : 0.3759"
"45,16 : 0.3759"
"16,46 : 0.4885"
"46,16 : 0.4885"
"16,47 : 0.5738"
"47,16 : 0.5738"
"16,48 : 0.5064"
"48,16 : 0.5064"
"16,49 : 0.114"
"49,16 : 0.114"
"17,18 : 0.1208"
"18,17 : 0.1208"
"17,19 : 0.6325"
"19,17 : 0.6325"
"17,20 : 0.3354"
"20,17 : 0.3354"
"17,21 : 0.7574"
"21,17 : 0.7574"
"17,22 : 1.0026"
"22,17 : 1.0026"
"17,23 : 1.0696"
"23,17 : 1.0696"
"17,24 : 0.8062"
"24,17 : 0.8062"
"17,25 : 0.6379"
"25,17 : 0.6379"
"17,26 : 0.769"
"26,17 : 0.769"
"17,27 : 0.246"
"27,17 : 0.246"
"17,28 : 0.7004"
"28,17 : 0.7004"
"17,29 : 0.6818"
"29,17 : 0.6818"
"17,30 : 0.4569"
"30,17 : 0.4569"
"17,31 : 1.0589"
"31,17 : 1.0589"
"17,32 : 0.9356"
"32,17 : 0.9356"
"17,33 : 0.2022"
"33,17 : 0.2022"
"17,34 : 0.9105"
"34,17 : 0.9105"
"17,35 : 0.3883"
"35,17 : 0.3883"
"17,36 : 0.7359"
"36,17 : 0.7359"
"17,37 : 0.9548"
"37,17 : 0.9548"
"17,38 : 0.1924"
"38,17 : 0.1924"
"17,39 : 0.8412"
"39,17 : 0.8412"
"17,40 : 0.6576"
"40,17 : 0.6576"
"17,41 : 0.9932"
"41,17 : 0.9932"
"17,42 : 0.6213"
"42,17 : 0.6213"
"17,43 : 0.6768"
"43,17 : 0.6768"
"17,44 : 0.7455"
"44,17 : 0.7455"
"17,45 : 0.8486"
"45,17 : 0.8486"
"17,46 : 0.3002"
"46,17 : 0.3002"
"17,47 : 0.2433"
"47,17 : 0.2433"
"17,48 : 0.5401"
"48,17 : 0.5401"
"17,49 : 0.664"
"49,17 : 0.664"
"18,19 : 0.5124"
"19,18 : 0.5124"
"18,20 : 0.246"
"20,18 : 0.246"
"18,21 : 0.6482"
"21,18 : 0.6482"
"18,22 : 0.8862"
"22,18 : 0.8862"
"18,23 : 0.9548"
"23,18 : 0.9548"
"18,24 : 0.7061"
"24,18 : 0.7061"
"18,25 : 0.5478"
"25,18 : 0.5478"
"18,26 : 0.6485"
"26,18 : 0.6485"
"18,27 : 0.17"
"27,18 : 0.17"
"18,28 : 0.6401"
"28,18 : 0.6401"
"18,29 : 0.6329"
"29,18 : 0.6329"
"18,30 : 0.3362"
"30,18 : 0.3362"
"18,31 : 0.9426"
"31,18 : 0.9426"
"18,32 : 0.8188"
"32,18 : 0.8188"
"18,33 : 0.2052"
"33,18 : 0.2052"
"18,34 : 0.794"
"34,18 : 0.794"
"18,35 : 0.3314"
"35,18 : 0.3314"
"18,36 : 0.6263"
"36,18 : 0.6263"
"18,37 : 0.8417"
"37,18 : 0.8417"
"18,38 : 0.1131"
"38,18 : 0.1131"
"18,39 : 0.7207"
"39,18 : 0.7207"
"18,40 : 0.5604"
"40,18 : 0.5604"
"18,41 : 0.8947"
"41,18 : 0.8947"
"18,42 : 0.5894"
"42,18 : 0.5894"
"18,43 : 0.6113"
"43,18 : 0.6113"
"18,44 : 0.6313"
"44,18 : 0.6313"
"18,45 : 0.7666"
"45,18 : 0.7666"
"18,46 : 0.1942"
"46,18 : 0.1942"
"18,47 : 0.2421"
"47,18 : 0.2421"
"18,48 : 0.5045"
"48,18 : 0.5045"
"18,49 : 0.5608"
"49,18 : 0.5608"
"19,20 : 0.3748"
"20,19 : 0.3748"
"19,21 : 0.3711"
"21,19 : 0.3711"
"19,22 : 0.4662"
"22,19 : 0.4662"
"19,23 : 0.5478"
"23,19 : 0.5478"
"19,24 : 0.3606"
"24,19 : 0.3606"
"19,25 : 0.3506"
"25,19 : 0.3506"
"19,26 : 0.1389"
"26,19 : 0.1389"
"19,27 : 0.4904"
"27,19 : 0.4904"
"19,28 : 0.6859"
"28,19 : 0.6859"
"19,29 : 0.73"
"29,19 : 0.73"
"19,30 : 0.1811"
"30,19 : 0.1811"
"19,31 : 0.5189"
"31,19 : 0.5189"
"19,32 : 0.3214"
"32,19 : 0.3214"
"19,33 : 0.63"
"33,19 : 0.63"
"19,34 : 0.386"
"34,19 : 0.386"
"19,35 : 0.5503"
"35,19 : 0.5503"
"19,36 : 0.3544"
"36,19 : 0.3544"
"19,37 : 0.4687"
"37,19 : 0.4687"
"19,38 : 0.4701"
"38,19 : 0.4701"
"19,39 : 0.2441"
"39,19 : 0.2441"
"19,40 : 0.3041"
"40,19 : 0.3041"
"19,41 : 0.6438"
"41,19 : 0.6438"
"19,42 : 0.7655"
"42,19 : 0.7655"
"19,43 : 0.6435"
"43,19 : 0.6435"
"19,44 : 0.178"
"44,19 : 0.178"
"19,45 : 0.6574"
"45,19 : 0.6574"
"19,46 : 0.3551"
"46,19 : 0.3551"
"19,47 : 0.6412"
"47,19 : 0.6412"
"19,48 : 0.6984"
"48,19 : 0.6984"
"19,49 : 0.3859"
"49,19 : 0.3859"
"20,21 : 0.6456"
"21,20 : 0.6456"
"20,22 : 0.8238"
"22,20 : 0.8238"
"20,23 : 0.9021"
"23,20 : 0.9021"
"20,24 : 0.4717"
"24,20 : 0.4717"
"20,25 : 0.3036"
"25,20 : 0.3036"
"20,26 : 0.5109"
"26,20 : 0.5109"
"20,27 : 0.3561"
"27,20 : 0.3561"
"20,28 : 0.7788"
"28,20 : 0.7788"
"20,29 : 0.7912"
"29,20 : 0.7912"
"20,30 : 0.2563"
"30,20 : 0.2563"
"20,31 : 0.8792"
"31,20 : 0.8792"
"20,32 : 0.6332"
"32,20 : 0.6332"
"20,33 : 0.4441"
"33,20 : 0.4441"
"20,34 : 0.7357"
"34,20 : 0.7357"
"20,35 : 0.5061"
"35,20 : 0.5061"
"20,36 : 0.6236"
"36,20 : 0.6236"
"20,37 : 0.805"
"37,20 : 0.805"
"20,38 : 0.1432"
"38,20 : 0.1432"
"20,39 : 0.6162"
"39,20 : 0.6162"
"20,40 : 0.3225"
"40,20 : 0.3225"
"20,41 : 0.922"
"41,20 : 0.922"
"20,42 : 0.7741"
"42,20 : 0.7741"
"20,43 : 0.7422"
"43,20 : 0.7422"
"20,44 : 0.4366"
"44,20 : 0.4366"
"20,45 : 0.8502"
"45,20 : 0.8502"
"20,46 : 0.0762"
"46,20 : 0.0762"
"20,47 : 0.4763"
"47,20 : 0.4763"
"20,48 : 0.6896"
"48,20 : 0.6896"
"20,49 : 0.5941"
"49,20 : 0.5941"
"21,22 : 0.2789"
"22,21 : 0.2789"
"21,23 : 0.3265"
"23,21 : 0.3265"
"21,24 : 0.7209"
"24,21 : 0.7209"
"21,25 : 0.7185"
"25,21 : 0.7185"
"21,26 : 0.3581"
"26,21 : 0.3581"
"21,27 : 0.525"
"27,21 : 0.525"
"21,28 : 0.4111"
"28,21 : 0.4111"
"21,29 : 0.4754"
"29,21 : 0.4754"
"21,30 : 0.3905"
"30,21 : 0.3905"
"21,31 : 0.3289"
"31,21 : 0.3289"
"21,32 : 0.5659"
"32,21 : 0.5659"
"21,33 : 0.649"
"33,21 : 0.649"
"21,34 : 0.2002"
"34,21 : 0.2002"
"21,35 : 0.4662"
"35,21 : 0.4662"
"21,36 : 0.0224"
"36,21 : 0.0224"
"21,37 : 0.2059"
"37,21 : 0.2059"
"21,38 : 0.6712"
"38,21 : 0.6712"
"21,39 : 0.2802"
"39,21 : 0.2802"
"21,40 : 0.6747"
"40,21 : 0.6747"
"21,41 : 0.2807"
"41,21 : 0.2807"
"21,42 : 0.5533"
"42,21 : 0.5533"
"21,43 : 0.3736"
"43,21 : 0.3736"
"21,44 : 0.5233"
"44,21 : 0.5233"
"21,45 : 0.3048"
"45,21 : 0.3048"
"21,46 : 0.5887"
"46,21 : 0.5887"
"21,47 : 0.6363"
"47,21 : 0.6363"
"21,48 : 0.5204"
"48,21 : 0.5204"
"21,49 : 0.114"
"49,21 : 0.114"
"22,23 : 0.0825"
"23,22 : 0.0825"
"22,24 : 0.7303"
"24,22 : 0.7303"
"22,25 : 0.7962"
"25,22 : 0.7962"
"22,26 : 0.365"
"26,22 : 0.365"
"22,27 : 0.7855"
"27,22 : 0.7855"
"22,28 : 0.6627"
"28,22 : 0.6627"
"22,29 : 0.7317"
"29,22 : 0.7317"
"22,30 : 0.5763"
"30,22 : 0.5763"
"22,31 : 0.0566"
"31,22 : 0.0566"
"22,32 : 0.4808"
"32,22 : 0.4808"
"22,33 : 0.9171"
"33,22 : 0.9171"
"22,34 : 0.0922"
"34,22 : 0.0922"
"22,35 : 0.7433"
"35,22 : 0.7433"
"22,36 : 0.2941"
"36,22 : 0.2941"
"22,37 : 0.0949"
"37,22 : 0.0949"
"22,38 : 0.8853"
"38,22 : 0.8853"
"22,39 : 0.2335"
"39,22 : 0.2335"
"22,40 : 0.7415"
"40,22 : 0.7415"
"22,41 : 0.3265"
"41,22 : 0.3265"
"22,42 : 0.8201"
"42,22 : 0.8201"
"22,43 : 0.6307"
"43,22 : 0.6307"
"22,44 : 0.5415"
"44,22 : 0.5415"
"22,45 : 0.4965"
"45,22 : 0.4965"
"22,46 : 0.7841"
"46,22 : 0.7841"
"22,47 : 0.908"
"47,22 : 0.908"
"22,48 : 0.7951"
"48,22 : 0.7951"
"22,49 : 0.3929"
"49,22 : 0.3929"
"23,24 : 0.81"
"24,23 : 0.81"
"23,25 : 0.8786"
"25,23 : 0.8786"
"23,26 : 0.4472"
"26,23 : 0.4472"
"23,27 : 0.8463"
"27,23 : 0.8463"
"23,28 : 0.6803"
"28,23 : 0.6803"
"23,29 : 0.7506"
"29,23 : 0.7506"
"23,30 : 0.6522"
"30,23 : 0.6522"
"23,31 : 0.0447"
"31,23 : 0.0447"
"23,32 : 0.5532"
"32,23 : 0.5532"
"23,33 : 0.9742"
"33,23 : 0.9742"
"23,34 : 0.1664"
"34,23 : 0.1664"
"23,35 : 0.792"
"35,23 : 0.792"
"23,36 : 0.3448"
"36,23 : 0.3448"
"23,37 : 0.1208"
"37,23 : 0.1208"
"23,38 : 0.959"
"38,23 : 0.959"
"23,39 : 0.3158"
"39,23 : 0.3158"
"23,40 : 0.8238"
"40,23 : 0.8238"
"23,41 : 0.2997"
"41,23 : 0.2997"
"23,42 : 0.8448"
"42,23 : 0.8448"
"23,43 : 0.6519"
"43,23 : 0.6519"
"23,44 : 0.6229"
"44,23 : 0.6229"
"23,45 : 0.4965"
"45,23 : 0.4965"
"23,46 : 0.8602"
"46,23 : 0.8602"
"23,47 : 0.9625"
"47,23 : 0.9625"
"23,48 : 0.8276"
"48,23 : 0.8276"
"23,49 : 0.4386"
"49,23 : 0.4386"
"24,25 : 0.1868"
"25,24 : 0.1868"
"24,26 : 0.3785"
"26,24 : 0.3785"
"24,27 : 0.7606"
"27,24 : 0.7606"
"24,28 : 1.0424"
"28,24 : 1.0424"
"24,29 : 1.0821"
"29,24 : 1.0821"
"24,30 : 0.472"
"30,24 : 0.472"
"24,31 : 0.7703"
"31,24 : 0.7703"
"24,32 : 0.2955"
"32,24 : 0.2955"
"24,33 : 0.8826"
"33,24 : 0.8826"
"24,34 : 0.676"
"34,24 : 0.676"
"24,35 : 0.8653"
"35,24 : 0.8653"
"24,36 : 0.7068"
"36,24 : 0.7068"
"24,37 : 0.7679"
"37,24 : 0.7679"
"24,38 : 0.614"
"38,24 : 0.614"
"24,39 : 0.5036"
"39,24 : 0.5036"
"24,40 : 0.15"
"40,24 : 0.15"
"24,41 : 0.978"
"41,24 : 0.978"
"24,42 : 1.1063"
"42,24 : 1.1063"
"24,43 : 1.0"
"43,24 : 1.0"
"24,44 : 0.1992"
"44,24 : 0.1992"
"24,45 : 1.016"
"45,24 : 1.016"
"24,46 : 0.512"
"46,24 : 0.512"
"24,47 : 0.9062"
"47,24 : 0.9062"
"24,48 : 1.0323"
"48,24 : 1.0323"
"24,49 : 0.7463"
"49,24 : 0.7463"
"25,26 : 0.4317"
"26,25 : 0.4317"
"25,27 : 0.6301"
"27,25 : 0.6301"
"25,28 : 0.9775"
"28,25 : 0.9775"
"25,29 : 1.0069"
"29,25 : 1.0069"
"25,30 : 0.3859"
"30,25 : 0.3859"
"25,31 : 0.844"
"31,25 : 0.844"
"25,32 : 0.4386"
"32,25 : 0.4386"
"25,33 : 0.7382"
"33,25 : 0.7382"
"25,34 : 0.7256"
"34,25 : 0.7256"
"25,35 : 0.7566"
"35,25 : 0.7566"
"25,36 : 0.7004"
"36,25 : 0.7004"
"25,37 : 0.813"
"37,25 : 0.813"
"25,38 : 0.4464"
"38,25 : 0.4464"
"25,39 : 0.5629"
"39,25 : 0.5629"
"25,40 : 0.0583"
"40,25 : 0.0583"
"25,41 : 0.9941"
"41,25 : 0.9941"
"25,42 : 1.0141"
"42,25 : 1.0141"
"25,43 : 0.9365"
"43,25 : 0.9365"
"25,44 : 0.2683"
"44,25 : 0.2683"
"25,45 : 0.9898"
"45,25 : 0.9898"
"25,46 : 0.3578"
"46,25 : 0.3578"
"25,47 : 0.7666"
"47,25 : 0.7666"
"25,48 : 0.9343"
"48,25 : 0.9343"
"25,49 : 0.7147"
"49,25 : 0.7147"
"26,27 : 0.612"
"27,26 : 0.612"
"26,28 : 0.7324"
"28,26 : 0.7324"
"26,29 : 0.7855"
"29,26 : 0.7855"
"26,30 : 0.3132"
"30,26 : 0.3132"
"26,31 : 0.4123"
"31,26 : 0.4123"
"26,32 : 0.2236"
"32,26 : 0.2236"
"26,33 : 0.7533"
"33,26 : 0.7533"
"26,34 : 0.3002"
"34,26 : 0.3002"
"26,35 : 0.6494"
"35,26 : 0.6494"
"26,36 : 0.3483"
"36,26 : 0.3483"
"26,37 : 0.3912"
"37,26 : 0.3912"
"26,38 : 0.609"
"38,26 : 0.609"
"26,39 : 0.1315"
"39,26 : 0.1315"
"26,40 : 0.3766"
"40,26 : 0.3766"
"26,41 : 0.6008"
"41,26 : 0.6008"
"26,42 : 0.8367"
"42,26 : 0.8367"
"26,43 : 0.6907"
"43,26 : 0.6907"
"26,44 : 0.1811"
"44,26 : 0.1811"
"26,45 : 0.6622"
"45,26 : 0.6622"
"26,46 : 0.494"
"46,26 : 0.494"
"26,47 : 0.7606"
"47,26 : 0.7606"
"26,48 : 0.7783"
"48,26 : 0.7783"
"26,49 : 0.4123"
"49,26 : 0.4123"
"27,28 : 0.4701"
"28,27 : 0.4701"
"27,29 : 0.4639"
"29,27 : 0.4639"
"27,30 : 0.3126"
"30,27 : 0.3126"
"27,31 : 0.8406"
"31,27 : 0.8406"
"27,32 : 0.8115"
"32,27 : 0.8115"
"27,33 : 0.1414"
"33,27 : 0.1414"
"27,34 : 0.6946"
"34,27 : 0.6946"
"27,35 : 0.1628"
"35,27 : 0.1628"
"27,36 : 0.5045"
"36,27 : 0.5045"
"27,37 : 0.728"
"37,27 : 0.728"
"27,38 : 0.2625"
"38,27 : 0.2625"
"27,39 : 0.6552"
"39,27 : 0.6552"
"27,40 : 0.6277"
"40,27 : 0.6277"
"27,41 : 0.7489"
"41,27 : 0.7489"
"27,42 : 0.4272"
"42,27 : 0.4272"
"27,43 : 0.4418"
"43,27 : 0.4418"
"27,44 : 0.6433"
"44,27 : 0.6433"
"27,45 : 0.6041"
"45,27 : 0.6041"
"27,46 : 0.2832"
"46,27 : 0.2832"
"27,47 : 0.1513"
"47,27 : 0.1513"
"27,48 : 0.3418"
"48,27 : 0.3418"
"27,49 : 0.4245"
"49,27 : 0.4245"
"28,29 : 0.0707"
"29,28 : 0.0707"
"28,30 : 0.5917"
"30,28 : 0.5917"
"28,31 : 0.7003"
"31,28 : 0.7003"
"28,32 : 0.9541"
"32,28 : 0.9541"
"28,33 : 0.5124"
"33,28 : 0.5124"
"28,34 : 0.6021"
"34,28 : 0.6021"
"28,35 : 0.3126"
"35,28 : 0.3126"
"28,36 : 0.4085"
"36,28 : 0.4085"
"28,37 : 0.5708"
"37,28 : 0.5708"
"28,38 : 0.7234"
"38,28 : 0.7234"
"28,39 : 0.6845"
"39,28 : 0.6845"
"28,40 : 0.9513"
"40,28 : 0.9513"
"28,41 : 0.4366"
"41,28 : 0.4366"
"28,42 : 0.1746"
"42,28 : 0.1746"
"28,43 : 0.0424"
"43,28 : 0.0424"
"28,44 : 0.8628"
"44,28 : 0.8628"
"28,45 : 0.2147"
"45,28 : 0.2147"
"28,46 : 0.7034"
"46,28 : 0.7034"
"28,47 : 0.4776"
"47,28 : 0.4776"
"28,48 : 0.1985"
"48,28 : 0.1985"
"28,49 : 0.3225"
"49,28 : 0.3225"
"29,30 : 0.622"
"30,29 : 0.622"
"29,31 : 0.7701"
"31,29 : 0.7701"
"29,32 : 1.0085"
"32,29 : 1.0085"
"29,33 : 0.4866"
"33,29 : 0.4866"
"29,34 : 0.6691"
"34,29 : 0.6691"
"29,35 : 0.3015"
"35,29 : 0.3015"
"29,36 : 0.4713"
"36,29 : 0.4713"
"29,37 : 0.6403"
"37,29 : 0.6403"
"29,38 : 0.7237"
"38,29 : 0.7237"
"29,39 : 0.7446"
"39,29 : 0.7446"
"29,40 : 0.9841"
"40,29 : 0.9841"
"29,41 : 0.506"
"41,29 : 0.506"
"29,42 : 0.1082"
"42,29 : 0.1082"
"29,43 : 0.102"
"43,29 : 0.102"
"29,44 : 0.9079"
"44,29 : 0.9079"
"29,45 : 0.2823"
"45,29 : 0.2823"
"29,46 : 0.7151"
"46,29 : 0.7151"
"29,47 : 0.4491"
"47,29 : 0.4491"
"29,48 : 0.1523"
"48,29 : 0.1523"
"29,49 : 0.3808"
"49,29 : 0.3808"
"30,31 : 0.6325"
"31,30 : 0.6325"
"30,32 : 0.5001"
"32,30 : 0.5001"
"30,33 : 0.4504"
"33,30 : 0.4504"
"30,34 : 0.486"
"34,30 : 0.486"
"30,35 : 0.3945"
"35,30 : 0.3945"
"30,36 : 0.3688"
"36,30 : 0.3688"
"30,37 : 0.5507"
"37,30 : 0.5507"
"30,38 : 0.3114"
"38,30 : 0.3114"
"30,39 : 0.3883"
"39,30 : 0.3883"
"30,40 : 0.3624"
"40,30 : 0.3624"
"30,41 : 0.6691"
"41,30 : 0.6691"
"30,42 : 0.6366"
"42,30 : 0.6366"
"30,43 : 0.5507"
"43,30 : 0.5507"
"30,44 : 0.3324"
"44,30 : 0.3324"
"30,45 : 0.6198"
"45,30 : 0.6198"
"30,46 : 0.2081"
"46,30 : 0.2081"
"30,47 : 0.4639"
"47,30 : 0.4639"
"30,48 : 0.5608"
"48,30 : 0.5608"
"30,49 : 0.3506"
"49,30 : 0.3506"
"31,32 : 0.5099"
"32,31 : 0.5099"
"31,33 : 0.9713"
"33,31 : 0.9713"
"31,34 : 0.1487"
"34,31 : 0.1487"
"31,35 : 0.7948"
"35,31 : 0.7948"
"31,36 : 0.3454"
"36,31 : 0.3454"
"31,37 : 0.1304"
"37,31 : 0.1304"
"31,38 : 0.9418"
"38,31 : 0.9418"
"31,39 : 0.2816"
"39,31 : 0.2816"
"31,40 : 0.7885"
"40,31 : 0.7885"
"31,41 : 0.3362"
"41,31 : 0.3362"
"31,42 : 0.8615"
"42,31 : 0.8615"
"31,43 : 0.6701"
"43,31 : 0.6701"
"31,44 : 0.5855"
"44,31 : 0.5855"
"31,45 : 0.5239"
"45,31 : 0.5239"
"31,46 : 0.8402"
"46,31 : 0.8402"
"31,47 : 0.9615"
"47,31 : 0.9615"
"31,48 : 0.8401"
"48,31 : 0.8401"
"31,49 : 0.4427"
"49,31 : 0.4427"
"32,33 : 0.9505"
"33,32 : 0.9505"
"32,34 : 0.4518"
"34,32 : 0.4518"
"32,35 : 0.8659"
"35,32 : 0.8659"
"32,36 : 0.5597"
"36,32 : 0.5597"
"32,37 : 0.5413"
"37,32 : 0.5413"
"32,38 : 0.7569"
"38,32 : 0.7569"
"32,39 : 0.2921"
"39,32 : 0.2921"
"32,40 : 0.3818"
"40,32 : 0.3818"
"32,41 : 0.7752"
"41,32 : 0.7752"
"32,42 : 1.0602"
"42,32 : 1.0602"
"32,43 : 0.9127"
"43,32 : 0.9127"
"32,44 : 0.197"
"44,32 : 0.197"
"32,45 : 0.8698"
"45,32 : 0.8698"
"32,46 : 0.6403"
"46,32 : 0.6403"
"32,47 : 0.9625"
"47,32 : 0.9625"
"32,48 : 1.0009"
"48,32 : 1.0009"
"32,49 : 0.6325"
"49,32 : 0.6325"
"33,34 : 0.8273"
"34,33 : 0.8273"
"33,35 : 0.211"
"35,33 : 0.211"
"33,36 : 0.6297"
"36,33 : 0.6297"
"33,37 : 0.8544"
"37,33 : 0.8544"
"33,38 : 0.3183"
"38,33 : 0.3183"
"33,39 : 0.7956"
"39,33 : 0.7956"
"33,40 : 0.7432"
"40,33 : 0.7432"
"33,41 : 0.8504"
"41,33 : 0.8504"
"33,42 : 0.4201"
"42,33 : 0.4201"
"33,43 : 0.494"
"43,33 : 0.494"
"33,44 : 0.7778"
"44,33 : 0.7778"
"33,45 : 0.681"
"45,33 : 0.681"
"33,46 : 0.3808"
"46,33 : 0.3808"
"33,47 : 0.0412"
"47,33 : 0.0412"
"33,48 : 0.3406"
"48,33 : 0.3406"
"33,49 : 0.542"
"49,33 : 0.542"
"34,35 : 0.658"
"35,34 : 0.658"
"34,36 : 0.2121"
"36,34 : 0.2121"
"34,37 : 0.0922"
"37,34 : 0.0922"
"34,38 : 0.794"
"38,34 : 0.794"
"34,39 : 0.1726"
"39,34 : 0.1726"
"34,40 : 0.6727"
"40,34 : 0.6727"
"34,41 : 0.3245"
"41,34 : 0.3245"
"34,42 : 0.7517"
"42,34 : 0.7517"
"34,43 : 0.5672"
"43,34 : 0.5672"
"34,44 : 0.4809"
"44,34 : 0.4809"
"34,45 : 0.4565"
"45,34 : 0.4565"
"34,46 : 0.694"
"46,34 : 0.694"
"34,47 : 0.8194"
"47,34 : 0.8194"
"34,48 : 0.7206"
"48,34 : 0.7206"
"34,49 : 0.3126"
"49,34 : 0.3126"
"35,36 : 0.4494"
"36,35 : 0.4494"
"35,37 : 0.6712"
"37,35 : 0.6712"
"35,38 : 0.4245"
"38,35 : 0.4245"
"35,39 : 0.6603"
"39,35 : 0.6603"
"35,40 : 0.7452"
"40,35 : 0.7452"
"35,41 : 0.6435"
"41,35 : 0.6435"
"35,42 : 0.2683"
"42,35 : 0.2683"
"35,43 : 0.2886"
"43,35 : 0.2886"
"35,44 : 0.7209"
"44,35 : 0.7209"
"35,45 : 0.4701"
"45,35 : 0.4701"
"35,46 : 0.4305"
"46,35 : 0.4305"
"35,47 : 0.1844"
"47,35 : 0.1844"
"35,48 : 0.1836"
"48,35 : 0.1836"
"35,49 : 0.3534"
"49,35 : 0.3534"
"36,37 : 0.2247"
"37,36 : 0.2247"
"36,38 : 0.6488"
"38,36 : 0.6488"
"36,39 : 0.2778"
"39,36 : 0.2778"
"36,40 : 0.6573"
"40,36 : 0.6573"
"36,41 : 0.3015"
"41,36 : 0.3015"
"36,42 : 0.5459"
"42,36 : 0.5459"
"36,43 : 0.37"
"43,36 : 0.37"
"36,44 : 0.51"
"44,36 : 0.51"
"36,45 : 0.314"
"45,36 : 0.314"
"36,46 : 0.5665"
"46,36 : 0.5665"
"36,47 : 0.6177"
"47,36 : 0.6177"
"36,48 : 0.51"
"48,36 : 0.51"
"36,49 : 0.1005"
"49,36 : 0.1005"
"37,38 : 0.8521"
"38,37 : 0.8521"
"37,39 : 0.2648"
"39,37 : 0.2648"
"37,40 : 0.7611"
"40,37 : 0.7611"
"37,41 : 0.2408"
"41,37 : 0.2408"
"37,42 : 0.7311"
"42,37 : 0.7311"
"37,43 : 0.54"
"43,37 : 0.54"
"37,44 : 0.5722"
"44,37 : 0.5722"
"37,45 : 0.4016"
"45,37 : 0.4016"
"37,46 : 0.758"
"46,37 : 0.758"
"37,47 : 0.8422"
"47,37 : 0.8422"
"37,48 : 0.7102"
"48,37 : 0.7102"
"37,49 : 0.3178"
"49,37 : 0.3178"
"38,39 : 0.6981"
"39,38 : 0.6981"
"38,40 : 0.4653"
"40,38 : 0.4653"
"38,41 : 0.9341"
"41,38 : 0.9341"
"38,42 : 0.6895"
"42,38 : 0.6895"
"38,43 : 0.6912"
"43,38 : 0.6912"
"38,44 : 0.5629"
"44,38 : 0.5629"
"38,45 : 0.8287"
"45,38 : 0.8287"
"38,46 : 0.117"
"46,38 : 0.117"
"38,47 : 0.3547"
"47,38 : 0.3547"
"38,48 : 0.6041"
"48,38 : 0.6041"
"38,49 : 0.5981"
"49,38 : 0.5981"
"39,40 : 0.508"
"40,39 : 0.508"
"39,41 : 0.4875"
"41,39 : 0.4875"
"39,42 : 0.8104"
"42,39 : 0.8104"
"39,43 : 0.6447"
"43,39 : 0.6447"
"39,44 : 0.31"
"44,39 : 0.31"
"39,45 : 0.5805"
"45,39 : 0.5805"
"39,46 : 0.588"
"46,39 : 0.588"
"39,47 : 0.7962"
"47,39 : 0.7962"
"39,48 : 0.763"
"48,39 : 0.763"
"39,49 : 0.364"
"49,39 : 0.364"
"40,41 : 0.9476"
"41,40 : 0.9476"
"40,42 : 0.9972"
"42,40 : 0.9972"
"40,43 : 0.9097"
"43,40 : 0.9097"
"40,44 : 0.2102"
"44,40 : 0.2102"
"40,45 : 0.9527"
"45,40 : 0.9527"
"40,46 : 0.3669"
"46,40 : 0.3669"
"40,47 : 0.7692"
"47,40 : 0.7692"
"40,48 : 0.9193"
"48,40 : 0.9193"
"40,49 : 0.6778"
"49,40 : 0.6778"
"41,42 : 0.611"
"42,41 : 0.611"
"41,43 : 0.4205"
"43,41 : 0.4205"
"41,44 : 0.7788"
"44,41 : 0.7788"
"41,45 : 0.2256"
"45,41 : 0.2256"
"41,46 : 0.8613"
"46,41 : 0.8613"
"41,47 : 0.8276"
"47,41 : 0.8276"
"41,48 : 0.6177"
"48,41 : 0.6177"
"41,49 : 0.3362"
"49,41 : 0.3362"
"42,43 : 0.1942"
"43,42 : 0.1942"
"42,44 : 0.943"
"44,42 : 0.943"
"42,45 : 0.3891"
"45,42 : 0.3891"
"42,46 : 0.6984"
