x,y
0.58,0.15
0.66,0.12
0.77,0.09
0.03,0.59
0.68,0.87
0.17,0.11
0.19,0.06
0.97,0.68
0.59,0.09
0.66,0.59
0.13,0.42
0.55,0.56
0.67,0.15
0.54,0.8
0.18,0.64
0.64,0.73
0.13,0.76
0.29,0.99
0.38,0.38
0.12,0.07
0.73,0.29
0.71,0.31
0.13,0.98
0.78,0.53
0.16,0.66
0.19,0.09
0.24,0.6
0.74,0.69
0.82,0.16
0.91,0.1
0.36,0.24
0.32,0.56
0.45,0.92
0.36,0.23
0.31,0.71
0.02,0.0
0.6,0.87
0.93,0.81
0.97,0.27
0.56,0.02
0.63,0.34
0.79,0.89
0.86,0.12
0.6,0.26
0.42,0.36
0.14,0.21
0.42,0.63
0.39,0.72
0.64,0.77
0.26,0.23

Distanze
"0,1 : 0.0854"
"1,0 : 0.0854"
"0,2 : 0.1992"
"2,0 : 0.1992"
"0,3 : 0.7043"
"3,0 : 0.7043"
"0,4 : 0.7269"
"4,0 : 0.7269"
"0,5 : 0.4119"
"5,0 : 0.4119"
"0,6 : 0.4002"
"6,0 : 0.4002"
"0,7 : 0.658"
"7,0 : 0.658"
"0,8 : 0.0608"
"8,0 : 0.0608"
"0,9 : 0.4472"
"9,0 : 0.4472"
"0,10 : 0.5248"
"10,0 : 0.5248"
"0,11 : 0.4111"
"11,0 : 0.4111"
"0,12 : 0.09"
"12,0 : 0.09"
"0,13 : 0.6512"
"13,0 : 0.6512"
"0,14 : 0.6325"
"14,0 : 0.6325"
"0,15 : 0.5831"
"15,0 : 0.5831"
"0,16 : 0.758"
"16,0 : 0.758"
"0,17 : 0.8887"
"17,0 : 0.8887"
"0,18 : 0.3048"
"18,0 : 0.3048"
"0,19 : 0.4669"
"19,0 : 0.4669"
"0,20 : 0.2052"
"20,0 : 0.2052"
"0,21 : 0.2062"
"21,0 : 0.2062"
"0,22 : 0.9441"
"22,0 : 0.9441"
"0,23 : 0.4294"
"23,0 : 0.4294"
"0,24 : 0.6607"
"24,0 : 0.6607"
"0,25 : 0.3946"
"25,0 : 0.3946"
"0,26 : 0.564"
"26,0 : 0.564"
"0,27 : 0.5632"
"27,0 : 0.5632"
"0,28 : 0.2402"
"28,0 : 0.2402"
"0,29 : 0.3338"
"29,0 : 0.3338"
"0,30 : 0.2377"
"30,0 : 0.2377"
"0,31 : 0.4855"
"31,0 : 0.4855"
"0,32 : 0.7809"
"32,0 : 0.7809"
"0,33 : 0.2341"
"33,0 : 0.2341"
"0,34 : 0.6217"
"34,0 : 0.6217"
"0,35 : 0.5797"
"35,0 : 0.5797"
"0,36 : 0.7203"
"36,0 : 0.7203"
"0,37 : 0.7471"
"37,0 : 0.7471"
"0,38 : 0.408"
"38,0 : 0.408"
"0,39 : 0.1315"
"39,0 : 0.1315"
"0,40 : 0.1965"
"40,0 : 0.1965"
"0,41 : 0.7692"
"41,0 : 0.7692"
"0,42 : 0.2816"
"42,0 : 0.2816"
"0,43 : 0.1118"
"43,0 : 0.1118"
"0,44 : 0.264"
"44,0 : 0.264"
"0,45 : 0.4441"
"45,0 : 0.4441"
"0,46 : 0.506"
"46,0 : 0.506"
"0,47 : 0.6008"
"47,0 : 0.6008"
"0,48 : 0.6229"
"48,0 : 0.6229"
"0,49 : 0.3298"
"49,0 : 0.3298"
"1,2 : 0.114"
"2,1 : 0.114"
"1,3 : 0.786"
"3,1 : 0.786"
"1,4 : 0.7503"
"4,1 : 0.7503"
"1,5 : 0.4901"
"5,1 : 0.4901"
"1,6 : 0.4738"
"6,1 : 0.4738"
"1,7 : 0.6401"
"7,1 : 0.6401"
"1,8 : 0.0762"
"8,1 : 0.0762"
"1,9 : 0.47"
"9,1 : 0.47"
"1,10 : 0.609"
"10,1 : 0.609"
"1,11 : 0.4535"
"11,1 : 0.4535"
"1,12 : 0.0316"
"12,1 : 0.0316"
"1,13 : 0.6905"
"13,1 : 0.6905"
"1,14 : 0.7077"
"14,1 : 0.7077"
"1,15 : 0.6103"
"15,1 : 0.6103"
"1,16 : 0.831"
"16,1 : 0.831"
"1,17 : 0.9454"
"17,1 : 0.9454"
"1,18 : 0.3821"
"18,1 : 0.3821"
"1,19 : 0.5423"
"19,1 : 0.5423"
"1,20 : 0.1838"
"20,1 : 0.1838"
"1,21 : 0.1965"
"21,1 : 0.1965"
"1,22 : 1.0102"
"22,1 : 1.0102"
"1,23 : 0.4272"
"23,1 : 0.4272"
"1,24 : 0.7359"
"24,1 : 0.7359"
"1,25 : 0.471"
"25,1 : 0.471"
"1,26 : 0.6378"
"26,1 : 0.6378"
"1,27 : 0.5756"
"27,1 : 0.5756"
"1,28 : 0.1649"
"28,1 : 0.1649"
"1,29 : 0.2508"
"29,1 : 0.2508"
"1,30 : 0.3231"
"30,1 : 0.3231"
"1,31 : 0.5561"
"31,1 : 0.5561"
"1,32 : 0.8271"
"32,1 : 0.8271"
"1,33 : 0.3195"
"33,1 : 0.3195"
"1,34 : 0.686"
"34,1 : 0.686"
"1,35 : 0.6512"
"35,1 : 0.6512"
"1,36 : 0.7524"
"36,1 : 0.7524"
"1,37 : 0.7409"
"37,1 : 0.7409"
"1,38 : 0.3444"
"38,1 : 0.3444"
"1,39 : 0.1414"
"39,1 : 0.1414"
"1,40 : 0.222"
"40,1 : 0.222"
"1,41 : 0.7809"
"41,1 : 0.7809"
"1,42 : 0.2"
"42,1 : 0.2"
"1,43 : 0.1523"
"43,1 : 0.1523"
"1,44 : 0.3394"
"44,1 : 0.3394"
"1,45 : 0.5277"
"45,1 : 0.5277"
"1,46 : 0.5636"
"46,1 : 0.5636"
"1,47 : 0.658"
"47,1 : 0.658"
"1,48 : 0.6503"
"48,1 : 0.6503"
"1,49 : 0.4148"
"49,1 : 0.4148"
"2,3 : 0.8931"
"3,2 : 0.8931"
"2,4 : 0.7852"
"4,2 : 0.7852"
"2,5 : 0.6003"
"5,2 : 0.6003"
"2,6 : 0.5808"
"6,2 : 0.5808"
"2,7 : 0.623"
"7,2 : 0.623"
"2,8 : 0.18"
"8,2 : 0.18"
"2,9 : 0.512"
"9,2 : 0.512"
"2,10 : 0.7201"
"10,2 : 0.7201"
"2,11 : 0.5189"
"11,2 : 0.5189"
"2,12 : 0.1166"
"12,2 : 0.1166"
"2,13 : 0.7463"
"13,2 : 0.7463"
"2,14 : 0.8066"
"14,2 : 0.8066"
"2,15 : 0.6531"
"15,2 : 0.6531"
"2,16 : 0.9266"
"16,2 : 0.9266"
"2,17 : 1.02"
"17,2 : 1.02"
"2,18 : 0.486"
"18,2 : 0.486"
"2,19 : 0.6503"
"19,2 : 0.6503"
"2,20 : 0.204"
"20,2 : 0.204"
"2,21 : 0.228"
"21,2 : 0.228"
"2,22 : 1.0962"
"22,2 : 1.0962"
"2,23 : 0.4401"
"23,2 : 0.4401"
"2,24 : 0.8349"
"24,2 : 0.8349"
"2,25 : 0.58"
"25,2 : 0.58"
"2,26 : 0.7355"
"26,2 : 0.7355"
"2,27 : 0.6007"
"27,2 : 0.6007"
"2,28 : 0.086"
"28,2 : 0.086"
"2,29 : 0.1404"
"29,2 : 0.1404"
"2,30 : 0.4366"
"30,2 : 0.4366"
"2,31 : 0.6507"
"31,2 : 0.6507"
"2,32 : 0.8896"
"32,2 : 0.8896"
"2,33 : 0.4332"
"33,2 : 0.4332"
"2,34 : 0.772"
"34,2 : 0.772"
"2,35 : 0.7554"
"35,2 : 0.7554"
"2,36 : 0.7983"
"36,2 : 0.7983"
"2,37 : 0.7376"
"37,2 : 0.7376"
"2,38 : 0.2691"
"38,2 : 0.2691"
"2,39 : 0.2214"
"39,2 : 0.2214"
"2,40 : 0.2865"
"40,2 : 0.2865"
"2,41 : 0.8002"
"41,2 : 0.8002"
"2,42 : 0.0949"
"42,2 : 0.0949"
"2,43 : 0.2404"
"43,2 : 0.2404"
"2,44 : 0.442"
"44,2 : 0.442"
"2,45 : 0.6413"
"45,2 : 0.6413"
"2,46 : 0.6435"
"46,2 : 0.6435"
"2,47 : 0.7357"
"47,2 : 0.7357"
"2,48 : 0.6923"
"48,2 : 0.6923"
"2,49 : 0.5289"
"49,2 : 0.5289"
"3,4 : 0.7077"
"4,3 : 0.7077"
"3,5 : 0.5"
"5,3 : 0.5"
"3,6 : 0.5536"
"6,3 : 0.5536"
"3,7 : 0.9443"
"7,3 : 0.9443"
"3,8 : 0.7507"
"8,3 : 0.7507"
"3,9 : 0.63"
"9,3 : 0.63"
"3,10 : 0.1972"
"10,3 : 0.1972"
"3,11 : 0.5209"
"11,3 : 0.5209"
"3,12 : 0.7767"
"12,3 : 0.7767"
"3,13 : 0.5515"
"13,3 : 0.5515"
"3,14 : 0.1581"
"14,3 : 0.1581"
"3,15 : 0.6259"
"15,3 : 0.6259"
"3,16 : 0.1972"
"16,3 : 0.1972"
"3,17 : 0.4771"
"17,3 : 0.4771"
"3,18 : 0.4082"
"18,3 : 0.4082"
"3,19 : 0.5277"
"19,3 : 0.5277"
"3,20 : 0.7616"
"20,3 : 0.7616"
"3,21 : 0.7354"
"21,3 : 0.7354"
"3,22 : 0.4026"
"22,3 : 0.4026"
"3,23 : 0.7524"
"23,3 : 0.7524"
"3,24 : 0.1476"
"24,3 : 0.1476"
"3,25 : 0.525"
"25,3 : 0.525"
"3,26 : 0.2102"
"26,3 : 0.2102"
"3,27 : 0.717"
"27,3 : 0.717"
"3,28 : 0.8994"
"28,3 : 0.8994"
"3,29 : 1.0072"
"29,3 : 1.0072"
"3,30 : 0.481"
"30,3 : 0.481"
"3,31 : 0.2915"
"31,3 : 0.2915"
"3,32 : 0.5341"
"32,3 : 0.5341"
"3,33 : 0.4884"
"33,3 : 0.4884"
"3,34 : 0.3046"
"34,3 : 0.3046"
"3,35 : 0.5901"
"35,3 : 0.5901"
"3,36 : 0.6351"
"36,3 : 0.6351"
"3,37 : 0.9265"
"37,3 : 0.9265"
"3,38 : 0.993"
"38,3 : 0.993"
"3,39 : 0.7783"
"39,3 : 0.7783"
"3,40 : 0.65"
"40,3 : 0.65"
"3,41 : 0.8171"
"41,3 : 0.8171"
"3,42 : 0.9538"
"42,3 : 0.9538"
"3,43 : 0.6586"
"43,3 : 0.6586"
"3,44 : 0.4528"
"44,3 : 0.4528"
"3,45 : 0.3956"
"45,3 : 0.3956"
"3,46 : 0.392"
"46,3 : 0.392"
"3,47 : 0.3828"
"47,3 : 0.3828"
"3,48 : 0.636"
"48,3 : 0.636"
"3,49 : 0.4272"
"49,3 : 0.4272"
"4,5 : 0.9153"
"5,4 : 0.9153"
"4,6 : 0.9467"
"6,4 : 0.9467"
"4,7 : 0.3467"
"7,4 : 0.3467"
"4,8 : 0.7852"
"8,4 : 0.7852"
"4,9 : 0.2807"
"9,4 : 0.2807"
"4,10 : 0.7106"
"10,4 : 0.7106"
"4,11 : 0.3362"
"11,4 : 0.3362"
"4,12 : 0.7201"
"12,4 : 0.7201"
"4,13 : 0.1565"
"13,4 : 0.1565"
"4,14 : 0.5504"
"14,4 : 0.5504"
"4,15 : 0.1456"
"15,4 : 0.1456"
"4,16 : 0.5609"
"16,4 : 0.5609"
"4,17 : 0.408"
"17,4 : 0.408"
"4,18 : 0.5745"
"18,4 : 0.5745"
"4,19 : 0.9765"
"19,4 : 0.9765"
"4,20 : 0.5822"
"20,4 : 0.5822"
"4,21 : 0.5608"
"21,4 : 0.5608"
"4,22 : 0.5609"
"22,4 : 0.5609"
"4,23 : 0.3544"
"23,4 : 0.3544"
"4,24 : 0.5608"
"24,4 : 0.5608"
"4,25 : 0.9211"
"25,4 : 0.9211"
"4,26 : 0.5162"
"26,4 : 0.5162"
"4,27 : 0.1897"
"27,4 : 0.1897"
"4,28 : 0.7237"
"28,4 : 0.7237"
"4,29 : 0.8036"
"29,4 : 0.8036"
"4,30 : 0.7066"
"30,4 : 0.7066"
"4,31 : 0.4751"
"31,4 : 0.4751"
"4,32 : 0.2354"
"32,4 : 0.2354"
"4,33 : 0.7155"
"33,4 : 0.7155"
"4,34 : 0.4031"
"34,4 : 0.4031"
"4,35 : 1.092"
"35,4 : 1.092"
"4,36 : 0.08"
"36,4 : 0.08"
"4,37 : 0.2571"
"37,4 : 0.2571"
"4,38 : 0.6664"
"38,4 : 0.6664"
"4,39 : 0.8584"
"39,4 : 0.8584"
"4,40 : 0.5324"
"40,4 : 0.5324"
"4,41 : 0.1118"
"41,4 : 0.1118"
"4,42 : 0.7713"
"42,4 : 0.7713"
"4,43 : 0.6152"
"43,4 : 0.6152"
"4,44 : 0.5725"
"44,4 : 0.5725"
"4,45 : 0.8528"
"45,4 : 0.8528"
"4,46 : 0.3538"
"46,4 : 0.3538"
"4,47 : 0.3265"
"47,4 : 0.3265"
"4,48 : 0.1077"
"48,4 : 0.1077"
"4,49 : 0.7655"
"49,4 : 0.7655"
"5,6 : 0.0539"
"6,5 : 0.0539"
"5,7 : 0.9823"
"7,5 : 0.9823"
"5,8 : 0.4205"
"8,5 : 0.4205"
"5,9 : 0.6859"
"9,5 : 0.6859"
"5,10 : 0.3126"
"10,5 : 0.3126"
"5,11 : 0.589"
"11,5 : 0.589"
"5,12 : 0.5016"
"12,5 : 0.5016"
"5,13 : 0.7829"
"13,5 : 0.7829"
"5,14 : 0.5301"
"14,5 : 0.5301"
"5,15 : 0.778"
"15,5 : 0.778"
"5,16 : 0.6512"
"16,5 : 0.6512"
"5,17 : 0.8881"
"17,5 : 0.8881"
"5,18 : 0.3421"
"18,5 : 0.3421"
"5,19 : 0.064"
"19,5 : 0.064"
"5,20 : 0.5882"
"20,5 : 0.5882"
"5,21 : 0.5758"
"21,5 : 0.5758"
"5,22 : 0.8709"
"22,5 : 0.8709"
"5,23 : 0.7406"
"23,5 : 0.7406"
"5,24 : 0.5501"
"24,5 : 0.5501"
"5,25 : 0.0283"
"25,5 : 0.0283"
"5,26 : 0.495"
"26,5 : 0.495"
"5,27 : 0.8132"
"27,5 : 0.8132"
"5,28 : 0.6519"
"28,5 : 0.6519"
"5,29 : 0.7401"
"29,5 : 0.7401"
"5,30 : 0.2302"
"30,5 : 0.2302"
"5,31 : 0.4743"
"31,5 : 0.4743"
"5,32 : 0.857"
"32,5 : 0.857"
"5,33 : 0.2247"
"33,5 : 0.2247"
"5,34 : 0.6161"
"34,5 : 0.6161"
"5,35 : 0.186"
"35,5 : 0.186"
"5,36 : 0.8732"
"36,5 : 0.8732"
"5,37 : 1.0332"
"37,5 : 1.0332"
"5,38 : 0.8158"
"38,5 : 0.8158"
"5,39 : 0.4002"
"39,5 : 0.4002"
"5,40 : 0.5143"
"40,5 : 0.5143"
"5,41 : 0.9964"
"41,5 : 0.9964"
"5,42 : 0.6901"
"42,5 : 0.6901"
"5,43 : 0.4554"
"43,5 : 0.4554"
"5,44 : 0.3536"
"44,5 : 0.3536"
"5,45 : 0.1044"
"45,5 : 0.1044"
"5,46 : 0.577"
"46,5 : 0.577"
"5,47 : 0.6485"
"47,5 : 0.6485"
"5,48 : 0.8102"
"48,5 : 0.8102"
"5,49 : 0.15"
"49,5 : 0.15"
"6,7 : 0.9964"
"7,6 : 0.9964"
"6,8 : 0.4011"
"8,6 : 0.4011"
"6,9 : 0.7084"
"9,6 : 0.7084"
"6,10 : 0.365"
"10,6 : 0.365"
"6,11 : 0.6161"
"11,6 : 0.6161"
"6,12 : 0.4884"
"12,6 : 0.4884"
"6,13 : 0.8186"
"13,6 : 0.8186"
"6,14 : 0.5801"
"14,6 : 0.5801"
"6,15 : 0.8071"
"15,6 : 0.8071"
"6,16 : 0.7026"
"16,6 : 0.7026"
"6,17 : 0.9354"
"17,6 : 0.9354"
"6,18 : 0.3722"
"18,6 : 0.3722"
"6,19 : 0.0707"
"19,6 : 0.0707"
"6,20 : 0.5869"
"20,6 : 0.5869"
"6,21 : 0.577"
"21,6 : 0.577"
"6,22 : 0.922"
"22,6 : 0.922"
"6,23 : 0.7543"
"23,6 : 0.7543"
"6,24 : 0.6007"
"24,6 : 0.6007"
"6,25 : 0.03"
"25,6 : 0.03"
"6,26 : 0.5423"
"26,6 : 0.5423"
"6,27 : 0.8363"
"27,6 : 0.8363"
"6,28 : 0.6379"
"28,6 : 0.6379"
"6,29 : 0.7211"
"29,6 : 0.7211"
"6,30 : 0.2476"
"30,6 : 0.2476"
"6,31 : 0.5166"
"31,6 : 0.5166"
"6,32 : 0.8984"
"32,6 : 0.8984"
"6,33 : 0.2404"
"33,6 : 0.2404"
"6,34 : 0.661"
"34,6 : 0.661"
"6,35 : 0.1803"
"35,6 : 0.1803"
"6,36 : 0.9079"
"36,6 : 0.9079"
"6,37 : 1.0536"
"37,6 : 1.0536"
"6,38 : 0.8078"
"38,6 : 0.8078"
"6,39 : 0.3722"
"39,6 : 0.3722"
"6,40 : 0.5215"
"40,6 : 0.5215"
"6,41 : 1.0242"
"41,6 : 1.0242"
"6,42 : 0.6727"
"42,6 : 0.6727"
"6,43 : 0.4562"
"43,6 : 0.4562"
"6,44 : 0.378"
"44,6 : 0.378"
"6,45 : 0.1581"
"45,6 : 0.1581"
"6,46 : 0.6147"
"46,6 : 0.6147"
"6,47 : 0.6896"
"47,6 : 0.6896"
"6,48 : 0.8406"
"48,6 : 0.8406"
"6,49 : 0.1838"
"49,6 : 0.1838"
"7,8 : 0.7018"
"8,7 : 0.7018"
"7,9 : 0.3228"
"9,7 : 0.3228"
"7,10 : 0.8793"
"10,7 : 0.8793"
"7,11 : 0.4368"
"11,7 : 0.4368"
"7,12 : 0.609"
"12,7 : 0.609"
"7,13 : 0.4464"
"13,7 : 0.4464"
"7,14 : 0.791"
"14,7 : 0.791"
"7,15 : 0.3338"
"15,7 : 0.3338"
"7,16 : 0.8438"
"16,7 : 0.8438"
"7,17 : 0.7473"
"17,7 : 0.7473"
"7,18 : 0.6619"
"18,7 : 0.6619"
"7,19 : 1.0462"
"19,7 : 1.0462"
"7,20 : 0.4579"
"20,7 : 0.4579"
"7,21 : 0.4522"
"21,7 : 0.4522"
"7,22 : 0.892"
"22,7 : 0.892"
"7,23 : 0.2421"
"23,7 : 0.2421"
"7,24 : 0.8102"
"24,7 : 0.8102"
"7,25 : 0.978"
"25,7 : 0.978"
"7,26 : 0.7344"
"26,7 : 0.7344"
"7,27 : 0.2302"
"27,7 : 0.2302"
"7,28 : 0.5412"
"28,7 : 0.5412"
"7,29 : 0.5831"
"29,7 : 0.5831"
"7,30 : 0.7521"
"30,7 : 0.7521"
"7,31 : 0.661"
"31,7 : 0.661"
"7,32 : 0.5727"
"32,7 : 0.5727"
"7,33 : 0.758"
"33,7 : 0.758"
"7,34 : 0.6607"
"34,7 : 0.6607"
"7,35 : 1.1683"
"35,7 : 1.1683"
"7,36 : 0.4159"
"36,7 : 0.4159"
"7,37 : 0.136"
"37,7 : 0.136"
"7,38 : 0.41"
"38,7 : 0.41"
"7,39 : 0.777"
"39,7 : 0.777"
"7,40 : 0.4808"
"40,7 : 0.4808"
"7,41 : 0.2766"
"41,7 : 0.2766"
"7,42 : 0.5707"
"42,7 : 0.5707"
"7,43 : 0.5597"
"43,7 : 0.5597"
"7,44 : 0.6363"
"44,7 : 0.6363"
"7,45 : 0.9538"
"45,7 : 0.9538"
"7,46 : 0.5523"
"46,7 : 0.5523"
"7,47 : 0.5814"
"47,7 : 0.5814"
"7,48 : 0.3421"
"48,7 : 0.3421"
"7,49 : 0.8406"
"49,7 : 0.8406"
"8,9 : 0.5049"
"9,8 : 0.5049"
"8,10 : 0.5661"
"10,8 : 0.5661"
"8,11 : 0.4717"
"11,8 : 0.4717"
"8,12 : 0.1"
"12,8 : 0.1"
"8,13 : 0.7118"
"13,8 : 0.7118"
"8,14 : 0.686"
"14,8 : 0.686"
"8,15 : 0.642"
"15,8 : 0.642"
"8,16 : 0.8127"
"16,8 : 0.8127"
"8,17 : 0.9487"
"17,8 : 0.9487"
"8,18 : 0.3581"
"18,8 : 0.3581"
"8,19 : 0.4704"
"19,8 : 0.4704"
"8,20 : 0.2441"
"20,8 : 0.2441"
"8,21 : 0.2506"
"21,8 : 0.2506"
"8,22 : 1.0018"
"22,8 : 1.0018"
"8,23 : 0.4793"
"23,8 : 0.4793"
"8,24 : 0.714"
"24,8 : 0.714"
"8,25 : 0.4"
"25,8 : 0.4"
"8,26 : 0.6185"
"26,8 : 0.6185"
"8,27 : 0.6185"
"27,8 : 0.6185"
"8,28 : 0.2404"
"28,8 : 0.2404"
"8,29 : 0.3202"
"29,8 : 0.3202"
"8,30 : 0.2746"
"30,8 : 0.2746"
"8,31 : 0.542"
"31,8 : 0.542"
"8,32 : 0.8417"
"32,8 : 0.8417"
"8,33 : 0.2693"
"33,8 : 0.2693"
"8,34 : 0.6803"
"34,8 : 0.6803"
"8,35 : 0.5771"
"35,8 : 0.5771"
"8,36 : 0.7801"
"36,8 : 0.7801"
"8,37 : 0.7962"
"37,8 : 0.7962"
"8,38 : 0.4205"
"38,8 : 0.4205"
"8,39 : 0.0762"
"39,8 : 0.0762"
"8,40 : 0.2532"
"40,8 : 0.2532"
"8,41 : 0.8246"
"41,8 : 0.8246"
"8,42 : 0.2717"
"42,8 : 0.2717"
"8,43 : 0.1703"
"43,8 : 0.1703"
"8,44 : 0.3191"
"44,8 : 0.3191"
"8,45 : 0.4657"
"45,8 : 0.4657"
"8,46 : 0.5661"
"46,8 : 0.5661"
"8,47 : 0.661"
"47,8 : 0.661"
"8,48 : 0.6818"
"48,8 : 0.6818"
"8,49 : 0.3585"
"49,8 : 0.3585"
"9,10 : 0.5566"
"10,9 : 0.5566"
"9,11 : 0.114"
"11,9 : 0.114"
"9,12 : 0.4401"
"12,9 : 0.4401"
"9,13 : 0.2419"
"13,9 : 0.2419"
"9,14 : 0.4826"
"14,9 : 0.4826"
"9,15 : 0.1414"
"15,9 : 0.1414"
"9,16 : 0.5566"
"16,9 : 0.5566"
"9,17 : 0.5449"
"17,9 : 0.5449"
"9,18 : 0.35"
"18,9 : 0.35"
"9,19 : 0.7497"
"19,9 : 0.7497"
"9,20 : 0.3081"
"20,9 : 0.3081"
"9,21 : 0.2844"
"21,9 : 0.2844"
"9,22 : 0.658"
"22,9 : 0.658"
"9,23 : 0.1342"
"23,9 : 0.1342"
"9,24 : 0.5049"
"24,9 : 0.5049"
"9,25 : 0.6862"
"25,9 : 0.6862"
"9,26 : 0.4201"
"26,9 : 0.4201"
"9,27 : 0.1281"
"27,9 : 0.1281"
"9,28 : 0.4588"
"28,9 : 0.4588"
"9,29 : 0.5501"
"29,9 : 0.5501"
"9,30 : 0.461"
"30,9 : 0.461"
"9,31 : 0.3413"
"31,9 : 0.3413"
"9,32 : 0.3912"
"32,9 : 0.3912"
"9,33 : 0.4686"
"33,9 : 0.4686"
"9,34 : 0.37"
"34,9 : 0.37"
"9,35 : 0.8705"
"35,9 : 0.8705"
"9,36 : 0.2864"
"36,9 : 0.2864"
"9,37 : 0.3483"
"37,9 : 0.3483"
"9,38 : 0.4455"
"38,9 : 0.4455"
"9,39 : 0.5787"
"39,9 : 0.5787"
"9,40 : 0.2518"
"40,9 : 0.2518"
"9,41 : 0.327"
"41,9 : 0.327"
"9,42 : 0.5108"
"42,9 : 0.5108"
"9,43 : 0.3354"
"43,9 : 0.3354"
"9,44 : 0.3324"
"44,9 : 0.3324"
"9,45 : 0.644"
"45,9 : 0.644"
"9,46 : 0.2433"
"46,9 : 0.2433"
"9,47 : 0.2997"
"47,9 : 0.2997"
"9,48 : 0.1811"
"48,9 : 0.1811"
"9,49 : 0.5381"
"49,9 : 0.5381"
"10,11 : 0.4427"
"11,10 : 0.4427"
"10,12 : 0.6037"
"12,10 : 0.6037"
"10,13 : 0.559"
"13,10 : 0.559"
"10,14 : 0.2256"
"14,10 : 0.2256"
"10,15 : 0.5968"
"15,10 : 0.5968"
"10,16 : 0.34"
"16,10 : 0.34"
"10,17 : 0.592"
"17,10 : 0.592"
"10,18 : 0.2532"
"18,10 : 0.2532"
"10,19 : 0.3501"
"19,10 : 0.3501"
"10,20 : 0.6139"
"20,10 : 0.6139"
"10,21 : 0.5903"
"21,10 : 0.5903"
"10,22 : 0.56"
"22,10 : 0.56"
"10,23 : 0.6592"
"23,10 : 0.6592"
"10,24 : 0.2419"
"24,10 : 0.2419"
"10,25 : 0.3354"
"25,10 : 0.3354"
"10,26 : 0.211"
"26,10 : 0.211"
"10,27 : 0.6671"
"27,10 : 0.6671"
"10,28 : 0.7374"
"28,10 : 0.7374"
"10,29 : 0.8431"
"29,10 : 0.8431"
"10,30 : 0.2921"
"30,10 : 0.2921"
"10,31 : 0.236"
"31,10 : 0.236"
"10,32 : 0.5936"
"32,10 : 0.5936"
"10,33 : 0.2983"
"33,10 : 0.2983"
"10,34 : 0.3413"
"34,10 : 0.3413"
"10,35 : 0.4342"
"35,10 : 0.4342"
"10,36 : 0.6507"
"36,10 : 0.6507"
"10,37 : 0.89"
"37,10 : 0.89"
"10,38 : 0.8533"
"38,10 : 0.8533"
"10,39 : 0.5873"
"39,10 : 0.5873"
"10,40 : 0.5064"
"40,10 : 0.5064"
"10,41 : 0.8102"
"41,10 : 0.8102"
"10,42 : 0.7892"
"42,10 : 0.7892"
"10,43 : 0.4965"
"43,10 : 0.4965"
"10,44 : 0.2961"
"44,10 : 0.2961"
"10,45 : 0.2102"
"45,10 : 0.2102"
"10,46 : 0.3581"
"46,10 : 0.3581"
"10,47 : 0.397"
"47,10 : 0.397"
"10,48 : 0.6185"
"48,10 : 0.6185"
"10,49 : 0.2302"
"49,10 : 0.2302"
"11,12 : 0.4272"
"12,11 : 0.4272"
"11,13 : 0.2402"
"13,11 : 0.2402"
"11,14 : 0.3785"
"14,11 : 0.3785"
"11,15 : 0.1924"
"15,11 : 0.1924"
"11,16 : 0.4652"
"16,11 : 0.4652"
"11,17 : 0.5025"
"17,11 : 0.5025"
"11,18 : 0.2476"
"18,11 : 0.2476"
"11,19 : 0.6519"
"19,11 : 0.6519"
"11,20 : 0.3245"
"20,11 : 0.3245"
"11,21 : 0.2968"
"21,11 : 0.2968"
"11,22 : 0.594"
"22,11 : 0.594"
"11,23 : 0.2319"
"23,11 : 0.2319"
"11,24 : 0.4026"
"24,11 : 0.4026"
"11,25 : 0.592"
"25,11 : 0.592"
"11,26 : 0.3126"
"26,11 : 0.3126"
"11,27 : 0.2302"
"27,11 : 0.2302"
"11,28 : 0.4826"
"28,11 : 0.4826"
"11,29 : 0.5841"
"29,11 : 0.5841"
"11,30 : 0.3722"
"30,11 : 0.3722"
"11,31 : 0.23"
"31,11 : 0.23"
"11,32 : 0.3736"
"32,11 : 0.3736"
"11,33 : 0.3808"
"33,11 : 0.3808"
"11,34 : 0.283"
"34,11 : 0.283"
"11,35 : 0.771"
"35,11 : 0.771"
"11,36 : 0.314"
"36,11 : 0.314"
"11,37 : 0.4549"
"37,11 : 0.4549"
"11,38 : 0.5104"
"38,11 : 0.5104"
"11,39 : 0.5401"
"39,11 : 0.5401"
"11,40 : 0.2341"
"40,11 : 0.2341"
"11,41 : 0.408"
"41,11 : 0.408"
"11,42 : 0.5382"
"42,11 : 0.5382"
"11,43 : 0.3041"
"43,11 : 0.3041"
"11,44 : 0.2385"
"44,11 : 0.2385"
"11,45 : 0.5391"
"45,11 : 0.5391"
"11,46 : 0.1476"
"46,11 : 0.1476"
"11,47 : 0.2263"
"47,11 : 0.2263"
"11,48 : 0.2285"
"48,11 : 0.2285"
"11,49 : 0.4393"
"49,11 : 0.4393"
"12,13 : 0.6629"
"13,12 : 0.6629"
"12,14 : 0.693"
"14,12 : 0.693"
"12,15 : 0.5808"
"15,12 : 0.5808"
"12,16 : 0.8147"
"16,12 : 0.8147"
"12,17 : 0.922"
"17,12 : 0.922"
"12,18 : 0.3701"
"18,12 : 0.3701"
"12,19 : 0.5558"
"19,12 : 0.5558"
"12,20 : 0.1523"
"20,12 : 0.1523"
"12,21 : 0.1649"
"21,12 : 0.1649"
"12,22 : 0.9902"
"22,12 : 0.9902"
"12,23 : 0.3956"
"23,12 : 0.3956"
"12,24 : 0.7212"
"24,12 : 0.7212"
"12,25 : 0.4837"
"25,12 : 0.4837"
"12,26 : 0.6224"
"26,12 : 0.6224"
"12,27 : 0.5445"
"27,12 : 0.5445"
"12,28 : 0.1503"
"28,12 : 0.1503"
"12,29 : 0.2452"
"29,12 : 0.2452"
"12,30 : 0.3228"
"30,12 : 0.3228"
"12,31 : 0.5391"
"31,12 : 0.5391"
"12,32 : 0.8008"
"32,12 : 0.8008"
"12,33 : 0.3202"
"33,12 : 0.3202"
"12,34 : 0.6657"
"34,12 : 0.6657"
"12,35 : 0.6671"
"35,12 : 0.6671"
"12,36 : 0.7234"
"36,12 : 0.7234"
"12,37 : 0.7094"
"37,12 : 0.7094"
"12,38 : 0.3231"
"38,12 : 0.3231"
"12,39 : 0.1703"
"39,12 : 0.1703"
"12,40 : 0.1942"
"40,12 : 0.1942"
"12,41 : 0.7497"
"41,12 : 0.7497"
"12,42 : 0.1924"
"42,12 : 0.1924"
"12,43 : 0.1304"
"43,12 : 0.1304"
"12,44 : 0.3265"
"44,12 : 0.3265"
"12,45 : 0.5334"
"45,12 : 0.5334"
"12,46 : 0.5412"
"46,12 : 0.5412"
"12,47 : 0.6351"
"47,12 : 0.6351"
"12,48 : 0.6207"
"48,12 : 0.6207"
"12,49 : 0.4177"
"49,12 : 0.4177"
"13,14 : 0.394"
"14,13 : 0.394"
"13,15 : 0.1221"
"15,13 : 0.1221"
"13,16 : 0.4119"
"16,13 : 0.4119"
"13,17 : 0.314"
"17,13 : 0.314"
"13,18 : 0.4494"
"18,13 : 0.4494"
"13,19 : 0.8422"
"19,13 : 0.8422"
"13,20 : 0.5442"
"20,13 : 0.5442"
"13,21 : 0.5187"
"21,13 : 0.5187"
"13,22 : 0.4478"
"22,13 : 0.4478"
"13,23 : 0.3612"
"23,13 : 0.3612"
"13,24 : 0.405"
"24,13 : 0.405"
"13,25 : 0.7916"
"25,13 : 0.7916"
"13,26 : 0.3606"
"26,13 : 0.3606"
"13,27 : 0.2283"
"27,13 : 0.2283"
"13,28 : 0.6986"
"28,13 : 0.6986"
"13,29 : 0.7918"
"29,13 : 0.7918"
"13,30 : 0.5882"
"30,13 : 0.5882"
"13,31 : 0.3256"
"31,13 : 0.3256"
"13,32 : 0.15"
"32,13 : 0.15"
"13,33 : 0.5977"
"33,13 : 0.5977"
"13,34 : 0.247"
"34,13 : 0.247"
"13,35 : 0.9541"
"35,13 : 0.9541"
"13,36 : 0.0922"
"36,13 : 0.0922"
"13,37 : 0.3901"
"37,13 : 0.3901"
"13,38 : 0.6825"
"38,13 : 0.6825"
"13,39 : 0.7803"
"39,13 : 0.7803"
"13,40 : 0.4687"
"40,13 : 0.4687"
"13,41 : 0.2657"
"41,13 : 0.2657"
"13,42 : 0.7515"
"42,13 : 0.7515"
"13,43 : 0.5433"
"43,13 : 0.5433"
"13,44 : 0.4561"
"44,13 : 0.4561"
"13,45 : 0.7128"
"45,13 : 0.7128"
"13,46 : 0.2081"
"46,13 : 0.2081"
"13,47 : 0.17"
"47,13 : 0.17"
"13,48 : 0.1044"
"48,13 : 0.1044"
"13,49 : 0.6351"
"49,13 : 0.6351"
"14,15 : 0.4687"
"15,14 : 0.4687"
"14,16 : 0.13"
"16,14 : 0.13"
"14,17 : 0.3669"
"17,14 : 0.3669"
"14,18 : 0.328"
"18,14 : 0.328"
"14,19 : 0.5731"
"19,14 : 0.5731"
"14,20 : 0.6519"
"20,14 : 0.6519"
"14,21 : 0.6243"
"21,14 : 0.6243"
"14,22 : 0.3437"
"22,14 : 0.3437"
"14,23 : 0.61"
"23,14 : 0.61"
"14,24 : 0.0283"
"24,14 : 0.0283"
"14,25 : 0.5501"
"25,14 : 0.5501"
"14,26 : 0.0721"
"26,14 : 0.0721"
"14,27 : 0.5622"
"27,14 : 0.5622"
"14,28 : 0.8"
"28,14 : 0.8"
"14,29 : 0.908"
"29,14 : 0.908"
"14,30 : 0.4386"
"30,14 : 0.4386"
"14,31 : 0.1612"
"31,14 : 0.1612"
"14,32 : 0.389"
"32,14 : 0.389"
"14,33 : 0.4478"
"33,14 : 0.4478"
"14,34 : 0.1476"
"34,14 : 0.1476"
"14,35 : 0.6597"
"35,14 : 0.6597"
"14,36 : 0.4789"
"36,14 : 0.4789"
"14,37 : 0.769"
"37,14 : 0.769"
"14,38 : 0.8724"
"38,14 : 0.8724"
"14,39 : 0.7272"
"39,14 : 0.7272"
"14,40 : 0.5408"
"40,14 : 0.5408"
"14,41 : 0.6592"
"41,14 : 0.6592"
"14,42 : 0.856"
"42,14 : 0.856"
"14,43 : 0.5664"
"43,14 : 0.5664"
"14,44 : 0.3688"
"44,14 : 0.3688"
"14,45 : 0.4319"
"45,14 : 0.4319"
"14,46 : 0.2402"
"46,14 : 0.2402"
"14,47 : 0.2247"
"47,14 : 0.2247"
"14,48 : 0.478"
"48,14 : 0.478"
"14,49 : 0.4177"
"49,14 : 0.4177"
"15,16 : 0.5109"
"16,15 : 0.5109"
"15,17 : 0.436"
"17,15 : 0.436"
"15,18 : 0.436"
"18,15 : 0.436"
"15,19 : 0.8402"
"19,15 : 0.8402"
"15,20 : 0.4491"
"20,15 : 0.4491"
"15,21 : 0.4258"
"21,15 : 0.4258"
"15,22 : 0.568"
"22,15 : 0.568"
"15,23 : 0.2441"
"23,15 : 0.2441"
"15,24 : 0.4851"
"24,15 : 0.4851"
"15,25 : 0.7824"
"25,15 : 0.7824"
"15,26 : 0.4206"
"26,15 : 0.4206"
"15,27 : 0.1077"
"27,15 : 0.1077"
"15,28 : 0.5977"
"28,15 : 0.5977"
"15,29 : 0.6854"
"29,15 : 0.6854"
"15,30 : 0.5644"
"30,15 : 0.5644"
"15,31 : 0.3624"
"31,15 : 0.3624"
"15,32 : 0.2687"
"32,15 : 0.2687"
"15,33 : 0.5731"
"33,15 : 0.5731"
"15,34 : 0.3306"
"34,15 : 0.3306"
"15,35 : 0.9578"
"35,15 : 0.9578"
"15,36 : 0.1456"
"36,15 : 0.1456"
"15,37 : 0.3008"
"37,15 : 0.3008"
"15,38 : 0.5661"
"38,15 : 0.5661"
"15,39 : 0.7145"
"39,15 : 0.7145"
"15,40 : 0.3901"
"40,15 : 0.3901"
"15,41 : 0.2193"
"41,15 : 0.2193"
"15,42 : 0.6485"
"42,15 : 0.6485"
"15,43 : 0.4717"
"43,15 : 0.4717"
"15,44 : 0.4305"
"44,15 : 0.4305"
"15,45 : 0.7214"
"45,15 : 0.7214"
"15,46 : 0.2417"
"46,15 : 0.2417"
"15,47 : 0.2502"
"47,15 : 0.2502"
"15,48 : 0.04"
"48,15 : 0.04"
"15,49 : 0.628"
"49,15 : 0.628"
"16,17 : 0.2802"
"17,16 : 0.2802"
"16,18 : 0.4549"
"18,16 : 0.4549"
"16,19 : 0.6901"
"19,16 : 0.6901"
"16,20 : 0.7622"
"20,16 : 0.7622"
"16,21 : 0.7341"
"21,16 : 0.7341"
"16,22 : 0.22"
"22,16 : 0.22"
"16,23 : 0.6895"
"23,16 : 0.6895"
"16,24 : 0.1044"
"24,16 : 0.1044"
"16,25 : 0.6727"
"25,16 : 0.6727"
"16,26 : 0.1942"
"26,16 : 0.1942"
"16,27 : 0.614"
"27,16 : 0.614"
"16,28 : 0.9144"
"28,16 : 0.9144"
"16,29 : 1.0218"
"29,16 : 1.0218"
"16,30 : 0.5686"
"30,16 : 0.5686"
"16,31 : 0.2759"
"31,16 : 0.2759"
"16,32 : 0.3578"
"32,16 : 0.3578"
"16,33 : 0.5778"
"33,16 : 0.5778"
"16,34 : 0.1868"
"34,16 : 0.1868"
"16,35 : 0.7679"
"35,16 : 0.7679"
"16,36 : 0.4827"
"36,16 : 0.4827"
"16,37 : 0.8016"
"37,16 : 0.8016"
"16,38 : 0.9725"
"38,16 : 0.9725"
"16,39 : 0.8559"
"39,16 : 0.8559"
"16,40 : 0.653"
"40,16 : 0.653"
"16,41 : 0.6727"
"41,16 : 0.6727"
"16,42 : 0.9708"
"42,16 : 0.9708"
"16,43 : 0.6862"
"43,16 : 0.6862"
"16,44 : 0.4941"
"44,16 : 0.4941"
"16,45 : 0.5501"
"45,16 : 0.5501"
"16,46 : 0.3178"
"46,16 : 0.3178"
"16,47 : 0.2631"
"47,16 : 0.2631"
"16,48 : 0.5101"
"48,16 : 0.5101"
"16,49 : 0.5457"
"49,16 : 0.5457"
"17,18 : 0.6166"
"18,17 : 0.6166"
"17,19 : 0.9356"
"19,17 : 0.9356"
"17,20 : 0.8268"
"20,17 : 0.8268"
"17,21 : 0.7992"
"21,17 : 0.7992"
"17,22 : 0.1603"
"22,17 : 0.1603"
"17,23 : 0.6721"
"23,17 : 0.6721"
"17,24 : 0.3547"
"24,17 : 0.3547"
"17,25 : 0.9055"
"25,17 : 0.9055"
"17,26 : 0.3932"
"26,17 : 0.3932"
"17,27 : 0.5408"
"27,17 : 0.5408"
"17,28 : 0.9848"
"28,17 : 0.9848"
"17,29 : 1.0847"
"29,17 : 1.0847"
"17,30 : 0.7533"
"30,17 : 0.7533"
"17,31 : 0.431"
"31,17 : 0.431"
"17,32 : 0.1746"
"32,17 : 0.1746"
"17,33 : 0.7632"
"33,17 : 0.7632"
"17,34 : 0.2807"
"34,17 : 0.2807"
"17,35 : 1.0262"
"35,17 : 1.0262"
"17,36 : 0.3324"
"36,17 : 0.3324"
"17,37 : 0.6648"
"37,17 : 0.6648"
"17,38 : 0.9904"
"38,17 : 0.9904"
"17,39 : 1.0069"
"39,17 : 1.0069"
"17,40 : 0.7336"
"40,17 : 0.7336"
"17,41 : 0.5099"
"41,17 : 0.5099"
"17,42 : 1.0401"
"42,17 : 1.0401"
"17,43 : 0.7931"
"43,17 : 0.7931"
"17,44 : 0.6433"
"44,17 : 0.6433"
"17,45 : 0.7943"
"45,17 : 0.7943"
"17,46 : 0.3828"
"46,17 : 0.3828"
"17,47 : 0.2879"
"47,17 : 0.2879"
"17,48 : 0.4134"
"48,17 : 0.4134"
"17,49 : 0.7606"
"49,17 : 0.7606"
"18,19 : 0.4046"
"19,18 : 0.4046"
"18,20 : 0.3614"
"20,18 : 0.3614"
"18,21 : 0.3373"
"21,18 : 0.3373"
"18,22 : 0.65"
"22,18 : 0.65"
"18,23 : 0.4272"
"23,18 : 0.4272"
"18,24 : 0.3561"
"24,18 : 0.3561"
"18,25 : 0.3467"
"25,18 : 0.3467"
"18,26 : 0.2608"
"26,18 : 0.2608"
"18,27 : 0.4751"
"27,18 : 0.4751"
"18,28 : 0.4919"
"28,18 : 0.4919"
"18,29 : 0.5994"
"29,18 : 0.5994"
"18,30 : 0.1414"
"30,18 : 0.1414"
"18,31 : 0.1897"
"31,18 : 0.1897"
"18,32 : 0.5445"
"32,18 : 0.5445"
"18,33 : 0.1513"
"33,18 : 0.1513"
"18,34 : 0.3373"
"34,18 : 0.3373"
"18,35 : 0.5235"
"35,18 : 0.5235"
"18,36 : 0.5371"
"36,18 : 0.5371"
"18,37 : 0.6981"
"37,18 : 0.6981"
"18,38 : 0.6002"
"38,18 : 0.6002"
"18,39 : 0.4025"
"39,18 : 0.4025"
"18,40 : 0.2532"
"40,18 : 0.2532"
"18,41 : 0.6544"
"41,18 : 0.6544"
"18,42 : 0.5459"
"42,18 : 0.5459"
"18,43 : 0.2506"
"43,18 : 0.2506"
"18,44 : 0.0447"
"44,18 : 0.0447"
"18,45 : 0.2941"
"45,18 : 0.2941"
"18,46 : 0.2532"
"46,18 : 0.2532"
"18,47 : 0.3401"
"47,18 : 0.3401"
"18,48 : 0.4687"
"48,18 : 0.4687"
"18,49 : 0.1921"
"49,18 : 0.1921"
"19,20 : 0.6485"
"20,19 : 0.6485"
"19,21 : 0.6369"
"21,19 : 0.6369"
"19,22 : 0.9101"
"22,19 : 0.9101"
"19,23 : 0.8045"
"23,19 : 0.8045"
"19,24 : 0.5914"
"24,19 : 0.5914"
"19,25 : 0.0728"
"25,19 : 0.0728"
"19,26 : 0.5434"
"26,19 : 0.5434"
"19,27 : 0.8768"
"27,19 : 0.8768"
"19,28 : 0.7058"
"28,19 : 0.7058"
"19,29 : 0.7906"
"29,19 : 0.7906"
"19,30 : 0.2941"
"30,19 : 0.2941"
"19,31 : 0.5292"
"31,19 : 0.5292"
"19,32 : 0.9118"
"32,19 : 0.9118"
"19,33 : 0.2884"
"33,19 : 0.2884"
"19,34 : 0.6676"
"34,19 : 0.6676"
"19,35 : 0.1221"
"35,19 : 0.1221"
"19,36 : 0.933"
"36,19 : 0.933"
"19,37 : 1.0971"
"37,19 : 1.0971"
"19,38 : 0.8732"
"38,19 : 0.8732"
"19,39 : 0.4428"
"39,19 : 0.4428"
"19,40 : 0.5771"
"40,19 : 0.5771"
"19,41 : 1.0589"
"41,19 : 1.0589"
"19,42 : 0.7417"
"42,19 : 0.7417"
"19,43 : 0.5162"
"43,19 : 0.5162"
"19,44 : 0.4173"
"44,19 : 0.4173"
"19,45 : 0.1414"
"45,19 : 0.1414"
"19,46 : 0.6353"
"46,19 : 0.6353"
"19,47 : 0.7038"
"47,19 : 0.7038"
"19,48 : 0.872"
"48,19 : 0.872"
"19,49 : 0.2126"
"49,19 : 0.2126"
"20,21 : 0.0283"
"21,20 : 0.0283"
"20,22 : 0.9144"
"22,20 : 0.9144"
"20,23 : 0.2452"
"23,20 : 0.2452"
"20,24 : 0.6796"
"24,20 : 0.6796"
"20,25 : 0.5758"
"25,20 : 0.5758"
"20,26 : 0.5798"
"26,20 : 0.5798"
"20,27 : 0.4001"
"27,20 : 0.4001"
"20,28 : 0.1581"
"28,20 : 0.1581"
"20,29 : 0.2617"
"29,20 : 0.2617"
"20,30 : 0.3734"
"30,20 : 0.3734"
"20,31 : 0.4909"
"31,20 : 0.4909"
"20,32 : 0.6894"
"32,20 : 0.6894"
"20,33 : 0.3748"
"33,20 : 0.3748"
"20,34 : 0.594"
"34,20 : 0.594"
"20,35 : 0.7669"
"35,20 : 0.7669"
"20,36 : 0.5944"
"36,20 : 0.5944"
"20,37 : 0.5571"
"37,20 : 0.5571"
"20,38 : 0.2408"
"38,20 : 0.2408"
"20,39 : 0.3191"
"39,20 : 0.3191"
"20,40 : 0.1118"
"40,20 : 0.1118"
"20,41 : 0.603"
"41,20 : 0.603"
"20,42 : 0.214"
"42,20 : 0.214"
"20,43 : 0.1334"
"43,20 : 0.1334"
"20,44 : 0.3178"
"44,20 : 0.3178"
"20,45 : 0.5954"
"45,20 : 0.5954"
"20,46 : 0.4601"
"46,20 : 0.4601"
"20,47 : 0.5482"
"47,20 : 0.5482"
"20,48 : 0.4884"
"48,20 : 0.4884"
"20,49 : 0.4738"
"49,20 : 0.4738"
"21,22 : 0.8862"
"22,21 : 0.8862"
"21,23 : 0.2309"
"23,21 : 0.2309"
"21,24 : 0.6519"
"24,21 : 0.6519"
"21,25 : 0.5646"
"25,21 : 0.5646"
"21,26 : 0.5523"
"26,21 : 0.5523"
"21,27 : 0.3812"
"27,21 : 0.3812"
"21,28 : 0.186"
"28,21 : 0.186"
"21,29 : 0.29"
"29,21 : 0.29"
"21,30 : 0.3569"
"30,21 : 0.3569"
"21,31 : 0.4632"
"31,21 : 0.4632"
"21,32 : 0.6631"
"32,21 : 0.6631"
"21,33 : 0.359"
"33,21 : 0.359"
"21,34 : 0.5657"
"34,21 : 0.5657"
"21,35 : 0.7564"
"35,21 : 0.7564"
"21,36 : 0.5707"
"36,21 : 0.5707"
"21,37 : 0.5463"
"37,21 : 0.5463"
"21,38 : 0.2631"
"38,21 : 0.2631"
"21,39 : 0.3265"
"39,21 : 0.3265"
"21,40 : 0.0854"
"40,21 : 0.0854"
"21,41 : 0.5855"
"41,21 : 0.5855"
"21,42 : 0.2421"
"42,21 : 0.2421"
"21,43 : 0.1208"
"43,21 : 0.1208"
"21,44 : 0.2943"
"44,21 : 0.2943"
"21,45 : 0.5787"
"45,21 : 0.5787"
"21,46 : 0.4319"
"46,21 : 0.4319"
"21,47 : 0.5201"
"47,21 : 0.5201"
"21,48 : 0.4653"
"48,21 : 0.4653"
"21,49 : 0.4571"
"49,21 : 0.4571"
"22,23 : 0.7906"
"23,22 : 0.7906"
"22,24 : 0.3214"
"24,22 : 0.3214"
"22,25 : 0.892"
"25,22 : 0.892"
"22,26 : 0.3956"
"26,22 : 0.3956"
"22,27 : 0.6754"
"27,22 : 0.6754"
"22,28 : 1.0717"
"28,22 : 1.0717"
"22,29 : 1.1759"
"29,22 : 1.1759"
"22,30 : 0.7749"
"30,22 : 0.7749"
"22,31 : 0.461"
"31,22 : 0.461"
"22,32 : 0.3256"
"32,22 : 0.3256"
"22,33 : 0.7845"
"33,22 : 0.7845"
"22,34 : 0.3245"
"34,22 : 0.3245"
"22,35 : 0.9862"
"35,22 : 0.9862"
"22,36 : 0.4827"
"36,22 : 0.4827"
"22,37 : 0.8179"
"37,22 : 0.8179"
"22,38 : 1.0999"
"38,22 : 1.0999"
"22,39 : 1.0519"
"39,22 : 1.0519"
"22,40 : 0.8122"
"40,22 : 0.8122"
"22,41 : 0.6661"
"41,22 : 0.6661"
"22,42 : 1.1281"
"42,22 : 1.1281"
"22,43 : 0.8598"
"43,22 : 0.8598"
"22,44 : 0.6845"
"44,22 : 0.6845"
"22,45 : 0.7701"
"45,22 : 0.7701"
"22,46 : 0.4545"
"46,22 : 0.4545"
"22,47 : 0.3677"
"47,22 : 0.3677"
"22,48 : 0.5515"
"48,22 : 0.5515"
"22,49 : 0.7612"
"49,22 : 0.7612"
"23,24 : 0.6335"
"24,23 : 0.6335"
"23,25 : 0.736"
"25,23 : 0.736"
"23,26 : 0.5445"
"26,23 : 0.5445"
"23,27 : 0.1649"
"27,23 : 0.1649"
"23,28 : 0.3722"
"28,23 : 0.3722"
"23,29 : 0.4492"
"29,23 : 0.4492"
"23,30 : 0.5104"
"30,23 : 0.5104"
"23,31 : 0.461"
"31,23 : 0.461"
"23,32 : 0.5109"
"32,23 : 0.5109"
"23,33 : 0.5161"
"33,23 : 0.5161"
"23,34 : 0.5033"
"34,23 : 0.5033"
"23,35 : 0.9266"
"35,23 : 0.9266"
"23,36 : 0.3847"
"36,23 : 0.3847"
"23,37 : 0.3176"
"37,23 : 0.3176"
"23,38 : 0.322"
"38,23 : 0.322"
"23,39 : 0.5554"
"39,23 : 0.5554"
"23,40 : 0.2421"
"40,23 : 0.2421"
"23,41 : 0.3601"
"41,23 : 0.3601"
"23,42 : 0.4177"
"42,23 : 0.4177"
"23,43 : 0.3245"
"43,23 : 0.3245"
"23,44 : 0.3981"
"44,23 : 0.3981"
"23,45 : 0.7155"
"45,23 : 0.7155"
"23,46 : 0.3736"
"46,23 : 0.3736"
"23,47 : 0.4338"
"47,23 : 0.4338"
"23,48 : 0.2778"
"48,23 : 0.2778"
"23,49 : 0.6003"
"49,23 : 0.6003"
"24,25 : 0.5708"
"25,24 : 0.5708"
"24,26 : 0.1"
"26,24 : 0.1"
"24,27 : 0.5808"
"27,24 : 0.5808"
"24,28 : 0.828"
"28,24 : 0.828"
"24,29 : 0.936"
"29,24 : 0.936"
"24,30 : 0.4652"
"30,24 : 0.4652"
"24,31 : 0.1887"
"31,24 : 0.1887"
"24,32 : 0.3895"
"32,24 : 0.3895"
"24,33 : 0.4742"
"33,24 : 0.4742"
"24,34 : 0.1581"
"34,24 : 0.1581"
"24,35 : 0.6747"
"35,24 : 0.6747"
"24,36 : 0.4875"
"36,24 : 0.4875"
"24,37 : 0.7845"
"37,24 : 0.7845"
"24,38 : 0.899"
"38,24 : 0.899"
"24,39 : 0.7547"
"39,24 : 0.7547"
"24,40 : 0.5686"
"40,24 : 0.5686"
"24,41 : 0.6707"
"41,24 : 0.6707"
"24,42 : 0.8841"
"42,24 : 0.8841"
"24,43 : 0.5946"
"43,24 : 0.5946"
"24,44 : 0.397"
"44,24 : 0.397"
"24,45 : 0.4504"
"45,24 : 0.4504"
"24,46 : 0.2617"
"46,24 : 0.2617"
"24,47 : 0.2377"
"47,24 : 0.2377"
"24,48 : 0.4924"
"48,24 : 0.4924"
"24,49 : 0.4415"
"49,24 : 0.4415"
"25,26 : 0.5124"
"26,25 : 0.5124"
"25,27 : 0.8139"
"27,25 : 0.8139"
"25,28 : 0.6339"
"28,25 : 0.6339"
"25,29 : 0.7201"
"29,25 : 0.7201"
"25,30 : 0.2267"
"30,25 : 0.2267"
"25,31 : 0.4876"
"31,25 : 0.4876"
"25,32 : 0.8698"
"32,25 : 0.8698"
"25,33 : 0.2202"
"33,25 : 0.2202"
"25,34 : 0.6315"
"34,25 : 0.6315"
"25,35 : 0.1924"
"35,25 : 0.1924"
"25,36 : 0.8812"
"36,25 : 0.8812"
"25,37 : 1.0325"
"37,25 : 1.0325"
"25,38 : 0.8005"
"38,25 : 0.8005"
"25,39 : 0.3766"
"39,25 : 0.3766"
"25,40 : 0.5061"
"40,25 : 0.5061"
"25,41 : 1.0"
"41,25 : 1.0"
"25,42 : 0.6707"
"42,25 : 0.6707"
"25,43 : 0.4438"
"43,25 : 0.4438"
"25,44 : 0.3547"
"44,25 : 0.3547"
"25,45 : 0.13"
"45,25 : 0.13"
"25,46 : 0.5869"
"46,25 : 0.5869"
"25,47 : 0.661"
"47,25 : 0.661"
"25,48 : 0.8154"
"48,25 : 0.8154"
"25,49 : 0.1565"
"49,25 : 0.1565"
"26,27 : 0.508"
"27,26 : 0.508"
"26,28 : 0.728"
"28,26 : 0.728"
"26,29 : 0.836"
"29,26 : 0.836"
"26,30 : 0.3795"
"30,26 : 0.3795"
"26,31 : 0.0894"
"31,26 : 0.0894"
"26,32 : 0.3828"
"32,26 : 0.3828"
"26,33 : 0.389"
"33,26 : 0.389"
"26,34 : 0.1304"
"34,26 : 0.1304"
"26,35 : 0.6391"
"35,26 : 0.6391"
"26,36 : 0.45"
"36,26 : 0.45"
"26,37 : 0.7212"
"37,26 : 0.7212"
"26,38 : 0.8011"
"38,26 : 0.8011"
"26,39 : 0.6624"
"39,26 : 0.6624"
"26,40 : 0.4687"
"40,26 : 0.4687"
"26,41 : 0.6218"
"41,26 : 0.6218"
"26,42 : 0.7841"
"42,26 : 0.7841"
"26,43 : 0.4952"
"43,26 : 0.4952"
"26,44 : 0.3"
"44,26 : 0.3"
"26,45 : 0.4026"
"45,26 : 0.4026"
"26,46 : 0.1825"
"46,26 : 0.1825"
"26,47 : 0.1921"
"47,26 : 0.1921"
"26,48 : 0.4346"
"48,26 : 0.4346"
"26,49 : 0.3705"
"49,26 : 0.3705"
"27,28 : 0.536"
"28,27 : 0.536"
"27,29 : 0.614"
"29,27 : 0.614"
"27,30 : 0.589"
"30,27 : 0.589"
"27,31 : 0.4397"
"31,27 : 0.4397"
"27,32 : 0.3701"
"32,27 : 0.3701"
"27,33 : 0.5967"
"33,27 : 0.5967"
"27,34 : 0.4305"
"34,27 : 0.4305"
"27,35 : 0.9972"
"35,27 : 0.9972"
"27,36 : 0.228"
"36,27 : 0.228"
"27,37 : 0.2247"
"37,27 : 0.2247"
"27,38 : 0.4789"
"38,27 : 0.4789"
"27,39 : 0.6938"
"39,27 : 0.6938"
"27,40 : 0.3669"
"40,27 : 0.3669"
"27,41 : 0.2062"
"41,27 : 0.2062"
"27,42 : 0.5825"
"42,27 : 0.5825"
"27,43 : 0.4522"
"43,27 : 0.4522"
"27,44 : 0.4597"
"44,27 : 0.4597"
"27,45 : 0.7684"
"45,27 : 0.7684"
"27,46 : 0.3256"
"46,27 : 0.3256"
"27,47 : 0.3513"
"47,27 : 0.3513"
"27,48 : 0.1281"
"48,27 : 0.1281"
"27,49 : 0.6648"
"49,27 : 0.6648"
"28,29 : 0.1082"
"29,28 : 0.1082"
"28,30 : 0.4669"
"30,28 : 0.4669"
"28,31 : 0.6403"
"31,28 : 0.6403"
"28,32 : 0.8453"
"32,28 : 0.8453"
"28,33 : 0.4653"
"33,28 : 0.4653"
"28,34 : 0.7501"
"34,28 : 0.7501"
"28,35 : 0.8158"
"35,28 : 0.8158"
"28,36 : 0.7433"
"36,28 : 0.7433"
"28,37 : 0.6592"
"37,28 : 0.6592"
"28,38 : 0.186"
"38,28 : 0.186"
"28,39 : 0.2953"
"39,28 : 0.2953"
"28,40 : 0.2617"
"40,28 : 0.2617"
"28,41 : 0.7306"
"41,28 : 0.7306"
"28,42 : 0.0566"
"42,28 : 0.0566"
"28,43 : 0.2417"
"43,28 : 0.2417"
"28,44 : 0.4472"
"44,28 : 0.4472"
"28,45 : 0.6818"
"45,28 : 0.6818"
"28,46 : 0.6172"
"46,28 : 0.6172"
"28,47 : 0.706"
"47,28 : 0.706"
"28,48 : 0.636"
"48,28 : 0.636"
"28,49 : 0.5644"
"49,28 : 0.5644"
"29,30 : 0.5675"
"30,29 : 0.5675"
"29,31 : 0.7481"
"31,29 : 0.7481"
"29,32 : 0.9402"
"32,29 : 0.9402"
"29,33 : 0.5652"
"33,29 : 0.5652"
"29,34 : 0.8556"
"34,29 : 0.8556"
"29,35 : 0.8956"
"35,29 : 0.8956"
"29,36 : 0.8301"
"36,29 : 0.8301"
"29,37 : 0.7103"
"37,29 : 0.7103"
"29,38 : 0.1803"
"38,29 : 0.1803"
"29,39 : 0.359"
"39,29 : 0.359"
"29,40 : 0.3688"
"40,29 : 0.3688"
"29,41 : 0.7991"
"41,29 : 0.7991"
"29,42 : 0.0539"
"42,29 : 0.0539"
"29,43 : 0.3489"
"43,29 : 0.3489"
"29,44 : 0.5547"
"44,29 : 0.5547"
"29,45 : 0.7778"
"45,29 : 0.7778"
"29,46 : 0.7218"
"46,29 : 0.7218"
"29,47 : 0.8092"
"47,29 : 0.8092"
"29,48 : 0.7224"
"48,29 : 0.7224"
"29,49 : 0.6629"
"49,29 : 0.6629"
"30,31 : 0.3225"
"31,30 : 0.3225"
"30,32 : 0.6859"
"32,30 : 0.6859"
"30,33 : 0.01"
"33,30 : 0.01"
"30,34 : 0.4727"
"34,30 : 0.4727"
"30,35 : 0.4162"
"35,30 : 0.4162"
"30,36 : 0.6742"
"36,30 : 0.6742"
"30,37 : 0.8061"
"37,30 : 0.8061"
"30,38 : 0.6107"
"38,30 : 0.6107"
"30,39 : 0.2973"
"39,30 : 0.2973"
"30,40 : 0.2879"
"40,30 : 0.2879"
"30,41 : 0.7794"
"41,30 : 0.7794"
"30,42 : 0.5142"
"42,30 : 0.5142"
"30,43 : 0.2408"
"43,30 : 0.2408"
"30,44 : 0.1342"
"44,30 : 0.1342"
"30,45 : 0.222"
"45,30 : 0.222"
"30,46 : 0.3946"
"46,30 : 0.3946"
"30,47 : 0.4809"
"47,30 : 0.4809"
"30,48 : 0.5994"
"48,30 : 0.5994"
"30,49 : 0.1005"
"49,30 : 0.1005"
"31,32 : 0.3828"
"32,31 : 0.3828"
"31,33 : 0.3324"
"33,31 : 0.3324"
"31,34 : 0.1503"
"34,31 : 0.1503"
"31,35 : 0.6353"
"35,31 : 0.6353"
"31,36 : 0.4177"
"36,31 : 0.4177"
"31,37 : 0.6592"
"37,31 : 0.6592"
"31,38 : 0.7118"
"38,31 : 0.7118"
"31,39 : 0.5909"
"39,31 : 0.5909"
"31,40 : 0.3801"
"40,31 : 0.3801"
"31,41 : 0.5743"
"41,31 : 0.5743"
"31,42 : 0.6966"
"42,31 : 0.6966"
"31,43 : 0.4104"
"43,31 : 0.4104"
"31,44 : 0.2236"
"44,31 : 0.2236"
"31,45 : 0.3936"
"45,31 : 0.3936"
"31,46 : 0.1221"
"46,31 : 0.1221"
"31,47 : 0.1746"
"47,31 : 0.1746"
"31,48 : 0.3828"
"48,31 : 0.3828"
"31,49 : 0.3354"
"49,31 : 0.3354"
"32,33 : 0.6958"
"33,32 : 0.6958"
"32,34 : 0.2524"
"34,32 : 0.2524"
"32,35 : 1.0155"
"35,32 : 1.0155"
"32,36 : 0.1581"
"36,32 : 0.1581"
"32,37 : 0.4924"
"37,32 : 0.4924"
"32,38 : 0.8324"
"38,32 : 0.8324"
"32,39 : 0.9067"
"39,32 : 0.9067"
"32,40 : 0.6073"
"40,32 : 0.6073"
"32,41 : 0.3413"
"41,32 : 0.3413"
"32,42 : 0.8989"
"42,32 : 0.8989"
"32,43 : 0.6768"
"43,32 : 0.6768"
"32,44 : 0.5608"
"44,32 : 0.5608"
"32,45 : 0.7747"
"45,32 : 0.7747"
"32,46 : 0.2915"
"46,32 : 0.2915"
"32,47 : 0.2088"
"47,32 : 0.2088"
"32,48 : 0.2421"
"48,32 : 0.2421"
"32,49 : 0.7157"
"49,32 : 0.7157"
"33,34 : 0.4826"
"34,33 : 0.4826"
"33,35 : 0.4105"
"35,33 : 0.4105"
"33,36 : 0.6835"
"36,33 : 0.6835"
"33,37 : 0.8132"
"37,33 : 0.8132"
"33,38 : 0.6113"
"38,33 : 0.6113"
"33,39 : 0.29"
"39,33 : 0.29"
"33,40 : 0.2915"
"40,33 : 0.2915"
"33,41 : 0.7877"
"41,33 : 0.7877"
"33,42 : 0.512"
"42,33 : 0.512"
"33,43 : 0.2419"
"43,33 : 0.2419"
"33,44 : 0.1432"
"44,33 : 0.1432"
"33,45 : 0.2209"
"45,33 : 0.2209"
"33,46 : 0.4045"
"46,33 : 0.4045"
"33,47 : 0.4909"
"47,33 : 0.4909"
"33,48 : 0.6083"
"48,33 : 0.6083"
"33,49 : 0.1"
"49,33 : 0.1"
"34,35 : 0.7669"
"35,34 : 0.7669"
"34,36 : 0.3312"
"36,34 : 0.3312"
"34,37 : 0.628"
"37,34 : 0.628"
"34,38 : 0.7932"
"38,34 : 0.7932"
"34,39 : 0.7339"
"39,34 : 0.7339"
"34,40 : 0.4892"
"40,34 : 0.4892"
"34,41 : 0.5126"
"41,34 : 0.5126"
"34,42 : 0.8066"
"42,34 : 0.8066"
"34,43 : 0.5354"
"43,34 : 0.5354"
"34,44 : 0.3669"
"44,34 : 0.3669"
"34,45 : 0.5281"
"45,34 : 0.5281"
"34,46 : 0.136"
"46,34 : 0.136"
"34,47 : 0.0806"
"47,34 : 0.0806"
"34,48 : 0.3354"
"48,34 : 0.3354"
"34,49 : 0.4826"
"49,34 : 0.4826"
"35,36 : 1.0456"
"36,35 : 1.0456"
"35,37 : 1.2183"
"37,35 : 1.2183"
"35,38 : 0.9876"
"38,35 : 0.9876"
"35,39 : 0.5404"
"39,35 : 0.5404"
"35,40 : 0.6984"
"40,35 : 0.6984"
"35,41 : 1.1769"
"41,35 : 1.1769"
"35,42 : 0.8485"
"42,35 : 0.8485"
"35,43 : 0.6356"
"43,35 : 0.6356"
"35,44 : 0.5381"
"44,35 : 0.5381"
"35,45 : 0.2419"
"45,35 : 0.2419"
"35,46 : 0.7463"
"46,35 : 0.7463"
"35,47 : 0.8095"
"47,35 : 0.8095"
"35,48 : 0.9886"
"48,35 : 0.9886"
"35,49 : 0.3324"
"49,35 : 0.3324"
"36,37 : 0.3354"
"37,36 : 0.3354"
"36,38 : 0.7049"
"38,36 : 0.7049"
"36,39 : 0.8509"
"39,36 : 0.8509"
"36,40 : 0.5308"
"40,36 : 0.5308"
"36,41 : 0.191"
"41,36 : 0.191"
"36,42 : 0.7938"
"42,36 : 0.7938"
"36,43 : 0.61"
"43,36 : 0.61"
"36,44 : 0.5408"
"44,36 : 0.5408"
"36,45 : 0.8045"
"45,36 : 0.8045"
"36,46 : 0.3"
"46,36 : 0.3"
"36,47 : 0.2581"
"47,36 : 0.2581"
"36,48 : 0.1077"
"48,36 : 0.1077"
"36,49 : 0.7247"
"49,36 : 0.7247"
"37,38 : 0.5415"
"38,37 : 0.5415"
"37,39 : 0.8724"
"39,37 : 0.8724"
"37,40 : 0.5576"
"40,37 : 0.5576"
"37,41 : 0.1612"
"41,37 : 0.1612"
"37,42 : 0.6935"
"42,37 : 0.6935"
"37,43 : 0.6414"
"43,37 : 0.6414"
"37,44 : 0.6801"
"44,37 : 0.6801"
"37,45 : 0.992"
"45,37 : 0.992"
"37,46 : 0.5408"
"46,37 : 0.5408"
"37,47 : 0.5474"
"47,37 : 0.5474"
"37,48 : 0.2927"
"48,37 : 0.2927"
"37,49 : 0.8862"
"49,37 : 0.8862"
"38,39 : 0.4802"
"39,38 : 0.4802"
"38,40 : 0.3471"
"40,38 : 0.3471"
"38,41 : 0.6456"
"41,38 : 0.6456"
"38,42 : 0.186"
"42,38 : 0.186"
"38,43 : 0.3701"
"43,38 : 0.3701"
"38,44 : 0.5573"
"44,38 : 0.5573"
"38,45 : 0.8322"
"45,38 : 0.8322"
"38,46 : 0.6573"
"46,38 : 0.6573"
"38,47 : 0.7341"
"47,38 : 0.7341"
"38,48 : 0.5991"
"48,38 : 0.5991"
"38,49 : 0.7111"
"49,38 : 0.7111"
"39,40 : 0.3276"
"40,39 : 0.3276"
"39,41 : 0.8999"
"41,39 : 0.8999"
"39,42 : 0.3162"
"42,39 : 0.3162"
"39,43 : 0.2433"
"43,39 : 0.2433"
"39,44 : 0.3677"
"44,39 : 0.3677"
"39,45 : 0.461"
"45,39 : 0.461"
"39,46 : 0.6259"
"46,39 : 0.6259"
"39,47 : 0.7203"
"47,39 : 0.7203"
"39,48 : 0.7543"
"48,39 : 0.7543"
"39,49 : 0.3662"
"49,39 : 0.3662"
"40,41 : 0.5728"
"41,40 : 0.5728"
"40,42 : 0.3183"
"42,40 : 0.3183"
"40,43 : 0.0854"
"43,40 : 0.0854"
"40,44 : 0.211"
"44,40 : 0.211"
"40,45 : 0.507"
"45,40 : 0.507"
"40,46 : 0.3581"
"46,40 : 0.3581"
"40,47 : 0.4494"
"47,40 : 0.4494"
"40,48 : 0.4301"
"48,40 : 0.4301"
"40,49 : 0.386"
"49,40 : 0.386"
"41,42 : 0.7732"
"42,41 : 0.7732"
"41,43 : 0.658"
"43,41 : 0.658"
"41,44 : 0.6464"
"44,41 : 0.6464"
"41,45 : 0.9407"
"45,41 : 0.9407"
"41,46 : 0.4522"
"46,41 : 0.4522"
"41,47 : 0.4346"
"47,41 : 0.4346"
"41,48 : 0.1921"
"48,41 : 0.1921"
"41,49 : 0.8465"
"49,41 : 0.8465"
"42,43 : 0.2953"
"43,42 : 0.2953"
"42,44 : 0.5012"
"44,42 : 0.5012"
"42,45 : 0.7256"
"45,42 : 0.7256"
"42,46 : 0.6736"
"46,42 : 0.6736"
"42,47 : 0.7622"
"47,42 : 0.7622"
"42,48 : 0.6862"
"48,42 : 0.6862"
