x,y
0.33,0.11
0.3,0.12
0.96,0.22
0.61,0.02
0.1,0.6
0.51,0.66
0.45,0.15
0.37,0.27
0.07,0.54
0.48,0.42
0.11,0.27
0.36,0.61
0.37,0.08
0.91,0.12
0.38,0.64
0.48,0.49
0.92,0.39
0.16,0.92
0.03,0.02
0.6,0.75
0.9,0.92
0.43,0.21
0.61,0.99
0.56,0.12
0.42,0.06
0.28,0.81
0.65,0.53
0.95,0.84
0.06,0.2
0.12,0.76
0.42,0.3
0.33,0.11
0.98,0.17
0.06,0.12
0.05,0.1
0.08,0.75
0.51,0.48
0.09,0.85
0.88,0.2
0.24,0.79
0.8,0.8
0.32,0.15
0.95,0.27
0.54,0.43
0.11,0.21
0.54,0.61
0.13,0.26
0.4,0.98
0.81,0.75
0.13,0.97

Distanze
"0,1 : 0.0316"
"1,0 : 0.0316"
"0,2 : 0.6395"
"2,0 : 0.6395"
"0,3 : 0.2941"
"3,0 : 0.2941"
"0,4 : 0.5413"
"4,0 : 0.5413"
"0,5 : 0.5787"
"5,0 : 0.5787"
"0,6 : 0.1265"
"6,0 : 0.1265"
"0,7 : 0.1649"
"7,0 : 0.1649"
"0,8 : 0.5025"
"8,0 : 0.5025"
"0,9 : 0.3444"
"9,0 : 0.3444"
"0,10 : 0.272"
"10,0 : 0.272"
"0,11 : 0.5009"
"11,0 : 0.5009"
"0,12 : 0.05"
"12,0 : 0.05"
"0,13 : 0.5801"
"13,0 : 0.5801"
"0,14 : 0.5324"
"14,0 : 0.5324"
"0,15 : 0.4085"
"15,0 : 0.4085"
"0,16 : 0.6531"
"16,0 : 0.6531"
"0,17 : 0.8276"
"17,0 : 0.8276"
"0,18 : 0.3132"
"18,0 : 0.3132"
"0,19 : 0.6946"
"19,0 : 0.6946"
"0,20 : 0.9905"
"20,0 : 0.9905"
"0,21 : 0.1414"
"21,0 : 0.1414"
"0,22 : 0.9235"
"22,0 : 0.9235"
"0,23 : 0.2302"
"23,0 : 0.2302"
"0,24 : 0.103"
"24,0 : 0.103"
"0,25 : 0.7018"
"25,0 : 0.7018"
"0,26 : 0.528"
"26,0 : 0.528"
"0,27 : 0.9578"
"27,0 : 0.9578"
"0,28 : 0.2846"
"28,0 : 0.2846"
"0,29 : 0.6831"
"29,0 : 0.6831"
"0,30 : 0.2102"
"30,0 : 0.2102"
"0,31 : 0.0"
"31,0 : 0.0"
"0,32 : 0.6528"
"32,0 : 0.6528"
"0,33 : 0.2702"
"33,0 : 0.2702"
"0,34 : 0.2802"
"34,0 : 0.2802"
"0,35 : 0.6871"
"35,0 : 0.6871"
"0,36 : 0.4115"
"36,0 : 0.4115"
"0,37 : 0.7779"
"37,0 : 0.7779"
"0,38 : 0.5573"
"38,0 : 0.5573"
"0,39 : 0.6859"
"39,0 : 0.6859"
"0,40 : 0.8349"
"40,0 : 0.8349"
"0,41 : 0.0412"
"41,0 : 0.0412"
"0,42 : 0.6403"
"42,0 : 0.6403"
"0,43 : 0.3828"
"43,0 : 0.3828"
"0,44 : 0.2417"
"44,0 : 0.2417"
"0,45 : 0.5423"
"45,0 : 0.5423"
"0,46 : 0.25"
"46,0 : 0.25"
"0,47 : 0.8728"
"47,0 : 0.8728"
"0,48 : 0.8"
"48,0 : 0.8"
"0,49 : 0.8829"
"49,0 : 0.8829"
"1,2 : 0.6675"
"2,1 : 0.6675"
"1,3 : 0.3257"
"3,1 : 0.3257"
"1,4 : 0.52"
"4,1 : 0.52"
"1,5 : 0.5794"
"5,1 : 0.5794"
"1,6 : 0.153"
"6,1 : 0.153"
"1,7 : 0.1655"
"7,1 : 0.1655"
"1,8 : 0.4789"
"8,1 : 0.4789"
"1,9 : 0.3499"
"9,1 : 0.3499"
"1,10 : 0.2421"
"10,1 : 0.2421"
"1,11 : 0.4937"
"11,1 : 0.4937"
"1,12 : 0.0806"
"12,1 : 0.0806"
"1,13 : 0.61"
"13,1 : 0.61"
"1,14 : 0.5261"
"14,1 : 0.5261"
"1,15 : 0.4115"
"15,1 : 0.4115"
"1,16 : 0.6762"
"16,1 : 0.6762"
"1,17 : 0.8122"
"17,1 : 0.8122"
"1,18 : 0.2879"
"18,1 : 0.2879"
"1,19 : 0.6978"
"19,1 : 0.6978"
"1,20 : 1.0"
"20,1 : 1.0"
"1,21 : 0.1581"
"21,1 : 0.1581"
"1,22 : 0.9236"
"22,1 : 0.9236"
"1,23 : 0.26"
"23,1 : 0.26"
"1,24 : 0.1342"
"24,1 : 0.1342"
"1,25 : 0.6903"
"25,1 : 0.6903"
"1,26 : 0.5391"
"26,1 : 0.5391"
"1,27 : 0.97"
"27,1 : 0.97"
"1,28 : 0.253"
"28,1 : 0.253"
"1,29 : 0.6648"
"29,1 : 0.6648"
"1,30 : 0.2163"
"30,1 : 0.2163"
"1,31 : 0.0316"
"31,1 : 0.0316"
"1,32 : 0.6818"
"32,1 : 0.6818"
"1,33 : 0.24"
"33,1 : 0.24"
"1,34 : 0.2508"
"34,1 : 0.2508"
"1,35 : 0.6673"
"35,1 : 0.6673"
"1,36 : 0.4168"
"36,1 : 0.4168"
"1,37 : 0.7596"
"37,1 : 0.7596"
"1,38 : 0.5855"
"38,1 : 0.5855"
"1,39 : 0.6727"
"39,1 : 0.6727"
"1,40 : 0.844"
"40,1 : 0.844"
"1,41 : 0.0361"
"41,1 : 0.0361"
"1,42 : 0.6671"
"42,1 : 0.6671"
"1,43 : 0.392"
"43,1 : 0.392"
"1,44 : 0.2102"
"44,1 : 0.2102"
"1,45 : 0.5456"
"45,1 : 0.5456"
"1,46 : 0.2202"
"46,1 : 0.2202"
"1,47 : 0.8658"
"47,1 : 0.8658"
"1,48 : 0.8106"
"48,1 : 0.8106"
"1,49 : 0.8668"
"49,1 : 0.8668"
"2,3 : 0.4031"
"3,2 : 0.4031"
"2,4 : 0.9402"
"4,2 : 0.9402"
"2,5 : 0.6294"
"5,2 : 0.6294"
"2,6 : 0.5148"
"6,2 : 0.5148"
"2,7 : 0.5921"
"7,2 : 0.5921"
"2,8 : 0.9458"
"8,2 : 0.9458"
"2,9 : 0.52"
"9,2 : 0.52"
"2,10 : 0.8515"
"10,2 : 0.8515"
"2,11 : 0.7156"
"11,2 : 0.7156"
"2,12 : 0.6064"
"12,2 : 0.6064"
"2,13 : 0.1118"
"13,2 : 0.1118"
"2,14 : 0.7161"
"14,2 : 0.7161"
"2,15 : 0.5507"
"15,2 : 0.5507"
"2,16 : 0.1746"
"16,2 : 0.1746"
"2,17 : 1.063"
"17,2 : 1.063"
"2,18 : 0.9513"
"18,2 : 0.9513"
"2,19 : 0.6407"
"19,2 : 0.6407"
"2,20 : 0.7026"
"20,2 : 0.7026"
"2,21 : 0.5301"
"21,2 : 0.5301"
"2,22 : 0.8458"
"22,2 : 0.8458"
"2,23 : 0.4123"
"23,2 : 0.4123"
"2,24 : 0.5632"
"24,2 : 0.5632"
"2,25 : 0.9003"
"25,2 : 0.9003"
"2,26 : 0.4384"
"26,2 : 0.4384"
"2,27 : 0.6201"
"27,2 : 0.6201"
"2,28 : 0.9002"
"28,2 : 0.9002"
"2,29 : 0.9986"
"29,2 : 0.9986"
"2,30 : 0.5459"
"30,2 : 0.5459"
"2,31 : 0.6395"
"31,2 : 0.6395"
"2,32 : 0.0539"
"32,2 : 0.0539"
"2,33 : 0.9055"
"33,2 : 0.9055"
"2,34 : 0.9179"
"34,2 : 0.9179"
"2,35 : 1.0273"
"35,2 : 1.0273"
"2,36 : 0.5197"
"36,2 : 0.5197"
"2,37 : 1.0742"
"37,2 : 1.0742"
"2,38 : 0.0825"
"38,2 : 0.0825"
"2,39 : 0.9183"
"39,2 : 0.9183"
"2,40 : 0.6017"
"40,2 : 0.6017"
"2,41 : 0.6438"
"41,2 : 0.6438"
"2,42 : 0.051"
"42,2 : 0.051"
"2,43 : 0.4696"
"43,2 : 0.4696"
"2,44 : 0.8501"
"44,2 : 0.8501"
"2,45 : 0.5731"
"45,2 : 0.5731"
"2,46 : 0.831"
"46,2 : 0.831"
"2,47 : 0.944"
"47,2 : 0.944"
"2,48 : 0.5508"
"48,2 : 0.5508"
"2,49 : 1.1187"
"49,2 : 1.1187"
"3,4 : 0.7723"
"4,3 : 0.7723"
"3,5 : 0.6478"
"5,3 : 0.6478"
"3,6 : 0.2062"
"6,3 : 0.2062"
"3,7 : 0.3466"
"7,3 : 0.3466"
"3,8 : 0.7497"
"8,3 : 0.7497"
"3,9 : 0.4206"
"9,3 : 0.4206"
"3,10 : 0.559"
"10,3 : 0.559"
"3,11 : 0.6408"
"11,3 : 0.6408"
"3,12 : 0.2474"
"12,3 : 0.2474"
"3,13 : 0.3162"
"13,3 : 0.3162"
"3,14 : 0.6613"
"14,3 : 0.6613"
"3,15 : 0.4876"
"15,3 : 0.4876"
"3,16 : 0.4827"
"16,3 : 0.4827"
"3,17 : 1.0062"
"17,3 : 1.0062"
"3,18 : 0.58"
"18,3 : 0.58"
"3,19 : 0.7301"
"19,3 : 0.7301"
"3,20 : 0.9456"
"20,3 : 0.9456"
"3,21 : 0.2617"
"21,3 : 0.2617"
"3,22 : 0.97"
"22,3 : 0.97"
"3,23 : 0.1118"
"23,3 : 0.1118"
"3,24 : 0.1942"
"24,3 : 0.1942"
"3,25 : 0.8562"
"25,3 : 0.8562"
"3,26 : 0.5116"
"26,3 : 0.5116"
"3,27 : 0.8877"
"27,3 : 0.8877"
"3,28 : 0.5787"
"28,3 : 0.5787"
"3,29 : 0.8875"
"29,3 : 0.8875"
"3,30 : 0.3384"
"30,3 : 0.3384"
"3,31 : 0.2941"
"31,3 : 0.2941"
"3,32 : 0.3992"
"32,3 : 0.3992"
"3,33 : 0.559"
"33,3 : 0.559"
"3,34 : 0.5657"
"34,3 : 0.5657"
"3,35 : 0.9021"
"35,3 : 0.9021"
"3,36 : 0.4707"
"36,3 : 0.4707"
"3,37 : 0.9794"
"37,3 : 0.9794"
"3,38 : 0.3245"
"38,3 : 0.3245"
"3,39 : 0.8543"
"39,3 : 0.8543"
"3,40 : 0.8028"
"40,3 : 0.8028"
"3,41 : 0.3178"
"41,3 : 0.3178"
"3,42 : 0.422"
"42,3 : 0.422"
"3,43 : 0.4159"
"43,3 : 0.4159"
"3,44 : 0.5349"
"44,3 : 0.5349"
"3,45 : 0.5941"
"45,3 : 0.5941"
"3,46 : 0.5367"
"46,3 : 0.5367"
"3,47 : 0.9827"
"47,3 : 0.9827"
"3,48 : 0.7569"
"48,3 : 0.7569"
"3,49 : 1.0644"
"49,3 : 1.0644"
"4,5 : 0.4144"
"5,4 : 0.4144"
"4,6 : 0.5701"
"6,4 : 0.5701"
"4,7 : 0.4264"
"7,4 : 0.4264"
"4,8 : 0.0671"
"8,4 : 0.0671"
"4,9 : 0.4205"
"9,4 : 0.4205"
"4,10 : 0.3302"
"10,4 : 0.3302"
"4,11 : 0.2602"
"11,4 : 0.2602"
"4,12 : 0.5859"
"12,4 : 0.5859"
"4,13 : 0.9415"
"13,4 : 0.9415"
"4,14 : 0.2828"
"14,4 : 0.2828"
"4,15 : 0.3956"
"15,4 : 0.3956"
"4,16 : 0.8465"
"16,4 : 0.8465"
"4,17 : 0.3256"
"17,4 : 0.3256"
"4,18 : 0.5842"
"18,4 : 0.5842"
"4,19 : 0.522"
"19,4 : 0.522"
"4,20 : 0.8616"
"20,4 : 0.8616"
"4,21 : 0.5109"
"21,4 : 0.5109"
"4,22 : 0.642"
"22,4 : 0.642"
"4,23 : 0.6648"
"23,4 : 0.6648"
"4,24 : 0.6277"
"24,4 : 0.6277"
"4,25 : 0.2766"
"25,4 : 0.2766"
"4,26 : 0.5544"
"26,4 : 0.5544"
"4,27 : 0.8832"
"27,4 : 0.8832"
"4,28 : 0.402"
"28,4 : 0.402"
"4,29 : 0.1612"
"29,4 : 0.1612"
"4,30 : 0.4386"
"30,4 : 0.4386"
"4,31 : 0.5413"
"31,4 : 0.5413"
"4,32 : 0.9794"
"32,4 : 0.9794"
"4,33 : 0.4817"
"33,4 : 0.4817"
"4,34 : 0.5025"
"34,4 : 0.5025"
"4,35 : 0.1513"
"35,4 : 0.1513"
"4,36 : 0.4272"
"36,4 : 0.4272"
"4,37 : 0.2502"
"37,4 : 0.2502"
"4,38 : 0.8766"
"38,4 : 0.8766"
"4,39 : 0.236"
"39,4 : 0.236"
"4,40 : 0.728"
"40,4 : 0.728"
"4,41 : 0.5009"
"41,4 : 0.5009"
"4,42 : 0.9118"
"42,4 : 0.9118"
"4,43 : 0.4717"
"43,4 : 0.4717"
"4,44 : 0.3901"
"44,4 : 0.3901"
"4,45 : 0.4401"
"45,4 : 0.4401"
"4,46 : 0.3413"
"46,4 : 0.3413"
"4,47 : 0.4841"
"47,4 : 0.4841"
"4,48 : 0.7257"
"48,4 : 0.7257"
"4,49 : 0.3712"
"49,4 : 0.3712"
"5,6 : 0.5135"
"6,5 : 0.5135"
"5,7 : 0.4144"
"7,5 : 0.4144"
"5,8 : 0.4561"
"8,5 : 0.4561"
"5,9 : 0.2419"
"9,5 : 0.2419"
"5,10 : 0.5587"
"10,5 : 0.5587"
"5,11 : 0.1581"
"11,5 : 0.1581"
"5,12 : 0.5967"
"12,5 : 0.5967"
"5,13 : 0.672"
"13,5 : 0.672"
"5,14 : 0.1315"
"14,5 : 0.1315"
"5,15 : 0.1726"
"15,5 : 0.1726"
"5,16 : 0.4909"
"16,5 : 0.4909"
"5,17 : 0.436"
"17,5 : 0.436"
"5,18 : 0.8"
"18,5 : 0.8"
"5,19 : 0.1273"
"19,5 : 0.1273"
"5,20 : 0.4687"
"20,5 : 0.4687"
"5,21 : 0.4571"
"21,5 : 0.4571"
"5,22 : 0.3448"
"22,5 : 0.3448"
"5,23 : 0.5423"
"23,5 : 0.5423"
"5,24 : 0.6067"
"24,5 : 0.6067"
"5,25 : 0.2746"
"25,5 : 0.2746"
"5,26 : 0.191"
"26,5 : 0.191"
"5,27 : 0.4754"
"27,5 : 0.4754"
"5,28 : 0.6435"
"28,5 : 0.6435"
"5,29 : 0.4026"
"29,5 : 0.4026"
"5,30 : 0.3711"
"30,5 : 0.3711"
"5,31 : 0.5787"
"31,5 : 0.5787"
"5,32 : 0.679"
"32,5 : 0.679"
"5,33 : 0.7029"
"33,5 : 0.7029"
"5,34 : 0.7247"
"34,5 : 0.7247"
"5,35 : 0.4393"
"35,5 : 0.4393"
"5,36 : 0.18"
"36,5 : 0.18"
"5,37 : 0.461"
"37,5 : 0.461"
"5,38 : 0.5903"
"38,5 : 0.5903"
"5,39 : 0.2997"
"39,5 : 0.2997"
"5,40 : 0.322"
"40,5 : 0.322"
"5,41 : 0.5442"
"41,5 : 0.5442"
"5,42 : 0.588"
"42,5 : 0.588"
"5,43 : 0.2319"
"43,5 : 0.2319"
"5,44 : 0.6021"
"44,5 : 0.6021"
"5,45 : 0.0583"
"45,5 : 0.0583"
"5,46 : 0.5517"
"46,5 : 0.5517"
"5,47 : 0.3384"
"47,5 : 0.3384"
"5,48 : 0.3132"
"48,5 : 0.3132"
"5,49 : 0.4904"
"49,5 : 0.4904"
"6,7 : 0.1442"
"7,6 : 0.1442"
"6,8 : 0.5445"
"8,6 : 0.5445"
"6,9 : 0.2717"
"9,6 : 0.2717"
"6,10 : 0.3606"
"10,6 : 0.3606"
"6,11 : 0.4687"
"11,6 : 0.4687"
"6,12 : 0.1063"
"12,6 : 0.1063"
"6,13 : 0.461"
"13,6 : 0.461"
"6,14 : 0.495"
"14,6 : 0.495"
"6,15 : 0.3413"
"15,6 : 0.3413"
"6,16 : 0.5277"
"16,6 : 0.5277"
"6,17 : 0.8228"
"17,6 : 0.8228"
"6,18 : 0.4397"
"18,6 : 0.4397"
"6,19 : 0.6185"
"19,6 : 0.6185"
"6,20 : 0.8919"
"20,6 : 0.8919"
"6,21 : 0.0632"
"21,6 : 0.0632"
"6,22 : 0.8551"
"22,6 : 0.8551"
"6,23 : 0.114"
"23,6 : 0.114"
"6,24 : 0.0949"
"24,6 : 0.0949"
"6,25 : 0.6815"
"25,6 : 0.6815"
"6,26 : 0.4294"
"26,6 : 0.4294"
"6,27 : 0.8521"
"27,6 : 0.8521"
"6,28 : 0.3932"
"28,6 : 0.3932"
"6,29 : 0.6935"
"29,6 : 0.6935"
"6,30 : 0.153"
"30,6 : 0.153"
"6,31 : 0.1265"
"31,6 : 0.1265"
"6,32 : 0.5304"
"32,6 : 0.5304"
"6,33 : 0.3912"
"33,6 : 0.3912"
"6,34 : 0.4031"
"34,6 : 0.4031"
"6,35 : 0.7049"
"35,6 : 0.7049"
"6,36 : 0.3354"
"36,6 : 0.3354"
"6,37 : 0.7871"
"37,6 : 0.7871"
"6,38 : 0.4329"
"38,6 : 0.4329"
"6,39 : 0.6736"
"39,6 : 0.6736"
"6,40 : 0.7382"
"40,6 : 0.7382"
"6,41 : 0.13"
"41,6 : 0.13"
"6,42 : 0.5142"
"42,6 : 0.5142"
"6,43 : 0.2941"
"43,6 : 0.2941"
"6,44 : 0.3453"
"44,6 : 0.3453"
"6,45 : 0.4687"
"45,6 : 0.4687"
"6,46 : 0.3384"
"46,6 : 0.3384"
"6,47 : 0.8315"
"47,6 : 0.8315"
"6,48 : 0.6997"
"48,6 : 0.6997"
"6,49 : 0.8802"
"49,6 : 0.8802"
"7,8 : 0.4036"
"8,7 : 0.4036"
"7,9 : 0.186"
"9,7 : 0.186"
"7,10 : 0.26"
"10,7 : 0.26"
"7,11 : 0.3401"
"11,7 : 0.3401"
"7,12 : 0.19"
"12,7 : 0.19"
"7,13 : 0.5604"
"13,7 : 0.5604"
"7,14 : 0.3701"
"14,7 : 0.3701"
"7,15 : 0.246"
"15,7 : 0.246"
"7,16 : 0.5629"
"16,7 : 0.5629"
"7,17 : 0.6831"
"17,7 : 0.6831"
"7,18 : 0.422"
"18,7 : 0.422"
"7,19 : 0.5323"
"19,7 : 0.5323"
"7,20 : 0.8387"
"20,7 : 0.8387"
"7,21 : 0.0849"
"21,7 : 0.0849"
"7,22 : 0.7589"
"22,7 : 0.7589"
"7,23 : 0.2421"
"23,7 : 0.2421"
"7,24 : 0.2159"
"24,7 : 0.2159"
"7,25 : 0.5474"
"25,7 : 0.5474"
"7,26 : 0.3821"
"26,7 : 0.3821"
"7,27 : 0.8132"
"27,7 : 0.8132"
"7,28 : 0.3178"
"28,7 : 0.3178"
"7,29 : 0.5501"
"29,7 : 0.5501"
"7,30 : 0.0583"
"30,7 : 0.0583"
"7,31 : 0.1649"
"31,7 : 0.1649"
"7,32 : 0.6181"
"32,7 : 0.6181"
"7,33 : 0.3444"
"33,7 : 0.3444"
"7,34 : 0.3624"
"34,7 : 0.3624"
"7,35 : 0.5608"
"35,7 : 0.5608"
"7,36 : 0.2524"
"36,7 : 0.2524"
"7,37 : 0.644"
"37,7 : 0.644"
"7,38 : 0.5148"
"38,7 : 0.5148"
"7,39 : 0.536"
"39,7 : 0.536"
"7,40 : 0.6825"
"40,7 : 0.6825"
"7,41 : 0.13"
"41,7 : 0.13"
"7,42 : 0.58"
"42,7 : 0.58"
"7,43 : 0.2335"
"43,7 : 0.2335"
"7,44 : 0.2668"
"44,7 : 0.2668"
"7,45 : 0.3801"
"45,7 : 0.3801"
"7,46 : 0.2402"
"46,7 : 0.2402"
"7,47 : 0.7106"
"47,7 : 0.7106"
"7,48 : 0.6512"
"48,7 : 0.6512"
"7,49 : 0.74"
"49,7 : 0.74"
"8,9 : 0.4272"
"9,8 : 0.4272"
"8,10 : 0.2729"
"10,8 : 0.2729"
"8,11 : 0.2983"
"11,8 : 0.2983"
"8,12 : 0.5492"
"12,8 : 0.5492"
"8,13 : 0.9391"
"13,8 : 0.9391"
"8,14 : 0.3257"
"14,8 : 0.3257"
"8,15 : 0.413"
"15,8 : 0.413"
"8,16 : 0.8631"
"16,8 : 0.8631"
"8,17 : 0.3905"
"17,8 : 0.3905"
"8,18 : 0.5215"
"18,8 : 0.5215"
"8,19 : 0.5701"
"19,8 : 0.5701"
"8,20 : 0.9129"
"20,8 : 0.9129"
"8,21 : 0.4884"
"21,8 : 0.4884"
"8,22 : 0.7029"
"22,8 : 0.7029"
"8,23 : 0.6454"
"23,8 : 0.6454"
"8,24 : 0.5941"
"24,8 : 0.5941"
"8,25 : 0.3421"
"25,8 : 0.3421"
"8,26 : 0.5801"
"26,8 : 0.5801"
"8,27 : 0.9297"
"27,8 : 0.9297"
"8,28 : 0.3401"
"28,8 : 0.3401"
"8,29 : 0.2256"
"29,8 : 0.2256"
"8,30 : 0.4244"
"30,8 : 0.4244"
"8,31 : 0.5025"
"31,8 : 0.5025"
"8,32 : 0.9823"
"32,8 : 0.9823"
"8,33 : 0.4201"
"33,8 : 0.4201"
"8,34 : 0.4405"
"34,8 : 0.4405"
"8,35 : 0.2102"
"35,8 : 0.2102"
"8,36 : 0.4441"
"36,8 : 0.4441"
"8,37 : 0.3106"
"37,8 : 0.3106"
"8,38 : 0.8785"
"38,8 : 0.8785"
"8,39 : 0.3023"
"39,8 : 0.3023"
"8,40 : 0.7749"
"40,8 : 0.7749"
"8,41 : 0.4632"
"41,8 : 0.4632"
"8,42 : 0.9205"
"42,8 : 0.9205"
"8,43 : 0.4827"
"43,8 : 0.4827"
"8,44 : 0.3324"
"44,8 : 0.3324"
"8,45 : 0.4752"
"45,8 : 0.4752"
"8,46 : 0.2864"
"46,8 : 0.2864"
"8,47 : 0.55"
"47,8 : 0.55"
"8,48 : 0.7692"
"48,8 : 0.7692"
"8,49 : 0.4342"
"49,8 : 0.4342"
"9,10 : 0.3992"
"10,9 : 0.3992"
"9,11 : 0.2247"
"11,9 : 0.2247"
"9,12 : 0.3574"
"12,9 : 0.3574"
"9,13 : 0.5243"
"13,9 : 0.5243"
"9,14 : 0.2417"
"14,9 : 0.2417"
"9,15 : 0.07"
"15,9 : 0.07"
"9,16 : 0.441"
"16,9 : 0.441"
"9,17 : 0.5936"
"17,9 : 0.5936"
"9,18 : 0.6021"
"18,9 : 0.6021"
"9,19 : 0.3511"
"19,9 : 0.3511"
"9,20 : 0.653"
"20,9 : 0.653"
"9,21 : 0.2159"
"21,9 : 0.2159"
"9,22 : 0.5846"
"22,9 : 0.5846"
"9,23 : 0.3105"
"23,9 : 0.3105"
"9,24 : 0.365"
"24,9 : 0.365"
"9,25 : 0.4383"
"25,9 : 0.4383"
"9,26 : 0.2025"
"26,9 : 0.2025"
"9,27 : 0.6303"
"27,9 : 0.6303"
"9,28 : 0.4741"
"28,9 : 0.4741"
"9,29 : 0.4952"
"29,9 : 0.4952"
"9,30 : 0.1342"
"30,9 : 0.1342"
"9,31 : 0.3444"
"31,9 : 0.3444"
"9,32 : 0.559"
"32,9 : 0.559"
"9,33 : 0.5161"
"33,9 : 0.5161"
"9,34 : 0.536"
"34,9 : 0.536"
"9,35 : 0.5186"
"35,9 : 0.5186"
"9,36 : 0.0671"
"36,9 : 0.0671"
"9,37 : 0.5805"
"37,9 : 0.5805"
"9,38 : 0.4565"
"38,9 : 0.4565"
"9,39 : 0.441"
"39,9 : 0.441"
"9,40 : 0.4968"
"40,9 : 0.4968"
"9,41 : 0.3138"
"41,9 : 0.3138"
"9,42 : 0.4934"
"42,9 : 0.4934"
"9,43 : 0.0608"
"43,9 : 0.0608"
"9,44 : 0.4254"
"44,9 : 0.4254"
"9,45 : 0.1992"
"45,9 : 0.1992"
"9,46 : 0.3848"
"46,9 : 0.3848"
"9,47 : 0.5657"
"47,9 : 0.5657"
"9,48 : 0.4667"
"48,9 : 0.4667"
"9,49 : 0.6519"
"49,9 : 0.6519"
"10,11 : 0.422"
"11,10 : 0.422"
"10,12 : 0.322"
"12,10 : 0.322"
"10,13 : 0.8139"
"13,10 : 0.8139"
"10,14 : 0.458"
"14,10 : 0.458"
"10,15 : 0.4305"
"15,10 : 0.4305"
"10,16 : 0.8188"
"16,10 : 0.8188"
"10,17 : 0.6519"
"17,10 : 0.6519"
"10,18 : 0.2625"
"18,10 : 0.2625"
"10,19 : 0.6859"
"19,10 : 0.6859"
"10,20 : 1.023"
"20,10 : 1.023"
"10,21 : 0.3256"
"21,10 : 0.3256"
"10,22 : 0.8766"
"22,10 : 0.8766"
"10,23 : 0.4743"
"23,10 : 0.4743"
"10,24 : 0.3744"
"24,10 : 0.3744"
"10,25 : 0.5661"
"25,10 : 0.5661"
"10,26 : 0.5993"
"26,10 : 0.5993"
"10,27 : 1.0151"
"27,10 : 1.0151"
"10,28 : 0.086"
"28,10 : 0.086"
"10,29 : 0.4901"
"29,10 : 0.4901"
"10,30 : 0.3114"
"30,10 : 0.3114"
"10,31 : 0.272"
"31,10 : 0.272"
"10,32 : 0.8757"
"32,10 : 0.8757"
"10,33 : 0.1581"
"33,10 : 0.1581"
"10,34 : 0.1803"
"34,10 : 0.1803"
"10,35 : 0.4809"
"35,10 : 0.4809"
"10,36 : 0.4518"
"36,10 : 0.4518"
"10,37 : 0.5803"
"37,10 : 0.5803"
"10,38 : 0.7732"
"38,10 : 0.7732"
"10,39 : 0.536"
"39,10 : 0.536"
"10,40 : 0.8701"
"40,10 : 0.8701"
"10,41 : 0.2419"
"41,10 : 0.2419"
"10,42 : 0.84"
"42,10 : 0.84"
"10,43 : 0.4588"
"43,10 : 0.4588"
"10,44 : 0.06"
"44,10 : 0.06"
"10,45 : 0.5482"
"45,10 : 0.5482"
"10,46 : 0.0224"
"46,10 : 0.0224"
"10,47 : 0.7669"
"47,10 : 0.7669"
"10,48 : 0.8488"
"48,10 : 0.8488"
"10,49 : 0.7003"
"49,10 : 0.7003"
"11,12 : 0.5301"
"12,11 : 0.5301"
"11,13 : 0.7366"
"13,11 : 0.7366"
"11,14 : 0.0361"
"14,11 : 0.0361"
"11,15 : 0.1697"
"15,11 : 0.1697"
"11,16 : 0.6017"
"16,11 : 0.6017"
"11,17 : 0.3689"
"17,11 : 0.3689"
"11,18 : 0.676"
"18,11 : 0.676"
"11,19 : 0.2778"
"19,11 : 0.2778"
"11,20 : 0.6227"
"20,11 : 0.6227"
"11,21 : 0.4061"
"21,11 : 0.4061"
"11,22 : 0.4549"
"22,11 : 0.4549"
"11,23 : 0.5292"
"23,11 : 0.5292"
"11,24 : 0.5533"
"24,11 : 0.5533"
"11,25 : 0.2154"
"25,11 : 0.2154"
"11,26 : 0.3008"
"26,11 : 0.3008"
"11,27 : 0.6332"
"27,11 : 0.6332"
"11,28 : 0.508"
"28,11 : 0.508"
"11,29 : 0.283"
"29,11 : 0.283"
"11,30 : 0.3158"
"30,11 : 0.3158"
"11,31 : 0.5009"
"31,11 : 0.5009"
"11,32 : 0.7603"
"32,11 : 0.7603"
"11,33 : 0.5745"
"33,11 : 0.5745"
"11,34 : 0.5968"
"34,11 : 0.5968"
"11,35 : 0.313"
"35,11 : 0.313"
"11,36 : 0.1985"
"36,11 : 0.1985"
"11,37 : 0.3612"
"37,11 : 0.3612"
"11,38 : 0.6622"
"38,11 : 0.6622"
"11,39 : 0.2163"
"39,11 : 0.2163"
"11,40 : 0.4793"
"40,11 : 0.4793"
"11,41 : 0.4617"
"41,11 : 0.4617"
"11,42 : 0.681"
"42,11 : 0.681"
"11,43 : 0.2546"
"43,11 : 0.2546"
"11,44 : 0.4717"
"44,11 : 0.4717"
"11,45 : 0.18"
"45,11 : 0.18"
"11,46 : 0.4188"
"46,11 : 0.4188"
"11,47 : 0.3722"
"47,11 : 0.3722"
"11,48 : 0.4713"
"48,11 : 0.4713"
"11,49 : 0.4272"
"49,11 : 0.4272"
"12,13 : 0.5415"
"13,12 : 0.5415"
"12,14 : 0.5601"
"14,12 : 0.5601"
"12,15 : 0.4245"
"15,12 : 0.4245"
"12,16 : 0.6313"
"16,12 : 0.6313"
"12,17 : 0.8659"
"17,12 : 0.8659"
"12,18 : 0.3453"
"18,12 : 0.3453"
"12,19 : 0.7084"
"19,12 : 0.7084"
"12,20 : 0.9932"
"20,12 : 0.9932"
"12,21 : 0.1432"
"21,12 : 0.1432"
"12,22 : 0.9411"
"22,12 : 0.9411"
"12,23 : 0.1942"
"23,12 : 0.1942"
"12,24 : 0.0539"
"24,12 : 0.0539"
"12,25 : 0.7355"
"25,12 : 0.7355"
"12,26 : 0.53"
"26,12 : 0.53"
"12,27 : 0.956"
"27,12 : 0.956"
"12,28 : 0.3324"
"28,12 : 0.3324"
"12,29 : 0.7245"
"29,12 : 0.7245"
"12,30 : 0.2256"
"30,12 : 0.2256"
"12,31 : 0.05"
"31,12 : 0.05"
"12,32 : 0.6166"
"32,12 : 0.6166"
"12,33 : 0.3126"
"33,12 : 0.3126"
"12,34 : 0.3206"
"34,12 : 0.3206"
"12,35 : 0.7301"
"35,12 : 0.7301"
"12,36 : 0.4238"
"36,12 : 0.4238"
"12,37 : 0.8193"
"37,12 : 0.8193"
"12,38 : 0.5239"
"38,12 : 0.5239"
"12,39 : 0.7218"
"39,12 : 0.7218"
"12,40 : 0.8386"
"40,12 : 0.8386"
"12,41 : 0.086"
"41,12 : 0.086"
"12,42 : 0.6103"
"42,12 : 0.6103"
"12,43 : 0.3891"
"43,12 : 0.3891"
"12,44 : 0.2907"
"44,12 : 0.2907"
"12,45 : 0.5566"
"45,12 : 0.5566"
"12,46 : 0.3"
"46,12 : 0.3"
"12,47 : 0.9005"
"47,12 : 0.9005"
"12,48 : 0.8016"
"48,12 : 0.8016"
"12,49 : 0.9218"
"49,12 : 0.9218"
"13,14 : 0.7425"
"14,13 : 0.7425"
"13,15 : 0.5673"
"15,13 : 0.5673"
"13,16 : 0.2702"
"16,13 : 0.2702"
"13,17 : 1.0966"
"17,13 : 1.0966"
"13,18 : 0.8857"
"18,13 : 0.8857"
"13,19 : 0.7021"
"19,13 : 0.7021"
"13,20 : 0.8001"
"20,13 : 0.8001"
"13,21 : 0.4884"
"21,13 : 0.4884"
"13,22 : 0.9203"
"22,13 : 0.9203"
"13,23 : 0.35"
"23,13 : 0.35"
"13,24 : 0.4937"
"24,13 : 0.4937"
"13,25 : 0.9343"
"25,13 : 0.9343"
"13,26 : 0.4855"
"26,13 : 0.4855"
"13,27 : 0.7211"
"27,13 : 0.7211"
"13,28 : 0.8538"
"28,13 : 0.8538"
"13,29 : 1.0167"
"29,13 : 1.0167"
"13,30 : 0.522"
"30,13 : 0.522"
"13,31 : 0.5801"
"31,13 : 0.5801"
"13,32 : 0.086"
"32,13 : 0.086"
"13,33 : 0.85"
"33,13 : 0.85"
"13,34 : 0.8602"
"34,13 : 0.8602"
"13,35 : 1.042"
"35,13 : 1.042"
"13,36 : 0.5381"
"36,13 : 0.5381"
"13,37 : 1.0979"
"37,13 : 1.0979"
"13,38 : 0.0854"
"38,13 : 0.0854"
"13,39 : 0.9475"
"39,13 : 0.9475"
"13,40 : 0.6888"
"40,13 : 0.6888"
"13,41 : 0.5908"
"41,13 : 0.5908"
"13,42 : 0.1552"
"42,13 : 0.1552"
"13,43 : 0.4827"
"43,13 : 0.4827"
"13,44 : 0.805"
"44,13 : 0.805"
"13,45 : 0.614"
"45,13 : 0.614"
"13,46 : 0.7925"
"46,13 : 0.7925"
"13,47 : 0.9998"
"47,13 : 0.9998"
"13,48 : 0.6379"
"48,13 : 0.6379"
"13,49 : 1.1536"
"49,13 : 1.1536"
"14,15 : 0.1803"
"15,14 : 0.1803"
"14,16 : 0.5951"
"16,14 : 0.5951"
"14,17 : 0.3561"
"17,14 : 0.3561"
"14,18 : 0.712"
"18,14 : 0.712"
"14,19 : 0.246"
"19,14 : 0.246"
"14,20 : 0.5906"
"20,14 : 0.5906"
"14,21 : 0.4329"
"21,14 : 0.4329"
"14,22 : 0.4188"
"22,14 : 0.4188"
"14,23 : 0.5503"
"23,14 : 0.5503"
"14,24 : 0.5814"
"24,14 : 0.5814"
"14,25 : 0.1972"
"25,14 : 0.1972"
"14,26 : 0.2915"
"26,14 : 0.2915"
"14,27 : 0.6041"
"27,14 : 0.6041"
"14,28 : 0.5441"
"28,14 : 0.5441"
"14,29 : 0.2864"
"29,14 : 0.2864"
"14,30 : 0.3423"
"30,14 : 0.3423"
"14,31 : 0.5324"
"31,14 : 0.5324"
"14,32 : 0.7622"
"32,14 : 0.7622"
"14,33 : 0.6106"
"33,14 : 0.6106"
"14,34 : 0.6329"
"34,14 : 0.6329"
"14,35 : 0.3195"
"35,14 : 0.3195"
"14,36 : 0.2062"
"36,14 : 0.2062"
"14,37 : 0.3581"
"37,14 : 0.3581"
"14,38 : 0.666"
"38,14 : 0.666"
"14,39 : 0.2052"
"39,14 : 0.2052"
"14,40 : 0.4494"
"40,14 : 0.4494"
"14,41 : 0.4937"
"41,14 : 0.4937"
"14,42 : 0.6796"
"42,14 : 0.6796"
"14,43 : 0.264"
"43,14 : 0.264"
"14,44 : 0.5077"
"44,14 : 0.5077"
"14,45 : 0.1628"
"45,14 : 0.1628"
"14,46 : 0.4549"
"46,14 : 0.4549"
"14,47 : 0.3406"
"47,14 : 0.3406"
"14,48 : 0.4438"
"48,14 : 0.4438"
"14,49 : 0.414"
"49,14 : 0.414"
"15,16 : 0.4512"
"16,15 : 0.4512"
"15,17 : 0.536"
"17,15 : 0.536"
"15,18 : 0.6507"
"18,15 : 0.6507"
"15,19 : 0.2864"
"19,15 : 0.2864"
"15,20 : 0.6011"
"20,15 : 0.6011"
"15,21 : 0.2844"
"21,15 : 0.2844"
"15,22 : 0.5166"
"22,15 : 0.5166"
"15,23 : 0.3785"
"23,15 : 0.3785"
"15,24 : 0.4342"
"24,15 : 0.4342"
"15,25 : 0.3774"
"25,15 : 0.3774"
"15,26 : 0.1746"
"26,15 : 0.1746"
"15,27 : 0.586"
"27,15 : 0.586"
"15,28 : 0.5104"
"28,15 : 0.5104"
"15,29 : 0.45"
"29,15 : 0.45"
"15,30 : 0.1992"
"30,15 : 0.1992"
"15,31 : 0.4085"
"31,15 : 0.4085"
"15,32 : 0.5936"
"32,15 : 0.5936"
"15,33 : 0.5597"
"33,15 : 0.5597"
"15,34 : 0.5805"
"34,15 : 0.5805"
"15,35 : 0.4771"
"35,15 : 0.4771"
"15,36 : 0.0316"
"36,15 : 0.0316"
"15,37 : 0.5308"
"37,15 : 0.5308"
"15,38 : 0.4941"
"38,15 : 0.4941"
"15,39 : 0.3842"
"39,15 : 0.3842"
"15,40 : 0.4455"
"40,15 : 0.4455"
"15,41 : 0.3758"
"41,15 : 0.3758"
"15,42 : 0.5189"
"42,15 : 0.5189"
"15,43 : 0.0849"
"43,15 : 0.0849"
"15,44 : 0.464"
"44,15 : 0.464"
"15,45 : 0.1342"
"45,15 : 0.1342"
"15,46 : 0.4188"
"46,15 : 0.4188"
"15,47 : 0.4965"
"47,15 : 0.4965"
"15,48 : 0.4201"
"48,15 : 0.4201"
"15,49 : 0.5941"
"49,15 : 0.5941"
"16,17 : 0.9266"
"17,16 : 0.9266"
"16,18 : 0.9638"
"18,16 : 0.9638"
"16,19 : 0.4817"
"19,16 : 0.4817"
"16,20 : 0.5304"
"20,16 : 0.5304"
"16,21 : 0.522"
"21,16 : 0.522"
"16,22 : 0.6754"
"22,16 : 0.6754"
"16,23 : 0.45"
"23,16 : 0.45"
"16,24 : 0.5991"
"24,16 : 0.5991"
"16,25 : 0.7655"
"25,16 : 0.7655"
"16,26 : 0.3041"
"26,16 : 0.3041"
"16,27 : 0.451"
"27,16 : 0.451"
"16,28 : 0.8807"
"28,16 : 0.8807"
"16,29 : 0.8814"
"29,16 : 0.8814"
"16,30 : 0.508"
"30,16 : 0.508"
"16,31 : 0.6531"
"31,16 : 0.6531"
"16,32 : 0.228"
"32,16 : 0.228"
"16,33 : 0.9014"
"33,16 : 0.9014"
"16,34 : 0.9171"
"34,16 : 0.9171"
"16,35 : 0.9139"
"35,16 : 0.9139"
"16,36 : 0.4198"
"36,16 : 0.4198"
"16,37 : 0.9489"
"37,16 : 0.9489"
"16,38 : 0.1942"
"38,16 : 0.1942"
"16,39 : 0.7889"
"39,16 : 0.7889"
"16,40 : 0.4272"
"40,16 : 0.4272"
"16,41 : 0.6462"
"41,16 : 0.6462"
"16,42 : 0.1237"
"42,16 : 0.1237"
"16,43 : 0.3821"
"43,16 : 0.3821"
"16,44 : 0.8298"
"44,16 : 0.8298"
"16,45 : 0.4391"
"45,16 : 0.4391"
"16,46 : 0.8006"
"46,16 : 0.8006"
"16,47 : 0.7864"
"47,16 : 0.7864"
"16,48 : 0.3764"
"48,16 : 0.3764"
"16,49 : 0.9801"
"49,16 : 0.9801"
"17,18 : 0.9093"
"18,17 : 0.9093"
"17,19 : 0.4717"
"19,17 : 0.4717"
"17,20 : 0.74"
"20,17 : 0.74"
"17,21 : 0.7596"
"21,17 : 0.7596"
"17,22 : 0.4554"
"22,17 : 0.4554"
"17,23 : 0.8944"
"23,17 : 0.8944"
"17,24 : 0.8984"
"24,17 : 0.8984"
"17,25 : 0.1628"
"25,17 : 0.1628"
"17,26 : 0.6263"
"26,17 : 0.6263"
"17,27 : 0.794"
"27,17 : 0.794"
"17,28 : 0.7269"
"28,17 : 0.7269"
"17,29 : 0.1649"
"29,17 : 0.1649"
"17,30 : 0.6723"
"30,17 : 0.6723"
"17,31 : 0.8276"
"31,17 : 0.8276"
"17,32 : 1.1113"
"32,17 : 1.1113"
"17,33 : 0.8062"
"33,17 : 0.8062"
"17,34 : 0.8273"
"34,17 : 0.8273"
"17,35 : 0.1879"
"35,17 : 0.1879"
"17,36 : 0.5622"
"36,17 : 0.5622"
"17,37 : 0.099"
"37,17 : 0.099"
"17,38 : 1.0182"
"38,17 : 1.0182"
"17,39 : 0.1526"
"39,17 : 0.1526"
"17,40 : 0.6512"
"40,17 : 0.6512"
"17,41 : 0.7864"
"41,17 : 0.7864"
"17,42 : 1.023"
"42,17 : 1.023"
"17,43 : 0.6201"
"43,17 : 0.6201"
"17,44 : 0.7118"
"44,17 : 0.7118"
"17,45 : 0.4904"
"45,17 : 0.4904"
"17,46 : 0.6607"
"46,17 : 0.6607"
"17,47 : 0.2474"
"47,17 : 0.2474"
"17,48 : 0.6719"
"48,17 : 0.6719"
"17,49 : 0.0583"
"49,17 : 0.0583"
"18,19 : 0.9262"
"19,18 : 0.9262"
"18,20 : 1.2518"
"20,18 : 1.2518"
"18,21 : 0.4428"
"21,18 : 0.4428"
"18,22 : 1.1302"
"22,18 : 1.1302"
"18,23 : 0.5394"
"23,18 : 0.5394"
"18,24 : 0.392"
"24,18 : 0.392"
"18,25 : 0.8286"
"25,18 : 0.8286"
"18,26 : 0.8028"
"26,18 : 0.8028"
"18,27 : 1.2324"
"27,18 : 1.2324"
"18,28 : 0.1825"
"28,18 : 0.1825"
"18,29 : 0.7455"
"29,18 : 0.7455"
"18,30 : 0.4801"
"30,18 : 0.4801"
"18,31 : 0.3132"
"31,18 : 0.3132"
"18,32 : 0.9618"
"32,18 : 0.9618"
"18,33 : 0.1044"
"33,18 : 0.1044"
"18,34 : 0.0825"
"34,18 : 0.0825"
"18,35 : 0.7317"
"35,18 : 0.7317"
"18,36 : 0.6648"
"36,18 : 0.6648"
"18,37 : 0.8322"
"37,18 : 0.8322"
"18,38 : 0.8688"
"38,18 : 0.8688"
"18,39 : 0.7981"
"39,18 : 0.7981"
"18,40 : 1.096"
"40,18 : 1.096"
"18,41 : 0.3178"
"41,18 : 0.3178"
"18,42 : 0.9534"
"42,18 : 0.9534"
"18,43 : 0.6544"
"43,18 : 0.6544"
"18,44 : 0.2062"
"44,18 : 0.2062"
"18,45 : 0.7799"
"45,18 : 0.7799"
"18,46 : 0.26"
"46,18 : 0.26"
"18,47 : 1.0288"
"47,18 : 1.0288"
"18,48 : 1.0683"
"48,18 : 1.0683"
"18,49 : 0.9552"
"49,18 : 0.9552"
"19,20 : 0.3448"
"20,19 : 0.3448"
"19,21 : 0.5661"
"21,19 : 0.5661"
"19,22 : 0.2402"
"22,19 : 0.2402"
"19,23 : 0.6313"
"23,19 : 0.6313"
"19,24 : 0.7131"
"24,19 : 0.7131"
"19,25 : 0.3256"
"25,19 : 0.3256"
"19,26 : 0.2256"
"26,19 : 0.2256"
"19,27 : 0.3614"
"27,19 : 0.3614"
"19,28 : 0.7708"
"28,19 : 0.7708"
"19,29 : 0.4801"
"29,19 : 0.4801"
"19,30 : 0.4847"
"30,19 : 0.4847"
"19,31 : 0.6946"
"31,19 : 0.6946"
"19,32 : 0.6934"
"32,19 : 0.6934"
"19,33 : 0.8298"
"33,19 : 0.8298"
"19,34 : 0.8515"
"34,19 : 0.8515"
"19,35 : 0.52"
"35,19 : 0.52"
"19,36 : 0.2846"
"36,19 : 0.2846"
"19,37 : 0.5197"
"37,19 : 0.5197"
"19,38 : 0.6172"
"38,19 : 0.6172"
"19,39 : 0.3622"
"39,19 : 0.3622"
"19,40 : 0.2062"
"40,19 : 0.2062"
"19,41 : 0.6621"
"41,19 : 0.6621"
"19,42 : 0.5941"
"42,19 : 0.5941"
"19,43 : 0.3256"
"43,19 : 0.3256"
"19,44 : 0.7292"
"44,19 : 0.7292"
"19,45 : 0.1523"
"45,19 : 0.1523"
"19,46 : 0.679"
"46,19 : 0.679"
"19,47 : 0.3048"
"47,19 : 0.3048"
"19,48 : 0.21"
"48,19 : 0.21"
"19,49 : 0.5189"
"49,19 : 0.5189"
"20,21 : 0.8515"
"21,20 : 0.8515"
"20,22 : 0.2983"
"22,20 : 0.2983"
"20,23 : 0.8693"
"23,20 : 0.8693"
"20,24 : 0.9849"
"24,20 : 0.9849"
"20,25 : 0.6297"
"25,20 : 0.6297"
"20,26 : 0.4632"
"26,20 : 0.4632"
"20,27 : 0.0943"
"27,20 : 0.0943"
"20,28 : 1.1063"
"28,20 : 1.1063"
"20,29 : 0.7962"
"29,20 : 0.7962"
"20,30 : 0.7841"
"30,20 : 0.7841"
"20,31 : 0.9905"
"31,20 : 0.9905"
"20,32 : 0.7543"
"32,20 : 0.7543"
"20,33 : 1.16"
"33,20 : 1.16"
"20,34 : 1.1811"
"34,20 : 1.1811"
"20,35 : 0.8374"
"35,20 : 0.8374"
"20,36 : 0.588"
"36,20 : 0.588"
"20,37 : 0.813"
"37,20 : 0.813"
"20,38 : 0.7203"
"38,20 : 0.7203"
"20,39 : 0.6727"
"39,20 : 0.6727"
"20,40 : 0.1562"
"40,20 : 0.1562"
"20,41 : 0.964"
"41,20 : 0.964"
"20,42 : 0.6519"
"42,20 : 0.6519"
"20,43 : 0.608"
"43,20 : 0.608"
"20,44 : 1.0622"
"44,20 : 1.0622"
"20,45 : 0.4751"
"45,20 : 0.4751"
"20,46 : 1.0141"
"46,20 : 1.0141"
"20,47 : 0.5036"
"47,20 : 0.5036"
"20,48 : 0.1924"
"48,20 : 0.1924"
"20,49 : 0.7716"
"49,20 : 0.7716"
"21,22 : 0.8005"
"22,21 : 0.8005"
"21,23 : 0.1581"
"23,21 : 0.1581"
"21,24 : 0.1503"
"24,21 : 0.1503"
"21,25 : 0.6185"
"25,21 : 0.6185"
"21,26 : 0.3883"
"26,21 : 0.3883"
"21,27 : 0.8169"
"27,21 : 0.8169"
"21,28 : 0.3701"
"28,21 : 0.3701"
"21,29 : 0.6313"
"29,21 : 0.6313"
"21,30 : 0.0906"
"30,21 : 0.0906"
"21,31 : 0.1414"
"31,21 : 0.1414"
"21,32 : 0.5515"
"32,21 : 0.5515"
"21,33 : 0.3808"
"33,21 : 0.3808"
"21,34 : 0.3956"
"34,21 : 0.3956"
"21,35 : 0.6435"
"35,21 : 0.6435"
"21,36 : 0.2816"
"36,21 : 0.2816"
"21,37 : 0.7247"
"37,21 : 0.7247"
"21,38 : 0.4501"
"38,21 : 0.4501"
"21,39 : 0.6103"
"39,21 : 0.6103"
"21,40 : 0.6964"
"40,21 : 0.6964"
"21,41 : 0.1253"
"41,21 : 0.1253"
"21,42 : 0.5235"
"42,21 : 0.5235"
"21,43 : 0.246"
"43,21 : 0.246"
"21,44 : 0.32"
"44,21 : 0.32"
"21,45 : 0.4148"
"45,21 : 0.4148"
"21,46 : 0.3041"
"46,21 : 0.3041"
"21,47 : 0.7706"
"47,21 : 0.7706"
"21,48 : 0.6603"
"48,21 : 0.6603"
"21,49 : 0.8171"
"49,21 : 0.8171"
"22,23 : 0.8714"
"23,22 : 0.8714"
"22,24 : 0.9492"
"24,22 : 0.9492"
"22,25 : 0.3759"
"25,22 : 0.3759"
"22,26 : 0.4617"
"26,22 : 0.4617"
"22,27 : 0.3716"
"27,22 : 0.3716"
"22,28 : 0.9626"
"28,22 : 0.9626"
"22,29 : 0.5413"
"29,22 : 0.5413"
"22,30 : 0.7157"
"30,22 : 0.7157"
"22,31 : 0.9235"
"31,22 : 0.9235"
"22,32 : 0.8996"
"32,22 : 0.8996"
"22,33 : 1.0293"
"33,22 : 1.0293"
"22,34 : 1.0515"
"34,22 : 1.0515"
"22,35 : 0.5818"
"35,22 : 0.5818"
"22,36 : 0.5197"
"36,22 : 0.5197"
"22,37 : 0.5385"
"37,22 : 0.5385"
"22,38 : 0.8349"
"38,22 : 0.8349"
"22,39 : 0.4206"
"39,22 : 0.4206"
"22,40 : 0.2687"
"40,22 : 0.2687"
"22,41 : 0.8887"
"41,22 : 0.8887"
"22,42 : 0.7962"
"42,22 : 0.7962"
"22,43 : 0.5644"
"43,22 : 0.5644"
"22,44 : 0.9265"
"44,22 : 0.9265"
"22,45 : 0.3864"
"45,22 : 0.3864"
"22,46 : 0.8737"
"46,22 : 0.8737"
"22,47 : 0.2102"
"47,22 : 0.2102"
"22,48 : 0.3124"
"48,22 : 0.3124"
"22,49 : 0.4804"
"49,22 : 0.4804"
"23,24 : 0.1523"
"24,23 : 0.1523"
"23,25 : 0.7446"
"25,23 : 0.7446"
"23,26 : 0.4198"
"26,23 : 0.4198"
"23,27 : 0.8188"
"27,23 : 0.8188"
"23,28 : 0.5064"
"28,23 : 0.5064"
"23,29 : 0.7767"
"29,23 : 0.7767"
"23,30 : 0.228"
"30,23 : 0.228"
"23,31 : 0.2302"
"31,23 : 0.2302"
"23,32 : 0.423"
"32,23 : 0.423"
"23,33 : 0.5"
"33,23 : 0.5"
"23,34 : 0.5104"
"34,23 : 0.5104"
"23,35 : 0.792"
"35,23 : 0.792"
"23,36 : 0.3635"
"36,23 : 0.3635"
"23,37 : 0.8682"
"37,23 : 0.8682"
"23,38 : 0.3298"
"38,23 : 0.3298"
"23,39 : 0.7425"
"39,23 : 0.7425"
"23,40 : 0.7211"
"40,23 : 0.7211"
"23,41 : 0.2419"
"41,23 : 0.2419"
"23,42 : 0.4179"
"42,23 : 0.4179"
"23,43 : 0.3106"
"43,23 : 0.3106"
"23,44 : 0.4589"
"44,23 : 0.4589"
"23,45 : 0.4904"
"45,23 : 0.4904"
"23,46 : 0.4522"
"46,23 : 0.4522"
"23,47 : 0.8748"
"47,23 : 0.8748"
"23,48 : 0.6778"
"48,23 : 0.6778"
"23,49 : 0.9526"
"49,23 : 0.9526"
"24,25 : 0.763"
"25,24 : 0.763"
"24,26 : 0.5233"
"26,24 : 0.5233"
"24,27 : 0.943"
"27,24 : 0.943"
"24,28 : 0.3863"
"28,24 : 0.3863"
"24,29 : 0.7616"
"29,24 : 0.7616"
"24,30 : 0.24"
"30,24 : 0.24"
"24,31 : 0.103"
"31,24 : 0.103"
"24,32 : 0.5707"
"32,24 : 0.5707"
"24,33 : 0.365"
"33,24 : 0.365"
"24,34 : 0.3722"
"34,24 : 0.3722"
"24,35 : 0.7692"
"35,24 : 0.7692"
"24,36 : 0.4295"
"36,24 : 0.4295"
"24,37 : 0.8562"
"37,24 : 0.8562"
"24,38 : 0.4808"
"38,24 : 0.4808"
"24,39 : 0.7519"
"39,24 : 0.7519"
"24,40 : 0.8319"
"40,24 : 0.8319"
"24,41 : 0.1345"
"41,24 : 0.1345"
"24,42 : 0.5701"
"42,24 : 0.5701"
"24,43 : 0.389"
"43,24 : 0.389"
"24,44 : 0.3444"
"44,24 : 0.3444"
"24,45 : 0.5629"
"45,24 : 0.5629"
"24,46 : 0.3523"
"46,24 : 0.3523"
"24,47 : 0.9202"
"47,24 : 0.9202"
"24,48 : 0.7926"
"48,24 : 0.7926"
"24,49 : 0.9551"
"49,24 : 0.9551"
"25,26 : 0.464"
"26,25 : 0.464"
"25,27 : 0.6707"
"27,25 : 0.6707"
"25,28 : 0.6485"
"28,25 : 0.6485"
"25,29 : 0.1676"
"29,25 : 0.1676"
"25,30 : 0.5289"
"30,25 : 0.5289"
"25,31 : 0.7018"
"31,25 : 0.7018"
"25,32 : 0.9485"
"32,25 : 0.9485"
"25,33 : 0.7242"
"33,25 : 0.7242"
"25,34 : 0.7463"
"34,25 : 0.7463"
"25,35 : 0.2088"
"35,25 : 0.2088"
"25,36 : 0.4022"
"36,25 : 0.4022"
"25,37 : 0.1942"
"37,25 : 0.1942"
"25,38 : 0.8556"
"38,25 : 0.8556"
"25,39 : 0.0447"
"39,25 : 0.0447"
"25,40 : 0.5201"
"40,25 : 0.5201"
"25,41 : 0.6612"
"41,25 : 0.6612"
"25,42 : 0.8605"
"42,25 : 0.8605"
"25,43 : 0.4604"
"43,25 : 0.4604"
"25,44 : 0.6236"
"44,25 : 0.6236"
"25,45 : 0.328"
"45,25 : 0.328"
"25,46 : 0.5701"
"46,25 : 0.5701"
"25,47 : 0.2081"
"47,25 : 0.2081"
"25,48 : 0.5334"
"48,25 : 0.5334"
"25,49 : 0.2193"
"49,25 : 0.2193"
"26,27 : 0.4314"
"27,26 : 0.4314"
"26,28 : 0.676"
"28,26 : 0.676"
"26,29 : 0.5778"
"29,26 : 0.5778"
"26,30 : 0.3253"
"30,26 : 0.3253"
"26,31 : 0.528"
"31,26 : 0.528"
"26,32 : 0.4884"
"32,26 : 0.4884"
"26,33 : 0.7185"
"33,26 : 0.7185"
"26,34 : 0.7382"
"34,26 : 0.7382"
"26,35 : 0.611"
"35,26 : 0.611"
"26,36 : 0.1487"
"36,26 : 0.1487"
"26,37 : 0.645"
"37,26 : 0.645"
"26,38 : 0.4022"
"38,26 : 0.4022"
"26,39 : 0.4855"
"39,26 : 0.4855"
"26,40 : 0.3089"
"40,26 : 0.3089"
"26,41 : 0.5033"
"41,26 : 0.5033"
"26,42 : 0.397"
"42,26 : 0.397"
"26,43 : 0.1487"
"43,26 : 0.1487"
"26,44 : 0.6277"
"44,26 : 0.6277"
"26,45 : 0.136"
"45,26 : 0.136"
"26,46 : 0.5859"
"46,26 : 0.5859"
"26,47 : 0.5148"
"47,26 : 0.5148"
"26,48 : 0.272"
"48,26 : 0.272"
"26,49 : 0.6812"
"49,26 : 0.6812"
"27,28 : 1.0962"
"28,27 : 1.0962"
"27,29 : 0.8338"
"29,27 : 0.8338"
"27,30 : 0.7566"
"30,27 : 0.7566"
"27,31 : 0.9578"
"31,27 : 0.9578"
"27,32 : 0.6707"
"32,27 : 0.6707"
"27,33 : 1.1448"
"33,27 : 1.1448"
"27,34 : 1.1652"
"34,27 : 1.1652"
"27,35 : 0.8746"
"35,27 : 0.8746"
"27,36 : 0.5685"
"36,27 : 0.5685"
"27,37 : 0.8601"
"37,27 : 0.8601"
"27,38 : 0.6438"
"38,27 : 0.6438"
"27,39 : 0.7118"
"39,27 : 0.7118"
"27,40 : 0.1552"
"40,27 : 0.1552"
"27,41 : 0.9343"
"41,27 : 0.9343"
"27,42 : 0.57"
"42,27 : 0.57"
"27,43 : 0.5798"
"43,27 : 0.5798"
"27,44 : 1.05"
"44,27 : 1.05"
"27,45 : 0.4701"
"45,27 : 0.4701"
"27,46 : 1.0044"
"46,27 : 1.0044"
"27,47 : 0.5675"
"47,27 : 0.5675"
"27,48 : 0.1664"
"48,27 : 0.1664"
"27,49 : 0.8302"
"49,27 : 0.8302"
"28,29 : 0.5632"
"29,28 : 0.5632"
"28,30 : 0.3736"
"30,28 : 0.3736"
"28,31 : 0.2846"
"31,28 : 0.2846"
"28,32 : 0.9205"
"32,28 : 0.9205"
"28,33 : 0.08"
"33,28 : 0.08"
"28,34 : 0.1005"
"34,28 : 0.1005"
"28,35 : 0.5504"
"35,28 : 0.5504"
"28,36 : 0.53"
"36,28 : 0.53"
"28,37 : 0.6507"
"37,28 : 0.6507"
"28,38 : 0.82"
"38,28 : 0.82"
"28,39 : 0.6168"
"39,28 : 0.6168"
"28,40 : 0.9527"
"40,28 : 0.9527"
"28,41 : 0.2648"
"41,28 : 0.2648"
"28,42 : 0.8927"
"42,28 : 0.8927"
"28,43 : 0.5323"
"43,28 : 0.5323"
"28,44 : 0.051"
"44,28 : 0.051"
"28,45 : 0.6313"
"45,28 : 0.6313"
"28,46 : 0.0922"
"46,28 : 0.0922"
"28,47 : 0.8509"
"47,28 : 0.8509"
"28,48 : 0.9301"
"48,28 : 0.9301"
"28,49 : 0.7732"
"49,28 : 0.7732"
"29,30 : 0.5492"
"30,29 : 0.5492"
"29,31 : 0.6831"
"31,29 : 0.6831"
"29,32 : 1.0429"
"32,29 : 1.0429"
"29,33 : 0.6428"
"33,29 : 0.6428"
"29,34 : 0.6637"
"34,29 : 0.6637"
"29,35 : 0.0412"
"35,29 : 0.0412"
"29,36 : 0.4801"
"36,29 : 0.4801"
"29,37 : 0.0949"
"37,29 : 0.0949"
"29,38 : 0.944"
"38,29 : 0.944"
"29,39 : 0.1237"
"39,29 : 0.1237"
"29,40 : 0.6812"
"40,29 : 0.6812"
"29,41 : 0.642"
"41,29 : 0.642"
"29,42 : 0.9638"
"42,29 : 0.9638"
"29,43 : 0.5341"
"43,29 : 0.5341"
"29,44 : 0.5501"
"44,29 : 0.5501"
"29,45 : 0.446"
"45,29 : 0.446"
"29,46 : 0.5001"
"46,29 : 0.5001"
"29,47 : 0.3561"
"47,29 : 0.3561"
"29,48 : 0.6901"
"48,29 : 0.6901"
"29,49 : 0.2102"
"49,29 : 0.2102"
"30,31 : 0.2102"
"31,30 : 0.2102"
"30,32 : 0.5749"
"32,30 : 0.5749"
"30,33 : 0.4025"
"33,30 : 0.4025"
"30,34 : 0.4206"
"34,30 : 0.4206"
"30,35 : 0.564"
"35,30 : 0.564"
"30,36 : 0.2012"
"36,30 : 0.2012"
"30,37 : 0.6414"
"37,30 : 0.6414"
"30,38 : 0.4707"
"38,30 : 0.4707"
"30,39 : 0.522"
"39,30 : 0.522"
"30,40 : 0.628"
"40,30 : 0.628"
"30,41 : 0.1803"
"41,30 : 0.1803"
"30,42 : 0.5308"
"42,30 : 0.5308"
"30,43 : 0.1769"
"43,30 : 0.1769"
"30,44 : 0.3228"
"44,30 : 0.3228"
"30,45 : 0.3324"
"45,30 : 0.3324"
"30,46 : 0.2927"
"46,30 : 0.2927"
"30,47 : 0.6803"
"47,30 : 0.6803"
"30,48 : 0.5955"
"48,30 : 0.5955"
"30,49 : 0.7301"
"49,30 : 0.7301"
"31,32 : 0.6528"
"32,31 : 0.6528"
"31,33 : 0.2702"
"33,31 : 0.2702"
"31,34 : 0.2802"
"34,31 : 0.2802"
"31,35 : 0.6871"
"35,31 : 0.6871"
"31,36 : 0.4115"
"36,31 : 0.4115"
"31,37 : 0.7779"
"37,31 : 0.7779"
"31,38 : 0.5573"
"38,31 : 0.5573"
"31,39 : 0.6859"
"39,31 : 0.6859"
"31,40 : 0.8349"
"40,31 : 0.8349"
"31,41 : 0.0412"
"41,31 : 0.0412"
"31,42 : 0.6403"
"42,31 : 0.6403"
"31,43 : 0.3828"
"43,31 : 0.3828"
"31,44 : 0.2417"
"44,31 : 0.2417"
"31,45 : 0.5423"
"45,31 : 0.5423"
"31,46 : 0.25"
"46,31 : 0.25"
"31,47 : 0.8728"
"47,31 : 0.8728"
"31,48 : 0.8"
"48,31 : 0.8"
"31,49 : 0.8829"
"49,31 : 0.8829"
"32,33 : 0.9214"
"33,32 : 0.9214"
"32,34 : 0.9326"
"34,32 : 0.9326"
"32,35 : 1.0707"
"35,32 : 1.0707"
"32,36 : 0.563"
"36,32 : 0.563"
"32,37 : 1.12"
"37,32 : 1.12"
"32,38 : 0.1044"
"38,32 : 0.1044"
"32,39 : 0.9654"
"39,32 : 0.9654"
"32,40 : 0.6552"
"40,32 : 0.6552"
"32,41 : 0.6603"
"41,32 : 0.6603"
"32,42 : 0.1044"
"42,32 : 0.1044"
"32,43 : 0.5111"
"43,32 : 0.5111"
"32,44 : 0.8709"
"44,32 : 0.8709"
"32,45 : 0.6223"
"45,32 : 0.6223"
"32,46 : 0.8548"
"46,32 : 0.8548"
"32,47 : 0.9962"
"47,32 : 0.9962"
"32,48 : 0.6044"
"48,32 : 0.6044"
"32,49 : 1.1673"
"49,32 : 1.1673"
"33,34 : 0.0224"
"34,33 : 0.0224"
"33,35 : 0.6303"
"35,33 : 0.6303"
"33,36 : 0.5763"
"36,33 : 0.5763"
"33,37 : 0.7306"
"37,33 : 0.7306"
"33,38 : 0.8239"
"38,33 : 0.8239"
"33,39 : 0.6938"
"39,33 : 0.6938"
"33,40 : 1.005"
"40,33 : 1.005"
"33,41 : 0.2617"
"41,33 : 0.2617"
"33,42 : 0.9026"
"42,33 : 0.9026"
"33,43 : 0.5714"
"43,33 : 0.5714"
"33,44 : 0.103"
"44,33 : 0.103"
"33,45 : 0.6859"
"45,33 : 0.6859"
"33,46 : 0.1565"
"46,33 : 0.1565"
"33,47 : 0.9248"
"47,33 : 0.9248"
"33,48 : 0.9795"
"48,33 : 0.9795"
"33,49 : 0.8529"
"49,33 : 0.8529"
"34,35 : 0.6507"
"35,34 : 0.6507"
"34,36 : 0.5967"
"36,34 : 0.5967"
"34,37 : 0.7511"
"37,34 : 0.7511"
"34,38 : 0.836"
"38,34 : 0.836"
"34,39 : 0.7157"
"39,34 : 0.7157"
"34,40 : 1.0259"
"40,34 : 1.0259"
"34,41 : 0.2746"
"41,34 : 0.2746"
"34,42 : 0.9159"
"42,34 : 0.9159"
"34,43 : 0.5908"
"43,34 : 0.5908"
"34,44 : 0.1253"
"44,34 : 0.1253"
"34,45 : 0.7072"
"45,34 : 0.7072"
"34,46 : 0.1789"
"46,34 : 0.1789"
"34,47 : 0.947"
"47,34 : 0.947"
"34,48 : 1.0"
"48,34 : 1.0"
"34,49 : 0.8737"
"49,34 : 0.8737"
"35,36 : 0.5077"
"36,35 : 0.5077"
"35,37 : 0.1005"
"37,35 : 0.1005"
"35,38 : 0.9708"
"38,35 : 0.9708"
"35,39 : 0.1649"
"39,35 : 0.1649"
"35,40 : 0.7217"
"40,35 : 0.7217"
"35,41 : 0.6462"
"41,35 : 0.6462"
"35,42 : 0.9936"
"42,35 : 0.9936"
"35,43 : 0.5604"
"43,35 : 0.5604"
"35,44 : 0.5408"
"44,35 : 0.5408"
"35,45 : 0.4808"
"45,35 : 0.4808"
"35,46 : 0.4925"
"46,35 : 0.4925"
"35,47 : 0.3941"
"47,35 : 0.3941"
"35,48 : 0.73"
"48,35 : 0.73"
"35,49 : 0.2256"
"49,35 : 0.2256"
"36,37 : 0.5597"
"37,36 : 0.5597"
"36,38 : 0.464"
"38,36 : 0.464"
"36,39 : 0.4111"
"39,36 : 0.4111"
"36,40 : 0.4319"
"40,36 : 0.4319"
"36,41 : 0.3808"
"41,36 : 0.3808"
"36,42 : 0.4875"
"42,36 : 0.4875"
"36,43 : 0.0583"
"43,36 : 0.0583"
"36,44 : 0.4826"
"44,36 : 0.4826"
"36,45 : 0.1334"
"45,36 : 0.1334"
"36,46 : 0.4391"
"46,36 : 0.4391"
"36,47 : 0.512"
"47,36 : 0.512"
"36,48 : 0.4036"
"48,36 : 0.4036"
"36,49 : 0.6201"
"49,36 : 0.6201"
"37,38 : 1.023"
"38,37 : 1.023"
"37,39 : 0.1616"
"39,37 : 0.1616"
"37,40 : 0.7118"
"40,37 : 0.7118"
"37,41 : 0.7368"
"41,37 : 0.7368"
"37,42 : 1.0373"
"42,37 : 1.0373"
"37,43 : 0.6155"
"43,37 : 0.6155"
"37,44 : 0.6403"
"44,37 : 0.6403"
"37,45 : 0.51"
"45,37 : 0.51"
"37,46 : 0.5914"
"46,37 : 0.5914"
"37,47 : 0.3362"
"47,37 : 0.3362"
"37,48 : 0.7269"
"48,37 : 0.7269"
"37,49 : 0.1265"
"49,37 : 0.1265"
"38,39 : 0.8705"
"39,38 : 0.8705"
"38,40 : 0.6053"
"40,38 : 0.6053"
"38,41 : 0.5622"
"41,38 : 0.5622"
"38,42 : 0.099"
"42,38 : 0.099"
"38,43 : 0.4105"
"43,38 : 0.4105"
"38,44 : 0.7701"
"44,38 : 0.7701"
"38,45 : 0.5326"
"45,38 : 0.5326"
"38,46 : 0.7524"
"46,38 : 0.7524"
"38,47 : 0.9159"
"47,38 : 0.9159"
"38,48 : 0.5544"
"48,38 : 0.5544"
"38,49 : 1.0749"
"49,38 : 1.0749"
"39,40 : 0.5601"
"40,39 : 0.5601"
"39,41 : 0.645"
"41,39 : 0.645"
"39,42 : 0.8801"
"42,39 : 0.8801"
"39,43 : 0.4686"
"43,39 : 0.4686"
"39,44 : 0.5944"
"44,39 : 0.5944"
"39,45 : 0.3499"
"45,39 : 0.3499"
"39,46 : 0.5413"
"46,39 : 0.5413"
"39,47 : 0.2484"
"47,39 : 0.2484"
"39,48 : 0.5714"
"48,39 : 0.5714"
"39,49 : 0.211"
"49,39 : 0.211"
"40,41 : 0.808"
"41,40 : 0.808"
"40,42 : 0.5508"
"42,40 : 0.5508"
"40,43 : 0.4522"
"43,40 : 0.4522"
"40,44 : 0.9079"
"44,40 : 0.9079"
"40,45 : 0.322"
"45,40 : 0.322"
"40,46 : 0.8605"
"46,40 : 0.8605"
"40,47 : 0.4386"
"47,40 : 0.4386"
"40,48 : 0.051"
"48,40 : 0.051"
"40,49 : 0.6912"
"49,40 : 0.6912"
"41,42 : 0.6413"
"42,41 : 0.6413"
"41,43 : 0.3561"
"43,41 : 0.3561"
"41,44 : 0.2184"
"44,41 : 0.2184"
"41,45 : 0.5099"
"45,41 : 0.5099"
"41,46 : 0.2195"
"46,41 : 0.2195"
"41,47 : 0.8338"
"47,41 : 0.8338"
"41,48 : 0.7747"
"48,41 : 0.7747"
"41,49 : 0.8417"
"49,41 : 0.8417"
"42,43 : 0.4401"
"43,42 : 0.4401"
"42,44 : 0.8421"
"44,42 : 0.8421"
"42,45 : 0.5326"
"45,42 : 0.5326"
"42,46 : 0.8201"
"46,42 : 0.8201"
"42,47 : 0.8981"
"47,42 : 0.8981"
"42,48 : 0.5"
"48,42 : 0.5"
"42,49 : 1.0781"
"49,42 : 1.0781"
"43,44 : 0.483"
