x,y
0.02,0.71
0.98,0.11
0.2,0.65
0.23,0.76
0.12,0.43
0.29,0.94
0.16,0.63
0.05,0.14
0.69,0.36
0.61,0.48
0.3,0.4
0.73,0.82
0.29,0.47
0.61,0.15
0.8,0.87
0.28,0.84
0.24,0.89
0.16,0.13
0.39,0.81
0.08,0.18
0.63,0.37
0.53,0.88
0.7,0.48
0.97,0.31
0.22,0.89
0.48,0.73
0.33,0.67
0.8,0.47
0.08,0.49
0.54,0.45
0.36,0.27
0.51,0.09
0.31,0.22
0.32,0.78
0.37,0.88
0.72,0.99
0.78,0.21
0.84,0.7
0.09,0.96
0.99,0.53
0.8,0.93
0.92,0.04
0.46,0.36
0.08,0.02
0.9,0.05
0.34,0.4
0.84,0.81
0.47,0.87
0.26,0.69
0.14,0.43

Distanze
"0,1 : 1.1321"
"1,0 : 1.1321"
"0,2 : 0.1897"
"2,0 : 0.1897"
"0,3 : 0.2159"
"3,0 : 0.2159"
"0,4 : 0.2973"
"4,0 : 0.2973"
"0,5 : 0.3547"
"5,0 : 0.3547"
"0,6 : 0.1612"
"6,0 : 0.1612"
"0,7 : 0.5708"
"7,0 : 0.5708"
"0,8 : 0.7559"
"8,0 : 0.7559"
"0,9 : 0.6332"
"9,0 : 0.6332"
"0,10 : 0.4177"
"10,0 : 0.4177"
"0,11 : 0.7185"
"11,0 : 0.7185"
"0,12 : 0.3612"
"12,0 : 0.3612"
"0,13 : 0.8134"
"13,0 : 0.8134"
"0,14 : 0.7962"
"14,0 : 0.7962"
"0,15 : 0.2907"
"15,0 : 0.2907"
"0,16 : 0.2843"
"16,0 : 0.2843"
"0,17 : 0.5967"
"17,0 : 0.5967"
"0,18 : 0.3833"
"18,0 : 0.3833"
"0,19 : 0.5334"
"19,0 : 0.5334"
"0,20 : 0.6984"
"20,0 : 0.6984"
"0,21 : 0.5376"
"21,0 : 0.5376"
"0,22 : 0.7178"
"22,0 : 0.7178"
"0,23 : 1.0308"
"23,0 : 1.0308"
"0,24 : 0.2691"
"24,0 : 0.2691"
"0,25 : 0.4604"
"25,0 : 0.4604"
"0,26 : 0.3126"
"26,0 : 0.3126"
"0,27 : 0.8161"
"27,0 : 0.8161"
"0,28 : 0.228"
"28,0 : 0.228"
"0,29 : 0.5814"
"29,0 : 0.5814"
"0,30 : 0.5561"
"30,0 : 0.5561"
"0,31 : 0.7903"
"31,0 : 0.7903"
"0,32 : 0.5694"
"32,0 : 0.5694"
"0,33 : 0.3081"
"33,0 : 0.3081"
"0,34 : 0.3891"
"34,0 : 0.3891"
"0,35 : 0.7539"
"35,0 : 0.7539"
"0,36 : 0.9097"
"36,0 : 0.9097"
"0,37 : 0.8201"
"37,0 : 0.8201"
"0,38 : 0.2596"
"38,0 : 0.2596"
"0,39 : 0.9866"
"39,0 : 0.9866"
"0,40 : 0.8104"
"40,0 : 0.8104"
"0,41 : 1.122"
"41,0 : 1.122"
"0,42 : 0.5622"
"42,0 : 0.5622"
"0,43 : 0.6926"
"43,0 : 0.6926"
"0,44 : 1.1"
"44,0 : 1.1"
"0,45 : 0.4455"
"45,0 : 0.4455"
"0,46 : 0.8261"
"46,0 : 0.8261"
"0,47 : 0.4776"
"47,0 : 0.4776"
"0,48 : 0.2408"
"48,0 : 0.2408"
"0,49 : 0.3046"
"49,0 : 0.3046"
"1,2 : 0.9487"
"2,1 : 0.9487"
"1,3 : 0.9925"
"3,1 : 0.9925"
"1,4 : 0.9176"
"4,1 : 0.9176"
"1,5 : 1.0794"
"5,1 : 1.0794"
"1,6 : 0.971"
"6,1 : 0.971"
"1,7 : 0.9305"
"7,1 : 0.9305"
"1,8 : 0.3829"
"8,1 : 0.3829"
"1,9 : 0.5233"
"9,1 : 0.5233"
"1,10 : 0.7393"
"10,1 : 0.7393"
"1,11 : 0.7527"
"11,1 : 0.7527"
"1,12 : 0.7783"
"12,1 : 0.7783"
"1,13 : 0.3722"
"13,1 : 0.3722"
"1,14 : 0.781"
"14,1 : 0.781"
"1,15 : 1.0114"
"15,1 : 1.0114"
"1,16 : 1.0752"
"16,1 : 1.0752"
"1,17 : 0.8202"
"17,1 : 0.8202"
"1,18 : 0.9155"
"18,1 : 0.9155"
"1,19 : 0.9027"
"19,1 : 0.9027"
"1,20 : 0.436"
"20,1 : 0.436"
"1,21 : 0.8919"
"21,1 : 0.8919"
"1,22 : 0.464"
"22,1 : 0.464"
"1,23 : 0.2002"
"23,1 : 0.2002"
"1,24 : 1.089"
"24,1 : 1.089"
"1,25 : 0.7965"
"25,1 : 0.7965"
"1,26 : 0.858"
"26,1 : 0.858"
"1,27 : 0.4025"
"27,1 : 0.4025"
"1,28 : 0.9769"
"28,1 : 0.9769"
"1,29 : 0.5561"
"29,1 : 0.5561"
"1,30 : 0.6403"
"30,1 : 0.6403"
"1,31 : 0.4704"
"31,1 : 0.4704"
"1,32 : 0.679"
"32,1 : 0.679"
"1,33 : 0.9405"
"33,1 : 0.9405"
"1,34 : 0.9823"
"34,1 : 0.9823"
"1,35 : 0.9176"
"35,1 : 0.9176"
"1,36 : 0.2236"
"36,1 : 0.2236"
"1,37 : 0.6064"
"37,1 : 0.6064"
"1,38 : 1.2307"
"38,1 : 1.2307"
"1,39 : 0.4201"
"39,1 : 0.4201"
"1,40 : 0.8395"
"40,1 : 0.8395"
"1,41 : 0.0922"
"41,1 : 0.0922"
"1,42 : 0.577"
"42,1 : 0.577"
"1,43 : 0.9045"
"43,1 : 0.9045"
"1,44 : 0.1"
"44,1 : 0.1"
"1,45 : 0.7026"
"45,1 : 0.7026"
"1,46 : 0.7139"
"46,1 : 0.7139"
"1,47 : 0.9153"
"47,1 : 0.9153"
"1,48 : 0.9246"
"48,1 : 0.9246"
"1,49 : 0.8989"
"49,1 : 0.8989"
"2,3 : 0.114"
"3,2 : 0.114"
"2,4 : 0.2341"
"4,2 : 0.2341"
"2,5 : 0.3036"
"5,2 : 0.3036"
"2,6 : 0.0447"
"6,2 : 0.0447"
"2,7 : 0.5316"
"7,2 : 0.5316"
"2,8 : 0.5694"
"8,2 : 0.5694"
"2,9 : 0.4438"
"9,2 : 0.4438"
"2,10 : 0.2693"
"10,2 : 0.2693"
"2,11 : 0.5566"
"11,2 : 0.5566"
"2,12 : 0.2012"
"12,2 : 0.2012"
"2,13 : 0.6466"
"13,2 : 0.6466"
"2,14 : 0.6391"
"14,2 : 0.6391"
"2,15 : 0.2062"
"15,2 : 0.2062"
"2,16 : 0.2433"
"16,2 : 0.2433"
"2,17 : 0.5215"
"17,2 : 0.5215"
"2,18 : 0.2484"
"18,2 : 0.2484"
"2,19 : 0.4851"
"19,2 : 0.4851"
"2,20 : 0.5131"
"20,2 : 0.5131"
"2,21 : 0.4022"
"21,2 : 0.4022"
"2,22 : 0.5281"
"22,2 : 0.5281"
"2,23 : 0.8417"
"23,2 : 0.8417"
"2,24 : 0.2408"
"24,2 : 0.2408"
"2,25 : 0.2912"
"25,2 : 0.2912"
"2,26 : 0.1315"
"26,2 : 0.1315"
"2,27 : 0.6264"
"27,2 : 0.6264"
"2,28 : 0.2"
"28,2 : 0.2"
"2,29 : 0.3945"
"29,2 : 0.3945"
"2,30 : 0.4123"
"30,2 : 0.4123"
"2,31 : 0.6401"
"31,2 : 0.6401"
"2,32 : 0.4438"
"32,2 : 0.4438"
"2,33 : 0.1769"
"33,2 : 0.1769"
"2,34 : 0.286"
"34,2 : 0.286"
"2,35 : 0.6213"
"35,2 : 0.6213"
"2,36 : 0.728"
"36,2 : 0.728"
"2,37 : 0.642"
"37,2 : 0.642"
"2,38 : 0.3289"
"38,2 : 0.3289"
"2,39 : 0.7991"
"39,2 : 0.7991"
"2,40 : 0.6621"
"40,2 : 0.6621"
"2,41 : 0.9437"
"41,2 : 0.9437"
"2,42 : 0.3895"
"42,2 : 0.3895"
"2,43 : 0.6413"
"43,2 : 0.6413"
"2,44 : 0.922"
"44,2 : 0.922"
"2,45 : 0.2865"
"45,2 : 0.2865"
"2,46 : 0.6597"
"46,2 : 0.6597"
"2,47 : 0.3483"
"47,2 : 0.3483"
"2,48 : 0.0721"
"48,2 : 0.0721"
"2,49 : 0.228"
"49,2 : 0.228"
"3,4 : 0.3479"
"4,3 : 0.3479"
"3,5 : 0.1897"
"5,3 : 0.1897"
"3,6 : 0.1476"
"6,3 : 0.1476"
"3,7 : 0.6456"
"7,3 : 0.6456"
"3,8 : 0.6096"
"8,3 : 0.6096"
"3,9 : 0.472"
"9,3 : 0.472"
"3,10 : 0.3667"
"10,3 : 0.3667"
"3,11 : 0.5036"
"11,3 : 0.5036"
"3,12 : 0.2961"
"12,3 : 0.2961"
"3,13 : 0.7187"
"13,3 : 0.7187"
"3,14 : 0.5805"
"14,3 : 0.5805"
"3,15 : 0.0943"
"15,3 : 0.0943"
"3,16 : 0.1304"
"16,3 : 0.1304"
"3,17 : 0.6339"
"17,3 : 0.6339"
"3,18 : 0.1676"
"18,3 : 0.1676"
"3,19 : 0.5991"
"19,3 : 0.5991"
"3,20 : 0.5587"
"20,3 : 0.5587"
"3,21 : 0.3231"
"21,3 : 0.3231"
"3,22 : 0.5471"
"22,3 : 0.5471"
"3,23 : 0.8661"
"23,3 : 0.8661"
"3,24 : 0.1304"
"24,3 : 0.1304"
"3,25 : 0.2518"
"25,3 : 0.2518"
"3,26 : 0.1345"
"26,3 : 0.1345"
"3,27 : 0.6395"
"27,3 : 0.6395"
"3,28 : 0.3089"
"28,3 : 0.3089"
"3,29 : 0.4384"
"29,3 : 0.4384"
"3,30 : 0.507"
"30,3 : 0.507"
"3,31 : 0.7262"
"31,3 : 0.7262"
"3,32 : 0.5459"
"32,3 : 0.5459"
"3,33 : 0.0922"
"33,3 : 0.0922"
"3,34 : 0.1844"
"34,3 : 0.1844"
"3,35 : 0.5413"
"35,3 : 0.5413"
"3,36 : 0.7778"
"36,3 : 0.7778"
"3,37 : 0.6129"
"37,3 : 0.6129"
"3,38 : 0.2441"
"38,3 : 0.2441"
"3,39 : 0.794"
"39,3 : 0.794"
"3,40 : 0.5948"
"40,3 : 0.5948"
"3,41 : 0.9972"
"41,3 : 0.9972"
"3,42 : 0.4614"
"42,3 : 0.4614"
"3,43 : 0.755"
"43,3 : 0.755"
"3,44 : 0.9762"
"44,3 : 0.9762"
"3,45 : 0.3764"
"45,3 : 0.3764"
"3,46 : 0.612"
"46,3 : 0.612"
"3,47 : 0.264"
"47,3 : 0.264"
"3,48 : 0.0762"
"48,3 : 0.0762"
"3,49 : 0.3421"
"49,3 : 0.3421"
"4,5 : 0.5376"
"5,4 : 0.5376"
"4,6 : 0.204"
"6,4 : 0.204"
"4,7 : 0.2983"
"7,4 : 0.2983"
"4,8 : 0.5743"
"8,4 : 0.5743"
"4,9 : 0.4925"
"9,4 : 0.4925"
"4,10 : 0.1825"
"10,4 : 0.1825"
"4,11 : 0.724"
"11,4 : 0.724"
"4,12 : 0.1746"
"12,4 : 0.1746"
"4,13 : 0.5644"
"13,4 : 0.5644"
"4,14 : 0.8099"
"14,4 : 0.8099"
"4,15 : 0.4401"
"15,4 : 0.4401"
"4,16 : 0.4754"
"16,4 : 0.4754"
"4,17 : 0.3027"
"17,4 : 0.3027"
"4,18 : 0.4662"
"18,4 : 0.4662"
"4,19 : 0.2532"
"19,4 : 0.2532"
"4,20 : 0.5135"
"20,4 : 0.5135"
"4,21 : 0.6088"
"21,4 : 0.6088"
"4,22 : 0.5822"
"22,4 : 0.5822"
"4,23 : 0.8584"
"23,4 : 0.8584"
"4,24 : 0.4707"
"24,4 : 0.4707"
"4,25 : 0.4686"
"25,4 : 0.4686"
"4,26 : 0.3189"
"26,4 : 0.3189"
"4,27 : 0.6812"
"27,4 : 0.6812"
"4,28 : 0.0721"
"28,4 : 0.0721"
"4,29 : 0.4205"
"29,4 : 0.4205"
"4,30 : 0.2884"
"30,4 : 0.2884"
"4,31 : 0.5174"
"31,4 : 0.5174"
"4,32 : 0.2832"
"32,4 : 0.2832"
"4,33 : 0.4031"
"33,4 : 0.4031"
"4,34 : 0.5148"
"34,4 : 0.5148"
"4,35 : 0.8207"
"35,4 : 0.8207"
"4,36 : 0.6957"
"36,4 : 0.6957"
"4,37 : 0.769"
"37,4 : 0.769"
"4,38 : 0.5308"
"38,4 : 0.5308"
"4,39 : 0.8757"
"39,4 : 0.8757"
"4,40 : 0.844"
"40,4 : 0.844"
"4,41 : 0.89"
"41,4 : 0.89"
"4,42 : 0.3471"
"42,4 : 0.3471"
"4,43 : 0.4119"
"43,4 : 0.4119"
"4,44 : 0.8676"
"44,4 : 0.8676"
"4,45 : 0.222"
"45,4 : 0.222"
"4,46 : 0.8141"
"46,4 : 0.8141"
"4,47 : 0.5622"
"47,4 : 0.5622"
"4,48 : 0.2953"
"48,4 : 0.2953"
"4,49 : 0.02"
"49,4 : 0.02"
"5,6 : 0.3362"
"6,5 : 0.3362"
"5,7 : 0.8352"
"7,5 : 0.8352"
"5,8 : 0.7046"
"8,5 : 0.7046"
"5,9 : 0.5604"
"9,5 : 0.5604"
"5,10 : 0.5401"
"10,5 : 0.5401"
"5,11 : 0.4561"
"11,5 : 0.4561"
"5,12 : 0.47"
"12,5 : 0.47"
"5,13 : 0.8523"
"13,5 : 0.8523"
"5,14 : 0.5148"
"14,5 : 0.5148"
"5,15 : 0.1005"
"15,5 : 0.1005"
"5,16 : 0.0707"
"16,5 : 0.0707"
"5,17 : 0.8204"
"17,5 : 0.8204"
"5,18 : 0.164"
"18,5 : 0.164"
"5,19 : 0.7885"
"19,5 : 0.7885"
"5,20 : 0.6637"
"20,5 : 0.6637"
"5,21 : 0.2474"
"21,5 : 0.2474"
"5,22 : 0.6162"
"22,5 : 0.6162"
"5,23 : 0.927"
"23,5 : 0.927"
"5,24 : 0.086"
"24,5 : 0.086"
"5,25 : 0.2832"
"25,5 : 0.2832"
"5,26 : 0.2729"
"26,5 : 0.2729"
"5,27 : 0.6935"
"27,5 : 0.6935"
"5,28 : 0.4966"
"28,5 : 0.4966"
"5,29 : 0.5501"
"29,5 : 0.5501"
"5,30 : 0.6736"
"30,5 : 0.6736"
"5,31 : 0.878"
"31,5 : 0.878"
"5,32 : 0.7203"
"32,5 : 0.7203"
"5,33 : 0.1628"
"33,5 : 0.1628"
"5,34 : 0.1"
"34,5 : 0.1"
"5,35 : 0.4329"
"35,5 : 0.4329"
"5,36 : 0.8792"
"36,5 : 0.8792"
"5,37 : 0.6001"
"37,5 : 0.6001"
"5,38 : 0.201"
"38,5 : 0.201"
"5,39 : 0.8112"
"39,5 : 0.8112"
"5,40 : 0.5101"
"40,5 : 0.5101"
"5,41 : 1.0986"
"41,5 : 1.0986"
"5,42 : 0.6044"
"42,5 : 0.6044"
"5,43 : 0.9437"
"43,5 : 0.9437"
"5,44 : 1.079"
"44,5 : 1.079"
"5,45 : 0.5423"
"45,5 : 0.5423"
"5,46 : 0.5652"
"46,5 : 0.5652"
"5,47 : 0.1931"
"47,5 : 0.1931"
"5,48 : 0.2518"
"48,5 : 0.2518"
"5,49 : 0.5316"
"49,5 : 0.5316"
"6,7 : 0.5022"
"7,6 : 0.5022"
"6,8 : 0.5948"
"8,6 : 0.5948"
"6,9 : 0.4743"
"9,6 : 0.4743"
"6,10 : 0.2693"
"10,6 : 0.2693"
"6,11 : 0.6008"
"11,6 : 0.6008"
"6,12 : 0.2062"
"12,6 : 0.2062"
"6,13 : 0.658"
"13,6 : 0.658"
"6,14 : 0.6835"
"14,6 : 0.6835"
"6,15 : 0.2419"
"15,6 : 0.2419"
"6,16 : 0.272"
"16,6 : 0.272"
"6,17 : 0.5"
"17,6 : 0.5"
"6,18 : 0.2921"
"18,6 : 0.2921"
"6,19 : 0.4571"
"19,6 : 0.4571"
"6,20 : 0.5371"
"20,6 : 0.5371"
"6,21 : 0.4465"
"21,6 : 0.4465"
"6,22 : 0.5604"
"22,6 : 0.5604"
"6,23 : 0.8709"
"23,6 : 0.8709"
"6,24 : 0.2668"
"24,6 : 0.2668"
"6,25 : 0.3353"
"25,6 : 0.3353"
"6,26 : 0.1746"
"26,6 : 0.1746"
"6,27 : 0.6597"
"27,6 : 0.6597"
"6,28 : 0.1612"
"28,6 : 0.1612"
"6,29 : 0.4205"
"29,6 : 0.4205"
"6,30 : 0.4118"
"30,6 : 0.4118"
"6,31 : 0.6435"
"31,6 : 0.6435"
"6,32 : 0.4366"
"32,6 : 0.4366"
"6,33 : 0.2193"
"33,6 : 0.2193"
"6,34 : 0.3265"
"34,6 : 0.3265"
"6,35 : 0.6657"
"35,6 : 0.6657"
"6,36 : 0.7489"
"36,6 : 0.7489"
"6,37 : 0.6836"
"37,6 : 0.6836"
"6,38 : 0.3373"
"38,6 : 0.3373"
"6,39 : 0.836"
"39,6 : 0.836"
"6,40 : 0.7068"
"40,6 : 0.7068"
"6,41 : 0.9621"
"41,6 : 0.9621"
"6,42 : 0.4036"
"42,6 : 0.4036"
"6,43 : 0.6152"
"43,6 : 0.6152"
"6,44 : 0.9402"
"44,6 : 0.9402"
"6,45 : 0.2921"
"45,6 : 0.2921"
"6,46 : 0.7034"
"46,6 : 0.7034"
"6,47 : 0.392"
"47,6 : 0.392"
"6,48 : 0.1166"
"48,6 : 0.1166"
"6,49 : 0.201"
"49,6 : 0.201"
"7,8 : 0.6768"
"8,7 : 0.6768"
"7,9 : 0.6551"
"9,7 : 0.6551"
"7,10 : 0.3607"
"10,7 : 0.3607"
"7,11 : 0.9617"
"11,7 : 0.9617"
"7,12 : 0.408"
"12,7 : 0.408"
"7,13 : 0.5601"
"13,7 : 0.5601"
"7,14 : 1.0466"
"14,7 : 1.0466"
"7,15 : 0.7368"
"15,7 : 0.7368"
"7,16 : 0.7737"
"16,7 : 0.7737"
"7,17 : 0.1105"
"17,7 : 0.1105"
"7,18 : 0.7513"
"18,7 : 0.7513"
"7,19 : 0.05"
"19,7 : 0.05"
"7,20 : 0.6239"
"20,7 : 0.6239"
"7,21 : 0.882"
"21,7 : 0.882"
"7,22 : 0.7336"
"22,7 : 0.7336"
"7,23 : 0.9356"
"23,7 : 0.9356"
"7,24 : 0.769"
"24,7 : 0.769"
"7,25 : 0.7301"
"25,7 : 0.7301"
"7,26 : 0.5994"
"26,7 : 0.5994"
"7,27 : 0.8194"
"27,7 : 0.8194"
"7,28 : 0.3513"
"28,7 : 0.3513"
"7,29 : 0.5798"
"29,7 : 0.5798"
"7,30 : 0.3362"
"30,7 : 0.3362"
"7,31 : 0.4627"
"31,7 : 0.4627"
"7,32 : 0.272"
"32,7 : 0.272"
"7,33 : 0.6946"
"33,7 : 0.6946"
"7,34 : 0.8062"
"34,7 : 0.8062"
"7,35 : 1.0823"
"35,7 : 1.0823"
"7,36 : 0.7333"
"36,7 : 0.7333"
"7,37 : 0.9683"
"37,7 : 0.9683"
"7,38 : 0.821"
"38,7 : 0.821"
"7,39 : 1.0177"
"39,7 : 1.0177"
"7,40 : 1.0893"
"40,7 : 1.0893"
"7,41 : 0.8757"
"41,7 : 0.8757"
"7,42 : 0.4653"
"42,7 : 0.4653"
"7,43 : 0.1237"
"43,7 : 0.1237"
"7,44 : 0.8548"
"44,7 : 0.8548"
"7,45 : 0.3895"
"45,7 : 0.3895"
"7,46 : 1.0359"
"46,7 : 1.0359"
"7,47 : 0.8422"
"47,7 : 0.8422"
"7,48 : 0.5887"
"48,7 : 0.5887"
"7,49 : 0.3036"
"49,7 : 0.3036"
"8,9 : 0.1442"
"9,8 : 0.1442"
"8,10 : 0.392"
"10,8 : 0.392"
"8,11 : 0.4617"
"11,8 : 0.4617"
"8,12 : 0.4148"
"12,8 : 0.4148"
"8,13 : 0.2247"
"13,8 : 0.2247"
"8,14 : 0.5217"
"14,8 : 0.5217"
"8,15 : 0.6313"
"15,8 : 0.6313"
"8,16 : 0.6953"
"16,8 : 0.6953"
"8,17 : 0.5778"
"17,8 : 0.5778"
"8,18 : 0.5408"
"18,8 : 0.5408"
"8,19 : 0.636"
"19,8 : 0.636"
"8,20 : 0.0608"
"20,8 : 0.0608"
"8,21 : 0.5441"
"21,8 : 0.5441"
"8,22 : 0.1204"
"22,8 : 0.1204"
"8,23 : 0.2844"
"23,8 : 0.2844"
"8,24 : 0.7084"
"24,8 : 0.7084"
"8,25 : 0.4254"
"25,8 : 0.4254"
"8,26 : 0.4751"
"26,8 : 0.4751"
"8,27 : 0.1556"
"27,8 : 0.1556"
"8,28 : 0.6237"
"28,8 : 0.6237"
"8,29 : 0.1749"
"29,8 : 0.1749"
"8,30 : 0.3421"
"30,8 : 0.3421"
"8,31 : 0.3245"
"31,8 : 0.3245"
"8,32 : 0.405"
"32,8 : 0.405"
"8,33 : 0.5597"
"33,8 : 0.5597"
"8,34 : 0.6106"
"34,8 : 0.6106"
"8,35 : 0.6307"
"35,8 : 0.6307"
"8,36 : 0.1749"
"36,8 : 0.1749"
"8,37 : 0.3716"
"37,8 : 0.3716"
"8,38 : 0.8485"
"38,8 : 0.8485"
"8,39 : 0.3448"
"39,8 : 0.3448"
"8,40 : 0.5805"
"40,8 : 0.5805"
"8,41 : 0.3941"
"41,8 : 0.3941"
"8,42 : 0.23"
"42,8 : 0.23"
"8,43 : 0.6984"
"43,8 : 0.6984"
"8,44 : 0.3744"
"44,8 : 0.3744"
"8,45 : 0.3523"
"45,8 : 0.3523"
"8,46 : 0.4743"
"46,8 : 0.4743"
"8,47 : 0.5554"
"47,8 : 0.5554"
"8,48 : 0.542"
"48,8 : 0.542"
"8,49 : 0.5544"
"49,8 : 0.5544"
"9,10 : 0.3202"
"10,9 : 0.3202"
"9,11 : 0.3606"
"11,9 : 0.3606"
"9,12 : 0.3202"
"12,9 : 0.3202"
"9,13 : 0.33"
"13,9 : 0.33"
"9,14 : 0.4338"
"14,9 : 0.4338"
"9,15 : 0.4884"
"15,9 : 0.4884"
"9,16 : 0.5523"
"16,9 : 0.5523"
"9,17 : 0.5701"
"17,9 : 0.5701"
"9,18 : 0.3966"
"18,9 : 0.3966"
"9,19 : 0.609"
"19,9 : 0.609"
"9,20 : 0.1118"
"20,9 : 0.1118"
"9,21 : 0.4079"
"21,9 : 0.4079"
"9,22 : 0.09"
"22,9 : 0.09"
"9,23 : 0.3981"
"23,9 : 0.3981"
"9,24 : 0.5659"
"24,9 : 0.5659"
"9,25 : 0.2818"
"25,9 : 0.2818"
"9,26 : 0.3384"
"26,9 : 0.3384"
"9,27 : 0.1903"
"27,9 : 0.1903"
"9,28 : 0.5301"
"28,9 : 0.5301"
"9,29 : 0.0762"
"29,9 : 0.0762"
"9,30 : 0.3265"
"30,9 : 0.3265"
"9,31 : 0.4026"
"31,9 : 0.4026"
"9,32 : 0.397"
"32,9 : 0.397"
"9,33 : 0.4173"
"33,9 : 0.4173"
"9,34 : 0.4665"
"34,9 : 0.4665"
"9,35 : 0.5217"
"35,9 : 0.5217"
"9,36 : 0.3191"
"36,9 : 0.3191"
"9,37 : 0.3183"
"37,9 : 0.3183"
"9,38 : 0.7077"
"38,9 : 0.7077"
"9,39 : 0.3833"
"39,9 : 0.3833"
"9,40 : 0.4885"
"40,9 : 0.4885"
"9,41 : 0.5382"
"41,9 : 0.5382"
"9,42 : 0.1921"
"42,9 : 0.1921"
"9,43 : 0.7018"
"43,9 : 0.7018"
"9,44 : 0.5187"
"44,9 : 0.5187"
"9,45 : 0.2816"
"45,9 : 0.2816"
"9,46 : 0.4022"
"46,9 : 0.4022"
"9,47 : 0.4144"
"47,9 : 0.4144"
"9,48 : 0.4082"
"48,9 : 0.4082"
"9,49 : 0.4727"
"49,9 : 0.4727"
"10,11 : 0.6011"
"11,10 : 0.6011"
"10,12 : 0.0707"
"12,10 : 0.0707"
"10,13 : 0.3982"
"13,10 : 0.3982"
"10,14 : 0.6862"
"14,10 : 0.6862"
"10,15 : 0.4405"
"15,10 : 0.4405"
"10,16 : 0.4937"
"16,10 : 0.4937"
"10,17 : 0.3041"
"17,10 : 0.3041"
"10,18 : 0.4198"
"18,10 : 0.4198"
"10,19 : 0.3111"
"19,10 : 0.3111"
"10,20 : 0.3314"
"20,10 : 0.3314"
"10,21 : 0.5323"
"21,10 : 0.5323"
"10,22 : 0.4079"
"22,10 : 0.4079"
"10,23 : 0.676"
"23,10 : 0.676"
"10,24 : 0.4965"
"24,10 : 0.4965"
"10,25 : 0.3759"
"25,10 : 0.3759"
"10,26 : 0.2717"
"26,10 : 0.2717"
"10,27 : 0.5049"
"27,10 : 0.5049"
"10,28 : 0.2377"
"28,10 : 0.2377"
"10,29 : 0.2452"
"29,10 : 0.2452"
"10,30 : 0.1432"
"30,10 : 0.1432"
"10,31 : 0.3744"
"31,10 : 0.3744"
"10,32 : 0.1803"
"32,10 : 0.1803"
"10,33 : 0.3805"
"33,10 : 0.3805"
"10,34 : 0.4851"
"34,10 : 0.4851"
"10,35 : 0.7242"
"35,10 : 0.7242"
"10,36 : 0.5162"
"36,10 : 0.5162"
"10,37 : 0.6177"
"37,10 : 0.6177"
"10,38 : 0.5981"
"38,10 : 0.5981"
"10,39 : 0.7021"
"39,10 : 0.7021"
"10,40 : 0.7286"
"40,10 : 0.7286"
"10,41 : 0.7169"
"41,10 : 0.7169"
"10,42 : 0.1649"
"42,10 : 0.1649"
"10,43 : 0.4391"
"43,10 : 0.4391"
"10,44 : 0.6946"
"44,10 : 0.6946"
"10,45 : 0.04"
"45,10 : 0.04"
"10,46 : 0.678"
"46,10 : 0.678"
"10,47 : 0.4998"
"47,10 : 0.4998"
"10,48 : 0.2927"
"48,10 : 0.2927"
"10,49 : 0.1628"
"49,10 : 0.1628"
"11,12 : 0.5622"
"12,11 : 0.5622"
"11,13 : 0.6807"
"13,11 : 0.6807"
"11,14 : 0.086"
"14,11 : 0.086"
"11,15 : 0.4504"
"15,11 : 0.4504"
"11,16 : 0.495"
"16,11 : 0.495"
"11,17 : 0.895"
"17,11 : 0.895"
"11,18 : 0.3401"
"18,11 : 0.3401"
"11,19 : 0.9122"
"19,11 : 0.9122"
"11,20 : 0.461"
"20,11 : 0.461"
"11,21 : 0.2088"
"21,11 : 0.2088"
"11,22 : 0.3413"
"22,11 : 0.3413"
"11,23 : 0.5636"
"23,11 : 0.5636"
"11,24 : 0.5148"
"24,11 : 0.5148"
"11,25 : 0.2657"
"25,11 : 0.2657"
"11,26 : 0.4272"
"26,11 : 0.4272"
"11,27 : 0.3569"
"27,11 : 0.3569"
"11,28 : 0.729"
"28,11 : 0.729"
"11,29 : 0.4159"
"29,11 : 0.4159"
"11,30 : 0.6629"
"30,11 : 0.6629"
"11,31 : 0.7624"
"31,11 : 0.7624"
"11,32 : 0.7324"
"32,11 : 0.7324"
"11,33 : 0.4119"
"33,11 : 0.4119"
"11,34 : 0.365"
"34,11 : 0.365"
"11,35 : 0.1703"
"35,11 : 0.1703"
"11,36 : 0.612"
"36,11 : 0.612"
"11,37 : 0.1628"
"37,11 : 0.1628"
"11,38 : 0.6551"
"38,11 : 0.6551"
"11,39 : 0.3895"
"39,11 : 0.3895"
"11,40 : 0.1304"
"40,11 : 0.1304"
"11,41 : 0.8028"
"41,11 : 0.8028"
"11,42 : 0.5334"
"42,11 : 0.5334"
"11,43 : 1.0308"
"43,11 : 1.0308"
"11,44 : 0.7885"
"44,11 : 0.7885"
"11,45 : 0.5731"
"45,11 : 0.5731"
"11,46 : 0.1105"
"46,11 : 0.1105"
"11,47 : 0.2648"
"47,11 : 0.2648"
"11,48 : 0.4876"
"48,11 : 0.4876"
"11,49 : 0.7072"
"49,11 : 0.7072"
"12,13 : 0.4525"
"13,12 : 0.4525"
"12,14 : 0.6482"
"14,12 : 0.6482"
"12,15 : 0.3701"
"15,12 : 0.3701"
"12,16 : 0.423"
"16,12 : 0.423"
"12,17 : 0.364"
"17,12 : 0.364"
"12,18 : 0.3544"
"18,12 : 0.3544"
"12,19 : 0.3581"
"19,12 : 0.3581"
"12,20 : 0.3544"
"20,12 : 0.3544"
"12,21 : 0.4751"
"21,12 : 0.4751"
"12,22 : 0.4101"
"22,12 : 0.4101"
"12,23 : 0.6986"
"23,12 : 0.6986"
"12,24 : 0.4258"
"24,12 : 0.4258"
"12,25 : 0.322"
"25,12 : 0.322"
"12,26 : 0.204"
"26,12 : 0.204"
"12,27 : 0.51"
"27,12 : 0.51"
"12,28 : 0.211"
"28,12 : 0.211"
"12,29 : 0.2508"
"29,12 : 0.2508"
"12,30 : 0.2119"
"30,12 : 0.2119"
"12,31 : 0.4391"
"31,12 : 0.4391"
"12,32 : 0.2508"
"32,12 : 0.2508"
"12,33 : 0.3114"
"33,12 : 0.3114"
"12,34 : 0.4177"
"34,12 : 0.4177"
"12,35 : 0.6748"
"35,12 : 0.6748"
"12,36 : 0.5547"
"36,12 : 0.5547"
"12,37 : 0.5962"
"37,12 : 0.5962"
"12,38 : 0.5292"
"38,12 : 0.5292"
"12,39 : 0.7026"
"39,12 : 0.7026"
"12,40 : 0.6868"
"40,12 : 0.6868"
"12,41 : 0.7628"
"41,12 : 0.7628"
"12,42 : 0.2025"
"42,12 : 0.2025"
"12,43 : 0.4966"
"43,12 : 0.4966"
"12,44 : 0.7406"
"44,12 : 0.7406"
"12,45 : 0.086"
"45,12 : 0.086"
"12,46 : 0.6466"
"46,12 : 0.6466"
"12,47 : 0.4386"
"47,12 : 0.4386"
"12,48 : 0.222"
"48,12 : 0.222"
"12,49 : 0.1552"
"49,12 : 0.1552"
"13,14 : 0.7446"
"14,13 : 0.7446"
"13,15 : 0.7649"
"15,13 : 0.7649"
"13,16 : 0.8273"
"16,13 : 0.8273"
"13,17 : 0.4504"
"17,13 : 0.4504"
"13,18 : 0.6957"
"18,13 : 0.6957"
"13,19 : 0.5308"
"19,13 : 0.5308"
"13,20 : 0.2209"
"20,13 : 0.2209"
"13,21 : 0.7344"
"21,13 : 0.7344"
"13,22 : 0.3421"
"22,13 : 0.3421"
"13,23 : 0.394"
"23,13 : 0.394"
"13,24 : 0.8365"
"24,13 : 0.8365"
"13,25 : 0.5944"
"25,13 : 0.5944"
"13,26 : 0.5906"
"26,13 : 0.5906"
"13,27 : 0.3722"
"27,13 : 0.3722"
"13,28 : 0.6297"
"28,13 : 0.6297"
"13,29 : 0.3081"
"29,13 : 0.3081"
"13,30 : 0.2773"
"30,13 : 0.2773"
"13,31 : 0.1166"
"31,13 : 0.1166"
"13,32 : 0.3081"
"32,13 : 0.3081"
"13,33 : 0.6935"
"33,13 : 0.6935"
"13,34 : 0.7684"
"34,13 : 0.7684"
"13,35 : 0.8472"
"35,13 : 0.8472"
"13,36 : 0.1803"
"36,13 : 0.1803"
"13,37 : 0.5962"
"37,13 : 0.5962"
"13,38 : 0.9625"
"38,13 : 0.9625"
"13,39 : 0.5374"
"39,13 : 0.5374"
"13,40 : 0.8028"
"40,13 : 0.8028"
"13,41 : 0.3289"
"41,13 : 0.3289"
"13,42 : 0.2581"
"42,13 : 0.2581"
"13,43 : 0.5457"
"43,13 : 0.5457"
"13,44 : 0.3068"
"44,13 : 0.3068"
"13,45 : 0.368"
"45,13 : 0.368"
"13,46 : 0.6989"
"46,13 : 0.6989"
"13,47 : 0.7335"
"47,13 : 0.7335"
"13,48 : 0.6435"
"48,13 : 0.6435"
"13,49 : 0.5471"
"49,13 : 0.5471"
"14,15 : 0.5209"
"15,14 : 0.5209"
"14,16 : 0.5604"
"16,14 : 0.5604"
"14,17 : 0.9784"
"17,14 : 0.9784"
"14,18 : 0.4144"
"18,14 : 0.4144"
"14,19 : 0.9972"
"19,14 : 0.9972"
"14,20 : 0.5281"
"20,14 : 0.5281"
"14,21 : 0.2702"
"21,14 : 0.2702"
"14,22 : 0.4026"
"22,14 : 0.4026"
"14,23 : 0.5852"
"23,14 : 0.5852"
"14,24 : 0.5803"
"24,14 : 0.5803"
"14,25 : 0.3493"
"25,14 : 0.3493"
"14,26 : 0.5108"
"26,14 : 0.5108"
"14,27 : 0.4"
"27,14 : 0.4"
"14,28 : 0.8141"
"28,14 : 0.8141"
"14,29 : 0.494"
"29,14 : 0.494"
"14,30 : 0.744"
"30,14 : 0.744"
"14,31 : 0.8322"
"31,14 : 0.8322"
"14,32 : 0.814"
"32,14 : 0.814"
"14,33 : 0.4884"
"33,14 : 0.4884"
"14,34 : 0.4301"
"34,14 : 0.4301"
"14,35 : 0.1442"
"35,14 : 0.1442"
"14,36 : 0.6603"
"36,14 : 0.6603"
"14,37 : 0.1746"
"37,14 : 0.1746"
"14,38 : 0.7157"
"38,14 : 0.7157"
"14,39 : 0.3895"
"39,14 : 0.3895"
"14,40 : 0.06"
"40,14 : 0.06"
"14,41 : 0.8386"
"41,14 : 0.8386"
"14,42 : 0.6129"
"42,14 : 0.6129"
"14,43 : 1.114"
"43,14 : 1.114"
"14,44 : 0.8261"
"44,14 : 0.8261"
"14,45 : 0.6576"
"45,14 : 0.6576"
"14,46 : 0.0721"
"46,14 : 0.0721"
"14,47 : 0.33"
"47,14 : 0.33"
"14,48 : 0.5692"
"48,14 : 0.5692"
"14,49 : 0.7932"
"49,14 : 0.7932"
"15,16 : 0.064"
"16,15 : 0.064"
"15,17 : 0.7201"
"17,15 : 0.7201"
"15,18 : 0.114"
"18,15 : 0.114"
"15,19 : 0.6896"
"19,15 : 0.6896"
"15,20 : 0.586"
"20,15 : 0.586"
"15,21 : 0.2532"
"21,15 : 0.2532"
"15,22 : 0.5532"
"22,15 : 0.5532"
"15,23 : 0.8701"
"23,15 : 0.8701"
"15,24 : 0.0781"
"24,15 : 0.0781"
"15,25 : 0.2283"
"25,15 : 0.2283"
"15,26 : 0.1772"
"26,15 : 0.1772"
"15,27 : 0.6382"
"27,15 : 0.6382"
"15,28 : 0.4031"
"28,15 : 0.4031"
"15,29 : 0.4687"
"29,15 : 0.4687"
"15,30 : 0.5756"
"30,15 : 0.5756"
"15,31 : 0.7845"
"31,15 : 0.7845"
"15,32 : 0.6207"
"32,15 : 0.6207"
"15,33 : 0.0721"
"33,15 : 0.0721"
"15,34 : 0.0985"
"34,15 : 0.0985"
"15,35 : 0.4649"
"35,15 : 0.4649"
"15,36 : 0.8043"
"36,15 : 0.8043"
"15,37 : 0.5772"
"37,15 : 0.5772"
"15,38 : 0.2247"
"38,15 : 0.2247"
"15,39 : 0.7747"
"39,15 : 0.7747"
"15,40 : 0.5277"
"40,15 : 0.5277"
"15,41 : 1.0245"
"41,15 : 1.0245"
"15,42 : 0.5126"
"42,15 : 0.5126"
"15,43 : 0.844"
"43,15 : 0.844"
"15,44 : 1.0042"
"44,15 : 1.0042"
"15,45 : 0.4441"
"45,15 : 0.4441"
"15,46 : 0.5608"
"46,15 : 0.5608"
"15,47 : 0.1924"
"47,15 : 0.1924"
"15,48 : 0.1513"
"48,15 : 0.1513"
"15,49 : 0.4332"
"49,15 : 0.4332"
"16,17 : 0.7642"
"17,16 : 0.7642"
"16,18 : 0.17"
"18,16 : 0.17"
"16,19 : 0.7278"
"19,16 : 0.7278"
"16,20 : 0.65"
"20,16 : 0.65"
"16,21 : 0.2902"
"21,16 : 0.2902"
"16,22 : 0.6162"
"22,16 : 0.6162"
"16,23 : 0.9324"
"23,16 : 0.9324"
"16,24 : 0.02"
"24,16 : 0.02"
"16,25 : 0.2884"
"25,16 : 0.2884"
"16,26 : 0.2377"
"26,16 : 0.2377"
"16,27 : 0.7"
"27,16 : 0.7"
"16,28 : 0.4308"
"28,16 : 0.4308"
"16,29 : 0.5325"
"29,16 : 0.5325"
"16,30 : 0.6315"
"30,16 : 0.6315"
"16,31 : 0.8443"
"31,16 : 0.8443"
"16,32 : 0.6736"
"32,16 : 0.6736"
"16,33 : 0.136"
"33,16 : 0.136"
"16,34 : 0.1304"
"34,16 : 0.1304"
"16,35 : 0.4903"
"35,16 : 0.4903"
"16,36 : 0.8683"
"36,16 : 0.8683"
"16,37 : 0.6294"
"37,16 : 0.6294"
"16,38 : 0.1655"
"38,16 : 0.1655"
"16,39 : 0.8319"
"39,16 : 0.8319"
"16,40 : 0.5614"
"40,16 : 0.5614"
"16,41 : 1.0885"
"41,16 : 1.0885"
"16,42 : 0.5738"
"42,16 : 0.5738"
"16,43 : 0.8846"
"43,16 : 0.8846"
"16,44 : 1.0683"
"44,16 : 1.0683"
"16,45 : 0.5001"
"45,16 : 0.5001"
"16,46 : 0.6053"
"46,16 : 0.6053"
"16,47 : 0.2309"
"47,16 : 0.2309"
"16,48 : 0.201"
"48,16 : 0.201"
"16,49 : 0.4707"
"49,16 : 0.4707"
"17,18 : 0.7178"
"18,17 : 0.7178"
"17,19 : 0.0943"
"19,17 : 0.0943"
"17,20 : 0.5277"
"20,17 : 0.5277"
"17,21 : 0.8363"
"21,17 : 0.8363"
"17,22 : 0.6435"
"22,17 : 0.6435"
"17,23 : 0.8298"
"23,17 : 0.8298"
"17,24 : 0.7624"
"24,17 : 0.7624"
"17,25 : 0.68"
"25,17 : 0.68"
"17,26 : 0.5661"
"26,17 : 0.5661"
"17,27 : 0.7247"
"27,17 : 0.7247"
"17,28 : 0.3688"
"28,17 : 0.3688"
"17,29 : 0.4968"
"29,17 : 0.4968"
"17,30 : 0.2441"
"30,17 : 0.2441"
"17,31 : 0.3523"
"31,17 : 0.3523"
"17,32 : 0.1749"
"32,17 : 0.1749"
"17,33 : 0.6694"
"33,17 : 0.6694"
"17,34 : 0.7788"
"34,17 : 0.7788"
"17,35 : 1.0263"
"35,17 : 1.0263"
"17,36 : 0.6251"
"36,17 : 0.6251"
"17,37 : 0.8873"
"37,17 : 0.8873"
"17,38 : 0.8329"
"38,17 : 0.8329"
"17,39 : 0.9214"
"39,17 : 0.9214"
"17,40 : 1.0245"
"40,17 : 1.0245"
"17,41 : 0.7653"
"41,17 : 0.7653"
"17,42 : 0.378"
"42,17 : 0.378"
"17,43 : 0.136"
"43,17 : 0.136"
"17,44 : 0.7443"
"44,17 : 0.7443"
"17,45 : 0.3245"
"45,17 : 0.3245"
"17,46 : 0.9617"
"46,17 : 0.9617"
"17,47 : 0.8023"
"47,17 : 0.8023"
"17,48 : 0.5689"
"48,17 : 0.5689"
"17,49 : 0.3007"
"49,17 : 0.3007"
"18,19 : 0.7021"
"19,18 : 0.7021"
"18,20 : 0.5012"
"20,18 : 0.5012"
"18,21 : 0.1565"
"21,18 : 0.1565"
"18,22 : 0.4528"
"22,18 : 0.4528"
"18,23 : 0.7658"
"23,18 : 0.7658"
"18,24 : 0.1879"
"24,18 : 0.1879"
"18,25 : 0.1204"
"25,18 : 0.1204"
"18,26 : 0.1523"
"26,18 : 0.1523"
"18,27 : 0.5326"
"27,18 : 0.5326"
"18,28 : 0.4455"
"28,18 : 0.4455"
"18,29 : 0.39"
"29,18 : 0.39"
"18,30 : 0.5408"
"30,18 : 0.5408"
"18,31 : 0.7299"
"31,18 : 0.7299"
"18,32 : 0.5954"
"32,18 : 0.5954"
"18,33 : 0.0762"
"33,18 : 0.0762"
"18,34 : 0.0728"
"34,18 : 0.0728"
"18,35 : 0.3759"
"35,18 : 0.3759"
"18,36 : 0.7156"
"36,18 : 0.7156"
"18,37 : 0.4632"
"37,18 : 0.4632"
"18,38 : 0.3354"
"38,18 : 0.3354"
"18,39 : 0.6621"
"39,18 : 0.6621"
"18,40 : 0.4272"
"40,18 : 0.4272"
"18,41 : 0.9348"
"41,18 : 0.9348"
"18,42 : 0.4554"
"42,18 : 0.4554"
"18,43 : 0.8486"
"43,18 : 0.8486"
"18,44 : 0.9153"
"44,18 : 0.9153"
"18,45 : 0.413"
"45,18 : 0.413"
"18,46 : 0.45"
"46,18 : 0.45"
"18,47 : 0.1"
"47,18 : 0.1"
"18,48 : 0.1769"
"48,18 : 0.1769"
"18,49 : 0.4549"
"49,18 : 0.4549"
"19,20 : 0.5819"
"20,19 : 0.5819"
"19,21 : 0.8322"
"21,19 : 0.8322"
"19,22 : 0.6888"
"22,19 : 0.6888"
"19,23 : 0.8994"
"23,19 : 0.8994"
"19,24 : 0.7237"
"24,19 : 0.7237"
"19,25 : 0.6801"
"25,19 : 0.6801"
"19,26 : 0.5501"
"26,19 : 0.5501"
"19,27 : 0.7762"
"27,19 : 0.7762"
"19,28 : 0.31"
"28,19 : 0.31"
"19,29 : 0.5334"
"29,19 : 0.5334"
"19,30 : 0.2941"
"30,19 : 0.2941"
"19,31 : 0.4393"
"31,19 : 0.4393"
"19,32 : 0.2335"
"32,19 : 0.2335"
"19,33 : 0.6462"
"33,19 : 0.6462"
"19,34 : 0.7577"
"34,19 : 0.7577"
"19,35 : 1.0323"
"35,19 : 1.0323"
"19,36 : 0.7006"
"36,19 : 0.7006"
"19,37 : 0.9209"
"37,19 : 0.9209"
"19,38 : 0.7801"
"38,19 : 0.7801"
"19,39 : 0.975"
"39,19 : 0.975"
"19,40 : 1.0397"
"40,19 : 1.0397"
"19,41 : 0.8516"
"41,19 : 0.8516"
"19,42 : 0.4205"
"42,19 : 0.4205"
"19,43 : 0.16"
"43,19 : 0.16"
"19,44 : 0.8302"
"44,19 : 0.8302"
"19,45 : 0.3406"
"45,19 : 0.3406"
"19,46 : 0.9872"
"46,19 : 0.9872"
"19,47 : 0.7926"
"47,19 : 0.7926"
"19,48 : 0.5408"
"48,19 : 0.5408"
"19,49 : 0.2571"
"49,19 : 0.2571"
"20,21 : 0.5197"
"21,20 : 0.5197"
"20,22 : 0.1304"
"22,20 : 0.1304"
"20,23 : 0.3453"
"23,20 : 0.3453"
"20,24 : 0.6622"
"24,20 : 0.6622"
"20,25 : 0.39"
"25,20 : 0.39"
"20,26 : 0.4243"
"26,20 : 0.4243"
"20,27 : 0.1972"
"27,20 : 0.1972"
"20,28 : 0.5629"
"28,20 : 0.5629"
"20,29 : 0.1204"
"29,20 : 0.1204"
"20,30 : 0.2879"
"30,20 : 0.2879"
"20,31 : 0.3046"
"31,20 : 0.3046"
"20,32 : 0.3534"
"32,20 : 0.3534"
"20,33 : 0.514"
"33,20 : 0.514"
"20,34 : 0.5725"
"34,20 : 0.5725"
"20,35 : 0.6265"
"35,20 : 0.6265"
"20,36 : 0.2193"
"36,20 : 0.2193"
"20,37 : 0.3912"
"37,20 : 0.3912"
"20,38 : 0.7998"
"38,20 : 0.7998"
"20,39 : 0.394"
"39,20 : 0.394"
"20,40 : 0.5852"
"40,20 : 0.5852"
"20,41 : 0.4393"
"41,20 : 0.4393"
"20,42 : 0.1703"
"42,20 : 0.1703"
"20,43 : 0.6519"
"43,20 : 0.6519"
"20,44 : 0.4187"
"44,20 : 0.4187"
"20,45 : 0.2915"
"45,20 : 0.2915"
"20,46 : 0.4875"
"46,20 : 0.4875"
"20,47 : 0.525"
"47,20 : 0.525"
"20,48 : 0.4892"
"48,20 : 0.4892"
"20,49 : 0.4937"
"49,20 : 0.4937"
"21,22 : 0.4346"
"22,21 : 0.4346"
"21,23 : 0.7201"
"23,21 : 0.7201"
"21,24 : 0.3102"
"24,21 : 0.3102"
"21,25 : 0.1581"
"25,21 : 0.1581"
"21,26 : 0.29"
"26,21 : 0.29"
"21,27 : 0.4909"
"27,21 : 0.4909"
"21,28 : 0.5955"
"28,21 : 0.5955"
"21,29 : 0.4301"
"29,21 : 0.4301"
"21,30 : 0.6332"
"30,21 : 0.6332"
"21,31 : 0.7903"
"31,21 : 0.7903"
"21,32 : 0.6957"
"32,21 : 0.6957"
"21,33 : 0.2326"
"33,21 : 0.2326"
"21,34 : 0.16"
"34,21 : 0.16"
"21,35 : 0.2195"
"35,21 : 0.2195"
"21,36 : 0.7151"
"36,21 : 0.7151"
"21,37 : 0.3585"
"37,21 : 0.3585"
"21,38 : 0.4472"
"38,21 : 0.4472"
"21,39 : 0.578"
"39,21 : 0.578"
"21,40 : 0.2746"
"40,21 : 0.2746"
"21,41 : 0.9261"
"41,21 : 0.9261"
"21,42 : 0.5247"
"42,21 : 0.5247"
"21,43 : 0.9706"
"43,21 : 0.9706"
"21,44 : 0.9087"
"44,21 : 0.9087"
"21,45 : 0.5162"
"45,21 : 0.5162"
"21,46 : 0.3178"
"46,21 : 0.3178"
"21,47 : 0.0608"
"47,21 : 0.0608"
"21,48 : 0.3302"
"48,21 : 0.3302"
"21,49 : 0.5955"
"49,21 : 0.5955"
"22,23 : 0.3191"
"23,22 : 0.3191"
"22,24 : 0.6313"
"24,22 : 0.6313"
"22,25 : 0.333"
"25,22 : 0.333"
"22,26 : 0.4159"
"26,22 : 0.4159"
"22,27 : 0.1005"
"27,22 : 0.1005"
"22,28 : 0.6201"
"28,22 : 0.6201"
"22,29 : 0.1628"
"29,22 : 0.1628"
"22,30 : 0.3996"
"30,22 : 0.3996"
"22,31 : 0.4338"
"31,22 : 0.4338"
"22,32 : 0.4687"
"32,22 : 0.4687"
"22,33 : 0.4841"
"33,22 : 0.4841"
"22,34 : 0.5186"
"34,22 : 0.5186"
"22,35 : 0.5104"
"35,22 : 0.5104"
"22,36 : 0.2816"
"36,22 : 0.2816"
"22,37 : 0.2608"
"37,22 : 0.2608"
"22,38 : 0.7762"
"38,22 : 0.7762"
"22,39 : 0.2943"
"39,22 : 0.2943"
"22,40 : 0.461"
"40,22 : 0.461"
"22,41 : 0.4919"
"41,22 : 0.4919"
"22,42 : 0.2683"
"42,22 : 0.2683"
"22,43 : 0.772"
"43,22 : 0.772"
"22,44 : 0.4742"
"44,22 : 0.4742"
"22,45 : 0.3688"
"45,22 : 0.3688"
"22,46 : 0.3585"
"46,22 : 0.3585"
"22,47 : 0.4528"
"47,22 : 0.4528"
"22,48 : 0.4875"
"48,22 : 0.4875"
"22,49 : 0.5622"
"49,22 : 0.5622"
"23,24 : 0.9481"
"24,23 : 0.9481"
"23,25 : 0.6454"
"25,23 : 0.6454"
"23,26 : 0.7343"
"26,23 : 0.7343"
"23,27 : 0.2335"
"27,23 : 0.2335"
"23,28 : 0.908"
"28,23 : 0.908"
"23,29 : 0.4522"
"29,23 : 0.4522"
"23,30 : 0.6113"
"30,23 : 0.6113"
"23,31 : 0.5099"
"31,23 : 0.5099"
"23,32 : 0.6661"
"32,23 : 0.6661"
"23,33 : 0.8021"
"33,23 : 0.8021"
"23,34 : 0.8276"
"34,23 : 0.8276"
"23,35 : 0.7245"
"35,23 : 0.7245"
"23,36 : 0.2147"
"36,23 : 0.2147"
"23,37 : 0.4111"
"37,23 : 0.4111"
"23,38 : 1.094"
"38,23 : 1.094"
"23,39 : 0.2209"
"39,23 : 0.2209"
"23,40 : 0.6429"
"40,23 : 0.6429"
"23,41 : 0.2746"
"41,23 : 0.2746"
"23,42 : 0.5124"
"42,23 : 0.5124"
"23,43 : 0.9361"
"43,23 : 0.9361"
"23,44 : 0.2693"
"44,23 : 0.2693"
"23,45 : 0.6364"
"45,23 : 0.6364"
"23,46 : 0.5166"
"46,23 : 0.5166"
"23,47 : 0.7507"
"47,23 : 0.7507"
"23,48 : 0.8053"
"48,23 : 0.8053"
"23,49 : 0.8386"
"49,23 : 0.8386"
"24,25 : 0.3053"
"25,24 : 0.3053"
"24,26 : 0.246"
"26,24 : 0.246"
"24,27 : 0.7161"
"27,24 : 0.7161"
"24,28 : 0.4238"
"28,24 : 0.4238"
"24,29 : 0.5441"
"29,24 : 0.5441"
"24,30 : 0.6356"
"30,24 : 0.6356"
"24,31 : 0.8509"
"31,24 : 0.8509"
"24,32 : 0.676"
"32,24 : 0.676"
"24,33 : 0.1487"
"33,24 : 0.1487"
"24,34 : 0.1503"
"34,24 : 0.1503"
"24,35 : 0.5099"
"35,24 : 0.5099"
"24,36 : 0.8809"
"36,24 : 0.8809"
"24,37 : 0.6485"
"37,24 : 0.6485"
"24,38 : 0.1476"
"38,24 : 0.1476"
"24,39 : 0.85"
"39,24 : 0.85"
"24,40 : 0.5814"
"40,24 : 0.5814"
"24,41 : 1.1011"
"41,24 : 1.1011"
"24,42 : 0.5818"
"42,24 : 0.5818"
"24,43 : 0.8812"
"43,24 : 0.8812"
"24,44 : 1.0807"
"44,24 : 1.0807"
"24,45 : 0.5045"
"45,24 : 0.5045"
"24,46 : 0.6251"
"46,24 : 0.6251"
"24,47 : 0.2508"
"47,24 : 0.2508"
"24,48 : 0.204"
"48,24 : 0.204"
"24,49 : 0.4669"
"49,24 : 0.4669"
"25,26 : 0.1616"
"26,25 : 0.1616"
"25,27 : 0.4123"
"27,25 : 0.4123"
"25,28 : 0.4665"
"28,25 : 0.4665"
"25,29 : 0.2864"
"29,25 : 0.2864"
"25,30 : 0.4754"
"30,25 : 0.4754"
"25,31 : 0.6407"
"31,25 : 0.6407"
"25,32 : 0.5376"
"32,25 : 0.5376"
"25,33 : 0.1676"
"33,25 : 0.1676"
"25,34 : 0.186"
"34,25 : 0.186"
"25,35 : 0.3538"
"35,25 : 0.3538"
"25,36 : 0.6003"
"36,25 : 0.6003"
"25,37 : 0.3612"
"37,25 : 0.3612"
"25,38 : 0.4528"
"38,25 : 0.4528"
"25,39 : 0.5478"
"39,25 : 0.5478"
"25,40 : 0.3774"
"40,25 : 0.3774"
"25,41 : 0.8184"
"41,25 : 0.8184"
"25,42 : 0.3705"
"42,25 : 0.3705"
"25,43 : 0.8149"
"43,25 : 0.8149"
"25,44 : 0.7992"
"44,25 : 0.7992"
"25,45 : 0.3585"
"45,25 : 0.3585"
"25,46 : 0.3688"
"46,25 : 0.3688"
"25,47 : 0.1404"
"47,25 : 0.1404"
"25,48 : 0.2236"
"48,25 : 0.2236"
"25,49 : 0.4534"
"49,25 : 0.4534"
"26,27 : 0.5108"
"27,26 : 0.5108"
"26,28 : 0.3081"
"28,26 : 0.3081"
"26,29 : 0.3041"
"29,26 : 0.3041"
"26,30 : 0.4011"
"30,26 : 0.4011"
"26,31 : 0.6073"
"31,26 : 0.6073"
"26,32 : 0.4504"
"32,26 : 0.4504"
"26,33 : 0.1105"
"33,26 : 0.1105"
"26,34 : 0.2138"
"34,26 : 0.2138"
"26,35 : 0.5045"
"35,26 : 0.5045"
"26,36 : 0.6435"
"36,26 : 0.6435"
"26,37 : 0.5109"
"37,26 : 0.5109"
"26,38 : 0.3764"
"38,26 : 0.3764"
"26,39 : 0.6747"
"39,26 : 0.6747"
"26,40 : 0.5371"
"40,26 : 0.5371"
"26,41 : 0.8631"
"41,26 : 0.8631"
"26,42 : 0.3362"
"42,26 : 0.3362"
"26,43 : 0.6964"
"43,26 : 0.6964"
"26,44 : 0.8422"
"44,26 : 0.8422"
"26,45 : 0.2702"
"45,26 : 0.2702"
"26,46 : 0.5289"
"46,26 : 0.5289"
"26,47 : 0.2441"
"47,26 : 0.2441"
"26,48 : 0.0728"
"48,26 : 0.0728"
"26,49 : 0.3061"
"49,26 : 0.3061"
"27,28 : 0.7203"
"28,27 : 0.7203"
"27,29 : 0.2608"
"29,27 : 0.2608"
"27,30 : 0.4833"
"30,27 : 0.4833"
"27,31 : 0.478"
"31,27 : 0.478"
"27,32 : 0.5501"
"32,27 : 0.5501"
"27,33 : 0.5714"
"33,27 : 0.5714"
"27,34 : 0.5941"
"34,27 : 0.5941"
"27,35 : 0.5261"
"35,27 : 0.5261"
"27,36 : 0.2608"
"36,27 : 0.2608"
"27,37 : 0.2335"
"37,27 : 0.2335"
"27,38 : 0.8627"
"38,27 : 0.8627"
"27,39 : 0.1992"
"39,27 : 0.1992"
"27,40 : 0.46"
"40,27 : 0.46"
"27,41 : 0.4464"
"41,27 : 0.4464"
"27,42 : 0.3574"
"42,27 : 0.3574"
"27,43 : 0.8491"
"43,27 : 0.8491"
"27,44 : 0.4317"
"44,27 : 0.4317"
"27,45 : 0.4653"
"45,27 : 0.4653"
"27,46 : 0.3423"
"46,27 : 0.3423"
"27,47 : 0.5186"
"47,27 : 0.5186"
"27,48 : 0.5831"
"48,27 : 0.5831"
"27,49 : 0.6612"
"49,27 : 0.6612"
"28,29 : 0.4617"
"29,28 : 0.4617"
"28,30 : 0.3561"
"30,28 : 0.3561"
"28,31 : 0.5873"
"31,28 : 0.5873"
"28,32 : 0.3547"
"32,28 : 0.3547"
"28,33 : 0.3764"
"33,28 : 0.3764"
"28,34 : 0.486"
"34,28 : 0.486"
"28,35 : 0.8122"
"35,28 : 0.8122"
"28,36 : 0.7539"
"36,28 : 0.7539"
"28,37 : 0.7885"
"37,28 : 0.7885"
"28,38 : 0.4701"
"38,28 : 0.4701"
"28,39 : 0.9109"
"39,28 : 0.9109"
"28,40 : 0.8438"
"40,28 : 0.8438"
"28,41 : 0.9529"
"41,28 : 0.9529"
"28,42 : 0.4016"
"42,28 : 0.4016"
"28,43 : 0.47"
"43,28 : 0.47"
"28,44 : 0.9306"
"44,28 : 0.9306"
"28,45 : 0.2751"
"45,28 : 0.2751"
"28,46 : 0.8246"
"46,28 : 0.8246"
"28,47 : 0.5445"
"47,28 : 0.5445"
"28,48 : 0.2691"
"48,28 : 0.2691"
"28,49 : 0.0849"
"49,28 : 0.0849"
"29,30 : 0.2546"
"30,29 : 0.2546"
"29,31 : 0.3612"
"31,29 : 0.3612"
"29,32 : 0.3253"
"32,29 : 0.3253"
"29,33 : 0.3966"
"33,29 : 0.3966"
"29,34 : 0.4624"
"34,29 : 0.4624"
"29,35 : 0.5692"
"35,29 : 0.5692"
"29,36 : 0.3394"
"36,29 : 0.3394"
"29,37 : 0.3905"
"37,29 : 0.3905"
"29,38 : 0.6801"
"38,29 : 0.6801"
"29,39 : 0.4571"
"39,29 : 0.4571"
"29,40 : 0.5459"
"40,29 : 0.5459"
"29,41 : 0.559"
"41,29 : 0.559"
"29,42 : 0.1204"
"42,29 : 0.1204"
"29,43 : 0.6297"
"43,29 : 0.6297"
"29,44 : 0.5381"
"44,29 : 0.5381"
"29,45 : 0.2062"
"45,29 : 0.2062"
"29,46 : 0.4686"
"46,29 : 0.4686"
"29,47 : 0.4258"
"47,29 : 0.4258"
"29,48 : 0.3688"
"48,29 : 0.3688"
"29,49 : 0.4005"
"49,29 : 0.4005"
"30,31 : 0.2343"
"31,30 : 0.2343"
"30,32 : 0.0707"
"32,30 : 0.0707"
"30,33 : 0.5116"
"33,30 : 0.5116"
"30,34 : 0.6101"
"34,30 : 0.6101"
"30,35 : 0.805"
"35,30 : 0.805"
"30,36 : 0.4243"
"36,30 : 0.4243"
"30,37 : 0.6444"
"37,30 : 0.6444"
"30,38 : 0.7409"
"38,30 : 0.7409"
"30,39 : 0.6815"
"39,30 : 0.6815"
"30,40 : 0.7932"
"40,30 : 0.7932"
"30,41 : 0.6054"
"41,30 : 0.6054"
"30,42 : 0.1345"
"42,30 : 0.1345"
"30,43 : 0.3754"
"43,30 : 0.3754"
"30,44 : 0.5831"
"44,30 : 0.5831"
"30,45 : 0.1315"
"45,30 : 0.1315"
"30,46 : 0.7225"
"46,30 : 0.7225"
"30,47 : 0.61"
"47,30 : 0.61"
"30,48 : 0.4317"
"48,30 : 0.4317"
"30,49 : 0.272"
"49,30 : 0.272"
"31,32 : 0.2385"
"32,31 : 0.2385"
"31,33 : 0.7157"
"33,31 : 0.7157"
"31,34 : 0.8023"
"34,31 : 0.8023"
"31,35 : 0.9242"
"35,31 : 0.9242"
"31,36 : 0.2955"
"36,31 : 0.2955"
"31,37 : 0.6935"
"37,31 : 0.6935"
"31,38 : 0.9661"
"38,31 : 0.9661"
"31,39 : 0.6512"
"39,31 : 0.6512"
"31,40 : 0.8887"
"40,31 : 0.8887"
"31,41 : 0.413"
"41,31 : 0.413"
"31,42 : 0.2746"
"42,31 : 0.2746"
"31,43 : 0.4357"
"43,31 : 0.4357"
"31,44 : 0.392"
"44,31 : 0.392"
"31,45 : 0.3536"
"45,31 : 0.3536"
"31,46 : 0.792"
"46,31 : 0.792"
"31,47 : 0.781"
"47,31 : 0.781"
"31,48 : 0.65"
"48,31 : 0.65"
"31,49 : 0.5025"
"49,31 : 0.5025"
"32,33 : 0.5601"
"33,32 : 0.5601"
"32,34 : 0.6627"
"34,32 : 0.6627"
"32,35 : 0.8724"
"35,32 : 0.8724"
"32,36 : 0.4701"
"36,32 : 0.4701"
"32,37 : 0.7151"
"37,32 : 0.7151"
"32,38 : 0.772"
"38,32 : 0.772"
"32,39 : 0.7473"
"39,32 : 0.7473"
"32,40 : 0.8627"
"40,32 : 0.8627"
"32,41 : 0.636"
"41,32 : 0.636"
"32,42 : 0.2052"
"42,32 : 0.2052"
"32,43 : 0.3048"
"43,32 : 0.3048"
"32,44 : 0.614"
"44,32 : 0.614"
"32,45 : 0.1825"
"45,32 : 0.1825"
"32,46 : 0.7931"
"46,32 : 0.7931"
"32,47 : 0.6694"
"47,32 : 0.6694"
"32,48 : 0.4727"
"48,32 : 0.4727"
"32,49 : 0.2702"
"49,32 : 0.2702"
"33,34 : 0.1118"
"34,33 : 0.1118"
"33,35 : 0.4518"
"35,33 : 0.4518"
"33,36 : 0.7325"
"36,33 : 0.7325"
"33,37 : 0.5261"
"37,33 : 0.5261"
"33,38 : 0.2921"
"38,33 : 0.2921"
"33,39 : 0.7151"
"39,33 : 0.7151"
"33,40 : 0.5029"
"40,33 : 0.5029"
"33,41 : 0.9527"
"41,33 : 0.9527"
"33,42 : 0.4427"
"42,33 : 0.4427"
"33,43 : 0.797"
"43,33 : 0.797"
"33,44 : 0.9324"
"44,33 : 0.9324"
"33,45 : 0.3805"
"45,33 : 0.3805"
"33,46 : 0.5209"
"46,33 : 0.5209"
"33,47 : 0.1749"
"47,33 : 0.1749"
"33,48 : 0.1082"
"48,33 : 0.1082"
"33,49 : 0.3936"
"49,33 : 0.3936"
"34,35 : 0.3669"
"35,34 : 0.3669"
"34,36 : 0.7855"
"36,34 : 0.7855"
"34,37 : 0.5033"
"37,34 : 0.5033"
"34,38 : 0.2912"
"38,34 : 0.2912"
"34,39 : 0.712"
"39,34 : 0.712"
"34,40 : 0.4329"
"40,34 : 0.4329"
"34,41 : 1.004"
"41,34 : 1.004"
"34,42 : 0.5277"
"42,34 : 0.5277"
"34,43 : 0.9076"
"43,34 : 0.9076"
"34,44 : 0.9848"
"44,34 : 0.9848"
"34,45 : 0.4809"
"45,34 : 0.4809"
"34,46 : 0.4752"
"46,34 : 0.4752"
"34,47 : 0.1005"
"47,34 : 0.1005"
"34,48 : 0.2195"
"48,34 : 0.2195"
"34,49 : 0.5054"
"49,34 : 0.5054"
"35,36 : 0.7823"
"36,35 : 0.7823"
"35,37 : 0.3138"
"37,35 : 0.3138"
"35,38 : 0.6307"
"38,35 : 0.6307"
"35,39 : 0.5334"
"39,35 : 0.5334"
"35,40 : 0.1"
"40,35 : 0.1"
"35,41 : 0.9708"
"41,35 : 0.9708"
"35,42 : 0.6815"
"42,35 : 0.6815"
"35,43 : 1.1621"
"43,35 : 1.1621"
"35,44 : 0.9571"
"44,35 : 0.9571"
"35,45 : 0.7018"
"45,35 : 0.7018"
"35,46 : 0.2163"
"46,35 : 0.2163"
"35,47 : 0.2773"
"47,35 : 0.2773"
"35,48 : 0.5492"
"48,35 : 0.5492"
"35,49 : 0.8062"
"49,35 : 0.8062"
"36,37 : 0.4937"
"37,36 : 0.4937"
"36,38 : 1.0191"
"38,36 : 1.0191"
"36,39 : 0.3828"
"39,36 : 0.3828"
"36,40 : 0.7203"
"40,36 : 0.7203"
"36,41 : 0.2202"
"41,36 : 0.2202"
"36,42 : 0.3534"
"42,36 : 0.3534"
"36,43 : 0.7253"
"43,36 : 0.7253"
"36,44 : 0.2"
"44,36 : 0.2"
"36,45 : 0.4793"
"45,36 : 0.4793"
"36,46 : 0.603"
"46,36 : 0.603"
"36,47 : 0.7292"
"47,36 : 0.7292"
"36,48 : 0.7077"
"48,36 : 0.7077"
"36,49 : 0.6768"
"49,36 : 0.6768"
"37,38 : 0.7938"
"38,37 : 0.7938"
"37,39 : 0.2267"
"39,37 : 0.2267"
"37,40 : 0.2335"
"40,37 : 0.2335"
"37,41 : 0.6648"
"41,37 : 0.6648"
"37,42 : 0.5099"
"42,37 : 0.5099"
"37,43 : 1.0198"
"43,37 : 1.0198"
"37,44 : 0.6528"
"44,37 : 0.6528"
"37,45 : 0.5831"
"45,37 : 0.5831"
"37,46 : 0.11"
"46,37 : 0.11"
"37,47 : 0.4072"
"47,37 : 0.4072"
"37,48 : 0.5801"
"48,37 : 0.5801"
"37,49 : 0.7503"
"49,37 : 0.7503"
"38,39 : 0.9974"
"39,38 : 0.9974"
"38,40 : 0.7106"
"40,38 : 0.7106"
"38,41 : 1.2391"
"41,38 : 1.2391"
"38,42 : 0.7049"
"42,38 : 0.7049"
"38,43 : 0.9401"
"43,38 : 0.9401"
"38,44 : 1.2183"
"44,38 : 1.2183"
"38,45 : 0.6133"
"45,38 : 0.6133"
"38,46 : 0.7649"
"46,38 : 0.7649"
"38,47 : 0.3905"
"47,38 : 0.3905"
"38,48 : 0.3191"
"48,38 : 0.3191"
"38,49 : 0.5324"
"49,38 : 0.5324"
"39,40 : 0.4428"
"40,39 : 0.4428"
"39,41 : 0.495"
"41,39 : 0.495"
"39,42 : 0.5566"
"42,39 : 0.5566"
"39,43 : 1.0432"
"43,39 : 1.0432"
"39,44 : 0.4884"
"44,39 : 0.4884"
"39,45 : 0.6629"
"45,39 : 0.6629"
"39,46 : 0.3176"
"46,39 : 0.3176"
"39,47 : 0.6213"
"47,39 : 0.6213"
"39,48 : 0.7473"
"48,39 : 0.7473"
"39,49 : 0.8559"
"49,39 : 0.8559"
"40,41 : 0.8981"
"41,40 : 0.8981"
"40,42 : 0.6637"
"42,40 : 0.6637"
"40,43 : 1.1604"
"43,40 : 1.1604"
"40,44 : 0.8857"
"44,40 : 0.8857"
"40,45 : 0.7018"
"45,40 : 0.7018"
"40,46 : 0.1265"
"46,40 : 0.1265"
"40,47 : 0.3354"
"47,40 : 0.3354"
"40,48 : 0.5909"
"48,40 : 0.5909"
"40,49 : 0.828"
"49,40 : 0.828"
"41,42 : 0.5604"
"42,41 : 0.5604"
"41,43 : 0.8402"
"43,41 : 0.8402"
"41,44 : 0.0224"
"44,41 : 0.0224"
"41,45 : 0.6826"
"45,41 : 0.6826"
"41,46 : 0.7741"
"46,41 : 0.7741"
"41,47 : 0.9441"
"47,41 : 0.9441"
"41,48 : 0.9263"
"48,41 : 0.9263"
"41,49 : 0.8721"
"49,41 : 0.8721"
"42,43 : 0.5099"
"43,42 : 0.5099"
"42,44 : 0.5382"
"44,42 : 0.5382"
"42,45 : 0.1265"
"45,42 : 0.1265"
"42,46 : 0.589"
"46,42 : 0.589"
"42,47 : 0.5101"
"47,42 : 0.5101"
