x,y
0.48,0.63
0.41,0.36
0.22,0.19
0.71,0.14
0.52,0.27
0.11,0.93
0.93,0.34
0.25,0.8
0.83,0.29
0.87,0.96
0.48,0.86
0.29,0.13
0.08,0.81
0.99,0.19
0.7,0.24
0.74,0.32
0.33,0.85
0.27,0.59
0.21,0.74
0.36,0.53
0.04,0.89
0.5,0.98
0.31,0.46
0.19,0.64
0.26,0.86
0.7,0.44
0.67,0.49
0.66,0.79
0.63,0.92
0.73,0.5
0.96,0.41
0.64,0.72
0.48,0.5
0.0,0.23
0.69,0.13
0.17,0.37
0.89,0.02
0.19,0.47
0.51,0.86
0.04,0.2
0.5,0.77
0.08,0.01
0.81,0.73
0.71,0.31
0.89,0.74
1.0,0.76
0.82,0.36
0.59,0.45
0.3,0.61
0.87,0.06

Distanze
"0,1 : 0.2789"
"1,0 : 0.2789"
"0,2 : 0.5111"
"2,0 : 0.5111"
"0,3 : 0.5413"
"3,0 : 0.5413"
"0,4 : 0.3622"
"4,0 : 0.3622"
"0,5 : 0.4763"
"5,0 : 0.4763"
"0,6 : 0.5354"
"6,0 : 0.5354"
"0,7 : 0.286"
"7,0 : 0.286"
"0,8 : 0.488"
"8,0 : 0.488"
"0,9 : 0.5109"
"9,0 : 0.5109"
"0,10 : 0.23"
"10,0 : 0.23"
"0,11 : 0.5349"
"11,0 : 0.5349"
"0,12 : 0.4386"
"12,0 : 0.4386"
"0,13 : 0.6736"
"13,0 : 0.6736"
"0,14 : 0.4478"
"14,0 : 0.4478"
"0,15 : 0.4046"
"15,0 : 0.4046"
"0,16 : 0.2663"
"16,0 : 0.2663"
"0,17 : 0.2138"
"17,0 : 0.2138"
"0,18 : 0.2915"
"18,0 : 0.2915"
"0,19 : 0.1562"
"19,0 : 0.1562"
"0,20 : 0.5111"
"20,0 : 0.5111"
"0,21 : 0.3506"
"21,0 : 0.3506"
"0,22 : 0.2404"
"22,0 : 0.2404"
"0,23 : 0.2902"
"23,0 : 0.2902"
"0,24 : 0.3183"
"24,0 : 0.3183"
"0,25 : 0.2907"
"25,0 : 0.2907"
"0,26 : 0.236"
"26,0 : 0.236"
"0,27 : 0.2408"
"27,0 : 0.2408"
"0,28 : 0.3265"
"28,0 : 0.3265"
"0,29 : 0.2818"
"29,0 : 0.2818"
"0,30 : 0.528"
"30,0 : 0.528"
"0,31 : 0.1836"
"31,0 : 0.1836"
"0,32 : 0.13"
"32,0 : 0.13"
"0,33 : 0.6248"
"33,0 : 0.6248"
"0,34 : 0.5423"
"34,0 : 0.5423"
"0,35 : 0.4046"
"35,0 : 0.4046"
"0,36 : 0.735"
"36,0 : 0.735"
"0,37 : 0.3312"
"37,0 : 0.3312"
"0,38 : 0.2319"
"38,0 : 0.2319"
"0,39 : 0.6152"
"39,0 : 0.6152"
"0,40 : 0.1414"
"40,0 : 0.1414"
"0,41 : 0.7378"
"41,0 : 0.7378"
"0,42 : 0.3448"
"42,0 : 0.3448"
"0,43 : 0.3941"
"43,0 : 0.3941"
"0,44 : 0.4245"
"44,0 : 0.4245"
"0,45 : 0.536"
"45,0 : 0.536"
"0,46 : 0.4342"
"46,0 : 0.4342"
"0,47 : 0.211"
"47,0 : 0.211"
"0,48 : 0.1811"
"48,0 : 0.1811"
"0,49 : 0.6907"
"49,0 : 0.6907"
"1,2 : 0.255"
"2,1 : 0.255"
"1,3 : 0.372"
"3,1 : 0.372"
"1,4 : 0.1421"
"4,1 : 0.1421"
"1,5 : 0.6441"
"5,1 : 0.6441"
"1,6 : 0.5204"
"6,1 : 0.5204"
"1,7 : 0.4682"
"7,1 : 0.4682"
"1,8 : 0.4258"
"8,1 : 0.4258"
"1,9 : 0.756"
"9,1 : 0.756"
"1,10 : 0.5049"
"10,1 : 0.5049"
"1,11 : 0.2594"
"11,1 : 0.2594"
"1,12 : 0.558"
"12,1 : 0.558"
"1,13 : 0.6044"
"13,1 : 0.6044"
"1,14 : 0.3138"
"14,1 : 0.3138"
"1,15 : 0.3324"
"15,1 : 0.3324"
"1,16 : 0.4965"
"16,1 : 0.4965"
"1,17 : 0.2693"
"17,1 : 0.2693"
"1,18 : 0.4294"
"18,1 : 0.4294"
"1,19 : 0.1772"
"19,1 : 0.1772"
"1,20 : 0.6464"
"20,1 : 0.6464"
"1,21 : 0.6265"
"21,1 : 0.6265"
"1,22 : 0.1414"
"22,1 : 0.1414"
"1,23 : 0.3561"
"23,1 : 0.3561"
"1,24 : 0.522"
"24,1 : 0.522"
"1,25 : 0.3008"
"25,1 : 0.3008"
"1,26 : 0.2907"
"26,1 : 0.2907"
"1,27 : 0.4974"
"27,1 : 0.4974"
"1,28 : 0.6017"
"28,1 : 0.6017"
"1,29 : 0.3493"
"29,1 : 0.3493"
"1,30 : 0.5523"
"30,1 : 0.5523"
"1,31 : 0.4272"
"31,1 : 0.4272"
"1,32 : 0.1565"
"32,1 : 0.1565"
"1,33 : 0.4301"
"33,1 : 0.4301"
"1,34 : 0.3624"
"34,1 : 0.3624"
"1,35 : 0.2402"
"35,1 : 0.2402"
"1,36 : 0.5882"
"36,1 : 0.5882"
"1,37 : 0.246"
"37,1 : 0.246"
"1,38 : 0.5099"
"38,1 : 0.5099"
"1,39 : 0.4031"
"39,1 : 0.4031"
"1,40 : 0.4198"
"40,1 : 0.4198"
"1,41 : 0.481"
"41,1 : 0.481"
"1,42 : 0.5449"
"42,1 : 0.5449"
"1,43 : 0.3041"
"43,1 : 0.3041"
"1,44 : 0.6122"
"44,1 : 0.6122"
"1,45 : 0.7128"
"45,1 : 0.7128"
"1,46 : 0.41"
"46,1 : 0.41"
"1,47 : 0.2012"
"47,1 : 0.2012"
"1,48 : 0.2731"
"48,1 : 0.2731"
"1,49 : 0.5492"
"49,1 : 0.5492"
"2,3 : 0.4925"
"3,2 : 0.4925"
"2,4 : 0.3105"
"4,2 : 0.3105"
"2,5 : 0.7481"
"5,2 : 0.7481"
"2,6 : 0.7257"
"6,2 : 0.7257"
"2,7 : 0.6107"
"7,2 : 0.6107"
"2,8 : 0.6181"
"8,2 : 0.6181"
"2,9 : 1.0077"
"9,2 : 1.0077"
"2,10 : 0.7187"
"10,2 : 0.7187"
"2,11 : 0.0922"
"11,2 : 0.0922"
"2,12 : 0.6356"
"12,2 : 0.6356"
"2,13 : 0.77"
"13,2 : 0.77"
"2,14 : 0.4826"
"14,2 : 0.4826"
"2,15 : 0.536"
"15,2 : 0.536"
"2,16 : 0.6691"
"16,2 : 0.6691"
"2,17 : 0.4031"
"17,2 : 0.4031"
"2,18 : 0.5501"
"18,2 : 0.5501"
"2,19 : 0.3677"
"19,2 : 0.3677"
"2,20 : 0.7228"
"20,2 : 0.7228"
"2,21 : 0.8382"
"21,2 : 0.8382"
"2,22 : 0.2846"
"22,2 : 0.2846"
"2,23 : 0.451"
"23,2 : 0.451"
"2,24 : 0.6712"
"24,2 : 0.6712"
"2,25 : 0.5412"
"25,2 : 0.5412"
"2,26 : 0.5408"
"26,2 : 0.5408"
"2,27 : 0.744"
"27,2 : 0.744"
"2,28 : 0.8373"
"28,2 : 0.8373"
"2,29 : 0.5968"
"29,2 : 0.5968"
"2,30 : 0.772"
"30,2 : 0.772"
"2,31 : 0.6762"
"31,2 : 0.6762"
"2,32 : 0.4046"
"32,2 : 0.4046"
"2,33 : 0.2236"
"33,2 : 0.2236"
"2,34 : 0.4738"
"34,2 : 0.4738"
"2,35 : 0.1868"
"35,2 : 0.1868"
"2,36 : 0.6912"
"36,2 : 0.6912"
"2,37 : 0.2816"
"37,2 : 0.2816"
"2,38 : 0.7301"
"38,2 : 0.7301"
"2,39 : 0.1803"
"39,2 : 0.1803"
"2,40 : 0.644"
"40,2 : 0.644"
"2,41 : 0.228"
"41,2 : 0.228"
"2,42 : 0.7998"
"42,2 : 0.7998"
"2,43 : 0.5045"
"43,2 : 0.5045"
"2,44 : 0.8668"
"44,2 : 0.8668"
"2,45 : 0.9661"
"45,2 : 0.9661"
"2,46 : 0.6236"
"46,2 : 0.6236"
"2,47 : 0.4522"
"47,2 : 0.4522"
"2,48 : 0.4276"
"48,2 : 0.4276"
"2,49 : 0.6629"
"49,2 : 0.6629"
"3,4 : 0.2302"
"4,3 : 0.2302"
"3,5 : 0.992"
"5,3 : 0.992"
"3,6 : 0.2973"
"6,3 : 0.2973"
"3,7 : 0.8045"
"7,3 : 0.8045"
"3,8 : 0.1921"
"8,3 : 0.1921"
"3,9 : 0.8355"
"9,3 : 0.8355"
"3,10 : 0.7558"
"10,3 : 0.7558"
"3,11 : 0.4201"
"11,3 : 0.4201"
"3,12 : 0.9197"
"12,3 : 0.9197"
"3,13 : 0.2844"
"13,3 : 0.2844"
"3,14 : 0.1005"
"14,3 : 0.1005"
"3,15 : 0.1825"
"15,3 : 0.1825"
"3,16 : 0.8053"
"16,3 : 0.8053"
"3,17 : 0.6294"
"17,3 : 0.6294"
"3,18 : 0.781"
"18,3 : 0.781"
"3,19 : 0.524"
"19,3 : 0.524"
"3,20 : 1.0057"
"20,3 : 1.0057"
"3,21 : 0.8659"
"21,3 : 0.8659"
"3,22 : 0.5122"
"22,3 : 0.5122"
"3,23 : 0.7214"
"23,3 : 0.7214"
"3,24 : 0.8491"
"24,3 : 0.8491"
"3,25 : 0.3002"
"25,3 : 0.3002"
"3,26 : 0.3523"
"26,3 : 0.3523"
"3,27 : 0.6519"
"27,3 : 0.6519"
"3,28 : 0.7841"
"28,3 : 0.7841"
"3,29 : 0.3606"
"29,3 : 0.3606"
"3,30 : 0.368"
"30,3 : 0.368"
"3,31 : 0.5842"
"31,3 : 0.5842"
"3,32 : 0.4272"
"32,3 : 0.4272"
"3,33 : 0.7157"
"33,3 : 0.7157"
"3,34 : 0.0224"
"34,3 : 0.0224"
"3,35 : 0.5869"
"35,3 : 0.5869"
"3,36 : 0.2163"
"36,3 : 0.2163"
"3,37 : 0.6159"
"37,3 : 0.6159"
"3,38 : 0.7473"
"38,3 : 0.7473"
"3,39 : 0.6727"
"39,3 : 0.6727"
"3,40 : 0.6641"
"40,3 : 0.6641"
"3,41 : 0.6433"
"41,3 : 0.6433"
"3,42 : 0.5984"
"42,3 : 0.5984"
"3,43 : 0.17"
"43,3 : 0.17"
"3,44 : 0.6264"
"44,3 : 0.6264"
"3,45 : 0.6845"
"45,3 : 0.6845"
"3,46 : 0.246"
"46,3 : 0.246"
"3,47 : 0.3324"
"47,3 : 0.3324"
"3,48 : 0.6237"
"48,3 : 0.6237"
"3,49 : 0.1789"
"49,3 : 0.1789"
"4,5 : 0.777"
"5,4 : 0.777"
"4,6 : 0.4159"
"6,4 : 0.4159"
"4,7 : 0.5948"
"7,4 : 0.5948"
"4,8 : 0.3106"
"8,4 : 0.3106"
"4,9 : 0.7737"
"9,4 : 0.7737"
"4,10 : 0.5914"
"10,4 : 0.5914"
"4,11 : 0.2693"
"11,4 : 0.2693"
"4,12 : 0.6966"
"12,4 : 0.6966"
"4,13 : 0.4768"
"13,4 : 0.4768"
"4,14 : 0.1825"
"14,4 : 0.1825"
"4,15 : 0.2256"
"15,4 : 0.2256"
"4,16 : 0.6103"
"16,4 : 0.6103"
"4,17 : 0.4061"
"17,4 : 0.4061"
"4,18 : 0.563"
"18,4 : 0.563"
"4,19 : 0.3053"
"19,4 : 0.3053"
"4,20 : 0.7841"
"20,4 : 0.7841"
"4,21 : 0.7103"
"21,4 : 0.7103"
"4,22 : 0.2832"
"22,4 : 0.2832"
"4,23 : 0.4958"
"23,4 : 0.4958"
"4,24 : 0.6447"
"24,4 : 0.6447"
"4,25 : 0.2476"
"25,4 : 0.2476"
"4,26 : 0.2663"
"26,4 : 0.2663"
"4,27 : 0.5385"
"27,4 : 0.5385"
"4,28 : 0.6592"
"28,4 : 0.6592"
"4,29 : 0.3114"
"29,4 : 0.3114"
"4,30 : 0.4617"
"30,4 : 0.4617"
"4,31 : 0.4657"
"31,4 : 0.4657"
"4,32 : 0.2335"
"32,4 : 0.2335"
"4,33 : 0.5215"
"33,4 : 0.5215"
"4,34 : 0.2202"
"34,4 : 0.2202"
"4,35 : 0.364"
"35,4 : 0.364"
"4,36 : 0.4465"
"36,4 : 0.4465"
"4,37 : 0.3859"
"37,4 : 0.3859"
"4,38 : 0.5901"
"38,4 : 0.5901"
"4,39 : 0.4851"
"39,4 : 0.4851"
"4,40 : 0.5004"
"40,4 : 0.5004"
"4,41 : 0.5111"
"41,4 : 0.5111"
"4,42 : 0.5438"
"42,4 : 0.5438"
"4,43 : 0.1942"
"43,4 : 0.1942"
"4,44 : 0.5982"
"44,4 : 0.5982"
"4,45 : 0.6859"
"45,4 : 0.6859"
"4,46 : 0.3132"
"46,4 : 0.3132"
"4,47 : 0.1931"
"47,4 : 0.1931"
"4,48 : 0.405"
"48,4 : 0.405"
"4,49 : 0.4082"
"49,4 : 0.4082"
"5,6 : 1.0102"
"6,5 : 1.0102"
"5,7 : 0.191"
"7,5 : 0.191"
"5,8 : 0.9633"
"8,5 : 0.9633"
"5,9 : 0.7606"
"9,5 : 0.7606"
"5,10 : 0.3766"
"10,5 : 0.3766"
"5,11 : 0.82"
"11,5 : 0.82"
"5,12 : 0.1237"
"12,5 : 0.1237"
"5,13 : 1.1498"
"13,5 : 1.1498"
"5,14 : 0.9079"
"14,5 : 0.9079"
"5,15 : 0.8769"
"15,5 : 0.8769"
"5,16 : 0.2341"
"16,5 : 0.2341"
"5,17 : 0.3758"
"17,5 : 0.3758"
"5,18 : 0.2147"
"18,5 : 0.2147"
"5,19 : 0.4717"
"19,5 : 0.4717"
"5,20 : 0.0806"
"20,5 : 0.0806"
"5,21 : 0.3932"
"21,5 : 0.3932"
"5,22 : 0.5108"
"22,5 : 0.5108"
"5,23 : 0.3008"
"23,5 : 0.3008"
"5,24 : 0.1655"
"24,5 : 0.1655"
"5,25 : 0.7669"
"25,5 : 0.7669"
"5,26 : 0.7122"
"26,5 : 0.7122"
"5,27 : 0.5675"
"27,5 : 0.5675"
"5,28 : 0.5201"
"28,5 : 0.5201"
"5,29 : 0.7545"
"29,5 : 0.7545"
"5,30 : 0.9964"
"30,5 : 0.9964"
"5,31 : 0.5701"
"31,5 : 0.5701"
"5,32 : 0.5673"
"32,5 : 0.5673"
"5,33 : 0.7086"
"33,5 : 0.7086"
"5,34 : 0.9881"
"34,5 : 0.9881"
"5,35 : 0.5632"
"35,5 : 0.5632"
"5,36 : 1.1985"
"36,5 : 1.1985"
"5,37 : 0.4669"
"37,5 : 0.4669"
"5,38 : 0.4061"
"38,5 : 0.4061"
"5,39 : 0.7333"
"39,5 : 0.7333"
"5,40 : 0.4215"
"40,5 : 0.4215"
"5,41 : 0.9205"
"41,5 : 0.9205"
"5,42 : 0.728"
"42,5 : 0.728"
"5,43 : 0.8628"
"43,5 : 0.8628"
"5,44 : 0.8028"
"44,5 : 0.8028"
"5,45 : 0.9061"
"45,5 : 0.9061"
"5,46 : 0.9105"
"46,5 : 0.9105"
"5,47 : 0.6788"
"47,5 : 0.6788"
"5,48 : 0.3722"
"48,5 : 0.3722"
"5,49 : 1.1552"
"49,5 : 1.1552"
"6,7 : 0.821"
"7,6 : 0.821"
"6,8 : 0.1118"
"8,6 : 0.1118"
"6,9 : 0.6229"
"9,6 : 0.6229"
"6,10 : 0.6877"
"10,6 : 0.6877"
"6,11 : 0.6736"
"11,6 : 0.6736"
"6,12 : 0.9713"
"12,6 : 0.9713"
"6,13 : 0.1616"
"13,6 : 0.1616"
"6,14 : 0.2508"
"14,6 : 0.2508"
"6,15 : 0.191"
"15,6 : 0.191"
"6,16 : 0.7875"
"16,6 : 0.7875"
"6,17 : 0.7058"
"17,6 : 0.7058"
"6,18 : 0.8237"
"18,6 : 0.8237"
"6,19 : 0.6008"
"19,6 : 0.6008"
"6,20 : 1.0462"
"20,6 : 1.0462"
"6,21 : 0.771"
"21,6 : 0.771"
"6,22 : 0.6315"
"22,6 : 0.6315"
"6,23 : 0.7985"
"23,6 : 0.7985"
"6,24 : 0.8481"
"24,6 : 0.8481"
"6,25 : 0.2508"
"25,6 : 0.2508"
"6,26 : 0.3002"
"26,6 : 0.3002"
"6,27 : 0.5248"
"27,6 : 0.5248"
"6,28 : 0.653"
"28,6 : 0.653"
"6,29 : 0.2561"
"29,6 : 0.2561"
"6,30 : 0.0762"
"30,6 : 0.0762"
"6,31 : 0.478"
"31,6 : 0.478"
"6,32 : 0.4776"
"32,6 : 0.4776"
"6,33 : 0.9365"
"33,6 : 0.9365"
"6,34 : 0.3189"
"34,6 : 0.3189"
"6,35 : 0.7606"
"35,6 : 0.7606"
"6,36 : 0.3225"
"36,6 : 0.3225"
"6,37 : 0.7513"
"37,6 : 0.7513"
"6,38 : 0.6684"
"38,6 : 0.6684"
"6,39 : 0.9009"
"39,6 : 0.9009"
"6,40 : 0.6081"
"40,6 : 0.6081"
"6,41 : 0.9118"
"41,6 : 0.9118"
"6,42 : 0.408"
"42,6 : 0.408"
"6,43 : 0.222"
"43,6 : 0.222"
"6,44 : 0.402"
"44,6 : 0.402"
"6,45 : 0.4258"
"45,6 : 0.4258"
"6,46 : 0.1118"
"46,6 : 0.1118"
"6,47 : 0.3574"
"47,6 : 0.3574"
"6,48 : 0.6854"
"48,6 : 0.6854"
"6,49 : 0.2864"
"49,6 : 0.2864"
"7,8 : 0.7723"
"8,7 : 0.7723"
"7,9 : 0.6403"
"9,7 : 0.6403"
"7,10 : 0.2377"
"10,7 : 0.2377"
"7,11 : 0.6712"
"11,7 : 0.6712"
"7,12 : 0.1703"
"12,7 : 0.1703"
"7,13 : 0.959"
"13,7 : 0.959"
"7,14 : 0.7184"
"14,7 : 0.7184"
"7,15 : 0.6859"
"15,7 : 0.6859"
"7,16 : 0.0943"
"16,7 : 0.0943"
"7,17 : 0.211"
"17,7 : 0.211"
"7,18 : 0.0721"
"18,7 : 0.0721"
"7,19 : 0.2915"
"19,7 : 0.2915"
"7,20 : 0.2285"
"20,7 : 0.2285"
"7,21 : 0.3081"
"21,7 : 0.3081"
"7,22 : 0.3453"
"22,7 : 0.3453"
"7,23 : 0.1709"
"23,7 : 0.1709"
"7,24 : 0.0608"
"24,7 : 0.0608"
"7,25 : 0.5763"
"25,7 : 0.5763"
"7,26 : 0.522"
"26,7 : 0.522"
"7,27 : 0.4101"
"27,7 : 0.4101"
"7,28 : 0.3985"
"28,7 : 0.3985"
"7,29 : 0.566"
"29,7 : 0.566"
"7,30 : 0.8101"
"30,7 : 0.8101"
"7,31 : 0.3981"
"31,7 : 0.3981"
"7,32 : 0.378"
"32,7 : 0.378"
"7,33 : 0.6224"
"33,7 : 0.6224"
"7,34 : 0.8016"
"34,7 : 0.8016"
"7,35 : 0.4374"
"35,7 : 0.4374"
"7,36 : 1.009"
"36,7 : 1.009"
"7,37 : 0.3354"
"37,7 : 0.3354"
"7,38 : 0.2668"
"38,7 : 0.2668"
"7,39 : 0.6357"
"39,7 : 0.6357"
"7,40 : 0.2518"
"40,7 : 0.2518"
"7,41 : 0.8081"
"41,7 : 0.8081"
"7,42 : 0.5644"
"42,7 : 0.5644"
"7,43 : 0.6721"
"43,7 : 0.6721"
"7,44 : 0.6428"
"44,7 : 0.6428"
"7,45 : 0.7511"
"45,7 : 0.7511"
"7,46 : 0.7201"
"46,7 : 0.7201"
"7,47 : 0.488"
"47,7 : 0.488"
"7,48 : 0.1965"
"48,7 : 0.1965"
"7,49 : 0.9654"
"49,7 : 0.9654"
"8,9 : 0.6712"
"9,8 : 0.6712"
"8,10 : 0.6689"
"10,8 : 0.6689"
"8,11 : 0.5632"
"11,8 : 0.5632"
"8,12 : 0.9126"
"12,8 : 0.9126"
"8,13 : 0.1887"
"13,8 : 0.1887"
"8,14 : 0.1393"
"14,8 : 0.1393"
"8,15 : 0.0949"
"15,8 : 0.0949"
"8,16 : 0.7507"
"16,8 : 0.7507"
"8,17 : 0.6353"
"17,8 : 0.6353"
"8,18 : 0.7661"
"18,8 : 0.7661"
"8,19 : 0.5277"
"19,8 : 0.5277"
"8,20 : 0.992"
"20,8 : 0.992"
"8,21 : 0.7649"
"21,8 : 0.7649"
"8,22 : 0.5471"
"22,8 : 0.5471"
"8,23 : 0.7295"
"23,8 : 0.7295"
"8,24 : 0.8061"
"24,8 : 0.8061"
"8,25 : 0.1985"
"25,8 : 0.1985"
"8,26 : 0.2561"
"26,8 : 0.2561"
"8,27 : 0.5281"
"27,8 : 0.5281"
"8,28 : 0.661"
"28,8 : 0.661"
"8,29 : 0.2326"
"29,8 : 0.2326"
"8,30 : 0.1769"
"30,8 : 0.1769"
"8,31 : 0.4701"
"31,8 : 0.4701"
"8,32 : 0.4082"
"32,8 : 0.4082"
"8,33 : 0.8322"
"33,8 : 0.8322"
"8,34 : 0.2126"
"34,8 : 0.2126"
"8,35 : 0.6648"
"35,8 : 0.6648"
"8,36 : 0.2766"
"36,8 : 0.2766"
"8,37 : 0.6648"
"37,8 : 0.6648"
"8,38 : 0.6537"
"38,8 : 0.6537"
"8,39 : 0.7951"
"39,8 : 0.7951"
"8,40 : 0.5825"
"40,8 : 0.5825"
"8,41 : 0.8006"
"41,8 : 0.8006"
"8,42 : 0.4405"
"42,8 : 0.4405"
"8,43 : 0.1217"
"43,8 : 0.1217"
"8,44 : 0.454"
"44,8 : 0.454"
"8,45 : 0.4998"
"45,8 : 0.4998"
"8,46 : 0.0707"
"46,8 : 0.0707"
"8,47 : 0.2884"
"47,8 : 0.2884"
"8,48 : 0.6191"
"48,8 : 0.6191"
"8,49 : 0.2335"
"49,8 : 0.2335"
"9,10 : 0.4026"
"10,9 : 0.4026"
"9,11 : 1.0126"
"11,9 : 1.0126"
"9,12 : 0.8041"
"12,9 : 0.8041"
"9,13 : 0.7793"
"13,9 : 0.7793"
"9,14 : 0.7398"
"14,9 : 0.7398"
"9,15 : 0.6531"
"15,9 : 0.6531"
"9,16 : 0.5511"
"16,9 : 0.5511"
"9,17 : 0.7049"
"17,9 : 0.7049"
"9,18 : 0.6957"
"18,9 : 0.6957"
"9,19 : 0.6671"
"19,9 : 0.6671"
"9,20 : 0.8329"
"20,9 : 0.8329"
"9,21 : 0.3705"
"21,9 : 0.3705"
"9,22 : 0.7507"
"22,9 : 0.7507"
"9,23 : 0.7515"
"23,9 : 0.7515"
"9,24 : 0.6181"
"24,9 : 0.6181"
"9,25 : 0.5471"
"25,9 : 0.5471"
"9,26 : 0.5108"
"26,9 : 0.5108"
"9,27 : 0.2702"
"27,9 : 0.2702"
"9,28 : 0.2433"
"28,9 : 0.2433"
"9,29 : 0.4808"
"29,9 : 0.4808"
"9,30 : 0.5573"
"30,9 : 0.5573"
"9,31 : 0.3324"
"31,9 : 0.3324"
"9,32 : 0.6031"
"32,9 : 0.6031"
"9,33 : 1.1357"
"33,9 : 1.1357"
"9,34 : 0.8493"
"34,9 : 0.8493"
"9,35 : 0.9155"
"35,9 : 0.9155"
"9,36 : 0.9402"
"36,9 : 0.9402"
"9,37 : 0.8382"
"37,9 : 0.8382"
"9,38 : 0.3736"
"38,9 : 0.3736"
"9,39 : 1.1254"
"39,9 : 1.1254"
"9,40 : 0.4159"
"40,9 : 0.4159"
"9,41 : 1.2356"
"41,9 : 1.2356"
"9,42 : 0.2377"
"42,9 : 0.2377"
"9,43 : 0.6694"
"43,9 : 0.6694"
"9,44 : 0.2209"
"44,9 : 0.2209"
"9,45 : 0.2385"
"45,9 : 0.2385"
"9,46 : 0.6021"
"46,9 : 0.6021"
"9,47 : 0.5818"
"47,9 : 0.5818"
"9,48 : 0.6689"
"48,9 : 0.6689"
"9,49 : 0.9"
"49,9 : 0.9"
"10,11 : 0.7543"
"11,10 : 0.7543"
"10,12 : 0.4031"
"12,10 : 0.4031"
"10,13 : 0.842"
"13,10 : 0.842"
"10,14 : 0.6579"
"14,10 : 0.6579"
"10,15 : 0.5993"
"15,10 : 0.5993"
"10,16 : 0.1503"
"16,10 : 0.1503"
"10,17 : 0.3421"
"17,10 : 0.3421"
"10,18 : 0.2955"
"18,10 : 0.2955"
"10,19 : 0.3511"
"19,10 : 0.3511"
"10,20 : 0.441"
"20,10 : 0.441"
"10,21 : 0.1217"
"21,10 : 0.1217"
"10,22 : 0.4346"
"22,10 : 0.4346"
"10,23 : 0.364"
"23,10 : 0.364"
"10,24 : 0.22"
"24,10 : 0.22"
"10,25 : 0.4741"
"25,10 : 0.4741"
"10,26 : 0.4159"
"26,10 : 0.4159"
"10,27 : 0.1931"
"27,10 : 0.1931"
"10,28 : 0.1616"
"28,10 : 0.1616"
"10,29 : 0.4383"
"29,10 : 0.4383"
"10,30 : 0.658"
"30,10 : 0.658"
"10,31 : 0.2126"
"31,10 : 0.2126"
"10,32 : 0.36"
"32,10 : 0.36"
"10,33 : 0.792"
"33,10 : 0.792"
"10,34 : 0.7596"
"34,10 : 0.7596"
"10,35 : 0.5798"
"35,10 : 0.5798"
"10,36 : 0.9347"
"36,10 : 0.9347"
"10,37 : 0.486"
"37,10 : 0.486"
"10,38 : 0.03"
"38,10 : 0.03"
"10,39 : 0.7932"
"39,10 : 0.7932"
"10,40 : 0.0922"
"40,10 : 0.0922"
"10,41 : 0.9394"
"41,10 : 0.9394"
"10,42 : 0.3547"
"42,10 : 0.3547"
"10,43 : 0.5962"
"43,10 : 0.5962"
"10,44 : 0.4272"
"44,10 : 0.4272"
"10,45 : 0.5295"
"45,10 : 0.5295"
"10,46 : 0.6046"
"46,10 : 0.6046"
"10,47 : 0.4245"
"47,10 : 0.4245"
"10,48 : 0.3081"
"48,10 : 0.3081"
"10,49 : 0.89"
"49,10 : 0.89"
"11,12 : 0.7117"
"12,11 : 0.7117"
"11,13 : 0.7026"
"13,11 : 0.7026"
"11,14 : 0.4245"
"14,11 : 0.4245"
"11,15 : 0.4885"
"15,11 : 0.4885"
"11,16 : 0.7211"
"16,11 : 0.7211"
"11,17 : 0.4604"
"17,11 : 0.4604"
"11,18 : 0.6152"
"18,11 : 0.6152"
"11,19 : 0.4061"
"19,11 : 0.4061"
"11,20 : 0.8001"
"20,11 : 0.8001"
"11,21 : 0.8756"
"21,11 : 0.8756"
"11,22 : 0.3306"
"22,11 : 0.3306"
"11,23 : 0.5197"
"23,11 : 0.5197"
"11,24 : 0.7306"
"24,11 : 0.7306"
"11,25 : 0.514"
"25,11 : 0.514"
"11,26 : 0.5235"
"26,11 : 0.5235"
"11,27 : 0.7566"
"27,11 : 0.7566"
"11,28 : 0.8601"
"28,11 : 0.8601"
"11,29 : 0.5749"
"29,11 : 0.5749"
"11,30 : 0.7262"
"30,11 : 0.7262"
"11,31 : 0.686"
"31,11 : 0.686"
"11,32 : 0.4159"
"32,11 : 0.4159"
"11,33 : 0.3068"
"33,11 : 0.3068"
"11,34 : 0.4"
"34,11 : 0.4"
"11,35 : 0.2683"
"35,11 : 0.2683"
"11,36 : 0.61"
"36,11 : 0.61"
"11,37 : 0.3544"
"37,11 : 0.3544"
"11,38 : 0.7624"
"38,11 : 0.7624"
"11,39 : 0.2596"
"39,11 : 0.2596"
"11,40 : 0.6736"
"40,11 : 0.6736"
"11,41 : 0.2419"
"41,11 : 0.2419"
"11,42 : 0.794"
"42,11 : 0.794"
"11,43 : 0.4569"
"43,11 : 0.4569"
"11,44 : 0.8556"
"44,11 : 0.8556"
"11,45 : 0.9492"
"45,11 : 0.9492"
"11,46 : 0.5778"
"46,11 : 0.5778"
"11,47 : 0.4386"
"47,11 : 0.4386"
"11,48 : 0.4801"
"48,11 : 0.4801"
"11,49 : 0.5842"
"49,11 : 0.5842"
"12,13 : 1.1011"
"13,12 : 1.1011"
"12,14 : 0.8422"
"14,12 : 0.8422"
"12,15 : 0.822"
"15,12 : 0.822"
"12,16 : 0.2532"
"16,12 : 0.2532"
"12,17 : 0.2907"
"17,12 : 0.2907"
"12,18 : 0.1476"
"18,12 : 0.1476"
"12,19 : 0.396"
"19,12 : 0.396"
"12,20 : 0.0894"
"20,12 : 0.0894"
"12,21 : 0.4531"
"21,12 : 0.4531"
"12,22 : 0.4188"
"22,12 : 0.4188"
"12,23 : 0.2025"
"23,12 : 0.2025"
"12,24 : 0.1868"
"24,12 : 0.1868"
"12,25 : 0.722"
"25,12 : 0.722"
"12,26 : 0.6712"
"26,12 : 0.6712"
"12,27 : 0.5803"
"27,12 : 0.5803"
"12,28 : 0.5609"
"28,12 : 0.5609"
"12,29 : 0.7201"
"29,12 : 0.7201"
"12,30 : 0.9666"
"30,12 : 0.9666"
"12,31 : 0.5672"
"31,12 : 0.5672"
"12,32 : 0.5061"
"32,12 : 0.5061"
"12,33 : 0.5855"
"33,12 : 0.5855"
"12,34 : 0.9135"
"34,12 : 0.9135"
"12,35 : 0.4491"
"35,12 : 0.4491"
"12,36 : 1.1315"
"36,12 : 1.1315"
"12,37 : 0.3574"
"37,12 : 0.3574"
"12,38 : 0.4329"
"38,12 : 0.4329"
"12,39 : 0.6113"
"39,12 : 0.6113"
"12,40 : 0.4219"
"40,12 : 0.4219"
"12,41 : 0.8"
"41,12 : 0.8"
"12,42 : 0.7344"
"42,12 : 0.7344"
"12,43 : 0.8043"
"43,12 : 0.8043"
"12,44 : 0.813"
"44,12 : 0.813"
"12,45 : 0.9214"
"45,12 : 0.9214"
"12,46 : 0.8661"
"46,12 : 0.8661"
"12,47 : 0.6243"
"47,12 : 0.6243"
"12,48 : 0.2973"
"48,12 : 0.2973"
"12,49 : 1.0893"
"49,12 : 1.0893"
"13,14 : 0.2943"
"14,13 : 0.2943"
"13,15 : 0.2818"
"15,13 : 0.2818"
"13,16 : 0.9334"
"16,13 : 0.9334"
"13,17 : 0.8237"
"17,13 : 0.8237"
"13,18 : 0.9544"
"18,13 : 0.9544"
"13,19 : 0.7159"
"19,13 : 0.7159"
"13,20 : 1.18"
"20,13 : 1.18"
"13,21 : 0.9296"
"21,13 : 0.9296"
"13,22 : 0.7316"
"22,13 : 0.7316"
"13,23 : 0.9179"
"23,13 : 0.9179"
"13,24 : 0.9909"
"24,13 : 0.9909"
"13,25 : 0.3829"
"25,13 : 0.3829"
"13,26 : 0.4386"
"26,13 : 0.4386"
"13,27 : 0.6848"
"27,13 : 0.6848"
"13,28 : 0.8139"
"28,13 : 0.8139"
"13,29 : 0.4046"
"29,13 : 0.4046"
"13,30 : 0.222"
"30,13 : 0.222"
"13,31 : 0.6351"
"31,13 : 0.6351"
"13,32 : 0.5968"
"32,13 : 0.5968"
"13,33 : 0.9908"
"33,13 : 0.9908"
"13,34 : 0.3059"
"34,13 : 0.3059"
"13,35 : 0.8395"
"35,13 : 0.8395"
"13,36 : 0.1972"
"36,13 : 0.1972"
"13,37 : 0.8476"
"37,13 : 0.8476"
"13,38 : 0.8242"
"38,13 : 0.8242"
"13,39 : 0.9501"
"39,13 : 0.9501"
"13,40 : 0.7593"
"40,13 : 0.7593"
"13,41 : 0.9276"
"41,13 : 0.9276"
"13,42 : 0.5692"
"42,13 : 0.5692"
"13,43 : 0.3046"
"43,13 : 0.3046"
"13,44 : 0.559"
"44,13 : 0.559"
"13,45 : 0.5701"
"45,13 : 0.5701"
"13,46 : 0.2404"
"46,13 : 0.2404"
"13,47 : 0.4771"
"47,13 : 0.4771"
"13,48 : 0.8078"
"48,13 : 0.8078"
"13,49 : 0.1769"
"49,13 : 0.1769"
"14,15 : 0.0894"
"15,14 : 0.0894"
"14,16 : 0.7134"
"16,14 : 0.7134"
"14,17 : 0.5544"
"17,14 : 0.5544"
"14,18 : 0.7001"
"18,14 : 0.7001"
"14,19 : 0.4469"
"19,14 : 0.4469"
"14,20 : 0.9263"
"20,14 : 0.9263"
"14,21 : 0.7666"
"21,14 : 0.7666"
"14,22 : 0.4478"
"22,14 : 0.4478"
"14,23 : 0.6482"
"23,14 : 0.6482"
"14,24 : 0.7603"
"24,14 : 0.7603"
"14,25 : 0.2"
"25,14 : 0.2"
"14,26 : 0.2518"
"26,14 : 0.2518"
"14,27 : 0.5515"
"27,14 : 0.5515"
"14,28 : 0.6836"
"28,14 : 0.6836"
"14,29 : 0.2617"
"29,14 : 0.2617"
"14,30 : 0.3106"
"30,14 : 0.3106"
"14,31 : 0.4837"
"31,14 : 0.4837"
"14,32 : 0.3406"
"32,14 : 0.3406"
"14,33 : 0.7001"
"33,14 : 0.7001"
"14,34 : 0.1105"
"34,14 : 0.1105"
"14,35 : 0.5457"
"35,14 : 0.5457"
"14,36 : 0.2907"
"36,14 : 0.2907"
"14,37 : 0.5595"
"37,14 : 0.5595"
"14,38 : 0.6485"
"38,14 : 0.6485"
"14,39 : 0.6612"
"39,14 : 0.6612"
"14,40 : 0.5665"
"40,14 : 0.5665"
"14,41 : 0.6613"
"41,14 : 0.6613"
"14,42 : 0.5022"
"42,14 : 0.5022"
"14,43 : 0.0707"
"43,14 : 0.0707"
"14,44 : 0.5349"
"44,14 : 0.5349"
"14,45 : 0.6003"
"45,14 : 0.6003"
"14,46 : 0.1697"
"46,14 : 0.1697"
"14,47 : 0.2371"
"47,14 : 0.2371"
"14,48 : 0.5449"
"48,14 : 0.5449"
"14,49 : 0.2476"
"49,14 : 0.2476"
"15,16 : 0.6701"
"16,15 : 0.6701"
"15,17 : 0.542"
"17,15 : 0.542"
"15,18 : 0.6762"
"18,15 : 0.6762"
"15,19 : 0.4342"
"19,15 : 0.4342"
"15,20 : 0.9027"
"20,15 : 0.9027"
"15,21 : 0.7023"
"21,15 : 0.7023"
"15,22 : 0.4522"
"22,15 : 0.4522"
"15,23 : 0.6363"
"23,15 : 0.6363"
"15,24 : 0.7225"
"24,15 : 0.7225"
"15,25 : 0.1265"
"25,15 : 0.1265"
"15,26 : 0.1838"
"26,15 : 0.1838"
"15,27 : 0.4768"
"27,15 : 0.4768"
"15,28 : 0.61"
"28,15 : 0.61"
"15,29 : 0.1803"
"29,15 : 0.1803"
"15,30 : 0.2377"
"30,15 : 0.2377"
"15,31 : 0.4123"
"31,15 : 0.4123"
"15,32 : 0.3162"
"32,15 : 0.3162"
"15,33 : 0.7455"
"33,15 : 0.7455"
"15,34 : 0.1965"
"34,15 : 0.1965"
"15,35 : 0.5722"
"35,15 : 0.5722"
"15,36 : 0.3354"
"36,15 : 0.3354"
"15,37 : 0.5701"
"37,15 : 0.5701"
"15,38 : 0.5869"
"38,15 : 0.5869"
"15,39 : 0.7102"
"39,15 : 0.7102"
"15,40 : 0.51"
"40,15 : 0.51"
"15,41 : 0.7292"
"41,15 : 0.7292"
"15,42 : 0.4159"
"42,15 : 0.4159"
"15,43 : 0.0316"
"43,15 : 0.0316"
"15,44 : 0.446"
"44,15 : 0.446"
"15,45 : 0.5111"
"45,15 : 0.5111"
"15,46 : 0.0894"
"46,15 : 0.0894"
"15,47 : 0.1985"
"47,15 : 0.1985"
"15,48 : 0.527"
"48,15 : 0.527"
"15,49 : 0.2907"
"49,15 : 0.2907"
"16,17 : 0.2668"
"17,16 : 0.2668"
"16,18 : 0.1628"
"18,16 : 0.1628"
"16,19 : 0.3214"
"19,16 : 0.3214"
"16,20 : 0.2927"
"20,16 : 0.2927"
"16,21 : 0.214"
"21,16 : 0.214"
"16,22 : 0.3905"
"22,16 : 0.3905"
"16,23 : 0.2524"
"23,16 : 0.2524"
"16,24 : 0.0707"
"24,16 : 0.0707"
"16,25 : 0.5523"
"25,16 : 0.5523"
"16,26 : 0.4952"
"26,16 : 0.4952"
"16,27 : 0.3354"
"27,16 : 0.3354"
"16,28 : 0.3081"
"28,16 : 0.3081"
"16,29 : 0.5315"
"29,16 : 0.5315"
"16,30 : 0.7684"
"30,16 : 0.7684"
"16,31 : 0.3362"
"31,16 : 0.3362"
"16,32 : 0.3808"
"32,16 : 0.3808"
"16,33 : 0.7024"
"33,16 : 0.7024"
"16,34 : 0.805"
"34,16 : 0.805"
"16,35 : 0.506"
"35,16 : 0.506"
"16,36 : 1.0012"
"36,16 : 1.0012"
"16,37 : 0.405"
"37,16 : 0.405"
"16,38 : 0.1803"
"38,16 : 0.1803"
"16,39 : 0.7118"
"39,16 : 0.7118"
"16,40 : 0.1879"
"40,16 : 0.1879"
"16,41 : 0.8764"
"41,16 : 0.8764"
"16,42 : 0.4948"
"42,16 : 0.4948"
"16,43 : 0.6603"
"43,16 : 0.6603"
"16,44 : 0.5707"
"44,16 : 0.5707"
"16,45 : 0.676"
"45,16 : 0.676"
"16,46 : 0.693"
"46,16 : 0.693"
"16,47 : 0.4771"
"47,16 : 0.4771"
"16,48 : 0.2419"
"48,16 : 0.2419"
"16,49 : 0.9569"
"49,16 : 0.9569"
"17,18 : 0.1616"
"18,17 : 0.1616"
"17,19 : 0.1082"
"19,17 : 0.1082"
"17,20 : 0.378"
"20,17 : 0.378"
"17,21 : 0.4528"
"21,17 : 0.4528"
"17,22 : 0.136"
"22,17 : 0.136"
"17,23 : 0.0943"
"23,17 : 0.0943"
"17,24 : 0.2702"
"24,17 : 0.2702"
"17,25 : 0.4554"
"25,17 : 0.4554"
"17,26 : 0.4123"
"26,17 : 0.4123"
"17,27 : 0.4383"
"27,17 : 0.4383"
"17,28 : 0.4884"
"28,17 : 0.4884"
"17,29 : 0.4687"
"29,17 : 0.4687"
"17,30 : 0.7131"
"30,17 : 0.7131"
"17,31 : 0.3922"
"31,17 : 0.3922"
"17,32 : 0.2285"
"32,17 : 0.2285"
"17,33 : 0.45"
"33,17 : 0.45"
"17,34 : 0.6229"
"34,17 : 0.6229"
"17,35 : 0.2417"
"35,17 : 0.2417"
"17,36 : 0.8422"
"36,17 : 0.8422"
"17,37 : 0.1442"
"37,17 : 0.1442"
"17,38 : 0.3612"
"38,17 : 0.3612"
"17,39 : 0.4528"
"39,17 : 0.4528"
"17,40 : 0.2921"
"40,17 : 0.2921"
"17,41 : 0.6103"
"41,17 : 0.6103"
"17,42 : 0.5579"
"42,17 : 0.5579"
"17,43 : 0.5215"
"43,17 : 0.5215"
"17,44 : 0.6379"
"44,17 : 0.6379"
"17,45 : 0.7495"
"45,17 : 0.7495"
"17,46 : 0.5962"
"46,17 : 0.5962"
"17,47 : 0.3493"
"47,17 : 0.3493"
"17,48 : 0.0361"
"48,17 : 0.0361"
"17,49 : 0.8006"
"49,17 : 0.8006"
"18,19 : 0.2581"
"19,18 : 0.2581"
"18,20 : 0.2267"
"20,18 : 0.2267"
"18,21 : 0.3764"
"21,18 : 0.3764"
"18,22 : 0.2973"
"22,18 : 0.2973"
"18,23 : 0.102"
"23,18 : 0.102"
"18,24 : 0.13"
"24,18 : 0.13"
"18,25 : 0.5745"
"25,18 : 0.5745"
"18,26 : 0.5235"
"26,18 : 0.5235"
"18,27 : 0.4528"
"27,18 : 0.4528"
"18,28 : 0.4569"
"28,18 : 0.4569"
"18,29 : 0.5727"
"29,18 : 0.5727"
"18,30 : 0.8194"
"30,18 : 0.8194"
"18,31 : 0.4305"
"31,18 : 0.4305"
"18,32 : 0.3612"
"32,18 : 0.3612"
"18,33 : 0.5515"
"33,18 : 0.5515"
"18,34 : 0.7762"
"34,18 : 0.7762"
"18,35 : 0.3722"
"35,18 : 0.3722"
"18,36 : 0.9904"
"36,18 : 0.9904"
"18,37 : 0.2707"
"37,18 : 0.2707"
"18,38 : 0.3231"
"38,18 : 0.3231"
"18,39 : 0.5661"
"39,18 : 0.5661"
"18,40 : 0.2915"
"40,18 : 0.2915"
"18,41 : 0.7415"
"41,18 : 0.7415"
"18,42 : 0.6001"
"42,18 : 0.6001"
"18,43 : 0.6595"
"43,18 : 0.6595"
"18,44 : 0.68"
"44,18 : 0.68"
"18,45 : 0.7903"
"45,18 : 0.7903"
"18,46 : 0.7187"
"46,18 : 0.7187"
"18,47 : 0.478"
"47,18 : 0.478"
"18,48 : 0.1581"
"48,18 : 0.1581"
"18,49 : 0.9476"
"49,18 : 0.9476"
"19,20 : 0.4817"
"20,19 : 0.4817"
"19,21 : 0.4713"
"21,19 : 0.4713"
"19,22 : 0.086"
"22,19 : 0.086"
"19,23 : 0.2025"
"23,19 : 0.2025"
"19,24 : 0.3448"
"24,19 : 0.3448"
"19,25 : 0.3517"
"25,19 : 0.3517"
"19,26 : 0.3126"
"26,19 : 0.3126"
"19,27 : 0.397"
"27,19 : 0.397"
"19,28 : 0.4743"
"28,19 : 0.4743"
"19,29 : 0.3712"
"29,19 : 0.3712"
"19,30 : 0.6119"
"30,19 : 0.6119"
"19,31 : 0.3384"
"31,19 : 0.3384"
"19,32 : 0.1237"
"32,19 : 0.1237"
"19,33 : 0.4686"
"33,19 : 0.4686"
"19,34 : 0.5186"
"34,19 : 0.5186"
"19,35 : 0.2484"
"35,19 : 0.2484"
"19,36 : 0.7355"
"36,19 : 0.7355"
"19,37 : 0.1803"
"37,19 : 0.1803"
"19,38 : 0.3625"
"38,19 : 0.3625"
"19,39 : 0.4597"
"39,19 : 0.4597"
"19,40 : 0.2778"
"40,19 : 0.2778"
"19,41 : 0.5906"
"41,19 : 0.5906"
"19,42 : 0.4924"
"42,19 : 0.4924"
"19,43 : 0.4134"
"43,19 : 0.4134"
"19,44 : 0.5701"
"44,19 : 0.5701"
"19,45 : 0.6801"
"45,19 : 0.6801"
"19,46 : 0.4904"
"46,19 : 0.4904"
"19,47 : 0.2435"
"47,19 : 0.2435"
"19,48 : 0.1"
"48,19 : 0.1"
"19,49 : 0.6935"
"49,19 : 0.6935"
"20,21 : 0.4687"
"21,20 : 0.4687"
"20,22 : 0.5077"
"22,20 : 0.5077"
"20,23 : 0.2915"
"23,20 : 0.2915"
"20,24 : 0.222"
"24,20 : 0.222"
"20,25 : 0.7988"
"25,20 : 0.7988"
"20,26 : 0.7463"
"26,20 : 0.7463"
"20,27 : 0.628"
"27,20 : 0.628"
"20,28 : 0.5908"
"28,20 : 0.5908"
"20,29 : 0.7926"
"29,20 : 0.7926"
"20,30 : 1.0377"
"30,20 : 1.0377"
"20,31 : 0.6236"
"31,20 : 0.6236"
"20,32 : 0.588"
"32,20 : 0.588"
"20,33 : 0.6612"
"33,20 : 0.6612"
"20,34 : 1.0"
"34,20 : 1.0"
"20,35 : 0.536"
"35,20 : 0.536"
"20,36 : 1.2163"
"36,20 : 1.2163"
"20,37 : 0.446"
"37,20 : 0.446"
"20,38 : 0.471"
"38,20 : 0.471"
"20,39 : 0.69"
"39,20 : 0.69"
"20,40 : 0.4754"
"40,20 : 0.4754"
"20,41 : 0.8809"
"41,20 : 0.8809"
"20,42 : 0.7864"
"42,20 : 0.7864"
"20,43 : 0.8862"
"43,20 : 0.8862"
"20,44 : 0.8631"
"44,20 : 0.8631"
"20,45 : 0.9688"
"45,20 : 0.9688"
"20,46 : 0.943"
"46,20 : 0.943"
"20,47 : 0.7043"
"47,20 : 0.7043"
"20,48 : 0.3821"
"48,20 : 0.3821"
"20,49 : 1.1738"
"49,20 : 1.1738"
"21,22 : 0.5536"
"22,21 : 0.5536"
"21,23 : 0.4601"
"23,21 : 0.4601"
"21,24 : 0.2683"
"24,21 : 0.2683"
"21,25 : 0.5758"
"25,21 : 0.5758"
"21,26 : 0.5187"
"26,21 : 0.5187"
"21,27 : 0.2484"
"27,21 : 0.2484"
"21,28 : 0.1432"
"28,21 : 0.1432"
"21,29 : 0.5323"
"29,21 : 0.5323"
"21,30 : 0.7325"
"30,21 : 0.7325"
"21,31 : 0.2953"
"31,21 : 0.2953"
"21,32 : 0.4804"
"32,21 : 0.4804"
"21,33 : 0.9014"
"33,21 : 0.9014"
"21,34 : 0.871"
"34,21 : 0.871"
"21,35 : 0.6935"
"35,21 : 0.6935"
"21,36 : 1.0362"
"36,21 : 1.0362"
"21,37 : 0.5968"
"37,21 : 0.5968"
"21,38 : 0.1204"
"38,21 : 0.1204"
"21,39 : 0.9055"
"39,21 : 0.9055"
"21,40 : 0.21"
"40,21 : 0.21"
"21,41 : 1.057"
"41,21 : 1.057"
"21,42 : 0.3982"
"42,21 : 0.3982"
"21,43 : 0.7021"
"43,21 : 0.7021"
"21,44 : 0.4579"
"44,21 : 0.4579"
"21,45 : 0.5463"
"45,21 : 0.5463"
"21,46 : 0.6977"
"46,21 : 0.6977"
"21,47 : 0.5376"
"47,21 : 0.5376"
"21,48 : 0.4206"
"48,21 : 0.4206"
"21,49 : 0.9916"
"49,21 : 0.9916"
"22,23 : 0.2163"
"23,22 : 0.2163"
"22,24 : 0.4031"
"24,22 : 0.4031"
"22,25 : 0.3905"
"25,22 : 0.3905"
"22,26 : 0.3612"
"26,22 : 0.3612"
"22,27 : 0.481"
"27,22 : 0.481"
"22,28 : 0.5604"
"28,22 : 0.5604"
"22,29 : 0.4219"
"29,22 : 0.4219"
"22,30 : 0.6519"
"30,22 : 0.6519"
"22,31 : 0.4201"
"31,22 : 0.4201"
"22,32 : 0.1746"
"32,22 : 0.1746"
"22,33 : 0.386"
"33,22 : 0.386"
"22,34 : 0.5033"
"34,22 : 0.5033"
"22,35 : 0.1664"
"35,22 : 0.1664"
"22,36 : 0.728"
"36,22 : 0.728"
"22,37 : 0.1204"
"37,22 : 0.1204"
"22,38 : 0.4472"
"38,22 : 0.4472"
"22,39 : 0.3748"
"39,22 : 0.3748"
"22,40 : 0.3636"
"40,22 : 0.3636"
"22,41 : 0.5054"
"41,22 : 0.5054"
"22,42 : 0.5682"
"42,22 : 0.5682"
"22,43 : 0.4272"
"43,22 : 0.4272"
"22,44 : 0.644"
"44,22 : 0.644"
"22,45 : 0.7524"
"45,22 : 0.7524"
"22,46 : 0.5197"
"46,22 : 0.5197"
"22,47 : 0.2802"
"47,22 : 0.2802"
"22,48 : 0.1503"
"48,22 : 0.1503"
"22,49 : 0.6882"
"49,22 : 0.6882"
"23,24 : 0.2309"
"24,23 : 0.2309"
"23,25 : 0.5478"
"25,23 : 0.5478"
"23,26 : 0.5029"
"26,23 : 0.5029"
"23,27 : 0.4934"
"27,23 : 0.4934"
"23,28 : 0.5215"
"28,23 : 0.5215"
"23,29 : 0.5579"
"29,23 : 0.5579"
"23,30 : 0.8036"
"30,23 : 0.8036"
"23,31 : 0.4571"
"31,23 : 0.4571"
"23,32 : 0.322"
"32,23 : 0.322"
"23,33 : 0.4519"
"33,23 : 0.4519"
"23,34 : 0.7142"
"34,23 : 0.7142"
"23,35 : 0.2707"
"35,23 : 0.2707"
"23,36 : 0.9351"
"36,23 : 0.9351"
"23,37 : 0.17"
"37,23 : 0.17"
"23,38 : 0.3883"
"38,23 : 0.3883"
"23,39 : 0.4649"
"39,23 : 0.4649"
"23,40 : 0.3362"
"40,23 : 0.3362"
"23,41 : 0.6395"
"41,23 : 0.6395"
"23,42 : 0.6265"
"42,23 : 0.6265"
"23,43 : 0.6159"
"43,23 : 0.6159"
"23,44 : 0.7071"
"44,23 : 0.7071"
"23,45 : 0.8188"
"45,23 : 0.8188"
"23,46 : 0.6894"
"46,23 : 0.6894"
"23,47 : 0.4428"
"47,23 : 0.4428"
"23,48 : 0.114"
"48,23 : 0.114"
"23,49 : 0.8938"
"49,23 : 0.8938"
"24,25 : 0.6083"
"25,24 : 0.6083"
"24,26 : 0.5523"
"26,24 : 0.5523"
"24,27 : 0.4061"
"27,24 : 0.4061"
"24,28 : 0.3748"
"28,24 : 0.3748"
"24,29 : 0.592"
"29,24 : 0.592"
"24,30 : 0.8322"
"30,24 : 0.8322"
"24,31 : 0.405"
"31,24 : 0.405"
"24,32 : 0.4219"
"32,24 : 0.4219"
"24,33 : 0.6815"
"33,24 : 0.6815"
"24,34 : 0.8472"
"34,24 : 0.8472"
"24,35 : 0.4982"
"35,24 : 0.4982"
"24,36 : 1.05"
"36,24 : 1.05"
"24,37 : 0.3962"
"37,24 : 0.3962"
"24,38 : 0.25"
"38,24 : 0.25"
"24,39 : 0.6957"
"39,24 : 0.6957"
"24,40 : 0.2563"
"40,24 : 0.2563"
"24,41 : 0.8688"
"41,24 : 0.8688"
"24,42 : 0.5652"
"42,24 : 0.5652"
"24,43 : 0.7106"
"43,24 : 0.7106"
"24,44 : 0.6413"
"44,24 : 0.6413"
"24,45 : 0.7467"
"45,24 : 0.7467"
"24,46 : 0.7507"
"46,24 : 0.7507"
"24,47 : 0.5263"
"47,24 : 0.5263"
"24,48 : 0.2532"
"48,24 : 0.2532"
"24,49 : 1.006"
"49,24 : 1.006"
"25,26 : 0.0583"
"26,25 : 0.0583"
"25,27 : 0.3523"
"27,25 : 0.3523"
"25,28 : 0.4851"
"28,25 : 0.4851"
"25,29 : 0.0671"
"29,25 : 0.0671"
"25,30 : 0.2617"
"30,25 : 0.2617"
"25,31 : 0.2864"
"31,25 : 0.2864"
"25,32 : 0.228"
"32,25 : 0.228"
"25,33 : 0.7308"
"33,25 : 0.7308"
"25,34 : 0.3102"
"34,25 : 0.3102"
"25,35 : 0.5346"
"35,25 : 0.5346"
"25,36 : 0.461"
"36,25 : 0.461"
"25,37 : 0.5109"
"37,25 : 0.5109"
"25,38 : 0.461"
"38,25 : 0.461"
"25,39 : 0.7023"
"39,25 : 0.7023"
"25,40 : 0.3859"
"40,25 : 0.3859"
"25,41 : 0.7545"
"41,25 : 0.7545"
"25,42 : 0.3102"
"42,25 : 0.3102"
"25,43 : 0.1304"
"43,25 : 0.1304"
"25,44 : 0.3551"
"44,25 : 0.3551"
"25,45 : 0.4386"
"45,25 : 0.4386"
"25,46 : 0.1442"
"46,25 : 0.1442"
"25,47 : 0.1105"
"47,25 : 0.1105"
"25,48 : 0.4346"
"48,25 : 0.4346"
"25,49 : 0.4163"
"49,25 : 0.4163"
"26,27 : 0.3002"
"27,26 : 0.3002"
"26,28 : 0.4319"
"28,26 : 0.4319"
"26,29 : 0.0608"
"29,26 : 0.0608"
"26,30 : 0.3008"
"30,26 : 0.3008"
"26,31 : 0.2319"
"31,26 : 0.2319"
"26,32 : 0.1903"
"32,26 : 0.1903"
"26,33 : 0.7187"
"33,26 : 0.7187"
"26,34 : 0.3606"
"34,26 : 0.3606"
"26,35 : 0.5142"
"35,26 : 0.5142"
"26,36 : 0.5189"
"36,26 : 0.5189"
"26,37 : 0.4804"
"37,26 : 0.4804"
"26,38 : 0.4031"
"38,26 : 0.4031"
"26,39 : 0.6935"
"39,26 : 0.6935"
"26,40 : 0.3276"
"40,26 : 0.3276"
"26,41 : 0.7606"
"41,26 : 0.7606"
"26,42 : 0.2778"
"42,26 : 0.2778"
"26,43 : 0.1844"
"43,26 : 0.1844"
"26,44 : 0.333"
"44,26 : 0.333"
"26,45 : 0.4264"
"45,26 : 0.4264"
"26,46 : 0.1985"
"46,26 : 0.1985"
"26,47 : 0.0894"
"47,26 : 0.0894"
"26,48 : 0.389"
"48,26 : 0.389"
"26,49 : 0.4742"
"49,26 : 0.4742"
"27,28 : 0.1334"
"28,27 : 0.1334"
"27,29 : 0.2983"
"29,27 : 0.2983"
"27,30 : 0.4841"
"30,27 : 0.4841"
"27,31 : 0.0728"
"31,27 : 0.0728"
"27,32 : 0.3413"
"32,27 : 0.3413"
"27,33 : 0.8656"
"33,27 : 0.8656"
"27,34 : 0.6607"
"34,27 : 0.6607"
"27,35 : 0.6454"
"35,27 : 0.6454"
"27,36 : 0.8036"
"36,27 : 0.8036"
"27,37 : 0.5686"
"37,27 : 0.5686"
"27,38 : 0.1655"
"38,27 : 0.1655"
"27,39 : 0.8559"
"39,27 : 0.8559"
"27,40 : 0.1612"
"40,27 : 0.1612"
"27,41 : 0.972"
"41,27 : 0.972"
"27,42 : 0.1616"
"42,27 : 0.1616"
"27,43 : 0.4826"
"43,27 : 0.4826"
"27,44 : 0.2354"
"44,27 : 0.2354"
"27,45 : 0.3413"
"45,27 : 0.3413"
"27,46 : 0.4588"
"46,27 : 0.4588"
"27,47 : 0.3471"
"47,27 : 0.3471"
"27,48 : 0.4025"
"48,27 : 0.4025"
"27,49 : 0.7596"
"49,27 : 0.7596"
"28,29 : 0.4317"
"29,28 : 0.4317"
"28,30 : 0.6075"
"30,28 : 0.6075"
"28,31 : 0.2002"
"31,28 : 0.2002"
"28,32 : 0.446"
"32,28 : 0.446"
"28,33 : 0.9343"
"33,28 : 0.9343"
"28,34 : 0.7923"
"34,28 : 0.7923"
"28,35 : 0.717"
"35,28 : 0.717"
"28,36 : 0.9368"
"36,28 : 0.9368"
"28,37 : 0.6294"
"37,28 : 0.6294"
"28,38 : 0.1342"
"38,28 : 0.1342"
"28,39 : 0.9309"
"39,28 : 0.9309"
"28,40 : 0.1985"
"40,28 : 0.1985"
"28,41 : 1.0633"
"41,28 : 1.0633"
"28,42 : 0.2617"
"42,28 : 0.2617"
"28,43 : 0.6152"
"43,28 : 0.6152"
"28,44 : 0.3162"
"44,28 : 0.3162"
"28,45 : 0.4031"
"45,28 : 0.4031"
"28,46 : 0.5914"
"46,28 : 0.5914"
"28,47 : 0.4717"
"47,28 : 0.4717"
"28,48 : 0.4528"
"48,28 : 0.4528"
"28,49 : 0.8929"
"49,28 : 0.8929"
"29,30 : 0.247"
"30,29 : 0.247"
"29,31 : 0.2377"
"31,29 : 0.2377"
"29,32 : 0.25"
"32,29 : 0.25"
"29,33 : 0.7783"
"33,29 : 0.7783"
"29,34 : 0.3722"
"34,29 : 0.3722"
"29,35 : 0.5749"
"35,29 : 0.5749"
"29,36 : 0.506"
"36,29 : 0.506"
"29,37 : 0.5408"
"37,29 : 0.5408"
"29,38 : 0.4219"
"38,29 : 0.4219"
"29,39 : 0.7524"
"39,29 : 0.7524"
"29,40 : 0.3547"
"40,29 : 0.3547"
"29,41 : 0.814"
"41,29 : 0.814"
"29,42 : 0.2435"
"42,29 : 0.2435"
"29,43 : 0.191"
"43,29 : 0.191"
"29,44 : 0.2884"
"44,29 : 0.2884"
"29,45 : 0.3748"
"45,29 : 0.3748"
"29,46 : 0.1664"
"46,29 : 0.1664"
"29,47 : 0.1487"
"47,29 : 0.1487"
"29,48 : 0.4438"
"48,29 : 0.4438"
"29,49 : 0.4617"
"49,29 : 0.4617"
"30,31 : 0.4455"
"31,30 : 0.4455"
"30,32 : 0.4884"
"32,30 : 0.4884"
"30,33 : 0.9767"
"33,30 : 0.9767"
"30,34 : 0.389"
"34,30 : 0.389"
"30,35 : 0.791"
"35,30 : 0.791"
"30,36 : 0.3962"
"36,30 : 0.3962"
"30,37 : 0.7723"
"37,30 : 0.7723"
"30,38 : 0.6364"
"38,30 : 0.6364"
"30,39 : 0.9437"
"39,30 : 0.9437"
"30,40 : 0.5841"
"40,30 : 0.5841"
"30,41 : 0.9666"
"41,30 : 0.9666"
"30,42 : 0.3534"
"42,30 : 0.3534"
"30,43 : 0.2693"
"43,30 : 0.2693"
"30,44 : 0.3373"
"44,30 : 0.3373"
"30,45 : 0.3523"
"45,30 : 0.3523"
"30,46 : 0.1487"
"46,30 : 0.1487"
"30,47 : 0.3722"
"47,30 : 0.3722"
"30,48 : 0.6896"
"48,30 : 0.6896"
"30,49 : 0.3614"
"49,30 : 0.3614"
"31,32 : 0.272"
"32,31 : 0.272"
"31,33 : 0.806"
"33,31 : 0.806"
"31,34 : 0.5921"
"34,31 : 0.5921"
"31,35 : 0.586"
"35,31 : 0.586"
"31,36 : 0.7433"
"36,31 : 0.7433"
"31,37 : 0.5148"
"37,31 : 0.5148"
"31,38 : 0.191"
"38,31 : 0.191"
"31,39 : 0.794"
"39,31 : 0.794"
"31,40 : 0.1487"
"40,31 : 0.1487"
"31,41 : 0.9043"
"41,31 : 0.9043"
"31,42 : 0.1703"
"42,31 : 0.1703"
"31,43 : 0.4159"
"43,31 : 0.4159"
"31,44 : 0.2508"
"44,31 : 0.2508"
"31,45 : 0.3622"
"45,31 : 0.3622"
"31,46 : 0.4025"
"46,31 : 0.4025"
"31,47 : 0.2746"
"47,31 : 0.2746"
"31,48 : 0.3574"
"48,31 : 0.3574"
"31,49 : 0.6989"
"49,31 : 0.6989"
"32,33 : 0.5507"
"33,32 : 0.5507"
"32,34 : 0.4254"
"34,32 : 0.4254"
"32,35 : 0.3362"
"35,32 : 0.3362"
"32,36 : 0.6313"
"36,32 : 0.6313"
"32,37 : 0.2915"
"37,32 : 0.2915"
"32,38 : 0.3612"
"38,32 : 0.3612"
"32,39 : 0.5325"
"39,32 : 0.5325"
"32,40 : 0.2707"
"40,32 : 0.2707"
"32,41 : 0.6325"
"41,32 : 0.6325"
"32,42 : 0.4022"
"42,32 : 0.4022"
"32,43 : 0.2983"
"43,32 : 0.2983"
"32,44 : 0.4751"
"44,32 : 0.4751"
"32,45 : 0.5814"
"45,32 : 0.5814"
"32,46 : 0.3677"
"46,32 : 0.3677"
"32,47 : 0.1208"
"47,32 : 0.1208"
"32,48 : 0.211"
"48,32 : 0.211"
"32,49 : 0.588"
"49,32 : 0.588"
"33,34 : 0.6972"
"34,33 : 0.6972"
"33,35 : 0.2202"
"35,33 : 0.2202"
"33,36 : 0.9144"
"36,33 : 0.9144"
"33,37 : 0.3061"
"37,33 : 0.3061"
"33,38 : 0.8106"
"38,33 : 0.8106"
"33,39 : 0.05"
"39,33 : 0.05"
"33,40 : 0.7359"
"40,33 : 0.7359"
"33,41 : 0.2341"
"41,33 : 0.2341"
"33,42 : 0.9519"
"42,33 : 0.9519"
"33,43 : 0.7145"
"43,33 : 0.7145"
"33,44 : 1.0258"
"44,33 : 1.0258"
"33,45 : 1.1318"
"45,33 : 1.1318"
"33,46 : 0.8302"
"46,33 : 0.8302"
"33,47 : 0.6297"
"47,33 : 0.6297"
"33,48 : 0.4841"
"48,33 : 0.4841"
"33,49 : 0.8865"
"49,33 : 0.8865"
"34,35 : 0.5727"
"35,34 : 0.5727"
"34,36 : 0.2283"
"36,34 : 0.2283"
"34,37 : 0.6046"
"37,34 : 0.6046"
"34,38 : 0.7519"
"38,34 : 0.7519"
"34,39 : 0.6538"
"39,34 : 0.6538"
"34,40 : 0.6676"
"40,34 : 0.6676"
"34,41 : 0.6217"
"41,34 : 0.6217"
"34,42 : 0.6119"
"42,34 : 0.6119"
"34,43 : 0.1811"
"43,34 : 0.1811"
"34,44 : 0.642"
"44,34 : 0.642"
"34,45 : 0.7021"
"45,34 : 0.7021"
"34,46 : 0.2642"
"46,34 : 0.2642"
"34,47 : 0.3353"
"47,34 : 0.3353"
"34,48 : 0.6185"
"48,34 : 0.6185"
"34,49 : 0.1931"
"49,34 : 0.1931"
"35,36 : 0.8006"
"36,35 : 0.8006"
"35,37 : 0.102"
"37,35 : 0.102"
"35,38 : 0.5964"
"38,35 : 0.5964"
"35,39 : 0.214"
"39,35 : 0.214"
"35,40 : 0.5186"
"40,35 : 0.5186"
"35,41 : 0.3711"
"41,35 : 0.3711"
"35,42 : 0.7343"
"42,35 : 0.7343"
"35,43 : 0.5433"
"43,35 : 0.5433"
"35,44 : 0.8095"
"44,35 : 0.8095"
"35,45 : 0.9171"
"45,35 : 0.9171"
"35,46 : 0.6501"
"46,35 : 0.6501"
"35,47 : 0.4276"
"47,35 : 0.4276"
"35,48 : 0.2729"
"48,35 : 0.2729"
"35,49 : 0.7656"
"49,35 : 0.7656"
"36,37 : 0.8322"
"37,36 : 0.8322"
"36,38 : 0.922"
"38,36 : 0.922"
"36,39 : 0.8688"
"39,36 : 0.8688"
"36,40 : 0.8453"
"40,36 : 0.8453"
"36,41 : 0.8101"
"41,36 : 0.8101"
"36,42 : 0.7145"
"42,36 : 0.7145"
"36,43 : 0.3413"
"43,36 : 0.3413"
"36,44 : 0.72"
"44,36 : 0.72"
"36,45 : 0.7481"
"45,36 : 0.7481"
"36,46 : 0.3471"
"46,36 : 0.3471"
"36,47 : 0.5243"
"47,36 : 0.5243"
"36,48 : 0.8344"
"48,36 : 0.8344"
"36,49 : 0.0447"
"49,36 : 0.0447"
"37,38 : 0.5045"
"38,37 : 0.5045"
"37,39 : 0.3089"
"39,37 : 0.3089"
"37,40 : 0.4314"
"40,37 : 0.4314"
"37,41 : 0.473"
"41,37 : 0.473"
"37,42 : 0.6723"
"42,37 : 0.6723"
"37,43 : 0.5441"
"43,37 : 0.5441"
"37,44 : 0.7503"
"44,37 : 0.7503"
"37,45 : 0.8603"
"45,37 : 0.8603"
"37,46 : 0.6395"
"46,37 : 0.6395"
"37,47 : 0.4005"
"47,37 : 0.4005"
"37,48 : 0.178"
"48,37 : 0.178"
"37,49 : 0.794"
"49,37 : 0.794"
"38,39 : 0.8102"
"39,38 : 0.8102"
"38,40 : 0.0906"
"40,38 : 0.0906"
"38,41 : 0.9526"
"41,38 : 0.9526"
"38,42 : 0.327"
"42,38 : 0.327"
"38,43 : 0.5852"
"43,38 : 0.5852"
"38,44 : 0.3985"
"44,38 : 0.3985"
"38,45 : 0.5001"
"45,38 : 0.5001"
"38,46 : 0.5883"
"46,38 : 0.5883"
"38,47 : 0.4177"
"47,38 : 0.4177"
"38,48 : 0.3265"
"48,38 : 0.3265"
"38,49 : 0.8773"
"49,38 : 0.8773"
"39,40 : 0.7325"
"40,39 : 0.7325"
"39,41 : 0.1942"
"41,39 : 0.1942"
"39,42 : 0.9348"
"42,39 : 0.9348"
"39,43 : 0.679"
"43,39 : 0.679"
"39,44 : 1.007"
"44,39 : 1.007"
"39,45 : 1.1114"
"45,39 : 1.1114"
"39,46 : 0.7962"
"46,39 : 0.7962"
"39,47 : 0.6042"
"47,39 : 0.6042"
"39,48 : 0.4855"
"48,39 : 0.4855"
"39,49 : 0.8417"
"49,39 : 0.8417"
"40,41 : 0.8683"
"41,40 : 0.8683"
"40,42 : 0.3126"
"42,40 : 0.3126"
"40,43 : 0.5057"
"43,40 : 0.5057"
"40,44 : 0.3912"
"44,40 : 0.3912"
"40,45 : 0.5001"
"45,40 : 0.5001"
"40,46 : 0.5201"
"46,40 : 0.5201"
"40,47 : 0.3324"
"47,40 : 0.3324"
"40,48 : 0.2561"
"48,40 : 0.2561"
"40,49 : 0.8006"
"49,40 : 0.8006"
"41,42 : 1.0253"
"42,41 : 1.0253"
"41,43 : 0.6978"
"43,41 : 0.6978"
"41,44 : 1.0904"
"44,41 : 1.0904"
"41,45 : 1.187"
"45,41 : 1.187"
"41,46 : 0.8186"
"46,41 : 0.8186"
"41,47 : 0.6736"
"47,41 : 0.6736"
"41,48 : 0.6391"
"48,41 : 0.6391"
"41,49 : 0.7916"
"49,41 : 0.7916"
"42,43 : 0.4317"
"43,42 : 0.4317"
"42,44 : 0.0806"
"44,42 : 0.0806"
"42,45 : 0.1924"
"45,42 : 0.1924"
"42,46 : 0.3701"
"46,42 : 0.3701"
"42,47 : 0.3561"
"47,42 : 0.3561"
