x,y
0.48,0.13
0.05,0.54
0.63,0.55
0.55,0.15
0.65,0.86
0.21,0.54
0.63,0.59
0.36,0.31
0.86,0.95
0.9,0.27
0.19,0.67
0.87,0.87
0.65,0.89
0.72,0.3
0.36,0.96
0.97,0.37
0.28,0.23
0.47,0.28
0.16,0.57
0.88,0.17
0.32,0.48
0.27,0.3
0.71,0.93
0.5,0.84
0.21,0.79
0.95,0.61
0.52,0.13
0.43,0.35
0.04,0.11
0.12,0.46
0.53,0.16
0.77,0.33
0.56,0.57
0.76,0.12
0.1,0.06
0.64,0.0
0.37,0.35
0.55,0.68
0.02,0.48
0.41,0.47
0.72,0.66
0.6,0.14
0.88,0.72
0.03,0.36
0.8,0.71
0.14,0.61
0.72,0.79
0.57,0.14
0.67,0.53
0.45,0.99

Distanze
"0,1 : 0.5941"
"1,0 : 0.5941"
"0,2 : 0.446"
"2,0 : 0.446"
"0,3 : 0.0728"
"3,0 : 0.0728"
"0,4 : 0.7495"
"4,0 : 0.7495"
"0,5 : 0.4909"
"5,0 : 0.4909"
"0,6 : 0.4838"
"6,0 : 0.4838"
"0,7 : 0.2163"
"7,0 : 0.2163"
"0,8 : 0.9038"
"8,0 : 0.9038"
"0,9 : 0.4427"
"9,0 : 0.4427"
"0,10 : 0.6129"
"10,0 : 0.6129"
"0,11 : 0.8365"
"11,0 : 0.8365"
"0,12 : 0.7788"
"12,0 : 0.7788"
"0,13 : 0.2941"
"13,0 : 0.2941"
"0,14 : 0.8386"
"14,0 : 0.8386"
"0,15 : 0.5456"
"15,0 : 0.5456"
"0,16 : 0.2236"
"16,0 : 0.2236"
"0,17 : 0.1503"
"17,0 : 0.1503"
"0,18 : 0.5441"
"18,0 : 0.5441"
"0,19 : 0.402"
"19,0 : 0.402"
"0,20 : 0.3848"
"20,0 : 0.3848"
"0,21 : 0.2702"
"21,0 : 0.2702"
"0,22 : 0.8324"
"22,0 : 0.8324"
"0,23 : 0.7103"
"23,0 : 0.7103"
"0,24 : 0.7131"
"24,0 : 0.7131"
"0,25 : 0.6718"
"25,0 : 0.6718"
"0,26 : 0.04"
"26,0 : 0.04"
"0,27 : 0.2256"
"27,0 : 0.2256"
"0,28 : 0.4405"
"28,0 : 0.4405"
"0,29 : 0.4884"
"29,0 : 0.4884"
"0,30 : 0.0583"
"30,0 : 0.0583"
"0,31 : 0.3523"
"31,0 : 0.3523"
"0,32 : 0.4472"
"32,0 : 0.4472"
"0,33 : 0.2802"
"33,0 : 0.2802"
"0,34 : 0.3864"
"34,0 : 0.3864"
"0,35 : 0.2062"
"35,0 : 0.2062"
"0,36 : 0.246"
"36,0 : 0.246"
"0,37 : 0.5544"
"37,0 : 0.5544"
"0,38 : 0.578"
"38,0 : 0.578"
"0,39 : 0.3471"
"39,0 : 0.3471"
"0,40 : 0.5818"
"40,0 : 0.5818"
"0,41 : 0.1204"
"41,0 : 0.1204"
"0,42 : 0.7128"
"42,0 : 0.7128"
"0,43 : 0.5054"
"43,0 : 0.5054"
"0,44 : 0.6624"
"44,0 : 0.6624"
"0,45 : 0.5882"
"45,0 : 0.5882"
"0,46 : 0.7023"
"46,0 : 0.7023"
"0,47 : 0.0906"
"47,0 : 0.0906"
"0,48 : 0.4428"
"48,0 : 0.4428"
"0,49 : 0.8605"
"49,0 : 0.8605"
"1,2 : 0.5801"
"2,1 : 0.5801"
"1,3 : 0.6341"
"3,1 : 0.6341"
"1,4 : 0.68"
"4,1 : 0.68"
"1,5 : 0.16"
"5,1 : 0.16"
"1,6 : 0.5822"
"6,1 : 0.5822"
"1,7 : 0.386"
"7,1 : 0.386"
"1,8 : 0.9079"
"8,1 : 0.9079"
"1,9 : 0.8919"
"9,1 : 0.8919"
"1,10 : 0.191"
"10,1 : 0.191"
"1,11 : 0.8839"
"11,1 : 0.8839"
"1,12 : 0.6946"
"12,1 : 0.6946"
"1,13 : 0.7117"
"13,1 : 0.7117"
"1,14 : 0.522"
"14,1 : 0.522"
"1,15 : 0.9356"
"15,1 : 0.9356"
"1,16 : 0.386"
"16,1 : 0.386"
"1,17 : 0.494"
"17,1 : 0.494"
"1,18 : 0.114"
"18,1 : 0.114"
"1,19 : 0.9087"
"19,1 : 0.9087"
"1,20 : 0.2766"
"20,1 : 0.2766"
"1,21 : 0.3256"
"21,1 : 0.3256"
"1,22 : 0.7666"
"22,1 : 0.7666"
"1,23 : 0.5408"
"23,1 : 0.5408"
"1,24 : 0.2968"
"24,1 : 0.2968"
"1,25 : 0.9027"
"25,1 : 0.9027"
"1,26 : 0.6237"
"26,1 : 0.6237"
"1,27 : 0.4249"
"27,1 : 0.4249"
"1,28 : 0.4301"
"28,1 : 0.4301"
"1,29 : 0.1063"
"29,1 : 0.1063"
"1,30 : 0.6122"
"30,1 : 0.6122"
"1,31 : 0.75"
"31,1 : 0.75"
"1,32 : 0.5109"
"32,1 : 0.5109"
"1,33 : 0.8249"
"33,1 : 0.8249"
"1,34 : 0.4826"
"34,1 : 0.4826"
"1,35 : 0.7998"
"35,1 : 0.7998"
"1,36 : 0.3722"
"36,1 : 0.3722"
"1,37 : 0.5192"
"37,1 : 0.5192"
"1,38 : 0.0671"
"38,1 : 0.0671"
"1,39 : 0.3667"
"39,1 : 0.3667"
"1,40 : 0.6807"
"40,1 : 0.6807"
"1,41 : 0.6801"
"41,1 : 0.6801"
"1,42 : 0.8493"
"42,1 : 0.8493"
"1,43 : 0.1811"
"43,1 : 0.1811"
"1,44 : 0.769"
"44,1 : 0.769"
"1,45 : 0.114"
"45,1 : 0.114"
"1,46 : 0.7151"
"46,1 : 0.7151"
"1,47 : 0.656"
"47,1 : 0.656"
"1,48 : 0.6201"
"48,1 : 0.6201"
"1,49 : 0.6021"
"49,1 : 0.6021"
"2,3 : 0.4079"
"3,2 : 0.4079"
"2,4 : 0.3106"
"4,2 : 0.3106"
"2,5 : 0.4201"
"5,2 : 0.4201"
"2,6 : 0.04"
"6,2 : 0.04"
"2,7 : 0.3612"
"7,2 : 0.3612"
"2,8 : 0.4614"
"8,2 : 0.4614"
"2,9 : 0.389"
"9,2 : 0.389"
"2,10 : 0.4561"
"10,2 : 0.4561"
"2,11 : 0.4"
"11,2 : 0.4"
"2,12 : 0.3406"
"12,2 : 0.3406"
"2,13 : 0.2657"
"13,2 : 0.2657"
"2,14 : 0.4909"
"14,2 : 0.4909"
"2,15 : 0.3847"
"15,2 : 0.3847"
"2,16 : 0.4742"
"16,2 : 0.4742"
"2,17 : 0.3138"
"17,2 : 0.3138"
"2,18 : 0.4704"
"18,2 : 0.4704"
"2,19 : 0.4549"
"19,2 : 0.4549"
"2,20 : 0.3178"
"20,2 : 0.3178"
"2,21 : 0.4383"
"21,2 : 0.4383"
"2,22 : 0.3883"
"22,2 : 0.3883"
"2,23 : 0.3178"
"23,2 : 0.3178"
"2,24 : 0.4837"
"24,2 : 0.4837"
"2,25 : 0.3256"
"25,2 : 0.3256"
"2,26 : 0.4342"
"26,2 : 0.4342"
"2,27 : 0.2828"
"27,2 : 0.2828"
"2,28 : 0.736"
"28,2 : 0.736"
"2,29 : 0.5179"
"29,2 : 0.5179"
"2,30 : 0.4026"
"30,2 : 0.4026"
"2,31 : 0.2608"
"31,2 : 0.2608"
"2,32 : 0.0728"
"32,2 : 0.0728"
"2,33 : 0.4492"
"33,2 : 0.4492"
"2,34 : 0.7218"
"34,2 : 0.7218"
"2,35 : 0.5501"
"35,2 : 0.5501"
"2,36 : 0.328"
"36,2 : 0.328"
"2,37 : 0.1526"
"37,2 : 0.1526"
"2,38 : 0.614"
"38,2 : 0.614"
"2,39 : 0.2341"
"39,2 : 0.2341"
"2,40 : 0.1421"
"40,2 : 0.1421"
"2,41 : 0.4111"
"41,2 : 0.4111"
"2,42 : 0.3023"
"42,2 : 0.3023"
"2,43 : 0.6294"
"43,2 : 0.6294"
"2,44 : 0.2335"
"44,2 : 0.2335"
"2,45 : 0.4937"
"45,2 : 0.4937"
"2,46 : 0.2563"
"46,2 : 0.2563"
"2,47 : 0.4144"
"47,2 : 0.4144"
"2,48 : 0.0447"
"48,2 : 0.0447"
"2,49 : 0.4754"
"49,2 : 0.4754"
"3,4 : 0.717"
"4,3 : 0.717"
"3,5 : 0.5174"
"5,3 : 0.5174"
"3,6 : 0.4472"
"6,3 : 0.4472"
"3,7 : 0.2484"
"7,3 : 0.2484"
"3,8 : 0.858"
"8,3 : 0.858"
"3,9 : 0.37"
"9,3 : 0.37"
"3,10 : 0.6325"
"10,3 : 0.6325"
"3,11 : 0.7879"
"11,3 : 0.7879"
"3,12 : 0.7467"
"12,3 : 0.7467"
"3,13 : 0.2267"
"13,3 : 0.2267"
"3,14 : 0.832"
"14,3 : 0.832"
"3,15 : 0.4741"
"15,3 : 0.4741"
"3,16 : 0.2816"
"16,3 : 0.2816"
"3,17 : 0.1526"
"17,3 : 0.1526"
"3,18 : 0.5731"
"18,3 : 0.5731"
"3,19 : 0.3306"
"19,3 : 0.3306"
"3,20 : 0.4022"
"20,3 : 0.4022"
"3,21 : 0.3176"
"21,3 : 0.3176"
"3,22 : 0.7962"
"22,3 : 0.7962"
"3,23 : 0.6918"
"23,3 : 0.6918"
"3,24 : 0.7247"
"24,3 : 0.7247"
"3,25 : 0.6096"
"25,3 : 0.6096"
"3,26 : 0.0361"
"26,3 : 0.0361"
"3,27 : 0.2332"
"27,3 : 0.2332"
"3,28 : 0.5116"
"28,3 : 0.5116"
"3,29 : 0.5301"
"29,3 : 0.5301"
"3,30 : 0.0224"
"30,3 : 0.0224"
"3,31 : 0.2843"
"31,3 : 0.2843"
"3,32 : 0.4201"
"32,3 : 0.4201"
"3,33 : 0.2121"
"33,3 : 0.2121"
"3,34 : 0.4589"
"34,3 : 0.4589"
"3,35 : 0.1749"
"35,3 : 0.1749"
"3,36 : 0.2691"
"36,3 : 0.2691"
"3,37 : 0.53"
"37,3 : 0.53"
"3,38 : 0.6243"
"38,3 : 0.6243"
"3,39 : 0.3493"
"39,3 : 0.3493"
"3,40 : 0.5376"
"40,3 : 0.5376"
"3,41 : 0.051"
"41,3 : 0.051"
"3,42 : 0.6586"
"42,3 : 0.6586"
"3,43 : 0.5608"
"43,3 : 0.5608"
"3,44 : 0.6133"
"44,3 : 0.6133"
"3,45 : 0.6162"
"45,3 : 0.6162"
"3,46 : 0.6622"
"46,3 : 0.6622"
"3,47 : 0.0224"
"47,3 : 0.0224"
"3,48 : 0.3985"
"48,3 : 0.3985"
"3,49 : 0.8459"
"49,3 : 0.8459"
"4,5 : 0.5441"
"5,4 : 0.5441"
"4,6 : 0.2707"
"6,4 : 0.2707"
"4,7 : 0.6218"
"7,4 : 0.6218"
"4,8 : 0.2285"
"8,4 : 0.2285"
"4,9 : 0.6408"
"9,4 : 0.6408"
"4,10 : 0.4977"
"10,4 : 0.4977"
"4,11 : 0.2202"
"11,4 : 0.2202"
"4,12 : 0.03"
"12,4 : 0.03"
"4,13 : 0.5644"
"13,4 : 0.5644"
"4,14 : 0.3068"
"14,4 : 0.3068"
"4,15 : 0.5852"
"15,4 : 0.5852"
"4,16 : 0.7306"
"16,4 : 0.7306"
"4,17 : 0.6073"
"17,4 : 0.6073"
"4,18 : 0.5694"
"18,4 : 0.5694"
"4,19 : 0.7273"
"19,4 : 0.7273"
"4,20 : 0.5033"
"20,4 : 0.5033"
"4,21 : 0.6768"
"21,4 : 0.6768"
"4,22 : 0.0922"
"22,4 : 0.0922"
"4,23 : 0.1513"
"23,4 : 0.1513"
"4,24 : 0.4455"
"24,4 : 0.4455"
"4,25 : 0.3905"
"25,4 : 0.3905"
"4,26 : 0.7415"
"26,4 : 0.7415"
"4,27 : 0.5554"
"27,4 : 0.5554"
"4,28 : 0.9667"
"28,4 : 0.9667"
"4,29 : 0.664"
"29,4 : 0.664"
"4,30 : 0.7102"
"30,4 : 0.7102"
"4,31 : 0.5434"
"31,4 : 0.5434"
"4,32 : 0.3036"
"32,4 : 0.3036"
"4,33 : 0.7481"
"33,4 : 0.7481"
"4,34 : 0.9708"
"34,4 : 0.9708"
"4,35 : 0.8601"
"35,4 : 0.8601"
"4,36 : 0.5818"
"36,4 : 0.5818"
"4,37 : 0.2059"
"37,4 : 0.2059"
"4,38 : 0.7357"
"38,4 : 0.7357"
"4,39 : 0.4579"
"39,4 : 0.4579"
"4,40 : 0.2119"
"40,4 : 0.2119"
"4,41 : 0.7217"
"41,4 : 0.7217"
"4,42 : 0.2693"
"42,4 : 0.2693"
"4,43 : 0.7965"
"43,4 : 0.7965"
"4,44 : 0.2121"
"44,4 : 0.2121"
"4,45 : 0.568"
"45,4 : 0.568"
"4,46 : 0.099"
"46,4 : 0.099"
"4,47 : 0.7244"
"47,4 : 0.7244"
"4,48 : 0.3306"
"48,4 : 0.3306"
"4,49 : 0.2385"
"49,4 : 0.2385"
"5,6 : 0.423"
"6,5 : 0.423"
"5,7 : 0.2746"
"7,5 : 0.2746"
"5,8 : 0.7685"
"8,5 : 0.7685"
"5,9 : 0.7409"
"9,5 : 0.7409"
"5,10 : 0.1315"
"10,5 : 0.1315"
"5,11 : 0.7379"
"11,5 : 0.7379"
"5,12 : 0.5622"
"12,5 : 0.5622"
"5,13 : 0.5636"
"13,5 : 0.5636"
"5,14 : 0.446"
"14,5 : 0.446"
"5,15 : 0.7788"
"15,5 : 0.7788"
"5,16 : 0.3178"
"16,5 : 0.3178"
"5,17 : 0.3677"
"17,5 : 0.3677"
"5,18 : 0.0583"
"18,5 : 0.0583"
"5,19 : 0.7654"
"19,5 : 0.7654"
"5,20 : 0.1253"
"20,5 : 0.1253"
"5,21 : 0.2474"
"21,5 : 0.2474"
"5,22 : 0.6341"
"22,5 : 0.6341"
"5,23 : 0.4173"
"23,5 : 0.4173"
"5,24 : 0.25"
"24,5 : 0.25"
"5,25 : 0.7433"
"25,5 : 0.7433"
"5,26 : 0.514"
"26,5 : 0.514"
"5,27 : 0.2907"
"27,5 : 0.2907"
"5,28 : 0.4624"
"28,5 : 0.4624"
"5,29 : 0.1204"
"29,5 : 0.1204"
"5,30 : 0.4968"
"30,5 : 0.4968"
"5,31 : 0.5981"
"31,5 : 0.5981"
"5,32 : 0.3513"
"32,5 : 0.3513"
"5,33 : 0.692"
"33,5 : 0.692"
"5,34 : 0.4924"
"34,5 : 0.4924"
"5,35 : 0.6903"
"35,5 : 0.6903"
"5,36 : 0.2484"
"36,5 : 0.2484"
"5,37 : 0.3677"
"37,5 : 0.3677"
"5,38 : 0.1992"
"38,5 : 0.1992"
"5,39 : 0.2119"
"39,5 : 0.2119"
"5,40 : 0.5239"
"40,5 : 0.5239"
"5,41 : 0.5587"
"41,5 : 0.5587"
"5,42 : 0.6938"
"42,5 : 0.6938"
"5,43 : 0.2546"
"43,5 : 0.2546"
"5,44 : 0.614"
"44,5 : 0.614"
"5,45 : 0.099"
"45,5 : 0.099"
"5,46 : 0.568"
"46,5 : 0.568"
"5,47 : 0.5381"
"47,5 : 0.5381"
"5,48 : 0.4601"
"48,5 : 0.4601"
"5,49 : 0.51"
"49,5 : 0.51"
"6,7 : 0.389"
"7,6 : 0.389"
"6,8 : 0.4272"
"8,6 : 0.4272"
"6,9 : 0.4187"
"9,6 : 0.4187"
"6,10 : 0.4472"
"10,6 : 0.4472"
"6,11 : 0.3688"
"11,6 : 0.3688"
"6,12 : 0.3007"
"12,6 : 0.3007"
"6,13 : 0.3036"
"13,6 : 0.3036"
"6,14 : 0.458"
"14,6 : 0.458"
"6,15 : 0.405"
"15,6 : 0.405"
"6,16 : 0.5021"
"16,6 : 0.5021"
"6,17 : 0.3489"
"17,6 : 0.3489"
"6,18 : 0.4704"
"18,6 : 0.4704"
"6,19 : 0.4888"
"19,6 : 0.4888"
"6,20 : 0.3289"
"20,6 : 0.3289"
"6,21 : 0.4623"
"21,6 : 0.4623"
"6,22 : 0.3493"
"22,6 : 0.3493"
"6,23 : 0.2818"
"23,6 : 0.2818"
"6,24 : 0.4652"
"24,6 : 0.4652"
"6,25 : 0.3206"
"25,6 : 0.3206"
"6,26 : 0.473"
"26,6 : 0.473"
"6,27 : 0.3124"
"27,6 : 0.3124"
"6,28 : 0.7606"
"28,6 : 0.7606"
"6,29 : 0.5263"
"29,6 : 0.5263"
"6,30 : 0.4415"
"30,6 : 0.4415"
"6,31 : 0.2953"
"31,6 : 0.2953"
"6,32 : 0.0728"
"32,6 : 0.0728"
"6,33 : 0.4876"
"33,6 : 0.4876"
"6,34 : 0.7495"
"34,6 : 0.7495"
"6,35 : 0.5901"
"35,6 : 0.5901"
"6,36 : 0.3538"
"36,6 : 0.3538"
"6,37 : 0.1204"
"37,6 : 0.1204"
"6,38 : 0.6198"
"38,6 : 0.6198"
"6,39 : 0.2506"
"39,6 : 0.2506"
"6,40 : 0.114"
"40,6 : 0.114"
"6,41 : 0.451"
"41,6 : 0.451"
"6,42 : 0.2818"
"42,6 : 0.2818"
"6,43 : 0.6426"
"43,6 : 0.6426"
"6,44 : 0.2081"
"44,6 : 0.2081"
"6,45 : 0.4904"
"45,6 : 0.4904"
"6,46 : 0.2193"
"46,6 : 0.2193"
"6,47 : 0.454"
"47,6 : 0.454"
"6,48 : 0.0721"
"48,6 : 0.0721"
"6,49 : 0.4386"
"49,6 : 0.4386"
"7,8 : 0.8122"
"8,7 : 0.8122"
"7,9 : 0.5415"
"9,7 : 0.5415"
"7,10 : 0.3981"
"10,7 : 0.3981"
"7,11 : 0.7574"
"11,7 : 0.7574"
"7,12 : 0.6485"
"12,7 : 0.6485"
"7,13 : 0.3601"
"13,7 : 0.3601"
"7,14 : 0.65"
"14,7 : 0.65"
"7,15 : 0.6129"
"15,7 : 0.6129"
"7,16 : 0.1131"
"16,7 : 0.1131"
"7,17 : 0.114"
"17,7 : 0.114"
"7,18 : 0.328"
"18,7 : 0.328"
"7,19 : 0.5385"
"19,7 : 0.5385"
"7,20 : 0.1746"
"20,7 : 0.1746"
"7,21 : 0.0906"
"21,7 : 0.0906"
"7,22 : 0.712"
"22,7 : 0.712"
"7,23 : 0.5482"
"23,7 : 0.5482"
"7,24 : 0.5029"
"24,7 : 0.5029"
"7,25 : 0.6619"
"25,7 : 0.6619"
"7,26 : 0.2408"
"26,7 : 0.2408"
"7,27 : 0.0806"
"27,7 : 0.0806"
"7,28 : 0.3774"
"28,7 : 0.3774"
"7,29 : 0.283"
"29,7 : 0.283"
"7,30 : 0.2267"
"30,7 : 0.2267"
"7,31 : 0.4105"
"31,7 : 0.4105"
"7,32 : 0.328"
"32,7 : 0.328"
"7,33 : 0.4428"
"33,7 : 0.4428"
"7,34 : 0.3607"
"34,7 : 0.3607"
"7,35 : 0.4177"
"35,7 : 0.4177"
"7,36 : 0.0412"
"36,7 : 0.0412"
"7,37 : 0.4159"
"37,7 : 0.4159"
"7,38 : 0.3801"
"38,7 : 0.3801"
"7,39 : 0.1676"
"39,7 : 0.1676"
"7,40 : 0.5021"
"40,7 : 0.5021"
"7,41 : 0.2941"
"41,7 : 0.2941"
"7,42 : 0.6622"
"42,7 : 0.6622"
"7,43 : 0.3338"
"43,7 : 0.3338"
"7,44 : 0.5946"
"44,7 : 0.5946"
"7,45 : 0.372"
"45,7 : 0.372"
"7,46 : 0.6"
"46,7 : 0.6"
"7,47 : 0.2702"
"47,7 : 0.2702"
"7,48 : 0.3801"
"48,7 : 0.3801"
"7,49 : 0.6859"
"49,7 : 0.6859"
"8,9 : 0.6812"
"9,8 : 0.6812"
"8,10 : 0.7262"
"10,8 : 0.7262"
"8,11 : 0.0806"
"11,8 : 0.0806"
"8,12 : 0.2184"
"12,8 : 0.2184"
"8,13 : 0.6649"
"13,8 : 0.6649"
"8,14 : 0.5001"
"14,8 : 0.5001"
"8,15 : 0.5903"
"15,8 : 0.5903"
"8,16 : 0.9246"
"16,8 : 0.9246"
"8,17 : 0.7752"
"17,8 : 0.7752"
"8,18 : 0.7965"
"18,8 : 0.7965"
"8,19 : 0.7803"
"19,8 : 0.7803"
"8,20 : 0.7159"
"20,8 : 0.7159"
"8,21 : 0.8778"
"21,8 : 0.8778"
"8,22 : 0.1513"
"22,8 : 0.1513"
"8,23 : 0.3764"
"23,8 : 0.3764"
"8,24 : 0.6694"
"24,8 : 0.6694"
"8,25 : 0.3517"
"25,8 : 0.3517"
"8,26 : 0.8877"
"26,8 : 0.8877"
"8,27 : 0.7382"
"27,8 : 0.7382"
"8,28 : 1.1739"
"28,8 : 1.1739"
"8,29 : 0.8875"
"29,8 : 0.8875"
"8,30 : 0.8562"
"30,8 : 0.8562"
"8,31 : 0.6265"
"31,8 : 0.6265"
"8,32 : 0.4841"
"32,8 : 0.4841"
"8,33 : 0.836"
"33,8 : 0.836"
"8,34 : 1.1703"
"34,8 : 1.1703"
"8,35 : 0.9751"
"35,8 : 0.9751"
"8,36 : 0.7747"
"36,8 : 0.7747"
"8,37 : 0.4111"
"37,8 : 0.4111"
"8,38 : 0.9625"
"38,8 : 0.9625"
"8,39 : 0.658"
"39,8 : 0.658"
"8,40 : 0.322"
"40,8 : 0.322"
"8,41 : 0.8507"
"41,8 : 0.8507"
"8,42 : 0.2309"
"42,8 : 0.2309"
"8,43 : 1.0183"
"43,8 : 1.0183"
"8,44 : 0.2474"
"44,8 : 0.2474"
"8,45 : 0.7962"
"45,8 : 0.7962"
"8,46 : 0.2126"
"46,8 : 0.2126"
"8,47 : 0.8603"
"47,8 : 0.8603"
"8,48 : 0.461"
"48,8 : 0.461"
"8,49 : 0.4119"
"49,8 : 0.4119"
"9,10 : 0.8149"
"10,9 : 0.8149"
"9,11 : 0.6007"
"11,9 : 0.6007"
"9,12 : 0.6685"
"12,9 : 0.6685"
"9,13 : 0.1825"
"13,9 : 0.1825"
"9,14 : 0.8762"
"14,9 : 0.8762"
"9,15 : 0.1221"
"15,9 : 0.1221"
"9,16 : 0.6213"
"16,9 : 0.6213"
"9,17 : 0.4301"
"17,9 : 0.4301"
"9,18 : 0.7985"
"18,9 : 0.7985"
"9,19 : 0.102"
"19,9 : 0.102"
"9,20 : 0.6168"
"20,9 : 0.6168"
"9,21 : 0.6307"
"21,9 : 0.6307"
"9,22 : 0.6868"
"22,9 : 0.6868"
"9,23 : 0.6963"
"23,9 : 0.6963"
"9,24 : 0.864"
"24,9 : 0.864"
"9,25 : 0.3437"
"25,9 : 0.3437"
"9,26 : 0.405"
"26,9 : 0.405"
"9,27 : 0.4768"
"27,9 : 0.4768"
"9,28 : 0.8748"
"28,9 : 0.8748"
"9,29 : 0.8028"
"29,9 : 0.8028"
"9,30 : 0.386"
"30,9 : 0.386"
"9,31 : 0.1432"
"31,9 : 0.1432"
"9,32 : 0.4534"
"32,9 : 0.4534"
"9,33 : 0.2052"
"33,9 : 0.2052"
"9,34 : 0.8271"
"34,9 : 0.8271"
"9,35 : 0.3748"
"35,9 : 0.3748"
"9,36 : 0.536"
"36,9 : 0.536"
"9,37 : 0.5391"
"37,9 : 0.5391"
"9,38 : 0.9047"
"38,9 : 0.9047"
"9,39 : 0.5292"
"39,9 : 0.5292"
"9,40 : 0.4295"
"40,9 : 0.4295"
"9,41 : 0.327"
"41,9 : 0.327"
"9,42 : 0.4504"
"42,9 : 0.4504"
"9,43 : 0.8746"
"43,9 : 0.8746"
"9,44 : 0.4512"
"44,9 : 0.4512"
"9,45 : 0.8326"
"45,9 : 0.8326"
"9,46 : 0.5503"
"46,9 : 0.5503"
"9,47 : 0.3547"
"47,9 : 0.3547"
"9,48 : 0.3471"
"48,9 : 0.3471"
"9,49 : 0.8491"
"49,9 : 0.8491"
"10,11 : 0.7088"
"11,10 : 0.7088"
"10,12 : 0.5099"
"12,10 : 0.5099"
"10,13 : 0.6464"
"13,10 : 0.6464"
"10,14 : 0.3362"
"14,10 : 0.3362"
"10,15 : 0.8357"
"15,10 : 0.8357"
"10,16 : 0.4491"
"16,10 : 0.4491"
"10,17 : 0.4801"
"17,10 : 0.4801"
"10,18 : 0.1044"
"18,10 : 0.1044"
"10,19 : 0.8521"
"19,10 : 0.8521"
"10,20 : 0.2302"
"20,10 : 0.2302"
"10,21 : 0.3785"
"21,10 : 0.3785"
"10,22 : 0.5814"
"22,10 : 0.5814"
"10,23 : 0.3536"
"23,10 : 0.3536"
"10,24 : 0.1217"
"24,10 : 0.1217"
"10,25 : 0.7624"
"25,10 : 0.7624"
"10,26 : 0.6329"
"26,10 : 0.6329"
"10,27 : 0.4"
"27,10 : 0.4"
"10,28 : 0.5797"
"28,10 : 0.5797"
"10,29 : 0.2214"
"29,10 : 0.2214"
"10,30 : 0.6129"
"30,10 : 0.6129"
"10,31 : 0.6723"
"31,10 : 0.6723"
"10,32 : 0.3833"
"32,10 : 0.3833"
"10,33 : 0.7921"
"33,10 : 0.7921"
"10,34 : 0.6166"
"34,10 : 0.6166"
"10,35 : 0.8071"
"35,10 : 0.8071"
"10,36 : 0.3672"
"36,10 : 0.3672"
"10,37 : 0.3601"
"37,10 : 0.3601"
"10,38 : 0.255"
"38,10 : 0.255"
"10,39 : 0.2973"
"39,10 : 0.2973"
"10,40 : 0.5301"
"40,10 : 0.5301"
"10,41 : 0.6701"
"41,10 : 0.6701"
"10,42 : 0.6918"
"42,10 : 0.6918"
"10,43 : 0.3489"
"43,10 : 0.3489"
"10,44 : 0.6113"
"44,10 : 0.6113"
"10,45 : 0.0781"
"45,10 : 0.0781"
"10,46 : 0.5434"
"46,10 : 0.5434"
"10,47 : 0.6522"
"47,10 : 0.6522"
"10,48 : 0.5"
"48,10 : 0.5"
"10,49 : 0.4123"
"49,10 : 0.4123"
"11,12 : 0.2209"
"12,11 : 0.2209"
"11,13 : 0.5894"
"13,11 : 0.5894"
"11,14 : 0.5179"
"14,11 : 0.5179"
"11,15 : 0.5099"
"15,11 : 0.5099"
"11,16 : 0.8705"
"16,11 : 0.8705"
"11,17 : 0.7128"
"17,11 : 0.7128"
"11,18 : 0.7708"
"18,11 : 0.7708"
"11,19 : 0.7001"
"19,11 : 0.7001"
"11,20 : 0.6742"
"20,11 : 0.6742"
"11,21 : 0.8276"
"21,11 : 0.8276"
"11,22 : 0.1709"
"22,11 : 0.1709"
"11,23 : 0.3712"
"23,11 : 0.3712"
"11,24 : 0.6648"
"24,11 : 0.6648"
"11,25 : 0.272"
"25,11 : 0.272"
"11,26 : 0.8186"
"26,11 : 0.8186"
"11,27 : 0.6812"
"27,11 : 0.6812"
"11,28 : 1.1254"
"28,11 : 1.1254"
"11,29 : 0.8548"
"29,11 : 0.8548"
"11,30 : 0.7872"
"30,11 : 0.7872"
"11,31 : 0.5492"
"31,11 : 0.5492"
"11,32 : 0.4314"
"32,11 : 0.4314"
"11,33 : 0.758"
"33,11 : 0.758"
"11,34 : 1.1176"
"34,11 : 1.1176"
"11,35 : 0.8999"
"35,11 : 0.8999"
"11,36 : 0.7214"
"36,11 : 0.7214"
"11,37 : 0.3722"
"37,11 : 0.3722"
"11,38 : 0.9352"
"38,11 : 0.9352"
"11,39 : 0.6096"
"39,11 : 0.6096"
"11,40 : 0.2581"
"40,11 : 0.2581"
"11,41 : 0.7783"
"41,11 : 0.7783"
"11,42 : 0.1503"
"42,11 : 0.1503"
"11,43 : 0.9827"
"43,11 : 0.9827"
"11,44 : 0.1746"
"44,11 : 0.1746"
"11,45 : 0.7749"
"45,11 : 0.7749"
"11,46 : 0.17"
"46,11 : 0.17"
"11,47 : 0.7892"
"47,11 : 0.7892"
"11,48 : 0.3945"
"48,11 : 0.3945"
"11,49 : 0.4368"
"49,11 : 0.4368"
"12,13 : 0.5941"
"13,12 : 0.5941"
"12,14 : 0.2983"
"14,12 : 0.2983"
"12,15 : 0.6106"
"15,12 : 0.6106"
"12,16 : 0.7566"
"16,12 : 0.7566"
"12,17 : 0.636"
"17,12 : 0.636"
"12,18 : 0.5852"
"18,12 : 0.5852"
"12,19 : 0.7558"
"19,12 : 0.7558"
"12,20 : 0.5263"
"20,12 : 0.5263"
"12,21 : 0.7018"
"21,12 : 0.7018"
"12,22 : 0.0721"
"22,12 : 0.0721"
"12,23 : 0.1581"
"23,12 : 0.1581"
"12,24 : 0.4512"
"24,12 : 0.4512"
"12,25 : 0.4104"
"25,12 : 0.4104"
"12,26 : 0.771"
"26,12 : 0.771"
"12,27 : 0.5831"
"27,12 : 0.5831"
"12,28 : 0.9902"
"28,12 : 0.9902"
"12,29 : 0.6825"
"29,12 : 0.6825"
"12,30 : 0.7398"
"30,12 : 0.7398"
"12,31 : 0.5727"
"31,12 : 0.5727"
"12,32 : 0.3324"
"32,12 : 0.3324"
"12,33 : 0.7778"
"33,12 : 0.7778"
"12,34 : 0.9957"
"34,12 : 0.9957"
"12,35 : 0.8901"
"35,12 : 0.8901"
"12,36 : 0.6083"
"36,12 : 0.6083"
"12,37 : 0.2326"
"37,12 : 0.2326"
"12,38 : 0.7517"
"38,12 : 0.7517"
"12,39 : 0.4837"
"39,12 : 0.4837"
"12,40 : 0.2404"
"40,12 : 0.2404"
"12,41 : 0.7517"
"41,12 : 0.7517"
"12,42 : 0.286"
"42,12 : 0.286"
"12,43 : 0.8157"
"43,12 : 0.8157"
"12,44 : 0.2343"
"44,12 : 0.2343"
"12,45 : 0.5818"
"45,12 : 0.5818"
"12,46 : 0.1221"
"46,12 : 0.1221"
"12,47 : 0.7543"
"47,12 : 0.7543"
"12,48 : 0.3606"
"48,12 : 0.3606"
"12,49 : 0.2236"
"49,12 : 0.2236"
"13,14 : 0.7518"
"14,13 : 0.7518"
"13,15 : 0.2596"
"15,13 : 0.2596"
"13,16 : 0.4455"
"16,13 : 0.4455"
"13,17 : 0.2508"
"17,13 : 0.2508"
"13,18 : 0.6217"
"18,13 : 0.6217"
"13,19 : 0.2062"
"19,13 : 0.2062"
"13,20 : 0.4386"
"20,13 : 0.4386"
"13,21 : 0.45"
"21,13 : 0.45"
"13,22 : 0.6301"
"22,13 : 0.6301"
"13,23 : 0.5831"
"23,13 : 0.5831"
"13,24 : 0.7072"
"24,13 : 0.7072"
"13,25 : 0.386"
"25,13 : 0.386"
"13,26 : 0.2625"
"26,13 : 0.2625"
"13,27 : 0.2943"
"27,13 : 0.2943"
"13,28 : 0.706"
"28,13 : 0.706"
"13,29 : 0.621"
"29,13 : 0.621"
"13,30 : 0.236"
"30,13 : 0.236"
"13,31 : 0.0583"
"31,13 : 0.0583"
"13,32 : 0.3138"
"32,13 : 0.3138"
"13,33 : 0.1844"
"33,13 : 0.1844"
"13,34 : 0.6648"
"34,13 : 0.6648"
"13,35 : 0.3105"
"35,13 : 0.3105"
"13,36 : 0.3536"
"36,13 : 0.3536"
"13,37 : 0.4163"
"37,13 : 0.4163"
"13,38 : 0.7228"
"38,13 : 0.7228"
"13,39 : 0.3536"
"39,13 : 0.3536"
"13,40 : 0.36"
"40,13 : 0.36"
"13,41 : 0.2"
"41,13 : 0.2"
"13,42 : 0.4494"
"42,13 : 0.4494"
"13,43 : 0.6926"
"43,13 : 0.6926"
"13,44 : 0.4177"
"44,13 : 0.4177"
"13,45 : 0.6576"
"45,13 : 0.6576"
"13,46 : 0.49"
"46,13 : 0.49"
"13,47 : 0.2193"
"47,13 : 0.2193"
"13,48 : 0.2354"
"48,13 : 0.2354"
"13,49 : 0.7409"
"49,13 : 0.7409"
"14,15 : 0.8486"
"15,14 : 0.8486"
"14,16 : 0.7344"
"16,14 : 0.7344"
"14,17 : 0.6888"
"17,14 : 0.6888"
"14,18 : 0.4383"
"18,14 : 0.4383"
"14,19 : 0.9458"
"19,14 : 0.9458"
"14,20 : 0.4817"
"20,14 : 0.4817"
"14,21 : 0.6661"
"21,14 : 0.6661"
"14,22 : 0.3513"
"22,14 : 0.3513"
"14,23 : 0.1844"
"23,14 : 0.1844"
"14,24 : 0.2267"
"24,14 : 0.2267"
"14,25 : 0.686"
"25,14 : 0.686"
"14,26 : 0.8453"
"26,14 : 0.8453"
"14,27 : 0.614"
"27,14 : 0.614"
"14,28 : 0.9082"
"28,14 : 0.9082"
"14,29 : 0.5546"
"29,14 : 0.5546"
"14,30 : 0.8179"
"30,14 : 0.8179"
"14,31 : 0.7517"
"31,14 : 0.7517"
"14,32 : 0.4383"
"32,14 : 0.4383"
"14,33 : 0.9304"
"33,14 : 0.9304"
"14,34 : 0.9368"
"34,14 : 0.9368"
"14,35 : 1.0"
"35,14 : 1.0"
"14,36 : 0.6101"
"36,14 : 0.6101"
"14,37 : 0.3384"
"37,14 : 0.3384"
"14,38 : 0.5882"
"38,14 : 0.5882"
"14,39 : 0.4925"
"39,14 : 0.4925"
"14,40 : 0.4686"
"40,14 : 0.4686"
"14,41 : 0.8544"
"41,14 : 0.8544"
"14,42 : 0.5727"
"42,14 : 0.5727"
"14,43 : 0.6848"
"43,14 : 0.6848"
"14,44 : 0.5061"
"44,14 : 0.5061"
"14,45 : 0.4134"
"45,14 : 0.4134"
"14,46 : 0.3981"
"46,14 : 0.3981"
"14,47 : 0.8465"
"47,14 : 0.8465"
"14,48 : 0.5301"
"48,14 : 0.5301"
"14,49 : 0.0949"
"49,14 : 0.0949"
"15,16 : 0.7041"
"16,15 : 0.7041"
"15,17 : 0.508"
"17,15 : 0.508"
"15,18 : 0.8343"
"18,15 : 0.8343"
"15,19 : 0.2193"
"19,15 : 0.2193"
"15,20 : 0.6592"
"20,15 : 0.6592"
"15,21 : 0.7035"
"21,15 : 0.7035"
"15,22 : 0.6174"
"22,15 : 0.6174"
"15,23 : 0.6647"
"23,15 : 0.6647"
"15,24 : 0.8683"
"24,15 : 0.8683"
"15,25 : 0.2408"
"25,15 : 0.2408"
"15,26 : 0.51"
"26,15 : 0.51"
"15,27 : 0.5404"
"27,15 : 0.5404"
"15,28 : 0.9657"
"28,15 : 0.9657"
"15,29 : 0.8548"
"29,15 : 0.8548"
"15,30 : 0.4875"
"30,15 : 0.4875"
"15,31 : 0.204"
"31,15 : 0.204"
"15,32 : 0.4562"
"32,15 : 0.4562"
"15,33 : 0.3265"
"33,15 : 0.3265"
"15,34 : 0.9236"
"34,15 : 0.9236"
"15,35 : 0.4958"
"35,15 : 0.4958"
"15,36 : 0.6003"
"36,15 : 0.6003"
"15,37 : 0.522"
"37,15 : 0.522"
"15,38 : 0.9563"
"38,15 : 0.9563"
"15,39 : 0.5689"
"39,15 : 0.5689"
"15,40 : 0.3829"
"40,15 : 0.3829"
"15,41 : 0.4357"
"41,15 : 0.4357"
"15,42 : 0.3614"
"42,15 : 0.3614"
"15,43 : 0.9401"
"43,15 : 0.9401"
"15,44 : 0.3801"
"44,15 : 0.3801"
"15,45 : 0.864"
"45,15 : 0.864"
"15,46 : 0.4888"
"46,15 : 0.4888"
"15,47 : 0.4614"
"47,15 : 0.4614"
"15,48 : 0.34"
"48,15 : 0.34"
"15,49 : 0.8092"
"49,15 : 0.8092"
"16,17 : 0.1965"
"17,16 : 0.1965"
"16,18 : 0.3606"
"18,16 : 0.3606"
"16,19 : 0.603"
"19,16 : 0.603"
"16,20 : 0.2532"
"20,16 : 0.2532"
"16,21 : 0.0707"
"21,16 : 0.0707"
"16,22 : 0.8215"
"22,16 : 0.8215"
"16,23 : 0.6485"
"23,16 : 0.6485"
"16,24 : 0.5644"
"24,16 : 0.5644"
"16,25 : 0.7703"
"25,16 : 0.7703"
"16,26 : 0.26"
"26,16 : 0.26"
"16,27 : 0.1921"
"27,16 : 0.1921"
"16,28 : 0.2683"
"28,16 : 0.2683"
"16,29 : 0.2802"
"29,16 : 0.2802"
"16,30 : 0.2596"
"30,16 : 0.2596"
"16,31 : 0.5001"
"31,16 : 0.5001"
"16,32 : 0.4405"
"32,16 : 0.4405"
"16,33 : 0.4924"
"33,16 : 0.4924"
"16,34 : 0.2476"
"34,16 : 0.2476"
"16,35 : 0.4272"
"35,16 : 0.4272"
"16,36 : 0.15"
"36,16 : 0.15"
"16,37 : 0.5248"
"37,16 : 0.5248"
"16,38 : 0.3607"
"38,16 : 0.3607"
"16,39 : 0.2729"
"39,16 : 0.2729"
"16,40 : 0.6152"
"40,16 : 0.6152"
"16,41 : 0.3324"
"41,16 : 0.3324"
"16,42 : 0.7747"
"42,16 : 0.7747"
"16,43 : 0.2818"
"43,16 : 0.2818"
"16,44 : 0.7077"
"44,16 : 0.7077"
"16,45 : 0.405"
"45,16 : 0.405"
"16,46 : 0.7122"
"46,16 : 0.7122"
"16,47 : 0.3036"
"47,16 : 0.3036"
"16,48 : 0.492"
"48,16 : 0.492"
"16,49 : 0.7788"
"49,16 : 0.7788"
"17,18 : 0.4245"
"18,17 : 0.4245"
"17,19 : 0.4245"
"19,17 : 0.4245"
"17,20 : 0.25"
"20,17 : 0.25"
"17,21 : 0.201"
"21,17 : 0.201"
"17,22 : 0.6929"
"22,17 : 0.6929"
"17,23 : 0.5608"
"23,17 : 0.5608"
"17,24 : 0.5725"
"24,17 : 0.5725"
"17,25 : 0.5825"
"25,17 : 0.5825"
"17,26 : 0.1581"
"26,17 : 0.1581"
"17,27 : 0.0806"
"27,17 : 0.0806"
"17,28 : 0.4624"
"28,17 : 0.4624"
"17,29 : 0.3936"
"29,17 : 0.3936"
"17,30 : 0.1342"
"30,17 : 0.1342"
"17,31 : 0.3041"
"31,17 : 0.3041"
"17,32 : 0.3036"
"32,17 : 0.3036"
"17,33 : 0.3312"
"33,17 : 0.3312"
"17,34 : 0.4305"
"34,17 : 0.4305"
"17,35 : 0.3276"
"35,17 : 0.3276"
"17,36 : 0.1221"
"36,17 : 0.1221"
"17,37 : 0.4079"
"37,17 : 0.4079"
"17,38 : 0.4924"
"38,17 : 0.4924"
"17,39 : 0.1992"
"39,17 : 0.1992"
"17,40 : 0.4549"
"40,17 : 0.4549"
"17,41 : 0.191"
"41,17 : 0.191"
"17,42 : 0.6014"
"42,17 : 0.6014"
"17,43 : 0.4472"
"43,17 : 0.4472"
"17,44 : 0.542"
"44,17 : 0.542"
"17,45 : 0.4667"
"45,17 : 0.4667"
"17,46 : 0.568"
"46,17 : 0.568"
"17,47 : 0.172"
"47,17 : 0.172"
"17,48 : 0.3202"
"48,17 : 0.3202"
"17,49 : 0.7103"
"49,17 : 0.7103"
"18,19 : 0.8237"
"19,18 : 0.8237"
"18,20 : 0.1836"
"20,18 : 0.1836"
"18,21 : 0.2915"
"21,18 : 0.2915"
"18,22 : 0.6573"
"22,18 : 0.6573"
"18,23 : 0.4342"
"23,18 : 0.4342"
"18,24 : 0.2256"
"24,18 : 0.2256"
"18,25 : 0.791"
"25,18 : 0.791"
"18,26 : 0.5685"
"26,18 : 0.5685"
"18,27 : 0.3483"
"27,18 : 0.3483"
"18,28 : 0.4754"
"28,18 : 0.4754"
"18,29 : 0.117"
"29,18 : 0.117"
"18,30 : 0.5523"
"30,18 : 0.5523"
"18,31 : 0.6555"
"31,18 : 0.6555"
"18,32 : 0.4"
"32,18 : 0.4"
"18,33 : 0.75"
"33,18 : 0.75"
"18,34 : 0.5135"
"34,18 : 0.5135"
"18,35 : 0.7452"
"35,18 : 0.7452"
"18,36 : 0.3041"
"36,18 : 0.3041"
"18,37 : 0.4052"
"37,18 : 0.4052"
"18,38 : 0.1664"
"38,18 : 0.1664"
"18,39 : 0.2693"
"39,18 : 0.2693"
"18,40 : 0.5672"
"40,18 : 0.5672"
"18,41 : 0.6152"
"41,18 : 0.6152"
"18,42 : 0.7355"
"42,18 : 0.7355"
"18,43 : 0.247"
"43,18 : 0.247"
"18,44 : 0.6551"
"44,18 : 0.6551"
"18,45 : 0.0447"
"45,18 : 0.0447"
"18,46 : 0.6017"
"46,18 : 0.6017"
"18,47 : 0.5941"
"47,18 : 0.5941"
"18,48 : 0.5116"
"48,18 : 0.5116"
"18,49 : 0.5104"
"49,18 : 0.5104"
"19,20 : 0.6401"
"20,19 : 0.6401"
"19,21 : 0.6237"
"21,19 : 0.6237"
"19,22 : 0.7788"
"22,19 : 0.7788"
"19,23 : 0.7703"
"23,19 : 0.7703"
"19,24 : 0.9129"
"24,19 : 0.9129"
"19,25 : 0.4455"
"25,19 : 0.4455"
"19,26 : 0.3622"
"26,19 : 0.3622"
"19,27 : 0.4847"
"27,19 : 0.4847"
"19,28 : 0.8421"
"28,19 : 0.8421"
"19,29 : 0.8134"
"29,19 : 0.8134"
"19,30 : 0.3501"
"30,19 : 0.3501"
"19,31 : 0.1942"
"31,19 : 0.1942"
"19,32 : 0.5122"
"32,19 : 0.5122"
"19,33 : 0.13"
"33,19 : 0.13"
"19,34 : 0.7877"
"34,19 : 0.7877"
"19,35 : 0.2941"
"35,19 : 0.2941"
"19,36 : 0.5408"
"36,19 : 0.5408"
"19,37 : 0.6075"
"37,19 : 0.6075"
"19,38 : 0.9142"
"38,19 : 0.9142"
"19,39 : 0.5576"
"39,19 : 0.5576"
"19,40 : 0.5155"
"40,19 : 0.5155"
"19,41 : 0.2816"
"41,19 : 0.2816"
"19,42 : 0.55"
"42,19 : 0.55"
"19,43 : 0.871"
"43,19 : 0.871"
"19,44 : 0.5459"
"44,19 : 0.5459"
"19,45 : 0.8609"
"45,19 : 0.8609"
"19,46 : 0.6403"
"46,19 : 0.6403"
"19,47 : 0.3114"
"47,19 : 0.3114"
"19,48 : 0.4168"
"48,19 : 0.4168"
"19,49 : 0.9259"
"49,19 : 0.9259"
"20,21 : 0.1868"
"21,20 : 0.1868"
"20,22 : 0.5955"
"22,20 : 0.5955"
"20,23 : 0.4025"
"23,20 : 0.4025"
"20,24 : 0.3289"
"24,20 : 0.3289"
"20,25 : 0.6433"
"25,20 : 0.6433"
"20,26 : 0.4031"
"26,20 : 0.4031"
"20,27 : 0.1703"
"27,20 : 0.1703"
"20,28 : 0.464"
"28,20 : 0.464"
"20,29 : 0.201"
"29,20 : 0.201"
"20,30 : 0.3828"
"30,20 : 0.3828"
"20,31 : 0.4743"
"31,20 : 0.4743"
"20,32 : 0.2563"
"32,20 : 0.2563"
"20,33 : 0.5685"
"33,20 : 0.5685"
"20,34 : 0.4741"
"34,20 : 0.4741"
"20,35 : 0.5769"
"35,20 : 0.5769"
"20,36 : 0.1393"
"36,20 : 0.1393"
"20,37 : 0.3048"
"37,20 : 0.3048"
"20,38 : 0.3"
"38,20 : 0.3"
"20,39 : 0.0906"
"39,20 : 0.0906"
"20,40 : 0.4386"
"40,20 : 0.4386"
"20,41 : 0.4405"
"41,20 : 0.4405"
"20,42 : 0.6093"
"42,20 : 0.6093"
"20,43 : 0.3138"
"43,20 : 0.3138"
"20,44 : 0.5323"
"44,20 : 0.5323"
"20,45 : 0.222"
"45,20 : 0.222"
"20,46 : 0.5061"
"46,20 : 0.5061"
"20,47 : 0.422"
"47,20 : 0.422"
"20,48 : 0.3536"
"48,20 : 0.3536"
"20,49 : 0.5263"
"49,20 : 0.5263"
"21,22 : 0.7684"
"22,21 : 0.7684"
"21,23 : 0.5869"
"23,21 : 0.5869"
"21,24 : 0.4937"
"24,21 : 0.4937"
"21,25 : 0.7473"
"25,21 : 0.7473"
"21,26 : 0.3023"
"26,21 : 0.3023"
"21,27 : 0.1676"
"27,21 : 0.1676"
"21,28 : 0.2983"
"28,21 : 0.2983"
"21,29 : 0.2193"
"29,21 : 0.2193"
"21,30 : 0.2953"
"30,21 : 0.2953"
"21,31 : 0.5009"
"31,21 : 0.5009"
"21,32 : 0.3962"
"32,21 : 0.3962"
"21,33 : 0.522"
"33,21 : 0.522"
"21,34 : 0.2941"
"34,21 : 0.2941"
"21,35 : 0.4763"
"35,21 : 0.4763"
"21,36 : 0.1118"
"36,21 : 0.1118"
"21,37 : 0.472"
"37,21 : 0.472"
"21,38 : 0.3081"
"38,21 : 0.3081"
"21,39 : 0.2202"
"39,21 : 0.2202"
"21,40 : 0.5763"
"40,21 : 0.5763"
"21,41 : 0.3667"
"41,21 : 0.3667"
"21,42 : 0.7406"
"42,21 : 0.7406"
"21,43 : 0.2474"
"43,21 : 0.2474"
"21,44 : 0.6701"
"44,21 : 0.6701"
"21,45 : 0.3362"
"45,21 : 0.3362"
"21,46 : 0.6653"
"46,21 : 0.6653"
"21,47 : 0.34"
"47,21 : 0.34"
"21,48 : 0.4614"
"48,21 : 0.4614"
"21,49 : 0.7131"
"49,21 : 0.7131"
"22,23 : 0.2285"
"23,22 : 0.2285"
"22,24 : 0.5192"
"24,22 : 0.5192"
"22,25 : 0.4"
"25,22 : 0.4"
"22,26 : 0.8223"
"26,22 : 0.8223"
"22,27 : 0.644"
"27,22 : 0.644"
"22,28 : 1.0589"
"28,22 : 1.0589"
"22,29 : 0.7543"
"29,22 : 0.7543"
"22,30 : 0.7908"
"30,22 : 0.7908"
"22,31 : 0.603"
"31,22 : 0.603"
"22,32 : 0.39"
"32,22 : 0.39"
"22,33 : 0.8115"
"33,22 : 0.8115"
"22,34 : 1.0625"
"34,22 : 1.0625"
"22,35 : 0.9326"
"35,22 : 0.9326"
"22,36 : 0.6723"
"36,22 : 0.6723"
"22,37 : 0.2968"
"37,22 : 0.2968"
"22,38 : 0.8238"
"38,22 : 0.8238"
"22,39 : 0.5492"
"39,22 : 0.5492"
"22,40 : 0.2702"
"40,22 : 0.2702"
"22,41 : 0.7976"
"41,22 : 0.7976"
"22,42 : 0.2702"
"42,22 : 0.2702"
"22,43 : 0.8873"
"43,22 : 0.8873"
"22,44 : 0.2377"
"44,22 : 0.2377"
"22,45 : 0.6537"
"45,22 : 0.6537"
"22,46 : 0.1404"
"46,22 : 0.1404"
"22,47 : 0.8023"
"47,22 : 0.8023"
"22,48 : 0.402"
"48,22 : 0.402"
"22,49 : 0.2668"
"49,22 : 0.2668"
"23,24 : 0.2943"
"24,23 : 0.2943"
"23,25 : 0.5054"
"25,23 : 0.5054"
"23,26 : 0.7103"
"26,23 : 0.7103"
"23,27 : 0.495"
"27,23 : 0.495"
"23,28 : 0.8628"
"28,23 : 0.8628"
"23,29 : 0.5374"
"29,23 : 0.5374"
"23,30 : 0.6807"
"30,23 : 0.6807"
"23,31 : 0.5771"
"31,23 : 0.5771"
"23,32 : 0.2766"
"32,23 : 0.2766"
"23,33 : 0.7655"
"33,23 : 0.7655"
"23,34 : 0.8766"
"34,23 : 0.8766"
"23,35 : 0.8516"
"35,23 : 0.8516"
"23,36 : 0.507"
"36,23 : 0.507"
"23,37 : 0.1676"
"37,23 : 0.1676"
"23,38 : 0.6"
"38,23 : 0.6"
"23,39 : 0.3808"
"39,23 : 0.3808"
"23,40 : 0.2843"
"40,23 : 0.2843"
"23,41 : 0.7071"
"41,23 : 0.7071"
"23,42 : 0.3985"
"42,23 : 0.3985"
"23,43 : 0.6718"
"43,23 : 0.6718"
"23,44 : 0.327"
"44,23 : 0.327"
"23,45 : 0.4272"
"45,23 : 0.4272"
"23,46 : 0.2256"
"46,23 : 0.2256"
"23,47 : 0.7035"
"47,23 : 0.7035"
"23,48 : 0.3536"
"48,23 : 0.3536"
"23,49 : 0.1581"
"49,23 : 0.1581"
"24,25 : 0.7616"
"25,24 : 0.7616"
"24,26 : 0.7292"
"26,24 : 0.7292"
"24,27 : 0.4919"
"27,24 : 0.4919"
"24,28 : 0.7009"
"28,24 : 0.7009"
"24,29 : 0.3421"
"29,24 : 0.3421"
"24,30 : 0.7066"
"30,24 : 0.7066"
"24,31 : 0.7247"
"31,24 : 0.7247"
"24,32 : 0.4134"
"32,24 : 0.4134"
"24,33 : 0.8668"
"33,24 : 0.8668"
"24,34 : 0.7382"
"34,24 : 0.7382"
"24,35 : 0.8994"
"35,24 : 0.8994"
"24,36 : 0.4682"
"36,24 : 0.4682"
"24,37 : 0.3574"
"37,24 : 0.3574"
"24,38 : 0.3636"
"38,24 : 0.3636"
"24,39 : 0.3774"
"39,24 : 0.3774"
"24,40 : 0.5263"
"40,24 : 0.5263"
"24,41 : 0.758"
"41,24 : 0.758"
"24,42 : 0.6736"
"42,24 : 0.6736"
"24,43 : 0.4662"
"43,24 : 0.4662"
"24,44 : 0.5954"
"44,24 : 0.5954"
"24,45 : 0.1931"
"45,24 : 0.1931"
"24,46 : 0.51"
"46,24 : 0.51"
"24,47 : 0.743"
"47,24 : 0.743"
"24,48 : 0.5284"
"48,24 : 0.5284"
"24,49 : 0.3124"
"49,24 : 0.3124"
"25,26 : 0.6444"
"26,25 : 0.6444"
"25,27 : 0.5814"
"27,25 : 0.5814"
"25,28 : 1.0383"
"28,25 : 1.0383"
"25,29 : 0.8434"
"29,25 : 0.8434"
"25,30 : 0.6155"
"30,25 : 0.6155"
"25,31 : 0.3329"
"31,25 : 0.3329"
"25,32 : 0.392"
"32,25 : 0.392"
"25,33 : 0.5255"
"33,25 : 0.5255"
"25,34 : 1.0124"
"34,25 : 1.0124"
"25,35 : 0.6843"
"35,25 : 0.6843"
"25,36 : 0.6356"
"36,25 : 0.6356"
"25,37 : 0.4061"
"37,25 : 0.4061"
"25,38 : 0.939"
"38,25 : 0.939"
"25,39 : 0.5579"
"39,25 : 0.5579"
"25,40 : 0.2354"
"40,25 : 0.2354"
"25,41 : 0.586"
"41,25 : 0.586"
"25,42 : 0.1304"
"42,25 : 0.1304"
"25,43 : 0.9534"
"43,25 : 0.9534"
"25,44 : 0.1803"
"44,25 : 0.1803"
"25,45 : 0.81"
"45,25 : 0.81"
"25,46 : 0.2921"
"46,25 : 0.2921"
"25,47 : 0.6044"
"47,25 : 0.6044"
"25,48 : 0.2912"
"48,25 : 0.2912"
"25,49 : 0.628"
"49,25 : 0.628"
"26,27 : 0.2377"
"27,26 : 0.2377"
"26,28 : 0.4804"
"28,26 : 0.4804"
"26,29 : 0.5186"
"29,26 : 0.5186"
"26,30 : 0.0316"
"30,26 : 0.0316"
"26,31 : 0.3202"
"31,26 : 0.3202"
"26,32 : 0.4418"
"32,26 : 0.4418"
"26,33 : 0.2402"
"33,26 : 0.2402"
"26,34 : 0.4258"
"34,26 : 0.4258"
"26,35 : 0.1769"
"35,26 : 0.1769"
"26,36 : 0.2663"
"36,26 : 0.2663"
"26,37 : 0.5508"
"37,26 : 0.5508"
"26,38 : 0.6103"
"38,26 : 0.6103"
"26,39 : 0.3574"
"39,26 : 0.3574"
"26,40 : 0.5665"
"40,26 : 0.5665"
"26,41 : 0.0806"
"41,26 : 0.0806"
"26,42 : 0.6912"
"42,26 : 0.6912"
"26,43 : 0.5413"
"43,26 : 0.5413"
"26,44 : 0.644"
"44,26 : 0.644"
"26,45 : 0.6122"
"45,26 : 0.6122"
"26,46 : 0.6896"
"46,26 : 0.6896"
"26,47 : 0.051"
"47,26 : 0.051"
"26,48 : 0.4272"
"48,26 : 0.4272"
"26,49 : 0.8628"
"49,26 : 0.8628"
"27,28 : 0.4579"
"28,27 : 0.4579"
"27,29 : 0.3289"
"29,27 : 0.3289"
"27,30 : 0.2147"
"30,27 : 0.2147"
"27,31 : 0.3406"
"31,27 : 0.3406"
"27,32 : 0.2555"
"32,27 : 0.2555"
"27,33 : 0.4022"
"33,27 : 0.4022"
"27,34 : 0.4393"
"34,27 : 0.4393"
"27,35 : 0.4082"
"35,27 : 0.4082"
"27,36 : 0.06"
"36,27 : 0.06"
"27,37 : 0.3511"
"37,27 : 0.3511"
"27,38 : 0.4301"
"38,27 : 0.4301"
"27,39 : 0.1217"
"39,27 : 0.1217"
"27,40 : 0.4245"
"40,27 : 0.4245"
"27,41 : 0.2702"
"41,27 : 0.2702"
"27,42 : 0.5826"
"42,27 : 0.5826"
"27,43 : 0.4001"
"43,27 : 0.4001"
"27,44 : 0.5162"
"44,27 : 0.5162"
"27,45 : 0.3895"
"45,27 : 0.3895"
"27,46 : 0.527"
"46,27 : 0.527"
"27,47 : 0.2524"
"47,27 : 0.2524"
"27,48 : 0.3"
"48,27 : 0.3"
"27,49 : 0.6403"
"49,27 : 0.6403"
"28,29 : 0.359"
"29,28 : 0.359"
"28,30 : 0.4925"
"30,28 : 0.4925"
"28,31 : 0.7624"
"31,28 : 0.7624"
"28,32 : 0.6943"
"32,28 : 0.6943"
"28,33 : 0.7201"
"33,28 : 0.7201"
"28,34 : 0.0781"
"34,28 : 0.0781"
"28,35 : 0.61"
"35,28 : 0.61"
"28,36 : 0.408"
"36,28 : 0.408"
"28,37 : 0.7649"
"37,28 : 0.7649"
"28,38 : 0.3705"
"38,28 : 0.3705"
"28,39 : 0.5162"
"39,28 : 0.5162"
"28,40 : 0.8746"
"40,28 : 0.8746"
"28,41 : 0.5608"
"41,28 : 0.5608"
"28,42 : 1.0381"
"42,28 : 1.0381"
"28,43 : 0.2502"
"43,28 : 0.2502"
"28,44 : 0.9683"
"44,28 : 0.9683"
"28,45 : 0.5099"
"45,28 : 0.5099"
"28,46 : 0.9617"
"46,28 : 0.9617"
"28,47 : 0.5308"
"47,28 : 0.5308"
"28,48 : 0.7572"
"48,28 : 0.7572"
"28,49 : 0.9708"
"49,28 : 0.9708"
"29,30 : 0.508"
"30,29 : 0.508"
"29,31 : 0.6629"
"31,29 : 0.6629"
"29,32 : 0.4535"
"32,29 : 0.4535"
"29,33 : 0.7247"
"33,29 : 0.7247"
"29,34 : 0.4005"
"34,29 : 0.4005"
"29,35 : 0.6943"
"35,29 : 0.6943"
"29,36 : 0.2731"
"36,29 : 0.2731"
"29,37 : 0.483"
"37,29 : 0.483"
"29,38 : 0.102"
"38,29 : 0.102"
"29,39 : 0.2902"
"39,29 : 0.2902"
"29,40 : 0.6325"
"40,29 : 0.6325"
"29,41 : 0.5769"
"41,29 : 0.5769"
"29,42 : 0.8032"
"42,29 : 0.8032"
"29,43 : 0.1345"
"43,29 : 0.1345"
"29,44 : 0.7245"
"44,29 : 0.7245"
"29,45 : 0.1513"
"45,29 : 0.1513"
"29,46 : 0.6848"
"46,29 : 0.6848"
"29,47 : 0.5522"
"47,29 : 0.5522"
"29,48 : 0.5544"
"48,29 : 0.5544"
"29,49 : 0.6243"
"49,29 : 0.6243"
"30,31 : 0.2941"
"31,30 : 0.2941"
"30,32 : 0.4111"
"32,30 : 0.4111"
"30,33 : 0.2335"
"33,30 : 0.2335"
"30,34 : 0.4415"
"34,30 : 0.4415"
"30,35 : 0.1942"
"35,30 : 0.1942"
"30,36 : 0.2484"
"36,30 : 0.2484"
"30,37 : 0.5204"
"37,30 : 0.5204"
"30,38 : 0.6021"
"38,30 : 0.6021"
"30,39 : 0.3324"
"39,30 : 0.3324"
"30,40 : 0.5349"
"40,30 : 0.5349"
"30,41 : 0.0728"
"41,30 : 0.0728"
"30,42 : 0.6604"
"42,30 : 0.6604"
"30,43 : 0.5385"
"43,30 : 0.5385"
"30,44 : 0.6127"
"44,30 : 0.6127"
"30,45 : 0.5955"
"45,30 : 0.5955"
"30,46 : 0.658"
"46,30 : 0.658"
"30,47 : 0.0447"
"47,30 : 0.0447"
"30,48 : 0.3956"
"48,30 : 0.3956"
"30,49 : 0.8338"
"49,30 : 0.8338"
"31,32 : 0.3189"
"32,31 : 0.3189"
"31,33 : 0.2102"
"33,31 : 0.2102"
"31,34 : 0.7224"
"34,31 : 0.7224"
"31,35 : 0.3547"
"35,31 : 0.3547"
"31,36 : 0.4005"
"36,31 : 0.4005"
"31,37 : 0.4134"
"37,31 : 0.4134"
"31,38 : 0.7649"
"38,31 : 0.7649"
"31,39 : 0.3863"
"39,31 : 0.3863"
"31,40 : 0.3338"
"40,31 : 0.3338"
"31,41 : 0.255"
"41,31 : 0.255"
"31,42 : 0.4052"
"42,31 : 0.4052"
"31,43 : 0.7406"
"43,31 : 0.7406"
"31,44 : 0.3812"
"44,31 : 0.3812"
"31,45 : 0.6894"
"45,31 : 0.6894"
"31,46 : 0.4627"
"46,31 : 0.4627"
"31,47 : 0.2759"
"47,31 : 0.2759"
"31,48 : 0.2236"
"48,31 : 0.2236"
"31,49 : 0.7335"
"49,31 : 0.7335"
"32,33 : 0.4924"
"33,32 : 0.4924"
"32,34 : 0.6868"
"34,32 : 0.6868"
"32,35 : 0.5756"
"35,32 : 0.5756"
"32,36 : 0.2907"
"36,32 : 0.2907"
"32,37 : 0.1105"
"37,32 : 0.1105"
"32,38 : 0.5474"
"38,32 : 0.5474"
"32,39 : 0.1803"
"39,32 : 0.1803"
"32,40 : 0.1836"
"40,32 : 0.1836"
"32,41 : 0.4319"
"41,32 : 0.4319"
"32,42 : 0.3534"
"42,32 : 0.3534"
"32,43 : 0.5701"
"43,32 : 0.5701"
"32,44 : 0.2778"
"44,32 : 0.2778"
"32,45 : 0.4219"
"45,32 : 0.4219"
"32,46 : 0.272"
"46,32 : 0.272"
"32,47 : 0.4301"
"47,32 : 0.4301"
"32,48 : 0.117"
"48,32 : 0.117"
"32,49 : 0.4342"
"49,32 : 0.4342"
"33,34 : 0.6627"
"34,33 : 0.6627"
"33,35 : 0.1697"
"35,33 : 0.1697"
"33,36 : 0.4528"
"36,33 : 0.4528"
"33,37 : 0.5981"
"37,33 : 0.5981"
"33,38 : 0.8229"
"38,33 : 0.8229"
"33,39 : 0.495"
"39,33 : 0.495"
"33,40 : 0.5415"
"40,33 : 0.5415"
"33,41 : 0.1612"
"41,33 : 0.1612"
"33,42 : 0.6119"
"42,33 : 0.6119"
"33,43 : 0.7684"
"43,33 : 0.7684"
"33,44 : 0.5914"
"44,33 : 0.5914"
"33,45 : 0.7903"
"45,33 : 0.7903"
"33,46 : 0.6712"
"46,33 : 0.6712"
"33,47 : 0.191"
"47,33 : 0.191"
"33,48 : 0.4198"
"48,33 : 0.4198"
"33,49 : 0.9236"
"49,33 : 0.9236"
"34,35 : 0.5433"
"35,34 : 0.5433"
"34,36 : 0.3962"
"36,34 : 0.3962"
"34,37 : 0.7661"
"37,34 : 0.7661"
"34,38 : 0.4276"
"38,34 : 0.4276"
"34,39 : 0.514"
"39,34 : 0.514"
"34,40 : 0.8628"
"40,34 : 0.8628"
"34,41 : 0.5064"
"41,34 : 0.5064"
"34,42 : 1.0218"
"42,34 : 1.0218"
"34,43 : 0.3081"
"43,34 : 0.3081"
"34,44 : 0.9552"
"44,34 : 0.9552"
"34,45 : 0.5515"
"45,34 : 0.5515"
"34,46 : 0.9578"
"46,34 : 0.9578"
"34,47 : 0.4768"
"47,34 : 0.4768"
"34,48 : 0.7388"
"48,34 : 0.7388"
"34,49 : 0.9937"
"49,34 : 0.9937"
"35,36 : 0.442"
"36,35 : 0.442"
"35,37 : 0.6859"
"37,35 : 0.6859"
"35,38 : 0.7841"
"38,35 : 0.7841"
"35,39 : 0.5233"
"39,35 : 0.5233"
"35,40 : 0.6648"
"40,35 : 0.6648"
"35,41 : 0.1456"
"41,35 : 0.1456"
"35,42 : 0.7589"
"42,35 : 0.7589"
"35,43 : 0.7083"
"43,35 : 0.7083"
"35,44 : 0.7278"
"44,35 : 0.7278"
"35,45 : 0.7887"
"45,35 : 0.7887"
"35,46 : 0.794"
"46,35 : 0.794"
"35,47 : 0.1565"
"47,35 : 0.1565"
"35,48 : 0.5308"
"48,35 : 0.5308"
"35,49 : 1.0081"
"49,35 : 1.0081"
"36,37 : 0.3759"
"37,36 : 0.3759"
"36,38 : 0.3734"
"38,36 : 0.3734"
"36,39 : 0.1265"
"39,36 : 0.1265"
"36,40 : 0.4675"
"40,36 : 0.4675"
"36,41 : 0.3114"
"41,36 : 0.3114"
"36,42 : 0.6301"
"42,36 : 0.6301"
"36,43 : 0.3401"
"43,36 : 0.3401"
"36,44 : 0.5608"
"44,36 : 0.5608"
"36,45 : 0.3471"
"45,36 : 0.3471"
"36,46 : 0.5622"
"46,36 : 0.5622"
"36,47 : 0.29"
"47,36 : 0.29"
"36,48 : 0.3499"
"48,36 : 0.3499"
"36,49 : 0.645"
"49,36 : 0.645"
"37,38 : 0.5665"
"38,37 : 0.5665"
"37,39 : 0.2524"
"39,37 : 0.2524"
"37,40 : 0.1712"
"40,37 : 0.1712"
"37,41 : 0.5423"
"41,37 : 0.5423"
"37,42 : 0.3324"
"42,37 : 0.3324"
"37,43 : 0.6106"
"43,37 : 0.6106"
"37,44 : 0.2518"
"44,37 : 0.2518"
"37,45 : 0.4159"
"45,37 : 0.4159"
"37,46 : 0.2025"
"46,37 : 0.2025"
"37,47 : 0.5404"
"47,37 : 0.5404"
"37,48 : 0.1921"
"48,37 : 0.1921"
"37,49 : 0.3257"
"49,37 : 0.3257"
"38,39 : 0.3901"
"39,38 : 0.3901"
"38,40 : 0.7228"
"40,38 : 0.7228"
"38,41 : 0.6723"
"41,38 : 0.6723"
"38,42 : 0.8929"
"42,38 : 0.8929"
"38,43 : 0.1204"
"43,38 : 0.1204"
"38,44 : 0.8132"
"44,38 : 0.8132"
"38,45 : 0.1769"
"45,38 : 0.1769"
"38,46 : 0.7656"
"46,38 : 0.7656"
"38,47 : 0.6466"
"47,38 : 0.6466"
"38,48 : 0.6519"
"48,38 : 0.6519"
"38,49 : 0.6671"
"49,38 : 0.6671"
"39,40 : 0.3636"
"40,39 : 0.3636"
"39,41 : 0.3808"
"41,39 : 0.3808"
"39,42 : 0.5324"
"42,39 : 0.5324"
"39,43 : 0.3956"
"43,39 : 0.3956"
"39,44 : 0.4579"
"44,39 : 0.4579"
"39,45 : 0.3041"
"45,39 : 0.3041"
"39,46 : 0.4455"
"46,39 : 0.4455"
"39,47 : 0.3667"
"47,39 : 0.3667"
"39,48 : 0.2668"
"48,39 : 0.2668"
"39,49 : 0.5215"
"49,39 : 0.5215"
"40,41 : 0.5337"
"41,40 : 0.5337"
"40,42 : 0.1709"
"42,40 : 0.1709"
"40,43 : 0.7524"
"43,40 : 0.7524"
"40,44 : 0.0943"
"44,40 : 0.0943"
"40,45 : 0.5822"
"45,40 : 0.5822"
"40,46 : 0.13"
"46,40 : 0.13"
"40,47 : 0.5412"
"47,40 : 0.5412"
"40,48 : 0.1393"
"48,40 : 0.1393"
"40,49 : 0.4264"
"49,40 : 0.4264"
"41,42 : 0.644"
"42,41 : 0.644"
"41,43 : 0.611"
"43,41 : 0.611"
"41,44 : 0.6041"
"44,41 : 0.6041"
"41,45 : 0.6576"
"45,41 : 0.6576"
"41,46 : 0.661"
"46,41 : 0.661"
"41,47 : 0.03"
"47,41 : 0.03"
"41,48 : 0.3962"
"48,41 : 0.3962"
"41,49 : 0.8631"
"49,41 : 0.8631"
"42,43 : 0.9231"
"43,42 : 0.9231"
"42,44 : 0.0806"
"44,42 : 0.0806"
"42,45 : 0.7481"
"45,42 : 0.7481"
"42,46 : 0.1746"
"46,42 : 0.1746"
"42,47 : 0.6576"
"47,42 : 0.6576"
"42,48 : 0.2832"
"48,42 : 0.2832"
