x,y
0.45,0.59
0.5,0.33
0.43,0.89
0.19,0.53
0.52,0.46
0.64,0.68
0.42,0.8
0.77,0.5
0.91,0.59
0.96,0.89
0.19,0.42
0.88,0.82
0.71,0.46
0.95,0.98
0.43,0.26
0.04,0.1
0.14,0.32
0.04,0.36
0.79,0.93
0.97,0.81
0.52,0.53
0.18,0.95
0.61,0.69
0.26,0.95
0.65,0.8
0.92,0.07
0.49,0.38
0.91,0.65
0.71,0.03
0.31,0.45
0.24,0.27
0.22,0.47
0.27,0.36
0.53,0.83
0.8,0.16
0.35,0.32
0.4,0.16
0.14,0.24
0.71,0.86
0.71,0.99
1.0,0.08
0.87,0.33
0.03,0.86
0.75,0.54
0.17,0.12
0.38,0.98
0.95,0.27
0.19,0.73
0.69,0.38
0.49,0.88

Distanze
"0,1 : 0.2648"
"1,0 : 0.2648"
"0,2 : 0.3007"
"2,0 : 0.3007"
"0,3 : 0.2668"
"3,0 : 0.2668"
"0,4 : 0.1476"
"4,0 : 0.1476"
"0,5 : 0.2102"
"5,0 : 0.2102"
"0,6 : 0.2121"
"6,0 : 0.2121"
"0,7 : 0.3324"
"7,0 : 0.3324"
"0,8 : 0.46"
"8,0 : 0.46"
"0,9 : 0.5917"
"9,0 : 0.5917"
"0,10 : 0.3106"
"10,0 : 0.3106"
"0,11 : 0.4876"
"11,0 : 0.4876"
"0,12 : 0.2907"
"12,0 : 0.2907"
"0,13 : 0.6341"
"13,0 : 0.6341"
"0,14 : 0.3306"
"14,0 : 0.3306"
"0,15 : 0.6389"
"15,0 : 0.6389"
"0,16 : 0.4111"
"16,0 : 0.4111"
"0,17 : 0.4701"
"17,0 : 0.4701"
"0,18 : 0.4808"
"18,0 : 0.4808"
"0,19 : 0.5646"
"19,0 : 0.5646"
"0,20 : 0.0922"
"20,0 : 0.0922"
"0,21 : 0.45"
"21,0 : 0.45"
"0,22 : 0.1887"
"22,0 : 0.1887"
"0,23 : 0.4071"
"23,0 : 0.4071"
"0,24 : 0.29"
"24,0 : 0.29"
"0,25 : 0.7009"
"25,0 : 0.7009"
"0,26 : 0.2138"
"26,0 : 0.2138"
"0,27 : 0.4639"
"27,0 : 0.4639"
"0,28 : 0.6174"
"28,0 : 0.6174"
"0,29 : 0.198"
"29,0 : 0.198"
"0,30 : 0.3828"
"30,0 : 0.3828"
"0,31 : 0.2594"
"31,0 : 0.2594"
"0,32 : 0.2921"
"32,0 : 0.2921"
"0,33 : 0.253"
"33,0 : 0.253"
"0,34 : 0.5544"
"34,0 : 0.5544"
"0,35 : 0.2879"
"35,0 : 0.2879"
"0,36 : 0.4329"
"36,0 : 0.4329"
"0,37 : 0.4675"
"37,0 : 0.4675"
"0,38 : 0.3748"
"38,0 : 0.3748"
"0,39 : 0.4771"
"39,0 : 0.4771"
"0,40 : 0.7501"
"40,0 : 0.7501"
"0,41 : 0.494"
"41,0 : 0.494"
"0,42 : 0.4993"
"42,0 : 0.4993"
"0,43 : 0.3041"
"43,0 : 0.3041"
"0,44 : 0.5471"
"44,0 : 0.5471"
"0,45 : 0.3962"
"45,0 : 0.3962"
"0,46 : 0.5936"
"46,0 : 0.5936"
"0,47 : 0.2953"
"47,0 : 0.2953"
"0,48 : 0.3189"
"48,0 : 0.3189"
"0,49 : 0.2927"
"49,0 : 0.2927"
"1,2 : 0.5644"
"2,1 : 0.5644"
"1,3 : 0.3689"
"3,1 : 0.3689"
"1,4 : 0.1315"
"4,1 : 0.1315"
"1,5 : 0.377"
"5,1 : 0.377"
"1,6 : 0.4768"
"6,1 : 0.4768"
"1,7 : 0.3191"
"7,1 : 0.3191"
"1,8 : 0.4855"
"8,1 : 0.4855"
"1,9 : 0.7247"
"9,1 : 0.7247"
"1,10 : 0.3228"
"10,1 : 0.3228"
"1,11 : 0.6201"
"11,1 : 0.6201"
"1,12 : 0.247"
"12,1 : 0.247"
"1,13 : 0.7906"
"13,1 : 0.7906"
"1,14 : 0.099"
"14,1 : 0.099"
"1,15 : 0.5143"
"15,1 : 0.5143"
"1,16 : 0.3601"
"16,1 : 0.3601"
"1,17 : 0.461"
"17,1 : 0.461"
"1,18 : 0.6664"
"18,1 : 0.6664"
"1,19 : 0.6718"
"19,1 : 0.6718"
"1,20 : 0.201"
"20,1 : 0.201"
"1,21 : 0.6977"
"21,1 : 0.6977"
"1,22 : 0.3764"
"22,1 : 0.3764"
"1,23 : 0.6648"
"23,1 : 0.6648"
"1,24 : 0.4934"
"24,1 : 0.4934"
"1,25 : 0.494"
"25,1 : 0.494"
"1,26 : 0.051"
"26,1 : 0.051"
"1,27 : 0.5201"
"27,1 : 0.5201"
"1,28 : 0.3662"
"28,1 : 0.3662"
"1,29 : 0.2247"
"29,1 : 0.2247"
"1,30 : 0.2668"
"30,1 : 0.2668"
"1,31 : 0.313"
"31,1 : 0.313"
"1,32 : 0.2319"
"32,1 : 0.2319"
"1,33 : 0.5009"
"33,1 : 0.5009"
"1,34 : 0.3448"
"34,1 : 0.3448"
"1,35 : 0.1503"
"35,1 : 0.1503"
"1,36 : 0.1972"
"36,1 : 0.1972"
"1,37 : 0.3711"
"37,1 : 0.3711"
"1,38 : 0.5701"
"38,1 : 0.5701"
"1,39 : 0.6926"
"39,1 : 0.6926"
"1,40 : 0.559"
"40,1 : 0.559"
"1,41 : 0.37"
"41,1 : 0.37"
"1,42 : 0.7084"
"42,1 : 0.7084"
"1,43 : 0.3265"
"43,1 : 0.3265"
"1,44 : 0.3912"
"44,1 : 0.3912"
"1,45 : 0.661"
"45,1 : 0.661"
"1,46 : 0.454"
"46,1 : 0.454"
"1,47 : 0.5061"
"47,1 : 0.5061"
"1,48 : 0.1965"
"48,1 : 0.1965"
"1,49 : 0.5501"
"49,1 : 0.5501"
"2,3 : 0.4327"
"3,2 : 0.4327"
"2,4 : 0.4393"
"4,2 : 0.4393"
"2,5 : 0.297"
"5,2 : 0.297"
"2,6 : 0.0906"
"6,2 : 0.0906"
"2,7 : 0.5174"
"7,2 : 0.5174"
"2,8 : 0.566"
"8,2 : 0.566"
"2,9 : 0.53"
"9,2 : 0.53"
"2,10 : 0.5277"
"10,2 : 0.5277"
"2,11 : 0.4554"
"11,2 : 0.4554"
"2,12 : 0.5131"
"12,2 : 0.5131"
"2,13 : 0.5277"
"13,2 : 0.5277"
"2,14 : 0.63"
"14,2 : 0.63"
"2,15 : 0.881"
"15,2 : 0.881"
"2,16 : 0.6395"
"16,2 : 0.6395"
"2,17 : 0.658"
"17,2 : 0.658"
"2,18 : 0.3622"
"18,2 : 0.3622"
"2,19 : 0.5459"
"19,2 : 0.5459"
"2,20 : 0.3711"
"20,2 : 0.3711"
"2,21 : 0.2571"
"21,2 : 0.2571"
"2,22 : 0.2691"
"22,2 : 0.2691"
"2,23 : 0.1803"
"23,2 : 0.1803"
"2,24 : 0.2377"
"24,2 : 0.2377"
"2,25 : 0.9552"
"25,2 : 0.9552"
"2,26 : 0.5135"
"26,2 : 0.5135"
"2,27 : 0.5367"
"27,2 : 0.5367"
"2,28 : 0.9044"
"28,2 : 0.9044"
"2,29 : 0.4561"
"29,2 : 0.4561"
"2,30 : 0.6485"
"30,2 : 0.6485"
"2,31 : 0.4696"
"31,2 : 0.4696"
"2,32 : 0.5536"
"32,2 : 0.5536"
"2,33 : 0.1166"
"33,2 : 0.1166"
"2,34 : 0.8184"
"34,2 : 0.8184"
"2,35 : 0.5756"
"35,2 : 0.5756"
"2,36 : 0.7306"
"36,2 : 0.7306"
"2,37 : 0.7118"
"37,2 : 0.7118"
"2,38 : 0.2816"
"38,2 : 0.2816"
"2,39 : 0.2973"
"39,2 : 0.2973"
"2,40 : 0.9905"
"40,2 : 0.9905"
"2,41 : 0.7122"
"41,2 : 0.7122"
"2,42 : 0.4011"
"42,2 : 0.4011"
"2,43 : 0.4742"
"43,2 : 0.4742"
"2,44 : 0.8127"
"44,2 : 0.8127"
"2,45 : 0.103"
"45,2 : 0.103"
"2,46 : 0.8092"
"46,2 : 0.8092"
"2,47 : 0.2884"
"47,2 : 0.2884"
"2,48 : 0.5725"
"48,2 : 0.5725"
"2,49 : 0.0608"
"49,2 : 0.0608"
"3,4 : 0.3373"
"4,3 : 0.3373"
"3,5 : 0.4743"
"5,3 : 0.4743"
"3,6 : 0.3547"
"6,3 : 0.3547"
"3,7 : 0.5808"
"7,3 : 0.5808"
"3,8 : 0.7225"
"8,3 : 0.7225"
"3,9 : 0.85"
"9,3 : 0.85"
"3,10 : 0.11"
"10,3 : 0.11"
"3,11 : 0.7485"
"11,3 : 0.7485"
"3,12 : 0.5247"
"12,3 : 0.5247"
"3,13 : 0.8832"
"13,3 : 0.8832"
"3,14 : 0.3612"
"14,3 : 0.3612"
"3,15 : 0.4554"
"15,3 : 0.4554"
"3,16 : 0.2159"
"16,3 : 0.2159"
"3,17 : 0.2267"
"17,3 : 0.2267"
"3,18 : 0.7211"
"18,3 : 0.7211"
"3,19 : 0.8287"
"19,3 : 0.8287"
"3,20 : 0.33"
"20,3 : 0.33"
"3,21 : 0.4201"
"21,3 : 0.4201"
"3,22 : 0.4494"
"22,3 : 0.4494"
"3,23 : 0.4258"
"23,3 : 0.4258"
"3,24 : 0.5334"
"24,3 : 0.5334"
"3,25 : 0.8628"
"25,3 : 0.8628"
"3,26 : 0.3354"
"26,3 : 0.3354"
"3,27 : 0.7299"
"27,3 : 0.7299"
"3,28 : 0.7214"
"28,3 : 0.7214"
"3,29 : 0.1442"
"29,3 : 0.1442"
"3,30 : 0.2648"
"30,3 : 0.2648"
"3,31 : 0.0671"
"31,3 : 0.0671"
"3,32 : 0.1879"
"32,3 : 0.1879"
"3,33 : 0.4534"
"33,3 : 0.4534"
"3,34 : 0.7134"
"34,3 : 0.7134"
"3,35 : 0.264"
"35,3 : 0.264"
"3,36 : 0.4254"
"36,3 : 0.4254"
"3,37 : 0.2943"
"37,3 : 0.2943"
"3,38 : 0.6159"
"38,3 : 0.6159"
"3,39 : 0.6943"
"39,3 : 0.6943"
"3,40 : 0.9266"
"40,3 : 0.9266"
"3,41 : 0.7088"
"41,3 : 0.7088"
"3,42 : 0.3667"
"42,3 : 0.3667"
"3,43 : 0.5601"
"43,3 : 0.5601"
"3,44 : 0.4105"
"44,3 : 0.4105"
"3,45 : 0.4885"
"45,3 : 0.4885"
"3,46 : 0.8032"
"46,3 : 0.8032"
"3,47 : 0.2"
"47,3 : 0.2"
"3,48 : 0.522"
"48,3 : 0.522"
"3,49 : 0.461"
"49,3 : 0.461"
"4,5 : 0.2506"
"5,4 : 0.2506"
"4,6 : 0.3544"
"6,4 : 0.3544"
"4,7 : 0.2532"
"7,4 : 0.2532"
"4,8 : 0.4111"
"8,4 : 0.4111"
"4,9 : 0.6152"
"9,4 : 0.6152"
"4,10 : 0.3324"
"10,4 : 0.3324"
"4,11 : 0.5091"
"11,4 : 0.5091"
"4,12 : 0.19"
"12,4 : 0.19"
"4,13 : 0.6748"
"13,4 : 0.6748"
"4,14 : 0.2193"
"14,4 : 0.2193"
"4,15 : 0.6"
"15,4 : 0.6"
"4,16 : 0.405"
"16,4 : 0.405"
"4,17 : 0.4903"
"17,4 : 0.4903"
"4,18 : 0.542"
"18,4 : 0.542"
"4,19 : 0.5701"
"19,4 : 0.5701"
"4,20 : 0.07"
"20,4 : 0.07"
"4,21 : 0.5964"
"21,4 : 0.5964"
"4,22 : 0.247"
"22,4 : 0.247"
"4,23 : 0.5547"
"23,4 : 0.5547"
"4,24 : 0.364"
"24,4 : 0.364"
"4,25 : 0.5587"
"25,4 : 0.5587"
"4,26 : 0.0854"
"26,4 : 0.0854"
"4,27 : 0.4338"
"27,4 : 0.4338"
"4,28 : 0.4701"
"28,4 : 0.4701"
"4,29 : 0.2102"
"29,4 : 0.2102"
"4,30 : 0.3384"
"30,4 : 0.3384"
"4,31 : 0.3002"
"31,4 : 0.3002"
"4,32 : 0.2693"
"32,4 : 0.2693"
"4,33 : 0.3701"
"33,4 : 0.3701"
"4,34 : 0.4104"
"34,4 : 0.4104"
"4,35 : 0.2202"
"35,4 : 0.2202"
"4,36 : 0.3231"
"36,4 : 0.3231"
"4,37 : 0.4391"
"37,4 : 0.4391"
"4,38 : 0.4428"
"38,4 : 0.4428"
"4,39 : 0.563"
"39,4 : 0.563"
"4,40 : 0.6122"
"40,4 : 0.6122"
"4,41 : 0.3734"
"41,4 : 0.3734"
"4,42 : 0.6325"
"42,4 : 0.6325"
"4,43 : 0.2435"
"43,4 : 0.2435"
"4,44 : 0.488"
"44,4 : 0.488"
"4,45 : 0.5385"
"45,4 : 0.5385"
"4,46 : 0.4701"
"46,4 : 0.4701"
"4,47 : 0.4264"
"47,4 : 0.4264"
"4,48 : 0.1879"
"48,4 : 0.1879"
"4,49 : 0.4211"
"49,4 : 0.4211"
"5,6 : 0.2506"
"6,5 : 0.2506"
"5,7 : 0.222"
"7,5 : 0.222"
"5,8 : 0.2846"
"8,5 : 0.2846"
"5,9 : 0.3828"
"9,5 : 0.3828"
"5,10 : 0.5197"
"10,5 : 0.5197"
"5,11 : 0.2778"
"11,5 : 0.2778"
"5,12 : 0.2309"
"12,5 : 0.2309"
"5,13 : 0.4314"
"13,5 : 0.4314"
"5,14 : 0.4696"
"14,5 : 0.4696"
"5,15 : 0.8345"
"15,5 : 0.8345"
"5,16 : 0.6161"
"16,5 : 0.6161"
"5,17 : 0.68"
"17,5 : 0.68"
"5,18 : 0.2915"
"18,5 : 0.2915"
"5,19 : 0.3547"
"19,5 : 0.3547"
"5,20 : 0.1921"
"20,5 : 0.1921"
"5,21 : 0.5334"
"21,5 : 0.5334"
"5,22 : 0.0316"
"22,5 : 0.0316"
"5,23 : 0.4662"
"23,5 : 0.4662"
"5,24 : 0.1204"
"24,5 : 0.1204"
"5,25 : 0.6712"
"25,5 : 0.6712"
"5,26 : 0.3354"
"26,5 : 0.3354"
"5,27 : 0.2717"
"27,5 : 0.2717"
"5,28 : 0.6538"
"28,5 : 0.6538"
"5,29 : 0.4022"
"29,5 : 0.4022"
"5,30 : 0.5728"
"30,5 : 0.5728"
"5,31 : 0.4696"
"31,5 : 0.4696"
"5,32 : 0.4892"
"32,5 : 0.4892"
"5,33 : 0.186"
"33,5 : 0.186"
"5,34 : 0.5441"
"34,5 : 0.5441"
"5,35 : 0.4623"
"35,5 : 0.4623"
"5,36 : 0.5727"
"36,5 : 0.5727"
"5,37 : 0.666"
"37,5 : 0.666"
"5,38 : 0.1931"
"38,5 : 0.1931"
"5,39 : 0.3178"
"39,5 : 0.3178"
"5,40 : 0.6997"
"40,5 : 0.6997"
"5,41 : 0.4188"
"41,5 : 0.4188"
"5,42 : 0.636"
"42,5 : 0.636"
"5,43 : 0.178"
"43,5 : 0.178"
"5,44 : 0.7311"
"44,5 : 0.7311"
"5,45 : 0.397"
"45,5 : 0.397"
"5,46 : 0.514"
"46,5 : 0.514"
"5,47 : 0.4528"
"47,5 : 0.4528"
"5,48 : 0.3041"
"48,5 : 0.3041"
"5,49 : 0.25"
"49,5 : 0.25"
"6,7 : 0.461"
"7,6 : 0.461"
"6,8 : 0.5331"
"8,6 : 0.5331"
"6,9 : 0.5474"
"9,6 : 0.5474"
"6,10 : 0.4442"
"10,6 : 0.4442"
"6,11 : 0.4604"
"11,6 : 0.4604"
"6,12 : 0.4469"
"12,6 : 0.4469"
"6,13 : 0.5597"
"13,6 : 0.5597"
"6,14 : 0.5401"
"14,6 : 0.5401"
"6,15 : 0.7965"
"15,6 : 0.7965"
"6,16 : 0.5557"
"16,6 : 0.5557"
"6,17 : 0.5814"
"17,6 : 0.5814"
"6,18 : 0.3922"
"18,6 : 0.3922"
"6,19 : 0.5501"
"19,6 : 0.5501"
"6,20 : 0.2879"
"20,6 : 0.2879"
"6,21 : 0.283"
"21,6 : 0.283"
"6,22 : 0.2195"
"22,6 : 0.2195"
"6,23 : 0.2193"
"23,6 : 0.2193"
"6,24 : 0.23"
"24,6 : 0.23"
"6,25 : 0.8848"
"25,6 : 0.8848"
"6,26 : 0.4258"
"26,6 : 0.4258"
"6,27 : 0.5124"
"27,6 : 0.5124"
"6,28 : 0.8228"
"28,6 : 0.8228"
"6,29 : 0.3669"
"29,6 : 0.3669"
"6,30 : 0.5597"
"30,6 : 0.5597"
"6,31 : 0.3859"
"31,6 : 0.3859"
"6,32 : 0.4649"
"32,6 : 0.4649"
"6,33 : 0.114"
"33,6 : 0.114"
"6,34 : 0.7443"
"34,6 : 0.7443"
"6,35 : 0.4851"
"35,6 : 0.4851"
"6,36 : 0.6403"
"36,6 : 0.6403"
"6,37 : 0.6261"
"37,6 : 0.6261"
"6,38 : 0.2961"
"38,6 : 0.2961"
"6,39 : 0.3467"
"39,6 : 0.3467"
"6,40 : 0.9246"
"40,6 : 0.9246"
"6,41 : 0.6507"
"41,6 : 0.6507"
"6,42 : 0.3946"
"42,6 : 0.3946"
"6,43 : 0.4201"
"43,6 : 0.4201"
"6,44 : 0.7245"
"44,6 : 0.7245"
"6,45 : 0.1844"
"45,6 : 0.1844"
"6,46 : 0.7495"
"46,6 : 0.7495"
"6,47 : 0.2404"
"47,6 : 0.2404"
"6,48 : 0.4993"
"48,6 : 0.4993"
"6,49 : 0.1063"
"49,6 : 0.1063"
"7,8 : 0.1664"
"8,7 : 0.1664"
"7,9 : 0.4338"
"9,7 : 0.4338"
"7,10 : 0.5855"
"10,7 : 0.5855"
"7,11 : 0.3384"
"11,7 : 0.3384"
"7,12 : 0.0721"
"12,7 : 0.0721"
"7,13 : 0.5126"
"13,7 : 0.5126"
"7,14 : 0.4162"
"14,7 : 0.4162"
"7,15 : 0.8324"
"15,7 : 0.8324"
"7,16 : 0.6552"
"16,7 : 0.6552"
"7,17 : 0.7433"
"17,7 : 0.7433"
"7,18 : 0.4305"
"18,7 : 0.4305"
"7,19 : 0.3689"
"19,7 : 0.3689"
"7,20 : 0.2518"
"20,7 : 0.2518"
"7,21 : 0.742"
"21,7 : 0.742"
"7,22 : 0.2484"
"22,7 : 0.2484"
"7,23 : 0.6801"
"23,7 : 0.6801"
"7,24 : 0.3231"
"24,7 : 0.3231"
"7,25 : 0.4554"
"25,7 : 0.4554"
"7,26 : 0.3046"
"26,7 : 0.3046"
"7,27 : 0.2052"
"27,7 : 0.2052"
"7,28 : 0.4738"
"28,7 : 0.4738"
"7,29 : 0.4627"
"29,7 : 0.4627"
"7,30 : 0.5778"
"30,7 : 0.5778"
"7,31 : 0.5508"
"31,7 : 0.5508"
"7,32 : 0.5192"
"32,7 : 0.5192"
"7,33 : 0.408"
"33,7 : 0.408"
"7,34 : 0.3413"
"34,7 : 0.3413"
"7,35 : 0.4569"
"35,7 : 0.4569"
"7,36 : 0.5025"
"36,7 : 0.5025"
"7,37 : 0.6815"
"37,7 : 0.6815"
"7,38 : 0.365"
"38,7 : 0.365"
"7,39 : 0.4937"
"39,7 : 0.4937"
"7,40 : 0.4789"
"40,7 : 0.4789"
"7,41 : 0.1972"
"41,7 : 0.1972"
"7,42 : 0.8229"
"42,7 : 0.8229"
"7,43 : 0.0447"
"43,7 : 0.0447"
"7,44 : 0.7102"
"44,7 : 0.7102"
"7,45 : 0.6185"
"45,7 : 0.6185"
"7,46 : 0.2921"
"46,7 : 0.2921"
"7,47 : 0.6239"
"47,7 : 0.6239"
"7,48 : 0.1442"
"48,7 : 0.1442"
"7,49 : 0.472"
"49,7 : 0.472"
"8,9 : 0.3041"
"9,8 : 0.3041"
"8,10 : 0.7398"
"10,8 : 0.7398"
"8,11 : 0.2319"
"11,8 : 0.2319"
"8,12 : 0.2385"
"12,8 : 0.2385"
"8,13 : 0.392"
"13,8 : 0.392"
"8,14 : 0.5825"
"14,8 : 0.5825"
"8,15 : 0.9985"
"15,8 : 0.9985"
"8,16 : 0.816"
"16,8 : 0.816"
"8,17 : 0.8999"
"17,8 : 0.8999"
"8,18 : 0.3606"
"18,8 : 0.3606"
"8,19 : 0.228"
"19,8 : 0.228"
"8,20 : 0.3946"
"20,8 : 0.3946"
"8,21 : 0.8139"
"21,8 : 0.8139"
"8,22 : 0.3162"
"22,8 : 0.3162"
"8,23 : 0.743"
"23,8 : 0.743"
"8,24 : 0.3342"
"24,8 : 0.3342"
"8,25 : 0.5201"
"25,8 : 0.5201"
"8,26 : 0.4696"
"26,8 : 0.4696"
"8,27 : 0.06"
"27,8 : 0.06"
"8,28 : 0.5946"
"28,8 : 0.5946"
"8,29 : 0.6161"
"29,8 : 0.6161"
"8,30 : 0.7425"
"30,8 : 0.7425"
"8,31 : 0.7004"
"31,8 : 0.7004"
"8,32 : 0.6801"
"32,8 : 0.6801"
"8,33 : 0.4494"
"33,8 : 0.4494"
"8,34 : 0.4438"
"34,8 : 0.4438"
"8,35 : 0.6217"
"35,8 : 0.6217"
"8,36 : 0.6671"
"36,8 : 0.6671"
"8,37 : 0.8458"
"37,8 : 0.8458"
"8,38 : 0.336"
"38,8 : 0.336"
"8,39 : 0.4472"
"39,8 : 0.4472"
"8,40 : 0.5179"
"40,8 : 0.5179"
"8,41 : 0.2631"
"41,8 : 0.2631"
"8,42 : 0.9205"
"42,8 : 0.9205"
"8,43 : 0.1676"
"43,8 : 0.1676"
"8,44 : 0.8766"
"44,8 : 0.8766"
"8,45 : 0.658"
"45,8 : 0.658"
"8,46 : 0.3225"
"46,8 : 0.3225"
"8,47 : 0.7335"
"47,8 : 0.7335"
"8,48 : 0.3041"
"48,8 : 0.3041"
"8,49 : 0.5104"
"49,8 : 0.5104"
"9,10 : 0.9021"
"10,9 : 0.9021"
"9,11 : 0.1063"
"11,9 : 0.1063"
"9,12 : 0.4974"
"12,9 : 0.4974"
"9,13 : 0.0906"
"13,9 : 0.0906"
"9,14 : 0.8233"
"14,9 : 0.8233"
"9,15 : 1.2126"
"15,9 : 1.2126"
"9,16 : 0.9986"
"16,9 : 0.9986"
"9,17 : 1.0617"
"17,9 : 1.0617"
"9,18 : 0.1746"
"18,9 : 0.1746"
"9,19 : 0.0806"
"19,9 : 0.0806"
"9,20 : 0.5685"
"20,9 : 0.5685"
"9,21 : 0.7823"
"21,9 : 0.7823"
"9,22 : 0.4031"
"22,9 : 0.4031"
"9,23 : 0.7026"
"23,9 : 0.7026"
"9,24 : 0.3228"
"24,9 : 0.3228"
"9,25 : 0.821"
"25,9 : 0.821"
"9,26 : 0.6935"
"26,9 : 0.6935"
"9,27 : 0.2452"
"27,9 : 0.2452"
"9,28 : 0.8956"
"28,9 : 0.8956"
"9,29 : 0.7849"
"29,9 : 0.7849"
"9,30 : 0.9502"
"30,9 : 0.9502"
"9,31 : 0.8509"
"31,9 : 0.8509"
"9,32 : 0.8701"
"32,9 : 0.8701"
"9,33 : 0.4342"
"33,9 : 0.4342"
"9,34 : 0.7473"
"34,9 : 0.7473"
"9,35 : 0.8349"
"35,9 : 0.8349"
"9,36 : 0.9201"
"36,9 : 0.9201"
"9,37 : 1.0464"
"37,9 : 1.0464"
"9,38 : 0.2518"
"38,9 : 0.2518"
"9,39 : 0.2693"
"39,9 : 0.2693"
"9,40 : 0.811"
"40,9 : 0.811"
"9,41 : 0.5672"
"41,9 : 0.5672"
"9,42 : 0.9305"
"42,9 : 0.9305"
"9,43 : 0.4082"
"43,9 : 0.4082"
"9,44 : 1.1032"
"44,9 : 1.1032"
"9,45 : 0.5869"
"45,9 : 0.5869"
"9,46 : 0.6201"
"46,9 : 0.6201"
"9,47 : 0.7864"
"47,9 : 0.7864"
"9,48 : 0.5771"
"48,9 : 0.5771"
"9,49 : 0.4701"
"49,9 : 0.4701"
"10,11 : 0.7976"
"11,10 : 0.7976"
"10,12 : 0.5215"
"12,10 : 0.5215"
"10,13 : 0.944"
"13,10 : 0.944"
"10,14 : 0.2884"
"14,10 : 0.2884"
"10,15 : 0.3534"
"15,10 : 0.3534"
"10,16 : 0.1118"
"16,10 : 0.1118"
"10,17 : 0.1616"
"17,10 : 0.1616"
"10,18 : 0.7875"
"18,10 : 0.7875"
"10,19 : 0.8721"
"19,10 : 0.8721"
"10,20 : 0.3479"
"20,10 : 0.3479"
"10,21 : 0.5301"
"21,10 : 0.5301"
"10,22 : 0.4993"
"22,10 : 0.4993"
"10,23 : 0.5346"
"23,10 : 0.5346"
"10,24 : 0.5967"
"24,10 : 0.5967"
"10,25 : 0.8096"
"25,10 : 0.8096"
"10,26 : 0.3027"
"26,10 : 0.3027"
"10,27 : 0.7558"
"27,10 : 0.7558"
"10,28 : 0.65"
"28,10 : 0.65"
"10,29 : 0.1237"
"29,10 : 0.1237"
"10,30 : 0.1581"
"30,10 : 0.1581"
"10,31 : 0.0583"
"31,10 : 0.0583"
"10,32 : 0.1"
"32,10 : 0.1"
"10,33 : 0.5326"
"33,10 : 0.5326"
"10,34 : 0.6631"
"34,10 : 0.6631"
"10,35 : 0.1887"
"35,10 : 0.1887"
"10,36 : 0.3342"
"36,10 : 0.3342"
"10,37 : 0.1868"
"37,10 : 0.1868"
"10,38 : 0.6812"
"38,10 : 0.6812"
"10,39 : 0.7716"
"39,10 : 0.7716"
"10,40 : 0.8785"
"40,10 : 0.8785"
"10,41 : 0.6859"
"41,10 : 0.6859"
"10,42 : 0.4682"
"42,10 : 0.4682"
"10,43 : 0.5727"
"43,10 : 0.5727"
"10,44 : 0.3007"
"44,10 : 0.3007"
"10,45 : 0.5914"
"45,10 : 0.5914"
"10,46 : 0.7747"
"46,10 : 0.7747"
"10,47 : 0.31"
"47,10 : 0.31"
"10,48 : 0.5016"
"48,10 : 0.5016"
"10,49 : 0.5492"
"49,10 : 0.5492"
"11,12 : 0.3981"
"12,11 : 0.3981"
"11,13 : 0.1746"
"13,11 : 0.1746"
"11,14 : 0.7184"
"14,11 : 0.7184"
"11,15 : 1.1063"
"15,11 : 1.1063"
"11,16 : 0.8931"
"16,11 : 0.8931"
"11,17 : 0.9577"
"17,11 : 0.9577"
"11,18 : 0.1421"
"18,11 : 0.1421"
"11,19 : 0.0906"
"19,11 : 0.0906"
"11,20 : 0.4623"
"20,11 : 0.4623"
"11,21 : 0.712"
"21,11 : 0.712"
"11,22 : 0.2997"
"22,11 : 0.2997"
"11,23 : 0.6335"
"23,11 : 0.6335"
"11,24 : 0.2309"
"24,11 : 0.2309"
"11,25 : 0.7511"
"25,11 : 0.7511"
"11,26 : 0.588"
"26,11 : 0.588"
"11,27 : 0.1726"
"27,11 : 0.1726"
"11,28 : 0.8081"
"28,11 : 0.8081"
"11,29 : 0.6796"
"29,11 : 0.6796"
"11,30 : 0.8439"
"30,11 : 0.8439"
"11,31 : 0.7471"
"31,11 : 0.7471"
"11,32 : 0.764"
"32,11 : 0.764"
"11,33 : 0.3501"
"33,11 : 0.3501"
"11,34 : 0.6648"
"34,11 : 0.6648"
"11,35 : 0.7286"
"35,11 : 0.7286"
"11,36 : 0.8161"
"36,11 : 0.8161"
"11,37 : 0.9402"
"37,11 : 0.9402"
"11,38 : 0.1746"
"38,11 : 0.1746"
"11,39 : 0.2404"
"39,11 : 0.2404"
"11,40 : 0.7497"
"40,11 : 0.7497"
"11,41 : 0.4901"
"41,11 : 0.4901"
"11,42 : 0.8509"
"42,11 : 0.8509"
"11,43 : 0.3087"
"43,11 : 0.3087"
"11,44 : 0.997"
"44,11 : 0.997"
"11,45 : 0.525"
"45,11 : 0.525"
"11,46 : 0.5544"
"46,11 : 0.5544"
"11,47 : 0.6958"
"47,11 : 0.6958"
"11,48 : 0.4793"
"48,11 : 0.4793"
"11,49 : 0.3946"
"49,11 : 0.3946"
"12,13 : 0.5727"
"13,12 : 0.5727"
"12,14 : 0.3441"
"14,12 : 0.3441"
"12,15 : 0.7606"
"15,12 : 0.7606"
"12,16 : 0.5869"
"16,12 : 0.5869"
"12,17 : 0.6774"
"17,12 : 0.6774"
"12,18 : 0.4768"
"18,12 : 0.4768"
"12,19 : 0.436"
"19,12 : 0.436"
"12,20 : 0.2025"
"20,12 : 0.2025"
"12,21 : 0.7218"
"21,12 : 0.7218"
"12,22 : 0.2508"
"22,12 : 0.2508"
"12,23 : 0.6653"
"23,12 : 0.6653"
"12,24 : 0.3453"
"24,12 : 0.3453"
"12,25 : 0.4429"
"25,12 : 0.4429"
"12,26 : 0.2341"
"26,12 : 0.2341"
"12,27 : 0.2759"
"27,12 : 0.2759"
"12,28 : 0.43"
"28,12 : 0.43"
"12,29 : 0.4001"
"29,12 : 0.4001"
"12,30 : 0.507"
"30,12 : 0.507"
"12,31 : 0.4901"
"31,12 : 0.4901"
"12,32 : 0.4512"
"32,12 : 0.4512"
"12,33 : 0.4115"
"33,12 : 0.4115"
"12,34 : 0.3132"
"34,12 : 0.3132"
"12,35 : 0.3863"
"35,12 : 0.3863"
"12,36 : 0.4314"
"36,12 : 0.4314"
"12,37 : 0.611"
"37,12 : 0.611"
"12,38 : 0.4"
"38,12 : 0.4"
"12,39 : 0.53"
"39,12 : 0.53"
"12,40 : 0.478"
"40,12 : 0.478"
"12,41 : 0.2062"
"41,12 : 0.2062"
"12,42 : 0.7889"
"42,12 : 0.7889"
"12,43 : 0.0894"
"43,12 : 0.0894"
"12,44 : 0.6381"
"44,12 : 0.6381"
"12,45 : 0.6159"
"45,12 : 0.6159"
"12,46 : 0.3061"
"46,12 : 0.3061"
"12,47 : 0.5859"
"47,12 : 0.5859"
"12,48 : 0.0825"
"48,12 : 0.0825"
"12,49 : 0.4741"
"49,12 : 0.4741"
"13,14 : 0.8881"
"14,13 : 0.8881"
"13,15 : 1.2659"
"15,13 : 1.2659"
"13,16 : 1.0448"
"16,13 : 1.0448"
"13,17 : 1.1011"
"17,13 : 1.1011"
"13,18 : 0.1676"
"18,13 : 0.1676"
"13,19 : 0.1712"
"19,13 : 0.1712"
"13,20 : 0.6224"
"20,13 : 0.6224"
"13,21 : 0.7706"
"21,13 : 0.7706"
"13,22 : 0.4469"
"22,13 : 0.4469"
"13,23 : 0.6907"
"23,13 : 0.6907"
"13,24 : 0.3499"
"24,13 : 0.3499"
"13,25 : 0.9105"
"25,13 : 0.9105"
"13,26 : 0.756"
"26,13 : 0.756"
"13,27 : 0.3324"
"27,13 : 0.3324"
"13,28 : 0.9798"
"28,13 : 0.9798"
"13,29 : 0.831"
"29,13 : 0.831"
"13,30 : 1.0041"
"30,13 : 1.0041"
"13,31 : 0.8905"
"31,13 : 0.8905"
"13,32 : 0.9202"
"32,13 : 0.9202"
"13,33 : 0.446"
"33,13 : 0.446"
"13,34 : 0.8336"
"34,13 : 0.8336"
"13,35 : 0.892"
"35,13 : 0.892"
"13,36 : 0.9874"
"36,13 : 0.9874"
"13,37 : 1.0971"
"37,13 : 1.0971"
"13,38 : 0.2683"
"38,13 : 0.2683"
"13,39 : 0.2402"
"39,13 : 0.2402"
"13,40 : 0.9014"
"40,13 : 0.9014"
"13,41 : 0.6549"
"41,13 : 0.6549"
"13,42 : 0.9278"
"42,13 : 0.9278"
"13,43 : 0.4833"
"43,13 : 0.4833"
"13,44 : 1.161"
"44,13 : 1.161"
"13,45 : 0.57"
"45,13 : 0.57"
"13,46 : 0.71"
"46,13 : 0.71"
"13,47 : 0.8001"
"47,13 : 0.8001"
"13,48 : 0.6539"
"48,13 : 0.6539"
"13,49 : 0.4707"
"49,13 : 0.4707"
"14,15 : 0.4215"
"15,14 : 0.4215"
"14,16 : 0.2961"
"16,14 : 0.2961"
"14,17 : 0.4026"
"17,14 : 0.4026"
"14,18 : 0.7606"
"18,14 : 0.7606"
"14,19 : 0.7708"
"19,14 : 0.7708"
"14,20 : 0.2846"
"20,14 : 0.2846"
"14,21 : 0.7339"
"21,14 : 0.7339"
"14,22 : 0.4662"
"22,14 : 0.4662"
"14,23 : 0.7106"
"23,14 : 0.7106"
"14,24 : 0.5831"
"24,14 : 0.5831"
"14,25 : 0.5255"
"25,14 : 0.5255"
"14,26 : 0.1342"
"26,14 : 0.1342"
"14,27 : 0.6185"
"27,14 : 0.6185"
"14,28 : 0.3624"
"28,14 : 0.3624"
"14,29 : 0.2247"
"29,14 : 0.2247"
"14,30 : 0.1903"
"30,14 : 0.1903"
"14,31 : 0.297"
"31,14 : 0.297"
"14,32 : 0.1887"
"32,14 : 0.1887"
"14,33 : 0.5787"
"33,14 : 0.5787"
"14,34 : 0.3833"
"34,14 : 0.3833"
"14,35 : 0.1"
"35,14 : 0.1"
"14,36 : 0.1044"
"36,14 : 0.1044"
"14,37 : 0.2907"
"37,14 : 0.2907"
"14,38 : 0.6621"
"38,14 : 0.6621"
"14,39 : 0.7819"
"39,14 : 0.7819"
"14,40 : 0.5977"
"40,14 : 0.5977"
"14,41 : 0.4455"
"41,14 : 0.4455"
"14,42 : 0.7211"
"42,14 : 0.7211"
"14,43 : 0.4252"
"43,14 : 0.4252"
"14,44 : 0.2953"
"44,14 : 0.2953"
"14,45 : 0.7217"
"45,14 : 0.7217"
"14,46 : 0.5201"
"46,14 : 0.5201"
"14,47 : 0.5277"
"47,14 : 0.5277"
"14,48 : 0.2864"
"48,14 : 0.2864"
"14,49 : 0.6229"
"49,14 : 0.6229"
"15,16 : 0.2417"
"16,15 : 0.2417"
"15,17 : 0.26"
"17,15 : 0.26"
"15,18 : 1.1187"
"18,15 : 1.1187"
"15,19 : 1.17"
"19,15 : 1.17"
"15,20 : 0.6444"
"20,15 : 0.6444"
"15,21 : 0.8615"
"21,15 : 0.8615"
"15,22 : 0.8204"
"22,15 : 0.8204"
"15,23 : 0.878"
"23,15 : 0.878"
"15,24 : 0.9285"
"24,15 : 0.9285"
"15,25 : 0.8805"
"25,15 : 0.8805"
"15,26 : 0.53"
"26,15 : 0.53"
"15,27 : 1.0293"
"27,15 : 1.0293"
"15,28 : 0.6736"
"28,15 : 0.6736"
"15,29 : 0.442"
"29,15 : 0.442"
"15,30 : 0.2625"
"30,15 : 0.2625"
"15,31 : 0.4115"
"31,15 : 0.4115"
"15,32 : 0.3471"
"32,15 : 0.3471"
"15,33 : 0.8792"
"33,15 : 0.8792"
"15,34 : 0.7624"
"34,15 : 0.7624"
"15,35 : 0.3801"
"35,15 : 0.3801"
"15,36 : 0.365"
"36,15 : 0.365"
"15,37 : 0.172"
"37,15 : 0.172"
"15,38 : 1.0132"
"38,15 : 1.0132"
"15,39 : 1.114"
"39,15 : 1.114"
"15,40 : 0.9602"
"40,15 : 0.9602"
"15,41 : 0.8613"
"41,15 : 0.8613"
"15,42 : 0.7601"
"42,15 : 0.7601"
"15,43 : 0.8353"
"43,15 : 0.8353"
"15,44 : 0.1315"
"44,15 : 0.1315"
"15,45 : 0.9434"
"45,15 : 0.9434"
"15,46 : 0.9257"
"46,15 : 0.9257"
"15,47 : 0.6476"
"47,15 : 0.6476"
"15,48 : 0.7077"
"48,15 : 0.7077"
"15,49 : 0.9005"
"49,15 : 0.9005"
"16,17 : 0.1077"
"17,16 : 0.1077"
"16,18 : 0.8914"
"18,16 : 0.8914"
"16,19 : 0.9638"
"19,16 : 0.9638"
"16,20 : 0.4342"
"20,16 : 0.4342"
"16,21 : 0.6313"
"21,16 : 0.6313"
"16,22 : 0.5982"
"22,16 : 0.5982"
"16,23 : 0.6413"
"23,16 : 0.6413"
"16,24 : 0.7004"
"24,16 : 0.7004"
"16,25 : 0.8191"
"25,16 : 0.8191"
"16,26 : 0.3551"
"26,16 : 0.3551"
"16,27 : 0.8377"
"27,16 : 0.8377"
"16,28 : 0.6395"
"28,16 : 0.6395"
"16,29 : 0.214"
"29,16 : 0.214"
"16,30 : 0.1118"
"30,16 : 0.1118"
"16,31 : 0.17"
"31,16 : 0.17"
"16,32 : 0.136"
"32,16 : 0.136"
"16,33 : 0.642"
"33,16 : 0.642"
"16,34 : 0.6791"
"34,16 : 0.6791"
"16,35 : 0.21"
"35,16 : 0.21"
"16,36 : 0.3053"
"36,16 : 0.3053"
"16,37 : 0.08"
"37,16 : 0.08"
"16,38 : 0.7852"
"38,16 : 0.7852"
"16,39 : 0.8797"
"39,16 : 0.8797"
"16,40 : 0.8929"
"40,16 : 0.8929"
"16,41 : 0.7301"
"41,16 : 0.7301"
"16,42 : 0.5511"
"42,16 : 0.5511"
"16,43 : 0.6485"
"43,16 : 0.6485"
"16,44 : 0.2022"
"44,16 : 0.2022"
"16,45 : 0.7023"
"45,16 : 0.7023"
"16,46 : 0.8115"
"46,16 : 0.8115"
"16,47 : 0.413"
"47,16 : 0.413"
"16,48 : 0.5533"
"48,16 : 0.5533"
"16,49 : 0.6604"
"49,16 : 0.6604"
"17,18 : 0.942"
"18,17 : 0.942"
"17,19 : 1.0332"
"19,17 : 1.0332"
"17,20 : 0.5092"
"20,17 : 0.5092"
"17,21 : 0.6064"
"21,17 : 0.6064"
"17,22 : 0.6586"
"22,17 : 0.6586"
"17,23 : 0.6297"
"23,17 : 0.6297"
"17,24 : 0.7521"
"24,17 : 0.7521"
"17,25 : 0.9266"
"25,17 : 0.9266"
"17,26 : 0.4504"
"26,17 : 0.4504"
"17,27 : 0.9171"
"27,17 : 0.9171"
"17,28 : 0.7469"
"28,17 : 0.7469"
"17,29 : 0.2846"
"29,17 : 0.2846"
"17,30 : 0.2193"
"30,17 : 0.2193"
"17,31 : 0.211"
"31,17 : 0.211"
"17,32 : 0.23"
"32,17 : 0.23"
"17,33 : 0.679"
"33,17 : 0.679"
"17,34 : 0.7859"
"34,17 : 0.7859"
"17,35 : 0.3126"
"35,17 : 0.3126"
"17,36 : 0.4118"
"36,17 : 0.4118"
"17,37 : 0.1562"
"37,17 : 0.1562"
"17,38 : 0.836"
"38,17 : 0.836"
"17,39 : 0.9197"
"39,17 : 0.9197"
"17,40 : 1.0"
"40,17 : 1.0"
"17,41 : 0.8305"
"41,17 : 0.8305"
"17,42 : 0.5001"
"42,17 : 0.5001"
"17,43 : 0.7325"
"43,17 : 0.7325"
"17,44 : 0.2729"
"44,17 : 0.2729"
"17,45 : 0.7071"
"45,17 : 0.7071"
"17,46 : 0.9144"
"46,17 : 0.9144"
"17,47 : 0.3992"
"47,17 : 0.3992"
"17,48 : 0.6503"
"48,17 : 0.6503"
"17,49 : 0.6877"
"49,17 : 0.6877"
"18,19 : 0.2163"
"19,18 : 0.2163"
"18,20 : 0.4826"
"20,18 : 0.4826"
"18,21 : 0.6103"
"21,18 : 0.6103"
"18,22 : 0.3"
"22,18 : 0.3"
"18,23 : 0.5304"
"23,18 : 0.5304"
"18,24 : 0.191"
"24,18 : 0.191"
"18,25 : 0.8698"
"25,18 : 0.8698"
"18,26 : 0.6265"
"26,18 : 0.6265"
"18,27 : 0.3046"
"27,18 : 0.3046"
"18,28 : 0.9035"
"28,18 : 0.9035"
"18,29 : 0.6788"
"29,18 : 0.6788"
"18,30 : 0.8591"
"30,18 : 0.8591"
"18,31 : 0.7325"
"31,18 : 0.7325"
"18,32 : 0.7716"
"32,18 : 0.7716"
"18,33 : 0.2786"
"33,18 : 0.2786"
"18,34 : 0.7701"
"34,18 : 0.7701"
"18,35 : 0.7521"
"35,18 : 0.7521"
"18,36 : 0.8631"
"36,18 : 0.8631"
"18,37 : 0.9479"
"37,18 : 0.9479"
"18,38 : 0.1063"
"38,18 : 0.1063"
"18,39 : 0.1"
"39,18 : 0.1"
"18,40 : 0.8756"
"40,18 : 0.8756"
"18,41 : 0.6053"
"41,18 : 0.6053"
"18,42 : 0.7632"
"42,18 : 0.7632"
"18,43 : 0.392"
"43,18 : 0.392"
"18,44 : 1.02"
"44,18 : 1.02"
"18,45 : 0.413"
"45,18 : 0.413"
"18,46 : 0.6791"
"46,18 : 0.6791"
"18,47 : 0.6325"
"47,18 : 0.6325"
"18,48 : 0.559"
"48,18 : 0.559"
"18,49 : 0.3041"
"49,18 : 0.3041"
"19,20 : 0.53"
"20,19 : 0.53"
"19,21 : 0.8023"
"21,19 : 0.8023"
"19,22 : 0.3795"
"22,19 : 0.3795"
"19,23 : 0.7237"
"23,19 : 0.7237"
"19,24 : 0.3202"
"24,19 : 0.3202"
"19,25 : 0.7417"
"25,19 : 0.7417"
"19,26 : 0.6444"
"26,19 : 0.6444"
"19,27 : 0.1709"
"27,19 : 0.1709"
"19,28 : 0.8222"
"28,19 : 0.8222"
"19,29 : 0.7518"
"29,19 : 0.7518"
"19,30 : 0.908"
"30,19 : 0.908"
"19,31 : 0.8235"
"31,19 : 0.8235"
"19,32 : 0.8322"
"32,19 : 0.8322"
"19,33 : 0.4405"
"33,19 : 0.4405"
"19,34 : 0.6719"
"34,19 : 0.6719"
"19,35 : 0.7903"
"35,19 : 0.7903"
"19,36 : 0.8645"
"36,19 : 0.8645"
"19,37 : 1.0069"
"37,19 : 1.0069"
"19,38 : 0.2648"
"38,19 : 0.2648"
"19,39 : 0.3162"
"39,19 : 0.3162"
"19,40 : 0.7306"
"40,19 : 0.7306"
"19,41 : 0.4903"
"41,19 : 0.4903"
"19,42 : 0.9413"
"42,19 : 0.9413"
"19,43 : 0.3483"
"43,19 : 0.3483"
"19,44 : 1.0565"
"44,19 : 1.0565"
"19,45 : 0.614"
"45,19 : 0.614"
"19,46 : 0.5404"
"46,19 : 0.5404"
"19,47 : 0.7841"
"47,19 : 0.7841"
"19,48 : 0.5131"
"48,19 : 0.5131"
"19,49 : 0.4851"
"49,19 : 0.4851"
"20,21 : 0.5404"
"21,20 : 0.5404"
"20,22 : 0.1836"
"22,20 : 0.1836"
"20,23 : 0.494"
"23,20 : 0.494"
"20,24 : 0.2997"
"24,20 : 0.2997"
"20,25 : 0.6096"
"25,20 : 0.6096"
"20,26 : 0.153"
"26,20 : 0.153"
"20,27 : 0.408"
"27,20 : 0.408"
"20,28 : 0.5349"
"28,20 : 0.5349"
"20,29 : 0.2247"
"29,20 : 0.2247"
"20,30 : 0.3821"
"30,20 : 0.3821"
"20,31 : 0.3059"
"31,20 : 0.3059"
"20,32 : 0.3023"
"32,20 : 0.3023"
"20,33 : 0.3002"
"33,20 : 0.3002"
"20,34 : 0.464"
"34,20 : 0.464"
"20,35 : 0.2702"
"35,20 : 0.2702"
"20,36 : 0.389"
"36,20 : 0.389"
"20,37 : 0.478"
"37,20 : 0.478"
"20,38 : 0.3808"
"38,20 : 0.3808"
"20,39 : 0.4977"
"39,20 : 0.4977"
"20,40 : 0.658"
"40,20 : 0.658"
"20,41 : 0.4031"
"41,20 : 0.4031"
"20,42 : 0.5908"
"42,20 : 0.5908"
"20,43 : 0.2302"
"43,20 : 0.2302"
"20,44 : 0.5391"
"44,20 : 0.5391"
"20,45 : 0.4713"
"45,20 : 0.4713"
"20,46 : 0.5025"
"46,20 : 0.5025"
"20,47 : 0.3859"
"47,20 : 0.3859"
"20,48 : 0.2267"
"48,20 : 0.2267"
"20,49 : 0.3513"
"49,20 : 0.3513"
"21,22 : 0.5025"
"22,21 : 0.5025"
"21,23 : 0.08"
"23,21 : 0.08"
"21,24 : 0.4934"
"24,21 : 0.4934"
"21,25 : 1.1498"
"25,21 : 1.1498"
"21,26 : 0.6488"
"26,21 : 0.6488"
"21,27 : 0.7892"
"27,21 : 0.7892"
"21,28 : 1.0617"
"28,21 : 1.0617"
"21,29 : 0.5166"
"29,21 : 0.5166"
"21,30 : 0.6826"
"30,21 : 0.6826"
"21,31 : 0.4817"
"31,21 : 0.4817"
"21,32 : 0.5968"
"32,21 : 0.5968"
"21,33 : 0.37"
"33,21 : 0.37"
"21,34 : 1.0042"
"34,21 : 1.0042"
"21,35 : 0.6525"
"35,21 : 0.6525"
"21,36 : 0.8201"
"36,21 : 0.8201"
"21,37 : 0.7111"
"37,21 : 0.7111"
"21,38 : 0.5376"
"38,21 : 0.5376"
"21,39 : 0.5315"
"39,21 : 0.5315"
"21,40 : 1.1955"
"40,21 : 1.1955"
"21,41 : 0.9276"
"41,21 : 0.9276"
"21,42 : 0.1749"
"42,21 : 0.1749"
"21,43 : 0.7021"
"43,21 : 0.7021"
"21,44 : 0.8301"
"44,21 : 0.8301"
"21,45 : 0.2022"
"45,21 : 0.2022"
"21,46 : 1.0273"
"46,21 : 1.0273"
"21,47 : 0.2202"
"47,21 : 0.2202"
"21,48 : 0.7649"
"48,21 : 0.7649"
"21,49 : 0.3178"
"49,21 : 0.3178"
"22,23 : 0.436"
"23,22 : 0.436"
"22,24 : 0.117"
"24,22 : 0.117"
"22,25 : 0.6932"
"25,22 : 0.6932"
"22,26 : 0.3324"
"26,22 : 0.3324"
"22,27 : 0.3027"
"27,22 : 0.3027"
"22,28 : 0.6675"
"28,22 : 0.6675"
"22,29 : 0.3842"
"29,22 : 0.3842"
"22,30 : 0.5597"
"30,22 : 0.5597"
"22,31 : 0.4478"
"31,22 : 0.4478"
"22,32 : 0.4738"
"32,22 : 0.4738"
"22,33 : 0.1612"
"33,22 : 0.1612"
"22,34 : 0.563"
"34,22 : 0.563"
"22,35 : 0.4522"
"35,22 : 0.4522"
"22,36 : 0.5701"
"36,22 : 0.5701"
"22,37 : 0.6507"
"37,22 : 0.6507"
"22,38 : 0.1972"
"38,22 : 0.1972"
"22,39 : 0.3162"
"39,22 : 0.3162"
"22,40 : 0.724"
"40,22 : 0.724"
"22,41 : 0.4441"
"41,22 : 0.4441"
"22,42 : 0.6044"
"42,22 : 0.6044"
"22,43 : 0.2052"
"43,22 : 0.2052"
"22,44 : 0.7201"
"44,22 : 0.7201"
"22,45 : 0.3701"
"45,22 : 0.3701"
"22,46 : 0.5404"
"46,22 : 0.5404"
"22,47 : 0.4219"
"47,22 : 0.4219"
"22,48 : 0.3202"
"48,22 : 0.3202"
"22,49 : 0.2247"
"49,22 : 0.2247"
"23,24 : 0.4179"
"24,23 : 0.4179"
"23,25 : 1.1"
"25,23 : 1.1"
"23,26 : 0.6147"
"26,23 : 0.6147"
"23,27 : 0.7159"
"27,23 : 0.7159"
"23,28 : 1.0242"
"28,23 : 1.0242"
"23,29 : 0.5025"
"29,23 : 0.5025"
"23,30 : 0.6803"
"30,23 : 0.6803"
"23,31 : 0.4817"
"31,23 : 0.4817"
"23,32 : 0.5901"
"32,23 : 0.5901"
"23,33 : 0.2955"
"33,23 : 0.2955"
"23,34 : 0.9569"
"34,23 : 0.9569"
"23,35 : 0.6364"
"35,23 : 0.6364"
"23,36 : 0.8023"
"36,23 : 0.8023"
"23,37 : 0.7201"
"37,23 : 0.7201"
"23,38 : 0.4589"
"38,23 : 0.4589"
"23,39 : 0.4518"
"39,23 : 0.4518"
"23,40 : 1.1421"
"40,23 : 1.1421"
"23,41 : 0.8698"
"41,23 : 0.8698"
"23,42 : 0.247"
"42,23 : 0.247"
"23,43 : 0.6389"
"43,23 : 0.6389"
"23,44 : 0.8349"
"44,23 : 0.8349"
"23,45 : 0.1237"
"45,23 : 0.1237"
"23,46 : 0.9688"
"46,23 : 0.9688"
"23,47 : 0.2309"
"47,23 : 0.2309"
"23,48 : 0.714"
"48,23 : 0.714"
"23,49 : 0.2404"
"49,23 : 0.2404"
"24,25 : 0.7783"
"25,24 : 0.7783"
"24,26 : 0.4494"
"26,24 : 0.4494"
"24,27 : 0.3002"
"27,24 : 0.3002"
"24,28 : 0.7723"
"28,24 : 0.7723"
"24,29 : 0.488"
"29,24 : 0.488"
"24,30 : 0.6701"
"30,24 : 0.6701"
"24,31 : 0.542"
"31,24 : 0.542"
"24,32 : 0.5814"
"32,24 : 0.5814"
"24,33 : 0.1237"
"33,24 : 0.1237"
"24,34 : 0.6573"
"34,24 : 0.6573"
"24,35 : 0.566"
"35,24 : 0.566"
"24,36 : 0.6871"
"36,24 : 0.6871"
"24,37 : 0.7574"
"37,24 : 0.7574"
"24,38 : 0.0849"
"38,24 : 0.0849"
"24,39 : 0.1992"
"39,24 : 0.1992"
"24,40 : 0.8006"
"40,24 : 0.8006"
"24,41 : 0.5189"
"41,24 : 0.5189"
"24,42 : 0.6229"
"42,24 : 0.6229"
"24,43 : 0.2786"
"43,24 : 0.2786"
"24,44 : 0.8323"
"44,24 : 0.8323"
"24,45 : 0.3245"
"45,24 : 0.3245"
"24,46 : 0.609"
"46,24 : 0.609"
"24,47 : 0.4653"
"47,24 : 0.4653"
"24,48 : 0.4219"
"48,24 : 0.4219"
"24,49 : 0.1789"
"49,24 : 0.1789"
"25,26 : 0.5301"
"26,25 : 0.5301"
"25,27 : 0.5801"
"27,25 : 0.5801"
"25,28 : 0.2138"
"28,25 : 0.2138"
"25,29 : 0.7187"
"29,25 : 0.7187"
"25,30 : 0.7088"
"30,25 : 0.7088"
"25,31 : 0.8062"
"31,25 : 0.8062"
"25,32 : 0.7118"
"32,25 : 0.7118"
"25,33 : 0.8542"
"33,25 : 0.8542"
"25,34 : 0.15"
"34,25 : 0.15"
"25,35 : 0.6224"
"35,25 : 0.6224"
"25,36 : 0.5277"
"36,25 : 0.5277"
"25,37 : 0.7983"
"37,25 : 0.7983"
"25,38 : 0.8174"
"38,25 : 0.8174"
"25,39 : 0.9437"
"39,25 : 0.9437"
"25,40 : 0.0806"
"40,25 : 0.0806"
"25,41 : 0.2648"
"41,25 : 0.2648"
"25,42 : 1.19"
"42,25 : 1.19"
"25,43 : 0.4998"
"43,25 : 0.4998"
"25,44 : 0.7517"
"44,25 : 0.7517"
"25,45 : 1.0582"
"45,25 : 1.0582"
"25,46 : 0.2022"
"46,25 : 0.2022"
"25,47 : 0.9841"
"47,25 : 0.9841"
"25,48 : 0.386"
"48,25 : 0.386"
"25,49 : 0.9171"
"49,25 : 0.9171"
"26,27 : 0.4993"
"27,26 : 0.4993"
"26,28 : 0.4134"
"28,26 : 0.4134"
"26,29 : 0.1931"
"29,26 : 0.1931"
"26,30 : 0.2731"
"30,26 : 0.2731"
"26,31 : 0.2846"
"31,26 : 0.2846"
"26,32 : 0.2209"
"32,26 : 0.2209"
"26,33 : 0.4518"
"33,26 : 0.4518"
"26,34 : 0.3801"
"34,26 : 0.3801"
"26,35 : 0.1523"
"35,26 : 0.1523"
"26,36 : 0.2377"
"36,26 : 0.2377"
"26,37 : 0.377"
"37,26 : 0.377"
"26,38 : 0.528"
"38,26 : 0.528"
"26,39 : 0.6485"
"39,26 : 0.6485"
"26,40 : 0.5917"
"40,26 : 0.5917"
"26,41 : 0.3833"
"41,26 : 0.3833"
"26,42 : 0.6648"
"42,26 : 0.6648"
"26,43 : 0.3053"
"43,26 : 0.3053"
"26,44 : 0.4123"
"44,26 : 0.4123"
"26,45 : 0.61"
"45,26 : 0.61"
"26,46 : 0.473"
"46,26 : 0.473"
"26,47 : 0.461"
"47,26 : 0.461"
"26,48 : 0.2"
"48,26 : 0.2"
"26,49 : 0.5"
"49,26 : 0.5"
"27,28 : 0.6515"
"28,27 : 0.6515"
"27,29 : 0.6325"
"29,27 : 0.6325"
"27,30 : 0.7703"
"30,27 : 0.7703"
"27,31 : 0.7131"
"31,27 : 0.7131"
"27,32 : 0.7026"
"32,27 : 0.7026"
"27,33 : 0.4205"
"33,27 : 0.4205"
"27,34 : 0.5022"
"34,27 : 0.5022"
"27,35 : 0.65"
"35,27 : 0.65"
"27,36 : 0.7072"
"36,27 : 0.7072"
"27,37 : 0.8724"
"37,27 : 0.8724"
"27,38 : 0.29"
"38,27 : 0.29"
"27,39 : 0.3945"
"39,27 : 0.3945"
"27,40 : 0.5771"
"40,27 : 0.5771"
"27,41 : 0.3225"
"41,27 : 0.3225"
"27,42 : 0.9047"
"42,27 : 0.9047"
"27,43 : 0.1942"
"43,27 : 0.1942"
"27,44 : 0.9102"
"44,27 : 0.9102"
"27,45 : 0.6243"
"45,27 : 0.6243"
"27,46 : 0.3821"
"46,27 : 0.3821"
"27,47 : 0.7244"
"47,27 : 0.7244"
"27,48 : 0.3483"
"48,27 : 0.3483"
"27,49 : 0.4789"
"49,27 : 0.4789"
"28,29 : 0.58"
"29,28 : 0.58"
"28,30 : 0.5277"
"30,28 : 0.5277"
"28,31 : 0.6586"
"31,28 : 0.6586"
"28,32 : 0.55"
"32,28 : 0.55"
"28,33 : 0.82"
"33,28 : 0.82"
"28,34 : 0.1581"
"34,28 : 0.1581"
"28,35 : 0.4623"
"35,28 : 0.4623"
"28,36 : 0.3362"
"36,28 : 0.3362"
"28,37 : 0.6075"
"37,28 : 0.6075"
"28,38 : 0.83"
"38,28 : 0.83"
"28,39 : 0.96"
"39,28 : 0.96"
"28,40 : 0.2943"
"40,28 : 0.2943"
"28,41 : 0.34"
"41,28 : 0.34"
"28,42 : 1.073"
"42,28 : 1.073"
"28,43 : 0.5116"
"43,28 : 0.5116"
"28,44 : 0.5474"
"44,28 : 0.5474"
"28,45 : 1.0057"
"45,28 : 1.0057"
"28,46 : 0.3394"
"46,28 : 0.3394"
"28,47 : 0.872"
"47,28 : 0.872"
"28,48 : 0.3506"
"48,28 : 0.3506"
"28,49 : 0.878"
"49,28 : 0.878"
"29,30 : 0.1931"
"30,29 : 0.1931"
"29,31 : 0.0922"
"31,29 : 0.0922"
"29,32 : 0.0985"
"32,29 : 0.0985"
"29,33 : 0.4391"
"33,29 : 0.4391"
"29,34 : 0.5694"
"34,29 : 0.5694"
"29,35 : 0.136"
"35,29 : 0.136"
"29,36 : 0.3036"
"36,29 : 0.3036"
"29,37 : 0.2702"
"37,29 : 0.2702"
"29,38 : 0.5728"
"38,29 : 0.5728"
"29,39 : 0.672"
"39,29 : 0.672"
"29,40 : 0.7829"
"40,29 : 0.7829"
"29,41 : 0.5727"
"41,29 : 0.5727"
"29,42 : 0.4965"
"42,29 : 0.4965"
"29,43 : 0.4491"
"43,29 : 0.4491"
"29,44 : 0.3585"
"44,29 : 0.3585"
"29,45 : 0.5346"
"45,29 : 0.5346"
"29,46 : 0.6648"
"46,29 : 0.6648"
"29,47 : 0.3046"
"47,29 : 0.3046"
"29,48 : 0.3864"
"48,29 : 0.3864"
"29,49 : 0.4662"
"49,29 : 0.4662"
"30,31 : 0.201"
"31,30 : 0.201"
"30,32 : 0.0949"
"32,30 : 0.0949"
"30,33 : 0.6306"
"33,30 : 0.6306"
"30,34 : 0.5707"
"34,30 : 0.5707"
"30,35 : 0.1208"
"35,30 : 0.1208"
"30,36 : 0.1942"
"36,30 : 0.1942"
"30,37 : 0.1044"
"37,30 : 0.1044"
"30,38 : 0.7543"
"38,30 : 0.7543"
"30,39 : 0.8598"
"39,30 : 0.8598"
"30,40 : 0.7834"
"40,30 : 0.7834"
"30,41 : 0.6329"
"41,30 : 0.6329"
"30,42 : 0.6263"
"42,30 : 0.6263"
"30,43 : 0.5771"
"43,30 : 0.5771"
"30,44 : 0.1655"
"44,30 : 0.1655"
"30,45 : 0.7237"
"45,30 : 0.7237"
"30,46 : 0.71"
"46,30 : 0.71"
"30,47 : 0.4627"
"47,30 : 0.4627"
"30,48 : 0.4632"
"48,30 : 0.4632"
"30,49 : 0.6592"
"49,30 : 0.6592"
"31,32 : 0.1208"
"32,31 : 0.1208"
"31,33 : 0.4751"
"33,31 : 0.4751"
"31,34 : 0.6576"
"34,31 : 0.6576"
"31,35 : 0.1985"
"35,31 : 0.1985"
"31,36 : 0.3585"
"36,31 : 0.3585"
"31,37 : 0.2435"
"37,31 : 0.2435"
"31,38 : 0.6263"
"38,31 : 0.6263"
"31,39 : 0.7145"
"39,31 : 0.7145"
"31,40 : 0.8721"
"40,31 : 0.8721"
"31,41 : 0.6649"
"41,31 : 0.6649"
"31,42 : 0.4338"
"42,31 : 0.4338"
"31,43 : 0.5346"
"43,31 : 0.5346"
"31,44 : 0.3536"
"44,31 : 0.3536"
"31,45 : 0.5345"
"45,31 : 0.5345"
"31,46 : 0.7569"
"46,31 : 0.7569"
"31,47 : 0.2617"
"47,31 : 0.2617"
"31,48 : 0.4785"
"48,31 : 0.4785"
"31,49 : 0.4909"
"49,31 : 0.4909"
"32,33 : 0.5371"
"33,32 : 0.5371"
"32,34 : 0.5665"
"34,32 : 0.5665"
"32,35 : 0.0894"
"35,32 : 0.0894"
"32,36 : 0.2385"
"36,32 : 0.2385"
"32,37 : 0.1769"
"37,32 : 0.1769"
"32,38 : 0.666"
"38,32 : 0.666"
"32,39 : 0.7684"
"39,32 : 0.7684"
"32,40 : 0.7819"
"40,32 : 0.7819"
"32,41 : 0.6007"
"41,32 : 0.6007"
"32,42 : 0.5546"
"42,32 : 0.5546"
"32,43 : 0.5126"
"43,32 : 0.5126"
"32,44 : 0.26"
"44,32 : 0.26"
"32,45 : 0.6297"
"45,32 : 0.6297"
"32,46 : 0.6859"
"46,32 : 0.6859"
"32,47 : 0.3785"
"47,32 : 0.3785"
"32,48 : 0.4205"
"48,32 : 0.4205"
"32,49 : 0.5646"
"49,32 : 0.5646"
"33,34 : 0.7224"
"34,33 : 0.7224"
"33,35 : 0.5408"
"35,33 : 0.5408"
"33,36 : 0.6825"
"36,33 : 0.6825"
"33,37 : 0.7072"
"37,33 : 0.7072"
"33,38 : 0.1825"
"38,33 : 0.1825"
"33,39 : 0.2408"
"39,33 : 0.2408"
"33,40 : 0.8851"
"40,33 : 0.8851"
"33,41 : 0.6046"
"41,33 : 0.6046"
"33,42 : 0.5009"
"42,33 : 0.5009"
"33,43 : 0.364"
"43,33 : 0.364"
"33,44 : 0.7961"
"44,33 : 0.7961"
"33,45 : 0.2121"
"45,33 : 0.2121"
"33,46 : 0.7"
"46,33 : 0.7"
"33,47 : 0.3544"
"47,33 : 0.3544"
"33,48 : 0.4776"
"48,33 : 0.4776"
"33,49 : 0.064"
"49,33 : 0.064"
"34,35 : 0.4776"
"35,34 : 0.4776"
"34,36 : 0.4"
"36,34 : 0.4"
"34,37 : 0.6648"
"37,34 : 0.6648"
"34,38 : 0.7058"
"38,34 : 0.7058"
"34,39 : 0.8349"
"39,34 : 0.8349"
"34,40 : 0.2154"
"40,34 : 0.2154"
"34,41 : 0.1838"
"41,34 : 0.1838"
"34,42 : 1.0406"
"42,34 : 1.0406"
"34,43 : 0.3833"
"43,34 : 0.3833"
"34,44 : 0.6313"
"44,34 : 0.6313"
"34,45 : 0.9213"
"45,34 : 0.9213"
"34,46 : 0.186"
"46,34 : 0.186"
"34,47 : 0.8349"
"47,34 : 0.8349"
"34,48 : 0.246"
"48,34 : 0.246"
"34,49 : 0.7839"
"49,34 : 0.7839"
"35,36 : 0.1676"
"36,35 : 0.1676"
"35,37 : 0.2247"
"37,35 : 0.2247"
"35,38 : 0.649"
"38,35 : 0.649"
"35,39 : 0.7606"
"39,35 : 0.7606"
"35,40 : 0.6929"
"40,35 : 0.6929"
"35,41 : 0.5201"
"41,35 : 0.5201"
"35,42 : 0.6277"
"42,35 : 0.6277"
"35,43 : 0.4565"
"43,35 : 0.4565"
"35,44 : 0.2691"
"44,35 : 0.2691"
"35,45 : 0.6607"
"45,35 : 0.6607"
"35,46 : 0.6021"
"46,35 : 0.6021"
"35,47 : 0.4401"
"47,35 : 0.4401"
"35,48 : 0.3453"
"48,35 : 0.3453"
"35,49 : 0.5772"
"49,35 : 0.5772"
"36,37 : 0.272"
"37,36 : 0.272"
"36,38 : 0.7656"
"38,36 : 0.7656"
"36,39 : 0.886"
"39,36 : 0.886"
"36,40 : 0.6053"
"40,36 : 0.6053"
"36,41 : 0.4998"
"41,36 : 0.4998"
"36,42 : 0.7918"
"42,36 : 0.7918"
"36,43 : 0.5166"
"43,36 : 0.5166"
"36,44 : 0.2335"
"44,36 : 0.2335"
"36,45 : 0.8202"
"45,36 : 0.8202"
"36,46 : 0.5609"
"46,36 : 0.5609"
"36,47 : 0.6075"
"47,36 : 0.6075"
"36,48 : 0.364"
"48,36 : 0.364"
"36,49 : 0.7256"
"49,36 : 0.7256"
"37,38 : 0.8422"
"38,37 : 0.8422"
"37,39 : 0.942"
"39,37 : 0.942"
"37,40 : 0.8748"
"40,37 : 0.8748"
"37,41 : 0.7355"
"41,37 : 0.7355"
"37,42 : 0.6297"
"42,37 : 0.6297"
"37,43 : 0.6798"
"43,37 : 0.6798"
"37,44 : 0.1237"
"44,37 : 0.1237"
"37,45 : 0.7779"
"45,37 : 0.7779"
"37,46 : 0.8106"
"46,37 : 0.8106"
"37,47 : 0.4925"
"47,37 : 0.4925"
"37,48 : 0.5675"
"48,37 : 0.5675"
"37,49 : 0.7295"
"49,37 : 0.7295"
"38,39 : 0.13"
"39,38 : 0.13"
"38,40 : 0.8322"
"40,38 : 0.8322"
"38,41 : 0.5536"
"41,38 : 0.5536"
"38,42 : 0.68"
"42,38 : 0.68"
"38,43 : 0.3225"
"43,38 : 0.3225"
"38,44 : 0.9161"
"44,38 : 0.9161"
"38,45 : 0.3511"
"45,38 : 0.3511"
"38,46 : 0.6369"
"46,38 : 0.6369"
"38,47 : 0.536"
"47,38 : 0.536"
"38,48 : 0.4804"
"48,38 : 0.4804"
"38,49 : 0.2209"
"49,38 : 0.2209"
"39,40 : 0.9551"
"40,39 : 0.9551"
"39,41 : 0.6791"
"41,39 : 0.6791"
"39,42 : 0.6923"
"42,39 : 0.6923"
"39,43 : 0.4518"
"43,39 : 0.4518"
"39,44 : 1.024"
"44,39 : 1.024"
"39,45 : 0.3302"
"45,39 : 0.3302"
"39,46 : 0.7589"
"46,39 : 0.7589"
"39,47 : 0.5814"
"47,39 : 0.5814"
"39,48 : 0.6103"
"48,39 : 0.6103"
"39,49 : 0.246"
"49,39 : 0.246"
"40,41 : 0.2818"
"41,40 : 0.2818"
"40,42 : 1.2447"
"42,40 : 1.2447"
"40,43 : 0.5235"
"43,40 : 0.5235"
"40,44 : 0.831"
"44,40 : 0.831"
"40,45 : 1.0929"
"45,40 : 1.0929"
"40,46 : 0.1965"
"46,40 : 0.1965"
"40,47 : 1.0386"
"47,40 : 1.0386"
"40,48 : 0.4314"
"48,40 : 0.4314"
"40,49 : 0.9487"
"49,40 : 0.9487"
"41,42 : 0.9932"
"42,41 : 0.9932"
"41,43 : 0.2419"
"43,41 : 0.2419"
"41,44 : 0.7308"
"44,41 : 0.7308"
"41,45 : 0.814"
"45,41 : 0.814"
"41,46 : 0.1"
"46,41 : 0.1"
"41,47 : 0.7889"
"47,41 : 0.7889"
"41,48 : 0.1868"
"48,41 : 0.1868"
"41,49 : 0.6685"
"49,41 : 0.6685"
"42,43 : 0.7879"
"43,42 : 0.7879"
"42,44 : 0.7531"
"44,42 : 0.7531"
"42,45 : 0.37"
"45,42 : 0.37"
"42,46 : 1.0929"
"46,42 : 1.0929"
"42,47 : 0.2062"
"47,42 : 0.2062"
"42,48 : 0.8161"
"48,42 : 0.8161"
"42,49 : 0.4604"
"49,42 : 0.4604"
"43,44 : 0.7161"
"44,43 : 0.7161"
"43,45 : 0.5749"
"45,43 : 0.5749"
