x,y
290,819
505,228
523,621
395,33
542,591
863,318
383,973
118,628
211,13
607,96
941,190
31,256
351,394
54,640
4,713
238,335
43,459
180,19
431,203
55,712
879,551
582,627
615,116
524,426
655,864
393,365
37,308
794,219
643,558
990,509
725,30
40,200
280,692
900,833
478,782
805,669
762,325
557,503
869,125
110,848
629,914
357,508
567,113
541,542
427,858
97,962
397,121
535,331
684,244
268,835

Distanze
"0,0 : 0.0"
"0,1 : 269.95"
"0,2 : 532.37"
"0,3 : 393.11"
"0,4 : 285.33"
"0,5 : 321.6"
"0,6 : 849.31"
"0,7 : 606.06"
"0,8 : 632.84"
"0,9 : 486.08"
"0,10 : 692.63"
"0,11 : 612.88"
"0,12 : 502.29"
"0,13 : 343.02"
"0,14 : 654.38"
"0,15 : 403.56"
"0,16 : 171.09"
"0,17 : 476.32"
"0,18 : 153.17"
"0,19 : 239.53"
"0,20 : 750.18"
"0,21 : 546.54"
"0,22 : 443.56"
"0,23 : 617.17"
"0,24 : 498.23"
"0,25 : 530.36"
"0,26 : 366.27"
"0,27 : 346.09"
"0,28 : 300.19"
"0,29 : 314.2"
"0,30 : 276.63"
"0,31 : 588.5"
"0,32 : 672.04"
"0,33 : 412.16"
"0,34 : 339.06"
"0,35 : 154.95"
"0,36 : 98.99"
"0,37 : 683.74"
"0,38 : 728.68"
"0,39 : 278.12"
"0,40 : 260.5"
"0,41 : 178.16"
"0,42 : 262.21"
"0,43 : 636.43"
"0,44 : 651.34"
"0,45 : 422.27"
"0,46 : 540.55"
"0,47 : 647.44"
"0,48 : 80.5"
"0,49 : 441.93"
"1,0 : 269.95"
"1,1 : 0.0"
"1,2 : 579.91"
"1,3 : 593.23"
"1,4 : 526.74"
"1,5 : 153.05"
"1,6 : 754.36"
"1,7 : 410.86"
"1,8 : 398.72"
"1,9 : 218.4"
"1,10 : 615.83"
"1,11 : 437.48"
"1,12 : 551.85"
"1,13 : 469.0"
"1,14 : 660.04"
"1,15 : 631.14"
"1,16 : 423.57"
"1,17 : 233.53"
"1,18 : 186.08"
"1,19 : 502.02"
"1,20 : 656.88"
"1,21 : 304.8"
"1,22 : 173.61"
"1,23 : 374.26"
"1,24 : 312.61"
"1,25 : 267.6"
"1,26 : 551.55"
"1,27 : 597.53"
"1,28 : 173.1"
"1,29 : 210.01"
"1,30 : 76.53"
"1,31 : 324.26"
"1,32 : 504.0"
"1,33 : 179.45"
"1,34 : 362.46"
"1,35 : 290.41"
"1,36 : 314.86"
"1,37 : 414.69"
"1,38 : 517.41"
"1,39 : 414.17"
"1,40 : 189.16"
"1,41 : 95.08"
"1,42 : 46.1"
"1,43 : 758.92"
"1,44 : 390.79"
"1,45 : 193.85"
"1,46 : 399.84"
"1,47 : 425.47"
"1,48 : 277.09"
"1,49 : 196.02"
"2,0 : 532.37"
"2,1 : 579.91"
"2,2 : 0.0"
"2,3 : 341.9"
"2,4 : 750.85"
"2,5 : 451.56"
"2,6 : 433.57"
"2,7 : 503.82"
"2,8 : 614.41"
"2,9 : 727.0"
"2,10 : 295.85"
"2,11 : 462.59"
"2,12 : 30.27"
"2,13 : 213.08"
"2,14 : 140.07"
"2,15 : 428.12"
"2,16 : 650.29"
"2,17 : 569.42"
"2,18 : 436.01"
"2,19 : 665.68"
"2,20 : 360.53"
"2,21 : 857.16"
"2,22 : 669.14"
"2,23 : 632.68"
"2,24 : 454.07"
"2,25 : 785.72"
"2,26 : 303.45"
"2,27 : 501.01"
"2,28 : 416.08"
"2,29 : 380.12"
"2,30 : 508.99"
"2,31 : 825.46"
"2,32 : 471.35"
"2,33 : 531.7"
"2,34 : 219.2"
"2,35 : 378.13"
"2,36 : 442.09"
"2,37 : 863.96"
"2,38 : 605.06"
"2,39 : 266.99"
"2,40 : 721.85"
"2,41 : 568.7"
"2,42 : 616.79"
"2,43 : 232.44"
"2,44 : 721.52"
"2,45 : 525.04"
"2,46 : 373.07"
"2,47 : 588.27"
"2,48 : 612.29"
"2,49 : 757.52"
"3,0 : 393.11"
"3,1 : 593.23"
"3,2 : 341.9"
"3,3 : 0.0"
"3,4 : 489.74"
"3,5 : 539.89"
"3,6 : 772.74"
"3,7 : 733.55"
"3,8 : 815.96"
"3,9 : 800.61"
"3,10 : 625.82"
"3,11 : 710.06"
"3,12 : 324.92"
"3,13 : 177.28"
"3,14 : 478.75"
"3,15 : 86.33"
"3,16 : 421.3"
"3,17 : 706.79"
"3,18 : 407.18"
"3,19 : 399.01"
"3,20 : 692.23"
"3,21 : 897.62"
"3,22 : 745.75"
"3,23 : 819.13"
"3,24 : 645.67"
"3,25 : 855.57"
"3,26 : 50.64"
"3,27 : 170.65"
"3,28 : 499.1"
"3,29 : 479.79"
"3,30 : 552.3"
"3,31 : 908.82"
"3,32 : 743.01"
"3,33 : 647.57"
"3,34 : 335.22"
"3,35 : 302.85"
"3,36 : 300.51"
"3,37 : 982.03"
"3,38 : 855.33"
"3,39 : 195.92"
"3,40 : 649.98"
"3,41 : 529.85"
"3,42 : 609.0"
"3,43 : 295.71"
"3,44 : 888.37"
"3,45 : 649.13"
"3,46 : 614.24"
"3,47 : 807.02"
"3,48 : 463.02"
"3,49 : 788.69"
"4,0 : 285.33"
"4,1 : 526.74"
"4,2 : 750.85"
"4,3 : 489.74"
"4,4 : 0.0"
"4,5 : 605.23"
"4,6 : 1116.52"
"4,7 : 891.14"
"4,8 : 912.43"
"4,9 : 724.02"
"4,10 : 958.14"
"4,11 : 898.09"
"4,12 : 723.06"
"4,13 : 538.79"
"4,14 : 886.19"
"4,15 : 446.01"
"4,16 : 115.12"
"4,17 : 751.47"
"4,18 : 438.15"
"4,19 : 90.8"
"4,20 : 1019.21"
"4,21 : 744.34"
"4,22 : 693.11"
"4,23 : 893.72"
"4,24 : 783.31"
"4,25 : 756.28"
"4,26 : 492.73"
"4,27 : 344.47"
"4,28 : 585.43"
"4,29 : 599.1"
"4,30 : 552.67"
"4,31 : 814.0"
"4,32 : 956.65"
"4,33 : 689.16"
"4,34 : 595.52"
"4,35 : 410.53"
"4,36 : 331.03"
"4,37 : 919.46"
"4,38 : 1013.03"
"4,39 : 484.88"
"4,40 : 422.53"
"4,41 : 432.46"
"4,42 : 502.76"
"4,43 : 782.74"
"4,44 : 917.51"
"4,45 : 700.59"
"4,46 : 823.88"
"4,47 : 929.9"
"4,48 : 250.05"
"4,49 : 655.75"
"5,0 : 321.6"
"5,1 : 153.05"
"5,2 : 451.56"
"5,3 : 539.89"
"5,4 : 605.23"
"5,5 : 0.0"
"5,6 : 602.46"
"5,7 : 287.78"
"5,8 : 313.96"
"5,9 : 279.82"
"5,10 : 462.77"
"5,11 : 302.83"
"5,12 : 425.85"
"5,13 : 385.59"
"5,14 : 516.62"
"5,15 : 595.76"
"5,16 : 492.28"
"5,17 : 171.27"
"5,18 : 176.26"
"5,19 : 559.58"
"5,20 : 504.45"
"5,21 : 405.73"
"5,22 : 221.6"
"5,23 : 303.03"
"5,24 : 180.83"
"5,25 : 338.51"
"5,26 : 492.17"
"5,27 : 587.77"
"5,28 : 41.4"
"5,29 : 72.2"
"5,30 : 78.0"
"5,31 : 384.1"
"5,32 : 367.07"
"5,33 : 108.5"
"5,34 : 246.6"
"5,35 : 259.92"
"5,36 : 319.03"
"5,37 : 444.66"
"5,38 : 407.87"
"5,39 : 345.23"
"5,40 : 337.76"
"5,41 : 202.63"
"5,42 : 198.66"
"5,43 : 652.15"
"5,44 : 355.35"
"5,45 : 112.59"
"5,46 : 251.33"
"5,47 : 325.96"
"5,48 : 362.93"
"5,49 : 306.76"
"6,0 : 849.31"
"6,1 : 754.36"
"6,2 : 433.57"
"6,3 : 772.74"
"6,4 : 1116.52"
"6,5 : 602.46"
"6,6 : 0.0"
"6,7 : 410.31"
"6,8 : 519.05"
"6,9 : 784.86"
"6,10 : 158.49"
"6,11 : 359.01"
"6,12 : 447.93"
"6,13 : 619.12"
"6,14 : 311.27"
"6,15 : 859.02"
"6,16 : 1004.35"
"6,17 : 597.55"
"6,18 : 706.1"
"6,19 : 1042.18"
"6,20 : 99.86"
"6,21 : 924.88"
"6,22 : 740.78"
"6,23 : 556.55"
"6,24 : 462.33"
"6,25 : 832.78"
"6,26 : 730.46"
"6,27 : 922.83"
"6,28 : 593.45"
"6,29 : 562.49"
"6,30 : 680.46"
"6,31 : 845.26"
"6,32 : 303.8"
"6,33 : 607.08"
"6,34 : 521.35"
"6,35 : 706.59"
"6,36 : 785.62"
"6,37 : 826.97"
"6,38 : 415.65"
"6,39 : 651.34"
"6,40 : 940.04"
"6,41 : 797.01"
"6,42 : 800.38"
"6,43 : 612.55"
"6,44 : 647.12"
"6,45 : 592.69"
"6,46 : 357.41"
"6,47 : 472.0"
"6,48 : 918.02"
"6,49 : 859.16"
"7,0 : 606.06"
"7,1 : 410.86"
"7,2 : 503.82"
"7,3 : 733.55"
"7,4 : 891.14"
"7,5 : 287.78"
"7,6 : 410.31"
"7,7 : 0.0"
"7,8 : 120.74"
"7,9 : 381.15"
"7,10 : 329.59"
"7,11 : 54.08"
"7,12 : 491.96"
"7,13 : 557.16"
"7,14 : 488.06"
"7,15 : 806.87"
"7,16 : 777.15"
"7,17 : 201.04"
"7,18 : 454.77"
"7,19 : 840.26"
"7,20 : 333.43"
"7,21 : 518.45"
"7,22 : 344.14"
"7,23 : 152.28"
"7,24 : 107.84"
"7,25 : 425.19"
"7,26 : 682.92"
"7,27 : 825.7"
"7,28 : 305.94"
"7,29 : 297.12"
"7,30 : 353.28"
"7,31 : 435.03"
"7,32 : 109.33"
"7,33 : 234.1"
"7,34 : 398.41"
"7,35 : 514.02"
"7,36 : 586.51"
"7,37 : 422.13"
"7,38 : 126.44"
"7,39 : 545.83"
"7,40 : 597.65"
"7,41 : 484.49"
"7,42 : 454.46"
"7,43 : 736.1"
"7,44 : 247.25"
"7,45 : 218.96"
"7,46 : 130.86"
"7,47 : 85.15"
"7,48 : 650.71"
"7,49 : 464.28"
"8,0 : 632.84"
"8,1 : 398.72"
"8,2 : 614.41"
"8,3 : 815.96"
"8,4 : 912.43"
"8,5 : 313.96"
"8,6 : 519.05"
"8,7 : 120.74"
"8,8 : 0.0"
"8,9 : 306.07"
"8,10 : 449.5"
"8,11 : 174.0"
"8,12 : 600.01"
"8,13 : 643.23"
"8,14 : 607.28"
"8,15 : 883.7"
"8,16 : 801.81"
"8,17 : 165.22"
"8,18 : 490.2"
"8,19 : 872.07"
"8,20 : 449.14"
"8,21 : 432.6"
"8,22 : 284.4"
"8,23 : 39.81"
"8,24 : 171.13"
"8,25 : 339.1"
"8,26 : 765.59"
"8,27 : 890.68"
"8,28 : 344.47"
"8,29 : 348.52"
"8,30 : 359.87"
"8,31 : 337.03"
"8,32 : 215.96"
"8,33 : 223.79"
"8,34 : 483.52"
"8,35 : 567.0"
"8,36 : 631.75"
"8,37 : 307.92"
"8,38 : 136.85"
"8,39 : 622.38"
"8,40 : 572.64"
"8,41 : 485.85"
"8,42 : 436.41"
"8,43 : 845.37"
"8,44 : 128.84"
"8,45 : 211.87"
"8,46 : 244.0"
"8,47 : 48.04"
"8,48 : 664.27"
"8,49 : 399.14"
"9,0 : 486.08"
"9,1 : 218.4"
"9,2 : 727.0"
"9,3 : 800.61"
"9,4 : 724.02"
"9,5 : 279.82"
"9,6 : 784.86"
"9,7 : 381.15"
"9,8 : 306.07"
"9,9 : 0.0"
"9,10 : 675.78"
"9,11 : 427.96"
"9,12 : 702.66"
"9,13 : 659.73"
"9,14 : 775.4"
"9,15 : 844.65"
"9,16 : 629.5"
"9,17 : 188.01"
"9,18 : 397.02"
"9,19 : 710.86"
"9,20 : 698.12"
"9,21 : 141.23"
"9,22 : 58.25"
"9,23 : 268.22"
"9,24 : 327.34"
"9,25 : 58.83"
"9,26 : 756.05"
"9,27 : 815.36"
"9,28 : 319.7"
"9,29 : 351.78"
"9,30 : 248.48"
"9,31 : 108.23"
"9,32 : 490.31"
"9,33 : 199.22"
"9,34 : 526.42"
"9,35 : 500.68"
"9,36 : 532.48"
"9,37 : 198.12"
"9,38 : 442.88"
"9,39 : 612.41"
"9,40 : 318.22"
"9,41 : 308.02"
"9,42 : 225.89"
"9,43 : 931.97"
"9,44 : 231.92"
"9,45 : 209.35"
"9,46 : 439.03"
"9,47 : 349.85"
"9,48 : 481.02"
"9,49 : 96.94"
"10,0 : 692.63"
"10,1 : 615.83"
"10,2 : 295.85"
"10,3 : 625.82"
"10,4 : 958.14"
"10,5 : 462.77"
"10,6 : 158.49"
"10,7 : 329.59"
"10,8 : 449.5"
"10,9 : 675.78"
"10,10 : 0.0"
"10,11 : 275.68"
"10,12 : 304.59"
"10,13 : 465.55"
"10,14 : 202.07"
"10,15 : 711.58"
"10,16 : 846.17"
"10,17 : 488.67"
"10,18 : 551.94"
"10,19 : 883.7"
"10,20 : 66.48"
"10,21 : 816.99"
"10,22 : 626.2"
"10,23 : 481.77"
"10,24 : 348.66"
"10,25 : 728.41"
"10,26 : 581.34"
"10,27 : 770.16"
"10,28 : 448.48"
"10,29 : 415.22"
"10,30 : 540.11"
"10,31 : 749.63"
"10,32 : 244.62"
"10,33 : 485.2"
"10,34 : 362.86"
"10,35 : 548.45"
"10,36 : 627.32"
"10,37 : 749.81"
"10,38 : 382.28"
"10,39 : 494.52"
"10,40 : 797.24"
"10,41 : 650.0"
"10,42 : 661.3"
"10,43 : 502.73"
"10,44 : 576.84"
"10,45 : 472.04"
"10,46 : 236.76"
"10,47 : 407.75"
"10,48 : 762.76"
"10,49 : 740.33"
"11,0 : 612.88"
"11,1 : 437.48"
"11,2 : 462.59"
"11,3 : 710.06"
"11,4 : 898.09"
"11,5 : 302.83"
"11,6 : 359.01"
"11,7 : 54.08"
"11,8 : 174.0"
"11,9 : 427.96"
"11,10 : 275.68"
"11,11 : 0.0"
"11,12 : 452.87"
"11,13 : 532.82"
"11,14 : 438.44"
"11,15 : 786.18"
"11,16 : 783.3"
"11,17 : 243.3"
"11,18 : 459.94"
"11,19 : 842.64"
"11,20 : 279.87"
"11,21 : 566.87"
"11,22 : 387.59"
"11,23 : 206.34"
"11,24 : 124.96"
"11,25 : 474.22"
"11,26 : 659.61"
"11,27 : 811.46"
"11,28 : 314.25"
"11,29 : 299.19"
"11,30 : 374.11"
"11,31 : 486.54"
"11,32 : 66.89"
"11,33 : 266.72"
"11,34 : 377.0"
"11,35 : 509.22"
"11,36 : 584.64"
"11,37 : 476.09"
"11,38 : 146.54"
"11,39 : 527.42"
"11,40 : 626.21"
"11,41 : 504.28"
"11,42 : 482.4"
"11,43 : 694.97"
"11,44 : 301.23"
"11,45 : 251.48"
"11,46 : 96.18"
"11,47 : 134.63"
"11,48 : 663.01"
"11,49 : 507.56"
"12,0 : 502.29"
"12,1 : 551.85"
"12,2 : 30.27"
"12,3 : 324.92"
"12,4 : 723.06"
"12,5 : 425.85"
"12,6 : 447.93"
"12,7 : 491.96"
"12,8 : 600.01"
"12,9 : 702.66"
"12,10 : 304.59"
"12,11 : 452.87"
"12,12 : 0.0"
"12,13 : 186.81"
"12,14 : 164.66"
"12,15 : 411.24"
"12,16 : 621.63"
"12,17 : 548.39"
"12,18 : 406.06"
"12,19 : 638.49"
"12,20 : 370.36"
"12,21 : 831.58"
"12,22 : 644.64"
"12,23 : 616.75"
"12,24 : 436.9"
"12,25 : 761.45"
"12,26 : 284.04"
"12,27 : 480.16"
"12,28 : 389.62"
"12,29 : 354.05"
"12,30 : 481.61"
"12,31 : 802.19"
"12,32 : 465.8"
"12,33 : 508.66"
"12,34 : 190.25"
"12,35 : 347.96"
"12,36 : 412.42"
"12,37 : 843.26"
"12,38 : 597.01"
"12,39 : 238.55"
"12,40 : 692.1"
"12,41 : 539.14"
"12,42 : 588.22"
"12,43 : 245.42"
"12,44 : 704.23"
"12,45 : 502.54"
"12,46 : 361.13"
"12,47 : 575.73"
"12,48 : 582.16"
"12,49 : 731.1"
"13,0 : 343.02"
"13,1 : 469.0"
"13,2 : 213.08"
"13,3 : 177.28"
"13,4 : 538.79"
"13,5 : 385.59"
"13,6 : 619.12"
"13,7 : 557.16"
"13,8 : 643.23"
"13,9 : 659.73"
"13,10 : 465.55"
"13,11 : 532.82"
"13,12 : 186.81"
"13,13 : 0.0"
"13,14 : 351.46"
"13,15 : 256.43"
"13,16 : 441.41"
"13,17 : 544.85"
"13,18 : 290.72"
"13,19 : 452.83"
"13,20 : 531.79"
"13,21 : 770.93"
"13,22 : 602.54"
"13,23 : 648.83"
"13,24 : 472.23"
"13,25 : 717.15"
"13,26 : 127.02"
"13,27 : 304.66"
"13,28 : 344.21"
"13,29 : 318.96"
"13,30 : 414.02"
"13,31 : 766.69"
"13,32 : 566.15"
"13,33 : 489.58"
"13,34 : 159.89"
"13,35 : 201.1"
"13,36 : 245.66"
"13,37 : 830.02"
"13,38 : 678.27"
"13,39 : 65.12"
"13,40 : 569.36"
"13,41 : 427.01"
"13,42 : 494.78"
"13,43 : 299.6"
"13,44 : 722.7"
"13,45 : 489.03"
"13,46 : 436.96"
"13,47 : 632.06"
"13,48 : 423.2"
"13,49 : 663.41"
"14,0 : 654.38"
"14,1 : 660.04"
"14,2 : 140.07"
"14,3 : 478.75"
"14,4 : 886.19"
"14,5 : 516.62"
"14,6 : 311.27"
"14,7 : 488.06"
"14,8 : 607.28"
"14,9 : 775.4"
"14,10 : 202.07"
"14,11 : 438.44"
"14,12 : 164.66"
"14,13 : 351.46"
"14,14 : 0.0"
"14,15 : 564.45"
"14,16 : 782.79"
"14,17 : 600.37"
"14,18 : 541.13"
"14,19 : 802.46"
"14,20 : 256.98"
"14,21 : 912.63"
"14,22 : 719.71"
"14,23 : 633.0"
"14,24 : 468.16"
"14,25 : 832.68"
"14,26 : 442.41"
"14,27 : 640.47"
"14,28 : 487.9"
"14,29 : 450.69"
"14,30 : 584.81"
"14,31 : 865.01"
"14,32 : 427.0"
"14,33 : 576.18"
"14,34 : 320.95"
"14,35 : 499.56"
"14,36 : 569.45"
"14,37 : 886.61"
"14,38 : 566.85"
"14,39 : 401.33"
"14,40 : 819.74"
"14,41 : 665.53"
"14,42 : 701.23"
"14,43 : 304.59"
"14,44 : 727.01"
"14,45 : 566.41"
"14,46 : 365.95"
"14,47 : 572.47"
"14,48 : 732.73"
"14,49 : 820.8"
"15,0 : 403.56"
"15,1 : 631.14"
"15,2 : 428.12"
"15,3 : 86.33"
"15,4 : 446.01"
"15,5 : 595.76"
"15,6 : 859.02"
"15,7 : 806.87"
"15,8 : 883.7"
"15,9 : 844.65"
"15,10 : 711.58"
"15,11 : 786.18"
"15,12 : 411.24"
"15,13 : 256.43"
"15,14 : 564.45"
"15,15 : 0.0"
"15,16 : 395.34"
"15,17 : 765.66"
"15,18 : 447.64"
"15,19 : 357.31"
"15,20 : 778.02"
"15,21 : 932.2"
"15,22 : 791.84"
"15,23 : 884.3"
"15,24 : 714.99"
"15,25 : 897.55"
"15,26 : 131.24"
"15,27 : 104.14"
"15,28 : 556.1"
"15,29 : 540.8"
"15,30 : 598.73"
"15,31 : 952.62"
"15,32 : 821.97"
"15,33 : 704.25"
"15,34 : 409.31"
"15,35 : 344.33"
"15,36 : 322.01"
"15,37 : 1031.83"
"15,38 : 930.29"
"15,39 : 261.77"
"15,40 : 664.05"
"15,41 : 558.61"
"15,42 : 641.26"
"15,43 : 361.71"
"15,44 : 949.01"
"15,45 : 707.25"
"15,46 : 691.0"
"15,47 : 877.66"
"15,48 : 464.09"
"15,49 : 823.73"
"16,0 : 171.09"
"16,1 : 423.57"
"16,2 : 650.29"
"16,3 : 421.3"
"16,4 : 115.12"
"16,5 : 492.28"
"16,6 : 1004.35"
"16,7 : 777.15"
"16,8 : 801.81"
"16,9 : 629.5"
"16,10 : 846.17"
"16,11 : 783.3"
"16,12 : 621.63"
"16,13 : 441.41"
"16,14 : 782.79"
"16,15 : 395.34"
"16,16 : 0.0"
"16,17 : 642.7"
"16,18 : 323.37"
"16,19 : 83.49"
"16,20 : 906.51"
"16,21 : 664.86"
"16,22 : 594.05"
"16,23 : 784.54"
"16,24 : 669.32"
"16,25 : 666.48"
"16,26 : 414.4"
"16,27 : 304.55"
"16,28 : 471.24"
"16,29 : 484.2"
"16,30 : 442.98"
"16,31 : 724.84"
"16,32 : 841.61"
"16,33 : 579.47"
"16,34 : 484.41"
"16,35 : 297.76"
"16,36 : 219.1"
"16,37 : 827.02"
"16,38 : 899.69"
"16,39 : 383.33"
"16,40 : 346.78"
"16,41 : 328.49"
"16,42 : 404.49"
"16,43 : 704.79"
"16,44 : 812.89"
"16,45 : 590.34"
"16,46 : 708.75"
"16,47 : 817.77"
"16,48 : 148.49"
"16,49 : 569.23"
"17,0 : 476.32"
"17,1 : 233.53"
"17,2 : 569.42"
"17,3 : 706.79"
"17,4 : 751.47"
"17,5 : 171.27"
"17,6 : 597.55"
"17,7 : 201.04"
"17,8 : 165.22"
"17,9 : 188.01"
"17,10 : 488.67"
"17,11 : 243.3"
"17,12 : 548.39"
"17,13 : 544.85"
"17,14 : 600.37"
"17,15 : 765.66"
"17,16 : 642.7"
"17,17 : 0.0"
"17,18 : 342.42"
"17,19 : 715.74"
"17,20 : 510.12"
"17,21 : 329.05"
"17,22 : 144.31"
"17,23 : 142.34"
"17,24 : 140.04"
"17,25 : 239.76"
"17,26 : 658.02"
"17,27 : 758.97"
"17,28 : 209.69"
"17,29 : 227.19"
"17,30 : 199.91"
"17,31 : 265.32"
"17,32 : 308.01"
"17,33 : 65.01"
"17,34 : 392.8"
"17,35 : 431.07"
"17,36 : 487.19"
"17,37 : 294.92"
"17,38 : 289.21"
"17,39 : 510.97"
"17,40 : 409.79"
"17,41 : 321.86"
"17,42 : 271.53"
"17,43 : 788.56"
"17,44 : 184.09"
"17,45 : 58.69"
"17,46 : 252.04"
"17,47 : 194.83"
"17,48 : 502.09"
"17,49 : 264.28"
"18,0 : 153.17"
"18,1 : 186.08"
"18,2 : 436.01"
"18,3 : 407.18"
"18,4 : 438.15"
"18,5 : 176.26"
"18,6 : 706.1"
"18,7 : 454.77"
"18,8 : 490.2"
"18,9 : 397.02"
"18,10 : 551.94"
"18,11 : 459.94"
"18,12 : 406.06"
"18,13 : 290.72"
"18,14 : 541.13"
"18,15 : 447.64"
"18,16 : 323.37"
"18,17 : 342.42"
"18,18 : 0.0"
"18,19 : 385.8"
"18,20 : 606.35"
"18,21 : 490.73"
"18,22 : 344.82"
"18,23 : 478.65"
"18,24 : 347.14"
"18,25 : 450.18"
"18,26 : 365.66"
"18,27 : 423.43"
"18,28 : 149.26"
"18,29 : 161.04"
"18,30 : 153.71"
"18,31 : 504.98"
"18,32 : 518.87"
"18,33 : 277.46"
"18,34 : 220.78"
"18,35 : 104.48"
"18,36 : 145.0"
"18,37 : 586.37"
"18,38 : 578.71"
"18,39 : 231.72"
"18,40 : 286.79"
"18,41 : 137.27"
"18,42 : 205.55"
"18,43 : 587.9"
"18,44 : 524.44"
"18,45 : 285.02"
"18,46 : 387.8"
"18,47 : 500.69"
"18,48 : 212.7"
"18,49 : 381.84"
"19,0 : 239.53"
"19,1 : 502.02"
"19,2 : 665.68"
"19,3 : 399.01"
"19,4 : 90.8"
"19,5 : 559.58"
"19,6 : 1042.18"
"19,7 : 840.26"
"19,8 : 872.07"
"19,9 : 710.86"
"19,10 : 883.7"
"19,11 : 842.64"
"19,12 : 638.49"
"19,13 : 452.83"
"19,14 : 802.46"
"19,15 : 357.31"
"19,16 : 83.49"
"19,17 : 715.74"
"19,18 : 385.8"
"19,19 : 0.0"
"19,20 : 946.14"
"19,21 : 748.31"
"19,22 : 673.91"
"19,23 : 856.71"
"19,24 : 732.81"
"19,25 : 748.9"
"19,26 : 402.2"
"19,27 : 257.53"
"19,28 : 535.06"
"19,29 : 544.1"
"19,30 : 515.91"
"19,31 : 807.31"
"19,32 : 898.47"
"19,33 : 651.68"
"19,34 : 521.07"
"19,35 : 341.42"
"19,36 : 261.93"
"19,37 : 908.69"
"19,38 : 964.5"
"19,39 : 401.62"
"19,40 : 430.08"
"19,41 : 407.1"
"19,42 : 485.28"
"19,43 : 691.99"
"19,44 : 889.16"
"19,45 : 661.79"
"19,46 : 763.55"
"19,47 : 885.48"
"19,48 : 230.33"
"19,49 : 652.25"
"20,0 : 750.18"
"20,1 : 656.88"
"20,2 : 360.53"
"20,3 : 692.23"
"20,4 : 1019.21"
"20,5 : 504.45"
"20,6 : 99.86"
"20,7 : 333.43"
"20,8 : 449.14"
"20,9 : 698.12"
"20,10 : 66.48"
"20,11 : 279.87"
"20,12 : 370.36"
"20,13 : 531.79"
"20,14 : 256.98"
"20,15 : 778.02"
"20,16 : 906.51"
"20,17 : 510.12"
"20,18 : 606.35"
"20,19 : 946.14"
"20,20 : 0.0"
"20,21 : 839.01"
"20,22 : 651.63"
"20,23 : 484.41"
"20,24 : 372.06"
"20,25 : 748.22"
"20,26 : 647.82"
"20,27 : 836.44"
"20,28 : 494.3"
"20,29 : 462.95"
"20,30 : 582.41"
"20,31 : 764.69"
"20,32 : 234.72"
"20,33 : 514.64"
"20,34 : 425.09"
"20,35 : 608.84"
"20,36 : 688.18"
"20,37 : 755.26"
"20,38 : 363.69"
"20,39 : 559.68"
"20,40 : 841.62"
"20,41 : 697.65"
"20,42 : 702.81"
"20,43 : 561.01"
"20,44 : 577.96"
"20,45 : 500.64"
"20,46 : 263.53"
"20,47 : 404.21"
"20,48 : 818.4"
"20,49 : 768.6"
"21,0 : 546.54"
"21,1 : 304.8"
"21,2 : 857.16"
"21,3 : 897.62"
"21,4 : 744.34"
"21,5 : 405.73"
"21,6 : 924.88"
"21,7 : 518.45"
"21,8 : 432.6"
"21,9 : 141.23"
"21,10 : 816.99"
"21,11 : 566.87"
"21,12 : 831.58"
"21,13 : 770.93"
"21,14 : 912.63"
"21,15 : 932.2"
"21,16 : 664.86"
"21,17 : 329.05"
"21,18 : 490.73"
"21,19 : 748.31"
"21,20 : 839.01"
"21,21 : 0.0"
"21,22 : 193.4"
"21,23 : 393.12"
"21,24 : 468.56"
"21,25 : 93.86"
"21,26 : 856.33"
"21,27 : 889.91"
"21,28 : 442.83"
"21,29 : 477.64"
"21,30 : 358.1"
"21,31 : 111.73"
"21,32 : 627.78"
"21,33 : 337.55"
"21,34 : 649.33"
"21,35 : 594.8"
"21,36 : 611.42"
"21,37 : 214.95"
"21,38 : 568.35"
"21,39 : 718.16"
"21,40 : 321.83"
"21,41 : 374.8"
"21,42 : 291.02"
"21,43 : 1053.76"
"21,44 : 334.25"
"21,45 : 348.74"
"21,46 : 580.25"
"21,47 : 478.92"
"21,48 : 520.95"
"21,49 : 108.93"
"22,0 : 443.56"
"22,1 : 173.61"
"22,2 : 669.14"
"22,3 : 745.75"
"22,4 : 693.11"
"22,5 : 221.6"
"22,6 : 740.78"
"22,7 : 344.14"
"22,8 : 284.4"
"22,9 : 58.25"
"22,10 : 626.2"
"22,11 : 387.59"
"22,12 : 644.64"
"22,13 : 602.54"
"22,14 : 719.71"
"22,15 : 791.84"
"22,16 : 594.05"
"22,17 : 144.31"
"22,18 : 344.82"
"22,19 : 673.91"
"22,20 : 651.63"
"22,21 : 193.4"
"22,22 : 0.0"
"22,23 : 249.73"
"22,24 : 279.58"
"22,25 : 117.05"
"22,26 : 700.6"
"22,27 : 766.02"
"22,28 : 261.6"
"22,29 : 293.53"
"22,30 : 193.6"
"22,31 : 164.2"
"22,32 : 452.01"
"22,33 : 144.16"
"22,34 : 468.21"
"22,35 : 447.52"
"22,36 : 483.4"
"22,37 : 242.64"
"22,38 : 419.2"
"22,39 : 556.2"
"22,40 : 303.33"
"22,41 : 267.27"
"22,42 : 190.38"
"22,43 : 873.73"
"22,44 : 234.96"
"22,45 : 155.56"
"22,46 : 390.01"
"22,47 : 324.23"
"22,48 : 446.02"
"22,49 : 120.17"
"23,0 : 617.17"
"23,1 : 374.26"
"23,2 : 632.68"
"23,3 : 819.13"
"23,4 : 893.72"
"23,5 : 303.03"
"23,6 : 556.55"
"23,7 : 152.28"
"23,8 : 39.81"
"23,9 : 268.22"
"23,10 : 481.77"
"23,11 : 206.34"
"23,12 : 616.75"
"23,13 : 648.83"
"23,14 : 633.0"
"23,15 : 884.3"
"23,16 : 784.54"
"23,17 : 142.34"
"23,18 : 478.65"
"23,19 : 856.71"
"23,20 : 484.41"
"23,21 : 393.12"
"23,22 : 249.73"
"23,23 : 0.0"
"23,24 : 181.16"
"23,25 : 299.75"
"23,26 : 769.08"
"23,27 : 886.6"
"23,28 : 336.66"
"23,29 : 344.91"
"23,30 : 341.56"
"23,31 : 297.24"
"23,32 : 252.87"
"23,33 : 205.14"
"23,34 : 490.04"
"23,35 : 560.5"
"23,36 : 622.05"
"23,37 : 271.06"
"23,38 : 175.56"
"23,39 : 624.17"
"23,40 : 543.15"
"23,41 : 464.01"
"23,42 : 409.83"
"23,43 : 862.07"
"23,44 : 95.26"
"23,45 : 195.02"
"23,46 : 267.37"
"23,47 : 87.57"
"23,48 : 644.43"
"23,49 : 362.35"
"24,0 : 498.23"
"24,1 : 312.61"
"24,2 : 454.07"
"24,3 : 645.67"
"24,4 : 783.31"
"24,5 : 180.83"
"24,6 : 462.33"
"24,7 : 107.84"
"24,8 : 171.13"
"24,9 : 327.34"
"24,10 : 348.66"
"24,11 : 124.96"
"24,12 : 436.9"
"24,13 : 472.23"
"24,14 : 468.16"
"24,15 : 714.99"
"24,16 : 669.32"
"24,17 : 140.04"
"24,18 : 347.14"
"24,19 : 732.81"
"24,20 : 372.06"
"24,21 : 468.56"
"24,22 : 279.58"
"24,23 : 181.16"
"24,24 : 0.0"
"24,25 : 379.8"
"24,26 : 595.19"
"24,27 : 727.08"
"24,28 : 198.15"
"24,29 : 191.02"
"24,30 : 249.66"
"24,31 : 403.37"
"24,32 : 191.4"
"24,33 : 146.11"
"24,34 : 312.44"
"24,35 : 409.84"
"24,36 : 480.61"
"24,37 : 418.5"
"24,38 : 232.0"
"24,39 : 453.25"
"24,40 : 501.5"
"24,41 : 380.35"
"24,42 : 357.69"
"24,43 : 681.87"
"24,44 : 267.47"
"24,45 : 131.24"
"24,46 : 112.01"
"24,47 : 163.31"
"24,48 : 543.49"
"24,49 : 396.97"
"25,0 : 530.36"
"25,1 : 267.6"
"25,2 : 785.72"
"25,3 : 855.57"
"25,4 : 756.28"
"25,5 : 338.51"
"25,6 : 832.78"
"25,7 : 425.19"
"25,8 : 339.1"
"25,9 : 58.83"
"25,10 : 728.41"
"25,11 : 474.22"
"25,12 : 761.45"
"25,13 : 717.15"
"25,14 : 832.68"
"25,15 : 897.55"
"25,16 : 666.48"
"25,17 : 239.76"
"25,18 : 450.18"
"25,19 : 748.9"
"25,20 : 748.22"
"25,21 : 93.86"
"25,22 : 117.05"
"25,23 : 299.75"
"25,24 : 379.8"
"25,25 : 0.0"
"25,26 : 811.63"
"25,27 : 864.91"
"25,28 : 378.21"
"25,29 : 410.53"
"25,30 : 304.45"
"25,31 : 58.46"
"25,32 : 534.47"
"25,33 : 256.82"
"25,34 : 585.09"
"25,35 : 554.39"
"25,36 : 582.42"
"25,37 : 164.68"
"25,38 : 475.19"
"25,39 : 668.84"
"25,40 : 340.32"
"25,41 : 352.53"
"25,42 : 268.16"
"25,43 : 990.66"
"25,44 : 246.02"
"25,45 : 266.27"
"25,46 : 491.8"
"25,47 : 385.2"
"25,48 : 518.59"
"25,49 : 103.25"
"26,0 : 366.27"
"26,1 : 551.55"
"26,2 : 303.45"
"26,3 : 50.64"
"26,4 : 492.73"
"26,5 : 492.17"
"26,6 : 730.46"
"26,7 : 682.92"
"26,8 : 765.59"
"26,9 : 756.05"
"26,10 : 581.34"
"26,11 : 659.61"
"26,12 : 284.04"
"26,13 : 127.02"
"26,14 : 442.41"
"26,15 : 131.24"
"26,16 : 414.4"
"26,17 : 658.02"
"26,18 : 365.66"
"26,19 : 402.2"
"26,20 : 647.82"
"26,21 : 856.33"
"26,22 : 700.6"
"26,23 : 769.08"
"26,24 : 595.19"
"26,25 : 811.63"
"26,26 : 0.0"
"26,27 : 198.4"
"26,28 : 451.16"
"26,29 : 430.86"
"26,30 : 507.57"
"26,31 : 864.17"
"26,32 : 693.09"
"26,33 : 599.42"
"26,34 : 284.58"
"26,35 : 262.27"
"26,36 : 269.98"
"26,37 : 935.39"
"26,38 : 804.79"
"26,39 : 147.14"
"26,40 : 618.57"
"26,41 : 492.4"
"26,42 : 569.55"
"26,43 : 290.99"
"26,44 : 839.08"
"26,45 : 600.61"
"26,46 : 563.85"
"26,47 : 756.43"
"26,48 : 440.02"
"26,49 : 747.47"
"27,0 : 346.09"
"27,1 : 597.53"
"27,2 : 501.01"
"27,3 : 170.65"
"27,4 : 344.47"
"27,5 : 587.77"
"27,6 : 922.83"
"27,7 : 825.7"
"27,8 : 890.68"
"27,9 : 815.36"
"27,10 : 770.16"
"27,11 : 811.46"
"27,12 : 480.16"
"27,13 : 304.66"
"27,14 : 640.47"
"27,15 : 104.14"
"27,16 : 304.55"
"27,17 : 758.97"
"27,18 : 423.43"
"27,19 : 257.53"
"27,20 : 836.44"
"27,21 : 889.91"
"27,22 : 766.02"
"27,23 : 886.6"
"27,24 : 727.08"
"27,25 : 864.91"
"27,26 : 198.4"
"27,27 : 0.0"
"27,28 : 550.91"
"27,29 : 542.31"
"27,30 : 577.12"
"27,31 : 921.79"
"27,32 : 853.89"
"27,33 : 695.16"
"27,34 : 438.52"
"27,35 : 327.92"
"27,36 : 282.88"
"27,37 : 1008.51"
"27,38 : 951.48"
"27,39 : 287.22"
"27,40 : 602.56"
"27,41 : 515.7"
"27,42 : 600.47"
"27,43 : 462.1"
"27,44 : 942.96"
"27,45 : 700.33"
"27,46 : 718.99"
"27,47 : 890.25"
"27,48 : 394.47"
"27,49 : 783.23"
"28,0 : 300.19"
"28,1 : 173.1"
"28,2 : 416.08"
"28,3 : 499.1"
"28,4 : 585.43"
"28,5 : 41.4"
"28,6 : 593.45"
"28,7 : 305.94"
"28,8 : 344.47"
"28,9 : 319.7"
"28,10 : 448.48"
"28,11 : 314.25"
"28,12 : 389.62"
"28,13 : 344.21"
"28,14 : 487.9"
"28,15 : 556.1"
"28,16 : 471.24"
"28,17 : 209.69"
"28,18 : 149.26"
"28,19 : 535.06"
"28,20 : 494.3"
"28,21 : 442.83"
"28,22 : 261.6"
"28,23 : 336.66"
"28,24 : 198.15"
"28,25 : 378.21"
"28,26 : 451.16"
"28,27 : 550.91"
"28,28 : 0.0"
"28,29 : 37.22"
"28,30 : 97.05"
"28,31 : 424.73"
"28,32 : 375.83"
"28,33 : 148.56"
"28,34 : 207.18"
"28,35 : 223.9"
"28,36 : 287.47"
"28,37 : 486.05"
"28,38 : 429.46"
"28,39 : 304.13"
"28,40 : 348.8"
"28,41 : 203.79"
"28,42 : 216.45"
"28,43 : 612.73"
"28,44 : 393.54"
"28,45 : 151.16"
"28,46 : 251.38"
"28,47 : 352.24"
"28,48 : 349.01"
"28,49 : 341.49"
"29,0 : 314.2"
"29,1 : 210.01"
"29,2 : 380.12"
"29,3 : 479.79"
"29,4 : 599.1"
"29,5 : 72.2"
"29,6 : 562.49"
"29,7 : 297.12"
"29,8 : 348.52"
"29,9 : 351.78"
"29,10 : 415.22"
"29,11 : 299.19"
"29,12 : 354.05"
"29,13 : 318.96"
"29,14 : 450.69"
"29,15 : 540.8"
"29,16 : 484.2"
"29,17 : 227.19"
"29,18 : 161.04"
"29,19 : 544.1"
"29,20 : 462.95"
"29,21 : 477.64"
"29,22 : 293.53"
"29,23 : 344.91"
"29,24 : 191.02"
"29,25 : 410.53"
"29,26 : 430.86"
"29,27 : 542.31"
"29,28 : 37.22"
"29,29 : 0.0"
"29,30 : 134.18"
"29,31 : 455.3"
"29,32 : 357.87"
"29,33 : 170.65"
"29,34 : 174.92"
"29,35 : 219.66"
"29,36 : 289.62"
"29,37 : 511.8"
"29,38 : 422.74"
"29,39 : 283.89"
"29,40 : 382.96"
"29,41 : 234.96"
"29,42 : 252.87"
"29,43 : 580.24"
"29,44 : 408.83"
"29,45 : 170.31"
"29,46 : 228.22"
"29,47 : 351.2"
"29,48 : 369.14"
"29,49 : 377.46"
"30,0 : 276.63"
"30,1 : 76.53"
"30,2 : 508.99"
"30,3 : 552.3"
"30,4 : 552.67"
"30,5 : 78.0"
"30,6 : 680.46"
"30,7 : 353.28"
"30,8 : 359.87"
"30,9 : 248.48"
"30,10 : 540.11"
"30,11 : 374.11"
"30,12 : 481.61"
"30,13 : 414.02"
"30,14 : 584.81"
"30,15 : 598.73"
"30,16 : 442.98"
"30,17 : 199.91"
"30,18 : 153.71"
"30,19 : 515.91"
"30,20 : 582.41"
"30,21 : 358.1"
"30,22 : 193.6"
"30,23 : 341.56"
"30,24 : 249.66"
"30,25 : 304.45"
"30,26 : 507.57"
"30,27 : 577.12"
"30,28 : 97.05"
"30,29 : 134.18"
"30,30 : 0.0"
"30,31 : 356.62"
"30,32 : 439.66"
"30,33 : 136.56"
"30,34 : 294.26"
"30,35 : 254.49"
"30,36 : 296.89"
"30,37 : 433.38"
"30,38 : 467.52"
"30,39 : 364.41"
"30,40 : 259.86"
"30,41 : 131.21"
"30,42 : 121.28"
"30,43 : 696.35"
"30,44 : 376.11"
"30,45 : 148.0"
"30,46 : 328.45"
"30,47 : 379.76"
"30,48 : 304.56"
"30,49 : 252.54"
"31,0 : 588.5"
"31,1 : 324.26"
"31,2 : 825.46"
"31,3 : 908.82"
"31,4 : 814.0"
"31,5 : 384.1"
"31,6 : 845.26"
"31,7 : 435.03"
"31,8 : 337.03"
"31,9 : 108.23"
"31,10 : 749.63"
"31,11 : 486.54"
"31,12 : 802.19"
"31,13 : 766.69"
"31,14 : 865.01"
"31,15 : 952.62"
"31,16 : 724.84"
"31,17 : 265.32"
"31,18 : 504.98"
"31,19 : 807.31"
"31,20 : 764.69"
"31,21 : 111.73"
"31,22 : 164.2"
"31,23 : 297.24"
"31,24 : 403.37"
"31,25 : 58.46"
"31,26 : 864.17"
"31,27 : 921.79"
"31,28 : 424.73"
"31,29 : 455.3"
"31,30 : 356.62"
"31,31 : 0.0"
"31,32 : 543.13"
"31,33 : 293.78"
"31,34 : 630.21"
"31,35 : 608.8"
"31,36 : 639.07"
"31,37 : 110.6"
"31,38 : 469.59"
"31,39 : 720.23"
"31,40 : 396.36"
"31,41 : 410.53"
"31,42 : 326.38"
"31,43 : 1035.11"
"31,44 : 227.84"
"31,45 : 301.12"
"31,46 : 514.71"
"31,47 : 384.71"
"31,48 : 577.01"
"31,49 : 159.03"
"32,0 : 672.04"
"32,1 : 504.0"
"32,2 : 471.35"
"32,3 : 743.01"
"32,4 : 956.65"
"32,5 : 367.07"
"32,6 : 303.8"
"32,7 : 109.33"
"32,8 : 215.96"
"32,9 : 490.31"
"32,10 : 244.62"
"32,11 : 66.89"
"32,12 : 465.8"
"32,13 : 566.15"
"32,14 : 427.0"
"32,15 : 821.97"
"32,16 : 841.61"
"32,17 : 308.01"
"32,18 : 518.87"
"32,19 : 898.47"
"32,20 : 234.72"
"32,21 : 627.78"
"32,22 : 452.01"
"32,23 : 252.87"
"32,24 : 191.4"
"32,25 : 534.47"
"32,26 : 693.09"
"32,27 : 853.89"
"32,28 : 375.83"
"32,29 : 357.87"
"32,30 : 439.66"
"32,31 : 543.13"
"32,32 : 0.0"
"32,33 : 333.54"
"32,34 : 415.79"
"32,35 : 561.36"
"32,36 : 638.45"
"32,37 : 523.69"
"32,38 : 139.95"
"32,39 : 567.39"
"32,40 : 692.87"
"32,41 : 569.24"
"32,42 : 549.06"
"32,43 : 701.57"
"32,44 : 344.65"
"32,45 : 318.29"
"32,46 : 136.62"
"32,47 : 169.92"
"32,48 : 724.8"
"32,49 : 572.15"
"33,0 : 412.16"
"33,1 : 179.45"
"33,2 : 531.7"
"33,3 : 647.57"
"33,4 : 689.16"
"33,5 : 108.5"
"33,6 : 607.08"
"33,7 : 234.1"
"33,8 : 223.79"
"33,9 : 199.22"
"33,10 : 485.2"
"33,11 : 266.72"
"33,12 : 508.66"
"33,13 : 489.58"
"33,14 : 576.18"
"33,15 : 704.25"
"33,16 : 579.47"
"33,17 : 65.01"
"33,18 : 277.46"
"33,19 : 651.68"
"33,20 : 514.64"
"33,21 : 337.55"
"33,22 : 144.16"
"33,23 : 205.14"
"33,24 : 146.11"
"33,25 : 256.82"
"33,26 : 599.42"
"33,27 : 695.16"
"33,28 : 148.56"
"33,29 : 170.65"
"33,30 : 136.56"
"33,31 : 293.78"
"33,32 : 333.54"
"33,33 : 0.0"
"33,34 : 342.38"
"33,35 : 367.27"
"33,36 : 422.29"
"33,37 : 341.67"
"33,38 : 338.0"
"33,39 : 452.29"
"33,40 : 363.85"
"33,41 : 262.53"
"33,42 : 221.38"
"33,43 : 744.19"
"33,44 : 247.94"
"33,45 : 15.26"
"33,46 : 251.18"
"33,47 : 246.79"
"33,48 : 440.55"
"33,49 : 255.13"
"34,0 : 339.06"
"34,1 : 362.46"
"34,2 : 219.2"
"34,3 : 335.22"
"34,4 : 595.52"
"34,5 : 246.6"
"34,6 : 521.35"
"34,7 : 398.41"
"34,8 : 483.52"
"34,9 : 526.42"
"34,10 : 362.86"
"34,11 : 377.0"
"34,12 : 190.25"
"34,13 : 159.89"
"34,14 : 320.95"
"34,15 : 409.31"
"34,16 : 484.41"
"34,17 : 392.8"
"34,18 : 220.78"
"34,19 : 521.07"
"34,20 : 425.09"
"34,21 : 649.33"
"34,22 : 468.21"
"34,23 : 490.04"
"34,24 : 312.44"
"34,25 : 585.09"
"34,26 : 284.58"
"34,27 : 438.52"
"34,28 : 207.18"
"34,29 : 174.92"
"34,30 : 294.26"
"34,31 : 630.21"
"34,32 : 415.79"
"34,33 : 342.38"
"34,34 : 0.0"
"34,35 : 187.86"
"34,36 : 265.31"
"34,37 : 683.91"
"34,38 : 521.05"
"34,39 : 151.6"
"34,40 : 504.02"
"34,41 : 350.24"
"34,42 : 398.08"
"34,43 : 405.6"
"34,44 : 566.47"
"34,45 : 339.61"
"34,46 : 282.35"
"34,47 : 472.28"
"34,48 : 415.08"
"34,49 : 546.06"
"35,0 : 154.95"
"35,1 : 290.41"
"35,2 : 378.13"
"35,3 : 302.85"
"35,4 : 410.53"
"35,5 : 259.92"
"35,6 : 706.59"
"35,7 : 514.02"
"35,8 : 567.0"
"35,9 : 500.68"
"35,10 : 548.45"
"35,11 : 509.22"
"35,12 : 347.96"
"35,13 : 201.1"
"35,14 : 499.56"
"35,15 : 344.33"
"35,16 : 297.76"
"35,17 : 431.07"
"35,18 : 104.48"
"35,19 : 341.42"
"35,20 : 608.84"
"35,21 : 594.8"
"35,22 : 447.52"
"35,23 : 560.5"
"35,24 : 409.84"
"35,25 : 554.39"
"35,26 : 262.27"
"35,27 : 327.92"
"35,28 : 223.9"
"35,29 : 219.66"
"35,30 : 254.49"
"35,31 : 608.8"
"35,32 : 561.36"
"35,33 : 367.27"
"35,34 : 187.86"
"35,35 : 0.0"
"35,36 : 79.81"
"35,37 : 687.82"
"35,38 : 640.34"
"35,39 : 137.27"
"35,40 : 368.74"
"35,41 : 231.72"
"35,42 : 307.29"
"35,43 : 500.6"
"35,44 : 615.04"
"35,45 : 372.45"
"35,46 : 425.17"
"35,47 : 570.86"
"35,48 : 234.29"
"35,49 : 485.87"
"36,0 : 98.99"
"36,1 : 314.86"
"36,2 : 442.09"
"36,3 : 300.51"
"36,4 : 331.03"
"36,5 : 319.03"
"36,6 : 785.62"
"36,7 : 586.51"
"36,8 : 631.75"
"36,9 : 532.48"
"36,10 : 627.32"
"36,11 : 584.64"
"36,12 : 412.42"
"36,13 : 245.66"
"36,14 : 569.45"
"36,15 : 322.01"
"36,16 : 219.1"
"36,17 : 487.19"
"36,18 : 145.0"
"36,19 : 261.93"
"36,20 : 688.18"
"36,21 : 611.42"
"36,22 : 483.4"
"36,23 : 622.05"
"36,24 : 480.61"
"36,25 : 582.42"
"36,26 : 269.98"
"36,27 : 282.88"
"36,28 : 287.47"
"36,29 : 289.62"
"36,30 : 296.89"
"36,31 : 639.07"
"36,32 : 638.45"
"36,33 : 422.29"
"36,34 : 265.31"
"36,35 : 79.81"
"36,36 : 0.0"
"36,37 : 726.01"
"36,38 : 712.34"
"36,39 : 181.34"
"36,40 : 349.54"
"36,41 : 236.92"
"36,42 : 320.49"
"36,43 : 537.47"
"36,44 : 669.44"
"36,45 : 429.47"
"36,46 : 502.76"
"36,47 : 639.1"
"36,48 : 178.07"
"36,49 : 503.5"
"37,0 : 683.74"
"37,1 : 414.69"
"37,2 : 863.96"
"37,3 : 982.03"
"37,4 : 919.46"
"37,5 : 444.66"
"37,6 : 826.97"
"37,7 : 422.13"
"37,8 : 307.92"
"37,9 : 198.12"
"37,10 : 749.81"
"37,11 : 476.09"
"37,12 : 843.26"
"37,13 : 830.02"
"37,14 : 886.61"
"37,15 : 1031.83"
"37,16 : 827.02"
"37,17 : 294.92"
"37,18 : 586.37"
"37,19 : 908.69"
"37,20 : 755.26"
"37,21 : 214.95"
"37,22 : 242.64"
"37,23 : 271.06"
"37,24 : 418.5"
"37,25 : 164.68"
"37,26 : 935.39"
"37,27 : 1008.51"
"37,28 : 486.05"
"37,29 : 511.8"
"37,30 : 433.38"
"37,31 : 110.6"
"37,32 : 523.69"
"37,33 : 341.67"
"37,34 : 683.91"
"37,35 : 687.82"
"37,36 : 726.01"
"37,37 : 0.0"
"37,38 : 426.2"
"37,39 : 789.06"
"37,40 : 505.01"
"37,41 : 505.88"
"37,42 : 423.99"
"37,43 : 1083.18"
"37,44 : 180.54"
"37,45 : 344.48"
"37,46 : 523.79"
"37,47 : 355.12"
"37,48 : 678.61"
"37,49 : 267.8"
"38,0 : 728.68"
"38,1 : 517.41"
"38,2 : 605.06"
"38,3 : 855.33"
"38,4 : 1013.03"
"38,5 : 407.87"
"38,6 : 415.65"
"38,7 : 126.44"
"38,8 : 136.85"
"38,9 : 442.88"
"38,10 : 382.28"
"38,11 : 146.54"
"38,12 : 597.01"
"38,13 : 678.27"
"38,14 : 566.85"
"38,15 : 930.29"
"38,16 : 899.69"
"38,17 : 289.21"
"38,18 : 578.71"
"38,19 : 964.5"
"38,20 : 363.69"
"38,21 : 568.35"
"38,22 : 419.2"
"38,23 : 175.56"
"38,24 : 232.0"
"38,25 : 475.19"
"38,26 : 804.79"
"38,27 : 951.48"
"38,28 : 429.46"
"38,29 : 422.74"
"38,30 : 467.52"
"38,31 : 469.59"
"38,32 : 139.95"
"38,33 : 338.0"
"38,34 : 521.05"
"38,35 : 640.34"
"38,36 : 712.34"
"38,37 : 426.2"
"38,38 : 0.0"
"38,39 : 670.09"
"38,40 : 698.64"
"38,41 : 597.94"
"38,42 : 558.38"
"38,43 : 836.8"
"38,44 : 247.48"
"38,45 : 323.87"
"38,46 : 242.6"
"38,47 : 95.27"
"38,48 : 769.66"
"38,49 : 535.43"
"39,0 : 278.12"
"39,1 : 414.17"
"39,2 : 266.99"
"39,3 : 195.92"
"39,4 : 484.88"
"39,5 : 345.23"
"39,6 : 651.34"
"39,7 : 545.83"
"39,8 : 622.38"
"39,9 : 612.41"
"39,10 : 494.52"
"39,11 : 527.42"
"39,12 : 238.55"
"39,13 : 65.12"
"39,14 : 401.33"
"39,15 : 261.77"
"39,16 : 383.33"
"39,17 : 510.97"
"39,18 : 231.72"
"39,19 : 401.62"
"39,20 : 559.68"
"39,21 : 718.16"
"39,22 : 556.2"
"39,23 : 624.17"
"39,24 : 453.25"
"39,25 : 668.84"
"39,26 : 147.14"
"39,27 : 287.22"
"39,28 : 304.13"
"39,29 : 283.89"
"39,30 : 364.41"
"39,31 : 720.23"
"39,32 : 567.39"
"39,33 : 452.29"
"39,34 : 151.6"
"39,35 : 137.27"
"39,36 : 181.34"
"39,37 : 789.06"
"39,38 : 670.09"
"39,39 : 0.0"
"39,40 : 506.0"
"39,41 : 366.27"
"39,42 : 437.12"
"39,43 : 363.6"
"39,44 : 692.46"
"39,45 : 453.49"
"39,46 : 433.5"
"39,47 : 615.89"
"39,48 : 358.4"
"39,49 : 609.84"
"40,0 : 260.5"
"40,1 : 189.16"
"40,2 : 721.85"
"40,3 : 649.98"
"40,4 : 422.53"
"40,5 : 337.76"
"40,6 : 940.04"
"40,7 : 597.65"
"40,8 : 572.64"
"40,9 : 318.22"
"40,10 : 797.24"
"40,11 : 626.21"
"40,12 : 692.1"
"40,13 : 569.36"
"40,14 : 819.74"
"40,15 : 664.05"
"40,16 : 346.78"
"40,17 : 409.79"
"40,18 : 286.79"
"40,19 : 430.08"
"40,20 : 841.62"
"40,21 : 321.83"
"40,22 : 303.33"
"40,23 : 543.15"
"40,24 : 501.5"
"40,25 : 340.32"
"40,26 : 618.57"
"40,27 : 602.56"
"40,28 : 348.8"
"40,29 : 382.96"
"40,30 : 259.86"
"40,31 : 396.36"
"40,32 : 692.87"
"40,33 : 363.85"
"40,34 : 504.02"
"40,35 : 368.74"
"40,36 : 349.54"
"40,37 : 505.01"
"40,38 : 698.64"
"40,39 : 506.0"
"40,40 : 0.0"
"40,41 : 154.26"
"40,42 : 143.81"
"40,43 : 868.94"
"40,44 : 538.28"
"40,45 : 378.86"
"40,46 : 587.88"
"40,47 : 604.6"
"40,48 : 211.23"
"40,49 : 237.41"
"41,0 : 178.16"
"41,1 : 95.08"
"41,2 : 568.7"
"41,3 : 529.85"
"41,4 : 432.46"
"41,5 : 202.63"
"41,6 : 797.01"
"41,7 : 484.49"
"41,8 : 485.85"
"41,9 : 308.02"
"41,10 : 650.0"
"41,11 : 504.28"
"41,12 : 539.14"
"41,13 : 427.01"
"41,14 : 665.53"
"41,15 : 558.61"
"41,16 : 328.49"
"41,17 : 321.86"
"41,18 : 137.27"
"41,19 : 407.1"
"41,20 : 697.65"
"41,21 : 374.8"
"41,22 : 267.27"
"41,23 : 464.01"
"41,24 : 380.35"
"41,25 : 352.53"
"41,26 : 492.4"
"41,27 : 515.7"
"41,28 : 203.79"
"41,29 : 234.96"
"41,30 : 131.21"
"41,31 : 410.53"
"41,32 : 569.24"
"41,33 : 262.53"
"41,34 : 350.24"
"41,35 : 231.72"
"41,36 : 236.92"
"41,37 : 505.88"
"41,38 : 597.94"
"41,39 : 366.27"
"41,40 : 154.26"
"41,41 : 0.0"
"41,42 : 84.97"
"41,43 : 725.01"
"41,44 : 485.22"
"41,45 : 275.54"
"41,46 : 452.61"
"41,47 : 508.78"
"41,48 : 182.48"
"41,49 : 267.55"
"42,0 : 262.21"
"42,1 : 46.1"
"42,2 : 616.79"
"42,3 : 609.0"
"42,4 : 502.76"
"42,5 : 198.66"
"42,6 : 800.38"
"42,7 : 454.46"
"42,8 : 436.41"
"42,9 : 225.89"
"42,10 : 661.3"
"42,11 : 482.4"
"42,12 : 588.22"
"42,13 : 494.78"
"42,14 : 701.23"
"42,15 : 641.26"
"42,16 : 404.49"
"42,17 : 271.53"
"42,18 : 205.55"
"42,19 : 485.28"
"42,20 : 702.81"
"42,21 : 291.02"
"42,22 : 190.38"
"42,23 : 409.83"
"42,24 : 357.69"
"42,25 : 268.16"
"42,26 : 569.55"
"42,27 : 600.47"
"42,28 : 216.45"
"42,29 : 252.87"
"42,30 : 121.28"
"42,31 : 326.38"
"42,32 : 549.06"
"42,33 : 221.38"
"42,34 : 398.08"
"42,35 : 307.29"
"42,36 : 320.49"
"42,37 : 423.99"
"42,38 : 558.38"
"42,39 : 437.12"
"42,40 : 143.81"
"42,41 : 84.97"
"42,42 : 0.0"
"42,43 : 788.72"
"42,44 : 418.45"
"42,45 : 236.18"
"42,46 : 445.93"
"42,47 : 465.41"
"42,48 : 256.12"
"42,49 : 183.05"
"43,0 : 636.43"
"43,1 : 758.92"
"43,2 : 232.44"
"43,3 : 295.71"
"43,4 : 782.74"
"43,5 : 652.15"
"43,6 : 612.55"
"43,7 : 736.1"
"43,8 : 845.37"
"43,9 : 931.97"
"43,10 : 502.73"
"43,11 : 694.97"
"43,12 : 245.42"
"43,13 : 299.6"
"43,14 : 304.59"
"43,15 : 361.71"
"43,16 : 704.79"
"43,17 : 788.56"
"43,18 : 587.9"
"43,19 : 691.99"
"43,20 : 561.01"
"43,21 : 1053.76"
"43,22 : 873.73"
"43,23 : 862.07"
"43,24 : 681.87"
"43,25 : 990.66"
"43,26 : 290.99"
"43,27 : 462.1"
"43,28 : 612.73"
"43,29 : 580.24"
"43,30 : 696.35"
"43,31 : 1035.11"
"43,32 : 701.57"
"43,33 : 744.19"
"43,34 : 405.6"
"43,35 : 500.6"
"43,36 : 537.47"
"43,37 : 1083.18"
"43,38 : 836.8"
"43,39 : 363.6"
"43,40 : 868.94"
"43,41 : 725.01"
"43,42 : 788.72"
"43,43 : 0.0"
"43,44 : 948.89"
"43,45 : 739.61"
"43,46 : 605.27"
"43,47 : 820.35"
"43,48 : 715.05"
"43,49 : 948.87"
"44,0 : 651.34"
"44,1 : 390.79"
"44,2 : 721.52"
"44,3 : 888.37"
"44,4 : 917.51"
"44,5 : 355.35"
"44,6 : 647.12"
"44,7 : 247.25"
"44,8 : 128.84"
"44,9 : 231.92"
"44,10 : 576.84"
"44,11 : 301.23"
"44,12 : 704.23"
"44,13 : 722.7"
"44,14 : 727.01"
"44,15 : 949.01"
"44,16 : 812.89"
"44,17 : 184.09"
"44,18 : 524.44"
"44,19 : 889.16"
"44,20 : 577.96"
"44,21 : 334.25"
"44,22 : 234.96"
"44,23 : 95.26"
"44,24 : 267.47"
"44,25 : 246.02"
"44,26 : 839.08"
"44,27 : 942.96"
"44,28 : 393.54"
"44,29 : 408.83"
"44,30 : 376.11"
"44,31 : 227.84"
"44,32 : 344.65"
"44,33 : 247.94"
"44,34 : 566.47"
"44,35 : 615.04"
"44,36 : 669.44"
"44,37 : 180.54"
"44,38 : 247.48"
"44,39 : 692.46"
"44,40 : 538.28"
"44,41 : 485.22"
"44,42 : 418.45"
"44,43 : 948.89"
"44,44 : 0.0"
"44,45 : 242.79"
"44,46 : 361.07"
"44,47 : 175.14"
"44,48 : 667.68"
"44,49 : 328.67"
"45,0 : 422.27"
"45,1 : 193.85"
"45,2 : 525.04"
"45,3 : 649.13"
"45,4 : 700.59"
"45,5 : 112.59"
"45,6 : 592.69"
"45,7 : 218.96"
"45,8 : 211.87"
"45,9 : 209.35"
"45,10 : 472.04"
"45,11 : 251.48"
"45,12 : 502.54"
"45,13 : 489.03"
"45,14 : 566.41"
"45,15 : 707.25"
"45,16 : 590.34"
"45,17 : 58.69"
"45,18 : 285.02"
"45,19 : 661.79"
"45,20 : 500.64"
"45,21 : 348.74"
"45,22 : 155.56"
"45,23 : 195.02"
"45,24 : 131.24"
"45,25 : 266.27"
"45,26 : 600.61"
"45,27 : 700.33"
"45,28 : 151.16"
"45,29 : 170.31"
"45,30 : 148.0"
"45,31 : 301.12"
"45,32 : 318.29"
"45,33 : 15.26"
"45,34 : 339.61"
"45,35 : 372.45"
"45,36 : 429.47"
"45,37 : 344.48"
"45,38 : 323.87"
"45,39 : 453.49"
"45,40 : 378.86"
"45,41 : 275.54"
"45,42 : 236.18"
"45,43 : 739.61"
"45,44 : 242.79"
"45,45 : 0.0"
"45,46 : 237.32"
"45,47 : 233.31"
"45,48 : 452.48"
"45,49 : 268.48"
"46,0 : 540.55"
"46,1 : 399.84"
"46,2 : 373.07"
"46,3 : 614.24"
"46,4 : 823.88"
"46,5 : 251.33"
"46,6 : 357.41"
"46,7 : 130.86"
"46,8 : 244.0"
"46,9 : 439.03"
"46,10 : 236.76"
"46,11 : 96.18"
"46,12 : 361.13"
"46,13 : 436.96"
"46,14 : 365.95"
"46,15 : 691.0"
"46,16 : 708.75"
"46,17 : 252.04"
"46,18 : 387.8"
"46,19 : 763.55"
"46,20 : 263.53"
"46,21 : 580.25"
"46,22 : 390.01"
"46,23 : 267.37"
"46,24 : 112.01"
"46,25 : 491.8"
"46,26 : 563.85"
"46,27 : 718.99"
"46,28 : 251.38"
"46,29 : 228.22"
"46,30 : 328.45"
"46,31 : 514.71"
"46,32 : 136.62"
"46,33 : 251.18"
"46,34 : 282.35"
"46,35 : 425.17"
"46,36 : 502.76"
"46,37 : 523.79"
"46,38 : 242.6"
"46,39 : 433.5"
"46,40 : 587.88"
"46,41 : 452.61"
"46,42 : 445.93"
"46,43 : 605.27"
"46,44 : 361.07"
"46,45 : 237.32"
"46,46 : 0.0"
"46,47 : 215.23"
"46,48 : 597.36"
"46,49 : 505.66"
"47,0 : 647.44"
"47,1 : 425.47"
"47,2 : 588.27"
"47,3 : 807.02"
"47,4 : 929.9"
"47,5 : 325.96"
"47,6 : 472.0"
"47,7 : 85.15"
"47,8 : 48.04"
"47,9 : 349.85"
"47,10 : 407.75"
"47,11 : 134.63"
"47,12 : 575.73"
"47,13 : 632.06"
"47,14 : 572.47"
"47,15 : 877.66"
"47,16 : 817.77"
"47,17 : 194.83"
"47,18 : 500.69"
"47,19 : 885.48"
"47,20 : 404.21"
"47,21 : 478.92"
"47,22 : 324.23"
"47,23 : 87.57"
"47,24 : 163.31"
"47,25 : 385.2"
"47,26 : 756.43"
"47,27 : 890.25"
"47,28 : 352.24"
"47,29 : 351.2"
"47,30 : 379.76"
"47,31 : 384.71"
"47,32 : 169.92"
"47,33 : 246.79"
"47,34 : 472.28"
"47,35 : 570.86"
"47,36 : 639.1"
"47,37 : 355.12"
"47,38 : 95.27"
"47,39 : 615.89"
"47,40 : 604.6"
"47,41 : 508.78"
"47,42 : 465.41"
"47,43 : 820.35"
"47,44 : 175.14"
"47,45 : 233.31"
"47,46 : 215.23"
"47,47 : 0.0"
"47,48 : 683.86"
"47,49 : 441.19"
"48,0 : 80.5"
"48,1 : 277.09"
"48,2 : 612.29"
"48,3 : 463.02"
"48,4 : 250.05"
"48,5 : 362.93"
"48,6 : 918.02"
"48,7 : 650.71"
"48,8 : 664.27"
"48,9 : 481.02"
"48,10 : 762.76"
"48,11 : 663.01"
"48,12 : 582.16"
"48,13 : 423.2"
"48,14 : 732.73"
