x,y
820,508
171,244
491,408
978,496
868,446
155,313
94,483
405,578
662,762
187,901
469,212
250,83
18,897
254,156
26,852
648,207
856,182
445,741
355,372
671,310
636,746
171,109
59,597
417,17
515,565
592,45
592,307
597,170
969,520
379,641
441,285
584,120
29,767
718,905
745,376
330,801
57,842
868,306
292,812
150,138
242,793
416,156
419,674
594,372
341,261
127,918
462,892
282,156
404,234
158,295

Distanze
"0,0 : 0.0"
"0,1 : 700.64"
"0,2 : 343.86"
"0,3 : 158.46"
"0,4 : 78.41"
"0,5 : 693.0"
"0,6 : 726.43"
"0,7 : 420.86"
"0,8 : 299.13"
"0,9 : 745.08"
"0,10 : 459.15"
"0,11 : 711.0"
"0,12 : 891.36"
"0,13 : 666.53"
"0,14 : 865.32"
"0,15 : 346.68"
"0,16 : 327.98"
"0,17 : 441.49"
"0,18 : 484.48"
"0,19 : 247.8"
"0,20 : 300.83"
"0,21 : 761.84"
"0,22 : 766.19"
"0,23 : 635.21"
"0,24 : 310.28"
"0,25 : 516.09"
"0,26 : 303.95"
"0,27 : 404.94"
"0,28 : 149.48"
"0,29 : 460.62"
"0,30 : 439.74"
"0,31 : 454.14"
"0,32 : 832.32"
"0,33 : 409.89"
"0,34 : 151.82"
"0,35 : 570.92"
"0,36 : 832.9"
"0,37 : 207.62"
"0,38 : 609.26"
"0,39 : 765.38"
"0,40 : 644.44"
"0,41 : 535.84"
"0,42 : 434.0"
"0,43 : 263.77"
"0,44 : 538.93"
"0,45 : 805.2"
"0,46 : 525.0"
"0,47 : 642.92"
"0,48 : 498.13"
"0,49 : 695.42"
"1,0 : 700.64"
"1,1 : 0.0"
"1,2 : 359.58"
"1,3 : 845.43"
"1,4 : 725.68"
"1,5 : 70.83"
"1,6 : 251.1"
"1,7 : 407.81"
"1,8 : 713.73"
"1,9 : 657.19"
"1,10 : 299.71"
"1,11 : 179.34"
"1,12 : 670.68"
"1,13 : 120.97"
"1,14 : 625.05"
"1,15 : 478.43"
"1,16 : 687.8"
"1,17 : 567.53"
"1,18 : 224.14"
"1,19 : 504.34"
"1,20 : 684.27"
"1,21 : 135.0"
"1,22 : 370.34"
"1,23 : 334.73"
"1,24 : 470.51"
"1,25 : 465.66"
"1,26 : 425.69"
"1,27 : 432.38"
"1,28 : 844.38"
"1,29 : 448.19"
"1,30 : 273.1"
"1,31 : 431.21"
"1,32 : 541.93"
"1,33 : 857.98"
"1,34 : 588.98"
"1,35 : 579.25"
"1,36 : 608.77"
"1,37 : 699.75"
"1,38 : 580.75"
"1,39 : 108.06"
"1,40 : 553.57"
"1,41 : 260.32"
"1,42 : 496.39"
"1,43 : 441.94"
"1,44 : 170.85"
"1,45 : 675.43"
"1,46 : 710.34"
"1,47 : 141.65"
"1,48 : 233.21"
"1,49 : 52.63"
"2,0 : 343.86"
"2,1 : 359.58"
"2,2 : 0.0"
"2,3 : 494.89"
"2,4 : 378.91"
"2,5 : 349.17"
"2,6 : 404.02"
"2,7 : 190.52"
"2,8 : 393.14"
"2,9 : 579.19"
"2,10 : 197.23"
"2,11 : 404.61"
"2,12 : 680.33"
"2,13 : 345.94"
"2,14 : 642.93"
"2,15 : 255.05"
"2,16 : 429.3"
"2,17 : 336.16"
"2,18 : 140.68"
"2,19 : 204.95"
"2,20 : 367.79"
"2,21 : 437.95"
"2,22 : 471.53"
"2,23 : 397.94"
"2,24 : 158.82"
"2,25 : 376.79"
"2,26 : 142.84"
"2,27 : 260.54"
"2,28 : 490.95"
"2,29 : 258.52"
"2,30 : 132.77"
"2,31 : 302.64"
"2,32 : 585.09"
"2,33 : 546.39"
"2,34 : 256.01"
"2,35 : 424.7"
"2,36 : 613.77"
"2,37 : 390.55"
"2,38 : 450.35"
"2,39 : 434.95"
"2,40 : 458.5"
"2,41 : 262.92"
"2,42 : 275.57"
"2,43 : 109.11"
"2,44 : 210.02"
"2,45 : 626.57"
"2,46 : 484.87"
"2,47 : 327.39"
"2,48 : 194.54"
"2,49 : 351.65"
"3,0 : 158.46"
"3,1 : 845.43"
"3,2 : 494.89"
"3,3 : 0.0"
"3,4 : 120.83"
"3,5 : 843.1"
"3,6 : 884.1"
"3,7 : 578.84"
"3,8 : 413.05"
"3,9 : 888.65"
"3,10 : 582.87"
"3,11 : 836.99"
"3,12 : 1040.39"
"3,13 : 799.86"
"3,14 : 1016.39"
"3,15 : 438.66"
"3,16 : 336.87"
"3,17 : 586.61"
"3,18 : 635.22"
"3,19 : 358.95"
"3,20 : 423.63"
"3,21 : 895.0"
"3,22 : 924.53"
"3,23 : 737.67"
"3,24 : 468.11"
"3,25 : 593.63"
"3,26 : 429.79"
"3,27 : 501.43"
"3,28 : 25.63"
"3,29 : 616.3"
"3,30 : 576.97"
"3,31 : 544.62"
"3,32 : 986.94"
"3,33 : 484.65"
"3,34 : 262.09"
"3,35 : 716.19"
"3,36 : 983.85"
"3,37 : 219.54"
"3,38 : 755.28"
"3,39 : 902.08"
"3,40 : 793.67"
"3,41 : 656.84"
"3,42 : 586.66"
"3,43 : 403.52"
"3,44 : 678.97"
"3,45 : 949.89"
"3,46 : 650.44"
"3,47 : 774.61"
"3,48 : 630.97"
"3,49 : 844.28"
"4,0 : 78.41"
"4,1 : 725.68"
"4,2 : 378.91"
"4,3 : 120.83"
"4,4 : 0.0"
"4,5 : 725.3"
"4,6 : 774.88"
"4,7 : 481.45"
"4,8 : 377.22"
"4,9 : 819.02"
"4,10 : 462.55"
"4,11 : 716.72"
"4,12 : 962.24"
"4,13 : 679.04"
"4,14 : 934.77"
"4,15 : 324.84"
"4,16 : 264.27"
"4,17 : 515.71"
"4,18 : 518.31"
"4,19 : 239.38"
"4,20 : 379.24"
"4,21 : 774.2"
"4,22 : 822.97"
"4,23 : 622.45"
"4,24 : 372.52"
"4,25 : 486.8"
"4,26 : 309.03"
"4,27 : 386.8"
"4,28 : 125.21"
"4,29 : 526.45"
"4,30 : 456.34"
"4,31 : 432.36"
"4,32 : 898.31"
"4,33 : 482.89"
"4,34 : 141.52"
"4,35 : 644.57"
"4,36 : 902.52"
"4,37 : 140.0"
"4,38 : 682.45"
"4,39 : 781.27"
"4,40 : 715.74"
"4,41 : 537.03"
"4,42 : 503.57"
"4,43 : 283.82"
"4,44 : 558.53"
"4,45 : 878.56"
"4,46 : 603.12"
"4,47 : 653.83"
"4,48 : 510.14"
"4,49 : 725.88"
"5,0 : 693.0"
"5,1 : 70.83"
"5,2 : 349.17"
"5,3 : 843.1"
"5,4 : 725.3"
"5,5 : 0.0"
"5,6 : 180.61"
"5,7 : 364.31"
"5,8 : 677.24"
"5,9 : 588.87"
"5,10 : 329.84"
"5,11 : 248.85"
"5,12 : 599.85"
"5,13 : 185.61"
"5,14 : 554.22"
"5,15 : 504.27"
"5,16 : 713.14"
"5,17 : 517.0"
"5,18 : 208.52"
"5,19 : 516.01"
"5,20 : 647.19"
"5,21 : 204.63"
"5,22 : 299.79"
"5,23 : 395.3"
"5,24 : 439.44"
"5,25 : 512.63"
"5,26 : 437.04"
"5,27 : 464.56"
"5,28 : 839.91"
"5,29 : 397.19"
"5,30 : 287.37"
"5,31 : 470.41"
"5,32 : 471.16"
"5,33 : 816.97"
"5,34 : 593.35"
"5,35 : 518.43"
"5,36 : 538.0"
"5,37 : 713.03"
"5,38 : 517.46"
"5,39 : 175.07"
"5,40 : 487.82"
"5,41 : 304.58"
"5,42 : 447.23"
"5,43 : 442.95"
"5,44 : 193.13"
"5,45 : 605.65"
"5,46 : 655.35"
"5,47 : 201.94"
"5,48 : 261.23"
"5,49 : 18.25"
"6,0 : 726.43"
"6,1 : 251.1"
"6,2 : 404.02"
"6,3 : 884.1"
"6,4 : 774.88"
"6,5 : 180.61"
"6,6 : 0.0"
"6,7 : 325.19"
"6,8 : 632.82"
"6,9 : 428.22"
"6,10 : 462.67"
"6,11 : 429.34"
"6,12 : 420.92"
"6,13 : 364.05"
"6,14 : 375.21"
"6,15 : 618.94"
"6,16 : 819.3"
"6,17 : 435.62"
"6,18 : 283.62"
"6,19 : 602.38"
"6,20 : 602.44"
"6,21 : 381.84"
"6,22 : 119.25"
"6,23 : 567.0"
"6,24 : 428.91"
"6,25 : 663.21"
"6,26 : 528.19"
"6,27 : 592.43"
"6,28 : 875.78"
"6,29 : 325.87"
"6,30 : 399.52"
"6,31 : 609.81"
"6,32 : 291.34"
"6,33 : 753.3"
"6,34 : 659.73"
"6,35 : 396.01"
"6,36 : 360.9"
"6,37 : 793.98"
"6,38 : 383.99"
"6,39 : 349.52"
"6,40 : 343.52"
"6,41 : 458.93"
"6,42 : 376.97"
"6,43 : 512.17"
"6,44 : 332.1"
"6,45 : 436.25"
"6,46 : 550.19"
"6,47 : 377.19"
"6,48 : 397.62"
"6,49 : 198.6"
"7,0 : 420.86"
"7,1 : 407.81"
"7,2 : 190.52"
"7,3 : 578.84"
"7,4 : 481.45"
"7,5 : 364.31"
"7,6 : 325.19"
"7,7 : 0.0"
"7,8 : 316.08"
"7,9 : 389.68"
"7,10 : 371.55"
"7,11 : 518.7"
"7,12 : 501.53"
"7,13 : 448.2"
"7,14 : 467.67"
"7,15 : 443.5"
"7,16 : 600.18"
"7,17 : 167.84"
"7,18 : 211.98"
"7,19 : 377.6"
"7,20 : 285.63"
"7,21 : 524.13"
"7,22 : 346.52"
"7,23 : 561.13"
"7,24 : 110.77"
"7,25 : 564.85"
"7,26 : 329.26"
"7,27 : 450.92"
"7,28 : 566.97"
"7,29 : 68.15"
"7,30 : 295.2"
"7,31 : 491.74"
"7,32 : 420.83"
"7,33 : 452.66"
"7,34 : 395.48"
"7,35 : 235.27"
"7,36 : 436.81"
"7,37 : 536.99"
"7,38 : 259.86"
"7,39 : 508.55"
"7,40 : 269.8"
"7,41 : 422.14"
"7,42 : 97.02"
"7,43 : 279.57"
"7,44 : 323.4"
"7,45 : 439.19"
"7,46 : 319.13"
"7,47 : 439.56"
"7,48 : 344.0"
"7,49 : 375.63"
"8,0 : 299.13"
"8,1 : 713.73"
"8,2 : 393.14"
"8,3 : 413.05"
"8,4 : 377.22"
"8,5 : 677.24"
"8,6 : 632.82"
"8,7 : 316.08"
"8,8 : 0.0"
"8,9 : 494.92"
"8,10 : 582.88"
"8,11 : 794.22"
"8,12 : 658.0"
"8,13 : 730.55"
"8,14 : 642.34"
"8,15 : 555.18"
"8,16 : 611.58"
"8,17 : 218.01"
"8,18 : 496.34"
"8,19 : 452.09"
"8,20 : 30.53"
"8,21 : 817.0"
"8,22 : 625.17"
"8,23 : 784.25"
"8,24 : 245.8"
"8,25 : 720.41"
"8,26 : 460.35"
"8,27 : 595.56"
"8,28 : 390.91"
"8,29 : 307.78"
"8,30 : 525.71"
"8,31 : 646.72"
"8,32 : 633.02"
"8,33 : 153.57"
"8,34 : 394.82"
"8,35 : 334.28"
"8,36 : 610.27"
"8,37 : 500.37"
"8,38 : 373.36"
"8,39 : 807.17"
"8,40 : 421.14"
"8,41 : 654.03"
"8,42 : 258.44"
"8,43 : 395.88"
"8,44 : 595.01"
"8,45 : 557.28"
"8,46 : 238.54"
"8,47 : 715.29"
"8,48 : 587.66"
"8,49 : 687.1"
"9,0 : 745.08"
"9,1 : 657.19"
"9,2 : 579.19"
"9,3 : 888.65"
"9,4 : 819.02"
"9,5 : 588.87"
"9,6 : 428.22"
"9,7 : 389.68"
"9,8 : 494.92"
"9,9 : 0.0"
"9,10 : 744.48"
"9,11 : 820.42"
"9,12 : 169.05"
"9,13 : 748.01"
"9,14 : 168.29"
"9,15 : 833.16"
"9,16 : 982.1"
"9,17 : 303.59"
"9,18 : 555.04"
"9,19 : 763.9"
"9,20 : 475.0"
"9,21 : 792.16"
"9,22 : 329.85"
"9,23 : 913.43"
"9,24 : 469.55"
"9,25 : 946.97"
"9,26 : 718.93"
"9,27 : 838.13"
"9,28 : 869.88"
"9,29 : 323.21"
"9,30 : 666.31"
"9,31 : 876.11"
"9,32 : 207.17"
"9,33 : 531.02"
"9,34 : 766.15"
"9,35 : 174.5"
"9,36 : 142.76"
"9,37 : 904.32"
"9,38 : 137.64"
"9,39 : 763.9"
"9,40 : 121.2"
"9,41 : 779.4"
"9,42 : 324.58"
"9,43 : 667.45"
"9,44 : 658.27"
"9,45 : 62.36"
"9,46 : 275.15"
"9,47 : 751.03"
"9,48 : 701.41"
"9,49 : 606.69"
"10,0 : 459.15"
"10,1 : 299.71"
"10,2 : 197.23"
"10,3 : 582.87"
"10,4 : 462.55"
"10,5 : 329.84"
"10,6 : 462.67"
"10,7 : 371.55"
"10,8 : 582.88"
"10,9 : 744.48"
"10,10 : 0.0"
"10,11 : 254.17"
"10,12 : 820.14"
"10,13 : 222.17"
"10,14 : 778.36"
"10,15 : 179.07"
"10,16 : 388.16"
"10,17 : 529.54"
"10,18 : 196.46"
"10,19 : 224.52"
"10,20 : 559.5"
"10,21 : 315.3"
"10,22 : 562.43"
"10,23 : 201.81"
"10,24 : 355.98"
"10,25 : 207.41"
"10,26 : 155.42"
"10,27 : 134.71"
"10,28 : 587.25"
"10,29 : 438.34"
"10,30 : 78.19"
"10,31 : 147.27"
"10,32 : 708.25"
"10,33 : 736.38"
"10,34 : 321.05"
"10,35 : 605.18"
"10,36 : 752.76"
"10,37 : 409.92"
"10,38 : 625.56"
"10,39 : 327.47"
"10,40 : 623.77"
"10,41 : 77.1"
"10,42 : 464.7"
"10,43 : 203.04"
"10,44 : 137.06"
"10,45 : 784.47"
"10,46 : 680.04"
"10,47 : 195.21"
"10,48 : 68.62"
"10,49 : 321.89"
"11,0 : 711.0"
"11,1 : 179.34"
"11,2 : 404.61"
"11,3 : 836.99"
"11,4 : 716.72"
"11,5 : 248.85"
"11,6 : 429.34"
"11,7 : 518.7"
"11,8 : 794.22"
"11,9 : 820.42"
"11,10 : 254.17"
"11,11 : 0.0"
"11,12 : 846.42"
"11,13 : 73.11"
"11,14 : 800.96"
"11,15 : 416.87"
"11,16 : 614.03"
"11,17 : 686.29"
"11,18 : 307.48"
"11,19 : 478.3"
"11,20 : 767.18"
"11,21 : 83.17"
"11,22 : 548.34"
"11,23 : 179.57"
"11,24 : 550.04"
"11,25 : 344.1"
"11,26 : 408.83"
"11,27 : 357.74"
"11,28 : 841.39"
"11,29 : 572.72"
"11,30 : 278.0"
"11,31 : 336.04"
"11,32 : 718.82"
"11,33 : 945.89"
"11,34 : 575.22"
"11,35 : 722.44"
"11,36 : 783.15"
"11,37 : 657.0"
"11,38 : 730.21"
"11,39 : 114.13"
"11,40 : 710.05"
"11,41 : 181.34"
"11,42 : 614.69"
"11,43 : 449.28"
"11,44 : 199.91"
"11,45 : 844.01"
"11,46 : 836.32"
"11,47 : 79.71"
"11,48 : 215.68"
"11,49 : 231.1"
"12,0 : 891.36"
"12,1 : 670.68"
"12,2 : 680.33"
"12,3 : 1040.39"
"12,4 : 962.24"
"12,5 : 599.85"
"12,6 : 420.92"
"12,7 : 501.53"
"12,8 : 658.0"
"12,9 : 169.05"
"12,10 : 820.14"
"12,11 : 846.42"
"12,12 : 0.0"
"12,13 : 777.67"
"12,14 : 45.71"
"12,15 : 934.34"
"12,16 : 1101.58"
"12,17 : 454.6"
"12,18 : 623.85"
"12,19 : 878.05"
"12,20 : 636.18"
"12,21 : 802.72"
"12,22 : 302.79"
"12,23 : 966.23"
"12,24 : 597.69"
"12,25 : 1027.32"
"12,26 : 823.15"
"12,27 : 929.39"
"12,28 : 1023.0"
"12,29 : 442.56"
"12,30 : 743.96"
"12,31 : 961.29"
"12,32 : 130.46"
"12,33 : 700.05"
"12,34 : 894.41"
"12,35 : 326.44"
"12,36 : 67.42"
"12,37 : 1035.27"
"12,38 : 286.88"
"12,39 : 770.39"
"12,40 : 246.97"
"12,41 : 841.12"
"12,42 : 458.84"
"12,43 : 779.36"
"12,44 : 713.32"
"12,45 : 111.0"
"12,46 : 444.03"
"12,47 : 786.62"
"12,48 : 767.18"
"12,49 : 618.06"
"13,0 : 666.53"
"13,1 : 120.97"
"13,2 : 345.94"
"13,3 : 799.86"
"13,4 : 679.04"
"13,5 : 185.61"
"13,6 : 364.05"
"13,7 : 448.2"
"13,8 : 730.55"
"13,9 : 748.01"
"13,10 : 222.17"
"13,11 : 73.11"
"13,12 : 777.67"
"13,13 : 0.0"
"13,14 : 732.39"
"13,15 : 397.29"
"13,16 : 602.56"
"13,17 : 615.39"
"13,18 : 238.45"
"13,19 : 444.53"
"13,20 : 702.87"
"13,21 : 95.38"
"13,22 : 482.19"
"13,23 : 214.22"
"13,24 : 485.18"
"13,25 : 355.76"
"13,26 : 370.2"
"13,27 : 343.29"
"13,28 : 802.32"
"13,29 : 500.85"
"13,30 : 227.18"
"13,31 : 331.96"
"13,32 : 651.11"
"13,33 : 881.08"
"13,34 : 538.03"
"13,35 : 649.46"
"13,36 : 713.73"
"13,37 : 632.06"
"13,38 : 657.1"
"13,39 : 105.55"
"13,40 : 637.11"
"13,41 : 162.0"
"13,42 : 543.64"
"13,43 : 402.81"
"13,44 : 136.36"
"13,45 : 772.51"
"13,46 : 764.83"
"13,47 : 28.0"
"13,48 : 169.07"
"13,49 : 168.93"
"14,0 : 865.32"
"14,1 : 625.05"
"14,2 : 642.93"
"14,3 : 1016.39"
"14,4 : 934.77"
"14,5 : 554.22"
"14,6 : 375.21"
"14,7 : 467.67"
"14,8 : 642.34"
"14,9 : 168.29"
"14,10 : 778.36"
"14,11 : 800.96"
"14,12 : 45.71"
"14,13 : 732.39"
"14,14 : 0.0"
"14,15 : 896.05"
"14,16 : 1066.68"
"14,17 : 433.45"
"14,18 : 581.93"
"14,19 : 842.49"
"14,20 : 619.14"
"14,21 : 757.02"
"14,22 : 257.13"
"14,23 : 922.01"
"14,24 : 567.0"
"14,25 : 985.7"
"14,26 : 785.74"
"14,27 : 889.47"
"14,28 : 999.74"
"14,29 : 411.25"
"14,30 : 702.65"
"14,31 : 920.43"
"14,32 : 85.05"
"14,33 : 694.03"
"14,34 : 862.29"
"14,35 : 308.25"
"14,36 : 32.57"
"14,37 : 1003.53"
"14,38 : 268.99"
"14,39 : 724.69"
"14,40 : 223.91"
"14,41 : 797.82"
"14,42 : 431.43"
"14,43 : 743.66"
"14,44 : 669.71"
"14,45 : 120.65"
"14,46 : 437.83"
"14,47 : 741.59"
"14,48 : 724.44"
"14,49 : 572.43"
"15,0 : 346.68"
"15,1 : 478.43"
"15,2 : 255.05"
"15,3 : 438.66"
"15,4 : 324.84"
"15,5 : 504.27"
"15,6 : 618.94"
"15,7 : 443.5"
"15,8 : 555.18"
"15,9 : 833.16"
"15,10 : 179.07"
"15,11 : 416.87"
"15,12 : 934.34"
"15,13 : 397.29"
"15,14 : 896.05"
"15,15 : 0.0"
"15,16 : 209.5"
"15,17 : 571.28"
"15,18 : 336.26"
"15,19 : 105.54"
"15,20 : 539.13"
"15,21 : 486.96"
"15,22 : 706.41"
"15,23 : 299.1"
"15,24 : 381.91"
"15,25 : 171.41"
"15,26 : 114.61"
"15,27 : 63.01"
"15,28 : 448.34"
"15,29 : 510.6"
"15,30 : 221.21"
"15,31 : 108.0"
"15,32 : 834.72"
"15,33 : 701.5"
"15,34 : 194.86"
"15,35 : 673.77"
"15,36 : 867.47"
"15,37 : 241.25"
"15,38 : 701.97"
"15,39 : 502.76"
"15,40 : 712.9"
"15,41 : 237.54"
"15,42 : 520.12"
"15,43 : 173.61"
"15,44 : 311.71"
"15,45 : 881.45"
"15,46 : 709.8"
"15,47 : 369.54"
"15,48 : 245.49"
"15,49 : 497.84"
"16,0 : 327.98"
"16,1 : 687.8"
"16,2 : 429.3"
"16,3 : 336.87"
"16,4 : 264.27"
"16,5 : 713.14"
"16,6 : 819.3"
"16,7 : 600.18"
"16,8 : 611.58"
"16,9 : 982.1"
"16,10 : 388.16"
"16,11 : 614.03"
"16,12 : 1101.58"
"16,13 : 602.56"
"16,14 : 1066.68"
"16,15 : 209.5"
"16,16 : 0.0"
"16,17 : 693.83"
"16,18 : 535.82"
"16,19 : 224.96"
"16,20 : 605.39"
"16,21 : 688.88"
"16,22 : 898.57"
"16,23 : 468.98"
"16,24 : 512.81"
"16,25 : 297.43"
"16,26 : 292.1"
"16,27 : 259.28"
"16,28 : 356.39"
"16,29 : 661.97"
"16,30 : 427.59"
"16,31 : 278.98"
"16,32 : 1012.99"
"16,33 : 736.05"
"16,34 : 223.51"
"16,35 : 812.3"
"16,36 : 1036.34"
"16,37 : 124.58"
"16,38 : 845.57"
"16,39 : 707.37"
"16,40 : 866.21"
"16,41 : 440.77"
"16,42 : 658.05"
"16,43 : 323.64"
"16,44 : 521.02"
"16,45 : 1035.92"
"16,46 : 812.0"
"16,47 : 574.59"
"16,48 : 454.98"
"16,49 : 707.09"
"17,0 : 441.49"
"17,1 : 567.53"
"17,2 : 336.16"
"17,3 : 586.61"
"17,4 : 515.71"
"17,5 : 517.0"
"17,6 : 435.62"
"17,7 : 167.84"
"17,8 : 218.01"
"17,9 : 303.59"
"17,10 : 529.54"
"17,11 : 686.29"
"17,12 : 454.6"
"17,13 : 615.39"
"17,14 : 433.45"
"17,15 : 571.28"
"17,16 : 693.83"
"17,17 : 0.0"
"17,18 : 379.82"
"17,19 : 486.66"
"17,20 : 191.07"
"17,21 : 688.84"
"17,22 : 411.99"
"17,23 : 724.54"
"17,24 : 189.41"
"17,25 : 711.35"
"17,26 : 458.22"
"17,27 : 590.88"
"17,28 : 568.7"
"17,29 : 119.82"
"17,30 : 456.02"
"17,31 : 636.37"
"17,32 : 416.81"
"17,33 : 318.47"
"17,34 : 472.47"
"17,35 : 129.71"
"17,36 : 400.93"
"17,37 : 606.76"
"17,38 : 168.67"
"17,39 : 671.29"
"17,40 : 209.55"
"17,41 : 585.72"
"17,42 : 71.87"
"17,43 : 397.95"
"17,44 : 491.14"
"17,45 : 363.94"
"17,46 : 151.95"
"17,47 : 607.28"
"17,48 : 508.66"
"17,49 : 530.36"
"18,0 : 484.48"
"18,1 : 224.14"
"18,2 : 140.68"
"18,3 : 635.22"
"18,4 : 518.31"
"18,5 : 208.52"
"18,6 : 283.62"
"18,7 : 211.98"
"18,8 : 496.34"
"18,9 : 555.04"
"18,10 : 196.46"
"18,11 : 307.48"
"18,12 : 623.85"
"18,13 : 238.45"
"18,14 : 581.93"
"18,15 : 336.26"
"18,16 : 535.82"
"18,17 : 379.82"
"18,18 : 0.0"
"18,19 : 322.02"
"18,20 : 467.8"
"18,21 : 320.98"
"18,22 : 371.81"
"18,23 : 360.37"
"18,24 : 250.7"
"18,25 : 403.85"
"18,26 : 245.75"
"18,27 : 315.23"
"18,28 : 631.59"
"18,29 : 270.07"
"18,30 : 122.33"
"18,31 : 340.51"
"18,32 : 512.15"
"18,33 : 644.87"
"18,34 : 390.02"
"18,35 : 429.73"
"18,36 : 556.51"
"18,37 : 517.23"
"18,38 : 444.49"
"18,39 : 311.1"
"18,40 : 435.9"
"18,41 : 224.45"
"18,42 : 308.71"
"18,43 : 239.0"
"18,44 : 111.88"
"18,45 : 591.69"
"18,46 : 530.89"
"18,47 : 228.0"
"18,48 : 146.44"
"18,49 : 211.51"
"19,0 : 247.8"
"19,1 : 504.34"
"19,2 : 204.95"
"19,3 : 358.95"
"19,4 : 239.38"
"19,5 : 516.01"
"19,6 : 602.38"
"19,7 : 377.6"
"19,8 : 452.09"
"19,9 : 763.9"
"19,10 : 224.52"
"19,11 : 478.3"
"19,12 : 878.05"
"19,13 : 444.53"
"19,14 : 842.49"
"19,15 : 105.54"
"19,16 : 224.96"
"19,17 : 486.66"
"19,18 : 322.02"
"19,19 : 0.0"
"19,20 : 437.4"
"19,21 : 538.89"
"19,22 : 675.95"
"19,23 : 387.77"
"19,24 : 298.93"
"19,25 : 276.52"
"19,26 : 79.06"
"19,27 : 158.35"
"19,28 : 364.56"
"19,29 : 441.39"
"19,30 : 231.35"
"19,31 : 208.97"
"19,32 : 788.04"
"19,33 : 596.85"
"19,34 : 99.16"
"19,35 : 597.8"
"19,36 : 812.42"
"19,37 : 197.04"
"19,38 : 629.0"
"19,39 : 548.66"
"19,40 : 646.01"
"19,41 : 297.89"
"19,42 : 442.72"
"19,43 : 98.86"
"19,44 : 333.62"
"19,45 : 815.84"
"19,46 : 618.39"
"19,47 : 418.37"
"19,48 : 277.61"
"19,49 : 513.22"
"20,0 : 300.83"
"20,1 : 684.27"
"20,2 : 367.79"
"20,3 : 423.63"
"20,4 : 379.24"
"20,5 : 647.19"
"20,6 : 602.44"
"20,7 : 285.63"
"20,8 : 30.53"
"20,9 : 475.0"
"20,10 : 559.5"
"20,11 : 767.18"
"20,12 : 636.18"
"20,13 : 702.87"
"20,14 : 619.14"
"20,15 : 539.13"
"20,16 : 605.39"
"20,17 : 191.07"
"20,18 : 467.8"
"20,19 : 437.4"
"20,20 : 0.0"
"20,21 : 788.67"
"20,22 : 595.93"
"20,23 : 761.18"
"20,24 : 217.72"
"20,25 : 702.38"
"20,26 : 441.2"
"20,27 : 577.32"
"20,28 : 402.45"
"20,29 : 277.62"
"20,30 : 500.55"
"20,31 : 628.16"
"20,32 : 607.36"
"20,33 : 178.9"
"20,34 : 385.72"
"20,35 : 310.9"
"20,36 : 586.9"
"20,37 : 497.42"
"20,38 : 350.27"
"20,39 : 778.37"
"20,40 : 396.79"
"20,41 : 629.68"
"20,42 : 228.63"
"20,43 : 376.35"
"20,44 : 567.67"
"20,45 : 537.28"
"20,46 : 227.14"
"20,47 : 688.05"
"20,48 : 562.11"
"20,49 : 657.18"
"21,0 : 761.84"
"21,1 : 135.0"
"21,2 : 437.95"
"21,3 : 895.0"
"21,4 : 774.2"
"21,5 : 204.63"
"21,6 : 381.84"
"21,7 : 524.13"
"21,8 : 817.0"
"21,9 : 792.16"
"21,10 : 315.3"
"21,11 : 83.17"
"21,12 : 802.72"
"21,13 : 95.38"
"21,14 : 757.02"
"21,15 : 486.96"
"21,16 : 688.88"
"21,17 : 688.84"
"21,18 : 320.98"
"21,19 : 538.89"
"21,20 : 788.67"
"21,21 : 0.0"
"21,22 : 500.69"
"21,23 : 262.64"
"21,24 : 571.2"
"21,25 : 425.84"
"21,26 : 465.24"
"21,27 : 430.35"
"21,28 : 897.62"
"21,29 : 571.22"
"21,30 : 322.3"
"21,31 : 413.15"
"21,32 : 673.15"
"21,33 : 965.83"
"21,34 : 633.06"
"21,35 : 710.03"
"21,36 : 741.81"
"21,37 : 724.31"
"21,38 : 713.34"
"21,39 : 35.81"
"21,40 : 687.68"
"21,41 : 249.47"
"21,42 : 617.03"
"21,43 : 498.09"
"21,44 : 228.04"
"21,45 : 810.2"
"21,46 : 835.33"
"21,47 : 120.54"
"21,48 : 264.41"
"21,49 : 186.45"
"22,0 : 766.19"
"22,1 : 370.34"
"22,2 : 471.53"
"22,3 : 924.53"
"22,4 : 822.97"
"22,5 : 299.79"
"22,6 : 119.25"
"22,7 : 346.52"
"22,8 : 625.17"
"22,9 : 329.85"
"22,10 : 562.43"
"22,11 : 548.34"
"22,12 : 302.79"
"22,13 : 482.19"
"22,14 : 257.13"
"22,15 : 706.41"
"22,16 : 898.57"
"22,17 : 411.99"
"22,18 : 371.81"
"22,19 : 675.95"
"22,20 : 595.93"
"22,21 : 500.69"
"22,22 : 0.0"
"22,23 : 681.59"
"22,24 : 457.12"
"22,25 : 767.33"
"22,26 : 606.79"
"22,27 : 686.86"
"22,28 : 913.25"
"22,29 : 323.01"
"22,30 : 493.22"
"22,31 : 709.33"
"22,32 : 172.63"
"22,33 : 727.42"
"22,34 : 720.72"
"22,35 : 339.2"
"22,36 : 245.01"
"22,37 : 859.75"
"22,38 : 317.04"
"22,39 : 467.93"
"22,40 : 268.15"
"22,41 : 567.39"
"22,42 : 368.14"
"22,43 : 580.39"
"22,44 : 438.66"
"22,45 : 328.12"
"22,46 : 499.43"
"22,47 : 494.18"
"22,48 : 500.79"
"22,49 : 317.81"
"23,0 : 635.21"
"23,1 : 334.73"
"23,2 : 397.94"
"23,3 : 737.67"
"23,4 : 622.45"
"23,5 : 395.3"
"23,6 : 567.0"
"23,7 : 561.13"
"23,8 : 784.25"
"23,9 : 913.43"
"23,10 : 201.81"
"23,11 : 179.57"
"23,12 : 966.23"
"23,13 : 214.22"
"23,14 : 922.01"
"23,15 : 299.1"
"23,16 : 468.98"
"23,17 : 724.54"
"23,18 : 360.37"
"23,19 : 387.77"
"23,20 : 761.18"
"23,21 : 262.64"
"23,22 : 681.59"
"23,23 : 0.0"
"23,24 : 556.69"
"23,25 : 177.23"
"23,26 : 338.71"
"23,27 : 236.24"
"23,28 : 746.8"
"23,29 : 625.16"
"23,30 : 269.07"
"23,31 : 196.21"
"23,32 : 844.42"
"23,33 : 937.63"
"23,34 : 486.28"
"23,35 : 788.81"
"23,36 : 900.12"
"23,37 : 535.65"
"23,38 : 804.77"
"23,39 : 293.14"
"23,40 : 795.49"
"23,41 : 139.0"
"23,42 : 657.0"
"23,43 : 396.68"
"23,44 : 255.56"
"23,45 : 946.52"
"23,46 : 876.16"
"23,47 : 193.77"
"23,48 : 217.39"
"23,49 : 379.95"
"24,0 : 310.28"
"24,1 : 470.51"
"24,2 : 158.82"
"24,3 : 468.11"
"24,4 : 372.52"
"24,5 : 439.44"
"24,6 : 428.91"
"24,7 : 110.77"
"24,8 : 245.8"
"24,9 : 469.55"
"24,10 : 355.98"
"24,11 : 550.04"
"24,12 : 597.69"
"24,13 : 485.18"
"24,14 : 567.0"
"24,15 : 381.91"
"24,16 : 512.81"
"24,17 : 189.41"
"24,18 : 250.7"
"24,19 : 298.93"
"24,20 : 217.72"
"24,21 : 571.2"
"24,22 : 457.12"
"24,23 : 556.69"
"24,24 : 0.0"
"24,25 : 525.67"
"24,26 : 269.25"
"24,27 : 403.42"
"24,28 : 456.22"
"24,29 : 155.79"
"24,30 : 289.61"
"24,31 : 450.32"
"24,32 : 526.31"
"24,33 : 395.99"
"24,34 : 297.69"
"24,35 : 299.87"
"24,36 : 535.25"
"24,37 : 437.82"
"24,38 : 332.77"
"24,39 : 561.74"
"24,40 : 355.69"
"24,41 : 420.81"
"24,42 : 145.25"
"24,43 : 208.54"
"24,44 : 350.27"
"24,45 : 524.55"
"24,46 : 331.27"
"24,47 : 470.71"
"24,48 : 349.12"
"24,49 : 447.6"
"25,0 : 516.09"
"25,1 : 465.66"
"25,2 : 376.79"
"25,3 : 593.63"
"25,4 : 486.8"
"25,5 : 512.63"
"25,6 : 663.21"
"25,7 : 564.85"
"25,8 : 720.41"
"25,9 : 946.97"
"25,10 : 207.41"
"25,11 : 344.1"
"25,12 : 1027.32"
"25,13 : 355.76"
"25,14 : 985.7"
"25,15 : 171.41"
"25,16 : 297.43"
"25,17 : 711.35"
"25,18 : 403.85"
"25,19 : 276.52"
"25,20 : 702.38"
"25,21 : 425.84"
"25,22 : 767.33"
"25,23 : 177.23"
"25,24 : 525.67"
"25,25 : 0.0"
"25,26 : 262.0"
"25,27 : 125.1"
"25,28 : 606.43"
"25,29 : 632.92"
"25,30 : 283.55"
"25,31 : 75.43"
"25,32 : 915.56"
"25,33 : 869.18"
"25,34 : 364.65"
"25,35 : 800.11"
"25,36 : 959.91"
"25,37 : 379.86"
"25,38 : 823.58"
"25,39 : 451.68"
"25,40 : 825.84"
"25,41 : 208.08"
"25,42 : 652.36"
"25,43 : 327.01"
"25,44 : 331.14"
"25,45 : 989.12"
"25,46 : 856.92"
"25,47 : 329.27"
"25,48 : 266.58"
"25,49 : 500.86"
"26,0 : 303.95"
"26,1 : 425.69"
"26,2 : 142.84"
"26,3 : 429.79"
"26,4 : 309.03"
"26,5 : 437.04"
"26,6 : 528.19"
"26,7 : 329.26"
"26,8 : 460.35"
"26,9 : 718.93"
"26,10 : 155.42"
"26,11 : 408.83"
"26,12 : 823.15"
"26,13 : 370.2"
"26,14 : 785.74"
"26,15 : 114.61"
"26,16 : 292.1"
"26,17 : 458.22"
"26,18 : 245.75"
"26,19 : 79.06"
"26,20 : 441.2"
"26,21 : 465.24"
"26,22 : 606.79"
"26,23 : 338.71"
"26,24 : 269.25"
"26,25 : 262.0"
"26,26 : 0.0"
"26,27 : 137.09"
"26,28 : 433.01"
"26,29 : 396.14"
"26,30 : 152.59"
"26,31 : 187.17"
"26,32 : 727.03"
"26,33 : 611.13"
"26,34 : 167.84"
"26,35 : 559.18"
"26,36 : 756.6"
"26,37 : 276.0"
"26,38 : 587.39"
"26,39 : 473.21"
"26,40 : 598.91"
"26,41 : 231.9"
"26,42 : 405.73"
"26,43 : 65.03"
"26,44 : 255.18"
"26,45 : 767.82"
"26,46 : 599.27"
"26,47 : 344.82"
"26,48 : 201.68"
"26,49 : 434.17"
"27,0 : 404.94"
"27,1 : 432.38"
"27,2 : 260.54"
"27,3 : 501.43"
"27,4 : 386.8"
"27,5 : 464.56"
"27,6 : 592.43"
"27,7 : 450.92"
"27,8 : 595.56"
"27,9 : 838.13"
"27,10 : 134.71"
"27,11 : 357.74"
"27,12 : 929.39"
"27,13 : 343.29"
"27,14 : 889.47"
"27,15 : 63.01"
"27,16 : 259.28"
"27,17 : 590.88"
"27,18 : 315.23"
"27,19 : 158.35"
"27,20 : 577.32"
"27,21 : 430.35"
"27,22 : 686.86"
"27,23 : 236.24"
"27,24 : 403.42"
"27,25 : 125.1"
"27,26 : 137.09"
"27,27 : 0.0"
"27,28 : 510.77"
"27,29 : 519.0"
"27,30 : 193.81"
"27,31 : 51.66"
"27,32 : 824.03"
"27,33 : 744.89"
"27,34 : 253.65"
"27,35 : 685.16"
"27,36 : 862.08"
"27,37 : 303.21"
"27,38 : 710.77"
"27,39 : 448.14"
"27,40 : 717.05"
"27,41 : 181.54"
"27,42 : 534.51"
"27,43 : 202.02"
"27,44 : 271.69"
"27,45 : 883.4"
"27,46 : 734.51"
"27,47 : 315.31"
"27,48 : 203.33"
"27,49 : 456.45"
"28,0 : 149.48"
"28,1 : 844.38"
"28,2 : 490.95"
"28,3 : 25.63"
"28,4 : 125.21"
"28,5 : 839.91"
"28,6 : 875.78"
"28,7 : 566.97"
"28,8 : 390.91"
"28,9 : 869.88"
"28,10 : 587.25"
"28,11 : 841.39"
"28,12 : 1023.0"
"28,13 : 802.32"
"28,14 : 999.74"
"28,15 : 448.34"
"28,16 : 356.39"
"28,17 : 568.7"
"28,18 : 631.59"
"28,19 : 364.56"
"28,20 : 402.45"
"28,21 : 897.62"
"28,22 : 913.25"
"28,23 : 746.8"
"28,24 : 456.22"
"28,25 : 606.43"
"28,26 : 433.01"
"28,27 : 510.77"
"28,28 : 0.0"
"28,29 : 602.28"
"28,30 : 577.94"
"28,31 : 555.18"
"28,32 : 971.91"
"28,33 : 459.59"
"28,34 : 266.29"
"28,35 : 698.06"
"28,36 : 967.18"
"28,37 : 236.64"
"28,38 : 737.29"
"28,39 : 903.71"
"28,40 : 776.57"
"28,41 : 662.05"
"28,42 : 571.15"
"28,43 : 403.15"
"28,44 : 679.31"
"28,45 : 931.33"
"28,46 : 628.83"
"28,47 : 777.47"
"28,48 : 633.26"
"28,49 : 841.63"
"29,0 : 460.62"
"29,1 : 448.19"
"29,2 : 258.52"
"29,3 : 616.3"
"29,4 : 526.45"
"29,5 : 397.19"
"29,6 : 325.87"
"29,7 : 68.15"
"29,8 : 307.78"
"29,9 : 323.21"
"29,10 : 438.34"
"29,11 : 572.72"
"29,12 : 442.56"
"29,13 : 500.85"
"29,14 : 411.25"
"29,15 : 510.6"
"29,16 : 661.97"
"29,17 : 119.82"
"29,18 : 270.07"
"29,19 : 441.39"
"29,20 : 277.62"
"29,21 : 571.22"
"29,22 : 323.01"
"29,23 : 625.16"
"29,24 : 155.79"
"29,25 : 632.92"
"29,26 : 396.14"
"29,27 : 519.0"
"29,28 : 602.28"
"29,29 : 0.0"
"29,30 : 361.36"
"29,31 : 559.88"
"29,32 : 371.99"
"29,33 : 429.67"
"29,34 : 451.86"
"29,35 : 167.33"
"29,36 : 379.59"
"29,37 : 592.74"
"29,38 : 191.86"
"29,39 : 552.68"
"29,40 : 204.63"
"29,41 : 486.41"
"29,42 : 51.86"
"29,43 : 344.36"
"29,44 : 381.9"
"29,45 : 374.48"
"29,46 : 264.37"
"29,47 : 494.6"
"29,48 : 407.77"
"29,49 : 410.56"
"30,0 : 439.74"
"30,1 : 273.1"
"30,2 : 132.77"
"30,3 : 576.97"
"30,4 : 456.34"
"30,5 : 287.37"
"30,6 : 399.52"
"30,7 : 295.2"
"30,8 : 525.71"
"30,9 : 666.31"
"30,10 : 78.19"
"30,11 : 278.0"
"30,12 : 743.96"
"30,13 : 227.18"
"30,14 : 702.65"
"30,15 : 221.21"
"30,16 : 427.59"
"30,17 : 456.02"
"30,18 : 122.33"
"30,19 : 231.35"
"30,20 : 500.55"
"30,21 : 322.3"
"30,22 : 493.22"
"30,23 : 269.07"
"30,24 : 289.61"
"30,25 : 283.55"
"30,26 : 152.59"
"30,27 : 193.81"
"30,28 : 577.94"
"30,29 : 361.36"
"30,30 : 0.0"
"30,31 : 218.34"
"30,32 : 634.09"
"30,33 : 679.06"
"30,34 : 317.33"
"30,35 : 527.8"
"30,36 : 676.54"
"30,37 : 427.52"
"30,38 : 547.66"
"30,39 : 326.02"
"30,40 : 545.59"
"30,41 : 131.4"
"30,42 : 389.62"
"30,43 : 176.01"
"30,44 : 102.84"
"30,45 : 706.6"
"30,46 : 607.36"
"30,47 : 204.75"
"30,48 : 63.01"
"30,49 : 283.18"
"31,0 : 454.14"
"31,1 : 431.21"
"31,2 : 302.64"
"31,3 : 544.62"
"31,4 : 432.36"
"31,5 : 470.41"
"31,6 : 609.81"
"31,7 : 491.74"
"31,8 : 646.72"
"31,9 : 876.11"
"31,10 : 147.27"
"31,11 : 336.04"
"31,12 : 961.29"
"31,13 : 331.96"
"31,14 : 920.43"
"31,15 : 108.0"
"31,16 : 278.98"
"31,17 : 636.37"
"31,18 : 340.51"
"31,19 : 208.97"
"31,20 : 628.16"
"31,21 : 413.15"
"31,22 : 709.33"
"31,23 : 196.21"
"31,24 : 450.32"
"31,25 : 75.43"
"31,26 : 187.17"
"31,27 : 51.66"
"31,28 : 555.18"
"31,29 : 559.88"
"31,30 : 218.34"
"31,31 : 0.0"
"31,32 : 852.43"
"31,33 : 796.35"
"31,34 : 302.42"
"31,35 : 726.83"
"31,36 : 893.88"
"31,37 : 339.49"
"31,38 : 751.08"
"31,39 : 434.37"
"31,40 : 754.91"
"31,41 : 171.81"
"31,42 : 578.05"
"31,43 : 252.2"
"31,44 : 280.94"
"31,45 : 919.59"
"31,46 : 781.58"
"31,47 : 304.14"
"31,48 : 213.06"
"31,49 : 460.54"
"32,0 : 832.32"
"32,1 : 541.93"
"32,2 : 585.09"
"32,3 : 986.94"
"32,4 : 898.31"
"32,5 : 471.16"
"32,6 : 291.34"
"32,7 : 420.83"
"32,8 : 633.02"
"32,9 : 207.17"
"32,10 : 708.25"
"32,11 : 718.82"
"32,12 : 130.46"
"32,13 : 651.11"
"32,14 : 85.05"
"32,15 : 834.72"
"32,16 : 1012.99"
"32,17 : 416.81"
"32,18 : 512.15"
"32,19 : 788.04"
"32,20 : 607.36"
"32,21 : 673.15"
"32,22 : 172.63"
"32,23 : 844.42"
"32,24 : 526.31"
"32,25 : 915.56"
"32,26 : 727.03"
"32,27 : 824.03"
"32,28 : 971.91"
"32,29 : 371.99"
"32,30 : 634.09"
"32,31 : 852.43"
"32,32 : 0.0"
"32,33 : 702.68"
"32,34 : 815.8"
"32,35 : 302.91"
"32,36 : 80.06"
"32,37 : 957.31"
"32,38 : 266.82"
"32,39 : 640.53"
"32,40 : 214.58"
"32,41 : 723.25"
"32,42 : 400.94"
"32,43 : 689.38"
"32,44 : 594.46"
"32,45 : 180.01"
"32,46 : 450.68"
"32,47 : 661.31"
"32,48 : 651.7"
"32,49 : 489.31"
"33,0 : 409.89"
"33,1 : 857.98"
"33,2 : 546.39"
"33,3 : 484.65"
"33,4 : 482.89"
"33,5 : 816.97"
"33,6 : 753.3"
"33,7 : 452.66"
"33,8 : 153.57"
"33,9 : 531.02"
"33,10 : 736.38"
"33,11 : 945.89"
"33,12 : 700.05"
"33,13 : 881.08"
"33,14 : 694.03"
"33,15 : 701.5"
"33,16 : 736.05"
"33,17 : 318.47"
"33,18 : 644.87"
"33,19 : 596.85"
"33,20 : 178.9"
"33,21 : 965.83"
"33,22 : 727.42"
"33,23 : 937.63"
"33,24 : 395.99"
"33,25 : 869.18"
"33,26 : 611.13"
"33,27 : 744.89"
"33,28 : 459.59"
"33,29 : 429.67"
"33,30 : 679.06"
"33,31 : 796.35"
"33,32 : 702.68"
"33,33 : 0.0"
"33,34 : 529.69"
"33,35 : 401.7"
"33,36 : 664.0"
"33,37 : 617.5"
"33,38 : 436.03"
"33,39 : 954.42"
"33,40 : 489.0"
"33,41 : 807.59"
"33,42 : 377.84"
"33,43 : 547.23"
"33,44 : 746.23"
"33,45 : 591.14"
"33,46 : 256.33"
"33,47 : 866.66"
"33,48 : 740.84"
"33,49 : 828.07"
"34,0 : 151.82"
"34,1 : 588.98"
"34,2 : 256.01"
"34,3 : 262.09"
"34,4 : 141.52"
"34,5 : 593.35"
"34,6 : 659.73"
"34,7 : 395.48"
"34,8 : 394.82"
"34,9 : 766.15"
"34,10 : 321.05"
"34,11 : 575.22"
"34,12 : 894.41"
"34,13 : 538.03"
"34,14 : 862.29"
"34,15 : 194.86"
"34,16 : 223.51"
"34,17 : 472.47"
"34,18 : 390.02"
"34,19 : 99.16"
"34,20 : 385.72"
"34,21 : 633.06"
"34,22 : 720.72"
"34,23 : 486.28"
"34,24 : 297.69"
"34,25 : 364.65"
"34,26 : 167.84"
"34,27 : 253.65"
"34,28 : 266.29"
"34,29 : 451.86"
"34,30 : 317.33"
"34,31 : 302.42"
"34,32 : 815.8"
"34,33 : 529.69"
"34,34 : 0.0"
"34,35 : 594.01"
"34,36 : 830.96"
"34,37 : 141.52"
"34,38 : 628.73"
"34,39 : 640.83"
"34,40 : 653.37"
"34,41 : 395.78"
"34,42 : 441.68"
"34,43 : 151.05"
"34,44 : 420.05"
"34,45 : 822.0"
"34,46 : 588.51"
"34,47 : 512.61"
"34,48 : 369.38"
"34,49 : 592.56"
"35,0 : 570.92"
"35,1 : 579.25"
"35,2 : 424.7"
"35,3 : 716.19"
"35,4 : 644.57"
"35,5 : 518.43"
"35,6 : 396.01"
"35,7 : 235.27"
"35,8 : 334.28"
"35,9 : 174.5"
"35,10 : 605.18"
"35,11 : 722.44"
"35,12 : 326.44"
"35,13 : 649.46"
"35,14 : 308.25"
"35,15 : 673.77"
"35,16 : 812.3"
"35,17 : 129.71"
"35,18 : 429.73"
"35,19 : 597.8"
"35,20 : 310.9"
"35,21 : 710.03"
"35,22 : 339.2"
"35,23 : 788.81"
"35,24 : 299.87"
"35,25 : 800.11"
"35,26 : 559.18"
"35,27 : 685.16"
"35,28 : 698.06"
"35,29 : 167.33"
"35,30 : 527.8"
"35,31 : 726.83"
"35,32 : 302.91"
"35,33 : 401.7"
"35,34 : 594.01"
"35,35 : 0.0"
"35,36 : 276.06"
"35,37 : 731.07"
"35,38 : 39.56"
"35,39 : 687.0"
"35,40 : 88.36"
"35,41 : 650.71"
"35,42 : 155.08"
"35,43 : 503.72"
"35,44 : 540.11"
"35,45 : 234.3"
"35,46 : 160.33"
"35,47 : 646.78"
"35,48 : 571.81"
"35,49 : 534.43"
"36,0 : 832.9"
"36,1 : 608.77"
"36,2 : 613.77"
"36,3 : 983.85"
"36,4 : 902.52"
"36,5 : 538.0"
"36,6 : 360.9"
"36,7 : 436.81"
"36,8 : 610.27"
"36,9 : 142.76"
"36,10 : 752.76"
"36,11 : 783.15"
"36,12 : 67.42"
"36,13 : 713.73"
"36,14 : 32.57"
"36,15 : 867.47"
"36,16 : 1036.34"
"36,17 : 400.93"
"36,18 : 556.51"
"36,19 : 812.42"
"36,20 : 586.9"
"36,21 : 741.81"
"36,22 : 245.01"
"36,23 : 900.12"
"36,24 : 535.25"
"36,25 : 959.91"
"36,26 : 756.6"
"36,27 : 862.08"
"36,28 : 967.18"
"36,29 : 379.59"
"36,30 : 676.54"
"36,31 : 893.88"
"36,32 : 80.06"
"36,33 : 664.0"
"36,34 : 830.96"
"36,35 : 276.06"
"36,36 : 0.0"
"36,37 : 972.12"
"36,38 : 236.91"
"36,39 : 710.12"
"36,40 : 191.38"
"36,41 : 774.26"
"36,42 : 399.08"
"36,43 : 713.63"
"36,44 : 646.7"
"36,45 : 103.32"
"36,46 : 408.07"
"36,47 : 721.96"
"36,48 : 700.05"
"36,49 : 556.25"
"37,0 : 207.62"
"37,1 : 699.75"
"37,2 : 390.55"
"37,3 : 219.54"
"37,4 : 140.0"
"37,5 : 713.03"
"37,6 : 793.98"
"37,7 : 536.99"
"37,8 : 500.37"
"37,9 : 904.32"
"37,10 : 409.92"
"37,11 : 657.0"
"37,12 : 1035.27"
"37,13 : 632.06"
"37,14 : 1003.53"
"37,15 : 241.25"
"37,16 : 124.58"
"37,17 : 606.76"
"37,18 : 517.23"
"37,19 : 197.04"
"37,20 : 497.42"
"37,21 : 724.31"
"37,22 : 859.75"
"37,23 : 535.65"
"37,24 : 437.82"
"37,25 : 379.86"
"37,26 : 276.0"
"37,27 : 303.21"
"37,28 : 236.64"
"37,29 : 592.74"
"37,30 : 427.52"
"37,31 : 339.49"
"37,32 : 957.31"
"37,33 : 617.5"
"37,34 : 141.52"
"37,35 : 731.07"
"37,36 : 972.12"
"37,37 : 0.0"
"37,38 : 766.69"
"37,39 : 737.39"
"37,40 : 793.12"
"37,41 : 476.24"
"37,42 : 580.54"
"37,43 : 281.84"
"37,44 : 528.92"
"37,45 : 961.05"
"37,46 : 712.9"
"37,47 : 604.89"
"37,48 : 469.55"
"37,49 : 710.09"
"38,0 : 609.26"
"38,1 : 580.75"
"38,2 : 450.35"
"38,3 : 755.28"
"38,4 : 682.45"
"38,5 : 517.46"
"38,6 : 383.99"
"38,7 : 259.86"
"38,8 : 373.36"
"38,9 : 137.64"
"38,10 : 625.56"
"38,11 : 730.21"
"38,12 : 286.88"
"38,13 : 657.1"
"38,14 : 268.99"
"38,15 : 701.97"
"38,16 : 845.57"
"38,17 : 168.67"
"38,18 : 444.49"
"38,19 : 629.0"
"38,20 : 350.27"
"38,21 : 713.34"
"38,22 : 317.04"
"38,23 : 804.77"
"38,24 : 332.77"
"38,25 : 823.58"
"38,26 : 587.39"
"38,27 : 710.77"
"38,28 : 737.29"
"38,29 : 191.86"
"38,30 : 547.66"
"38,31 : 751.08"
"38,32 : 266.82"
"38,33 : 436.03"
"38,34 : 628.73"
"38,35 : 39.56"
"38,36 : 236.91"
"38,37 : 766.69"
"38,38 : 0.0"
"38,39 : 688.8"
"38,40 : 53.49"
"38,41 : 667.62"
"38,42 : 187.54"
"38,43 : 533.67"
"38,44 : 553.17"
"38,45 : 196.11"
"38,46 : 187.88"
"38,47 : 656.08"
"38,48 : 588.75"
"38,49 : 534.08"
"39,0 : 765.38"
"39,1 : 108.06"
"39,2 : 434.95"
"39,3 : 902.08"
"39,4 : 781.27"
"39,5 : 175.07"
"39,6 : 349.52"
"39,7 : 508.55"
"39,8 : 807.17"
"39,9 : 763.9"
"39,10 : 327.47"
"39,11 : 114.13"
"39,12 : 770.39"
"39,13 : 105.55"
"39,14 : 724.69"
"39,15 : 502.76"
"39,16 : 707.37"
"39,17 : 671.29"
"39,18 : 311.1"
"39,19 : 548.66"
"39,20 : 778.37"
"39,21 : 35.81"
"39,22 : 467.93"
"39,23 : 293.14"
"39,24 : 561.74"
"39,25 : 451.68"
"39,26 : 473.21"
"39,27 : 448.14"
"39,28 : 903.71"
"39,29 : 552.68"
"39,30 : 326.02"
"39,31 : 434.37"
"39,32 : 640.53"
"39,33 : 954.42"
"39,34 : 640.83"
"39,35 : 687.0"
"39,36 : 710.12"
"39,37 : 737.39"
"39,38 : 688.8"
"39,39 : 0.0"
"39,40 : 661.43"
"39,41 : 266.61"
"39,42 : 599.71"
"39,43 : 501.89"
"39,44 : 227.18"
"39,45 : 780.34"
"39,46 : 816.0"
"39,47 : 133.22"
"39,48 : 271.54"
"39,49 : 157.2"
"40,0 : 644.44"
"40,1 : 553.57"
"40,2 : 458.5"
"40,3 : 793.67"
"40,4 : 715.74"
"40,5 : 487.82"
"40,6 : 343.52"
"40,7 : 269.8"
"40,8 : 421.14"
"40,9 : 121.2"
"40,10 : 623.77"
"40,11 : 710.05"
"40,12 : 246.97"
"40,13 : 637.11"
"40,14 : 223.91"
"40,15 : 712.9"
"40,16 : 866.21"
"40,17 : 209.55"
"40,18 : 435.9"
"40,19 : 646.01"
"40,20 : 396.79"
"40,21 : 687.68"
"40,22 : 268.15"
"40,23 : 795.49"
"40,24 : 355.69"
"40,25 : 825.84"
"40,26 : 598.91"
"40,27 : 717.05"
"40,28 : 776.57"
"40,29 : 204.63"
"40,30 : 545.59"
"40,31 : 754.91"
"40,32 : 214.58"
"40,33 : 489.0"
"40,34 : 653.37"
"40,35 : 88.36"
"40,36 : 191.38"
"40,37 : 793.12"
"40,38 : 53.49"
"40,39 : 661.43"
"40,40 : 0.0"
"40,41 : 660.34"
"40,42 : 213.28"
"40,43 : 548.77"
"40,44 : 541.13"
"40,45 : 169.85"
"40,46 : 241.25"
"40,47 : 638.25"
"40,48 : 582.0"
"40,49 : 505.03"
"41,0 : 535.84"
"41,1 : 260.32"
"41,2 : 262.92"
"41,3 : 656.84"
"41,4 : 537.03"
"41,5 : 304.58"
"41,6 : 458.93"
"41,7 : 422.14"
"41,8 : 654.03"
"41,9 : 779.4"
"41,10 : 77.1"
"41,11 : 181.34"
"41,12 : 841.12"
"41,13 : 162.0"
"41,14 : 797.82"
"41,15 : 237.54"
"41,16 : 440.77"
"41,17 : 585.72"
"41,18 : 224.45"
"41,19 : 297.89"
"41,20 : 629.68"
"41,21 : 249.47"
"41,22 : 567.39"
"41,23 : 139.0"
"41,24 : 420.81"
"41,25 : 208.08"
"41,26 : 231.9"
"41,27 : 181.54"
"41,28 : 662.05"
"41,29 : 486.41"
"41,30 : 131.4"
"41,31 : 171.81"
"41,32 : 723.25"
"41,33 : 807.59"
"41,34 : 395.78"
"41,35 : 650.71"
"41,36 : 774.26"
"41,37 : 476.24"
"41,38 : 667.62"
"41,39 : 266.61"
"41,40 : 660.34"
"41,41 : 0.0"
"41,42 : 518.01"
"41,43 : 279.89"
"41,44 : 129.03"
"41,45 : 814.96"
"41,46 : 737.44"
"41,47 : 134.0"
"41,48 : 78.92"
"41,49 : 293.06"
"42,0 : 434.0"
"42,1 : 496.39"
"42,2 : 275.57"
"42,3 : 586.66"
"42,4 : 503.57"
"42,5 : 447.23"
"42,6 : 376.97"
"42,7 : 97.02"
"42,8 : 258.44"
"42,9 : 324.58"
"42,10 : 464.7"
"42,11 : 614.69"
"42,12 : 458.84"
"42,13 : 543.64"
"42,14 : 431.43"
"42,15 : 520.12"
"42,16 : 658.05"
"42,17 : 71.87"
"42,18 : 308.71"
"42,19 : 442.72"
"42,20 : 228.63"
"42,21 : 617.03"
"42,22 : 368.14"
"42,23 : 657.0"
"42,24 : 145.25"
"42,25 : 652.36"
"42,26 : 405.73"
"42,27 : 534.51"
"42,28 : 571.15"
"42,29 : 51.86"
"42,30 : 389.62"
"42,31 : 578.05"
"42,32 : 400.94"
"42,33 : 377.84"
"42,34 : 441.68"
"42,35 : 155.08"
"42,36 : 399.08"
"42,37 : 580.54"
"42,38 : 187.54"
"42,39 : 599.71"
"42,40 : 213.28"
"42,41 : 518.01"
"42,42 : 0.0"
"42,43 : 349.04"
"42,44 : 420.3"
"42,45 : 380.53"
"42,46 : 222.2"
"42,47 : 535.81"
"42,48 : 440.26"
"42,49 : 460.18"
"43,0 : 263.77"
"43,1 : 441.94"
"43,2 : 109.11"
"43,3 : 403.52"
"43,4 : 283.82"
"43,5 : 442.95"
"43,6 : 512.17"
"43,7 : 279.57"
"43,8 : 395.88"
"43,9 : 667.45"
"43,10 : 203.04"
"43,11 : 449.28"
"43,12 : 779.36"
"43,13 : 402.81"
"43,14 : 743.66"
"43,15 : 173.61"
"43,16 : 323.64"
"43,17 : 397.95"
"43,18 : 239.0"
"43,19 : 98.86"
"43,20 : 376.35"
"43,21 : 498.09"
"43,22 : 580.39"
"43,23 : 396.68"
"43,24 : 208.54"
"43,25 : 327.01"
"43,26 : 65.03"
"43,27 : 202.02"
"43,28 : 403.15"
"43,29 : 344.36"
"43,30 : 176.01"
"43,31 : 252.2"
"43,32 : 689.38"
"43,33 : 547.23"
"43,34 : 151.05"
"43,35 : 503.72"
"43,36 : 713.63"
"43,37 : 281.84"
"43,38 : 533.67"
"43,39 : 501.89"
"43,40 : 548.77"
"43,41 : 279.89"
"43,42 : 349.04"
"43,43 : 0.0"
"43,44 : 276.28"
"43,45 : 718.47"
"43,46 : 536.49"
"43,47 : 379.47"
"43,48 : 234.83"
"43,49 : 442.75"
"44,0 : 538.93"
"44,1 : 170.85"
"44,2 : 210.02"
"44,3 : 678.97"
"44,4 : 558.53"
"44,5 : 193.13"
"44,6 : 332.1"
"44,7 : 323.4"
"44,8 : 595.01"
"44,9 : 658.27"
"44,10 : 137.06"
"44,11 : 199.91"
"44,12 : 713.32"
"44,13 : 136.36"
"44,14 : 669.71"
"44,15 : 311.71"
"44,16 : 521.02"
"44,17 : 491.14"
"44,18 : 111.88"
"44,19 : 333.62"
"44,20 : 567.67"
"44,21 : 228.04"
"44,22 : 438.66"
"44,23 : 255.56"
"44,24 : 350.27"
"44,25 : 331.14"
"44,26 : 255.18"
"44,27 : 271.69"
"44,28 : 679.31"
"44,29 : 381.9"
"44,30 : 102.84"
"44,31 : 280.94"
"44,32 : 594.46"
"44,33 : 746.23"
"44,34 : 420.05"
"44,35 : 540.11"
"44,36 : 646.7"
"44,37 : 528.92"
"44,38 : 553.17"
"44,39 : 227.18"
"44,40 : 541.13"
"44,41 : 129.03"
"44,42 : 420.3"
"44,43 : 276.28"
"44,44 : 0.0"
"44,45 : 690.97"
"44,46 : 642.5"
"44,47 : 120.44"
"44,48 : 68.54"
"44,49 : 186.13"
"45,0 : 805.2"
"45,1 : 675.43"
"45,2 : 626.57"
"45,3 : 949.89"
"45,4 : 878.56"
"45,5 : 605.65"
"45,6 : 436.25"
"45,7 : 439.19"
"45,8 : 557.28"
"45,9 : 62.36"
"45,10 : 784.47"
"45,11 : 844.01"
"45,12 : 111.0"
"45,13 : 772.51"
"45,14 : 120.65"
"45,15 : 881.45"
"45,16 : 1035.92"
"45,17 : 363.94"
"45,18 : 591.69"
"45,19 : 815.84"
"45,20 : 537.28"
"45,21 : 810.2"
"45,22 : 328.12"
"45,23 : 946.52"
"45,24 : 524.55"
"45,25 : 989.12"
"45,26 : 767.82"
"45,27 : 883.4"
"45,28 : 931.33"
"45,29 : 374.48"
"45,30 : 706.6"
"45,31 : 919.59"
"45,32 : 180.01"
"45,33 : 591.14"
"45,34 : 822.0"
"45,35 : 234.3"
"45,36 : 103.32"
"45,37 : 961.05"
"45,38 : 196.11"
"45,39 : 780.34"
"45,40 : 169.85"
"45,41 : 814.96"
"45,42 : 380.53"
"45,43 : 718.47"
"45,44 : 690.97"
"45,45 : 0.0"
"45,46 : 336.01"
"45,47 : 777.6"
"45,48 : 737.96"
"45,49 : 623.77"
"46,0 : 525.0"
"46,1 : 710.34"
"46,2 : 484.87"
"46,3 : 650.44"
"46,4 : 603.12"
"46,5 : 655.35"
"46,6 : 550.19"
"46,7 : 319.13"
"46,8 : 238.54"
"46,9 : 275.15"
"46,10 : 680.04"
"46,11 : 836.32"
"46,12 : 444.03"
"46,13 : 764.83"
"46,14 : 437.83"
"46,15 : 709.8"
"46,16 : 812.0"
"46,17 : 151.95"
"46,18 : 530.89"
"46,19 : 618.39"
"46,20 : 227.14"
"46,21 : 835.33"
"46,22 : 499.43"
"46,23 : 876.16"
"46,24 : 331.27"
"46,25 : 856.92"
"46,26 : 599.27"
"46,27 : 734.51"
"46,28 : 628.83"
"46,29 : 264.37"
"46,30 : 607.36"
"46,31 : 781.58"
"46,32 : 450.68"
"46,33 : 256.33"
"46,34 : 588.51"
"46,35 : 160.33"
"46,36 : 408.07"
"46,37 : 712.9"
"46,38 : 187.88"
"46,39 : 816.0"
"46,40 : 241.25"
"46,41 : 737.44"
"46,42 : 222.2"
"46,43 : 536.49"
"46,44 : 642.5"
"46,45 : 336.01"
"46,46 : 0.0"
"46,47 : 757.69"
"46,48 : 660.55"
"46,49 : 669.94"
"47,0 : 642.92"
"47,1 : 141.65"
"47,2 : 327.39"
"47,3 : 774.61"
"47,4 : 653.83"
"47,5 : 201.94"
"47,6 : 377.19"
"47,7 : 439.56"
"47,8 : 715.29"
"47,9 : 751.03"
"47,10 : 195.21"
"47,11 : 79.71"
"47,12 : 786.62"
"47,13 : 28.0"
"47,14 : 741.59"
"47,15 : 369.54"
"47,16 : 574.59"
"47,17 : 607.28"
"47,18 : 228.0"
"47,19 : 418.37"
"47,20 : 688.05"
"47,21 : 120.54"
"47,22 : 494.18"
"47,23 : 193.77"
"47,24 : 470.71"
"47,25 : 329.27"
"47,26 : 344.82"
"47,27 : 315.31"
"47,28 : 777.47"
"47,29 : 494.6"
"47,30 : 204.75"
"47,31 : 304.14"
"47,32 : 661.31"
"47,33 : 866.66"
"47,34 : 512.61"
"47,35 : 646.78"
"47,36 : 721.96"
"47,37 : 604.89"
"47,38 : 656.08"
"47,39 : 133.22"
"47,40 : 638.25"
"47,41 : 134.0"
"47,42 : 535.81"
"47,43 : 379.47"
"47,44 : 120.44"
"47,45 : 777.6"
"47,46 : 757.69"
"47,47 : 0.0"
"47,48 : 144.8"
"47,49 : 186.27"
"48,0 : 498.13"
"48,1 : 233.21"
"48,2 : 194.54"
"48,3 : 630.97"
"48,4 : 510.14"
"48,5 : 261.23"
"48,6 : 397.62"
"48,7 : 344.0"
"48,8 : 587.66"
"48,9 : 701.41"
"48,10 : 68.62"
"48,11 : 215.68"
"48,12 : 767.18"
"48,13 : 169.07"
