x,y
157,709
625,571
943,920
762,740
791,792
399,805
744,332
2,580
155,858
686,236
674,423
76,301
258,944
155,406
81,104
369,413
47,766
738,86
942,28
761,985
606,949
971,772
580,156
717,107
874,543
780,968
352,78
594,139
704,778
592,165
702,94
183,486
807,908
435,276
42,516
140,196
97,994
779,540
862,362
125,322
54,773
72,399
457,802
31,822
839,424
479,435
431,650
660,562
755,763
456,148

Distanze
"0,0 : 0.0"
"0,1 : 251.34"
"0,2 : 765.06"
"0,3 : 393.66"
"0,4 : 741.6"
"0,5 : 443.66"
"0,6 : 260.66"
"0,7 : 391.65"
"0,8 : 635.61"
"0,9 : 441.14"
"0,10 : 509.25"
"0,11 : 504.76"
"0,12 : 969.75"
"0,13 : 690.37"
"0,14 : 746.54"
"0,15 : 653.43"
"0,16 : 640.95"
"0,17 : 693.21"
"0,18 : 294.36"
"0,19 : 610.0"
"0,20 : 470.79"
"0,21 : 817.01"
"0,22 : 233.62"
"0,23 : 320.6"
"0,24 : 719.24"
"0,25 : 688.8"
"0,26 : 688.28"
"0,27 : 390.13"
"0,28 : 563.89"
"0,29 : 643.47"
"0,30 : 309.15"
"0,31 : 248.58"
"0,32 : 260.38"
"0,33 : 601.13"
"0,34 : 401.87"
"0,35 : 316.18"
"0,36 : 831.45"
"0,37 : 842.17"
"0,38 : 422.0"
"0,39 : 770.51"
"0,40 : 399.32"
"0,41 : 922.44"
"0,42 : 737.78"
"0,43 : 63.63"
"0,44 : 751.2"
"0,45 : 734.11"
"0,46 : 897.52"
"0,47 : 602.29"
"0,48 : 810.0"
"0,49 : 538.59"
"1,0 : 251.34"
"1,1 : 0.0"
"1,2 : 527.97"
"1,3 : 259.43"
"1,4 : 590.43"
"1,5 : 192.42"
"1,6 : 32.65"
"1,7 : 148.68"
"1,8 : 395.48"
"1,9 : 318.64"
"1,10 : 260.75"
"1,11 : 573.17"
"1,12 : 728.05"
"1,13 : 534.24"
"1,14 : 647.88"
"1,15 : 580.99"
"1,16 : 389.85"
"1,17 : 452.31"
"1,18 : 221.38"
"1,19 : 412.83"
"1,20 : 302.2"
"1,21 : 705.0"
"1,22 : 169.2"
"1,23 : 280.87"
"1,24 : 468.11"
"1,25 : 437.48"
"1,26 : 440.11"
"1,27 : 420.39"
"1,28 : 341.79"
"1,29 : 613.01"
"1,30 : 263.18"
"1,31 : 381.32"
"1,32 : 255.77"
"1,33 : 362.35"
"1,34 : 363.6"
"1,35 : 188.28"
"1,36 : 586.58"
"1,37 : 598.75"
"1,38 : 228.47"
"1,39 : 578.89"
"1,40 : 291.0"
"1,41 : 766.49"
"1,42 : 489.49"
"1,43 : 262.71"
"1,44 : 501.86"
"1,45 : 484.79"
"1,46 : 708.92"
"1,47 : 395.62"
"1,48 : 563.72"
"1,49 : 363.08"
"2,0 : 765.06"
"2,1 : 527.97"
"2,2 : 0.0"
"2,3 : 437.71"
"2,4 : 375.7"
"2,5 : 355.26"
"2,6 : 509.2"
"2,7 : 442.05"
"2,8 : 376.89"
"2,9 : 436.9"
"2,10 : 277.22"
"2,11 : 811.61"
"2,12 : 207.42"
"2,13 : 346.11"
"2,14 : 538.15"
"2,15 : 567.54"
"2,16 : 250.99"
"2,17 : 374.82"
"2,18 : 683.86"
"2,19 : 230.05"
"2,20 : 355.8"
"2,21 : 534.96"
"2,22 : 665.69"
"2,23 : 739.52"
"2,24 : 234.61"
"2,25 : 221.77"
"2,26 : 134.18"
"2,27 : 680.72"
"2,28 : 209.81"
"2,29 : 667.26"
"2,30 : 724.88"
"2,31 : 776.96"
"2,32 : 745.76"
"2,33 : 386.93"
"2,34 : 570.78"
"2,35 : 625.2"
"2,36 : 96.75"
"2,37 : 94.18"
"2,38 : 359.94"
"2,39 : 238.41"
"2,40 : 680.6"
"2,41 : 452.6"
"2,42 : 303.71"
"2,43 : 788.27"
"2,44 : 133.7"
"2,45 : 135.2"
"2,46 : 313.98"
"2,47 : 524.76"
"2,48 : 98.49"
"2,49 : 598.25"
"3,0 : 393.66"
"3,1 : 259.43"
"3,2 : 437.71"
"3,3 : 0.0"
"3,4 : 350.46"
"3,5 : 285.45"
"3,6 : 226.81"
"3,7 : 327.71"
"3,8 : 513.04"
"3,9 : 59.2"
"3,10 : 287.46"
"3,11 : 406.64"
"3,12 : 642.41"
"3,13 : 297.6"
"3,14 : 388.82"
"3,15 : 323.83"
"3,16 : 438.73"
"3,17 : 558.42"
"3,18 : 480.71"
"3,19 : 232.83"
"3,20 : 86.4"
"3,21 : 448.45"
"3,22 : 425.07"
"3,23 : 539.72"
"3,24 : 502.84"
"3,25 : 468.26"
"3,26 : 417.8"
"3,27 : 257.11"
"3,28 : 231.49"
"3,29 : 369.49"
"3,30 : 522.04"
"3,31 : 340.85"
"3,32 : 509.28"
"3,33 : 490.17"
"3,34 : 154.87"
"3,35 : 445.47"
"3,36 : 525.45"
"3,37 : 529.16"
"3,38 : 99.01"
"3,39 : 382.0"
"3,40 : 545.51"
"3,41 : 531.27"
"3,42 : 554.59"
"3,43 : 439.93"
"3,44 : 481.09"
"3,45 : 466.08"
"3,46 : 506.09"
"3,47 : 579.78"
"3,48 : 512.82"
"3,49 : 581.94"
"4,0 : 741.6"
"4,1 : 590.43"
"4,2 : 375.7"
"4,3 : 350.46"
"4,4 : 0.0"
"4,5 : 521.05"
"4,6 : 558.91"
"4,7 : 600.14"
"4,8 : 676.47"
"4,9 : 300.48"
"4,10 : 468.36"
"4,11 : 547.58"
"4,12 : 508.18"
"4,13 : 56.64"
"4,14 : 166.77"
"4,15 : 229.63"
"4,16 : 556.23"
"4,17 : 697.82"
"4,18 : 806.68"
"4,19 : 215.11"
"4,20 : 288.44"
"4,21 : 161.52"
"4,22 : 759.56"
"4,23 : 867.41"
"4,24 : 579.01"
"4,25 : 553.22"
"4,26 : 462.65"
"4,27 : 470.68"
"4,28 : 318.87"
"4,29 : 336.27"
"4,30 : 849.9"
"4,31 : 631.08"
"4,32 : 846.19"
"4,33 : 670.18"
"4,34 : 380.08"
"4,35 : 761.13"
"4,36 : 466.37"
"4,37 : 455.97"
"4,38 : 363.57"
"4,39 : 147.33"
"4,40 : 850.73"
"4,41 : 180.95"
"4,42 : 649.14"
"4,43 : 790.04"
"4,44 : 497.03"
"4,45 : 491.45"
"4,46 : 202.14"
"4,47 : 797.39"
"4,48 : 473.76"
"4,49 : 836.85"
"5,0 : 443.66"
"5,1 : 192.42"
"5,2 : 355.26"
"5,3 : 285.45"
"5,4 : 521.05"
"5,5 : 0.0"
"5,6 : 186.39"
"5,7 : 89.55"
"5,8 : 233.99"
"5,9 : 332.6"
"5,10 : 78.09"
"5,11 : 679.8"
"5,12 : 545.72"
"5,13 : 465.74"
"5,14 : 624.24"
"5,15 : 587.49"
"5,16 : 199.25"
"5,17 : 285.33"
"5,18 : 330.22"
"5,19 : 310.71"
"5,20 : 269.46"
"5,21 : 664.17"
"5,22 : 310.78"
"5,23 : 387.7"
"5,24 : 277.07"
"5,25 : 245.6"
"5,26 : 251.88"
"5,27 : 524.07"
"5,28 : 212.16"
"5,29 : 649.59"
"5,30 : 372.25"
"5,31 : 539.2"
"5,32 : 390.62"
"5,33 : 207.42"
"5,34 : 435.17"
"5,35 : 272.92"
"5,36 : 401.62"
"5,37 : 415.58"
"5,38 : 195.36"
"5,39 : 464.49"
"5,40 : 342.81"
"5,41 : 678.84"
"5,42 : 305.55"
"5,43 : 452.86"
"5,44 : 311.42"
"5,45 : 294.44"
"5,46 : 589.67"
"5,47 : 297.58"
"5,48 : 377.07"
"5,49 : 318.01"
"6,0 : 260.66"
"6,1 : 32.65"
"6,2 : 509.2"
"6,3 : 226.81"
"6,4 : 558.91"
"6,5 : 186.39"
"6,6 : 0.0"
"6,7 : 158.32"
"6,8 : 401.81"
"6,9 : 286.02"
"6,10 : 248.65"
"6,11 : 549.12"
"6,12 : 711.54"
"6,13 : 502.84"
"6,14 : 615.23"
"6,15 : 548.66"
"6,16 : 385.61"
"6,17 : 457.75"
"6,18 : 254.03"
"6,19 : 384.54"
"6,20 : 270.51"
"6,21 : 672.46"
"6,22 : 201.16"
"6,23 : 313.48"
"6,24 : 463.45"
"6,25 : 431.74"
"6,26 : 427.62"
"6,27 : 395.01"
"6,28 : 317.62"
"6,29 : 581.99"
"6,30 : 295.79"
"6,31 : 367.66"
"6,32 : 287.41"
"6,33 : 369.74"
"6,34 : 333.97"
"6,35 : 220.12"
"6,36 : 571.66"
"6,37 : 583.0"
"6,38 : 198.12"
"6,39 : 550.6"
"6,40 : 322.27"
"6,41 : 735.56"
"6,42 : 489.39"
"6,43 : 279.08"
"6,44 : 490.61"
"6,45 : 473.52"
"6,46 : 680.62"
"6,47 : 413.36"
"6,48 : 549.72"
"6,49 : 387.06"
"7,0 : 391.65"
"7,1 : 148.68"
"7,2 : 442.05"
"7,3 : 327.71"
"7,4 : 600.14"
"7,5 : 89.55"
"7,6 : 158.32"
"7,7 : 0.0"
"7,8 : 247.01"
"7,9 : 381.87"
"7,10 : 166.38"
"7,11 : 697.26"
"7,12 : 627.05"
"7,13 : 544.03"
"7,14 : 692.06"
"7,15 : 645.23"
"7,16 : 256.78"
"7,17 : 304.09"
"7,18 : 241.88"
"7,19 : 394.32"
"7,20 : 332.28"
"7,21 : 737.24"
"7,22 : 228.43"
"7,23 : 298.57"
"7,24 : 334.15"
"7,25 : 306.89"
"7,26 : 331.01"
"7,27 : 541.22"
"7,28 : 299.11"
"7,29 : 697.2"
"7,30 : 283.38"
"7,31 : 525.98"
"7,32 : 304.48"
"7,33 : 213.69"
"7,34 : 465.09"
"7,35 : 183.81"
"7,36 : 482.0"
"7,37 : 497.2"
"7,38 : 252.83"
"7,39 : 551.71"
"7,40 : 255.0"
"7,41 : 762.79"
"7,42 : 346.52"
"7,43 : 390.42"
"7,44 : 386.08"
"7,45 : 369.57"
"7,46 : 677.93"
"7,47 : 260.5"
"7,48 : 456.16"
"7,49 : 254.44"
"8,0 : 635.61"
"8,1 : 395.48"
"8,2 : 376.89"
"8,3 : 513.04"
"8,4 : 676.47"
"8,5 : 233.99"
"8,6 : 401.81"
"8,7 : 247.01"
"8,8 : 0.0"
"8,9 : 553.83"
"8,10 : 231.14"
"8,11 : 913.08"
"8,12 : 497.69"
"8,13 : 627.38"
"8,14 : 808.59"
"8,15 : 791.52"
"8,16 : 127.8"
"8,17 : 57.63"
"8,18 : 423.14"
"8,19 : 464.15"
"8,20 : 479.34"
"8,21 : 833.8"
"8,22 : 440.95"
"8,23 : 461.47"
"8,24 : 159.82"
"8,25 : 158.0"
"8,26 : 243.51"
"8,27 : 757.69"
"8,28 : 363.25"
"8,29 : 865.42"
"8,30 : 452.59"
"8,31 : 767.13"
"8,32 : 493.97"
"8,33 : 34.99"
"8,34 : 666.01"
"8,35 : 366.46"
"8,36 : 363.8"
"8,37 : 383.82"
"8,38 : 416.64"
"8,39 : 577.04"
"8,40 : 372.13"
"8,41 : 803.16"
"8,42 : 126.04"
"8,43 : 627.46"
"8,44 : 259.33"
"8,45 : 249.61"
"8,46 : 681.04"
"8,47 : 151.45"
"8,48 : 335.29"
"8,49 : 240.67"
"9,0 : 441.14"
"9,1 : 318.64"
"9,2 : 436.9"
"9,3 : 59.2"
"9,4 : 300.48"
"9,5 : 332.6"
"9,6 : 286.02"
"9,7 : 381.87"
"9,8 : 553.83"
"9,9 : 0.0"
"9,10 : 324.05"
"9,11 : 383.04"
"9,12 : 636.57"
"9,13 : 250.25"
"9,14 : 329.82"
"9,15 : 265.7"
"9,16 : 469.97"
"9,17 : 596.23"
"9,18 : 539.89"
"9,19 : 216.12"
"9,20 : 85.15"
"9,21 : 390.51"
"9,22 : 483.96"
"9,23 : 598.85"
"9,24 : 528.91"
"9,25 : 494.77"
"9,26 : 435.13"
"9,27 : 244.03"
"9,28 : 241.22"
"9,29 : 317.28"
"9,30 : 581.17"
"9,31 : 357.96"
"9,32 : 567.83"
"9,33 : 533.15"
"9,34 : 134.38"
"9,35 : 504.5"
"9,36 : 528.98"
"9,37 : 530.42"
"9,38 : 138.03"
"9,39 : 349.04"
"9,40 : 604.22"
"9,41 : 481.3"
"9,42 : 585.06"
"9,43 : 490.56"
"9,44 : 495.97"
"9,45 : 482.04"
"9,46 : 468.0"
"9,47 : 629.47"
"9,48 : 519.34"
"9,49 : 636.31"
"10,0 : 509.25"
"10,1 : 260.75"
"10,2 : 277.22"
"10,3 : 287.46"
"10,4 : 468.36"
"10,5 : 78.09"
"10,6 : 248.65"
"10,7 : 166.38"
"10,8 : 231.14"
"10,9 : 324.05"
"10,10 : 0.0"
"10,11 : 693.08"
"10,12 : 469.79"
"10,13 : 415.02"
"10,14 : 586.0"
"10,15 : 561.9"
"10,16 : 154.49"
"10,17 : 272.21"
"10,18 : 407.96"
"10,19 : 253.66"
"10,20 : 248.2"
"10,21 : 618.72"
"10,22 : 388.58"
"10,23 : 464.95"
"10,24 : 226.43"
"10,25 : 192.34"
"10,26 : 179.4"
"10,27 : 540.3"
"10,28 : 150.34"
"10,29 : 634.28"
"10,30 : 449.72"
"10,31 : 579.25"
"10,32 : 468.71"
"10,33 : 214.13"
"10,34 : 442.22"
"10,35 : 350.18"
"10,36 : 326.7"
"10,37 : 339.81"
"10,38 : 188.88"
"10,39 : 397.56"
"10,40 : 415.42"
"10,41 : 617.17"
"10,42 : 269.65"
"10,43 : 523.39"
"10,44 : 241.96"
"10,45 : 224.88"
"10,46 : 519.66"
"10,47 : 330.72"
"10,48 : 303.2"
"10,49 : 370.41"
"11,0 : 504.76"
"11,1 : 573.17"
"11,2 : 811.61"
"11,3 : 406.64"
"11,4 : 547.58"
"11,5 : 679.8"
"11,6 : 549.12"
"11,7 : 697.26"
"11,8 : 913.08"
"11,9 : 383.04"
"11,10 : 693.08"
"11,11 : 0.0"
"11,12 : 1001.26"
"11,13 : 528.22"
"11,14 : 438.99"
"11,15 : 333.0"
"11,16 : 845.32"
"11,17 : 961.46"
"11,18 : 753.13"
"11,19 : 582.22"
"11,20 : 468.19"
"11,21 : 513.93"
"11,22 : 685.76"
"11,23 : 798.1"
"11,24 : 908.87"
"11,25 : 874.37"
"11,26 : 818.12"
"11,27 : 156.31"
"11,28 : 624.06"
"11,29 : 247.07"
"11,30 : 782.8"
"11,31 : 259.82"
"11,32 : 745.24"
"11,33 : 887.21"
"11,34 : 252.25"
"11,35 : 745.2"
"11,36 : 906.44"
"11,37 : 905.78"
"11,38 : 505.59"
"11,39 : 665.37"
"11,40 : 847.57"
"11,41 : 687.35"
"11,42 : 961.18"
"11,43 : 568.12"
"11,44 : 878.93"
"11,45 : 865.07"
"11,46 : 749.68"
"11,47 : 957.74"
"11,48 : 899.09"
"11,49 : 935.94"
"12,0 : 969.75"
"12,1 : 728.05"
"12,2 : 207.42"
"12,3 : 642.41"
"12,4 : 508.18"
"12,5 : 545.72"
"12,6 : 711.54"
"12,7 : 627.05"
"12,8 : 497.69"
"12,9 : 636.57"
"12,10 : 469.79"
"12,11 : 1001.26"
"12,12 : 0.0"
"12,13 : 497.31"
"12,14 : 674.4"
"12,15 : 727.27"
"12,16 : 392.98"
"12,17 : 472.55"
"12,18 : 865.15"
"12,19 : 422.23"
"12,20 : 558.57"
"12,21 : 650.17"
"12,22 : 855.02"
"12,23 : 917.14"
"12,24 : 337.97"
"12,25 : 346.56"
"12,26 : 296.17"
"12,27 : 878.4"
"12,28 : 417.03"
"12,29 : 832.34"
"12,30 : 903.91"
"12,31 : 982.77"
"12,32 : 930.78"
"12,33 : 519.31"
"12,34 : 768.62"
"12,35 : 805.31"
"12,36 : 145.22"
"12,37 : 130.14"
"12,38 : 567.25"
"12,39 : 361.44"
"12,40 : 846.45"
"12,41 : 515.5"
"12,42 : 385.75"
"12,43 : 990.18"
"12,44 : 247.7"
"12,45 : 262.38"
"12,46 : 363.5"
"12,47 : 648.1"
"12,48 : 172.17"
"12,49 : 737.14"
"13,0 : 690.37"
"13,1 : 534.24"
"13,2 : 346.11"
"13,3 : 297.6"
"13,4 : 56.64"
"13,5 : 465.74"
"13,6 : 502.84"
"13,7 : 544.03"
"13,8 : 627.38"
"13,9 : 250.25"
"13,10 : 415.02"
"13,11 : 528.22"
"13,12 : 497.31"
"13,13 : 0.0"
"13,14 : 193.26"
"13,15 : 229.96"
"13,16 : 509.52"
"13,17 : 651.15"
"13,18 : 750.12"
"13,19 : 163.53"
"13,20 : 232.57"
"13,21 : 206.46"
"13,22 : 703.31"
"13,23 : 810.86"
"13,24 : 537.08"
"13,25 : 509.76"
"13,26 : 421.3"
"13,27 : 437.92"
"13,28 : 266.69"
"13,29 : 335.48"
"13,30 : 793.36"
"13,31 : 590.95"
"13,32 : 790.0"
"13,33 : 619.67"
"13,34 : 341.12"
"13,35 : 704.49"
"13,36 : 440.21"
"13,37 : 431.89"
"13,38 : 307.06"
"13,39 : 140.04"
"13,40 : 794.22"
"13,41 : 234.4"
"13,42 : 606.41"
"13,43 : 737.53"
"13,44 : 460.49"
"13,45 : 453.49"
"13,46 : 228.98"
"13,47 : 745.02"
"13,48 : 444.57"
"13,49 : 782.28"
"14,0 : 746.54"
"14,1 : 647.88"
"14,2 : 538.15"
"14,3 : 388.82"
"14,4 : 166.77"
"14,5 : 624.24"
"14,6 : 615.23"
"14,7 : 692.06"
"14,8 : 808.59"
"14,9 : 329.82"
"14,10 : 586.0"
"14,11 : 438.99"
"14,12 : 674.4"
"14,13 : 193.26"
"14,14 : 0.0"
"14,15 : 109.04"
"14,16 : 695.73"
"14,17 : 836.67"
"14,18 : 869.26"
"14,19 : 347.57"
"14,20 : 359.96"
"14,21 : 77.32"
"14,22 : 813.77"
"14,23 : 928.49"
"14,24 : 728.1"
"14,25 : 699.69"
"14,26 : 613.03"
"14,27 : 406.97"
"14,28 : 445.43"
"14,29 : 198.52"
"14,30 : 910.81"
"14,31 : 585.0"
"14,32 : 897.37"
"14,33 : 797.48"
"14,34 : 348.1"
"14,35 : 831.8"
"14,36 : 630.85"
"14,37 : 621.28"
"14,38 : 439.96"
"14,39 : 314.09"
"14,40 : 929.27"
"14,41 : 251.44"
"14,42 : 796.64"
"14,43 : 802.73"
"14,44 : 653.67"
"14,45 : 646.43"
"14,46 : 345.78"
"14,47 : 915.8"
"14,48 : 636.62"
"14,49 : 941.57"
"15,0 : 653.43"
"15,1 : 580.99"
"15,2 : 567.54"
"15,3 : 323.83"
"15,4 : 229.63"
"15,5 : 587.49"
"15,6 : 548.66"
"15,7 : 645.23"
"15,8 : 791.52"
"15,9 : 265.7"
"15,10 : 561.9"
"15,11 : 333.0"
"15,12 : 727.27"
"15,13 : 229.96"
"15,14 : 109.04"
"15,15 : 0.0"
"15,16 : 688.57"
"15,17 : 826.01"
"15,18 : 800.77"
"15,19 : 351.32"
"15,20 : 318.14"
"15,21 : 186.27"
"15,22 : 741.6"
"15,23 : 858.38"
"15,24 : 731.46"
"15,25 : 700.36"
"15,26 : 620.75"
"15,27 : 299.77"
"15,28 : 435.9"
"15,29 : 106.78"
"15,30 : 840.82"
"15,31 : 479.21"
"15,32 : 822.44"
"15,33 : 776.03"
"15,34 : 251.59"
"15,35 : 768.5"
"15,36 : 663.64"
"15,37 : 657.11"
"15,38 : 393.96"
"15,39 : 368.27"
"15,40 : 869.21"
"15,41 : 354.36"
"15,42 : 796.73"
"15,43 : 711.84"
"15,44 : 669.42"
"15,45 : 659.75"
"15,46 : 428.25"
"15,47 : 884.51"
"15,48 : 664.83"
"15,49 : 899.04"
"16,0 : 640.95"
"16,1 : 389.85"
"16,2 : 250.99"
"16,3 : 438.73"
"16,4 : 556.23"
"16,5 : 199.25"
"16,6 : 385.61"
"16,7 : 256.78"
"16,8 : 127.8"
"16,9 : 469.97"
"16,10 : 154.49"
"16,11 : 845.32"
"16,12 : 392.98"
"16,13 : 509.52"
"16,14 : 695.73"
"16,15 : 688.57"
"16,16 : 0.0"
"16,17 : 141.66"
"16,18 : 480.76"
"16,19 : 348.32"
"16,20 : 388.79"
"16,21 : 715.66"
"16,22 : 481.27"
"16,23 : 529.08"
"16,24 : 78.29"
"16,25 : 50.64"
"16,26 : 116.85"
"16,27 : 693.7"
"16,28 : 253.0"
"16,29 : 770.06"
"16,30 : 517.02"
"16,31 : 731.71"
"16,32 : 549.28"
"16,33 : 136.03"
"16,34 : 593.51"
"16,35 : 420.87"
"16,36 : 251.09"
"16,37 : 269.9"
"16,38 : 339.74"
"16,39 : 450.8"
"16,40 : 453.91"
"16,41 : 676.78"
"16,42 : 115.87"
"16,43 : 645.5"
"16,44 : 145.6"
"16,45 : 132.26"
"16,46 : 553.25"
"16,47 : 273.77"
"16,48 : 222.64"
"16,49 : 350.77"
"17,0 : 693.21"
"17,1 : 452.31"
"17,2 : 374.82"
"17,3 : 558.42"
"17,4 : 697.82"
"17,5 : 285.33"
"17,6 : 457.75"
"17,7 : 304.09"
"17,8 : 57.63"
"17,9 : 596.23"
"17,10 : 272.21"
"17,11 : 961.46"
"17,12 : 472.55"
"17,13 : 651.15"
"17,14 : 836.67"
"17,15 : 826.01"
"17,16 : 141.66"
"17,17 : 0.0"
"17,18 : 477.42"
"17,19 : 489.58"
"17,20 : 518.84"
"17,21 : 857.32"
"17,22 : 497.42"
"17,23 : 513.47"
"17,24 : 142.84"
"17,25 : 153.7"
"17,26 : 246.61"
"17,27 : 806.77"
"17,28 : 392.31"
"17,29 : 903.87"
"17,30 : 505.36"
"17,31 : 821.79"
"17,32 : 548.24"
"17,33 : 92.42"
"17,34 : 712.53"
"17,35 : 421.63"
"17,36 : 347.02"
"17,37 : 367.49"
"17,38 : 460.6"
"17,39 : 589.32"
"17,40 : 421.05"
"17,41 : 814.6"
"17,42 : 87.46"
"17,43 : 684.96"
"17,44 : 247.52"
"17,45 : 241.23"
"17,46 : 685.85"
"17,47 : 180.49"
"17,48 : 319.33"
"17,49 : 278.41"
"18,0 : 294.36"
"18,1 : 221.38"
"18,2 : 683.86"
"18,3 : 480.71"
"18,4 : 806.68"
"18,5 : 330.22"
"18,6 : 254.03"
"18,7 : 241.88"
"18,8 : 423.14"
"18,9 : 539.89"
"18,10 : 407.96"
"18,11 : 753.13"
"18,12 : 865.15"
"18,13 : 750.12"
"18,14 : 869.26"
"18,15 : 800.77"
"18,16 : 480.76"
"18,17 : 477.42"
"18,18 : 0.0"
"18,19 : 616.37"
"18,20 : 520.31"
"18,21 : 925.9"
"18,22 : 67.48"
"18,23 : 60.8"
"18,24 : 552.72"
"18,25 : 531.15"
"18,26 : 569.29"
"18,27 : 610.61"
"18,28 : 530.54"
"18,29 : 826.48"
"18,30 : 43.57"
"18,31 : 520.03"
"18,32 : 70.84"
"18,33 : 389.17"
"18,34 : 573.02"
"18,35 : 60.0"
"18,36 : 719.95"
"18,37 : 736.06"
"18,38 : 443.14"
"18,39 : 780.05"
"18,40 : 105.0"
"18,41 : 979.39"
"18,42 : 545.22"
"18,43 : 254.47"
"18,44 : 620.14"
"18,45 : 604.3"
"18,46 : 908.87"
"18,47 : 340.6"
"18,48 : 693.21"
"18,49 : 257.86"
"19,0 : 610.0"
"19,1 : 412.83"
"19,2 : 230.05"
"19,3 : 232.83"
"19,4 : 215.11"
"19,5 : 310.71"
"19,6 : 384.54"
"19,7 : 394.32"
"19,8 : 464.15"
"19,9 : 216.12"
"19,10 : 253.66"
"19,11 : 582.22"
"19,12 : 422.23"
"19,13 : 163.53"
"19,14 : 347.57"
"19,15 : 351.32"
"19,16 : 348.32"
"19,17 : 489.58"
"19,18 : 616.37"
"19,19 : 0.0"
"19,20 : 146.54"
"19,21 : 369.74"
"19,22 : 577.41"
"19,23 : 676.94"
"19,24 : 382.58"
"19,25 : 353.01"
"19,26 : 269.83"
"19,27 : 456.21"
"19,28 : 103.77"
"19,29 : 444.78"
"19,30 : 659.93"
"19,31 : 570.93"
"19,32 : 664.12"
"19,33 : 456.14"
"19,34 : 346.54"
"19,35 : 565.82"
"19,36 : 326.08"
"19,37 : 324.08"
"19,38 : 190.25"
"19,39 : 166.09"
"19,40 : 648.64"
"19,41 : 368.52"
"19,42 : 450.0"
"19,43 : 647.29"
"19,44 : 318.57"
"19,45 : 308.51"
"19,46 : 296.12"
"19,47 : 582.29"
"19,48 : 321.91"
"19,49 : 623.35"
"20,0 : 470.79"
"20,1 : 302.2"
"20,2 : 355.8"
"20,3 : 86.4"
"20,4 : 288.44"
"20,5 : 269.46"
"20,6 : 270.51"
"20,7 : 332.28"
"20,8 : 479.34"
"20,9 : 85.15"
"20,10 : 248.2"
"20,11 : 468.19"
"20,12 : 558.57"
"20,13 : 232.57"
"20,14 : 359.96"
"20,15 : 318.14"
"20,16 : 388.79"
"20,17 : 518.84"
"20,18 : 520.31"
"20,19 : 146.54"
"20,20 : 0.0"
"20,21 : 408.72"
"20,22 : 471.4"
"20,23 : 580.82"
"20,24 : 445.3"
"20,25 : 411.4"
"20,26 : 350.04"
"20,27 : 327.56"
"20,28 : 156.21"
"20,29 : 386.1"
"20,30 : 563.22"
"20,31 : 426.36"
"20,32 : 557.88"
"20,33 : 461.16"
"20,34 : 218.69"
"20,35 : 477.62"
"20,36 : 446.2"
"20,37 : 448.55"
"20,38 : 80.16"
"20,39 : 300.04"
"20,40 : 571.93"
"20,41 : 466.24"
"20,42 : 503.05"
"20,43 : 512.73"
"20,44 : 410.85"
"20,45 : 396.89"
"20,46 : 426.78"
"20,47 : 566.39"
"20,48 : 435.58"
"20,49 : 583.65"
"21,0 : 817.01"
"21,1 : 705.0"
"21,2 : 534.96"
"21,3 : 448.45"
"21,4 : 161.52"
"21,5 : 664.17"
"21,6 : 672.46"
"21,7 : 737.24"
"21,8 : 833.8"
"21,9 : 390.51"
"21,10 : 618.72"
"21,11 : 513.93"
"21,12 : 650.17"
"21,13 : 206.46"
"21,14 : 77.32"
"21,15 : 186.27"
"21,16 : 715.66"
"21,17 : 857.32"
"21,18 : 925.9"
"21,19 : 369.74"
"21,20 : 408.72"
"21,21 : 0.0"
"21,22 : 872.76"
"21,23 : 985.81"
"21,24 : 740.37"
"21,25 : 714.21"
"21,26 : 624.05"
"21,27 : 484.0"
"21,28 : 472.22"
"21,29 : 269.94"
"21,30 : 968.12"
"21,31 : 661.47"
"21,32 : 957.56"
"21,33 : 825.68"
"21,34 : 421.73"
"21,35 : 885.62"
"21,36 : 623.16"
"21,37 : 611.43"
"21,38 : 488.62"
"21,39 : 299.55"
"21,40 : 980.65"
"21,41 : 185.61"
"21,42 : 810.36"
"21,43 : 871.92"
"21,44 : 658.25"
"21,45 : 652.89"
"21,46 : 302.03"
"21,47 : 949.39"
"21,48 : 632.31"
"21,49 : 982.13"
"22,0 : 233.62"
"22,1 : 169.2"
"22,2 : 665.69"
"22,3 : 425.07"
"22,4 : 759.56"
"22,5 : 310.78"
"22,6 : 201.16"
"22,7 : 228.43"
"22,8 : 440.95"
"22,9 : 483.96"
"22,10 : 388.58"
"22,11 : 685.76"
"22,12 : 855.02"
"22,13 : 703.31"
"22,14 : 813.77"
"22,15 : 741.6"
"22,16 : 481.27"
"22,17 : 497.42"
"22,18 : 67.48"
"22,19 : 577.41"
"22,20 : 471.4"
"22,21 : 872.76"
"22,22 : 0.0"
"22,23 : 117.72"
"22,24 : 556.63"
"22,25 : 531.87"
"22,26 : 559.23"
"22,27 : 543.96"
"22,28 : 498.06"
"22,29 : 763.53"
"22,30 : 100.62"
"22,31 : 453.22"
"22,32 : 86.95"
"22,33 : 406.09"
"22,34 : 509.48"
"22,35 : 84.81"
"22,36 : 710.14"
"22,37 : 725.0"
"22,38 : 396.92"
"22,39 : 742.86"
"22,40 : 168.72"
"22,41 : 935.09"
"22,42 : 557.71"
"22,43 : 201.4"
"22,44 : 614.38"
"22,45 : 597.93"
"22,46 : 872.59"
"22,47 : 379.05"
"22,48 : 684.49"
"22,49 : 306.87"
"23,0 : 320.6"
"23,1 : 280.87"
"23,2 : 739.52"
"23,3 : 539.72"
"23,4 : 867.41"
"23,5 : 387.7"
"23,6 : 313.48"
"23,7 : 298.57"
"23,8 : 461.47"
"23,9 : 598.85"
"23,10 : 464.95"
"23,11 : 798.1"
"23,12 : 917.14"
"23,13 : 810.86"
"23,14 : 928.49"
"23,15 : 858.38"
"23,16 : 529.08"
"23,17 : 513.47"
"23,18 : 60.8"
"23,19 : 676.94"
"23,20 : 580.82"
"23,21 : 985.81"
"23,22 : 117.72"
"23,23 : 0.0"
"23,24 : 598.66"
"23,25 : 579.0"
"23,26 : 622.11"
"23,27 : 659.34"
"23,28 : 590.33"
"23,29 : 881.25"
"23,30 : 17.69"
"23,31 : 557.66"
"23,32 : 61.68"
"23,33 : 428.61"
"23,34 : 627.18"
"23,35 : 114.79"
"23,36 : 772.15"
"23,37 : 788.75"
"23,38 : 503.85"
"23,39 : 840.36"
"23,40 : 103.23"
"23,41 : 1040.19"
"23,42 : 585.92"
"23,43 : 271.65"
"23,44 : 670.79"
"23,45 : 655.31"
"23,46 : 969.0"
"23,47 : 362.77"
"23,48 : 744.99"
"23,49 : 270.28"
"24,0 : 719.24"
"24,1 : 468.11"
"24,2 : 234.61"
"24,3 : 502.84"
"24,4 : 579.01"
"24,5 : 277.07"
"24,6 : 463.45"
"24,7 : 334.15"
"24,8 : 159.82"
"24,9 : 528.91"
"24,10 : 226.43"
"24,11 : 908.87"
"24,12 : 337.97"
"24,13 : 537.08"
"24,14 : 728.1"
"24,15 : 731.46"
"24,16 : 78.29"
"24,17 : 142.84"
"24,18 : 552.72"
"24,19 : 382.58"
"24,20 : 445.3"
"24,21 : 740.37"
"24,22 : 556.63"
"24,23 : 598.66"
"24,24 : 0.0"
"24,25 : 34.67"
"24,26 : 116.4"
"24,27 : 759.57"
"24,28 : 298.1"
"24,29 : 818.49"
"24,30 : 587.43"
"24,31 : 805.66"
"24,32 : 622.11"
"24,33 : 182.17"
"24,34 : 656.61"
"24,35 : 493.17"
"24,36 : 205.55"
"24,37 : 225.87"
"24,38 : 404.57"
"24,39 : 459.29"
"24,40 : 518.25"
"24,41 : 681.92"
"24,42 : 70.88"
"24,43 : 723.54"
"24,44 : 104.74"
"24,45 : 99.57"
"24,46 : 548.0"
"24,47 : 310.82"
"24,48 : 177.41"
"24,49 : 399.41"
"25,0 : 688.8"
"25,1 : 437.48"
"25,2 : 221.77"
"25,3 : 468.26"
"25,4 : 553.22"
"25,5 : 245.6"
"25,6 : 431.74"
"25,7 : 306.89"
"25,8 : 158.0"
"25,9 : 494.77"
"25,10 : 192.34"
"25,11 : 874.37"
"25,12 : 346.56"
"25,13 : 509.76"
"25,14 : 699.69"
"25,15 : 700.36"
"25,16 : 50.64"
"25,17 : 153.7"
"25,18 : 531.15"
"25,19 : 353.01"
"25,20 : 411.4"
"25,21 : 714.21"
"25,22 : 531.87"
"25,23 : 579.0"
"25,24 : 34.67"
"25,25 : 0.0"
"25,26 : 93.62"
"25,27 : 724.94"
"25,28 : 265.75"
"25,29 : 786.23"
"25,30 : 567.13"
"25,31 : 771.57"
"25,32 : 599.81"
"25,33 : 174.43"
"25,34 : 622.12"
"25,35 : 471.3"
"25,36 : 207.58"
"25,37 : 227.18"
"25,38 : 369.93"
"25,39 : 437.97"
"25,40 : 502.22"
"25,41 : 662.32"
"25,42 : 97.01"
"25,43 : 694.71"
"25,44 : 102.0"
"25,45 : 91.61"
"25,46 : 532.17"
"25,47 : 308.97"
"25,48 : 178.94"
"25,49 : 392.23"
"26,0 : 688.28"
"26,1 : 440.11"
"26,2 : 134.18"
"26,3 : 417.8"
"26,4 : 462.65"
"26,5 : 251.88"
"26,6 : 427.62"
"26,7 : 331.01"
"26,8 : 243.51"
"26,9 : 435.13"
"26,10 : 179.4"
"26,11 : 818.12"
"26,12 : 296.17"
"26,13 : 421.3"
"26,14 : 613.03"
"26,15 : 620.75"
"26,16 : 116.85"
"26,17 : 246.61"
"26,18 : 569.29"
"26,19 : 269.83"
"26,20 : 350.04"
"26,21 : 624.05"
"26,22 : 559.23"
"26,23 : 622.11"
"26,24 : 116.4"
"26,25 : 93.62"
"26,26 : 0.0"
"26,27 : 674.0"
"26,28 : 195.43"
"26,29 : 711.13"
"26,30 : 608.52"
"26,31 : 740.47"
"26,32 : 634.62"
"26,33 : 252.74"
"26,34 : 567.25"
"26,35 : 509.56"
"26,36 : 151.01"
"26,37 : 166.77"
"26,38 : 323.88"
"26,39 : 344.48"
"26,40 : 555.9"
"26,41 : 568.7"
"26,42 : 186.9"
"26,43 : 702.66"
"26,44 : 65.22"
"26,45 : 48.92"
"26,46 : 439.64"
"26,47 : 390.59"
"26,48 : 125.4"
"26,49 : 465.14"
"27,0 : 390.13"
"27,1 : 420.39"
"27,2 : 680.72"
"27,3 : 257.11"
"27,4 : 470.68"
"27,5 : 524.07"
"27,6 : 395.01"
"27,7 : 541.22"
"27,8 : 757.69"
"27,9 : 244.03"
"27,10 : 540.3"
"27,11 : 156.31"
"27,12 : 878.4"
"27,13 : 437.92"
"27,14 : 406.97"
"27,15 : 299.77"
"27,16 : 693.7"
"27,17 : 806.77"
"27,18 : 610.61"
"27,19 : 456.21"
"27,20 : 327.56"
"27,21 : 484.0"
"27,22 : 543.96"
"27,23 : 659.34"
"27,24 : 759.57"
"27,25 : 724.94"
"27,26 : 674.0"
"27,27 : 0.0"
"27,28 : 483.25"
"27,29 : 260.45"
"27,30 : 643.23"
"27,31 : 180.69"
"27,32 : 610.2"
"27,33 : 731.4"
"27,34 : 109.99"
"27,35 : 597.6"
"27,36 : 773.01"
"27,37 : 774.38"
"27,38 : 355.02"
"27,39 : 565.09"
"27,40 : 700.97"
"27,41 : 634.23"
"27,42 : 809.48"
"27,43 : 453.21"
"27,44 : 736.52"
"27,45 : 721.91"
"27,46 : 666.77"
"27,47 : 801.72"
"27,48 : 763.06"
"27,49 : 782.06"
"28,0 : 563.89"
"28,1 : 341.79"
"28,2 : 209.81"
"28,3 : 231.49"
"28,4 : 318.87"
"28,5 : 212.16"
"28,6 : 317.62"
"28,7 : 299.11"
"28,8 : 363.25"
"28,9 : 241.22"
"28,10 : 150.34"
"28,11 : 624.06"
"28,12 : 417.03"
"28,13 : 266.69"
"28,14 : 445.43"
"28,15 : 435.9"
"28,16 : 253.0"
"28,17 : 392.31"
"28,18 : 530.54"
"28,19 : 103.77"
"28,20 : 156.21"
"28,21 : 472.22"
"28,22 : 498.06"
"28,23 : 590.33"
"28,24 : 298.1"
"28,25 : 265.75"
"28,26 : 195.43"
"28,27 : 483.25"
"28,28 : 0.0"
"28,29 : 520.5"
"28,30 : 573.84"
"28,31 : 568.01"
"28,32 : 583.45"
"28,33 : 353.58"
"28,34 : 374.82"
"28,35 : 476.94"
"28,36 : 294.23"
"28,37 : 298.81"
"28,38 : 150.23"
"28,39 : 252.62"
"28,40 : 554.06"
"28,41 : 467.91"
"28,42 : 361.34"
"28,43 : 593.0"
"28,44 : 254.89"
"28,45 : 241.3"
"28,46 : 379.36"
"28,47 : 478.57"
"28,48 : 281.37"
"28,49 : 520.62"
"29,0 : 643.47"
"29,1 : 613.01"
"29,2 : 667.26"
"29,3 : 369.49"
"29,4 : 336.27"
"29,5 : 649.59"
"29,6 : 581.99"
"29,7 : 697.2"
"29,8 : 865.42"
"29,9 : 317.28"
"29,10 : 634.28"
"29,11 : 247.07"
"29,12 : 832.34"
"29,13 : 335.48"
"29,14 : 198.52"
"29,15 : 106.78"
"29,16 : 770.06"
"29,17 : 903.87"
"29,18 : 826.48"
"29,19 : 444.78"
"29,20 : 386.1"
"29,21 : 269.94"
"29,22 : 763.53"
"29,23 : 881.25"
"29,24 : 818.49"
"29,25 : 786.23"
"29,26 : 711.13"
"29,27 : 260.45"
"29,28 : 520.5"
"29,29 : 0.0"
"29,30 : 864.09"
"29,31 : 438.84"
"29,32 : 839.42"
"29,33 : 847.01"
"29,34 : 254.33"
"29,35 : 800.97"
"29,36 : 763.84"
"29,37 : 758.29"
"29,38 : 454.35"
"29,39 : 474.54"
"29,40 : 904.01"
"29,41 : 449.95"
"29,42 : 881.38"
"29,43 : 705.11"
"29,44 : 763.06"
"29,45 : 752.38"
"29,46 : 533.63"
"29,47 : 946.73"
"29,48 : 763.47"
"29,49 : 951.35"
"30,0 : 309.15"
"30,1 : 263.18"
"30,2 : 724.88"
"30,3 : 522.04"
"30,4 : 849.9"
"30,5 : 372.25"
"30,6 : 295.79"
"30,7 : 283.38"
"30,8 : 452.59"
"30,9 : 581.17"
"30,10 : 449.72"
"30,11 : 782.8"
"30,12 : 903.91"
"30,13 : 793.36"
"30,14 : 910.81"
"30,15 : 840.82"
"30,16 : 517.02"
"30,17 : 505.36"
"30,18 : 43.57"
"30,19 : 659.93"
"30,20 : 563.22"
"30,21 : 968.12"
"30,22 : 100.62"
"30,23 : 17.69"
"30,24 : 587.43"
"30,25 : 567.13"
"30,26 : 608.52"
"30,27 : 643.23"
"30,28 : 573.84"
"30,29 : 864.09"
"30,30 : 0.0"
"30,31 : 543.88"
"30,32 : 54.92"
"30,33 : 419.34"
"30,34 : 610.09"
"30,35 : 99.69"
"30,36 : 758.82"
"30,37 : 775.24"
"30,38 : 486.33"
"30,39 : 823.56"
"30,40 : 103.39"
"30,41 : 1022.86"
"30,42 : 576.4"
"30,43 : 262.25"
"30,44 : 657.99"
"30,45 : 642.37"
"30,46 : 952.31"
"30,47 : 358.62"
"30,48 : 731.8"
"30,49 : 268.63"
"31,0 : 248.58"
"31,1 : 381.32"
"31,2 : 776.96"
"31,3 : 340.85"
"31,4 : 631.08"
"31,5 : 539.2"
"31,6 : 367.66"
"31,7 : 525.98"
"31,8 : 767.13"
"31,9 : 357.96"
"31,10 : 579.25"
"31,11 : 259.82"
"31,12 : 982.77"
"31,13 : 590.95"
"31,14 : 585.0"
"31,15 : 479.21"
"31,16 : 731.71"
"31,17 : 821.79"
"31,18 : 520.03"
"31,19 : 570.93"
"31,20 : 426.36"
"31,21 : 661.47"
"31,22 : 453.22"
"31,23 : 557.66"
"31,24 : 805.66"
"31,25 : 771.57"
"31,26 : 740.47"
"31,27 : 180.69"
"31,28 : 568.01"
"31,29 : 438.84"
"31,30 : 543.88"
"31,31 : 0.0"
"31,32 : 500.73"
"31,33 : 736.07"
"31,34 : 251.01"
"31,35 : 524.17"
"31,36 : 861.55"
"31,37 : 866.79"
"31,38 : 420.21"
"31,39 : 705.07"
"31,40 : 621.16"
"31,41 : 802.69"
"31,42 : 843.4"
"31,43 : 310.99"
"31,44 : 805.56"
"31,45 : 789.37"
"31,46 : 818.13"
"31,47 : 776.47"
"31,48 : 846.55"
"31,49 : 734.64"
"32,0 : 260.38"
"32,1 : 255.77"
"32,2 : 745.76"
"32,3 : 509.28"
"32,4 : 846.19"
"32,5 : 390.62"
"32,6 : 287.41"
"32,7 : 304.48"
"32,8 : 493.97"
"32,9 : 567.83"
"32,10 : 468.71"
"32,11 : 745.24"
"32,12 : 930.78"
"32,13 : 790.0"
"32,14 : 897.37"
"32,15 : 822.44"
"32,16 : 549.28"
"32,17 : 548.24"
"32,18 : 70.84"
"32,19 : 664.12"
"32,20 : 557.88"
"32,21 : 957.56"
"32,22 : 86.95"
"32,23 : 61.68"
"32,24 : 622.11"
"32,25 : 599.81"
"32,26 : 634.62"
"32,27 : 610.2"
"32,28 : 583.45"
"32,29 : 839.42"
"32,30 : 54.92"
"32,31 : 500.73"
"32,32 : 0.0"
"32,33 : 459.95"
"32,34 : 585.12"
"32,35 : 129.07"
"32,36 : 785.57"
"32,37 : 801.21"
"32,38 : 483.8"
"32,39 : 829.4"
"32,40 : 157.89"
"32,41 : 1021.98"
"32,42 : 615.83"
"32,43 : 210.1"
"32,44 : 687.07"
"32,45 : 671.01"
"32,46 : 959.03"
"32,47 : 408.54"
"32,48 : 759.21"
"32,49 : 321.4"
"33,0 : 601.13"
"33,1 : 362.35"
"33,2 : 386.93"
"33,3 : 490.17"
"33,4 : 670.18"
"33,5 : 207.42"
"33,6 : 369.74"
"33,7 : 213.69"
"33,8 : 34.99"
"33,9 : 533.15"
"33,10 : 214.13"
"33,11 : 887.21"
"33,12 : 519.31"
"33,13 : 619.67"
"33,14 : 797.48"
"33,15 : 776.03"
"33,16 : 136.03"
"33,17 : 92.42"
"33,18 : 389.17"
"33,19 : 456.14"
"33,20 : 461.16"
"33,21 : 825.68"
"33,22 : 406.09"
"33,23 : 428.61"
"33,24 : 182.17"
"33,25 : 174.43"
"33,26 : 252.74"
"33,27 : 731.4"
"33,28 : 353.58"
"33,29 : 847.01"
"33,30 : 419.34"
"33,31 : 736.07"
"33,32 : 459.95"
"33,33 : 0.0"
"33,34 : 641.89"
"33,35 : 332.1"
"33,36 : 382.0"
"33,37 : 401.6"
"33,38 : 395.3"
"33,39 : 576.99"
"33,40 : 341.18"
"33,41 : 802.85"
"33,42 : 157.41"
"33,43 : 592.55"
"33,44 : 276.38"
"33,45 : 265.07"
"33,46 : 685.16"
"33,47 : 137.97"
"33,48 : 353.36"
"33,49 : 218.01"
"34,0 : 401.87"
"34,1 : 363.6"
"34,2 : 570.78"
"34,3 : 154.87"
"34,4 : 380.08"
"34,5 : 435.17"
"34,6 : 333.97"
"34,7 : 465.09"
"34,8 : 666.01"
"34,9 : 134.38"
"34,10 : 442.22"
"34,11 : 252.25"
"34,12 : 768.62"
"34,13 : 341.12"
"34,14 : 348.1"
"34,15 : 251.59"
"34,16 : 593.51"
"34,17 : 712.53"
"34,18 : 573.02"
"34,19 : 346.54"
"34,20 : 218.69"
"34,21 : 421.73"
"34,22 : 509.48"
"34,23 : 627.18"
"34,24 : 656.61"
"34,25 : 622.12"
"34,26 : 567.25"
"34,27 : 109.99"
"34,28 : 374.82"
"34,29 : 254.33"
"34,30 : 610.09"
"34,31 : 251.01"
"34,32 : 585.12"
"34,33 : 641.89"
"34,34 : 0.0"
"34,35 : 550.04"
"34,36 : 663.29"
"34,37 : 664.49"
"34,38 : 253.85"
"34,39 : 461.7"
"34,40 : 653.68"
"34,41 : 552.64"
"34,42 : 709.33"
"34,43 : 460.72"
"34,44 : 629.01"
"34,45 : 614.72"
"34,46 : 569.5"
"34,47 : 723.5"
"34,48 : 653.71"
"34,49 : 714.84"
"35,0 : 316.18"
"35,1 : 188.28"
"35,2 : 625.2"
"35,3 : 445.47"
"35,4 : 761.13"
"35,5 : 272.92"
"35,6 : 220.12"
"35,7 : 183.81"
"35,8 : 366.46"
"35,9 : 504.5"
"35,10 : 350.18"
"35,11 : 745.2"
"35,12 : 805.31"
"35,13 : 704.49"
"35,14 : 831.8"
"35,15 : 768.5"
"35,16 : 420.87"
"35,17 : 421.63"
"35,18 : 60.0"
"35,19 : 565.82"
"35,20 : 477.62"
"35,21 : 885.62"
"35,22 : 84.81"
"35,23 : 114.79"
"35,24 : 493.17"
"35,25 : 471.3"
"35,26 : 509.56"
"35,27 : 597.6"
"35,28 : 476.94"
"35,29 : 800.97"
"35,30 : 99.69"
"35,31 : 524.17"
"35,32 : 129.07"
"35,33 : 332.1"
"35,34 : 550.04"
"35,35 : 0.0"
"35,36 : 660.13"
"35,37 : 676.33"
"35,38 : 398.81"
"35,39 : 728.01"
"35,40 : 103.85"
"35,41 : 931.35"
"35,42 : 487.22"
"35,43 : 286.2"
"35,44 : 560.15"
"35,45 : 544.33"
"35,46 : 856.11"
"35,47 : 294.91"
"35,48 : 633.33"
"35,49 : 222.64"
"36,0 : 831.45"
"36,1 : 586.58"
"36,2 : 96.75"
"36,3 : 525.45"
"36,4 : 466.37"
"36,5 : 401.62"
"36,6 : 571.66"
"36,7 : 482.0"
"36,8 : 363.8"
"36,9 : 528.98"
"36,10 : 326.7"
"36,11 : 906.44"
"36,12 : 145.22"
"36,13 : 440.21"
"36,14 : 630.85"
"36,15 : 663.64"
"36,16 : 251.09"
"36,17 : 347.02"
"36,18 : 719.95"
"36,19 : 326.08"
"36,20 : 446.2"
"36,21 : 623.16"
"36,22 : 710.14"
"36,23 : 772.15"
"36,24 : 205.55"
"36,25 : 207.58"
"36,26 : 151.01"
"36,27 : 773.01"
"36,28 : 294.23"
"36,29 : 763.84"
"36,30 : 758.82"
"36,31 : 861.55"
"36,32 : 785.57"
"36,33 : 382.0"
"36,34 : 663.29"
"36,35 : 660.13"
"36,36 : 0.0"
"36,37 : 20.52"
"36,38 : 441.62"
"36,39 : 323.79"
"36,40 : 702.85"
"36,41 : 524.68"
"36,42 : 264.47"
"36,43 : 849.23"
"36,44 : 105.85"
"36,45 : 118.96"
"36,46 : 377.4"
"36,47 : 515.25"
"36,48 : 28.64"
"36,49 : 599.77"
"37,0 : 842.17"
"37,1 : 598.75"
"37,2 : 94.18"
"37,3 : 529.16"
"37,4 : 455.97"
"37,5 : 415.58"
"37,6 : 583.0"
"37,7 : 497.2"
"37,8 : 383.82"
"37,9 : 530.42"
"37,10 : 339.81"
"37,11 : 905.78"
"37,12 : 130.14"
"37,13 : 431.89"
"37,14 : 621.28"
"37,15 : 657.11"
"37,16 : 269.9"
"37,17 : 367.49"
"37,18 : 736.06"
"37,19 : 324.08"
"37,20 : 448.55"
"37,21 : 611.43"
"37,22 : 725.0"
"37,23 : 788.75"
"37,24 : 225.87"
"37,25 : 227.18"
"37,26 : 166.77"
"37,27 : 774.38"
"37,28 : 298.81"
"37,29 : 758.29"
"37,30 : 775.24"
"37,31 : 866.79"
"37,32 : 801.21"
"37,33 : 401.6"
"37,34 : 664.49"
"37,35 : 676.33"
"37,36 : 20.52"
"37,37 : 0.0"
"37,38 : 447.57"
"37,39 : 311.87"
"37,40 : 720.62"
"37,41 : 508.79"
"37,42 : 284.99"
"37,43 : 861.18"
"37,44 : 125.24"
"37,45 : 137.64"
"37,46 : 360.47"
"37,47 : 535.26"
"37,48 : 48.55"
"37,49 : 619.23"
"38,0 : 422.0"
"38,1 : 228.47"
"38,2 : 359.94"
"38,3 : 99.01"
"38,4 : 363.57"
"38,5 : 195.36"
"38,6 : 198.12"
"38,7 : 252.83"
"38,8 : 416.64"
"38,9 : 138.03"
"38,10 : 188.88"
"38,11 : 505.59"
"38,12 : 567.25"
"38,13 : 307.06"
"38,14 : 439.96"
"38,15 : 393.96"
"38,16 : 339.74"
"38,17 : 460.6"
"38,18 : 443.14"
"38,19 : 190.25"
"38,20 : 80.16"
"38,21 : 488.62"
"38,22 : 396.92"
"38,23 : 503.85"
"38,24 : 404.57"
"38,25 : 369.93"
"38,26 : 323.88"
"38,27 : 355.02"
"38,28 : 150.23"
"38,29 : 454.35"
"38,30 : 486.33"
"38,31 : 420.21"
"38,32 : 483.8"
"38,33 : 395.3"
"38,34 : 253.85"
"38,35 : 398.81"
"38,36 : 441.62"
"38,37 : 447.57"
"38,38 : 0.0"
"38,39 : 355.12"
"38,40 : 492.11"
"38,41 : 538.18"
"38,42 : 455.6"
"38,43 : 457.32"
"38,44 : 388.25"
"38,45 : 372.65"
"38,46 : 484.76"
"38,47 : 492.85"
"38,48 : 426.34"
"38,49 : 505.45"
"39,0 : 770.51"
"39,1 : 578.89"
"39,2 : 238.41"
"39,3 : 382.0"
"39,4 : 147.33"
"39,5 : 464.49"
"39,6 : 550.6"
"39,7 : 551.71"
"39,8 : 577.04"
"39,9 : 349.04"
"39,10 : 397.56"
"39,11 : 665.37"
"39,12 : 361.44"
"39,13 : 140.04"
"39,14 : 314.09"
"39,15 : 368.27"
"39,16 : 450.8"
"39,17 : 589.32"
"39,18 : 780.05"
"39,19 : 166.09"
"39,20 : 300.04"
"39,21 : 299.55"
"39,22 : 742.86"
"39,23 : 840.36"
"39,24 : 459.29"
"39,25 : 437.97"
"39,26 : 344.48"
"39,27 : 565.09"
"39,28 : 252.62"
"39,29 : 474.54"
"39,30 : 823.56"
"39,31 : 705.07"
"39,32 : 829.4"
"39,33 : 576.99"
"39,34 : 461.7"
"39,35 : 728.01"
"39,36 : 323.79"
"39,37 : 311.87"
"39,38 : 355.12"
"39,39 : 0.0"
"39,40 : 806.68"
"39,41 : 226.12"
"39,42 : 530.16"
"39,43 : 810.44"
"39,44 : 367.61"
"39,45 : 364.88"
"39,46 : 130.03"
"39,47 : 711.44"
"39,48 : 334.1"
"39,49 : 765.37"
"40,0 : 399.32"
"40,1 : 291.0"
"40,2 : 680.6"
"40,3 : 545.51"
"40,4 : 850.73"
"40,5 : 342.81"
"40,6 : 322.27"
"40,7 : 255.0"
"40,8 : 372.13"
"40,9 : 604.22"
"40,10 : 415.42"
"40,11 : 847.57"
"40,12 : 846.45"
"40,13 : 794.22"
"40,14 : 929.27"
"40,15 : 869.21"
"40,16 : 453.91"
"40,17 : 421.05"
"40,18 : 105.0"
"40,19 : 648.64"
"40,20 : 571.93"
"40,21 : 980.65"
"40,22 : 168.72"
"40,23 : 103.23"
"40,24 : 518.25"
"40,25 : 502.22"
"40,26 : 555.9"
"40,27 : 700.97"
"40,28 : 554.06"
"40,29 : 904.01"
"40,30 : 103.39"
"40,31 : 621.16"
"40,32 : 157.89"
"40,33 : 341.18"
"40,34 : 653.68"
"40,35 : 103.85"
"40,36 : 702.85"
"40,37 : 720.62"
"40,38 : 492.11"
"40,39 : 806.68"
"40,40 : 0.0"
"40,41 : 1016.74"
"40,42 : 498.03"
"40,43 : 358.62"
"40,44 : 598.76"
"40,45 : 584.25"
"40,46 : 932.46"
"40,47 : 261.96"
"40,48 : 674.89"
"40,49 : 167.24"
"41,0 : 922.44"
"41,1 : 766.49"
"41,2 : 452.6"
"41,3 : 531.27"
"41,4 : 180.95"
"41,5 : 678.84"
"41,6 : 735.56"
"41,7 : 762.79"
"41,8 : 803.16"
"41,9 : 481.3"
"41,10 : 617.17"
"41,11 : 687.35"
"41,12 : 515.5"
"41,13 : 234.4"
"41,14 : 251.44"
"41,15 : 354.36"
"41,16 : 676.78"
"41,17 : 814.6"
"41,18 : 979.39"
"41,19 : 368.52"
"41,20 : 466.24"
"41,21 : 185.61"
"41,22 : 935.09"
"41,23 : 1040.19"
"41,24 : 681.92"
"41,25 : 662.32"
"41,26 : 568.7"
"41,27 : 634.23"
"41,28 : 467.91"
"41,29 : 449.95"
"41,30 : 1022.86"
"41,31 : 802.69"
"41,32 : 1021.98"
"41,33 : 802.85"
"41,34 : 552.64"
"41,35 : 931.35"
"41,36 : 524.68"
"41,37 : 508.79"
"41,38 : 538.18"
"41,39 : 226.12"
"41,40 : 1016.74"
"41,41 : 0.0"
"41,42 : 752.58"
"41,43 : 970.98"
"41,44 : 585.75"
"41,45 : 585.06"
"41,46 : 152.4"
"41,47 : 936.62"
"41,48 : 540.9"
"41,49 : 987.22"
"42,0 : 737.78"
"42,1 : 489.49"
"42,2 : 303.71"
"42,3 : 554.59"
"42,4 : 649.14"
"42,5 : 305.55"
"42,6 : 489.39"
"42,7 : 346.52"
"42,8 : 126.04"
"42,9 : 585.06"
"42,10 : 269.65"
"42,11 : 961.18"
"42,12 : 385.75"
"42,13 : 606.41"
"42,14 : 796.64"
"42,15 : 796.73"
"42,16 : 115.87"
"42,17 : 87.46"
"42,18 : 545.22"
"42,19 : 450.0"
"42,20 : 503.05"
"42,21 : 810.36"
"42,22 : 557.71"
"42,23 : 585.92"
"42,24 : 70.88"
"42,25 : 97.01"
"42,26 : 186.9"
"42,27 : 809.48"
"42,28 : 361.34"
"42,29 : 881.38"
"42,30 : 576.4"
"42,31 : 843.4"
"42,32 : 615.83"
"42,33 : 157.41"
"42,34 : 709.33"
"42,35 : 487.22"
"42,36 : 264.47"
"42,37 : 284.99"
"42,38 : 455.6"
"42,39 : 530.16"
"42,40 : 498.03"
"42,41 : 752.58"
"42,42 : 0.0"
"42,43 : 736.05"
"42,44 : 171.19"
"42,45 : 168.6"
"42,46 : 617.6"
"42,47 : 267.17"
"42,48 : 237.69"
"42,49 : 363.16"
"43,0 : 63.63"
"43,1 : 262.71"
"43,2 : 788.27"
"43,3 : 439.93"
"43,4 : 790.04"
"43,5 : 452.86"
"43,6 : 279.08"
"43,7 : 390.42"
"43,8 : 627.46"
"43,9 : 490.56"
"43,10 : 523.39"
"43,11 : 568.12"
"43,12 : 990.18"
"43,13 : 737.53"
"43,14 : 802.73"
"43,15 : 711.84"
"43,16 : 645.5"
"43,17 : 684.96"
"43,18 : 254.47"
"43,19 : 647.29"
"43,20 : 512.73"
"43,21 : 871.92"
"43,22 : 201.4"
"43,23 : 271.65"
"43,24 : 723.54"
"43,25 : 694.71"
"43,26 : 702.66"
"43,27 : 453.21"
"43,28 : 593.0"
"43,29 : 705.11"
"43,30 : 262.25"
"43,31 : 310.99"
"43,32 : 210.1"
"43,33 : 592.55"
"43,34 : 460.72"
"43,35 : 286.2"
"43,36 : 849.23"
"43,37 : 861.18"
"43,38 : 457.32"
"43,39 : 810.44"
"43,40 : 358.62"
"43,41 : 970.98"
"43,42 : 736.05"
"43,43 : 0.0"
"43,44 : 763.88"
"43,45 : 746.84"
"43,46 : 938.84"
"43,47 : 579.41"
"43,48 : 826.43"
"43,49 : 507.84"
"44,0 : 751.2"
"44,1 : 501.86"
"44,2 : 133.7"
"44,3 : 481.09"
"44,4 : 497.03"
"44,5 : 311.42"
"44,6 : 490.61"
"44,7 : 386.08"
"44,8 : 259.33"
"44,9 : 495.97"
"44,10 : 241.96"
"44,11 : 878.93"
"44,12 : 247.7"
"44,13 : 460.49"
"44,14 : 653.67"
"44,15 : 669.42"
"44,16 : 145.6"
"44,17 : 247.52"
"44,18 : 620.14"
"44,19 : 318.57"
"44,20 : 410.85"
"44,21 : 658.25"
"44,22 : 614.38"
"44,23 : 670.79"
"44,24 : 104.74"
"44,25 : 102.0"
"44,26 : 65.22"
"44,27 : 736.52"
"44,28 : 254.89"
"44,29 : 763.06"
"44,30 : 657.99"
"44,31 : 805.56"
"44,32 : 687.07"
"44,33 : 276.38"
"44,34 : 629.01"
"44,35 : 560.15"
"44,36 : 105.85"
"44,37 : 125.24"
"44,38 : 388.25"
"44,39 : 367.61"
"44,40 : 598.76"
"44,41 : 585.75"
"44,42 : 171.19"
"44,43 : 763.88"
"44,44 : 0.0"
"44,45 : 17.09"
"44,46 : 447.49"
"44,47 : 410.64"
"44,48 : 77.25"
"44,49 : 494.0"
"45,0 : 734.11"
"45,1 : 484.79"
"45,2 : 135.2"
"45,3 : 466.08"
"45,4 : 491.45"
"45,5 : 294.44"
"45,6 : 473.52"
"45,7 : 369.57"
"45,8 : 249.61"
"45,9 : 482.04"
"45,10 : 224.88"
"45,11 : 865.07"
"45,12 : 262.38"
"45,13 : 453.49"
"45,14 : 646.43"
"45,15 : 659.75"
"45,16 : 132.26"
"45,17 : 241.23"
"45,18 : 604.3"
"45,19 : 308.51"
"45,20 : 396.89"
"45,21 : 652.89"
"45,22 : 597.93"
"45,23 : 655.31"
"45,24 : 99.57"
"45,25 : 91.61"
"45,26 : 48.92"
"45,27 : 721.91"
"45,28 : 241.3"
"45,29 : 752.38"
"45,30 : 642.37"
"45,31 : 789.37"
"45,32 : 671.01"
"45,33 : 265.07"
"45,34 : 614.72"
"45,35 : 544.33"
"45,36 : 118.96"
"45,37 : 137.64"
"45,38 : 372.65"
"45,39 : 364.88"
"45,40 : 584.25"
"45,41 : 585.06"
"45,42 : 168.6"
"45,43 : 746.84"
"45,44 : 17.09"
"45,45 : 0.0"
"45,46 : 449.0"
"45,47 : 400.5"
"45,48 : 90.71"
"45,49 : 482.11"
"46,0 : 897.52"
"46,1 : 708.92"
"46,2 : 313.98"
"46,3 : 506.09"
"46,4 : 202.14"
"46,5 : 589.67"
"46,6 : 680.62"
"46,7 : 677.93"
"46,8 : 681.04"
"46,9 : 468.0"
"46,10 : 519.66"
"46,11 : 749.68"
"46,12 : 363.5"
"46,13 : 228.98"
"46,14 : 345.78"
"46,15 : 428.25"
"46,16 : 553.25"
"46,17 : 685.85"
"46,18 : 908.87"
"46,19 : 296.12"
"46,20 : 426.78"
"46,21 : 302.03"
"46,22 : 872.59"
"46,23 : 969.0"
"46,24 : 548.0"
"46,25 : 532.17"
"46,26 : 439.64"
"46,27 : 666.77"
"46,28 : 379.36"
"46,29 : 533.63"
"46,30 : 952.31"
"46,31 : 818.13"
"46,32 : 959.03"
"46,33 : 685.16"
"46,34 : 569.5"
"46,35 : 856.11"
"46,36 : 377.4"
"46,37 : 360.47"
"46,38 : 484.76"
"46,39 : 130.03"
"46,40 : 932.46"
"46,41 : 152.4"
"46,42 : 617.6"
"46,43 : 938.84"
"46,44 : 447.49"
"46,45 : 449.0"
"46,46 : 0.0"
"46,47 : 822.06"
"46,48 : 395.77"
"46,49 : 882.61"
"47,0 : 602.29"
"47,1 : 395.62"
"47,2 : 524.76"
"47,3 : 579.78"
"47,4 : 797.39"
"47,5 : 297.58"
"47,6 : 413.36"
"47,7 : 260.5"
"47,8 : 151.45"
"47,9 : 629.47"
"47,10 : 330.72"
"47,11 : 957.74"
"47,12 : 648.1"
"47,13 : 745.02"
"47,14 : 915.8"
"47,15 : 884.51"
"47,16 : 273.77"
"47,17 : 180.49"
"47,18 : 340.6"
"47,19 : 582.29"
"47,20 : 566.39"
"47,21 : 949.39"
"47,22 : 379.05"
"47,23 : 362.77"
"47,24 : 310.82"
"47,25 : 308.97"
"47,26 : 390.59"
"47,27 : 801.72"
"47,28 : 478.57"
"47,29 : 946.73"
"47,30 : 358.62"
"47,31 : 776.47"
"47,32 : 408.54"
"47,33 : 137.97"
"47,34 : 723.5"
"47,35 : 294.91"
"47,36 : 515.25"
"47,37 : 535.26"
"47,38 : 492.85"
"47,39 : 711.44"
"47,40 : 261.96"
"47,41 : 936.62"
"47,42 : 267.17"
"47,43 : 579.41"
"47,44 : 410.64"
"47,45 : 400.5"
"47,46 : 822.06"
"47,47 : 0.0"
"47,48 : 486.74"
"47,49 : 101.71"
"48,0 : 810.0"
"48,1 : 563.72"
"48,2 : 98.49"
"48,3 : 512.82"
"48,4 : 473.76"
"48,5 : 377.07"
"48,6 : 549.72"
"48,7 : 456.16"
"48,8 : 335.29"
"48,9 : 519.34"
"48,10 : 303.2"
"48,11 : 899.09"
"48,12 : 172.17"
"48,13 : 444.57"
"48,14 : 636.62"
"48,15 : 664.83"
