x,y
434,814
845,777
194,648
191,384
344,750
289,466
109,102
552,108
631,482
501,84
581,711
126,161
858,248
892,888
553,866
758,706
446,86
599,151
107,403
951,698
6,201
54,359
955,286
173,964
59,598
133,180
497,877
409,913
258,351
990,216
343,107
205,933
355,539
650,63
734,437
303,57
724,38
606,148
273,414
558,831
887,196
479,429
763,231
677,184
403,950
780,643
758,192
463,541
935,128
510,368

Distanze
"0,0 : 0.0"
"0,1 : 412.66"
"0,2 : 291.82"
"0,3 : 493.91"
"0,4 : 110.44"
"0,5 : 377.0"
"0,6 : 782.67"
"0,7 : 715.79"
"0,8 : 386.05"
"0,9 : 733.07"
"0,10 : 179.49"
"0,11 : 721.99"
"0,12 : 707.2"
"0,13 : 463.94"
"0,14 : 129.87"
"0,15 : 341.53"
"0,16 : 728.1"
"0,17 : 683.22"
"0,18 : 525.21"
"0,19 : 529.85"
"0,20 : 747.63"
"0,21 : 592.81"
"0,22 : 741.77"
"0,23 : 301.03"
"0,24 : 432.76"
"0,25 : 701.82"
"0,26 : 89.1"
"0,27 : 102.11"
"0,28 : 495.32"
"0,29 : 816.54"
"0,30 : 712.83"
"0,31 : 258.07"
"0,32 : 286.12"
"0,33 : 781.45"
"0,34 : 481.8"
"0,35 : 768.25"
"0,36 : 828.42"
"0,37 : 687.85"
"0,38 : 431.19"
"0,39 : 125.16"
"0,40 : 766.25"
"0,41 : 387.62"
"0,42 : 669.43"
"0,43 : 675.24"
"0,44 : 139.49"
"0,45 : 385.95"
"0,46 : 701.33"
"0,47 : 274.54"
"0,48 : 849.47"
"0,49 : 452.43"
"1,0 : 412.66"
"1,1 : 0.0"
"1,2 : 663.66"
"1,3 : 763.0"
"1,4 : 501.73"
"1,5 : 637.07"
"1,6 : 998.66"
"1,7 : 730.35"
"1,8 : 364.45"
"1,9 : 773.68"
"1,10 : 272.12"
"1,11 : 946.79"
"1,12 : 529.16"
"1,13 : 120.54"
"1,14 : 305.26"
"1,15 : 112.29"
"1,16 : 797.92"
"1,17 : 672.6"
"1,18 : 827.36"
"1,19 : 132.2"
"1,20 : 1017.69"
"1,21 : 894.65"
"1,22 : 503.17"
"1,23 : 697.53"
"1,24 : 806.12"
"1,25 : 929.17"
"1,26 : 362.08"
"1,27 : 456.72"
"1,28 : 725.29"
"1,29 : 579.44"
"1,30 : 837.2"
"1,31 : 658.74"
"1,32 : 544.74"
"1,33 : 740.15"
"1,34 : 357.66"
"1,35 : 901.2"
"1,36 : 748.84"
"1,37 : 672.88"
"1,38 : 677.46"
"1,39 : 292.04"
"1,40 : 582.52"
"1,41 : 505.03"
"1,42 : 552.12"
"1,43 : 616.34"
"1,44 : 474.65"
"1,45 : 148.93"
"1,46 : 591.43"
"1,47 : 449.02"
"1,48 : 655.21"
"1,49 : 528.68"
"2,0 : 291.82"
"2,1 : 663.66"
"2,2 : 0.0"
"2,3 : 264.02"
"2,4 : 181.39"
"2,5 : 205.3"
"2,6 : 552.58"
"2,7 : 647.89"
"2,8 : 467.47"
"2,9 : 642.14"
"2,10 : 392.09"
"2,11 : 491.72"
"2,12 : 775.17"
"2,13 : 738.11"
"2,14 : 420.01"
"2,15 : 566.97"
"2,16 : 615.91"
"2,17 : 641.12"
"2,18 : 259.99"
"2,19 : 758.65"
"2,20 : 484.93"
"2,21 : 321.12"
"2,22 : 842.71"
"2,23 : 316.7"
"2,24 : 143.96"
"2,25 : 471.96"
"2,26 : 379.8"
"2,27 : 341.25"
"2,28 : 303.82"
"2,29 : 905.67"
"2,30 : 561.14"
"2,31 : 285.21"
"2,32 : 194.43"
"2,33 : 741.73"
"2,34 : 579.76"
"2,35 : 600.97"
"2,36 : 808.08"
"2,37 : 647.88"
"2,38 : 246.98"
"2,39 : 407.41"
"2,40 : 827.38"
"2,41 : 359.42"
"2,42 : 705.44"
"2,43 : 669.76"
"2,44 : 367.27"
"2,45 : 586.02"
"2,46 : 725.28"
"2,47 : 289.5"
"2,48 : 905.25"
"2,49 : 422.2"
"3,0 : 493.91"
"3,1 : 763.0"
"3,2 : 264.02"
"3,3 : 0.0"
"3,4 : 396.69"
"3,5 : 127.78"
"3,6 : 293.68"
"3,7 : 454.42"
"3,8 : 450.78"
"3,9 : 431.39"
"3,10 : 508.95"
"3,11 : 232.28"
"3,12 : 680.72"
"3,13 : 863.38"
"3,14 : 602.8"
"3,15 : 652.05"
"3,16 : 392.21"
"3,17 : 469.84"
"3,18 : 86.12"
"3,19 : 822.31"
"3,20 : 260.22"
"3,21 : 139.26"
"3,22 : 770.26"
"3,23 : 580.28"
"3,24 : 251.44"
"3,25 : 212.08"
"3,26 : 580.25"
"3,27 : 572.16"
"3,28 : 74.69"
"3,29 : 816.47"
"3,30 : 315.96"
"3,31 : 549.18"
"3,32 : 225.66"
"3,33 : 560.11"
"3,34 : 545.58"
"3,35 : 345.65"
"3,36 : 635.46"
"3,37 : 477.41"
"3,38 : 87.32"
"3,39 : 578.36"
"3,40 : 720.94"
"3,41 : 291.49"
"3,42 : 592.11"
"3,43 : 525.54"
"3,44 : 604.4"
"3,45 : 643.43"
"3,46 : 598.63"
"3,47 : 314.06"
"3,48 : 786.81"
"3,49 : 319.4"
"4,0 : 110.44"
"4,1 : 501.73"
"4,2 : 181.39"
"4,3 : 396.69"
"4,4 : 0.0"
"4,5 : 289.28"
"4,6 : 689.3"
"4,7 : 674.85"
"4,8 : 392.67"
"4,9 : 684.26"
"4,10 : 240.19"
"4,11 : 628.05"
"4,12 : 718.47"
"4,13 : 565.11"
"4,14 : 239.03"
"4,15 : 416.33"
"4,16 : 671.79"
"4,17 : 651.02"
"4,18 : 420.21"
"4,19 : 609.22"
"4,20 : 644.71"
"4,21 : 486.81"
"4,22 : 767.21"
"4,23 : 273.93"
"4,24 : 323.0"
"4,25 : 607.8"
"4,26 : 198.84"
"4,27 : 175.48"
"4,28 : 408.16"
"4,29 : 838.14"
"4,30 : 643.0"
"4,31 : 229.8"
"4,32 : 211.29"
"4,33 : 752.07"
"4,34 : 500.07"
"4,35 : 694.21"
"4,36 : 807.06"
"4,37 : 656.54"
"4,38 : 343.42"
"4,39 : 228.82"
"4,40 : 775.74"
"4,41 : 348.23"
"4,42 : 667.02"
"4,43 : 656.69"
"4,44 : 208.52"
"4,45 : 448.94"
"4,46 : 694.81"
"4,47 : 240.5"
"4,48 : 858.0"
"4,49 : 416.51"
"5,0 : 377.0"
"5,1 : 637.07"
"5,2 : 205.3"
"5,3 : 127.78"
"5,4 : 289.28"
"5,5 : 0.0"
"5,6 : 406.07"
"5,7 : 444.22"
"5,8 : 342.37"
"5,9 : 436.88"
"5,10 : 381.17"
"5,11 : 345.82"
"5,12 : 609.33"
"5,13 : 736.0"
"5,14 : 479.27"
"5,15 : 526.84"
"5,16 : 411.16"
"5,17 : 441.96"
"5,18 : 192.6"
"5,19 : 701.48"
"5,20 : 387.7"
"5,21 : 258.21"
"5,22 : 689.9"
"5,23 : 511.33"
"5,24 : 265.19"
"5,25 : 325.78"
"5,26 : 460.64"
"5,27 : 462.83"
"5,28 : 119.1"
"5,29 : 744.25"
"5,30 : 363.04"
"5,31 : 474.49"
"5,32 : 98.41"
"5,33 : 541.05"
"5,34 : 445.94"
"5,35 : 409.24"
"5,36 : 610.25"
"5,37 : 449.01"
"5,38 : 54.41"
"5,39 : 453.42"
"5,40 : 656.13"
"5,41 : 193.57"
"5,42 : 529.06"
"5,43 : 479.65"
"5,44 : 497.24"
"5,45 : 521.93"
"5,46 : 543.17"
"5,47 : 189.48"
"5,48 : 729.08"
"5,49 : 241.75"
"6,0 : 782.67"
"6,1 : 998.66"
"6,2 : 552.58"
"6,3 : 293.68"
"6,4 : 689.3"
"6,5 : 406.07"
"6,6 : 0.0"
"6,7 : 443.04"
"6,8 : 645.67"
"6,9 : 392.41"
"6,10 : 770.5"
"6,11 : 61.4"
"6,12 : 763.1"
"6,13 : 1109.45"
"6,14 : 883.65"
"6,15 : 886.58"
"6,16 : 337.38"
"6,17 : 492.44"
"6,18 : 301.01"
"6,19 : 1031.59"
"6,20 : 142.86"
"6,21 : 262.82"
"6,22 : 865.78"
"6,23 : 864.37"
"6,24 : 498.51"
"6,25 : 81.61"
"6,26 : 866.7"
"6,27 : 864.71"
"6,28 : 290.18"
"6,29 : 888.35"
"6,30 : 234.05"
"6,31 : 836.53"
"6,32 : 501.48"
"6,33 : 542.4"
"6,34 : 709.12"
"6,35 : 199.15"
"6,36 : 618.32"
"6,37 : 499.12"
"6,38 : 352.48"
"6,39 : 856.18"
"6,40 : 783.66"
"6,41 : 493.79"
"6,42 : 666.6"
"6,43 : 573.89"
"6,44 : 897.52"
"6,45 : 861.93"
"6,46 : 655.21"
"6,47 : 563.95"
"6,48 : 826.41"
"6,49 : 481.2"
"7,0 : 715.79"
"7,1 : 730.35"
"7,2 : 647.89"
"7,3 : 454.42"
"7,4 : 674.85"
"7,5 : 444.22"
"7,6 : 443.04"
"7,7 : 0.0"
"7,8 : 382.25"
"7,9 : 56.36"
"7,10 : 603.7"
"7,11 : 429.28"
"7,12 : 336.51"
"7,13 : 850.88"
"7,14 : 758.0"
"7,15 : 632.49"
"7,16 : 108.26"
"7,17 : 63.7"
"7,18 : 533.9"
"7,19 : 712.25"
"7,20 : 553.86"
"7,21 : 557.68"
"7,22 : 440.56"
"7,23 : 936.15"
"7,24 : 695.09"
"7,25 : 425.14"
"7,26 : 770.96"
"7,27 : 817.6"
"7,28 : 381.42"
"7,29 : 451.12"
"7,30 : 209.0"
"7,31 : 895.01"
"7,32 : 473.89"
"7,33 : 107.84"
"7,34 : 375.99"
"7,35 : 254.17"
"7,36 : 185.7"
"7,37 : 67.2"
"7,38 : 414.1"
"7,39 : 723.02"
"7,40 : 346.37"
"7,41 : 329.2"
"7,42 : 244.23"
"7,43 : 146.29"
"7,44 : 855.08"
"7,45 : 581.56"
"7,46 : 222.47"
"7,47 : 442.05"
"7,48 : 383.52"
"7,49 : 263.37"
"8,0 : 386.05"
"8,1 : 364.45"
"8,2 : 467.47"
"8,3 : 450.78"
"8,4 : 392.67"
"8,5 : 342.37"
"8,6 : 645.67"
"8,7 : 382.25"
"8,8 : 0.0"
"8,9 : 418.69"
"8,10 : 234.39"
"8,11 : 598.39"
"8,12 : 326.01"
"8,13 : 482.66"
"8,14 : 391.84"
"8,15 : 257.5"
"8,16 : 437.08"
"8,17 : 332.54"
"8,18 : 529.92"
"8,19 : 386.08"
"8,20 : 685.26"
"8,21 : 589.96"
"8,22 : 378.67"
"8,23 : 664.9"
"8,24 : 583.64"
"8,25 : 582.42"
"8,26 : 417.11"
"8,27 : 484.81"
"8,28 : 395.34"
"8,29 : 446.81"
"8,30 : 472.83"
"8,31 : 620.38"
"8,32 : 281.82"
"8,33 : 419.43"
"8,34 : 112.4"
"8,35 : 536.85"
"8,36 : 453.64"
"8,37 : 334.93"
"8,38 : 364.4"
"8,39 : 356.55"
"8,40 : 383.84"
"8,41 : 160.98"
"8,42 : 283.59"
"8,43 : 301.53"
"8,44 : 520.58"
"8,45 : 219.37"
"8,46 : 316.59"
"8,47 : 178.06"
"8,48 : 466.62"
"8,49 : 166.24"
"9,0 : 733.07"
"9,1 : 773.68"
"9,2 : 642.14"
"9,3 : 431.39"
"9,4 : 684.26"
"9,5 : 436.88"
"9,6 : 392.41"
"9,7 : 56.36"
"9,8 : 418.69"
"9,9 : 0.0"
"9,10 : 632.08"
"9,11 : 382.82"
"9,12 : 392.87"
"9,13 : 894.03"
"9,14 : 783.73"
"9,15 : 673.0"
"9,16 : 55.04"
"9,17 : 118.71"
"9,18 : 506.95"
"9,19 : 761.25"
"9,20 : 508.64"
"9,21 : 524.82"
"9,22 : 496.91"
"9,23 : 939.14"
"9,24 : 677.91"
"9,25 : 380.32"
"9,26 : 793.01"
"9,27 : 834.09"
"9,28 : 361.02"
"9,29 : 506.5"
"9,30 : 159.67"
"9,31 : 899.12"
"9,32 : 477.85"
"9,33 : 150.47"
"9,34 : 422.96"
"9,35 : 199.83"
"9,36 : 227.69"
"9,37 : 122.97"
"9,38 : 401.1"
"9,39 : 749.17"
"9,40 : 401.92"
"9,41 : 345.7"
"9,42 : 300.42"
"9,43 : 202.43"
"9,44 : 871.53"
"9,45 : 624.76"
"9,46 : 278.77"
"9,47 : 458.58"
"9,48 : 436.22"
"9,49 : 284.14"
"10,0 : 179.49"
"10,1 : 272.12"
"10,2 : 392.09"
"10,3 : 508.95"
"10,4 : 240.19"
"10,5 : 381.17"
"10,6 : 770.5"
"10,7 : 603.7"
"10,8 : 234.39"
"10,9 : 632.08"
"10,10 : 0.0"
"10,11 : 713.81"
"10,12 : 539.53"
"10,13 : 357.84"
"10,14 : 157.51"
"10,15 : 177.07"
"10,16 : 639.41"
"10,17 : 560.29"
"10,18 : 565.28"
"10,19 : 370.23"
"10,20 : 768.59"
"10,21 : 633.75"
"10,22 : 566.13"
"10,23 : 480.08"
"10,24 : 534.09"
"10,25 : 694.74"
"10,26 : 186.04"
"10,27 : 265.31"
"10,28 : 483.66"
"10,29 : 642.11"
"10,30 : 649.2"
"10,31 : 436.65"
"10,32 : 284.01"
"10,33 : 651.66"
"10,34 : 313.82"
"10,35 : 710.63"
"10,36 : 688.02"
"10,37 : 563.55"
"10,38 : 427.87"
"10,39 : 122.18"
"10,40 : 599.05"
"10,41 : 299.88"
"10,42 : 513.35"
"10,43 : 535.67"
"10,44 : 298.0"
"10,45 : 210.3"
"10,46 : 548.35"
"10,47 : 206.94"
"10,48 : 682.06"
"10,49 : 350.27"
"11,0 : 721.99"
"11,1 : 946.79"
"11,2 : 491.72"
"11,3 : 232.28"
"11,4 : 628.05"
"11,5 : 345.82"
"11,6 : 61.4"
"11,7 : 429.28"
"11,8 : 598.39"
"11,9 : 382.82"
"11,10 : 713.81"
"11,11 : 0.0"
"11,12 : 737.15"
"11,13 : 1056.07"
"11,14 : 824.23"
"11,15 : 834.54"
"11,16 : 328.67"
"11,17 : 473.11"
"11,18 : 242.74"
"11,19 : 984.37"
"11,20 : 126.49"
"11,21 : 210.68"
"11,22 : 838.37"
"11,23 : 804.37"
"11,24 : 442.11"
"11,25 : 20.25"
"11,26 : 806.41"
"11,27 : 803.49"
"11,28 : 231.35"
"11,29 : 865.75"
"11,30 : 223.62"
"11,31 : 776.03"
"11,32 : 441.96"
"11,33 : 533.09"
"11,34 : 667.71"
"11,35 : 205.29"
"11,36 : 610.52"
"11,37 : 480.18"
"11,38 : 292.61"
"11,39 : 797.2"
"11,40 : 761.8"
"11,41 : 443.21"
"11,42 : 640.83"
"11,43 : 551.48"
"11,44 : 836.21"
"11,45 : 812.43"
"11,46 : 632.76"
"11,47 : 507.91"
"11,48 : 809.67"
"11,49 : 436.24"
"12,0 : 707.2"
"12,1 : 529.16"
"12,2 : 775.17"
"12,3 : 680.72"
"12,4 : 718.47"
"12,5 : 609.33"
"12,6 : 763.1"
"12,7 : 336.51"
"12,8 : 326.01"
"12,9 : 392.87"
"12,10 : 539.53"
"12,11 : 737.15"
"12,12 : 0.0"
"12,13 : 640.9"
"12,14 : 689.17"
"12,15 : 468.79"
"12,16 : 442.71"
"12,17 : 276.57"
"12,18 : 766.83"
"12,19 : 459.51"
"12,20 : 853.3"
"12,21 : 811.63"
"12,22 : 104.18"
"12,23 : 990.9"
"12,24 : 872.3"
"12,25 : 728.18"
"12,26 : 725.23"
"12,27 : 802.39"
"12,28 : 608.78"
"12,29 : 135.82"
"12,30 : 533.95"
"12,31 : 946.38"
"12,32 : 581.11"
"12,33 : 278.37"
"12,34 : 226.05"
"12,35 : 586.95"
"12,36 : 249.11"
"12,37 : 271.12"
"12,38 : 608.1"
"12,39 : 655.66"
"12,40 : 59.54"
"12,41 : 420.0"
"12,42 : 96.51"
"12,43 : 191.98"
"12,44 : 836.56"
"12,45 : 402.63"
"12,46 : 114.61"
"12,47 : 491.81"
"12,48 : 142.58"
"12,49 : 368.11"
"13,0 : 463.94"
"13,1 : 120.54"
"13,2 : 738.11"
"13,3 : 863.38"
"13,4 : 565.11"
"13,5 : 736.0"
"13,6 : 1109.45"
"13,7 : 850.88"
"13,8 : 482.66"
"13,9 : 894.03"
"13,10 : 357.84"
"13,11 : 1056.07"
"13,12 : 640.9"
"13,13 : 0.0"
"13,14 : 339.71"
"13,15 : 226.01"
"13,16 : 917.67"
"13,17 : 793.11"
"13,18 : 922.74"
"13,19 : 198.95"
"13,20 : 1121.14"
"13,21 : 991.0"
"13,22 : 605.29"
"13,23 : 723.01"
"13,24 : 882.04"
"13,25 : 1037.95"
"13,26 : 395.15"
"13,27 : 483.65"
"13,28 : 830.86"
"13,29 : 679.11"
"13,30 : 954.65"
"13,31 : 688.47"
"13,32 : 640.45"
"13,33 : 859.76"
"13,34 : 477.88"
"13,35 : 1018.57"
"13,36 : 866.44"
"13,37 : 793.34"
"13,38 : 779.64"
"13,39 : 338.83"
"13,40 : 692.02"
"13,41 : 617.45"
"13,42 : 669.54"
"13,43 : 736.1"
"13,44 : 492.91"
"13,45 : 269.39"
"13,46 : 708.78"
"13,47 : 551.77"
"13,48 : 761.22"
"13,49 : 645.23"
"14,0 : 129.87"
"14,1 : 305.26"
"14,2 : 420.01"
"14,3 : 602.8"
"14,4 : 239.03"
"14,5 : 479.27"
"14,6 : 883.65"
"14,7 : 758.0"
"14,8 : 391.84"
"14,9 : 783.73"
"14,10 : 157.51"
"14,11 : 824.23"
"14,12 : 689.17"
"14,13 : 339.71"
"14,14 : 0.0"
"14,15 : 260.05"
"14,16 : 787.3"
"14,17 : 716.48"
"14,18 : 642.87"
"14,19 : 432.0"
"14,20 : 861.07"
"14,21 : 711.37"
"14,22 : 705.69"
"14,23 : 392.43"
"14,24 : 562.01"
"14,25 : 804.36"
"14,26 : 57.07"
"14,27 : 151.48"
"14,28 : 593.51"
"14,29 : 783.24"
"14,30 : 787.52"
"14,31 : 354.39"
"14,32 : 382.27"
"14,33 : 808.84"
"14,34 : 465.62"
"14,35 : 846.75"
"14,36 : 845.47"
"14,37 : 719.95"
"14,38 : 531.7"
"14,39 : 35.36"
"14,40 : 748.64"
"14,41 : 443.22"
"14,42 : 668.82"
"14,43 : 693.18"
"14,44 : 171.92"
"14,45 : 318.21"
"14,46 : 704.49"
"14,47 : 337.23"
"14,48 : 831.0"
"14,49 : 499.85"
"15,0 : 341.53"
"15,1 : 112.29"
"15,2 : 566.97"
"15,3 : 652.05"
"15,4 : 416.33"
"15,5 : 526.84"
"15,6 : 886.58"
"15,7 : 632.49"
"15,8 : 257.5"
"15,9 : 673.0"
"15,10 : 177.07"
"15,11 : 834.54"
"15,12 : 468.79"
"15,13 : 226.01"
"15,14 : 260.05"
"15,15 : 0.0"
"15,16 : 694.08"
"15,17 : 577.33"
"15,18 : 718.06"
"15,19 : 193.17"
"15,20 : 905.83"
"15,21 : 784.87"
"15,22 : 463.91"
"15,23 : 639.37"
"15,24 : 707.29"
"15,25 : 816.88"
"15,26 : 312.03"
"15,27 : 405.77"
"15,28 : 613.21"
"15,29 : 542.15"
"15,30 : 728.72"
"15,31 : 597.78"
"15,32 : 436.23"
"15,33 : 652.01"
"15,34 : 270.07"
"15,35 : 792.61"
"15,36 : 668.86"
"15,37 : 578.33"
"15,38 : 566.12"
"15,39 : 235.85"
"15,40 : 526.06"
"15,41 : 393.15"
"15,42 : 475.03"
"15,43 : 528.25"
"15,44 : 430.77"
"15,45 : 66.73"
"15,46 : 514.0"
"15,47 : 338.01"
"15,48 : 604.49"
"15,49 : 419.22"
"16,0 : 728.1"
"16,1 : 797.92"
"16,2 : 615.91"
"16,3 : 392.21"
"16,4 : 671.79"
"16,5 : 411.16"
"16,6 : 337.38"
"16,7 : 108.26"
"16,8 : 437.08"
"16,9 : 55.04"
"16,10 : 639.41"
"16,11 : 328.67"
"16,12 : 442.71"
"16,13 : 917.67"
"16,14 : 787.3"
"16,15 : 694.08"
"16,16 : 0.0"
"16,17 : 166.23"
"16,18 : 464.12"
"16,19 : 793.45"
"16,20 : 454.78"
"16,21 : 477.7"
"16,22 : 546.88"
"16,23 : 919.46"
"16,24 : 641.8"
"16,25 : 326.81"
"16,26 : 792.64"
"16,27 : 827.83"
"16,28 : 324.91"
"16,29 : 559.32"
"16,30 : 105.12"
"16,31 : 880.62"
"16,32 : 462.05"
"16,33 : 205.29"
"16,34 : 454.03"
"16,35 : 145.91"
"16,36 : 282.11"
"16,37 : 171.59"
"16,38 : 370.83"
"16,39 : 753.37"
"16,40 : 454.51"
"16,41 : 344.58"
"16,42 : 348.59"
"16,43 : 250.93"
"16,44 : 865.07"
"16,45 : 649.47"
"16,46 : 329.51"
"16,47 : 455.32"
"16,48 : 490.8"
"16,49 : 289.17"
"17,0 : 683.22"
"17,1 : 672.6"
"17,2 : 641.12"
"17,3 : 469.84"
"17,4 : 651.02"
"17,5 : 441.96"
"17,6 : 492.44"
"17,7 : 63.7"
"17,8 : 332.54"
"17,9 : 118.71"
"17,10 : 560.29"
"17,11 : 473.11"
"17,12 : 276.57"
"17,13 : 793.11"
"17,14 : 716.48"
"17,15 : 577.33"
"17,16 : 166.23"
"17,17 : 0.0"
"17,18 : 552.78"
"17,19 : 650.47"
"17,20 : 595.1"
"17,21 : 583.34"
"17,22 : 380.74"
"17,23 : 917.85"
"17,24 : 701.01"
"17,25 : 466.9"
"17,26 : 733.13"
"17,27 : 785.33"
"17,28 : 395.32"
"17,29 : 396.37"
"17,30 : 259.75"
"17,31 : 875.65"
"17,32 : 458.34"
"17,33 : 101.71"
"17,34 : 316.26"
"17,35 : 310.57"
"17,36 : 168.51"
"17,37 : 7.62"
"17,38 : 418.86"
"17,39 : 681.23"
"17,40 : 291.49"
"17,41 : 302.79"
"17,42 : 182.47"
"17,43 : 84.69"
"17,44 : 822.69"
"17,45 : 524.24"
"17,46 : 164.2"
"17,47 : 413.03"
"17,48 : 336.79"
"17,49 : 234.54"
"18,0 : 525.21"
"18,1 : 827.36"
"18,2 : 259.99"
"18,3 : 86.12"
"18,4 : 420.21"
"18,5 : 192.6"
"18,6 : 301.01"
"18,7 : 533.9"
"18,8 : 529.92"
"18,9 : 506.95"
"18,10 : 565.28"
"18,11 : 242.74"
"18,12 : 766.83"
"18,13 : 922.74"
"18,14 : 642.87"
"18,15 : 718.06"
"18,16 : 464.12"
"18,17 : 552.78"
"18,18 : 0.0"
"18,19 : 894.07"
"18,20 : 225.84"
"18,21 : 68.88"
"18,22 : 856.03"
"18,23 : 564.87"
"18,24 : 200.82"
"18,25 : 224.51"
"18,26 : 613.82"
"18,27 : 592.71"
"18,28 : 159.7"
"18,29 : 902.58"
"18,30 : 378.57"
"18,31 : 538.98"
"18,32 : 282.84"
"18,33 : 640.66"
"18,34 : 627.92"
"18,35 : 397.66"
"18,36 : 716.88"
"18,37 : 560.38"
"18,38 : 166.36"
"18,39 : 621.76"
"18,40 : 807.0"
"18,41 : 372.91"
"18,42 : 678.17"
"18,43 : 610.62"
"18,44 : 621.95"
"18,45 : 714.51"
"18,46 : 684.34"
"18,47 : 381.81"
"18,48 : 872.47"
"18,49 : 404.52"
"19,0 : 529.85"
"19,1 : 132.2"
"19,2 : 758.65"
"19,3 : 822.31"
"19,4 : 609.22"
"19,5 : 701.48"
"19,6 : 1031.59"
"19,7 : 712.25"
"19,8 : 386.08"
"19,9 : 761.25"
"19,10 : 370.23"
"19,11 : 984.37"
"19,12 : 459.51"
"19,13 : 198.95"
"19,14 : 432.0"
"19,15 : 193.17"
"19,16 : 793.45"
"19,17 : 650.47"
"19,18 : 894.07"
"19,19 : 0.0"
"19,20 : 1067.72"
"19,21 : 958.92"
"19,22 : 412.02"
"19,23 : 822.22"
"19,24 : 897.59"
"19,25 : 968.22"
"19,26 : 488.01"
"19,27 : 583.09"
"19,28 : 775.02"
"19,29 : 483.58"
"19,30 : 847.91"
"19,31 : 782.14"
"19,32 : 616.84"
"19,33 : 702.73"
"19,34 : 339.43"
"19,35 : 911.47"
"19,36 : 697.95"
"19,37 : 649.25"
"19,38 : 735.08"
"19,39 : 414.9"
"19,40 : 506.06"
"19,41 : 543.27"
"19,42 : 503.42"
"19,43 : 582.47"
"19,44 : 603.16"
"19,45 : 179.63"
"19,46 : 541.56"
"19,47 : 512.63"
"19,48 : 570.22"
"19,49 : 550.8"
"20,0 : 747.63"
"20,1 : 1017.69"
"20,2 : 484.93"
"20,3 : 260.22"
"20,4 : 644.71"
"20,5 : 387.7"
"20,6 : 142.86"
"20,7 : 553.86"
"20,8 : 685.26"
"20,9 : 508.64"
"20,10 : 768.59"
"20,11 : 126.49"
"20,12 : 853.3"
"20,13 : 1121.14"
"20,14 : 861.07"
"20,15 : 905.83"
"20,16 : 454.78"
"20,17 : 595.1"
"20,18 : 225.84"
"20,19 : 1067.72"
"20,20 : 0.0"
"20,21 : 165.13"
"20,22 : 952.8"
"20,23 : 781.06"
"20,24 : 400.52"
"20,25 : 128.72"
"20,26 : 835.5"
"20,27 : 818.14"
"20,28 : 293.26"
"20,29 : 984.11"
"20,30 : 349.86"
"20,31 : 758.57"
"20,32 : 485.84"
"20,33 : 658.62"
"20,34 : 765.3"
"20,35 : 330.07"
"20,36 : 736.27"
"20,37 : 602.34"
"20,38 : 341.55"
"20,39 : 837.62"
"20,40 : 881.01"
"20,41 : 525.08"
"20,42 : 757.59"
"20,43 : 671.22"
"20,44 : 847.71"
"20,45 : 891.31"
"20,46 : 752.05"
"20,47 : 569.6"
"20,48 : 931.86"
"20,49 : 530.95"
"21,0 : 592.81"
"21,1 : 894.65"
"21,2 : 321.12"
"21,3 : 139.26"
"21,4 : 486.81"
"21,5 : 258.21"
"21,6 : 262.82"
"21,7 : 557.68"
"21,8 : 589.96"
"21,9 : 524.82"
"21,10 : 633.75"
"21,11 : 210.68"
"21,12 : 811.63"
"21,13 : 991.0"
"21,14 : 711.37"
"21,15 : 784.87"
"21,16 : 477.7"
"21,17 : 583.34"
"21,18 : 68.88"
"21,19 : 958.92"
"21,20 : 165.13"
"21,21 : 0.0"
"21,22 : 903.95"
"21,23 : 616.59"
"21,24 : 239.05"
"21,25 : 195.66"
"21,26 : 681.6"
"21,27 : 657.98"
"21,28 : 204.16"
"21,29 : 946.86"
"21,30 : 383.44"
"21,31 : 593.53"
"21,32 : 350.71"
"21,33 : 665.46"
"21,34 : 684.46"
"21,35 : 391.41"
"21,36 : 742.93"
"21,37 : 590.95"
"21,38 : 225.8"
"21,39 : 690.51"
"21,40 : 848.8"
"21,41 : 430.73"
"21,42 : 720.46"
"21,43 : 647.11"
"21,44 : 686.35"
"21,45 : 779.57"
"21,46 : 723.54"
"21,47 : 447.67"
"21,48 : 910.78"
"21,49 : 456.09"
"22,0 : 741.77"
"22,1 : 503.17"
"22,2 : 842.71"
"22,3 : 770.26"
"22,4 : 767.21"
"22,5 : 689.9"
"22,6 : 865.78"
"22,7 : 440.56"
"22,8 : 378.67"
"22,9 : 496.91"
"22,10 : 566.13"
"22,11 : 838.37"
"22,12 : 104.18"
"22,13 : 605.29"
"22,14 : 705.69"
"22,15 : 463.91"
"22,16 : 546.88"
"22,17 : 380.74"
"22,18 : 856.03"
"22,19 : 412.02"
"22,20 : 952.8"
"22,21 : 903.95"
"22,22 : 0.0"
"22,23 : 1034.99"
"22,24 : 948.77"
"22,25 : 828.81"
"22,26 : 747.69"
"22,27 : 831.41"
"22,28 : 700.02"
"22,29 : 78.26"
"22,30 : 637.64"
"22,31 : 990.51"
"22,32 : 651.16"
"22,33 : 377.83"
"22,34 : 267.66"
"22,35 : 691.05"
"22,36 : 338.92"
"22,37 : 375.29"
"22,38 : 693.91"
"22,39 : 674.27"
"22,40 : 112.8"
"22,41 : 497.02"
"22,42 : 199.72"
"22,43 : 296.12"
"22,44 : 863.48"
"22,45 : 397.59"
"22,46 : 218.28"
"22,47 : 554.16"
"22,48 : 159.26"
"22,49 : 452.49"
"23,0 : 301.03"
"23,1 : 697.53"
"23,2 : 316.7"
"23,3 : 580.28"
"23,4 : 273.93"
"23,5 : 511.33"
"23,6 : 864.37"
"23,7 : 936.15"
"23,8 : 664.9"
"23,9 : 939.14"
"23,10 : 480.08"
"23,11 : 804.37"
"23,12 : 990.9"
"23,13 : 723.01"
"23,14 : 392.43"
"23,15 : 639.37"
"23,16 : 919.46"
"23,17 : 917.85"
"23,18 : 564.87"
"23,19 : 822.22"
"23,20 : 781.06"
"23,21 : 616.59"
"23,22 : 1034.99"
"23,23 : 0.0"
"23,24 : 383.34"
"23,25 : 785.02"
"23,26 : 335.48"
"23,27 : 241.45"
"23,28 : 618.87"
"23,29 : 1107.7"
"23,30 : 873.7"
"23,31 : 44.55"
"23,32 : 462.33"
"23,33 : 1019.48"
"23,34 : 769.71"
"23,35 : 916.27"
"23,36 : 1077.53"
"23,37 : 923.77"
"23,38 : 559.02"
"23,39 : 407.33"
"23,40 : 1048.63"
"23,41 : 616.33"
"23,42 : 940.95"
"23,43 : 928.66"
"23,44 : 230.43"
"23,45 : 686.65"
"23,46 : 968.61"
"23,47 : 512.86"
"23,48 : 1131.17"
"23,49 : 684.68"
"24,0 : 432.76"
"24,1 : 806.12"
"24,2 : 143.96"
"24,3 : 251.44"
"24,4 : 323.0"
"24,5 : 265.19"
"24,6 : 498.51"
"24,7 : 695.09"
"24,8 : 583.64"
"24,9 : 677.91"
"24,10 : 534.09"
"24,11 : 442.11"
"24,12 : 872.3"
"24,13 : 882.04"
"24,14 : 562.01"
"24,15 : 707.29"
"24,16 : 641.8"
"24,17 : 701.01"
"24,18 : 200.82"
"24,19 : 897.59"
"24,20 : 400.52"
"24,21 : 239.05"
"24,22 : 948.77"
"24,23 : 383.34"
"24,24 : 0.0"
"24,25 : 424.5"
"24,26 : 519.31"
"24,27 : 470.88"
"24,28 : 317.19"
"24,29 : 1006.32"
"24,30 : 567.22"
"24,31 : 365.43"
"24,32 : 301.82"
"24,33 : 797.19"
"24,34 : 693.94"
"24,35 : 593.48"
"24,36 : 869.38"
"24,37 : 708.31"
"24,38 : 282.23"
"24,39 : 550.72"
"24,40 : 920.43"
"24,41 : 452.73"
"24,42 : 793.92"
"24,43 : 743.85"
"24,44 : 492.18"
"24,45 : 722.4"
"24,46 : 808.35"
"24,47 : 408.0"
"24,48 : 994.12"
"24,49 : 506.26"
"25,0 : 701.82"
"25,1 : 929.17"
"25,2 : 471.96"
"25,3 : 212.08"
"25,4 : 607.8"
"25,5 : 325.78"
"25,6 : 81.61"
"25,7 : 425.14"
"25,8 : 582.42"
"25,9 : 380.32"
"25,10 : 694.74"
"25,11 : 20.25"
"25,12 : 728.18"
"25,13 : 1037.95"
"25,14 : 804.36"
"25,15 : 816.88"
"25,16 : 326.81"
"25,17 : 466.9"
"25,18 : 224.51"
"25,19 : 968.22"
"25,20 : 128.72"
"25,21 : 195.66"
"25,22 : 828.81"
"25,23 : 785.02"
"25,24 : 424.5"
"25,25 : 0.0"
"25,26 : 786.32"
"25,27 : 783.24"
"25,28 : 211.82"
"25,29 : 857.76"
"25,30 : 222.33"
"25,31 : 756.43"
"25,32 : 422.1"
"25,33 : 530.07"
"25,34 : 653.64"
"25,35 : 209.83"
"25,36 : 607.82"
"25,37 : 474.08"
"25,38 : 272.68"
"25,39 : 777.45"
"25,40 : 754.17"
"25,41 : 426.28"
"25,42 : 632.06"
"25,43 : 544.01"
"25,44 : 815.97"
"25,45 : 795.6"
"25,46 : 625.12"
"25,47 : 489.1"
"25,48 : 803.68"
"25,49 : 421.28"
"26,0 : 89.1"
"26,1 : 362.08"
"26,2 : 379.8"
"26,3 : 580.25"
"26,4 : 198.84"
"26,5 : 460.64"
"26,6 : 866.7"
"26,7 : 770.96"
"26,8 : 417.11"
"26,9 : 793.01"
"26,10 : 186.04"
"26,11 : 806.41"
"26,12 : 725.23"
"26,13 : 395.15"
"26,14 : 57.07"
"26,15 : 312.03"
"26,16 : 792.64"
"26,17 : 733.13"
"26,18 : 613.82"
"26,19 : 488.01"
"26,20 : 835.5"
"26,21 : 681.6"
"26,22 : 747.69"
"26,23 : 335.48"
"26,24 : 519.31"
"26,25 : 786.32"
"26,26 : 0.0"
"26,27 : 95.08"
"26,28 : 577.75"
"26,29 : 824.6"
"26,30 : 785.25"
"26,31 : 297.32"
"26,32 : 366.62"
"26,33 : 828.25"
"26,34 : 499.77"
"26,35 : 842.64"
"26,36 : 869.17"
"26,37 : 737.1"
"26,38 : 514.34"
"26,39 : 76.4"
"26,40 : 784.77"
"26,41 : 448.36"
"26,42 : 698.62"
"26,43 : 716.0"
"26,44 : 119.02"
"26,45 : 367.21"
"26,46 : 733.04"
"26,47 : 337.72"
"26,48 : 867.67"
"26,49 : 509.17"
"27,0 : 102.11"
"27,1 : 456.72"
"27,2 : 341.25"
"27,3 : 572.16"
"27,4 : 175.48"
"27,5 : 462.83"
"27,6 : 864.71"
"27,7 : 817.6"
"27,8 : 484.81"
"27,9 : 834.09"
"27,10 : 265.31"
"27,11 : 803.49"
"27,12 : 802.39"
"27,13 : 483.65"
"27,14 : 151.48"
"27,15 : 405.77"
"27,16 : 827.83"
"27,17 : 785.33"
"27,18 : 592.71"
"27,19 : 583.09"
"27,20 : 818.14"
"27,21 : 657.98"
"27,22 : 831.41"
"27,23 : 241.45"
"27,24 : 470.88"
"27,25 : 783.24"
"27,26 : 95.08"
"27,27 : 0.0"
"27,28 : 581.93"
"27,29 : 907.4"
"27,30 : 808.7"
"27,31 : 204.98"
"27,32 : 377.88"
"27,33 : 883.5"
"27,34 : 576.37"
"27,35 : 862.54"
"27,36 : 929.97"
"27,37 : 789.96"
"27,38 : 517.2"
"27,39 : 170.07"
"27,40 : 861.73"
"27,41 : 489.04"
"27,42 : 768.4"
"27,43 : 776.7"
"27,44 : 37.48"
"27,45 : 458.85"
"27,46 : 801.03"
"27,47 : 375.9"
"27,48 : 944.93"
"27,49 : 554.28"
"28,0 : 495.32"
"28,1 : 725.29"
"28,2 : 303.82"
"28,3 : 74.69"
"28,4 : 408.16"
"28,5 : 119.1"
"28,6 : 290.18"
"28,7 : 381.42"
"28,8 : 395.34"
"28,9 : 361.02"
"28,10 : 483.66"
"28,11 : 231.35"
"28,12 : 608.78"
"28,13 : 830.86"
"28,14 : 593.51"
"28,15 : 613.21"
"28,16 : 324.91"
"28,17 : 395.32"
"28,18 : 159.7"
"28,19 : 775.02"
"28,20 : 293.26"
"28,21 : 204.16"
"28,22 : 700.02"
"28,23 : 618.87"
"28,24 : 317.19"
"28,25 : 211.82"
"28,26 : 577.75"
"28,27 : 581.93"
"28,28 : 0.0"
"28,29 : 744.34"
"28,30 : 258.38"
"28,31 : 584.41"
"28,32 : 211.55"
"28,33 : 486.42"
"28,34 : 483.71"
"28,35 : 297.42"
"28,36 : 561.36"
"28,37 : 402.88"
"28,38 : 64.76"
"28,39 : 566.04"
"28,40 : 647.82"
"28,41 : 234.36"
"28,42 : 519.06"
"28,43 : 451.05"
"28,44 : 616.3"
"28,45 : 598.12"
"28,46 : 524.67"
"28,47 : 279.51"
"28,48 : 712.78"
"28,49 : 252.57"
"29,0 : 816.54"
"29,1 : 579.44"
"29,2 : 905.67"
"29,3 : 816.47"
"29,4 : 838.14"
"29,5 : 744.25"
"29,6 : 888.35"
"29,7 : 451.12"
"29,8 : 446.81"
"29,9 : 506.5"
"29,10 : 642.11"
"29,11 : 865.75"
"29,12 : 135.82"
"29,13 : 679.11"
"29,14 : 783.24"
"29,15 : 542.15"
"29,16 : 559.32"
"29,17 : 396.37"
"29,18 : 902.58"
"29,19 : 483.58"
"29,20 : 984.11"
"29,21 : 946.86"
"29,22 : 78.26"
"29,23 : 1107.7"
"29,24 : 1006.32"
"29,25 : 857.76"
"29,26 : 824.6"
"29,27 : 907.4"
"29,28 : 744.34"
"29,29 : 0.0"
"29,30 : 656.12"
"29,31 : 1063.16"
"29,32 : 712.43"
"29,33 : 372.84"
"29,34 : 338.2"
"29,35 : 705.16"
"29,36 : 320.06"
"29,37 : 389.97"
"29,38 : 743.84"
"29,39 : 751.56"
"29,40 : 104.92"
"29,41 : 553.62"
"29,42 : 227.5"
"29,43 : 314.63"
"29,44 : 939.85"
"29,45 : 475.85"
"29,46 : 233.24"
"29,47 : 619.16"
"29,48 : 103.77"
"29,49 : 503.49"
"30,0 : 712.83"
"30,1 : 837.2"
"30,2 : 561.14"
"30,3 : 315.96"
"30,4 : 643.0"
"30,5 : 363.04"
"30,6 : 234.05"
"30,7 : 209.0"
"30,8 : 472.83"
"30,9 : 159.67"
"30,10 : 649.2"
"30,11 : 223.62"
"30,12 : 533.95"
"30,13 : 954.65"
"30,14 : 787.52"
"30,15 : 728.72"
"30,16 : 105.12"
"30,17 : 259.75"
"30,18 : 378.57"
"30,19 : 847.91"
"30,20 : 349.86"
"30,21 : 383.44"
"30,22 : 637.64"
"30,23 : 873.7"
"30,24 : 567.22"
"30,25 : 222.33"
"30,26 : 785.25"
"30,27 : 808.7"
"30,28 : 258.38"
"30,29 : 656.12"
"30,30 : 0.0"
"30,31 : 837.45"
"30,32 : 432.17"
"30,33 : 310.14"
"30,34 : 511.65"
"30,35 : 64.03"
"30,36 : 387.2"
"30,37 : 266.18"
"30,38 : 314.88"
"30,39 : 755.25"
"30,40 : 551.23"
"30,41 : 349.54"
"30,42 : 437.92"
"30,43 : 342.76"
"30,44 : 845.13"
"30,45 : 691.57"
"30,46 : 423.62"
"30,47 : 450.28"
"30,48 : 592.37"
"30,49 : 309.85"
"31,0 : 258.07"
"31,1 : 658.74"
"31,2 : 285.21"
"31,3 : 549.18"
"31,4 : 229.8"
"31,5 : 474.49"
"31,6 : 836.53"
"31,7 : 895.01"
"31,8 : 620.38"
"31,9 : 899.12"
"31,10 : 436.65"
"31,11 : 776.03"
"31,12 : 946.38"
"31,13 : 688.47"
"31,14 : 354.39"
"31,15 : 597.78"
"31,16 : 880.62"
"31,17 : 875.65"
"31,18 : 538.98"
"31,19 : 782.14"
"31,20 : 758.57"
"31,21 : 593.53"
"31,22 : 990.51"
"31,23 : 44.55"
"31,24 : 365.43"
"31,25 : 756.43"
"31,26 : 297.32"
"31,27 : 204.98"
"31,28 : 584.41"
"31,29 : 1063.16"
"31,30 : 837.45"
"31,31 : 0.0"
"31,32 : 421.59"
"31,33 : 977.2"
"31,34 : 725.16"
"31,35 : 881.46"
"31,36 : 1034.59"
"31,37 : 881.49"
"31,38 : 523.44"
"31,39 : 367.44"
"31,40 : 1004.14"
"31,41 : 573.67"
"31,42 : 896.75"
"31,43 : 885.32"
"31,44 : 198.73"
"31,45 : 643.99"
"31,46 : 924.6"
"31,47 : 469.28"
"31,48 : 1086.7"
"31,49 : 642.07"
"32,0 : 286.12"
"32,1 : 544.74"
"32,2 : 194.43"
"32,3 : 225.66"
"32,4 : 211.29"
"32,5 : 98.41"
"32,6 : 501.48"
"32,7 : 473.89"
"32,8 : 281.82"
"32,9 : 477.85"
"32,10 : 284.01"
"32,11 : 441.96"
"32,12 : 581.11"
"32,13 : 640.45"
"32,14 : 382.27"
"32,15 : 436.23"
"32,16 : 462.05"
"32,17 : 458.34"
"32,18 : 282.84"
"32,19 : 616.84"
"32,20 : 485.84"
"32,21 : 350.71"
"32,22 : 651.16"
"32,23 : 462.33"
"32,24 : 301.82"
"32,25 : 422.1"
"32,26 : 366.62"
"32,27 : 377.88"
"32,28 : 211.55"
"32,29 : 712.43"
"32,30 : 432.17"
"32,31 : 421.59"
"32,32 : 0.0"
"32,33 : 560.0"
"32,34 : 392.49"
"32,35 : 484.8"
"32,36 : 622.22"
"32,37 : 464.63"
"32,38 : 149.5"
"32,39 : 355.63"
"32,40 : 632.99"
"32,41 : 165.76"
"32,42 : 511.2"
"32,43 : 479.28"
"32,44 : 413.79"
"32,45 : 437.54"
"32,46 : 531.81"
"32,47 : 108.02"
"32,48 : 710.86"
"32,49 : 230.79"
"33,0 : 781.45"
"33,1 : 740.15"
"33,2 : 741.73"
"33,3 : 560.11"
"33,4 : 752.07"
"33,5 : 541.05"
"33,6 : 542.4"
"33,7 : 107.84"
"33,8 : 419.43"
"33,9 : 150.47"
"33,10 : 651.66"
"33,11 : 533.09"
"33,12 : 278.37"
"33,13 : 859.76"
"33,14 : 808.84"
"33,15 : 652.01"
"33,16 : 205.29"
"33,17 : 101.71"
"33,18 : 640.66"
"33,19 : 702.73"
"33,20 : 658.62"
"33,21 : 665.46"
"33,22 : 377.83"
"33,23 : 1019.48"
"33,24 : 797.19"
"33,25 : 530.07"
"33,26 : 828.25"
"33,27 : 883.5"
"33,28 : 486.42"
"33,29 : 372.84"
"33,30 : 310.14"
"33,31 : 977.2"
"33,32 : 560.0"
"33,33 : 0.0"
"33,34 : 383.32"
"33,35 : 347.05"
"33,36 : 78.11"
"33,37 : 95.71"
"33,38 : 515.1"
"33,39 : 773.49"
"33,40 : 271.77"
"33,41 : 403.98"
"33,42 : 202.47"
"33,43 : 123.98"
"33,44 : 920.75"
"33,45 : 594.39"
"33,46 : 168.24"
"33,47 : 513.28"
"33,48 : 292.32"
"33,49 : 335.6"
"34,0 : 481.8"
"34,1 : 357.66"
"34,2 : 579.76"
"34,3 : 545.58"
"34,4 : 500.07"
"34,5 : 445.94"
"34,6 : 709.12"
"34,7 : 375.99"
"34,8 : 112.4"
"34,9 : 422.96"
"34,10 : 313.82"
"34,11 : 667.71"
"34,12 : 226.05"
"34,13 : 477.88"
"34,14 : 465.62"
"34,15 : 270.07"
"34,16 : 454.03"
"34,17 : 316.26"
"34,18 : 627.92"
"34,19 : 339.43"
"34,20 : 765.3"
"34,21 : 684.46"
"34,22 : 267.66"
"34,23 : 769.71"
"34,24 : 693.94"
"34,25 : 653.64"
"34,26 : 499.77"
"34,27 : 576.37"
"34,28 : 483.71"
"34,29 : 338.2"
"34,30 : 511.65"
"34,31 : 725.16"
"34,32 : 392.49"
"34,33 : 383.32"
"34,34 : 0.0"
"34,35 : 574.6"
"34,36 : 399.13"
"34,37 : 316.08"
"34,38 : 461.57"
"34,39 : 431.52"
"34,40 : 285.46"
"34,41 : 255.13"
"34,42 : 208.03"
"34,43 : 259.34"
"34,44 : 610.52"
"34,45 : 211.07"
"34,46 : 246.17"
"34,47 : 290.27"
"34,48 : 368.62"
"34,49 : 234.39"
"35,0 : 768.25"
"35,1 : 901.2"
"35,2 : 600.97"
"35,3 : 345.65"
"35,4 : 694.21"
"35,5 : 409.24"
"35,6 : 199.15"
"35,7 : 254.17"
"35,8 : 536.85"
"35,9 : 199.83"
"35,10 : 710.63"
"35,11 : 205.29"
"35,12 : 586.95"
"35,13 : 1018.57"
"35,14 : 846.75"
"35,15 : 792.61"
"35,16 : 145.91"
"35,17 : 310.57"
"35,18 : 397.66"
"35,19 : 911.47"
"35,20 : 330.07"
"35,21 : 391.41"
"35,22 : 691.05"
"35,23 : 916.27"
"35,24 : 593.48"
"35,25 : 209.83"
"35,26 : 842.64"
"35,27 : 862.54"
"35,28 : 297.42"
"35,29 : 705.16"
"35,30 : 64.03"
"35,31 : 881.46"
"35,32 : 484.8"
"35,33 : 347.05"
"35,34 : 574.6"
"35,35 : 0.0"
"35,36 : 421.43"
"35,37 : 316.37"
"35,38 : 358.26"
"35,39 : 814.92"
"35,40 : 600.31"
"35,41 : 411.53"
"35,42 : 491.81"
"35,43 : 394.97"
"35,44 : 898.58"
"35,45 : 755.6"
"35,46 : 474.61"
"35,47 : 509.76"
"35,48 : 635.98"
"35,49 : 373.59"
"36,0 : 828.42"
"36,1 : 748.84"
"36,2 : 808.08"
"36,3 : 635.46"
"36,4 : 807.06"
"36,5 : 610.25"
"36,6 : 618.32"
"36,7 : 185.7"
"36,8 : 453.64"
"36,9 : 227.69"
"36,10 : 688.02"
"36,11 : 610.52"
"36,12 : 249.11"
"36,13 : 866.44"
"36,14 : 845.47"
"36,15 : 668.86"
"36,16 : 282.11"
"36,17 : 168.51"
"36,18 : 716.88"
"36,19 : 697.95"
"36,20 : 736.27"
"36,21 : 742.93"
"36,22 : 338.92"
"36,23 : 1077.53"
"36,24 : 869.38"
"36,25 : 607.82"
"36,26 : 869.17"
"36,27 : 929.97"
"36,28 : 561.36"
"36,29 : 320.06"
"36,30 : 387.2"
"36,31 : 1034.59"
"36,32 : 622.22"
"36,33 : 78.11"
"36,34 : 399.13"
"36,35 : 421.43"
"36,36 : 0.0"
"36,37 : 161.32"
"36,38 : 587.18"
"36,39 : 810.19"
"36,40 : 227.01"
"36,41 : 461.42"
"36,42 : 196.9"
"36,43 : 153.38"
"36,44 : 966.84"
"36,45 : 607.59"
"36,46 : 157.71"
"36,47 : 566.68"
"36,48 : 229.39"
"36,49 : 393.31"
"37,0 : 687.85"
"37,1 : 672.88"
"37,2 : 647.88"
"37,3 : 477.41"
"37,4 : 656.54"
"37,5 : 449.01"
"37,6 : 499.12"
"37,7 : 67.2"
"37,8 : 334.93"
"37,9 : 122.97"
"37,10 : 563.55"
"37,11 : 480.18"
"37,12 : 271.12"
"37,13 : 793.34"
"37,14 : 719.95"
"37,15 : 578.33"
"37,16 : 171.59"
"37,17 : 7.62"
"37,18 : 560.38"
"37,19 : 649.25"
"37,20 : 602.34"
"37,21 : 590.95"
"37,22 : 375.29"
"37,23 : 923.77"
"37,24 : 708.31"
"37,25 : 474.08"
"37,26 : 737.1"
"37,27 : 789.96"
"37,28 : 402.88"
"37,29 : 389.97"
"37,30 : 266.18"
"37,31 : 881.49"
"37,32 : 464.63"
"37,33 : 95.71"
"37,34 : 316.08"
"37,35 : 316.37"
"37,36 : 161.32"
"37,37 : 0.0"
"37,38 : 426.2"
"37,39 : 684.68"
"37,40 : 285.07"
"37,41 : 308.37"
"37,42 : 177.59"
"37,43 : 79.61"
"37,44 : 827.29"
"37,45 : 524.69"
"37,46 : 158.24"
"37,47 : 418.21"
"37,48 : 329.61"
"37,49 : 240.03"
"38,0 : 431.19"
"38,1 : 677.46"
"38,2 : 246.98"
"38,3 : 87.32"
"38,4 : 343.42"
"38,5 : 54.41"
"38,6 : 352.48"
"38,7 : 414.1"
"38,8 : 364.4"
"38,9 : 401.1"
"38,10 : 427.87"
"38,11 : 292.61"
"38,12 : 608.1"
"38,13 : 779.64"
"38,14 : 531.7"
"38,15 : 566.12"
"38,16 : 370.83"
"38,17 : 418.86"
"38,18 : 166.36"
"38,19 : 735.08"
"38,20 : 341.55"
"38,21 : 225.8"
"38,22 : 693.91"
"38,23 : 559.02"
"38,24 : 282.23"
"38,25 : 272.68"
"38,26 : 514.34"
"38,27 : 517.2"
"38,28 : 64.76"
"38,29 : 743.84"
"38,30 : 314.88"
"38,31 : 523.44"
"38,32 : 149.5"
"38,33 : 515.1"
"38,34 : 461.57"
"38,35 : 358.26"
"38,36 : 587.18"
"38,37 : 426.2"
"38,38 : 0.0"
"38,39 : 505.09"
"38,40 : 651.55"
"38,41 : 206.55"
"38,42 : 523.06"
"38,43 : 464.88"
"38,44 : 551.54"
"38,45 : 556.32"
"38,46 : 533.39"
"38,47 : 228.54"
"38,48 : 721.14"
"38,49 : 241.42"
"39,0 : 125.16"
"39,1 : 292.04"
"39,2 : 407.41"
"39,3 : 578.36"
"39,4 : 228.82"
"39,5 : 453.42"
"39,6 : 856.18"
"39,7 : 723.02"
"39,8 : 356.55"
"39,9 : 749.17"
"39,10 : 122.18"
"39,11 : 797.2"
"39,12 : 655.66"
"39,13 : 338.83"
"39,14 : 35.36"
"39,15 : 235.85"
"39,16 : 753.37"
"39,17 : 681.23"
"39,18 : 621.76"
"39,19 : 414.9"
"39,20 : 837.62"
"39,21 : 690.51"
"39,22 : 674.27"
"39,23 : 407.33"
"39,24 : 550.72"
"39,25 : 777.45"
"39,26 : 76.4"
"39,27 : 170.07"
"39,28 : 566.04"
"39,29 : 751.56"
"39,30 : 755.25"
"39,31 : 367.44"
"39,32 : 355.63"
"39,33 : 773.49"
"39,34 : 431.52"
"39,35 : 814.92"
"39,36 : 810.19"
"39,37 : 684.68"
"39,38 : 505.09"
"39,39 : 0.0"
"39,40 : 715.17"
"39,41 : 409.69"
"39,42 : 634.05"
"39,43 : 657.85"
"39,44 : 195.41"
"39,45 : 290.91"
"39,46 : 669.57"
"39,47 : 305.16"
"39,48 : 797.71"
"39,49 : 465.48"
"40,0 : 766.25"
"40,1 : 582.52"
"40,2 : 827.38"
"40,3 : 720.94"
"40,4 : 775.74"
"40,5 : 656.13"
"40,6 : 783.66"
"40,7 : 346.37"
"40,8 : 383.84"
"40,9 : 401.92"
"40,10 : 599.05"
"40,11 : 761.8"
"40,12 : 59.54"
"40,13 : 692.02"
"40,14 : 748.64"
"40,15 : 526.06"
"40,16 : 454.51"
"40,17 : 291.49"
"40,18 : 807.0"
"40,19 : 506.06"
"40,20 : 881.01"
"40,21 : 848.8"
"40,22 : 112.8"
"40,23 : 1048.63"
"40,24 : 920.43"
"40,25 : 754.17"
"40,26 : 784.77"
"40,27 : 861.73"
"40,28 : 647.82"
"40,29 : 104.92"
"40,30 : 551.23"
"40,31 : 1004.14"
"40,32 : 632.99"
"40,33 : 271.77"
"40,34 : 285.46"
"40,35 : 600.31"
"40,36 : 227.01"
"40,37 : 285.07"
"40,38 : 651.55"
"40,39 : 715.17"
"40,40 : 0.0"
"40,41 : 469.84"
"40,42 : 128.84"
"40,43 : 210.34"
"40,44 : 895.98"
"40,45 : 459.63"
"40,46 : 129.06"
"40,47 : 546.63"
"40,48 : 83.23"
"40,49 : 414.38"
"41,0 : 387.62"
"41,1 : 505.03"
"41,2 : 359.42"
"41,3 : 291.49"
"41,4 : 348.23"
"41,5 : 193.57"
"41,6 : 493.79"
"41,7 : 329.2"
"41,8 : 160.98"
"41,9 : 345.7"
"41,10 : 299.88"
"41,11 : 443.21"
"41,12 : 420.0"
"41,13 : 617.45"
"41,14 : 443.22"
"41,15 : 393.15"
"41,16 : 344.58"
"41,17 : 302.79"
"41,18 : 372.91"
"41,19 : 543.27"
"41,20 : 525.08"
"41,21 : 430.73"
"41,22 : 497.02"
"41,23 : 616.33"
"41,24 : 452.73"
"41,25 : 426.28"
"41,26 : 448.36"
"41,27 : 489.04"
"41,28 : 234.36"
"41,29 : 553.62"
"41,30 : 349.54"
"41,31 : 573.67"
"41,32 : 165.76"
"41,33 : 403.98"
"41,34 : 255.13"
"41,35 : 411.53"
"41,36 : 461.42"
"41,37 : 308.37"
"41,38 : 206.55"
"41,39 : 409.69"
"41,40 : 469.84"
"41,41 : 0.0"
"41,42 : 346.21"
"41,43 : 315.01"
"41,44 : 526.51"
"41,45 : 369.32"
"41,46 : 366.07"
"41,47 : 113.14"
"41,48 : 546.39"
"41,49 : 68.43"
"42,0 : 669.43"
"42,1 : 552.12"
"42,2 : 705.44"
"42,3 : 592.11"
"42,4 : 667.02"
"42,5 : 529.06"
"42,6 : 666.6"
"42,7 : 244.23"
"42,8 : 283.59"
"42,9 : 300.42"
"42,10 : 513.35"
"42,11 : 640.83"
"42,12 : 96.51"
"42,13 : 669.54"
"42,14 : 668.82"
"42,15 : 475.03"
"42,16 : 348.59"
"42,17 : 182.47"
"42,18 : 678.17"
"42,19 : 503.42"
"42,20 : 757.59"
"42,21 : 720.46"
"42,22 : 199.72"
"42,23 : 940.95"
"42,24 : 793.92"
"42,25 : 632.06"
"42,26 : 698.62"
"42,27 : 768.4"
"42,28 : 519.06"
"42,29 : 227.5"
"42,30 : 437.92"
"42,31 : 896.75"
"42,32 : 511.2"
"42,33 : 202.47"
"42,34 : 208.03"
"42,35 : 491.81"
"42,36 : 196.9"
"42,37 : 177.59"
"42,38 : 523.06"
"42,39 : 634.05"
"42,40 : 128.84"
"42,41 : 346.21"
"42,42 : 0.0"
"42,43 : 98.01"
"42,44 : 804.09"
"42,45 : 412.35"
"42,46 : 39.32"
"42,47 : 431.39"
"42,48 : 200.48"
"42,49 : 287.71"
"43,0 : 675.24"
"43,1 : 616.34"
"43,2 : 669.76"
"43,3 : 525.54"
"43,4 : 656.69"
"43,5 : 479.65"
"43,6 : 573.89"
"43,7 : 146.29"
"43,8 : 301.53"
"43,9 : 202.43"
"43,10 : 535.67"
"43,11 : 551.48"
"43,12 : 191.98"
"43,13 : 736.1"
"43,14 : 693.18"
"43,15 : 528.25"
"43,16 : 250.93"
"43,17 : 84.69"
"43,18 : 610.62"
"43,19 : 582.47"
"43,20 : 671.22"
"43,21 : 647.11"
"43,22 : 296.12"
"43,23 : 928.66"
"43,24 : 743.85"
"43,25 : 544.01"
"43,26 : 716.0"
"43,27 : 776.7"
"43,28 : 451.05"
"43,29 : 314.63"
"43,30 : 342.76"
"43,31 : 885.32"
"43,32 : 479.28"
"43,33 : 123.98"
"43,34 : 259.34"
"43,35 : 394.97"
"43,36 : 153.38"
"43,37 : 79.61"
"43,38 : 464.88"
"43,39 : 657.85"
"43,40 : 210.34"
"43,41 : 315.01"
"43,42 : 98.01"
"43,43 : 0.0"
"43,44 : 813.53"
"43,45 : 470.41"
"43,46 : 81.39"
"43,47 : 416.23"
"43,48 : 264.01"
"43,49 : 248.49"
"44,0 : 139.49"
"44,1 : 474.65"
"44,2 : 367.27"
"44,3 : 604.4"
"44,4 : 208.52"
"44,5 : 497.24"
"44,6 : 897.52"
"44,7 : 855.08"
"44,8 : 520.58"
"44,9 : 871.53"
"44,10 : 298.0"
"44,11 : 836.21"
"44,12 : 836.56"
"44,13 : 492.91"
"44,14 : 171.92"
"44,15 : 430.77"
"44,16 : 865.07"
"44,17 : 822.69"
"44,18 : 621.95"
"44,19 : 603.16"
"44,20 : 847.71"
"44,21 : 686.35"
"44,22 : 863.48"
"44,23 : 230.43"
"44,24 : 492.18"
"44,25 : 815.97"
"44,26 : 119.02"
"44,27 : 37.48"
"44,28 : 616.3"
"44,29 : 939.85"
"44,30 : 845.13"
"44,31 : 198.73"
"44,32 : 413.79"
"44,33 : 920.75"
"44,34 : 610.52"
"44,35 : 898.58"
"44,36 : 966.84"
"44,37 : 827.29"
"44,38 : 551.54"
"44,39 : 195.41"
"44,40 : 895.98"
"44,41 : 526.51"
"44,42 : 804.09"
"44,43 : 813.53"
"44,44 : 0.0"
"44,45 : 486.19"
"44,46 : 837.01"
"44,47 : 413.38"
"44,48 : 979.14"
"44,49 : 591.75"
"45,0 : 385.95"
"45,1 : 148.93"
"45,2 : 586.02"
"45,3 : 643.43"
"45,4 : 448.94"
"45,5 : 521.93"
"45,6 : 861.93"
"45,7 : 581.56"
"45,8 : 219.37"
"45,9 : 624.76"
"45,10 : 210.3"
"45,11 : 812.43"
"45,12 : 402.63"
"45,13 : 269.39"
"45,14 : 318.21"
"45,15 : 66.73"
"45,16 : 649.47"
"45,17 : 524.24"
"45,18 : 714.51"
"45,19 : 179.63"
"45,20 : 891.31"
"45,21 : 779.57"
"45,22 : 397.59"
"45,23 : 686.65"
"45,24 : 722.4"
"45,25 : 795.6"
"45,26 : 367.21"
"45,27 : 458.85"
"45,28 : 598.12"
"45,29 : 475.85"
"45,30 : 691.57"
"45,31 : 643.99"
"45,32 : 437.54"
"45,33 : 594.39"
"45,34 : 211.07"
"45,35 : 755.6"
"45,36 : 607.59"
"45,37 : 524.69"
"45,38 : 556.32"
"45,39 : 290.91"
"45,40 : 459.63"
"45,41 : 369.32"
"45,42 : 412.35"
"45,43 : 470.41"
"45,44 : 486.19"
"45,45 : 0.0"
"45,46 : 451.54"
"45,47 : 333.01"
"45,48 : 537.82"
"45,49 : 385.39"
"46,0 : 701.33"
"46,1 : 591.43"
"46,2 : 725.28"
"46,3 : 598.63"
"46,4 : 694.81"
"46,5 : 543.17"
"46,6 : 655.21"
"46,7 : 222.47"
"46,8 : 316.59"
"46,9 : 278.77"
"46,10 : 548.35"
"46,11 : 632.76"
"46,12 : 114.61"
"46,13 : 708.78"
"46,14 : 704.49"
"46,15 : 514.0"
"46,16 : 329.51"
"46,17 : 164.2"
"46,18 : 684.34"
"46,19 : 541.56"
"46,20 : 752.05"
"46,21 : 723.54"
"46,22 : 218.28"
"46,23 : 968.61"
"46,24 : 808.35"
"46,25 : 625.12"
"46,26 : 733.04"
"46,27 : 801.03"
"46,28 : 524.67"
"46,29 : 233.24"
"46,30 : 423.62"
"46,31 : 924.6"
"46,32 : 531.81"
"46,33 : 168.24"
"46,34 : 246.17"
"46,35 : 474.61"
"46,36 : 157.71"
"46,37 : 158.24"
"46,38 : 533.39"
"46,39 : 669.57"
"46,40 : 129.06"
"46,41 : 366.07"
"46,42 : 39.32"
"46,43 : 81.39"
"46,44 : 837.01"
"46,45 : 451.54"
"46,46 : 0.0"
"46,47 : 456.97"
"46,48 : 188.22"
"46,49 : 304.11"
"47,0 : 274.54"
"47,1 : 449.02"
"47,2 : 289.5"
"47,3 : 314.06"
"47,4 : 240.5"
"47,5 : 189.48"
"47,6 : 563.95"
"47,7 : 442.05"
"47,8 : 178.06"
"47,9 : 458.58"
"47,10 : 206.94"
"47,11 : 507.91"
"47,12 : 491.81"
"47,13 : 551.77"
"47,14 : 337.23"
"47,15 : 338.01"
"47,16 : 455.32"
"47,17 : 413.03"
"47,18 : 381.81"
"47,19 : 512.63"
"47,20 : 569.6"
"47,21 : 447.67"
"47,22 : 554.16"
"47,23 : 512.86"
"47,24 : 408.0"
"47,25 : 489.1"
"47,26 : 337.72"
"47,27 : 375.9"
"47,28 : 279.51"
"47,29 : 619.16"
"47,30 : 450.28"
"47,31 : 469.28"
"47,32 : 108.02"
"47,33 : 513.28"
"47,34 : 290.27"
"47,35 : 509.76"
"47,36 : 566.68"
"47,37 : 418.21"
"47,38 : 228.54"
"47,39 : 305.16"
"47,40 : 546.63"
"47,41 : 113.14"
"47,42 : 431.39"
"47,43 : 416.23"
"47,44 : 413.38"
"47,45 : 333.01"
"47,46 : 456.97"
"47,47 : 0.0"
"47,48 : 627.18"
"47,49 : 179.27"
"48,0 : 849.47"
"48,1 : 655.21"
"48,2 : 905.25"
"48,3 : 786.81"
"48,4 : 858.0"
"48,5 : 729.08"
"48,6 : 826.41"
"48,7 : 383.52"
"48,8 : 466.62"
"48,9 : 436.22"
"48,10 : 682.06"
"48,11 : 809.67"
