x,y
568,868
385,104
729,197
670,183
4,971
729,785
642,140
352,738
319,222
631,734
934,530
823,153
769,125
24,567
600,947
326,166
338,478
814,131
876,292
145,183
166,717
807,471
761,565
33,496
261,192
602,665
0,398
331,702
558,712
675,968
677,685
641,875
356,96
515,293
422,158
920,399
175,193
520,277
635,399
29,70
608,334
679,439
428,709
143,582
308,58
843,960
314,617
89,624
173,55
983,883

Distanze
"0,0 : 0.0"
"0,1 : 165.7"
"0,2 : 362.8"
"0,3 : 780.48"
"0,4 : 337.62"
"0,5 : 729.55"
"0,6 : 350.65"
"0,7 : 92.66"
"0,8 : 539.96"
"0,9 : 555.63"
"0,10 : 323.58"
"0,11 : 618.44"
"0,12 : 264.78"
"0,13 : 371.27"
"0,14 : 216.53"
"0,15 : 200.86"
"0,16 : 269.97"
"0,17 : 598.9"
"0,18 : 398.97"
"0,19 : 767.76"
"0,20 : 428.81"
"0,21 : 549.18"
"0,22 : 533.9"
"0,23 : 630.72"
"0,24 : 409.04"
"0,25 : 449.23"
"0,26 : 676.19"
"0,27 : 252.72"
"0,28 : 254.95"
"0,29 : 471.09"
"0,30 : 513.82"
"0,31 : 612.59"
"0,32 : 177.99"
"0,33 : 478.14"
"0,34 : 278.84"
"0,35 : 323.15"
"0,36 : 298.56"
"0,37 : 678.39"
"0,38 : 471.92"
"0,39 : 338.69"
"0,40 : 579.99"
"0,41 : 173.4"
"0,42 : 69.92"
"0,43 : 642.15"
"0,44 : 331.73"
"0,45 : 588.84"
"0,46 : 347.98"
"0,47 : 419.07"
"0,48 : 424.63"
"0,49 : 454.38"
"1,0 : 165.7"
"1,1 : 0.0"
"1,2 : 379.68"
"1,3 : 945.23"
"1,4 : 492.65"
"1,5 : 893.84"
"1,6 : 411.36"
"1,7 : 254.52"
"1,8 : 691.38"
"1,9 : 575.9"
"1,10 : 292.8"
"1,11 : 783.89"
"1,12 : 283.82"
"1,13 : 519.16"
"1,14 : 296.23"
"1,15 : 77.42"
"1,16 : 136.56"
"1,17 : 648.31"
"1,18 : 540.52"
"1,19 : 932.48"
"1,20 : 594.14"
"1,21 : 685.87"
"1,22 : 544.11"
"1,23 : 776.39"
"1,24 : 527.54"
"1,25 : 563.13"
"1,26 : 829.49"
"1,27 : 317.08"
"1,28 : 132.5"
"1,29 : 623.3"
"1,30 : 665.06"
"1,31 : 711.55"
"1,32 : 38.42"
"1,33 : 621.29"
"1,34 : 412.33"
"1,35 : 427.52"
"1,36 : 173.0"
"1,37 : 771.73"
"1,38 : 517.82"
"1,39 : 478.03"
"1,40 : 628.19"
"1,41 : 192.15"
"1,42 : 138.64"
"1,43 : 776.24"
"1,44 : 488.6"
"1,45 : 688.45"
"1,46 : 507.61"
"1,47 : 512.13"
"1,48 : 582.82"
"1,49 : 310.69"
"2,0 : 362.8"
"2,1 : 379.68"
"2,2 : 0.0"
"2,3 : 936.3"
"2,4 : 613.6"
"2,5 : 808.17"
"2,6 : 102.73"
"2,7 : 414.16"
"2,8 : 536.66"
"2,9 : 916.0"
"2,10 : 658.57"
"2,11 : 773.16"
"2,12 : 100.44"
"2,13 : 394.62"
"2,14 : 170.3"
"2,15 : 318.56"
"2,16 : 321.0"
"2,17 : 273.54"
"2,18 : 382.61"
"2,19 : 925.08"
"2,20 : 615.08"
"2,21 : 471.81"
"2,22 : 891.6"
"2,23 : 904.1"
"2,24 : 299.46"
"2,25 : 786.42"
"2,26 : 921.21"
"2,27 : 130.94"
"2,28 : 302.2"
"2,29 : 738.45"
"2,30 : 779.95"
"2,31 : 956.23"
"2,32 : 347.32"
"2,33 : 769.81"
"2,34 : 608.36"
"2,35 : 674.25"
"2,36 : 305.79"
"2,37 : 1024.53"
"2,38 : 147.28"
"2,39 : 337.62"
"2,40 : 253.34"
"2,41 : 198.86"
"2,42 : 302.42"
"2,43 : 941.36"
"2,44 : 601.93"
"2,45 : 932.64"
"2,46 : 602.85"
"2,47 : 772.18"
"2,48 : 491.18"
"2,49 : 659.3"
"3,0 : 780.48"
"3,1 : 945.23"
"3,2 : 936.3"
"3,3 : 0.0"
"3,4 : 472.35"
"3,5 : 204.02"
"3,6 : 841.22"
"3,7 : 690.89"
"3,8 : 449.99"
"3,9 : 914.91"
"3,10 : 936.73"
"3,11 : 166.43"
"3,12 : 898.07"
"3,13 : 543.78"
"3,14 : 795.2"
"3,15 : 975.85"
"3,16 : 1041.32"
"3,17 : 957.23"
"3,18 : 564.69"
"3,19 : 12.81"
"3,20 : 352.39"
"3,21 : 559.46"
"3,22 : 934.64"
"3,23 : 339.81"
"3,24 : 667.03"
"3,25 : 577.49"
"3,26 : 251.05"
"3,27 : 822.2"
"3,28 : 1022.81"
"3,29 : 375.66"
"3,30 : 351.96"
"3,31 : 634.99"
"3,32 : 957.82"
"3,33 : 424.0"
"3,34 : 589.29"
"3,35 : 650.67"
"3,36 : 1063.07"
"3,37 : 674.86"
"3,38 : 913.14"
"3,39 : 599.77"
"3,40 : 952.17"
"3,41 : 874.82"
"3,42 : 828.26"
"3,43 : 429.42"
"3,44 : 471.11"
"3,45 : 629.51"
"3,46 : 446.29"
"3,47 : 662.01"
"3,48 : 446.81"
"3,49 : 1193.35"
"4,0 : 337.62"
"4,1 : 492.65"
"4,2 : 613.6"
"4,3 : 472.35"
"4,4 : 0.0"
"4,5 : 485.02"
"4,6 : 549.2"
"4,7 : 245.36"
"4,8 : 428.36"
"4,9 : 521.1"
"4,10 : 469.62"
"4,11 : 328.72"
"4,12 : 538.57"
"4,13 : 341.01"
"4,14 : 444.1"
"4,15 : 538.26"
"4,16 : 607.55"
"4,17 : 760.96"
"4,18 : 384.2"
"4,19 : 459.63"
"4,20 : 164.07"
"4,21 : 504.2"
"4,22 : 526.04"
"4,23 : 298.02"
"4,24 : 468.83"
"4,25 : 222.83"
"4,26 : 338.59"
"4,27 : 482.69"
"4,28 : 592.44"
"4,29 : 134.08"
"4,30 : 177.13"
"4,31 : 383.34"
"4,32 : 512.61"
"4,33 : 156.24"
"4,34 : 123.07"
"4,35 : 207.18"
"4,36 : 635.85"
"4,37 : 452.02"
"4,38 : 661.94"
"4,39 : 362.8"
"4,40 : 746.99"
"4,41 : 478.05"
"4,42 : 399.53"
"4,43 : 327.77"
"4,44 : 14.21"
"4,45 : 362.49"
"4,46 : 39.01"
"4,47 : 267.53"
"4,48 : 305.85"
"4,49 : 721.37"
"5,0 : 729.55"
"5,1 : 893.84"
"5,2 : 808.17"
"5,3 : 204.02"
"5,4 : 485.02"
"5,5 : 0.0"
"5,6 : 707.43"
"5,7 : 650.0"
"5,8 : 281.01"
"5,9 : 988.71"
"5,10 : 948.99"
"5,11 : 178.23"
"5,12 : 788.56"
"5,13 : 417.71"
"5,14 : 689.88"
"5,15 : 908.94"
"5,16 : 968.43"
"5,17 : 786.08"
"5,18 : 425.56"
"5,19 : 201.02"
"5,20 : 325.6"
"5,21 : 381.01"
"5,22 : 1000.4"
"5,23 : 476.09"
"5,24 : 517.57"
"5,25 : 653.95"
"5,26 : 404.03"
"5,27 : 709.3"
"5,28 : 948.02"
"5,29 : 439.4"
"5,30 : 435.07"
"5,31 : 753.05"
"5,32 : 898.47"
"5,33 : 502.36"
"5,34 : 607.82"
"5,35 : 689.06"
"5,36 : 984.21"
"5,37 : 804.73"
"5,38 : 760.26"
"5,39 : 474.61"
"5,40 : 783.61"
"5,41 : 786.14"
"5,42 : 763.02"
"5,43 : 568.08"
"5,44 : 477.98"
"5,45 : 742.12"
"5,46 : 449.02"
"5,47 : 727.79"
"5,48 : 326.71"
"5,49 : 1173.2"
"6,0 : 350.65"
"6,1 : 411.36"
"6,2 : 102.73"
"6,3 : 841.22"
"6,4 : 549.2"
"6,5 : 707.43"
"6,6 : 0.0"
"6,7 : 379.86"
"6,8 : 434.28"
"6,9 : 904.23"
"6,10 : 667.39"
"6,11 : 679.99"
"6,12 : 138.29"
"6,13 : 297.58"
"6,14 : 134.3"
"6,15 : 364.5"
"6,16 : 384.21"
"6,17 : 248.29"
"6,18 : 282.18"
"6,19 : 830.29"
"6,20 : 530.75"
"6,21 : 369.82"
"6,22 : 884.04"
"6,23 : 830.89"
"6,24 : 196.74"
"6,25 : 738.71"
"6,26 : 840.91"
"6,27 : 99.16"
"6,28 : 363.25"
"6,29 : 667.25"
"6,30 : 707.36"
"6,31 : 909.6"
"6,32 : 385.25"
"6,33 : 704.62"
"6,34 : 562.2"
"6,35 : 637.76"
"6,36 : 376.95"
"6,37 : 978.82"
"6,38 : 122.79"
"6,39 : 241.51"
"6,40 : 229.34"
"6,41 : 219.21"
"6,42 : 304.07"
"6,43 : 875.21"
"6,44 : 536.53"
"6,45 : 886.41"
"6,46 : 533.48"
"6,47 : 735.28"
"6,48 : 394.59"
"6,49 : 710.77"
"7,0 : 92.66"
"7,1 : 254.52"
"7,2 : 414.16"
"7,3 : 690.89"
"7,4 : 245.36"
"7,5 : 650.0"
"7,6 : 379.86"
"7,7 : 0.0"
"7,8 : 482.83"
"7,9 : 532.35"
"7,10 : 344.28"
"7,11 : 530.54"
"7,12 : 323.36"
"7,13 : 323.69"
"7,14 : 249.69"
"7,15 : 293.5"
"7,16 : 362.5"
"7,17 : 622.82"
"7,18 : 358.11"
"7,19 : 678.12"
"7,20 : 340.77"
"7,21 : 508.72"
"7,22 : 517.23"
"7,23 : 540.14"
"7,24 : 391.45"
"7,25 : 375.15"
"7,26 : 583.82"
"7,27 : 289.88"
"7,28 : 347.11"
"7,29 : 379.15"
"7,30 : 422.02"
"7,31 : 543.36"
"7,32 : 269.98"
"7,33 : 389.02"
"7,34 : 198.6"
"7,35 : 260.42"
"7,36 : 390.49"
"7,37 : 611.12"
"7,38 : 502.49"
"7,39 : 303.73"
"7,40 : 605.19"
"7,41 : 244.97"
"7,42 : 155.26"
"7,43 : 555.67"
"7,44 : 239.18"
"7,45 : 519.67"
"7,46 : 255.38"
"7,47 : 358.42"
"7,48 : 359.91"
"7,49 : 524.21"
"8,0 : 539.96"
"8,1 : 691.38"
"8,2 : 536.66"
"8,3 : 449.99"
"8,4 : 428.36"
"8,5 : 281.01"
"8,6 : 434.28"
"8,7 : 482.83"
"8,8 : 0.0"
"8,9 : 942.67"
"8,10 : 821.72"
"8,11 : 318.02"
"8,12 : 531.24"
"8,13 : 172.79"
"8,14 : 440.69"
"8,15 : 688.41"
"8,16 : 739.2"
"8,17 : 508.89"
"8,18 : 161.52"
"8,19 : 441.65"
"8,20 : 286.36"
"8,21 : 111.62"
"8,22 : 942.15"
"8,23 : 583.4"
"8,24 : 239.59"
"8,25 : 647.11"
"8,26 : 548.4"
"8,27 : 451.97"
"8,28 : 717.61"
"8,29 : 465.47"
"8,30 : 486.86"
"8,31 : 792.46"
"8,32 : 686.74"
"8,33 : 528.77"
"8,34 : 529.3"
"8,35 : 624.15"
"8,36 : 748.51"
"8,37 : 856.91"
"8,38 : 479.5"
"8,39 : 221.46"
"8,40 : 505.1"
"8,41 : 548.7"
"8,42 : 553.08"
"8,43 : 661.69"
"8,44 : 415.46"
"8,45 : 774.7"
"8,46 : 390.52"
"8,47 : 695.42"
"8,48 : 129.0"
"8,49 : 993.97"
"9,0 : 555.63"
"9,1 : 575.9"
"9,2 : 916.0"
"9,3 : 914.91"
"9,4 : 521.1"
"9,5 : 988.71"
"9,6 : 904.23"
"9,7 : 532.35"
"9,8 : 942.67"
"9,9 : 0.0"
"9,10 : 292.53"
"9,11 : 815.29"
"9,12 : 816.09"
"9,13 : 821.19"
"9,14 : 770.08"
"9,15 : 653.32"
"9,16 : 705.11"
"9,17 : 1151.35"
"9,18 : 862.36"
"9,19 : 903.92"
"9,20 : 683.19"
"9,21 : 1003.1"
"9,22 : 43.19"
"9,23 : 592.68"
"9,24 : 916.97"
"9,25 : 338.88"
"9,26 : 683.48"
"9,27 : 807.71"
"9,28 : 706.13"
"9,29 : 551.88"
"9,30 : 565.89"
"9,31 : 327.45"
"9,32 : 614.27"
"9,33 : 493.96"
"9,34 : 413.52"
"9,35 : 318.52"
"9,36 : 742.12"
"9,37 : 341.53"
"9,38 : 1026.5"
"9,39 : 819.13"
"9,40 : 1132.98"
"9,41 : 718.98"
"9,42 : 613.63"
"9,43 : 524.16"
"9,44 : 532.34"
"9,45 : 318.58"
"9,46 : 560.11"
"9,47 : 260.93"
"9,48 : 815.03"
"9,49 : 545.19"
"10,0 : 323.58"
"10,1 : 292.8"
"10,2 : 658.57"
"10,3 : 936.73"
"10,4 : 469.62"
"10,5 : 948.99"
"10,6 : 667.39"
"10,7 : 344.28"
"10,8 : 821.72"
"10,9 : 292.53"
"10,10 : 0.0"
"10,11 : 798.34"
"10,12 : 558.53"
"10,13 : 667.66"
"10,14 : 535.74"
"10,15 : 369.18"
"10,16 : 415.62"
"10,17 : 914.56"
"10,18 : 702.38"
"10,19 : 924.24"
"10,20 : 623.42"
"10,21 : 852.99"
"10,22 : 256.4"
"10,23 : 677.03"
"10,24 : 728.41"
"10,25 : 411.34"
"10,26 : 753.77"
"10,27 : 568.23"
"10,28 : 418.57"
"10,29 : 565.25"
"10,30 : 597.6"
"10,31 : 510.1"
"10,32 : 330.93"
"10,33 : 532.46"
"10,34 : 348.28"
"10,35 : 293.73"
"10,36 : 452.32"
"10,37 : 555.83"
"10,38 : 784.9"
"10,39 : 647.04"
"10,40 : 895.03"
"10,41 : 460.2"
"10,42 : 363.46"
"10,43 : 642.83"
"10,44 : 474.2"
"10,45 : 490.49"
"10,46 : 502.36"
"10,47 : 330.5"
"10,48 : 694.87"
"10,49 : 294.11"
"11,0 : 618.44"
"11,1 : 783.89"
"11,2 : 773.16"
"11,3 : 166.43"
"11,4 : 328.72"
"11,5 : 178.23"
"11,6 : 679.99"
"11,7 : 530.54"
"11,8 : 318.02"
"11,9 : 815.29"
"11,10 : 798.34"
"11,11 : 0.0"
"11,12 : 732.28"
"11,13 : 384.05"
"11,14 : 629.29"
"11,15 : 811.7"
"11,16 : 876.49"
"11,17 : 812.35"
"11,18 : 409.1"
"11,19 : 154.32"
"11,20 : 189.81"
"11,21 : 429.53"
"11,22 : 829.04"
"11,23 : 305.03"
"11,24 : 513.64"
"11,25 : 478.3"
"11,26 : 245.05"
"11,27 : 656.98"
"11,28 : 857.71"
"11,29 : 263.7"
"11,30 : 257.0"
"11,31 : 575.15"
"11,32 : 794.9"
"11,33 : 325.21"
"11,34 : 450.89"
"11,35 : 524.57"
"11,36 : 897.6"
"11,37 : 627.96"
"11,38 : 758.16"
"11,39 : 438.71"
"11,40 : 805.53"
"11,41 : 708.47"
"11,42 : 663.89"
"11,43 : 395.49"
"11,44 : 324.58"
"11,45 : 563.96"
"11,46 : 297.2"
"11,47 : 554.96"
"11,48 : 288.11"
"11,49 : 1042.19"
"12,0 : 264.78"
"12,1 : 283.82"
"12,2 : 100.44"
"12,3 : 898.07"
"12,4 : 538.57"
"12,5 : 788.56"
"12,6 : 138.29"
"12,7 : 323.36"
"12,8 : 531.24"
"12,9 : 816.09"
"12,10 : 558.53"
"12,11 : 732.28"
"12,12 : 0.0"
"12,13 : 371.13"
"12,14 : 103.16"
"12,15 : 229.26"
"12,16 : 245.94"
"12,17 : 364.53"
"12,18 : 370.26"
"12,19 : 886.28"
"12,20 : 561.63"
"12,21 : 485.61"
"12,22 : 791.35"
"12,23 : 834.2"
"12,24 : 309.73"
"12,25 : 698.26"
"12,26 : 859.02"
"12,27 : 79.61"
"12,28 : 224.96"
"12,29 : 668.0"
"12,30 : 710.46"
"12,31 : 866.71"
"12,32 : 253.84"
"12,33 : 693.66"
"12,34 : 520.77"
"12,35 : 581.4"
"12,36 : 239.93"
"12,37 : 934.31"
"12,38 : 234.18"
"12,39 : 314.87"
"12,40 : 344.4"
"12,41 : 98.48"
"12,42 : 202.47"
"12,43 : 864.8"
"12,44 : 527.94"
"12,45 : 843.0"
"12,46 : 532.45"
"12,47 : 678.98"
"12,48 : 463.06"
"12,49 : 575.01"
"13,0 : 371.27"
"13,1 : 519.16"
"13,2 : 394.62"
"13,3 : 543.78"
"13,4 : 341.01"
"13,5 : 417.71"
"13,6 : 297.58"
"13,7 : 323.69"
"13,8 : 172.79"
"13,9 : 821.19"
"13,10 : 667.66"
"13,11 : 384.05"
"13,12 : 371.13"
"13,13 : 0.0"
"13,14 : 274.46"
"13,15 : 515.82"
"13,16 : 567.74"
"13,17 : 445.93"
"13,18 : 43.27"
"13,19 : 532.95"
"13,20 : 257.24"
"13,21 : 186.1"
"13,22 : 814.8"
"13,23 : 574.54"
"13,24 : 139.62"
"13,25 : 562.19"
"13,26 : 566.74"
"13,27 : 291.71"
"13,28 : 546.3"
"13,29 : 424.4"
"13,30 : 457.92"
"13,31 : 724.18"
"13,32 : 513.97"
"13,33 : 477.35"
"13,34 : 413.55"
"13,35 : 507.84"
"13,36 : 578.48"
"13,37 : 792.55"
"13,38 : 376.08"
"13,39 : 57.25"
"13,40 : 435.74"
"13,41 : 378.33"
"13,42 : 380.66"
"13,43 : 636.13"
"13,44 : 326.81"
"13,45 : 703.49"
"13,46 : 310.26"
"13,47 : 592.19"
"13,48 : 97.02"
"13,49 : 823.69"
"14,0 : 216.53"
"14,1 : 296.23"
"14,2 : 170.3"
"14,3 : 795.2"
"14,4 : 444.1"
"14,5 : 689.88"
"14,6 : 134.3"
"14,7 : 249.69"
"14,8 : 440.69"
"14,9 : 770.08"
"14,10 : 535.74"
"14,11 : 629.29"
"14,12 : 103.16"
"14,13 : 274.46"
"14,14 : 0.0"
"14,15 : 265.71"
"14,16 : 304.76"
"14,17 : 382.4"
"14,18 : 279.32"
"14,19 : 783.37"
"14,20 : 458.84"
"14,21 : 408.42"
"14,22 : 749.74"
"14,23 : 736.87"
"14,24 : 238.2"
"14,25 : 617.69"
"14,26 : 758.48"
"14,27 : 40.5"
"14,28 : 282.82"
"14,29 : 570.79"
"14,30 : 612.79"
"14,31 : 788.04"
"14,32 : 276.93"
"14,33 : 600.17"
"14,34 : 439.74"
"14,35 : 509.76"
"14,36 : 309.7"
"14,37 : 856.7"
"14,38 : 256.44"
"14,39 : 220.1"
"14,40 : 363.58"
"14,41 : 114.54"
"14,42 : 174.55"
"14,43 : 771.73"
"14,44 : 432.71"
"14,45 : 764.55"
"14,46 : 435.0"
"14,47 : 607.71"
"14,48 : 363.37"
"14,49 : 605.01"
"15,0 : 200.86"
"15,1 : 77.42"
"15,2 : 318.56"
"15,3 : 975.85"
"15,4 : 538.26"
"15,5 : 908.94"
"15,6 : 364.5"
"15,7 : 293.5"
"15,8 : 688.41"
"15,9 : 653.32"
"15,10 : 369.18"
"15,11 : 811.7"
"15,12 : 229.26"
"15,13 : 515.82"
"15,14 : 265.71"
"15,15 : 0.0"
"15,16 : 69.72"
"15,17 : 591.18"
"15,18 : 531.45"
"15,19 : 963.23"
"15,20 : 623.47"
"15,21 : 670.42"
"15,22 : 621.42"
"15,23 : 829.23"
"15,24 : 503.61"
"15,25 : 628.59"
"15,26 : 876.83"
"15,27 : 277.7"
"15,28 : 58.69"
"15,29 : 671.38"
"15,30 : 713.93"
"15,31 : 781.52"
"15,32 : 39.12"
"15,33 : 675.3"
"15,34 : 469.78"
"15,35 : 494.42"
"15,36 : 102.24"
"15,37 : 843.07"
"15,38 : 461.91"
"15,39 : 469.0"
"15,40 : 570.96"
"15,41 : 151.92"
"15,42 : 147.87"
"15,43 : 835.21"
"15,44 : 532.56"
"15,45 : 758.19"
"15,46 : 548.68"
"15,47 : 582.35"
"15,48 : 589.12"
"15,49 : 346.28"
"16,0 : 269.97"
"16,1 : 136.56"
"16,2 : 321.0"
"16,3 : 1041.32"
"16,4 : 607.55"
"16,5 : 968.43"
"16,6 : 384.21"
"16,7 : 362.5"
"16,8 : 739.2"
"16,9 : 705.11"
"16,10 : 415.62"
"16,11 : 876.49"
"16,12 : 245.94"
"16,13 : 567.74"
"16,14 : 304.76"
"16,15 : 69.72"
"16,16 : 0.0"
"16,17 : 593.71"
"16,18 : 579.74"
"16,19 : 1028.75"
"16,20 : 689.16"
"16,21 : 713.17"
"16,22 : 671.2"
"16,23 : 898.94"
"16,24 : 541.76"
"16,25 : 696.59"
"16,26 : 946.14"
"16,27 : 308.46"
"16,28 : 21.95"
"16,29 : 740.84"
"16,30 : 783.44"
"16,31 : 847.5"
"16,32 : 102.59"
"16,33 : 745.02"
"16,34 : 539.27"
"16,35 : 561.8"
"16,36 : 37.12"
"16,37 : 908.1"
"16,38 : 468.09"
"16,39 : 518.06"
"16,40 : 573.59"
"16,41 : 191.46"
"16,42 : 213.44"
"16,43 : 904.67"
"16,44 : 601.66"
"16,45 : 824.3"
"16,46 : 617.32"
"16,47 : 648.1"
"16,48 : 645.63"
"16,49 : 340.47"
"17,0 : 598.9"
"17,1 : 648.31"
"17,2 : 273.54"
"17,3 : 957.23"
"17,4 : 760.96"
"17,5 : 786.08"
"17,6 : 248.29"
"17,7 : 622.82"
"17,8 : 508.89"
"17,9 : 1151.35"
"17,10 : 914.56"
"17,11 : 812.35"
"17,12 : 364.53"
"17,13 : 445.93"
"17,14 : 382.4"
"17,15 : 591.18"
"17,16 : 593.71"
"17,17 : 0.0"
"17,18 : 410.53"
"17,19 : 948.25"
"17,20 : 703.04"
"17,21 : 405.21"
"17,22 : 1131.89"
"17,23 : 1019.25"
"17,24 : 306.4"
"17,25 : 966.32"
"17,26 : 1012.18"
"17,27 : 347.04"
"17,28 : 575.39"
"17,29 : 863.9"
"17,30 : 900.12"
"17,31 : 1136.28"
"17,32 : 618.04"
"17,33 : 910.7"
"17,34 : 794.12"
"17,35 : 875.75"
"17,36 : 576.01"
"17,37 : 1205.81"
"17,38 : 130.65"
"17,39 : 405.36"
"17,40 : 20.22"
"17,41 : 458.88"
"17,42 : 551.13"
"17,43 : 1076.14"
"17,44 : 747.24"
"17,45 : 1113.73"
"17,46 : 738.05"
"17,47 : 971.98"
"17,48 : 531.35"
"17,49 : 932.79"
"18,0 : 398.97"
"18,1 : 540.52"
"18,2 : 382.61"
"18,3 : 564.69"
"18,4 : 384.2"
"18,5 : 425.56"
"18,6 : 282.18"
"18,7 : 358.11"
"18,8 : 161.52"
"18,9 : 862.36"
"18,10 : 702.38"
"18,11 : 409.1"
"18,12 : 370.26"
"18,13 : 43.27"
"18,14 : 279.32"
"18,15 : 531.45"
"18,16 : 579.74"
"18,17 : 410.53"
"18,18 : 0.0"
"18,19 : 554.36"
"18,20 : 295.08"
"18,21 : 151.08"
"18,22 : 855.24"
"18,23 : 613.14"
"18,24 : 105.32"
"18,25 : 605.46"
"18,26 : 601.84"
"18,27 : 290.8"
"18,28 : 558.01"
"18,29 : 465.4"
"18,30 : 498.01"
"18,31 : 767.29"
"18,32 : 532.56"
"18,33 : 519.34"
"18,34 : 456.03"
"18,35 : 550.04"
"18,36 : 587.88"
"18,37 : 835.59"
"18,38 : 349.21"
"18,39 : 62.65"
"18,40 : 401.43"
"18,41 : 388.6"
"18,42 : 401.98"
"18,43 : 676.63"
"18,44 : 370.0"
"18,45 : 746.65"
"18,46 : 353.16"
"18,47 : 635.06"
"18,48 : 122.0"
"18,49 : 847.98"
"19,0 : 767.76"
"19,1 : 932.48"
"19,2 : 925.08"
"19,3 : 12.81"
"19,4 : 459.63"
"19,5 : 201.02"
"19,6 : 830.29"
"19,7 : 678.12"
"19,8 : 441.65"
"19,9 : 903.92"
"19,10 : 924.24"
"19,11 : 154.32"
"19,12 : 886.28"
"19,13 : 532.95"
"19,14 : 783.37"
"19,15 : 963.23"
"19,16 : 1028.75"
"19,17 : 948.25"
"19,18 : 554.36"
"19,19 : 0.0"
"19,20 : 339.76"
"19,21 : 551.54"
"19,22 : 923.39"
"19,23 : 330.95"
"19,24 : 657.0"
"19,25 : 566.23"
"19,26 : 243.05"
"19,27 : 810.56"
"19,28 : 1010.27"
"19,29 : 363.59"
"19,30 : 340.38"
"19,31 : 625.76"
"19,32 : 945.13"
"19,33 : 412.49"
"19,34 : 576.71"
"19,35 : 638.46"
"19,36 : 1050.57"
"19,37 : 666.43"
"19,38 : 903.04"
"19,39 : 588.8"
"19,40 : 943.0"
"19,41 : 862.55"
"19,42 : 815.65"
"19,43 : 421.1"
"19,44 : 458.34"
"19,45 : 619.96"
"19,46 : 433.5"
"19,47 : 650.52"
"19,48 : 436.03"
"19,49 : 1180.59"
"20,0 : 428.81"
"20,1 : 594.14"
"20,2 : 615.08"
"20,3 : 352.39"
"20,4 : 164.07"
"20,5 : 325.6"
"20,6 : 530.75"
"20,7 : 340.77"
"20,8 : 286.36"
"20,9 : 683.19"
"20,10 : 623.42"
"20,11 : 189.81"
"20,12 : 561.63"
"20,13 : 257.24"
"20,14 : 458.84"
"20,15 : 623.47"
"20,16 : 689.16"
"20,17 : 703.04"
"20,18 : 295.08"
"20,19 : 339.76"
"20,20 : 0.0"
"20,21 : 379.67"
"20,22 : 689.53"
"20,23 : 318.13"
"20,24 : 396.85"
"20,25 : 366.83"
"20,26 : 311.91"
"20,27 : 490.86"
"20,28 : 670.88"
"20,29 : 180.21"
"20,30 : 206.55"
"20,31 : 506.3"
"20,32 : 605.68"
"20,33 : 242.51"
"20,34 : 284.61"
"20,35 : 371.25"
"20,36 : 711.58"
"20,37 : 570.55"
"20,38 : 626.01"
"20,39 : 300.78"
"20,40 : 692.48"
"20,41 : 527.3"
"20,42 : 475.95"
"20,43 : 385.33"
"20,44 : 155.0"
"20,45 : 488.89"
"20,46 : 125.93"
"20,47 : 425.62"
"20,48 : 184.11"
"20,49 : 855.69"
"21,0 : 549.18"
"21,1 : 685.87"
"21,2 : 471.81"
"21,3 : 559.46"
"21,4 : 504.2"
"21,5 : 381.01"
"21,6 : 369.82"
"21,7 : 508.72"
"21,8 : 111.62"
"21,9 : 1003.1"
"21,10 : 852.99"
"21,11 : 429.53"
"21,12 : 485.61"
"21,13 : 186.1"
"21,14 : 408.42"
"21,15 : 670.42"
"21,16 : 713.17"
"21,17 : 405.21"
"21,18 : 151.08"
"21,19 : 551.54"
"21,20 : 379.67"
"21,21 : 0.0"
"21,22 : 998.36"
"21,23 : 687.55"
"21,24 : 176.14"
"21,25 : 726.75"
"21,26 : 657.12"
"21,27 : 409.85"
"21,28 : 691.23"
"21,29 : 559.75"
"21,30 : 585.06"
"21,31 : 880.16"
"21,32 : 675.1"
"21,33 : 620.53"
"21,34 : 591.61"
"21,35 : 686.83"
"21,36 : 717.08"
"21,37 : 946.45"
"21,38 : 392.09"
"21,39 : 210.54"
"21,40 : 403.35"
"21,41 : 522.23"
"21,42 : 548.1"
"21,43 : 762.45"
"21,44 : 490.44"
"21,45 : 861.12"
"21,46 : 468.69"
"21,47 : 766.19"
"21,48 : 199.97"
"21,49 : 995.19"
"22,0 : 533.9"
"22,1 : 544.11"
"22,2 : 891.6"
"22,3 : 934.64"
"22,4 : 526.04"
"22,5 : 1000.4"
"22,6 : 884.04"
"22,7 : 517.23"
"22,8 : 942.15"
"22,9 : 43.19"
"22,10 : 256.4"
"22,11 : 829.04"
"22,12 : 791.35"
"22,13 : 814.8"
"22,14 : 749.74"
"22,15 : 621.42"
"22,16 : 671.2"
"22,17 : 1131.89"
"22,18 : 855.24"
"22,19 : 923.39"
"22,20 : 689.53"
"22,21 : 998.36"
"22,22 : 0.0"
"22,23 : 618.1"
"22,24 : 905.49"
"22,25 : 357.16"
"22,26 : 707.96"
"22,27 : 786.59"
"22,28 : 673.09"
"22,29 : 566.85"
"22,30 : 583.7"
"22,31 : 362.22"
"22,32 : 582.53"
"22,33 : 511.48"
"22,34 : 413.39"
"22,35 : 320.01"
"22,36 : 708.07"
"22,37 : 380.55"
"22,38 : 1005.76"
"22,39 : 809.76"
"22,40 : 1113.25"
"22,41 : 693.58"
"22,42 : 589.3"
"22,43 : 553.33"
"22,44 : 536.54"
"22,45 : 351.64"
"22,46 : 564.91"
"22,47 : 274.53"
"22,48 : 813.75"
"22,49 : 502.59"
"23,0 : 630.72"
"23,1 : 776.39"
"23,2 : 904.1"
"23,3 : 339.81"
"23,4 : 298.02"
"23,5 : 476.09"
"23,6 : 830.89"
"23,7 : 540.14"
"23,8 : 583.4"
"23,9 : 592.68"
"23,10 : 677.03"
"23,11 : 305.03"
"23,12 : 834.2"
"23,13 : 574.54"
"23,14 : 736.87"
"23,15 : 829.23"
"23,16 : 898.94"
"23,17 : 1019.25"
"23,18 : 613.14"
"23,19 : 330.95"
"23,20 : 318.13"
"23,21 : 687.55"
"23,22 : 618.1"
"23,23 : 0.0"
"23,24 : 713.9"
"23,25 : 272.24"
"23,26 : 92.03"
"23,27 : 774.04"
"23,28 : 885.16"
"23,29 : 166.21"
"23,30 : 124.15"
"23,31 : 295.61"
"23,32 : 800.55"
"23,33 : 155.36"
"23,34 : 365.63"
"23,35 : 385.21"
"23,36 : 929.0"
"23,37 : 336.0"
"23,38 : 935.18"
"23,39 : 614.42"
"23,40 : 1007.92"
"23,41 : 776.06"
"23,42 : 695.34"
"23,43 : 92.4"
"23,44 : 307.32"
"23,45 : 291.55"
"23,46 : 301.94"
"23,47 : 360.0"
"23,48 : 500.22"
"23,49 : 961.53"
"24,0 : 409.04"
"24,1 : 527.54"
"24,2 : 299.46"
"24,3 : 667.03"
"24,4 : 468.83"
"24,5 : 517.57"
"24,6 : 196.74"
"24,7 : 391.45"
"24,8 : 239.59"
"24,9 : 916.97"
"24,10 : 728.41"
"24,11 : 513.64"
"24,12 : 309.73"
"24,13 : 139.62"
"24,14 : 238.2"
"24,15 : 503.61"
"24,16 : 541.76"
"24,17 : 306.4"
"24,18 : 105.32"
"24,19 : 657.0"
"24,20 : 396.85"
"24,21 : 176.14"
"24,22 : 905.49"
"24,23 : 713.9"
"24,24 : 0.0"
"24,25 : 685.0"
"24,26 : 705.88"
"24,27 : 235.19"
"24,28 : 519.82"
"24,29 : 561.63"
"24,30 : 596.31"
"24,31 : 851.19"
"24,32 : 512.38"
"24,33 : 612.1"
"24,34 : 523.99"
"24,35 : 614.47"
"24,36 : 543.57"
"24,37 : 920.28"
"24,38 : 246.2"
"24,39 : 106.1"
"24,40 : 296.62"
"24,41 : 352.73"
"24,42 : 393.75"
"24,43 : 773.84"
"24,44 : 454.7"
"24,45 : 829.67"
"24,46 : 441.58"
"24,47 : 705.09"
"24,48 : 227.3"
"24,49 : 838.21"
"25,0 : 449.23"
"25,1 : 563.13"
"25,2 : 786.42"
"25,3 : 577.49"
"25,4 : 222.83"
"25,5 : 653.95"
"25,6 : 738.71"
"25,7 : 375.15"
"25,8 : 647.11"
"25,9 : 338.88"
"25,10 : 411.34"
"25,11 : 478.3"
"25,12 : 698.26"
"25,13 : 562.19"
"25,14 : 617.69"
"25,15 : 628.59"
"25,16 : 696.59"
"25,17 : 966.32"
"25,18 : 605.46"
"25,19 : 566.23"
"25,20 : 366.83"
"25,21 : 726.75"
"25,22 : 357.16"
"25,23 : 272.24"
"25,24 : 685.0"
"25,25 : 0.0"
"25,26 : 357.33"
"25,27 : 658.13"
"25,28 : 687.18"
"25,29 : 214.7"
"25,30 : 227.06"
"25,31 : 170.89"
"25,32 : 594.09"
"25,33 : 155.08"
"25,34 : 178.06"
"25,35 : 136.3"
"25,36 : 730.81"
"25,37 : 240.2"
"25,38 : 857.8"
"25,39 : 579.13"
"25,40 : 950.92"
"25,41 : 618.28"
"25,42 : 519.13"
"25,43 : 231.66"
"25,44 : 236.8"
"25,45 : 147.8"
"25,46 : 258.21"
"25,47 : 87.97"
"25,48 : 527.68"
"25,49 : 702.23"
"26,0 : 676.19"
"26,1 : 829.49"
"26,2 : 921.21"
"26,3 : 251.05"
"26,4 : 338.59"
"26,5 : 404.03"
"26,6 : 840.91"
"26,7 : 583.82"
"26,8 : 548.4"
"26,9 : 683.48"
"26,10 : 753.77"
"26,11 : 245.05"
"26,12 : 859.02"
"26,13 : 566.74"
"26,14 : 758.48"
"26,15 : 876.83"
"26,16 : 946.14"
"26,17 : 1012.18"
"26,18 : 601.84"
"26,19 : 243.05"
"26,20 : 311.91"
"26,21 : 657.12"
"26,22 : 707.96"
"26,23 : 92.03"
"26,24 : 705.88"
"26,25 : 357.33"
"26,26 : 0.0"
"26,27 : 793.51"
"26,28 : 930.93"
"26,29 : 206.19"
"26,30 : 164.92"
"26,31 : 386.79"
"26,32 : 850.74"
"26,33 : 221.82"
"26,34 : 426.68"
"26,35 : 460.09"
"26,36 : 974.25"
"26,37 : 423.99"
"26,38 : 937.92"
"26,39 : 612.49"
"26,40 : 1002.42"
"26,41 : 809.67"
"26,42 : 737.2"
"26,43 : 178.55"
"26,44 : 344.82"
"26,45 : 383.38"
"26,46 : 332.06"
"26,47 : 445.25"
"26,48 : 482.83"
"26,49 : 1032.86"
"27,0 : 252.72"
"27,1 : 317.08"
"27,2 : 130.94"
"27,3 : 822.2"
"27,4 : 482.69"
"27,5 : 709.3"
"27,6 : 99.16"
"27,7 : 289.88"
"27,8 : 451.97"
"27,9 : 807.71"
"27,10 : 568.23"
"27,11 : 656.98"
"27,12 : 79.61"
"27,13 : 291.71"
"27,14 : 40.5"
"27,15 : 277.7"
"27,16 : 308.46"
"27,17 : 347.04"
"27,18 : 290.8"
"27,19 : 810.56"
"27,20 : 490.86"
"27,21 : 409.85"
"27,22 : 786.59"
"27,23 : 774.04"
"27,24 : 235.19"
"27,25 : 658.13"
"27,26 : 793.51"
"27,27 : 0.0"
"27,28 : 286.64"
"27,29 : 608.17"
"27,30 : 649.9"
"27,31 : 828.51"
"27,32 : 293.9"
"27,33 : 638.88"
"27,34 : 480.2"
"27,35 : 550.09"
"27,36 : 308.53"
"27,37 : 897.19"
"27,38 : 219.21"
"27,39 : 235.31"
"27,40 : 327.84"
"27,41 : 126.78"
"27,42 : 204.96"
"27,43 : 810.44"
"27,44 : 471.07"
"27,45 : 805.03"
"27,46 : 472.45"
"27,47 : 648.06"
"27,48 : 384.33"
"27,49 : 621.95"
"28,0 : 254.95"
"28,1 : 132.5"
"28,2 : 302.2"
"28,3 : 1022.81"
"28,4 : 592.44"
"28,5 : 948.02"
"28,6 : 363.25"
"28,7 : 347.11"
"28,8 : 717.61"
"28,9 : 706.13"
"28,10 : 418.57"
"28,11 : 857.71"
"28,12 : 224.96"
"28,13 : 546.3"
"28,14 : 282.82"
"28,15 : 58.69"
"28,16 : 21.95"
"28,17 : 575.39"
"28,18 : 558.01"
"28,19 : 1010.27"
"28,20 : 670.88"
"28,21 : 691.23"
"28,22 : 673.09"
"28,23 : 885.16"
"28,24 : 519.82"
"28,25 : 687.18"
"28,26 : 930.93"
"28,27 : 286.64"
"28,28 : 0.0"
"28,29 : 726.04"
"28,30 : 768.78"
"28,31 : 840.16"
"28,32 : 95.82"
"28,33 : 731.72"
"28,34 : 527.31"
"28,35 : 553.11"
"28,36 : 44.05"
"28,37 : 901.56"
"28,38 : 449.0"
"28,39 : 496.4"
"28,40 : 555.23"
"28,41 : 169.61"
"28,42 : 195.93"
"28,43 : 892.73"
"28,44 : 586.21"
"28,45 : 816.84"
"28,46 : 601.24"
"28,47 : 640.95"
"28,48 : 624.75"
"28,49 : 357.72"
"29,0 : 471.09"
"29,1 : 623.3"
"29,2 : 738.45"
"29,3 : 375.66"
"29,4 : 134.08"
"29,5 : 439.4"
"29,6 : 667.25"
"29,7 : 379.15"
"29,8 : 465.47"
"29,9 : 551.88"
"29,10 : 565.25"
"29,11 : 263.7"
"29,12 : 668.0"
"29,13 : 424.4"
"29,14 : 570.79"
"29,15 : 671.38"
"29,16 : 740.84"
"29,17 : 863.9"
"29,18 : 465.4"
"29,19 : 363.59"
"29,20 : 180.21"
"29,21 : 559.75"
"29,22 : 566.85"
"29,23 : 166.21"
"29,24 : 561.63"
"29,25 : 214.7"
"29,26 : 206.19"
"29,27 : 608.17"
"29,28 : 726.04"
"29,29 : 0.0"
"29,30 : 43.1"
"29,31 : 330.89"
"29,32 : 644.77"
"29,33 : 65.97"
"29,34 : 224.72"
"29,35 : 275.41"
"29,36 : 769.56"
"29,37 : 392.8"
"29,38 : 774.32"
"29,39 : 458.76"
"29,40 : 851.56"
"29,41 : 611.08"
"29,42 : 533.59"
"29,43 : 212.33"
"29,44 : 142.13"
"29,45 : 315.41"
"29,46 : 135.79"
"29,47 : 292.33"
"29,48 : 362.44"
"29,49 : 834.8"
"30,0 : 513.82"
"30,1 : 665.06"
"30,2 : 779.95"
"30,3 : 351.96"
"30,4 : 177.13"
"30,5 : 435.07"
"30,6 : 707.36"
"30,7 : 422.02"
"30,8 : 486.86"
"30,9 : 565.89"
"30,10 : 597.6"
"30,11 : 257.0"
"30,12 : 710.46"
"30,13 : 457.92"
"30,14 : 612.79"
"30,15 : 713.93"
"30,16 : 783.44"
"30,17 : 900.12"
"30,18 : 498.01"
"30,19 : 340.38"
"30,20 : 206.55"
"30,21 : 585.06"
"30,22 : 583.7"
"30,23 : 124.15"
"30,24 : 596.31"
"30,25 : 227.06"
"30,26 : 164.92"
"30,27 : 649.9"
"30,28 : 768.78"
"30,29 : 43.1"
"30,30 : 0.0"
"30,31 : 321.71"
"30,32 : 687.0"
"30,33 : 72.24"
"30,34 : 262.59"
"30,35 : 305.06"
"30,36 : 812.35"
"30,37 : 379.49"
"30,38 : 812.98"
"30,39 : 494.77"
"30,40 : 888.2"
"30,41 : 654.13"
"30,42 : 576.58"
"30,43 : 179.0"
"30,44 : 185.22"
"30,45 : 308.75"
"30,46 : 178.02"
"30,47 : 310.19"
"30,48 : 390.63"
"30,49 : 871.28"
"31,0 : 612.59"
"31,1 : 711.55"
"31,2 : 956.23"
"31,3 : 634.99"
"31,4 : 383.34"
"31,5 : 753.05"
"31,6 : 909.6"
"31,7 : 543.36"
"31,8 : 792.46"
"31,9 : 327.45"
"31,10 : 510.1"
"31,11 : 575.15"
"31,12 : 866.71"
"31,13 : 724.18"
"31,14 : 788.04"
"31,15 : 781.52"
"31,16 : 847.5"
"31,17 : 1136.28"
"31,18 : 767.29"
"31,19 : 625.76"
"31,20 : 506.3"
"31,21 : 880.16"
"31,22 : 362.22"
"31,23 : 295.61"
"31,24 : 851.19"
"31,25 : 170.89"
"31,26 : 386.79"
"31,27 : 828.51"
"31,28 : 840.16"
"31,29 : 330.89"
"31,30 : 321.71"
"31,31 : 0.0"
"31,32 : 745.15"
"31,33 : 265.36"
"31,34 : 348.33"
"31,35 : 289.99"
"31,36 : 882.99"
"31,37 : 69.53"
"31,38 : 1028.61"
"31,39 : 745.09"
"31,40 : 1121.09"
"31,41 : 784.08"
"31,42 : 682.38"
"31,43 : 211.24"
"31,44 : 397.56"
"31,45 : 23.77"
"31,46 : 414.61"
"31,47 : 199.42"
"31,48 : 680.21"
"31,49 : 803.04"
"32,0 : 177.99"
"32,1 : 38.42"
"32,2 : 347.32"
"32,3 : 957.82"
"32,4 : 512.61"
"32,5 : 898.47"
"32,6 : 385.25"
"32,7 : 269.98"
"32,8 : 686.74"
"32,9 : 614.27"
"32,10 : 330.93"
"32,11 : 794.9"
"32,12 : 253.84"
"32,13 : 513.97"
"32,14 : 276.93"
"32,15 : 39.12"
"32,16 : 102.59"
"32,17 : 618.04"
"32,18 : 532.56"
"32,19 : 945.13"
"32,20 : 605.68"
"32,21 : 675.1"
"32,22 : 582.53"
"32,23 : 800.55"
"32,24 : 512.38"
"32,25 : 594.09"
"32,26 : 850.74"
"32,27 : 293.9"
"32,28 : 95.82"
"32,29 : 644.77"
"32,30 : 687.0"
"32,31 : 745.15"
"32,32 : 0.0"
"32,33 : 645.96"
"32,34 : 438.63"
"32,35 : 459.21"
"32,36 : 137.87"
"32,37 : 806.12"
"32,38 : 487.94"
"32,39 : 469.91"
"32,40 : 597.86"
"32,41 : 167.24"
"32,42 : 135.88"
"32,43 : 803.71"
"32,44 : 507.67"
"32,45 : 721.9"
"32,46 : 525.16"
"32,47 : 545.81"
"32,48 : 582.58"
"32,49 : 328.38"
"33,0 : 478.14"
"33,1 : 621.29"
"33,2 : 769.81"
"33,3 : 424.0"
"33,4 : 156.24"
"33,5 : 502.36"
"33,6 : 704.62"
"33,7 : 389.02"
"33,8 : 528.77"
"33,9 : 493.96"
"33,10 : 532.46"
"33,11 : 325.21"
"33,12 : 693.66"
"33,13 : 477.35"
"33,14 : 600.17"
"33,15 : 675.3"
"33,16 : 745.02"
"33,17 : 910.7"
"33,18 : 519.34"
"33,19 : 412.49"
"33,20 : 242.51"
"33,21 : 620.53"
"33,22 : 511.48"
"33,23 : 155.36"
"33,24 : 612.1"
"33,25 : 155.08"
"33,26 : 221.82"
"33,27 : 638.88"
"33,28 : 731.72"
"33,29 : 65.97"
"33,30 : 72.24"
"33,31 : 265.36"
"33,32 : 645.96"
"33,33 : 0.0"
"33,34 : 210.3"
"33,35 : 238.76"
"33,36 : 775.67"
"33,37 : 328.27"
"33,38 : 815.72"
"33,39 : 507.45"
"33,40 : 897.52"
"33,41 : 629.32"
"33,42 : 544.16"
"33,43 : 171.56"
"33,44 : 168.31"
"33,45 : 249.54"
"33,46 : 172.9"
"33,47 : 238.03"
"33,48 : 421.69"
"33,49 : 811.38"
"34,0 : 278.84"
"34,1 : 412.33"
"34,2 : 608.36"
"34,3 : 589.29"
"34,4 : 123.07"
"34,5 : 607.82"
"34,6 : 562.2"
"34,7 : 198.6"
"34,8 : 529.3"
"34,9 : 413.52"
"34,10 : 348.28"
"34,11 : 450.89"
"34,12 : 520.77"
"34,13 : 413.55"
"34,14 : 439.74"
"34,15 : 469.78"
"34,16 : 539.27"
"34,17 : 794.12"
"34,18 : 456.03"
"34,19 : 576.71"
"34,20 : 284.61"
"34,21 : 591.61"
"34,22 : 413.39"
"34,23 : 365.63"
"34,24 : 523.99"
"34,25 : 178.06"
"34,26 : 426.68"
"34,27 : 480.2"
"34,28 : 527.31"
"34,29 : 224.72"
"34,30 : 262.59"
"34,31 : 348.33"
"34,32 : 438.63"
"34,33 : 210.3"
"34,34 : 0.0"
"34,35 : 95.34"
"34,36 : 571.35"
"34,37 : 417.17"
"34,38 : 682.35"
"34,39 : 420.23"
"34,40 : 778.07"
"34,41 : 443.27"
"34,42 : 347.91"
"34,43 : 365.44"
"34,44 : 129.97"
"34,45 : 324.89"
"34,46 : 159.06"
"34,47 : 181.11"
"34,48 : 401.51"
"34,49 : 610.26"
"35,0 : 323.15"
"35,1 : 427.52"
"35,2 : 674.25"
"35,3 : 650.67"
"35,4 : 207.18"
"35,5 : 689.06"
"35,6 : 637.76"
"35,7 : 260.42"
"35,8 : 624.15"
"35,9 : 318.52"
"35,10 : 293.73"
"35,11 : 524.57"
"35,12 : 581.4"
"35,13 : 507.84"
"35,14 : 509.76"
"35,15 : 494.42"
"35,16 : 561.8"
"35,17 : 875.75"
"35,18 : 550.04"
"35,19 : 638.46"
"35,20 : 371.25"
"35,21 : 686.83"
"35,22 : 320.01"
"35,23 : 385.21"
"35,24 : 614.47"
"35,25 : 136.3"
"35,26 : 460.09"
"35,27 : 550.09"
"35,28 : 553.11"
"35,29 : 275.41"
"35,30 : 305.06"
"35,31 : 289.99"
"35,32 : 459.21"
"35,33 : 238.76"
"35,34 : 95.34"
"35,35 : 0.0"
"35,36 : 596.48"
"35,37 : 355.24"
"35,38 : 759.66"
"35,39 : 512.06"
"35,40 : 858.99"
"35,41 : 495.63"
"35,42 : 392.75"
"35,43 : 361.47"
"35,44 : 217.02"
"35,45 : 266.3"
"35,46 : 245.72"
"35,47 : 98.01"
"35,48 : 496.65"
"35,49 : 576.56"
"36,0 : 298.56"
"36,1 : 173.0"
"36,2 : 305.79"
"36,3 : 1063.07"
"36,4 : 635.85"
"36,5 : 984.21"
"36,6 : 376.95"
"36,7 : 390.49"
"36,8 : 748.51"
"36,9 : 742.12"
"36,10 : 452.32"
"36,11 : 897.6"
"36,12 : 239.93"
"36,13 : 578.48"
"36,14 : 309.7"
"36,15 : 102.24"
"36,16 : 37.12"
"36,17 : 576.01"
"36,18 : 587.88"
"36,19 : 1050.57"
"36,20 : 711.58"
"36,21 : 717.08"
"36,22 : 708.07"
"36,23 : 929.0"
"36,24 : 543.57"
"36,25 : 730.81"
"36,26 : 974.25"
"36,27 : 308.53"
"36,28 : 44.05"
"36,29 : 769.56"
"36,30 : 812.35"
"36,31 : 882.99"
"36,32 : 137.87"
"36,33 : 775.67"
"36,34 : 571.35"
"36,35 : 596.48"
"36,36 : 0.0"
"36,37 : 943.98"
"36,38 : 452.95"
"36,39 : 527.05"
"36,40 : 556.04"
"36,41 : 200.14"
"36,42 : 238.14"
"36,43 : 936.77"
"36,44 : 629.46"
"36,45 : 859.72"
"36,46 : 644.11"
"36,47 : 683.67"
"36,48 : 659.55"
"36,49 : 363.8"
"37,0 : 678.39"
"37,1 : 771.73"
"37,2 : 1024.53"
"37,3 : 674.86"
"37,4 : 452.02"
"37,5 : 804.73"
"37,6 : 978.82"
"37,7 : 611.12"
"37,8 : 856.91"
"37,9 : 341.53"
"37,10 : 555.83"
"37,11 : 627.96"
"37,12 : 934.31"
"37,13 : 792.55"
"37,14 : 856.7"
"37,15 : 843.07"
"37,16 : 908.1"
"37,17 : 1205.81"
"37,18 : 835.59"
"37,19 : 666.43"
"37,20 : 570.55"
"37,21 : 946.45"
"37,22 : 380.55"
"37,23 : 336.0"
"37,24 : 920.28"
"37,25 : 240.2"
"37,26 : 423.99"
"37,27 : 897.19"
"37,28 : 901.56"
"37,29 : 392.8"
"37,30 : 379.49"
"37,31 : 69.53"
"37,32 : 806.12"
"37,33 : 328.27"
"37,34 : 417.17"
"37,35 : 355.24"
"37,36 : 943.98"
"37,37 : 0.0"
"37,38 : 1098.0"
"37,39 : 814.18"
"37,40 : 1190.62"
"37,41 : 850.56"
"37,42 : 747.98"
"37,43 : 245.46"
"37,44 : 466.22"
"37,45 : 92.42"
"37,46 : 482.58"
"37,47 : 261.3"
"37,48 : 746.64"
"37,49 : 845.7"
"38,0 : 471.92"
"38,1 : 517.82"
"38,2 : 147.28"
"38,3 : 913.14"
"38,4 : 661.94"
"38,5 : 760.26"
"38,6 : 122.79"
"38,7 : 502.49"
"38,8 : 479.5"
"38,9 : 1026.5"
"38,10 : 784.9"
"38,11 : 758.16"
"38,12 : 234.18"
"38,13 : 376.08"
"38,14 : 256.44"
"38,15 : 461.91"
"38,16 : 468.09"
"38,17 : 130.65"
"38,18 : 349.21"
"38,19 : 903.04"
"38,20 : 626.01"
"38,21 : 392.09"
"38,22 : 1005.76"
"38,23 : 935.18"
"38,24 : 246.2"
"38,25 : 857.8"
"38,26 : 937.92"
"38,27 : 219.21"
"38,28 : 449.0"
"38,29 : 774.32"
"38,30 : 812.98"
"38,31 : 1028.61"
"38,32 : 487.94"
"38,33 : 815.72"
"38,34 : 682.35"
"38,35 : 759.66"
"38,36 : 452.95"
"38,37 : 1098.0"
"38,38 : 0.0"
"38,39 : 325.96"
"38,40 : 110.68"
"38,41 : 328.25"
"38,42 : 421.74"
"38,43 : 984.79"
"38,44 : 648.77"
"38,45 : 1005.6"
"38,46 : 643.15"
"38,47 : 856.95"
"38,48 : 470.23"
"38,49 : 805.31"
"39,0 : 338.69"
"39,1 : 478.03"
"39,2 : 337.62"
"39,3 : 599.77"
"39,4 : 362.8"
"39,5 : 474.61"
"39,6 : 241.51"
"39,7 : 303.73"
"39,8 : 221.46"
"39,9 : 819.13"
"39,10 : 647.04"
"39,11 : 438.71"
"39,12 : 314.87"
"39,13 : 57.25"
"39,14 : 220.1"
"39,15 : 469.0"
"39,16 : 518.06"
"39,17 : 405.36"
"39,18 : 62.65"
"39,19 : 588.8"
"39,20 : 300.78"
"39,21 : 210.54"
"39,22 : 809.76"
"39,23 : 614.42"
"39,24 : 106.1"
"39,25 : 579.13"
"39,26 : 612.49"
"39,27 : 235.31"
"39,28 : 496.4"
"39,29 : 458.76"
"39,30 : 494.77"
"39,31 : 745.09"
"39,32 : 469.91"
"39,33 : 507.45"
"39,34 : 420.23"
"39,35 : 512.06"
"39,36 : 527.05"
"39,37 : 814.18"
"39,38 : 325.96"
"39,39 : 0.0"
"39,40 : 393.57"
"39,41 : 327.28"
"39,42 : 339.56"
"39,43 : 671.07"
"39,44 : 348.69"
"39,45 : 723.6"
"39,46 : 336.11"
"39,47 : 601.1"
"39,48 : 153.59"
"39,49 : 785.94"
"40,0 : 579.99"
"40,1 : 628.19"
"40,2 : 253.34"
"40,3 : 952.17"
"40,4 : 746.99"
"40,5 : 783.61"
"40,6 : 229.34"
"40,7 : 605.19"
"40,8 : 505.1"
"40,9 : 1132.98"
"40,10 : 895.03"
"40,11 : 805.53"
"40,12 : 344.4"
"40,13 : 435.74"
"40,14 : 363.58"
"40,15 : 570.96"
"40,16 : 573.59"
"40,17 : 20.22"
"40,18 : 401.43"
"40,19 : 943.0"
"40,20 : 692.48"
"40,21 : 403.35"
"40,22 : 1113.25"
"40,23 : 1007.92"
"40,24 : 296.62"
"40,25 : 950.92"
"40,26 : 1002.42"
"40,27 : 327.84"
"40,28 : 555.23"
"40,29 : 851.56"
"40,30 : 888.2"
"40,31 : 1121.09"
"40,32 : 597.86"
"40,33 : 897.52"
"40,34 : 778.07"
"40,35 : 858.99"
"40,36 : 556.04"
"40,37 : 1190.62"
"40,38 : 110.68"
"40,39 : 393.57"
"40,40 : 0.0"
"40,41 : 438.93"
"40,42 : 531.65"
"40,43 : 1063.66"
"40,44 : 733.35"
"40,45 : 1098.45"
"40,46 : 724.72"
"40,47 : 955.44"
"40,48 : 522.82"
"40,49 : 912.6"
"41,0 : 173.4"
"41,1 : 192.15"
"41,2 : 198.86"
"41,3 : 874.82"
"41,4 : 478.05"
"41,5 : 786.14"
"41,6 : 219.21"
"41,7 : 244.97"
"41,8 : 548.7"
"41,9 : 718.98"
"41,10 : 460.2"
"41,11 : 708.47"
"41,12 : 98.48"
"41,13 : 378.33"
"41,14 : 114.54"
"41,15 : 151.92"
"41,16 : 191.46"
"41,17 : 458.88"
"41,18 : 388.6"
"41,19 : 862.55"
"41,20 : 527.3"
"41,21 : 522.23"
"41,22 : 693.58"
"41,23 : 776.06"
"41,24 : 352.73"
"41,25 : 618.28"
"41,26 : 809.67"
"41,27 : 126.78"
"41,28 : 169.61"
"41,29 : 611.08"
"41,30 : 654.13"
"41,31 : 784.08"
"41,32 : 167.24"
"41,33 : 629.32"
"41,34 : 443.27"
"41,35 : 495.63"
"41,36 : 200.14"
"41,37 : 850.56"
"41,38 : 328.25"
"41,39 : 327.28"
"41,40 : 438.93"
"41,41 : 0.0"
"41,42 : 106.67"
"41,43 : 798.41"
"41,44 : 469.02"
"41,45 : 760.31"
"41,46 : 478.07"
"41,47 : 592.14"
"41,48 : 460.41"
"41,49 : 495.18"
"42,0 : 69.92"
"42,1 : 138.64"
"42,2 : 302.42"
"42,3 : 828.26"
"42,4 : 399.53"
"42,5 : 763.02"
"42,6 : 304.07"
"42,7 : 155.26"
"42,8 : 553.08"
"42,9 : 613.63"
"42,10 : 363.46"
"42,11 : 663.89"
"42,12 : 202.47"
"42,13 : 380.66"
"42,14 : 174.55"
"42,15 : 147.87"
"42,16 : 213.44"
"42,17 : 551.13"
"42,18 : 401.98"
"42,19 : 815.65"
"42,20 : 475.95"
"42,21 : 548.1"
"42,22 : 589.3"
"42,23 : 695.34"
"42,24 : 393.75"
"42,25 : 519.13"
"42,26 : 737.2"
"42,27 : 204.96"
"42,28 : 195.93"
"42,29 : 533.59"
"42,30 : 576.58"
"42,31 : 682.38"
"42,32 : 135.88"
"42,33 : 544.16"
"42,34 : 347.91"
"42,35 : 392.75"
"42,36 : 238.14"
"42,37 : 747.98"
"42,38 : 421.74"
"42,39 : 339.56"
"42,40 : 531.65"
"42,41 : 106.67"
"42,42 : 0.0"
"42,43 : 709.81"
"42,44 : 392.48"
"42,45 : 658.62"
"42,46 : 406.25"
"42,47 : 488.21"
"42,48 : 446.86"
"42,49 : 447.15"
"43,0 : 642.15"
"43,1 : 776.24"
"43,2 : 941.36"
"43,3 : 429.42"
"43,4 : 327.77"
"43,5 : 568.08"
"43,6 : 875.21"
"43,7 : 555.67"
"43,8 : 661.69"
"43,9 : 524.16"
"43,10 : 642.83"
"43,11 : 395.49"
"43,12 : 864.8"
"43,13 : 636.13"
"43,14 : 771.73"
"43,15 : 835.21"
"43,16 : 904.67"
"43,17 : 1076.14"
"43,18 : 676.63"
"43,19 : 421.1"
"43,20 : 385.33"
"43,21 : 762.45"
"43,22 : 553.33"
"43,23 : 92.4"
"43,24 : 773.84"
"43,25 : 231.66"
"43,26 : 178.55"
"43,27 : 810.44"
"43,28 : 892.73"
"43,29 : 212.33"
"43,30 : 179.0"
"43,31 : 211.24"
"43,32 : 803.71"
"43,33 : 171.56"
"43,34 : 365.44"
"43,35 : 361.47"
"43,36 : 936.77"
"43,37 : 245.46"
"43,38 : 984.79"
"43,39 : 671.07"
"43,40 : 1063.66"
"43,41 : 798.41"
"43,42 : 709.81"
"43,43 : 0.0"
"43,44 : 339.64"
"43,45 : 211.14"
"43,46 : 341.93"
"43,47 : 314.3"
"43,48 : 569.44"
"43,49 : 933.8"
"44,0 : 331.73"
"44,1 : 488.6"
"44,2 : 601.93"
"44,3 : 471.11"
"44,4 : 14.21"
"44,5 : 477.98"
"44,6 : 536.53"
"44,7 : 239.18"
"44,8 : 415.46"
"44,9 : 532.34"
"44,10 : 474.2"
"44,11 : 324.58"
"44,12 : 527.94"
"44,13 : 326.81"
"44,14 : 432.71"
"44,15 : 532.56"
"44,16 : 601.66"
"44,17 : 747.24"
"44,18 : 370.0"
"44,19 : 458.34"
"44,20 : 155.0"
"44,21 : 490.44"
"44,22 : 536.54"
"44,23 : 307.32"
"44,24 : 454.7"
"44,25 : 236.8"
"44,26 : 344.82"
"44,27 : 471.07"
"44,28 : 586.21"
"44,29 : 142.13"
"44,30 : 185.22"
"44,31 : 397.56"
"44,32 : 507.67"
"44,33 : 168.31"
"44,34 : 129.97"
"44,35 : 217.02"
"44,36 : 629.46"
"44,37 : 466.22"
"44,38 : 648.77"
"44,39 : 348.69"
"44,40 : 733.35"
"44,41 : 469.02"
"44,42 : 392.48"
"44,43 : 339.64"
"44,44 : 0.0"
"44,45 : 376.7"
"44,46 : 29.12"
"44,47 : 280.07"
"44,48 : 292.37"
"44,49 : 722.25"
"45,0 : 588.84"
"45,1 : 688.45"
"45,2 : 932.64"
"45,3 : 629.51"
"45,4 : 362.49"
"45,5 : 742.12"
"45,6 : 886.41"
"45,7 : 519.67"
"45,8 : 774.7"
"45,9 : 318.58"
"45,10 : 490.49"
"45,11 : 563.96"
"45,12 : 843.0"
"45,13 : 703.49"
"45,14 : 764.55"
"45,15 : 758.19"
"45,16 : 824.3"
"45,17 : 1113.73"
"45,18 : 746.65"
"45,19 : 619.96"
"45,20 : 488.89"
"45,21 : 861.12"
"45,22 : 351.64"
"45,23 : 291.55"
"45,24 : 829.67"
"45,25 : 147.8"
"45,26 : 383.38"
"45,27 : 805.03"
"45,28 : 816.84"
"45,29 : 315.41"
"45,30 : 308.75"
"45,31 : 23.77"
"45,32 : 721.9"
"45,33 : 249.54"
"45,34 : 324.89"
"45,35 : 266.3"
"45,36 : 859.72"
"45,37 : 92.42"
"45,38 : 1005.6"
"45,39 : 723.6"
"45,40 : 1098.45"
"45,41 : 760.31"
"45,42 : 658.62"
"45,43 : 211.14"
"45,44 : 376.7"
"45,45 : 0.0"
"45,46 : 394.46"
"45,47 : 176.38"
"45,48 : 661.15"
"45,49 : 783.94"
"46,0 : 347.98"
"46,1 : 507.61"
"46,2 : 602.85"
"46,3 : 446.29"
"46,4 : 39.01"
"46,5 : 449.02"
"46,6 : 533.48"
"46,7 : 255.38"
"46,8 : 390.52"
"46,9 : 560.11"
"46,10 : 502.36"
"46,11 : 297.2"
"46,12 : 532.45"
"46,13 : 310.26"
"46,14 : 435.0"
"46,15 : 548.68"
"46,16 : 617.32"
"46,17 : 738.05"
"46,18 : 353.16"
"46,19 : 433.5"
"46,20 : 125.93"
"46,21 : 468.69"
"46,22 : 564.91"
"46,23 : 301.94"
"46,24 : 441.58"
"46,25 : 258.21"
"46,26 : 332.06"
"46,27 : 472.45"
"46,28 : 601.24"
"46,29 : 135.79"
"46,30 : 178.02"
"46,31 : 414.61"
"46,32 : 525.16"
"46,33 : 172.9"
"46,34 : 159.06"
"46,35 : 245.72"
"46,36 : 644.11"
"46,37 : 482.58"
"46,38 : 643.15"
"46,39 : 336.11"
"46,40 : 724.72"
"46,41 : 478.07"
"46,42 : 406.25"
"46,43 : 341.93"
"46,44 : 29.12"
"46,45 : 394.46"
"46,46 : 0.0"
"46,47 : 306.11"
"46,48 : 269.47"
"46,49 : 747.44"
"47,0 : 419.07"
"47,1 : 512.13"
"47,2 : 772.18"
"47,3 : 662.01"
"47,4 : 267.53"
"47,5 : 727.79"
"47,6 : 735.28"
"47,7 : 358.42"
"47,8 : 695.42"
"47,9 : 260.93"
"47,10 : 330.5"
"47,11 : 554.96"
"47,12 : 678.98"
"47,13 : 592.19"
"47,14 : 607.71"
"47,15 : 582.35"
"47,16 : 648.1"
"47,17 : 971.98"
"47,18 : 635.06"
"47,19 : 650.52"
"47,20 : 425.62"
"47,21 : 766.19"
"47,22 : 274.53"
"47,23 : 360.0"
"47,24 : 705.09"
"47,25 : 87.97"
"47,26 : 445.25"
"47,27 : 648.06"
"47,28 : 640.95"
"47,29 : 292.33"
"47,30 : 310.19"
"47,31 : 199.42"
"47,32 : 545.81"
"47,33 : 238.03"
"47,34 : 181.11"
"47,35 : 98.01"
"47,36 : 683.67"
"47,37 : 261.3"
"47,38 : 856.95"
"47,39 : 601.1"
"47,40 : 955.44"
"47,41 : 592.14"
"47,42 : 488.21"
"47,43 : 314.3"
"47,44 : 280.07"
"47,45 : 176.38"
"47,46 : 306.11"
"47,47 : 0.0"
"47,48 : 570.88"
"47,49 : 623.84"
"48,0 : 424.63"
"48,1 : 582.82"
"48,2 : 491.18"
"48,3 : 446.81"
"48,4 : 305.85"
"48,5 : 326.71"
"48,6 : 394.59"
"48,7 : 359.91"
"48,8 : 129.0"
"48,9 : 815.03"
"48,10 : 694.87"
"48,11 : 288.11"
"48,12 : 463.06"
"48,13 : 97.02"
