x,y
694,382
295,513
777,571
672,328
840,862
899,585
565,62
334,867
944,343
587,537
577,813
14,852
645,691
330,88
450,59
726,201
691,858
187,933
391,201
65,194
186,900
394,696
828,146
959,37
756,7
718,954
161,870
365,478
739,133
497,55
784,70
494,535
241,680
837,471
656,491
804,322
652,855
537,194
770,349
861,572
434,103
977,217
592,337
229,900
934,966
495,392
547,665
559,210
417,404
256,229

Distanze
"0,0 : 0.0"
"0,1 : 419.95"
"0,2 : 206.42"
"0,3 : 58.31"
"0,4 : 501.71"
"0,5 : 288.5"
"0,6 : 345.02"
"0,7 : 604.01"
"0,8 : 253.02"
"0,9 : 188.35"
"0,10 : 446.6"
"0,11 : 826.62"
"0,12 : 312.86"
"0,13 : 467.9"
"0,14 : 404.8"
"0,15 : 183.81"
"0,16 : 476.01"
"0,17 : 748.77"
"0,18 : 352.94"
"0,19 : 656.49"
"0,20 : 725.53"
"0,21 : 434.28"
"0,22 : 271.39"
"0,23 : 435.03"
"0,24 : 380.09"
"0,25 : 572.5"
"0,26 : 722.66"
"0,27 : 342.72"
"0,28 : 253.03"
"0,29 : 381.76"
"0,30 : 324.72"
"0,31 : 251.81"
"0,32 : 542.23"
"0,33 : 168.43"
"0,34 : 115.43"
"0,35 : 125.3"
"0,36 : 474.86"
"0,37 : 244.93"
"0,38 : 82.86"
"0,39 : 252.96"
"0,40 : 381.37"
"0,41 : 327.59"
"0,42 : 111.49"
"0,43 : 696.1"
"0,44 : 631.39"
"0,45 : 199.25"
"0,46 : 318.9"
"0,47 : 218.65"
"0,48 : 277.87"
"0,49 : 463.95"
"1,0 : 419.95"
"1,1 : 0.0"
"1,2 : 485.48"
"1,3 : 419.95"
"1,4 : 647.17"
"1,5 : 608.28"
"1,6 : 525.64"
"1,7 : 356.14"
"1,8 : 670.9"
"1,9 : 292.98"
"1,10 : 411.73"
"1,11 : 440.32"
"1,12 : 392.66"
"1,13 : 426.44"
"1,14 : 479.73"
"1,15 : 532.08"
"1,16 : 525.21"
"1,17 : 433.66"
"1,18 : 326.44"
"1,19 : 393.27"
"1,20 : 402.06"
"1,21 : 208.06"
"1,22 : 647.13"
"1,23 : 816.99"
"1,24 : 684.51"
"1,25 : 611.07"
"1,26 : 381.32"
"1,27 : 78.26"
"1,28 : 584.41"
"1,29 : 500.57"
"1,30 : 659.83"
"1,31 : 200.21"
"1,32 : 175.51"
"1,33 : 543.62"
"1,34 : 361.67"
"1,35 : 543.66"
"1,36 : 494.38"
"1,37 : 400.41"
"1,38 : 502.51"
"1,39 : 569.07"
"1,40 : 432.92"
"1,41 : 743.46"
"1,42 : 345.23"
"1,43 : 392.59"
"1,44 : 783.28"
"1,45 : 233.75"
"1,46 : 294.29"
"1,47 : 401.88"
"1,48 : 163.6"
"1,49 : 286.67"
"2,0 : 206.42"
"2,1 : 485.48"
"2,2 : 0.0"
"2,3 : 264.71"
"2,4 : 297.74"
"2,5 : 122.8"
"2,6 : 551.38"
"2,7 : 532.79"
"2,8 : 282.62"
"2,9 : 193.02"
"2,10 : 313.95"
"2,11 : 813.1"
"2,12 : 178.39"
"2,13 : 658.1"
"2,14 : 607.51"
"2,15 : 373.5"
"2,16 : 299.61"
"2,17 : 692.2"
"2,18 : 534.69"
"2,19 : 805.65"
"2,20 : 676.4"
"2,21 : 402.88"
"2,22 : 428.05"
"2,23 : 564.16"
"2,24 : 564.39"
"2,25 : 387.52"
"2,26 : 684.73"
"2,27 : 422.37"
"2,28 : 439.65"
"2,29 : 587.07"
"2,30 : 501.05"
"2,31 : 285.28"
"2,32 : 546.97"
"2,33 : 116.62"
"2,34 : 145.06"
"2,35 : 250.46"
"2,36 : 310.29"
"2,37 : 446.91"
"2,38 : 222.11"
"2,39 : 84.01"
"2,40 : 580.24"
"2,41 : 406.59"
"2,42 : 298.3"
"2,43 : 639.18"
"2,44 : 425.06"
"2,45 : 334.01"
"2,46 : 248.47"
"2,47 : 421.72"
"2,48 : 396.85"
"2,49 : 623.22"
"3,0 : 58.31"
"3,1 : 419.95"
"3,2 : 264.71"
"3,3 : 0.0"
"3,4 : 559.8"
"3,5 : 342.9"
"3,6 : 286.71"
"3,7 : 636.21"
"3,8 : 272.41"
"3,9 : 225.62"
"3,10 : 494.22"
"3,11 : 841.15"
"3,12 : 364.0"
"3,13 : 417.81"
"3,14 : 348.78"
"3,15 : 138.0"
"3,16 : 530.34"
"3,17 : 775.4"
"3,18 : 308.37"
"3,19 : 621.61"
"3,20 : 750.59"
"3,21 : 461.2"
"3,22 : 239.71"
"3,23 : 408.72"
"3,24 : 331.81"
"3,25 : 627.69"
"3,26 : 744.91"
"3,27 : 341.69"
"3,28 : 206.19"
"3,29 : 324.27"
"3,30 : 281.26"
"3,31 : 273.01"
"3,32 : 556.48"
"3,33 : 218.34"
"3,34 : 163.78"
"3,35 : 132.14"
"3,36 : 527.38"
"3,37 : 190.21"
"3,38 : 100.22"
"3,39 : 308.64"
"3,40 : 327.52"
"3,41 : 324.57"
"3,42 : 80.5"
"3,43 : 723.49"
"3,44 : 689.7"
"3,45 : 188.22"
"3,46 : 359.44"
"3,47 : 163.38"
"3,48 : 266.08"
"3,49 : 427.62"
"4,0 : 501.71"
"4,1 : 647.17"
"4,2 : 297.74"
"4,3 : 559.8"
"4,4 : 0.0"
"4,5 : 283.21"
"4,6 : 845.95"
"4,7 : 506.02"
"4,8 : 529.32"
"4,9 : 411.87"
"4,10 : 267.53"
"4,11 : 826.06"
"4,12 : 259.36"
"4,13 : 926.92"
"4,14 : 892.7"
"4,15 : 670.76"
"4,16 : 149.05"
"4,17 : 656.85"
"4,18 : 799.08"
"4,19 : 1023.16"
"4,20 : 655.1"
"4,21 : 475.89"
"4,22 : 716.1"
"4,23 : 833.54"
"4,24 : 859.12"
"4,25 : 152.8"
"4,26 : 679.05"
"4,27 : 610.8"
"4,28 : 735.96"
"4,29 : 876.87"
"4,30 : 793.98"
"4,31 : 476.07"
"4,32 : 626.04"
"4,33 : 391.01"
"4,34 : 414.12"
"4,35 : 541.2"
"4,36 : 188.13"
"4,37 : 733.51"
"4,38 : 517.75"
"4,39 : 290.76"
"4,40 : 860.77"
"4,41 : 659.39"
"4,42 : 580.63"
"4,43 : 612.18"
"4,44 : 140.19"
"4,45 : 583.03"
"4,46 : 353.07"
"4,47 : 709.98"
"4,48 : 623.45"
"4,49 : 861.25"
"5,0 : 288.5"
"5,1 : 608.28"
"5,2 : 122.8"
"5,3 : 342.9"
"5,4 : 283.21"
"5,5 : 0.0"
"5,6 : 620.55"
"5,7 : 631.47"
"5,8 : 246.15"
"5,9 : 315.67"
"5,10 : 394.55"
"5,11 : 924.4"
"5,12 : 275.23"
"5,13 : 755.49"
"5,14 : 691.58"
"5,15 : 421.17"
"5,16 : 343.21"
"5,17 : 792.49"
"5,18 : 636.8"
"5,19 : 921.11"
"5,20 : 779.48"
"5,21 : 517.06"
"5,22 : 444.7"
"5,23 : 551.27"
"5,24 : 595.43"
"5,25 : 411.0"
"5,26 : 791.12"
"5,27 : 544.61"
"5,28 : 479.48"
"5,29 : 665.21"
"5,30 : 527.68"
"5,31 : 408.07"
"5,32 : 664.82"
"5,33 : 129.77"
"5,34 : 260.55"
"5,35 : 279.63"
"5,36 : 365.94"
"5,37 : 532.85"
"5,38 : 268.96"
"5,39 : 40.16"
"5,40 : 669.74"
"5,41 : 376.18"
"5,42 : 394.66"
"5,43 : 740.35"
"5,44 : 382.6"
"5,45 : 447.73"
"5,46 : 360.98"
"5,47 : 506.19"
"5,48 : 514.86"
"5,49 : 734.97"
"6,0 : 345.02"
"6,1 : 525.64"
"6,2 : 551.38"
"6,3 : 286.71"
"6,4 : 845.95"
"6,5 : 620.55"
"6,6 : 0.0"
"6,7 : 837.49"
"6,8 : 471.81"
"6,9 : 475.51"
"6,10 : 751.1"
"6,11 : 963.17"
"6,12 : 634.07"
"6,13 : 236.43"
"6,14 : 115.04"
"6,15 : 212.7"
"6,16 : 805.91"
"6,17 : 949.49"
"6,18 : 222.7"
"6,19 : 517.13"
"6,20 : 919.72"
"6,21 : 656.66"
"6,22 : 276.09"
"6,23 : 394.79"
"6,24 : 198.76"
"6,25 : 905.03"
"6,26 : 903.37"
"6,27 : 461.58"
"6,28 : 187.93"
"6,29 : 68.36"
"6,30 : 219.15"
"6,31 : 478.3"
"6,32 : 697.78"
"6,33 : 491.19"
"6,34 : 438.55"
"6,35 : 353.16"
"6,36 : 797.76"
"6,37 : 134.94"
"6,38 : 352.7"
"6,39 : 589.67"
"6,40 : 137.27"
"6,41 : 440.19"
"6,42 : 276.32"
"6,43 : 902.85"
"6,44 : 976.41"
"6,45 : 337.34"
"6,46 : 603.27"
"6,47 : 148.12"
"6,48 : 372.65"
"6,49 : 351.24"
"7,0 : 604.01"
"7,1 : 356.14"
"7,2 : 532.79"
"7,3 : 636.21"
"7,4 : 506.02"
"7,5 : 631.47"
"7,6 : 837.49"
"7,7 : 0.0"
"7,8 : 804.16"
"7,9 : 415.82"
"7,10 : 248.93"
"7,11 : 320.35"
"7,12 : 357.35"
"7,13 : 779.01"
"7,14 : 816.28"
"7,15 : 772.8"
"7,16 : 357.11"
"7,17 : 161.14"
"7,18 : 668.43"
"7,19 : 724.77"
"7,20 : 151.63"
"7,21 : 181.22"
"7,22 : 874.0"
"7,23 : 1039.0"
"7,24 : 957.96"
"7,25 : 393.73"
"7,26 : 173.03"
"7,27 : 390.23"
"7,28 : 838.32"
"7,29 : 828.2"
"7,30 : 915.26"
"7,31 : 368.54"
"7,32 : 208.85"
"7,33 : 640.18"
"7,34 : 495.04"
"7,35 : 719.67"
"7,36 : 318.23"
"7,37 : 702.95"
"7,38 : 677.07"
"7,39 : 603.95"
"7,40 : 770.52"
"7,41 : 914.3"
"7,42 : 589.46"
"7,43 : 110.06"
"7,44 : 608.11"
"7,45 : 501.54"
"7,46 : 293.55"
"7,47 : 694.46"
"7,48 : 470.38"
"7,49 : 642.75"
"8,0 : 253.02"
"8,1 : 670.9"
"8,2 : 282.62"
"8,3 : 272.41"
"8,4 : 529.32"
"8,5 : 246.15"
"8,6 : 471.81"
"8,7 : 804.16"
"8,8 : 0.0"
"8,9 : 406.31"
"8,10 : 596.31"
"8,11 : 1060.18"
"8,12 : 458.81"
"8,13 : 664.85"
"8,14 : 569.82"
"8,15 : 260.17"
"8,16 : 573.79"
"8,17 : 959.77"
"8,18 : 570.94"
"8,19 : 891.54"
"8,20 : 940.64"
"8,21 : 653.54"
"8,22 : 228.62"
"8,23 : 306.37"
"8,24 : 385.02"
"8,25 : 651.46"
"8,26 : 943.83"
"8,27 : 594.53"
"8,28 : 293.47"
"8,29 : 531.75"
"8,30 : 316.43"
"8,31 : 489.25"
"8,32 : 779.6"
"8,33 : 166.83"
"8,34 : 323.8"
"8,35 : 141.57"
"8,36 : 589.41"
"8,37 : 433.42"
"8,38 : 174.1"
"8,39 : 243.58"
"8,40 : 563.65"
"8,41 : 130.25"
"8,42 : 352.05"
"8,43 : 906.35"
"8,44 : 623.08"
"8,45 : 451.67"
"8,46 : 511.17"
"8,47 : 407.33"
"8,48 : 530.52"
"8,49 : 697.38"
"9,0 : 188.35"
"9,1 : 292.98"
"9,2 : 193.02"
"9,3 : 225.62"
"9,4 : 411.87"
"9,5 : 315.67"
"9,6 : 475.51"
"9,7 : 415.82"
"9,8 : 406.31"
"9,9 : 0.0"
"9,10 : 276.18"
"9,11 : 653.88"
"9,12 : 164.56"
"9,13 : 517.35"
"9,14 : 497.25"
"9,15 : 363.62"
"9,16 : 337.43"
"9,17 : 562.86"
"9,18 : 388.99"
"9,19 : 624.61"
"9,20 : 540.9"
"9,21 : 250.06"
"9,22 : 459.31"
"9,23 : 623.2"
"9,24 : 556.29"
"9,25 : 437.09"
"9,26 : 540.71"
"9,27 : 229.71"
"9,28 : 431.65"
"9,29 : 490.33"
"9,30 : 506.85"
"9,31 : 93.02"
"9,32 : 374.39"
"9,33 : 258.57"
"9,34 : 82.93"
"9,35 : 305.47"
"9,36 : 324.58"
"9,37 : 346.63"
"9,38 : 262.36"
"9,39 : 276.23"
"9,40 : 460.18"
"9,41 : 504.48"
"9,42 : 200.06"
"9,43 : 509.84"
"9,44 : 551.77"
"9,45 : 171.72"
"9,46 : 134.1"
"9,47 : 328.2"
"9,48 : 215.84"
"9,49 : 452.13"
"10,0 : 446.6"
"10,1 : 411.73"
"10,2 : 313.95"
"10,3 : 494.22"
"10,4 : 267.53"
"10,5 : 394.55"
"10,6 : 751.1"
"10,7 : 248.93"
"10,8 : 596.31"
"10,9 : 276.18"
"10,10 : 0.0"
"10,11 : 564.35"
"10,12 : 139.67"
"10,13 : 765.92"
"10,14 : 764.62"
"10,15 : 629.88"
"10,16 : 122.56"
"10,17 : 408.04"
"10,18 : 639.64"
"10,19 : 803.31"
"10,20 : 400.56"
"10,21 : 217.2"
"10,22 : 712.66"
"10,23 : 864.93"
"10,24 : 825.64"
"10,25 : 199.4"
"10,26 : 419.89"
"10,27 : 396.45"
"10,28 : 699.03"
"10,29 : 762.21"
"10,30 : 771.3"
"10,31 : 290.13"
"10,32 : 361.37"
"10,33 : 429.61"
"10,34 : 331.55"
"10,35 : 540.93"
"10,36 : 85.96"
"10,37 : 620.29"
"10,38 : 502.54"
"10,39 : 372.47"
"10,40 : 724.26"
"10,41 : 717.79"
"10,42 : 476.24"
"10,43 : 358.71"
"10,44 : 388.4"
"10,45 : 428.91"
"10,46 : 151.01"
"10,47 : 603.27"
"10,48 : 439.18"
"10,49 : 666.41"
"11,0 : 826.62"
"11,1 : 440.32"
"11,2 : 813.1"
"11,3 : 841.15"
"11,4 : 826.06"
"11,5 : 924.4"
"11,6 : 963.17"
"11,7 : 320.35"
"11,8 : 1060.18"
"11,9 : 653.88"
"11,10 : 564.35"
"11,11 : 0.0"
"11,12 : 651.22"
"11,13 : 826.77"
"11,14 : 904.96"
"11,15 : 964.75"
"11,16 : 677.03"
"11,17 : 191.02"
"11,18 : 752.28"
"11,19 : 659.97"
"11,20 : 178.57"
"11,21 : 410.77"
"11,22 : 1077.51"
"11,23 : 1247.9"
"11,24 : 1124.54"
"11,25 : 711.35"
"11,26 : 148.1"
"11,27 : 512.91"
"11,28 : 1021.07"
"11,29 : 931.93"
"11,30 : 1097.46"
"11,31 : 575.23"
"11,32 : 284.8"
"11,33 : 906.91"
"11,34 : 736.54"
"11,35 : 951.31"
"11,36 : 638.01"
"11,37 : 840.53"
"11,38 : 908.04"
"11,39 : 892.08"
"11,40 : 858.72"
"11,41 : 1153.51"
"11,42 : 774.15"
"11,43 : 220.29"
"11,44 : 927.04"
"11,45 : 665.55"
"11,46 : 564.85"
"11,47 : 842.13"
"11,48 : 602.59"
"11,49 : 668.35"
"12,0 : 312.86"
"12,1 : 392.66"
"12,2 : 178.39"
"12,3 : 364.0"
"12,4 : 259.36"
"12,5 : 275.23"
"12,6 : 634.07"
"12,7 : 357.35"
"12,8 : 458.81"
"12,9 : 164.56"
"12,10 : 139.67"
"12,11 : 651.22"
"12,12 : 0.0"
"12,13 : 680.32"
"12,14 : 661.4"
"12,15 : 496.65"
"12,16 : 173.22"
"12,17 : 518.0"
"12,18 : 551.92"
"12,19 : 763.81"
"12,20 : 504.34"
"12,21 : 251.05"
"12,22 : 574.9"
"12,23 : 725.47"
"12,24 : 692.95"
"12,25 : 272.94"
"12,26 : 516.04"
"12,27 : 351.81"
"12,28 : 565.86"
"12,29 : 652.99"
"12,30 : 636.37"
"12,31 : 217.11"
"12,32 : 404.15"
"12,33 : 292.0"
"12,34 : 200.3"
"12,35 : 401.8"
"12,36 : 164.15"
"12,37 : 508.6"
"12,38 : 364.13"
"12,39 : 246.61"
"12,40 : 624.71"
"12,41 : 578.71"
"12,42 : 357.95"
"12,43 : 465.55"
"12,44 : 398.93"
"12,45 : 334.52"
"12,46 : 101.39"
"12,47 : 488.63"
"12,48 : 366.54"
"12,49 : 603.96"
"13,0 : 467.9"
"13,1 : 426.44"
"13,2 : 658.1"
"13,3 : 417.81"
"13,4 : 926.92"
"13,5 : 755.49"
"13,6 : 236.43"
"13,7 : 779.01"
"13,8 : 664.85"
"13,9 : 517.35"
"13,10 : 765.92"
"13,11 : 826.77"
"13,12 : 680.32"
"13,13 : 0.0"
"13,14 : 123.45"
"13,15 : 411.81"
"13,16 : 850.42"
"13,17 : 857.01"
"13,18 : 128.41"
"13,19 : 285.41"
"13,20 : 824.67"
"13,21 : 611.36"
"13,22 : 501.37"
"13,23 : 631.06"
"13,24 : 433.63"
"13,25 : 948.95"
"13,26 : 800.05"
"13,27 : 391.57"
"13,28 : 411.47"
"13,29 : 170.23"
"13,30 : 454.36"
"13,31 : 476.14"
"13,32 : 598.65"
"13,33 : 635.4"
"13,34 : 518.35"
"13,35 : 528.61"
"13,36 : 831.85"
"13,37 : 232.56"
"13,38 : 511.59"
"13,39 : 718.48"
"13,40 : 105.08"
"13,41 : 659.73"
"13,42 : 361.45"
"13,43 : 818.26"
"13,44 : 1065.69"
"13,45 : 345.89"
"13,46 : 616.46"
"13,47 : 259.47"
"13,48 : 327.76"
"13,49 : 159.24"
"14,0 : 404.8"
"14,1 : 479.73"
"14,2 : 607.51"
"14,3 : 348.78"
"14,4 : 892.7"
"14,5 : 691.58"
"14,6 : 115.04"
"14,7 : 816.28"
"14,8 : 569.82"
"14,9 : 497.25"
"14,10 : 764.62"
"14,11 : 904.96"
"14,12 : 661.4"
"14,13 : 123.45"
"14,14 : 0.0"
"14,15 : 310.39"
"14,16 : 834.55"
"14,17 : 912.71"
"14,18 : 153.77"
"14,19 : 407.98"
"14,20 : 881.46"
"14,21 : 639.46"
"14,22 : 387.88"
"14,23 : 509.48"
"14,24 : 310.39"
"14,25 : 934.26"
"14,26 : 860.95"
"14,27 : 427.53"
"14,28 : 298.32"
"14,29 : 47.17"
"14,30 : 334.18"
"14,31 : 478.03"
"14,32 : 655.23"
"14,33 : 565.25"
"14,34 : 478.6"
"14,35 : 441.0"
"14,36 : 821.23"
"14,37 : 160.61"
"14,38 : 431.86"
"14,39 : 657.34"
"14,40 : 46.82"
"14,41 : 550.18"
"14,42 : 312.17"
"14,43 : 869.55"
"14,44 : 1028.06"
"14,45 : 336.03"
"14,46 : 613.71"
"14,47 : 186.23"
"14,48 : 346.57"
"14,49 : 257.95"
"15,0 : 183.81"
"15,1 : 532.08"
"15,2 : 373.5"
"15,3 : 138.0"
"15,4 : 670.76"
"15,5 : 421.17"
"15,6 : 212.7"
"15,7 : 772.8"
"15,8 : 260.17"
"15,9 : 363.62"
"15,10 : 629.88"
"15,11 : 964.75"
"15,12 : 496.65"
"15,13 : 411.81"
"15,14 : 310.39"
"15,15 : 0.0"
"15,16 : 657.93"
"15,17 : 909.04"
"15,18 : 335.0"
"15,19 : 661.04"
"15,20 : 883.29"
"15,21 : 596.03"
"15,22 : 115.88"
"15,23 : 284.93"
"15,24 : 196.31"
"15,25 : 753.04"
"15,26 : 875.66"
"15,27 : 455.03"
"15,28 : 69.23"
"15,29 : 271.58"
"15,30 : 143.27"
"15,31 : 406.67"
"15,32 : 681.66"
"15,33 : 291.93"
"15,34 : 298.33"
"15,35 : 143.96"
"15,36 : 658.17"
"15,37 : 189.13"
"15,38 : 154.4"
"15,39 : 394.8"
"15,40 : 308.01"
"15,41 : 251.51"
"15,42 : 190.92"
"15,43 : 857.68"
"15,44 : 792.77"
"15,45 : 299.74"
"15,46 : 497.33"
"15,47 : 167.24"
"15,48 : 369.72"
"15,49 : 470.83"
"16,0 : 476.01"
"16,1 : 525.21"
"16,2 : 299.61"
"16,3 : 530.34"
"16,4 : 149.05"
"16,5 : 343.21"
"16,6 : 805.91"
"16,7 : 357.11"
"16,8 : 573.79"
"16,9 : 337.43"
"16,10 : 122.56"
"16,11 : 677.03"
"16,12 : 173.22"
"16,13 : 850.42"
"16,14 : 834.55"
"16,15 : 657.93"
"16,16 : 0.0"
"16,17 : 509.55"
"16,18 : 722.25"
"16,19 : 912.56"
"16,20 : 506.74"
"16,21 : 338.31"
"16,22 : 725.06"
"16,23 : 863.63"
"16,24 : 853.48"
"16,25 : 99.72"
"16,26 : 530.14"
"16,27 : 500.68"
"16,28 : 726.59"
"16,29 : 826.1"
"16,30 : 793.47"
"16,31 : 378.34"
"16,32 : 483.93"
"16,33 : 413.62"
"16,34 : 368.67"
"16,35 : 547.78"
"16,36 : 39.12"
"16,37 : 681.62"
"16,38 : 515.09"
"16,39 : 332.71"
"16,40 : 797.54"
"16,41 : 701.91"
"16,42 : 530.32"
"16,43 : 463.91"
"16,44 : 265.92"
"16,45 : 505.54"
"16,46 : 240.8"
"16,47 : 661.31"
"16,48 : 530.28"
"16,49 : 764.77"
"17,0 : 748.77"
"17,1 : 433.66"
"17,2 : 692.2"
"17,3 : 775.4"
"17,4 : 656.85"
"17,5 : 792.49"
"17,6 : 949.49"
"17,7 : 161.14"
"17,8 : 959.77"
"17,9 : 562.86"
"17,10 : 408.04"
"17,11 : 191.02"
"17,12 : 518.0"
"17,13 : 857.01"
"17,14 : 912.71"
"17,15 : 909.04"
"17,16 : 509.55"
"17,17 : 0.0"
"17,18 : 759.89"
"17,19 : 749.0"
"17,20 : 33.02"
"17,21 : 314.67"
"17,22 : 1015.01"
"17,23 : 1182.71"
"17,24 : 1086.85"
"17,25 : 531.42"
"17,26 : 68.15"
"17,27 : 488.58"
"17,28 : 971.96"
"17,29 : 931.12"
"17,30 : 1049.37"
"17,31 : 502.65"
"17,32 : 258.7"
"17,33 : 797.46"
"17,34 : 644.46"
"17,35 : 868.34"
"17,36 : 471.5"
"17,37 : 817.69"
"17,38 : 825.19"
"17,39 : 764.59"
"17,40 : 865.97"
"17,41 : 1066.19"
"17,42 : 720.58"
"17,43 : 53.41"
"17,44 : 747.73"
"17,45 : 622.53"
"17,46 : 448.8"
"17,47 : 813.09"
"17,48 : 576.84"
"17,49 : 707.37"
"18,0 : 352.94"
"18,1 : 326.44"
"18,2 : 534.69"
"18,3 : 308.37"
"18,4 : 799.08"
"18,5 : 636.8"
"18,6 : 222.7"
"18,7 : 668.43"
"18,8 : 570.94"
"18,9 : 388.99"
"18,10 : 639.64"
"18,11 : 752.28"
"18,12 : 551.92"
"18,13 : 128.41"
"18,14 : 153.77"
"18,15 : 335.0"
"18,16 : 722.25"
"18,17 : 759.89"
"18,18 : 0.0"
"18,19 : 326.08"
"18,20 : 728.44"
"18,21 : 495.01"
"18,22 : 440.45"
"18,23 : 591.2"
"18,24 : 413.35"
"18,25 : 820.94"
"18,26 : 707.43"
"18,27 : 278.22"
"18,28 : 354.58"
"18,29 : 180.42"
"18,30 : 414.26"
"18,31 : 349.52"
"18,32 : 501.94"
"18,33 : 521.36"
"18,34 : 392.84"
"18,35 : 430.36"
"18,36 : 704.16"
"18,37 : 146.17"
"18,38 : 406.87"
"18,39 : 598.78"
"18,40 : 107.02"
"18,41 : 586.22"
"18,42 : 242.69"
"18,43 : 717.53"
"18,44 : 938.12"
"18,45 : 217.48"
"18,46 : 489.52"
"18,47 : 168.24"
"18,48 : 204.66"
"18,49 : 137.87"
"19,0 : 656.49"
"19,1 : 393.27"
"19,2 : 805.65"
"19,3 : 621.61"
"19,4 : 1023.16"
"19,5 : 921.11"
"19,6 : 517.13"
"19,7 : 724.77"
"19,8 : 891.54"
"19,9 : 624.61"
"19,10 : 803.31"
"19,11 : 659.97"
"19,12 : 763.81"
"19,13 : 285.41"
"19,14 : 407.98"
"19,15 : 661.04"
"19,16 : 912.56"
"19,17 : 749.0"
"19,18 : 326.08"
"19,19 : 0.0"
"19,20 : 716.29"
"19,21 : 600.2"
"19,22 : 764.51"
"19,23 : 907.68"
"19,24 : 715.86"
"19,25 : 1002.0"
"19,26 : 682.78"
"19,27 : 413.11"
"19,28 : 676.75"
"19,29 : 453.81"
"19,30 : 729.61"
"19,31 : 548.02"
"19,32 : 516.89"
"19,33 : 820.19"
"19,34 : 661.43"
"19,35 : 750.0"
"19,36 : 884.02"
"19,37 : 472.0"
"19,38 : 721.84"
"19,39 : 881.19"
"19,40 : 380.06"
"19,41 : 912.29"
"19,42 : 546.06"
"19,43 : 724.8"
"19,44 : 1162.39"
"19,45 : 473.4"
"19,46 : 673.92"
"19,47 : 494.26"
"19,48 : 409.88"
"19,49 : 194.18"
"20,0 : 725.53"
"20,1 : 402.06"
"20,2 : 676.4"
"20,3 : 750.59"
"20,4 : 655.1"
"20,5 : 779.48"
"20,6 : 919.72"
"20,7 : 151.63"
"20,8 : 940.64"
"20,9 : 540.9"
"20,10 : 400.56"
"20,11 : 178.57"
"20,12 : 504.34"
"20,13 : 824.67"
"20,14 : 881.46"
"20,15 : 883.29"
"20,16 : 506.74"
"20,17 : 33.02"
"20,18 : 728.44"
"20,19 : 716.29"
"20,20 : 0.0"
"20,21 : 291.34"
"20,22 : 990.29"
"20,23 : 1158.58"
"20,24 : 1059.41"
"20,25 : 534.73"
"20,26 : 39.05"
"20,27 : 458.39"
"20,28 : 945.57"
"20,29 : 900.41"
"20,30 : 1022.99"
"20,31 : 477.59"
"20,32 : 226.77"
"20,33 : 779.64"
"20,34 : 623.04"
"20,35 : 846.17"
"20,36 : 468.17"
"20,37 : 788.44"
"20,38 : 802.91"
"20,39 : 750.47"
"20,40 : 834.69"
"20,41 : 1045.07"
"20,42 : 694.12"
"20,43 : 43.0"
"20,44 : 750.91"
"20,45 : 594.6"
"20,46 : 430.75"
"20,47 : 784.37"
"20,48 : 547.15"
"20,49 : 674.64"
"21,0 : 434.28"
"21,1 : 208.06"
"21,2 : 402.88"
"21,3 : 461.2"
"21,4 : 475.89"
"21,5 : 517.06"
"21,6 : 656.66"
"21,7 : 181.22"
"21,8 : 653.54"
"21,9 : 250.06"
"21,10 : 217.2"
"21,11 : 410.77"
"21,12 : 251.05"
"21,13 : 611.36"
"21,14 : 639.46"
"21,15 : 596.03"
"21,16 : 338.31"
"21,17 : 314.67"
"21,18 : 495.01"
"21,19 : 600.2"
"21,20 : 291.34"
"21,21 : 0.0"
"21,22 : 700.61"
"21,23 : 868.05"
"21,24 : 778.31"
"21,25 : 414.17"
"21,26 : 290.8"
"21,27 : 219.92"
"21,28 : 660.3"
"21,29 : 649.22"
"21,30 : 737.55"
"21,31 : 189.53"
"21,32 : 153.83"
"21,33 : 496.86"
"21,34 : 332.67"
"21,35 : 554.96"
"21,36 : 303.06"
"21,37 : 521.97"
"21,38 : 511.65"
"21,39 : 483.18"
"21,40 : 594.35"
"21,41 : 754.54"
"21,42 : 409.98"
"21,43 : 262.38"
"21,44 : 603.74"
"21,45 : 320.34"
"21,46 : 156.11"
"21,47 : 513.25"
"21,48 : 292.9"
"21,49 : 486.96"
"22,0 : 271.39"
"22,1 : 647.13"
"22,2 : 428.05"
"22,3 : 239.71"
"22,4 : 716.1"
"22,5 : 444.7"
"22,6 : 276.09"
"22,7 : 874.0"
"22,8 : 228.62"
"22,9 : 459.31"
"22,10 : 712.66"
"22,11 : 1077.51"
"22,12 : 574.9"
"22,13 : 501.37"
"22,14 : 387.88"
"22,15 : 115.88"
"22,16 : 725.06"
"22,17 : 1015.01"
"22,18 : 440.45"
"22,19 : 764.51"
"22,20 : 990.29"
"22,21 : 700.61"
"22,22 : 0.0"
"22,23 : 170.42"
"22,24 : 156.54"
"22,25 : 815.45"
"22,26 : 984.41"
"22,27 : 569.73"
"22,28 : 89.94"
"22,29 : 343.28"
"22,30 : 87.82"
"22,31 : 512.72"
"22,32 : 793.55"
"22,33 : 325.12"
"22,34 : 385.5"
"22,35 : 177.63"
"22,36 : 730.52"
"22,37 : 294.93"
"22,38 : 211.12"
"22,39 : 427.28"
"22,40 : 396.34"
"22,41 : 165.05"
"22,42 : 303.61"
"22,43 : 962.97"
"22,44 : 826.82"
"22,45 : 414.01"
"22,46 : 590.19"
"22,47 : 276.51"
"22,48 : 485.27"
"22,49 : 577.99"
"23,0 : 435.03"
"23,1 : 816.99"
"23,2 : 564.16"
"23,3 : 408.72"
"23,4 : 833.54"
"23,5 : 551.27"
"23,6 : 394.79"
"23,7 : 1039.0"
"23,8 : 306.37"
"23,9 : 623.2"
"23,10 : 864.93"
"23,11 : 1247.9"
"23,12 : 725.47"
"23,13 : 631.06"
"23,14 : 509.48"
"23,15 : 284.93"
"23,16 : 863.63"
"23,17 : 1182.71"
"23,18 : 591.2"
"23,19 : 907.68"
"23,20 : 1158.58"
"23,21 : 868.05"
"23,22 : 170.42"
"23,23 : 0.0"
"23,24 : 205.2"
"23,25 : 948.14"
"23,26 : 1153.56"
"23,27 : 739.81"
"23,28 : 240.03"
"23,29 : 462.35"
"23,30 : 178.08"
"23,31 : 681.34"
"23,32 : 963.83"
"23,33 : 450.82"
"23,34 : 545.83"
"23,35 : 324.42"
"23,36 : 873.71"
"23,37 : 450.26"
"23,38 : 364.78"
"23,39 : 543.9"
"23,40 : 529.13"
"23,41 : 180.9"
"23,42 : 474.01"
"23,43 : 1130.34"
"23,44 : 929.34"
"23,45 : 584.23"
"23,46 : 751.08"
"23,47 : 435.81"
"23,48 : 654.56"
"23,49 : 728.75"
"24,0 : 380.09"
"24,1 : 684.51"
"24,2 : 564.39"
"24,3 : 331.81"
"24,4 : 859.12"
"24,5 : 595.43"
"24,6 : 198.76"
"24,7 : 957.96"
"24,8 : 385.02"
"24,9 : 556.29"
"24,10 : 825.64"
"24,11 : 1124.54"
"24,12 : 692.95"
"24,13 : 433.63"
"24,14 : 310.39"
"24,15 : 196.31"
"24,16 : 853.48"
"24,17 : 1086.85"
"24,18 : 413.35"
"24,19 : 715.86"
"24,20 : 1059.41"
"24,21 : 778.31"
"24,22 : 156.54"
"24,23 : 205.2"
"24,24 : 0.0"
"24,25 : 947.76"
"24,26 : 1048.23"
"24,27 : 612.15"
"24,28 : 127.14"
"24,29 : 263.41"
"24,30 : 68.94"
"24,31 : 589.43"
"24,32 : 847.44"
"24,33 : 471.02"
"24,34 : 494.22"
"24,35 : 318.64"
"24,36 : 854.35"
"24,37 : 287.98"
"24,38 : 342.29"
"24,39 : 574.67"
"24,40 : 336.01"
"24,41 : 304.86"
"24,42 : 368.51"
"24,43 : 1036.91"
"24,44 : 975.38"
"24,45 : 465.13"
"24,46 : 690.39"
"24,47 : 282.87"
"24,48 : 522.04"
"24,49 : 547.07"
"25,0 : 572.5"
"25,1 : 611.07"
"25,2 : 387.52"
"25,3 : 627.69"
"25,4 : 152.8"
"25,5 : 411.0"
"25,6 : 905.03"
"25,7 : 393.73"
"25,8 : 651.46"
"25,9 : 437.09"
"25,10 : 199.4"
"25,11 : 711.35"
"25,12 : 272.94"
"25,13 : 948.95"
"25,14 : 934.26"
"25,15 : 753.04"
"25,16 : 99.72"
"25,17 : 531.42"
"25,18 : 820.94"
"25,19 : 1002.0"
"25,20 : 534.73"
"25,21 : 414.17"
"25,22 : 815.45"
"25,23 : 948.14"
"25,24 : 947.76"
"25,25 : 0.0"
"25,26 : 563.3"
"25,27 : 592.61"
"25,28 : 821.27"
"25,29 : 925.77"
"25,30 : 886.46"
"25,31 : 475.12"
"25,32 : 550.1"
"25,33 : 497.44"
"25,34 : 467.13"
"25,35 : 637.82"
"25,36 : 118.98"
"25,37 : 781.26"
"25,38 : 607.23"
"25,39 : 407.89"
"25,40 : 897.14"
"25,41 : 781.18"
"25,42 : 629.73"
"25,43 : 491.97"
"25,44 : 216.33"
"25,45 : 604.63"
"25,46 : 335.8"
"25,47 : 760.8"
"25,48 : 626.98"
"25,49 : 859.69"
"26,0 : 722.66"
"26,1 : 381.32"
"26,2 : 684.73"
"26,3 : 744.91"
"26,4 : 679.05"
"26,5 : 791.12"
"26,6 : 903.37"
"26,7 : 173.03"
"26,8 : 943.83"
"26,9 : 540.71"
"26,10 : 419.89"
"26,11 : 148.1"
"26,12 : 516.04"
"26,13 : 800.05"
"26,14 : 860.95"
"26,15 : 875.66"
"26,16 : 530.14"
"26,17 : 68.15"
"26,18 : 707.43"
"26,19 : 682.78"
"26,20 : 39.05"
"26,21 : 290.8"
"26,22 : 984.41"
"26,23 : 1153.56"
"26,24 : 1048.23"
"26,25 : 563.3"
"26,26 : 0.0"
"26,27 : 441.9"
"26,28 : 936.62"
"26,29 : 881.54"
"26,30 : 1013.97"
"26,31 : 472.35"
"26,32 : 206.16"
"26,33 : 784.97"
"26,34 : 623.43"
"26,35 : 844.84"
"26,36 : 491.23"
"26,37 : 773.53"
"26,38 : 801.45"
"26,39 : 760.79"
"26,40 : 814.14"
"26,41 : 1045.11"
"26,42 : 685.46"
"26,43 : 74.32"
"26,44 : 778.94"
"26,45 : 583.13"
"26,46 : 437.06"
"26,47 : 770.72"
"26,48 : 531.69"
"26,49 : 648.0"
"27,0 : 342.72"
"27,1 : 78.26"
"27,2 : 422.37"
"27,3 : 341.69"
"27,4 : 610.8"
"27,5 : 544.61"
"27,6 : 461.58"
"27,7 : 390.23"
"27,8 : 594.53"
"27,9 : 229.71"
"27,10 : 396.45"
"27,11 : 512.91"
"27,12 : 351.81"
"27,13 : 391.57"
"27,14 : 427.53"
"27,15 : 455.03"
"27,16 : 500.68"
"27,17 : 488.58"
"27,18 : 278.22"
"27,19 : 413.11"
"27,20 : 458.39"
"27,21 : 219.92"
"27,22 : 569.73"
"27,23 : 739.81"
"27,24 : 612.15"
"27,25 : 592.61"
"27,26 : 441.9"
"27,27 : 0.0"
"27,28 : 508.82"
"27,29 : 443.12"
"27,30 : 584.83"
"27,31 : 141.03"
"27,32 : 237.02"
"27,33 : 472.05"
"27,34 : 291.29"
"27,35 : 465.89"
"27,36 : 473.81"
"27,37 : 332.02"
"27,38 : 425.05"
"27,39 : 504.83"
"27,40 : 381.3"
"27,41 : 665.33"
"27,42 : 267.23"
"27,43 : 443.37"
"27,44 : 749.6"
"27,45 : 155.87"
"27,46 : 260.95"
"27,47 : 330.85"
"27,48 : 90.44"
"27,49 : 271.81"
"28,0 : 253.03"
"28,1 : 584.41"
"28,2 : 439.65"
"28,3 : 206.19"
"28,4 : 735.96"
"28,5 : 479.48"
"28,6 : 187.93"
"28,7 : 838.32"
"28,8 : 293.47"
"28,9 : 431.65"
"28,10 : 699.03"
"28,11 : 1021.07"
"28,12 : 565.86"
"28,13 : 411.47"
"28,14 : 298.32"
"28,15 : 69.23"
"28,16 : 726.59"
"28,17 : 971.96"
"28,18 : 354.58"
"28,19 : 676.75"
"28,20 : 945.57"
"28,21 : 660.3"
"28,22 : 89.94"
"28,23 : 240.03"
"28,24 : 127.14"
"28,25 : 821.27"
"28,26 : 936.62"
"28,27 : 508.82"
"28,28 : 0.0"
"28,29 : 254.26"
"28,30 : 77.42"
"28,31 : 470.77"
"28,32 : 739.74"
"28,33 : 351.92"
"28,34 : 367.5"
"28,35 : 199.86"
"28,36 : 727.22"
"28,37 : 211.01"
"28,38 : 218.21"
"28,39 : 455.64"
"28,40 : 306.47"
"28,41 : 252.39"
"28,42 : 251.45"
"28,43 : 921.08"
"28,44 : 855.52"
"28,45 : 355.83"
"28,46 : 565.59"
"28,47 : 195.78"
"28,48 : 420.86"
"28,49 : 492.45"
"29,0 : 381.76"
"29,1 : 500.57"
"29,2 : 587.07"
"29,3 : 324.27"
"29,4 : 876.87"
"29,5 : 665.21"
"29,6 : 68.36"
"29,7 : 828.2"
"29,8 : 531.75"
"29,9 : 490.33"
"29,10 : 762.21"
"29,11 : 931.93"
"29,12 : 652.99"
"29,13 : 170.23"
"29,14 : 47.17"
"29,15 : 271.58"
"29,16 : 826.1"
"29,17 : 931.12"
"29,18 : 180.42"
"29,19 : 453.81"
"29,20 : 900.41"
"29,21 : 649.22"
"29,22 : 343.28"
"29,23 : 462.35"
"29,24 : 263.41"
"29,25 : 925.77"
"29,26 : 881.54"
"29,27 : 443.12"
"29,28 : 254.26"
"29,29 : 0.0"
"29,30 : 287.39"
"29,31 : 480.01"
"29,32 : 675.4"
"29,33 : 537.27"
"29,34 : 464.09"
"29,35 : 406.86"
"29,36 : 814.88"
"29,37 : 144.64"
"29,38 : 401.2"
"29,39 : 632.29"
"29,40 : 79.2"
"29,41 : 506.6"
"29,42 : 297.57"
"29,43 : 886.48"
"29,44 : 1010.39"
"29,45 : 337.01"
"29,46 : 612.05"
"29,47 : 166.94"
"29,48 : 358.05"
"29,49 : 297.25"
"30,0 : 324.72"
"30,1 : 659.83"
"30,2 : 501.05"
"30,3 : 281.26"
"30,4 : 793.98"
"30,5 : 527.68"
"30,6 : 219.15"
"30,7 : 915.26"
"30,8 : 316.43"
"30,9 : 506.85"
"30,10 : 771.3"
"30,11 : 1097.46"
"30,12 : 636.37"
"30,13 : 454.36"
"30,14 : 334.18"
"30,15 : 143.27"
"30,16 : 793.47"
"30,17 : 1049.37"
"30,18 : 414.26"
"30,19 : 729.61"
"30,20 : 1022.99"
"30,21 : 737.55"
"30,22 : 87.82"
"30,23 : 178.08"
"30,24 : 68.94"
"30,25 : 886.46"
"30,26 : 1013.97"
"30,27 : 584.83"
"30,28 : 77.42"
"30,29 : 287.39"
"30,30 : 0.0"
"30,31 : 548.02"
"30,32 : 816.67"
"30,33 : 404.49"
"30,34 : 440.03"
"30,35 : 252.79"
"30,36 : 796.02"
"30,37 : 276.38"
"30,38 : 279.35"
"30,39 : 507.87"
"30,40 : 351.55"
"30,41 : 242.61"
"30,42 : 328.87"
"30,43 : 998.46"
"30,44 : 908.47"
"30,45 : 432.67"
"30,46 : 640.46"
"30,47 : 265.0"
"30,48 : 496.23"
"30,49 : 551.42"
"31,0 : 251.81"
"31,1 : 200.21"
"31,2 : 285.28"
"31,3 : 273.01"
"31,4 : 476.07"
"31,5 : 408.07"
"31,6 : 478.3"
"31,7 : 368.54"
"31,8 : 489.25"
"31,9 : 93.02"
"31,10 : 290.13"
"31,11 : 575.23"
"31,12 : 217.11"
"31,13 : 476.14"
"31,14 : 478.03"
"31,15 : 406.67"
"31,16 : 378.34"
"31,17 : 502.65"
"31,18 : 349.52"
"31,19 : 548.02"
"31,20 : 477.59"
"31,21 : 189.53"
"31,22 : 512.72"
"31,23 : 681.34"
"31,24 : 589.43"
"31,25 : 475.12"
"31,26 : 472.35"
"31,27 : 141.03"
"31,28 : 470.77"
"31,29 : 480.01"
"31,30 : 548.02"
"31,31 : 0.0"
"31,32 : 291.61"
"31,33 : 348.92"
"31,34 : 167.87"
"31,35 : 376.12"
"31,36 : 356.88"
"31,37 : 343.7"
"31,38 : 332.82"
"31,39 : 368.86"
"31,40 : 436.15"
"31,41 : 578.28"
"31,42 : 220.93"
"31,43 : 451.05"
"31,44 : 615.92"
"31,45 : 143.0"
"31,46 : 140.39"
"31,47 : 331.44"
"31,48 : 151.95"
"31,49 : 387.66"
"32,0 : 542.23"
"32,1 : 175.51"
"32,2 : 546.97"
"32,3 : 556.48"
"32,4 : 626.04"
"32,5 : 664.82"
"32,6 : 697.78"
"32,7 : 208.85"
"32,8 : 779.6"
"32,9 : 374.39"
"32,10 : 361.37"
"32,11 : 284.8"
"32,12 : 404.15"
"32,13 : 598.65"
"32,14 : 655.23"
"32,15 : 681.66"
"32,16 : 483.93"
"32,17 : 258.7"
"32,18 : 501.94"
"32,19 : 516.89"
"32,20 : 226.77"
"32,21 : 153.83"
"32,22 : 793.55"
"32,23 : 963.83"
"32,24 : 847.44"
"32,25 : 550.1"
"32,26 : 206.16"
"32,27 : 237.02"
"32,28 : 739.74"
"32,29 : 675.4"
"32,30 : 816.67"
"32,31 : 291.61"
"32,32 : 0.0"
"32,33 : 631.58"
"32,34 : 456.01"
"32,35 : 667.18"
"32,36 : 446.71"
"32,37 : 569.04"
"32,38 : 624.02"
"32,39 : 629.34"
"32,40 : 608.42"
"32,41 : 869.52"
"32,42 : 490.76"
"32,43 : 220.33"
"32,44 : 749.7"
"32,45 : 384.01"
"32,46 : 306.37"
"32,47 : 567.47"
"32,48 : 327.34"
"32,49 : 451.25"
"33,0 : 168.43"
"33,1 : 543.62"
"33,2 : 116.62"
"33,3 : 218.34"
"33,4 : 391.01"
"33,5 : 129.77"
"33,6 : 491.19"
"33,7 : 640.18"
"33,8 : 166.83"
"33,9 : 258.57"
"33,10 : 429.61"
"33,11 : 906.91"
"33,12 : 292.0"
"33,13 : 635.4"
"33,14 : 565.25"
"33,15 : 291.93"
"33,16 : 413.62"
"33,17 : 797.46"
"33,18 : 521.36"
"33,19 : 820.19"
"33,20 : 779.64"
"33,21 : 496.86"
"33,22 : 325.12"
"33,23 : 450.82"
"33,24 : 471.02"
"33,25 : 497.44"
"33,26 : 784.97"
"33,27 : 472.05"
"33,28 : 351.92"
"33,29 : 537.27"
"33,30 : 404.49"
"33,31 : 348.92"
"33,32 : 631.58"
"33,33 : 0.0"
"33,34 : 182.1"
"33,35 : 152.61"
"33,36 : 426.24"
"33,37 : 408.32"
"33,38 : 139.19"
"33,39 : 103.81"
"33,40 : 545.74"
"33,41 : 290.03"
"33,42 : 279.25"
"33,43 : 744.11"
"33,44 : 504.41"
"33,45 : 351.01"
"33,46 : 348.91"
"33,47 : 381.32"
"33,48 : 425.31"
"33,49 : 629.38"
"34,0 : 115.43"
"34,1 : 361.67"
"34,2 : 145.06"
"34,3 : 163.78"
"34,4 : 414.12"
"34,5 : 260.55"
"34,6 : 438.55"
"34,7 : 495.04"
"34,8 : 323.8"
"34,9 : 82.93"
"34,10 : 331.55"
"34,11 : 736.54"
"34,12 : 200.3"
"34,13 : 518.35"
"34,14 : 478.6"
"34,15 : 298.33"
"34,16 : 368.67"
"34,17 : 644.46"
"34,18 : 392.84"
"34,19 : 661.43"
"34,20 : 623.04"
"34,21 : 332.67"
"34,22 : 385.5"
"34,23 : 545.83"
"34,24 : 494.22"
"34,25 : 467.13"
"34,26 : 623.43"
"34,27 : 291.29"
"34,28 : 367.5"
"34,29 : 464.09"
"34,30 : 440.03"
"34,31 : 167.87"
"34,32 : 456.01"
"34,33 : 182.1"
"34,34 : 0.0"
"34,35 : 224.64"
"34,36 : 364.02"
"34,37 : 319.95"
"34,38 : 182.1"
"34,39 : 220.42"
"34,40 : 447.02"
"34,41 : 422.04"
"34,42 : 166.77"
"34,43 : 591.28"
"34,44 : 550.37"
"34,45 : 189.0"
"34,46 : 205.32"
"34,47 : 297.27"
"34,48 : 254.34"
"34,49 : 478.17"
"35,0 : 125.3"
"35,1 : 543.66"
"35,2 : 250.46"
"35,3 : 132.14"
"35,4 : 541.2"
"35,5 : 279.63"
"35,6 : 353.16"
"35,7 : 719.67"
"35,8 : 141.57"
"35,9 : 305.47"
"35,10 : 540.93"
"35,11 : 951.31"
"35,12 : 401.8"
"35,13 : 528.61"
"35,14 : 441.0"
"35,15 : 143.96"
"35,16 : 547.78"
"35,17 : 868.34"
"35,18 : 430.36"
"35,19 : 750.0"
"35,20 : 846.17"
"35,21 : 554.96"
"35,22 : 177.63"
"35,23 : 324.42"
"35,24 : 318.64"
"35,25 : 637.82"
"35,26 : 844.84"
"35,27 : 465.89"
"35,28 : 199.86"
"35,29 : 406.86"
"35,30 : 252.79"
"35,31 : 376.12"
"35,32 : 667.18"
"35,33 : 152.61"
"35,34 : 224.64"
"35,35 : 0.0"
"35,36 : 554.25"
"35,37 : 296.1"
"35,38 : 43.42"
"35,39 : 256.42"
"35,40 : 429.95"
"35,41 : 202.37"
"35,42 : 212.53"
"35,43 : 815.3"
"35,44 : 656.99"
"35,45 : 316.83"
"35,46 : 428.6"
"35,47 : 269.39"
"35,48 : 395.59"
"35,49 : 555.84"
"36,0 : 474.86"
"36,1 : 494.38"
"36,2 : 310.29"
"36,3 : 527.38"
"36,4 : 188.13"
"36,5 : 365.94"
"36,6 : 797.76"
"36,7 : 318.23"
"36,8 : 589.41"
"36,9 : 324.58"
"36,10 : 85.96"
"36,11 : 638.01"
"36,12 : 164.15"
"36,13 : 831.85"
"36,14 : 821.23"
"36,15 : 658.17"
"36,16 : 39.12"
"36,17 : 471.5"
"36,18 : 704.16"
"36,19 : 884.02"
"36,20 : 468.17"
"36,21 : 303.06"
"36,22 : 730.52"
"36,23 : 873.71"
"36,24 : 854.35"
"36,25 : 118.98"
"36,26 : 491.23"
"36,27 : 473.81"
"36,28 : 727.22"
"36,29 : 814.88"
"36,30 : 796.02"
"36,31 : 356.88"
"36,32 : 446.71"
"36,33 : 426.24"
"36,34 : 364.02"
"36,35 : 554.25"
"36,36 : 0.0"
"36,37 : 670.93"
"36,38 : 519.58"
"36,39 : 351.81"
"36,40 : 782.96"
"36,41 : 716.01"
"36,42 : 521.46"
"36,43 : 425.39"
"36,44 : 303.06"
"36,45 : 488.89"
"36,46 : 217.08"
"36,47 : 651.67"
"36,48 : 508.55"
"36,49 : 740.74"
"37,0 : 244.93"
"37,1 : 400.41"
"37,2 : 446.91"
"37,3 : 190.21"
"37,4 : 733.51"
"37,5 : 532.85"
"37,6 : 134.94"
"37,7 : 702.95"
"37,8 : 433.42"
"37,9 : 346.63"
"37,10 : 620.29"
"37,11 : 840.53"
"37,12 : 508.6"
"37,13 : 232.56"
"37,14 : 160.61"
"37,15 : 189.13"
"37,16 : 681.62"
"37,17 : 817.69"
"37,18 : 146.17"
"37,19 : 472.0"
"37,20 : 788.44"
"37,21 : 521.97"
"37,22 : 294.93"
"37,23 : 450.26"
"37,24 : 287.98"
"37,25 : 781.26"
"37,26 : 773.53"
"37,27 : 332.02"
"37,28 : 211.01"
"37,29 : 144.64"
"37,30 : 276.38"
"37,31 : 343.7"
"37,32 : 569.04"
"37,33 : 408.32"
"37,34 : 319.95"
"37,35 : 296.1"
"37,36 : 670.93"
"37,37 : 0.0"
"37,38 : 279.85"
"37,39 : 497.86"
"37,40 : 137.44"
"37,41 : 440.6"
"37,42 : 153.21"
"37,43 : 770.26"
"37,44 : 868.1"
"37,45 : 202.41"
"37,46 : 471.11"
"37,47 : 27.2"
"37,48 : 241.87"
"37,49 : 283.17"
"38,0 : 82.86"
"38,1 : 502.51"
"38,2 : 222.11"
"38,3 : 100.22"
"38,4 : 517.75"
"38,5 : 268.96"
"38,6 : 352.7"
"38,7 : 677.07"
"38,8 : 174.1"
"38,9 : 262.36"
"38,10 : 502.54"
"38,11 : 908.04"
"38,12 : 364.13"
"38,13 : 511.59"
"38,14 : 431.86"
"38,15 : 154.4"
"38,16 : 515.09"
"38,17 : 825.19"
"38,18 : 406.87"
"38,19 : 721.84"
"38,20 : 802.91"
"38,21 : 511.65"
"38,22 : 211.12"
"38,23 : 364.78"
"38,24 : 342.29"
"38,25 : 607.23"
"38,26 : 801.45"
"38,27 : 425.05"
"38,28 : 218.21"
"38,29 : 401.2"
"38,30 : 279.35"
"38,31 : 332.82"
"38,32 : 624.02"
"38,33 : 139.19"
"38,34 : 182.1"
"38,35 : 43.42"
"38,36 : 519.58"
"38,37 : 279.85"
"38,38 : 0.0"
"38,39 : 240.85"
"38,40 : 416.43"
"38,41 : 245.51"
"38,42 : 178.4"
"38,43 : 772.19"
"38,44 : 638.42"
"38,45 : 278.34"
"38,46 : 386.76"
"38,47 : 252.67"
"38,48 : 357.26"
"38,49 : 527.82"
"39,0 : 252.96"
"39,1 : 569.07"
"39,2 : 84.01"
"39,3 : 308.64"
"39,4 : 290.76"
"39,5 : 40.16"
"39,6 : 589.67"
"39,7 : 603.95"
"39,8 : 243.58"
"39,9 : 276.23"
"39,10 : 372.47"
"39,11 : 892.08"
"39,12 : 246.61"
"39,13 : 718.48"
"39,14 : 657.34"
"39,15 : 394.8"
"39,16 : 332.71"
"39,17 : 764.59"
"39,18 : 598.78"
"39,19 : 881.19"
"39,20 : 750.47"
"39,21 : 483.18"
"39,22 : 427.28"
"39,23 : 543.9"
"39,24 : 574.67"
"39,25 : 407.89"
"39,26 : 760.79"
"39,27 : 504.83"
"39,28 : 455.64"
"39,29 : 632.29"
"39,30 : 507.87"
"39,31 : 368.86"
"39,32 : 629.34"
"39,33 : 103.81"
"39,34 : 220.42"
"39,35 : 256.42"
"39,36 : 351.81"
"39,37 : 497.86"
"39,38 : 240.85"
"39,39 : 0.0"
"39,40 : 634.26"
"39,41 : 373.47"
"39,42 : 357.19"
"39,43 : 712.04"
"39,44 : 400.71"
"39,45 : 407.87"
"39,46 : 327.48"
"39,47 : 471.43"
"39,48 : 474.72"
"39,49 : 695.47"
"40,0 : 381.37"
"40,1 : 432.92"
"40,2 : 580.24"
"40,3 : 327.52"
"40,4 : 860.77"
"40,5 : 669.74"
"40,6 : 137.27"
"40,7 : 770.52"
"40,8 : 563.65"
"40,9 : 460.18"
"40,10 : 724.26"
"40,11 : 858.72"
"40,12 : 624.71"
"40,13 : 105.08"
"40,14 : 46.82"
"40,15 : 308.01"
"40,16 : 797.54"
"40,17 : 865.97"
"40,18 : 107.02"
"40,19 : 380.06"
"40,20 : 834.69"
"40,21 : 594.35"
"40,22 : 396.34"
"40,23 : 529.13"
"40,24 : 336.01"
"40,25 : 897.14"
"40,26 : 814.14"
"40,27 : 381.3"
"40,28 : 306.47"
"40,29 : 79.2"
"40,30 : 351.55"
"40,31 : 436.15"
"40,32 : 608.42"
"40,33 : 545.74"
"40,34 : 447.02"
"40,35 : 429.95"
"40,36 : 782.96"
"40,37 : 137.44"
"40,38 : 416.43"
"40,39 : 634.26"
"40,40 : 0.0"
"40,41 : 554.84"
"40,42 : 282.35"
"40,43 : 822.94"
"40,44 : 997.38"
"40,45 : 295.37"
"40,46 : 573.25"
"40,47 : 164.54"
"40,48 : 301.48"
"40,49 : 218.08"
"41,0 : 327.59"
"41,1 : 743.46"
"41,2 : 406.59"
"41,3 : 324.57"
"41,4 : 659.39"
"41,5 : 376.18"
"41,6 : 440.19"
"41,7 : 914.3"
"41,8 : 130.25"
"41,9 : 504.48"
"41,10 : 717.79"
"41,11 : 1153.51"
"41,12 : 578.71"
"41,13 : 659.73"
"41,14 : 550.18"
"41,15 : 251.51"
"41,16 : 701.91"
"41,17 : 1066.19"
"41,18 : 586.22"
"41,19 : 912.29"
"41,20 : 1045.07"
"41,21 : 754.54"
"41,22 : 165.05"
"41,23 : 180.9"
"41,24 : 304.86"
"41,25 : 781.18"
"41,26 : 1045.11"
"41,27 : 665.33"
"41,28 : 252.39"
"41,29 : 506.6"
"41,30 : 242.61"
"41,31 : 578.28"
"41,32 : 869.52"
"41,33 : 290.03"
"41,34 : 422.04"
"41,35 : 202.37"
"41,36 : 716.01"
"41,37 : 440.6"
"41,38 : 245.51"
"41,39 : 373.47"
"41,40 : 554.84"
"41,41 : 0.0"
"41,42 : 403.27"
"41,43 : 1012.91"
"41,44 : 750.23"
"41,45 : 512.79"
"41,46 : 620.97"
"41,47 : 418.06"
"41,48 : 590.4"
"41,49 : 721.1"
"42,0 : 111.49"
"42,1 : 345.23"
"42,2 : 298.3"
"42,3 : 80.5"
"42,4 : 580.63"
"42,5 : 394.66"
"42,6 : 276.32"
"42,7 : 589.46"
"42,8 : 352.05"
"42,9 : 200.06"
"42,10 : 476.24"
"42,11 : 774.15"
"42,12 : 357.95"
"42,13 : 361.45"
"42,14 : 312.17"
"42,15 : 190.92"
"42,16 : 530.32"
"42,17 : 720.58"
"42,18 : 242.69"
"42,19 : 546.06"
"42,20 : 694.12"
"42,21 : 409.98"
"42,22 : 303.61"
"42,23 : 474.01"
"42,24 : 368.51"
"42,25 : 629.73"
"42,26 : 685.46"
"42,27 : 267.23"
"42,28 : 251.45"
"42,29 : 297.57"
"42,30 : 328.87"
"42,31 : 220.93"
"42,32 : 490.76"
"42,33 : 279.25"
"42,34 : 166.77"
"42,35 : 212.53"
"42,36 : 521.46"
"42,37 : 153.21"
"42,38 : 178.4"
"42,39 : 357.19"
"42,40 : 282.35"
"42,41 : 403.27"
"42,42 : 0.0"
"42,43 : 669.88"
"42,44 : 715.96"
"42,45 : 111.51"
"42,46 : 331.07"
"42,47 : 131.22"
"42,48 : 187.39"
"42,49 : 352.93"
"43,0 : 696.1"
"43,1 : 392.59"
"43,2 : 639.18"
"43,3 : 723.49"
"43,4 : 612.18"
"43,5 : 740.35"
"43,6 : 902.85"
"43,7 : 110.06"
"43,8 : 906.35"
"43,9 : 509.84"
"43,10 : 358.71"
"43,11 : 220.29"
"43,12 : 465.55"
"43,13 : 818.26"
"43,14 : 869.55"
"43,15 : 857.68"
"43,16 : 463.91"
"43,17 : 53.41"
"43,18 : 717.53"
"43,19 : 724.8"
"43,20 : 43.0"
"43,21 : 262.38"
"43,22 : 962.97"
"43,23 : 1130.34"
"43,24 : 1036.91"
"43,25 : 491.97"
"43,26 : 74.32"
"43,27 : 443.37"
"43,28 : 921.08"
"43,29 : 886.48"
"43,30 : 998.46"
"43,31 : 451.05"
"43,32 : 220.33"
"43,33 : 744.11"
"43,34 : 591.28"
"43,35 : 815.3"
"43,36 : 425.39"
"43,37 : 770.26"
"43,38 : 772.19"
"43,39 : 712.04"
"43,40 : 822.94"
"43,41 : 1012.91"
"43,42 : 669.88"
"43,43 : 0.0"
"43,44 : 708.08"
"43,45 : 573.43"
"43,46 : 395.41"
"43,47 : 764.85"
"43,48 : 530.43"
"43,49 : 671.54"
"44,0 : 631.39"
"44,1 : 783.28"
"44,2 : 425.06"
"44,3 : 689.7"
"44,4 : 140.19"
"44,5 : 382.6"
"44,6 : 976.41"
"44,7 : 608.11"
"44,8 : 623.08"
"44,9 : 551.77"
"44,10 : 388.4"
"44,11 : 927.04"
"44,12 : 398.93"
"44,13 : 1065.69"
"44,14 : 1028.06"
"44,15 : 792.77"
"44,16 : 265.92"
"44,17 : 747.73"
"44,18 : 938.12"
"44,19 : 1162.39"
"44,20 : 750.91"
"44,21 : 603.74"
"44,22 : 826.82"
"44,23 : 929.34"
"44,24 : 975.38"
"44,25 : 216.33"
"44,26 : 778.94"
"44,27 : 749.6"
"44,28 : 855.52"
"44,29 : 1010.39"
"44,30 : 908.47"
"44,31 : 615.92"
"44,32 : 749.7"
"44,33 : 504.41"
"44,34 : 550.37"
"44,35 : 656.99"
"44,36 : 303.06"
"44,37 : 868.1"
"44,38 : 638.42"
"44,39 : 400.71"
"44,40 : 997.38"
"44,41 : 750.23"
"44,42 : 715.96"
"44,43 : 708.08"
"44,44 : 0.0"
"44,45 : 722.63"
"44,46 : 490.28"
"44,47 : 843.9"
"44,48 : 763.63"
"44,49 : 1001.43"
"45,0 : 199.25"
"45,1 : 233.75"
"45,2 : 334.01"
"45,3 : 188.22"
"45,4 : 583.03"
"45,5 : 447.73"
"45,6 : 337.34"
"45,7 : 501.54"
"45,8 : 451.67"
"45,9 : 171.72"
"45,10 : 428.91"
"45,11 : 665.55"
"45,12 : 334.52"
"45,13 : 345.89"
"45,14 : 336.03"
"45,15 : 299.74"
"45,16 : 505.54"
"45,17 : 622.53"
"45,18 : 217.48"
"45,19 : 473.4"
"45,20 : 594.6"
"45,21 : 320.34"
"45,22 : 414.01"
"45,23 : 584.23"
"45,24 : 465.13"
"45,25 : 604.63"
"45,26 : 583.13"
"45,27 : 155.87"
"45,28 : 355.83"
"45,29 : 337.01"
"45,30 : 432.67"
"45,31 : 143.0"
"45,32 : 384.01"
"45,33 : 351.01"
"45,34 : 189.0"
"45,35 : 316.83"
"45,36 : 488.89"
"45,37 : 202.41"
"45,38 : 278.34"
"45,39 : 407.87"
"45,40 : 295.37"
"45,41 : 512.79"
"45,42 : 111.51"
"45,43 : 573.43"
"45,44 : 722.63"
"45,45 : 0.0"
"45,46 : 277.91"
"45,47 : 192.92"
"45,48 : 78.92"
"45,49 : 289.29"
"46,0 : 318.9"
"46,1 : 294.29"
"46,2 : 248.47"
"46,3 : 359.44"
"46,4 : 353.07"
"46,5 : 360.98"
"46,6 : 603.27"
"46,7 : 293.55"
"46,8 : 511.17"
"46,9 : 134.1"
"46,10 : 151.01"
"46,11 : 564.85"
"46,12 : 101.39"
"46,13 : 616.46"
"46,14 : 613.71"
"46,15 : 497.33"
"46,16 : 240.8"
"46,17 : 448.8"
"46,18 : 489.52"
"46,19 : 673.92"
"46,20 : 430.75"
"46,21 : 156.11"
"46,22 : 590.19"
"46,23 : 751.08"
"46,24 : 690.39"
"46,25 : 335.8"
"46,26 : 437.06"
"46,27 : 260.95"
"46,28 : 565.59"
"46,29 : 612.05"
"46,30 : 640.46"
"46,31 : 140.39"
"46,32 : 306.37"
"46,33 : 348.91"
"46,34 : 205.32"
"46,35 : 428.6"
"46,36 : 217.08"
"46,37 : 471.11"
"46,38 : 386.76"
"46,39 : 327.48"
"46,40 : 573.25"
"46,41 : 620.97"
"46,42 : 331.07"
"46,43 : 395.41"
"46,44 : 490.28"
"46,45 : 277.91"
"46,46 : 0.0"
"46,47 : 455.16"
"46,48 : 291.58"
"46,49 : 524.19"
"47,0 : 218.65"
"47,1 : 401.88"
"47,2 : 421.72"
"47,3 : 163.38"
"47,4 : 709.98"
"47,5 : 506.19"
"47,6 : 148.12"
"47,7 : 694.46"
"47,8 : 407.33"
"47,9 : 328.2"
"47,10 : 603.27"
"47,11 : 842.13"
"47,12 : 488.63"
"47,13 : 259.47"
"47,14 : 186.23"
"47,15 : 167.24"
"47,16 : 661.31"
"47,17 : 813.09"
"47,18 : 168.24"
"47,19 : 494.26"
"47,20 : 784.37"
"47,21 : 513.25"
"47,22 : 276.51"
"47,23 : 435.81"
"47,24 : 282.87"
"47,25 : 760.8"
"47,26 : 770.72"
"47,27 : 330.85"
"47,28 : 195.78"
"47,29 : 166.94"
"47,30 : 265.0"
"47,31 : 331.44"
"47,32 : 567.47"
"47,33 : 381.32"
"47,34 : 297.27"
"47,35 : 269.39"
"47,36 : 651.67"
"47,37 : 27.2"
"47,38 : 252.67"
"47,39 : 471.43"
"47,40 : 164.54"
"47,41 : 418.06"
"47,42 : 131.22"
"47,43 : 764.85"
"47,44 : 843.9"
"47,45 : 192.92"
"47,46 : 455.16"
"47,47 : 0.0"
"47,48 : 240.42"
"47,49 : 303.6"
"48,0 : 277.87"
"48,1 : 163.6"
"48,2 : 396.85"
"48,3 : 266.08"
"48,4 : 623.45"
"48,5 : 514.86"
"48,6 : 372.65"
"48,7 : 470.38"
"48,8 : 530.52"
"48,9 : 215.84"
