x,y
606,654
355,1000
532,769
336,686
928,166
724,410
667,869
352,453
162,427
372,376
219,812
181,237
384,534
590,135
760,314
417,796
46,46
164,424
208,782
759,402
94,265
641,327
647,516
314,152
529,956
300,396
828,471
173,771
325,510
895,451
144,85
201,612
806,682
612,805
275,31
690,333
430,246
708,373
452,160
388,701
701,984
940,588
924,673
135,350
791,331
832,573
813,732
64,756
170,638
910,801

Distanze
"0,0 : 0.0"
"0,1 : 427.45"
"0,2 : 136.75"
"0,3 : 271.89"
"0,4 : 584.66"
"0,5 : 271.04"
"0,6 : 223.49"
"0,7 : 323.91"
"0,8 : 498.66"
"0,9 : 363.37"
"0,10 : 418.01"
"0,11 : 595.41"
"0,12 : 252.36"
"0,13 : 519.25"
"0,14 : 373.25"
"0,15 : 236.4"
"0,16 : 826.6"
"0,17 : 498.26"
"0,18 : 418.08"
"0,19 : 294.81"
"0,20 : 643.01"
"0,21 : 328.87"
"0,22 : 143.96"
"0,23 : 580.75"
"0,24 : 311.66"
"0,25 : 400.25"
"0,26 : 287.7"
"0,27 : 448.53"
"0,28 : 315.75"
"0,29 : 353.17"
"0,30 : 732.94"
"0,31 : 407.17"
"0,32 : 201.95"
"0,33 : 151.12"
"0,34 : 705.47"
"0,35 : 331.81"
"0,36 : 444.34"
"0,37 : 298.94"
"0,38 : 517.45"
"0,39 : 223.01"
"0,40 : 343.4"
"0,41 : 340.46"
"0,42 : 318.57"
"0,43 : 560.59"
"0,44 : 372.23"
"0,45 : 240.08"
"0,46 : 221.21"
"0,47 : 551.51"
"0,48 : 436.29"
"0,49 : 337.68"
"1,0 : 427.45"
"1,1 : 0.0"
"1,2 : 291.02"
"1,3 : 314.57"
"1,4 : 1011.87"
"1,5 : 695.89"
"1,6 : 338.39"
"1,7 : 547.01"
"1,8 : 604.63"
"1,9 : 624.23"
"1,10 : 232.03"
"1,11 : 782.59"
"1,12 : 466.9"
"1,13 : 896.35"
"1,14 : 796.63"
"1,15 : 213.21"
"1,16 : 1002.79"
"1,17 : 606.84"
"1,18 : 262.93"
"1,19 : 721.68"
"1,20 : 779.97"
"1,21 : 731.25"
"1,22 : 565.26"
"1,23 : 848.99"
"1,24 : 179.48"
"1,25 : 606.5"
"1,26 : 709.63"
"1,27 : 292.51"
"1,28 : 490.92"
"1,29 : 770.07"
"1,30 : 939.01"
"1,31 : 417.44"
"1,32 : 551.84"
"1,33 : 322.61"
"1,34 : 972.3"
"1,35 : 746.4"
"1,36 : 757.72"
"1,37 : 719.54"
"1,38 : 845.58"
"1,39 : 300.82"
"1,40 : 346.37"
"1,41 : 715.52"
"1,42 : 656.27"
"1,43 : 686.22"
"1,44 : 798.53"
"1,45 : 640.2"
"1,46 : 530.65"
"1,47 : 379.76"
"1,48 : 406.53"
"1,49 : 589.6"
"2,0 : 136.75"
"2,1 : 291.02"
"2,2 : 0.0"
"2,3 : 212.85"
"2,4 : 721.4"
"2,5 : 407.12"
"2,6 : 168.0"
"2,7 : 363.67"
"2,8 : 503.85"
"2,9 : 424.32"
"2,10 : 315.94"
"2,11 : 637.36"
"2,12 : 277.72"
"2,13 : 636.65"
"2,14 : 508.93"
"2,15 : 118.13"
"2,16 : 871.16"
"2,17 : 504.43"
"2,18 : 324.26"
"2,19 : 431.53"
"2,20 : 667.73"
"2,21 : 455.24"
"2,22 : 277.91"
"2,23 : 654.38"
"2,24 : 187.02"
"2,25 : 439.26"
"2,26 : 420.02"
"2,27 : 359.01"
"2,28 : 331.56"
"2,29 : 482.59"
"2,30 : 786.38"
"2,31 : 366.35"
"2,32 : 287.48"
"2,33 : 87.73"
"2,34 : 781.47"
"2,35 : 463.75"
"2,36 : 532.85"
"2,37 : 433.35"
"2,38 : 614.23"
"2,39 : 159.25"
"2,40 : 273.47"
"2,41 : 446.35"
"2,42 : 403.58"
"2,43 : 577.21"
"2,44 : 508.85"
"2,45 : 358.35"
"2,46 : 283.43"
"2,47 : 468.18"
"2,48 : 384.97"
"2,49 : 379.35"
"3,0 : 271.89"
"3,1 : 314.57"
"3,2 : 212.85"
"3,3 : 0.0"
"3,4 : 787.95"
"3,5 : 476.15"
"3,6 : 378.22"
"3,7 : 233.55"
"3,8 : 312.02"
"3,9 : 312.08"
"3,10 : 171.94"
"3,11 : 475.0"
"3,12 : 159.4"
"3,13 : 606.73"
"3,14 : 564.06"
"3,15 : 136.61"
"3,16 : 702.64"
"3,17 : 313.41"
"3,18 : 160.0"
"3,19 : 509.49"
"3,20 : 485.6"
"3,21 : 471.07"
"3,22 : 354.43"
"3,23 : 534.45"
"3,24 : 331.89"
"3,25 : 292.23"
"3,26 : 536.93"
"3,27 : 183.83"
"3,28 : 176.34"
"3,29 : 606.39"
"3,30 : 630.92"
"3,31 : 153.95"
"3,32 : 470.02"
"3,33 : 300.56"
"3,34 : 657.83"
"3,35 : 499.92"
"3,36 : 449.93"
"3,37 : 486.16"
"3,38 : 538.64"
"3,39 : 54.12"
"3,40 : 471.2"
"3,41 : 611.9"
"3,42 : 588.14"
"3,43 : 391.53"
"3,44 : 577.1"
"3,45 : 508.71"
"3,46 : 479.21"
"3,47 : 280.86"
"3,48 : 172.8"
"3,49 : 585.41"
"4,0 : 584.66"
"4,1 : 1011.87"
"4,2 : 721.4"
"4,3 : 787.95"
"4,4 : 0.0"
"4,5 : 318.04"
"4,6 : 749.89"
"4,7 : 643.54"
"4,8 : 809.24"
"4,9 : 594.34"
"4,10 : 959.16"
"4,11 : 750.37"
"4,12 : 656.78"
"4,13 : 339.42"
"4,14 : 223.89"
"4,15 : 811.18"
"4,16 : 890.13"
"4,17 : 806.39"
"4,18 : 947.55"
"4,19 : 290.27"
"4,20 : 839.86"
"4,21 : 329.07"
"4,22 : 448.84"
"4,23 : 614.16"
"4,24 : 885.04"
"4,25 : 668.79"
"4,26 : 320.98"
"4,27 : 967.5"
"4,28 : 694.22"
"4,29 : 286.9"
"4,30 : 788.17"
"4,31 : 852.9"
"4,32 : 530.23"
"4,33 : 712.87"
"4,34 : 666.81"
"4,35 : 290.75"
"4,36 : 504.38"
"4,37 : 302.07"
"4,38 : 476.04"
"4,39 : 760.15"
"4,40 : 848.91"
"4,41 : 422.17"
"4,42 : 507.02"
"4,43 : 814.07"
"4,44 : 214.46"
"4,45 : 418.17"
"4,46 : 577.56"
"4,47 : 1046.23"
"4,48 : 892.94"
"4,49 : 635.26"
"5,0 : 271.04"
"5,1 : 695.89"
"5,2 : 407.12"
"5,3 : 476.15"
"5,4 : 318.04"
"5,5 : 0.0"
"5,6 : 462.53"
"5,7 : 374.48"
"5,8 : 562.26"
"5,9 : 353.64"
"5,10 : 645.47"
"5,11 : 569.89"
"5,12 : 361.91"
"5,13 : 305.91"
"5,14 : 102.53"
"5,15 : 493.2"
"5,16 : 769.53"
"5,17 : 560.17"
"5,18 : 636.11"
"5,19 : 35.9"
"5,20 : 646.47"
"5,21 : 117.38"
"5,22 : 131.02"
"5,23 : 484.42"
"5,24 : 579.78"
"5,25 : 424.23"
"5,26 : 120.57"
"5,27 : 658.73"
"5,28 : 411.34"
"5,29 : 175.85"
"5,30 : 664.85"
"5,31 : 560.65"
"5,32 : 284.09"
"5,33 : 410.57"
"5,34 : 587.57"
"5,35 : 84.17"
"5,36 : 336.65"
"5,37 : 40.31"
"5,38 : 369.44"
"5,39 : 444.5"
"5,40 : 574.46"
"5,41 : 279.89"
"5,42 : 330.41"
"5,43 : 592.05"
"5,44 : 103.59"
"5,45 : 195.53"
"5,46 : 334.07"
"5,47 : 745.2"
"5,48 : 599.08"
"5,49 : 432.99"
"6,0 : 223.49"
"6,1 : 338.39"
"6,2 : 168.0"
"6,3 : 378.22"
"6,4 : 749.89"
"6,5 : 462.53"
"6,6 : 0.0"
"6,7 : 521.81"
"6,8 : 671.11"
"6,9 : 574.52"
"6,10 : 451.61"
"6,11 : 797.26"
"6,12 : 438.54"
"6,13 : 738.03"
"6,14 : 562.74"
"6,15 : 260.44"
"6,16 : 1031.0"
"6,17 : 671.59"
"6,18 : 467.17"
"6,19 : 475.98"
"6,20 : 832.55"
"6,21 : 542.62"
"6,22 : 353.57"
"6,23 : 799.19"
"6,24 : 163.13"
"6,25 : 598.68"
"6,26 : 429.33"
"6,27 : 503.63"
"6,28 : 495.83"
"6,29 : 476.14"
"6,30 : 942.44"
"6,31 : 532.17"
"6,32 : 233.0"
"6,33 : 84.39"
"6,34 : 925.15"
"6,35 : 536.49"
"6,36 : 666.56"
"6,37 : 497.69"
"6,38 : 740.88"
"6,39 : 325.68"
"6,40 : 119.92"
"6,41 : 391.78"
"6,42 : 323.21"
"6,43 : 743.23"
"6,44 : 552.11"
"6,45 : 338.88"
"6,46 : 200.21"
"6,47 : 613.5"
"6,48 : 548.06"
"6,49 : 252.34"
"7,0 : 323.91"
"7,1 : 547.01"
"7,2 : 363.67"
"7,3 : 233.55"
"7,4 : 643.54"
"7,5 : 374.48"
"7,6 : 521.81"
"7,7 : 0.0"
"7,8 : 191.77"
"7,9 : 79.56"
"7,10 : 382.84"
"7,11 : 275.49"
"7,12 : 87.09"
"7,13 : 397.2"
"7,14 : 431.03"
"7,15 : 349.1"
"7,16 : 509.2"
"7,17 : 190.22"
"7,18 : 359.13"
"7,19 : 410.18"
"7,20 : 319.23"
"7,21 : 315.27"
"7,22 : 301.65"
"7,23 : 303.39"
"7,24 : 533.23"
"7,25 : 77.16"
"7,26 : 476.34"
"7,27 : 364.92"
"7,28 : 63.07"
"7,29 : 543.0"
"7,30 : 422.72"
"7,31 : 219.28"
"7,32 : 508.49"
"7,33 : 437.61"
"7,34 : 428.97"
"7,35 : 358.67"
"7,36 : 221.21"
"7,37 : 364.88"
"7,38 : 309.59"
"7,39 : 250.6"
"7,40 : 635.42"
"7,41 : 603.3"
"7,42 : 612.85"
"7,43 : 240.2"
"7,44 : 455.64"
"7,45 : 494.77"
"7,46 : 538.85"
"7,47 : 418.03"
"7,48 : 259.52"
"7,49 : 657.62"
"8,0 : 498.66"
"8,1 : 604.63"
"8,2 : 503.85"
"8,3 : 312.02"
"8,4 : 809.24"
"8,5 : 562.26"
"8,6 : 671.11"
"8,7 : 191.77"
"8,8 : 0.0"
"8,9 : 216.1"
"8,10 : 389.2"
"8,11 : 190.95"
"8,12 : 246.44"
"8,13 : 518.12"
"8,14 : 608.58"
"8,15 : 448.54"
"8,16 : 398.27"
"8,17 : 3.61"
"8,18 : 357.97"
"8,19 : 597.52"
"8,20 : 175.69"
"8,21 : 489.33"
"8,22 : 493.1"
"8,23 : 314.21"
"8,24 : 643.84"
"8,25 : 141.44"
"8,26 : 667.45"
"8,27 : 344.18"
"8,28 : 182.92"
"8,29 : 733.39"
"8,30 : 342.47"
"8,31 : 189.07"
"8,32 : 692.65"
"8,33 : 587.69"
"8,34 : 411.81"
"8,35 : 536.3"
"8,36 : 323.4"
"8,37 : 548.66"
"8,38 : 394.19"
"8,39 : 355.18"
"8,40 : 775.09"
"8,41 : 794.48"
"8,42 : 800.72"
"8,43 : 81.6"
"8,44 : 636.28"
"8,45 : 685.72"
"8,46 : 718.91"
"8,47 : 343.29"
"8,48 : 211.15"
"8,49 : 836.29"
"9,0 : 363.37"
"9,1 : 624.23"
"9,2 : 424.32"
"9,3 : 312.08"
"9,4 : 594.34"
"9,5 : 353.64"
"9,6 : 574.52"
"9,7 : 79.56"
"9,8 : 216.1"
"9,9 : 0.0"
"9,10 : 462.07"
"9,11 : 236.22"
"9,12 : 158.46"
"9,13 : 324.97"
"9,14 : 392.92"
"9,15 : 422.4"
"9,16 : 463.87"
"9,17 : 213.47"
"9,18 : 437.87"
"9,19 : 387.87"
"9,20 : 299.34"
"9,21 : 273.43"
"9,22 : 308.59"
"9,23 : 231.39"
"9,24 : 600.87"
"9,25 : 74.73"
"9,26 : 465.79"
"9,27 : 442.3"
"9,28 : 142.0"
"9,29 : 528.35"
"9,30 : 369.68"
"9,31 : 291.44"
"9,32 : 531.03"
"9,33 : 491.57"
"9,34 : 358.38"
"9,35 : 320.89"
"9,36 : 142.35"
"9,37 : 336.01"
"9,38 : 230.34"
"9,39 : 325.39"
"9,40 : 691.31"
"9,41 : 606.27"
"9,42 : 626.83"
"9,43 : 238.42"
"9,44 : 421.41"
"9,45 : 500.41"
"9,46 : 566.76"
"9,47 : 489.15"
"9,48 : 330.83"
"9,49 : 685.62"
"10,0 : 418.01"
"10,1 : 232.03"
"10,2 : 315.94"
"10,3 : 171.94"
"10,4 : 959.16"
"10,5 : 645.47"
"10,6 : 451.61"
"10,7 : 382.84"
"10,8 : 389.2"
"10,9 : 462.07"
"10,10 : 0.0"
"10,11 : 576.25"
"10,12 : 323.28"
"10,13 : 771.99"
"10,14 : 735.31"
"10,15 : 198.65"
"10,16 : 785.29"
"10,17 : 391.88"
"10,18 : 31.95"
"10,19 : 678.01"
"10,20 : 561.1"
"10,21 : 642.89"
"10,22 : 520.38"
"10,23 : 666.8"
"10,24 : 341.81"
"10,25 : 423.81"
"10,26 : 697.97"
"10,27 : 61.62"
"10,28 : 320.06"
"10,29 : 766.35"
"10,30 : 730.86"
"10,31 : 200.81"
"10,32 : 601.22"
"10,33 : 393.06"
"10,34 : 783.01"
"10,35 : 671.78"
"10,36 : 604.05"
"10,37 : 657.15"
"10,38 : 692.38"
"10,39 : 202.19"
"10,40 : 511.77"
"10,41 : 754.99"
"10,42 : 718.57"
"10,43 : 469.57"
"10,44 : 747.36"
"10,45 : 657.94"
"10,46 : 599.36"
"10,47 : 164.81"
"10,48 : 180.77"
"10,49 : 691.09"
"11,0 : 595.41"
"11,1 : 782.59"
"11,2 : 637.36"
"11,3 : 475.0"
"11,4 : 750.37"
"11,5 : 569.89"
"11,6 : 797.26"
"11,7 : 275.49"
"11,8 : 190.95"
"11,9 : 236.22"
"11,10 : 576.25"
"11,11 : 0.0"
"11,12 : 359.75"
"11,13 : 421.53"
"11,14 : 584.1"
"11,15 : 606.78"
"11,16 : 233.89"
"11,17 : 187.77"
"11,18 : 545.67"
"11,19 : 601.09"
"11,20 : 91.39"
"11,21 : 468.72"
"11,22 : 543.14"
"11,23 : 157.84"
"11,24 : 798.79"
"11,25 : 198.6"
"11,26 : 688.02"
"11,27 : 534.06"
"11,28 : 308.65"
"11,29 : 745.38"
"11,30 : 156.44"
"11,31 : 375.53"
"11,32 : 767.24"
"11,33 : 713.01"
"11,34 : 226.43"
"11,35 : 517.97"
"11,36 : 249.16"
"11,37 : 544.27"
"11,38 : 281.73"
"11,39 : 508.08"
"11,40 : 910.17"
"11,41 : 836.23"
"11,42 : 861.48"
"11,43 : 122.0"
"11,44 : 617.2"
"11,45 : 732.6"
"11,46 : 802.78"
"11,47 : 532.02"
"11,48 : 401.15"
"11,49 : 921.7"
"12,0 : 252.36"
"12,1 : 466.9"
"12,2 : 277.72"
"12,3 : 159.4"
"12,4 : 656.78"
"12,5 : 361.91"
"12,6 : 438.54"
"12,7 : 87.09"
"12,8 : 246.44"
"12,9 : 158.46"
"12,10 : 323.28"
"12,11 : 359.75"
"12,12 : 0.0"
"12,13 : 449.04"
"12,14 : 435.63"
"12,15 : 264.07"
"12,16 : 593.62"
"12,17 : 245.97"
"12,18 : 304.11"
"12,19 : 397.55"
"12,20 : 395.55"
"12,21 : 330.0"
"12,22 : 263.62"
"12,23 : 388.36"
"12,24 : 446.22"
"12,25 : 161.55"
"12,26 : 448.45"
"12,27 : 317.32"
"12,28 : 63.69"
"12,29 : 517.7"
"12,30 : 509.12"
"12,31 : 198.93"
"12,32 : 447.2"
"12,33 : 354.15"
"12,34 : 514.67"
"12,35 : 366.11"
"12,36 : 291.65"
"12,37 : 361.8"
"12,38 : 380.13"
"12,39 : 167.05"
"12,40 : 550.44"
"12,41 : 558.62"
"12,42 : 557.6"
"12,43 : 309.61"
"12,44 : 454.82"
"12,45 : 449.69"
"12,46 : 472.49"
"12,47 : 389.47"
"12,48 : 237.93"
"12,49 : 589.89"
"13,0 : 519.25"
"13,1 : 896.35"
"13,2 : 636.65"
"13,3 : 606.73"
"13,4 : 339.42"
"13,5 : 305.91"
"13,6 : 738.03"
"13,7 : 397.2"
"13,8 : 518.12"
"13,9 : 324.97"
"13,10 : 771.99"
"13,11 : 421.53"
"13,12 : 449.04"
"13,13 : 0.0"
"13,14 : 246.86"
"13,15 : 683.26"
"13,16 : 551.23"
"13,17 : 514.78"
"13,18 : 751.35"
"13,19 : 315.99"
"13,20 : 512.75"
"13,21 : 198.66"
"13,22 : 385.24"
"13,23 : 276.52"
"13,24 : 823.26"
"13,25 : 390.16"
"13,26 : 411.75"
"13,27 : 760.52"
"13,28 : 459.18"
"13,29 : 439.18"
"13,30 : 448.79"
"13,31 : 615.51"
"13,32 : 588.1"
"13,33 : 670.36"
"13,34 : 331.72"
"13,35 : 221.82"
"13,36 : 194.73"
"13,37 : 265.65"
"13,38 : 140.25"
"13,39 : 600.97"
"13,40 : 856.23"
"13,41 : 572.46"
"13,42 : 633.25"
"13,43 : 503.24"
"13,44 : 280.74"
"13,45 : 500.41"
"13,46 : 637.29"
"13,47 : 813.83"
"13,48 : 655.29"
"13,49 : 738.89"
"14,0 : 373.25"
"14,1 : 796.63"
"14,2 : 508.93"
"14,3 : 564.06"
"14,4 : 223.89"
"14,5 : 102.53"
"14,6 : 562.74"
"14,7 : 431.03"
"14,8 : 608.58"
"14,9 : 392.92"
"14,10 : 735.31"
"14,11 : 584.1"
"14,12 : 435.63"
"14,13 : 246.86"
"14,14 : 0.0"
"14,15 : 591.59"
"14,16 : 762.64"
"14,17 : 606.07"
"14,18 : 723.69"
"14,19 : 88.01"
"14,20 : 667.8"
"14,21 : 119.71"
"14,22 : 231.46"
"14,23 : 474.51"
"14,24 : 682.29"
"14,25 : 467.25"
"14,26 : 171.09"
"14,27 : 743.92"
"14,28 : 477.12"
"14,29 : 192.34"
"14,30 : 657.19"
"14,31 : 633.47"
"14,32 : 370.86"
"14,33 : 512.82"
"14,34 : 561.53"
"14,35 : 72.53"
"14,36 : 336.93"
"14,37 : 78.64"
"14,38 : 344.35"
"14,39 : 536.8"
"14,40 : 672.59"
"14,41 : 327.84"
"14,42 : 394.69"
"14,43 : 626.04"
"14,44 : 35.36"
"14,45 : 268.82"
"14,46 : 421.35"
"14,47 : 824.49"
"14,48 : 673.11"
"14,49 : 509.58"
"15,0 : 236.4"
"15,1 : 213.21"
"15,2 : 118.13"
"15,3 : 136.61"
"15,4 : 811.18"
"15,5 : 493.2"
"15,6 : 260.44"
"15,7 : 349.1"
"15,8 : 448.54"
"15,9 : 422.4"
"15,10 : 198.65"
"15,11 : 606.78"
"15,12 : 264.07"
"15,13 : 683.26"
"15,14 : 591.59"
"15,15 : 0.0"
"15,16 : 836.74"
"15,17 : 449.88"
"15,18 : 209.47"
"15,19 : 521.73"
"15,20 : 621.52"
"15,21 : 519.75"
"15,22 : 362.35"
"15,23 : 652.18"
"15,24 : 195.3"
"15,25 : 416.76"
"15,26 : 523.97"
"15,27 : 245.28"
"15,28 : 300.43"
"15,29 : 589.5"
"15,30 : 761.61"
"15,31 : 283.75"
"15,32 : 405.36"
"15,33 : 195.21"
"15,34 : 778.07"
"15,35 : 537.49"
"15,36 : 550.15"
"15,37 : 513.43"
"15,38 : 636.96"
"15,39 : 99.33"
"15,40 : 340.59"
"15,41 : 562.84"
"15,42 : 521.71"
"15,43 : 527.67"
"15,44 : 596.74"
"15,45 : 471.12"
"15,46 : 401.14"
"15,47 : 355.26"
"15,48 : 293.21"
"15,49 : 493.03"
"16,0 : 826.6"
"16,1 : 1002.79"
"16,2 : 871.16"
"16,3 : 702.64"
"16,4 : 890.13"
"16,5 : 769.53"
"16,6 : 1031.0"
"16,7 : 509.2"
"16,8 : 398.27"
"16,9 : 463.87"
"16,10 : 785.29"
"16,11 : 233.89"
"16,12 : 593.62"
"16,13 : 551.23"
"16,14 : 762.64"
"16,15 : 836.74"
"16,16 : 0.0"
"16,17 : 395.99"
"16,18 : 753.62"
"16,19 : 796.93"
"16,20 : 224.2"
"16,21 : 658.02"
"16,22 : 762.96"
"16,23 : 288.2"
"16,24 : 1030.24"
"16,25 : 432.45"
"16,26 : 890.03"
"16,27 : 736.04"
"16,28 : 541.42"
"16,29 : 940.65"
"16,30 : 105.48"
"16,31 : 586.84"
"16,32 : 991.01"
"16,33 : 946.8"
"16,34 : 229.49"
"16,35 : 705.06"
"16,36 : 432.96"
"16,37 : 738.36"
"16,38 : 421.7"
"16,39 : 738.91"
"16,40 : 1144.06"
"16,41 : 1045.47"
"16,42 : 1078.89"
"16,43 : 316.76"
"16,44 : 797.65"
"16,45 : 946.32"
"16,46 : 1029.02"
"16,47 : 710.23"
"16,48 : 604.85"
"16,49 : 1147.4"
"17,0 : 498.26"
"17,1 : 606.84"
"17,2 : 504.43"
"17,3 : 313.41"
"17,4 : 806.39"
"17,5 : 560.17"
"17,6 : 671.59"
"17,7 : 190.22"
"17,8 : 3.61"
"17,9 : 213.47"
"17,10 : 391.88"
"17,11 : 187.77"
"17,12 : 245.97"
"17,13 : 514.78"
"17,14 : 606.07"
"17,15 : 449.88"
"17,16 : 395.99"
"17,17 : 0.0"
"17,18 : 360.69"
"17,19 : 595.41"
"17,20 : 173.73"
"17,21 : 486.76"
"17,22 : 491.68"
"17,23 : 310.62"
"17,24 : 645.17"
"17,25 : 138.85"
"17,26 : 665.66"
"17,27 : 347.12"
"17,28 : 182.53"
"17,29 : 731.5"
"17,30 : 339.59"
"17,31 : 191.61"
"17,32 : 691.9"
"17,33 : 588.1"
"17,34 : 408.37"
"17,35 : 533.81"
"17,36 : 320.06"
"17,37 : 546.39"
"17,38 : 390.69"
"17,39 : 356.24"
"17,40 : 775.87"
"17,41 : 793.14"
"17,42 : 799.75"
"17,43 : 79.48"
"17,44 : 633.86"
"17,45 : 684.42"
"17,46 : 718.38"
"17,47 : 346.73"
"17,48 : 214.08"
"17,49 : 835.85"
"18,0 : 418.08"
"18,1 : 262.93"
"18,2 : 324.26"
"18,3 : 160.0"
"18,4 : 947.55"
"18,5 : 636.11"
"18,6 : 467.17"
"18,7 : 359.13"
"18,8 : 357.97"
"18,9 : 437.87"
"18,10 : 31.95"
"18,11 : 545.67"
"18,12 : 304.11"
"18,13 : 751.35"
"18,14 : 723.69"
"18,15 : 209.47"
"18,16 : 753.62"
"18,17 : 360.69"
"18,18 : 0.0"
"18,19 : 669.33"
"18,20 : 529.42"
"18,21 : 628.1"
"18,22 : 513.3"
"18,23 : 638.86"
"18,24 : 365.13"
"18,25 : 396.81"
"18,26 : 693.63"
"18,27 : 36.69"
"18,28 : 296.1"
"18,29 : 762.58"
"18,30 : 699.93"
"18,31 : 170.14"
"18,32 : 606.3"
"18,33 : 404.65"
"18,34 : 753.98"
"18,35 : 658.73"
"18,36 : 580.16"
"18,37 : 645.97"
"18,38 : 668.15"
"18,39 : 197.39"
"18,40 : 532.78"
"18,41 : 757.27"
"18,42 : 724.25"
"18,43 : 438.12"
"18,44 : 737.08"
"18,45 : 658.07"
"18,46 : 607.06"
"18,47 : 146.33"
"18,48 : 148.93"
"18,49 : 702.26"
"19,0 : 294.81"
"19,1 : 721.68"
"19,2 : 431.53"
"19,3 : 509.49"
"19,4 : 290.27"
"19,5 : 35.9"
"19,6 : 475.98"
"19,7 : 410.18"
"19,8 : 597.52"
"19,9 : 387.87"
"19,10 : 678.01"
"19,11 : 601.09"
"19,12 : 397.55"
"19,13 : 315.99"
"19,14 : 88.01"
"19,15 : 521.73"
"19,16 : 796.93"
"19,17 : 595.41"
"19,18 : 669.33"
"19,19 : 0.0"
"19,20 : 678.97"
"19,21 : 139.82"
"19,22 : 159.81"
"19,23 : 510.42"
"19,24 : 599.85"
"19,25 : 459.04"
"19,26 : 97.58"
"19,27 : 692.5"
"19,28 : 447.24"
"19,29 : 144.56"
"19,30 : 691.89"
"19,31 : 596.21"
"19,32 : 283.92"
"19,33 : 428.97"
"19,34 : 609.83"
"19,35 : 97.58"
"19,36 : 364.11"
"19,37 : 58.67"
"19,38 : 390.91"
"19,39 : 476.49"
"19,40 : 584.88"
"19,41 : 259.53"
"19,42 : 317.28"
"19,43 : 626.16"
"19,44 : 77.88"
"19,45 : 185.93"
"19,46 : 334.39"
"19,47 : 779.96"
"19,48 : 634.52"
"19,49 : 426.62"
"20,0 : 643.01"
"20,1 : 779.97"
"20,2 : 667.73"
"20,3 : 485.6"
"20,4 : 839.86"
"20,5 : 646.47"
"20,6 : 832.55"
"20,7 : 319.23"
"20,8 : 175.69"
"20,9 : 299.34"
"20,10 : 561.1"
"20,11 : 91.39"
"20,12 : 395.55"
"20,13 : 512.75"
"20,14 : 667.8"
"20,15 : 621.52"
"20,16 : 224.2"
"20,17 : 173.73"
"20,18 : 529.42"
"20,19 : 678.97"
"20,20 : 0.0"
"20,21 : 550.5"
"20,22 : 607.3"
"20,23 : 247.32"
"20,24 : 816.52"
"20,25 : 244.12"
"20,26 : 762.36"
"20,27 : 512.13"
"20,28 : 336.73"
"20,29 : 822.31"
"20,30 : 186.82"
"20,31 : 363.12"
"20,32 : 825.13"
"20,33 : 748.28"
"20,34 : 295.83"
"20,35 : 599.87"
"20,36 : 336.54"
"20,37 : 623.43"
"20,38 : 373.08"
"20,39 : 525.86"
"20,40 : 940.96"
"20,41 : 905.56"
"20,42 : 924.86"
"20,43 : 94.37"
"20,44 : 700.12"
"20,45 : 799.69"
"20,46 : 857.35"
"20,47 : 491.92"
"20,48 : 380.66"
"20,49 : 976.3"
"21,0 : 328.87"
"21,1 : 731.25"
"21,2 : 455.24"
"21,3 : 471.07"
"21,4 : 329.07"
"21,5 : 117.38"
"21,6 : 542.62"
"21,7 : 315.27"
"21,8 : 489.33"
"21,9 : 273.43"
"21,10 : 642.89"
"21,11 : 468.72"
"21,12 : 330.0"
"21,13 : 198.66"
"21,14 : 119.71"
"21,15 : 519.75"
"21,16 : 658.02"
"21,17 : 486.76"
"21,18 : 628.1"
"21,19 : 139.82"
"21,20 : 550.5"
"21,21 : 0.0"
"21,22 : 189.1"
"21,23 : 370.88"
"21,24 : 638.89"
"21,25 : 347.91"
"21,26 : 236.02"
"21,27 : 645.1"
"21,28 : 365.16"
"21,29 : 282.65"
"21,30 : 552.79"
"21,31 : 524.24"
"21,32 : 391.47"
"21,33 : 478.88"
"21,34 : 470.71"
"21,35 : 49.37"
"21,36 : 226.01"
"21,37 : 81.27"
"21,38 : 252.21"
"21,39 : 451.54"
"21,40 : 659.73"
"21,41 : 396.89"
"21,42 : 447.0"
"21,43 : 506.52"
"21,44 : 150.05"
"21,45 : 311.44"
"21,46 : 440.01"
"21,47 : 719.01"
"21,48 : 564.41"
"21,49 : 545.01"
"22,0 : 143.96"
"22,1 : 565.26"
"22,2 : 277.91"
"22,3 : 354.43"
"22,4 : 448.84"
"22,5 : 131.02"
"22,6 : 353.57"
"22,7 : 301.65"
"22,8 : 493.1"
"22,9 : 308.59"
"22,10 : 520.38"
"22,11 : 543.14"
"22,12 : 263.62"
"22,13 : 385.24"
"22,14 : 231.46"
"22,15 : 362.35"
"22,16 : 762.96"
"22,17 : 491.68"
"22,18 : 513.3"
"22,19 : 159.81"
"22,20 : 607.3"
"22,21 : 189.1"
"22,22 : 0.0"
"22,23 : 493.34"
"22,24 : 455.55"
"22,25 : 367.16"
"22,26 : 186.51"
"22,27 : 538.24"
"22,28 : 322.06"
"22,29 : 256.38"
"22,30 : 662.4"
"22,31 : 456.21"
"22,32 : 229.86"
"22,33 : 291.11"
"22,34 : 611.24"
"22,35 : 187.98"
"22,36 : 346.39"
"22,37 : 155.47"
"22,38 : 405.91"
"22,39 : 318.29"
"22,40 : 471.11"
"22,41 : 301.72"
"22,42 : 318.4"
"22,43 : 538.24"
"22,44 : 234.44"
"22,45 : 193.58"
"22,46 : 272.42"
"22,47 : 630.47"
"22,48 : 492.35"
"22,49 : 387.81"
"23,0 : 580.75"
"23,1 : 848.99"
"23,2 : 654.38"
"23,3 : 534.45"
"23,4 : 614.16"
"23,5 : 484.42"
"23,6 : 799.19"
"23,7 : 303.39"
"23,8 : 314.21"
"23,9 : 231.39"
"23,10 : 666.8"
"23,11 : 157.84"
"23,12 : 388.36"
"23,13 : 276.52"
"23,14 : 474.51"
"23,15 : 652.18"
"23,16 : 288.2"
"23,17 : 310.62"
"23,18 : 638.86"
"23,19 : 510.42"
"23,20 : 247.32"
"23,21 : 370.88"
"23,22 : 493.34"
"23,23 : 0.0"
"23,24 : 832.25"
"23,25 : 244.4"
"23,26 : 604.94"
"23,27 : 634.86"
"23,28 : 358.17"
"23,29 : 653.42"
"23,30 : 182.73"
"23,31 : 473.68"
"23,32 : 723.16"
"23,33 : 717.78"
"23,34 : 127.13"
"23,35 : 417.3"
"23,36 : 149.31"
"23,37 : 451.75"
"23,38 : 138.23"
"23,39 : 553.96"
"23,40 : 917.6"
"23,41 : 762.87"
"23,42 : 802.21"
"23,43 : 266.92"
"23,44 : 509.48"
"23,45 : 667.51"
"23,46 : 765.12"
"23,47 : 653.69"
"23,48 : 506.88"
"23,49 : 881.15"
"24,0 : 311.66"
"24,1 : 179.48"
"24,2 : 187.02"
"24,3 : 331.89"
"24,4 : 885.04"
"24,5 : 579.78"
"24,6 : 163.13"
"24,7 : 533.23"
"24,8 : 643.84"
"24,9 : 600.87"
"24,10 : 341.81"
"24,11 : 798.79"
"24,12 : 446.22"
"24,13 : 823.26"
"24,14 : 682.29"
"24,15 : 195.3"
"24,16 : 1030.24"
"24,17 : 645.17"
"24,18 : 365.13"
"24,19 : 599.85"
"24,20 : 816.52"
"24,21 : 638.89"
"24,22 : 455.55"
"24,23 : 832.25"
"24,24 : 0.0"
"24,25 : 605.01"
"24,26 : 569.76"
"24,27 : 401.2"
"24,28 : 490.44"
"24,29 : 623.68"
"24,30 : 952.3"
"24,31 : 475.31"
"24,32 : 389.62"
"24,33 : 172.31"
"24,34 : 959.24"
"24,35 : 643.47"
"24,36 : 716.87"
"24,37 : 609.86"
"24,38 : 799.72"
"24,39 : 291.39"
"24,40 : 174.26"
"24,41 : 551.67"
"24,42 : 485.92"
"24,43 : 722.82"
"24,44 : 677.69"
"24,45 : 488.36"
"24,46 : 361.71"
"24,47 : 506.19"
"24,48 : 479.59"
"24,49 : 411.32"
"25,0 : 400.25"
"25,1 : 606.5"
"25,2 : 439.26"
"25,3 : 292.23"
"25,4 : 668.79"
"25,5 : 424.23"
"25,6 : 598.68"
"25,7 : 77.16"
"25,8 : 141.44"
"25,9 : 74.73"
"25,10 : 423.81"
"25,11 : 198.6"
"25,12 : 161.55"
"25,13 : 390.16"
"25,14 : 467.25"
"25,15 : 416.76"
"25,16 : 432.45"
"25,17 : 138.85"
"25,18 : 396.81"
"25,19 : 459.04"
"25,20 : 244.12"
"25,21 : 347.91"
"25,22 : 367.16"
"25,23 : 244.4"
"25,24 : 605.01"
"25,25 : 0.0"
"25,26 : 533.3"
"25,27 : 395.92"
"25,28 : 116.71"
"25,29 : 597.54"
"25,30 : 347.93"
"25,31 : 237.61"
"25,32 : 581.23"
"25,33 : 514.42"
"25,34 : 365.86"
"25,35 : 395.06"
"25,36 : 198.49"
"25,37 : 408.65"
"25,38 : 280.71"
"25,39 : 317.44"
"25,40 : 711.72"
"25,41 : 668.18"
"25,42 : 682.72"
"25,43 : 171.29"
"25,44 : 495.28"
"25,45 : 560.67"
"25,46 : 613.24"
"25,47 : 430.46"
"25,48 : 274.71"
"25,49 : 732.21"
"26,0 : 287.7"
"26,1 : 709.63"
"26,2 : 420.02"
"26,3 : 536.93"
"26,4 : 320.98"
"26,5 : 120.57"
"26,6 : 429.33"
"26,7 : 476.34"
"26,8 : 667.45"
"26,9 : 465.79"
"26,10 : 697.97"
"26,11 : 688.02"
"26,12 : 448.45"
"26,13 : 411.75"
"26,14 : 171.09"
"26,15 : 523.97"
"26,16 : 890.03"
"26,17 : 665.66"
"26,18 : 693.63"
"26,19 : 97.58"
"26,20 : 762.36"
"26,21 : 236.02"
"26,22 : 186.51"
"26,23 : 604.94"
"26,24 : 569.76"
"26,25 : 533.3"
"26,26 : 0.0"
"26,27 : 720.43"
"26,28 : 504.51"
"26,29 : 69.92"
"26,30 : 785.4"
"26,31 : 642.66"
"26,32 : 212.14"
"26,33 : 397.76"
"26,34 : 706.69"
"26,35 : 195.16"
"26,36 : 457.2"
"26,37 : 154.93"
"26,38 : 487.95"
"26,39 : 496.49"
"26,40 : 528.49"
"26,41 : 161.97"
"26,42 : 223.65"
"26,43 : 703.48"
"26,44 : 144.81"
"26,45 : 102.08"
"26,46 : 261.43"
"26,47 : 815.43"
"26,48 : 678.86"
"26,49 : 340.04"
"27,0 : 448.53"
"27,1 : 292.51"
"27,2 : 359.01"
"27,3 : 183.83"
"27,4 : 967.5"
"27,5 : 658.73"
"27,6 : 503.63"
"27,7 : 364.92"
"27,8 : 344.18"
"27,9 : 442.3"
"27,10 : 61.62"
"27,11 : 534.06"
"27,12 : 317.32"
"27,13 : 760.52"
"27,14 : 743.92"
"27,15 : 245.28"
"27,16 : 736.04"
"27,17 : 347.12"
"27,18 : 36.69"
"27,19 : 692.5"
"27,20 : 512.13"
"27,21 : 645.1"
"27,22 : 538.24"
"27,23 : 634.86"
"27,24 : 401.2"
"27,25 : 395.92"
"27,26 : 720.43"
"27,27 : 0.0"
"27,28 : 302.03"
"27,29 : 789.74"
"27,30 : 686.61"
"27,31 : 161.45"
"27,32 : 639.23"
"27,33 : 440.31"
"27,34 : 747.0"
"27,35 : 677.59"
"27,36 : 584.53"
"27,37 : 666.81"
"27,38 : 671.69"
"27,39 : 226.11"
"27,40 : 569.34"
"27,41 : 788.53"
"27,42 : 757.37"
"27,43 : 422.71"
"27,44 : 758.63"
"27,45 : 688.1"
"27,46 : 641.19"
"27,47 : 110.03"
"27,48 : 133.03"
"27,49 : 737.61"
"28,0 : 315.75"
"28,1 : 490.92"
"28,2 : 331.56"
"28,3 : 176.34"
"28,4 : 694.22"
"28,5 : 411.34"
"28,6 : 495.83"
"28,7 : 63.07"
"28,8 : 182.92"
"28,9 : 142.0"
"28,10 : 320.06"
"28,11 : 308.65"
"28,12 : 63.69"
"28,13 : 459.18"
"28,14 : 477.12"
"28,15 : 300.43"
"28,16 : 541.42"
"28,17 : 182.53"
"28,18 : 296.1"
"28,19 : 447.24"
"28,20 : 336.73"
"28,21 : 365.16"
"28,22 : 322.06"
"28,23 : 358.17"
"28,24 : 490.44"
"28,25 : 116.71"
"28,26 : 504.51"
"28,27 : 302.03"
"28,28 : 0.0"
"28,29 : 573.05"
"28,30 : 461.94"
"28,31 : 160.56"
"28,32 : 510.83"
"28,33 : 411.58"
"28,34 : 481.6"
"28,35 : 405.65"
"28,36 : 284.11"
"28,37 : 406.77"
"28,38 : 372.33"
"28,39 : 201.12"
"28,40 : 605.02"
"28,41 : 619.93"
"28,42 : 620.78"
"28,43 : 248.39"
"28,44 : 499.2"
"28,45 : 510.9"
"28,46 : 536.12"
"28,47 : 358.66"
"28,48 : 201.02"
"28,49 : 653.38"
"29,0 : 353.17"
"29,1 : 770.07"
"29,2 : 482.59"
"29,3 : 606.39"
"29,4 : 286.9"
"29,5 : 175.85"
"29,6 : 476.14"
"29,7 : 543.0"
"29,8 : 733.39"
"29,9 : 528.35"
"29,10 : 766.35"
"29,11 : 745.38"
"29,12 : 517.7"
"29,13 : 439.18"
"29,14 : 192.34"
"29,15 : 589.5"
"29,16 : 940.65"
"29,17 : 731.5"
"29,18 : 762.58"
"29,19 : 144.56"
"29,20 : 822.31"
"29,21 : 282.65"
"29,22 : 256.38"
"29,23 : 653.42"
"29,24 : 623.68"
"29,25 : 597.54"
"29,26 : 69.92"
"29,27 : 789.74"
"29,28 : 573.05"
"29,29 : 0.0"
"29,30 : 835.44"
"29,31 : 712.43"
"29,32 : 247.55"
"29,33 : 453.22"
"29,34 : 748.87"
"29,35 : 236.54"
"29,36 : 508.18"
"29,37 : 202.62"
"29,38 : 530.03"
"29,39 : 565.29"
"29,40 : 567.21"
"29,41 : 144.2"
"29,42 : 223.89"
"29,43 : 766.68"
"29,44 : 158.8"
"29,45 : 137.31"
"29,46 : 292.72"
"29,47 : 885.2"
"29,48 : 748.73"
"29,49 : 350.32"
"30,0 : 732.94"
"30,1 : 939.01"
"30,2 : 786.38"
"30,3 : 630.92"
"30,4 : 788.17"
"30,5 : 664.85"
"30,6 : 942.44"
"30,7 : 422.72"
"30,8 : 342.47"
"30,9 : 369.68"
"30,10 : 730.86"
"30,11 : 156.44"
"30,12 : 509.12"
"30,13 : 448.79"
"30,14 : 657.19"
"30,15 : 761.61"
"30,16 : 105.48"
"30,17 : 339.59"
"30,18 : 699.93"
"30,19 : 691.89"
"30,20 : 186.82"
"30,21 : 552.79"
"30,22 : 662.4"
"30,23 : 182.73"
"30,24 : 952.3"
"30,25 : 347.93"
"30,26 : 785.4"
"30,27 : 686.61"
"30,28 : 461.94"
"30,29 : 835.44"
"30,30 : 0.0"
"30,31 : 530.07"
"30,32 : 891.43"
"30,33 : 858.73"
"30,34 : 141.69"
"30,35 : 599.68"
"30,36 : 328.2"
"30,37 : 633.28"
"30,38 : 317.0"
"30,39 : 662.56"
"30,40 : 1057.57"
"30,41 : 941.61"
"30,42 : 976.8"
"30,43 : 265.15"
"30,44 : 692.19"
"30,45 : 843.5"
"30,46 : 930.68"
"30,47 : 675.75"
"30,48 : 553.61"
"30,49 : 1048.53"
"31,0 : 407.17"
"31,1 : 417.44"
"31,2 : 366.35"
"31,3 : 153.95"
"31,4 : 852.9"
"31,5 : 560.65"
"31,6 : 532.17"
"31,7 : 219.28"
"31,8 : 189.07"
"31,9 : 291.44"
"31,10 : 200.81"
"31,11 : 375.53"
"31,12 : 198.93"
"31,13 : 615.51"
"31,14 : 633.47"
"31,15 : 283.75"
"31,16 : 586.84"
"31,17 : 191.61"
"31,18 : 170.14"
"31,19 : 596.21"
"31,20 : 363.12"
"31,21 : 524.24"
"31,22 : 456.21"
"31,23 : 473.68"
"31,24 : 475.31"
"31,25 : 237.61"
"31,26 : 642.66"
"31,27 : 161.45"
"31,28 : 160.56"
"31,29 : 712.43"
"31,30 : 530.07"
"31,31 : 0.0"
"31,32 : 609.04"
"31,33 : 454.06"
"31,34 : 585.69"
"31,35 : 562.99"
"31,36 : 431.74"
"31,37 : 560.51"
"31,38 : 517.02"
"31,39 : 207.1"
"31,40 : 623.2"
"31,41 : 739.39"
"31,42 : 725.57"
"31,43 : 270.19"
"31,44 : 653.5"
"31,45 : 632.2"
"31,46 : 623.65"
"31,47 : 198.76"
"31,48 : 40.46"
"31,49 : 733.76"
"32,0 : 201.95"
"32,1 : 551.84"
"32,2 : 287.48"
"32,3 : 470.02"
"32,4 : 530.23"
"32,5 : 284.09"
"32,6 : 233.0"
"32,7 : 508.49"
"32,8 : 692.65"
"32,9 : 531.03"
"32,10 : 601.22"
"32,11 : 767.24"
"32,12 : 447.2"
"32,13 : 588.1"
"32,14 : 370.86"
"32,15 : 405.36"
"32,16 : 991.01"
"32,17 : 691.9"
"32,18 : 606.3"
"32,19 : 283.92"
"32,20 : 825.13"
"32,21 : 391.47"
"32,22 : 229.86"
"32,23 : 723.16"
"32,24 : 389.62"
"32,25 : 581.23"
"32,26 : 212.14"
"32,27 : 639.23"
"32,28 : 510.83"
"32,29 : 247.55"
"32,30 : 891.43"
"32,31 : 609.04"
"32,32 : 0.0"
"32,33 : 229.71"
"32,34 : 840.1"
"32,35 : 367.77"
"32,36 : 575.74"
"32,37 : 324.17"
"32,38 : 630.71"
"32,39 : 418.43"
"32,40 : 319.73"
"32,41 : 163.68"
"32,42 : 118.34"
"32,43 : 748.64"
"32,44 : 351.32"
"32,45 : 112.06"
"32,46 : 50.49"
"32,47 : 745.68"
"32,48 : 637.52"
"32,49 : 158.04"
"33,0 : 151.12"
"33,1 : 322.61"
"33,2 : 87.73"
"33,3 : 300.56"
"33,4 : 712.87"
"33,5 : 410.57"
"33,6 : 84.39"
"33,7 : 437.61"
"33,8 : 587.69"
"33,9 : 491.57"
"33,10 : 393.06"
"33,11 : 713.01"
"33,12 : 354.15"
"33,13 : 670.36"
"33,14 : 512.82"
"33,15 : 195.21"
"33,16 : 946.8"
"33,17 : 588.1"
"33,18 : 404.65"
"33,19 : 428.97"
"33,20 : 748.28"
"33,21 : 478.88"
"33,22 : 291.11"
"33,23 : 717.78"
"33,24 : 172.31"
"33,25 : 514.42"
"33,26 : 397.76"
"33,27 : 440.31"
"33,28 : 411.58"
"33,29 : 453.22"
"33,30 : 858.73"
"33,31 : 454.06"
"33,32 : 229.71"
"33,33 : 0.0"
"33,34 : 844.18"
"33,35 : 478.4"
"33,36 : 587.88"
"33,37 : 442.54"
"33,38 : 664.55"
"33,39 : 246.97"
"33,40 : 199.9"
"33,41 : 393.28"
"33,42 : 338.77"
"33,43 : 659.21"
"33,44 : 506.67"
"33,45 : 319.72"
"33,46 : 213.85"
"33,47 : 550.19"
"33,48 : 472.5"
"33,49 : 298.03"
"34,0 : 705.47"
"34,1 : 972.3"
"34,2 : 781.47"
"34,3 : 657.83"
"34,4 : 666.81"
"34,5 : 587.57"
"34,6 : 925.15"
"34,7 : 428.97"
"34,8 : 411.81"
"34,9 : 358.38"
"34,10 : 783.01"
"34,11 : 226.43"
"34,12 : 514.67"
"34,13 : 331.72"
"34,14 : 561.53"
"34,15 : 778.07"
"34,16 : 229.49"
"34,17 : 408.37"
"34,18 : 753.98"
"34,19 : 609.83"
"34,20 : 295.83"
"34,21 : 470.71"
"34,22 : 611.24"
"34,23 : 127.13"
"34,24 : 959.24"
"34,25 : 365.86"
"34,26 : 706.69"
"34,27 : 747.0"
"34,28 : 481.6"
"34,29 : 748.87"
"34,30 : 141.69"
"34,31 : 585.69"
"34,32 : 840.1"
"34,33 : 844.18"
"34,34 : 0.0"
"34,35 : 513.25"
"34,36 : 265.05"
"34,37 : 551.77"
"34,38 : 219.02"
"34,39 : 679.46"
"34,40 : 1043.88"
"34,41 : 867.45"
"34,42 : 912.89"
"34,43 : 348.37"
"34,44 : 596.87"
"34,45 : 777.18"
"34,46 : 883.65"
"34,47 : 755.08"
"34,48 : 616.01"
"34,49 : 998.06"
"35,0 : 331.81"
"35,1 : 746.4"
"35,2 : 463.75"
"35,3 : 499.92"
"35,4 : 290.75"
"35,5 : 84.17"
"35,6 : 536.49"
"35,7 : 358.67"
"35,8 : 536.3"
"35,9 : 320.89"
"35,10 : 671.78"
"35,11 : 517.97"
"35,12 : 366.11"
"35,13 : 221.82"
"35,14 : 72.53"
"35,15 : 537.49"
"35,16 : 705.06"
"35,17 : 533.81"
"35,18 : 658.73"
"35,19 : 97.58"
"35,20 : 599.87"
"35,21 : 49.37"
"35,22 : 187.98"
"35,23 : 417.3"
"35,24 : 643.47"
"35,25 : 395.06"
"35,26 : 195.16"
"35,27 : 677.59"
"35,28 : 405.65"
"35,29 : 236.54"
"35,30 : 599.68"
"35,31 : 562.99"
"35,32 : 367.77"
"35,33 : 478.4"
"35,34 : 513.25"
"35,35 : 0.0"
"35,36 : 274.17"
"35,37 : 43.86"
"35,38 : 294.23"
"35,39 : 476.05"
"35,40 : 651.09"
"35,41 : 357.11"
"35,42 : 412.74"
"35,43 : 555.26"
"35,44 : 101.02"
"35,45 : 278.86"
"35,46 : 417.53"
"35,47 : 755.52"
"35,48 : 602.85"
"35,49 : 517.13"
"36,0 : 444.34"
"36,1 : 757.72"
"36,2 : 532.85"
"36,3 : 449.93"
"36,4 : 504.38"
"36,5 : 336.65"
"36,6 : 666.56"
"36,7 : 221.21"
"36,8 : 323.4"
"36,9 : 142.35"
"36,10 : 604.05"
"36,11 : 249.16"
"36,12 : 291.65"
"36,13 : 194.73"
"36,14 : 336.93"
"36,15 : 550.15"
"36,16 : 432.96"
"36,17 : 320.06"
"36,18 : 580.16"
"36,19 : 364.11"
"36,20 : 336.54"
"36,21 : 226.01"
"36,22 : 346.39"
"36,23 : 149.31"
"36,24 : 716.87"
"36,25 : 198.49"
"36,26 : 457.2"
"36,27 : 584.53"
"36,28 : 284.11"
"36,29 : 508.18"
"36,30 : 328.2"
"36,31 : 431.74"
"36,32 : 575.74"
"36,33 : 587.88"
"36,34 : 265.05"
"36,35 : 274.17"
"36,36 : 0.0"
"36,37 : 305.64"
"36,38 : 88.77"
"36,39 : 456.93"
"36,40 : 786.18"
"36,41 : 614.06"
"36,42 : 652.97"
"36,43 : 312.8"
"36,44 : 370.87"
"36,45 : 518.2"
"36,46 : 618.78"
"36,47 : 627.74"
"36,48 : 470.39"
"36,49 : 733.77"
"37,0 : 298.94"
"37,1 : 719.54"
"37,2 : 433.35"
"37,3 : 486.16"
"37,4 : 302.07"
"37,5 : 40.31"
"37,6 : 497.69"
"37,7 : 364.88"
"37,8 : 548.66"
"37,9 : 336.01"
"37,10 : 657.15"
"37,11 : 544.27"
"37,12 : 361.8"
"37,13 : 265.65"
"37,14 : 78.64"
"37,15 : 513.43"
"37,16 : 738.36"
"37,17 : 546.39"
"37,18 : 645.97"
"37,19 : 58.67"
"37,20 : 623.43"
"37,21 : 81.27"
"37,22 : 155.47"
"37,23 : 451.75"
"37,24 : 609.86"
"37,25 : 408.65"
"37,26 : 154.93"
"37,27 : 666.81"
"37,28 : 406.77"
"37,29 : 202.62"
"37,30 : 633.28"
"37,31 : 560.51"
"37,32 : 324.17"
"37,33 : 442.54"
"37,34 : 551.77"
"37,35 : 43.86"
"37,36 : 305.64"
"37,37 : 0.0"
"37,38 : 333.02"
"37,39 : 458.24"
"37,40 : 611.04"
"37,41 : 316.31"
"37,42 : 369.67"
"37,43 : 573.46"
"37,44 : 93.02"
"37,45 : 235.32"
"37,46 : 374.04"
"37,47 : 749.28"
"37,48 : 599.72"
"37,49 : 473.27"
"38,0 : 517.45"
"38,1 : 845.58"
"38,2 : 614.23"
"38,3 : 538.64"
"38,4 : 476.04"
"38,5 : 369.44"
"38,6 : 740.88"
"38,7 : 309.59"
"38,8 : 394.19"
"38,9 : 230.34"
"38,10 : 692.38"
"38,11 : 281.73"
"38,12 : 380.13"
"38,13 : 140.25"
"38,14 : 344.35"
"38,15 : 636.96"
"38,16 : 421.7"
"38,17 : 390.69"
"38,18 : 668.15"
"38,19 : 390.91"
"38,20 : 373.08"
"38,21 : 252.21"
"38,22 : 405.91"
"38,23 : 138.23"
"38,24 : 799.72"
"38,25 : 280.71"
"38,26 : 487.95"
"38,27 : 671.69"
"38,28 : 372.33"
"38,29 : 530.03"
"38,30 : 317.0"
"38,31 : 517.02"
"38,32 : 630.71"
"38,33 : 664.55"
"38,34 : 219.02"
"38,35 : 294.23"
"38,36 : 88.77"
"38,37 : 333.02"
"38,38 : 0.0"
"38,39 : 544.77"
"38,40 : 860.8"
"38,41 : 649.1"
"38,42 : 697.1"
"38,43 : 369.58"
"38,44 : 379.69"
"38,45 : 561.22"
"38,46 : 676.39"
"38,47 : 711.17"
"38,48 : 554.98"
"38,49 : 787.81"
"39,0 : 223.01"
"39,1 : 300.82"
"39,2 : 159.25"
"39,3 : 54.12"
"39,4 : 760.15"
"39,5 : 444.5"
"39,6 : 325.68"
"39,7 : 250.6"
"39,8 : 355.18"
"39,9 : 325.39"
"39,10 : 202.19"
"39,11 : 508.08"
"39,12 : 167.05"
"39,13 : 600.97"
"39,14 : 536.8"
"39,15 : 99.33"
"39,16 : 738.91"
"39,17 : 356.24"
"39,18 : 197.39"
"39,19 : 476.49"
"39,20 : 525.86"
"39,21 : 451.54"
"39,22 : 318.29"
"39,23 : 553.96"
"39,24 : 291.39"
"39,25 : 317.44"
"39,26 : 496.49"
"39,27 : 226.11"
"39,28 : 201.12"
"39,29 : 565.29"
"39,30 : 662.56"
"39,31 : 207.1"
"39,32 : 418.43"
"39,33 : 246.97"
"39,34 : 679.46"
"39,35 : 476.05"
"39,36 : 456.93"
"39,37 : 458.24"
"39,38 : 544.77"
"39,39 : 0.0"
"39,40 : 421.97"
"39,41 : 563.45"
"39,42 : 536.73"
"39,43 : 432.68"
"39,44 : 547.09"
"39,45 : 462.08"
"39,46 : 426.13"
"39,47 : 328.64"
"39,48 : 226.92"
"39,49 : 531.49"
"40,0 : 343.4"
"40,1 : 346.37"
"40,2 : 273.47"
"40,3 : 471.2"
"40,4 : 848.91"
"40,5 : 574.46"
"40,6 : 119.92"
"40,7 : 635.42"
"40,8 : 775.09"
"40,9 : 691.31"
"40,10 : 511.77"
"40,11 : 910.17"
"40,12 : 550.44"
"40,13 : 856.23"
"40,14 : 672.59"
"40,15 : 340.59"
"40,16 : 1144.06"
"40,17 : 775.87"
"40,18 : 532.78"
"40,19 : 584.88"
"40,20 : 940.96"
"40,21 : 659.73"
"40,22 : 471.11"
"40,23 : 917.6"
"40,24 : 174.26"
"40,25 : 711.72"
"40,26 : 528.49"
"40,27 : 569.34"
"40,28 : 605.02"
"40,29 : 567.21"
"40,30 : 1057.57"
"40,31 : 623.2"
"40,32 : 319.73"
"40,33 : 199.9"
"40,34 : 1043.88"
"40,35 : 651.09"
"40,36 : 786.18"
"40,37 : 611.04"
"40,38 : 860.8"
"40,39 : 421.97"
"40,40 : 0.0"
"40,41 : 462.53"
"40,42 : 382.69"
"40,43 : 849.89"
"40,44 : 659.17"
"40,45 : 431.37"
"40,46 : 275.77"
"40,47 : 676.57"
"40,48 : 633.78"
"40,49 : 277.79"
"41,0 : 340.46"
"41,1 : 715.52"
"41,2 : 446.35"
"41,3 : 611.9"
"41,4 : 422.17"
"41,5 : 279.89"
"41,6 : 391.78"
"41,7 : 603.3"
"41,8 : 794.48"
"41,9 : 606.27"
"41,10 : 754.99"
"41,11 : 836.23"
"41,12 : 558.62"
"41,13 : 572.46"
"41,14 : 327.84"
"41,15 : 562.84"
"41,16 : 1045.47"
"41,17 : 793.14"
"41,18 : 757.27"
"41,19 : 259.53"
"41,20 : 905.56"
"41,21 : 396.89"
"41,22 : 301.72"
"41,23 : 762.87"
"41,24 : 551.67"
"41,25 : 668.18"
"41,26 : 161.97"
"41,27 : 788.53"
"41,28 : 619.93"
"41,29 : 144.2"
"41,30 : 941.61"
"41,31 : 739.39"
"41,32 : 163.68"
"41,33 : 393.28"
"41,34 : 867.45"
"41,35 : 357.11"
"41,36 : 614.06"
"41,37 : 316.31"
"41,38 : 649.1"
"41,39 : 563.45"
"41,40 : 462.53"
"41,41 : 0.0"
"41,42 : 86.49"
"41,43 : 839.45"
"41,44 : 297.07"
"41,45 : 109.04"
"41,46 : 192.0"
"41,47 : 891.96"
"41,48 : 771.62"
"41,49 : 215.1"
"42,0 : 318.57"
"42,1 : 656.27"
"42,2 : 403.58"
"42,3 : 588.14"
"42,4 : 507.02"
"42,5 : 330.41"
"42,6 : 323.21"
"42,7 : 612.85"
"42,8 : 800.72"
"42,9 : 626.83"
"42,10 : 718.57"
"42,11 : 861.48"
"42,12 : 557.6"
"42,13 : 633.25"
"42,14 : 394.69"
"42,15 : 521.71"
"42,16 : 1078.89"
"42,17 : 799.75"
"42,18 : 724.25"
"42,19 : 317.28"
"42,20 : 924.86"
"42,21 : 447.0"
"42,22 : 318.4"
"42,23 : 802.21"
"42,24 : 485.92"
"42,25 : 682.72"
"42,26 : 223.65"
"42,27 : 757.37"
"42,28 : 620.78"
"42,29 : 223.89"
"42,30 : 976.8"
"42,31 : 725.57"
"42,32 : 118.34"
"42,33 : 338.77"
"42,34 : 912.89"
"42,35 : 412.74"
"42,36 : 652.97"
"42,37 : 369.67"
"42,38 : 697.1"
"42,39 : 536.73"
"42,40 : 382.69"
"42,41 : 86.49"
"42,42 : 0.0"
"42,43 : 852.55"
"42,44 : 366.95"
"42,45 : 135.88"
"42,46 : 125.71"
"42,47 : 864.0"
"42,48 : 754.81"
"42,49 : 128.76"
"43,0 : 560.59"
"43,1 : 686.22"
"43,2 : 577.21"
"43,3 : 391.53"
"43,4 : 814.07"
"43,5 : 592.05"
"43,6 : 743.23"
"43,7 : 240.2"
"43,8 : 81.6"
"43,9 : 238.42"
"43,10 : 469.57"
"43,11 : 122.0"
"43,12 : 309.61"
"43,13 : 503.24"
"43,14 : 626.04"
"43,15 : 527.67"
"43,16 : 316.76"
"43,17 : 79.48"
"43,18 : 438.12"
"43,19 : 626.16"
"43,20 : 94.37"
"43,21 : 506.52"
"43,22 : 538.24"
"43,23 : 266.92"
"43,24 : 722.82"
"43,25 : 171.29"
"43,26 : 703.48"
"43,27 : 422.71"
"43,28 : 248.39"
"43,29 : 766.68"
"43,30 : 265.15"
"43,31 : 270.19"
"43,32 : 748.64"
"43,33 : 659.21"
"43,34 : 348.37"
"43,35 : 555.26"
"43,36 : 312.8"
"43,37 : 573.46"
"43,38 : 369.58"
"43,39 : 432.68"
"43,40 : 849.89"
"43,41 : 839.45"
"43,42 : 852.55"
"43,43 : 0.0"
"43,44 : 656.28"
"43,45 : 731.8"
"43,46 : 778.21"
"43,47 : 412.16"
"43,48 : 290.12"
"43,49 : 896.67"
"44,0 : 372.23"
"44,1 : 798.53"
"44,2 : 508.85"
"44,3 : 577.1"
"44,4 : 214.46"
"44,5 : 103.59"
"44,6 : 552.11"
"44,7 : 455.64"
"44,8 : 636.28"
"44,9 : 421.41"
"44,10 : 747.36"
"44,11 : 617.2"
"44,12 : 454.82"
"44,13 : 280.74"
"44,14 : 35.36"
"44,15 : 596.74"
"44,16 : 797.65"
"44,17 : 633.86"
"44,18 : 737.08"
"44,19 : 77.88"
"44,20 : 700.12"
"44,21 : 150.05"
"44,22 : 234.44"
"44,23 : 509.48"
"44,24 : 677.69"
"44,25 : 495.28"
"44,26 : 144.81"
"44,27 : 758.63"
"44,28 : 499.2"
"44,29 : 158.8"
"44,30 : 692.19"
"44,31 : 653.5"
"44,32 : 351.32"
"44,33 : 506.67"
"44,34 : 596.87"
"44,35 : 101.02"
"44,36 : 370.87"
"44,37 : 93.02"
"44,38 : 379.69"
"44,39 : 547.09"
"44,40 : 659.17"
"44,41 : 297.07"
"44,42 : 366.95"
"44,43 : 656.28"
"44,44 : 0.0"
"44,45 : 245.45"
"44,46 : 401.6"
"44,47 : 842.11"
"44,48 : 692.74"
"44,49 : 484.83"
"45,0 : 240.08"
"45,1 : 640.2"
"45,2 : 358.35"
"45,3 : 508.71"
"45,4 : 418.17"
"45,5 : 195.53"
"45,6 : 338.88"
"45,7 : 494.77"
"45,8 : 685.72"
"45,9 : 500.41"
"45,10 : 657.94"
"45,11 : 732.6"
"45,12 : 449.69"
"45,13 : 500.41"
"45,14 : 268.82"
"45,15 : 471.12"
"45,16 : 946.32"
"45,17 : 684.42"
"45,18 : 658.07"
"45,19 : 185.93"
"45,20 : 799.69"
"45,21 : 311.44"
"45,22 : 193.58"
"45,23 : 667.51"
"45,24 : 488.36"
"45,25 : 560.67"
"45,26 : 102.08"
"45,27 : 688.1"
"45,28 : 510.9"
"45,29 : 137.31"
"45,30 : 843.5"
"45,31 : 632.2"
"45,32 : 112.06"
"45,33 : 319.72"
"45,34 : 777.18"
"45,35 : 278.86"
"45,36 : 518.2"
"45,37 : 235.32"
"45,38 : 561.22"
"45,39 : 462.08"
"45,40 : 431.37"
"45,41 : 109.04"
"45,42 : 135.88"
"45,43 : 731.8"
"45,44 : 245.45"
"45,45 : 0.0"
"45,46 : 160.13"
"45,47 : 789.5"
"45,48 : 665.18"
"45,49 : 240.97"
"46,0 : 221.21"
"46,1 : 530.65"
"46,2 : 283.43"
"46,3 : 479.21"
"46,4 : 577.56"
"46,5 : 334.07"
"46,6 : 200.21"
"46,7 : 538.85"
"46,8 : 718.91"
"46,9 : 566.76"
"46,10 : 599.36"
"46,11 : 802.78"
"46,12 : 472.49"
"46,13 : 637.29"
"46,14 : 421.35"
"46,15 : 401.14"
"46,16 : 1029.02"
"46,17 : 718.38"
"46,18 : 607.06"
"46,19 : 334.39"
"46,20 : 857.35"
"46,21 : 440.01"
"46,22 : 272.42"
"46,23 : 765.12"
"46,24 : 361.71"
"46,25 : 613.24"
"46,26 : 261.43"
"46,27 : 641.19"
"46,28 : 536.12"
"46,29 : 292.72"
"46,30 : 930.68"
"46,31 : 623.65"
"46,32 : 50.49"
"46,33 : 213.85"
"46,34 : 883.65"
"46,35 : 417.53"
"46,36 : 618.78"
"46,37 : 374.04"
"46,38 : 676.39"
"46,39 : 426.13"
"46,40 : 275.77"
"46,41 : 192.0"
"46,42 : 125.71"
"46,43 : 778.21"
"46,44 : 401.6"
"46,45 : 160.13"
"46,46 : 0.0"
"46,47 : 749.38"
"46,48 : 649.83"
"46,49 : 119.04"
"47,0 : 551.51"
"47,1 : 379.76"
"47,2 : 468.18"
"47,3 : 280.86"
"47,4 : 1046.23"
"47,5 : 745.2"
"47,6 : 613.5"
"47,7 : 418.03"
"47,8 : 343.29"
"47,9 : 489.15"
"47,10 : 164.81"
"47,11 : 532.02"
"47,12 : 389.47"
"47,13 : 813.83"
"47,14 : 824.49"
"47,15 : 355.26"
"47,16 : 710.23"
"47,17 : 346.73"
"47,18 : 146.33"
"47,19 : 779.96"
"47,20 : 491.92"
"47,21 : 719.01"
"47,22 : 630.47"
"47,23 : 653.69"
"47,24 : 506.19"
"47,25 : 430.46"
"47,26 : 815.43"
"47,27 : 110.03"
"47,28 : 358.66"
"47,29 : 885.2"
"47,30 : 675.75"
"47,31 : 198.76"
"47,32 : 745.68"
"47,33 : 550.19"
"47,34 : 755.08"
"47,35 : 755.52"
"47,36 : 627.74"
"47,37 : 749.28"
"47,38 : 711.17"
"47,39 : 328.64"
"47,40 : 676.57"
"47,41 : 891.96"
"47,42 : 864.0"
"47,43 : 412.16"
"47,44 : 842.11"
"47,45 : 789.5"
"47,46 : 749.38"
"47,47 : 0.0"
"47,48 : 158.62"
"47,49 : 847.2"
"48,0 : 436.29"
"48,1 : 406.53"
"48,2 : 384.97"
"48,3 : 172.8"
"48,4 : 892.94"
"48,5 : 599.08"
"48,6 : 548.06"
"48,7 : 259.52"
"48,8 : 211.15"
"48,9 : 330.83"
"48,10 : 180.77"
"48,11 : 401.15"
"48,12 : 237.93"
