x,y
745,992
330,622
972,672
980,122
95,581
403,664
563,793
582,982
800,500
514,388
192,199
252,371
4,485
979,929
152,899
920,886
518,777
109,337
670,799
272,62
855,101
161,730
586,608
813,510
301,743
1000,669
774,329
445,680
679,448
192,535
238,616
89,627
116,657
781,531
405,659
121,593
720,917
123,806
196,431
42,297
780,679
265,37
630,126
701,466
101,69
689,657
384,719
741,887
619,686
395,180

Distanze
"0,0 : 0.0"
"0,1 : 144.7"
"0,2 : 493.64"
"0,3 : 738.77"
"0,4 : 175.87"
"0,5 : 775.98"
"0,6 : 294.86"
"0,7 : 701.42"
"0,8 : 951.89"
"0,9 : 374.79"
"0,10 : 763.45"
"0,11 : 548.84"
"0,12 : 918.61"
"0,13 : 657.75"
"0,14 : 455.41"
"0,15 : 409.59"
"0,16 : 675.45"
"0,17 : 648.84"
"0,18 : 926.78"
"0,19 : 82.76"
"0,20 : 586.46"
"0,21 : 517.81"
"0,22 : 1032.39"
"0,23 : 481.54"
"0,24 : 753.29"
"0,25 : 921.21"
"0,26 : 618.04"
"0,27 : 295.17"
"0,28 : 819.98"
"0,29 : 578.01"
"0,30 : 1126.43"
"0,31 : 580.52"
"0,32 : 511.06"
"0,33 : 220.66"
"0,34 : 226.11"
"0,35 : 401.5"
"0,36 : 730.3"
"0,37 : 1001.11"
"0,38 : 953.2"
"0,39 : 1061.82"
"0,40 : 870.15"
"0,41 : 721.07"
"0,42 : 594.87"
"0,43 : 344.26"
"0,44 : 316.36"
"0,45 : 859.73"
"0,46 : 446.36"
"0,47 : 909.46"
"0,48 : 978.96"
"0,49 : 825.75"
"1,0 : 144.7"
"1,1 : 0.0"
"1,2 : 588.49"
"1,3 : 858.15"
"1,4 : 293.44"
"1,5 : 738.31"
"1,6 : 425.3"
"1,7 : 675.81"
"1,8 : 1024.29"
"1,9 : 450.36"
"1,10 : 860.4"
"1,11 : 626.1"
"1,12 : 921.56"
"1,13 : 763.86"
"1,14 : 542.95"
"1,15 : 489.74"
"1,16 : 721.92"
"1,17 : 599.4"
"1,18 : 957.33"
"1,19 : 209.16"
"1,20 : 618.54"
"1,21 : 655.66"
"1,22 : 1081.68"
"1,23 : 501.03"
"1,24 : 717.18"
"1,25 : 955.87"
"1,26 : 648.17"
"1,27 : 180.65"
"1,28 : 748.35"
"1,29 : 661.44"
"1,30 : 1178.59"
"1,31 : 617.32"
"1,32 : 475.39"
"1,33 : 85.7"
"1,34 : 348.24"
"1,35 : 535.28"
"1,36 : 666.68"
"1,37 : 1008.97"
"1,38 : 1033.33"
"1,39 : 1101.19"
"1,40 : 821.38"
"1,41 : 731.17"
"1,42 : 648.44"
"1,43 : 485.85"
"1,44 : 329.53"
"1,45 : 800.76"
"1,46 : 350.35"
"1,47 : 945.4"
"1,48 : 998.48"
"1,49 : 894.24"
"2,0 : 493.64"
"2,1 : 588.49"
"2,2 : 0.0"
"2,3 : 307.33"
"2,4 : 320.04"
"2,5 : 639.22"
"2,6 : 254.03"
"2,7 : 547.22"
"2,8 : 469.55"
"2,9 : 151.0"
"2,10 : 272.08"
"2,11 : 97.05"
"2,12 : 612.42"
"2,13 : 183.04"
"2,14 : 53.94"
"2,15 : 111.36"
"2,16 : 284.7"
"2,17 : 595.04"
"2,18 : 536.26"
"2,19 : 411.6"
"2,20 : 284.06"
"2,21 : 306.11"
"2,22 : 586.57"
"2,23 : 298.46"
"2,24 : 617.82"
"2,25 : 520.04"
"2,26 : 306.34"
"2,27 : 604.8"
"2,28 : 791.56"
"2,29 : 97.99"
"2,30 : 670.72"
"2,31 : 264.3"
"2,32 : 481.06"
"2,33 : 673.3"
"2,34 : 279.46"
"2,35 : 241.67"
"2,36 : 697.09"
"2,37 : 667.26"
"2,38 : 463.15"
"2,39 : 636.3"
"2,40 : 748.4"
"2,41 : 438.32"
"2,42 : 209.57"
"2,43 : 324.76"
"2,44 : 337.88"
"2,45 : 776.55"
"2,46 : 629.01"
"2,47 : 506.2"
"2,48 : 613.39"
"2,49 : 353.83"
"3,0 : 738.77"
"3,1 : 858.15"
"3,2 : 307.33"
"3,3 : 0.0"
"3,4 : 566.58"
"3,5 : 899.99"
"3,6 : 446.83"
"3,7 : 812.3"
"3,8 : 436.07"
"3,9 : 455.09"
"3,10 : 189.66"
"3,11 : 347.82"
"3,12 : 792.68"
"3,13 : 141.01"
"3,14 : 361.14"
"3,15 : 417.38"
"3,16 : 481.93"
"3,17 : 882.13"
"3,18 : 656.65"
"3,19 : 657.64"
"3,20 : 542.03"
"3,21 : 290.04"
"3,22 : 619.01"
"3,23 : 593.46"
"3,24 : 881.18"
"3,25 : 631.8"
"3,26 : 552.41"
"3,27 : 902.28"
"3,28 : 1071.69"
"3,29 : 306.2"
"3,30 : 669.36"
"3,31 : 521.81"
"3,32 : 780.71"
"3,33 : 943.74"
"3,34 : 513.37"
"3,35 : 354.22"
"3,36 : 981.55"
"3,37 : 818.09"
"3,38 : 390.96"
"3,39 : 692.7"
"3,40 : 1004.57"
"3,41 : 665.9"
"3,42 : 446.22"
"3,43 : 443.93"
"3,44 : 643.86"
"3,45 : 1043.02"
"3,46 : 936.22"
"3,47 : 618.68"
"3,48 : 744.64"
"3,49 : 395.88"
"4,0 : 175.87"
"4,1 : 293.44"
"4,2 : 320.04"
"4,3 : 566.58"
"4,4 : 0.0"
"4,5 : 712.35"
"4,6 : 135.82"
"4,7 : 627.26"
"4,8 : 784.3"
"4,9 : 217.68"
"4,10 : 588.17"
"4,11 : 383.09"
"4,12 : 805.47"
"4,13 : 481.9"
"4,14 : 285.73"
"4,15 : 246.4"
"4,16 : 529.06"
"4,17 : 606.53"
"4,18 : 788.01"
"4,19 : 93.11"
"4,20 : 456.72"
"4,21 : 371.29"
"4,22 : 877.87"
"4,23 : 372.77"
"4,24 : 688.84"
"4,25 : 779.13"
"4,26 : 488.6"
"4,27 : 379.04"
"4,28 : 797.3"
"4,29 : 408.32"
"4,30 : 969.21"
"4,31 : 446.52"
"4,32 : 463.62"
"4,33 : 378.44"
"4,34 : 55.08"
"4,35 : 246.76"
"4,36 : 701.19"
"4,37 : 881.39"
"4,38 : 782.19"
"4,39 : 914.14"
"4,40 : 816.2"
"4,41 : 606.98"
"4,42 : 445.18"
"4,43 : 220.29"
"4,44 : 244.13"
"4,45 : 818.96"
"4,46 : 483.28"
"4,47 : 766.54"
"4,48 : 848.86"
"4,49 : 661.17"
"5,0 : 775.98"
"5,1 : 738.31"
"5,2 : 639.22"
"5,3 : 899.99"
"5,4 : 712.35"
"5,5 : 0.0"
"5,6 : 776.38"
"5,7 : 92.44"
"5,8 : 702.76"
"5,9 : 561.79"
"5,10 : 751.96"
"5,11 : 562.15"
"5,12 : 287.14"
"5,13 : 759.65"
"5,14 : 600.79"
"5,15 : 572.18"
"5,16 : 427.2"
"5,17 : 145.99"
"5,18 : 439.41"
"5,19 : 740.88"
"5,20 : 360.8"
"5,21 : 935.36"
"5,22 : 616.43"
"5,23 : 360.45"
"5,24 : 23.54"
"5,25 : 459.0"
"5,26 : 347.64"
"5,27 : 589.24"
"5,28 : 197.29"
"5,29 : 598.22"
"5,30 : 703.12"
"5,31 : 381.32"
"5,32 : 265.81"
"5,33 : 778.31"
"5,34 : 726.64"
"5,35 : 837.3"
"5,36 : 151.22"
"5,37 : 371.52"
"5,38 : 753.43"
"5,39 : 581.33"
"5,40 : 109.77"
"5,41 : 247.87"
"5,42 : 454.23"
"5,43 : 881.95"
"5,44 : 472.15"
"5,45 : 143.95"
"5,46 : 439.79"
"5,47 : 459.21"
"5,48 : 414.01"
"5,49 : 604.75"
"6,0 : 294.86"
"6,1 : 425.3"
"6,2 : 254.03"
"6,3 : 446.83"
"6,4 : 135.82"
"6,5 : 776.38"
"6,6 : 0.0"
"6,7 : 686.33"
"6,8 : 720.8"
"6,9 : 222.3"
"6,10 : 498.51"
"6,11 : 340.39"
"6,12 : 823.24"
"6,13 : 382.46"
"6,14 : 241.61"
"6,15 : 229.56"
"6,16 : 515.23"
"6,17 : 688.53"
"6,18 : 775.63"
"6,19 : 217.08"
"6,20 : 471.04"
"6,21 : 235.64"
"6,22 : 839.53"
"6,23 : 418.19"
"6,24 : 753.01"
"6,25 : 762.36"
"6,26 : 501.02"
"6,27 : 513.08"
"6,28 : 885.66"
"6,29 : 351.72"
"6,30 : 924.67"
"6,31 : 456.07"
"6,32 : 549.14"
"6,33 : 509.0"
"6,34 : 82.28"
"6,35 : 111.0"
"6,36 : 788.13"
"6,37 : 890.16"
"6,38 : 708.96"
"6,39 : 886.18"
"6,40 : 884.37"
"6,41 : 630.62"
"6,42 : 431.3"
"6,43 : 106.44"
"6,44 : 336.1"
"6,45 : 895.88"
"6,46 : 605.41"
"6,47 : 748.89"
"6,48 : 846.22"
"6,49 : 607.79"
"7,0 : 701.42"
"7,1 : 675.81"
"7,2 : 547.22"
"7,3 : 812.3"
"7,4 : 627.26"
"7,5 : 92.44"
"7,6 : 686.33"
"7,7 : 0.0"
"7,8 : 641.76"
"7,9 : 470.23"
"7,10 : 669.92"
"7,11 : 471.68"
"7,12 : 280.8"
"7,13 : 671.55"
"7,14 : 508.4"
"7,15 : 479.91"
"7,16 : 346.62"
"7,17 : 129.24"
"7,18 : 403.09"
"7,19 : 661.11"
"7,20 : 271.03"
"7,21 : 842.93"
"7,22 : 577.09"
"7,23 : 269.09"
"7,24 : 70.6"
"7,25 : 418.52"
"7,26 : 260.42"
"7,27 : 539.57"
"7,28 : 266.33"
"7,29 : 508.77"
"7,30 : 669.2"
"7,31 : 291.5"
"7,32 : 201.16"
"7,33 : 723.02"
"7,34 : 638.95"
"7,35 : 745.37"
"7,36 : 191.91"
"7,37 : 371.54"
"7,38 : 688.63"
"7,39 : 553.1"
"7,40 : 202.2"
"7,41 : 178.76"
"7,42 : 366.08"
"7,43 : 791.52"
"7,44 : 391.01"
"7,45 : 231.28"
"7,46 : 406.69"
"7,47 : 416.11"
"7,48 : 396.23"
"7,49 : 535.05"
"8,0 : 951.89"
"8,1 : 1024.29"
"8,2 : 469.55"
"8,3 : 436.07"
"8,4 : 784.3"
"8,5 : 702.76"
"8,6 : 720.8"
"8,7 : 641.76"
"8,8 : 0.0"
"8,9 : 578.51"
"8,10 : 257.72"
"8,11 : 403.07"
"8,12 : 479.85"
"8,13 : 373.49"
"8,14 : 498.57"
"8,15 : 542.37"
"8,16 : 333.1"
"8,17 : 757.59"
"8,18 : 302.48"
"8,19 : 872.4"
"8,20 : 450.64"
"8,21 : 679.31"
"8,22 : 192.77"
"8,23 : 567.04"
"8,24 : 693.08"
"8,25 : 275.18"
"8,26 : 433.71"
"8,27 : 988.34"
"8,28 : 899.65"
"8,29 : 376.19"
"8,30 : 233.42"
"8,31 : 440.93"
"8,32 : 723.95"
"8,33 : 1104.34"
"8,34 : 747.92"
"8,35 : 679.66"
"8,36 : 833.64"
"8,37 : 463.89"
"8,38 : 62.48"
"8,39 : 272.62"
"8,40 : 781.73"
"8,41 : 463.04"
"8,42 : 384.73"
"8,43 : 773.98"
"8,44 : 712.44"
"8,45 : 838.49"
"8,46 : 943.07"
"8,47 : 267.44"
"8,48 : 381.61"
"8,49 : 131.52"
"9,0 : 374.79"
"9,1 : 450.36"
"9,2 : 151.0"
"9,3 : 455.09"
"9,4 : 217.68"
"9,5 : 561.79"
"9,6 : 222.3"
"9,7 : 470.23"
"9,8 : 578.51"
"9,9 : 0.0"
"9,10 : 415.23"
"9,11 : 176.41"
"9,12 : 603.61"
"9,13 : 334.01"
"9,14 : 98.41"
"9,15 : 40.79"
"9,16 : 311.85"
"9,17 : 489.49"
"9,18 : 571.95"
"9,19 : 297.96"
"9,20 : 250.65"
"9,21 : 382.99"
"9,22 : 661.11"
"9,23 : 201.36"
"9,24 : 538.77"
"9,25 : 562.2"
"9,26 : 281.5"
"9,27 : 454.13"
"9,28 : 688.93"
"9,29 : 211.21"
"9,30 : 753.54"
"9,31 : 237.17"
"9,32 : 360.0"
"9,33 : 533.39"
"9,34 : 199.18"
"9,35 : 276.14"
"9,36 : 591.74"
"9,37 : 674.04"
"9,38 : 583.85"
"9,39 : 696.46"
"9,40 : 671.06"
"9,41 : 409.02"
"9,42 : 227.64"
"9,43 : 324.1"
"9,44 : 188.96"
"9,45 : 688.43"
"9,46 : 482.75"
"9,47 : 549.46"
"9,48 : 635.98"
"9,49 : 451.19"
"10,0 : 763.45"
"10,1 : 860.4"
"10,2 : 272.08"
"10,3 : 189.66"
"10,4 : 588.17"
"10,5 : 751.96"
"10,6 : 498.51"
"10,7 : 669.92"
"10,8 : 257.72"
"10,9 : 415.23"
"10,10 : 0.0"
"10,11 : 254.13"
"10,12 : 613.33"
"10,13 : 121.76"
"10,14 : 318.5"
"10,15 : 374.51"
"10,16 : 324.78"
"10,17 : 757.45"
"10,18 : 469.09"
"10,19 : 680.87"
"10,20 : 410.82"
"10,21 : 423.6"
"10,22 : 432.26"
"10,23 : 492.38"
"10,24 : 735.44"
"10,25 : 443.69"
"10,26 : 412.44"
"10,27 : 865.75"
"10,28 : 935.41"
"10,29 : 210.61"
"10,30 : 489.74"
"10,31 : 392.51"
"10,32 : 677.69"
"10,33 : 945.01"
"10,34 : 542.81"
"10,35 : 438.27"
"10,36 : 851.46"
"10,37 : 632.44"
"10,38 : 224.62"
"10,39 : 504.23"
"10,40 : 851.24"
"10,41 : 507.8"
"10,42 : 314.96"
"10,43 : 534.13"
"10,44 : 589.17"
"10,45 : 895.88"
"10,46 : 864.75"
"10,47 : 430.82"
"10,48 : 557.23"
"10,49 : 206.5"
"11,0 : 548.84"
"11,1 : 626.1"
"11,2 : 97.05"
"11,3 : 347.82"
"11,4 : 383.09"
"11,5 : 562.15"
"11,6 : 340.39"
"11,7 : 471.68"
"11,8 : 403.07"
"11,9 : 176.41"
"11,10 : 254.13"
"11,11 : 0.0"
"11,12 : 516.58"
"11,13 : 207.95"
"11,14 : 100.34"
"11,15 : 139.31"
"11,16 : 187.77"
"11,17 : 534.51"
"11,18 : 440.39"
"11,19 : 469.69"
"11,20 : 201.53"
"11,21 : 399.96"
"11,22 : 500.72"
"11,23 : 247.78"
"11,24 : 541.87"
"11,25 : 424.99"
"11,26 : 219.13"
"11,27 : 614.48"
"11,28 : 725.94"
"11,29 : 44.72"
"11,30 : 588.84"
"11,31 : 181.04"
"11,32 : 435.74"
"11,33 : 708.39"
"11,34 : 351.21"
"11,35 : 338.33"
"11,36 : 634.5"
"11,37 : 570.27"
"11,38 : 407.49"
"11,39 : 545.79"
"11,40 : 669.9"
"11,41 : 347.96"
"11,42 : 116.08"
"11,43 : 418.95"
"11,44 : 336.2"
"11,45 : 702.87"
"11,46 : 611.58"
"11,47 : 411.26"
"11,48 : 516.61"
"11,49 : 278.1"
"12,0 : 918.61"
"12,1 : 921.56"
"12,2 : 612.42"
"12,3 : 792.68"
"12,4 : 805.47"
"12,5 : 287.14"
"12,6 : 823.24"
"12,7 : 280.8"
"12,8 : 479.85"
"12,9 : 603.61"
"12,10 : 613.33"
"12,11 : 516.58"
"12,12 : 0.0"
"12,13 : 665.51"
"12,14 : 595.45"
"12,15 : 594.01"
"12,16 : 330.65"
"12,17 : 407.04"
"12,18 : 180.16"
"12,19 : 862.21"
"12,20 : 352.96"
"12,21 : 916.23"
"12,22 : 349.29"
"12,23 : 438.12"
"12,24 : 290.46"
"12,25 : 206.2"
"12,26 : 322.35"
"12,27 : 805.58"
"12,28 : 471.7"
"12,29 : 534.88"
"12,30 : 426.2"
"12,31 : 367.2"
"12,32 : 465.86"
"12,33 : 979.19"
"12,34 : 799.9"
"12,35 : 848.68"
"12,36 : 438.3"
"12,37 : 91.24"
"12,38 : 539.2"
"12,39 : 301.01"
"12,40 : 328.05"
"12,41 : 198.88"
"12,42 : 403.34"
"12,43 : 918.43"
"12,44 : 603.71"
"12,45 : 392.08"
"12,46 : 685.19"
"12,47 : 212.61"
"12,48 : 129.39"
"12,49 : 420.78"
"13,0 : 657.75"
"13,1 : 763.86"
"13,2 : 183.04"
"13,3 : 141.01"
"13,4 : 481.9"
"13,5 : 759.65"
"13,6 : 382.46"
"13,7 : 671.55"
"13,8 : 373.49"
"13,9 : 334.01"
"13,10 : 121.76"
"13,11 : 207.95"
"13,12 : 665.51"
"13,13 : 0.0"
"13,14 : 236.08"
"13,15 : 294.04"
"13,16 : 345.85"
"13,17 : 741.56"
"13,18 : 543.34"
"13,19 : 575.0"
"13,20 : 401.08"
"13,21 : 306.04"
"13,22 : 535.63"
"13,23 : 455.11"
"13,24 : 740.63"
"13,25 : 520.5"
"13,26 : 412.01"
"13,27 : 787.78"
"13,28 : 930.68"
"13,29 : 165.5"
"13,30 : 601.57"
"13,31 : 380.83"
"13,32 : 642.92"
"13,33 : 849.34"
"13,34 : 433.35"
"13,35 : 316.9"
"13,36 : 840.71"
"13,37 : 698.87"
"13,38 : 345.35"
"13,39 : 602.1"
"13,40 : 864.84"
"13,41 : 528.28"
"13,42 : 305.55"
"13,43 : 412.8"
"13,44 : 519.54"
"13,45 : 902.44"
"13,46 : 807.7"
"13,47 : 506.79"
"13,48 : 629.92"
"13,49 : 297.02"
"14,0 : 455.41"
"14,1 : 542.95"
"14,2 : 53.94"
"14,3 : 361.14"
"14,4 : 285.73"
"14,5 : 600.79"
"14,6 : 241.61"
"14,7 : 508.4"
"14,8 : 498.57"
"14,9 : 98.41"
"14,10 : 318.5"
"14,11 : 100.34"
"14,12 : 595.45"
"14,13 : 236.08"
"14,14 : 0.0"
"14,15 : 58.01"
"14,16 : 275.98"
"14,17 : 548.94"
"14,18 : 534.86"
"14,19 : 374.67"
"14,20 : 253.93"
"14,21 : 335.86"
"14,22 : 601.04"
"14,23 : 251.79"
"14,24 : 578.83"
"14,25 : 521.0"
"14,26 : 279.65"
"14,27 : 552.52"
"14,28 : 746.75"
"14,29 : 122.79"
"14,30 : 689.05"
"14,31 : 235.44"
"14,32 : 431.0"
"14,33 : 627.1"
"14,34 : 251.4"
"14,35 : 253.43"
"14,36 : 651.36"
"14,37 : 656.11"
"14,38 : 497.8"
"14,39 : 645.16"
"14,40 : 710.44"
"14,41 : 412.8"
"14,42 : 194.06"
"14,43 : 326.04"
"14,44 : 284.04"
"14,45 : 735.62"
"14,46 : 575.12"
"14,47 : 507.47"
"14,48 : 607.65"
"14,49 : 376.57"
"15,0 : 409.59"
"15,1 : 489.74"
"15,2 : 111.36"
"15,3 : 417.38"
"15,4 : 246.4"
"15,5 : 572.18"
"15,6 : 229.56"
"15,7 : 479.91"
"15,8 : 542.37"
"15,9 : 40.79"
"15,10 : 374.51"
"15,11 : 139.31"
"15,12 : 594.01"
"15,13 : 294.04"
"15,14 : 58.01"
"15,15 : 0.0"
"15,16 : 289.67"
"15,17 : 509.08"
"15,18 : 550.89"
"15,19 : 330.93"
"15,20 : 243.0"
"15,21 : 364.8"
"15,22 : 631.82"
"15,23 : 214.48"
"15,24 : 549.56"
"15,25 : 539.56"
"15,26 : 272.22"
"15,27 : 494.62"
"15,28 : 708.18"
"15,29 : 171.77"
"15,30 : 722.81"
"15,31 : 227.14"
"15,32 : 384.81"
"15,33 : 573.17"
"15,34 : 220.57"
"15,35 : 266.74"
"15,36 : 611.66"
"15,37 : 660.72"
"15,38 : 545.84"
"15,39 : 670.4"
"15,40 : 681.89"
"15,41 : 403.41"
"15,42 : 204.92"
"15,43 : 325.58"
"15,44 : 226.72"
"15,45 : 702.81"
"15,46 : 519.06"
"15,47 : 526.48"
"15,48 : 618.47"
"15,49 : 416.5"
"16,0 : 675.45"
"16,1 : 721.92"
"16,2 : 284.7"
"16,3 : 481.93"
"16,4 : 529.06"
"16,5 : 427.2"
"16,6 : 515.23"
"16,7 : 346.62"
"16,8 : 333.1"
"16,9 : 311.85"
"16,10 : 324.78"
"16,11 : 187.77"
"16,12 : 330.65"
"16,13 : 345.85"
"16,14 : 275.98"
"16,15 : 289.67"
"16,16 : 0.0"
"16,17 : 444.11"
"16,18 : 261.23"
"16,19 : 604.22"
"16,20 : 117.72"
"16,21 : 586.0"
"16,22 : 359.92"
"16,23 : 237.12"
"16,24 : 410.94"
"16,25 : 250.4"
"16,26 : 102.04"
"16,27 : 663.54"
"16,28 : 612.88"
"16,29 : 204.32"
"16,30 : 456.68"
"16,31 : 110.02"
"16,32 : 392.48"
"16,33 : 796.54"
"16,34 : 509.39"
"16,35 : 525.0"
"16,36 : 532.62"
"16,37 : 382.58"
"16,38 : 365.86"
"16,39 : 386.63"
"16,40 : 527.11"
"16,41 : 184.66"
"16,42 : 84.76"
"16,43 : 601.9"
"16,44 : 396.01"
"16,45 : 571.11"
"16,46 : 610.0"
"16,47 : 237.61"
"16,48 : 331.67"
"16,49 : 206.7"
"17,0 : 648.84"
"17,1 : 599.4"
"17,2 : 595.04"
"17,3 : 882.13"
"17,4 : 606.53"
"17,5 : 145.99"
"17,6 : 688.53"
"17,7 : 129.24"
"17,8 : 757.59"
"17,9 : 489.49"
"17,10 : 757.45"
"17,11 : 534.51"
"17,12 : 407.04"
"17,13 : 741.56"
"17,14 : 548.94"
"17,15 : 509.08"
"17,16 : 444.11"
"17,17 : 0.0"
"17,18 : 531.45"
"17,19 : 622.44"
"17,20 : 346.78"
"17,21 : 872.26"
"17,22 : 704.16"
"17,23 : 297.15"
"17,24 : 129.4"
"17,25 : 545.98"
"17,26 : 346.61"
"17,27 : 444.78"
"17,28 : 199.44"
"17,29 : 576.07"
"17,30 : 797.28"
"17,31 : 365.64"
"17,32 : 143.0"
"17,33 : 635.23"
"17,34 : 628.96"
"17,35 : 763.37"
"17,36 : 102.59"
"17,37 : 496.75"
"17,38 : 800.81"
"17,39 : 682.11"
"17,40 : 222.65"
"17,41 : 297.89"
"17,42 : 443.51"
"17,43 : 794.94"
"17,44 : 362.41"
"17,45 : 213.24"
"17,46 : 294.0"
"17,47 : 542.89"
"17,48 : 525.12"
"17,49 : 643.77"
"18,0 : 926.78"
"18,1 : 957.33"
"18,2 : 536.26"
"18,3 : 656.65"
"18,4 : 788.01"
"18,5 : 439.41"
"18,6 : 775.63"
"18,7 : 403.09"
"18,8 : 302.48"
"18,9 : 571.95"
"18,10 : 469.09"
"18,11 : 440.39"
"18,12 : 180.16"
"18,13 : 543.34"
"18,14 : 534.86"
"18,15 : 550.89"
"18,16 : 261.23"
"18,17 : 531.45"
"18,18 : 0.0"
"18,19 : 859.35"
"18,20 : 341.16"
"18,21 : 823.92"
"18,22 : 177.05"
"18,23 : 456.33"
"18,24 : 436.03"
"18,25 : 27.59"
"18,26 : 310.27"
"18,27 : 870.44"
"18,28 : 634.1"
"18,29 : 444.36"
"18,30 : 266.17"
"18,31 : 346.26"
"18,32 : 548.62"
"18,33 : 1025.45"
"18,34 : 770.29"
"18,35 : 777.82"
"18,36 : 585.32"
"18,37 : 166.4"
"18,38 : 363.28"
"18,39 : 153.47"
"18,40 : 499.81"
"18,41 : 246.83"
"18,42 : 345.96"
"18,43 : 859.16"
"18,44 : 627.98"
"18,45 : 561.43"
"18,46 : 777.98"
"18,47 : 38.59"
"18,48 : 88.14"
"18,49 : 264.49"
"19,0 : 82.76"
"19,1 : 209.16"
"19,2 : 411.6"
"19,3 : 657.64"
"19,4 : 93.11"
"19,5 : 740.88"
"19,6 : 217.08"
"19,7 : 661.11"
"19,8 : 872.4"
"19,9 : 297.96"
"19,10 : 680.87"
"19,11 : 469.69"
"19,12 : 862.21"
"19,13 : 575.0"
"19,14 : 374.67"
"19,15 : 330.93"
"19,16 : 604.22"
"19,17 : 622.44"
"19,18 : 859.35"
"19,19 : 0.0"
"19,20 : 521.58"
"19,21 : 446.61"
"19,22 : 958.42"
"19,23 : 424.24"
"19,24 : 717.67"
"19,25 : 852.37"
"19,26 : 553.47"
"19,27 : 325.0"
"19,28 : 803.9"
"19,29 : 497.44"
"19,30 : 1051.39"
"19,31 : 513.88"
"19,32 : 480.69"
"19,33 : 292.04"
"19,34 : 144.31"
"19,35 : 326.34"
"19,36 : 710.65"
"19,37 : 942.06"
"19,38 : 872.32"
"19,39 : 990.79"
"19,40 : 839.94"
"19,41 : 663.49"
"19,42 : 522.03"
"19,43 : 279.55"
"19,44 : 270.15"
"19,45 : 835.5"
"19,46 : 455.03"
"19,47 : 840.24"
"19,48 : 915.36"
"19,49 : 747.41"
"20,0 : 586.46"
"20,1 : 618.54"
"20,2 : 284.06"
"20,3 : 542.03"
"20,4 : 456.72"
"20,5 : 360.8"
"20,6 : 471.04"
"20,7 : 271.03"
"20,8 : 450.64"
"20,9 : 250.65"
"20,10 : 410.82"
"20,11 : 201.53"
"20,12 : 352.96"
"20,13 : 401.08"
"20,14 : 253.93"
"20,15 : 243.0"
"20,16 : 117.72"
"20,17 : 346.78"
"20,18 : 341.16"
"20,19 : 521.58"
"20,20 : 0.0"
"20,21 : 588.25"
"20,22 : 466.86"
"20,23 : 122.04"
"20,24 : 340.83"
"20,25 : 337.81"
"20,26 : 31.95"
"20,27 : 548.97"
"20,28 : 530.3"
"20,29 : 237.74"
"20,30 : 565.0"
"20,31 : 20.52"
"20,32 : 278.0"
"20,33 : 689.78"
"20,34 : 447.67"
"20,35 : 505.26"
"20,36 : 442.54"
"20,37 : 425.08"
"20,38 : 481.51"
"20,39 : 482.65"
"20,40 : 468.37"
"20,41 : 160.51"
"20,42 : 97.13"
"20,43 : 568.57"
"20,44 : 289.23"
"20,45 : 502.29"
"20,46 : 492.44"
"20,47 : 327.02"
"20,48 : 393.79"
"20,49 : 322.89"
"21,0 : 517.81"
"21,1 : 655.66"
"21,2 : 306.11"
"21,3 : 290.04"
"21,4 : 371.29"
"21,5 : 935.36"
"21,6 : 235.64"
"21,7 : 842.93"
"21,8 : 679.31"
"21,9 : 382.99"
"21,10 : 423.6"
"21,11 : 399.96"
"21,12 : 916.23"
"21,13 : 306.04"
"21,14 : 335.86"
"21,15 : 364.8"
"21,16 : 586.0"
"21,17 : 872.26"
"21,18 : 823.92"
"21,19 : 446.61"
"21,20 : 588.25"
"21,21 : 0.0"
"21,22 : 838.43"
"21,23 : 579.28"
"21,24 : 913.07"
"21,25 : 804.22"
"21,26 : 611.92"
"21,27 : 748.25"
"21,28 : 1071.67"
"21,29 : 383.26"
"21,30 : 907.33"
"21,31 : 569.0"
"21,32 : 742.08"
"21,33 : 737.24"
"21,34 : 317.81"
"21,35 : 125.92"
"21,36 : 974.63"
"21,37 : 966.05"
"21,38 : 647.93"
"21,39 : 901.13"
"21,40 : 1045.13"
"21,41 : 744.32"
"21,42 : 515.12"
"21,43 : 178.76"
"21,44 : 546.85"
"21,45 : 1067.54"
"21,46 : 831.43"
"21,47 : 790.23"
"21,48 : 906.19"
"21,49 : 597.52"
"22,0 : 1032.39"
"22,1 : 1081.68"
"22,2 : 586.57"
"22,3 : 619.01"
"22,4 : 877.87"
"22,5 : 616.43"
"22,6 : 839.53"
"22,7 : 577.09"
"22,8 : 192.77"
"22,9 : 661.11"
"22,10 : 432.26"
"22,11 : 500.72"
"22,12 : 349.29"
"22,13 : 535.63"
"22,14 : 601.04"
"22,15 : 631.82"
"22,16 : 359.92"
"22,17 : 704.16"
"22,18 : 177.05"
"22,19 : 958.42"
"22,20 : 466.86"
"22,21 : 838.43"
"22,22 : 0.0"
"22,23 : 588.6"
"22,24 : 612.73"
"22,25 : 158.68"
"22,26 : 440.11"
"22,27 : 1014.01"
"22,28 : 811.03"
"22,29 : 488.6"
"22,30 : 98.48"
"22,31 : 465.43"
"22,32 : 707.8"
"22,33 : 1155.4"
"22,34 : 850.64"
"22,35 : 818.41"
"22,36 : 761.7"
"22,37 : 305.57"
"22,38 : 252.72"
"22,39 : 80.78"
"22,40 : 674.85"
"22,41 : 411.11"
"22,42 : 437.66"
"22,43 : 908.37"
"22,44 : 754.38"
"22,45 : 737.28"
"22,46 : 936.81"
"22,47 : 161.3"
"22,48 : 227.09"
"22,49 : 241.24"
"23,0 : 481.54"
"23,1 : 501.03"
"23,2 : 298.46"
"23,3 : 593.46"
"23,4 : 372.77"
"23,5 : 360.45"
"23,6 : 418.19"
"23,7 : 269.09"
"23,8 : 567.04"
"23,9 : 201.36"
"23,10 : 492.38"
"23,11 : 247.78"
"23,12 : 438.12"
"23,13 : 455.11"
"23,14 : 251.79"
"23,15 : 214.48"
"23,16 : 237.12"
"23,17 : 297.15"
"23,18 : 456.33"
"23,19 : 424.24"
"23,20 : 122.04"
"23,21 : 579.28"
"23,22 : 588.6"
"23,23 : 0.0"
"23,24 : 337.42"
"23,25 : 455.52"
"23,26 : 148.92"
"23,27 : 427.07"
"23,28 : 495.18"
"23,29 : 291.89"
"23,30 : 686.84"
"23,31 : 127.12"
"23,32 : 187.97"
"23,33 : 569.94"
"23,34 : 376.28"
"23,35 : 477.19"
"23,36 : 399.57"
"23,37 : 519.58"
"23,38 : 593.32"
"23,39 : 601.77"
"23,40 : 469.71"
"23,41 : 239.74"
"23,42 : 188.07"
"23,43 : 522.82"
"23,44 : 172.05"
"23,45 : 488.48"
"23,46 : 380.44"
"23,47 : 445.48"
"23,48 : 500.09"
"23,49 : 436.96"
"24,0 : 753.29"
"24,1 : 717.18"
"24,2 : 617.82"
"24,3 : 881.18"
"24,4 : 688.84"
"24,5 : 23.54"
"24,6 : 753.01"
"24,7 : 70.6"
"24,8 : 693.08"
"24,9 : 538.77"
"24,10 : 735.44"
"24,11 : 541.87"
"24,12 : 290.46"
"24,13 : 740.63"
"24,14 : 578.83"
"24,15 : 549.56"
"24,16 : 410.94"
"24,17 : 129.4"
"24,18 : 436.03"
"24,19 : 717.67"
"24,20 : 340.83"
"24,21 : 913.07"
"24,22 : 612.73"
"24,23 : 337.42"
"24,24 : 0.0"
"24,25 : 454.58"
"24,26 : 328.8"
"24,27 : 570.02"
"24,28 : 206.9"
"24,29 : 578.5"
"24,30 : 701.03"
"24,31 : 361.33"
"24,32 : 243.67"
"24,33 : 758.33"
"24,34 : 703.11"
"24,35 : 814.42"
"24,36 : 149.83"
"24,37 : 377.07"
"24,38 : 742.65"
"24,39 : 580.5"
"24,40 : 132.38"
"24,41 : 234.44"
"24,42 : 435.08"
"24,43 : 858.63"
"24,44 : 448.79"
"24,45 : 161.84"
"24,46 : 423.25"
"24,47 : 454.09"
"24,48 : 415.32"
"24,49 : 592.3"
"25,0 : 921.21"
"25,1 : 955.87"
"25,2 : 520.04"
"25,3 : 631.8"
"25,4 : 779.13"
"25,5 : 459.0"
"25,6 : 762.36"
"25,7 : 418.52"
"25,8 : 275.18"
"25,9 : 562.2"
"25,10 : 443.69"
"25,11 : 424.99"
"25,12 : 206.2"
"25,13 : 520.5"
"25,14 : 521.0"
"25,15 : 539.56"
"25,16 : 250.4"
"25,17 : 545.98"
"25,18 : 27.59"
"25,19 : 852.37"
"25,20 : 337.81"
"25,21 : 804.22"
"25,22 : 158.68"
"25,23 : 455.52"
"25,24 : 454.58"
"25,25 : 0.0"
"25,26 : 307.72"
"25,27 : 873.79"
"25,28 : 654.69"
"25,29 : 426.7"
"25,30 : 251.75"
"25,31 : 341.3"
"25,32 : 556.59"
"25,33 : 1025.4"
"25,34 : 759.68"
"25,35 : 761.21"
"25,36 : 603.25"
"25,37 : 193.66"
"25,38 : 335.83"
"25,39 : 147.27"
"25,40 : 522.71"
"25,41 : 256.07"
"25,42 : 335.01"
"25,43 : 843.92"
"25,44 : 626.34"
"25,45 : 583.65"
"25,46 : 786.13"
"25,47 : 14.0"
"25,48 : 114.24"
"25,49 : 238.37"
"26,0 : 618.04"
"26,1 : 648.17"
"26,2 : 306.34"
"26,3 : 552.41"
"26,4 : 488.6"
"26,5 : 347.64"
"26,6 : 501.02"
"26,7 : 260.42"
"26,8 : 433.71"
"26,9 : 281.5"
"26,10 : 412.44"
"26,11 : 219.13"
"26,12 : 322.35"
"26,13 : 412.01"
"26,14 : 279.65"
"26,15 : 272.22"
"26,16 : 102.04"
"26,17 : 346.61"
"26,18 : 310.27"
"26,19 : 553.47"
"26,20 : 31.95"
"26,21 : 611.92"
"26,22 : 440.11"
"26,23 : 148.92"
"26,24 : 328.8"
"26,25 : 307.72"
"26,26 : 0.0"
"26,27 : 574.17"
"26,28 : 523.81"
"26,29 : 251.86"
"26,30 : 538.48"
"26,31 : 45.1"
"26,32 : 290.66"
"26,33 : 718.47"
"26,34 : 479.07"
"26,35 : 532.26"
"26,36 : 439.05"
"26,37 : 393.43"
"26,38 : 467.84"
"26,39 : 453.3"
"26,40 : 453.38"
"26,41 : 133.15"
"26,42 : 106.79"
"26,43 : 597.55"
"26,44 : 318.65"
"26,45 : 490.64"
"26,46 : 510.57"
"26,47 : 297.26"
"26,48 : 361.88"
"26,49 : 308.65"
"27,0 : 295.17"
"27,1 : 180.65"
"27,2 : 604.8"
"27,3 : 902.28"
"27,4 : 379.04"
"27,5 : 589.24"
"27,6 : 513.08"
"27,7 : 539.57"
"27,8 : 988.34"
"27,9 : 454.13"
"27,10 : 865.75"
"27,11 : 614.48"
"27,12 : 805.58"
"27,13 : 787.78"
"27,14 : 552.52"
"27,15 : 494.62"
"27,16 : 663.54"
"27,17 : 444.78"
"27,18 : 870.44"
"27,19 : 325.0"
"27,20 : 548.97"
"27,21 : 748.25"
"27,22 : 1014.01"
"27,23 : 427.07"
"27,24 : 570.02"
"27,25 : 873.79"
"27,26 : 574.17"
"27,27 : 0.0"
"27,28 : 575.73"
"27,29 : 656.07"
"27,30 : 1112.46"
"27,31 : 553.64"
"27,32 : 340.9"
"27,33 : 192.68"
"27,34 : 430.81"
"27,35 : 622.49"
"27,36 : 499.77"
"27,37 : 895.98"
"27,38 : 1008.07"
"27,39 : 1021.06"
"27,40 : 661.94"
"27,41 : 629.35"
"27,42 : 603.62"
"27,43 : 596.89"
"27,44 : 279.26"
"27,45 : 634.74"
"27,46 : 172.24"
"27,47 : 865.13"
"27,48 : 898.12"
"27,49 : 856.93"
"28,0 : 819.98"
"28,1 : 748.35"
"28,2 : 791.56"
"28,3 : 1071.69"
"28,4 : 797.3"
"28,5 : 197.29"
"28,6 : 885.66"
"28,7 : 266.33"
"28,8 : 899.65"
"28,9 : 688.93"
"28,10 : 935.41"
"28,11 : 725.94"
"28,12 : 471.7"
"28,13 : 930.68"
"28,14 : 746.75"
"28,15 : 708.18"
"28,16 : 612.88"
"28,17 : 199.44"
"28,18 : 634.1"
"28,19 : 803.9"
"28,20 : 530.3"
"28,21 : 1071.67"
"28,22 : 811.03"
"28,23 : 495.18"
"28,24 : 206.9"
"28,25 : 654.69"
"28,26 : 523.81"
"28,27 : 575.73"
"28,28 : 0.0"
"28,29 : 765.82"
"28,30 : 895.18"
"28,31 : 550.27"
"28,32 : 336.65"
"28,33 : 767.43"
"28,34 : 823.33"
"28,35 : 962.54"
"28,36 : 97.64"
"28,37 : 547.76"
"28,38 : 949.54"
"28,39 : 771.5"
"28,40 : 154.35"
"28,41 : 440.86"
"28,42 : 627.16"
"28,43 : 991.92"
"28,44 : 554.62"
"28,45 : 91.53"
"28,46 : 404.79"
"28,47 : 655.48"
"28,48 : 600.97"
"28,49 : 798.86"
"29,0 : 578.01"
"29,1 : 661.44"
"29,2 : 97.99"
"29,3 : 306.2"
"29,4 : 408.32"
"29,5 : 598.22"
"29,6 : 351.72"
"29,7 : 508.77"
"29,8 : 376.19"
"29,9 : 211.21"
"29,10 : 210.61"
"29,11 : 44.72"
"29,12 : 534.88"
"29,13 : 165.5"
"29,14 : 122.79"
"29,15 : 171.77"
"29,16 : 204.32"
"29,17 : 576.07"
"29,18 : 444.36"
"29,19 : 497.44"
"29,20 : 237.74"
"29,21 : 383.26"
"29,22 : 488.6"
"29,23 : 291.89"
"29,24 : 578.5"
"29,25 : 426.7"
"29,26 : 251.86"
"29,27 : 656.07"
"29,28 : 765.82"
"29,29 : 0.0"
"29,30 : 572.96"
"29,31 : 217.28"
"29,32 : 479.82"
"29,33 : 744.6"
"29,34 : 372.06"
"29,35 : 335.23"
"29,36 : 675.35"
"29,37 : 582.8"
"29,38 : 375.25"
"29,39 : 539.16"
"29,40 : 704.97"
"29,41 : 376.11"
"29,42 : 145.42"
"29,43 : 421.45"
"29,44 : 378.68"
"29,45 : 740.02"
"29,46 : 656.06"
"29,47 : 412.75"
"29,48 : 524.34"
"29,49 : 256.84"
"30,0 : 1126.43"
"30,1 : 1178.59"
"30,2 : 670.72"
"30,3 : 669.36"
"30,4 : 969.21"
"30,5 : 703.12"
"30,6 : 924.67"
"30,7 : 669.2"
"30,8 : 233.42"
"30,9 : 753.54"
"30,10 : 489.74"
"30,11 : 588.84"
"30,12 : 426.2"
"30,13 : 601.57"
"30,14 : 689.05"
"30,15 : 722.81"
"30,16 : 456.68"
"30,17 : 797.28"
"30,18 : 266.17"
"30,19 : 1051.39"
"30,20 : 565.0"
"30,21 : 907.33"
"30,22 : 98.48"
"30,23 : 686.84"
"30,24 : 701.03"
"30,25 : 251.75"
"30,26 : 538.48"
"30,27 : 1112.46"
"30,28 : 895.18"
"30,29 : 572.96"
"30,30 : 0.0"
"30,31 : 563.17"
"30,32 : 805.29"
"30,33 : 1252.9"
"30,34 : 939.94"
"30,35 : 896.73"
"30,36 : 850.69"
"30,37 : 367.93"
"30,38 : 282.2"
"30,39 : 126.02"
"30,40 : 754.24"
"30,41 : 507.03"
"30,42 : 532.62"
"30,43 : 988.65"
"30,44 : 851.96"
"30,45 : 818.02"
"30,46 : 1034.52"
"30,47 : 256.32"
"30,48 : 297.89"
"30,49 : 318.14"
"31,0 : 580.52"
"31,1 : 617.32"
"31,2 : 264.3"
"31,3 : 521.81"
"31,4 : 446.52"
"31,5 : 381.32"
"31,6 : 456.07"
"31,7 : 291.5"
"31,8 : 440.93"
"31,9 : 237.17"
"31,10 : 392.51"
"31,11 : 181.04"
"31,12 : 367.2"
"31,13 : 380.83"
"31,14 : 235.44"
"31,15 : 227.14"
"31,16 : 110.02"
"31,17 : 365.64"
"31,18 : 346.26"
"31,19 : 513.88"
"31,20 : 20.52"
"31,21 : 569.0"
"31,22 : 465.43"
"31,23 : 127.12"
"31,24 : 361.33"
"31,25 : 341.3"
"31,26 : 45.1"
"31,27 : 553.64"
"31,28 : 550.27"
"31,29 : 217.28"
"31,30 : 563.17"
"31,31 : 0.0"
"31,32 : 292.34"
"31,33 : 690.03"
"31,34 : 435.38"
"31,35 : 487.58"
"31,36 : 462.04"
"31,37 : 437.02"
"31,38 : 469.71"
"31,39 : 484.63"
"31,40 : 488.86"
"31,41 : 177.69"
"31,42 : 77.88"
"31,43 : 552.45"
"31,44 : 289.0"
"31,45 : 522.76"
"31,46 : 503.05"
"31,47 : 330.0"
"31,48 : 402.5"
"31,49 : 311.85"
"32,0 : 511.06"
"32,1 : 475.39"
"32,2 : 481.06"
"32,3 : 780.71"
"32,4 : 463.62"
"32,5 : 265.81"
"32,6 : 549.14"
"32,7 : 201.16"
"32,8 : 723.95"
"32,9 : 360.0"
"32,10 : 677.69"
"32,11 : 435.74"
"32,12 : 465.86"
"32,13 : 642.92"
"32,14 : 431.0"
"32,15 : 384.81"
"32,16 : 392.48"
"32,17 : 143.0"
"32,18 : 548.62"
"32,19 : 480.69"
"32,20 : 278.0"
"32,21 : 742.08"
"32,22 : 707.8"
"32,23 : 187.97"
"32,24 : 243.67"
"32,25 : 556.59"
"32,26 : 290.66"
"32,27 : 340.9"
"32,28 : 336.65"
"32,29 : 479.82"
"32,30 : 805.29"
"32,31 : 292.34"
"32,32 : 0.0"
"32,33 : 521.98"
"32,34 : 487.17"
"32,35 : 628.91"
"32,36 : 239.3"
"32,37 : 556.74"
"32,38 : 758.3"
"32,39 : 701.97"
"32,40 : 359.8"
"32,41 : 301.89"
"32,42 : 365.9"
"32,43 : 655.32"
"32,44 : 219.57"
"32,45 : 356.05"
"32,46 : 229.53"
"32,47 : 550.09"
"32,48 : 565.03"
"32,49 : 599.17"
"33,0 : 220.66"
"33,1 : 85.7"
"33,2 : 673.3"
"33,3 : 943.74"
"33,4 : 378.44"
"33,5 : 778.31"
"33,6 : 509.0"
"33,7 : 723.02"
"33,8 : 1104.34"
"33,9 : 533.39"
"33,10 : 945.01"
"33,11 : 708.39"
"33,12 : 979.19"
"33,13 : 849.34"
"33,14 : 627.1"
"33,15 : 573.17"
"33,16 : 796.54"
"33,17 : 635.23"
"33,18 : 1025.45"
"33,19 : 292.04"
"33,20 : 689.78"
"33,21 : 737.24"
"33,22 : 1155.4"
"33,23 : 569.94"
"33,24 : 758.33"
"33,25 : 1025.4"
"33,26 : 718.47"
"33,27 : 192.68"
"33,28 : 767.43"
"33,29 : 744.6"
"33,30 : 1252.9"
"33,31 : 690.03"
"33,32 : 521.98"
"33,33 : 0.0"
"33,34 : 433.04"
"33,35 : 618.32"
"33,36 : 692.45"
"33,37 : 1068.08"
"33,38 : 1115.02"
"33,39 : 1171.68"
"33,40 : 853.99"
"33,41 : 793.42"
"33,42 : 725.51"
"33,43 : 564.88"
"33,44 : 401.03"
"33,45 : 827.42"
"33,46 : 362.73"
"33,47 : 1015.41"
"33,48 : 1062.32"
"33,49 : 973.74"
"34,0 : 226.11"
"34,1 : 348.24"
"34,2 : 279.46"
"34,3 : 513.37"
"34,4 : 55.08"
"34,5 : 726.64"
"34,6 : 82.28"
"34,7 : 638.95"
"34,8 : 747.92"
"34,9 : 199.18"
"34,10 : 542.81"
"34,11 : 351.21"
"34,12 : 799.9"
"34,13 : 433.35"
"34,14 : 251.4"
"34,15 : 220.57"
"34,16 : 509.39"
"34,17 : 628.96"
"34,18 : 770.29"
"34,19 : 144.31"
"34,20 : 447.67"
"34,21 : 317.81"
"34,22 : 850.64"
"34,23 : 376.28"
"34,24 : 703.11"
"34,25 : 759.68"
"34,26 : 479.07"
"34,27 : 430.81"
"34,28 : 823.33"
"34,29 : 372.06"
"34,30 : 939.94"
"34,31 : 435.38"
"34,32 : 487.17"
"34,33 : 433.04"
"34,34 : 0.0"
"34,35 : 192.6"
"34,36 : 726.31"
"34,37 : 872.36"
"34,38 : 742.56"
"34,39 : 890.85"
"34,40 : 832.68"
"34,41 : 602.99"
"34,42 : 424.69"
"34,43 : 176.07"
"34,44 : 269.05"
"34,45 : 839.54"
"34,46 : 526.79"
"34,47 : 746.71"
"34,48 : 835.16"
"34,49 : 627.82"
"35,0 : 401.5"
"35,1 : 535.28"
"35,2 : 241.67"
"35,3 : 354.22"
"35,4 : 246.76"
"35,5 : 837.3"
"35,6 : 111.0"
"35,7 : 745.37"
"35,8 : 679.66"
"35,9 : 276.14"
"35,10 : 438.27"
"35,11 : 338.33"
"35,12 : 848.68"
"35,13 : 316.9"
"35,14 : 253.43"
"35,15 : 266.74"
"35,16 : 525.0"
"35,17 : 763.37"
"35,18 : 777.82"
"35,19 : 326.34"
"35,20 : 505.26"
"35,21 : 125.92"
"35,22 : 818.41"
"35,23 : 477.19"
"35,24 : 814.42"
"35,25 : 761.21"
"35,26 : 532.26"
"35,27 : 622.49"
"35,28 : 962.54"
"35,29 : 335.23"
"35,30 : 896.73"
"35,31 : 487.58"
"35,32 : 628.91"
"35,33 : 618.32"
"35,34 : 192.6"
"35,35 : 0.0"
"35,36 : 865.0"
"35,37 : 907.29"
"35,38 : 658.99"
"35,39 : 873.13"
"35,40 : 946.78"
"35,41 : 665.26"
"35,42 : 446.01"
"35,43 : 95.9"
"35,44 : 426.28"
"35,45 : 964.5"
"35,46 : 707.07"
"35,47 : 747.32"
"35,48 : 854.94"
"35,49 : 579.12"
"36,0 : 730.3"
"36,1 : 666.68"
"36,2 : 697.09"
"36,3 : 981.55"
"36,4 : 701.19"
"36,5 : 151.22"
"36,6 : 788.13"
"36,7 : 191.91"
"36,8 : 833.64"
"36,9 : 591.74"
"36,10 : 851.46"
"36,11 : 634.5"
"36,12 : 438.3"
"36,13 : 840.71"
"36,14 : 651.36"
"36,15 : 611.66"
"36,16 : 532.62"
"36,17 : 102.59"
"36,18 : 585.32"
"36,19 : 710.65"
"36,20 : 442.54"
"36,21 : 974.63"
"36,22 : 761.7"
"36,23 : 399.57"
"36,24 : 149.83"
"36,25 : 603.25"
"36,26 : 439.05"
"36,27 : 499.77"
"36,28 : 97.64"
"36,29 : 675.35"
"36,30 : 850.69"
"36,31 : 462.04"
"36,32 : 239.3"
"36,33 : 692.45"
"36,34 : 726.31"
"36,35 : 865.0"
"36,36 : 0.0"
"36,37 : 522.47"
"36,38 : 880.4"
"36,39 : 730.34"
"36,40 : 170.82"
"36,41 : 370.67"
"36,42 : 539.67"
"36,43 : 894.41"
"36,44 : 457.92"
"36,45 : 134.97"
"36,46 : 333.65"
"36,47 : 602.2"
"36,48 : 564.57"
"36,49 : 726.08"
"37,0 : 1001.11"
"37,1 : 1008.97"
"37,2 : 667.26"
"37,3 : 818.09"
"37,4 : 881.39"
"37,5 : 371.52"
"37,6 : 890.16"
"37,7 : 371.54"
"37,8 : 463.89"
"37,9 : 674.04"
"37,10 : 632.44"
"37,11 : 570.27"
"37,12 : 91.24"
"37,13 : 698.87"
"37,14 : 656.11"
"37,15 : 660.72"
"37,16 : 382.58"
"37,17 : 496.75"
"37,18 : 166.4"
"37,19 : 942.06"
"37,20 : 425.08"
"37,21 : 966.05"
"37,22 : 305.57"
"37,23 : 519.58"
"37,24 : 377.07"
"37,25 : 193.66"
"37,26 : 393.43"
"37,27 : 895.98"
"37,28 : 547.76"
"37,29 : 582.8"
"37,30 : 367.93"
"37,31 : 437.02"
"37,32 : 556.74"
"37,33 : 1068.08"
"37,34 : 872.36"
"37,35 : 907.29"
"37,36 : 522.47"
"37,37 : 0.0"
"37,38 : 525.78"
"37,39 : 242.54"
"37,40 : 398.1"
"37,41 : 280.24"
"37,42 : 462.05"
"37,43 : 981.74"
"37,44 : 687.98"
"37,45 : 463.47"
"37,46 : 776.41"
"37,47 : 204.83"
"37,48 : 82.33"
"37,49 : 429.83"
"38,0 : 953.2"
"38,1 : 1033.33"
"38,2 : 463.15"
"38,3 : 390.96"
"38,4 : 782.19"
"38,5 : 753.43"
"38,6 : 708.96"
"38,7 : 688.63"
"38,8 : 62.48"
"38,9 : 583.85"
"38,10 : 224.62"
"38,11 : 407.49"
"38,12 : 539.2"
"38,13 : 345.35"
"38,14 : 497.8"
"38,15 : 545.84"
"38,16 : 365.86"
"38,17 : 800.81"
"38,18 : 363.28"
"38,19 : 872.32"
"38,20 : 481.51"
"38,21 : 647.93"
"38,22 : 252.72"
"38,23 : 593.32"
"38,24 : 742.65"
"38,25 : 335.83"
"38,26 : 467.84"
"38,27 : 1008.07"
"38,28 : 949.54"
"38,29 : 375.25"
"38,30 : 282.2"
"38,31 : 469.71"
"38,32 : 758.3"
"38,33 : 1115.02"
"38,34 : 742.56"
"38,35 : 658.99"
"38,36 : 880.4"
"38,37 : 525.78"
"38,38 : 0.0"
"38,39 : 333.18"
"38,40 : 835.7"
"38,41 : 510.1"
"38,42 : 406.78"
"38,43 : 754.42"
"38,44 : 729.81"
"38,45 : 891.14"
"38,46 : 972.62"
"38,47 : 327.47"
"38,48 : 443.56"
"38,49 : 159.2"
"39,0 : 1061.82"
"39,1 : 1101.19"
"39,2 : 636.3"
"39,3 : 692.7"
"39,4 : 914.14"
"39,5 : 581.33"
"39,6 : 886.18"
"39,7 : 553.1"
"39,8 : 272.62"
"39,9 : 696.46"
"39,10 : 504.23"
"39,11 : 545.79"
"39,12 : 301.01"
"39,13 : 602.1"
"39,14 : 645.16"
"39,15 : 670.4"
"39,16 : 386.63"
"39,17 : 682.11"
"39,18 : 153.47"
"39,19 : 990.79"
"39,20 : 482.65"
"39,21 : 901.13"
"39,22 : 80.78"
"39,23 : 601.77"
"39,24 : 580.5"
"39,25 : 147.27"
"39,26 : 453.3"
"39,27 : 1021.06"
"39,28 : 771.5"
"39,29 : 539.16"
"39,30 : 126.02"
"39,31 : 484.63"
"39,32 : 701.97"
"39,33 : 1171.68"
"39,34 : 890.85"
"39,35 : 873.13"
"39,36 : 730.34"
"39,37 : 242.54"
"39,38 : 333.18"
"39,39 : 0.0"
"39,40 : 629.01"
"39,41 : 400.27"
"39,42 : 469.22"
"39,43 : 960.61"
"39,44 : 771.81"
"39,45 : 693.09"
"39,46 : 931.38"
"39,47 : 156.4"
"39,48 : 172.14"
"39,49 : 305.1"
"40,0 : 870.15"
"40,1 : 821.38"
"40,2 : 748.4"
"40,3 : 1004.57"
"40,4 : 816.2"
"40,5 : 109.77"
"40,6 : 884.37"
"40,7 : 202.2"
"40,8 : 781.73"
"40,9 : 671.06"
"40,10 : 851.24"
"40,11 : 669.9"
"40,12 : 328.05"
"40,13 : 864.84"
"40,14 : 710.44"
"40,15 : 681.89"
"40,16 : 527.11"
"40,17 : 222.65"
"40,18 : 499.81"
"40,19 : 839.94"
"40,20 : 468.37"
"40,21 : 1045.13"
"40,22 : 674.85"
"40,23 : 469.71"
"40,24 : 132.38"
"40,25 : 522.71"
"40,26 : 453.38"
"40,27 : 661.94"
"40,28 : 154.35"
"40,29 : 704.97"
"40,30 : 754.24"
"40,31 : 488.86"
"40,32 : 359.8"
"40,33 : 853.99"
"40,34 : 832.68"
"40,35 : 946.78"
"40,36 : 170.82"
"40,37 : 398.1"
"40,38 : 835.7"
"40,39 : 629.01"
"40,40 : 0.0"
"40,41 : 343.51"
"40,42 : 560.17"
"40,43 : 990.21"
"40,44 : 573.78"
"40,45 : 65.51"
"40,46 : 500.71"
"40,47 : 525.43"
"40,48 : 457.02"
"40,49 : 693.18"
"41,0 : 721.07"
"41,1 : 731.17"
"41,2 : 438.32"
"41,3 : 665.9"
"41,4 : 606.98"
"41,5 : 247.87"
"41,6 : 630.62"
"41,7 : 178.76"
"41,8 : 463.04"
"41,9 : 409.02"
"41,10 : 507.8"
"41,11 : 347.96"
"41,12 : 198.88"
"41,13 : 528.28"
"41,14 : 412.8"
"41,15 : 403.41"
"41,16 : 184.66"
"41,17 : 297.89"
"41,18 : 246.83"
"41,19 : 663.49"
"41,20 : 160.51"
"41,21 : 744.32"
"41,22 : 411.11"
"41,23 : 239.74"
"41,24 : 234.44"
"41,25 : 256.07"
"41,26 : 133.15"
"41,27 : 629.35"
"41,28 : 440.86"
"41,29 : 376.11"
"41,30 : 507.03"
"41,31 : 177.69"
"41,32 : 301.89"
"41,33 : 793.42"
"41,34 : 602.99"
"41,35 : 665.26"
"41,36 : 370.67"
"41,37 : 280.24"
"41,38 : 510.1"
"41,39 : 400.27"
"41,40 : 343.51"
"41,41 : 0.0"
"41,42 : 232.13"
"41,43 : 728.97"
"41,44 : 407.87"
"41,45 : 390.59"
"41,46 : 531.15"
"41,47 : 250.71"
"41,48 : 269.33"
"41,49 : 358.0"
"42,0 : 594.87"
"42,1 : 648.44"
"42,2 : 209.57"
"42,3 : 446.22"
"42,4 : 445.18"
"42,5 : 454.23"
"42,6 : 431.3"
"42,7 : 366.08"
"42,8 : 384.73"
"42,9 : 227.64"
"42,10 : 314.96"
"42,11 : 116.08"
"42,12 : 403.34"
"42,13 : 305.55"
"42,14 : 194.06"
"42,15 : 204.92"
"42,16 : 84.76"
"42,17 : 443.51"
"42,18 : 345.96"
"42,19 : 522.03"
"42,20 : 97.13"
"42,21 : 515.12"
"42,22 : 437.66"
"42,23 : 188.07"
"42,24 : 435.08"
"42,25 : 335.01"
"42,26 : 106.79"
"42,27 : 603.62"
"42,28 : 627.16"
"42,29 : 145.42"
"42,30 : 532.62"
"42,31 : 77.88"
"42,32 : 365.9"
"42,33 : 725.51"
"42,34 : 424.69"
"42,35 : 446.01"
"42,36 : 539.67"
"42,37 : 462.05"
"42,38 : 406.78"
"42,39 : 469.22"
"42,40 : 560.17"
"42,41 : 232.13"
"42,42 : 0.0"
"42,43 : 519.92"
"42,44 : 328.59"
"42,45 : 596.89"
"42,46 : 568.5"
"42,47 : 322.09"
"42,48 : 414.95"
"42,49 : 253.31"
"43,0 : 344.26"
"43,1 : 485.85"
"43,2 : 324.76"
"43,3 : 443.93"
"43,4 : 220.29"
"43,5 : 881.95"
"43,6 : 106.44"
"43,7 : 791.52"
"43,8 : 773.98"
"43,9 : 324.1"
"43,10 : 534.13"
"43,11 : 418.95"
"43,12 : 918.43"
"43,13 : 412.8"
"43,14 : 326.04"
"43,15 : 325.58"
"43,16 : 601.9"
"43,17 : 794.94"
"43,18 : 859.16"
"43,19 : 279.55"
"43,20 : 568.57"
"43,21 : 178.76"
"43,22 : 908.37"
"43,23 : 522.82"
"43,24 : 858.63"
"43,25 : 843.92"
"43,26 : 597.55"
"43,27 : 596.89"
"43,28 : 991.92"
"43,29 : 421.45"
"43,30 : 988.65"
"43,31 : 552.45"
"43,32 : 655.32"
"43,33 : 564.88"
"43,34 : 176.07"
"43,35 : 95.9"
"43,36 : 894.41"
"43,37 : 981.74"
"43,38 : 754.42"
"43,39 : 960.61"
"43,40 : 990.21"
"43,41 : 728.97"
"43,42 : 519.92"
"43,43 : 0.0"
"43,44 : 440.93"
"43,45 : 1002.25"
"43,46 : 702.21"
"43,47 : 830.17"
"43,48 : 933.48"
"43,49 : 670.58"
"44,0 : 316.36"
"44,1 : 329.53"
"44,2 : 337.88"
"44,3 : 643.86"
"44,4 : 244.13"
"44,5 : 472.15"
"44,6 : 336.1"
"44,7 : 391.01"
"44,8 : 712.44"
"44,9 : 188.96"
"44,10 : 589.17"
"44,11 : 336.2"
"44,12 : 603.71"
"44,13 : 519.54"
"44,14 : 284.04"
"44,15 : 226.72"
"44,16 : 396.01"
"44,17 : 362.41"
"44,18 : 627.98"
"44,19 : 270.15"
"44,20 : 289.23"
"44,21 : 546.85"
"44,22 : 754.38"
"44,23 : 172.05"
"44,24 : 448.79"
"44,25 : 626.34"
"44,26 : 318.65"
"44,27 : 279.26"
"44,28 : 554.62"
"44,29 : 378.68"
"44,30 : 851.96"
"44,31 : 289.0"
"44,32 : 219.57"
"44,33 : 401.03"
"44,34 : 269.05"
"44,35 : 426.28"
"44,36 : 457.92"
"44,37 : 687.98"
"44,38 : 729.81"
"44,39 : 771.81"
"44,40 : 573.78"
"44,41 : 407.87"
"44,42 : 328.59"
"44,43 : 440.93"
"44,44 : 0.0"
"44,45 : 574.89"
"44,46 : 294.44"
"44,47 : 615.9"
"44,48 : 671.72"
"44,49 : 580.94"
"45,0 : 859.73"
"45,1 : 800.76"
"45,2 : 776.55"
"45,3 : 1043.02"
"45,4 : 818.96"
"45,5 : 143.95"
"45,6 : 895.88"
"45,7 : 231.28"
"45,8 : 838.49"
"45,9 : 688.43"
"45,10 : 895.88"
"45,11 : 702.87"
"45,12 : 392.08"
"45,13 : 902.44"
"45,14 : 735.62"
"45,15 : 702.81"
"45,16 : 571.11"
"45,17 : 213.24"
"45,18 : 561.43"
"45,19 : 835.5"
"45,20 : 502.29"
"45,21 : 1067.54"
"45,22 : 737.28"
"45,23 : 488.48"
"45,24 : 161.84"
"45,25 : 583.65"
"45,26 : 490.64"
"45,27 : 634.74"
"45,28 : 91.53"
"45,29 : 740.02"
"45,30 : 818.02"
"45,31 : 522.76"
"45,32 : 356.05"
"45,33 : 827.42"
"45,34 : 839.54"
"45,35 : 964.5"
"45,36 : 134.97"
"45,37 : 463.47"
"45,38 : 891.14"
"45,39 : 693.09"
"45,40 : 65.51"
"45,41 : 390.59"
"45,42 : 596.89"
"45,43 : 1002.25"
"45,44 : 574.89"
"45,45 : 0.0"
"45,46 : 468.09"
"45,47 : 585.76"
"45,48 : 521.31"
"45,49 : 745.43"
"46,0 : 446.36"
"46,1 : 350.35"
"46,2 : 629.01"
"46,3 : 936.22"
"46,4 : 483.28"
"46,5 : 439.79"
"46,6 : 605.41"
"46,7 : 406.69"
"46,8 : 943.07"
"46,9 : 482.75"
"46,10 : 864.75"
"46,11 : 611.58"
"46,12 : 685.19"
"46,13 : 807.7"
"46,14 : 575.12"
"46,15 : 519.06"
"46,16 : 610.0"
"46,17 : 294.0"
"46,18 : 777.98"
"46,19 : 455.03"
"46,20 : 492.44"
"46,21 : 831.43"
"46,22 : 936.81"
"46,23 : 380.44"
"46,24 : 423.25"
"46,25 : 786.13"
"46,26 : 510.57"
"46,27 : 172.24"
"46,28 : 404.79"
"46,29 : 656.06"
"46,30 : 1034.52"
"46,31 : 503.05"
"46,32 : 229.53"
"46,33 : 362.73"
"46,34 : 526.79"
"46,35 : 707.07"
"46,36 : 333.65"
"46,37 : 776.41"
"46,38 : 972.62"
"46,39 : 931.38"
"46,40 : 500.71"
"46,41 : 531.15"
"46,42 : 568.5"
"46,43 : 702.21"
"46,44 : 294.44"
"46,45 : 468.09"
"46,46 : 0.0"
"46,47 : 779.58"
"46,48 : 791.21"
"46,49 : 814.86"
"47,0 : 909.46"
"47,1 : 945.4"
"47,2 : 506.2"
"47,3 : 618.68"
"47,4 : 766.54"
"47,5 : 459.21"
"47,6 : 748.89"
"47,7 : 416.11"
"47,8 : 267.44"
"47,9 : 549.46"
"47,10 : 430.82"
"47,11 : 411.26"
"47,12 : 212.61"
"47,13 : 506.79"
"47,14 : 507.47"
"47,15 : 526.48"
"47,16 : 237.61"
"47,17 : 542.89"
"47,18 : 38.59"
"47,19 : 840.24"
"47,20 : 327.02"
"47,21 : 790.23"
"47,22 : 161.3"
"47,23 : 445.48"
"47,24 : 454.09"
"47,25 : 14.0"
"47,26 : 297.26"
"47,27 : 865.13"
"47,28 : 655.48"
"47,29 : 412.75"
"47,30 : 256.32"
"47,31 : 330.0"
"47,32 : 550.09"
"47,33 : 1015.41"
"47,34 : 746.71"
"47,35 : 747.32"
"47,36 : 602.2"
"47,37 : 204.83"
"47,38 : 327.47"
"47,39 : 156.4"
"47,40 : 525.43"
"47,41 : 250.71"
"47,42 : 322.09"
"47,43 : 830.17"
"47,44 : 615.9"
"47,45 : 585.76"
"47,46 : 779.58"
"47,47 : 0.0"
"47,48 : 126.56"
"47,49 : 225.94"
"48,0 : 978.96"
"48,1 : 998.48"
"48,2 : 613.39"
"48,3 : 744.64"
"48,4 : 848.86"
"48,5 : 414.01"
"48,6 : 846.22"
"48,7 : 396.23"
"48,8 : 381.61"
"48,9 : 635.98"
"48,10 : 557.23"
"48,11 : 516.61"
