x,y
856,403
670,424
417,143
968,950
39,127
681,202
571,311
69,212
484,434
290,826
523,985
256,199
514,271
607,859
158,362
861,701
600,693
108,794
521,434
141,588
953,746
828,687
985,578
268,680
742,705
0,816
936,227
199,643
675,161
96,143
249,898
803,385
761,131
465,7
548,40
638,500
123,898
97,882
916,432
974,572
235,562
78,482
44,557
839,626
486,376
603,724
87,554
467,230
692,598
262,949

Distanze
"0,0 : 0.0"
"0,1 : 187.18"
"0,2 : 510.22"
"0,3 : 558.35"
"0,4 : 862.36"
"0,5 : 266.51"
"0,6 : 299.48"
"0,7 : 809.85"
"0,8 : 373.29"
"0,9 : 706.6"
"0,10 : 670.53"
"0,11 : 633.73"
"0,12 : 366.59"
"0,13 : 519.55"
"0,14 : 699.2"
"0,15 : 298.04"
"0,16 : 386.83"
"0,17 : 844.03"
"0,18 : 336.43"
"0,19 : 738.55"
"0,20 : 356.45"
"0,21 : 285.38"
"0,22 : 217.41"
"0,23 : 649.98"
"0,24 : 322.8"
"0,25 : 950.42"
"0,26 : 193.33"
"0,27 : 699.46"
"0,28 : 302.2"
"0,29 : 803.24"
"0,30 : 783.25"
"0,31 : 55.97"
"0,32 : 288.11"
"0,33 : 556.5"
"0,34 : 476.06"
"0,35 : 238.61"
"0,36 : 884.49"
"0,37 : 897.51"
"0,38 : 66.64"
"0,39 : 206.12"
"0,40 : 641.03"
"0,41 : 782.0"
"0,42 : 826.47"
"0,43 : 223.65"
"0,44 : 370.98"
"0,45 : 408.72"
"0,46 : 783.68"
"0,47 : 425.73"
"0,48 : 254.8"
"0,49 : 806.82"
"1,0 : 187.18"
"1,1 : 0.0"
"1,2 : 378.11"
"1,3 : 604.55"
"1,4 : 697.4"
"1,5 : 222.27"
"1,6 : 150.23"
"1,7 : 637.3"
"1,8 : 186.27"
"1,9 : 553.18"
"1,10 : 579.94"
"1,11 : 471.19"
"1,12 : 218.51"
"1,13 : 439.54"
"1,14 : 515.74"
"1,15 : 336.47"
"1,16 : 277.96"
"1,17 : 672.86"
"1,18 : 149.34"
"1,19 : 553.84"
"1,20 : 428.69"
"1,21 : 306.81"
"1,22 : 350.63"
"1,23 : 476.59"
"1,24 : 290.08"
"1,25 : 776.25"
"1,26 : 331.01"
"1,27 : 519.42"
"1,28 : 263.05"
"1,29 : 639.09"
"1,30 : 633.97"
"1,31 : 138.6"
"1,32 : 306.81"
"1,33 : 464.67"
"1,34 : 402.91"
"1,35 : 82.46"
"1,36 : 723.8"
"1,37 : 733.55"
"1,38 : 246.13"
"1,39 : 338.11"
"1,40 : 456.36"
"1,41 : 594.83"
"1,42 : 639.97"
"1,43 : 263.37"
"1,44 : 190.16"
"1,45 : 307.39"
"1,46 : 597.32"
"1,47 : 280.79"
"1,48 : 175.39"
"1,49 : 664.9"
"2,0 : 510.22"
"2,1 : 378.11"
"2,2 : 0.0"
"2,3 : 977.16"
"2,4 : 378.34"
"2,5 : 270.51"
"2,6 : 227.9"
"2,7 : 354.77"
"2,8 : 298.61"
"2,9 : 694.71"
"2,10 : 848.65"
"2,11 : 170.46"
"2,12 : 160.6"
"2,13 : 740.78"
"2,14 : 339.18"
"2,15 : 713.09"
"2,16 : 579.65"
"2,17 : 720.61"
"2,18 : 309.03"
"2,19 : 523.64"
"2,20 : 806.79"
"2,21 : 681.8"
"2,22 : 715.44"
"2,23 : 557.29"
"2,24 : 649.21"
"2,25 : 791.72"
"2,26 : 525.75"
"2,27 : 545.46"
"2,28 : 258.63"
"2,29 : 321.0"
"2,30 : 773.47"
"2,31 : 455.59"
"2,32 : 344.21"
"2,33 : 144.22"
"2,34 : 166.64"
"2,35 : 419.87"
"2,36 : 810.22"
"2,37 : 805.31"
"2,38 : 576.65"
"2,39 : 703.06"
"2,40 : 456.82"
"2,41 : 479.42"
"2,42 : 557.25"
"2,43 : 641.38"
"2,44 : 243.0"
"2,45 : 610.05"
"2,46 : 527.09"
"2,47 : 100.34"
"2,48 : 531.65"
"2,49 : 820.77"
"3,0 : 558.35"
"3,1 : 604.55"
"3,2 : 977.16"
"3,3 : 0.0"
"3,4 : 1241.12"
"3,5 : 801.17"
"3,6 : 752.28"
"3,7 : 1163.12"
"3,8 : 707.47"
"3,9 : 689.25"
"3,10 : 446.37"
"3,11 : 1034.86"
"3,12 : 816.8"
"3,13 : 372.29"
"3,14 : 1000.92"
"3,15 : 271.02"
"3,16 : 448.86"
"3,17 : 874.03"
"3,18 : 682.69"
"3,19 : 902.76"
"3,20 : 204.55"
"3,21 : 297.94"
"3,22 : 372.39"
"3,23 : 750.27"
"3,24 : 333.32"
"3,25 : 977.23"
"3,26 : 723.71"
"3,27 : 828.02"
"3,28 : 841.65"
"3,29 : 1188.12"
"3,30 : 720.88"
"3,31 : 588.6"
"3,32 : 844.75"
"3,33 : 1068.76"
"3,34 : 1002.25"
"3,35 : 558.03"
"3,36 : 846.6"
"3,37 : 873.65"
"3,38 : 520.6"
"3,39 : 378.05"
"3,40 : 829.36"
"3,41 : 1005.55"
"3,42 : 1004.1"
"3,43 : 348.74"
"3,44 : 749.53"
"3,45 : 429.3"
"3,46 : 965.91"
"3,47 : 877.16"
"3,48 : 447.3"
"3,49 : 706.0"
"4,0 : 862.36"
"4,1 : 697.4"
"4,2 : 378.34"
"4,3 : 1241.12"
"4,4 : 0.0"
"4,5 : 646.37"
"4,6 : 562.92"
"4,7 : 90.14"
"4,8 : 540.62"
"4,9 : 742.7"
"4,10 : 985.1"
"4,11 : 228.63"
"4,12 : 496.35"
"4,13 : 926.52"
"4,14 : 263.41"
"4,15 : 1002.58"
"4,16 : 796.92"
"4,17 : 670.56"
"4,18 : 571.47"
"4,19 : 472.15"
"4,20 : 1103.88"
"4,21 : 967.53"
"4,22 : 1048.01"
"4,23 : 598.54"
"4,24 : 910.11"
"4,25 : 690.1"
"4,26 : 902.56"
"4,27 : 540.24"
"4,28 : 636.91"
"4,29 : 59.2"
"4,30 : 799.09"
"4,31 : 806.39"
"4,32 : 722.01"
"4,33 : 442.58"
"4,34 : 516.38"
"4,35 : 705.64"
"4,36 : 775.56"
"4,37 : 757.22"
"4,38 : 928.52"
"4,39 : 1035.5"
"4,40 : 477.12"
"4,41 : 357.14"
"4,42 : 430.03"
"4,43 : 942.87"
"4,44 : 511.67"
"4,45 : 821.28"
"4,46 : 429.69"
"4,47 : 440.22"
"4,48 : 805.14"
"4,49 : 851.71"
"5,0 : 266.51"
"5,1 : 222.27"
"5,2 : 270.51"
"5,3 : 801.17"
"5,4 : 646.37"
"5,5 : 0.0"
"5,6 : 154.86"
"5,7 : 612.08"
"5,8 : 304.36"
"5,9 : 736.38"
"5,10 : 798.78"
"5,11 : 425.01"
"5,12 : 180.69"
"5,13 : 661.15"
"5,14 : 546.93"
"5,15 : 530.47"
"5,16 : 497.64"
"5,17 : 823.89"
"5,18 : 281.82"
"5,19 : 663.77"
"5,20 : 608.21"
"5,21 : 506.79"
"5,22 : 483.52"
"5,23 : 631.71"
"5,24 : 506.69"
"5,25 : 916.93"
"5,26 : 256.22"
"5,27 : 653.3"
"5,28 : 41.44"
"5,29 : 587.97"
"5,30 : 819.17"
"5,31 : 219.94"
"5,32 : 106.96"
"5,33 : 291.0"
"5,34 : 209.6"
"5,35 : 301.09"
"5,36 : 892.07"
"5,37 : 896.36"
"5,38 : 328.82"
"5,39 : 471.96"
"5,40 : 573.16"
"5,41 : 664.84"
"5,42 : 729.24"
"5,43 : 452.48"
"5,44 : 261.34"
"5,45 : 527.8"
"5,46 : 690.46"
"5,47 : 215.82"
"5,48 : 396.15"
"5,49 : 856.49"
"6,0 : 299.48"
"6,1 : 150.23"
"6,2 : 227.9"
"6,3 : 752.28"
"6,4 : 562.92"
"6,5 : 154.86"
"6,6 : 0.0"
"6,7 : 511.67"
"6,8 : 150.66"
"6,9 : 586.67"
"6,10 : 675.71"
"6,11 : 334.32"
"6,12 : 69.63"
"6,13 : 549.18"
"6,14 : 416.14"
"6,15 : 486.0"
"6,16 : 383.1"
"6,17 : 669.07"
"6,18 : 132.77"
"6,19 : 511.5"
"6,20 : 578.92"
"6,21 : 455.44"
"6,22 : 492.63"
"6,23 : 477.46"
"6,24 : 429.51"
"6,25 : 762.28"
"6,26 : 374.54"
"6,27 : 498.61"
"6,28 : 182.53"
"6,29 : 503.83"
"6,30 : 669.52"
"6,31 : 243.52"
"6,32 : 261.73"
"6,33 : 321.95"
"6,34 : 271.97"
"6,35 : 200.52"
"6,36 : 738.43"
"6,37 : 742.1"
"6,38 : 365.6"
"6,39 : 480.14"
"6,40 : 419.4"
"6,41 : 521.81"
"6,42 : 581.59"
"6,43 : 413.58"
"6,44 : 107.0"
"6,45 : 414.24"
"6,46 : 541.58"
"6,47 : 131.82"
"6,48 : 311.46"
"6,49 : 708.89"
"7,0 : 809.85"
"7,1 : 637.3"
"7,2 : 354.77"
"7,3 : 1163.12"
"7,4 : 90.14"
"7,5 : 612.08"
"7,6 : 511.67"
"7,7 : 0.0"
"7,8 : 470.65"
"7,9 : 652.56"
"7,10 : 896.46"
"7,11 : 187.45"
"7,12 : 448.89"
"7,13 : 841.46"
"7,14 : 174.42"
"7,15 : 930.8"
"7,16 : 716.46"
"7,17 : 583.31"
"7,18 : 503.58"
"7,19 : 382.83"
"7,20 : 1032.77"
"7,21 : 895.38"
"7,22 : 986.41"
"7,23 : 508.55"
"7,24 : 834.25"
"7,25 : 607.93"
"7,26 : 867.13"
"7,27 : 450.18"
"7,28 : 608.14"
"7,29 : 74.09"
"7,30 : 709.22"
"7,31 : 754.11"
"7,32 : 696.72"
"7,33 : 445.92"
"7,34 : 508.94"
"7,35 : 637.73"
"7,36 : 688.12"
"7,37 : 670.58"
"7,38 : 875.11"
"7,39 : 973.97"
"7,40 : 387.37"
"7,41 : 270.15"
"7,42 : 345.9"
"7,43 : 874.24"
"7,44 : 448.09"
"7,45 : 739.8"
"7,46 : 342.47"
"7,47 : 398.41"
"7,48 : 732.89"
"7,49 : 761.85"
"8,0 : 373.29"
"8,1 : 186.27"
"8,2 : 298.61"
"8,3 : 707.47"
"8,4 : 540.62"
"8,5 : 304.36"
"8,6 : 150.66"
"8,7 : 470.65"
"8,8 : 0.0"
"8,9 : 437.38"
"8,10 : 552.38"
"8,11 : 327.43"
"8,12 : 165.74"
"8,13 : 442.44"
"8,14 : 333.86"
"8,15 : 461.97"
"8,16 : 283.79"
"8,17 : 520.55"
"8,18 : 37.0"
"8,19 : 375.99"
"8,20 : 563.3"
"8,21 : 427.02"
"8,22 : 521.28"
"8,23 : 327.37"
"8,24 : 374.17"
"8,25 : 616.59"
"8,26 : 497.14"
"8,27 : 353.42"
"8,28 : 333.18"
"8,29 : 485.0"
"8,30 : 520.12"
"8,31 : 322.74"
"8,32 : 410.53"
"8,33 : 427.42"
"8,34 : 399.16"
"8,35 : 167.55"
"8,36 : 587.89"
"8,37 : 592.01"
"8,38 : 432.0"
"8,39 : 509.06"
"8,40 : 279.97"
"8,41 : 408.83"
"8,42 : 456.87"
"8,43 : 403.6"
"8,44 : 58.03"
"8,45 : 313.47"
"8,46 : 414.74"
"8,47 : 204.71"
"8,48 : 264.88"
"8,49 : 560.81"
"9,0 : 706.6"
"9,1 : 553.18"
"9,2 : 694.71"
"9,3 : 689.25"
"9,4 : 742.7"
"9,5 : 736.38"
"9,6 : 586.67"
"9,7 : 652.56"
"9,8 : 437.38"
"9,9 : 0.0"
"9,10 : 282.08"
"9,11 : 627.92"
"9,12 : 598.5"
"9,13 : 318.71"
"9,14 : 482.41"
"9,15 : 584.52"
"9,16 : 337.33"
"9,17 : 184.79"
"9,18 : 455.0"
"9,19 : 280.79"
"9,20 : 667.81"
"9,21 : 555.67"
"9,22 : 737.92"
"9,23 : 147.65"
"9,24 : 467.92"
"9,25 : 290.17"
"9,26 : 880.98"
"9,27 : 204.38"
"9,28 : 768.41"
"9,29 : 710.02"
"9,30 : 82.86"
"9,31 : 676.5"
"9,32 : 839.56"
"9,33 : 837.49"
"9,34 : 827.26"
"9,35 : 476.84"
"9,36 : 181.86"
"9,37 : 200.96"
"9,38 : 739.67"
"9,39 : 729.64"
"9,40 : 269.67"
"9,41 : 404.08"
"9,42 : 364.52"
"9,43 : 584.3"
"9,44 : 490.83"
"9,45 : 329.2"
"9,46 : 339.4"
"9,47 : 621.73"
"9,48 : 462.16"
"9,49 : 126.15"
"10,0 : 670.53"
"10,1 : 579.94"
"10,2 : 848.65"
"10,3 : 446.37"
"10,4 : 985.1"
"10,5 : 798.78"
"10,6 : 675.71"
"10,7 : 896.46"
"10,8 : 552.38"
"10,9 : 282.08"
"10,10 : 0.0"
"10,11 : 830.11"
"10,12 : 714.06"
"10,13 : 151.43"
"10,14 : 722.05"
"10,15 : 441.47"
"10,16 : 301.98"
"10,17 : 456.84"
"10,18 : 551.0"
"10,19 : 550.94"
"10,20 : 491.96"
"10,21 : 426.41"
"10,22 : 615.71"
"10,23 : 397.56"
"10,24 : 355.47"
"10,25 : 549.63"
"10,26 : 863.21"
"10,27 : 471.11"
"10,28 : 837.9"
"10,29 : 944.08"
"10,30 : 287.48"
"10,31 : 662.12"
"10,32 : 886.54"
"10,33 : 979.72"
"10,34 : 945.33"
"10,35 : 498.45"
"10,36 : 409.35"
"10,37 : 438.28"
"10,38 : 678.42"
"10,39 : 611.53"
"10,40 : 511.74"
"10,41 : 671.59"
"10,42 : 642.36"
"10,43 : 478.26"
"10,44 : 610.12"
"10,45 : 272.99"
"10,46 : 613.07"
"10,47 : 757.07"
"10,48 : 422.29"
"10,49 : 263.47"
"11,0 : 633.73"
"11,1 : 471.19"
"11,2 : 170.46"
"11,3 : 1034.86"
"11,4 : 228.63"
"11,5 : 425.01"
"11,6 : 334.32"
"11,7 : 187.45"
"11,8 : 327.43"
"11,9 : 627.92"
"11,10 : 830.11"
"11,11 : 0.0"
"11,12 : 267.86"
"11,13 : 747.53"
"11,14 : 190.19"
"11,15 : 786.15"
"11,16 : 601.97"
"11,17 : 613.13"
"11,18 : 354.19"
"11,19 : 405.64"
"11,20 : 886.01"
"11,21 : 751.88"
"11,22 : 821.63"
"11,23 : 481.15"
"11,24 : 701.59"
"11,25 : 668.0"
"11,26 : 680.58"
"11,27 : 447.64"
"11,28 : 420.72"
"11,29 : 169.52"
"11,30 : 699.04"
"11,31 : 577.76"
"11,32 : 509.56"
"11,33 : 283.8"
"11,34 : 332.48"
"11,35 : 486.34"
"11,36 : 711.54"
"11,37 : 701.26"
"11,38 : 699.92"
"11,39 : 809.11"
"11,40 : 363.61"
"11,41 : 334.32"
"11,42 : 416.06"
"11,43 : 722.65"
"11,44 : 290.22"
"11,45 : 629.31"
"11,46 : 393.17"
"11,47 : 213.27"
"11,48 : 591.01"
"11,49 : 750.02"
"12,0 : 366.59"
"12,1 : 218.51"
"12,2 : 160.6"
"12,3 : 816.8"
"12,4 : 496.35"
"12,5 : 180.69"
"12,6 : 69.63"
"12,7 : 448.89"
"12,8 : 165.74"
"12,9 : 598.5"
"12,10 : 714.06"
"12,11 : 267.86"
"12,12 : 0.0"
"12,13 : 595.31"
"12,14 : 367.45"
"12,15 : 552.55"
"12,16 : 430.67"
"12,17 : 662.09"
"12,18 : 163.15"
"12,19 : 489.51"
"12,20 : 646.8"
"12,21 : 521.2"
"12,22 : 562.22"
"12,23 : 477.28"
"12,24 : 490.24"
"12,25 : 749.15"
"12,26 : 424.29"
"12,27 : 487.45"
"12,28 : 194.99"
"12,29 : 437.16"
"12,30 : 680.7"
"12,31 : 310.67"
"12,32 : 283.92"
"12,33 : 268.51"
"12,34 : 233.49"
"12,35 : 260.42"
"12,36 : 738.92"
"12,37 : 739.74"
"12,38 : 433.04"
"12,39 : 549.73"
"12,40 : 403.14"
"12,41 : 484.37"
"12,42 : 550.18"
"12,43 : 481.3"
"12,44 : 108.67"
"12,45 : 461.66"
"12,46 : 512.27"
"12,47 : 62.37"
"12,48 : 372.31"
"12,49 : 723.32"
"13,0 : 519.55"
"13,1 : 439.54"
"13,2 : 740.78"
"13,3 : 372.29"
"13,4 : 926.52"
"13,5 : 661.15"
"13,6 : 549.18"
"13,7 : 841.46"
"13,8 : 442.44"
"13,9 : 318.71"
"13,10 : 151.43"
"13,11 : 747.53"
"13,12 : 595.31"
"13,13 : 0.0"
"13,14 : 669.78"
"13,15 : 299.13"
"13,16 : 166.15"
"13,17 : 503.22"
"13,18 : 433.61"
"13,19 : 539.07"
"13,20 : 363.98"
"13,21 : 280.04"
"13,22 : 471.0"
"13,23 : 383.36"
"13,24 : 204.8"
"13,25 : 608.52"
"13,26 : 712.51"
"13,27 : 461.65"
"13,28 : 701.3"
"13,29 : 879.65"
"13,30 : 360.12"
"13,31 : 512.92"
"13,32 : 744.11"
"13,33 : 863.75"
"13,34 : 821.12"
"13,35 : 360.34"
"13,36 : 485.57"
"13,37 : 510.52"
"13,38 : 527.08"
"13,39 : 465.89"
"13,40 : 476.02"
"13,41 : 649.59"
"13,42 : 638.88"
"13,43 : 328.81"
"13,44 : 497.93"
"13,45 : 135.06"
"13,46 : 602.85"
"13,47 : 644.39"
"13,48 : 274.49"
"13,49 : 356.55"
"14,0 : 699.2"
"14,1 : 515.74"
"14,2 : 339.18"
"14,3 : 1000.92"
"14,4 : 263.41"
"14,5 : 546.93"
"14,6 : 416.14"
"14,7 : 174.42"
"14,8 : 333.86"
"14,9 : 482.41"
"14,10 : 722.05"
"14,11 : 190.19"
"14,12 : 367.45"
"14,13 : 669.78"
"14,14 : 0.0"
"14,15 : 780.47"
"14,16 : 552.2"
"14,17 : 434.88"
"14,18 : 370.07"
"14,19 : 226.64"
"14,20 : 882.88"
"14,21 : 744.66"
"14,22 : 854.74"
"14,23 : 336.49"
"14,24 : 677.28"
"14,25 : 480.71"
"14,26 : 789.63"
"14,27 : 283.98"
"14,28 : 554.7"
"14,29 : 227.61"
"14,30 : 543.67"
"14,31 : 645.41"
"14,32 : 645.73"
"14,33 : 469.33"
"14,34 : 505.75"
"14,35 : 499.44"
"14,36 : 537.14"
"14,37 : 523.57"
"14,38 : 761.23"
"14,39 : 842.59"
"14,40 : 214.31"
"14,41 : 144.22"
"14,42 : 225.88"
"14,43 : 730.38"
"14,44 : 328.3"
"14,45 : 573.65"
"14,46 : 204.71"
"14,47 : 336.01"
"14,48 : 583.83"
"14,49 : 596.14"
"15,0 : 298.04"
"15,1 : 336.47"
"15,2 : 713.09"
"15,3 : 271.02"
"15,4 : 1002.58"
"15,5 : 530.47"
"15,6 : 486.0"
"15,7 : 930.8"
"15,8 : 461.97"
"15,9 : 584.52"
"15,10 : 441.47"
"15,11 : 786.15"
"15,12 : 552.55"
"15,13 : 299.13"
"15,14 : 780.47"
"15,15 : 0.0"
"15,16 : 261.12"
"15,17 : 758.72"
"15,18 : 432.31"
"15,19 : 728.81"
"15,20 : 102.42"
"15,21 : 35.85"
"15,22 : 174.66"
"15,23 : 593.37"
"15,24 : 119.07"
"15,25 : 868.65"
"15,26 : 479.9"
"15,27 : 664.54"
"15,28 : 571.14"
"15,29 : 946.88"
"15,30 : 642.93"
"15,31 : 321.28"
"15,32 : 578.71"
"15,33 : 799.03"
"15,34 : 731.36"
"15,35 : 300.22"
"15,36 : 763.84"
"15,37 : 785.15"
"15,38 : 274.57"
"15,39 : 171.49"
"15,40 : 641.25"
"15,41 : 813.05"
"15,42 : 829.59"
"15,43 : 78.16"
"15,44 : 496.24"
"15,45 : 259.02"
"15,46 : 787.84"
"15,47 : 614.07"
"15,48 : 197.91"
"15,49 : 648.31"
"16,0 : 386.83"
"16,1 : 277.96"
"16,2 : 579.65"
"16,3 : 448.86"
"16,4 : 796.92"
"16,5 : 497.64"
"16,6 : 383.1"
"16,7 : 716.46"
"16,8 : 283.79"
"16,9 : 337.33"
"16,10 : 301.98"
"16,11 : 601.97"
"16,12 : 430.67"
"16,13 : 166.15"
"16,14 : 552.2"
"16,15 : 261.12"
"16,16 : 0.0"
"16,17 : 502.26"
"16,18 : 270.78"
"16,19 : 470.86"
"16,20 : 356.96"
"16,21 : 228.08"
"16,22 : 401.81"
"16,23 : 332.25"
"16,24 : 142.51"
"16,25 : 612.48"
"16,26 : 574.5"
"16,27 : 404.11"
"16,28 : 537.26"
"16,29 : 746.0"
"16,30 : 406.48"
"16,31 : 368.88"
"16,32 : 584.61"
"16,33 : 699.16"
"16,34 : 655.07"
"16,35 : 196.71"
"16,36 : 519.19"
"16,37 : 537.34"
"16,38 : 409.85"
"16,39 : 393.09"
"16,40 : 387.8"
"16,41 : 563.03"
"16,42 : 572.39"
"16,43 : 248.21"
"16,44 : 336.88"
"16,45 : 31.14"
"16,46 : 531.5"
"16,47 : 481.72"
"16,48 : 132.25"
"16,49 : 424.0"
"17,0 : 844.03"
"17,1 : 672.86"
"17,2 : 720.61"
"17,3 : 874.03"
"17,4 : 670.56"
"17,5 : 823.89"
"17,6 : 669.07"
"17,7 : 583.31"
"17,8 : 520.55"
"17,9 : 184.79"
"17,10 : 456.84"
"17,11 : 613.13"
"17,12 : 662.09"
"17,13 : 503.22"
"17,14 : 434.88"
"17,15 : 758.72"
"17,16 : 502.26"
"17,17 : 0.0"
"17,18 : 547.88"
"17,19 : 208.63"
"17,20 : 846.36"
"17,21 : 727.91"
"17,22 : 903.21"
"17,23 : 196.46"
"17,24 : 640.22"
"17,25 : 110.22"
"17,26 : 1003.53"
"17,27 : 176.3"
"17,28 : 849.81"
"17,29 : 651.11"
"17,30 : 175.21"
"17,31 : 806.42"
"17,32 : 930.58"
"17,33 : 864.19"
"17,34 : 872.99"
"17,35 : 606.08"
"17,36 : 105.08"
"17,37 : 88.68"
"17,38 : 885.39"
"17,39 : 894.0"
"17,40 : 264.49"
"17,41 : 313.44"
"17,42 : 245.49"
"17,43 : 750.06"
"17,44 : 563.57"
"17,45 : 499.92"
"17,46 : 240.92"
"17,47 : 668.56"
"17,48 : 616.01"
"17,49 : 218.5"
"18,0 : 336.43"
"18,1 : 149.34"
"18,2 : 309.03"
"18,3 : 682.69"
"18,4 : 571.47"
"18,5 : 281.82"
"18,6 : 132.77"
"18,7 : 503.58"
"18,8 : 37.0"
"18,9 : 455.0"
"18,10 : 551.0"
"18,11 : 354.19"
"18,12 : 163.15"
"18,13 : 433.61"
"18,14 : 370.07"
"18,15 : 432.31"
"18,16 : 270.78"
"18,17 : 547.88"
"18,18 : 0.0"
"18,19 : 410.02"
"18,20 : 532.89"
"18,21 : 397.82"
"18,22 : 485.83"
"18,23 : 352.88"
"18,24 : 349.69"
"18,25 : 646.04"
"18,26 : 463.76"
"18,27 : 383.88"
"18,28 : 313.44"
"18,29 : 515.08"
"18,30 : 537.85"
"18,31 : 286.23"
"18,32 : 386.53"
"18,33 : 430.66"
"18,34 : 394.92"
"18,35 : 134.33"
"18,36 : 611.31"
"18,37 : 616.83"
"18,38 : 395.01"
"18,39 : 473.55"
"18,40 : 313.34"
"18,41 : 445.59"
"18,42 : 492.6"
"18,43 : 371.47"
"18,44 : 67.74"
"18,45 : 301.37"
"18,46 : 450.28"
"18,47 : 211.03"
"18,48 : 236.93"
"18,49 : 576.46"
"19,0 : 738.55"
"19,1 : 553.84"
"19,2 : 523.64"
"19,3 : 902.76"
"19,4 : 472.15"
"19,5 : 663.77"
"19,6 : 511.5"
"19,7 : 382.83"
"19,8 : 375.99"
"19,9 : 280.79"
"19,10 : 550.94"
"19,11 : 405.64"
"19,12 : 489.51"
"19,13 : 539.07"
"19,14 : 226.64"
"19,15 : 728.81"
"19,16 : 470.86"
"19,17 : 208.63"
"19,18 : 410.02"
"19,19 : 0.0"
"19,20 : 827.23"
"19,21 : 694.1"
"19,22 : 844.06"
"19,23 : 156.82"
"19,24 : 612.28"
"19,25 : 268.08"
"19,26 : 873.12"
"19,27 : 79.93"
"19,28 : 683.73"
"19,29 : 447.27"
"19,30 : 328.27"
"19,31 : 692.43"
"19,32 : 770.23"
"19,33 : 665.23"
"19,34 : 682.61"
"19,35 : 504.73"
"19,36 : 310.52"
"19,37 : 297.27"
"19,38 : 790.54"
"19,39 : 833.15"
"19,40 : 97.53"
"19,41 : 123.31"
"19,42 : 101.83"
"19,43 : 699.03"
"19,44 : 404.93"
"19,45 : 481.6"
"19,46 : 63.81"
"19,47 : 484.19"
"19,48 : 551.09"
"19,49 : 380.74"
"20,0 : 356.45"
"20,1 : 428.69"
"20,2 : 806.79"
"20,3 : 204.55"
"20,4 : 1103.88"
"20,5 : 608.21"
"20,6 : 578.92"
"20,7 : 1032.77"
"20,8 : 563.3"
"20,9 : 667.81"
"20,10 : 491.96"
"20,11 : 886.01"
"20,12 : 646.8"
"20,13 : 363.98"
"20,14 : 882.88"
"20,15 : 102.42"
"20,16 : 356.96"
"20,17 : 846.36"
"20,18 : 532.89"
"20,19 : 827.23"
"20,20 : 0.0"
"20,21 : 138.22"
"20,22 : 171.02"
"20,23 : 688.17"
"20,24 : 214.95"
"20,25 : 955.57"
"20,26 : 519.28"
"20,27 : 761.0"
"20,28 : 647.7"
"20,29 : 1047.88"
"20,30 : 720.22"
"20,31 : 390.92"
"20,32 : 644.27"
"20,33 : 885.59"
"20,34 : 813.92"
"20,35 : 399.68"
"20,36 : 843.8"
"20,37 : 866.74"
"20,38 : 316.17"
"20,39 : 175.26"
"20,40 : 741.2"
"20,41 : 913.96"
"20,42 : 928.44"
"20,43 : 165.52"
"20,44 : 595.81"
"20,45 : 350.69"
"20,46 : 887.03"
"20,47 : 708.84"
"20,48 : 300.04"
"20,49 : 720.2"
"21,0 : 285.38"
"21,1 : 306.81"
"21,2 : 681.8"
"21,3 : 297.94"
"21,4 : 967.53"
"21,5 : 506.79"
"21,6 : 455.44"
"21,7 : 895.38"
"21,8 : 427.02"
"21,9 : 555.67"
"21,10 : 426.41"
"21,11 : 751.88"
"21,12 : 521.2"
"21,13 : 280.04"
"21,14 : 744.66"
"21,15 : 35.85"
"21,16 : 228.08"
"21,17 : 727.91"
"21,18 : 397.82"
"21,19 : 694.1"
"21,20 : 138.22"
"21,21 : 0.0"
"21,22 : 191.13"
"21,23 : 560.04"
"21,24 : 87.86"
"21,25 : 837.99"
"21,26 : 472.51"
"21,27 : 630.54"
"21,28 : 547.8"
"21,29 : 912.01"
"21,30 : 616.25"
"21,31 : 303.03"
"21,32 : 560.02"
"21,33 : 770.82"
"21,34 : 704.99"
"21,35 : 266.59"
"21,36 : 735.9"
"21,37 : 756.56"
"21,38 : 269.76"
"21,39 : 185.85"
"21,40 : 606.03"
"21,41 : 777.51"
"21,42 : 794.7"
"21,43 : 61.98"
"21,44 : 462.26"
"21,45 : 228.02"
"21,46 : 752.84"
"21,47 : 582.38"
"21,48 : 162.53"
"21,49 : 623.7"
"22,0 : 217.41"
"22,1 : 350.63"
"22,2 : 715.44"
"22,3 : 372.39"
"22,4 : 1048.01"
"22,5 : 483.52"
"22,6 : 492.63"
"22,7 : 986.41"
"22,8 : 521.28"
"22,9 : 737.92"
"22,10 : 615.71"
"22,11 : 821.63"
"22,12 : 562.22"
"22,13 : 471.0"
"22,14 : 854.74"
"22,15 : 174.66"
"22,16 : 401.81"
"22,17 : 903.21"
"22,18 : 485.83"
"22,19 : 844.06"
"22,20 : 171.02"
"22,21 : 191.13"
"22,22 : 0.0"
"22,23 : 724.22"
"22,24 : 274.19"
"22,25 : 1013.35"
"22,26 : 354.4"
"22,27 : 788.68"
"22,28 : 519.6"
"22,29 : 989.72"
"22,30 : 802.56"
"22,31 : 265.28"
"22,32 : 499.98"
"22,33 : 772.3"
"22,34 : 693.12"
"22,35 : 355.66"
"22,36 : 919.48"
"22,37 : 938.59"
"22,38 : 161.48"
"22,39 : 12.53"
"22,40 : 750.17"
"22,41 : 912.07"
"22,42 : 941.23"
"22,43 : 153.69"
"22,44 : 538.34"
"22,45 : 408.95"
"22,46 : 898.32"
"22,47 : 624.04"
"22,48 : 293.68"
"22,49 : 812.63"
"23,0 : 649.98"
"23,1 : 476.59"
"23,2 : 557.29"
"23,3 : 750.27"
"23,4 : 598.54"
"23,5 : 631.71"
"23,6 : 477.46"
"23,7 : 508.55"
"23,8 : 327.37"
"23,9 : 147.65"
"23,10 : 397.56"
"23,11 : 481.15"
"23,12 : 477.28"
"23,13 : 383.36"
"23,14 : 336.49"
"23,15 : 593.37"
"23,16 : 332.25"
"23,17 : 196.46"
"23,18 : 352.88"
"23,19 : 156.82"
"23,20 : 688.17"
"23,21 : 560.04"
"23,22 : 724.22"
"23,23 : 0.0"
"23,24 : 474.66"
"23,25 : 300.53"
"23,26 : 807.11"
"23,27 : 78.29"
"23,28 : 659.55"
"23,29 : 563.87"
"23,30 : 218.83"
"23,31 : 610.94"
"23,32 : 737.87"
"23,33 : 701.24"
"23,34 : 698.57"
"23,35 : 411.46"
"23,36 : 261.82"
"23,37 : 264.66"
"23,38 : 693.84"
"23,39 : 714.21"
"23,40 : 122.53"
"23,41 : 274.42"
"23,42 : 255.55"
"23,43 : 573.55"
"23,44 : 374.09"
"23,45 : 337.88"
"23,46 : 220.54"
"23,47 : 492.04"
"23,48 : 431.86"
"23,49 : 269.07"
"24,0 : 322.8"
"24,1 : 290.08"
"24,2 : 649.21"
"24,3 : 333.32"
"24,4 : 910.11"
"24,5 : 506.69"
"24,6 : 429.51"
"24,7 : 834.25"
"24,8 : 374.17"
"24,9 : 467.92"
"24,10 : 355.47"
"24,11 : 701.59"
"24,12 : 490.24"
"24,13 : 204.8"
"24,14 : 677.28"
"24,15 : 119.07"
"24,16 : 142.51"
"24,17 : 640.22"
"24,18 : 349.69"
"24,19 : 612.28"
"24,20 : 214.95"
"24,21 : 87.86"
"24,22 : 274.19"
"24,23 : 474.66"
"24,24 : 0.0"
"24,25 : 750.26"
"24,26 : 515.87"
"24,27 : 546.53"
"24,28 : 548.11"
"24,29 : 856.25"
"24,30 : 529.43"
"24,31 : 325.76"
"24,32 : 574.31"
"24,33 : 750.95"
"24,34 : 692.72"
"24,35 : 229.87"
"24,36 : 648.39"
"24,37 : 668.85"
"24,38 : 323.74"
"24,39 : 267.42"
"24,40 : 526.78"
"24,41 : 700.45"
"24,42 : 713.52"
"24,43 : 125.1"
"24,44 : 416.87"
"24,45 : 140.29"
"24,46 : 672.18"
"24,47 : 548.86"
"24,48 : 118.11"
"24,49 : 538.46"
"25,0 : 950.42"
"25,1 : 776.25"
"25,2 : 791.72"
"25,3 : 977.23"
"25,4 : 690.1"
"25,5 : 916.93"
"25,6 : 762.28"
"25,7 : 607.93"
"25,8 : 616.59"
"25,9 : 290.17"
"25,10 : 549.63"
"25,11 : 668.0"
"25,12 : 749.15"
"25,13 : 608.52"
"25,14 : 480.71"
"25,15 : 868.65"
"25,16 : 612.48"
"25,17 : 110.22"
"25,18 : 646.04"
"25,19 : 268.08"
"25,20 : 955.57"
"25,21 : 837.99"
"25,22 : 1013.35"
"25,23 : 300.53"
"25,24 : 750.26"
"25,25 : 0.0"
"25,26 : 1105.9"
"25,27 : 263.69"
"25,28 : 940.56"
"25,29 : 679.81"
"25,30 : 262.15"
"25,31 : 911.36"
"25,32 : 1023.89"
"25,33 : 933.12"
"25,34 : 949.99"
"25,35 : 711.97"
"25,36 : 147.83"
"25,37 : 117.32"
"25,38 : 993.23"
"25,39 : 1004.1"
"25,40 : 346.04"
"25,41 : 342.99"
"25,42 : 262.71"
"25,43 : 860.24"
"25,44 : 655.59"
"25,45 : 609.98"
"25,46 : 276.07"
"25,47 : 749.32"
"25,48 : 725.53"
"25,49 : 293.82"
"26,0 : 193.33"
"26,1 : 331.01"
"26,2 : 525.75"
"26,3 : 723.71"
"26,4 : 902.56"
"26,5 : 256.22"
"26,6 : 374.54"
"26,7 : 867.13"
"26,8 : 497.14"
"26,9 : 880.98"
"26,10 : 863.21"
"26,11 : 680.58"
"26,12 : 424.29"
"26,13 : 712.51"
"26,14 : 789.63"
"26,15 : 479.9"
"26,16 : 574.5"
"26,17 : 1003.53"
"26,18 : 463.76"
"26,19 : 873.12"
"26,20 : 519.28"
"26,21 : 472.51"
"26,22 : 354.4"
"26,23 : 807.11"
"26,24 : 515.87"
"26,25 : 1105.9"
"26,26 : 0.0"
"26,27 : 846.3"
"26,28 : 269.22"
"26,29 : 844.19"
"26,30 : 960.32"
"26,31 : 206.53"
"26,32 : 199.6"
"26,33 : 519.85"
"26,34 : 430.71"
"26,35 : 404.14"
"26,36 : 1054.14"
"26,37 : 1064.4"
"26,38 : 205.97"
"26,39 : 347.09"
"26,40 : 776.93"
"26,41 : 895.09"
"26,42 : 951.09"
"26,43 : 410.62"
"26,44 : 474.03"
"26,45 : 598.25"
"26,46 : 909.8"
"26,47 : 469.01"
"26,48 : 444.05"
"26,49 : 987.7"
"27,0 : 699.46"
"27,1 : 519.42"
"27,2 : 545.46"
"27,3 : 828.02"
"27,4 : 540.24"
"27,5 : 653.3"
"27,6 : 498.61"
"27,7 : 450.18"
"27,8 : 353.42"
"27,9 : 204.38"
"27,10 : 471.11"
"27,11 : 447.64"
"27,12 : 487.45"
"27,13 : 461.65"
"27,14 : 283.98"
"27,15 : 664.54"
"27,16 : 404.11"
"27,17 : 176.3"
"27,18 : 383.88"
"27,19 : 79.93"
"27,20 : 761.0"
"27,21 : 630.54"
"27,22 : 788.68"
"27,23 : 78.29"
"27,24 : 546.53"
"27,25 : 263.69"
"27,26 : 846.3"
"27,27 : 0.0"
"27,28 : 677.42"
"27,29 : 510.5"
"27,30 : 259.86"
"27,31 : 656.8"
"27,32 : 760.26"
"27,33 : 689.39"
"27,34 : 696.71"
"27,35 : 461.7"
"27,36 : 266.08"
"27,37 : 259.86"
"27,38 : 747.4"
"27,39 : 778.25"
"27,40 : 88.64"
"27,41 : 201.4"
"27,42 : 177.26"
"27,43 : 640.23"
"27,44 : 391.99"
"27,45 : 412.04"
"27,46 : 143.06"
"27,47 : 492.33"
"27,48 : 495.05"
"27,49 : 312.42"
"28,0 : 302.2"
"28,1 : 263.05"
"28,2 : 258.63"
"28,3 : 841.65"
"28,4 : 636.91"
"28,5 : 41.44"
"28,6 : 182.53"
"28,7 : 608.14"
"28,8 : 333.18"
"28,9 : 768.41"
"28,10 : 837.9"
"28,11 : 420.72"
"28,12 : 194.99"
"28,13 : 701.3"
"28,14 : 554.7"
"28,15 : 571.14"
"28,16 : 537.26"
"28,17 : 849.81"
"28,18 : 313.44"
"28,19 : 683.73"
"28,20 : 647.7"
"28,21 : 547.8"
"28,22 : 519.6"
"28,23 : 659.55"
"28,24 : 548.11"
"28,25 : 940.56"
"28,26 : 269.22"
"28,27 : 677.42"
"28,28 : 0.0"
"28,29 : 579.28"
"28,30 : 851.26"
"28,31 : 257.99"
"28,32 : 91.08"
"28,33 : 260.42"
"28,34 : 175.41"
"28,35 : 341.01"
"28,36 : 920.8"
"28,37 : 924.08"
"28,38 : 362.66"
"28,39 : 508.25"
"28,40 : 595.32"
"28,41 : 677.83"
"28,42 : 744.97"
"28,43 : 493.07"
"28,44 : 286.26"
"28,45 : 567.59"
"28,46 : 707.24"
"28,47 : 219.15"
"28,48 : 437.33"
"28,49 : 889.67"
"29,0 : 803.24"
"29,1 : 639.09"
"29,2 : 321.0"
"29,3 : 1188.12"
"29,4 : 59.2"
"29,5 : 587.97"
"29,6 : 503.83"
"29,7 : 74.09"
"29,8 : 485.0"
"29,9 : 710.02"
"29,10 : 944.08"
"29,11 : 169.52"
"29,12 : 437.16"
"29,13 : 879.65"
"29,14 : 227.61"
"29,15 : 946.88"
"29,16 : 746.0"
"29,17 : 651.11"
"29,18 : 515.08"
"29,19 : 447.27"
"29,20 : 1047.88"
"29,21 : 912.01"
"29,22 : 989.72"
"29,23 : 563.87"
"29,24 : 856.25"
"29,25 : 679.81"
"29,26 : 844.19"
"29,27 : 510.5"
"29,28 : 579.28"
"29,29 : 0.0"
"29,30 : 770.35"
"29,31 : 747.27"
"29,32 : 665.11"
"29,33 : 393.26"
"29,34 : 463.59"
"29,35 : 649.01"
"29,36 : 755.48"
"29,37 : 739.0"
"29,38 : 869.44"
"29,39 : 977.2"
"29,40 : 441.45"
"29,41 : 339.48"
"29,42 : 417.25"
"29,43 : 886.19"
"29,44 : 454.3"
"29,45 : 771.11"
"29,46 : 411.1"
"29,47 : 381.06"
"29,48 : 749.83"
"29,49 : 822.92"
"30,0 : 783.25"
"30,1 : 633.97"
"30,2 : 773.47"
"30,3 : 720.88"
"30,4 : 799.09"
"30,5 : 819.17"
"30,6 : 669.52"
"30,7 : 709.22"
"30,8 : 520.12"
"30,9 : 82.86"
"30,10 : 287.48"
"30,11 : 699.04"
"30,12 : 680.7"
"30,13 : 360.12"
"30,14 : 543.67"
"30,15 : 642.93"
"30,16 : 406.48"
"30,17 : 175.21"
"30,18 : 537.85"
"30,19 : 328.27"
"30,20 : 720.22"
"30,21 : 616.25"
"30,22 : 802.56"
"30,23 : 218.83"
"30,24 : 529.43"
"30,25 : 262.15"
"30,26 : 960.32"
"30,27 : 259.86"
"30,28 : 851.26"
"30,29 : 770.35"
"30,30 : 0.0"
"30,31 : 755.04"
"30,32 : 922.19"
"30,33 : 916.81"
"30,34 : 908.61"
"30,35 : 556.53"
"30,36 : 126.0"
"30,37 : 152.84"
"30,38 : 813.66"
"30,39 : 794.92"
"30,40 : 336.29"
"30,41 : 449.77"
"30,42 : 397.88"
"30,43 : 649.68"
"30,44 : 573.28"
"30,45 : 394.45"
"30,46 : 380.24"
"30,47 : 702.67"
"30,48 : 535.02"
"30,49 : 52.63"
"31,0 : 55.97"
"31,1 : 138.6"
"31,2 : 455.59"
"31,3 : 588.6"
"31,4 : 806.39"
"31,5 : 219.94"
"31,6 : 243.52"
"31,7 : 754.11"
"31,8 : 322.74"
"31,9 : 676.5"
"31,10 : 662.12"
"31,11 : 577.76"
"31,12 : 310.67"
"31,13 : 512.92"
"31,14 : 645.41"
"31,15 : 321.28"
"31,16 : 368.88"
"31,17 : 806.42"
"31,18 : 286.23"
"31,19 : 692.43"
"31,20 : 390.92"
"31,21 : 303.03"
"31,22 : 265.28"
"31,23 : 610.94"
"31,24 : 325.76"
"31,25 : 911.36"
"31,26 : 206.53"
"31,27 : 656.8"
"31,28 : 257.99"
"31,29 : 747.27"
"31,30 : 755.04"
"31,31 : 0.0"
"31,32 : 257.45"
"31,33 : 507.08"
"31,34 : 429.01"
"31,35 : 201.12"
"31,36 : 851.8"
"31,37 : 863.39"
"31,38 : 122.38"
"31,39 : 253.4"
"31,40 : 594.94"
"31,41 : 731.46"
"31,42 : 778.24"
"31,43 : 243.67"
"31,44 : 317.13"
"31,45 : 393.6"
"31,46 : 735.67"
"31,47 : 370.03"
"31,48 : 240.19"
"31,49 : 781.52"
"32,0 : 288.11"
"32,1 : 306.81"
"32,2 : 344.21"
"32,3 : 844.75"
"32,4 : 722.01"
"32,5 : 106.96"
"32,6 : 261.73"
"32,7 : 696.72"
"32,8 : 410.53"
"32,9 : 839.56"
"32,10 : 886.54"
"32,11 : 509.56"
"32,12 : 283.92"
"32,13 : 744.11"
"32,14 : 645.73"
"32,15 : 578.71"
"32,16 : 584.61"
"32,17 : 930.58"
"32,18 : 386.53"
"32,19 : 770.23"
"32,20 : 644.27"
"32,21 : 560.02"
"32,22 : 499.98"
"32,23 : 737.87"
"32,24 : 574.31"
"32,25 : 1023.89"
"32,26 : 199.6"
"32,27 : 760.26"
"32,28 : 91.08"
"32,29 : 665.11"
"32,30 : 922.19"
"32,31 : 257.45"
"32,32 : 0.0"
"32,33 : 320.92"
"32,34 : 231.62"
"32,35 : 388.96"
"32,36 : 997.66"
"32,37 : 1002.45"
"32,38 : 338.56"
"32,39 : 489.74"
"32,40 : 680.03"
"32,41 : 767.91"
"32,42 : 834.01"
"32,43 : 501.11"
"32,44 : 368.31"
"32,45 : 613.69"
"32,46 : 795.74"
"32,47 : 310.22"
"32,48 : 472.07"
"32,49 : 958.19"
"33,0 : 556.5"
"33,1 : 464.67"
"33,2 : 144.22"
"33,3 : 1068.76"
"33,4 : 442.58"
"33,5 : 291.0"
"33,6 : 321.95"
"33,7 : 445.92"
"33,8 : 427.42"
"33,9 : 837.49"
"33,10 : 979.72"
"33,11 : 283.8"
"33,12 : 268.51"
"33,13 : 863.75"
"33,14 : 469.33"
"33,15 : 799.03"
"33,16 : 699.16"
"33,17 : 864.19"
"33,18 : 430.66"
"33,19 : 665.23"
"33,20 : 885.59"
"33,21 : 770.82"
"33,22 : 772.3"
"33,23 : 701.24"
"33,24 : 750.95"
"33,25 : 933.12"
"33,26 : 519.85"
"33,27 : 689.39"
"33,28 : 260.42"
"33,29 : 393.26"
"33,30 : 916.81"
"33,31 : 507.08"
"33,32 : 320.92"
"33,33 : 0.0"
"33,34 : 89.32"
"33,35 : 522.47"
"33,36 : 954.38"
"33,37 : 949.24"
"33,38 : 619.7"
"33,39 : 760.46"
"33,40 : 600.77"
"33,41 : 612.69"
"33,42 : 692.63"
"33,43 : 723.21"
"33,44 : 369.6"
"33,45 : 730.16"
"33,46 : 664.9"
"33,47 : 223.01"
"33,48 : 633.1"
"33,49 : 963.62"
"34,0 : 476.06"
"34,1 : 402.91"
"34,2 : 166.64"
"34,3 : 1002.25"
"34,4 : 516.38"
"34,5 : 209.6"
"34,6 : 271.97"
"34,7 : 508.94"
"34,8 : 399.16"
"34,9 : 827.26"
"34,10 : 945.33"
"34,11 : 332.48"
"34,12 : 233.49"
"34,13 : 821.12"
"34,14 : 505.75"
"34,15 : 731.36"
"34,16 : 655.07"
"34,17 : 872.99"
"34,18 : 394.92"
"34,19 : 682.61"
"34,20 : 813.92"
"34,21 : 704.99"
"34,22 : 693.12"
"34,23 : 698.57"
"34,24 : 692.72"
"34,25 : 949.99"
"34,26 : 430.71"
"34,27 : 696.71"
"34,28 : 175.41"
"34,29 : 463.59"
"34,30 : 908.61"
"34,31 : 429.01"
"34,32 : 231.62"
"34,33 : 89.32"
"34,34 : 0.0"
"34,35 : 468.72"
"34,36 : 957.49"
"34,37 : 955.18"
"34,38 : 537.67"
"34,39 : 681.54"
"34,40 : 608.65"
"34,41 : 645.19"
"34,42 : 722.01"
"34,43 : 654.28"
"34,44 : 341.67"
"34,45 : 686.21"
"34,46 : 690.45"
"34,47 : 206.55"
"34,48 : 576.28"
"34,49 : 952.93"
"35,0 : 238.61"
"35,1 : 82.46"
"35,2 : 419.87"
"35,3 : 558.03"
"35,4 : 705.64"
"35,5 : 301.09"
"35,6 : 200.52"
"35,7 : 637.73"
"35,8 : 167.55"
"35,9 : 476.84"
"35,10 : 498.45"
"35,11 : 486.34"
"35,12 : 260.42"
"35,13 : 360.34"
"35,14 : 499.44"
"35,15 : 300.22"
"35,16 : 196.71"
"35,17 : 606.08"
"35,18 : 134.33"
"35,19 : 504.73"
"35,20 : 399.68"
"35,21 : 266.59"
"35,22 : 355.66"
"35,23 : 411.46"
"35,24 : 229.87"
"35,25 : 711.97"
"35,26 : 404.14"
"35,27 : 461.7"
"35,28 : 341.01"
"35,29 : 649.01"
"35,30 : 556.53"
"35,31 : 201.12"
"35,32 : 388.96"
"35,33 : 522.47"
"35,34 : 468.72"
"35,35 : 0.0"
"35,36 : 650.87"
"35,37 : 662.27"
"35,38 : 286.2"
"35,39 : 343.63"
"35,40 : 407.74"
"35,41 : 560.29"
"35,42 : 596.73"
"35,43 : 237.23"
"35,44 : 196.16"
"35,45 : 226.72"
"35,46 : 553.64"
"35,47 : 319.6"
"35,48 : 111.89"
"35,49 : 585.64"
"36,0 : 884.49"
"36,1 : 723.8"
"36,2 : 810.22"
"36,3 : 846.6"
"36,4 : 775.56"
"36,5 : 892.07"
"36,6 : 738.43"
"36,7 : 688.12"
"36,8 : 587.89"
"36,9 : 181.86"
"36,10 : 409.35"
"36,11 : 711.54"
"36,12 : 738.92"
"36,13 : 485.57"
"36,14 : 537.14"
"36,15 : 763.84"
"36,16 : 519.19"
"36,17 : 105.08"
"36,18 : 611.31"
"36,19 : 310.52"
"36,20 : 843.8"
"36,21 : 735.9"
"36,22 : 919.48"
"36,23 : 261.82"
"36,24 : 648.39"
"36,25 : 147.83"
"36,26 : 1054.14"
"36,27 : 266.08"
"36,28 : 920.8"
"36,29 : 755.48"
"36,30 : 126.0"
"36,31 : 851.8"
"36,32 : 997.66"
"36,33 : 954.38"
"36,34 : 957.49"
"36,35 : 650.87"
"36,36 : 0.0"
"36,37 : 30.53"
"36,38 : 919.79"
"36,39 : 911.31"
"36,40 : 354.18"
"36,41 : 418.43"
"36,42 : 350.03"
"36,43 : 765.92"
"36,44 : 635.81"
"36,45 : 510.56"
"36,46 : 345.88"
"36,47 : 751.37"
"36,48 : 643.24"
"36,49 : 148.06"
"37,0 : 897.51"
"37,1 : 733.55"
"37,2 : 805.31"
"37,3 : 873.65"
"37,4 : 757.22"
"37,5 : 896.36"
"37,6 : 742.1"
"37,7 : 670.58"
"37,8 : 592.01"
"37,9 : 200.96"
"37,10 : 438.28"
"37,11 : 701.26"
"37,12 : 739.74"
"37,13 : 510.52"
"37,14 : 523.57"
"37,15 : 785.15"
"37,16 : 537.34"
"37,17 : 88.68"
"37,18 : 616.83"
"37,19 : 297.27"
"37,20 : 866.74"
"37,21 : 756.56"
"37,22 : 938.59"
"37,23 : 264.66"
"37,24 : 668.85"
"37,25 : 117.32"
"37,26 : 1064.4"
"37,27 : 259.86"
"37,28 : 924.08"
"37,29 : 739.0"
"37,30 : 152.84"
"37,31 : 863.39"
"37,32 : 1002.45"
"37,33 : 949.24"
"37,34 : 955.18"
"37,35 : 662.27"
"37,36 : 30.53"
"37,37 : 0.0"
"37,38 : 934.48"
"37,39 : 930.18"
"37,40 : 348.49"
"37,41 : 400.45"
"37,42 : 329.29"
"37,43 : 784.92"
"37,44 : 638.25"
"37,45 : 530.09"
"37,46 : 328.15"
"37,47 : 749.67"
"37,48 : 659.3"
"37,49 : 178.08"
"38,0 : 66.64"
"38,1 : 246.13"
"38,2 : 576.65"
"38,3 : 520.6"
"38,4 : 928.52"
"38,5 : 328.82"
"38,6 : 365.6"
"38,7 : 875.11"
"38,8 : 432.0"
"38,9 : 739.67"
"38,10 : 678.42"
"38,11 : 699.92"
"38,12 : 433.04"
"38,13 : 527.08"
"38,14 : 761.23"
"38,15 : 274.57"
"38,16 : 409.85"
"38,17 : 885.39"
"38,18 : 395.01"
"38,19 : 790.54"
"38,20 : 316.17"
"38,21 : 269.76"
"38,22 : 161.48"
"38,23 : 693.84"
"38,24 : 323.74"
"38,25 : 993.23"
"38,26 : 205.97"
"38,27 : 747.4"
"38,28 : 362.66"
"38,29 : 869.44"
"38,30 : 813.66"
"38,31 : 122.38"
"38,32 : 338.56"
"38,33 : 619.7"
"38,34 : 537.67"
"38,35 : 286.2"
"38,36 : 919.79"
"38,37 : 934.48"
"38,38 : 0.0"
"38,39 : 151.54"
"38,40 : 693.3"
"38,41 : 839.49"
"38,42 : 880.91"
"38,43 : 208.72"
"38,44 : 433.63"
"38,45 : 428.06"
"38,46 : 837.93"
"38,47 : 492.35"
"38,48 : 278.8"
"38,49 : 833.67"
"39,0 : 206.12"
"39,1 : 338.11"
"39,2 : 703.06"
"39,3 : 378.05"
"39,4 : 1035.5"
"39,5 : 471.96"
"39,6 : 480.14"
"39,7 : 973.97"
"39,8 : 509.06"
"39,9 : 729.64"
"39,10 : 611.53"
"39,11 : 809.11"
"39,12 : 549.73"
"39,13 : 465.89"
"39,14 : 842.59"
"39,15 : 171.49"
"39,16 : 393.09"
"39,17 : 894.0"
"39,18 : 473.55"
"39,19 : 833.15"
"39,20 : 175.26"
"39,21 : 185.85"
"39,22 : 12.53"
"39,23 : 714.21"
"39,24 : 267.42"
"39,25 : 1004.1"
"39,26 : 347.09"
"39,27 : 778.25"
"39,28 : 508.25"
"39,29 : 977.2"
"39,30 : 794.92"
"39,31 : 253.4"
"39,32 : 489.74"
"39,33 : 760.46"
"39,34 : 681.54"
"39,35 : 343.63"
"39,36 : 911.31"
"39,37 : 930.18"
"39,38 : 151.54"
"39,39 : 0.0"
"39,40 : 739.07"
"39,41 : 900.51"
"39,42 : 930.12"
"39,43 : 145.4"
"39,44 : 525.89"
"39,45 : 400.93"
"39,46 : 887.18"
"39,47 : 611.57"
"39,48 : 283.2"
"39,49 : 805.65"
"40,0 : 641.03"
"40,1 : 456.36"
"40,2 : 456.82"
"40,3 : 829.36"
"40,4 : 477.12"
"40,5 : 573.16"
"40,6 : 419.4"
"40,7 : 387.37"
"40,8 : 279.97"
"40,9 : 269.67"
"40,10 : 511.74"
"40,11 : 363.61"
"40,12 : 403.14"
"40,13 : 476.02"
"40,14 : 214.31"
"40,15 : 641.25"
"40,16 : 387.8"
"40,17 : 264.49"
"40,18 : 313.34"
"40,19 : 97.53"
"40,20 : 741.2"
"40,21 : 606.03"
"40,22 : 750.17"
"40,23 : 122.53"
"40,24 : 526.78"
"40,25 : 346.04"
"40,26 : 776.93"
"40,27 : 88.64"
"40,28 : 595.32"
"40,29 : 441.45"
"40,30 : 336.29"
"40,31 : 594.94"
"40,32 : 680.03"
"40,33 : 600.77"
"40,34 : 608.65"
"40,35 : 407.74"
"40,36 : 354.18"
"40,37 : 348.49"
"40,38 : 693.3"
"40,39 : 739.07"
"40,40 : 0.0"
"40,41 : 176.21"
"40,42 : 191.07"
"40,43 : 607.38"
"40,44 : 312.41"
"40,45 : 402.08"
"40,46 : 148.22"
"40,47 : 405.03"
"40,48 : 458.42"
"40,49 : 387.94"
"41,0 : 782.0"
"41,1 : 594.83"
"41,2 : 479.42"
"41,3 : 1005.55"
"41,4 : 357.14"
"41,5 : 664.84"
"41,6 : 521.81"
"41,7 : 270.15"
"41,8 : 408.83"
"41,9 : 404.08"
"41,10 : 671.59"
"41,11 : 334.32"
"41,12 : 484.37"
"41,13 : 649.59"
"41,14 : 144.22"
"41,15 : 813.05"
"41,16 : 563.03"
"41,17 : 313.44"
"41,18 : 445.59"
"41,19 : 123.31"
"41,20 : 913.96"
"41,21 : 777.51"
"41,22 : 912.07"
"41,23 : 274.42"
"41,24 : 700.45"
"41,25 : 342.99"
"41,26 : 895.09"
"41,27 : 201.4"
"41,28 : 677.83"
"41,29 : 339.48"
"41,30 : 449.77"
"41,31 : 731.46"
"41,32 : 767.91"
"41,33 : 612.69"
"41,34 : 645.19"
"41,35 : 560.29"
"41,36 : 418.43"
"41,37 : 400.45"
"41,38 : 839.49"
"41,39 : 900.51"
"41,40 : 176.21"
"41,41 : 0.0"
"41,42 : 82.35"
"41,43 : 774.5"
"41,44 : 421.54"
"41,45 : 578.09"
"41,46 : 72.56"
"41,47 : 463.49"
"41,48 : 624.86"
"41,49 : 501.94"
"42,0 : 826.47"
"42,1 : 639.97"
"42,2 : 557.25"
"42,3 : 1004.1"
"42,4 : 430.03"
"42,5 : 729.24"
"42,6 : 581.59"
"42,7 : 345.9"
"42,8 : 456.87"
"42,9 : 364.52"
"42,10 : 642.36"
"42,11 : 416.06"
"42,12 : 550.18"
"42,13 : 638.88"
"42,14 : 225.88"
"42,15 : 829.59"
"42,16 : 572.39"
"42,17 : 245.49"
"42,18 : 492.6"
"42,19 : 101.83"
"42,20 : 928.44"
"42,21 : 794.7"
"42,22 : 941.23"
"42,23 : 255.55"
"42,24 : 713.52"
"42,25 : 262.71"
"42,26 : 951.09"
"42,27 : 177.26"
"42,28 : 744.97"
"42,29 : 417.25"
"42,30 : 397.88"
"42,31 : 778.24"
"42,32 : 834.01"
"42,33 : 692.63"
"42,34 : 722.01"
"42,35 : 596.73"
"42,36 : 350.03"
"42,37 : 329.29"
"42,38 : 880.91"
"42,39 : 930.12"
"42,40 : 191.07"
"42,41 : 82.35"
"42,42 : 0.0"
"42,43 : 797.99"
"42,44 : 477.62"
"42,45 : 583.41"
"42,46 : 43.1"
"42,47 : 534.66"
"42,48 : 649.3"
"42,49 : 448.54"
"43,0 : 223.65"
"43,1 : 263.37"
"43,2 : 641.38"
"43,3 : 348.74"
"43,4 : 942.87"
"43,5 : 452.48"
"43,6 : 413.58"
"43,7 : 874.24"
"43,8 : 403.6"
"43,9 : 584.3"
"43,10 : 478.26"
"43,11 : 722.65"
"43,12 : 481.3"
"43,13 : 328.81"
"43,14 : 730.38"
"43,15 : 78.16"
"43,16 : 248.21"
"43,17 : 750.06"
"43,18 : 371.47"
"43,19 : 699.03"
"43,20 : 165.52"
"43,21 : 61.98"
"43,22 : 153.69"
"43,23 : 573.55"
"43,24 : 125.1"
"43,25 : 860.24"
"43,26 : 410.62"
"43,27 : 640.23"
"43,28 : 493.07"
"43,29 : 886.19"
"43,30 : 649.68"
"43,31 : 243.67"
"43,32 : 501.11"
"43,33 : 723.21"
"43,34 : 654.28"
"43,35 : 237.23"
"43,36 : 765.92"
"43,37 : 784.92"
"43,38 : 208.72"
"43,39 : 145.4"
"43,40 : 607.38"
"43,41 : 774.5"
"43,42 : 797.99"
"43,43 : 0.0"
"43,44 : 432.56"
"43,45 : 255.54"
"43,46 : 755.44"
"43,47 : 543.32"
"43,48 : 149.64"
"43,49 : 661.25"
"44,0 : 370.98"
"44,1 : 190.16"
"44,2 : 243.0"
"44,3 : 749.53"
"44,4 : 511.67"
"44,5 : 261.34"
"44,6 : 107.0"
"44,7 : 448.09"
"44,8 : 58.03"
"44,9 : 490.83"
"44,10 : 610.12"
"44,11 : 290.22"
"44,12 : 108.67"
"44,13 : 497.93"
"44,14 : 328.3"
"44,15 : 496.24"
"44,16 : 336.88"
"44,17 : 563.57"
"44,18 : 67.74"
"44,19 : 404.93"
"44,20 : 595.81"
"44,21 : 462.26"
"44,22 : 538.34"
"44,23 : 374.09"
"44,24 : 416.87"
"44,25 : 655.59"
"44,26 : 474.03"
"44,27 : 391.99"
"44,28 : 286.26"
"44,29 : 454.3"
"44,30 : 573.28"
"44,31 : 317.13"
"44,32 : 368.31"
"44,33 : 369.6"
"44,34 : 341.67"
"44,35 : 196.16"
"44,36 : 635.81"
"44,37 : 638.25"
"44,38 : 433.63"
"44,39 : 525.89"
"44,40 : 312.41"
"44,41 : 421.54"
"44,42 : 477.62"
"44,43 : 432.56"
"44,44 : 0.0"
"44,45 : 367.14"
"44,46 : 436.9"
"44,47 : 147.23"
"44,48 : 302.85"
"44,49 : 615.23"
"45,0 : 408.72"
"45,1 : 307.39"
"45,2 : 610.05"
"45,3 : 429.3"
"45,4 : 821.28"
"45,5 : 527.8"
"45,6 : 414.24"
"45,7 : 739.8"
"45,8 : 313.47"
"45,9 : 329.2"
"45,10 : 272.99"
"45,11 : 629.31"
"45,12 : 461.66"
"45,13 : 135.06"
"45,14 : 573.65"
"45,15 : 259.02"
"45,16 : 31.14"
"45,17 : 499.92"
"45,18 : 301.37"
"45,19 : 481.6"
"45,20 : 350.69"
"45,21 : 228.02"
"45,22 : 408.95"
"45,23 : 337.88"
"45,24 : 140.29"
"45,25 : 609.98"
"45,26 : 598.25"
"45,27 : 412.04"
"45,28 : 567.59"
"45,29 : 771.11"
"45,30 : 394.45"
"45,31 : 393.6"
"45,32 : 613.69"
"45,33 : 730.16"
"45,34 : 686.21"
"45,35 : 226.72"
"45,36 : 510.56"
"45,37 : 530.09"
"45,38 : 428.06"
"45,39 : 400.93"
"45,40 : 402.08"
"45,41 : 578.09"
"45,42 : 583.41"
"45,43 : 255.54"
"45,44 : 367.14"
"45,45 : 0.0"
"45,46 : 543.28"
"45,47 : 512.38"
"45,48 : 154.26"
"45,49 : 408.54"
"46,0 : 783.68"
"46,1 : 597.32"
"46,2 : 527.09"
"46,3 : 965.91"
"46,4 : 429.69"
"46,5 : 690.46"
"46,6 : 541.58"
"46,7 : 342.47"
"46,8 : 414.74"
"46,9 : 339.4"
"46,10 : 613.07"
"46,11 : 393.17"
"46,12 : 512.27"
"46,13 : 602.85"
"46,14 : 204.71"
"46,15 : 787.84"
"46,16 : 531.5"
"46,17 : 240.92"
"46,18 : 450.28"
"46,19 : 63.81"
"46,20 : 887.03"
"46,21 : 752.84"
"46,22 : 898.32"
"46,23 : 220.54"
"46,24 : 672.18"
"46,25 : 276.07"
"46,26 : 909.8"
"46,27 : 143.06"
"46,28 : 707.24"
"46,29 : 411.1"
"46,30 : 380.24"
"46,31 : 735.67"
"46,32 : 795.74"
"46,33 : 664.9"
"46,34 : 690.45"
"46,35 : 553.64"
"46,36 : 345.88"
"46,37 : 328.15"
"46,38 : 837.93"
"46,39 : 887.18"
"46,40 : 148.22"
"46,41 : 72.56"
"46,42 : 43.1"
"46,43 : 755.44"
"46,44 : 436.9"
"46,45 : 543.28"
"46,46 : 0.0"
"46,47 : 499.38"
"46,48 : 606.6"
"46,49 : 432.03"
"47,0 : 425.73"
"47,1 : 280.79"
"47,2 : 100.34"
"47,3 : 877.16"
"47,4 : 440.22"
"47,5 : 215.82"
"47,6 : 131.82"
"47,7 : 398.41"
"47,8 : 204.71"
"47,9 : 621.73"
"47,10 : 757.07"
"47,11 : 213.27"
"47,12 : 62.37"
"47,13 : 644.39"
"47,14 : 336.01"
"47,15 : 614.07"
"47,16 : 481.72"
"47,17 : 668.56"
"47,18 : 211.03"
"47,19 : 484.19"
"47,20 : 708.84"
"47,21 : 582.38"
"47,22 : 624.04"
"47,23 : 492.04"
"47,24 : 548.86"
"47,25 : 749.32"
"47,26 : 469.01"
"47,27 : 492.33"
"47,28 : 219.15"
"47,29 : 381.06"
"47,30 : 702.67"
"47,31 : 370.03"
"47,32 : 310.22"
"47,33 : 223.01"
"47,34 : 206.55"
"47,35 : 319.6"
"47,36 : 751.37"
"47,37 : 749.67"
"47,38 : 492.35"
"47,39 : 611.57"
"47,40 : 405.03"
"47,41 : 463.49"
"47,42 : 534.66"
"47,43 : 543.32"
"47,44 : 147.23"
"47,45 : 512.38"
"47,46 : 499.38"
"47,47 : 0.0"
"47,48 : 431.33"
"47,49 : 747.65"
"48,0 : 254.8"
"48,1 : 175.39"
"48,2 : 531.65"
"48,3 : 447.3"
"48,4 : 805.14"
"48,5 : 396.15"
"48,6 : 311.46"
"48,7 : 732.89"
"48,8 : 264.88"
"48,9 : 462.16"
"48,10 : 422.29"
