x,y
768,233
266,993
890,280
222,674
181,535
707,101
690,508
888,803
467,24
692,848
906,11
588,769
964,146
168,855
362,686
371,404
96,695
659,721
709,77
201,10
161,59
688,958
135,988
590,279
410,209
533,845
860,618
577,53
522,609
88,538
774,793
709,840
733,760
131,396
828,172
401,727
303,798
580,834
538,147
901,321
296,248
955,138
14,843
301,104
873,350
309,254
937,12
55,179
784,662
183,234

Distanze
"0,0 : 0.0"
"0,1 : 910.83"
"0,2 : 130.74"
"0,3 : 701.85"
"0,4 : 660.13"
"0,5 : 145.41"
"0,6 : 285.85"
"0,7 : 582.49"
"0,8 : 366.45"
"0,9 : 619.68"
"0,10 : 261.4"
"0,11 : 565.42"
"0,12 : 214.44"
"0,13 : 864.22"
"0,14 : 608.31"
"0,15 : 432.26"
"0,16 : 815.49"
"0,17 : 500.02"
"0,18 : 166.78"
"0,19 : 609.28"
"0,20 : 631.45"
"0,21 : 729.4"
"0,22 : 985.25"
"0,23 : 183.85"
"0,24 : 358.8"
"0,25 : 655.57"
"0,26 : 395.84"
"0,27 : 262.45"
"0,28 : 449.32"
"0,29 : 745.27"
"0,30 : 560.03"
"0,31 : 609.86"
"0,32 : 528.16"
"0,33 : 657.52"
"0,34 : 85.56"
"0,35 : 615.41"
"0,36 : 731.74"
"0,37 : 629.72"
"0,38 : 245.55"
"0,39 : 159.48"
"0,40 : 472.24"
"0,41 : 209.75"
"0,42 : 969.85"
"0,43 : 484.49"
"0,44 : 157.21"
"0,45 : 459.48"
"0,46 : 278.21"
"0,47 : 715.04"
"0,48 : 429.3"
"0,49 : 585.0"
"1,0 : 910.83"
"1,1 : 0.0"
"1,2 : 947.49"
"1,3 : 322.02"
"1,4 : 465.82"
"1,5 : 995.06"
"1,6 : 644.21"
"1,7 : 650.37"
"1,8 : 989.63"
"1,9 : 450.0"
"1,10 : 1172.15"
"1,11 : 392.25"
"1,12 : 1097.55"
"1,13 : 169.26"
"1,14 : 321.66"
"1,15 : 598.29"
"1,16 : 343.08"
"1,17 : 477.95"
"1,18 : 1017.5"
"1,19 : 985.15"
"1,20 : 939.88"
"1,21 : 423.45"
"1,22 : 131.1"
"1,23 : 784.07"
"1,24 : 797.11"
"1,25 : 305.28"
"1,26 : 702.47"
"1,27 : 990.11"
"1,28 : 461.51"
"1,29 : 488.58"
"1,30 : 545.95"
"1,31 : 468.68"
"1,32 : 521.9"
"1,33 : 612.07"
"1,34 : 994.93"
"1,35 : 298.3"
"1,36 : 198.48"
"1,37 : 351.96"
"1,38 : 888.65"
"1,39 : 924.56"
"1,40 : 745.6"
"1,41 : 1098.06"
"1,42 : 293.26"
"1,43 : 889.69"
"1,44 : 884.25"
"1,45 : 740.25"
"1,46 : 1188.53"
"1,47 : 840.9"
"1,48 : 614.72"
"1,49 : 763.52"
"2,0 : 130.74"
"2,1 : 947.49"
"2,2 : 0.0"
"2,3 : 775.54"
"2,4 : 753.46"
"2,5 : 255.99"
"2,6 : 303.29"
"2,7 : 523.0"
"2,8 : 494.43"
"2,9 : 601.52"
"2,10 : 269.48"
"2,11 : 574.74"
"2,12 : 153.08"
"2,13 : 922.99"
"2,14 : 666.05"
"2,15 : 533.61"
"2,16 : 895.91"
"2,17 : 497.84"
"2,18 : 271.97"
"2,19 : 740.01"
"2,20 : 761.76"
"2,21 : 707.45"
"2,22 : 1035.03"
"2,23 : 300.0"
"2,24 : 485.22"
"2,25 : 668.34"
"2,26 : 339.33"
"2,27 : 386.65"
"2,28 : 493.62"
"2,29 : 842.48"
"2,30 : 525.95"
"2,31 : 588.52"
"2,32 : 505.02"
"2,33 : 767.81"
"2,34 : 124.53"
"2,35 : 662.52"
"2,36 : 782.87"
"2,37 : 634.84"
"2,38 : 376.29"
"2,39 : 42.45"
"2,40 : 594.86"
"2,41 : 156.17"
"2,42 : 1041.32"
"2,43 : 614.73"
"2,44 : 72.03"
"2,45 : 581.58"
"2,46 : 272.09"
"2,47 : 841.09"
"2,48 : 396.43"
"2,49 : 708.49"
"3,0 : 701.85"
"3,1 : 322.02"
"3,2 : 775.54"
"3,3 : 0.0"
"3,4 : 144.92"
"3,5 : 750.7"
"3,6 : 496.57"
"3,7 : 678.38"
"3,8 : 694.64"
"3,9 : 501.17"
"3,10 : 952.59"
"3,11 : 378.13"
"3,12 : 910.69"
"3,13 : 188.88"
"3,14 : 140.51"
"3,15 : 308.38"
"3,16 : 127.74"
"3,17 : 439.52"
"3,18 : 770.44"
"3,19 : 664.33"
"3,20 : 618.02"
"3,21 : 545.72"
"3,22 : 325.83"
"3,23 : 539.86"
"3,24 : 501.57"
"3,25 : 354.91"
"3,26 : 640.45"
"3,27 : 715.31"
"3,28 : 306.96"
"3,29 : 190.92"
"3,30 : 564.68"
"3,31 : 514.51"
"3,32 : 518.19"
"3,33 : 292.51"
"3,34 : 786.92"
"3,35 : 186.68"
"3,36 : 148.11"
"3,37 : 392.13"
"3,38 : 614.48"
"3,39 : 765.28"
"3,40 : 432.38"
"3,41 : 908.07"
"3,42 : 268.0"
"3,43 : 575.45"
"3,44 : 727.17"
"3,45 : 428.92"
"3,46 : 974.41"
"3,47 : 522.41"
"3,48 : 562.13"
"3,49 : 441.73"
"4,0 : 660.13"
"4,1 : 465.82"
"4,2 : 753.46"
"4,3 : 144.92"
"4,4 : 0.0"
"4,5 : 681.93"
"4,6 : 509.72"
"4,7 : 756.09"
"4,8 : 585.59"
"4,9 : 599.24"
"4,10 : 894.54"
"4,11 : 469.47"
"4,12 : 874.31"
"4,13 : 320.26"
"4,14 : 235.72"
"4,15 : 230.78"
"4,16 : 181.18"
"4,17 : 512.91"
"4,18 : 698.96"
"4,19 : 525.38"
"4,20 : 476.42"
"4,21 : 660.29"
"4,22 : 455.33"
"4,23 : 482.51"
"4,24 : 398.39"
"4,25 : 469.05"
"4,26 : 684.05"
"4,27 : 623.81"
"4,28 : 348.94"
"4,29 : 93.05"
"4,30 : 646.69"
"4,31 : 609.76"
"4,32 : 596.09"
"4,33 : 147.72"
"4,34 : 741.87"
"4,35 : 292.0"
"4,36 : 289.92"
"4,37 : 498.6"
"4,38 : 527.25"
"4,39 : 751.13"
"4,40 : 309.18"
"4,41 : 869.88"
"4,42 : 350.36"
"4,43 : 447.39"
"4,44 : 716.3"
"4,45 : 308.78"
"4,46 : 919.27"
"4,47 : 377.64"
"4,48 : 616.23"
"4,49 : 301.01"
"5,0 : 145.41"
"5,1 : 995.06"
"5,2 : 255.99"
"5,3 : 750.7"
"5,4 : 681.93"
"5,5 : 0.0"
"5,6 : 407.35"
"5,7 : 724.96"
"5,8 : 252.05"
"5,9 : 747.15"
"5,10 : 218.41"
"5,11 : 678.52"
"5,12 : 260.91"
"5,13 : 926.84"
"5,14 : 679.15"
"5,15 : 452.44"
"5,16 : 852.15"
"5,17 : 621.86"
"5,18 : 24.08"
"5,19 : 514.12"
"5,20 : 547.61"
"5,21 : 857.21"
"5,22 : 1055.44"
"5,23 : 213.01"
"5,24 : 316.03"
"5,25 : 764.08"
"5,26 : 539.16"
"5,27 : 138.58"
"5,28 : 540.64"
"5,29 : 757.71"
"5,30 : 695.24"
"5,31 : 739.0"
"5,32 : 659.51"
"5,33 : 647.15"
"5,34 : 140.29"
"5,35 : 696.79"
"5,36 : 805.62"
"5,37 : 743.92"
"5,38 : 175.15"
"5,39 : 293.32"
"5,40 : 436.5"
"5,41 : 250.74"
"5,42 : 1015.29"
"5,43 : 406.01"
"5,44 : 299.26"
"5,45 : 426.4"
"5,46 : 246.62"
"5,47 : 656.65"
"5,48 : 566.26"
"5,49 : 540.62"
"6,0 : 285.85"
"6,1 : 644.21"
"6,2 : 303.29"
"6,3 : 496.57"
"6,4 : 509.72"
"6,5 : 407.35"
"6,6 : 0.0"
"6,7 : 355.29"
"6,8 : 532.9"
"6,9 : 340.01"
"6,10 : 541.91"
"6,11 : 280.22"
"6,12 : 454.0"
"6,13 : 626.81"
"6,14 : 373.19"
"6,15 : 335.52"
"6,16 : 622.74"
"6,17 : 215.24"
"6,18 : 431.42"
"6,19 : 697.94"
"6,20 : 693.86"
"6,21 : 450.0"
"6,22 : 733.77"
"6,23 : 249.88"
"6,24 : 409.64"
"6,25 : 371.78"
"6,26 : 202.48"
"6,27 : 468.82"
"6,28 : 196.02"
"6,29 : 602.75"
"6,30 : 297.12"
"6,31 : 332.54"
"6,32 : 255.64"
"6,33 : 570.11"
"6,34 : 363.24"
"6,35 : 362.6"
"6,36 : 483.6"
"6,37 : 344.06"
"6,38 : 391.7"
"6,39 : 281.94"
"6,40 : 472.06"
"6,41 : 455.11"
"6,42 : 754.45"
"6,43 : 560.84"
"6,44 : 241.77"
"6,45 : 457.91"
"6,46 : 554.1"
"6,47 : 715.17"
"6,48 : 180.42"
"6,49 : 576.3"
"7,0 : 582.49"
"7,1 : 650.37"
"7,2 : 523.0"
"7,3 : 678.38"
"7,4 : 756.09"
"7,5 : 724.96"
"7,6 : 355.29"
"7,7 : 0.0"
"7,8 : 885.48"
"7,9 : 201.1"
"7,10 : 792.2"
"7,11 : 301.92"
"7,12 : 661.38"
"7,13 : 721.88"
"7,14 : 538.86"
"7,15 : 653.06"
"7,16 : 799.33"
"7,17 : 243.24"
"7,18 : 747.74"
"7,19 : 1049.2"
"7,20 : 1040.22"
"7,21 : 253.03"
"7,22 : 775.39"
"7,23 : 602.81"
"7,24 : 762.44"
"7,25 : 357.48"
"7,26 : 187.11"
"7,27 : 811.92"
"7,28 : 414.24"
"7,29 : 842.75"
"7,30 : 114.44"
"7,31 : 182.78"
"7,32 : 160.85"
"7,33 : 859.48"
"7,34 : 633.85"
"7,35 : 492.89"
"7,36 : 585.02"
"7,37 : 309.56"
"7,38 : 743.53"
"7,39 : 482.18"
"7,40 : 811.47"
"7,41 : 668.37"
"7,42 : 874.91"
"7,43 : 912.78"
"7,44 : 453.25"
"7,45 : 797.9"
"7,46 : 792.52"
"7,47 : 1040.8"
"7,48 : 175.21"
"7,49 : 905.97"
"8,0 : 366.45"
"8,1 : 989.63"
"8,2 : 494.43"
"8,3 : 694.64"
"8,4 : 585.59"
"8,5 : 252.05"
"8,6 : 532.9"
"8,7 : 885.48"
"8,8 : 0.0"
"8,9 : 854.17"
"8,10 : 439.19"
"8,11 : 754.76"
"8,12 : 511.75"
"8,13 : 883.15"
"8,14 : 670.28"
"8,15 : 391.94"
"8,16 : 766.73"
"8,17 : 722.96"
"8,18 : 247.74"
"8,19 : 266.37"
"8,20 : 308.0"
"8,21 : 959.79"
"8,22 : 1019.57"
"8,23 : 283.11"
"8,24 : 193.58"
"8,25 : 823.65"
"8,26 : 712.24"
"8,27 : 113.76"
"8,28 : 587.58"
"8,29 : 638.62"
"8,30 : 828.02"
"8,31 : 851.13"
"8,32 : 782.59"
"8,33 : 501.28"
"8,34 : 390.16"
"8,35 : 706.09"
"8,36 : 791.18"
"8,37 : 817.84"
"8,38 : 142.02"
"8,39 : 525.89"
"8,40 : 281.81"
"8,41 : 501.14"
"8,42 : 935.93"
"8,43 : 184.27"
"8,44 : 520.68"
"8,45 : 279.04"
"8,46 : 470.15"
"8,47 : 440.19"
"8,48 : 712.41"
"8,49 : 353.21"
"9,0 : 619.68"
"9,1 : 450.0"
"9,2 : 601.52"
"9,3 : 501.17"
"9,4 : 599.24"
"9,5 : 747.15"
"9,6 : 340.01"
"9,7 : 201.1"
"9,8 : 854.17"
"9,9 : 0.0"
"9,10 : 863.92"
"9,11 : 130.6"
"9,12 : 752.85"
"9,13 : 524.05"
"9,14 : 367.62"
"9,15 : 547.88"
"9,16 : 615.33"
"9,17 : 131.22"
"9,18 : 771.19"
"9,19 : 971.25"
"9,20 : 951.04"
"9,21 : 110.07"
"9,22 : 574.32"
"9,23 : 578.07"
"9,24 : 698.46"
"9,25 : 159.03"
"9,26 : 284.82"
"9,27 : 803.27"
"9,28 : 293.29"
"9,29 : 678.91"
"9,30 : 98.74"
"9,31 : 18.79"
"9,32 : 97.08"
"9,33 : 720.43"
"9,34 : 689.54"
"9,35 : 315.15"
"9,36 : 392.2"
"9,37 : 112.87"
"9,38 : 717.72"
"9,39 : 566.93"
"9,40 : 718.9"
"9,41 : 757.15"
"9,42 : 678.02"
"9,43 : 840.49"
"9,44 : 529.87"
"9,45 : 706.77"
"9,46 : 871.16"
"9,47 : 923.76"
"9,48 : 207.51"
"9,49 : 797.54"
"10,0 : 261.4"
"10,1 : 1172.15"
"10,2 : 269.48"
"10,3 : 952.59"
"10,4 : 894.54"
"10,5 : 218.41"
"10,6 : 541.91"
"10,7 : 792.2"
"10,8 : 439.19"
"10,9 : 863.92"
"10,10 : 0.0"
"10,11 : 822.0"
"10,12 : 146.93"
"10,13 : 1121.15"
"10,14 : 866.93"
"10,15 : 663.83"
"10,16 : 1060.17"
"10,17 : 751.74"
"10,18 : 207.76"
"10,19 : 705.0"
"10,20 : 746.54"
"10,21 : 971.77"
"10,22 : 1244.58"
"10,23 : 414.34"
"10,24 : 534.06"
"10,25 : 913.61"
"10,26 : 608.74"
"10,27 : 331.67"
"10,28 : 710.68"
"10,29 : 973.06"
"10,30 : 793.06"
"10,31 : 852.09"
"10,32 : 768.72"
"10,33 : 865.36"
"10,34 : 178.9"
"10,35 : 876.17"
"10,36 : 991.45"
"10,37 : 885.21"
"10,38 : 392.33"
"10,39 : 310.04"
"10,40 : 654.42"
"10,41 : 136.12"
"10,42 : 1219.79"
"10,43 : 612.11"
"10,44 : 340.6"
"10,45 : 644.56"
"10,46 : 31.02"
"10,47 : 867.42"
"10,48 : 662.33"
"10,49 : 756.61"
"11,0 : 565.42"
"11,1 : 392.25"
"11,2 : 574.74"
"11,3 : 378.13"
"11,4 : 469.47"
"11,5 : 678.52"
"11,6 : 280.22"
"11,7 : 301.92"
"11,8 : 754.76"
"11,9 : 130.6"
"11,10 : 822.0"
"11,11 : 0.0"
"11,12 : 727.67"
"11,13 : 428.71"
"11,14 : 240.76"
"11,15 : 424.63"
"11,16 : 497.53"
"11,17 : 85.7"
"11,18 : 702.5"
"11,19 : 851.97"
"11,20 : 828.51"
"11,21 : 213.82"
"11,22 : 503.16"
"11,23 : 490.0"
"11,24 : 587.61"
"11,25 : 93.81"
"11,26 : 311.1"
"11,27 : 716.08"
"11,28 : 173.08"
"11,29 : 550.78"
"11,30 : 187.54"
"11,31 : 140.29"
"11,32 : 145.28"
"11,33 : 589.9"
"11,34 : 643.44"
"11,35 : 191.66"
"11,36 : 286.47"
"11,37 : 65.49"
"11,38 : 624.01"
"11,39 : 546.51"
"11,40 : 597.25"
"11,41 : 729.97"
"11,42 : 578.75"
"11,43 : 724.29"
"11,44 : 506.74"
"11,45 : 585.72"
"11,46 : 833.58"
"11,47 : 795.1"
"11,48 : 223.3"
"11,49 : 671.01"
"12,0 : 214.44"
"12,1 : 1097.55"
"12,2 : 153.08"
"12,3 : 910.69"
"12,4 : 874.31"
"12,5 : 260.91"
"12,6 : 454.0"
"12,7 : 661.38"
"12,8 : 511.75"
"12,9 : 752.85"
"12,10 : 146.93"
"12,11 : 727.67"
"12,12 : 0.0"
"12,13 : 1065.97"
"12,14 : 808.71"
"12,15 : 646.69"
"12,16 : 1027.05"
"12,17 : 650.88"
"12,18 : 264.17"
"12,19 : 775.03"
"12,20 : 807.7"
"12,21 : 857.62"
"12,22 : 1181.61"
"12,23 : 396.94"
"12,24 : 557.57"
"12,25 : 821.2"
"12,26 : 483.32"
"12,27 : 398.02"
"12,28 : 640.1"
"12,29 : 959.71"
"12,30 : 674.32"
"12,31 : 739.37"
"12,32 : 656.02"
"12,33 : 869.71"
"12,34 : 138.46"
"12,35 : 809.03"
"12,36 : 928.45"
"12,37 : 787.91"
"12,38 : 426.0"
"12,39 : 185.99"
"12,40 : 675.74"
"12,41 : 12.04"
"12,42 : 1178.27"
"12,43 : 664.33"
"12,44 : 223.38"
"12,45 : 663.84"
"12,46 : 136.69"
"12,47 : 909.6"
"12,48 : 546.49"
"12,49 : 785.94"
"13,0 : 864.22"
"13,1 : 169.26"
"13,2 : 922.99"
"13,3 : 188.88"
"13,4 : 320.26"
"13,5 : 926.84"
"13,6 : 626.81"
"13,7 : 721.88"
"13,8 : 883.15"
"13,9 : 524.05"
"13,10 : 1121.15"
"13,11 : 428.71"
"13,12 : 1065.97"
"13,13 : 0.0"
"13,14 : 257.29"
"13,15 : 494.58"
"13,16 : 175.45"
"13,17 : 508.96"
"13,18 : 947.61"
"13,19 : 845.64"
"13,20 : 796.03"
"13,21 : 530.1"
"13,22 : 137.03"
"13,23 : 714.04"
"13,24 : 689.84"
"13,25 : 365.14"
"13,26 : 731.46"
"13,27 : 900.27"
"13,28 : 431.08"
"13,29 : 326.94"
"13,30 : 609.16"
"13,31 : 541.21"
"13,32 : 572.93"
"13,33 : 460.49"
"13,34 : 949.78"
"13,35 : 265.84"
"13,36 : 146.54"
"13,37 : 412.53"
"13,38 : 798.85"
"13,39 : 906.89"
"13,40 : 620.35"
"13,41 : 1064.64"
"13,42 : 154.47"
"13,43 : 762.69"
"13,44 : 867.21"
"13,45 : 617.32"
"13,46 : 1141.06"
"13,47 : 685.38"
"13,48 : 645.53"
"13,49 : 621.18"
"14,0 : 608.31"
"14,1 : 321.66"
"14,2 : 666.05"
"14,3 : 140.51"
"14,4 : 235.72"
"14,5 : 679.15"
"14,6 : 373.19"
"14,7 : 538.86"
"14,8 : 670.28"
"14,9 : 367.62"
"14,10 : 866.93"
"14,11 : 240.76"
"14,12 : 808.71"
"14,13 : 257.29"
"14,14 : 0.0"
"14,15 : 282.14"
"14,16 : 266.15"
"14,17 : 299.06"
"14,18 : 700.92"
"14,19 : 694.91"
"14,20 : 658.43"
"14,21 : 424.57"
"14,22 : 377.8"
"14,23 : 466.51"
"14,24 : 479.41"
"14,25 : 233.5"
"14,26 : 502.62"
"14,27 : 668.52"
"14,28 : 177.56"
"14,29 : 311.42"
"14,30 : 425.67"
"14,31 : 379.64"
"14,32 : 378.31"
"14,33 : 370.76"
"14,34 : 693.8"
"14,35 : 56.59"
"14,36 : 126.59"
"14,37 : 263.49"
"14,38 : 567.01"
"14,39 : 650.96"
"14,40 : 442.94"
"14,41 : 807.44"
"14,42 : 381.78"
"14,43 : 585.19"
"14,44 : 611.57"
"14,45 : 435.24"
"14,46 : 885.95"
"14,47 : 592.7"
"14,48 : 422.68"
"14,49 : 486.15"
"15,0 : 432.26"
"15,1 : 598.29"
"15,2 : 533.61"
"15,3 : 308.38"
"15,4 : 230.78"
"15,5 : 452.44"
"15,6 : 335.52"
"15,7 : 653.06"
"15,8 : 391.94"
"15,9 : 547.88"
"15,10 : 663.83"
"15,11 : 424.63"
"15,12 : 646.69"
"15,13 : 494.58"
"15,14 : 282.14"
"15,15 : 0.0"
"15,16 : 400.38"
"15,17 : 428.29"
"15,18 : 470.29"
"15,19 : 429.11"
"15,20 : 403.89"
"15,21 : 638.28"
"15,22 : 629.88"
"15,23 : 252.16"
"15,24 : 198.86"
"15,25 : 469.81"
"15,26 : 533.78"
"15,27 : 406.99"
"15,28 : 254.61"
"15,29 : 313.12"
"15,30 : 560.12"
"15,31 : 551.67"
"15,32 : 507.72"
"15,33 : 240.13"
"15,34 : 512.52"
"15,35 : 324.39"
"15,36 : 399.82"
"15,37 : 478.1"
"15,38 : 306.49"
"15,39 : 536.46"
"15,40 : 173.09"
"15,41 : 641.73"
"15,42 : 565.84"
"15,43 : 308.06"
"15,44 : 504.9"
"15,45 : 162.31"
"15,46 : 688.49"
"15,47 : 387.92"
"15,48 : 486.96"
"15,49 : 253.46"
"16,0 : 815.49"
"16,1 : 343.08"
"16,2 : 895.91"
"16,3 : 127.74"
"16,4 : 181.18"
"16,5 : 852.15"
"16,6 : 622.74"
"16,7 : 799.33"
"16,8 : 766.73"
"16,9 : 615.33"
"16,10 : 1060.17"
"16,11 : 497.53"
"16,12 : 1027.05"
"16,13 : 175.45"
"16,14 : 266.15"
"16,15 : 400.38"
"16,16 : 0.0"
"16,17 : 563.6"
"16,18 : 870.46"
"16,19 : 693.0"
"16,20 : 639.31"
"16,21 : 647.79"
"16,22 : 295.58"
"16,23 : 645.83"
"16,24 : 578.61"
"16,25 : 462.03"
"16,26 : 767.87"
"16,27 : 802.2"
"16,28 : 434.59"
"16,29 : 157.2"
"16,30 : 685.05"
"16,31 : 629.92"
"16,32 : 640.31"
"16,33 : 301.04"
"16,34 : 899.64"
"16,35 : 306.67"
"16,36 : 231.21"
"16,37 : 503.56"
"16,38 : 704.04"
"16,39 : 887.64"
"16,40 : 489.7"
"16,41 : 1023.78"
"16,42 : 169.2"
"16,43 : 625.54"
"16,44 : 850.15"
"16,45 : 489.74"
"16,46 : 1083.41"
"16,47 : 517.63"
"16,48 : 688.79"
"16,49 : 469.14"
"17,0 : 500.02"
"17,1 : 477.95"
"17,2 : 497.84"
"17,3 : 439.52"
"17,4 : 512.91"
"17,5 : 621.86"
"17,6 : 215.24"
"17,7 : 243.24"
"17,8 : 722.96"
"17,9 : 131.22"
"17,10 : 751.74"
"17,11 : 85.7"
"17,12 : 650.88"
"17,13 : 508.96"
"17,14 : 299.06"
"17,15 : 428.29"
"17,16 : 563.6"
"17,17 : 0.0"
"17,18 : 645.94"
"17,19 : 845.75"
"17,20 : 828.4"
"17,21 : 238.77"
"17,22 : 588.1"
"17,23 : 447.35"
"17,24 : 569.34"
"17,25 : 176.78"
"17,26 : 225.85"
"17,27 : 673.01"
"17,28 : 176.95"
"17,29 : 599.61"
"17,30 : 135.68"
"17,31 : 129.08"
"17,32 : 83.65"
"17,33 : 620.01"
"17,34 : 574.42"
"17,35 : 258.07"
"17,36 : 364.23"
"17,37 : 137.88"
"17,38 : 586.61"
"17,39 : 467.51"
"17,40 : 596.24"
"17,41 : 653.84"
"17,42 : 656.44"
"17,43 : 713.34"
"17,44 : 428.3"
"17,45 : 583.6"
"17,46 : 761.55"
"17,47 : 811.53"
"17,48 : 138.22"
"17,49 : 680.99"
"18,0 : 166.78"
"18,1 : 1017.5"
"18,2 : 271.97"
"18,3 : 770.44"
"18,4 : 698.96"
"18,5 : 24.08"
"18,6 : 431.42"
"18,7 : 747.74"
"18,8 : 247.74"
"18,9 : 771.19"
"18,10 : 207.76"
"18,11 : 702.5"
"18,12 : 264.17"
"18,13 : 947.61"
"18,14 : 700.92"
"18,15 : 470.29"
"18,16 : 870.46"
"18,17 : 645.94"
"18,18 : 0.0"
"18,19 : 512.4"
"18,20 : 548.3"
"18,21 : 881.25"
"18,22 : 1076.75"
"18,23 : 234.45"
"18,24 : 326.84"
"18,25 : 787.91"
"18,26 : 561.68"
"18,27 : 134.16"
"18,28 : 563.91"
"18,29 : 773.41"
"18,30 : 718.94"
"18,31 : 763.0"
"18,32 : 683.42"
"18,33 : 660.19"
"18,34 : 152.27"
"18,35 : 719.28"
"18,36 : 827.45"
"18,37 : 767.91"
"18,38 : 184.77"
"18,39 : 310.48"
"18,40 : 447.0"
"18,41 : 253.45"
"18,42 : 1034.3"
"18,43 : 408.89"
"18,44 : 318.47"
"18,45 : 437.41"
"18,46 : 237.08"
"18,47 : 661.91"
"18,48 : 589.79"
"18,49 : 548.93"
"19,0 : 609.28"
"19,1 : 985.15"
"19,2 : 740.01"
"19,3 : 664.33"
"19,4 : 525.38"
"19,5 : 514.12"
"19,6 : 697.94"
"19,7 : 1049.2"
"19,8 : 266.37"
"19,9 : 971.25"
"19,10 : 705.0"
"19,11 : 851.97"
"19,12 : 775.03"
"19,13 : 845.64"
"19,14 : 694.91"
"19,15 : 429.11"
"19,16 : 693.0"
"19,17 : 845.75"
"19,18 : 512.4"
"19,19 : 0.0"
"19,20 : 63.25"
"19,21 : 1065.77"
"19,22 : 980.22"
"19,23 : 472.95"
"19,24 : 288.59"
"19,25 : 898.58"
"19,26 : 896.63"
"19,27 : 378.45"
"19,28 : 679.59"
"19,29 : 539.96"
"19,30 : 970.27"
"19,31 : 973.12"
"19,32 : 919.52"
"19,33 : 392.3"
"19,34 : 647.59"
"19,35 : 744.37"
"19,36 : 794.57"
"19,37 : 906.98"
"19,38 : 363.78"
"19,39 : 765.98"
"19,40 : 256.26"
"19,41 : 764.79"
"19,42 : 853.73"
"19,43 : 137.24"
"19,44 : 753.12"
"19,45 : 266.83"
"19,46 : 736.0"
"19,47 : 223.33"
"19,48 : 874.64"
"19,49 : 224.72"
"20,0 : 631.45"
"20,1 : 939.88"
"20,2 : 761.76"
"20,3 : 618.02"
"20,4 : 476.42"
"20,5 : 547.61"
"20,6 : 693.86"
"20,7 : 1040.22"
"20,8 : 308.0"
"20,9 : 951.04"
"20,10 : 746.54"
"20,11 : 828.51"
"20,12 : 807.7"
"20,13 : 796.03"
"20,14 : 658.43"
"20,15 : 403.89"
"20,16 : 639.31"
"20,17 : 828.4"
"20,18 : 548.3"
"20,19 : 63.25"
"20,20 : 0.0"
"20,21 : 1042.08"
"20,22 : 929.36"
"20,23 : 482.12"
"20,24 : 290.69"
"20,25 : 869.59"
"20,26 : 895.03"
"20,27 : 416.04"
"20,28 : 657.89"
"20,29 : 484.53"
"20,30 : 956.31"
"20,31 : 954.08"
"20,32 : 904.76"
"20,33 : 338.33"
"20,34 : 676.5"
"20,35 : 709.81"
"20,36 : 752.52"
"20,37 : 881.01"
"20,38 : 387.13"
"20,39 : 785.01"
"20,40 : 232.26"
"20,41 : 797.92"
"20,42 : 797.66"
"20,43 : 147.05"
"20,44 : 769.17"
"20,45 : 244.8"
"20,46 : 777.42"
"20,47 : 160.11"
"20,48 : 867.03"
"20,49 : 176.38"
"21,0 : 729.4"
"21,1 : 423.45"
"21,2 : 707.45"
"21,3 : 545.72"
"21,4 : 660.29"
"21,5 : 857.21"
"21,6 : 450.0"
"21,7 : 253.03"
"21,8 : 959.79"
"21,9 : 110.07"
"21,10 : 971.77"
"21,11 : 213.82"
"21,12 : 857.62"
"21,13 : 530.1"
"21,14 : 424.57"
"21,15 : 638.28"
"21,16 : 647.79"
"21,17 : 238.77"
"21,18 : 881.25"
"21,19 : 1065.77"
"21,20 : 1042.08"
"21,21 : 0.0"
"21,22 : 553.81"
"21,23 : 686.04"
"21,24 : 798.93"
"21,25 : 191.82"
"21,26 : 381.03"
"21,27 : 911.78"
"21,28 : 386.47"
"21,29 : 732.39"
"21,30 : 186.07"
"21,31 : 119.85"
"21,32 : 203.05"
"21,33 : 791.26"
"21,34 : 798.37"
"21,35 : 368.42"
"21,36 : 416.92"
"21,37 : 164.44"
"21,38 : 824.76"
"21,39 : 671.67"
"21,40 : 811.03"
"21,41 : 862.37"
"21,42 : 683.74"
"21,43 : 937.6"
"21,44 : 635.52"
"21,45 : 799.54"
"21,46 : 978.22"
"21,47 : 1003.76"
"21,48 : 311.18"
"21,49 : 882.72"
"22,0 : 985.25"
"22,1 : 131.1"
"22,2 : 1035.03"
"22,3 : 325.83"
"22,4 : 455.33"
"22,5 : 1055.44"
"22,6 : 733.77"
"22,7 : 775.39"
"22,8 : 1019.57"
"22,9 : 574.32"
"22,10 : 1244.58"
"22,11 : 503.16"
"22,12 : 1181.61"
"22,13 : 137.03"
"22,14 : 377.8"
"22,15 : 629.88"
"22,16 : 295.58"
"22,17 : 588.1"
"22,18 : 1076.75"
"22,19 : 980.22"
"22,20 : 929.36"
"22,21 : 553.81"
"22,22 : 0.0"
"22,23 : 842.44"
"22,24 : 826.12"
"22,25 : 422.91"
"22,26 : 813.96"
"22,27 : 1034.21"
"22,28 : 541.67"
"22,29 : 452.45"
"22,30 : 668.09"
"22,31 : 592.77"
"22,32 : 639.99"
"22,33 : 592.01"
"22,34 : 1070.56"
"22,35 : 372.66"
"22,36 : 253.62"
"22,37 : 470.89"
"22,38 : 932.57"
"22,39 : 1015.7"
"22,40 : 757.31"
"22,41 : 1181.06"
"22,42 : 188.85"
"22,43 : 899.45"
"22,44 : 975.54"
"22,45 : 754.34"
"22,46 : 1263.24"
"22,47 : 812.95"
"22,48 : 726.28"
"22,49 : 755.53"
"23,0 : 183.85"
"23,1 : 784.07"
"23,2 : 300.0"
"23,3 : 539.86"
"23,4 : 482.51"
"23,5 : 213.01"
"23,6 : 249.88"
"23,7 : 602.81"
"23,8 : 283.11"
"23,9 : 578.07"
"23,10 : 414.34"
"23,11 : 490.0"
"23,12 : 396.94"
"23,13 : 714.04"
"23,14 : 466.51"
"23,15 : 252.16"
"23,16 : 645.83"
"23,17 : 447.35"
"23,18 : 234.45"
"23,19 : 472.95"
"23,20 : 482.12"
"23,21 : 686.04"
"23,22 : 842.44"
"23,23 : 0.0"
"23,24 : 193.13"
"23,25 : 568.86"
"23,26 : 433.38"
"23,27 : 226.37"
"23,28 : 336.93"
"23,29 : 564.88"
"23,30 : 545.94"
"23,31 : 573.48"
"23,32 : 501.81"
"23,33 : 473.68"
"23,34 : 260.95"
"23,35 : 486.24"
"23,36 : 593.07"
"23,37 : 555.09"
"23,38 : 141.87"
"23,39 : 313.82"
"23,40 : 295.63"
"23,41 : 391.29"
"23,42 : 806.15"
"23,43 : 337.85"
"23,44 : 291.77"
"23,45 : 282.11"
"23,46 : 437.83"
"23,47 : 544.27"
"23,48 : 429.33"
"23,49 : 409.48"
"24,0 : 358.8"
"24,1 : 797.11"
"24,2 : 485.22"
"24,3 : 501.57"
"24,4 : 398.39"
"24,5 : 316.03"
"24,6 : 409.64"
"24,7 : 762.44"
"24,8 : 193.58"
"24,9 : 698.46"
"24,10 : 534.06"
"24,11 : 587.61"
"24,12 : 557.57"
"24,13 : 689.84"
"24,14 : 479.41"
"24,15 : 198.86"
"24,16 : 578.61"
"24,17 : 569.34"
"24,18 : 326.84"
"24,19 : 288.59"
"24,20 : 290.69"
"24,21 : 798.93"
"24,22 : 826.12"
"24,23 : 193.13"
"24,24 : 0.0"
"24,25 : 647.78"
"24,26 : 608.1"
"24,27 : 228.53"
"24,28 : 415.38"
"24,29 : 460.35"
"24,30 : 688.15"
"24,31 : 698.26"
"24,32 : 638.69"
"24,33 : 335.87"
"24,34 : 419.63"
"24,35 : 518.08"
"24,36 : 598.64"
"24,37 : 647.71"
"24,38 : 142.23"
"24,39 : 503.61"
"24,40 : 120.49"
"24,41 : 549.61"
"24,42 : 747.51"
"24,43 : 151.35"
"24,44 : 483.99"
"24,45 : 110.57"
"24,46 : 562.62"
"24,47 : 356.27"
"24,48 : 587.44"
"24,49 : 228.37"
"25,0 : 655.57"
"25,1 : 305.28"
"25,2 : 668.34"
"25,3 : 354.91"
"25,4 : 469.05"
"25,5 : 764.08"
"25,6 : 371.78"
"25,7 : 357.48"
"25,8 : 823.65"
"25,9 : 159.03"
"25,10 : 913.61"
"25,11 : 93.81"
"25,12 : 821.2"
"25,13 : 365.14"
"25,14 : 233.5"
"25,15 : 469.81"
"25,16 : 462.03"
"25,17 : 176.78"
"25,18 : 787.91"
"25,19 : 898.58"
"25,20 : 869.59"
"25,21 : 191.82"
"25,22 : 422.91"
"25,23 : 568.86"
"25,24 : 647.78"
"25,25 : 0.0"
"25,26 : 398.07"
"25,27 : 793.22"
"25,28 : 236.26"
"25,29 : 540.62"
"25,30 : 246.55"
"25,31 : 176.07"
"25,32 : 217.31"
"25,33 : 602.66"
"25,34 : 734.82"
"25,35 : 177.05"
"25,36 : 234.75"
"25,37 : 48.27"
"25,38 : 698.02"
"25,39 : 640.31"
"25,40 : 642.32"
"25,41 : 823.37"
"25,42 : 519.0"
"25,43 : 776.47"
"25,44 : 600.52"
"25,45 : 632.03"
"25,46 : 925.8"
"25,47 : 819.78"
"25,48 : 310.63"
"25,49 : 704.15"
"26,0 : 395.84"
"26,1 : 702.47"
"26,2 : 339.33"
"26,3 : 640.45"
"26,4 : 684.05"
"26,5 : 539.16"
"26,6 : 202.48"
"26,7 : 187.11"
"26,8 : 712.24"
"26,9 : 284.82"
"26,10 : 608.74"
"26,11 : 311.1"
"26,12 : 483.32"
"26,13 : 731.46"
"26,14 : 502.62"
"26,15 : 533.78"
"26,16 : 767.87"
"26,17 : 225.85"
"26,18 : 561.68"
"26,19 : 896.63"
"26,20 : 895.03"
"26,21 : 381.03"
"26,22 : 813.96"
"26,23 : 433.38"
"26,24 : 608.1"
"26,25 : 398.07"
"26,26 : 0.0"
"26,27 : 631.91"
"26,28 : 338.12"
"26,29 : 776.13"
"26,30 : 194.99"
"26,31 : 268.49"
"26,32 : 190.51"
"26,33 : 762.05"
"26,34 : 447.15"
"26,35 : 471.76"
"26,36 : 585.36"
"26,37 : 353.63"
"26,38 : 570.55"
"26,39 : 299.82"
"26,40 : 674.53"
"26,41 : 489.31"
"26,42 : 875.41"
"26,43 : 759.39"
"26,44 : 268.32"
"26,45 : 660.38"
"26,46 : 610.87"
"26,47 : 916.92"
"26,48 : 87.82"
"26,49 : 778.32"
"27,0 : 262.45"
"27,1 : 990.11"
"27,2 : 386.65"
"27,3 : 715.31"
"27,4 : 623.81"
"27,5 : 138.58"
"27,6 : 468.82"
"27,7 : 811.92"
"27,8 : 113.76"
"27,9 : 803.27"
"27,10 : 331.67"
"27,11 : 716.08"
"27,12 : 398.02"
"27,13 : 900.27"
"27,14 : 668.52"
"27,15 : 406.99"
"27,16 : 802.2"
"27,17 : 673.01"
"27,18 : 134.16"
"27,19 : 378.45"
"27,20 : 416.04"
"27,21 : 911.78"
"27,22 : 1034.21"
"27,23 : 226.37"
"27,24 : 228.53"
"27,25 : 793.22"
"27,26 : 631.91"
"27,27 : 0.0"
"27,28 : 558.71"
"27,29 : 688.73"
"27,30 : 765.77"
"27,31 : 797.99"
"27,32 : 724.01"
"27,33 : 562.64"
"27,34 : 277.78"
"27,35 : 696.6"
"27,36 : 793.79"
"27,37 : 781.01"
"27,38 : 101.77"
"27,39 : 420.48"
"27,40 : 342.03"
"27,41 : 387.44"
"27,42 : 970.09"
"27,43 : 280.67"
"27,44 : 419.31"
"27,45 : 335.0"
"27,46 : 362.33"
"27,47 : 536.99"
"27,48 : 643.22"
"27,49 : 433.59"
"28,0 : 449.32"
"28,1 : 461.51"
"28,2 : 493.62"
"28,3 : 306.96"
"28,4 : 348.94"
"28,5 : 540.64"
"28,6 : 196.02"
"28,7 : 414.24"
"28,8 : 587.58"
"28,9 : 293.29"
"28,10 : 710.68"
"28,11 : 173.08"
"28,12 : 640.1"
"28,13 : 431.08"
"28,14 : 177.56"
"28,15 : 254.61"
"28,16 : 434.59"
"28,17 : 176.95"
"28,18 : 563.91"
"28,19 : 679.59"
"28,20 : 657.89"
"28,21 : 386.47"
"28,22 : 541.67"
"28,23 : 336.93"
"28,24 : 415.38"
"28,25 : 236.26"
"28,26 : 338.12"
"28,27 : 558.71"
"28,28 : 0.0"
"28,29 : 439.77"
"28,30 : 312.03"
"28,31 : 297.2"
"28,32 : 259.46"
"28,33 : 445.25"
"28,34 : 533.48"
"28,35 : 169.01"
"28,36 : 289.28"
"28,37 : 232.36"
"28,38 : 462.28"
"28,39 : 476.01"
"28,40 : 425.91"
"28,41 : 639.79"
"28,42 : 559.3"
"28,43 : 551.24"
"28,44 : 436.21"
"28,45 : 414.0"
"28,46 : 727.07"
"28,47 : 634.81"
"28,48 : 267.31"
"28,49 : 505.52"
"29,0 : 745.27"
"29,1 : 488.58"
"29,2 : 842.48"
"29,3 : 190.92"
"29,4 : 93.05"
"29,5 : 757.71"
"29,6 : 602.75"
"29,7 : 842.75"
"29,8 : 638.62"
"29,9 : 678.91"
"29,10 : 973.06"
"29,11 : 550.78"
"29,12 : 959.71"
"29,13 : 326.94"
"29,14 : 311.42"
"29,15 : 313.12"
"29,16 : 157.2"
"29,17 : 599.61"
"29,18 : 773.41"
"29,19 : 539.96"
"29,20 : 484.53"
"29,21 : 732.39"
"29,22 : 452.45"
"29,23 : 564.88"
"29,24 : 460.35"
"29,25 : 540.62"
"29,26 : 776.13"
"29,27 : 688.73"
"29,28 : 439.77"
"29,29 : 0.0"
"29,30 : 731.86"
"29,31 : 690.54"
"29,32 : 682.14"
"29,33 : 148.37"
"29,34 : 825.56"
"29,35 : 365.64"
"29,36 : 337.38"
"29,37 : 574.18"
"29,38 : 596.14"
"29,39 : 841.46"
"29,40 : 356.88"
"29,41 : 954.82"
"29,42 : 313.85"
"29,43 : 483.45"
"29,44 : 807.2"
"29,45 : 359.86"
"29,46 : 998.74"
"29,47 : 360.51"
"29,48 : 706.96"
"29,49 : 318.5"
"30,0 : 560.03"
"30,1 : 545.95"
"30,2 : 525.95"
"30,3 : 564.68"
"30,4 : 646.69"
"30,5 : 695.24"
"30,6 : 297.12"
"30,7 : 114.44"
"30,8 : 828.02"
"30,9 : 98.74"
"30,10 : 793.06"
"30,11 : 187.54"
"30,12 : 674.32"
"30,13 : 609.16"
"30,14 : 425.67"
"30,15 : 560.12"
"30,16 : 685.05"
"30,17 : 135.68"
"30,18 : 718.94"
"30,19 : 970.27"
"30,20 : 956.31"
"30,21 : 186.07"
"30,22 : 668.09"
"30,23 : 545.94"
"30,24 : 688.15"
"30,25 : 246.55"
"30,26 : 194.99"
"30,27 : 765.77"
"30,28 : 312.03"
"30,29 : 731.86"
"30,30 : 0.0"
"30,31 : 80.21"
"30,32 : 52.63"
"30,33 : 755.68"
"30,34 : 623.34"
"30,35 : 378.79"
"30,36 : 471.03"
"30,37 : 198.29"
"30,38 : 687.76"
"30,39 : 488.79"
"30,40 : 724.92"
"30,41 : 679.55"
"30,42 : 761.64"
"30,43 : 835.73"
"30,44 : 453.93"
"30,45 : 711.86"
"30,46 : 797.83"
"30,47 : 945.49"
"30,48 : 131.38"
"30,49 : 813.49"
"31,0 : 609.86"
"31,1 : 468.68"
"31,2 : 588.52"
"31,3 : 514.51"
"31,4 : 609.76"
"31,5 : 739.0"
"31,6 : 332.54"
"31,7 : 182.78"
"31,8 : 851.13"
"31,9 : 18.79"
"31,10 : 852.09"
"31,11 : 140.29"
"31,12 : 739.37"
"31,13 : 541.21"
"31,14 : 379.64"
"31,15 : 551.67"
"31,16 : 629.92"
"31,17 : 129.08"
"31,18 : 763.0"
"31,19 : 973.12"
"31,20 : 954.08"
"31,21 : 119.85"
"31,22 : 592.77"
"31,23 : 573.48"
"31,24 : 698.26"
"31,25 : 176.07"
"31,26 : 268.49"
"31,27 : 797.99"
"31,28 : 297.2"
"31,29 : 690.54"
"31,30 : 80.21"
"31,31 : 0.0"
"31,32 : 83.52"
"31,33 : 728.85"
"31,34 : 678.52"
"31,35 : 328.07"
"31,36 : 408.17"
"31,37 : 129.14"
"31,38 : 713.79"
"31,39 : 553.38"
"31,40 : 721.83"
"31,41 : 743.85"
"31,42 : 695.01"
"31,43 : 841.52"
"31,44 : 516.72"
"31,45 : 709.5"
"31,46 : 858.82"
"31,47 : 929.86"
"31,48 : 193.16"
"31,49 : 802.44"
"32,0 : 528.16"
"32,1 : 521.9"
"32,2 : 505.02"
"32,3 : 518.19"
"32,4 : 596.09"
"32,5 : 659.51"
"32,6 : 255.64"
"32,7 : 160.85"
"32,8 : 782.59"
"32,9 : 97.08"
"32,10 : 768.72"
"32,11 : 145.28"
"32,12 : 656.02"
"32,13 : 572.93"
"32,14 : 378.31"
"32,15 : 507.72"
"32,16 : 640.31"
"32,17 : 83.65"
"32,18 : 683.42"
"32,19 : 919.52"
"32,20 : 904.76"
"32,21 : 203.05"
"32,22 : 639.99"
"32,23 : 501.81"
"32,24 : 638.69"
"32,25 : 217.31"
"32,26 : 190.51"
"32,27 : 724.01"
"32,28 : 259.46"
"32,29 : 682.14"
"32,30 : 52.63"
"32,31 : 83.52"
"32,32 : 0.0"
"32,33 : 703.49"
"32,34 : 595.62"
"32,35 : 333.64"
"32,36 : 431.68"
"32,37 : 169.96"
"32,38 : 643.27"
"32,39 : 470.05"
"32,40 : 673.14"
"32,41 : 660.43"
"32,42 : 723.77"
"32,43 : 785.47"
"32,44 : 433.24"
"32,45 : 660.16"
"32,46 : 775.32"
"32,47 : 892.89"
"32,48 : 110.48"
"32,49 : 761.04"
"33,0 : 657.52"
"33,1 : 612.07"
"33,2 : 767.81"
"33,3 : 292.51"
"33,4 : 147.72"
"33,5 : 647.15"
"33,6 : 570.11"
"33,7 : 859.48"
"33,8 : 501.28"
"33,9 : 720.43"
"33,10 : 865.36"
"33,11 : 589.9"
"33,12 : 869.71"
"33,13 : 460.49"
"33,14 : 370.76"
"33,15 : 240.13"
"33,16 : 301.04"
"33,17 : 620.01"
"33,18 : 660.19"
"33,19 : 392.3"
"33,20 : 338.33"
"33,21 : 791.26"
"33,22 : 592.01"
"33,23 : 473.68"
"33,24 : 335.87"
"33,25 : 602.66"
"33,26 : 762.05"
"33,27 : 562.64"
"33,28 : 445.25"
"33,29 : 148.37"
"33,30 : 755.68"
"33,31 : 728.85"
"33,32 : 703.49"
"33,33 : 0.0"
"33,34 : 732.11"
"33,35 : 427.15"
"33,36 : 437.25"
"33,37 : 627.25"
"33,38 : 477.13"
"33,39 : 773.64"
"33,40 : 221.65"
"33,41 : 863.45"
"33,42 : 462.06"
"33,43 : 337.88"
"33,44 : 743.42"
"33,45 : 227.7"
"33,46 : 892.8"
"33,47 : 229.92"
"33,48 : 705.1"
"33,49 : 170.14"
"34,0 : 85.56"
"34,1 : 994.93"
"34,2 : 124.53"
"34,3 : 786.92"
"34,4 : 741.87"
"34,5 : 140.29"
"34,6 : 363.24"
"34,7 : 633.85"
"34,8 : 390.16"
"34,9 : 689.54"
"34,10 : 178.9"
"34,11 : 643.44"
"34,12 : 138.46"
"34,13 : 949.78"
"34,14 : 693.8"
"34,15 : 512.52"
"34,16 : 899.64"
"34,17 : 574.42"
"34,18 : 152.27"
"34,19 : 647.59"
"34,20 : 676.5"
"34,21 : 798.37"
"34,22 : 1070.56"
"34,23 : 260.95"
"34,24 : 419.63"
"34,25 : 734.82"
"34,26 : 447.15"
"34,27 : 277.78"
"34,28 : 533.48"
"34,29 : 825.56"
"34,30 : 623.34"
"34,31 : 678.52"
"34,32 : 595.62"
"34,33 : 732.11"
"34,34 : 0.0"
"34,35 : 700.25"
"34,36 : 817.01"
"34,37 : 706.93"
"34,38 : 291.08"
"34,39 : 165.92"
"34,40 : 537.4"
"34,41 : 131.47"
"34,42 : 1054.91"
"34,43 : 531.37"
"34,44 : 183.6"
"34,45 : 525.44"
"34,46 : 193.6"
"34,47 : 773.03"
"34,48 : 491.97"
"34,49 : 647.97"
"35,0 : 615.41"
"35,1 : 298.3"
"35,2 : 662.52"
"35,3 : 186.68"
"35,4 : 292.0"
"35,5 : 696.79"
"35,6 : 362.6"
"35,7 : 492.89"
"35,8 : 706.09"
"35,9 : 315.15"
"35,10 : 876.17"
"35,11 : 191.66"
"35,12 : 809.03"
"35,13 : 265.84"
"35,14 : 56.59"
"35,15 : 324.39"
"35,16 : 306.67"
"35,17 : 258.07"
"35,18 : 719.28"
"35,19 : 744.37"
"35,20 : 709.81"
"35,21 : 368.42"
"35,22 : 372.66"
"35,23 : 486.24"
"35,24 : 518.08"
"35,25 : 177.05"
"35,26 : 471.76"
"35,27 : 696.6"
"35,28 : 169.01"
"35,29 : 365.64"
"35,30 : 378.79"
"35,31 : 328.07"
"35,32 : 333.64"
"35,33 : 427.15"
"35,34 : 700.25"
"35,35 : 0.0"
"35,36 : 121.02"
"35,37 : 208.54"
"35,38 : 595.96"
"35,39 : 644.08"
"35,40 : 490.37"
"35,41 : 808.6"
"35,42 : 404.01"
"35,43 : 630.97"
"35,44 : 604.08"
"35,45 : 481.86"
"35,46 : 893.6"
"35,47 : 648.09"
"35,48 : 388.48"
"35,49 : 539.05"
"36,0 : 731.74"
"36,1 : 198.48"
"36,2 : 782.87"
"36,3 : 148.11"
"36,4 : 289.92"
"36,5 : 805.62"
"36,6 : 483.6"
"36,7 : 585.02"
"36,8 : 791.18"
"36,9 : 392.2"
"36,10 : 991.45"
"36,11 : 286.47"
"36,12 : 928.45"
"36,13 : 146.54"
"36,14 : 126.59"
"36,15 : 399.82"
"36,16 : 231.21"
"36,17 : 364.23"
"36,18 : 827.45"
"36,19 : 794.57"
"36,20 : 752.52"
"36,21 : 416.92"
"36,22 : 253.62"
"36,23 : 593.07"
"36,24 : 598.64"
"36,25 : 234.75"
"36,26 : 585.36"
"36,27 : 793.79"
"36,28 : 289.28"
"36,29 : 337.38"
"36,30 : 471.03"
"36,31 : 408.17"
"36,32 : 431.68"
"36,33 : 437.25"
"36,34 : 817.01"
"36,35 : 121.02"
"36,36 : 0.0"
"36,37 : 279.33"
"36,38 : 692.12"
"36,39 : 764.94"
"36,40 : 550.04"
"36,41 : 927.74"
"36,42 : 292.48"
"36,43 : 694.0"
"36,44 : 724.99"
"36,45 : 544.03"
"36,46 : 1009.83"
"36,47 : 666.83"
"36,48 : 499.86"
"36,49 : 576.62"
"37,0 : 629.72"
"37,1 : 351.96"
"37,2 : 634.84"
"37,3 : 392.13"
"37,4 : 498.6"
"37,5 : 743.92"
"37,6 : 344.06"
"37,7 : 309.56"
"37,8 : 817.84"
"37,9 : 112.87"
"37,10 : 885.21"
"37,11 : 65.49"
"37,12 : 787.91"
"37,13 : 412.53"
"37,14 : 263.49"
"37,15 : 478.1"
"37,16 : 503.56"
"37,17 : 137.88"
"37,18 : 767.91"
"37,19 : 906.98"
"37,20 : 881.01"
"37,21 : 164.44"
"37,22 : 470.89"
"37,23 : 555.09"
"37,24 : 647.71"
"37,25 : 48.27"
"37,26 : 353.63"
"37,27 : 781.01"
"37,28 : 232.36"
"37,29 : 574.18"
"37,30 : 198.29"
"37,31 : 129.14"
"37,32 : 169.96"
"37,33 : 627.25"
"37,34 : 706.93"
"37,35 : 208.54"
"37,36 : 279.33"
"37,37 : 0.0"
"37,38 : 688.28"
"37,39 : 605.15"
"37,40 : 651.19"
"37,41 : 790.6"
"37,42 : 566.07"
"37,43 : 781.5"
"37,44 : 565.78"
"37,45 : 640.19"
"37,46 : 896.18"
"37,47 : 839.43"
"37,48 : 266.83"
"37,49 : 719.45"
"38,0 : 245.55"
"38,1 : 888.65"
"38,2 : 376.29"
"38,3 : 614.48"
"38,4 : 527.25"
"38,5 : 175.15"
"38,6 : 391.7"
"38,7 : 743.53"
"38,8 : 142.02"
"38,9 : 717.72"
"38,10 : 392.33"
"38,11 : 624.01"
"38,12 : 426.0"
"38,13 : 798.85"
"38,14 : 567.01"
"38,15 : 306.49"
"38,16 : 704.04"
"38,17 : 586.61"
"38,18 : 184.77"
"38,19 : 363.78"
"38,20 : 387.13"
"38,21 : 824.76"
"38,22 : 932.57"
"38,23 : 141.87"
"38,24 : 142.23"
"38,25 : 698.02"
"38,26 : 570.55"
"38,27 : 101.77"
"38,28 : 462.28"
"38,29 : 596.14"
"38,30 : 687.76"
"38,31 : 713.79"
"38,32 : 643.27"
"38,33 : 477.13"
"38,34 : 291.08"
"38,35 : 595.96"
"38,36 : 692.12"
"38,37 : 688.28"
"38,38 : 0.0"
"38,39 : 402.55"
"38,40 : 262.23"
"38,41 : 417.1"
"38,42 : 871.2"
"38,43 : 240.87"
"38,44 : 391.71"
"38,45 : 252.76"
"38,46 : 421.22"
"38,47 : 484.06"
"38,48 : 570.74"
"38,49 : 365.51"
"39,0 : 159.48"
"39,1 : 924.56"
"39,2 : 42.45"
"39,3 : 765.28"
"39,4 : 751.13"
"39,5 : 293.32"
"39,6 : 281.94"
"39,7 : 482.18"
"39,8 : 525.89"
"39,9 : 566.93"
"39,10 : 310.04"
"39,11 : 546.51"
"39,12 : 185.99"
"39,13 : 906.89"
"39,14 : 650.96"
"39,15 : 536.46"
"39,16 : 887.64"
"39,17 : 467.51"
"39,18 : 310.48"
"39,19 : 765.98"
"39,20 : 785.01"
"39,21 : 671.67"
"39,22 : 1015.7"
"39,23 : 313.82"
"39,24 : 503.61"
"39,25 : 640.31"
"39,26 : 299.82"
"39,27 : 420.48"
"39,28 : 476.01"
"39,29 : 841.46"
"39,30 : 488.79"
"39,31 : 553.38"
"39,32 : 470.05"
"39,33 : 773.64"
"39,34 : 165.92"
"39,35 : 644.08"
"39,36 : 764.94"
"39,37 : 605.15"
"39,38 : 402.55"
"39,39 : 0.0"
"39,40 : 609.39"
"39,41 : 190.8"
"39,42 : 1029.2"
"39,43 : 638.04"
"39,44 : 40.31"
"39,45 : 595.78"
"39,46 : 311.09"
"39,47 : 857.83"
"39,48 : 360.51"
"39,49 : 723.25"
"40,0 : 472.24"
"40,1 : 745.6"
"40,2 : 594.86"
"40,3 : 432.38"
"40,4 : 309.18"
"40,5 : 436.5"
"40,6 : 472.06"
"40,7 : 811.47"
"40,8 : 281.81"
"40,9 : 718.9"
"40,10 : 654.42"
"40,11 : 597.25"
"40,12 : 675.74"
"40,13 : 620.35"
"40,14 : 442.94"
"40,15 : 173.09"
"40,16 : 489.7"
"40,17 : 596.24"
"40,18 : 447.0"
"40,19 : 256.26"
"40,20 : 232.26"
"40,21 : 811.03"
"40,22 : 757.31"
"40,23 : 295.63"
"40,24 : 120.49"
"40,25 : 642.32"
"40,26 : 674.53"
"40,27 : 342.03"
"40,28 : 425.91"
"40,29 : 356.88"
"40,30 : 724.92"
"40,31 : 721.83"
"40,32 : 673.14"
"40,33 : 221.65"
"40,34 : 537.4"
"40,35 : 490.37"
"40,36 : 550.04"
"40,37 : 651.19"
"40,38 : 262.23"
"40,39 : 609.39"
"40,40 : 0.0"
"40,41 : 668.12"
"40,42 : 658.44"
"40,43 : 144.09"
"40,44 : 585.95"
"40,45 : 14.32"
"40,46 : 683.06"
"40,47 : 250.68"
"40,48 : 639.95"
"40,49 : 113.86"
"41,0 : 209.75"
"41,1 : 1098.06"
"41,2 : 156.17"
"41,3 : 908.07"
"41,4 : 869.88"
"41,5 : 250.74"
"41,6 : 455.11"
"41,7 : 668.37"
"41,8 : 501.14"
"41,9 : 757.15"
"41,10 : 136.12"
"41,11 : 729.97"
"41,12 : 12.04"
"41,13 : 1064.64"
"41,14 : 807.44"
"41,15 : 641.73"
"41,16 : 1023.78"
"41,17 : 653.84"
"41,18 : 253.45"
"41,19 : 764.79"
"41,20 : 797.92"
"41,21 : 862.37"
"41,22 : 1181.06"
"41,23 : 391.29"
"41,24 : 549.61"
"41,25 : 823.37"
"41,26 : 489.31"
"41,27 : 387.44"
"41,28 : 639.79"
"41,29 : 954.82"
"41,30 : 679.55"
"41,31 : 743.85"
"41,32 : 660.43"
"41,33 : 863.45"
"41,34 : 131.47"
"41,35 : 808.6"
"41,36 : 927.74"
"41,37 : 790.6"
"41,38 : 417.1"
"41,39 : 190.8"
"41,40 : 668.12"
"41,41 : 0.0"
"41,42 : 1175.8"
"41,43 : 654.88"
"41,44 : 227.31"
"41,45 : 656.33"
"41,46 : 127.28"
"41,47 : 900.93"
"41,48 : 551.2"
"41,49 : 777.95"
"42,0 : 969.85"
"42,1 : 293.26"
"42,2 : 1041.32"
"42,3 : 268.0"
"42,4 : 350.36"
"42,5 : 1015.29"
"42,6 : 754.45"
"42,7 : 874.91"
"42,8 : 935.93"
"42,9 : 678.02"
"42,10 : 1219.79"
"42,11 : 578.75"
"42,12 : 1178.27"
"42,13 : 154.47"
"42,14 : 381.78"
"42,15 : 565.84"
"42,16 : 169.2"
"42,17 : 656.44"
"42,18 : 1034.3"
"42,19 : 853.73"
"42,20 : 797.66"
"42,21 : 683.74"
"42,22 : 188.85"
"42,23 : 806.15"
"42,24 : 747.51"
"42,25 : 519.0"
"42,26 : 875.41"
"42,27 : 970.09"
"42,28 : 559.3"
"42,29 : 313.85"
"42,30 : 761.64"
"42,31 : 695.01"
"42,32 : 723.77"
"42,33 : 462.06"
"42,34 : 1054.91"
"42,35 : 404.01"
"42,36 : 292.48"
"42,37 : 566.07"
"42,38 : 871.2"
"42,39 : 1029.2"
"42,40 : 658.44"
"42,41 : 1175.8"
"42,42 : 0.0"
"42,43 : 792.77"
"42,44 : 990.42"
"42,45 : 658.75"
"42,46 : 1241.97"
"42,47 : 665.26"
"42,48 : 790.99"
"42,49 : 632.01"
"43,0 : 484.49"
"43,1 : 889.69"
"43,2 : 614.73"
"43,3 : 575.45"
"43,4 : 447.39"
"43,5 : 406.01"
"43,6 : 560.84"
"43,7 : 912.78"
"43,8 : 184.27"
"43,9 : 840.49"
"43,10 : 612.11"
"43,11 : 724.29"
"43,12 : 664.33"
"43,13 : 762.69"
"43,14 : 585.19"
"43,15 : 308.06"
"43,16 : 625.54"
"43,17 : 713.34"
"43,18 : 408.89"
"43,19 : 137.24"
"43,20 : 147.05"
"43,21 : 937.6"
"43,22 : 899.45"
"43,23 : 337.85"
"43,24 : 151.35"
"43,25 : 776.47"
"43,26 : 759.39"
"43,27 : 280.67"
"43,28 : 551.24"
"43,29 : 483.45"
"43,30 : 835.73"
"43,31 : 841.52"
"43,32 : 785.47"
"43,33 : 337.88"
"43,34 : 531.37"
"43,35 : 630.97"
"43,36 : 694.0"
"43,37 : 781.5"
"43,38 : 240.87"
"43,39 : 638.04"
"43,40 : 144.09"
"43,41 : 654.88"
"43,42 : 792.77"
"43,43 : 0.0"
"43,44 : 622.66"
"43,45 : 150.21"
"43,46 : 642.62"
"43,47 : 257.18"
"43,48 : 738.01"
"43,49 : 175.57"
"44,0 : 157.21"
"44,1 : 884.25"
"44,2 : 72.03"
"44,3 : 727.17"
"44,4 : 716.3"
"44,5 : 299.26"
"44,6 : 241.77"
"44,7 : 453.25"
"44,8 : 520.68"
"44,9 : 529.87"
"44,10 : 340.6"
"44,11 : 506.74"
"44,12 : 223.38"
"44,13 : 867.21"
"44,14 : 611.57"
"44,15 : 504.9"
"44,16 : 850.15"
"44,17 : 428.3"
"44,18 : 318.47"
"44,19 : 753.12"
"44,20 : 769.17"
"44,21 : 635.52"
"44,22 : 975.54"
"44,23 : 291.77"
"44,24 : 483.99"
"44,25 : 600.52"
"44,26 : 268.32"
"44,27 : 419.31"
"44,28 : 436.21"
"44,29 : 807.2"
"44,30 : 453.93"
"44,31 : 516.72"
"44,32 : 433.24"
"44,33 : 743.42"
"44,34 : 183.6"
"44,35 : 604.08"
"44,36 : 724.99"
"44,37 : 565.78"
"44,38 : 391.71"
"44,39 : 40.31"
"44,40 : 585.95"
"44,41 : 227.31"
"44,42 : 990.42"
"44,43 : 622.66"
"44,44 : 0.0"
"44,45 : 572.11"
"44,46 : 344.01"
"44,47 : 835.68"
"44,48 : 324.45"
"44,49 : 699.68"
"45,0 : 459.48"
"45,1 : 740.25"
"45,2 : 581.58"
"45,3 : 428.92"
"45,4 : 308.78"
"45,5 : 426.4"
"45,6 : 457.91"
"45,7 : 797.9"
"45,8 : 279.04"
"45,9 : 706.77"
"45,10 : 644.56"
"45,11 : 585.72"
"45,12 : 663.84"
"45,13 : 617.32"
"45,14 : 435.24"
"45,15 : 162.31"
"45,16 : 489.74"
"45,17 : 583.6"
"45,18 : 437.41"
"45,19 : 266.83"
"45,20 : 244.8"
"45,21 : 799.54"
"45,22 : 754.34"
"45,23 : 282.11"
"45,24 : 110.57"
"45,25 : 632.03"
"45,26 : 660.38"
"45,27 : 335.0"
"45,28 : 414.0"
"45,29 : 359.86"
"45,30 : 711.86"
"45,31 : 709.5"
"45,32 : 660.16"
"45,33 : 227.7"
"45,34 : 525.44"
"45,35 : 481.86"
"45,36 : 544.03"
"45,37 : 640.19"
"45,38 : 252.76"
"45,39 : 595.78"
"45,40 : 14.32"
"45,41 : 656.33"
"45,42 : 658.75"
"45,43 : 150.21"
"45,44 : 572.11"
"45,45 : 0.0"
"45,46 : 673.01"
"45,47 : 264.84"
"45,48 : 626.17"
"45,49 : 127.58"
"46,0 : 278.21"
"46,1 : 1188.53"
"46,2 : 272.09"
"46,3 : 974.41"
"46,4 : 919.27"
"46,5 : 246.62"
"46,6 : 554.1"
"46,7 : 792.52"
"46,8 : 470.15"
"46,9 : 871.16"
"46,10 : 31.02"
"46,11 : 833.58"
"46,12 : 136.69"
"46,13 : 1141.06"
"46,14 : 885.95"
"46,15 : 688.49"
"46,16 : 1083.41"
"46,17 : 761.55"
"46,18 : 237.08"
"46,19 : 736.0"
"46,20 : 777.42"
"46,21 : 978.22"
"46,22 : 1263.24"
"46,23 : 437.83"
"46,24 : 562.62"
"46,25 : 925.8"
"46,26 : 610.87"
"46,27 : 362.33"
"46,28 : 727.07"
"46,29 : 998.74"
"46,30 : 797.83"
"46,31 : 858.82"
"46,32 : 775.32"
"46,33 : 892.8"
"46,34 : 193.6"
"46,35 : 893.6"
"46,36 : 1009.83"
"46,37 : 896.18"
"46,38 : 421.22"
"46,39 : 311.09"
"46,40 : 683.06"
"46,41 : 127.28"
"46,42 : 1241.97"
"46,43 : 642.62"
"46,44 : 344.01"
"46,45 : 673.01"
"46,46 : 0.0"
"46,47 : 897.67"
"46,48 : 667.76"
"46,49 : 786.0"
"47,0 : 715.04"
"47,1 : 840.9"
"47,2 : 841.09"
"47,3 : 522.41"
"47,4 : 377.64"
"47,5 : 656.65"
"47,6 : 715.17"
"47,7 : 1040.8"
"47,8 : 440.19"
"47,9 : 923.76"
"47,10 : 867.42"
"47,11 : 795.1"
"47,12 : 909.6"
"47,13 : 685.38"
"47,14 : 592.7"
"47,15 : 387.92"
"47,16 : 517.63"
"47,17 : 811.53"
"47,18 : 661.91"
"47,19 : 223.33"
"47,20 : 160.11"
"47,21 : 1003.76"
"47,22 : 812.95"
"47,23 : 544.27"
"47,24 : 356.27"
"47,25 : 819.78"
"47,26 : 916.92"
"47,27 : 536.99"
"47,28 : 634.81"
"47,29 : 360.51"
"47,30 : 945.49"
"47,31 : 929.86"
"47,32 : 892.89"
"47,33 : 229.92"
"47,34 : 773.03"
"47,35 : 648.09"
"47,36 : 666.83"
"47,37 : 839.43"
"47,38 : 484.06"
"47,39 : 857.83"
"47,40 : 250.68"
"47,41 : 900.93"
"47,42 : 665.26"
"47,43 : 257.18"
"47,44 : 835.68"
"47,45 : 264.84"
"47,46 : 897.67"
"47,47 : 0.0"
"47,48 : 874.49"
"47,49 : 139.32"
"48,0 : 429.3"
"48,1 : 614.72"
"48,2 : 396.43"
"48,3 : 562.13"
"48,4 : 616.23"
"48,5 : 566.26"
