x,y
228,17
235,363
541,10
198,988
862,869
998,214
186,216
715,798
712,689
963,476
19,790
747,737
361,881
441,998
541,494
373,618
69,437
305,311
370,254
241,857
389,263
760,715
462,208
708,936
349,830
381,861
240,716
656,395
894,620
220,920
965,547
860,809
121,735
514,937
103,820
497,784
253,588
230,351
503,338
627,210
373,221
893,357
622,175
588,497
741,818
553,455
380,190
886,493
246,249
289,792

Distanze
"0,0 : 0.0"
"0,1 : 346.07"
"0,2 : 313.08"
"0,3 : 971.46"
"0,4 : 1062.01"
"0,5 : 794.8"
"0,6 : 203.38"
"0,7 : 920.4"
"0,8 : 828.15"
"0,9 : 866.55"
"0,10 : 800.76"
"0,11 : 887.56"
"0,12 : 874.18"
"0,13 : 1003.86"
"0,14 : 570.52"
"0,15 : 618.24"
"0,16 : 449.09"
"0,17 : 303.92"
"0,18 : 276.28"
"0,19 : 840.1"
"0,20 : 294.0"
"0,21 : 877.63"
"0,22 : 302.05"
"0,23 : 1036.8"
"0,24 : 821.95"
"0,25 : 857.76"
"0,26 : 699.1"
"0,27 : 571.02"
"0,28 : 898.42"
"0,29 : 903.04"
"0,30 : 907.78"
"0,31 : 1013.26"
"0,32 : 725.93"
"0,33 : 963.43"
"0,34 : 812.67"
"0,35 : 812.8"
"0,36 : 571.55"
"0,37 : 334.01"
"0,38 : 422.69"
"0,39 : 443.23"
"0,40 : 250.28"
"0,41 : 746.88"
"0,42 : 424.5"
"0,43 : 600.0"
"0,44 : 951.19"
"0,45 : 545.41"
"0,46 : 230.29"
"0,47 : 812.12"
"0,48 : 232.7"
"0,49 : 777.4"
"1,0 : 346.07"
"1,1 : 0.0"
"1,2 : 467.17"
"1,3 : 626.09"
"1,4 : 805.71"
"1,5 : 777.41"
"1,6 : 154.95"
"1,7 : 647.78"
"1,8 : 577.76"
"1,9 : 736.72"
"1,10 : 478.52"
"1,11 : 634.05"
"1,12 : 533.1"
"1,13 : 667.58"
"1,14 : 332.86"
"1,15 : 289.95"
"1,16 : 181.75"
"1,17 : 87.2"
"1,18 : 173.51"
"1,19 : 494.04"
"1,20 : 183.62"
"1,21 : 632.08"
"1,22 : 274.87"
"1,23 : 743.01"
"1,24 : 480.71"
"1,25 : 518.96"
"1,26 : 353.04"
"1,27 : 422.21"
"1,28 : 707.34"
"1,29 : 557.2"
"1,30 : 752.83"
"1,31 : 767.82"
"1,32 : 389.08"
"1,33 : 638.21"
"1,34 : 475.68"
"1,35 : 495.87"
"1,36 : 225.72"
"1,37 : 13.0"
"1,38 : 269.16"
"1,39 : 420.8"
"1,40 : 198.01"
"1,41 : 658.03"
"1,42 : 430.25"
"1,43 : 377.58"
"1,44 : 680.49"
"1,45 : 331.04"
"1,46 : 225.73"
"1,47 : 663.85"
"1,48 : 114.53"
"1,49 : 432.39"
"2,0 : 313.08"
"2,1 : 467.17"
"2,2 : 0.0"
"2,3 : 1036.4"
"2,4 : 917.02"
"2,5 : 500.46"
"2,6 : 410.44"
"2,7 : 806.98"
"2,8 : 700.2"
"2,9 : 628.68"
"2,10 : 938.55"
"2,11 : 755.62"
"2,12 : 889.4"
"2,13 : 993.05"
"2,14 : 484.0"
"2,15 : 630.78"
"2,16 : 636.48"
"2,17 : 382.49"
"2,18 : 297.95"
"2,19 : 898.56"
"2,20 : 295.15"
"2,21 : 738.23"
"2,22 : 213.18"
"2,23 : 940.94"
"2,24 : 842.18"
"2,25 : 865.91"
"2,26 : 767.49"
"2,27 : 401.81"
"2,28 : 704.78"
"2,29 : 964.96"
"2,30 : 684.21"
"2,31 : 860.33"
"2,32 : 837.87"
"2,33 : 927.39"
"2,34 : 920.84"
"2,35 : 775.25"
"2,36 : 645.78"
"2,37 : 461.52"
"2,38 : 330.19"
"2,39 : 217.71"
"2,40 : 269.71"
"2,41 : 494.28"
"2,42 : 183.81"
"2,43 : 489.26"
"2,44 : 832.38"
"2,45 : 445.16"
"2,46 : 241.5"
"2,47 : 593.56"
"2,48 : 379.67"
"2,49 : 821.6"
"3,0 : 971.46"
"3,1 : 626.09"
"3,2 : 1036.4"
"3,3 : 0.0"
"3,4 : 674.58"
"3,5 : 1113.14"
"3,6 : 772.09"
"3,7 : 550.81"
"3,8 : 594.64"
"3,9 : 920.53"
"3,10 : 266.92"
"3,11 : 603.66"
"3,12 : 194.98"
"3,13 : 243.21"
"3,14 : 601.4"
"3,15 : 409.3"
"3,16 : 565.9"
"3,17 : 685.4"
"3,18 : 753.88"
"3,19 : 137.88"
"3,20 : 749.74"
"3,21 : 624.8"
"3,22 : 823.47"
"3,23 : 512.64"
"3,24 : 218.55"
"3,25 : 222.75"
"3,26 : 275.22"
"3,27 : 749.27"
"3,28 : 787.3"
"3,29 : 71.47"
"3,30 : 884.74"
"3,31 : 685.77"
"3,32 : 264.46"
"3,33 : 320.09"
"3,34 : 193.0"
"3,35 : 361.96"
"3,36 : 403.76"
"3,37 : 637.8"
"3,38 : 718.0"
"3,39 : 888.44"
"3,40 : 786.71"
"3,41 : 938.72"
"3,42 : 916.92"
"3,43 : 627.04"
"3,44 : 568.99"
"3,45 : 640.4"
"3,46 : 818.49"
"3,47 : 847.57"
"3,48 : 740.56"
"3,49 : 216.09"
"4,0 : 1062.01"
"4,1 : 805.71"
"4,2 : 917.02"
"4,3 : 674.58"
"4,4 : 0.0"
"4,5 : 668.97"
"4,6 : 939.89"
"4,7 : 163.25"
"4,8 : 234.31"
"4,9 : 405.77"
"4,10 : 846.69"
"4,11 : 175.07"
"4,12 : 501.14"
"4,13 : 440.32"
"4,14 : 493.63"
"4,15 : 549.66"
"4,16 : 903.04"
"4,17 : 788.42"
"4,18 : 787.58"
"4,19 : 621.12"
"4,20 : 768.74"
"4,21 : 184.72"
"4,22 : 772.61"
"4,23 : 167.94"
"4,24 : 514.48"
"4,25 : 481.07"
"4,26 : 640.54"
"4,27 : 516.83"
"4,28 : 251.05"
"4,29 : 644.02"
"4,30 : 338.07"
"4,31 : 60.03"
"4,32 : 753.02"
"4,33 : 354.58"
"4,34 : 760.58"
"4,35 : 374.77"
"4,36 : 670.7"
"4,37 : 817.16"
"4,38 : 640.97"
"4,39 : 699.65"
"4,40 : 811.8"
"4,41 : 512.94"
"4,42 : 734.33"
"4,43 : 462.02"
"4,44 : 131.31"
"4,45 : 516.6"
"4,46 : 832.69"
"4,47 : 376.77"
"4,48 : 873.99"
"4,49 : 578.15"
"5,0 : 794.8"
"5,1 : 777.41"
"5,2 : 500.46"
"5,3 : 1113.14"
"5,4 : 668.97"
"5,5 : 0.0"
"5,6 : 812.0"
"5,7 : 648.96"
"5,8 : 554.46"
"5,9 : 264.33"
"5,10 : 1135.88"
"5,11 : 580.11"
"5,12 : 922.31"
"5,13 : 961.72"
"5,14 : 535.96"
"5,15 : 744.2"
"5,16 : 955.39"
"5,17 : 699.76"
"5,18 : 629.27"
"5,19 : 993.23"
"5,20 : 610.97"
"5,21 : 554.66"
"5,22 : 536.03"
"5,23 : 778.06"
"5,24 : 894.79"
"5,25 : 894.03"
"5,26 : 909.16"
"5,27 : 386.94"
"5,28 : 419.11"
"5,29 : 1050.58"
"5,30 : 334.63"
"5,31 : 610.79"
"5,32 : 1020.08"
"5,33 : 870.05"
"5,34 : 1080.86"
"5,35 : 758.88"
"5,36 : 833.61"
"5,37 : 780.12"
"5,38 : 510.3"
"5,39 : 371.02"
"5,40 : 625.04"
"5,41 : 177.41"
"5,42 : 378.02"
"5,43 : 498.19"
"5,44 : 656.4"
"5,45 : 506.07"
"5,46 : 618.47"
"5,47 : 300.64"
"5,48 : 752.81"
"5,49 : 914.75"
"6,0 : 203.38"
"6,1 : 154.95"
"6,2 : 410.44"
"6,3 : 772.09"
"6,4 : 939.89"
"6,5 : 812.0"
"6,6 : 0.0"
"6,7 : 786.49"
"6,8 : 707.39"
"6,9 : 819.35"
"6,10 : 597.8"
"6,11 : 765.61"
"6,12 : 687.64"
"6,13 : 822.53"
"6,14 : 450.9"
"6,15 : 443.37"
"6,16 : 250.06"
"6,17 : 152.27"
"6,18 : 187.88"
"6,19 : 643.36"
"6,20 : 208.37"
"6,21 : 760.58"
"6,22 : 276.12"
"6,23 : 889.32"
"6,24 : 635.27"
"6,25 : 673.83"
"6,26 : 502.91"
"6,27 : 502.93"
"6,28 : 815.16"
"6,29 : 704.82"
"6,30 : 846.41"
"6,31 : 897.73"
"6,32 : 523.05"
"6,33 : 792.1"
"6,34 : 609.68"
"6,35 : 647.57"
"6,36 : 377.99"
"6,37 : 141.99"
"6,38 : 339.67"
"6,39 : 441.04"
"6,40 : 187.07"
"6,41 : 720.92"
"6,42 : 437.92"
"6,43 : 490.47"
"6,44 : 818.8"
"6,45 : 437.96"
"6,46 : 195.73"
"6,47 : 752.81"
"6,48 : 68.48"
"6,49 : 585.14"
"7,0 : 920.4"
"7,1 : 647.78"
"7,2 : 806.98"
"7,3 : 550.81"
"7,4 : 163.25"
"7,5 : 648.96"
"7,6 : 786.49"
"7,7 : 0.0"
"7,8 : 109.04"
"7,9 : 406.43"
"7,10 : 696.05"
"7,11 : 68.88"
"7,12 : 363.6"
"7,13 : 339.23"
"7,14 : 350.27"
"7,15 : 386.48"
"7,16 : 740.02"
"7,17 : 636.61"
"7,18 : 644.17"
"7,19 : 477.66"
"7,20 : 626.5"
"7,21 : 94.41"
"7,22 : 641.96"
"7,23 : 138.18"
"7,24 : 367.4"
"7,25 : 339.89"
"7,26 : 482.03"
"7,27 : 407.3"
"7,28 : 252.44"
"7,29 : 509.81"
"7,30 : 354.26"
"7,31 : 145.42"
"7,32 : 597.33"
"7,33 : 244.38"
"7,34 : 612.4"
"7,35 : 218.45"
"7,36 : 507.49"
"7,37 : 659.57"
"7,38 : 506.5"
"7,39 : 594.55"
"7,40 : 670.74"
"7,41 : 475.57"
"7,42 : 629.9"
"7,43 : 326.7"
"7,44 : 32.8"
"7,45 : 379.33"
"7,46 : 694.18"
"7,47 : 349.67"
"7,48 : 722.05"
"7,49 : 426.04"
"8,0 : 828.15"
"8,1 : 577.76"
"8,2 : 700.2"
"8,3 : 594.64"
"8,4 : 234.31"
"8,5 : 554.46"
"8,6 : 707.39"
"8,7 : 109.04"
"8,8 : 0.0"
"8,9 : 329.2"
"8,10 : 700.32"
"8,11 : 59.41"
"8,12 : 400.08"
"8,13 : 411.0"
"8,14 : 259.36"
"8,15 : 346.36"
"8,16 : 690.62"
"8,17 : 555.46"
"8,18 : 553.34"
"8,19 : 500.06"
"8,20 : 534.61"
"8,21 : 54.59"
"8,22 : 542.09"
"8,23 : 247.03"
"8,24 : 389.42"
"8,25 : 373.02"
"8,26 : 472.77"
"8,27 : 299.29"
"8,28 : 194.64"
"8,29 : 543.53"
"8,30 : 290.13"
"8,31 : 190.54"
"8,32 : 592.79"
"8,33 : 317.35"
"8,34 : 622.93"
"8,35 : 235.05"
"8,36 : 469.98"
"8,37 : 588.7"
"8,38 : 408.51"
"8,39 : 486.48"
"8,40 : 577.88"
"8,41 : 378.13"
"8,42 : 521.82"
"8,43 : 228.56"
"8,44 : 132.22"
"8,45 : 282.91"
"8,46 : 599.35"
"8,47 : 262.09"
"8,48 : 640.9"
"8,49 : 435.36"
"9,0 : 866.55"
"9,1 : 736.72"
"9,2 : 628.68"
"9,3 : 920.53"
"9,4 : 405.77"
"9,5 : 264.33"
"9,6 : 819.35"
"9,7 : 406.43"
"9,8 : 329.2"
"9,9 : 0.0"
"9,10 : 994.85"
"9,11 : 338.79"
"9,12 : 725.55"
"9,13 : 738.22"
"9,14 : 422.38"
"9,15 : 606.85"
"9,16 : 894.85"
"9,17 : 678.37"
"9,18 : 633.19"
"9,19 : 816.36"
"9,20 : 612.25"
"9,21 : 313.58"
"9,22 : 568.18"
"9,23 : 525.95"
"9,24 : 708.74"
"9,25 : 697.82"
"9,26 : 761.79"
"9,27 : 317.51"
"9,28 : 159.68"
"9,29 : 865.55"
"9,30 : 71.03"
"9,31 : 348.57"
"9,32 : 880.93"
"9,33 : 643.52"
"9,34 : 926.25"
"9,35 : 558.59"
"9,36 : 718.78"
"9,37 : 743.58"
"9,38 : 480.25"
"9,39 : 428.55"
"9,40 : 642.75"
"9,41 : 138.06"
"9,42 : 454.84"
"9,43 : 375.59"
"9,44 : 407.74"
"9,45 : 410.54"
"9,46 : 649.37"
"9,47 : 78.85"
"9,48 : 752.08"
"9,49 : 744.4"
"10,0 : 800.76"
"10,1 : 478.52"
"10,2 : 938.55"
"10,3 : 266.92"
"10,4 : 846.69"
"10,5 : 1135.88"
"10,6 : 597.8"
"10,7 : 696.05"
"10,8 : 700.32"
"10,9 : 994.85"
"10,10 : 0.0"
"10,11 : 729.93"
"10,12 : 353.9"
"10,13 : 470.48"
"10,14 : 600.08"
"10,15 : 393.57"
"10,16 : 356.52"
"10,17 : 557.89"
"10,18 : 640.7"
"10,19 : 231.89"
"10,20 : 643.92"
"10,21 : 744.79"
"10,22 : 731.42"
"10,23 : 704.3"
"10,24 : 332.42"
"10,25 : 368.9"
"10,26 : 233.06"
"10,27 : 749.53"
"10,28 : 891.36"
"10,29 : 239.38"
"10,30 : 976.71"
"10,31 : 841.21"
"10,32 : 115.88"
"10,33 : 516.37"
"10,34 : 89.2"
"10,35 : 478.04"
"10,36 : 309.13"
"10,37 : 487.07"
"10,38 : 662.24"
"10,39 : 840.28"
"10,40 : 670.13"
"10,41 : 975.38"
"10,42 : 861.3"
"10,43 : 640.01"
"10,44 : 722.54"
"10,45 : 630.38"
"10,46 : 700.23"
"10,47 : 916.46"
"10,48 : 586.69"
"10,49 : 270.01"
"11,0 : 887.56"
"11,1 : 634.05"
"11,2 : 755.62"
"11,3 : 603.66"
"11,4 : 175.07"
"11,5 : 580.11"
"11,6 : 765.61"
"11,7 : 68.88"
"11,8 : 59.41"
"11,9 : 338.79"
"11,10 : 729.93"
"11,11 : 0.0"
"11,12 : 411.99"
"11,13 : 402.19"
"11,14 : 318.57"
"11,15 : 392.48"
"11,16 : 741.41"
"11,17 : 613.87"
"11,18 : 612.71"
"11,19 : 520.03"
"11,20 : 594.0"
"11,21 : 25.55"
"11,22 : 600.89"
"11,23 : 202.79"
"11,24 : 408.72"
"11,25 : 386.43"
"11,26 : 507.43"
"11,27 : 353.9"
"11,28 : 187.88"
"11,29 : 557.87"
"11,30 : 289.18"
"11,31 : 133.99"
"11,32 : 626.0"
"11,33 : 307.07"
"11,34 : 649.33"
"11,35 : 254.38"
"11,36 : 515.98"
"11,37 : 645.2"
"11,38 : 467.69"
"11,39 : 540.49"
"11,40 : 637.28"
"11,41 : 407.08"
"11,42 : 575.73"
"11,43 : 287.89"
"11,44 : 81.22"
"11,45 : 342.29"
"11,46 : 658.71"
"11,47 : 280.81"
"11,48 : 699.39"
"11,49 : 461.29"
"12,0 : 874.18"
"12,1 : 533.1"
"12,2 : 889.4"
"12,3 : 194.98"
"12,4 : 501.14"
"12,5 : 922.31"
"12,6 : 687.64"
"12,7 : 363.6"
"12,8 : 400.08"
"12,9 : 725.55"
"12,10 : 353.9"
"12,11 : 411.99"
"12,12 : 0.0"
"12,13 : 141.74"
"12,14 : 426.81"
"12,15 : 263.27"
"12,16 : 531.41"
"12,17 : 572.74"
"12,18 : 627.06"
"12,19 : 122.38"
"12,20 : 618.63"
"12,21 : 432.15"
"12,22 : 680.54"
"12,23 : 351.33"
"12,24 : 52.39"
"12,25 : 28.28"
"12,26 : 204.61"
"12,27 : 568.53"
"12,28 : 593.47"
"12,29 : 146.29"
"12,30 : 690.2"
"12,31 : 504.17"
"12,32 : 280.92"
"12,33 : 162.93"
"12,34 : 265.11"
"12,35 : 167.05"
"12,36 : 312.27"
"12,37 : 545.95"
"12,38 : 561.26"
"12,39 : 721.8"
"12,40 : 660.11"
"12,41 : 746.73"
"12,42 : 752.7"
"12,43 : 446.08"
"12,44 : 385.19"
"12,45 : 467.27"
"12,46 : 691.26"
"12,47 : 652.82"
"12,48 : 642.38"
"12,49 : 114.48"
"13,0 : 1003.86"
"13,1 : 667.58"
"13,2 : 993.05"
"13,3 : 243.21"
"13,4 : 440.32"
"13,5 : 961.72"
"13,6 : 822.53"
"13,7 : 339.23"
"13,8 : 411.0"
"13,9 : 738.22"
"13,10 : 470.48"
"13,11 : 402.19"
"13,12 : 141.74"
"13,13 : 0.0"
"13,14 : 513.82"
"13,15 : 386.04"
"13,16 : 673.13"
"13,17 : 700.33"
"13,18 : 747.38"
"13,19 : 244.71"
"13,20 : 736.84"
"13,21 : 426.44"
"13,22 : 790.28"
"13,23 : 274.1"
"13,24 : 191.54"
"13,25 : 149.56"
"13,26 : 346.3"
"13,27 : 640.18"
"13,28 : 589.99"
"13,29 : 234.36"
"13,30 : 691.36"
"13,31 : 459.65"
"13,32 : 414.21"
"13,33 : 95.13"
"13,34 : 382.01"
"13,35 : 221.21"
"13,36 : 451.05"
"13,37 : 680.54"
"13,38 : 662.91"
"13,39 : 809.65"
"13,40 : 779.97"
"13,41 : 784.34"
"13,42 : 842.67"
"13,43 : 522.12"
"13,44 : 349.86"
"13,45 : 554.43"
"13,46 : 810.3"
"13,47 : 673.09"
"13,48 : 773.97"
"13,49 : 256.01"
"14,0 : 570.52"
"14,1 : 332.86"
"14,2 : 484.0"
"14,3 : 601.4"
"14,4 : 493.63"
"14,5 : 535.96"
"14,6 : 450.9"
"14,7 : 350.27"
"14,8 : 259.36"
"14,9 : 422.38"
"14,10 : 600.08"
"14,11 : 318.57"
"14,12 : 426.81"
"14,13 : 513.82"
"14,14 : 0.0"
"14,15 : 208.81"
"14,16 : 475.43"
"14,17 : 298.64"
"14,18 : 294.69"
"14,19 : 470.92"
"14,20 : 276.52"
"14,21 : 311.13"
"14,22 : 296.71"
"14,23 : 472.5"
"14,24 : 386.99"
"14,25 : 400.36"
"14,26 : 374.01"
"14,27 : 151.74"
"14,28 : 374.81"
"14,29 : 533.4"
"14,30 : 427.3"
"14,31 : 448.31"
"14,32 : 484.23"
"14,33 : 443.82"
"14,34 : 546.0"
"14,35 : 293.32"
"14,36 : 302.95"
"14,37 : 342.3"
"14,38 : 160.56"
"14,39 : 296.74"
"14,40 : 320.55"
"14,41 : 377.72"
"14,42 : 329.12"
"14,43 : 47.1"
"14,44 : 380.76"
"14,45 : 40.8"
"14,46 : 344.0"
"14,47 : 345.0"
"14,48 : 383.47"
"14,49 : 390.27"
"15,0 : 618.24"
"15,1 : 289.95"
"15,2 : 630.78"
"15,3 : 409.3"
"15,4 : 549.66"
"15,5 : 744.2"
"15,6 : 443.37"
"15,7 : 386.48"
"15,8 : 346.36"
"15,9 : 606.85"
"15,10 : 393.57"
"15,11 : 392.48"
"15,12 : 263.27"
"15,13 : 386.04"
"15,14 : 208.81"
"15,15 : 0.0"
"15,16 : 353.8"
"15,17 : 314.44"
"15,18 : 364.01"
"15,19 : 273.03"
"15,20 : 355.36"
"15,21 : 398.97"
"15,22 : 419.55"
"15,23 : 461.9"
"15,24 : 213.35"
"15,25 : 243.13"
"15,26 : 165.21"
"15,27 : 360.3"
"15,28 : 521.0"
"15,29 : 338.55"
"15,30 : 596.24"
"15,31 : 523.12"
"15,32 : 277.84"
"15,33 : 348.77"
"15,34 : 337.2"
"15,35 : 207.2"
"15,36 : 123.69"
"15,37 : 302.88"
"15,38 : 308.71"
"15,39 : 480.6"
"15,40 : 397.0"
"15,41 : 581.83"
"15,42 : 508.18"
"15,43 : 246.71"
"15,44 : 418.84"
"15,45 : 242.84"
"15,46 : 428.06"
"15,47 : 528.01"
"15,48 : 390.24"
"15,49 : 193.21"
"16,0 : 449.09"
"16,1 : 181.75"
"16,2 : 636.48"
"16,3 : 565.9"
"16,4 : 903.04"
"16,5 : 955.39"
"16,6 : 250.06"
"16,7 : 740.02"
"16,8 : 690.62"
"16,9 : 894.85"
"16,10 : 356.52"
"16,11 : 741.41"
"16,12 : 531.41"
"16,13 : 673.13"
"16,14 : 475.43"
"16,15 : 353.8"
"16,16 : 0.0"
"16,17 : 267.53"
"16,18 : 352.26"
"16,19 : 453.85"
"16,20 : 364.25"
"16,21 : 744.83"
"16,22 : 454.85"
"16,23 : 810.75"
"16,24 : 482.54"
"16,25 : 526.42"
"16,26 : 327.23"
"16,27 : 588.5"
"16,28 : 845.05"
"16,29 : 506.05"
"16,30 : 902.73"
"16,31 : 874.11"
"16,32 : 302.5"
"16,33 : 669.35"
"16,34 : 384.51"
"16,35 : 550.99"
"16,36 : 238.03"
"16,37 : 182.53"
"16,38 : 445.15"
"16,39 : 602.41"
"16,40 : 372.92"
"16,41 : 827.87"
"16,42 : 611.93"
"16,43 : 522.46"
"16,44 : 772.49"
"16,45 : 484.33"
"16,46 : 397.15"
"16,47 : 818.92"
"16,48 : 258.21"
"16,49 : 417.64"
"17,0 : 303.92"
"17,1 : 87.2"
"17,2 : 382.49"
"17,3 : 685.4"
"17,4 : 788.42"
"17,5 : 699.76"
"17,6 : 152.27"
"17,7 : 636.61"
"17,8 : 555.46"
"17,9 : 678.37"
"17,10 : 557.89"
"17,11 : 613.87"
"17,12 : 572.74"
"17,13 : 700.33"
"17,14 : 298.64"
"17,15 : 314.44"
"17,16 : 267.53"
"17,17 : 0.0"
"17,18 : 86.45"
"17,19 : 549.74"
"17,20 : 96.75"
"17,21 : 608.47"
"17,22 : 187.77"
"17,23 : 743.66"
"17,24 : 520.86"
"17,25 : 555.23"
"17,26 : 410.18"
"17,27 : 360.91"
"17,28 : 665.13"
"17,29 : 614.9"
"17,30 : 700.93"
"17,31 : 745.67"
"17,32 : 462.2"
"17,33 : 659.97"
"17,34 : 547.62"
"17,35 : 510.48"
"17,36 : 281.84"
"17,37 : 85.0"
"17,38 : 199.83"
"17,39 : 337.47"
"17,40 : 112.8"
"17,41 : 589.8"
"17,42 : 344.94"
"17,43 : 338.65"
"17,44 : 668.69"
"17,45 : 286.78"
"17,46 : 142.36"
"17,47 : 608.84"
"17,48 : 85.59"
"17,49 : 481.27"
"18,0 : 276.28"
"18,1 : 173.51"
"18,2 : 297.95"
"18,3 : 753.88"
"18,4 : 787.58"
"18,5 : 629.27"
"18,6 : 187.88"
"18,7 : 644.17"
"18,8 : 553.34"
"18,9 : 633.19"
"18,10 : 640.7"
"18,11 : 612.71"
"18,12 : 627.06"
"18,13 : 747.38"
"18,14 : 294.69"
"18,15 : 364.01"
"18,16 : 352.26"
"18,17 : 86.45"
"18,18 : 0.0"
"18,19 : 616.64"
"18,20 : 21.02"
"18,21 : 603.84"
"18,22 : 102.86"
"18,23 : 761.16"
"18,24 : 576.38"
"18,25 : 607.1"
"18,26 : 479.94"
"18,27 : 318.87"
"18,28 : 639.17"
"18,29 : 682.68"
"18,30 : 663.23"
"18,31 : 740.35"
"18,32 : 541.63"
"18,33 : 698.02"
"18,34 : 625.82"
"18,35 : 545.0"
"18,36 : 353.9"
"18,37 : 170.32"
"18,38 : 157.31"
"18,39 : 260.74"
"18,40 : 33.14"
"18,41 : 533.05"
"18,42 : 264.09"
"18,43 : 326.46"
"18,44 : 675.08"
"18,45 : 271.83"
"18,46 : 64.78"
"18,47 : 568.66"
"18,48 : 124.1"
"18,49 : 544.06"
"19,0 : 840.1"
"19,1 : 494.04"
"19,2 : 898.56"
"19,3 : 137.88"
"19,4 : 621.12"
"19,5 : 993.23"
"19,6 : 643.36"
"19,7 : 477.66"
"19,8 : 500.06"
"19,9 : 816.36"
"19,10 : 231.89"
"19,11 : 520.03"
"19,12 : 122.38"
"19,13 : 244.71"
"19,14 : 470.92"
"19,15 : 273.03"
"19,16 : 453.85"
"19,17 : 549.74"
"19,18 : 616.64"
"19,19 : 0.0"
"19,20 : 612.16"
"19,21 : 538.08"
"19,22 : 685.6"
"19,23 : 473.63"
"19,24 : 111.32"
"19,25 : 140.06"
"19,26 : 141.0"
"19,27 : 621.02"
"19,28 : 694.68"
"19,29 : 66.41"
"19,30 : 787.58"
"19,31 : 620.86"
"19,32 : 171.13"
"19,33 : 284.48"
"19,34 : 142.87"
"19,35 : 266.2"
"19,36 : 269.27"
"19,37 : 506.12"
"19,38 : 581.38"
"19,39 : 753.4"
"19,40 : 649.55"
"19,41 : 821.65"
"19,42 : 781.21"
"19,43 : 500.01"
"19,44 : 501.52"
"19,45 : 508.87"
"19,46 : 681.33"
"19,47 : 740.62"
"19,48 : 608.02"
"19,49 : 80.8"
"20,0 : 294.0"
"20,1 : 183.62"
"20,2 : 295.15"
"20,3 : 749.74"
"20,4 : 768.74"
"20,5 : 610.97"
"20,6 : 208.37"
"20,7 : 626.5"
"20,8 : 534.61"
"20,9 : 612.25"
"20,10 : 643.92"
"20,11 : 594.0"
"20,12 : 618.63"
"20,13 : 736.84"
"20,14 : 276.52"
"20,15 : 355.36"
"20,16 : 364.25"
"20,17 : 96.75"
"20,18 : 21.02"
"20,19 : 612.16"
"20,20 : 0.0"
"20,21 : 584.76"
"20,22 : 91.4"
"20,23 : 744.78"
"20,24 : 568.41"
"20,25 : 598.05"
"20,26 : 476.88"
"20,27 : 297.85"
"20,28 : 618.44"
"20,29 : 678.39"
"20,30 : 642.21"
"20,31 : 721.08"
"20,32 : 542.78"
"20,33 : 685.49"
"20,34 : 626.13"
"20,35 : 532.08"
"20,36 : 352.31"
"20,37 : 181.73"
"20,38 : 136.46"
"20,39 : 243.83"
"20,40 : 44.94"
"20,41 : 512.69"
"20,42 : 249.06"
"20,43 : 307.18"
"20,44 : 657.21"
"20,45 : 252.51"
"20,46 : 73.55"
"20,47 : 547.64"
"20,48 : 143.68"
"20,49 : 538.37"
"21,0 : 877.63"
"21,1 : 632.08"
"21,2 : 738.23"
"21,3 : 624.8"
"21,4 : 184.72"
"21,5 : 554.66"
"21,6 : 760.58"
"21,7 : 94.41"
"21,8 : 54.59"
"21,9 : 313.58"
"21,10 : 744.79"
"21,11 : 25.55"
"21,12 : 432.15"
"21,13 : 426.44"
"21,14 : 311.13"
"21,15 : 398.97"
"21,16 : 744.83"
"21,17 : 608.47"
"21,18 : 603.84"
"21,19 : 538.08"
"21,20 : 584.76"
"21,21 : 0.0"
"21,22 : 588.09"
"21,23 : 227.04"
"21,24 : 426.79"
"21,25 : 406.15"
"21,26 : 520.0"
"21,27 : 336.48"
"21,28 : 164.26"
"21,29 : 577.6"
"21,30 : 265.05"
"21,31 : 137.24"
"21,32 : 639.31"
"21,33 : 331.36"
"21,34 : 665.34"
"21,35 : 271.9"
"21,36 : 522.66"
"21,37 : 642.96"
"21,38 : 456.27"
"21,39 : 522.22"
"21,40 : 627.54"
"21,41 : 381.91"
"21,42 : 557.35"
"21,43 : 277.68"
"21,44 : 104.74"
"21,45 : 332.34"
"21,46 : 648.09"
"21,47 : 255.26"
"21,48 : 693.8"
"21,49 : 477.25"
"22,0 : 302.05"
"22,1 : 274.87"
"22,2 : 213.18"
"22,3 : 823.47"
"22,4 : 772.61"
"22,5 : 536.03"
"22,6 : 276.12"
"22,7 : 641.96"
"22,8 : 542.09"
"22,9 : 568.18"
"22,10 : 731.42"
"22,11 : 600.89"
"22,12 : 680.54"
"22,13 : 790.28"
"22,14 : 296.71"
"22,15 : 419.55"
"22,16 : 454.85"
"22,17 : 187.77"
"22,18 : 102.86"
"22,19 : 685.6"
"22,20 : 91.4"
"22,21 : 588.09"
"22,22 : 0.0"
"22,23 : 768.44"
"22,24 : 632.18"
"22,25 : 658.0"
"22,26 : 554.39"
"22,27 : 269.45"
"22,28 : 596.97"
"22,29 : 752.0"
"22,30 : 606.57"
"22,31 : 720.84"
"22,32 : 627.7"
"22,33 : 730.85"
"22,34 : 709.52"
"22,35 : 577.06"
"22,36 : 433.68"
"22,37 : 272.53"
"22,38 : 136.31"
"22,39 : 165.01"
"22,40 : 89.94"
"22,41 : 456.03"
"22,42 : 163.37"
"22,43 : 315.27"
"22,44 : 670.78"
"22,45 : 263.23"
"22,46 : 83.95"
"22,47 : 510.88"
"22,48 : 219.86"
"22,49 : 609.09"
"23,0 : 1036.8"
"23,1 : 743.01"
"23,2 : 940.94"
"23,3 : 512.64"
"23,4 : 167.94"
"23,5 : 778.06"
"23,6 : 889.32"
"23,7 : 138.18"
"23,8 : 247.03"
"23,9 : 525.95"
"23,10 : 704.3"
"23,11 : 202.79"
"23,12 : 351.33"
"23,13 : 274.1"
"23,14 : 472.5"
"23,15 : 461.9"
"23,16 : 810.75"
"23,17 : 743.66"
"23,18 : 761.16"
"23,19 : 473.63"
"23,20 : 744.78"
"23,21 : 227.04"
"23,22 : 768.44"
"23,23 : 0.0"
"23,24 : 374.32"
"23,25 : 335.49"
"23,26 : 517.13"
"23,27 : 543.49"
"23,28 : 366.68"
"23,29 : 488.26"
"23,30 : 466.23"
"23,31 : 198.07"
"23,32 : 620.46"
"23,33 : 194.0"
"23,34 : 616.02"
"23,35 : 260.05"
"23,36 : 572.83"
"23,37 : 755.45"
"23,38 : 632.16"
"23,39 : 730.5"
"23,40 : 789.59"
"23,41 : 607.84"
"23,42 : 765.84"
"23,43 : 455.11"
"23,44 : 122.53"
"23,45 : 505.36"
"23,46 : 814.92"
"23,47 : 477.42"
"23,48 : 827.9"
"23,49 : 443.05"
"24,0 : 821.95"
"24,1 : 480.71"
"24,2 : 842.18"
"24,3 : 218.55"
"24,4 : 514.48"
"24,5 : 894.79"
"24,6 : 635.27"
"24,7 : 367.4"
"24,8 : 389.42"
"24,9 : 708.74"
"24,10 : 332.42"
"24,11 : 408.72"
"24,12 : 52.39"
"24,13 : 191.54"
"24,14 : 386.99"
"24,15 : 213.35"
"24,16 : 482.54"
"24,17 : 520.86"
"24,18 : 576.38"
"24,19 : 111.32"
"24,20 : 568.41"
"24,21 : 426.79"
"24,22 : 632.18"
"24,23 : 374.32"
"24,24 : 0.0"
"24,25 : 44.55"
"24,26 : 157.72"
"24,27 : 532.42"
"24,28 : 584.06"
"24,29 : 157.29"
"24,30 : 677.9"
"24,31 : 511.43"
"24,32 : 247.0"
"24,33 : 196.66"
"24,34 : 246.2"
"24,35 : 154.98"
"24,36 : 260.35"
"24,37 : 493.56"
"24,38 : 515.54"
"24,39 : 679.47"
"24,40 : 609.47"
"24,41 : 720.88"
"24,42 : 709.62"
"24,43 : 409.89"
"24,44 : 392.18"
"24,45 : 426.9"
"24,46 : 640.75"
"24,47 : 633.99"
"24,48 : 590.06"
"24,49 : 71.02"
"25,0 : 857.76"
"25,1 : 518.96"
"25,2 : 865.91"
"25,3 : 222.75"
"25,4 : 481.07"
"25,5 : 894.03"
"25,6 : 673.83"
"25,7 : 339.89"
"25,8 : 373.02"
"25,9 : 697.82"
"25,10 : 368.9"
"25,11 : 386.43"
"25,12 : 28.28"
"25,13 : 149.56"
"25,14 : 400.36"
"25,15 : 243.13"
"25,16 : 526.42"
"25,17 : 555.23"
"25,18 : 607.1"
"25,19 : 140.06"
"25,20 : 598.05"
"25,21 : 406.15"
"25,22 : 658.0"
"25,23 : 335.49"
"25,24 : 44.55"
"25,25 : 0.0"
"25,26 : 202.25"
"25,27 : 541.09"
"25,28 : 566.79"
"25,29 : 171.47"
"25,30 : 663.06"
"25,31 : 481.81"
"25,32 : 288.92"
"25,33 : 153.18"
"25,34 : 281.01"
"25,35 : 139.23"
"25,36 : 301.52"
"25,37 : 531.88"
"25,38 : 537.04"
"25,39 : 695.93"
"25,40 : 640.05"
"25,41 : 718.44"
"25,42 : 727.1"
"25,43 : 418.74"
"25,44 : 362.56"
"25,45 : 440.93"
"25,46 : 671.0"
"25,47 : 624.86"
"25,48 : 626.71"
"25,49 : 115.0"
"26,0 : 699.1"
"26,1 : 353.04"
"26,2 : 767.49"
"26,3 : 275.22"
"26,4 : 640.54"
"26,5 : 909.16"
"26,6 : 502.91"
"26,7 : 482.03"
"26,8 : 472.77"
"26,9 : 761.79"
"26,10 : 233.06"
"26,11 : 507.43"
"26,12 : 204.61"
"26,13 : 346.3"
"26,14 : 374.01"
"26,15 : 165.21"
"26,16 : 327.23"
"26,17 : 410.18"
"26,18 : 479.94"
"26,19 : 141.0"
"26,20 : 476.88"
"26,21 : 520.0"
"26,22 : 554.39"
"26,23 : 517.13"
"26,24 : 157.72"
"26,25 : 202.25"
"26,26 : 0.0"
"26,27 : 525.45"
"26,28 : 661.01"
"26,29 : 204.98"
"26,30 : 744.44"
"26,31 : 626.94"
"26,32 : 120.51"
"26,33 : 352.02"
"26,34 : 172.0"
"26,35 : 265.84"
"26,36 : 128.66"
"26,37 : 365.14"
"26,38 : 460.49"
"26,39 : 637.03"
"26,40 : 512.56"
"26,41 : 745.18"
"26,42 : 662.27"
"26,43 : 411.18"
"26,44 : 511.28"
"26,45 : 407.54"
"26,46 : 544.31"
"26,47 : 683.41"
"26,48 : 467.04"
"26,49 : 90.43"
"27,0 : 571.02"
"27,1 : 422.21"
"27,2 : 401.81"
"27,3 : 749.27"
"27,4 : 516.83"
"27,5 : 386.94"
"27,6 : 502.93"
"27,7 : 407.3"
"27,8 : 299.29"
"27,9 : 317.51"
"27,10 : 749.53"
"27,11 : 353.9"
"27,12 : 568.53"
"27,13 : 640.18"
"27,14 : 151.74"
"27,15 : 360.3"
"27,16 : 588.5"
"27,17 : 360.91"
"27,18 : 318.87"
"27,19 : 621.02"
"27,20 : 297.85"
"27,21 : 336.48"
"27,22 : 269.45"
"27,23 : 543.49"
"27,24 : 532.42"
"27,25 : 541.09"
"27,26 : 525.45"
"27,27 : 0.0"
"27,28 : 327.52"
"27,29 : 682.44"
"27,30 : 344.36"
"27,31 : 461.53"
"27,32 : 633.9"
"27,33 : 560.29"
"27,34 : 697.45"
"27,35 : 420.24"
"27,36 : 446.83"
"27,37 : 428.27"
"27,38 : 163.27"
"27,39 : 187.26"
"27,40 : 332.21"
"27,41 : 240.03"
"27,42 : 222.61"
"27,43 : 122.59"
"27,44 : 431.46"
"27,45 : 119.2"
"27,46 : 343.8"
"27,47 : 250.01"
"27,48 : 435.22"
"27,49 : 540.65"
"28,0 : 898.42"
"28,1 : 707.34"
"28,2 : 704.78"
"28,3 : 787.3"
"28,4 : 251.05"
"28,5 : 419.11"
"28,6 : 815.16"
"28,7 : 252.44"
"28,8 : 194.64"
"28,9 : 159.68"
"28,10 : 891.36"
"28,11 : 187.88"
"28,12 : 593.47"
"28,13 : 589.99"
"28,14 : 374.81"
"28,15 : 521.0"
"28,16 : 845.05"
"28,17 : 665.13"
"28,18 : 639.17"
"28,19 : 694.68"
"28,20 : 618.44"
"28,21 : 164.26"
"28,22 : 596.97"
"28,23 : 366.68"
"28,24 : 584.06"
"28,25 : 566.79"
"28,26 : 661.01"
"28,27 : 327.52"
"28,28 : 0.0"
"28,29 : 737.75"
"28,30 : 101.83"
"28,31 : 192.03"
"28,32 : 781.51"
"28,33 : 494.86"
"28,34 : 815.89"
"28,35 : 429.54"
"28,36 : 641.8"
"28,37 : 716.42"
"28,38 : 482.08"
"28,39 : 489.27"
"28,40 : 656.23"
"28,41 : 263.0"
"28,42 : 521.54"
"28,43 : 329.8"
"28,44 : 250.23"
"28,45 : 378.82"
"28,46 : 670.15"
"28,47 : 127.25"
"28,48 : 746.69"
"28,49 : 628.97"
"29,0 : 903.04"
"29,1 : 557.2"
"29,2 : 964.96"
"29,3 : 71.47"
"29,4 : 644.02"
"29,5 : 1050.58"
"29,6 : 704.82"
"29,7 : 509.81"
"29,8 : 543.53"
"29,9 : 865.55"
"29,10 : 239.38"
"29,11 : 557.87"
"29,12 : 146.29"
"29,13 : 234.36"
"29,14 : 533.4"
"29,15 : 338.55"
"29,16 : 506.05"
"29,17 : 614.9"
"29,18 : 682.68"
"29,19 : 66.41"
"29,20 : 678.39"
"29,21 : 577.6"
"29,22 : 752.0"
"29,23 : 488.26"
"29,24 : 157.29"
"29,25 : 171.47"
"29,26 : 204.98"
"29,27 : 682.44"
"29,28 : 737.75"
"29,29 : 0.0"
"29,30 : 833.16"
"29,31 : 649.55"
"29,32 : 209.82"
"29,33 : 294.49"
"29,34 : 153.91"
"29,35 : 308.59"
"29,36 : 333.64"
"29,37 : 569.09"
"29,38 : 647.16"
"29,39 : 818.38"
"29,40 : 715.55"
"29,41 : 877.44"
"29,42 : 846.54"
"29,43 : 560.67"
"29,44 : 530.89"
"29,45 : 571.94"
"29,46 : 747.33"
"29,47 : 791.13"
"29,48 : 671.5"
"29,49 : 145.41"
"30,0 : 907.78"
"30,1 : 752.83"
"30,2 : 684.21"
"30,3 : 884.74"
"30,4 : 338.07"
"30,5 : 334.63"
"30,6 : 846.41"
"30,7 : 354.26"
"30,8 : 290.13"
"30,9 : 71.03"
"30,10 : 976.71"
"30,11 : 289.18"
"30,12 : 690.2"
"30,13 : 691.36"
"30,14 : 427.3"
"30,15 : 596.24"
"30,16 : 902.73"
"30,17 : 700.93"
"30,18 : 663.23"
"30,19 : 787.58"
"30,20 : 642.21"
"30,21 : 265.05"
"30,22 : 606.57"
"30,23 : 466.23"
"30,24 : 677.9"
"30,25 : 663.06"
"30,26 : 744.44"
"30,27 : 344.36"
"30,28 : 101.83"
"30,29 : 833.16"
"30,30 : 0.0"
"30,31 : 282.26"
"30,32 : 864.68"
"30,33 : 596.24"
"30,34 : 904.2"
"30,35 : 524.59"
"30,36 : 713.18"
"30,37 : 760.68"
"30,38 : 507.07"
"30,39 : 477.3"
"30,40 : 675.83"
"30,41 : 203.18"
"30,42 : 506.0"
"30,43 : 380.3"
"30,44 : 351.59"
"30,45 : 422.15"
"30,46 : 685.33"
"30,47 : 95.69"
"30,48 : 778.31"
"30,49 : 719.03"
"31,0 : 1013.26"
"31,1 : 767.82"
"31,2 : 860.33"
"31,3 : 685.77"
"31,4 : 60.03"
"31,5 : 610.79"
"31,6 : 897.73"
"31,7 : 145.42"
"31,8 : 190.54"
"31,9 : 348.57"
"31,10 : 841.21"
"31,11 : 133.99"
"31,12 : 504.17"
"31,13 : 459.65"
"31,14 : 448.31"
"31,15 : 523.12"
"31,16 : 874.11"
"31,17 : 745.67"
"31,18 : 740.35"
"31,19 : 620.86"
"31,20 : 721.08"
"31,21 : 137.24"
"31,22 : 720.84"
"31,23 : 198.07"
"31,24 : 511.43"
"31,25 : 481.81"
"31,26 : 626.94"
"31,27 : 461.53"
"31,28 : 192.03"
"31,29 : 649.55"
"31,30 : 282.26"
"31,31 : 0.0"
"31,32 : 742.7"
"31,33 : 368.92"
"31,34 : 757.08"
"31,35 : 363.86"
"31,36 : 645.98"
"31,37 : 778.89"
"31,38 : 591.01"
"31,39 : 642.72"
"31,40 : 763.49"
"31,41 : 453.2"
"31,42 : 677.2"
"31,43 : 413.92"
"31,44 : 119.34"
"31,45 : 468.58"
"31,46 : 783.3"
"31,47 : 317.07"
"31,48 : 831.02"
"31,49 : 571.25"
"32,0 : 725.93"
"32,1 : 389.08"
"32,2 : 837.87"
"32,3 : 264.46"
"32,4 : 753.02"
"32,5 : 1020.08"
"32,6 : 523.05"
"32,7 : 597.33"
"32,8 : 592.79"
"32,9 : 880.93"
"32,10 : 115.88"
"32,11 : 626.0"
"32,12 : 280.92"
"32,13 : 414.21"
"32,14 : 484.23"
"32,15 : 277.84"
"32,16 : 302.5"
"32,17 : 462.2"
"32,18 : 541.63"
"32,19 : 171.13"
"32,20 : 542.78"
"32,21 : 639.31"
"32,22 : 627.7"
"32,23 : 620.46"
"32,24 : 247.0"
"32,25 : 288.92"
"32,26 : 120.51"
"32,27 : 633.9"
"32,28 : 781.51"
"32,29 : 209.82"
"32,30 : 864.68"
"32,31 : 742.7"
"32,32 : 0.0"
"32,33 : 441.87"
"32,34 : 86.88"
"32,35 : 379.18"
"32,36 : 197.57"
"32,37 : 399.17"
"32,38 : 550.94"
"32,39 : 729.15"
"32,40 : 572.45"
"32,41 : 859.57"
"32,42 : 751.4"
"32,43 : 524.15"
"32,44 : 625.53"
"32,45 : 514.8"
"32,46 : 603.41"
"32,47 : 802.36"
"32,48 : 501.82"
"32,49 : 177.41"
"33,0 : 963.43"
"33,1 : 638.21"
"33,2 : 927.39"
"33,3 : 320.09"
"33,4 : 354.58"
"33,5 : 870.05"
"33,6 : 792.1"
"33,7 : 244.38"
"33,8 : 317.35"
"33,9 : 643.52"
"33,10 : 516.37"
"33,11 : 307.07"
"33,12 : 162.93"
"33,13 : 95.13"
"33,14 : 443.82"
"33,15 : 348.77"
"33,16 : 669.35"
"33,17 : 659.97"
"33,18 : 698.02"
"33,19 : 284.48"
"33,20 : 685.49"
"33,21 : 331.36"
"33,22 : 730.85"
"33,23 : 194.0"
"33,24 : 196.66"
"33,25 : 153.18"
"33,26 : 352.02"
"33,27 : 560.29"
"33,28 : 494.86"
"33,29 : 294.49"
"33,30 : 596.24"
"33,31 : 368.92"
"33,32 : 441.87"
"33,33 : 0.0"
"33,34 : 427.33"
"33,35 : 153.94"
"33,36 : 435.8"
"33,37 : 651.19"
"33,38 : 599.1"
"33,39 : 735.73"
"33,40 : 729.75"
"33,41 : 692.85"
"33,42 : 769.62"
"33,43 : 446.18"
"33,44 : 256.3"
"33,45 : 483.58"
"33,46 : 758.92"
"33,47 : 579.24"
"33,48 : 738.35"
"33,49 : 267.68"
"34,0 : 812.67"
"34,1 : 475.68"
"34,2 : 920.84"
"34,3 : 193.0"
"34,4 : 760.58"
"34,5 : 1080.86"
"34,6 : 609.68"
"34,7 : 612.4"
"34,8 : 622.93"
"34,9 : 926.25"
"34,10 : 89.2"
"34,11 : 649.33"
"34,12 : 265.11"
"34,13 : 382.01"
"34,14 : 546.0"
"34,15 : 337.2"
"34,16 : 384.51"
"34,17 : 547.62"
"34,18 : 625.82"
"34,19 : 142.87"
"34,20 : 626.13"
"34,21 : 665.34"
"34,22 : 709.52"
"34,23 : 616.02"
"34,24 : 246.2"
"34,25 : 281.01"
"34,26 : 172.0"
"34,27 : 697.45"
"34,28 : 815.89"
"34,29 : 153.91"
"34,30 : 904.2"
"34,31 : 757.08"
"34,32 : 86.88"
"34,33 : 427.33"
"34,34 : 0.0"
"34,35 : 395.64"
"34,36 : 276.27"
"34,37 : 485.89"
"34,38 : 626.36"
"34,39 : 804.16"
"34,40 : 657.04"
"34,41 : 915.68"
"34,42 : 827.88"
"34,43 : 582.71"
"34,44 : 638.0"
"34,45 : 579.42"
"34,46 : 688.21"
"34,47 : 848.54"
"34,48 : 588.63"
"34,49 : 188.1"
"35,0 : 812.8"
"35,1 : 495.87"
"35,2 : 775.25"
"35,3 : 361.96"
"35,4 : 374.77"
"35,5 : 758.88"
"35,6 : 647.57"
"35,7 : 218.45"
"35,8 : 235.05"
"35,9 : 558.59"
"35,10 : 478.04"
"35,11 : 254.38"
"35,12 : 167.05"
"35,13 : 221.21"
"35,14 : 293.32"
"35,15 : 207.2"
"35,16 : 550.99"
"35,17 : 510.48"
"35,18 : 545.0"
"35,19 : 266.2"
"35,20 : 532.08"
"35,21 : 271.9"
"35,22 : 577.06"
"35,23 : 260.05"
"35,24 : 154.98"
"35,25 : 139.23"
"35,26 : 265.84"
"35,27 : 420.24"
"35,28 : 429.54"
"35,29 : 308.59"
"35,30 : 524.59"
"35,31 : 363.86"
"35,32 : 379.18"
"35,33 : 153.94"
"35,34 : 395.64"
"35,35 : 0.0"
"35,36 : 312.97"
"35,37 : 508.7"
"35,38 : 446.04"
"35,39 : 588.54"
"35,40 : 576.49"
"35,41 : 582.36"
"35,42 : 621.7"
"35,43 : 301.08"
"35,44 : 246.36"
"35,45 : 333.73"
"35,46 : 605.41"
"35,47 : 485.8"
"35,48 : 590.95"
"35,49 : 208.15"
"36,0 : 571.55"
"36,1 : 225.72"
"36,2 : 645.78"
"36,3 : 403.76"
"36,4 : 670.7"
"36,5 : 833.61"
"36,6 : 377.99"
"36,7 : 507.49"
"36,8 : 469.98"
"36,9 : 718.78"
"36,10 : 309.13"
"36,11 : 515.98"
"36,12 : 312.27"
"36,13 : 451.05"
"36,14 : 302.95"
"36,15 : 123.69"
"36,16 : 238.03"
"36,17 : 281.84"
"36,18 : 353.9"
"36,19 : 269.27"
"36,20 : 352.31"
"36,21 : 522.66"
"36,22 : 433.68"
"36,23 : 572.83"
"36,24 : 260.35"
"36,25 : 301.52"
"36,26 : 128.66"
"36,27 : 446.83"
"36,28 : 641.8"
"36,29 : 333.64"
"36,30 : 713.18"
"36,31 : 645.98"
"36,32 : 197.57"
"36,33 : 435.8"
"36,34 : 276.27"
"36,35 : 312.97"
"36,36 : 0.0"
"36,37 : 238.11"
"36,38 : 353.55"
"36,39 : 531.75"
"36,40 : 386.12"
"36,41 : 680.41"
"36,42 : 553.83"
"36,43 : 347.14"
"36,44 : 539.48"
"36,45 : 328.16"
"36,46 : 417.77"
"36,47 : 640.09"
"36,48 : 339.07"
"36,49 : 207.15"
"37,0 : 334.01"
"37,1 : 13.0"
"37,2 : 461.52"
"37,3 : 637.8"
"37,4 : 817.16"
"37,5 : 780.12"
"37,6 : 141.99"
"37,7 : 659.57"
"37,8 : 588.7"
"37,9 : 743.58"
"37,10 : 487.07"
"37,11 : 645.2"
"37,12 : 545.95"
"37,13 : 680.54"
"37,14 : 342.3"
"37,15 : 302.88"
"37,16 : 182.53"
"37,17 : 85.0"
"37,18 : 170.32"
"37,19 : 506.12"
"37,20 : 181.73"
"37,21 : 642.96"
"37,22 : 272.53"
"37,23 : 755.45"
"37,24 : 493.56"
"37,25 : 531.88"
"37,26 : 365.14"
"37,27 : 428.27"
"37,28 : 716.42"
"37,29 : 569.09"
"37,30 : 760.68"
"37,31 : 778.89"
"37,32 : 399.17"
"37,33 : 651.19"
"37,34 : 485.89"
"37,35 : 508.7"
"37,36 : 238.11"
"37,37 : 0.0"
"37,38 : 273.31"
"37,39 : 421.3"
"37,40 : 193.26"
"37,41 : 663.03"
"37,42 : 429.7"
"37,43 : 386.63"
"37,44 : 692.25"
"37,45 : 339.33"
"37,46 : 220.05"
"37,47 : 671.19"
"37,48 : 103.25"
"37,49 : 444.93"
"38,0 : 422.69"
"38,1 : 269.16"
"38,2 : 330.19"
"38,3 : 718.0"
"38,4 : 640.97"
"38,5 : 510.3"
"38,6 : 339.67"
"38,7 : 506.5"
"38,8 : 408.51"
"38,9 : 480.25"
"38,10 : 662.24"
"38,11 : 467.69"
"38,12 : 561.26"
"38,13 : 662.91"
"38,14 : 160.56"
"38,15 : 308.71"
"38,16 : 445.15"
"38,17 : 199.83"
"38,18 : 157.31"
"38,19 : 581.38"
"38,20 : 136.46"
"38,21 : 456.27"
"38,22 : 136.31"
"38,23 : 632.16"
"38,24 : 515.54"
"38,25 : 537.04"
"38,26 : 460.49"
"38,27 : 163.27"
"38,28 : 482.08"
"38,29 : 647.16"
"38,30 : 507.07"
"38,31 : 591.01"
"38,32 : 550.94"
"38,33 : 599.1"
"38,34 : 626.36"
"38,35 : 446.04"
"38,36 : 353.55"
"38,37 : 273.31"
"38,38 : 0.0"
"38,39 : 178.21"
"38,40 : 174.9"
"38,41 : 390.46"
"38,42 : 201.82"
"38,43 : 180.29"
"38,44 : 535.76"
"38,45 : 127.24"
"38,46 : 192.44"
"38,47 : 413.18"
"38,48 : 271.97"
"38,49 : 501.91"
"39,0 : 443.23"
"39,1 : 420.8"
"39,2 : 217.71"
"39,3 : 888.44"
"39,4 : 699.65"
"39,5 : 371.02"
"39,6 : 441.04"
"39,7 : 594.55"
"39,8 : 486.48"
"39,9 : 428.55"
"39,10 : 840.28"
"39,11 : 540.49"
"39,12 : 721.8"
"39,13 : 809.65"
"39,14 : 296.74"
"39,15 : 480.6"
"39,16 : 602.41"
"39,17 : 337.47"
"39,18 : 260.74"
"39,19 : 753.4"
"39,20 : 243.83"
"39,21 : 522.22"
"39,22 : 165.01"
"39,23 : 730.5"
"39,24 : 679.47"
"39,25 : 695.93"
"39,26 : 637.03"
"39,27 : 187.26"
"39,28 : 489.27"
"39,29 : 818.38"
"39,30 : 477.3"
"39,31 : 642.72"
"39,32 : 729.15"
"39,33 : 735.73"
"39,34 : 804.16"
"39,35 : 588.54"
"39,36 : 531.75"
"39,37 : 421.3"
"39,38 : 178.21"
"39,39 : 0.0"
"39,40 : 254.24"
"39,41 : 303.92"
"39,42 : 35.36"
"39,43 : 289.64"
"39,44 : 618.6"
"39,45 : 255.93"
"39,46 : 247.81"
"39,47 : 383.63"
"39,48 : 382.99"
"39,49 : 673.03"
"40,0 : 250.28"
"40,1 : 198.01"
"40,2 : 269.71"
"40,3 : 786.71"
"40,4 : 811.8"
"40,5 : 625.04"
"40,6 : 187.07"
"40,7 : 670.74"
"40,8 : 577.88"
"40,9 : 642.75"
"40,10 : 670.13"
"40,11 : 637.28"
"40,12 : 660.11"
"40,13 : 779.97"
"40,14 : 320.55"
"40,15 : 397.0"
"40,16 : 372.92"
"40,17 : 112.8"
"40,18 : 33.14"
"40,19 : 649.55"
"40,20 : 44.94"
"40,21 : 627.54"
"40,22 : 89.94"
"40,23 : 789.59"
"40,24 : 609.47"
"40,25 : 640.05"
"40,26 : 512.56"
"40,27 : 332.21"
"40,28 : 656.23"
"40,29 : 715.55"
"40,30 : 675.83"
"40,31 : 763.49"
"40,32 : 572.45"
"40,33 : 729.75"
"40,34 : 657.04"
"40,35 : 576.49"
"40,36 : 386.12"
"40,37 : 193.26"
"40,38 : 174.9"
"40,39 : 254.24"
"40,40 : 0.0"
"40,41 : 537.49"
"40,42 : 253.21"
"40,43 : 349.86"
"40,44 : 701.31"
"40,45 : 295.22"
"40,46 : 31.78"
"40,47 : 580.65"
"40,48 : 130.05"
"40,49 : 577.15"
"41,0 : 746.88"
"41,1 : 658.03"
"41,2 : 494.28"
"41,3 : 938.72"
"41,4 : 512.94"
"41,5 : 177.41"
"41,6 : 720.92"
"41,7 : 475.57"
"41,8 : 378.13"
"41,9 : 138.06"
"41,10 : 975.38"
"41,11 : 407.08"
"41,12 : 746.73"
"41,13 : 784.34"
"41,14 : 377.72"
"41,15 : 581.83"
"41,16 : 827.87"
"41,17 : 589.8"
"41,18 : 533.05"
"41,19 : 821.65"
"41,20 : 512.69"
"41,21 : 381.91"
"41,22 : 456.03"
"41,23 : 607.84"
"41,24 : 720.88"
"41,25 : 718.44"
"41,26 : 745.18"
"41,27 : 240.03"
"41,28 : 263.0"
"41,29 : 877.44"
"41,30 : 203.18"
"41,31 : 453.2"
"41,32 : 859.57"
"41,33 : 692.85"
"41,34 : 915.68"
"41,35 : 582.36"
"41,36 : 680.41"
"41,37 : 663.03"
"41,38 : 390.46"
"41,39 : 303.92"
"41,40 : 537.49"
"41,41 : 0.0"
"41,42 : 326.44"
"41,43 : 335.6"
"41,44 : 485.41"
"41,45 : 353.84"
"41,46 : 539.5"
"41,47 : 136.18"
"41,48 : 655.95"
"41,49 : 744.34"
"42,0 : 424.5"
"42,1 : 430.25"
"42,2 : 183.81"
"42,3 : 916.92"
"42,4 : 734.33"
"42,5 : 378.02"
"42,6 : 437.92"
"42,7 : 629.9"
"42,8 : 521.82"
"42,9 : 454.84"
"42,10 : 861.3"
"42,11 : 575.73"
"42,12 : 752.7"
"42,13 : 842.67"
"42,14 : 329.12"
"42,15 : 508.18"
"42,16 : 611.93"
"42,17 : 344.94"
"42,18 : 264.09"
"42,19 : 781.21"
"42,20 : 249.06"
"42,21 : 557.35"
"42,22 : 163.37"
"42,23 : 765.84"
"42,24 : 709.62"
"42,25 : 727.1"
"42,26 : 662.27"
"42,27 : 222.61"
"42,28 : 521.54"
"42,29 : 846.54"
"42,30 : 506.0"
"42,31 : 677.2"
"42,32 : 751.4"
"42,33 : 769.62"
"42,34 : 827.88"
"42,35 : 621.7"
"42,36 : 553.83"
"42,37 : 429.7"
"42,38 : 201.82"
"42,39 : 35.36"
"42,40 : 253.21"
"42,41 : 326.44"
"42,42 : 0.0"
"42,43 : 323.79"
"42,44 : 653.92"
"42,45 : 288.38"
"42,46 : 242.46"
"42,47 : 413.3"
"42,48 : 383.21"
"42,49 : 701.13"
"43,0 : 600.0"
"43,1 : 377.58"
"43,2 : 489.26"
"43,3 : 627.04"
"43,4 : 462.02"
"43,5 : 498.19"
"43,6 : 490.47"
"43,7 : 326.7"
"43,8 : 228.56"
"43,9 : 375.59"
"43,10 : 640.01"
"43,11 : 287.89"
"43,12 : 446.08"
"43,13 : 522.12"
"43,14 : 47.1"
"43,15 : 246.71"
"43,16 : 522.46"
"43,17 : 338.65"
"43,18 : 326.46"
"43,19 : 500.01"
"43,20 : 307.18"
"43,21 : 277.68"
"43,22 : 315.27"
"43,23 : 455.11"
"43,24 : 409.89"
"43,25 : 418.74"
"43,26 : 411.18"
"43,27 : 122.59"
"43,28 : 329.8"
"43,29 : 560.67"
"43,30 : 380.3"
"43,31 : 413.92"
"43,32 : 524.15"
"43,33 : 446.18"
"43,34 : 582.71"
"43,35 : 301.08"
"43,36 : 347.14"
"43,37 : 386.63"
"43,38 : 180.29"
"43,39 : 289.64"
"43,40 : 349.86"
"43,41 : 335.6"
"43,42 : 323.79"
"43,43 : 0.0"
"43,44 : 355.6"
"43,45 : 54.67"
"43,46 : 370.83"
"43,47 : 298.03"
"43,48 : 422.45"
"43,49 : 420.03"
"44,0 : 951.19"
"44,1 : 680.49"
"44,2 : 832.38"
"44,3 : 568.99"
"44,4 : 131.31"
"44,5 : 656.4"
"44,6 : 818.8"
"44,7 : 32.8"
"44,8 : 132.22"
"44,9 : 407.74"
"44,10 : 722.54"
"44,11 : 81.22"
"44,12 : 385.19"
"44,13 : 349.86"
"44,14 : 380.76"
"44,15 : 418.84"
"44,16 : 772.49"
"44,17 : 668.69"
"44,18 : 675.08"
"44,19 : 501.52"
"44,20 : 657.21"
"44,21 : 104.74"
"44,22 : 670.78"
"44,23 : 122.53"
"44,24 : 392.18"
"44,25 : 362.56"
"44,26 : 511.28"
"44,27 : 431.46"
"44,28 : 250.23"
"44,29 : 530.89"
"44,30 : 351.59"
"44,31 : 119.34"
"44,32 : 625.53"
"44,33 : 256.3"
"44,34 : 638.0"
"44,35 : 246.36"
"44,36 : 539.48"
"44,37 : 692.25"
"44,38 : 535.76"
"44,39 : 618.6"
"44,40 : 701.31"
"44,41 : 485.41"
"44,42 : 653.92"
"44,43 : 355.6"
"44,44 : 0.0"
"44,45 : 408.79"
"44,46 : 724.37"
"44,47 : 355.88"
"44,48 : 754.18"
"44,49 : 452.75"
"45,0 : 545.41"
"45,1 : 331.04"
"45,2 : 445.16"
"45,3 : 640.4"
"45,4 : 516.6"
"45,5 : 506.07"
"45,6 : 437.96"
"45,7 : 379.33"
"45,8 : 282.91"
"45,9 : 410.54"
"45,10 : 630.38"
"45,11 : 342.29"
"45,12 : 467.27"
"45,13 : 554.43"
"45,14 : 40.8"
"45,15 : 242.84"
"45,16 : 484.33"
"45,17 : 286.78"
"45,18 : 271.83"
"45,19 : 508.87"
"45,20 : 252.51"
"45,21 : 332.34"
"45,22 : 263.23"
"45,23 : 505.36"
"45,24 : 426.9"
"45,25 : 440.93"
"45,26 : 407.54"
"45,27 : 119.2"
"45,28 : 378.82"
"45,29 : 571.94"
"45,30 : 422.15"
"45,31 : 468.58"
"45,32 : 514.8"
"45,33 : 483.58"
"45,34 : 579.42"
"45,35 : 333.73"
"45,36 : 328.16"
"45,37 : 339.33"
"45,38 : 127.24"
"45,39 : 255.93"
"45,40 : 295.22"
"45,41 : 353.84"
"45,42 : 288.38"
"45,43 : 54.67"
"45,44 : 408.79"
"45,45 : 0.0"
"45,46 : 316.47"
"45,47 : 335.16"
"45,48 : 369.71"
"45,49 : 428.09"
"46,0 : 230.29"
"46,1 : 225.73"
"46,2 : 241.5"
"46,3 : 818.49"
"46,4 : 832.69"
"46,5 : 618.47"
"46,6 : 195.73"
"46,7 : 694.18"
"46,8 : 599.35"
"46,9 : 649.37"
"46,10 : 700.23"
"46,11 : 658.71"
"46,12 : 691.26"
"46,13 : 810.3"
"46,14 : 344.0"
"46,15 : 428.06"
"46,16 : 397.15"
"46,17 : 142.36"
"46,18 : 64.78"
"46,19 : 681.33"
"46,20 : 73.55"
"46,21 : 648.09"
"46,22 : 83.95"
"46,23 : 814.92"
"46,24 : 640.75"
"46,25 : 671.0"
"46,26 : 544.31"
"46,27 : 343.8"
"46,28 : 670.15"
"46,29 : 747.33"
"46,30 : 685.33"
"46,31 : 783.3"
"46,32 : 603.41"
"46,33 : 758.92"
"46,34 : 688.21"
"46,35 : 605.41"
"46,36 : 417.77"
"46,37 : 220.05"
"46,38 : 192.44"
"46,39 : 247.81"
"46,40 : 31.78"
"46,41 : 539.5"
"46,42 : 242.46"
"46,43 : 370.83"
"46,44 : 724.37"
"46,45 : 316.47"
"46,46 : 0.0"
"46,47 : 589.78"
"46,48 : 146.41"
"46,49 : 608.84"
"47,0 : 812.12"
"47,1 : 663.85"
"47,2 : 593.56"
"47,3 : 847.57"
"47,4 : 376.77"
"47,5 : 300.64"
"47,6 : 752.81"
"47,7 : 349.67"
"47,8 : 262.09"
"47,9 : 78.85"
"47,10 : 916.46"
"47,11 : 280.81"
"47,12 : 652.82"
"47,13 : 673.09"
"47,14 : 345.0"
"47,15 : 528.01"
"47,16 : 818.92"
"47,17 : 608.84"
"47,18 : 568.66"
"47,19 : 740.62"
"47,20 : 547.64"
"47,21 : 255.26"
"47,22 : 510.88"
"47,23 : 477.42"
"47,24 : 633.99"
"47,25 : 624.86"
"47,26 : 683.41"
"47,27 : 250.01"
"47,28 : 127.25"
"47,29 : 791.13"
"47,30 : 95.69"
"47,31 : 317.07"
"47,32 : 802.36"
"47,33 : 579.24"
"47,34 : 848.54"
"47,35 : 485.8"
"47,36 : 640.09"
"47,37 : 671.19"
"47,38 : 413.18"
"47,39 : 383.63"
"47,40 : 580.65"
"47,41 : 136.18"
"47,42 : 413.3"
"47,43 : 298.03"
"47,44 : 355.88"
"47,45 : 335.16"
"47,46 : 589.78"
"47,47 : 0.0"
"47,48 : 684.94"
"47,49 : 667.69"
"48,0 : 232.7"
"48,1 : 114.53"
"48,2 : 379.67"
"48,3 : 740.56"
"48,4 : 873.99"
"48,5 : 752.81"
"48,6 : 68.48"
"48,7 : 722.05"
"48,8 : 640.9"
"48,9 : 752.08"
"48,10 : 586.69"
"48,11 : 699.39"
"48,12 : 642.38"
"48,13 : 773.97"
"48,14 : 383.47"
"48,15 : 390.24"
"48,16 : 258.21"
