x,y
555,78
757,890
194,217
856,900
573,215
426,436
949,668
705,111
114,25
985,722
122,838
758,511
753,890
478,213
822,117
418,388
492,94
73,432
620,986
529,420
182,511
895,73
266,217
12,394
704,218
189,363
303,5
921,832
371,376
80,872
400,919
528,973
715,685
933,969
17,178
553,926
155,908
508,545
941,150
336,996
98,700
952,961
710,807
186,932
858,909
824,877
332,817
616,881
719,3
601,568

Distanze
"0,0 : 0.0"
"0,1 : 799.04"
"0,2 : 821.72"
"0,3 : 216.82"
"0,4 : 684.46"
"0,5 : 546.64"
"0,6 : 273.38"
"0,7 : 394.61"
"0,8 : 417.71"
"0,9 : 724.62"
"0,10 : 113.23"
"0,11 : 405.72"
"0,12 : 254.08"
"0,13 : 217.34"
"0,14 : 403.3"
"0,15 : 87.73"
"0,16 : 425.78"
"0,17 : 536.81"
"0,18 : 540.39"
"0,19 : 678.31"
"0,20 : 714.24"
"0,21 : 427.29"
"0,22 : 202.23"
"0,23 : 586.12"
"0,24 : 251.53"
"0,25 : 346.44"
"0,26 : 294.45"
"0,27 : 279.56"
"0,28 : 485.31"
"0,29 : 333.74"
"0,30 : 379.89"
"0,31 : 802.89"
"0,32 : 769.09"
"0,33 : 730.9"
"0,34 : 693.02"
"0,35 : 492.04"
"0,36 : 470.24"
"0,37 : 91.79"
"0,38 : 581.84"
"0,39 : 493.04"
"0,40 : 248.39"
"0,41 : 448.37"
"0,42 : 753.9"
"0,43 : 373.76"
"0,44 : 739.64"
"0,45 : 490.61"
"0,46 : 215.24"
"0,47 : 225.02"
"0,48 : 676.24"
"0,49 : 592.37"
"1,0 : 799.04"
"1,1 : 0.0"
"1,2 : 108.0"
"1,3 : 1013.7"
"1,4 : 637.4"
"1,5 : 631.29"
"1,6 : 536.46"
"1,7 : 840.31"
"1,8 : 498.7"
"1,9 : 561.86"
"1,10 : 686.66"
"1,11 : 423.21"
"1,12 : 1038.51"
"1,13 : 714.2"
"1,14 : 1154.09"
"1,15 : 801.49"
"1,16 : 1022.63"
"1,17 : 448.7"
"1,18 : 379.93"
"1,19 : 205.29"
"1,20 : 547.24"
"1,21 : 1204.0"
"1,22 : 704.69"
"1,23 : 847.25"
"1,24 : 713.36"
"1,25 : 457.1"
"1,26 : 696.12"
"1,27 : 714.92"
"1,28 : 496.98"
"1,29 : 1100.54"
"1,30 : 917.26"
"1,31 : 972.7"
"1,32 : 159.78"
"1,33 : 394.09"
"1,34 : 106.15"
"1,35 : 1022.86"
"1,36 : 804.73"
"1,37 : 779.8"
"1,38 : 959.05"
"1,39 : 929.66"
"1,40 : 982.93"
"1,41 : 620.12"
"1,42 : 64.03"
"1,43 : 698.02"
"1,44 : 104.94"
"1,45 : 800.82"
"1,46 : 739.15"
"1,47 : 973.69"
"1,48 : 902.37"
"1,49 : 261.46"
"2,0 : 821.72"
"2,1 : 108.0"
"2,2 : 0.0"
"2,3 : 1038.46"
"2,4 : 562.97"
"2,5 : 576.82"
"2,6 : 574.0"
"2,7 : 908.1"
"2,8 : 476.09"
"2,9 : 479.9"
"2,10 : 712.37"
"2,11 : 424.3"
"2,12 : 1069.25"
"2,13 : 763.85"
"2,14 : 1153.34"
"2,15 : 812.6"
"2,16 : 1000.57"
"2,17 : 403.19"
"2,18 : 462.01"
"2,19 : 160.18"
"2,20 : 466.41"
"2,21 : 1209.57"
"2,22 : 702.92"
"2,23 : 793.23"
"2,24 : 767.47"
"2,25 : 493.83"
"2,26 : 755.44"
"2,27 : 772.57"
"2,28 : 458.67"
"2,29 : 1105.09"
"2,30 : 893.56"
"2,31 : 900.39"
"2,32 : 76.66"
"2,33 : 308.76"
"2,34 : 165.19"
"2,35 : 991.69"
"2,36 : 764.04"
"2,37 : 790.67"
"2,38 : 911.75"
"2,39 : 891.81"
"2,40 : 984.24"
"2,41 : 697.42"
"2,42 : 163.23"
"2,43 : 766.83"
"2,44 : 83.24"
"2,45 : 757.28"
"2,46 : 733.67"
"2,47 : 978.03"
"2,48 : 840.22"
"2,49 : 341.01"
"3,0 : 216.82"
"3,1 : 1013.7"
"3,2 : 1038.46"
"3,3 : 0.0"
"3,4 : 859.85"
"3,5 : 720.94"
"3,6 : 481.09"
"3,7 : 446.61"
"3,8 : 622.9"
"3,9 : 912.78"
"3,10 : 327.28"
"3,11 : 621.59"
"3,12 : 65.74"
"3,13 : 358.34"
"3,14 : 288.4"
"3,15 : 248.49"
"3,16 : 441.98"
"3,17 : 741.08"
"3,18 : 730.94"
"3,19 : 894.75"
"3,20 : 904.13"
"3,21 : 269.54"
"3,22 : 385.15"
"3,23 : 707.09"
"3,24 : 383.11"
"3,25 : 558.01"
"3,26 : 425.17"
"3,27 : 403.93"
"3,28 : 685.68"
"3,29 : 215.19"
"3,30 : 449.02"
"3,31 : 913.87"
"3,32 : 985.76"
"3,33 : 937.27"
"3,34 : 907.56"
"3,35 : 527.06"
"3,36 : 596.61"
"3,37 : 268.17"
"3,38 : 663.92"
"3,39 : 573.25"
"3,40 : 223.88"
"3,41 : 588.32"
"3,42 : 966.73"
"3,43 : 492.15"
"3,44 : 956.28"
"3,45 : 619.33"
"3,46 : 379.44"
"3,47 : 197.47"
"3,48 : 790.32"
"3,49 : 797.02"
"4,0 : 684.46"
"4,1 : 637.4"
"4,2 : 562.97"
"4,3 : 859.85"
"4,4 : 0.0"
"4,5 : 139.09"
"4,6 : 612.54"
"4,7 : 993.29"
"4,8 : 314.21"
"4,9 : 97.51"
"4,10 : 629.41"
"4,11 : 418.1"
"4,12 : 916.92"
"4,13 : 785.15"
"4,14 : 825.79"
"4,15 : 618.0"
"4,16 : 592.99"
"4,17 : 239.42"
"4,18 : 751.17"
"4,19 : 434.88"
"4,20 : 104.69"
"4,21 : 905.83"
"4,22 : 483.5"
"4,23 : 275.6"
"4,24 : 811.12"
"4,25 : 575.43"
"4,26 : 830.17"
"4,27 : 833.55"
"4,28 : 244.35"
"4,29 : 810.54"
"4,30 : 497.47"
"4,31 : 337.43"
"4,32 : 487.9"
"4,33 : 258.85"
"4,34 : 588.32"
"4,35 : 543.95"
"4,36 : 314.72"
"4,37 : 602.14"
"4,38 : 406.4"
"4,39 : 428.88"
"4,40 : 694.5"
"4,41 : 885.44"
"4,42 : 650.56"
"4,43 : 889.77"
"4,44 : 532.65"
"4,45 : 295.38"
"4,46 : 481.38"
"4,47 : 705.06"
"4,48 : 291.57"
"4,49 : 676.74"
"5,0 : 546.64"
"5,1 : 631.29"
"5,2 : 576.82"
"5,3 : 720.94"
"5,4 : 139.09"
"5,5 : 0.0"
"5,6 : 497.61"
"5,7 : 868.13"
"5,8 : 207.71"
"5,9 : 203.49"
"5,10 : 496.82"
"5,11 : 324.45"
"5,12 : 777.83"
"5,13 : 658.28"
"5,14 : 698.96"
"5,15 : 479.01"
"5,16 : 479.43"
"5,17 : 185.08"
"5,18 : 672.04"
"5,19 : 427.06"
"5,20 : 199.81"
"5,21 : 776.5"
"5,22 : 345.06"
"5,23 : 216.69"
"5,24 : 686.03"
"5,25 : 472.37"
"5,26 : 708.37"
"5,27 : 709.85"
"5,28 : 154.85"
"5,29 : 678.77"
"5,30 : 377.41"
"5,31 : 366.82"
"5,32 : 500.3"
"5,33 : 307.85"
"5,34 : 562.1"
"5,35 : 443.71"
"5,36 : 205.53"
"5,37 : 463.35"
"5,38 : 336.79"
"5,39 : 332.27"
"5,40 : 560.42"
"5,41 : 778.46"
"5,42 : 630.61"
"5,43 : 772.46"
"5,44 : 528.03"
"5,45 : 191.93"
"5,46 : 342.29"
"5,47 : 569.53"
"5,48 : 274.71"
"5,49 : 615.62"
"6,0 : 273.38"
"6,1 : 536.46"
"6,2 : 574.0"
"6,3 : 481.09"
"6,4 : 612.54"
"6,5 : 497.61"
"6,6 : 0.0"
"6,7 : 390.49"
"6,8 : 298.36"
"6,9 : 615.44"
"6,10 : 161.45"
"6,11 : 212.58"
"6,12 : 502.35"
"6,13 : 200.32"
"6,14 : 665.35"
"6,15 : 303.46"
"6,16 : 617.5"
"6,17 : 396.16"
"6,18 : 277.51"
"6,19 : 449.22"
"6,20 : 601.15"
"6,21 : 698.21"
"6,22 : 274.77"
"6,23 : 632.65"
"6,24 : 215.15"
"6,25 : 80.26"
"6,26 : 223.14"
"6,27 : 231.37"
"6,28 : 370.03"
"6,29 : 600.55"
"6,30 : 534.44"
"6,31 : 838.76"
"6,32 : 532.95"
"6,33 : 560.97"
"6,34 : 430.64"
"6,35 : 657.19"
"6,36 : 530.45"
"6,37 : 285.05"
"6,38 : 682.99"
"6,39 : 611.07"
"6,40 : 498.0"
"6,41 : 284.76"
"6,42 : 486.74"
"6,43 : 277.28"
"6,44 : 490.76"
"6,45 : 542.56"
"6,46 : 315.38"
"6,47 : 480.71"
"6,48 : 720.77"
"6,49 : 318.99"
"7,0 : 394.61"
"7,1 : 840.31"
"7,2 : 908.1"
"7,3 : 446.61"
"7,4 : 993.29"
"7,5 : 868.13"
"7,6 : 390.49"
"7,7 : 0.0"
"7,8 : 682.43"
"7,9 : 1004.0"
"7,10 : 382.24"
"7,11 : 602.88"
"7,12 : 413.03"
"7,13 : 210.49"
"7,14 : 730.58"
"7,15 : 481.34"
"7,16 : 816.35"
"7,17 : 786.06"
"7,18 : 467.68"
"7,19 : 813.48"
"7,20 : 990.09"
"7,21 : 715.6"
"7,22 : 560.66"
"7,23 : 959.42"
"7,24 : 182.26"
"7,25 : 452.77"
"7,26 : 167.53"
"7,27 : 160.35"
"7,28 : 755.79"
"7,29 : 655.59"
"7,30 : 774.31"
"7,31 : 1175.81"
"7,32 : 885.37"
"7,33 : 948.87"
"7,34 : 745.56"
"7,35 : 886.08"
"7,36 : 845.45"
"7,37 : 480.25"
"7,38 : 971.67"
"7,39 : 884.77"
"7,40 : 616.32"
"7,41 : 233.82"
"7,42 : 778.89"
"7,43 : 142.3"
"7,44 : 828.69"
"7,45 : 863.33"
"7,46 : 588.63"
"7,47 : 588.4"
"7,48 : 1050.63"
"7,49 : 579.72"
"8,0 : 417.71"
"8,1 : 498.7"
"8,2 : 476.09"
"8,3 : 622.9"
"8,4 : 314.21"
"8,5 : 207.71"
"8,6 : 298.36"
"8,7 : 682.43"
"8,8 : 0.0"
"8,9 : 323.4"
"8,10 : 337.04"
"8,11 : 118.96"
"8,12 : 669.43"
"8,13 : 477.31"
"8,14 : 685.25"
"8,15 : 375.99"
"8,16 : 525.71"
"8,17 : 119.1"
"8,18 : 467.94"
"8,19 : 316.1"
"8,20 : 310.39"
"8,21 : 748.54"
"8,22 : 245.28"
"8,23 : 387.64"
"8,24 : 501.05"
"8,25 : 265.38"
"8,26 : 517.53"
"8,27 : 522.14"
"8,28 : 73.76"
"8,29 : 644.18"
"8,30 : 419.39"
"8,31 : 569.55"
"8,32 : 406.67"
"8,33 : 314.41"
"8,34 : 409.31"
"8,35 : 524.48"
"8,36 : 317.08"
"8,37 : 355.32"
"8,38 : 478.01"
"8,39 : 435.76"
"8,40 : 520.97"
"8,41 : 573.68"
"8,42 : 480.69"
"8,43 : 575.63"
"8,44 : 406.77"
"8,45 : 318.42"
"8,46 : 267.73"
"8,47 : 519.48"
"8,48 : 464.7"
"8,49 : 423.73"
"9,0 : 724.62"
"9,1 : 561.86"
"9,2 : 479.9"
"9,3 : 912.78"
"9,4 : 97.51"
"9,5 : 203.49"
"9,6 : 615.44"
"9,7 : 1004.0"
"9,8 : 323.4"
"9,9 : 0.0"
"9,10 : 656.66"
"9,11 : 408.09"
"9,12 : 966.65"
"9,13 : 800.5"
"9,14 : 902.42"
"9,15 : 666.11"
"9,16 : 678.24"
"9,17 : 220.64"
"9,18 : 718.26"
"9,19 : 365.64"
"9,20 : 16.28"
"9,21 : 979.92"
"9,22 : 529.13"
"9,23 : 371.66"
"9,24 : 823.49"
"9,25 : 567.17"
"9,26 : 837.75"
"9,27 : 843.68"
"9,28 : 249.66"
"9,29 : 881.74"
"9,30 : 578.83"
"9,31 : 425.73"
"9,32 : 406.98"
"9,33 : 171.29"
"9,34 : 524.17"
"9,35 : 634.34"
"9,36 : 400.14"
"9,37 : 648.35"
"9,38 : 502.36"
"9,39 : 519.73"
"9,40 : 762.49"
"9,41 : 875.19"
"9,42 : 581.7"
"9,43 : 890.97"
"9,44 : 458.54"
"9,45 : 382.59"
"9,46 : 533.83"
"9,47 : 770.42"
"9,48 : 388.58"
"9,49 : 632.16"
"10,0 : 113.23"
"10,1 : 686.66"
"10,2 : 712.37"
"10,3 : 327.28"
"10,4 : 629.41"
"10,5 : 496.82"
"10,6 : 161.45"
"10,7 : 382.24"
"10,8 : 337.04"
"10,9 : 656.66"
"10,10 : 0.0"
"10,11 : 303.99"
"10,12 : 357.44"
"10,13 : 174.69"
"10,14 : 506.04"
"10,15 : 149.12"
"10,16 : 486.05"
"10,17 : 454.13"
"10,18 : 434.07"
"10,19 : 572.79"
"10,20 : 644.72"
"10,21 : 536.82"
"10,22 : 179.63"
"10,23 : 577.59"
"10,24 : 208.01"
"10,25 : 233.21"
"10,26 : 243.21"
"10,27 : 235.93"
"10,28 : 409.15"
"10,29 : 439.84"
"10,30 : 418.44"
"10,31 : 793.66"
"10,32 : 662.33"
"10,33 : 642.66"
"10,34 : 580.56"
"10,35 : 539.08"
"10,36 : 464.41"
"10,37 : 134.37"
"10,38 : 598.5"
"10,39 : 515.88"
"10,40 : 341.62"
"10,41 : 375.37"
"10,42 : 640.87"
"10,43 : 321.21"
"10,44 : 629.81"
"10,45 : 481.7"
"10,46 : 211.46"
"10,47 : 322.37"
"10,48 : 668.77"
"10,49 : 480.14"
"11,0 : 405.72"
"11,1 : 423.21"
"11,2 : 424.3"
"11,3 : 621.59"
"11,4 : 418.1"
"11,5 : 324.45"
"11,6 : 212.58"
"11,7 : 602.88"
"11,8 : 118.96"
"11,9 : 408.09"
"11,10 : 303.99"
"11,11 : 0.0"
"11,12 : 658.76"
"11,13 : 409.12"
"11,14 : 732.25"
"11,15 : 388.74"
"11,16 : 606.45"
"11,17 : 187.46"
"11,18 : 349.01"
"11,19 : 273.8"
"11,20 : 393.15"
"11,21 : 785.83"
"11,22 : 281.8"
"11,23 : 505.03"
"11,24 : 426.97"
"11,25 : 159.24"
"11,26 : 435.38"
"11,27 : 443.93"
"11,28 : 175.39"
"11,29 : 681.54"
"11,30 : 504.15"
"11,31 : 688.29"
"11,32 : 365.76"
"11,33 : 350.0"
"11,34 : 323.69"
"11,35 : 617.74"
"11,36 : 427.38"
"11,37 : 366.82"
"11,38 : 589.16"
"11,39 : 539.02"
"11,40 : 561.81"
"11,41 : 468.74"
"11,42 : 393.68"
"11,43 : 483.87"
"11,44 : 345.58"
"11,45 : 431.26"
"11,46 : 315.96"
"11,47 : 554.4"
"11,48 : 583.42"
"11,49 : 309.29"
"12,0 : 254.08"
"12,1 : 1038.51"
"12,2 : 1069.25"
"12,3 : 65.74"
"12,4 : 916.92"
"12,5 : 777.83"
"12,6 : 502.35"
"12,7 : 413.03"
"12,8 : 669.43"
"12,9 : 966.65"
"12,10 : 357.44"
"12,11 : 658.76"
"12,12 : 0.0"
"12,13 : 356.6"
"12,14 : 339.67"
"12,15 : 300.54"
"12,16 : 507.01"
"12,17 : 788.32"
"12,18 : 737.89"
"12,19 : 929.89"
"12,20 : 957.44"
"12,21 : 307.54"
"12,22 : 437.56"
"12,23 : 771.06"
"12,24 : 376.62"
"12,25 : 581.42"
"12,26 : 416.0"
"12,27 : 393.86"
"12,28 : 734.64"
"12,29 : 269.58"
"12,30 : 514.57"
"12,31 : 978.83"
"12,32 : 1019.73"
"12,33 : 983.55"
"12,34 : 932.5"
"12,35 : 592.43"
"12,36 : 659.76"
"12,37 : 318.61"
"12,38 : 729.55"
"12,39 : 638.8"
"12,40 : 289.32"
"12,41 : 576.51"
"12,42 : 988.96"
"12,43 : 476.09"
"12,44 : 986.44"
"12,45 : 682.36"
"12,46 : 435.56"
"12,47 : 263.13"
"12,48 : 854.93"
"12,49 : 812.27"
"13,0 : 217.34"
"13,1 : 714.2"
"13,2 : 763.85"
"13,3 : 358.34"
"13,4 : 785.15"
"13,5 : 658.28"
"13,6 : 200.32"
"13,7 : 210.49"
"13,8 : 477.31"
"13,9 : 800.5"
"13,10 : 174.69"
"13,11 : 409.12"
"13,12 : 356.6"
"13,13 : 0.0"
"13,14 : 607.19"
"13,15 : 295.47"
"13,16 : 640.48"
"13,17 : 585.8"
"13,18 : 383.74"
"13,19 : 647.34"
"13,20 : 787.14"
"13,21 : 615.51"
"13,22 : 354.32"
"13,23 : 751.88"
"13,24 : 34.89"
"13,25 : 275.54"
"13,26 : 77.13"
"13,27 : 63.53"
"13,28 : 551.04"
"13,29 : 533.73"
"13,30 : 584.3"
"13,31 : 967.5"
"13,32 : 728.39"
"13,33 : 759.07"
"13,34 : 611.06"
"13,35 : 701.79"
"13,36 : 639.05"
"13,37 : 289.0"
"13,38 : 771.81"
"13,39 : 687.6"
"13,40 : 463.32"
"13,41 : 236.21"
"13,42 : 658.52"
"13,43 : 156.54"
"13,44 : 681.13"
"13,45 : 656.15"
"13,46 : 385.25"
"13,47 : 438.22"
"13,48 : 843.01"
"13,49 : 469.16"
"14,0 : 403.3"
"14,1 : 1154.09"
"14,2 : 1153.34"
"14,3 : 288.4"
"14,4 : 825.79"
"14,5 : 698.96"
"14,6 : 665.35"
"14,7 : 730.58"
"14,8 : 685.25"
"14,9 : 902.42"
"14,10 : 506.04"
"14,11 : 732.25"
"14,12 : 339.67"
"14,13 : 607.19"
"14,14 : 0.0"
"14,15 : 363.03"
"14,16 : 257.38"
"14,17 : 788.14"
"14,18 : 940.1"
"14,19 : 996.16"
"14,20 : 898.54"
"14,21 : 87.0"
"14,22 : 450.8"
"14,23 : 598.94"
"14,24 : 638.0"
"14,25 : 728.24"
"14,26 : 682.01"
"14,27 : 663.17"
"14,28 : 726.72"
"14,29 : 75.13"
"14,30 : 331.09"
"14,31 : 770.0"
"14,32 : 1088.45"
"14,33 : 977.49"
"14,34 : 1051.42"
"14,35 : 340.33"
"14,36 : 515.27"
"14,37 : 383.02"
"14,38 : 509.19"
"14,39 : 432.9"
"14,40 : 171.54"
"14,41 : 843.37"
"14,42 : 1118.54"
"14,43 : 756.72"
"14,44 : 1077.0"
"14,45 : 536.97"
"14,46 : 419.98"
"14,47 : 184.95"
"14,48 : 662.0"
"14,49 : 979.31"
"15,0 : 87.73"
"15,1 : 801.49"
"15,2 : 812.6"
"15,3 : 248.49"
"15,4 : 618.0"
"15,5 : 479.01"
"15,6 : 303.46"
"15,7 : 481.34"
"15,8 : 375.99"
"15,9 : 666.11"
"15,10 : 149.12"
"15,11 : 388.74"
"15,12 : 300.54"
"15,13 : 295.47"
"15,14 : 363.03"
"15,15 : 0.0"
"15,16 : 345.27"
"15,17 : 493.4"
"15,18 : 580.19"
"15,19 : 661.82"
"15,20 : 656.97"
"15,21 : 403.55"
"15,22 : 137.12"
"15,23 : 501.82"
"15,24 : 330.3"
"15,25 : 365.32"
"15,26 : 371.58"
"15,27 : 358.85"
"15,28 : 437.34"
"15,29 : 301.78"
"15,30 : 293.03"
"15,31 : 717.95"
"15,32 : 754.17"
"15,33 : 689.87"
"15,34 : 696.8"
"15,35 : 407.34"
"15,36 : 386.09"
"15,37 : 21.93"
"15,38 : 494.17"
"15,39 : 405.31"
"15,40 : 194.54"
"15,41 : 517.82"
"15,42 : 761.73"
"15,43 : 451.43"
"15,44 : 732.61"
"15,45 : 407.06"
"15,46 : 138.05"
"15,47 : 178.08"
"15,48 : 591.31"
"15,49 : 616.35"
"16,0 : 425.78"
"16,1 : 1022.63"
"16,2 : 1000.57"
"16,3 : 441.98"
"16,4 : 592.99"
"16,5 : 479.43"
"16,6 : 617.5"
"16,7 : 816.35"
"16,8 : 525.71"
"16,9 : 678.24"
"16,10 : 486.05"
"16,11 : 606.45"
"16,12 : 507.01"
"16,13 : 640.48"
"16,14 : 257.38"
"16,15 : 345.27"
"16,16 : 0.0"
"16,17 : 606.29"
"16,18 : 890.0"
"16,19 : 840.41"
"16,20 : 677.02"
"16,21 : 344.28"
"16,22 : 347.24"
"16,23 : 346.3"
"16,24 : 675.23"
"16,25 : 657.51"
"16,26 : 716.82"
"16,27 : 703.69"
"16,28 : 546.23"
"16,29 : 276.59"
"16,30 : 107.38"
"16,31 : 513.14"
"16,32 : 928.94"
"16,33 : 779.22"
"16,34 : 928.14"
"16,35 : 87.92"
"16,36 : 278.54"
"16,37 : 354.23"
"16,38 : 252.0"
"16,39 : 177.54"
"16,40 : 218.65"
"16,41 : 860.85"
"16,42 : 998.97"
"16,43 : 796.66"
"16,44 : 932.47"
"16,45 : 297.66"
"16,46 : 306.37"
"16,47 : 246.34"
"16,48 : 404.98"
"16,49 : 897.33"
"17,0 : 536.81"
"17,1 : 448.7"
"17,2 : 403.19"
"17,3 : 741.08"
"17,4 : 239.42"
"17,5 : 185.08"
"17,6 : 396.16"
"17,7 : 786.06"
"17,8 : 119.1"
"17,9 : 220.64"
"17,10 : 454.13"
"17,11 : 187.46"
"17,12 : 788.32"
"17,13 : 585.8"
"17,14 : 788.14"
"17,15 : 493.4"
"17,16 : 606.29"
"17,17 : 0.0"
"17,18 : 511.75"
"17,19 : 247.11"
"17,20 : 205.77"
"17,21 : 855.62"
"17,22 : 360.03"
"17,23 : 399.06"
"17,24 : 606.98"
"17,25 : 346.6"
"17,26 : 619.12"
"17,27 : 626.02"
"17,28 : 61.52"
"17,29 : 752.05"
"17,30 : 498.97"
"17,31 : 545.19"
"17,32 : 328.18"
"17,33 : 196.57"
"17,34 : 377.02"
"17,35 : 590.43"
"17,36 : 360.86"
"17,37 : 473.08"
"17,38 : 511.12"
"17,39 : 488.7"
"17,40 : 628.68"
"17,41 : 655.28"
"17,42 : 445.7"
"17,43 : 670.65"
"17,44 : 347.07"
"17,45 : 354.59"
"17,46 : 378.01"
"17,47 : 629.6"
"17,48 : 459.62"
"17,49 : 440.96"
"18,0 : 540.39"
"18,1 : 379.93"
"18,2 : 462.01"
"18,3 : 730.94"
"18,4 : 751.17"
"18,5 : 672.04"
"18,6 : 277.51"
"18,7 : 467.68"
"18,8 : 467.94"
"18,9 : 718.26"
"18,10 : 434.07"
"18,11 : 349.01"
"18,12 : 737.89"
"18,13 : 383.74"
"18,14 : 940.1"
"18,15 : 580.19"
"18,16 : 890.0"
"18,17 : 511.75"
"18,18 : 0.0"
"18,19 : 411.99"
"18,20 : 702.07"
"18,21 : 967.6"
"18,22 : 543.13"
"18,23 : 851.16"
"18,24 : 371.26"
"18,25 : 234.34"
"18,26 : 342.64"
"18,27 : 364.16"
"18,28 : 518.95"
"18,29 : 873.12"
"18,30 : 800.96"
"18,31 : 1037.18"
"18,32 : 458.85"
"18,33 : 600.42"
"18,34 : 297.2"
"18,35 : 922.65"
"18,36 : 764.48"
"18,37 : 562.27"
"18,38 : 924.72"
"18,39 : 863.11"
"18,40 : 774.57"
"18,41 : 240.85"
"18,42 : 316.55"
"18,43 : 326.47"
"18,44 : 391.37"
"18,45 : 771.62"
"18,46 : 584.17"
"18,47 : 756.26"
"18,48 : 931.71"
"18,49 : 121.0"
"19,0 : 678.31"
"19,1 : 205.29"
"19,2 : 160.18"
"19,3 : 894.75"
"19,4 : 434.88"
"19,5 : 427.06"
"19,6 : 449.22"
"19,7 : 813.48"
"19,8 : 316.1"
"19,9 : 365.64"
"19,10 : 572.79"
"19,11 : 273.8"
"19,12 : 929.89"
"19,13 : 647.34"
"19,14 : 996.16"
"19,15 : 661.82"
"19,16 : 840.41"
"19,17 : 247.11"
"19,18 : 411.99"
"19,19 : 0.0"
"19,20 : 350.2"
"19,21 : 1054.5"
"19,22 : 546.88"
"19,23 : 643.53"
"19,24 : 656.44"
"19,25 : 371.81"
"19,26 : 651.68"
"19,27 : 666.1"
"19,28 : 300.1"
"19,29 : 949.87"
"19,30 : 733.43"
"19,31 : 768.4"
"19,32 : 92.63"
"19,33 : 208.49"
"19,34 : 160.03"
"19,35 : 832.49"
"19,36 : 607.19"
"19,37 : 639.93"
"19,38 : 758.12"
"19,39 : 734.19"
"19,40 : 828.13"
"19,41 : 624.54"
"19,42 : 216.41"
"19,43 : 677.01"
"19,44 : 101.04"
"19,45 : 601.57"
"19,46 : 576.18"
"19,47 : 823.12"
"19,48 : 697.16"
"19,49 : 301.12"
"20,0 : 714.24"
"20,1 : 547.24"
"20,2 : 466.41"
"20,3 : 904.13"
"20,4 : 104.69"
"20,5 : 199.81"
"20,6 : 601.15"
"20,7 : 990.09"
"20,8 : 310.39"
"20,9 : 16.28"
"20,10 : 644.72"
"20,11 : 393.15"
"20,12 : 957.44"
"20,13 : 787.14"
"20,14 : 898.54"
"20,15 : 656.97"
"20,16 : 677.02"
"20,17 : 205.77"
"20,18 : 702.07"
"20,19 : 350.2"
"20,20 : 0.0"
"20,21 : 975.38"
"20,22 : 519.88"
"20,23 : 375.78"
"20,24 : 809.83"
"20,25 : 552.11"
"20,26 : 823.66"
"20,27 : 829.81"
"20,28 : 236.75"
"20,29 : 876.6"
"20,30 : 576.59"
"20,31 : 437.22"
"20,32 : 393.03"
"20,33 : 158.32"
"20,34 : 508.49"
"20,35 : 635.02"
"20,36 : 399.53"
"20,37 : 638.95"
"20,38 : 506.21"
"20,39 : 520.76"
"20,40 : 756.77"
"20,41 : 859.82"
"20,42 : 566.39"
"20,43 : 876.34"
"20,44 : 443.68"
"20,45 : 382.62"
"20,46 : 525.65"
"20,47 : 764.16"
"20,48 : 396.23"
"20,49 : 615.89"
"21,0 : 427.29"
"21,1 : 1204.0"
"21,2 : 1209.57"
"21,3 : 269.54"
"21,4 : 905.83"
"21,5 : 776.5"
"21,6 : 698.21"
"21,7 : 715.6"
"21,8 : 748.54"
"21,9 : 979.92"
"21,10 : 536.82"
"21,11 : 785.83"
"21,12 : 307.54"
"21,13 : 615.51"
"21,14 : 87.0"
"21,15 : 403.55"
"21,16 : 344.28"
"21,17 : 855.62"
"21,18 : 967.6"
"21,19 : 1054.5"
"21,20 : 975.38"
"21,21 : 0.0"
"21,22 : 507.71"
"21,23 : 684.42"
"21,24 : 643.77"
"21,25 : 766.25"
"21,26 : 687.15"
"21,27 : 666.9"
"21,28 : 794.6"
"21,29 : 104.65"
"21,30 : 414.52"
"21,31 : 857.0"
"21,32 : 1147.1"
"21,33 : 1047.73"
"21,34 : 1099.82"
"21,35 : 427.26"
"21,36 : 597.88"
"21,37 : 424.91"
"21,38 : 596.16"
"21,39 : 519.25"
"21,40 : 227.56"
"21,41 : 850.41"
"21,42 : 1165.21"
"21,43 : 757.93"
"21,44 : 1131.4"
"21,45 : 619.92"
"21,46 : 480.92"
"21,47 : 231.54"
"21,48 : 748.66"
"21,49 : 1016.15"
"22,0 : 202.23"
"22,1 : 704.69"
"22,2 : 702.92"
"22,3 : 385.15"
"22,4 : 483.5"
"22,5 : 345.06"
"22,6 : 274.77"
"22,7 : 560.66"
"22,8 : 245.28"
"22,9 : 529.13"
"22,10 : 179.63"
"22,11 : 281.8"
"22,12 : 437.56"
"22,13 : 354.32"
"22,14 : 450.8"
"22,15 : 137.12"
"22,16 : 347.24"
"22,17 : 360.03"
"22,18 : 543.13"
"22,19 : 546.88"
"22,20 : 519.88"
"22,21 : 507.71"
"22,22 : 0.0"
"22,23 : 398.81"
"22,24 : 387.52"
"22,25 : 310.27"
"22,26 : 421.39"
"22,27 : 415.25"
"22,28 : 302.32"
"22,29 : 403.06"
"22,30 : 259.75"
"22,31 : 615.53"
"22,32 : 639.45"
"22,33 : 556.52"
"22,34 : 603.53"
"22,35 : 382.46"
"22,36 : 284.95"
"22,37 : 119.34"
"22,38 : 421.34"
"22,39 : 342.18"
"22,40 : 281.37"
"22,41 : 540.69"
"22,42 : 672.16"
"22,43 : 497.83"
"22,44 : 626.2"
"22,45 : 302.68"
"22,46 : 41.05"
"22,47 : 276.63"
"22,48 : 490.03"
"22,49 : 552.85"
"23,0 : 586.12"
"23,1 : 847.25"
"23,2 : 793.23"
"23,3 : 707.09"
"23,4 : 275.6"
"23,5 : 216.69"
"23,6 : 632.65"
"23,7 : 959.42"
"23,8 : 387.64"
"23,9 : 371.66"
"23,10 : 577.59"
"23,11 : 505.03"
"23,12 : 771.06"
"23,13 : 751.88"
"23,14 : 598.94"
"23,15 : 501.82"
"23,16 : 346.3"
"23,17 : 399.06"
"23,18 : 851.16"
"23,19 : 643.53"
"23,20 : 375.78"
"23,21 : 684.42"
"23,22 : 398.81"
"23,23 : 0.0"
"23,24 : 784.29"
"23,25 : 630.17"
"23,26 : 815.52"
"23,27 : 811.38"
"23,28 : 357.92"
"23,29 : 601.69"
"23,30 : 273.36"
"23,31 : 217.2"
"23,32 : 716.63"
"23,33 : 513.28"
"23,34 : 774.66"
"23,35 : 281.01"
"23,36 : 115.88"
"23,37 : 494.35"
"23,38 : 130.8"
"23,39 : 169.37"
"23,40 : 502.9"
"23,41 : 916.53"
"23,42 : 844.19"
"23,43 : 888.91"
"23,44 : 744.42"
"23,45 : 96.26"
"23,46 : 373.67"
"23,47 : 521.7"
"23,48 : 91.21"
"23,49 : 811.12"
"24,0 : 251.53"
"24,1 : 713.36"
"24,2 : 767.47"
"24,3 : 383.11"
"24,4 : 811.12"
"24,5 : 686.03"
"24,6 : 215.15"
"24,7 : 182.26"
"24,8 : 501.05"
"24,9 : 823.49"
"24,10 : 208.01"
"24,11 : 426.97"
"24,12 : 376.62"
"24,13 : 34.89"
"24,14 : 638.0"
"24,15 : 330.3"
"24,16 : 675.23"
"24,17 : 606.98"
"24,18 : 371.26"
"24,19 : 656.44"
"24,20 : 809.83"
"24,21 : 643.77"
"24,22 : 387.52"
"24,23 : 784.29"
"24,24 : 0.0"
"24,25 : 285.91"
"24,26 : 44.05"
"24,27 : 28.65"
"24,28 : 574.6"
"24,29 : 564.13"
"24,30 : 619.12"
"24,31 : 999.47"
"24,32 : 735.18"
"24,33 : 776.08"
"24,34 : 611.69"
"24,35 : 736.67"
"24,36 : 671.93"
"24,37 : 323.88"
"24,38 : 805.9"
"24,39 : 722.01"
"24,40 : 496.5"
"24,41 : 206.64"
"24,42 : 656.14"
"24,43 : 122.26"
"24,44 : 685.3"
"24,45 : 688.75"
"24,46 : 419.11"
"24,47 : 471.08"
"24,48 : 875.34"
"24,49 : 463.28"
"25,0 : 346.44"
"25,1 : 457.1"
"25,2 : 493.83"
"25,3 : 558.01"
"25,4 : 575.43"
"25,5 : 472.37"
"25,6 : 80.26"
"25,7 : 452.77"
"25,8 : 265.38"
"25,9 : 567.17"
"25,10 : 233.21"
"25,11 : 159.24"
"25,12 : 581.42"
"25,13 : 275.54"
"25,14 : 728.24"
"25,15 : 365.32"
"25,16 : 657.51"
"25,17 : 346.6"
"25,18 : 234.34"
"25,19 : 371.81"
"25,20 : 552.11"
"25,21 : 766.25"
"25,22 : 310.27"
"25,23 : 630.17"
"25,24 : 285.91"
"25,25 : 0.0"
"25,26 : 286.21"
"25,27 : 298.11"
"25,28 : 331.22"
"25,29 : 666.35"
"25,30 : 566.85"
"25,31 : 827.48"
"25,32 : 453.92"
"25,33 : 496.55"
"25,34 : 351.1"
"25,35 : 688.36"
"25,36 : 536.48"
"25,37 : 345.23"
"25,38 : 694.78"
"25,39 : 630.15"
"25,40 : 558.29"
"25,41 : 310.08"
"25,42 : 408.73"
"25,43 : 327.23"
"25,44 : 410.6"
"25,45 : 545.56"
"25,46 : 351.17"
"25,47 : 543.35"
"25,48 : 714.87"
"25,49 : 251.08"
"26,0 : 294.45"
"26,1 : 696.12"
"26,2 : 755.44"
"26,3 : 425.17"
"26,4 : 830.17"
"26,5 : 708.37"
"26,6 : 223.14"
"26,7 : 167.53"
"26,8 : 517.53"
"26,9 : 837.75"
"26,10 : 243.21"
"26,11 : 435.38"
"26,12 : 416.0"
"26,13 : 77.13"
"26,14 : 682.01"
"26,15 : 371.58"
"26,16 : 716.82"
"26,17 : 619.12"
"26,18 : 342.64"
"26,19 : 651.68"
"26,20 : 823.66"
"26,21 : 687.15"
"26,22 : 421.39"
"26,23 : 815.52"
"26,24 : 44.05"
"26,25 : 286.21"
"26,26 : 0.0"
"26,27 : 22.47"
"26,28 : 590.47"
"26,29 : 608.08"
"26,30 : 658.34"
"26,31 : 1029.53"
"26,32 : 727.2"
"26,33 : 781.64"
"26,34 : 596.56"
"26,35 : 776.83"
"26,36 : 704.42"
"26,37 : 364.16"
"26,38 : 841.65"
"26,39 : 758.95"
"26,40 : 540.22"
"26,41 : 163.42"
"26,42 : 637.3"
"26,43 : 79.85"
"26,44 : 674.2"
"26,45 : 720.54"
"26,46 : 454.61"
"26,47 : 514.92"
"26,48 : 906.31"
"26,49 : 441.32"
"27,0 : 279.56"
"27,1 : 714.92"
"27,2 : 772.57"
"27,3 : 403.93"
"27,4 : 833.55"
"27,5 : 709.85"
"27,6 : 231.37"
"27,7 : 160.35"
"27,8 : 522.14"
"27,9 : 843.68"
"27,10 : 235.93"
"27,11 : 443.93"
"27,12 : 393.86"
"27,13 : 63.53"
"27,14 : 663.17"
"27,15 : 358.85"
"27,16 : 703.69"
"27,17 : 626.02"
"27,18 : 364.16"
"27,19 : 666.1"
"27,20 : 829.81"
"27,21 : 666.9"
"27,22 : 415.25"
"27,23 : 811.38"
"27,24 : 28.65"
"27,25 : 298.11"
"27,26 : 22.47"
"27,27 : 0.0"
"27,28 : 595.46"
"27,29 : 589.0"
"27,30 : 647.77"
"27,31 : 1026.23"
"27,32 : 742.88"
"27,33 : 791.76"
"27,34 : 614.65"
"27,35 : 765.32"
"27,36 : 699.37"
"27,37 : 352.53"
"27,38 : 834.13"
"27,39 : 750.44"
"27,40 : 523.64"
"27,41 : 184.39"
"27,42 : 656.55"
"27,43 : 94.73"
"27,44 : 690.98"
"27,45 : 716.0"
"27,46 : 447.23"
"27,47 : 497.97"
"27,48 : 902.37"
"27,49 : 461.34"
"28,0 : 485.31"
"28,1 : 496.98"
"28,2 : 458.67"
"28,3 : 685.68"
"28,4 : 244.35"
"28,5 : 154.85"
"28,6 : 370.03"
"28,7 : 755.79"
"28,8 : 73.76"
"28,9 : 249.66"
"28,10 : 409.15"
"28,11 : 175.39"
"28,12 : 734.64"
"28,13 : 551.04"
"28,14 : 726.72"
"28,15 : 437.34"
"28,16 : 546.23"
"28,17 : 61.52"
"28,18 : 518.95"
"28,19 : 300.1"
"28,20 : 236.75"
"28,21 : 794.6"
"28,22 : 302.32"
"28,23 : 357.92"
"28,24 : 574.6"
"28,25 : 331.22"
"28,26 : 590.47"
"28,27 : 595.46"
"28,28 : 0.0"
"28,29 : 691.21"
"28,30 : 438.86"
"28,31 : 521.66"
"28,32 : 384.84"
"28,33 : 255.07"
"28,34 : 418.03"
"28,35 : 533.1"
"28,36 : 307.94"
"28,37 : 417.53"
"28,38 : 462.82"
"28,39 : 434.2"
"28,40 : 567.89"
"28,41 : 641.13"
"28,42 : 488.37"
"28,43 : 647.19"
"28,44 : 398.0"
"28,45 : 303.92"
"28,46 : 318.29"
"28,47 : 569.33"
"28,48 : 426.17"
"28,49 : 460.9"
"29,0 : 333.74"
"29,1 : 1100.54"
"29,2 : 1105.09"
"29,3 : 215.19"
"29,4 : 810.54"
"29,5 : 678.77"
"29,6 : 600.55"
"29,7 : 655.59"
"29,8 : 644.18"
"29,9 : 881.74"
"29,10 : 439.84"
"29,11 : 681.54"
"29,12 : 269.58"
"29,13 : 533.73"
"29,14 : 75.13"
"29,15 : 301.78"
"29,16 : 276.59"
"29,17 : 752.05"
"29,18 : 873.12"
"29,19 : 949.87"
"29,20 : 876.6"
"29,21 : 104.65"
"29,22 : 403.06"
"29,23 : 601.69"
"29,24 : 564.13"
"29,25 : 666.35"
"29,26 : 608.08"
"29,27 : 589.0"
"29,28 : 691.21"
"29,29 : 0.0"
"29,30 : 328.47"
"29,31 : 786.3"
"29,32 : 1042.46"
"29,33 : 944.93"
"29,34 : 996.69"
"29,35 : 364.05"
"29,36 : 507.94"
"29,37 : 322.77"
"29,38 : 525.44"
"29,39 : 442.29"
"29,40 : 123.41"
"29,41 : 769.94"
"29,42 : 1062.57"
"29,43 : 682.29"
"29,44 : 1027.12"
"29,45 : 530.51"
"29,46 : 376.49"
"29,47 : 127.14"
"29,48 : 672.09"
"29,49 : 917.01"
"30,0 : 379.89"
"30,1 : 917.26"
"30,2 : 893.56"
"30,3 : 449.02"
"30,4 : 497.47"
"30,5 : 377.41"
"30,6 : 534.44"
"30,7 : 774.31"
"30,8 : 419.39"
"30,9 : 578.83"
"30,10 : 418.44"
"30,11 : 504.15"
"30,12 : 514.57"
"30,13 : 584.3"
"30,14 : 331.09"
"30,15 : 293.03"
"30,16 : 107.38"
"30,17 : 498.97"
"30,18 : 800.96"
"30,19 : 733.43"
"30,20 : 576.59"
"30,21 : 414.52"
"30,22 : 259.75"
"30,23 : 273.36"
"30,24 : 619.12"
"30,25 : 566.85"
"30,26 : 658.34"
"30,27 : 647.77"
"30,28 : 438.86"
"30,29 : 328.47"
"30,30 : 0.0"
"30,31 : 467.49"
"30,32 : 821.72"
"30,33 : 673.55"
"30,34 : 824.03"
"30,35 : 122.78"
"30,36 : 184.4"
"30,37 : 295.94"
"30,38 : 215.19"
"30,39 : 124.23"
"30,40 : 233.19"
"30,41 : 792.57"
"30,42 : 895.09"
"30,43 : 737.71"
"30,44 : 826.09"
"30,45 : 205.91"
"30,46 : 219.06"
"30,47 : 254.96"
"30,48 : 347.55"
"30,49 : 800.64"
"31,0 : 802.89"
"31,1 : 972.7"
"31,2 : 900.39"
"31,3 : 913.87"
"31,4 : 337.43"
"31,5 : 366.82"
"31,6 : 838.76"
"31,7 : 1175.81"
"31,8 : 569.55"
"31,9 : 425.73"
"31,10 : 793.66"
"31,11 : 688.29"
"31,12 : 978.83"
"31,13 : 967.5"
"31,14 : 770.0"
"31,15 : 717.95"
"31,16 : 513.14"
"31,17 : 545.19"
"31,18 : 1037.18"
"31,19 : 768.4"
"31,20 : 437.22"
"31,21 : 857.0"
"31,22 : 615.53"
"31,23 : 217.2"
"31,24 : 999.47"
"31,25 : 827.48"
"31,26 : 1029.53"
"31,27 : 1026.23"
"31,28 : 521.66"
"31,29 : 786.3"
"31,30 : 467.49"
"31,31 : 0.0"
"31,32 : 825.18"
"31,33 : 595.01"
"31,34 : 916.57"
"31,35 : 430.34"
"31,36 : 332.88"
"31,37 : 711.1"
"31,38 : 261.28"
"31,39 : 345.57"
"31,40 : 700.6"
"31,41 : 1123.52"
"31,42 : 981.8"
"31,43 : 1101.51"
"31,44 : 867.76"
"31,45 : 313.41"
"31,46 : 590.87"
"31,47 : 722.29"
"31,48 : 126.66"
"31,49 : 982.18"
"32,0 : 769.09"
"32,1 : 159.78"
"32,2 : 76.66"
"32,3 : 985.76"
"32,4 : 487.9"
"32,5 : 500.3"
"32,6 : 532.95"
"32,7 : 885.37"
"32,8 : 406.67"
"32,9 : 406.98"
"32,10 : 662.33"
"32,11 : 365.76"
"32,12 : 1019.73"
"32,13 : 728.39"
"32,14 : 1088.45"
"32,15 : 754.17"
"32,16 : 928.94"
"32,17 : 328.18"
"32,18 : 458.85"
"32,19 : 92.63"
"32,20 : 393.03"
"32,21 : 1147.1"
"32,22 : 639.45"
"32,23 : 716.63"
"32,24 : 735.18"
"32,25 : 453.92"
"32,26 : 727.2"
"32,27 : 742.88"
"32,28 : 384.84"
"32,29 : 1042.46"
"32,30 : 821.72"
"32,31 : 825.18"
"32,32 : 0.0"
"32,33 : 236.81"
"32,34 : 169.26"
"32,35 : 917.88"
"32,36 : 688.79"
"32,37 : 732.26"
"32,38 : 835.54"
"32,39 : 816.85"
"32,40 : 920.65"
"32,41 : 685.24"
"32,42 : 197.29"
"32,43 : 746.2"
"32,44 : 72.56"
"32,45 : 681.62"
"32,46 : 668.48"
"32,47 : 915.74"
"32,48 : 763.7"
"32,49 : 340.07"
"33,0 : 730.9"
"33,1 : 394.09"
"33,2 : 308.76"
"33,3 : 937.27"
"33,4 : 258.85"
"33,5 : 307.85"
"33,6 : 560.97"
"33,7 : 948.87"
"33,8 : 314.41"
"33,9 : 171.29"
"33,10 : 642.66"
"33,11 : 350.0"
"33,12 : 983.55"
"33,13 : 759.07"
"33,14 : 977.49"
"33,15 : 689.87"
"33,16 : 779.22"
"33,17 : 196.57"
"33,18 : 600.42"
"33,19 : 208.49"
"33,20 : 158.32"
"33,21 : 1047.73"
"33,22 : 556.52"
"33,23 : 513.28"
"33,24 : 776.08"
"33,25 : 496.55"
"33,26 : 781.64"
"33,27 : 791.76"
"33,28 : 255.07"
"33,29 : 944.93"
"33,30 : 673.55"
"33,31 : 595.01"
"33,32 : 236.81"
"33,33 : 0.0"
"33,34 : 368.21"
"33,35 : 750.27"
"33,36 : 512.3"
"33,37 : 669.44"
"33,38 : 640.4"
"33,39 : 639.96"
"33,40 : 821.84"
"33,41 : 788.36"
"33,42 : 419.5"
"33,43 : 822.51"
"33,44 : 292.96"
"33,45 : 499.68"
"33,46 : 573.35"
"33,47 : 824.05"
"33,48 : 546.24"
"33,49 : 499.66"
"34,0 : 693.02"
"34,1 : 106.15"
"34,2 : 165.19"
"34,3 : 907.56"
"34,4 : 588.32"
"34,5 : 562.1"
"34,6 : 430.64"
"34,7 : 745.56"
"34,8 : 409.31"
"34,9 : 524.17"
"34,10 : 580.56"
"34,11 : 323.69"
"34,12 : 932.5"
"34,13 : 611.06"
"34,14 : 1051.42"
"34,15 : 696.8"
"34,16 : 928.14"
"34,17 : 377.02"
"34,18 : 297.2"
"34,19 : 160.03"
"34,20 : 508.49"
"34,21 : 1099.82"
"34,22 : 603.53"
"34,23 : 774.66"
"34,24 : 611.69"
"34,25 : 351.1"
"34,26 : 596.56"
"34,27 : 614.65"
"34,28 : 418.03"
"34,29 : 996.69"
"34,30 : 824.03"
"34,31 : 916.57"
"34,32 : 169.26"
"34,33 : 368.21"
"34,34 : 0.0"
"34,35 : 933.11"
"34,36 : 722.4"
"34,37 : 675.2"
"34,38 : 880.2"
"34,39 : 844.45"
"34,40 : 880.02"
"34,41 : 532.35"
"34,42 : 71.39"
"34,43 : 603.75"
"34,44 : 97.41"
"34,45 : 720.53"
"34,46 : 639.08"
"34,47 : 870.06"
"34,48 : 836.49"
"34,49 : 176.28"
"35,0 : 492.04"
"35,1 : 1022.86"
"35,2 : 991.69"
"35,3 : 527.06"
"35,4 : 543.95"
"35,5 : 443.71"
"35,6 : 657.19"
"35,7 : 886.08"
"35,8 : 524.48"
"35,9 : 634.34"
"35,10 : 539.08"
"35,11 : 617.74"
"35,12 : 592.43"
"35,13 : 701.79"
"35,14 : 340.33"
"35,15 : 407.34"
"35,16 : 87.92"
"35,17 : 590.43"
"35,18 : 922.65"
"35,19 : 832.49"
"35,20 : 635.02"
"35,21 : 427.26"
"35,22 : 382.46"
"35,23 : 281.01"
"35,24 : 736.67"
"35,25 : 688.36"
"35,26 : 776.83"
"35,27 : 765.32"
"35,28 : 533.1"
"35,29 : 364.05"
"35,30 : 122.78"
"35,31 : 430.34"
"35,32 : 917.88"
"35,33 : 750.27"
"35,34 : 933.11"
"35,35 : 0.0"
"35,36 : 238.21"
"35,37 : 412.81"
"35,38 : 171.47"
"35,39 : 115.11"
"35,40 : 303.18"
"35,41 : 914.0"
"35,42 : 1004.45"
"35,43 : 856.49"
"35,44 : 928.24"
"35,45 : 252.87"
"35,46 : 341.83"
"35,47 : 330.08"
"35,48 : 328.4"
"35,49 : 918.83"
"36,0 : 470.24"
"36,1 : 804.73"
"36,2 : 764.04"
"36,3 : 596.61"
"36,4 : 314.72"
"36,5 : 205.53"
"36,6 : 530.45"
"36,7 : 845.45"
"36,8 : 317.08"
"36,9 : 400.14"
"36,10 : 464.41"
"36,11 : 427.38"
"36,12 : 659.76"
"36,13 : 639.05"
"36,14 : 515.27"
"36,15 : 386.09"
"36,16 : 278.54"
"36,17 : 360.86"
"36,18 : 764.48"
"36,19 : 607.19"
"36,20 : 399.53"
"36,21 : 597.88"
"36,22 : 284.95"
"36,23 : 115.88"
"36,24 : 671.93"
"36,25 : 536.48"
"36,26 : 704.42"
"36,27 : 699.37"
"36,28 : 307.94"
"36,29 : 507.94"
"36,30 : 184.4"
"36,31 : 332.88"
"36,32 : 688.79"
"36,33 : 512.3"
"36,34 : 722.4"
"36,35 : 238.21"
"36,36 : 0.0"
"36,37 : 378.47"
"36,38 : 161.79"
"36,39 : 128.81"
"36,40 : 400.78"
"36,41 : 811.89"
"36,42 : 793.46"
"36,43 : 779.13"
"36,44 : 705.84"
"36,45 : 23.0"
"36,46 : 258.23"
"36,47 : 417.0"
"36,48 : 206.39"
"36,49 : 736.67"
"37,0 : 91.79"
"37,1 : 779.8"
"37,2 : 790.67"
"37,3 : 268.17"
"37,4 : 602.14"
"37,5 : 463.35"
"37,6 : 285.05"
"37,7 : 480.25"
"37,8 : 355.32"
"37,9 : 648.35"
"37,10 : 134.37"
"37,11 : 366.82"
"37,12 : 318.61"
"37,13 : 289.0"
"37,14 : 383.02"
"37,15 : 21.93"
"37,16 : 354.23"
"37,17 : 473.08"
"37,18 : 562.27"
"37,19 : 639.93"
"37,20 : 638.95"
"37,21 : 424.91"
"37,22 : 119.34"
"37,23 : 494.35"
"37,24 : 323.88"
"37,25 : 345.23"
"37,26 : 364.16"
"37,27 : 352.53"
"37,28 : 417.53"
"37,29 : 322.77"
"37,30 : 295.94"
"37,31 : 711.1"
"37,32 : 732.26"
"37,33 : 669.44"
"37,34 : 675.2"
"37,35 : 412.81"
"37,36 : 378.47"
"37,37 : 0.0"
"37,38 : 492.35"
"37,39 : 404.62"
"37,40 : 213.46"
"37,41 : 506.91"
"37,42 : 740.3"
"37,43 : 443.93"
"37,44 : 710.7"
"37,45 : 398.91"
"37,46 : 125.16"
"37,47 : 198.21"
"37,48 : 584.45"
"37,49 : 596.31"
"38,0 : 581.84"
"38,1 : 959.05"
"38,2 : 911.75"
"38,3 : 663.92"
"38,4 : 406.4"
"38,5 : 336.79"
"38,6 : 682.99"
"38,7 : 971.67"
"38,8 : 478.01"
"38,9 : 502.36"
"38,10 : 598.5"
"38,11 : 589.16"
"38,12 : 729.55"
"38,13 : 771.81"
"38,14 : 509.19"
"38,15 : 494.17"
"38,16 : 252.0"
"38,17 : 511.12"
"38,18 : 924.72"
"38,19 : 758.12"
"38,20 : 506.21"
"38,21 : 596.16"
"38,22 : 421.34"
"38,23 : 130.8"
"38,24 : 805.9"
"38,25 : 694.78"
"38,26 : 841.65"
"38,27 : 834.13"
"38,28 : 462.82"
"38,29 : 525.44"
"38,30 : 215.19"
"38,31 : 261.28"
"38,32 : 835.54"
"38,33 : 640.4"
"38,34 : 880.2"
"38,35 : 171.47"
"38,36 : 161.79"
"38,37 : 492.35"
"38,38 : 0.0"
"38,39 : 91.3"
"38,40 : 444.97"
"38,41 : 959.95"
"38,42 : 950.89"
"38,43 : 918.87"
"38,44 : 858.17"
"38,45 : 160.0"
"38,46 : 387.05"
"38,47 : 468.45"
"38,48 : 157.8"
"38,49 : 898.45"
"39,0 : 493.04"
"39,1 : 929.66"
"39,2 : 891.81"
"39,3 : 573.25"
"39,4 : 428.88"
"39,5 : 332.27"
"39,6 : 611.07"
"39,7 : 884.77"
"39,8 : 435.76"
"39,9 : 519.73"
"39,10 : 515.88"
"39,11 : 539.02"
"39,12 : 638.8"
"39,13 : 687.6"
"39,14 : 432.9"
"39,15 : 405.31"
"39,16 : 177.54"
"39,17 : 488.7"
"39,18 : 863.11"
"39,19 : 734.19"
"39,20 : 520.76"
"39,21 : 519.25"
"39,22 : 342.18"
"39,23 : 169.37"
"39,24 : 722.01"
"39,25 : 630.15"
"39,26 : 758.95"
"39,27 : 750.44"
"39,28 : 434.2"
"39,29 : 442.29"
"39,30 : 124.23"
"39,31 : 345.57"
"39,32 : 816.85"
"39,33 : 639.96"
"39,34 : 844.45"
"39,35 : 115.11"
"39,36 : 128.81"
"39,37 : 404.62"
"39,38 : 91.3"
"39,39 : 0.0"
"39,40 : 355.83"
"39,41 : 882.86"
"39,42 : 915.76"
"39,43 : 837.05"
"39,44 : 832.07"
"39,45 : 140.35"
"39,46 : 305.44"
"39,47 : 378.57"
"39,48 : 230.05"
"39,49 : 846.48"
"40,0 : 248.39"
"40,1 : 982.93"
"40,2 : 984.24"
"40,3 : 223.88"
"40,4 : 694.5"
"40,5 : 560.42"
"40,6 : 498.0"
"40,7 : 616.32"
"40,8 : 520.97"
"40,9 : 762.49"
"40,10 : 341.62"
"40,11 : 561.81"
"40,12 : 289.32"
"40,13 : 463.32"
"40,14 : 171.54"
"40,15 : 194.54"
"40,16 : 218.65"
"40,17 : 628.68"
"40,18 : 774.57"
"40,19 : 828.13"
"40,20 : 756.77"
"40,21 : 227.56"
"40,22 : 281.37"
"40,23 : 502.9"
"40,24 : 496.5"
"40,25 : 558.29"
"40,26 : 540.22"
"40,27 : 523.64"
"40,28 : 567.89"
"40,29 : 123.41"
"40,30 : 233.19"
"40,31 : 700.6"
"40,32 : 920.65"
"40,33 : 821.84"
"40,34 : 880.02"
"40,35 : 303.18"
"40,36 : 400.78"
"40,37 : 213.46"
"40,38 : 444.97"
"40,39 : 355.83"
"40,40 : 0.0"
"40,41 : 696.59"
"40,42 : 947.02"
"40,43 : 618.36"
"40,44 : 907.08"
"40,45 : 423.74"
"40,46 : 253.4"
"40,47 : 28.6"
"40,48 : 580.41"
"40,49 : 809.29"
"41,0 : 448.37"
"41,1 : 620.12"
"41,2 : 697.42"
"41,3 : 588.32"
"41,4 : 885.44"
"41,5 : 778.46"
"41,6 : 284.76"
"41,7 : 233.82"
"41,8 : 573.68"
"41,9 : 875.19"
"41,10 : 375.37"
"41,11 : 468.74"
"41,12 : 576.51"
"41,13 : 236.21"
"41,14 : 843.37"
"41,15 : 517.82"
"41,16 : 860.85"
"41,17 : 655.28"
"41,18 : 240.85"
"41,19 : 624.54"
"41,20 : 859.82"
"41,21 : 850.41"
"41,22 : 540.69"
"41,23 : 916.53"
"41,24 : 206.64"
"41,25 : 310.08"
"41,26 : 163.42"
"41,27 : 184.39"
"41,28 : 641.13"
"41,29 : 769.94"
"41,30 : 792.57"
"41,31 : 1123.52"
"41,32 : 685.24"
"41,33 : 788.36"
"41,34 : 532.35"
"41,35 : 914.0"
"41,36 : 811.89"
"41,37 : 506.91"
"41,38 : 959.95"
"41,39 : 882.86"
"41,40 : 696.59"
"41,41 : 0.0"
"41,42 : 557.08"
"41,43 : 104.56"
"41,44 : 622.26"
"41,45 : 825.14"
"41,46 : 578.39"
"41,47 : 672.38"
"41,48 : 1005.16"
"41,49 : 359.05"
"42,0 : 753.9"
"42,1 : 64.03"
"42,2 : 163.23"
"42,3 : 966.73"
"42,4 : 650.56"
"42,5 : 630.61"
"42,6 : 486.74"
"42,7 : 778.89"
"42,8 : 480.69"
"42,9 : 581.7"
"42,10 : 640.87"
"42,11 : 393.68"
"42,12 : 988.96"
"42,13 : 658.52"
"42,14 : 1118.54"
"42,15 : 761.73"
"42,16 : 998.97"
"42,17 : 445.7"
"42,18 : 316.55"
"42,19 : 216.41"
"42,20 : 566.39"
"42,21 : 1165.21"
"42,22 : 672.16"
"42,23 : 844.19"
"42,24 : 656.14"
"42,25 : 408.73"
"42,26 : 637.3"
"42,27 : 656.55"
"42,28 : 488.37"
"42,29 : 1062.57"
"42,30 : 895.09"
"42,31 : 981.8"
"42,32 : 197.29"
"42,33 : 419.5"
"42,34 : 71.39"
"42,35 : 1004.45"
"42,36 : 793.46"
"42,37 : 740.3"
"42,38 : 950.89"
"42,39 : 915.76"
"42,40 : 947.02"
"42,41 : 557.08"
"42,42 : 0.0"
"42,43 : 636.59"
"42,44 : 128.41"
"42,45 : 791.35"
"42,46 : 708.28"
"42,47 : 936.31"
"42,48 : 904.49"
"42,49 : 199.25"
"43,0 : 373.76"
"43,1 : 698.02"
"43,2 : 766.83"
"43,3 : 492.15"
"43,4 : 889.77"
"43,5 : 772.46"
"43,6 : 277.28"
"43,7 : 142.3"
"43,8 : 575.63"
"43,9 : 890.97"
"43,10 : 321.21"
"43,11 : 483.87"
"43,12 : 476.09"
"43,13 : 156.54"
"43,14 : 756.72"
"43,15 : 451.43"
"43,16 : 796.66"
"43,17 : 670.65"
"43,18 : 326.47"
"43,19 : 677.01"
"43,20 : 876.34"
"43,21 : 757.93"
"43,22 : 497.83"
"43,23 : 888.91"
"43,24 : 122.26"
"43,25 : 327.23"
"43,26 : 79.85"
"43,27 : 94.73"
"43,28 : 647.19"
"43,29 : 682.29"
"43,30 : 737.71"
"43,31 : 1101.51"
"43,32 : 746.2"
"43,33 : 822.51"
"43,34 : 603.75"
"43,35 : 856.49"
"43,36 : 779.13"
"43,37 : 443.93"
"43,38 : 918.87"
"43,39 : 837.05"
"43,40 : 618.36"
"43,41 : 104.56"
"43,42 : 636.59"
"43,43 : 0.0"
"43,44 : 688.06"
"43,45 : 794.61"
"43,46 : 532.09"
"43,47 : 592.67"
"43,48 : 979.34"
"43,49 : 437.44"
"44,0 : 739.64"
"44,1 : 104.94"
"44,2 : 83.24"
"44,3 : 956.28"
"44,4 : 532.65"
"44,5 : 528.03"
"44,6 : 490.76"
"44,7 : 828.69"
"44,8 : 406.77"
"44,9 : 458.54"
"44,10 : 629.81"
"44,11 : 345.58"
"44,12 : 986.44"
"44,13 : 681.13"
"44,14 : 1077.0"
"44,15 : 732.61"
"44,16 : 932.47"
"44,17 : 347.07"
"44,18 : 391.37"
"44,19 : 101.04"
"44,20 : 443.68"
"44,21 : 1131.4"
"44,22 : 626.2"
"44,23 : 744.42"
"44,24 : 685.3"
"44,25 : 410.6"
"44,26 : 674.2"
"44,27 : 690.98"
"44,28 : 398.0"
"44,29 : 1027.12"
"44,30 : 826.09"
"44,31 : 867.76"
"44,32 : 72.56"
"44,33 : 292.96"
"44,34 : 97.41"
"44,35 : 928.24"
"44,36 : 705.84"
"44,37 : 710.7"
"44,38 : 858.17"
"44,39 : 832.07"
"44,40 : 907.08"
"44,41 : 622.26"
"44,42 : 128.41"
"44,43 : 688.06"
"44,44 : 0.0"
"44,45 : 700.92"
"44,46 : 658.26"
"44,47 : 899.98"
"44,48 : 798.09"
"44,49 : 271.27"
"45,0 : 490.61"
"45,1 : 800.82"
"45,2 : 757.28"
"45,3 : 619.33"
"45,4 : 295.38"
"45,5 : 191.93"
"45,6 : 542.56"
"45,7 : 863.33"
"45,8 : 318.42"
"45,9 : 382.59"
"45,10 : 481.7"
"45,11 : 431.26"
"45,12 : 682.36"
"45,13 : 656.15"
"45,14 : 536.97"
"45,15 : 407.06"
"45,16 : 297.66"
"45,17 : 354.59"
"45,18 : 771.62"
"45,19 : 601.57"
"45,20 : 382.62"
"45,21 : 619.92"
"45,22 : 302.68"
"45,23 : 96.26"
"45,24 : 688.75"
"45,25 : 545.56"
"45,26 : 720.54"
"45,27 : 716.0"
"45,28 : 303.92"
"45,29 : 530.51"
"45,30 : 205.91"
"45,31 : 313.41"
"45,32 : 681.62"
"45,33 : 499.68"
"45,34 : 720.53"
"45,35 : 252.87"
"45,36 : 23.0"
"45,37 : 398.91"
"45,38 : 160.0"
"45,39 : 140.35"
"45,40 : 423.74"
"45,41 : 825.14"
"45,42 : 791.35"
"45,43 : 794.61"
"45,44 : 700.92"
"45,45 : 0.0"
"45,46 : 277.51"
"45,47 : 440.0"
"45,48 : 187.41"
"45,49 : 740.33"
"46,0 : 215.24"
"46,1 : 739.15"
"46,2 : 733.67"
"46,3 : 379.44"
"46,4 : 481.38"
"46,5 : 342.29"
"46,6 : 315.38"
"46,7 : 588.63"
"46,8 : 267.73"
"46,9 : 533.83"
"46,10 : 211.46"
"46,11 : 315.96"
"46,12 : 435.56"
"46,13 : 385.25"
"46,14 : 419.98"
"46,15 : 138.05"
"46,16 : 306.37"
"46,17 : 378.01"
"46,18 : 584.17"
"46,19 : 576.18"
"46,20 : 525.65"
"46,21 : 480.92"
"46,22 : 41.05"
"46,23 : 373.67"
"46,24 : 419.11"
"46,25 : 351.17"
"46,26 : 454.61"
"46,27 : 447.23"
"46,28 : 318.29"
"46,29 : 376.49"
"46,30 : 219.06"
"46,31 : 590.87"
"46,32 : 668.48"
"46,33 : 573.35"
"46,34 : 639.08"
"46,35 : 341.83"
"46,36 : 258.23"
"46,37 : 125.16"
"46,38 : 387.05"
"46,39 : 305.44"
"46,40 : 253.4"
"46,41 : 578.39"
"46,42 : 708.28"
"46,43 : 532.09"
"46,44 : 658.26"
"46,45 : 277.51"
"46,46 : 0.0"
"46,47 : 252.03"
"46,48 : 464.56"
"46,49 : 592.74"
"47,0 : 225.02"
"47,1 : 973.69"
"47,2 : 978.03"
"47,3 : 197.47"
"47,4 : 705.06"
"47,5 : 569.53"
"47,6 : 480.71"
"47,7 : 588.4"
"47,8 : 519.48"
"47,9 : 770.42"
"47,10 : 322.37"
"47,11 : 554.4"
"47,12 : 263.13"
"47,13 : 438.22"
"47,14 : 184.95"
"47,15 : 178.08"
"47,16 : 246.34"
"47,17 : 629.6"
"47,18 : 756.26"
"47,19 : 823.12"
"47,20 : 764.16"
"47,21 : 231.54"
"47,22 : 276.63"
"47,23 : 521.7"
"47,24 : 471.08"
"47,25 : 543.35"
"47,26 : 514.92"
"47,27 : 497.97"
"47,28 : 569.33"
"47,29 : 127.14"
"47,30 : 254.96"
"47,31 : 722.29"
"47,32 : 915.74"
"47,33 : 824.05"
"47,34 : 870.06"
"47,35 : 330.08"
"47,36 : 417.0"
"47,37 : 198.21"
"47,38 : 468.45"
"47,39 : 378.57"
"47,40 : 28.6"
"47,41 : 672.38"
"47,42 : 936.31"
"47,43 : 592.67"
"47,44 : 899.98"
"47,45 : 440.0"
"47,46 : 252.03"
"47,47 : 0.0"
"47,48 : 600.97"
"47,49 : 794.41"
"48,0 : 676.24"
"48,1 : 902.37"
"48,2 : 840.22"
"48,3 : 790.32"
"48,4 : 291.57"
"48,5 : 274.71"
"48,6 : 720.77"
"48,7 : 1050.63"
"48,8 : 464.7"
"48,9 : 388.58"
