x,y
734,734
450,590
461,662
756,17
258,145
792,113
261,858
18,923
745,117
587,247
510,70
545,960
317,332
102,53
188,78
283,104
502,4
602,690
756,250
501,425
139,644
970,261
200,602
36,182
268,684
156,774
767,20
3,658
636,679
970,506
561,693
516,440
468,967
207,513
50,879
861,410
465,910
155,759
416,783
347,882
176,975
812,436
135,797
492,307
933,919
890,337
845,380
903,720
486,701
60,538

Distanze
"0,0 : 0.0"
"0,1 : 318.42"
"0,2 : 282.33"
"0,3 : 717.34"
"0,4 : 757.3"
"0,5 : 623.7"
"0,6 : 488.98"
"0,7 : 740.52"
"0,8 : 617.1"
"0,9 : 508.7"
"0,10 : 700.77"
"0,11 : 294.61"
"0,12 : 579.22"
"0,13 : 929.08"
"0,14 : 853.49"
"0,15 : 774.79"
"0,16 : 765.98"
"0,17 : 139.14"
"0,18 : 484.5"
"0,19 : 387.0"
"0,20 : 601.77"
"0,21 : 528.61"
"0,22 : 550.07"
"0,23 : 889.89"
"0,24 : 468.67"
"0,25 : 579.38"
"0,26 : 714.76"
"0,27 : 734.94"
"0,28 : 112.38"
"0,29 : 328.15"
"0,30 : 177.79"
"0,31 : 366.01"
"0,32 : 353.62"
"0,33 : 571.46"
"0,34 : 699.2"
"0,35 : 348.0"
"0,36 : 321.46"
"0,37 : 579.54"
"0,38 : 321.75"
"0,39 : 414.33"
"0,40 : 607.82"
"0,41 : 308.04"
"0,42 : 602.3"
"0,43 : 490.81"
"0,44 : 271.71"
"0,45 : 426.55"
"0,46 : 370.99"
"0,47 : 169.58"
"0,48 : 250.19"
"0,49 : 701.92"
"1,0 : 318.42"
"1,1 : 0.0"
"1,2 : 72.84"
"1,3 : 649.59"
"1,4 : 484.65"
"1,5 : 586.94"
"1,6 : 327.94"
"1,7 : 545.45"
"1,8 : 557.45"
"1,9 : 369.35"
"1,10 : 523.45"
"1,11 : 382.0"
"1,12 : 290.26"
"1,13 : 639.9"
"1,14 : 575.14"
"1,15 : 513.89"
"1,16 : 588.3"
"1,17 : 181.95"
"1,18 : 457.42"
"1,19 : 172.7"
"1,20 : 315.65"
"1,21 : 615.34"
"1,22 : 250.29"
"1,23 : 581.26"
"1,24 : 204.84"
"1,25 : 346.83"
"1,26 : 652.22"
"1,27 : 452.14"
"1,28 : 206.2"
"1,29 : 526.74"
"1,30 : 151.43"
"1,31 : 163.88"
"1,32 : 377.43"
"1,33 : 254.91"
"1,34 : 493.48"
"1,35 : 448.69"
"1,36 : 320.35"
"1,37 : 339.98"
"1,38 : 195.97"
"1,39 : 309.63"
"1,40 : 472.55"
"1,41 : 393.4"
"1,42 : 376.93"
"1,43 : 286.1"
"1,44 : 584.41"
"1,45 : 507.55"
"1,46 : 447.35"
"1,47 : 471.28"
"1,48 : 116.69"
"1,49 : 393.45"
"2,0 : 282.33"
"2,1 : 72.84"
"2,2 : 0.0"
"2,3 : 709.26"
"2,4 : 555.43"
"2,5 : 641.06"
"2,6 : 280.03"
"2,7 : 514.17"
"2,8 : 614.56"
"2,9 : 433.71"
"2,10 : 594.02"
"2,11 : 309.61"
"2,12 : 360.05"
"2,13 : 706.94"
"2,14 : 644.66"
"2,15 : 585.7"
"2,16 : 659.28"
"2,17 : 143.75"
"2,18 : 506.72"
"2,19 : 240.35"
"2,20 : 322.5"
"2,21 : 647.98"
"2,22 : 267.81"
"2,23 : 641.11"
"2,24 : 194.25"
"2,25 : 324.91"
"2,26 : 711.2"
"2,27 : 458.02"
"2,28 : 175.82"
"2,29 : 532.37"
"2,30 : 104.69"
"2,31 : 228.71"
"2,32 : 305.08"
"2,33 : 294.48"
"2,34 : 464.77"
"2,35 : 472.76"
"2,36 : 248.03"
"2,37 : 321.01"
"2,38 : 129.1"
"2,39 : 247.78"
"2,40 : 423.31"
"2,41 : 417.46"
"2,42 : 352.85"
"2,43 : 356.35"
"2,44 : 537.43"
"2,45 : 538.21"
"2,46 : 476.42"
"2,47 : 445.79"
"2,48 : 46.32"
"2,49 : 419.73"
"3,0 : 717.34"
"3,1 : 649.59"
"3,2 : 709.26"
"3,3 : 0.0"
"3,4 : 514.19"
"3,5 : 102.53"
"3,6 : 975.86"
"3,7 : 1168.54"
"3,8 : 100.6"
"3,9 : 285.41"
"3,10 : 251.64"
"3,11 : 966.32"
"3,12 : 540.32"
"3,13 : 654.99"
"3,14 : 571.27"
"3,15 : 480.93"
"3,16 : 254.33"
"3,17 : 690.39"
"3,18 : 233.0"
"3,19 : 481.13"
"3,20 : 879.67"
"3,21 : 324.55"
"3,22 : 807.07"
"3,23 : 738.66"
"3,24 : 826.46"
"3,25 : 965.94"
"3,26 : 11.4"
"3,27 : 988.88"
"3,28 : 672.79"
"3,29 : 533.78"
"3,30 : 703.56"
"3,31 : 486.34"
"3,32 : 992.7"
"3,33 : 739.88"
"3,34 : 1114.22"
"3,35 : 406.78"
"3,36 : 939.22"
"3,37 : 954.86"
"3,38 : 838.07"
"3,39 : 956.82"
"3,40 : 1119.89"
"3,41 : 422.73"
"3,42 : 997.02"
"3,43 : 392.17"
"3,44 : 919.2"
"3,45 : 346.92"
"3,46 : 373.75"
"3,47 : 718.2"
"3,48 : 735.36"
"3,49 : 869.4"
"4,0 : 757.3"
"4,1 : 484.65"
"4,2 : 555.43"
"4,3 : 514.19"
"4,4 : 0.0"
"4,5 : 534.96"
"4,6 : 713.01"
"4,7 : 814.18"
"4,8 : 487.8"
"4,9 : 344.45"
"4,10 : 262.92"
"4,11 : 864.06"
"4,12 : 196.09"
"4,13 : 181.11"
"4,14 : 96.9"
"4,15 : 48.02"
"4,16 : 281.81"
"4,17 : 644.49"
"4,18 : 508.95"
"4,19 : 370.74"
"4,20 : 512.99"
"4,21 : 721.39"
"4,22 : 460.67"
"4,23 : 225.06"
"4,24 : 539.09"
"4,25 : 637.22"
"4,26 : 524.12"
"4,27 : 572.88"
"4,28 : 654.25"
"4,29 : 798.29"
"4,30 : 626.19"
"4,31 : 391.9"
"4,32 : 848.4"
"4,33 : 371.52"
"4,34 : 762.9"
"4,35 : 658.66"
"4,36 : 792.51"
"4,37 : 622.58"
"4,38 : 657.27"
"4,39 : 742.35"
"4,40 : 834.04"
"4,41 : 625.78"
"4,42 : 663.5"
"4,43 : 284.6"
"4,44 : 1026.99"
"4,45 : 660.52"
"4,46 : 632.29"
"4,47 : 864.09"
"4,48 : 600.93"
"4,49 : 440.06"
"5,0 : 623.7"
"5,1 : 586.94"
"5,2 : 641.06"
"5,3 : 102.53"
"5,4 : 534.96"
"5,5 : 0.0"
"5,6 : 914.87"
"5,7 : 1120.35"
"5,8 : 47.17"
"5,9 : 244.91"
"5,10 : 285.26"
"5,11 : 882.28"
"5,12 : 523.05"
"5,13 : 692.6"
"5,14 : 605.01"
"5,15 : 509.08"
"5,16 : 309.81"
"5,17 : 607.48"
"5,18 : 141.65"
"5,19 : 426.64"
"5,20 : 841.65"
"5,21 : 231.49"
"5,22 : 767.84"
"5,23 : 759.14"
"5,24 : 774.99"
"5,25 : 917.29"
"5,26 : 96.3"
"5,27 : 958.93"
"5,28 : 587.1"
"5,29 : 431.43"
"5,30 : 624.31"
"5,31 : 427.91"
"5,32 : 913.4"
"5,33 : 708.68"
"5,34 : 1066.45"
"5,35 : 304.91"
"5,36 : 861.47"
"5,37 : 907.24"
"5,38 : 768.29"
"5,39 : 888.47"
"5,40 : 1059.48"
"5,41 : 323.62"
"5,42 : 948.42"
"5,43 : 357.26"
"5,44 : 818.24"
"5,45 : 244.5"
"5,46 : 272.21"
"5,47 : 617.07"
"5,48 : 662.86"
"5,49 : 846.43"
"6,0 : 488.98"
"6,1 : 327.94"
"6,2 : 280.03"
"6,3 : 975.86"
"6,4 : 713.01"
"6,5 : 914.87"
"6,6 : 0.0"
"6,7 : 251.54"
"6,8 : 885.06"
"6,9 : 692.53"
"6,10 : 826.4"
"6,11 : 301.76"
"6,12 : 528.97"
"6,13 : 820.55"
"6,14 : 783.41"
"6,15 : 754.32"
"6,16 : 887.35"
"6,17 : 380.14"
"6,18 : 784.02"
"6,19 : 495.06"
"6,20 : 246.33"
"6,21 : 926.87"
"6,22 : 263.17"
"6,23 : 712.46"
"6,24 : 174.14"
"6,25 : 134.47"
"6,26 : 978.92"
"6,27 : 326.44"
"6,28 : 415.53"
"6,29 : 791.57"
"6,30 : 342.38"
"6,31 : 489.64"
"6,32 : 233.94"
"6,33 : 349.2"
"6,34 : 212.04"
"6,35 : 748.8"
"6,36 : 210.52"
"6,37 : 145.04"
"6,38 : 172.19"
"6,39 : 89.29"
"6,40 : 144.62"
"6,41 : 694.04"
"6,42 : 139.99"
"6,43 : 597.46"
"6,44 : 674.76"
"6,45 : 816.75"
"6,46 : 754.68"
"6,47 : 656.66"
"6,48 : 274.36"
"6,49 : 377.89"
"7,0 : 740.52"
"7,1 : 545.45"
"7,2 : 514.17"
"7,3 : 1168.54"
"7,4 : 814.18"
"7,5 : 1120.35"
"7,6 : 251.54"
"7,7 : 0.0"
"7,8 : 1085.43"
"7,9 : 883.59"
"7,10 : 984.72"
"7,11 : 528.3"
"7,12 : 662.33"
"7,13 : 874.05"
"7,14 : 861.93"
"7,15 : 860.81"
"7,16 : 1038.66"
"7,17 : 628.76"
"7,18 : 998.79"
"7,19 : 693.75"
"7,20 : 304.11"
"7,21 : 1159.55"
"7,22 : 369.01"
"7,23 : 741.22"
"7,24 : 345.86"
"7,25 : 203.09"
"7,26 : 1173.21"
"7,27 : 265.42"
"7,28 : 664.42"
"7,29 : 1039.32"
"7,30 : 589.7"
"7,31 : 693.75"
"7,32 : 452.15"
"7,33 : 451.47"
"7,34 : 54.41"
"7,35 : 986.82"
"7,36 : 447.19"
"7,37 : 213.69"
"7,38 : 421.91"
"7,39 : 331.54"
"7,40 : 166.34"
"7,41 : 931.45"
"7,42 : 171.94"
"7,43 : 777.26"
"7,44 : 915.01"
"7,45 : 1050.61"
"7,46 : 989.33"
"7,47 : 907.98"
"7,48 : 517.98"
"7,49 : 387.28"
"8,0 : 617.1"
"8,1 : 557.45"
"8,2 : 614.56"
"8,3 : 100.6"
"8,4 : 487.8"
"8,5 : 47.17"
"8,6 : 885.06"
"8,7 : 1085.43"
"8,8 : 0.0"
"8,9 : 204.61"
"8,10 : 239.65"
"8,11 : 866.4"
"8,12 : 478.97"
"8,13 : 646.18"
"8,14 : 558.36"
"8,15 : 462.18"
"8,16 : 267.99"
"8,17 : 590.57"
"8,18 : 133.45"
"8,19 : 392.94"
"8,20 : 803.1"
"8,21 : 267.13"
"8,22 : 729.55"
"8,23 : 711.97"
"8,24 : 740.96"
"8,25 : 882.37"
"8,26 : 99.46"
"8,27 : 918.28"
"8,28 : 572.47"
"8,29 : 449.38"
"8,30 : 604.68"
"8,31 : 395.94"
"8,32 : 894.0"
"8,33 : 668.03"
"8,34 : 1031.34"
"8,35 : 315.13"
"8,36 : 840.98"
"8,37 : 871.93"
"8,38 : 742.83"
"8,39 : 862.34"
"8,40 : 1029.53"
"8,41 : 325.96"
"8,42 : 913.51"
"8,43 : 316.4"
"8,44 : 823.74"
"8,45 : 263.49"
"8,46 : 281.37"
"8,47 : 623.36"
"8,48 : 638.86"
"8,49 : 804.03"
"9,0 : 508.7"
"9,1 : 369.35"
"9,2 : 433.71"
"9,3 : 285.41"
"9,4 : 344.45"
"9,5 : 244.91"
"9,6 : 692.53"
"9,7 : 883.59"
"9,8 : 204.61"
"9,9 : 0.0"
"9,10 : 193.02"
"9,11 : 714.24"
"9,12 : 283.06"
"9,13 : 522.36"
"9,14 : 433.32"
"9,15 : 335.95"
"9,16 : 257.44"
"9,17 : 443.25"
"9,18 : 169.03"
"9,19 : 197.69"
"9,20 : 598.59"
"9,21 : 383.26"
"9,22 : 525.16"
"9,23 : 554.82"
"9,24 : 541.05"
"9,25 : 680.8"
"9,26 : 289.71"
"9,27 : 714.13"
"9,28 : 434.77"
"9,29 : 462.35"
"9,30 : 446.76"
"9,31 : 205.65"
"9,32 : 729.77"
"9,33 : 463.85"
"9,34 : 829.33"
"9,35 : 318.82"
"9,36 : 674.13"
"9,37 : 669.9"
"9,38 : 562.62"
"9,39 : 678.84"
"9,40 : 836.01"
"9,41 : 293.85"
"9,42 : 711.9"
"9,43 : 112.36"
"9,44 : 755.84"
"9,45 : 316.08"
"9,46 : 290.26"
"9,47 : 568.85"
"9,48 : 465.1"
"9,49 : 602.0"
"10,0 : 700.77"
"10,1 : 523.45"
"10,2 : 594.02"
"10,3 : 251.64"
"10,4 : 262.92"
"10,5 : 285.26"
"10,6 : 826.4"
"10,7 : 984.72"
"10,8 : 239.65"
"10,9 : 193.02"
"10,10 : 0.0"
"10,11 : 890.69"
"10,12 : 325.41"
"10,13 : 408.35"
"10,14 : 322.1"
"10,15 : 229.53"
"10,16 : 66.48"
"10,17 : 626.79"
"10,18 : 304.82"
"10,19 : 355.11"
"10,20 : 683.46"
"10,21 : 498.08"
"10,22 : 615.73"
"10,23 : 487.05"
"10,24 : 659.97"
"10,25 : 787.99"
"10,26 : 261.82"
"10,27 : 776.4"
"10,28 : 621.9"
"10,29 : 633.79"
"10,30 : 625.08"
"10,31 : 370.05"
"10,32 : 897.98"
"10,33 : 536.71"
"10,34 : 930.63"
"10,35 : 488.67"
"10,36 : 841.2"
"10,37 : 775.08"
"10,38 : 719.17"
"10,39 : 828.2"
"10,40 : 964.67"
"10,41 : 474.51"
"10,42 : 818.02"
"10,43 : 237.68"
"10,44 : 948.54"
"10,45 : 464.42"
"10,46 : 456.43"
"10,47 : 759.57"
"10,48 : 631.46"
"10,49 : 649.25"
"11,0 : 294.61"
"11,1 : 382.0"
"11,2 : 309.61"
"11,3 : 966.32"
"11,4 : 864.06"
"11,5 : 882.28"
"11,6 : 301.76"
"11,7 : 528.3"
"11,8 : 866.4"
"11,9 : 714.24"
"11,10 : 890.69"
"11,11 : 0.0"
"11,12 : 668.11"
"11,13 : 1009.4"
"11,14 : 951.51"
"11,15 : 895.2"
"11,16 : 956.97"
"11,17 : 275.95"
"11,18 : 740.69"
"11,19 : 536.81"
"11,20 : 514.48"
"11,21 : 818.06"
"11,22 : 497.18"
"11,23 : 929.71"
"11,24 : 391.03"
"11,25 : 431.18"
"11,26 : 965.86"
"11,27 : 620.46"
"11,28 : 295.37"
"11,29 : 621.89"
"11,30 : 267.48"
"11,31 : 520.81"
"11,32 : 77.32"
"11,33 : 560.4"
"11,34 : 501.58"
"11,35 : 634.32"
"11,36 : 94.34"
"11,37 : 438.75"
"11,38 : 219.02"
"11,39 : 212.81"
"11,40 : 369.3"
"11,41 : 588.1"
"11,42 : 441.21"
"11,43 : 655.15"
"11,44 : 390.16"
"11,45 : 712.15"
"11,46 : 652.99"
"11,47 : 431.0"
"11,48 : 265.64"
"11,49 : 642.89"
"12,0 : 579.22"
"12,1 : 290.26"
"12,2 : 360.05"
"12,3 : 540.32"
"12,4 : 196.09"
"12,5 : 523.05"
"12,6 : 528.97"
"12,7 : 662.33"
"12,8 : 478.97"
"12,9 : 283.06"
"12,10 : 325.41"
"12,11 : 668.11"
"12,12 : 0.0"
"12,13 : 352.23"
"12,14 : 284.88"
"12,15 : 230.52"
"12,16 : 376.58"
"12,17 : 457.59"
"12,18 : 446.59"
"12,19 : 206.17"
"12,20 : 359.2"
"12,21 : 656.85"
"12,22 : 294.26"
"12,23 : 318.53"
"12,24 : 355.39"
"12,25 : 470.41"
"12,26 : 547.58"
"12,27 : 452.63"
"12,28 : 471.35"
"12,29 : 675.78"
"12,30 : 435.73"
"12,31 : 226.42"
"12,32 : 652.71"
"12,33 : 211.8"
"12,34 : 608.69"
"12,35 : 549.56"
"12,36 : 596.65"
"12,37 : 456.7"
"12,38 : 461.74"
"12,39 : 550.82"
"12,40 : 658.28"
"12,41 : 505.81"
"12,42 : 499.35"
"12,43 : 176.78"
"12,44 : 850.9"
"12,45 : 573.02"
"12,46 : 530.18"
"12,47 : 702.81"
"12,48 : 405.86"
"12,49 : 329.37"
"13,0 : 929.08"
"13,1 : 639.9"
"13,2 : 706.94"
"13,3 : 654.99"
"13,4 : 181.11"
"13,5 : 692.6"
"13,6 : 820.55"
"13,7 : 874.05"
"13,8 : 646.18"
"13,9 : 522.36"
"13,10 : 408.35"
"13,11 : 1009.4"
"13,12 : 352.23"
"13,13 : 0.0"
"13,14 : 89.56"
"13,15 : 188.05"
"13,16 : 402.99"
"13,17 : 809.8"
"13,18 : 683.03"
"13,19 : 545.51"
"13,20 : 592.16"
"13,21 : 892.57"
"13,22 : 557.68"
"13,23 : 144.9"
"13,24 : 652.47"
"13,25 : 723.02"
"13,26 : 665.82"
"13,27 : 613.05"
"13,28 : 822.82"
"13,29 : 979.1"
"13,30 : 787.58"
"13,31 : 566.71"
"13,32 : 984.56"
"13,33 : 471.83"
"13,34 : 827.64"
"13,35 : 838.77"
"13,36 : 930.71"
"13,37 : 707.99"
"13,38 : 794.67"
"13,39 : 864.45"
"13,40 : 924.96"
"13,41 : 806.71"
"13,42 : 744.73"
"13,43 : 465.42"
"13,44 : 1200.22"
"13,45 : 837.62"
"13,46 : 811.77"
"13,47 : 1042.35"
"13,48 : 753.23"
"13,49 : 486.82"
"14,0 : 853.49"
"14,1 : 575.14"
"14,2 : 644.66"
"14,3 : 571.27"
"14,4 : 96.9"
"14,5 : 605.01"
"14,6 : 783.41"
"14,7 : 861.93"
"14,8 : 558.36"
"14,9 : 433.32"
"14,10 : 322.1"
"14,11 : 951.51"
"14,12 : 284.88"
"14,13 : 89.56"
"14,14 : 0.0"
"14,15 : 98.49"
"14,16 : 322.6"
"14,17 : 738.88"
"14,18 : 593.47"
"14,19 : 467.31"
"14,20 : 568.12"
"14,21 : 803.13"
"14,22 : 524.14"
"14,23 : 184.17"
"14,24 : 611.26"
"14,25 : 696.74"
"14,26 : 581.9"
"14,27 : 608.79"
"14,28 : 749.6"
"14,29 : 891.46"
"14,30 : 719.27"
"14,31 : 488.5"
"14,32 : 932.05"
"14,33 : 435.41"
"14,34 : 812.8"
"14,35 : 750.44"
"14,36 : 876.9"
"14,37 : 681.8"
"14,38 : 740.95"
"14,39 : 819.57"
"14,40 : 897.08"
"14,41 : 719.4"
"14,42 : 720.95"
"14,43 : 380.6"
"14,44 : 1123.52"
"14,45 : 748.25"
"14,46 : 723.09"
"14,47 : 960.93"
"14,48 : 690.6"
"14,49 : 477.48"
"15,0 : 774.79"
"15,1 : 513.89"
"15,2 : 585.7"
"15,3 : 480.93"
"15,4 : 48.02"
"15,5 : 509.08"
"15,6 : 754.32"
"15,7 : 860.81"
"15,8 : 462.18"
"15,9 : 335.95"
"15,10 : 229.53"
"15,11 : 895.2"
"15,12 : 230.52"
"15,13 : 188.05"
"15,14 : 98.49"
"15,15 : 0.0"
"15,16 : 240.75"
"15,17 : 667.2"
"15,18 : 495.02"
"15,19 : 388.03"
"15,20 : 558.87"
"15,21 : 704.71"
"15,22 : 504.87"
"15,23 : 259.02"
"15,24 : 580.19"
"15,25 : 681.93"
"15,26 : 491.24"
"15,27 : 620.74"
"15,28 : 674.71"
"15,29 : 795.97"
"15,30 : 651.31"
"15,31 : 408.88"
"15,32 : 882.61"
"15,33 : 416.0"
"15,34 : 809.27"
"15,35 : 654.0"
"15,36 : 826.29"
"15,37 : 667.39"
"15,38 : 691.9"
"15,39 : 780.63"
"15,40 : 877.55"
"15,41 : 624.55"
"15,42 : 708.63"
"15,43 : 291.36"
"15,44 : 1042.46"
"15,45 : 650.18"
"15,46 : 626.12"
"15,47 : 873.99"
"15,48 : 630.57"
"15,49 : 487.94"
"16,0 : 765.98"
"16,1 : 588.3"
"16,2 : 659.28"
"16,3 : 254.33"
"16,4 : 281.81"
"16,5 : 309.81"
"16,6 : 887.35"
"16,7 : 1038.66"
"16,8 : 267.99"
"16,9 : 257.44"
"16,10 : 66.48"
"16,11 : 956.97"
"16,12 : 376.58"
"16,13 : 402.99"
"16,14 : 322.6"
"16,15 : 240.75"
"16,16 : 0.0"
"16,17 : 693.25"
"16,18 : 353.6"
"16,19 : 421.0"
"16,20 : 735.78"
"16,21 : 533.92"
"16,22 : 669.93"
"16,23 : 498.84"
"16,24 : 719.14"
"16,25 : 844.17"
"16,26 : 265.48"
"16,27 : 822.63"
"16,28 : 688.17"
"16,29 : 686.31"
"16,30 : 691.52"
"16,31 : 436.22"
"16,32 : 963.6"
"16,33 : 588.31"
"16,34 : 984.85"
"16,35 : 541.96"
"16,36 : 906.76"
"16,37 : 830.92"
"16,38 : 783.73"
"16,39 : 891.58"
"16,40 : 1024.26"
"16,41 : 531.72"
"16,42 : 873.81"
"16,43 : 303.16"
"16,44 : 1011.43"
"16,45 : 511.31"
"16,46 : 508.94"
"16,47 : 820.64"
"16,48 : 697.18"
"16,49 : 693.2"
"17,0 : 139.14"
"17,1 : 181.95"
"17,2 : 143.75"
"17,3 : 690.39"
"17,4 : 644.49"
"17,5 : 607.48"
"17,6 : 380.14"
"17,7 : 628.76"
"17,8 : 590.57"
"17,9 : 443.25"
"17,10 : 626.79"
"17,11 : 275.95"
"17,12 : 457.59"
"17,13 : 809.8"
"17,14 : 738.88"
"17,15 : 667.2"
"17,16 : 693.25"
"17,17 : 0.0"
"17,18 : 466.17"
"17,19 : 283.59"
"17,20 : 465.28"
"17,21 : 565.21"
"17,22 : 411.52"
"17,23 : 760.54"
"17,24 : 334.05"
"17,25 : 453.84"
"17,26 : 690.02"
"17,27 : 599.85"
"17,28 : 35.74"
"17,29 : 411.44"
"17,30 : 41.11"
"17,31 : 264.38"
"17,32 : 307.71"
"17,33 : 432.84"
"17,34 : 583.46"
"17,35 : 381.42"
"17,36 : 259.17"
"17,37 : 452.29"
"17,38 : 207.95"
"17,39 : 319.2"
"17,40 : 512.54"
"17,41 : 329.57"
"17,42 : 479.1"
"17,43 : 398.48"
"17,44 : 402.49"
"17,45 : 455.58"
"17,46 : 393.89"
"17,47 : 302.49"
"17,48 : 116.52"
"17,49 : 562.91"
"18,0 : 484.5"
"18,1 : 457.42"
"18,2 : 506.72"
"18,3 : 233.0"
"18,4 : 508.95"
"18,5 : 141.65"
"18,6 : 784.02"
"18,7 : 998.79"
"18,8 : 133.45"
"18,9 : 169.03"
"18,10 : 304.82"
"18,11 : 740.69"
"18,12 : 446.59"
"18,13 : 683.03"
"18,14 : 593.47"
"18,15 : 495.02"
"18,16 : 353.6"
"18,17 : 466.17"
"18,18 : 0.0"
"18,19 : 309.27"
"18,20 : 732.07"
"18,21 : 214.28"
"18,22 : 658.06"
"18,23 : 723.2"
"18,24 : 653.07"
"18,25 : 796.6"
"18,26 : 230.26"
"18,27 : 856.43"
"18,28 : 445.47"
"18,29 : 333.66"
"18,30 : 484.02"
"18,31 : 306.1"
"18,32 : 772.68"
"18,33 : 608.74"
"18,34 : 945.56"
"18,35 : 191.38"
"18,36 : 721.31"
"18,37 : 787.58"
"18,38 : 632.21"
"18,39 : 752.8"
"18,40 : 928.45"
"18,41 : 194.25"
"18,42 : 827.56"
"18,43 : 270.08"
"18,44 : 692.02"
"18,45 : 159.77"
"18,46 : 157.55"
"18,47 : 492.45"
"18,48 : 525.64"
"18,49 : 753.23"
"19,0 : 387.0"
"19,1 : 172.7"
"19,2 : 240.35"
"19,3 : 481.13"
"19,4 : 370.74"
"19,5 : 426.64"
"19,6 : 495.06"
"19,7 : 693.75"
"19,8 : 392.94"
"19,9 : 197.69"
"19,10 : 355.11"
"19,11 : 536.81"
"19,12 : 206.17"
"19,13 : 545.51"
"19,14 : 467.31"
"19,15 : 388.03"
"19,16 : 421.0"
"19,17 : 283.59"
"19,18 : 309.27"
"19,19 : 0.0"
"19,20 : 423.09"
"19,21 : 496.85"
"19,22 : 349.18"
"19,23 : 524.67"
"19,24 : 348.38"
"19,25 : 490.74"
"19,26 : 484.54"
"19,27 : 549.81"
"19,28 : 287.65"
"19,29 : 475.94"
"19,30 : 274.63"
"19,31 : 21.21"
"19,32 : 543.0"
"19,33 : 306.89"
"19,34 : 639.94"
"19,35 : 360.31"
"19,36 : 486.33"
"19,37 : 480.91"
"19,38 : 367.95"
"19,39 : 482.25"
"19,40 : 638.85"
"19,41 : 311.19"
"19,42 : 521.86"
"19,43 : 118.34"
"19,44 : 656.25"
"19,45 : 398.83"
"19,46 : 346.93"
"19,47 : 498.63"
"19,48 : 276.41"
"19,49 : 455.25"
"20,0 : 601.77"
"20,1 : 315.65"
"20,2 : 322.5"
"20,3 : 879.67"
"20,4 : 512.99"
"20,5 : 841.65"
"20,6 : 246.33"
"20,7 : 304.11"
"20,8 : 803.1"
"20,9 : 598.59"
"20,10 : 683.46"
"20,11 : 514.48"
"20,12 : 359.2"
"20,13 : 592.16"
"20,14 : 568.12"
"20,15 : 558.87"
"20,16 : 735.78"
"20,17 : 465.28"
"20,18 : 732.07"
"20,19 : 423.09"
"20,20 : 0.0"
"20,21 : 915.01"
"20,22 : 74.06"
"20,23 : 473.34"
"20,24 : 135.06"
"20,25 : 131.11"
"20,26 : 885.3"
"20,27 : 136.72"
"20,28 : 498.23"
"20,29 : 842.38"
"20,30 : 424.84"
"20,31 : 428.65"
"20,32 : 461.05"
"20,33 : 147.6"
"20,34 : 251.29"
"20,35 : 758.97"
"20,36 : 420.75"
"20,37 : 116.11"
"20,38 : 309.92"
"20,39 : 316.08"
"20,40 : 333.06"
"20,41 : 704.41"
"20,42 : 153.05"
"20,43 : 488.03"
"20,44 : 840.27"
"20,45 : 811.33"
"20,46 : 753.75"
"20,47 : 767.77"
"20,48 : 351.65"
"20,49 : 132.2"
"21,0 : 528.61"
"21,1 : 615.34"
"21,2 : 647.98"
"21,3 : 324.55"
"21,4 : 721.39"
"21,5 : 231.49"
"21,6 : 926.87"
"21,7 : 1159.55"
"21,8 : 267.13"
"21,9 : 383.26"
"21,10 : 498.08"
"21,11 : 818.06"
"21,12 : 656.85"
"21,13 : 892.57"
"21,14 : 803.13"
"21,15 : 704.71"
"21,16 : 533.92"
"21,17 : 565.21"
"21,18 : 214.28"
"21,19 : 496.85"
"21,20 : 915.01"
"21,21 : 0.0"
"21,22 : 842.13"
"21,23 : 937.34"
"21,24 : 819.59"
"21,25 : 962.17"
"21,26 : 315.1"
"21,27 : 1045.32"
"21,28 : 535.05"
"21,29 : 245.0"
"21,30 : 594.9"
"21,31 : 488.01"
"21,32 : 866.28"
"21,33 : 803.54"
"21,34 : 1108.3"
"21,35 : 184.61"
"21,36 : 822.33"
"21,37 : 955.11"
"21,38 : 761.18"
"21,39 : 879.64"
"21,40 : 1067.82"
"21,41 : 235.77"
"21,42 : 992.23"
"21,43 : 480.21"
"21,44 : 659.04"
"21,45 : 110.34"
"21,46 : 172.59"
"21,47 : 463.86"
"21,48 : 654.11"
"21,49 : 951.22"
"22,0 : 550.07"
"22,1 : 250.29"
"22,2 : 267.81"
"22,3 : 807.07"
"22,4 : 460.67"
"22,5 : 767.84"
"22,6 : 263.17"
"22,7 : 369.01"
"22,8 : 729.55"
"22,9 : 525.16"
"22,10 : 615.73"
"22,11 : 497.18"
"22,12 : 294.26"
"22,13 : 557.68"
"22,14 : 524.14"
"22,15 : 504.87"
"22,16 : 669.93"
"22,17 : 411.52"
"22,18 : 658.06"
"22,19 : 349.18"
"22,20 : 74.06"
"22,21 : 842.13"
"22,22 : 0.0"
"22,23 : 450.88"
"22,24 : 106.53"
"22,25 : 177.54"
"22,26 : 812.53"
"22,27 : 204.8"
"22,28 : 442.75"
"22,29 : 775.96"
"22,30 : 372.29"
"22,31 : 355.11"
"22,32 : 452.82"
"22,33 : 89.27"
"22,34 : 315.01"
"22,35 : 688.32"
"22,36 : 406.31"
"22,37 : 163.32"
"22,38 : 281.81"
"22,39 : 316.24"
"22,40 : 373.77"
"22,41 : 634.11"
"22,42 : 205.55"
"22,43 : 415.08"
"22,44 : 798.61"
"22,45 : 739.14"
"22,46 : 682.14"
"22,47 : 712.83"
"22,48 : 302.65"
"22,49 : 153.94"
"23,0 : 889.89"
"23,1 : 581.26"
"23,2 : 641.11"
"23,3 : 738.66"
"23,4 : 225.06"
"23,5 : 759.14"
"23,6 : 712.46"
"23,7 : 741.22"
"23,8 : 711.97"
"23,9 : 554.82"
"23,10 : 487.05"
"23,11 : 929.71"
"23,12 : 318.53"
"23,13 : 144.9"
"23,14 : 184.17"
"23,15 : 259.02"
"23,16 : 498.84"
"23,17 : 760.54"
"23,18 : 723.2"
"23,19 : 524.67"
"23,20 : 473.34"
"23,21 : 937.34"
"23,22 : 450.88"
"23,23 : 0.0"
"23,24 : 553.02"
"23,25 : 604.04"
"23,26 : 748.74"
"23,27 : 477.14"
"23,28 : 779.11"
"23,29 : 988.6"
"23,30 : 732.63"
"23,31 : 544.94"
"23,32 : 896.02"
"23,33 : 372.56"
"23,34 : 697.14"
"23,35 : 855.93"
"23,36 : 845.0"
"23,37 : 589.14"
"23,38 : 711.06"
"23,39 : 765.98"
"23,40 : 805.26"
"23,41 : 816.51"
"23,42 : 622.92"
"23,43 : 472.82"
"23,44 : 1160.94"
"23,45 : 867.95"
"23,46 : 832.88"
"23,47 : 1020.36"
"23,48 : 686.92"
"23,49 : 356.81"
"24,0 : 468.67"
"24,1 : 204.84"
"24,2 : 194.25"
"24,3 : 826.46"
"24,4 : 539.09"
"24,5 : 774.99"
"24,6 : 174.14"
"24,7 : 345.86"
"24,8 : 740.96"
"24,9 : 541.05"
"24,10 : 659.97"
"24,11 : 391.03"
"24,12 : 355.39"
"24,13 : 652.47"
"24,14 : 611.26"
"24,15 : 580.19"
"24,16 : 719.14"
"24,17 : 334.05"
"24,18 : 653.07"
"24,19 : 348.38"
"24,20 : 135.06"
"24,21 : 819.59"
"24,22 : 106.53"
"24,23 : 553.02"
"24,24 : 0.0"
"24,25 : 143.68"
"24,26 : 830.6"
"24,27 : 266.27"
"24,28 : 368.03"
"24,29 : 724.22"
"24,30 : 293.14"
"24,31 : 347.91"
"24,32 : 346.54"
"24,33 : 181.55"
"24,34 : 292.49"
"24,35 : 653.24"
"24,36 : 299.81"
"24,37 : 135.62"
"24,38 : 178.06"
"24,39 : 213.18"
"24,40 : 305.2"
"24,41 : 597.86"
"24,42 : 174.52"
"24,43 : 438.53"
"24,44 : 705.3"
"24,45 : 712.25"
"24,46 : 652.18"
"24,47 : 636.02"
"24,48 : 218.66"
"24,49 : 254.13"
"25,0 : 579.38"
"25,1 : 346.83"
"25,2 : 324.91"
"25,3 : 965.94"
"25,4 : 637.22"
"25,5 : 917.29"
"25,6 : 134.47"
"25,7 : 203.09"
"25,8 : 882.37"
"25,9 : 680.8"
"25,10 : 787.99"
"25,11 : 431.18"
"25,12 : 470.41"
"25,13 : 723.02"
"25,14 : 696.74"
"25,15 : 681.93"
"25,16 : 844.17"
"25,17 : 453.84"
"25,18 : 796.6"
"25,19 : 490.74"
"25,20 : 131.11"
"25,21 : 962.17"
"25,22 : 177.54"
"25,23 : 604.04"
"25,24 : 143.68"
"25,25 : 0.0"
"25,26 : 970.48"
"25,27 : 192.0"
"25,28 : 489.31"
"25,29 : 856.98"
"25,30 : 413.02"
"25,31 : 491.08"
"25,32 : 366.87"
"25,33 : 265.94"
"25,34 : 149.2"
"25,35 : 793.42"
"25,36 : 337.6"
"25,37 : 15.03"
"25,38 : 260.16"
"25,39 : 219.42"
"25,40 : 201.99"
"25,41 : 737.96"
"25,42 : 31.14"
"25,43 : 575.31"
"25,44 : 790.41"
"25,45 : 854.24"
"25,46 : 793.7"
"25,47 : 748.95"
"25,48 : 337.98"
"25,49 : 254.78"
"26,0 : 714.76"
"26,1 : 652.22"
"26,2 : 711.2"
"26,3 : 11.4"
"26,4 : 524.12"
"26,5 : 96.3"
"26,6 : 978.92"
"26,7 : 1173.21"
"26,8 : 99.46"
"26,9 : 289.71"
"26,10 : 261.82"
"26,11 : 965.86"
"26,12 : 547.58"
"26,13 : 665.82"
"26,14 : 581.9"
"26,15 : 491.24"
"26,16 : 265.48"
"26,17 : 690.02"
"26,18 : 230.26"
"26,19 : 484.54"
"26,20 : 885.3"
"26,21 : 315.1"
"26,22 : 812.53"
"26,23 : 748.74"
"26,24 : 830.6"
"26,25 : 970.48"
"26,26 : 0.0"
"26,27 : 995.36"
"26,28 : 671.89"
"26,29 : 526.69"
"26,30 : 703.82"
"26,31 : 489.29"
"26,32 : 993.08"
"26,33 : 746.09"
"26,34 : 1118.91"
"26,35 : 401.17"
"26,36 : 939.84"
"26,37 : 959.51"
"26,38 : 839.86"
"26,39 : 958.88"
"26,40 : 1123.08"
"26,41 : 418.43"
"26,42 : 1001.58"
"26,43 : 397.48"
"26,44 : 914.2"
"26,45 : 340.03"
"26,46 : 368.35"
"26,47 : 713.09"
"26,48 : 736.7"
"26,49 : 876.45"
"27,0 : 734.94"
"27,1 : 452.14"
"27,2 : 458.02"
"27,3 : 988.88"
"27,4 : 572.88"
"27,5 : 958.93"
"27,6 : 326.44"
"27,7 : 265.42"
"27,8 : 918.28"
"27,9 : 714.13"
"27,10 : 776.4"
"27,11 : 620.46"
"27,12 : 452.63"
"27,13 : 613.05"
"27,14 : 608.79"
"27,15 : 620.74"
"27,16 : 822.63"
"27,17 : 599.85"
"27,18 : 856.43"
"27,19 : 549.81"
"27,20 : 136.72"
"27,21 : 1045.32"
"27,22 : 204.8"
"27,23 : 477.14"
"27,24 : 266.27"
"27,25 : 192.0"
"27,26 : 995.36"
"27,27 : 0.0"
"27,28 : 633.35"
"27,29 : 978.87"
"27,30 : 559.1"
"27,31 : 557.4"
"27,32 : 558.31"
"27,33 : 250.28"
"27,34 : 225.94"
"27,35 : 893.12"
"27,36 : 526.26"
"27,37 : 182.5"
"27,38 : 431.5"
"27,39 : 410.5"
"27,40 : 361.13"
"27,41 : 838.91"
"27,42 : 191.69"
"27,43 : 601.93"
"27,44 : 965.93"
"27,45 : 943.3"
"27,46 : 886.71"
"27,47 : 902.13"
"27,48 : 484.91"
"27,49 : 132.85"
"28,0 : 112.38"
"28,1 : 206.2"
"28,2 : 175.82"
"28,3 : 672.79"
"28,4 : 654.25"
"28,5 : 587.1"
"28,6 : 415.53"
"28,7 : 664.42"
"28,8 : 572.47"
"28,9 : 434.77"
"28,10 : 621.9"
"28,11 : 295.37"
"28,12 : 471.35"
"28,13 : 822.82"
"28,14 : 749.6"
"28,15 : 674.71"
"28,16 : 688.17"
"28,17 : 35.74"
"28,18 : 445.47"
"28,19 : 287.65"
"28,20 : 498.23"
"28,21 : 535.05"
"28,22 : 442.75"
"28,23 : 779.11"
"28,24 : 368.03"
"28,25 : 489.31"
"28,26 : 671.89"
"28,27 : 633.35"
"28,28 : 0.0"
"28,29 : 376.14"
"28,30 : 76.3"
"28,31 : 267.43"
"28,32 : 333.42"
"28,33 : 460.0"
"28,34 : 619.19"
"28,35 : 350.69"
"28,36 : 287.41"
"28,37 : 487.61"
"28,38 : 243.34"
"28,39 : 353.17"
"28,40 : 547.01"
"28,41 : 300.04"
"28,42 : 514.71"
"28,43 : 398.9"
"28,44 : 381.85"
"28,45 : 426.0"
"28,46 : 364.8"
"28,47 : 270.13"
"28,48 : 151.6"
"28,49 : 593.01"
"29,0 : 328.15"
"29,1 : 526.74"
"29,2 : 532.37"
"29,3 : 533.78"
"29,4 : 798.29"
"29,5 : 431.43"
"29,6 : 791.57"
"29,7 : 1039.32"
"29,8 : 449.38"
"29,9 : 462.35"
"29,10 : 633.79"
"29,11 : 621.89"
"29,12 : 675.78"
"29,13 : 979.1"
"29,14 : 891.46"
"29,15 : 795.97"
"29,16 : 686.31"
"29,17 : 411.44"
"29,18 : 333.66"
"29,19 : 475.94"
"29,20 : 842.38"
"29,21 : 245.0"
"29,22 : 775.96"
"29,23 : 988.6"
"29,24 : 724.22"
"29,25 : 856.98"
"29,26 : 526.69"
"29,27 : 978.87"
"29,28 : 376.14"
"29,29 : 0.0"
"29,30 : 449.72"
"29,31 : 458.77"
"29,32 : 681.56"
"29,33 : 763.03"
"29,34 : 992.74"
"29,35 : 145.25"
"29,36 : 646.72"
"29,37 : 853.37"
"29,38 : 619.39"
"29,39 : 727.67"
"29,40 : 922.17"
"29,41 : 172.81"
"29,42 : 884.25"
"29,43 : 517.77"
"29,44 : 414.65"
"29,45 : 186.98"
"29,46 : 177.49"
"29,47 : 224.24"
"29,48 : 521.81"
"29,49 : 910.56"
"30,0 : 177.79"
"30,1 : 151.43"
"30,2 : 104.69"
"30,3 : 703.56"
"30,4 : 626.19"
"30,5 : 624.31"
"30,6 : 342.38"
"30,7 : 589.7"
"30,8 : 604.68"
"30,9 : 446.76"
"30,10 : 625.08"
"30,11 : 267.48"
"30,12 : 435.73"
"30,13 : 787.58"
"30,14 : 719.27"
"30,15 : 651.31"
"30,16 : 691.52"
"30,17 : 41.11"
"30,18 : 484.02"
"30,19 : 274.63"
"30,20 : 424.84"
"30,21 : 594.9"
"30,22 : 372.29"
"30,23 : 732.63"
"30,24 : 293.14"
"30,25 : 413.02"
"30,26 : 703.82"
"30,27 : 559.1"
"30,28 : 76.3"
"30,29 : 449.72"
"30,30 : 0.0"
"30,31 : 256.97"
"30,32 : 289.35"
"30,33 : 397.13"
"30,34 : 543.8"
"30,35 : 412.42"
"30,36 : 237.29"
"30,37 : 411.33"
"30,38 : 170.66"
"30,39 : 285.51"
"30,40 : 477.23"
"30,41 : 359.24"
"30,42 : 438.51"
"30,43 : 392.12"
"30,44 : 435.27"
"30,45 : 484.74"
"30,46 : 422.64"
"30,47 : 343.06"
"30,48 : 75.43"
"30,49 : 524.43"
"31,0 : 366.01"
"31,1 : 163.88"
"31,2 : 228.71"
"31,3 : 486.34"
"31,4 : 391.9"
"31,5 : 427.91"
"31,6 : 489.64"
"31,7 : 693.75"
"31,8 : 395.94"
"31,9 : 205.65"
"31,10 : 370.05"
"31,11 : 520.81"
"31,12 : 226.42"
"31,13 : 566.71"
"31,14 : 488.5"
"31,15 : 408.88"
"31,16 : 436.22"
"31,17 : 264.38"
"31,18 : 306.1"
"31,19 : 21.21"
"31,20 : 428.65"
"31,21 : 488.01"
"31,22 : 355.11"
"31,23 : 544.94"
"31,24 : 347.91"
"31,25 : 491.08"
"31,26 : 489.29"
"31,27 : 557.4"
"31,28 : 267.43"
"31,29 : 458.77"
"31,30 : 256.97"
"31,31 : 0.0"
"31,32 : 529.18"
"31,33 : 317.51"
"31,34 : 640.22"
"31,35 : 346.3"
"31,36 : 472.76"
"31,37 : 481.75"
"31,38 : 357.28"
"31,39 : 473.21"
"31,40 : 633.9"
"31,41 : 296.03"
"31,42 : 522.12"
"31,43 : 135.15"
"31,44 : 635.08"
"31,45 : 387.92"
"31,46 : 334.43"
"31,47 : 477.67"
"31,48 : 262.72"
"31,49 : 466.41"
"32,0 : 353.62"
"32,1 : 377.43"
"32,2 : 305.08"
"32,3 : 992.7"
"32,4 : 848.4"
"32,5 : 913.4"
"32,6 : 233.94"
"32,7 : 452.15"
"32,8 : 894.0"
"32,9 : 729.77"
"32,10 : 897.98"
"32,11 : 77.32"
"32,12 : 652.71"
"32,13 : 984.56"
"32,14 : 932.05"
"32,15 : 882.61"
"32,16 : 963.6"
"32,17 : 307.71"
"32,18 : 772.68"
"32,19 : 543.0"
"32,20 : 461.05"
"32,21 : 866.28"
"32,22 : 452.82"
"32,23 : 896.02"
"32,24 : 346.54"
"32,25 : 366.87"
"32,26 : 993.08"
"32,27 : 558.31"
"32,28 : 333.42"
"32,29 : 681.56"
"32,30 : 289.35"
"32,31 : 529.18"
"32,32 : 0.0"
"32,33 : 523.68"
"32,34 : 427.16"
"32,35 : 681.69"
"32,36 : 57.08"
"32,37 : 375.81"
"32,38 : 191.21"
"32,39 : 147.87"
"32,40 : 292.11"
"32,41 : 632.69"
"32,42 : 373.88"
"32,43 : 660.44"
"32,44 : 467.47"
"32,45 : 758.28"
"32,46 : 697.64"
"32,47 : 500.23"
"32,48 : 266.61"
"32,49 : 592.03"
"33,0 : 571.46"
"33,1 : 254.91"
"33,2 : 294.48"
"33,3 : 739.88"
"33,4 : 371.52"
"33,5 : 708.68"
"33,6 : 349.2"
"33,7 : 451.47"
"33,8 : 668.03"
"33,9 : 463.85"
"33,10 : 536.71"
"33,11 : 560.4"
"33,12 : 211.8"
"33,13 : 471.83"
"33,14 : 435.41"
"33,15 : 416.0"
"33,16 : 588.31"
"33,17 : 432.84"
"33,18 : 608.74"
"33,19 : 306.89"
"33,20 : 147.6"
"33,21 : 803.54"
"33,22 : 89.27"
"33,23 : 372.56"
"33,24 : 181.55"
"33,25 : 265.94"
"33,26 : 746.09"
"33,27 : 250.28"
"33,28 : 460.0"
"33,29 : 763.03"
"33,30 : 397.13"
"33,31 : 317.51"
"33,32 : 523.68"
"33,33 : 0.0"
"33,34 : 398.25"
"33,35 : 662.06"
"33,36 : 473.47"
"33,37 : 251.44"
"33,38 : 341.44"
"33,39 : 394.67"
"33,40 : 463.04"
"33,41 : 609.88"
"33,42 : 292.98"
"33,43 : 351.65"
"33,44 : 831.81"
"33,45 : 705.31"
"33,46 : 651.72"
"33,47 : 726.13"
"33,48 : 336.43"
"33,49 : 149.11"
"34,0 : 699.2"
"34,1 : 493.48"
"34,2 : 464.77"
"34,3 : 1114.22"
"34,4 : 762.9"
"34,5 : 1066.45"
"34,6 : 212.04"
"34,7 : 54.41"
"34,8 : 1031.34"
"34,9 : 829.33"
"34,10 : 930.63"
"34,11 : 501.58"
"34,12 : 608.69"
"34,13 : 827.64"
"34,14 : 812.8"
"34,15 : 809.27"
"34,16 : 984.85"
"34,17 : 583.46"
"34,18 : 945.56"
"34,19 : 639.94"
"34,20 : 251.29"
"34,21 : 1108.3"
"34,22 : 315.01"
"34,23 : 697.14"
"34,24 : 292.49"
"34,25 : 149.2"
"34,26 : 1118.91"
"34,27 : 225.94"
"34,28 : 619.19"
"34,29 : 992.74"
"34,30 : 543.8"
"34,31 : 640.22"
"34,32 : 427.16"
"34,33 : 398.25"
"34,34 : 0.0"
"34,35 : 936.85"
"34,36 : 416.16"
"34,37 : 159.45"
"34,38 : 378.38"
"34,39 : 297.02"
"34,40 : 158.4"
"34,41 : 881.42"
"34,42 : 118.11"
"34,43 : 722.87"
"34,44 : 883.91"
"34,45 : 999.68"
"34,46 : 938.63"
"34,47 : 867.69"
"34,48 : 470.94"
"34,49 : 341.15"
"35,0 : 348.0"
"35,1 : 448.69"
"35,2 : 472.76"
"35,3 : 406.78"
"35,4 : 658.66"
"35,5 : 304.91"
"35,6 : 748.8"
"35,7 : 986.82"
"35,8 : 315.13"
"35,9 : 318.82"
"35,10 : 488.67"
"35,11 : 634.32"
"35,12 : 549.56"
"35,13 : 838.77"
"35,14 : 750.44"
"35,15 : 654.0"
"35,16 : 541.96"
"35,17 : 381.42"
"35,18 : 191.38"
"35,19 : 360.31"
"35,20 : 758.97"
"35,21 : 184.61"
"35,22 : 688.32"
"35,23 : 855.93"
"35,24 : 653.24"
"35,25 : 793.42"
"35,26 : 401.17"
"35,27 : 893.12"
"35,28 : 350.69"
"35,29 : 145.25"
"35,30 : 412.42"
"35,31 : 346.3"
"35,32 : 681.69"
"35,33 : 662.06"
"35,34 : 936.85"
"35,35 : 0.0"
"35,36 : 637.82"
"35,37 : 787.55"
"35,38 : 580.65"
"35,39 : 697.84"
"35,40 : 887.95"
"35,41 : 55.47"
"35,42 : 822.71"
"35,43 : 383.11"
"35,44 : 514.07"
"35,45 : 78.55"
"35,46 : 34.0"
"35,47 : 312.83"
"35,48 : 474.66"
"35,49 : 811.16"
"36,0 : 321.46"
"36,1 : 320.35"
"36,2 : 248.03"
"36,3 : 939.22"
"36,4 : 792.51"
"36,5 : 861.47"
"36,6 : 210.52"
"36,7 : 447.19"
"36,8 : 840.98"
"36,9 : 674.13"
"36,10 : 841.2"
"36,11 : 94.34"
"36,12 : 596.65"
"36,13 : 930.71"
"36,14 : 876.9"
"36,15 : 826.29"
"36,16 : 906.76"
"36,17 : 259.17"
"36,18 : 721.31"
"36,19 : 486.33"
"36,20 : 420.75"
"36,21 : 822.33"
"36,22 : 406.31"
"36,23 : 845.0"
"36,24 : 299.81"
"36,25 : 337.6"
"36,26 : 939.84"
"36,27 : 526.26"
"36,28 : 287.41"
"36,29 : 646.72"
"36,30 : 237.29"
"36,31 : 472.76"
"36,32 : 57.08"
"36,33 : 473.47"
"36,34 : 416.16"
"36,35 : 637.82"
"36,36 : 0.0"
"36,37 : 344.82"
"36,38 : 136.12"
"36,39 : 121.28"
"36,40 : 296.22"
"36,41 : 587.44"
"36,42 : 348.81"
"36,43 : 603.6"
"36,44 : 468.09"
"36,45 : 713.41"
"36,46 : 652.15"
"36,47 : 477.43"
"36,48 : 210.05"
"36,49 : 549.92"
"37,0 : 579.54"
"37,1 : 339.98"
"37,2 : 321.01"
"37,3 : 954.86"
"37,4 : 622.58"
"37,5 : 907.24"
"37,6 : 145.04"
"37,7 : 213.69"
"37,8 : 871.93"
"37,9 : 669.9"
"37,10 : 775.08"
"37,11 : 438.75"
"37,12 : 456.7"
"37,13 : 707.99"
"37,14 : 681.8"
"37,15 : 667.39"
"37,16 : 830.92"
"37,17 : 452.29"
"37,18 : 787.58"
"37,19 : 480.91"
"37,20 : 116.11"
"37,21 : 955.11"
"37,22 : 163.32"
"37,23 : 589.14"
"37,24 : 135.62"
"37,25 : 15.03"
"37,26 : 959.51"
"37,27 : 182.5"
"37,28 : 487.61"
"37,29 : 853.37"
"37,30 : 411.33"
"37,31 : 481.75"
"37,32 : 375.81"
"37,33 : 251.44"
"37,34 : 159.45"
"37,35 : 787.55"
"37,36 : 344.82"
"37,37 : 0.0"
"37,38 : 262.1"
"37,39 : 228.02"
"37,40 : 217.02"
"37,41 : 732.11"
"37,42 : 42.94"
"37,43 : 563.8"
"37,44 : 794.28"
"37,45 : 847.53"
"37,46 : 787.24"
"37,47 : 749.02"
"37,48 : 336.04"
"37,49 : 240.55"
"38,0 : 321.75"
"38,1 : 195.97"
"38,2 : 129.1"
"38,3 : 838.07"
"38,4 : 657.27"
"38,5 : 768.29"
"38,6 : 172.19"
"38,7 : 421.91"
"38,8 : 742.83"
"38,9 : 562.62"
"38,10 : 719.17"
"38,11 : 219.02"
"38,12 : 461.74"
"38,13 : 794.67"
"38,14 : 740.95"
"38,15 : 691.9"
"38,16 : 783.73"
"38,17 : 207.95"
"38,18 : 632.21"
"38,19 : 367.95"
"38,20 : 309.92"
"38,21 : 761.18"
"38,22 : 281.81"
"38,23 : 711.06"
"38,24 : 178.06"
"38,25 : 260.16"
"38,26 : 839.86"
"38,27 : 431.5"
"38,28 : 243.34"
"38,29 : 619.39"
"38,30 : 170.66"
"38,31 : 357.28"
"38,32 : 191.21"
"38,33 : 341.44"
"38,34 : 378.38"
"38,35 : 580.65"
"38,36 : 136.12"
"38,37 : 262.1"
"38,38 : 0.0"
"38,39 : 120.67"
"38,40 : 307.35"
"38,41 : 526.52"
"38,42 : 281.35"
"38,43 : 482.03"
"38,44 : 534.59"
"38,45 : 650.84"
"38,46 : 588.6"
"38,47 : 491.06"
"38,48 : 107.81"
"38,49 : 432.16"
"39,0 : 414.33"
"39,1 : 309.63"
"39,2 : 247.78"
"39,3 : 956.82"
"39,4 : 742.35"
"39,5 : 888.47"
"39,6 : 89.29"
"39,7 : 331.54"
"39,8 : 862.34"
"39,9 : 678.84"
"39,10 : 828.2"
"39,11 : 212.81"
"39,12 : 550.82"
"39,13 : 864.45"
"39,14 : 819.57"
"39,15 : 780.63"
"39,16 : 891.58"
"39,17 : 319.2"
"39,18 : 752.8"
"39,19 : 482.25"
"39,20 : 316.08"
"39,21 : 879.64"
"39,22 : 316.24"
"39,23 : 765.98"
"39,24 : 213.18"
"39,25 : 219.42"
"39,26 : 958.88"
"39,27 : 410.5"
"39,28 : 353.17"
"39,29 : 727.67"
"39,30 : 285.51"
"39,31 : 473.21"
"39,32 : 147.87"
"39,33 : 394.67"
"39,34 : 297.02"
"39,35 : 697.84"
"39,36 : 121.28"
"39,37 : 228.02"
"39,38 : 120.67"
"39,39 : 0.0"
"39,40 : 194.65"
"39,41 : 644.31"
"39,42 : 228.41"
"39,43 : 593.0"
"39,44 : 587.17"
"39,45 : 769.33"
"39,46 : 707.11"
"39,47 : 579.12"
"39,48 : 228.21"
"39,49 : 448.0"
"40,0 : 607.82"
"40,1 : 472.55"
"40,2 : 423.31"
"40,3 : 1119.89"
"40,4 : 834.04"
"40,5 : 1059.48"
"40,6 : 144.62"
"40,7 : 166.34"
"40,8 : 1029.53"
"40,9 : 836.01"
"40,10 : 964.67"
"40,11 : 369.3"
"40,12 : 658.28"
"40,13 : 924.96"
"40,14 : 897.08"
"40,15 : 877.55"
"40,16 : 1024.26"
"40,17 : 512.54"
"40,18 : 928.45"
"40,19 : 638.85"
"40,20 : 333.06"
"40,21 : 1067.82"
"40,22 : 373.77"
"40,23 : 805.26"
"40,24 : 305.2"
"40,25 : 201.99"
"40,26 : 1123.08"
"40,27 : 361.13"
"40,28 : 547.01"
"40,29 : 922.17"
"40,30 : 477.23"
"40,31 : 633.9"
"40,32 : 292.11"
"40,33 : 463.04"
"40,34 : 158.4"
"40,35 : 887.95"
"40,36 : 296.22"
"40,37 : 217.02"
"40,38 : 307.35"
"40,39 : 194.65"
"40,40 : 0.0"
"40,41 : 833.68"
"40,42 : 182.66"
"40,43 : 738.97"
"40,44 : 759.07"
"40,45 : 957.52"
"40,46 : 895.31"
"40,47 : 770.42"
"40,48 : 413.73"
"40,49 : 452.13"
"41,0 : 308.04"
"41,1 : 393.4"
"41,2 : 417.46"
"41,3 : 422.73"
"41,4 : 625.78"
"41,5 : 323.62"
"41,6 : 694.04"
"41,7 : 931.45"
"41,8 : 325.96"
"41,9 : 293.85"
"41,10 : 474.51"
"41,11 : 588.1"
"41,12 : 505.81"
"41,13 : 806.71"
"41,14 : 719.4"
"41,15 : 624.55"
"41,16 : 531.72"
"41,17 : 329.57"
"41,18 : 194.25"
"41,19 : 311.19"
"41,20 : 704.41"
"41,21 : 235.77"
"41,22 : 634.11"
"41,23 : 816.51"
"41,24 : 597.86"
"41,25 : 737.96"
"41,26 : 418.43"
"41,27 : 838.91"
"41,28 : 300.04"
"41,29 : 172.81"
"41,30 : 359.24"
"41,31 : 296.03"
"41,32 : 632.69"
"41,33 : 609.88"
"41,34 : 881.42"
"41,35 : 55.47"
"41,36 : 587.44"
"41,37 : 732.11"
"41,38 : 526.52"
"41,39 : 644.31"
"41,40 : 833.68"
"41,41 : 0.0"
"41,42 : 767.24"
"41,43 : 345.02"
"41,44 : 497.93"
"41,45 : 126.04"
"41,46 : 65.0"
"41,47 : 298.22"
"41,48 : 420.12"
"41,49 : 758.89"
"42,0 : 602.3"
"42,1 : 376.93"
"42,2 : 352.85"
"42,3 : 997.02"
"42,4 : 663.5"
"42,5 : 948.42"
"42,6 : 139.99"
"42,7 : 171.94"
"42,8 : 913.51"
"42,9 : 711.9"
"42,10 : 818.02"
"42,11 : 441.21"
"42,12 : 499.35"
"42,13 : 744.73"
"42,14 : 720.95"
"42,15 : 708.63"
"42,16 : 873.81"
"42,17 : 479.1"
"42,18 : 827.56"
"42,19 : 521.86"
"42,20 : 153.05"
"42,21 : 992.23"
"42,22 : 205.55"
"42,23 : 622.92"
"42,24 : 174.52"
"42,25 : 31.14"
"42,26 : 1001.58"
"42,27 : 191.69"
"42,28 : 514.71"
"42,29 : 884.25"
"42,30 : 438.51"
"42,31 : 522.12"
"42,32 : 373.88"
"42,33 : 292.98"
"42,34 : 118.11"
"42,35 : 822.71"
"42,36 : 348.81"
"42,37 : 42.94"
"42,38 : 281.35"
"42,39 : 228.41"
"42,40 : 182.66"
"42,41 : 767.24"
"42,42 : 0.0"
"42,43 : 606.26"
"42,44 : 807.27"
"42,45 : 884.1"
"42,46 : 823.4"
"42,47 : 771.85"
"42,48 : 363.89"
"42,49 : 269.64"
"43,0 : 490.81"
"43,1 : 286.1"
"43,2 : 356.35"
"43,3 : 392.17"
"43,4 : 284.6"
"43,5 : 357.26"
"43,6 : 597.46"
"43,7 : 777.26"
"43,8 : 316.4"
"43,9 : 112.36"
"43,10 : 237.68"
"43,11 : 655.15"
"43,12 : 176.78"
"43,13 : 465.42"
"43,14 : 380.6"
"43,15 : 291.36"
"43,16 : 303.16"
"43,17 : 398.48"
"43,18 : 270.08"
"43,19 : 118.34"
"43,20 : 488.03"
"43,21 : 480.21"
"43,22 : 415.08"
"43,23 : 472.82"
"43,24 : 438.53"
"43,25 : 575.31"
"43,26 : 397.48"
"43,27 : 601.93"
"43,28 : 398.9"
"43,29 : 517.77"
"43,30 : 392.12"
"43,31 : 135.15"
"43,32 : 660.44"
"43,33 : 351.65"
"43,34 : 722.87"
"43,35 : 383.11"
"43,36 : 603.6"
"43,37 : 563.8"
"43,38 : 482.03"
"43,39 : 593.0"
"43,40 : 738.97"
"43,41 : 345.02"
"43,42 : 606.26"
"43,43 : 0.0"
"43,44 : 754.34"
"43,45 : 399.13"
"43,46 : 360.47"
"43,47 : 582.66"
"43,48 : 394.05"
"43,49 : 489.88"
"44,0 : 271.71"
"44,1 : 584.41"
"44,2 : 537.43"
"44,3 : 919.2"
"44,4 : 1026.99"
"44,5 : 818.24"
"44,6 : 674.76"
"44,7 : 915.01"
"44,8 : 823.74"
"44,9 : 755.84"
"44,10 : 948.54"
"44,11 : 390.16"
"44,12 : 850.9"
"44,13 : 1200.22"
"44,14 : 1123.52"
"44,15 : 1042.46"
"44,16 : 1011.43"
"44,17 : 402.49"
"44,18 : 692.02"
"44,19 : 656.25"
"44,20 : 840.27"
"44,21 : 659.04"
"44,22 : 798.61"
"44,23 : 1160.94"
"44,24 : 705.3"
"44,25 : 790.41"
"44,26 : 914.2"
"44,27 : 965.93"
"44,28 : 381.85"
"44,29 : 414.65"
"44,30 : 435.27"
"44,31 : 635.08"
"44,32 : 467.47"
"44,33 : 831.81"
"44,34 : 883.91"
"44,35 : 514.07"
"44,36 : 468.09"
"44,37 : 794.28"
"44,38 : 534.59"
"44,39 : 587.17"
"44,40 : 759.07"
"44,41 : 497.93"
"44,42 : 807.27"
"44,43 : 754.34"
"44,44 : 0.0"
"44,45 : 583.59"
"44,46 : 546.14"
"44,47 : 201.25"
"44,48 : 497.33"
"44,49 : 952.52"
"45,0 : 426.55"
"45,1 : 507.55"
"45,2 : 538.21"
"45,3 : 346.92"
"45,4 : 660.52"
"45,5 : 244.5"
"45,6 : 816.75"
"45,7 : 1050.61"
"45,8 : 263.49"
"45,9 : 316.08"
"45,10 : 464.42"
"45,11 : 712.15"
"45,12 : 573.02"
"45,13 : 837.62"
"45,14 : 748.25"
"45,15 : 650.18"
"45,16 : 511.31"
"45,17 : 455.58"
"45,18 : 159.77"
"45,19 : 398.83"
"45,20 : 811.33"
"45,21 : 110.34"
"45,22 : 739.14"
"45,23 : 867.95"
"45,24 : 712.25"
"45,25 : 854.24"
"45,26 : 340.03"
"45,27 : 943.3"
"45,28 : 426.0"
"45,29 : 186.98"
"45,30 : 484.74"
"45,31 : 387.92"
"45,32 : 758.28"
"45,33 : 705.31"
"45,34 : 999.68"
"45,35 : 78.55"
"45,36 : 713.41"
"45,37 : 847.53"
"45,38 : 650.84"
"45,39 : 769.33"
"45,40 : 957.52"
"45,41 : 126.04"
"45,42 : 884.1"
"45,43 : 399.13"
"45,44 : 583.59"
"45,45 : 0.0"
"45,46 : 62.24"
"45,47 : 383.22"
"45,48 : 543.79"
"45,49 : 853.99"
"46,0 : 370.99"
"46,1 : 447.35"
"46,2 : 476.42"
"46,3 : 373.75"
"46,4 : 632.29"
"46,5 : 272.21"
"46,6 : 754.68"
"46,7 : 989.33"
"46,8 : 281.37"
"46,9 : 290.26"
"46,10 : 456.43"
"46,11 : 652.99"
"46,12 : 530.18"
"46,13 : 811.77"
"46,14 : 723.09"
"46,15 : 626.12"
"46,16 : 508.94"
"46,17 : 393.89"
"46,18 : 157.55"
"46,19 : 346.93"
"46,20 : 753.75"
"46,21 : 172.59"
"46,22 : 682.14"
"46,23 : 832.88"
"46,24 : 652.18"
"46,25 : 793.7"
"46,26 : 368.35"
"46,27 : 886.71"
"46,28 : 364.8"
"46,29 : 177.49"
"46,30 : 422.64"
"46,31 : 334.43"
"46,32 : 697.64"
"46,33 : 651.72"
"46,34 : 938.63"
"46,35 : 34.0"
"46,36 : 652.15"
"46,37 : 787.24"
"46,38 : 588.6"
"46,39 : 707.11"
"46,40 : 895.31"
"46,41 : 65.0"
"46,42 : 823.4"
"46,43 : 360.47"
"46,44 : 546.14"
"46,45 : 62.24"
"46,46 : 0.0"
"46,47 : 344.91"
"46,48 : 481.58"
"46,49 : 800.74"
"47,0 : 169.58"
"47,1 : 471.28"
"47,2 : 445.79"
"47,3 : 718.2"
"47,4 : 864.09"
"47,5 : 617.07"
"47,6 : 656.66"
"47,7 : 907.98"
"47,8 : 623.36"
"47,9 : 568.85"
"47,10 : 759.57"
"47,11 : 431.0"
"47,12 : 702.81"
"47,13 : 1042.35"
"47,14 : 960.93"
"47,15 : 873.99"
"47,16 : 820.64"
"47,17 : 302.49"
"47,18 : 492.45"
"47,19 : 498.63"
"47,20 : 767.77"
"47,21 : 463.86"
"47,22 : 712.83"
"47,23 : 1020.36"
"47,24 : 636.02"
"47,25 : 748.95"
"47,26 : 713.09"
"47,27 : 902.13"
"47,28 : 270.13"
"47,29 : 224.24"
"47,30 : 343.06"
"47,31 : 477.67"
"47,32 : 500.23"
"47,33 : 726.13"
"47,34 : 867.69"
"47,35 : 312.83"
"47,36 : 477.43"
"47,37 : 749.02"
"47,38 : 491.06"
"47,39 : 579.12"
"47,40 : 770.42"
"47,41 : 298.22"
"47,42 : 771.85"
"47,43 : 582.66"
"47,44 : 201.25"
"47,45 : 383.22"
"47,46 : 344.91"
"47,47 : 0.0"
"47,48 : 417.43"
"47,49 : 862.42"
"48,0 : 250.19"
"48,1 : 116.69"
"48,2 : 46.32"
"48,3 : 735.36"
"48,4 : 600.93"
"48,5 : 662.86"
"48,6 : 274.36"
"48,7 : 517.98"
"48,8 : 638.86"
"48,9 : 465.1"
"48,10 : 631.46"
"48,11 : 265.64"
