x,y
525,61
826,999
737,522
927,271
738,366
407,127
766,598
414,473
577,343
33,72
874,695
115,522
10,995
450,18
54,226
314,70
83,516
774,952
577,295
177,681
941,338
996,181
184,922
275,482
301,142
692,144
606,212
429,643
335,825
634,274
845,88
879,356
561,487
564,68
268,646
586,848
80,682
42,521
32,551
73,201
412,150
855,239
287,698
581,932
869,511
442,853
935,887
568,474
200,919
961,479

Distanze
"0,0 : 0.0"
"0,1 : 985.11"
"0,2 : 507.41"
"0,3 : 453.55"
"0,4 : 372.01"
"0,5 : 135.2"
"0,6 : 588.6"
"0,7 : 426.69"
"0,8 : 286.75"
"0,9 : 492.12"
"0,10 : 723.71"
"0,11 : 616.94"
"0,12 : 1066.57"
"0,13 : 86.45"
"0,14 : 499.07"
"0,15 : 211.19"
"0,16 : 634.34"
"0,17 : 925.14"
"0,18 : 239.71"
"0,19 : 710.99"
"0,20 : 499.78"
"0,21 : 486.05"
"0,22 : 926.07"
"0,23 : 489.63"
"0,24 : 238.2"
"0,25 : 186.49"
"0,26 : 171.35"
"0,27 : 589.86"
"0,28 : 787.27"
"0,29 : 239.27"
"0,30 : 321.14"
"0,31 : 460.8"
"0,32 : 427.52"
"0,33 : 39.62"
"0,34 : 638.96"
"0,35 : 789.36"
"0,36 : 763.98"
"0,37 : 667.0"
"0,38 : 695.09"
"0,39 : 473.18"
"0,40 : 143.84"
"0,41 : 374.95"
"0,42 : 680.01"
"0,43 : 872.8"
"0,44 : 566.42"
"0,45 : 796.34"
"0,46 : 922.16"
"0,47 : 415.23"
"0,48 : 917.49"
"0,49 : 604.0"
"1,0 : 985.11"
"1,1 : 0.0"
"1,2 : 485.23"
"1,3 : 734.97"
"1,4 : 639.09"
"1,5 : 967.44"
"1,6 : 405.46"
"1,7 : 668.15"
"1,8 : 701.67"
"1,9 : 1219.91"
"1,10 : 307.77"
"1,11 : 856.18"
"1,12 : 816.01"
"1,13 : 1050.59"
"1,14 : 1092.48"
"1,15 : 1060.75"
"1,16 : 886.19"
"1,17 : 70.09"
"1,18 : 746.74"
"1,19 : 722.72"
"1,20 : 670.93"
"1,21 : 835.48"
"1,22 : 646.6"
"1,23 : 755.57"
"1,24 : 1005.02"
"1,25 : 865.44"
"1,26 : 817.17"
"1,27 : 533.24"
"1,28 : 520.92"
"1,29 : 749.99"
"1,30 : 911.2"
"1,31 : 645.18"
"1,32 : 576.51"
"1,33 : 967.16"
"1,34 : 660.28"
"1,35 : 283.55"
"1,36 : 810.56"
"1,37 : 918.23"
"1,38 : 911.67"
"1,39 : 1097.18"
"1,40 : 944.56"
"1,41 : 760.55"
"1,42 : 617.35"
"1,43 : 254.0"
"1,44 : 489.89"
"1,45 : 410.82"
"1,46 : 156.28"
"1,47 : 584.97"
"1,48 : 631.09"
"1,49 : 537.24"
"2,0 : 507.41"
"2,1 : 485.23"
"2,2 : 0.0"
"2,3 : 314.8"
"2,4 : 156.0"
"2,5 : 514.71"
"2,6 : 81.34"
"2,7 : 326.7"
"2,8 : 240.09"
"2,9 : 835.53"
"2,10 : 220.68"
"2,11 : 622.0"
"2,12 : 867.33"
"2,13 : 579.99"
"2,14 : 744.38"
"2,15 : 619.06"
"2,16 : 654.03"
"2,17 : 431.59"
"2,18 : 277.72"
"2,19 : 582.13"
"2,20 : 274.72"
"2,21 : 428.21"
"2,22 : 682.5"
"2,23 : 463.73"
"2,24 : 578.36"
"2,25 : 380.67"
"2,26 : 336.54"
"2,27 : 330.92"
"2,28 : 503.4"
"2,29 : 268.54"
"2,30 : 447.24"
"2,31 : 218.45"
"2,32 : 179.45"
"2,33 : 485.84"
"2,34 : 485.12"
"2,35 : 359.27"
"2,36 : 676.2"
"2,37 : 695.0"
"2,38 : 705.6"
"2,39 : 737.52"
"2,40 : 493.97"
"2,41 : 306.62"
"2,42 : 483.19"
"2,43 : 438.68"
"2,44 : 132.46"
"2,45 : 443.38"
"2,46 : 415.25"
"2,47 : 175.68"
"2,48 : 667.82"
"2,49 : 228.09"
"3,0 : 453.55"
"3,1 : 734.97"
"3,2 : 314.8"
"3,3 : 0.0"
"3,4 : 211.53"
"3,5 : 539.57"
"3,6 : 364.49"
"3,7 : 551.34"
"3,8 : 357.33"
"3,9 : 915.88"
"3,10 : 427.3"
"3,11 : 849.91"
"3,12 : 1168.36"
"3,13 : 539.94"
"3,14 : 874.16"
"3,15 : 645.11"
"3,16 : 878.84"
"3,17 : 697.98"
"3,18 : 350.82"
"3,19 : 854.75"
"3,20 : 68.45"
"3,21 : 113.41"
"3,22 : 987.85"
"3,23 : 685.29"
"3,24 : 639.15"
"3,25 : 267.12"
"3,26 : 326.38"
"3,27 : 621.6"
"3,28 : 810.79"
"3,29 : 293.02"
"3,30 : 200.53"
"3,31 : 97.62"
"3,32 : 424.98"
"3,33 : 415.91"
"3,34 : 758.23"
"3,35 : 670.23"
"3,36 : 941.45"
"3,37 : 919.63"
"3,38 : 937.78"
"3,39 : 856.86"
"3,40 : 529.02"
"3,41 : 78.79"
"3,42 : 769.37"
"3,43 : 746.08"
"3,44 : 246.91"
"3,45 : 757.59"
"3,46 : 616.05"
"3,47 : 412.42"
"3,48 : 973.88"
"3,49 : 210.76"
"4,0 : 372.01"
"4,1 : 639.09"
"4,2 : 156.0"
"4,3 : 211.53"
"4,4 : 0.0"
"4,5 : 408.27"
"4,6 : 233.68"
"4,7 : 341.21"
"4,8 : 162.63"
"4,9 : 763.85"
"4,10 : 356.0"
"4,11 : 642.23"
"4,12 : 962.09"
"4,13 : 451.72"
"4,14 : 698.18"
"4,15 : 517.1"
"4,16 : 671.96"
"4,17 : 587.1"
"4,18 : 175.96"
"4,19 : 643.39"
"4,20 : 204.92"
"4,21 : 317.47"
"4,22 : 784.89"
"4,23 : 477.31"
"4,24 : 491.07"
"4,25 : 226.72"
"4,26 : 202.83"
"4,27 : 414.98"
"4,28 : 610.81"
"4,29 : 138.85"
"4,30 : 297.88"
"4,31 : 141.35"
"4,32 : 214.41"
"4,33 : 345.08"
"4,34 : 547.08"
"4,35 : 505.4"
"4,36 : 729.95"
"4,37 : 713.05"
"4,38 : 729.84"
"4,39 : 685.16"
"4,40 : 391.07"
"4,41 : 172.68"
"4,42 : 560.02"
"4,43 : 587.37"
"4,44 : 195.41"
"4,45 : 569.9"
"4,46 : 557.0"
"4,47 : 201.41"
"4,48 : 771.53"
"4,49 : 250.0"
"5,0 : 135.2"
"5,1 : 967.44"
"5,2 : 514.71"
"5,3 : 539.57"
"5,4 : 408.27"
"5,5 : 0.0"
"5,6 : 592.22"
"5,7 : 346.07"
"5,8 : 274.87"
"5,9 : 378.02"
"5,10 : 735.33"
"5,11 : 491.21"
"5,12 : 954.48"
"5,13 : 117.18"
"5,14 : 366.62"
"5,15 : 109.08"
"5,16 : 506.26"
"5,17 : 902.95"
"5,18 : 239.01"
"5,19 : 599.85"
"5,20 : 574.18"
"5,21 : 591.47"
"5,22 : 825.68"
"5,23 : 378.75"
"5,24 : 107.06"
"5,25 : 285.51"
"5,26 : 216.39"
"5,27 : 516.47"
"5,28 : 701.7"
"5,29 : 270.44"
"5,30 : 439.73"
"5,31 : 524.62"
"5,32 : 391.56"
"5,33 : 167.72"
"5,34 : 537.29"
"5,35 : 742.89"
"5,36 : 644.17"
"5,37 : 537.09"
"5,38 : 566.04"
"5,39 : 342.1"
"5,40 : 23.54"
"5,41 : 461.79"
"5,42 : 583.47"
"5,43 : 823.59"
"5,44 : 600.75"
"5,45 : 726.84"
"5,46 : 925.41"
"5,47 : 382.53"
"5,48 : 818.6"
"5,49 : 656.37"
"6,0 : 588.6"
"6,1 : 405.46"
"6,2 : 81.34"
"6,3 : 364.49"
"6,4 : 233.68"
"6,5 : 592.22"
"6,6 : 0.0"
"6,7 : 373.54"
"6,8 : 317.41"
"6,9 : 902.2"
"6,10 : 145.17"
"6,11 : 655.42"
"6,12 : 853.9"
"6,13 : 660.5"
"6,14 : 803.32"
"6,15 : 695.05"
"6,16 : 687.9"
"6,17 : 354.09"
"6,18 : 357.11"
"6,19 : 594.82"
"6,20 : 313.41"
"6,21 : 476.22"
"6,22 : 666.11"
"6,23 : 504.52"
"6,24 : 651.28"
"6,25 : 459.99"
"6,26 : 417.85"
"6,27 : 339.99"
"6,28 : 487.12"
"6,29 : 349.86"
"6,30 : 516.08"
"6,31 : 267.08"
"6,32 : 233.12"
"6,33 : 567.19"
"6,34 : 500.31"
"6,35 : 308.06"
"6,36 : 691.12"
"6,37 : 728.08"
"6,38 : 735.5"
"6,39 : 798.66"
"6,40 : 570.98"
"6,41 : 369.87"
"6,42 : 489.33"
"6,43 : 381.81"
"6,44 : 134.83"
"6,45 : 412.31"
"6,46 : 334.79"
"6,47 : 233.62"
"6,48 : 650.69"
"6,49 : 228.44"
"7,0 : 426.69"
"7,1 : 668.15"
"7,2 : 326.7"
"7,3 : 551.34"
"7,4 : 341.21"
"7,5 : 346.07"
"7,6 : 373.54"
"7,7 : 0.0"
"7,8 : 208.49"
"7,9 : 553.14"
"7,10 : 510.77"
"7,11 : 302.99"
"7,12 : 660.08"
"7,13 : 456.42"
"7,14 : 436.59"
"7,15 : 415.22"
"7,16 : 333.78"
"7,17 : 599.2"
"7,18 : 241.36"
"7,19 : 315.33"
"7,20 : 544.02"
"7,21 : 651.14"
"7,22 : 504.48"
"7,23 : 139.29"
"7,24 : 349.76"
"7,25 : 430.73"
"7,26 : 324.01"
"7,27 : 170.66"
"7,28 : 360.76"
"7,29 : 296.65"
"7,30 : 577.92"
"7,31 : 479.49"
"7,32 : 147.67"
"7,33 : 431.89"
"7,34 : 226.37"
"7,35 : 412.56"
"7,36 : 394.0"
"7,37 : 375.08"
"7,38 : 389.88"
"7,39 : 436.19"
"7,40 : 323.01"
"7,41 : 499.24"
"7,42 : 258.37"
"7,43 : 488.44"
"7,44 : 456.58"
"7,45 : 381.03"
"7,46 : 665.46"
"7,47 : 154.0"
"7,48 : 494.68"
"7,49 : 547.03"
"8,0 : 286.75"
"8,1 : 701.67"
"8,2 : 240.09"
"8,3 : 357.33"
"8,4 : 162.63"
"8,5 : 274.87"
"8,6 : 317.41"
"8,7 : 208.49"
"8,8 : 0.0"
"8,9 : 607.76"
"8,10 : 460.56"
"8,11 : 495.46"
"8,12 : 864.06"
"8,13 : 348.93"
"8,14 : 535.93"
"8,15 : 379.08"
"8,16 : 523.42"
"8,17 : 640.07"
"8,18 : 48.0"
"8,19 : 523.68"
"8,20 : 364.03"
"8,21 : 449.23"
"8,22 : 699.78"
"8,23 : 332.45"
"8,24 : 341.43"
"8,25 : 229.84"
"8,26 : 134.17"
"8,27 : 334.52"
"8,28 : 539.34"
"8,29 : 89.5"
"8,30 : 369.93"
"8,31 : 302.28"
"8,32 : 144.89"
"8,33 : 275.31"
"8,34 : 432.77"
"8,35 : 505.08"
"8,36 : 601.61"
"8,37 : 563.83"
"8,38 : 583.34"
"8,39 : 523.62"
"8,40 : 253.92"
"8,41 : 296.82"
"8,42 : 458.39"
"8,43 : 589.01"
"8,44 : 336.88"
"8,45 : 527.57"
"8,46 : 651.23"
"8,47 : 131.31"
"8,48 : 688.41"
"8,49 : 407.37"
"9,0 : 492.12"
"9,1 : 1219.91"
"9,2 : 835.53"
"9,3 : 915.88"
"9,4 : 763.85"
"9,5 : 378.02"
"9,6 : 902.2"
"9,7 : 553.14"
"9,8 : 607.76"
"9,9 : 0.0"
"9,10 : 1046.62"
"9,11 : 457.41"
"9,12 : 923.29"
"9,13 : 420.48"
"9,14 : 155.43"
"9,15 : 281.01"
"9,16 : 446.81"
"9,17 : 1150.43"
"9,18 : 587.93"
"9,19 : 625.79"
"9,20 : 946.16"
"9,21 : 969.15"
"9,22 : 863.31"
"9,23 : 476.09"
"9,24 : 276.99"
"9,25 : 662.92"
"9,26 : 589.86"
"9,27 : 694.88"
"9,28 : 811.3"
"9,29 : 634.04"
"9,30 : 812.16"
"9,31 : 892.4"
"9,32 : 671.57"
"9,33 : 531.02"
"9,34 : 620.24"
"9,35 : 952.88"
"9,36 : 611.81"
"9,37 : 449.09"
"9,38 : 479.0"
"9,39 : 135.06"
"9,40 : 386.94"
"9,41 : 838.79"
"9,42 : 675.57"
"9,43 : 1019.76"
"9,44 : 944.25"
"9,45 : 881.61"
"9,46 : 1215.66"
"9,47 : 669.2"
"9,48 : 863.31"
"9,49 : 1013.33"
"10,0 : 723.71"
"10,1 : 307.77"
"10,2 : 220.68"
"10,3 : 427.3"
"10,4 : 356.0"
"10,5 : 735.33"
"10,6 : 145.17"
"10,7 : 510.77"
"10,8 : 460.56"
"10,9 : 1046.62"
"10,10 : 0.0"
"10,11 : 778.47"
"10,12 : 914.6"
"10,13 : 798.81"
"10,14 : 944.65"
"10,15 : 839.18"
"10,16 : 811.0"
"10,17 : 275.77"
"10,18 : 498.21"
"10,19 : 697.14"
"10,20 : 363.23"
"10,21 : 528.28"
"10,22 : 726.38"
"10,23 : 635.74"
"10,24 : 796.33"
"10,25 : 580.28"
"10,26 : 552.37"
"10,27 : 448.03"
"10,28 : 554.46"
"10,29 : 484.6"
"10,30 : 607.69"
"10,31 : 339.04"
"10,32 : 375.81"
"10,33 : 699.45"
"10,34 : 607.98"
"10,35 : 326.12"
"10,36 : 794.11"
"10,37 : 850.0"
"10,38 : 854.22"
"10,39 : 941.08"
"10,40 : 714.47"
"10,41 : 456.4"
"10,42 : 587.01"
"10,43 : 376.85"
"10,44 : 184.07"
"10,45 : 459.99"
"10,46 : 201.46"
"10,47 : 377.46"
"10,48 : 710.25"
"10,49 : 232.86"
"11,0 : 616.94"
"11,1 : 856.18"
"11,2 : 622.0"
"11,3 : 849.91"
"11,4 : 642.23"
"11,5 : 491.21"
"11,6 : 655.42"
"11,7 : 302.99"
"11,8 : 495.46"
"11,9 : 457.41"
"11,10 : 778.47"
"11,11 : 0.0"
"11,12 : 484.51"
"11,13 : 605.18"
"11,14 : 302.22"
"11,15 : 493.87"
"11,16 : 32.56"
"11,17 : 786.88"
"11,18 : 514.76"
"11,19 : 170.66"
"11,20 : 846.25"
"11,21 : 944.69"
"11,22 : 405.91"
"11,23 : 164.92"
"11,24 : 423.08"
"11,25 : 689.79"
"11,26 : 580.67"
"11,27 : 336.51"
"11,28 : 374.44"
"11,29 : 575.21"
"11,30 : 849.27"
"11,31 : 781.83"
"11,32 : 447.37"
"11,33 : 638.53"
"11,34 : 196.94"
"11,35 : 572.81"
"11,36 : 163.78"
"11,37 : 73.01"
"11,38 : 87.92"
"11,39 : 323.74"
"11,40 : 476.02"
"11,41 : 792.27"
"11,42 : 246.09"
"11,43 : 620.69"
"11,44 : 754.08"
"11,45 : 465.28"
"11,46 : 897.57"
"11,47 : 455.54"
"11,48 : 406.0"
"11,49 : 847.09"
"12,0 : 1066.57"
"12,1 : 816.01"
"12,2 : 867.33"
"12,3 : 1168.36"
"12,4 : 962.09"
"12,5 : 954.48"
"12,6 : 853.9"
"12,7 : 660.08"
"12,8 : 864.06"
"12,9 : 923.29"
"12,10 : 914.6"
"12,11 : 484.51"
"12,12 : 0.0"
"12,13 : 1071.51"
"12,14 : 770.26"
"12,15 : 973.67"
"12,16 : 484.53"
"12,17 : 765.21"
"12,18 : 900.83"
"12,19 : 355.65"
"12,20 : 1139.48"
"12,21 : 1278.59"
"12,22 : 188.69"
"12,23 : 577.4"
"12,24 : 901.27"
"12,25 : 1090.56"
"12,26 : 984.02"
"12,27 : 547.23"
"12,28 : 366.78"
"12,29 : 953.53"
"12,30 : 1232.83"
"12,31 : 1078.65"
"12,32 : 749.44"
"12,33 : 1079.93"
"12,34 : 434.01"
"12,35 : 594.46"
"12,36 : 320.73"
"12,37 : 475.08"
"12,38 : 444.54"
"12,39 : 796.5"
"12,40 : 935.75"
"12,41 : 1133.83"
"12,42 : 406.13"
"12,43 : 574.46"
"12,44 : 985.97"
"12,45 : 454.74"
"12,46 : 931.28"
"12,47 : 763.42"
"12,48 : 204.64"
"12,49 : 1081.97"
"13,0 : 86.45"
"13,1 : 1050.59"
"13,2 : 579.99"
"13,3 : 539.94"
"13,4 : 451.72"
"13,5 : 117.18"
"13,6 : 660.5"
"13,7 : 456.42"
"13,8 : 348.93"
"13,9 : 420.48"
"13,10 : 798.81"
"13,11 : 605.18"
"13,12 : 1071.51"
"13,13 : 0.0"
"13,14 : 447.3"
"13,15 : 145.6"
"13,16 : 618.62"
"13,17 : 988.6"
"13,18 : 304.73"
"13,19 : 717.01"
"13,20 : 586.07"
"13,21 : 569.81"
"13,22 : 942.32"
"13,23 : 495.9"
"13,24 : 193.85"
"13,25 : 272.84"
"13,26 : 248.94"
"13,27 : 625.35"
"13,28 : 815.15"
"13,29 : 315.26"
"13,30 : 401.15"
"13,31 : 546.15"
"13,32 : 481.96"
"13,33 : 124.48"
"13,34 : 653.84"
"13,35 : 841.07"
"13,36 : 760.13"
"13,37 : 647.67"
"13,38 : 677.36"
"13,39 : 419.07"
"13,40 : 137.36"
"13,41 : 461.37"
"13,42 : 699.26"
"13,43 : 923.34"
"13,44 : 647.0"
"13,45 : 835.04"
"13,46 : 995.18"
"13,47 : 471.02"
"13,48 : 935.04"
"13,49 : 688.22"
"14,0 : 499.07"
"14,1 : 1092.48"
"14,2 : 744.38"
"14,3 : 874.16"
"14,4 : 698.18"
"14,5 : 366.62"
"14,6 : 803.32"
"14,7 : 436.59"
"14,8 : 535.93"
"14,9 : 155.43"
"14,10 : 944.65"
"14,11 : 302.22"
"14,12 : 770.26"
"14,13 : 447.3"
"14,14 : 0.0"
"14,15 : 303.21"
"14,16 : 291.45"
"14,17 : 1022.49"
"14,18 : 527.53"
"14,19 : 471.33"
"14,20 : 894.04"
"14,21 : 943.07"
"14,22 : 708.04"
"14,23 : 338.2"
"14,24 : 260.89"
"14,25 : 643.25"
"14,26 : 552.18"
"14,27 : 560.82"
"14,28 : 661.64"
"14,29 : 581.98"
"14,30 : 802.95"
"14,31 : 835.18"
"14,32 : 570.24"
"14,33 : 533.91"
"14,34 : 471.38"
"14,35 : 818.48"
"14,36 : 456.74"
"14,37 : 295.24"
"14,38 : 325.74"
"14,39 : 31.4"
"14,40 : 365.98"
"14,41 : 801.11"
"14,42 : 526.38"
"14,43 : 881.0"
"14,44 : 863.39"
"14,45 : 737.34"
"14,46 : 1101.4"
"14,47 : 570.7"
"14,48 : 708.21"
"14,49 : 941.63"
"15,0 : 211.19"
"15,1 : 1060.75"
"15,2 : 619.06"
"15,3 : 645.11"
"15,4 : 517.1"
"15,5 : 109.08"
"15,6 : 695.05"
"15,7 : 415.22"
"15,8 : 379.08"
"15,9 : 281.01"
"15,10 : 839.18"
"15,11 : 493.87"
"15,12 : 973.67"
"15,13 : 145.6"
"15,14 : 303.21"
"15,15 : 0.0"
"15,16 : 502.27"
"15,17 : 994.75"
"15,18 : 346.11"
"15,19 : 626.17"
"15,20 : 681.87"
"15,21 : 690.97"
"15,22 : 861.86"
"15,23 : 413.84"
"15,24 : 73.16"
"15,25 : 385.18"
"15,26 : 324.7"
"15,27 : 584.43"
"15,28 : 755.29"
"15,29 : 379.49"
"15,30 : 531.3"
"15,31 : 633.26"
"15,32 : 484.66"
"15,33 : 250.01"
"15,34 : 577.83"
"15,35 : 824.18"
"15,36 : 655.21"
"15,37 : 526.67"
"15,38 : 557.57"
"15,39 : 274.3"
"15,40 : 126.51"
"15,41 : 566.78"
"15,42 : 628.58"
"15,43 : 902.4"
"15,44 : 708.88"
"15,45 : 793.39"
"15,46 : 1026.22"
"15,47 : 477.21"
"15,48 : 856.62"
"15,49 : 765.43"
"16,0 : 634.34"
"16,1 : 886.19"
"16,2 : 654.03"
"16,3 : 878.84"
"16,4 : 671.96"
"16,5 : 506.26"
"16,6 : 687.9"
"16,7 : 333.78"
"16,8 : 523.42"
"16,9 : 446.81"
"16,10 : 811.0"
"16,11 : 32.56"
"16,12 : 484.53"
"16,13 : 618.62"
"16,14 : 291.45"
"16,15 : 502.27"
"16,16 : 0.0"
"16,17 : 817.05"
"16,18 : 541.18"
"16,19 : 189.9"
"16,20 : 876.27"
"16,21 : 972.52"
"16,22 : 418.37"
"16,23 : 194.99"
"16,24 : 432.9"
"16,25 : 713.63"
"16,26 : 604.93"
"16,27 : 368.57"
"16,28 : 398.73"
"16,29 : 601.8"
"16,30 : 873.97"
"16,31 : 811.92"
"16,32 : 478.88"
"16,33 : 657.32"
"16,34 : 226.11"
"16,35 : 602.69"
"16,36 : 166.03"
"16,37 : 41.3"
"16,38 : 61.85"
"16,39 : 315.16"
"16,40 : 492.14"
"16,41 : 820.19"
"16,42 : 273.39"
"16,43 : 648.89"
"16,44 : 786.02"
"16,45 : 492.39"
"16,46 : 929.27"
"16,47 : 486.82"
"16,48 : 419.64"
"16,49 : 878.78"
"17,0 : 925.14"
"17,1 : 70.09"
"17,2 : 431.59"
"17,3 : 697.98"
"17,4 : 587.1"
"17,5 : 902.95"
"17,6 : 354.09"
"17,7 : 599.2"
"17,8 : 640.07"
"17,9 : 1150.43"
"17,10 : 275.77"
"17,11 : 786.88"
"17,12 : 765.21"
"17,13 : 988.6"
"17,14 : 1022.49"
"17,15 : 994.75"
"17,16 : 817.05"
"17,17 : 0.0"
"17,18 : 685.9"
"17,19 : 655.63"
"17,20 : 636.31"
"17,21 : 802.32"
"17,22 : 590.76"
"17,23 : 685.49"
"17,24 : 937.99"
"17,25 : 812.15"
"17,26 : 758.83"
"17,27 : 463.15"
"17,28 : 457.0"
"17,29 : 692.3"
"17,30 : 866.91"
"17,31 : 605.18"
"17,32 : 511.46"
"17,33 : 908.6"
"17,34 : 591.33"
"17,35 : 214.85"
"17,36 : 744.67"
"17,37 : 849.46"
"17,38 : 843.42"
"17,39 : 1027.33"
"17,40 : 879.91"
"17,41 : 717.59"
"17,42 : 549.26"
"17,43 : 194.03"
"17,44 : 451.12"
"17,45 : 346.45"
"17,46 : 173.63"
"17,47 : 520.5"
"17,48 : 574.95"
"17,49 : 508.62"
"18,0 : 239.71"
"18,1 : 746.74"
"18,2 : 277.72"
"18,3 : 350.82"
"18,4 : 175.96"
"18,5 : 239.01"
"18,6 : 357.11"
"18,7 : 241.36"
"18,8 : 48.0"
"18,9 : 587.93"
"18,10 : 498.21"
"18,11 : 514.76"
"18,12 : 900.83"
"18,13 : 304.73"
"18,14 : 527.53"
"18,15 : 346.11"
"18,16 : 541.18"
"18,17 : 685.9"
"18,18 : 0.0"
"18,19 : 555.87"
"18,20 : 366.53"
"18,21 : 434.23"
"18,22 : 739.99"
"18,23 : 355.21"
"18,24 : 315.57"
"18,25 : 189.81"
"18,26 : 87.92"
"18,27 : 378.16"
"18,28 : 582.64"
"18,29 : 60.75"
"18,30 : 338.63"
"18,31 : 308.1"
"18,32 : 192.67"
"18,33 : 227.37"
"18,34 : 467.63"
"18,35 : 553.07"
"18,36 : 629.9"
"18,37 : 580.78"
"18,38 : 602.13"
"18,39 : 512.69"
"18,40 : 219.66"
"18,41 : 283.58"
"18,42 : 496.5"
"18,43 : 637.01"
"18,44 : 363.21"
"18,45 : 574.1"
"18,46 : 691.83"
"18,47 : 179.23"
"18,48 : 729.04"
"18,49 : 425.81"
"19,0 : 710.99"
"19,1 : 722.72"
"19,2 : 582.13"
"19,3 : 854.75"
"19,4 : 643.39"
"19,5 : 599.85"
"19,6 : 594.82"
"19,7 : 315.33"
"19,8 : 523.68"
"19,9 : 625.79"
"19,10 : 697.14"
"19,11 : 170.66"
"19,12 : 355.65"
"19,13 : 717.01"
"19,14 : 471.33"
"19,15 : 626.17"
"19,16 : 189.9"
"19,17 : 655.63"
"19,18 : 555.87"
"19,19 : 0.0"
"19,20 : 837.46"
"19,21 : 959.56"
"19,22 : 241.1"
"19,23 : 221.82"
"19,24 : 553.08"
"19,25 : 744.04"
"19,26 : 635.61"
"19,27 : 254.85"
"19,28 : 213.78"
"19,29 : 611.96"
"19,30 : 893.24"
"19,31 : 773.58"
"19,32 : 430.22"
"19,33 : 724.94"
"19,34 : 97.5"
"19,35 : 441.78"
"19,36 : 97.01"
"19,37 : 209.34"
"19,38 : 194.74"
"19,39 : 491.14"
"19,40 : 580.68"
"19,41 : 809.35"
"19,42 : 111.31"
"19,43 : 475.62"
"19,44 : 712.58"
"19,45 : 315.93"
"19,46 : 785.49"
"19,47 : 442.41"
"19,48 : 239.11"
"19,49 : 809.6"
"20,0 : 499.78"
"20,1 : 670.93"
"20,2 : 274.72"
"20,3 : 68.45"
"20,4 : 204.92"
"20,5 : 574.18"
"20,6 : 313.41"
"20,7 : 544.02"
"20,8 : 364.03"
"20,9 : 946.16"
"20,10 : 363.23"
"20,11 : 846.25"
"20,12 : 1139.48"
"20,13 : 586.07"
"20,14 : 894.04"
"20,15 : 681.87"
"20,16 : 876.27"
"20,17 : 636.31"
"20,18 : 366.53"
"20,19 : 837.46"
"20,20 : 0.0"
"20,21 : 166.36"
"20,22 : 956.09"
"20,23 : 681.39"
"20,24 : 669.34"
"20,25 : 315.65"
"20,26 : 357.91"
"20,27 : 595.96"
"20,28 : 777.43"
"20,29 : 313.6"
"20,30 : 267.8"
"20,31 : 64.56"
"20,32 : 408.17"
"20,33 : 463.71"
"20,34 : 740.13"
"20,35 : 621.39"
"20,36 : 927.18"
"20,37 : 917.44"
"20,38 : 933.62"
"20,39 : 878.75"
"20,40 : 561.41"
"20,41 : 131.14"
"20,42 : 746.54"
"20,43 : 694.58"
"20,44 : 187.38"
"20,45 : 717.1"
"20,46 : 549.03"
"20,47 : 397.02"
"20,48 : 941.62"
"20,49 : 142.41"
"21,0 : 486.05"
"21,1 : 835.48"
"21,2 : 428.21"
"21,3 : 113.41"
"21,4 : 317.47"
"21,5 : 591.47"
"21,6 : 476.22"
"21,7 : 651.14"
"21,8 : 449.23"
"21,9 : 969.15"
"21,10 : 528.28"
"21,11 : 944.69"
"21,12 : 1278.59"
"21,13 : 569.81"
"21,14 : 943.07"
"21,15 : 690.97"
"21,16 : 972.52"
"21,17 : 802.32"
"21,18 : 434.23"
"21,19 : 959.56"
"21,20 : 166.36"
"21,21 : 0.0"
"21,22 : 1099.28"
"21,23 : 781.31"
"21,24 : 696.09"
"21,25 : 306.24"
"21,26 : 391.23"
"21,27 : 731.39"
"21,28 : 922.85"
"21,29 : 373.76"
"21,30 : 177.34"
"21,31 : 210.51"
"21,32 : 531.85"
"21,33 : 446.53"
"21,34 : 863.83"
"21,35 : 782.94"
"21,36 : 1044.06"
"21,37 : 1012.78"
"21,38 : 1032.57"
"21,39 : 923.22"
"21,40 : 584.82"
"21,41 : 152.46"
"21,42 : 877.48"
"21,43 : 858.04"
"21,44 : 353.59"
"21,45 : 870.92"
"21,46 : 708.63"
"21,47 : 518.68"
"21,48 : 1085.48"
"21,49 : 300.05"
"22,0 : 926.07"
"22,1 : 646.6"
"22,2 : 682.5"
"22,3 : 987.85"
"22,4 : 784.89"
"22,5 : 825.68"
"22,6 : 666.11"
"22,7 : 504.48"
"22,8 : 699.78"
"22,9 : 863.31"
"22,10 : 726.38"
"22,11 : 405.91"
"22,12 : 188.69"
"22,13 : 942.32"
"22,14 : 708.04"
"22,15 : 861.86"
"22,16 : 418.37"
"22,17 : 590.76"
"22,18 : 739.99"
"22,19 : 241.1"
"22,20 : 956.09"
"22,21 : 1099.28"
"22,22 : 0.0"
"22,23 : 449.31"
"22,24 : 788.73"
"22,25 : 929.17"
"22,26 : 825.94"
"22,27 : 371.3"
"22,28 : 179.47"
"22,29 : 788.93"
"22,30 : 1064.18"
"22,31 : 896.32"
"22,32 : 575.63"
"22,33 : 934.73"
"22,34 : 288.5"
"22,35 : 408.75"
"22,36 : 261.56"
"22,37 : 425.4"
"22,38 : 400.93"
"22,39 : 729.49"
"22,40 : 804.96"
"22,41 : 957.46"
"22,42 : 246.55"
"22,43 : 397.13"
"22,44 : 798.84"
"22,45 : 267.07"
"22,46 : 751.82"
"22,47 : 590.05"
"22,48 : 16.28"
"22,49 : 894.41"
"23,0 : 489.63"
"23,1 : 755.57"
"23,2 : 463.73"
"23,3 : 685.29"
"23,4 : 477.31"
"23,5 : 378.75"
"23,6 : 504.52"
"23,7 : 139.29"
"23,8 : 332.45"
"23,9 : 476.09"
"23,10 : 635.74"
"23,11 : 164.92"
"23,12 : 577.4"
"23,13 : 495.9"
"23,14 : 338.2"
"23,15 : 413.84"
"23,16 : 194.99"
"23,17 : 685.49"
"23,18 : 355.21"
"23,19 : 221.82"
"23,20 : 681.39"
"23,21 : 781.31"
"23,22 : 449.31"
"23,23 : 0.0"
"23,24 : 340.99"
"23,25 : 536.78"
"23,26 : 427.15"
"23,27 : 222.79"
"23,28 : 348.21"
"23,29 : 414.9"
"23,30 : 692.92"
"23,31 : 617.0"
"23,32 : 286.04"
"23,33 : 504.89"
"23,34 : 164.15"
"23,35 : 480.29"
"23,36 : 279.33"
"23,37 : 236.24"
"23,38 : 252.61"
"23,39 : 346.07"
"23,40 : 359.16"
"23,41 : 628.85"
"23,42 : 216.33"
"23,43 : 544.18"
"23,44 : 594.71"
"23,45 : 406.85"
"23,46 : 774.35"
"23,47 : 293.11"
"23,48 : 443.39"
"23,49 : 686.01"
"24,0 : 238.2"
"24,1 : 1005.02"
"24,2 : 578.36"
"24,3 : 639.15"
"24,4 : 491.07"
"24,5 : 107.06"
"24,6 : 651.28"
"24,7 : 349.76"
"24,8 : 341.43"
"24,9 : 276.99"
"24,10 : 796.33"
"24,11 : 423.08"
"24,12 : 901.27"
"24,13 : 193.85"
"24,14 : 260.89"
"24,15 : 73.16"
"24,16 : 432.9"
"24,17 : 937.99"
"24,18 : 315.57"
"24,19 : 553.08"
"24,20 : 669.34"
"24,21 : 696.09"
"24,22 : 788.73"
"24,23 : 340.99"
"24,24 : 0.0"
"24,25 : 391.01"
"24,26 : 312.93"
"24,27 : 517.09"
"24,28 : 683.85"
"24,29 : 358.21"
"24,30 : 546.67"
"24,31 : 616.34"
"24,32 : 432.0"
"24,33 : 273.21"
"24,34 : 505.08"
"24,35 : 761.35"
"24,36 : 583.47"
"24,37 : 459.04"
"24,38 : 489.53"
"24,39 : 235.51"
"24,40 : 111.29"
"24,41 : 562.43"
"24,42 : 556.18"
"24,43 : 838.15"
"24,44 : 677.34"
"24,45 : 724.85"
"24,46 : 978.25"
"24,47 : 426.04"
"24,48 : 783.54"
"24,49 : 741.06"
"25,0 : 186.49"
"25,1 : 865.44"
"25,2 : 380.67"
"25,3 : 267.12"
"25,4 : 226.72"
"25,5 : 285.51"
"25,6 : 459.99"
"25,7 : 430.73"
"25,8 : 229.84"
"25,9 : 662.92"
"25,10 : 580.28"
"25,11 : 689.79"
"25,12 : 1090.56"
"25,13 : 272.84"
"25,14 : 643.25"
"25,15 : 385.18"
"25,16 : 713.63"
"25,17 : 812.15"
"25,18 : 189.81"
"25,19 : 744.04"
"25,20 : 315.65"
"25,21 : 306.24"
"25,22 : 929.17"
"25,23 : 536.78"
"25,24 : 391.01"
"25,25 : 0.0"
"25,26 : 109.64"
"25,27 : 564.07"
"25,28 : 768.9"
"25,29 : 142.35"
"25,30 : 162.93"
"25,31 : 282.69"
"25,32 : 367.16"
"25,33 : 148.86"
"25,34 : 657.1"
"25,35 : 711.94"
"25,36 : 814.85"
"25,37 : 751.42"
"25,38 : 775.4"
"25,39 : 621.62"
"25,40 : 280.06"
"25,41 : 188.66"
"25,42 : 686.25"
"25,43 : 795.78"
"25,44 : 407.45"
"25,45 : 751.79"
"25,46 : 781.73"
"25,47 : 352.53"
"25,48 : 917.98"
"25,49 : 429.63"
"26,0 : 171.35"
"26,1 : 817.17"
"26,2 : 336.54"
"26,3 : 326.38"
"26,4 : 202.83"
"26,5 : 216.39"
"26,6 : 417.85"
"26,7 : 324.01"
"26,8 : 134.17"
"26,9 : 589.86"
"26,10 : 552.37"
"26,11 : 580.67"
"26,12 : 984.02"
"26,13 : 248.94"
"26,14 : 552.18"
"26,15 : 324.7"
"26,16 : 604.93"
"26,17 : 758.83"
"26,18 : 87.92"
"26,19 : 635.61"
"26,20 : 357.91"
"26,21 : 391.23"
"26,22 : 825.94"
"26,23 : 427.15"
"26,24 : 312.93"
"26,25 : 109.64"
"26,26 : 0.0"
"26,27 : 465.93"
"26,28 : 670.23"
"26,29 : 68.03"
"26,30 : 269.25"
"26,31 : 308.65"
"26,32 : 278.66"
"26,33 : 150.0"
"26,34 : 550.09"
"26,35 : 636.31"
"26,36 : 705.39"
"26,37 : 643.1"
"26,38 : 666.63"
"26,39 : 533.11"
"26,40 : 203.67"
"26,41 : 250.46"
"26,42 : 581.34"
"26,43 : 720.43"
"26,44 : 398.21"
"26,45 : 661.65"
"26,46 : 750.91"
"26,47 : 264.74"
"26,48 : 815.28"
"26,49 : 444.2"
"27,0 : 589.86"
"27,1 : 533.24"
"27,2 : 330.92"
"27,3 : 621.6"
"27,4 : 414.98"
"27,5 : 516.47"
"27,6 : 339.99"
"27,7 : 170.66"
"27,8 : 334.52"
"27,9 : 694.88"
"27,10 : 448.03"
"27,11 : 336.51"
"27,12 : 547.23"
"27,13 : 625.35"
"27,14 : 560.82"
"27,15 : 584.43"
"27,16 : 368.57"
"27,17 : 463.15"
"27,18 : 378.16"
"27,19 : 254.85"
"27,20 : 595.96"
"27,21 : 731.39"
"27,22 : 371.3"
"27,23 : 222.79"
"27,24 : 517.09"
"27,25 : 564.07"
"27,26 : 465.93"
"27,27 : 0.0"
"27,28 : 204.84"
"27,29 : 422.12"
"27,30 : 693.6"
"27,31 : 533.73"
"27,32 : 204.35"
"27,33 : 590.64"
"27,34 : 161.03"
"27,35 : 258.21"
"27,36 : 351.17"
"27,37 : 405.77"
"27,38 : 407.52"
"27,39 : 567.54"
"27,40 : 493.29"
"27,41 : 587.1"
"27,42 : 152.28"
"27,43 : 326.53"
"27,44 : 459.37"
"27,45 : 210.4"
"27,46 : 561.76"
"27,47 : 218.82"
"27,48 : 358.63"
"27,49 : 556.7"
"28,0 : 787.27"
"28,1 : 520.92"
"28,2 : 503.4"
"28,3 : 810.79"
"28,4 : 610.81"
"28,5 : 701.7"
"28,6 : 487.12"
"28,7 : 360.76"
"28,8 : 539.34"
"28,9 : 811.3"
"28,10 : 554.46"
"28,11 : 374.44"
"28,12 : 366.78"
"28,13 : 815.15"
"28,14 : 661.64"
"28,15 : 755.29"
"28,16 : 398.73"
"28,17 : 457.0"
"28,18 : 582.64"
"28,19 : 213.78"
"28,20 : 777.43"
"28,21 : 922.85"
"28,22 : 179.47"
"28,23 : 348.21"
"28,24 : 683.85"
"28,25 : 768.9"
"28,26 : 670.23"
"28,27 : 204.84"
"28,28 : 0.0"
"28,29 : 626.9"
"28,30 : 896.25"
"28,31 : 718.26"
"28,32 : 406.6"
"28,33 : 790.88"
"28,34 : 191.13"
"28,35 : 252.05"
"28,36 : 292.36"
"28,37 : 422.21"
"28,38 : 408.52"
"28,39 : 676.77"
"28,40 : 679.38"
"28,41 : 783.45"
"28,42 : 135.77"
"28,43 : 268.26"
"28,44 : 619.48"
"28,45 : 110.6"
"28,46 : 603.19"
"28,47 : 421.3"
"28,48 : 164.5"
"28,49 : 715.26"
"29,0 : 239.27"
"29,1 : 749.99"
"29,2 : 268.54"
"29,3 : 293.02"
"29,4 : 138.85"
"29,5 : 270.44"
"29,6 : 349.86"
"29,7 : 296.65"
"29,8 : 89.5"
"29,9 : 634.04"
"29,10 : 484.6"
"29,11 : 575.21"
"29,12 : 953.53"
"29,13 : 315.26"
"29,14 : 581.98"
"29,15 : 379.49"
"29,16 : 601.8"
"29,17 : 692.3"
"29,18 : 60.75"
"29,19 : 611.96"
"29,20 : 313.6"
"29,21 : 373.76"
"29,22 : 788.93"
"29,23 : 414.9"
"29,24 : 358.21"
"29,25 : 142.35"
"29,26 : 68.03"
"29,27 : 422.12"
"29,28 : 626.9"
"29,29 : 0.0"
"29,30 : 281.28"
"29,31 : 258.36"
"29,32 : 225.16"
"29,33 : 217.57"
"29,34 : 521.86"
"29,35 : 576.0"
"29,36 : 688.03"
"29,37 : 641.46"
"29,38 : 662.67"
"29,39 : 565.73"
"29,40 : 254.28"
"29,41 : 223.75"
"29,42 : 547.89"
"29,43 : 660.13"
"29,44 : 333.76"
"29,45 : 610.0"
"29,46 : 682.91"
"29,47 : 210.61"
"29,48 : 777.42"
"29,49 : 385.95"
"30,0 : 321.14"
"30,1 : 911.2"
"30,2 : 447.24"
"30,3 : 200.53"
"30,4 : 297.88"
"30,5 : 439.73"
"30,6 : 516.08"
"30,7 : 577.92"
"30,8 : 369.93"
"30,9 : 812.16"
"30,10 : 607.69"
"30,11 : 849.27"
"30,12 : 1232.83"
"30,13 : 401.15"
"30,14 : 802.95"
"30,15 : 531.3"
"30,16 : 873.97"
"30,17 : 866.91"
"30,18 : 338.63"
"30,19 : 893.24"
"30,20 : 267.8"
"30,21 : 177.34"
"30,22 : 1064.18"
"30,23 : 692.92"
"30,24 : 546.67"
"30,25 : 162.93"
"30,26 : 269.25"
"30,27 : 693.6"
"30,28 : 896.25"
"30,29 : 281.28"
"30,30 : 0.0"
"30,31 : 270.15"
"30,32 : 489.75"
"30,33 : 281.71"
"30,34 : 802.68"
"30,35 : 802.92"
"30,36 : 968.54"
"30,37 : 912.3"
"30,38 : 935.59"
"30,39 : 780.23"
"30,40 : 437.42"
"30,41 : 151.33"
"30,42 : 826.72"
"30,43 : 884.33"
"30,44 : 423.68"
"30,45 : 864.66"
"30,46 : 804.05"
"30,47 : 475.11"
"30,48 : 1051.94"
"30,49 : 407.84"
"31,0 : 460.8"
"31,1 : 645.18"
"31,2 : 218.45"
"31,3 : 97.62"
"31,4 : 141.35"
"31,5 : 524.62"
"31,6 : 267.08"
"31,7 : 479.49"
"31,8 : 302.28"
"31,9 : 892.4"
"31,10 : 339.04"
"31,11 : 781.83"
"31,12 : 1078.65"
"31,13 : 546.15"
"31,14 : 835.18"
"31,15 : 633.26"
"31,16 : 811.92"
"31,17 : 605.18"
"31,18 : 308.1"
"31,19 : 773.58"
"31,20 : 64.56"
"31,21 : 210.51"
"31,22 : 896.32"
"31,23 : 617.0"
"31,24 : 616.34"
"31,25 : 282.69"
"31,26 : 308.65"
"31,27 : 533.73"
"31,28 : 718.26"
"31,29 : 258.36"
"31,30 : 270.15"
"31,31 : 0.0"
"31,32 : 343.93"
"31,33 : 426.81"
"31,34 : 676.33"
"31,35 : 572.64"
"31,36 : 862.95"
"31,37 : 853.11"
"31,38 : 869.16"
"31,39 : 820.77"
"31,40 : 510.42"
"31,41 : 119.44"
"31,42 : 683.69"
"31,43 : 648.52"
"31,44 : 155.32"
"31,45 : 661.8"
"31,46 : 533.94"
"31,47 : 332.63"
"31,48 : 882.05"
"31,49 : 147.83"
"32,0 : 427.52"
"32,1 : 576.51"
"32,2 : 179.45"
"32,3 : 424.98"
"32,4 : 214.41"
"32,5 : 391.56"
"32,6 : 233.12"
"32,7 : 147.67"
"32,8 : 144.89"
"32,9 : 671.57"
"32,10 : 375.81"
"32,11 : 447.37"
"32,12 : 749.44"
"32,13 : 481.96"
"32,14 : 570.24"
"32,15 : 484.66"
"32,16 : 478.88"
"32,17 : 511.46"
"32,18 : 192.67"
"32,19 : 430.22"
"32,20 : 408.17"
"32,21 : 531.85"
"32,22 : 575.63"
"32,23 : 286.04"
"32,24 : 432.0"
"32,25 : 367.16"
"32,26 : 278.66"
"32,27 : 204.35"
"32,28 : 406.6"
"32,29 : 225.16"
"32,30 : 489.75"
"32,31 : 343.93"
"32,32 : 0.0"
"32,33 : 419.01"
"32,34 : 333.36"
"32,35 : 361.86"
"32,36 : 519.02"
"32,37 : 520.11"
"32,38 : 532.86"
"32,39 : 565.63"
"32,40 : 368.47"
"32,41 : 384.63"
"32,42 : 345.83"
"32,43 : 445.45"
"32,44 : 308.93"
"32,45 : 384.86"
"32,46 : 547.61"
"32,47 : 14.76"
"32,48 : 562.98"
"32,49 : 400.08"
"33,0 : 39.62"
"33,1 : 967.16"
"33,2 : 485.84"
"33,3 : 415.91"
"33,4 : 345.08"
"33,5 : 167.72"
"33,6 : 567.19"
"33,7 : 431.89"
"33,8 : 275.31"
"33,9 : 531.02"
"33,10 : 699.45"
"33,11 : 638.53"
"33,12 : 1079.93"
"33,13 : 124.48"
"33,14 : 533.91"
"33,15 : 250.01"
"33,16 : 657.32"
"33,17 : 908.6"
"33,18 : 227.37"
"33,19 : 724.94"
"33,20 : 463.71"
"33,21 : 446.53"
"33,22 : 934.73"
"33,23 : 504.89"
"33,24 : 273.21"
"33,25 : 148.86"
"33,26 : 150.0"
"33,27 : 590.64"
"33,28 : 790.88"
"33,29 : 217.57"
"33,30 : 281.71"
"33,31 : 426.81"
"33,32 : 419.01"
"33,33 : 0.0"
"33,34 : 649.38"
"33,35 : 780.31"
"33,36 : 781.83"
"33,37 : 691.15"
"33,38 : 718.55"
"33,39 : 508.69"
"33,40 : 172.71"
"33,41 : 337.52"
"33,42 : 688.21"
"33,43 : 864.17"
"33,44 : 537.84"
"33,45 : 794.42"
"33,46 : 899.11"
"33,47 : 406.02"
"33,48 : 925.58"
"33,49 : 571.43"
"34,0 : 638.96"
"34,1 : 660.28"
"34,2 : 485.12"
"34,3 : 758.23"
"34,4 : 547.08"
"34,5 : 537.29"
"34,6 : 500.31"
"34,7 : 226.37"
"34,8 : 432.77"
"34,9 : 620.24"
"34,10 : 607.98"
"34,11 : 196.94"
"34,12 : 434.01"
"34,13 : 653.84"
"34,14 : 471.38"
"34,15 : 577.83"
"34,16 : 226.11"
"34,17 : 591.33"
"34,18 : 467.63"
"34,19 : 97.5"
"34,20 : 740.13"
"34,21 : 863.83"
"34,22 : 288.5"
"34,23 : 164.15"
"34,24 : 505.08"
"34,25 : 657.1"
"34,26 : 550.09"
"34,27 : 161.03"
"34,28 : 191.13"
"34,29 : 521.86"
"34,30 : 802.68"
"34,31 : 676.33"
"34,32 : 333.36"
"34,33 : 649.38"
"34,34 : 0.0"
"34,35 : 376.73"
"34,36 : 191.42"
"34,37 : 258.27"
"34,38 : 254.4"
"34,39 : 485.85"
"34,40 : 516.48"
"34,41 : 714.3"
"34,42 : 55.36"
"34,43 : 423.99"
"34,44 : 615.98"
"34,45 : 270.42"
"34,46 : 709.2"
"34,47 : 345.81"
"34,48 : 281.34"
"34,49 : 712.84"
"35,0 : 789.36"
"35,1 : 283.55"
"35,2 : 359.27"
"35,3 : 670.23"
"35,4 : 505.4"
"35,5 : 742.89"
"35,6 : 308.06"
"35,7 : 412.56"
"35,8 : 505.08"
"35,9 : 952.88"
"35,10 : 326.12"
"35,11 : 572.81"
"35,12 : 594.46"
"35,13 : 841.07"
"35,14 : 818.48"
"35,15 : 824.18"
"35,16 : 602.69"
"35,17 : 214.85"
"35,18 : 553.07"
"35,19 : 441.78"
"35,20 : 621.39"
"35,21 : 782.94"
"35,22 : 408.75"
"35,23 : 480.29"
"35,24 : 761.35"
"35,25 : 711.94"
"35,26 : 636.31"
"35,27 : 258.21"
"35,28 : 252.05"
"35,29 : 576.0"
"35,30 : 802.92"
"35,31 : 572.64"
"35,32 : 361.86"
"35,33 : 780.31"
"35,34 : 376.73"
"35,35 : 0.0"
"35,36 : 532.53"
"35,37 : 634.72"
"35,38 : 628.59"
"35,39 : 825.7"
"35,40 : 719.36"
"35,41 : 665.76"
"35,42 : 334.52"
"35,43 : 84.15"
"35,44 : 440.07"
"35,45 : 144.09"
"35,46 : 351.17"
"35,47 : 374.43"
"35,48 : 392.48"
"35,49 : 526.1"
"36,0 : 763.98"
"36,1 : 810.56"
"36,2 : 676.2"
"36,3 : 941.45"
"36,4 : 729.95"
"36,5 : 644.17"
"36,6 : 691.12"
"36,7 : 394.0"
"36,8 : 601.61"
"36,9 : 611.81"
"36,10 : 794.11"
"36,11 : 163.78"
"36,12 : 320.73"
"36,13 : 760.13"
"36,14 : 456.74"
"36,15 : 655.21"
"36,16 : 166.03"
"36,17 : 744.67"
"36,18 : 629.9"
"36,19 : 97.01"
"36,20 : 927.18"
"36,21 : 1044.06"
"36,22 : 261.56"
"36,23 : 279.33"
"36,24 : 583.47"
"36,25 : 814.85"
"36,26 : 705.39"
"36,27 : 351.17"
"36,28 : 292.36"
"36,29 : 688.03"
"36,30 : 968.54"
"36,31 : 862.95"
"36,32 : 519.02"
"36,33 : 781.83"
"36,34 : 191.42"
"36,35 : 532.53"
"36,36 : 0.0"
"36,37 : 165.42"
"36,38 : 139.52"
"36,39 : 481.05"
"36,40 : 627.09"
"36,41 : 892.68"
"36,42 : 207.62"
"36,43 : 559.91"
"36,44 : 807.32"
"36,45 : 400.36"
"36,46 : 879.23"
"36,47 : 530.48"
"36,48 : 265.65"
"36,49 : 904.09"
"37,0 : 667.0"
"37,1 : 918.23"
"37,2 : 695.0"
"37,3 : 919.63"
"37,4 : 713.05"
"37,5 : 537.09"
"37,6 : 728.08"
"37,7 : 375.08"
"37,8 : 563.83"
"37,9 : 449.09"
"37,10 : 850.0"
"37,11 : 73.01"
"37,12 : 475.08"
"37,13 : 647.67"
"37,14 : 295.24"
"37,15 : 526.67"
"37,16 : 41.3"
"37,17 : 849.46"
"37,18 : 580.78"
"37,19 : 209.34"
"37,20 : 917.44"
"37,21 : 1012.78"
"37,22 : 425.4"
"37,23 : 236.24"
"37,24 : 459.04"
"37,25 : 751.42"
"37,26 : 643.1"
"37,27 : 405.77"
"37,28 : 422.21"
"37,29 : 641.46"
"37,30 : 912.3"
"37,31 : 853.11"
"37,32 : 520.11"
"37,33 : 691.15"
"37,34 : 258.27"
"37,35 : 634.72"
"37,36 : 165.42"
"37,37 : 0.0"
"37,38 : 31.62"
"37,39 : 321.5"
"37,40 : 523.97"
"37,41 : 860.52"
"37,42 : 302.25"
"37,43 : 677.82"
"37,44 : 827.06"
"37,45 : 519.83"
"37,46 : 965.09"
"37,47 : 528.1"
"37,48 : 428.21"
"37,49 : 919.96"
"38,0 : 695.09"
"38,1 : 911.67"
"38,2 : 705.6"
"38,3 : 937.78"
"38,4 : 729.84"
"38,5 : 566.04"
"38,6 : 735.5"
"38,7 : 389.88"
"38,8 : 583.34"
"38,9 : 479.0"
"38,10 : 854.22"
"38,11 : 87.92"
"38,12 : 444.54"
"38,13 : 677.36"
"38,14 : 325.74"
"38,15 : 557.57"
"38,16 : 61.85"
"38,17 : 843.42"
"38,18 : 602.13"
"38,19 : 194.74"
"38,20 : 933.62"
"38,21 : 1032.57"
"38,22 : 400.93"
"38,23 : 252.61"
"38,24 : 489.53"
"38,25 : 775.4"
"38,26 : 666.63"
"38,27 : 407.52"
"38,28 : 408.52"
"38,29 : 662.67"
"38,30 : 935.59"
"38,31 : 869.16"
"38,32 : 532.86"
"38,33 : 718.55"
"38,34 : 254.4"
"38,35 : 628.59"
"38,36 : 139.52"
"38,37 : 31.62"
"38,38 : 0.0"
"38,39 : 352.39"
"38,40 : 552.45"
"38,41 : 880.16"
"38,42 : 294.34"
"38,43 : 668.25"
"38,44 : 837.96"
"38,45 : 509.22"
"38,46 : 963.49"
"38,47 : 541.5"
"38,48 : 404.53"
"38,49 : 931.79"
"39,0 : 473.18"
"39,1 : 1097.18"
"39,2 : 737.52"
"39,3 : 856.86"
"39,4 : 685.16"
"39,5 : 342.1"
"39,6 : 798.66"
"39,7 : 436.19"
"39,8 : 523.62"
"39,9 : 135.06"
"39,10 : 941.08"
"39,11 : 323.74"
"39,12 : 796.5"
"39,13 : 419.07"
"39,14 : 31.4"
"39,15 : 274.3"
"39,16 : 315.16"
"39,17 : 1027.33"
"39,18 : 512.69"
"39,19 : 491.14"
"39,20 : 878.75"
"39,21 : 923.22"
"39,22 : 729.49"
"39,23 : 346.07"
"39,24 : 235.51"
"39,25 : 621.62"
"39,26 : 533.11"
"39,27 : 567.54"
"39,28 : 676.77"
"39,29 : 565.73"
"39,30 : 780.23"
"39,31 : 820.77"
"39,32 : 565.63"
"39,33 : 508.69"
"39,34 : 485.85"
"39,35 : 825.7"
"39,36 : 481.05"
"39,37 : 321.5"
"39,38 : 352.39"
"39,39 : 0.0"
"39,40 : 342.81"
"39,41 : 782.92"
"39,42 : 541.11"
"39,43 : 890.18"
"39,44 : 854.23"
"39,45 : 749.18"
"39,46 : 1101.65"
"39,47 : 565.29"
"39,48 : 729.15"
"39,49 : 930.5"
"40,0 : 143.84"
"40,1 : 944.56"
"40,2 : 493.97"
"40,3 : 529.02"
"40,4 : 391.07"
"40,5 : 23.54"
"40,6 : 570.98"
"40,7 : 323.01"
"40,8 : 253.92"
"40,9 : 386.94"
"40,10 : 714.47"
"40,11 : 476.02"
"40,12 : 935.75"
"40,13 : 137.36"
"40,14 : 365.98"
"40,15 : 126.51"
"40,16 : 492.14"
"40,17 : 879.91"
"40,18 : 219.66"
"40,19 : 580.68"
"40,20 : 561.41"
"40,21 : 584.82"
"40,22 : 804.96"
"40,23 : 359.16"
"40,24 : 111.29"
"40,25 : 280.06"
"40,26 : 203.67"
"40,27 : 493.29"
"40,28 : 679.38"
"40,29 : 254.28"
"40,30 : 437.42"
"40,31 : 510.42"
"40,32 : 368.47"
"40,33 : 172.71"
"40,34 : 516.48"
"40,35 : 719.36"
"40,36 : 627.09"
"40,37 : 523.97"
"40,38 : 552.45"
"40,39 : 342.81"
"40,40 : 0.0"
"40,41 : 451.85"
"40,42 : 562.08"
"40,43 : 800.05"
"40,44 : 582.38"
"40,45 : 703.64"
"40,46 : 903.71"
"40,47 : 359.6"
"40,48 : 797.69"
"40,49 : 640.03"
"41,0 : 374.95"
"41,1 : 760.55"
"41,2 : 306.62"
"41,3 : 78.79"
"41,4 : 172.68"
"41,5 : 461.79"
"41,6 : 369.87"
"41,7 : 499.24"
"41,8 : 296.82"
"41,9 : 838.79"
"41,10 : 456.4"
"41,11 : 792.27"
"41,12 : 1133.83"
"41,13 : 461.37"
"41,14 : 801.11"
"41,15 : 566.78"
"41,16 : 820.19"
"41,17 : 717.59"
"41,18 : 283.58"
"41,19 : 809.35"
"41,20 : 131.14"
"41,21 : 152.46"
"41,22 : 957.46"
"41,23 : 628.85"
"41,24 : 562.43"
"41,25 : 188.66"
"41,26 : 250.46"
"41,27 : 587.1"
"41,28 : 783.45"
"41,29 : 223.75"
"41,30 : 151.33"
"41,31 : 119.44"
"41,32 : 384.63"
"41,33 : 337.52"
"41,34 : 714.3"
"41,35 : 665.76"
"41,36 : 892.68"
"41,37 : 860.52"
"41,38 : 880.16"
"41,39 : 782.92"
"41,40 : 451.85"
"41,41 : 0.0"
"41,42 : 730.28"
"41,43 : 745.2"
"41,44 : 272.36"
"41,45 : 739.98"
"41,46 : 652.92"
"41,47 : 370.94"
"41,48 : 944.15"
"41,49 : 262.37"
"42,0 : 680.01"
"42,1 : 617.35"
"42,2 : 483.19"
"42,3 : 769.37"
"42,4 : 560.02"
"42,5 : 583.47"
"42,6 : 489.33"
"42,7 : 258.37"
"42,8 : 458.39"
"42,9 : 675.57"
"42,10 : 587.01"
"42,11 : 246.09"
"42,12 : 406.13"
"42,13 : 699.26"
"42,14 : 526.38"
"42,15 : 628.58"
"42,16 : 273.39"
"42,17 : 549.26"
"42,18 : 496.5"
"42,19 : 111.31"
"42,20 : 746.54"
"42,21 : 877.48"
"42,22 : 246.55"
"42,23 : 216.33"
"42,24 : 556.18"
"42,25 : 686.25"
"42,26 : 581.34"
"42,27 : 152.28"
"42,28 : 135.77"
"42,29 : 547.89"
"42,30 : 826.72"
"42,31 : 683.69"
"42,32 : 345.83"
"42,33 : 688.21"
"42,34 : 55.36"
"42,35 : 334.52"
"42,36 : 207.62"
"42,37 : 302.25"
"42,38 : 294.34"
"42,39 : 541.11"
"42,40 : 562.08"
"42,41 : 730.28"
"42,42 : 0.0"
"42,43 : 375.76"
"42,44 : 611.3"
"42,45 : 219.2"
"42,46 : 675.0"
"42,47 : 359.36"
"42,48 : 237.51"
"42,49 : 708.69"
"43,0 : 872.8"
"43,1 : 254.0"
"43,2 : 438.68"
"43,3 : 746.08"
"43,4 : 587.37"
"43,5 : 823.59"
"43,6 : 381.81"
"43,7 : 488.44"
"43,8 : 589.01"
"43,9 : 1019.76"
"43,10 : 376.85"
"43,11 : 620.69"
"43,12 : 574.46"
"43,13 : 923.34"
"43,14 : 881.0"
"43,15 : 902.4"
"43,16 : 648.89"
"43,17 : 194.03"
"43,18 : 637.01"
"43,19 : 475.62"
"43,20 : 694.58"
"43,21 : 858.04"
"43,22 : 397.13"
"43,23 : 544.18"
"43,24 : 838.15"
"43,25 : 795.78"
"43,26 : 720.43"
"43,27 : 326.53"
"43,28 : 268.26"
"43,29 : 660.13"
"43,30 : 884.33"
"43,31 : 648.52"
"43,32 : 445.45"
"43,33 : 864.17"
"43,34 : 423.99"
"43,35 : 84.15"
"43,36 : 559.91"
"43,37 : 677.82"
"43,38 : 668.25"
"43,39 : 890.18"
"43,40 : 800.05"
"43,41 : 745.2"
"43,42 : 375.76"
"43,43 : 0.0"
"43,44 : 510.08"
"43,45 : 159.88"
"43,46 : 356.85"
"43,47 : 458.18"
"43,48 : 381.22"
"43,49 : 591.28"
"44,0 : 566.42"
"44,1 : 489.89"
"44,2 : 132.46"
"44,3 : 246.91"
"44,4 : 195.41"
"44,5 : 600.75"
"44,6 : 134.83"
"44,7 : 456.58"
"44,8 : 336.88"
"44,9 : 944.25"
"44,10 : 184.07"
"44,11 : 754.08"
"44,12 : 985.97"
"44,13 : 647.0"
"44,14 : 863.39"
"44,15 : 708.88"
"44,16 : 786.02"
"44,17 : 451.12"
"44,18 : 363.21"
"44,19 : 712.58"
"44,20 : 187.38"
"44,21 : 353.59"
"44,22 : 798.84"
"44,23 : 594.71"
"44,24 : 677.34"
"44,25 : 407.45"
"44,26 : 398.21"
"44,27 : 459.37"
"44,28 : 619.48"
"44,29 : 333.76"
"44,30 : 423.68"
"44,31 : 155.32"
"44,32 : 308.93"
"44,33 : 537.84"
"44,34 : 615.98"
"44,35 : 440.07"
"44,36 : 807.32"
"44,37 : 827.06"
"44,38 : 837.96"
"44,39 : 854.23"
"44,40 : 582.38"
"44,41 : 272.36"
"44,42 : 611.3"
"44,43 : 510.08"
"44,44 : 0.0"
"44,45 : 547.08"
"44,46 : 381.75"
"44,47 : 303.27"
"44,48 : 783.6"
"44,49 : 97.41"
"45,0 : 796.34"
"45,1 : 410.82"
"45,2 : 443.38"
"45,3 : 757.59"
"45,4 : 569.9"
"45,5 : 726.84"
"45,6 : 412.31"
"45,7 : 381.03"
"45,8 : 527.57"
"45,9 : 881.61"
"45,10 : 459.99"
"45,11 : 465.28"
"45,12 : 454.74"
"45,13 : 835.04"
"45,14 : 737.34"
"45,15 : 793.39"
"45,16 : 492.39"
"45,17 : 346.45"
"45,18 : 574.1"
"45,19 : 315.93"
"45,20 : 717.1"
"45,21 : 870.92"
"45,22 : 267.07"
"45,23 : 406.85"
"45,24 : 724.85"
"45,25 : 751.79"
"45,26 : 661.65"
"45,27 : 210.4"
"45,28 : 110.6"
"45,29 : 610.0"
"45,30 : 864.66"
"45,31 : 661.8"
"45,32 : 384.86"
"45,33 : 794.42"
"45,34 : 270.42"
"45,35 : 144.09"
"45,36 : 400.36"
"45,37 : 519.83"
"45,38 : 509.22"
"45,39 : 749.18"
"45,40 : 703.64"
"45,41 : 739.98"
"45,42 : 219.2"
"45,43 : 159.88"
"45,44 : 547.08"
"45,45 : 0.0"
"45,46 : 494.17"
"45,47 : 399.4"
"45,48 : 250.84"
"45,49 : 639.72"
"46,0 : 922.16"
"46,1 : 156.28"
"46,2 : 415.25"
"46,3 : 616.05"
"46,4 : 557.0"
"46,5 : 925.41"
"46,6 : 334.79"
"46,7 : 665.46"
"46,8 : 651.23"
"46,9 : 1215.66"
"46,10 : 201.46"
"46,11 : 897.57"
"46,12 : 931.28"
"46,13 : 995.18"
"46,14 : 1101.4"
"46,15 : 1026.22"
"46,16 : 929.27"
"46,17 : 173.63"
"46,18 : 691.83"
"46,19 : 785.49"
"46,20 : 549.03"
"46,21 : 708.63"
"46,22 : 751.82"
"46,23 : 774.35"
"46,24 : 978.25"
"46,25 : 781.73"
"46,26 : 750.91"
"46,27 : 561.76"
"46,28 : 603.19"
"46,29 : 682.91"
"46,30 : 804.05"
"46,31 : 533.94"
"46,32 : 547.61"
"46,33 : 899.11"
"46,34 : 709.2"
"46,35 : 351.17"
"46,36 : 879.23"
"46,37 : 965.09"
"46,38 : 963.49"
"46,39 : 1101.65"
"46,40 : 903.71"
"46,41 : 652.92"
"46,42 : 675.0"
"46,43 : 356.85"
"46,44 : 381.75"
"46,45 : 494.17"
"46,46 : 0.0"
"46,47 : 552.5"
"46,48 : 735.7"
"46,49 : 408.83"
"47,0 : 415.23"
"47,1 : 584.97"
"47,2 : 175.68"
"47,3 : 412.42"
"47,4 : 201.41"
"47,5 : 382.53"
"47,6 : 233.62"
"47,7 : 154.0"
"47,8 : 131.31"
"47,9 : 669.2"
"47,10 : 377.46"
"47,11 : 455.54"
"47,12 : 763.42"
"47,13 : 471.02"
"47,14 : 570.7"
"47,15 : 477.21"
"47,16 : 486.82"
"47,17 : 520.5"
"47,18 : 179.23"
"47,19 : 442.41"
"47,20 : 397.02"
"47,21 : 518.68"
"47,22 : 590.05"
"47,23 : 293.11"
"47,24 : 426.04"
"47,25 : 352.53"
"47,26 : 264.74"
"47,27 : 218.82"
"47,28 : 421.3"
"47,29 : 210.61"
"47,30 : 475.11"
"47,31 : 332.63"
"47,32 : 14.76"
"47,33 : 406.02"
"47,34 : 345.81"
"47,35 : 374.43"
"47,36 : 530.48"
"47,37 : 528.1"
"47,38 : 541.5"
"47,39 : 565.29"
"47,40 : 359.6"
"47,41 : 370.94"
"47,42 : 359.36"
"47,43 : 458.18"
"47,44 : 303.27"
"47,45 : 399.4"
"47,46 : 552.5"
"47,47 : 0.0"
"47,48 : 577.45"
"47,49 : 393.03"
"48,0 : 917.49"
"48,1 : 631.09"
"48,2 : 667.82"
"48,3 : 973.88"
"48,4 : 771.53"
"48,5 : 818.6"
"48,6 : 650.69"
"48,7 : 494.68"
"48,8 : 688.41"
"48,9 : 863.31"
