x,y
503,220
265,966
767,656
270,385
19,655
276,280
274,943
670,484
99,205
819,332
143,230
39,282
907,777
771,997
451,604
747,302
423,565
381,424
651,318
206,193
532,124
614,674
285,963
436,931
151,799
742,243
224,839
818,589
274,290
529,745
330,350
584,26
204,88
87,762
467,591
415,618
164,526
899,125
105,570
129,819
44,737
935,91
285,227
504,853
955,696
132,137
375,670
796,784
46,387
757,424

Distanze
"0,0 : 0.0"
"0,1 : 783.05"
"0,2 : 509.7"
"0,3 : 285.51"
"0,4 : 650.75"
"0,5 : 234.8"
"0,6 : 758.4"
"0,7 : 312.39"
"0,8 : 404.28"
"0,9 : 335.26"
"0,10 : 360.14"
"0,11 : 468.12"
"0,12 : 688.09"
"0,13 : 821.92"
"0,14 : 387.5"
"0,15 : 257.41"
"0,16 : 354.15"
"0,17 : 237.7"
"0,18 : 177.5"
"0,19 : 298.22"
"0,20 : 100.28"
"0,21 : 467.37"
"0,22 : 774.32"
"0,23 : 714.15"
"0,24 : 677.6"
"0,25 : 240.1"
"0,26 : 678.97"
"0,27 : 485.17"
"0,28 : 239.46"
"0,29 : 525.64"
"0,30 : 216.4"
"0,31 : 210.23"
"0,32 : 326.84"
"0,33 : 683.24"
"0,34 : 372.74"
"0,35 : 407.61"
"0,36 : 456.68"
"0,37 : 407.24"
"0,38 : 530.0"
"0,39 : 706.17"
"0,40 : 691.35"
"0,41 : 450.85"
"0,42 : 218.11"
"0,43 : 633.0"
"0,44 : 656.41"
"0,45 : 380.17"
"0,46 : 467.85"
"0,47 : 635.57"
"0,48 : 486.56"
"0,49 : 325.78"
"1,0 : 783.05"
"1,1 : 0.0"
"1,2 : 590.0"
"1,3 : 581.02"
"1,4 : 396.53"
"1,5 : 686.09"
"1,6 : 24.7"
"1,7 : 629.56"
"1,8 : 778.89"
"1,9 : 841.95"
"1,10 : 746.04"
"1,11 : 720.37"
"1,12 : 669.24"
"1,13 : 506.95"
"1,14 : 406.99"
"1,15 : 820.5"
"1,16 : 431.0"
"1,17 : 554.27"
"1,18 : 754.25"
"1,19 : 775.25"
"1,20 : 883.32"
"1,21 : 455.04"
"1,22 : 20.22"
"1,23 : 174.55"
"1,24 : 202.2"
"1,25 : 866.17"
"1,26 : 133.45"
"1,27 : 669.28"
"1,28 : 676.06"
"1,29 : 344.29"
"1,30 : 619.42"
"1,31 : 992.65"
"1,32 : 880.12"
"1,33 : 270.74"
"1,34 : 425.94"
"1,35 : 378.95"
"1,36 : 451.44"
"1,37 : 1053.2"
"1,38 : 427.1"
"1,39 : 200.26"
"1,40 : 318.25"
"1,41 : 1102.05"
"1,42 : 739.27"
"1,43 : 264.37"
"1,44 : 740.95"
"1,45 : 839.6"
"1,46 : 315.78"
"1,47 : 561.32"
"1,48 : 619.03"
"1,49 : 732.0"
"2,0 : 509.7"
"2,1 : 590.0"
"2,2 : 0.0"
"2,3 : 566.08"
"2,4 : 748.0"
"2,5 : 618.43"
"2,6 : 570.45"
"2,7 : 197.47"
"2,8 : 805.99"
"2,9 : 328.15"
"2,10 : 755.55"
"2,11 : 818.45"
"2,12 : 185.04"
"2,13 : 341.02"
"2,14 : 320.25"
"2,15 : 354.56"
"2,16 : 355.83"
"2,17 : 450.36"
"2,18 : 357.35"
"2,19 : 727.39"
"2,20 : 581.59"
"2,21 : 154.06"
"2,22 : 571.47"
"2,23 : 430.33"
"2,24 : 632.38"
"2,25 : 413.76"
"2,26 : 573.01"
"2,27 : 84.2"
"2,28 : 614.01"
"2,29 : 254.1"
"2,30 : 533.48"
"2,31 : 656.04"
"2,32 : 799.75"
"2,33 : 688.21"
"2,34 : 306.96"
"2,35 : 354.05"
"2,36 : 616.85"
"2,37 : 547.16"
"2,38 : 667.56"
"2,39 : 658.49"
"2,40 : 727.52"
"2,41 : 589.45"
"2,42 : 645.26"
"2,43 : 328.6"
"2,44 : 192.21"
"2,45 : 820.11"
"2,46 : 392.25"
"2,47 : 131.24"
"2,48 : 769.55"
"2,49 : 232.22"
"3,0 : 285.51"
"3,1 : 581.02"
"3,2 : 566.08"
"3,3 : 0.0"
"3,4 : 368.65"
"3,5 : 105.17"
"3,6 : 558.01"
"3,7 : 412.07"
"3,8 : 248.28"
"3,9 : 551.55"
"3,10 : 200.38"
"3,11 : 252.92"
"3,12 : 747.95"
"3,13 : 790.91"
"3,14 : 284.12"
"3,15 : 484.17"
"3,16 : 236.24"
"3,17 : 117.65"
"3,18 : 386.85"
"3,19 : 202.39"
"3,20 : 369.82"
"3,21 : 449.28"
"3,22 : 578.19"
"3,23 : 570.68"
"3,24 : 430.76"
"3,25 : 492.9"
"3,26 : 456.32"
"3,27 : 584.74"
"3,28 : 95.08"
"3,29 : 443.49"
"3,30 : 69.46"
"3,31 : 476.95"
"3,32 : 304.24"
"3,33 : 419.07"
"3,34 : 285.04"
"3,35 : 274.43"
"3,36 : 176.4"
"3,37 : 680.62"
"3,38 : 247.89"
"3,39 : 456.33"
"3,40 : 418.31"
"3,41 : 727.09"
"3,42 : 158.71"
"3,43 : 523.24"
"3,44 : 752.29"
"3,45 : 283.81"
"3,46 : 303.73"
"3,47 : 660.21"
"3,48 : 224.01"
"3,49 : 488.56"
"4,0 : 650.75"
"4,1 : 396.53"
"4,2 : 748.0"
"4,3 : 368.65"
"4,4 : 0.0"
"4,5 : 454.61"
"4,6 : 384.67"
"4,7 : 673.08"
"4,8 : 457.06"
"4,9 : 862.75"
"4,10 : 442.72"
"4,11 : 373.54"
"4,12 : 896.34"
"4,13 : 826.12"
"4,14 : 435.0"
"4,15 : 809.07"
"4,16 : 413.9"
"4,17 : 429.42"
"4,18 : 716.24"
"4,19 : 498.41"
"4,20 : 738.33"
"4,21 : 595.3"
"4,22 : 406.96"
"4,23 : 500.06"
"4,24 : 195.35"
"4,25 : 832.15"
"4,26 : 275.47"
"4,27 : 801.72"
"4,28 : 445.25"
"4,29 : 517.88"
"4,30 : 435.6"
"4,31 : 845.5"
"4,32 : 596.42"
"4,33 : 126.78"
"4,34 : 452.55"
"4,35 : 397.72"
"4,36 : 194.08"
"4,37 : 1027.28"
"4,38 : 120.92"
"4,39 : 197.47"
"4,40 : 85.73"
"4,41 : 1075.71"
"4,42 : 503.92"
"4,43 : 523.86"
"4,44 : 936.9"
"4,45 : 530.18"
"4,46 : 356.32"
"4,47 : 787.64"
"4,48 : 269.36"
"4,49 : 773.31"
"5,0 : 234.8"
"5,1 : 686.09"
"5,2 : 618.43"
"5,3 : 105.17"
"5,4 : 454.61"
"5,5 : 0.0"
"5,6 : 663.0"
"5,7 : 443.68"
"5,8 : 192.23"
"5,9 : 545.48"
"5,10 : 142.09"
"5,11 : 237.01"
"5,12 : 803.22"
"5,13 : 871.27"
"5,14 : 368.24"
"5,15 : 471.51"
"5,16 : 320.68"
"5,17 : 178.22"
"5,18 : 376.92"
"5,19 : 111.66"
"5,20 : 299.79"
"5,21 : 519.11"
"5,22 : 683.06"
"5,23 : 670.37"
"5,24 : 533.84"
"5,25 : 467.47"
"5,26 : 561.41"
"5,27 : 623.9"
"5,28 : 10.2"
"5,29 : 529.37"
"5,30 : 88.41"
"5,31 : 399.22"
"5,32 : 205.06"
"5,33 : 517.73"
"5,34 : 364.97"
"5,35 : 365.47"
"5,36 : 270.3"
"5,37 : 641.99"
"5,38 : 336.66"
"5,39 : 558.69"
"5,40 : 512.52"
"5,41 : 685.57"
"5,42 : 53.76"
"5,43 : 616.7"
"5,44 : 796.3"
"5,45 : 202.94"
"5,46 : 402.37"
"5,47 : 724.17"
"5,48 : 253.67"
"5,49 : 502.09"
"6,0 : 758.4"
"6,1 : 24.7"
"6,2 : 570.45"
"6,3 : 558.01"
"6,4 : 384.67"
"6,5 : 663.0"
"6,6 : 0.0"
"6,7 : 606.22"
"6,8 : 758.46"
"6,9 : 818.75"
"6,10 : 724.93"
"6,11 : 701.53"
"6,12 : 654.4"
"6,13 : 499.92"
"6,14 : 382.43"
"6,15 : 796.62"
"6,16 : 406.31"
"6,17 : 529.92"
"6,18 : 729.9"
"6,19 : 753.08"
"6,20 : 858.68"
"6,21 : 433.54"
"6,22 : 22.83"
"6,23 : 162.44"
"6,24 : 189.38"
"6,25 : 842.04"
"6,26 : 115.39"
"6,27 : 649.04"
"6,28 : 653.0"
"6,29 : 322.85"
"6,30 : 595.64"
"6,31 : 967.98"
"6,32 : 857.86"
"6,33 : 260.25"
"6,34 : 401.44"
"6,35 : 354.27"
"6,36 : 431.26"
"6,37 : 1029.44"
"6,38 : 409.5"
"6,39 : 190.79"
"6,40 : 308.77"
"6,41 : 1078.34"
"6,42 : 716.08"
"6,43 : 246.98"
"6,44 : 724.41"
"6,45 : 818.41"
"6,46 : 291.08"
"6,47 : 545.68"
"6,48 : 600.93"
"6,49 : 708.98"
"7,0 : 312.39"
"7,1 : 629.56"
"7,2 : 197.47"
"7,3 : 412.07"
"7,4 : 673.08"
"7,5 : 443.68"
"7,6 : 606.22"
"7,7 : 0.0"
"7,8 : 635.52"
"7,9 : 212.85"
"7,10 : 585.02"
"7,11 : 662.54"
"7,12 : 376.85"
"7,13 : 522.85"
"7,14 : 249.72"
"7,15 : 197.62"
"7,16 : 259.94"
"7,17 : 295.16"
"7,18 : 167.08"
"7,19 : 547.7"
"7,20 : 385.54"
"7,21 : 198.08"
"7,22 : 614.55"
"7,23 : 504.54"
"7,24 : 607.11"
"7,25 : 251.53"
"7,26 : 570.04"
"7,27 : 181.46"
"7,28 : 440.97"
"7,29 : 296.65"
"7,30 : 365.45"
"7,31 : 466.0"
"7,32 : 611.53"
"7,33 : 645.89"
"7,34 : 229.47"
"7,35 : 288.06"
"7,36 : 507.74"
"7,37 : 425.82"
"7,38 : 571.51"
"7,39 : 636.32"
"7,40 : 675.19"
"7,41 : 474.0"
"7,42 : 462.9"
"7,43 : 404.62"
"7,44 : 355.2"
"7,45 : 640.2"
"7,46 : 348.74"
"7,47 : 325.39"
"7,48 : 631.49"
"7,49 : 105.68"
"8,0 : 404.28"
"8,1 : 778.89"
"8,2 : 805.99"
"8,3 : 248.28"
"8,4 : 457.06"
"8,5 : 192.23"
"8,6 : 758.46"
"8,7 : 635.52"
"8,8 : 0.0"
"8,9 : 731.11"
"8,10 : 50.61"
"8,11 : 97.62"
"8,12 : 989.97"
"8,13 : 1038.68"
"8,14 : 532.08"
"8,15 : 655.22"
"8,16 : 484.33"
"8,17 : 357.05"
"8,18 : 563.45"
"8,19 : 107.67"
"8,20 : 440.51"
"8,21 : 696.55"
"8,22 : 780.49"
"8,23 : 800.4"
"8,24 : 596.27"
"8,25 : 644.12"
"8,26 : 646.21"
"8,27 : 815.12"
"8,28 : 194.55"
"8,29 : 690.29"
"8,30 : 272.74"
"8,31 : 516.98"
"8,32 : 157.21"
"8,33 : 557.13"
"8,34 : 533.31"
"8,35 : 520.02"
"8,36 : 327.51"
"8,37 : 803.99"
"8,38 : 365.05"
"8,39 : 614.73"
"8,40 : 534.84"
"8,41 : 843.74"
"8,42 : 187.3"
"8,43 : 764.15"
"8,44 : 986.82"
"8,45 : 75.58"
"8,46 : 540.74"
"8,47 : 906.12"
"8,48 : 189.56"
"8,49 : 693.49"
"9,0 : 335.26"
"9,1 : 841.95"
"9,2 : 328.15"
"9,3 : 551.55"
"9,4 : 862.75"
"9,5 : 545.48"
"9,6 : 818.75"
"9,7 : 212.85"
"9,8 : 731.11"
"9,9 : 0.0"
"9,10 : 683.65"
"9,11 : 781.6"
"9,12 : 453.62"
"9,13 : 666.73"
"9,14 : 457.61"
"9,15 : 78.0"
"9,16 : 459.46"
"9,17 : 447.56"
"9,18 : 168.58"
"9,19 : 628.56"
"9,20 : 354.45"
"9,21 : 398.73"
"9,22 : 826.63"
"9,23 : 710.98"
"9,24 : 815.05"
"9,25 : 117.69"
"9,26 : 781.71"
"9,27 : 257.0"
"9,28 : 546.62"
"9,29 : 504.65"
"9,30 : 489.33"
"9,31 : 385.83"
"9,32 : 661.64"
"9,33 : 848.95"
"9,34 : 437.02"
"9,35 : 494.99"
"9,36 : 683.13"
"9,37 : 221.92"
"9,38 : 752.62"
"9,39 : 844.55"
"9,40 : 874.44"
"9,41 : 267.46"
"9,42 : 544.23"
"9,43 : 608.82"
"9,44 : 388.58"
"9,45 : 714.14"
"9,46 : 558.01"
"9,47 : 452.58"
"9,48 : 774.95"
"9,49 : 110.94"
"10,0 : 360.14"
"10,1 : 746.04"
"10,2 : 755.55"
"10,3 : 200.38"
"10,4 : 442.72"
"10,5 : 142.09"
"10,6 : 724.93"
"10,7 : 585.02"
"10,8 : 50.61"
"10,9 : 683.65"
"10,10 : 0.0"
"10,11 : 116.28"
"10,12 : 939.63"
"10,13 : 991.3"
"10,14 : 484.5"
"10,15 : 608.28"
"10,16 : 436.61"
"10,17 : 307.05"
"10,18 : 515.57"
"10,19 : 73.06"
"10,20 : 403.18"
"10,21 : 647.28"
"10,22 : 746.63"
"10,23 : 759.77"
"10,24 : 569.06"
"10,25 : 599.14"
"10,26 : 614.36"
"10,27 : 764.53"
"10,28 : 144.09"
"10,29 : 643.6"
"10,30 : 222.19"
"10,31 : 485.9"
"10,32 : 154.55"
"10,33 : 534.94"
"10,34 : 485.07"
"10,35 : 473.84"
"10,36 : 296.74"
"10,37 : 763.26"
"10,38 : 342.12"
"10,39 : 589.17"
"10,40 : 516.58"
"10,41 : 804.11"
"10,42 : 142.03"
"10,43 : 720.03"
"10,44 : 936.22"
"10,45 : 93.65"
"10,46 : 497.42"
"10,47 : 856.34"
"10,48 : 184.55"
"10,49 : 643.92"
"11,0 : 468.12"
"11,1 : 720.37"
"11,2 : 818.45"
"11,3 : 252.92"
"11,4 : 373.54"
"11,5 : 237.01"
"11,6 : 701.53"
"11,7 : 662.54"
"11,8 : 97.62"
"11,9 : 781.6"
"11,10 : 116.28"
"11,11 : 0.0"
"11,12 : 999.22"
"11,13 : 1023.25"
"11,14 : 522.9"
"11,15 : 708.28"
"11,16 : 477.02"
"11,17 : 370.31"
"11,18 : 613.06"
"11,19 : 189.24"
"11,20 : 517.7"
"11,21 : 695.91"
"11,22 : 724.07"
"11,23 : 760.8"
"11,24 : 528.99"
"11,25 : 704.08"
"11,26 : 586.92"
"11,27 : 837.31"
"11,28 : 235.14"
"11,29 : 674.14"
"11,30 : 298.84"
"11,31 : 602.13"
"11,32 : 254.68"
"11,33 : 482.39"
"11,34 : 527.89"
"11,35 : 504.25"
"11,36 : 274.16"
"11,37 : 874.21"
"11,38 : 295.47"
"11,39 : 544.49"
"11,40 : 455.03"
"11,41 : 916.13"
"11,42 : 252.07"
"11,43 : 736.39"
"11,44 : 1005.21"
"11,45 : 172.26"
"11,46 : 513.26"
"11,47 : 908.32"
"11,48 : 105.23"
"11,49 : 731.91"
"12,0 : 688.09"
"12,1 : 669.24"
"12,2 : 185.04"
"12,3 : 747.95"
"12,4 : 896.34"
"12,5 : 803.22"
"12,6 : 654.4"
"12,7 : 376.85"
"12,8 : 989.97"
"12,9 : 453.62"
"12,10 : 939.63"
"12,11 : 999.22"
"12,12 : 0.0"
"12,13 : 258.64"
"12,14 : 487.71"
"12,15 : 501.22"
"12,16 : 528.39"
"12,17 : 633.47"
"12,18 : 525.56"
"12,19 : 912.39"
"12,20 : 753.02"
"12,21 : 310.58"
"12,22 : 649.21"
"12,23 : 495.54"
"12,24 : 756.32"
"12,25 : 558.91"
"12,26 : 685.81"
"12,27 : 208.0"
"12,28 : 798.66"
"12,29 : 379.35"
"12,30 : 717.81"
"12,31 : 817.51"
"12,32 : 984.34"
"12,33 : 820.14"
"12,34 : 477.7"
"12,35 : 517.05"
"12,36 : 784.25"
"12,37 : 652.05"
"12,38 : 828.28"
"12,39 : 779.13"
"12,40 : 863.93"
"12,41 : 686.57"
"12,42 : 830.29"
"12,43 : 410.1"
"12,44 : 94.15"
"12,45 : 1005.1"
"12,46 : 542.65"
"12,47 : 111.22"
"12,48 : 945.21"
"12,49 : 383.55"
"13,0 : 821.92"
"13,1 : 506.95"
"13,2 : 341.02"
"13,3 : 790.91"
"13,4 : 826.12"
"13,5 : 871.27"
"13,6 : 499.92"
"13,7 : 522.85"
"13,8 : 1038.68"
"13,9 : 666.73"
"13,10 : 991.3"
"13,11 : 1023.25"
"13,12 : 258.64"
"13,13 : 0.0"
"13,14 : 506.8"
"13,15 : 695.41"
"13,16 : 554.73"
"13,17 : 693.13"
"13,18 : 689.52"
"13,19 : 982.67"
"13,20 : 905.12"
"13,21 : 359.14"
"13,22 : 487.19"
"13,23 : 341.44"
"13,24 : 650.85"
"13,25 : 754.56"
"13,26 : 569.36"
"13,27 : 410.7"
"13,28 : 864.21"
"13,29 : 349.38"
"13,30 : 783.0"
"13,31 : 988.84"
"13,32 : 1071.34"
"13,33 : 723.24"
"13,34 : 507.2"
"13,35 : 519.98"
"13,36 : 768.3"
"13,37 : 881.34"
"13,38 : 791.13"
"13,39 : 666.22"
"13,40 : 772.09"
"13,41 : 920.72"
"13,42 : 910.55"
"13,43 : 303.36"
"13,44 : 352.78"
"13,45 : 1071.41"
"13,46 : 513.56"
"13,47 : 214.46"
"13,48 : 947.48"
"13,49 : 573.17"
"14,0 : 387.5"
"14,1 : 406.99"
"14,2 : 320.25"
"14,3 : 284.12"
"14,4 : 435.0"
"14,5 : 368.24"
"14,6 : 382.43"
"14,7 : 249.72"
"14,8 : 532.08"
"14,9 : 457.61"
"14,10 : 484.5"
"14,11 : 522.9"
"14,12 : 487.71"
"14,13 : 506.8"
"14,14 : 0.0"
"14,15 : 422.87"
"14,16 : 48.01"
"14,17 : 193.13"
"14,18 : 348.99"
"14,19 : 478.48"
"14,20 : 486.79"
"14,21 : 177.4"
"14,22 : 395.52"
"14,23 : 327.34"
"14,24 : 357.81"
"14,25 : 463.68"
"14,26 : 326.73"
"14,27 : 367.31"
"14,28 : 360.45"
"14,29 : 161.14"
"14,30 : 281.35"
"14,31 : 593.1"
"14,32 : 572.07"
"14,33 : 396.81"
"14,34 : 20.62"
"14,35 : 38.63"
"14,36 : 297.41"
"14,37 : 655.85"
"14,38 : 347.67"
"14,39 : 387.18"
"14,40 : 428.18"
"14,41 : 705.28"
"14,42 : 411.93"
"14,43 : 254.58"
"14,44 : 512.33"
"14,45 : 565.55"
"14,46 : 100.66"
"14,47 : 389.13"
"14,48 : 459.47"
"14,49 : 355.02"
"15,0 : 257.41"
"15,1 : 820.5"
"15,2 : 354.56"
"15,3 : 484.17"
"15,4 : 809.07"
"15,5 : 471.51"
"15,6 : 796.62"
"15,7 : 197.62"
"15,8 : 655.22"
"15,9 : 78.0"
"15,10 : 608.28"
"15,11 : 708.28"
"15,12 : 501.22"
"15,13 : 695.41"
"15,14 : 422.87"
"15,15 : 0.0"
"15,16 : 417.31"
"15,17 : 385.8"
"15,18 : 97.32"
"15,19 : 551.87"
"15,20 : 279.12"
"15,21 : 395.06"
"15,22 : 806.45"
"15,23 : 701.69"
"15,24 : 776.03"
"15,25 : 59.21"
"15,26 : 749.6"
"15,27 : 295.65"
"15,28 : 473.15"
"15,29 : 493.73"
"15,30 : 419.75"
"15,31 : 320.54"
"15,32 : 583.65"
"15,33 : 804.49"
"15,34 : 402.39"
"15,35 : 458.34"
"15,36 : 624.55"
"15,37 : 233.31"
"15,38 : 695.69"
"15,39 : 805.74"
"15,40 : 826.7"
"15,41 : 282.6"
"15,42 : 468.05"
"15,43 : 602.2"
"15,44 : 445.53"
"15,45 : 636.75"
"15,46 : 523.27"
"15,47 : 484.48"
"15,48 : 706.13"
"15,49 : 122.41"
"16,0 : 354.15"
"16,1 : 431.0"
"16,2 : 355.83"
"16,3 : 236.24"
"16,4 : 413.9"
"16,5 : 320.68"
"16,6 : 406.31"
"16,7 : 259.94"
"16,8 : 484.33"
"16,9 : 459.46"
"16,10 : 436.61"
"16,11 : 477.02"
"16,12 : 528.39"
"16,13 : 554.73"
"16,14 : 48.01"
"16,15 : 417.31"
"16,16 : 0.0"
"16,17 : 147.12"
"16,18 : 336.14"
"16,19 : 430.67"
"16,20 : 454.27"
"16,21 : 219.91"
"16,22 : 421.25"
"16,23 : 366.23"
"16,24 : 358.8"
"16,25 : 453.26"
"16,26 : 338.64"
"16,27 : 395.73"
"16,28 : 312.77"
"16,29 : 208.89"
"16,30 : 234.25"
"16,31 : 562.53"
"16,32 : 524.87"
"16,33 : 389.49"
"16,34 : 51.11"
"16,35 : 53.6"
"16,36 : 261.92"
"16,37 : 648.21"
"16,38 : 318.04"
"16,39 : 388.53"
"16,40 : 416.2"
"16,41 : 697.72"
"16,42 : 365.09"
"16,43 : 299.17"
"16,44 : 547.89"
"16,45 : 517.56"
"16,46 : 115.45"
"16,47 : 432.54"
"16,48 : 416.91"
"16,49 : 362.54"
"17,0 : 237.7"
"17,1 : 554.27"
"17,2 : 450.36"
"17,3 : 117.65"
"17,4 : 429.42"
"17,5 : 178.22"
"17,6 : 529.92"
"17,7 : 295.16"
"17,8 : 357.05"
"17,9 : 447.56"
"17,10 : 307.05"
"17,11 : 370.31"
"17,12 : 633.47"
"17,13 : 693.13"
"17,14 : 193.13"
"17,15 : 385.8"
"17,16 : 147.12"
"17,17 : 0.0"
"17,18 : 290.06"
"17,19 : 289.8"
"17,20 : 335.86"
"17,21 : 341.74"
"17,22 : 547.48"
"17,23 : 509.97"
"17,24 : 439.91"
"17,25 : 403.83"
"17,26 : 443.7"
"17,27 : 467.11"
"17,28 : 171.48"
"17,29 : 353.48"
"17,30 : 89.87"
"17,31 : 446.78"
"17,32 : 379.77"
"17,33 : 447.97"
"17,34 : 187.84"
"17,35 : 196.96"
"17,36 : 239.78"
"17,37 : 598.1"
"17,38 : 312.24"
"17,39 : 468.54"
"17,40 : 459.93"
"17,41 : 646.38"
"17,42 : 219.15"
"17,43 : 446.28"
"17,44 : 635.19"
"17,45 : 379.96"
"17,46 : 246.07"
"17,47 : 549.39"
"17,48 : 337.04"
"17,49 : 376.0"
"18,0 : 177.5"
"18,1 : 754.25"
"18,2 : 357.35"
"18,3 : 386.85"
"18,4 : 716.24"
"18,5 : 376.92"
"18,6 : 729.9"
"18,7 : 167.08"
"18,8 : 563.45"
"18,9 : 168.58"
"18,10 : 515.57"
"18,11 : 613.06"
"18,12 : 525.56"
"18,13 : 689.52"
"18,14 : 348.99"
"18,15 : 97.32"
"18,16 : 336.14"
"18,17 : 290.06"
"18,18 : 0.0"
"18,19 : 462.22"
"18,20 : 227.59"
"18,21 : 357.92"
"18,22 : 741.61"
"18,23 : 649.61"
"18,24 : 693.8"
"18,25 : 117.92"
"18,26 : 673.62"
"18,27 : 318.32"
"18,28 : 378.04"
"18,29 : 444.09"
"18,30 : 322.59"
"18,31 : 299.59"
"18,32 : 502.7"
"18,33 : 717.8"
"18,34 : 329.22"
"18,35 : 381.7"
"18,36 : 529.56"
"18,37 : 314.25"
"18,38 : 601.35"
"18,39 : 723.52"
"18,40 : 737.57"
"18,41 : 363.57"
"18,42 : 377.14"
"18,43 : 554.83"
"18,44 : 485.08"
"18,45 : 549.66"
"18,46 : 447.3"
"18,47 : 488.04"
"18,48 : 608.92"
"18,49 : 149.91"
"19,0 : 298.22"
"19,1 : 775.25"
"19,2 : 727.39"
"19,3 : 202.39"
"19,4 : 498.41"
"19,5 : 111.66"
"19,6 : 753.08"
"19,7 : 547.7"
"19,8 : 107.67"
"19,9 : 628.56"
"19,10 : 73.06"
"19,11 : 189.24"
"19,12 : 912.39"
"19,13 : 982.67"
"19,14 : 478.48"
"19,15 : 551.87"
"19,16 : 430.67"
"19,17 : 289.8"
"19,18 : 462.22"
"19,19 : 0.0"
"19,20 : 333.22"
"19,21 : 630.73"
"19,22 : 774.04"
"19,23 : 773.01"
"19,24 : 608.49"
"19,25 : 538.33"
"19,26 : 646.25"
"19,27 : 728.94"
"19,28 : 118.46"
"19,29 : 639.56"
"19,30 : 200.06"
"19,31 : 413.25"
"19,32 : 105.02"
"19,33 : 581.31"
"19,34 : 475.95"
"19,35 : 473.61"
"19,36 : 335.64"
"19,37 : 696.33"
"19,38 : 390.29"
"19,39 : 630.72"
"19,40 : 567.61"
"19,41 : 736.1"
"19,42 : 86.01"
"19,43 : 724.16"
"19,44 : 902.23"
"19,45 : 92.8"
"19,46 : 506.05"
"19,47 : 835.09"
"19,48 : 251.47"
"19,49 : 597.46"
"20,0 : 100.28"
"20,1 : 883.32"
"20,2 : 581.59"
"20,3 : 369.82"
"20,4 : 738.33"
"20,5 : 299.79"
"20,6 : 858.68"
"20,7 : 385.54"
"20,8 : 440.51"
"20,9 : 354.45"
"20,10 : 403.18"
"20,11 : 517.7"
"20,12 : 753.02"
"20,13 : 905.12"
"20,14 : 486.79"
"20,15 : 279.12"
"20,16 : 454.27"
"20,17 : 335.86"
"20,18 : 227.59"
"20,19 : 333.22"
"20,20 : 0.0"
"20,21 : 556.08"
"20,22 : 874.6"
"20,23 : 812.69"
"20,24 : 775.1"
"20,25 : 241.37"
"20,26 : 778.52"
"20,27 : 545.91"
"20,28 : 306.79"
"20,29 : 621.01"
"20,30 : 303.12"
"20,31 : 110.94"
"20,32 : 329.97"
"20,33 : 777.86"
"20,34 : 471.5"
"20,35 : 507.67"
"20,36 : 545.0"
"20,37 : 367.0"
"20,38 : 617.45"
"20,39 : 803.39"
"20,40 : 783.53"
"20,41 : 404.35"
"20,42 : 267.62"
"20,43 : 729.54"
"20,44 : 711.42"
"20,45 : 400.21"
"20,46 : 568.12"
"20,47 : 710.84"
"20,48 : 552.6"
"20,49 : 375.0"
"21,0 : 467.37"
"21,1 : 455.04"
"21,2 : 154.06"
"21,3 : 449.28"
"21,4 : 595.3"
"21,5 : 519.11"
"21,6 : 433.54"
"21,7 : 198.08"
"21,8 : 696.55"
"21,9 : 398.73"
"21,10 : 647.28"
"21,11 : 695.91"
"21,12 : 310.58"
"21,13 : 359.14"
"21,14 : 177.4"
"21,15 : 395.06"
"21,16 : 219.91"
"21,17 : 341.74"
"21,18 : 357.92"
"21,19 : 630.73"
"21,20 : 556.08"
"21,21 : 0.0"
"21,22 : 437.91"
"21,23 : 312.62"
"21,24 : 479.58"
"21,25 : 449.61"
"21,26 : 423.47"
"21,27 : 221.0"
"21,28 : 512.89"
"21,29 : 110.75"
"21,30 : 430.85"
"21,31 : 648.69"
"21,32 : 715.19"
"21,33 : 534.3"
"21,34 : 168.81"
"21,35 : 206.73"
"21,36 : 473.71"
"21,37 : 618.57"
"21,38 : 519.52"
"21,39 : 506.21"
"21,40 : 573.47"
"21,41 : 665.53"
"21,42 : 555.02"
"21,43 : 210.1"
"21,44 : 341.71"
"21,45 : 721.59"
"21,46 : 239.03"
"21,47 : 212.66"
"21,48 : 636.39"
"21,49 : 288.01"
"22,0 : 774.32"
"22,1 : 20.22"
"22,2 : 571.47"
"22,3 : 578.19"
"22,4 : 406.96"
"22,5 : 683.06"
"22,6 : 22.83"
"22,7 : 614.55"
"22,8 : 780.49"
"22,9 : 826.63"
"22,10 : 746.63"
"22,11 : 724.07"
"22,12 : 649.21"
"22,13 : 487.19"
"22,14 : 395.52"
"22,15 : 806.45"
"22,16 : 421.25"
"22,17 : 547.48"
"22,18 : 741.61"
"22,19 : 774.04"
"22,20 : 874.6"
"22,21 : 437.91"
"22,22 : 0.0"
"22,23 : 154.35"
"22,24 : 211.78"
"22,25 : 852.79"
"22,26 : 138.19"
"22,27 : 651.13"
"22,28 : 673.09"
"22,29 : 327.2"
"22,30 : 614.65"
"22,31 : 983.55"
"22,32 : 878.74"
"22,33 : 282.14"
"22,34 : 414.14"
"22,35 : 368.68"
"22,36 : 453.44"
"22,37 : 1038.86"
"22,38 : 432.26"
"22,39 : 212.3"
"22,40 : 330.39"
"22,41 : 1087.6"
"22,42 : 736.0"
"22,43 : 245.07"
"22,44 : 721.24"
"22,45 : 840.05"
"22,46 : 306.51"
"22,47 : 541.44"
"22,48 : 623.62"
"22,49 : 716.45"
"23,0 : 714.15"
"23,1 : 174.55"
"23,2 : 430.33"
"23,3 : 570.68"
"23,4 : 500.06"
"23,5 : 670.37"
"23,6 : 162.44"
"23,7 : 504.54"
"23,8 : 800.4"
"23,9 : 710.98"
"23,10 : 759.77"
"23,11 : 760.8"
"23,12 : 495.54"
"23,13 : 341.44"
"23,14 : 327.34"
"23,15 : 701.69"
"23,16 : 366.23"
"23,17 : 509.97"
"23,18 : 649.61"
"23,19 : 773.01"
"23,20 : 812.69"
"23,21 : 312.62"
"23,22 : 154.35"
"23,23 : 0.0"
"23,24 : 314.08"
"23,25 : 752.98"
"23,26 : 231.1"
"23,27 : 512.73"
"23,28 : 661.15"
"23,29 : 207.95"
"23,30 : 590.59"
"23,31 : 917.02"
"23,32 : 874.34"
"23,33 : 387.77"
"23,34 : 341.41"
"23,35 : 313.7"
"23,36 : 487.86"
"23,37 : 929.52"
"23,38 : 489.78"
"23,39 : 326.79"
"23,40 : 437.38"
"23,41 : 977.04"
"23,42 : 720.01"
"23,43 : 103.48"
"23,44 : 569.72"
"23,45 : 850.21"
"23,46 : 268.03"
"23,47 : 388.86"
"23,48 : 669.35"
"23,49 : 600.07"
"24,0 : 677.6"
"24,1 : 202.2"
"24,2 : 632.38"
"24,3 : 430.76"
"24,4 : 195.35"
"24,5 : 533.84"
"24,6 : 189.38"
"24,7 : 607.11"
"24,8 : 596.27"
"24,9 : 815.05"
"24,10 : 569.06"
"24,11 : 528.99"
"24,12 : 756.32"
"24,13 : 650.85"
"24,14 : 357.81"
"24,15 : 776.03"
"24,16 : 358.8"
"24,17 : 439.91"
"24,18 : 693.8"
"24,19 : 608.49"
"24,20 : 775.1"
"24,21 : 479.58"
"24,22 : 211.78"
"24,23 : 314.08"
"24,24 : 0.0"
"24,25 : 811.43"
"24,26 : 83.24"
"24,27 : 699.28"
"24,28 : 523.65"
"24,29 : 381.84"
"24,30 : 483.37"
"24,31 : 886.01"
"24,32 : 712.97"
"24,33 : 73.93"
"24,34 : 378.31"
"24,35 : 320.09"
"24,36 : 273.31"
"24,37 : 1006.87"
"24,38 : 233.57"
"24,39 : 29.73"
"24,40 : 123.66"
"24,41 : 1056.37"
"24,42 : 587.49"
"24,43 : 357.11"
"24,44 : 810.57"
"24,45 : 662.27"
"24,46 : 258.49"
"24,47 : 645.17"
"24,48 : 425.17"
"24,49 : 712.64"
"25,0 : 240.1"
"25,1 : 866.17"
"25,2 : 413.76"
"25,3 : 492.9"
"25,4 : 832.15"
"25,5 : 467.47"
"25,6 : 842.04"
"25,7 : 251.53"
"25,8 : 644.12"
"25,9 : 117.69"
"25,10 : 599.14"
"25,11 : 704.08"
"25,12 : 558.91"
"25,13 : 754.56"
"25,14 : 463.68"
"25,15 : 59.21"
"25,16 : 453.26"
"25,17 : 403.83"
"25,18 : 117.92"
"25,19 : 538.33"
"25,20 : 241.37"
"25,21 : 449.61"
"25,22 : 852.79"
"25,23 : 752.98"
"25,24 : 811.43"
"25,25 : 0.0"
"25,26 : 789.65"
"25,27 : 354.25"
"25,28 : 470.35"
"25,29 : 545.32"
"25,30 : 425.67"
"25,31 : 268.43"
"25,32 : 559.88"
"25,33 : 835.69"
"25,34 : 443.54"
"25,35 : 497.55"
"25,36 : 643.56"
"25,37 : 196.4"
"25,38 : 716.03"
"25,39 : 841.16"
"25,40 : 855.13"
"25,41 : 245.67"
"25,42 : 457.28"
"25,43 : 654.79"
"25,44 : 500.58"
"25,45 : 619.14"
"25,46 : 563.04"
"25,47 : 543.69"
"25,48 : 710.74"
"25,49 : 181.62"
"26,0 : 678.97"
"26,1 : 133.45"
"26,2 : 573.01"
"26,3 : 456.32"
"26,4 : 275.47"
"26,5 : 561.41"
"26,6 : 115.39"
"26,7 : 570.04"
"26,8 : 646.21"
"26,9 : 781.71"
"26,10 : 614.36"
"26,11 : 586.92"
"26,12 : 685.81"
"26,13 : 569.36"
"26,14 : 326.73"
"26,15 : 749.6"
"26,16 : 338.64"
"26,17 : 443.7"
"26,18 : 673.62"
"26,19 : 646.25"
"26,20 : 778.52"
"26,21 : 423.47"
"26,22 : 138.19"
"26,23 : 231.1"
"26,24 : 83.24"
"26,25 : 789.65"
"26,26 : 0.0"
"26,27 : 644.47"
"26,28 : 551.27"
"26,29 : 319.16"
"26,30 : 500.36"
"26,31 : 889.14"
"26,32 : 751.27"
"26,33 : 157.16"
"26,34 : 347.21"
"26,35 : 292.1"
"26,36 : 318.7"
"26,37 : 982.56"
"26,38 : 294.15"
"26,39 : 97.08"
"26,40 : 206.89"
"26,41 : 1032.0"
"26,42 : 615.03"
"26,43 : 280.35"
"26,44 : 744.86"
"26,45 : 708.0"
"26,46 : 226.63"
"26,47 : 574.64"
"26,48 : 485.79"
"26,49 : 675.51"
"27,0 : 485.17"
"27,1 : 669.28"
"27,2 : 84.2"
"27,3 : 584.74"
"27,4 : 801.72"
"27,5 : 623.9"
"27,6 : 649.04"
"27,7 : 181.46"
"27,8 : 815.12"
"27,9 : 257.0"
"27,10 : 764.53"
"27,11 : 837.31"
"27,12 : 208.0"
"27,13 : 410.7"
"27,14 : 367.31"
"27,15 : 295.65"
"27,16 : 395.73"
"27,17 : 467.11"
"27,18 : 318.32"
"27,19 : 728.94"
"27,20 : 545.91"
"27,21 : 221.0"
"27,22 : 651.13"
"27,23 : 512.73"
"27,24 : 699.28"
"27,25 : 354.25"
"27,26 : 644.47"
"27,27 : 0.0"
"27,28 : 620.76"
"27,29 : 328.42"
"27,30 : 543.38"
"27,31 : 609.69"
"27,32 : 792.46"
"27,33 : 751.19"
"27,34 : 351.01"
"27,35 : 404.04"
"27,36 : 657.03"
"27,37 : 471.02"
"27,38 : 713.25"
"27,39 : 726.38"
"27,40 : 788.02"
"27,41 : 511.56"
"27,42 : 644.31"
"27,43 : 410.23"
"27,44 : 173.83"
"27,45 : 821.52"
"27,46 : 450.34"
"27,47 : 196.24"
"27,48 : 797.99"
"27,49 : 175.91"
"28,0 : 239.46"
"28,1 : 676.06"
"28,2 : 614.01"
"28,3 : 95.08"
"28,4 : 445.25"
"28,5 : 10.2"
"28,6 : 653.0"
"28,7 : 440.97"
"28,8 : 194.55"
"28,9 : 546.62"
"28,10 : 144.09"
"28,11 : 235.14"
"28,12 : 798.66"
"28,13 : 864.21"
"28,14 : 360.45"
"28,15 : 473.15"
"28,16 : 312.77"
"28,17 : 171.48"
"28,18 : 378.04"
"28,19 : 118.46"
"28,20 : 306.79"
"28,21 : 512.89"
"28,22 : 673.09"
"28,23 : 661.15"
"28,24 : 523.65"
"28,25 : 470.35"
"28,26 : 551.27"
"28,27 : 620.76"
"28,28 : 0.0"
"28,29 : 521.58"
"28,30 : 82.07"
"28,31 : 407.18"
"28,32 : 213.78"
"28,33 : 507.69"
"28,34 : 357.56"
"28,35 : 357.02"
"28,36 : 260.38"
"28,37 : 646.41"
"28,38 : 327.05"
"28,39 : 548.51"
"28,40 : 502.7"
"28,41 : 690.31"
"28,42 : 63.95"
"28,43 : 608.17"
"28,44 : 792.84"
"28,45 : 208.74"
"28,46 : 393.19"
"28,47 : 718.69"
"28,48 : 247.78"
"28,49 : 501.24"
"29,0 : 525.64"
"29,1 : 344.29"
"29,2 : 254.1"
"29,3 : 443.49"
"29,4 : 517.88"
"29,5 : 529.37"
"29,6 : 322.85"
"29,7 : 296.65"
"29,8 : 690.29"
"29,9 : 504.65"
"29,10 : 643.6"
"29,11 : 674.14"
"29,12 : 379.35"
"29,13 : 349.38"
"29,14 : 161.14"
"29,15 : 493.73"
"29,16 : 208.89"
"29,17 : 353.48"
"29,18 : 444.09"
"29,19 : 639.56"
"29,20 : 621.01"
"29,21 : 110.75"
"29,22 : 327.2"
"29,23 : 207.95"
"29,24 : 381.84"
"29,25 : 545.32"
"29,26 : 319.16"
"29,27 : 328.42"
"29,28 : 521.58"
"29,29 : 0.0"
"29,30 : 442.3"
"29,31 : 721.1"
"29,32 : 732.99"
"29,33 : 442.33"
"29,34 : 166.01"
"29,35 : 170.66"
"29,36 : 425.66"
"29,37 : 722.01"
"29,38 : 458.69"
"29,39 : 406.79"
"29,40 : 485.07"
"29,41 : 769.77"
"29,42 : 572.59"
"29,43 : 110.86"
"29,44 : 428.81"
"29,45 : 726.14"
"29,46 : 171.29"
"29,47 : 269.83"
"29,48 : 601.21"
"29,49 : 393.73"
"30,0 : 216.4"
"30,1 : 619.42"
"30,2 : 533.48"
"30,3 : 69.46"
"30,4 : 435.6"
"30,5 : 88.41"
"30,6 : 595.64"
"30,7 : 365.45"
"30,8 : 272.74"
"30,9 : 489.33"
"30,10 : 222.19"
"30,11 : 298.84"
"30,12 : 717.81"
"30,13 : 783.0"
"30,14 : 281.35"
"30,15 : 419.75"
"30,16 : 234.25"
"30,17 : 89.87"
"30,18 : 322.59"
"30,19 : 200.06"
"30,20 : 303.12"
"30,21 : 430.85"
"30,22 : 614.65"
"30,23 : 590.59"
"30,24 : 483.37"
"30,25 : 425.67"
"30,26 : 500.36"
"30,27 : 543.38"
"30,28 : 82.07"
"30,29 : 442.3"
"30,30 : 0.0"
"30,31 : 411.69"
"30,32 : 290.72"
"30,33 : 478.32"
"30,34 : 277.22"
"30,35 : 281.16"
"30,36 : 241.93"
"30,37 : 611.87"
"30,38 : 314.68"
"30,39 : 510.26"
"30,40 : 481.21"
"30,41 : 658.11"
"30,42 : 130.97"
"30,43 : 532.25"
"30,44 : 714.38"
"30,45 : 290.81"
"30,46 : 323.15"
"30,47 : 636.8"
"30,48 : 286.4"
"30,49 : 433.36"
"31,0 : 210.23"
"31,1 : 992.65"
"31,2 : 656.04"
"31,3 : 476.95"
"31,4 : 845.5"
"31,5 : 399.22"
"31,6 : 967.98"
"31,7 : 466.0"
"31,8 : 516.98"
"31,9 : 385.83"
"31,10 : 485.9"
"31,11 : 602.13"
"31,12 : 817.51"
"31,13 : 988.84"
"31,14 : 593.1"
"31,15 : 320.54"
"31,16 : 562.53"
"31,17 : 446.78"
"31,18 : 299.59"
"31,19 : 413.25"
"31,20 : 110.94"
"31,21 : 648.69"
"31,22 : 983.55"
"31,23 : 917.02"
"31,24 : 886.01"
"31,25 : 268.43"
"31,26 : 889.14"
"31,27 : 609.69"
"31,28 : 407.18"
"31,29 : 721.1"
"31,30 : 411.69"
"31,31 : 0.0"
"31,32 : 385.02"
"31,33 : 888.09"
"31,34 : 576.99"
"31,35 : 615.65"
"31,36 : 652.99"
"31,37 : 330.19"
"31,38 : 724.83"
"31,39 : 914.26"
"31,40 : 892.82"
"31,41 : 356.97"
"31,42 : 360.28"
"31,43 : 830.86"
"31,44 : 765.86"
"31,45 : 465.43"
"31,46 : 677.06"
"31,47 : 787.09"
"31,48 : 647.89"
"31,49 : 433.97"
"32,0 : 326.84"
"32,1 : 880.12"
"32,2 : 799.75"
"32,3 : 304.24"
"32,4 : 596.42"
"32,5 : 205.06"
"32,6 : 857.86"
"32,7 : 611.53"
"32,8 : 157.21"
"32,9 : 661.64"
"32,10 : 154.55"
"32,11 : 254.68"
"32,12 : 984.34"
"32,13 : 1071.34"
"32,14 : 572.07"
"32,15 : 583.65"
"32,16 : 524.87"
"32,17 : 379.77"
"32,18 : 502.7"
"32,19 : 105.02"
"32,20 : 329.97"
"32,21 : 715.19"
"32,22 : 878.74"
"32,23 : 874.34"
"32,24 : 712.97"
"32,25 : 559.88"
"32,26 : 751.27"
"32,27 : 792.46"
"32,28 : 213.78"
"32,29 : 732.99"
"32,30 : 290.72"
"32,31 : 385.02"
"32,32 : 0.0"
"32,33 : 684.08"
"32,34 : 567.61"
"32,35 : 570.46"
"32,36 : 439.82"
"32,37 : 695.98"
"32,38 : 492.06"
"32,39 : 734.84"
"32,40 : 668.43"
"32,41 : 731.01"
"32,42 : 160.88"
"32,43 : 821.72"
"32,44 : 966.26"
"32,45 : 87.09"
"32,46 : 606.6"
"32,47 : 913.72"
"32,48 : 338.18"
"32,49 : 647.07"
"33,0 : 683.24"
"33,1 : 270.74"
"33,2 : 688.21"
"33,3 : 419.07"
"33,4 : 126.78"
"33,5 : 517.73"
"33,6 : 260.25"
"33,7 : 645.89"
"33,8 : 557.13"
"33,9 : 848.95"
"33,10 : 534.94"
"33,11 : 482.39"
"33,12 : 820.14"
"33,13 : 723.24"
"33,14 : 396.81"
"33,15 : 804.49"
"33,16 : 389.49"
"33,17 : 447.97"
"33,18 : 717.8"
"33,19 : 581.31"
"33,20 : 777.86"
"33,21 : 534.3"
"33,22 : 282.14"
"33,23 : 387.77"
"33,24 : 73.93"
"33,25 : 835.69"
"33,26 : 157.16"
"33,27 : 751.19"
"33,28 : 507.69"
"33,29 : 442.33"
"33,30 : 478.32"
"33,31 : 888.09"
"33,32 : 684.08"
"33,33 : 0.0"
"33,34 : 416.7"
"33,35 : 358.22"
"33,36 : 248.24"
"33,37 : 1032.04"
"33,38 : 192.84"
"33,39 : 70.8"
"33,40 : 49.74"
"33,41 : 1081.36"
"33,42 : 570.46"
"33,43 : 426.81"
"33,44 : 870.51"
"33,45 : 626.62"
"33,46 : 302.34"
"33,47 : 709.34"
"33,48 : 377.23"
"33,49 : 750.43"
"34,0 : 372.74"
"34,1 : 425.94"
"34,2 : 306.96"
"34,3 : 285.04"
"34,4 : 452.55"
"34,5 : 364.97"
"34,6 : 401.44"
"34,7 : 229.47"
"34,8 : 533.31"
"34,9 : 437.02"
"34,10 : 485.07"
"34,11 : 527.89"
"34,12 : 477.7"
"34,13 : 507.2"
"34,14 : 20.62"
"34,15 : 402.39"
"34,16 : 51.11"
"34,17 : 187.84"
"34,18 : 329.22"
"34,19 : 475.95"
"34,20 : 471.5"
"34,21 : 168.81"
"34,22 : 414.14"
"34,23 : 341.41"
"34,24 : 378.31"
"34,25 : 443.54"
"34,26 : 347.21"
"34,27 : 351.01"
"34,28 : 357.56"
"34,29 : 166.01"
"34,30 : 277.22"
"34,31 : 576.99"
"34,32 : 567.61"
"34,33 : 416.7"
"34,34 : 0.0"
"34,35 : 58.59"
"34,36 : 309.89"
"34,37 : 635.44"
"34,38 : 362.61"
"34,39 : 407.71"
"34,40 : 447.49"
"34,41 : 684.85"
"34,42 : 406.96"
"34,43 : 264.6"
"34,44 : 499.17"
"34,45 : 564.22"
"34,46 : 121.26"
"34,47 : 381.43"
"34,48 : 467.82"
"34,49 : 334.65"
"35,0 : 407.61"
"35,1 : 378.95"
"35,2 : 354.05"
"35,3 : 274.43"
"35,4 : 397.72"
"35,5 : 365.47"
"35,6 : 354.27"
"35,7 : 288.06"
"35,8 : 520.02"
"35,9 : 494.99"
"35,10 : 473.84"
"35,11 : 504.25"
"35,12 : 517.05"
"35,13 : 519.98"
"35,14 : 38.63"
"35,15 : 458.34"
"35,16 : 53.6"
"35,17 : 196.96"
"35,18 : 381.7"
"35,19 : 473.61"
"35,20 : 507.67"
"35,21 : 206.73"
"35,22 : 368.68"
"35,23 : 313.7"
"35,24 : 320.09"
"35,25 : 497.55"
"35,26 : 292.1"
"35,27 : 404.04"
"35,28 : 357.02"
"35,29 : 170.66"
"35,30 : 281.16"
"35,31 : 615.65"
"35,32 : 570.46"
"35,33 : 358.22"
"35,34 : 58.59"
"35,35 : 0.0"
"35,36 : 267.33"
"35,37 : 690.87"
"35,38 : 313.69"
"35,39 : 349.57"
"35,40 : 389.62"
"35,41 : 740.36"
"35,42 : 412.04"
"35,43 : 251.29"
"35,44 : 545.6"
"35,45 : 558.08"
"35,46 : 65.6"
"35,47 : 415.59"
"35,48 : 435.34"
"35,49 : 393.19"
"36,0 : 456.68"
"36,1 : 451.44"
"36,2 : 616.85"
"36,3 : 176.4"
"36,4 : 194.08"
"36,5 : 270.3"
"36,6 : 431.26"
"36,7 : 507.74"
"36,8 : 327.51"
"36,9 : 683.13"
"36,10 : 296.74"
"36,11 : 274.16"
"36,12 : 784.25"
"36,13 : 768.3"
"36,14 : 297.41"
"36,15 : 624.55"
"36,16 : 261.92"
"36,17 : 239.78"
"36,18 : 529.56"
"36,19 : 335.64"
"36,20 : 545.0"
"36,21 : 473.71"
"36,22 : 453.44"
"36,23 : 487.86"
"36,24 : 273.31"
"36,25 : 643.56"
"36,26 : 318.7"
"36,27 : 657.03"
"36,28 : 260.38"
"36,29 : 425.66"
"36,30 : 241.93"
"36,31 : 652.99"
"36,32 : 439.82"
"36,33 : 248.24"
"36,34 : 309.89"
"36,35 : 267.33"
"36,36 : 0.0"
"36,37 : 837.27"
"36,38 : 73.6"
"36,39 : 295.08"
"36,40 : 242.74"
"36,41 : 885.25"
"36,42 : 322.56"
"36,43 : 471.73"
"36,44 : 809.06"
"36,45 : 390.31"
"36,46 : 255.45"
"36,47 : 682.63"
"36,48 : 182.33"
"36,49 : 601.71"
"37,0 : 407.24"
"37,1 : 1053.2"
"37,2 : 547.16"
"37,3 : 680.62"
"37,4 : 1027.28"
"37,5 : 641.99"
"37,6 : 1029.44"
"37,7 : 425.82"
"37,8 : 803.99"
"37,9 : 221.92"
"37,10 : 763.26"
"37,11 : 874.21"
"37,12 : 652.05"
"37,13 : 881.34"
"37,14 : 655.85"
"37,15 : 233.31"
"37,16 : 648.21"
"37,17 : 598.1"
"37,18 : 314.25"
"37,19 : 696.33"
"37,20 : 367.0"
"37,21 : 618.57"
"37,22 : 1038.86"
"37,23 : 929.52"
"37,24 : 1006.87"
"37,25 : 196.4"
"37,26 : 982.56"
"37,27 : 471.02"
"37,28 : 646.41"
"37,29 : 722.01"
"37,30 : 611.87"
"37,31 : 330.19"
"37,32 : 695.98"
"37,33 : 1032.04"
"37,34 : 635.44"
"37,35 : 690.87"
"37,36 : 837.27"
"37,37 : 0.0"
"37,38 : 910.2"
"37,39 : 1036.6"
"37,40 : 1051.46"
"37,41 : 49.52"
"37,42 : 622.41"
"37,43 : 828.26"
"37,44 : 573.74"
"37,45 : 767.09"
"37,46 : 756.04"
"37,47 : 667.0"
"37,48 : 892.33"
"37,49 : 331.01"
"38,0 : 530.0"
"38,1 : 427.1"
"38,2 : 667.56"
"38,3 : 247.89"
"38,4 : 120.92"
"38,5 : 336.66"
"38,6 : 409.5"
"38,7 : 571.51"
"38,8 : 365.05"
"38,9 : 752.62"
"38,10 : 342.12"
"38,11 : 295.47"
"38,12 : 828.28"
"38,13 : 791.13"
"38,14 : 347.67"
"38,15 : 695.69"
"38,16 : 318.04"
"38,17 : 312.24"
"38,18 : 601.35"
"38,19 : 390.29"
"38,20 : 617.45"
"38,21 : 519.52"
"38,22 : 432.26"
"38,23 : 489.78"
"38,24 : 233.57"
"38,25 : 716.03"
"38,26 : 294.15"
"38,27 : 713.25"
"38,28 : 327.05"
"38,29 : 458.69"
"38,30 : 314.68"
"38,31 : 724.83"
"38,32 : 492.06"
"38,33 : 192.84"
"38,34 : 362.61"
"38,35 : 313.69"
"38,36 : 73.6"
"38,37 : 910.2"
"38,38 : 0.0"
"38,39 : 250.15"
"38,40 : 177.79"
"38,41 : 958.3"
"38,42 : 387.36"
"38,43 : 489.17"
"38,44 : 859.29"
"38,45 : 433.84"
"38,46 : 287.92"
"38,47 : 723.38"
"38,48 : 192.28"
"38,49 : 668.15"
"39,0 : 706.17"
"39,1 : 200.26"
"39,2 : 658.49"
"39,3 : 456.33"
"39,4 : 197.47"
"39,5 : 558.69"
"39,6 : 190.79"
"39,7 : 636.32"
"39,8 : 614.73"
"39,9 : 844.55"
"39,10 : 589.17"
"39,11 : 544.49"
"39,12 : 779.13"
"39,13 : 666.22"
"39,14 : 387.18"
"39,15 : 805.74"
"39,16 : 388.53"
"39,17 : 468.54"
"39,18 : 723.52"
"39,19 : 630.72"
"39,20 : 803.39"
"39,21 : 506.21"
"39,22 : 212.3"
"39,23 : 326.79"
"39,24 : 29.73"
"39,25 : 841.16"
"39,26 : 97.08"
"39,27 : 726.38"
"39,28 : 548.51"
"39,29 : 406.79"
"39,30 : 510.26"
"39,31 : 914.26"
"39,32 : 734.84"
"39,33 : 70.8"
"39,34 : 407.71"
"39,35 : 349.57"
"39,36 : 295.08"
"39,37 : 1036.6"
"39,38 : 250.15"
"39,39 : 0.0"
"39,40 : 118.11"
"39,41 : 1086.1"
"39,42 : 612.21"
"39,43 : 376.54"
"39,44 : 835.11"
"39,45 : 682.01"
"39,46 : 287.61"
"39,47 : 667.92"
"39,48 : 439.9"
"39,49 : 741.9"
"40,0 : 691.35"
"40,1 : 318.25"
"40,2 : 727.52"
"40,3 : 418.31"
"40,4 : 85.73"
"40,5 : 512.52"
"40,6 : 308.77"
"40,7 : 675.19"
"40,8 : 534.84"
"40,9 : 874.44"
"40,10 : 516.58"
"40,11 : 455.03"
"40,12 : 863.93"
"40,13 : 772.09"
"40,14 : 428.18"
"40,15 : 826.7"
"40,16 : 416.2"
"40,17 : 459.93"
"40,18 : 737.57"
"40,19 : 567.61"
"40,20 : 783.53"
"40,21 : 573.47"
"40,22 : 330.39"
"40,23 : 437.38"
"40,24 : 123.66"
"40,25 : 855.13"
"40,26 : 206.89"
"40,27 : 788.02"
"40,28 : 502.7"
"40,29 : 485.07"
"40,30 : 481.21"
"40,31 : 892.82"
"40,32 : 668.43"
"40,33 : 49.74"
"40,34 : 447.49"
"40,35 : 389.62"
"40,36 : 242.74"
"40,37 : 1051.46"
"40,38 : 177.79"
"40,39 : 118.11"
"40,40 : 0.0"
"40,41 : 1100.54"
"40,42 : 564.08"
"40,43 : 474.4"
"40,44 : 911.92"
"40,45 : 606.42"
"40,46 : 337.71"
"40,47 : 753.47"
"40,48 : 350.01"
"40,49 : 778.68"
"41,0 : 450.85"
"41,1 : 1102.05"
"41,2 : 589.45"
"41,3 : 727.09"
"41,4 : 1075.71"
"41,5 : 685.57"
"41,6 : 1078.34"
"41,7 : 474.0"
"41,8 : 843.74"
"41,9 : 267.46"
"41,10 : 804.11"
"41,11 : 916.13"
"41,12 : 686.57"
"41,13 : 920.72"
"41,14 : 705.28"
"41,15 : 282.6"
"41,16 : 697.72"
"41,17 : 646.38"
"41,18 : 363.57"
"41,19 : 736.1"
"41,20 : 404.35"
"41,21 : 665.53"
"41,22 : 1087.6"
"41,23 : 977.04"
"41,24 : 1056.37"
"41,25 : 245.67"
"41,26 : 1032.0"
"41,27 : 511.56"
"41,28 : 690.31"
"41,29 : 769.77"
"41,30 : 658.11"
"41,31 : 356.97"
"41,32 : 731.01"
"41,33 : 1081.36"
"41,34 : 684.85"
"41,35 : 740.36"
"41,36 : 885.25"
"41,37 : 49.52"
"41,38 : 958.3"
"41,39 : 1086.1"
"41,40 : 1100.54"
"41,41 : 0.0"
"41,42 : 664.08"
"41,43 : 875.45"
"41,44 : 605.33"
"41,45 : 804.32"
"41,46 : 805.51"
"41,47 : 706.8"
"41,48 : 936.98"
"41,49 : 377.59"
"42,0 : 218.11"
"42,1 : 739.27"
"42,2 : 645.26"
"42,3 : 158.71"
"42,4 : 503.92"
"42,5 : 53.76"
"42,6 : 716.08"
"42,7 : 462.9"
"42,8 : 187.3"
"42,9 : 544.23"
"42,10 : 142.03"
"42,11 : 252.07"
"42,12 : 830.29"
"42,13 : 910.55"
"42,14 : 411.93"
"42,15 : 468.05"
"42,16 : 365.09"
"42,17 : 219.15"
"42,18 : 377.14"
"42,19 : 86.01"
"42,20 : 267.62"
"42,21 : 555.02"
"42,22 : 736.0"
"42,23 : 720.01"
"42,24 : 587.49"
"42,25 : 457.28"
"42,26 : 615.03"
"42,27 : 644.31"
"42,28 : 63.95"
"42,29 : 572.59"
"42,30 : 130.97"
"42,31 : 360.28"
"42,32 : 160.88"
"42,33 : 570.46"
"42,34 : 406.96"
"42,35 : 412.04"
"42,36 : 322.56"
"42,37 : 622.41"
"42,38 : 387.36"
"42,39 : 612.21"
"42,40 : 564.08"
"42,41 : 664.08"
"42,42 : 0.0"
"42,43 : 663.2"
"42,44 : 817.84"
"42,45 : 177.51"
"42,46 : 452.05"
"42,47 : 755.89"
"42,48 : 287.61"
"42,49 : 511.46"
"43,0 : 633.0"
"43,1 : 264.37"
"43,2 : 328.6"
"43,3 : 523.24"
"43,4 : 523.86"
"43,5 : 616.7"
"43,6 : 246.98"
"43,7 : 404.62"
"43,8 : 764.15"
"43,9 : 608.82"
"43,10 : 720.03"
"43,11 : 736.39"
"43,12 : 410.1"
"43,13 : 303.36"
"43,14 : 254.58"
"43,15 : 602.2"
"43,16 : 299.17"
"43,17 : 446.28"
"43,18 : 554.83"
"43,19 : 724.16"
"43,20 : 729.54"
"43,21 : 210.1"
"43,22 : 245.07"
"43,23 : 103.48"
"43,24 : 357.11"
"43,25 : 654.79"
"43,26 : 280.35"
"43,27 : 410.23"
"43,28 : 608.17"
"43,29 : 110.86"
"43,30 : 532.25"
"43,31 : 830.86"
"43,32 : 821.72"
"43,33 : 426.81"
"43,34 : 264.6"
"43,35 : 251.29"
"43,36 : 471.73"
"43,37 : 828.26"
"43,38 : 489.17"
"43,39 : 376.54"
"43,40 : 474.4"
"43,41 : 875.45"
"43,42 : 663.2"
"43,43 : 0.0"
"43,44 : 477.55"
"43,45 : 806.87"
"43,46 : 223.9"
"43,47 : 300.04"
"43,48 : 653.39"
"43,49 : 498.05"
"44,0 : 656.41"
"44,1 : 740.95"
"44,2 : 192.21"
"44,3 : 752.29"
"44,4 : 936.9"
"44,5 : 796.3"
"44,6 : 724.41"
"44,7 : 355.2"
"44,8 : 986.82"
"44,9 : 388.58"
"44,10 : 936.22"
"44,11 : 1005.21"
"44,12 : 94.15"
"44,13 : 352.78"
"44,14 : 512.33"
"44,15 : 445.53"
"44,16 : 547.89"
"44,17 : 635.19"
"44,18 : 485.08"
"44,19 : 902.23"
"44,20 : 711.42"
"44,21 : 341.71"
"44,22 : 721.24"
"44,23 : 569.72"
"44,24 : 810.57"
"44,25 : 500.58"
"44,26 : 744.86"
"44,27 : 173.83"
"44,28 : 792.84"
"44,29 : 428.81"
"44,30 : 714.38"
"44,31 : 765.86"
"44,32 : 966.26"
"44,33 : 870.51"
"44,34 : 499.17"
"44,35 : 545.6"
"44,36 : 809.06"
"44,37 : 573.74"
"44,38 : 859.29"
"44,39 : 835.11"
"44,40 : 911.92"
"44,41 : 605.33"
"44,42 : 817.84"
"44,43 : 477.55"
"44,44 : 0.0"
"44,45 : 994.89"
"44,46 : 580.58"
"44,47 : 181.73"
"44,48 : 960.08"
"44,49 : 336.43"
"45,0 : 380.17"
"45,1 : 839.6"
"45,2 : 820.11"
"45,3 : 283.81"
"45,4 : 530.18"
"45,5 : 202.94"
"45,6 : 818.41"
"45,7 : 640.2"
"45,8 : 75.58"
"45,9 : 714.14"
"45,10 : 93.65"
"45,11 : 172.26"
"45,12 : 1005.1"
"45,13 : 1071.41"
"45,14 : 565.55"
"45,15 : 636.75"
"45,16 : 517.56"
"45,17 : 379.96"
"45,18 : 549.66"
"45,19 : 92.8"
"45,20 : 400.21"
"45,21 : 721.59"
"45,22 : 840.05"
"45,23 : 850.21"
"45,24 : 662.27"
"45,25 : 619.14"
"45,26 : 708.0"
"45,27 : 821.52"
"45,28 : 208.74"
"45,29 : 726.14"
"45,30 : 290.81"
"45,31 : 465.43"
"45,32 : 87.09"
"45,33 : 626.62"
"45,34 : 564.22"
"45,35 : 558.08"
"45,36 : 390.31"
"45,37 : 767.09"
"45,38 : 433.84"
"45,39 : 682.01"
"45,40 : 606.42"
"45,41 : 804.32"
"45,42 : 177.51"
"45,43 : 806.87"
"45,44 : 994.89"
"45,45 : 0.0"
"45,46 : 585.78"
"45,47 : 927.09"
"45,48 : 264.38"
"45,49 : 687.75"
"46,0 : 467.85"
"46,1 : 315.78"
"46,2 : 392.25"
"46,3 : 303.73"
"46,4 : 356.32"
"46,5 : 402.37"
"46,6 : 291.08"
"46,7 : 348.74"
"46,8 : 540.74"
"46,9 : 558.01"
"46,10 : 497.42"
"46,11 : 513.26"
"46,12 : 542.65"
"46,13 : 513.56"
"46,14 : 100.66"
"46,15 : 523.27"
"46,16 : 115.45"
"46,17 : 246.07"
"46,18 : 447.3"
"46,19 : 506.05"
"46,20 : 568.12"
"46,21 : 239.03"
"46,22 : 306.51"
"46,23 : 268.03"
"46,24 : 258.49"
"46,25 : 563.04"
"46,26 : 226.63"
"46,27 : 450.34"
"46,28 : 393.19"
"46,29 : 171.29"
"46,30 : 323.15"
"46,31 : 677.06"
"46,32 : 606.6"
"46,33 : 302.34"
"46,34 : 121.26"
"46,35 : 65.6"
"46,36 : 255.45"
"46,37 : 756.04"
"46,38 : 287.92"
"46,39 : 287.61"
"46,40 : 337.71"
"46,41 : 805.51"
"46,42 : 452.05"
"46,43 : 223.9"
"46,44 : 580.58"
"46,45 : 585.78"
"46,46 : 0.0"
"46,47 : 436.16"
"46,48 : 433.97"
"46,49 : 454.36"
"47,0 : 635.57"
"47,1 : 561.32"
"47,2 : 131.24"
"47,3 : 660.21"
"47,4 : 787.64"
"47,5 : 724.17"
"47,6 : 545.68"
"47,7 : 325.39"
"47,8 : 906.12"
"47,9 : 452.58"
"47,10 : 856.34"
"47,11 : 908.32"
"47,12 : 111.22"
"47,13 : 214.46"
"47,14 : 389.13"
"47,15 : 484.48"
"47,16 : 432.54"
"47,17 : 549.39"
"47,18 : 488.04"
"47,19 : 835.09"
"47,20 : 710.84"
"47,21 : 212.66"
"47,22 : 541.44"
"47,23 : 388.86"
"47,24 : 645.17"
"47,25 : 543.69"
"47,26 : 574.64"
"47,27 : 196.24"
"47,28 : 718.69"
"47,29 : 269.83"
"47,30 : 636.8"
"47,31 : 787.09"
"47,32 : 913.72"
"47,33 : 709.34"
"47,34 : 381.43"
"47,35 : 415.59"
"47,36 : 682.63"
"47,37 : 667.0"
"47,38 : 723.38"
"47,39 : 667.92"
"47,40 : 753.47"
"47,41 : 706.8"
"47,42 : 755.89"
"47,43 : 300.04"
"47,44 : 181.73"
"47,45 : 927.09"
"47,46 : 436.16"
"47,47 : 0.0"
"47,48 : 848.59"
"47,49 : 362.11"
"48,0 : 486.56"
"48,1 : 619.03"
"48,2 : 769.55"
"48,3 : 224.01"
"48,4 : 269.36"
"48,5 : 253.67"
"48,6 : 600.93"
"48,7 : 631.49"
"48,8 : 189.56"
"48,9 : 774.95"
"48,10 : 184.55"
"48,11 : 105.23"
"48,12 : 945.21"
