x,y
591,920
583,20
688,219
533,984
681,569
563,198
20,696
226,132
327,949
207,676
180,458
921,352
965,295
236,776
399,359
164,486
394,599
340,762
375,535
596,1
656,583
966,944
869,538
720,840
508,964
332,26
210,952
906,488
884,353
112,710
100,474
571,330
714,170
318,359
159,935
28,931
198,613
606,493
54,82
880,925
291,290
513,930
785,410
84,821
291,884
162,545
126,817
380,582
460,330
413,253

Distanze
"0,0 : 0.0"
"0,1 : 718.03"
"0,2 : 477.8"
"0,3 : 125.32"
"0,4 : 117.72"
"0,5 : 649.25"
"0,6 : 808.06"
"0,7 : 990.5"
"0,8 : 907.94"
"0,9 : 981.31"
"0,10 : 854.29"
"0,11 : 200.81"
"0,12 : 451.36"
"0,13 : 94.25"
"0,14 : 378.59"
"0,15 : 731.96"
"0,16 : 482.89"
"0,17 : 642.66"
"0,18 : 599.67"
"0,19 : 759.2"
"0,20 : 413.46"
"0,21 : 506.57"
"0,22 : 379.7"
"0,23 : 505.08"
"0,24 : 517.56"
"0,25 : 831.54"
"0,26 : 440.48"
"0,27 : 687.64"
"0,28 : 542.94"
"0,29 : 470.41"
"0,30 : 470.56"
"0,31 : 235.61"
"0,32 : 842.88"
"0,33 : 815.13"
"0,34 : 340.28"
"0,35 : 836.18"
"0,36 : 646.08"
"0,37 : 556.39"
"0,38 : 662.67"
"0,39 : 736.04"
"0,40 : 694.8"
"0,41 : 282.03"
"0,42 : 392.05"
"0,43 : 774.96"
"0,44 : 633.86"
"0,45 : 887.29"
"0,46 : 505.78"
"0,47 : 773.94"
"0,48 : 363.21"
"0,49 : 716.96"
"1,0 : 718.03"
"1,1 : 0.0"
"1,2 : 830.42"
"1,3 : 643.71"
"1,4 : 766.52"
"1,5 : 771.51"
"1,6 : 728.58"
"1,7 : 347.05"
"1,8 : 202.53"
"1,9 : 759.09"
"1,10 : 143.68"
"1,11 : 625.8"
"1,12 : 411.42"
"1,13 : 692.92"
"1,14 : 353.48"
"1,15 : 157.87"
"1,16 : 300.56"
"1,17 : 235.61"
"1,18 : 869.66"
"1,19 : 152.07"
"1,20 : 623.18"
"1,21 : 523.69"
"1,22 : 449.46"
"1,23 : 225.23"
"1,24 : 732.52"
"1,25 : 226.55"
"1,26 : 865.18"
"1,27 : 859.08"
"1,28 : 725.82"
"1,29 : 385.01"
"1,30 : 461.81"
"1,31 : 624.9"
"1,32 : 620.88"
"1,33 : 415.48"
"1,34 : 737.01"
"1,35 : 290.39"
"1,36 : 441.27"
"1,37 : 276.9"
"1,38 : 128.55"
"1,39 : 461.87"
"1,40 : 710.29"
"1,41 : 570.49"
"1,42 : 327.34"
"1,43 : 865.22"
"1,44 : 734.39"
"1,45 : 846.55"
"1,46 : 605.65"
"1,47 : 397.45"
"1,48 : 707.7"
"1,49 : 617.0"
"2,0 : 477.8"
"2,1 : 830.42"
"2,2 : 0.0"
"2,3 : 573.25"
"2,4 : 374.04"
"2,5 : 237.54"
"2,6 : 452.31"
"2,7 : 947.86"
"2,8 : 953.41"
"2,9 : 652.48"
"2,10 : 919.97"
"2,11 : 320.54"
"2,12 : 419.03"
"2,13 : 565.4"
"2,14 : 641.45"
"2,15 : 748.13"
"2,16 : 531.45"
"2,17 : 630.01"
"2,18 : 125.94"
"2,19 : 778.3"
"2,20 : 850.97"
"2,21 : 900.28"
"2,22 : 389.63"
"2,23 : 622.1"
"2,24 : 134.63"
"2,25 : 812.15"
"2,26 : 74.55"
"2,27 : 233.08"
"2,28 : 162.35"
"2,29 : 799.06"
"2,30 : 372.68"
"2,31 : 681.26"
"2,32 : 562.78"
"2,33 : 666.52"
"2,34 : 143.56"
"2,35 : 774.17"
"2,36 : 483.83"
"2,37 : 827.05"
"2,38 : 850.8"
"2,39 : 550.94"
"2,40 : 331.55"
"2,41 : 305.25"
"2,42 : 611.1"
"2,43 : 335.72"
"2,44 : 246.76"
"2,45 : 483.99"
"2,46 : 250.34"
"2,47 : 633.7"
"2,48 : 143.03"
"2,49 : 421.81"
"3,0 : 125.32"
"3,1 : 643.71"
"3,2 : 573.25"
"3,3 : 0.0"
"3,4 : 239.21"
"3,5 : 716.65"
"3,6 : 851.48"
"3,7 : 942.59"
"3,8 : 841.34"
"3,9 : 1009.96"
"3,10 : 784.94"
"3,11 : 262.41"
"3,12 : 450.09"
"3,13 : 50.93"
"3,14 : 291.4"
"3,15 : 682.04"
"3,16 : 450.69"
"3,17 : 607.82"
"3,18 : 689.21"
"3,19 : 706.72"
"3,20 : 291.05"
"3,21 : 381.42"
"3,22 : 383.8"
"3,23 : 448.21"
"3,24 : 590.44"
"3,25 : 784.87"
"3,26 : 545.83"
"3,27 : 766.11"
"3,28 : 612.15"
"3,29 : 355.35"
"3,30 : 484.17"
"3,31 : 113.03"
"3,32 : 863.97"
"3,33 : 803.15"
"3,34 : 430.45"
"3,35 : 800.31"
"3,36 : 651.15"
"3,37 : 450.89"
"3,38 : 572.11"
"3,39 : 739.07"
"3,40 : 746.68"
"3,41 : 323.69"
"3,42 : 318.55"
"3,43 : 844.99"
"3,44 : 696.07"
"3,45 : 941.63"
"3,46 : 552.91"
"3,47 : 762.45"
"3,48 : 444.33"
"3,49 : 749.83"
"4,0 : 117.72"
"4,1 : 766.52"
"4,2 : 374.04"
"4,3 : 239.21"
"4,4 : 0.0"
"4,5 : 566.67"
"4,6 : 743.99"
"4,7 : 1008.55"
"4,8 : 945.49"
"4,9 : 927.92"
"4,10 : 895.39"
"4,11 : 164.17"
"4,12 : 442.49"
"4,13 : 211.97"
"4,14 : 450.62"
"4,15 : 756.7"
"4,16 : 500.64"
"4,17 : 655.77"
"4,18 : 498.85"
"4,19 : 785.74"
"4,20 : 529.77"
"4,21 : 616.59"
"4,22 : 371.77"
"4,23 : 544.03"
"4,24 : 433.25"
"4,25 : 851.0"
"4,26 : 329.37"
"4,27 : 594.78"
"4,28 : 461.31"
"4,29 : 565.12"
"4,30 : 446.17"
"4,31 : 351.57"
"4,32 : 798.49"
"4,33 : 802.07"
"4,34 : 246.22"
"4,35 : 845.24"
"4,36 : 621.59"
"4,37 : 639.28"
"4,38 : 728.31"
"4,39 : 710.8"
"4,40 : 625.27"
"4,41 : 249.15"
"4,42 : 451.81"
"4,43 : 688.06"
"4,44 : 556.3"
"4,45 : 812.41"
"4,46 : 446.78"
"4,47 : 761.35"
"4,48 : 277.46"
"4,49 : 664.39"
"5,0 : 649.25"
"5,1 : 771.51"
"5,2 : 237.54"
"5,3 : 716.65"
"5,4 : 566.67"
"5,5 : 0.0"
"5,6 : 217.92"
"5,7 : 802.4"
"5,8 : 848.38"
"5,9 : 418.01"
"5,10 : 827.81"
"5,11 : 456.07"
"5,12 : 392.94"
"5,13 : 723.4"
"5,14 : 688.46"
"5,15 : 652.94"
"5,16 : 503.3"
"5,17 : 541.68"
"5,18 : 155.62"
"5,19 : 680.15"
"5,20 : 962.06"
"5,21 : 979.39"
"5,22 : 405.79"
"5,23 : 603.12"
"5,24 : 133.42"
"5,25 : 690.65"
"5,26 : 312.0"
"5,27 : 88.28"
"5,28 : 106.33"
"5,29 : 852.36"
"5,30 : 331.79"
"5,31 : 811.1"
"5,32 : 347.24"
"5,33 : 500.45"
"5,34 : 322.1"
"5,35 : 636.57"
"5,36 : 348.48"
"5,37 : 847.49"
"5,38 : 826.91"
"5,39 : 384.92"
"5,40 : 105.8"
"5,41 : 396.79"
"5,42 : 644.62"
"5,43 : 128.7"
"5,44 : 37.22"
"5,45 : 250.45"
"5,46 : 189.08"
"5,47 : 476.79"
"5,48 : 289.39"
"5,49 : 219.0"
"6,0 : 808.06"
"6,1 : 728.58"
"6,2 : 452.31"
"6,3 : 851.48"
"6,4 : 743.99"
"6,5 : 217.92"
"6,6 : 0.0"
"6,7 : 666.97"
"6,8 : 753.19"
"6,9 : 200.35"
"6,10 : 747.18"
"6,11 : 607.33"
"6,12 : 440.56"
"6,13 : 868.73"
"6,14 : 749.91"
"6,15 : 583.82"
"6,16 : 523.74"
"6,17 : 494.73"
"6,18 : 370.3"
"6,19 : 605.06"
"6,20 : 1059.38"
"6,21 : 1048.95"
"6,22 : 485.23"
"6,23 : 616.37"
"6,24 : 330.18"
"6,25 : 589.17"
"6,26 : 526.75"
"6,27 : 269.88"
"6,28 : 299.17"
"6,29 : 906.59"
"6,30 : 386.0"
"6,31 : 930.51"
"6,32 : 157.0"
"6,33 : 365.86"
"6,34 : 512.16"
"6,35 : 521.77"
"6,36 : 292.31"
"6,37 : 873.29"
"6,38 : 813.54"
"6,39 : 272.89"
"6,40 : 123.02"
"6,41 : 530.67"
"6,42 : 699.17"
"6,43 : 196.4"
"6,44 : 205.91"
"6,45 : 118.27"
"6,46 : 302.33"
"6,47 : 358.2"
"6,48 : 472.82"
"6,49 : 118.73"
"7,0 : 990.5"
"7,1 : 347.05"
"7,2 : 947.86"
"7,3 : 942.59"
"7,4 : 1008.55"
"7,5 : 802.4"
"7,6 : 666.97"
"7,7 : 0.0"
"7,8 : 179.61"
"7,9 : 601.91"
"7,10 : 226.75"
"7,11 : 848.25"
"7,12 : 575.43"
"7,13 : 987.64"
"7,14 : 668.95"
"7,15 : 260.58"
"7,16 : 509.52"
"7,17 : 352.88"
"7,18 : 940.54"
"7,19 : 236.52"
"7,20 : 966.0"
"7,21 : 870.69"
"7,22 : 641.11"
"7,23 : 494.53"
"7,24 : 821.6"
"7,25 : 158.96"
"7,26 : 1003.46"
"7,27 : 886.92"
"7,28 : 802.6"
"7,29 : 729.64"
"7,30 : 595.48"
"7,31 : 946.25"
"7,32 : 515.74"
"7,33 : 305.13"
"7,34 : 900.88"
"7,35 : 174.04"
"7,36 : 466.05"
"7,37 : 623.9"
"7,38 : 472.97"
"7,39 : 417.71"
"7,40 : 708.82"
"7,41 : 771.6"
"7,42 : 628.98"
"7,43 : 851.36"
"7,44 : 767.84"
"7,45 : 769.06"
"7,46 : 697.55"
"7,47 : 325.61"
"7,48 : 861.82"
"7,49 : 591.85"
"8,0 : 907.94"
"8,1 : 202.53"
"8,2 : 953.41"
"8,3 : 841.34"
"8,4 : 945.49"
"8,5 : 848.38"
"8,6 : 753.19"
"8,7 : 179.61"
"8,8 : 0.0"
"8,9 : 729.06"
"8,10 : 59.41"
"8,11 : 794.78"
"8,12 : 545.41"
"8,13 : 889.66"
"8,14 : 553.49"
"8,15 : 205.46"
"8,16 : 451.87"
"8,17 : 323.49"
"8,18 : 969.71"
"8,19 : 175.14"
"8,20 : 822.34"
"8,21 : 715.63"
"8,22 : 599.43"
"8,23 : 403.55"
"8,24 : 839.11"
"8,25 : 164.03"
"8,26 : 998.97"
"8,27 : 936.28"
"8,28 : 825.85"
"8,29 : 583.66"
"8,30 : 582.27"
"8,31 : 826.99"
"8,32 : 616.55"
"8,33 : 392.65"
"8,34 : 881.0"
"8,35 : 234.45"
"8,36 : 499.93"
"8,37 : 471.05"
"8,38 : 315.03"
"8,39 : 482.58"
"8,40 : 767.87"
"8,41 : 728.67"
"8,42 : 522.93"
"8,43 : 919.96"
"8,44 : 811.67"
"8,45 : 865.25"
"8,46 : 710.03"
"8,47 : 395.03"
"8,48 : 846.43"
"8,49 : 658.0"
"9,0 : 981.31"
"9,1 : 759.09"
"9,2 : 652.48"
"9,3 : 1009.96"
"9,4 : 927.92"
"9,5 : 418.01"
"9,6 : 200.35"
"9,7 : 601.91"
"9,8 : 729.06"
"9,9 : 0.0"
"9,10 : 739.03"
"9,11 : 781.49"
"9,12 : 570.41"
"9,13 : 1033.12"
"9,14 : 864.04"
"9,15 : 602.18"
"9,16 : 625.69"
"9,17 : 545.83"
"9,18 : 568.49"
"9,19 : 615.02"
"9,20 : 1188.29"
"9,21 : 1157.85"
"9,22 : 628.91"
"9,23 : 703.91"
"9,24 : 528.09"
"9,25 : 572.37"
"9,26 : 726.84"
"9,27 : 462.52"
"9,28 : 497.16"
"9,29 : 1008.55"
"9,30 : 527.08"
"9,31 : 1077.43"
"9,32 : 153.4"
"9,33 : 346.44"
"9,34 : 705.0"
"9,35 : 497.78"
"9,36 : 380.03"
"9,37 : 954.57"
"9,38 : 865.2"
"9,39 : 313.31"
"9,40 : 321.6"
"9,41 : 699.5"
"9,42 : 811.21"
"9,43 : 373.07"
"9,44 : 405.8"
"9,45 : 222.74"
"9,46 : 481.14"
"9,47 : 361.71"
"9,48 : 664.15"
"9,49 : 264.57"
"10,0 : 854.29"
"10,1 : 143.68"
"10,2 : 919.97"
"10,3 : 784.94"
"10,4 : 895.39"
"10,5 : 827.81"
"10,6 : 747.18"
"10,7 : 226.75"
"10,8 : 59.41"
"10,9 : 739.03"
"10,10 : 0.0"
"10,11 : 747.42"
"10,12 : 506.48"
"10,13 : 833.61"
"10,14 : 496.01"
"10,15 : 175.41"
"10,16 : 407.31"
"10,17 : 291.78"
"10,18 : 942.99"
"10,19 : 147.68"
"10,20 : 762.98"
"10,21 : 657.04"
"10,22 : 556.61"
"10,23 : 351.71"
"10,24 : 809.93"
"10,25 : 166.69"
"10,26 : 962.51"
"10,27 : 916.06"
"10,28 : 798.49"
"10,29 : 524.31"
"10,30 : 547.39"
"10,31 : 768.54"
"10,32 : 617.8"
"10,33 : 395.58"
"10,34 : 841.2"
"10,35 : 241.46"
"10,36 : 481.12"
"10,37 : 412.0"
"10,38 : 256.24"
"10,39 : 474.42"
"10,40 : 752.37"
"10,41 : 684.23"
"10,42 : 466.96"
"10,43 : 906.19"
"10,44 : 790.77"
"10,45 : 861.72"
"10,46 : 680.71"
"10,47 : 391.74"
"10,48 : 808.04"
"10,49 : 646.37"
"11,0 : 200.81"
"11,1 : 625.8"
"11,2 : 320.54"
"11,3 : 262.41"
"11,4 : 164.17"
"11,5 : 456.07"
"11,6 : 607.33"
"11,7 : 848.25"
"11,8 : 794.78"
"11,9 : 781.49"
"11,10 : 747.42"
"11,11 : 0.0"
"11,12 : 278.57"
"11,13 : 267.49"
"11,14 : 349.48"
"11,15 : 600.4"
"11,16 : 344.36"
"11,17 : 495.47"
"11,18 : 430.04"
"11,19 : 630.08"
"11,20 : 530.85"
"11,21 : 582.69"
"11,22 : 208.48"
"11,23 : 400.59"
"11,24 : 328.21"
"11,25 : 691.81"
"11,26 : 308.91"
"11,27 : 503.7"
"11,28 : 350.69"
"11,29 : 494.01"
"11,30 : 283.13"
"11,31 : 364.48"
"11,32 : 645.49"
"11,33 : 638.16"
"11,34 : 177.73"
"11,35 : 682.9"
"11,36 : 459.3"
"11,37 : 543.1"
"11,38 : 605.53"
"11,39 : 548.97"
"11,40 : 495.09"
"11,41 : 86.28"
"11,42 : 334.32"
"11,43 : 583.85"
"11,44 : 437.66"
"11,45 : 688.6"
"11,46 : 305.01"
"11,47 : 597.37"
"11,48 : 183.92"
"11,49 : 516.95"
"12,0 : 451.36"
"12,1 : 411.42"
"12,2 : 419.03"
"12,3 : 450.09"
"12,4 : 442.49"
"12,5 : 392.94"
"12,6 : 440.56"
"12,7 : 575.43"
"12,8 : 545.41"
"12,9 : 570.41"
"12,10 : 506.48"
"12,11 : 278.57"
"12,12 : 0.0"
"12,13 : 481.15"
"12,14 : 310.32"
"12,15 : 341.47"
"12,16 : 115.35"
"12,17 : 227.01"
"12,18 : 465.03"
"12,19 : 372.08"
"12,20 : 621.61"
"12,21 : 609.2"
"12,22 : 72.01"
"12,23 : 213.23"
"12,24 : 326.74"
"12,25 : 422.8"
"12,26 : 456.67"
"12,27 : 474.67"
"12,28 : 325.12"
"12,29 : 470.41"
"12,30 : 61.35"
"12,31 : 508.02"
"12,32 : 419.69"
"12,33 : 364.05"
"12,34 : 335.6"
"12,35 : 406.48"
"12,36 : 201.1"
"12,37 : 455.06"
"12,38 : 442.11"
"12,39 : 289.21"
"12,40 : 367.03"
"12,41 : 197.29"
"12,42 : 261.02"
"12,43 : 508.81"
"12,44 : 358.42"
"12,45 : 549.59"
"12,46 : 207.63"
"12,47 : 322.88"
"12,48 : 301.57"
"12,49 : 325.21"
"13,0 : 94.25"
"13,1 : 692.92"
"13,2 : 565.4"
"13,3 : 50.93"
"13,4 : 211.97"
"13,5 : 723.4"
"13,6 : 868.73"
"13,7 : 987.64"
"13,8 : 889.66"
"13,9 : 1033.12"
"13,10 : 833.61"
"13,11 : 267.49"
"13,12 : 481.15"
"13,13 : 0.0"
"13,14 : 341.42"
"13,15 : 727.09"
"13,16 : 490.68"
"13,17 : 649.22"
"13,18 : 684.96"
"13,19 : 752.34"
"13,20 : 321.45"
"13,21 : 422.27"
"13,22 : 412.48"
"13,23 : 493.95"
"13,24 : 594.22"
"13,25 : 829.43"
"13,26 : 531.87"
"13,27 : 767.76"
"13,28 : 617.71"
"13,29 : 404.68"
"13,30 : 510.66"
"13,31 : 145.42"
"13,32 : 889.52"
"13,33 : 839.04"
"13,34 : 424.86"
"13,35 : 842.46"
"13,36 : 681.38"
"13,37 : 501.6"
"13,38 : 622.83"
"13,39 : 770.26"
"13,40 : 760.23"
"13,41 : 338.11"
"13,42 : 366.74"
"13,43 : 850.85"
"13,44 : 705.07"
"13,45 : 954.62"
"13,46 : 567.57"
"13,47 : 798.09"
"13,48 : 443.38"
"13,49 : 770.83"
"14,0 : 378.59"
"14,1 : 353.48"
"14,2 : 641.45"
"14,3 : 291.4"
"14,4 : 450.62"
"14,5 : 688.46"
"14,6 : 749.91"
"14,7 : 668.95"
"14,8 : 553.49"
"14,9 : 864.04"
"14,10 : 496.01"
"14,11 : 349.48"
"14,12 : 310.32"
"14,13 : 341.42"
"14,14 : 0.0"
"14,15 : 412.44"
"14,16 : 239.14"
"14,17 : 366.01"
"14,18 : 725.32"
"14,19 : 433.14"
"14,20 : 329.99"
"14,21 : 299.06"
"14,22 : 282.68"
"14,23 : 185.44"
"14,24 : 594.14"
"14,25 : 515.93"
"14,26 : 648.25"
"14,27 : 762.49"
"14,28 : 602.85"
"14,29 : 164.0"
"14,30 : 368.74"
"14,31 : 277.35"
"14,32 : 710.66"
"14,33 : 587.65"
"14,34 : 511.08"
"14,35 : 545.33"
"14,36 : 484.01"
"14,37 : 193.79"
"14,38 : 284.27"
"14,39 : 557.89"
"14,40 : 675.64"
"14,41 : 336.54"
"14,42 : 53.0"
"14,43 : 811.12"
"14,44 : 656.97"
"14,45 : 859.9"
"14,46 : 499.56"
"14,47 : 550.61"
"14,48 : 499.03"
"14,49 : 633.03"
"15,0 : 731.96"
"15,1 : 157.87"
"15,2 : 748.13"
"15,3 : 682.04"
"15,4 : 756.7"
"15,5 : 652.94"
"15,6 : 583.82"
"15,7 : 260.58"
"15,8 : 205.46"
"15,9 : 602.18"
"15,10 : 175.41"
"15,11 : 600.4"
"15,12 : 341.47"
"15,13 : 727.09"
"15,14 : 412.44"
"15,15 : 0.0"
"15,16 : 256.34"
"15,17 : 118.12"
"15,18 : 767.84"
"15,19 : 30.61"
"15,20 : 723.04"
"15,21 : 642.9"
"15,22 : 398.97"
"15,23 : 234.18"
"15,24 : 635.47"
"15,25 : 103.7"
"15,26 : 793.59"
"15,27 : 741.21"
"15,28 : 623.43"
"15,29 : 493.96"
"15,30 : 376.83"
"15,31 : 688.8"
"15,32 : 467.0"
"15,33 : 257.66"
"15,34 : 676.86"
"15,35 : 143.78"
"15,36 : 307.86"
"15,37 : 402.23"
"15,38 : 275.83"
"15,39 : 312.27"
"15,40 : 580.0"
"15,41 : 529.6"
"15,42 : 370.0"
"15,43 : 734.57"
"15,44 : 615.83"
"15,45 : 700.61"
"15,46 : 506.23"
"15,47 : 241.17"
"15,48 : 641.63"
"15,49 : 477.65"
"16,0 : 482.89"
"16,1 : 300.56"
"16,2 : 531.45"
"16,3 : 450.69"
"16,4 : 500.64"
"16,5 : 503.3"
"16,6 : 523.74"
"16,7 : 509.52"
"16,8 : 451.87"
"16,9 : 625.69"
"16,10 : 407.31"
"16,11 : 344.36"
"16,12 : 115.35"
"16,13 : 490.68"
"16,14 : 239.14"
"16,15 : 256.34"
"16,16 : 0.0"
"16,17 : 159.89"
"16,18 : 580.38"
"16,19 : 285.8"
"16,20 : 567.57"
"16,21 : 532.74"
"16,22 : 150.1"
"16,23 : 99.82"
"16,24 : 442.09"
"16,25 : 351.07"
"16,26 : 564.62"
"16,27 : 586.94"
"16,28 : 440.0"
"16,29 : 385.48"
"16,30 : 173.35"
"16,31 : 483.53"
"16,32 : 472.3"
"16,33 : 358.51"
"16,34 : 437.28"
"16,35 : 353.64"
"16,36 : 246.11"
"16,37 : 351.97"
"16,38 : 327.0"
"16,39 : 318.89"
"16,40 : 466.48"
"16,41 : 277.04"
"16,42 : 186.14"
"16,43 : 614.27"
"16,44 : 467.75"
"16,45 : 638.23"
"16,46 : 321.45"
"16,47 : 319.23"
"16,48 : 407.19"
"16,49 : 405.12"
"17,0 : 642.66"
"17,1 : 235.61"
"17,2 : 630.01"
"17,3 : 607.82"
"17,4 : 655.77"
"17,5 : 541.68"
"17,6 : 494.73"
"17,7 : 352.88"
"17,8 : 323.49"
"17,9 : 545.83"
"17,10 : 291.78"
"17,11 : 495.47"
"17,12 : 227.01"
"17,13 : 649.22"
"17,14 : 366.01"
"17,15 : 118.12"
"17,16 : 159.89"
"17,17 : 0.0"
"17,18 : 651.55"
"17,19 : 148.35"
"17,20 : 693.17"
"17,21 : 633.96"
"17,22 : 289.23"
"17,23 : 181.53"
"17,24 : 518.15"
"17,25 : 196.82"
"17,26 : 675.9"
"17,27 : 629.85"
"17,28 : 506.96"
"17,29 : 481.76"
"17,30 : 259.05"
"17,31 : 631.4"
"17,32 : 398.85"
"17,33 : 226.99"
"17,34 : 560.98"
"17,35 : 193.79"
"17,36 : 205.66"
"17,37 : 412.32"
"17,38 : 322.59"
"17,39 : 235.65"
"17,40 : 475.51"
"17,41 : 420.2"
"17,42 : 316.18"
"17,43 : 630.58"
"17,44 : 504.46"
"17,45 : 612.96"
"17,46 : 388.93"
"17,47 : 194.61"
"17,48 : 524.92"
"17,49 : 381.69"
"18,0 : 599.67"
"18,1 : 869.66"
"18,2 : 125.94"
"18,3 : 689.21"
"18,4 : 498.85"
"18,5 : 155.62"
"18,6 : 370.3"
"18,7 : 940.54"
"18,8 : 969.71"
"18,9 : 568.49"
"18,10 : 942.99"
"18,11 : 430.04"
"18,12 : 465.03"
"18,13 : 684.96"
"18,14 : 725.32"
"18,15 : 767.84"
"18,16 : 580.38"
"18,17 : 651.55"
"18,18 : 0.0"
"18,19 : 796.78"
"18,20 : 959.63"
"18,21 : 998.75"
"18,22 : 453.77"
"18,23 : 677.33"
"18,24 : 138.29"
"18,25 : 818.08"
"18,26 : 189.42"
"18,27 : 116.04"
"18,28 : 144.64"
"18,29 : 887.27"
"18,30 : 409.19"
"18,31 : 794.35"
"18,32 : 502.68"
"18,33 : 644.04"
"18,34 : 260.11"
"18,35 : 770.38"
"18,36 : 476.54"
"18,37 : 902.36"
"18,38 : 906.93"
"18,39 : 527.0"
"18,40 : 261.28"
"18,41 : 397.61"
"18,42 : 689.01"
"18,43 : 221.14"
"18,44 : 181.29"
"18,45 : 378.81"
"18,46 : 264.22"
"18,47 : 616.64"
"18,48 : 246.13"
"18,49 : 370.98"
"19,0 : 759.2"
"19,1 : 152.07"
"19,2 : 778.3"
"19,3 : 706.72"
"19,4 : 785.74"
"19,5 : 680.15"
"19,6 : 605.06"
"19,7 : 236.52"
"19,8 : 175.14"
"19,9 : 615.02"
"19,10 : 147.68"
"19,11 : 630.08"
"19,12 : 372.08"
"19,13 : 752.34"
"19,14 : 433.14"
"19,15 : 30.61"
"19,16 : 285.8"
"19,17 : 148.35"
"19,18 : 796.78"
"19,19 : 0.0"
"19,20 : 738.5"
"19,21 : 653.84"
"19,22 : 429.28"
"19,23 : 258.52"
"19,24 : 664.94"
"19,25 : 84.85"
"19,26 : 824.06"
"19,27 : 768.39"
"19,28 : 652.5"
"19,29 : 506.64"
"19,30 : 407.26"
"19,31 : 710.23"
"19,32 : 483.62"
"19,33 : 268.79"
"19,34 : 707.47"
"19,35 : 139.03"
"19,36 : 333.65"
"19,37 : 410.46"
"19,38 : 276.26"
"19,39 : 332.48"
"19,40 : 605.32"
"19,41 : 559.81"
"19,42 : 392.48"
"19,43 : 759.52"
"19,44 : 643.12"
"19,45 : 721.13"
"19,46 : 535.73"
"19,47 : 256.46"
"19,48 : 672.22"
"19,49 : 501.04"
"20,0 : 413.46"
"20,1 : 623.18"
"20,2 : 850.97"
"20,3 : 291.05"
"20,4 : 529.77"
"20,5 : 962.06"
"20,6 : 1059.38"
"20,7 : 966.0"
"20,8 : 822.34"
"20,9 : 1188.29"
"20,10 : 762.98"
"20,11 : 530.85"
"20,12 : 621.61"
"20,13 : 321.45"
"20,14 : 329.99"
"20,15 : 723.04"
"20,16 : 567.57"
"20,17 : 693.17"
"20,18 : 959.63"
"20,19 : 738.5"
"20,20 : 0.0"
"20,21 : 139.6"
"20,22 : 574.73"
"20,23 : 511.66"
"20,24 : 846.48"
"20,25 : 823.34"
"20,26 : 831.03"
"20,27 : 1023.25"
"20,28 : 863.38"
"20,29 : 238.68"
"20,30 : 673.48"
"20,31 : 178.21"
"20,32 : 1035.41"
"20,33 : 917.05"
"20,34 : 707.52"
"20,35 : 863.11"
"20,36 : 809.15"
"20,37 : 353.31"
"20,38 : 509.29"
"20,39 : 886.3"
"20,40 : 970.9"
"20,41 : 568.33"
"20,42 : 382.53"
"20,43 : 1090.11"
"20,44 : 935.82"
"20,45 : 1162.79"
"20,46 : 781.13"
"20,47 : 880.41"
"20,48 : 713.94"
"20,49 : 946.26"
"21,0 : 506.57"
"21,1 : 523.69"
"21,2 : 900.28"
"21,3 : 381.42"
"21,4 : 616.59"
"21,5 : 979.39"
"21,6 : 1048.95"
"21,7 : 870.69"
"21,8 : 715.63"
"21,9 : 1157.85"
"21,10 : 657.04"
"21,11 : 582.69"
"21,12 : 609.2"
"21,13 : 422.27"
"21,14 : 299.06"
"21,15 : 642.9"
"21,16 : 532.74"
"21,17 : 633.96"
"21,18 : 998.75"
"21,19 : 653.84"
"21,20 : 139.6"
"21,21 : 0.0"
"21,22 : 576.33"
"21,23 : 457.63"
"21,24 : 875.13"
"21,25 : 737.96"
"21,26 : 891.16"
"21,27 : 1048.74"
"21,28 : 887.72"
"21,29 : 152.2"
"21,30 : 666.92"
"21,31 : 278.84"
"21,32 : 1004.58"
"21,33 : 860.95"
"21,34 : 759.63"
"21,35 : 786.29"
"21,36 : 778.82"
"21,37 : 246.79"
"21,38 : 400.84"
"21,39 : 847.41"
"21,40 : 973.06"
"21,41 : 601.15"
"21,42 : 350.1"
"21,43 : 1104.54"
"21,44 : 949.61"
"21,45 : 1158.76"
"21,46 : 792.04"
"21,47 : 827.48"
"21,48 : 758.4"
"21,49 : 931.9"
"22,0 : 379.7"
"22,1 : 449.46"
"22,2 : 389.63"
"22,3 : 383.8"
"22,4 : 371.77"
"22,5 : 405.79"
"22,6 : 485.23"
"22,7 : 641.11"
"22,8 : 599.43"
"22,9 : 628.91"
"22,10 : 556.61"
"22,11 : 208.48"
"22,12 : 72.01"
"22,13 : 412.48"
"22,14 : 282.68"
"22,15 : 398.97"
"22,16 : 150.1"
"22,17 : 289.23"
"22,18 : 453.77"
"22,19 : 429.28"
"22,20 : 574.73"
"22,21 : 576.33"
"22,22 : 0.0"
"22,23 : 233.12"
"22,24 : 317.8"
"22,25 : 486.05"
"22,26 : 417.19"
"22,27 : 481.0"
"22,28 : 323.06"
"22,29 : 446.58"
"22,30 : 101.97"
"22,31 : 449.18"
"22,32 : 480.83"
"22,33 : 436.01"
"22,34 : 287.57"
"22,35 : 474.52"
"22,36 : 269.03"
"22,37 : 449.3"
"22,38 : 461.17"
"22,39 : 358.34"
"22,40 : 398.2"
"22,41 : 131.03"
"22,42 : 239.7"
"22,43 : 528.89"
"22,44 : 374.41"
"22,45 : 588.31"
"22,46 : 216.9"
"22,47 : 394.85"
"22,48 : 259.13"
"22,49 : 374.75"
"23,0 : 505.08"
"23,1 : 225.23"
"23,2 : 622.1"
"23,3 : 448.21"
"23,4 : 544.03"
"23,5 : 603.12"
"23,6 : 616.37"
"23,7 : 494.53"
"23,8 : 403.55"
"23,9 : 703.91"
"23,10 : 351.71"
"23,11 : 400.59"
"23,12 : 213.23"
"23,13 : 493.95"
"23,14 : 185.44"
"23,15 : 234.18"
"23,16 : 99.82"
"23,17 : 181.53"
"23,18 : 677.33"
"23,19 : 258.52"
"23,20 : 511.66"
"23,21 : 457.63"
"23,22 : 233.12"
"23,23 : 0.0"
"23,24 : 539.13"
"23,25 : 337.56"
"23,26 : 649.87"
"23,27 : 686.6"
"23,28 : 538.34"
"23,29 : 306.22"
"23,30 : 272.66"
"23,31 : 457.18"
"23,32 : 551.55"
"23,33 : 406.44"
"23,34 : 517.9"
"23,35 : 361.09"
"23,36 : 330.15"
"23,37 : 256.94"
"23,38 : 229.87"
"23,39 : 391.35"
"23,40 : 564.73"
"23,41 : 347.18"
"23,42 : 138.01"
"23,43 : 713.6"
"23,44 : 567.57"
"23,45 : 732.35"
"23,46 : 420.54"
"23,47 : 371.21"
"23,48 : 491.76"
"23,49 : 497.69"
"24,0 : 517.56"
"24,1 : 732.52"
"24,2 : 134.63"
"24,3 : 590.44"
"24,4 : 433.25"
"24,5 : 133.42"
"24,6 : 330.18"
"24,7 : 821.6"
"24,8 : 839.11"
"24,9 : 528.09"
"24,10 : 809.93"
"24,11 : 328.21"
"24,12 : 326.74"
"24,13 : 594.22"
"24,14 : 594.14"
"24,15 : 635.47"
"24,16 : 442.09"
"24,17 : 518.15"
"24,18 : 138.29"
"24,19 : 664.94"
"24,20 : 846.48"
"24,21 : 875.13"
"24,22 : 317.8"
"24,23 : 539.13"
"24,24 : 0.0"
"24,25 : 691.62"
"24,26 : 204.85"
"24,27 : 177.0"
"24,28 : 31.02"
"24,29 : 757.38"
"24,30 : 271.27"
"24,31 : 688.99"
"24,32 : 430.01"
"24,33 : 534.62"
"24,34 : 189.11"
"24,35 : 648.91"
"24,36 : 355.65"
"24,37 : 767.09"
"24,38 : 768.67"
"24,39 : 418.27"
"24,40 : 207.2"
"24,41 : 278.2"
"24,42 : 555.48"
"24,43 : 257.41"
"24,44 : 127.14"
"24,45 : 381.61"
"24,46 : 129.24"
"24,47 : 503.12"
"24,48 : 156.08"
"24,49 : 288.23"
"25,0 : 831.54"
"25,1 : 226.55"
"25,2 : 812.15"
"25,3 : 784.87"
"25,4 : 851.0"
"25,5 : 690.65"
"25,6 : 589.17"
"25,7 : 158.96"
"25,8 : 164.03"
"25,9 : 572.37"
"25,10 : 166.69"
"25,11 : 691.81"
"25,12 : 422.8"
"25,13 : 829.43"
"25,14 : 515.93"
"25,15 : 103.7"
"25,16 : 351.07"
"25,17 : 196.82"
"25,18 : 818.08"
"25,19 : 84.85"
"25,20 : 823.34"
"25,21 : 737.96"
"25,22 : 486.05"
"25,23 : 337.56"
"25,24 : 691.62"
"25,25 : 0.0"
"25,26 : 863.21"
"25,27 : 777.98"
"25,28 : 675.85"
"25,29 : 591.3"
"25,30 : 448.81"
"25,31 : 792.46"
"25,32 : 453.85"
"25,33 : 230.33"
"25,34 : 753.88"
"25,35 : 74.85"
"25,36 : 342.98"
"25,37 : 493.63"
"25,38 : 354.36"
"25,39 : 319.04"
"25,40 : 606.67"
"25,41 : 617.01"
"25,42 : 473.69"
"25,43 : 757.59"
"25,44 : 654.38"
"25,45 : 701.41"
"25,46 : 563.93"
"25,47 : 231.01"
"25,48 : 716.33"
"25,49 : 495.18"
"26,0 : 440.48"
"26,1 : 865.18"
"26,2 : 74.55"
"26,3 : 545.83"
"26,4 : 329.37"
"26,5 : 312.0"
"26,6 : 526.75"
"26,7 : 1003.46"
"26,8 : 998.97"
"26,9 : 726.84"
"26,10 : 962.51"
"26,11 : 308.91"
"26,12 : 456.67"
"26,13 : 531.87"
"26,14 : 648.25"
"26,15 : 793.59"
"26,16 : 564.62"
"26,17 : 675.9"
"26,18 : 189.42"
"26,19 : 824.06"
"26,20 : 831.03"
"26,21 : 891.16"
"26,22 : 417.19"
"26,23 : 649.87"
"26,24 : 204.85"
"26,25 : 863.21"
"26,26 : 0.0"
"26,27 : 302.42"
"26,28 : 234.09"
"26,29 : 800.32"
"26,30 : 416.86"
"26,31 : 656.93"
"26,32 : 634.75"
"26,33 : 729.03"
"26,34 : 137.3"
"26,35 : 829.42"
"26,36 : 543.37"
"26,37 : 838.52"
"26,38 : 875.36"
"26,39 : 614.86"
"26,40 : 405.66"
"26,41 : 314.19"
"26,42 : 623.19"
"26,43 : 406.56"
"26,44 : 321.04"
"26,45 : 557.43"
"26,46 : 309.47"
"26,47 : 694.74"
"26,48 : 158.11"
"26,49 : 493.08"
"27,0 : 687.64"
"27,1 : 859.08"
"27,2 : 233.08"
"27,3 : 766.11"
"27,4 : 594.78"
"27,5 : 88.28"
"27,6 : 269.88"
"27,7 : 886.92"
"27,8 : 936.28"
"27,9 : 462.52"
"27,10 : 916.06"
"27,11 : 503.7"
"27,12 : 474.67"
"27,13 : 767.76"
"27,14 : 762.49"
"27,15 : 741.21"
"27,16 : 586.94"
"27,17 : 629.85"
"27,18 : 116.04"
"27,19 : 768.39"
"27,20 : 1023.25"
"27,21 : 1048.74"
"27,22 : 481.0"
"27,23 : 686.6"
"27,24 : 177.0"
"27,25 : 777.98"
"27,26 : 302.42"
"27,27 : 0.0"
"27,28 : 161.06"
"27,29 : 926.44"
"27,30 : 414.13"
"27,31 : 865.79"
"27,32 : 415.09"
"27,33 : 583.41"
"27,34 : 349.24"
"27,35 : 722.73"
"27,36 : 436.35"
"27,37 : 927.24"
"27,38 : 912.09"
"27,39 : 469.23"
"27,40 : 180.28"
"27,41 : 454.93"
"27,42 : 720.7"
"27,43 : 105.12"
"27,44 : 125.45"
"27,45 : 264.05"
"27,46 : 267.59"
"27,47 : 561.54"
"27,48 : 324.75"
"27,49 : 297.97"
"28,0 : 542.94"
"28,1 : 725.82"
"28,2 : 162.35"
"28,3 : 612.15"
"28,4 : 461.31"
"28,5 : 106.33"
"28,6 : 299.17"
"28,7 : 802.6"
"28,8 : 825.85"
"28,9 : 497.16"
"28,10 : 798.49"
"28,11 : 350.69"
"28,12 : 325.12"
"28,13 : 617.71"
"28,14 : 602.85"
"28,15 : 623.43"
"28,16 : 440.0"
"28,17 : 506.96"
"28,18 : 144.64"
"28,19 : 652.5"
"28,20 : 863.38"
"28,21 : 887.72"
"28,22 : 323.06"
"28,23 : 538.34"
"28,24 : 31.02"
"28,25 : 675.85"
"28,26 : 234.09"
"28,27 : 161.06"
"28,28 : 0.0"
"28,29 : 766.63"
"28,30 : 267.23"
"28,31 : 708.66"
"28,32 : 400.73"
"28,33 : 512.14"
"28,34 : 218.56"
"28,35 : 630.76"
"28,36 : 336.7"
"28,37 : 771.73"
"28,38 : 767.0"
"28,39 : 395.29"
"28,40 : 176.18"
"28,41 : 295.49"
"28,42 : 562.36"
"28,43 : 233.17"
"28,44 : 96.69"
"28,45 : 352.1"
"28,46 : 120.21"
"28,47 : 481.81"
"28,48 : 183.85"
"28,49 : 259.47"
"29,0 : 470.41"
"29,1 : 385.01"
"29,2 : 799.06"
"29,3 : 355.35"
"29,4 : 565.12"
"29,5 : 852.36"
"29,6 : 906.59"
"29,7 : 729.64"
"29,8 : 583.66"
"29,9 : 1008.55"
"29,10 : 524.31"
"29,11 : 494.01"
"29,12 : 470.41"
"29,13 : 404.68"
"29,14 : 164.0"
"29,15 : 493.96"
"29,16 : 385.48"
"29,17 : 481.76"
"29,18 : 887.27"
"29,19 : 506.64"
"29,20 : 238.68"
"29,21 : 152.2"
"29,22 : 446.58"
"29,23 : 306.22"
"29,24 : 757.38"
"29,25 : 591.3"
"29,26 : 800.32"
"29,27 : 926.44"
"29,28 : 766.63"
"29,29 : 0.0"
"29,30 : 530.13"
"29,31 : 285.9"
"29,32 : 855.54"
"29,33 : 708.75"
"29,34 : 664.28"
"29,35 : 636.7"
"29,36 : 630.82"
"29,37 : 117.0"
"29,38 : 271.28"
"29,39 : 697.01"
"29,40 : 837.19"
"29,41 : 494.02"
"29,42 : 209.58"
"29,43 : 974.56"
"29,44 : 820.66"
"29,45 : 1018.65"
"29,46 : 663.39"
"29,47 : 675.37"
"29,48 : 656.06"
"29,49 : 788.59"
"30,0 : 470.56"
"30,1 : 461.81"
"30,2 : 372.68"
"30,3 : 484.17"
"30,4 : 446.17"
"30,5 : 331.79"
"30,6 : 386.0"
"30,7 : 595.48"
"30,8 : 582.27"
"30,9 : 527.08"
"30,10 : 547.39"
"30,11 : 283.13"
"30,12 : 61.35"
"30,13 : 510.66"
"30,14 : 368.74"
"30,15 : 376.83"
"30,16 : 173.35"
"30,17 : 259.05"
"30,18 : 409.19"
"30,19 : 407.26"
"30,20 : 673.48"
"30,21 : 666.92"
"30,22 : 101.97"
"30,23 : 272.66"
"30,24 : 271.27"
"30,25 : 448.81"
"30,26 : 416.86"
"30,27 : 414.13"
"30,28 : 267.23"
"30,29 : 530.13"
"30,30 : 0.0"
"30,31 : 551.12"
"30,32 : 379.8"
"30,33 : 356.8"
"30,34 : 305.59"
"30,35 : 422.76"
"30,36 : 176.48"
"30,37 : 516.41"
"30,38 : 500.1"
"30,39 : 266.42"
"30,40 : 307.09"
"30,41 : 197.13"
"30,42 : 320.55"
"30,43 : 447.54"
"30,44 : 297.12"
"30,45 : 492.38"
"30,46 : 148.12"
"30,47 : 316.55"
"30,48 : 267.53"
"30,49 : 273.54"
"31,0 : 235.61"
"31,1 : 624.9"
"31,2 : 681.26"
"31,3 : 113.03"
"31,4 : 351.57"
"31,5 : 811.1"
"31,6 : 930.51"
"31,7 : 946.25"
"31,8 : 826.99"
"31,9 : 1077.43"
"31,10 : 768.54"
"31,11 : 364.48"
"31,12 : 508.02"
"31,13 : 145.42"
"31,14 : 277.35"
"31,15 : 688.8"
"31,16 : 483.53"
"31,17 : 631.4"
"31,18 : 794.35"
"31,19 : 710.23"
"31,20 : 178.21"
"31,21 : 278.84"
"31,22 : 449.18"
"31,23 : 457.18"
"31,24 : 688.99"
"31,25 : 792.46"
"31,26 : 656.93"
"31,27 : 865.79"
"31,28 : 708.66"
"31,29 : 285.9"
"31,30 : 551.12"
"31,31 : 0.0"
"31,32 : 927.62"
"31,33 : 842.02"
"31,34 : 537.82"
"31,35 : 818.02"
"31,36 : 706.82"
"31,37 : 395.48"
"31,38 : 534.88"
"31,39 : 791.24"
"31,40 : 832.1"
"31,41 : 414.36"
"31,42 : 319.35"
"31,43 : 939.8"
"31,44 : 787.97"
"31,45 : 1026.69"
"31,46 : 638.66"
"31,47 : 802.51"
"31,48 : 548.33"
"31,49 : 823.25"
"32,0 : 842.88"
"32,1 : 620.88"
"32,2 : 562.78"
"32,3 : 863.97"
"32,4 : 798.49"
"32,5 : 347.24"
"32,6 : 157.0"
"32,7 : 515.74"
"32,8 : 616.55"
"32,9 : 153.4"
"32,10 : 617.8"
"32,11 : 645.49"
"32,12 : 419.69"
"32,13 : 889.52"
"32,14 : 710.66"
"32,15 : 467.0"
"32,16 : 472.3"
"32,17 : 398.85"
"32,18 : 502.68"
"32,19 : 483.62"
"32,20 : 1035.41"
"32,21 : 1004.58"
"32,22 : 480.83"
"32,23 : 551.55"
"32,24 : 430.01"
"32,25 : 453.85"
"32,26 : 634.75"
"32,27 : 415.09"
"32,28 : 400.73"
"32,29 : 855.54"
"32,30 : 379.8"
"32,31 : 927.62"
"32,32 : 0.0"
"32,33 : 223.9"
"32,34 : 590.21"
"32,35 : 382.18"
"32,36 : 226.68"
"32,37 : 803.85"
"32,38 : 720.81"
"32,39 : 163.44"
"32,40 : 241.45"
"32,41 : 561.17"
"32,42 : 657.82"
"32,43 : 352.27"
"32,44 : 323.45"
"32,45 : 253.43"
"32,46 : 356.27"
"32,47 : 227.34"
"32,48 : 547.73"
"32,49 : 142.44"
"33,0 : 815.13"
"33,1 : 415.48"
"33,2 : 666.52"
"33,3 : 803.15"
"33,4 : 802.07"
"33,5 : 500.45"
"33,6 : 365.86"
"33,7 : 305.13"
"33,8 : 392.65"
"33,9 : 346.44"
"33,10 : 395.58"
"33,11 : 638.16"
"33,12 : 364.05"
"33,13 : 839.04"
"33,14 : 587.65"
"33,15 : 257.66"
"33,16 : 358.51"
"33,17 : 226.99"
"33,18 : 644.04"
"33,19 : 268.79"
"33,20 : 917.05"
"33,21 : 860.95"
"33,22 : 436.01"
"33,23 : 406.44"
"33,24 : 534.62"
"33,25 : 230.33"
"33,26 : 729.03"
"33,27 : 583.41"
"33,28 : 512.14"
"33,29 : 708.75"
"33,30 : 356.8"
"33,31 : 842.02"
"33,32 : 223.9"
"33,33 : 0.0"
"33,34 : 645.13"
"33,35 : 158.32"
"33,36 : 188.92"
"33,37 : 636.01"
"33,38 : 528.42"
"33,39 : 117.15"
"33,40 : 404.32"
"33,41 : 553.01"
"33,42 : 536.01"
"33,43 : 546.44"
"33,44 : 467.06"
"33,45 : 474.24"
"33,46 : 419.8"
"33,47 : 41.19"
"33,48 : 603.07"
"33,49 : 286.94"
"34,0 : 340.28"
"34,1 : 737.01"
"34,2 : 143.56"
"34,3 : 430.45"
"34,4 : 246.22"
"34,5 : 322.1"
"34,6 : 512.16"
"34,7 : 900.88"
"34,8 : 881.0"
"34,9 : 705.0"
"34,10 : 841.2"
"34,11 : 177.73"
"34,12 : 335.6"
"34,13 : 424.86"
"34,14 : 511.08"
"34,15 : 676.86"
"34,16 : 437.28"
"34,17 : 560.98"
"34,18 : 260.11"
"34,19 : 707.47"
"34,20 : 707.52"
"34,21 : 759.63"
"34,22 : 287.57"
"34,23 : 517.9"
"34,24 : 189.11"
"34,25 : 753.88"
"34,26 : 137.3"
"34,27 : 349.24"
"34,28 : 218.56"
"34,29 : 664.28"
"34,30 : 305.59"
"34,31 : 537.82"
"34,32 : 590.21"
"34,33 : 645.13"
"34,34 : 0.0"
"34,35 : 727.69"
"34,36 : 456.22"
"34,37 : 701.24"
"34,38 : 740.98"
"34,39 : 537.37"
"34,40 : 390.09"
"34,41 : 177.23"
"34,42 : 486.01"
"34,43 : 441.9"
"34,44 : 315.06"
"34,45 : 570.6"
"34,46 : 236.28"
"34,47 : 607.62"
"34,48 : 43.01"
"34,49 : 449.14"
"35,0 : 836.18"
"35,1 : 290.39"
"35,2 : 774.17"
"35,3 : 800.31"
"35,4 : 845.24"
"35,5 : 636.57"
"35,6 : 521.77"
"35,7 : 174.04"
"35,8 : 234.45"
"35,9 : 497.78"
"35,10 : 241.46"
"35,11 : 682.9"
"35,12 : 406.48"
"35,13 : 842.46"
"35,14 : 545.33"
"35,15 : 143.78"
"35,16 : 353.64"
"35,17 : 193.79"
"35,18 : 770.38"
"35,19 : 139.03"
"35,20 : 863.11"
"35,21 : 786.29"
"35,22 : 474.52"
"35,23 : 361.09"
"35,24 : 648.91"
"35,25 : 74.85"
"35,26 : 829.42"
"35,27 : 722.73"
"35,28 : 630.76"
"35,29 : 636.7"
"35,30 : 422.76"
"35,31 : 818.02"
"35,32 : 382.18"
"35,33 : 158.32"
"35,34 : 727.69"
"35,35 : 0.0"
"35,36 : 294.15"
"35,37 : 545.97"
"35,38 : 415.27"
"35,39 : 256.38"
"35,40 : 547.76"
"35,41 : 603.68"
"35,42 : 499.1"
"35,43 : 695.88"
"35,44 : 601.09"
"35,45 : 632.02"
"35,46 : 523.97"
"35,47 : 164.94"
"35,48 : 688.29"
"35,49 : 433.42"
"36,0 : 646.08"
"36,1 : 441.27"
"36,2 : 483.83"
"36,3 : 651.15"
"36,4 : 621.59"
"36,5 : 348.48"
"36,6 : 292.31"
"36,7 : 466.05"
"36,8 : 499.93"
"36,9 : 380.03"
"36,10 : 481.12"
"36,11 : 459.3"
"36,12 : 201.1"
"36,13 : 681.38"
"36,14 : 484.01"
"36,15 : 307.86"
"36,16 : 246.11"
"36,17 : 205.66"
"36,18 : 476.54"
"36,19 : 333.65"
"36,20 : 809.15"
"36,21 : 778.82"
"36,22 : 269.03"
"36,23 : 330.15"
"36,24 : 355.65"
"36,25 : 342.98"
"36,26 : 543.37"
"36,27 : 436.35"
"36,28 : 336.7"
"36,29 : 630.82"
"36,30 : 176.48"
"36,31 : 706.82"
"36,32 : 226.68"
"36,33 : 188.92"
"36,34 : 456.22"
"36,35 : 294.15"
"36,36 : 0.0"
"36,37 : 586.12"
"36,38 : 521.31"
"36,39 : 90.02"
"36,40 : 272.22"
"36,41 : 373.1"
"36,42 : 431.2"
"36,43 : 427.04"
"36,44 : 311.88"
"36,45 : 410.39"
"36,46 : 234.14"
"36,47 : 152.05"
"36,48 : 414.18"
"36,49 : 176.65"
"37,0 : 556.39"
"37,1 : 276.9"
"37,2 : 827.05"
"37,3 : 450.89"
"37,4 : 639.28"
"37,5 : 847.49"
"37,6 : 873.29"
"37,7 : 623.9"
"37,8 : 471.05"
"37,9 : 954.57"
"37,10 : 412.0"
"37,11 : 543.1"
"37,12 : 455.06"
"37,13 : 501.6"
"37,14 : 193.79"
"37,15 : 402.23"
"37,16 : 351.97"
"37,17 : 412.32"
"37,18 : 902.36"
"37,19 : 410.46"
"37,20 : 353.31"
"37,21 : 246.79"
"37,22 : 449.3"
"37,23 : 256.94"
"37,24 : 767.09"
"37,25 : 493.63"
"37,26 : 838.52"
"37,27 : 927.24"
"37,28 : 771.73"
"37,29 : 117.0"
"37,30 : 516.41"
"37,31 : 395.48"
"37,32 : 803.85"
"37,33 : 636.01"
"37,34 : 701.24"
"37,35 : 545.97"
"37,36 : 586.12"
"37,37 : 0.0"
"37,38 : 156.39"
"37,39 : 641.33"
"37,40 : 817.96"
"37,41 : 524.75"
"37,42 : 216.01"
"37,43 : 963.49"
"37,44 : 813.37"
"37,45 : 989.05"
"37,46 : 659.81"
"37,47 : 606.38"
"37,48 : 686.16"
"37,49 : 754.6"
"38,0 : 662.67"
"38,1 : 128.55"
"38,2 : 850.8"
"38,3 : 572.11"
"38,4 : 728.31"
"38,5 : 826.91"
"38,6 : 813.54"
"38,7 : 472.97"
"38,8 : 315.03"
"38,9 : 865.2"
"38,10 : 256.24"
"38,11 : 605.53"
"38,12 : 442.11"
"38,13 : 622.83"
"38,14 : 284.27"
"38,15 : 275.83"
"38,16 : 327.0"
"38,17 : 322.59"
"38,18 : 906.93"
"38,19 : 276.26"
"38,20 : 509.29"
"38,21 : 400.84"
"38,22 : 461.17"
"38,23 : 229.87"
"38,24 : 768.67"
"38,25 : 354.36"
"38,26 : 875.36"
"38,27 : 912.09"
"38,28 : 767.0"
"38,29 : 271.28"
"38,30 : 500.1"
"38,31 : 534.88"
"38,32 : 720.81"
"38,33 : 528.42"
"38,34 : 740.98"
"38,35 : 415.27"
"38,36 : 521.31"
"38,37 : 156.39"
"38,38 : 0.0"
"38,39 : 558.03"
"38,40 : 778.91"
"38,41 : 565.76"
"38,42 : 276.57"
"38,43 : 931.56"
"38,44 : 790.61"
"38,45 : 931.7"
"38,46 : 648.2"
"38,47 : 505.27"
"38,48 : 717.67"
"38,49 : 697.43"
"39,0 : 736.04"
"39,1 : 461.87"
"39,2 : 550.94"
"39,3 : 739.07"
"39,4 : 710.8"
"39,5 : 384.92"
"39,6 : 272.89"
"39,7 : 417.71"
"39,8 : 482.58"
"39,9 : 313.31"
"39,10 : 474.42"
"39,11 : 548.97"
"39,12 : 289.21"
"39,13 : 770.26"
"39,14 : 557.89"
"39,15 : 312.27"
"39,16 : 318.89"
"39,17 : 235.65"
"39,18 : 527.0"
"39,19 : 332.48"
"39,20 : 886.3"
"39,21 : 847.41"
"39,22 : 358.34"
"39,23 : 391.35"
"39,24 : 418.27"
"39,25 : 319.04"
"39,26 : 614.86"
"39,27 : 469.23"
"39,28 : 395.29"
"39,29 : 697.01"
"39,30 : 266.42"
"39,31 : 791.24"
"39,32 : 163.44"
"39,33 : 117.15"
"39,34 : 537.37"
"39,35 : 256.38"
"39,36 : 90.02"
"39,37 : 641.33"
"39,38 : 558.03"
"39,39 : 0.0"
"39,40 : 292.02"
"39,41 : 462.71"
"39,42 : 504.9"
"39,43 : 439.61"
"39,44 : 350.89"
"39,45 : 388.66"
"39,46 : 306.87"
"39,47 : 92.48"
"39,48 : 494.73"
"39,49 : 177.05"
"40,0 : 694.8"
"40,1 : 710.29"
"40,2 : 331.55"
"40,3 : 746.68"
"40,4 : 625.27"
"40,5 : 105.8"
"40,6 : 123.02"
"40,7 : 708.82"
"40,8 : 767.87"
"40,9 : 321.6"
"40,10 : 752.37"
"40,11 : 495.09"
"40,12 : 367.03"
"40,13 : 760.23"
"40,14 : 675.64"
"40,15 : 580.0"
"40,16 : 466.48"
"40,17 : 475.51"
"40,18 : 261.28"
"40,19 : 605.32"
"40,20 : 970.9"
"40,21 : 973.06"
"40,22 : 398.2"
"40,23 : 564.73"
"40,24 : 207.2"
"40,25 : 606.67"
"40,26 : 405.66"
"40,27 : 180.28"
"40,28 : 176.18"
"40,29 : 837.19"
"40,30 : 307.09"
"40,31 : 832.1"
"40,32 : 241.45"
"40,33 : 404.32"
"40,34 : 390.09"
"40,35 : 547.76"
"40,36 : 272.22"
"40,37 : 817.96"
"40,38 : 778.91"
"40,39 : 292.02"
"40,40 : 0.0"
"40,41 : 423.15"
"40,42 : 627.62"
"40,43 : 155.08"
"40,44 : 85.07"
"40,45 : 194.99"
"40,46 : 193.91"
"40,47 : 384.48"
"40,48 : 351.51"
"40,49 : 117.83"
"41,0 : 282.03"
"41,1 : 570.49"
"41,2 : 305.25"
"41,3 : 323.69"
"41,4 : 249.15"
"41,5 : 396.79"
"41,6 : 530.67"
"41,7 : 771.6"
"41,8 : 728.67"
"41,9 : 699.5"
"41,10 : 684.23"
"41,11 : 86.28"
"41,12 : 197.29"
"41,13 : 338.11"
"41,14 : 336.54"
"41,15 : 529.6"
"41,16 : 277.04"
"41,17 : 420.2"
"41,18 : 397.61"
"41,19 : 559.81"
"41,20 : 568.33"
"41,21 : 601.15"
"41,22 : 131.03"
"41,23 : 347.18"
"41,24 : 278.2"
"41,25 : 617.01"
"41,26 : 314.19"
"41,27 : 454.93"
"41,28 : 295.49"
"41,29 : 494.02"
"41,30 : 197.13"
"41,31 : 414.36"
"41,32 : 561.17"
"41,33 : 553.01"
"41,34 : 177.23"
"41,35 : 603.68"
"41,36 : 373.1"
"41,37 : 524.75"
"41,38 : 565.76"
"41,39 : 462.71"
"41,40 : 423.15"
"41,41 : 0.0"
"41,42 : 309.1"
"41,43 : 525.49"
"41,44 : 373.88"
"41,45 : 618.03"
"41,46 : 229.72"
"41,47 : 512.38"
"41,48 : 162.52"
"41,49 : 435.44"
"42,0 : 392.05"
"42,1 : 327.34"
"42,2 : 611.1"
"42,3 : 318.55"
"42,4 : 451.81"
"42,5 : 644.62"
"42,6 : 699.17"
"42,7 : 628.98"
"42,8 : 522.93"
"42,9 : 811.21"
"42,10 : 466.96"
"42,11 : 334.32"
"42,12 : 261.02"
"42,13 : 366.74"
"42,14 : 53.0"
"42,15 : 370.0"
"42,16 : 186.14"
"42,17 : 316.18"
"42,18 : 689.01"
"42,19 : 392.48"
"42,20 : 382.53"
"42,21 : 350.1"
"42,22 : 239.7"
"42,23 : 138.01"
"42,24 : 555.48"
"42,25 : 473.69"
"42,26 : 623.19"
"42,27 : 720.7"
"42,28 : 562.36"
"42,29 : 209.58"
"42,30 : 320.55"
"42,31 : 319.35"
"42,32 : 657.82"
"42,33 : 536.01"
"42,34 : 486.01"
"42,35 : 499.1"
"42,36 : 431.2"
"42,37 : 216.01"
"42,38 : 276.57"
"42,39 : 504.9"
"42,40 : 627.62"
"42,41 : 309.1"
"42,42 : 0.0"
"42,43 : 765.65"
"42,44 : 612.26"
"42,45 : 810.06"
"42,46 : 455.54"
"42,47 : 498.61"
"42,48 : 470.18"
"42,49 : 581.86"
"43,0 : 774.96"
"43,1 : 865.22"
"43,2 : 335.72"
"43,3 : 844.99"
"43,4 : 688.06"
"43,5 : 128.7"
"43,6 : 196.4"
"43,7 : 851.36"
"43,8 : 919.96"
"43,9 : 373.07"
"43,10 : 906.19"
"43,11 : 583.85"
"43,12 : 508.81"
"43,13 : 850.85"
"43,14 : 811.12"
"43,15 : 734.57"
"43,16 : 614.27"
"43,17 : 630.58"
"43,18 : 221.14"
"43,19 : 759.52"
"43,20 : 1090.11"
"43,21 : 1104.54"
"43,22 : 528.89"
"43,23 : 713.6"
"43,24 : 257.41"
"43,25 : 757.59"
"43,26 : 406.56"
"43,27 : 105.12"
"43,28 : 233.17"
"43,29 : 974.56"
"43,30 : 447.54"
"43,31 : 939.8"
"43,32 : 352.27"
"43,33 : 546.44"
"43,34 : 441.9"
"43,35 : 695.88"
"43,36 : 427.04"
"43,37 : 963.49"
"43,38 : 931.56"
"43,39 : 439.61"
"43,40 : 155.08"
"43,41 : 525.49"
"43,42 : 765.65"
"43,43 : 0.0"
"43,44 : 155.04"
"43,45 : 162.36"
"43,46 : 312.49"
"43,47 : 531.15"
"43,48 : 412.66"
"43,49 : 262.61"
"44,0 : 633.86"
"44,1 : 734.39"
"44,2 : 246.76"
"44,3 : 696.07"
"44,4 : 556.3"
"44,5 : 37.22"
"44,6 : 205.91"
"44,7 : 767.84"
"44,8 : 811.67"
"44,9 : 405.8"
"44,10 : 790.77"
"44,11 : 437.66"
"44,12 : 358.42"
"44,13 : 705.07"
"44,14 : 656.97"
"44,15 : 615.83"
"44,16 : 467.75"
"44,17 : 504.46"
"44,18 : 181.29"
"44,19 : 643.12"
"44,20 : 935.82"
"44,21 : 949.61"
"44,22 : 374.41"
"44,23 : 567.57"
"44,24 : 127.14"
"44,25 : 654.38"
"44,26 : 321.04"
"44,27 : 125.45"
"44,28 : 96.69"
"44,29 : 820.66"
"44,30 : 297.12"
"44,31 : 787.97"
"44,32 : 323.45"
"44,33 : 467.06"
"44,34 : 315.06"
"44,35 : 601.09"
"44,36 : 311.88"
"44,37 : 813.37"
"44,38 : 790.61"
"44,39 : 350.89"
"44,40 : 85.07"
"44,41 : 373.88"
"44,42 : 612.26"
"44,43 : 155.04"
"44,44 : 0.0"
"44,45 : 256.16"
"44,46 : 157.65"
"44,47 : 442.33"
"44,48 : 279.23"
"44,49 : 189.69"
"45,0 : 887.29"
"45,1 : 846.55"
"45,2 : 483.99"
"45,3 : 941.63"
"45,4 : 812.41"
"45,5 : 250.45"
"45,6 : 118.27"
"45,7 : 769.06"
"45,8 : 865.25"
"45,9 : 222.74"
"45,10 : 861.72"
"45,11 : 688.6"
"45,12 : 549.59"
"45,13 : 954.62"
"45,14 : 859.9"
"45,15 : 700.61"
"45,16 : 638.23"
"45,17 : 612.96"
"45,18 : 378.81"
"45,19 : 721.13"
"45,20 : 1162.79"
"45,21 : 1158.76"
"45,22 : 588.31"
"45,23 : 732.35"
"45,24 : 381.61"
"45,25 : 701.41"
"45,26 : 557.43"
"45,27 : 264.05"
"45,28 : 352.1"
"45,29 : 1018.65"
"45,30 : 492.38"
"45,31 : 1026.69"
"45,32 : 253.43"
"45,33 : 474.24"
"45,34 : 570.6"
"45,35 : 632.02"
"45,36 : 410.39"
"45,37 : 989.05"
"45,38 : 931.7"
"45,39 : 388.66"
"45,40 : 194.99"
"45,41 : 618.03"
"45,42 : 810.06"
"45,43 : 162.36"
"45,44 : 256.16"
"45,45 : 0.0"
"45,46 : 388.9"
"45,47 : 470.72"
"45,48 : 535.38"
"45,49 : 235.26"
"46,0 : 505.78"
"46,1 : 605.65"
"46,2 : 250.34"
"46,3 : 552.91"
"46,4 : 446.78"
"46,5 : 189.08"
"46,6 : 302.33"
"46,7 : 697.55"
"46,8 : 710.03"
"46,9 : 481.14"
"46,10 : 680.71"
"46,11 : 305.01"
"46,12 : 207.63"
"46,13 : 567.57"
"46,14 : 499.56"
"46,15 : 506.23"
"46,16 : 321.45"
"46,17 : 388.93"
"46,18 : 264.22"
"46,19 : 535.73"
"46,20 : 781.13"
"46,21 : 792.04"
"46,22 : 216.9"
"46,23 : 420.54"
"46,24 : 129.24"
"46,25 : 563.93"
"46,26 : 309.47"
"46,27 : 267.59"
"46,28 : 120.21"
"46,29 : 663.39"
"46,30 : 148.12"
"46,31 : 638.66"
"46,32 : 356.27"
"46,33 : 419.8"
"46,34 : 236.28"
"46,35 : 523.97"
"46,36 : 234.14"
"46,37 : 659.81"
"46,38 : 648.2"
"46,39 : 306.87"
"46,40 : 193.91"
"46,41 : 229.72"
"46,42 : 455.54"
"46,43 : 312.49"
"46,44 : 157.65"
"46,45 : 388.9"
"46,46 : 0.0"
"46,47 : 385.28"
"46,48 : 193.31"
"46,49 : 218.19"
"47,0 : 773.94"
"47,1 : 397.45"
"47,2 : 633.7"
"47,3 : 762.45"
"47,4 : 761.35"
"47,5 : 476.79"
"47,6 : 358.2"
"47,7 : 325.61"
"47,8 : 395.03"
"47,9 : 361.71"
"47,10 : 391.74"
"47,11 : 597.37"
"47,12 : 322.88"
"47,13 : 798.09"
"47,14 : 550.61"
"47,15 : 241.17"
"47,16 : 319.23"
"47,17 : 194.61"
"47,18 : 616.64"
"47,19 : 256.46"
"47,20 : 880.41"
"47,21 : 827.48"
"47,22 : 394.85"
"47,23 : 371.21"
"47,24 : 503.12"
"47,25 : 231.01"
"47,26 : 694.74"
"47,27 : 561.54"
"47,28 : 481.81"
"47,29 : 675.37"
"47,30 : 316.55"
"47,31 : 802.51"
"47,32 : 227.34"
"47,33 : 41.19"
"47,34 : 607.62"
"47,35 : 164.94"
"47,36 : 152.05"
"47,37 : 606.38"
"47,38 : 505.27"
"47,39 : 92.48"
"47,40 : 384.48"
"47,41 : 512.38"
"47,42 : 498.61"
"47,43 : 531.15"
"47,44 : 442.33"
"47,45 : 470.72"
"47,46 : 385.28"
"47,47 : 0.0"
"47,48 : 565.83"
"47,49 : 268.96"
"48,0 : 363.21"
"48,1 : 707.7"
"48,2 : 143.03"
"48,3 : 444.33"
"48,4 : 277.46"
"48,5 : 289.39"
"48,6 : 472.82"
"48,7 : 861.82"
"48,8 : 846.43"
"48,9 : 664.15"
