x,y
123,26
468,802
124,181
824,79
64,754
730,4
267,625
101,165
462,292
626,934
911,500
749,130
521,801
558,865
651,913
703,772
482,125
322,297
119,597
161,949
20,215
683,868
946,700
127,378
30,146
1000,352
634,633
505,940
251,469
103,374
119,423
58,556
676,869
86,17
778,806
919,611
406,671
733,792
797,648
639,855
272,743
762,577
821,328
359,17
936,315
530,916
336,492
127,876
500,174
60,31

Distanze
"0,0 : 0.0"
"0,1 : 849.24"
"0,2 : 155.0"
"0,3 : 703.0"
"0,4 : 730.39"
"0,5 : 607.4"
"0,6 : 616.07"
"0,7 : 140.73"
"0,8 : 430.9"
"0,9 : 1038.01"
"0,10 : 919.58"
"0,11 : 634.58"
"0,12 : 871.22"
"0,13 : 945.06"
"0,14 : 1032.26"
"0,15 : 944.94"
"0,16 : 372.4"
"0,17 : 336.22"
"0,18 : 571.01"
"0,19 : 923.78"
"0,20 : 215.24"
"0,21 : 1011.22"
"0,22 : 1063.77"
"0,23 : 352.02"
"0,24 : 151.82"
"0,25 : 935.63"
"0,26 : 793.45"
"0,27 : 990.62"
"0,28 : 461.12"
"0,29 : 348.57"
"0,30 : 397.02"
"0,31 : 533.97"
"0,32 : 1008.2"
"0,33 : 38.08"
"0,34 : 1018.54"
"0,35 : 987.85"
"0,36 : 704.35"
"0,37 : 979.21"
"0,38 : 917.15"
"0,39 : 976.47"
"0,40 : 732.32"
"0,41 : 843.75"
"0,42 : 760.53"
"0,43 : 236.17"
"0,44 : 862.84"
"0,45 : 978.65"
"0,46 : 512.37"
"0,47 : 850.01"
"0,48 : 405.01"
"0,49 : 63.2"
"1,0 : 849.24"
"1,1 : 0.0"
"1,2 : 709.91"
"1,3 : 805.89"
"1,4 : 406.84"
"1,5 : 839.91"
"1,6 : 267.82"
"1,7 : 735.16"
"1,8 : 510.04"
"1,9 : 205.88"
"1,10 : 536.15"
"1,11 : 728.39"
"1,12 : 53.01"
"1,13 : 109.86"
"1,14 : 214.03"
"1,15 : 236.91"
"1,16 : 677.14"
"1,17 : 525.68"
"1,18 : 404.75"
"1,19 : 340.38"
"1,20 : 738.43"
"1,21 : 224.9"
"1,22 : 488.76"
"1,23 : 544.11"
"1,24 : 788.78"
"1,25 : 696.8"
"1,26 : 236.89"
"1,27 : 142.87"
"1,28 : 397.46"
"1,29 : 562.5"
"1,30 : 515.21"
"1,31 : 478.14"
"1,32 : 218.52"
"1,33 : 873.01"
"1,34 : 310.03"
"1,35 : 489.78"
"1,36 : 144.93"
"1,37 : 265.19"
"1,38 : 363.26"
"1,39 : 179.03"
"1,40 : 204.69"
"1,41 : 370.22"
"1,42 : 591.0"
"1,43 : 792.53"
"1,44 : 675.42"
"1,45 : 129.77"
"1,46 : 336.93"
"1,47 : 348.94"
"1,48 : 628.81"
"1,49 : 872.3"
"2,0 : 155.0"
"2,1 : 709.91"
"2,2 : 0.0"
"2,3 : 707.39"
"2,4 : 576.13"
"2,5 : 631.32"
"2,6 : 466.46"
"2,7 : 28.02"
"2,8 : 355.76"
"2,9 : 904.99"
"2,10 : 849.19"
"2,11 : 627.08"
"2,12 : 736.21"
"2,13 : 810.07"
"2,14 : 901.97"
"2,15 : 827.36"
"2,16 : 362.35"
"2,17 : 229.48"
"2,18 : 416.03"
"2,19 : 768.89"
"2,20 : 109.42"
"2,21 : 885.69"
"2,22 : 972.13"
"2,23 : 197.02"
"2,24 : 100.3"
"2,25 : 892.53"
"2,26 : 681.47"
"2,27 : 849.26"
"2,28 : 314.76"
"2,29 : 194.14"
"2,30 : 242.05"
"2,31 : 380.76"
"2,32 : 882.07"
"2,33 : 168.34"
"2,34 : 904.62"
"2,35 : 903.84"
"2,36 : 565.35"
"2,37 : 862.67"
"2,38 : 819.16"
"2,39 : 848.23"
"2,40 : 581.16"
"2,41 : 750.91"
"2,42 : 712.33"
"2,43 : 286.57"
"2,44 : 822.98"
"2,45 : 839.68"
"2,46 : 376.38"
"2,47 : 695.01"
"2,48 : 376.07"
"2,49 : 163.08"
"3,0 : 703.0"
"3,1 : 805.89"
"3,2 : 707.39"
"3,3 : 0.0"
"3,4 : 1016.48"
"3,5 : 120.25"
"3,6 : 779.98"
"3,7 : 728.1"
"3,8 : 420.02"
"3,9 : 877.63"
"3,10 : 429.9"
"3,11 : 90.7"
"3,12 : 783.0"
"3,13 : 829.79"
"3,14 : 851.75"
"3,15 : 703.48"
"3,16 : 345.08"
"3,17 : 547.29"
"3,18 : 874.84"
"3,19 : 1093.83"
"3,20 : 815.42"
"3,21 : 801.5"
"3,22 : 632.87"
"3,23 : 758.43"
"3,24 : 796.82"
"3,25 : 324.82"
"3,26 : 585.68"
"3,27 : 918.19"
"3,28 : 693.13"
"3,29 : 779.02"
"3,30 : 784.45"
"3,31 : 902.38"
"3,32 : 803.74"
"3,33 : 740.6"
"3,34 : 728.45"
"3,35 : 540.42"
"3,36 : 724.7"
"3,37 : 718.78"
"3,38 : 569.64"
"3,39 : 797.75"
"3,40 : 863.48"
"3,41 : 501.84"
"3,42 : 249.02"
"3,43 : 469.12"
"3,44 : 261.23"
"3,45 : 887.13"
"3,46 : 639.31"
"3,47 : 1058.78"
"3,48 : 337.64"
"3,49 : 765.51"
"4,0 : 730.39"
"4,1 : 406.84"
"4,2 : 576.13"
"4,3 : 1016.48"
"4,4 : 0.0"
"4,5 : 1003.02"
"4,6 : 240.52"
"4,7 : 590.16"
"4,8 : 609.79"
"4,9 : 590.12"
"4,10 : 884.27"
"4,11 : 926.61"
"4,12 : 459.41"
"4,13 : 506.32"
"4,14 : 608.15"
"4,15 : 639.25"
"4,16 : 755.23"
"4,17 : 524.8"
"4,18 : 166.36"
"4,19 : 217.79"
"4,20 : 540.79"
"4,21 : 629.41"
"4,22 : 883.65"
"4,23 : 381.24"
"4,24 : 608.95"
"4,25 : 1018.68"
"4,26 : 582.7"
"4,27 : 478.62"
"4,28 : 340.87"
"4,29 : 382.0"
"4,30 : 335.54"
"4,31 : 198.09"
"4,32 : 622.71"
"4,33 : 737.33"
"4,34 : 715.89"
"4,35 : 866.88"
"4,36 : 351.93"
"4,37 : 670.08"
"4,38 : 740.62"
"4,39 : 583.8"
"4,40 : 208.29"
"4,41 : 720.09"
"4,42 : 868.63"
"4,43 : 793.85"
"4,44 : 976.27"
"4,45 : 493.36"
"4,46 : 377.66"
"4,47 : 137.31"
"4,48 : 725.6"
"4,49 : 723.01"
"5,0 : 607.4"
"5,1 : 839.91"
"5,2 : 631.32"
"5,3 : 120.25"
"5,4 : 1003.02"
"5,5 : 0.0"
"5,6 : 774.6"
"5,7 : 649.28"
"5,8 : 393.41"
"5,9 : 935.8"
"5,10 : 527.99"
"5,11 : 127.42"
"5,12 : 823.95"
"5,13 : 878.01"
"5,14 : 912.43"
"5,15 : 768.47"
"5,16 : 275.94"
"5,17 : 502.31"
"5,18 : 851.45"
"5,19 : 1103.08"
"5,20 : 740.69"
"5,21 : 865.28"
"5,22 : 728.75"
"5,23 : 709.57"
"5,24 : 714.26"
"5,25 : 440.46"
"5,26 : 636.28"
"5,27 : 962.66"
"5,28 : 667.58"
"5,29 : 728.03"
"5,30 : 740.87"
"5,31 : 869.65"
"5,32 : 866.68"
"5,33 : 644.13"
"5,34 : 803.44"
"5,35 : 635.74"
"5,36 : 741.53"
"5,37 : 788.01"
"5,38 : 647.48"
"5,39 : 855.85"
"5,40 : 869.42"
"5,41 : 573.89"
"5,42 : 336.54"
"5,43 : 371.23"
"5,44 : 373.04"
"5,45 : 933.67"
"5,46 : 627.2"
"5,47 : 1060.19"
"5,48 : 286.01"
"5,49 : 670.54"
"6,0 : 616.07"
"6,1 : 267.82"
"6,2 : 466.46"
"6,3 : 779.98"
"6,4 : 240.52"
"6,5 : 774.6"
"6,6 : 0.0"
"6,7 : 489.04"
"6,8 : 385.89"
"6,9 : 473.67"
"6,10 : 656.02"
"6,11 : 690.9"
"6,12 : 309.02"
"6,13 : 377.2"
"6,14 : 480.0"
"6,15 : 460.11"
"6,16 : 544.27"
"6,17 : 332.58"
"6,18 : 150.63"
"6,19 : 340.9"
"6,20 : 478.65"
"6,21 : 481.77"
"6,22 : 683.13"
"6,23 : 283.92"
"6,24 : 534.42"
"6,25 : 782.19"
"6,26 : 367.09"
"6,27 : 394.8"
"6,28 : 156.82"
"6,29 : 299.83"
"6,30 : 250.42"
"6,31 : 220.1"
"6,32 : 476.25"
"6,33 : 634.37"
"6,34 : 542.11"
"6,35 : 652.15"
"6,36 : 146.41"
"6,37 : 495.02"
"6,38 : 530.5"
"6,39 : 437.36"
"6,40 : 118.11"
"6,41 : 497.32"
"6,42 : 628.59"
"6,43 : 614.92"
"6,44 : 737.33"
"6,45 : 392.24"
"6,46 : 149.83"
"6,47 : 287.4"
"6,48 : 507.63"
"6,49 : 629.03"
"7,0 : 140.73"
"7,1 : 735.16"
"7,2 : 28.02"
"7,3 : 728.1"
"7,4 : 590.16"
"7,5 : 649.28"
"7,6 : 489.04"
"7,7 : 0.0"
"7,8 : 382.69"
"7,9 : 931.12"
"7,10 : 876.54"
"7,11 : 648.94"
"7,12 : 762.17"
"7,13 : 835.97"
"7,14 : 928.44"
"7,15 : 854.9"
"7,16 : 383.09"
"7,17 : 257.42"
"7,18 : 432.37"
"7,19 : 786.29"
"7,20 : 95.19"
"7,21 : 912.65"
"7,22 : 1000.12"
"7,23 : 214.58"
"7,24 : 73.5"
"7,25 : 918.24"
"7,26 : 709.3"
"7,27 : 873.98"
"7,28 : 338.99"
"7,29 : 209.01"
"7,30 : 258.63"
"7,31 : 393.36"
"7,32 : 908.98"
"7,33 : 148.76"
"7,34 : 932.31"
"7,35 : 931.69"
"7,36 : 590.81"
"7,37 : 890.25"
"7,38 : 847.17"
"7,39 : 874.95"
"7,40 : 602.76"
"7,41 : 778.89"
"7,42 : 738.22"
"7,43 : 297.44"
"7,44 : 848.37"
"7,45 : 864.89"
"7,46 : 402.68"
"7,47 : 711.48"
"7,48 : 399.1"
"7,49 : 140.13"
"8,0 : 430.9"
"8,1 : 510.04"
"8,2 : 355.76"
"8,3 : 420.02"
"8,4 : 609.79"
"8,5 : 393.41"
"8,6 : 385.89"
"8,7 : 382.69"
"8,8 : 0.0"
"8,9 : 662.62"
"8,10 : 494.84"
"8,11 : 329.56"
"8,12 : 512.41"
"8,13 : 580.99"
"8,14 : 649.12"
"8,15 : 537.1"
"8,16 : 168.19"
"8,17 : 140.09"
"8,18 : 458.99"
"8,19 : 722.67"
"8,20 : 448.66"
"8,21 : 616.94"
"8,22 : 633.02"
"8,23 : 345.86"
"8,24 : 456.0"
"8,25 : 541.34"
"8,26 : 381.92"
"8,27 : 649.43"
"8,28 : 275.41"
"8,29 : 368.25"
"8,30 : 367.16"
"8,31 : 482.61"
"8,32 : 615.41"
"8,33 : 465.83"
"8,34 : 603.37"
"8,35 : 557.32"
"8,36 : 383.11"
"8,37 : 568.72"
"8,38 : 488.84"
"8,39 : 590.17"
"8,40 : 489.39"
"8,41 : 413.79"
"8,42 : 360.8"
"8,43 : 293.66"
"8,44 : 474.56"
"8,45 : 627.69"
"8,46 : 236.38"
"8,47 : 673.26"
"8,48 : 123.97"
"8,49 : 479.3"
"9,0 : 1038.01"
"9,1 : 205.88"
"9,2 : 904.99"
"9,3 : 877.63"
"9,4 : 590.12"
"9,5 : 935.8"
"9,6 : 473.67"
"9,7 : 931.12"
"9,8 : 662.62"
"9,9 : 0.0"
"9,10 : 519.21"
"9,11 : 813.35"
"9,12 : 169.45"
"9,13 : 96.88"
"9,14 : 32.65"
"9,15 : 179.37"
"9,16 : 821.72"
"9,17 : 705.82"
"9,18 : 608.78"
"9,19 : 465.24"
"9,20 : 940.32"
"9,21 : 87.21"
"9,22 : 396.43"
"9,23 : 747.09"
"9,24 : 988.01"
"9,25 : 691.81"
"9,26 : 301.11"
"9,27 : 121.15"
"9,28 : 597.37"
"9,29 : 766.24"
"9,30 : 719.84"
"9,31 : 682.28"
"9,32 : 82.01"
"9,33 : 1064.18"
"9,34 : 198.72"
"9,35 : 436.09"
"9,36 : 342.88"
"9,37 : 177.8"
"9,38 : 333.22"
"9,39 : 80.06"
"9,40 : 402.24"
"9,41 : 382.03"
"9,42 : 636.6"
"9,43 : 955.08"
"9,44 : 692.29"
"9,45 : 97.67"
"9,46 : 528.64"
"9,47 : 502.36"
"9,48 : 770.37"
"9,49 : 1065.72"
"10,0 : 919.58"
"10,1 : 536.15"
"10,2 : 849.19"
"10,3 : 429.9"
"10,4 : 884.27"
"10,5 : 527.99"
"10,6 : 656.02"
"10,7 : 876.54"
"10,8 : 494.84"
"10,9 : 519.21"
"10,10 : 0.0"
"10,11 : 403.91"
"10,12 : 492.65"
"10,13 : 507.77"
"10,14 : 488.03"
"10,15 : 342.41"
"10,16 : 569.79"
"10,17 : 623.0"
"10,18 : 797.92"
"10,19 : 874.13"
"10,20 : 935.47"
"10,21 : 432.91"
"10,22 : 203.04"
"10,23 : 793.44"
"10,24 : 949.46"
"10,25 : 172.7"
"10,26 : 307.28"
"10,27 : 598.7"
"10,28 : 660.73"
"10,29 : 817.77"
"10,30 : 795.73"
"10,31 : 854.84"
"10,32 : 437.48"
"10,33 : 955.99"
"10,34 : 333.65"
"10,35 : 111.29"
"10,36 : 533.17"
"10,37 : 341.98"
"10,38 : 186.82"
"10,39 : 447.22"
"10,40 : 683.64"
"10,41 : 167.72"
"10,42 : 194.12"
"10,43 : 733.48"
"10,44 : 186.68"
"10,45 : 564.11"
"10,46 : 575.06"
"10,47 : 869.5"
"10,48 : 524.59"
"10,49 : 971.68"
"11,0 : 634.58"
"11,1 : 728.39"
"11,2 : 627.08"
"11,3 : 90.7"
"11,4 : 926.61"
"11,5 : 127.42"
"11,6 : 690.9"
"11,7 : 648.94"
"11,8 : 329.56"
"11,9 : 813.35"
"11,10 : 403.91"
"11,11 : 0.0"
"11,12 : 708.68"
"11,13 : 759.41"
"11,14 : 789.11"
"11,15 : 643.65"
"11,16 : 267.05"
"11,17 : 458.5"
"11,18 : 784.21"
"11,19 : 1008.22"
"11,20 : 733.94"
"11,21 : 740.95"
"11,22 : 603.08"
"11,23 : 669.62"
"11,24 : 719.18"
"11,25 : 335.09"
"11,26 : 515.98"
"11,27 : 845.95"
"11,28 : 602.43"
"11,29 : 690.54"
"11,30 : 694.8"
"11,31 : 811.76"
"11,32 : 742.6"
"11,33 : 672.56"
"11,34 : 676.62"
"11,35 : 510.16"
"11,36 : 640.57"
"11,37 : 662.19"
"11,38 : 520.22"
"11,39 : 733.3"
"11,40 : 776.72"
"11,41 : 447.19"
"11,42 : 210.68"
"11,43 : 406.04"
"11,44 : 263.05"
"11,45 : 815.94"
"11,46 : 549.19"
"11,47 : 971.29"
"11,48 : 252.86"
"11,49 : 696.08"
"12,0 : 871.22"
"12,1 : 53.01"
"12,2 : 736.21"
"12,3 : 783.0"
"12,4 : 459.41"
"12,5 : 823.95"
"12,6 : 309.02"
"12,7 : 762.17"
"12,8 : 512.41"
"12,9 : 169.45"
"12,10 : 492.65"
"12,11 : 708.68"
"12,12 : 0.0"
"12,13 : 73.93"
"12,14 : 171.59"
"12,15 : 184.3"
"12,16 : 677.12"
"12,17 : 541.86"
"12,18 : 450.8"
"12,19 : 389.24"
"12,20 : 770.97"
"12,21 : 175.31"
"12,22 : 436.84"
"12,23 : 578.07"
"12,24 : 818.6"
"12,25 : 656.54"
"12,26 : 202.47"
"12,27 : 139.92"
"12,28 : 427.93"
"12,29 : 597.54"
"12,30 : 551.8"
"12,31 : 523.83"
"12,32 : 169.26"
"12,33 : 896.59"
"12,34 : 257.05"
"12,35 : 441.03"
"12,36 : 173.57"
"12,37 : 212.19"
"12,38 : 315.57"
"12,39 : 129.77"
"12,40 : 255.67"
"12,41 : 329.02"
"12,42 : 560.12"
"12,43 : 800.56"
"12,44 : 639.08"
"12,45 : 115.35"
"12,46 : 360.15"
"12,47 : 401.07"
"12,48 : 627.35"
"12,49 : 897.45"
"13,0 : 945.06"
"13,1 : 109.86"
"13,2 : 810.07"
"13,3 : 829.79"
"13,4 : 506.32"
"13,5 : 878.01"
"13,6 : 377.2"
"13,7 : 835.97"
"13,8 : 580.99"
"13,9 : 96.88"
"13,10 : 507.77"
"13,11 : 759.41"
"13,12 : 73.93"
"13,13 : 0.0"
"13,14 : 104.66"
"13,15 : 172.26"
"13,16 : 743.89"
"13,17 : 615.08"
"13,18 : 514.34"
"13,19 : 405.79"
"13,20 : 843.77"
"13,21 : 125.04"
"13,22 : 421.63"
"13,23 : 650.33"
"13,24 : 892.05"
"13,25 : 677.15"
"13,26 : 244.13"
"13,27 : 91.84"
"13,28 : 501.06"
"13,29 : 669.41"
"13,30 : 622.96"
"13,31 : 587.78"
"13,32 : 118.07"
"13,33 : 970.51"
"13,34 : 227.77"
"13,35 : 441.4"
"13,36 : 246.45"
"13,37 : 189.62"
"13,38 : 322.82"
"13,39 : 81.61"
"13,40 : 310.93"
"13,41 : 352.93"
"13,42 : 597.94"
"13,43 : 871.04"
"13,44 : 667.37"
"13,45 : 58.18"
"13,46 : 434.07"
"13,47 : 431.14"
"13,48 : 693.43"
"13,49 : 971.37"
"14,0 : 1032.26"
"14,1 : 214.03"
"14,2 : 901.97"
"14,3 : 851.75"
"14,4 : 608.15"
"14,5 : 912.43"
"14,6 : 480.0"
"14,7 : 928.44"
"14,8 : 649.12"
"14,9 : 32.65"
"14,10 : 488.03"
"14,11 : 789.11"
"14,12 : 171.59"
"14,13 : 104.66"
"14,14 : 0.0"
"14,15 : 150.28"
"14,16 : 805.92"
"14,17 : 698.35"
"14,18 : 618.77"
"14,19 : 491.32"
"14,20 : 940.94"
"14,21 : 55.22"
"14,22 : 363.86"
"14,23 : 748.87"
"14,24 : 986.88"
"14,25 : 660.7"
"14,26 : 280.52"
"14,27 : 148.48"
"14,28 : 597.61"
"14,29 : 768.65"
"14,30 : 723.27"
"14,31 : 692.17"
"14,32 : 50.61"
"14,33 : 1059.26"
"14,34 : 166.07"
"14,35 : 403.77"
"14,36 : 344.37"
"14,37 : 146.17"
"14,38 : 302.56"
"14,39 : 59.23"
"14,40 : 415.38"
"14,41 : 353.86"
"14,42 : 609.2"
"14,43 : 942.38"
"14,44 : 662.44"
"14,45 : 121.04"
"14,46 : 525.8"
"14,47 : 525.3"
"14,48 : 754.27"
"14,49 : 1061.7"
"15,0 : 944.94"
"15,1 : 236.91"
"15,2 : 827.36"
"15,3 : 703.48"
"15,4 : 639.25"
"15,5 : 768.47"
"15,6 : 460.11"
"15,7 : 854.9"
"15,8 : 537.1"
"15,9 : 179.37"
"15,10 : 342.41"
"15,11 : 643.65"
"15,12 : 184.3"
"15,13 : 172.26"
"15,14 : 150.28"
"15,15 : 0.0"
"15,16 : 683.7"
"15,17 : 608.92"
"15,18 : 609.66"
"15,19 : 570.17"
"15,20 : 881.33"
"15,21 : 98.06"
"15,22 : 253.44"
"15,23 : 697.86"
"15,24 : 919.13"
"15,25 : 514.4"
"15,26 : 155.18"
"15,27 : 259.67"
"15,28 : 544.16"
"15,29 : 720.0"
"15,30 : 680.34"
"15,31 : 680.21"
"15,32 : 100.69"
"15,33 : 975.05"
"15,34 : 82.35"
"15,35 : 269.4"
"15,36 : 313.7"
"15,37 : 36.06"
"15,38 : 155.6"
"15,39 : 104.81"
"15,40 : 431.97"
"15,41 : 203.73"
"15,42 : 459.41"
"15,43 : 829.68"
"15,44 : 512.97"
"15,45 : 225.09"
"15,46 : 461.62"
"15,47 : 585.31"
"15,48 : 631.52"
"15,49 : 981.09"
"16,0 : 372.4"
"16,1 : 677.14"
"16,2 : 362.35"
"16,3 : 345.08"
"16,4 : 755.23"
"16,5 : 275.94"
"16,6 : 544.27"
"16,7 : 383.09"
"16,8 : 168.19"
"16,9 : 821.72"
"16,10 : 569.79"
"16,11 : 267.05"
"16,12 : 677.12"
"16,13 : 743.89"
"16,14 : 805.92"
"16,15 : 683.7"
"16,16 : 0.0"
"16,17 : 234.91"
"16,18 : 595.44"
"16,19 : 884.32"
"16,20 : 470.68"
"16,21 : 769.71"
"16,22 : 738.86"
"16,23 : 435.93"
"16,24 : 452.49"
"16,25 : 565.56"
"16,26 : 530.25"
"16,27 : 815.32"
"16,28 : 414.36"
"16,29 : 453.48"
"16,30 : 469.65"
"16,31 : 604.6"
"16,32 : 768.88"
"16,33 : 410.46"
"16,34 : 742.55"
"16,35 : 653.58"
"16,36 : 551.26"
"16,37 : 712.66"
"16,38 : 610.54"
"16,39 : 746.69"
"16,40 : 652.71"
"16,41 : 531.7"
"16,42 : 395.13"
"16,43 : 163.69"
"16,44 : 492.15"
"16,45 : 792.46"
"16,46 : 394.97"
"16,47 : 830.68"
"16,48 : 52.2"
"16,49 : 432.34"
"17,0 : 336.22"
"17,1 : 525.68"
"17,2 : 229.48"
"17,3 : 547.29"
"17,4 : 524.8"
"17,5 : 502.31"
"17,6 : 332.58"
"17,7 : 257.42"
"17,8 : 140.09"
"17,9 : 705.82"
"17,10 : 623.0"
"17,11 : 458.5"
"17,12 : 541.86"
"17,13 : 615.08"
"17,14 : 698.35"
"17,15 : 608.92"
"17,16 : 234.91"
"17,17 : 0.0"
"17,18 : 362.23"
"17,19 : 671.58"
"17,20 : 312.93"
"17,21 : 675.55"
"17,22 : 742.82"
"17,23 : 211.15"
"17,24 : 328.73"
"17,25 : 680.23"
"17,26 : 458.52"
"17,27 : 668.53"
"17,28 : 186.08"
"17,29 : 232.14"
"17,30 : 238.92"
"17,31 : 369.83"
"17,32 : 672.68"
"17,33 : 366.19"
"17,34 : 683.39"
"17,35 : 674.54"
"17,36 : 383.32"
"17,37 : 643.39"
"17,38 : 590.61"
"17,39 : 641.76"
"17,40 : 448.79"
"17,41 : 521.54"
"17,42 : 499.96"
"17,43 : 282.43"
"17,44 : 614.26"
"17,45 : 653.01"
"17,46 : 195.5"
"17,47 : 610.95"
"17,48 : 216.36"
"17,49 : 373.36"
"18,0 : 571.01"
"18,1 : 404.75"
"18,2 : 416.03"
"18,3 : 874.84"
"18,4 : 166.36"
"18,5 : 851.45"
"18,6 : 150.63"
"18,7 : 432.37"
"18,8 : 458.99"
"18,9 : 608.78"
"18,10 : 797.92"
"18,11 : 784.21"
"18,12 : 450.8"
"18,13 : 514.34"
"18,14 : 618.77"
"18,15 : 609.66"
"18,16 : 595.44"
"18,17 : 362.23"
"18,18 : 0.0"
"18,19 : 354.5"
"18,20 : 394.62"
"18,21 : 625.73"
"18,22 : 833.39"
"18,23 : 219.15"
"18,24 : 459.7"
"18,25 : 914.43"
"18,26 : 516.26"
"18,27 : 516.38"
"18,28 : 183.87"
"18,29 : 223.57"
"18,30 : 174.0"
"18,31 : 73.5"
"18,32 : 619.87"
"18,33 : 580.94"
"18,34 : 691.35"
"18,35 : 800.12"
"18,36 : 296.39"
"18,37 : 644.22"
"18,38 : 679.92"
"18,39 : 580.49"
"18,40 : 211.48"
"18,41 : 643.31"
"18,42 : 751.77"
"18,43 : 627.69"
"18,44 : 864.3"
"18,45 : 520.27"
"18,46 : 241.07"
"18,47 : 279.11"
"18,48 : 569.29"
"18,49 : 569.07"
"19,0 : 923.78"
"19,1 : 340.38"
"19,2 : 768.89"
"19,3 : 1093.83"
"19,4 : 217.79"
"19,5 : 1103.08"
"19,6 : 340.9"
"19,7 : 786.29"
"19,8 : 722.67"
"19,9 : 465.24"
"19,10 : 874.13"
"19,11 : 1008.22"
"19,12 : 389.24"
"19,13 : 405.79"
"19,14 : 491.32"
"19,15 : 570.17"
"19,16 : 884.32"
"19,17 : 671.58"
"19,18 : 354.5"
"19,19 : 0.0"
"19,20 : 747.42"
"19,21 : 528.25"
"19,22 : 823.54"
"19,23 : 572.01"
"19,24 : 813.62"
"19,25 : 1029.72"
"19,26 : 568.85"
"19,27 : 344.12"
"19,28 : 488.36"
"19,29 : 577.92"
"19,30 : 527.67"
"19,31 : 406.27"
"19,32 : 521.18"
"19,33 : 935.01"
"19,34 : 633.35"
"19,35 : 829.94"
"19,36 : 370.55"
"19,37 : 593.16"
"19,38 : 703.63"
"19,39 : 487.16"
"19,40 : 234.0"
"19,41 : 706.81"
"19,42 : 906.22"
"19,43 : 952.8"
"19,44 : 1001.29"
"19,45 : 370.47"
"19,46 : 489.36"
"19,47 : 80.53"
"19,48 : 845.9"
"19,49 : 923.54"
"20,0 : 215.24"
"20,1 : 738.43"
"20,2 : 109.42"
"20,3 : 815.42"
"20,4 : 540.79"
"20,5 : 740.69"
"20,6 : 478.65"
"20,7 : 95.19"
"20,8 : 448.66"
"20,9 : 940.32"
"20,10 : 935.47"
"20,11 : 733.94"
"20,12 : 770.97"
"20,13 : 843.77"
"20,14 : 940.94"
"20,15 : 881.33"
"20,16 : 470.68"
"20,17 : 312.93"
"20,18 : 394.62"
"20,19 : 747.42"
"20,20 : 0.0"
"20,21 : 930.58"
"20,22 : 1045.32"
"20,23 : 194.98"
"20,24 : 69.72"
"20,25 : 989.53"
"20,26 : 742.78"
"20,27 : 872.27"
"20,28 : 343.33"
"20,29 : 179.36"
"20,30 : 230.36"
"20,31 : 343.11"
"20,32 : 926.31"
"20,33 : 208.71"
"20,34 : 961.17"
"20,35 : 982.35"
"20,36 : 597.44"
"20,37 : 917.22"
"20,38 : 889.5"
"20,39 : 890.37"
"20,40 : 585.05"
"20,41 : 825.6"
"20,42 : 808.93"
"20,43 : 392.59"
"20,44 : 921.44"
"20,45 : 866.89"
"20,46 : 420.22"
"20,47 : 669.6"
"20,48 : 481.75"
"20,49 : 188.3"
"21,0 : 1011.22"
"21,1 : 224.9"
"21,2 : 885.69"
"21,3 : 801.5"
"21,4 : 629.41"
"21,5 : 865.28"
"21,6 : 481.77"
"21,7 : 912.65"
"21,8 : 616.94"
"21,9 : 87.21"
"21,10 : 432.91"
"21,11 : 740.95"
"21,12 : 175.31"
"21,13 : 125.04"
"21,14 : 55.22"
"21,15 : 98.06"
"21,16 : 769.71"
"21,17 : 675.55"
"21,18 : 625.73"
"21,19 : 528.25"
"21,20 : 930.58"
"21,21 : 0.0"
"21,22 : 312.08"
"21,23 : 741.1"
"21,24 : 973.5"
"21,25 : 605.59"
"21,26 : 240.05"
"21,27 : 192.01"
"21,28 : 588.07"
"21,29 : 761.86"
"21,30 : 718.42"
"21,31 : 698.55"
"21,32 : 7.07"
"21,33 : 1039.52"
"21,34 : 113.44"
"21,35 : 348.92"
"21,36 : 339.91"
"21,37 : 90.97"
"21,38 : 247.78"
"21,39 : 45.88"
"21,40 : 429.59"
"21,41 : 301.53"
"21,42 : 557.35"
"21,43 : 910.59"
"21,44 : 608.13"
"21,45 : 160.35"
"21,46 : 511.65"
"21,47 : 556.06"
"21,48 : 717.72"
"21,49 : 1043.41"
"22,0 : 1063.77"
"22,1 : 488.76"
"22,2 : 972.13"
"22,3 : 632.87"
"22,4 : 883.65"
"22,5 : 728.75"
"22,6 : 683.13"
"22,7 : 1000.12"
"22,8 : 633.02"
"22,9 : 396.43"
"22,10 : 203.04"
"22,11 : 603.08"
"22,12 : 436.84"
"22,13 : 421.63"
"22,14 : 363.86"
"22,15 : 253.44"
"22,16 : 738.86"
"22,17 : 742.82"
"22,18 : 833.39"
"22,19 : 823.54"
"22,20 : 1045.32"
"22,21 : 312.08"
"22,22 : 0.0"
"22,23 : 880.03"
"22,24 : 1070.5"
"22,25 : 352.16"
"22,26 : 319.11"
"22,27 : 502.08"
"22,28 : 732.38"
"22,29 : 903.84"
"22,30 : 872.16"
"22,31 : 899.6"
"22,32 : 318.53"
"22,33 : 1098.22"
"22,34 : 198.65"
"22,35 : 93.01"
"22,36 : 540.78"
"22,37 : 232.02"
"22,38 : 157.81"
"22,39 : 343.91"
"22,40 : 675.37"
"22,41 : 221.33"
"22,42 : 392.44"
"22,43 : 900.59"
"22,44 : 385.13"
"22,45 : 468.73"
"22,46 : 644.49"
"22,47 : 837.7"
"22,48 : 689.63"
"22,49 : 1110.21"
"23,0 : 352.02"
"23,1 : 544.11"
"23,2 : 197.02"
"23,3 : 758.43"
"23,4 : 381.24"
"23,5 : 709.57"
"23,6 : 283.92"
"23,7 : 214.58"
"23,8 : 345.86"
"23,9 : 747.09"
"23,10 : 793.44"
"23,11 : 669.62"
"23,12 : 578.07"
"23,13 : 650.33"
"23,14 : 748.87"
"23,15 : 697.86"
"23,16 : 435.93"
"23,17 : 211.15"
"23,18 : 219.15"
"23,19 : 572.01"
"23,20 : 194.98"
"23,21 : 741.1"
"23,22 : 880.03"
"23,23 : 0.0"
"23,24 : 251.46"
"23,25 : 873.39"
"23,26 : 567.52"
"23,27 : 677.29"
"23,28 : 153.81"
"23,29 : 24.33"
"23,30 : 45.71"
"23,31 : 190.91"
"23,32 : 736.53"
"23,33 : 363.32"
"23,34 : 779.09"
"23,35 : 825.56"
"23,36 : 404.59"
"23,37 : 733.92"
"23,38 : 722.36"
"23,39 : 699.77"
"23,40 : 392.75"
"23,41 : 665.45"
"23,42 : 695.8"
"23,43 : 429.12"
"23,44 : 811.45"
"23,45 : 672.2"
"23,46 : 238.07"
"23,47 : 498.0"
"23,48 : 425.14"
"23,49 : 353.41"
"24,0 : 151.82"
"24,1 : 788.78"
"24,2 : 100.3"
"24,3 : 796.82"
"24,4 : 608.95"
"24,5 : 714.26"
"24,6 : 534.42"
"24,7 : 73.5"
"24,8 : 456.0"
"24,9 : 988.01"
"24,10 : 949.46"
"24,11 : 719.18"
"24,12 : 818.6"
"24,13 : 892.05"
"24,14 : 986.88"
"24,15 : 919.13"
"24,16 : 452.49"
"24,17 : 328.73"
"24,18 : 459.7"
"24,19 : 813.62"
"24,20 : 69.72"
"24,21 : 973.5"
"24,22 : 1070.5"
"24,23 : 251.46"
"24,24 : 0.0"
"24,25 : 991.63"
"24,26 : 775.88"
"24,27 : 925.24"
"24,28 : 391.37"
"24,29 : 239.4"
"24,30 : 290.95"
"24,31 : 410.95"
"24,32 : 969.56"
"24,33 : 140.63"
"24,34 : 997.55"
"24,35 : 1003.27"
"24,36 : 645.76"
"24,37 : 954.74"
"24,38 : 916.67"
"24,39 : 934.65"
"24,40 : 644.18"
"24,41 : 849.46"
"24,42 : 811.67"
"24,43 : 353.39"
"24,44 : 921.63"
"24,45 : 918.1"
"24,46 : 461.9"
"24,47 : 736.42"
"24,48 : 470.83"
"24,49 : 118.85"
"25,0 : 935.63"
"25,1 : 696.8"
"25,2 : 892.53"
"25,3 : 324.82"
"25,4 : 1018.68"
"25,5 : 440.46"
"25,6 : 782.19"
"25,7 : 918.24"
"25,8 : 541.34"
"25,9 : 691.81"
"25,10 : 172.7"
"25,11 : 335.09"
"25,12 : 656.54"
"25,13 : 677.15"
"25,14 : 660.7"
"25,15 : 514.4"
"25,16 : 565.56"
"25,17 : 680.23"
"25,18 : 914.43"
"25,19 : 1029.72"
"25,20 : 989.53"
"25,21 : 605.59"
"25,22 : 352.16"
"25,23 : 873.39"
"25,24 : 991.63"
"25,25 : 0.0"
"25,26 : 461.43"
"25,27 : 768.61"
"25,28 : 758.08"
"25,29 : 897.27"
"25,30 : 883.86"
"25,31 : 963.84"
"25,32 : 610.14"
"25,33 : 973.46"
"25,34 : 505.37"
"25,35 : 271.37"
"25,36 : 674.24"
"25,37 : 514.67"
"25,38 : 358.92"
"25,39 : 619.14"
"25,40 : 826.36"
"25,41 : 327.52"
"25,42 : 180.6"
"25,43 : 723.26"
"25,44 : 73.93"
"25,45 : 734.16"
"25,46 : 678.6"
"25,47 : 1018.19"
"25,48 : 530.74"
"25,49 : 993.3"
"26,0 : 793.45"
"26,1 : 236.89"
"26,2 : 681.47"
"26,3 : 585.68"
"26,4 : 582.7"
"26,5 : 636.28"
"26,6 : 367.09"
"26,7 : 709.3"
"26,8 : 381.92"
"26,9 : 301.11"
"26,10 : 307.28"
"26,11 : 515.98"
"26,12 : 202.47"
"26,13 : 244.13"
"26,14 : 280.52"
"26,15 : 155.18"
"26,16 : 530.25"
"26,17 : 458.52"
"26,18 : 516.26"
"26,19 : 568.85"
"26,20 : 742.78"
"26,21 : 240.05"
"26,22 : 319.11"
"26,23 : 567.52"
"26,24 : 775.88"
"26,25 : 461.43"
"26,26 : 0.0"
"26,27 : 333.0"
"26,28 : 416.64"
"26,29 : 590.8"
"26,30 : 556.17"
"26,31 : 581.12"
"26,32 : 239.71"
"26,33 : 824.48"
"26,34 : 225.09"
"26,35 : 285.85"
"26,36 : 231.14"
"26,37 : 187.3"
"26,38 : 163.69"
"26,39 : 222.06"
"26,40 : 378.34"
"26,41 : 139.71"
"26,42 : 357.76"
"26,43 : 674.6"
"26,44 : 438.55"
"26,45 : 301.5"
"26,46 : 329.67"
"26,47 : 562.23"
"26,48 : 478.16"
"26,49 : 831.79"
"27,0 : 990.62"
"27,1 : 142.87"
"27,2 : 849.26"
"27,3 : 918.19"
"27,4 : 478.62"
"27,5 : 962.66"
"27,6 : 394.8"
"27,7 : 873.98"
"27,8 : 649.43"
"27,9 : 121.15"
"27,10 : 598.7"
"27,11 : 845.95"
"27,12 : 139.92"
"27,13 : 91.84"
"27,14 : 148.48"
"27,15 : 259.67"
"27,16 : 815.32"
"27,17 : 668.53"
"27,18 : 516.38"
"27,19 : 344.12"
"27,20 : 872.27"
"27,21 : 192.01"
"27,22 : 502.08"
"27,23 : 677.29"
"27,24 : 925.24"
"27,25 : 768.61"
"27,26 : 333.0"
"27,27 : 0.0"
"27,28 : 535.12"
"27,29 : 694.23"
"27,30 : 645.2"
"27,31 : 589.29"
"27,32 : 185.15"
"27,33 : 1013.65"
"27,34 : 304.11"
"27,35 : 528.81"
"27,36 : 286.64"
"27,37 : 271.82"
"27,38 : 412.95"
"27,39 : 158.69"
"27,40 : 305.12"
"27,41 : 444.77"
"27,42 : 688.77"
"27,43 : 934.48"
"27,44 : 759.2"
"27,45 : 34.66"
"27,46 : 478.82"
"27,47 : 383.38"
"27,48 : 766.02"
"27,49 : 1012.08"
"28,0 : 461.12"
"28,1 : 397.46"
"28,2 : 314.76"
"28,3 : 693.13"
"28,4 : 340.87"
"28,5 : 667.58"
"28,6 : 156.82"
"28,7 : 338.99"
"28,8 : 275.41"
"28,9 : 597.37"
"28,10 : 660.73"
"28,11 : 602.43"
"28,12 : 427.93"
"28,13 : 501.06"
"28,14 : 597.61"
"28,15 : 544.16"
"28,16 : 414.36"
"28,17 : 186.08"
"28,18 : 183.87"
"28,19 : 488.36"
"28,20 : 343.33"
"28,21 : 588.07"
"28,22 : 732.38"
"28,23 : 153.81"
"28,24 : 391.37"
"28,25 : 758.08"
"28,26 : 416.64"
"28,27 : 535.12"
"28,28 : 0.0"
"28,29 : 175.87"
"28,30 : 139.79"
"28,31 : 211.7"
"28,32 : 583.63"
"28,33 : 481.17"
"28,34 : 625.54"
"28,35 : 682.93"
"28,36 : 254.62"
"28,37 : 580.22"
"28,38 : 574.59"
"28,39 : 547.3"
"28,40 : 274.8"
"28,41 : 522.29"
"28,42 : 587.18"
"28,43 : 464.72"
"28,44 : 702.1"
"28,45 : 526.93"
"28,46 : 88.06"
"28,47 : 425.47"
"28,48 : 386.04"
"28,49 : 477.83"
"29,0 : 348.57"
"29,1 : 562.5"
"29,2 : 194.14"
"29,3 : 779.02"
"29,4 : 382.0"
"29,5 : 728.03"
"29,6 : 299.83"
"29,7 : 209.01"
"29,8 : 368.25"
"29,9 : 766.24"
"29,10 : 817.77"
"29,11 : 690.54"
"29,12 : 597.54"
"29,13 : 669.41"
"29,14 : 768.65"
"29,15 : 720.0"
"29,16 : 453.48"
"29,17 : 232.14"
"29,18 : 223.57"
"29,19 : 577.92"
"29,20 : 179.36"
"29,21 : 761.86"
"29,22 : 903.84"
"29,23 : 24.33"
"29,24 : 239.4"
"29,25 : 897.27"
"29,26 : 590.8"
"29,27 : 694.23"
"29,28 : 175.87"
"29,29 : 0.0"
"29,30 : 51.55"
"29,31 : 187.48"
"29,32 : 757.2"
"29,33 : 357.4"
"29,34 : 801.4"
"29,35 : 849.72"
"29,36 : 424.29"
"29,37 : 756.06"
"29,38 : 746.13"
"29,39 : 720.18"
"29,40 : 405.86"
"29,41 : 689.56"
"29,42 : 719.47"
"29,43 : 439.3"
"29,44 : 835.09"
"29,45 : 689.99"
"29,46 : 261.18"
"29,47 : 502.57"
"29,48 : 444.53"
"29,49 : 345.68"
"30,0 : 397.02"
"30,1 : 515.21"
"30,2 : 242.05"
"30,3 : 784.45"
"30,4 : 335.54"
"30,5 : 740.87"
"30,6 : 250.42"
"30,7 : 258.63"
"30,8 : 367.16"
"30,9 : 719.84"
"30,10 : 795.73"
"30,11 : 694.8"
"30,12 : 551.8"
"30,13 : 622.96"
"30,14 : 723.27"
"30,15 : 680.34"
"30,16 : 469.65"
"30,17 : 238.92"
"30,18 : 174.0"
"30,19 : 527.67"
"30,20 : 230.36"
"30,21 : 718.42"
"30,22 : 872.16"
"30,23 : 45.71"
"30,24 : 290.95"
"30,25 : 883.86"
"30,26 : 556.17"
"30,27 : 645.2"
"30,28 : 139.79"
"30,29 : 51.55"
"30,30 : 0.0"
"30,31 : 146.32"
"30,32 : 713.56"
"30,33 : 407.34"
"30,34 : 762.21"
"30,35 : 821.79"
"30,36 : 379.31"
"30,37 : 716.35"
"30,38 : 714.36"
"30,39 : 676.04"
"30,40 : 354.7"
"30,41 : 661.18"
"30,42 : 708.4"
"30,43 : 471.63"
"30,44 : 824.11"
"30,45 : 641.85"
"30,46 : 227.71"
"30,47 : 453.07"
"30,48 : 455.15"
"30,49 : 396.42"
"31,0 : 533.97"
"31,1 : 478.14"
"31,2 : 380.76"
"31,3 : 902.38"
"31,4 : 198.09"
"31,5 : 869.65"
"31,6 : 220.1"
"31,7 : 393.36"
"31,8 : 482.61"
"31,9 : 682.28"
"31,10 : 854.84"
"31,11 : 811.76"
"31,12 : 523.83"
"31,13 : 587.78"
"31,14 : 692.17"
"31,15 : 680.21"
"31,16 : 604.6"
"31,17 : 369.83"
"31,18 : 73.5"
"31,19 : 406.27"
"31,20 : 343.11"
"31,21 : 698.55"
"31,22 : 899.6"
"31,23 : 190.91"
"31,24 : 410.95"
"31,25 : 963.84"
"31,26 : 581.12"
"31,27 : 589.29"
"31,28 : 211.7"
"31,29 : 187.48"
"31,30 : 146.32"
"31,31 : 0.0"
"31,32 : 692.74"
"31,33 : 539.73"
"31,34 : 762.17"
"31,35 : 862.75"
"31,36 : 366.51"
"31,37 : 715.07"
"31,38 : 744.7"
"31,39 : 653.42"
"31,40 : 284.19"
"31,41 : 704.31"
"31,42 : 796.34"
"31,43 : 617.35"
"31,44 : 910.48"
"31,45 : 593.62"
"31,46 : 285.27"
"31,47 : 327.35"
"31,48 : 584.2"
"31,49 : 525.0"
"32,0 : 1008.2"
"32,1 : 218.52"
"32,2 : 882.07"
"32,3 : 803.74"
"32,4 : 622.71"
"32,5 : 866.68"
"32,6 : 476.25"
"32,7 : 908.98"
"32,8 : 615.41"
"32,9 : 82.01"
"32,10 : 437.48"
"32,11 : 742.6"
"32,12 : 169.26"
"32,13 : 118.07"
"32,14 : 50.61"
"32,15 : 100.69"
"32,16 : 768.88"
"32,17 : 672.68"
"32,18 : 619.87"
"32,19 : 521.18"
"32,20 : 926.31"
"32,21 : 7.07"
"32,22 : 318.53"
"32,23 : 736.53"
"32,24 : 969.56"
"32,25 : 610.14"
"32,26 : 239.71"
"32,27 : 185.15"
"32,28 : 583.63"
"32,29 : 757.2"
"32,30 : 713.56"
"32,31 : 692.74"
"32,32 : 0.0"
"32,33 : 1036.34"
"32,34 : 119.89"
"32,35 : 354.42"
"32,36 : 334.82"
"32,37 : 95.8"
"32,38 : 251.96"
"32,39 : 39.56"
"32,40 : 423.19"
"32,41 : 304.4"
"32,42 : 560.09"
"32,43 : 909.06"
"32,44 : 611.98"
"32,45 : 153.38"
"32,46 : 507.67"
"32,47 : 549.04"
"32,48 : 716.94"
"32,49 : 1040.05"
"33,0 : 38.08"
"33,1 : 873.01"
"33,2 : 168.34"
"33,3 : 740.6"
"33,4 : 737.33"
"33,5 : 644.13"
"33,6 : 634.37"
"33,7 : 148.76"
"33,8 : 465.83"
"33,9 : 1064.18"
"33,10 : 955.99"
"33,11 : 672.56"
"33,12 : 896.59"
"33,13 : 970.51"
"33,14 : 1059.26"
"33,15 : 975.05"
"33,16 : 410.46"
"33,17 : 366.19"
"33,18 : 580.94"
"33,19 : 935.01"
"33,20 : 208.71"
"33,21 : 1039.52"
"33,22 : 1098.22"
"33,23 : 363.32"
"33,24 : 140.63"
"33,25 : 973.46"
"33,26 : 824.48"
"33,27 : 1013.65"
"33,28 : 481.17"
"33,29 : 357.4"
"33,30 : 407.34"
"33,31 : 539.73"
"33,32 : 1036.34"
"33,33 : 0.0"
"33,34 : 1049.47"
"33,35 : 1023.1"
"33,36 : 728.09"
"33,37 : 1009.57"
"33,38 : 950.62"
"33,39 : 1004.02"
"33,40 : 749.45"
"33,41 : 877.82"
"33,42 : 798.09"
"33,43 : 273.0"
"33,44 : 900.72"
"33,45 : 1002.66"
"33,46 : 536.77"
"33,47 : 859.98"
"33,48 : 442.77"
"33,49 : 29.53"
"34,0 : 1018.54"
"34,1 : 310.03"
"34,2 : 904.62"
"34,3 : 728.45"
"34,4 : 715.89"
"34,5 : 803.44"
"34,6 : 542.11"
"34,7 : 932.31"
"34,8 : 603.37"
"34,9 : 198.72"
"34,10 : 333.65"
"34,11 : 676.62"
"34,12 : 257.05"
"34,13 : 227.77"
"34,14 : 166.07"
"34,15 : 82.35"
"34,16 : 742.55"
"34,17 : 683.39"
"34,18 : 691.35"
"34,19 : 633.35"
"34,20 : 961.17"
"34,21 : 113.44"
"34,22 : 198.65"
"34,23 : 779.09"
"34,24 : 997.55"
"34,25 : 505.37"
"34,26 : 225.09"
"34,27 : 304.11"
"34,28 : 625.54"
"34,29 : 801.4"
"34,30 : 762.21"
"34,31 : 762.17"
"34,32 : 119.89"
"34,33 : 1049.47"
"34,34 : 0.0"
"34,35 : 240.64"
"34,36 : 395.74"
"34,37 : 47.13"
"34,38 : 159.14"
"34,39 : 147.38"
"34,40 : 509.91"
"34,41 : 229.56"
"34,42 : 479.93"
"34,43 : 893.35"
"34,44 : 515.8"
"34,45 : 271.3"
"34,46 : 542.18"
"34,47 : 654.75"
"34,48 : 690.44"
"34,49 : 1056.48"
"35,0 : 987.85"
"35,1 : 489.78"
"35,2 : 903.84"
"35,3 : 540.42"
"35,4 : 866.88"
"35,5 : 635.74"
"35,6 : 652.15"
"35,7 : 931.69"
"35,8 : 557.32"
"35,9 : 436.09"
"35,10 : 111.29"
"35,11 : 510.16"
"35,12 : 441.03"
"35,13 : 441.4"
"35,14 : 403.77"
"35,15 : 269.4"
"35,16 : 653.58"
"35,17 : 674.54"
"35,18 : 800.12"
"35,19 : 829.94"
"35,20 : 982.35"
"35,21 : 348.92"
"35,22 : 93.01"
"35,23 : 825.56"
"35,24 : 1003.27"
"35,25 : 271.37"
"35,26 : 285.85"
"35,27 : 528.81"
"35,28 : 682.93"
"35,29 : 849.72"
"35,30 : 821.79"
"35,31 : 862.75"
"35,32 : 354.42"
"35,33 : 1023.1"
"35,34 : 240.64"
"35,35 : 0.0"
"35,36 : 516.5"
"35,37 : 259.53"
"35,38 : 127.49"
"35,39 : 371.4"
"35,40 : 660.33"
"35,41 : 160.64"
"35,42 : 299.49"
"35,43 : 816.36"
"35,44 : 296.49"
"35,45 : 494.31"
"35,46 : 595.02"
"35,47 : 835.16"
"35,48 : 605.42"
"35,49 : 1036.48"
"36,0 : 704.35"
"36,1 : 144.93"
"36,2 : 565.35"
"36,3 : 724.7"
"36,4 : 351.93"
"36,5 : 741.53"
"36,6 : 146.41"
"36,7 : 590.81"
"36,8 : 383.11"
"36,9 : 342.88"
"36,10 : 533.17"
"36,11 : 640.57"
"36,12 : 173.57"
"36,13 : 246.45"
"36,14 : 344.37"
"36,15 : 313.7"
"36,16 : 551.26"
"36,17 : 383.32"
"36,18 : 296.39"
"36,19 : 370.55"
"36,20 : 597.44"
"36,21 : 339.91"
"36,22 : 540.78"
"36,23 : 404.59"
"36,24 : 645.76"
"36,25 : 674.24"
"36,26 : 231.14"
"36,27 : 286.64"
"36,28 : 254.62"
"36,29 : 424.29"
"36,30 : 379.31"
"36,31 : 366.51"
"36,32 : 334.82"
"36,33 : 728.09"
"36,34 : 395.74"
"36,35 : 516.5"
"36,36 : 0.0"
"36,37 : 348.67"
"36,38 : 391.68"
"36,39 : 296.89"
"36,40 : 152.12"
"36,41 : 368.2"
"36,42 : 538.4"
"36,43 : 655.69"
"36,44 : 638.46"
"36,45 : 274.59"
"36,46 : 192.2"
"36,47 : 346.22"
"36,48 : 505.81"
"36,49 : 727.54"
"37,0 : 979.21"
"37,1 : 265.19"
"37,2 : 862.67"
"37,3 : 718.78"
"37,4 : 670.08"
"37,5 : 788.01"
"37,6 : 495.02"
"37,7 : 890.25"
"37,8 : 568.72"
"37,9 : 177.8"
"37,10 : 341.98"
"37,11 : 662.19"
"37,12 : 212.19"
"37,13 : 189.62"
"37,14 : 146.17"
"37,15 : 36.06"
"37,16 : 712.66"
"37,17 : 643.39"
"37,18 : 644.22"
"37,19 : 593.16"
"37,20 : 917.22"
"37,21 : 90.97"
"37,22 : 232.02"
"37,23 : 733.92"
"37,24 : 954.74"
"37,25 : 514.67"
"37,26 : 187.3"
"37,27 : 271.82"
"37,28 : 580.22"
"37,29 : 756.06"
"37,30 : 716.35"
"37,31 : 715.07"
"37,32 : 95.8"
"37,33 : 1009.57"
"37,34 : 47.13"
"37,35 : 259.53"
"37,36 : 348.67"
"37,37 : 0.0"
"37,38 : 157.58"
"37,39 : 113.16"
"37,40 : 463.6"
"37,41 : 216.95"
"37,42 : 472.27"
"37,43 : 860.52"
"37,44 : 518.4"
"37,45 : 237.88"
"37,46 : 497.6"
"37,47 : 611.79"
"37,48 : 660.46"
"37,49 : 1015.9"
"38,0 : 917.15"
"38,1 : 363.26"
"38,2 : 819.16"
"38,3 : 569.64"
"38,4 : 740.62"
"38,5 : 647.48"
"38,6 : 530.5"
"38,7 : 847.17"
"38,8 : 488.84"
"38,9 : 333.22"
"38,10 : 186.82"
"38,11 : 520.22"
"38,12 : 315.57"
"38,13 : 322.82"
"38,14 : 302.56"
"38,15 : 155.6"
"38,16 : 610.54"
"38,17 : 590.61"
"38,18 : 679.92"
"38,19 : 703.63"
"38,20 : 889.5"
"38,21 : 247.78"
"38,22 : 157.81"
"38,23 : 722.36"
"38,24 : 916.67"
"38,25 : 358.92"
"38,26 : 163.69"
"38,27 : 412.95"
"38,28 : 574.59"
"38,29 : 746.13"
"38,30 : 714.36"
"38,31 : 744.7"
"38,32 : 251.96"
"38,33 : 950.62"
"38,34 : 159.14"
"38,35 : 127.49"
"38,36 : 391.68"
"38,37 : 157.58"
"38,38 : 0.0"
"38,39 : 260.41"
"38,40 : 533.53"
"38,41 : 79.16"
"38,42 : 320.9"
"38,43 : 768.12"
"38,44 : 360.85"
"38,45 : 378.3"
"38,46 : 486.68"
"38,47 : 707.73"
"38,48 : 559.36"
"38,49 : 961.18"
"39,0 : 976.47"
"39,1 : 179.03"
"39,2 : 848.23"
"39,3 : 797.75"
"39,4 : 583.8"
"39,5 : 855.85"
"39,6 : 437.36"
"39,7 : 874.95"
"39,8 : 590.17"
"39,9 : 80.06"
"39,10 : 447.22"
"39,11 : 733.3"
"39,12 : 129.77"
"39,13 : 81.61"
"39,14 : 59.23"
"39,15 : 104.81"
"39,16 : 746.69"
"39,17 : 641.76"
"39,18 : 580.49"
"39,19 : 487.16"
"39,20 : 890.37"
"39,21 : 45.88"
"39,22 : 343.91"
"39,23 : 699.77"
"39,24 : 934.65"
"39,25 : 619.14"
"39,26 : 222.06"
"39,27 : 158.69"
"39,28 : 547.3"
"39,29 : 720.18"
"39,30 : 676.04"
"39,31 : 653.42"
"39,32 : 39.56"
"39,33 : 1004.02"
"39,34 : 147.38"
"39,35 : 371.4"
"39,36 : 296.89"
"39,37 : 113.16"
"39,38 : 260.41"
"39,39 : 0.0"
"39,40 : 383.71"
"39,41 : 304.0"
"39,42 : 557.54"
"39,43 : 883.54"
"39,44 : 616.29"
"39,45 : 124.91"
"39,46 : 472.84"
"39,47 : 512.43"
"39,48 : 695.04"
"39,49 : 1007.08"
"40,0 : 732.32"
"40,1 : 204.69"
"40,2 : 581.16"
"40,3 : 863.48"
"40,4 : 208.29"
"40,5 : 869.42"
"40,6 : 118.11"
"40,7 : 602.76"
"40,8 : 489.39"
"40,9 : 402.24"
"40,10 : 683.64"
"40,11 : 776.72"
"40,12 : 255.67"
"40,13 : 310.93"
"40,14 : 415.38"
"40,15 : 431.97"
"40,16 : 652.71"
"40,17 : 448.79"
"40,18 : 211.48"
"40,19 : 234.0"
"40,20 : 585.05"
"40,21 : 429.59"
"40,22 : 675.37"
"40,23 : 392.75"
"40,24 : 644.18"
"40,25 : 826.36"
"40,26 : 378.34"
"40,27 : 305.12"
"40,28 : 274.8"
"40,29 : 405.86"
"40,30 : 354.7"
"40,31 : 284.19"
"40,32 : 423.19"
"40,33 : 749.45"
"40,34 : 509.91"
"40,35 : 660.33"
"40,36 : 152.12"
"40,37 : 463.6"
"40,38 : 533.53"
"40,39 : 383.71"
"40,40 : 0.0"
"40,41 : 517.35"
"40,42 : 688.2"
"40,43 : 731.19"
"40,44 : 789.99"
"40,45 : 310.63"
"40,46 : 259.03"
"40,47 : 196.76"
"40,48 : 612.98"
"40,49 : 742.89"
"41,0 : 843.75"
"41,1 : 370.22"
"41,2 : 750.91"
"41,3 : 501.84"
"41,4 : 720.09"
"41,5 : 573.89"
"41,6 : 497.32"
"41,7 : 778.89"
"41,8 : 413.79"
"41,9 : 382.03"
"41,10 : 167.72"
"41,11 : 447.19"
"41,12 : 329.02"
"41,13 : 352.93"
"41,14 : 353.86"
"41,15 : 203.73"
"41,16 : 531.7"
"41,17 : 521.54"
"41,18 : 643.31"
"41,19 : 706.81"
"41,20 : 825.6"
"41,21 : 301.53"
"41,22 : 221.33"
"41,23 : 665.45"
"41,24 : 849.46"
"41,25 : 327.52"
"41,26 : 139.71"
"41,27 : 444.77"
"41,28 : 522.29"
"41,29 : 689.56"
"41,30 : 661.18"
"41,31 : 704.31"
"41,32 : 304.4"
"41,33 : 877.82"
"41,34 : 229.56"
"41,35 : 160.64"
"41,36 : 368.2"
"41,37 : 216.95"
"41,38 : 79.16"
"41,39 : 304.0"
"41,40 : 517.35"
"41,41 : 0.0"
"41,42 : 255.89"
"41,43 : 689.93"
"41,44 : 314.52"
"41,45 : 410.79"
"41,46 : 434.4"
"41,47 : 701.87"
"41,48 : 480.68"
"41,49 : 889.34"
"42,0 : 760.53"
"42,1 : 591.0"
"42,2 : 712.33"
"42,3 : 249.02"
"42,4 : 868.63"
"42,5 : 336.54"
"42,6 : 628.59"
"42,7 : 738.22"
"42,8 : 360.8"
"42,9 : 636.6"
"42,10 : 194.12"
"42,11 : 210.68"
"42,12 : 560.12"
"42,13 : 597.94"
"42,14 : 609.2"
"42,15 : 459.41"
"42,16 : 395.13"
"42,17 : 499.96"
"42,18 : 751.77"
"42,19 : 906.22"
"42,20 : 808.93"
"42,21 : 557.35"
"42,22 : 392.44"
"42,23 : 695.8"
"42,24 : 811.67"
"42,25 : 180.6"
"42,26 : 357.76"
"42,27 : 688.77"
"42,28 : 587.18"
"42,29 : 719.47"
"42,30 : 708.4"
"42,31 : 796.34"
"42,32 : 560.09"
"42,33 : 798.09"
"42,34 : 479.93"
"42,35 : 299.49"
"42,36 : 538.4"
"42,37 : 472.27"
"42,38 : 320.9"
"42,39 : 557.54"
"42,40 : 688.2"
"42,41 : 255.89"
"42,42 : 0.0"
"42,43 : 556.92"
"42,44 : 115.73"
"42,45 : 656.07"
"42,46 : 511.98"
"42,47 : 884.27"
"42,48 : 356.03"
"42,49 : 816.9"
"43,0 : 236.17"
"43,1 : 792.53"
"43,2 : 286.57"
"43,3 : 469.12"
"43,4 : 793.85"
"43,5 : 371.23"
"43,6 : 614.92"
"43,7 : 297.44"
"43,8 : 293.66"
"43,9 : 955.08"
"43,10 : 733.48"
"43,11 : 406.04"
"43,12 : 800.56"
"43,13 : 871.04"
"43,14 : 942.38"
"43,15 : 829.68"
"43,16 : 163.69"
"43,17 : 282.43"
"43,18 : 627.69"
"43,19 : 952.8"
"43,20 : 392.59"
"43,21 : 910.59"
"43,22 : 900.59"
"43,23 : 429.12"
"43,24 : 353.39"
"43,25 : 723.26"
"43,26 : 674.6"
"43,27 : 934.48"
"43,28 : 464.72"
"43,29 : 439.3"
"43,30 : 471.63"
"43,31 : 617.35"
"43,32 : 909.06"
"43,33 : 273.0"
"43,34 : 893.35"
"43,35 : 816.36"
"43,36 : 655.69"
"43,37 : 860.52"
"43,38 : 768.12"
"43,39 : 883.54"
"43,40 : 731.19"
"43,41 : 689.93"
"43,42 : 556.92"
"43,43 : 0.0"
"43,44 : 649.41"
"43,45 : 915.12"
"43,46 : 475.56"
"43,47 : 889.78"
"43,48 : 211.02"
"43,49 : 299.33"
"44,0 : 862.84"
"44,1 : 675.42"
"44,2 : 822.98"
"44,3 : 261.23"
"44,4 : 976.27"
"44,5 : 373.04"
"44,6 : 737.33"
"44,7 : 848.37"
"44,8 : 474.56"
"44,9 : 692.29"
"44,10 : 186.68"
"44,11 : 263.05"
"44,12 : 639.08"
"44,13 : 667.37"
"44,14 : 662.44"
"44,15 : 512.97"
"44,16 : 492.15"
"44,17 : 614.26"
"44,18 : 864.3"
"44,19 : 1001.29"
"44,20 : 921.44"
"44,21 : 608.13"
"44,22 : 385.13"
"44,23 : 811.45"
"44,24 : 921.63"
"44,25 : 73.93"
"44,26 : 438.55"
"44,27 : 759.2"
"44,28 : 702.1"
"44,29 : 835.09"
"44,30 : 824.11"
"44,31 : 910.48"
"44,32 : 611.98"
"44,33 : 900.72"
"44,34 : 515.8"
"44,35 : 296.49"
"44,36 : 638.46"
"44,37 : 518.4"
"44,38 : 360.85"
"44,39 : 616.29"
"44,40 : 789.99"
"44,41 : 314.52"
"44,42 : 115.73"
"44,43 : 649.41"
"44,44 : 0.0"
"44,45 : 725.28"
"44,46 : 625.56"
"44,47 : 984.48"
"44,48 : 458.23"
"44,49 : 920.89"
"45,0 : 978.65"
"45,1 : 129.77"
"45,2 : 839.68"
"45,3 : 887.13"
"45,4 : 493.36"
"45,5 : 933.67"
"45,6 : 392.24"
"45,7 : 864.89"
"45,8 : 627.69"
"45,9 : 97.67"
"45,10 : 564.11"
"45,11 : 815.94"
"45,12 : 115.35"
"45,13 : 58.18"
"45,14 : 121.04"
"45,15 : 225.09"
"45,16 : 792.46"
"45,17 : 653.01"
"45,18 : 520.27"
"45,19 : 370.47"
"45,20 : 866.89"
"45,21 : 160.35"
"45,22 : 468.73"
"45,23 : 672.2"
"45,24 : 918.1"
"45,25 : 734.16"
"45,26 : 301.5"
"45,27 : 34.66"
"45,28 : 526.93"
"45,29 : 689.99"
"45,30 : 641.85"
"45,31 : 593.62"
"45,32 : 153.38"
"45,33 : 1002.66"
"45,34 : 271.3"
"45,35 : 494.31"
"45,36 : 274.59"
"45,37 : 237.88"
"45,38 : 378.3"
"45,39 : 124.91"
"45,40 : 310.63"
"45,41 : 410.79"
"45,42 : 656.07"
"45,43 : 915.12"
"45,44 : 725.28"
"45,45 : 0.0"
"45,46 : 466.27"
"45,47 : 404.98"
"45,48 : 742.61"
"45,49 : 1002.06"
"46,0 : 512.37"
"46,1 : 336.93"
"46,2 : 376.38"
"46,3 : 639.31"
"46,4 : 377.66"
"46,5 : 627.2"
"46,6 : 149.83"
"46,7 : 402.68"
"46,8 : 236.38"
"46,9 : 528.64"
"46,10 : 575.06"
"46,11 : 549.19"
"46,12 : 360.15"
"46,13 : 434.07"
"46,14 : 525.8"
"46,15 : 461.62"
"46,16 : 394.97"
"46,17 : 195.5"
"46,18 : 241.07"
"46,19 : 489.36"
"46,20 : 420.22"
"46,21 : 511.65"
"46,22 : 644.49"
"46,23 : 238.07"
"46,24 : 461.9"
"46,25 : 678.6"
"46,26 : 329.67"
"46,27 : 478.82"
"46,28 : 88.06"
"46,29 : 261.18"
"46,30 : 227.71"
"46,31 : 285.27"
"46,32 : 507.67"
"46,33 : 536.77"
"46,34 : 542.18"
"46,35 : 595.02"
"46,36 : 192.2"
"46,37 : 497.6"
"46,38 : 486.68"
"46,39 : 472.84"
"46,40 : 259.03"
"46,41 : 434.4"
"46,42 : 511.98"
"46,43 : 475.56"
"46,44 : 625.56"
"46,45 : 466.27"
"46,46 : 0.0"
"46,47 : 437.19"
"46,48 : 357.8"
"46,49 : 537.31"
"47,0 : 850.01"
"47,1 : 348.94"
"47,2 : 695.01"
"47,3 : 1058.78"
"47,4 : 137.31"
"47,5 : 1060.19"
"47,6 : 287.4"
"47,7 : 711.48"
"47,8 : 673.26"
"47,9 : 502.36"
"47,10 : 869.5"
"47,11 : 971.29"
"47,12 : 401.07"
"47,13 : 431.14"
"47,14 : 525.3"
"47,15 : 585.31"
"47,16 : 830.68"
"47,17 : 610.95"
"47,18 : 279.11"
"47,19 : 80.53"
"47,20 : 669.6"
"47,21 : 556.06"
"47,22 : 837.7"
"47,23 : 498.0"
"47,24 : 736.42"
"47,25 : 1018.19"
"47,26 : 562.23"
"47,27 : 383.38"
"47,28 : 425.47"
"47,29 : 502.57"
"47,30 : 453.07"
"47,31 : 327.35"
"47,32 : 549.04"
"47,33 : 859.98"
"47,34 : 654.75"
"47,35 : 835.16"
"47,36 : 346.22"
"47,37 : 611.79"
"47,38 : 707.73"
"47,39 : 512.43"
"47,40 : 196.76"
"47,41 : 701.87"
"47,42 : 884.27"
"47,43 : 889.78"
"47,44 : 984.48"
"47,45 : 404.98"
"47,46 : 437.19"
"47,47 : 0.0"
"47,48 : 794.94"
"47,49 : 847.65"
"48,0 : 405.01"
"48,1 : 628.81"
"48,2 : 376.07"
"48,3 : 337.64"
"48,4 : 725.6"
"48,5 : 286.01"
"48,6 : 507.63"
"48,7 : 399.1"
"48,8 : 123.97"
"48,9 : 770.37"
"48,10 : 524.59"
"48,11 : 252.86"
