x,y
8,468
277,159
222,21
810,288
294,476
148,294
932,7
26,259
79,37
352,403
581,921
981,840
755,545
234,112
813,754
852,804
271,821
265,845
765,902
614,522
979,676
386,511
289,257
485,714
12,412
842,152
421,925
633,161
616,85
41,5
308,140
74,915
677,377
845,723
767,46
40,498
63,268
605,358
305,488
116,779
20,555
266,886
990,267
465,859
992,281
858,805
329,342
187,909
107,912
364,83

Distanze
"0,0 : 0.0"
"0,1 : 409.69"
"0,2 : 495.59"
"0,3 : 821.95"
"0,4 : 286.11"
"0,5 : 223.33"
"0,6 : 1032.62"
"0,7 : 209.77"
"0,8 : 436.81"
"0,9 : 350.09"
"0,10 : 730.44"
"0,11 : 1041.69"
"0,12 : 750.96"
"0,13 : 421.68"
"0,14 : 854.3"
"0,15 : 908.42"
"0,16 : 440.2"
"0,17 : 456.27"
"0,18 : 872.59"
"0,19 : 608.4"
"0,20 : 993.03"
"0,21 : 380.44"
"0,22 : 351.4"
"0,23 : 536.7"
"0,24 : 56.14"
"0,25 : 891.86"
"0,26 : 615.97"
"0,27 : 696.33"
"0,28 : 718.58"
"0,29 : 464.17"
"0,30 : 444.5"
"0,31 : 451.85"
"0,32 : 675.16"
"0,33 : 874.98"
"0,34 : 868.43"
"0,35 : 43.86"
"0,36 : 207.42"
"0,37 : 607.05"
"0,38 : 297.67"
"0,39 : 329.22"
"0,40 : 87.82"
"0,41 : 491.21"
"0,42 : 1002.36"
"0,43 : 601.44"
"0,44 : 1001.61"
"0,45 : 914.37"
"0,46 : 344.84"
"0,47 : 475.94"
"0,48 : 454.9"
"0,49 : 524.37"
"1,0 : 409.69"
"1,1 : 0.0"
"1,2 : 148.56"
"1,3 : 548.39"
"1,4 : 317.46"
"1,5 : 186.72"
"1,6 : 672.41"
"1,7 : 270.19"
"1,8 : 232.57"
"1,9 : 255.27"
"1,10 : 820.4"
"1,11 : 979.48"
"1,12 : 614.39"
"1,13 : 63.7"
"1,14 : 800.83"
"1,15 : 864.09"
"1,16 : 662.03"
"1,17 : 686.1"
"1,18 : 888.93"
"1,19 : 495.32"
"1,20 : 871.83"
"1,21 : 368.49"
"1,22 : 98.73"
"1,23 : 592.7"
"1,24 : 366.38"
"1,25 : 565.04"
"1,26 : 779.42"
"1,27 : 356.01"
"1,28 : 346.98"
"1,29 : 281.8"
"1,30 : 36.36"
"1,31 : 782.78"
"1,32 : 455.55"
"1,33 : 800.45"
"1,34 : 502.86"
"1,35 : 413.63"
"1,36 : 240.16"
"1,37 : 383.65"
"1,38 : 330.19"
"1,39 : 640.56"
"1,40 : 472.09"
"1,41 : 727.08"
"1,42 : 721.13"
"1,43 : 724.81"
"1,44 : 725.33"
"1,45 : 868.84"
"1,46 : 190.24"
"1,47 : 755.38"
"1,48 : 771.95"
"1,49 : 115.52"
"2,0 : 495.59"
"2,1 : 148.56"
"2,2 : 0.0"
"2,3 : 645.78"
"2,4 : 460.66"
"2,5 : 282.85"
"2,6 : 710.14"
"2,7 : 308.32"
"2,8 : 143.89"
"2,9 : 403.51"
"2,10 : 968.96"
"2,11 : 1116.62"
"2,12 : 747.44"
"2,13 : 91.79"
"2,14 : 941.58"
"2,15 : 1004.98"
"2,16 : 801.5"
"2,17 : 825.12"
"2,18 : 1034.9"
"2,19 : 636.13"
"2,20 : 1001.04"
"2,21 : 516.72"
"2,22 : 245.33"
"2,23 : 741.23"
"2,24 : 443.83"
"2,25 : 633.69"
"2,26 : 925.64"
"2,27 : 434.19"
"2,28 : 399.16"
"2,29 : 181.71"
"2,30 : 146.82"
"2,31 : 906.17"
"2,32 : 577.72"
"2,33 : 938.58"
"2,34 : 545.57"
"2,35 : 510.54"
"2,36 : 293.75"
"2,37 : 510.15"
"2,38 : 474.32"
"2,39 : 765.38"
"2,40 : 570.93"
"2,41 : 866.12"
"2,42 : 806.44"
"2,43 : 872.52"
"2,44 : 812.71"
"2,45 : 1009.53"
"2,46 : 338.36"
"2,47 : 888.69"
"2,48 : 898.39"
"2,49 : 154.95"
"3,0 : 821.95"
"3,1 : 548.39"
"3,2 : 645.78"
"3,3 : 0.0"
"3,4 : 549.18"
"3,5 : 662.03"
"3,6 : 306.34"
"3,7 : 784.54"
"3,8 : 772.89"
"3,9 : 472.22"
"3,10 : 673.15"
"3,11 : 577.88"
"3,12 : 262.82"
"3,13 : 602.29"
"3,14 : 466.01"
"3,15 : 517.71"
"3,16 : 758.03"
"3,17 : 779.28"
"3,18 : 615.65"
"3,19 : 305.24"
"3,20 : 423.21"
"3,21 : 479.07"
"3,22 : 521.92"
"3,23 : 535.82"
"3,24 : 807.58"
"3,25 : 139.71"
"3,26 : 746.38"
"3,27 : 217.85"
"3,28 : 280.79"
"3,29 : 819.42"
"3,30 : 523.36"
"3,31 : 966.86"
"3,32 : 160.03"
"3,33 : 436.41"
"3,34 : 245.79"
"3,35 : 798.12"
"3,36 : 747.27"
"3,37 : 216.62"
"3,38 : 543.16"
"3,39 : 850.13"
"3,40 : 833.9"
"3,41 : 808.42"
"3,42 : 181.22"
"3,43 : 667.13"
"3,44 : 182.13"
"3,45 : 519.22"
"3,46 : 484.02"
"3,47 : 879.64"
"3,48 : 939.99"
"3,49 : 490.86"
"4,0 : 286.11"
"4,1 : 317.46"
"4,2 : 460.66"
"4,3 : 549.18"
"4,4 : 0.0"
"4,5 : 233.32"
"4,6 : 791.84"
"4,7 : 344.84"
"4,8 : 488.82"
"4,9 : 93.24"
"4,10 : 529.52"
"4,11 : 777.47"
"4,12 : 466.14"
"4,13 : 368.91"
"4,14 : 588.77"
"4,15 : 647.26"
"4,16 : 345.77"
"4,17 : 370.14"
"4,18 : 635.07"
"4,19 : 323.29"
"4,20 : 713.6"
"4,21 : 98.43"
"4,22 : 219.06"
"4,23 : 305.16"
"4,24 : 289.17"
"4,25 : 636.62"
"4,26 : 466.62"
"4,27 : 462.76"
"4,28 : 506.52"
"4,29 : 534.65"
"4,30 : 336.29"
"4,31 : 491.04"
"4,32 : 395.59"
"4,33 : 603.83"
"4,34 : 639.24"
"4,35 : 254.95"
"4,36 : 310.85"
"4,37 : 332.63"
"4,38 : 16.28"
"4,39 : 351.42"
"4,40 : 285.16"
"4,41 : 410.95"
"4,42 : 726.7"
"4,43 : 419.44"
"4,44 : 724.73"
"4,45 : 652.94"
"4,46 : 138.5"
"4,47 : 446.02"
"4,48 : 474.41"
"4,49 : 399.19"
"5,0 : 223.33"
"5,1 : 186.72"
"5,2 : 282.85"
"5,3 : 662.03"
"5,4 : 233.32"
"5,5 : 0.0"
"5,6 : 834.88"
"5,7 : 126.92"
"5,8 : 266.1"
"5,9 : 231.29"
"5,10 : 761.98"
"5,11 : 995.99"
"5,12 : 656.85"
"5,13 : 201.3"
"5,14 : 808.59"
"5,15 : 869.32"
"5,16 : 541.16"
"5,17 : 563.29"
"5,18 : 866.23"
"5,19 : 518.79"
"5,20 : 914.6"
"5,21 : 322.08"
"5,22 : 145.77"
"5,23 : 538.49"
"5,24 : 180.06"
"5,25 : 708.38"
"5,26 : 687.52"
"5,27 : 502.91"
"5,28 : 512.55"
"5,29 : 308.17"
"5,30 : 222.07"
"5,31 : 625.39"
"5,32 : 535.47"
"5,33 : 818.44"
"5,34 : 666.83"
"5,35 : 230.82"
"5,36 : 88.89"
"5,37 : 461.46"
"5,38 : 249.57"
"5,39 : 486.05"
"5,40 : 290.7"
"5,41 : 603.65"
"5,42 : 842.43"
"5,43 : 647.85"
"5,44 : 844.1"
"5,45 : 874.77"
"5,46 : 187.26"
"5,47 : 616.24"
"5,48 : 619.36"
"5,49 : 301.96"
"6,0 : 1032.62"
"6,1 : 672.41"
"6,2 : 710.14"
"6,3 : 306.34"
"6,4 : 791.84"
"6,5 : 834.88"
"6,6 : 0.0"
"6,7 : 940.39"
"6,8 : 853.53"
"6,9 : 702.29"
"6,10 : 979.08"
"6,11 : 834.44"
"6,12 : 566.37"
"6,13 : 705.85"
"6,14 : 756.42"
"6,15 : 801.0"
"6,16 : 1048.58"
"6,17 : 1071.04"
"6,18 : 910.45"
"6,19 : 605.27"
"6,20 : 670.65"
"6,21 : 743.06"
"6,22 : 689.89"
"6,23 : 836.46"
"6,24 : 1005.2"
"6,25 : 170.66"
"6,26 : 1050.64"
"6,27 : 336.33"
"6,28 : 325.48"
"6,29 : 891.0"
"6,30 : 638.02"
"6,31 : 1249.25"
"6,32 : 449.36"
"6,33 : 721.27"
"6,34 : 169.55"
"6,35 : 1018.21"
"6,36 : 907.35"
"6,37 : 479.72"
"6,38 : 790.25"
"6,39 : 1123.32"
"6,40 : 1063.98"
"6,41 : 1102.81"
"6,42 : 266.39"
"6,43 : 971.59"
"6,44 : 280.49"
"6,45 : 801.42"
"6,46 : 689.81"
"6,47 : 1169.88"
"6,48 : 1224.6"
"6,49 : 573.06"
"7,0 : 209.77"
"7,1 : 270.19"
"7,2 : 308.32"
"7,3 : 784.54"
"7,4 : 344.84"
"7,5 : 126.92"
"7,6 : 940.39"
"7,7 : 0.0"
"7,8 : 228.24"
"7,9 : 356.39"
"7,10 : 863.87"
"7,11 : 1117.85"
"7,12 : 783.09"
"7,13 : 254.7"
"7,14 : 929.73"
"7,15 : 989.6"
"7,16 : 613.08"
"7,17 : 632.86"
"7,18 : 979.58"
"7,19 : 644.14"
"7,20 : 1040.24"
"7,21 : 439.44"
"7,22 : 263.01"
"7,23 : 646.3"
"7,24 : 153.64"
"7,25 : 822.99"
"7,26 : 774.33"
"7,27 : 614.86"
"7,28 : 615.12"
"7,29 : 254.44"
"7,30 : 306.08"
"7,31 : 657.75"
"7,32 : 661.61"
"7,33 : 941.31"
"7,34 : 771.01"
"7,35 : 239.41"
"7,36 : 38.08"
"7,37 : 587.4"
"7,38 : 360.95"
"7,39 : 527.73"
"7,40 : 296.06"
"7,41 : 671.36"
"7,42 : 964.03"
"7,43 : 743.45"
"7,44 : 966.25"
"7,45 : 995.16"
"7,46 : 314.16"
"7,47 : 669.64"
"7,48 : 658.0"
"7,49 : 381.08"
"8,0 : 436.81"
"8,1 : 232.57"
"8,2 : 143.89"
"8,3 : 772.89"
"8,4 : 488.82"
"8,5 : 266.1"
"8,6 : 853.53"
"8,7 : 228.24"
"8,8 : 0.0"
"8,9 : 456.6"
"8,10 : 1016.59"
"8,11 : 1207.65"
"8,12 : 845.6"
"8,13 : 172.19"
"8,14 : 1026.08"
"8,15 : 1088.95"
"8,16 : 807.17"
"8,17 : 829.13"
"8,18 : 1104.0"
"8,19 : 722.11"
"8,20 : 1103.78"
"8,21 : 564.73"
"8,22 : 304.14"
"8,23 : 789.41"
"8,24 : 380.94"
"8,25 : 771.62"
"8,26 : 951.58"
"8,27 : 567.71"
"8,28 : 539.14"
"8,29 : 49.68"
"8,30 : 251.1"
"8,31 : 878.01"
"8,32 : 687.9"
"8,33 : 1028.28"
"8,34 : 688.06"
"8,35 : 462.65"
"8,36 : 231.55"
"8,37 : 616.21"
"8,38 : 504.46"
"8,39 : 742.92"
"8,40 : 521.35"
"8,41 : 869.35"
"8,42 : 939.59"
"8,43 : 908.12"
"8,44 : 945.04"
"8,45 : 1093.92"
"8,46 : 394.37"
"8,47 : 878.66"
"8,48 : 875.45"
"8,49 : 288.69"
"9,0 : 350.09"
"9,1 : 255.27"
"9,2 : 403.51"
"9,3 : 472.22"
"9,4 : 93.24"
"9,5 : 231.29"
"9,6 : 702.29"
"9,7 : 356.39"
"9,8 : 456.6"
"9,9 : 0.0"
"9,10 : 566.36"
"9,11 : 765.9"
"9,12 : 427.29"
"9,13 : 314.01"
"9,14 : 579.42"
"9,15 : 640.94"
"9,16 : 425.78"
"9,17 : 450.48"
"9,18 : 647.74"
"9,19 : 287.76"
"9,20 : 683.86"
"9,21 : 113.23"
"9,22 : 159.01"
"9,23 : 338.25"
"9,24 : 340.12"
"9,25 : 550.55"
"9,26 : 526.54"
"9,27 : 370.84"
"9,28 : 413.3"
"9,29 : 505.1"
"9,30 : 266.66"
"9,31 : 582.6"
"9,32 : 326.04"
"9,33 : 587.75"
"9,34 : 547.42"
"9,35 : 326.14"
"9,36 : 318.98"
"9,37 : 256.97"
"9,38 : 97.13"
"9,39 : 443.93"
"9,40 : 365.14"
"9,41 : 490.6"
"9,42 : 652.33"
"9,43 : 469.79"
"9,44 : 651.52"
"9,45 : 646.25"
"9,46 : 65.19"
"9,47 : 532.22"
"9,48 : 564.89"
"9,49 : 320.22"
"10,0 : 730.44"
"10,1 : 820.4"
"10,2 : 968.96"
"10,3 : 673.15"
"10,4 : 529.52"
"10,5 : 761.98"
"10,6 : 979.08"
"10,7 : 863.87"
"10,8 : 1016.59"
"10,9 : 566.36"
"10,10 : 0.0"
"10,11 : 408.12"
"10,12 : 414.31"
"10,13 : 880.28"
"10,14 : 285.85"
"10,15 : 295.18"
"10,16 : 325.73"
"10,17 : 325.01"
"10,18 : 184.98"
"10,19 : 400.36"
"10,20 : 467.36"
"10,21 : 454.01"
"10,22 : 725.37"
"10,23 : 228.18"
"10,24 : 763.44"
"10,25 : 812.08"
"10,26 : 160.05"
"10,27 : 761.78"
"10,28 : 836.73"
"10,29 : 1063.32"
"10,30 : 827.34"
"10,31 : 507.04"
"10,32 : 552.41"
"10,33 : 330.0"
"10,34 : 894.55"
"10,35 : 686.74"
"10,36 : 833.51"
"10,37 : 563.51"
"10,38 : 513.48"
"10,39 : 486.2"
"10,40 : 669.83"
"10,41 : 316.94"
"10,42 : 771.36"
"10,43 : 131.53"
"10,44 : 760.61"
"10,45 : 300.31"
"10,46 : 631.46"
"10,47 : 394.18"
"10,48 : 474.09"
"10,49 : 865.64"
"11,0 : 1041.69"
"11,1 : 979.48"
"11,2 : 1116.62"
"11,3 : 577.88"
"11,4 : 777.47"
"11,5 : 995.99"
"11,6 : 834.44"
"11,7 : 1117.85"
"11,8 : 1207.65"
"11,9 : 765.9"
"11,10 : 408.12"
"11,11 : 0.0"
"11,12 : 371.62"
"11,13 : 1043.07"
"11,14 : 188.73"
"11,15 : 133.93"
"11,16 : 710.25"
"11,17 : 716.02"
"11,18 : 224.72"
"11,19 : 485.61"
"11,20 : 164.01"
"11,21 : 679.9"
"11,22 : 904.85"
"11,23 : 511.75"
"11,24 : 1059.31"
"11,25 : 701.9"
"11,26 : 566.41"
"11,27 : 762.98"
"11,28 : 838.6"
"11,29 : 1257.31"
"11,30 : 971.05"
"11,31 : 910.1"
"11,32 : 553.88"
"11,33 : 179.4"
"11,34 : 822.33"
"11,35 : 1001.22"
"11,36 : 1081.62"
"11,37 : 611.31"
"11,38 : 762.15"
"11,39 : 867.15"
"11,40 : 1002.37"
"11,41 : 716.48"
"11,42 : 573.07"
"11,43 : 516.35"
"11,44 : 559.11"
"11,45 : 127.88"
"11,46 : 820.43"
"11,47 : 796.99"
"11,48 : 876.96"
"11,49 : 976.6"
"12,0 : 750.96"
"12,1 : 614.39"
"12,2 : 747.44"
"12,3 : 262.82"
"12,4 : 466.14"
"12,5 : 656.85"
"12,6 : 566.37"
"12,7 : 783.09"
"12,8 : 845.6"
"12,9 : 427.29"
"12,10 : 414.31"
"12,11 : 371.62"
"12,12 : 0.0"
"12,13 : 677.44"
"12,14 : 216.9"
"12,15 : 276.57"
"12,16 : 557.16"
"12,17 : 574.54"
"12,18 : 357.14"
"12,19 : 142.86"
"12,20 : 259.49"
"12,21 : 370.56"
"12,22 : 547.81"
"12,23 : 318.53"
"12,24 : 754.81"
"12,25 : 402.51"
"12,26 : 505.92"
"12,27 : 402.91"
"12,28 : 480.54"
"12,29 : 895.21"
"12,30 : 603.19"
"12,31 : 775.02"
"12,32 : 185.22"
"12,33 : 199.46"
"12,34 : 499.14"
"12,35 : 716.54"
"12,36 : 745.38"
"12,37 : 239.73"
"12,38 : 453.6"
"12,39 : 680.5"
"12,40 : 735.07"
"12,41 : 596.16"
"12,42 : 364.02"
"12,43 : 427.43"
"12,44 : 354.77"
"12,45 : 279.66"
"12,46 : 471.9"
"12,47 : 674.63"
"12,48 : 744.71"
"12,49 : 605.25"
"13,0 : 421.68"
"13,1 : 63.7"
"13,2 : 91.79"
"13,3 : 602.29"
"13,4 : 368.91"
"13,5 : 201.3"
"13,6 : 705.85"
"13,7 : 254.7"
"13,8 : 172.19"
"13,9 : 314.01"
"13,10 : 880.28"
"13,11 : 1043.07"
"13,12 : 677.44"
"13,13 : 0.0"
"13,14 : 864.53"
"13,15 : 927.79"
"13,16 : 709.96"
"13,17 : 733.66"
"13,18 : 951.87"
"13,19 : 559.02"
"13,20 : 934.41"
"13,21 : 426.97"
"13,22 : 155.08"
"13,23 : 652.23"
"13,24 : 373.21"
"13,25 : 609.31"
"13,26 : 834.23"
"13,27 : 402.0"
"13,28 : 382.95"
"13,29 : 220.68"
"13,30 : 79.12"
"13,31 : 818.79"
"13,32 : 516.21"
"13,33 : 864.08"
"13,34 : 537.07"
"13,35 : 432.01"
"13,36 : 231.47"
"13,37 : 445.15"
"13,38 : 382.64"
"13,39 : 677.36"
"13,40 : 491.98"
"13,41 : 774.66"
"13,42 : 771.73"
"13,43 : 781.9"
"13,44 : 776.61"
"13,45 : 932.54"
"13,46 : 248.85"
"13,47 : 798.38"
"13,48 : 810.02"
"13,49 : 133.2"
"14,0 : 854.3"
"14,1 : 800.83"
"14,2 : 941.58"
"14,3 : 466.01"
"14,4 : 588.77"
"14,5 : 808.59"
"14,6 : 756.42"
"14,7 : 929.73"
"14,8 : 1026.08"
"14,9 : 579.42"
"14,10 : 285.85"
"14,11 : 188.73"
"14,12 : 216.9"
"14,13 : 864.53"
"14,14 : 0.0"
"14,15 : 63.41"
"14,16 : 546.13"
"14,17 : 555.5"
"14,18 : 155.59"
"14,19 : 305.66"
"14,20 : 183.41"
"14,21 : 491.3"
"14,22 : 722.21"
"14,23 : 330.43"
"14,24 : 870.96"
"14,25 : 602.7"
"14,26 : 427.67"
"14,27 : 619.72"
"14,28 : 697.4"
"14,29 : 1075.63"
"14,30 : 795.0"
"14,31 : 756.33"
"14,32 : 400.78"
"14,33 : 44.55"
"14,34 : 709.49"
"14,35 : 814.29"
"14,36 : 893.7"
"14,37 : 447.3"
"14,38 : 573.43"
"14,39 : 697.45"
"14,40 : 817.59"
"14,41 : 562.7"
"14,42 : 518.17"
"14,43 : 363.5"
"14,44 : 505.74"
"14,45 : 68.01"
"14,46 : 635.61"
"14,47 : 644.9"
"14,48 : 723.46"
"14,49 : 807.37"
"15,0 : 908.42"
"15,1 : 864.09"
"15,2 : 1004.98"
"15,3 : 517.71"
"15,4 : 647.26"
"15,5 : 869.32"
"15,6 : 801.0"
"15,7 : 989.6"
"15,8 : 1088.95"
"15,9 : 640.94"
"15,10 : 295.18"
"15,11 : 133.93"
"15,12 : 276.57"
"15,13 : 927.79"
"15,14 : 63.41"
"15,15 : 0.0"
"15,16 : 581.25"
"15,17 : 588.43"
"15,18 : 131.05"
"15,19 : 369.01"
"15,20 : 180.31"
"15,21 : 550.46"
"15,22 : 784.97"
"15,23 : 377.87"
"15,24 : 926.96"
"15,25 : 652.08"
"15,26 : 447.66"
"15,27 : 679.27"
"15,28 : 756.74"
"15,29 : 1138.47"
"15,30 : 858.39"
"15,31 : 785.88"
"15,32 : 461.47"
"15,33 : 81.3"
"15,34 : 762.75"
"15,35 : 867.74"
"15,36 : 953.84"
"15,37 : 509.83"
"15,38 : 631.72"
"15,39 : 736.42"
"15,40 : 868.46"
"15,41 : 591.71"
"15,42 : 554.45"
"15,43 : 390.89"
"15,44 : 541.41"
"15,45 : 6.08"
"15,46 : 697.83"
"15,47 : 673.24"
"15,48 : 752.79"
"15,49 : 870.62"
"16,0 : 440.2"
"16,1 : 662.03"
"16,2 : 801.5"
"16,3 : 758.03"
"16,4 : 345.77"
"16,5 : 541.16"
"16,6 : 1048.58"
"16,7 : 613.08"
"16,8 : 807.17"
"16,9 : 425.78"
"16,10 : 325.73"
"16,11 : 710.25"
"16,12 : 557.16"
"16,13 : 709.96"
"16,14 : 546.13"
"16,15 : 581.25"
"16,16 : 0.0"
"16,17 : 24.74"
"16,18 : 500.6"
"16,19 : 455.03"
"16,20 : 722.7"
"16,21 : 330.64"
"16,22 : 564.29"
"16,23 : 239.26"
"16,24 : 484.11"
"16,25 : 879.55"
"16,26 : 182.53"
"16,27 : 752.76"
"16,28 : 812.85"
"16,29 : 847.79"
"16,30 : 682.0"
"16,31 : 218.28"
"16,32 : 601.64"
"16,33 : 582.31"
"16,34 : 920.13"
"16,35 : 397.1"
"16,36 : 590.82"
"16,37 : 570.9"
"16,38 : 334.73"
"16,39 : 160.59"
"16,40 : 365.73"
"16,41 : 65.19"
"16,42 : 907.68"
"16,43 : 197.69"
"16,44 : 900.8"
"16,45 : 587.22"
"16,46 : 482.5"
"16,47 : 121.66"
"16,48 : 187.56"
"16,49 : 743.84"
"17,0 : 456.27"
"17,1 : 686.1"
"17,2 : 825.12"
"17,3 : 779.28"
"17,4 : 370.14"
"17,5 : 563.29"
"17,6 : 1071.04"
"17,7 : 632.86"
"17,8 : 829.13"
"17,9 : 450.48"
"17,10 : 325.01"
"17,11 : 716.02"
"17,12 : 574.54"
"17,13 : 733.66"
"17,14 : 555.5"
"17,15 : 588.43"
"17,16 : 24.74"
"17,17 : 0.0"
"17,18 : 503.24"
"17,19 : 475.53"
"17,20 : 733.73"
"17,21 : 355.24"
"17,22 : 588.49"
"17,23 : 256.05"
"17,24 : 501.5"
"17,25 : 901.76"
"17,26 : 175.32"
"17,27 : 776.71"
"17,28 : 837.14"
"17,29 : 869.35"
"17,30 : 706.31"
"17,31 : 203.42"
"17,32 : 623.51"
"17,33 : 592.69"
"17,34 : 943.61"
"17,35 : 413.56"
"17,36 : 611.34"
"17,37 : 593.94"
"17,38 : 359.23"
"17,39 : 162.96"
"17,40 : 379.64"
"17,41 : 41.01"
"17,42 : 927.2"
"17,43 : 200.49"
"17,44 : 920.12"
"17,45 : 594.35"
"17,46 : 507.06"
"17,47 : 100.9"
"17,48 : 171.62"
"17,49 : 768.4"
"18,0 : 872.59"
"18,1 : 888.93"
"18,2 : 1034.9"
"18,3 : 615.65"
"18,4 : 635.07"
"18,5 : 866.23"
"18,6 : 910.45"
"18,7 : 979.58"
"18,8 : 1104.0"
"18,9 : 647.74"
"18,10 : 184.98"
"18,11 : 224.72"
"18,12 : 357.14"
"18,13 : 951.87"
"18,14 : 155.59"
"18,15 : 131.05"
"18,16 : 500.6"
"18,17 : 503.24"
"18,18 : 0.0"
"18,19 : 408.9"
"18,20 : 311.24"
"18,21 : 544.54"
"18,22 : 801.62"
"18,23 : 337.26"
"18,24 : 898.39"
"18,25 : 753.94"
"18,26 : 344.77"
"18,27 : 752.67"
"18,28 : 830.48"
"18,29 : 1152.73"
"18,30 : 888.53"
"18,31 : 691.12"
"18,32 : 532.32"
"18,33 : 196.06"
"18,34 : 856.0"
"18,35 : 829.96"
"18,36 : 945.92"
"18,37 : 567.04"
"18,38 : 618.87"
"18,39 : 660.55"
"18,40 : 821.85"
"18,41 : 499.26"
"18,42 : 673.68"
"18,43 : 303.07"
"18,44 : 661.19"
"18,45 : 134.38"
"18,46 : 709.72"
"18,47 : 578.04"
"18,48 : 658.08"
"18,49 : 911.9"
"19,0 : 608.4"
"19,1 : 495.32"
"19,2 : 636.13"
"19,3 : 305.24"
"19,4 : 323.29"
"19,5 : 518.79"
"19,6 : 605.27"
"19,7 : 644.14"
"19,8 : 722.11"
"19,9 : 287.76"
"19,10 : 400.36"
"19,11 : 485.61"
"19,12 : 142.86"
"19,13 : 559.02"
"19,14 : 305.66"
"19,15 : 369.01"
"19,16 : 455.03"
"19,17 : 475.53"
"19,18 : 408.9"
"19,19 : 0.0"
"19,20 : 396.16"
"19,21 : 228.27"
"19,22 : 419.34"
"19,23 : 231.31"
"19,24 : 611.97"
"19,25 : 434.61"
"19,26 : 446.83"
"19,27 : 361.5"
"19,28 : 437.0"
"19,29 : 771.76"
"19,30 : 489.45"
"19,31 : 667.87"
"19,32 : 158.09"
"19,33 : 306.21"
"19,34 : 499.98"
"19,35 : 574.5"
"19,36 : 606.73"
"19,37 : 164.25"
"19,38 : 310.86"
"19,39 : 560.4"
"19,40 : 594.92"
"19,41 : 503.59"
"19,42 : 454.31"
"19,43 : 368.47"
"19,44 : 448.29"
"19,45 : 373.66"
"19,46 : 337.08"
"19,47 : 576.28"
"19,48 : 639.65"
"19,49 : 505.19"
"20,0 : 993.03"
"20,1 : 871.83"
"20,2 : 1001.04"
"20,3 : 423.21"
"20,4 : 713.6"
"20,5 : 914.6"
"20,6 : 670.65"
"20,7 : 1040.24"
"20,8 : 1103.78"
"20,9 : 683.86"
"20,10 : 467.36"
"20,11 : 164.01"
"20,12 : 259.49"
"20,13 : 934.41"
"20,14 : 183.41"
"20,15 : 180.31"
"20,16 : 722.7"
"20,17 : 733.73"
"20,18 : 311.24"
"20,19 : 396.16"
"20,20 : 0.0"
"20,21 : 615.53"
"20,22 : 807.26"
"20,23 : 495.46"
"20,24 : 1002.39"
"20,25 : 541.61"
"20,26 : 611.04"
"20,27 : 620.44"
"20,28 : 693.58"
"20,29 : 1153.29"
"20,30 : 858.8"
"20,31 : 936.03"
"20,32 : 424.98"
"20,33 : 142.0"
"20,34 : 664.71"
"20,35 : 955.72"
"20,36 : 1002.76"
"20,37 : 490.92"
"20,38 : 699.73"
"20,39 : 869.12"
"20,40 : 966.6"
"20,41 : 743.28"
"20,42 : 409.15"
"20,43 : 545.61"
"20,44 : 395.21"
"20,45 : 176.87"
"20,46 : 730.79"
"20,47 : 825.56"
"20,48 : 903.37"
"20,49 : 854.33"
"21,0 : 380.44"
"21,1 : 368.49"
"21,2 : 516.72"
"21,3 : 479.07"
"21,4 : 98.43"
"21,5 : 322.08"
"21,6 : 743.06"
"21,7 : 439.44"
"21,8 : 564.73"
"21,9 : 113.23"
"21,10 : 454.01"
"21,11 : 679.9"
"21,12 : 370.56"
"21,13 : 426.97"
"21,14 : 491.3"
"21,15 : 550.46"
"21,16 : 330.64"
"21,17 : 355.24"
"21,18 : 544.54"
"21,19 : 228.27"
"21,20 : 615.53"
"21,21 : 0.0"
"21,22 : 271.89"
"21,23 : 225.85"
"21,24 : 386.88"
"21,25 : 580.36"
"21,26 : 415.48"
"21,27 : 428.38"
"21,28 : 484.12"
"21,29 : 612.42"
"21,30 : 379.11"
"21,31 : 510.45"
"21,32 : 320.37"
"21,33 : 505.59"
"21,34 : 601.15"
"21,35 : 346.24"
"21,36 : 404.2"
"21,37 : 267.15"
"21,38 : 84.2"
"21,39 : 380.43"
"21,40 : 368.64"
"21,41 : 393.73"
"21,42 : 651.42"
"21,43 : 356.85"
"21,44 : 648.18"
"21,45 : 556.08"
"21,46 : 178.35"
"21,47 : 444.98"
"21,48 : 488.51"
"21,49 : 428.57"
"22,0 : 351.4"
"22,1 : 98.73"
"22,2 : 245.33"
"22,3 : 521.92"
"22,4 : 219.06"
"22,5 : 145.77"
"22,6 : 689.89"
"22,7 : 263.01"
"22,8 : 304.14"
"22,9 : 159.01"
"22,10 : 725.37"
"22,11 : 904.85"
"22,12 : 547.81"
"22,13 : 155.08"
"22,14 : 722.21"
"22,15 : 784.97"
"22,16 : 564.29"
"22,17 : 588.49"
"22,18 : 801.62"
"22,19 : 419.34"
"22,20 : 807.26"
"22,21 : 271.89"
"22,22 : 0.0"
"22,23 : 497.26"
"22,24 : 317.42"
"22,25 : 562.88"
"22,26 : 680.92"
"22,27 : 357.14"
"22,28 : 369.48"
"22,29 : 353.56"
"22,30 : 118.53"
"22,31 : 692.23"
"22,32 : 406.13"
"22,33 : 725.46"
"22,34 : 522.5"
"22,35 : 346.53"
"22,36 : 226.27"
"22,37 : 331.75"
"22,38 : 231.55"
"22,39 : 549.92"
"22,40 : 401.45"
"22,41 : 629.42"
"22,42 : 701.07"
"22,43 : 627.2"
"22,44 : 703.41"
"22,45 : 789.98"
"22,46 : 93.94"
"22,47 : 659.93"
"22,48 : 679.82"
"22,49 : 189.48"
"23,0 : 536.7"
"23,1 : 592.7"
"23,2 : 741.23"
"23,3 : 535.82"
"23,4 : 305.16"
"23,5 : 538.49"
"23,6 : 836.46"
"23,7 : 646.3"
"23,8 : 789.41"
"23,9 : 338.25"
"23,10 : 228.18"
"23,11 : 511.75"
"23,12 : 318.53"
"23,13 : 652.23"
"23,14 : 330.43"
"23,15 : 377.87"
"23,16 : 239.26"
"23,17 : 256.05"
"23,18 : 337.26"
"23,19 : 231.31"
"23,20 : 495.46"
"23,21 : 225.85"
"23,22 : 497.26"
"23,23 : 0.0"
"23,24 : 561.19"
"23,25 : 665.8"
"23,26 : 220.49"
"23,27 : 572.46"
"23,28 : 642.5"
"23,29 : 836.55"
"23,30 : 600.67"
"23,31 : 457.52"
"23,32 : 387.86"
"23,33 : 360.11"
"23,34 : 725.08"
"23,35 : 494.65"
"23,36 : 614.0"
"23,37 : 375.68"
"23,38 : 288.92"
"23,39 : 374.68"
"23,40 : 491.43"
"23,41 : 278.47"
"23,42 : 674.41"
"23,43 : 146.37"
"23,44 : 666.74"
"23,45 : 383.94"
"23,46 : 403.39"
"23,47 : 356.13"
"23,48 : 426.72"
"23,49 : 642.5"
"24,0 : 56.14"
"24,1 : 366.38"
"24,2 : 443.83"
"24,3 : 807.58"
"24,4 : 289.17"
"24,5 : 180.06"
"24,6 : 1005.2"
"24,7 : 153.64"
"24,8 : 380.94"
"24,9 : 340.12"
"24,10 : 763.44"
"24,11 : 1059.31"
"24,12 : 754.81"
"24,13 : 373.21"
"24,14 : 870.96"
"24,15 : 926.96"
"24,16 : 484.11"
"24,17 : 501.5"
"24,18 : 898.39"
"24,19 : 611.97"
"24,20 : 1002.39"
"24,21 : 386.88"
"24,22 : 317.42"
"24,23 : 561.19"
"24,24 : 0.0"
"24,25 : 869.77"
"24,26 : 656.09"
"24,27 : 669.81"
"24,28 : 686.84"
"24,29 : 408.03"
"24,30 : 402.0"
"24,31 : 506.81"
"24,32 : 665.92"
"24,33 : 889.16"
"24,34 : 839.04"
"24,35 : 90.44"
"24,36 : 152.76"
"24,37 : 595.45"
"24,38 : 302.7"
"24,39 : 381.45"
"24,40 : 143.22"
"24,41 : 537.77"
"24,42 : 988.69"
"24,43 : 636.41"
"24,44 : 988.72"
"24,45 : 932.83"
"24,46 : 324.64"
"24,47 : 526.91"
"24,48 : 508.94"
"24,49 : 481.81"
"25,0 : 891.86"
"25,1 : 565.04"
"25,2 : 633.69"
"25,3 : 139.71"
"25,4 : 636.62"
"25,5 : 708.38"
"25,6 : 170.66"
"25,7 : 822.99"
"25,8 : 771.62"
"25,9 : 550.55"
"25,10 : 812.08"
"25,11 : 701.9"
"25,12 : 402.51"
"25,13 : 609.31"
"25,14 : 602.7"
"25,15 : 652.08"
"25,16 : 879.55"
"25,17 : 901.76"
"25,18 : 753.94"
"25,19 : 434.61"
"25,20 : 541.61"
"25,21 : 580.36"
"25,22 : 562.88"
"25,23 : 665.8"
"25,24 : 869.77"
"25,25 : 0.0"
"25,26 : 880.21"
"25,27 : 209.19"
"25,28 : 235.72"
"25,29 : 814.38"
"25,30 : 534.13"
"25,31 : 1082.59"
"25,32 : 279.02"
"25,33 : 571.01"
"25,34 : 129.85"
"25,35 : 873.45"
"25,36 : 787.59"
"25,37 : 314.01"
"25,38 : 633.45"
"25,39 : 959.27"
"25,40 : 915.47"
"25,41 : 933.02"
"25,42 : 187.43"
"25,43 : 801.24"
"25,44 : 197.84"
"25,45 : 653.2"
"25,46 : 547.05"
"25,47 : 1001.04"
"25,48 : 1057.27"
"25,49 : 482.95"
"26,0 : 615.97"
"26,1 : 779.42"
"26,2 : 925.64"
"26,3 : 746.38"
"26,4 : 466.62"
"26,5 : 687.52"
"26,6 : 1050.64"
"26,7 : 774.33"
"26,8 : 951.58"
"26,9 : 526.54"
"26,10 : 160.05"
"26,11 : 566.41"
"26,12 : 505.92"
"26,13 : 834.23"
"26,14 : 427.67"
"26,15 : 447.66"
"26,16 : 182.53"
"26,17 : 175.32"
"26,18 : 344.77"
"26,19 : 446.83"
"26,20 : 611.04"
"26,21 : 415.48"
"26,22 : 680.92"
"26,23 : 220.49"
"26,24 : 656.09"
"26,25 : 880.21"
"26,26 : 0.0"
"26,27 : 792.87"
"26,28 : 862.34"
"26,29 : 995.39"
"26,30 : 793.09"
"26,31 : 347.14"
"26,32 : 604.85"
"26,33 : 469.66"
"26,34 : 944.65"
"26,35 : 572.27"
"26,36 : 748.21"
"26,37 : 596.11"
"26,38 : 452.13"
"26,39 : 338.14"
"26,40 : 545.62"
"26,41 : 159.83"
"26,42 : 869.9"
"26,43 : 79.32"
"26,44 : 860.68"
"26,45 : 453.18"
"26,46 : 590.21"
"26,47 : 234.55"
"26,48 : 314.27"
"26,49 : 843.93"
"27,0 : 696.33"
"27,1 : 356.01"
"27,2 : 434.19"
"27,3 : 217.85"
"27,4 : 462.76"
"27,5 : 502.91"
"27,6 : 336.33"
"27,7 : 614.86"
"27,8 : 567.71"
"27,9 : 370.84"
"27,10 : 761.78"
"27,11 : 762.98"
"27,12 : 402.91"
"27,13 : 402.0"
"27,14 : 619.72"
"27,15 : 679.27"
"27,16 : 752.76"
"27,17 : 776.71"
"27,18 : 752.67"
"27,19 : 361.5"
"27,20 : 620.44"
"27,21 : 428.38"
"27,22 : 357.14"
"27,23 : 572.46"
"27,24 : 669.81"
"27,25 : 209.19"
"27,26 : 792.87"
"27,27 : 0.0"
"27,28 : 77.88"
"27,29 : 612.21"
"27,30 : 325.68"
"27,31 : 938.61"
"27,32 : 220.44"
"27,33 : 600.66"
"27,34 : 176.58"
"27,35 : 682.07"
"27,36 : 579.96"
"27,37 : 198.98"
"27,38 : 463.16"
"27,39 : 805.74"
"27,40 : 728.7"
"27,41 : 812.6"
"27,42 : 372.4"
"27,43 : 717.93"
"27,44 : 378.52"
"27,45 : 682.17"
"27,46 : 353.8"
"27,47 : 870.87"
"27,48 : 916.88"
"27,49 : 280.08"
"28,0 : 718.58"
"28,1 : 346.98"
"28,2 : 399.16"
"28,3 : 280.79"
"28,4 : 506.52"
"28,5 : 512.55"
"28,6 : 325.48"
"28,7 : 615.12"
"28,8 : 539.14"
"28,9 : 413.3"
"28,10 : 836.73"
"28,11 : 838.6"
"28,12 : 480.54"
"28,13 : 382.95"
"28,14 : 697.4"
"28,15 : 756.74"
"28,16 : 812.85"
"28,17 : 837.14"
"28,18 : 830.48"
"28,19 : 437.0"
"28,20 : 693.58"
"28,21 : 484.12"
"28,22 : 369.48"
"28,23 : 642.5"
"28,24 : 686.84"
"28,25 : 235.72"
"28,26 : 862.34"
"28,27 : 77.88"
"28,28 : 0.0"
"28,29 : 580.54"
"28,30 : 312.87"
"28,31 : 991.29"
"28,32 : 298.3"
"28,33 : 677.85"
"28,34 : 155.96"
"28,35 : 708.76"
"28,36 : 582.49"
"28,37 : 273.22"
"28,38 : 509.05"
"28,39 : 855.36"
"28,40 : 759.02"
"28,41 : 874.13"
"28,42 : 415.93"
"28,43 : 788.59"
"28,44 : 424.02"
"28,45 : 759.58"
"28,46 : 385.25"
"28,47 : 928.99"
"28,48 : 971.09"
"28,49 : 252.01"
"29,0 : 464.17"
"29,1 : 281.8"
"29,2 : 181.71"
"29,3 : 819.42"
"29,4 : 534.65"
"29,5 : 308.17"
"29,6 : 891.0"
"29,7 : 254.44"
"29,8 : 49.68"
"29,9 : 505.1"
"29,10 : 1063.32"
"29,11 : 1257.31"
"29,12 : 895.21"
"29,13 : 220.68"
"29,14 : 1075.63"
"29,15 : 1138.47"
"29,16 : 847.79"
"29,17 : 869.35"
"29,18 : 1152.73"
"29,19 : 771.76"
"29,20 : 1153.29"
"29,21 : 612.42"
"29,22 : 353.56"
"29,23 : 836.55"
"29,24 : 408.03"
"29,25 : 814.38"
"29,26 : 995.39"
"29,27 : 612.21"
"29,28 : 580.54"
"29,29 : 0.0"
"29,30 : 299.19"
"29,31 : 910.6"
"29,32 : 736.8"
"29,33 : 1077.93"
"29,34 : 727.16"
"29,35 : 493.0"
"29,36 : 263.92"
"29,37 : 665.36"
"29,38 : 550.44"
"29,39 : 777.63"
"29,40 : 550.4"
"29,41 : 909.28"
"29,42 : 984.5"
"29,43 : 953.46"
"29,44 : 990.24"
"29,45 : 1143.45"
"29,46 : 443.3"
"29,47 : 915.71"
"29,48 : 909.4"
"29,49 : 332.28"
"30,0 : 444.5"
"30,1 : 36.36"
"30,2 : 146.82"
"30,3 : 523.36"
"30,4 : 336.29"
"30,5 : 222.07"
"30,6 : 638.02"
"30,7 : 306.08"
"30,8 : 251.1"
"30,9 : 266.66"
"30,10 : 827.34"
"30,11 : 971.05"
"30,12 : 603.19"
"30,13 : 79.12"
"30,14 : 795.0"
"30,15 : 858.39"
"30,16 : 682.0"
"30,17 : 706.31"
"30,18 : 888.53"
"30,19 : 489.45"
"30,20 : 858.8"
"30,21 : 379.11"
"30,22 : 118.53"
"30,23 : 600.67"
"30,24 : 402.0"
"30,25 : 534.13"
"30,26 : 793.09"
"30,27 : 325.68"
"30,28 : 312.87"
"30,29 : 299.19"
"30,30 : 0.0"
"30,31 : 809.56"
"30,32 : 438.55"
"30,33 : 792.63"
"30,34 : 468.53"
"30,35 : 447.2"
"30,36 : 276.42"
"30,37 : 368.42"
"30,38 : 348.01"
"30,39 : 667.22"
"30,40 : 505.14"
"30,41 : 747.18"
"30,42 : 693.72"
"30,43 : 735.94"
"30,44 : 698.38"
"30,45 : 862.97"
"30,46 : 203.09"
"30,47 : 778.46"
"30,48 : 797.74"
"30,49 : 79.91"
"31,0 : 451.85"
"31,1 : 782.78"
"31,2 : 906.17"
"31,3 : 966.86"
"31,4 : 491.04"
"31,5 : 625.39"
"31,6 : 1249.25"
"31,7 : 657.75"
"31,8 : 878.01"
"31,9 : 582.6"
"31,10 : 507.04"
"31,11 : 910.1"
"31,12 : 775.02"
"31,13 : 818.79"
"31,14 : 756.33"
"31,15 : 785.88"
"31,16 : 218.28"
"31,17 : 203.42"
"31,18 : 691.12"
"31,19 : 667.87"
"31,20 : 936.03"
"31,21 : 510.45"
"31,22 : 692.23"
"31,23 : 457.52"
"31,24 : 506.81"
"31,25 : 1082.59"
"31,26 : 347.14"
"31,27 : 938.61"
"31,28 : 991.29"
"31,29 : 910.6"
"31,30 : 809.56"
"31,31 : 0.0"
"31,32 : 808.12"
"31,33 : 794.55"
"31,34 : 1111.49"
"31,35 : 418.38"
"31,36 : 647.09"
"31,37 : 769.55"
"31,38 : 485.48"
"31,39 : 142.34"
"31,40 : 364.03"
"31,41 : 194.18"
"31,42 : 1122.03"
"31,43 : 394.99"
"31,44 : 1115.65"
"31,45 : 791.68"
"31,46 : 627.18"
"31,47 : 113.16"
"31,48 : 33.14"
"31,49 : 881.09"
"32,0 : 675.16"
"32,1 : 455.55"
"32,2 : 577.72"
"32,3 : 160.03"
"32,4 : 395.59"
"32,5 : 535.47"
"32,6 : 449.36"
"32,7 : 661.61"
"32,8 : 687.9"
"32,9 : 326.04"
"32,10 : 552.41"
"32,11 : 553.88"
"32,12 : 185.22"
"32,13 : 516.21"
"32,14 : 400.78"
"32,15 : 461.47"
"32,16 : 601.64"
"32,17 : 623.51"
"32,18 : 532.32"
"32,19 : 158.09"
"32,20 : 424.98"
"32,21 : 320.37"
"32,22 : 406.13"
"32,23 : 387.86"
"32,24 : 665.92"
"32,25 : 279.02"
"32,26 : 604.85"
"32,27 : 220.44"
"32,28 : 298.3"
"32,29 : 736.8"
"32,30 : 438.55"
"32,31 : 808.12"
"32,32 : 0.0"
"32,33 : 384.63"
"32,34 : 343.02"
"32,35 : 648.39"
"32,36 : 623.6"
"32,37 : 74.46"
"32,38 : 388.21"
"32,39 : 690.16"
"32,40 : 680.69"
"32,41 : 654.22"
"32,42 : 331.77"
"32,43 : 526.56"
"32,44 : 329.3"
"32,45 : 464.7"
"32,46 : 349.76"
"32,47 : 723.27"
"32,48 : 781.74"
"32,49 : 429.42"
"33,0 : 874.98"
"33,1 : 800.45"
"33,2 : 938.58"
"33,3 : 436.41"
"33,4 : 603.83"
"33,5 : 818.44"
"33,6 : 721.27"
"33,7 : 941.31"
"33,8 : 1028.28"
"33,9 : 587.75"
"33,10 : 330.0"
"33,11 : 179.4"
"33,12 : 199.46"
"33,13 : 864.08"
"33,14 : 44.55"
"33,15 : 81.3"
"33,16 : 582.31"
"33,17 : 592.69"
"33,18 : 196.06"
"33,19 : 306.21"
"33,20 : 142.0"
"33,21 : 505.59"
"33,22 : 725.46"
"33,23 : 360.11"
"33,24 : 889.16"
"33,25 : 571.01"
"33,26 : 469.66"
"33,27 : 600.66"
"33,28 : 677.85"
"33,29 : 1077.93"
"33,30 : 792.63"
"33,31 : 794.55"
"33,32 : 384.63"
"33,33 : 0.0"
"33,34 : 681.48"
"33,35 : 835.85"
"33,36 : 904.74"
"33,37 : 436.84"
"33,38 : 588.92"
"33,39 : 731.15"
"33,40 : 841.93"
"33,41 : 601.51"
"33,42 : 478.5"
"33,43 : 403.6"
"33,44 : 465.8"
"33,45 : 83.02"
"33,46 : 641.42"
"33,47 : 683.78"
"33,48 : 761.82"
"33,49 : 800.6"
"34,0 : 868.43"
"34,1 : 502.86"
"34,2 : 545.57"
"34,3 : 245.79"
"34,4 : 639.24"
"34,5 : 666.83"
"34,6 : 169.55"
"34,7 : 771.01"
"34,8 : 688.06"
"34,9 : 547.42"
"34,10 : 894.55"
"34,11 : 822.33"
"34,12 : 499.14"
"34,13 : 537.07"
"34,14 : 709.49"
"34,15 : 762.75"
"34,16 : 920.13"
"34,17 : 943.61"
"34,18 : 856.0"
"34,19 : 499.98"
"34,20 : 664.71"
"34,21 : 601.15"
"34,22 : 522.5"
"34,23 : 725.08"
"34,24 : 839.04"
"34,25 : 129.85"
"34,26 : 944.65"
"34,27 : 176.58"
"34,28 : 155.96"
"34,29 : 727.16"
"34,30 : 468.53"
"34,31 : 1111.49"
"34,32 : 343.02"
"34,33 : 681.48"
"34,34 : 0.0"
"34,35 : 856.06"
"34,36 : 738.17"
"34,37 : 351.55"
"34,38 : 639.38"
"34,39 : 980.35"
"34,40 : 903.93"
"34,41 : 978.06"
"34,42 : 313.96"
"34,43 : 867.28"
"34,44 : 325.35"
"34,45 : 764.44"
"34,46 : 528.64"
"34,47 : 1039.79"
"34,48 : 1088.83"
"34,49 : 404.69"
"35,0 : 43.86"
"35,1 : 413.63"
"35,2 : 510.54"
"35,3 : 798.12"
"35,4 : 254.95"
"35,5 : 230.82"
"35,6 : 1018.21"
"35,7 : 239.41"
"35,8 : 462.65"
"35,9 : 326.14"
"35,10 : 686.74"
"35,11 : 1001.22"
"35,12 : 716.54"
"35,13 : 432.01"
"35,14 : 814.29"
"35,15 : 867.74"
"35,16 : 397.1"
"35,17 : 413.56"
"35,18 : 829.96"
"35,19 : 574.5"
"35,20 : 955.72"
"35,21 : 346.24"
"35,22 : 346.53"
"35,23 : 494.65"
"35,24 : 90.44"
"35,25 : 873.45"
"35,26 : 572.27"
"35,27 : 682.07"
"35,28 : 708.76"
"35,29 : 493.0"
"35,30 : 447.2"
"35,31 : 418.38"
"35,32 : 648.39"
"35,33 : 835.85"
"35,34 : 856.06"
"35,35 : 0.0"
"35,36 : 231.15"
"35,37 : 582.09"
"35,38 : 265.19"
"35,39 : 291.1"
"35,40 : 60.41"
"35,41 : 449.02"
"35,42 : 977.68"
"35,43 : 557.63"
"35,44 : 976.42"
"35,45 : 873.71"
"35,46 : 328.42"
"35,47 : 436.5"
"35,48 : 419.39"
"35,49 : 526.5"
"36,0 : 207.42"
"36,1 : 240.16"
"36,2 : 293.75"
"36,3 : 747.27"
"36,4 : 310.85"
"36,5 : 88.89"
"36,6 : 907.35"
"36,7 : 38.08"
"36,8 : 231.55"
"36,9 : 318.98"
"36,10 : 833.51"
"36,11 : 1081.62"
"36,12 : 745.38"
"36,13 : 231.47"
"36,14 : 893.7"
"36,15 : 953.84"
"36,16 : 590.82"
"36,17 : 611.34"
"36,18 : 945.92"
"36,19 : 606.73"
"36,20 : 1002.76"
"36,21 : 404.2"
"36,22 : 226.27"
"36,23 : 614.0"
"36,24 : 152.76"
"36,25 : 787.59"
"36,26 : 748.21"
"36,27 : 579.96"
"36,28 : 582.49"
"36,29 : 263.92"
"36,30 : 276.42"
"36,31 : 647.09"
"36,32 : 623.6"
"36,33 : 904.74"
"36,34 : 738.17"
"36,35 : 231.15"
"36,36 : 0.0"
"36,37 : 549.42"
"36,38 : 327.05"
"36,39 : 513.74"
"36,40 : 290.2"
"36,41 : 650.49"
"36,42 : 927.0"
"36,43 : 714.76"
"36,44 : 929.09"
"36,45 : 959.37"
"36,46 : 276.1"
"36,47 : 652.88"
"36,48 : 645.5"
"36,49 : 353.31"
"37,0 : 607.05"
"37,1 : 383.65"
"37,2 : 510.15"
"37,3 : 216.62"
"37,4 : 332.63"
"37,5 : 461.46"
"37,6 : 479.72"
"37,7 : 587.4"
"37,8 : 616.21"
"37,9 : 256.97"
"37,10 : 563.51"
"37,11 : 611.31"
"37,12 : 239.73"
"37,13 : 445.15"
"37,14 : 447.3"
"37,15 : 509.83"
"37,16 : 570.9"
"37,17 : 593.94"
"37,18 : 567.04"
"37,19 : 164.25"
"37,20 : 490.92"
"37,21 : 267.15"
"37,22 : 331.75"
"37,23 : 375.68"
"37,24 : 595.45"
"37,25 : 314.01"
"37,26 : 596.11"
"37,27 : 198.98"
"37,28 : 273.22"
"37,29 : 665.36"
"37,30 : 368.42"
"37,31 : 769.55"
"37,32 : 74.46"
"37,33 : 436.84"
"37,34 : 351.55"
"37,35 : 582.09"
"37,36 : 549.42"
"37,37 : 0.0"
"37,38 : 326.96"
"37,39 : 645.26"
"37,40 : 617.28"
"37,41 : 627.46"
"37,42 : 395.61"
"37,43 : 520.19"
"37,44 : 394.59"
"37,45 : 513.63"
"37,46 : 276.46"
"37,47 : 691.61"
"37,48 : 744.93"
"37,49 : 365.66"
"38,0 : 297.67"
"38,1 : 330.19"
"38,2 : 474.32"
"38,3 : 543.16"
"38,4 : 16.28"
"38,5 : 249.57"
"38,6 : 790.25"
"38,7 : 360.95"
"38,8 : 504.46"
"38,9 : 97.13"
"38,10 : 513.48"
"38,11 : 762.15"
"38,12 : 453.6"
"38,13 : 382.64"
"38,14 : 573.43"
"38,15 : 631.72"
"38,16 : 334.73"
"38,17 : 359.23"
"38,18 : 618.87"
"38,19 : 310.86"
"38,20 : 699.73"
"38,21 : 84.2"
"38,22 : 231.55"
"38,23 : 288.92"
"38,24 : 302.7"
"38,25 : 633.45"
"38,26 : 452.13"
"38,27 : 463.16"
"38,28 : 509.05"
"38,29 : 550.44"
"38,30 : 348.01"
"38,31 : 485.48"
"38,32 : 388.21"
"38,33 : 588.92"
"38,34 : 639.38"
"38,35 : 265.19"
"38,36 : 327.05"
"38,37 : 326.96"
"38,38 : 0.0"
"38,39 : 346.99"
"38,40 : 292.77"
"38,41 : 399.91"
"38,42 : 719.77"
"38,43 : 404.03"
"38,44 : 717.51"
"38,45 : 637.42"
"38,46 : 147.96"
"38,47 : 437.22"
"38,48 : 467.95"
"38,49 : 409.27"
"39,0 : 329.22"
"39,1 : 640.56"
"39,2 : 765.38"
"39,3 : 850.13"
"39,4 : 351.42"
"39,5 : 486.05"
"39,6 : 1123.32"
"39,7 : 527.73"
"39,8 : 742.92"
"39,9 : 443.93"
"39,10 : 486.2"
"39,11 : 867.15"
"39,12 : 680.5"
"39,13 : 677.36"
"39,14 : 697.45"
"39,15 : 736.42"
"39,16 : 160.59"
"39,17 : 162.96"
"39,18 : 660.55"
"39,19 : 560.4"
"39,20 : 869.12"
"39,21 : 380.43"
"39,22 : 549.92"
"39,23 : 374.68"
"39,24 : 381.45"
"39,25 : 959.27"
"39,26 : 338.14"
"39,27 : 805.74"
"39,28 : 855.36"
"39,29 : 777.63"
"39,30 : 667.22"
"39,31 : 142.34"
"39,32 : 690.16"
"39,33 : 731.15"
"39,34 : 980.35"
"39,35 : 291.1"
"39,36 : 513.74"
"39,37 : 645.26"
"39,38 : 346.99"
"39,39 : 0.0"
"39,40 : 243.7"
"39,41 : 184.25"
"39,42 : 1012.93"
"39,43 : 358.05"
"39,44 : 1007.66"
"39,45 : 742.46"
"39,46 : 486.15"
"39,47 : 148.12"
"39,48 : 133.3"
"39,49 : 738.86"
"40,0 : 87.82"
"40,1 : 472.09"
"40,2 : 570.93"
"40,3 : 833.9"
"40,4 : 285.16"
"40,5 : 290.7"
"40,6 : 1063.98"
"40,7 : 296.06"
"40,8 : 521.35"
"40,9 : 365.14"
"40,10 : 669.83"
"40,11 : 1002.37"
"40,12 : 735.07"
"40,13 : 491.98"
"40,14 : 817.59"
"40,15 : 868.46"
"40,16 : 365.73"
"40,17 : 379.64"
"40,18 : 821.85"
"40,19 : 594.92"
"40,20 : 966.6"
"40,21 : 368.64"
"40,22 : 401.45"
"40,23 : 491.43"
"40,24 : 143.22"
"40,25 : 915.47"
"40,26 : 545.62"
"40,27 : 728.7"
"40,28 : 759.02"
"40,29 : 550.4"
"40,30 : 505.14"
"40,31 : 364.03"
"40,32 : 680.69"
"40,33 : 841.93"
"40,34 : 903.93"
"40,35 : 60.41"
"40,36 : 290.2"
"40,37 : 617.28"
"40,38 : 292.77"
"40,39 : 243.7"
"40,40 : 0.0"
"40,41 : 412.4"
"40,42 : 1011.85"
"40,43 : 538.93"
"40,44 : 1009.88"
"40,45 : 874.5"
"40,46 : 375.3"
"40,47 : 391.41"
"40,48 : 367.45"
"40,49 : 584.05"
"41,0 : 491.21"
"41,1 : 727.08"
"41,2 : 866.12"
"41,3 : 808.42"
"41,4 : 410.95"
"41,5 : 603.65"
"41,6 : 1102.81"
"41,7 : 671.36"
"41,8 : 869.35"
"41,9 : 490.6"
"41,10 : 316.94"
"41,11 : 716.48"
"41,12 : 596.16"
"41,13 : 774.66"
"41,14 : 562.7"
"41,15 : 591.71"
"41,16 : 65.19"
"41,17 : 41.01"
"41,18 : 499.26"
"41,19 : 503.59"
"41,20 : 743.28"
"41,21 : 393.73"
"41,22 : 629.42"
"41,23 : 278.47"
"41,24 : 537.77"
"41,25 : 933.02"
"41,26 : 159.83"
"41,27 : 812.6"
"41,28 : 874.13"
"41,29 : 909.28"
"41,30 : 747.18"
"41,31 : 194.18"
"41,32 : 654.22"
"41,33 : 601.51"
"41,34 : 978.06"
"41,35 : 449.02"
"41,36 : 650.49"
"41,37 : 627.46"
"41,38 : 399.91"
"41,39 : 184.25"
"41,40 : 412.4"
"41,41 : 0.0"
"41,42 : 952.54"
"41,43 : 200.82"
"41,44 : 945.04"
"41,45 : 597.52"
"41,46 : 547.64"
"41,47 : 82.28"
"41,48 : 161.11"
"41,49 : 808.96"
"42,0 : 1002.36"
"42,1 : 721.13"
"42,2 : 806.44"
"42,3 : 181.22"
"42,4 : 726.7"
"42,5 : 842.43"
"42,6 : 266.39"
"42,7 : 964.03"
"42,8 : 939.59"
"42,9 : 652.33"
"42,10 : 771.36"
"42,11 : 573.07"
"42,12 : 364.02"
"42,13 : 771.73"
"42,14 : 518.17"
"42,15 : 554.45"
"42,16 : 907.68"
"42,17 : 927.2"
"42,18 : 673.68"
"42,19 : 454.31"
"42,20 : 409.15"
"42,21 : 651.42"
"42,22 : 701.07"
"42,23 : 674.41"
"42,24 : 988.69"
"42,25 : 187.43"
"42,26 : 869.9"
"42,27 : 372.4"
"42,28 : 415.93"
"42,29 : 984.5"
"42,30 : 693.72"
"42,31 : 1122.03"
"42,32 : 331.77"
"42,33 : 478.5"
"42,34 : 313.96"
"42,35 : 977.68"
"42,36 : 927.0"
"42,37 : 395.61"
"42,38 : 719.77"
"42,39 : 1012.93"
"42,40 : 1011.85"
"42,41 : 952.54"
"42,42 : 0.0"
"42,43 : 791.26"
"42,44 : 14.14"
"42,45 : 553.96"
"42,46 : 665.24"
"42,47 : 1028.09"
"42,48 : 1093.49"
"42,49 : 652.48"
"43,0 : 601.44"
"43,1 : 724.81"
"43,2 : 872.52"
"43,3 : 667.13"
"43,4 : 419.44"
"43,5 : 647.85"
"43,6 : 971.59"
"43,7 : 743.45"
"43,8 : 908.12"
"43,9 : 469.79"
"43,10 : 131.53"
"43,11 : 516.35"
"43,12 : 427.43"
"43,13 : 781.9"
"43,14 : 363.5"
"43,15 : 390.89"
"43,16 : 197.69"
"43,17 : 200.49"
"43,18 : 303.07"
"43,19 : 368.47"
"43,20 : 545.61"
"43,21 : 356.85"
"43,22 : 627.2"
"43,23 : 146.37"
"43,24 : 636.41"
"43,25 : 801.24"
"43,26 : 79.32"
"43,27 : 717.93"
"43,28 : 788.59"
"43,29 : 953.46"
"43,30 : 735.94"
"43,31 : 394.99"
"43,32 : 526.56"
"43,33 : 403.6"
"43,34 : 867.28"
"43,35 : 557.63"
"43,36 : 714.76"
"43,37 : 520.19"
"43,38 : 404.03"
"43,39 : 358.05"
"43,40 : 538.93"
"43,41 : 200.82"
"43,42 : 791.26"
"43,43 : 0.0"
"43,44 : 782.18"
"43,45 : 396.69"
"43,46 : 534.59"
"43,47 : 282.46"
"43,48 : 361.9"
"43,49 : 782.55"
"44,0 : 1001.61"
"44,1 : 725.33"
"44,2 : 812.71"
"44,3 : 182.13"
"44,4 : 724.73"
"44,5 : 844.1"
"44,6 : 280.49"
"44,7 : 966.25"
"44,8 : 945.04"
"44,9 : 651.52"
"44,10 : 760.61"
"44,11 : 559.11"
"44,12 : 354.77"
"44,13 : 776.61"
"44,14 : 505.74"
"44,15 : 541.41"
"44,16 : 900.8"
"44,17 : 920.12"
"44,18 : 661.19"
"44,19 : 448.29"
"44,20 : 395.21"
"44,21 : 648.18"
"44,22 : 703.41"
"44,23 : 666.74"
"44,24 : 988.72"
"44,25 : 197.84"
"44,26 : 860.68"
"44,27 : 378.52"
"44,28 : 424.02"
"44,29 : 990.24"
"44,30 : 698.38"
"44,31 : 1115.65"
"44,32 : 329.3"
"44,33 : 465.8"
"44,34 : 325.35"
"44,35 : 976.42"
"44,36 : 929.09"
"44,37 : 394.59"
"44,38 : 717.51"
"44,39 : 1007.66"
"44,40 : 1009.88"
"44,41 : 945.04"
"44,42 : 14.14"
"44,43 : 782.18"
"44,44 : 0.0"
"44,45 : 540.86"
"44,46 : 665.8"
"44,47 : 1020.98"
"44,48 : 1086.92"
"44,49 : 658.47"
"45,0 : 914.37"
"45,1 : 868.84"
"45,2 : 1009.53"
"45,3 : 519.22"
"45,4 : 652.94"
"45,5 : 874.77"
"45,6 : 801.42"
"45,7 : 995.16"
"45,8 : 1093.92"
"45,9 : 646.25"
"45,10 : 300.31"
"45,11 : 127.88"
"45,12 : 279.66"
"45,13 : 932.54"
"45,14 : 68.01"
"45,15 : 6.08"
"45,16 : 587.22"
"45,17 : 594.35"
"45,18 : 134.38"
"45,19 : 373.66"
"45,20 : 176.87"
"45,21 : 556.08"
"45,22 : 789.98"
"45,23 : 383.94"
"45,24 : 932.83"
"45,25 : 653.2"
"45,26 : 453.18"
"45,27 : 682.17"
"45,28 : 759.58"
"45,29 : 1143.45"
"45,30 : 862.97"
"45,31 : 791.68"
"45,32 : 464.7"
"45,33 : 83.02"
"45,34 : 764.44"
"45,35 : 873.71"
"45,36 : 959.37"
"45,37 : 513.63"
"45,38 : 637.42"
"45,39 : 742.46"
"45,40 : 874.5"
"45,41 : 597.52"
"45,42 : 553.96"
"45,43 : 396.69"
"45,44 : 540.86"
"45,45 : 0.0"
"45,46 : 703.0"
"45,47 : 679.01"
"45,48 : 758.58"
"45,49 : 874.83"
"46,0 : 344.84"
"46,1 : 190.24"
"46,2 : 338.36"
"46,3 : 484.02"
"46,4 : 138.5"
"46,5 : 187.26"
"46,6 : 689.81"
"46,7 : 314.16"
"46,8 : 394.37"
"46,9 : 65.19"
"46,10 : 631.46"
"46,11 : 820.43"
"46,12 : 471.9"
"46,13 : 248.85"
"46,14 : 635.61"
"46,15 : 697.83"
"46,16 : 482.5"
"46,17 : 507.06"
"46,18 : 709.72"
"46,19 : 337.08"
"46,20 : 730.79"
"46,21 : 178.35"
"46,22 : 93.94"
"46,23 : 403.39"
"46,24 : 324.64"
"46,25 : 547.05"
"46,26 : 590.21"
"46,27 : 353.8"
"46,28 : 385.25"
"46,29 : 443.3"
"46,30 : 203.09"
"46,31 : 627.18"
"46,32 : 349.76"
"46,33 : 641.42"
"46,34 : 528.64"
"46,35 : 328.42"
"46,36 : 276.1"
"46,37 : 276.46"
"46,38 : 147.96"
"46,39 : 486.15"
"46,40 : 375.3"
"46,41 : 547.64"
"46,42 : 665.24"
"46,43 : 534.59"
"46,44 : 665.8"
"46,45 : 703.0"
"46,46 : 0.0"
"46,47 : 584.51"
"46,48 : 611.71"
"46,49 : 261.35"
"47,0 : 475.94"
"47,1 : 755.38"
"47,2 : 888.69"
"47,3 : 879.64"
"47,4 : 446.02"
"47,5 : 616.24"
"47,6 : 1169.88"
"47,7 : 669.64"
"47,8 : 878.66"
"47,9 : 532.22"
"47,10 : 394.18"
"47,11 : 796.99"
"47,12 : 674.63"
"47,13 : 798.38"
"47,14 : 644.9"
"47,15 : 673.24"
"47,16 : 121.66"
"47,17 : 100.9"
"47,18 : 578.04"
"47,19 : 576.28"
"47,20 : 825.56"
"47,21 : 444.98"
"47,22 : 659.93"
"47,23 : 356.13"
"47,24 : 526.91"
"47,25 : 1001.04"
"47,26 : 234.55"
"47,27 : 870.87"
"47,28 : 928.99"
"47,29 : 915.71"
"47,30 : 778.46"
"47,31 : 113.16"
"47,32 : 723.27"
"47,33 : 683.78"
"47,34 : 1039.79"
"47,35 : 436.5"
"47,36 : 652.88"
"47,37 : 691.61"
"47,38 : 437.22"
"47,39 : 148.12"
"47,40 : 391.41"
"47,41 : 82.28"
"47,42 : 1028.09"
"47,43 : 282.46"
"47,44 : 1020.98"
"47,45 : 679.01"
"47,46 : 584.51"
"47,47 : 0.0"
"47,48 : 80.06"
"47,49 : 844.75"
"48,0 : 454.9"
"48,1 : 771.95"
"48,2 : 898.39"
"48,3 : 939.99"
"48,4 : 474.41"
"48,5 : 619.36"
"48,6 : 1224.6"
"48,7 : 658.0"
"48,8 : 875.45"
