x,y
291,756
269,765
902,890
45,630
336,706
462,834
552,655
7,261
605,228
416,730
457,714
320,992
532,359
754,865
329,870
186,573
983,464
881,376
398,311
612,400
899,72
359,65
679,622
662,505
716,812
782,263
786,894
737,565
67,475
782,863
615,242
865,48
893,777
816,376
404,468
771,374
439,505
566,345
211,457
491,849
421,664
14,994
128,699
698,596
152,692
476,606
519,921
194,580
149,970
7,523

Distanze
"0,0 : 0.0"
"0,1 : 23.77"
"0,2 : 625.52"
"0,3 : 276.39"
"0,4 : 67.27"
"0,5 : 187.95"
"0,6 : 279.86"
"0,7 : 570.68"
"0,8 : 614.31"
"0,9 : 127.68"
"0,10 : 171.23"
"0,11 : 237.78"
"0,12 : 464.42"
"0,13 : 475.66"
"0,14 : 120.17"
"0,15 : 210.98"
"0,16 : 751.08"
"0,17 : 701.78"
"0,18 : 457.68"
"0,19 : 479.35"
"0,20 : 915.16"
"0,21 : 694.34"
"0,22 : 410.49"
"0,23 : 447.93"
"0,24 : 428.67"
"0,25 : 695.79"
"0,26 : 513.88"
"0,27 : 485.18"
"0,28 : 359.36"
"0,29 : 502.52"
"0,30 : 607.6"
"0,31 : 911.45"
"0,32 : 602.37"
"0,33 : 648.09"
"0,34 : 309.38"
"0,35 : 613.45"
"0,36 : 291.38"
"0,37 : 494.52"
"0,38 : 309.52"
"0,39 : 220.57"
"0,40 : 159.26"
"0,41 : 365.2"
"0,42 : 172.68"
"0,43 : 437.32"
"0,44 : 153.03"
"0,45 : 238.17"
"0,46 : 281.44"
"0,47 : 200.96"
"0,48 : 256.83"
"0,49 : 367.35"
"1,0 : 23.77"
"1,1 : 0.0"
"1,2 : 645.22"
"1,3 : 261.54"
"1,4 : 89.27"
"1,5 : 204.96"
"1,6 : 303.63"
"1,7 : 568.03"
"1,8 : 633.45"
"1,9 : 151.11"
"1,10 : 194.79"
"1,11 : 232.66"
"1,12 : 483.74"
"1,13 : 495.2"
"1,14 : 120.93"
"1,15 : 209.17"
"1,16 : 774.85"
"1,17 : 725.17"
"1,18 : 471.97"
"1,19 : 500.87"
"1,20 : 936.56"
"1,21 : 705.76"
"1,22 : 434.22"
"1,23 : 471.22"
"1,24 : 449.46"
"1,25 : 717.76"
"1,26 : 532.85"
"1,27 : 508.94"
"1,28 : 353.42"
"1,29 : 522.28"
"1,30 : 627.09"
"1,31 : 932.37"
"1,32 : 624.12"
"1,33 : 671.22"
"1,34 : 326.24"
"1,35 : 636.31"
"1,36 : 310.64"
"1,37 : 514.4"
"1,38 : 313.41"
"1,39 : 237.36"
"1,40 : 182.5"
"1,41 : 342.73"
"1,42 : 155.68"
"1,43 : 461.09"
"1,44 : 137.91"
"1,45 : 261.02"
"1,46 : 294.68"
"1,47 : 199.62"
"1,48 : 237.54"
"1,49 : 356.66"
"2,0 : 625.52"
"2,1 : 645.22"
"2,2 : 0.0"
"2,3 : 895.57"
"2,4 : 595.16"
"2,5 : 443.55"
"2,6 : 421.57"
"2,7 : 1093.92"
"2,8 : 725.57"
"2,9 : 511.66"
"2,10 : 478.54"
"2,11 : 590.87"
"2,12 : 647.19"
"2,13 : 150.1"
"2,14 : 573.35"
"2,15 : 783.04"
"2,16 : 433.63"
"2,17 : 514.43"
"2,18 : 767.63"
"2,19 : 569.39"
"2,20 : 818.01"
"2,21 : 987.66"
"2,22 : 348.64"
"2,23 : 453.68"
"2,24 : 201.69"
"2,25 : 638.38"
"2,26 : 116.07"
"2,27 : 364.49"
"2,28 : 932.44"
"2,29 : 123.0"
"2,30 : 708.71"
"2,31 : 842.81"
"2,32 : 113.36"
"2,33 : 521.14"
"2,34 : 652.75"
"2,35 : 532.37"
"2,36 : 602.16"
"2,37 : 640.25"
"2,38 : 815.46"
"2,39 : 413.04"
"2,40 : 531.45"
"2,41 : 894.07"
"2,42 : 797.22"
"2,43 : 357.84"
"2,44 : 775.7"
"2,45 : 511.99"
"2,46 : 384.25"
"2,47 : 772.89"
"2,48 : 757.24"
"2,49 : 967.32"
"3,0 : 276.39"
"3,1 : 261.54"
"3,2 : 895.57"
"3,3 : 0.0"
"3,4 : 300.76"
"3,5 : 464.23"
"3,6 : 507.62"
"3,7 : 370.95"
"3,8 : 689.35"
"3,9 : 384.24"
"3,10 : 420.48"
"3,11 : 454.61"
"3,12 : 557.32"
"3,13 : 746.93"
"3,14 : 371.83"
"3,15 : 152.09"
"3,16 : 952.58"
"3,17 : 873.73"
"3,18 : 475.78"
"3,19 : 611.87"
"3,20 : 1020.14"
"3,21 : 646.39"
"3,22 : 634.05"
"3,23 : 629.53"
"3,24 : 695.24"
"3,25 : 823.32"
"3,26 : 786.62"
"3,27 : 695.05"
"3,28 : 156.55"
"3,29 : 772.95"
"3,30 : 689.52"
"3,31 : 1005.55"
"3,32 : 860.65"
"3,33 : 811.76"
"3,34 : 393.86"
"3,35 : 769.81"
"3,36 : 413.35"
"3,37 : 593.86"
"3,38 : 239.76"
"3,39 : 496.87"
"3,40 : 377.53"
"3,41 : 365.32"
"3,42 : 107.94"
"3,43 : 653.88"
"3,44 : 123.66"
"3,45 : 431.67"
"3,46 : 556.2"
"3,47 : 157.17"
"3,48 : 355.55"
"3,49 : 113.55"
"4,0 : 67.27"
"4,1 : 89.27"
"4,2 : 595.16"
"4,3 : 300.76"
"4,4 : 0.0"
"4,5 : 179.61"
"4,6 : 221.94"
"4,7 : 553.41"
"4,8 : 548.49"
"4,9 : 83.52"
"4,10 : 121.26"
"4,11 : 286.45"
"4,12 : 398.53"
"4,13 : 447.22"
"4,14 : 164.15"
"4,15 : 200.47"
"4,16 : 690.78"
"4,17 : 637.12"
"4,18 : 399.84"
"4,19 : 412.08"
"4,20 : 847.89"
"4,21 : 641.41"
"4,22 : 353.14"
"4,23 : 382.98"
"4,24 : 394.51"
"4,25 : 628.62"
"4,26 : 487.69"
"4,27 : 425.07"
"4,28 : 354.57"
"4,29 : 472.83"
"4,30 : 541.42"
"4,31 : 844.28"
"4,32 : 561.51"
"4,33 : 582.49"
"4,34 : 247.52"
"4,35 : 547.22"
"4,36 : 225.85"
"4,37 : 428.04"
"4,38 : 278.61"
"4,39 : 210.89"
"4,40 : 94.81"
"4,41 : 432.0"
"4,42 : 208.12"
"4,43 : 378.34"
"4,44 : 184.53"
"4,45 : 172.05"
"4,46 : 282.34"
"4,47 : 189.84"
"4,48 : 323.52"
"4,49 : 376.47"
"5,0 : 187.95"
"5,1 : 204.96"
"5,2 : 443.55"
"5,3 : 464.23"
"5,4 : 179.61"
"5,5 : 0.0"
"5,6 : 200.35"
"5,7 : 731.68"
"5,8 : 622.64"
"5,9 : 113.72"
"5,10 : 120.1"
"5,11 : 212.43"
"5,12 : 480.13"
"5,13 : 293.64"
"5,14 : 137.79"
"5,15 : 379.86"
"5,16 : 639.02"
"5,17 : 620.75"
"5,18 : 526.9"
"5,19 : 459.19"
"5,20 : 878.42"
"5,21 : 775.87"
"5,22 : 303.37"
"5,23 : 385.02"
"5,24 : 254.95"
"5,25 : 654.55"
"5,26 : 329.51"
"5,27 : 384.69"
"5,28 : 533.77"
"5,29 : 321.31"
"5,30 : 611.45"
"5,31 : 883.29"
"5,32 : 434.75"
"5,33 : 578.86"
"5,34 : 370.57"
"5,35 : 554.15"
"5,36 : 329.8"
"5,37 : 499.94"
"5,38 : 452.91"
"5,39 : 32.65"
"5,40 : 174.87"
"5,41 : 475.71"
"5,42 : 360.25"
"5,43 : 335.17"
"5,44 : 340.98"
"5,45 : 228.43"
"5,46 : 104.01"
"5,47 : 369.24"
"5,48 : 341.27"
"5,49 : 551.13"
"6,0 : 279.86"
"6,1 : 303.63"
"6,2 : 421.57"
"6,3 : 507.62"
"6,4 : 221.94"
"6,5 : 200.35"
"6,6 : 0.0"
"6,7 : 672.5"
"6,8 : 430.28"
"6,9 : 155.31"
"6,10 : 111.83"
"6,11 : 409.14"
"6,12 : 296.67"
"6,13 : 291.38"
"6,14 : 309.76"
"6,15 : 375.07"
"6,16 : 471.43"
"6,17 : 431.37"
"6,18 : 376.9"
"6,19 : 261.96"
"6,20 : 678.45"
"6,21 : 620.76"
"6,22 : 131.22"
"6,23 : 186.01"
"6,24 : 227.04"
"6,25 : 454.49"
"6,26 : 334.48"
"6,27 : 205.73"
"6,28 : 517.32"
"6,29 : 310.1"
"6,30 : 417.78"
"6,31 : 682.95"
"6,32 : 362.17"
"6,33 : 384.11"
"6,34 : 238.48"
"6,35 : 356.26"
"6,36 : 187.8"
"6,37 : 310.32"
"6,38 : 394.32"
"6,39 : 203.36"
"6,40 : 131.31"
"6,41 : 635.9"
"6,42 : 426.28"
"6,43 : 157.47"
"6,44 : 401.71"
"6,45 : 90.43"
"6,46 : 268.04"
"6,47 : 365.77"
"6,48 : 511.5"
"6,49 : 560.76"
"7,0 : 570.68"
"7,1 : 568.03"
"7,2 : 1093.92"
"7,3 : 370.95"
"7,4 : 553.41"
"7,5 : 731.68"
"7,6 : 672.5"
"7,7 : 0.0"
"7,8 : 598.91"
"7,9 : 622.29"
"7,10 : 638.52"
"7,11 : 795.19"
"7,12 : 534.07"
"7,13 : 960.64"
"7,14 : 688.89"
"7,15 : 359.7"
"7,16 : 996.89"
"7,17 : 881.53"
"7,18 : 394.18"
"7,19 : 620.76"
"7,20 : 911.8"
"7,21 : 402.89"
"7,22 : 762.83"
"7,23 : 698.97"
"7,24 : 897.93"
"7,25 : 775.0"
"7,26 : 1003.76"
"7,27 : 790.77"
"7,28 : 222.25"
"7,29 : 981.34"
"7,30 : 608.3"
"7,31 : 884.04"
"7,32 : 1025.31"
"7,33 : 817.13"
"7,34 : 447.73"
"7,35 : 772.31"
"7,36 : 496.15"
"7,37 : 565.28"
"7,38 : 282.9"
"7,39 : 761.58"
"7,40 : 577.76"
"7,41 : 733.03"
"7,42 : 454.41"
"7,43 : 767.92"
"7,44 : 454.74"
"7,45 : 582.23"
"7,46 : 835.31"
"7,47 : 369.77"
"7,48 : 723.08"
"7,49 : 262.0"
"8,0 : 614.31"
"8,1 : 633.45"
"8,2 : 725.57"
"8,3 : 689.35"
"8,4 : 548.49"
"8,5 : 622.64"
"8,6 : 430.28"
"8,7 : 598.91"
"8,8 : 0.0"
"8,9 : 536.4"
"8,10 : 508.04"
"8,11 : 815.43"
"8,12 : 149.97"
"8,13 : 654.19"
"8,14 : 698.81"
"8,15 : 542.76"
"8,16 : 445.62"
"8,17 : 313.18"
"8,18 : 223.02"
"8,19 : 172.14"
"8,20 : 332.82"
"8,21 : 295.1"
"8,22 : 400.89"
"8,23 : 282.8"
"8,24 : 594.46"
"8,25 : 180.43"
"8,26 : 690.16"
"8,27 : 361.93"
"8,28 : 591.99"
"8,29 : 659.21"
"8,30 : 17.2"
"8,31 : 316.23"
"8,32 : 619.96"
"8,33 : 257.73"
"8,34 : 313.05"
"8,35 : 221.07"
"8,36 : 322.93"
"8,37 : 123.33"
"8,38 : 455.72"
"8,39 : 631.38"
"8,40 : 473.24"
"8,41 : 967.49"
"8,42 : 670.35"
"8,43 : 379.57"
"8,44 : 648.46"
"8,45 : 399.41"
"8,46 : 698.32"
"8,47 : 541.13"
"8,48 : 870.92"
"8,49 : 666.81"
"9,0 : 127.68"
"9,1 : 151.11"
"9,2 : 511.66"
"9,3 : 384.24"
"9,4 : 83.52"
"9,5 : 113.72"
"9,6 : 155.31"
"9,7 : 622.29"
"9,8 : 536.4"
"9,9 : 0.0"
"9,10 : 44.01"
"9,11 : 279.03"
"9,12 : 388.71"
"9,13 : 363.96"
"9,14 : 164.83"
"9,15 : 278.48"
"9,16 : 626.29"
"9,17 : 584.42"
"9,18 : 419.39"
"9,19 : 383.82"
"9,20 : 816.24"
"9,21 : 667.44"
"9,22 : 284.31"
"9,23 : 333.38"
"9,24 : 311.0"
"9,25 : 593.33"
"9,26 : 404.72"
"9,27 : 360.92"
"9,28 : 432.23"
"9,29 : 389.42"
"9,30 : 527.02"
"9,31 : 816.53"
"9,32 : 479.31"
"9,33 : 534.15"
"9,34 : 262.27"
"9,35 : 502.75"
"9,36 : 226.17"
"9,37 : 413.19"
"9,38 : 341.4"
"9,39 : 140.66"
"9,40 : 66.19"
"9,41 : 480.94"
"9,42 : 289.66"
"9,43 : 312.22"
"9,44 : 266.72"
"9,45 : 137.75"
"9,46 : 217.0"
"9,47 : 267.93"
"9,48 : 359.01"
"9,49 : 458.4"
"10,0 : 171.23"
"10,1 : 194.79"
"10,2 : 478.54"
"10,3 : 420.48"
"10,4 : 121.26"
"10,5 : 120.1"
"10,6 : 111.83"
"10,7 : 638.52"
"10,8 : 508.04"
"10,9 : 44.01"
"10,10 : 0.0"
"10,11 : 309.92"
"10,12 : 362.84"
"10,13 : 333.18"
"10,14 : 201.79"
"10,15 : 305.49"
"10,16 : 582.39"
"10,17 : 542.24"
"10,18 : 407.3"
"10,19 : 350.17"
"10,20 : 779.44"
"10,21 : 656.36"
"10,22 : 240.31"
"10,23 : 292.76"
"10,24 : 276.92"
"10,25 : 555.9"
"10,26 : 375.02"
"10,27 : 317.18"
"10,28 : 457.41"
"10,29 : 357.53"
"10,30 : 497.74"
"10,31 : 781.04"
"10,32 : 440.53"
"10,33 : 493.08"
"10,34 : 251.64"
"10,35 : 462.81"
"10,36 : 209.77"
"10,37 : 384.76"
"10,38 : 355.76"
"10,39 : 139.22"
"10,40 : 61.61"
"10,41 : 524.07"
"10,42 : 329.34"
"10,43 : 268.34"
"10,44 : 305.79"
"10,45 : 109.66"
"10,46 : 216.09"
"10,47 : 295.17"
"10,48 : 400.5"
"10,49 : 488.86"
"11,0 : 237.78"
"11,1 : 232.66"
"11,2 : 590.87"
"11,3 : 454.61"
"11,4 : 286.45"
"11,5 : 212.43"
"11,6 : 409.14"
"11,7 : 795.19"
"11,8 : 815.43"
"11,9 : 279.03"
"11,10 : 309.92"
"11,11 : 0.0"
"11,12 : 667.56"
"11,13 : 452.2"
"11,14 : 122.33"
"11,15 : 439.91"
"11,16 : 847.56"
"11,17 : 833.17"
"11,18 : 685.45"
"11,19 : 660.1"
"11,20 : 1087.03"
"11,21 : 927.82"
"11,22 : 515.54"
"11,23 : 595.09"
"11,24 : 434.99"
"11,25 : 863.07"
"11,26 : 476.19"
"11,27 : 596.84"
"11,28 : 575.58"
"11,29 : 479.67"
"11,30 : 805.93"
"11,31 : 1090.03"
"11,32 : 612.01"
"11,33 : 790.87"
"11,34 : 530.69"
"11,35 : 765.07"
"11,36 : 501.33"
"11,37 : 692.19"
"11,38 : 545.99"
"11,39 : 222.91"
"11,40 : 343.2"
"11,41 : 306.01"
"11,42 : 350.3"
"11,43 : 547.45"
"11,44 : 343.84"
"11,45 : 416.33"
"11,46 : 211.29"
"11,47 : 430.84"
"11,48 : 172.41"
"11,49 : 563.85"
"12,0 : 464.42"
"12,1 : 483.74"
"12,2 : 647.19"
"12,3 : 557.32"
"12,4 : 398.53"
"12,5 : 480.13"
"12,6 : 296.67"
"12,7 : 534.07"
"12,8 : 149.97"
"12,9 : 388.71"
"12,10 : 362.84"
"12,11 : 667.56"
"12,12 : 0.0"
"12,13 : 552.56"
"12,14 : 549.85"
"12,15 : 406.83"
"12,16 : 463.06"
"12,17 : 349.41"
"12,18 : 142.34"
"12,19 : 89.89"
"12,20 : 465.89"
"12,21 : 341.12"
"12,22 : 301.29"
"12,23 : 195.49"
"12,24 : 488.94"
"12,25 : 267.8"
"12,26 : 592.23"
"12,27 : 290.62"
"12,28 : 479.25"
"12,29 : 562.6"
"12,30 : 143.45"
"12,31 : 455.64"
"12,32 : 552.31"
"12,33 : 284.51"
"12,34 : 168.12"
"12,35 : 239.47"
"12,36 : 173.1"
"12,37 : 36.77"
"12,38 : 335.63"
"12,39 : 491.71"
"12,40 : 324.57"
"12,41 : 819.48"
"12,42 : 528.03"
"12,43 : 289.35"
"12,44 : 505.26"
"12,45 : 253.27"
"12,46 : 562.15"
"12,47 : 403.84"
"12,48 : 721.12"
"12,49 : 550.02"
"13,0 : 475.66"
"13,1 : 495.2"
"13,2 : 150.1"
"13,3 : 746.93"
"13,4 : 447.22"
"13,5 : 293.64"
"13,6 : 291.38"
"13,7 : 960.64"
"13,8 : 654.19"
"13,9 : 363.96"
"13,10 : 333.18"
"13,11 : 452.2"
"13,12 : 552.56"
"13,13 : 0.0"
"13,14 : 425.03"
"13,15 : 638.66"
"13,16 : 461.78"
"13,17 : 505.22"
"13,18 : 658.52"
"13,19 : 486.2"
"13,20 : 806.15"
"13,21 : 892.2"
"13,22 : 254.31"
"13,23 : 371.57"
"13,24 : 65.22"
"13,25 : 602.65"
"13,26 : 43.19"
"13,27 : 300.48"
"13,28 : 789.98"
"13,29 : 28.07"
"13,30 : 638.32"
"13,31 : 824.51"
"13,32 : 164.51"
"13,33 : 492.91"
"13,34 : 529.25"
"13,35 : 491.29"
"13,36 : 478.36"
"13,37 : 552.94"
"13,38 : 679.2"
"13,39 : 263.49"
"13,40 : 388.96"
"13,41 : 751.16"
"13,42 : 647.64"
"13,43 : 274.77"
"13,44 : 626.36"
"13,45 : 379.95"
"13,46 : 241.58"
"13,47 : 628.35"
"13,48 : 614.04"
"13,49 : 821.57"
"14,0 : 120.17"
"14,1 : 120.93"
"14,2 : 573.35"
"14,3 : 371.83"
"14,4 : 164.15"
"14,5 : 137.79"
"14,6 : 309.76"
"14,7 : 688.89"
"14,8 : 698.81"
"14,9 : 164.83"
"14,10 : 201.79"
"14,11 : 122.33"
"14,12 : 549.85"
"14,13 : 425.03"
"14,14 : 0.0"
"14,15 : 329.63"
"14,16 : 769.77"
"14,17 : 740.77"
"14,18 : 563.24"
"14,19 : 548.62"
"14,20 : 980.67"
"14,21 : 805.56"
"14,22 : 428.96"
"14,23 : 494.08"
"14,24 : 391.32"
"14,25 : 757.4"
"14,26 : 457.63"
"14,27 : 509.4"
"14,28 : 473.99"
"14,29 : 453.05"
"14,30 : 690.06"
"14,31 : 981.32"
"14,32 : 571.62"
"14,33 : 693.69"
"14,34 : 408.94"
"14,35 : 664.36"
"14,36 : 381.22"
"14,37 : 576.02"
"14,38 : 429.53"
"14,39 : 163.36"
"14,40 : 225.61"
"14,41 : 338.53"
"14,42 : 263.9"
"14,43 : 459.61"
"14,44 : 251.02"
"14,45 : 302.17"
"14,46 : 196.73"
"14,47 : 319.88"
"14,48 : 205.91"
"14,49 : 473.38"
"15,0 : 210.98"
"15,1 : 209.17"
"15,2 : 783.04"
"15,3 : 152.09"
"15,4 : 200.47"
"15,5 : 379.86"
"15,6 : 375.07"
"15,7 : 359.7"
"15,8 : 542.76"
"15,9 : 278.48"
"15,10 : 305.49"
"15,11 : 439.91"
"15,12 : 406.83"
"15,13 : 638.66"
"15,14 : 329.63"
"15,15 : 0.0"
"15,16 : 804.42"
"15,17 : 722.38"
"15,18 : 337.03"
"15,19 : 459.79"
"15,20 : 871.42"
"15,21 : 536.65"
"15,22 : 495.43"
"15,23 : 480.83"
"15,24 : 581.4"
"15,25 : 671.8"
"15,26 : 680.47"
"15,27 : 551.06"
"15,28 : 154.16"
"15,29 : 662.81"
"15,30 : 541.85"
"15,31 : 858.29"
"15,32 : 735.84"
"15,33 : 660.08"
"15,34 : 241.97"
"15,35 : 617.92"
"15,36 : 261.98"
"15,37 : 443.15"
"15,38 : 118.66"
"15,39 : 411.34"
"15,40 : 252.0"
"15,41 : 454.78"
"15,42 : 138.71"
"15,43 : 512.52"
"15,44 : 123.76"
"15,45 : 291.87"
"15,46 : 481.66"
"15,47 : 10.63"
"15,48 : 398.72"
"15,49 : 185.85"
"16,0 : 751.08"
"16,1 : 774.85"
"16,2 : 433.63"
"16,3 : 952.58"
"16,4 : 690.78"
"16,5 : 639.02"
"16,6 : 471.43"
"16,7 : 996.89"
"16,8 : 445.62"
"16,9 : 626.29"
"16,10 : 582.39"
"16,11 : 847.56"
"16,12 : 463.06"
"16,13 : 461.78"
"16,14 : 769.77"
"16,15 : 804.42"
"16,16 : 0.0"
"16,17 : 134.71"
"16,18 : 604.68"
"16,19 : 376.48"
"16,20 : 400.9"
"16,21 : 740.66"
"16,22 : 342.61"
"16,23 : 323.61"
"16,24 : 438.63"
"16,25 : 284.26"
"16,26 : 472.98"
"16,27 : 265.93"
"16,28 : 916.07"
"16,29 : 446.77"
"16,30 : 429.78"
"16,31 : 432.41"
"16,32 : 325.68"
"16,33 : 188.77"
"16,34 : 579.01"
"16,35 : 230.31"
"16,36 : 545.54"
"16,37 : 433.65"
"16,38 : 772.03"
"16,39 : 624.73"
"16,40 : 596.53"
"16,41 : 1104.47"
"16,42 : 886.71"
"16,43 : 314.08"
"16,44 : 861.71"
"16,45 : 526.51"
"16,46 : 651.26"
"16,47 : 797.48"
"16,48 : 975.5"
"16,49 : 977.78"
"17,0 : 701.78"
"17,1 : 725.17"
"17,2 : 514.43"
"17,3 : 873.73"
"17,4 : 637.12"
"17,5 : 620.75"
"17,6 : 431.37"
"17,7 : 881.53"
"17,8 : 313.18"
"17,9 : 584.42"
"17,10 : 542.24"
"17,11 : 833.17"
"17,12 : 349.41"
"17,13 : 505.22"
"17,14 : 740.77"
"17,15 : 722.38"
"17,16 : 134.71"
"17,17 : 0.0"
"17,18 : 487.35"
"17,19 : 270.07"
"17,20 : 304.53"
"17,21 : 607.62"
"17,22 : 318.31"
"17,23 : 254.17"
"17,24 : 466.18"
"17,25 : 150.23"
"17,26 : 526.64"
"17,27 : 237.61"
"17,28 : 820.0"
"17,29 : 496.96"
"17,30 : 297.85"
"17,31 : 328.39"
"17,32 : 401.18"
"17,33 : 65.0"
"17,34 : 485.79"
"17,35 : 110.02"
"17,36 : 460.44"
"17,37 : 316.52"
"17,38 : 674.88"
"17,39 : 613.05"
"17,40 : 542.72"
"17,41 : 1064.71"
"17,42 : 819.35"
"17,43 : 286.16"
"17,44 : 794.54"
"17,45 : 465.75"
"17,46 : 654.27"
"17,47 : 716.65"
"17,48 : 942.69"
"17,49 : 886.28"
"18,0 : 457.68"
"18,1 : 471.97"
"18,2 : 767.63"
"18,3 : 475.78"
"18,4 : 399.84"
"18,5 : 526.9"
"18,6 : 376.9"
"18,7 : 394.18"
"18,8 : 223.02"
"18,9 : 419.39"
"18,10 : 407.3"
"18,11 : 685.45"
"18,12 : 142.34"
"18,13 : 658.52"
"18,14 : 563.24"
"18,15 : 337.03"
"18,16 : 604.68"
"18,17 : 487.35"
"18,18 : 0.0"
"18,19 : 231.77"
"18,20 : 555.09"
"18,21 : 249.07"
"18,22 : 419.14"
"18,23 : 327.62"
"18,24 : 593.4"
"18,25 : 386.99"
"18,26 : 700.31"
"18,27 : 423.6"
"18,28 : 369.4"
"18,29 : 672.43"
"18,30 : 227.71"
"18,31 : 535.96"
"18,32 : 679.84"
"18,33 : 423.02"
"18,34 : 157.11"
"18,35 : 378.28"
"18,36 : 198.29"
"18,37 : 171.41"
"18,38 : 237.24"
"18,39 : 545.98"
"18,40 : 353.75"
"18,41 : 783.55"
"18,42 : 472.7"
"18,43 : 413.79"
"18,44 : 453.52"
"18,45 : 305.14"
"18,46 : 621.89"
"18,47 : 337.6"
"18,48 : 704.47"
"18,49 : 444.78"
"19,0 : 479.35"
"19,1 : 500.87"
"19,2 : 569.39"
"19,3 : 611.87"
"19,4 : 412.08"
"19,5 : 459.19"
"19,6 : 261.96"
"19,7 : 620.76"
"19,8 : 172.14"
"19,9 : 383.82"
"19,10 : 350.17"
"19,11 : 660.1"
"19,12 : 89.89"
"19,13 : 486.2"
"19,14 : 548.62"
"19,15 : 459.79"
"19,16 : 376.48"
"19,17 : 270.07"
"19,18 : 231.77"
"19,19 : 0.0"
"19,20 : 435.84"
"19,21 : 419.8"
"19,22 : 231.89"
"19,23 : 116.3"
"19,24 : 424.92"
"19,25 : 218.33"
"19,26 : 523.75"
"19,27 : 207.0"
"19,28 : 550.14"
"19,29 : 493.22"
"19,30 : 158.03"
"19,31 : 433.49"
"19,32 : 470.2"
"19,33 : 205.41"
"19,34 : 218.83"
"19,35 : 161.11"
"19,36 : 202.37"
"19,37 : 71.7"
"19,38 : 405.03"
"19,39 : 465.02"
"19,40 : 325.85"
"19,41 : 842.88"
"19,42 : 568.91"
"19,43 : 214.04"
"19,44 : 544.85"
"19,45 : 246.84"
"19,46 : 529.24"
"19,47 : 455.11"
"19,48 : 734.35"
"19,49 : 617.38"
"20,0 : 915.16"
"20,1 : 936.56"
"20,2 : 818.01"
"20,3 : 1020.14"
"20,4 : 847.89"
"20,5 : 878.42"
"20,6 : 678.45"
"20,7 : 911.8"
"20,8 : 332.82"
"20,9 : 816.24"
"20,10 : 779.44"
"20,11 : 1087.03"
"20,12 : 465.89"
"20,13 : 806.15"
"20,14 : 980.67"
"20,15 : 871.42"
"20,16 : 400.9"
"20,17 : 304.53"
"20,18 : 555.09"
"20,19 : 435.84"
"20,20 : 0.0"
"20,21 : 540.05"
"20,22 : 592.37"
"20,23 : 493.62"
"20,24 : 762.29"
"20,25 : 223.99"
"20,26 : 829.73"
"20,27 : 518.93"
"20,28 : 924.46"
"20,29 : 799.61"
"20,30 : 330.99"
"20,31 : 41.62"
"20,32 : 705.03"
"20,33 : 315.13"
"20,34 : 633.91"
"20,35 : 328.01"
"20,36 : 631.73"
"20,37 : 430.6"
"20,38 : 788.4"
"20,39 : 877.61"
"20,40 : 760.89"
"20,41 : 1278.01"
"20,42 : 993.77"
"20,43 : 561.23"
"20,44 : 970.78"
"20,45 : 681.24"
"20,46 : 930.16"
"20,47 : 868.96"
"20,48 : 1170.0"
"20,49 : 999.53"
"21,0 : 694.34"
"21,1 : 705.76"
"21,2 : 987.66"
"21,3 : 646.39"
"21,4 : 641.41"
"21,5 : 775.87"
"21,6 : 620.76"
"21,7 : 402.89"
"21,8 : 295.1"
"21,9 : 667.44"
"21,10 : 656.36"
"21,11 : 927.82"
"21,12 : 341.12"
"21,13 : 892.2"
"21,14 : 805.56"
"21,15 : 536.65"
"21,16 : 740.66"
"21,17 : 607.62"
"21,18 : 249.07"
"21,19 : 419.8"
"21,20 : 540.05"
"21,21 : 0.0"
"21,22 : 642.38"
"21,23 : 534.24"
"21,24 : 827.92"
"21,25 : 467.05"
"21,26 : 932.51"
"21,27 : 626.8"
"21,28 : 503.35"
"21,29 : 903.18"
"21,30 : 311.23"
"21,31 : 506.29"
"21,32 : 890.0"
"21,33 : 552.78"
"21,34 : 405.5"
"21,35 : 515.0"
"21,36 : 447.21"
"21,37 : 348.21"
"21,38 : 419.01"
"21,39 : 795.03"
"21,40 : 602.2"
"21,41 : 990.99"
"21,42 : 674.77"
"21,43 : 629.99"
"21,44 : 660.29"
"21,45 : 553.51"
"21,46 : 870.82"
"21,47 : 540.79"
"21,48 : 929.05"
"21,49 : 577.64"
"22,0 : 410.49"
"22,1 : 434.22"
"22,2 : 348.64"
"22,3 : 634.05"
"22,4 : 353.14"
"22,5 : 303.37"
"22,6 : 131.22"
"22,7 : 762.83"
"22,8 : 400.89"
"22,9 : 284.31"
"22,10 : 240.31"
"22,11 : 515.54"
"22,12 : 301.29"
"22,13 : 254.31"
"22,14 : 428.96"
"22,15 : 495.43"
"22,16 : 342.61"
"22,17 : 318.31"
"22,18 : 419.14"
"22,19 : 231.89"
"22,20 : 592.37"
"22,21 : 642.38"
"22,22 : 0.0"
"22,23 : 118.23"
"22,24 : 193.57"
"22,25 : 373.48"
"22,26 : 292.29"
"22,27 : 81.32"
"22,28 : 629.41"
"22,29 : 262.09"
"22,30 : 385.35"
"22,31 : 603.38"
"22,32 : 264.24"
"22,33 : 281.58"
"22,34 : 315.18"
"22,35 : 264.51"
"22,36 : 267.0"
"22,37 : 299.16"
"22,38 : 496.23"
"22,39 : 294.74"
"22,40 : 261.4"
"22,41 : 761.98"
"22,42 : 556.35"
"22,43 : 32.2"
"22,44 : 531.63"
"22,45 : 203.63"
"22,46 : 339.12"
"22,47 : 486.82"
"22,48 : 634.04"
"22,49 : 679.25"
"23,0 : 447.93"
"23,1 : 471.22"
"23,2 : 453.68"
"23,3 : 629.53"
"23,4 : 382.98"
"23,5 : 385.02"
"23,6 : 186.01"
"23,7 : 698.97"
"23,8 : 282.8"
"23,9 : 333.38"
"23,10 : 292.76"
"23,11 : 595.09"
"23,12 : 195.49"
"23,13 : 371.57"
"23,14 : 494.08"
"23,15 : 480.83"
"23,16 : 323.61"
"23,17 : 254.17"
"23,18 : 327.62"
"23,19 : 116.3"
"23,20 : 493.62"
"23,21 : 534.24"
"23,22 : 118.23"
"23,23 : 0.0"
"23,24 : 311.71"
"23,25 : 270.12"
"23,26 : 408.29"
"23,27 : 96.05"
"23,28 : 595.76"
"23,29 : 377.58"
"23,30 : 267.17"
"23,31 : 500.06"
"23,32 : 356.85"
"23,33 : 200.89"
"23,34 : 260.64"
"23,35 : 170.42"
"23,36 : 223.0"
"23,37 : 186.59"
"23,38 : 453.55"
"23,39 : 384.16"
"23,40 : 288.72"
"23,41 : 811.8"
"23,42 : 568.15"
"23,43 : 97.86"
"23,44 : 543.2"
"23,45 : 211.65"
"23,46 : 439.89"
"23,47 : 473.97"
"23,48 : 692.38"
"23,49 : 655.25"
"24,0 : 428.67"
"24,1 : 449.46"
"24,2 : 201.69"
"24,3 : 695.24"
"24,4 : 394.51"
"24,5 : 254.95"
"24,6 : 227.04"
"24,7 : 897.93"
"24,8 : 594.46"
"24,9 : 311.0"
"24,10 : 276.92"
"24,11 : 434.99"
"24,12 : 488.94"
"24,13 : 65.22"
"24,14 : 391.32"
"24,15 : 581.4"
"24,16 : 438.63"
"24,17 : 466.18"
"24,18 : 593.4"
"24,19 : 424.92"
"24,20 : 762.29"
"24,21 : 827.92"
"24,22 : 193.57"
"24,23 : 311.71"
"24,24 : 0.0"
"24,25 : 552.95"
"24,26 : 107.81"
"24,27 : 247.89"
"24,28 : 731.28"
"24,29 : 83.41"
"24,30 : 578.88"
"24,31 : 778.39"
"24,32 : 180.43"
"24,33 : 447.32"
"24,34 : 464.41"
"24,35 : 441.44"
"24,36 : 413.49"
"24,37 : 490.5"
"24,38 : 617.29"
"24,39 : 228.02"
"24,40 : 330.04"
"24,41 : 725.21"
"24,42 : 598.76"
"24,43 : 216.75"
"24,44 : 576.62"
"24,45 : 316.28"
"24,46 : 225.14"
"24,47 : 571.23"
"24,48 : 588.6"
"24,49 : 765.64"
"25,0 : 695.79"
"25,1 : 717.76"
"25,2 : 638.38"
"25,3 : 823.32"
"25,4 : 628.62"
"25,5 : 654.55"
"25,6 : 454.49"
"25,7 : 775.0"
"25,8 : 180.43"
"25,9 : 593.33"
"25,10 : 555.9"
"25,11 : 863.07"
"25,12 : 267.8"
"25,13 : 602.65"
"25,14 : 757.4"
"25,15 : 671.8"
"25,16 : 284.26"
"25,17 : 150.23"
"25,18 : 386.99"
"25,19 : 218.33"
"25,20 : 223.99"
"25,21 : 467.05"
"25,22 : 373.48"
"25,23 : 270.12"
"25,24 : 552.95"
"25,25 : 0.0"
"25,26 : 631.01"
"25,27 : 305.33"
"25,28 : 745.77"
"25,29 : 600.0"
"25,30 : 168.32"
"25,31 : 230.46"
"25,32 : 525.85"
"25,33 : 118.0"
"25,34 : 430.01"
"25,35 : 111.54"
"25,36 : 419.78"
"25,37 : 231.04"
"25,38 : 603.06"
"25,39 : 654.28"
"25,40 : 539.56"
"25,41 : 1060.28"
"25,42 : 786.01"
"25,43 : 343.43"
"25,44 : 762.19"
"25,45 : 459.66"
"25,46 : 708.61"
"25,47 : 668.01"
"25,48 : 948.97"
"25,49 : 817.45"
"26,0 : 513.88"
"26,1 : 532.85"
"26,2 : 116.07"
"26,3 : 786.62"
"26,4 : 487.69"
"26,5 : 329.51"
"26,6 : 334.48"
"26,7 : 1003.76"
"26,8 : 690.16"
"26,9 : 404.72"
"26,10 : 375.02"
"26,11 : 476.19"
"26,12 : 592.23"
"26,13 : 43.19"
"26,14 : 457.63"
"26,15 : 680.47"
"26,16 : 472.98"
"26,17 : 526.64"
"26,18 : 700.31"
"26,19 : 523.75"
"26,20 : 829.73"
"26,21 : 932.51"
"26,22 : 292.29"
"26,23 : 408.29"
"26,24 : 107.81"
"26,25 : 631.01"
"26,26 : 0.0"
"26,27 : 332.63"
"26,28 : 832.18"
"26,29 : 31.26"
"26,30 : 674.05"
"26,31 : 849.68"
"26,32 : 158.55"
"26,33 : 518.87"
"26,34 : 572.19"
"26,35 : 520.22"
"26,36 : 521.28"
"26,37 : 591.44"
"26,38 : 722.21"
"26,39 : 298.41"
"26,40 : 431.42"
"26,41 : 778.45"
"26,42 : 686.29"
"26,43 : 310.72"
"26,44 : 665.4"
"26,45 : 423.14"
"26,46 : 268.36"
"26,47 : 670.12"
"26,48 : 641.52"
"26,49 : 862.83"
"27,0 : 485.18"
"27,1 : 508.94"
"27,2 : 364.49"
"27,3 : 695.05"
"27,4 : 425.07"
"27,5 : 384.69"
"27,6 : 205.73"
"27,7 : 790.77"
"27,8 : 361.93"
"27,9 : 360.92"
"27,10 : 317.18"
"27,11 : 596.84"
"27,12 : 290.62"
"27,13 : 300.48"
"27,14 : 509.4"
"27,15 : 551.06"
"27,16 : 265.93"
"27,17 : 237.61"
"27,18 : 423.6"
"27,19 : 207.0"
"27,20 : 518.93"
"27,21 : 626.8"
"27,22 : 81.32"
"27,23 : 96.05"
"27,24 : 247.89"
"27,25 : 305.33"
"27,26 : 332.63"
"27,27 : 0.0"
"27,28 : 676.02"
"27,29 : 301.38"
"27,30 : 345.27"
"27,31 : 532.61"
"27,32 : 263.21"
"27,33 : 204.85"
"27,34 : 346.84"
"27,35 : 194.0"
"27,36 : 303.98"
"27,37 : 278.64"
"27,38 : 536.97"
"27,39 : 375.73"
"27,40 : 331.14"
"27,41 : 840.7"
"27,42 : 623.57"
"27,43 : 49.82"
"27,44 : 598.63"
"27,45 : 264.2"
"27,46 : 417.44"
"27,47 : 543.21"
"27,48 : 713.98"
"27,49 : 731.21"
"28,0 : 359.36"
"28,1 : 353.42"
"28,2 : 932.44"
"28,3 : 156.55"
"28,4 : 354.57"
"28,5 : 533.77"
"28,6 : 517.32"
"28,7 : 222.25"
"28,8 : 591.99"
"28,9 : 432.23"
"28,10 : 457.41"
"28,11 : 575.58"
"28,12 : 479.25"
"28,13 : 789.98"
"28,14 : 473.99"
"28,15 : 154.16"
"28,16 : 916.07"
"28,17 : 820.0"
"28,18 : 369.4"
"28,19 : 550.14"
"28,20 : 924.46"
"28,21 : 503.35"
"28,22 : 629.41"
"28,23 : 595.76"
"28,24 : 731.28"
"28,25 : 745.77"
"28,26 : 832.18"
"28,27 : 676.02"
"28,28 : 0.0"
"28,29 : 813.49"
"28,30 : 595.48"
"28,31 : 905.06"
"28,32 : 879.48"
"28,33 : 755.51"
"28,34 : 337.07"
"28,35 : 711.21"
"28,36 : 373.21"
"28,37 : 515.66"
"28,38 : 145.12"
"28,39 : 565.38"
"28,40 : 401.29"
"28,41 : 521.7"
"28,42 : 232.16"
"28,43 : 642.5"
"28,44 : 233.05"
"28,45 : 429.47"
"28,46 : 635.0"
"28,47 : 164.78"
"28,48 : 501.75"
"28,49 : 76.84"
"29,0 : 502.52"
"29,1 : 522.28"
"29,2 : 123.0"
"29,3 : 772.95"
"29,4 : 472.83"
"29,5 : 321.31"
"29,6 : 310.1"
"29,7 : 981.34"
"29,8 : 659.21"
"29,9 : 389.42"
"29,10 : 357.53"
"29,11 : 479.67"
"29,12 : 562.6"
"29,13 : 28.07"
"29,14 : 453.05"
"29,15 : 662.81"
"29,16 : 446.77"
"29,17 : 496.96"
"29,18 : 672.43"
"29,19 : 493.22"
"29,20 : 799.61"
"29,21 : 903.18"
"29,22 : 262.09"
"29,23 : 377.58"
"29,24 : 83.41"
"29,25 : 600.0"
"29,26 : 31.26"
"29,27 : 301.38"
"29,28 : 813.49"
"29,29 : 0.0"
"29,30 : 643.06"
"29,31 : 819.22"
"29,32 : 140.42"
"29,33 : 488.19"
"29,34 : 546.73"
"29,35 : 489.12"
"29,36 : 495.8"
"29,37 : 561.23"
"29,38 : 700.63"
"29,39 : 291.34"
"29,40 : 412.22"
"29,41 : 779.09"
"29,42 : 674.25"
"29,43 : 279.9"
"29,44 : 652.79"
"29,45 : 399.61"
"29,46 : 269.32"
"29,47 : 652.56"
"29,48 : 641.98"
"29,49 : 846.3"
"30,0 : 607.6"
"30,1 : 627.09"
"30,2 : 708.71"
"30,3 : 689.52"
"30,4 : 541.42"
"30,5 : 611.45"
"30,6 : 417.78"
"30,7 : 608.3"
"30,8 : 17.2"
"30,9 : 527.02"
"30,10 : 497.74"
"30,11 : 805.93"
"30,12 : 143.45"
"30,13 : 638.32"
"30,14 : 690.06"
"30,15 : 541.85"
"30,16 : 429.78"
"30,17 : 297.85"
"30,18 : 227.71"
"30,19 : 158.03"
"30,20 : 330.99"
"30,21 : 311.23"
"30,22 : 385.35"
"30,23 : 267.17"
"30,24 : 578.88"
"30,25 : 168.32"
"30,26 : 674.05"
"30,27 : 345.27"
"30,28 : 595.48"
"30,29 : 643.06"
"30,30 : 0.0"
"30,31 : 316.44"
"30,32 : 602.92"
"30,33 : 241.57"
"30,34 : 309.19"
"30,35 : 204.35"
"30,36 : 316.46"
"30,37 : 114.06"
"30,38 : 457.65"
"30,39 : 619.54"
"30,40 : 464.46"
"30,41 : 962.66"
"30,42 : 667.85"
"30,43 : 363.6"
"30,44 : 645.65"
"30,45 : 389.64"
"30,46 : 685.75"
"30,47 : 539.89"
"30,48 : 864.37"
"30,49 : 669.79"
"31,0 : 911.45"
"31,1 : 932.37"
"31,2 : 842.81"
"31,3 : 1005.55"
"31,4 : 844.28"
"31,5 : 883.29"
"31,6 : 682.95"
"31,7 : 884.04"
"31,8 : 316.23"
"31,9 : 816.53"
"31,10 : 781.04"
"31,11 : 1090.03"
"31,12 : 455.64"
"31,13 : 824.51"
"31,14 : 981.32"
"31,15 : 858.29"
"31,16 : 432.41"
"31,17 : 328.39"
"31,18 : 535.96"
"31,19 : 433.49"
"31,20 : 41.62"
"31,21 : 506.29"
"31,22 : 603.38"
"31,23 : 500.06"
"31,24 : 778.39"
"31,25 : 230.46"
"31,26 : 849.68"
"31,27 : 532.61"
"31,28 : 905.06"
"31,29 : 819.22"
"31,30 : 316.44"
"31,31 : 0.0"
"31,32 : 729.54"
"31,33 : 331.64"
"31,34 : 623.64"
"31,35 : 339.28"
"31,36 : 624.76"
"31,37 : 421.44"
"31,38 : 771.36"
"31,39 : 884.01"
"31,40 : 759.34"
"31,41 : 1272.45"
"31,42 : 983.35"
"31,43 : 572.88"
"31,44 : 960.78"
"31,45 : 680.21"
"31,46 : 939.07"
"31,47 : 856.31"
"31,48 : 1167.36"
"31,49 : 980.71"
"32,0 : 602.37"
"32,1 : 624.12"
"32,2 : 113.36"
"32,3 : 860.65"
"32,4 : 561.51"
"32,5 : 434.75"
"32,6 : 362.17"
"32,7 : 1025.31"
"32,8 : 619.96"
"32,9 : 479.31"
"32,10 : 440.53"
"32,11 : 612.01"
"32,12 : 552.31"
"32,13 : 164.51"
"32,14 : 571.62"
"32,15 : 735.84"
"32,16 : 325.68"
"32,17 : 401.18"
"32,18 : 679.84"
"32,19 : 470.2"
"32,20 : 705.03"
"32,21 : 890.0"
"32,22 : 264.24"
"32,23 : 356.85"
"32,24 : 180.43"
"32,25 : 525.85"
"32,26 : 158.55"
"32,27 : 263.21"
"32,28 : 879.48"
"32,29 : 140.42"
"32,30 : 602.92"
"32,31 : 729.54"
"32,32 : 0.0"
"32,33 : 408.33"
"32,34 : 578.45"
"32,35 : 421.06"
"32,36 : 529.24"
"32,37 : 541.81"
"32,38 : 753.34"
"32,39 : 408.4"
"32,40 : 485.34"
"32,41 : 905.39"
"32,42 : 768.97"
"32,43 : 266.06"
"32,44 : 745.86"
"32,45 : 450.7"
"32,46 : 400.76"
"32,47 : 726.23"
"32,48 : 768.63"
"32,49 : 921.69"
"33,0 : 648.09"
"33,1 : 671.22"
"33,2 : 521.14"
"33,3 : 811.76"
"33,4 : 582.49"
"33,5 : 578.86"
"33,6 : 384.11"
"33,7 : 817.13"
"33,8 : 257.73"
"33,9 : 534.15"
"33,10 : 493.08"
"33,11 : 790.87"
"33,12 : 284.51"
"33,13 : 492.91"
"33,14 : 693.69"
"33,15 : 660.08"
"33,16 : 188.77"
"33,17 : 65.0"
"33,18 : 423.02"
"33,19 : 205.41"
"33,20 : 315.13"
"33,21 : 552.78"
"33,22 : 281.58"
"33,23 : 200.89"
"33,24 : 447.32"
"33,25 : 118.0"
"33,26 : 518.87"
"33,27 : 204.85"
"33,28 : 755.51"
"33,29 : 488.19"
"33,30 : 241.57"
"33,31 : 331.64"
"33,32 : 408.33"
"33,33 : 0.0"
"33,34 : 422.15"
"33,35 : 45.04"
"33,36 : 398.46"
"33,37 : 251.91"
"33,38 : 610.4"
"33,39 : 573.89"
"33,40 : 488.84"
"33,41 : 1012.49"
"33,42 : 760.05"
"33,43 : 249.65"
"33,44 : 735.36"
"33,45 : 410.49"
"33,46 : 620.67"
"33,47 : 654.6"
"33,48 : 893.15"
"33,49 : 822.25"
"34,0 : 309.38"
"34,1 : 326.24"
"34,2 : 652.75"
"34,3 : 393.86"
"34,4 : 247.52"
"34,5 : 370.57"
"34,6 : 238.48"
"34,7 : 447.73"
"34,8 : 313.05"
"34,9 : 262.27"
"34,10 : 251.64"
"34,11 : 530.69"
"34,12 : 168.12"
"34,13 : 529.25"
"34,14 : 408.94"
"34,15 : 241.97"
"34,16 : 579.01"
"34,17 : 485.79"
"34,18 : 157.11"
"34,19 : 218.83"
"34,20 : 633.91"
"34,21 : 405.5"
"34,22 : 315.18"
"34,23 : 260.64"
"34,24 : 464.41"
"34,25 : 430.01"
"34,26 : 572.19"
"34,27 : 346.84"
"34,28 : 337.07"
"34,29 : 546.73"
"34,30 : 309.19"
"34,31 : 623.64"
"34,32 : 578.45"
"34,33 : 422.15"
"34,34 : 0.0"
"34,35 : 378.85"
"34,36 : 50.93"
"34,37 : 203.4"
"34,38 : 193.31"
"34,39 : 390.81"
"34,40 : 196.74"
"34,41 : 654.81"
"34,42 : 359.91"
"34,43 : 320.66"
"34,44 : 337.16"
"34,45 : 155.65"
"34,46 : 467.37"
"34,47 : 238.0"
"34,48 : 563.05"
"34,49 : 400.79"
"35,0 : 613.45"
"35,1 : 636.31"
"35,2 : 532.37"
"35,3 : 769.81"
"35,4 : 547.22"
"35,5 : 554.15"
"35,6 : 356.26"
"35,7 : 772.31"
"35,8 : 221.07"
"35,9 : 502.75"
"35,10 : 462.81"
"35,11 : 765.07"
"35,12 : 239.47"
"35,13 : 491.29"
"35,14 : 664.36"
"35,15 : 617.92"
"35,16 : 230.31"
"35,17 : 110.02"
"35,18 : 378.28"
"35,19 : 161.11"
"35,20 : 328.01"
"35,21 : 515.0"
"35,22 : 264.51"
"35,23 : 170.42"
"35,24 : 441.44"
"35,25 : 111.54"
"35,26 : 520.22"
"35,27 : 194.0"
"35,28 : 711.21"
"35,29 : 489.12"
"35,30 : 204.35"
"35,31 : 339.28"
"35,32 : 421.06"
"35,33 : 45.04"
"35,34 : 378.85"
"35,35 : 0.0"
"35,36 : 356.91"
"35,37 : 207.04"
"35,38 : 566.12"
"35,39 : 551.38"
"35,40 : 454.53"
"35,41 : 978.49"
"35,42 : 720.47"
"35,43 : 233.69"
"35,44 : 695.91"
"35,45 : 375.3"
"35,46 : 602.26"
"35,47 : 612.67"
"35,48 : 861.45"
"35,49 : 778.39"
"36,0 : 291.38"
"36,1 : 310.64"
"36,2 : 602.16"
"36,3 : 413.35"
"36,4 : 225.85"
"36,5 : 329.8"
"36,6 : 187.8"
"36,7 : 496.15"
"36,8 : 322.93"
"36,9 : 226.17"
"36,10 : 209.77"
"36,11 : 501.33"
"36,12 : 173.1"
"36,13 : 478.36"
"36,14 : 381.22"
"36,15 : 261.98"
"36,16 : 545.54"
"36,17 : 460.44"
"36,18 : 198.29"
"36,19 : 202.37"
"36,20 : 631.73"
"36,21 : 447.21"
"36,22 : 267.0"
"36,23 : 223.0"
"36,24 : 413.49"
"36,25 : 419.78"
"36,26 : 521.28"
"36,27 : 303.98"
"36,28 : 373.21"
"36,29 : 495.8"
"36,30 : 316.46"
"36,31 : 624.76"
"36,32 : 529.24"
"36,33 : 398.46"
"36,34 : 50.93"
"36,35 : 356.91"
"36,36 : 0.0"
"36,37 : 204.28"
"36,38 : 233.0"
"36,39 : 347.91"
"36,40 : 160.02"
"36,41 : 647.88"
"36,42 : 366.55"
"36,43 : 274.52"
"36,44 : 342.55"
"36,45 : 107.56"
"36,46 : 423.62"
"36,47 : 256.22"
"36,48 : 548.02"
"36,49 : 432.37"
"37,0 : 494.52"
"37,1 : 514.4"
"37,2 : 640.25"
"37,3 : 593.86"
"37,4 : 428.04"
"37,5 : 499.94"
"37,6 : 310.32"
"37,7 : 565.28"
"37,8 : 123.33"
"37,9 : 413.19"
"37,10 : 384.76"
"37,11 : 692.19"
"37,12 : 36.77"
"37,13 : 552.94"
"37,14 : 576.02"
"37,15 : 443.15"
"37,16 : 433.65"
"37,17 : 316.52"
"37,18 : 171.41"
"37,19 : 71.7"
"37,20 : 430.6"
"37,21 : 348.21"
"37,22 : 299.16"
"37,23 : 186.59"
"37,24 : 490.5"
"37,25 : 231.04"
"37,26 : 591.44"
"37,27 : 278.64"
"37,28 : 515.66"
"37,29 : 561.23"
"37,30 : 114.06"
"37,31 : 421.44"
"37,32 : 541.81"
"37,33 : 251.91"
"37,34 : 203.4"
"37,35 : 207.04"
"37,36 : 204.28"
"37,37 : 0.0"
"37,38 : 372.25"
"37,39 : 509.55"
"37,40 : 350.41"
"37,41 : 852.0"
"37,42 : 563.17"
"37,43 : 283.59"
"37,44 : 540.19"
"37,45 : 276.08"
"37,46 : 577.91"
"37,47 : 440.01"
"37,48 : 751.34"
"37,49 : 586.66"
"38,0 : 309.52"
"38,1 : 313.41"
"38,2 : 815.46"
"38,3 : 239.76"
"38,4 : 278.61"
"38,5 : 452.91"
"38,6 : 394.32"
"38,7 : 282.9"
"38,8 : 455.72"
"38,9 : 341.4"
"38,10 : 355.76"
"38,11 : 545.99"
"38,12 : 335.63"
"38,13 : 679.2"
"38,14 : 429.53"
"38,15 : 118.66"
"38,16 : 772.03"
"38,17 : 674.88"
"38,18 : 237.24"
"38,19 : 405.03"
"38,20 : 788.4"
"38,21 : 419.01"
"38,22 : 496.23"
"38,23 : 453.55"
"38,24 : 617.29"
"38,25 : 603.06"
"38,26 : 722.21"
"38,27 : 536.97"
"38,28 : 145.12"
"38,29 : 700.63"
"38,30 : 457.65"
"38,31 : 771.36"
"38,32 : 753.34"
"38,33 : 610.4"
"38,34 : 193.31"
"38,35 : 566.12"
"38,36 : 233.0"
"38,37 : 372.25"
"38,38 : 0.0"
"38,39 : 481.73"
"38,40 : 294.87"
"38,41 : 571.99"
"38,42 : 255.84"
"38,43 : 506.45"
"38,44 : 242.29"
"38,45 : 304.02"
"38,46 : 556.92"
"38,47 : 124.17"
"38,48 : 516.73"
"38,49 : 214.41"
"39,0 : 220.57"
"39,1 : 237.36"
"39,2 : 413.04"
"39,3 : 496.87"
"39,4 : 210.89"
"39,5 : 32.65"
"39,6 : 203.36"
"39,7 : 761.58"
"39,8 : 631.38"
"39,9 : 140.66"
"39,10 : 139.22"
"39,11 : 222.91"
"39,12 : 491.71"
"39,13 : 263.49"
"39,14 : 163.36"
"39,15 : 411.34"
"39,16 : 624.73"
"39,17 : 613.05"
"39,18 : 545.98"
"39,19 : 465.02"
"39,20 : 877.61"
"39,21 : 795.03"
"39,22 : 294.74"
"39,23 : 384.16"
"39,24 : 228.02"
"39,25 : 654.28"
"39,26 : 298.41"
"39,27 : 375.73"
"39,28 : 565.38"
"39,29 : 291.34"
"39,30 : 619.54"
"39,31 : 884.01"
"39,32 : 408.4"
"39,33 : 573.89"
"39,34 : 390.81"
"39,35 : 551.38"
"39,36 : 347.91"
"39,37 : 509.55"
"39,38 : 481.73"
"39,39 : 0.0"
"39,40 : 197.8"
"39,41 : 498.55"
"39,42 : 392.77"
"39,43 : 326.89"
"39,44 : 373.59"
"39,45 : 243.46"
"39,46 : 77.25"
"39,47 : 400.71"
"39,48 : 362.77"
"39,49 : 583.55"
"40,0 : 159.26"
"40,1 : 182.5"
"40,2 : 531.45"
"40,3 : 377.53"
"40,4 : 94.81"
"40,5 : 174.87"
"40,6 : 131.31"
"40,7 : 577.76"
"40,8 : 473.24"
"40,9 : 66.19"
"40,10 : 61.61"
"40,11 : 343.2"
"40,12 : 324.57"
"40,13 : 388.96"
"40,14 : 225.61"
"40,15 : 252.0"
"40,16 : 596.53"
"40,17 : 542.72"
"40,18 : 353.75"
"40,19 : 325.85"
"40,20 : 760.89"
"40,21 : 602.2"
"40,22 : 261.4"
"40,23 : 288.72"
"40,24 : 330.04"
"40,25 : 539.56"
"40,26 : 431.42"
"40,27 : 331.14"
"40,28 : 401.29"
"40,29 : 412.22"
"40,30 : 464.46"
"40,31 : 759.34"
"40,32 : 485.34"
"40,33 : 488.84"
"40,34 : 196.74"
"40,35 : 454.53"
"40,36 : 160.02"
"40,37 : 350.41"
"40,38 : 294.87"
"40,39 : 197.8"
"40,40 : 0.0"
"40,41 : 523.97"
"40,42 : 295.08"
"40,43 : 285.22"
"40,44 : 270.45"
"40,45 : 79.93"
"40,46 : 275.05"
"40,47 : 242.04"
"40,48 : 409.41"
"40,49 : 437.35"
"41,0 : 365.2"
"41,1 : 342.73"
"41,2 : 894.07"
"41,3 : 365.32"
"41,4 : 432.0"
"41,5 : 475.71"
"41,6 : 635.9"
"41,7 : 733.03"
"41,8 : 967.49"
"41,9 : 480.94"
"41,10 : 524.07"
"41,11 : 306.01"
"41,12 : 819.48"
"41,13 : 751.16"
"41,14 : 338.53"
"41,15 : 454.78"
"41,16 : 1104.47"
"41,17 : 1064.71"
"41,18 : 783.55"
"41,19 : 842.88"
"41,20 : 1278.01"
"41,21 : 990.99"
"41,22 : 761.98"
"41,23 : 811.8"
"41,24 : 725.21"
"41,25 : 1060.28"
"41,26 : 778.45"
"41,27 : 840.7"
"41,28 : 521.7"
"41,29 : 779.09"
"41,30 : 962.66"
"41,31 : 1272.45"
"41,32 : 905.39"
"41,33 : 1012.49"
"41,34 : 654.81"
"41,35 : 978.49"
"41,36 : 647.88"
"41,37 : 852.0"
"41,38 : 571.99"
"41,39 : 498.55"
"41,40 : 523.97"
"41,41 : 0.0"
"41,42 : 316.26"
"41,43 : 791.37"
"41,44 : 332.04"
"41,45 : 603.31"
"41,46 : 510.25"
"41,47 : 451.44"
"41,48 : 137.12"
"41,49 : 471.05"
"42,0 : 172.68"
"42,1 : 155.68"
"42,2 : 797.22"
"42,3 : 107.94"
"42,4 : 208.12"
"42,5 : 360.25"
"42,6 : 426.28"
"42,7 : 454.41"
"42,8 : 670.35"
"42,9 : 289.66"
"42,10 : 329.34"
"42,11 : 350.3"
"42,12 : 528.03"
"42,13 : 647.64"
"42,14 : 263.9"
"42,15 : 138.71"
"42,16 : 886.71"
"42,17 : 819.35"
"42,18 : 472.7"
"42,19 : 568.91"
"42,20 : 993.77"
"42,21 : 674.77"
"42,22 : 556.35"
"42,23 : 568.15"
"42,24 : 598.76"
"42,25 : 786.01"
"42,26 : 686.29"
"42,27 : 623.57"
"42,28 : 232.16"
"42,29 : 674.25"
"42,30 : 667.85"
"42,31 : 983.35"
"42,32 : 768.97"
"42,33 : 760.05"
"42,34 : 359.91"
"42,35 : 720.47"
"42,36 : 366.55"
"42,37 : 563.17"
"42,38 : 255.84"
"42,39 : 392.77"
"42,40 : 295.08"
"42,41 : 316.26"
"42,42 : 0.0"
"42,43 : 579.23"
"42,44 : 25.0"
"42,45 : 360.21"
"42,46 : 449.63"
"42,47 : 136.08"
"42,48 : 271.81"
"42,49 : 213.58"
"43,0 : 437.32"
"43,1 : 461.09"
"43,2 : 357.84"
"43,3 : 653.88"
"43,4 : 378.34"
"43,5 : 335.17"
"43,6 : 157.47"
"43,7 : 767.92"
"43,8 : 379.57"
"43,9 : 312.22"
"43,10 : 268.34"
"43,11 : 547.45"
"43,12 : 289.35"
"43,13 : 274.77"
"43,14 : 459.61"
"43,15 : 512.52"
"43,16 : 314.08"
"43,17 : 286.16"
"43,18 : 413.79"
"43,19 : 214.04"
"43,20 : 561.23"
"43,21 : 629.99"
"43,22 : 32.2"
"43,23 : 97.86"
"43,24 : 216.75"
"43,25 : 343.43"
"43,26 : 310.72"
"43,27 : 49.82"
"43,28 : 642.5"
"43,29 : 279.9"
"43,30 : 363.6"
"43,31 : 572.88"
"43,32 : 266.06"
"43,33 : 249.65"
"43,34 : 320.66"
"43,35 : 233.69"
"43,36 : 274.52"
"43,37 : 283.59"
"43,38 : 506.45"
"43,39 : 326.89"
"43,40 : 285.22"
"43,41 : 791.37"
"43,42 : 579.23"
"43,43 : 0.0"
"43,44 : 554.38"
"43,45 : 222.23"
"43,46 : 371.03"
"43,47 : 504.25"
"43,48 : 664.29"
"43,49 : 694.85"
"44,0 : 153.03"
"44,1 : 137.91"
"44,2 : 775.7"
"44,3 : 123.66"
"44,4 : 184.53"
"44,5 : 340.98"
"44,6 : 401.71"
"44,7 : 454.74"
"44,8 : 648.46"
"44,9 : 266.72"
"44,10 : 305.79"
"44,11 : 343.84"
"44,12 : 505.26"
"44,13 : 626.36"
"44,14 : 251.02"
"44,15 : 123.76"
"44,16 : 861.71"
"44,17 : 794.54"
"44,18 : 453.52"
"44,19 : 544.85"
"44,20 : 970.78"
"44,21 : 660.29"
"44,22 : 531.63"
"44,23 : 543.2"
"44,24 : 576.62"
"44,25 : 762.19"
"44,26 : 665.4"
"44,27 : 598.63"
"44,28 : 233.05"
"44,29 : 652.79"
"44,30 : 645.65"
"44,31 : 960.78"
"44,32 : 745.86"
"44,33 : 735.36"
"44,34 : 337.16"
"44,35 : 695.91"
"44,36 : 342.55"
"44,37 : 540.19"
"44,38 : 242.29"
"44,39 : 373.59"
"44,40 : 270.45"
"44,41 : 332.04"
"44,42 : 25.0"
"44,43 : 554.38"
"44,44 : 0.0"
"44,45 : 335.22"
"44,46 : 432.59"
"44,47 : 119.62"
"44,48 : 278.02"
"44,49 : 222.68"
"45,0 : 238.17"
"45,1 : 261.02"
"45,2 : 511.99"
"45,3 : 431.67"
"45,4 : 172.05"
"45,5 : 228.43"
"45,6 : 90.43"
"45,7 : 582.23"
"45,8 : 399.41"
"45,9 : 137.75"
"45,10 : 109.66"
"45,11 : 416.33"
"45,12 : 253.27"
"45,13 : 379.95"
"45,14 : 302.17"
"45,15 : 291.87"
"45,16 : 526.51"
"45,17 : 465.75"
"45,18 : 305.14"
"45,19 : 246.84"
"45,20 : 681.24"
"45,21 : 553.51"
"45,22 : 203.63"
"45,23 : 211.65"
"45,24 : 316.28"
"45,25 : 459.66"
"45,26 : 423.14"
"45,27 : 264.2"
"45,28 : 429.47"
"45,29 : 399.61"
"45,30 : 389.64"
"45,31 : 680.21"
"45,32 : 450.7"
"45,33 : 410.49"
"45,34 : 155.65"
"45,35 : 375.3"
"45,36 : 107.56"
"45,37 : 276.08"
"45,38 : 304.02"
"45,39 : 243.46"
"45,40 : 79.93"
"45,41 : 603.31"
"45,42 : 360.21"
"45,43 : 222.23"
"45,44 : 335.22"
"45,45 : 0.0"
"45,46 : 317.92"
"45,47 : 283.2"
"45,48 : 489.31"
"45,49 : 476.29"
"46,0 : 281.44"
"46,1 : 294.68"
"46,2 : 384.25"
"46,3 : 556.2"
"46,4 : 282.34"
"46,5 : 104.01"
"46,6 : 268.04"
"46,7 : 835.31"
"46,8 : 698.32"
"46,9 : 217.0"
"46,10 : 216.09"
"46,11 : 211.29"
"46,12 : 562.15"
"46,13 : 241.58"
"46,14 : 196.73"
"46,15 : 481.66"
"46,16 : 651.26"
"46,17 : 654.27"
"46,18 : 621.89"
"46,19 : 529.24"
"46,20 : 930.16"
"46,21 : 870.82"
"46,22 : 339.12"
"46,23 : 439.89"
"46,24 : 225.14"
"46,25 : 708.61"
"46,26 : 268.36"
"46,27 : 417.44"
"46,28 : 635.0"
"46,29 : 269.32"
"46,30 : 685.75"
"46,31 : 939.07"
"46,32 : 400.76"
"46,33 : 620.67"
"46,34 : 467.37"
"46,35 : 602.26"
"46,36 : 423.62"
"46,37 : 577.91"
"46,38 : 556.92"
"46,39 : 77.25"
"46,40 : 275.05"
"46,41 : 510.25"
"46,42 : 449.63"
"46,43 : 371.03"
"46,44 : 432.59"
"46,45 : 317.92"
"46,46 : 0.0"
"46,47 : 471.07"
"46,48 : 373.23"
"46,49 : 648.5"
"47,0 : 200.96"
"47,1 : 199.62"
"47,2 : 772.89"
"47,3 : 157.17"
"47,4 : 189.84"
"47,5 : 369.24"
"47,6 : 365.77"
"47,7 : 369.77"
"47,8 : 541.13"
"47,9 : 267.93"
"47,10 : 295.17"
"47,11 : 430.84"
"47,12 : 403.84"
"47,13 : 628.35"
"47,14 : 319.88"
"47,15 : 10.63"
"47,16 : 797.48"
"47,17 : 716.65"
"47,18 : 337.6"
"47,19 : 455.11"
"47,20 : 868.96"
"47,21 : 540.79"
"47,22 : 486.82"
"47,23 : 473.97"
"47,24 : 571.23"
"47,25 : 668.01"
"47,26 : 670.12"
"47,27 : 543.21"
"47,28 : 164.78"
"47,29 : 652.56"
"47,30 : 539.89"
"47,31 : 856.31"
"47,32 : 726.23"
"47,33 : 654.6"
"47,34 : 238.0"
"47,35 : 612.67"
"47,36 : 256.22"
"47,37 : 440.01"
"47,38 : 124.17"
"47,39 : 400.71"
"47,40 : 242.04"
"47,41 : 451.44"
"47,42 : 136.08"
"47,43 : 504.25"
"47,44 : 119.62"
"47,45 : 283.2"
"47,46 : 471.07"
"47,47 : 0.0"
"47,48 : 392.59"
"47,49 : 195.49"
"48,0 : 256.83"
"48,1 : 237.54"
"48,2 : 757.24"
"48,3 : 355.55"
"48,4 : 323.52"
"48,5 : 341.27"
"48,6 : 511.5"
"48,7 : 723.08"
"48,8 : 870.92"
"48,9 : 359.01"
