x,y
757,377
464,837
448,736
452,876
637,875
769,820
914,970
540,318
17,228
628,874
897,313
714,708
262,66
384,200
651,42
209,883
322,977
910,664
645,334
467,332
854,568
695,901
141,76
250,402
267,434
595,300
182,58
427,20
485,122
267,635
450,841
651,97
979,47
268,415
863,203
770,990
589,800
535,618
365,902
290,967
702,192
333,708
104,293
959,898
680,502
504,340
493,424
86,737
678,756
790,914

Distanze
"0,0 : 0.0"
"0,1 : 545.39"
"0,2 : 473.67"
"0,3 : 584.83"
"0,4 : 512.25"
"0,5 : 443.16"
"0,6 : 613.43"
"0,7 : 224.88"
"0,8 : 754.85"
"0,9 : 513.47"
"0,10 : 153.94"
"0,11 : 333.78"
"0,12 : 584.59"
"0,13 : 412.87"
"0,14 : 351.37"
"0,15 : 745.88"
"0,16 : 741.1"
"0,17 : 325.24"
"0,18 : 119.97"
"0,19 : 293.47"
"0,20 : 214.22"
"0,21 : 527.66"
"0,22 : 685.61"
"0,23 : 507.62"
"0,24 : 493.3"
"0,25 : 179.37"
"0,26 : 657.56"
"0,27 : 486.16"
"0,28 : 372.84"
"0,29 : 553.77"
"0,30 : 556.37"
"0,31 : 299.39"
"0,32 : 397.72"
"0,33 : 490.47"
"0,34 : 203.74"
"0,35 : 613.14"
"0,36 : 455.14"
"0,37 : 327.67"
"0,38 : 655.2"
"0,39 : 752.46"
"0,40 : 193.0"
"0,41 : 537.9"
"0,42 : 658.38"
"0,43 : 558.79"
"0,44 : 146.81"
"0,45 : 255.69"
"0,46 : 268.15"
"0,47 : 761.47"
"0,48 : 387.15"
"0,49 : 538.01"
"1,0 : 545.39"
"1,1 : 0.0"
"1,2 : 102.26"
"1,3 : 40.8"
"1,4 : 177.12"
"1,5 : 305.47"
"1,6 : 469.24"
"1,7 : 524.54"
"1,8 : 755.44"
"1,9 : 168.12"
"1,10 : 679.75"
"1,11 : 281.32"
"1,12 : 797.02"
"1,13 : 642.0"
"1,14 : 816.7"
"1,15 : 259.12"
"1,16 : 199.41"
"1,17 : 478.38"
"1,18 : 534.57"
"1,19 : 505.01"
"1,20 : 473.77"
"1,21 : 239.7"
"1,22 : 826.71"
"1,23 : 484.79"
"1,24 : 448.57"
"1,25 : 552.75"
"1,26 : 828.47"
"1,27 : 817.84"
"1,28 : 715.31"
"1,29 : 282.16"
"1,30 : 14.56"
"1,31 : 763.26"
"1,32 : 943.04"
"1,33 : 465.3"
"1,34 : 749.1"
"1,35 : 342.12"
"1,36 : 130.36"
"1,37 : 230.22"
"1,38 : 118.43"
"1,39 : 217.2"
"1,40 : 687.51"
"1,41 : 183.85"
"1,42 : 652.33"
"1,43 : 498.74"
"1,44 : 398.6"
"1,45 : 498.61"
"1,46 : 414.02"
"1,47 : 391.0"
"1,48 : 228.82"
"1,49 : 334.97"
"2,0 : 473.67"
"2,1 : 102.26"
"2,2 : 0.0"
"2,3 : 140.06"
"2,4 : 234.61"
"2,5 : 331.81"
"2,6 : 521.45"
"2,7 : 428.0"
"2,8 : 666.2"
"2,9 : 226.81"
"2,10 : 616.87"
"2,11 : 267.47"
"2,12 : 695.34"
"2,13 : 539.81"
"2,14 : 723.08"
"2,15 : 280.59"
"2,16 : 271.95"
"2,17 : 467.58"
"2,18 : 447.68"
"2,19 : 404.45"
"2,20 : 439.39"
"2,21 : 297.04"
"2,22 : 727.91"
"2,23 : 388.28"
"2,24 : 352.09"
"2,25 : 460.11"
"2,26 : 728.31"
"2,27 : 716.31"
"2,28 : 615.11"
"2,29 : 207.27"
"2,30 : 105.02"
"2,31 : 670.47"
"2,32 : 869.87"
"2,33 : 368.02"
"2,34 : 675.51"
"2,35 : 410.12"
"2,36 : 154.85"
"2,37 : 146.6"
"2,38 : 185.59"
"2,39 : 279.87"
"2,40 : 600.38"
"2,41 : 118.36"
"2,42 : 560.88"
"2,43 : 536.06"
"2,44 : 329.51"
"2,45 : 399.94"
"2,46 : 315.23"
"2,47 : 362.0"
"2,48 : 230.87"
"2,49 : 385.55"
"3,0 : 584.83"
"3,1 : 40.8"
"3,2 : 140.06"
"3,3 : 0.0"
"3,4 : 185.0"
"3,5 : 321.91"
"3,6 : 471.47"
"3,7 : 564.9"
"3,8 : 780.47"
"3,9 : 176.01"
"3,10 : 717.63"
"3,11 : 311.24"
"3,12 : 831.99"
"3,13 : 679.41"
"3,14 : 857.41"
"3,15 : 243.1"
"3,16 : 164.62"
"3,17 : 504.69"
"3,18 : 575.34"
"3,19 : 544.21"
"3,20 : 506.43"
"3,21 : 244.28"
"3,22 : 858.32"
"3,23 : 515.25"
"3,24 : 479.15"
"3,25 : 593.49"
"3,26 : 861.41"
"3,27 : 856.36"
"3,28 : 754.72"
"3,29 : 303.82"
"3,30 : 35.06"
"3,31 : 804.02"
"3,32 : 982.33"
"3,33 : 496.36"
"3,34 : 788.57"
"3,35 : 337.82"
"3,36 : 156.67"
"3,37 : 271.02"
"3,38 : 90.8"
"3,39 : 185.81"
"3,40 : 728.26"
"3,41 : 205.88"
"3,42 : 678.96"
"3,43 : 507.48"
"3,44 : 438.02"
"3,45 : 538.52"
"3,46 : 453.86"
"3,47 : 391.51"
"3,48 : 255.88"
"3,49 : 340.13"
"4,0 : 512.25"
"4,1 : 177.12"
"4,2 : 234.61"
"4,3 : 185.0"
"4,4 : 0.0"
"4,5 : 143.0"
"4,6 : 292.84"
"4,7 : 565.38"
"4,8 : 896.11"
"4,9 : 9.06"
"4,10 : 619.23"
"4,11 : 183.9"
"4,12 : 891.69"
"4,13 : 720.86"
"4,14 : 833.12"
"4,15 : 428.07"
"4,16 : 331.1"
"4,17 : 345.04"
"4,18 : 541.06"
"4,19 : 568.99"
"4,20 : 375.95"
"4,21 : 63.56"
"4,22 : 940.43"
"4,23 : 611.14"
"4,24 : 575.66"
"4,25 : 576.53"
"4,26 : 935.15"
"4,27 : 880.41"
"4,28 : 768.19"
"4,29 : 441.02"
"4,30 : 190.07"
"4,31 : 778.13"
"4,32 : 895.85"
"4,33 : 589.71"
"4,34 : 708.99"
"4,35 : 175.82"
"4,36 : 89.04"
"4,37 : 276.5"
"4,38 : 273.34"
"4,39 : 358.99"
"4,40 : 686.09"
"4,41 : 346.85"
"4,42 : 789.19"
"4,43 : 322.82"
"4,44 : 375.47"
"4,45 : 551.28"
"4,46 : 473.43"
"4,47 : 568.02"
"4,48 : 125.87"
"4,49 : 157.89"
"5,0 : 443.16"
"5,1 : 305.47"
"5,2 : 331.81"
"5,3 : 321.91"
"5,4 : 143.0"
"5,5 : 0.0"
"5,6 : 208.63"
"5,7 : 551.77"
"5,8 : 957.06"
"5,9 : 150.99"
"5,10 : 522.91"
"5,11 : 124.78"
"5,12 : 908.61"
"5,13 : 729.81"
"5,14 : 786.9"
"5,15 : 563.53"
"5,16 : 473.77"
"5,17 : 210.28"
"5,18 : 501.57"
"5,19 : 573.89"
"5,20 : 265.95"
"5,21 : 109.71"
"5,22 : 973.61"
"5,23 : 666.4"
"5,24 : 633.25"
"5,25 : 548.34"
"5,26 : 961.88"
"5,27 : 870.04"
"5,28 : 753.56"
"5,29 : 535.0"
"5,30 : 319.69"
"5,31 : 732.57"
"5,32 : 801.02"
"5,33 : 644.23"
"5,34 : 624.12"
"5,35 : 170.0"
"5,36 : 181.11"
"5,37 : 309.13"
"5,38 : 412.24"
"5,39 : 501.05"
"5,40 : 631.56"
"5,41 : 450.16"
"5,42 : 848.5"
"5,43 : 205.39"
"5,44 : 330.22"
"5,45 : 548.29"
"5,46 : 482.69"
"5,47 : 688.02"
"5,48 : 111.25"
"5,49 : 96.32"
"6,0 : 613.43"
"6,1 : 469.24"
"6,2 : 521.45"
"6,3 : 471.47"
"6,4 : 292.84"
"6,5 : 208.63"
"6,6 : 0.0"
"6,7 : 751.65"
"6,8 : 1164.12"
"6,9 : 301.68"
"6,10 : 657.22"
"6,11 : 329.61"
"6,12 : 1114.59"
"6,13 : 934.77"
"6,14 : 964.55"
"6,15 : 710.35"
"6,16 : 592.04"
"6,17 : 306.03"
"6,18 : 690.55"
"6,19 : 779.01"
"6,20 : 406.45"
"6,21 : 229.61"
"6,22 : 1181.85"
"6,23 : 873.8"
"6,24 : 840.18"
"6,25 : 742.07"
"6,26 : 1169.43"
"6,27 : 1067.55"
"6,28 : 950.34"
"6,29 : 728.58"
"6,30 : 481.6"
"6,31 : 911.76"
"6,32 : 925.29"
"6,33 : 851.67"
"6,34 : 768.69"
"6,35 : 145.38"
"6,36 : 366.78"
"6,37 : 517.25"
"6,38 : 553.2"
"6,39 : 624.01"
"6,40 : 806.37"
"6,41 : 637.34"
"6,42 : 1055.67"
"6,43 : 84.91"
"6,44 : 523.24"
"6,45 : 751.66"
"6,46 : 689.46"
"6,47 : 860.16"
"6,48 : 318.58"
"6,49 : 136.06"
"7,0 : 224.88"
"7,1 : 524.54"
"7,2 : 428.0"
"7,3 : 564.9"
"7,4 : 565.38"
"7,5 : 551.77"
"7,6 : 751.65"
"7,7 : 0.0"
"7,8 : 530.69"
"7,9 : 562.92"
"7,10 : 357.04"
"7,11 : 427.06"
"7,12 : 375.22"
"7,13 : 195.6"
"7,14 : 297.48"
"7,15 : 654.82"
"7,16 : 694.12"
"7,17 : 506.57"
"7,18 : 106.21"
"7,19 : 74.33"
"7,20 : 401.37"
"7,21 : 603.25"
"7,22 : 466.65"
"7,23 : 301.92"
"7,24 : 296.62"
"7,25 : 57.87"
"7,26 : 442.45"
"7,27 : 318.71"
"7,28 : 203.57"
"7,29 : 418.35"
"7,30 : 530.69"
"7,31 : 247.31"
"7,32 : 515.91"
"7,33 : 288.78"
"7,34 : 342.86"
"7,35 : 710.27"
"7,36 : 484.48"
"7,37 : 300.04"
"7,38 : 609.66"
"7,39 : 695.49"
"7,40 : 205.23"
"7,41 : 441.53"
"7,42 : 436.72"
"7,43 : 715.51"
"7,44 : 231.21"
"7,45 : 42.19"
"7,46 : 115.95"
"7,47 : 617.8"
"7,48 : 459.23"
"7,49 : 646.31"
"8,0 : 754.85"
"8,1 : 755.44"
"8,2 : 666.2"
"8,3 : 780.47"
"8,4 : 896.11"
"8,5 : 957.06"
"8,6 : 1164.12"
"8,7 : 530.69"
"8,8 : 0.0"
"8,9 : 889.18"
"8,10 : 884.1"
"8,11 : 846.29"
"8,12 : 293.72"
"8,13 : 368.07"
"8,14 : 660.72"
"8,15 : 682.56"
"8,16 : 808.72"
"8,17 : 993.75"
"8,18 : 636.88"
"8,19 : 461.86"
"8,20 : 903.42"
"8,21 : 955.31"
"8,22 : 196.16"
"8,23 : 290.8"
"8,24 : 323.94"
"8,25 : 582.47"
"8,26 : 236.91"
"8,27 : 459.74"
"8,28 : 479.85"
"8,29 : 477.65"
"8,30 : 750.51"
"8,31 : 647.39"
"8,32 : 978.88"
"8,33 : 313.0"
"8,34 : 846.37"
"8,35 : 1071.29"
"8,36 : 808.93"
"8,37 : 648.4"
"8,38 : 758.54"
"8,39 : 787.81"
"8,40 : 685.95"
"8,41 : 574.68"
"8,42 : 108.6"
"8,43 : 1155.97"
"8,44 : 717.39"
"8,45 : 499.71"
"8,46 : 514.77"
"8,47 : 513.66"
"8,48 : 845.99"
"8,49 : 1033.5"
"9,0 : 513.47"
"9,1 : 168.12"
"9,2 : 226.81"
"9,3 : 176.01"
"9,4 : 9.06"
"9,5 : 150.99"
"9,6 : 301.68"
"9,7 : 562.92"
"9,8 : 889.18"
"9,9 : 0.0"
"9,10 : 622.16"
"9,11 : 186.95"
"9,12 : 887.03"
"9,13 : 716.81"
"9,14 : 832.32"
"9,15 : 419.1"
"9,16 : 322.87"
"9,17 : 351.6"
"9,18 : 540.27"
"9,19 : 565.41"
"9,20 : 380.41"
"9,21 : 72.24"
"9,22 : 934.87"
"9,23 : 604.7"
"9,24 : 569.14"
"9,25 : 574.95"
"9,26 : 929.93"
"9,27 : 877.34"
"9,28 : 765.48"
"9,29 : 432.95"
"9,30 : 181.03"
"9,31 : 777.34"
"9,32 : 898.4"
"9,33 : 583.34"
"9,34 : 710.96"
"9,35 : 183.36"
"9,36 : 83.65"
"9,37 : 272.37"
"9,38 : 264.49"
"9,39 : 350.56"
"9,40 : 686.0"
"9,41 : 338.5"
"9,42 : 782.39"
"9,43 : 331.87"
"9,44 : 375.62"
"9,45 : 548.21"
"9,46 : 469.81"
"9,47 : 559.05"
"9,48 : 128.16"
"9,49 : 166.87"
"10,0 : 153.94"
"10,1 : 679.75"
"10,2 : 616.87"
"10,3 : 717.63"
"10,4 : 619.23"
"10,5 : 522.91"
"10,6 : 657.22"
"10,7 : 357.04"
"10,8 : 884.1"
"10,9 : 622.16"
"10,10 : 0.0"
"10,11 : 435.33"
"10,12 : 681.35"
"10,13 : 525.3"
"10,14 : 366.0"
"10,15 : 893.45"
"10,16 : 878.36"
"10,17 : 351.24"
"10,18 : 252.87"
"10,19 : 430.42"
"10,20 : 258.6"
"10,21 : 621.73"
"10,22 : 792.28"
"10,23 : 653.09"
"10,24 : 641.51"
"10,25 : 302.28"
"10,26 : 759.11"
"10,27 : 553.85"
"10,28 : 454.12"
"10,29 : 707.52"
"10,30 : 691.8"
"10,31 : 327.37"
"10,32 : 278.35"
"10,33 : 637.22"
"10,34 : 115.13"
"10,35 : 688.81"
"10,36 : 576.22"
"10,37 : 473.36"
"10,38 : 793.69"
"10,39 : 892.28"
"10,40 : 229.49"
"10,41 : 688.56"
"10,42 : 793.25"
"10,43 : 588.28"
"10,44 : 287.77"
"10,45 : 393.93"
"10,46 : 418.97"
"10,47 : 915.15"
"10,48 : 494.18"
"10,49 : 610.45"
"11,0 : 333.78"
"11,1 : 281.32"
"11,2 : 267.47"
"11,3 : 311.24"
"11,4 : 183.9"
"11,5 : 124.78"
"11,6 : 329.61"
"11,7 : 427.06"
"11,8 : 846.29"
"11,9 : 186.95"
"11,10 : 435.33"
"11,11 : 0.0"
"11,12 : 785.15"
"11,13 : 605.78"
"11,14 : 668.97"
"11,15 : 534.46"
"11,16 : 475.42"
"11,17 : 200.88"
"11,18 : 380.31"
"11,19 : 449.87"
"11,20 : 197.99"
"11,21 : 193.93"
"11,22 : 853.08"
"11,23 : 555.82"
"11,24 : 524.29"
"11,25 : 425.0"
"11,26 : 839.95"
"11,27 : 745.46"
"11,28 : 629.16"
"11,29 : 452.92"
"11,30 : 295.61"
"11,31 : 614.24"
"11,32 : 712.14"
"11,33 : 533.63"
"11,34 : 526.52"
"11,35 : 287.51"
"11,36 : 155.21"
"11,37 : 200.35"
"11,38 : 399.3"
"11,39 : 496.85"
"11,40 : 516.14"
"11,41 : 381.0"
"11,42 : 737.78"
"11,43 : 310.04"
"11,44 : 208.79"
"11,45 : 423.7"
"11,46 : 359.86"
"11,47 : 628.67"
"11,48 : 60.0"
"11,49 : 219.57"
"12,0 : 584.59"
"12,1 : 797.02"
"12,2 : 695.34"
"12,3 : 831.99"
"12,4 : 891.69"
"12,5 : 908.61"
"12,6 : 1114.59"
"12,7 : 375.22"
"12,8 : 293.72"
"12,9 : 887.03"
"12,10 : 681.35"
"12,11 : 785.15"
"12,12 : 0.0"
"12,13 : 181.22"
"12,14 : 389.74"
"12,15 : 818.72"
"12,16 : 912.97"
"12,17 : 881.76"
"12,18 : 467.45"
"12,19 : 335.83"
"12,20 : 776.19"
"12,21 : 940.59"
"12,22 : 121.41"
"12,23 : 336.21"
"12,24 : 368.03"
"12,25 : 407.0"
"12,26 : 80.4"
"12,27 : 171.29"
"12,28 : 229.92"
"12,29 : 569.02"
"12,30 : 797.48"
"12,31 : 390.23"
"12,32 : 717.25"
"12,33 : 349.05"
"12,34 : 616.42"
"12,35 : 1054.44"
"12,36 : 803.55"
"12,37 : 615.82"
"12,38 : 842.32"
"12,39 : 901.43"
"12,40 : 457.69"
"12,41 : 645.91"
"12,42 : 276.57"
"12,43 : 1085.37"
"12,44 : 604.0"
"12,45 : 365.57"
"12,46 : 426.06"
"12,47 : 693.7"
"12,48 : 805.7"
"12,49 : 998.94"
"13,0 : 412.87"
"13,1 : 642.0"
"13,2 : 539.81"
"13,3 : 679.41"
"13,4 : 720.86"
"13,5 : 729.81"
"13,6 : 934.77"
"13,7 : 195.6"
"13,8 : 368.07"
"13,9 : 716.81"
"13,10 : 525.3"
"13,11 : 605.78"
"13,12 : 181.22"
"13,13 : 0.0"
"13,14 : 310.25"
"13,15 : 705.06"
"13,16 : 779.47"
"13,17 : 701.41"
"13,18 : 293.39"
"13,19 : 155.93"
"13,20 : 596.93"
"13,21 : 766.89"
"13,22 : 272.81"
"13,23 : 242.4"
"13,24 : 261.62"
"13,25 : 233.5"
"13,26 : 246.92"
"13,27 : 185.06"
"13,28 : 127.61"
"13,29 : 450.46"
"13,30 : 644.39"
"13,31 : 286.18"
"13,32 : 614.36"
"13,33 : 244.3"
"13,34 : 479.01"
"13,35 : 879.26"
"13,36 : 634.05"
"13,37 : 444.44"
"13,38 : 702.26"
"13,39 : 772.74"
"13,40 : 318.1"
"13,41 : 510.55"
"13,42 : 295.04"
"13,43 : 904.34"
"13,44 : 422.87"
"13,45 : 184.39"
"13,46 : 249.11"
"13,47 : 614.14"
"13,48 : 628.95"
"13,49 : 821.36"
"14,0 : 351.37"
"14,1 : 816.7"
"14,2 : 723.08"
"14,3 : 857.41"
"14,4 : 833.12"
"14,5 : 786.9"
"14,6 : 964.55"
"14,7 : 297.48"
"14,8 : 660.72"
"14,9 : 832.32"
"14,10 : 366.0"
"14,11 : 668.97"
"14,12 : 389.74"
"14,13 : 310.25"
"14,14 : 0.0"
"14,15 : 950.08"
"14,16 : 991.19"
"14,17 : 673.77"
"14,18 : 292.06"
"14,19 : 343.45"
"14,20 : 563.81"
"14,21 : 860.13"
"14,22 : 511.13"
"14,23 : 538.89"
"14,24 : 548.74"
"14,25 : 264.01"
"14,26 : 469.27"
"14,27 : 225.08"
"14,28 : 184.27"
"14,29 : 706.47"
"14,30 : 823.89"
"14,31 : 55.0"
"14,32 : 328.04"
"14,33 : 534.62"
"14,34 : 266.2"
"14,35 : 955.44"
"14,36 : 760.53"
"14,37 : 587.56"
"14,38 : 906.31"
"14,39 : 992.95"
"14,40 : 158.43"
"14,41 : 738.02"
"14,42 : 601.84"
"14,43 : 909.73"
"14,44 : 460.91"
"14,45 : 332.28"
"14,46 : 413.39"
"14,47 : 895.68"
"14,48 : 714.51"
"14,49 : 883.01"
"15,0 : 745.88"
"15,1 : 259.12"
"15,2 : 280.59"
"15,3 : 243.1"
"15,4 : 428.07"
"15,5 : 563.53"
"15,6 : 710.35"
"15,7 : 654.82"
"15,8 : 682.56"
"15,9 : 419.1"
"15,10 : 893.45"
"15,11 : 534.46"
"15,12 : 818.72"
"15,13 : 705.06"
"15,14 : 950.08"
"15,15 : 0.0"
"15,16 : 146.99"
"15,17 : 734.41"
"15,18 : 701.07"
"15,19 : 608.41"
"15,20 : 717.81"
"15,21 : 486.33"
"15,22 : 809.86"
"15,23 : 482.74"
"15,24 : 452.73"
"15,25 : 699.2"
"15,26 : 825.44"
"15,27 : 890.11"
"15,28 : 809.5"
"15,29 : 254.69"
"15,30 : 244.63"
"15,31 : 901.75"
"15,32 : 1136.57"
"15,33 : 471.7"
"15,34 : 943.46"
"15,35 : 571.11"
"15,36 : 388.96"
"15,37 : 420.12"
"15,38 : 157.15"
"15,39 : 116.69"
"15,40 : 848.84"
"15,41 : 214.48"
"15,42 : 599.27"
"15,43 : 750.15"
"15,44 : 605.81"
"15,45 : 617.96"
"15,46 : 539.76"
"15,47 : 190.91"
"15,48 : 485.89"
"15,49 : 581.83"
"16,0 : 741.1"
"16,1 : 199.41"
"16,2 : 271.95"
"16,3 : 164.62"
"16,4 : 331.1"
"16,5 : 473.77"
"16,6 : 592.04"
"16,7 : 694.12"
"16,8 : 808.72"
"16,9 : 322.87"
"16,10 : 878.36"
"16,11 : 475.42"
"16,12 : 912.97"
"16,13 : 779.47"
"16,14 : 991.19"
"16,15 : 146.99"
"16,16 : 0.0"
"16,17 : 666.12"
"16,18 : 719.57"
"16,19 : 661.1"
"16,20 : 671.05"
"16,21 : 380.66"
"16,22 : 919.0"
"16,23 : 579.49"
"16,24 : 545.78"
"16,25 : 729.97"
"16,26 : 929.6"
"16,27 : 962.74"
"16,28 : 870.4"
"16,29 : 346.39"
"16,30 : 186.76"
"16,31 : 939.49"
"16,32 : 1138.66"
"16,33 : 564.59"
"16,34 : 944.33"
"16,35 : 448.19"
"16,36 : 320.34"
"16,37 : 417.43"
"16,38 : 86.45"
"16,39 : 33.53"
"16,40 : 872.14"
"16,41 : 269.22"
"16,42 : 717.9"
"16,43 : 641.88"
"16,44 : 594.8"
"16,45 : 662.49"
"16,46 : 578.84"
"16,47 : 336.59"
"16,48 : 419.02"
"16,49 : 472.22"
"17,0 : 325.24"
"17,1 : 478.38"
"17,2 : 467.58"
"17,3 : 504.69"
"17,4 : 345.04"
"17,5 : 210.28"
"17,6 : 306.03"
"17,7 : 506.57"
"17,8 : 993.75"
"17,9 : 351.6"
"17,10 : 351.24"
"17,11 : 200.88"
"17,12 : 881.76"
"17,13 : 701.41"
"17,14 : 673.77"
"17,15 : 734.41"
"17,16 : 666.12"
"17,17 : 0.0"
"17,18 : 423.23"
"17,19 : 553.6"
"17,20 : 111.14"
"17,21 : 319.99"
"17,22 : 968.04"
"17,23 : 710.1"
"17,24 : 682.9"
"17,25 : 481.37"
"17,26 : 947.22"
"17,27 : 805.0"
"17,28 : 688.76"
"17,29 : 643.65"
"17,30 : 492.88"
"17,31 : 623.35"
"17,32 : 620.85"
"17,33 : 688.6"
"17,34 : 463.39"
"17,35 : 354.79"
"17,36 : 348.62"
"17,37 : 377.81"
"17,38 : 594.7"
"17,39 : 690.08"
"17,40 : 515.8"
"17,41 : 578.68"
"17,42 : 887.29"
"17,43 : 239.08"
"17,44 : 281.33"
"17,45 : 519.43"
"17,46 : 481.13"
"17,47 : 827.23"
"17,48 : 249.58"
"17,49 : 277.31"
"18,0 : 119.97"
"18,1 : 534.57"
"18,2 : 447.68"
"18,3 : 575.34"
"18,4 : 541.06"
"18,5 : 501.57"
"18,6 : 690.55"
"18,7 : 106.21"
"18,8 : 636.88"
"18,9 : 540.27"
"18,10 : 252.87"
"18,11 : 380.31"
"18,12 : 467.45"
"18,13 : 293.39"
"18,14 : 292.06"
"18,15 : 701.07"
"18,16 : 719.57"
"18,17 : 423.23"
"18,18 : 0.0"
"18,19 : 178.01"
"18,20 : 313.75"
"18,21 : 569.2"
"18,22 : 566.2"
"18,23 : 400.81"
"18,24 : 391.0"
"18,25 : 60.46"
"18,26 : 539.02"
"18,27 : 382.26"
"18,28 : 265.6"
"18,29 : 483.2"
"18,30 : 543.21"
"18,31 : 237.08"
"18,32 : 440.37"
"18,33 : 385.6"
"18,34 : 254.33"
"18,35 : 667.8"
"18,36 : 469.35"
"18,37 : 304.56"
"18,38 : 633.26"
"18,39 : 725.75"
"18,40 : 153.01"
"18,41 : 487.05"
"18,42 : 542.55"
"18,43 : 645.52"
"18,44 : 171.61"
"18,45 : 141.13"
"18,46 : 176.65"
"18,47 : 689.12"
"18,48 : 423.29"
"18,49 : 597.85"
"19,0 : 293.47"
"19,1 : 505.01"
"19,2 : 404.45"
"19,3 : 544.21"
"19,4 : 568.99"
"19,5 : 573.89"
"19,6 : 779.01"
"19,7 : 74.33"
"19,8 : 461.86"
"19,9 : 565.41"
"19,10 : 430.42"
"19,11 : 449.87"
"19,12 : 335.83"
"19,13 : 155.93"
"19,14 : 343.45"
"19,15 : 608.41"
"19,16 : 661.1"
"19,17 : 553.6"
"19,18 : 178.01"
"19,19 : 0.0"
"19,20 : 453.28"
"19,21 : 612.98"
"19,22 : 414.5"
"19,23 : 228.01"
"19,24 : 224.51"
"19,25 : 131.94"
"19,26 : 395.35"
"19,27 : 314.55"
"19,28 : 210.77"
"19,29 : 363.06"
"19,30 : 509.28"
"19,31 : 298.46"
"19,32 : 585.98"
"19,33 : 215.62"
"19,34 : 416.48"
"19,35 : 724.41"
"19,36 : 483.64"
"19,37 : 293.97"
"19,38 : 579.05"
"19,39 : 659.21"
"19,40 : 273.54"
"19,41 : 399.16"
"19,42 : 365.09"
"19,43 : 749.95"
"19,44 : 272.52"
"19,45 : 37.85"
"19,46 : 95.6"
"19,47 : 556.04"
"19,48 : 473.6"
"19,49 : 665.62"
"20,0 : 214.22"
"20,1 : 473.77"
"20,2 : 439.39"
"20,3 : 506.43"
"20,4 : 375.95"
"20,5 : 265.95"
"20,6 : 406.45"
"20,7 : 401.37"
"20,8 : 903.42"
"20,9 : 380.41"
"20,10 : 258.6"
"20,11 : 197.99"
"20,12 : 776.19"
"20,13 : 596.93"
"20,14 : 563.81"
"20,15 : 717.81"
"20,16 : 671.05"
"20,17 : 111.14"
"20,18 : 313.75"
"20,19 : 453.28"
"20,20 : 0.0"
"20,21 : 369.01"
"20,22 : 866.28"
"20,23 : 626.4"
"20,24 : 602.1"
"20,25 : 372.7"
"20,26 : 843.61"
"20,27 : 694.72"
"20,28 : 578.86"
"20,29 : 590.81"
"20,30 : 487.59"
"20,31 : 512.88"
"20,32 : 535.79"
"20,33 : 605.64"
"20,34 : 365.11"
"20,35 : 430.28"
"20,36 : 352.21"
"20,37 : 322.89"
"20,38 : 592.18"
"20,39 : 690.87"
"20,40 : 405.56"
"20,41 : 539.48"
"20,42 : 798.83"
"20,43 : 346.3"
"20,44 : 186.1"
"20,45 : 417.71"
"20,46 : 388.66"
"20,47 : 786.37"
"20,48 : 257.53"
"20,49 : 351.87"
"21,0 : 527.66"
"21,1 : 239.7"
"21,2 : 297.04"
"21,3 : 244.28"
"21,4 : 63.56"
"21,5 : 109.71"
"21,6 : 229.61"
"21,7 : 603.25"
"21,8 : 955.31"
"21,9 : 72.24"
"21,10 : 621.73"
"21,11 : 193.93"
"21,12 : 940.59"
"21,13 : 766.89"
"21,14 : 860.13"
"21,15 : 486.33"
"21,16 : 380.66"
"21,17 : 319.99"
"21,18 : 569.2"
"21,19 : 612.98"
"21,20 : 369.01"
"21,21 : 0.0"
"21,22 : 993.75"
"21,23 : 668.6"
"21,24 : 633.46"
"21,25 : 609.26"
"21,26 : 986.82"
"21,27 : 920.86"
"21,28 : 806.81"
"21,29 : 503.92"
"21,30 : 252.24"
"21,31 : 805.2"
"21,32 : 899.98"
"21,33 : 646.94"
"21,34 : 717.93"
"21,35 : 116.39"
"21,36 : 146.41"
"21,37 : 325.1"
"21,38 : 330.0"
"21,39 : 410.34"
"21,40 : 709.03"
"21,41 : 410.24"
"21,42 : 847.91"
"21,43 : 264.02"
"21,44 : 399.28"
"21,45 : 592.62"
"21,46 : 518.01"
"21,47 : 630.7"
"21,48 : 145.99"
"21,49 : 95.89"
"22,0 : 685.61"
"22,1 : 826.71"
"22,2 : 727.91"
"22,3 : 858.32"
"22,4 : 940.43"
"22,5 : 973.61"
"22,6 : 1181.85"
"22,7 : 466.65"
"22,8 : 196.16"
"22,9 : 934.87"
"22,10 : 792.28"
"22,11 : 853.08"
"22,12 : 121.41"
"22,13 : 272.81"
"22,14 : 511.13"
"22,15 : 809.86"
"22,16 : 919.0"
"22,17 : 968.04"
"22,18 : 566.2"
"22,19 : 414.5"
"22,20 : 866.28"
"22,21 : 993.75"
"22,22 : 0.0"
"22,23 : 343.74"
"22,24 : 379.53"
"22,25 : 506.25"
"22,26 : 44.78"
"22,27 : 291.43"
"22,28 : 347.06"
"22,29 : 573.02"
"22,30 : 825.05"
"22,31 : 510.43"
"22,32 : 838.5"
"22,33 : 362.01"
"22,34 : 733.08"
"22,35 : 1109.52"
"22,36 : 851.4"
"22,37 : 670.07"
"22,38 : 855.83"
"22,39 : 903.37"
"22,40 : 572.87"
"22,41 : 660.52"
"22,42 : 220.13"
"22,43 : 1159.66"
"22,44 : 687.02"
"22,45 : 448.85"
"22,46 : 494.98"
"22,47 : 663.28"
"22,48 : 866.47"
"22,49 : 1059.93"
"23,0 : 507.62"
"23,1 : 484.79"
"23,2 : 388.28"
"23,3 : 515.25"
"23,4 : 611.14"
"23,5 : 666.4"
"23,6 : 873.8"
"23,7 : 301.92"
"23,8 : 290.8"
"23,9 : 604.7"
"23,10 : 653.09"
"23,11 : 555.82"
"23,12 : 336.21"
"23,13 : 242.4"
"23,14 : 538.89"
"23,15 : 482.74"
"23,16 : 579.49"
"23,17 : 710.1"
"23,18 : 400.81"
"23,19 : 228.01"
"23,20 : 626.4"
"23,21 : 668.6"
"23,22 : 343.74"
"23,23 : 0.0"
"23,24 : 36.24"
"23,25 : 359.76"
"23,26 : 350.66"
"23,27 : 421.01"
"23,28 : 365.55"
"23,29 : 233.62"
"23,30 : 482.41"
"23,31 : 503.81"
"23,32 : 810.84"
"23,33 : 22.2"
"23,34 : 644.49"
"23,35 : 784.95"
"23,36 : 522.8"
"23,37 : 357.6"
"23,38 : 513.05"
"23,39 : 566.41"
"23,40 : 498.4"
"23,41 : 317.06"
"23,42 : 182.2"
"23,43 : 865.27"
"23,44 : 441.47"
"23,45 : 261.46"
"23,46 : 243.99"
"23,47 : 372.99"
"23,48 : 555.43"
"23,49 : 744.14"
"24,0 : 493.3"
"24,1 : 448.57"
"24,2 : 352.09"
"24,3 : 479.15"
"24,4 : 575.66"
"24,5 : 633.25"
"24,6 : 840.18"
"24,7 : 296.62"
"24,8 : 323.94"
"24,9 : 569.14"
"24,10 : 641.51"
"24,11 : 524.29"
"24,12 : 368.03"
"24,13 : 261.62"
"24,14 : 548.74"
"24,15 : 452.73"
"24,16 : 545.78"
"24,17 : 682.9"
"24,18 : 391.0"
"24,19 : 224.51"
"24,20 : 602.1"
"24,21 : 633.46"
"24,22 : 379.53"
"24,23 : 36.24"
"24,24 : 0.0"
"24,25 : 354.32"
"24,26 : 385.49"
"24,27 : 443.84"
"24,28 : 380.62"
"24,29 : 201.0"
"24,30 : 446.25"
"24,31 : 510.91"
"24,32 : 810.38"
"24,33 : 19.03"
"24,34 : 639.2"
"24,35 : 749.76"
"24,36 : 487.48"
"24,37 : 325.08"
"24,38 : 478.15"
"24,39 : 533.5"
"24,40 : 497.78"
"24,41 : 281.84"
"24,42 : 215.52"
"24,43 : 833.16"
"24,44 : 418.56"
"24,45 : 254.96"
"24,46 : 226.22"
"24,47 : 352.94"
"24,48 : 522.12"
"24,49 : 709.88"
"25,0 : 179.37"
"25,1 : 552.75"
"25,2 : 460.11"
"25,3 : 593.49"
"25,4 : 576.53"
"25,5 : 548.34"
"25,6 : 742.07"
"25,7 : 57.87"
"25,8 : 582.47"
"25,9 : 574.95"
"25,10 : 302.28"
"25,11 : 425.0"
"25,12 : 407.0"
"25,13 : 233.5"
"25,14 : 264.01"
"25,15 : 699.2"
"25,16 : 729.97"
"25,17 : 481.37"
"25,18 : 60.46"
"25,19 : 131.94"
"25,20 : 372.7"
"25,21 : 609.26"
"25,22 : 506.25"
"25,23 : 359.76"
"25,24 : 354.32"
"25,25 : 0.0"
"25,26 : 478.68"
"25,27 : 326.53"
"25,28 : 209.25"
"25,29 : 468.84"
"25,30 : 560.09"
"25,31 : 210.58"
"25,32 : 459.85"
"25,33 : 346.63"
"25,34 : 285.01"
"25,35 : 711.85"
"25,36 : 500.04"
"25,37 : 323.61"
"25,38 : 644.44"
"25,39 : 733.43"
"25,40 : 152.03"
"25,41 : 484.88"
"25,42 : 491.05"
"25,43 : 700.07"
"25,44 : 219.16"
"25,45 : 99.4"
"25,46 : 160.56"
"25,47 : 670.86"
"25,48 : 463.49"
"25,49 : 644.22"
"26,0 : 657.56"
"26,1 : 828.47"
"26,2 : 728.31"
"26,3 : 861.41"
"26,4 : 935.15"
"26,5 : 961.88"
"26,6 : 1169.43"
"26,7 : 442.45"
"26,8 : 236.91"
"26,9 : 929.93"
"26,10 : 759.11"
"26,11 : 839.95"
"26,12 : 80.4"
"26,13 : 246.92"
"26,14 : 469.27"
"26,15 : 825.44"
"26,16 : 929.6"
"26,17 : 947.22"
"26,18 : 539.02"
"26,19 : 395.35"
"26,20 : 843.61"
"26,21 : 986.82"
"26,22 : 44.78"
"26,23 : 350.66"
"26,24 : 385.49"
"26,25 : 478.68"
"26,26 : 0.0"
"26,27 : 247.93"
"26,28 : 309.69"
"26,29 : 583.23"
"26,30 : 827.59"
"26,31 : 470.62"
"26,32 : 797.08"
"26,33 : 367.21"
"26,34 : 696.27"
"26,35 : 1101.98"
"26,36 : 846.29"
"26,37 : 661.97"
"26,38 : 863.61"
"26,39 : 915.39"
"26,40 : 536.99"
"26,41 : 667.31"
"26,42 : 247.61"
"26,43 : 1144.26"
"26,44 : 667.19"
"26,45 : 428.03"
"26,46 : 480.29"
"26,47 : 685.75"
"26,48 : 856.28"
"26,49 : 1049.95"
"27,0 : 486.16"
"27,1 : 817.84"
"27,2 : 716.31"
"27,3 : 856.36"
"27,4 : 880.41"
"27,5 : 870.04"
"27,6 : 1067.55"
"27,7 : 318.71"
"27,8 : 459.74"
"27,9 : 877.34"
"27,10 : 553.85"
"27,11 : 745.46"
"27,12 : 171.29"
"27,13 : 185.06"
"27,14 : 225.08"
"27,15 : 890.11"
"27,16 : 962.74"
"27,17 : 805.0"
"27,18 : 382.26"
"27,19 : 314.55"
"27,20 : 694.72"
"27,21 : 920.86"
"27,22 : 291.43"
"27,23 : 421.01"
"27,24 : 443.84"
"27,25 : 326.53"
"27,26 : 247.93"
"27,27 : 0.0"
"27,28 : 117.34"
"27,29 : 635.47"
"27,30 : 821.32"
"27,31 : 236.86"
"27,32 : 552.66"
"27,33 : 425.8"
"27,34 : 472.85"
"27,35 : 1028.86"
"27,36 : 796.65"
"27,37 : 607.67"
"27,38 : 884.18"
"27,39 : 956.86"
"27,40 : 324.36"
"27,41 : 694.39"
"27,42 : 422.92"
"27,43 : 1026.6"
"27,44 : 544.36"
"27,45 : 329.13"
"27,46 : 409.36"
"27,47 : 793.96"
"27,48 : 777.62"
"27,49 : 964.89"
"28,0 : 372.84"
"28,1 : 715.31"
"28,2 : 615.11"
"28,3 : 754.72"
"28,4 : 768.19"
"28,5 : 753.56"
"28,6 : 950.34"
"28,7 : 203.57"
"28,8 : 479.85"
"28,9 : 765.48"
"28,10 : 454.12"
"28,11 : 629.16"
"28,12 : 229.92"
"28,13 : 127.61"
"28,14 : 184.27"
"28,15 : 809.5"
"28,16 : 870.4"
"28,17 : 688.76"
"28,18 : 265.6"
"28,19 : 210.77"
"28,20 : 578.86"
"28,21 : 806.81"
"28,22 : 347.06"
"28,23 : 365.55"
"28,24 : 380.62"
"28,25 : 209.25"
"28,26 : 309.69"
"28,27 : 117.34"
"28,28 : 0.0"
"28,29 : 557.4"
"28,30 : 719.85"
"28,31 : 167.87"
"28,32 : 499.66"
"28,33 : 364.61"
"28,34 : 386.58"
"28,35 : 913.59"
"28,36 : 685.93"
"28,37 : 498.51"
"28,38 : 789.18"
"28,39 : 867.21"
"28,40 : 228.01"
"28,41 : 605.39"
"28,42 : 417.61"
"28,43 : 909.31"
"28,44 : 427.11"
"28,45 : 218.83"
"28,46 : 302.11"
"28,47 : 733.09"
"28,48 : 662.73"
"28,49 : 848.7"
"29,0 : 553.77"
"29,1 : 282.16"
"29,2 : 207.27"
"29,3 : 303.82"
"29,4 : 441.02"
"29,5 : 535.0"
"29,6 : 728.58"
"29,7 : 418.35"
"29,8 : 477.65"
"29,9 : 432.95"
"29,10 : 707.52"
"29,11 : 452.92"
"29,12 : 569.02"
"29,13 : 450.46"
"29,14 : 706.47"
"29,15 : 254.69"
"29,16 : 346.39"
"29,17 : 643.65"
"29,18 : 483.2"
"29,19 : 363.06"
"29,20 : 590.81"
"29,21 : 503.92"
"29,22 : 573.02"
"29,23 : 233.62"
"29,24 : 201.0"
"29,25 : 468.84"
"29,26 : 583.23"
"29,27 : 635.47"
"29,28 : 557.4"
"29,29 : 0.0"
"29,30 : 275.54"
"29,31 : 660.98"
"29,32 : 923.41"
"29,33 : 220.0"
"29,34 : 736.1"
"29,35 : 615.66"
"29,36 : 361.81"
"29,37 : 268.54"
"29,38 : 284.42"
"29,39 : 332.8"
"29,40 : 620.87"
"29,41 : 98.41"
"29,42 : 378.86"
"29,43 : 740.29"
"29,44 : 433.89"
"29,45 : 378.41"
"29,46 : 309.19"
"29,47 : 207.76"
"29,48 : 428.44"
"29,49 : 592.76"
"30,0 : 556.37"
"30,1 : 14.56"
"30,2 : 105.02"
"30,3 : 35.06"
"30,4 : 190.07"
"30,5 : 319.69"
"30,6 : 481.6"
"30,7 : 530.69"
"30,8 : 750.51"
"30,9 : 181.03"
"30,10 : 691.8"
"30,11 : 295.61"
"30,12 : 797.48"
"30,13 : 644.39"
"30,14 : 823.89"
"30,15 : 244.63"
"30,16 : 186.76"
"30,17 : 492.88"
"30,18 : 543.21"
"30,19 : 509.28"
"30,20 : 487.59"
"30,21 : 252.24"
"30,22 : 825.05"
"30,23 : 482.41"
"30,24 : 446.25"
"30,25 : 560.09"
"30,26 : 827.59"
"30,27 : 821.32"
"30,28 : 719.85"
"30,29 : 275.54"
"30,30 : 0.0"
"30,31 : 770.67"
"30,32 : 954.08"
"30,33 : 463.25"
"30,34 : 760.01"
"30,35 : 352.99"
"30,36 : 144.92"
"30,37 : 238.65"
"30,38 : 104.62"
"30,39 : 203.66"
"30,40 : 696.21"
"30,41 : 177.14"
"30,42 : 648.09"
"30,43 : 512.18"
"30,44 : 409.66"
"30,45 : 503.9"
"30,46 : 419.21"
"30,47 : 378.57"
"30,48 : 243.33"
"30,49 : 347.75"
"31,0 : 299.39"
"31,1 : 763.26"
"31,2 : 670.47"
"31,3 : 804.02"
"31,4 : 778.13"
"31,5 : 732.57"
"31,6 : 911.76"
"31,7 : 247.31"
"31,8 : 647.39"
"31,9 : 777.34"
"31,10 : 327.37"
"31,11 : 614.24"
"31,12 : 390.23"
"31,13 : 286.18"
"31,14 : 55.0"
"31,15 : 901.75"
"31,16 : 939.49"
"31,17 : 623.35"
"31,18 : 237.08"
"31,19 : 298.46"
"31,20 : 512.88"
"31,21 : 805.2"
"31,22 : 510.43"
"31,23 : 503.81"
"31,24 : 510.91"
"31,25 : 210.58"
"31,26 : 470.62"
"31,27 : 236.86"
"31,28 : 167.87"
"31,29 : 660.98"
"31,30 : 770.67"
"31,31 : 0.0"
"31,32 : 331.79"
"31,33 : 497.81"
"31,34 : 237.02"
"31,35 : 900.89"
"31,36 : 705.73"
"31,37 : 533.76"
"31,38 : 854.3"
"31,39 : 941.92"
"31,40 : 107.82"
"31,41 : 688.8"
"31,42 : 581.06"
"31,43 : 858.18"
"31,44 : 406.04"
"31,45 : 284.0"
"31,46 : 363.17"
"31,47 : 853.71"
"31,48 : 659.55"
"31,49 : 828.74"
"32,0 : 397.72"
"32,1 : 943.04"
"32,2 : 869.87"
"32,3 : 982.33"
"32,4 : 895.85"
"32,5 : 801.02"
"32,6 : 925.29"
"32,7 : 515.91"
"32,8 : 978.88"
"32,9 : 898.4"
"32,10 : 278.35"
"32,11 : 712.14"
"32,12 : 717.25"
"32,13 : 614.36"
"32,14 : 328.04"
"32,15 : 1136.57"
"32,16 : 1138.66"
"32,17 : 620.85"
"32,18 : 440.37"
"32,19 : 585.98"
"32,20 : 535.79"
"32,21 : 899.98"
"32,22 : 838.5"
"32,23 : 810.84"
"32,24 : 810.38"
"32,25 : 459.85"
"32,26 : 797.08"
"32,27 : 552.66"
"32,28 : 499.66"
"32,29 : 923.41"
"32,30 : 954.08"
"32,31 : 331.79"
"32,32 : 0.0"
"32,33 : 800.59"
"32,34 : 194.4"
"32,35 : 965.88"
"32,36 : 848.0"
"32,37 : 723.31"
"32,38 : 1052.63"
"32,39 : 1149.4"
"32,40 : 312.66"
"32,41 : 924.25"
"32,42 : 908.92"
"32,43 : 851.23"
"32,44 : 544.45"
"32,45 : 558.1"
"32,46 : 615.08"
"32,47 : 1128.52"
"32,48 : 770.25"
"32,49 : 887.36"
"33,0 : 490.47"
"33,1 : 465.3"
"33,2 : 368.02"
"33,3 : 496.36"
"33,4 : 589.71"
"33,5 : 644.23"
"33,6 : 851.67"
"33,7 : 288.78"
"33,8 : 313.0"
"33,9 : 583.34"
"33,10 : 637.22"
"33,11 : 533.63"
"33,12 : 349.05"
"33,13 : 244.3"
"33,14 : 534.62"
"33,15 : 471.7"
"33,16 : 564.59"
"33,17 : 688.6"
"33,18 : 385.6"
"33,19 : 215.62"
"33,20 : 605.64"
"33,21 : 646.94"
"33,22 : 362.01"
"33,23 : 22.2"
"33,24 : 19.03"
"33,25 : 346.63"
"33,26 : 367.21"
"33,27 : 425.8"
"33,28 : 364.61"
"33,29 : 220.0"
"33,30 : 463.25"
"33,31 : 497.81"
"33,32 : 800.59"
"33,33 : 0.0"
"33,34 : 631.64"
"33,35 : 763.3"
"33,36 : 501.26"
"33,37 : 335.41"
"33,38 : 496.57"
"33,39 : 552.44"
"33,40 : 487.94"
"33,41 : 300.12"
"33,42 : 204.4"
"33,43 : 843.07"
"33,44 : 421.09"
"33,45 : 247.63"
"33,46 : 225.18"
"33,47 : 369.88"
"33,48 : 533.27"
"33,49 : 722.14"
"34,0 : 203.74"
"34,1 : 749.1"
"34,2 : 675.51"
"34,3 : 788.57"
"34,4 : 708.99"
"34,5 : 624.12"
"34,6 : 768.69"
"34,7 : 342.86"
"34,8 : 846.37"
"34,9 : 710.96"
"34,10 : 115.13"
"34,11 : 526.52"
"34,12 : 616.42"
"34,13 : 479.01"
"34,14 : 266.2"
"34,15 : 943.46"
"34,16 : 944.33"
"34,17 : 463.39"
"34,18 : 254.33"
"34,19 : 416.48"
"34,20 : 365.11"
"34,21 : 717.93"
"34,22 : 733.08"
"34,23 : 644.49"
"34,24 : 639.2"
"34,25 : 285.01"
"34,26 : 696.27"
"34,27 : 472.85"
"34,28 : 386.58"
"34,29 : 736.1"
"34,30 : 760.01"
"34,31 : 237.02"
"34,32 : 194.4"
"34,33 : 631.64"
"34,34 : 0.0"
"34,35 : 792.48"
"34,36 : 656.88"
"34,37 : 528.97"
"34,38 : 858.26"
"34,39 : 955.0"
"34,40 : 161.38"
"34,41 : 732.07"
"34,42 : 764.32"
"34,43 : 701.6"
"34,44 : 350.56"
"34,45 : 384.25"
"34,46 : 430.98"
"34,47 : 942.81"
"34,48 : 583.12"
"34,49 : 714.74"
"35,0 : 613.14"
"35,1 : 342.12"
"35,2 : 410.12"
"35,3 : 337.82"
"35,4 : 175.82"
"35,5 : 170.0"
"35,6 : 145.38"
"35,7 : 710.27"
"35,8 : 1071.29"
"35,9 : 183.36"
"35,10 : 688.81"
"35,11 : 287.51"
"35,12 : 1054.44"
"35,13 : 879.26"
"35,14 : 955.44"
"35,15 : 571.11"
"35,16 : 448.19"
"35,17 : 354.79"
"35,18 : 667.8"
"35,19 : 724.41"
"35,20 : 430.28"
"35,21 : 116.39"
"35,22 : 1109.52"
"35,23 : 784.95"
"35,24 : 749.76"
"35,25 : 711.85"
"35,26 : 1101.98"
"35,27 : 1028.86"
"35,28 : 913.59"
"35,29 : 615.66"
"35,30 : 352.99"
"35,31 : 900.89"
"35,32 : 965.88"
"35,33 : 763.3"
"35,34 : 792.48"
"35,35 : 0.0"
"35,36 : 262.41"
"35,37 : 440.01"
"35,38 : 414.45"
"35,39 : 480.55"
"35,40 : 800.89"
"35,41 : 520.09"
"35,42 : 964.04"
"35,43 : 210.2"
"35,44 : 496.23"
"35,45 : 702.32"
"35,46 : 630.15"
"35,47 : 729.29"
"35,48 : 251.44"
"35,49 : 78.59"
"36,0 : 455.14"
"36,1 : 130.36"
"36,2 : 154.85"
"36,3 : 156.67"
"36,4 : 89.04"
"36,5 : 181.11"
"36,6 : 366.78"
"36,7 : 484.48"
"36,8 : 808.93"
"36,9 : 83.65"
"36,10 : 576.22"
"36,11 : 155.21"
"36,12 : 803.55"
"36,13 : 634.05"
"36,14 : 760.53"
"36,15 : 388.96"
"36,16 : 320.34"
"36,17 : 348.62"
"36,18 : 469.35"
"36,19 : 483.64"
"36,20 : 352.21"
"36,21 : 146.41"
"36,22 : 851.4"
"36,23 : 522.8"
"36,24 : 487.48"
"36,25 : 500.04"
"36,26 : 846.29"
"36,27 : 796.65"
"36,28 : 685.93"
"36,29 : 361.81"
"36,30 : 144.92"
"36,31 : 705.73"
"36,32 : 848.0"
"36,33 : 501.26"
"36,34 : 656.88"
"36,35 : 262.41"
"36,36 : 0.0"
"36,37 : 189.84"
"36,38 : 246.13"
"36,39 : 342.48"
"36,40 : 618.41"
"36,41 : 272.03"
"36,42 : 701.62"
"36,43 : 382.76"
"36,44 : 311.58"
"36,45 : 467.79"
"36,46 : 388.06"
"36,47 : 506.93"
"36,48 : 99.28"
"36,49 : 231.08"
"37,0 : 327.67"
"37,1 : 230.22"
"37,2 : 146.6"
"37,3 : 271.02"
"37,4 : 276.5"
"37,5 : 309.13"
"37,6 : 517.25"
"37,7 : 300.04"
"37,8 : 648.4"
"37,9 : 272.37"
"37,10 : 473.36"
"37,11 : 200.35"
"37,12 : 615.82"
"37,13 : 444.44"
"37,14 : 587.56"
"37,15 : 420.12"
"37,16 : 417.43"
"37,17 : 377.81"
"37,18 : 304.56"
"37,19 : 293.97"
"37,20 : 322.89"
"37,21 : 325.1"
"37,22 : 670.07"
"37,23 : 357.6"
"37,24 : 325.08"
"37,25 : 323.61"
"37,26 : 661.97"
"37,27 : 607.67"
"37,28 : 498.51"
"37,29 : 268.54"
"37,30 : 238.65"
"37,31 : 533.76"
"37,32 : 723.31"
"37,33 : 335.41"
"37,34 : 528.97"
"37,35 : 440.01"
"37,36 : 189.84"
"37,37 : 0.0"
"37,38 : 330.99"
"37,39 : 426.41"
"37,40 : 457.56"
"37,41 : 221.14"
"37,42 : 539.8"
"37,43 : 508.11"
"37,44 : 185.69"
"37,45 : 279.72"
"37,46 : 198.49"
"37,47 : 464.5"
"37,48 : 198.73"
"37,49 : 390.69"
"38,0 : 655.2"
"38,1 : 118.43"
"38,2 : 185.59"
"38,3 : 90.8"
"38,4 : 273.34"
"38,5 : 412.24"
"38,6 : 553.2"
"38,7 : 609.66"
"38,8 : 758.54"
"38,9 : 264.49"
"38,10 : 793.69"
"38,11 : 399.3"
"38,12 : 842.32"
"38,13 : 702.26"
"38,14 : 906.31"
"38,15 : 157.15"
"38,16 : 86.45"
"38,17 : 594.7"
"38,18 : 633.26"
"38,19 : 579.05"
"38,20 : 592.18"
"38,21 : 330.0"
"38,22 : 855.83"
"38,23 : 513.05"
"38,24 : 478.15"
"38,25 : 644.44"
"38,26 : 863.61"
"38,27 : 884.18"
"38,28 : 789.18"
"38,29 : 284.42"
"38,30 : 104.62"
"38,31 : 854.3"
"38,32 : 1052.63"
"38,33 : 496.57"
"38,34 : 858.26"
"38,35 : 414.45"
"38,36 : 246.13"
"38,37 : 330.99"
"38,38 : 0.0"
"38,39 : 99.25"
"38,40 : 785.92"
"38,41 : 196.62"
"38,42 : 662.57"
"38,43 : 594.01"
"38,44 : 509.14"
"38,45 : 578.93"
"38,46 : 494.84"
"38,47 : 324.14"
"38,48 : 345.38"
"38,49 : 425.17"
"39,0 : 752.46"
"39,1 : 217.2"
"39,2 : 279.87"
"39,3 : 185.81"
"39,4 : 358.99"
"39,5 : 501.05"
"39,6 : 624.01"
"39,7 : 695.49"
"39,8 : 787.81"
"39,9 : 350.56"
"39,10 : 892.28"
"39,11 : 496.85"
"39,12 : 901.43"
"39,13 : 772.74"
"39,14 : 992.95"
"39,15 : 116.69"
"39,16 : 33.53"
"39,17 : 690.08"
"39,18 : 725.75"
"39,19 : 659.21"
"39,20 : 690.87"
"39,21 : 410.34"
"39,22 : 903.37"
"39,23 : 566.41"
"39,24 : 533.5"
"39,25 : 733.43"
"39,26 : 915.39"
"39,27 : 956.86"
"39,28 : 867.21"
"39,29 : 332.8"
"39,30 : 203.66"
"39,31 : 941.92"
"39,32 : 1149.4"
"39,33 : 552.44"
"39,34 : 955.0"
"39,35 : 480.55"
"39,36 : 342.48"
"39,37 : 426.41"
"39,38 : 99.25"
"39,39 : 0.0"
"39,40 : 877.71"
"39,41 : 262.55"
"39,42 : 699.19"
"39,43 : 672.55"
"39,44 : 606.9"
"39,45 : 662.51"
"39,46 : 579.71"
"39,47 : 307.43"
"39,48 : 441.66"
"39,49 : 502.8"
"40,0 : 193.0"
"40,1 : 687.51"
"40,2 : 600.38"
"40,3 : 728.26"
"40,4 : 686.09"
"40,5 : 631.56"
"40,6 : 806.37"
"40,7 : 205.23"
"40,8 : 685.95"
"40,9 : 686.0"
"40,10 : 229.49"
"40,11 : 516.14"
"40,12 : 457.69"
"40,13 : 318.1"
"40,14 : 158.43"
"40,15 : 848.84"
"40,16 : 872.14"
"40,17 : 515.8"
"40,18 : 153.01"
"40,19 : 273.54"
"40,20 : 405.56"
"40,21 : 709.03"
"40,22 : 572.87"
"40,23 : 498.4"
"40,24 : 497.78"
"40,25 : 152.03"
"40,26 : 536.99"
"40,27 : 324.36"
"40,28 : 228.01"
"40,29 : 620.87"
"40,30 : 696.21"
"40,31 : 107.82"
"40,32 : 312.66"
"40,33 : 487.94"
"40,34 : 161.38"
"40,35 : 800.89"
"40,36 : 618.41"
"40,37 : 457.56"
"40,38 : 785.92"
"40,39 : 877.71"
"40,40 : 0.0"
"40,41 : 634.36"
"40,42 : 606.47"
"40,43 : 751.32"
"40,44 : 310.78"
"40,45 : 247.2"
"40,46 : 312.26"
"40,47 : 822.48"
"40,48 : 564.51"
"40,49 : 727.34"
"41,0 : 537.9"
"41,1 : 183.85"
"41,2 : 118.36"
"41,3 : 205.88"
"41,4 : 346.85"
"41,5 : 450.16"
"41,6 : 637.34"
"41,7 : 441.53"
"41,8 : 574.68"
"41,9 : 338.5"
"41,10 : 688.56"
"41,11 : 381.0"
"41,12 : 645.91"
"41,13 : 510.55"
"41,14 : 738.02"
"41,15 : 214.48"
"41,16 : 269.22"
"41,17 : 578.68"
"41,18 : 487.05"
"41,19 : 399.16"
"41,20 : 539.48"
"41,21 : 410.24"
"41,22 : 660.52"
"41,23 : 317.06"
"41,24 : 281.84"
"41,25 : 484.88"
"41,26 : 667.31"
"41,27 : 694.39"
"41,28 : 605.39"
"41,29 : 98.41"
"41,30 : 177.14"
"41,31 : 688.8"
"41,32 : 924.25"
"41,33 : 300.12"
"41,34 : 732.07"
"41,35 : 520.09"
"41,36 : 272.03"
"41,37 : 221.14"
"41,38 : 196.62"
"41,39 : 262.55"
"41,40 : 634.36"
"41,41 : 0.0"
"41,42 : 473.99"
"41,43 : 654.2"
"41,44 : 403.54"
"41,45 : 405.79"
"41,46 : 325.97"
"41,47 : 248.7"
"41,48 : 348.32"
"41,49 : 501.28"
"42,0 : 658.38"
"42,1 : 652.33"
"42,2 : 560.88"
"42,3 : 678.96"
"42,4 : 789.19"
"42,5 : 848.5"
"42,6 : 1055.67"
"42,7 : 436.72"
"42,8 : 108.6"
"42,9 : 782.39"
"42,10 : 793.25"
"42,11 : 737.78"
"42,12 : 276.57"
"42,13 : 295.04"
"42,14 : 601.84"
"42,15 : 599.27"
"42,16 : 717.9"
"42,17 : 887.29"
"42,18 : 542.55"
"42,19 : 365.09"
"42,20 : 798.83"
"42,21 : 847.91"
"42,22 : 220.13"
"42,23 : 182.2"
"42,24 : 215.52"
"42,25 : 491.05"
"42,26 : 247.61"
"42,27 : 422.92"
"42,28 : 417.61"
"42,29 : 378.86"
"42,30 : 648.09"
"42,31 : 581.06"
"42,32 : 908.92"
"42,33 : 204.4"
"42,34 : 764.32"
"42,35 : 964.04"
"42,36 : 701.62"
"42,37 : 539.8"
"42,38 : 662.57"
"42,39 : 699.19"
"42,40 : 606.47"
"42,41 : 473.99"
"42,42 : 0.0"
"42,43 : 1047.4"
"42,44 : 612.75"
"42,45 : 402.75"
"42,46 : 410.47"
"42,47 : 444.36"
"42,48 : 737.46"
"42,49 : 925.33"
"43,0 : 558.79"
"43,1 : 498.74"
"43,2 : 536.06"
"43,3 : 507.48"
"43,4 : 322.82"
"43,5 : 205.39"
"43,6 : 84.91"
"43,7 : 715.51"
"43,8 : 1155.97"
"43,9 : 331.87"
"43,10 : 588.28"
"43,11 : 310.04"
"43,12 : 1085.37"
"43,13 : 904.34"
"43,14 : 909.73"
"43,15 : 750.15"
"43,16 : 641.88"
"43,17 : 239.08"
"43,18 : 645.52"
"43,19 : 749.95"
"43,20 : 346.3"
"43,21 : 264.02"
"43,22 : 1159.66"
"43,23 : 865.27"
"43,24 : 833.16"
"43,25 : 700.07"
"43,26 : 1144.26"
"43,27 : 1026.6"
"43,28 : 909.31"
"43,29 : 740.29"
"43,30 : 512.18"
"43,31 : 858.18"
"43,32 : 851.23"
"43,33 : 843.07"
"43,34 : 701.6"
"43,35 : 210.2"
"43,36 : 382.76"
"43,37 : 508.11"
"43,38 : 594.01"
"43,39 : 672.55"
"43,40 : 751.32"
"43,41 : 654.2"
"43,42 : 1047.4"
"43,43 : 0.0"
"43,44 : 484.41"
"43,45 : 719.99"
"43,46 : 664.7"
"43,47 : 887.72"
"43,48 : 314.84"
"43,49 : 169.76"
"44,0 : 146.81"
"44,1 : 398.6"
"44,2 : 329.51"
"44,3 : 438.02"
"44,4 : 375.47"
"44,5 : 330.22"
"44,6 : 523.24"
"44,7 : 231.21"
"44,8 : 717.39"
"44,9 : 375.62"
"44,10 : 287.77"
"44,11 : 208.79"
"44,12 : 604.0"
"44,13 : 422.87"
"44,14 : 460.91"
"44,15 : 605.81"
"44,16 : 594.8"
"44,17 : 281.33"
"44,18 : 171.61"
"44,19 : 272.52"
"44,20 : 186.1"
"44,21 : 399.28"
"44,22 : 687.02"
"44,23 : 441.47"
"44,24 : 418.56"
"44,25 : 219.16"
"44,26 : 667.19"
"44,27 : 544.36"
"44,28 : 427.11"
"44,29 : 433.89"
"44,30 : 409.66"
"44,31 : 406.04"
"44,32 : 544.45"
"44,33 : 421.09"
"44,34 : 350.56"
"44,35 : 496.23"
"44,36 : 311.58"
"44,37 : 185.69"
"44,38 : 509.14"
"44,39 : 606.9"
"44,40 : 310.78"
"44,41 : 403.54"
"44,42 : 612.75"
"44,43 : 484.41"
"44,44 : 0.0"
"44,45 : 239.21"
"44,46 : 202.62"
"44,47 : 638.8"
"44,48 : 254.01"
"44,49 : 426.43"
"45,0 : 255.69"
"45,1 : 498.61"
"45,2 : 399.94"
"45,3 : 538.52"
"45,4 : 551.28"
"45,5 : 548.29"
"45,6 : 751.66"
"45,7 : 42.19"
"45,8 : 499.71"
"45,9 : 548.21"
"45,10 : 393.93"
"45,11 : 423.7"
"45,12 : 365.57"
"45,13 : 184.39"
"45,14 : 332.28"
"45,15 : 617.96"
"45,16 : 662.49"
"45,17 : 519.43"
"45,18 : 141.13"
"45,19 : 37.85"
"45,20 : 417.71"
"45,21 : 592.62"
"45,22 : 448.85"
"45,23 : 261.46"
"45,24 : 254.96"
"45,25 : 99.4"
"45,26 : 428.03"
"45,27 : 329.13"
"45,28 : 218.83"
"45,29 : 378.41"
"45,30 : 503.9"
"45,31 : 284.0"
"45,32 : 558.1"
"45,33 : 247.63"
"45,34 : 384.25"
"45,35 : 702.32"
"45,36 : 467.79"
"45,37 : 279.72"
"45,38 : 578.93"
"45,39 : 662.51"
"45,40 : 247.2"
"45,41 : 405.79"
"45,42 : 402.75"
"45,43 : 719.99"
"45,44 : 239.21"
"45,45 : 0.0"
"45,46 : 84.72"
"45,47 : 576.48"
"45,48 : 450.92"
"45,49 : 641.3"
"46,0 : 268.15"
"46,1 : 414.02"
"46,2 : 315.23"
"46,3 : 453.86"
"46,4 : 473.43"
"46,5 : 482.69"
"46,6 : 689.46"
"46,7 : 115.95"
"46,8 : 514.77"
"46,9 : 469.81"
"46,10 : 418.97"
"46,11 : 359.86"
"46,12 : 426.06"
"46,13 : 249.11"
"46,14 : 413.39"
"46,15 : 539.76"
"46,16 : 578.84"
"46,17 : 481.13"
"46,18 : 176.65"
"46,19 : 95.6"
"46,20 : 388.66"
"46,21 : 518.01"
"46,22 : 494.98"
"46,23 : 243.99"
"46,24 : 226.22"
"46,25 : 160.56"
"46,26 : 480.29"
"46,27 : 409.36"
"46,28 : 302.11"
"46,29 : 309.19"
"46,30 : 419.21"
"46,31 : 363.17"
"46,32 : 615.08"
"46,33 : 225.18"
"46,34 : 430.98"
"46,35 : 630.15"
"46,36 : 388.06"
"46,37 : 198.49"
"46,38 : 494.84"
"46,39 : 579.71"
"46,40 : 312.26"
"46,41 : 325.97"
"46,42 : 410.47"
"46,43 : 664.7"
"46,44 : 202.62"
"46,45 : 84.72"
"46,46 : 0.0"
"46,47 : 513.44"
"46,48 : 380.06"
"46,49 : 572.98"
"47,0 : 761.47"
"47,1 : 391.0"
"47,2 : 362.0"
"47,3 : 391.51"
"47,4 : 568.02"
"47,5 : 688.02"
"47,6 : 860.16"
"47,7 : 617.8"
"47,8 : 513.66"
"47,9 : 559.05"
"47,10 : 915.15"
"47,11 : 628.67"
"47,12 : 693.7"
"47,13 : 614.14"
"47,14 : 895.68"
"47,15 : 190.91"
"47,16 : 336.59"
"47,17 : 827.23"
"47,18 : 689.12"
"47,19 : 556.04"
"47,20 : 786.37"
"47,21 : 630.7"
"47,22 : 663.28"
"47,23 : 372.99"
"47,24 : 352.94"
"47,25 : 670.86"
"47,26 : 685.75"
"47,27 : 793.96"
"47,28 : 733.09"
"47,29 : 207.76"
"47,30 : 378.57"
"47,31 : 853.71"
"47,32 : 1128.52"
"47,33 : 369.88"
"47,34 : 942.81"
"47,35 : 729.29"
"47,36 : 506.93"
"47,37 : 464.5"
"47,38 : 324.14"
"47,39 : 307.43"
"47,40 : 822.48"
"47,41 : 248.7"
"47,42 : 444.36"
"47,43 : 887.72"
"47,44 : 638.8"
"47,45 : 576.48"
"47,46 : 513.44"
"47,47 : 0.0"
"47,48 : 592.3"
"47,49 : 725.91"
"48,0 : 387.15"
"48,1 : 228.82"
"48,2 : 230.87"
"48,3 : 255.88"
"48,4 : 125.87"
"48,5 : 111.25"
"48,6 : 318.58"
"48,7 : 459.23"
"48,8 : 845.99"
"48,9 : 128.16"
"48,10 : 494.18"
"48,11 : 60.0"
"48,12 : 805.7"
