x,y
512,533
182,361
424,980
541,968
590,92
227,805
117,36
292,62
650,353
601,925
437,632
160,206
987,40
521,863
488,442
503,491
546,980
431,464
366,638
878,361
323,106
765,880
498,103
237,650
834,812
615,976
865,248
575,759
750,40
685,906
798,473
172,964
291,327
491,39
757,986
171,741
29,499
837,646
973,261
289,618
370,481
91,776
894,6
739,508
513,802
633,450
631,856
633,597
677,10
602,649

Distanze
"0,0 : 0.0"
"0,1 : 372.13"
"0,2 : 455.58"
"0,3 : 435.97"
"0,4 : 447.84"
"0,5 : 393.97"
"0,6 : 634.85"
"0,7 : 519.85"
"0,8 : 226.81"
"0,9 : 401.98"
"0,10 : 124.2"
"0,11 : 480.45"
"0,12 : 684.6"
"0,13 : 330.12"
"0,14 : 94.11"
"0,15 : 42.95"
"0,16 : 448.29"
"0,17 : 106.4"
"0,18 : 179.84"
"0,19 : 404.4"
"0,20 : 466.96"
"0,21 : 429.44"
"0,22 : 430.23"
"0,23 : 298.85"
"0,24 : 426.06"
"0,25 : 454.82"
"0,26 : 453.69"
"0,27 : 234.62"
"0,28 : 547.44"
"0,29 : 411.17"
"0,30 : 292.23"
"0,31 : 548.96"
"0,32 : 302.12"
"0,33 : 494.45"
"0,34 : 515.01"
"0,35 : 399.43"
"0,36 : 484.2"
"0,37 : 344.08"
"0,38 : 535.26"
"0,39 : 238.65"
"0,40 : 151.22"
"0,41 : 486.1"
"0,42 : 650.89"
"0,43 : 228.37"
"0,44 : 269.0"
"0,45 : 146.73"
"0,46 : 344.22"
"0,47 : 136.88"
"0,48 : 548.41"
"0,49 : 146.82"
"1,0 : 372.13"
"1,1 : 0.0"
"1,2 : 664.62"
"1,3 : 705.22"
"1,4 : 488.7"
"1,5 : 446.27"
"1,6 : 331.44"
"1,7 : 318.59"
"1,8 : 468.07"
"1,9 : 702.61"
"1,10 : 372.11"
"1,11 : 156.55"
"1,12 : 866.64"
"1,13 : 605.74"
"1,14 : 316.54"
"1,15 : 346.32"
"1,16 : 718.09"
"1,17 : 269.46"
"1,18 : 332.54"
"1,19 : 696.0"
"1,20 : 291.39"
"1,21 : 780.54"
"1,22 : 407.95"
"1,23 : 294.19"
"1,24 : 792.78"
"1,25 : 752.14"
"1,26 : 692.28"
"1,27 : 559.33"
"1,28 : 652.43"
"1,29 : 741.64"
"1,30 : 626.1"
"1,31 : 603.08"
"1,32 : 114.18"
"1,33 : 446.28"
"1,34 : 849.26"
"1,35 : 380.16"
"1,36 : 206.04"
"1,37 : 714.32"
"1,38 : 797.3"
"1,39 : 278.38"
"1,40 : 223.03"
"1,41 : 424.86"
"1,42 : 795.59"
"1,43 : 576.07"
"1,44 : 551.4"
"1,45 : 459.7"
"1,46 : 668.3"
"1,47 : 509.02"
"1,48 : 606.82"
"1,49 : 509.26"
"2,0 : 455.58"
"2,1 : 664.62"
"2,2 : 0.0"
"2,3 : 117.61"
"2,4 : 903.38"
"2,5 : 263.5"
"2,6 : 992.67"
"2,7 : 927.44"
"2,8 : 666.49"
"2,9 : 185.35"
"2,10 : 348.24"
"2,11 : 817.78"
"2,12 : 1095.7"
"2,13 : 151.98"
"2,14 : 541.79"
"2,15 : 495.34"
"2,16 : 122.0"
"2,17 : 516.05"
"2,18 : 346.88"
"2,19 : 767.64"
"2,20 : 879.82"
"2,21 : 355.36"
"2,22 : 880.12"
"2,23 : 379.3"
"2,24 : 443.08"
"2,25 : 191.04"
"2,26 : 854.58"
"2,27 : 267.66"
"2,28 : 994.93"
"2,29 : 271.29"
"2,30 : 630.02"
"2,31 : 252.51"
"2,32 : 666.41"
"2,33 : 943.38"
"2,34 : 333.05"
"2,35 : 348.04"
"2,36 : 622.4"
"2,37 : 531.15"
"2,38 : 904.63"
"2,39 : 386.35"
"2,40 : 501.91"
"2,41 : 390.52"
"2,42 : 1081.47"
"2,43 : 567.46"
"2,44 : 199.01"
"2,45 : 569.72"
"2,46 : 241.3"
"2,47 : 436.31"
"2,48 : 1002.45"
"2,49 : 375.83"
"3,0 : 435.97"
"3,1 : 705.22"
"3,2 : 117.61"
"3,3 : 0.0"
"3,4 : 877.37"
"3,5 : 353.79"
"3,6 : 1023.91"
"3,7 : 939.59"
"3,8 : 624.58"
"3,9 : 73.82"
"3,10 : 351.73"
"3,11 : 851.94"
"3,12 : 1029.61"
"3,13 : 106.89"
"3,14 : 528.66"
"3,15 : 478.51"
"3,16 : 13.0"
"3,17 : 515.86"
"3,18 : 373.53"
"3,19 : 694.28"
"3,20 : 889.14"
"3,21 : 240.67"
"3,22 : 866.07"
"3,23 : 439.93"
"3,24 : 331.94"
"3,25 : 74.43"
"3,26 : 789.54"
"3,27 : 211.75"
"3,28 : 951.24"
"3,29 : 156.78"
"3,30 : 557.74"
"3,31 : 369.02"
"3,32 : 688.03"
"3,33 : 930.34"
"3,34 : 216.75"
"3,35 : 434.08"
"3,36 : 694.34"
"3,37 : 437.38"
"3,38 : 828.54"
"3,39 : 431.28"
"3,40 : 516.15"
"3,41 : 489.25"
"3,42 : 1024.72"
"3,43 : 500.8"
"3,44 : 168.34"
"3,45 : 526.11"
"3,46 : 143.68"
"3,47 : 382.24"
"3,48 : 967.61"
"3,49 : 324.78"
"4,0 : 447.84"
"4,1 : 488.7"
"4,2 : 903.38"
"4,3 : 877.37"
"4,4 : 0.0"
"4,5 : 800.09"
"4,6 : 476.3"
"4,7 : 299.51"
"4,8 : 267.81"
"4,9 : 833.07"
"4,10 : 561.26"
"4,11 : 444.86"
"4,12 : 400.39"
"4,13 : 774.08"
"4,14 : 364.56"
"4,15 : 408.37"
"4,16 : 889.09"
"4,17 : 404.56"
"4,18 : 590.16"
"4,19 : 394.09"
"4,20 : 267.37"
"4,21 : 807.2"
"4,22 : 92.66"
"4,23 : 660.28"
"4,24 : 760.22"
"4,25 : 884.35"
"4,26 : 316.17"
"4,27 : 667.17"
"4,28 : 168.24"
"4,29 : 819.52"
"4,30 : 434.08"
"4,31 : 967.01"
"4,32 : 380.3"
"4,33 : 112.29"
"4,34 : 909.46"
"4,35 : 772.5"
"4,36 : 693.09"
"4,37 : 606.57"
"4,38 : 418.63"
"4,39 : 606.03"
"4,40 : 446.9"
"4,41 : 846.67"
"4,42 : 315.93"
"4,43 : 441.88"
"4,44 : 714.16"
"4,45 : 360.57"
"4,46 : 765.1"
"4,47 : 506.83"
"4,48 : 119.55"
"4,49 : 557.13"
"5,0 : 393.97"
"5,1 : 446.27"
"5,2 : 263.5"
"5,3 : 353.79"
"5,4 : 800.09"
"5,5 : 0.0"
"5,6 : 776.83"
"5,7 : 745.84"
"5,8 : 619.06"
"5,9 : 392.78"
"5,10 : 272.08"
"5,11 : 602.74"
"5,12 : 1078.34"
"5,13 : 299.67"
"5,14 : 447.09"
"5,15 : 418.06"
"5,16 : 363.85"
"5,17 : 397.36"
"5,18 : 217.28"
"5,19 : 788.0"
"5,20 : 705.56"
"5,21 : 543.2"
"5,22 : 752.49"
"5,23 : 155.32"
"5,24 : 607.04"
"5,25 : 424.01"
"5,26 : 846.93"
"5,27 : 351.03"
"5,28 : 926.69"
"5,29 : 469.0"
"5,30 : 660.5"
"5,31 : 168.24"
"5,32 : 482.27"
"5,33 : 810.22"
"5,34 : 560.05"
"5,35 : 85.04"
"5,36 : 364.47"
"5,37 : 630.38"
"5,38 : 923.28"
"5,39 : 197.01"
"5,40 : 354.15"
"5,41 : 139.06"
"5,42 : 1040.81"
"5,43 : 591.91"
"5,44 : 286.02"
"5,45 : 539.32"
"5,46 : 407.21"
"5,47 : 456.18"
"5,48 : 913.52"
"5,49 : 406.15"
"6,0 : 634.85"
"6,1 : 331.44"
"6,2 : 992.67"
"6,3 : 1023.91"
"6,4 : 476.3"
"6,5 : 776.83"
"6,6 : 0.0"
"6,7 : 176.92"
"6,8 : 620.14"
"6,9 : 1012.21"
"6,10 : 676.47"
"6,11 : 175.35"
"6,12 : 870.01"
"6,13 : 920.4"
"6,14 : 549.98"
"6,15 : 596.67"
"6,16 : 1036.91"
"6,17 : 530.83"
"6,18 : 651.46"
"6,19 : 827.49"
"6,20 : 217.57"
"6,21 : 1064.07"
"6,22 : 386.85"
"6,23 : 625.62"
"6,24 : 1056.53"
"6,25 : 1063.77"
"6,26 : 777.46"
"6,27 : 855.86"
"6,28 : 633.01"
"6,29 : 1039.0"
"6,30 : 809.15"
"6,31 : 929.63"
"6,32 : 339.05"
"6,33 : 374.01"
"6,34 : 1145.47"
"6,35 : 707.07"
"6,36 : 471.29"
"6,37 : 943.66"
"6,38 : 885.08"
"6,39 : 606.88"
"6,40 : 511.89"
"6,41 : 740.46"
"6,42 : 777.58"
"6,43 : 780.81"
"6,44 : 862.31"
"6,45 : 661.55"
"6,46 : 967.78"
"6,47 : 762.22"
"6,48 : 560.6"
"6,49 : 781.66"
"7,0 : 519.85"
"7,1 : 318.59"
"7,2 : 927.44"
"7,3 : 939.59"
"7,4 : 299.51"
"7,5 : 745.84"
"7,6 : 176.92"
"7,7 : 0.0"
"7,8 : 461.35"
"7,9 : 916.65"
"7,10 : 588.15"
"7,11 : 195.35"
"7,12 : 695.35"
"7,13 : 833.09"
"7,14 : 427.57"
"7,15 : 478.08"
"7,16 : 952.49"
"7,17 : 425.35"
"7,18 : 580.73"
"7,19 : 657.87"
"7,20 : 53.82"
"7,21 : 944.91"
"7,22 : 210.04"
"7,23 : 590.57"
"7,24 : 925.35"
"7,25 : 969.39"
"7,26 : 602.43"
"7,27 : 752.26"
"7,28 : 458.53"
"7,29 : 931.01"
"7,30 : 651.89"
"7,31 : 909.95"
"7,32 : 265.0"
"7,33 : 200.32"
"7,34 : 1034.41"
"7,35 : 689.7"
"7,36 : 510.04"
"7,37 : 798.8"
"7,38 : 709.48"
"7,39 : 556.01"
"7,40 : 426.2"
"7,41 : 741.75"
"7,42 : 604.6"
"7,43 : 631.45"
"7,44 : 772.3"
"7,45 : 516.55"
"7,46 : 863.34"
"7,47 : 634.43"
"7,48 : 388.5"
"7,49 : 663.83"
"8,0 : 226.81"
"8,1 : 468.07"
"8,2 : 666.49"
"8,3 : 624.58"
"8,4 : 267.81"
"8,5 : 619.06"
"8,6 : 620.14"
"8,7 : 461.35"
"8,8 : 0.0"
"8,9 : 574.09"
"8,10 : 351.01"
"8,11 : 511.58"
"8,12 : 459.93"
"8,13 : 526.06"
"8,14 : 184.84"
"8,15 : 201.63"
"8,16 : 635.57"
"8,17 : 245.52"
"8,18 : 402.34"
"8,19 : 228.14"
"8,20 : 409.8"
"8,21 : 539.4"
"8,22 : 292.58"
"8,23 : 508.7"
"8,24 : 494.51"
"8,25 : 623.98"
"8,26 : 239.27"
"8,27 : 412.87"
"8,28 : 328.59"
"8,29 : 554.11"
"8,30 : 190.54"
"8,31 : 775.76"
"8,32 : 359.94"
"8,33 : 351.96"
"8,34 : 641.98"
"8,35 : 616.43"
"8,36 : 637.93"
"8,37 : 347.59"
"8,38 : 335.85"
"8,39 : 447.82"
"8,40 : 307.87"
"8,41 : 701.01"
"8,42 : 424.2"
"8,43 : 178.73"
"8,44 : 469.44"
"8,45 : 98.48"
"8,46 : 503.36"
"8,47 : 244.59"
"8,48 : 344.06"
"8,49 : 299.87"
"9,0 : 401.98"
"9,1 : 702.61"
"9,2 : 185.35"
"9,3 : 73.82"
"9,4 : 833.07"
"9,5 : 392.78"
"9,6 : 1012.21"
"9,7 : 916.65"
"9,8 : 574.09"
"9,9 : 0.0"
"9,10 : 335.78"
"9,11 : 843.47"
"9,12 : 965.52"
"9,13 : 101.21"
"9,14 : 496.04"
"9,15 : 444.93"
"9,16 : 77.78"
"9,17 : 491.35"
"9,18 : 370.94"
"9,19 : 628.35"
"9,20 : 864.9"
"9,21 : 170.06"
"9,22 : 828.43"
"9,23 : 456.2"
"9,24 : 258.96"
"9,25 : 52.89"
"9,26 : 726.65"
"9,27 : 168.02"
"9,28 : 897.46"
"9,29 : 86.12"
"9,30 : 493.06"
"9,31 : 430.77"
"9,32 : 673.58"
"9,33 : 892.8"
"9,34 : 167.5"
"9,35 : 467.71"
"9,36 : 713.2"
"9,37 : 365.43"
"9,38 : 761.1"
"9,39 : 437.71"
"9,40 : 500.5"
"9,41 : 531.32"
"9,42 : 964.58"
"9,43 : 439.24"
"9,44 : 151.24"
"9,45 : 476.08"
"9,46 : 75.24"
"9,47 : 329.56"
"9,48 : 918.15"
"9,49 : 276.0"
"10,0 : 124.2"
"10,1 : 372.11"
"10,2 : 348.24"
"10,3 : 351.73"
"10,4 : 561.26"
"10,5 : 272.08"
"10,6 : 676.47"
"10,7 : 588.15"
"10,8 : 351.01"
"10,9 : 335.78"
"10,10 : 0.0"
"10,11 : 508.14"
"10,12 : 808.06"
"10,13 : 245.8"
"10,14 : 196.73"
"10,15 : 155.68"
"10,16 : 364.67"
"10,17 : 168.11"
"10,18 : 71.25"
"10,19 : 517.61"
"10,20 : 538.21"
"10,21 : 411.2"
"10,22 : 532.51"
"10,23 : 200.81"
"10,24 : 435.9"
"10,25 : 387.32"
"10,26 : 575.01"
"10,27 : 187.54"
"10,28 : 669.65"
"10,29 : 369.57"
"10,30 : 394.46"
"10,31 : 424.79"
"10,32 : 338.14"
"10,33 : 595.45"
"10,34 : 477.2"
"10,35 : 287.47"
"10,36 : 429.13"
"10,37 : 400.24"
"10,38 : 651.87"
"10,39 : 148.66"
"10,40 : 165.2"
"10,41 : 374.77"
"10,42 : 775.06"
"10,43 : 326.47"
"10,44 : 186.21"
"10,45 : 267.47"
"10,46 : 296.33"
"10,47 : 199.1"
"10,48 : 666.7"
"10,49 : 165.87"
"11,0 : 480.45"
"11,1 : 156.55"
"11,2 : 817.78"
"11,3 : 851.94"
"11,4 : 444.86"
"11,5 : 602.74"
"11,6 : 175.35"
"11,7 : 195.35"
"11,8 : 511.58"
"11,9 : 843.47"
"11,10 : 508.14"
"11,11 : 0.0"
"11,12 : 843.5"
"11,13 : 749.65"
"11,14 : 404.08"
"11,15 : 445.95"
"11,16 : 864.91"
"11,17 : 374.17"
"11,18 : 478.6"
"11,19 : 734.54"
"11,20 : 191.23"
"11,21 : 905.7"
"11,22 : 353.35"
"11,23 : 450.63"
"11,24 : 906.37"
"11,25 : 894.39"
"11,26 : 706.25"
"11,27 : 691.4"
"11,28 : 612.91"
"11,29 : 875.0"
"11,30 : 691.62"
"11,31 : 758.09"
"11,32 : 178.33"
"11,33 : 370.74"
"11,34 : 982.25"
"11,35 : 535.11"
"11,36 : 320.95"
"11,37 : 807.42"
"11,38 : 814.86"
"11,39 : 431.72"
"11,40 : 346.01"
"11,41 : 574.16"
"11,42 : 760.76"
"11,43 : 653.03"
"11,44 : 692.69"
"11,45 : 532.23"
"11,46 : 802.71"
"11,47 : 613.69"
"11,48 : 552.91"
"11,49 : 625.79"
"12,0 : 684.6"
"12,1 : 866.64"
"12,2 : 1095.7"
"12,3 : 1029.61"
"12,4 : 400.39"
"12,5 : 1078.34"
"12,6 : 870.01"
"12,7 : 695.35"
"12,8 : 459.93"
"12,9 : 965.52"
"12,10 : 808.06"
"12,11 : 843.5"
"12,12 : 0.0"
"12,13 : 945.77"
"12,14 : 640.78"
"12,15 : 661.56"
"12,16 : 1038.31"
"12,17 : 699.22"
"12,18 : 862.12"
"12,19 : 339.0"
"12,20 : 667.27"
"12,21 : 868.84"
"12,22 : 493.04"
"12,23 : 966.75"
"12,24 : 787.02"
"12,25 : 1007.21"
"12,26 : 241.14"
"12,27 : 828.68"
"12,28 : 237.0"
"12,29 : 917.15"
"12,30 : 472.45"
"12,31 : 1232.07"
"12,32 : 752.85"
"12,33 : 496.0"
"12,34 : 973.56"
"12,35 : 1075.76"
"12,36 : 1062.28"
"12,37 : 624.29"
"12,38 : 221.44"
"12,39 : 906.25"
"12,40 : 758.4"
"12,41 : 1159.53"
"12,42 : 99.02"
"12,43 : 529.65"
"12,44 : 897.4"
"12,45 : 541.68"
"12,46 : 890.28"
"12,47 : 659.97"
"12,48 : 311.45"
"12,49 : 720.49"
"13,0 : 330.12"
"13,1 : 605.74"
"13,2 : 151.98"
"13,3 : 106.89"
"13,4 : 774.08"
"13,5 : 299.67"
"13,6 : 920.4"
"13,7 : 833.09"
"13,8 : 526.06"
"13,9 : 101.21"
"13,10 : 245.8"
"13,11 : 749.65"
"13,12 : 945.77"
"13,13 : 0.0"
"13,14 : 422.29"
"13,15 : 372.44"
"13,16 : 119.64"
"13,17 : 409.02"
"13,18 : 273.22"
"13,19 : 616.0"
"13,20 : 782.47"
"13,21 : 244.59"
"13,22 : 760.35"
"13,23 : 355.0"
"13,24 : 317.13"
"13,25 : 146.99"
"13,26 : 704.67"
"13,27 : 117.18"
"13,28 : 854.27"
"13,29 : 169.54"
"13,30 : 478.36"
"13,31 : 363.32"
"13,32 : 583.26"
"13,33 : 824.55"
"13,34 : 266.13"
"13,35 : 370.65"
"13,36 : 612.01"
"13,37 : 383.33"
"13,38 : 752.8"
"13,39 : 337.42"
"13,40 : 410.76"
"13,41 : 438.71"
"13,42 : 934.65"
"13,43 : 416.59"
"13,44 : 61.52"
"13,45 : 427.92"
"13,46 : 110.22"
"13,47 : 288.62"
"13,48 : 867.15"
"13,49 : 228.82"
"14,0 : 94.11"
"14,1 : 316.54"
"14,2 : 541.79"
"14,3 : 528.66"
"14,4 : 364.56"
"14,5 : 447.09"
"14,6 : 549.98"
"14,7 : 427.57"
"14,8 : 184.84"
"14,9 : 496.04"
"14,10 : 196.73"
"14,11 : 404.08"
"14,12 : 640.78"
"14,13 : 422.29"
"14,14 : 0.0"
"14,15 : 51.24"
"14,16 : 541.12"
"14,17 : 61.1"
"14,18 : 230.87"
"14,19 : 398.32"
"14,20 : 374.33"
"14,21 : 518.24"
"14,22 : 339.15"
"14,23 : 325.98"
"14,24 : 506.57"
"14,25 : 548.89"
"14,26 : 423.99"
"14,27 : 328.72"
"14,28 : 479.84"
"14,29 : 504.09"
"14,30 : 311.55"
"14,31 : 610.2"
"14,32 : 228.11"
"14,33 : 403.01"
"14,34 : 606.87"
"14,35 : 435.76"
"14,36 : 462.53"
"14,37 : 404.25"
"14,38 : 517.67"
"14,39 : 265.66"
"14,40 : 124.28"
"14,41 : 518.81"
"14,42 : 595.76"
"14,43 : 259.53"
"14,44 : 360.87"
"14,45 : 145.22"
"14,46 : 438.0"
"14,47 : 212.25"
"14,48 : 471.53"
"14,49 : 236.32"
"15,0 : 42.95"
"15,1 : 346.32"
"15,2 : 495.34"
"15,3 : 478.51"
"15,4 : 408.37"
"15,5 : 418.06"
"15,6 : 596.67"
"15,7 : 478.08"
"15,8 : 201.63"
"15,9 : 444.93"
"15,10 : 155.68"
"15,11 : 445.95"
"15,12 : 661.56"
"15,13 : 372.44"
"15,14 : 51.24"
"15,15 : 0.0"
"15,16 : 490.89"
"15,17 : 76.9"
"15,18 : 200.94"
"15,19 : 396.89"
"15,20 : 425.0"
"15,21 : 469.0"
"15,22 : 388.03"
"15,23 : 309.9"
"15,24 : 461.09"
"15,25 : 497.76"
"15,26 : 436.0"
"15,27 : 277.5"
"15,28 : 514.21"
"15,29 : 453.15"
"15,30 : 295.55"
"15,31 : 577.31"
"15,32 : 268.03"
"15,33 : 452.16"
"15,34 : 556.36"
"15,35 : 415.6"
"15,36 : 474.07"
"15,37 : 368.21"
"15,38 : 523.26"
"15,39 : 248.85"
"15,40 : 133.38"
"15,41 : 500.97"
"15,42 : 622.98"
"15,43 : 236.61"
"15,44 : 311.16"
"15,45 : 136.31"
"15,46 : 386.79"
"15,47 : 167.74"
"15,48 : 511.5"
"15,49 : 186.45"
"16,0 : 448.29"
"16,1 : 718.09"
"16,2 : 122.0"
"16,3 : 13.0"
"16,4 : 889.09"
"16,5 : 363.85"
"16,6 : 1036.91"
"16,7 : 952.49"
"16,8 : 635.57"
"16,9 : 77.78"
"16,10 : 364.67"
"16,11 : 864.91"
"16,12 : 1038.31"
"16,13 : 119.64"
"16,14 : 541.12"
"16,15 : 490.89"
"16,16 : 0.0"
"16,17 : 528.66"
"16,18 : 386.48"
"16,19 : 702.41"
"16,20 : 902.0"
"16,21 : 240.75"
"16,22 : 878.31"
"16,23 : 452.09"
"16,24 : 333.42"
"16,25 : 69.12"
"16,26 : 798.49"
"16,27 : 222.89"
"16,28 : 961.88"
"16,29 : 157.47"
"16,30 : 566.17"
"16,31 : 374.34"
"16,32 : 701.02"
"16,33 : 942.61"
"16,34 : 211.09"
"16,35 : 444.69"
"16,36 : 706.15"
"16,37 : 442.99"
"16,38 : 836.24"
"16,39 : 443.95"
"16,40 : 529.13"
"16,41 : 498.64"
"16,42 : 1034.3"
"16,43 : 509.93"
"16,44 : 181.03"
"16,45 : 537.09"
"16,46 : 150.34"
"16,47 : 392.76"
"16,48 : 978.81"
"16,49 : 335.7"
"17,0 : 106.4"
"17,1 : 269.46"
"17,2 : 516.05"
"17,3 : 515.86"
"17,4 : 404.56"
"17,5 : 397.36"
"17,6 : 530.83"
"17,7 : 425.35"
"17,8 : 245.52"
"17,9 : 491.35"
"17,10 : 168.11"
"17,11 : 374.17"
"17,12 : 699.22"
"17,13 : 409.02"
"17,14 : 61.1"
"17,15 : 76.9"
"17,16 : 528.66"
"17,17 : 0.0"
"17,18 : 185.74"
"17,19 : 458.71"
"17,20 : 373.94"
"17,21 : 533.49"
"17,22 : 367.16"
"17,23 : 268.76"
"17,24 : 532.46"
"17,25 : 544.06"
"17,26 : 484.78"
"17,27 : 328.27"
"17,28 : 530.6"
"17,29 : 509.78"
"17,30 : 367.11"
"17,31 : 563.1"
"17,32 : 195.88"
"17,33 : 429.21"
"17,34 : 615.43"
"17,35 : 379.91"
"17,36 : 403.52"
"17,37 : 444.93"
"17,38 : 578.77"
"17,39 : 209.48"
"17,40 : 63.32"
"17,41 : 461.46"
"17,42 : 651.25"
"17,43 : 311.13"
"17,44 : 347.8"
"17,45 : 202.48"
"17,46 : 440.07"
"17,47 : 241.85"
"17,48 : 516.36"
"17,49 : 251.92"
"18,0 : 179.84"
"18,1 : 332.54"
"18,2 : 346.88"
"18,3 : 373.53"
"18,4 : 590.16"
"18,5 : 217.28"
"18,6 : 651.46"
"18,7 : 580.73"
"18,8 : 402.34"
"18,9 : 370.94"
"18,10 : 71.25"
"18,11 : 478.6"
"18,12 : 862.12"
"18,13 : 273.22"
"18,14 : 230.87"
"18,15 : 200.94"
"18,16 : 386.48"
"18,17 : 185.74"
"18,18 : 0.0"
"18,19 : 582.13"
"18,20 : 533.73"
"18,21 : 466.65"
"18,22 : 551.04"
"18,23 : 129.56"
"18,24 : 499.3"
"18,25 : 419.82"
"18,26 : 633.33"
"18,27 : 241.5"
"18,28 : 710.68"
"18,29 : 416.64"
"18,30 : 462.44"
"18,31 : 379.36"
"18,32 : 319.92"
"18,33 : 611.9"
"18,34 : 523.44"
"18,35 : 220.53"
"18,36 : 364.54"
"18,37 : 471.07"
"18,38 : 714.55"
"18,39 : 79.56"
"18,40 : 157.05"
"18,41 : 307.68"
"18,42 : 823.53"
"18,43 : 395.01"
"18,44 : 220.24"
"18,45 : 326.55"
"18,46 : 343.15"
"18,47 : 270.13"
"18,48 : 700.79"
"18,49 : 236.26"
"19,0 : 404.4"
"19,1 : 696.0"
"19,2 : 767.64"
"19,3 : 694.28"
"19,4 : 394.09"
"19,5 : 788.0"
"19,6 : 827.49"
"19,7 : 657.87"
"19,8 : 228.14"
"19,9 : 628.35"
"19,10 : 517.61"
"19,11 : 734.54"
"19,12 : 339.0"
"19,13 : 616.0"
"19,14 : 398.32"
"19,15 : 396.89"
"19,16 : 702.41"
"19,17 : 458.71"
"19,18 : 582.13"
"19,19 : 0.0"
"19,20 : 610.78"
"19,21 : 531.16"
"19,22 : 459.31"
"19,23 : 703.14"
"19,24 : 453.14"
"19,25 : 668.88"
"19,26 : 113.75"
"19,27 : 500.21"
"19,28 : 345.58"
"19,29 : 578.16"
"19,30 : 137.64"
"19,31 : 928.46"
"19,32 : 587.98"
"19,33 : 503.44"
"19,34 : 636.61"
"19,35 : 802.65"
"19,36 : 860.14"
"19,37 : 287.93"
"19,38 : 137.93"
"19,39 : 642.63"
"19,40 : 521.98"
"19,41 : 889.72"
"19,42 : 355.36"
"19,43 : 202.31"
"19,44 : 572.46"
"19,45 : 260.66"
"19,46 : 553.2"
"19,47 : 340.18"
"19,48 : 404.48"
"19,49 : 398.9"
"20,0 : 466.96"
"20,1 : 291.39"
"20,2 : 879.82"
"20,3 : 889.14"
"20,4 : 267.37"
"20,5 : 705.56"
"20,6 : 217.57"
"20,7 : 53.82"
"20,8 : 409.8"
"20,9 : 864.9"
"20,10 : 538.21"
"20,11 : 191.23"
"20,12 : 667.27"
"20,13 : 782.47"
"20,14 : 374.33"
"20,15 : 425.0"
"20,16 : 902.0"
"20,17 : 373.94"
"20,18 : 533.73"
"20,19 : 610.78"
"20,20 : 0.0"
"20,21 : 891.31"
"20,22 : 175.03"
"20,23 : 550.76"
"20,24 : 871.53"
"20,25 : 917.69"
"20,26 : 560.29"
"20,27 : 699.94"
"20,28 : 432.07"
"20,29 : 878.09"
"20,30 : 600.26"
"20,31 : 871.19"
"20,32 : 223.3"
"20,33 : 180.87"
"20,34 : 981.2"
"20,35 : 652.94"
"20,36 : 490.8"
"20,37 : 745.52"
"20,38 : 668.23"
"20,39 : 513.13"
"20,40 : 377.93"
"20,41 : 709.03"
"20,42 : 579.69"
"20,43 : 578.5"
"20,44 : 721.47"
"20,45 : 463.07"
"20,46 : 810.78"
"20,47 : 580.67"
"20,48 : 366.79"
"20,49 : 610.48"
"21,0 : 429.44"
"21,1 : 780.54"
"21,2 : 355.36"
"21,3 : 240.67"
"21,4 : 807.2"
"21,5 : 543.2"
"21,6 : 1064.07"
"21,7 : 944.91"
"21,8 : 539.4"
"21,9 : 170.06"
"21,10 : 411.2"
"21,11 : 905.7"
"21,12 : 868.84"
"21,13 : 244.59"
"21,14 : 518.24"
"21,15 : 469.0"
"21,16 : 240.75"
"21,17 : 533.49"
"21,18 : 466.65"
"21,19 : 531.16"
"21,20 : 891.31"
"21,21 : 0.0"
"21,22 : 821.59"
"21,23 : 575.92"
"21,24 : 96.88"
"21,25 : 178.09"
"21,26 : 639.86"
"21,27 : 225.26"
"21,28 : 840.13"
"21,29 : 84.12"
"21,30 : 408.34"
"21,31 : 598.92"
"21,32 : 728.34"
"21,33 : 884.51"
"21,34 : 106.3"
"21,35 : 610.05"
"21,36 : 828.77"
"21,37 : 244.83"
"21,38 : 653.01"
"21,39 : 543.34"
"21,40 : 561.45"
"21,41 : 681.98"
"21,42 : 883.47"
"21,43 : 372.91"
"21,44 : 263.8"
"21,45 : 449.8"
"21,46 : 136.13"
"21,47 : 312.27"
"21,48 : 874.44"
"21,49 : 282.72"
"22,0 : 430.23"
"22,1 : 407.95"
"22,2 : 880.12"
"22,3 : 866.07"
"22,4 : 92.66"
"22,5 : 752.49"
"22,6 : 386.85"
"22,7 : 210.04"
"22,8 : 292.58"
"22,9 : 828.43"
"22,10 : 532.51"
"22,11 : 353.35"
"22,12 : 493.04"
"22,13 : 760.35"
"22,14 : 339.15"
"22,15 : 388.03"
"22,16 : 878.31"
"22,17 : 367.16"
"22,18 : 551.04"
"22,19 : 459.31"
"22,20 : 175.03"
"22,21 : 821.59"
"22,22 : 0.0"
"22,23 : 606.08"
"22,24 : 784.59"
"22,25 : 880.81"
"22,26 : 394.61"
"22,27 : 660.5"
"22,28 : 259.76"
"22,29 : 824.49"
"22,30 : 476.34"
"22,31 : 920.65"
"22,32 : 305.0"
"22,33 : 64.38"
"22,34 : 920.2"
"22,35 : 716.92"
"22,36 : 613.82"
"22,37 : 640.13"
"22,38 : 500.59"
"22,39 : 555.79"
"22,40 : 399.08"
"22,41 : 786.5"
"22,42 : 407.71"
"22,43 : 471.28"
"22,44 : 699.16"
"22,45 : 372.34"
"22,46 : 764.66"
"22,47 : 512.11"
"22,48 : 201.72"
"22,49 : 555.82"
"23,0 : 298.85"
"23,1 : 294.19"
"23,2 : 379.3"
"23,3 : 439.93"
"23,4 : 660.28"
"23,5 : 155.32"
"23,6 : 625.62"
"23,7 : 590.57"
"23,8 : 508.7"
"23,9 : 456.2"
"23,10 : 200.81"
"23,11 : 450.63"
"23,12 : 966.75"
"23,13 : 355.0"
"23,14 : 325.98"
"23,15 : 309.9"
"23,16 : 452.09"
"23,17 : 268.76"
"23,18 : 129.56"
"23,19 : 703.14"
"23,20 : 550.76"
"23,21 : 575.92"
"23,22 : 606.08"
"23,23 : 0.0"
"23,24 : 618.59"
"23,25 : 499.16"
"23,26 : 745.65"
"23,27 : 355.14"
"23,28 : 797.04"
"23,29 : 515.98"
"23,30 : 588.26"
"23,31 : 320.66"
"23,32 : 327.48"
"23,33 : 661.69"
"23,34 : 619.11"
"23,35 : 112.41"
"23,36 : 257.03"
"23,37 : 600.01"
"23,38 : 832.48"
"23,39 : 61.06"
"23,40 : 215.06"
"23,41 : 192.85"
"23,42 : 919.99"
"23,43 : 521.7"
"23,44 : 315.09"
"23,45 : 443.64"
"23,46 : 444.6"
"23,47 : 399.53"
"23,48 : 776.66"
"23,49 : 365.0"
"24,0 : 426.06"
"24,1 : 792.78"
"24,2 : 443.08"
"24,3 : 331.94"
"24,4 : 760.22"
"24,5 : 607.04"
"24,6 : 1056.53"
"24,7 : 925.35"
"24,8 : 494.51"
"24,9 : 258.96"
"24,10 : 435.9"
"24,11 : 906.37"
"24,12 : 787.02"
"24,13 : 317.13"
"24,14 : 506.57"
"24,15 : 461.09"
"24,16 : 333.42"
"24,17 : 532.46"
"24,18 : 499.3"
"24,19 : 453.14"
"24,20 : 871.53"
"24,21 : 96.88"
"24,22 : 784.59"
"24,23 : 618.59"
"24,24 : 0.0"
"24,25 : 273.6"
"24,26 : 564.85"
"24,27 : 264.37"
"24,28 : 776.56"
"24,29 : 176.17"
"24,30 : 340.91"
"24,31 : 679.23"
"24,32 : 728.06"
"24,33 : 845.68"
"24,34 : 190.28"
"24,35 : 666.79"
"24,36 : 863.71"
"24,37 : 166.03"
"24,38 : 568.26"
"24,39 : 578.5"
"24,40 : 569.96"
"24,41 : 743.87"
"24,42 : 808.23"
"24,43 : 318.5"
"24,44 : 321.16"
"24,45 : 414.06"
"24,46 : 207.71"
"24,47 : 294.32"
"24,48 : 817.22"
"24,49 : 283.54"
"25,0 : 454.82"
"25,1 : 752.14"
"25,2 : 191.04"
"25,3 : 74.43"
"25,4 : 884.35"
"25,5 : 424.01"
"25,6 : 1063.77"
"25,7 : 969.39"
"25,8 : 623.98"
"25,9 : 52.89"
"25,10 : 387.32"
"25,11 : 894.39"
"25,12 : 1007.21"
"25,13 : 146.99"
"25,14 : 548.89"
"25,15 : 497.76"
"25,16 : 69.12"
"25,17 : 544.06"
"25,18 : 419.82"
"25,19 : 668.88"
"25,20 : 917.69"
"25,21 : 178.09"
"25,22 : 880.81"
"25,23 : 499.16"
"25,24 : 273.6"
"25,25 : 0.0"
"25,26 : 769.73"
"25,27 : 220.66"
"25,28 : 945.69"
"25,29 : 98.99"
"25,30 : 535.26"
"25,31 : 443.16"
"25,32 : 725.38"
"25,33 : 945.17"
"25,34 : 142.35"
"25,35 : 502.36"
"25,36 : 755.6"
"25,37 : 397.72"
"25,38 : 799.62"
"25,39 : 484.19"
"25,40 : 552.31"
"25,41 : 560.87"
"25,42 : 1009.33"
"25,43 : 484.15"
"25,44 : 201.69"
"25,45 : 526.31"
"25,46 : 121.06"
"25,47 : 379.43"
"25,48 : 967.99"
"25,49 : 327.26"
"26,0 : 453.69"
"26,1 : 692.28"
"26,2 : 854.58"
"26,3 : 789.54"
"26,4 : 316.17"
"26,5 : 846.93"
"26,6 : 777.46"
"26,7 : 602.43"
"26,8 : 239.27"
"26,9 : 726.65"
"26,10 : 575.01"
"26,11 : 706.25"
"26,12 : 241.14"
"26,13 : 704.67"
"26,14 : 423.99"
"26,15 : 436.0"
"26,16 : 798.49"
"26,17 : 484.78"
"26,18 : 633.33"
"26,19 : 113.75"
"26,20 : 560.29"
"26,21 : 639.86"
"26,22 : 394.61"
"26,23 : 745.65"
"26,24 : 564.85"
"26,25 : 769.73"
"26,26 : 0.0"
"26,27 : 587.56"
"26,28 : 237.67"
"26,29 : 682.18"
"26,30 : 234.76"
"26,31 : 996.45"
"26,32 : 579.41"
"26,33 : 428.44"
"26,34 : 745.86"
"26,35 : 851.28"
"26,36 : 872.87"
"26,37 : 398.98"
"26,38 : 108.78"
"26,39 : 684.6"
"26,40 : 547.1"
"26,41 : 936.94"
"26,42 : 243.73"
"26,43 : 288.92"
"26,44 : 656.37"
"26,45 : 307.62"
"26,46 : 651.48"
"26,47 : 419.08"
"26,48 : 303.3"
"26,49 : 479.55"
"27,0 : 234.62"
"27,1 : 559.33"
"27,2 : 267.66"
"27,3 : 211.75"
"27,4 : 667.17"
"27,5 : 351.03"
"27,6 : 855.86"
"27,7 : 752.26"
"27,8 : 412.87"
"27,9 : 168.02"
"27,10 : 187.54"
"27,11 : 691.4"
"27,12 : 828.68"
"27,13 : 117.18"
"27,14 : 328.72"
"27,15 : 277.5"
"27,16 : 222.89"
"27,17 : 328.27"
"27,18 : 241.5"
"27,19 : 500.21"
"27,20 : 699.94"
"27,21 : 225.26"
"27,22 : 660.5"
"27,23 : 355.14"
"27,24 : 264.37"
"27,25 : 220.66"
"27,26 : 587.56"
"27,27 : 0.0"
"27,28 : 739.99"
"27,29 : 183.6"
"27,30 : 362.66"
"27,31 : 452.14"
"27,32 : 516.99"
"27,33 : 724.88"
"27,34 : 290.95"
"27,35 : 404.4"
"27,36 : 604.74"
"27,37 : 285.33"
"27,38 : 637.5"
"27,39 : 318.87"
"27,40 : 345.41"
"27,41 : 484.3"
"27,42 : 817.78"
"27,43 : 299.83"
"27,44 : 75.45"
"27,45 : 314.4"
"27,46 : 112.0"
"27,47 : 172.07"
"27,48 : 755.91"
"27,49 : 113.27"
"28,0 : 547.44"
"28,1 : 652.43"
"28,2 : 994.93"
"28,3 : 951.24"
"28,4 : 168.24"
"28,5 : 926.69"
"28,6 : 633.01"
"28,7 : 458.53"
"28,8 : 328.59"
"28,9 : 897.46"
"28,10 : 669.65"
"28,11 : 612.91"
"28,12 : 237.0"
"28,13 : 854.27"
"28,14 : 479.84"
"28,15 : 514.21"
"28,16 : 961.88"
"28,17 : 530.6"
"28,18 : 710.68"
"28,19 : 345.58"
"28,20 : 432.07"
"28,21 : 840.13"
"28,22 : 259.76"
"28,23 : 797.04"
"28,24 : 776.56"
"28,25 : 945.69"
"28,26 : 237.67"
"28,27 : 739.99"
"28,28 : 0.0"
"28,29 : 868.44"
"28,30 : 435.65"
"28,31 : 1089.89"
"28,32 : 541.34"
"28,33 : 259.0"
"28,34 : 946.03"
"28,35 : 909.2"
"28,36 : 854.71"
"28,37 : 612.21"
"28,38 : 313.96"
"28,39 : 739.33"
"28,40 : 582.13"
"28,41 : 987.92"
"28,42 : 147.96"
"28,43 : 468.13"
"28,44 : 798.01"
"28,45 : 426.37"
"28,46 : 824.63"
"28,47 : 569.16"
"28,48 : 78.92"
"28,49 : 626.73"
"29,0 : 411.17"
"29,1 : 741.64"
"29,2 : 271.29"
"29,3 : 156.78"
"29,4 : 819.52"
"29,5 : 469.0"
"29,6 : 1039.0"
"29,7 : 931.01"
"29,8 : 554.11"
"29,9 : 86.12"
"29,10 : 369.57"
"29,11 : 875.0"
"29,12 : 917.15"
"29,13 : 169.54"
"29,14 : 504.09"
"29,15 : 453.15"
"29,16 : 157.47"
"29,17 : 509.78"
"29,18 : 416.64"
"29,19 : 578.16"
"29,20 : 878.09"
"29,21 : 84.12"
"29,22 : 824.49"
"29,23 : 515.98"
"29,24 : 176.17"
"29,25 : 98.99"
"29,26 : 682.18"
"29,27 : 183.6"
"29,28 : 868.44"
"29,29 : 0.0"
"29,30 : 447.5"
"29,31 : 516.27"
"29,32 : 700.34"
"29,33 : 888.44"
"29,34 : 107.63"
"29,35 : 539.83"
"29,36 : 772.0"
"29,37 : 301.17"
"29,38 : 706.38"
"29,39 : 489.65"
"29,40 : 529.01"
"29,41 : 608.06"
"29,42 : 923.95"
"29,43 : 401.65"
"29,44 : 201.0"
"29,45 : 458.96"
"29,46 : 73.59"
"29,47 : 313.34"
"29,48 : 896.04"
"29,49 : 270.07"
"30,0 : 292.23"
"30,1 : 626.1"
"30,2 : 630.02"
"30,3 : 557.74"
"30,4 : 434.08"
"30,5 : 660.5"
"30,6 : 809.15"
"30,7 : 651.89"
"30,8 : 190.54"
"30,9 : 493.06"
"30,10 : 394.46"
"30,11 : 691.62"
"30,12 : 472.45"
"30,13 : 478.36"
"30,14 : 311.55"
"30,15 : 295.55"
"30,16 : 566.17"
"30,17 : 367.11"
"30,18 : 462.44"
"30,19 : 137.64"
"30,20 : 600.26"
"30,21 : 408.34"
"30,22 : 476.34"
"30,23 : 588.26"
"30,24 : 340.91"
"30,25 : 535.26"
"30,26 : 234.76"
"30,27 : 362.66"
"30,28 : 435.65"
"30,29 : 447.5"
"30,30 : 0.0"
"30,31 : 795.59"
"30,32 : 527.6"
"30,33 : 531.61"
"30,34 : 514.64"
"30,35 : 681.87"
"30,36 : 769.44"
"30,37 : 177.34"
"30,38 : 274.9"
"30,39 : 529.25"
"30,40 : 428.07"
"30,41 : 769.19"
"30,42 : 476.77"
"30,43 : 68.6"
"30,44 : 435.28"
"30,45 : 166.6"
"30,46 : 417.83"
"30,47 : 206.4"
"30,48 : 478.55"
"30,49 : 263.42"
"31,0 : 548.96"
"31,1 : 603.08"
"31,2 : 252.51"
"31,3 : 369.02"
"31,4 : 967.01"
"31,5 : 168.24"
"31,6 : 929.63"
"31,7 : 909.95"
"31,8 : 775.76"
"31,9 : 430.77"
"31,10 : 424.79"
"31,11 : 758.09"
"31,12 : 1232.07"
"31,13 : 363.32"
"31,14 : 610.2"
"31,15 : 577.31"
"31,16 : 374.34"
"31,17 : 563.1"
"31,18 : 379.36"
"31,19 : 928.46"
"31,20 : 871.19"
"31,21 : 598.92"
"31,22 : 920.65"
"31,23 : 320.66"
"31,24 : 679.23"
"31,25 : 443.16"
"31,26 : 996.45"
"31,27 : 452.14"
"31,28 : 1089.89"
"31,29 : 516.27"
"31,30 : 795.59"
"31,31 : 0.0"
"31,32 : 648.02"
"31,33 : 978.46"
"31,34 : 585.41"
"31,35 : 223.0"
"31,36 : 486.49"
"31,37 : 737.12"
"31,38 : 1065.74"
"31,39 : 365.25"
"31,40 : 522.01"
"31,41 : 204.71"
"31,42 : 1199.6"
"31,43 : 727.62"
"31,44 : 377.52"
"31,45 : 690.45"
"31,46 : 471.53"
"31,47 : 589.25"
"31,48 : 1079.42"
"31,49 : 533.03"
"32,0 : 302.12"
"32,1 : 114.18"
"32,2 : 666.41"
"32,3 : 688.03"
"32,4 : 380.3"
"32,5 : 482.27"
"32,6 : 339.05"
"32,7 : 265.0"
"32,8 : 359.94"
"32,9 : 673.58"
"32,10 : 338.14"
"32,11 : 178.33"
"32,12 : 752.85"
"32,13 : 583.26"
"32,14 : 228.11"
"32,15 : 268.03"
"32,16 : 701.02"
"32,17 : 195.88"
"32,18 : 319.92"
"32,19 : 587.98"
"32,20 : 223.3"
"32,21 : 728.34"
"32,22 : 305.0"
"32,23 : 327.48"
"32,24 : 728.06"
"32,25 : 725.38"
"32,26 : 579.41"
"32,27 : 516.99"
"32,28 : 541.34"
"32,29 : 700.34"
"32,30 : 527.6"
"32,31 : 648.02"
"32,32 : 0.0"
"32,33 : 350.63"
"32,34 : 807.12"
"32,35 : 431.04"
"32,36 : 313.41"
"32,37 : 632.36"
"32,38 : 685.19"
"32,39 : 291.01"
"32,40 : 173.08"
"32,41 : 491.53"
"32,42 : 683.12"
"32,43 : 483.18"
"32,44 : 524.32"
"32,45 : 363.45"
"32,46 : 628.84"
"32,47 : 435.73"
"32,48 : 499.48"
"32,49 : 447.67"
"33,0 : 494.45"
"33,1 : 446.28"
"33,2 : 943.38"
"33,3 : 930.34"
"33,4 : 112.29"
"33,5 : 810.22"
"33,6 : 374.01"
"33,7 : 200.32"
"33,8 : 351.96"
"33,9 : 892.8"
"33,10 : 595.45"
"33,11 : 370.74"
"33,12 : 496.0"
"33,13 : 824.55"
"33,14 : 403.01"
"33,15 : 452.16"
"33,16 : 942.61"
"33,17 : 429.21"
"33,18 : 611.9"
"33,19 : 503.44"
"33,20 : 180.87"
"33,21 : 884.51"
"33,22 : 64.38"
"33,23 : 661.69"
"33,24 : 845.68"
"33,25 : 945.17"
"33,26 : 428.44"
"33,27 : 724.88"
"33,28 : 259.0"
"33,29 : 888.44"
"33,30 : 531.61"
"33,31 : 978.46"
"33,32 : 350.63"
"33,33 : 0.0"
"33,34 : 983.65"
"33,35 : 771.49"
"33,36 : 651.95"
"33,37 : 698.69"
"33,38 : 530.67"
"33,39 : 613.23"
"33,40 : 458.26"
"33,41 : 838.55"
"33,42 : 404.35"
"33,43 : 530.53"
"33,44 : 763.32"
"33,45 : 434.84"
"33,46 : 828.91"
"33,47 : 575.78"
"33,48 : 188.25"
"33,49 : 620.02"
"34,0 : 515.01"
"34,1 : 849.26"
"34,2 : 333.05"
"34,3 : 216.75"
"34,4 : 909.46"
"34,5 : 560.05"
"34,6 : 1145.47"
"34,7 : 1034.41"
"34,8 : 641.98"
"34,9 : 167.5"
"34,10 : 477.2"
"34,11 : 982.25"
"34,12 : 973.56"
"34,13 : 266.13"
"34,14 : 606.87"
"34,15 : 556.36"
"34,16 : 211.09"
"34,17 : 615.43"
"34,18 : 523.44"
"34,19 : 636.61"
"34,20 : 981.2"
"34,21 : 106.3"
"34,22 : 920.2"
"34,23 : 619.11"
"34,24 : 190.28"
"34,25 : 142.35"
"34,26 : 745.86"
"34,27 : 290.95"
"34,28 : 946.03"
"34,29 : 107.63"
"34,30 : 514.64"
"34,31 : 585.41"
"34,32 : 807.12"
"34,33 : 983.65"
"34,34 : 0.0"
"34,35 : 635.15"
"34,36 : 875.87"
"34,37 : 349.28"
"34,38 : 756.49"
"34,39 : 595.36"
"34,40 : 636.23"
"34,41 : 698.32"
"34,42 : 989.53"
"34,43 : 478.34"
"34,44 : 305.6"
"34,45 : 550.16"
"34,46 : 181.04"
"34,47 : 408.29"
"34,48 : 979.27"
"34,49 : 370.94"
"35,0 : 399.43"
"35,1 : 380.16"
"35,2 : 348.04"
"35,3 : 434.08"
"35,4 : 772.5"
"35,5 : 85.04"
"35,6 : 707.07"
"35,7 : 689.7"
"35,8 : 616.43"
"35,9 : 467.71"
"35,10 : 287.47"
"35,11 : 535.11"
"35,12 : 1075.76"
"35,13 : 370.65"
"35,14 : 435.76"
"35,15 : 415.6"
"35,16 : 444.69"
"35,17 : 379.91"
"35,18 : 220.53"
"35,19 : 802.65"
"35,20 : 652.94"
"35,21 : 610.05"
"35,22 : 716.92"
"35,23 : 112.41"
"35,24 : 666.79"
"35,25 : 502.36"
"35,26 : 851.28"
"35,27 : 404.4"
"35,28 : 909.2"
"35,29 : 539.83"
"35,30 : 681.87"
"35,31 : 223.0"
"35,32 : 431.04"
"35,33 : 771.49"
"35,34 : 635.15"
"35,35 : 0.0"
"35,36 : 280.59"
"35,37 : 672.74"
"35,38 : 934.67"
"35,39 : 170.45"
"35,40 : 327.42"
"35,41 : 87.32"
"35,42 : 1031.0"
"35,43 : 613.93"
"35,44 : 347.4"
"35,45 : 546.01"
"35,46 : 474.16"
"35,47 : 483.92"
"35,48 : 889.04"
"35,49 : 440.71"
"36,0 : 484.2"
"36,1 : 206.04"
"36,2 : 622.4"
"36,3 : 694.34"
"36,4 : 693.09"
"36,5 : 364.47"
"36,6 : 471.29"
"36,7 : 510.04"
"36,8 : 637.93"
"36,9 : 713.2"
"36,10 : 429.13"
"36,11 : 320.95"
"36,12 : 1062.28"
"36,13 : 612.01"
"36,14 : 462.53"
"36,15 : 474.07"
"36,16 : 706.15"
"36,17 : 403.52"
"36,18 : 364.54"
"36,19 : 860.14"
"36,20 : 490.8"
"36,21 : 828.77"
"36,22 : 613.82"
"36,23 : 257.03"
"36,24 : 863.71"
"36,25 : 755.6"
"36,26 : 872.87"
"36,27 : 604.74"
"36,28 : 854.71"
"36,29 : 772.0"
"36,30 : 769.44"
"36,31 : 486.49"
"36,32 : 313.41"
"36,33 : 651.95"
"36,34 : 875.87"
"36,35 : 280.59"
"36,36 : 0.0"
"36,37 : 821.26"
"36,38 : 973.54"
"36,39 : 285.94"
"36,40 : 341.47"
"36,41 : 283.85"
"36,42 : 995.63"
"36,43 : 710.06"
"36,44 : 571.02"
"36,45 : 605.98"
"36,46 : 699.89"
"36,47 : 611.9"
"36,48 : 811.8"
"36,49 : 592.31"
"37,0 : 344.08"
"37,1 : 714.32"
"37,2 : 531.15"
"37,3 : 437.38"
"37,4 : 606.57"
"37,5 : 630.38"
"37,6 : 943.66"
"37,7 : 798.8"
"37,8 : 347.59"
"37,9 : 365.43"
"37,10 : 400.24"
"37,11 : 807.42"
"37,12 : 624.29"
"37,13 : 383.33"
"37,14 : 404.25"
"37,15 : 368.21"
"37,16 : 442.99"
"37,17 : 444.93"
"37,18 : 471.07"
"37,19 : 287.93"
"37,20 : 745.52"
"37,21 : 244.83"
"37,22 : 640.13"
"37,23 : 600.01"
"37,24 : 166.03"
"37,25 : 397.72"
"37,26 : 398.98"
"37,27 : 285.33"
"37,28 : 612.21"
"37,29 : 301.17"
"37,30 : 177.34"
"37,31 : 737.12"
"37,32 : 632.36"
"37,33 : 698.69"
"37,34 : 349.28"
"37,35 : 672.74"
"37,36 : 821.26"
"37,37 : 0.0"
"37,38 : 408.31"
"37,39 : 548.71"
"37,40 : 495.29"
"37,41 : 757.24"
"37,42 : 642.53"
"37,43 : 169.26"
"37,44 : 359.6"
"37,45 : 282.9"
"37,46 : 294.17"
"37,47 : 209.8"
"37,48 : 655.82"
"37,49 : 235.02"
"38,0 : 535.26"
"38,1 : 797.3"
"38,2 : 904.63"
"38,3 : 828.54"
"38,4 : 418.63"
"38,5 : 923.28"
"38,6 : 885.08"
"38,7 : 709.48"
"38,8 : 335.85"
"38,9 : 761.1"
"38,10 : 651.87"
"38,11 : 814.86"
"38,12 : 221.44"
"38,13 : 752.8"
"38,14 : 517.67"
"38,15 : 523.26"
"38,16 : 836.24"
"38,17 : 578.77"
"38,18 : 714.55"
"38,19 : 137.93"
"38,20 : 668.23"
"38,21 : 653.01"
"38,22 : 500.59"
"38,23 : 832.48"
"38,24 : 568.26"
"38,25 : 799.62"
"38,26 : 108.78"
"38,27 : 637.5"
"38,28 : 313.96"
"38,29 : 706.38"
"38,30 : 274.9"
"38,31 : 1065.74"
"38,32 : 685.19"
"38,33 : 530.67"
"38,34 : 756.49"
"38,35 : 934.67"
"38,36 : 973.54"
"38,37 : 408.31"
"38,38 : 0.0"
"38,39 : 771.56"
"38,40 : 641.88"
"38,41 : 1021.35"
"38,42 : 266.96"
"38,43 : 340.24"
"38,44 : 710.13"
"38,45 : 389.0"
"38,46 : 686.29"
"38,47 : 478.01"
"38,48 : 388.09"
"38,49 : 536.83"
"39,0 : 238.65"
"39,1 : 278.38"
"39,2 : 386.35"
"39,3 : 431.28"
"39,4 : 606.03"
"39,5 : 197.01"
"39,6 : 606.88"
"39,7 : 556.01"
"39,8 : 447.82"
"39,9 : 437.71"
"39,10 : 148.66"
"39,11 : 431.72"
"39,12 : 906.25"
"39,13 : 337.42"
"39,14 : 265.66"
"39,15 : 248.85"
"39,16 : 443.95"
"39,17 : 209.48"
"39,18 : 79.56"
"39,19 : 642.63"
"39,20 : 513.13"
"39,21 : 543.34"
"39,22 : 555.79"
"39,23 : 61.06"
"39,24 : 578.5"
"39,25 : 484.19"
"39,26 : 684.6"
"39,27 : 318.87"
"39,28 : 739.33"
"39,29 : 489.65"
"39,30 : 529.25"
"39,31 : 365.25"
"39,32 : 291.01"
"39,33 : 613.23"
"39,34 : 595.36"
"39,35 : 170.45"
"39,36 : 285.94"
"39,37 : 548.71"
"39,38 : 771.56"
"39,39 : 0.0"
"39,40 : 159.15"
"39,41 : 253.31"
"39,42 : 860.56"
"39,43 : 463.25"
"39,44 : 289.88"
"39,45 : 382.83"
"39,46 : 416.66"
"39,47 : 344.64"
"39,48 : 721.25"
"39,49 : 314.53"
"40,0 : 151.22"
"40,1 : 223.03"
"40,2 : 501.91"
"40,3 : 516.15"
"40,4 : 446.9"
"40,5 : 354.15"
"40,6 : 511.89"
"40,7 : 426.2"
"40,8 : 307.87"
"40,9 : 500.5"
"40,10 : 165.2"
"40,11 : 346.01"
"40,12 : 758.4"
"40,13 : 410.76"
"40,14 : 124.28"
"40,15 : 133.38"
"40,16 : 529.13"
"40,17 : 63.32"
"40,18 : 157.05"
"40,19 : 521.98"
"40,20 : 377.93"
"40,21 : 561.45"
"40,22 : 399.08"
"40,23 : 215.06"
"40,24 : 569.96"
"40,25 : 552.31"
"40,26 : 547.1"
"40,27 : 345.41"
"40,28 : 582.13"
"40,29 : 529.01"
"40,30 : 428.07"
"40,31 : 522.01"
"40,32 : 173.08"
"40,33 : 458.26"
"40,34 : 636.23"
"40,35 : 327.42"
"40,36 : 341.47"
"40,37 : 495.29"
"40,38 : 641.88"
"40,39 : 159.15"
"40,40 : 0.0"
"40,41 : 406.04"
"40,42 : 707.25"
"40,43 : 369.99"
"40,44 : 351.41"
"40,45 : 264.82"
"40,46 : 456.89"
"40,47 : 287.45"
"40,48 : 562.22"
"40,49 : 286.44"
"41,0 : 486.1"
"41,1 : 424.86"
"41,2 : 390.52"
"41,3 : 489.25"
"41,4 : 846.67"
"41,5 : 139.06"
"41,6 : 740.46"
"41,7 : 741.75"
"41,8 : 701.01"
"41,9 : 531.32"
"41,10 : 374.77"
"41,11 : 574.16"
"41,12 : 1159.53"
"41,13 : 438.71"
"41,14 : 518.81"
"41,15 : 500.97"
"41,16 : 498.64"
"41,17 : 461.46"
"41,18 : 307.68"
"41,19 : 889.72"
"41,20 : 709.03"
"41,21 : 681.98"
"41,22 : 786.5"
"41,23 : 192.85"
"41,24 : 743.87"
"41,25 : 560.87"
"41,26 : 936.94"
"41,27 : 484.3"
"41,28 : 987.92"
"41,29 : 608.06"
"41,30 : 769.19"
"41,31 : 204.71"
"41,32 : 491.53"
"41,33 : 838.55"
"41,34 : 698.32"
"41,35 : 87.32"
"41,36 : 283.85"
"41,37 : 757.24"
"41,38 : 1021.35"
"41,39 : 253.31"
"41,40 : 406.04"
"41,41 : 0.0"
"41,42 : 1112.52"
"41,43 : 701.23"
"41,44 : 422.8"
"41,45 : 632.49"
"41,46 : 545.89"
"41,47 : 570.79"
"41,48 : 964.44"
"41,49 : 526.55"
"42,0 : 650.89"
"42,1 : 795.59"
"42,2 : 1081.47"
"42,3 : 1024.72"
"42,4 : 315.93"
"42,5 : 1040.81"
"42,6 : 777.58"
"42,7 : 604.6"
"42,8 : 424.2"
"42,9 : 964.58"
"42,10 : 775.06"
"42,11 : 760.76"
"42,12 : 99.02"
"42,13 : 934.65"
"42,14 : 595.76"
"42,15 : 622.98"
"42,16 : 1034.3"
"42,17 : 651.25"
"42,18 : 823.53"
"42,19 : 355.36"
"42,20 : 579.69"
"42,21 : 883.47"
"42,22 : 407.71"
"42,23 : 919.99"
"42,24 : 808.23"
"42,25 : 1009.33"
"42,26 : 243.73"
"42,27 : 817.78"
"42,28 : 147.96"
"42,29 : 923.95"
"42,30 : 476.77"
"42,31 : 1199.6"
"42,32 : 683.12"
"42,33 : 404.35"
"42,34 : 989.53"
"42,35 : 1031.0"
"42,36 : 995.63"
"42,37 : 642.53"
"42,38 : 266.96"
"42,39 : 860.56"
"42,40 : 707.25"
"42,41 : 1112.52"
"42,42 : 0.0"
"42,43 : 525.38"
"42,44 : 882.48"
"42,45 : 515.03"
"42,46 : 889.76"
"42,47 : 646.07"
"42,48 : 217.04"
"42,49 : 706.2"
"43,0 : 228.37"
"43,1 : 576.07"
"43,2 : 567.46"
"43,3 : 500.8"
"43,4 : 441.88"
"43,5 : 591.91"
"43,6 : 780.81"
"43,7 : 631.45"
"43,8 : 178.73"
"43,9 : 439.24"
"43,10 : 326.47"
"43,11 : 653.03"
"43,12 : 529.65"
"43,13 : 416.59"
"43,14 : 259.53"
"43,15 : 236.61"
"43,16 : 509.93"
"43,17 : 311.13"
"43,18 : 395.01"
"43,19 : 202.31"
"43,20 : 578.5"
"43,21 : 372.91"
"43,22 : 471.28"
"43,23 : 521.7"
"43,24 : 318.5"
"43,25 : 484.15"
"43,26 : 288.92"
"43,27 : 299.83"
"43,28 : 468.13"
"43,29 : 401.65"
"43,30 : 68.6"
"43,31 : 727.62"
"43,32 : 483.18"
"43,33 : 530.53"
"43,34 : 478.34"
"43,35 : 613.93"
"43,36 : 710.06"
"43,37 : 169.26"
"43,38 : 340.24"
"43,39 : 463.25"
"43,40 : 369.99"
"43,41 : 701.23"
"43,42 : 525.38"
"43,43 : 0.0"
"43,44 : 370.83"
"43,45 : 120.83"
"43,46 : 364.37"
"43,47 : 138.41"
"43,48 : 501.84"
"43,49 : 196.6"
"44,0 : 269.0"
"44,1 : 551.4"
"44,2 : 199.01"
"44,3 : 168.34"
"44,4 : 714.16"
"44,5 : 286.02"
"44,6 : 862.31"
"44,7 : 772.3"
"44,8 : 469.44"
"44,9 : 151.24"
"44,10 : 186.21"
"44,11 : 692.69"
"44,12 : 897.4"
"44,13 : 61.52"
"44,14 : 360.87"
"44,15 : 311.16"
"44,16 : 181.03"
"44,17 : 347.8"
"44,18 : 220.24"
"44,19 : 572.46"
"44,20 : 721.47"
"44,21 : 263.8"
"44,22 : 699.16"
"44,23 : 315.09"
"44,24 : 321.16"
"44,25 : 201.69"
"44,26 : 656.37"
"44,27 : 75.45"
"44,28 : 798.01"
"44,29 : 201.0"
"44,30 : 435.28"
"44,31 : 377.52"
"44,32 : 524.32"
"44,33 : 763.32"
"44,34 : 305.6"
"44,35 : 347.4"
"44,36 : 571.02"
"44,37 : 359.6"
"44,38 : 710.13"
"44,39 : 289.88"
"44,40 : 351.41"
"44,41 : 422.8"
"44,42 : 882.48"
"44,43 : 370.83"
"44,44 : 0.0"
"44,45 : 371.89"
"44,46 : 129.77"
"44,47 : 237.54"
"44,48 : 808.8"
"44,49 : 177.0"
"45,0 : 146.73"
"45,1 : 459.7"
"45,2 : 569.72"
"45,3 : 526.11"
"45,4 : 360.57"
"45,5 : 539.32"
"45,6 : 661.55"
"45,7 : 516.55"
"45,8 : 98.48"
"45,9 : 476.08"
"45,10 : 267.47"
"45,11 : 532.23"
"45,12 : 541.68"
"45,13 : 427.92"
"45,14 : 145.22"
"45,15 : 136.31"
"45,16 : 537.09"
"45,17 : 202.48"
"45,18 : 326.55"
"45,19 : 260.66"
"45,20 : 463.07"
"45,21 : 449.8"
"45,22 : 372.34"
"45,23 : 443.64"
"45,24 : 414.06"
"45,25 : 526.31"
"45,26 : 307.62"
"45,27 : 314.4"
"45,28 : 426.37"
"45,29 : 458.96"
"45,30 : 166.6"
"45,31 : 690.45"
"45,32 : 363.45"
"45,33 : 434.84"
"45,34 : 550.16"
"45,35 : 546.01"
"45,36 : 605.98"
"45,37 : 282.9"
"45,38 : 389.0"
"45,39 : 382.83"
"45,40 : 264.82"
"45,41 : 632.49"
"45,42 : 515.03"
"45,43 : 120.83"
"45,44 : 371.89"
"45,45 : 0.0"
"45,46 : 406.0"
"45,47 : 147.0"
"45,48 : 442.19"
"45,49 : 201.4"
"46,0 : 344.22"
"46,1 : 668.3"
"46,2 : 241.3"
"46,3 : 143.68"
"46,4 : 765.1"
"46,5 : 407.21"
"46,6 : 967.78"
"46,7 : 863.34"
"46,8 : 503.36"
"46,9 : 75.24"
"46,10 : 296.33"
"46,11 : 802.71"
"46,12 : 890.28"
"46,13 : 110.22"
"46,14 : 438.0"
"46,15 : 386.79"
"46,16 : 150.34"
"46,17 : 440.07"
"46,18 : 343.15"
"46,19 : 553.2"
"46,20 : 810.78"
"46,21 : 136.13"
"46,22 : 764.66"
"46,23 : 444.6"
"46,24 : 207.71"
"46,25 : 121.06"
"46,26 : 651.48"
"46,27 : 112.0"
"46,28 : 824.63"
"46,29 : 73.59"
"46,30 : 417.83"
"46,31 : 471.53"
"46,32 : 628.84"
"46,33 : 828.91"
"46,34 : 181.04"
"46,35 : 474.16"
"46,36 : 699.89"
"46,37 : 294.17"
"46,38 : 686.29"
"46,39 : 416.66"
"46,40 : 456.89"
"46,41 : 545.89"
"46,42 : 889.76"
"46,43 : 364.37"
"46,44 : 129.77"
"46,45 : 406.0"
"46,46 : 0.0"
"46,47 : 259.01"
"46,48 : 847.25"
"46,49 : 209.02"
"47,0 : 136.88"
"47,1 : 509.02"
"47,2 : 436.31"
"47,3 : 382.24"
"47,4 : 506.83"
"47,5 : 456.18"
"47,6 : 762.22"
"47,7 : 634.43"
"47,8 : 244.59"
"47,9 : 329.56"
"47,10 : 199.1"
"47,11 : 613.69"
"47,12 : 659.97"
"47,13 : 288.62"
"47,14 : 212.25"
"47,15 : 167.74"
"47,16 : 392.76"
"47,17 : 241.85"
"47,18 : 270.13"
"47,19 : 340.18"
"47,20 : 580.67"
"47,21 : 312.27"
"47,22 : 512.11"
"47,23 : 399.53"
"47,24 : 294.32"
"47,25 : 379.43"
"47,26 : 419.08"
"47,27 : 172.07"
"47,28 : 569.16"
"47,29 : 313.34"
"47,30 : 206.4"
"47,31 : 589.25"
"47,32 : 435.73"
"47,33 : 575.78"
"47,34 : 408.29"
"47,35 : 483.92"
"47,36 : 611.9"
"47,37 : 209.8"
"47,38 : 478.01"
"47,39 : 344.64"
"47,40 : 287.45"
"47,41 : 570.79"
"47,42 : 646.07"
"47,43 : 138.41"
"47,44 : 237.54"
"47,45 : 147.0"
"47,46 : 259.01"
"47,47 : 0.0"
"47,48 : 588.65"
"47,49 : 60.54"
"48,0 : 548.41"
"48,1 : 606.82"
"48,2 : 1002.45"
"48,3 : 967.61"
"48,4 : 119.55"
"48,5 : 913.52"
"48,6 : 560.6"
"48,7 : 388.5"
"48,8 : 344.06"
"48,9 : 918.15"
"48,10 : 666.7"
"48,11 : 552.91"
"48,12 : 311.45"
