x,y
31,698
627,43
522,595
954,273
71,611
229,594
263,227
239,109
968,119
719,424
453,747
266,232
815,135
166,497
570,976
748,122
714,64
712,929
443,354
630,992
768,207
54,953
488,433
986,756
142,201
391,964
777,748
685,136
390,336
562,540
350,23
596,995
10,417
431,768
472,932
937,940
919,403
712,911
257,614
650,170
456,638
292,917
307,525
810,530
563,204
341,702
804,244
797,963
12,556
592,333

Distanze
"0,0 : 0.0"
"0,1 : 1020.65"
"0,2 : 735.07"
"0,3 : 1186.97"
"0,4 : 568.27"
"0,5 : 840.0"
"0,6 : 417.27"
"0,7 : 549.85"
"0,8 : 784.84"
"0,9 : 286.68"
"0,10 : 737.76"
"0,11 : 1078.21"
"0,12 : 806.3"
"0,13 : 611.06"
"0,14 : 979.94"
"0,15 : 181.66"
"0,16 : 541.09"
"0,17 : 441.16"
"0,18 : 899.18"
"0,19 : 565.69"
"0,20 : 288.14"
"0,21 : 672.09"
"0,22 : 891.0"
"0,23 : 266.05"
"0,24 : 1181.15"
"0,25 : 619.44"
"0,26 : 766.39"
"0,27 : 622.25"
"0,28 : 420.61"
"0,29 : 1260.36"
"0,30 : 1048.22"
"0,31 : 410.33"
"0,32 : 737.79"
"0,33 : 835.65"
"0,34 : 889.83"
"0,35 : 850.68"
"0,36 : 343.8"
"0,37 : 23.6"
"0,38 : 900.56"
"0,39 : 556.37"
"0,40 : 1006.59"
"0,41 : 125.48"
"0,42 : 789.13"
"0,43 : 822.92"
"0,44 : 688.89"
"0,45 : 670.37"
"0,46 : 1011.47"
"0,47 : 1118.87"
"0,48 : 615.08"
"0,49 : 1029.13"
"1,0 : 1020.65"
"1,1 : 0.0"
"1,2 : 863.66"
"1,3 : 456.95"
"1,4 : 507.07"
"1,5 : 1010.02"
"1,6 : 657.96"
"1,7 : 672.63"
"1,8 : 916.8"
"1,9 : 781.34"
"1,10 : 383.59"
"1,11 : 653.21"
"1,12 : 1027.98"
"1,13 : 529.32"
"1,14 : 174.77"
"1,15 : 927.1"
"1,16 : 977.43"
"1,17 : 622.78"
"1,18 : 389.62"
"1,19 : 552.93"
"1,20 : 737.52"
"1,21 : 886.19"
"1,22 : 374.01"
"1,23 : 831.37"
"1,24 : 577.38"
"1,25 : 515.37"
"1,26 : 811.25"
"1,27 : 898.89"
"1,28 : 898.34"
"1,29 : 487.69"
"1,30 : 598.79"
"1,31 : 611.6"
"1,32 : 335.83"
"1,33 : 735.07"
"1,34 : 987.01"
"1,35 : 177.41"
"1,36 : 689.23"
"1,37 : 997.9"
"1,38 : 846.4"
"1,39 : 515.61"
"1,40 : 578.01"
"1,41 : 971.87"
"1,42 : 351.18"
"1,43 : 249.24"
"1,44 : 705.68"
"1,45 : 836.94"
"1,46 : 635.84"
"1,47 : 432.06"
"1,48 : 831.86"
"1,49 : 681.54"
"2,0 : 735.07"
"2,1 : 863.66"
"2,2 : 0.0"
"2,3 : 706.97"
"2,4 : 790.61"
"2,5 : 159.55"
"2,6 : 775.14"
"2,7 : 277.72"
"2,8 : 65.37"
"2,9 : 498.53"
"2,10 : 879.22"
"2,11 : 461.89"
"2,12 : 165.89"
"2,13 : 876.19"
"2,14 : 711.92"
"2,15 : 553.51"
"2,16 : 246.09"
"2,17 : 758.2"
"2,18 : 1040.86"
"2,19 : 396.4"
"2,20 : 578.58"
"2,21 : 71.7"
"2,22 : 1023.21"
"2,23 : 486.93"
"2,24 : 621.72"
"2,25 : 396.69"
"2,26 : 66.71"
"2,27 : 125.21"
"2,28 : 318.51"
"2,29 : 776.36"
"2,30 : 464.3"
"2,31 : 585.35"
"2,32 : 553.65"
"2,33 : 178.84"
"2,34 : 173.95"
"2,35 : 790.4"
"2,36 : 689.38"
"2,37 : 717.4"
"2,38 : 176.47"
"2,39 : 783.67"
"2,40 : 437.58"
"2,41 : 610.95"
"2,42 : 908.24"
"2,43 : 847.55"
"2,44 : 162.05"
"2,45 : 67.03"
"2,46 : 403.94"
"2,47 : 647.6"
"2,48 : 121.41"
"2,49 : 393.55"
"3,0 : 1186.97"
"3,1 : 456.95"
"3,2 : 706.97"
"3,3 : 0.0"
"3,4 : 832.05"
"3,5 : 804.3"
"3,6 : 942.65"
"3,7 : 671.59"
"3,8 : 733.2"
"3,9 : 902.63"
"3,10 : 775.31"
"3,11 : 293.47"
"3,12 : 840.06"
"3,13 : 888.49"
"3,14 : 313.7"
"3,15 : 1037.83"
"3,16 : 914.34"
"3,17 : 907.56"
"3,18 : 834.82"
"3,19 : 621.69"
"3,20 : 908.85"
"3,21 : 761.73"
"3,22 : 817.51"
"3,23 : 935.48"
"3,24 : 143.93"
"3,25 : 567.8"
"3,26 : 640.53"
"3,27 : 799.42"
"3,28 : 900.25"
"3,29 : 74.95"
"3,30 : 260.09"
"3,31 : 809.41"
"3,32 : 479.69"
"3,33 : 530.36"
"3,34 : 754.98"
"3,35 : 555.53"
"3,36 : 926.13"
"3,37 : 1163.55"
"3,38 : 599.69"
"3,39 : 835.45"
"3,40 : 274.0"
"3,41 : 1096.21"
"3,42 : 761.7"
"3,43 : 652.41"
"3,44 : 599.89"
"3,45 : 717.47"
"3,46 : 322.25"
"3,47 : 68.6"
"3,48 : 743.3"
"3,49 : 355.01"
"4,0 : 568.27"
"4,1 : 507.07"
"4,2 : 790.61"
"4,3 : 832.05"
"4,4 : 0.0"
"4,5 : 948.2"
"4,6 : 159.09"
"4,7 : 513.97"
"4,8 : 855.96"
"4,9 : 422.71"
"4,10 : 169.5"
"4,11 : 869.15"
"4,12 : 941.73"
"4,13 : 85.59"
"4,14 : 539.72"
"4,15 : 539.93"
"4,16 : 765.47"
"4,17 : 128.65"
"4,18 : 336.69"
"4,19 : 398.66"
"4,20 : 335.52"
"4,21 : 769.92"
"4,22 : 326.34"
"4,23 : 475.89"
"4,24 : 891.62"
"4,25 : 416.52"
"4,26 : 772.81"
"4,27 : 750.68"
"4,28 : 637.01"
"4,29 : 892.4"
"4,30 : 818.88"
"4,31 : 235.21"
"4,32 : 368.55"
"4,33 : 764.38"
"4,34 : 960.66"
"4,35 : 330.44"
"4,36 : 227.37"
"4,37 : 548.53"
"4,38 : 877.01"
"4,39 : 12.04"
"4,40 : 779.28"
"4,41 : 562.77"
"4,42 : 220.91"
"4,43 : 271.12"
"4,44 : 645.56"
"4,45 : 732.77"
"4,46 : 816.38"
"4,47 : 775.09"
"4,48 : 695.41"
"4,49 : 854.58"
"5,0 : 840.0"
"5,1 : 1010.02"
"5,2 : 159.55"
"5,3 : 804.3"
"5,4 : 948.2"
"5,5 : 0.0"
"5,6 : 925.47"
"5,7 : 434.28"
"5,8 : 96.33"
"5,9 : 631.89"
"5,10 : 1038.77"
"5,11 : 529.51"
"5,12 : 48.17"
"5,13 : 1033.72"
"5,14 : 851.65"
"5,15 : 662.13"
"5,16 : 304.69"
"5,17 : 910.48"
"5,18 : 1200.01"
"5,19 : 555.7"
"5,20 : 718.84"
"5,21 : 185.31"
"5,22 : 1182.29"
"5,23 : 611.49"
"5,24 : 698.72"
"5,25 : 555.97"
"5,26 : 199.49"
"5,27 : 224.02"
"5,28 : 421.01"
"5,29 : 868.17"
"5,30 : 547.3"
"5,31 : 737.64"
"5,32 : 709.1"
"5,33 : 285.24"
"5,34 : 68.77"
"5,35 : 945.85"
"5,36 : 836.0"
"5,37 : 824.92"
"5,38 : 207.28"
"5,39 : 940.96"
"5,40 : 530.42"
"5,41 : 714.55"
"5,42 : 1067.63"
"5,43 : 1005.53"
"5,44 : 319.25"
"5,45 : 215.82"
"5,46 : 484.26"
"5,47 : 751.64"
"5,48 : 259.62"
"5,49 : 460.06"
"6,0 : 417.27"
"6,1 : 657.96"
"6,2 : 775.14"
"6,3 : 942.65"
"6,4 : 159.09"
"6,5 : 925.47"
"6,6 : 0.0"
"6,7 : 501.15"
"6,8 : 839.58"
"6,9 : 329.51"
"6,10 : 325.76"
"6,11 : 936.82"
"6,12 : 911.08"
"6,13 : 194.14"
"6,14 : 669.4"
"6,15 : 418.17"
"6,16 : 701.05"
"6,17 : 36.12"
"6,18 : 482.01"
"6,19 : 415.35"
"6,20 : 232.0"
"6,21 : 740.9"
"6,22 : 474.21"
"6,23 : 376.49"
"6,24 : 984.13"
"6,25 : 450.64"
"6,26 : 770.78"
"6,27 : 711.62"
"6,28 : 563.62"
"6,29 : 1007.96"
"6,30 : 891.06"
"6,31 : 191.13"
"6,32 : 463.82"
"6,33 : 785.4"
"6,34 : 949.03"
"6,35 : 480.57"
"6,36 : 101.41"
"6,37 : 399.06"
"6,38 : 889.26"
"6,39 : 148.19"
"6,40 : 849.39"
"6,41 : 429.46"
"6,42 : 377.13"
"6,43 : 429.05"
"6,44 : 649.75"
"6,45 : 711.5"
"6,46 : 877.94"
"6,47 : 881.02"
"6,48 : 665.99"
"6,49 : 911.28"
"7,0 : 549.85"
"7,1 : 672.63"
"7,2 : 277.72"
"7,3 : 671.59"
"7,4 : 513.97"
"7,5 : 434.28"
"7,6 : 501.15"
"7,7 : 0.0"
"7,8 : 343.04"
"7,9 : 270.01"
"7,10 : 613.45"
"7,11 : 528.64"
"7,12 : 428.71"
"7,13 : 599.46"
"7,14 : 555.04"
"7,15 : 380.02"
"7,16 : 305.6"
"7,17 : 482.25"
"7,18 : 782.12"
"7,19 : 132.4"
"7,20 : 326.22"
"7,21 : 257.86"
"7,22 : 765.32"
"7,23 : 284.02"
"7,24 : 641.59"
"7,25 : 157.71"
"7,26 : 269.76"
"7,27 : 247.41"
"7,28 : 237.76"
"7,29 : 746.54"
"7,30 : 500.89"
"7,31 : 310.16"
"7,32 : 337.52"
"7,33 : 300.7"
"7,34 : 450.25"
"7,35 : 561.18"
"7,36 : 421.35"
"7,37 : 528.06"
"7,38 : 392.67"
"7,39 : 506.68"
"7,40 : 460.11"
"7,41 : 441.04"
"7,42 : 647.24"
"7,43 : 600.97"
"7,44 : 154.16"
"7,45 : 218.84"
"7,46 : 461.79"
"7,47 : 603.35"
"7,48 : 185.35"
"7,49 : 479.65"
"8,0 : 784.84"
"8,1 : 916.8"
"8,2 : 65.37"
"8,3 : 733.2"
"8,4 : 855.96"
"8,5 : 96.33"
"8,6 : 839.58"
"8,7 : 343.04"
"8,8 : 0.0"
"8,9 : 557.72"
"8,10 : 943.38"
"8,11 : 472.12"
"8,12 : 112.64"
"8,13 : 941.54"
"8,14 : 760.9"
"8,15 : 604.01"
"8,16 : 271.83"
"8,17 : 823.02"
"8,18 : 1103.91"
"8,19 : 461.28"
"8,20 : 640.16"
"8,21 : 112.87"
"8,22 : 1086.16"
"8,23 : 543.0"
"8,24 : 637.67"
"8,25 : 460.05"
"8,26 : 105.7"
"8,27 : 163.49"
"8,28 : 364.79"
"8,29 : 800.11"
"8,30 : 482.03"
"8,31 : 650.12"
"8,32 : 613.01"
"8,33 : 204.16"
"8,34 : 110.82"
"8,35 : 849.8"
"8,36 : 752.88"
"8,37 : 768.06"
"8,38 : 159.77"
"8,39 : 849.03"
"8,40 : 460.01"
"8,41 : 659.82"
"8,42 : 971.75"
"8,43 : 909.2"
"8,44 : 222.93"
"8,45 : 128.58"
"8,46 : 419.7"
"8,47 : 677.0"
"8,48 : 179.35"
"8,49 : 402.39"
"9,0 : 286.68"
"9,1 : 781.34"
"9,2 : 498.53"
"9,3 : 902.63"
"9,4 : 422.71"
"9,5 : 631.89"
"9,6 : 329.51"
"9,7 : 270.01"
"9,8 : 557.72"
"9,9 : 0.0"
"9,10 : 576.04"
"9,11 : 794.83"
"9,12 : 609.21"
"9,13 : 495.63"
"9,14 : 714.84"
"9,15 : 146.45"
"9,16 : 376.44"
"9,17 : 329.22"
"9,18 : 752.31"
"9,19 : 281.04"
"9,20 : 97.84"
"9,21 : 448.34"
"9,22 : 739.48"
"9,23 : 54.34"
"9,24 : 894.49"
"9,25 : 334.95"
"9,26 : 514.72"
"9,27 : 408.68"
"9,28 : 236.86"
"9,29 : 976.51"
"9,30 : 763.0"
"9,31 : 194.03"
"9,32 : 470.47"
"9,33 : 566.93"
"9,34 : 668.22"
"9,35 : 625.55"
"9,36 : 228.58"
"9,37 : 263.78"
"9,38 : 646.84"
"9,39 : 411.46"
"9,40 : 721.12"
"9,41 : 197.77"
"9,42 : 623.16"
"9,43 : 623.26"
"9,44 : 418.45"
"9,45 : 431.51"
"9,46 : 728.47"
"9,47 : 834.28"
"9,48 : 378.44"
"9,49 : 748.65"
"10,0 : 737.76"
"10,1 : 383.59"
"10,2 : 879.22"
"10,3 : 775.31"
"10,4 : 169.5"
"10,5 : 1038.77"
"10,6 : 325.76"
"10,7 : 613.45"
"10,8 : 943.38"
"10,9 : 576.04"
"10,10 : 0.0"
"10,11 : 869.57"
"10,12 : 1039.14"
"10,13 : 153.12"
"10,14 : 464.04"
"10,15 : 702.22"
"10,16 : 892.53"
"10,17 : 297.57"
"10,18 : 177.0"
"10,19 : 484.46"
"10,20 : 495.99"
"10,21 : 870.47"
"10,22 : 163.49"
"10,23 : 630.25"
"10,24 : 859.17"
"10,25 : 484.23"
"10,26 : 850.2"
"10,27 : 859.73"
"10,28 : 773.12"
"10,29 : 826.15"
"10,30 : 815.59"
"10,31 : 382.32"
"10,32 : 371.25"
"10,33 : 820.26"
"10,34 : 1041.2"
"10,35 : 224.22"
"10,36 : 396.0"
"10,37 : 717.95"
"10,38 : 937.49"
"10,39 : 181.4"
"10,40 : 780.17"
"10,41 : 728.77"
"10,42 : 51.48"
"10,43 : 134.63"
"10,44 : 722.87"
"10,45 : 828.24"
"10,46 : 826.1"
"10,47 : 727.47"
"10,48 : 798.8"
"10,49 : 868.59"
"11,0 : 1078.21"
"11,1 : 653.21"
"11,2 : 461.89"
"11,3 : 293.47"
"11,4 : 869.15"
"11,5 : 529.51"
"11,6 : 936.82"
"11,7 : 528.64"
"11,8 : 472.12"
"11,9 : 794.83"
"11,10 : 869.57"
"11,11 : 0.0"
"11,12 : 570.02"
"11,13 : 943.39"
"11,14 : 479.35"
"11,15 : 907.64"
"11,16 : 696.85"
"11,17 : 906.19"
"11,18 : 977.49"
"11,19 : 539.02"
"11,20 : 831.99"
"11,21 : 527.37"
"11,22 : 958.82"
"11,23 : 812.64"
"11,24 : 170.03"
"11,25 : 492.9"
"11,26 : 396.69"
"11,27 : 574.2"
"11,28 : 720.34"
"11,29 : 346.92"
"11,30 : 55.54"
"11,31 : 765.37"
"11,32 : 505.21"
"11,33 : 286.15"
"11,34 : 473.61"
"11,35 : 682.5"
"11,36 : 889.82"
"11,37 : 1056.19"
"11,38 : 322.3"
"11,39 : 868.45"
"11,40 : 90.14"
"11,41 : 968.87"
"11,42 : 873.16"
"11,43 : 773.83"
"11,44 : 405.19"
"11,45 : 491.54"
"11,46 : 67.01"
"11,47 : 260.0"
"11,48 : 531.49"
"11,49 : 69.86"
"12,0 : 806.3"
"12,1 : 1027.98"
"12,2 : 165.89"
"12,3 : 840.06"
"12,4 : 941.73"
"12,5 : 48.17"
"12,6 : 911.08"
"12,7 : 428.71"
"12,8 : 112.64"
"12,9 : 609.21"
"12,10 : 1039.14"
"12,11 : 570.02"
"12,12 : 0.0"
"12,13 : 1026.99"
"12,14 : 873.25"
"12,15 : 630.42"
"12,16 : 266.93"
"12,17 : 897.77"
"12,18 : 1203.37"
"12,19 : 554.73"
"12,20 : 698.89"
"12,21 : 171.97"
"12,22 : 1185.92"
"12,23 : 585.43"
"12,24 : 738.36"
"12,25 : 559.64"
"12,26 : 217.95"
"12,27 : 201.14"
"12,28 : 390.4"
"12,29 : 905.33"
"12,30 : 585.14"
"12,31 : 725.55"
"12,32 : 719.46"
"12,33 : 314.55"
"12,34 : 116.93"
"12,35 : 956.15"
"12,36 : 819.24"
"12,37 : 792.01"
"12,38 : 248.17"
"12,39 : 934.01"
"12,40 : 566.11"
"12,41 : 681.09"
"12,42 : 1069.92"
"12,43 : 1012.06"
"12,44 : 327.83"
"12,45 : 210.95"
"12,46 : 522.21"
"12,47 : 785.61"
"12,48 : 246.98"
"12,49 : 500.27"
"13,0 : 611.06"
"13,1 : 529.32"
"13,2 : 876.19"
"13,3 : 888.49"
"13,4 : 85.59"
"13,5 : 1033.72"
"13,6 : 194.14"
"13,7 : 599.46"
"13,8 : 941.54"
"13,9 : 495.63"
"13,10 : 153.12"
"13,11 : 943.39"
"13,12 : 1026.99"
"13,13 : 0.0"
"13,14 : 586.41"
"13,15 : 603.46"
"13,16 : 846.95"
"13,17 : 175.68"
"13,18 : 289.56"
"13,19 : 483.94"
"13,20 : 403.83"
"13,21 : 855.13"
"13,22 : 283.17"
"13,23 : 547.52"
"13,24 : 956.75"
"13,25 : 500.4"
"13,26 : 858.2"
"13,27 : 835.22"
"13,28 : 716.4"
"13,29 : 945.38"
"13,30 : 892.01"
"13,31 : 314.67"
"13,32 : 439.07"
"13,33 : 848.16"
"13,34 : 1046.21"
"13,35 : 359.17"
"13,36 : 283.67"
"13,37 : 593.11"
"13,38 : 961.42"
"13,39 : 93.01"
"13,40 : 853.28"
"13,41 : 620.26"
"13,42 : 200.41"
"13,43 : 281.46"
"13,44 : 730.85"
"13,45 : 818.24"
"13,46 : 892.59"
"13,47 : 834.58"
"13,48 : 780.5"
"13,49 : 931.86"
"14,0 : 979.94"
"14,1 : 174.77"
"14,2 : 711.92"
"14,3 : 313.7"
"14,4 : 539.72"
"14,5 : 851.65"
"14,6 : 669.4"
"14,7 : 555.04"
"14,8 : 760.9"
"14,9 : 714.84"
"14,10 : 464.04"
"14,11 : 479.35"
"14,12 : 873.25"
"14,13 : 586.41"
"14,14 : 0.0"
"14,15 : 860.55"
"14,16 : 851.85"
"14,17 : 633.31"
"14,18 : 524.22"
"14,19 : 452.87"
"14,20 : 691.83"
"14,21 : 742.23"
"14,22 : 506.47"
"14,23 : 759.38"
"14,24 : 416.4"
"14,25 : 405.74"
"14,26 : 655.31"
"14,27 : 761.43"
"14,28 : 790.69"
"14,29 : 362.12"
"14,30 : 424.62"
"14,31 : 573.8"
"14,32 : 244.4"
"14,33 : 571.15"
"14,34 : 823.87"
"14,35 : 242.12"
"14,36 : 674.76"
"14,37 : 956.45"
"14,38 : 679.04"
"14,39 : 545.06"
"14,40 : 403.24"
"14,41 : 912.02"
"14,42 : 448.26"
"14,43 : 338.81"
"14,44 : 560.01"
"14,45 : 692.78"
"14,46 : 461.09"
"14,47 : 274.12"
"14,48 : 695.25"
"14,49 : 506.77"
"15,0 : 181.66"
"15,1 : 927.1"
"15,2 : 553.51"
"15,3 : 1037.83"
"15,4 : 539.93"
"15,5 : 662.13"
"15,6 : 418.17"
"15,7 : 380.02"
"15,8 : 604.01"
"15,9 : 146.45"
"15,10 : 702.22"
"15,11 : 907.64"
"15,12 : 630.42"
"15,13 : 603.46"
"15,14 : 860.55"
"15,15 : 0.0"
"15,16 : 369.12"
"15,17 : 428.62"
"15,18 : 875.76"
"15,19 : 419.76"
"15,20 : 206.34"
"15,21 : 491.16"
"15,22 : 864.32"
"15,23 : 102.93"
"15,24 : 1019.81"
"15,25 : 473.18"
"15,26 : 585.03"
"15,27 : 442.1"
"15,28 : 241.21"
"15,29 : 1112.3"
"15,30 : 880.91"
"15,31 : 328.04"
"15,32 : 616.33"
"15,33 : 656.98"
"15,34 : 709.98"
"15,35 : 768.94"
"15,36 : 320.39"
"15,37 : 164.07"
"15,38 : 719.16"
"15,39 : 528.08"
"15,40 : 840.08"
"15,41 : 61.29"
"15,42 : 751.32"
"15,43 : 761.07"
"15,44 : 511.67"
"15,45 : 488.71"
"15,46 : 840.65"
"15,47 : 969.25"
"15,48 : 433.42"
"15,49 : 855.64"
"16,0 : 541.09"
"16,1 : 977.43"
"16,2 : 246.09"
"16,3 : 914.34"
"16,4 : 765.47"
"16,5 : 304.69"
"16,6 : 701.05"
"16,7 : 305.6"
"16,8 : 271.83"
"16,9 : 376.44"
"16,10 : 892.53"
"16,11 : 696.85"
"16,12 : 266.93"
"16,13 : 846.95"
"16,14 : 851.85"
"16,15 : 369.12"
"16,16 : 0.0"
"16,17 : 695.16"
"16,18 : 1067.13"
"16,19 : 433.57"
"16,20 : 473.18"
"16,21 : 174.69"
"16,22 : 1051.46"
"16,23 : 340.98"
"16,24 : 847.54"
"16,25 : 463.29"
"16,26 : 304.38"
"16,27 : 123.41"
"16,28 : 140.0"
"16,29 : 987.26"
"16,30 : 690.98"
"16,31 : 532.53"
"16,32 : 642.98"
"16,33 : 411.05"
"16,34 : 362.44"
"16,35 : 864.9"
"16,36 : 602.16"
"16,37 : 527.8"
"16,38 : 421.28"
"16,39 : 755.8"
"16,40 : 658.62"
"16,41 : 416.53"
"16,42 : 931.93"
"16,43 : 898.04"
"16,44 : 314.87"
"16,45 : 205.32"
"16,46 : 634.57"
"16,47 : 849.85"
"16,48 : 171.08"
"16,49 : 630.97"
"17,0 : 441.16"
"17,1 : 622.78"
"17,2 : 758.2"
"17,3 : 907.56"
"17,4 : 128.65"
"17,5 : 910.48"
"17,6 : 36.12"
"17,7 : 482.25"
"17,8 : 823.02"
"17,9 : 329.22"
"17,10 : 297.57"
"17,11 : 906.19"
"17,12 : 897.77"
"17,13 : 175.68"
"17,14 : 633.31"
"17,15 : 428.62"
"17,16 : 695.16"
"17,17 : 0.0"
"17,18 : 458.98"
"17,19 : 390.16"
"17,20 : 233.57"
"17,21 : 726.72"
"17,22 : 450.19"
"17,23 : 378.74"
"17,24 : 950.66"
"17,25 : 423.0"
"17,26 : 751.13"
"17,27 : 699.59"
"17,28 : 559.48"
"17,29 : 972.56"
"17,30 : 859.79"
"17,31 : 172.93"
"17,32 : 429.2"
"17,33 : 761.55"
"17,34 : 931.77"
"17,35 : 445.45"
"17,36 : 108.27"
"17,37 : 422.0"
"17,38 : 867.25"
"17,39 : 117.15"
"17,40 : 818.31"
"17,41 : 444.6"
"17,42 : 349.04"
"17,43 : 396.16"
"17,44 : 628.43"
"17,45 : 695.54"
"17,46 : 848.04"
"17,47 : 846.24"
"17,48 : 651.6"
"17,49 : 882.11"
"18,0 : 899.18"
"18,1 : 389.62"
"18,2 : 1040.86"
"18,3 : 834.82"
"18,4 : 336.69"
"18,5 : 1200.01"
"18,6 : 482.01"
"18,7 : 782.12"
"18,8 : 1103.91"
"18,9 : 752.31"
"18,10 : 177.0"
"18,11 : 977.49"
"18,12 : 1203.37"
"18,13 : 289.56"
"18,14 : 524.22"
"18,15 : 875.76"
"18,16 : 1067.13"
"18,17 : 458.98"
"18,18 : 0.0"
"18,19 : 650.94"
"18,20 : 670.13"
"18,21 : 1037.06"
"18,22 : 18.79"
"18,23 : 806.41"
"18,24 : 939.41"
"18,25 : 644.18"
"18,26 : 1007.02"
"18,27 : 1029.41"
"18,28 : 949.51"
"18,29 : 873.42"
"18,30 : 922.12"
"18,31 : 558.92"
"18,32 : 506.16"
"18,33 : 966.38"
"18,34 : 1197.63"
"18,35 : 295.06"
"18,36 : 563.24"
"18,37 : 880.58"
"18,38 : 1084.37"
"18,39 : 348.69"
"18,40 : 891.04"
"18,41 : 899.44"
"18,42 : 135.35"
"18,43 : 206.17"
"18,44 : 881.42"
"18,45 : 993.2"
"18,46 : 942.25"
"18,47 : 798.32"
"18,48 : 966.96"
"18,49 : 986.78"
"19,0 : 565.69"
"19,1 : 552.93"
"19,2 : 396.4"
"19,3 : 621.69"
"19,4 : 398.66"
"19,5 : 555.7"
"19,6 : 415.35"
"19,7 : 132.4"
"19,8 : 461.28"
"19,9 : 281.04"
"19,10 : 484.46"
"19,11 : 539.02"
"19,12 : 554.73"
"19,13 : 483.94"
"19,14 : 452.87"
"19,15 : 419.76"
"19,16 : 433.57"
"19,17 : 390.16"
"19,18 : 650.94"
"19,19 : 0.0"
"19,20 : 296.35"
"19,21 : 386.39"
"19,22 : 633.94"
"19,23 : 316.84"
"19,24 : 620.25"
"19,25 : 53.91"
"19,26 : 374.37"
"19,27 : 379.47"
"19,28 : 345.42"
"19,29 : 695.49"
"19,30 : 499.96"
"19,31 : 230.59"
"19,32 : 218.02"
"19,33 : 371.9"
"19,34 : 563.37"
"19,35 : 431.34"
"19,36 : 354.12"
"19,37 : 542.36"
"19,38 : 480.64"
"19,39 : 392.87"
"19,40 : 457.42"
"19,41 : 476.39"
"19,42 : 516.46"
"19,43 : 468.61"
"19,44 : 246.91"
"19,45 : 343.8"
"19,46 : 475.69"
"19,47 : 553.42"
"19,48 : 316.1"
"19,49 : 504.29"
"20,0 : 288.14"
"20,1 : 737.52"
"20,2 : 578.58"
"20,3 : 908.85"
"20,4 : 335.52"
"20,5 : 718.84"
"20,6 : 232.0"
"20,7 : 326.22"
"20,8 : 640.16"
"20,9 : 97.84"
"20,10 : 495.99"
"20,11 : 831.99"
"20,12 : 698.89"
"20,13 : 403.83"
"20,14 : 691.83"
"20,15 : 206.34"
"20,16 : 473.18"
"20,17 : 233.57"
"20,18 : 670.13"
"20,19 : 296.35"
"20,20 : 0.0"
"20,21 : 533.83"
"20,22 : 658.39"
"20,23 : 145.21"
"20,24 : 916.1"
"20,25 : 347.8"
"20,26 : 587.41"
"20,27 : 497.76"
"20,28 : 334.1"
"20,29 : 981.03"
"20,30 : 795.15"
"20,31 : 126.7"
"20,32 : 450.25"
"20,33 : 626.79"
"20,34 : 750.98"
"20,35 : 572.3"
"20,36 : 130.83"
"20,37 : 264.69"
"20,38 : 716.16"
"20,39 : 323.84"
"20,40 : 752.67"
"20,41 : 238.84"
"20,42 : 544.99"
"20,43 : 557.4"
"20,44 : 480.11"
"20,45 : 512.1"
"20,46 : 767.16"
"20,47 : 841.58"
"20,48 : 461.31"
"20,49 : 792.01"
"21,0 : 672.09"
"21,1 : 886.19"
"21,2 : 71.7"
"21,3 : 761.73"
"21,4 : 769.92"
"21,5 : 185.31"
"21,6 : 740.9"
"21,7 : 257.86"
"21,8 : 112.87"
"21,9 : 448.34"
"21,10 : 870.47"
"21,11 : 527.37"
"21,12 : 171.97"
"21,13 : 855.13"
"21,14 : 742.23"
"21,15 : 491.16"
"21,16 : 174.69"
"21,17 : 726.72"
"21,18 : 1037.06"
"21,19 : 386.39"
"21,20 : 533.83"
"21,21 : 0.0"
"21,22 : 1019.9"
"21,23 : 431.3"
"21,24 : 683.57"
"21,25 : 396.43"
"21,26 : 131.23"
"21,27 : 53.85"
"21,28 : 252.48"
"21,29 : 832.68"
"21,30 : 526.08"
"21,31 : 554.19"
"21,32 : 564.88"
"21,33 : 241.54"
"21,34 : 221.08"
"21,35 : 799.66"
"21,36 : 650.77"
"21,37 : 655.22"
"21,38 : 248.0"
"21,39 : 762.14"
"21,40 : 496.8"
"21,41 : 547.17"
"21,42 : 902.81"
"21,43 : 849.77"
"21,44 : 182.22"
"21,45 : 49.48"
"21,46 : 467.27"
"21,47 : 700.18"
"21,48 : 75.18"
"21,49 : 460.05"
"22,0 : 891.0"
"22,1 : 374.01"
"22,2 : 1023.21"
"22,3 : 817.51"
"22,4 : 326.34"
"22,5 : 1182.29"
"22,6 : 474.21"
"22,7 : 765.32"
"22,8 : 1086.16"
"22,9 : 739.48"
"22,10 : 163.49"
"22,11 : 958.82"
"22,12 : 1185.92"
"22,13 : 283.17"
"22,14 : 506.47"
"22,15 : 864.32"
"22,16 : 1051.46"
"22,17 : 450.19"
"22,18 : 18.79"
"22,19 : 633.94"
"22,20 : 658.39"
"22,21 : 1019.9"
"22,22 : 0.0"
"22,23 : 793.67"
"22,24 : 921.39"
"22,25 : 626.57"
"22,26 : 989.03"
"22,27 : 1012.67"
"22,28 : 934.68"
"22,29 : 856.72"
"22,30 : 903.46"
"22,31 : 545.81"
"22,32 : 487.59"
"22,33 : 947.91"
"22,34 : 1179.58"
"22,35 : 276.44"
"22,36 : 553.45"
"22,37 : 872.13"
"22,38 : 1065.91"
"22,39 : 338.37"
"22,40 : 872.31"
"22,41 : 888.97"
"22,42 : 119.57"
"22,43 : 187.39"
"22,44 : 863.59"
"22,45 : 975.87"
"22,46 : 923.49"
"22,47 : 780.53"
"22,48 : 950.02"
"22,49 : 968.01"
"23,0 : 266.05"
"23,1 : 831.37"
"23,2 : 486.93"
"23,3 : 935.48"
"23,4 : 475.89"
"23,5 : 611.49"
"23,6 : 376.49"
"23,7 : 284.02"
"23,8 : 543.0"
"23,9 : 54.34"
"23,10 : 630.25"
"23,11 : 812.64"
"23,12 : 585.43"
"23,13 : 547.52"
"23,14 : 759.38"
"23,15 : 102.93"
"23,16 : 340.98"
"23,17 : 378.74"
"23,18 : 806.41"
"23,19 : 316.84"
"23,20 : 145.21"
"23,21 : 431.3"
"23,22 : 793.67"
"23,23 : 0.0"
"23,24 : 920.15"
"23,25 : 370.27"
"23,26 : 509.93"
"23,27 : 387.51"
"23,28 : 201.31"
"23,29 : 1009.86"
"23,30 : 783.81"
"23,31 : 248.36"
"23,32 : 515.54"
"23,33 : 571.86"
"23,34 : 652.37"
"23,35 : 677.76"
"23,36 : 275.07"
"23,37 : 244.66"
"23,38 : 643.68"
"23,39 : 464.54"
"23,40 : 742.52"
"23,41 : 160.86"
"23,42 : 677.46"
"23,43 : 677.13"
"23,44 : 424.16"
"23,45 : 420.22"
"23,46 : 745.81"
"23,47 : 866.93"
"23,48 : 365.55"
"23,49 : 763.08"
"24,0 : 1181.15"
"24,1 : 577.38"
"24,2 : 621.72"
"24,3 : 143.93"
"24,4 : 891.62"
"24,5 : 698.72"
"24,6 : 984.13"
"24,7 : 641.59"
"24,8 : 637.67"
"24,9 : 894.49"
"24,10 : 859.17"
"24,11 : 170.03"
"24,12 : 738.36"
"24,13 : 956.75"
"24,14 : 416.4"
"24,15 : 1019.81"
"24,16 : 847.54"
"24,17 : 950.66"
"24,18 : 939.41"
"24,19 : 620.25"
"24,20 : 916.1"
"24,21 : 683.57"
"24,22 : 921.39"
"24,23 : 920.15"
"24,24 : 0.0"
"24,25 : 568.3"
"24,26 : 555.3"
"24,27 : 727.09"
"24,28 : 854.55"
"24,29 : 181.53"
"24,30 : 157.54"
"24,31 : 830.98"
"24,32 : 524.67"
"24,33 : 443.05"
"24,34 : 643.57"
"24,35 : 649.42"
"24,36 : 953.13"
"24,37 : 1158.26"
"24,38 : 491.45"
"24,39 : 893.22"
"24,40 : 189.4"
"24,41 : 1080.18"
"24,42 : 852.68"
"24,43 : 745.89"
"24,44 : 541.34"
"24,45 : 643.83"
"24,46 : 218.3"
"24,47 : 145.4"
"24,48 : 678.08"
"24,49 : 238.76"
"25,0 : 619.44"
"25,1 : 515.37"
"25,2 : 396.69"
"25,3 : 567.8"
"25,4 : 416.52"
"25,5 : 555.97"
"25,6 : 450.64"
"25,7 : 157.71"
"25,8 : 460.05"
"25,9 : 334.95"
"25,10 : 484.23"
"25,11 : 492.9"
"25,12 : 559.64"
"25,13 : 500.4"
"25,14 : 405.74"
"25,15 : 473.18"
"25,16 : 463.29"
"25,17 : 423.0"
"25,18 : 644.18"
"25,19 : 53.91"
"25,20 : 347.8"
"25,21 : 396.43"
"25,22 : 626.57"
"25,23 : 370.27"
"25,24 : 568.3"
"25,25 : 0.0"
"25,26 : 366.07"
"25,27 : 396.7"
"25,28 : 386.42"
"25,29 : 641.58"
"25,30 : 451.82"
"25,31 : 272.62"
"25,32 : 179.87"
"25,33 : 347.86"
"25,34 : 557.01"
"25,35 : 406.21"
"25,36 : 397.06"
"25,37 : 596.09"
"25,38 : 461.31"
"25,39 : 412.08"
"25,40 : 409.31"
"25,41 : 530.09"
"25,42 : 511.71"
"25,43 : 453.42"
"25,44 : 238.65"
"25,45 : 350.65"
"25,46 : 431.0"
"25,47 : 499.56"
"25,48 : 330.82"
"25,49 : 461.97"
"26,0 : 766.39"
"26,1 : 811.25"
"26,2 : 66.71"
"26,3 : 640.53"
"26,4 : 772.81"
"26,5 : 199.49"
"26,6 : 770.78"
"26,7 : 269.76"
"26,8 : 105.7"
"26,9 : 514.72"
"26,10 : 850.2"
"26,11 : 396.69"
"26,12 : 217.95"
"26,13 : 858.2"
"26,14 : 655.31"
"26,15 : 585.03"
"26,16 : 304.38"
"26,17 : 751.13"
"26,18 : 1007.02"
"26,19 : 374.37"
"26,20 : 587.41"
"26,21 : 131.23"
"26,22 : 989.03"
"26,23 : 509.93"
"26,24 : 555.3"
"26,25 : 366.07"
"26,26 : 0.0"
"26,27 : 181.04"
"26,28 : 358.9"
"26,29 : 709.74"
"26,30 : 397.82"
"26,31 : 579.69"
"26,32 : 511.0"
"26,33 : 112.27"
"26,34 : 191.02"
"26,35 : 747.45"
"26,36 : 690.31"
"26,37 : 747.52"
"26,38 : 134.2"
"26,39 : 766.7"
"26,40 : 370.87"
"26,41 : 644.29"
"26,42 : 876.29"
"26,43 : 809.69"
"26,44 : 127.95"
"26,45 : 103.41"
"26,46 : 337.8"
"26,47 : 581.59"
"26,48 : 155.31"
"26,49 : 328.98"
"27,0 : 622.25"
"27,1 : 898.89"
"27,2 : 125.21"
"27,3 : 799.42"
"27,4 : 750.68"
"27,5 : 224.02"
"27,6 : 711.62"
"27,7 : 247.41"
"27,8 : 163.49"
"27,9 : 408.68"
"27,10 : 859.73"
"27,11 : 574.2"
"27,12 : 201.14"
"27,13 : 835.22"
"27,14 : 761.43"
"27,15 : 442.1"
"27,16 : 123.41"
"27,17 : 699.59"
"27,18 : 1029.41"
"27,19 : 379.47"
"27,20 : 497.76"
"27,21 : 53.85"
"27,22 : 1012.67"
"27,23 : 387.51"
"27,24 : 727.09"
"27,25 : 396.7"
"27,26 : 181.04"
"27,27 : 0.0"
"27,28 : 201.72"
"27,29 : 871.42"
"27,30 : 569.99"
"27,31 : 528.44"
"27,32 : 571.2"
"27,33 : 288.12"
"27,34 : 267.9"
"27,35 : 802.78"
"27,36 : 618.65"
"27,37 : 605.94"
"27,38 : 301.66"
"27,39 : 742.31"
"27,40 : 538.89"
"27,41 : 497.0"
"27,42 : 894.41"
"27,43 : 847.36"
"27,44 : 206.12"
"27,45 : 83.26"
"27,46 : 512.6"
"27,47 : 736.37"
"27,48 : 67.05"
"27,49 : 507.89"
"28,0 : 420.61"
"28,1 : 898.34"
"28,2 : 318.51"
"28,3 : 900.25"
"28,4 : 637.01"
"28,5 : 421.01"
"28,6 : 563.62"
"28,7 : 237.76"
"28,8 : 364.79"
"28,9 : 236.86"
"28,10 : 773.12"
"28,11 : 720.34"
"28,12 : 390.4"
"28,13 : 716.4"
"28,14 : 790.69"
"28,15 : 241.21"
"28,16 : 140.0"
"28,17 : 559.48"
"28,18 : 949.51"
"28,19 : 345.42"
"28,20 : 334.1"
"28,21 : 252.48"
"28,22 : 934.68"
"28,23 : 201.31"
"28,24 : 854.55"
"28,25 : 386.42"
"28,26 : 358.9"
"28,27 : 201.72"
"28,28 : 0.0"
"28,29 : 974.93"
"28,30 : 703.72"
"28,31 : 402.04"
"28,32 : 563.17"
"28,33 : 446.81"
"28,34 : 469.23"
"28,35 : 769.57"
"28,36 : 463.88"
"28,37 : 404.6"
"28,38 : 490.73"
"28,39 : 626.8"
"28,40 : 666.4"
"28,41 : 295.3"
"28,42 : 815.29"
"28,43 : 791.83"
"28,44 : 315.53"
"28,45 : 257.24"
"28,46 : 654.32"
"28,47 : 832.87"
"28,48 : 203.59"
"28,49 : 660.51"
"29,0 : 1260.36"
"29,1 : 487.69"
"29,2 : 776.36"
"29,3 : 74.95"
"29,4 : 892.4"
"29,5 : 868.17"
"29,6 : 1007.96"
"29,7 : 746.54"
"29,8 : 800.11"
"29,9 : 976.51"
"29,10 : 826.15"
"29,11 : 346.92"
"29,12 : 905.33"
"29,13 : 945.38"
"29,14 : 362.12"
"29,15 : 1112.3"
"29,16 : 987.26"
"29,17 : 972.56"
"29,18 : 873.42"
"29,19 : 695.49"
"29,20 : 981.03"
"29,21 : 832.68"
"29,22 : 856.72"
"29,23 : 1009.86"
"29,24 : 181.53"
"29,25 : 641.58"
"29,26 : 709.74"
"29,27 : 871.42"
"29,28 : 974.93"
"29,29 : 0.0"
"29,30 : 321.0"
"29,31 : 879.58"
"29,32 : 546.96"
"29,33 : 598.65"
"29,34 : 816.48"
"29,35 : 603.45"
"29,36 : 994.89"
"29,37 : 1236.9"
"29,38 : 662.03"
"29,39 : 896.38"
"29,40 : 340.13"
"29,41 : 1170.52"
"29,42 : 809.03"
"29,43 : 699.37"
"29,44 : 673.24"
"29,45 : 789.09"
"29,46 : 384.0"
"29,47 : 143.39"
"29,48 : 816.18"
"29,49 : 412.57"
"30,0 : 1048.22"
"30,1 : 598.79"
"30,2 : 464.3"
"30,3 : 260.09"
"30,4 : 818.88"
"30,5 : 547.3"
"30,6 : 891.06"
"30,7 : 500.89"
"30,8 : 482.03"
"30,9 : 763.0"
"30,10 : 815.59"
"30,11 : 55.54"
"30,12 : 585.14"
"30,13 : 892.01"
"30,14 : 424.62"
"30,15 : 880.91"
"30,16 : 690.98"
"30,17 : 859.79"
"30,18 : 922.12"
"30,19 : 499.96"
"30,20 : 795.15"
"30,21 : 526.08"
"30,22 : 903.46"
"30,23 : 783.81"
"30,24 : 157.54"
"30,25 : 451.82"
"30,26 : 397.82"
"30,27 : 569.99"
"30,28 : 703.72"
"30,29 : 321.0"
"30,30 : 0.0"
"30,31 : 723.22"
"30,32 : 453.19"
"30,33 : 285.55"
"30,34 : 495.74"
"30,35 : 627.11"
"30,36 : 847.5"
"30,37 : 1025.85"
"30,38 : 341.04"
"30,39 : 818.53"
"30,40 : 42.54"
"30,41 : 941.91"
"30,42 : 818.49"
"30,43 : 718.68"
"30,44 : 388.6"
"30,45 : 486.74"
"30,46 : 63.03"
"30,47 : 217.64"
"30,48 : 522.31"
"30,49 : 96.57"
"31,0 : 410.33"
"31,1 : 611.6"
"31,2 : 585.35"
"31,3 : 809.41"
"31,4 : 235.21"
"31,5 : 737.64"
"31,6 : 191.13"
"31,7 : 310.16"
"31,8 : 650.12"
"31,9 : 194.03"
"31,10 : 382.32"
"31,11 : 765.37"
"31,12 : 725.55"
"31,13 : 314.67"
"31,14 : 573.8"
"31,15 : 328.04"
"31,16 : 532.53"
"31,17 : 172.93"
"31,18 : 558.92"
"31,19 : 230.59"
"31,20 : 126.7"
"31,21 : 554.19"
"31,22 : 545.81"
"31,23 : 248.36"
"31,24 : 830.98"
"31,25 : 272.62"
"31,26 : 579.69"
"31,27 : 528.44"
"31,28 : 402.04"
"31,29 : 879.58"
"31,30 : 723.22"
"31,31 : 0.0"
"31,32 : 337.42"
"31,33 : 596.28"
"31,34 : 759.02"
"31,35 : 445.6"
"31,36 : 124.45"
"31,37 : 387.25"
"31,38 : 698.56"
"31,39 : 224.83"
"31,40 : 680.84"
"31,41 : 364.91"
"31,42 : 429.14"
"31,43 : 433.03"
"31,44 : 458.85"
"31,45 : 522.61"
"31,46 : 703.6"
"31,47 : 743.76"
"31,48 : 479.03"
"31,49 : 733.87"
"32,0 : 737.79"
"32,1 : 335.83"
"32,2 : 553.65"
"32,3 : 479.69"
"32,4 : 368.55"
"32,5 : 709.1"
"32,6 : 463.82"
"32,7 : 337.52"
"32,8 : 613.01"
"32,9 : 470.47"
"32,10 : 371.25"
"32,11 : 505.21"
"32,12 : 719.46"
"32,13 : 439.07"
"32,14 : 244.4"
"32,15 : 616.33"
"32,16 : 642.98"
"32,17 : 429.2"
"32,18 : 506.16"
"32,19 : 218.02"
"32,20 : 450.25"
"32,21 : 564.88"
"32,22 : 487.59"
"32,23 : 515.54"
"32,24 : 524.67"
"32,25 : 179.87"
"32,26 : 511.0"
"32,27 : 571.2"
"32,28 : 563.17"
"32,29 : 546.96"
"32,30 : 453.19"
"32,31 : 337.42"
"32,32 : 0.0"
"32,33 : 460.9"
"32,34 : 698.9"
"32,35 : 236.81"
"32,36 : 448.54"
"32,37 : 714.23"
"32,38 : 578.86"
"32,39 : 369.41"
"32,40 : 415.09"
"32,41 : 667.63"
"32,42 : 384.17"
"32,43 : 302.51"
"32,44 : 391.63"
"32,45 : 516.84"
"32,46 : 457.36"
"32,47 : 417.26"
"32,48 : 504.39"
"32,49 : 498.75"
"33,0 : 835.65"
"33,1 : 735.07"
"33,2 : 178.84"
"33,3 : 530.36"
"33,4 : 764.38"
"33,5 : 285.24"
"33,6 : 785.4"
"33,7 : 300.7"
"33,8 : 204.16"
"33,9 : 566.93"
"33,10 : 820.26"
"33,11 : 286.15"
"33,12 : 314.55"
"33,13 : 848.16"
"33,14 : 571.15"
"33,15 : 656.98"
"33,16 : 411.05"
"33,17 : 761.55"
"33,18 : 966.38"
"33,19 : 371.9"
"33,20 : 626.79"
"33,21 : 241.54"
"33,22 : 947.91"
"33,23 : 571.86"
"33,24 : 443.05"
"33,25 : 347.86"
"33,26 : 112.27"
"33,27 : 288.12"
"33,28 : 446.81"
"33,29 : 598.65"
"33,30 : 285.55"
"33,31 : 596.28"
"33,32 : 460.9"
"33,33 : 0.0"
"33,34 : 252.72"
"33,35 : 691.83"
"33,36 : 715.03"
"33,37 : 815.31"
"33,38 : 118.0"
"33,39 : 759.85"
"33,40 : 259.07"
"33,41 : 717.78"
"33,42 : 840.52"
"33,43 : 763.4"
"33,44 : 148.49"
"33,45 : 205.81"
"33,46 : 225.85"
"33,47 : 473.09"
"33,48 : 249.05"
"33,49 : 219.97"
"34,0 : 889.83"
"34,1 : 987.01"
"34,2 : 173.95"
"34,3 : 754.98"
"34,4 : 960.66"
"34,5 : 68.77"
"34,6 : 949.03"
"34,7 : 450.25"
"34,8 : 110.82"
"34,9 : 668.22"
"34,10 : 1041.2"
"34,11 : 473.61"
"34,12 : 116.93"
"34,13 : 1046.21"
"34,14 : 823.87"
"34,15 : 709.98"
"34,16 : 362.44"
"34,17 : 931.77"
"34,18 : 1197.63"
"34,19 : 563.37"
"34,20 : 750.98"
"34,21 : 221.08"
"34,22 : 1179.58"
"34,23 : 652.37"
"34,24 : 643.57"
"34,25 : 557.01"
"34,26 : 191.02"
"34,27 : 267.9"
"34,28 : 469.23"
"34,29 : 816.48"
"34,30 : 495.74"
"34,31 : 759.02"
"34,32 : 698.9"
"34,33 : 252.72"
"34,34 : 0.0"
"34,35 : 934.35"
"34,36 : 863.21"
"34,37 : 873.75"
"34,38 : 155.56"
"34,39 : 954.13"
"34,40 : 482.53"
"34,41 : 764.44"
"34,42 : 1067.22"
"34,43 : 999.25"
"34,44 : 318.52"
"34,45 : 239.18"
"34,46 : 432.97"
"34,47 : 705.32"
"34,48 : 290.06"
"34,49 : 405.08"
"35,0 : 850.68"
"35,1 : 177.41"
"35,2 : 790.4"
"35,3 : 555.53"
"35,4 : 330.44"
"35,5 : 945.85"
"35,6 : 480.57"
"35,7 : 561.18"
"35,8 : 849.8"
"35,9 : 625.55"
"35,10 : 224.22"
"35,11 : 682.5"
"35,12 : 956.15"
"35,13 : 359.17"
"35,14 : 242.12"
"35,15 : 768.94"
"35,16 : 864.9"
"35,17 : 445.45"
"35,18 : 295.06"
"35,19 : 431.34"
"35,20 : 572.3"
"35,21 : 799.66"
"35,22 : 276.44"
"35,23 : 677.76"
"35,24 : 649.42"
"35,25 : 406.21"
"35,26 : 747.45"
"35,27 : 802.78"
"35,28 : 769.57"
"35,29 : 603.45"
"35,30 : 627.11"
"35,31 : 445.6"
"35,32 : 236.81"
"35,33 : 691.83"
"35,34 : 934.35"
"35,35 : 0.0"
"35,36 : 514.69"
"35,37 : 828.31"
"35,38 : 809.09"
"35,39 : 338.66"
"35,40 : 596.45"
"35,41 : 809.84"
"35,42 : 206.18"
"35,43 : 97.05"
"35,44 : 628.35"
"35,45 : 752.19"
"35,46 : 648.51"
"35,47 : 512.0"
"35,48 : 736.57"
"35,49 : 693.41"
"36,0 : 343.8"
"36,1 : 689.23"
"36,2 : 689.38"
"36,3 : 926.13"
"36,4 : 227.37"
"36,5 : 836.0"
"36,6 : 101.41"
"36,7 : 421.35"
"36,8 : 752.88"
"36,9 : 228.58"
"36,10 : 396.0"
"36,11 : 889.82"
"36,12 : 819.24"
"36,13 : 283.67"
"36,14 : 674.76"
"36,15 : 320.39"
"36,16 : 602.16"
"36,17 : 108.27"
"36,18 : 563.24"
"36,19 : 354.12"
"36,20 : 130.83"
"36,21 : 650.77"
"36,22 : 553.45"
"36,23 : 275.07"
"36,24 : 953.13"
"36,25 : 397.06"
"36,26 : 690.31"
"36,27 : 618.65"
"36,28 : 463.88"
"36,29 : 994.89"
"36,30 : 847.5"
"36,31 : 124.45"
"36,32 : 448.54"
"36,33 : 715.03"
"36,34 : 863.21"
"36,35 : 514.69"
"36,36 : 0.0"
"36,37 : 323.13"
"36,38 : 813.56"
"36,39 : 215.33"
"36,40 : 805.15"
"36,41 : 337.22"
"36,42 : 447.05"
"36,43 : 479.98"
"36,44 : 573.85"
"36,45 : 624.32"
"36,46 : 828.02"
"36,47 : 861.55"
"36,48 : 576.51"
"36,49 : 858.04"
"37,0 : 23.6"
"37,1 : 997.9"
"37,2 : 717.4"
"37,3 : 1163.55"
"37,4 : 548.53"
"37,5 : 824.92"
"37,6 : 399.06"
"37,7 : 528.06"
"37,8 : 768.06"
"37,9 : 263.78"
"37,10 : 717.95"
"37,11 : 1056.19"
"37,12 : 792.01"
"37,13 : 593.11"
"37,14 : 956.45"
"37,15 : 164.07"
"37,16 : 527.8"
"37,17 : 422.0"
"37,18 : 880.58"
"37,19 : 542.36"
"37,20 : 264.69"
"37,21 : 655.22"
"37,22 : 872.13"
"37,23 : 244.66"
"37,24 : 1158.26"
"37,25 : 596.09"
"37,26 : 747.52"
"37,27 : 605.94"
"37,28 : 404.6"
"37,29 : 1236.9"
"37,30 : 1025.85"
"37,31 : 387.25"
"37,32 : 714.23"
"37,33 : 815.31"
"37,34 : 873.75"
"37,35 : 828.31"
"37,36 : 323.13"
"37,37 : 0.0"
"37,38 : 881.72"
"37,39 : 536.58"
"37,40 : 984.16"
"37,41 : 111.29"
"37,42 : 769.26"
"37,43 : 801.54"
"37,44 : 668.21"
"37,45 : 652.32"
"37,46 : 989.51"
"37,47 : 1095.47"
"37,48 : 597.0"
"37,49 : 1007.54"
"38,0 : 900.56"
"38,1 : 846.4"
"38,2 : 176.47"
"38,3 : 599.69"
"38,4 : 877.01"
"38,5 : 207.28"
"38,6 : 889.26"
"38,7 : 392.67"
"38,8 : 159.77"
"38,9 : 646.84"
"38,10 : 937.49"
"38,11 : 322.3"
"38,12 : 248.17"
"38,13 : 961.42"
"38,14 : 679.04"
"38,15 : 719.16"
"38,16 : 421.28"
"38,17 : 867.25"
"38,18 : 1084.37"
"38,19 : 480.64"
"38,20 : 716.16"
"38,21 : 248.0"
"38,22 : 1065.91"
"38,23 : 643.68"
"38,24 : 491.45"
"38,25 : 461.31"
"38,26 : 134.2"
"38,27 : 301.66"
"38,28 : 490.73"
"38,29 : 662.03"
"38,30 : 341.04"
"38,31 : 698.56"
"38,32 : 578.86"
"38,33 : 118.0"
"38,34 : 155.56"
"38,35 : 809.09"
"38,36 : 813.56"
"38,37 : 881.72"
"38,38 : 0.0"
"38,39 : 871.99"
"38,40 : 326.97"
"38,41 : 778.27"
"38,42 : 958.3"
"38,43 : 881.36"
"38,44 : 239.88"
"38,45 : 233.5"
"38,46 : 278.09"
"38,47 : 549.77"
"38,48 : 287.7"
"38,49 : 252.79"
"39,0 : 556.37"
"39,1 : 515.61"
"39,2 : 783.67"
"39,3 : 835.45"
"39,4 : 12.04"
"39,5 : 940.96"
"39,6 : 148.19"
"39,7 : 506.68"
"39,8 : 849.03"
"39,9 : 411.46"
"39,10 : 181.4"
"39,11 : 868.45"
"39,12 : 934.01"
"39,13 : 93.01"
"39,14 : 545.06"
"39,15 : 528.08"
"39,16 : 755.8"
"39,17 : 117.15"
"39,18 : 348.69"
"39,19 : 392.87"
"39,20 : 323.84"
"39,21 : 762.14"
"39,22 : 338.37"
"39,23 : 464.54"
"39,24 : 893.22"
"39,25 : 412.08"
"39,26 : 766.7"
"39,27 : 742.31"
"39,28 : 626.8"
"39,29 : 896.38"
"39,30 : 818.53"
"39,31 : 224.83"
"39,32 : 369.41"
"39,33 : 759.85"
"39,34 : 954.13"
"39,35 : 338.66"
"39,36 : 215.33"
"39,37 : 536.58"
"39,38 : 871.99"
"39,39 : 0.0"
"39,40 : 778.7"
"39,41 : 550.76"
"39,42 : 232.78"
"39,43 : 281.3"
"39,44 : 639.67"
"39,45 : 725.4"
"39,46 : 815.1"
"39,47 : 777.95"
"39,48 : 687.5"
"39,49 : 852.94"
"40,0 : 1006.59"
"40,1 : 578.01"
"40,2 : 437.58"
"40,3 : 274.0"
"40,4 : 779.28"
"40,5 : 530.42"
"40,6 : 849.39"
"40,7 : 460.11"
"40,8 : 460.01"
"40,9 : 721.12"
"40,10 : 780.17"
"40,11 : 90.14"
"40,12 : 566.11"
"40,13 : 853.28"
"40,14 : 403.24"
"40,15 : 840.08"
"40,16 : 658.62"
"40,17 : 818.31"
"40,18 : 891.04"
"40,19 : 457.42"
"40,20 : 752.67"
"40,21 : 496.8"
"40,22 : 872.31"
"40,23 : 742.52"
"40,24 : 189.4"
"40,25 : 409.31"
"40,26 : 370.87"
"40,27 : 538.89"
"40,28 : 666.4"
"40,29 : 340.13"
"40,30 : 42.54"
"40,31 : 680.84"
"40,32 : 415.09"
"40,33 : 259.07"
"40,34 : 482.53"
"40,35 : 596.45"
"40,36 : 805.15"
"40,37 : 984.16"
"40,38 : 326.97"
"40,39 : 778.7"
"40,40 : 0.0"
"40,41 : 901.0"
"40,42 : 784.65"
"40,43 : 686.53"
"40,44 : 352.24"
"40,45 : 455.7"
"40,46 : 59.03"
"40,47 : 222.99"
"40,48 : 488.81"
"40,49 : 103.95"
"41,0 : 125.48"
"41,1 : 971.87"
"41,2 : 610.95"
"41,3 : 1096.21"
"41,4 : 562.77"
"41,5 : 714.55"
"41,6 : 429.46"
"41,7 : 441.04"
"41,8 : 659.82"
"41,9 : 197.77"
"41,10 : 728.77"
"41,11 : 968.87"
"41,12 : 681.09"
"41,13 : 620.26"
"41,14 : 912.02"
"41,15 : 61.29"
"41,16 : 416.53"
"41,17 : 444.6"
"41,18 : 899.44"
"41,19 : 476.39"
"41,20 : 238.84"
"41,21 : 547.17"
"41,22 : 888.97"
"41,23 : 160.86"
"41,24 : 1080.18"
"41,25 : 530.09"
"41,26 : 644.29"
"41,27 : 497.0"
"41,28 : 295.3"
"41,29 : 1170.52"
"41,30 : 941.91"
"41,31 : 364.91"
"41,32 : 667.63"
"41,33 : 717.78"
"41,34 : 764.44"
"41,35 : 809.84"
"41,36 : 337.22"
"41,37 : 111.29"
"41,38 : 778.27"
"41,39 : 550.76"
"41,40 : 901.0"
"41,41 : 0.0"
"41,42 : 778.89"
"41,43 : 796.06"
"41,44 : 572.79"
"41,45 : 546.84"
"41,46 : 901.89"
"41,47 : 1027.68"
"41,48 : 491.65"
"41,49 : 916.94"
"42,0 : 789.13"
"42,1 : 351.18"
"42,2 : 908.24"
"42,3 : 761.7"
"42,4 : 220.91"
"42,5 : 1067.63"
"42,6 : 377.13"
"42,7 : 647.24"
"42,8 : 971.75"
"42,9 : 623.16"
"42,10 : 51.48"
"42,11 : 873.16"
"42,12 : 1069.92"
"42,13 : 200.41"
"42,14 : 448.26"
"42,15 : 751.32"
"42,16 : 931.93"
"42,17 : 349.04"
"42,18 : 135.35"
"42,19 : 516.46"
"42,20 : 544.99"
"42,21 : 902.81"
"42,22 : 119.57"
"42,23 : 677.46"
"42,24 : 852.68"
"42,25 : 511.71"
"42,26 : 876.29"
"42,27 : 894.41"
"42,28 : 815.29"
"42,29 : 809.03"
"42,30 : 818.49"
"42,31 : 429.14"
"42,32 : 384.17"
"42,33 : 840.52"
"42,34 : 1067.22"
"42,35 : 206.18"
"42,36 : 447.05"
"42,37 : 769.26"
"42,38 : 958.3"
"42,39 : 232.78"
"42,40 : 784.65"
"42,41 : 778.89"
"42,42 : 0.0"
"42,43 : 109.66"
"42,44 : 749.85"
"42,45 : 859.41"
"42,46 : 832.85"
"42,47 : 717.28"
"42,48 : 832.27"
"42,49 : 876.28"
"43,0 : 822.92"
"43,1 : 249.24"
"43,2 : 847.55"
"43,3 : 652.41"
"43,4 : 271.12"
"43,5 : 1005.53"
"43,6 : 429.05"
"43,7 : 600.97"
"43,8 : 909.2"
"43,9 : 623.26"
"43,10 : 134.63"
"43,11 : 773.83"
"43,12 : 1012.06"
"43,13 : 281.46"
"43,14 : 338.81"
"43,15 : 761.07"
"43,16 : 898.04"
"43,17 : 396.16"
"43,18 : 206.17"
"43,19 : 468.61"
"43,20 : 557.4"
"43,21 : 849.77"
"43,22 : 187.39"
"43,23 : 677.13"
"43,24 : 745.89"
"43,25 : 453.42"
"43,26 : 809.69"
"43,27 : 847.36"
"43,28 : 791.83"
"43,29 : 699.37"
"43,30 : 718.68"
"43,31 : 433.03"
"43,32 : 302.51"
"43,33 : 763.4"
"43,34 : 999.25"
"43,35 : 97.05"
"43,36 : 479.98"
"43,37 : 801.54"
"43,38 : 881.36"
"43,39 : 281.3"
"43,40 : 686.53"
"43,41 : 796.06"
"43,42 : 109.66"
"43,43 : 0.0"
"43,44 : 686.29"
"43,45 : 804.0"
"43,46 : 736.91"
"43,47 : 609.0"
"43,48 : 782.7"
"43,49 : 781.22"
"44,0 : 688.89"
"44,1 : 705.68"
"44,2 : 162.05"
"44,3 : 599.89"
"44,4 : 645.56"
"44,5 : 319.25"
"44,6 : 649.75"
"44,7 : 154.16"
"44,8 : 222.93"
"44,9 : 418.45"
"44,10 : 722.87"
"44,11 : 405.19"
"44,12 : 327.83"
"44,13 : 730.85"
"44,14 : 560.01"
"44,15 : 511.67"
"44,16 : 314.87"
"44,17 : 628.43"
"44,18 : 881.42"
"44,19 : 246.91"
"44,20 : 480.11"
"44,21 : 182.22"
"44,22 : 863.59"
"44,23 : 424.16"
"44,24 : 541.34"
"44,25 : 238.65"
"44,26 : 127.95"
"44,27 : 206.12"
"44,28 : 315.53"
"44,29 : 673.24"
"44,30 : 388.6"
"44,31 : 458.85"
"44,32 : 391.63"
"44,33 : 148.49"
"44,34 : 318.52"
"44,35 : 628.35"
"44,36 : 573.85"
"44,37 : 668.21"
"44,38 : 239.88"
"44,39 : 639.67"
"44,40 : 352.24"
"44,41 : 572.79"
"44,42 : 749.85"
"44,43 : 686.29"
"44,44 : 0.0"
"44,45 : 132.77"
"44,46 : 338.92"
"44,47 : 535.04"
"44,48 : 144.54"
"44,49 : 347.37"
"45,0 : 670.37"
"45,1 : 836.94"
"45,2 : 67.03"
"45,3 : 717.47"
"45,4 : 732.77"
"45,5 : 215.82"
"45,6 : 711.5"
"45,7 : 218.84"
"45,8 : 128.58"
"45,9 : 431.51"
"45,10 : 828.24"
"45,11 : 491.54"
"45,12 : 210.95"
"45,13 : 818.24"
"45,14 : 692.78"
"45,15 : 488.71"
"45,16 : 205.32"
"45,17 : 695.54"
"45,18 : 993.2"
"45,19 : 343.8"
"45,20 : 512.1"
"45,21 : 49.48"
"45,22 : 975.87"
"45,23 : 420.22"
"45,24 : 643.83"
"45,25 : 350.65"
"45,26 : 103.41"
"45,27 : 83.26"
"45,28 : 257.24"
"45,29 : 789.09"
"45,30 : 486.74"
"45,31 : 522.61"
"45,32 : 516.84"
"45,33 : 205.81"
"45,34 : 239.18"
"45,35 : 752.19"
"45,36 : 624.32"
"45,37 : 652.32"
"45,38 : 233.5"
"45,39 : 725.4"
"45,40 : 455.7"
"45,41 : 546.84"
"45,42 : 859.41"
"45,43 : 804.0"
"45,44 : 132.77"
"45,45 : 0.0"
"45,46 : 429.53"
"45,47 : 655.04"
"45,48 : 55.32"
"45,49 : 425.77"
"46,0 : 1011.47"
"46,1 : 635.84"
"46,2 : 403.94"
"46,3 : 322.25"
"46,4 : 816.38"
"46,5 : 484.26"
"46,6 : 877.94"
"46,7 : 461.79"
"46,8 : 419.7"
"46,9 : 728.47"
"46,10 : 826.1"
"46,11 : 67.01"
"46,12 : 522.21"
"46,13 : 892.59"
"46,14 : 461.09"
"46,15 : 840.65"
"46,16 : 634.57"
"46,17 : 848.04"
"46,18 : 942.25"
"46,19 : 475.69"
"46,20 : 767.16"
"46,21 : 467.27"
"46,22 : 923.49"
"46,23 : 745.81"
"46,24 : 218.3"
"46,25 : 431.0"
"46,26 : 337.8"
"46,27 : 512.6"
"46,28 : 654.32"
"46,29 : 384.0"
"46,30 : 63.03"
"46,31 : 703.6"
"46,32 : 457.36"
"46,33 : 225.85"
"46,34 : 432.97"
"46,35 : 648.51"
"46,36 : 828.02"
"46,37 : 989.51"
"46,38 : 278.09"
"46,39 : 815.1"
"46,40 : 59.03"
"46,41 : 901.89"
"46,42 : 832.85"
"46,43 : 736.91"
"46,44 : 338.92"
"46,45 : 429.53"
"46,46 : 0.0"
"46,47 : 276.52"
"46,48 : 467.62"
"46,49 : 45.8"
"47,0 : 1118.87"
"47,1 : 432.06"
"47,2 : 647.6"
"47,3 : 68.6"
"47,4 : 775.09"
"47,5 : 751.64"
"47,6 : 881.02"
"47,7 : 603.35"
"47,8 : 677.0"
"47,9 : 834.28"
"47,10 : 727.47"
"47,11 : 260.0"
"47,12 : 785.61"
"47,13 : 834.58"
"47,14 : 274.12"
"47,15 : 969.25"
"47,16 : 849.85"
"47,17 : 846.24"
"47,18 : 798.32"
"47,19 : 553.42"
"47,20 : 841.58"
"47,21 : 700.18"
"47,22 : 780.53"
"47,23 : 866.93"
"47,24 : 145.4"
"47,25 : 499.56"
"47,26 : 581.59"
"47,27 : 736.37"
"47,28 : 832.87"
"47,29 : 143.39"
"47,30 : 217.64"
"47,31 : 743.76"
"47,32 : 417.26"
"47,33 : 473.09"
"47,34 : 705.32"
"47,35 : 512.0"
"47,36 : 861.55"
"47,37 : 1095.47"
"47,38 : 549.77"
"47,39 : 777.95"
"47,40 : 222.99"
"47,41 : 1027.68"
"47,42 : 717.28"
"47,43 : 609.0"
"47,44 : 535.04"
"47,45 : 655.04"
"47,46 : 276.52"
"47,47 : 0.0"
"47,48 : 679.02"
"47,49 : 314.2"
"48,0 : 615.08"
"48,1 : 831.86"
"48,2 : 121.41"
"48,3 : 743.3"
"48,4 : 695.41"
"48,5 : 259.62"
"48,6 : 665.99"
"48,7 : 185.35"
"48,8 : 179.35"
