x,y
724,628
306,766
177,117
298,184
627,420
308,306
876,47
131,800
759,733
507,156
334,26
941,306
292,599
648,752
786,355
638,64
726,926
381,364
685,228
999,698
623,622
711,693
900,388
321,635
370,42
261,122
553,103
133,758
450,162
657,47
771,673
141,577
192,423
220,811
163,169
892,955
851,458
79,300
284,107
292,787
769,346
560,126
738,508
488,316
480,879
357,336
602,89
63,375
934,40
325,70

Distanze
"0,0 : 0.0"
"0,1 : 440.19"
"0,2 : 748.55"
"0,3 : 615.31"
"0,4 : 229.51"
"0,5 : 526.06"
"0,6 : 600.55"
"0,7 : 617.44"
"0,8 : 110.68"
"0,9 : 519.49"
"0,10 : 717.29"
"0,11 : 388.29"
"0,12 : 432.97"
"0,13 : 145.44"
"0,14 : 279.95"
"0,15 : 570.52"
"0,16 : 298.01"
"0,17 : 432.83"
"0,18 : 401.9"
"0,19 : 283.77"
"0,20 : 101.18"
"0,21 : 66.29"
"0,22 : 297.62"
"0,23 : 403.06"
"0,24 : 684.63"
"0,25 : 685.86"
"0,26 : 552.15"
"0,27 : 605.13"
"0,28 : 540.58"
"0,29 : 584.85"
"0,30 : 65.07"
"0,31 : 585.23"
"0,32 : 570.13"
"0,33 : 536.19"
"0,34 : 724.85"
"0,35 : 367.63"
"0,36 : 212.2"
"0,37 : 723.61"
"0,38 : 681.94"
"0,39 : 460.33"
"0,40 : 285.57"
"0,41 : 528.11"
"0,42 : 120.81"
"0,43 : 391.2"
"0,44 : 350.05"
"0,45 : 468.99"
"0,46 : 552.63"
"0,47 : 707.76"
"0,48 : 624.37"
"0,49 : 685.98"
"1,0 : 440.19"
"1,1 : 0.0"
"1,2 : 661.7"
"1,3 : 582.05"
"1,4 : 471.97"
"1,5 : 460.0"
"1,6 : 917.53"
"1,7 : 178.27"
"1,8 : 454.2"
"1,9 : 642.26"
"1,10 : 740.53"
"1,11 : 784.11"
"1,12 : 167.59"
"1,13 : 342.29"
"1,14 : 631.92"
"1,15 : 776.55"
"1,16 : 449.44"
"1,17 : 408.94"
"1,18 : 658.09"
"1,19 : 696.33"
"1,20 : 348.17"
"1,21 : 411.53"
"1,22 : 704.07"
"1,23 : 131.86"
"1,24 : 726.82"
"1,25 : 645.57"
"1,26 : 707.52"
"1,27 : 173.18"
"1,28 : 620.93"
"1,29 : 800.1"
"1,30 : 474.21"
"1,31 : 250.89"
"1,32 : 361.45"
"1,33 : 97.06"
"1,34 : 613.89"
"1,35 : 615.72"
"1,36 : 626.01"
"1,37 : 518.35"
"1,38 : 659.37"
"1,39 : 25.24"
"1,40 : 625.12"
"1,41 : 688.56"
"1,42 : 503.18"
"1,43 : 485.41"
"1,44 : 207.47"
"1,45 : 433.01"
"1,46 : 738.88"
"1,47 : 460.36"
"1,48 : 959.93"
"1,49 : 696.26"
"2,0 : 748.55"
"2,1 : 661.7"
"2,2 : 0.0"
"2,3 : 138.31"
"2,4 : 542.5"
"2,5 : 229.96"
"2,6 : 702.5"
"2,7 : 684.55"
"2,8 : 847.46"
"2,9 : 332.3"
"2,10 : 181.47"
"2,11 : 787.03"
"2,12 : 495.53"
"2,13 : 790.61"
"2,14 : 653.85"
"2,15 : 464.04"
"2,16 : 977.69"
"2,17 : 320.35"
"2,18 : 519.99"
"2,19 : 1006.6"
"2,20 : 673.75"
"2,21 : 785.45"
"2,22 : 772.12"
"2,23 : 537.64"
"2,24 : 207.06"
"2,25 : 84.15"
"2,26 : 376.26"
"2,27 : 642.51"
"2,28 : 276.68"
"2,29 : 485.08"
"2,30 : 813.62"
"2,31 : 461.41"
"2,32 : 306.37"
"2,33 : 695.33"
"2,34 : 53.85"
"2,35 : 1101.58"
"2,36 : 755.35"
"2,37 : 207.59"
"2,38 : 107.47"
"2,39 : 679.8"
"2,40 : 634.75"
"2,41 : 383.11"
"2,42 : 683.81"
"2,43 : 369.22"
"2,44 : 820.03"
"2,45 : 283.48"
"2,46 : 425.92"
"2,47 : 282.06"
"2,48 : 760.91"
"2,49 : 155.28"
"3,0 : 615.31"
"3,1 : 582.05"
"3,2 : 138.31"
"3,3 : 0.0"
"3,4 : 404.89"
"3,5 : 122.41"
"3,6 : 594.01"
"3,7 : 638.24"
"3,8 : 716.88"
"3,9 : 210.87"
"3,10 : 162.05"
"3,11 : 654.47"
"3,12 : 415.04"
"3,13 : 667.18"
"3,14 : 517.09"
"3,15 : 360.56"
"3,16 : 856.59"
"3,17 : 198.21"
"3,18 : 389.49"
"3,19 : 869.25"
"3,20 : 545.41"
"3,21 : 655.48"
"3,22 : 635.63"
"3,23 : 451.59"
"3,24 : 159.21"
"3,25 : 72.2"
"3,26 : 267.56"
"3,27 : 597.24"
"3,28 : 153.58"
"3,29 : 384.25"
"3,30 : 680.33"
"3,31 : 423.2"
"3,32 : 261.45"
"3,33 : 631.83"
"3,34 : 135.83"
"3,35 : 973.28"
"3,36 : 617.16"
"3,37 : 247.82"
"3,38 : 78.26"
"3,39 : 603.03"
"3,40 : 498.08"
"3,41 : 268.34"
"3,42 : 546.42"
"3,43 : 231.35"
"3,44 : 718.44"
"3,45 : 163.05"
"3,46 : 318.5"
"3,47 : 302.83"
"3,48 : 652.1"
"3,49 : 117.15"
"4,0 : 229.51"
"4,1 : 471.97"
"4,2 : 542.5"
"4,3 : 404.89"
"4,4 : 0.0"
"4,5 : 338.76"
"4,6 : 448.48"
"4,7 : 624.83"
"4,8 : 339.7"
"4,9 : 289.99"
"4,10 : 491.0"
"4,11 : 334.05"
"4,12 : 379.82"
"4,13 : 332.66"
"4,14 : 171.77"
"4,15 : 356.17"
"4,16 : 515.59"
"4,17 : 252.29"
"4,18 : 200.57"
"4,19 : 464.4"
"4,20 : 202.04"
"4,21 : 285.63"
"4,22 : 274.87"
"4,23 : 373.98"
"4,24 : 457.09"
"4,25 : 471.97"
"4,26 : 325.52"
"4,27 : 598.56"
"4,28 : 312.88"
"4,29 : 374.2"
"4,30 : 291.11"
"4,31 : 510.73"
"4,32 : 435.01"
"4,33 : 564.38"
"4,34 : 527.54"
"4,35 : 597.03"
"4,36 : 227.2"
"4,37 : 560.98"
"4,38 : 464.35"
"4,39 : 496.9"
"4,40 : 160.12"
"4,41 : 301.54"
"4,42 : 141.65"
"4,43 : 173.6"
"4,44 : 481.96"
"4,45 : 282.76"
"4,46 : 331.94"
"4,47 : 565.79"
"4,48 : 488.52"
"4,49 : 462.28"
"5,0 : 526.06"
"5,1 : 460.0"
"5,2 : 229.96"
"5,3 : 122.41"
"5,4 : 338.76"
"5,5 : 0.0"
"5,6 : 624.26"
"5,7 : 524.75"
"5,8 : 621.07"
"5,9 : 249.2"
"5,10 : 281.2"
"5,11 : 633.0"
"5,12 : 293.44"
"5,13 : 560.82"
"5,14 : 480.5"
"5,15 : 409.22"
"5,16 : 747.75"
"5,17 : 93.24"
"5,18 : 384.98"
"5,19 : 794.45"
"5,20 : 446.18"
"5,21 : 558.73"
"5,22 : 597.65"
"5,23 : 329.26"
"5,24 : 271.18"
"5,25 : 189.91"
"5,26 : 318.17"
"5,27 : 484.69"
"5,28 : 202.24"
"5,29 : 434.61"
"5,30 : 590.81"
"5,31 : 318.32"
"5,32 : 164.76"
"5,33 : 512.61"
"5,34 : 199.48"
"5,35 : 873.07"
"5,36 : 563.87"
"5,37 : 229.08"
"5,38 : 200.44"
"5,39 : 481.27"
"5,40 : 462.73"
"5,41 : 309.68"
"5,42 : 475.08"
"5,43 : 180.28"
"5,44 : 598.26"
"5,45 : 57.45"
"5,46 : 365.41"
"5,47 : 254.53"
"5,48 : 680.17"
"5,49 : 236.61"
"6,0 : 600.55"
"6,1 : 917.53"
"6,2 : 702.5"
"6,3 : 594.01"
"6,4 : 448.48"
"6,5 : 624.26"
"6,6 : 0.0"
"6,7 : 1059.26"
"6,8 : 695.91"
"6,9 : 384.76"
"6,10 : 542.41"
"6,11 : 267.03"
"6,12 : 803.59"
"6,13 : 740.95"
"6,14 : 320.88"
"6,15 : 238.61"
"6,16 : 891.71"
"6,17 : 587.8"
"6,18 : 263.14"
"6,19 : 662.52"
"6,20 : 628.2"
"6,21 : 666.74"
"6,22 : 341.84"
"6,23 : 808.56"
"6,24 : 506.02"
"6,25 : 619.56"
"6,26 : 327.82"
"6,27 : 1028.38"
"6,28 : 441.25"
"6,29 : 219.0"
"6,30 : 634.74"
"6,31 : 906.16"
"6,32 : 780.53"
"6,33 : 1006.99"
"6,34 : 723.36"
"6,35 : 908.14"
"6,36 : 411.76"
"6,37 : 836.19"
"6,38 : 595.03"
"6,39 : 942.69"
"6,40 : 317.57"
"6,41 : 325.73"
"6,42 : 481.21"
"6,43 : 472.13"
"6,44 : 921.43"
"6,45 : 594.04"
"6,46 : 277.2"
"6,47 : 876.67"
"6,48 : 58.42"
"6,49 : 551.48"
"7,0 : 617.44"
"7,1 : 178.27"
"7,2 : 684.55"
"7,3 : 638.24"
"7,4 : 624.83"
"7,5 : 524.75"
"7,6 : 1059.26"
"7,7 : 0.0"
"7,8 : 631.56"
"7,9 : 745.73"
"7,10 : 800.18"
"7,11 : 948.75"
"7,12 : 257.53"
"7,13 : 519.22"
"7,14 : 791.86"
"7,15 : 893.73"
"7,16 : 608.19"
"7,17 : 502.59"
"7,18 : 796.3"
"7,19 : 873.97"
"7,20 : 523.21"
"7,21 : 589.79"
"7,22 : 872.41"
"7,23 : 251.64"
"7,24 : 794.79"
"7,25 : 690.35"
"7,26 : 814.8"
"7,27 : 42.05"
"7,28 : 713.31"
"7,29 : 918.52"
"7,30 : 652.48"
"7,31 : 223.22"
"7,32 : 381.9"
"7,33 : 89.68"
"7,34 : 631.81"
"7,35 : 776.62"
"7,36 : 797.1"
"7,37 : 502.7"
"7,38 : 709.69"
"7,39 : 161.52"
"7,40 : 783.05"
"7,41 : 798.95"
"7,42 : 673.58"
"7,43 : 601.42"
"7,44 : 357.83"
"7,45 : 516.11"
"7,46 : 852.86"
"7,47 : 430.41"
"7,48 : 1105.63"
"7,49 : 755.34"
"8,0 : 110.68"
"8,1 : 454.2"
"8,2 : 847.46"
"8,3 : 716.88"
"8,4 : 339.7"
"8,5 : 621.07"
"8,6 : 695.91"
"8,7 : 631.56"
"8,8 : 0.0"
"8,9 : 629.63"
"8,10 : 824.91"
"8,11 : 464.17"
"8,12 : 485.84"
"8,13 : 112.61"
"8,14 : 378.96"
"8,15 : 679.85"
"8,16 : 195.8"
"8,17 : 528.25"
"8,18 : 510.39"
"8,19 : 242.54"
"8,20 : 175.55"
"8,21 : 62.48"
"8,22 : 372.7"
"8,23 : 448.83"
"8,24 : 792.97"
"8,25 : 788.24"
"8,26 : 662.82"
"8,27 : 626.5"
"8,28 : 649.25"
"8,29 : 693.54"
"8,30 : 61.19"
"8,31 : 637.39"
"8,32 : 646.21"
"8,33 : 544.61"
"8,34 : 820.56"
"8,35 : 258.79"
"8,36 : 289.98"
"8,37 : 806.16"
"8,38 : 785.81"
"8,39 : 470.11"
"8,40 : 387.13"
"8,41 : 638.79"
"8,42 : 225.98"
"8,43 : 497.32"
"8,44 : 314.89"
"8,45 : 564.99"
"8,46 : 662.86"
"8,47 : 782.67"
"8,48 : 714.75"
"8,49 : 792.42"
"9,0 : 519.49"
"9,1 : 642.26"
"9,2 : 332.3"
"9,3 : 210.87"
"9,4 : 289.99"
"9,5 : 249.2"
"9,6 : 384.76"
"9,7 : 745.73"
"9,8 : 629.63"
"9,9 : 0.0"
"9,10 : 216.4"
"9,11 : 459.19"
"9,12 : 492.42"
"9,13 : 612.45"
"9,14 : 342.7"
"9,15 : 160.08"
"9,16 : 800.54"
"9,17 : 243.19"
"9,18 : 192.01"
"9,19 : 732.0"
"9,20 : 480.22"
"9,21 : 574.44"
"9,22 : 456.37"
"9,23 : 513.85"
"9,24 : 178.23"
"9,25 : 248.34"
"9,26 : 70.18"
"9,27 : 708.72"
"9,28 : 57.31"
"9,29 : 185.42"
"9,30 : 580.5"
"9,31 : 557.85"
"9,32 : 412.93"
"9,33 : 715.12"
"9,34 : 344.25"
"9,35 : 886.92"
"9,36 : 457.76"
"9,37 : 451.58"
"9,38 : 228.32"
"9,39 : 666.62"
"9,40 : 323.64"
"9,41 : 60.9"
"9,42 : 421.03"
"9,43 : 161.12"
"9,44 : 723.5"
"9,45 : 234.31"
"9,46 : 116.25"
"9,47 : 495.07"
"9,48 : 442.48"
"9,49 : 201.3"
"10,0 : 717.29"
"10,1 : 740.53"
"10,2 : 181.47"
"10,3 : 162.05"
"10,4 : 491.0"
"10,5 : 281.2"
"10,6 : 542.41"
"10,7 : 800.18"
"10,8 : 824.91"
"10,9 : 216.4"
"10,10 : 0.0"
"10,11 : 668.47"
"10,12 : 574.54"
"10,13 : 790.99"
"10,14 : 559.06"
"10,15 : 306.37"
"10,16 : 981.66"
"10,17 : 341.25"
"10,18 : 404.98"
"10,19 : 945.41"
"10,20 : 662.37"
"10,21 : 766.17"
"10,22 : 671.86"
"10,23 : 609.14"
"10,24 : 39.4"
"10,25 : 120.6"
"10,26 : 232.14"
"10,27 : 759.09"
"10,28 : 178.75"
"10,29 : 323.68"
"10,30 : 780.75"
"10,31 : 583.82"
"10,32 : 421.63"
"10,33 : 793.23"
"10,34 : 222.91"
"10,35 : 1083.7"
"10,36 : 673.73"
"10,37 : 374.3"
"10,38 : 95.19"
"10,39 : 762.16"
"10,40 : 540.02"
"10,41 : 247.14"
"10,42 : 628.92"
"10,43 : 328.35"
"10,44 : 865.4"
"10,45 : 310.85"
"10,46 : 275.31"
"10,47 : 441.86"
"10,48 : 600.16"
"10,49 : 44.91"
"11,0 : 388.29"
"11,1 : 784.11"
"11,2 : 787.03"
"11,3 : 654.47"
"11,4 : 334.05"
"11,5 : 633.0"
"11,6 : 267.03"
"11,7 : 948.75"
"11,8 : 464.17"
"11,9 : 459.19"
"11,10 : 668.47"
"11,11 : 0.0"
"11,12 : 712.07"
"11,13 : 533.63"
"11,14 : 162.56"
"11,15 : 387.78"
"11,16 : 656.22"
"11,17 : 563.0"
"11,18 : 267.62"
"11,19 : 396.27"
"11,20 : 448.31"
"11,21 : 450.19"
"11,22 : 91.68"
"11,23 : 701.88"
"11,24 : 629.08"
"11,25 : 704.45"
"11,26 : 437.9"
"11,27 : 925.83"
"11,28 : 511.68"
"11,29 : 384.37"
"11,30 : 404.46"
"11,31 : 844.65"
"11,32 : 758.08"
"11,33 : 880.26"
"11,34 : 789.97"
"11,35 : 650.85"
"11,36 : 176.65"
"11,37 : 862.02"
"11,38 : 686.48"
"11,39 : 807.81"
"11,40 : 176.59"
"11,41 : 421.38"
"11,42 : 286.38"
"11,43 : 453.11"
"11,44 : 735.43"
"11,45 : 584.77"
"11,46 : 402.5"
"11,47 : 880.71"
"11,48 : 266.09"
"11,49 : 659.66"
"12,0 : 432.97"
"12,1 : 167.59"
"12,2 : 495.53"
"12,3 : 415.04"
"12,4 : 379.82"
"12,5 : 293.44"
"12,6 : 803.59"
"12,7 : 257.53"
"12,8 : 485.84"
"12,9 : 492.42"
"12,10 : 574.54"
"12,11 : 712.07"
"12,12 : 0.0"
"12,13 : 387.49"
"12,14 : 550.97"
"12,15 : 637.13"
"12,16 : 543.4"
"12,17 : 251.29"
"12,18 : 540.45"
"12,19 : 713.9"
"12,20 : 331.8"
"12,21 : 429.41"
"12,22 : 643.57"
"12,23 : 46.23"
"12,24 : 562.43"
"12,25 : 478.01"
"12,26 : 560.48"
"12,27 : 224.86"
"12,28 : 464.69"
"12,29 : 661.76"
"12,30 : 484.68"
"12,31 : 152.59"
"12,32 : 202.43"
"12,33 : 223.89"
"12,34 : 448.93"
"12,35 : 697.66"
"12,36 : 576.51"
"12,37 : 367.11"
"12,38 : 492.07"
"12,39 : 188.0"
"12,40 : 539.94"
"12,41 : 543.65"
"12,42 : 455.19"
"12,43 : 344.25"
"12,44 : 337.26"
"12,45 : 270.91"
"12,46 : 596.82"
"12,47 : 320.34"
"12,48 : 851.26"
"12,49 : 530.03"
"13,0 : 145.44"
"13,1 : 342.29"
"13,2 : 790.61"
"13,3 : 667.18"
"13,4 : 332.66"
"13,5 : 560.82"
"13,6 : 740.95"
"13,7 : 519.22"
"13,8 : 112.61"
"13,9 : 612.45"
"13,10 : 790.99"
"13,11 : 533.63"
"13,12 : 387.49"
"13,13 : 0.0"
"13,14 : 420.3"
"13,15 : 688.07"
"13,16 : 190.68"
"13,17 : 470.99"
"13,18 : 525.3"
"13,19 : 355.13"
"13,20 : 132.38"
"13,21 : 86.31"
"13,22 : 442.72"
"13,23 : 347.3"
"13,24 : 762.49"
"13,25 : 739.37"
"13,26 : 655.92"
"13,27 : 515.03"
"13,28 : 622.34"
"13,29 : 705.06"
"13,30 : 146.18"
"13,31 : 536.35"
"13,32 : 562.3"
"13,33 : 432.05"
"13,34 : 758.36"
"13,35 : 317.4"
"13,36 : 357.27"
"13,37 : 726.68"
"13,38 : 740.62"
"13,39 : 357.72"
"13,40 : 423.65"
"13,41 : 632.16"
"13,42 : 260.07"
"13,43 : 464.43"
"13,44 : 210.6"
"13,45 : 507.68"
"13,46 : 664.59"
"13,47 : 695.96"
"13,48 : 767.29"
"13,49 : 754.62"
"14,0 : 279.95"
"14,1 : 631.92"
"14,2 : 653.85"
"14,3 : 517.09"
"14,4 : 171.77"
"14,5 : 480.5"
"14,6 : 320.88"
"14,7 : 791.86"
"14,8 : 378.96"
"14,9 : 342.7"
"14,10 : 559.06"
"14,11 : 162.56"
"14,12 : 550.97"
"14,13 : 420.3"
"14,14 : 0.0"
"14,15 : 326.47"
"14,16 : 574.14"
"14,17 : 405.1"
"14,18 : 162.27"
"14,19 : 403.75"
"14,20 : 312.82"
"14,21 : 346.22"
"14,22 : 118.68"
"14,23 : 542.79"
"14,24 : 520.6"
"14,25 : 574.38"
"14,26 : 343.21"
"14,27 : 767.34"
"14,28 : 387.49"
"14,29 : 333.92"
"14,30 : 318.35"
"14,31 : 682.14"
"14,32 : 597.88"
"14,33 : 726.84"
"14,34 : 650.17"
"14,35 : 609.29"
"14,36 : 121.79"
"14,37 : 709.14"
"14,38 : 559.92"
"14,39 : 656.25"
"14,40 : 19.24"
"14,41 : 321.74"
"14,42 : 160.35"
"14,43 : 300.54"
"14,44 : 606.8"
"14,45 : 429.42"
"14,46 : 323.44"
"14,47 : 723.28"
"14,48 : 348.04"
"14,49 : 541.98"
"15,0 : 570.52"
"15,1 : 776.55"
"15,2 : 464.04"
"15,3 : 360.56"
"15,4 : 356.17"
"15,5 : 409.22"
"15,6 : 238.61"
"15,7 : 893.73"
"15,8 : 679.85"
"15,9 : 160.08"
"15,10 : 306.37"
"15,11 : 387.78"
"15,12 : 637.13"
"15,13 : 688.07"
"15,14 : 326.47"
"15,15 : 0.0"
"15,16 : 866.48"
"15,17 : 395.03"
"15,18 : 170.6"
"15,19 : 729.57"
"15,20 : 558.2"
"15,21 : 633.22"
"15,22 : 416.68"
"15,23 : 653.09"
"15,24 : 268.9"
"15,25 : 381.44"
"15,26 : 93.52"
"15,27 : 858.29"
"15,28 : 212.01"
"15,29 : 25.5"
"15,30 : 623.35"
"15,31 : 714.27"
"15,32 : 572.54"
"15,33 : 856.0"
"15,34 : 486.47"
"15,35 : 926.5"
"15,36 : 447.89"
"15,37 : 606.78"
"15,38 : 356.6"
"15,39 : 801.53"
"15,40 : 310.94"
"15,41 : 99.64"
"15,42 : 455.12"
"15,43 : 293.26"
"15,44 : 830.17"
"15,45 : 391.08"
"15,46 : 43.83"
"15,47 : 653.72"
"15,48 : 296.97"
"15,49 : 313.06"
"16,0 : 298.01"
"16,1 : 449.44"
"16,2 : 977.69"
"16,3 : 856.59"
"16,4 : 515.59"
"16,5 : 747.75"
"16,6 : 891.71"
"16,7 : 608.19"
"16,8 : 195.8"
"16,9 : 800.54"
"16,10 : 981.66"
"16,11 : 656.22"
"16,12 : 543.4"
"16,13 : 190.68"
"16,14 : 574.14"
"16,15 : 866.48"
"16,16 : 0.0"
"16,17 : 659.45"
"16,18 : 699.2"
"16,19 : 355.69"
"16,20 : 320.98"
"16,21 : 233.48"
"16,22 : 565.44"
"16,23 : 498.7"
"16,24 : 952.99"
"16,25 : 928.78"
"16,26 : 840.99"
"16,27 : 616.34"
"16,28 : 812.33"
"16,29 : 881.7"
"16,30 : 256.97"
"16,31 : 681.19"
"16,32 : 733.6"
"16,33 : 518.9"
"16,34 : 943.41"
"16,35 : 168.51"
"16,36 : 484.41"
"16,37 : 900.27"
"16,38 : 930.66"
"16,39 : 455.72"
"16,40 : 581.59"
"16,41 : 817.04"
"16,42 : 418.17"
"16,43 : 654.79"
"16,44 : 250.45"
"16,45 : 695.89"
"16,46 : 846.14"
"16,47 : 862.07"
"16,48 : 910.09"
"16,49 : 945.27"
"17,0 : 432.83"
"17,1 : 408.94"
"17,2 : 320.35"
"17,3 : 198.21"
"17,4 : 252.29"
"17,5 : 93.24"
"17,6 : 587.8"
"17,7 : 502.59"
"17,8 : 528.25"
"17,9 : 243.19"
"17,10 : 341.25"
"17,11 : 563.0"
"17,12 : 251.29"
"17,13 : 470.99"
"17,14 : 405.1"
"17,15 : 395.03"
"17,16 : 659.45"
"17,17 : 0.0"
"17,18 : 333.03"
"17,19 : 702.48"
"17,20 : 353.73"
"17,21 : 465.98"
"17,22 : 519.55"
"17,23 : 277.56"
"17,24 : 322.19"
"17,25 : 270.12"
"17,26 : 312.58"
"17,27 : 465.55"
"17,28 : 213.46"
"17,29 : 420.32"
"17,30 : 497.58"
"17,31 : 320.89"
"17,32 : 197.99"
"17,33 : 475.11"
"17,34 : 292.49"
"17,35 : 781.28"
"17,36 : 479.31"
"17,37 : 308.71"
"17,38 : 274.7"
"17,39 : 432.26"
"17,40 : 388.42"
"17,41 : 297.8"
"17,42 : 384.95"
"17,43 : 117.27"
"17,44 : 524.43"
"17,45 : 36.88"
"17,46 : 352.8"
"17,47 : 318.19"
"17,48 : 640.93"
"17,49 : 299.29"
"18,0 : 401.9"
"18,1 : 658.09"
"18,2 : 519.99"
"18,3 : 389.49"
"18,4 : 200.57"
"18,5 : 384.98"
"18,6 : 263.14"
"18,7 : 796.3"
"18,8 : 510.39"
"18,9 : 192.01"
"18,10 : 404.98"
"18,11 : 267.62"
"18,12 : 540.45"
"18,13 : 525.3"
"18,14 : 162.27"
"18,15 : 170.6"
"18,16 : 699.2"
"18,17 : 333.03"
"18,18 : 0.0"
"18,19 : 565.24"
"18,20 : 398.85"
"18,21 : 465.73"
"18,22 : 268.0"
"18,23 : 546.03"
"18,24 : 365.82"
"18,25 : 437.05"
"18,26 : 181.79"
"18,27 : 765.25"
"18,28 : 244.09"
"18,29 : 183.15"
"18,30 : 453.23"
"18,31 : 646.33"
"18,32 : 530.16"
"18,33 : 745.73"
"18,34 : 525.32"
"18,35 : 755.9"
"18,36 : 283.65"
"18,37 : 610.26"
"18,38 : 418.86"
"18,39 : 683.32"
"18,40 : 144.84"
"18,41 : 161.34"
"18,42 : 284.97"
"18,43 : 215.76"
"18,44 : 682.51"
"18,45 : 345.32"
"18,46 : 161.9"
"18,47 : 639.13"
"18,48 : 312.0"
"18,49 : 393.15"
"19,0 : 283.77"
"19,1 : 696.33"
"19,2 : 1006.6"
"19,3 : 869.25"
"19,4 : 464.4"
"19,5 : 794.45"
"19,6 : 662.52"
"19,7 : 873.97"
"19,8 : 242.54"
"19,9 : 732.0"
"19,10 : 945.41"
"19,11 : 396.27"
"19,12 : 713.9"
"19,13 : 355.13"
"19,14 : 403.75"
"19,15 : 729.57"
"19,16 : 355.69"
"19,17 : 702.48"
"19,18 : 565.24"
"19,19 : 0.0"
"19,20 : 383.6"
"19,21 : 288.04"
"19,22 : 325.42"
"19,23 : 680.92"
"19,24 : 908.83"
"19,25 : 936.17"
"19,26 : 743.6"
"19,27 : 868.08"
"19,28 : 767.27"
"19,29 : 735.37"
"19,30 : 229.37"
"19,31 : 866.49"
"19,32 : 852.57"
"19,33 : 787.15"
"19,34 : 989.31"
"19,35 : 278.38"
"19,36 : 281.96"
"19,37 : 1002.4"
"19,38 : 927.63"
"19,39 : 712.58"
"19,40 : 420.48"
"19,41 : 721.04"
"19,42 : 322.83"
"19,43 : 638.0"
"19,44 : 549.66"
"19,45 : 737.03"
"19,46 : 726.97"
"19,47 : 990.16"
"19,48 : 661.2"
"19,49 : 921.23"
"20,0 : 101.18"
"20,1 : 348.17"
"20,2 : 673.75"
"20,3 : 545.41"
"20,4 : 202.04"
"20,5 : 446.18"
"20,6 : 628.2"
"20,7 : 523.21"
"20,8 : 175.55"
"20,9 : 480.22"
"20,10 : 662.37"
"20,11 : 448.31"
"20,12 : 331.8"
"20,13 : 132.38"
"20,14 : 312.82"
"20,15 : 558.2"
"20,16 : 320.98"
"20,17 : 353.73"
"20,18 : 398.85"
"20,19 : 383.6"
"20,20 : 0.0"
"20,21 : 113.07"
"20,22 : 362.61"
"20,23 : 302.28"
"20,24 : 632.78"
"20,25 : 617.29"
"20,26 : 523.7"
"20,27 : 508.52"
"20,28 : 491.46"
"20,29 : 576.0"
"20,30 : 156.54"
"20,31 : 484.1"
"20,32 : 474.72"
"20,33 : 445.12"
"20,34 : 645.61"
"20,35 : 428.08"
"20,36 : 280.86"
"20,37 : 632.16"
"20,38 : 616.56"
"20,39 : 369.85"
"20,40 : 312.24"
"20,41 : 499.98"
"20,42 : 161.93"
"20,43 : 334.46"
"20,44 : 294.11"
"20,45 : 390.58"
"20,46 : 533.41"
"20,47 : 612.05"
"20,48 : 659.88"
"20,49 : 627.3"
"21,0 : 66.29"
"21,1 : 411.53"
"21,2 : 785.45"
"21,3 : 655.48"
"21,4 : 285.63"
"21,5 : 558.73"
"21,6 : 666.74"
"21,7 : 589.79"
"21,8 : 62.48"
"21,9 : 574.44"
"21,10 : 766.17"
"21,11 : 450.19"
"21,12 : 429.41"
"21,13 : 86.31"
"21,14 : 346.22"
"21,15 : 633.22"
"21,16 : 233.48"
"21,17 : 465.98"
"21,18 : 465.73"
"21,19 : 288.04"
"21,20 : 113.07"
"21,21 : 0.0"
"21,22 : 358.81"
"21,23 : 394.29"
"21,24 : 734.9"
"21,25 : 727.01"
"21,26 : 610.79"
"21,27 : 581.64"
"21,28 : 591.68"
"21,29 : 648.25"
"21,30 : 63.25"
"21,31 : 581.68"
"21,32 : 585.03"
"21,33 : 504.98"
"21,34 : 758.21"
"21,35 : 318.44"
"21,36 : 273.54"
"21,37 : 744.23"
"21,38 : 725.07"
"21,39 : 429.41"
"21,40 : 351.81"
"21,41 : 586.76"
"21,42 : 186.96"
"21,43 : 438.02"
"21,44 : 296.58"
"21,45 : 502.76"
"21,46 : 613.76"
"21,47 : 721.82"
"21,48 : 690.03"
"21,49 : 732.89"
"22,0 : 297.62"
"22,1 : 704.07"
"22,2 : 772.12"
"22,3 : 635.63"
"22,4 : 274.87"
"22,5 : 597.65"
"22,6 : 341.84"
"22,7 : 872.41"
"22,8 : 372.7"
"22,9 : 456.37"
"22,10 : 671.86"
"22,11 : 91.68"
"22,12 : 643.57"
"22,13 : 442.72"
"22,14 : 118.68"
"22,15 : 416.68"
"22,16 : 565.44"
"22,17 : 519.55"
"22,18 : 268.0"
"22,19 : 325.42"
"22,20 : 362.61"
"22,21 : 358.81"
"22,22 : 0.0"
"22,23 : 629.48"
"22,24 : 632.94"
"22,25 : 692.15"
"22,26 : 449.04"
"22,27 : 851.58"
"22,28 : 503.56"
"22,29 : 418.72"
"22,30 : 312.84"
"22,31 : 782.18"
"22,32 : 708.86"
"22,33 : 800.83"
"22,34 : 768.85"
"22,35 : 567.06"
"22,36 : 85.45"
"22,37 : 825.7"
"22,38 : 677.06"
"22,39 : 727.23"
"22,40 : 137.57"
"22,41 : 429.24"
"22,42 : 201.6"
"22,43 : 418.24"
"22,44 : 646.13"
"22,45 : 545.48"
"22,46 : 422.14"
"22,47 : 837.1"
"22,48 : 349.66"
"22,49 : 657.08"
"23,0 : 403.06"
"23,1 : 131.86"
"23,2 : 537.64"
"23,3 : 451.59"
"23,4 : 373.98"
"23,5 : 329.26"
"23,6 : 808.56"
"23,7 : 251.64"
"23,8 : 448.83"
"23,9 : 513.85"
"23,10 : 609.14"
"23,11 : 701.88"
"23,12 : 46.23"
"23,13 : 347.3"
"23,14 : 542.79"
"23,15 : 653.09"
"23,16 : 498.7"
"23,17 : 277.56"
"23,18 : 546.03"
"23,19 : 680.92"
"23,20 : 302.28"
"23,21 : 394.29"
"23,22 : 629.48"
"23,23 : 0.0"
"23,24 : 595.02"
"23,25 : 516.5"
"23,26 : 580.39"
"23,27 : 224.66"
"23,28 : 490.28"
"23,29 : 677.23"
"23,30 : 451.6"
"23,31 : 189.11"
"23,32 : 248.16"
"23,33 : 202.92"
"23,34 : 492.06"
"23,35 : 654.55"
"23,36 : 558.77"
"23,37 : 413.27"
"23,38 : 529.29"
"23,39 : 154.74"
"23,40 : 533.13"
"23,41 : 562.32"
"23,42 : 435.91"
"23,43 : 360.07"
"23,44 : 291.23"
"23,45 : 301.16"
"23,46 : 614.07"
"23,47 : 366.28"
"23,48 : 854.28"
"23,49 : 565.01"
"24,0 : 684.63"
"24,1 : 726.82"
"24,2 : 207.06"
"24,3 : 159.21"
"24,4 : 457.09"
"24,5 : 271.18"
"24,6 : 506.02"
"24,7 : 794.79"
"24,8 : 792.97"
"24,9 : 178.23"
"24,10 : 39.4"
"24,11 : 629.08"
"24,12 : 562.43"
"24,13 : 762.49"
"24,14 : 520.6"
"24,15 : 268.9"
"24,16 : 952.99"
"24,17 : 322.19"
"24,18 : 365.82"
"24,19 : 908.83"
"24,20 : 632.78"
"24,21 : 734.9"
"24,22 : 632.94"
"24,23 : 595.02"
"24,24 : 0.0"
"24,25 : 135.21"
"24,26 : 192.9"
"24,27 : 754.2"
"24,28 : 144.22"
"24,29 : 287.04"
"24,30 : 747.64"
"24,31 : 581.95"
"24,32 : 420.53"
"24,33 : 783.49"
"24,34 : 242.85"
"24,35 : 1051.69"
"24,36 : 635.94"
"24,37 : 388.9"
"24,38 : 107.8"
"24,39 : 749.07"
"24,40 : 501.61"
"24,41 : 207.74"
"24,42 : 593.78"
"24,43 : 298.33"
"24,44 : 844.2"
"24,45 : 294.29"
"24,46 : 236.71"
"24,47 : 452.92"
"24,48 : 564.0"
"24,49 : 53.0"
"25,0 : 685.86"
"25,1 : 645.57"
"25,2 : 84.15"
"25,3 : 72.2"
"25,4 : 471.97"
"25,5 : 189.91"
"25,6 : 619.56"
"25,7 : 690.35"
"25,8 : 788.24"
"25,9 : 248.34"
"25,10 : 120.6"
"25,11 : 704.45"
"25,12 : 478.01"
"25,13 : 739.37"
"25,14 : 574.38"
"25,15 : 381.44"
"25,16 : 928.78"
"25,17 : 270.12"
"25,18 : 437.05"
"25,19 : 936.17"
"25,20 : 617.29"
"25,21 : 727.01"
"25,22 : 692.15"
"25,23 : 516.5"
"25,24 : 135.21"
"25,25 : 0.0"
"25,26 : 292.62"
"25,27 : 648.75"
"25,28 : 193.19"
"25,29 : 403.04"
"25,30 : 750.8"
"25,31 : 470.56"
"25,32 : 308.81"
"25,33 : 690.22"
"25,34 : 108.69"
"25,35 : 1045.01"
"25,36 : 678.97"
"25,37 : 254.57"
"25,38 : 27.46"
"25,39 : 665.72"
"25,40 : 555.19"
"25,41 : 299.03"
"25,42 : 613.62"
"25,43 : 298.61"
"25,44 : 788.04"
"25,45 : 234.55"
"25,46 : 342.59"
"25,47 : 321.27"
"25,48 : 677.98"
"25,49 : 82.46"
"26,0 : 552.15"
"26,1 : 707.52"
"26,2 : 376.26"
"26,3 : 267.56"
"26,4 : 325.52"
"26,5 : 318.17"
"26,6 : 327.82"
"26,7 : 814.8"
"26,8 : 662.82"
"26,9 : 70.18"
"26,10 : 232.14"
"26,11 : 437.9"
"26,12 : 560.48"
"26,13 : 655.92"
"26,14 : 343.21"
"26,15 : 93.52"
"26,16 : 840.99"
"26,17 : 312.58"
"26,18 : 181.79"
"26,19 : 743.6"
"26,20 : 523.7"
"26,21 : 610.79"
"26,22 : 449.04"
"26,23 : 580.39"
"26,24 : 192.9"
"26,25 : 292.62"
"26,26 : 0.0"
"26,27 : 778.09"
"26,28 : 118.7"
"26,29 : 118.12"
"26,30 : 610.27"
"26,31 : 628.03"
"26,32 : 482.41"
"26,33 : 782.4"
"26,34 : 395.55"
"26,35 : 916.97"
"26,36 : 463.5"
"26,37 : 513.31"
"26,38 : 269.03"
"26,39 : 732.1"
"26,40 : 325.12"
"26,41 : 24.04"
"26,42 : 445.25"
"26,43 : 222.7"
"26,44 : 779.43"
"26,45 : 304.47"
"26,46 : 50.96"
"26,47 : 560.43"
"26,48 : 386.17"
"26,49 : 230.38"
"27,0 : 605.13"
"27,1 : 173.18"
"27,2 : 642.51"
"27,3 : 597.24"
"27,4 : 598.56"
"27,5 : 484.69"
"27,6 : 1028.38"
"27,7 : 42.05"
"27,8 : 626.5"
"27,9 : 708.72"
"27,10 : 759.09"
"27,11 : 925.83"
"27,12 : 224.86"
"27,13 : 515.03"
"27,14 : 767.34"
"27,15 : 858.29"
"27,16 : 616.34"
"27,17 : 465.55"
"27,18 : 765.25"
"27,19 : 868.08"
"27,20 : 508.52"
"27,21 : 581.64"
"27,22 : 851.58"
"27,23 : 224.66"
"27,24 : 754.2"
"27,25 : 648.75"
"27,26 : 778.09"
"27,27 : 0.0"
"27,28 : 675.06"
"27,29 : 883.23"
"27,30 : 643.64"
"27,31 : 181.18"
"27,32 : 340.16"
"27,33 : 101.87"
"27,34 : 589.76"
"27,35 : 784.15"
"27,36 : 778.15"
"27,37 : 461.17"
"27,38 : 668.28"
"27,39 : 161.62"
"27,40 : 757.79"
"27,41 : 762.73"
"27,42 : 654.62"
"27,43 : 566.91"
"27,44 : 367.49"
"27,45 : 477.77"
"27,46 : 817.02"
"27,47 : 389.34"
"27,48 : 1075.7"
"27,49 : 714.29"
"28,0 : 540.58"
"28,1 : 620.93"
"28,2 : 276.68"
"28,3 : 153.58"
"28,4 : 312.88"
"28,5 : 202.24"
"28,6 : 441.25"
"28,7 : 713.31"
"28,8 : 649.25"
"28,9 : 57.31"
"28,10 : 178.75"
"28,11 : 511.68"
"28,12 : 464.69"
"28,13 : 622.34"
"28,14 : 387.49"
"28,15 : 212.01"
"28,16 : 812.33"
"28,17 : 213.46"
"28,18 : 244.09"
"28,19 : 767.27"
"28,20 : 491.46"
"28,21 : 591.68"
"28,22 : 503.56"
"28,23 : 490.28"
"28,24 : 144.22"
"28,25 : 193.19"
"28,26 : 118.7"
"28,27 : 675.06"
"28,28 : 0.0"
"28,29 : 236.8"
"28,30 : 603.46"
"28,31 : 517.4"
"28,32 : 366.99"
"28,33 : 688.55"
"28,34 : 287.09"
"28,35 : 907.86"
"28,36 : 498.41"
"28,37 : 395.83"
"28,38 : 174.87"
"28,39 : 644.66"
"28,40 : 368.26"
"28,41 : 115.74"
"28,42 : 450.18"
"28,43 : 158.62"
"28,44 : 717.63"
"28,45 : 197.29"
"28,46 : 168.62"
"28,47 : 441.74"
"28,48 : 499.14"
"28,49 : 155.21"
"29,0 : 584.85"
"29,1 : 800.1"
"29,2 : 485.08"
"29,3 : 384.25"
"29,4 : 374.2"
"29,5 : 434.61"
"29,6 : 219.0"
"29,7 : 918.52"
"29,8 : 693.54"
"29,9 : 185.42"
"29,10 : 323.68"
"29,11 : 384.37"
"29,12 : 661.76"
"29,13 : 705.06"
"29,14 : 333.92"
"29,15 : 25.5"
"29,16 : 881.7"
"29,17 : 420.32"
"29,18 : 183.15"
"29,19 : 735.37"
"29,20 : 576.0"
"29,21 : 648.25"
"29,22 : 418.72"
"29,23 : 677.23"
"29,24 : 287.04"
"29,25 : 403.04"
"29,26 : 118.12"
"29,27 : 883.23"
"29,28 : 236.8"
"29,29 : 0.0"
"29,30 : 636.3"
"29,31 : 739.7"
"29,32 : 598.0"
"29,33 : 880.15"
"29,34 : 508.84"
"29,35 : 937.92"
"29,36 : 454.49"
"29,37 : 630.95"
"29,38 : 377.79"
"29,39 : 825.12"
"29,40 : 319.29"
"29,41 : 125.1"
"29,42 : 468.06"
"29,43 : 317.68"
"29,44 : 850.62"
"29,45 : 416.56"
"29,46 : 69.2"
"29,47 : 678.54"
"29,48 : 277.09"
"29,49 : 332.8"
"30,0 : 65.07"
"30,1 : 474.21"
"30,2 : 813.62"
"30,3 : 680.33"
"30,4 : 291.11"
"30,5 : 590.81"
"30,6 : 634.74"
"30,7 : 652.48"
"30,8 : 61.19"
"30,9 : 580.5"
"30,10 : 780.75"
"30,11 : 404.46"
"30,12 : 484.68"
"30,13 : 146.18"
"30,14 : 318.35"
"30,15 : 623.35"
"30,16 : 256.97"
"30,17 : 497.58"
"30,18 : 453.23"
"30,19 : 229.37"
"30,20 : 156.54"
"30,21 : 63.25"
"30,22 : 312.84"
"30,23 : 451.6"
"30,24 : 747.64"
"30,25 : 750.8"
"30,26 : 610.27"
"30,27 : 643.64"
"30,28 : 603.46"
"30,29 : 636.3"
"30,30 : 0.0"
"30,31 : 637.27"
"30,32 : 630.67"
"30,33 : 568.02"
"30,34 : 789.73"
"30,35 : 306.86"
"30,36 : 229.4"
"30,37 : 786.13"
"30,38 : 746.68"
"30,39 : 492.38"
"30,40 : 327.01"
"30,41 : 586.28"
"30,42 : 168.27"
"30,43 : 455.56"
"30,44 : 356.53"
"30,45 : 533.82"
"30,46 : 607.96"
"30,47 : 768.16"
"30,48 : 653.65"
"30,49 : 750.02"
"31,0 : 585.23"
"31,1 : 250.89"
"31,2 : 461.41"
"31,3 : 423.2"
"31,4 : 510.73"
"31,5 : 318.32"
"31,6 : 906.16"
"31,7 : 223.22"
"31,8 : 637.39"
"31,9 : 557.85"
"31,10 : 583.82"
"31,11 : 844.65"
"31,12 : 152.59"
"31,13 : 536.35"
"31,14 : 682.14"
"31,15 : 714.27"
"31,16 : 681.19"
"31,17 : 320.89"
"31,18 : 646.33"
"31,19 : 866.49"
"31,20 : 484.1"
"31,21 : 581.68"
"31,22 : 782.18"
"31,23 : 189.11"
"31,24 : 581.95"
"31,25 : 470.56"
"31,26 : 628.03"
"31,27 : 181.18"
"31,28 : 517.4"
"31,29 : 739.7"
"31,30 : 637.27"
"31,31 : 0.0"
"31,32 : 162.23"
"31,33 : 246.98"
"31,34 : 408.59"
"31,35 : 840.76"
"31,36 : 719.9"
"31,37 : 283.85"
"31,38 : 491.27"
"31,39 : 258.65"
"31,40 : 669.14"
"31,41 : 615.6"
"31,42 : 600.97"
"31,43 : 434.2"
"31,44 : 454.01"
"31,45 : 323.63"
"31,46 : 671.32"
"31,47 : 216.54"
"31,48 : 957.71"
"31,49 : 539.36"
"32,0 : 570.13"
"32,1 : 361.45"
"32,2 : 306.37"
"32,3 : 261.45"
"32,4 : 435.01"
"32,5 : 164.76"
"32,6 : 780.53"
"32,7 : 381.9"
"32,8 : 646.21"
"32,9 : 412.93"
"32,10 : 421.63"
"32,11 : 758.08"
"32,12 : 202.43"
"32,13 : 562.3"
"32,14 : 597.88"
"32,15 : 572.54"
"32,16 : 733.6"
"32,17 : 197.99"
"32,18 : 530.16"
"32,19 : 852.57"
"32,20 : 474.72"
"32,21 : 585.03"
"32,22 : 708.86"
"32,23 : 248.16"
"32,24 : 420.53"
"32,25 : 308.81"
"32,26 : 482.41"
"32,27 : 340.16"
"32,28 : 366.99"
"32,29 : 598.0"
"32,30 : 630.67"
"32,31 : 162.23"
"32,32 : 0.0"
"32,33 : 389.01"
"32,34 : 255.65"
"32,35 : 879.22"
"32,36 : 659.93"
"32,37 : 167.03"
"32,38 : 329.12"
"32,39 : 377.49"
"32,40 : 582.12"
"32,41 : 472.9"
"32,42 : 552.58"
"32,43 : 314.75"
"32,44 : 539.33"
"32,45 : 186.53"
"32,46 : 528.83"
"32,47 : 137.64"
"32,48 : 835.02"
"32,49 : 377.22"
"33,0 : 536.19"
"33,1 : 97.06"
"33,2 : 695.33"
"33,3 : 631.83"
"33,4 : 564.38"
"33,5 : 512.61"
"33,6 : 1006.99"
"33,7 : 89.68"
"33,8 : 544.61"
"33,9 : 715.12"
"33,10 : 793.23"
"33,11 : 880.26"
"33,12 : 223.89"
"33,13 : 432.05"
"33,14 : 726.84"
"33,15 : 856.0"
"33,16 : 518.9"
"33,17 : 475.11"
"33,18 : 745.73"
"33,19 : 787.15"
"33,20 : 445.12"
"33,21 : 504.98"
"33,22 : 800.83"
"33,23 : 202.92"
"33,24 : 783.49"
"33,25 : 690.22"
"33,26 : 782.4"
"33,27 : 101.87"
"33,28 : 688.55"
"33,29 : 880.15"
"33,30 : 568.02"
"33,31 : 246.98"
"33,32 : 389.01"
"33,33 : 0.0"
"33,34 : 644.53"
"33,35 : 687.26"
"33,36 : 723.03"
"33,37 : 530.1"
"33,38 : 706.9"
"33,39 : 75.89"
"33,40 : 719.46"
"33,41 : 764.74"
"33,42 : 600.11"
"33,43 : 562.89"
"33,44 : 268.75"
"33,45 : 494.36"
"33,46 : 816.83"
"33,47 : 463.41"
"33,48 : 1050.83"
"33,49 : 748.4"
"34,0 : 724.85"
"34,1 : 613.89"
"34,2 : 53.85"
"34,3 : 135.83"
"34,4 : 527.54"
"34,5 : 199.48"
"34,6 : 723.36"
"34,7 : 631.81"
"34,8 : 820.56"
"34,9 : 344.25"
"34,10 : 222.91"
"34,11 : 789.97"
"34,12 : 448.93"
"34,13 : 758.36"
"34,14 : 650.17"
"34,15 : 486.47"
"34,16 : 943.41"
"34,17 : 292.49"
"34,18 : 525.32"
"34,19 : 989.31"
"34,20 : 645.61"
"34,21 : 758.21"
"34,22 : 768.85"
"34,23 : 492.06"
"34,24 : 242.85"
"34,25 : 108.69"
"34,26 : 395.55"
"34,27 : 589.76"
"34,28 : 287.09"
"34,29 : 508.84"
"34,30 : 789.73"
"34,31 : 408.59"
"34,32 : 255.65"
"34,33 : 644.53"
"34,34 : 0.0"
"34,35 : 1072.02"
"34,36 : 746.23"
"34,37 : 155.62"
"34,38 : 135.96"
"34,39 : 631.32"
"34,40 : 631.32"
"34,41 : 399.32"
"34,42 : 667.49"
"34,43 : 356.7"
"34,44 : 777.55"
"34,45 : 255.98"
"34,46 : 446.23"
"34,47 : 228.99"
"34,48 : 781.72"
"34,49 : 189.86"
"35,0 : 367.63"
"35,1 : 615.72"
"35,2 : 1101.58"
"35,3 : 973.28"
"35,4 : 597.03"
"35,5 : 873.07"
"35,6 : 908.14"
"35,7 : 776.62"
"35,8 : 258.79"
"35,9 : 886.92"
"35,10 : 1083.7"
"35,11 : 650.85"
"35,12 : 697.66"
"35,13 : 317.4"
"35,14 : 609.29"
"35,15 : 926.5"
"35,16 : 168.51"
"35,17 : 781.28"
"35,18 : 755.9"
"35,19 : 278.38"
"35,20 : 428.08"
"35,21 : 318.44"
"35,22 : 567.06"
"35,23 : 654.55"
"35,24 : 1051.69"
"35,25 : 1045.01"
"35,26 : 916.97"
"35,27 : 784.15"
"35,28 : 907.86"
"35,29 : 937.92"
"35,30 : 306.86"
"35,31 : 840.76"
"35,32 : 879.22"
"35,33 : 687.26"
"35,34 : 1072.02"
"35,35 : 0.0"
"35,36 : 498.69"
"35,37 : 1044.03"
"35,38 : 1043.44"
"35,39 : 623.08"
"35,40 : 621.3"
"35,41 : 893.01"
"35,42 : 472.78"
"35,43 : 756.0"
"35,44 : 418.95"
"35,45 : 818.16"
"35,46 : 913.27"
"35,47 : 1011.75"
"35,48 : 915.96"
"35,49 : 1051.05"
"36,0 : 212.2"
"36,1 : 626.01"
"36,2 : 755.35"
"36,3 : 617.16"
"36,4 : 227.2"
"36,5 : 563.87"
"36,6 : 411.76"
"36,7 : 797.1"
"36,8 : 289.98"
"36,9 : 457.76"
"36,10 : 673.73"
"36,11 : 176.65"
"36,12 : 576.51"
"36,13 : 357.27"
"36,14 : 121.79"
"36,15 : 447.89"
"36,16 : 484.41"
"36,17 : 479.31"
"36,18 : 283.65"
"36,19 : 281.96"
"36,20 : 280.86"
"36,21 : 273.54"
"36,22 : 85.45"
"36,23 : 558.77"
"36,24 : 635.94"
"36,25 : 678.97"
"36,26 : 463.5"
"36,27 : 778.15"
"36,28 : 498.41"
"36,29 : 454.49"
"36,30 : 229.4"
"36,31 : 719.9"
"36,32 : 659.93"
"36,33 : 723.03"
"36,34 : 746.23"
"36,35 : 498.69"
"36,36 : 0.0"
"36,37 : 788.0"
"36,38 : 666.85"
"36,39 : 648.63"
"36,40 : 138.81"
"36,41 : 441.48"
"36,42 : 123.57"
"36,43 : 389.79"
"36,44 : 561.14"
"36,45 : 508.84"
"36,46 : 445.15"
"36,47 : 792.36"
"36,48 : 426.16"
"36,49 : 653.62"
"37,0 : 723.61"
"37,1 : 518.35"
"37,2 : 207.59"
"37,3 : 247.82"
"37,4 : 560.98"
"37,5 : 229.08"
"37,6 : 836.19"
"37,7 : 502.7"
"37,8 : 806.16"
"37,9 : 451.58"
"37,10 : 374.3"
"37,11 : 862.02"
"37,12 : 367.11"
"37,13 : 726.68"
"37,14 : 709.14"
"37,15 : 606.78"
"37,16 : 900.27"
"37,17 : 308.71"
"37,18 : 610.26"
"37,19 : 1002.4"
"37,20 : 632.16"
"37,21 : 744.23"
"37,22 : 825.7"
"37,23 : 413.27"
"37,24 : 388.9"
"37,25 : 254.57"
"37,26 : 513.31"
"37,27 : 461.17"
"37,28 : 395.83"
"37,29 : 630.95"
"37,30 : 786.13"
"37,31 : 283.85"
"37,32 : 167.03"
"37,33 : 530.1"
"37,34 : 155.62"
"37,35 : 1044.03"
"37,36 : 788.0"
"37,37 : 0.0"
"37,38 : 281.56"
"37,39 : 531.54"
"37,40 : 691.53"
"37,41 : 511.5"
"37,42 : 691.05"
"37,43 : 409.31"
"37,44 : 704.3"
"37,45 : 280.32"
"37,46 : 563.96"
"37,47 : 76.69"
"37,48 : 893.66"
"37,49 : 336.77"
"38,0 : 681.94"
"38,1 : 659.37"
"38,2 : 107.47"
"38,3 : 78.26"
"38,4 : 464.35"
"38,5 : 200.44"
"38,6 : 595.03"
"38,7 : 709.69"
"38,8 : 785.81"
"38,9 : 228.32"
"38,10 : 95.19"
"38,11 : 686.48"
"38,12 : 492.07"
"38,13 : 740.62"
"38,14 : 559.92"
"38,15 : 356.6"
"38,16 : 930.66"
"38,17 : 274.7"
"38,18 : 418.86"
"38,19 : 927.63"
"38,20 : 616.56"
"38,21 : 725.07"
"38,22 : 677.06"
"38,23 : 529.29"
"38,24 : 107.8"
"38,25 : 27.46"
"38,26 : 269.03"
"38,27 : 668.28"
"38,28 : 174.87"
"38,29 : 377.79"
"38,30 : 746.68"
"38,31 : 491.27"
"38,32 : 329.12"
"38,33 : 706.9"
"38,34 : 135.96"
"38,35 : 1043.44"
"38,36 : 666.85"
"38,37 : 281.56"
"38,38 : 0.0"
"38,39 : 680.05"
"38,40 : 540.69"
"38,41 : 276.65"
"38,42 : 605.74"
"38,43 : 292.06"
"38,44 : 796.49"
"38,45 : 240.35"
"38,46 : 318.51"
"38,47 : 347.37"
"38,48 : 653.44"
"38,49 : 55.23"
"39,0 : 460.33"
"39,1 : 25.24"
"39,2 : 679.8"
"39,3 : 603.03"
"39,4 : 496.9"
"39,5 : 481.27"
"39,6 : 942.69"
"39,7 : 161.52"
"39,8 : 470.11"
"39,9 : 666.62"
"39,10 : 762.16"
"39,11 : 807.81"
"39,12 : 188.0"
"39,13 : 357.72"
"39,14 : 656.25"
"39,15 : 801.53"
"39,16 : 455.72"
"39,17 : 432.26"
"39,18 : 683.32"
"39,19 : 712.58"
"39,20 : 369.85"
"39,21 : 429.41"
"39,22 : 727.23"
"39,23 : 154.74"
"39,24 : 749.07"
"39,25 : 665.72"
"39,26 : 732.1"
"39,27 : 161.62"
"39,28 : 644.66"
"39,29 : 825.12"
"39,30 : 492.38"
"39,31 : 258.65"
"39,32 : 377.49"
"39,33 : 75.89"
"39,34 : 631.32"
"39,35 : 623.08"
"39,36 : 648.63"
"39,37 : 531.54"
"39,38 : 680.05"
"39,39 : 0.0"
"39,40 : 649.62"
"39,41 : 713.26"
"39,42 : 526.08"
"39,43 : 510.15"
"39,44 : 209.3"
"39,45 : 455.66"
"39,46 : 763.74"
"39,47 : 471.37"
"39,48 : 984.97"
"39,49 : 717.76"
"40,0 : 285.57"
"40,1 : 625.12"
"40,2 : 634.75"
"40,3 : 498.08"
"40,4 : 160.12"
"40,5 : 462.73"
"40,6 : 317.57"
"40,7 : 783.05"
"40,8 : 387.13"
"40,9 : 323.64"
"40,10 : 540.02"
"40,11 : 176.59"
"40,12 : 539.94"
"40,13 : 423.65"
"40,14 : 19.24"
"40,15 : 310.94"
"40,16 : 581.59"
"40,17 : 388.42"
"40,18 : 144.84"
"40,19 : 420.48"
"40,20 : 312.24"
"40,21 : 351.81"
"40,22 : 137.57"
"40,23 : 533.13"
"40,24 : 501.61"
"40,25 : 555.19"
"40,26 : 325.12"
"40,27 : 757.79"
"40,28 : 368.26"
"40,29 : 319.29"
"40,30 : 327.01"
"40,31 : 669.14"
"40,32 : 582.12"
"40,33 : 719.46"
"40,34 : 631.32"
"40,35 : 621.3"
"40,36 : 138.81"
"40,37 : 691.53"
"40,38 : 540.69"
"40,39 : 649.62"
"40,40 : 0.0"
"40,41 : 303.45"
"40,42 : 164.94"
"40,43 : 282.6"
"40,44 : 606.31"
"40,45 : 412.12"
"40,46 : 306.49"
"40,47 : 706.6"
"40,48 : 347.65"
"40,49 : 522.79"
"41,0 : 528.11"
"41,1 : 688.56"
"41,2 : 383.11"
"41,3 : 268.34"
"41,4 : 301.54"
"41,5 : 309.68"
"41,6 : 325.73"
"41,7 : 798.95"
"41,8 : 638.79"
"41,9 : 60.9"
"41,10 : 247.14"
"41,11 : 421.38"
"41,12 : 543.65"
"41,13 : 632.16"
"41,14 : 321.74"
"41,15 : 99.64"
"41,16 : 817.04"
"41,17 : 297.8"
"41,18 : 161.34"
"41,19 : 721.04"
"41,20 : 499.98"
"41,21 : 586.76"
"41,22 : 429.24"
"41,23 : 562.32"
"41,24 : 207.74"
"41,25 : 299.03"
"41,26 : 24.04"
"41,27 : 762.73"
"41,28 : 115.74"
"41,29 : 125.1"
"41,30 : 586.28"
"41,31 : 615.6"
"41,32 : 472.9"
"41,33 : 764.74"
"41,34 : 399.32"
"41,35 : 893.01"
"41,36 : 441.48"
"41,37 : 511.5"
"41,38 : 276.65"
"41,39 : 713.26"
"41,40 : 303.45"
"41,41 : 0.0"
"41,42 : 421.44"
"41,43 : 203.18"
"41,44 : 757.24"
"41,45 : 292.08"
"41,46 : 55.97"
"41,47 : 555.89"
"41,48 : 383.76"
"41,49 : 241.58"
"42,0 : 120.81"
"42,1 : 503.18"
"42,2 : 683.81"
"42,3 : 546.42"
"42,4 : 141.65"
"42,5 : 475.08"
"42,6 : 481.21"
"42,7 : 673.58"
"42,8 : 225.98"
"42,9 : 421.03"
"42,10 : 628.92"
"42,11 : 286.38"
"42,12 : 455.19"
"42,13 : 260.07"
"42,14 : 160.35"
"42,15 : 455.12"
"42,16 : 418.17"
"42,17 : 384.95"
"42,18 : 284.97"
"42,19 : 322.83"
"42,20 : 161.93"
"42,21 : 186.96"
"42,22 : 201.6"
"42,23 : 435.91"
"42,24 : 593.78"
"42,25 : 613.62"
"42,26 : 445.25"
"42,27 : 654.62"
"42,28 : 450.18"
"42,29 : 468.06"
"42,30 : 168.27"
"42,31 : 600.97"
"42,32 : 552.58"
"42,33 : 600.11"
"42,34 : 667.49"
"42,35 : 472.78"
"42,36 : 123.57"
"42,37 : 691.05"
"42,38 : 605.74"
"42,39 : 526.08"
"42,40 : 164.94"
"42,41 : 421.44"
"42,42 : 0.0"
"42,43 : 315.22"
"42,44 : 451.89"
"42,45 : 418.03"
"42,46 : 440.52"
"42,47 : 687.98"
"42,48 : 507.39"
"42,49 : 602.01"
"43,0 : 391.2"
"43,1 : 485.41"
"43,2 : 369.22"
"43,3 : 231.35"
"43,4 : 173.6"
"43,5 : 180.28"
"43,6 : 472.13"
"43,7 : 601.42"
"43,8 : 497.32"
"43,9 : 161.12"
"43,10 : 328.35"
"43,11 : 453.11"
"43,12 : 344.25"
"43,13 : 464.43"
"43,14 : 300.54"
"43,15 : 293.26"
"43,16 : 654.79"
"43,17 : 117.27"
"43,18 : 215.76"
"43,19 : 638.0"
"43,20 : 334.46"
"43,21 : 438.02"
"43,22 : 418.24"
"43,23 : 360.07"
"43,24 : 298.33"
"43,25 : 298.61"
"43,26 : 222.7"
"43,27 : 566.91"
"43,28 : 158.62"
"43,29 : 317.68"
"43,30 : 455.56"
"43,31 : 434.2"
"43,32 : 314.75"
"43,33 : 562.89"
"43,34 : 356.7"
"43,35 : 756.0"
"43,36 : 389.79"
"43,37 : 409.31"
"43,38 : 292.06"
"43,39 : 510.15"
"43,40 : 282.6"
"43,41 : 203.18"
"43,42 : 315.22"
"43,43 : 0.0"
"43,44 : 563.06"
"43,45 : 132.52"
"43,46 : 254.02"
"43,47 : 429.08"
"43,48 : 524.49"
"43,49 : 295.1"
"44,0 : 350.05"
"44,1 : 207.47"
"44,2 : 820.03"
"44,3 : 718.44"
"44,4 : 481.96"
"44,5 : 598.26"
"44,6 : 921.43"
"44,7 : 357.83"
"44,8 : 314.89"
"44,9 : 723.5"
"44,10 : 865.4"
"44,11 : 735.43"
"44,12 : 337.26"
"44,13 : 210.6"
"44,14 : 606.8"
"44,15 : 830.17"
"44,16 : 250.45"
"44,17 : 524.43"
"44,18 : 682.51"
"44,19 : 549.66"
"44,20 : 294.11"
"44,21 : 296.58"
"44,22 : 646.13"
"44,23 : 291.23"
"44,24 : 844.2"
"44,25 : 788.04"
"44,26 : 779.43"
"44,27 : 367.49"
"44,28 : 717.63"
"44,29 : 850.62"
"44,30 : 356.53"
"44,31 : 454.01"
"44,32 : 539.33"
"44,33 : 268.75"
"44,34 : 777.55"
"44,35 : 418.95"
"44,36 : 561.14"
"44,37 : 704.3"
"44,38 : 796.49"
"44,39 : 209.3"
"44,40 : 606.31"
"44,41 : 757.24"
"44,42 : 451.89"
"44,43 : 563.06"
"44,44 : 0.0"
"44,45 : 556.76"
"44,46 : 799.36"
"44,47 : 654.14"
"44,48 : 953.96"
"44,49 : 823.71"
"45,0 : 468.99"
"45,1 : 433.01"
"45,2 : 283.48"
"45,3 : 163.05"
"45,4 : 282.76"
"45,5 : 57.45"
"45,6 : 594.04"
"45,7 : 516.11"
"45,8 : 564.99"
"45,9 : 234.31"
"45,10 : 310.85"
"45,11 : 584.77"
"45,12 : 270.91"
"45,13 : 507.68"
"45,14 : 429.42"
"45,15 : 391.08"
"45,16 : 695.89"
"45,17 : 36.88"
"45,18 : 345.32"
"45,19 : 737.03"
"45,20 : 390.58"
"45,21 : 502.76"
"45,22 : 545.48"
"45,23 : 301.16"
"45,24 : 294.29"
"45,25 : 234.55"
"45,26 : 304.47"
"45,27 : 477.77"
"45,28 : 197.29"
"45,29 : 416.56"
"45,30 : 533.82"
"45,31 : 323.63"
"45,32 : 186.53"
"45,33 : 494.36"
"45,34 : 255.98"
"45,35 : 818.16"
"45,36 : 508.84"
"45,37 : 280.32"
"45,38 : 240.35"
"45,39 : 455.66"
"45,40 : 412.12"
"45,41 : 292.08"
"45,42 : 418.03"
"45,43 : 132.52"
"45,44 : 556.76"
"45,45 : 0.0"
"45,46 : 347.9"
"45,47 : 296.58"
"45,48 : 648.49"
"45,49 : 267.92"
"46,0 : 552.63"
"46,1 : 738.88"
"46,2 : 425.92"
"46,3 : 318.5"
"46,4 : 331.94"
"46,5 : 365.41"
"46,6 : 277.2"
"46,7 : 852.86"
"46,8 : 662.86"
"46,9 : 116.25"
"46,10 : 275.31"
"46,11 : 402.5"
"46,12 : 596.82"
"46,13 : 664.59"
"46,14 : 323.44"
"46,15 : 43.83"
"46,16 : 846.14"
"46,17 : 352.8"
"46,18 : 161.9"
"46,19 : 726.97"
"46,20 : 533.41"
"46,21 : 613.76"
"46,22 : 422.14"
"46,23 : 614.07"
"46,24 : 236.71"
"46,25 : 342.59"
"46,26 : 50.96"
"46,27 : 817.02"
"46,28 : 168.62"
"46,29 : 69.2"
"46,30 : 607.96"
"46,31 : 671.32"
"46,32 : 528.83"
"46,33 : 816.83"
"46,34 : 446.23"
"46,35 : 913.27"
"46,36 : 445.15"
"46,37 : 563.96"
"46,38 : 318.51"
"46,39 : 763.74"
"46,40 : 306.49"
"46,41 : 55.97"
"46,42 : 440.52"
"46,43 : 254.02"
"46,44 : 799.36"
"46,45 : 347.9"
"46,46 : 0.0"
"46,47 : 610.18"
"46,48 : 335.6"
"46,49 : 277.65"
"47,0 : 707.76"
"47,1 : 460.36"
"47,2 : 282.06"
"47,3 : 302.83"
"47,4 : 565.79"
"47,5 : 254.53"
"47,6 : 876.67"
"47,7 : 430.41"
"47,8 : 782.67"
"47,9 : 495.07"
"47,10 : 441.86"
"47,11 : 880.71"
"47,12 : 320.34"
"47,13 : 695.96"
"47,14 : 723.28"
"47,15 : 653.72"
"47,16 : 862.07"
"47,17 : 318.19"
"47,18 : 639.13"
"47,19 : 990.16"
"47,20 : 612.05"
"47,21 : 721.82"
"47,22 : 837.1"
"47,23 : 366.28"
"47,24 : 452.92"
"47,25 : 321.27"
"47,26 : 560.43"
"47,27 : 389.34"
"47,28 : 441.74"
"47,29 : 678.54"
"47,30 : 768.16"
"47,31 : 216.54"
"47,32 : 137.64"
"47,33 : 463.41"
"47,34 : 228.99"
"47,35 : 1011.75"
"47,36 : 792.36"
"47,37 : 76.69"
"47,38 : 347.37"
"47,39 : 471.37"
"47,40 : 706.6"
"47,41 : 555.89"
"47,42 : 687.98"
"47,43 : 429.08"
"47,44 : 654.14"
"47,45 : 296.58"
"47,46 : 610.18"
"47,47 : 0.0"
"47,48 : 933.2"
"47,49 : 402.08"
"48,0 : 624.37"
"48,1 : 959.93"
"48,2 : 760.91"
"48,3 : 652.1"
"48,4 : 488.52"
"48,5 : 680.17"
"48,6 : 58.42"
"48,7 : 1105.63"
"48,8 : 714.75"
"48,9 : 442.48"
"48,10 : 600.16"
"48,11 : 266.09"
"48,12 : 851.26"
"48,13 : 767.29"
"48,14 : 348.04"
