x,y
33,689
441,253
934,482
678,301
458,352
55,26
5,62
872,268
12,788
111,471
21,774
80,526
509,173
336,516
822,250
367,759
252,754
315,985
179,348
362,965
15,894
820,692
922,736
303,637
851,989
544,206
239,464
428,208
866,575
11,431
878,485
490,998
524,954
843,965
411,741
402,739
274,295
437,665
822,343
745,855
293,546
532,600
733,636
840,496
954,49
600,338
34,769
692,275
727,611
948,981

Distanze
"0,0 : 0.0"
"0,1 : 597.13"
"0,2 : 924.47"
"0,3 : 752.71"
"0,4 : 542.4"
"0,5 : 663.36"
"0,6 : 627.62"
"0,7 : 938.7"
"0,8 : 101.2"
"0,9 : 231.53"
"0,10 : 85.84"
"0,11 : 169.64"
"0,12 : 702.02"
"0,13 : 348.91"
"0,14 : 902.91"
"0,15 : 341.26"
"0,16 : 228.44"
"0,17 : 408.83"
"0,18 : 370.94"
"0,19 : 429.44"
"0,20 : 205.79"
"0,21 : 787.01"
"0,22 : 890.24"
"0,23 : 274.96"
"0,24 : 871.28"
"0,25 : 703.14"
"0,26 : 305.06"
"0,27 : 622.4"
"0,28 : 840.76"
"0,29 : 258.94"
"0,30 : 869.28"
"0,31 : 551.66"
"0,32 : 557.95"
"0,33 : 855.73"
"0,34 : 381.56"
"0,35 : 372.37"
"0,36 : 461.86"
"0,37 : 404.71"
"0,38 : 861.53"
"0,39 : 731.1"
"0,40 : 296.73"
"0,41 : 506.87"
"0,42 : 702.0"
"0,43 : 829.76"
"0,44 : 1121.54"
"0,45 : 666.85"
"0,46 : 80.01"
"0,47 : 778.25"
"0,48 : 698.37"
"0,49 : 960.46"
"1,0 : 597.13"
"1,1 : 0.0"
"1,2 : 543.59"
"1,3 : 241.81"
"1,4 : 100.45"
"1,5 : 447.8"
"1,6 : 476.0"
"1,7 : 431.26"
"1,8 : 685.76"
"1,9 : 395.5"
"1,10 : 669.21"
"1,11 : 452.6"
"1,12 : 105.0"
"1,13 : 283.19"
"1,14 : 381.01"
"1,15 : 511.38"
"1,16 : 535.46"
"1,17 : 742.77"
"1,18 : 278.69"
"1,19 : 716.37"
"1,20 : 769.65"
"1,21 : 579.97"
"1,22 : 681.65"
"1,23 : 408.04"
"1,24 : 842.49"
"1,25 : 113.22"
"1,26 : 292.1"
"1,27 : 46.84"
"1,28 : 533.21"
"1,29 : 465.39"
"1,30 : 494.77"
"1,31 : 746.61"
"1,32 : 705.9"
"1,33 : 817.65"
"1,34 : 488.92"
"1,35 : 487.56"
"1,36 : 172.2"
"1,37 : 412.02"
"1,38 : 391.49"
"1,39 : 674.4"
"1,40 : 328.26"
"1,41 : 358.73"
"1,42 : 481.61"
"1,43 : 467.17"
"1,44 : 552.07"
"1,45 : 180.29"
"1,46 : 657.19"
"1,47 : 251.96"
"1,48 : 458.21"
"1,49 : 887.15"
"2,0 : 924.47"
"2,1 : 543.59"
"2,2 : 0.0"
"2,3 : 313.52"
"2,4 : 493.43"
"2,5 : 990.24"
"2,6 : 1019.53"
"2,7 : 222.8"
"2,8 : 971.45"
"2,9 : 823.07"
"2,10 : 958.56"
"2,11 : 855.13"
"2,12 : 525.46"
"2,13 : 598.97"
"2,14 : 257.62"
"2,15 : 631.05"
"2,16 : 734.24"
"2,17 : 797.6"
"2,18 : 766.8"
"2,19 : 748.65"
"2,20 : 1007.13"
"2,21 : 238.95"
"2,22 : 254.28"
"2,23 : 649.76"
"2,24 : 513.75"
"2,25 : 477.78"
"2,26 : 695.23"
"2,27 : 575.42"
"2,28 : 115.21"
"2,29 : 924.41"
"2,30 : 56.08"
"2,31 : 680.73"
"2,32 : 625.21"
"2,33 : 491.5"
"2,34 : 583.62"
"2,35 : 590.82"
"2,36 : 685.98"
"2,37 : 529.62"
"2,38 : 178.51"
"2,39 : 418.15"
"2,40 : 644.19"
"2,41 : 418.96"
"2,42 : 253.21"
"2,43 : 95.04"
"2,44 : 433.46"
"2,45 : 363.72"
"2,46 : 944.65"
"2,47 : 318.45"
"2,48 : 243.91"
"2,49 : 499.2"
"3,0 : 752.71"
"3,1 : 241.81"
"3,2 : 313.52"
"3,3 : 0.0"
"3,4 : 225.83"
"3,5 : 680.99"
"3,6 : 714.18"
"3,7 : 196.79"
"3,8 : 825.06"
"3,9 : 591.94"
"3,10 : 809.55"
"3,11 : 638.93"
"3,12 : 212.0"
"3,13 : 403.97"
"3,14 : 152.76"
"3,15 : 553.61"
"3,16 : 621.84"
"3,17 : 774.35"
"3,18 : 501.21"
"3,19 : 735.36"
"3,20 : 889.5"
"3,21 : 415.99"
"3,22 : 498.76"
"3,23 : 503.51"
"3,24 : 709.42"
"3,25 : 164.26"
"3,26 : 468.28"
"3,27 : 266.74"
"3,28 : 332.3"
"3,29 : 679.55"
"3,30 : 271.76"
"3,31 : 721.91"
"3,32 : 670.91"
"3,33 : 684.19"
"3,34 : 514.67"
"3,35 : 517.71"
"3,36 : 404.04"
"3,37 : 436.55"
"3,38 : 150.0"
"3,39 : 558.04"
"3,40 : 456.34"
"3,41 : 332.74"
"3,42 : 339.48"
"3,43 : 253.51"
"3,44 : 373.74"
"3,45 : 86.33"
"3,46 : 796.09"
"3,47 : 29.53"
"3,48 : 313.85"
"3,49 : 731.64"
"4,0 : 542.4"
"4,1 : 100.45"
"4,2 : 493.43"
"4,3 : 225.83"
"4,4 : 0.0"
"4,5 : 518.35"
"4,6 : 537.87"
"4,7 : 422.44"
"4,8 : 623.71"
"4,9 : 366.84"
"4,10 : 607.5"
"4,11 : 416.12"
"4,12 : 186.12"
"4,13 : 204.4"
"4,14 : 378.02"
"4,15 : 417.05"
"4,16 : 451.71"
"4,17 : 648.95"
"4,18 : 279.03"
"4,19 : 620.47"
"4,20 : 700.01"
"4,21 : 496.63"
"4,22 : 602.29"
"4,23 : 324.42"
"4,24 : 748.48"
"4,25 : 169.45"
"4,26 : 245.98"
"4,27 : 147.09"
"4,28 : 464.97"
"4,29 : 453.93"
"4,30 : 440.56"
"4,31 : 646.79"
"4,32 : 605.61"
"4,33 : 723.87"
"4,34 : 391.83"
"4,35 : 391.03"
"4,36 : 192.63"
"4,37 : 313.7"
"4,38 : 364.11"
"4,39 : 579.12"
"4,40 : 254.68"
"4,41 : 258.8"
"4,42 : 395.32"
"4,43 : 408.24"
"4,44 : 581.23"
"4,45 : 142.69"
"4,46 : 594.7"
"4,47 : 246.34"
"4,48 : 373.42"
"4,49 : 797.33"
"5,0 : 663.36"
"5,1 : 447.8"
"5,2 : 990.24"
"5,3 : 680.99"
"5,4 : 518.35"
"5,5 : 0.0"
"5,6 : 61.61"
"5,7 : 852.09"
"5,8 : 763.21"
"5,9 : 448.51"
"5,10 : 748.77"
"5,11 : 500.62"
"5,12 : 477.21"
"5,13 : 564.85"
"5,14 : 799.04"
"5,15 : 796.64"
"5,16 : 754.18"
"5,17 : 993.62"
"5,18 : 345.05"
"5,19 : 987.91"
"5,20 : 868.92"
"5,21 : 1014.29"
"5,22 : 1120.62"
"5,23 : 659.41"
"5,24 : 1249.39"
"5,25 : 521.08"
"5,26 : 475.08"
"5,27 : 415.03"
"5,28 : 979.35"
"5,29 : 407.38"
"5,30 : 942.34"
"5,31 : 1064.9"
"5,32 : 1039.78"
"5,33 : 1225.83"
"5,34 : 798.72"
"5,35 : 792.96"
"5,36 : 346.87"
"5,37 : 744.48"
"5,38 : 829.93"
"5,39 : 1078.58"
"5,40 : 571.88"
"5,41 : 746.33"
"5,42 : 912.02"
"5,43 : 914.95"
"5,44 : 899.29"
"5,45 : 627.99"
"5,46 : 743.3"
"5,47 : 683.94"
"5,48 : 890.96"
"5,49 : 1307.47"
"6,0 : 627.62"
"6,1 : 476.0"
"6,2 : 1019.53"
"6,3 : 714.18"
"6,4 : 537.87"
"6,5 : 61.61"
"6,6 : 0.0"
"6,7 : 891.14"
"6,8 : 726.03"
"6,9 : 422.51"
"6,10 : 712.18"
"6,11 : 470.02"
"6,12 : 516.08"
"6,13 : 561.85"
"6,14 : 838.35"
"6,15 : 785.4"
"6,16 : 734.76"
"6,17 : 973.67"
"6,18 : 334.77"
"6,19 : 971.01"
"6,20 : 832.06"
"6,21 : 1030.11"
"6,22 : 1138.05"
"6,23 : 647.63"
"6,24 : 1255.01"
"6,25 : 557.9"
"6,26 : 465.15"
"6,27 : 447.49"
"6,28 : 1002.24"
"6,29 : 369.05"
"6,30 : 970.08"
"6,31 : 1054.19"
"6,32 : 1032.0"
"6,33 : 1231.93"
"6,34 : 791.12"
"6,35 : 784.82"
"6,36 : 355.88"
"6,37 : 741.78"
"6,38 : 863.97"
"6,39 : 1084.64"
"6,40 : 563.21"
"6,41 : 753.11"
"6,42 : 927.07"
"6,43 : 941.05"
"6,44 : 949.09"
"6,45 : 655.9"
"6,46 : 707.59"
"6,47 : 719.26"
"6,48 : 907.02"
"6,49 : 1316.74"
"7,0 : 938.7"
"7,1 : 431.26"
"7,2 : 222.8"
"7,3 : 196.79"
"7,4 : 422.44"
"7,5 : 852.09"
"7,6 : 891.14"
"7,7 : 0.0"
"7,8 : 1004.99"
"7,9 : 787.61"
"7,10 : 990.07"
"7,11 : 832.96"
"7,12 : 375.23"
"7,13 : 590.59"
"7,14 : 53.14"
"7,15 : 704.35"
"7,16 : 787.78"
"7,17 : 907.93"
"7,18 : 697.6"
"7,19 : 863.66"
"7,20 : 1061.28"
"7,21 : 427.18"
"7,22 : 470.66"
"7,23 : 678.18"
"7,24 : 721.31"
"7,25 : 333.81"
"7,26 : 662.65"
"7,27 : 448.04"
"7,28 : 307.06"
"7,29 : 876.29"
"7,30 : 217.08"
"7,31 : 823.91"
"7,32 : 769.22"
"7,33 : 697.6"
"7,34 : 660.49"
"7,35 : 665.39"
"7,36 : 598.61"
"7,37 : 588.93"
"7,38 : 90.14"
"7,39 : 600.58"
"7,40 : 642.28"
"7,41 : 475.21"
"7,42 : 393.38"
"7,43 : 230.23"
"7,44 : 233.85"
"7,45 : 280.86"
"7,46 : 976.34"
"7,47 : 180.14"
"7,48 : 372.39"
"7,49 : 717.04"
"8,0 : 101.2"
"8,1 : 685.76"
"8,2 : 971.45"
"8,3 : 825.06"
"8,4 : 623.71"
"8,5 : 763.21"
"8,6 : 726.03"
"8,7 : 1004.99"
"8,8 : 0.0"
"8,9 : 332.1"
"8,10 : 16.64"
"8,11 : 270.68"
"8,12 : 790.72"
"8,13 : 423.04"
"8,14 : 972.39"
"8,15 : 356.18"
"8,16 : 242.4"
"8,17 : 361.41"
"8,18 : 470.63"
"8,19 : 392.21"
"8,20 : 106.04"
"8,21 : 813.68"
"8,22 : 911.48"
"8,23 : 327.84"
"8,24 : 862.74"
"8,25 : 788.51"
"8,26 : 395.61"
"8,27 : 713.76"
"8,28 : 880.16"
"8,29 : 357.0"
"8,30 : 917.48"
"8,31 : 522.1"
"8,32 : 538.24"
"8,33 : 849.64"
"8,34 : 401.76"
"8,35 : 393.07"
"8,36 : 558.29"
"8,37 : 442.44"
"8,38 : 924.19"
"8,39 : 736.06"
"8,40 : 370.84"
"8,41 : 552.94"
"8,42 : 736.85"
"8,43 : 877.98"
"8,44 : 1197.28"
"8,45 : 740.44"
"8,46 : 29.07"
"8,47 : 851.8"
"8,48 : 736.58"
"8,49 : 955.69"
"9,0 : 231.53"
"9,1 : 395.5"
"9,2 : 823.07"
"9,3 : 591.94"
"9,4 : 366.84"
"9,5 : 448.51"
"9,6 : 422.51"
"9,7 : 787.61"
"9,8 : 332.1"
"9,9 : 0.0"
"9,10 : 316.08"
"9,11 : 63.13"
"9,12 : 497.2"
"9,13 : 229.46"
"9,14 : 744.55"
"9,15 : 385.33"
"9,16 : 316.18"
"9,17 : 553.0"
"9,18 : 140.55"
"9,19 : 554.11"
"9,20 : 433.76"
"9,21 : 742.65"
"9,22 : 853.2"
"9,23 : 253.81"
"9,24 : 903.29"
"9,25 : 507.66"
"9,26 : 128.19"
"9,27 : 411.9"
"9,28 : 762.13"
"9,29 : 107.7"
"9,30 : 767.13"
"9,31 : 649.13"
"9,32 : 635.5"
"9,33 : 883.1"
"9,34 : 403.61"
"9,35 : 395.61"
"9,36 : 239.89"
"9,37 : 379.36"
"9,38 : 722.43"
"9,39 : 741.22"
"9,40 : 196.85"
"9,41 : 440.32"
"9,42 : 643.51"
"9,43 : 729.43"
"9,44 : 942.73"
"9,45 : 506.76"
"9,46 : 307.79"
"9,47 : 613.17"
"9,48 : 631.71"
"9,49 : 980.14"
"10,0 : 85.84"
"10,1 : 669.21"
"10,2 : 958.56"
"10,3 : 809.55"
"10,4 : 607.5"
"10,5 : 748.77"
"10,6 : 712.18"
"10,7 : 990.07"
"10,8 : 16.64"
"10,9 : 316.08"
"10,10 : 0.0"
"10,11 : 254.92"
"10,12 : 774.17"
"10,13 : 407.17"
"10,14 : 957.17"
"10,15 : 346.32"
"10,16 : 231.86"
"10,17 : 361.88"
"10,18 : 454.36"
"10,19 : 390.85"
"10,20 : 120.15"
"10,21 : 803.2"
"10,22 : 901.8"
"10,23 : 313.52"
"10,24 : 857.39"
"10,25 : 772.11"
"10,26 : 378.98"
"10,27 : 697.14"
"10,28 : 868.12"
"10,29 : 343.15"
"10,30 : 904.42"
"10,31 : 519.75"
"10,32 : 534.24"
"10,33 : 843.9"
"10,34 : 391.39"
"10,35 : 382.6"
"10,36 : 541.71"
"10,37 : 430.04"
"10,38 : 909.59"
"10,39 : 728.52"
"10,40 : 354.92"
"10,41 : 539.81"
"10,42 : 725.25"
"10,43 : 864.9"
"10,44 : 1181.57"
"10,45 : 724.8"
"10,46 : 13.93"
"10,47 : 836.21"
"10,48 : 724.57"
"10,49 : 949.83"
"11,0 : 169.64"
"11,1 : 452.6"
"11,2 : 855.13"
"11,3 : 638.93"
"11,4 : 416.12"
"11,5 : 500.62"
"11,6 : 470.02"
"11,7 : 832.96"
"11,8 : 270.68"
"11,9 : 63.13"
"11,10 : 254.92"
"11,11 : 0.0"
"11,12 : 555.56"
"11,13 : 256.2"
"11,14 : 791.67"
"11,15 : 369.67"
"11,16 : 285.6"
"11,17 : 515.66"
"11,18 : 203.68"
"11,19 : 521.77"
"11,20 : 373.7"
"11,21 : 758.39"
"11,22 : 867.79"
"11,23 : 249.1"
"11,24 : 899.34"
"11,25 : 563.65"
"11,26 : 170.66"
"11,27 : 471.41"
"11,28 : 787.53"
"11,29 : 117.41"
"11,30 : 799.05"
"11,31 : 625.21"
"11,32 : 616.7"
"11,33 : 880.28"
"11,34 : 394.7"
"11,35 : 386.07"
"11,36 : 301.66"
"11,37 : 383.11"
"11,38 : 764.23"
"11,39 : 741.93"
"11,40 : 213.94"
"11,41 : 458.02"
"11,42 : 662.2"
"11,43 : 760.59"
"11,44 : 995.69"
"11,45 : 552.94"
"11,46 : 247.32"
"11,47 : 661.47"
"11,48 : 652.56"
"11,49 : 980.02"
"12,0 : 702.02"
"12,1 : 105.0"
"12,2 : 525.46"
"12,3 : 212.0"
"12,4 : 186.12"
"12,5 : 477.21"
"12,6 : 516.08"
"12,7 : 375.23"
"12,8 : 790.72"
"12,9 : 497.2"
"12,10 : 774.17"
"12,11 : 555.56"
"12,12 : 0.0"
"12,13 : 384.16"
"12,14 : 322.33"
"12,15 : 602.96"
"12,16 : 635.3"
"12,17 : 834.85"
"12,18 : 373.53"
"12,19 : 805.53"
"12,20 : 874.0"
"12,21 : 605.05"
"12,22 : 698.24"
"12,23 : 507.67"
"12,24 : 884.77"
"12,25 : 48.1"
"12,26 : 396.96"
"12,27 : 88.24"
"12,28 : 537.64"
"12,29 : 560.86"
"12,30 : 483.22"
"12,31 : 825.22"
"12,32 : 781.14"
"12,33 : 859.55"
"12,34 : 576.39"
"12,35 : 576.03"
"12,36 : 264.78"
"12,37 : 497.24"
"12,38 : 356.19"
"12,39 : 721.68"
"12,40 : 431.03"
"12,41 : 427.62"
"12,42 : 514.34"
"12,43 : 462.48"
"12,44 : 461.95"
"12,45 : 188.43"
"12,46 : 762.13"
"12,47 : 209.51"
"12,48 : 489.25"
"12,49 : 919.56"
"13,0 : 348.91"
"13,1 : 283.19"
"13,2 : 598.97"
"13,3 : 403.97"
"13,4 : 204.4"
"13,5 : 564.85"
"13,6 : 561.85"
"13,7 : 590.59"
"13,8 : 423.04"
"13,9 : 229.46"
"13,10 : 407.17"
"13,11 : 256.2"
"13,12 : 384.16"
"13,13 : 0.0"
"13,14 : 554.03"
"13,15 : 244.97"
"13,16 : 252.39"
"13,17 : 469.47"
"13,18 : 229.94"
"13,19 : 449.75"
"13,20 : 495.91"
"13,21 : 515.01"
"13,22 : 625.94"
"13,23 : 125.42"
"13,24 : 699.25"
"13,25 : 373.31"
"13,26 : 110.06"
"13,27 : 321.45"
"13,28 : 533.27"
"13,29 : 335.93"
"13,30 : 542.89"
"13,31 : 506.0"
"13,32 : 476.64"
"13,33 : 677.24"
"13,34 : 237.17"
"13,35 : 232.56"
"13,36 : 229.53"
"13,37 : 180.01"
"13,38 : 515.87"
"13,39 : 531.23"
"13,40 : 52.43"
"13,41 : 213.24"
"13,42 : 414.74"
"13,43 : 504.4"
"13,44 : 774.61"
"13,45 : 318.4"
"13,46 : 393.97"
"13,47 : 429.9"
"13,48 : 402.38"
"13,49 : 768.61"
"14,0 : 902.91"
"14,1 : 381.01"
"14,2 : 257.62"
"14,3 : 152.76"
"14,4 : 378.02"
"14,5 : 799.04"
"14,6 : 838.35"
"14,7 : 53.14"
"14,8 : 972.39"
"14,9 : 744.55"
"14,10 : 957.17"
"14,11 : 791.67"
"14,12 : 322.33"
"14,13 : 554.03"
"14,14 : 0.0"
"14,15 : 682.72"
"14,16 : 760.87"
"14,17 : 892.9"
"14,18 : 650.43"
"14,19 : 850.19"
"14,20 : 1032.47"
"14,21 : 442.0"
"14,22 : 496.18"
"14,23 : 647.4"
"14,24 : 739.57"
"14,25 : 281.46"
"14,26 : 621.04"
"14,27 : 396.23"
"14,28 : 327.96"
"14,29 : 830.95"
"14,30 : 241.58"
"14,31 : 818.37"
"14,32 : 764.47"
"14,33 : 715.31"
"14,34 : 640.31"
"14,35 : 644.61"
"14,36 : 549.84"
"14,37 : 566.08"
"14,38 : 93.0"
"14,39 : 609.88"
"14,40 : 606.18"
"14,41 : 454.53"
"14,42 : 396.13"
"14,43 : 246.66"
"14,44 : 240.47"
"14,45 : 238.81"
"14,46 : 943.56"
"14,47 : 132.38"
"14,48 : 373.29"
"14,49 : 741.78"
"15,0 : 341.26"
"15,1 : 511.38"
"15,2 : 631.05"
"15,3 : 553.61"
"15,4 : 417.05"
"15,5 : 796.64"
"15,6 : 785.4"
"15,7 : 704.35"
"15,8 : 356.18"
"15,9 : 385.33"
"15,10 : 346.32"
"15,11 : 369.67"
"15,12 : 602.96"
"15,13 : 244.97"
"15,14 : 682.72"
"15,15 : 0.0"
"15,16 : 115.11"
"15,17 : 231.91"
"15,18 : 451.96"
"15,19 : 206.06"
"15,20 : 377.0"
"15,21 : 457.93"
"15,22 : 555.48"
"15,23 : 137.77"
"15,24 : 535.87"
"15,25 : 580.64"
"15,26 : 321.57"
"15,27 : 554.37"
"15,28 : 531.84"
"15,29 : 484.07"
"15,30 : 579.82"
"15,31 : 268.79"
"15,32 : 250.35"
"15,33 : 518.66"
"15,34 : 47.54"
"15,35 : 40.31"
"15,36 : 473.23"
"15,37 : 117.2"
"15,38 : 616.51"
"15,39 : 390.0"
"15,40 : 225.49"
"15,41 : 229.14"
"15,42 : 386.12"
"15,43 : 541.2"
"15,44 : 921.23"
"15,45 : 481.18"
"15,46 : 333.15"
"15,47 : 582.99"
"15,48 : 389.24"
"15,49 : 621.97"
"16,0 : 228.44"
"16,1 : 535.46"
"16,2 : 734.24"
"16,3 : 621.84"
"16,4 : 451.71"
"16,5 : 754.18"
"16,6 : 734.76"
"16,7 : 787.78"
"16,8 : 242.4"
"16,9 : 316.18"
"16,10 : 231.86"
"16,11 : 285.6"
"16,12 : 635.3"
"16,13 : 252.39"
"16,14 : 760.87"
"16,15 : 115.11"
"16,16 : 0.0"
"16,17 : 239.44"
"16,18 : 412.51"
"16,19 : 237.95"
"16,20 : 275.26"
"16,21 : 571.37"
"16,22 : 670.24"
"16,23 : 127.63"
"16,24 : 643.45"
"16,25 : 620.94"
"16,26 : 290.29"
"16,27 : 573.67"
"16,28 : 639.56"
"16,29 : 403.0"
"16,30 : 681.35"
"16,31 : 340.85"
"16,32 : 337.62"
"16,33 : 627.54"
"16,34 : 159.53"
"16,35 : 150.75"
"16,36 : 459.53"
"16,37 : 205.29"
"16,38 : 702.72"
"16,39 : 503.24"
"16,40 : 212.0"
"16,41 : 319.56"
"16,42 : 495.26"
"16,43 : 642.11"
"16,44 : 994.9"
"16,45 : 542.37"
"16,46 : 218.52"
"16,47 : 650.42"
"16,48 : 496.06"
"16,49 : 732.08"
"17,0 : 408.83"
"17,1 : 742.77"
"17,2 : 797.6"
"17,3 : 774.35"
"17,4 : 648.95"
"17,5 : 993.62"
"17,6 : 973.67"
"17,7 : 907.93"
"17,8 : 361.41"
"17,9 : 553.0"
"17,10 : 361.88"
"17,11 : 515.66"
"17,12 : 834.85"
"17,13 : 469.47"
"17,14 : 892.9"
"17,15 : 231.91"
"17,16 : 239.44"
"17,17 : 0.0"
"17,18 : 651.36"
"17,19 : 51.08"
"17,20 : 313.5"
"17,21 : 583.84"
"17,22 : 656.09"
"17,23 : 348.21"
"17,24 : 536.01"
"17,25 : 811.96"
"17,26 : 526.51"
"17,27 : 785.17"
"17,28 : 686.8"
"17,29 : 631.93"
"17,30 : 752.97"
"17,31 : 175.48"
"17,32 : 211.29"
"17,33 : 528.38"
"17,34 : 262.21"
"17,35 : 260.93"
"17,36 : 691.22"
"17,37 : 342.47"
"17,38 : 818.05"
"17,39 : 449.22"
"17,40 : 439.55"
"17,41 : 441.94"
"17,42 : 544.54"
"17,43 : 717.46"
"17,44 : 1133.32"
"17,45 : 706.99"
"17,46 : 354.42"
"17,47 : 803.88"
"17,48 : 556.44"
"17,49 : 633.01"
"18,0 : 370.94"
"18,1 : 278.69"
"18,2 : 766.8"
"18,3 : 501.21"
"18,4 : 279.03"
"18,5 : 345.05"
"18,6 : 334.77"
"18,7 : 697.6"
"18,8 : 470.63"
"18,9 : 140.55"
"18,10 : 454.36"
"18,11 : 203.68"
"18,12 : 373.53"
"18,13 : 229.94"
"18,14 : 650.43"
"18,15 : 451.96"
"18,16 : 412.51"
"18,17 : 651.36"
"18,18 : 0.0"
"18,19 : 643.57"
"18,20 : 570.1"
"18,21 : 727.47"
"18,22 : 838.21"
"18,23 : 314.48"
"18,24 : 928.69"
"18,25 : 391.65"
"18,26 : 130.6"
"18,27 : 285.66"
"18,28 : 723.53"
"18,29 : 187.38"
"18,30 : 712.3"
"18,31 : 720.57"
"18,32 : 697.32"
"18,33 : 906.41"
"18,34 : 456.37"
"18,35 : 450.12"
"18,36 : 108.78"
"18,37 : 408.72"
"18,38 : 643.02"
"18,39 : 759.87"
"18,40 : 228.47"
"18,41 : 433.72"
"18,42 : 624.39"
"18,43 : 677.37"
"18,44 : 830.68"
"18,45 : 421.12"
"18,46 : 445.27"
"18,47 : 518.17"
"18,48 : 607.84"
"18,49 : 996.02"
"19,0 : 429.44"
"19,1 : 716.37"
"19,2 : 748.65"
"19,3 : 735.36"
"19,4 : 620.47"
"19,5 : 987.91"
"19,6 : 971.01"
"19,7 : 863.66"
"19,8 : 392.21"
"19,9 : 554.11"
"19,10 : 390.85"
"19,11 : 521.77"
"19,12 : 805.53"
"19,13 : 449.75"
"19,14 : 850.19"
"19,15 : 206.06"
"19,16 : 237.95"
"19,17 : 51.08"
"19,18 : 643.57"
"19,19 : 0.0"
"19,20 : 354.19"
"19,21 : 533.19"
"19,22 : 605.01"
"19,23 : 333.26"
"19,24 : 489.59"
"19,25 : 780.52"
"19,26 : 515.88"
"19,27 : 759.87"
"19,28 : 637.27"
"19,29 : 639.03"
"19,30 : 704.74"
"19,31 : 132.19"
"19,32 : 162.37"
"19,33 : 481.0"
"19,34 : 229.3"
"19,35 : 229.51"
"19,36 : 675.75"
"19,37 : 309.23"
"19,38 : 773.62"
"19,39 : 398.48"
"19,40 : 424.64"
"19,41 : 402.65"
"19,42 : 495.86"
"19,43 : 669.66"
"19,44 : 1090.65"
"19,45 : 670.65"
"19,46 : 382.1"
"19,47 : 764.85"
"19,48 : 508.47"
"19,49 : 586.22"
"20,0 : 205.79"
"20,1 : 769.65"
"20,2 : 1007.13"
"20,3 : 889.5"
"20,4 : 700.01"
"20,5 : 868.92"
"20,6 : 832.06"
"20,7 : 1061.28"
"20,8 : 106.04"
"20,9 : 433.76"
"20,10 : 120.15"
"20,11 : 373.7"
"20,12 : 874.0"
"20,13 : 495.91"
"20,14 : 1032.47"
"20,15 : 377.0"
"20,16 : 275.26"
"20,17 : 313.5"
"20,18 : 570.1"
"20,19 : 354.19"
"20,20 : 0.0"
"20,21 : 829.96"
"20,22 : 920.66"
"20,23 : 386.0"
"20,24 : 841.38"
"20,25 : 867.86"
"20,26 : 484.85"
"20,27 : 800.73"
"20,28 : 908.82"
"20,29 : 463.02"
"20,30 : 955.01"
"20,31 : 486.25"
"20,32 : 512.52"
"20,33 : 831.04"
"20,34 : 424.53"
"20,35 : 416.89"
"20,36 : 652.6"
"20,37 : 480.13"
"20,38 : 977.16"
"20,39 : 731.04"
"20,40 : 445.41"
"20,41 : 594.75"
"20,42 : 762.95"
"20,43 : 915.99"
"20,44 : 1263.23"
"20,45 : 807.07"
"20,46 : 126.44"
"20,47 : 917.33"
"20,48 : 766.18"
"20,49 : 937.05"
"21,0 : 787.01"
"21,1 : 579.97"
"21,2 : 238.95"
"21,3 : 415.99"
"21,4 : 496.63"
"21,5 : 1014.29"
"21,6 : 1030.11"
"21,7 : 427.18"
"21,8 : 813.68"
"21,9 : 742.65"
"21,10 : 803.2"
"21,11 : 758.39"
"21,12 : 605.05"
"21,13 : 515.01"
"21,14 : 442.0"
"21,15 : 457.93"
"21,16 : 571.37"
"21,17 : 583.84"
"21,18 : 727.47"
"21,19 : 533.19"
"21,20 : 829.96"
"21,21 : 0.0"
"21,22 : 111.09"
"21,23 : 519.92"
"21,24 : 298.61"
"21,25 : 558.9"
"21,26 : 624.14"
"21,27 : 622.83"
"21,28 : 125.72"
"21,29 : 850.06"
"21,30 : 214.97"
"21,31 : 450.04"
"21,32 : 395.3"
"21,33 : 273.97"
"21,34 : 411.92"
"21,35 : 420.63"
"21,36 : 675.07"
"21,37 : 383.95"
"21,38 : 349.01"
"21,39 : 179.43"
"21,40 : 546.85"
"21,41 : 302.34"
"21,42 : 103.46"
"21,43 : 197.02"
"21,44 : 656.81"
"21,45 : 416.79"
"21,46 : 789.76"
"21,47 : 436.2"
"21,48 : 123.33"
"21,49 : 316.08"
"22,0 : 890.24"
"22,1 : 681.65"
"22,2 : 254.28"
"22,3 : 498.76"
"22,4 : 602.29"
"22,5 : 1120.62"
"22,6 : 1138.05"
"22,7 : 470.66"
"22,8 : 911.48"
"22,9 : 853.2"
"22,10 : 901.8"
"22,11 : 867.79"
"22,12 : 698.24"
"22,13 : 625.94"
"22,14 : 496.18"
"22,15 : 555.48"
"22,16 : 670.24"
"22,17 : 656.09"
"22,18 : 838.21"
"22,19 : 605.01"
"22,20 : 920.66"
"22,21 : 111.09"
"22,22 : 0.0"
"22,23 : 626.87"
"22,24 : 262.77"
"22,25 : 650.99"
"22,26 : 735.17"
"22,27 : 723.06"
"22,28 : 170.46"
"22,29 : 960.7"
"22,30 : 254.83"
"22,31 : 505.24"
"22,32 : 453.79"
"22,33 : 242.24"
"22,34 : 511.02"
"22,35 : 520.01"
"22,36 : 783.83"
"22,37 : 490.17"
"22,38 : 405.52"
"22,39 : 213.28"
"22,40 : 657.07"
"22,41 : 413.03"
"22,42 : 213.82"
"22,43 : 253.62"
"22,44 : 687.74"
"22,45 : 511.95"
"22,46 : 888.61"
"22,47 : 515.19"
"22,48 : 231.62"
"22,49 : 246.38"
"23,0 : 274.96"
"23,1 : 408.04"
"23,2 : 649.76"
"23,3 : 503.51"
"23,4 : 324.42"
"23,5 : 659.41"
"23,6 : 647.63"
"23,7 : 678.18"
"23,8 : 327.84"
"23,9 : 253.81"
"23,10 : 313.52"
"23,11 : 249.1"
"23,12 : 507.67"
"23,13 : 125.42"
"23,14 : 647.4"
"23,15 : 137.77"
"23,16 : 127.63"
"23,17 : 348.21"
"23,18 : 314.48"
"23,19 : 333.26"
"23,20 : 386.0"
"23,21 : 519.92"
"23,22 : 626.87"
"23,23 : 0.0"
"23,24 : 651.31"
"23,25 : 493.8"
"23,26 : 184.46"
"23,27 : 446.84"
"23,28 : 566.4"
"23,29 : 357.35"
"23,30 : 594.75"
"23,31 : 406.56"
"23,32 : 386.43"
"23,33 : 631.81"
"23,34 : 149.93"
"23,35 : 142.14"
"23,36 : 343.23"
"23,37 : 136.89"
"23,38 : 596.49"
"23,39 : 492.84"
"23,40 : 91.55"
"23,41 : 231.97"
"23,42 : 430.0"
"23,43 : 555.2"
"23,44 : 877.24"
"23,45 : 421.44"
"23,46 : 299.64"
"23,47 : 531.38"
"23,48 : 424.8"
"23,49 : 731.0"
"24,0 : 871.28"
"24,1 : 842.49"
"24,2 : 513.75"
"24,3 : 709.42"
"24,4 : 748.48"
"24,5 : 1249.39"
"24,6 : 1255.01"
"24,7 : 721.31"
"24,8 : 862.74"
"24,9 : 903.29"
"24,10 : 857.39"
"24,11 : 899.34"
"24,12 : 884.77"
"24,13 : 699.25"
"24,14 : 739.57"
"24,15 : 535.87"
"24,16 : 643.45"
"24,17 : 536.01"
"24,18 : 928.69"
"24,19 : 489.59"
"24,20 : 841.38"
"24,21 : 298.61"
"24,22 : 262.77"
"24,23 : 651.31"
"24,24 : 0.0"
"24,25 : 841.03"
"24,26 : 806.33"
"24,27 : 888.19"
"24,28 : 414.27"
"24,29 : 1008.45"
"24,30 : 504.72"
"24,31 : 361.11"
"24,32 : 328.87"
"24,33 : 25.3"
"24,34 : 505.08"
"24,35 : 513.91"
"24,36 : 902.53"
"24,37 : 525.71"
"24,38 : 646.65"
"24,39 : 170.86"
"24,40 : 712.47"
"24,41 : 503.07"
"24,42 : 372.2"
"24,43 : 493.12"
"24,44 : 945.63"
"24,45 : 697.71"
"24,46 : 846.1"
"24,47 : 731.49"
"24,48 : 397.82"
"24,49 : 97.33"
"25,0 : 703.14"
"25,1 : 113.22"
"25,2 : 477.78"
"25,3 : 164.26"
"25,4 : 169.45"
"25,5 : 521.08"
"25,6 : 557.9"
"25,7 : 333.81"
"25,8 : 788.51"
"25,9 : 507.66"
"25,10 : 772.11"
"25,11 : 563.65"
"25,12 : 48.1"
"25,13 : 373.31"
"25,14 : 281.46"
"25,15 : 580.64"
"25,16 : 620.94"
"25,17 : 811.96"
"25,18 : 391.65"
"25,19 : 780.52"
"25,20 : 867.86"
"25,21 : 558.9"
"25,22 : 650.99"
"25,23 : 493.8"
"25,24 : 841.03"
"25,25 : 0.0"
"25,26 : 399.49"
"25,27 : 116.02"
"25,28 : 489.74"
"25,29 : 578.54"
"25,30 : 435.2"
"25,31 : 793.84"
"25,32 : 748.27"
"25,33 : 815.77"
"25,34 : 551.28"
"25,35 : 551.59"
"25,36 : 284.29"
"25,37 : 471.31"
"25,38 : 309.92"
"25,39 : 679.41"
"25,40 : 422.61"
"25,41 : 394.18"
"25,42 : 469.7"
"25,43 : 414.39"
"25,44 : 439.03"
"25,45 : 143.39"
"25,46 : 759.65"
"25,47 : 163.29"
"25,48 : 444.43"
"25,49 : 873.98"
"26,0 : 305.06"
"26,1 : 292.1"
"26,2 : 695.23"
"26,3 : 468.28"
"26,4 : 245.98"
"26,5 : 475.08"
"26,6 : 465.15"
"26,7 : 662.65"
"26,8 : 395.61"
"26,9 : 128.19"
"26,10 : 378.98"
"26,11 : 170.66"
"26,12 : 396.96"
"26,13 : 110.06"
"26,14 : 621.04"
"26,15 : 321.57"
"26,16 : 290.29"
"26,17 : 526.51"
"26,18 : 130.6"
"26,19 : 515.88"
"26,20 : 484.85"
"26,21 : 624.14"
"26,22 : 735.17"
"26,23 : 184.46"
"26,24 : 806.33"
"26,25 : 399.49"
"26,26 : 0.0"
"26,27 : 318.21"
"26,28 : 636.75"
"26,29 : 230.38"
"26,30 : 639.34"
"26,31 : 590.05"
"26,32 : 566.86"
"26,33 : 784.74"
"26,34 : 326.06"
"26,35 : 319.68"
"26,36 : 172.59"
"26,37 : 282.14"
"26,38 : 595.42"
"26,39 : 639.47"
"26,40 : 98.18"
"26,41 : 323.02"
"26,42 : 523.09"
"26,43 : 601.85"
"26,44 : 826.71"
"26,45 : 382.36"
"26,46 : 367.49"
"26,47 : 490.85"
"26,48 : 509.66"
"26,49 : 877.48"
"27,0 : 622.4"
"27,1 : 46.84"
"27,2 : 575.42"
"27,3 : 266.74"
"27,4 : 147.09"
"27,5 : 415.03"
"27,6 : 447.49"
"27,7 : 448.04"
"27,8 : 713.76"
"27,9 : 411.9"
"27,10 : 697.14"
"27,11 : 471.41"
"27,12 : 88.24"
"27,13 : 321.45"
"27,14 : 396.23"
"27,15 : 554.37"
"27,16 : 573.67"
"27,17 : 785.17"
"27,18 : 285.66"
"27,19 : 759.87"
"27,20 : 800.73"
"27,21 : 622.83"
"27,22 : 723.06"
"27,23 : 446.84"
"27,24 : 888.19"
"27,25 : 116.02"
"27,26 : 318.21"
"27,27 : 0.0"
"27,28 : 571.43"
"27,29 : 472.88"
"27,30 : 528.42"
"27,31 : 792.43"
"27,32 : 752.15"
"27,33 : 863.29"
"27,34 : 533.27"
"27,35 : 531.64"
"27,36 : 176.88"
"27,37 : 457.09"
"27,38 : 416.49"
"27,39 : 720.48"
"27,40 : 363.96"
"27,41 : 405.56"
"27,42 : 525.56"
"27,43 : 502.68"
"27,44 : 549.51"
"27,45 : 215.6"
"27,46 : 685.53"
"27,47 : 272.37"
"27,48 : 501.81"
"27,49 : 931.63"
"28,0 : 840.76"
"28,1 : 533.21"
"28,2 : 115.21"
"28,3 : 332.3"
"28,4 : 464.97"
"28,5 : 979.35"
"28,6 : 1002.24"
"28,7 : 307.06"
"28,8 : 880.16"
"28,9 : 762.13"
"28,10 : 868.12"
"28,11 : 787.53"
"28,12 : 537.64"
"28,13 : 533.27"
"28,14 : 327.96"
"28,15 : 531.84"
"28,16 : 639.56"
"28,17 : 686.8"
"28,18 : 723.53"
"28,19 : 637.27"
"28,20 : 908.82"
"28,21 : 125.72"
"28,22 : 170.46"
"28,23 : 566.4"
"28,24 : 414.27"
"28,25 : 489.74"
"28,26 : 636.75"
"28,27 : 571.43"
"28,28 : 0.0"
"28,29 : 867.04"
"28,30 : 90.8"
"28,31 : 565.95"
"28,32 : 510.49"
"28,33 : 390.68"
"28,34 : 484.34"
"28,35 : 492.13"
"28,36 : 654.88"
"28,37 : 438.34"
"28,38 : 236.14"
"28,39 : 305.03"
"28,40 : 573.73"
"28,41 : 334.93"
"28,42 : 146.32"
"28,43 : 83.17"
"28,44 : 533.31"
"28,45 : 356.27"
"28,46 : 854.32"
"28,47 : 346.81"
"28,48 : 143.59"
"28,49 : 414.2"
"29,0 : 258.94"
"29,1 : 465.39"
"29,2 : 924.41"
"29,3 : 679.55"
"29,4 : 453.93"
"29,5 : 407.38"
"29,6 : 369.05"
"29,7 : 876.29"
"29,8 : 357.0"
"29,9 : 107.7"
"29,10 : 343.15"
"29,11 : 117.41"
"29,12 : 560.86"
"29,13 : 335.93"
"29,14 : 830.95"
"29,15 : 484.07"
"29,16 : 403.0"
"29,17 : 631.93"
"29,18 : 187.38"
"29,19 : 639.03"
"29,20 : 463.02"
"29,21 : 850.06"
"29,22 : 960.7"
"29,23 : 357.35"
"29,24 : 1008.45"
"29,25 : 578.54"
"29,26 : 230.38"
"29,27 : 472.88"
"29,28 : 867.04"
"29,29 : 0.0"
"29,30 : 868.68"
"29,31 : 742.25"
"29,32 : 732.6"
"29,33 : 988.63"
"29,34 : 506.06"
"29,35 : 497.74"
"29,36 : 296.08"
"29,37 : 486.04"
"29,38 : 815.76"
"29,39 : 847.66"
"29,40 : 304.55"
"29,41 : 547.72"
"29,42 : 750.54"
"29,43 : 831.54"
"29,44 : 1017.43"
"29,45 : 596.3"
"29,46 : 338.78"
"29,47 : 698.64"
"29,48 : 738.28"
"29,49 : 1086.49"
"30,0 : 869.28"
"30,1 : 494.77"
"30,2 : 56.08"
"30,3 : 271.76"
"30,4 : 440.56"
"30,5 : 942.34"
"30,6 : 970.08"
"30,7 : 217.08"
"30,8 : 917.48"
"30,9 : 767.13"
"30,10 : 904.42"
"30,11 : 799.05"
"30,12 : 483.22"
"30,13 : 542.89"
"30,14 : 241.58"
"30,15 : 579.82"
"30,16 : 681.35"
"30,17 : 752.97"
"30,18 : 712.3"
"30,19 : 704.74"
"30,20 : 955.01"
"30,21 : 214.97"
"30,22 : 254.83"
"30,23 : 594.75"
"30,24 : 504.72"
"30,25 : 435.2"
"30,26 : 639.34"
"30,27 : 528.42"
"30,28 : 90.8"
"30,29 : 868.68"
"30,30 : 0.0"
"30,31 : 643.21"
"30,32 : 587.6"
"30,33 : 481.27"
"30,34 : 532.56"
"30,35 : 539.53"
"30,36 : 633.18"
"30,37 : 476.32"
"30,38 : 152.64"
"30,39 : 393.18"
"30,40 : 588.17"
"30,41 : 364.61"
"30,42 : 209.35"
"30,43 : 39.56"
"30,44 : 442.57"
"30,45 : 314.47"
"30,46 : 890.5"
"30,47 : 280.53"
"30,48 : 196.66"
"30,49 : 500.92"
"31,0 : 551.66"
"31,1 : 746.61"
"31,2 : 680.73"
"31,3 : 721.91"
"31,4 : 646.79"
"31,5 : 1064.9"
"31,6 : 1054.19"
"31,7 : 823.91"
"31,8 : 522.1"
"31,9 : 649.13"
"31,10 : 519.75"
"31,11 : 625.21"
"31,12 : 825.22"
"31,13 : 506.0"
"31,14 : 818.37"
"31,15 : 268.79"
"31,16 : 340.85"
"31,17 : 175.48"
"31,18 : 720.57"
"31,19 : 132.19"
"31,20 : 486.25"
"31,21 : 450.04"
"31,22 : 505.24"
"31,23 : 406.56"
"31,24 : 361.11"
"31,25 : 793.84"
"31,26 : 590.05"
"31,27 : 792.43"
"31,28 : 565.95"
"31,29 : 742.25"
"31,30 : 643.21"
"31,31 : 0.0"
"31,32 : 55.61"
"31,33 : 354.54"
"31,34 : 268.87"
"31,35 : 273.54"
"31,36 : 735.44"
"31,37 : 337.19"
"31,38 : 734.34"
"31,39 : 292.36"
"31,40 : 493.06"
"31,41 : 400.21"
"31,42 : 436.0"
"31,43 : 611.97"
"31,44 : 1056.36"
"31,45 : 669.1"
"31,46 : 510.27"
"31,47 : 750.69"
"31,48 : 453.8"
"31,49 : 458.32"
"32,0 : 557.95"
"32,1 : 705.9"
"32,2 : 625.21"
"32,3 : 670.91"
"32,4 : 605.61"
"32,5 : 1039.78"
"32,6 : 1032.0"
"32,7 : 769.22"
"32,8 : 538.24"
"32,9 : 635.5"
"32,10 : 534.24"
"32,11 : 616.7"
"32,12 : 781.14"
"32,13 : 476.64"
"32,14 : 764.47"
"32,15 : 250.35"
"32,16 : 337.62"
"32,17 : 211.29"
"32,18 : 697.32"
"32,19 : 162.37"
"32,20 : 512.52"
"32,21 : 395.3"
"32,22 : 453.79"
"32,23 : 386.43"
"32,24 : 328.87"
"32,25 : 748.27"
"32,26 : 566.86"
"32,27 : 752.15"
"32,28 : 510.49"
"32,29 : 732.6"
"32,30 : 587.6"
"32,31 : 55.61"
"32,32 : 0.0"
"32,33 : 319.19"
"32,34 : 241.12"
"32,35 : 247.2"
"32,36 : 704.83"
"32,37 : 301.81"
"32,38 : 679.8"
"32,39 : 242.16"
"32,40 : 468.85"
"32,41 : 354.09"
"32,42 : 380.53"
"32,43 : 556.44"
"32,44 : 1001.96"
"32,45 : 620.67"
"32,46 : 523.76"
"32,47 : 699.47"
"32,48 : 398.57"
"32,49 : 424.86"
"33,0 : 855.73"
"33,1 : 817.65"
"33,2 : 491.5"
"33,3 : 684.19"
"33,4 : 723.87"
"33,5 : 1225.83"
"33,6 : 1231.93"
"33,7 : 697.6"
"33,8 : 849.64"
"33,9 : 883.1"
"33,10 : 843.9"
"33,11 : 880.28"
"33,12 : 859.55"
"33,13 : 677.24"
"33,14 : 715.31"
"33,15 : 518.66"
"33,16 : 627.54"
"33,17 : 528.38"
"33,18 : 906.41"
"33,19 : 481.0"
"33,20 : 831.04"
"33,21 : 273.97"
"33,22 : 242.24"
"33,23 : 631.81"
"33,24 : 25.3"
"33,25 : 815.77"
"33,26 : 784.74"
"33,27 : 863.29"
"33,28 : 390.68"
"33,29 : 988.63"
"33,30 : 481.27"
"33,31 : 354.54"
"33,32 : 319.19"
"33,33 : 0.0"
"33,34 : 486.62"
"33,35 : 495.54"
"33,36 : 879.01"
"33,37 : 504.81"
"33,38 : 622.35"
"33,39 : 147.32"
"33,40 : 691.42"
"33,41 : 479.53"
"33,42 : 346.9"
"33,43 : 469.01"
"33,44 : 922.7"
"33,45 : 672.44"
"33,46 : 832.4"
"33,47 : 706.33"
"33,48 : 372.52"
"33,49 : 106.21"
"34,0 : 381.56"
"34,1 : 488.92"
"34,2 : 583.62"
"34,3 : 514.67"
"34,4 : 391.83"
"34,5 : 798.72"
"34,6 : 791.12"
"34,7 : 660.49"
"34,8 : 401.76"
"34,9 : 403.61"
"34,10 : 391.39"
"34,11 : 394.7"
"34,12 : 576.39"
"34,13 : 237.17"
"34,14 : 640.31"
"34,15 : 47.54"
"34,16 : 159.53"
"34,17 : 262.21"
"34,18 : 456.37"
"34,19 : 229.3"
"34,20 : 424.53"
"34,21 : 411.92"
"34,22 : 511.02"
"34,23 : 149.93"
"34,24 : 505.08"
"34,25 : 551.28"
"34,26 : 326.06"
"34,27 : 533.27"
"34,28 : 484.34"
"34,29 : 506.06"
"34,30 : 532.56"
"34,31 : 268.87"
"34,32 : 241.12"
"34,33 : 486.62"
"34,34 : 0.0"
"34,35 : 9.22"
"34,36 : 466.57"
"34,37 : 80.32"
"34,38 : 572.12"
"34,39 : 352.92"
"34,40 : 227.92"
"34,41 : 185.8"
"34,42 : 338.69"
"34,43 : 494.03"
"34,44 : 879.61"
"34,45 : 445.12"
"34,46 : 378.04"
"34,47 : 544.17"
"34,48 : 341.7"
"34,49 : 588.19"
"35,0 : 372.37"
"35,1 : 487.56"
"35,2 : 590.82"
"35,3 : 517.71"
"35,4 : 391.03"
"35,5 : 792.96"
"35,6 : 784.82"
"35,7 : 665.39"
"35,8 : 393.07"
"35,9 : 395.61"
"35,10 : 382.6"
"35,11 : 386.07"
"35,12 : 576.03"
"35,13 : 232.56"
"35,14 : 644.61"
"35,15 : 40.31"
"35,16 : 150.75"
"35,17 : 260.93"
"35,18 : 450.12"
"35,19 : 229.51"
"35,20 : 416.89"
"35,21 : 420.63"
"35,22 : 520.01"
"35,23 : 142.14"
"35,24 : 513.91"
"35,25 : 551.59"
"35,26 : 319.68"
"35,27 : 531.64"
"35,28 : 492.13"
"35,29 : 497.74"
"35,30 : 539.53"
"35,31 : 273.54"
"35,32 : 247.2"
"35,33 : 495.54"
"35,34 : 9.22"
"35,35 : 0.0"
"35,36 : 462.08"
"35,37 : 81.86"
"35,38 : 577.25"
"35,39 : 362.08"
"35,40 : 221.65"
"35,41 : 190.32"
"35,42 : 346.66"
"35,43 : 500.89"
"35,44 : 883.63"
"35,45 : 447.22"
"35,46 : 369.22"
"35,47 : 547.17"
"35,48 : 349.3"
"35,49 : 597.23"
"36,0 : 461.86"
"36,1 : 172.2"
"36,2 : 685.98"
"36,3 : 404.04"
"36,4 : 192.63"
"36,5 : 346.87"
"36,6 : 355.88"
"36,7 : 598.61"
"36,8 : 558.29"
"36,9 : 239.89"
"36,10 : 541.71"
"36,11 : 301.66"
"36,12 : 264.78"
"36,13 : 229.53"
"36,14 : 549.84"
"36,15 : 473.23"
"36,16 : 459.53"
"36,17 : 691.22"
"36,18 : 108.78"
"36,19 : 675.75"
"36,20 : 652.6"
"36,21 : 675.07"
"36,22 : 783.83"
"36,23 : 343.23"
"36,24 : 902.53"
"36,25 : 284.29"
"36,26 : 172.59"
"36,27 : 176.88"
"36,28 : 654.88"
"36,29 : 296.08"
"36,30 : 633.18"
"36,31 : 735.44"
"36,32 : 704.83"
"36,33 : 879.01"
"36,34 : 466.57"
"36,35 : 462.08"
"36,36 : 0.0"
"36,37 : 404.31"
"36,38 : 550.1"
"36,39 : 731.74"
"36,40 : 251.72"
"36,41 : 399.49"
"36,42 : 571.81"
"36,43 : 600.63"
"36,44 : 723.13"
"36,45 : 328.82"
"36,46 : 531.3"
"36,47 : 418.48"
"36,48 : 552.33"
"36,49 : 961.7"
"37,0 : 404.71"
"37,1 : 412.02"
"37,2 : 529.62"
"37,3 : 436.55"
"37,4 : 313.7"
"37,5 : 744.48"
"37,6 : 741.78"
"37,7 : 588.93"
"37,8 : 442.44"
"37,9 : 379.36"
"37,10 : 430.04"
"37,11 : 383.11"
"37,12 : 497.24"
"37,13 : 180.01"
"37,14 : 566.08"
"37,15 : 117.2"
"37,16 : 205.29"
"37,17 : 342.47"
"37,18 : 408.72"
"37,19 : 309.23"
"37,20 : 480.13"
"37,21 : 383.95"
"37,22 : 490.17"
"37,23 : 136.89"
"37,24 : 525.71"
"37,25 : 471.31"
"37,26 : 282.14"
"37,27 : 457.09"
"37,28 : 438.34"
"37,29 : 486.04"
"37,30 : 476.32"
"37,31 : 337.19"
"37,32 : 301.81"
"37,33 : 504.81"
"37,34 : 80.32"
"37,35 : 81.86"
"37,36 : 404.31"
"37,37 : 0.0"
"37,38 : 501.91"
"37,39 : 361.89"
"37,40 : 186.81"
"37,41 : 115.11"
"37,42 : 297.42"
"37,43 : 437.0"
"37,44 : 804.2"
"37,45 : 365.37"
"37,46 : 416.2"
"37,47 : 465.97"
"37,48 : 294.98"
"37,49 : 600.81"
"38,0 : 861.53"
"38,1 : 391.49"
"38,2 : 178.51"
"38,3 : 150.0"
"38,4 : 364.11"
"38,5 : 829.93"
"38,6 : 863.97"
"38,7 : 90.14"
"38,8 : 924.19"
"38,9 : 722.43"
"38,10 : 909.59"
"38,11 : 764.23"
"38,12 : 356.19"
"38,13 : 515.87"
"38,14 : 93.0"
"38,15 : 616.51"
"38,16 : 702.72"
"38,17 : 818.05"
"38,18 : 643.02"
"38,19 : 773.62"
"38,20 : 977.16"
"38,21 : 349.01"
"38,22 : 405.52"
"38,23 : 596.49"
"38,24 : 646.65"
"38,25 : 309.92"
"38,26 : 595.42"
"38,27 : 416.49"
"38,28 : 236.14"
"38,29 : 815.76"
"38,30 : 152.64"
"38,31 : 734.34"
"38,32 : 679.8"
"38,33 : 622.35"
"38,34 : 572.12"
"38,35 : 577.25"
"38,36 : 550.1"
"38,37 : 501.91"
"38,38 : 0.0"
"38,39 : 517.76"
"38,40 : 566.61"
"38,41 : 387.49"
"38,42 : 306.22"
"38,43 : 154.06"
"38,44 : 322.27"
"38,45 : 222.06"
"38,46 : 895.78"
"38,47 : 146.71"
"38,48 : 284.34"
"38,49 : 650.32"
"39,0 : 731.1"
"39,1 : 674.4"
"39,2 : 418.15"
"39,3 : 558.04"
"39,4 : 579.12"
"39,5 : 1078.58"
"39,6 : 1084.64"
"39,7 : 600.58"
"39,8 : 736.06"
"39,9 : 741.22"
"39,10 : 728.52"
"39,11 : 741.93"
"39,12 : 721.68"
"39,13 : 531.23"
"39,14 : 609.88"
"39,15 : 390.0"
"39,16 : 503.24"
"39,17 : 449.22"
"39,18 : 759.87"
"39,19 : 398.48"
"39,20 : 731.04"
"39,21 : 179.43"
"39,22 : 213.28"
"39,23 : 492.84"
"39,24 : 170.86"
"39,25 : 679.41"
"39,26 : 639.47"
"39,27 : 720.48"
"39,28 : 305.03"
"39,29 : 847.66"
"39,30 : 393.18"
"39,31 : 292.36"
"39,32 : 242.16"
"39,33 : 147.32"
"39,34 : 352.92"
"39,35 : 362.08"
"39,36 : 731.74"
"39,37 : 361.89"
"39,38 : 517.76"
"39,39 : 0.0"
"39,40 : 547.53"
"39,41 : 332.26"
"39,42 : 219.33"
"39,43 : 371.36"
"39,44 : 832.66"
"39,45 : 536.95"
"39,46 : 716.18"
"39,47 : 582.42"
"39,48 : 244.66"
"39,49 : 238.92"
"40,0 : 296.73"
"40,1 : 328.26"
"40,2 : 644.19"
"40,3 : 456.34"
"40,4 : 254.68"
"40,5 : 571.88"
"40,6 : 563.21"
"40,7 : 642.28"
"40,8 : 370.84"
"40,9 : 196.85"
"40,10 : 354.92"
"40,11 : 213.94"
"40,12 : 431.03"
"40,13 : 52.43"
"40,14 : 606.18"
"40,15 : 225.49"
"40,16 : 212.0"
"40,17 : 439.55"
"40,18 : 228.47"
"40,19 : 424.64"
"40,20 : 445.41"
"40,21 : 546.85"
"40,22 : 657.07"
"40,23 : 91.55"
"40,24 : 712.47"
"40,25 : 422.61"
"40,26 : 98.18"
"40,27 : 363.96"
"40,28 : 573.73"
"40,29 : 304.55"
"40,30 : 588.17"
"40,31 : 493.06"
"40,32 : 468.85"
"40,33 : 691.42"
"40,34 : 227.92"
"40,35 : 221.65"
"40,36 : 251.72"
"40,37 : 186.81"
"40,38 : 566.61"
"40,39 : 547.53"
"40,40 : 0.0"
"40,41 : 245.02"
"40,42 : 449.11"
"40,43 : 549.28"
"40,44 : 827.0"
"40,45 : 370.83"
"40,46 : 341.77"
"40,47 : 482.33"
"40,48 : 438.84"
"40,49 : 786.29"
"41,0 : 506.87"
"41,1 : 358.73"
"41,2 : 418.96"
"41,3 : 332.74"
"41,4 : 258.8"
"41,5 : 746.33"
"41,6 : 753.11"
"41,7 : 475.21"
"41,8 : 552.94"
"41,9 : 440.32"
"41,10 : 539.81"
"41,11 : 458.02"
"41,12 : 427.62"
"41,13 : 213.24"
"41,14 : 454.53"
"41,15 : 229.14"
"41,16 : 319.56"
"41,17 : 441.94"
"41,18 : 433.72"
"41,19 : 402.65"
"41,20 : 594.75"
"41,21 : 302.34"
"41,22 : 413.03"
"41,23 : 231.97"
"41,24 : 503.07"
"41,25 : 394.18"
"41,26 : 323.02"
"41,27 : 405.56"
"41,28 : 334.93"
"41,29 : 547.72"
"41,30 : 364.61"
"41,31 : 400.21"
"41,32 : 354.09"
"41,33 : 479.53"
"41,34 : 185.8"
"41,35 : 190.32"
"41,36 : 399.49"
"41,37 : 115.11"
"41,38 : 387.49"
"41,39 : 332.26"
"41,40 : 245.02"
"41,41 : 0.0"
"41,42 : 204.2"
"41,43 : 325.08"
"41,44 : 694.04"
"41,45 : 270.68"
"41,46 : 525.89"
"41,47 : 362.25"
"41,48 : 195.31"
"41,49 : 564.11"
"42,0 : 702.0"
"42,1 : 481.61"
"42,2 : 253.21"
"42,3 : 339.48"
"42,4 : 395.32"
"42,5 : 912.02"
"42,6 : 927.07"
"42,7 : 393.38"
"42,8 : 736.85"
"42,9 : 643.51"
"42,10 : 725.25"
"42,11 : 662.2"
"42,12 : 514.34"
"42,13 : 414.74"
"42,14 : 396.13"
"42,15 : 386.12"
"42,16 : 495.26"
"42,17 : 544.54"
"42,18 : 624.39"
"42,19 : 495.86"
"42,20 : 762.95"
"42,21 : 103.46"
"42,22 : 213.82"
"42,23 : 430.0"
"42,24 : 372.2"
"42,25 : 469.7"
"42,26 : 523.09"
"42,27 : 525.56"
"42,28 : 146.32"
"42,29 : 750.54"
"42,30 : 209.35"
"42,31 : 436.0"
"42,32 : 380.53"
"42,33 : 346.9"
"42,34 : 338.69"
"42,35 : 346.66"
"42,36 : 571.81"
"42,37 : 297.42"
"42,38 : 306.22"
"42,39 : 219.33"
"42,40 : 449.11"
"42,41 : 204.2"
"42,42 : 0.0"
"42,43 : 176.21"
"42,44 : 627.22"
"42,45 : 326.33"
"42,46 : 711.54"
"42,47 : 363.32"
"42,48 : 25.71"
"42,49 : 406.51"
"43,0 : 829.76"
"43,1 : 467.17"
"43,2 : 95.04"
"43,3 : 253.51"
"43,4 : 408.24"
"43,5 : 914.95"
"43,6 : 941.05"
"43,7 : 230.23"
"43,8 : 877.98"
"43,9 : 729.43"
"43,10 : 864.9"
"43,11 : 760.59"
"43,12 : 462.48"
"43,13 : 504.4"
"43,14 : 246.66"
"43,15 : 541.2"
"43,16 : 642.11"
"43,17 : 717.46"
"43,18 : 677.37"
"43,19 : 669.66"
"43,20 : 915.99"
"43,21 : 197.02"
"43,22 : 253.62"
"43,23 : 555.2"
"43,24 : 493.12"
"43,25 : 414.39"
"43,26 : 601.85"
"43,27 : 502.68"
"43,28 : 83.17"
"43,29 : 831.54"
"43,30 : 39.56"
"43,31 : 611.97"
"43,32 : 556.44"
"43,33 : 469.01"
"43,34 : 494.03"
"43,35 : 500.89"
"43,36 : 600.63"
"43,37 : 437.0"
"43,38 : 154.06"
"43,39 : 371.36"
"43,40 : 549.28"
"43,41 : 325.08"
"43,42 : 176.21"
"43,43 : 0.0"
"43,44 : 461.31"
"43,45 : 287.34"
"43,46 : 850.98"
"43,47 : 265.98"
"43,48 : 161.23"
"43,49 : 496.88"
"44,0 : 1121.54"
"44,1 : 552.07"
"44,2 : 433.46"
"44,3 : 373.74"
"44,4 : 581.23"
"44,5 : 899.29"
"44,6 : 949.09"
"44,7 : 233.85"
"44,8 : 1197.28"
"44,9 : 942.73"
"44,10 : 1181.57"
"44,11 : 995.69"
"44,12 : 461.95"
"44,13 : 774.61"
"44,14 : 240.47"
"44,15 : 921.23"
"44,16 : 994.9"
"44,17 : 1133.32"
"44,18 : 830.68"
"44,19 : 1090.65"
"44,20 : 1263.23"
"44,21 : 656.81"
"44,22 : 687.74"
"44,23 : 877.24"
"44,24 : 945.63"
"44,25 : 439.03"
"44,26 : 826.71"
"44,27 : 549.51"
"44,28 : 533.31"
"44,29 : 1017.43"
"44,30 : 442.57"
"44,31 : 1056.36"
"44,32 : 1001.96"
"44,33 : 922.7"
"44,34 : 879.61"
"44,35 : 883.63"
"44,36 : 723.13"
"44,37 : 804.2"
"44,38 : 322.27"
"44,39 : 832.66"
"44,40 : 827.0"
"44,41 : 694.04"
"44,42 : 627.22"
"44,43 : 461.31"
"44,44 : 0.0"
"44,45 : 456.99"
"44,46 : 1168.25"
"44,47 : 346.01"
"44,48 : 606.11"
"44,49 : 932.02"
"45,0 : 666.85"
"45,1 : 180.29"
"45,2 : 363.72"
"45,3 : 86.33"
"45,4 : 142.69"
"45,5 : 627.99"
"45,6 : 655.9"
"45,7 : 280.86"
"45,8 : 740.44"
"45,9 : 506.76"
"45,10 : 724.8"
"45,11 : 552.94"
"45,12 : 188.43"
"45,13 : 318.4"
"45,14 : 238.81"
"45,15 : 481.18"
"45,16 : 542.37"
"45,17 : 706.99"
"45,18 : 421.12"
"45,19 : 670.65"
"45,20 : 807.07"
"45,21 : 416.79"
"45,22 : 511.95"
"45,23 : 421.44"
"45,24 : 697.71"
"45,25 : 143.39"
"45,26 : 382.36"
"45,27 : 215.6"
"45,28 : 356.27"
"45,29 : 596.3"
"45,30 : 314.47"
"45,31 : 669.1"
"45,32 : 620.67"
"45,33 : 672.44"
"45,34 : 445.12"
"45,35 : 447.22"
"45,36 : 328.82"
"45,37 : 365.37"
"45,38 : 222.06"
"45,39 : 536.95"
"45,40 : 370.83"
"45,41 : 270.68"
"45,42 : 326.33"
"45,43 : 287.34"
"45,44 : 456.99"
"45,45 : 0.0"
"45,46 : 711.42"
"45,47 : 111.5"
"45,48 : 301.09"
"45,49 : 731.13"
"46,0 : 80.01"
"46,1 : 657.19"
"46,2 : 944.65"
"46,3 : 796.09"
"46,4 : 594.7"
"46,5 : 743.3"
"46,6 : 707.59"
"46,7 : 976.34"
"46,8 : 29.07"
"46,9 : 307.79"
"46,10 : 13.93"
"46,11 : 247.32"
"46,12 : 762.13"
"46,13 : 393.97"
"46,14 : 943.56"
"46,15 : 333.15"
"46,16 : 218.52"
"46,17 : 354.42"
"46,18 : 445.27"
"46,19 : 382.1"
"46,20 : 126.44"
"46,21 : 789.76"
"46,22 : 888.61"
"46,23 : 299.64"
"46,24 : 846.1"
"46,25 : 759.65"
"46,26 : 367.49"
"46,27 : 685.53"
"46,28 : 854.32"
"46,29 : 338.78"
"46,30 : 890.5"
"46,31 : 510.27"
"46,32 : 523.76"
"46,33 : 832.4"
"46,34 : 378.04"
"46,35 : 369.22"
"46,36 : 531.3"
"46,37 : 416.2"
"46,38 : 895.78"
"46,39 : 716.18"
"46,40 : 341.77"
"46,41 : 525.89"
"46,42 : 711.54"
"46,43 : 850.98"
"46,44 : 1168.25"
"46,45 : 711.42"
"46,46 : 0.0"
"46,47 : 822.8"
"46,48 : 710.78"
"46,49 : 938.26"
"47,0 : 778.25"
"47,1 : 251.96"
"47,2 : 318.45"
"47,3 : 29.53"
"47,4 : 246.34"
"47,5 : 683.94"
"47,6 : 719.26"
"47,7 : 180.14"
"47,8 : 851.8"
"47,9 : 613.17"
"47,10 : 836.21"
"47,11 : 661.47"
"47,12 : 209.51"
"47,13 : 429.9"
"47,14 : 132.38"
"47,15 : 582.99"
"47,16 : 650.42"
"47,17 : 803.88"
"47,18 : 518.17"
"47,19 : 764.85"
"47,20 : 917.33"
"47,21 : 436.2"
"47,22 : 515.19"
"47,23 : 531.38"
"47,24 : 731.49"
"47,25 : 163.29"
"47,26 : 490.85"
"47,27 : 272.37"
"47,28 : 346.81"
"47,29 : 698.64"
"47,30 : 280.53"
"47,31 : 750.69"
"47,32 : 699.47"
"47,33 : 706.33"
"47,34 : 544.17"
"47,35 : 547.17"
"47,36 : 418.48"
"47,37 : 465.97"
"47,38 : 146.71"
"47,39 : 582.42"
"47,40 : 482.33"
"47,41 : 362.25"
"47,42 : 363.32"
"47,43 : 265.98"
"47,44 : 346.01"
"47,45 : 111.5"
"47,46 : 822.8"
"47,47 : 0.0"
"47,48 : 337.82"
"47,49 : 750.98"
"48,0 : 698.37"
"48,1 : 458.21"
"48,2 : 243.91"
"48,3 : 313.85"
"48,4 : 373.42"
"48,5 : 890.96"
"48,6 : 907.02"
"48,7 : 372.39"
"48,8 : 736.58"
"48,9 : 631.71"
"48,10 : 724.57"
