x,y
358,824
172,786
883,104
103,212
990,685
87,569
216,30
94,495
749,426
708,379
564,777
48,907
668,816
45,457
767,812
424,234
761,791
197,28
34,783
281,538
959,427
118,522
655,313
204,464
760,653
891,320
522,303
142,816
356,412
106,589
870,243
312,262
669,609
449,477
544,945
781,994
852,527
401,2
250,362
144,490
617,195
869,516
805,790
174,363
95,531
711,911
267,141
859,442
733,290
76,406

Distanze
"0,0 : 0.0"
"0,1 : 648.52"
"0,2 : 558.76"
"0,3 : 559.65"
"0,4 : 465.3"
"0,5 : 220.34"
"0,6 : 829.4"
"0,7 : 473.4"
"0,8 : 540.73"
"0,9 : 766.27"
"0,10 : 465.24"
"0,11 : 738.72"
"0,12 : 542.12"
"0,13 : 346.08"
"0,14 : 511.1"
"0,15 : 607.68"
"0,16 : 995.14"
"0,17 : 823.34"
"0,18 : 140.04"
"0,19 : 710.32"
"0,20 : 520.83"
"0,21 : 949.32"
"0,22 : 586.54"
"0,23 : 595.95"
"0,24 : 911.28"
"0,25 : 632.89"
"0,26 : 305.28"
"0,27 : 625.45"
"0,28 : 1080.85"
"0,29 : 1036.12"
"0,30 : 251.25"
"0,31 : 1148.11"
"0,32 : 798.39"
"0,33 : 856.88"
"0,34 : 241.27"
"0,35 : 232.4"
"0,36 : 469.71"
"0,37 : 535.56"
"0,38 : 284.42"
"0,39 : 418.1"
"0,40 : 745.46"
"0,41 : 592.77"
"0,42 : 473.43"
"0,43 : 790.64"
"0,44 : 570.38"
"0,45 : 305.04"
"0,46 : 392.59"
"0,47 : 720.73"
"0,48 : 752.08"
"0,49 : 683.93"
"1,0 : 648.52"
"1,1 : 0.0"
"1,2 : 95.8"
"1,3 : 395.79"
"1,4 : 316.8"
"1,5 : 851.77"
"1,6 : 341.02"
"1,7 : 176.71"
"1,8 : 321.81"
"1,9 : 549.44"
"1,10 : 576.06"
"1,11 : 96.32"
"1,12 : 269.0"
"1,13 : 368.9"
"1,14 : 190.26"
"1,15 : 41.73"
"1,16 : 462.24"
"1,17 : 869.4"
"1,18 : 608.55"
"1,19 : 810.24"
"1,20 : 142.04"
"1,21 : 605.09"
"1,22 : 83.29"
"1,23 : 668.25"
"1,24 : 318.21"
"1,25 : 740.03"
"1,26 : 345.96"
"1,27 : 706.47"
"1,28 : 538.35"
"1,29 : 547.93"
"1,30 : 681.4"
"1,31 : 577.72"
"1,32 : 289.35"
"1,33 : 612.84"
"1,34 : 446.37"
"1,35 : 430.25"
"1,36 : 282.85"
"1,37 : 484.86"
"1,38 : 584.51"
"1,39 : 232.65"
"1,40 : 440.48"
"1,41 : 231.84"
"1,42 : 262.92"
"1,43 : 243.98"
"1,44 : 665.6"
"1,45 : 437.69"
"1,46 : 335.88"
"1,47 : 539.17"
"1,48 : 437.22"
"1,49 : 204.96"
"2,0 : 558.76"
"2,1 : 95.8"
"2,2 : 0.0"
"2,3 : 328.4"
"2,4 : 283.21"
"2,5 : 766.39"
"2,6 : 408.03"
"2,7 : 99.18"
"2,8 : 311.42"
"2,9 : 570.67"
"2,10 : 539.49"
"2,11 : 180.01"
"2,12 : 200.0"
"2,13 : 273.62"
"2,14 : 158.93"
"2,15 : 54.71"
"2,16 : 543.79"
"2,17 : 862.44"
"2,18 : 528.92"
"2,19 : 792.38"
"2,20 : 47.01"
"2,21 : 654.6"
"2,22 : 87.93"
"2,23 : 646.29"
"2,24 : 408.27"
"2,25 : 717.33"
"2,26 : 254.06"
"2,27 : 685.77"
"2,28 : 623.08"
"2,29 : 623.1"
"2,30 : 611.74"
"2,31 : 667.36"
"2,32 : 358.2"
"2,33 : 643.47"
"2,34 : 351.01"
"2,35 : 348.17"
"2,36 : 196.74"
"2,37 : 465.96"
"2,38 : 521.1"
"2,39 : 151.63"
"2,40 : 471.37"
"2,41 : 180.56"
"2,42 : 175.92"
"2,43 : 320.06"
"2,44 : 639.77"
"2,45 : 342.34"
"2,46 : 242.33"
"2,47 : 552.52"
"2,48 : 408.45"
"2,49 : 254.24"
"3,0 : 559.65"
"3,1 : 395.79"
"3,2 : 328.4"
"3,3 : 0.0"
"3,4 : 553.07"
"3,5 : 777.02"
"3,6 : 733.45"
"3,7 : 360.7"
"3,8 : 607.6"
"3,9 : 884.47"
"3,10 : 769.89"
"3,11 : 421.68"
"3,12 : 128.65"
"3,13 : 231.28"
"3,14 : 458.53"
"3,15 : 368.97"
"3,16 : 857.06"
"3,17 : 1133.76"
"3,18 : 610.44"
"3,19 : 1046.28"
"3,20 : 292.96"
"3,21 : 982.4"
"3,22 : 416.25"
"3,23 : 899.2"
"3,24 : 705.84"
"3,25 : 965.0"
"3,26 : 340.42"
"3,27 : 938.97"
"3,28 : 930.66"
"3,29 : 943.67"
"3,30 : 730.26"
"3,31 : 962.14"
"3,32 : 682.5"
"3,33 : 963.1"
"3,34 : 325.58"
"3,35 : 461.08"
"3,36 : 157.11"
"3,37 : 736.6"
"3,38 : 677.11"
"3,39 : 366.23"
"3,40 : 793.49"
"3,41 : 167.86"
"3,42 : 174.5"
"3,43 : 639.46"
"3,44 : 885.43"
"3,45 : 254.95"
"3,46 : 195.53"
"3,47 : 859.72"
"3,48 : 193.66"
"3,49 : 582.58"
"4,0 : 465.3"
"4,1 : 316.8"
"4,2 : 283.21"
"4,3 : 553.07"
"4,4 : 0.0"
"4,5 : 622.26"
"4,6 : 367.33"
"4,7 : 201.47"
"4,8 : 78.45"
"4,9 : 351.76"
"4,10 : 259.68"
"4,11 : 408.54"
"4,12 : 441.24"
"4,13 : 377.27"
"4,14 : 128.06"
"4,15 : 293.95"
"4,16 : 533.52"
"4,17 : 586.47"
"4,18 : 369.5"
"4,19 : 510.41"
"4,20 : 287.9"
"4,21 : 503.2"
"4,22 : 233.64"
"4,23 : 363.56"
"4,24 : 472.64"
"4,25 : 434.31"
"4,26 : 266.18"
"4,27 : 403.24"
"4,28 : 618.81"
"4,29 : 570.82"
"4,30 : 400.66"
"4,31 : 690.12"
"4,32 : 342.27"
"4,33 : 439.93"
"4,34 : 377.48"
"4,35 : 241.31"
"4,36 : 396.01"
"4,37 : 186.68"
"4,38 : 293.83"
"4,39 : 187.04"
"4,40 : 294.33"
"4,41 : 446.81"
"4,42 : 378.89"
"4,43 : 346.54"
"4,44 : 356.55"
"4,45 : 423.62"
"4,46 : 382.39"
"4,47 : 317.81"
"4,48 : 678.43"
"4,49 : 238.83"
"5,0 : 220.34"
"5,1 : 851.77"
"5,2 : 766.39"
"5,3 : 777.02"
"5,4 : 622.26"
"5,5 : 0.0"
"5,6 : 988.16"
"5,7 : 675.06"
"5,8 : 688.89"
"5,9 : 863.61"
"5,10 : 529.03"
"5,11 : 944.96"
"5,12 : 762.34"
"5,13 : 566.41"
"5,14 : 695.66"
"5,15 : 812.18"
"5,16 : 1153.83"
"5,17 : 824.03"
"5,18 : 253.54"
"5,19 : 709.01"
"5,20 : 731.69"
"5,21 : 1060.41"
"5,22 : 783.08"
"5,23 : 631.7"
"5,24 : 1090.08"
"5,25 : 645.18"
"5,26 : 517.32"
"5,27 : 650.12"
"5,28 : 1238.37"
"5,29 : 1180.4"
"5,30 : 262.21"
"5,31 : 1311.81"
"5,32 : 964.49"
"5,33 : 949.39"
"5,34 : 461.6"
"5,35 : 422.1"
"5,36 : 689.79"
"5,37 : 634.72"
"5,38 : 358.11"
"5,39 : 619.12"
"5,40 : 870.28"
"5,41 : 812.42"
"5,42 : 692.99"
"5,43 : 965.4"
"5,44 : 604.05"
"5,45 : 523.7"
"5,46 : 612.89"
"5,47 : 815.44"
"5,48 : 970.23"
"5,49 : 856.95"
"6,0 : 829.4"
"6,1 : 341.02"
"6,2 : 408.03"
"6,3 : 733.45"
"6,4 : 367.33"
"6,5 : 988.16"
"6,6 : 0.0"
"6,7 : 418.89"
"6,8 : 299.82"
"6,9 : 310.9"
"6,10 : 535.8"
"6,11 : 357.6"
"6,12 : 605.0"
"6,13 : 653.65"
"6,14 : 336.48"
"6,15 : 364.48"
"6,16 : 166.21"
"6,17 : 679.53"
"6,18 : 736.38"
"6,19 : 663.33"
"6,20 : 450.11"
"6,21 : 279.52"
"6,22 : 323.01"
"6,23 : 555.99"
"6,24 : 163.36"
"6,25 : 619.14"
"6,26 : 579.02"
"6,27 : 583.37"
"6,28 : 251.68"
"6,29 : 219.67"
"6,30 : 753.24"
"6,31 : 323.86"
"6,32 : 51.87"
"6,33 : 333.64"
"6,34 : 697.07"
"6,35 : 599.1"
"6,36 : 603.12"
"6,37 : 407.27"
"6,38 : 644.94"
"6,39 : 455.81"
"6,40 : 200.06"
"6,41 : 572.49"
"6,42 : 582.1"
"6,43 : 103.77"
"6,44 : 567.78"
"6,45 : 717.4"
"6,46 : 634.94"
"6,47 : 330.26"
"6,48 : 771.43"
"6,49 : 161.28"
"7,0 : 473.4"
"7,1 : 176.71"
"7,2 : 99.18"
"7,3 : 360.7"
"7,4 : 201.47"
"7,5 : 675.06"
"7,6 : 418.89"
"7,7 : 0.0"
"7,8 : 247.49"
"7,9 : 524.14"
"7,10 : 449.2"
"7,11 : 270.77"
"7,12 : 242.12"
"7,13 : 234.78"
"7,14 : 99.02"
"7,15 : 137.62"
"7,16 : 571.2"
"7,17 : 787.82"
"7,18 : 433.07"
"7,19 : 710.85"
"7,20 : 88.14"
"7,21 : 635.76"
"7,22 : 115.88"
"7,23 : 563.41"
"7,24 : 455.51"
"7,25 : 633.34"
"7,26 : 176.32"
"7,27 : 603.31"
"7,28 : 654.66"
"7,29 : 638.55"
"7,30 : 512.8"
"7,31 : 708.7"
"7,32 : 374.25"
"7,33 : 604.47"
"7,34 : 287.79"
"7,35 : 253.74"
"7,36 : 206.94"
"7,37 : 388.11"
"7,38 : 422.02"
"7,39 : 55.95"
"7,40 : 437.75"
"7,41 : 245.42"
"7,42 : 187.41"
"7,43 : 348.21"
"7,44 : 554.56"
"7,45 : 299.05"
"7,46 : 219.18"
"7,47 : 499.08"
"7,48 : 476.96"
"7,49 : 257.61"
"8,0 : 540.73"
"8,1 : 321.81"
"8,2 : 311.42"
"8,3 : 607.6"
"8,4 : 78.45"
"8,5 : 688.89"
"8,6 : 299.82"
"8,7 : 247.49"
"8,8 : 0.0"
"8,9 : 281.79"
"8,10 : 269.98"
"8,11 : 405.03"
"8,12 : 489.23"
"8,13 : 447.0"
"8,14 : 154.15"
"8,15 : 308.38"
"8,16 : 465.02"
"8,17 : 551.93"
"8,18 : 438.4"
"8,19 : 488.47"
"8,20 : 326.88"
"8,21 : 425.21"
"8,22 : 243.31"
"8,23 : 347.02"
"8,24 : 420.39"
"8,25 : 418.78"
"8,26 : 340.51"
"8,27 : 384.86"
"8,28 : 549.49"
"8,29 : 496.32"
"8,30 : 455.2"
"8,31 : 623.67"
"8,32 : 281.33"
"8,33 : 367.45"
"8,34 : 454.02"
"8,35 : 319.36"
"8,36 : 451.98"
"8,37 : 163.75"
"8,38 : 346.81"
"8,39 : 247.54"
"8,40 : 216.39"
"8,41 : 486.51"
"8,42 : 433.38"
"8,43 : 294.88"
"8,44 : 346.01"
"8,45 : 496.95"
"8,46 : 447.6"
"8,47 : 252.72"
"8,48 : 717.84"
"8,49 : 193.13"
"9,0 : 766.27"
"9,1 : 549.44"
"9,2 : 570.67"
"9,3 : 884.47"
"9,4 : 351.76"
"9,5 : 863.61"
"9,6 : 310.9"
"9,7 : 524.14"
"9,8 : 281.79"
"9,9 : 0.0"
"9,10 : 338.37"
"9,11 : 607.2"
"9,12 : 761.97"
"9,13 : 728.01"
"9,14 : 425.94"
"9,15 : 551.36"
"9,16 : 414.22"
"9,17 : 369.07"
"9,18 : 639.29"
"9,19 : 365.0"
"9,20 : 595.72"
"9,21 : 201.47"
"9,22 : 488.23"
"9,23 : 290.42"
"9,24 : 474.13"
"9,25 : 338.25"
"9,26 : 617.78"
"9,27 : 305.49"
"9,28 : 476.24"
"9,29 : 381.62"
"9,30 : 602.85"
"9,31 : 561.94"
"9,32 : 339.33"
"9,33 : 91.2"
"9,34 : 726.5"
"9,35 : 573.02"
"9,36 : 730.81"
"9,37 : 232.28"
"9,38 : 507.33"
"9,39 : 529.14"
"9,40 : 117.2"
"9,41 : 751.08"
"9,42 : 711.52"
"9,43 : 388.29"
"9,44 : 311.27"
"9,45 : 775.33"
"9,46 : 729.38"
"9,47 : 48.37"
"9,48 : 977.65"
"9,49 : 351.62"
"10,0 : 465.24"
"10,1 : 576.06"
"10,2 : 539.49"
"10,3 : 769.89"
"10,4 : 259.68"
"10,5 : 529.03"
"10,6 : 535.8"
"10,7 : 449.2"
"10,8 : 269.98"
"10,9 : 338.37"
"10,10 : 0.0"
"10,11 : 666.23"
"10,12 : 674.32"
"10,13 : 557.04"
"10,14 : 387.66"
"10,15 : 553.53"
"10,16 : 688.36"
"10,17 : 379.56"
"10,18 : 327.04"
"10,19 : 279.52"
"10,20 : 537.33"
"10,21 : 538.9"
"10,22 : 493.1"
"10,23 : 139.09"
"10,24 : 678.31"
"10,25 : 196.9"
"10,26 : 436.41"
"10,27 : 175.87"
"10,28 : 766.23"
"10,29 : 689.19"
"10,30 : 266.87"
"10,31 : 848.17"
"10,32 : 532.19"
"10,33 : 421.34"
"10,34 : 510.19"
"10,35 : 336.77"
"10,36 : 616.6"
"10,37 : 129.14"
"10,38 : 183.27"
"10,39 : 417.38"
"10,40 : 369.66"
"10,41 : 690.71"
"10,42 : 603.45"
"10,43 : 556.49"
"10,44 : 119.04"
"10,45 : 578.69"
"10,46 : 579.35"
"10,47 : 290.02"
"10,48 : 918.38"
"10,49 : 461.14"
"11,0 : 738.72"
"11,1 : 96.32"
"11,2 : 180.01"
"11,3 : 421.68"
"11,4 : 408.54"
"11,5 : 944.96"
"11,6 : 357.6"
"11,7 : 270.77"
"11,8 : 405.03"
"11,9 : 607.2"
"11,10 : 666.23"
"11,11 : 0.0"
"11,12 : 305.16"
"11,13 : 441.24"
"11,14 : 284.21"
"11,15 : 133.15"
"11,16 : 448.02"
"11,17 : 943.41"
"11,18 : 703.67"
"11,19 : 890.84"
"11,20 : 220.86"
"11,21 : 634.67"
"11,22 : 177.55"
"11,23 : 751.82"
"11,24 : 288.56"
"11,25 : 823.49"
"11,26 : 434.05"
"11,27 : 789.16"
"11,28 : 515.12"
"11,29 : 543.35"
"11,30 : 777.71"
"11,31 : 541.13"
"11,32 : 306.87"
"11,33 : 661.38"
"11,34 : 527.31"
"11,35 : 524.44"
"11,36 : 338.61"
"11,37 : 568.75"
"11,38 : 680.62"
"11,39 : 326.44"
"11,40 : 492.95"
"11,41 : 254.37"
"11,42 : 321.08"
"11,43 : 253.9"
"11,44 : 750.96"
"11,45 : 509.48"
"11,46 : 403.0"
"11,47 : 603.15"
"11,48 : 418.78"
"11,49 : 255.63"
"12,0 : 542.12"
"12,1 : 269.0"
"12,2 : 200.0"
"12,3 : 128.65"
"12,4 : 441.24"
"12,5 : 762.34"
"12,6 : 605.0"
"12,7 : 242.12"
"12,8 : 489.23"
"12,9 : 761.97"
"12,10 : 674.32"
"12,11 : 305.16"
"12,12 : 0.0"
"12,13 : 196.46"
"12,14 : 336.99"
"12,15 : 240.63"
"12,16 : 731.18"
"12,17 : 1027.04"
"12,18 : 563.28"
"12,19 : 945.3"
"12,20 : 166.81"
"12,21 : 854.46"
"12,22 : 287.92"
"12,23 : 797.51"
"12,24 : 583.11"
"12,25 : 865.65"
"12,26 : 270.48"
"12,27 : 837.5"
"12,28 : 806.31"
"12,29 : 816.24"
"12,30 : 673.07"
"12,31 : 841.24"
"12,32 : 554.19"
"12,33 : 838.6"
"12,34 : 301.32"
"12,35 : 394.41"
"12,36 : 73.11"
"12,37 : 627.45"
"12,38 : 605.02"
"12,39 : 258.64"
"12,40 : 667.86"
"12,41 : 59.41"
"12,42 : 75.93"
"12,43 : 511.88"
"12,44 : 786.09"
"12,45 : 250.6"
"12,46 : 149.68"
"12,47 : 739.44"
"12,48 : 245.07"
"12,49 : 454.03"
"13,0 : 346.08"
"13,1 : 368.9"
"13,2 : 273.62"
"13,3 : 231.28"
"13,4 : 377.27"
"13,5 : 566.41"
"13,6 : 653.65"
"13,7 : 234.78"
"13,8 : 447.0"
"13,9 : 728.01"
"13,10 : 557.04"
"13,11 : 441.24"
"13,12 : 196.46"
"13,13 : 0.0"
"13,14 : 325.01"
"13,15 : 328.32"
"13,16 : 804.1"
"13,17 : 931.46"
"13,18 : 380.39"
"13,19 : 836.44"
"13,20 : 226.89"
"13,21 : 861.27"
"13,22 : 339.95"
"13,23 : 692.06"
"13,24 : 679.12"
"13,25 : 753.93"
"13,26 : 121.04"
"13,27 : 730.97"
"13,28 : 886.57"
"13,29 : 873.29"
"13,30 : 499.03"
"13,31 : 936.58"
"13,32 : 608.56"
"13,33 : 814.44"
"13,34 : 104.92"
"13,35 : 232.71"
"13,36 : 125.25"
"13,37 : 545.67"
"13,38 : 448.31"
"13,39 : 205.41"
"13,40 : 656.76"
"13,41 : 249.65"
"13,42 : 132.88"
"13,43 : 579.8"
"13,44 : 675.34"
"13,45 : 68.8"
"13,46 : 46.84"
"13,47 : 695.08"
"13,48 : 414.97"
"13,49 : 492.38"
"14,0 : 511.1"
"14,1 : 190.26"
"14,2 : 158.93"
"14,3 : 458.53"
"14,4 : 128.06"
"14,5 : 695.66"
"14,6 : 336.48"
"14,7 : 99.02"
"14,8 : 154.15"
"14,9 : 425.94"
"14,10 : 387.66"
"14,11 : 284.21"
"14,12 : 336.99"
"14,13 : 325.01"
"14,14 : 0.0"
"14,15 : 165.89"
"14,16 : 496.32"
"14,17 : 703.67"
"14,18 : 444.08"
"14,19 : 633.94"
"14,20 : 172.9"
"14,21 : 538.53"
"14,22 : 107.04"
"14,23 : 488.45"
"14,24 : 400.2"
"14,25 : 559.79"
"14,26 : 242.55"
"14,27 : 527.72"
"14,28 : 581.49"
"14,29 : 555.01"
"14,30 : 501.24"
"14,31 : 642.44"
"14,32 : 296.79"
"14,33 : 505.54"
"14,34 : 360.62"
"14,35 : 279.31"
"14,36 : 305.85"
"14,37 : 307.23"
"14,38 : 399.94"
"14,39 : 120.93"
"14,40 : 338.88"
"14,41 : 332.37"
"14,42 : 286.13"
"14,43 : 281.26"
"14,44 : 483.01"
"14,45 : 384.98"
"14,46 : 314.95"
"14,47 : 402.45"
"14,48 : 563.72"
"14,49 : 178.47"
"15,0 : 607.68"
"15,1 : 41.73"
"15,2 : 54.71"
"15,3 : 368.97"
"15,4 : 293.95"
"15,5 : 812.18"
"15,6 : 364.48"
"15,7 : 137.62"
"15,8 : 308.38"
"15,9 : 551.36"
"15,10 : 553.53"
"15,11 : 133.15"
"15,12 : 240.63"
"15,13 : 328.32"
"15,14 : 165.89"
"15,15 : 0.0"
"15,16 : 493.96"
"15,17 : 859.66"
"15,18 : 570.58"
"15,19 : 795.81"
"15,20 : 101.53"
"15,21 : 620.46"
"15,22 : 65.46"
"15,23 : 651.85"
"15,24 : 354.89"
"15,25 : 723.48"
"15,26 : 304.54"
"15,27 : 690.68"
"15,28 : 571.97"
"15,29 : 576.25"
"15,30 : 646.8"
"15,31 : 614.28"
"15,32 : 313.56"
"15,33 : 619.26"
"15,34 : 404.7"
"15,35 : 391.32"
"15,36 : 247.13"
"15,37 : 469.09"
"15,38 : 551.95"
"15,39 : 193.33"
"15,40 : 446.4"
"15,41 : 210.34"
"15,42 : 226.72"
"15,43 : 272.01"
"15,44 : 647.61"
"15,45 : 397.05"
"15,46 : 296.49"
"15,47 : 537.49"
"15,48 : 427.56"
"15,49 : 217.85"
"16,0 : 995.14"
"16,1 : 462.24"
"16,2 : 543.79"
"16,3 : 857.06"
"16,4 : 533.52"
"16,5 : 1153.83"
"16,6 : 166.21"
"16,7 : 571.2"
"16,8 : 465.02"
"16,9 : 414.22"
"16,10 : 688.36"
"16,11 : 448.02"
"16,12 : 731.18"
"16,13 : 804.1"
"16,14 : 496.32"
"16,15 : 493.96"
"16,16 : 0.0"
"16,17 : 774.93"
"16,18 : 902.4"
"16,19 : 779.17"
"16,20 : 589.07"
"16,21 : 293.4"
"16,22 : 465.43"
"16,23 : 689.84"
"16,24 : 164.71"
"16,25 : 746.83"
"16,26 : 738.0"
"16,27 : 712.19"
"16,28 : 85.76"
"16,29 : 103.81"
"16,30 : 916.11"
"16,31 : 160.42"
"16,32 : 199.54"
"16,33 : 401.24"
"16,34 : 855.17"
"16,35 : 764.27"
"16,36 : 740.37"
"16,37 : 559.27"
"16,38 : 808.12"
"16,39 : 612.85"
"16,40 : 326.7"
"16,41 : 690.53"
"16,42 : 719.65"
"16,43 : 224.76"
"16,44 : 705.31"
"16,45 : 869.92"
"16,46 : 780.99"
"16,47 : 447.13"
"16,48 : 865.15"
"16,49 : 317.91"
"17,0 : 823.34"
"17,1 : 869.4"
"17,2 : 862.44"
"17,3 : 1133.76"
"17,4 : 586.47"
"17,5 : 824.03"
"17,6 : 679.53"
"17,7 : 787.82"
"17,8 : 551.93"
"17,9 : 369.07"
"17,10 : 379.56"
"17,11 : 943.41"
"17,12 : 1027.04"
"17,13 : 931.46"
"17,14 : 703.67"
"17,15 : 859.66"
"17,16 : 774.93"
"17,17 : 0.0"
"17,18 : 683.7"
"17,19 : 115.43"
"17,20 : 873.17"
"17,21 : 506.19"
"17,22 : 794.27"
"17,23 : 240.83"
"17,24 : 842.88"
"17,25 : 190.69"
"17,26 : 810.43"
"17,27 : 204.0"
"17,28 : 826.49"
"17,29 : 723.36"
"17,30 : 584.77"
"17,31 : 911.21"
"17,32 : 704.66"
"17,33 : 376.61"
"17,34 : 889.59"
"17,35 : 716.19"
"17,36 : 977.26"
"17,37 : 399.81"
"17,38 : 542.11"
"17,39 : 769.46"
"17,40 : 481.3"
"17,41 : 1032.81"
"17,42 : 961.68"
"17,43 : 750.41"
"17,44 : 261.24"
"17,45 : 957.14"
"17,46 : 949.54"
"17,47 : 352.43"
"17,48 : 1264.65"
"17,49 : 693.78"
"18,0 : 140.04"
"18,1 : 608.55"
"18,2 : 528.92"
"18,3 : 610.44"
"18,4 : 369.5"
"18,5 : 253.54"
"18,6 : 736.38"
"18,7 : 433.07"
"18,8 : 438.4"
"18,9 : 639.29"
"18,10 : 327.04"
"18,11 : 703.67"
"18,12 : 563.28"
"18,13 : 380.39"
"18,14 : 444.08"
"18,15 : 570.58"
"18,16 : 902.4"
"18,17 : 683.7"
"18,18 : 0.0"
"18,19 : 571.14"
"18,20 : 499.49"
"18,21 : 828.67"
"18,22 : 535.76"
"18,23 : 456.1"
"18,24 : 836.61"
"18,25 : 493.12"
"18,26 : 296.2"
"18,27 : 485.41"
"18,28 : 987.36"
"18,29 : 933.28"
"18,30 : 127.61"
"18,31 : 1059.58"
"18,32 : 711.46"
"18,33 : 728.82"
"18,34 : 287.47"
"18,35 : 181.18"
"18,36 : 490.8"
"18,37 : 407.04"
"18,38 : 144.78"
"18,39 : 377.9"
"18,40 : 630.15"
"18,41 : 605.01"
"18,42 : 488.45"
"18,43 : 711.87"
"18,44 : 430.41"
"18,45 : 362.93"
"18,46 : 422.02"
"18,47 : 592.52"
"18,48 : 794.9"
"18,49 : 603.41"
"19,0 : 710.32"
"19,1 : 810.24"
"19,2 : 792.38"
"19,3 : 1046.28"
"19,4 : 510.41"
"19,5 : 709.01"
"19,6 : 663.33"
"19,7 : 710.85"
"19,8 : 488.47"
"19,9 : 365.0"
"19,10 : 279.52"
"19,11 : 890.84"
"19,12 : 945.3"
"19,13 : 836.44"
"19,14 : 633.94"
"19,15 : 795.81"
"19,16 : 779.17"
"19,17 : 115.43"
"19,18 : 571.14"
"19,19 : 0.0"
"19,20 : 798.1"
"19,21 : 535.8"
"19,22 : 731.27"
"19,23 : 147.8"
"19,24 : 825.0"
"19,25 : 82.8"
"19,26 : 715.66"
"19,27 : 107.8"
"19,28 : 839.97"
"19,29 : 741.87"
"19,30 : 469.75"
"19,31 : 925.68"
"19,32 : 680.58"
"19,33 : 399.57"
"19,34 : 787.94"
"19,35 : 614.86"
"19,36 : 891.26"
"19,37 : 326.91"
"19,38 : 431.34"
"19,39 : 686.66"
"19,40 : 463.73"
"19,41 : 956.06"
"19,42 : 876.92"
"19,43 : 721.12"
"19,44 : 161.25"
"19,45 : 857.63"
"19,46 : 857.74"
"19,47 : 334.73"
"19,48 : 1186.77"
"19,49 : 650.8"
"20,0 : 520.83"
"20,1 : 142.04"
"20,2 : 47.01"
"20,3 : 292.96"
"20,4 : 287.9"
"20,5 : 731.69"
"20,6 : 450.11"
"20,7 : 88.14"
"20,8 : 326.88"
"20,9 : 595.72"
"20,10 : 537.33"
"20,11 : 220.86"
"20,12 : 166.81"
"20,13 : 226.89"
"20,14 : 172.9"
"20,15 : 101.53"
"20,16 : 589.07"
"20,17 : 873.17"
"20,18 : 499.49"
"20,19 : 798.1"
"20,20 : 0.0"
"20,21 : 689.96"
"20,22 : 127.19"
"20,23 : 650.86"
"20,24 : 455.13"
"20,25 : 721.04"
"20,26 : 215.59"
"20,27 : 690.7"
"20,28 : 668.97"
"20,29 : 666.68"
"20,30 : 588.93"
"20,31 : 714.09"
"20,32 : 401.06"
"20,33 : 671.8"
"20,34 : 306.9"
"20,35 : 318.35"
"20,36 : 153.01"
"20,37 : 474.01"
"20,38 : 503.08"
"20,39 : 129.39"
"20,40 : 501.12"
"20,41 : 159.96"
"20,42 : 132.0"
"20,43 : 364.79"
"20,44 : 642.41"
"20,45 : 295.67"
"20,46 : 195.36"
"20,47 : 574.43"
"20,48 : 391.81"
"20,49 : 293.34"
"21,0 : 949.32"
"21,1 : 605.09"
"21,2 : 654.6"
"21,3 : 982.4"
"21,4 : 503.2"
"21,5 : 1060.41"
"21,6 : 279.52"
"21,7 : 635.76"
"21,8 : 425.21"
"21,9 : 201.47"
"21,10 : 538.9"
"21,11 : 634.67"
"21,12 : 854.46"
"21,13 : 861.27"
"21,14 : 538.53"
"21,15 : 620.46"
"21,16 : 293.4"
"21,17 : 506.19"
"21,18 : 828.67"
"21,19 : 535.8"
"21,20 : 689.96"
"21,21 : 0.0"
"21,22 : 566.7"
"21,23 : 486.65"
"21,24 : 415.22"
"21,25 : 525.95"
"21,26 : 763.0"
"21,27 : 496.2"
"21,28 : 327.1"
"21,29 : 221.02"
"21,30 : 801.26"
"21,31 : 409.35"
"21,32 : 328.4"
"21,33 : 136.57"
"21,34 : 878.45"
"21,35 : 740.78"
"21,36 : 838.51"
"21,37 : 425.75"
"21,38 : 702.58"
"21,39 : 655.94"
"21,40 : 208.87"
"21,41 : 830.62"
"21,42 : 817.86"
"21,43 : 382.49"
"21,44 : 509.31"
"21,45 : 916.79"
"21,46 : 853.48"
"21,47 : 249.4"
"21,48 : 1041.78"
"21,49 : 402.62"
"22,0 : 586.54"
"22,1 : 83.29"
"22,2 : 87.93"
"22,3 : 416.25"
"22,4 : 233.64"
"22,5 : 783.08"
"22,6 : 323.01"
"22,7 : 115.88"
"22,8 : 243.31"
"22,9 : 488.23"
"22,10 : 493.1"
"22,11 : 177.55"
"22,12 : 287.92"
"22,13 : 339.95"
"22,14 : 107.04"
"22,15 : 65.46"
"22,16 : 465.43"
"22,17 : 794.27"
"22,18 : 535.76"
"22,19 : 731.27"
"22,20 : 127.19"
"22,21 : 566.7"
"22,22 : 0.0"
"22,23 : 587.94"
"22,24 : 341.3"
"22,25 : 659.66"
"22,26 : 292.21"
"22,27 : 626.55"
"22,28 : 547.02"
"22,29 : 540.27"
"22,30 : 602.63"
"22,31 : 597.02"
"22,32 : 274.36"
"22,33 : 558.36"
"22,34 : 402.38"
"22,35 : 361.17"
"22,36 : 280.14"
"22,37 : 404.85"
"22,38 : 503.85"
"22,39 : 169.04"
"22,40 : 385.74"
"22,41 : 266.18"
"22,42 : 259.12"
"22,43 : 240.68"
"22,44 : 584.39"
"22,45 : 407.08"
"22,46 : 315.56"
"22,47 : 473.06"
"22,48 : 489.49"
"22,49 : 166.72"
"23,0 : 595.95"
"23,1 : 668.25"
"23,2 : 646.29"
"23,3 : 899.2"
"23,4 : 363.56"
"23,5 : 631.7"
"23,6 : 555.99"
"23,7 : 563.41"
"23,8 : 347.02"
"23,9 : 290.42"
"23,10 : 139.09"
"23,11 : 751.82"
"23,12 : 797.51"
"23,13 : 692.06"
"23,14 : 488.45"
"23,15 : 651.85"
"23,16 : 689.84"
"23,17 : 240.83"
"23,18 : 456.1"
"23,19 : 147.8"
"23,20 : 650.86"
"23,21 : 486.65"
"23,22 : 587.94"
"23,23 : 0.0"
"23,24 : 712.58"
"23,25 : 71.78"
"23,26 : 571.05"
"23,27 : 40.0"
"23,28 : 759.41"
"23,29 : 669.7"
"23,30 : 374.46"
"23,31 : 844.47"
"23,32 : 565.3"
"23,33 : 354.35"
"23,34 : 648.78"
"23,35 : 475.39"
"23,36 : 743.84"
"23,37 : 183.41"
"23,38 : 311.54"
"23,39 : 538.87"
"23,40 : 363.66"
"23,41 : 808.48"
"23,42 : 729.33"
"23,43 : 600.4"
"23,44 : 27.66"
"23,45 : 716.42"
"23,46 : 711.86"
"23,47 : 247.7"
"23,48 : 1039.04"
"23,49 : 520.31"
"24,0 : 911.28"
"24,1 : 318.21"
"24,2 : 408.27"
"24,3 : 705.84"
"24,4 : 472.64"
"24,5 : 1090.08"
"24,6 : 163.36"
"24,7 : 455.51"
"24,8 : 420.39"
"24,9 : 474.13"
"24,10 : 678.31"
"24,11 : 288.56"
"24,12 : 583.11"
"24,13 : 679.12"
"24,14 : 400.2"
"24,15 : 354.89"
"24,16 : 164.71"
"24,17 : 842.88"
"24,18 : 836.61"
"24,19 : 825.0"
"24,20 : 455.13"
"24,21 : 415.22"
"24,22 : 341.3"
"24,23 : 712.58"
"24,24 : 0.0"
"24,25 : 777.81"
"24,26 : 630.47"
"24,27 : 741.85"
"24,28 : 226.57"
"24,29 : 266.56"
"24,30 : 872.38"
"24,31 : 259.53"
"24,32 : 147.68"
"24,33 : 491.26"
"24,34 : 743.22"
"24,35 : 679.25"
"24,36 : 601.02"
"24,37 : 552.9"
"24,38 : 764.55"
"24,39 : 504.5"
"24,40 : 362.93"
"24,41 : 538.08"
"24,42 : 580.97"
"24,43 : 126.25"
"24,44 : 722.37"
"24,45 : 747.09"
"24,46 : 650.42"
"24,47 : 493.17"
"24,48 : 702.5"
"24,49 : 234.02"
"25,0 : 632.89"
"25,1 : 740.03"
"25,2 : 717.33"
"25,3 : 965.0"
"25,4 : 434.31"
"25,5 : 645.18"
"25,6 : 619.14"
"25,7 : 633.34"
"25,8 : 418.78"
"25,9 : 338.25"
"25,10 : 196.9"
"25,11 : 823.49"
"25,12 : 865.65"
"25,13 : 753.93"
"25,14 : 559.79"
"25,15 : 723.48"
"25,16 : 746.83"
"25,17 : 190.69"
"25,18 : 493.12"
"25,19 : 82.8"
"25,20 : 721.04"
"25,21 : 525.95"
"25,22 : 659.66"
"25,23 : 71.78"
"25,24 : 777.81"
"25,25 : 0.0"
"25,26 : 633.24"
"25,27 : 36.01"
"25,28 : 813.23"
"25,29 : 719.87"
"25,30 : 397.54"
"25,31 : 898.76"
"25,32 : 631.14"
"25,33 : 390.2"
"25,34 : 705.2"
"25,35 : 532.08"
"25,36 : 810.48"
"25,37 : 255.2"
"25,38 : 351.48"
"25,39 : 607.16"
"25,40 : 423.12"
"25,41 : 878.02"
"25,42 : 796.49"
"25,43 : 668.0"
"25,44 : 79.65"
"25,45 : 774.83"
"25,46 : 775.71"
"25,47 : 300.15"
"25,48 : 1108.05"
"25,49 : 590.41"
"26,0 : 305.28"
"26,1 : 345.96"
"26,2 : 254.06"
"26,3 : 340.42"
"26,4 : 266.18"
"26,5 : 517.32"
"26,6 : 579.02"
"26,7 : 176.32"
"26,8 : 340.51"
"26,9 : 617.78"
"26,10 : 436.41"
"26,11 : 434.05"
"26,12 : 270.48"
"26,13 : 121.04"
"26,14 : 242.55"
"26,15 : 304.54"
"26,16 : 738.0"
"26,17 : 810.43"
"26,18 : 296.2"
"26,19 : 715.66"
"26,20 : 215.59"
"26,21 : 763.0"
"26,22 : 292.21"
"26,23 : 571.05"
"26,24 : 630.47"
"26,25 : 633.24"
"26,26 : 0.0"
"26,27 : 610.01"
"26,28 : 822.77"
"26,29 : 797.24"
"26,30 : 402.61"
"26,31 : 880.73"
"26,32 : 538.71"
"26,33 : 706.1"
"26,34 : 118.36"
"26,35 : 124.19"
"26,36 : 200.14"
"26,37 : 426.64"
"26,38 : 338.25"
"26,39 : 126.27"
"26,40 : 555.33"
"26,41 : 309.1"
"26,42 : 194.65"
"26,43 : 518.79"
"26,44 : 554.5"
"26,45 : 157.65"
"26,46 : 145.34"
"26,47 : 582.38"
"26,48 : 510.4"
"26,49 : 420.23"
"27,0 : 625.45"
"27,1 : 706.47"
"27,2 : 685.77"
"27,3 : 938.97"
"27,4 : 403.24"
"27,5 : 650.12"
"27,6 : 583.37"
"27,7 : 603.31"
"27,8 : 384.86"
"27,9 : 305.49"
"27,10 : 175.87"
"27,11 : 789.16"
"27,12 : 837.5"
"27,13 : 730.97"
"27,14 : 527.72"
"27,15 : 690.68"
"27,16 : 712.19"
"27,17 : 204.0"
"27,18 : 485.41"
"27,19 : 107.8"
"27,20 : 690.7"
"27,21 : 496.2"
"27,22 : 626.55"
"27,23 : 40.0"
"27,24 : 741.85"
"27,25 : 36.01"
"27,26 : 610.01"
"27,27 : 0.0"
"27,28 : 779.37"
"27,29 : 686.94"
"27,30 : 397.0"
"27,31 : 864.8"
"27,32 : 595.15"
"27,33 : 361.32"
"27,34 : 686.05"
"27,35 : 512.64"
"27,36 : 783.72"
"27,37 : 221.72"
"27,38 : 341.74"
"27,39 : 578.86"
"27,40 : 387.83"
"27,41 : 848.42"
"27,42 : 769.26"
"27,43 : 632.0"
"27,44 : 57.25"
"27,45 : 754.35"
"27,46 : 751.25"
"27,47 : 266.1"
"27,48 : 1079.02"
"27,49 : 554.82"
"28,0 : 1080.85"
"28,1 : 538.35"
"28,2 : 623.08"
"28,3 : 930.66"
"28,4 : 618.81"
"28,5 : 1238.37"
"28,6 : 251.68"
"28,7 : 654.66"
"28,8 : 549.49"
"28,9 : 476.24"
"28,10 : 766.23"
"28,11 : 515.12"
"28,12 : 806.31"
"28,13 : 886.57"
"28,14 : 581.49"
"28,15 : 571.97"
"28,16 : 85.76"
"28,17 : 826.49"
"28,18 : 987.36"
"28,19 : 839.97"
"28,20 : 668.97"
"28,21 : 327.1"
"28,22 : 547.02"
"28,23 : 759.41"
"28,24 : 226.57"
"28,25 : 813.23"
"28,26 : 822.77"
"28,27 : 779.37"
"28,28 : 0.0"
"28,29 : 106.57"
"28,30 : 998.76"
"28,31 : 85.73"
"28,32 : 284.88"
"28,33 : 449.89"
"28,34 : 939.64"
"28,35 : 850.02"
"28,36 : 819.04"
"28,37 : 637.51"
"28,38 : 891.03"
"28,39 : 697.32"
"28,40 : 399.64"
"28,41 : 763.21"
"28,42 : 798.49"
"28,43 : 306.81"
"28,44 : 776.38"
"28,45 : 952.88"
"28,46 : 862.22"
"28,47 : 513.26"
"28,48 : 927.56"
"28,49 : 403.02"
"29,0 : 1036.12"
"29,1 : 547.93"
"29,2 : 623.1"
"29,3 : 943.67"
"29,4 : 570.82"
"29,5 : 1180.4"
"29,6 : 219.67"
"29,7 : 638.55"
"29,8 : 496.32"
"29,9 : 381.62"
"29,10 : 689.19"
"29,11 : 543.35"
"29,12 : 816.24"
"29,13 : 873.29"
"29,14 : 555.01"
"29,15 : 576.25"
"29,16 : 103.81"
"29,17 : 723.36"
"29,18 : 933.28"
"29,19 : 741.87"
"29,20 : 666.68"
"29,21 : 221.02"
"29,22 : 540.27"
"29,23 : 669.7"
"29,24 : 266.56"
"29,25 : 719.87"
"29,26 : 797.24"
"29,27 : 686.94"
"29,28 : 106.57"
"29,29 : 0.0"
"29,30 : 933.02"
"29,31 : 188.52"
"29,32 : 266.0"
"29,33 : 347.13"
"29,34 : 915.51"
"29,35 : 809.34"
"29,36 : 819.48"
"29,37 : 562.47"
"29,38 : 826.87"
"29,39 : 674.99"
"29,40 : 319.56"
"29,41 : 778.99"
"29,42 : 798.53"
"29,43 : 304.37"
"29,44 : 688.4"
"29,45 : 937.04"
"29,46 : 853.99"
"29,47 : 422.03"
"29,48 : 961.94"
"29,49 : 380.94"
"30,0 : 251.25"
"30,1 : 681.4"
"30,2 : 611.74"
"30,3 : 730.26"
"30,4 : 400.66"
"30,5 : 262.21"
"30,6 : 753.24"
"30,7 : 512.8"
"30,8 : 455.2"
"30,9 : 602.85"
"30,10 : 266.87"
"30,11 : 777.71"
"30,12 : 673.07"
"30,13 : 499.03"
"30,14 : 501.24"
"30,15 : 646.8"
"30,16 : 916.11"
"30,17 : 584.77"
"30,18 : 127.61"
"30,19 : 469.75"
"30,20 : 588.93"
"30,21 : 801.26"
"30,22 : 602.63"
"30,23 : 374.46"
"30,24 : 872.38"
"30,25 : 397.54"
"30,26 : 402.61"
"30,27 : 397.0"
"30,28 : 998.76"
"30,29 : 933.02"
"30,30 : 0.0"
"30,31 : 1076.11"
"30,32 : 736.47"
"30,33 : 687.7"
"30,34 : 411.44"
"30,35 : 279.2"
"30,36 : 602.08"
"30,37 : 376.93"
"30,38 : 108.41"
"30,39 : 461.01"
"30,40 : 617.27"
"30,41 : 709.97"
"30,42 : 597.26"
"30,43 : 746.13"
"30,44 : 347.05"
"30,45 : 487.47"
"30,46 : 538.04"
"30,47 : 554.54"
"30,48 : 910.49"
"30,49 : 639.2"
"31,0 : 1148.11"
"31,1 : 577.72"
"31,2 : 667.36"
"31,3 : 962.14"
"31,4 : 690.12"
"31,5 : 1311.81"
"31,6 : 323.86"
"31,7 : 708.7"
"31,8 : 623.67"
"31,9 : 561.94"
"31,10 : 848.17"
"31,11 : 541.13"
"31,12 : 841.24"
"31,13 : 936.58"
"31,14 : 642.44"
"31,15 : 614.28"
"31,16 : 160.42"
"31,17 : 911.21"
"31,18 : 1059.58"
"31,19 : 925.68"
"31,20 : 714.09"
"31,21 : 409.35"
"31,22 : 597.02"
"31,23 : 844.47"
"31,24 : 259.53"
"31,25 : 898.76"
"31,26 : 880.73"
"31,27 : 864.8"
"31,28 : 85.73"
"31,29 : 188.52"
"31,30 : 1076.11"
"31,31 : 0.0"
"31,32 : 349.8"
"31,33 : 534.64"
"31,34 : 995.99"
"31,35 : 916.16"
"31,36 : 860.55"
"31,37 : 719.17"
"31,38 : 967.99"
"31,39 : 754.53"
"31,40 : 483.54"
"31,41 : 794.32"
"31,42 : 840.5"
"31,43 : 362.01"
"31,44 : 861.12"
"31,45 : 1004.06"
"31,46 : 909.16"
"31,47 : 598.71"
"31,48 : 942.07"
"31,49 : 465.13"
"32,0 : 798.39"
"32,1 : 289.35"
"32,2 : 358.2"
"32,3 : 682.5"
"32,4 : 342.27"
"32,5 : 964.49"
"32,6 : 51.87"
"32,7 : 374.25"
"32,8 : 281.33"
"32,9 : 339.33"
"32,10 : 532.19"
"32,11 : 306.87"
"32,12 : 554.19"
"32,13 : 608.56"
"32,14 : 296.79"
"32,15 : 313.56"
"32,16 : 199.54"
"32,17 : 704.66"
"32,18 : 711.46"
"32,19 : 680.58"
"32,20 : 401.06"
"32,21 : 328.4"
"32,22 : 274.36"
"32,23 : 565.3"
"32,24 : 147.68"
"32,25 : 631.14"
"32,26 : 538.71"
"32,27 : 595.15"
"32,28 : 284.88"
"32,29 : 266.0"
"32,30 : 736.47"
"32,31 : 349.8"
"32,32 : 0.0"
"32,33 : 372.17"
"32,34 : 656.15"
"32,35 : 566.64"
"32,36 : 554.02"
"32,37 : 405.84"
"32,38 : 628.1"
"32,39 : 413.98"
"32,40 : 223.62"
"32,41 : 520.96"
"32,42 : 533.03"
"32,43 : 54.45"
"32,44 : 574.78"
"32,45 : 673.29"
"32,46 : 588.19"
"32,47 : 352.5"
"32,48 : 719.7"
"32,49 : 118.47"
"33,0 : 856.88"
"33,1 : 612.84"
"33,2 : 643.47"
"33,3 : 963.1"
"33,4 : 439.93"
"33,5 : 949.39"
"33,6 : 333.64"
"33,7 : 604.47"
"33,8 : 367.45"
"33,9 : 91.2"
"33,10 : 421.34"
"33,11 : 661.38"
"33,12 : 838.6"
"33,13 : 814.44"
"33,14 : 505.54"
"33,15 : 619.26"
"33,16 : 401.24"
"33,17 : 376.61"
"33,18 : 728.82"
"33,19 : 399.57"
"33,20 : 671.8"
"33,21 : 136.57"
"33,22 : 558.36"
"33,23 : 354.35"
"33,24 : 491.26"
"33,25 : 390.2"
"33,26 : 706.1"
"33,27 : 361.32"
"33,28 : 449.89"
"33,29 : 347.13"
"33,30 : 687.7"
"33,31 : 534.64"
"33,32 : 372.17"
"33,33 : 0.0"
"33,34 : 816.09"
"33,35 : 664.0"
"33,36 : 811.38"
"33,37 : 321.93"
"33,38 : 594.84"
"33,39 : 613.32"
"33,40 : 172.86"
"33,41 : 823.89"
"33,42 : 791.65"
"33,43 : 425.18"
"33,44 : 378.27"
"33,45 : 863.39"
"33,46 : 813.88"
"33,47 : 136.34"
"33,48 : 1046.82"
"33,49 : 409.33"
"34,0 : 241.27"
"34,1 : 446.37"
"34,2 : 351.01"
"34,3 : 325.58"
"34,4 : 377.48"
"34,5 : 461.6"
"34,6 : 697.07"
"34,7 : 287.79"
"34,8 : 454.02"
"34,9 : 726.5"
"34,10 : 510.19"
"34,11 : 527.31"
"34,12 : 301.32"
"34,13 : 104.92"
"34,14 : 360.62"
"34,15 : 404.7"
"34,16 : 855.17"
"34,17 : 889.59"
"34,18 : 287.47"
"34,19 : 787.94"
"34,20 : 306.9"
"34,21 : 878.45"
"34,22 : 402.38"
"34,23 : 648.78"
"34,24 : 743.22"
"34,25 : 705.2"
"34,26 : 118.36"
"34,27 : 686.05"
"34,28 : 939.64"
"34,29 : 915.51"
"34,30 : 411.44"
"34,31 : 995.99"
"34,32 : 656.15"
"34,33 : 816.09"
"34,34 : 0.0"
"34,35 : 173.42"
"34,36 : 229.53"
"34,37 : 522.74"
"34,38 : 376.29"
"34,39 : 242.33"
"34,40 : 670.06"
"34,41 : 353.58"
"34,42 : 235.14"
"34,43 : 634.53"
"34,44 : 629.09"
"34,45 : 76.16"
"34,46 : 151.63"
"34,47 : 688.71"
"34,48 : 514.88"
"34,49 : 537.74"
"35,0 : 232.4"
"35,1 : 430.25"
"35,2 : 348.17"
"35,3 : 461.08"
"35,4 : 241.31"
"35,5 : 422.1"
"35,6 : 599.1"
"35,7 : 253.74"
"35,8 : 319.36"
"35,9 : 573.02"
"35,10 : 336.77"
"35,11 : 524.44"
"35,12 : 394.41"
"35,13 : 232.71"
"35,14 : 279.31"
"35,15 : 391.32"
"35,16 : 764.27"
"35,17 : 716.19"
"35,18 : 181.18"
"35,19 : 614.86"
"35,20 : 318.35"
"35,21 : 740.78"
"35,22 : 361.17"
"35,23 : 475.39"
"35,24 : 679.25"
"35,25 : 532.08"
"35,26 : 124.19"
"35,27 : 512.64"
"35,28 : 850.02"
"35,29 : 809.34"
"35,30 : 279.2"
"35,31 : 916.16"
"35,32 : 566.64"
"35,33 : 664.0"
"35,34 : 173.42"
"35,35 : 0.0"
"35,36 : 324.34"
"35,37 : 356.93"
"35,38 : 216.06"
"35,39 : 198.01"
"35,40 : 532.66"
"35,41 : 430.86"
"35,42 : 318.5"
"35,43 : 558.24"
"35,44 : 455.7"
"35,45 : 243.29"
"35,46 : 265.7"
"35,47 : 531.79"
"35,48 : 634.43"
"35,49 : 451.62"
"36,0 : 469.71"
"36,1 : 282.85"
"36,2 : 196.74"
"36,3 : 157.11"
"36,4 : 396.01"
"36,5 : 689.79"
"36,6 : 603.12"
"36,7 : 206.94"
"36,8 : 451.98"
"36,9 : 730.81"
"36,10 : 616.6"
"36,11 : 338.61"
"36,12 : 73.11"
"36,13 : 125.25"
"36,14 : 305.85"
"36,15 : 247.13"
"36,16 : 740.37"
"36,17 : 977.26"
"36,18 : 490.8"
"36,19 : 891.26"
"36,20 : 153.01"
"36,21 : 838.51"
"36,22 : 280.14"
"36,23 : 743.84"
"36,24 : 601.02"
"36,25 : 810.48"
"36,26 : 200.14"
"36,27 : 783.72"
"36,28 : 819.04"
"36,29 : 819.48"
"36,30 : 602.08"
"36,31 : 860.55"
"36,32 : 554.02"
"36,33 : 811.38"
"36,34 : 229.53"
"36,35 : 324.34"
"36,36 : 0.0"
"36,37 : 579.58"
"36,38 : 537.23"
"36,39 : 209.12"
"36,40 : 643.9"
"36,41 : 124.42"
"36,42 : 21.02"
"36,43 : 516.79"
"36,44 : 730.84"
"36,45 : 184.46"
"36,46 : 78.55"
"36,47 : 704.57"
"36,48 : 310.64"
"36,49 : 445.71"
"37,0 : 535.56"
"37,1 : 484.86"
"37,2 : 465.96"
"37,3 : 736.6"
"37,4 : 186.68"
"37,5 : 634.72"
"37,6 : 407.27"
"37,7 : 388.11"
"37,8 : 163.75"
"37,9 : 232.28"
"37,10 : 129.14"
"37,11 : 568.75"
"37,12 : 627.45"
"37,13 : 545.67"
"37,14 : 307.23"
"37,15 : 469.09"
"37,16 : 559.27"
"37,17 : 399.81"
"37,18 : 407.04"
"37,19 : 326.91"
"37,20 : 474.01"
"37,21 : 425.75"
"37,22 : 404.85"
"37,23 : 183.41"
"37,24 : 552.9"
"37,25 : 255.2"
"37,26 : 426.64"
"37,27 : 221.72"
"37,28 : 637.51"
"37,29 : 562.47"
"37,30 : 376.93"
"37,31 : 719.17"
"37,32 : 405.84"
"37,33 : 321.93"
"37,34 : 522.74"
"37,35 : 356.93"
"37,36 : 579.58"
"37,37 : 0.0"
"37,38 : 276.84"
"37,39 : 370.79"
"37,40 : 243.25"
"37,41 : 633.33"
"37,42 : 563.31"
"37,43 : 433.45"
"37,44 : 182.65"
"37,45 : 581.56"
"37,46 : 558.03"
"37,47 : 185.59"
"37,48 : 865.05"
"37,49 : 344.12"
"38,0 : 284.42"
"38,1 : 584.51"
"38,2 : 521.1"
"38,3 : 677.11"
"38,4 : 293.83"
"38,5 : 358.11"
"38,6 : 644.94"
"38,7 : 422.02"
"38,8 : 346.81"
"38,9 : 507.33"
"38,10 : 183.27"
"38,11 : 680.62"
"38,12 : 605.02"
"38,13 : 448.31"
"38,14 : 399.94"
"38,15 : 551.95"
"38,16 : 808.12"
"38,17 : 542.11"
"38,18 : 144.78"
"38,19 : 431.34"
"38,20 : 503.08"
"38,21 : 702.58"
"38,22 : 503.85"
"38,23 : 311.54"
"38,24 : 764.55"
"38,25 : 351.48"
"38,26 : 338.25"
"38,27 : 341.74"
"38,28 : 891.03"
"38,29 : 826.87"
"38,30 : 108.41"
"38,31 : 967.99"
"38,32 : 628.1"
"38,33 : 594.84"
"38,34 : 376.29"
"38,35 : 216.06"
"38,36 : 537.23"
"38,37 : 276.84"
"38,38 : 0.0"
"38,39 : 373.71"
"38,40 : 513.17"
"38,41 : 635.83"
"38,42 : 529.37"
"38,43 : 638.32"
"38,44 : 286.15"
"38,45 : 451.22"
"38,46 : 481.65"
"38,47 : 459.5"
"38,48 : 847.87"
"38,49 : 531.78"
"39,0 : 418.1"
"39,1 : 232.65"
"39,2 : 151.63"
"39,3 : 366.23"
"39,4 : 187.04"
"39,5 : 619.12"
"39,6 : 455.81"
"39,7 : 55.95"
"39,8 : 247.54"
"39,9 : 529.14"
"39,10 : 417.38"
"39,11 : 326.44"
"39,12 : 258.64"
"39,13 : 205.41"
"39,14 : 120.93"
"39,15 : 193.33"
"39,16 : 612.85"
"39,17 : 769.46"
"39,18 : 377.9"
"39,19 : 686.66"
"39,20 : 129.39"
"39,21 : 655.94"
"39,22 : 169.04"
"39,23 : 538.87"
"39,24 : 504.5"
"39,25 : 607.16"
"39,26 : 126.27"
"39,27 : 578.86"
"39,28 : 697.32"
"39,29 : 674.99"
"39,30 : 461.01"
"39,31 : 754.53"
"39,32 : 413.98"
"39,33 : 613.32"
"39,34 : 242.33"
"39,35 : 198.01"
"39,36 : 209.12"
"39,37 : 370.79"
"39,38 : 373.71"
"39,39 : 0.0"
"39,40 : 452.31"
"39,41 : 273.74"
"39,42 : 192.52"
"39,43 : 392.66"
"39,44 : 527.67"
"39,45 : 264.09"
"39,46 : 200.57"
"39,47 : 499.73"
"39,48 : 501.29"
"39,49 : 295.68"
"40,0 : 745.46"
"40,1 : 440.48"
"40,2 : 471.37"
"40,3 : 793.49"
"40,4 : 294.33"
"40,5 : 870.28"
"40,6 : 200.06"
"40,7 : 437.75"
"40,8 : 216.39"
"40,9 : 117.2"
"40,10 : 369.66"
"40,11 : 492.95"
"40,12 : 667.86"
"40,13 : 656.76"
"40,14 : 338.88"
"40,15 : 446.4"
"40,16 : 326.7"
"40,17 : 481.3"
"40,18 : 630.15"
"40,19 : 463.73"
"40,20 : 501.12"
"40,21 : 208.87"
"40,22 : 385.74"
"40,23 : 363.66"
"40,24 : 362.93"
"40,25 : 423.12"
"40,26 : 555.33"
"40,27 : 387.83"
"40,28 : 399.64"
"40,29 : 319.56"
"40,30 : 617.27"
"40,31 : 483.54"
"40,32 : 223.62"
"40,33 : 172.86"
"40,34 : 670.06"
"40,35 : 532.66"
"40,36 : 643.9"
"40,37 : 243.25"
"40,38 : 513.17"
"40,39 : 452.31"
"40,40 : 0.0"
"40,41 : 651.58"
"40,42 : 623.77"
"40,43 : 271.43"
"40,44 : 378.64"
"40,45 : 710.29"
"40,46 : 651.99"
"40,47 : 130.25"
"40,48 : 873.96"
"40,49 : 238.38"
"41,0 : 592.77"
"41,1 : 231.84"
"41,2 : 180.56"
"41,3 : 167.86"
"41,4 : 446.81"
"41,5 : 812.42"
"41,6 : 572.49"
"41,7 : 245.42"
"41,8 : 486.51"
"41,9 : 751.08"
"41,10 : 690.71"
"41,11 : 254.37"
"41,12 : 59.41"
"41,13 : 249.65"
"41,14 : 332.37"
"41,15 : 210.34"
"41,16 : 690.53"
"41,17 : 1032.81"
"41,18 : 605.01"
"41,19 : 956.06"
"41,20 : 159.96"
"41,21 : 830.62"
"41,22 : 266.18"
"41,23 : 808.48"
"41,24 : 538.08"
"41,25 : 878.02"
"41,26 : 309.1"
"41,27 : 848.42"
"41,28 : 763.21"
"41,29 : 778.99"
"41,30 : 709.97"
"41,31 : 794.32"
"41,32 : 520.96"
"41,33 : 823.89"
"41,34 : 353.58"
"41,35 : 430.86"
"41,36 : 124.42"
"41,37 : 633.33"
"41,38 : 635.83"
"41,39 : 273.74"
"41,40 : 651.58"
"41,41 : 0.0"
"41,42 : 119.44"
"41,43 : 475.64"
"41,44 : 798.93"
"41,45 : 307.35"
"41,46 : 202.97"
"41,47 : 731.99"
"41,48 : 231.9"
"41,49 : 428.05"
"42,0 : 473.43"
"42,1 : 262.92"
"42,2 : 175.92"
"42,3 : 174.5"
"42,4 : 378.89"
"42,5 : 692.99"
"42,6 : 582.1"
"42,7 : 187.41"
"42,8 : 433.38"
"42,9 : 711.52"
"42,10 : 603.45"
"42,11 : 321.08"
"42,12 : 75.93"
"42,13 : 132.88"
"42,14 : 286.13"
"42,15 : 226.72"
"42,16 : 719.65"
"42,17 : 961.68"
"42,18 : 488.45"
"42,19 : 876.92"
"42,20 : 132.0"
"42,21 : 817.86"
"42,22 : 259.12"
"42,23 : 729.33"
"42,24 : 580.97"
"42,25 : 796.49"
"42,26 : 194.65"
"42,27 : 769.26"
"42,28 : 798.49"
"42,29 : 798.53"
"42,30 : 597.26"
"42,31 : 840.5"
"42,32 : 533.03"
"42,33 : 791.65"
"42,34 : 235.14"
"42,35 : 318.5"
"42,36 : 21.02"
"42,37 : 563.31"
"42,38 : 529.37"
"42,39 : 192.52"
"42,40 : 623.77"
"42,41 : 119.44"
"42,42 : 0.0"
"42,43 : 495.96"
"42,44 : 716.85"
"42,45 : 195.85"
"42,46 : 87.66"
"42,47 : 685.79"
"42,48 : 319.34"
"42,49 : 424.7"
"43,0 : 790.64"
"43,1 : 243.98"
"43,2 : 320.06"
"43,3 : 639.46"
"43,4 : 346.54"
"43,5 : 965.4"
"43,6 : 103.77"
"43,7 : 348.21"
"43,8 : 294.88"
"43,9 : 388.29"
"43,10 : 556.49"
"43,11 : 253.9"
"43,12 : 511.88"
"43,13 : 579.8"
"43,14 : 281.26"
"43,15 : 272.01"
"43,16 : 224.76"
"43,17 : 750.41"
"43,18 : 711.87"
"43,19 : 721.12"
"43,20 : 364.79"
"43,21 : 382.49"
"43,22 : 240.68"
"43,23 : 600.4"
"43,24 : 126.25"
"43,25 : 668.0"
"43,26 : 518.79"
"43,27 : 632.0"
"43,28 : 306.81"
"43,29 : 304.37"
"43,30 : 746.13"
"43,31 : 362.01"
"43,32 : 54.45"
"43,33 : 425.18"
"43,34 : 634.53"
"43,35 : 558.24"
"43,36 : 516.79"
"43,37 : 433.45"
"43,38 : 638.32"
"43,39 : 392.66"
"43,40 : 271.43"
"43,41 : 475.64"
"43,42 : 495.96"
"43,43 : 0.0"
"43,44 : 607.98"
"43,45 : 646.09"
"43,46 : 556.23"
"43,47 : 398.03"
"43,48 : 669.06"
"43,49 : 108.47"
"44,0 : 570.38"
"44,1 : 665.6"
"44,2 : 639.77"
"44,3 : 885.43"
"44,4 : 356.55"
"44,5 : 604.05"
"44,6 : 567.78"
"44,7 : 554.56"
"44,8 : 346.01"
"44,9 : 311.27"
"44,10 : 119.04"
"44,11 : 750.96"
"44,12 : 786.09"
"44,13 : 675.34"
"44,14 : 483.01"
"44,15 : 647.61"
"44,16 : 705.31"
"44,17 : 261.24"
"44,18 : 430.41"
"44,19 : 161.25"
"44,20 : 642.41"
"44,21 : 509.31"
"44,22 : 584.39"
"44,23 : 27.66"
"44,24 : 722.37"
"44,25 : 79.65"
"44,26 : 554.5"
"44,27 : 57.25"
"44,28 : 776.38"
"44,29 : 688.4"
"44,30 : 347.05"
"44,31 : 861.12"
"44,32 : 574.78"
"44,33 : 378.27"
"44,34 : 629.09"
"44,35 : 455.7"
"44,36 : 730.84"
"44,37 : 182.65"
"44,38 : 286.15"
"44,39 : 527.67"
"44,40 : 378.64"
"44,41 : 798.93"
"44,42 : 716.85"
"44,43 : 607.98"
"44,44 : 0.0"
"44,45 : 697.72"
"44,46 : 696.51"
"44,47 : 267.1"
"44,48 : 1028.69"
"44,49 : 524.46"
"45,0 : 305.04"
"45,1 : 437.69"
"45,2 : 342.34"
"45,3 : 254.95"
"45,4 : 423.62"
"45,5 : 523.7"
"45,6 : 717.4"
"45,7 : 299.05"
"45,8 : 496.95"
"45,9 : 775.33"
"45,10 : 578.69"
"45,11 : 509.48"
"45,12 : 250.6"
"45,13 : 68.8"
"45,14 : 384.98"
"45,15 : 397.05"
"45,16 : 869.92"
"45,17 : 957.14"
"45,18 : 362.93"
"45,19 : 857.63"
"45,20 : 295.67"
"45,21 : 916.79"
"45,22 : 407.08"
"45,23 : 716.42"
"45,24 : 747.09"
"45,25 : 774.83"
"45,26 : 157.65"
"45,27 : 754.35"
"45,28 : 952.88"
"45,29 : 937.04"
"45,30 : 487.47"
"45,31 : 1004.06"
"45,32 : 673.29"
"45,33 : 863.39"
"45,34 : 76.16"
"45,35 : 243.29"
"45,36 : 184.46"
"45,37 : 581.56"
"45,38 : 451.22"
"45,39 : 264.09"
"45,40 : 710.29"
"45,41 : 307.35"
"45,42 : 195.85"
"45,43 : 646.09"
"45,44 : 697.72"
"45,45 : 0.0"
"45,46 : 108.47"
"45,47 : 740.02"
"45,48 : 447.04"
"45,49 : 556.23"
"46,0 : 392.59"
"46,1 : 335.88"
"46,2 : 242.33"
"46,3 : 195.53"
"46,4 : 382.39"
"46,5 : 612.89"
"46,6 : 634.94"
"46,7 : 219.18"
"46,8 : 447.6"
"46,9 : 729.38"
"46,10 : 579.35"
"46,11 : 403.0"
"46,12 : 149.68"
"46,13 : 46.84"
"46,14 : 314.95"
"46,15 : 296.49"
"46,16 : 780.99"
"46,17 : 949.54"
"46,18 : 422.02"
"46,19 : 857.74"
"46,20 : 195.36"
"46,21 : 853.48"
"46,22 : 315.56"
"46,23 : 711.86"
"46,24 : 650.42"
"46,25 : 775.71"
"46,26 : 145.34"
"46,27 : 751.25"
"46,28 : 862.22"
"46,29 : 853.99"
"46,30 : 538.04"
"46,31 : 909.16"
"46,32 : 588.19"
"46,33 : 813.88"
"46,34 : 151.63"
"46,35 : 265.7"
"46,36 : 78.55"
"46,37 : 558.03"
"46,38 : 481.65"
"46,39 : 200.57"
"46,40 : 651.99"
"46,41 : 202.97"
"46,42 : 87.66"
"46,43 : 556.23"
"46,44 : 696.51"
"46,45 : 108.47"
"46,46 : 0.0"
"46,47 : 698.85"
"46,48 : 373.03"
"46,49 : 474.22"
"47,0 : 720.73"
"47,1 : 539.17"
"47,2 : 552.52"
"47,3 : 859.72"
"47,4 : 317.81"
"47,5 : 815.44"
"47,6 : 330.26"
"47,7 : 499.08"
"47,8 : 252.72"
"47,9 : 48.37"
"47,10 : 290.02"
"47,11 : 603.15"
"47,12 : 739.44"
"47,13 : 695.08"
"47,14 : 402.45"
"47,15 : 537.49"
"47,16 : 447.13"
"47,17 : 352.43"
"47,18 : 592.52"
"47,19 : 334.73"
"47,20 : 574.43"
"47,21 : 249.4"
"47,22 : 473.06"
"47,23 : 247.7"
"47,24 : 493.17"
"47,25 : 300.15"
"47,26 : 582.38"
"47,27 : 266.1"
"47,28 : 513.26"
"47,29 : 422.03"
"47,30 : 554.54"
"47,31 : 598.71"
"47,32 : 352.5"
"47,33 : 136.34"
"47,34 : 688.71"
"47,35 : 531.79"
"47,36 : 704.57"
"47,37 : 185.59"
"47,38 : 459.5"
"47,39 : 499.73"
"47,40 : 130.25"
"47,41 : 731.99"
"47,42 : 685.79"
"47,43 : 398.03"
"47,44 : 267.1"
"47,45 : 740.02"
"47,46 : 698.85"
"47,47 : 0.0"
"47,48 : 960.85"
"47,49 : 348.41"
"48,0 : 752.08"
"48,1 : 437.22"
"48,2 : 408.45"
"48,3 : 193.66"
"48,4 : 678.43"
"48,5 : 970.23"
"48,6 : 771.43"
"48,7 : 476.96"
"48,8 : 717.84"
"48,9 : 977.65"
"48,10 : 918.38"
"48,11 : 418.78"
"48,12 : 245.07"
"48,13 : 414.97"
