x,y
825,186
899,387
970,136
261,180
298,6
291,605
899,737
689,889
423,813
822,361
905,421
547,503
613,113
210,803
852,802
55,362
237,497
851,896
16,70
367,908
970,836
100,197
662,897
273,658
293,948
696,614
211,948
348,170
361,90
851,988
749,200
471,101
490,673
555,695
898,648
338,37
19,369
107,965
438,441
649,973
670,155
890,482
510,725
979,879
210,264
598,215
782,602
971,322
275,80
788,433

Distanze
"0,0 : 0.0"
"0,1 : 863.12"
"0,2 : 685.13"
"0,3 : 1105.73"
"0,4 : 369.38"
"0,5 : 328.15"
"0,6 : 527.03"
"0,7 : 467.27"
"0,8 : 373.56"
"0,9 : 622.76"
"0,10 : 634.04"
"0,11 : 775.39"
"0,12 : 455.71"
"0,13 : 213.77"
"0,14 : 803.4"
"0,15 : 116.21"
"0,16 : 881.44"
"0,17 : 144.05"
"0,18 : 104.81"
"0,19 : 247.89"
"0,20 : 625.43"
"0,21 : 604.57"
"0,22 : 189.93"
"0,23 : 51.09"
"0,24 : 606.98"
"0,25 : 760.85"
"0,26 : 731.74"
"0,27 : 506.58"
"0,28 : 829.28"
"0,29 : 645.04"
"0,30 : 783.61"
"0,31 : 109.66"
"0,32 : 638.04"
"0,33 : 205.73"
"0,34 : 566.43"
"0,35 : 815.07"
"0,36 : 909.67"
"0,37 : 857.76"
"0,38 : 730.12"
"0,39 : 920.93"
"0,40 : 669.05"
"0,41 : 431.34"
"0,42 : 217.56"
"0,43 : 582.18"
"0,44 : 998.28"
"0,45 : 666.41"
"0,46 : 736.22"
"0,47 : 791.4"
"0,48 : 626.66"
"0,49 : 732.52"
"1,0 : 863.12"
"1,1 : 0.0"
"1,2 : 600.76"
"1,3 : 264.69"
"1,4 : 724.96"
"1,5 : 660.0"
"1,6 : 346.0"
"1,7 : 580.96"
"1,8 : 495.18"
"1,9 : 241.46"
"1,10 : 423.46"
"1,11 : 232.55"
"1,12 : 713.24"
"1,13 : 651.34"
"1,14 : 574.32"
"1,15 : 811.25"
"1,16 : 271.12"
"1,17 : 891.59"
"1,18 : 915.15"
"1,19 : 686.1"
"1,20 : 237.76"
"1,21 : 282.0"
"1,22 : 908.25"
"1,23 : 870.62"
"1,24 : 408.71"
"1,25 : 719.0"
"1,26 : 874.32"
"1,27 : 531.03"
"1,28 : 340.33"
"1,29 : 515.66"
"1,30 : 322.78"
"1,31 : 941.9"
"1,32 : 661.71"
"1,33 : 677.71"
"1,34 : 671.57"
"1,35 : 329.85"
"1,36 : 74.33"
"1,37 : 87.32"
"1,38 : 152.32"
"1,39 : 167.6"
"1,40 : 675.75"
"1,41 : 782.54"
"1,42 : 980.05"
"1,43 : 543.48"
"1,44 : 150.76"
"1,45 : 354.2"
"1,46 : 782.46"
"1,47 : 672.64"
"1,48 : 242.54"
"1,49 : 618.85"
"2,0 : 685.13"
"2,1 : 600.76"
"2,2 : 0.0"
"2,3 : 847.69"
"2,4 : 333.54"
"2,5 : 357.13"
"2,6 : 539.22"
"2,7 : 222.73"
"2,8 : 537.67"
"2,9 : 472.48"
"2,10 : 189.93"
"2,11 : 372.2"
"2,12 : 256.72"
"2,13 : 530.33"
"2,14 : 127.58"
"2,15 : 721.72"
"2,16 : 820.27"
"2,17 : 801.61"
"2,18 : 784.76"
"2,19 : 439.01"
"2,20 : 496.8"
"2,21 : 394.02"
"2,22 : 842.11"
"2,23 : 725.32"
"2,24 : 220.44"
"2,25 : 128.88"
"2,26 : 1158.82"
"2,27 : 766.08"
"2,28 : 843.39"
"2,29 : 858.28"
"2,30 : 801.41"
"2,31 : 693.16"
"2,32 : 81.47"
"2,33 : 499.03"
"2,34 : 142.34"
"2,35 : 306.13"
"2,36 : 585.6"
"2,37 : 666.08"
"2,38 : 467.96"
"2,39 : 758.03"
"2,40 : 79.62"
"2,41 : 918.0"
"2,42 : 654.64"
"2,43 : 836.09"
"2,44 : 741.29"
"2,45 : 251.8"
"2,46 : 1103.06"
"2,47 : 117.61"
"2,48 : 536.4"
"2,49 : 990.04"
"3,0 : 1105.73"
"3,1 : 264.69"
"3,2 : 847.69"
"3,3 : 0.0"
"3,4 : 989.55"
"3,5 : 923.2"
"3,6 : 578.79"
"3,7 : 845.28"
"3,8 : 732.31"
"3,9 : 496.67"
"3,10 : 680.54"
"3,11 : 476.1"
"3,12 : 977.2"
"3,13 : 898.72"
"3,14 : 800.76"
"3,15 : 1041.28"
"3,16 : 300.54"
"3,17 : 1116.4"
"3,18 : 1146.77"
"3,19 : 945.17"
"3,20 : 487.52"
"3,21 : 545.55"
"3,22 : 1126.74"
"3,23 : 1107.4"
"3,24 : 669.43"
"3,25 : 957.86"
"3,26 : 970.13"
"3,27 : 702.81"
"3,28 : 394.25"
"3,29 : 637.89"
"3,30 : 410.56"
"3,31 : 1191.43"
"3,32 : 914.51"
"3,33 : 930.64"
"3,34 : 930.51"
"3,35 : 552.36"
"3,36 : 262.19"
"3,37 : 248.07"
"3,38 : 417.0"
"3,39 : 197.22"
"3,40 : 925.38"
"3,41 : 953.72"
"3,42 : 1237.22"
"3,43 : 686.27"
"3,44 : 114.06"
"3,45 : 610.65"
"3,46 : 869.52"
"3,47 : 904.91"
"3,48 : 479.95"
"3,49 : 701.09"
"4,0 : 369.38"
"4,1 : 724.96"
"4,2 : 333.54"
"4,3 : 989.55"
"4,4 : 0.0"
"4,5 : 91.59"
"4,6 : 487.7"
"4,7 : 156.82"
"4,8 : 391.47"
"4,9 : 505.65"
"4,10 : 354.56"
"4,11 : 552.29"
"4,12 : 86.38"
"4,13 : 281.33"
"4,14 : 459.62"
"4,15 : 433.21"
"4,16 : 856.15"
"4,17 : 501.86"
"4,18 : 473.56"
"4,19 : 153.22"
"4,20 : 522.27"
"4,21 : 445.12"
"4,22 : 546.24"
"4,23 : 415.5"
"4,24 : 345.15"
"4,25 : 393.19"
"4,26 : 978.82"
"4,27 : 630.59"
"4,28 : 842.03"
"4,29 : 757.56"
"4,30 : 793.84"
"4,31 : 361.6"
"4,32 : 274.24"
"4,33 : 228.21"
"4,34 : 201.1"
"4,35 : 547.25"
"4,36 : 743.81"
"4,37 : 757.33"
"4,38 : 572.72"
"4,39 : 842.62"
"4,40 : 303.66"
"4,41 : 696.68"
"4,42 : 323.58"
"4,43 : 712.96"
"4,44 : 875.5"
"4,45 : 413.36"
"4,46 : 948.56"
"4,47 : 429.28"
"4,48 : 547.4"
"4,49 : 879.98"
"5,0 : 328.15"
"5,1 : 660.0"
"5,2 : 357.13"
"5,3 : 923.2"
"5,4 : 91.59"
"5,5 : 0.0"
"5,6 : 401.45"
"5,7 : 141.13"
"5,8 : 299.95"
"5,9 : 431.37"
"5,10 : 327.48"
"5,11 : 507.31"
"5,12 : 154.93"
"5,13 : 198.98"
"5,14 : 475.77"
"5,15 : 371.19"
"5,16 : 774.03"
"5,17 : 447.36"
"5,18 : 427.83"
"5,19 : 83.01"
"5,20 : 445.9"
"5,21 : 378.0"
"5,22 : 489.52"
"5,23 : 368.42"
"5,24 : 309.03"
"5,25 : 440.56"
"5,26 : 891.81"
"5,27 : 539.17"
"5,28 : 755.79"
"5,29 : 666.01"
"5,30 : 707.42"
"5,31 : 347.54"
"5,32 : 314.87"
"5,33 : 152.2"
"5,34 : 246.61"
"5,35 : 519.46"
"5,36 : 685.69"
"5,37 : 685.29"
"5,38 : 509.13"
"5,39 : 767.87"
"5,40 : 346.85"
"5,41 : 614.55"
"5,42 : 340.15"
"5,43 : 621.44"
"5,44 : 809.33"
"5,45 : 375.9"
"5,46 : 859.02"
"5,47 : 465.51"
"5,48 : 467.77"
"5,49 : 788.44"
"6,0 : 527.03"
"6,1 : 346.0"
"6,2 : 539.22"
"6,3 : 578.79"
"6,4 : 487.7"
"6,5 : 401.45"
"6,6 : 0.0"
"6,7 : 393.24"
"6,8 : 153.53"
"6,9 : 129.87"
"6,10 : 362.35"
"6,11 : 349.04"
"6,12 : 514.43"
"6,13 : 323.44"
"6,14 : 588.93"
"6,15 : 466.41"
"6,16 : 377.12"
"6,17 : 545.77"
"6,18 : 571.11"
"6,19 : 394.32"
"6,20 : 118.21"
"6,21 : 174.59"
"6,22 : 562.39"
"6,23 : 529.31"
"6,24 : 325.65"
"6,25 : 666.8"
"6,26 : 644.05"
"6,27 : 247.64"
"6,28 : 354.45"
"6,29 : 319.52"
"6,30 : 306.18"
"6,31 : 615.55"
"6,32 : 560.63"
"6,33 : 362.51"
"6,34 : 531.5"
"6,35 : 440.22"
"6,36 : 403.98"
"6,37 : 331.01"
"6,38 : 243.01"
"6,39 : 395.73"
"6,40 : 587.78"
"6,41 : 469.75"
"6,42 : 672.3"
"6,43 : 304.11"
"6,44 : 472.64"
"6,45 : 331.37"
"6,46 : 575.15"
"6,47 : 649.87"
"6,48 : 103.47"
"6,49 : 451.25"
"7,0 : 467.27"
"7,1 : 580.96"
"7,2 : 222.73"
"7,3 : 845.28"
"7,4 : 156.82"
"7,5 : 141.13"
"7,6 : 393.24"
"7,7 : 0.0"
"7,8 : 343.76"
"7,9 : 378.62"
"7,10 : 198.04"
"7,11 : 396.91"
"7,12 : 133.14"
"7,13 : 308.61"
"7,14 : 336.3"
"7,15 : 499.03"
"7,16 : 739.02"
"7,17 : 579.4"
"7,18 : 564.57"
"7,19 : 219.43"
"7,20 : 398.67"
"7,21 : 308.92"
"7,22 : 619.53"
"7,23 : 505.2"
"7,24 : 188.83"
"7,25 : 323.02"
"7,26 : 964.82"
"7,27 : 585.18"
"7,28 : 738.04"
"7,29 : 696.16"
"7,30 : 691.29"
"7,31 : 487.95"
"7,32 : 197.65"
"7,33 : 276.39"
"7,34 : 145.77"
"7,35 : 391.19"
"7,36 : 593.83"
"7,37 : 621.71"
"7,38 : 429.12"
"7,39 : 710.33"
"7,40 : 229.84"
"7,41 : 707.39"
"7,42 : 470.77"
"7,43 : 662.49"
"7,44 : 731.64"
"7,45 : 256.9"
"7,46 : 919.14"
"7,47 : 336.76"
"7,48 : 430.12"
"7,49 : 825.47"
"8,0 : 373.56"
"8,1 : 495.18"
"8,2 : 537.67"
"8,3 : 732.31"
"8,4 : 391.47"
"8,5 : 299.95"
"8,6 : 153.53"
"8,7 : 343.76"
"8,8 : 0.0"
"8,9 : 261.2"
"8,10 : 394.07"
"8,11 : 454.0"
"8,12 : 439.87"
"8,13 : 174.59"
"8,14 : 616.85"
"8,15 : 316.48"
"8,16 : 518.28"
"8,17 : 398.56"
"8,18 : 419.97"
"8,19 : 268.29"
"8,20 : 258.81"
"8,21 : 268.07"
"8,22 : 419.59"
"8,23 : 376.38"
"8,24 : 356.88"
"8,25 : 656.4"
"8,26 : 623.16"
"8,27 : 243.46"
"8,28 : 480.04"
"8,29 : 366.12"
"8,30 : 431.94"
"8,31 : 463.91"
"8,32 : 536.33"
"8,33 : 220.99"
"8,34 : 489.51"
"8,35 : 525.59"
"8,36 : 548.18"
"8,37 : 484.49"
"8,38 : 375.29"
"8,39 : 548.02"
"8,40 : 567.24"
"8,41 : 388.29"
"8,42 : 527.31"
"8,43 : 323.83"
"8,44 : 625.76"
"8,45 : 389.97"
"8,46 : 575.4"
"8,47 : 654.85"
"8,48 : 254.64"
"8,49 : 490.11"
"9,0 : 622.76"
"9,1 : 241.46"
"9,2 : 472.48"
"9,3 : 496.67"
"9,4 : 505.65"
"9,5 : 431.37"
"9,6 : 129.87"
"9,7 : 378.62"
"9,8 : 261.2"
"9,9 : 0.0"
"9,10 : 283.59"
"9,11 : 222.09"
"9,12 : 510.55"
"9,13 : 410.22"
"9,14 : 498.22"
"9,15 : 576.97"
"9,16 : 361.61"
"9,17 : 659.71"
"9,18 : 679.17"
"9,19 : 448.55"
"9,20 : 24.6"
"9,21 : 78.59"
"9,22 : 680.35"
"9,23 : 632.39"
"9,24 : 252.2"
"9,25 : 601.15"
"9,26 : 759.75"
"9,27 : 369.77"
"9,28 : 372.23"
"9,29 : 416.32"
"9,30 : 329.16"
"9,31 : 700.45"
"9,32 : 510.79"
"9,33 : 436.5"
"9,34 : 498.1"
"9,35 : 319.6"
"9,36 : 288.06"
"9,37 : 254.19"
"9,38 : 115.26"
"9,39 : 337.09"
"9,40 : 533.46"
"9,41 : 599.4"
"9,42 : 740.85"
"9,43 : 414.95"
"9,44 : 384.25"
"9,45 : 234.47"
"9,46 : 683.8"
"9,47 : 573.28"
"9,48 : 65.51"
"9,49 : 544.52"
"10,0 : 634.04"
"10,1 : 423.46"
"10,2 : 189.93"
"10,3 : 680.54"
"10,4 : 354.56"
"10,5 : 327.48"
"10,6 : 362.35"
"10,7 : 198.04"
"10,8 : 394.07"
"10,9 : 283.59"
"10,10 : 0.0"
"10,11 : 210.12"
"10,12 : 313.75"
"10,13 : 441.31"
"10,14 : 227.85"
"10,15 : 640.28"
"10,16 : 631.09"
"10,17 : 725.59"
"10,18 : 722.07"
"10,19 : 392.87"
"10,20 : 308.08"
"10,21 : 205.63"
"10,22 : 760.33"
"10,23 : 664.4"
"10,24 : 37.8"
"10,25 : 318.0"
"10,26 : 999.05"
"10,27 : 601.52"
"10,28 : 653.59"
"10,29 : 681.2"
"10,30 : 611.95"
"10,31 : 671.86"
"10,32 : 239.68"
"10,33 : 429.62"
"10,34 : 250.14"
"10,35 : 193.38"
"10,36 : 420.24"
"10,37 : 482.13"
"10,38 : 282.3"
"10,39 : 574.13"
"10,40 : 257.16"
"10,41 : 782.36"
"10,42 : 665.81"
"10,43 : 665.34"
"10,44 : 569.92"
"10,45 : 69.89"
"10,46 : 935.67"
"10,47 : 290.77"
"10,48 : 348.23"
"10,49 : 812.64"
"11,0 : 775.39"
"11,1 : 232.55"
"11,2 : 372.2"
"11,3 : 476.1"
"11,4 : 552.29"
"11,5 : 507.31"
"11,6 : 349.04"
"11,7 : 396.91"
"11,8 : 454.0"
"11,9 : 222.09"
"11,10 : 210.12"
"11,11 : 0.0"
"11,12 : 521.2"
"11,13 : 564.74"
"11,14 : 342.66"
"11,15 : 753.94"
"11,16 : 481.0"
"11,17 : 839.76"
"11,18 : 849.0"
"11,19 : 556.19"
"11,20 : 241.07"
"11,21 : 186.13"
"11,22 : 866.9"
"11,23 : 795.86"
"11,24 : 208.58"
"11,25 : 487.23"
"11,26 : 979.55"
"11,27 : 591.85"
"11,28 : 527.77"
"11,29 : 629.5"
"11,30 : 495.46"
"11,31 : 833.02"
"11,32 : 438.6"
"11,33 : 572.0"
"11,34 : 458.96"
"11,35 : 108.81"
"11,36 : 213.93"
"11,37 : 307.55"
"11,38 : 135.88"
"11,39 : 397.04"
"11,40 : 449.37"
"11,41 : 817.74"
"11,42 : 845.99"
"11,43 : 634.35"
"11,44 : 369.12"
"11,45 : 142.06"
"11,46 : 900.32"
"11,47 : 440.09"
"11,48 : 277.35"
"11,49 : 753.08"
"12,0 : 455.71"
"12,1 : 713.24"
"12,2 : 256.72"
"12,3 : 977.2"
"12,4 : 86.38"
"12,5 : 154.93"
"12,6 : 514.43"
"12,7 : 133.14"
"12,8 : 439.87"
"12,9 : 510.55"
"12,10 : 313.75"
"12,11 : 521.2"
"12,12 : 0.0"
"12,13 : 353.81"
"12,14 : 384.21"
"12,15 : 516.71"
"12,16 : 869.62"
"12,17 : 587.15"
"12,18 : 559.77"
"12,19 : 231.14"
"12,20 : 529.95"
"12,21 : 441.94"
"12,22 : 631.22"
"12,23 : 501.54"
"12,24 : 313.19"
"12,25 : 307.31"
"12,26 : 1044.95"
"12,27 : 682.97"
"12,28 : 864.71"
"12,29 : 803.55"
"12,30 : 817.32"
"12,31 : 445.62"
"12,32 : 191.07"
"12,33 : 304.83"
"12,34 : 118.0"
"12,35 : 500.47"
"12,36 : 723.57"
"12,37 : 754.84"
"12,38 : 561.73"
"12,39 : 843.37"
"12,40 : 219.21"
"12,41 : 769.47"
"12,42 : 398.44"
"12,43 : 763.69"
"12,44 : 863.78"
"12,45 : 379.24"
"12,46 : 1008.99"
"12,47 : 345.77"
"12,48 : 559.91"
"12,49 : 929.68"
"13,0 : 213.77"
"13,1 : 651.34"
"13,2 : 530.33"
"13,3 : 898.72"
"13,4 : 281.33"
"13,5 : 198.98"
"13,6 : 323.44"
"13,7 : 308.61"
"13,8 : 174.59"
"13,9 : 410.22"
"13,10 : 441.31"
"13,11 : 564.74"
"13,12 : 353.81"
"13,13 : 0.0"
"13,14 : 635.74"
"13,15 : 199.01"
"13,16 : 692.87"
"13,17 : 284.34"
"13,18 : 285.41"
"13,19 : 129.71"
"13,20 : 414.24"
"13,21 : 391.03"
"13,22 : 319.48"
"13,23 : 231.14"
"13,24 : 410.15"
"13,25 : 629.14"
"13,26 : 698.55"
"13,27 : 374.01"
"13,28 : 652.67"
"13,29 : 510.88"
"13,30 : 604.91"
"13,31 : 292.77"
"13,32 : 502.61"
"13,33 : 58.05"
"13,34 : 439.42"
"13,35 : 611.95"
"13,36 : 696.29"
"13,37 : 650.8"
"13,38 : 516.44"
"13,39 : 719.09"
"13,40 : 535.05"
"13,41 : 416.01"
"13,42 : 352.94"
"13,43 : 457.09"
"13,44 : 789.41"
"13,45 : 464.1"
"13,46 : 673.26"
"13,47 : 645.33"
"13,48 : 418.8"
"13,49 : 622.35"
"14,0 : 803.4"
"14,1 : 574.32"
"14,2 : 127.58"
"14,3 : 800.76"
"14,4 : 459.62"
"14,5 : 475.77"
"14,6 : 588.93"
"14,7 : 336.3"
"14,8 : 616.85"
"14,9 : 498.22"
"14,10 : 227.85"
"14,11 : 342.66"
"14,12 : 384.21"
"14,13 : 635.74"
"14,14 : 0.0"
"14,15 : 831.69"
"14,16 : 819.13"
"14,17 : 913.83"
"14,18 : 900.75"
"14,19 : 555.68"
"14,20 : 522.69"
"14,21 : 424.08"
"14,22 : 952.69"
"14,23 : 841.42"
"14,24 : 265.51"
"14,25 : 168.61"
"14,26 : 1226.83"
"14,27 : 829.37"
"14,28 : 855.87"
"14,29 : 906.38"
"14,30 : 818.08"
"14,31 : 817.14"
"14,32 : 203.18"
"14,33 : 610.44"
"14,34 : 269.53"
"14,35 : 249.01"
"14,36 : 544.06"
"14,37 : 649.96"
"14,38 : 463.34"
"14,39 : 739.69"
"14,40 : 188.06"
"14,41 : 1004.13"
"14,42 : 781.74"
"14,43 : 892.62"
"14,44 : 702.03"
"14,45 : 263.77"
"14,46 : 1163.23"
"14,47 : 106.61"
"14,48 : 563.72"
"14,49 : 1037.31"
"15,0 : 116.21"
"15,1 : 811.25"
"15,2 : 721.72"
"15,3 : 1041.28"
"15,4 : 433.21"
"15,5 : 371.19"
"15,6 : 466.41"
"15,7 : 499.03"
"15,8 : 316.48"
"15,9 : 576.97"
"15,10 : 640.28"
"15,11 : 753.94"
"15,12 : 516.71"
"15,13 : 199.01"
"15,14 : 831.69"
"15,15 : 0.0"
"15,16 : 799.09"
"15,17 : 86.21"
"15,18 : 105.6"
"15,19 : 288.59"
"15,20 : 575.3"
"15,21 : 573.13"
"15,22 : 121.05"
"15,23 : 81.27"
"15,24 : 608.79"
"15,25 : 811.7"
"15,26 : 616.26"
"15,27 : 404.64"
"15,28 : 739.64"
"15,29 : 540.45"
"15,30 : 695.81"
"15,31 : 224.32"
"15,32 : 685.75"
"15,33 : 222.73"
"15,34 : 617.72"
"15,35 : 807.99"
"15,36 : 864.54"
"15,37 : 795.34"
"15,38 : 689.77"
"15,39 : 850.67"
"15,40 : 717.86"
"15,41 : 315.65"
"15,42 : 333.64"
"15,43 : 476.12"
"15,44 : 938.0"
"15,45 : 661.11"
"15,46 : 620.1"
"15,47 : 834.14"
"15,48 : 569.47"
"15,49 : 621.17"
"16,0 : 881.44"
"16,1 : 271.12"
"16,2 : 820.27"
"16,3 : 300.54"
"16,4 : 856.15"
"16,5 : 774.03"
"16,6 : 377.12"
"16,7 : 739.02"
"16,8 : 518.28"
"16,9 : 361.61"
"16,10 : 631.09"
"16,11 : 481.0"
"16,12 : 869.62"
"16,13 : 692.87"
"16,14 : 819.13"
"16,15 : 799.09"
"16,16 : 0.0"
"16,17 : 865.34"
"16,18 : 903.69"
"16,19 : 771.43"
"16,20 : 340.51"
"16,21 : 437.0"
"16,22 : 868.33"
"16,23 : 873.07"
"16,24 : 605.07"
"16,25 : 946.39"
"16,26 : 670.86"
"16,27 : 422.57"
"16,28 : 94.09"
"16,29 : 340.04"
"16,30 : 114.39"
"16,31 : 979.04"
"16,32 : 867.22"
"16,33 : 736.89"
"16,34 : 859.07"
"16,35 : 587.39"
"16,36 : 336.59"
"16,37 : 183.83"
"16,38 : 356.35"
"16,39 : 127.53"
"16,40 : 887.47"
"16,41 : 665.33"
"16,42 : 1045.39"
"16,43 : 392.92"
"16,44 : 252.67"
"16,45 : 569.39"
"16,46 : 571.02"
"16,47 : 909.04"
"16,48 : 309.92"
"16,49 : 402.05"
"17,0 : 144.05"
"17,1 : 891.59"
"17,2 : 801.61"
"17,3 : 1116.4"
"17,4 : 501.86"
"17,5 : 447.36"
"17,6 : 545.77"
"17,7 : 579.4"
"17,8 : 398.56"
"17,9 : 659.71"
"17,10 : 725.59"
"17,11 : 839.76"
"17,12 : 587.15"
"17,13 : 284.34"
"17,14 : 913.83"
"17,15 : 86.21"
"17,16 : 865.34"
"17,17 : 0.0"
"17,18 : 58.03"
"17,19 : 364.36"
"17,20 : 657.01"
"17,21 : 658.28"
"17,22 : 45.97"
"17,23 : 92.96"
"17,24 : 694.45"
"17,25 : 887.25"
"17,26 : 612.55"
"17,27 : 457.3"
"17,28 : 800.76"
"17,29 : 587.04"
"17,30 : 758.73"
"17,31 : 230.22"
"17,32 : 762.11"
"17,33 : 303.42"
"17,34 : 692.57"
"17,35 : 894.18"
"17,36 : 946.56"
"17,37 : 872.09"
"17,38 : 773.26"
"17,39 : 923.7"
"17,40 : 793.92"
"17,41 : 318.61"
"17,42 : 347.04"
"17,43 : 521.42"
"17,44 : 1015.11"
"17,45 : 747.22"
"17,46 : 630.48"
"17,47 : 912.48"
"17,48 : 649.19"
"17,49 : 653.83"
"18,0 : 104.81"
"18,1 : 915.15"
"18,2 : 784.76"
"18,3 : 1146.77"
"18,4 : 473.56"
"18,5 : 427.83"
"18,6 : 571.11"
"18,7 : 564.57"
"18,8 : 419.97"
"18,9 : 679.17"
"18,10 : 722.07"
"18,11 : 849.0"
"18,12 : 559.77"
"18,13 : 285.41"
"18,14 : 900.75"
"18,15 : 105.6"
"18,16 : 903.69"
"18,17 : 58.03"
"18,18 : 0.0"
"18,19 : 345.79"
"18,20 : 678.46"
"18,21 : 671.18"
"18,22 : 97.14"
"18,23 : 59.44"
"18,24 : 692.79"
"18,25 : 863.93"
"18,26 : 670.58"
"18,27 : 503.11"
"18,28 : 842.56"
"18,29 : 635.81"
"18,30 : 799.34"
"18,31 : 175.45"
"18,32 : 740.31"
"18,33 : 293.29"
"18,34 : 669.25"
"18,35 : 897.05"
"18,36 : 967.14"
"18,37 : 900.61"
"18,38 : 790.88"
"18,39 : 956.27"
"18,40 : 771.6"
"18,41 : 376.2"
"18,42 : 292.43"
"18,43 : 570.55"
"18,44 : 1043.16"
"18,45 : 748.87"
"18,46 : 687.88"
"18,47 : 892.85"
"18,48 : 673.89"
"18,49 : 707.32"
"19,0 : 247.89"
"19,1 : 686.1"
"19,2 : 439.01"
"19,3 : 945.17"
"19,4 : 153.22"
"19,5 : 83.01"
"19,6 : 394.32"
"19,7 : 219.43"
"19,8 : 268.29"
"19,9 : 448.55"
"19,10 : 392.87"
"19,11 : 556.19"
"19,12 : 231.14"
"19,13 : 129.71"
"19,14 : 555.68"
"19,15 : 288.59"
"19,16 : 771.43"
"19,17 : 364.36"
"19,18 : 345.79"
"19,19 : 0.0"
"19,20 : 459.22"
"19,21 : 407.18"
"19,22 : 406.55"
"19,23 : 286.36"
"19,24 : 369.53"
"19,25 : 523.41"
"19,26 : 828.25"
"19,27 : 494.41"
"19,28 : 743.28"
"19,29 : 627.54"
"19,30 : 694.81"
"19,31 : 279.87"
"19,32 : 397.86"
"19,33 : 75.0"
"19,34 : 329.16"
"19,35 : 580.64"
"19,36 : 719.47"
"19,37 : 701.42"
"19,38 : 539.29"
"19,39 : 778.93"
"19,40 : 429.8"
"19,41 : 543.66"
"19,42 : 294.73"
"19,43 : 577.67"
"19,44 : 832.37"
"19,45 : 433.42"
"19,46 : 802.04"
"19,47 : 548.34"
"19,48 : 474.57"
"19,49 : 744.35"
"20,0 : 625.43"
"20,1 : 237.76"
"20,2 : 496.8"
"20,3 : 487.52"
"20,4 : 522.27"
"20,5 : 445.9"
"20,6 : 118.21"
"20,7 : 398.67"
"20,8 : 258.81"
"20,9 : 24.6"
"20,10 : 308.08"
"20,11 : 241.07"
"20,12 : 529.95"
"20,13 : 414.24"
"20,14 : 522.69"
"20,15 : 575.3"
"20,16 : 340.51"
"20,17 : 657.01"
"20,18 : 678.46"
"20,19 : 459.22"
"20,20 : 0.0"
"20,21 : 102.79"
"20,22 : 676.14"
"20,23 : 633.09"
"20,24 : 276.44"
"20,25 : 625.51"
"20,26 : 739.04"
"20,27 : 351.48"
"20,28 : 348.56"
"20,29 : 393.51"
"20,30 : 305.11"
"20,31 : 705.9"
"20,32 : 534.33"
"20,33 : 443.38"
"20,34 : 520.42"
"20,35 : 340.9"
"20,36 : 289.56"
"20,37 : 242.2"
"20,38 : 125.1"
"20,39 : 322.02"
"20,40 : 557.29"
"20,41 : 585.22"
"20,42 : 749.85"
"20,43 : 393.94"
"20,44 : 376.28"
"20,45 : 258.97"
"20,46 : 661.92"
"20,47 : 597.86"
"20,48 : 41.05"
"20,49 : 521.14"
"21,0 : 604.57"
"21,1 : 282.0"
"21,2 : 394.02"
"21,3 : 545.55"
"21,4 : 445.12"
"21,5 : 378.0"
"21,6 : 174.59"
"21,7 : 308.92"
"21,8 : 268.07"
"21,9 : 78.59"
"21,10 : 205.63"
"21,11 : 186.13"
"21,12 : 441.94"
"21,13 : 391.03"
"21,14 : 424.08"
"21,15 : 573.13"
"21,16 : 437.0"
"21,17 : 658.28"
"21,18 : 671.18"
"21,19 : 407.18"
"21,20 : 102.79"
"21,21 : 0.0"
"21,22 : 683.59"
"21,23 : 620.35"
"21,24 : 173.66"
"21,25 : 522.76"
"21,26 : 818.17"
"21,27 : 422.23"
"21,28 : 450.7"
"21,29 : 484.01"
"21,30 : 407.75"
"21,31 : 672.79"
"21,32 : 432.61"
"21,33 : 407.49"
"21,34 : 422.12"
"21,35 : 267.44"
"21,36 : 312.41"
"21,37 : 313.46"
"21,38 : 132.23"
"21,39 : 401.43"
"21,40 : 454.99"
"21,41 : 635.84"
"21,42 : 701.9"
"21,43 : 476.05"
"21,44 : 431.56"
"21,45 : 161.07"
"21,46 : 746.89"
"21,47 : 495.99"
"21,48 : 142.62"
"21,49 : 614.13"
"22,0 : 189.93"
"22,1 : 908.25"
"22,2 : 842.11"
"22,3 : 1126.74"
"22,4 : 546.24"
"22,5 : 489.52"
"22,6 : 562.39"
"22,7 : 619.53"
"22,8 : 419.59"
"22,9 : 680.35"
"22,10 : 760.33"
"22,11 : 866.9"
"22,12 : 631.22"
"22,13 : 319.48"
"22,14 : 952.69"
"22,15 : 121.05"
"22,16 : 868.33"
"22,17 : 45.97"
"22,18 : 97.14"
"22,19 : 406.55"
"22,20 : 676.14"
"22,21 : 683.59"
"22,22 : 0.0"
"22,23 : 138.85"
"22,24 : 728.31"
"22,25 : 929.9"
"22,26 : 579.03"
"22,27 : 453.35"
"22,28 : 800.08"
"22,29 : 578.0"
"22,30 : 759.54"
"22,31 : 272.46"
"22,32 : 804.39"
"22,33 : 343.14"
"22,34 : 735.41"
"22,35 : 925.09"
"22,36 : 965.45"
"22,37 : 884.6"
"22,38 : 794.83"
"22,39 : 932.38"
"22,40 : 836.34"
"22,41 : 291.12"
"22,42 : 389.46"
"22,43 : 512.2"
"22,44 : 1027.72"
"22,45 : 779.14"
"22,46 : 602.58"
"22,47 : 953.89"
"22,48 : 665.76"
"22,49 : 636.48"
"23,0 : 51.09"
"23,1 : 870.62"
"23,2 : 725.32"
"23,3 : 1107.4"
"23,4 : 415.5"
"23,5 : 368.42"
"23,6 : 529.31"
"23,7 : 505.2"
"23,8 : 376.38"
"23,9 : 632.39"
"23,10 : 664.4"
"23,11 : 795.86"
"23,12 : 501.54"
"23,13 : 231.14"
"23,14 : 841.42"
"23,15 : 81.27"
"23,16 : 873.07"
"23,17 : 92.96"
"23,18 : 59.44"
"23,19 : 286.36"
"23,20 : 633.09"
"23,21 : 620.35"
"23,22 : 138.85"
"23,23 : 0.0"
"23,24 : 635.67"
"23,25 : 805.01"
"23,26 : 688.39"
"23,27 : 484.81"
"23,28 : 816.4"
"23,29 : 621.29"
"23,30 : 771.83"
"23,31 : 147.67"
"23,32 : 681.15"
"23,33 : 235.0"
"23,34 : 610.27"
"23,35 : 841.18"
"23,36 : 920.37"
"23,37 : 860.13"
"23,38 : 742.53"
"23,39 : 919.36"
"23,40 : 712.52"
"23,41 : 389.01"
"23,42 : 261.74"
"23,43 : 557.15"
"23,44 : 1001.94"
"23,45 : 692.74"
"23,46 : 697.16"
"23,47 : 833.52"
"23,48 : 631.01"
"23,49 : 702.26"
"24,0 : 606.98"
"24,1 : 408.71"
"24,2 : 220.44"
"24,3 : 669.43"
"24,4 : 345.15"
"24,5 : 309.03"
"24,6 : 325.65"
"24,7 : 188.83"
"24,8 : 356.88"
"24,9 : 252.2"
"24,10 : 37.8"
"24,11 : 208.58"
"24,12 : 313.19"
"24,13 : 410.15"
"24,14 : 265.51"
"24,15 : 608.79"
"24,16 : 605.07"
"24,17 : 694.45"
"24,18 : 692.79"
"24,19 : 369.53"
"24,20 : 276.44"
"24,21 : 173.66"
"24,22 : 728.31"
"24,23 : 635.67"
"24,24 : 0.0"
"24,25 : 349.26"
"24,26 : 961.34"
"24,27 : 563.89"
"24,28 : 623.85"
"24,29 : 644.86"
"24,30 : 581.32"
"24,31 : 649.35"
"24,32 : 262.27"
"24,33 : 401.64"
"24,34 : 263.17"
"24,35 : 211.29"
"24,36 : 411.92"
"24,37 : 462.31"
"24,38 : 262.55"
"24,39 : 553.95"
"24,40 : 282.7"
"24,41 : 745.12"
"24,42 : 649.02"
"24,43 : 628.16"
"24,44 : 557.38"
"24,45 : 68.25"
"24,46 : 898.31"
"24,47 : 325.51"
"24,48 : 315.96"
"24,49 : 776.42"
"25,0 : 760.85"
"25,1 : 719.0"
"25,2 : 128.88"
"25,3 : 957.86"
"25,4 : 393.19"
"25,5 : 440.56"
"25,6 : 666.8"
"25,7 : 323.02"
"25,8 : 656.4"
"25,9 : 601.15"
"25,10 : 318.0"
"25,11 : 487.23"
"25,12 : 307.31"
"25,13 : 629.14"
"25,14 : 168.61"
"25,15 : 811.7"
"25,16 : 946.39"
"25,17 : 887.25"
"25,18 : 863.93"
"25,19 : 523.41"
"25,20 : 625.51"
"25,21 : 522.76"
"25,22 : 929.9"
"25,23 : 805.01"
"25,24 : 349.26"
"25,25 : 0.0"
"25,26 : 1279.38"
"25,27 : 889.6"
"25,28 : 971.56"
"25,29 : 985.29"
"25,30 : 929.9"
"25,31 : 752.21"
"25,32 : 126.57"
"25,33 : 590.66"
"25,34 : 194.79"
"25,35 : 406.75"
"25,36 : 697.42"
"25,37 : 788.06"
"25,38 : 592.03"
"25,39 : 879.66"
"25,40 : 94.15"
"25,41 : 1029.77"
"25,42 : 695.52"
"25,43 : 961.32"
"25,44 : 854.87"
"25,45 : 377.0"
"25,46 : 1226.61"
"25,47 : 66.48"
"25,48 : 665.21"
"25,49 : 1116.98"
"26,0 : 731.74"
"26,1 : 874.32"
"26,2 : 1158.82"
"26,3 : 970.13"
"26,4 : 978.82"
"26,5 : 891.81"
"26,6 : 644.05"
"26,7 : 964.82"
"26,8 : 623.16"
"26,9 : 759.75"
"26,10 : 999.05"
"26,11 : 979.55"
"26,12 : 1044.95"
"26,13 : 698.55"
"26,14 : 1226.83"
"26,15 : 616.26"
"26,16 : 670.86"
"26,17 : 612.55"
"26,18 : 670.58"
"26,19 : 828.25"
"26,20 : 739.04"
"26,21 : 818.17"
"26,22 : 579.03"
"26,23 : 688.39"
"26,24 : 961.34"
"26,25 : 1279.38"
"26,26 : 0.0"
"26,27 : 397.95"
"26,28 : 576.78"
"26,29 : 359.24"
"26,30 : 569.23"
"26,31 : 836.0"
"26,32 : 1159.32"
"26,33 : 754.67"
"26,34 : 1109.83"
"26,35 : 1079.31"
"26,36 : 948.54"
"26,37 : 803.2"
"26,38 : 851.5"
"26,39 : 790.8"
"26,40 : 1190.37"
"26,41 : 300.65"
"26,42 : 949.14"
"26,43 : 345.2"
"26,44 : 916.99"
"26,45 : 974.87"
"26,46 : 101.97"
"26,47 : 1275.1"
"26,48 : 702.24"
"26,49 : 269.05"
"27,0 : 506.58"
"27,1 : 531.03"
"27,2 : 766.08"
"27,3 : 702.81"
"27,4 : 630.59"
"27,5 : 539.17"
"27,6 : 247.64"
"27,7 : 585.18"
"27,8 : 243.46"
"27,9 : 369.77"
"27,10 : 601.52"
"27,11 : 591.85"
"27,12 : 682.97"
"27,13 : 374.01"
"27,14 : 829.37"
"27,15 : 404.64"
"27,16 : 422.57"
"27,17 : 457.3"
"27,18 : 503.11"
"27,19 : 494.41"
"27,20 : 351.48"
"27,21 : 422.23"
"27,22 : 453.35"
"27,23 : 484.81"
"27,24 : 563.89"
"27,25 : 889.6"
"27,26 : 397.95"
"27,27 : 0.0"
"27,28 : 348.01"
"27,29 : 139.71"
"27,30 : 310.1"
"27,31 : 614.29"
"27,32 : 773.55"
"27,33 : 431.2"
"27,34 : 730.81"
"27,35 : 686.96"
"27,36 : 601.3"
"27,37 : 480.58"
"27,38 : 472.12"
"27,39 : 505.68"
"27,40 : 803.51"
"27,41 : 253.67"
"27,42 : 705.1"
"27,43 : 83.29"
"27,44 : 617.84"
"27,45 : 577.23"
"27,46 : 337.05"
"27,47 : 881.08"
"27,48 : 319.09"
"27,49 : 250.06"
"28,0 : 829.28"
"28,1 : 340.33"
"28,2 : 843.39"
"28,3 : 394.25"
"28,4 : 842.03"
"28,5 : 755.79"
"28,6 : 354.45"
"28,7 : 738.04"
"28,8 : 480.04"
"28,9 : 372.23"
"28,10 : 653.59"
"28,11 : 527.77"
"28,12 : 864.71"
"28,13 : 652.67"
"28,14 : 855.87"
"28,15 : 739.64"
"28,16 : 94.09"
"28,17 : 800.76"
"28,18 : 842.56"
"28,19 : 743.28"
"28,20 : 348.56"
"28,21 : 450.7"
"28,22 : 800.08"
"28,23 : 816.4"
"28,24 : 623.85"
"28,25 : 971.56"
"28,26 : 576.78"
"28,27 : 348.01"
"28,28 : 0.0"
"28,29 : 251.18"
"28,30 : 48.51"
"28,31 : 930.9"
"28,32 : 882.89"
"28,33 : 701.02"
"28,34 : 866.98"
"28,35 : 636.35"
"28,36 : 411.06"
"28,37 : 255.05"
"28,38 : 395.06"
"28,39 : 217.6"
"28,40 : 905.68"
"28,41 : 581.85"
"28,42 : 1005.1"
"28,43 : 308.13"
"28,44 : 344.16"
"28,45 : 597.42"
"28,46 : 477.03"
"28,47 : 939.61"
"28,48 : 311.45"
"28,49 : 308.02"
"29,0 : 645.04"
"29,1 : 515.66"
"29,2 : 858.28"
"29,3 : 637.89"
"29,4 : 757.56"
"29,5 : 666.01"
"29,6 : 319.52"
"29,7 : 696.16"
"29,8 : 366.12"
"29,9 : 416.32"
"29,10 : 681.2"
"29,11 : 629.5"
"29,12 : 803.55"
"29,13 : 510.88"
"29,14 : 906.38"
"29,15 : 540.45"
"29,16 : 340.04"
"29,17 : 587.04"
"29,18 : 635.81"
"29,19 : 627.54"
"29,20 : 393.51"
"29,21 : 484.01"
"29,22 : 578.0"
"29,23 : 621.29"
"29,24 : 644.86"
"29,25 : 985.29"
"29,26 : 359.24"
"29,27 : 139.71"
"29,28 : 251.18"
"29,29 : 0.0"
"29,30 : 227.37"
"29,31 : 753.26"
"29,32 : 875.64"
"29,33 : 567.32"
"29,34 : 839.93"
"29,35 : 733.31"
"29,36 : 589.73"
"29,37 : 447.46"
"29,38 : 497.57"
"29,39 : 446.94"
"29,40 : 903.97"
"29,41 : 334.01"
"29,42 : 844.81"
"29,43 : 65.8"
"29,44 : 570.01"
"29,45 : 644.96"
"29,46 : 272.07"
"29,47 : 969.39"
"29,48 : 354.05"
"29,49 : 131.76"
"30,0 : 783.61"
"30,1 : 322.78"
"30,2 : 801.41"
"30,3 : 410.56"
"30,4 : 793.84"
"30,5 : 707.42"
"30,6 : 306.18"
"30,7 : 691.29"
"30,8 : 431.94"
"30,9 : 329.16"
"30,10 : 611.95"
"30,11 : 495.46"
"30,12 : 817.32"
"30,13 : 604.91"
"30,14 : 818.08"
"30,15 : 695.81"
"30,16 : 114.39"
"30,17 : 758.73"
"30,18 : 799.34"
"30,19 : 694.81"
"30,20 : 305.11"
"30,21 : 407.75"
"30,22 : 759.54"
"30,23 : 771.83"
"30,24 : 581.32"
"30,25 : 929.9"
"30,26 : 569.23"
"30,27 : 310.1"
"30,28 : 48.51"
"30,29 : 227.37"
"30,30 : 0.0"
"30,31 : 884.48"
"30,32 : 838.99"
"30,33 : 652.91"
"30,34 : 821.51"
"30,35 : 604.27"
"30,36 : 395.8"
"30,37 : 241.59"
"30,38 : 360.84"
"30,39 : 222.23"
"30,40 : 862.34"
"30,41 : 550.96"
"30,42 : 957.54"
"30,43 : 278.63"
"30,44 : 347.87"
"30,45 : 557.65"
"30,46 : 471.86"
"30,47 : 899.6"
"30,48 : 266.92"
"30,49 : 303.66"
"31,0 : 109.66"
"31,1 : 941.9"
"31,2 : 693.16"
"31,3 : 1191.43"
"31,4 : 361.6"
"31,5 : 347.54"
"31,6 : 615.55"
"31,7 : 487.95"
"31,8 : 463.91"
"31,9 : 700.45"
"31,10 : 671.86"
"31,11 : 833.02"
"31,12 : 445.62"
"31,13 : 292.77"
"31,14 : 817.14"
"31,15 : 224.32"
"31,16 : 979.04"
"31,17 : 230.22"
"31,18 : 175.45"
"31,19 : 279.87"
"31,20 : 705.9"
"31,21 : 672.79"
"31,22 : 272.46"
"31,23 : 147.67"
"31,24 : 649.35"
"31,25 : 752.21"
"31,26 : 836.0"
"31,27 : 614.29"
"31,28 : 930.9"
"31,29 : 753.26"
"31,30 : 884.48"
"31,31 : 0.0"
"31,32 : 635.76"
"31,33 : 265.42"
"31,34 : 562.54"
"31,35 : 860.5"
"31,36 : 983.34"
"31,37 : 943.55"
"31,38 : 802.42"
"31,39 : 1011.26"
"31,40 : 664.72"
"31,41 : 536.65"
"31,42 : 117.0"
"31,43 : 690.88"
"31,44 : 1081.75"
"31,45 : 713.18"
"31,46 : 844.0"
"31,47 : 790.8"
"31,48 : 711.55"
"31,49 : 842.13"
"32,0 : 638.04"
"32,1 : 661.71"
"32,2 : 81.47"
"32,3 : 914.51"
"32,4 : 274.24"
"32,5 : 314.87"
"32,6 : 560.63"
"32,7 : 197.65"
"32,8 : 536.33"
"32,9 : 510.79"
"32,10 : 239.68"
"32,11 : 438.6"
"32,12 : 191.07"
"32,13 : 502.61"
"32,14 : 203.18"
"32,15 : 685.75"
"32,16 : 867.22"
"32,17 : 762.11"
"32,18 : 740.31"
"32,19 : 397.86"
"32,20 : 534.33"
"32,21 : 432.61"
"32,22 : 804.39"
"32,23 : 681.15"
"32,24 : 262.27"
"32,25 : 126.57"
"32,26 : 1159.32"
"32,27 : 773.55"
"32,28 : 882.89"
"32,29 : 875.64"
"32,30 : 838.99"
"32,31 : 635.76"
"32,32 : 0.0"
"32,33 : 464.3"
"32,34 : 73.25"
"32,35 : 381.91"
"32,36 : 652.47"
"32,37 : 721.8"
"32,38 : 521.92"
"32,39 : 813.79"
"32,40 : 32.45"
"32,41 : 905.04"
"32,42 : 588.29"
"32,43 : 847.74"
"32,44 : 805.9"
"32,45 : 307.74"
"32,46 : 1109.83"
"32,47 : 155.05"
"32,48 : 572.09"
"32,49 : 1006.78"
"33,0 : 205.73"
"33,1 : 677.71"
"33,2 : 499.03"
"33,3 : 930.64"
"33,4 : 228.21"
"33,5 : 152.2"
"33,6 : 362.51"
"33,7 : 276.39"
"33,8 : 220.99"
"33,9 : 436.5"
"33,10 : 429.62"
"33,11 : 572.0"
"33,12 : 304.83"
"33,13 : 58.05"
"33,14 : 610.44"
"33,15 : 222.73"
"33,16 : 736.89"
"33,17 : 303.42"
"33,18 : 293.29"
"33,19 : 75.0"
"33,20 : 443.38"
"33,21 : 407.49"
"33,22 : 343.14"
"33,23 : 235.0"
"33,24 : 401.64"
"33,25 : 590.66"
"33,26 : 754.67"
"33,27 : 431.2"
"33,28 : 701.02"
"33,29 : 567.32"
"33,30 : 652.91"
"33,31 : 265.42"
"33,32 : 464.3"
"33,33 : 0.0"
"33,34 : 397.92"
"33,35 : 609.34"
"33,36 : 717.97"
"33,37 : 683.71"
"33,38 : 537.02"
"33,39 : 755.94"
"33,40 : 496.59"
"33,41 : 468.74"
"33,42 : 309.84"
"33,43 : 514.39"
"33,44 : 819.65"
"33,45 : 460.68"
"33,46 : 730.9"
"33,47 : 611.54"
"33,48 : 452.52"
"33,49 : 679.99"
"34,0 : 566.43"
"34,1 : 671.57"
"34,2 : 142.34"
"34,3 : 930.51"
"34,4 : 201.1"
"34,5 : 246.61"
"34,6 : 531.5"
"34,7 : 145.77"
"34,8 : 489.51"
"34,9 : 498.1"
"34,10 : 250.14"
"34,11 : 458.96"
"34,12 : 118.0"
"34,13 : 439.42"
"34,14 : 269.53"
"34,15 : 617.72"
"34,16 : 859.07"
"34,17 : 692.57"
"34,18 : 669.25"
"34,19 : 329.16"
"34,20 : 520.42"
"34,21 : 422.12"
"34,22 : 735.41"
"34,23 : 610.27"
"34,24 : 263.17"
"34,25 : 194.79"
"34,26 : 1109.83"
"34,27 : 730.81"
"34,28 : 866.98"
"34,29 : 839.93"
"34,30 : 821.51"
"34,31 : 562.54"
"34,32 : 73.25"
"34,33 : 397.92"
"34,34 : 0.0"
"34,35 : 417.77"
"34,36 : 670.36"
"34,37 : 724.69"
"34,38 : 525.4"
"34,39 : 815.94"
"34,40 : 102.84"
"34,41 : 847.82"
"34,42 : 515.97"
"34,43 : 807.68"
"34,44 : 819.39"
"34,45 : 320.0"
"34,46 : 1064.9"
"34,47 : 228.27"
"34,48 : 555.74"
"34,49 : 969.87"
"35,0 : 815.07"
"35,1 : 329.85"
"35,2 : 306.13"
"35,3 : 552.36"
"35,4 : 547.25"
"35,5 : 519.46"
"35,6 : 440.22"
"35,7 : 391.19"
"35,8 : 525.59"
"35,9 : 319.6"
"35,10 : 193.38"
"35,11 : 108.81"
"35,12 : 500.47"
"35,13 : 611.95"
"35,14 : 249.01"
"35,15 : 807.99"
"35,16 : 587.39"
"35,17 : 894.18"
"35,18 : 897.05"
"35,19 : 580.64"
"35,20 : 340.9"
"35,21 : 267.44"
"35,22 : 925.09"
"35,23 : 841.18"
"35,24 : 211.29"
"35,25 : 406.75"
"35,26 : 1079.31"
"35,27 : 686.96"
"35,28 : 636.35"
"35,29 : 733.31"
"35,30 : 604.27"
"35,31 : 860.5"
"35,32 : 381.91"
"35,33 : 609.34"
"35,34 : 417.77"
"35,35 : 0.0"
"35,36 : 295.17"
"35,37 : 410.2"
"35,38 : 244.29"
"35,39 : 497.12"
"35,40 : 385.75"
"35,41 : 902.64"
"35,42 : 858.75"
"35,43 : 734.53"
"35,44 : 453.09"
"35,45 : 148.66"
"35,46 : 1002.76"
"35,47 : 352.55"
"35,48 : 379.4"
"35,49 : 858.62"
"36,0 : 909.67"
"36,1 : 74.33"
"36,2 : 585.6"
"36,3 : 262.19"
"36,4 : 743.81"
"36,5 : 685.69"
"36,6 : 403.98"
"36,7 : 593.83"
"36,8 : 548.18"
"36,9 : 288.06"
"36,10 : 420.24"
"36,11 : 213.93"
"36,12 : 723.57"
"36,13 : 696.29"
"36,14 : 544.06"
"36,15 : 864.54"
"36,16 : 336.59"
"36,17 : 946.56"
"36,18 : 967.14"
"36,19 : 719.47"
"36,20 : 289.56"
"36,21 : 312.41"
"36,22 : 965.45"
"36,23 : 920.37"
"36,24 : 411.92"
"36,25 : 697.42"
"36,26 : 948.54"
"36,27 : 601.3"
"36,28 : 411.06"
"36,29 : 589.73"
"36,30 : 395.8"
"36,31 : 983.34"
"36,32 : 652.47"
"36,33 : 717.97"
"36,34 : 670.36"
"36,35 : 295.17"
"36,36 : 0.0"
"36,37 : 156.01"
"36,38 : 181.01"
"36,39 : 221.33"
"36,40 : 663.19"
"36,41 : 851.34"
"36,42 : 1014.19"
"36,43 : 616.5"
"36,44 : 158.0"
"36,45 : 350.46"
"36,46 : 856.79"
"36,47 : 646.41"
"36,48 : 301.76"
"36,49 : 693.08"
"37,0 : 857.76"
"37,1 : 87.32"
"37,2 : 666.08"
"37,3 : 248.07"
"37,4 : 757.33"
"37,5 : 685.29"
"37,6 : 331.01"
"37,7 : 621.71"
"37,8 : 484.49"
"37,9 : 254.19"
"37,10 : 482.13"
"37,11 : 307.55"
"37,12 : 754.84"
"37,13 : 650.8"
"37,14 : 649.96"
"37,15 : 795.34"
"37,16 : 183.83"
"37,17 : 872.09"
"37,18 : 900.61"
"37,19 : 701.42"
"37,20 : 242.2"
"37,21 : 313.46"
"37,22 : 884.6"
"37,23 : 860.13"
"37,24 : 462.31"
"37,25 : 788.06"
"37,26 : 803.2"
"37,27 : 480.58"
"37,28 : 255.05"
"37,29 : 447.46"
"37,30 : 241.59"
"37,31 : 943.55"
"37,32 : 721.8"
"37,33 : 683.71"
"37,34 : 724.69"
"37,35 : 410.2"
"37,36 : 156.01"
"37,37 : 0.0"
"37,38 : 200.0"
"37,39 : 92.05"
"37,40 : 738.39"
"37,41 : 734.22"
"37,42 : 991.53"
"37,43 : 482.1"
"37,44 : 143.13"
"37,45 : 415.12"
"37,46 : 708.78"
"37,47 : 745.15"
"37,48 : 232.0"
"37,49 : 542.65"
"38,0 : 730.12"
"38,1 : 152.32"
"38,2 : 467.96"
"38,3 : 417.0"
"38,4 : 572.72"
"38,5 : 509.13"
"38,6 : 243.01"
"38,7 : 429.12"
"38,8 : 375.29"
"38,9 : 115.26"
"38,10 : 282.3"
"38,11 : 135.88"
"38,12 : 561.73"
"38,13 : 516.44"
"38,14 : 463.34"
"38,15 : 689.77"
"38,16 : 356.35"
"38,17 : 773.26"
"38,18 : 790.88"
"38,19 : 539.29"
"38,20 : 125.1"
"38,21 : 132.23"
"38,22 : 794.83"
"38,23 : 742.53"
"38,24 : 262.55"
"38,25 : 592.03"
"38,26 : 851.5"
"38,27 : 472.12"
"38,28 : 395.06"
"38,29 : 497.57"
"38,30 : 360.84"
"38,31 : 802.42"
"38,32 : 521.92"
"38,33 : 537.02"
"38,34 : 525.4"
"38,35 : 244.29"
"38,36 : 181.01"
"38,37 : 200.0"
"38,38 : 0.0"
"38,39 : 291.91"
"38,40 : 539.01"
"38,41 : 709.87"
"38,42 : 833.98"
"38,43 : 507.07"
"38,44 : 303.04"
"38,45 : 216.23"
"38,46 : 769.36"
"38,47 : 552.86"
"38,48 : 153.05"
"38,49 : 619.0"
"39,0 : 920.93"
"39,1 : 167.6"
"39,2 : 758.03"
"39,3 : 197.22"
"39,4 : 842.62"
"39,5 : 767.87"
"39,6 : 395.73"
"39,7 : 710.33"
"39,8 : 548.02"
"39,9 : 337.09"
"39,10 : 574.13"
"39,11 : 397.04"
"39,12 : 843.37"
"39,13 : 719.09"
"39,14 : 739.69"
"39,15 : 850.67"
"39,16 : 127.53"
"39,17 : 923.7"
"39,18 : 956.27"
"39,19 : 778.93"
"39,20 : 322.02"
"39,21 : 401.43"
"39,22 : 932.38"
"39,23 : 919.36"
"39,24 : 553.95"
"39,25 : 879.66"
"39,26 : 790.8"
"39,27 : 505.68"
"39,28 : 217.6"
"39,29 : 446.94"
"39,30 : 222.23"
"39,31 : 1011.26"
"39,32 : 813.79"
"39,33 : 755.94"
"39,34 : 815.94"
"39,35 : 497.12"
"39,36 : 221.33"
"39,37 : 92.05"
"39,38 : 291.91"
"39,39 : 0.0"
"39,40 : 830.44"
"39,41 : 757.13"
"39,42 : 1065.4"
"39,43 : 491.88"
"39,44 : 126.7"
"39,45 : 507.17"
"39,46 : 692.41"
"39,47 : 836.0"
"39,48 : 304.54"
"39,49 : 523.46"
"40,0 : 669.05"
"40,1 : 675.75"
"40,2 : 79.62"
"40,3 : 925.38"
"40,4 : 303.66"
"40,5 : 346.85"
"40,6 : 587.78"
"40,7 : 229.84"
"40,8 : 567.24"
"40,9 : 533.46"
"40,10 : 257.16"
"40,11 : 449.37"
"40,12 : 219.21"
"40,13 : 535.05"
"40,14 : 188.06"
"40,15 : 717.86"
"40,16 : 887.47"
"40,17 : 793.92"
"40,18 : 771.6"
"40,19 : 429.8"
"40,20 : 557.29"
"40,21 : 454.99"
"40,22 : 836.34"
"40,23 : 712.52"
"40,24 : 282.7"
"40,25 : 94.15"
"40,26 : 1190.37"
"40,27 : 803.51"
"40,28 : 905.68"
"40,29 : 903.97"
"40,30 : 862.34"
"40,31 : 664.72"
"40,32 : 32.45"
"40,33 : 496.59"
"40,34 : 102.84"
"40,35 : 385.75"
"40,36 : 663.19"
"40,37 : 738.39"
"40,38 : 539.01"
"40,39 : 830.44"
"40,40 : 0.0"
"40,41 : 937.17"
"40,42 : 614.36"
"40,43 : 877.08"
"40,44 : 818.06"
"40,45 : 323.3"
"40,46 : 1140.05"
"40,47 : 127.0"
"40,48 : 595.67"
"40,49 : 1035.3"
"41,0 : 431.34"
"41,1 : 782.54"
"41,2 : 918.0"
"41,3 : 953.72"
"41,4 : 696.68"
"41,5 : 614.55"
"41,6 : 469.75"
"41,7 : 707.39"
"41,8 : 388.29"
"41,9 : 599.4"
"41,10 : 782.36"
"41,11 : 817.74"
"41,12 : 769.47"
"41,13 : 416.01"
"41,14 : 1004.13"
"41,15 : 315.65"
"41,16 : 665.33"
"41,17 : 318.61"
"41,18 : 376.2"
"41,19 : 543.66"
"41,20 : 585.22"
"41,21 : 635.84"
"41,22 : 291.12"
"41,23 : 389.01"
"41,24 : 745.12"
"41,25 : 1029.77"
"41,26 : 300.65"
"41,27 : 253.67"
"41,28 : 581.85"
"41,29 : 334.01"
"41,30 : 550.96"
"41,31 : 536.65"
"41,32 : 905.04"
"41,33 : 468.74"
"41,34 : 847.82"
"41,35 : 902.64"
"41,36 : 851.34"
"41,37 : 734.22"
"41,38 : 709.87"
"41,39 : 757.13"
"41,40 : 937.17"
"41,41 : 0.0"
"41,42 : 648.86"
"41,43 : 273.72"
"41,44 : 871.22"
"41,45 : 775.0"
"41,46 : 311.98"
"41,47 : 1035.6"
"41,48 : 558.74"
"41,49 : 358.64"
"42,0 : 217.56"
"42,1 : 980.05"
"42,2 : 654.64"
"42,3 : 1237.22"
"42,4 : 323.58"
"42,5 : 340.15"
"42,6 : 672.3"
"42,7 : 470.77"
"42,8 : 527.31"
"42,9 : 740.85"
"42,10 : 665.81"
"42,11 : 845.99"
"42,12 : 398.44"
"42,13 : 352.94"
"42,14 : 781.74"
"42,15 : 333.64"
"42,16 : 1045.39"
"42,17 : 347.04"
"42,18 : 292.43"
"42,19 : 294.73"
"42,20 : 749.85"
"42,21 : 701.9"
"42,22 : 389.46"
"42,23 : 261.74"
"42,24 : 649.02"
"42,25 : 695.52"
"42,26 : 949.14"
"42,27 : 705.1"
"42,28 : 1005.1"
"42,29 : 844.81"
"42,30 : 957.54"
"42,31 : 117.0"
"42,32 : 588.29"
"42,33 : 309.84"
"42,34 : 515.97"
"42,35 : 858.75"
"42,36 : 1014.19"
"42,37 : 991.53"
"42,38 : 833.98"
"42,39 : 1065.4"
"42,40 : 614.36"
"42,41 : 648.86"
"42,42 : 0.0"
"42,43 : 784.66"
"42,44 : 1125.1"
"42,45 : 716.04"
"42,46 : 953.02"
"42,47 : 741.3"
"42,48 : 761.38"
"42,49 : 941.2"
"43,0 : 582.18"
"43,1 : 543.48"
"43,2 : 836.09"
"43,3 : 686.27"
"43,4 : 712.96"
"43,5 : 621.44"
"43,6 : 304.11"
"43,7 : 662.49"
"43,8 : 323.83"
"43,9 : 414.95"
"43,10 : 665.34"
"43,11 : 634.35"
"43,12 : 763.69"
"43,13 : 457.09"
"43,14 : 892.62"
"43,15 : 476.12"
"43,16 : 392.92"
"43,17 : 521.42"
"43,18 : 570.55"
"43,19 : 577.67"
"43,20 : 393.94"
"43,21 : 476.05"
"43,22 : 512.2"
"43,23 : 557.15"
"43,24 : 628.16"
"43,25 : 961.32"
"43,26 : 345.2"
"43,27 : 83.29"
"43,28 : 308.13"
"43,29 : 65.8"
"43,30 : 278.63"
"43,31 : 690.88"
"43,32 : 847.74"
"43,33 : 514.39"
"43,34 : 807.68"
"43,35 : 734.53"
"43,36 : 616.5"
"43,37 : 482.1"
"43,38 : 507.07"
"43,39 : 491.88"
"43,40 : 877.08"
"43,41 : 273.72"
"43,42 : 784.66"
"43,43 : 0.0"
"43,44 : 611.57"
"43,45 : 635.14"
"43,46 : 271.09"
"43,47 : 949.59"
"43,48 : 357.07"
"43,49 : 167.09"
"44,0 : 998.28"
"44,1 : 150.76"
"44,2 : 741.29"
"44,3 : 114.06"
"44,4 : 875.5"
"44,5 : 809.33"
"44,6 : 472.64"
"44,7 : 731.64"
"44,8 : 625.76"
"44,9 : 384.25"
"44,10 : 569.92"
"44,11 : 369.12"
"44,12 : 863.78"
"44,13 : 789.41"
"44,14 : 702.03"
"44,15 : 938.0"
"44,16 : 252.67"
"44,17 : 1015.11"
"44,18 : 1043.16"
"44,19 : 832.37"
"44,20 : 376.28"
"44,21 : 431.56"
"44,22 : 1027.72"
"44,23 : 1001.94"
"44,24 : 557.38"
"44,25 : 854.87"
"44,26 : 916.99"
"44,27 : 617.84"
"44,28 : 344.16"
"44,29 : 570.01"
"44,30 : 347.87"
"44,31 : 1081.75"
"44,32 : 805.9"
"44,33 : 819.65"
"44,34 : 819.39"
"44,35 : 453.09"
"44,36 : 158.0"
"44,37 : 143.13"
"44,38 : 303.04"
"44,39 : 126.7"
"44,40 : 818.06"
"44,41 : 871.22"
"44,42 : 1125.1"
"44,43 : 611.57"
"44,44 : 0.0"
"44,45 : 500.13"
"44,46 : 818.91"
"44,47 : 804.36"
"44,48 : 371.62"
"44,49 : 650.03"
"45,0 : 666.41"
"45,1 : 354.2"
"45,2 : 251.8"
"45,3 : 610.65"
"45,4 : 413.36"
"45,5 : 375.9"
"45,6 : 331.37"
"45,7 : 256.9"
"45,8 : 389.97"
"45,9 : 234.47"
"45,10 : 69.89"
"45,11 : 142.06"
"45,12 : 379.24"
"45,13 : 464.1"
"45,14 : 263.77"
"45,15 : 661.11"
"45,16 : 569.39"
"45,17 : 747.22"
"45,18 : 748.87"
"45,19 : 433.42"
"45,20 : 258.97"
"45,21 : 161.07"
"45,22 : 779.14"
"45,23 : 692.74"
"45,24 : 68.25"
"45,25 : 377.0"
"45,26 : 974.87"
"45,27 : 577.23"
"45,28 : 597.42"
"45,29 : 644.96"
"45,30 : 557.65"
"45,31 : 713.18"
"45,32 : 307.74"
"45,33 : 460.68"
"45,34 : 320.0"
"45,35 : 148.66"
"45,36 : 350.46"
"45,37 : 415.12"
"45,38 : 216.23"
"45,39 : 507.17"
"45,40 : 323.3"
"45,41 : 775.0"
"45,42 : 716.04"
"45,43 : 635.14"
"45,44 : 500.13"
"45,45 : 0.0"
"45,46 : 906.23"
"45,47 : 342.2"
"45,48 : 299.98"
"45,49 : 775.2"
"46,0 : 736.22"
"46,1 : 782.46"
"46,2 : 1103.06"
"46,3 : 869.52"
"46,4 : 948.56"
"46,5 : 859.02"
"46,6 : 575.15"
"46,7 : 919.14"
"46,8 : 575.4"
"46,9 : 683.8"
"46,10 : 935.67"
"46,11 : 900.32"
"46,12 : 1008.99"
"46,13 : 673.26"
"46,14 : 1163.23"
"46,15 : 620.1"
"46,16 : 571.02"
"46,17 : 630.48"
"46,18 : 687.88"
"46,19 : 802.04"
"46,20 : 661.92"
"46,21 : 746.89"
"46,22 : 602.58"
"46,23 : 697.16"
"46,24 : 898.31"
"46,25 : 1226.61"
"46,26 : 101.97"
"46,27 : 337.05"
"46,28 : 477.03"
"46,29 : 272.07"
"46,30 : 471.86"
"46,31 : 844.0"
"46,32 : 1109.83"
"46,33 : 730.9"
"46,34 : 1064.9"
"46,35 : 1002.76"
"46,36 : 856.79"
"46,37 : 708.78"
"46,38 : 769.36"
"46,39 : 692.41"
"46,40 : 1140.05"
"46,41 : 311.98"
"46,42 : 953.02"
"46,43 : 271.09"
"46,44 : 818.91"
"46,45 : 906.23"
"46,46 : 0.0"
"46,47 : 1217.78"
"46,48 : 623.54"
"46,49 : 169.07"
"47,0 : 791.4"
"47,1 : 672.64"
"47,2 : 117.61"
"47,3 : 904.91"
"47,4 : 429.28"
"47,5 : 465.51"
"47,6 : 649.87"
"47,7 : 336.76"
"47,8 : 654.85"
"47,9 : 573.28"
"47,10 : 290.77"
"47,11 : 440.09"
"47,12 : 345.77"
"47,13 : 645.33"
"47,14 : 106.61"
"47,15 : 834.14"
"47,16 : 909.04"
"47,17 : 912.48"
"47,18 : 892.85"
"47,19 : 548.34"
"47,20 : 597.86"
"47,21 : 495.99"
"47,22 : 953.89"
"47,23 : 833.52"
"47,24 : 325.51"
"47,25 : 66.48"
"47,26 : 1275.1"
"47,27 : 881.08"
"47,28 : 939.61"
"47,29 : 969.39"
"47,30 : 899.6"
"47,31 : 790.8"
"47,32 : 155.05"
"47,33 : 611.54"
"47,34 : 228.27"
"47,35 : 352.55"
"47,36 : 646.41"
"47,37 : 745.15"
"47,38 : 552.86"
"47,39 : 836.0"
"47,40 : 127.0"
"47,41 : 1035.6"
"47,42 : 741.3"
"47,43 : 949.59"
"47,44 : 804.36"
"47,45 : 342.2"
"47,46 : 1217.78"
"47,47 : 0.0"
"47,48 : 638.38"
"47,49 : 1101.11"
"48,0 : 626.66"
"48,1 : 242.54"
"48,2 : 536.4"
"48,3 : 479.95"
"48,4 : 547.4"
"48,5 : 467.77"
"48,6 : 103.47"
"48,7 : 430.12"
"48,8 : 254.64"
"48,9 : 65.51"
