x,y
498,486
301,36
113,259
769,989
262,104
202,914
869,375
667,734
523,290
494,639
948,419
462,897
315,226
771,581
364,344
451,318
270,375
996,120
481,461
453,285
6,363
745,400
956,624
62,54
887,231
466,710
71,420
423,395
63,987
464,752
852,120
103,964
243,234
375,373
99,334
80,287
591,557
421,959
529,979
384,490
326,536
288,37
950,919
452,306
945,874
665,836
973,728
693,23
488,164
812,585

Distanze
"0,0 : 0.0"
"0,1 : 361.89"
"0,2 : 810.57"
"0,3 : 814.69"
"0,4 : 747.14"
"0,5 : 531.37"
"0,6 : 557.02"
"0,7 : 316.55"
"0,8 : 1019.12"
"0,9 : 439.36"
"0,10 : 430.8"
"0,11 : 646.99"
"0,12 : 788.43"
"0,13 : 678.46"
"0,14 : 161.64"
"0,15 : 619.19"
"0,16 : 490.41"
"0,17 : 1032.49"
"0,18 : 217.08"
"0,19 : 458.93"
"0,20 : 1178.02"
"0,21 : 1043.48"
"0,22 : 1179.83"
"0,23 : 548.92"
"0,24 : 794.0"
"0,25 : 589.3"
"0,26 : 658.87"
"0,27 : 643.77"
"0,28 : 855.02"
"0,29 : 638.35"
"0,30 : 425.87"
"0,31 : 809.3"
"0,32 : 1118.21"
"0,33 : 1004.97"
"0,34 : 28.44"
"0,35 : 921.15"
"0,36 : 933.0"
"0,37 : 634.3"
"0,38 : 450.29"
"0,39 : 237.35"
"0,40 : 499.4"
"0,41 : 681.77"
"0,42 : 798.19"
"0,43 : 493.76"
"0,44 : 722.47"
"0,45 : 336.24"
"0,46 : 534.68"
"0,47 : 866.07"
"0,48 : 292.49"
"0,49 : 947.27"
"1,0 : 361.89"
"1,1 : 0.0"
"1,2 : 909.59"
"1,3 : 699.65"
"1,4 : 513.26"
"1,5 : 572.53"
"1,6 : 354.2"
"1,7 : 199.37"
"1,8 : 805.07"
"1,9 : 79.18"
"1,10 : 510.11"
"1,11 : 758.89"
"1,12 : 937.75"
"1,13 : 530.35"
"1,14 : 450.15"
"1,15 : 559.23"
"1,16 : 489.45"
"1,17 : 873.29"
"1,18 : 488.52"
"1,19 : 98.84"
"1,20 : 992.8"
"1,21 : 836.09"
"1,22 : 993.81"
"1,23 : 538.84"
"1,24 : 749.53"
"1,25 : 468.34"
"1,26 : 349.28"
"1,27 : 546.12"
"1,28 : 615.92"
"1,29 : 309.38"
"1,30 : 406.16"
"1,31 : 614.61"
"1,32 : 994.45"
"1,33 : 775.02"
"1,34 : 350.89"
"1,35 : 766.01"
"1,36 : 803.55"
"1,37 : 467.47"
"1,38 : 191.64"
"1,39 : 183.87"
"1,40 : 697.27"
"1,41 : 402.95"
"1,42 : 535.93"
"1,43 : 545.29"
"1,44 : 501.61"
"1,45 : 167.45"
"1,46 : 219.13"
"1,47 : 876.18"
"1,48 : 418.7"
"1,49 : 635.26"
"2,0 : 810.57"
"2,1 : 909.59"
"2,2 : 0.0"
"2,3 : 488.94"
"2,4 : 730.81"
"2,5 : 338.04"
"2,6 : 674.26"
"2,7 : 710.38"
"2,8 : 779.78"
"2,9 : 962.76"
"2,10 : 407.11"
"2,11 : 163.77"
"2,12 : 127.25"
"2,13 : 559.32"
"2,14 : 659.9"
"2,15 : 419.85"
"2,16 : 425.35"
"2,17 : 655.27"
"2,18 : 609.14"
"2,19 : 975.56"
"2,20 : 798.55"
"2,21 : 775.71"
"2,22 : 801.65"
"2,23 : 387.8"
"2,24 : 336.34"
"2,25 : 534.51"
"2,26 : 873.87"
"2,27 : 475.27"
"2,28 : 771.42"
"2,29 : 914.25"
"2,30 : 505.49"
"2,31 : 659.15"
"2,32 : 620.12"
"2,33 : 812.3"
"2,34 : 837.19"
"2,35 : 600.43"
"2,36 : 546.16"
"2,37 : 599.85"
"2,38 : 777.51"
"2,39 : 953.33"
"2,40 : 343.71"
"2,41 : 812.26"
"2,42 : 806.71"
"2,43 : 364.39"
"2,44 : 700.09"
"2,45 : 742.91"
"2,46 : 858.21"
"2,47 : 215.33"
"2,48 : 533.59"
"2,49 : 1008.47"
"3,0 : 814.69"
"3,1 : 699.65"
"3,2 : 488.94"
"3,3 : 0.0"
"3,4 : 289.21"
"3,5 : 352.33"
"3,6 : 351.1"
"3,7 : 546.24"
"3,8 : 299.72"
"3,9 : 715.29"
"3,10 : 439.24"
"3,11 : 460.9"
"3,12 : 601.1"
"3,13 : 171.05"
"3,14 : 731.65"
"3,15 : 203.06"
"3,16 : 340.26"
"3,17 : 228.76"
"3,18 : 708.61"
"3,19 : 719.18"
"3,20 : 385.42"
"3,21 : 303.6"
"3,22 : 387.88"
"3,23 : 291.32"
"3,24 : 153.39"
"3,25 : 237.54"
"3,26 : 491.86"
"3,27 : 171.27"
"3,28 : 293.9"
"3,29 : 548.57"
"3,30 : 389.74"
"3,31 : 184.02"
"3,32 : 305.66"
"3,33 : 325.73"
"3,34 : 830.92"
"3,35 : 129.87"
"3,36 : 118.7"
"3,37 : 235.73"
"3,38 : 511.81"
"3,39 : 830.56"
"3,40 : 608.81"
"3,41 : 411.27"
"3,42 : 351.8"
"3,43 : 381.14"
"3,44 : 269.0"
"3,45 : 555.97"
"3,46 : 542.4"
"3,47 : 306.88"
"3,48 : 548.88"
"3,49 : 537.66"
"4,0 : 747.14"
"4,1 : 513.26"
"4,2 : 730.81"
"4,3 : 289.21"
"4,4 : 0.0"
"4,5 : 473.52"
"4,6 : 190.16"
"4,7 : 432.46"
"4,8 : 291.82"
"4,9 : 501.38"
"4,10 : 511.71"
"4,11 : 651.53"
"4,12 : 823.2"
"4,13 : 172.8"
"4,14 : 721.93"
"4,15 : 323.11"
"4,16 : 406.0"
"4,17 : 379.68"
"4,18 : 720.57"
"4,19 : 498.99"
"4,20 : 482.12"
"4,21 : 322.97"
"4,22 : 482.9"
"4,23 : 395.55"
"4,24 : 422.16"
"4,25 : 230.64"
"4,26 : 218.36"
"4,27 : 260.99"
"4,28 : 108.3"
"4,29 : 279.16"
"4,30 : 394.25"
"4,31 : 122.2"
"4,32 : 519.34"
"4,33 : 264.71"
"4,34 : 754.15"
"4,35 : 287.37"
"4,36 : 346.12"
"4,37 : 153.31"
"4,38 : 327.73"
"4,39 : 680.64"
"4,40 : 734.61"
"4,41 : 135.15"
"4,42 : 78.29"
"4,43 : 481.71"
"4,44 : 33.84"
"4,45 : 421.25"
"4,46 : 308.97"
"4,47 : 582.47"
"4,48 : 558.97"
"4,49 : 283.81"
"5,0 : 531.37"
"5,1 : 572.53"
"5,2 : 338.04"
"5,3 : 352.33"
"5,4 : 473.52"
"5,5 : 0.0"
"5,6 : 361.53"
"5,7 : 373.92"
"5,8 : 635.46"
"5,9 : 624.72"
"5,10 : 102.62"
"5,11 : 200.64"
"5,12 : 385.86"
"5,13 : 310.23"
"5,14 : 411.2"
"5,15 : 164.15"
"5,16 : 89.69"
"5,17 : 579.68"
"5,18 : 376.45"
"5,19 : 637.6"
"5,20 : 737.13"
"5,21 : 646.6"
"5,22 : 739.67"
"5,23 : 78.11"
"5,24 : 275.94"
"5,25 : 244.63"
"5,26 : 565.11"
"5,27 : 225.01"
"5,28 : 548.96"
"5,29 : 596.79"
"5,30 : 167.44"
"5,31 : 450.13"
"5,32 : 625.54"
"5,33 : 647.08"
"5,34 : 554.15"
"5,35 : 480.98"
"5,36 : 463.68"
"5,37 : 321.7"
"5,38 : 442.74"
"5,39 : 631.67"
"5,40 : 267.47"
"5,41 : 517.61"
"5,42 : 551.38"
"5,43 : 37.74"
"5,44 : 439.73"
"5,45 : 405.38"
"5,46 : 529.23"
"5,47 : 335.94"
"5,48 : 239.14"
"5,49 : 755.85"
"6,0 : 557.02"
"6,1 : 354.2"
"6,2 : 674.26"
"6,3 : 351.1"
"6,4 : 190.16"
"6,5 : 361.53"
"6,6 : 0.0"
"6,7 : 243.37"
"6,8 : 470.11"
"6,9 : 364.29"
"6,10 : 366.72"
"6,11 : 559.7"
"6,12 : 743.2"
"6,13 : 180.06"
"6,14 : 536.83"
"6,15 : 260.0"
"6,16 : 276.45"
"6,17 : 520.34"
"6,18 : 540.07"
"6,19 : 368.11"
"6,20 : 646.98"
"6,21 : 497.86"
"6,22 : 648.27"
"6,23 : 292.21"
"6,24 : 429.41"
"6,25 : 145.15"
"6,26 : 203.65"
"6,27 : 220.84"
"6,28 : 298.02"
"6,29 : 239.99"
"6,30 : 234.35"
"6,31 : 266.69"
"6,32 : 640.49"
"6,33 : 450.4"
"6,34 : 564.38"
"6,35 : 412.04"
"6,36 : 450.13"
"6,37 : 115.45"
"6,38 : 162.96"
"6,39 : 505.36"
"6,40 : 597.1"
"6,41 : 163.78"
"6,42 : 247.49"
"6,43 : 356.2"
"6,44 : 166.21"
"6,45 : 235.85"
"6,46 : 198.46"
"6,47 : 577.72"
"6,48 : 383.99"
"6,49 : 429.11"
"7,0 : 316.55"
"7,1 : 199.37"
"7,2 : 710.38"
"7,3 : 546.24"
"7,4 : 432.46"
"7,5 : 373.92"
"7,6 : 243.37"
"7,7 : 0.0"
"7,8 : 712.02"
"7,9 : 259.42"
"7,10 : 311.79"
"7,11 : 559.76"
"7,12 : 739.62"
"7,13 : 388.46"
"7,14 : 328.34"
"7,15 : 379.3"
"7,16 : 293.11"
"7,17 : 746.0"
"7,18 : 349.14"
"7,19 : 275.11"
"7,20 : 882.34"
"7,21 : 738.62"
"7,22 : 883.86"
"7,23 : 345.58"
"7,24 : 570.73"
"7,25 : 308.78"
"7,26 : 354.62"
"7,27 : 379.69"
"7,28 : 540.71"
"7,29 : 347.34"
"7,30 : 209.15"
"7,31 : 504.91"
"7,32 : 850.63"
"7,33 : 693.72"
"7,34 : 321.97"
"7,35 : 634.63"
"7,36 : 659.4"
"7,37 : 334.47"
"7,38 : 146.33"
"7,39 : 285.39"
"7,40 : 510.69"
"7,41 : 367.27"
"7,42 : 481.65"
"7,43 : 346.01"
"7,44 : 409.58"
"7,45 : 38.9"
"7,46 : 245.42"
"7,47 : 686.38"
"7,48 : 236.28"
"7,49 : 636.56"
"8,0 : 1019.12"
"8,1 : 805.07"
"8,2 : 779.78"
"8,3 : 299.72"
"8,4 : 291.82"
"8,5 : 635.46"
"8,6 : 470.11"
"8,7 : 712.02"
"8,8 : 0.0"
"8,9 : 790.6"
"8,10 : 707.94"
"8,11 : 760.53"
"8,12 : 896.88"
"8,13 : 351.03"
"8,14 : 969.91"
"8,15 : 472.65"
"8,16 : 600.12"
"8,17 : 169.45"
"8,18 : 957.86"
"8,19 : 786.87"
"8,20 : 199.25"
"8,21 : 34.93"
"8,22 : 199.32"
"8,23 : 564.11"
"8,24 : 445.28"
"8,25 : 441.96"
"8,26 : 489.32"
"8,27 : 417.43"
"8,28 : 193.28"
"8,29 : 549.19"
"8,30 : 622.38"
"8,31 : 210.2"
"8,32 : 312.87"
"8,33 : 54.57"
"8,34 : 1029.27"
"8,35 : 179.39"
"8,36 : 239.99"
"8,37 : 385.55"
"8,38 : 618.72"
"8,39 : 971.11"
"8,40 : 900.12"
"8,41 : 413.19"
"8,42 : 283.99"
"8,43 : 658.29"
"8,44 : 306.47"
"8,45 : 705.91"
"8,46 : 597.4"
"8,47 : 578.83"
"8,48 : 792.78"
"8,49 : 360.07"
"9,0 : 439.36"
"9,1 : 79.18"
"9,2 : 962.76"
"9,3 : 715.29"
"9,4 : 501.38"
"9,5 : 624.72"
"9,6 : 364.29"
"9,7 : 259.42"
"9,8 : 790.6"
"9,9 : 0.0"
"9,10 : 570.55"
"9,11 : 816.61"
"9,12 : 998.06"
"9,13 : 544.27"
"9,14 : 528.93"
"9,15 : 593.08"
"9,16 : 538.44"
"9,17 : 873.15"
"9,18 : 566.42"
"9,19 : 19.7"
"9,20 : 983.48"
"9,21 : 823.01"
"9,22 : 984.25"
"9,23 : 583.63"
"9,24 : 779.83"
"9,25 : 493.06"
"9,26 : 313.75"
"9,27 : 572.1"
"9,28 : 598.21"
"9,29 : 264.62"
"9,30 : 457.28"
"9,31 : 611.34"
"9,32 : 1001.29"
"9,33 : 756.19"
"9,34 : 427.11"
"9,35 : 769.39"
"9,36 : 812.71"
"9,37 : 479.74"
"9,38 : 205.41"
"9,39 : 243.61"
"9,40 : 766.8"
"9,41 : 379.25"
"9,42 : 512.61"
"9,43 : 600.22"
"9,44 : 494.83"
"9,45 : 222.87"
"9,46 : 193.21"
"9,47 : 914.48"
"9,48 : 488.8"
"9,49 : 588.7"
"10,0 : 430.8"
"10,1 : 510.11"
"10,2 : 407.11"
"10,3 : 439.24"
"10,4 : 511.71"
"10,5 : 102.62"
"10,6 : 366.72"
"10,7 : 311.79"
"10,8 : 707.94"
"10,9 : 570.55"
"10,10 : 0.0"
"10,11 : 249.9"
"10,12 : 427.85"
"10,13 : 365.14"
"10,14 : 308.77"
"10,15 : 238.76"
"10,16 : 109.07"
"10,17 : 668.0"
"10,18 : 275.67"
"10,19 : 585.45"
"10,20 : 824.33"
"10,21 : 722.49"
"10,22 : 826.73"
"10,23 : 148.0"
"10,24 : 377.0"
"10,25 : 283.39"
"10,26 : 563.86"
"10,27 : 290.51"
"10,28 : 599.47"
"10,29 : 585.82"
"10,30 : 135.21"
"10,31 : 510.77"
"10,32 : 723.07"
"10,33 : 713.54"
"10,34 : 454.32"
"10,35 : 564.65"
"10,36 : 554.56"
"10,37 : 359.08"
"10,38 : 409.08"
"10,39 : 547.02"
"10,40 : 230.41"
"10,41 : 530.07"
"10,42 : 586.81"
"10,43 : 65.19"
"10,44 : 478.26"
"10,45 : 347.68"
"10,46 : 504.95"
"10,47 : 435.27"
"10,48 : 138.4"
"10,49 : 786.02"
"11,0 : 646.99"
"11,1 : 758.89"
"11,2 : 163.77"
"11,3 : 460.9"
"11,4 : 651.53"
"11,5 : 200.64"
"11,6 : 559.7"
"11,7 : 559.76"
"11,8 : 760.53"
"11,9 : 816.61"
"11,10 : 249.9"
"11,11 : 0.0"
"11,12 : 185.27"
"11,13 : 479.91"
"11,14 : 497.78"
"11,15 : 328.42"
"11,16 : 290.12"
"11,17 : 665.51"
"11,18 : 448.15"
"11,19 : 830.62"
"11,20 : 819.82"
"11,21 : 763.86"
"11,22 : 822.73"
"11,23 : 268.0"
"11,24 : 327.39"
"11,25 : 432.3"
"11,26 : 763.24"
"11,27 : 390.96"
"11,28 : 711.97"
"11,29 : 796.77"
"11,30 : 362.69"
"11,31 : 603.95"
"11,32 : 667.09"
"11,33 : 783.34"
"11,34 : 673.51"
"11,35 : 587.31"
"11,36 : 548.06"
"11,37 : 506.05"
"11,38 : 641.64"
"11,39 : 792.52"
"11,40 : 201.06"
"11,41 : 711.29"
"11,42 : 729.73"
"11,43 : 217.79"
"11,44 : 618.51"
"11,45 : 594.31"
"11,46 : 729.71"
"11,47 : 282.17"
"11,48 : 371.0"
"11,49 : 935.2"
"12,0 : 788.43"
"12,1 : 937.75"
"12,2 : 127.25"
"12,3 : 601.1"
"12,4 : 823.2"
"12,5 : 385.86"
"12,6 : 743.2"
"12,7 : 739.62"
"12,8 : 896.88"
"12,9 : 998.06"
"12,10 : 427.85"
"12,11 : 185.27"
"12,12 : 0.0"
"12,13 : 650.41"
"12,14 : 629.91"
"12,15 : 502.43"
"12,16 : 475.39"
"12,17 : 778.59"
"12,18 : 575.73"
"12,19 : 1012.61"
"12,20 : 924.01"
"12,21 : 894.79"
"12,22 : 927.09"
"12,23 : 451.0"
"12,24 : 451.6"
"12,25 : 611.72"
"12,26 : 946.39"
"12,27 : 562.72"
"12,28 : 873.86"
"12,29 : 981.24"
"12,30 : 547.03"
"12,31 : 762.75"
"12,32 : 747.27"
"12,33 : 926.62"
"12,34 : 816.27"
"12,35 : 718.18"
"12,36 : 667.17"
"12,37 : 682.97"
"12,38 : 826.49"
"12,39 : 957.15"
"12,40 : 292.64"
"12,41 : 891.7"
"12,42 : 900.71"
"12,43 : 402.24"
"12,44 : 791.04"
"12,45 : 775.24"
"12,46 : 914.98"
"12,47 : 342.02"
"12,48 : 534.82"
"12,49 : 1105.15"
"13,0 : 678.46"
"13,1 : 530.35"
"13,2 : 559.32"
"13,3 : 171.05"
"13,4 : 172.8"
"13,5 : 310.23"
"13,6 : 180.06"
"13,7 : 388.46"
"13,8 : 351.03"
"13,9 : 544.27"
"13,10 : 365.14"
"13,11 : 479.91"
"13,12 : 650.41"
"13,13 : 0.0"
"13,14 : 619.39"
"13,15 : 152.12"
"13,16 : 256.07"
"13,17 : 357.93"
"13,18 : 606.88"
"13,19 : 548.15"
"13,20 : 499.61"
"13,21 : 370.82"
"13,22 : 501.4"
"13,23 : 232.59"
"13,24 : 266.39"
"13,25 : 91.29"
"13,26 : 337.1"
"13,27 : 89.01"
"13,28 : 238.73"
"13,29 : 389.54"
"13,30 : 271.36"
"13,31 : 146.11"
"13,32 : 465.93"
"13,33 : 350.35"
"13,34 : 691.4"
"13,35 : 246.33"
"13,36 : 274.24"
"13,37 : 64.78"
"13,38 : 341.23"
"13,39 : 668.69"
"13,40 : 576.56"
"13,41 : 262.99"
"13,42 : 250.46"
"13,43 : 324.35"
"13,44 : 141.01"
"13,45 : 393.29"
"13,46 : 373.26"
"13,47 : 424.09"
"13,48 : 441.78"
"13,49 : 455.59"
"14,0 : 161.64"
"14,1 : 450.15"
"14,2 : 659.9"
"14,3 : 731.65"
"14,4 : 721.93"
"14,5 : 411.2"
"14,6 : 536.83"
"14,7 : 328.34"
"14,8 : 969.91"
"14,9 : 528.93"
"14,10 : 308.77"
"14,11 : 497.78"
"14,12 : 629.91"
"14,13 : 619.39"
"14,14 : 0.0"
"14,15 : 529.06"
"14,16 : 392.4"
"14,17 : 957.86"
"14,18 : 55.44"
"14,19 : 548.39"
"14,20 : 1110.28"
"14,21 : 990.18"
"14,22 : 1112.41"
"14,23 : 446.59"
"14,24 : 685.23"
"14,25 : 528.16"
"14,26 : 681.71"
"14,27 : 566.59"
"14,28 : 825.69"
"14,29 : 675.46"
"14,30 : 348.89"
"14,31 : 761.07"
"14,32 : 1026.41"
"14,33 : 964.19"
"14,34 : 190.07"
"14,35 : 849.27"
"14,36 : 849.9"
"14,37 : 587.96"
"14,38 : 474.67"
"14,39 : 375.35"
"14,40 : 339.01"
"14,41 : 685.01"
"14,42 : 784.27"
"14,43 : 373.95"
"14,44 : 692.78"
"14,45 : 361.38"
"14,46 : 572.66"
"14,47 : 736.38"
"14,48 : 182.78"
"14,49 : 957.0"
"15,0 : 619.19"
"15,1 : 559.23"
"15,2 : 419.85"
"15,3 : 203.06"
"15,4 : 323.11"
"15,5 : 164.15"
"15,6 : 260.0"
"15,7 : 379.3"
"15,8 : 472.65"
"15,9 : 593.08"
"15,10 : 238.76"
"15,11 : 328.42"
"15,12 : 502.43"
"15,13 : 152.12"
"15,14 : 529.06"
"15,15 : 0.0"
"15,16 : 137.2"
"15,17 : 431.13"
"15,18 : 505.57"
"15,19 : 601.65"
"15,20 : 586.46"
"15,21 : 485.32"
"15,22 : 588.8"
"15,23 : 91.78"
"15,24 : 191.6"
"15,25 : 115.88"
"15,26 : 454.96"
"15,27 : 63.32"
"15,28 : 388.71"
"15,29 : 498.23"
"15,30 : 194.01"
"15,31 : 286.71"
"15,32 : 500.1"
"15,33 : 483.01"
"15,34 : 637.25"
"15,35 : 326.1"
"15,36 : 320.89"
"15,37 : 181.02"
"15,38 : 390.48"
"15,39 : 662.92"
"15,40 : 431.42"
"15,41 : 392.56"
"15,42 : 401.31"
"15,43 : 185.69"
"15,44 : 290.15"
"15,45 : 398.53"
"15,46 : 454.25"
"15,47 : 322.74"
"15,48 : 346.3"
"15,49 : 606.8"
"16,0 : 490.41"
"16,1 : 489.45"
"16,2 : 425.35"
"16,3 : 340.26"
"16,4 : 406.0"
"16,5 : 89.69"
"16,6 : 276.45"
"16,7 : 293.11"
"16,8 : 600.12"
"16,9 : 538.44"
"16,10 : 109.07"
"16,11 : 290.12"
"16,12 : 475.39"
"16,13 : 256.07"
"16,14 : 392.4"
"16,15 : 137.2"
"16,16 : 0.0"
"16,17 : 568.12"
"16,18 : 368.41"
"16,19 : 550.71"
"16,20 : 722.9"
"16,21 : 615.57"
"16,22 : 725.19"
"16,23 : 59.06"
"16,24 : 304.03"
"16,25 : 175.93"
"16,26 : 479.21"
"16,27 : 183.13"
"16,28 : 491.16"
"16,29 : 508.77"
"16,30 : 84.0"
"16,31 : 401.72"
"16,32 : 634.63"
"16,33 : 604.72"
"16,34 : 510.35"
"16,35 : 461.98"
"16,36 : 457.96"
"16,37 : 252.74"
"16,38 : 353.36"
"16,39 : 562.67"
"16,40 : 329.19"
"16,41 : 436.19"
"16,42 : 482.28"
"16,43 : 79.88"
"16,44 : 372.31"
"16,45 : 322.02"
"16,46 : 439.61"
"16,47 : 397.34"
"16,48 : 209.9"
"16,49 : 684.0"
"17,0 : 1032.49"
"17,1 : 873.29"
"17,2 : 655.27"
"17,3 : 228.76"
"17,4 : 379.68"
"17,5 : 579.68"
"17,6 : 520.34"
"17,7 : 746.0"
"17,8 : 169.45"
"17,9 : 873.15"
"17,10 : 668.0"
"17,11 : 665.51"
"17,12 : 778.59"
"17,13 : 357.93"
"17,14 : 957.86"
"17,15 : 431.13"
"17,16 : 568.12"
"17,17 : 0.0"
"17,18 : 936.48"
"17,19 : 872.89"
"17,20 : 157.7"
"17,21 : 146.22"
"17,22 : 160.33"
"17,23 : 520.07"
"17,24 : 338.15"
"17,25 : 443.9"
"17,26 : 596.66"
"17,27 : 391.9"
"17,28 : 312.27"
"17,29 : 657.77"
"17,30 : 611.97"
"17,31 : 262.23"
"17,32 : 149.48"
"17,33 : 222.27"
"17,34 : 1046.84"
"17,35 : 111.73"
"17,36 : 118.38"
"17,37 : 412.93"
"17,38 : 681.71"
"17,39 : 1023.2"
"17,40 : 829.77"
"17,41 : 514.23"
"17,42 : 402.89"
"17,43 : 609.48"
"17,44 : 379.75"
"17,45 : 748.7"
"17,46 : 684.32"
"17,47 : 443.68"
"17,48 : 775.35"
"17,49 : 521.16"
"18,0 : 217.08"
"18,1 : 488.52"
"18,2 : 609.14"
"18,3 : 708.61"
"18,4 : 720.57"
"18,5 : 376.45"
"18,6 : 540.07"
"18,7 : 349.14"
"18,8 : 957.86"
"18,9 : 566.42"
"18,10 : 275.67"
"18,11 : 448.15"
"18,12 : 575.73"
"18,13 : 606.88"
"18,14 : 55.44"
"18,15 : 505.57"
"18,16 : 368.41"
"18,17 : 936.48"
"18,18 : 0.0"
"18,19 : 585.6"
"18,20 : 1090.75"
"18,21 : 976.53"
"18,22 : 1092.99"
"18,23 : 419.36"
"18,24 : 652.24"
"18,25 : 516.37"
"18,26 : 697.2"
"18,27 : 547.79"
"18,28 : 821.83"
"18,29 : 695.6"
"18,30 : 335.72"
"18,31 : 750.96"
"18,32 : 998.23"
"18,33 : 955.22"
"18,34 : 245.51"
"18,35 : 829.59"
"18,36 : 825.94"
"18,37 : 580.75"
"18,38 : 494.24"
"18,39 : 426.2"
"18,40 : 284.18"
"18,41 : 693.95"
"18,42 : 786.23"
"18,43 : 340.16"
"18,44 : 690.16"
"18,45 : 384.77"
"18,46 : 594.51"
"18,47 : 694.38"
"18,48 : 165.13"
"18,49 : 965.68"
"19,0 : 458.93"
"19,1 : 98.84"
"19,2 : 975.56"
"19,3 : 719.18"
"19,4 : 498.99"
"19,5 : 637.6"
"19,6 : 368.11"
"19,7 : 275.11"
"19,8 : 786.87"
"19,9 : 19.7"
"19,10 : 585.45"
"19,11 : 830.62"
"19,12 : 1012.61"
"19,13 : 548.15"
"19,14 : 548.39"
"19,15 : 601.65"
"19,16 : 550.71"
"19,17 : 872.89"
"19,18 : 585.6"
"19,19 : 0.0"
"19,20 : 980.81"
"19,21 : 819.59"
"19,22 : 981.51"
"19,23 : 594.82"
"19,24 : 787.21"
"19,25 : 499.73"
"19,26 : 306.18"
"19,27 : 578.83"
"19,28 : 594.03"
"19,29 : 254.88"
"19,30 : 470.24"
"19,31 : 610.78"
"19,32 : 1002.62"
"19,33 : 751.42"
"19,34 : 446.51"
"19,35 : 770.15"
"19,36 : 814.84"
"19,37 : 483.46"
"19,38 : 212.08"
"19,39 : 260.77"
"19,40 : 783.75"
"19,41 : 374.4"
"19,42 : 507.25"
"19,43 : 613.78"
"19,44 : 493.75"
"19,45 : 237.95"
"19,46 : 190.03"
"19,47 : 923.66"
"19,48 : 506.06"
"19,49 : 577.1"
"20,0 : 1178.02"
"20,1 : 992.8"
"20,2 : 798.55"
"20,3 : 385.42"
"20,4 : 482.12"
"20,5 : 737.13"
"20,6 : 646.98"
"20,7 : 882.34"
"20,8 : 199.25"
"20,9 : 983.48"
"20,10 : 824.33"
"20,11 : 819.82"
"20,12 : 924.01"
"20,13 : 499.61"
"20,14 : 1110.28"
"20,15 : 586.46"
"20,16 : 722.9"
"20,17 : 157.7"
"20,18 : 1090.75"
"20,19 : 980.81"
"20,20 : 0.0"
"20,21 : 164.56"
"20,22 : 3.16"
"20,23 : 676.32"
"20,24 : 492.75"
"20,25 : 589.03"
"20,26 : 687.13"
"20,27 : 543.74"
"20,28 : 390.56"
"20,29 : 747.41"
"20,30 : 762.48"
"20,31 : 380.35"
"20,32 : 202.89"
"20,33 : 246.76"
"20,34 : 1190.96"
"20,35 : 261.2"
"20,36 : 275.61"
"20,37 : 548.11"
"20,38 : 803.2"
"20,39 : 1152.26"
"20,40 : 987.1"
"20,41 : 609.24"
"20,42 : 482.42"
"20,43 : 766.53"
"20,44 : 491.21"
"20,45 : 881.08"
"20,46 : 790.8"
"20,47 : 583.79"
"20,48 : 928.36"
"20,49 : 544.13"
"21,0 : 1043.48"
"21,1 : 836.09"
"21,2 : 775.71"
"21,3 : 303.6"
"21,4 : 322.97"
"21,5 : 646.6"
"21,6 : 497.86"
"21,7 : 738.62"
"21,8 : 34.93"
"21,9 : 823.01"
"21,10 : 722.49"
"21,11 : 763.86"
"21,12 : 894.79"
"21,13 : 370.82"
"21,14 : 990.18"
"21,15 : 485.32"
"21,16 : 615.57"
"21,17 : 146.22"
"21,18 : 976.53"
"21,19 : 819.59"
"21,20 : 164.56"
"21,21 : 0.0"
"21,22 : 164.71"
"21,23 : 577.09"
"21,24 : 443.88"
"21,25 : 462.09"
"21,26 : 523.24"
"21,27 : 432.45"
"21,28 : 226.82"
"21,29 : 583.29"
"21,30 : 641.76"
"21,31 : 234.36"
"21,32 : 284.3"
"21,33 : 87.14"
"21,34 : 1054.26"
"21,35 : 177.29"
"21,36 : 230.99"
"21,37 : 409.2"
"21,38 : 648.74"
"21,39 : 1000.56"
"21,40 : 909.32"
"21,41 : 446.43"
"21,42 : 318.14"
"21,43 : 670.91"
"21,44 : 335.91"
"21,45 : 733.67"
"21,46 : 629.89"
"21,47 : 571.05"
"21,48 : 811.68"
"21,49 : 392.7"
"22,0 : 1179.83"
"22,1 : 993.81"
"22,2 : 801.65"
"22,3 : 387.88"
"22,4 : 482.9"
"22,5 : 739.67"
"22,6 : 648.27"
"22,7 : 883.86"
"22,8 : 199.32"
"22,9 : 984.25"
"22,10 : 826.73"
"22,11 : 822.73"
"22,12 : 927.09"
"22,13 : 501.4"
"22,14 : 1112.41"
"22,15 : 588.8"
"22,16 : 725.19"
"22,17 : 160.33"
"22,18 : 1092.99"
"22,19 : 981.51"
"22,20 : 3.16"
"22,21 : 164.71"
"22,22 : 0.0"
"22,23 : 678.72"
"22,24 : 495.63"
"22,25 : 590.91"
"22,26 : 687.51"
"22,27 : 545.89"
"22,28 : 390.94"
"22,29 : 747.74"
"22,30 : 764.55"
"22,31 : 381.61"
"22,32 : 205.97"
"22,33 : 246.45"
"22,34 : 1192.72"
"22,35 : 263.41"
"22,36 : 278.33"
"22,37 : 549.68"
"22,38 : 804.3"
"22,39 : 1153.52"
"22,40 : 989.83"
"22,41 : 609.76"
"22,42 : 482.7"
"22,43 : 769.01"
"22,44 : 492.2"
"22,45 : 882.48"
"22,46 : 791.52"
"22,47 : 586.9"
"22,48 : 930.53"
"22,49 : 543.21"
"23,0 : 548.92"
"23,1 : 538.84"
"23,2 : 387.8"
"23,3 : 291.32"
"23,4 : 395.55"
"23,5 : 78.11"
"23,6 : 292.21"
"23,7 : 345.58"
"23,8 : 564.11"
"23,9 : 583.63"
"23,10 : 148.0"
"23,11 : 268.0"
"23,12 : 451.0"
"23,13 : 232.59"
"23,14 : 446.59"
"23,15 : 91.78"
"23,16 : 59.06"
"23,17 : 520.07"
"23,18 : 419.36"
"23,19 : 594.82"
"23,20 : 676.32"
"23,21 : 577.09"
"23,22 : 678.72"
"23,23 : 0.0"
"23,24 : 245.18"
"23,25 : 167.57"
"23,26 : 495.49"
"23,27 : 149.08"
"23,28 : 471.3"
"23,29 : 530.8"
"23,30 : 138.85"
"23,31 : 374.05"
"23,32 : 579.87"
"23,33 : 573.2"
"23,34 : 569.12"
"23,35 : 416.81"
"23,36 : 407.27"
"23,37 : 244.18"
"23,38 : 391.17"
"23,39 : 619.49"
"23,40 : 344.11"
"23,41 : 443.91"
"23,42 : 473.49"
"23,43 : 94.26"
"23,44 : 361.77"
"23,45 : 372.09"
"23,46 : 470.49"
"23,47 : 341.39"
"23,48 : 265.24"
"23,49 : 678.19"
"24,0 : 794.0"
"24,1 : 749.53"
"24,2 : 336.34"
"24,3 : 153.39"
"24,4 : 422.16"
"24,5 : 275.94"
"24,6 : 429.41"
"24,7 : 570.73"
"24,8 : 445.28"
"24,9 : 779.83"
"24,10 : 377.0"
"24,11 : 327.39"
"24,12 : 451.6"
"24,13 : 266.39"
"24,14 : 685.23"
"24,15 : 191.6"
"24,16 : 304.03"
"24,17 : 338.15"
"24,18 : 652.24"
"24,19 : 787.21"
"24,20 : 492.75"
"24,21 : 443.88"
"24,22 : 495.63"
"24,23 : 245.18"
"24,24 : 0.0"
"24,25 : 288.14"
"24,26 : 603.41"
"24,27 : 209.4"
"24,28 : 443.65"
"24,29 : 654.8"
"24,30 : 377.49"
"24,31 : 331.65"
"24,32 : 354.19"
"24,33 : 476.12"
"24,34 : 814.3"
"24,35 : 266.81"
"24,36 : 221.14"
"24,37 : 324.53"
"24,38 : 575.13"
"24,39 : 853.54"
"24,40 : 499.38"
"24,41 : 528.78"
"24,42 : 492.22"
"24,43 : 312.12"
"24,44 : 396.05"
"24,45 : 590.05"
"24,46 : 627.86"
"24,47 : 160.31"
"24,48 : 507.3"
"24,49 : 685.97"
"25,0 : 589.3"
"25,1 : 468.34"
"25,2 : 534.51"
"25,3 : 237.54"
"25,4 : 230.64"
"25,5 : 244.63"
"25,6 : 145.15"
"25,7 : 308.78"
"25,8 : 441.96"
"25,9 : 493.06"
"25,10 : 283.39"
"25,11 : 432.3"
"25,12 : 611.72"
"25,13 : 91.29"
"25,14 : 528.16"
"25,15 : 115.88"
"25,16 : 175.93"
"25,17 : 443.9"
"25,18 : 516.37"
"25,19 : 499.73"
"25,20 : 589.03"
"25,21 : 462.09"
"25,22 : 590.91"
"25,23 : 167.57"
"25,24 : 288.14"
"25,25 : 0.0"
"25,26 : 339.48"
"25,27 : 79.1"
"25,28 : 316.31"
"25,29 : 382.37"
"25,30 : 180.65"
"25,31 : 234.78"
"25,32 : 542.01"
"25,33 : 439.3"
"25,34 : 603.08"
"25,35 : 332.27"
"25,36 : 351.2"
"25,37 : 77.49"
"25,38 : 287.77"
"25,39 : 593.07"
"25,40 : 503.98"
"25,41 : 280.02"
"25,42 : 307.75"
"25,43 : 251.1"
"25,44 : 196.84"
"25,45 : 318.92"
"25,46 : 342.03"
"25,47 : 433.0"
"25,48 : 351.24"
"25,49 : 511.45"
"26,0 : 658.87"
"26,1 : 349.28"
"26,2 : 873.87"
"26,3 : 491.86"
"26,4 : 218.36"
"26,5 : 565.11"
"26,6 : 203.65"
"26,7 : 354.62"
"26,8 : 489.32"
"26,9 : 313.75"
"26,10 : 563.86"
"26,11 : 763.24"
"26,12 : 946.39"
"26,13 : 337.1"
"26,14 : 681.71"
"26,15 : 454.96"
"26,16 : 479.21"
"26,17 : 596.66"
"26,18 : 697.2"
"26,19 : 306.18"
"26,20 : 687.13"
"26,21 : 523.24"
"26,22 : 687.51"
"26,23 : 495.49"
"26,24 : 603.41"
"26,25 : 339.48"
"26,26 : 0.0"
"26,27 : 405.64"
"26,28 : 296.57"
"26,29 : 61.13"
"26,30 : 428.89"
"26,31 : 340.24"
"26,32 : 737.66"
"26,33 : 449.76"
"26,34 : 657.92"
"26,35 : 505.57"
"26,36 : 562.47"
"26,37 : 281.06"
"26,38 : 210.06"
"26,39 : 531.74"
"26,40 : 793.62"
"26,41 : 83.38"
"26,42 : 205.53"
"26,43 : 558.63"
"26,44 : 227.0"
"26,45 : 326.06"
"26,46 : 131.18"
"26,47 : 759.88"
"26,48 : 556.92"
"26,49 : 290.66"
"27,0 : 643.77"
"27,1 : 546.12"
"27,2 : 475.27"
"27,3 : 171.27"
"27,4 : 260.99"
"27,5 : 225.01"
"27,6 : 220.84"
"27,7 : 379.69"
"27,8 : 417.43"
"27,9 : 572.1"
"27,10 : 290.51"
"27,11 : 390.96"
"27,12 : 562.72"
"27,13 : 89.01"
"27,14 : 566.59"
"27,15 : 63.32"
"27,16 : 183.13"
"27,17 : 391.9"
"27,18 : 547.79"
"27,19 : 578.83"
"27,20 : 543.74"
"27,21 : 432.45"
"27,22 : 545.89"
"27,23 : 149.08"
"27,24 : 209.4"
"27,25 : 79.1"
"27,26 : 405.64"
"27,27 : 0.0"
"27,28 : 325.57"
"27,29 : 452.73"
"27,30 : 220.2"
"27,31 : 225.18"
"27,32 : 476.56"
"27,33 : 424.47"
"27,34 : 659.74"
"27,35 : 282.68"
"27,36 : 289.25"
"27,37 : 125.64"
"27,38 : 366.85"
"27,39 : 665.05"
"27,40 : 492.43"
"27,41 : 338.43"
"27,42 : 339.0"
"27,43 : 243.01"
"27,44 : 228.43"
"27,45 : 393.15"
"27,46 : 419.07"
"27,47 : 357.56"
"27,48 : 384.66"
"27,49 : 544.35"
"28,0 : 855.02"
"28,1 : 615.92"
"28,2 : 771.42"
"28,3 : 293.9"
"28,4 : 108.3"
"28,5 : 548.96"
"28,6 : 298.02"
"28,7 : 540.71"
"28,8 : 193.28"
"28,9 : 598.21"
"28,10 : 599.47"
"28,11 : 711.97"
"28,12 : 873.86"
"28,13 : 238.73"
"28,14 : 825.69"
"28,15 : 388.71"
"28,16 : 491.16"
"28,17 : 312.27"
"28,18 : 821.83"
"28,19 : 594.03"
"28,20 : 390.56"
"28,21 : 226.82"
"28,22 : 390.94"
"28,23 : 471.3"
"28,24 : 443.65"
"28,25 : 316.31"
"28,26 : 296.57"
"28,27 : 325.57"
"28,28 : 0.0"
"28,29 : 356.9"
"28,30 : 490.47"
"28,31 : 112.45"
"28,32 : 460.07"
"28,33 : 159.1"
"28,34 : 862.29"
"28,35 : 243.4"
"28,36 : 311.85"
"28,37 : 243.3"
"28,38 : 433.7"
"28,39 : 786.53"
"28,40 : 815.11"
"28,41 : 219.97"
"28,42 : 92.72"
"28,43 : 562.41"
"28,44 : 133.45"
"28,45 : 529.42"
"28,46 : 405.03"
"28,47 : 600.55"
"28,48 : 658.51"
"28,49 : 243.94"
"29,0 : 638.35"
"29,1 : 309.38"
"29,2 : 914.25"
"29,3 : 548.57"
"29,4 : 279.16"
"29,5 : 596.79"
"29,6 : 239.99"
"29,7 : 347.34"
"29,8 : 549.19"
"29,9 : 264.62"
"29,10 : 585.82"
"29,11 : 796.77"
"29,12 : 981.24"
"29,13 : 389.54"
"29,14 : 675.46"
"29,15 : 498.23"
"29,16 : 508.77"
"29,17 : 657.77"
"29,18 : 695.6"
"29,19 : 254.88"
"29,20 : 747.41"
"29,21 : 583.29"
"29,22 : 747.74"
"29,23 : 530.8"
"29,24 : 654.8"
"29,25 : 382.37"
"29,26 : 61.13"
"29,27 : 452.73"
"29,28 : 356.9"
"29,29 : 0.0"
"29,30 : 450.82"
"29,31 : 400.79"
"29,32 : 798.49"
"29,33 : 508.55"
"29,34 : 634.89"
"29,35 : 566.12"
"29,36 : 622.22"
"29,37 : 330.49"
"29,38 : 201.38"
"29,39 : 493.24"
"29,40 : 813.29"
"29,41 : 144.01"
"29,42 : 265.2"
"29,43 : 586.91"
"29,44 : 286.45"
"29,45 : 314.5"
"29,46 : 104.17"
"29,47 : 809.36"
"29,48 : 564.5"
"29,49 : 326.17"
"30,0 : 425.87"
"30,1 : 406.16"
"30,2 : 505.49"
"30,3 : 389.74"
"30,4 : 394.25"
"30,5 : 167.44"
"30,6 : 234.35"
"30,7 : 209.15"
"30,8 : 622.38"
"30,9 : 457.28"
"30,10 : 135.21"
"30,11 : 362.69"
"30,12 : 547.03"
"30,13 : 271.36"
"30,14 : 348.89"
"30,15 : 194.01"
"30,16 : 84.0"
"30,17 : 611.97"
"30,18 : 335.72"
"30,19 : 470.24"
"30,20 : 762.48"
"30,21 : 641.76"
"30,22 : 764.55"
"30,23 : 138.85"
"30,24 : 377.49"
"30,25 : 180.65"
"30,26 : 428.89"
"30,27 : 220.2"
"30,28 : 490.47"
"30,29 : 450.82"
"30,30 : 0.0"
"30,31 : 415.29"
"30,32 : 692.36"
"30,33 : 619.68"
"30,34 : 443.41"
"30,35 : 502.06"
"30,36 : 508.38"
"30,37 : 247.37"
"30,38 : 279.87"
"30,39 : 480.71"
"30,40 : 364.78"
"30,41 : 398.13"
"30,42 : 465.8"
"30,43 : 144.9"
"30,44 : 362.01"
"30,45 : 238.73"
"30,46 : 372.36"
"30,47 : 480.05"
"30,48 : 170.6"
"30,49 : 659.75"
"31,0 : 809.3"
"31,1 : 614.61"
"31,2 : 659.15"
"31,3 : 184.02"
"31,4 : 122.2"
"31,5 : 450.13"
"31,6 : 266.69"
"31,7 : 504.91"
"31,8 : 210.2"
"31,9 : 611.34"
"31,10 : 510.77"
"31,11 : 603.95"
"31,12 : 762.75"
"31,13 : 146.11"
"31,14 : 761.07"
"31,15 : 286.71"
"31,16 : 401.72"
"31,17 : 262.23"
"31,18 : 750.96"
"31,19 : 610.78"
"31,20 : 380.35"
"31,21 : 234.36"
"31,22 : 381.61"
"31,23 : 374.05"
"31,24 : 331.65"
"31,25 : 234.78"
"31,26 : 340.24"
"31,27 : 225.18"
"31,28 : 112.45"
"31,29 : 400.79"
"31,30 : 415.29"
"31,31 : 0.0"
"31,32 : 398.12"
"31,33 : 204.57"
"31,34 : 819.91"
"31,35 : 165.34"
"31,36 : 224.57"
"31,37 : 175.35"
"31,38 : 423.85"
"31,39 : 771.91"
"31,40 : 717.59"
"31,41 : 256.88"
"31,42 : 170.66"
"31,43 : 467.47"
"31,44 : 117.65"
"31,45 : 501.56"
"31,46 : 422.09"
"31,47 : 489.47"
"31,48 : 585.88"
"31,49 : 354.52"
"32,0 : 1118.21"
"32,1 : 994.45"
"32,2 : 620.12"
"32,3 : 305.66"
"32,4 : 519.34"
"32,5 : 625.54"
"32,6 : 640.49"
"32,7 : 850.63"
"32,8 : 312.87"
"32,9 : 1001.29"
"32,10 : 723.07"
"32,11 : 667.09"
"32,12 : 747.27"
"32,13 : 465.93"
"32,14 : 1026.41"
"32,15 : 500.1"
"32,16 : 634.63"
"32,17 : 149.48"
"32,18 : 998.23"
"32,19 : 1002.62"
"32,20 : 202.89"
"32,21 : 284.3"
"32,22 : 205.97"
"32,23 : 579.87"
"32,24 : 354.19"
"32,25 : 542.01"
"32,26 : 737.66"
"32,27 : 476.56"
"32,28 : 460.07"
"32,29 : 798.49"
"32,30 : 692.36"
"32,31 : 398.12"
"32,32 : 0.0"
"32,33 : 367.16"
"32,34 : 1135.22"
"32,35 : 233.57"
"32,36 : 191.76"
"32,37 : 527.27"
"32,38 : 803.45"
"32,39 : 1133.69"
"32,40 : 851.08"
"32,41 : 654.48"
"32,42 : 549.3"
"32,43 : 659.83"
"32,44 : 514.94"
"32,45 : 858.36"
"32,46 : 816.75"
"32,47 : 405.71"
"32,48 : 844.42"
"32,49 : 669.64"
"33,0 : 1004.97"
"33,1 : 775.02"
"33,2 : 812.3"
"33,3 : 325.73"
"33,4 : 264.71"
"33,5 : 647.08"
"33,6 : 450.4"
"33,7 : 693.72"
"33,8 : 54.57"
"33,9 : 756.19"
"33,10 : 713.54"
"33,11 : 783.34"
"33,12 : 926.62"
"33,13 : 350.35"
"33,14 : 964.19"
"33,15 : 483.01"
"33,16 : 604.72"
"33,17 : 222.27"
"33,18 : 955.22"
"33,19 : 751.42"
"33,20 : 246.76"
"33,21 : 87.14"
"33,22 : 246.45"
"33,23 : 573.2"
"33,24 : 476.12"
"33,25 : 439.3"
"33,26 : 449.76"
"33,27 : 424.47"
"33,28 : 159.1"
"33,29 : 508.55"
"33,30 : 619.68"
"33,31 : 204.57"
"33,32 : 367.16"
"33,33 : 0.0"
"33,34 : 1013.74"
"33,35 : 216.06"
"33,36 : 281.81"
"33,37 : 376.36"
"33,38 : 592.11"
"33,39 : 945.07"
"33,40 : 913.79"
"33,41 : 377.05"
"33,42 : 244.64"
"33,43 : 667.36"
"33,44 : 284.32"
"33,45 : 684.83"
"33,46 : 563.24"
"33,47 : 616.4"
"33,48 : 790.21"
"33,49 : 305.76"
"34,0 : 28.44"
"34,1 : 350.89"
"34,2 : 837.19"
"34,3 : 830.92"
"34,4 : 754.15"
"34,5 : 554.15"
"34,6 : 564.38"
"34,7 : 321.97"
"34,8 : 1029.27"
"34,9 : 427.11"
"34,10 : 454.32"
"34,11 : 673.51"
"34,12 : 816.27"
"34,13 : 691.4"
"34,14 : 190.07"
"34,15 : 637.25"
"34,16 : 510.35"
"34,17 : 1046.84"
"34,18 : 245.51"
"34,19 : 446.51"
"34,20 : 1190.96"
"34,21 : 1054.26"
"34,22 : 1192.72"
"34,23 : 569.12"
"34,24 : 814.3"
"34,25 : 603.08"
"34,26 : 657.92"
"34,27 : 659.74"
"34,28 : 862.29"
"34,29 : 634.89"
"34,30 : 443.41"
"34,31 : 819.91"
"34,32 : 1135.22"
"34,33 : 1013.74"
"34,34 : 0.0"
"34,35 : 935.3"
"34,36 : 948.94"
"34,37 : 645.43"
"34,38 : 450.92"
"34,39 : 215.8"
"34,40 : 527.59"
"34,41 : 684.2"
"34,42 : 803.04"
"34,43 : 516.65"
"34,44 : 730.36"
"34,45 : 338.72"
"34,46 : 531.85"
"34,47 : 889.45"
"34,48 : 315.93"
"34,49 : 947.44"
"35,0 : 921.15"
"35,1 : 766.01"
"35,2 : 600.43"
"35,3 : 129.87"
"35,4 : 287.37"
"35,5 : 480.98"
"35,6 : 412.04"
"35,7 : 634.63"
"35,8 : 179.39"
"35,9 : 769.39"
"35,10 : 564.65"
"35,11 : 587.31"
"35,12 : 718.18"
"35,13 : 246.33"
"35,14 : 849.27"
"35,15 : 326.1"
"35,16 : 461.98"
"35,17 : 111.73"
"35,18 : 829.59"
"35,19 : 770.15"
"35,20 : 261.2"
"35,21 : 177.29"
"35,22 : 263.41"
"35,23 : 416.81"
"35,24 : 266.81"
"35,25 : 332.27"
"35,26 : 505.57"
"35,27 : 282.68"
"35,28 : 243.4"
"35,29 : 566.12"
"35,30 : 502.06"
"35,31 : 165.34"
"35,32 : 233.57"
"35,33 : 216.06"
"35,34 : 935.3"
"35,35 : 0.0"
"35,36 : 70.49"
"35,37 : 302.48"
"35,38 : 574.41"
"35,39 : 912.92"
"35,40 : 738.68"
"35,41 : 422.21"
"35,42 : 325.59"
"35,43 : 508.52"
"35,44 : 281.47"
"35,45 : 638.01"
"35,46 : 583.46"
"35,47 : 400.65"
"35,48 : 667.2"
"35,49 : 477.68"
"36,0 : 933.0"
"36,1 : 803.55"
"36,2 : 546.16"
"36,3 : 118.7"
"36,4 : 346.12"
"36,5 : 463.68"
"36,6 : 450.13"
"36,7 : 659.4"
"36,8 : 239.99"
"36,9 : 812.71"
"36,10 : 554.56"
"36,11 : 548.06"
"36,12 : 667.17"
"36,13 : 274.24"
"36,14 : 849.9"
"36,15 : 320.89"
"36,16 : 457.96"
"36,17 : 118.38"
"36,18 : 825.94"
"36,19 : 814.84"
"36,20 : 275.61"
"36,21 : 230.99"
"36,22 : 278.33"
"36,23 : 407.27"
"36,24 : 221.14"
"36,25 : 351.2"
"36,26 : 562.47"
"36,27 : 289.25"
"36,28 : 311.85"
"36,29 : 622.22"
"36,30 : 508.38"
"36,31 : 224.57"
"36,32 : 191.76"
"36,33 : 281.81"
"36,34 : 948.94"
"36,35 : 70.49"
"36,36 : 0.0"
"36,37 : 336.09"
"36,38 : 613.01"
"36,39 : 942.02"
"36,40 : 711.52"
"36,41 : 479.23"
"36,42 : 390.86"
"36,43 : 494.58"
"36,44 : 335.79"
"36,45 : 666.65"
"36,46 : 631.41"
"36,47 : 340.07"
"36,48 : 667.11"
"36,49 : 548.0"
"37,0 : 634.3"
"37,1 : 467.47"
"37,2 : 599.85"
"37,3 : 235.73"
"37,4 : 153.31"
"37,5 : 321.7"
"37,6 : 115.45"
"37,7 : 334.47"
"37,8 : 385.55"
"37,9 : 479.74"
"37,10 : 359.08"
"37,11 : 506.05"
"37,12 : 682.97"
"37,13 : 64.78"
"37,14 : 587.96"
"37,15 : 181.02"
"37,16 : 252.74"
"37,17 : 412.93"
"37,18 : 580.75"
"37,19 : 483.46"
"37,20 : 548.11"
"37,21 : 409.2"
"37,22 : 549.68"
"37,23 : 244.18"
"37,24 : 324.53"
"37,25 : 77.49"
"37,26 : 281.06"
"37,27 : 125.64"
"37,28 : 243.3"
"37,29 : 330.49"
"37,30 : 247.37"
"37,31 : 175.35"
"37,32 : 527.27"
"37,33 : 376.36"
"37,34 : 645.43"
"37,35 : 302.48"
"37,36 : 336.09"
"37,37 : 0.0"
"37,38 : 277.41"
"37,39 : 610.45"
"37,40 : 581.32"
"37,41 : 212.85"
"37,42 : 230.26"
"37,43 : 328.56"
"37,44 : 119.57"
"37,45 : 335.77"
"37,46 : 309.03"
"37,47 : 479.17"
"37,48 : 416.45"
"37,49 : 434.17"
"38,0 : 450.29"
"38,1 : 191.64"
"38,2 : 777.51"
"38,3 : 511.81"
"38,4 : 327.73"
"38,5 : 442.74"
"38,6 : 162.96"
"38,7 : 146.33"
"38,8 : 618.72"
"38,9 : 205.41"
"38,10 : 409.08"
"38,11 : 641.64"
"38,12 : 826.49"
"38,13 : 341.23"
"38,14 : 474.67"
"38,15 : 390.48"
"38,16 : 353.36"
"38,17 : 681.71"
"38,18 : 494.24"
"38,19 : 212.08"
"38,20 : 803.2"
"38,21 : 648.74"
"38,22 : 804.3"
"38,23 : 391.17"
"38,24 : 575.13"
"38,25 : 287.77"
"38,26 : 210.06"
"38,27 : 366.85"
"38,28 : 433.7"
"38,29 : 201.38"
"38,30 : 279.87"
"38,31 : 423.85"
"38,32 : 803.45"
"38,33 : 592.11"
"38,34 : 450.92"
"38,35 : 574.41"
"38,36 : 613.01"
"38,37 : 277.41"
"38,38 : 0.0"
"38,39 : 352.96"
"38,40 : 628.55"
"38,41 : 235.09"
"38,42 : 361.35"
"38,43 : 424.29"
"38,44 : 312.93"
"38,45 : 116.0"
"38,46 : 102.0"
"38,47 : 713.06"
"38,48 : 367.7"
"38,49 : 496.98"
"39,0 : 237.35"
"39,1 : 183.87"
"39,2 : 953.33"
"39,3 : 830.56"
"39,4 : 680.64"
"39,5 : 631.67"
"39,6 : 505.36"
"39,7 : 285.39"
"39,8 : 971.11"
"39,9 : 243.61"
"39,10 : 547.02"
"39,11 : 792.52"
"39,12 : 957.15"
"39,13 : 668.69"
"39,14 : 375.35"
"39,15 : 662.92"
"39,16 : 562.67"
"39,17 : 1023.2"
"39,18 : 426.2"
"39,19 : 260.77"
"39,20 : 1152.26"
"39,21 : 1000.56"
"39,22 : 1153.52"
"39,23 : 619.49"
"39,24 : 853.54"
"39,25 : 593.07"
"39,26 : 531.74"
"39,27 : 665.05"
"39,28 : 786.53"
"39,29 : 493.24"
"39,30 : 480.71"
"39,31 : 771.91"
"39,32 : 1133.69"
"39,33 : 945.07"
"39,34 : 215.8"
"39,35 : 912.92"
"39,36 : 942.02"
"39,37 : 610.45"
"39,38 : 352.96"
"39,39 : 0.0"
"39,40 : 685.23"
"39,41 : 580.22"
"39,42 : 711.33"
"39,43 : 597.93"
"39,44 : 664.73"
"39,45 : 275.43"
"39,46 : 400.74"
"39,47 : 959.99"
"39,48 : 422.97"
"39,49 : 819.0"
"40,0 : 499.4"
"40,1 : 697.27"
"40,2 : 343.71"
"40,3 : 608.81"
"40,4 : 734.61"
"40,5 : 267.47"
"40,6 : 597.1"
"40,7 : 510.69"
"40,8 : 900.12"
"40,9 : 766.8"
"40,10 : 230.41"
"40,11 : 201.06"
"40,12 : 292.64"
"40,13 : 576.56"
"40,14 : 339.01"
"40,15 : 431.42"
"40,16 : 329.19"
"40,17 : 829.77"
"40,18 : 284.18"
"40,19 : 783.75"
"40,20 : 987.1"
"40,21 : 909.32"
"40,22 : 989.83"
"40,23 : 344.11"
"40,24 : 499.38"
"40,25 : 503.98"
"40,26 : 793.62"
"40,27 : 492.43"
"40,28 : 815.11"
"40,29 : 813.29"
"40,30 : 364.78"
"40,31 : 717.59"
"40,32 : 851.08"
"40,33 : 913.79"
"40,34 : 527.59"
"40,35 : 738.68"
"40,36 : 711.52"
"40,37 : 581.32"
"40,38 : 628.55"
"40,39 : 685.23"
"40,40 : 0.0"
"40,41 : 760.28"
"40,42 : 811.31"
"40,43 : 253.21"
"40,44 : 700.81"
"40,45 : 549.3"
"40,46 : 727.8"
"40,47 : 481.42"
"40,48 : 278.57"
"40,49 : 1013.11"
"41,0 : 681.77"
"41,1 : 402.95"
"41,2 : 812.26"
"41,3 : 411.27"
"41,4 : 135.15"
"41,5 : 517.61"
"41,6 : 163.78"
"41,7 : 367.27"
"41,8 : 413.19"
"41,9 : 379.25"
"41,10 : 530.07"
"41,11 : 711.29"
"41,12 : 891.7"
"41,13 : 262.99"
"41,14 : 685.01"
"41,15 : 392.56"
"41,16 : 436.19"
"41,17 : 514.23"
"41,18 : 693.95"
"41,19 : 374.4"
"41,20 : 609.24"
"41,21 : 446.43"
"41,22 : 609.76"
"41,23 : 443.91"
"41,24 : 528.78"
"41,25 : 280.02"
"41,26 : 83.38"
"41,27 : 338.43"
"41,28 : 219.97"
"41,29 : 144.01"
"41,30 : 398.13"
"41,31 : 256.88"
"41,32 : 654.48"
"41,33 : 377.05"
"41,34 : 684.2"
"41,35 : 422.21"
"41,36 : 479.23"
"41,37 : 212.85"
"41,38 : 235.09"
"41,39 : 580.22"
"41,40 : 760.28"
"41,41 : 0.0"
"41,42 : 133.66"
"41,43 : 516.02"
"41,44 : 144.22"
"41,45 : 345.65"
"41,46 : 186.76"
"41,47 : 687.08"
"41,48 : 543.28"
"41,49 : 272.05"
"42,0 : 798.19"
"42,1 : 535.93"
"42,2 : 806.71"
"42,3 : 351.8"
"42,4 : 78.29"
"42,5 : 551.38"
"42,6 : 247.49"
"42,7 : 481.65"
"42,8 : 283.99"
"42,9 : 512.61"
"42,10 : 586.81"
"42,11 : 729.73"
"42,12 : 900.71"
"42,13 : 250.46"
"42,14 : 784.27"
"42,15 : 401.31"
"42,16 : 482.28"
"42,17 : 402.89"
"42,18 : 786.23"
"42,19 : 507.25"
"42,20 : 482.42"
"42,21 : 318.14"
"42,22 : 482.7"
"42,23 : 473.49"
"42,24 : 492.22"
"42,25 : 307.75"
"42,26 : 205.53"
"42,27 : 339.0"
"42,28 : 92.72"
"42,29 : 265.2"
"42,30 : 465.8"
"42,31 : 170.66"
"42,32 : 549.3"
"42,33 : 244.64"
"42,34 : 803.04"
"42,35 : 325.59"
"42,36 : 390.86"
"42,37 : 230.26"
"42,38 : 361.35"
"42,39 : 711.33"
"42,40 : 811.31"
"42,41 : 133.66"
"42,42 : 0.0"
"42,43 : 558.79"
"42,44 : 111.83"
"42,45 : 465.35"
"42,46 : 320.41"
"42,47 : 652.22"
"42,48 : 627.01"
"42,49 : 205.53"
"43,0 : 493.76"
"43,1 : 545.29"
"43,2 : 364.39"
"43,3 : 381.14"
"43,4 : 481.71"
"43,5 : 37.74"
"43,6 : 356.2"
"43,7 : 346.01"
"43,8 : 658.29"
"43,9 : 600.22"
"43,10 : 65.19"
"43,11 : 217.79"
"43,12 : 402.24"
"43,13 : 324.35"
"43,14 : 373.95"
"43,15 : 185.69"
"43,16 : 79.88"
"43,17 : 609.48"
"43,18 : 340.16"
"43,19 : 613.78"
"43,20 : 766.53"
"43,21 : 670.91"
"43,22 : 769.01"
"43,23 : 94.26"
"43,24 : 312.12"
"43,25 : 251.1"
"43,26 : 558.63"
"43,27 : 243.01"
"43,28 : 562.41"
"43,29 : 586.91"
"43,30 : 144.9"
"43,31 : 467.47"
"43,32 : 659.83"
"43,33 : 667.36"
"43,34 : 516.65"
"43,35 : 508.52"
"43,36 : 494.58"
"43,37 : 328.56"
"43,38 : 424.29"
"43,39 : 597.93"
"43,40 : 253.21"
"43,41 : 516.02"
"43,42 : 558.79"
"43,43 : 0.0"
"43,44 : 447.89"
"43,45 : 378.98"
"43,46 : 514.4"
"43,47 : 373.08"
"43,48 : 201.44"
"43,49 : 761.73"
"44,0 : 722.47"
"44,1 : 501.61"
"44,2 : 700.09"
"44,3 : 269.0"
"44,4 : 33.84"
"44,5 : 439.73"
"44,6 : 166.21"
"44,7 : 409.58"
"44,8 : 306.47"
"44,9 : 494.83"
"44,10 : 478.26"
"44,11 : 618.51"
"44,12 : 791.04"
"44,13 : 141.01"
"44,14 : 692.78"
"44,15 : 290.15"
"44,16 : 372.31"
"44,17 : 379.75"
"44,18 : 690.16"
"44,19 : 493.75"
"44,20 : 491.21"
"44,21 : 335.91"
"44,22 : 492.2"
"44,23 : 361.77"
"44,24 : 396.05"
"44,25 : 196.84"
"44,26 : 227.0"
"44,27 : 228.43"
"44,28 : 133.45"
"44,29 : 286.45"
"44,30 : 362.01"
"44,31 : 117.65"
"44,32 : 514.94"
"44,33 : 284.32"
"44,34 : 730.36"
"44,35 : 281.47"
"44,36 : 335.79"
"44,37 : 119.57"
"44,38 : 312.93"
"44,39 : 664.73"
"44,40 : 700.81"
"44,41 : 144.22"
"44,42 : 111.83"
"44,43 : 447.89"
"44,44 : 0.0"
"44,45 : 400.71"
"44,46 : 304.63"
"44,47 : 556.17"
"44,48 : 527.84"
"44,49 : 317.18"
"45,0 : 336.24"
"45,1 : 167.45"
"45,2 : 742.91"
"45,3 : 555.97"
"45,4 : 421.25"
"45,5 : 405.38"
"45,6 : 235.85"
"45,7 : 38.9"
"45,8 : 705.91"
"45,9 : 222.87"
"45,10 : 347.68"
"45,11 : 594.31"
"45,12 : 775.24"
"45,13 : 393.29"
"45,14 : 361.38"
"45,15 : 398.53"
"45,16 : 322.02"
"45,17 : 748.7"
"45,18 : 384.77"
"45,19 : 237.95"
"45,20 : 881.08"
"45,21 : 733.67"
"45,22 : 882.48"
"45,23 : 372.09"
"45,24 : 590.05"
"45,25 : 318.92"
"45,26 : 326.06"
"45,27 : 393.15"
"45,28 : 529.42"
"45,29 : 314.5"
"45,30 : 238.73"
"45,31 : 501.56"
"45,32 : 858.36"
"45,33 : 684.83"
"45,34 : 338.72"
"45,35 : 638.01"
"45,36 : 666.65"
"45,37 : 335.77"
"45,38 : 116.0"
"45,39 : 275.43"
"45,40 : 549.3"
"45,41 : 345.65"
"45,42 : 465.35"
"45,43 : 378.98"
"45,44 : 400.71"
"45,45 : 0.0"
"45,46 : 211.29"
"45,47 : 711.13"
"45,48 : 275.17"
"45,49 : 611.79"
"46,0 : 534.68"
"46,1 : 219.13"
"46,2 : 858.21"
"46,3 : 542.4"
"46,4 : 308.97"
"46,5 : 529.23"
"46,6 : 198.46"
"46,7 : 245.42"
"46,8 : 597.4"
"46,9 : 193.21"
"46,10 : 504.95"
"46,11 : 729.71"
"46,12 : 914.98"
"46,13 : 373.26"
"46,14 : 572.66"
"46,15 : 454.25"
"46,16 : 439.61"
"46,17 : 684.32"
"46,18 : 594.51"
"46,19 : 190.03"
"46,20 : 790.8"
"46,21 : 629.89"
"46,22 : 791.52"
"46,23 : 470.49"
"46,24 : 627.86"
"46,25 : 342.03"
"46,26 : 131.18"
"46,27 : 419.07"
"46,28 : 405.03"
"46,29 : 104.17"
"46,30 : 372.36"
"46,31 : 422.09"
"46,32 : 816.75"
"46,33 : 563.24"
"46,34 : 531.85"
"46,35 : 583.46"
"46,36 : 631.41"
"46,37 : 309.03"
"46,38 : 102.0"
"46,39 : 400.74"
"46,40 : 727.8"
"46,41 : 186.76"
"46,42 : 320.41"
"46,43 : 514.4"
"46,44 : 304.63"
"46,45 : 211.29"
"46,46 : 0.0"
"46,47 : 774.99"
"46,48 : 469.61"
"46,49 : 420.9"
"47,0 : 866.07"
"47,1 : 876.18"
"47,2 : 215.33"
"47,3 : 306.88"
"47,4 : 582.47"
"47,5 : 335.94"
"47,6 : 577.72"
"47,7 : 686.38"
"47,8 : 578.83"
"47,9 : 914.48"
"47,10 : 435.27"
"47,11 : 282.17"
"47,12 : 342.02"
"47,13 : 424.09"
"47,14 : 736.38"
"47,15 : 322.74"
"47,16 : 397.34"
"47,17 : 443.68"
"47,18 : 694.38"
"47,19 : 923.66"
"47,20 : 583.79"
"47,21 : 571.05"
"47,22 : 586.9"
"47,23 : 341.39"
"47,24 : 160.31"
"47,25 : 433.0"
"47,26 : 759.88"
"47,27 : 357.56"
"47,28 : 600.55"
"47,29 : 809.36"
"47,30 : 480.05"
"47,31 : 489.47"
"47,32 : 405.71"
"47,33 : 616.4"
"47,34 : 889.45"
"47,35 : 400.65"
"47,36 : 340.07"
"47,37 : 479.17"
"47,38 : 713.06"
"47,39 : 959.99"
"47,40 : 481.42"
"47,41 : 687.08"
"47,42 : 652.22"
"47,43 : 373.08"
"47,44 : 556.17"
"47,45 : 711.13"
"47,46 : 774.99"
"47,47 : 0.0"
"47,48 : 573.62"
"47,49 : 843.94"
"48,0 : 292.49"
"48,1 : 418.7"
"48,2 : 533.59"
"48,3 : 548.88"
"48,4 : 558.97"
"48,5 : 239.14"
"48,6 : 383.99"
"48,7 : 236.28"
"48,8 : 792.78"
"48,9 : 488.8"
"48,10 : 138.4"
"48,11 : 371.0"
