x,y
498,769
647,309
461,71
698,537
804,804
704,739
129,970
588,417
538,860
336,729
992,140
779,799
275,318
405,179
625,203
587,329
100,656
564,588
393,148
28,174
864,176
425,666
40,1000
811,463
989,929
28,797
956,167
70,520
321,859
973,616
859,212
316,599
281,8
347,778
627,932
586,277
165,932
0,126
362,168
477,702
177,617
287,809
154,460
635,183
84,167
602,994
172,337
591,197
762,674
968,149

Distanze
"0,0 : 0.0"
"0,1 : 607.19"
"0,2 : 210.11"
"0,3 : 524.6"
"0,4 : 631.56"
"0,5 : 908.33"
"0,6 : 745.67"
"0,7 : 825.32"
"0,8 : 726.28"
"0,9 : 657.86"
"0,10 : 521.72"
"0,11 : 230.79"
"0,12 : 677.39"
"0,13 : 780.97"
"0,14 : 283.98"
"0,15 : 741.24"
"0,16 : 385.22"
"0,17 : 543.28"
"0,18 : 780.84"
"0,19 : 472.83"
"0,20 : 913.63"
"0,21 : 873.34"
"0,22 : 461.85"
"0,23 : 784.94"
"0,24 : 708.72"
"0,25 : 1005.84"
"0,26 : 216.02"
"0,27 : 683.49"
"0,28 : 878.95"
"0,29 : 912.85"
"0,30 : 675.95"
"0,31 : 665.45"
"0,32 : 809.21"
"0,33 : 272.81"
"0,34 : 845.01"
"0,35 : 1047.85"
"0,36 : 677.96"
"0,37 : 347.08"
"0,38 : 438.32"
"0,39 : 608.55"
"0,40 : 618.3"
"0,41 : 463.47"
"0,42 : 556.68"
"0,43 : 402.06"
"0,44 : 544.01"
"0,45 : 768.37"
"0,46 : 724.02"
"0,47 : 984.94"
"0,48 : 641.1"
"0,49 : 40.22"
"1,0 : 607.19"
"1,1 : 0.0"
"1,2 : 813.0"
"1,3 : 309.92"
"1,4 : 793.67"
"1,5 : 1088.03"
"1,6 : 290.5"
"1,7 : 1067.9"
"1,8 : 362.8"
"1,9 : 189.26"
"1,10 : 339.91"
"1,11 : 421.25"
"1,12 : 886.21"
"1,13 : 1124.3"
"1,14 : 602.65"
"1,15 : 1095.66"
"1,16 : 728.41"
"1,17 : 209.97"
"1,18 : 395.34"
"1,19 : 944.39"
"1,20 : 988.46"
"1,21 : 1218.57"
"1,22 : 633.34"
"1,23 : 409.25"
"1,24 : 535.14"
"1,25 : 944.51"
"1,26 : 637.36"
"1,27 : 77.93"
"1,28 : 590.72"
"1,29 : 1176.82"
"1,30 : 589.82"
"1,31 : 982.18"
"1,32 : 669.35"
"1,33 : 878.52"
"1,34 : 553.07"
"1,35 : 870.55"
"1,36 : 310.36"
"1,37 : 787.48"
"1,38 : 169.05"
"1,39 : 827.92"
"1,40 : 335.59"
"1,41 : 183.81"
"1,42 : 122.54"
"1,43 : 878.8"
"1,44 : 650.64"
"1,45 : 397.53"
"1,46 : 683.05"
"1,47 : 816.0"
"1,48 : 643.39"
"1,49 : 639.18"
"2,0 : 210.11"
"2,1 : 813.0"
"2,2 : 0.0"
"2,3 : 727.94"
"2,4 : 741.68"
"2,5 : 980.48"
"2,6 : 954.0"
"2,7 : 880.44"
"2,8 : 929.69"
"2,9 : 867.73"
"2,10 : 722.25"
"2,11 : 436.72"
"2,12 : 763.77"
"2,13 : 794.23"
"2,14 : 425.04"
"2,15 : 753.24"
"2,16 : 475.02"
"2,17 : 752.39"
"2,18 : 984.16"
"2,19 : 454.22"
"2,20 : 1021.02"
"2,21 : 876.58"
"2,22 : 600.88"
"2,23 : 987.33"
"2,24 : 891.08"
"2,25 : 1144.69"
"2,26 : 339.09"
"2,27 : 890.06"
"2,28 : 1068.14"
"2,29 : 950.74"
"2,30 : 845.91"
"2,31 : 706.61"
"2,32 : 978.14"
"2,33 : 106.25"
"2,34 : 1036.15"
"2,35 : 1210.69"
"2,36 : 883.43"
"2,37 : 390.88"
"2,38 : 644.0"
"2,39 : 701.31"
"2,40 : 820.42"
"2,41 : 673.55"
"2,42 : 766.65"
"2,43 : 398.13"
"2,44 : 686.16"
"2,45 : 970.9"
"2,46 : 879.62"
"2,47 : 1149.05"
"2,48 : 795.97"
"2,49 : 174.48"
"3,0 : 524.6"
"3,1 : 309.92"
"3,2 : 727.94"
"3,3 : 0.0"
"3,4 : 488.98"
"3,5 : 778.78"
"3,6 : 241.05"
"3,7 : 763.87"
"3,8 : 201.85"
"3,9 : 196.36"
"3,10 : 30.23"
"3,11 : 293.94"
"3,12 : 583.49"
"3,13 : 835.69"
"3,14 : 380.27"
"3,15 : 810.87"
"3,16 : 476.9"
"3,17 : 100.7"
"3,18 : 256.39"
"3,19 : 710.9"
"3,20 : 680.29"
"3,21 : 927.17"
"3,22 : 346.45"
"3,23 : 260.35"
"3,24 : 254.2"
"3,25 : 656.05"
"3,26 : 446.65"
"3,27 : 341.88"
"3,28 : 379.08"
"3,29 : 873.09"
"3,30 : 287.79"
"3,31 : 694.22"
"3,32 : 388.85"
"3,33 : 758.66"
"3,34 : 341.2"
"3,35 : 616.89"
"3,36 : 157.5"
"3,37 : 562.43"
"3,38 : 274.64"
"3,39 : 529.83"
"3,40 : 94.3"
"3,41 : 168.24"
"3,42 : 187.39"
"3,43 : 655.45"
"3,44 : 347.4"
"3,45 : 243.77"
"3,46 : 378.91"
"3,47 : 556.14"
"3,48 : 333.78"
"3,49 : 564.49"
"4,0 : 631.56"
"4,1 : 793.67"
"4,2 : 741.68"
"4,3 : 488.98"
"4,4 : 0.0"
"4,5 : 305.64"
"4,6 : 672.89"
"4,7 : 274.9"
"4,8 : 577.65"
"4,9 : 674.79"
"4,10 : 458.92"
"4,11 : 516.05"
"4,12 : 96.05"
"4,13 : 369.63"
"4,14 : 348.92"
"4,15 : 355.55"
"4,16 : 267.03"
"4,17 : 588.93"
"4,18 : 609.58"
"4,19 : 420.9"
"4,20 : 282.71"
"4,21 : 452.12"
"4,22 : 187.54"
"4,23 : 600.44"
"4,24 : 381.7"
"4,25 : 416.86"
"4,26 : 419.0"
"4,27 : 830.83"
"4,28 : 540.05"
"4,29 : 384.11"
"4,30 : 289.04"
"4,31 : 241.62"
"4,32 : 362.2"
"4,33 : 701.6"
"4,34 : 530.89"
"4,35 : 532.15"
"4,36 : 579.86"
"4,37 : 365.86"
"4,38 : 706.99"
"4,39 : 70.71"
"4,40 : 507.43"
"4,41 : 622.41"
"4,42 : 672.82"
"4,43 : 414.42"
"4,44 : 143.12"
"4,45 : 591.68"
"4,46 : 238.02"
"4,47 : 481.17"
"4,48 : 195.82"
"4,49 : 662.36"
"5,0 : 908.33"
"5,1 : 1088.03"
"5,2 : 980.48"
"5,3 : 778.78"
"5,4 : 305.64"
"5,5 : 0.0"
"5,6 : 930.07"
"5,7 : 119.6"
"5,8 : 827.32"
"5,9 : 952.02"
"5,10 : 748.59"
"5,11 : 818.59"
"5,12 : 233.31"
"5,13 : 293.11"
"5,14 : 636.42"
"5,15 : 315.8"
"5,16 : 523.59"
"5,17 : 879.45"
"5,18 : 846.66"
"5,19 : 565.63"
"5,20 : 178.76"
"5,21 : 311.08"
"5,22 : 491.69"
"5,23 : 834.54"
"5,24 : 612.04"
"5,25 : 394.15"
"5,26 : 692.4"
"5,27 : 1118.28"
"5,28 : 719.03"
"5,29 : 159.01"
"5,30 : 526.28"
"5,31 : 288.12"
"5,32 : 529.68"
"5,33 : 917.56"
"5,34 : 725.04"
"5,35 : 576.77"
"5,36 : 843.26"
"5,37 : 589.92"
"5,38 : 1010.93"
"5,39 : 303.48"
"5,40 : 779.36"
"5,41 : 922.86"
"5,42 : 965.78"
"5,43 : 596.31"
"5,44 : 444.74"
"5,45 : 829.96"
"5,46 : 439.59"
"5,47 : 553.99"
"5,48 : 450.6"
"5,49 : 934.15"
"6,0 : 745.67"
"6,1 : 290.5"
"6,2 : 954.0"
"6,3 : 241.05"
"6,4 : 672.89"
"6,5 : 930.07"
"6,6 : 0.0"
"6,7 : 940.02"
"6,8 : 104.85"
"6,9 : 109.02"
"6,10 : 259.74"
"6,11 : 517.64"
"6,12 : 768.69"
"6,13 : 1037.97"
"6,14 : 621.04"
"6,15 : 1017.89"
"6,16 : 711.21"
"6,17 : 203.39"
"6,18 : 112.29"
"6,19 : 947.05"
"6,20 : 797.35"
"6,21 : 1124.3"
"6,22 : 565.93"
"6,23 : 127.48"
"6,24 : 321.01"
"6,25 : 706.34"
"6,26 : 687.26"
"6,27 : 261.2"
"6,28 : 313.64"
"6,29 : 1047.61"
"6,30 : 403.81"
"6,31 : 900.18"
"6,32 : 436.48"
"6,33 : 993.01"
"6,34 : 279.2"
"6,35 : 602.2"
"6,36 : 94.94"
"6,37 : 801.52"
"6,38 : 381.14"
"6,39 : 726.66"
"6,40 : 173.01"
"6,41 : 298.44"
"6,42 : 224.9"
"6,43 : 894.07"
"6,44 : 543.66"
"6,45 : 120.62"
"6,46 : 492.44"
"6,47 : 553.85"
"6,48 : 485.52"
"6,49 : 784.3"
"7,0 : 825.32"
"7,1 : 1067.9"
"7,2 : 880.44"
"7,3 : 763.87"
"7,4 : 274.9"
"7,5 : 119.6"
"7,6 : 940.02"
"7,7 : 0.0"
"7,8 : 841.0"
"7,9 : 948.27"
"7,10 : 733.79"
"7,11 : 760.91"
"7,12 : 181.95"
"7,13 : 178.08"
"7,14 : 565.99"
"7,15 : 197.2"
"7,16 : 441.47"
"7,17 : 863.82"
"7,18 : 867.28"
"7,19 : 452.61"
"7,20 : 270.85"
"7,21 : 216.52"
"7,22 : 444.98"
"7,23 : 856.56"
"7,24 : 632.61"
"7,25 : 487.06"
"7,26 : 611.58"
"7,27 : 1105.73"
"7,28 : 763.42"
"7,29 : 109.22"
"7,30 : 541.39"
"7,31 : 176.26"
"7,32 : 573.03"
"7,33 : 811.85"
"7,34 : 763.55"
"7,35 : 660.04"
"7,36 : 848.85"
"7,37 : 493.17"
"7,38 : 974.41"
"7,39 : 245.58"
"7,40 : 778.92"
"7,41 : 894.36"
"7,42 : 947.44"
"7,43 : 488.89"
"7,44 : 417.41"
"7,45 : 849.8"
"7,46 : 465.61"
"7,47 : 628.76"
"7,48 : 454.67"
"7,49 : 848.06"
"8,0 : 726.28"
"8,1 : 362.8"
"8,2 : 929.69"
"8,3 : 201.85"
"8,4 : 577.65"
"8,5 : 827.32"
"8,6 : 104.85"
"8,7 : 841.0"
"8,8 : 0.0"
"8,9 : 174.29"
"8,10 : 209.2"
"8,11 : 495.51"
"8,12 : 672.81"
"8,13 : 945.52"
"8,14 : 565.4"
"8,15 : 927.33"
"8,16 : 641.1"
"8,17 : 212.42"
"8,18 : 54.56"
"8,19 : 877.27"
"8,20 : 692.65"
"8,21 : 1029.77"
"8,22 : 486.47"
"8,23 : 60.31"
"8,24 : 216.64"
"8,25 : 604.31"
"8,26 : 639.02"
"8,27 : 349.47"
"8,28 : 228.02"
"8,29 : 947.85"
"8,30 : 301.63"
"8,31 : 809.9"
"8,32 : 332.53"
"8,33 : 958.12"
"8,34 : 190.28"
"8,35 : 510.19"
"8,36 : 58.31"
"8,37 : 738.13"
"8,38 : 415.37"
"8,39 : 634.6"
"8,40 : 110.16"
"8,41 : 316.62"
"8,42 : 268.89"
"8,43 : 828.92"
"8,44 : 454.4"
"8,45 : 43.86"
"8,46 : 388.67"
"8,47 : 458.42"
"8,48 : 386.52"
"8,49 : 766.08"
"9,0 : 657.86"
"9,1 : 189.26"
"9,2 : 867.73"
"9,3 : 196.36"
"9,4 : 674.79"
"9,5 : 952.02"
"9,6 : 109.02"
"9,7 : 948.27"
"9,8 : 174.29"
"9,9 : 0.0"
"9,10 : 223.47"
"9,11 : 435.65"
"9,12 : 770.53"
"9,13 : 1029.24"
"9,14 : 566.3"
"9,15 : 1005.49"
"9,16 : 671.23"
"9,17 : 120.15"
"9,18 : 206.6"
"9,19 : 903.3"
"9,20 : 834.56"
"9,21 : 1119.49"
"9,22 : 542.28"
"9,23 : 220.24"
"9,24 : 364.23"
"9,25 : 768.85"
"9,26 : 623.61"
"9,27 : 179.0"
"9,28 : 401.76"
"9,29 : 1057.27"
"9,30 : 432.63"
"9,31 : 888.38"
"9,32 : 493.62"
"9,33 : 914.16"
"9,34 : 364.41"
"9,35 : 684.01"
"9,36 : 125.6"
"9,37 : 751.88"
"9,38 : 273.39"
"9,39 : 720.77"
"9,40 : 173.07"
"9,41 : 198.54"
"9,42 : 117.03"
"9,43 : 845.28"
"9,44 : 536.61"
"9,45 : 208.28"
"9,46 : 525.78"
"9,47 : 631.09"
"9,48 : 501.43"
"9,49 : 695.35"
"10,0 : 521.72"
"10,1 : 339.91"
"10,2 : 722.25"
"10,3 : 30.23"
"10,4 : 458.92"
"10,5 : 748.59"
"10,6 : 259.74"
"10,7 : 733.79"
"10,8 : 209.2"
"10,9 : 223.47"
"10,10 : 0.0"
"10,11 : 292.34"
"10,12 : 553.54"
"10,13 : 806.9"
"10,14 : 362.05"
"10,15 : 782.47"
"10,16 : 453.44"
"10,17 : 130.92"
"10,18 : 263.1"
"10,19 : 688.45"
"10,20 : 651.12"
"10,21 : 898.05"
"10,22 : 318.82"
"10,23 : 265.36"
"10,24 : 233.65"
"10,25 : 631.06"
"10,26 : 431.79"
"10,27 : 372.01"
"10,28 : 369.77"
"10,29 : 843.01"
"10,30 : 261.02"
"10,31 : 665.61"
"10,32 : 366.63"
"10,33 : 748.93"
"10,34 : 332.77"
"10,35 : 597.99"
"10,36 : 171.19"
"10,37 : 541.81"
"10,38 : 298.28"
"10,39 : 500.34"
"10,40 : 99.04"
"10,41 : 193.17"
"10,42 : 217.41"
"10,43 : 634.46"
"10,44 : 317.55"
"10,45 : 249.06"
"10,46 : 351.16"
"10,47 : 536.57"
"10,48 : 304.17"
"10,49 : 561.83"
"11,0 : 230.79"
"11,1 : 421.25"
"11,2 : 436.72"
"11,3 : 293.94"
"11,4 : 516.05"
"11,5 : 818.59"
"11,6 : 517.64"
"11,7 : 760.91"
"11,8 : 495.51"
"11,9 : 435.65"
"11,10 : 292.34"
"11,11 : 0.0"
"11,12 : 587.78"
"11,13 : 767.97"
"11,14 : 208.09"
"11,15 : 733.15"
"11,16 : 345.33"
"11,17 : 317.62"
"11,18 : 550.07"
"11,19 : 534.01"
"11,20 : 781.74"
"11,21 : 864.53"
"11,22 : 328.56"
"11,23 : 554.29"
"11,24 : 494.31"
"11,25 : 833.68"
"11,26 : 219.53"
"11,27 : 491.43"
"11,28 : 655.9"
"11,29 : 862.59"
"11,30 : 477.22"
"11,31 : 632.02"
"11,32 : 607.67"
"11,33 : 478.52"
"11,34 : 620.6"
"11,35 : 848.45"
"11,36 : 447.38"
"11,37 : 377.78"
"11,38 : 265.32"
"11,39 : 518.54"
"11,40 : 387.86"
"11,41 : 251.68"
"11,42 : 345.14"
"11,43 : 465.13"
"11,44 : 393.62"
"11,45 : 537.71"
"11,46 : 541.5"
"11,47 : 785.18"
"11,48 : 464.0"
"11,49 : 270.57"
"12,0 : 677.39"
"12,1 : 886.21"
"12,2 : 763.77"
"12,3 : 583.49"
"12,4 : 96.05"
"12,5 : 233.31"
"12,6 : 768.69"
"12,7 : 181.95"
"12,8 : 672.81"
"12,9 : 770.53"
"12,10 : 553.54"
"12,11 : 587.78"
"12,12 : 0.0"
"12,13 : 278.3"
"12,14 : 403.15"
"12,15 : 268.63"
"12,16 : 295.03"
"12,17 : 683.01"
"12,18 : 703.6"
"12,19 : 392.21"
"12,20 : 265.5"
"12,21 : 357.41"
"12,22 : 265.17"
"12,23 : 694.08"
"12,24 : 473.24"
"12,25 : 441.82"
"12,26 : 461.41"
"12,27 : 925.11"
"12,28 : 623.86"
"12,29 : 290.63"
"12,30 : 380.4"
"12,31 : 162.52"
"12,32 : 439.63"
"12,33 : 711.27"
"12,34 : 617.62"
"12,35 : 582.13"
"12,36 : 675.82"
"12,37 : 374.79"
"12,38 : 793.38"
"12,39 : 70.18"
"12,40 : 603.48"
"12,41 : 712.44"
"12,42 : 766.05"
"12,43 : 402.32"
"12,44 : 236.24"
"12,45 : 685.77"
"12,46 : 319.28"
"12,47 : 537.36"
"12,48 : 288.46"
"12,49 : 704.64"
"13,0 : 780.97"
"13,1 : 1124.3"
"13,2 : 794.23"
"13,3 : 835.69"
"13,4 : 369.63"
"13,5 : 293.11"
"13,6 : 1037.97"
"13,7 : 178.08"
"13,8 : 945.52"
"13,9 : 1029.24"
"13,10 : 806.9"
"13,11 : 767.97"
"13,12 : 278.3"
"13,13 : 0.0"
"13,14 : 560.64"
"13,15 : 41.0"
"13,16 : 423.71"
"13,17 : 931.4"
"13,18 : 978.92"
"13,19 : 341.6"
"13,20 : 447.25"
"13,21 : 96.57"
"13,22 : 491.99"
"13,23 : 969.97"
"13,24 : 750.84"
"13,25 : 661.35"
"13,26 : 581.83"
"13,27 : 1171.88"
"13,28 : 901.05"
"13,29 : 177.02"
"13,30 : 658.01"
"13,31 : 142.17"
"13,32 : 714.49"
"13,33 : 711.51"
"13,34 : 895.73"
"13,35 : 828.31"
"13,36 : 943.76"
"13,37 : 433.92"
"13,38 : 1008.9"
"13,39 : 311.33"
"13,40 : 868.59"
"13,41 : 943.02"
"13,42 : 1009.06"
"13,43 : 397.15"
"13,44 : 494.92"
"13,45 : 960.98"
"13,46 : 596.65"
"13,47 : 792.25"
"13,48 : 565.26"
"13,49 : 796.23"
"14,0 : 283.98"
"14,1 : 602.65"
"14,2 : 425.04"
"14,3 : 380.27"
"14,4 : 348.92"
"14,5 : 636.42"
"14,6 : 621.04"
"14,7 : 565.99"
"14,8 : 565.4"
"14,9 : 566.3"
"14,10 : 362.05"
"14,11 : 208.09"
"14,12 : 403.15"
"14,13 : 560.64"
"14,14 : 0.0"
"14,15 : 525.34"
"14,16 : 137.3"
"14,17 : 448.27"
"14,18 : 616.7"
"14,19 : 342.61"
"14,20 : 630.11"
"14,21 : 657.14"
"14,22 : 179.98"
"14,23 : 615.76"
"14,24 : 478.11"
"14,25 : 726.82"
"14,26 : 86.68"
"14,27 : 664.56"
"14,28 : 660.85"
"14,29 : 663.45"
"14,30 : 423.6"
"14,31 : 426.65"
"14,32 : 554.53"
"14,33 : 417.97"
"14,34 : 632.7"
"14,35 : 785.65"
"14,36 : 533.0"
"14,37 : 187.03"
"14,38 : 462.84"
"14,39 : 333.05"
"14,40 : 457.53"
"14,41 : 420.12"
"14,42 : 504.48"
"14,43 : 280.19"
"14,44 : 264.37"
"14,45 : 600.62"
"14,46 : 454.76"
"14,47 : 724.1"
"14,48 : 371.05"
"14,49 : 317.0"
"15,0 : 741.24"
"15,1 : 1095.66"
"15,2 : 753.24"
"15,3 : 810.87"
"15,4 : 355.55"
"15,5 : 315.8"
"15,6 : 1017.89"
"15,7 : 197.2"
"15,8 : 927.33"
"15,9 : 1005.49"
"15,10 : 782.47"
"15,11 : 733.15"
"15,12 : 268.63"
"15,13 : 41.0"
"15,14 : 525.34"
"15,15 : 0.0"
"15,16 : 388.1"
"15,17 : 905.35"
"15,18 : 962.39"
"15,19 : 300.82"
"15,20 : 460.21"
"15,21 : 133.15"
"15,22 : 465.4"
"15,23 : 953.92"
"15,24 : 737.15"
"15,25 : 671.04"
"15,26 : 543.77"
"15,27 : 1144.85"
"15,28 : 892.34"
"15,29 : 212.88"
"15,30 : 644.57"
"15,31 : 117.72"
"15,32 : 708.0"
"15,33 : 670.79"
"15,34 : 885.3"
"15,35 : 832.98"
"15,36 : 923.31"
"15,37 : 394.16"
"15,38 : 977.05"
"15,39 : 293.08"
"15,40 : 847.3"
"15,41 : 913.58"
"15,42 : 981.64"
"15,43 : 356.17"
"15,44 : 474.24"
"15,45 : 944.39"
"15,46 : 587.82"
"15,47 : 794.35"
"15,48 : 551.2"
"15,49 : 756.06"
"16,0 : 385.22"
"16,1 : 728.41"
"16,2 : 475.02"
"16,3 : 476.9"
"16,4 : 267.03"
"16,5 : 523.59"
"16,6 : 711.21"
"16,7 : 441.47"
"16,8 : 641.1"
"16,9 : 671.23"
"16,10 : 453.44"
"16,11 : 345.33"
"16,12 : 295.03"
"16,13 : 423.71"
"16,14 : 137.3"
"16,15 : 388.1"
"16,16 : 0.0"
"16,17 : 558.05"
"16,18 : 688.11"
"16,19 : 236.32"
"16,20 : 546.31"
"16,21 : 520.12"
"16,22 : 168.32"
"16,23 : 684.42"
"16,24 : 510.7"
"16,25 : 677.51"
"16,26 : 170.19"
"16,27 : 786.02"
"16,28 : 694.17"
"16,29 : 533.83"
"16,30 : 436.71"
"16,31 : 291.94"
"16,32 : 555.52"
"16,33 : 436.48"
"16,34 : 671.92"
"16,35 : 767.58"
"16,36 : 618.41"
"16,37 : 111.36"
"16,38 : 596.1"
"16,39 : 228.66"
"16,40 : 540.07"
"16,41 : 544.63"
"16,42 : 623.29"
"16,43 : 191.51"
"16,44 : 242.39"
"16,45 : 670.81"
"16,46 : 439.04"
"16,47 : 709.74"
"16,48 : 360.9"
"16,49 : 410.58"
"17,0 : 543.28"
"17,1 : 209.97"
"17,2 : 752.39"
"17,3 : 100.7"
"17,4 : 588.93"
"17,5 : 879.45"
"17,6 : 203.39"
"17,7 : 863.82"
"17,8 : 212.42"
"17,9 : 120.15"
"17,10 : 130.92"
"17,11 : 317.62"
"17,12 : 683.01"
"17,13 : 931.4"
"17,14 : 448.27"
"17,15 : 905.35"
"17,16 : 558.05"
"17,17 : 0.0"
"17,18 : 262.5"
"17,19 : 787.57"
"17,20 : 778.7"
"17,21 : 1023.81"
"17,22 : 439.95"
"17,23 : 271.71"
"17,24 : 335.1"
"17,25 : 743.59"
"17,26 : 503.71"
"17,27 : 242.17"
"17,28 : 427.01"
"17,29 : 973.01"
"17,30 : 381.75"
"17,31 : 789.48"
"17,32 : 471.05"
"17,33 : 795.69"
"17,34 : 388.01"
"17,35 : 687.85"
"17,36 : 154.67"
"17,37 : 634.66"
"17,38 : 205.91"
"17,39 : 627.95"
"17,40 : 140.07"
"17,41 : 104.2"
"17,42 : 87.66"
"17,43 : 728.05"
"17,44 : 446.77"
"17,45 : 255.83"
"17,46 : 474.44"
"17,47 : 629.5"
"17,48 : 433.46"
"17,49 : 581.59"
"18,0 : 780.84"
"18,1 : 395.34"
"18,2 : 984.16"
"18,3 : 256.39"
"18,4 : 609.58"
"18,5 : 846.66"
"18,6 : 112.29"
"18,7 : 867.28"
"18,8 : 54.56"
"18,9 : 206.6"
"18,10 : 263.1"
"18,11 : 550.07"
"18,12 : 703.6"
"18,13 : 978.92"
"18,14 : 616.7"
"18,15 : 962.39"
"18,16 : 688.11"
"18,17 : 262.5"
"18,18 : 0.0"
"18,19 : 923.81"
"18,20 : 704.26"
"18,21 : 1061.02"
"18,22 : 530.22"
"18,23 : 15.3"
"18,24 : 235.41"
"18,25 : 599.57"
"18,26 : 691.52"
"18,27 : 372.39"
"18,28 : 201.36"
"18,29 : 972.77"
"18,30 : 325.9"
"18,31 : 845.47"
"18,32 : 335.32"
"18,33 : 1011.95"
"18,34 : 167.19"
"18,35 : 490.07"
"18,36 : 108.25"
"18,37 : 787.06"
"18,38 : 462.14"
"18,39 : 669.31"
"18,40 : 164.14"
"18,41 : 366.32"
"18,42 : 311.42"
"18,43 : 877.13"
"18,44 : 492.45"
"18,45 : 18.03"
"18,46 : 407.18"
"18,47 : 442.54"
"18,48 : 415.33"
"18,49 : 820.64"
"19,0 : 472.83"
"19,1 : 944.39"
"19,2 : 454.22"
"19,3 : 710.9"
"19,4 : 420.9"
"19,5 : 565.63"
"19,6 : 947.05"
"19,7 : 452.61"
"19,8 : 877.27"
"19,9 : 903.3"
"19,10 : 688.45"
"19,11 : 534.01"
"19,12 : 392.21"
"19,13 : 341.6"
"19,14 : 342.61"
"19,15 : 300.82"
"19,16 : 236.32"
"19,17 : 787.57"
"19,18 : 923.81"
"19,19 : 0.0"
"19,20 : 654.78"
"19,21 : 422.38"
"19,22 : 397.1"
"19,23 : 919.77"
"19,24 : 737.43"
"19,25 : 830.62"
"19,26 : 315.87"
"19,27 : 1007.15"
"19,28 : 918.11"
"19,29 : 506.19"
"19,30 : 656.61"
"19,31 : 277.6"
"19,32 : 763.59"
"19,33 : 370.0"
"19,34 : 898.82"
"19,35 : 952.66"
"19,36 : 854.56"
"19,37 : 157.1"
"19,38 : 798.29"
"19,39 : 355.01"
"19,40 : 776.29"
"19,41 : 762.53"
"19,42 : 846.9"
"19,43 : 72.01"
"19,44 : 457.19"
"19,45 : 906.41"
"19,46 : 640.46"
"19,47 : 900.12"
"19,48 : 571.52"
"19,49 : 479.4"
"20,0 : 913.63"
"20,1 : 988.46"
"20,2 : 1021.02"
"20,3 : 680.29"
"20,4 : 282.71"
"20,5 : 178.76"
"20,6 : 797.35"
"20,7 : 270.85"
"20,8 : 692.65"
"20,9 : 834.56"
"20,10 : 651.12"
"20,11 : 781.74"
"20,12 : 265.5"
"20,13 : 447.25"
"20,14 : 630.11"
"20,15 : 460.21"
"20,16 : 546.31"
"20,17 : 778.7"
"20,18 : 704.26"
"20,19 : 654.78"
"20,20 : 0.0"
"20,21 : 482.74"
"20,22 : 458.77"
"20,23 : 690.96"
"20,24 : 476.56"
"20,25 : 217.45"
"20,26 : 701.71"
"20,27 : 1008.53"
"20,28 : 557.2"
"20,29 : 337.08"
"20,30 : 402.09"
"20,31 : 394.68"
"20,32 : 373.52"
"20,33 : 974.17"
"20,34 : 568.03"
"20,35 : 398.03"
"20,36 : 717.3"
"20,37 : 636.61"
"20,38 : 935.55"
"20,39 : 320.76"
"20,40 : 662.37"
"20,41 : 838.31"
"20,42 : 866.36"
"20,43 : 667.8"
"20,44 : 388.19"
"20,45 : 688.71"
"20,46 : 308.78"
"20,47 : 376.37"
"20,48 : 347.94"
"20,49 : 944.9"
"21,0 : 873.34"
"21,1 : 1218.57"
"21,2 : 876.58"
"21,3 : 927.17"
"21,4 : 452.12"
"21,5 : 311.08"
"21,6 : 1124.3"
"21,7 : 216.52"
"21,8 : 1029.77"
"21,9 : 1119.49"
"21,10 : 898.05"
"21,11 : 864.53"
"21,12 : 357.41"
"21,13 : 96.57"
"21,14 : 657.14"
"21,15 : 133.15"
"21,16 : 520.12"
"21,17 : 1023.81"
"21,18 : 1061.02"
"21,19 : 422.38"
"21,20 : 482.74"
"21,21 : 0.0"
"21,22 : 585.49"
"21,23 : 1051.45"
"21,24 : 829.88"
"21,25 : 700.16"
"21,26 : 676.92"
"21,27 : 1264.93"
"21,28 : 972.2"
"21,29 : 160.15"
"21,30 : 737.16"
"21,31 : 236.89"
"21,32 : 783.09"
"21,33 : 789.53"
"21,34 : 969.53"
"21,35 : 876.04"
"21,36 : 1030.64"
"21,37 : 526.42"
"21,38 : 1104.92"
"21,39 : 399.01"
"21,40 : 956.54"
"21,41 : 1037.87"
"21,42 : 1102.5"
"21,43 : 483.0"
"21,44 : 583.41"
"21,45 : 1043.18"
"21,46 : 669.73"
"21,47 : 845.28"
"21,48 : 645.8"
"21,49 : 887.25"
"22,0 : 461.85"
"22,1 : 633.34"
"22,2 : 600.88"
"22,3 : 346.45"
"22,4 : 187.54"
"22,5 : 491.69"
"22,6 : 565.93"
"22,7 : 444.98"
"22,8 : 486.47"
"22,9 : 542.28"
"22,10 : 318.82"
"22,11 : 328.56"
"22,12 : 265.17"
"22,13 : 491.99"
"22,14 : 179.98"
"22,15 : 465.4"
"22,16 : 168.32"
"22,17 : 439.95"
"22,18 : 530.22"
"22,19 : 397.1"
"22,20 : 458.77"
"22,21 : 585.49"
"22,22 : 0.0"
"22,23 : 525.16"
"22,24 : 342.66"
"22,25 : 546.91"
"22,26 : 262.62"
"22,27 : 679.9"
"22,28 : 525.87"
"22,29 : 551.6"
"22,30 : 269.09"
"22,31 : 349.87"
"22,32 : 391.72"
"22,33 : 581.82"
"22,34 : 504.05"
"22,35 : 613.63"
"22,36 : 471.22"
"22,37 : 278.3"
"22,38 : 529.76"
"22,39 : 199.53"
"22,40 : 392.92"
"22,41 : 454.16"
"22,42 : 517.11"
"22,43 : 359.12"
"22,44 : 85.28"
"22,45 : 512.52"
"22,46 : 281.58"
"22,47 : 553.52"
"22,48 : 199.4"
"22,49 : 496.17"
"23,0 : 784.94"
"23,1 : 409.25"
"23,2 : 987.33"
"23,3 : 260.35"
"23,4 : 600.44"
"23,5 : 834.54"
"23,6 : 127.48"
"23,7 : 856.56"
"23,8 : 60.31"
"23,9 : 220.24"
"23,10 : 265.36"
"23,11 : 554.29"
"23,12 : 694.08"
"23,13 : 969.97"
"23,14 : 615.76"
"23,15 : 953.92"
"23,16 : 684.42"
"23,17 : 271.71"
"23,18 : 15.3"
"23,19 : 919.77"
"23,20 : 690.96"
"23,21 : 1051.45"
"23,22 : 525.16"
"23,23 : 0.0"
"23,24 : 224.14"
"23,25 : 584.64"
"23,26 : 691.59"
"23,27 : 387.25"
"23,28 : 186.22"
"23,29 : 961.71"
"23,30 : 315.39"
"23,31 : 837.21"
"23,32 : 321.22"
"23,33 : 1013.57"
"23,34 : 151.91"
"23,35 : 474.81"
"23,36 : 117.03"
"23,37 : 784.4"
"23,38 : 472.89"
"23,39 : 660.9"
"23,40 : 166.93"
"23,41 : 375.79"
"23,42 : 323.34"
"23,43 : 874.0"
"23,44 : 485.3"
"23,45 : 16.64"
"23,46 : 395.28"
"23,47 : 427.24"
"23,48 : 405.64"
"23,49 : 824.84"
"24,0 : 708.72"
"24,1 : 535.14"
"24,2 : 891.08"
"24,3 : 254.2"
"24,4 : 381.7"
"24,5 : 612.04"
"24,6 : 321.01"
"24,7 : 632.61"
"24,8 : 216.64"
"24,9 : 364.23"
"24,10 : 233.65"
"24,11 : 494.31"
"24,12 : 473.24"
"24,13 : 750.84"
"24,14 : 478.11"
"24,15 : 737.15"
"24,16 : 510.7"
"24,17 : 335.1"
"24,18 : 235.41"
"24,19 : 737.43"
"24,20 : 476.56"
"24,21 : 829.88"
"24,22 : 342.66"
"24,23 : 224.14"
"24,24 : 0.0"
"24,25 : 409.58"
"24,26 : 563.15"
"24,27 : 542.33"
"24,28 : 184.36"
"24,29 : 737.57"
"24,30 : 92.85"
"24,31 : 621.97"
"24,32 : 136.0"
"24,33 : 895.44"
"24,34 : 161.51"
"24,35 : 364.73"
"24,36 : 242.39"
"24,37 : 619.2"
"24,38 : 528.49"
"24,39 : 445.82"
"24,40 : 199.58"
"24,41 : 421.6"
"24,42 : 418.82"
"24,43 : 701.77"
"24,44 : 283.03"
"24,45 : 218.33"
"24,46 : 172.54"
"24,47 : 302.99"
"24,48 : 185.95"
"24,49 : 748.51"
"25,0 : 1005.84"
"25,1 : 944.51"
"25,2 : 1144.69"
"25,3 : 656.05"
"25,4 : 416.86"
"25,5 : 394.15"
"25,6 : 706.34"
"25,7 : 487.06"
"25,8 : 604.31"
"25,9 : 768.85"
"25,10 : 631.06"
"25,11 : 833.68"
"25,12 : 441.82"
"25,13 : 661.35"
"25,14 : 726.82"
"25,15 : 671.04"
"25,16 : 677.51"
"25,17 : 743.59"
"25,18 : 599.57"
"25,19 : 830.62"
"25,20 : 217.45"
"25,21 : 700.16"
"25,22 : 546.91"
"25,23 : 584.64"
"25,24 : 409.58"
"25,25 : 0.0"
"25,26 : 808.85"
"25,27 : 947.85"
"25,28 : 416.59"
"25,29 : 553.15"
"25,30 : 372.38"
"25,31 : 592.59"
"25,32 : 275.54"
"25,33 : 1113.94"
"25,34 : 439.6"
"25,35 : 188.82"
"25,36 : 643.72"
"25,37 : 781.41"
"25,38 : 929.26"
"25,39 : 476.86"
"25,40 : 609.1"
"25,41 : 824.0"
"25,42 : 828.24"
"25,43 : 830.45"
"25,44 : 462.65"
"25,45 : 587.39"
"25,46 : 293.23"
"25,47 : 186.32"
"25,48 : 370.04"
"25,49 : 1041.53"
"26,0 : 216.02"
"26,1 : 637.36"
"26,2 : 339.09"
"26,3 : 446.65"
"26,4 : 419.0"
"26,5 : 692.4"
"26,6 : 687.26"
"26,7 : 611.58"
"26,8 : 639.02"
"26,9 : 623.61"
"26,10 : 431.79"
"26,11 : 219.53"
"26,12 : 461.41"
"26,13 : 581.83"
"26,14 : 86.68"
"26,15 : 543.77"
"26,16 : 170.19"
"26,17 : 503.71"
"26,18 : 691.52"
"26,19 : 315.87"
"26,20 : 701.71"
"26,21 : 676.92"
"26,22 : 262.62"
"26,23 : 691.59"
"26,24 : 563.15"
"26,25 : 808.85"
"26,26 : 0.0"
"26,27 : 704.5"
"26,28 : 745.06"
"26,29 : 702.48"
"26,30 : 510.21"
"26,31 : 457.45"
"26,32 : 641.21"
"26,33 : 332.29"
"26,34 : 716.04"
"26,35 : 871.86"
"26,36 : 602.7"
"26,37 : 162.19"
"26,38 : 484.83"
"26,39 : 392.77"
"26,40 : 529.63"
"26,41 : 460.11"
"26,42 : 549.92"
"26,43 : 246.01"
"26,44 : 347.8"
"26,45 : 676.03"
"26,46 : 540.54"
"26,47 : 810.47"
"26,48 : 456.93"
"26,49 : 244.05"
"27,0 : 683.49"
"27,1 : 77.93"
"27,2 : 890.06"
"27,3 : 341.88"
"27,4 : 830.83"
"27,5 : 1118.28"
"27,6 : 261.2"
"27,7 : 1105.73"
"27,8 : 349.47"
"27,9 : 179.0"
"27,10 : 372.01"
"27,11 : 491.43"
"27,12 : 925.11"
"27,13 : 1171.88"
"27,14 : 664.56"
"27,15 : 1144.85"
"27,16 : 786.02"
"27,17 : 242.17"
"27,18 : 372.39"
"27,19 : 1007.15"
"27,20 : 1008.53"
"27,21 : 1264.93"
"27,22 : 679.9"
"27,23 : 387.25"
"27,24 : 542.33"
"27,25 : 947.85"
"27,26 : 704.5"
"27,27 : 0.0"
"27,28 : 573.02"
"27,29 : 1214.94"
"27,30 : 606.66"
"27,31 : 1029.77"
"27,32 : 672.58"
"27,33 : 954.11"
"27,34 : 537.09"
"27,35 : 859.23"
"27,36 : 304.38"
"27,37 : 850.85"
"27,38 : 246.13"
"27,39 : 869.97"
"27,40 : 346.65"
"27,41 : 245.02"
"27,42 : 163.6"
"27,43 : 943.06"
"27,44 : 688.89"
"27,45 : 378.0"
"27,46 : 700.25"
"27,47 : 807.87"
"27,48 : 669.02"
"27,49 : 716.01"
"28,0 : 878.95"
"28,1 : 590.72"
"28,2 : 1068.14"
"28,3 : 379.08"
"28,4 : 540.05"
"28,5 : 719.03"
"28,6 : 313.64"
"28,7 : 763.42"
"28,8 : 228.02"
"28,9 : 401.76"
"28,10 : 369.77"
"28,11 : 655.9"
"28,12 : 623.86"
"28,13 : 901.05"
"28,14 : 660.85"
"28,15 : 892.34"
"28,16 : 694.17"
"28,17 : 427.01"
"28,18 : 201.36"
"28,19 : 918.11"
"28,20 : 557.2"
"28,21 : 972.2"
"28,22 : 525.87"
"28,23 : 186.22"
"28,24 : 184.36"
"28,25 : 416.59"
"28,26 : 745.06"
"28,27 : 573.02"
"28,28 : 0.0"
"28,29 : 861.3"
"28,30 : 262.01"
"28,31 : 781.22"
"28,32 : 190.68"
"28,33 : 1077.01"
"28,34 : 39.0"
"28,35 : 289.53"
"28,36 : 283.04"
"28,37 : 803.21"
"28,38 : 632.9"
"28,39 : 608.58"
"28,40 : 292.36"
"28,41 : 528.65"
"28,42 : 494.09"
"28,43 : 884.77"
"28,44 : 461.17"
"28,45 : 195.06"
"28,46 : 304.59"
"28,47 : 245.8"
"28,48 : 352.0"
"28,49 : 919.1"
"29,0 : 912.85"
"29,1 : 1176.82"
"29,2 : 950.74"
"29,3 : 873.09"
"29,4 : 384.11"
"29,5 : 159.01"
"29,6 : 1047.61"
"29,7 : 109.22"
"29,8 : 947.85"
"29,9 : 1057.27"
"29,10 : 843.01"
"29,11 : 862.59"
"29,12 : 290.63"
"29,13 : 177.02"
"29,14 : 663.45"
"29,15 : 212.88"
"29,16 : 533.83"
"29,17 : 973.01"
"29,18 : 972.77"
"29,19 : 506.19"
"29,20 : 337.08"
"29,21 : 160.15"
"29,22 : 551.6"
"29,23 : 961.71"
"29,24 : 737.57"
"29,25 : 553.15"
"29,26 : 702.48"
"29,27 : 1214.94"
"29,28 : 861.3"
"29,29 : 0.0"
"29,30 : 647.22"
"29,31 : 248.16"
"29,32 : 670.64"
"29,33 : 874.49"
"29,34 : 863.65"
"29,35 : 734.94"
"29,36 : 956.93"
"29,37 : 572.04"
"29,38 : 1081.35"
"29,39 : 352.14"
"29,40 : 887.57"
"29,41 : 1002.63"
"29,42 : 1056.51"
"29,43 : 553.26"
"29,44 : 526.5"
"29,45 : 955.44"
"29,46 : 568.38"
"29,47 : 710.0"
"29,48 : 562.09"
"29,49 : 933.0"
"30,0 : 675.95"
"30,1 : 589.82"
"30,2 : 845.91"
"30,3 : 287.79"
"30,4 : 289.04"
"30,5 : 526.28"
"30,6 : 403.81"
"30,7 : 541.39"
"30,8 : 301.63"
"30,9 : 432.63"
"30,10 : 261.02"
"30,11 : 477.22"
"30,12 : 380.4"
"30,13 : 658.01"
"30,14 : 423.6"
"30,15 : 644.57"
"30,16 : 436.71"
"30,17 : 381.75"
"30,18 : 325.9"
"30,19 : 656.61"
"30,20 : 402.09"
"30,21 : 737.16"
"30,22 : 269.09"
"30,23 : 315.39"
"30,24 : 92.85"
"30,25 : 372.38"
"30,26 : 510.21"
"30,27 : 606.66"
"30,28 : 262.01"
"30,29 : 647.22"
"30,30 : 0.0"
"30,31 : 529.75"
"30,32 : 133.3"
"30,33 : 840.69"
"30,34 : 246.34"
"30,35 : 372.78"
"30,36 : 318.03"
"30,37 : 547.3"
"30,38 : 558.09"
"30,39 : 353.93"
"30,40 : 260.28"
"30,41 : 454.06"
"30,42 : 468.97"
"30,43 : 625.61"
"30,44 : 199.42"
"30,45 : 308.42"
"30,46 : 93.62"
"30,47 : 309.59"
"30,48 : 93.62"
"30,49 : 714.71"
"31,0 : 665.45"
"31,1 : 982.18"
"31,2 : 706.61"
"31,3 : 694.22"
"31,4 : 241.62"
"31,5 : 288.12"
"31,6 : 900.18"
"31,7 : 176.26"
"31,8 : 809.9"
"31,9 : 888.38"
"31,10 : 665.61"
"31,11 : 632.02"
"31,12 : 162.52"
"31,13 : 142.17"
"31,14 : 426.65"
"31,15 : 117.72"
"31,16 : 291.94"
"31,17 : 789.48"
"31,18 : 845.47"
"31,19 : 277.6"
"31,20 : 394.68"
"31,21 : 236.89"
"31,22 : 349.87"
"31,23 : 837.21"
"31,24 : 621.97"
"31,25 : 592.59"
"31,26 : 457.45"
"31,27 : 1029.77"
"31,28 : 781.22"
"31,29 : 248.16"
"31,30 : 529.75"
"31,31 : 0.0"
"31,32 : 600.02"
"31,33 : 635.9"
"31,34 : 772.51"
"31,35 : 742.2"
"31,36 : 805.59"
"31,37 : 324.01"
"31,38 : 868.4"
"31,39 : 176.46"
"31,40 : 729.61"
"31,41 : 801.11"
"31,42 : 866.9"
"31,43 : 312.83"
"31,44 : 356.53"
"31,45 : 827.46"
"31,46 : 477.62"
"31,47 : 699.03"
"31,48 : 436.16"
"31,49 : 684.98"
"32,0 : 809.21"
"32,1 : 669.35"
"32,2 : 978.14"
"32,3 : 388.85"
"32,4 : 362.2"
"32,5 : 529.68"
"32,6 : 436.48"
"32,7 : 573.03"
"32,8 : 332.53"
"32,9 : 493.62"
"32,10 : 366.63"
"32,11 : 607.67"
"32,12 : 439.63"
"32,13 : 714.49"
"32,14 : 554.53"
"32,15 : 708.0"
"32,16 : 555.52"
"32,17 : 471.05"
"32,18 : 335.32"
"32,19 : 763.59"
"32,20 : 373.52"
"32,21 : 783.09"
"32,22 : 391.72"
"32,23 : 321.22"
"32,24 : 136.0"
"32,25 : 275.54"
"32,26 : 641.21"
"32,27 : 672.58"
"32,28 : 190.68"
"32,29 : 670.64"
"32,30 : 133.3"
"32,31 : 600.02"
"32,32 : 0.0"
"32,33 : 970.05"
"32,34 : 195.65"
"32,35 : 240.79"
"32,36 : 368.86"
"32,37 : 666.87"
"32,38 : 663.48"
"32,39 : 432.56"
"32,40 : 334.44"
"32,41 : 556.82"
"32,42 : 554.3"
"32,43 : 739.71"
"32,44 : 313.18"
"32,45 : 321.08"
"32,46 : 124.9"
"32,47 : 177.51"
"32,48 : 194.74"
"32,49 : 848.01"
"33,0 : 272.81"
"33,1 : 878.52"
"33,2 : 106.25"
"33,3 : 758.66"
"33,4 : 701.6"
"33,5 : 917.56"
"33,6 : 993.01"
"33,7 : 811.85"
"33,8 : 958.12"
"33,9 : 914.16"
"33,10 : 748.93"
"33,11 : 478.52"
"33,12 : 711.27"
"33,13 : 711.51"
"33,14 : 417.97"
"33,15 : 670.79"
"33,16 : 436.48"
"33,17 : 795.69"
"33,18 : 1011.95"
"33,19 : 370.0"
"33,20 : 974.17"
"33,21 : 789.53"
"33,22 : 581.82"
"33,23 : 1013.57"
"33,24 : 895.44"
"33,25 : 1113.94"
"33,26 : 332.29"
"33,27 : 954.11"
"33,28 : 1077.01"
"33,29 : 874.49"
"33,30 : 840.69"
"33,31 : 635.9"
"33,32 : 970.05"
"33,33 : 0.0"
"33,34 : 1047.42"
"33,35 : 1195.4"
"33,36 : 916.06"
"33,37 : 337.62"
"33,38 : 710.11"
"33,39 : 653.61"
"33,40 : 847.97"
"33,41 : 726.28"
"33,42 : 820.27"
"33,43 : 323.08"
"33,44 : 665.86"
"33,45 : 997.5"
"33,46 : 863.39"
"33,47 : 1135.3"
"33,48 : 780.92"
"33,49 : 246.38"
"34,0 : 845.01"
"34,1 : 553.07"
"34,2 : 1036.15"
"34,3 : 341.2"
"34,4 : 530.89"
"34,5 : 725.04"
"34,6 : 279.2"
"34,7 : 763.55"
"34,8 : 190.28"
"34,9 : 364.41"
"34,10 : 332.77"
"34,11 : 620.6"
"34,12 : 617.62"
"34,13 : 895.73"
"34,14 : 632.7"
"34,15 : 885.3"
"34,16 : 671.92"
"34,17 : 388.01"
"34,18 : 167.19"
"34,19 : 898.82"
"34,20 : 568.03"
"34,21 : 969.53"
"34,22 : 504.05"
"34,23 : 151.91"
"34,24 : 161.51"
"34,25 : 439.6"
"34,26 : 716.04"
"34,27 : 537.09"
"34,28 : 39.0"
"34,29 : 863.65"
"34,30 : 246.34"
"34,31 : 772.51"
"34,32 : 195.65"
"34,33 : 1047.42"
"34,34 : 0.0"
"34,35 : 323.01"
"34,36 : 244.59"
"34,37 : 779.89"
"34,38 : 593.9"
"34,39 : 598.12"
"34,40 : 253.66"
"34,41 : 489.72"
"34,42 : 455.37"
"34,43 : 863.13"
"34,44 : 443.37"
"34,45 : 159.31"
"34,46 : 299.82"
"34,47 : 275.77"
"34,48 : 338.81"
"34,49 : 885.21"
"35,0 : 1047.85"
"35,1 : 870.55"
"35,2 : 1210.69"
"35,3 : 616.89"
"35,4 : 532.15"
"35,5 : 576.77"
"35,6 : 602.2"
"35,7 : 660.04"
"35,8 : 510.19"
"35,9 : 684.01"
"35,10 : 597.99"
"35,11 : 848.45"
"35,12 : 582.13"
"35,13 : 828.31"
"35,14 : 785.65"
"35,15 : 832.98"
"35,16 : 767.58"
"35,17 : 687.85"
"35,18 : 490.07"
"35,19 : 952.66"
"35,20 : 398.03"
"35,21 : 876.04"
"35,22 : 613.63"
"35,23 : 474.81"
"35,24 : 364.73"
"35,25 : 188.82"
"35,26 : 871.86"
"35,27 : 859.23"
"35,28 : 289.53"
"35,29 : 734.94"
"35,30 : 372.78"
"35,31 : 742.2"
"35,32 : 240.79"
"35,33 : 1195.4"
"35,34 : 323.01"
"35,35 : 0.0"
"35,36 : 560.23"
"35,37 : 877.61"
"35,38 : 888.79"
"35,39 : 600.39"
"35,40 : 547.78"
"35,41 : 781.77"
"35,42 : 764.74"
"35,43 : 940.45"
"35,44 : 529.69"
"35,45 : 482.2"
"35,46 : 332.1"
"35,47 : 63.29"
"35,48 : 415.21"
"35,49 : 1086.24"
"36,0 : 677.96"
"36,1 : 310.36"
"36,2 : 883.43"
"36,3 : 157.5"
"36,4 : 579.86"
"36,5 : 843.26"
"36,6 : 94.94"
"36,7 : 848.85"
"36,8 : 58.31"
"36,9 : 125.6"
"36,10 : 171.19"
"36,11 : 447.38"
"36,12 : 675.82"
"36,13 : 943.76"
"36,14 : 533.0"
"36,15 : 923.31"
"36,16 : 618.41"
"36,17 : 154.67"
"36,18 : 108.25"
"36,19 : 854.56"
"36,20 : 717.3"
"36,21 : 1030.64"
"36,22 : 471.22"
"36,23 : 117.03"
"36,24 : 242.39"
"36,25 : 643.72"
"36,26 : 602.7"
"36,27 : 304.38"
"36,28 : 283.04"
"36,29 : 956.93"
"36,30 : 318.03"
"36,31 : 805.59"
"36,32 : 368.86"
"36,33 : 916.06"
"36,34 : 244.59"
"36,35 : 560.23"
"36,36 : 0.0"
"36,37 : 710.89"
"36,38 : 357.06"
"36,39 : 632.52"
"36,40 : 78.59"
"36,41 : 258.79"
"36,42 : 211.57"
"36,43 : 802.95"
"36,44 : 449.13"
"36,45 : 101.21"
"36,46 : 409.4"
"36,47 : 506.29"
"36,48 : 395.35"
"36,49 : 717.45"
"37,0 : 347.08"
"37,1 : 787.48"
"37,2 : 390.88"
"37,3 : 562.43"
"37,4 : 365.86"
"37,5 : 589.92"
"37,6 : 801.52"
"37,7 : 493.17"
"37,8 : 738.13"
"37,9 : 751.88"
"37,10 : 541.81"
"37,11 : 377.78"
"37,12 : 374.79"
"37,13 : 433.92"
"37,14 : 187.03"
"37,15 : 394.16"
"37,16 : 111.36"
"37,17 : 634.66"
"37,18 : 787.06"
"37,19 : 157.1"
"37,20 : 636.61"
"37,21 : 526.42"
"37,22 : 278.3"
"37,23 : 784.4"
"37,24 : 619.2"
"37,25 : 781.41"
"37,26 : 162.19"
"37,27 : 850.85"
"37,28 : 803.21"
"37,29 : 572.04"
"37,30 : 547.3"
"37,31 : 324.01"
"37,32 : 666.87"
"37,33 : 337.62"
"37,34 : 779.89"
"37,35 : 877.61"
"37,36 : 710.89"
"37,37 : 0.0"
"37,38 : 641.46"
"37,39 : 315.99"
"37,40 : 633.53"
"37,41 : 606.01"
"37,42 : 691.39"
"37,43 : 93.41"
"37,44 : 353.75"
"37,45 : 770.17"
"37,46 : 550.1"
"37,47 : 820.27"
"37,48 : 472.26"
"37,49 : 363.04"
"38,0 : 438.32"
"38,1 : 169.05"
"38,2 : 644.0"
"38,3 : 274.64"
"38,4 : 706.99"
"38,5 : 1010.93"
"38,6 : 381.14"
"38,7 : 974.41"
"38,8 : 415.37"
"38,9 : 273.39"
"38,10 : 298.28"
"38,11 : 265.32"
"38,12 : 793.38"
"38,13 : 1008.9"
"38,14 : 462.84"
"38,15 : 977.05"
"38,16 : 596.1"
"38,17 : 205.91"
"38,18 : 462.14"
"38,19 : 798.29"
"38,20 : 935.55"
"38,21 : 1104.92"
"38,22 : 529.76"
"38,23 : 472.89"
"38,24 : 528.49"
"38,25 : 929.26"
"38,26 : 484.83"
"38,27 : 246.13"
"38,28 : 632.9"
"38,29 : 1081.35"
"38,30 : 558.09"
"38,31 : 868.4"
"38,32 : 663.48"
"38,33 : 710.11"
"38,34 : 593.9"
"38,35 : 888.79"
"38,36 : 357.06"
"38,37 : 641.46"
"38,38 : 0.0"
"38,39 : 729.24"
"38,40 : 343.42"
"38,41 : 107.08"
"38,42 : 156.4"
"38,43 : 730.08"
"38,44 : 566.2"
"38,45 : 457.72"
"38,46 : 645.71"
"38,47 : 829.0"
"38,48 : 588.73"
"38,49 : 470.13"
"39,0 : 608.55"
"39,1 : 827.92"
"39,2 : 701.31"
"39,3 : 529.83"
"39,4 : 70.71"
"39,5 : 303.48"
"39,6 : 726.66"
"39,7 : 245.58"
"39,8 : 634.6"
"39,9 : 720.77"
"39,10 : 500.34"
"39,11 : 518.54"
"39,12 : 70.18"
"39,13 : 311.33"
"39,14 : 333.05"
"39,15 : 293.08"
"39,16 : 228.66"
"39,17 : 627.95"
"39,18 : 669.31"
"39,19 : 355.01"
"39,20 : 320.76"
"39,21 : 399.01"
"39,22 : 199.53"
"39,23 : 660.9"
"39,24 : 445.82"
"39,25 : 476.86"
"39,26 : 392.77"
"39,27 : 869.97"
"39,28 : 608.58"
"39,29 : 352.14"
"39,30 : 353.93"
"39,31 : 176.46"
"39,32 : 432.56"
"39,33 : 653.61"
"39,34 : 598.12"
"39,35 : 600.39"
"39,36 : 632.52"
"39,37 : 315.99"
"39,38 : 729.24"
"39,39 : 0.0"
"39,40 : 557.75"
"39,41 : 651.46"
"39,42 : 709.13"
"39,43 : 354.46"
"39,44 : 184.4"
"39,45 : 651.31"
"39,46 : 308.08"
"39,47 : 550.55"
"39,48 : 260.32"
"39,49 : 636.48"
"40,0 : 618.3"
"40,1 : 335.59"
"40,2 : 820.42"
"40,3 : 94.3"
"40,4 : 507.43"
"40,5 : 779.36"
"40,6 : 173.01"
"40,7 : 778.92"
"40,8 : 110.16"
"40,9 : 173.07"
"40,10 : 99.04"
"40,11 : 387.86"
"40,12 : 603.48"
"40,13 : 868.59"
"40,14 : 457.53"
"40,15 : 847.3"
"40,16 : 540.07"
"40,17 : 140.07"
"40,18 : 164.14"
"40,19 : 776.29"
"40,20 : 662.37"
"40,21 : 956.54"
"40,22 : 392.92"
"40,23 : 166.93"
"40,24 : 199.58"
"40,25 : 609.1"
"40,26 : 529.63"
"40,27 : 346.65"
"40,28 : 292.36"
"40,29 : 887.57"
"40,30 : 260.28"
"40,31 : 729.61"
"40,32 : 334.44"
"40,33 : 847.97"
"40,34 : 253.66"
"40,35 : 547.78"
"40,36 : 78.59"
"40,37 : 633.53"
"40,38 : 343.42"
"40,39 : 557.75"
"40,40 : 0.0"
"40,41 : 237.51"
"40,42 : 220.11"
"40,43 : 725.29"
"40,44 : 373.67"
"40,45 : 150.48"
"40,46 : 353.76"
"40,47 : 489.57"
"40,48 : 328.93"
"40,49 : 658.26"
"41,0 : 463.47"
"41,1 : 183.81"
"41,2 : 673.55"
"41,3 : 168.24"
"41,4 : 622.41"
"41,5 : 922.86"
"41,6 : 298.44"
"41,7 : 894.36"
"41,8 : 316.62"
"41,9 : 198.54"
"41,10 : 193.17"
"41,11 : 251.68"
"41,12 : 712.44"
"41,13 : 943.02"
"41,14 : 420.12"
"41,15 : 913.58"
"41,16 : 544.63"
"41,17 : 104.2"
"41,18 : 366.32"
"41,19 : 762.53"
"41,20 : 838.31"
"41,21 : 1037.87"
"41,22 : 454.16"
"41,23 : 375.79"
"41,24 : 421.6"
"41,25 : 824.0"
"41,26 : 460.11"
"41,27 : 245.02"
"41,28 : 528.65"
"41,29 : 1002.63"
"41,30 : 454.06"
"41,31 : 801.11"
"41,32 : 556.82"
"41,33 : 726.28"
"41,34 : 489.72"
"41,35 : 781.77"
"41,36 : 258.79"
"41,37 : 606.01"
"41,38 : 107.08"
"41,39 : 651.46"
"41,40 : 237.51"
"41,41 : 0.0"
"41,42 : 94.01"
"41,43 : 698.09"
"41,44 : 479.65"
"41,45 : 359.98"
"41,46 : 543.27"
"41,47 : 721.92"
"41,48 : 490.42"
"41,49 : 499.92"
"42,0 : 556.68"
"42,1 : 122.54"
"42,2 : 766.65"
"42,3 : 187.39"
"42,4 : 672.82"
"42,5 : 965.78"
"42,6 : 224.9"
"42,7 : 947.44"
"42,8 : 268.89"
"42,9 : 117.03"
"42,10 : 217.41"
"42,11 : 345.14"
"42,12 : 766.05"
"42,13 : 1009.06"
"42,14 : 504.48"
"42,15 : 981.64"
"42,16 : 623.29"
"42,17 : 87.66"
"42,18 : 311.42"
"42,19 : 846.9"
"42,20 : 866.36"
"42,21 : 1102.5"
"42,22 : 517.11"
"42,23 : 323.34"
"42,24 : 418.82"
"42,25 : 828.24"
"42,26 : 549.92"
"42,27 : 163.6"
"42,28 : 494.09"
"42,29 : 1056.51"
"42,30 : 468.97"
"42,31 : 866.9"
"42,32 : 554.3"
"42,33 : 820.27"
"42,34 : 455.37"
"42,35 : 764.74"
"42,36 : 211.57"
"42,37 : 691.39"
"42,38 : 156.4"
"42,39 : 709.13"
"42,40 : 220.11"
"42,41 : 94.01"
"42,42 : 0.0"
"42,43 : 784.2"
"42,44 : 530.02"
"42,45 : 309.13"
"42,46 : 561.86"
"42,47 : 707.91"
"42,48 : 520.9"
"42,49 : 592.66"
"43,0 : 402.06"
"43,1 : 878.8"
"43,2 : 398.13"
"43,3 : 655.45"
"43,4 : 414.42"
"43,5 : 596.31"
"43,6 : 894.07"
"43,7 : 488.89"
"43,8 : 828.92"
"43,9 : 845.28"
"43,10 : 634.46"
"43,11 : 465.13"
"43,12 : 402.32"
"43,13 : 397.15"
"43,14 : 280.19"
"43,15 : 356.17"
"43,16 : 191.51"
"43,17 : 728.05"
"43,18 : 877.13"
"43,19 : 72.01"
"43,20 : 667.8"
"43,21 : 483.0"
"43,22 : 359.12"
"43,23 : 874.0"
"43,24 : 701.77"
"43,25 : 830.45"
"43,26 : 246.01"
"43,27 : 943.06"
"43,28 : 884.77"
"43,29 : 553.26"
"43,30 : 625.61"
"43,31 : 312.83"
"43,32 : 739.71"
"43,33 : 323.08"
"43,34 : 863.13"
"43,35 : 940.45"
"43,36 : 802.95"
"43,37 : 93.41"
"43,38 : 730.08"
"43,39 : 354.46"
"43,40 : 725.29"
"43,41 : 698.09"
"43,42 : 784.2"
"43,43 : 0.0"
"43,44 : 427.87"
"43,45 : 860.05"
"43,46 : 619.27"
"43,47 : 885.35"
"43,48 : 545.34"
"43,49 : 410.11"
"44,0 : 544.01"
"44,1 : 650.64"
"44,2 : 686.16"
"44,3 : 347.4"
"44,4 : 143.12"
"44,5 : 444.74"
"44,6 : 543.66"
"44,7 : 417.41"
"44,8 : 454.4"
"44,9 : 536.61"
"44,10 : 317.55"
"44,11 : 393.62"
"44,12 : 236.24"
"44,13 : 494.92"
"44,14 : 264.37"
"44,15 : 474.24"
"44,16 : 242.39"
"44,17 : 446.77"
"44,18 : 492.45"
"44,19 : 457.19"
"44,20 : 388.19"
"44,21 : 583.41"
"44,22 : 85.28"
"44,23 : 485.3"
"44,24 : 283.03"
"44,25 : 462.65"
"44,26 : 347.8"
"44,27 : 688.89"
"44,28 : 461.17"
"44,29 : 526.5"
"44,30 : 199.42"
"44,31 : 356.53"
"44,32 : 313.18"
"44,33 : 665.86"
"44,34 : 443.37"
"44,35 : 529.69"
"44,36 : 449.13"
"44,37 : 353.75"
"44,38 : 566.2"
"44,39 : 184.4"
"44,40 : 373.67"
"44,41 : 479.65"
"44,42 : 530.02"
"44,43 : 427.87"
"44,44 : 0.0"
"44,45 : 474.44"
"44,46 : 198.21"
"44,47 : 470.21"
"44,48 : 118.51"
"44,49 : 579.16"
"45,0 : 768.37"
"45,1 : 397.53"
"45,2 : 970.9"
"45,3 : 243.77"
"45,4 : 591.68"
"45,5 : 829.96"
"45,6 : 120.62"
"45,7 : 849.8"
"45,8 : 43.86"
"45,9 : 208.28"
"45,10 : 249.06"
"45,11 : 537.71"
"45,12 : 685.77"
"45,13 : 960.98"
"45,14 : 600.62"
"45,15 : 944.39"
"45,16 : 670.81"
"45,17 : 255.83"
"45,18 : 18.03"
"45,19 : 906.41"
"45,20 : 688.71"
"45,21 : 1043.18"
"45,22 : 512.52"
"45,23 : 16.64"
"45,24 : 218.33"
"45,25 : 587.39"
"45,26 : 676.03"
"45,27 : 378.0"
"45,28 : 195.06"
"45,29 : 955.44"
"45,30 : 308.42"
"45,31 : 827.46"
"45,32 : 321.08"
"45,33 : 997.5"
"45,34 : 159.31"
"45,35 : 482.2"
"45,36 : 101.21"
"45,37 : 770.17"
"45,38 : 457.72"
"45,39 : 651.31"
"45,40 : 150.48"
"45,41 : 359.98"
"45,42 : 309.13"
"45,43 : 860.05"
"45,44 : 474.44"
"45,45 : 0.0"
"45,46 : 390.4"
"45,47 : 433.26"
"45,48 : 397.55"
"45,49 : 808.26"
"46,0 : 724.02"
"46,1 : 683.05"
"46,2 : 879.62"
"46,3 : 378.91"
"46,4 : 238.02"
"46,5 : 439.59"
"46,6 : 492.44"
"46,7 : 465.61"
"46,8 : 388.67"
"46,9 : 525.78"
"46,10 : 351.16"
"46,11 : 541.5"
"46,12 : 319.28"
"46,13 : 596.65"
"46,14 : 454.76"
"46,15 : 587.82"
"46,16 : 439.04"
"46,17 : 474.44"
"46,18 : 407.18"
"46,19 : 640.46"
"46,20 : 308.78"
"46,21 : 669.73"
"46,22 : 281.58"
"46,23 : 395.28"
"46,24 : 172.54"
"46,25 : 293.23"
"46,26 : 540.54"
"46,27 : 700.25"
"46,28 : 304.59"
"46,29 : 568.38"
"46,30 : 93.62"
"46,31 : 477.62"
"46,32 : 124.9"
"46,33 : 863.39"
"46,34 : 299.82"
"46,35 : 332.1"
"46,36 : 409.4"
"46,37 : 550.1"
"46,38 : 645.71"
"46,39 : 308.08"
"46,40 : 353.76"
"46,41 : 543.27"
"46,42 : 561.86"
"46,43 : 619.27"
"46,44 : 198.21"
"46,45 : 390.4"
"46,46 : 0.0"
"46,47 : 272.07"
"46,48 : 83.74"
"46,49 : 761.33"
"47,0 : 984.94"
"47,1 : 816.0"
"47,2 : 1149.05"
"47,3 : 556.14"
"47,4 : 481.17"
"47,5 : 553.99"
"47,6 : 553.85"
"47,7 : 628.76"
"47,8 : 458.42"
"47,9 : 631.09"
"47,10 : 536.57"
"47,11 : 785.18"
"47,12 : 537.36"
"47,13 : 792.25"
"47,14 : 724.1"
"47,15 : 794.35"
"47,16 : 709.74"
"47,17 : 629.5"
"47,18 : 442.54"
"47,19 : 900.12"
"47,20 : 376.37"
"47,21 : 845.28"
"47,22 : 553.52"
"47,23 : 427.24"
"47,24 : 302.99"
"47,25 : 186.32"
"47,26 : 810.47"
"47,27 : 807.87"
"47,28 : 245.8"
"47,29 : 710.0"
"47,30 : 309.59"
"47,31 : 699.03"
"47,32 : 177.51"
"47,33 : 1135.3"
"47,34 : 275.77"
"47,35 : 63.29"
"47,36 : 506.29"
"47,37 : 820.27"
"47,38 : 829.0"
"47,39 : 550.55"
"47,40 : 489.57"
"47,41 : 721.92"
"47,42 : 707.91"
"47,43 : 885.35"
"47,44 : 470.21"
"47,45 : 433.26"
"47,46 : 272.07"
"47,47 : 0.0"
"47,48 : 354.47"
"47,49 : 1023.41"
"48,0 : 641.1"
"48,1 : 643.39"
"48,2 : 795.97"
"48,3 : 333.78"
"48,4 : 195.82"
"48,5 : 450.6"
"48,6 : 485.52"
"48,7 : 454.67"
"48,8 : 386.52"
"48,9 : 501.43"
