x,y
298,442
811,210
898,963
262,853
674,78
860,216
253,200
736,44
722,639
812,627
674,246
970,182
747,433
102,63
967,929
201,638
472,573
990,259
633,381
446,955
995,511
886,442
486,1
517,330
310,693
994,708
86,758
772,251
326,985
430,14
449,50
836,172
252,842
864,8
76,230
500,973
617,93
434,833
570,72
27,655
906,228
0,390
17,619
793,892
182,943
532,913
171,107
712,301
874,393
163,205

Distanze
"0,0 : 0.0"
"0,1 : 563.02"
"0,2 : 794.63"
"0,3 : 412.57"
"0,4 : 523.33"
"0,5 : 605.74"
"0,6 : 246.15"
"0,7 : 591.82"
"0,8 : 467.53"
"0,9 : 546.28"
"0,10 : 424.02"
"0,11 : 720.54"
"0,12 : 449.09"
"0,13 : 426.68"
"0,14 : 827.48"
"0,15 : 218.69"
"0,16 : 217.8"
"0,17 : 715.79"
"0,18 : 340.51"
"0,19 : 533.92"
"0,20 : 700.41"
"0,21 : 588.0"
"0,22 : 479.4"
"0,23 : 245.98"
"0,24 : 251.29"
"0,25 : 745.1"
"0,26 : 380.53"
"0,27 : 511.04"
"0,28 : 543.72"
"0,29 : 447.89"
"0,30 : 420.08"
"0,31 : 601.95"
"0,32 : 402.64"
"0,33 : 713.24"
"0,34 : 306.97"
"0,35 : 568.12"
"0,36 : 472.82"
"0,37 : 413.98"
"0,38 : 459.22"
"0,39 : 344.69"
"0,40 : 644.56"
"0,41 : 302.5"
"0,42 : 332.1"
"0,43 : 668.97"
"0,44 : 514.25"
"0,45 : 525.92"
"0,46 : 358.27"
"0,47 : 437.35"
"0,48 : 578.08"
"0,49 : 272.75"
"1,0 : 563.02"
"1,1 : 0.0"
"1,2 : 758.01"
"1,3 : 845.49"
"1,4 : 190.24"
"1,5 : 49.37"
"1,6 : 558.09"
"1,7 : 182.16"
"1,8 : 438.13"
"1,9 : 417.0"
"1,10 : 141.65"
"1,11 : 161.45"
"1,12 : 232.0"
"1,13 : 724.08"
"1,14 : 735.73"
"1,15 : 745.17"
"1,16 : 496.68"
"1,17 : 185.59"
"1,18 : 246.83"
"1,19 : 829.61"
"1,20 : 352.78"
"1,21 : 243.82"
"1,22 : 386.4"
"1,23 : 317.55"
"1,24 : 695.91"
"1,25 : 530.56"
"1,26 : 908.81"
"1,27 : 56.59"
"1,28 : 914.25"
"1,29 : 428.46"
"1,30 : 395.78"
"1,31 : 45.49"
"1,32 : 843.74"
"1,33 : 208.84"
"1,34 : 735.27"
"1,35 : 823.95"
"1,36 : 226.55"
"1,37 : 728.19"
"1,38 : 277.71"
"1,39 : 901.49"
"1,40 : 96.69"
"1,41 : 830.74"
"1,42 : 893.15"
"1,43 : 682.24"
"1,44 : 965.88"
"1,45 : 756.34"
"1,46 : 648.24"
"1,47 : 134.47"
"1,48 : 193.54"
"1,49 : 648.02"
"2,0 : 794.63"
"2,1 : 758.01"
"2,2 : 0.0"
"2,3 : 645.44"
"2,4 : 912.91"
"2,5 : 747.97"
"2,6 : 999.1"
"2,7 : 933.17"
"2,8 : 368.72"
"2,9 : 346.83"
"2,10 : 751.18"
"2,11 : 784.31"
"2,12 : 551.09"
"2,13 : 1201.51"
"2,14 : 76.92"
"2,15 : 769.05"
"2,16 : 577.56"
"2,17 : 709.99"
"2,18 : 639.49"
"2,19 : 452.07"
"2,20 : 462.29"
"2,21 : 521.14"
"2,22 : 1046.51"
"2,23 : 738.82"
"2,24 : 647.03"
"2,25 : 272.47"
"2,26 : 837.48"
"2,27 : 723.06"
"2,28 : 572.42"
"2,29 : 1058.12"
"2,30 : 1017.43"
"2,31 : 793.43"
"2,32 : 657.23"
"2,33 : 955.61"
"2,34 : 1101.35"
"2,35 : 398.13"
"2,36 : 914.25"
"2,37 : 481.87"
"2,38 : 949.46"
"2,39 : 923.85"
"2,40 : 735.04"
"2,41 : 1065.24"
"2,42 : 945.78"
"2,43 : 126.75"
"2,44 : 716.28"
"2,45 : 369.4"
"2,46 : 1123.06"
"2,47 : 687.63"
"2,48 : 570.51"
"2,49 : 1055.84"
"3,0 : 412.57"
"3,1 : 845.49"
"3,2 : 645.44"
"3,3 : 0.0"
"3,4 : 877.71"
"3,5 : 873.71"
"3,6 : 653.06"
"3,7 : 937.63"
"3,8 : 507.34"
"3,9 : 594.62"
"3,10 : 733.62"
"3,11 : 975.45"
"3,12 : 641.58"
"3,13 : 806.04"
"3,14 : 709.08"
"3,15 : 223.49"
"3,16 : 350.0"
"3,17 : 939.59"
"3,18 : 600.35"
"3,19 : 210.38"
"3,20 : 808.86"
"3,21 : 747.19"
"3,22 : 880.95"
"3,23 : 581.85"
"3,24 : 167.04"
"3,25 : 746.22"
"3,26 : 200.0"
"3,27 : 788.99"
"3,28 : 146.7"
"3,29 : 855.65"
"3,30 : 824.49"
"3,31 : 890.64"
"3,32 : 14.87"
"3,33 : 1037.51"
"3,34 : 650.17"
"3,35 : 266.54"
"3,36 : 838.82"
"3,37 : 173.16"
"3,38 : 839.54"
"3,39 : 307.29"
"3,40 : 897.42"
"3,41 : 531.99"
"3,42 : 338.79"
"3,43 : 532.43"
"3,44 : 120.42"
"3,45 : 276.59"
"3,46 : 751.53"
"3,47 : 712.18"
"3,48 : 765.6"
"3,49 : 655.52"
"4,0 : 523.33"
"4,1 : 190.24"
"4,2 : 912.91"
"4,3 : 877.71"
"4,4 : 0.0"
"4,5 : 231.6"
"4,6 : 438.32"
"4,7 : 70.71"
"4,8 : 563.05"
"4,9 : 566.08"
"4,10 : 168.0"
"4,11 : 313.74"
"4,12 : 362.43"
"4,13 : 572.2"
"4,14 : 900.03"
"4,15 : 733.03"
"4,16 : 534.63"
"4,17 : 364.17"
"4,18 : 305.76"
"4,19 : 906.15"
"4,20 : 539.01"
"4,21 : 421.24"
"4,22 : 203.16"
"4,23 : 296.91"
"4,24 : 714.65"
"4,25 : 706.61"
"4,26 : 898.97"
"4,27 : 198.83"
"4,28 : 971.47"
"4,29 : 252.25"
"4,30 : 226.74"
"4,31 : 187.3"
"4,32 : 872.8"
"4,33 : 202.48"
"4,34 : 617.02"
"4,35 : 911.76"
"4,36 : 58.94"
"4,37 : 792.23"
"4,38 : 104.17"
"4,39 : 866.91"
"4,40 : 276.27"
"4,41 : 742.71"
"4,42 : 851.08"
"4,43 : 822.65"
"4,44 : 995.13"
"4,45 : 846.99"
"4,46 : 503.84"
"4,47 : 226.21"
"4,48 : 373.13"
"4,49 : 526.55"
"5,0 : 605.74"
"5,1 : 49.37"
"5,2 : 747.97"
"5,3 : 873.71"
"5,4 : 231.6"
"5,5 : 0.0"
"5,6 : 607.21"
"5,7 : 212.04"
"5,8 : 444.94"
"5,9 : 413.79"
"5,10 : 188.4"
"5,11 : 115.13"
"5,12 : 244.66"
"5,13 : 773.29"
"5,14 : 720.98"
"5,15 : 782.54"
"5,16 : 527.25"
"5,17 : 136.93"
"5,18 : 280.63"
"5,19 : 847.06"
"5,20 : 324.42"
"5,21 : 227.49"
"5,22 : 431.39"
"5,23 : 361.45"
"5,24 : 728.03"
"5,25 : 509.92"
"5,26 : 944.9"
"5,27 : 94.7"
"5,28 : 936.22"
"5,29 : 475.08"
"5,30 : 443.26"
"5,31 : 50.12"
"5,32 : 872.66"
"5,33 : 208.04"
"5,34 : 784.12"
"5,35 : 838.24"
"5,36 : 272.36"
"5,37 : 749.78"
"5,38 : 323.78"
"5,39 : 941.6"
"5,40 : 47.54"
"5,41 : 877.43"
"5,42 : 934.38"
"5,43 : 679.31"
"5,44 : 994.09"
"5,45 : 770.32"
"5,46 : 697.57"
"5,47 : 170.67"
"5,48 : 177.55"
"5,49 : 697.09"
"6,0 : 246.15"
"6,1 : 558.09"
"6,2 : 999.1"
"6,3 : 653.06"
"6,4 : 438.32"
"6,5 : 607.21"
"6,6 : 0.0"
"6,7 : 507.57"
"6,8 : 642.4"
"6,9 : 703.43"
"6,10 : 423.51"
"6,11 : 717.23"
"6,12 : 546.19"
"6,13 : 203.89"
"6,14 : 1020.41"
"6,15 : 441.08"
"6,16 : 432.54"
"6,17 : 739.36"
"6,18 : 420.9"
"6,19 : 779.28"
"6,20 : 804.54"
"6,21 : 677.68"
"6,22 : 306.41"
"6,23 : 294.27"
"6,24 : 496.28"
"6,25 : 898.41"
"6,26 : 582.45"
"6,27 : 521.5"
"6,28 : 788.39"
"6,29 : 256.76"
"6,30 : 246.81"
"6,31 : 583.67"
"6,32 : 642.0"
"6,33 : 640.46"
"6,34 : 179.52"
"6,35 : 811.5"
"6,36 : 379.4"
"6,37 : 658.37"
"6,38 : 341.87"
"6,39 : 508.04"
"6,40 : 653.6"
"6,41 : 316.4"
"6,42 : 480.89"
"6,43 : 877.76"
"6,44 : 746.38"
"6,45 : 765.64"
"6,46 : 123.99"
"6,47 : 469.98"
"6,48 : 650.3"
"6,49 : 90.14"
"7,0 : 591.82"
"7,1 : 182.16"
"7,2 : 933.17"
"7,3 : 937.63"
"7,4 : 70.71"
"7,5 : 212.04"
"7,6 : 507.57"
"7,7 : 0.0"
"7,8 : 595.16"
"7,9 : 587.93"
"7,10 : 211.3"
"7,11 : 271.66"
"7,12 : 389.16"
"7,13 : 634.28"
"7,14 : 914.65"
"7,15 : 799.41"
"7,16 : 591.22"
"7,17 : 332.78"
"7,18 : 352.39"
"7,19 : 956.04"
"7,20 : 534.01"
"7,21 : 425.33"
"7,22 : 253.67"
"7,23 : 360.22"
"7,24 : 776.32"
"7,25 : 712.36"
"7,26 : 965.55"
"7,27 : 210.11"
"7,28 : 1026.44"
"7,29 : 307.47"
"7,30 : 287.06"
"7,31 : 162.43"
"7,32 : 933.31"
"7,33 : 132.97"
"7,34 : 685.71"
"7,35 : 958.51"
"7,36 : 128.69"
"7,37 : 844.82"
"7,38 : 168.34"
"7,39 : 935.95"
"7,40 : 250.51"
"7,41 : 813.27"
"7,42 : 920.64"
"7,43 : 849.91"
"7,44 : 1055.99"
"7,45 : 892.62"
"7,46 : 568.5"
"7,47 : 258.12"
"7,48 : 375.29"
"7,49 : 595.19"
"8,0 : 467.53"
"8,1 : 438.13"
"8,2 : 368.72"
"8,3 : 507.34"
"8,4 : 563.05"
"8,5 : 444.94"
"8,6 : 642.4"
"8,7 : 595.16"
"8,8 : 0.0"
"8,9 : 90.8"
"8,10 : 395.92"
"8,11 : 519.95"
"8,12 : 207.51"
"8,13 : 846.27"
"8,14 : 379.64"
"8,15 : 521.0"
"8,16 : 258.57"
"8,17 : 465.0"
"8,18 : 272.92"
"8,19 : 419.56"
"8,20 : 301.52"
"8,21 : 256.33"
"8,22 : 680.25"
"8,23 : 370.82"
"8,24 : 415.52"
"8,25 : 280.62"
"8,26 : 647.04"
"8,27 : 391.21"
"8,28 : 525.86"
"8,29 : 689.85"
"8,30 : 649.19"
"8,31 : 480.71"
"8,32 : 511.97"
"8,33 : 646.78"
"8,34 : 764.59"
"8,35 : 401.05"
"8,36 : 556.0"
"8,37 : 347.25"
"8,38 : 587.02"
"8,39 : 695.18"
"8,40 : 450.31"
"8,41 : 763.73"
"8,42 : 705.28"
"8,43 : 262.77"
"8,44 : 619.69"
"8,45 : 333.43"
"8,46 : 765.91"
"8,47 : 338.15"
"8,48 : 289.17"
"8,49 : 707.7"
"9,0 : 546.28"
"9,1 : 417.0"
"9,2 : 346.83"
"9,3 : 594.62"
"9,4 : 566.08"
"9,5 : 413.79"
"9,6 : 703.43"
"9,7 : 587.93"
"9,8 : 90.8"
"9,9 : 0.0"
"9,10 : 405.22"
"9,11 : 472.22"
"9,12 : 204.6"
"9,13 : 906.75"
"9,14 : 339.45"
"9,15 : 611.1"
"9,16 : 344.26"
"9,17 : 408.79"
"9,18 : 304.23"
"9,19 : 491.47"
"9,20 : 216.67"
"9,21 : 199.25"
"9,22 : 705.8"
"9,23 : 418.61"
"9,24 : 506.32"
"9,25 : 199.21"
"9,26 : 737.72"
"9,27 : 378.12"
"9,28 : 603.62"
"9,29 : 722.28"
"9,30 : 681.69"
"9,31 : 455.63"
"9,32 : 599.85"
"9,33 : 621.18"
"9,34 : 836.24"
"9,35 : 465.9"
"9,36 : 568.49"
"9,37 : 430.49"
"9,38 : 605.47"
"9,39 : 785.5"
"9,40 : 409.92"
"9,41 : 845.88"
"9,42 : 795.04"
"9,43 : 265.68"
"9,44 : 704.81"
"9,45 : 400.24"
"9,46 : 825.4"
"9,47 : 340.99"
"9,48 : 242.07"
"9,49 : 774.14"
"10,0 : 424.02"
"10,1 : 141.65"
"10,2 : 751.18"
"10,3 : 733.62"
"10,4 : 168.0"
"10,5 : 188.4"
"10,6 : 423.51"
"10,7 : 211.3"
"10,8 : 395.92"
"10,9 : 405.22"
"10,10 : 0.0"
"10,11 : 302.84"
"10,12 : 200.74"
"10,13 : 600.56"
"10,14 : 743.19"
"10,15 : 614.32"
"10,16 : 384.36"
"10,17 : 316.27"
"10,18 : 141.09"
"10,19 : 744.76"
"10,20 : 416.25"
"10,21 : 288.72"
"10,22 : 308.82"
"10,23 : 178.06"
"10,24 : 576.46"
"10,25 : 562.0"
"10,26 : 779.67"
"10,27 : 98.13"
"10,28 : 816.84"
"10,29 : 336.69"
"10,30 : 298.4"
"10,31 : 178.1"
"10,32 : 730.27"
"10,33 : 304.54"
"10,34 : 598.21"
"10,35 : 747.53"
"10,36 : 163.27"
"10,37 : 634.17"
"10,38 : 202.71"
"10,39 : 765.43"
"10,40 : 232.7"
"10,41 : 689.21"
"10,42 : 755.5"
"10,43 : 656.87"
"10,44 : 853.15"
"10,45 : 681.95"
"10,46 : 521.85"
"10,47 : 66.85"
"10,48 : 248.21"
"10,49 : 512.64"
"11,0 : 720.54"
"11,1 : 161.45"
"11,2 : 784.31"
"11,3 : 975.45"
"11,4 : 313.74"
"11,5 : 115.13"
"11,6 : 717.23"
"11,7 : 271.66"
"11,8 : 519.95"
"11,9 : 472.22"
"11,10 : 302.84"
"11,11 : 0.0"
"11,12 : 335.75"
"11,13 : 876.12"
"11,14 : 747.01"
"11,15 : 894.03"
"11,16 : 633.15"
"11,17 : 79.56"
"11,18 : 391.37"
"11,19 : 933.87"
"11,20 : 329.95"
"11,21 : 273.23"
"11,22 : 516.74"
"11,23 : 476.56"
"11,24 : 834.7"
"11,25 : 526.55"
"11,26 : 1055.1"
"11,27 : 209.68"
"11,28 : 1029.34"
"11,29 : 565.53"
"11,30 : 537.46"
"11,31 : 134.37"
"11,32 : 975.26"
"11,33 : 203.74"
"11,34 : 895.29"
"11,35 : 920.1"
"11,36 : 364.05"
"11,37 : 843.27"
"11,38 : 414.85"
"11,39 : 1054.98"
"11,40 : 78.82"
"11,41 : 992.05"
"11,42 : 1048.42"
"11,43 : 731.73"
"11,44 : 1095.47"
"11,45 : 852.18"
"11,46 : 802.51"
"11,47 : 284.12"
"11,48 : 231.81"
"11,49 : 807.33"
"12,0 : 449.09"
"12,1 : 232.0"
"12,2 : 551.09"
"12,3 : 641.58"
"12,4 : 362.43"
"12,5 : 244.66"
"12,6 : 546.19"
"12,7 : 389.16"
"12,8 : 207.51"
"12,9 : 204.6"
"12,10 : 200.74"
"12,11 : 335.75"
"12,12 : 0.0"
"12,13 : 743.59"
"12,14 : 542.6"
"12,15 : 583.22"
"12,16 : 308.59"
"12,17 : 298.87"
"12,18 : 125.3"
"12,19 : 602.57"
"12,20 : 259.98"
"12,21 : 139.29"
"12,22 : 504.72"
"12,23 : 252.01"
"12,24 : 508.5"
"12,25 : 369.64"
"12,26 : 736.58"
"12,27 : 183.71"
"12,28 : 694.22"
"12,29 : 525.4"
"12,30 : 485.28"
"12,31 : 275.76"
"12,32 : 642.11"
"12,33 : 440.81"
"12,34 : 701.03"
"12,35 : 593.81"
"12,36 : 364.01"
"12,37 : 507.91"
"12,38 : 402.06"
"12,39 : 753.45"
"12,40 : 259.43"
"12,41 : 748.24"
"12,42 : 753.32"
"12,43 : 461.3"
"12,44 : 761.13"
"12,45 : 525.95"
"12,46 : 661.85"
"12,47 : 136.56"
"12,48 : 133.15"
"12,49 : 626.93"
"13,0 : 426.68"
"13,1 : 724.08"
"13,2 : 1201.51"
"13,3 : 806.04"
"13,4 : 572.2"
"13,5 : 773.29"
"13,6 : 203.89"
"13,7 : 634.28"
"13,8 : 846.27"
"13,9 : 906.75"
"13,10 : 600.56"
"13,11 : 876.12"
"13,12 : 743.59"
"13,13 : 0.0"
"13,14 : 1224.0"
"13,15 : 583.46"
"13,16 : 630.08"
"13,17 : 909.37"
"13,18 : 618.94"
"13,19 : 956.03"
"13,20 : 999.08"
"13,21 : 870.8"
"13,22 : 388.97"
"13,23 : 493.47"
"13,24 : 663.45"
"13,25 : 1100.77"
"13,26 : 695.18"
"13,27 : 695.88"
"13,28 : 948.82"
"13,29 : 331.64"
"13,30 : 347.24"
"13,31 : 742.05"
"13,32 : 793.31"
"13,33 : 763.98"
"13,34 : 169.01"
"13,35 : 993.23"
"13,36 : 515.87"
"13,37 : 838.52"
"13,38 : 468.09"
"13,39 : 596.73"
"13,40 : 820.76"
"13,41 : 342.54"
"13,42 : 562.46"
"13,43 : 1079.22"
"13,44 : 883.63"
"13,45 : 952.58"
"13,46 : 81.84"
"13,47 : 654.79"
"13,48 : 839.57"
"13,49 : 154.55"
"14,0 : 827.48"
"14,1 : 735.73"
"14,2 : 76.92"
"14,3 : 709.08"
"14,4 : 900.03"
"14,5 : 720.98"
"14,6 : 1020.41"
"14,7 : 914.65"
"14,8 : 379.64"
"14,9 : 339.45"
"14,10 : 743.19"
"14,11 : 747.01"
"14,12 : 542.6"
"14,13 : 1224.0"
"14,14 : 0.0"
"14,15 : 819.41"
"14,16 : 609.72"
"14,17 : 670.39"
"14,18 : 641.76"
"14,19 : 521.65"
"14,20 : 418.94"
"14,21 : 493.69"
"14,22 : 1045.25"
"14,23 : 749.2"
"14,24 : 698.1"
"14,25 : 222.64"
"14,26 : 897.44"
"14,27 : 705.48"
"14,28 : 643.44"
"14,29 : 1060.94"
"14,30 : 1020.28"
"14,31 : 768.25"
"14,32 : 720.27"
"14,33 : 926.74"
"14,34 : 1132.47"
"14,35 : 469.07"
"14,36 : 906.31"
"14,37 : 541.58"
"14,38 : 944.49"
"14,39 : 979.12"
"14,40 : 703.65"
"14,41 : 1107.07"
"14,42 : 999.3"
"14,43 : 177.89"
"14,44 : 785.12"
"14,45 : 435.29"
"14,46 : 1144.25"
"14,47 : 677.8"
"14,48 : 544.01"
"14,49 : 1081.94"
"15,0 : 218.69"
"15,1 : 745.17"
"15,2 : 769.05"
"15,3 : 223.49"
"15,4 : 733.03"
"15,5 : 782.54"
"15,6 : 441.08"
"15,7 : 799.41"
"15,8 : 521.0"
"15,9 : 611.1"
"15,10 : 614.32"
"15,11 : 894.03"
"15,12 : 583.22"
"15,13 : 583.46"
"15,14 : 819.41"
"15,15 : 0.0"
"15,16 : 278.69"
"15,17 : 875.31"
"15,18 : 502.67"
"15,19 : 400.64"
"15,20 : 804.09"
"15,21 : 712.49"
"15,22 : 697.85"
"15,23 : 441.27"
"15,24 : 122.09"
"15,25 : 796.08"
"15,26 : 166.21"
"15,27 : 689.79"
"15,28 : 368.83"
"15,29 : 664.69"
"15,30 : 638.16"
"15,31 : 787.64"
"15,32 : 210.28"
"15,33 : 914.59"
"15,34 : 426.72"
"15,35 : 449.03"
"15,36 : 685.62"
"15,37 : 303.83"
"15,38 : 675.66"
"15,39 : 174.83"
"15,40 : 815.55"
"15,41 : 319.23"
"15,42 : 184.98"
"15,43 : 644.19"
"15,44 : 305.59"
"15,45 : 430.33"
"15,46 : 531.85"
"15,47 : 612.12"
"15,48 : 716.21"
"15,49 : 434.66"
"16,0 : 217.8"
"16,1 : 496.68"
"16,2 : 577.56"
"16,3 : 350.0"
"16,4 : 534.63"
"16,5 : 527.25"
"16,6 : 432.54"
"16,7 : 591.22"
"16,8 : 258.57"
"16,9 : 344.26"
"16,10 : 384.36"
"16,11 : 633.15"
"16,12 : 308.59"
"16,13 : 630.08"
"16,14 : 609.72"
"16,15 : 278.69"
"16,16 : 0.0"
"16,17 : 605.74"
"16,18 : 250.57"
"16,19 : 382.88"
"16,20 : 526.66"
"16,21 : 434.23"
"16,22 : 572.17"
"16,23 : 247.13"
"16,24 : 201.6"
"16,25 : 539.17"
"16,26 : 428.04"
"16,27 : 440.1"
"16,28 : 437.1"
"16,29 : 560.58"
"16,30 : 523.51"
"16,31 : 541.57"
"16,32 : 347.51"
"16,33 : 687.67"
"16,34 : 523.89"
"16,35 : 400.98"
"16,36 : 501.42"
"16,37 : 262.76"
"16,38 : 510.49"
"16,39 : 452.49"
"16,40 : 554.42"
"16,41 : 506.23"
"16,42 : 457.32"
"16,43 : 452.55"
"16,44 : 470.11"
"16,45 : 345.25"
"16,46 : 554.76"
"16,47 : 362.75"
"16,48 : 440.46"
"16,49 : 480.53"
"17,0 : 715.79"
"17,1 : 185.59"
"17,2 : 709.99"
"17,3 : 939.59"
"17,4 : 364.17"
"17,5 : 136.93"
"17,6 : 739.36"
"17,7 : 332.78"
"17,8 : 465.0"
"17,9 : 408.79"
"17,10 : 316.27"
"17,11 : 79.56"
"17,12 : 298.87"
"17,13 : 909.37"
"17,14 : 670.39"
"17,15 : 875.31"
"17,16 : 605.74"
"17,17 : 0.0"
"17,18 : 377.27"
"17,19 : 883.38"
"17,20 : 252.05"
"17,21 : 210.49"
"17,22 : 566.2"
"17,23 : 478.3"
"17,24 : 806.69"
"17,25 : 449.02"
"17,26 : 1032.58"
"17,27 : 218.15"
"17,28 : 983.86"
"17,29 : 611.25"
"17,30 : 579.97"
"17,31 : 176.88"
"17,32 : 940.5"
"17,33 : 280.85"
"17,34 : 914.46"
"17,35 : 865.97"
"17,36 : 408.27"
"17,37 : 799.13"
"17,38 : 459.75"
"17,39 : 1041.24"
"17,40 : 89.54"
"17,41 : 998.63"
"17,42 : 1037.46"
"17,43 : 662.95"
"17,44 : 1058.64"
"17,45 : 798.42"
"17,46 : 832.99"
"17,47 : 281.15"
"17,48 : 177.23"
"17,49 : 828.76"
"18,0 : 340.51"
"18,1 : 246.83"
"18,2 : 639.49"
"18,3 : 600.35"
"18,4 : 305.76"
"18,5 : 280.63"
"18,6 : 420.9"
"18,7 : 352.39"
"18,8 : 272.92"
"18,9 : 304.23"
"18,10 : 141.09"
"18,11 : 391.37"
"18,12 : 125.3"
"18,13 : 618.94"
"18,14 : 641.76"
"18,15 : 502.67"
"18,16 : 250.57"
"18,17 : 377.27"
"18,18 : 0.0"
"18,19 : 603.69"
"18,20 : 384.63"
"18,21 : 260.25"
"18,22 : 407.44"
"18,23 : 126.72"
"18,24 : 449.08"
"18,25 : 487.08"
"18,26 : 664.33"
"18,27 : 190.32"
"18,28 : 677.54"
"18,29 : 419.4"
"18,30 : 378.7"
"18,31 : 291.36"
"18,32 : 598.07"
"18,33 : 438.74"
"18,34 : 577.1"
"18,35 : 606.76"
"18,36 : 288.44"
"18,37 : 493.87"
"18,38 : 315.36"
"18,39 : 665.07"
"18,40 : 312.95"
"18,41 : 633.06"
"18,42 : 660.38"
"18,43 : 535.46"
"18,44 : 720.59"
"18,45 : 541.5"
"18,46 : 537.14"
"18,47 : 112.43"
"18,48 : 241.3"
"18,49 : 501.87"
"19,0 : 533.92"
"19,1 : 829.61"
"19,2 : 452.07"
"19,3 : 210.38"
"19,4 : 906.15"
"19,5 : 847.06"
"19,6 : 779.28"
"19,7 : 956.04"
"19,8 : 419.56"
"19,9 : 491.47"
"19,10 : 744.76"
"19,11 : 933.87"
"19,12 : 602.57"
"19,13 : 956.03"
"19,14 : 521.65"
"19,15 : 400.64"
"19,16 : 382.88"
"19,17 : 883.38"
"19,18 : 603.69"
"19,19 : 0.0"
"19,20 : 706.07"
"19,21 : 675.85"
"19,22 : 954.84"
"19,23 : 629.02"
"19,24 : 295.19"
"19,25 : 601.09"
"19,26 : 410.38"
"19,27 : 775.82"
"19,28 : 123.69"
"19,29 : 941.14"
"19,30 : 905.0"
"19,31 : 874.75"
"19,32 : 224.51"
"19,33 : 1035.15"
"19,34 : 813.96"
"19,35 : 56.92"
"19,36 : 878.8"
"19,37 : 122.59"
"19,38 : 891.66"
"19,39 : 515.33"
"19,40 : 860.31"
"19,41 : 719.82"
"19,42 : 544.92"
"19,43 : 352.67"
"19,44 : 264.27"
"19,45 : 95.71"
"19,46 : 891.48"
"19,47 : 706.03"
"19,48 : 706.42"
"19,49 : 801.62"
"20,0 : 700.41"
"20,1 : 352.78"
"20,2 : 462.29"
"20,3 : 808.86"
"20,4 : 539.01"
"20,5 : 324.42"
"20,6 : 804.54"
"20,7 : 534.01"
"20,8 : 301.52"
"20,9 : 216.67"
"20,10 : 416.25"
"20,11 : 329.95"
"20,12 : 259.98"
"20,13 : 999.08"
"20,14 : 418.94"
"20,15 : 804.09"
"20,16 : 526.66"
"20,17 : 252.05"
"20,18 : 384.63"
"20,19 : 706.07"
"20,20 : 0.0"
"20,21 : 129.0"
"20,22 : 720.54"
"20,23 : 511.12"
"20,24 : 708.77"
"20,25 : 197.0"
"20,26 : 941.96"
"20,27 : 342.53"
"20,28 : 819.9"
"20,29 : 752.49"
"20,30 : 714.59"
"20,31 : 374.44"
"20,32 : 813.39"
"20,33 : 519.78"
"20,34 : 961.0"
"20,35 : 677.1"
"20,36 : 563.57"
"20,37 : 646.84"
"20,38 : 611.02"
"20,39 : 978.65"
"20,40 : 296.66"
"20,41 : 1002.33"
"20,42 : 983.95"
"20,43 : 431.24"
"20,44 : 920.65"
"20,45 : 613.17"
"20,46 : 917.71"
"20,47 : 352.4"
"20,48 : 169.01"
"20,49 : 886.49"
"21,0 : 588.0"
"21,1 : 243.82"
"21,2 : 521.14"
"21,3 : 747.19"
"21,4 : 421.24"
"21,5 : 227.49"
"21,6 : 677.68"
"21,7 : 425.33"
"21,8 : 256.33"
"21,9 : 199.25"
"21,10 : 288.72"
"21,11 : 273.23"
"21,12 : 139.29"
"21,13 : 870.8"
"21,14 : 493.69"
"21,15 : 712.49"
"21,16 : 434.23"
"21,17 : 210.49"
"21,18 : 260.25"
"21,19 : 675.85"
"21,20 : 129.0"
"21,21 : 0.0"
"21,22 : 595.38"
"21,23 : 385.62"
"21,24 : 628.31"
"21,25 : 287.09"
"21,26 : 860.15"
"21,27 : 222.43"
"21,28 : 780.03"
"21,29 : 625.4"
"21,30 : 587.05"
"21,31 : 274.59"
"21,32 : 749.64"
"21,33 : 434.56"
"21,34 : 837.28"
"21,35 : 656.47"
"21,36 : 440.64"
"21,37 : 597.65"
"21,38 : 486.58"
"21,39 : 885.01"
"21,40 : 214.93"
"21,41 : 887.52"
"21,42 : 886.84"
"21,43 : 459.51"
"21,44 : 864.07"
"21,45 : 589.2"
"21,46 : 789.59"
"21,47 : 223.96"
"21,48 : 50.45"
"21,49 : 760.85"
"22,0 : 479.4"
"22,1 : 386.4"
"22,2 : 1046.51"
"22,3 : 880.95"
"22,4 : 203.16"
"22,5 : 431.39"
"22,6 : 306.41"
"22,7 : 253.67"
"22,8 : 680.25"
"22,9 : 705.8"
"22,10 : 308.82"
"22,11 : 516.74"
"22,12 : 504.72"
"22,13 : 388.97"
"22,14 : 1045.25"
"22,15 : 697.85"
"22,16 : 572.17"
"22,17 : 566.2"
"22,18 : 407.44"
"22,19 : 954.84"
"22,20 : 720.54"
"22,21 : 595.38"
"22,22 : 0.0"
"22,23 : 330.46"
"22,24 : 714.03"
"22,25 : 870.58"
"22,26 : 856.18"
"22,27 : 379.86"
"22,28 : 996.92"
"22,29 : 57.49"
"22,30 : 61.4"
"22,31 : 389.54"
"22,32 : 872.95"
"22,33 : 378.06"
"22,34 : 469.62"
"22,35 : 972.1"
"22,36 : 160.08"
"22,37 : 833.62"
"22,38 : 109.99"
"22,39 : 799.0"
"22,40 : 477.42"
"22,41 : 622.51"
"22,42 : 775.81"
"22,43 : 942.41"
"22,44 : 989.84"
"22,45 : 913.16"
"22,46 : 332.36"
"22,47 : 375.6"
"22,48 : 551.55"
"22,49 : 382.03"
"23,0 : 245.98"
"23,1 : 317.55"
"23,2 : 738.82"
"23,3 : 581.85"
"23,4 : 296.91"
"23,5 : 361.45"
"23,6 : 294.27"
"23,7 : 360.22"
"23,8 : 370.82"
"23,9 : 418.61"
"23,10 : 178.06"
"23,11 : 476.56"
"23,12 : 252.01"
"23,13 : 493.47"
"23,14 : 749.2"
"23,15 : 441.27"
"23,16 : 247.13"
"23,17 : 478.3"
"23,18 : 126.72"
"23,19 : 629.02"
"23,20 : 511.12"
"23,21 : 385.62"
"23,22 : 330.46"
"23,23 : 0.0"
"23,24 : 417.87"
"23,25 : 608.62"
"23,26 : 607.41"
"23,27 : 266.96"
"23,28 : 682.28"
"23,29 : 327.76"
"23,30 : 288.14"
"23,31 : 355.98"
"23,32 : 576.51"
"23,33 : 473.38"
"23,34 : 452.2"
"23,35 : 643.22"
"23,36 : 257.23"
"23,37 : 509.8"
"23,38 : 263.39"
"23,39 : 587.98"
"23,40 : 402.15"
"23,41 : 520.47"
"23,42 : 577.51"
"23,43 : 626.12"
"23,44 : 698.57"
"23,45 : 583.19"
"23,46 : 411.64"
"23,47 : 197.14"
"23,48 : 362.52"
"23,49 : 375.42"
"24,0 : 251.29"
"24,1 : 695.91"
"24,2 : 647.03"
"24,3 : 167.04"
"24,4 : 714.65"
"24,5 : 728.03"
"24,6 : 496.28"
"24,7 : 776.32"
"24,8 : 415.52"
"24,9 : 506.32"
"24,10 : 576.46"
"24,11 : 834.7"
"24,12 : 508.5"
"24,13 : 663.45"
"24,14 : 698.1"
"24,15 : 122.09"
"24,16 : 201.6"
"24,17 : 806.69"
"24,18 : 449.08"
"24,19 : 295.19"
"24,20 : 708.77"
"24,21 : 628.31"
"24,22 : 714.03"
"24,23 : 417.87"
"24,24 : 0.0"
"24,25 : 684.16"
"24,26 : 233.24"
"24,27 : 639.38"
"24,28 : 292.44"
"24,29 : 689.52"
"24,30 : 657.85"
"24,31 : 740.35"
"24,32 : 159.89"
"24,33 : 880.99"
"24,34 : 518.77"
"24,35 : 338.38"
"24,36 : 673.98"
"24,37 : 187.02"
"24,38 : 673.23"
"24,39 : 285.54"
"24,40 : 755.94"
"24,41 : 433.48"
"24,42 : 302.2"
"24,43 : 522.39"
"24,44 : 280.86"
"24,45 : 312.54"
"24,46 : 602.26"
"24,47 : 561.49"
"24,48 : 638.82"
"24,49 : 509.66"
"25,0 : 745.1"
"25,1 : 530.56"
"25,2 : 272.47"
"25,3 : 746.22"
"25,4 : 706.61"
"25,5 : 509.92"
"25,6 : 898.41"
"25,7 : 712.36"
"25,8 : 280.62"
"25,9 : 199.21"
"25,10 : 562.0"
"25,11 : 526.55"
"25,12 : 369.64"
"25,13 : 1100.77"
"25,14 : 222.64"
"25,15 : 796.08"
"25,16 : 539.17"
"25,17 : 449.02"
"25,18 : 487.08"
"25,19 : 601.09"
"25,20 : 197.0"
"25,21 : 287.09"
"25,22 : 870.58"
"25,23 : 608.62"
"25,24 : 684.16"
"25,25 : 0.0"
"25,26 : 909.38"
"25,27 : 508.07"
"25,28 : 723.15"
"25,29 : 894.28"
"25,30 : 854.39"
"25,31 : 558.8"
"25,32 : 754.0"
"25,33 : 711.97"
"25,34 : 1034.99"
"25,35 : 560.59"
"25,36 : 721.36"
"25,37 : 573.78"
"25,38 : 764.38"
"25,39 : 968.45"
"25,40 : 488.0"
"25,41 : 1043.63"
"25,42 : 981.05"
"25,43 : 272.5"
"25,44 : 845.32"
"25,45 : 505.44"
"25,46 : 1019.08"
"25,47 : 495.15"
"25,48 : 337.08"
"25,49 : 971.38"
"26,0 : 380.53"
"26,1 : 908.81"
"26,2 : 837.48"
"26,3 : 200.0"
"26,4 : 898.97"
"26,5 : 944.9"
"26,6 : 582.45"
"26,7 : 965.55"
"26,8 : 647.04"
"26,9 : 737.72"
"26,10 : 779.67"
"26,11 : 1055.1"
"26,12 : 736.58"
"26,13 : 695.18"
"26,14 : 897.44"
"26,15 : 166.21"
"26,16 : 428.04"
"26,17 : 1032.58"
"26,18 : 664.33"
"26,19 : 410.38"
"26,20 : 941.96"
"26,21 : 860.15"
"26,22 : 856.18"
"26,23 : 607.41"
"26,24 : 233.24"
"26,25 : 909.38"
"26,26 : 0.0"
"26,27 : 853.02"
"26,28 : 330.35"
"26,29 : 819.68"
"26,30 : 795.63"
"26,31 : 951.79"
"26,32 : 186.04"
"26,33 : 1080.64"
"26,34 : 528.09"
"26,35 : 466.5"
"26,36 : 850.99"
"26,37 : 355.99"
"26,38 : 839.55"
"26,39 : 118.7"
"26,40 : 976.37"
"26,41 : 377.92"
"26,42 : 155.18"
"26,43 : 719.59"
"26,44 : 208.43"
"26,45 : 472.17"
"26,46 : 656.53"
"26,47 : 775.06"
"26,48 : 868.43"
"26,49 : 558.34"
"27,0 : 511.04"
"27,1 : 56.59"
"27,2 : 723.06"
"27,3 : 788.99"
"27,4 : 198.83"
"27,5 : 94.7"
"27,6 : 521.5"
"27,7 : 210.11"
"27,8 : 391.21"
"27,9 : 378.12"
"27,10 : 98.13"
"27,11 : 209.68"
"27,12 : 183.71"
"27,13 : 695.88"
"27,14 : 705.48"
"27,15 : 689.79"
"27,16 : 440.1"
"27,17 : 218.15"
"27,18 : 190.32"
"27,19 : 775.82"
"27,20 : 342.53"
"27,21 : 222.43"
"27,22 : 379.86"
"27,23 : 266.96"
"27,24 : 639.38"
"27,25 : 508.07"
"27,26 : 853.02"
"27,27 : 0.0"
"27,28 : 858.88"
"27,29 : 416.09"
"27,30 : 380.43"
"27,31 : 101.67"
"27,32 : 787.2"
"27,33 : 259.83"
"27,34 : 696.32"
"27,35 : 771.54"
"27,36 : 221.33"
"27,37 : 673.03"
"27,38 : 269.9"
"27,39 : 847.49"
"27,40 : 135.96"
"27,41 : 784.41"
"27,42 : 839.91"
"27,43 : 641.34"
"27,44 : 909.38"
"27,45 : 704.16"
"27,46 : 618.01"
"27,47 : 78.1"
"27,48 : 174.84"
"27,49 : 610.73"
"28,0 : 543.72"
"28,1 : 914.25"
"28,2 : 572.42"
"28,3 : 146.7"
"28,4 : 971.47"
"28,5 : 936.22"
"28,6 : 788.39"
"28,7 : 1026.44"
"28,8 : 525.86"
"28,9 : 603.62"
"28,10 : 816.84"
"28,11 : 1029.34"
"28,12 : 694.22"
"28,13 : 948.82"
"28,14 : 643.44"
"28,15 : 368.83"
"28,16 : 437.1"
"28,17 : 983.86"
"28,18 : 677.54"
"28,19 : 123.69"
"28,20 : 819.9"
"28,21 : 780.03"
"28,22 : 996.92"
"28,23 : 682.28"
"28,24 : 292.44"
"28,25 : 723.15"
"28,26 : 330.35"
"28,27 : 858.88"
"28,28 : 0.0"
"28,29 : 976.55"
"28,30 : 943.06"
"28,31 : 959.72"
"28,32 : 161.01"
"28,33 : 1115.34"
"28,34 : 795.31"
"28,35 : 174.41"
"28,36 : 938.27"
"28,37 : 186.46"
"28,38 : 945.04"
"28,39 : 445.31"
"28,40 : 953.65"
"28,41 : 678.45"
"28,42 : 479.0"
"28,43 : 476.17"
"28,44 : 150.0"
"28,45 : 218.22"
"28,46 : 891.58"
"28,47 : 785.4"
"28,48 : 806.7"
"28,49 : 796.85"
"29,0 : 447.89"
"29,1 : 428.46"
"29,2 : 1058.12"
"29,3 : 855.65"
"29,4 : 252.25"
"29,5 : 475.08"
"29,6 : 256.76"
"29,7 : 307.47"
"29,8 : 689.85"
"29,9 : 722.28"
"29,10 : 336.69"
"29,11 : 565.53"
"29,12 : 525.4"
"29,13 : 331.64"
"29,14 : 1060.94"
"29,15 : 664.69"
"29,16 : 560.58"
"29,17 : 611.25"
"29,18 : 419.4"
"29,19 : 941.14"
"29,20 : 752.49"
"29,21 : 625.4"
"29,22 : 57.49"
"29,23 : 327.76"
"29,24 : 689.52"
"29,25 : 894.28"
"29,26 : 819.68"
"29,27 : 416.09"
"29,28 : 976.55"
"29,29 : 0.0"
"29,30 : 40.71"
"29,31 : 435.66"
"29,32 : 846.92"
"29,33 : 434.04"
"29,34 : 414.7"
"29,35 : 961.55"
"29,36 : 203.0"
"29,37 : 819.01"
"29,38 : 151.54"
"29,39 : 757.16"
"29,40 : 521.89"
"29,41 : 571.21"
"29,42 : 732.53"
"29,43 : 950.08"
"29,44 : 961.53"
"29,45 : 904.77"
"29,46 : 275.19"
"29,47 : 402.36"
"29,48 : 583.76"
"29,49 : 328.28"
"30,0 : 420.08"
"30,1 : 395.78"
"30,2 : 1017.43"
"30,3 : 824.49"
"30,4 : 226.74"
"30,5 : 443.26"
"30,6 : 246.81"
"30,7 : 287.06"
"30,8 : 649.19"
"30,9 : 681.69"
"30,10 : 298.4"
"30,11 : 537.46"
"30,12 : 485.28"
"30,13 : 347.24"
"30,14 : 1020.28"
"30,15 : 638.16"
"30,16 : 523.51"
"30,17 : 579.97"
"30,18 : 378.7"
"30,19 : 905.0"
"30,20 : 714.59"
"30,21 : 587.05"
"30,22 : 61.4"
"30,23 : 288.14"
"30,24 : 657.85"
"30,25 : 854.39"
"30,26 : 795.63"
"30,27 : 380.43"
"30,28 : 943.06"
"30,29 : 40.71"
"30,30 : 0.0"
"30,31 : 405.77"
"30,32 : 816.13"
"30,33 : 417.12"
"30,34 : 414.16"
"30,35 : 924.41"
"30,36 : 173.42"
"30,37 : 783.14"
"30,38 : 122.98"
"30,39 : 737.64"
"30,40 : 490.44"
"30,41 : 563.21"
"30,42 : 714.41"
"30,43 : 909.56"
"30,44 : 932.06"
"30,45 : 866.98"
"30,46 : 283.78"
"30,47 : 363.55"
"30,48 : 546.14"
"30,49 : 325.3"
"31,0 : 601.95"
"31,1 : 45.49"
"31,2 : 793.43"
"31,3 : 890.64"
"31,4 : 187.3"
"31,5 : 50.12"
"31,6 : 583.67"
"31,7 : 162.43"
"31,8 : 480.71"
"31,9 : 455.63"
"31,10 : 178.1"
"31,11 : 134.37"
"31,12 : 275.76"
"31,13 : 742.05"
"31,14 : 768.25"
"31,15 : 787.64"
"31,16 : 541.57"
"31,17 : 176.88"
"31,18 : 291.36"
"31,19 : 874.75"
"31,20 : 374.44"
"31,21 : 274.59"
"31,22 : 389.54"
"31,23 : 355.98"
"31,24 : 740.35"
"31,25 : 558.8"
"31,26 : 951.79"
"31,27 : 101.67"
"31,28 : 959.72"
"31,29 : 435.66"
"31,30 : 405.77"
"31,31 : 0.0"
"31,32 : 888.79"
"31,33 : 166.37"
"31,34 : 762.21"
"31,35 : 868.62"
"31,36 : 232.81"
"31,37 : 773.64"
"31,38 : 284.18"
"31,39 : 942.22"
"31,40 : 89.64"
"31,41 : 863.96"
"31,42 : 933.04"
"31,43 : 721.28"
"31,44 : 1011.02"
"31,45 : 800.94"
"31,46 : 668.17"
"31,47 : 178.93"
"31,48 : 224.24"
"31,49 : 673.81"
"32,0 : 402.64"
"32,1 : 843.74"
"32,2 : 657.23"
"32,3 : 14.87"
"32,4 : 872.8"
"32,5 : 872.66"
"32,6 : 642.0"
"32,7 : 933.31"
"32,8 : 511.97"
"32,9 : 599.85"
"32,10 : 730.27"
"32,11 : 975.26"
"32,12 : 642.11"
"32,13 : 793.31"
"32,14 : 720.27"
"32,15 : 210.28"
"32,16 : 347.51"
"32,17 : 940.5"
"32,18 : 598.07"
"32,19 : 224.51"
"32,20 : 813.39"
"32,21 : 749.64"
"32,22 : 872.95"
"32,23 : 576.51"
"32,24 : 159.89"
"32,25 : 754.0"
"32,26 : 186.04"
"32,27 : 787.2"
"32,28 : 161.01"
"32,29 : 846.92"
"32,30 : 816.13"
"32,31 : 888.79"
"32,32 : 0.0"
"32,33 : 1034.46"
"32,34 : 636.8"
"32,35 : 280.47"
"32,36 : 833.2"
"32,37 : 182.22"
"32,38 : 833.08"
"32,39 : 292.56"
"32,40 : 897.06"
"32,41 : 517.5"
"32,42 : 323.97"
"32,43 : 543.31"
"32,44 : 122.89"
"32,45 : 288.86"
"32,46 : 739.45"
"32,47 : 710.13"
"32,48 : 767.13"
"32,49 : 643.19"
"33,0 : 713.24"
"33,1 : 208.84"
"33,2 : 955.61"
"33,3 : 1037.51"
"33,4 : 202.48"
"33,5 : 208.04"
"33,6 : 640.46"
"33,7 : 132.97"
"33,8 : 646.78"
"33,9 : 621.18"
"33,10 : 304.54"
"33,11 : 203.74"
"33,12 : 440.81"
"33,13 : 763.98"
"33,14 : 926.74"
"33,15 : 914.59"
"33,16 : 687.67"
"33,17 : 280.85"
"33,18 : 438.74"
"33,19 : 1035.15"
"33,20 : 519.78"
"33,21 : 434.56"
"33,22 : 378.06"
"33,23 : 473.38"
"33,24 : 880.99"
"33,25 : 711.97"
"33,26 : 1080.64"
"33,27 : 259.83"
"33,28 : 1115.34"
"33,29 : 434.04"
"33,30 : 417.12"
"33,31 : 166.37"
"33,32 : 1034.46"
"33,33 : 0.0"
"33,34 : 818.67"
"33,35 : 1031.37"
"33,36 : 261.22"
"33,37 : 930.34"
"33,38 : 300.89"
"33,39 : 1057.91"
"33,40 : 223.97"
"33,41 : 944.68"
"33,42 : 1044.38"
"33,43 : 886.85"
"33,44 : 1157.3"
"33,45 : 963.98"
"33,46 : 700.04"
"33,47 : 330.08"
"33,48 : 385.13"
"33,49 : 728.16"
"34,0 : 306.97"
"34,1 : 735.27"
"34,2 : 1101.35"
"34,3 : 650.17"
"34,4 : 617.02"
"34,5 : 784.12"
"34,6 : 179.52"
"34,7 : 685.71"
"34,8 : 764.59"
"34,9 : 836.24"
"34,10 : 598.21"
"34,11 : 895.29"
"34,12 : 701.03"
"34,13 : 169.01"
"34,14 : 1132.47"
"34,15 : 426.72"
"34,16 : 523.89"
"34,17 : 914.46"
"34,18 : 577.1"
"34,19 : 813.96"
"34,20 : 961.0"
"34,21 : 837.28"
"34,22 : 469.62"
"34,23 : 452.2"
"34,24 : 518.77"
"34,25 : 1034.99"
"34,26 : 528.09"
"34,27 : 696.32"
"34,28 : 795.31"
"34,29 : 414.7"
"34,30 : 414.16"
"34,31 : 762.21"
"34,32 : 636.8"
"34,33 : 818.67"
"34,34 : 0.0"
"34,35 : 855.47"
"34,36 : 558.08"
"34,37 : 701.27"
"34,38 : 518.65"
"34,39 : 427.82"
"34,40 : 830.0"
"34,41 : 177.13"
"34,42 : 393.45"
"34,43 : 975.88"
"34,44 : 720.84"
"34,45 : 821.23"
"34,46 : 155.42"
"34,47 : 639.95"
"34,48 : 814.48"
"34,49 : 90.52"
"35,0 : 568.12"
"35,1 : 823.95"
"35,2 : 398.13"
"35,3 : 266.54"
"35,4 : 911.76"
"35,5 : 838.24"
"35,6 : 811.5"
"35,7 : 958.51"
"35,8 : 401.05"
"35,9 : 465.9"
"35,10 : 747.53"
"35,11 : 920.1"
"35,12 : 593.81"
"35,13 : 993.23"
"35,14 : 469.07"
"35,15 : 449.03"
"35,16 : 400.98"
"35,17 : 865.97"
"35,18 : 606.76"
"35,19 : 56.92"
"35,20 : 677.1"
"35,21 : 656.47"
"35,22 : 972.1"
"35,23 : 643.22"
"35,24 : 338.38"
"35,25 : 560.59"
"35,26 : 466.5"
"35,27 : 771.54"
"35,28 : 174.41"
"35,29 : 961.55"
"35,30 : 924.41"
"35,31 : 868.62"
"35,32 : 280.47"
"35,33 : 1031.37"
"35,34 : 855.47"
"35,35 : 0.0"
"35,36 : 887.74"
"35,37 : 154.78"
"35,38 : 903.72"
"35,39 : 569.96"
"35,40 : 848.45"
"35,41 : 768.04"
"35,42 : 598.84"
"35,43 : 303.99"
"35,44 : 319.41"
"35,45 : 68.0"
"35,46 : 926.39"
"35,47 : 704.65"
"35,48 : 690.13"
"35,49 : 838.69"
"36,0 : 472.82"
"36,1 : 226.55"
"36,2 : 914.25"
"36,3 : 838.82"
"36,4 : 58.94"
"36,5 : 272.36"
"36,6 : 379.4"
"36,7 : 128.69"
"36,8 : 556.0"
"36,9 : 568.49"
"36,10 : 163.27"
"36,11 : 364.05"
"36,12 : 364.01"
"36,13 : 515.87"
"36,14 : 906.31"
"36,15 : 685.62"
"36,16 : 501.42"
"36,17 : 408.27"
"36,18 : 288.44"
"36,19 : 878.8"
"36,20 : 563.57"
"36,21 : 440.64"
"36,22 : 160.08"
"36,23 : 257.23"
"36,24 : 673.98"
"36,25 : 721.36"
"36,26 : 850.99"
"36,27 : 221.33"
"36,28 : 938.27"
"36,29 : 203.0"
"36,30 : 173.42"
"36,31 : 232.81"
"36,32 : 833.2"
"36,33 : 261.22"
"36,34 : 558.08"
"36,35 : 887.74"
"36,36 : 0.0"
"36,37 : 762.29"
"36,38 : 51.48"
"36,39 : 814.83"
"36,40 : 318.98"
"36,41 : 684.76"
"36,42 : 797.92"
"36,43 : 818.15"
"36,44 : 954.84"
"36,45 : 824.39"
"36,46 : 446.22"
"36,47 : 228.67"
"36,48 : 395.03"
"36,49 : 467.61"
"37,0 : 413.98"
"37,1 : 728.19"
"37,2 : 481.87"
"37,3 : 173.16"
"37,4 : 792.23"
"37,5 : 749.78"
"37,6 : 658.37"
"37,7 : 844.82"
"37,8 : 347.25"
"37,9 : 430.49"
"37,10 : 634.17"
"37,11 : 843.27"
"37,12 : 507.91"
"37,13 : 838.52"
"37,14 : 541.58"
"37,15 : 303.83"
"37,16 : 262.76"
"37,17 : 799.13"
"37,18 : 493.87"
"37,19 : 122.59"
"37,20 : 646.84"
"37,21 : 597.65"
"37,22 : 833.62"
"37,23 : 509.8"
"37,24 : 187.02"
"37,25 : 573.78"
"37,26 : 355.99"
"37,27 : 673.03"
"37,28 : 186.46"
"37,29 : 819.01"
"37,30 : 783.14"
"37,31 : 773.64"
"37,32 : 182.22"
"37,33 : 930.34"
"37,34 : 701.27"
"37,35 : 154.78"
"37,36 : 762.29"
"37,37 : 0.0"
"37,38 : 773.06"
"37,39 : 444.22"
"37,40 : 767.34"
"37,41 : 620.17"
"37,42 : 468.71"
"37,43 : 363.82"
"37,44 : 274.96"
"37,45 : 126.51"
"37,46 : 772.17"
"37,47 : 600.26"
"37,48 : 622.25"
"37,49 : 683.98"
"38,0 : 459.22"
"38,1 : 277.71"
"38,2 : 949.46"
"38,3 : 839.54"
"38,4 : 104.17"
"38,5 : 323.78"
"38,6 : 341.87"
"38,7 : 168.34"
"38,8 : 587.02"
"38,9 : 605.47"
"38,10 : 202.71"
"38,11 : 414.85"
"38,12 : 402.06"
"38,13 : 468.09"
"38,14 : 944.49"
"38,15 : 675.66"
"38,16 : 510.49"
"38,17 : 459.75"
"38,18 : 315.36"
"38,19 : 891.66"
"38,20 : 611.02"
"38,21 : 486.58"
"38,22 : 109.99"
"38,23 : 263.39"
"38,24 : 673.23"
"38,25 : 764.38"
"38,26 : 839.55"
"38,27 : 269.9"
"38,28 : 945.04"
"38,29 : 151.54"
"38,30 : 122.98"
"38,31 : 284.18"
"38,32 : 833.08"
"38,33 : 300.89"
"38,34 : 518.65"
"38,35 : 903.72"
"38,36 : 51.48"
"38,37 : 773.06"
"38,38 : 0.0"
"38,39 : 796.7"
"38,40 : 370.45"
"38,41 : 652.71"
"38,42 : 777.83"
"38,43 : 849.78"
"38,44 : 953.51"
"38,45 : 841.86"
"38,46 : 400.53"
"38,47 : 269.45"
"38,48 : 442.11"
"38,49 : 428.18"
"39,0 : 344.69"
"39,1 : 901.49"
"39,2 : 923.85"
"39,3 : 307.29"
"39,4 : 866.91"
"39,5 : 941.6"
"39,6 : 508.04"
"39,7 : 935.95"
"39,8 : 695.18"
"39,9 : 785.5"
"39,10 : 765.43"
"39,11 : 1054.98"
"39,12 : 753.45"
"39,13 : 596.73"
"39,14 : 979.12"
"39,15 : 174.83"
"39,16 : 452.49"
"39,17 : 1041.24"
"39,18 : 665.07"
"39,19 : 515.33"
"39,20 : 978.65"
"39,21 : 885.01"
"39,22 : 799.0"
"39,23 : 587.98"
"39,24 : 285.54"
"39,25 : 968.45"
"39,26 : 118.7"
"39,27 : 847.49"
"39,28 : 445.31"
"39,29 : 757.16"
"39,30 : 737.64"
"39,31 : 942.22"
"39,32 : 292.56"
"39,33 : 1057.91"
"39,34 : 427.82"
"39,35 : 569.96"
"39,36 : 814.83"
"39,37 : 444.22"
"39,38 : 796.7"
"39,39 : 0.0"
"39,40 : 977.23"
"39,41 : 266.37"
"39,42 : 37.36"
"39,43 : 801.83"
"39,44 : 327.06"
"39,45 : 567.09"
"39,46 : 566.6"
"39,47 : 771.06"
"39,48 : 886.6"
"39,49 : 470.1"
"40,0 : 644.56"
"40,1 : 96.69"
"40,2 : 735.04"
"40,3 : 897.42"
"40,4 : 276.27"
"40,5 : 47.54"
"40,6 : 653.6"
"40,7 : 250.51"
"40,8 : 450.31"
"40,9 : 409.92"
"40,10 : 232.7"
"40,11 : 78.82"
"40,12 : 259.43"
"40,13 : 820.76"
"40,14 : 703.65"
"40,15 : 815.55"
"40,16 : 554.42"
"40,17 : 89.54"
"40,18 : 312.95"
"40,19 : 860.31"
"40,20 : 296.66"
"40,21 : 214.93"
"40,22 : 477.42"
"40,23 : 402.15"
"40,24 : 755.94"
"40,25 : 488.0"
"40,26 : 976.37"
"40,27 : 135.96"
"40,28 : 953.65"
"40,29 : 521.89"
"40,30 : 490.44"
"40,31 : 89.64"
"40,32 : 897.06"
"40,33 : 223.97"
"40,34 : 830.0"
"40,35 : 848.45"
"40,36 : 318.98"
"40,37 : 767.34"
"40,38 : 370.45"
"40,39 : 977.23"
"40,40 : 0.0"
"40,41 : 920.37"
"40,42 : 971.19"
"40,43 : 673.55"
"40,44 : 1017.55"
"40,45 : 780.45"
"40,46 : 744.89"
"40,47 : 207.28"
"40,48 : 168.07"
"40,49 : 743.36"
"41,0 : 302.5"
"41,1 : 830.74"
"41,2 : 1065.24"
"41,3 : 531.99"
"41,4 : 742.71"
"41,5 : 877.43"
"41,6 : 316.4"
"41,7 : 813.27"
"41,8 : 763.73"
"41,9 : 845.88"
"41,10 : 689.21"
"41,11 : 992.05"
"41,12 : 748.24"
"41,13 : 342.54"
"41,14 : 1107.07"
"41,15 : 319.23"
"41,16 : 506.23"
"41,17 : 998.63"
"41,18 : 633.06"
"41,19 : 719.82"
"41,20 : 1002.33"
"41,21 : 887.52"
"41,22 : 622.51"
"41,23 : 520.47"
"41,24 : 433.48"
"41,25 : 1043.63"
"41,26 : 377.92"
"41,27 : 784.41"
"41,28 : 678.45"
"41,29 : 571.21"
"41,30 : 563.21"
"41,31 : 863.96"
"41,32 : 517.5"
"41,33 : 944.68"
"41,34 : 177.13"
"41,35 : 768.04"
"41,36 : 684.76"
"41,37 : 620.17"
"41,38 : 652.71"
"41,39 : 266.37"
"41,40 : 920.37"
"41,41 : 0.0"
"41,42 : 229.63"
"41,43 : 938.54"
"41,44 : 582.18"
"41,45 : 746.02"
"41,46 : 330.65"
"41,47 : 717.54"
"41,48 : 874.01"
"41,49 : 246.56"
"42,0 : 332.1"
"42,1 : 893.15"
"42,2 : 945.78"
"42,3 : 338.79"
"42,4 : 851.08"
"42,5 : 934.38"
"42,6 : 480.89"
"42,7 : 920.64"
"42,8 : 705.28"
"42,9 : 795.04"
"42,10 : 755.5"
"42,11 : 1048.42"
"42,12 : 753.32"
"42,13 : 562.46"
"42,14 : 999.3"
"42,15 : 184.98"
"42,16 : 457.32"
"42,17 : 1037.46"
"42,18 : 660.38"
"42,19 : 544.92"
"42,20 : 983.95"
"42,21 : 886.84"
"42,22 : 775.81"
"42,23 : 577.51"
"42,24 : 302.2"
"42,25 : 981.05"
"42,26 : 155.18"
"42,27 : 839.91"
"42,28 : 479.0"
"42,29 : 732.53"
"42,30 : 714.41"
"42,31 : 933.04"
"42,32 : 323.97"
"42,33 : 1044.38"
"42,34 : 393.45"
"42,35 : 598.84"
"42,36 : 797.92"
"42,37 : 468.71"
"42,38 : 777.83"
"42,39 : 37.36"
"42,40 : 971.19"
"42,41 : 229.63"
"42,42 : 0.0"
"42,43 : 822.62"
"42,44 : 363.59"
"42,45 : 593.01"
"42,46 : 534.66"
"42,47 : 764.3"
"42,48 : 886.3"
"42,49 : 438.99"
"43,0 : 668.97"
"43,1 : 682.24"
"43,2 : 126.75"
"43,3 : 532.43"
"43,4 : 822.65"
"43,5 : 679.31"
"43,6 : 877.76"
"43,7 : 849.91"
"43,8 : 262.77"
"43,9 : 265.68"
"43,10 : 656.87"
"43,11 : 731.73"
"43,12 : 461.3"
"43,13 : 1079.22"
"43,14 : 177.89"
"43,15 : 644.19"
"43,16 : 452.55"
"43,17 : 662.95"
"43,18 : 535.46"
"43,19 : 352.67"
"43,20 : 431.24"
"43,21 : 459.51"
"43,22 : 942.41"
"43,23 : 626.12"
"43,24 : 522.39"
"43,25 : 272.5"
"43,26 : 719.59"
"43,27 : 641.34"
"43,28 : 476.17"
"43,29 : 950.08"
"43,30 : 909.56"
"43,31 : 721.28"
"43,32 : 543.31"
"43,33 : 886.85"
"43,34 : 975.88"
"43,35 : 303.99"
"43,36 : 818.15"
"43,37 : 363.82"
"43,38 : 849.78"
"43,39 : 801.83"
"43,40 : 673.55"
"43,41 : 938.54"
"43,42 : 822.62"
"43,43 : 0.0"
"43,44 : 613.12"
"43,45 : 261.84"
"43,46 : 1001.55"
"43,47 : 596.52"
"43,48 : 505.53"
"43,49 : 932.13"
"44,0 : 514.25"
"44,1 : 965.88"
"44,2 : 716.28"
"44,3 : 120.42"
"44,4 : 995.13"
"44,5 : 994.09"
"44,6 : 746.38"
"44,7 : 1055.99"
"44,8 : 619.69"
"44,9 : 704.81"
"44,10 : 853.15"
"44,11 : 1095.47"
"44,12 : 761.13"
"44,13 : 883.63"
"44,14 : 785.12"
"44,15 : 305.59"
"44,16 : 470.11"
"44,17 : 1058.64"
"44,18 : 720.59"
"44,19 : 264.27"
"44,20 : 920.65"
"44,21 : 864.07"
"44,22 : 989.84"
"44,23 : 698.57"
"44,24 : 280.86"
"44,25 : 845.32"
"44,26 : 208.43"
"44,27 : 909.38"
"44,28 : 150.0"
"44,29 : 961.53"
"44,30 : 932.06"
"44,31 : 1011.02"
"44,32 : 122.89"
"44,33 : 1157.3"
"44,34 : 720.84"
"44,35 : 319.41"
"44,36 : 954.84"
"44,37 : 274.96"
"44,38 : 953.51"
"44,39 : 327.06"
"44,40 : 1017.55"
"44,41 : 582.18"
"44,42 : 363.59"
"44,43 : 613.12"
"44,44 : 0.0"
"44,45 : 351.28"
"44,46 : 836.07"
"44,47 : 832.5"
"44,48 : 883.95"
"44,49 : 738.24"
"45,0 : 525.92"
"45,1 : 756.34"
"45,2 : 369.4"
"45,3 : 276.59"
"45,4 : 846.99"
"45,5 : 770.32"
"45,6 : 765.64"
"45,7 : 892.62"
"45,8 : 333.43"
"45,9 : 400.24"
"45,10 : 681.95"
"45,11 : 852.18"
"45,12 : 525.95"
"45,13 : 952.58"
"45,14 : 435.29"
"45,15 : 430.33"
"45,16 : 345.25"
"45,17 : 798.42"
"45,18 : 541.5"
"45,19 : 95.71"
"45,20 : 613.17"
"45,21 : 589.2"
"45,22 : 913.16"
"45,23 : 583.19"
"45,24 : 312.54"
"45,25 : 505.44"
"45,26 : 472.17"
"45,27 : 704.16"
"45,28 : 218.22"
"45,29 : 904.77"
"45,30 : 866.98"
"45,31 : 800.94"
"45,32 : 288.86"
"45,33 : 963.98"
"45,34 : 821.23"
"45,35 : 68.0"
"45,36 : 824.39"
"45,37 : 126.51"
"45,38 : 841.86"
"45,39 : 567.09"
"45,40 : 780.45"
"45,41 : 746.02"
"45,42 : 593.01"
"45,43 : 261.84"
"45,44 : 351.28"
"45,45 : 0.0"
"45,46 : 883.15"
"45,47 : 637.92"
"45,48 : 622.39"
"45,49 : 798.39"
"46,0 : 358.27"
"46,1 : 648.24"
"46,2 : 1123.06"
"46,3 : 751.53"
"46,4 : 503.84"
"46,5 : 697.57"
"46,6 : 123.99"
"46,7 : 568.5"
"46,8 : 765.91"
"46,9 : 825.4"
"46,10 : 521.85"
"46,11 : 802.51"
"46,12 : 661.85"
"46,13 : 81.84"
"46,14 : 1144.25"
"46,15 : 531.85"
"46,16 : 554.76"
"46,17 : 832.99"
"46,18 : 537.14"
"46,19 : 891.48"
"46,20 : 917.71"
"46,21 : 789.59"
"46,22 : 332.36"
"46,23 : 411.64"
"46,24 : 602.26"
"46,25 : 1019.08"
"46,26 : 656.53"
"46,27 : 618.01"
"46,28 : 891.58"
"46,29 : 275.19"
"46,30 : 283.78"
"46,31 : 668.17"
"46,32 : 739.45"
"46,33 : 700.04"
"46,34 : 155.42"
"46,35 : 926.39"
"46,36 : 446.22"
"46,37 : 772.17"
"46,38 : 400.53"
"46,39 : 566.6"
"46,40 : 744.89"
"46,41 : 330.65"
"46,42 : 534.66"
"46,43 : 1001.55"
"46,44 : 836.07"
"46,45 : 883.15"
"46,46 : 0.0"
"46,47 : 574.73"
"46,48 : 758.95"
"46,49 : 98.33"
"47,0 : 437.35"
"47,1 : 134.47"
"47,2 : 687.63"
"47,3 : 712.18"
"47,4 : 226.21"
"47,5 : 170.67"
"47,6 : 469.98"
"47,7 : 258.12"
"47,8 : 338.15"
"47,9 : 340.99"
"47,10 : 66.85"
"47,11 : 284.12"
"47,12 : 136.56"
"47,13 : 654.79"
"47,14 : 677.8"
"47,15 : 612.12"
"47,16 : 362.75"
"47,17 : 281.15"
"47,18 : 112.43"
"47,19 : 706.03"
"47,20 : 352.4"
"47,21 : 223.96"
"47,22 : 375.6"
"47,23 : 197.14"
"47,24 : 561.49"
"47,25 : 495.15"
"47,26 : 775.06"
"47,27 : 78.1"
"47,28 : 785.4"
"47,29 : 402.36"
"47,30 : 363.55"
"47,31 : 178.93"
"47,32 : 710.13"
"47,33 : 330.08"
"47,34 : 639.95"
"47,35 : 704.65"
"47,36 : 228.67"
"47,37 : 600.26"
"47,38 : 269.45"
"47,39 : 771.06"
"47,40 : 207.28"
"47,41 : 717.54"
"47,42 : 764.3"
"47,43 : 596.52"
"47,44 : 832.5"
"47,45 : 637.92"
"47,46 : 574.73"
"47,47 : 0.0"
"47,48 : 186.3"
"47,49 : 557.33"
"48,0 : 578.08"
"48,1 : 193.54"
"48,2 : 570.51"
"48,3 : 765.6"
"48,4 : 373.13"
"48,5 : 177.55"
"48,6 : 650.3"
"48,7 : 375.29"
