x,y
699,901
324,244
321,449
518,299
376,998
914,14
384,498
522,589
641,336
568,907
455,779
553,12
940,861
390,20
580,55
204,586
823,586
481,98
995,971
45,578
745,919
617,592
88,918
332,754
204,99
430,892
939,888
812,639
487,493
799,720
878,198
342,302
217,627
908,718
775,226
917,406
313,648
726,546
502,972
878,437
50,40
785,550
217,745
979,220
585,721
287,683
661,650
516,466
228,134
252,845

Distanze
"0,0 : 0.0"
"0,1 : 756.49"
"0,2 : 589.23"
"0,3 : 628.62"
"0,4 : 337.25"
"0,5 : 912.69"
"0,6 : 511.5"
"0,7 : 358.71"
"0,8 : 567.97"
"0,9 : 131.14"
"0,10 : 272.8"
"0,11 : 900.91"
"0,12 : 244.3"
"0,13 : 933.62"
"0,14 : 854.33"
"0,15 : 586.73"
"0,16 : 338.53"
"0,17 : 832.07"
"0,18 : 304.16"
"0,19 : 729.41"
"0,20 : 49.4"
"0,21 : 319.7"
"0,22 : 611.24"
"0,23 : 395.35"
"0,24 : 942.46"
"0,25 : 269.15"
"0,26 : 240.35"
"0,27 : 285.33"
"0,28 : 459.79"
"0,29 : 206.79"
"0,30 : 725.43"
"0,31 : 697.32"
"0,32 : 554.44"
"0,33 : 277.79"
"0,34 : 679.27"
"0,35 : 540.88"
"0,36 : 461.52"
"0,37 : 356.03"
"0,38 : 209.4"
"0,39 : 497.33"
"0,40 : 1078.2"
"0,41 : 361.38"
"0,42 : 506.62"
"0,43 : 736.32"
"0,44 : 213.06"
"0,45 : 466.12"
"0,46 : 253.86"
"0,47 : 471.93"
"0,48 : 900.07"
"0,49 : 450.49"
"1,0 : 756.49"
"1,1 : 0.0"
"1,2 : 205.02"
"1,3 : 201.65"
"1,4 : 755.79"
"1,5 : 633.25"
"1,6 : 260.99"
"1,7 : 397.78"
"1,8 : 330.08"
"1,9 : 706.47"
"1,10 : 550.8"
"1,11 : 325.98"
"1,12 : 871.86"
"1,13 : 233.52"
"1,14 : 318.21"
"1,15 : 362.44"
"1,16 : 604.95"
"1,17 : 214.39"
"1,18 : 989.33"
"1,19 : 435.2"
"1,20 : 795.53"
"1,21 : 454.92"
"1,22 : 714.12"
"1,23 : 510.06"
"1,24 : 188.22"
"1,25 : 656.61"
"1,26 : 890.48"
"1,27 : 627.83"
"1,28 : 297.61"
"1,29 : 672.46"
"1,30 : 555.91"
"1,31 : 60.73"
"1,32 : 397.67"
"1,33 : 752.15"
"1,34 : 451.36"
"1,35 : 614.73"
"1,36 : 404.15"
"1,37 : 502.8"
"1,38 : 749.45"
"1,39 : 586.66"
"1,40 : 341.6"
"1,41 : 553.31"
"1,42 : 512.3"
"1,43 : 655.44"
"1,44 : 543.74"
"1,45 : 440.56"
"1,46 : 527.64"
"1,47 : 293.51"
"1,48 : 146.0"
"1,49 : 605.3"
"2,0 : 589.23"
"2,1 : 205.02"
"2,2 : 0.0"
"2,3 : 247.61"
"2,4 : 551.75"
"2,5 : 735.44"
"2,6 : 79.81"
"2,7 : 244.95"
"2,8 : 339.37"
"2,9 : 520.36"
"2,10 : 356.17"
"2,11 : 494.77"
"2,12 : 743.58"
"2,13 : 434.51"
"2,14 : 471.51"
"2,15 : 180.16"
"2,16 : 520.36"
"2,17 : 385.75"
"2,18 : 852.5"
"2,19 : 304.66"
"2,20 : 632.99"
"2,21 : 328.73"
"2,22 : 523.69"
"2,23 : 305.2"
"2,24 : 369.04"
"2,25 : 456.21"
"2,26 : 758.05"
"2,27 : 526.48"
"2,28 : 171.73"
"2,29 : 549.48"
"2,30 : 610.94"
"2,31 : 148.49"
"2,32 : 206.16"
"2,33 : 645.7"
"2,34 : 505.81"
"2,35 : 597.55"
"2,36 : 199.16"
"2,37 : 416.45"
"2,38 : 553.43"
"2,39 : 557.13"
"2,40 : 490.63"
"2,41 : 474.87"
"2,42 : 313.74"
"2,43 : 696.71"
"2,44 : 379.05"
"2,45 : 236.46"
"2,46 : 394.97"
"2,47 : 195.74"
"2,48 : 328.44"
"2,49 : 401.97"
"3,0 : 628.62"
"3,1 : 201.65"
"3,2 : 247.61"
"3,3 : 0.0"
"3,4 : 713.28"
"3,5 : 487.89"
"3,6 : 239.91"
"3,7 : 290.03"
"3,8 : 128.44"
"3,9 : 610.05"
"3,10 : 484.12"
"3,11 : 289.13"
"3,12 : 702.8"
"3,13 : 306.96"
"3,14 : 251.75"
"3,15 : 425.4"
"3,16 : 418.8"
"3,17 : 204.38"
"3,18 : 824.08"
"3,19 : 549.15"
"3,20 : 660.25"
"3,21 : 309.27"
"3,22 : 753.7"
"3,23 : 491.55"
"3,24 : 372.28"
"3,25 : 599.49"
"3,26 : 723.99"
"3,27 : 449.48"
"3,28 : 196.46"
"3,29 : 506.16"
"3,30 : 373.9"
"3,31 : 176.03"
"3,32 : 445.18"
"3,33 : 572.42"
"3,34 : 267.17"
"3,35 : 413.1"
"3,36 : 404.75"
"3,37 : 322.91"
"3,38 : 673.19"
"3,39 : 385.54"
"3,40 : 534.89"
"3,41 : 366.46"
"3,42 : 538.07"
"3,43 : 467.72"
"3,44 : 427.29"
"3,45 : 448.13"
"3,46 : 379.01"
"3,47 : 167.01"
"3,48 : 333.65"
"3,49 : 607.35"
"4,0 : 337.25"
"4,1 : 755.79"
"4,2 : 551.75"
"4,3 : 713.28"
"4,4 : 0.0"
"4,5 : 1121.47"
"4,6 : 500.06"
"4,7 : 434.28"
"4,8 : 713.07"
"4,9 : 212.47"
"4,10 : 232.81"
"4,11 : 1001.76"
"4,12 : 580.4"
"4,13 : 978.1"
"4,14 : 964.81"
"4,15 : 446.46"
"4,16 : 607.91"
"4,17 : 906.1"
"4,18 : 619.59"
"4,19 : 534.75"
"4,20 : 377.36"
"4,21 : 472.14"
"4,22 : 298.9"
"4,23 : 247.94"
"4,24 : 915.31"
"4,25 : 118.96"
"4,26 : 573.65"
"4,27 : 564.78"
"4,28 : 517.06"
"4,29 : 506.17"
"4,30 : 944.46"
"4,31 : 696.83"
"4,32 : 403.64"
"4,33 : 601.19"
"4,34 : 869.01"
"4,35 : 801.96"
"4,36 : 355.62"
"4,37 : 571.67"
"4,38 : 128.65"
"4,39 : 752.81"
"4,40 : 1011.95"
"4,41 : 606.62"
"4,42 : 298.81"
"4,43 : 984.32"
"4,44 : 347.0"
"4,45 : 327.33"
"4,46 : 449.81"
"4,47 : 550.11"
"4,48 : 876.58"
"4,49 : 196.94"
"5,0 : 912.69"
"5,1 : 633.25"
"5,2 : 735.44"
"5,3 : 487.89"
"5,4 : 1121.47"
"5,5 : 0.0"
"5,6 : 717.74"
"5,7 : 695.91"
"5,8 : 422.15"
"5,9 : 957.69"
"5,10 : 892.14"
"5,11 : 361.01"
"5,12 : 847.4"
"5,13 : 524.03"
"5,14 : 336.51"
"5,15 : 911.75"
"5,16 : 579.19"
"5,17 : 441.07"
"5,18 : 960.42"
"5,19 : 1035.98"
"5,20 : 920.64"
"5,21 : 649.84"
"5,22 : 1224.54"
"5,23 : 941.45"
"5,24 : 715.07"
"5,25 : 1002.57"
"5,26 : 874.36"
"5,27 : 633.27"
"5,28 : 641.69"
"5,29 : 715.3"
"5,30 : 187.49"
"5,31 : 640.41"
"5,32 : 928.21"
"5,33 : 704.03"
"5,34 : 253.51"
"5,35 : 392.01"
"5,36 : 873.59"
"5,37 : 564.24"
"5,38 : 1042.84"
"5,39 : 424.53"
"5,40 : 864.39"
"5,41 : 551.3"
"5,42 : 1010.03"
"5,43 : 216.01"
"5,44 : 779.8"
"5,45 : 916.89"
"5,46 : 684.47"
"5,47 : 602.25"
"5,48 : 696.42"
"5,49 : 1062.45"
"6,0 : 511.5"
"6,1 : 260.99"
"6,2 : 79.81"
"6,3 : 239.91"
"6,4 : 500.06"
"6,5 : 717.74"
"6,6 : 0.0"
"6,7 : 165.3"
"6,8 : 303.8"
"6,9 : 448.48"
"6,10 : 289.83"
"6,11 : 514.55"
"6,12 : 664.01"
"6,13 : 478.04"
"6,14 : 484.42"
"6,15 : 200.36"
"6,16 : 447.73"
"6,17 : 411.59"
"6,18 : 772.69"
"6,19 : 348.31"
"6,20 : 554.58"
"6,21 : 251.25"
"6,22 : 513.82"
"6,23 : 261.23"
"6,24 : 437.72"
"6,25 : 396.68"
"6,26 : 678.33"
"6,27 : 450.63"
"6,28 : 103.12"
"6,29 : 470.65"
"6,30 : 577.96"
"6,31 : 200.45"
"6,32 : 211.02"
"6,33 : 568.31"
"6,34 : 476.3"
"6,35 : 540.88"
"6,36 : 165.95"
"6,37 : 345.35"
"6,38 : 488.47"
"6,39 : 497.75"
"6,40 : 566.85"
"6,41 : 404.36"
"6,42 : 298.16"
"6,43 : 656.74"
"6,44 : 300.22"
"6,45 : 208.89"
"6,46 : 315.96"
"6,47 : 135.82"
"6,48 : 396.02"
"6,49 : 371.26"
"7,0 : 358.71"
"7,1 : 397.78"
"7,2 : 244.95"
"7,3 : 290.03"
"7,4 : 434.28"
"7,5 : 695.91"
"7,6 : 165.3"
"7,7 : 0.0"
"7,8 : 279.59"
"7,9 : 321.31"
"7,10 : 201.47"
"7,11 : 577.83"
"7,12 : 498.71"
"7,13 : 584.11"
"7,14 : 537.14"
"7,15 : 318.01"
"7,16 : 301.01"
"7,17 : 492.71"
"7,18 : 607.99"
"7,19 : 477.13"
"7,20 : 398.28"
"7,21 : 95.05"
"7,22 : 544.61"
"7,23 : 251.64"
"7,24 : 584.14"
"7,25 : 316.66"
"7,26 : 513.12"
"7,27 : 294.28"
"7,28 : 102.18"
"7,29 : 306.41"
"7,30 : 528.79"
"7,31 : 338.78"
"7,32 : 307.36"
"7,33 : 406.99"
"7,34 : 442.47"
"7,35 : 435.33"
"7,36 : 217.17"
"7,37 : 208.48"
"7,38 : 383.52"
"7,39 : 387.09"
"7,40 : 724.01"
"7,41 : 265.88"
"7,42 : 342.58"
"7,43 : 587.38"
"7,44 : 146.26"
"7,45 : 253.1"
"7,46 : 151.8"
"7,47 : 123.15"
"7,48 : 541.72"
"7,49 : 372.07"
"8,0 : 567.97"
"8,1 : 330.08"
"8,2 : 339.37"
"8,3 : 128.44"
"8,4 : 713.07"
"8,5 : 422.15"
"8,6 : 303.8"
"8,7 : 279.59"
"8,8 : 0.0"
"8,9 : 575.65"
"8,10 : 480.46"
"8,11 : 335.74"
"8,12 : 604.17"
"8,13 : 403.56"
"8,14 : 287.54"
"8,15 : 503.46"
"8,16 : 309.23"
"8,17 : 286.78"
"8,18 : 727.01"
"8,19 : 643.26"
"8,20 : 592.2"
"8,21 : 257.12"
"8,22 : 802.83"
"8,23 : 519.81"
"8,24 : 497.13"
"8,25 : 594.69"
"8,26 : 627.3"
"8,27 : 347.92"
"8,28 : 219.92"
"8,29 : 415.23"
"8,30 : 274.25"
"8,31 : 300.93"
"8,32 : 514.25"
"8,33 : 466.06"
"8,34 : 173.37"
"8,35 : 284.74"
"8,36 : 452.69"
"8,37 : 226.55"
"8,38 : 651.01"
"8,39 : 257.62"
"8,40 : 660.98"
"8,41 : 257.94"
"8,42 : 589.12"
"8,43 : 357.35"
"8,44 : 389.05"
"8,45 : 495.71"
"8,46 : 314.64"
"8,47 : 180.35"
"8,48 : 459.75"
"8,49 : 640.63"
"9,0 : 131.14"
"9,1 : 706.47"
"9,2 : 520.36"
"9,3 : 610.05"
"9,4 : 212.47"
"9,5 : 957.69"
"9,6 : 448.48"
"9,7 : 321.31"
"9,8 : 575.65"
"9,9 : 0.0"
"9,10 : 170.74"
"9,11 : 895.13"
"9,12 : 374.83"
"9,13 : 904.68"
"9,14 : 852.08"
"9,15 : 485.32"
"9,16 : 409.96"
"9,17 : 813.66"
"9,18 : 431.77"
"9,19 : 617.88"
"9,20 : 177.41"
"9,21 : 318.79"
"9,22 : 480.13"
"9,23 : 281.26"
"9,24 : 886.21"
"9,25 : 138.81"
"9,26 : 371.49"
"9,27 : 362.44"
"9,28 : 421.85"
"9,29 : 297.2"
"9,30 : 773.81"
"9,31 : 645.83"
"9,32 : 449.0"
"9,33 : 389.0"
"9,34 : 711.77"
"9,35 : 610.58"
"9,36 : 363.46"
"9,37 : 394.06"
"9,38 : 92.63"
"9,39 : 563.03"
"9,40 : 1009.96"
"9,41 : 417.78"
"9,42 : 386.58"
"9,43 : 800.56"
"9,44 : 186.78"
"9,45 : 359.36"
"9,46 : 273.31"
"9,47 : 444.06"
"9,48 : 844.47"
"9,49 : 322.02"
"10,0 : 272.8"
"10,1 : 550.8"
"10,2 : 356.17"
"10,3 : 484.12"
"10,4 : 232.81"
"10,5 : 892.14"
"10,6 : 289.83"
"10,7 : 201.47"
"10,8 : 480.46"
"10,9 : 170.74"
"10,10 : 0.0"
"10,11 : 773.24"
"10,12 : 491.88"
"10,13 : 761.78"
"10,14 : 734.71"
"10,15 : 316.62"
"10,16 : 415.54"
"10,17 : 681.5"
"10,18 : 573.12"
"10,19 : 456.62"
"10,20 : 322.02"
"10,21 : 247.41"
"10,22 : 392.44"
"10,23 : 125.51"
"10,24 : 724.85"
"10,25 : 115.73"
"10,26 : 496.12"
"10,27 : 383.47"
"10,28 : 287.78"
"10,29 : 349.02"
"10,30 : 718.67"
"10,31 : 490.2"
"10,32 : 282.4"
"10,33 : 457.09"
"10,34 : 638.91"
"10,35 : 593.78"
"10,36 : 193.2"
"10,37 : 357.39"
"10,38 : 198.64"
"10,39 : 543.96"
"10,40 : 842.7"
"10,41 : 401.67"
"10,42 : 240.42"
"10,43 : 766.2"
"10,44 : 142.35"
"10,45 : 193.49"
"10,46 : 243.06"
"10,47 : 318.89"
"10,48 : 683.78"
"10,49 : 213.46"
"11,0 : 900.91"
"11,1 : 325.98"
"11,2 : 494.77"
"11,3 : 289.13"
"11,4 : 1001.76"
"11,5 : 361.01"
"11,6 : 514.55"
"11,7 : 577.83"
"11,8 : 335.74"
"11,9 : 895.13"
"11,10 : 773.24"
"11,11 : 0.0"
"11,12 : 933.04"
"11,13 : 163.2"
"11,14 : 50.77"
"11,15 : 671.77"
"11,16 : 634.33"
"11,17 : 112.16"
"11,18 : 1055.96"
"11,19 : 760.54"
"11,20 : 927.1"
"11,21 : 583.52"
"11,22 : 1018.36"
"11,23 : 774.21"
"11,24 : 359.68"
"11,25 : 888.55"
"11,26 : 957.27"
"11,27 : 678.39"
"11,28 : 485.51"
"11,29 : 749.52"
"11,30 : 374.46"
"11,31 : 358.64"
"11,32 : 700.8"
"11,33 : 790.23"
"11,34 : 308.35"
"11,35 : 536.41"
"11,36 : 679.78"
"11,37 : 561.32"
"11,38 : 961.35"
"11,39 : 535.02"
"11,40 : 503.78"
"11,41 : 585.89"
"11,42 : 806.34"
"11,43 : 474.07"
"11,44 : 709.72"
"11,45 : 721.8"
"11,46 : 647.08"
"11,47 : 455.51"
"11,48 : 347.14"
"11,49 : 885.71"
"12,0 : 244.3"
"12,1 : 871.86"
"12,2 : 743.58"
"12,3 : 702.8"
"12,4 : 580.4"
"12,5 : 847.4"
"12,6 : 664.01"
"12,7 : 498.71"
"12,8 : 604.17"
"12,9 : 374.83"
"12,10 : 491.88"
"12,11 : 933.04"
"12,12 : 0.0"
"12,13 : 1004.88"
"12,14 : 882.74"
"12,15 : 785.7"
"12,16 : 298.85"
"12,17 : 890.42"
"12,18 : 122.98"
"12,19 : 938.68"
"12,20 : 203.44"
"12,21 : 420.35"
"12,22 : 853.9"
"12,23 : 617.34"
"12,24 : 1059.41"
"12,25 : 510.94"
"12,26 : 27.02"
"12,27 : 256.26"
"12,28 : 583.64"
"12,29 : 199.4"
"12,30 : 665.89"
"12,31 : 818.59"
"12,32 : 759.92"
"12,33 : 146.54"
"12,34 : 656.09"
"12,35 : 455.58"
"12,36 : 662.19"
"12,37 : 380.82"
"12,38 : 451.85"
"12,39 : 428.51"
"12,40 : 1210.84"
"12,41 : 347.49"
"12,42 : 732.25"
"12,43 : 642.19"
"12,44 : 381.61"
"12,45 : 676.83"
"12,46 : 349.8"
"12,47 : 579.48"
"12,48 : 1017.58"
"12,49 : 688.19"
"13,0 : 933.62"
"13,1 : 233.52"
"13,2 : 434.51"
"13,3 : 306.96"
"13,4 : 978.1"
"13,5 : 524.03"
"13,6 : 478.04"
"13,7 : 584.11"
"13,8 : 403.56"
"13,9 : 904.68"
"13,10 : 761.78"
"13,11 : 163.2"
"13,12 : 1004.88"
"13,13 : 0.0"
"13,14 : 193.2"
"13,15 : 595.78"
"13,16 : 712.63"
"13,17 : 119.85"
"13,18 : 1127.13"
"13,19 : 656.04"
"13,20 : 966.55"
"13,21 : 615.4"
"13,22 : 947.42"
"13,23 : 736.29"
"13,24 : 202.08"
"13,25 : 872.92"
"13,26 : 1027.05"
"13,27 : 749.16"
"13,28 : 482.84"
"13,29 : 810.73"
"13,30 : 519.45"
"13,31 : 286.06"
"13,32 : 631.17"
"13,33 : 869.21"
"13,34 : 436.65"
"13,35 : 653.24"
"13,36 : 632.7"
"13,37 : 624.16"
"13,38 : 958.57"
"13,39 : 641.9"
"13,40 : 340.59"
"13,41 : 661.0"
"13,42 : 745.35"
"13,43 : 622.03"
"13,44 : 727.62"
"13,45 : 670.95"
"13,46 : 685.81"
"13,47 : 463.46"
"13,48 : 198.09"
"13,49 : 836.46"
"14,0 : 854.33"
"14,1 : 318.21"
"14,2 : 471.51"
"14,3 : 251.75"
"14,4 : 964.81"
"14,5 : 336.51"
"14,6 : 484.42"
"14,7 : 537.14"
"14,8 : 287.54"
"14,9 : 852.08"
"14,10 : 734.71"
"14,11 : 50.77"
"14,12 : 882.74"
"14,13 : 193.2"
"14,14 : 0.0"
"14,15 : 650.64"
"14,16 : 583.96"
"14,17 : 107.94"
"14,18 : 1005.62"
"14,19 : 748.17"
"14,20 : 879.61"
"14,21 : 538.27"
"14,22 : 993.39"
"14,23 : 741.69"
"14,24 : 378.57"
"14,25 : 850.33"
"14,26 : 907.07"
"14,27 : 628.39"
"14,28 : 447.76"
"14,29 : 700.13"
"14,30 : 330.53"
"14,31 : 343.01"
"14,32 : 677.46"
"14,33 : 739.7"
"14,34 : 259.36"
"14,35 : 486.59"
"14,36 : 650.34"
"14,37 : 512.25"
"14,38 : 920.31"
"14,39 : 484.49"
"14,40 : 530.21"
"14,41 : 535.77"
"14,42 : 779.66"
"14,43 : 431.77"
"14,44 : 666.02"
"14,45 : 692.99"
"14,46 : 600.49"
"14,47 : 415.95"
"14,48 : 360.76"
"14,49 : 855.39"
"15,0 : 586.73"
"15,1 : 362.44"
"15,2 : 180.16"
"15,3 : 425.4"
"15,4 : 446.46"
"15,5 : 911.75"
"15,6 : 200.36"
"15,7 : 318.01"
"15,8 : 503.46"
"15,9 : 485.32"
"15,10 : 316.62"
"15,11 : 671.77"
"15,12 : 785.7"
"15,13 : 595.78"
"15,14 : 650.64"
"15,15 : 0.0"
"15,16 : 619.0"
"15,17 : 561.14"
"15,18 : 879.72"
"15,19 : 159.2"
"15,20 : 635.27"
"15,21 : 413.04"
"15,22 : 351.68"
"15,23 : 211.21"
"15,24 : 487.0"
"15,25 : 380.41"
"15,26 : 794.63"
"15,27 : 610.31"
"15,28 : 297.89"
"15,29 : 609.9"
"15,30 : 777.7"
"15,31 : 315.75"
"15,32 : 43.01"
"15,33 : 716.27"
"15,34 : 675.01"
"15,35 : 735.37"
"15,36 : 125.4"
"15,37 : 523.53"
"15,38 : 487.65"
"15,39 : 690.27"
"15,40 : 567.3"
"15,41 : 582.11"
"15,42 : 159.53"
"15,43 : 857.08"
"15,44 : 404.21"
"15,45 : 127.66"
"15,46 : 461.46"
"15,47 : 334.28"
"15,48 : 452.64"
"15,49 : 263.41"
"16,0 : 338.53"
"16,1 : 604.95"
"16,2 : 520.36"
"16,3 : 418.8"
"16,4 : 607.91"
"16,5 : 579.19"
"16,6 : 447.73"
"16,7 : 301.01"
"16,8 : 309.23"
"16,9 : 409.96"
"16,10 : 415.54"
"16,11 : 634.33"
"16,12 : 298.85"
"16,13 : 712.63"
"16,14 : 583.96"
"16,15 : 619.0"
"16,16 : 0.0"
"16,17 : 595.91"
"16,18 : 421.67"
"16,19 : 778.04"
"16,20 : 342.01"
"16,21 : 206.09"
"16,22 : 806.5"
"16,23 : 518.95"
"16,24 : 787.61"
"16,25 : 498.08"
"16,26 : 323.51"
"16,27 : 54.13"
"16,28 : 348.63"
"16,29 : 136.13"
"16,30 : 391.88"
"16,31 : 558.58"
"16,32 : 607.39"
"16,33 : 157.0"
"16,34 : 363.19"
"16,35 : 203.07"
"16,36 : 513.75"
"16,37 : 104.92"
"16,38 : 502.03"
"16,39 : 158.83"
"16,40 : 946.39"
"16,41 : 52.35"
"16,42 : 626.51"
"16,43 : 397.86"
"16,44 : 273.62"
"16,45 : 544.71"
"16,46 : 174.18"
"16,47 : 329.62"
"16,48 : 747.21"
"16,49 : 626.99"
"17,0 : 832.07"
"17,1 : 214.39"
"17,2 : 385.75"
"17,3 : 204.38"
"17,4 : 906.1"
"17,5 : 441.07"
"17,6 : 411.59"
"17,7 : 492.71"
"17,8 : 286.78"
"17,9 : 813.66"
"17,10 : 681.5"
"17,11 : 112.16"
"17,12 : 890.42"
"17,13 : 119.85"
"17,14 : 107.94"
"17,15 : 561.14"
"17,16 : 595.91"
"17,17 : 0.0"
"17,18 : 1013.08"
"17,19 : 648.46"
"17,20 : 862.4"
"17,21 : 512.38"
"17,22 : 909.31"
"17,23 : 672.71"
"17,24 : 277.0"
"17,25 : 795.64"
"17,26 : 913.16"
"17,27 : 634.23"
"17,28 : 395.05"
"17,29 : 698.58"
"17,30 : 409.4"
"17,31 : 246.85"
"17,32 : 591.22"
"17,33 : 752.81"
"17,34 : 320.66"
"17,35 : 533.82"
"17,36 : 575.09"
"17,37 : 510.62"
"17,38 : 874.25"
"17,39 : 522.04"
"17,40 : 434.89"
"17,41 : 544.72"
"17,42 : 698.79"
"17,43 : 512.73"
"17,44 : 631.62"
"17,45 : 616.33"
"17,46 : 580.61"
"17,47 : 369.66"
"17,48 : 255.55"
"17,49 : 781.31"
"18,0 : 304.16"
"18,1 : 989.33"
"18,2 : 852.5"
"18,3 : 824.08"
"18,4 : 619.59"
"18,5 : 960.42"
"18,6 : 772.69"
"18,7 : 607.99"
"18,8 : 727.01"
"18,9 : 431.77"
"18,10 : 573.12"
"18,11 : 1055.96"
"18,12 : 122.98"
"18,13 : 1127.13"
"18,14 : 1005.62"
"18,15 : 879.72"
"18,16 : 421.67"
"18,17 : 1013.08"
"18,18 : 0.0"
"18,19 : 1028.08"
"18,20 : 255.35"
"18,21 : 535.28"
"18,22 : 908.55"
"18,23 : 697.61"
"18,24 : 1177.31"
"18,25 : 570.5"
"18,26 : 100.12"
"18,27 : 379.09"
"18,28 : 697.53"
"18,29 : 318.46"
"18,30 : 781.8"
"18,31 : 934.86"
"18,32 : 850.66"
"18,33 : 267.54"
"18,34 : 776.8"
"18,35 : 570.36"
"18,36 : 754.62"
"18,37 : 502.98"
"18,38 : 493.0"
"18,39 : 546.67"
"18,40 : 1326.57"
"18,41 : 470.47"
"18,42 : 810.16"
"18,43 : 751.17"
"18,44 : 480.21"
"18,45 : 764.34"
"18,46 : 463.25"
"18,47 : 696.04"
"18,48 : 1135.28"
"18,49 : 753.61"
"19,0 : 729.41"
"19,1 : 435.2"
"19,2 : 304.66"
"19,3 : 549.15"
"19,4 : 534.75"
"19,5 : 1035.98"
"19,6 : 348.31"
"19,7 : 477.13"
"19,8 : 643.26"
"19,9 : 617.88"
"19,10 : 456.62"
"19,11 : 760.54"
"19,12 : 938.68"
"19,13 : 656.04"
"19,14 : 748.17"
"19,15 : 159.2"
"19,16 : 778.04"
"19,17 : 648.46"
"19,18 : 1028.08"
"19,19 : 0.0"
"19,20 : 778.64"
"19,21 : 572.17"
"19,22 : 342.71"
"19,23 : 336.67"
"19,24 : 504.7"
"19,25 : 496.81"
"19,26 : 946.22"
"19,27 : 769.42"
"19,28 : 450.1"
"19,29 : 767.25"
"19,30 : 915.58"
"19,31 : 405.44"
"19,32 : 178.84"
"19,33 : 874.28"
"19,34 : 810.43"
"19,35 : 888.8"
"19,36 : 276.99"
"19,37 : 681.75"
"19,38 : 603.39"
"19,39 : 844.85"
"19,40 : 538.02"
"19,41 : 740.53"
"19,42 : 239.74"
"19,43 : 1000.26"
"19,44 : 558.61"
"19,45 : 263.8"
"19,46 : 620.19"
"19,47 : 484.13"
"19,48 : 480.23"
"19,49 : 337.84"
"20,0 : 49.4"
"20,1 : 795.53"
"20,2 : 632.99"
"20,3 : 660.25"
"20,4 : 377.36"
"20,5 : 920.64"
"20,6 : 554.58"
"20,7 : 398.28"
"20,8 : 592.2"
"20,9 : 177.41"
"20,10 : 322.02"
"20,11 : 927.1"
"20,12 : 203.44"
"20,13 : 966.55"
"20,14 : 879.61"
"20,15 : 635.27"
"20,16 : 342.01"
"20,17 : 862.4"
"20,18 : 255.35"
"20,19 : 778.64"
"20,20 : 0.0"
"20,21 : 351.16"
"20,22 : 657.0"
"20,23 : 444.74"
"20,24 : 982.39"
"20,25 : 316.16"
"20,26 : 196.46"
"20,27 : 287.9"
"20,28 : 498.04"
"20,29 : 206.2"
"20,30 : 733.16"
"20,31 : 736.95"
"20,32 : 603.36"
"20,33 : 258.79"
"20,34 : 693.65"
"20,35 : 541.07"
"20,36 : 509.97"
"20,37 : 373.48"
"20,38 : 248.71"
"20,39 : 500.01"
"20,40 : 1120.57"
"20,41 : 371.16"
"20,42 : 555.93"
"20,43 : 737.13"
"20,44 : 254.57"
"20,45 : 515.23"
"20,46 : 281.81"
"20,47 : 507.59"
"20,48 : 939.95"
"20,49 : 498.52"
"21,0 : 319.7"
"21,1 : 454.92"
"21,2 : 328.73"
"21,3 : 309.27"
"21,4 : 472.14"
"21,5 : 649.84"
"21,6 : 251.25"
"21,7 : 95.05"
"21,8 : 257.12"
"21,9 : 318.79"
"21,10 : 247.41"
"21,11 : 583.52"
"21,12 : 420.35"
"21,13 : 615.4"
"21,14 : 538.27"
"21,15 : 413.04"
"21,16 : 206.09"
"21,17 : 512.38"
"21,18 : 535.28"
"21,19 : 572.17"
"21,20 : 351.16"
"21,21 : 0.0"
"21,22 : 621.38"
"21,23 : 327.82"
"21,24 : 643.13"
"21,25 : 353.51"
"21,26 : 437.38"
"21,27 : 200.58"
"21,28 : 163.4"
"21,29 : 222.5"
"21,30 : 472.61"
"21,31 : 399.66"
"21,32 : 401.53"
"21,33 : 317.11"
"21,34 : 398.65"
"21,35 : 352.98"
"21,36 : 309.11"
"21,37 : 118.31"
"21,38 : 397.02"
"21,39 : 303.56"
"21,40 : 791.32"
"21,41 : 173.17"
"21,42 : 428.26"
"21,43 : 519.06"
"21,44 : 132.91"
"21,45 : 342.32"
"21,46 : 72.8"
"21,47 : 161.48"
"21,48 : 600.9"
"21,49 : 444.11"
"22,0 : 611.24"
"22,1 : 714.12"
"22,2 : 523.69"
"22,3 : 753.7"
"22,4 : 298.9"
"22,5 : 1224.54"
"22,6 : 513.82"
"22,7 : 544.61"
"22,8 : 802.83"
"22,9 : 480.13"
"22,10 : 392.44"
"22,11 : 1018.36"
"22,12 : 853.9"
"22,13 : 947.42"
"22,14 : 993.39"
"22,15 : 351.68"
"22,16 : 806.5"
"22,17 : 909.31"
"22,18 : 908.55"
"22,19 : 342.71"
"22,20 : 657.0"
"22,21 : 621.38"
"22,22 : 0.0"
"22,23 : 293.99"
"22,24 : 827.17"
"22,25 : 342.99"
"22,26 : 851.53"
"22,27 : 775.9"
"22,28 : 582.95"
"22,29 : 738.05"
"22,30 : 1068.88"
"22,31 : 666.31"
"22,32 : 318.31"
"22,33 : 844.04"
"22,34 : 975.11"
"22,35 : 974.36"
"22,36 : 351.46"
"22,37 : 738.53"
"22,38 : 417.51"
"22,39 : 924.91"
"22,40 : 878.82"
"22,41 : 788.18"
"22,42 : 215.8"
"22,43 : 1131.85"
"22,44 : 534.62"
"22,45 : 307.94"
"22,46 : 632.58"
"22,47 : 622.49"
"22,48 : 796.4"
"22,49 : 179.51"
"23,0 : 395.35"
"23,1 : 510.06"
"23,2 : 305.2"
"23,3 : 491.55"
"23,4 : 247.94"
"23,5 : 941.45"
"23,6 : 261.23"
"23,7 : 251.64"
"23,8 : 519.81"
"23,9 : 281.26"
"23,10 : 125.51"
"23,11 : 774.21"
"23,12 : 617.34"
"23,13 : 736.29"
"23,14 : 741.69"
"23,15 : 211.21"
"23,16 : 518.95"
"23,17 : 672.71"
"23,18 : 697.61"
"23,19 : 336.67"
"23,20 : 444.74"
"23,21 : 327.82"
"23,22 : 293.99"
"23,23 : 0.0"
"23,24 : 667.39"
"23,25 : 169.26"
"23,26 : 621.61"
"23,27 : 493.58"
"23,28 : 303.56"
"23,29 : 468.24"
"23,30 : 779.26"
"23,31 : 452.11"
"23,32 : 171.33"
"23,33 : 577.12"
"23,34 : 689.23"
"23,35 : 680.68"
"23,36 : 107.69"
"23,37 : 445.53"
"23,38 : 276.45"
"23,39 : 631.35"
"23,40 : 767.67"
"23,41 : 496.81"
"23,42 : 115.35"
"23,43 : 838.91"
"23,44 : 255.14"
"23,45 : 84.06"
"23,46 : 345.05"
"23,47 : 341.76"
"23,48 : 628.66"
"23,49 : 121.17"
"24,0 : 942.46"
"24,1 : 188.22"
"24,2 : 369.04"
"24,3 : 372.28"
"24,4 : 915.31"
"24,5 : 715.07"
"24,6 : 437.72"
"24,7 : 584.14"
"24,8 : 497.13"
"24,9 : 886.21"
"24,10 : 724.85"
"24,11 : 359.68"
"24,12 : 1059.41"
"24,13 : 202.08"
"24,14 : 378.57"
"24,15 : 487.0"
"24,16 : 787.61"
"24,17 : 277.0"
"24,18 : 1177.31"
"24,19 : 504.7"
"24,20 : 982.39"
"24,21 : 643.13"
"24,22 : 827.17"
"24,23 : 667.39"
"24,24 : 0.0"
"24,25 : 824.58"
"24,26 : 1078.31"
"24,27 : 813.18"
"24,28 : 485.1"
"24,29 : 860.04"
"24,30 : 681.23"
"24,31 : 245.46"
"24,32 : 528.16"
"24,33 : 937.43"
"24,34 : 584.95"
"24,35 : 776.28"
"24,36 : 559.72"
"24,37 : 687.24"
"24,38 : 922.46"
"24,39 : 754.0"
"24,40 : 164.92"
"24,41 : 735.5"
"24,42 : 646.13"
"24,43 : 784.39"
"24,44 : 729.41"
"24,45 : 589.87"
"24,46 : 715.86"
"24,47 : 481.7"
"24,48 : 42.44"
"24,49 : 747.54"
"25,0 : 269.15"
"25,1 : 656.61"
"25,2 : 456.21"
"25,3 : 599.49"
"25,4 : 118.96"
"25,5 : 1002.57"
"25,6 : 396.68"
"25,7 : 316.66"
"25,8 : 594.69"
"25,9 : 138.81"
"25,10 : 115.73"
"25,11 : 888.55"
"25,12 : 510.94"
"25,13 : 872.92"
"25,14 : 850.33"
"25,15 : 380.41"
"25,16 : 498.08"
"25,17 : 795.64"
"25,18 : 570.5"
"25,19 : 496.81"
"25,20 : 316.16"
"25,21 : 353.51"
"25,22 : 342.99"
"25,23 : 169.26"
"25,24 : 824.58"
"25,25 : 0.0"
"25,26 : 509.02"
"25,27 : 458.18"
"25,28 : 403.05"
"25,29 : 407.12"
"25,30 : 826.04"
"25,31 : 596.53"
"25,32 : 339.99"
"25,33 : 508.68"
"25,34 : 750.05"
"25,35 : 688.02"
"25,36 : 270.6"
"25,37 : 455.34"
"25,38 : 107.63"
"25,39 : 638.54"
"25,40 : 932.9"
"25,41 : 492.94"
"25,42 : 258.8"
"25,43 : 867.75"
"25,44 : 230.79"
"25,45 : 253.24"
"25,46 : 334.55"
"25,47 : 434.59"
"25,48 : 784.45"
"25,49 : 184.1"
"26,0 : 240.35"
"26,1 : 890.48"
"26,2 : 758.05"
"26,3 : 723.99"
"26,4 : 573.65"
"26,5 : 874.36"
"26,6 : 678.33"
"26,7 : 513.12"
"26,8 : 627.3"
"26,9 : 371.49"
"26,10 : 496.12"
"26,11 : 957.27"
"26,12 : 27.02"
"26,13 : 1027.05"
"26,14 : 907.07"
"26,15 : 794.63"
"26,16 : 323.51"
"26,17 : 913.16"
"26,18 : 100.12"
"26,19 : 946.22"
"26,20 : 196.46"
"26,21 : 437.38"
"26,22 : 851.53"
"26,23 : 621.61"
"26,24 : 1078.31"
"26,25 : 509.02"
"26,26 : 0.0"
"26,27 : 279.52"
"26,28 : 600.27"
"26,29 : 218.69"
"26,30 : 692.69"
"26,31 : 836.54"
"26,32 : 767.73"
"26,33 : 172.8"
"26,34 : 682.01"
"26,35 : 482.5"
"26,36 : 670.43"
"26,37 : 402.91"
"26,38 : 445.0"
"26,39 : 455.11"
"26,40 : 1228.59"
"26,41 : 371.43"
"26,42 : 736.03"
"26,43 : 669.2"
"26,44 : 391.41"
"26,45 : 683.47"
"26,46 : 365.96"
"26,47 : 597.51"
"26,48 : 1036.36"
"26,49 : 688.34"
"27,0 : 285.33"
"27,1 : 627.83"
"27,2 : 526.48"
"27,3 : 449.48"
"27,4 : 564.78"
"27,5 : 633.27"
"27,6 : 450.63"
"27,7 : 294.28"
"27,8 : 347.92"
"27,9 : 362.44"
"27,10 : 383.47"
"27,11 : 678.39"
"27,12 : 256.26"
"27,13 : 749.16"
"27,14 : 628.39"
"27,15 : 610.31"
"27,16 : 54.13"
"27,17 : 634.23"
"27,18 : 379.09"
"27,19 : 769.42"
"27,20 : 287.9"
"27,21 : 200.58"
"27,22 : 775.9"
"27,23 : 493.58"
"27,24 : 813.18"
"27,25 : 458.18"
"27,26 : 279.52"
"27,27 : 0.0"
"27,28 : 356.29"
"27,29 : 82.04"
"27,30 : 445.91"
"27,31 : 578.33"
"27,32 : 595.12"
"27,33 : 124.33"
"27,34 : 414.65"
"27,35 : 255.57"
"27,36 : 499.08"
"27,37 : 126.67"
"27,38 : 454.96"
"27,39 : 212.51"
"27,40 : 969.25"
"27,41 : 93.01"
"27,42 : 604.37"
"27,43 : 451.05"
"27,44 : 241.36"
"27,45 : 526.84"
"27,46 : 151.4"
"27,47 : 342.85"
"27,48 : 772.06"
"27,49 : 596.69"
"28,0 : 459.79"
"28,1 : 297.61"
"28,2 : 171.73"
"28,3 : 196.46"
"28,4 : 517.06"
"28,5 : 641.69"
"28,6 : 103.12"
"28,7 : 102.18"
"28,8 : 219.92"
"28,9 : 421.85"
"28,10 : 287.78"
"28,11 : 485.51"
"28,12 : 583.64"
"28,13 : 482.84"
"28,14 : 447.76"
"28,15 : 297.89"
"28,16 : 348.63"
"28,17 : 395.05"
"28,18 : 697.53"
"28,19 : 450.1"
"28,20 : 498.04"
"28,21 : 163.4"
"28,22 : 582.95"
"28,23 : 303.56"
"28,24 : 485.1"
"28,25 : 403.05"
"28,26 : 600.27"
"28,27 : 356.29"
"28,28 : 0.0"
"28,29 : 385.84"
"28,30 : 489.8"
"28,31 : 239.8"
"28,32 : 301.42"
"28,33 : 477.35"
"28,34 : 392.73"
"28,35 : 438.71"
"28,36 : 233.03"
"28,37 : 244.81"
"28,38 : 479.23"
"28,39 : 394.99"
"28,40 : 629.43"
"28,41 : 303.4"
"28,42 : 369.33"
"28,43 : 562.67"
"28,44 : 248.17"
"28,45 : 275.86"
"28,46 : 234.36"
"28,47 : 39.62"
"28,48 : 442.68"
"28,49 : 423.24"
"29,0 : 206.79"
"29,1 : 672.46"
"29,2 : 549.48"
"29,3 : 506.16"
"29,4 : 506.17"
"29,5 : 715.3"
"29,6 : 470.65"
"29,7 : 306.41"
"29,8 : 415.23"
"29,9 : 297.2"
"29,10 : 349.02"
"29,11 : 749.52"
"29,12 : 199.4"
"29,13 : 810.73"
"29,14 : 700.13"
"29,15 : 609.9"
"29,16 : 136.13"
"29,17 : 698.58"
"29,18 : 318.46"
"29,19 : 767.25"
"29,20 : 206.2"
"29,21 : 222.5"
"29,22 : 738.05"
"29,23 : 468.24"
"29,24 : 860.04"
"29,25 : 407.12"
"29,26 : 218.69"
"29,27 : 82.04"
"29,28 : 385.84"
"29,29 : 0.0"
"29,30 : 527.94"
"29,31 : 619.33"
"29,32 : 589.38"
"29,33 : 109.02"
"29,34 : 494.58"
"29,35 : 335.44"
"29,36 : 491.3"
"29,37 : 188.69"
"29,38 : 389.5"
"29,39 : 293.82"
"29,40 : 1011.63"
"29,41 : 170.58"
"29,42 : 582.54"
"29,43 : 531.41"
"29,44 : 214.0"
"29,45 : 513.34"
"29,46 : 154.74"
"29,47 : 380.27"
"29,48 : 818.19"
"29,49 : 561.1"
"30,0 : 725.43"
"30,1 : 555.91"
"30,2 : 610.94"
"30,3 : 373.9"
"30,4 : 944.46"
"30,5 : 187.49"
"30,6 : 577.96"
"30,7 : 528.79"
"30,8 : 274.25"
"30,9 : 773.81"
"30,10 : 718.67"
"30,11 : 374.46"
"30,12 : 665.89"
"30,13 : 519.45"
"30,14 : 330.53"
"30,15 : 777.7"
"30,16 : 391.88"
"30,17 : 409.4"
"30,18 : 781.8"
"30,19 : 915.58"
"30,20 : 733.16"
"30,21 : 472.61"
"30,22 : 1068.88"
"30,23 : 779.26"
"30,24 : 681.23"
"30,25 : 826.04"
"30,26 : 692.69"
"30,27 : 445.91"
"30,28 : 489.8"
"30,29 : 527.94"
"30,30 : 0.0"
"30,31 : 546.0"
"30,32 : 788.01"
"30,33 : 520.86"
"30,34 : 106.74"
"30,35 : 211.62"
"30,36 : 722.31"
"30,37 : 379.75"
"30,38 : 860.5"
"30,39 : 239.0"
"30,40 : 842.94"
"30,41 : 364.08"
"30,42 : 857.98"
"30,43 : 103.37"
"30,44 : 599.48"
"30,45 : 764.53"
"30,46 : 501.39"
"30,47 : 450.41"
"30,48 : 653.14"
"30,49 : 900.27"
"31,0 : 697.32"
"31,1 : 60.73"
"31,2 : 148.49"
"31,3 : 176.03"
"31,4 : 696.83"
"31,5 : 640.41"
"31,6 : 200.45"
"31,7 : 338.78"
"31,8 : 300.93"
"31,9 : 645.83"
"31,10 : 490.2"
"31,11 : 358.64"
"31,12 : 818.59"
"31,13 : 286.06"
"31,14 : 343.01"
"31,15 : 315.75"
"31,16 : 558.58"
"31,17 : 246.85"
"31,18 : 934.86"
"31,19 : 405.44"
"31,20 : 736.95"
"31,21 : 399.66"
"31,22 : 666.31"
"31,23 : 452.11"
"31,24 : 245.46"
"31,25 : 596.53"
"31,26 : 836.54"
"31,27 : 578.33"
"31,28 : 239.8"
"31,29 : 619.33"
"31,30 : 546.0"
"31,31 : 0.0"
"31,32 : 348.21"
"31,33 : 702.43"
"31,34 : 439.62"
"31,35 : 584.33"
"31,36 : 347.21"
"31,37 : 454.96"
"31,38 : 688.84"
"31,39 : 552.74"
"31,40 : 392.31"
"31,41 : 507.69"
"31,42 : 460.3"
"31,43 : 642.26"
"31,44 : 484.37"
"31,45 : 384.95"
"31,46 : 472.09"
"31,47 : 239.11"
"31,48 : 203.03"
"31,49 : 550.41"
"32,0 : 554.44"
"32,1 : 397.67"
"32,2 : 206.16"
"32,3 : 445.18"
"32,4 : 403.64"
"32,5 : 928.21"
"32,6 : 211.02"
"32,7 : 307.36"
"32,8 : 514.25"
"32,9 : 449.0"
"32,10 : 282.4"
"32,11 : 700.8"
"32,12 : 759.92"
"32,13 : 631.17"
"32,14 : 677.46"
"32,15 : 43.01"
"32,16 : 607.39"
"32,17 : 591.22"
"32,18 : 850.66"
"32,19 : 178.84"
"32,20 : 603.36"
"32,21 : 401.53"
"32,22 : 318.31"
"32,23 : 171.33"
"32,24 : 528.16"
"32,25 : 339.99"
"32,26 : 767.73"
"32,27 : 595.12"
"32,28 : 301.42"
"32,29 : 589.38"
"32,30 : 788.01"
"32,31 : 348.21"
"32,32 : 0.0"
"32,33 : 696.97"
"32,34 : 687.14"
"32,35 : 734.06"
"32,36 : 98.27"
"32,37 : 515.4"
"32,38 : 447.49"
"32,39 : 687.77"
"32,40 : 610.29"
"32,41 : 573.2"
"32,42 : 118.0"
"32,43 : 863.88"
"32,44 : 379.82"
"32,45 : 89.64"
"32,46 : 444.6"
"32,47 : 339.59"
"32,48 : 493.12"
"32,49 : 220.79"
"33,0 : 277.79"
"33,1 : 752.15"
"33,2 : 645.7"
"33,3 : 572.42"
"33,4 : 601.19"
"33,5 : 704.03"
"33,6 : 568.31"
"33,7 : 406.99"
"33,8 : 466.06"
"33,9 : 389.0"
"33,10 : 457.09"
"33,11 : 790.23"
"33,12 : 146.54"
"33,13 : 869.21"
"33,14 : 739.7"
"33,15 : 716.27"
"33,16 : 157.0"
"33,17 : 752.81"
"33,18 : 267.54"
"33,19 : 874.28"
"33,20 : 258.79"
"33,21 : 317.11"
"33,22 : 844.04"
"33,23 : 577.12"
"33,24 : 937.43"
"33,25 : 508.68"
"33,26 : 172.8"
"33,27 : 124.33"
"33,28 : 477.35"
"33,29 : 109.02"
"33,30 : 520.86"
"33,31 : 702.43"
"33,32 : 696.97"
"33,33 : 0.0"
"33,34 : 509.66"
"33,35 : 312.13"
"33,36 : 599.1"
"33,37 : 250.42"
"33,38 : 478.91"
"33,39 : 282.6"
"33,40 : 1093.55"
"33,41 : 208.21"
"33,42 : 691.53"
"33,43 : 503.04"
"33,44 : 323.01"
"33,45 : 621.99"
"33,46 : 256.19"
"33,47 : 466.01"
"33,48 : 896.36"
"33,49 : 668.18"
"34,0 : 679.27"
"34,1 : 451.36"
"34,2 : 505.81"
"34,3 : 267.17"
"34,4 : 869.01"
"34,5 : 253.51"
"34,6 : 476.3"
"34,7 : 442.47"
"34,8 : 173.37"
"34,9 : 711.77"
"34,10 : 638.91"
"34,11 : 308.35"
"34,12 : 656.09"
"34,13 : 436.65"
"34,14 : 259.36"
"34,15 : 675.01"
"34,16 : 363.19"
"34,17 : 320.66"
"34,18 : 776.8"
"34,19 : 810.43"
"34,20 : 693.65"
"34,21 : 398.65"
"34,22 : 975.11"
"34,23 : 689.23"
"34,24 : 584.95"
"34,25 : 750.05"
"34,26 : 682.01"
"34,27 : 414.65"
"34,28 : 392.73"
"34,29 : 494.58"
"34,30 : 106.74"
"34,31 : 439.62"
"34,32 : 687.14"
"34,33 : 509.66"
"34,34 : 0.0"
"34,35 : 229.27"
"34,36 : 625.72"
"34,37 : 323.73"
"34,38 : 794.38"
"34,39 : 234.8"
"34,40 : 748.48"
"34,41 : 324.15"
"34,42 : 762.05"
"34,43 : 204.09"
"34,44 : 530.21"
"34,45 : 668.58"
"34,46 : 439.06"
"34,47 : 353.1"
"34,48 : 554.68"
"34,49 : 810.36"
"35,0 : 540.88"
"35,1 : 614.73"
"35,2 : 597.55"
"35,3 : 413.1"
"35,4 : 801.96"
"35,5 : 392.01"
"35,6 : 540.88"
"35,7 : 435.33"
"35,8 : 284.74"
"35,9 : 610.58"
"35,10 : 593.78"
"35,11 : 536.41"
"35,12 : 455.58"
"35,13 : 653.24"
"35,14 : 486.59"
"35,15 : 735.37"
"35,16 : 203.07"
"35,17 : 533.82"
"35,18 : 570.36"
"35,19 : 888.8"
"35,20 : 541.07"
"35,21 : 352.98"
"35,22 : 974.36"
"35,23 : 680.68"
"35,24 : 776.28"
"35,25 : 688.02"
"35,26 : 482.5"
"35,27 : 255.57"
"35,28 : 438.71"
"35,29 : 335.44"
"35,30 : 211.62"
"35,31 : 584.33"
"35,32 : 734.06"
"35,33 : 312.13"
"35,34 : 229.27"
"35,35 : 0.0"
"35,36 : 650.68"
"35,37 : 236.81"
"35,38 : 701.84"
"35,39 : 49.82"
"35,40 : 941.09"
"35,41 : 195.35"
"35,42 : 777.77"
"35,43 : 196.06"
"35,44 : 457.66"
"35,45 : 688.21"
"35,46 : 353.66"
"35,47 : 405.46"
"35,48 : 740.75"
"35,49 : 796.83"
"36,0 : 461.52"
"36,1 : 404.15"
"36,2 : 199.16"
"36,3 : 404.75"
"36,4 : 355.62"
"36,5 : 873.59"
"36,6 : 165.95"
"36,7 : 217.17"
"36,8 : 452.69"
"36,9 : 363.46"
"36,10 : 193.2"
"36,11 : 679.78"
"36,12 : 662.19"
"36,13 : 632.7"
"36,14 : 650.34"
"36,15 : 125.4"
"36,16 : 513.75"
"36,17 : 575.09"
"36,18 : 754.62"
"36,19 : 276.99"
"36,20 : 509.97"
"36,21 : 309.11"
"36,22 : 351.46"
"36,23 : 107.69"
"36,24 : 559.72"
"36,25 : 270.6"
"36,26 : 670.43"
"36,27 : 499.08"
"36,28 : 233.03"
"36,29 : 491.3"
"36,30 : 722.31"
"36,31 : 347.21"
"36,32 : 98.27"
"36,33 : 599.1"
"36,34 : 625.72"
"36,35 : 650.68"
"36,36 : 0.0"
"36,37 : 425.41"
"36,38 : 375.1"
"36,39 : 603.11"
"36,40 : 662.44"
"36,41 : 482.07"
"36,42 : 136.47"
"36,43 : 791.67"
"36,44 : 281.63"
"36,45 : 43.6"
"36,46 : 348.01"
"36,47 : 272.64"
"36,48 : 520.98"
"36,49 : 206.23"
"37,0 : 356.03"
"37,1 : 502.8"
"37,2 : 416.45"
"37,3 : 322.91"
"37,4 : 571.67"
"37,5 : 564.24"
"37,6 : 345.35"
"37,7 : 208.48"
"37,8 : 226.55"
"37,9 : 394.06"
"37,10 : 357.39"
"37,11 : 561.32"
"37,12 : 380.82"
"37,13 : 624.16"
"37,14 : 512.25"
"37,15 : 523.53"
"37,16 : 104.92"
"37,17 : 510.62"
"37,18 : 502.98"
"37,19 : 681.75"
"37,20 : 373.48"
"37,21 : 118.31"
"37,22 : 738.53"
"37,23 : 445.53"
"37,24 : 687.24"
"37,25 : 455.34"
"37,26 : 402.91"
"37,27 : 126.67"
"37,28 : 244.81"
"37,29 : 188.69"
"37,30 : 379.75"
"37,31 : 454.96"
"37,32 : 515.4"
"37,33 : 250.42"
"37,34 : 323.73"
"37,35 : 236.81"
"37,36 : 425.41"
"37,37 : 0.0"
"37,38 : 481.3"
"37,39 : 187.04"
"37,40 : 844.4"
"37,41 : 59.14"
"37,42 : 546.52"
"37,43 : 412.66"
"37,44 : 224.74"
"37,45 : 459.88"
"37,46 : 122.64"
"37,47 : 224.72"
"37,48 : 646.33"
"37,49 : 560.43"
"38,0 : 209.4"
"38,1 : 749.45"
"38,2 : 553.43"
"38,3 : 673.19"
"38,4 : 128.65"
"38,5 : 1042.84"
"38,6 : 488.47"
"38,7 : 383.52"
"38,8 : 651.01"
"38,9 : 92.63"
"38,10 : 198.64"
"38,11 : 961.35"
"38,12 : 451.85"
"38,13 : 958.57"
"38,14 : 920.31"
"38,15 : 487.65"
"38,16 : 502.03"
"38,17 : 874.25"
"38,18 : 493.0"
"38,19 : 603.39"
"38,20 : 248.71"
"38,21 : 397.02"
"38,22 : 417.51"
"38,23 : 276.45"
"38,24 : 922.46"
"38,25 : 107.63"
"38,26 : 445.0"
"38,27 : 454.96"
"38,28 : 479.23"
"38,29 : 389.5"
"38,30 : 860.5"
"38,31 : 688.84"
"38,32 : 447.49"
"38,33 : 478.91"
"38,34 : 794.38"
"38,35 : 701.84"
"38,36 : 375.1"
"38,37 : 481.3"
"38,38 : 0.0"
"38,39 : 653.91"
"38,40 : 1035.82"
"38,41 : 508.11"
"38,42 : 364.35"
"38,43 : 890.52"
"38,44 : 264.37"
"38,45 : 360.2"
"38,46 : 359.12"
"38,47 : 506.19"
"38,48 : 881.66"
"38,49 : 280.41"
"39,0 : 497.33"
"39,1 : 586.66"
"39,2 : 557.13"
"39,3 : 385.54"
"39,4 : 752.81"
"39,5 : 424.53"
"39,6 : 497.75"
"39,7 : 387.09"
"39,8 : 257.62"
"39,9 : 563.03"
"39,10 : 543.96"
"39,11 : 535.02"
"39,12 : 428.51"
"39,13 : 641.9"
"39,14 : 484.49"
"39,15 : 690.27"
"39,16 : 158.83"
"39,17 : 522.04"
"39,18 : 546.67"
"39,19 : 844.85"
"39,20 : 500.01"
"39,21 : 303.56"
"39,22 : 924.91"
"39,23 : 631.35"
"39,24 : 754.0"
"39,25 : 638.54"
"39,26 : 455.11"
"39,27 : 212.51"
"39,28 : 394.99"
"39,29 : 293.82"
"39,30 : 239.0"
"39,31 : 552.74"
"39,32 : 687.77"
"39,33 : 282.6"
"39,34 : 234.8"
"39,35 : 49.82"
"39,36 : 603.11"
"39,37 : 187.04"
"39,38 : 653.91"
"39,39 : 0.0"
"39,40 : 918.26"
"39,41 : 146.35"
"39,42 : 729.24"
"39,43 : 239.35"
"39,44 : 408.05"
"39,45 : 640.15"
"39,46 : 304.07"
"39,47 : 363.16"
"39,48 : 717.15"
"39,49 : 747.22"
"40,0 : 1078.2"
"40,1 : 341.6"
"40,2 : 490.63"
"40,3 : 534.89"
"40,4 : 1011.95"
"40,5 : 864.39"
"40,6 : 566.85"
"40,7 : 724.01"
"40,8 : 660.98"
"40,9 : 1009.96"
"40,10 : 842.7"
"40,11 : 503.78"
"40,12 : 1210.84"
"40,13 : 340.59"
"40,14 : 530.21"
"40,15 : 567.3"
"40,16 : 946.39"
"40,17 : 434.89"
"40,18 : 1326.57"
"40,19 : 538.02"
"40,20 : 1120.57"
"40,21 : 791.32"
"40,22 : 878.82"
"40,23 : 767.67"
"40,24 : 164.92"
"40,25 : 932.9"
"40,26 : 1228.59"
"40,27 : 969.25"
"40,28 : 629.43"
"40,29 : 1011.63"
"40,30 : 842.94"
"40,31 : 392.31"
"40,32 : 610.29"
"40,33 : 1093.55"
"40,34 : 748.48"
"40,35 : 941.09"
"40,36 : 662.44"
"40,37 : 844.4"
"40,38 : 1035.82"
"40,39 : 918.26"
"40,40 : 0.0"
"40,41 : 894.61"
"40,42 : 724.51"
"40,43 : 946.28"
"40,44 : 866.02"
"40,45 : 685.29"
"40,46 : 863.38"
"40,47 : 631.37"
"40,48 : 201.3"
"40,49 : 829.96"
"41,0 : 361.38"
"41,1 : 553.31"
"41,2 : 474.87"
"41,3 : 366.46"
"41,4 : 606.62"
"41,5 : 551.3"
"41,6 : 404.36"
"41,7 : 265.88"
"41,8 : 257.94"
"41,9 : 417.78"
"41,10 : 401.67"
"41,11 : 585.89"
"41,12 : 347.49"
"41,13 : 661.0"
"41,14 : 535.77"
"41,15 : 582.11"
"41,16 : 52.35"
"41,17 : 544.72"
"41,18 : 470.47"
"41,19 : 740.53"
"41,20 : 371.16"
"41,21 : 173.17"
"41,22 : 788.18"
"41,23 : 496.81"
"41,24 : 735.5"
"41,25 : 492.94"
"41,26 : 371.43"
"41,27 : 93.01"
"41,28 : 303.4"
"41,29 : 170.58"
"41,30 : 364.08"
"41,31 : 507.69"
"41,32 : 573.2"
"41,33 : 208.21"
"41,34 : 324.15"
"41,35 : 195.35"
"41,36 : 482.07"
"41,37 : 59.14"
"41,38 : 508.11"
"41,39 : 146.35"
"41,40 : 894.61"
"41,41 : 0.0"
"41,42 : 600.54"
"41,43 : 382.8"
"41,44 : 263.14"
"41,45 : 515.45"
"41,46 : 159.3"
"41,47 : 281.81"
"41,48 : 695.2"
"41,49 : 609.19"
"42,0 : 506.62"
"42,1 : 512.3"
"42,2 : 313.74"
"42,3 : 538.07"
"42,4 : 298.81"
"42,5 : 1010.03"
"42,6 : 298.16"
"42,7 : 342.58"
"42,8 : 589.12"
"42,9 : 386.58"
"42,10 : 240.42"
"42,11 : 806.34"
"42,12 : 732.25"
"42,13 : 745.35"
"42,14 : 779.66"
"42,15 : 159.53"
"42,16 : 626.51"
"42,17 : 698.79"
"42,18 : 810.16"
"42,19 : 239.74"
"42,20 : 555.93"
"42,21 : 428.26"
"42,22 : 215.8"
"42,23 : 115.35"
"42,24 : 646.13"
"42,25 : 258.8"
"42,26 : 736.03"
"42,27 : 604.37"
"42,28 : 369.33"
"42,29 : 582.54"
"42,30 : 857.98"
"42,31 : 460.3"
"42,32 : 118.0"
"42,33 : 691.53"
"42,34 : 762.05"
"42,35 : 777.77"
"42,36 : 136.47"
"42,37 : 546.52"
"42,38 : 364.35"
"42,39 : 729.24"
"42,40 : 724.51"
"42,41 : 600.54"
"42,42 : 0.0"
"42,43 : 925.35"
"42,44 : 368.78"
"42,45 : 93.51"
"42,46 : 454.05"
"42,47 : 408.95"
"42,48 : 611.1"
"42,49 : 105.95"
"43,0 : 736.32"
"43,1 : 655.44"
"43,2 : 696.71"
"43,3 : 467.72"
"43,4 : 984.32"
"43,5 : 216.01"
"43,6 : 656.74"
"43,7 : 587.38"
"43,8 : 357.35"
"43,9 : 800.56"
"43,10 : 766.2"
"43,11 : 474.07"
"43,12 : 642.19"
"43,13 : 622.03"
"43,14 : 431.77"
"43,15 : 857.08"
"43,16 : 397.86"
"43,17 : 512.73"
"43,18 : 751.17"
"43,19 : 1000.26"
"43,20 : 737.13"
"43,21 : 519.06"
"43,22 : 1131.85"
"43,23 : 838.91"
"43,24 : 784.39"
"43,25 : 867.75"
"43,26 : 669.2"
"43,27 : 451.05"
"43,28 : 562.67"
"43,29 : 531.41"
"43,30 : 103.37"
"43,31 : 642.26"
"43,32 : 863.88"
"43,33 : 503.04"
"43,34 : 204.09"
"43,35 : 196.06"
"43,36 : 791.67"
"43,37 : 412.66"
"43,38 : 890.52"
"43,39 : 239.35"
"43,40 : 946.28"
"43,41 : 382.8"
"43,42 : 925.35"
"43,43 : 0.0"
"43,44 : 637.37"
"43,45 : 832.61"
"43,46 : 534.81"
"43,47 : 524.29"
"43,48 : 755.91"
"43,49 : 958.73"
"44,0 : 213.06"
"44,1 : 543.74"
"44,2 : 379.05"
"44,3 : 427.29"
"44,4 : 347.0"
"44,5 : 779.8"
"44,6 : 300.22"
"44,7 : 146.26"
"44,8 : 389.05"
"44,9 : 186.78"
"44,10 : 142.35"
"44,11 : 709.72"
"44,12 : 381.61"
"44,13 : 727.62"
"44,14 : 666.02"
"44,15 : 404.21"
"44,16 : 273.62"
"44,17 : 631.62"
"44,18 : 480.21"
"44,19 : 558.61"
"44,20 : 254.57"
"44,21 : 132.91"
"44,22 : 534.62"
"44,23 : 255.14"
"44,24 : 729.41"
"44,25 : 230.79"
"44,26 : 391.41"
"44,27 : 241.36"
"44,28 : 248.17"
"44,29 : 214.0"
"44,30 : 599.48"
"44,31 : 484.37"
"44,32 : 379.82"
"44,33 : 323.01"
"44,34 : 530.21"
"44,35 : 457.66"
"44,36 : 281.63"
"44,37 : 224.74"
"44,38 : 264.37"
"44,39 : 408.05"
"44,40 : 866.02"
"44,41 : 263.14"
"44,42 : 368.78"
"44,43 : 637.37"
"44,44 : 0.0"
"44,45 : 300.41"
"44,46 : 104.0"
"44,47 : 264.17"
"44,48 : 687.04"
"44,49 : 355.34"
"45,0 : 466.12"
"45,1 : 440.56"
"45,2 : 236.46"
"45,3 : 448.13"
"45,4 : 327.33"
"45,5 : 916.89"
"45,6 : 208.89"
"45,7 : 253.1"
"45,8 : 495.71"
"45,9 : 359.36"
"45,10 : 193.49"
"45,11 : 721.8"
"45,12 : 676.83"
"45,13 : 670.95"
"45,14 : 692.99"
"45,15 : 127.66"
"45,16 : 544.71"
"45,17 : 616.33"
"45,18 : 764.34"
"45,19 : 263.8"
"45,20 : 515.23"
"45,21 : 342.32"
"45,22 : 307.94"
"45,23 : 84.06"
"45,24 : 589.87"
"45,25 : 253.24"
"45,26 : 683.47"
"45,27 : 526.84"
"45,28 : 275.86"
"45,29 : 513.34"
"45,30 : 764.53"
"45,31 : 384.95"
"45,32 : 89.64"
"45,33 : 621.99"
"45,34 : 668.58"
"45,35 : 688.21"
"45,36 : 43.6"
"45,37 : 459.88"
"45,38 : 360.2"
"45,39 : 640.15"
"45,40 : 685.29"
"45,41 : 515.45"
"45,42 : 93.51"
"45,43 : 832.61"
"45,44 : 300.41"
"45,45 : 0.0"
"45,46 : 375.45"
"45,47 : 315.48"
"45,48 : 552.16"
"45,49 : 165.74"
"46,0 : 253.86"
"46,1 : 527.64"
"46,2 : 394.97"
"46,3 : 379.01"
"46,4 : 449.81"
"46,5 : 684.47"
"46,6 : 315.96"
"46,7 : 151.8"
"46,8 : 314.64"
"46,9 : 273.31"
"46,10 : 243.06"
"46,11 : 647.08"
"46,12 : 349.8"
"46,13 : 685.81"
"46,14 : 600.49"
"46,15 : 461.46"
"46,16 : 174.18"
"46,17 : 580.61"
"46,18 : 463.25"
"46,19 : 620.19"
"46,20 : 281.81"
"46,21 : 72.8"
"46,22 : 632.58"
"46,23 : 345.05"
"46,24 : 715.86"
"46,25 : 334.55"
"46,26 : 365.96"
"46,27 : 151.4"
"46,28 : 234.36"
"46,29 : 154.74"
"46,30 : 501.39"
"46,31 : 472.09"
"46,32 : 444.6"
"46,33 : 256.19"
"46,34 : 439.06"
"46,35 : 353.66"
"46,36 : 348.01"
"46,37 : 122.64"
"46,38 : 359.12"
"46,39 : 304.07"
"46,40 : 863.38"
"46,41 : 159.3"
"46,42 : 454.05"
"46,43 : 534.81"
"46,44 : 104.0"
"46,45 : 375.45"
"46,46 : 0.0"
"46,47 : 234.27"
"46,48 : 673.61"
"46,49 : 453.11"
"47,0 : 471.93"
"47,1 : 293.51"
"47,2 : 195.74"
"47,3 : 167.01"
"47,4 : 550.11"
"47,5 : 602.25"
"47,6 : 135.82"
"47,7 : 123.15"
"47,8 : 180.35"
"47,9 : 444.06"
"47,10 : 318.89"
"47,11 : 455.51"
"47,12 : 579.48"
"47,13 : 463.46"
"47,14 : 415.95"
"47,15 : 334.28"
"47,16 : 329.62"
"47,17 : 369.66"
"47,18 : 696.04"
"47,19 : 484.13"
"47,20 : 507.59"
"47,21 : 161.48"
"47,22 : 622.49"
"47,23 : 341.76"
"47,24 : 481.7"
"47,25 : 434.59"
"47,26 : 597.51"
"47,27 : 342.85"
"47,28 : 39.62"
"47,29 : 380.27"
"47,30 : 450.41"
"47,31 : 239.11"
"47,32 : 339.59"
"47,33 : 466.01"
"47,34 : 353.1"
"47,35 : 405.46"
"47,36 : 272.64"
"47,37 : 224.72"
"47,38 : 506.19"
"47,39 : 363.16"
"47,40 : 631.37"
"47,41 : 281.81"
"47,42 : 408.95"
"47,43 : 524.29"
"47,44 : 264.17"
"47,45 : 315.48"
"47,46 : 234.27"
"47,47 : 0.0"
"47,48 : 439.51"
"47,49 : 461.88"
"48,0 : 900.07"
"48,1 : 146.0"
"48,2 : 328.44"
"48,3 : 333.65"
"48,4 : 876.58"
"48,5 : 696.42"
"48,6 : 396.02"
"48,7 : 541.72"
"48,8 : 459.75"
