x,y
426,411
601,632
56,10
194,882
473,361
697,359
903,648
240,784
807,836
507,419
420,501
212,350
298,960
109,377
255,782
325,846
395,561
940,114
506,189
510,776
717,88
830,164
738,421
387,666
419,451
366,961
187,886
217,436
670,829
637,362
311,598
709,518
802,245
769,766
373,149
488,77
866,860
353,450
530,729
993,105
31,628
697,98
423,839
369,174
135,64
114,139
445,317
549,445
775,117
7,852

Distanze
"0,0 : 0.0"
"0,1 : 281.9"
"0,2 : 545.62"
"0,3 : 525.04"
"0,4 : 68.62"
"0,5 : 275.94"
"0,6 : 532.63"
"0,7 : 416.8"
"0,8 : 570.78"
"0,9 : 81.39"
"0,10 : 90.2"
"0,11 : 222.52"
"0,12 : 563.72"
"0,13 : 318.82"
"0,14 : 408.51"
"0,15 : 446.57"
"0,16 : 153.17"
"0,17 : 593.64"
"0,18 : 235.97"
"0,19 : 374.54"
"0,20 : 434.75"
"0,21 : 473.52"
"0,22 : 312.16"
"0,23 : 257.97"
"0,24 : 40.61"
"0,25 : 553.26"
"0,26 : 531.74"
"0,27 : 210.49"
"0,28 : 484.0"
"0,29 : 216.61"
"0,30 : 219.53"
"0,31 : 302.55"
"0,32 : 411.01"
"0,33 : 493.63"
"0,34 : 267.31"
"0,35 : 339.71"
"0,36 : 628.65"
"0,37 : 82.76"
"0,38 : 334.57"
"0,39 : 644.3"
"0,40 : 450.68"
"0,41 : 414.02"
"0,42 : 428.01"
"0,43 : 243.76"
"0,44 : 452.87"
"0,45 : 413.92"
"0,46 : 95.9"
"0,47 : 127.61"
"0,48 : 456.33"
"0,49 : 608.31"
"1,0 : 281.9"
"1,1 : 0.0"
"1,2 : 826.99"
"1,3 : 477.65"
"1,4 : 299.71"
"1,5 : 289.39"
"1,6 : 302.42"
"1,7 : 391.7"
"1,8 : 289.92"
"1,9 : 232.82"
"1,10 : 223.43"
"1,11 : 480.46"
"1,12 : 446.53"
"1,13 : 554.16"
"1,14 : 377.12"
"1,15 : 349.24"
"1,16 : 217.89"
"1,17 : 619.07"
"1,18 : 453.07"
"1,19 : 170.34"
"1,20 : 556.23"
"1,21 : 521.02"
"1,22 : 251.58"
"1,23 : 216.68"
"1,24 : 256.68"
"1,25 : 404.31"
"1,26 : 485.71"
"1,27 : 431.13"
"1,28 : 208.73"
"1,29 : 272.39"
"1,30 : 291.99"
"1,31 : 157.04"
"1,32 : 436.08"
"1,33 : 214.9"
"1,34 : 534.11"
"1,35 : 566.39"
"1,36 : 349.58"
"1,37 : 307.62"
"1,38 : 120.21"
"1,39 : 656.81"
"1,40 : 570.01"
"1,41 : 542.56"
"1,42 : 273.01"
"1,43 : 513.41"
"1,44 : 734.7"
"1,45 : 692.98"
"1,46 : 351.51"
"1,47 : 194.1"
"1,48 : 543.6"
"1,49 : 633.43"
"2,0 : 545.62"
"2,1 : 826.99"
"2,2 : 0.0"
"2,3 : 882.85"
"2,4 : 545.06"
"2,5 : 729.85"
"2,6 : 1060.4"
"2,7 : 795.57"
"2,8 : 1116.37"
"2,9 : 608.84"
"2,10 : 611.21"
"2,11 : 374.08"
"2,12 : 980.34"
"2,13 : 370.81"
"2,14 : 797.24"
"2,15 : 878.21"
"2,16 : 646.93"
"2,17 : 890.1"
"2,18 : 484.29"
"2,19 : 890.43"
"2,20 : 665.59"
"2,21 : 789.17"
"2,22 : 796.27"
"2,23 : 734.78"
"2,24 : 571.18"
"2,25 : 1000.25"
"2,26 : 885.74"
"2,27 : 455.41"
"2,28 : 1023.6"
"2,29 : 679.31"
"2,30 : 640.91"
"2,31 : 827.33"
"2,32 : 782.14"
"2,33 : 1039.18"
"2,34 : 346.14"
"2,35 : 437.16"
"2,36 : 1174.14"
"2,37 : 530.86"
"2,38 : 861.18"
"2,39 : 941.8"
"2,40 : 618.51"
"2,41 : 647.01"
"2,42 : 906.6"
"2,43 : 353.36"
"2,44 : 95.69"
"2,45 : 141.44"
"2,46 : 495.55"
"2,47 : 657.48"
"2,48 : 726.92"
"2,49 : 843.42"
"3,0 : 525.04"
"3,1 : 477.65"
"3,2 : 882.85"
"3,3 : 0.0"
"3,4 : 591.0"
"3,5 : 725.63"
"3,6 : 746.62"
"3,7 : 108.26"
"3,8 : 614.72"
"3,9 : 558.87"
"3,10 : 442.99"
"3,11 : 532.3"
"3,12 : 130.0"
"3,13 : 512.1"
"3,14 : 117.14"
"3,15 : 135.86"
"3,16 : 378.74"
"3,17 : 1070.67"
"3,18 : 760.0"
"3,19 : 333.3"
"3,20 : 950.77"
"3,21 : 959.18"
"3,22 : 713.06"
"3,23 : 289.66"
"3,24 : 486.2"
"3,25 : 189.27"
"3,26 : 8.06"
"3,27 : 446.59"
"3,28 : 478.94"
"3,29 : 683.12"
"3,30 : 307.16"
"3,31 : 630.65"
"3,32 : 880.59"
"3,33 : 586.58"
"3,34 : 754.54"
"3,35 : 857.01"
"3,36 : 672.36"
"3,37 : 460.33"
"3,38 : 369.2"
"3,39 : 1114.51"
"3,40 : 301.8"
"3,41 : 931.49"
"3,42 : 233.0"
"3,43 : 729.31"
"3,44 : 820.12"
"3,45 : 747.29"
"3,46 : 618.24"
"3,47 : 563.02"
"3,48 : 960.62"
"3,49 : 189.39"
"4,0 : 68.62"
"4,1 : 299.71"
"4,2 : 545.06"
"4,3 : 591.0"
"4,4 : 0.0"
"4,5 : 224.01"
"4,6 : 516.98"
"4,7 : 482.93"
"4,8 : 580.67"
"4,9 : 67.23"
"4,10 : 149.7"
"4,11 : 261.23"
"4,12 : 624.04"
"4,13 : 364.35"
"4,14 : 474.09"
"4,15 : 507.08"
"4,16 : 214.67"
"4,17 : 528.3"
"4,18 : 175.14"
"4,19 : 416.65"
"4,20 : 366.15"
"4,21 : 407.75"
"4,22 : 271.71"
"4,23 : 316.89"
"4,24 : 104.96"
"4,25 : 609.47"
"4,26 : 597.85"
"4,27 : 266.76"
"4,28 : 507.77"
"4,29 : 164.0"
"4,30 : 287.08"
"4,31 : 283.45"
"4,32 : 348.85"
"4,33 : 501.64"
"4,34 : 234.4"
"4,35 : 284.4"
"4,36 : 635.18"
"4,37 : 149.4"
"4,38 : 372.39"
"4,39 : 579.6"
"4,40 : 516.38"
"4,41 : 345.46"
"4,42 : 480.61"
"4,43 : 213.97"
"4,44 : 449.95"
"4,45 : 422.1"
"4,46 : 52.15"
"4,47 : 113.28"
"4,48 : 388.25"
"4,49 : 676.93"
"5,0 : 275.94"
"5,1 : 289.39"
"5,2 : 729.85"
"5,3 : 725.63"
"5,4 : 224.01"
"5,5 : 0.0"
"5,6 : 354.9"
"5,7 : 624.08"
"5,8 : 489.52"
"5,9 : 199.25"
"5,10 : 311.28"
"5,11 : 485.08"
"5,12 : 721.39"
"5,13 : 588.28"
"5,14 : 611.79"
"5,15 : 612.82"
"5,16 : 363.33"
"5,17 : 345.07"
"5,18 : 255.7"
"5,19 : 457.01"
"5,20 : 271.74"
"5,21 : 236.04"
"5,22 : 74.33"
"5,23 : 436.29"
"5,24 : 292.83"
"5,25 : 687.0"
"5,26 : 733.37"
"5,27 : 486.14"
"5,28 : 470.77"
"5,29 : 60.07"
"5,30 : 454.0"
"5,31 : 159.45"
"5,32 : 154.99"
"5,33 : 413.32"
"5,34 : 386.1"
"5,35 : 351.01"
"5,36 : 528.74"
"5,37 : 355.83"
"5,38 : 405.94"
"5,39 : 390.04"
"5,40 : 718.27"
"5,41 : 261.0"
"5,42 : 552.7"
"5,43 : 376.58"
"5,44 : 634.72"
"5,45 : 623.13"
"5,46 : 255.48"
"5,47 : 171.17"
"5,48 : 254.26"
"5,49 : 848.03"
"6,0 : 532.63"
"6,1 : 302.42"
"6,2 : 1060.4"
"6,3 : 746.62"
"6,4 : 516.98"
"6,5 : 354.9"
"6,6 : 0.0"
"6,7 : 676.8"
"6,8 : 211.09"
"6,9 : 457.45"
"6,10 : 504.87"
"6,11 : 752.52"
"6,12 : 680.71"
"6,13 : 838.97"
"6,14 : 661.71"
"6,15 : 610.97"
"6,16 : 515.4"
"6,17 : 535.28"
"6,18 : 606.87"
"6,19 : 413.32"
"6,20 : 590.08"
"6,21 : 489.47"
"6,22 : 280.63"
"6,23 : 516.31"
"6,24 : 522.56"
"6,25 : 621.56"
"6,26 : 754.52"
"6,27 : 718.01"
"6,28 : 295.04"
"6,29 : 390.58"
"6,30 : 594.11"
"6,31 : 233.53"
"6,32 : 415.46"
"6,33 : 178.55"
"6,34 : 727.94"
"6,35 : 705.88"
"6,36 : 215.2"
"6,37 : 584.55"
"6,38 : 381.69"
"6,39 : 550.41"
"6,40 : 872.23"
"6,41 : 587.31"
"6,42 : 516.61"
"6,43 : 714.03"
"6,44 : 964.82"
"6,45 : 938.94"
"6,46 : 565.09"
"6,47 : 408.07"
"6,48 : 546.21"
"6,49 : 918.93"
"7,0 : 416.8"
"7,1 : 391.7"
"7,2 : 795.57"
"7,3 : 108.26"
"7,4 : 482.93"
"7,5 : 624.08"
"7,6 : 676.8"
"7,7 : 0.0"
"7,8 : 569.38"
"7,9 : 452.23"
"7,10 : 335.39"
"7,11 : 434.9"
"7,12 : 185.31"
"7,13 : 427.56"
"7,14 : 15.13"
"7,15 : 105.21"
"7,16 : 271.58"
"7,17 : 968.97"
"7,18 : 651.75"
"7,19 : 270.12"
"7,20 : 843.77"
"7,21 : 855.86"
"7,22 : 616.26"
"7,23 : 188.5"
"7,24 : 378.06"
"7,25 : 217.27"
"7,26 : 114.95"
"7,27 : 348.76"
"7,28 : 432.35"
"7,29 : 579.39"
"7,30 : 199.09"
"7,31 : 539.18"
"7,32 : 778.69"
"7,33 : 529.31"
"7,34 : 648.78"
"7,35 : 749.23"
"7,36 : 630.6"
"7,37 : 352.6"
"7,38 : 295.17"
"7,39 : 1013.93"
"7,40 : 260.8"
"7,41 : 824.28"
"7,42 : 191.09"
"7,43 : 623.49"
"7,44 : 727.62"
"7,45 : 657.19"
"7,46 : 510.01"
"7,47 : 458.7"
"7,48 : 855.05"
"7,49 : 242.72"
"8,0 : 570.78"
"8,1 : 289.92"
"8,2 : 1116.37"
"8,3 : 614.72"
"8,4 : 580.67"
"8,5 : 489.52"
"8,6 : 211.09"
"8,7 : 569.38"
"8,8 : 0.0"
"8,9 : 513.7"
"8,10 : 511.85"
"8,11 : 768.26"
"8,12 : 523.89"
"8,13 : 835.4"
"8,14 : 554.64"
"8,15 : 482.1"
"8,16 : 495.35"
"8,17 : 734.15"
"8,18 : 713.59"
"8,19 : 303.0"
"8,20 : 753.39"
"8,21 : 672.39"
"8,22 : 420.7"
"8,23 : 453.1"
"8,24 : 546.6"
"8,25 : 458.37"
"8,26 : 622.01"
"8,27 : 712.81"
"8,28 : 137.18"
"8,29 : 503.56"
"8,30 : 550.15"
"8,31 : 332.76"
"8,32 : 591.02"
"8,33 : 79.65"
"8,34 : 812.6"
"8,35 : 823.31"
"8,36 : 63.69"
"8,37 : 595.91"
"8,38 : 296.95"
"8,39 : 754.29"
"8,40 : 803.39"
"8,41 : 746.15"
"8,42 : 384.01"
"8,43 : 793.78"
"8,44 : 1023.51"
"8,45 : 982.88"
"8,46 : 632.78"
"8,47 : 468.45"
"8,48 : 719.71"
"8,49 : 800.16"
"9,0 : 81.39"
"9,1 : 232.82"
"9,2 : 608.84"
"9,3 : 558.87"
"9,4 : 67.23"
"9,5 : 199.25"
"9,6 : 457.45"
"9,7 : 452.23"
"9,8 : 513.7"
"9,9 : 0.0"
"9,10 : 119.55"
"9,11 : 302.96"
"9,12 : 579.97"
"9,13 : 400.21"
"9,14 : 441.9"
"9,15 : 464.17"
"9,16 : 180.85"
"9,17 : 529.64"
"9,18 : 230.0"
"9,19 : 357.01"
"9,20 : 392.0"
"9,21 : 411.53"
"9,22 : 231.01"
"9,23 : 274.61"
"9,24 : 93.64"
"9,25 : 560.04"
"9,26 : 566.12"
"9,27 : 290.5"
"9,28 : 441.21"
"9,29 : 141.95"
"9,30 : 265.44"
"9,31 : 224.96"
"9,32 : 342.49"
"9,33 : 434.8"
"9,34 : 301.42"
"9,35 : 342.53"
"9,36 : 568.65"
"9,37 : 157.09"
"9,38 : 310.85"
"9,39 : 578.61"
"9,40 : 519.86"
"9,41 : 373.02"
"9,42 : 428.32"
"9,43 : 281.19"
"9,44 : 514.21"
"9,45 : 482.54"
"9,46 : 119.36"
"9,47 : 49.4"
"9,48 : 403.77"
"9,49 : 661.43"
"10,0 : 90.2"
"10,1 : 223.43"
"10,2 : 611.21"
"10,3 : 442.99"
"10,4 : 149.7"
"10,5 : 311.28"
"10,6 : 504.87"
"10,7 : 335.39"
"10,8 : 511.85"
"10,9 : 119.55"
"10,10 : 0.0"
"10,11 : 257.03"
"10,12 : 474.94"
"10,13 : 334.81"
"10,14 : 325.86"
"10,15 : 357.84"
"10,16 : 65.0"
"10,17 : 648.2"
"10,18 : 323.64"
"10,19 : 289.35"
"10,20 : 508.7"
"10,21 : 530.72"
"10,22 : 327.91"
"10,23 : 168.27"
"10,24 : 50.01"
"10,25 : 463.16"
"10,26 : 450.02"
"10,27 : 213.15"
"10,28 : 412.41"
"10,29 : 257.7"
"10,30 : 145.91"
"10,31 : 289.5"
"10,32 : 459.85"
"10,33 : 438.21"
"10,34 : 355.12"
"10,35 : 429.42"
"10,36 : 572.54"
"10,37 : 84.2"
"10,38 : 253.15"
"10,39 : 696.52"
"10,40 : 409.21"
"10,41 : 489.02"
"10,42 : 338.01"
"10,43 : 330.95"
"10,44 : 521.72"
"10,45 : 474.0"
"10,46 : 185.69"
"10,47 : 140.63"
"10,48 : 522.95"
"10,49 : 542.01"
"11,0 : 222.52"
"11,1 : 480.46"
"11,2 : 374.08"
"11,3 : 532.3"
"11,4 : 261.23"
"11,5 : 485.08"
"11,6 : 752.52"
"11,7 : 434.9"
"11,8 : 768.26"
"11,9 : 302.96"
"11,10 : 257.03"
"11,11 : 0.0"
"11,12 : 616.03"
"11,13 : 106.48"
"11,14 : 434.13"
"11,15 : 508.71"
"11,16 : 279.3"
"11,17 : 765.3"
"11,18 : 335.2"
"11,19 : 519.88"
"11,20 : 568.92"
"11,21 : 645.38"
"11,22 : 530.77"
"11,23 : 361.22"
"11,24 : 230.33"
"11,25 : 630.11"
"11,26 : 536.58"
"11,27 : 86.15"
"11,28 : 662.73"
"11,29 : 425.17"
"11,30 : 267.03"
"11,31 : 524.63"
"11,32 : 599.27"
"11,33 : 695.2"
"11,34 : 257.53"
"11,35 : 388.21"
"11,36 : 829.35"
"11,37 : 172.86"
"11,38 : 494.74"
"11,39 : 818.53"
"11,40 : 331.73"
"11,41 : 546.56"
"11,42 : 532.58"
"11,43 : 235.85"
"11,44 : 296.18"
"11,45 : 232.65"
"11,46 : 235.33"
"11,47 : 350.13"
"11,48 : 609.31"
"11,49 : 542.24"
"12,0 : 563.72"
"12,1 : 446.53"
"12,2 : 980.34"
"12,3 : 130.0"
"12,4 : 624.04"
"12,5 : 721.39"
"12,6 : 680.71"
"12,7 : 185.31"
"12,8 : 523.89"
"12,9 : 579.97"
"12,10 : 474.94"
"12,11 : 616.03"
"12,12 : 0.0"
"12,13 : 612.87"
"12,14 : 183.12"
"12,15 : 117.15"
"12,16 : 410.62"
"12,17 : 1062.02"
"12,18 : 798.56"
"12,19 : 280.71"
"12,20 : 967.44"
"12,21 : 957.41"
"12,22 : 695.79"
"12,23 : 307.18"
"12,24 : 523.18"
"12,25 : 68.01"
"12,26 : 133.41"
"12,27 : 530.22"
"12,28 : 394.39"
"12,29 : 687.4"
"12,30 : 362.23"
"12,31 : 603.56"
"12,32 : 874.78"
"12,33 : 509.39"
"12,34 : 814.46"
"12,35 : 903.21"
"12,36 : 576.74"
"12,37 : 512.96"
"12,38 : 327.39"
"12,39 : 1101.84"
"12,40 : 426.04"
"12,41 : 949.87"
"12,42 : 173.97"
"12,43 : 789.2"
"12,44 : 910.71"
"12,45 : 841.37"
"12,46 : 659.59"
"12,47 : 572.91"
"12,48 : 968.6"
"12,49 : 310.39"
"13,0 : 318.82"
"13,1 : 554.16"
"13,2 : 370.81"
"13,3 : 512.1"
"13,4 : 364.35"
"13,5 : 588.28"
"13,6 : 838.97"
"13,7 : 427.56"
"13,8 : 835.4"
"13,9 : 400.21"
"13,10 : 334.81"
"13,11 : 106.48"
"13,12 : 612.87"
"13,13 : 0.0"
"13,14 : 430.51"
"13,15 : 516.35"
"13,16 : 340.08"
"13,17 : 871.62"
"13,18 : 439.26"
"13,19 : 565.69"
"13,20 : 673.19"
"13,21 : 751.8"
"13,22 : 630.54"
"13,23 : 401.0"
"13,24 : 318.71"
"13,25 : 638.05"
"13,26 : 514.94"
"13,27 : 123.07"
"13,28 : 720.43"
"13,29 : 528.21"
"13,30 : 299.41"
"13,31 : 616.34"
"13,32 : 705.46"
"13,33 : 766.11"
"13,34 : 348.83"
"13,35 : 483.36"
"13,36 : 897.96"
"13,37 : 254.69"
"13,38 : 548.77"
"13,39 : 924.9"
"13,40 : 262.84"
"13,41 : 650.83"
"13,42 : 558.61"
"13,43 : 329.86"
"13,44 : 314.08"
"13,45 : 238.05"
"13,46 : 341.32"
"13,47 : 445.22"
"13,48 : 714.95"
"13,49 : 485.83"
"14,0 : 408.51"
"14,1 : 377.12"
"14,2 : 797.24"
"14,3 : 117.14"
"14,4 : 474.09"
"14,5 : 611.79"
"14,6 : 661.71"
"14,7 : 15.13"
"14,8 : 554.64"
"14,9 : 441.9"
"14,10 : 325.86"
"14,11 : 434.13"
"14,12 : 183.12"
"14,13 : 430.51"
"14,14 : 0.0"
"14,15 : 94.85"
"14,16 : 261.61"
"14,17 : 956.79"
"14,18 : 643.93"
"14,19 : 255.07"
"14,20 : 833.71"
"14,21 : 844.13"
"14,22 : 603.0"
"14,23 : 175.73"
"14,24 : 369.4"
"14,25 : 210.62"
"14,26 : 124.26"
"14,27 : 348.08"
"14,28 : 417.65"
"14,29 : 567.74"
"14,30 : 192.33"
"14,31 : 525.18"
"14,32 : 766.54"
"14,33 : 514.25"
"14,34 : 643.9"
"14,35 : 742.51"
"14,36 : 615.96"
"14,37 : 346.16"
"14,38 : 280.06"
"14,39 : 1001.49"
"14,40 : 271.83"
"14,41 : 814.38"
"14,42 : 177.41"
"14,43 : 618.6"
"14,44 : 727.96"
"14,45 : 658.28"
"14,46 : 502.32"
"14,47 : 447.22"
"14,48 : 844.17"
"14,49 : 257.69"
"15,0 : 446.57"
"15,1 : 349.24"
"15,2 : 878.21"
"15,3 : 135.86"
"15,4 : 507.08"
"15,5 : 612.82"
"15,6 : 610.97"
"15,7 : 105.21"
"15,8 : 482.1"
"15,9 : 464.17"
"15,10 : 357.84"
"15,11 : 508.71"
"15,12 : 117.15"
"15,13 : 516.35"
"15,14 : 94.85"
"15,15 : 0.0"
"15,16 : 293.47"
"15,17 : 956.06"
"15,18 : 681.48"
"15,19 : 197.8"
"15,20 : 853.36"
"15,21 : 848.62"
"15,22 : 592.62"
"15,23 : 190.38"
"15,24 : 406.03"
"15,25 : 122.09"
"15,26 : 143.68"
"15,27 : 423.99"
"15,28 : 345.42"
"15,29 : 575.85"
"15,30 : 248.39"
"15,31 : 505.01"
"15,32 : 767.29"
"15,33 : 451.15"
"15,34 : 698.65"
"15,35 : 786.09"
"15,36 : 541.18"
"15,37 : 396.99"
"15,38 : 236.04"
"15,39 : 997.65"
"15,40 : 366.01"
"15,41 : 835.4"
"15,42 : 98.25"
"15,43 : 673.44"
"15,44 : 804.75"
"15,45 : 737.81"
"15,46 : 542.44"
"15,47 : 459.32"
"15,48 : 856.7"
"15,49 : 318.06"
"16,0 : 153.17"
"16,1 : 217.89"
"16,2 : 646.93"
"16,3 : 378.74"
"16,4 : 214.67"
"16,5 : 363.33"
"16,6 : 515.4"
"16,7 : 271.58"
"16,8 : 495.35"
"16,9 : 180.85"
"16,10 : 65.0"
"16,11 : 279.3"
"16,12 : 410.62"
"16,13 : 340.08"
"16,14 : 261.61"
"16,15 : 293.47"
"16,16 : 0.0"
"16,17 : 704.86"
"16,18 : 388.21"
"16,19 : 243.82"
"16,20 : 572.2"
"16,21 : 588.93"
"16,22 : 370.47"
"16,23 : 105.3"
"16,24 : 112.59"
"16,25 : 401.05"
"16,26 : 385.86"
"16,27 : 217.51"
"16,28 : 383.99"
"16,29 : 313.31"
"16,30 : 91.79"
"16,31 : 316.93"
"16,32 : 515.27"
"16,33 : 426.5"
"16,34 : 412.59"
"16,35 : 492.85"
"16,36 : 557.89"
"16,37 : 118.68"
"16,38 : 215.52"
"16,39 : 752.02"
"16,40 : 370.11"
"16,41 : 552.79"
"16,42 : 279.41"
"16,43 : 387.87"
"16,44 : 560.9"
"16,45 : 507.0"
"16,46 : 249.07"
"16,47 : 192.8"
"16,48 : 584.41"
"16,49 : 485.0"
"17,0 : 593.64"
"17,1 : 619.07"
"17,2 : 890.1"
"17,3 : 1070.67"
"17,4 : 528.3"
"17,5 : 345.07"
"17,6 : 535.28"
"17,7 : 968.97"
"17,8 : 734.15"
"17,9 : 529.64"
"17,10 : 648.2"
"17,11 : 765.3"
"17,12 : 1062.02"
"17,13 : 871.62"
"17,14 : 956.79"
"17,15 : 956.06"
"17,16 : 704.86"
"17,17 : 0.0"
"17,18 : 440.43"
"17,19 : 789.39"
"17,20 : 224.51"
"17,21 : 120.83"
"17,22 : 367.5"
"17,23 : 781.35"
"17,24 : 620.49"
"17,25 : 1023.17"
"17,26 : 1078.42"
"17,27 : 791.46"
"17,28 : 764.28"
"17,29 : 391.55"
"17,30 : 793.66"
"17,31 : 465.38"
"17,32 : 190.28"
"17,33 : 674.05"
"17,34 : 568.08"
"17,35 : 453.51"
"17,36 : 749.66"
"17,37 : 676.36"
"17,38 : 739.14"
"17,39 : 53.76"
"17,40 : 1044.26"
"17,41 : 243.53"
"17,42 : 890.46"
"17,43 : 574.14"
"17,44 : 806.55"
"17,45 : 826.38"
"17,46 : 535.01"
"17,47 : 512.29"
"17,48 : 165.03"
"17,49 : 1189.59"
"18,0 : 235.97"
"18,1 : 453.07"
"18,2 : 484.29"
"18,3 : 760.0"
"18,4 : 175.14"
"18,5 : 255.7"
"18,6 : 606.87"
"18,7 : 651.75"
"18,8 : 713.59"
"18,9 : 230.0"
"18,10 : 323.64"
"18,11 : 335.2"
"18,12 : 798.56"
"18,13 : 439.26"
"18,14 : 643.93"
"18,15 : 681.48"
"18,16 : 388.21"
"18,17 : 440.43"
"18,18 : 0.0"
"18,19 : 587.01"
"18,20 : 233.93"
"18,21 : 324.96"
"18,22 : 328.1"
"18,23 : 491.62"
"18,24 : 276.07"
"18,25 : 784.59"
"18,26 : 766.53"
"18,27 : 380.17"
"18,28 : 660.68"
"18,29 : 217.0"
"18,30 : 453.11"
"18,31 : 386.59"
"18,32 : 301.25"
"18,33 : 634.11"
"18,34 : 138.88"
"18,35 : 113.44"
"18,36 : 761.47"
"18,37 : 302.54"
"18,38 : 540.53"
"18,39 : 494.19"
"18,40 : 646.8"
"18,41 : 211.57"
"18,42 : 655.28"
"18,43 : 137.82"
"18,44 : 391.49"
"18,45 : 395.18"
"18,46 : 141.79"
"18,47 : 259.59"
"18,48 : 278.47"
"18,49 : 829.8"
"19,0 : 374.54"
"19,1 : 170.34"
"19,2 : 890.43"
"19,3 : 333.3"
"19,4 : 416.65"
"19,5 : 457.01"
"19,6 : 413.32"
"19,7 : 270.12"
"19,8 : 303.0"
"19,9 : 357.01"
"19,10 : 289.35"
"19,11 : 519.88"
"19,12 : 280.71"
"19,13 : 565.69"
"19,14 : 255.07"
"19,15 : 197.8"
"19,16 : 243.82"
"19,17 : 789.39"
"19,18 : 587.01"
"19,19 : 0.0"
"19,20 : 718.47"
"19,21 : 690.61"
"19,22 : 421.91"
"19,23 : 165.01"
"19,24 : 337.5"
"19,25 : 234.44"
"19,26 : 341.22"
"19,27 : 448.83"
"19,28 : 168.55"
"19,29 : 433.04"
"19,30 : 266.99"
"19,31 : 325.83"
"19,32 : 605.99"
"19,33 : 259.19"
"19,34 : 641.79"
"19,35 : 699.35"
"19,36 : 365.78"
"19,37 : 361.84"
"19,38 : 51.08"
"19,39 : 826.76"
"19,40 : 501.34"
"19,41 : 703.32"
"19,42 : 107.42"
"19,43 : 618.29"
"19,44 : 804.72"
"19,45 : 750.06"
"19,46 : 463.58"
"19,47 : 333.29"
"19,48 : 710.29"
"19,49 : 508.71"
"20,0 : 434.75"
"20,1 : 556.23"
"20,2 : 665.59"
"20,3 : 950.77"
"20,4 : 366.15"
"20,5 : 271.74"
"20,6 : 590.08"
"20,7 : 843.77"
"20,8 : 753.39"
"20,9 : 392.0"
"20,10 : 508.7"
"20,11 : 568.92"
"20,12 : 967.44"
"20,13 : 673.19"
"20,14 : 833.71"
"20,15 : 853.36"
"20,16 : 572.2"
"20,17 : 224.51"
"20,18 : 233.93"
"20,19 : 718.47"
"20,20 : 0.0"
"20,21 : 136.18"
"20,22 : 333.66"
"20,23 : 665.57"
"20,24 : 469.65"
"20,25 : 940.92"
"20,26 : 957.97"
"20,27 : 609.18"
"20,28 : 742.49"
"20,29 : 285.44"
"20,30 : 651.87"
"20,31 : 430.07"
"20,32 : 178.53"
"20,33 : 679.99"
"20,34 : 349.37"
"20,35 : 229.26"
"20,36 : 786.25"
"20,37 : 513.36"
"20,38 : 667.72"
"20,39 : 276.52"
"20,40 : 873.04"
"20,41 : 22.36"
"20,42 : 806.5"
"20,43 : 358.47"
"20,44 : 582.49"
"20,45 : 605.15"
"20,46 : 355.56"
"20,47 : 394.55"
"20,48 : 64.85"
"20,49 : 1042.97"
"21,0 : 473.52"
"21,1 : 521.02"
"21,2 : 789.17"
"21,3 : 959.18"
"21,4 : 407.75"
"21,5 : 236.04"
"21,6 : 489.47"
"21,7 : 855.86"
"21,8 : 672.39"
"21,9 : 411.53"
"21,10 : 530.72"
"21,11 : 645.38"
"21,12 : 957.41"
"21,13 : 751.8"
"21,14 : 844.13"
"21,15 : 848.62"
"21,16 : 588.93"
"21,17 : 120.83"
"21,18 : 324.96"
"21,19 : 690.61"
"21,20 : 136.18"
"21,21 : 0.0"
"21,22 : 272.97"
"21,23 : 669.52"
"21,24 : 501.29"
"21,25 : 922.23"
"21,26 : 966.82"
"21,27 : 670.64"
"21,28 : 683.98"
"21,29 : 276.5"
"21,30 : 676.55"
"21,31 : 374.11"
"21,32 : 85.7"
"21,33 : 605.08"
"21,34 : 457.25"
"21,35 : 352.89"
"21,36 : 696.93"
"21,37 : 556.17"
"21,38 : 639.71"
"21,39 : 173.35"
"21,40 : 923.96"
"21,41 : 148.48"
"21,42 : 788.21"
"21,43 : 461.11"
"21,44 : 702.16"
"21,45 : 716.44"
"21,46 : 414.29"
"21,47 : 397.39"
"21,48 : 72.35"
"21,49 : 1072.69"
"22,0 : 312.16"
"22,1 : 251.58"
"22,2 : 796.27"
"22,3 : 713.06"
"22,4 : 271.71"
"22,5 : 74.33"
"22,6 : 280.63"
"22,7 : 616.26"
"22,8 : 420.7"
"22,9 : 231.01"
"22,10 : 327.91"
"22,11 : 530.77"
"22,12 : 695.79"
"22,13 : 630.54"
"22,14 : 603.0"
"22,15 : 592.62"
"22,16 : 370.47"
"22,17 : 367.5"
"22,18 : 328.1"
"22,19 : 421.91"
"22,20 : 333.66"
"22,21 : 272.97"
"22,22 : 0.0"
"22,23 : 428.05"
"22,24 : 320.41"
"22,25 : 655.73"
"22,26 : 720.99"
"22,27 : 521.22"
"22,28 : 413.63"
"22,29 : 116.97"
"22,30 : 462.23"
"22,31 : 101.24"
"22,32 : 187.28"
"22,33 : 346.39"
"22,34 : 455.2"
"22,35 : 425.25"
"22,36 : 457.28"
"22,37 : 386.09"
"22,38 : 371.66"
"22,39 : 406.06"
"22,40 : 736.68"
"22,41 : 325.59"
"22,42 : 523.4"
"22,43 : 444.04"
"22,44 : 700.76"
"22,45 : 684.76"
"22,46 : 310.91"
"22,47 : 190.52"
"22,48 : 306.24"
"22,49 : 848.6"
"23,0 : 257.97"
"23,1 : 216.68"
"23,2 : 734.78"
"23,3 : 289.66"
"23,4 : 316.89"
"23,5 : 436.29"
"23,6 : 516.31"
"23,7 : 188.5"
"23,8 : 453.1"
"23,9 : 274.61"
"23,10 : 168.27"
"23,11 : 361.22"
"23,12 : 307.18"
"23,13 : 401.0"
"23,14 : 175.73"
"23,15 : 190.38"
"23,16 : 105.3"
"23,17 : 781.35"
"23,18 : 491.62"
"23,19 : 165.01"
"23,20 : 665.57"
"23,21 : 669.52"
"23,22 : 428.05"
"23,23 : 0.0"
"23,24 : 217.37"
"23,25 : 295.75"
"23,26 : 297.32"
"23,27 : 286.01"
"23,28 : 326.59"
"23,29 : 393.59"
"23,30 : 101.98"
"23,31 : 354.38"
"23,32 : 591.16"
"23,33 : 394.87"
"23,34 : 517.19"
"23,35 : 597.6"
"23,36 : 516.79"
"23,37 : 218.66"
"23,38 : 156.26"
"23,39 : 825.81"
"23,40 : 358.02"
"23,41 : 647.09"
"23,42 : 176.71"
"23,43 : 492.33"
"23,44 : 652.62"
"23,45 : 593.51"
"23,46 : 353.79"
"23,47 : 274.02"
"23,48 : 672.27"
"23,49 : 423.08"
"24,0 : 40.61"
"24,1 : 256.68"
"24,2 : 571.18"
"24,3 : 486.2"
"24,4 : 104.96"
"24,5 : 292.83"
"24,6 : 522.56"
"24,7 : 378.06"
"24,8 : 546.6"
"24,9 : 93.64"
"24,10 : 50.01"
"24,11 : 230.33"
"24,12 : 523.18"
"24,13 : 318.71"
"24,14 : 369.4"
"24,15 : 406.03"
"24,16 : 112.59"
"24,17 : 620.49"
"24,18 : 276.07"
"24,19 : 337.5"
"24,20 : 469.65"
"24,21 : 501.29"
"24,22 : 320.41"
"24,23 : 217.37"
"24,24 : 0.0"
"24,25 : 512.75"
"24,26 : 493.0"
"24,27 : 202.56"
"24,28 : 453.75"
"24,29 : 235.47"
"24,30 : 182.41"
"24,31 : 297.64"
"24,32 : 434.89"
"24,33 : 470.88"
"24,34 : 305.48"
"24,35 : 380.31"
"24,36 : 605.88"
"24,37 : 66.01"
"24,38 : 299.34"
"24,39 : 670.22"
"24,40 : 426.47"
"24,41 : 449.33"
"24,42 : 388.02"
"24,43 : 281.48"
"24,44 : 480.03"
"24,45 : 436.31"
"24,46 : 136.5"
"24,47 : 130.14"
"24,48 : 488.15"
"24,49 : 574.93"
"25,0 : 553.26"
"25,1 : 404.31"
"25,2 : 1000.25"
"25,3 : 189.27"
"25,4 : 609.47"
"25,5 : 687.0"
"25,6 : 621.56"
"25,7 : 217.27"
"25,8 : 458.37"
"25,9 : 560.04"
"25,10 : 463.16"
"25,11 : 630.11"
"25,12 : 68.01"
"25,13 : 638.05"
"25,14 : 210.62"
"25,15 : 122.09"
"25,16 : 401.05"
"25,17 : 1023.17"
"25,18 : 784.59"
"25,19 : 234.44"
"25,20 : 940.92"
"25,21 : 922.23"
"25,22 : 655.73"
"25,23 : 295.75"
"25,24 : 512.75"
"25,25 : 0.0"
"25,26 : 194.08"
"25,27 : 545.73"
"25,28 : 331.42"
"25,29 : 657.45"
"25,30 : 367.14"
"25,31 : 560.27"
"25,32 : 838.3"
"25,33 : 447.7"
"25,34 : 812.03"
"25,35 : 892.38"
"25,36 : 510.1"
"25,37 : 511.17"
"25,38 : 284.11"
"25,39 : 1061.07"
"25,40 : 472.35"
"25,41 : 924.3"
"25,42 : 134.66"
"25,43 : 787.01"
"25,44 : 926.27"
"25,45 : 859.76"
"25,46 : 648.83"
"25,47 : 547.49"
"25,48 : 937.88"
"25,49 : 375.18"
"26,0 : 531.74"
"26,1 : 485.71"
"26,2 : 885.74"
"26,3 : 8.06"
"26,4 : 597.85"
"26,5 : 733.37"
"26,6 : 754.52"
"26,7 : 114.95"
"26,8 : 622.01"
"26,9 : 566.12"
"26,10 : 450.02"
"26,11 : 536.58"
"26,12 : 133.41"
"26,13 : 514.94"
"26,14 : 124.26"
"26,15 : 143.68"
"26,16 : 385.86"
"26,17 : 1078.42"
"26,18 : 766.53"
"26,19 : 341.22"
"26,20 : 957.97"
"26,21 : 966.82"
"26,22 : 720.99"
"26,23 : 297.32"
"26,24 : 493.0"
"26,25 : 194.08"
"26,26 : 0.0"
"26,27 : 451.0"
"26,28 : 486.35"
"26,29 : 690.71"
"26,30 : 313.56"
"26,31 : 638.68"
"26,32 : 888.32"
"26,33 : 594.24"
"26,34 : 760.11"
"26,35 : 863.18"
"26,36 : 679.5"
"26,37 : 466.53"
"26,38 : 377.22"
"26,39 : 1122.32"
"26,40 : 301.5"
"26,41 : 938.64"
"26,42 : 240.63"
"26,43 : 734.89"
"26,44 : 823.64"
"26,45 : 750.56"
"26,46 : 624.76"
"26,47 : 570.55"
"26,48 : 968.04"
"26,49 : 183.18"
"27,0 : 210.49"
"27,1 : 431.13"
"27,2 : 455.41"
"27,3 : 446.59"
"27,4 : 266.76"
"27,5 : 486.14"
"27,6 : 718.01"
"27,7 : 348.76"
"27,8 : 712.81"
"27,9 : 290.5"
"27,10 : 213.15"
"27,11 : 86.15"
"27,12 : 530.22"
"27,13 : 123.07"
"27,14 : 348.08"
"27,15 : 423.99"
"27,16 : 217.51"
"27,17 : 791.46"
"27,18 : 380.17"
"27,19 : 448.83"
"27,20 : 609.18"
"27,21 : 670.64"
"27,22 : 521.22"
"27,23 : 286.01"
"27,24 : 202.56"
"27,25 : 545.73"
"27,26 : 451.0"
"27,27 : 0.0"
"27,28 : 599.71"
"27,29 : 426.47"
"27,30 : 187.3"
"27,31 : 498.79"
"27,32 : 615.39"
"27,33 : 643.12"
"27,34 : 326.66"
"27,35 : 449.8"
"27,36 : 775.23"
"27,37 : 136.72"
"27,38 : 428.74"
"27,39 : 843.65"
"27,40 : 267.32"
"27,41 : 587.06"
"27,42 : 452.6"
"27,43 : 302.9"
"27,44 : 380.93"
"27,45 : 314.35"
"27,46 : 257.19"
"27,47 : 332.12"
"27,48 : 642.75"
"27,49 : 466.0"
"28,0 : 484.0"
"28,1 : 208.73"
"28,2 : 1023.6"
"28,3 : 478.94"
"28,4 : 507.77"
"28,5 : 470.77"
"28,6 : 295.04"
"28,7 : 432.35"
"28,8 : 137.18"
"28,9 : 441.21"
"28,10 : 412.41"
"28,11 : 662.73"
"28,12 : 394.39"
"28,13 : 720.43"
"28,14 : 417.65"
"28,15 : 345.42"
"28,16 : 383.99"
"28,17 : 764.28"
"28,18 : 660.68"
"28,19 : 168.55"
"28,20 : 742.49"
"28,21 : 683.98"
"28,22 : 413.63"
"28,23 : 326.59"
"28,24 : 453.75"
"28,25 : 331.42"
"28,26 : 486.35"
"28,27 : 599.71"
"28,28 : 0.0"
"28,29 : 468.16"
"28,30 : 426.9"
"28,31 : 313.44"
"28,32 : 598.73"
"28,33 : 117.35"
"28,34 : 742.03"
"28,35 : 773.71"
"28,36 : 198.44"
"28,37 : 494.1"
"28,38 : 172.05"
"28,39 : 792.78"
"28,40 : 669.87"
"28,41 : 731.5"
"28,42 : 247.2"
"28,43 : 720.85"
"28,44 : 933.51"
"28,45 : 886.14"
"28,46 : 559.26"
"28,47 : 402.61"
"28,48 : 719.7"
"28,49 : 663.4"
"29,0 : 216.61"
"29,1 : 272.39"
"29,2 : 679.31"
"29,3 : 683.12"
"29,4 : 164.0"
"29,5 : 60.07"
"29,6 : 390.58"
"29,7 : 579.39"
"29,8 : 503.56"
"29,9 : 141.95"
"29,10 : 257.7"
"29,11 : 425.17"
"29,12 : 687.4"
"29,13 : 528.21"
"29,14 : 567.74"
"29,15 : 575.85"
"29,16 : 313.31"
"29,17 : 391.55"
"29,18 : 217.0"
"29,19 : 433.04"
"29,20 : 285.44"
"29,21 : 276.5"
"29,22 : 116.97"
"29,23 : 393.59"
"29,24 : 235.47"
"29,25 : 657.45"
"29,26 : 690.71"
"29,27 : 426.47"
"29,28 : 468.16"
"29,29 : 0.0"
"29,30 : 402.46"
"29,31 : 171.81"
"29,32 : 202.27"
"29,33 : 425.02"
"29,34 : 339.21"
"29,35 : 321.6"
"29,36 : 548.13"
"29,37 : 297.32"
"29,38 : 382.28"
"29,39 : 439.07"
"29,40 : 661.81"
"29,41 : 270.73"
"29,42 : 522.8"
"29,43 : 327.37"
"29,44 : 583.79"
"29,45 : 568.56"
"29,46 : 197.2"
"29,47 : 120.97"
"29,48 : 281.19"
"29,49 : 798.12"
"30,0 : 219.53"
"30,1 : 291.99"
"30,2 : 640.91"
"30,3 : 307.16"
"30,4 : 287.08"
"30,5 : 454.0"
"30,6 : 594.11"
"30,7 : 199.09"
"30,8 : 550.15"
"30,9 : 265.44"
"30,10 : 145.91"
"30,11 : 267.03"
"30,12 : 362.23"
"30,13 : 299.41"
"30,14 : 192.33"
"30,15 : 248.39"
"30,16 : 91.79"
"30,17 : 793.66"
"30,18 : 453.11"
"30,19 : 266.99"
"30,20 : 651.87"
"30,21 : 676.55"
"30,22 : 462.23"
"30,23 : 101.98"
"30,24 : 182.41"
"30,25 : 367.14"
"30,26 : 313.56"
"30,27 : 187.3"
"30,28 : 426.9"
"30,29 : 402.46"
"30,30 : 0.0"
"30,31 : 405.96"
"30,32 : 604.72"
"30,33 : 487.84"
"30,34 : 453.26"
"30,35 : 550.25"
"30,36 : 613.73"
"30,37 : 153.84"
"30,38 : 255.19"
"30,39 : 841.53"
"30,40 : 281.6"
"30,41 : 631.66"
"30,42 : 265.75"
"30,43 : 427.95"
"30,44 : 562.26"
"30,45 : 499.49"
"30,46 : 311.31"
"30,47 : 282.94"
"30,48 : 668.32"
"30,49 : 396.15"
"31,0 : 302.55"
"31,1 : 157.04"
"31,2 : 827.33"
"31,3 : 630.65"
"31,4 : 283.45"
"31,5 : 159.45"
"31,6 : 233.53"
"31,7 : 539.18"
"31,8 : 332.76"
"31,9 : 224.96"
"31,10 : 289.5"
"31,11 : 524.63"
"31,12 : 603.56"
"31,13 : 616.34"
"31,14 : 525.18"
"31,15 : 505.01"
"31,16 : 316.93"
"31,17 : 465.38"
"31,18 : 386.59"
"31,19 : 325.83"
"31,20 : 430.07"
"31,21 : 374.11"
"31,22 : 101.24"
"31,23 : 354.38"
"31,24 : 297.64"
"31,25 : 560.27"
"31,26 : 638.68"
"31,27 : 498.79"
"31,28 : 313.44"
"31,29 : 171.81"
"31,30 : 405.96"
"31,31 : 0.0"
"31,32 : 288.41"
"31,33 : 255.15"
"31,34 : 499.06"
"31,35 : 493.28"
"31,36 : 376.32"
"31,37 : 362.44"
"31,38 : 276.7"
"31,39 : 501.22"
"31,40 : 686.87"
"31,41 : 420.17"
"31,42 : 429.93"
"31,43 : 483.67"
"31,44 : 731.84"
"31,45 : 705.45"
"31,46 : 331.81"
"31,47 : 175.87"
"31,48 : 406.4"
"31,49 : 777.41"
"32,0 : 411.01"
"32,1 : 436.08"
"32,2 : 782.14"
"32,3 : 880.59"
"32,4 : 348.85"
"32,5 : 154.99"
"32,6 : 415.46"
"32,7 : 778.69"
"32,8 : 591.02"
"32,9 : 342.49"
"32,10 : 459.85"
"32,11 : 599.27"
"32,12 : 874.78"
"32,13 : 705.46"
"32,14 : 766.54"
"32,15 : 767.29"
"32,16 : 515.27"
"32,17 : 190.28"
"32,18 : 301.25"
"32,19 : 605.99"
"32,20 : 178.53"
"32,21 : 85.7"
"32,22 : 187.28"
"32,23 : 591.16"
"32,24 : 434.89"
"32,25 : 838.3"
"32,26 : 888.32"
"32,27 : 615.39"
"32,28 : 598.73"
"32,29 : 202.27"
"32,30 : 604.72"
"32,31 : 288.41"
"32,32 : 0.0"
"32,33 : 522.04"
"32,34 : 439.61"
"32,35 : 356.12"
"32,36 : 618.32"
"32,37 : 493.58"
"32,38 : 555.19"
"32,39 : 236.81"
"32,40 : 860.89"
"32,41 : 180.65"
"32,42 : 704.61"
"32,43 : 438.78"
"32,44 : 691.12"
"32,45 : 696.12"
"32,46 : 364.19"
"32,47 : 322.5"
"32,48 : 130.82"
"32,49 : 1000.24"
"33,0 : 493.63"
"33,1 : 214.9"
"33,2 : 1039.18"
"33,3 : 586.58"
"33,4 : 501.64"
"33,5 : 413.32"
"33,6 : 178.55"
"33,7 : 529.31"
"33,8 : 79.65"
"33,9 : 434.8"
"33,10 : 438.21"
"33,11 : 695.2"
"33,12 : 509.39"
"33,13 : 766.11"
"33,14 : 514.25"
"33,15 : 451.15"
"33,16 : 426.5"
"33,17 : 674.05"
"33,18 : 634.11"
"33,19 : 259.19"
"33,20 : 679.99"
"33,21 : 605.08"
"33,22 : 346.39"
"33,23 : 394.87"
"33,24 : 470.88"
"33,25 : 447.7"
"33,26 : 594.24"
"33,27 : 643.12"
"33,28 : 117.35"
"33,29 : 425.02"
"33,30 : 487.84"
"33,31 : 255.15"
"33,32 : 522.04"
"33,33 : 0.0"
"33,34 : 733.15"
"33,35 : 744.1"
"33,36 : 135.07"
"33,37 : 522.41"
"33,38 : 241.85"
"33,39 : 697.92"
"33,40 : 750.79"
"33,41 : 671.87"
"33,42 : 353.62"
"33,43 : 714.47"
"33,44 : 945.92"
"33,45 : 906.73"
"33,46 : 553.69"
"33,47 : 389.15"
"33,48 : 649.03"
"33,49 : 766.84"
"34,0 : 267.31"
"34,1 : 534.11"
"34,2 : 346.14"
"34,3 : 754.54"
"34,4 : 234.4"
"34,5 : 386.1"
"34,6 : 727.94"
"34,7 : 648.78"
"34,8 : 812.6"
"34,9 : 301.42"
"34,10 : 355.12"
"34,11 : 257.53"
"34,12 : 814.46"
"34,13 : 348.83"
"34,14 : 643.9"
"34,15 : 698.65"
"34,16 : 412.59"
"34,17 : 568.08"
"34,18 : 138.88"
"34,19 : 641.79"
"34,20 : 349.37"
"34,21 : 457.25"
"34,22 : 455.2"
"34,23 : 517.19"
"34,24 : 305.48"
"34,25 : 812.03"
"34,26 : 760.11"
"34,27 : 326.66"
"34,28 : 742.03"
"34,29 : 339.21"
"34,30 : 453.26"
"34,31 : 499.06"
"34,32 : 439.61"
"34,33 : 733.15"
"34,34 : 0.0"
"34,35 : 135.68"
"34,36 : 865.2"
"34,37 : 301.66"
"34,38 : 600.87"
"34,39 : 621.56"
"34,40 : 588.56"
"34,41 : 327.99"
"34,42 : 691.81"
"34,43 : 25.32"
"34,44 : 252.72"
"34,45 : 259.19"
"34,46 : 182.78"
"34,47 : 344.37"
"34,48 : 403.27"
"34,49 : 792.57"
"35,0 : 339.71"
"35,1 : 566.39"
"35,2 : 437.16"
"35,3 : 857.01"
"35,4 : 284.4"
"35,5 : 351.01"
"35,6 : 705.88"
"35,7 : 749.23"
"35,8 : 823.31"
"35,9 : 342.53"
"35,10 : 429.42"
"35,11 : 388.21"
"35,12 : 903.21"
"35,13 : 483.36"
"35,14 : 742.51"
"35,15 : 786.09"
"35,16 : 492.85"
"35,17 : 453.51"
"35,18 : 113.44"
"35,19 : 699.35"
"35,20 : 229.26"
"35,21 : 352.89"
"35,22 : 425.25"
"35,23 : 597.6"
"35,24 : 380.31"
"35,25 : 892.38"
"35,26 : 863.18"
"35,27 : 449.8"
"35,28 : 773.71"
"35,29 : 321.6"
"35,30 : 550.25"
"35,31 : 493.28"
"35,32 : 356.12"
"35,33 : 744.1"
"35,34 : 135.68"
"35,35 : 0.0"
"35,36 : 869.47"
"35,37 : 396.68"
"35,38 : 653.35"
"35,39 : 505.78"
"35,40 : 715.86"
"35,41 : 210.05"
"35,42 : 764.77"
"35,43 : 153.53"
"35,44 : 353.24"
"35,45 : 379.1"
"35,46 : 243.82"
"35,47 : 373.02"
"35,48 : 289.77"
"35,49 : 912.13"
"36,0 : 628.65"
"36,1 : 349.58"
"36,2 : 1174.14"
"36,3 : 672.36"
"36,4 : 635.18"
"36,5 : 528.74"
"36,6 : 215.2"
"36,7 : 630.6"
"36,8 : 63.69"
"36,9 : 568.65"
"36,10 : 572.54"
"36,11 : 829.35"
"36,12 : 576.74"
"36,13 : 897.96"
"36,14 : 615.96"
"36,15 : 541.18"
"36,16 : 557.89"
"36,17 : 749.66"
"36,18 : 761.47"
"36,19 : 365.78"
"36,20 : 786.25"
"36,21 : 696.93"
"36,22 : 457.28"
"36,23 : 516.79"
"36,24 : 605.88"
"36,25 : 510.1"
"36,26 : 679.5"
"36,27 : 775.23"
"36,28 : 198.44"
"36,29 : 548.13"
"36,30 : 613.73"
"36,31 : 376.32"
"36,32 : 618.32"
"36,33 : 135.07"
"36,34 : 865.2"
"36,35 : 869.47"
"36,36 : 0.0"
"36,37 : 656.71"
"36,38 : 360.63"
"36,39 : 765.61"
"36,40 : 866.63"
"36,41 : 780.52"
"36,42 : 443.5"
"36,43 : 847.12"
"36,44 : 1080.73"
"36,45 : 1041.8"
"36,46 : 687.09"
"36,47 : 522.22"
"36,48 : 748.55"
"36,49 : 859.04"
"37,0 : 82.76"
"37,1 : 307.62"
"37,2 : 530.86"
"37,3 : 460.33"
"37,4 : 149.4"
"37,5 : 355.83"
"37,6 : 584.55"
"37,7 : 352.6"
"37,8 : 595.91"
"37,9 : 157.09"
"37,10 : 84.2"
"37,11 : 172.86"
"37,12 : 512.96"
"37,13 : 254.69"
"37,14 : 346.16"
"37,15 : 396.99"
"37,16 : 118.68"
"37,17 : 676.36"
"37,18 : 302.54"
"37,19 : 361.84"
"37,20 : 513.36"
"37,21 : 556.17"
"37,22 : 386.09"
"37,23 : 218.66"
"37,24 : 66.01"
"37,25 : 511.17"
"37,26 : 466.53"
"37,27 : 136.72"
"37,28 : 494.1"
"37,29 : 297.32"
"37,30 : 153.84"
"37,31 : 362.44"
"37,32 : 493.58"
"37,33 : 522.41"
"37,34 : 301.66"
"37,35 : 396.68"
"37,36 : 656.71"
"37,37 : 0.0"
"37,38 : 330.41"
"37,39 : 727.07"
"37,40 : 367.92"
"37,41 : 492.18"
"37,42 : 395.25"
"37,43 : 276.46"
"37,44 : 443.31"
"37,45 : 392.23"
"37,46 : 161.72"
"37,47 : 196.06"
"37,48 : 537.56"
"37,49 : 530.4"
"38,0 : 334.57"
"38,1 : 120.21"
"38,2 : 861.18"
"38,3 : 369.2"
"38,4 : 372.39"
"38,5 : 405.94"
"38,6 : 381.69"
"38,7 : 295.17"
"38,8 : 296.95"
"38,9 : 310.85"
"38,10 : 253.15"
"38,11 : 494.74"
"38,12 : 327.39"
"38,13 : 548.77"
"38,14 : 280.06"
"38,15 : 236.04"
"38,16 : 215.52"
"38,17 : 739.14"
"38,18 : 540.53"
"38,19 : 51.08"
"38,20 : 667.72"
"38,21 : 639.71"
"38,22 : 371.66"
"38,23 : 156.26"
"38,24 : 299.34"
"38,25 : 284.11"
"38,26 : 377.22"
"38,27 : 428.74"
"38,28 : 172.05"
"38,29 : 382.28"
"38,30 : 255.19"
"38,31 : 276.7"
"38,32 : 555.19"
"38,33 : 241.85"
"38,34 : 600.87"
"38,35 : 653.35"
"38,36 : 360.63"
"38,37 : 330.41"
"38,38 : 0.0"
"38,39 : 777.01"
"38,40 : 509.12"
"38,41 : 652.73"
"38,42 : 153.46"
"38,43 : 577.88"
"38,44 : 773.47"
"38,45 : 721.91"
"38,46 : 420.68"
"38,47 : 284.63"
"38,48 : 659.22"
"38,49 : 537.27"
"39,0 : 644.3"
"39,1 : 656.81"
"39,2 : 941.8"
"39,3 : 1114.51"
"39,4 : 579.6"
"39,5 : 390.04"
"39,6 : 550.41"
"39,7 : 1013.93"
"39,8 : 754.29"
"39,9 : 578.61"
"39,10 : 696.52"
"39,11 : 818.53"
"39,12 : 1101.84"
"39,13 : 924.9"
"39,14 : 1001.49"
"39,15 : 997.65"
"39,16 : 752.02"
"39,17 : 53.76"
"39,18 : 494.19"
"39,19 : 826.76"
"39,20 : 276.52"
"39,21 : 173.35"
"39,22 : 406.06"
"39,23 : 825.81"
"39,24 : 670.22"
"39,25 : 1061.07"
"39,26 : 1122.32"
"39,27 : 843.65"
"39,28 : 792.78"
"39,29 : 439.07"
"39,30 : 841.53"
"39,31 : 501.22"
"39,32 : 236.81"
"39,33 : 697.92"
"39,34 : 621.56"
"39,35 : 505.78"
"39,36 : 765.61"
"39,37 : 727.07"
"39,38 : 777.01"
"39,39 : 0.0"
"39,40 : 1094.98"
"39,41 : 296.08"
"39,42 : 929.33"
"39,43 : 627.8"
"39,44 : 858.98"
"39,45 : 879.66"
"39,46 : 587.58"
"39,47 : 559.23"
"39,48 : 218.33"
"39,49 : 1237.01"
"40,0 : 450.68"
"40,1 : 570.01"
"40,2 : 618.51"
"40,3 : 301.8"
"40,4 : 516.38"
"40,5 : 718.27"
"40,6 : 872.23"
"40,7 : 260.8"
"40,8 : 803.39"
"40,9 : 519.86"
"40,10 : 409.21"
"40,11 : 331.73"
"40,12 : 426.04"
"40,13 : 262.84"
"40,14 : 271.83"
"40,15 : 366.01"
"40,16 : 370.11"
"40,17 : 1044.26"
"40,18 : 646.8"
"40,19 : 501.34"
"40,20 : 873.04"
"40,21 : 923.96"
"40,22 : 736.68"
"40,23 : 358.02"
"40,24 : 426.47"
"40,25 : 472.35"
"40,26 : 301.5"
"40,27 : 267.32"
"40,28 : 669.87"
"40,29 : 661.81"
"40,30 : 281.6"
"40,31 : 686.87"
"40,32 : 860.89"
"40,33 : 750.79"
"40,34 : 588.56"
"40,35 : 715.86"
"40,36 : 866.63"
"40,37 : 367.92"
"40,38 : 509.12"
"40,39 : 1094.98"
"40,40 : 0.0"
"40,41 : 851.15"
"40,42 : 445.18"
"40,43 : 566.0"
"40,44 : 573.51"
"40,45 : 495.99"
"40,46 : 517.8"
"40,47 : 549.38"
"40,48 : 902.58"
"40,49 : 225.28"
"41,0 : 414.02"
"41,1 : 542.56"
"41,2 : 647.01"
"41,3 : 931.49"
"41,4 : 345.46"
"41,5 : 261.0"
"41,6 : 587.31"
"41,7 : 824.28"
"41,8 : 746.15"
"41,9 : 373.02"
"41,10 : 489.02"
"41,11 : 546.56"
"41,12 : 949.87"
"41,13 : 650.83"
"41,14 : 814.38"
"41,15 : 835.4"
"41,16 : 552.79"
"41,17 : 243.53"
"41,18 : 211.57"
"41,19 : 703.32"
"41,20 : 22.36"
"41,21 : 148.48"
"41,22 : 325.59"
"41,23 : 647.09"
"41,24 : 449.33"
"41,25 : 924.3"
"41,26 : 938.64"
"41,27 : 587.06"
"41,28 : 731.5"
"41,29 : 270.73"
"41,30 : 631.66"
"41,31 : 420.17"
"41,32 : 180.65"
"41,33 : 671.87"
"41,34 : 327.99"
"41,35 : 210.05"
"41,36 : 780.52"
"41,37 : 492.18"
"41,38 : 652.73"
"41,39 : 296.08"
"41,40 : 851.15"
"41,41 : 0.0"
"41,42 : 790.04"
"41,43 : 336.69"
"41,44 : 563.03"
"41,45 : 584.44"
"41,46 : 333.86"
"41,47 : 377.24"
"41,48 : 80.28"
"41,49 : 1022.06"
"42,0 : 428.01"
"42,1 : 273.01"
"42,2 : 906.6"
"42,3 : 233.0"
"42,4 : 480.61"
"42,5 : 552.7"
"42,6 : 516.61"
"42,7 : 191.09"
"42,8 : 384.01"
"42,9 : 428.32"
"42,10 : 338.01"
"42,11 : 532.58"
"42,12 : 173.97"
"42,13 : 558.61"
"42,14 : 177.41"
"42,15 : 98.25"
"42,16 : 279.41"
"42,17 : 890.46"
"42,18 : 655.28"
"42,19 : 107.42"
"42,20 : 806.5"
"42,21 : 788.21"
"42,22 : 523.4"
"42,23 : 176.71"
"42,24 : 388.02"
"42,25 : 134.66"
"42,26 : 240.63"
"42,27 : 452.6"
"42,28 : 247.2"
"42,29 : 522.8"
"42,30 : 265.75"
"42,31 : 429.93"
"42,32 : 704.61"
"42,33 : 353.62"
"42,34 : 691.81"
"42,35 : 764.77"
"42,36 : 443.5"
"42,37 : 395.25"
"42,38 : 153.46"
"42,39 : 929.33"
"42,40 : 445.18"
"42,41 : 790.04"
"42,42 : 0.0"
"42,43 : 667.19"
"42,44 : 826.78"
"42,45 : 765.17"
"42,46 : 522.46"
"42,47 : 413.66"
"42,48 : 803.24"
"42,49 : 416.2"
"43,0 : 243.76"
"43,1 : 513.41"
"43,2 : 353.36"
"43,3 : 729.31"
"43,4 : 213.97"
"43,5 : 376.58"
"43,6 : 714.03"
"43,7 : 623.49"
"43,8 : 793.78"
"43,9 : 281.19"
"43,10 : 330.95"
"43,11 : 235.85"
"43,12 : 789.2"
"43,13 : 329.86"
"43,14 : 618.6"
"43,15 : 673.44"
"43,16 : 387.87"
"43,17 : 574.14"
"43,18 : 137.82"
"43,19 : 618.29"
"43,20 : 358.47"
"43,21 : 461.11"
"43,22 : 444.04"
"43,23 : 492.33"
"43,24 : 281.48"
"43,25 : 787.01"
"43,26 : 734.89"
"43,27 : 302.9"
"43,28 : 720.85"
"43,29 : 327.37"
"43,30 : 427.95"
"43,31 : 483.67"
"43,32 : 438.78"
"43,33 : 714.47"
"43,34 : 25.32"
"43,35 : 153.53"
"43,36 : 847.12"
"43,37 : 276.46"
"43,38 : 577.88"
"43,39 : 627.8"
"43,40 : 566.0"
"43,41 : 336.69"
"43,42 : 667.19"
"43,43 : 0.0"
"43,44 : 258.57"
"43,45 : 257.39"
"43,46 : 161.94"
"43,47 : 325.33"
"43,48 : 409.98"
"43,49 : 768.59"
"44,0 : 452.87"
"44,1 : 734.7"
"44,2 : 95.69"
"44,3 : 820.12"
"44,4 : 449.95"
"44,5 : 634.72"
"44,6 : 964.82"
"44,7 : 727.62"
"44,8 : 1023.51"
"44,9 : 514.21"
"44,10 : 521.72"
"44,11 : 296.18"
"44,12 : 910.71"
"44,13 : 314.08"
"44,14 : 727.96"
"44,15 : 804.75"
"44,16 : 560.9"
"44,17 : 806.55"
"44,18 : 391.49"
"44,19 : 804.72"
"44,20 : 582.49"
"44,21 : 702.16"
"44,22 : 700.76"
"44,23 : 652.62"
"44,24 : 480.03"
"44,25 : 926.27"
"44,26 : 823.64"
"44,27 : 380.93"
"44,28 : 933.51"
"44,29 : 583.79"
"44,30 : 562.26"
"44,31 : 731.84"
"44,32 : 691.12"
"44,33 : 945.92"
"44,34 : 252.72"
"44,35 : 353.24"
"44,36 : 1080.73"
"44,37 : 443.31"
"44,38 : 773.47"
"44,39 : 858.98"
"44,40 : 573.51"
"44,41 : 563.03"
"44,42 : 826.78"
"44,43 : 258.57"
"44,44 : 0.0"
"44,45 : 77.88"
"44,46 : 400.14"
"44,47 : 562.63"
"44,48 : 642.19"
"44,49 : 798.33"
"45,0 : 413.92"
"45,1 : 692.98"
"45,2 : 141.44"
"45,3 : 747.29"
"45,4 : 422.1"
"45,5 : 623.13"
"45,6 : 938.94"
"45,7 : 657.19"
"45,8 : 982.88"
"45,9 : 482.54"
"45,10 : 474.0"
"45,11 : 232.65"
"45,12 : 841.37"
"45,13 : 238.05"
"45,14 : 658.28"
"45,15 : 737.81"
"45,16 : 507.0"
"45,17 : 826.38"
"45,18 : 395.18"
"45,19 : 750.06"
"45,20 : 605.15"
"45,21 : 716.44"
"45,22 : 684.76"
"45,23 : 593.51"
"45,24 : 436.31"
"45,25 : 859.76"
"45,26 : 750.56"
"45,27 : 314.35"
"45,28 : 886.14"
"45,29 : 568.56"
"45,30 : 499.49"
"45,31 : 705.45"
"45,32 : 696.12"
"45,33 : 906.73"
"45,34 : 259.19"
"45,35 : 379.1"
"45,36 : 1041.8"
"45,37 : 392.23"
"45,38 : 721.91"
"45,39 : 879.66"
"45,40 : 495.99"
"45,41 : 584.44"
"45,42 : 765.17"
"45,43 : 257.39"
"45,44 : 77.88"
"45,45 : 0.0"
"45,46 : 375.83"
"45,47 : 531.85"
"45,48 : 661.37"
"45,49 : 720.98"
"46,0 : 95.9"
"46,1 : 351.51"
"46,2 : 495.55"
"46,3 : 618.24"
"46,4 : 52.15"
"46,5 : 255.48"
"46,6 : 565.09"
"46,7 : 510.01"
"46,8 : 632.78"
"46,9 : 119.36"
"46,10 : 185.69"
"46,11 : 235.33"
"46,12 : 659.59"
"46,13 : 341.32"
"46,14 : 502.32"
"46,15 : 542.44"
"46,16 : 249.07"
"46,17 : 535.01"
"46,18 : 141.79"
"46,19 : 463.58"
"46,20 : 355.56"
"46,21 : 414.29"
"46,22 : 310.91"
"46,23 : 353.79"
"46,24 : 136.5"
"46,25 : 648.83"
"46,26 : 624.76"
"46,27 : 257.19"
"46,28 : 559.26"
"46,29 : 197.2"
"46,30 : 311.31"
"46,31 : 331.81"
"46,32 : 364.19"
"46,33 : 553.69"
"46,34 : 182.78"
"46,35 : 243.82"
"46,36 : 687.09"
"46,37 : 161.72"
"46,38 : 420.68"
"46,39 : 587.58"
"46,40 : 517.8"
"46,41 : 333.86"
"46,42 : 522.46"
"46,43 : 161.94"
"46,44 : 400.14"
"46,45 : 375.83"
"46,46 : 0.0"
"46,47 : 164.92"
"46,48 : 385.88"
"46,49 : 691.43"
"47,0 : 127.61"
"47,1 : 194.1"
"47,2 : 657.48"
"47,3 : 563.02"
"47,4 : 113.28"
"47,5 : 171.17"
"47,6 : 408.07"
"47,7 : 458.7"
"47,8 : 468.45"
"47,9 : 49.4"
"47,10 : 140.63"
"47,11 : 350.13"
"47,12 : 572.91"
"47,13 : 445.22"
"47,14 : 447.22"
"47,15 : 459.32"
"47,16 : 192.8"
"47,17 : 512.29"
"47,18 : 259.59"
"47,19 : 333.29"
"47,20 : 394.55"
"47,21 : 397.39"
"47,22 : 190.52"
"47,23 : 274.02"
"47,24 : 130.14"
"47,25 : 547.49"
"47,26 : 570.55"
"47,27 : 332.12"
"47,28 : 402.61"
"47,29 : 120.97"
"47,30 : 282.94"
"47,31 : 175.87"
"47,32 : 322.5"
"47,33 : 389.15"
"47,34 : 344.37"
"47,35 : 373.02"
"47,36 : 522.22"
"47,37 : 196.06"
"47,38 : 284.63"
"47,39 : 559.23"
"47,40 : 549.38"
"47,41 : 377.24"
"47,42 : 413.66"
"47,43 : 325.33"
"47,44 : 562.63"
"47,45 : 531.85"
"47,46 : 164.92"
"47,47 : 0.0"
"47,48 : 398.32"
"47,49 : 677.8"
"48,0 : 456.33"
"48,1 : 543.6"
"48,2 : 726.92"
"48,3 : 960.62"
"48,4 : 388.25"
"48,5 : 254.26"
"48,6 : 546.21"
"48,7 : 855.05"
"48,8 : 719.71"
"48,9 : 403.77"
"48,10 : 522.95"
"48,11 : 609.31"
"48,12 : 968.6"
