x,y
886,156
944,53
668,479
63,663
533,556
645,625
43,847
837,901
908,126
765,64
308,254
147,597
727,765
201,499
586,730
795,750
355,343
776,679
688,902
755,504
766,441
194,594
758,100
860,21
357,934
895,542
235,295
83,66
52,69
603,573
692,5
597,472
929,946
665,443
183,472
13,349
407,307
187,357
426,348
12,245
877,172
479,373
65,293
502,109
486,118
424,523
39,136
14,437
61,321
975,9

Distanze
"0,0 : 0.0"
"0,1 : 251.72"
"0,2 : 449.93"
"0,3 : 729.85"
"0,4 : 312.71"
"0,5 : 853.84"
"0,6 : 914.66"
"0,7 : 646.62"
"0,8 : 377.3"
"0,9 : 515.03"
"0,10 : 546.46"
"0,11 : 433.89"
"0,12 : 622.98"
"0,13 : 413.18"
"0,14 : 598.01"
"0,15 : 810.99"
"0,16 : 311.57"
"0,17 : 503.56"
"0,18 : 852.78"
"0,19 : 391.47"
"0,20 : 755.43"
"0,21 : 526.52"
"0,22 : 945.9"
"0,23 : 268.0"
"0,24 : 209.4"
"0,25 : 569.01"
"0,26 : 243.17"
"0,27 : 465.17"
"0,28 : 486.75"
"0,29 : 678.55"
"0,30 : 194.12"
"0,31 : 808.74"
"0,32 : 547.09"
"0,33 : 674.44"
"0,34 : 419.89"
"0,35 : 854.01"
"0,36 : 119.85"
"0,37 : 587.73"
"0,38 : 666.44"
"0,39 : 789.01"
"0,40 : 817.07"
"0,41 : 156.42"
"0,42 : 771.43"
"0,43 : 142.21"
"0,44 : 949.21"
"0,45 : 387.67"
"0,46 : 444.5"
"0,47 : 718.19"
"0,48 : 772.53"
"0,49 : 476.94"
"1,0 : 251.72"
"1,1 : 0.0"
"1,2 : 351.04"
"1,3 : 916.69"
"1,4 : 72.95"
"1,5 : 817.83"
"1,6 : 1090.85"
"1,7 : 878.82"
"1,8 : 628.92"
"1,9 : 766.11"
"1,10 : 656.65"
"1,11 : 368.27"
"1,12 : 874.67"
"1,13 : 254.7"
"1,14 : 849.13"
"1,15 : 978.46"
"1,16 : 353.75"
"1,17 : 606.9"
"1,18 : 796.0"
"1,19 : 391.16"
"1,20 : 920.02"
"1,21 : 706.92"
"1,22 : 1068.86"
"1,23 : 421.91"
"1,24 : 52.8"
"1,25 : 603.33"
"1,26 : 12.81"
"1,27 : 580.76"
"1,28 : 737.04"
"1,29 : 789.79"
"1,30 : 100.0"
"1,31 : 722.67"
"1,32 : 493.85"
"1,33 : 717.45"
"1,34 : 514.46"
"1,35 : 1049.13"
"1,36 : 347.05"
"1,37 : 834.47"
"1,38 : 724.61"
"1,39 : 947.78"
"1,40 : 923.41"
"1,41 : 304.11"
"1,42 : 904.12"
"1,43 : 347.19"
"1,44 : 1065.63"
"1,45 : 273.03"
"1,46 : 627.9"
"1,47 : 866.28"
"1,48 : 879.41"
"1,49 : 631.92"
"2,0 : 449.93"
"2,1 : 351.04"
"2,2 : 0.0"
"2,3 : 792.92"
"2,4 : 394.99"
"2,5 : 469.71"
"2,6 : 931.92"
"2,7 : 862.96"
"2,8 : 740.89"
"2,9 : 852.61"
"2,10 : 457.27"
"2,11 : 55.79"
"2,12 : 966.91"
"2,13 : 121.43"
"2,14 : 929.12"
"2,15 : 814.61"
"2,16 : 218.0"
"2,17 : 411.12"
"2,18 : 445.03"
"2,19 : 158.26"
"2,20 : 757.57"
"2,21 : 603.56"
"2,22 : 833.52"
"2,23 : 380.43"
"2,24 : 385.87"
"2,25 : 321.89"
"2,26 : 361.23"
"2,27 : 410.19"
"2,28 : 817.44"
"2,29 : 567.14"
"2,30 : 297.25"
"2,31 : 374.99"
"2,32 : 151.54"
"2,33 : 426.39"
"2,34 : 339.61"
"2,35 : 928.23"
"2,36 : 453.51"
"2,37 : 880.07"
"2,38 : 448.29"
"2,39 : 773.11"
"2,40 : 679.14"
"2,41 : 350.65"
"2,42 : 695.87"
"2,43 : 591.11"
"2,44 : 822.43"
"2,45 : 78.01"
"2,46 : 548.06"
"2,47 : 684.6"
"2,48 : 640.15"
"2,49 : 504.43"
"3,0 : 729.85"
"3,1 : 916.69"
"3,2 : 792.92"
"3,3 : 0.0"
"3,4 : 989.62"
"3,5 : 779.87"
"3,6 : 188.61"
"3,7 : 271.02"
"3,8 : 542.58"
"3,9 : 501.1"
"3,10 : 348.14"
"3,11 : 737.33"
"3,12 : 550.61"
"3,13 : 876.09"
"3,14 : 508.27"
"3,15 : 117.21"
"3,16 : 605.63"
"3,17 : 386.68"
"3,18 : 834.89"
"3,19 : 636.01"
"3,20 : 103.17"
"3,21 : 209.77"
"3,22 : 347.94"
"3,23 : 494.81"
"3,24 : 899.53"
"3,25 : 531.63"
"3,26 : 915.33"
"3,27 : 382.73"
"3,28 : 481.58"
"3,29 : 304.81"
"3,30 : 817.88"
"3,31 : 888.29"
"3,32 : 723.01"
"3,33 : 508.84"
"3,34 : 454.05"
"3,35 : 136.31"
"3,36 : 610.24"
"3,37 : 415.65"
"3,38 : 466.17"
"3,39 : 137.08"
"3,40 : 338.58"
"3,41 : 614.75"
"3,42 : 232.14"
"3,43 : 783.89"
"3,44 : 370.62"
"3,45 : 809.09"
"3,46 : 289.82"
"3,47 : 169.26"
"3,48 : 324.64"
"3,49 : 295.1"
"4,0 : 312.71"
"4,1 : 72.95"
"4,2 : 394.99"
"4,3 : 989.62"
"4,4 : 0.0"
"4,5 : 864.68"
"4,6 : 1163.7"
"4,7 : 948.36"
"4,8 : 689.03"
"4,9 : 827.44"
"4,10 : 727.02"
"4,11 : 419.67"
"4,12 : 934.1"
"4,13 : 286.04"
"4,14 : 910.34"
"4,15 : 1051.15"
"4,16 : 422.45"
"4,17 : 677.07"
"4,18 : 838.22"
"4,19 : 453.65"
"4,20 : 992.67"
"4,21 : 779.85"
"4,22 : 1138.78"
"4,23 : 494.85"
"4,24 : 103.31"
"4,25 : 666.02"
"4,26 : 75.24"
"4,27 : 651.95"
"4,28 : 799.44"
"4,29 : 859.59"
"4,30 : 172.61"
"4,31 : 758.29"
"4,32 : 543.1"
"4,33 : 779.98"
"4,34 : 584.75"
"4,35 : 1121.98"
"4,36 : 414.98"
"4,37 : 899.51"
"4,38 : 789.13"
"4,39 : 1020.2"
"4,40 : 992.22"
"4,41 : 376.65"
"4,42 : 975.19"
"4,43 : 390.66"
"4,44 : 1134.97"
"4,45 : 318.15"
"4,46 : 700.76"
"4,47 : 938.34"
"4,48 : 948.44"
"4,49 : 704.64"
"5,0 : 853.84"
"5,1 : 817.83"
"5,2 : 469.71"
"5,3 : 779.87"
"5,4 : 864.68"
"5,5 : 0.0"
"5,6 : 828.42"
"5,7 : 977.6"
"5,8 : 1017.06"
"5,9 : 1082.95"
"5,10 : 479.68"
"5,11 : 450.4"
"5,12 : 1184.56"
"5,13 : 584.57"
"5,14 : 1139.68"
"5,15 : 731.78"
"5,16 : 543.3"
"5,17 : 475.59"
"5,18 : 70.6"
"5,19 : 462.87"
"5,20 : 694.18"
"5,21 : 687.56"
"5,22 : 614.05"
"5,23 : 653.4"
"5,24 : 847.4"
"5,25 : 320.35"
"5,26 : 827.18"
"5,27 : 513.82"
"5,28 : 1048.24"
"5,29 : 475.08"
"5,30 : 750.04"
"5,31 : 178.63"
"5,32 : 324.35"
"5,33 : 278.3"
"5,34 : 497.78"
"5,35 : 885.46"
"5,36 : 804.12"
"5,37 : 1062.21"
"5,38 : 318.99"
"5,39 : 684.19"
"5,40 : 488.64"
"5,41 : 708.98"
"5,42 : 572.66"
"5,43 : 992.23"
"5,44 : 589.49"
"5,45 : 546.76"
"5,46 : 687.52"
"5,47 : 614.28"
"5,48 : 476.83"
"5,49 : 605.29"
"6,0 : 914.66"
"6,1 : 1090.85"
"6,2 : 931.92"
"6,3 : 188.61"
"6,4 : 1163.7"
"6,5 : 828.42"
"6,6 : 0.0"
"6,7 : 420.07"
"6,8 : 724.85"
"6,9 : 668.62"
"6,10 : 474.66"
"6,11 : 876.28"
"6,12 : 700.03"
"6,13 : 1026.17"
"6,14 : 661.68"
"6,15 : 117.39"
"6,16 : 763.59"
"6,17 : 521.42"
"6,18 : 891.71"
"6,19 : 780.3"
"6,20 : 175.45"
"6,21 : 389.0"
"6,22 : 264.84"
"6,23 : 670.3"
"6,24 : 1077.15"
"6,25 : 638.26"
"6,26 : 1090.4"
"6,27 : 529.69"
"6,28 : 653.61"
"6,29 : 382.43"
"6,30 : 991.15"
"6,31 : 963.69"
"6,32 : 840.42"
"6,33 : 584.05"
"6,34 : 602.68"
"6,35 : 120.07"
"6,36 : 795.57"
"6,37 : 572.02"
"6,38 : 543.01"
"6,39 : 160.23"
"6,40 : 341.48"
"6,41 : 792.81"
"6,42 : 260.32"
"6,43 : 972.3"
"6,44 : 294.16"
"6,45 : 958.55"
"6,46 : 470.97"
"6,47 : 248.36"
"6,48 : 352.32"
"6,49 : 459.58"
"7,0 : 646.62"
"7,1 : 878.82"
"7,2 : 862.96"
"7,3 : 271.02"
"7,4 : 948.36"
"7,5 : 977.6"
"7,6 : 420.07"
"7,7 : 0.0"
"7,8 : 342.0"
"7,9 : 253.95"
"7,10 : 500.68"
"7,11 : 811.82"
"7,12 : 282.02"
"7,13 : 915.2"
"7,14 : 242.0"
"7,15 : 386.37"
"7,16 : 647.97"
"7,17 : 517.03"
"7,18 : 1022.04"
"7,19 : 708.59"
"7,20 : 370.55"
"7,21 : 292.41"
"7,22 : 618.95"
"7,23 : 494.0"
"7,24 : 847.54"
"7,25 : 682.3"
"7,26 : 873.76"
"7,27 : 490.43"
"7,28 : 245.98"
"7,29 : 521.73"
"7,30 : 789.79"
"7,31 : 1052.54"
"7,32 : 838.64"
"7,33 : 699.46"
"7,34 : 543.0"
"7,35 : 307.33"
"7,36 : 534.11"
"7,37 : 152.07"
"7,38 : 659.84"
"7,39 : 407.31"
"7,40 : 594.14"
"7,41 : 584.13"
"7,42 : 489.41"
"7,43 : 651.37"
"7,44 : 641.41"
"7,45 : 854.24"
"7,46 : 319.92"
"7,47 : 416.42"
"7,48 : 570.79"
"7,49 : 386.58"
"8,0 : 377.3"
"8,1 : 628.92"
"8,2 : 740.89"
"8,3 : 542.58"
"8,4 : 689.03"
"8,5 : 1017.06"
"8,6 : 724.85"
"8,7 : 342.0"
"8,8 : 0.0"
"8,9 : 139.59"
"8,10 : 568.35"
"8,11 : 703.17"
"8,12 : 245.81"
"8,13 : 748.36"
"8,14 : 221.82"
"8,15 : 654.37"
"8,16 : 533.02"
"8,17 : 552.85"
"8,18 : 1040.81"
"8,19 : 617.14"
"8,20 : 614.77"
"8,21 : 412.09"
"8,22 : 858.7"
"8,23 : 378.38"
"8,24 : 586.0"
"8,25 : 696.75"
"8,26 : 620.46"
"8,27 : 510.27"
"8,28 : 116.81"
"8,29 : 659.93"
"8,30 : 560.81"
"8,31 : 1034.22"
"8,32 : 778.62"
"8,33 : 764.35"
"8,34 : 519.56"
"8,35 : 627.9"
"8,36 : 300.74"
"8,37 : 230.89"
"8,38 : 736.37"
"8,39 : 654.78"
"8,40 : 778.82"
"8,41 : 394.51"
"8,42 : 693.06"
"8,43 : 332.43"
"8,44 : 873.48"
"8,45 : 702.62"
"8,46 : 361.38"
"8,47 : 620.08"
"8,48 : 741.37"
"8,49 : 442.53"
"9,0 : 515.03"
"9,1 : 766.11"
"9,2 : 852.61"
"9,3 : 501.1"
"9,4 : 827.44"
"9,5 : 1082.95"
"9,6 : 668.62"
"9,7 : 253.95"
"9,8 : 139.59"
"9,9 : 0.0"
"9,10 : 612.67"
"9,11 : 810.54"
"9,12 : 114.59"
"9,13 : 871.38"
"9,14 : 83.02"
"9,15 : 618.01"
"9,16 : 638.0"
"9,17 : 608.16"
"9,18 : 1114.11"
"9,19 : 717.56"
"9,20 : 588.88"
"9,21 : 424.65"
"9,22 : 840.21"
"9,23 : 476.45"
"9,24 : 724.25"
"9,25 : 765.04"
"9,26 : 758.01"
"9,27 : 569.13"
"9,28 : 35.81"
"9,29 : 680.96"
"9,30 : 694.39"
"9,31 : 1119.58"
"9,32 : 873.15"
"9,33 : 816.54"
"9,34 : 594.3"
"9,35 : 559.79"
"9,36 : 430.07"
"9,37 : 110.21"
"9,38 : 783.53"
"9,39 : 628.54"
"9,40 : 784.05"
"9,41 : 515.98"
"9,42 : 687.89"
"9,43 : 470.2"
"9,44 : 858.94"
"9,45 : 821.4"
"9,46 : 398.84"
"9,47 : 612.52"
"9,48 : 751.68"
"9,49 : 483.14"
"10,0 : 546.46"
"10,1 : 656.65"
"10,2 : 457.27"
"10,3 : 348.14"
"10,4 : 727.02"
"10,5 : 479.68"
"10,6 : 474.66"
"10,7 : 500.68"
"10,8 : 568.35"
"10,9 : 612.67"
"10,10 : 0.0"
"10,11 : 401.66"
"10,12 : 709.03"
"10,13 : 554.56"
"10,14 : 663.63"
"10,15 : 357.39"
"10,16 : 306.36"
"10,17 : 50.33"
"10,18 : 521.52"
"10,19 : 307.68"
"10,20 : 300.76"
"10,21 : 208.66"
"10,22 : 412.48"
"10,23 : 279.69"
"10,24 : 655.66"
"10,25 : 187.36"
"10,26 : 659.14"
"10,27 : 81.34"
"10,28 : 579.29"
"10,29 : 134.63"
"10,30 : 558.03"
"10,31 : 555.43"
"10,32 : 375.07"
"10,33 : 205.0"
"10,34 : 142.27"
"10,35 : 479.0"
"10,36 : 447.34"
"10,37 : 583.52"
"10,38 : 170.88"
"10,39 : 316.06"
"10,40 : 272.36"
"10,41 : 394.18"
"10,42 : 249.8"
"10,43 : 653.84"
"10,44 : 410.76"
"10,45 : 487.08"
"10,46 : 213.91"
"10,47 : 227.69"
"10,48 : 227.64"
"10,49 : 129.54"
"11,0 : 433.89"
"11,1 : 368.27"
"11,2 : 55.79"
"11,3 : 737.33"
"11,4 : 419.67"
"11,5 : 450.4"
"11,6 : 876.28"
"11,7 : 811.82"
"11,8 : 703.17"
"11,9 : 810.54"
"11,10 : 401.66"
"11,11 : 0.0"
"11,12 : 924.41"
"11,13 : 165.49"
"11,14 : 885.66"
"11,15 : 758.95"
"11,16 : 172.63"
"11,17 : 355.36"
"11,18 : 433.78"
"11,19 : 104.12"
"11,20 : 701.84"
"11,21 : 549.13"
"11,22 : 781.31"
"11,23 : 335.27"
"11,24 : 397.06"
"11,25 : 271.71"
"11,26 : 377.23"
"11,27 : 354.61"
"11,28 : 775.11"
"11,29 : 512.94"
"11,30 : 301.21"
"11,31 : 376.52"
"11,32 : 126.06"
"11,33 : 379.52"
"11,34 : 284.38"
"11,35 : 872.55"
"11,36 : 423.66"
"11,37 : 833.69"
"11,38 : 398.87"
"11,39 : 717.59"
"11,40 : 627.2"
"11,41 : 319.64"
"11,42 : 641.35"
"11,43 : 576.09"
"11,44 : 770.93"
"11,45 : 106.17"
"11,46 : 495.33"
"11,47 : 629.1"
"11,48 : 587.55"
"11,49 : 449.64"
"12,0 : 622.98"
"12,1 : 874.67"
"12,2 : 966.91"
"12,3 : 550.61"
"12,4 : 934.1"
"12,5 : 1184.56"
"12,6 : 700.03"
"12,7 : 282.02"
"12,8 : 245.81"
"12,9 : 114.59"
"12,10 : 709.03"
"12,11 : 924.41"
"12,12 : 0.0"
"12,13 : 985.76"
"12,14 : 45.79"
"12,15 : 667.16"
"12,16 : 751.8"
"12,17 : 708.98"
"12,18 : 1218.45"
"12,19 : 830.54"
"12,20 : 646.61"
"12,21 : 511.26"
"12,22 : 897.56"
"12,23 : 589.79"
"12,24 : 831.29"
"12,25 : 869.16"
"12,26 : 866.12"
"12,27 : 671.75"
"12,28 : 149.47"
"12,29 : 765.19"
"12,30 : 805.83"
"12,31 : 1228.01"
"12,32 : 984.59"
"12,33 : 913.97"
"12,34 : 701.78"
"12,35 : 583.93"
"12,36 : 542.89"
"12,37 : 136.62"
"12,38 : 879.08"
"12,39 : 684.85"
"12,40 : 857.73"
"12,41 : 630.32"
"12,42 : 756.89"
"12,43 : 565.53"
"12,44 : 918.75"
"12,45 : 935.98"
"12,46 : 497.19"
"12,47 : 681.78"
"12,48 : 828.85"
"12,49 : 580.41"
"13,0 : 413.18"
"13,1 : 254.7"
"13,2 : 121.43"
"13,3 : 876.09"
"13,4 : 286.04"
"13,5 : 584.57"
"13,6 : 1026.17"
"13,7 : 915.2"
"13,8 : 748.36"
"13,9 : 871.38"
"13,10 : 554.56"
"13,11 : 165.49"
"13,12 : 985.76"
"13,13 : 0.0"
"13,14 : 951.5"
"13,15 : 908.9"
"13,16 : 273.4"
"13,17 : 505.86"
"13,18 : 553.95"
"13,19 : 246.89"
"13,20 : 850.77"
"13,21 : 676.8"
"13,22 : 944.69"
"13,23 : 421.38"
"13,24 : 298.24"
"13,25 : 437.05"
"13,26 : 266.48"
"13,27 : 497.19"
"13,28 : 837.53"
"13,29 : 672.89"
"13,30 : 230.05"
"13,31 : 472.27"
"13,32 : 272.37"
"13,33 : 544.78"
"13,34 : 424.28"
"13,35 : 1012.36"
"13,36 : 448.81"
"13,37 : 912.97"
"13,38 : 564.29"
"13,39 : 869.69"
"13,40 : 791.02"
"13,41 : 355.45"
"13,42 : 799.87"
"13,43 : 546.65"
"13,44 : 935.08"
"13,45 : 67.62"
"13,46 : 612.13"
"13,47 : 781.8"
"13,48 : 750.62"
"13,49 : 581.85"
"14,0 : 598.01"
"14,1 : 849.13"
"14,2 : 929.12"
"14,3 : 508.27"
"14,4 : 910.34"
"14,5 : 1139.68"
"14,6 : 661.68"
"14,7 : 242.0"
"14,8 : 221.82"
"14,9 : 83.02"
"14,10 : 663.63"
"14,11 : 885.66"
"14,12 : 45.79"
"14,13 : 951.5"
"14,14 : 0.0"
"14,15 : 625.14"
"14,16 : 713.05"
"14,17 : 664.14"
"14,18 : 1174.1"
"14,19 : 790.6"
"14,20 : 603.18"
"14,21 : 465.47"
"14,22 : 854.48"
"14,23 : 550.53"
"14,24 : 807.18"
"14,25 : 824.88"
"14,26 : 841.01"
"14,27 : 627.27"
"14,28 : 114.34"
"14,29 : 719.43"
"14,30 : 777.13"
"14,31 : 1184.93"
"14,32 : 943.21"
"14,33 : 868.61"
"14,34 : 658.6"
"14,35 : 546.98"
"14,36 : 512.37"
"14,37 : 92.76"
"14,38 : 833.56"
"14,39 : 641.69"
"14,40 : 812.61"
"14,41 : 596.43"
"14,42 : 712.16"
"14,43 : 549.83"
"14,44 : 875.32"
"14,45 : 900.31"
"14,46 : 452.19"
"14,47 : 636.96"
"14,48 : 783.44"
"14,49 : 535.18"
"15,0 : 810.99"
"15,1 : 978.46"
"15,2 : 814.61"
"15,3 : 117.21"
"15,4 : 1051.15"
"15,5 : 731.78"
"15,6 : 117.39"
"15,7 : 386.37"
"15,8 : 654.37"
"15,9 : 618.01"
"15,10 : 357.39"
"15,11 : 758.95"
"15,12 : 667.16"
"15,13 : 908.9"
"15,14 : 625.14"
"15,15 : 0.0"
"15,16 : 647.36"
"15,17 : 404.03"
"15,18 : 792.36"
"15,19 : 662.93"
"15,20 : 58.83"
"15,21 : 285.0"
"15,22 : 234.72"
"15,23 : 559.93"
"15,24 : 966.59"
"15,25 : 523.9"
"15,26 : 978.44"
"15,27 : 412.78"
"15,28 : 597.86"
"15,29 : 271.12"
"15,30 : 878.55"
"15,31 : 858.47"
"15,32 : 725.02"
"15,33 : 476.53"
"15,34 : 485.71"
"15,35 : 156.67"
"15,36 : 693.14"
"15,37 : 532.62"
"15,38 : 434.58"
"15,39 : 47.85"
"15,40 : 256.94"
"15,41 : 683.35"
"15,42 : 159.42"
"15,43 : 877.56"
"15,44 : 259.42"
"15,45 : 841.28"
"15,46 : 366.71"
"15,47 : 132.37"
"15,48 : 256.63"
"15,49 : 346.55"
"16,0 : 311.57"
"16,1 : 353.75"
"16,2 : 218.0"
"16,3 : 605.63"
"16,4 : 422.45"
"16,5 : 543.3"
"16,6 : 763.59"
"16,7 : 647.97"
"16,8 : 533.02"
"16,9 : 638.0"
"16,10 : 306.36"
"16,11 : 172.63"
"16,12 : 751.8"
"16,13 : 273.4"
"16,14 : 713.05"
"16,15 : 647.36"
"16,16 : 0.0"
"16,17 : 256.07"
"16,18 : 546.5"
"16,19 : 87.42"
"16,20 : 588.6"
"16,21 : 403.71"
"16,22 : 716.69"
"16,23 : 162.86"
"16,24 : 359.56"
"16,25 : 264.68"
"16,26 : 357.52"
"16,27 : 236.04"
"16,28 : 602.54"
"16,29 : 437.51"
"16,30 : 257.99"
"16,31 : 515.59"
"16,32 : 252.2"
"16,33 : 376.17"
"16,34 : 164.92"
"16,35 : 741.89"
"16,36 : 268.22"
"16,37 : 662.19"
"16,38 : 376.87"
"16,39 : 611.51"
"16,40 : 569.84"
"16,41 : 167.43"
"16,42 : 555.99"
"16,43 : 448.94"
"16,44 : 712.54"
"16,45 : 208.61"
"16,46 : 339.16"
"16,47 : 525.89"
"16,48 : 526.0"
"16,49 : 310.54"
"17,0 : 503.56"
"17,1 : 606.9"
"17,2 : 411.12"
"17,3 : 386.68"
"17,4 : 677.07"
"17,5 : 475.59"
"17,6 : 521.42"
"17,7 : 517.03"
"17,8 : 552.85"
"17,9 : 608.16"
"17,10 : 50.33"
"17,11 : 355.36"
"17,12 : 708.98"
"17,13 : 505.86"
"17,14 : 664.14"
"17,15 : 404.03"
"17,16 : 256.07"
"17,17 : 0.0"
"17,18 : 511.53"
"17,19 : 259.22"
"17,20 : 346.59"
"17,21 : 225.85"
"17,22 : 461.98"
"17,23 : 239.57"
"17,24 : 606.72"
"17,25 : 165.5"
"17,26 : 609.55"
"17,27 : 43.93"
"17,28 : 573.81"
"17,29 : 183.22"
"17,30 : 508.52"
"17,31 : 535.53"
"17,32 : 338.0"
"17,33 : 211.53"
"17,34 : 92.46"
"17,35 : 519.95"
"17,36 : 408.83"
"17,37 : 588.05"
"17,38 : 185.05"
"17,39 : 363.9"
"17,40 : 319.53"
"17,41 : 349.52"
"17,42 : 300.13"
"17,43 : 615.59"
"17,44 : 459.53"
"17,45 : 438.29"
"17,46 : 212.15"
"17,47 : 275.94"
"17,48 : 274.91"
"17,49 : 132.06"
"18,0 : 852.78"
"18,1 : 796.0"
"18,2 : 445.03"
"18,3 : 834.89"
"18,4 : 838.22"
"18,5 : 70.6"
"18,6 : 891.71"
"18,7 : 1022.04"
"18,8 : 1040.81"
"18,9 : 1114.11"
"18,10 : 521.52"
"18,11 : 433.78"
"18,12 : 1218.45"
"18,13 : 553.95"
"18,14 : 1174.1"
"18,15 : 792.36"
"18,16 : 546.5"
"18,17 : 511.53"
"18,18 : 0.0"
"18,19 : 462.07"
"18,20 : 752.49"
"18,21 : 730.18"
"18,22 : 682.53"
"18,23 : 669.81"
"18,24 : 829.06"
"18,25 : 349.31"
"18,26 : 806.04"
"18,27 : 546.88"
"18,28 : 1078.94"
"18,29 : 530.56"
"18,30 : 734.94"
"18,31 : 113.17"
"18,32 : 309.57"
"18,33 : 327.4"
"18,34 : 522.14"
"18,35 : 944.52"
"18,36 : 812.49"
"18,37 : 1099.53"
"18,38 : 369.61"
"18,39 : 744.59"
"18,40 : 553.74"
"18,41 : 713.85"
"18,42 : 633.98"
"18,43 : 993.27"
"18,44 : 658.41"
"18,45 : 523.02"
"18,46 : 723.33"
"18,47 : 671.67"
"18,48 : 539.43"
"18,49 : 643.16"
"19,0 : 391.47"
"19,1 : 391.16"
"19,2 : 158.26"
"19,3 : 636.01"
"19,4 : 453.65"
"19,5 : 462.87"
"19,6 : 780.3"
"19,7 : 708.59"
"19,8 : 617.14"
"19,9 : 717.56"
"19,10 : 307.68"
"19,11 : 104.12"
"19,12 : 830.54"
"19,13 : 246.89"
"19,14 : 790.6"
"19,15 : 662.93"
"19,16 : 87.42"
"19,17 : 259.22"
"19,18 : 462.07"
"19,19 : 0.0"
"19,20 : 605.1"
"19,21 : 445.32"
"19,22 : 703.0"
"19,23 : 241.3"
"19,24 : 407.41"
"19,25 : 212.43"
"19,26 : 397.4"
"19,27 : 253.69"
"19,28 : 681.88"
"19,29 : 427.82"
"19,30 : 304.88"
"19,31 : 428.24"
"19,32 : 164.81"
"19,33 : 326.5"
"19,34 : 182.02"
"19,35 : 771.73"
"19,36 : 355.42"
"19,37 : 735.08"
"19,38 : 336.17"
"19,39 : 623.12"
"19,40 : 550.97"
"19,41 : 253.65"
"19,42 : 553.68"
"19,43 : 531.3"
"19,44 : 695.31"
"19,45 : 179.49"
"19,46 : 391.37"
"19,47 : 535.07"
"19,48 : 509.08"
"19,49 : 346.22"
"20,0 : 755.43"
"20,1 : 920.02"
"20,2 : 757.57"
"20,3 : 103.17"
"20,4 : 992.67"
"20,5 : 694.18"
"20,6 : 175.45"
"20,7 : 370.55"
"20,8 : 614.77"
"20,9 : 588.88"
"20,10 : 300.76"
"20,11 : 701.84"
"20,12 : 646.61"
"20,13 : 850.77"
"20,14 : 603.18"
"20,15 : 58.83"
"20,16 : 588.6"
"20,17 : 346.59"
"20,18 : 752.49"
"20,19 : 605.1"
"20,20 : 0.0"
"20,21 : 231.19"
"20,22 : 251.73"
"20,23 : 502.21"
"20,24 : 908.61"
"20,25 : 471.61"
"20,26 : 920.1"
"20,27 : 354.27"
"20,28 : 566.29"
"20,29 : 224.41"
"20,30 : 820.08"
"20,31 : 813.84"
"20,32 : 671.15"
"20,33 : 431.48"
"20,34 : 427.24"
"20,35 : 192.34"
"20,36 : 638.24"
"20,37 : 510.44"
"20,38 : 388.99"
"20,39 : 40.11"
"20,40 : 236.88"
"20,41 : 625.82"
"20,42 : 131.24"
"20,43 : 825.6"
"20,44 : 272.16"
"20,45 : 783.15"
"20,46 : 312.05"
"20,47 : 81.88"
"20,48 : 226.88"
"20,49 : 288.21"
"21,0 : 526.52"
"21,1 : 706.92"
"21,2 : 603.56"
"21,3 : 209.77"
"21,4 : 779.85"
"21,5 : 687.56"
"21,6 : 389.0"
"21,7 : 292.41"
"21,8 : 412.09"
"21,9 : 424.65"
"21,10 : 208.66"
"21,11 : 549.13"
"21,12 : 511.26"
"21,13 : 676.8"
"21,14 : 465.47"
"21,15 : 285.0"
"21,16 : 403.71"
"21,17 : 225.85"
"21,18 : 730.18"
"21,19 : 445.32"
"21,20 : 231.19"
"21,21 : 0.0"
"21,22 : 453.84"
"21,23 : 285.04"
"21,24 : 690.23"
"21,25 : 390.42"
"21,26 : 705.6"
"21,27 : 204.02"
"21,28 : 394.31"
"21,29 : 256.31"
"21,30 : 608.13"
"21,31 : 760.71"
"21,32 : 556.8"
"21,33 : 410.53"
"21,34 : 266.48"
"21,35 : 343.46"
"21,36 : 408.24"
"21,37 : 380.64"
"21,38 : 372.65"
"21,39 : 267.48"
"21,40 : 367.02"
"21,41 : 405.41"
"21,42 : 282.78"
"21,43 : 594.66"
"21,44 : 465.75"
"21,45 : 610.92"
"21,46 : 82.07"
"21,47 : 212.79"
"21,48 : 330.85"
"21,49 : 100.72"
"22,0 : 945.9"
"22,1 : 1068.86"
"22,2 : 833.52"
"22,3 : 347.94"
"22,4 : 1138.78"
"22,5 : 614.05"
"22,6 : 264.84"
"22,7 : 618.95"
"22,8 : 858.7"
"22,9 : 840.21"
"22,10 : 412.48"
"22,11 : 781.31"
"22,12 : 897.56"
"22,13 : 944.69"
"22,14 : 854.48"
"22,15 : 234.72"
"22,16 : 716.69"
"22,17 : 461.98"
"22,18 : 682.53"
"22,19 : 703.0"
"22,20 : 251.73"
"22,21 : 453.84"
"22,22 : 0.0"
"22,23 : 678.94"
"22,24 : 1068.0"
"22,25 : 512.72"
"22,26 : 1071.52"
"22,27 : 490.81"
"22,28 : 816.85"
"22,29 : 279.21"
"22,30 : 970.46"
"22,31 : 771.18"
"22,32 : 711.24"
"22,33 : 422.29"
"22,34 : 554.44"
"22,35 : 369.61"
"22,36 : 836.24"
"22,37 : 761.72"
"22,38 : 390.48"
"22,39 : 212.79"
"22,40 : 154.55"
"22,41 : 800.04"
"22,42 : 175.68"
"22,43 : 1036.17"
"22,44 : 29.68"
"22,45 : 879.26"
"22,46 : 525.01"
"22,47 : 241.05"
"22,48 : 194.13"
"22,49 : 471.39"
"23,0 : 268.0"
"23,1 : 421.91"
"23,2 : 380.43"
"23,3 : 494.81"
"23,4 : 494.85"
"23,5 : 653.4"
"23,6 : 670.3"
"23,7 : 494.0"
"23,8 : 378.38"
"23,9 : 476.45"
"23,10 : 279.69"
"23,11 : 335.27"
"23,12 : 589.79"
"23,13 : 421.38"
"23,14 : 550.53"
"23,15 : 559.93"
"23,16 : 162.86"
"23,17 : 239.57"
"23,18 : 669.81"
"23,19 : 241.3"
"23,20 : 502.21"
"23,21 : 285.04"
"23,22 : 678.94"
"23,23 : 0.0"
"23,24 : 406.9"
"23,25 : 339.31"
"23,26 : 420.78"
"23,27 : 198.93"
"23,28 : 440.82"
"23,29 : 410.7"
"23,30 : 323.13"
"23,31 : 656.56"
"23,32 : 400.47"
"23,33 : 430.2"
"23,34 : 166.6"
"23,35 : 627.86"
"23,36 : 169.5"
"23,37 : 499.68"
"23,38 : 414.44"
"23,39 : 532.62"
"23,40 : 549.17"
"23,41 : 123.91"
"23,42 : 505.43"
"23,43 : 376.13"
"23,44 : 681.56"
"23,45 : 361.81"
"23,46 : 207.1"
"23,47 : 456.35"
"23,48 : 504.68"
"23,49 : 215.34"
"24,0 : 209.4"
"24,1 : 52.8"
"24,2 : 385.87"
"24,3 : 899.53"
"24,4 : 103.31"
"24,5 : 847.4"
"24,6 : 1077.15"
"24,7 : 847.54"
"24,8 : 586.0"
"24,9 : 724.25"
"24,10 : 655.66"
"24,11 : 397.06"
"24,12 : 831.29"
"24,13 : 298.24"
"24,14 : 807.18"
"24,15 : 966.59"
"24,16 : 359.56"
"24,17 : 606.72"
"24,18 : 829.06"
"24,19 : 407.41"
"24,20 : 908.61"
"24,21 : 690.23"
"24,22 : 1068.0"
"24,23 : 406.9"
"24,24 : 0.0"
"24,25 : 617.38"
"24,26 : 40.5"
"24,27 : 577.55"
"24,28 : 696.15"
"24,29 : 789.91"
"24,30 : 102.79"
"24,31 : 760.18"
"24,32 : 523.12"
"24,33 : 731.17"
"24,34 : 514.51"
"24,35 : 1030.15"
"24,36 : 313.5"
"24,37 : 796.36"
"24,38 : 735.33"
"24,39 : 937.93"
"24,40 : 925.53"
"24,41 : 284.82"
"24,42 : 900.23"
"24,43 : 295.85"
"24,44 : 1066.24"
"24,45 : 308.45"
"24,46 : 609.75"
"24,47 : 858.57"
"24,48 : 881.14"
"24,49 : 620.63"
"25,0 : 569.01"
"25,1 : 603.33"
"25,2 : 321.89"
"25,3 : 531.63"
"25,4 : 666.02"
"25,5 : 320.35"
"25,6 : 638.26"
"25,7 : 682.3"
"25,8 : 696.75"
"25,9 : 765.04"
"25,10 : 187.36"
"25,11 : 271.71"
"25,12 : 869.16"
"25,13 : 437.05"
"25,14 : 824.88"
"25,15 : 523.9"
"25,16 : 264.68"
"25,17 : 165.5"
"25,18 : 349.31"
"25,19 : 212.43"
"25,20 : 471.61"
"25,21 : 390.42"
"25,22 : 512.72"
"25,23 : 339.31"
"25,24 : 617.38"
"25,25 : 0.0"
"25,26 : 609.26"
"25,27 : 197.95"
"25,28 : 729.99"
"25,29 : 257.82"
"25,30 : 514.6"
"25,31 : 370.3"
"25,32 : 203.73"
"25,33 : 114.13"
"25,34 : 178.06"
"25,35 : 658.34"
"25,36 : 499.92"
"25,37 : 751.38"
"25,38 : 127.31"
"25,39 : 478.3"
"25,40 : 358.18"
"25,41 : 414.7"
"25,42 : 386.68"
"25,43 : 699.22"
"25,44 : 500.8"
"25,45 : 374.48"
"25,46 : 375.13"
"25,47 : 391.66"
"25,48 : 320.76"
"25,49 : 297.36"
"26,0 : 243.17"
"26,1 : 12.81"
"26,2 : 361.23"
"26,3 : 915.33"
"26,4 : 75.24"
"26,5 : 827.18"
"26,6 : 1090.4"
"26,7 : 873.76"
"26,8 : 620.46"
"26,9 : 758.01"
"26,10 : 659.14"
"26,11 : 377.23"
"26,12 : 866.12"
"26,13 : 266.48"
"26,14 : 841.01"
"26,15 : 978.44"
"26,16 : 357.52"
"26,17 : 609.55"
"26,18 : 806.04"
"26,19 : 397.4"
"26,20 : 920.1"
"26,21 : 705.6"
"26,22 : 1071.52"
"26,23 : 420.78"
"26,24 : 40.5"
"26,25 : 609.26"
"26,26 : 0.0"
"26,27 : 582.67"
"26,28 : 729.22"
"26,29 : 792.61"
"26,30 : 101.24"
"26,31 : 733.54"
"26,32 : 503.02"
"26,33 : 723.37"
"26,34 : 517.09"
"26,35 : 1047.34"
"26,36 : 341.05"
"26,37 : 827.48"
"26,38 : 729.85"
"26,39 : 948.25"
"26,40 : 926.74"
"26,41 : 301.68"
"26,42 : 906.03"
"26,43 : 335.78"
"26,44 : 1068.64"
"26,45 : 283.25"
"26,46 : 626.17"
"26,47 : 867.25"
"26,48 : 882.64"
"26,49 : 631.9"
"27,0 : 465.17"
"27,1 : 580.76"
"27,2 : 410.19"
"27,3 : 382.73"
"27,4 : 651.95"
"27,5 : 513.82"
"27,6 : 529.69"
"27,7 : 490.43"
"27,8 : 510.27"
"27,9 : 569.13"
"27,10 : 81.34"
"27,11 : 354.61"
"27,12 : 671.75"
"27,13 : 497.19"
"27,14 : 627.27"
"27,15 : 412.78"
"27,16 : 236.04"
"27,17 : 43.93"
"27,18 : 546.88"
"27,19 : 253.69"
"27,20 : 354.27"
"27,21 : 204.02"
"27,22 : 490.81"
"27,23 : 198.93"
"27,24 : 577.55"
"27,25 : 197.95"
"27,26 : 582.67"
"27,27 : 0.0"
"27,28 : 534.45"
"27,29 : 215.13"
"27,30 : 481.43"
"27,31 : 564.78"
"27,32 : 352.81"
"27,33 : 254.24"
"27,34 : 73.01"
"27,35 : 518.17"
"27,36 : 367.45"
"27,37 : 553.48"
"27,38 : 228.84"
"27,39 : 375.76"
"27,40 : 353.36"
"27,41 : 312.93"
"27,42 : 323.37"
"27,43 : 574.18"
"27,44 : 490.36"
"27,45 : 429.66"
"27,46 : 177.41"
"27,47 : 289.86"
"27,48 : 308.65"
"27,49 : 104.36"
"28,0 : 486.75"
"28,1 : 737.04"
"28,2 : 817.44"
"28,3 : 481.58"
"28,4 : 799.44"
"28,5 : 1048.24"
"28,6 : 653.61"
"28,7 : 245.98"
"28,8 : 116.81"
"28,9 : 35.81"
"28,10 : 579.29"
"28,11 : 775.11"
"28,12 : 149.47"
"28,13 : 837.53"
"28,14 : 114.34"
"28,15 : 597.86"
"28,16 : 602.54"
"28,17 : 573.81"
"28,18 : 1078.94"
"28,19 : 681.88"
"28,20 : 566.29"
"28,21 : 394.31"
"28,22 : 816.85"
"28,23 : 440.82"
"28,24 : 696.15"
"28,25 : 729.99"
"28,26 : 729.22"
"28,27 : 534.45"
"28,28 : 0.0"
"28,29 : 650.5"
"28,30 : 663.45"
"28,31 : 1083.91"
"28,32 : 837.34"
"28,33 : 782.74"
"28,34 : 558.79"
"28,35 : 547.72"
"28,36 : 398.28"
"28,37 : 116.02"
"28,38 : 750.17"
"28,39 : 606.19"
"28,40 : 756.23"
"28,41 : 482.3"
"28,42 : 661.61"
"28,43 : 449.22"
"28,44 : 834.84"
"28,45 : 786.96"
"28,46 : 365.38"
"28,47 : 586.42"
"28,48 : 722.97"
"28,49 : 449.76"
"29,0 : 678.55"
"29,1 : 789.79"
"29,2 : 567.14"
"29,3 : 304.81"
"29,4 : 859.59"
"29,5 : 475.08"
"29,6 : 382.43"
"29,7 : 521.73"
"29,8 : 659.93"
"29,9 : 680.96"
"29,10 : 134.63"
"29,11 : 512.94"
"29,12 : 765.19"
"29,13 : 672.89"
"29,14 : 719.43"
"29,15 : 271.12"
"29,16 : 437.51"
"29,17 : 183.22"
"29,18 : 530.56"
"29,19 : 427.82"
"29,20 : 224.41"
"29,21 : 256.31"
"29,22 : 279.21"
"29,23 : 410.7"
"29,24 : 789.91"
"29,25 : 257.82"
"29,26 : 792.61"
"29,27 : 215.13"
"29,28 : 650.5"
"29,29 : 0.0"
"29,30 : 691.66"
"29,31 : 589.43"
"29,32 : 461.42"
"29,33 : 207.1"
"29,34 : 275.6"
"29,35 : 416.56"
"29,36 : 575.54"
"29,37 : 631.87"
"29,38 : 164.58"
"29,39 : 224.0"
"29,40 : 138.54"
"29,41 : 527.83"
"29,42 : 129.45"
"29,43 : 780.75"
"29,44 : 276.33"
"29,45 : 606.3"
"29,46 : 299.25"
"29,47 : 142.58"
"29,48 : 93.98"
"29,49 : 224.0"
"30,0 : 194.12"
"30,1 : 100.0"
"30,2 : 297.25"
"30,3 : 817.88"
"30,4 : 172.61"
"30,5 : 750.04"
"30,6 : 991.15"
"30,7 : 789.79"
"30,8 : 560.81"
"30,9 : 694.39"
"30,10 : 558.03"
"30,11 : 301.21"
"30,12 : 805.83"
"30,13 : 230.05"
"30,14 : 777.13"
"30,15 : 878.55"
"30,16 : 257.99"
"30,17 : 508.52"
"30,18 : 734.94"
"30,19 : 304.88"
"30,20 : 820.08"
"30,21 : 608.13"
"30,22 : 970.46"
"30,23 : 323.13"
"30,24 : 102.79"
"30,25 : 514.6"
"30,26 : 101.24"
"30,27 : 481.43"
"30,28 : 663.45"
"30,29 : 691.66"
"30,30 : 0.0"
"30,31 : 671.84"
"30,32 : 426.62"
"30,33 : 628.4"
"30,34 : 416.08"
"30,35 : 950.89"
"30,36 : 266.07"
"30,37 : 755.08"
"30,38 : 632.87"
"30,39 : 847.77"
"30,40 : 826.2"
"30,41 : 208.46"
"30,42 : 804.79"
"30,43 : 318.81"
"30,44 : 967.8"
"30,45 : 222.85"
"30,46 : 529.77"
"30,47 : 766.35"
"30,48 : 782.0"
"30,49 : 532.03"
"31,0 : 808.74"
"31,1 : 722.67"
"31,2 : 374.99"
"31,3 : 888.29"
"31,4 : 758.29"
"31,5 : 178.63"
"31,6 : 963.69"
"31,7 : 1052.54"
"31,8 : 1034.22"
"31,9 : 1119.58"
"31,10 : 555.43"
"31,11 : 376.52"
"31,12 : 1228.01"
"31,13 : 472.27"
"31,14 : 1184.93"
"31,15 : 858.47"
"31,16 : 515.59"
"31,17 : 535.53"
"31,18 : 113.17"
"31,19 : 428.24"
"31,20 : 813.84"
"31,21 : 760.71"
"31,22 : 771.18"
"31,23 : 656.56"
"31,24 : 760.18"
"31,25 : 370.3"
"31,26 : 733.54"
"31,27 : 564.78"
"31,28 : 1083.91"
"31,29 : 589.43"
"31,30 : 671.84"
"31,31 : 0.0"
"31,32 : 264.11"
"31,33 : 382.39"
"31,34 : 526.33"
"31,35 : 1005.92"
"31,36 : 783.62"
"31,37 : 1116.12"
"31,38 : 424.85"
"31,39 : 810.7"
"31,40 : 633.42"
"31,41 : 681.2"
"31,42 : 703.48"
"31,43 : 950.84"
"31,44 : 748.84"
"31,45 : 451.78"
"31,46 : 741.74"
"31,47 : 732.0"
"31,48 : 613.24"
"31,49 : 666.81"
"32,0 : 547.09"
"32,1 : 493.85"
"32,2 : 151.54"
"32,3 : 723.01"
"32,4 : 543.1"
"32,5 : 324.35"
"32,6 : 840.42"
"32,7 : 838.64"
"32,8 : 778.62"
"32,9 : 873.15"
"32,10 : 375.07"
"32,11 : 126.06"
"32,12 : 984.59"
"32,13 : 272.37"
"32,14 : 943.21"
"32,15 : 725.02"
"32,16 : 252.2"
"32,17 : 338.0"
"32,18 : 309.57"
"32,19 : 164.81"
"32,20 : 671.15"
"32,21 : 556.8"
"32,22 : 711.24"
"32,23 : 400.47"
"32,24 : 523.12"
"32,25 : 203.73"
"32,26 : 503.02"
"32,27 : 352.81"
"32,28 : 837.34"
"32,29 : 461.42"
"32,30 : 426.62"
"32,31 : 264.11"
"32,32 : 0.0"
"32,33 : 291.78"
"32,34 : 295.71"
"32,35 : 853.85"
"32,36 : 519.75"
"32,37 : 881.76"
"32,38 : 320.76"
"32,39 : 680.21"
"32,40 : 557.23"
"32,41 : 417.12"
"32,42 : 590.41"
"32,43 : 688.78"
"32,44 : 697.08"
"32,45 : 225.33"
"32,46 : 519.03"
"32,47 : 592.66"
"32,48 : 522.1"
"32,49 : 456.54"
"33,0 : 674.44"
"33,1 : 717.45"
"33,2 : 426.39"
"33,3 : 508.84"
"33,4 : 779.98"
"33,5 : 278.3"
"33,6 : 584.05"
"33,7 : 699.46"
"33,8 : 764.35"
"33,9 : 816.54"
"33,10 : 205.0"
"33,11 : 379.52"
"33,12 : 913.97"
"33,13 : 544.78"
"33,14 : 868.61"
"33,15 : 476.53"
"33,16 : 376.17"
"33,17 : 211.53"
"33,18 : 327.4"
"33,19 : 326.5"
"33,20 : 431.48"
"33,21 : 410.53"
"33,22 : 422.29"
"33,23 : 430.2"
"33,24 : 731.17"
"33,25 : 114.13"
"33,26 : 723.37"
"33,27 : 254.24"
"33,28 : 782.74"
"33,29 : 207.1"
"33,30 : 628.4"
"33,31 : 382.39"
"33,32 : 291.78"
"33,33 : 0.0"
"33,34 : 263.61"
"33,35 : 623.66"
"33,36 : 596.85"
"33,37 : 788.28"
"33,38 : 42.72"
"33,39 : 428.87"
"33,40 : 270.38"
"33,41 : 518.51"
"33,42 : 324.04"
"33,43 : 800.25"
"33,44 : 406.53"
"33,45 : 484.32"
"33,46 : 417.83"
"33,47 : 349.68"
"33,48 : 240.63"
"33,49 : 333.82"
"34,0 : 419.89"
"34,1 : 514.46"
"34,2 : 339.61"
"34,3 : 454.05"
"34,4 : 584.75"
"34,5 : 497.78"
"34,6 : 602.68"
"34,7 : 543.0"
"34,8 : 519.56"
"34,9 : 594.3"
"34,10 : 142.27"
"34,11 : 284.38"
"34,12 : 701.78"
"34,13 : 424.28"
"34,14 : 658.6"
"34,15 : 485.71"
"34,16 : 164.92"
"34,17 : 92.46"
"34,18 : 522.14"
"34,19 : 182.02"
"34,20 : 427.24"
"34,21 : 266.48"
"34,22 : 554.44"
"34,23 : 166.6"
"34,24 : 514.51"
"34,25 : 178.06"
"34,26 : 517.09"
"34,27 : 73.01"
"34,28 : 558.79"
"34,29 : 275.6"
"34,30 : 416.08"
"34,31 : 526.33"
"34,32 : 295.71"
"34,33 : 263.61"
"34,34 : 0.0"
"34,35 : 589.89"
"34,36 : 334.15"
"34,37 : 591.18"
"34,38 : 249.03"
"34,39 : 448.26"
"34,40 : 411.18"
"34,41 : 263.91"
"34,42 : 391.31"
"34,43 : 539.27"
"34,44 : 551.85"
"34,45 : 356.79"
"34,46 : 223.33"
"34,47 : 361.78"
"34,48 : 366.69"
"34,49 : 166.05"
"35,0 : 854.01"
"35,1 : 1049.13"
"35,2 : 928.23"
"35,3 : 136.31"
"35,4 : 1121.98"
"35,5 : 885.46"
"35,6 : 120.07"
"35,7 : 307.33"
"35,8 : 627.9"
"35,9 : 559.79"
"35,10 : 479.0"
"35,11 : 872.55"
"35,12 : 583.93"
"35,13 : 1012.36"
"35,14 : 546.98"
"35,15 : 156.67"
"35,16 : 741.89"
"35,17 : 519.95"
"35,18 : 944.52"
"35,19 : 771.73"
"35,20 : 192.34"
"35,21 : 343.46"
"35,22 : 369.61"
"35,23 : 627.86"
"35,24 : 1030.15"
"35,25 : 658.34"
"35,26 : 1047.34"
"35,27 : 518.17"
"35,28 : 547.72"
"35,29 : 416.56"
"35,30 : 950.89"
"35,31 : 1005.92"
"35,32 : 853.85"
"35,33 : 623.66"
"35,34 : 589.89"
"35,35 : 0.0"
"35,36 : 734.16"
"35,37 : 459.17"
"35,38 : 581.09"
"35,39 : 202.68"
"35,40 : 413.48"
"35,41 : 745.93"
"35,42 : 315.07"
"35,43 : 897.17"
"35,44 : 397.62"
"35,45 : 945.32"
"35,46 : 421.24"
"35,47 : 273.99"
"35,48 : 412.56"
"35,49 : 431.35"
"36,0 : 119.85"
"36,1 : 347.05"
"36,2 : 453.51"
"36,3 : 610.24"
"36,4 : 414.98"
"36,5 : 804.12"
"36,6 : 795.57"
"36,7 : 534.11"
"36,8 : 300.74"
"36,9 : 430.07"
"36,10 : 447.34"
"36,11 : 423.66"
"36,12 : 542.89"
"36,13 : 448.81"
"36,14 : 512.37"
"36,15 : 693.14"
"36,16 : 268.22"
"36,17 : 408.83"
"36,18 : 812.49"
"36,19 : 355.42"
"36,20 : 638.24"
"36,21 : 408.24"
"36,22 : 836.24"
"36,23 : 169.5"
"36,24 : 313.5"
"36,25 : 499.92"
"36,26 : 341.05"
"36,27 : 367.45"
"36,28 : 398.28"
"36,29 : 575.54"
"36,30 : 266.07"
"36,31 : 783.62"
"36,32 : 519.75"
"36,33 : 596.85"
"36,34 : 334.15"
"36,35 : 734.16"
"36,36 : 0.0"
"36,37 : 489.3"
"36,38 : 583.03"
"36,39 : 672.63"
"36,40 : 713.31"
"36,41 : 104.06"
"36,42 : 660.85"
"36,43 : 206.77"
"36,44 : 841.2"
"36,45 : 406.83"
"36,46 : 326.44"
"36,47 : 604.44"
"36,48 : 669.24"
"36,49 : 365.02"
"37,0 : 587.73"
"37,1 : 834.47"
"37,2 : 880.07"
"37,3 : 415.65"
"37,4 : 899.51"
"37,5 : 1062.21"
"37,6 : 572.02"
"37,7 : 152.07"
"37,8 : 230.89"
"37,9 : 110.21"
"37,10 : 583.52"
"37,11 : 833.69"
"37,12 : 136.62"
"37,13 : 912.97"
"37,14 : 92.76"
"37,15 : 532.62"
"37,16 : 662.19"
"37,17 : 588.05"
"37,18 : 1099.53"
"37,19 : 735.08"
"37,20 : 510.44"
"37,21 : 380.64"
"37,22 : 761.72"
"37,23 : 499.68"
"37,24 : 796.36"
"37,25 : 751.38"
"37,26 : 827.48"
"37,27 : 553.48"
"37,28 : 116.02"
"37,29 : 631.87"
"37,30 : 755.08"
"37,31 : 1116.12"
"37,32 : 881.76"
"37,33 : 788.28"
"37,34 : 591.18"
"37,35 : 459.17"
"37,36 : 489.3"
"37,37 : 0.0"
"37,38 : 751.92"
"37,39 : 548.93"
"37,40 : 721.54"
"37,41 : 562.21"
"37,42 : 620.35"
"37,43 : 561.73"
"37,44 : 782.59"
"37,45 : 857.92"
"37,46 : 376.3"
"37,47 : 545.3"
"37,48 : 693.27"
"37,49 : 457.01"
"38,0 : 666.44"
"38,1 : 724.61"
"38,2 : 448.29"
"38,3 : 466.17"
"38,4 : 789.13"
"38,5 : 318.99"
"38,6 : 543.01"
"38,7 : 659.84"
"38,8 : 736.37"
"38,9 : 783.53"
"38,10 : 170.88"
"38,11 : 398.87"
"38,12 : 879.08"
"38,13 : 564.29"
"38,14 : 833.56"
"38,15 : 434.58"
"38,16 : 376.87"
"38,17 : 185.05"
"38,18 : 369.61"
"38,19 : 336.17"
"38,20 : 388.99"
"38,21 : 372.65"
"38,22 : 390.48"
"38,23 : 414.44"
"38,24 : 735.33"
"38,25 : 127.31"
"38,26 : 729.85"
"38,27 : 228.84"
"38,28 : 750.17"
"38,29 : 164.58"
"38,30 : 632.87"
"38,31 : 424.85"
"38,32 : 320.76"
"38,33 : 42.72"
"38,34 : 249.03"
"38,35 : 581.09"
"38,36 : 583.03"
"38,37 : 751.92"
"38,38 : 0.0"
"38,39 : 387.01"
"38,40 : 236.7"
"38,41 : 510.03"
"38,42 : 283.51"
"38,43 : 788.28"
"38,44 : 376.63"
"38,45 : 501.76"
"38,46 : 384.79"
"38,47 : 307.15"
"38,48 : 203.73"
"38,49 : 300.42"
"39,0 : 789.01"
"39,1 : 947.78"
"39,2 : 773.11"
"39,3 : 137.08"
"39,4 : 1020.2"
"39,5 : 684.19"
"39,6 : 160.23"
"39,7 : 407.31"
"39,8 : 654.78"
"39,9 : 628.54"
"39,10 : 316.06"
"39,11 : 717.59"
"39,12 : 684.85"
"39,13 : 869.69"
"39,14 : 641.69"
"39,15 : 47.85"
"39,16 : 611.51"
"39,17 : 363.9"
"39,18 : 744.59"
"39,19 : 623.12"
"39,20 : 40.11"
"39,21 : 267.48"
"39,22 : 212.79"
"39,23 : 532.62"
"39,24 : 937.93"
"39,25 : 478.3"
"39,26 : 948.25"
"39,27 : 375.76"
"39,28 : 606.19"
"39,29 : 224.0"
"39,30 : 847.77"
"39,31 : 810.7"
"39,32 : 680.21"
"39,33 : 428.87"
"39,34 : 448.26"
"39,35 : 202.68"
"39,36 : 672.63"
"39,37 : 548.93"
"39,38 : 387.01"
"39,39 : 0.0"
"39,40 : 213.0"
"39,41 : 656.49"
"39,42 : 112.4"
"39,43 : 862.12"
"39,44 : 234.2"
"39,45 : 802.1"
"39,46 : 347.29"
"39,47 : 88.54"
"39,48 : 209.88"
"39,49 : 317.49"
"40,0 : 817.07"
"40,1 : 923.41"
"40,2 : 679.14"
"40,3 : 338.58"
"40,4 : 992.22"
"40,5 : 488.64"
"40,6 : 341.48"
"40,7 : 594.14"
"40,8 : 778.82"
"40,9 : 784.05"
"40,10 : 272.36"
"40,11 : 627.2"
"40,12 : 857.73"
"40,13 : 791.02"
"40,14 : 812.61"
"40,15 : 256.94"
"40,16 : 569.84"
"40,17 : 319.53"
"40,18 : 553.74"
"40,19 : 550.97"
"40,20 : 236.88"
"40,21 : 367.02"
"40,22 : 154.55"
"40,23 : 549.17"
"40,24 : 925.53"
"40,25 : 358.18"
"40,26 : 926.74"
"40,27 : 353.36"
"40,28 : 756.23"
"40,29 : 138.54"
"40,30 : 826.2"
"40,31 : 633.42"
"40,32 : 557.23"
"40,33 : 270.38"
"40,34 : 411.18"
"40,35 : 413.48"
"40,36 : 713.31"
"40,37 : 721.54"
"40,38 : 236.7"
"40,39 : 213.0"
"40,40 : 0.0"
"40,41 : 666.23"
"40,42 : 106.53"
"40,43 : 917.86"
"40,44 : 144.36"
"40,45 : 725.98"
"40,46 : 424.1"
"40,47 : 177.75"
"40,48 : 44.72"
"40,49 : 355.97"
"41,0 : 156.42"
"41,1 : 304.11"
"41,2 : 350.65"
"41,3 : 614.75"
"41,4 : 376.65"
"41,5 : 708.98"
"41,6 : 792.81"
"41,7 : 584.13"
"41,8 : 394.51"
"41,9 : 515.98"
"41,10 : 394.18"
"41,11 : 319.64"
"41,12 : 630.32"
"41,13 : 355.45"
"41,14 : 596.43"
"41,15 : 683.35"
"41,16 : 167.43"
"41,17 : 349.52"
"41,18 : 713.85"
"41,19 : 253.65"
"41,20 : 625.82"
"41,21 : 405.41"
"41,22 : 800.04"
"41,23 : 123.91"
"41,24 : 284.82"
"41,25 : 414.7"
"41,26 : 301.68"
"41,27 : 312.93"
"41,28 : 482.3"
"41,29 : 527.83"
"41,30 : 208.46"
"41,31 : 681.2"
"41,32 : 417.12"
"41,33 : 518.51"
"41,34 : 263.91"
"41,35 : 745.93"
"41,36 : 104.06"
"41,37 : 562.21"
"41,38 : 510.03"
"41,39 : 656.49"
"41,40 : 666.23"
"41,41 : 0.0"
"41,42 : 627.64"
"41,43 : 285.26"
"41,44 : 801.52"
"41,45 : 308.13"
"41,46 : 325.06"
"41,47 : 580.05"
"41,48 : 621.54"
"41,49 : 339.24"
"42,0 : 771.43"
"42,1 : 904.12"
"42,2 : 695.87"
"42,3 : 232.14"
"42,4 : 975.19"
"42,5 : 572.66"
"42,6 : 260.32"
"42,7 : 489.41"
"42,8 : 693.06"
"42,9 : 687.89"
"42,10 : 249.8"
"42,11 : 641.35"
"42,12 : 756.89"
"42,13 : 799.87"
"42,14 : 712.16"
"42,15 : 159.42"
"42,16 : 555.99"
"42,17 : 300.13"
"42,18 : 633.98"
"42,19 : 553.68"
"42,20 : 131.24"
"42,21 : 282.78"
"42,22 : 175.68"
"42,23 : 505.43"
"42,24 : 900.23"
"42,25 : 386.68"
"42,26 : 906.03"
"42,27 : 323.37"
"42,28 : 661.61"
"42,29 : 129.45"
"42,30 : 804.79"
"42,31 : 703.48"
"42,32 : 590.41"
"42,33 : 324.04"
"42,34 : 391.31"
"42,35 : 315.07"
"42,36 : 660.85"
"42,37 : 620.35"
"42,38 : 283.51"
"42,39 : 112.4"
"42,40 : 106.53"
"42,41 : 627.64"
"42,42 : 0.0"
"42,43 : 860.49"
"42,44 : 183.97"
"42,45 : 732.89"
"42,46 : 350.56"
"42,47 : 75.43"
"42,48 : 97.51"
"42,49 : 295.87"
"43,0 : 142.21"
"43,1 : 347.19"
"43,2 : 591.11"
"43,3 : 783.89"
"43,4 : 390.66"
"43,5 : 992.23"
"43,6 : 972.3"
"43,7 : 651.37"
"43,8 : 332.43"
"43,9 : 470.2"
"43,10 : 653.84"
"43,11 : 576.09"
"43,12 : 565.53"
"43,13 : 546.65"
"43,14 : 549.83"
"43,15 : 877.56"
"43,16 : 448.94"
"43,17 : 615.59"
"43,18 : 993.27"
"43,19 : 531.3"
"43,20 : 825.6"
"43,21 : 594.66"
"43,22 : 1036.17"
"43,23 : 376.13"
"43,24 : 295.85"
"43,25 : 699.22"
"43,26 : 335.78"
"43,27 : 574.18"
"43,28 : 449.22"
"43,29 : 780.75"
"43,30 : 318.81"
"43,31 : 950.84"
"43,32 : 688.78"
"43,33 : 800.25"
"43,34 : 539.27"
"43,35 : 897.17"
"43,36 : 206.77"
"43,37 : 561.73"
"43,38 : 788.28"
"43,39 : 862.12"
"43,40 : 917.86"
"43,41 : 285.26"
"43,42 : 860.49"
"43,43 : 0.0"
"43,44 : 1042.68"
"43,45 : 526.61"
"43,46 : 515.65"
"43,47 : 800.1"
"43,48 : 874.11"
"43,49 : 565.43"
"44,0 : 949.21"
"44,1 : 1065.63"
"44,2 : 822.43"
"44,3 : 370.62"
"44,4 : 1134.97"
"44,5 : 589.49"
"44,6 : 294.16"
"44,7 : 641.41"
"44,8 : 873.48"
"44,9 : 858.94"
"44,10 : 410.76"
"44,11 : 770.93"
"44,12 : 918.75"
"44,13 : 935.08"
"44,14 : 875.32"
"44,15 : 259.42"
"44,16 : 712.54"
"44,17 : 459.53"
"44,18 : 658.41"
"44,19 : 695.31"
"44,20 : 272.16"
"44,21 : 465.75"
"44,22 : 29.68"
"44,23 : 681.56"
"44,24 : 1066.24"
"44,25 : 500.8"
"44,26 : 1068.64"
"44,27 : 490.36"
"44,28 : 834.84"
"44,29 : 276.33"
"44,30 : 967.8"
"44,31 : 748.84"
"44,32 : 697.08"
"44,33 : 406.53"
"44,34 : 551.85"
"44,35 : 397.62"
"44,36 : 841.2"
"44,37 : 782.59"
"44,38 : 376.63"
"44,39 : 234.2"
"44,40 : 144.36"
"44,41 : 801.52"
"44,42 : 183.97"
"44,43 : 1042.68"
"44,44 : 0.0"
"44,45 : 870.22"
"44,46 : 534.52"
"44,47 : 253.71"
"44,48 : 186.87"
"44,49 : 477.26"
"45,0 : 387.67"
"45,1 : 273.03"
"45,2 : 78.01"
"45,3 : 809.09"
"45,4 : 318.15"
"45,5 : 546.76"
"45,6 : 958.55"
"45,7 : 854.24"
"45,8 : 702.62"
"45,9 : 821.4"
"45,10 : 487.08"
"45,11 : 106.17"
"45,12 : 935.98"
"45,13 : 67.62"
"45,14 : 900.31"
"45,15 : 841.28"
"45,16 : 208.61"
"45,17 : 438.29"
"45,18 : 523.02"
"45,19 : 179.49"
"45,20 : 783.15"
"45,21 : 610.92"
"45,22 : 879.26"
"45,23 : 361.81"
"45,24 : 308.45"
"45,25 : 374.48"
"45,26 : 283.25"
"45,27 : 429.66"
"45,28 : 786.96"
"45,29 : 606.3"
"45,30 : 222.85"
"45,31 : 451.78"
"45,32 : 225.33"
"45,33 : 484.32"
"45,34 : 356.79"
"45,35 : 945.32"
"45,36 : 406.83"
"45,37 : 857.92"
"45,38 : 501.76"
"45,39 : 802.1"
"45,40 : 725.98"
"45,41 : 308.13"
"45,42 : 732.89"
"45,43 : 526.61"
"45,44 : 870.22"
"45,45 : 0.0"
"45,46 : 547.77"
"45,47 : 714.24"
"45,48 : 685.13"
"45,49 : 515.23"
"46,0 : 444.5"
"46,1 : 627.9"
"46,2 : 548.06"
"46,3 : 289.82"
"46,4 : 700.76"
"46,5 : 687.52"
"46,6 : 470.97"
"46,7 : 319.92"
"46,8 : 361.38"
"46,9 : 398.84"
"46,10 : 213.91"
"46,11 : 495.33"
"46,12 : 497.19"
"46,13 : 612.13"
"46,14 : 452.19"
"46,15 : 366.71"
"46,16 : 339.16"
"46,17 : 212.15"
"46,18 : 723.33"
"46,19 : 391.37"
"46,20 : 312.05"
"46,21 : 82.07"
"46,22 : 525.01"
"46,23 : 207.1"
"46,24 : 609.75"
"46,25 : 375.13"
"46,26 : 626.17"
"46,27 : 177.41"
"46,28 : 365.38"
"46,29 : 299.25"
"46,30 : 529.77"
"46,31 : 741.74"
"46,32 : 519.03"
"46,33 : 417.83"
"46,34 : 223.33"
"46,35 : 421.24"
"46,36 : 326.44"
"46,37 : 376.3"
"46,38 : 384.79"
"46,39 : 347.29"
"46,40 : 424.1"
"46,41 : 325.06"
"46,42 : 350.56"
"46,43 : 515.65"
"46,44 : 534.52"
"46,45 : 547.77"
"46,46 : 0.0"
"46,47 : 285.62"
"46,48 : 384.16"
"46,49 : 84.38"
"47,0 : 718.19"
"47,1 : 866.28"
"47,2 : 684.6"
"47,3 : 169.26"
"47,4 : 938.34"
"47,5 : 614.28"
"47,6 : 248.36"
"47,7 : 416.42"
"47,8 : 620.08"
"47,9 : 612.52"
"47,10 : 227.69"
"47,11 : 629.1"
"47,12 : 681.78"
"47,13 : 781.8"
"47,14 : 636.96"
"47,15 : 132.37"
"47,16 : 525.89"
"47,17 : 275.94"
"47,18 : 671.67"
"47,19 : 535.07"
"47,20 : 81.88"
"47,21 : 212.79"
"47,22 : 241.05"
"47,23 : 456.35"
"47,24 : 858.57"
"47,25 : 391.66"
"47,26 : 867.25"
"47,27 : 289.86"
"47,28 : 586.42"
"47,29 : 142.58"
"47,30 : 766.35"
"47,31 : 732.0"
"47,32 : 592.66"
"47,33 : 349.68"
"47,34 : 361.78"
"47,35 : 273.99"
"47,36 : 604.44"
"47,37 : 545.3"
"47,38 : 307.15"
"47,39 : 88.54"
"47,40 : 177.75"
"47,41 : 580.05"
"47,42 : 75.43"
"47,43 : 800.1"
"47,44 : 253.71"
"47,45 : 714.24"
"47,46 : 285.62"
"47,47 : 0.0"
"47,48 : 157.08"
"47,49 : 241.68"
"48,0 : 772.53"
"48,1 : 879.41"
"48,2 : 640.15"
"48,3 : 324.64"
"48,4 : 948.44"
"48,5 : 476.83"
"48,6 : 352.32"
"48,7 : 570.79"
