x,y
739,209
830,123
661,452
272,723
437,439
982,695
149,812
952,593
422,129
529,775
316,871
32,484
655,155
623,219
700,626
401,641
557,856
522,994
739,718
107,683
127,972
305,521
961,890
598,736
940,593
16,708
518,950
185,78
74,576
20,747
342,468
354,731
940,711
359,332
229,752
235,584
99,171
84,827
280,272
871,668
289,100
256,655
495,660
130,847
608,668
116,97
804,983
437,790
328,71
484,21

Distanze
"0,0 : 0.0"
"0,1 : 125.21"
"0,2 : 255.21"
"0,3 : 694.47"
"0,4 : 379.61"
"0,5 : 543.36"
"0,6 : 843.63"
"0,7 : 439.12"
"0,8 : 326.94"
"0,9 : 603.7"
"0,10 : 785.6"
"0,11 : 758.6"
"0,12 : 99.86"
"0,13 : 116.43"
"0,14 : 418.82"
"0,15 : 548.51"
"0,16 : 672.11"
"0,17 : 814.44"
"0,18 : 509.0"
"0,19 : 790.0"
"0,20 : 978.12"
"0,21 : 534.51"
"0,22 : 716.27"
"0,23 : 545.54"
"0,24 : 433.42"
"0,25 : 878.48"
"0,26 : 773.25"
"0,27 : 569.28"
"0,28 : 759.55"
"0,29 : 898.0"
"0,30 : 474.01"
"0,31 : 648.62"
"0,32 : 540.74"
"0,33 : 399.41"
"0,34 : 744.95"
"0,35 : 628.2"
"0,36 : 641.13"
"0,37 : 900.53"
"0,38 : 463.3"
"0,39 : 477.6"
"0,40 : 463.01"
"0,41 : 657.42"
"0,42 : 512.77"
"0,43 : 882.0"
"0,44 : 477.33"
"0,45 : 632.99"
"0,46 : 776.72"
"0,47 : 654.8"
"0,48 : 433.55"
"0,49 : 316.81"
"1,0 : 125.21"
"1,1 : 0.0"
"1,2 : 369.87"
"1,3 : 819.37"
"1,4 : 504.29"
"1,5 : 591.85"
"1,6 : 968.75"
"1,7 : 485.58"
"1,8 : 408.04"
"1,9 : 718.13"
"1,10 : 907.58"
"1,11 : 875.86"
"1,12 : 177.9"
"1,13 : 228.18"
"1,14 : 519.53"
"1,15 : 672.58"
"1,16 : 782.19"
"1,17 : 923.85"
"1,18 : 601.92"
"1,19 : 914.51"
"1,20 : 1102.27"
"1,21 : 658.81"
"1,22 : 778.11"
"1,23 : 655.43"
"1,24 : 482.7"
"1,25 : 1002.41"
"1,26 : 883.9"
"1,27 : 646.57"
"1,28 : 881.33"
"1,29 : 1022.49"
"1,30 : 597.64"
"1,31 : 772.17"
"1,32 : 598.2"
"1,33 : 515.29"
"1,34 : 869.97"
"1,35 : 752.69"
"1,36 : 732.57"
"1,37 : 1025.73"
"1,38 : 569.83"
"1,39 : 546.54"
"1,40 : 541.49"
"1,41 : 782.62"
"1,42 : 632.92"
"1,43 : 1007.06"
"1,44 : 588.48"
"1,45 : 714.47"
"1,46 : 860.39"
"1,47 : 774.17"
"1,48 : 504.69"
"1,49 : 360.72"
"2,0 : 255.21"
"2,1 : 369.87"
"2,2 : 0.0"
"2,3 : 474.09"
"2,4 : 224.38"
"2,5 : 402.6"
"2,6 : 625.89"
"2,7 : 323.36"
"2,8 : 401.81"
"2,9 : 348.93"
"2,10 : 542.76"
"2,11 : 629.81"
"2,12 : 297.06"
"2,13 : 236.08"
"2,14 : 178.32"
"2,15 : 321.44"
"2,16 : 417.17"
"2,17 : 559.54"
"2,18 : 277.2"
"2,19 : 600.23"
"2,20 : 745.36"
"2,21 : 362.63"
"2,22 : 530.89"
"2,23 : 290.9"
"2,24 : 312.61"
"2,25 : 693.95"
"2,26 : 518.12"
"2,27 : 605.35"
"2,28 : 599.95"
"2,29 : 705.62"
"2,30 : 319.4"
"2,31 : 414.84"
"2,32 : 380.69"
"2,33 : 324.97"
"2,34 : 525.95"
"2,35 : 445.98"
"2,36 : 628.34"
"2,37 : 688.15"
"2,38 : 421.38"
"2,39 : 301.26"
"2,40 : 512.14"
"2,41 : 453.03"
"2,42 : 266.12"
"2,43 : 661.81"
"2,44 : 222.41"
"2,45 : 650.42"
"2,46 : 549.92"
"2,47 : 405.49"
"2,48 : 506.01"
"2,49 : 465.93"
"3,0 : 694.47"
"3,1 : 819.37"
"3,2 : 474.09"
"3,3 : 0.0"
"3,4 : 328.45"
"3,5 : 710.55"
"3,6 : 151.82"
"3,7 : 692.31"
"3,8 : 612.65"
"3,9 : 262.21"
"3,10 : 154.4"
"3,11 : 338.7"
"3,12 : 685.06"
"3,13 : 614.18"
"3,14 : 438.85"
"3,15 : 152.86"
"3,16 : 314.51"
"3,17 : 368.7"
"3,18 : 467.03"
"3,19 : 169.78"
"3,20 : 288.14"
"3,21 : 204.68"
"3,22 : 708.95"
"3,23 : 326.26"
"3,24 : 680.53"
"3,25 : 256.44"
"3,26 : 334.73"
"3,27 : 650.84"
"3,28 : 246.6"
"3,29 : 253.14"
"3,30 : 264.43"
"3,31 : 82.39"
"3,32 : 668.11"
"3,33 : 400.56"
"3,34 : 51.87"
"3,35 : 143.84"
"3,36 : 578.47"
"3,37 : 214.85"
"3,38 : 451.07"
"3,39 : 601.52"
"3,40 : 623.23"
"3,41 : 69.86"
"3,42 : 231.73"
"3,43 : 188.52"
"3,44 : 340.47"
"3,45 : 645.14"
"3,46 : 592.14"
"3,47 : 178.08"
"3,48 : 654.4"
"3,49 : 733.31"
"4,0 : 379.61"
"4,1 : 504.29"
"4,2 : 224.38"
"4,3 : 328.45"
"4,4 : 0.0"
"4,5 : 602.13"
"4,6 : 471.25"
"4,7 : 537.53"
"4,8 : 310.36"
"4,9 : 348.37"
"4,10 : 448.63"
"4,11 : 407.49"
"4,12 : 358.02"
"4,13 : 288.09"
"4,14 : 322.7"
"4,15 : 205.18"
"4,16 : 433.92"
"4,17 : 561.47"
"4,18 : 411.15"
"4,19 : 410.41"
"4,20 : 616.59"
"4,21 : 155.4"
"4,22 : 691.36"
"4,23 : 337.83"
"4,24 : 526.05"
"4,25 : 499.6"
"4,26 : 517.38"
"4,27 : 440.26"
"4,28 : 387.99"
"4,29 : 518.41"
"4,30 : 99.33"
"4,31 : 303.57"
"4,32 : 571.83"
"4,33 : 132.41"
"4,34 : 375.81"
"4,35 : 248.65"
"4,36 : 431.36"
"4,37 : 524.55"
"4,38 : 229.21"
"4,39 : 490.71"
"4,40 : 369.9"
"4,41 : 281.81"
"4,42 : 228.48"
"4,43 : 510.6"
"4,44 : 285.8"
"4,45 : 469.05"
"4,46 : 656.22"
"4,47 : 351.0"
"4,48 : 383.8"
"4,49 : 420.63"
"5,0 : 543.36"
"5,1 : 591.85"
"5,2 : 402.6"
"5,3 : 710.55"
"5,4 : 602.13"
"5,5 : 0.0"
"5,6 : 841.18"
"5,7 : 106.32"
"5,8 : 796.21"
"5,9 : 460.01"
"5,10 : 688.86"
"5,11 : 973.15"
"5,12 : 631.29"
"5,13 : 596.2"
"5,14 : 290.32"
"5,15 : 583.5"
"5,16 : 454.47"
"5,17 : 548.64"
"5,18 : 244.09"
"5,19 : 875.08"
"5,20 : 898.75"
"5,21 : 699.0"
"5,22 : 196.13"
"5,23 : 386.18"
"5,24 : 110.31"
"5,25 : 966.09"
"5,26 : 529.45"
"5,27 : 1007.92"
"5,28 : 915.76"
"5,29 : 963.4"
"5,30 : 679.06"
"5,31 : 629.03"
"5,32 : 44.94"
"5,33 : 721.04"
"5,34 : 755.15"
"5,35 : 755.2"
"5,36 : 1026.77"
"5,37 : 907.65"
"5,38 : 819.59"
"5,39 : 114.24"
"5,40 : 913.39"
"5,41 : 727.1"
"5,42 : 488.26"
"5,43 : 865.45"
"5,44 : 374.97"
"5,45 : 1052.41"
"5,46 : 338.57"
"5,47 : 553.22"
"5,48 : 903.93"
"5,49 : 838.02"
"6,0 : 843.63"
"6,1 : 968.75"
"6,2 : 625.89"
"6,3 : 151.82"
"6,4 : 471.25"
"6,5 : 841.18"
"6,6 : 0.0"
"6,7 : 832.33"
"6,8 : 735.54"
"6,9 : 381.8"
"6,10 : 177.12"
"6,11 : 348.24"
"6,12 : 829.27"
"6,13 : 759.16"
"6,14 : 581.55"
"6,15 : 304.54"
"6,16 : 410.37"
"6,17 : 415.03"
"6,18 : 597.44"
"6,19 : 135.67"
"6,20 : 161.51"
"6,21 : 330.18"
"6,22 : 815.74"
"6,23 : 455.39"
"6,24 : 820.76"
"6,25 : 168.83"
"6,26 : 393.96"
"6,27 : 734.88"
"6,28 : 247.63"
"6,29 : 144.45"
"6,30 : 394.44"
"6,31 : 220.42"
"6,32 : 797.42"
"6,33 : 523.93"
"6,34 : 100.0"
"6,35 : 243.68"
"6,36 : 642.95"
"6,37 : 66.71"
"6,38 : 555.66"
"6,39 : 736.22"
"6,40 : 725.63"
"6,41 : 189.99"
"6,42 : 377.92"
"6,43 : 39.82"
"6,44 : 481.06"
"6,45 : 715.76"
"6,46 : 676.95"
"6,47 : 288.84"
"6,48 : 762.31"
"6,49 : 859.01"
"7,0 : 439.12"
"7,1 : 485.58"
"7,2 : 323.36"
"7,3 : 692.31"
"7,4 : 537.53"
"7,5 : 106.32"
"7,6 : 832.33"
"7,7 : 0.0"
"7,8 : 704.41"
"7,9 : 460.49"
"7,10 : 694.1"
"7,11 : 926.43"
"7,12 : 529.2"
"7,13 : 498.11"
"7,14 : 254.15"
"7,15 : 553.09"
"7,16 : 474.55"
"7,17 : 587.96"
"7,18 : 246.97"
"7,19 : 849.78"
"7,20 : 907.89"
"7,21 : 650.99"
"7,22 : 297.14"
"7,23 : 381.79"
"7,24 : 12.0"
"7,25 : 943.04"
"7,26 : 561.97"
"7,27 : 923.86"
"7,28 : 878.16"
"7,29 : 944.64"
"7,30 : 622.68"
"7,31 : 613.72"
"7,32 : 118.61"
"7,33 : 647.9"
"7,34 : 740.28"
"7,35 : 717.06"
"7,36 : 951.68"
"7,37 : 898.99"
"7,38 : 744.73"
"7,39 : 110.39"
"7,40 : 826.21"
"7,41 : 698.76"
"7,42 : 461.89"
"7,43 : 860.35"
"7,44 : 352.08"
"7,45 : 972.07"
"7,46 : 417.14"
"7,47 : 551.39"
"7,48 : 813.55"
"7,49 : 739.06"
"8,0 : 326.94"
"8,1 : 408.04"
"8,2 : 401.81"
"8,3 : 612.65"
"8,4 : 310.36"
"8,5 : 796.21"
"8,6 : 735.54"
"8,7 : 704.41"
"8,8 : 0.0"
"8,9 : 654.8"
"8,10 : 749.53"
"8,11 : 527.38"
"8,12 : 234.45"
"8,13 : 220.23"
"8,14 : 569.47"
"8,15 : 512.43"
"8,16 : 739.43"
"8,17 : 870.76"
"8,18 : 668.89"
"8,19 : 637.29"
"8,20 : 893.13"
"8,21 : 409.09"
"8,22 : 932.55"
"8,23 : 632.0"
"8,24 : 695.43"
"8,25 : 707.16"
"8,26 : 826.59"
"8,27 : 242.43"
"8,28 : 566.49"
"8,29 : 737.24"
"8,30 : 348.31"
"8,31 : 605.83"
"8,32 : 779.13"
"8,33 : 212.55"
"8,34 : 652.21"
"8,35 : 491.93"
"8,36 : 325.72"
"8,37 : 775.53"
"8,38 : 201.53"
"8,39 : 701.51"
"8,40 : 136.12"
"8,41 : 551.57"
"8,42 : 535.99"
"8,43 : 775.11"
"8,44 : 570.19"
"8,45 : 307.67"
"8,46 : 935.54"
"8,47 : 661.17"
"8,48 : 110.45"
"8,49 : 124.53"
"9,0 : 603.7"
"9,1 : 718.13"
"9,2 : 348.93"
"9,3 : 262.21"
"9,4 : 348.37"
"9,5 : 460.01"
"9,6 : 381.8"
"9,7 : 460.49"
"9,8 : 654.8"
"9,9 : 0.0"
"9,10 : 233.63"
"9,11 : 575.93"
"9,12 : 632.67"
"9,13 : 563.89"
"9,14 : 226.81"
"9,15 : 185.31"
"9,16 : 85.7"
"9,17 : 219.11"
"9,18 : 217.6"
"9,19 : 431.91"
"9,20 : 447.68"
"9,21 : 338.66"
"9,22 : 447.04"
"9,23 : 79.26"
"9,24 : 449.49"
"9,25 : 517.36"
"9,26 : 175.35"
"9,27 : 777.27"
"9,28 : 496.61"
"9,29 : 509.77"
"9,30 : 359.47"
"9,31 : 180.45"
"9,32 : 415.95"
"9,33 : 474.5"
"9,34 : 300.88"
"9,35 : 350.6"
"9,36 : 741.43"
"9,37 : 448.03"
"9,38 : 561.26"
"9,39 : 358.35"
"9,40 : 716.4"
"9,41 : 298.21"
"9,42 : 119.92"
"9,43 : 405.44"
"9,44 : 133.0"
"9,45 : 793.88"
"9,46 : 344.8"
"9,47 : 93.21"
"9,48 : 732.13"
"9,49 : 755.34"
"10,0 : 785.6"
"10,1 : 907.58"
"10,2 : 542.76"
"10,3 : 154.4"
"10,4 : 448.63"
"10,5 : 688.86"
"10,6 : 177.12"
"10,7 : 694.1"
"10,8 : 749.53"
"10,9 : 233.63"
"10,10 : 0.0"
"10,11 : 480.03"
"10,12 : 792.2"
"10,13 : 720.66"
"10,14 : 455.5"
"10,15 : 245.2"
"10,16 : 241.47"
"10,17 : 239.93"
"10,18 : 449.82"
"10,19 : 281.11"
"10,20 : 214.29"
"10,21 : 350.17"
"10,22 : 645.28"
"10,23 : 312.65"
"10,24 : 683.13"
"10,25 : 341.42"
"10,26 : 216.9"
"10,27 : 803.75"
"10,28 : 381.56"
"10,29 : 320.92"
"10,30 : 403.84"
"10,31 : 145.07"
"10,32 : 644.19"
"10,33 : 540.71"
"10,34 : 147.41"
"10,35 : 298.21"
"10,36 : 732.86"
"10,37 : 236.14"
"10,38 : 600.08"
"10,39 : 590.96"
"10,40 : 771.47"
"10,41 : 224.18"
"10,42 : 276.7"
"10,43 : 187.54"
"10,44 : 355.63"
"10,45 : 799.42"
"10,46 : 500.69"
"10,47 : 145.61"
"10,48 : 800.09"
"10,49 : 866.44"
"11,0 : 758.6"
"11,1 : 875.86"
"11,2 : 629.81"
"11,3 : 338.7"
"11,4 : 407.49"
"11,5 : 973.15"
"11,6 : 348.24"
"11,7 : 926.43"
"11,8 : 527.38"
"11,9 : 575.93"
"11,10 : 480.03"
"11,11 : 0.0"
"11,12 : 704.54"
"11,13 : 647.69"
"11,14 : 682.93"
"11,15 : 401.01"
"11,16 : 643.44"
"11,17 : 707.25"
"11,18 : 744.72"
"11,19 : 212.66"
"11,20 : 497.16"
"11,21 : 275.5"
"11,22 : 1013.84"
"11,23 : 619.56"
"11,24 : 914.52"
"11,25 : 224.57"
"11,26 : 673.31"
"11,27 : 433.87"
"11,28 : 101.13"
"11,29 : 263.27"
"11,30 : 310.41"
"11,31 : 405.82"
"11,32 : 935.94"
"11,33 : 360.6"
"11,34 : 332.62"
"11,35 : 226.29"
"11,36 : 320.09"
"11,37 : 346.92"
"11,38 : 326.26"
"11,39 : 858.94"
"11,40 : 462.07"
"11,41 : 281.81"
"11,42 : 495.32"
"11,43 : 376.0"
"11,44 : 604.68"
"11,45 : 396.01"
"11,46 : 919.23"
"11,47 : 507.6"
"11,48 : 508.12"
"11,49 : 647.05"
"12,0 : 99.86"
"12,1 : 177.9"
"12,2 : 297.06"
"12,3 : 685.06"
"12,4 : 358.02"
"12,5 : 631.29"
"12,6 : 829.27"
"12,7 : 529.2"
"12,8 : 234.45"
"12,9 : 632.67"
"12,10 : 792.2"
"12,11 : 704.54"
"12,12 : 0.0"
"12,13 : 71.55"
"12,14 : 473.14"
"12,15 : 548.37"
"12,16 : 707.82"
"12,17 : 849.48"
"12,18 : 569.23"
"12,19 : 760.98"
"12,20 : 972.77"
"12,21 : 506.41"
"12,22 : 796.15"
"12,23 : 583.79"
"12,24 : 522.56"
"12,25 : 845.06"
"12,26 : 806.72"
"12,27 : 476.27"
"12,28 : 717.5"
"12,29 : 868.15"
"12,30 : 442.65"
"12,31 : 649.91"
"12,32 : 624.79"
"12,33 : 344.88"
"12,34 : 733.41"
"12,35 : 600.37"
"12,36 : 556.23"
"12,37 : 881.83"
"12,38 : 392.83"
"12,39 : 556.62"
"12,40 : 370.11"
"12,41 : 639.69"
"12,42 : 529.74"
"12,43 : 868.61"
"12,44 : 515.15"
"12,45 : 542.11"
"12,46 : 841.3"
"12,47 : 671.38"
"12,48 : 337.62"
"12,49 : 217.25"
"13,0 : 116.43"
"13,1 : 228.18"
"13,2 : 236.08"
"13,3 : 614.18"
"13,4 : 288.09"
"13,5 : 596.2"
"13,6 : 759.16"
"13,7 : 498.11"
"13,8 : 220.23"
"13,9 : 563.89"
"13,10 : 720.66"
"13,11 : 647.69"
"13,12 : 71.55"
"13,13 : 0.0"
"13,14 : 414.22"
"13,15 : 476.83"
"13,16 : 640.41"
"13,17 : 781.55"
"13,18 : 512.31"
"13,19 : 693.94"
"13,20 : 901.68"
"13,21 : 438.55"
"13,22 : 751.32"
"13,23 : 517.6"
"13,24 : 490.27"
"13,25 : 779.47"
"13,26 : 738.5"
"13,27 : 460.14"
"13,28 : 654.87"
"13,29 : 801.49"
"13,30 : 375.45"
"13,31 : 578.36"
"13,32 : 585.28"
"13,33 : 287.17"
"13,34 : 662.82"
"13,35 : 532.7"
"13,36 : 526.19"
"13,37 : 812.52"
"13,38 : 347.07"
"13,39 : 512.94"
"13,40 : 354.57"
"13,41 : 569.9"
"13,42 : 459.2"
"13,43 : 798.39"
"13,44 : 449.25"
"13,45 : 521.47"
"13,46 : 785.15"
"13,47 : 600.53"
"13,48 : 330.04"
"13,49 : 241.92"
"14,0 : 418.82"
"14,1 : 519.53"
"14,2 : 178.32"
"14,3 : 438.85"
"14,4 : 322.7"
"14,5 : 290.32"
"14,6 : 581.55"
"14,7 : 254.15"
"14,8 : 569.47"
"14,9 : 226.81"
"14,10 : 455.5"
"14,11 : 682.93"
"14,12 : 473.14"
"14,13 : 414.22"
"14,14 : 0.0"
"14,15 : 299.38"
"14,16 : 270.83"
"14,17 : 408.79"
"14,18 : 99.92"
"14,19 : 595.73"
"14,20 : 669.36"
"14,21 : 408.72"
"14,22 : 371.24"
"14,23 : 150.01"
"14,24 : 242.26"
"14,25 : 688.9"
"14,26 : 371.62"
"14,27 : 752.02"
"14,28 : 627.99"
"14,29 : 690.68"
"14,30 : 391.32"
"14,31 : 361.58"
"14,32 : 254.61"
"14,33 : 450.24"
"14,34 : 487.56"
"14,35 : 466.89"
"14,36 : 753.81"
"14,37 : 647.96"
"14,38 : 549.29"
"14,39 : 176.08"
"14,40 : 667.53"
"14,41 : 444.95"
"14,42 : 207.8"
"14,43 : 611.34"
"14,44 : 101.13"
"14,45 : 787.97"
"14,46 : 371.84"
"14,47 : 309.94"
"14,48 : 668.14"
"14,49 : 642.4"
"15,0 : 548.51"
"15,1 : 672.58"
"15,2 : 321.44"
"15,3 : 152.86"
"15,4 : 205.18"
"15,5 : 583.5"
"15,6 : 304.54"
"15,7 : 553.09"
"15,8 : 512.43"
"15,9 : 185.31"
"15,10 : 245.2"
"15,11 : 401.01"
"15,12 : 548.37"
"15,13 : 476.83"
"15,14 : 299.38"
"15,15 : 0.0"
"15,16 : 265.63"
"15,17 : 373.16"
"15,18 : 346.66"
"15,19 : 296.98"
"15,20 : 429.69"
"15,21 : 153.67"
"15,22 : 612.86"
"15,23 : 218.71"
"15,24 : 541.13"
"15,25 : 390.79"
"15,26 : 330.41"
"15,27 : 603.01"
"15,28 : 333.4"
"15,29 : 395.47"
"15,30 : 182.78"
"15,31 : 101.53"
"15,32 : 543.53"
"15,33 : 311.84"
"15,34 : 204.71"
"15,35 : 175.51"
"15,36 : 558.66"
"15,37 : 367.54"
"15,38 : 388.33"
"15,39 : 470.77"
"15,40 : 552.47"
"15,41 : 145.67"
"15,42 : 95.9"
"15,43 : 340.41"
"15,44 : 208.75"
"15,45 : 614.13"
"15,46 : 528.56"
"15,47 : 153.29"
"15,48 : 574.66"
"15,49 : 625.53"
"16,0 : 672.11"
"16,1 : 782.19"
"16,2 : 417.17"
"16,3 : 314.51"
"16,4 : 433.92"
"16,5 : 454.47"
"16,6 : 410.37"
"16,7 : 474.55"
"16,8 : 739.43"
"16,9 : 85.7"
"16,10 : 241.47"
"16,11 : 643.44"
"16,12 : 707.82"
"16,13 : 640.41"
"16,14 : 270.83"
"16,15 : 265.63"
"16,16 : 0.0"
"16,17 : 142.37"
"16,18 : 228.4"
"16,19 : 482.11"
"16,20 : 445.37"
"16,21 : 419.2"
"16,22 : 405.43"
"16,23 : 126.81"
"16,24 : 464.61"
"16,25 : 560.88"
"16,26 : 101.77"
"16,27 : 862.36"
"16,28 : 558.29"
"16,29 : 547.95"
"16,30 : 443.59"
"16,31 : 238.4"
"16,32 : 409.53"
"16,33 : 560.16"
"16,34 : 344.09"
"16,35 : 421.51"
"16,36 : 824.01"
"16,37 : 473.89"
"16,38 : 646.36"
"16,39 : 365.98"
"16,40 : 802.1"
"16,41 : 361.94"
"16,42 : 205.57"
"16,43 : 427.09"
"16,44 : 194.79"
"16,45 : 877.82"
"16,46 : 277.74"
"16,47 : 136.95"
"16,48 : 817.72"
"16,49 : 838.18"
"17,0 : 814.44"
"17,1 : 923.85"
"17,2 : 559.54"
"17,3 : 368.7"
"17,4 : 561.47"
"17,5 : 548.64"
"17,6 : 415.03"
"17,7 : 587.96"
"17,8 : 870.76"
"17,9 : 219.11"
"17,10 : 239.93"
"17,11 : 707.25"
"17,12 : 849.48"
"17,13 : 781.55"
"17,14 : 408.79"
"17,15 : 373.16"
"17,16 : 142.37"
"17,17 : 0.0"
"17,18 : 351.09"
"17,19 : 518.6"
"17,20 : 395.61"
"17,21 : 520.4"
"17,22 : 451.15"
"17,23 : 268.96"
"17,24 : 579.25"
"17,25 : 581.23"
"17,26 : 44.18"
"17,27 : 976.03"
"17,28 : 612.72"
"17,29 : 559.48"
"17,30 : 555.95"
"17,31 : 312.08"
"17,32 : 504.79"
"17,33 : 681.77"
"17,34 : 380.02"
"17,35 : 500.47"
"17,36 : 925.34"
"17,37 : 468.76"
"17,38 : 761.48"
"17,39 : 477.57"
"17,40 : 923.86"
"17,41 : 430.9"
"17,42 : 335.09"
"17,43 : 418.66"
"17,44 : 337.15"
"17,45 : 984.6"
"17,46 : 282.21"
"17,47 : 221.0"
"17,48 : 943.17"
"17,49 : 973.74"
"18,0 : 509.0"
"18,1 : 601.92"
"18,2 : 277.2"
"18,3 : 467.03"
"18,4 : 411.15"
"18,5 : 244.09"
"18,6 : 597.44"
"18,7 : 246.97"
"18,8 : 668.89"
"18,9 : 217.6"
"18,10 : 449.82"
"18,11 : 744.72"
"18,12 : 569.23"
"18,13 : 512.31"
"18,14 : 99.92"
"18,15 : 346.66"
"18,16 : 228.4"
"18,17 : 351.09"
"18,18 : 0.0"
"18,19 : 632.97"
"18,20 : 662.62"
"18,21 : 476.62"
"18,22 : 280.83"
"18,23 : 142.14"
"18,24 : 236.7"
"18,25 : 723.07"
"18,26 : 320.41"
"18,27 : 846.47"
"18,28 : 679.99"
"18,29 : 719.58"
"18,30 : 469.16"
"18,31 : 385.22"
"18,32 : 201.12"
"18,33 : 541.66"
"18,34 : 511.13"
"18,35 : 521.51"
"18,36 : 841.91"
"18,37 : 664.01"
"18,38 : 640.0"
"18,39 : 141.15"
"18,40 : 764.48"
"18,41 : 487.09"
"18,42 : 250.8"
"18,43 : 622.51"
"18,44 : 140.22"
"18,45 : 879.64"
"18,46 : 272.86"
"18,47 : 310.46"
"18,48 : 766.51"
"18,49 : 742.18"
"19,0 : 790.0"
"19,1 : 914.51"
"19,2 : 600.23"
"19,3 : 169.78"
"19,4 : 410.41"
"19,5 : 875.08"
"19,6 : 135.67"
"19,7 : 849.78"
"19,8 : 637.29"
"19,9 : 431.91"
"19,10 : 281.11"
"19,11 : 212.66"
"19,12 : 760.98"
"19,13 : 693.94"
"19,14 : 595.73"
"19,15 : 296.98"
"19,16 : 482.11"
"19,17 : 518.6"
"19,18 : 632.97"
"19,19 : 0.0"
"19,20 : 289.69"
"19,21 : 255.83"
"19,22 : 878.73"
"19,23 : 493.85"
"19,24 : 837.85"
"19,25 : 94.37"
"19,26 : 490.11"
"19,27 : 610.01"
"19,28 : 111.97"
"19,29 : 108.0"
"19,30 : 318.51"
"19,31 : 251.62"
"19,32 : 833.47"
"19,33 : 432.09"
"19,34 : 140.16"
"19,35 : 161.82"
"19,36 : 512.06"
"19,37 : 145.83"
"19,38 : 445.93"
"19,39 : 764.15"
"19,40 : 610.75"
"19,41 : 151.61"
"19,42 : 388.68"
"19,43 : 165.6"
"19,44 : 501.22"
"19,45 : 586.07"
"19,46 : 758.82"
"19,47 : 346.91"
"19,48 : 650.68"
"19,49 : 761.82"
"20,0 : 978.12"
"20,1 : 1102.27"
"20,2 : 745.36"
"20,3 : 288.14"
"20,4 : 616.59"
"20,5 : 898.75"
"20,6 : 161.51"
"20,7 : 907.89"
"20,8 : 893.13"
"20,9 : 447.68"
"20,10 : 214.29"
"20,11 : 497.16"
"20,12 : 972.77"
"20,13 : 901.68"
"20,14 : 669.36"
"20,15 : 429.69"
"20,16 : 445.37"
"20,17 : 395.61"
"20,18 : 662.62"
"20,19 : 289.69"
"20,20 : 0.0"
"20,21 : 484.86"
"20,22 : 838.02"
"20,23 : 526.82"
"20,24 : 897.0"
"20,25 : 286.39"
"20,26 : 391.62"
"20,27 : 895.88"
"20,28 : 399.53"
"20,29 : 249.15"
"20,30 : 547.94"
"20,31 : 331.07"
"20,32 : 853.87"
"20,33 : 680.75"
"20,34 : 242.5"
"20,35 : 402.75"
"20,36 : 801.49"
"20,37 : 151.24"
"20,38 : 716.53"
"20,39 : 803.71"
"20,40 : 886.92"
"20,41 : 342.24"
"20,42 : 482.46"
"20,43 : 125.04"
"20,44 : 569.01"
"20,45 : 875.07"
"20,46 : 677.09"
"20,47 : 359.48"
"20,48 : 923.15"
"20,49 : 1015.8"
"21,0 : 534.51"
"21,1 : 658.81"
"21,2 : 362.63"
"21,3 : 204.68"
"21,4 : 155.4"
"21,5 : 699.0"
"21,6 : 330.18"
"21,7 : 650.99"
"21,8 : 409.09"
"21,9 : 338.66"
"21,10 : 350.17"
"21,11 : 275.5"
"21,12 : 506.41"
"21,13 : 438.55"
"21,14 : 408.72"
"21,15 : 153.67"
"21,16 : 419.2"
"21,17 : 520.4"
"21,18 : 476.62"
"21,19 : 255.83"
"21,20 : 484.86"
"21,21 : 0.0"
"21,22 : 752.66"
"21,23 : 363.42"
"21,24 : 639.07"
"21,25 : 344.22"
"21,26 : 478.97"
"21,27 : 458.97"
"21,28 : 237.46"
"21,29 : 363.73"
"21,30 : 64.64"
"21,31 : 215.64"
"21,32 : 662.82"
"21,33 : 196.56"
"21,34 : 243.18"
"21,35 : 94.18"
"21,36 : 406.12"
"21,37 : 377.46"
"21,38 : 250.25"
"21,39 : 584.78"
"21,40 : 421.3"
"21,41 : 142.68"
"21,42 : 235.42"
"21,43 : 370.0"
"21,44 : 336.78"
"21,45 : 464.22"
"21,46 : 680.03"
"21,47 : 299.64"
"21,48 : 450.59"
"21,49 : 531.08"
"22,0 : 716.27"
"22,1 : 778.11"
"22,2 : 530.89"
"22,3 : 708.95"
"22,4 : 691.36"
"22,5 : 196.13"
"22,6 : 815.74"
"22,7 : 297.14"
"22,8 : 932.55"
"22,9 : 447.04"
"22,10 : 645.28"
"22,11 : 1013.84"
"22,12 : 796.15"
"22,13 : 751.32"
"22,14 : 371.24"
"22,15 : 612.86"
"22,16 : 405.43"
"22,17 : 451.15"
"22,18 : 280.83"
"22,19 : 878.73"
"22,20 : 838.02"
"22,21 : 752.66"
"22,22 : 0.0"
"22,23 : 394.32"
"22,24 : 297.74"
"22,25 : 962.37"
"22,26 : 447.04"
"22,27 : 1123.17"
"22,28 : 940.94"
"22,29 : 951.8"
"22,30 : 749.16"
"22,31 : 627.48"
"22,32 : 180.23"
"22,33 : 820.83"
"22,34 : 744.89"
"22,35 : 787.85"
"22,36 : 1122.5"
"22,37 : 879.26"
"22,38 : 919.61"
"22,39 : 239.55"
"22,40 : 1037.15"
"22,41 : 743.14"
"22,42 : 519.67"
"22,43 : 832.11"
"22,44 : 417.0"
"22,45 : 1158.82"
"22,46 : 182.48"
"22,47 : 533.46"
"22,48 : 1035.11"
"22,49 : 991.31"
"23,0 : 545.54"
"23,1 : 655.43"
"23,2 : 290.9"
"23,3 : 326.26"
"23,4 : 337.83"
"23,5 : 386.18"
"23,6 : 455.39"
"23,7 : 381.79"
"23,8 : 632.0"
"23,9 : 79.26"
"23,10 : 312.65"
"23,11 : 619.56"
"23,12 : 583.79"
"23,13 : 517.6"
"23,14 : 150.01"
"23,15 : 218.71"
"23,16 : 126.81"
"23,17 : 268.96"
"23,18 : 142.14"
"23,19 : 493.85"
"23,20 : 526.82"
"23,21 : 363.42"
"23,22 : 394.32"
"23,23 : 0.0"
"23,24 : 370.69"
"23,25 : 582.67"
"23,26 : 228.46"
"23,27 : 776.87"
"23,28 : 547.88"
"23,29 : 578.1"
"23,30 : 370.62"
"23,31 : 244.05"
"23,32 : 342.91"
"23,33 : 469.4"
"23,34 : 369.35"
"23,35 : 393.54"
"23,36 : 753.81"
"23,37 : 521.99"
"23,38 : 562.51"
"23,39 : 281.34"
"23,40 : 707.09"
"23,41 : 351.46"
"23,42 : 128.0"
"23,43 : 480.98"
"23,44 : 68.73"
"23,45 : 800.4"
"23,46 : 321.63"
"23,47 : 169.81"
"23,48 : 717.72"
"23,49 : 724.03"
"24,0 : 433.42"
"24,1 : 482.7"
"24,2 : 312.61"
"24,3 : 680.53"
"24,4 : 526.05"
"24,5 : 110.31"
"24,6 : 820.76"
"24,7 : 12.0"
"24,8 : 695.43"
"24,9 : 449.49"
"24,10 : 683.13"
"24,11 : 914.52"
"24,12 : 522.56"
"24,13 : 490.27"
"24,14 : 242.26"
"24,15 : 541.13"
"24,16 : 464.61"
"24,17 : 579.25"
"24,18 : 236.7"
"24,19 : 837.85"
"24,20 : 897.0"
"24,21 : 639.07"
"24,22 : 297.74"
"24,23 : 370.69"
"24,24 : 0.0"
"24,25 : 931.13"
"24,26 : 552.75"
"24,27 : 913.92"
"24,28 : 866.17"
"24,29 : 932.8"
"24,30 : 610.92"
"24,31 : 602.03"
"24,32 : 118.0"
"24,33 : 636.93"
"24,34 : 728.56"
"24,35 : 705.06"
"24,36 : 940.94"
"24,37 : 887.41"
"24,38 : 733.92"
"24,39 : 101.91"
"24,40 : 816.61"
"24,41 : 686.8"
"24,42 : 450.02"
"24,43 : 848.89"
"24,44 : 340.37"
"24,45 : 961.77"
"24,46 : 413.03"
"24,47 : 540.2"
"24,48 : 804.38"
"24,49 : 731.52"
"25,0 : 878.48"
"25,1 : 1002.41"
"25,2 : 693.95"
"25,3 : 256.44"
"25,4 : 499.6"
"25,5 : 966.09"
"25,6 : 168.83"
"25,7 : 943.04"
"25,8 : 707.16"
"25,9 : 517.36"
"25,10 : 341.42"
"25,11 : 224.57"
"25,12 : 845.06"
"25,13 : 779.47"
"25,14 : 688.9"
"25,15 : 390.79"
"25,16 : 560.88"
"25,17 : 581.23"
"25,18 : 723.07"
"25,19 : 94.37"
"25,20 : 286.39"
"25,21 : 344.22"
"25,22 : 962.37"
"25,23 : 582.67"
"25,24 : 931.13"
"25,25 : 0.0"
"25,26 : 557.29"
"25,27 : 652.27"
"25,28 : 144.18"
"25,29 : 39.2"
"25,30 : 404.82"
"25,31 : 338.78"
"25,32 : 924.0"
"25,33 : 508.94"
"25,34 : 217.5"
"25,35 : 251.67"
"25,36 : 543.38"
"25,37 : 137.06"
"25,38 : 509.7"
"25,39 : 855.94"
"25,40 : 666.48"
"25,41 : 245.78"
"25,42 : 481.4"
"25,43 : 179.77"
"25,44 : 593.35"
"25,45 : 619.13"
"25,46 : 834.61"
"25,47 : 428.91"
"25,48 : 709.3"
"25,49 : 831.26"
"26,0 : 773.25"
"26,1 : 883.9"
"26,2 : 518.12"
"26,3 : 334.73"
"26,4 : 517.38"
"26,5 : 529.45"
"26,6 : 393.96"
"26,7 : 561.97"
"26,8 : 826.59"
"26,9 : 175.35"
"26,10 : 216.9"
"26,11 : 673.31"
"26,12 : 806.72"
"26,13 : 738.5"
"26,14 : 371.62"
"26,15 : 330.41"
"26,16 : 101.77"
"26,17 : 44.18"
"26,18 : 320.41"
"26,19 : 490.11"
"26,20 : 391.62"
"26,21 : 478.97"
"26,22 : 447.04"
"26,23 : 228.46"
"26,24 : 552.75"
"26,25 : 557.29"
"26,26 : 0.0"
"26,27 : 933.42"
"26,28 : 580.53"
"26,29 : 537.79"
"26,30 : 513.13"
"26,31 : 273.6"
"26,32 : 484.98"
"26,33 : 638.13"
"26,34 : 350.32"
"26,35 : 462.65"
"26,36 : 884.53"
"26,37 : 451.09"
"26,38 : 718.56"
"26,39 : 451.81"
"26,40 : 880.31"
"26,41 : 394.55"
"26,42 : 290.91"
"26,43 : 401.44"
"26,44 : 296.01"
"26,45 : 942.98"
"26,46 : 287.9"
"26,47 : 179.33"
"26,48 : 899.3"
"26,49 : 929.62"
"27,0 : 569.28"
"27,1 : 646.57"
"27,2 : 605.35"
"27,3 : 650.84"
"27,4 : 440.26"
"27,5 : 1007.92"
"27,6 : 734.88"
"27,7 : 923.86"
"27,8 : 242.43"
"27,9 : 777.27"
"27,10 : 803.75"
"27,11 : 433.87"
"27,12 : 476.27"
"27,13 : 460.14"
"27,14 : 752.02"
"27,15 : 603.01"
"27,16 : 862.36"
"27,17 : 976.03"
"27,18 : 846.47"
"27,19 : 610.01"
"27,20 : 895.88"
"27,21 : 458.97"
"27,22 : 1123.17"
"27,23 : 776.87"
"27,24 : 913.92"
"27,25 : 652.27"
"27,26 : 933.42"
"27,27 : 0.0"
"27,28 : 510.22"
"27,29 : 689.05"
"27,30 : 420.42"
"27,31 : 674.51"
"27,32 : 985.25"
"27,33 : 307.88"
"27,34 : 675.43"
"27,35 : 508.46"
"27,36 : 126.67"
"27,37 : 755.78"
"27,38 : 216.01"
"27,39 : 904.82"
"27,40 : 106.3"
"27,41 : 581.35"
"27,42 : 659.41"
"27,43 : 770.96"
"27,44 : 725.97"
"27,45 : 71.57"
"27,46 : 1096.44"
"27,47 : 755.28"
"27,48 : 143.17"
"27,49 : 304.38"
"28,0 : 759.55"
"28,1 : 881.33"
"28,2 : 599.95"
"28,3 : 246.6"
"28,4 : 387.99"
"28,5 : 915.76"
"28,6 : 247.63"
"28,7 : 878.16"
"28,8 : 566.49"
"28,9 : 496.61"
"28,10 : 381.56"
"28,11 : 101.13"
"28,12 : 717.5"
"28,13 : 654.87"
"28,14 : 627.99"
"28,15 : 333.4"
"28,16 : 558.29"
"28,17 : 612.72"
"28,18 : 679.99"
"28,19 : 111.97"
"28,20 : 399.53"
"28,21 : 237.46"
"28,22 : 940.94"
"28,23 : 547.88"
"28,24 : 866.17"
"28,25 : 144.18"
"28,26 : 580.53"
"28,27 : 510.22"
"28,28 : 0.0"
"28,29 : 179.32"
"28,30 : 288.94"
"28,31 : 320.04"
"28,32 : 876.46"
"28,33 : 375.18"
"28,34 : 234.52"
"28,35 : 161.2"
"28,36 : 405.77"
"28,37 : 251.2"
"28,38 : 367.22"
"28,39 : 802.29"
"28,40 : 522.3"
"28,41 : 198.41"
"28,42 : 429.3"
"28,43 : 276.73"
"28,44 : 541.87"
"28,45 : 480.84"
"28,46 : 835.79"
"28,47 : 421.38"
"28,48 : 565.28"
"28,49 : 690.02"
"29,0 : 898.0"
"29,1 : 1022.49"
"29,2 : 705.62"
"29,3 : 253.14"
"29,4 : 518.41"
"29,5 : 963.4"
"29,6 : 144.45"
"29,7 : 944.64"
"29,8 : 737.24"
"29,9 : 509.77"
"29,10 : 320.92"
"29,11 : 263.27"
"29,12 : 868.15"
"29,13 : 801.49"
"29,14 : 690.68"
"29,15 : 395.47"
"29,16 : 547.95"
"29,17 : 559.48"
"29,18 : 719.58"
"29,19 : 108.0"
"29,20 : 249.15"
"29,21 : 363.73"
"29,22 : 951.8"
"29,23 : 578.1"
"29,24 : 932.8"
"29,25 : 39.2"
"29,26 : 537.79"
"29,27 : 689.05"
"29,28 : 179.32"
"29,29 : 0.0"
"29,30 : 426.06"
"29,31 : 334.38"
"29,32 : 920.7"
"29,33 : 535.86"
"29,34 : 209.06"
"29,35 : 269.8"
"29,36 : 581.39"
"29,37 : 102.45"
"29,38 : 541.5"
"29,39 : 854.66"
"29,40 : 700.69"
"29,41 : 253.3"
"29,42 : 482.9"
"29,43 : 148.66"
"29,44 : 593.28"
"29,45 : 657.05"
"29,46 : 818.75"
"29,47 : 419.21"
"29,48 : 742.86"
"29,49 : 861.61"
"30,0 : 474.01"
"30,1 : 597.64"
"30,2 : 319.4"
"30,3 : 264.43"
"30,4 : 99.33"
"30,5 : 679.06"
"30,6 : 394.44"
"30,7 : 622.68"
"30,8 : 348.31"
"30,9 : 359.47"
"30,10 : 403.84"
"30,11 : 310.41"
"30,12 : 442.65"
"30,13 : 375.45"
"30,14 : 391.32"
"30,15 : 182.78"
"30,16 : 443.59"
"30,17 : 555.95"
"30,18 : 469.16"
"30,19 : 318.51"
"30,20 : 547.94"
"30,21 : 64.64"
"30,22 : 749.16"
"30,23 : 370.62"
"30,24 : 610.92"
"30,25 : 404.82"
"30,26 : 513.13"
"30,27 : 420.42"
"30,28 : 288.94"
"30,29 : 426.06"
"30,30 : 0.0"
"30,31 : 263.27"
"30,32 : 645.49"
"30,33 : 137.06"
"30,34 : 305.66"
"30,35 : 157.81"
"30,36 : 383.74"
"30,37 : 442.09"
"30,38 : 205.57"
"30,39 : 565.54"
"30,40 : 371.8"
"30,41 : 205.83"
"30,42 : 245.51"
"30,43 : 434.26"
"30,44 : 332.8"
"30,45 : 434.42"
"30,46 : 691.86"
"30,47 : 335.72"
"30,48 : 397.25"
"30,49 : 469.01"
"31,0 : 648.62"
"31,1 : 772.17"
"31,2 : 414.84"
"31,3 : 82.39"
"31,4 : 303.57"
"31,5 : 629.03"
"31,6 : 220.42"
"31,7 : 613.72"
"31,8 : 605.83"
"31,9 : 180.45"
"31,10 : 145.07"
"31,11 : 405.82"
"31,12 : 649.91"
"31,13 : 578.36"
"31,14 : 361.58"
"31,15 : 101.53"
"31,16 : 238.4"
"31,17 : 312.08"
"31,18 : 385.22"
"31,19 : 251.62"
"31,20 : 331.07"
"31,21 : 215.64"
"31,22 : 627.48"
"31,23 : 244.05"
"31,24 : 602.03"
"31,25 : 338.78"
"31,26 : 273.6"
"31,27 : 674.51"
"31,28 : 320.04"
"31,29 : 334.38"
"31,30 : 263.27"
"31,31 : 0.0"
"31,32 : 586.34"
"31,33 : 399.03"
"31,34 : 126.75"
"31,35 : 189.13"
"31,36 : 615.33"
"31,37 : 286.56"
"31,38 : 464.93"
"31,39 : 520.82"
"31,40 : 634.34"
"31,41 : 124.02"
"31,42 : 157.87"
"31,43 : 252.25"
"31,44 : 261.7"
"31,45 : 677.2"
"31,46 : 515.76"
"31,47 : 101.83"
"31,48 : 660.51"
"31,49 : 721.8"
"32,0 : 540.74"
"32,1 : 598.2"
"32,2 : 380.69"
"32,3 : 668.11"
"32,4 : 571.83"
"32,5 : 44.94"
"32,6 : 797.42"
"32,7 : 118.61"
"32,8 : 779.13"
"32,9 : 415.95"
"32,10 : 644.19"
"32,11 : 935.94"
"32,12 : 624.79"
"32,13 : 585.28"
"32,14 : 254.61"
"32,15 : 543.53"
"32,16 : 409.53"
"32,17 : 504.79"
"32,18 : 201.12"
"32,19 : 833.47"
"32,20 : 853.87"
"32,21 : 662.82"
"32,22 : 180.23"
"32,23 : 342.91"
"32,24 : 118.0"
"32,25 : 924.0"
"32,26 : 484.98"
"32,27 : 985.25"
"32,28 : 876.46"
"32,29 : 920.7"
"32,30 : 645.49"
"32,31 : 586.34"
"32,32 : 0.0"
"32,33 : 693.69"
"32,34 : 712.18"
"32,35 : 716.35"
"32,36 : 999.44"
"32,37 : 863.82"
"32,38 : 792.67"
"32,39 : 81.3"
"32,40 : 892.82"
"32,41 : 686.29"
"32,42 : 447.91"
"32,43 : 821.34"
"32,44 : 334.77"
"32,45 : 1027.6"
"32,46 : 304.11"
"32,47 : 509.17"
"32,48 : 885.52"
"32,49 : 827.06"
"33,0 : 399.41"
"33,1 : 515.29"
"33,2 : 324.97"
"33,3 : 400.56"
"33,4 : 132.41"
"33,5 : 721.04"
"33,6 : 523.93"
"33,7 : 647.9"
"33,8 : 212.55"
"33,9 : 474.5"
"33,10 : 540.71"
"33,11 : 360.6"
"33,12 : 344.88"
"33,13 : 287.17"
"33,14 : 450.24"
"33,15 : 311.84"
"33,16 : 560.16"
"33,17 : 681.77"
"33,18 : 541.66"
"33,19 : 432.09"
"33,20 : 680.75"
"33,21 : 196.56"
"33,22 : 820.83"
"33,23 : 469.4"
"33,24 : 636.93"
"33,25 : 508.94"
"33,26 : 638.13"
"33,27 : 307.88"
"33,28 : 375.18"
"33,29 : 535.86"
"33,30 : 137.06"
"33,31 : 399.03"
"33,32 : 693.69"
"33,33 : 0.0"
"33,34 : 439.66"
"33,35 : 280.86"
"33,36 : 305.81"
"33,37 : 566.26"
"33,38 : 99.2"
"33,39 : 612.41"
"33,40 : 242.33"
"33,41 : 339.03"
"33,42 : 355.08"
"33,43 : 563.62"
"33,44 : 418.21"
"33,45 : 338.04"
"33,46 : 788.56"
"33,47 : 464.59"
"33,48 : 262.83"
"33,49 : 335.18"
"34,0 : 744.95"
"34,1 : 869.97"
"34,2 : 525.95"
"34,3 : 51.87"
"34,4 : 375.81"
"34,5 : 755.15"
"34,6 : 100.0"
"34,7 : 740.28"
"34,8 : 652.21"
"34,9 : 300.88"
"34,10 : 147.41"
"34,11 : 332.62"
"34,12 : 733.41"
"34,13 : 662.82"
"34,14 : 487.56"
"34,15 : 204.71"
"34,16 : 344.09"
"34,17 : 380.02"
"34,18 : 511.13"
"34,19 : 140.16"
"34,20 : 242.5"
"34,21 : 243.18"
"34,22 : 744.89"
"34,23 : 369.35"
"34,24 : 728.56"
"34,25 : 217.5"
"34,26 : 350.32"
"34,27 : 675.43"
"34,28 : 234.52"
"34,29 : 209.06"
"34,30 : 305.66"
"34,31 : 126.75"
"34,32 : 712.18"
"34,33 : 439.66"
"34,34 : 0.0"
"34,35 : 168.11"
"34,36 : 595.37"
"34,37 : 163.25"
"34,38 : 482.7"
"34,39 : 647.47"
"34,40 : 654.75"
"34,41 : 100.69"
"34,42 : 281.46"
"34,43 : 137.21"
"34,44 : 388.2"
"34,45 : 664.68"
"34,46 : 619.67"
"34,47 : 211.44"
"34,48 : 688.16"
"34,49 : 774.2"
"35,0 : 628.2"
"35,1 : 752.69"
"35,2 : 445.98"
"35,3 : 143.84"
"35,4 : 248.65"
"35,5 : 755.2"
"35,6 : 243.68"
"35,7 : 717.06"
"35,8 : 491.93"
"35,9 : 350.6"
"35,10 : 298.21"
"35,11 : 226.29"
"35,12 : 600.37"
"35,13 : 532.7"
"35,14 : 466.89"
"35,15 : 175.51"
"35,16 : 421.51"
"35,17 : 500.47"
"35,18 : 521.51"
"35,19 : 161.82"
"35,20 : 402.75"
"35,21 : 94.18"
"35,22 : 787.85"
"35,23 : 393.54"
"35,24 : 705.06"
"35,25 : 251.67"
"35,26 : 462.65"
"35,27 : 508.46"
"35,28 : 161.2"
"35,29 : 269.8"
"35,30 : 157.81"
"35,31 : 189.13"
"35,32 : 716.35"
"35,33 : 280.86"
"35,34 : 168.11"
"35,35 : 0.0"
"35,36 : 434.82"
"35,37 : 286.09"
"35,38 : 315.23"
"35,39 : 641.52"
"35,40 : 487.0"
"35,41 : 74.04"
"35,42 : 270.88"
"35,43 : 283.19"
"35,44 : 382.34"
"35,45 : 501.33"
"35,46 : 694.95"
"35,47 : 288.51"
"35,48 : 521.36"
"35,49 : 615.61"
"36,0 : 641.13"
"36,1 : 732.57"
"36,2 : 628.34"
"36,3 : 578.47"
"36,4 : 431.36"
"36,5 : 1026.77"
"36,6 : 642.95"
"36,7 : 951.68"
"36,8 : 325.72"
"36,9 : 741.43"
"36,10 : 732.86"
"36,11 : 320.09"
"36,12 : 556.23"
"36,13 : 526.19"
"36,14 : 753.81"
"36,15 : 558.66"
"36,16 : 824.01"
"36,17 : 925.34"
"36,18 : 841.91"
"36,19 : 512.06"
"36,20 : 801.49"
"36,21 : 406.12"
"36,22 : 1122.5"
"36,23 : 753.81"
"36,24 : 940.94"
"36,25 : 543.38"
"36,26 : 884.53"
"36,27 : 126.67"
"36,28 : 405.77"
"36,29 : 581.39"
"36,30 : 383.74"
"36,31 : 615.33"
"36,32 : 999.44"
"36,33 : 305.81"
"36,34 : 595.37"
"36,35 : 434.82"
"36,36 : 0.0"
"36,37 : 656.17"
"36,38 : 207.27"
"36,39 : 918.15"
"36,40 : 202.83"
"36,41 : 508.83"
"36,42 : 629.24"
"36,43 : 676.71"
"36,44 : 711.4"
"36,45 : 75.93"
"36,46 : 1075.35"
"36,47 : 705.27"
"36,48 : 249.88"
"36,49 : 413.19"
"37,0 : 900.53"
"37,1 : 1025.73"
"37,2 : 688.15"
"37,3 : 214.85"
"37,4 : 524.55"
"37,5 : 907.65"
"37,6 : 66.71"
"37,7 : 898.99"
"37,8 : 775.53"
"37,9 : 448.03"
"37,10 : 236.14"
"37,11 : 346.92"
"37,12 : 881.83"
"37,13 : 812.52"
"37,14 : 647.96"
"37,15 : 367.54"
"37,16 : 473.89"
"37,17 : 468.76"
"37,18 : 664.01"
"37,19 : 145.83"
"37,20 : 151.24"
"37,21 : 377.46"
"37,22 : 879.26"
"37,23 : 521.99"
"37,24 : 887.41"
"37,25 : 137.06"
"37,26 : 451.09"
"37,27 : 755.78"
"37,28 : 251.2"
"37,29 : 102.45"
"37,30 : 442.09"
"37,31 : 286.56"
"37,32 : 863.82"
"37,33 : 566.26"
"37,34 : 163.25"
"37,35 : 286.09"
"37,36 : 656.17"
"37,37 : 0.0"
"37,38 : 588.59"
"37,39 : 802.9"
"37,40 : 755.35"
"37,41 : 243.24"
"37,42 : 443.63"
"37,43 : 50.16"
"37,44 : 547.59"
"37,45 : 730.7"
"37,46 : 736.71"
"37,47 : 354.93"
"37,48 : 794.4"
"37,49 : 899.8"
"38,0 : 463.3"
"38,1 : 569.83"
"38,2 : 421.38"
"38,3 : 451.07"
"38,4 : 229.21"
"38,5 : 819.59"
"38,6 : 555.66"
"38,7 : 744.73"
"38,8 : 201.53"
"38,9 : 561.26"
"38,10 : 600.08"
"38,11 : 326.26"
"38,12 : 392.83"
"38,13 : 347.07"
"38,14 : 549.29"
"38,15 : 388.33"
"38,16 : 646.36"
"38,17 : 761.48"
"38,18 : 640.0"
"38,19 : 445.93"
"38,20 : 716.53"
"38,21 : 250.25"
"38,22 : 919.61"
"38,23 : 562.51"
"38,24 : 733.92"
"38,25 : 509.7"
"38,26 : 718.56"
"38,27 : 216.01"
"38,28 : 367.22"
"38,29 : 541.5"
"38,30 : 205.57"
"38,31 : 464.93"
"38,32 : 792.67"
"38,33 : 99.2"
"38,34 : 482.7"
"38,35 : 315.23"
"38,36 : 207.27"
"38,37 : 588.59"
"38,38 : 0.0"
"38,39 : 711.4"
"38,40 : 172.24"
"38,41 : 383.75"
"38,42 : 443.59"
"38,43 : 594.24"
"38,44 : 514.2"
"38,45 : 239.84"
"38,46 : 883.23"
"38,47 : 541.27"
"38,48 : 206.65"
"38,49 : 323.45"
"39,0 : 477.6"
"39,1 : 546.54"
"39,2 : 301.26"
"39,3 : 601.52"
"39,4 : 490.71"
"39,5 : 114.24"
"39,6 : 736.22"
"39,7 : 110.39"
"39,8 : 701.51"
"39,9 : 358.35"
"39,10 : 590.96"
"39,11 : 858.94"
"39,12 : 556.62"
"39,13 : 512.94"
"39,14 : 176.08"
"39,15 : 470.77"
"39,16 : 365.98"
"39,17 : 477.57"
"39,18 : 141.15"
"39,19 : 764.15"
"39,20 : 803.71"
"39,21 : 584.78"
"39,22 : 239.55"
"39,23 : 281.34"
"39,24 : 101.91"
"39,25 : 855.94"
"39,26 : 451.81"
"39,27 : 904.82"
"39,28 : 802.29"
"39,29 : 854.66"
"39,30 : 565.54"
"39,31 : 520.82"
"39,32 : 81.3"
"39,33 : 612.41"
"39,34 : 647.47"
"39,35 : 641.52"
"39,36 : 918.15"
"39,37 : 802.9"
"39,38 : 711.4"
"39,39 : 0.0"
"39,40 : 813.23"
"39,41 : 615.14"
"39,42 : 376.09"
"39,43 : 762.31"
"39,44 : 263.0"
"39,45 : 946.61"
"39,46 : 322.05"
"39,47 : 450.82"
"39,48 : 807.01"
"39,49 : 753.91"
"40,0 : 463.01"
"40,1 : 541.49"
"40,2 : 512.14"
"40,3 : 623.23"
"40,4 : 369.9"
"40,5 : 913.39"
"40,6 : 725.63"
"40,7 : 826.21"
"40,8 : 136.12"
"40,9 : 716.4"
"40,10 : 771.47"
"40,11 : 462.07"
"40,12 : 370.11"
"40,13 : 354.57"
"40,14 : 667.53"
"40,15 : 552.47"
"40,16 : 802.1"
"40,17 : 923.86"
"40,18 : 764.48"
"40,19 : 610.75"
"40,20 : 886.92"
"40,21 : 421.3"
"40,22 : 1037.15"
"40,23 : 707.09"
"40,24 : 816.61"
"40,25 : 666.48"
"40,26 : 880.31"
"40,27 : 106.3"
"40,28 : 522.3"
"40,29 : 700.69"
"40,30 : 371.8"
"40,31 : 634.34"
"40,32 : 892.82"
"40,33 : 242.33"
"40,34 : 654.75"
"40,35 : 487.0"
"40,36 : 202.83"
"40,37 : 755.35"
"40,38 : 172.24"
"40,39 : 813.23"
"40,40 : 0.0"
"40,41 : 555.98"
"40,42 : 596.69"
"40,43 : 763.73"
"40,44 : 651.45"
"40,45 : 173.03"
"40,46 : 1022.21"
"40,47 : 705.69"
"40,48 : 48.6"
"40,49 : 210.39"
"41,0 : 657.42"
"41,1 : 782.62"
"41,2 : 453.03"
"41,3 : 69.86"
"41,4 : 281.81"
"41,5 : 727.1"
"41,6 : 189.99"
"41,7 : 698.76"
"41,8 : 551.57"
"41,9 : 298.21"
"41,10 : 224.18"
"41,11 : 281.81"
"41,12 : 639.69"
"41,13 : 569.9"
"41,14 : 444.95"
"41,15 : 145.67"
"41,16 : 361.94"
"41,17 : 430.9"
"41,18 : 487.09"
"41,19 : 151.61"
"41,20 : 342.24"
"41,21 : 142.68"
"41,22 : 743.14"
"41,23 : 351.46"
"41,24 : 686.8"
"41,25 : 245.78"
"41,26 : 394.55"
"41,27 : 581.35"
"41,28 : 198.41"
"41,29 : 253.3"
"41,30 : 205.83"
"41,31 : 124.02"
"41,32 : 686.29"
"41,33 : 339.03"
"41,34 : 100.69"
"41,35 : 74.04"
"41,36 : 508.83"
"41,37 : 243.24"
"41,38 : 383.75"
"41,39 : 615.14"
"41,40 : 555.98"
"41,41 : 0.0"
"41,42 : 239.05"
"41,43 : 229.65"
"41,44 : 352.24"
"41,45 : 575.29"
"41,46 : 638.66"
"41,47 : 225.8"
"41,48 : 588.42"
"41,49 : 673.75"
"42,0 : 512.77"
"42,1 : 632.92"
"42,2 : 266.12"
"42,3 : 231.73"
"42,4 : 228.48"
"42,5 : 488.26"
"42,6 : 377.92"
"42,7 : 461.89"
"42,8 : 535.99"
"42,9 : 119.92"
"42,10 : 276.7"
"42,11 : 495.32"
"42,12 : 529.74"
"42,13 : 459.2"
"42,14 : 207.8"
"42,15 : 95.9"
"42,16 : 205.57"
"42,17 : 335.09"
"42,18 : 250.8"
"42,19 : 388.68"
"42,20 : 482.46"
"42,21 : 235.42"
"42,22 : 519.67"
"42,23 : 128.0"
"42,24 : 450.02"
"42,25 : 481.4"
"42,26 : 290.91"
"42,27 : 659.41"
"42,28 : 429.3"
"42,29 : 482.9"
"42,30 : 245.51"
"42,31 : 157.87"
"42,32 : 447.91"
"42,33 : 355.08"
"42,34 : 281.46"
"42,35 : 270.88"
"42,36 : 629.24"
"42,37 : 443.63"
"42,38 : 443.59"
"42,39 : 376.09"
"42,40 : 596.69"
"42,41 : 239.05"
"42,42 : 0.0"
"42,43 : 410.11"
"42,44 : 113.28"
"42,45 : 678.68"
"42,46 : 447.0"
"42,47 : 142.35"
"42,48 : 612.22"
"42,49 : 639.09"
"43,0 : 882.0"
"43,1 : 1007.06"
"43,2 : 661.81"
"43,3 : 188.52"
"43,4 : 510.6"
"43,5 : 865.45"
"43,6 : 39.82"
"43,7 : 860.35"
"43,8 : 775.11"
"43,9 : 405.44"
"43,10 : 187.54"
"43,11 : 376.0"
"43,12 : 868.61"
"43,13 : 798.39"
"43,14 : 611.34"
"43,15 : 340.41"
"43,16 : 427.09"
"43,17 : 418.66"
"43,18 : 622.51"
"43,19 : 165.6"
"43,20 : 125.04"
"43,21 : 370.0"
"43,22 : 832.11"
"43,23 : 480.98"
"43,24 : 848.89"
"43,25 : 179.77"
"43,26 : 401.44"
"43,27 : 770.96"
"43,28 : 276.73"
"43,29 : 148.66"
"43,30 : 434.26"
"43,31 : 252.25"
"43,32 : 821.34"
"43,33 : 563.62"
"43,34 : 137.21"
"43,35 : 283.19"
"43,36 : 676.71"
"43,37 : 50.16"
"43,38 : 594.24"
"43,39 : 762.31"
"43,40 : 763.73"
"43,41 : 229.65"
"43,42 : 410.11"
"43,43 : 0.0"
"43,44 : 510.42"
"43,45 : 750.13"
"43,46 : 687.58"
"43,47 : 312.25"
"43,48 : 800.86"
"43,49 : 898.66"
"44,0 : 477.33"
"44,1 : 588.48"
"44,2 : 222.41"
"44,3 : 340.47"
"44,4 : 285.8"
"44,5 : 374.97"
"44,6 : 481.06"
"44,7 : 352.08"
"44,8 : 570.19"
"44,9 : 133.0"
"44,10 : 355.63"
"44,11 : 604.68"
"44,12 : 515.15"
"44,13 : 449.25"
"44,14 : 101.13"
"44,15 : 208.75"
"44,16 : 194.79"
"44,17 : 337.15"
"44,18 : 140.22"
"44,19 : 501.22"
"44,20 : 569.01"
"44,21 : 336.78"
"44,22 : 417.0"
"44,23 : 68.73"
"44,24 : 340.37"
"44,25 : 593.35"
"44,26 : 296.01"
"44,27 : 725.97"
"44,28 : 541.87"
"44,29 : 593.28"
"44,30 : 332.8"
"44,31 : 261.7"
"44,32 : 334.77"
"44,33 : 418.21"
"44,34 : 388.2"
"44,35 : 382.34"
"44,36 : 711.4"
"44,37 : 547.59"
"44,38 : 514.2"
"44,39 : 263.0"
"44,40 : 651.45"
"44,41 : 352.24"
"44,42 : 113.28"
"44,43 : 510.42"
"44,44 : 0.0"
"44,45 : 753.73"
"44,46 : 371.0"
"44,47 : 210.06"
"44,48 : 659.4"
"44,49 : 658.78"
"45,0 : 632.99"
"45,1 : 714.47"
"45,2 : 650.42"
"45,3 : 645.14"
"45,4 : 469.05"
"45,5 : 1052.41"
"45,6 : 715.76"
"45,7 : 972.07"
"45,8 : 307.67"
"45,9 : 793.88"
"45,10 : 799.42"
"45,11 : 396.01"
"45,12 : 542.11"
"45,13 : 521.47"
"45,14 : 787.97"
"45,15 : 614.13"
"45,16 : 877.82"
"45,17 : 984.6"
"45,18 : 879.64"
"45,19 : 586.07"
"45,20 : 875.07"
"45,21 : 464.22"
"45,22 : 1158.82"
"45,23 : 800.4"
"45,24 : 961.77"
"45,25 : 619.13"
"45,26 : 942.98"
"45,27 : 71.57"
"45,28 : 480.84"
"45,29 : 657.05"
"45,30 : 434.42"
"45,31 : 677.2"
"45,32 : 1027.6"
"45,33 : 338.04"
"45,34 : 664.68"
"45,35 : 501.33"
"45,36 : 75.93"
"45,37 : 730.7"
"45,38 : 239.84"
"45,39 : 946.61"
"45,40 : 173.03"
"45,41 : 575.29"
"45,42 : 678.68"
"45,43 : 750.13"
"45,44 : 753.73"
"45,45 : 0.0"
"45,46 : 1121.76"
"45,47 : 763.73"
"45,48 : 213.59"
"45,49 : 375.77"
"46,0 : 776.72"
"46,1 : 860.39"
"46,2 : 549.92"
"46,3 : 592.14"
"46,4 : 656.22"
"46,5 : 338.57"
"46,6 : 676.95"
"46,7 : 417.14"
"46,8 : 935.54"
"46,9 : 344.8"
"46,10 : 500.69"
"46,11 : 919.23"
"46,12 : 841.3"
"46,13 : 785.15"
"46,14 : 371.84"
"46,15 : 528.56"
"46,16 : 277.74"
"46,17 : 282.21"
"46,18 : 272.86"
"46,19 : 758.82"
"46,20 : 677.09"
"46,21 : 680.03"
"46,22 : 182.48"
"46,23 : 321.63"
"46,24 : 413.03"
"46,25 : 834.61"
"46,26 : 287.9"
"46,27 : 1096.44"
"46,28 : 835.79"
"46,29 : 818.75"
"46,30 : 691.86"
"46,31 : 515.76"
"46,32 : 304.11"
"46,33 : 788.56"
"46,34 : 619.67"
"46,35 : 694.95"
"46,36 : 1075.35"
"46,37 : 736.71"
"46,38 : 883.23"
"46,39 : 322.05"
"46,40 : 1022.21"
"46,41 : 638.66"
"46,42 : 447.0"
"46,43 : 687.58"
"46,44 : 371.0"
"46,45 : 1121.76"
"46,46 : 0.0"
"46,47 : 414.65"
"46,48 : 1028.75"
"46,49 : 1013.83"
"47,0 : 654.8"
"47,1 : 774.17"
"47,2 : 405.49"
"47,3 : 178.08"
"47,4 : 351.0"
"47,5 : 553.22"
"47,6 : 288.84"
"47,7 : 551.39"
"47,8 : 661.17"
"47,9 : 93.21"
"47,10 : 145.61"
"47,11 : 507.6"
"47,12 : 671.38"
"47,13 : 600.53"
"47,14 : 309.94"
"47,15 : 153.29"
"47,16 : 136.95"
"47,17 : 221.0"
"47,18 : 310.46"
"47,19 : 346.91"
"47,20 : 359.48"
"47,21 : 299.64"
"47,22 : 533.46"
"47,23 : 169.81"
"47,24 : 540.2"
"47,25 : 428.91"
"47,26 : 179.33"
"47,27 : 755.28"
"47,28 : 421.38"
"47,29 : 419.21"
"47,30 : 335.72"
"47,31 : 101.83"
"47,32 : 509.17"
"47,33 : 464.59"
"47,34 : 211.44"
"47,35 : 288.51"
"47,36 : 705.27"
"47,37 : 354.93"
"47,38 : 541.27"
"47,39 : 450.82"
"47,40 : 705.69"
"47,41 : 225.8"
"47,42 : 142.35"
"47,43 : 312.25"
"47,44 : 210.06"
"47,45 : 763.73"
"47,46 : 414.65"
"47,47 : 0.0"
"47,48 : 727.22"
"47,49 : 770.43"
"48,0 : 433.55"
"48,1 : 504.69"
"48,2 : 506.01"
"48,3 : 654.4"
"48,4 : 383.8"
"48,5 : 903.93"
"48,6 : 762.31"
"48,7 : 813.55"
"48,8 : 110.45"
"48,9 : 732.13"
"48,10 : 800.09"
"48,11 : 508.12"
"48,12 : 337.62"
