x,y
682,80
226,762
696,774
565,539
693,258
421,833
496,396
414,52
809,178
857,428
832,120
722,363
65,168
306,702
663,488
854,348
166,270
435,775
356,144
581,795
271,762
105,59
286,540
680,833
488,920
374,165
711,655
468,608
670,223
783,331
857,117
130,953
613,388
953,798
233,192
823,80
489,59
552,48
899,939
940,713
246,822
468,676
467,456
446,958
877,460
665,458
778,385
657,426
391,749
692,21

Distanze
"0,0 : 0.0"
"0,1 : 820.4"
"0,2 : 694.14"
"0,3 : 473.68"
"0,4 : 178.34"
"0,5 : 796.95"
"0,6 : 366.68"
"0,7 : 269.46"
"0,8 : 160.42"
"0,9 : 389.52"
"0,10 : 155.24"
"0,11 : 285.81"
"0,12 : 623.24"
"0,13 : 726.81"
"0,14 : 408.44"
"0,15 : 318.45"
"0,16 : 549.87"
"0,17 : 737.59"
"0,18 : 332.22"
"0,19 : 722.1"
"0,20 : 796.27"
"0,21 : 577.38"
"0,22 : 606.97"
"0,23 : 753.0"
"0,24 : 862.11"
"0,25 : 319.51"
"0,26 : 575.73"
"0,27 : 569.72"
"0,28 : 143.5"
"0,29 : 270.56"
"0,30 : 178.87"
"0,31 : 1032.88"
"0,32 : 315.63"
"0,33 : 767.44"
"0,34 : 462.76"
"0,35 : 141.0"
"0,36 : 194.14"
"0,37 : 133.88"
"0,38 : 885.99"
"0,39 : 683.56"
"0,40 : 860.62"
"0,41 : 633.26"
"0,42 : 433.13"
"0,43 : 909.16"
"0,44 : 427.11"
"0,45 : 378.38"
"0,46 : 319.75"
"0,47 : 346.9"
"0,48 : 729.55"
"0,49 : 59.84"
"1,0 : 820.4"
"1,1 : 0.0"
"1,2 : 470.15"
"1,3 : 405.77"
"1,4 : 687.1"
"1,5 : 207.52"
"1,6 : 454.81"
"1,7 : 734.47"
"1,8 : 825.19"
"1,9 : 713.94"
"1,10 : 882.84"
"1,11 : 636.57"
"1,12 : 615.43"
"1,13 : 100.0"
"1,14 : 515.8"
"1,15 : 752.18"
"1,16 : 495.65"
"1,17 : 209.4"
"1,18 : 631.53"
"1,19 : 356.53"
"1,20 : 45.0"
"1,21 : 713.34"
"1,22 : 229.97"
"1,23 : 459.52"
"1,24 : 305.95"
"1,25 : 615.07"
"1,26 : 496.66"
"1,27 : 286.84"
"1,28 : 698.32"
"1,29 : 704.28"
"1,30 : 902.32"
"1,31 : 213.77"
"1,32 : 538.19"
"1,33 : 727.89"
"1,34 : 570.04"
"1,35 : 906.38"
"1,36 : 750.59"
"1,37 : 784.9"
"1,38 : 695.89"
"1,39 : 715.68"
"1,40 : 63.25"
"1,41 : 256.83"
"1,42 : 389.51"
"1,43 : 294.65"
"1,44 : 717.64"
"1,45 : 533.98"
"1,46 : 668.46"
"1,47 : 546.5"
"1,48 : 165.51"
"1,49 : 875.35"
"2,0 : 694.14"
"2,1 : 470.15"
"2,2 : 0.0"
"2,3 : 269.05"
"2,4 : 516.01"
"2,5 : 281.26"
"2,6 : 427.65"
"2,7 : 775.12"
"2,8 : 606.62"
"2,9 : 381.62"
"2,10 : 667.99"
"2,11 : 411.82"
"2,12 : 874.87"
"2,13 : 396.59"
"2,14 : 287.9"
"2,15 : 454.36"
"2,16 : 731.38"
"2,17 : 261.0"
"2,18 : 715.89"
"2,19 : 116.9"
"2,20 : 425.17"
"2,21 : 927.63"
"2,22 : 472.08"
"2,23 : 61.13"
"2,24 : 254.13"
"2,25 : 688.89"
"2,26 : 119.94"
"2,27 : 282.03"
"2,28 : 551.61"
"2,29 : 451.46"
"2,30 : 676.44"
"2,31 : 593.63"
"2,32 : 394.82"
"2,33 : 258.12"
"2,34 : 743.7"
"2,35 : 705.52"
"2,36 : 744.36"
"2,37 : 740.14"
"2,38 : 261.6"
"2,39 : 251.51"
"2,40 : 452.55"
"2,41 : 248.17"
"2,42 : 391.87"
"2,43 : 310.41"
"2,44 : 362.43"
"2,45 : 317.52"
"2,46 : 397.55"
"2,47 : 350.18"
"2,48 : 306.02"
"2,49 : 753.01"
"3,0 : 473.68"
"3,1 : 405.77"
"3,2 : 269.05"
"3,3 : 0.0"
"3,4 : 308.78"
"3,5 : 327.37"
"3,6 : 158.78"
"3,7 : 509.87"
"3,8 : 435.73"
"3,9 : 312.39"
"3,10 : 496.84"
"3,11 : 235.85"
"3,12 : 622.61"
"3,13 : 306.02"
"3,14 : 110.48"
"3,15 : 346.41"
"3,16 : 481.21"
"3,17 : 269.44"
"3,18 : 446.88"
"3,19 : 256.5"
"3,20 : 369.01"
"3,21 : 664.83"
"3,22 : 279.0"
"3,23 : 315.69"
"3,24 : 388.7"
"3,25 : 419.95"
"3,26 : 186.47"
"3,27 : 119.04"
"3,28 : 332.99"
"3,29 : 301.31"
"3,30 : 513.17"
"3,31 : 600.52"
"3,32 : 158.45"
"3,33 : 466.5"
"3,34 : 480.24"
"3,35 : 526.54"
"3,36 : 485.98"
"3,37 : 491.17"
"3,38 : 521.11"
"3,39 : 413.4"
"3,40 : 426.44"
"3,41 : 167.86"
"3,42 : 128.43"
"3,43 : 435.57"
"3,44 : 321.85"
"3,45 : 128.69"
"3,46 : 262.84"
"3,47 : 145.72"
"3,48 : 272.72"
"3,49 : 533.34"
"4,0 : 178.34"
"4,1 : 687.1"
"4,2 : 516.01"
"4,3 : 308.78"
"4,4 : 0.0"
"4,5 : 636.09"
"4,6 : 240.53"
"4,7 : 346.81"
"4,8 : 140.91"
"4,9 : 236.21"
"4,10 : 195.87"
"4,11 : 108.93"
"4,12 : 634.42"
"4,13 : 588.99"
"4,14 : 231.95"
"4,15 : 184.45"
"4,16 : 527.14"
"4,17 : 577.8"
"4,18 : 355.76"
"4,19 : 548.56"
"4,20 : 657.34"
"4,21 : 620.76"
"4,22 : 495.15"
"4,23 : 575.15"
"4,24 : 693.01"
"4,25 : 332.28"
"4,26 : 397.41"
"4,27 : 416.08"
"4,28 : 41.88"
"4,29 : 115.88"
"4,30 : 216.28"
"4,31 : 894.42"
"4,32 : 152.64"
"4,33 : 599.33"
"4,34 : 464.71"
"4,35 : 220.42"
"4,36 : 284.99"
"4,37 : 252.94"
"4,38 : 711.48"
"4,39 : 517.72"
"4,40 : 719.66"
"4,41 : 474.71"
"4,42 : 300.47"
"4,43 : 742.3"
"4,44 : 273.24"
"4,45 : 201.95"
"4,46 : 152.82"
"4,47 : 171.81"
"4,48 : 576.44"
"4,49 : 237.0"
"5,0 : 796.95"
"5,1 : 207.52"
"5,2 : 281.26"
"5,3 : 327.37"
"5,4 : 636.09"
"5,5 : 0.0"
"5,6 : 443.39"
"5,7 : 781.03"
"5,8 : 761.29"
"5,9 : 595.08"
"5,10 : 822.98"
"5,11 : 558.12"
"5,12 : 754.3"
"5,13 : 174.32"
"5,14 : 421.41"
"5,15 : 650.16"
"5,16 : 618.06"
"5,17 : 59.67"
"5,18 : 692.06"
"5,19 : 164.45"
"5,20 : 165.95"
"5,21 : 836.02"
"5,22 : 322.61"
"5,23 : 259.0"
"5,24 : 109.81"
"5,25 : 669.65"
"5,26 : 340.27"
"5,27 : 229.86"
"5,28 : 658.86"
"5,29 : 618.91"
"5,30 : 838.3"
"5,31 : 314.77"
"5,32 : 484.65"
"5,33 : 533.15"
"5,34 : 668.0"
"5,35 : 853.59"
"5,36 : 776.98"
"5,37 : 795.86"
"5,38 : 489.61"
"5,39 : 532.69"
"5,40 : 175.35"
"5,41 : 163.88"
"5,42 : 379.8"
"5,43 : 127.48"
"5,44 : 589.12"
"5,45 : 447.39"
"5,46 : 572.85"
"5,47 : 470.47"
"5,48 : 89.2"
"5,49 : 856.03"
"6,0 : 366.68"
"6,1 : 454.81"
"6,2 : 427.65"
"6,3 : 158.78"
"6,4 : 240.53"
"6,5 : 443.39"
"6,6 : 0.0"
"6,7 : 353.64"
"6,8 : 381.44"
"6,9 : 362.42"
"6,10 : 434.82"
"6,11 : 228.4"
"6,12 : 487.59"
"6,13 : 360.19"
"6,14 : 190.66"
"6,15 : 361.2"
"6,16 : 353.24"
"6,17 : 383.88"
"6,18 : 288.28"
"6,19 : 407.95"
"6,20 : 429.63"
"6,21 : 516.19"
"6,22 : 254.63"
"6,23 : 474.16"
"6,24 : 524.06"
"6,25 : 261.24"
"6,26 : 336.61"
"6,27 : 213.84"
"6,28 : 245.37"
"6,29 : 294.27"
"6,30 : 456.25"
"6,31 : 666.49"
"6,32 : 117.27"
"6,33 : 608.65"
"6,34 : 332.84"
"6,35 : 454.74"
"6,36 : 337.07"
"6,37 : 352.48"
"6,38 : 676.21"
"6,39 : 545.55"
"6,40 : 493.94"
"6,41 : 281.4"
"6,42 : 66.64"
"6,43 : 564.22"
"6,44 : 386.34"
"6,45 : 180.01"
"6,46 : 282.21"
"6,47 : 163.77"
"6,48 : 368.29"
"6,49 : 423.13"
"7,0 : 269.46"
"7,1 : 734.47"
"7,2 : 775.12"
"7,3 : 509.87"
"7,4 : 346.81"
"7,5 : 781.03"
"7,6 : 353.64"
"7,7 : 0.0"
"7,8 : 414.61"
"7,9 : 581.06"
"7,10 : 423.49"
"7,11 : 437.7"
"7,12 : 367.77"
"7,13 : 658.91"
"7,14 : 502.09"
"7,15 : 530.3"
"7,16 : 330.19"
"7,17 : 723.3"
"7,18 : 108.76"
"7,19 : 761.54"
"7,20 : 724.26"
"7,21 : 309.08"
"7,22 : 504.51"
"7,23 : 825.06"
"7,24 : 871.15"
"7,25 : 119.87"
"7,26 : 672.17"
"7,27 : 558.62"
"7,28 : 307.86"
"7,29 : 462.6"
"7,30 : 447.74"
"7,31 : 944.7"
"7,32 : 390.51"
"7,33 : 920.35"
"7,34 : 228.83"
"7,35 : 409.96"
"7,36 : 75.33"
"7,37 : 138.06"
"7,38 : 1010.94"
"7,39 : 844.75"
"7,40 : 788.11"
"7,41 : 626.33"
"7,42 : 407.46"
"7,43 : 906.56"
"7,44 : 617.12"
"7,45 : 477.32"
"7,46 : 493.34"
"7,47 : 446.01"
"7,48 : 697.38"
"7,49 : 279.72"
"8,0 : 160.42"
"8,1 : 825.19"
"8,2 : 606.62"
"8,3 : 435.73"
"8,4 : 140.91"
"8,5 : 761.29"
"8,6 : 381.44"
"8,7 : 414.61"
"8,8 : 0.0"
"8,9 : 254.57"
"8,10 : 62.39"
"8,11 : 204.44"
"8,12 : 744.07"
"8,13 : 726.35"
"8,14 : 342.66"
"8,15 : 175.86"
"8,16 : 649.55"
"8,17 : 704.47"
"8,18 : 454.27"
"8,19 : 657.78"
"8,20 : 794.04"
"8,21 : 713.99"
"8,22 : 636.06"
"8,23 : 667.58"
"8,24 : 808.46"
"8,25 : 435.19"
"8,26 : 486.96"
"8,27 : 548.8"
"8,28 : 146.1"
"8,29 : 155.19"
"8,30 : 77.62"
"8,31 : 1030.37"
"8,32 : 287.26"
"8,33 : 636.5"
"8,34 : 576.17"
"8,35 : 98.99"
"8,36 : 341.41"
"8,37 : 288.01"
"8,38 : 766.3"
"8,39 : 550.8"
"8,40 : 855.4"
"8,41 : 603.56"
"8,42 : 440.74"
"8,43 : 860.33"
"8,44 : 290.08"
"8,45 : 314.86"
"8,46 : 209.31"
"8,47 : 290.87"
"8,48 : 707.65"
"8,49 : 195.8"
"9,0 : 389.52"
"9,1 : 713.94"
"9,2 : 381.62"
"9,3 : 312.39"
"9,4 : 236.21"
"9,5 : 595.08"
"9,6 : 362.42"
"9,7 : 581.06"
"9,8 : 254.57"
"9,9 : 0.0"
"9,10 : 309.01"
"9,11 : 149.83"
"9,12 : 833.59"
"9,13 : 615.37"
"9,14 : 203.07"
"9,15 : 80.06"
"9,16 : 708.83"
"9,17 : 546.35"
"9,18 : 575.9"
"9,19 : 459.2"
"9,20 : 674.5"
"9,21 : 837.65"
"9,22 : 581.88"
"9,23 : 441.99"
"9,24 : 615.0"
"9,25 : 549.96"
"9,26 : 269.9"
"9,27 : 428.63"
"9,28 : 277.48"
"9,29 : 122.0"
"9,30 : 311.0"
"9,31 : 896.75"
"9,32 : 247.26"
"9,33 : 382.25"
"9,34 : 667.14"
"9,35 : 349.66"
"9,36 : 521.14"
"9,37 : 487.26"
"9,38 : 512.72"
"9,39 : 296.84"
"9,40 : 727.02"
"9,41 : 461.33"
"9,42 : 391.0"
"9,43 : 670.69"
"9,44 : 37.74"
"9,45 : 194.33"
"9,46 : 89.94"
"9,47 : 200.01"
"9,48 : 565.86"
"9,49 : 439.17"
"10,0 : 155.24"
"10,1 : 882.84"
"10,2 : 667.99"
"10,3 : 496.84"
"10,4 : 195.87"
"10,5 : 822.98"
"10,6 : 434.82"
"10,7 : 423.49"
"10,8 : 62.39"
"10,9 : 309.01"
"10,10 : 0.0"
"10,11 : 266.74"
"10,12 : 768.5"
"10,13 : 784.47"
"10,14 : 404.95"
"10,15 : 229.06"
"10,16 : 682.68"
"10,17 : 765.92"
"10,18 : 476.6"
"10,19 : 720.16"
"10,20 : 852.58"
"10,21 : 729.55"
"10,22 : 688.85"
"10,23 : 729.02"
"10,24 : 870.82"
"10,25 : 460.21"
"10,26 : 548.51"
"10,27 : 608.8"
"10,28 : 191.97"
"10,29 : 216.61"
"10,30 : 25.18"
"10,31 : 1089.35"
"10,32 : 346.1"
"10,33 : 688.71"
"10,34 : 603.31"
"10,35 : 41.0"
"10,36 : 348.38"
"10,37 : 289.11"
"10,38 : 821.74"
"10,39 : 602.75"
"10,40 : 914.44"
"10,41 : 664.55"
"10,42 : 496.11"
"10,43 : 922.63"
"10,44 : 342.97"
"10,45 : 377.01"
"10,46 : 270.45"
"10,47 : 352.51"
"10,48 : 768.19"
"10,49 : 171.47"
"11,0 : 285.81"
"11,1 : 636.57"
"11,2 : 411.82"
"11,3 : 235.85"
"11,4 : 108.93"
"11,5 : 558.12"
"11,6 : 228.4"
"11,7 : 437.7"
"11,8 : 204.44"
"11,9 : 149.83"
"11,10 : 266.74"
"11,11 : 0.0"
"11,12 : 685.33"
"11,13 : 536.63"
"11,14 : 138.22"
"11,15 : 132.85"
"11,16 : 563.72"
"11,17 : 502.11"
"11,18 : 426.52"
"11,19 : 454.43"
"11,20 : 602.16"
"11,21 : 687.83"
"11,22 : 470.56"
"11,23 : 471.87"
"11,24 : 604.16"
"11,25 : 400.38"
"11,26 : 292.21"
"11,27 : 352.9"
"11,28 : 149.35"
"11,29 : 68.88"
"11,30 : 280.61"
"11,31 : 835.8"
"11,32 : 111.83"
"11,33 : 492.53"
"11,34 : 518.04"
"11,35 : 300.48"
"11,36 : 383.02"
"11,37 : 357.95"
"11,38 : 602.58"
"11,39 : 412.34"
"11,40 : 661.25"
"11,41 : 403.09"
"11,42 : 271.43"
"11,43 : 655.9"
"11,44 : 182.85"
"11,45 : 110.79"
"11,46 : 60.17"
"11,47 : 90.52"
"11,48 : 508.49"
"11,49 : 343.31"
"12,0 : 623.24"
"12,1 : 615.43"
"12,2 : 874.87"
"12,3 : 622.61"
"12,4 : 634.42"
"12,5 : 754.3"
"12,6 : 487.59"
"12,7 : 367.77"
"12,8 : 744.07"
"12,9 : 833.59"
"12,10 : 768.5"
"12,11 : 685.33"
"12,12 : 0.0"
"12,13 : 585.86"
"12,14 : 678.24"
"12,15 : 809.27"
"12,16 : 143.54"
"12,17 : 710.88"
"12,18 : 291.99"
"12,19 : 812.03"
"12,20 : 628.71"
"12,21 : 116.11"
"12,22 : 432.7"
"12,23 : 905.79"
"12,24 : 862.81"
"12,25 : 309.01"
"12,26 : 809.0"
"12,27 : 596.66"
"12,28 : 607.49"
"12,29 : 736.27"
"12,30 : 793.64"
"12,31 : 787.69"
"12,32 : 590.51"
"12,33 : 1088.78"
"12,34 : 169.71"
"12,35 : 763.09"
"12,36 : 437.79"
"12,37 : 501.57"
"12,38 : 1135.78"
"12,39 : 1030.85"
"12,40 : 678.58"
"12,41 : 648.44"
"12,42 : 494.52"
"12,43 : 877.08"
"12,44 : 862.91"
"12,45 : 666.41"
"12,46 : 745.29"
"12,47 : 645.78"
"12,48 : 666.21"
"12,49 : 644.0"
"13,0 : 726.81"
"13,1 : 100.0"
"13,2 : 396.59"
"13,3 : 306.02"
"13,4 : 588.99"
"13,5 : 174.32"
"13,6 : 360.19"
"13,7 : 658.91"
"13,8 : 726.35"
"13,9 : 615.37"
"13,10 : 784.47"
"13,11 : 536.63"
"13,12 : 585.86"
"13,13 : 0.0"
"13,14 : 416.23"
"13,15 : 652.4"
"13,16 : 454.12"
"13,17 : 148.22"
"13,18 : 560.24"
"13,19 : 290.3"
"13,20 : 69.46"
"13,21 : 673.68"
"13,22 : 163.23"
"13,23 : 396.28"
"13,24 : 283.99"
"13,25 : 541.29"
"13,26 : 407.72"
"13,27 : 187.3"
"13,28 : 601.61"
"13,29 : 604.29"
"13,30 : 803.63"
"13,31 : 306.56"
"13,32 : 439.14"
"13,33 : 654.08"
"13,34 : 515.2"
"13,35 : 808.81"
"13,36 : 668.53"
"13,37 : 698.74"
"13,38 : 638.61"
"13,39 : 634.1"
"13,40 : 134.16"
"13,41 : 164.07"
"13,42 : 294.0"
"13,43 : 291.78"
"13,44 : 620.17"
"13,45 : 434.07"
"13,46 : 568.57"
"13,47 : 446.52"
"13,48 : 97.13"
"13,49 : 782.79"
"14,0 : 408.44"
"14,1 : 515.8"
"14,2 : 287.9"
"14,3 : 110.48"
"14,4 : 231.95"
"14,5 : 421.41"
"14,6 : 190.66"
"14,7 : 502.09"
"14,8 : 342.66"
"14,9 : 203.07"
"14,10 : 404.95"
"14,11 : 138.22"
"14,12 : 678.24"
"14,13 : 416.23"
"14,14 : 0.0"
"14,15 : 236.81"
"14,16 : 542.71"
"14,17 : 366.54"
"14,18 : 461.07"
"14,19 : 317.76"
"14,20 : 478.27"
"14,21 : 703.85"
"14,22 : 380.57"
"14,23 : 345.42"
"14,24 : 466.1"
"14,25 : 433.42"
"14,26 : 173.76"
"14,27 : 228.97"
"14,28 : 265.09"
"14,29 : 197.61"
"14,30 : 418.66"
"14,31 : 707.33"
"14,32 : 111.8"
"14,33 : 424.5"
"14,34 : 522.03"
"14,35 : 438.25"
"14,36 : 462.94"
"14,37 : 453.79"
"14,38 : 509.02"
"14,39 : 356.87"
"14,40 : 534.27"
"14,41 : 270.87"
"14,42 : 198.6"
"14,43 : 517.68"
"14,44 : 215.82"
"14,45 : 30.07"
"14,46 : 154.38"
"14,47 : 62.29"
"14,48 : 376.97"
"14,49 : 467.9"
"15,0 : 318.45"
"15,1 : 752.18"
"15,2 : 454.36"
"15,3 : 346.41"
"15,4 : 184.45"
"15,5 : 650.16"
"15,6 : 361.2"
"15,7 : 530.3"
"15,8 : 175.86"
"15,9 : 80.06"
"15,10 : 229.06"
"15,11 : 132.85"
"15,12 : 809.27"
"15,13 : 652.4"
"15,14 : 236.81"
"15,15 : 0.0"
"15,16 : 692.41"
"15,17 : 598.24"
"15,18 : 538.16"
"15,19 : 523.77"
"15,20 : 715.04"
"15,21 : 802.82"
"15,22 : 599.57"
"15,23 : 515.27"
"15,24 : 679.07"
"15,25 : 513.7"
"15,26 : 338.67"
"15,27 : 465.4"
"15,28 : 222.44"
"15,29 : 73.01"
"15,30 : 231.02"
"15,31 : 943.5"
"15,32 : 244.3"
"15,33 : 460.76"
"15,34 : 640.29"
"15,35 : 269.79"
"15,36 : 465.56"
"15,37 : 425.68"
"15,38 : 592.71"
"15,39 : 374.99"
"15,40 : 770.93"
"15,41 : 506.54"
"15,42 : 401.79"
"15,43 : 733.87"
"15,44 : 114.34"
"15,45 : 218.68"
"15,46 : 84.53"
"15,47 : 211.88"
"15,48 : 612.51"
"15,49 : 364.93"
"16,0 : 549.87"
"16,1 : 495.65"
"16,2 : 731.38"
"16,3 : 481.21"
"16,4 : 527.14"
"16,5 : 618.06"
"16,6 : 353.24"
"16,7 : 330.19"
"16,8 : 649.55"
"16,9 : 708.83"
"16,10 : 682.68"
"16,11 : 563.72"
"16,12 : 143.54"
"16,13 : 454.12"
"16,14 : 542.71"
"16,15 : 692.41"
"16,16 : 0.0"
"16,17 : 572.18"
"16,18 : 227.98"
"16,19 : 669.22"
"16,20 : 503.08"
"16,21 : 219.64"
"16,22 : 295.47"
"16,23 : 762.34"
"16,24 : 725.39"
"16,25 : 233.0"
"16,26 : 667.27"
"16,27 : 453.26"
"16,28 : 506.19"
"16,29 : 620.01"
"16,30 : 707.74"
"16,31 : 683.95"
"16,32 : 462.31"
"16,33 : 947.71"
"16,34 : 102.83"
"16,35 : 683.92"
"16,36 : 385.81"
"16,37 : 445.29"
"16,38 : 992.4"
"16,39 : 891.81"
"16,40 : 557.77"
"16,41 : 506.0"
"16,42 : 353.83"
"16,43 : 742.79"
"16,44 : 735.95"
"16,45 : 533.24"
"16,46 : 622.71"
"16,47 : 515.19"
"16,48 : 529.21"
"16,49 : 581.96"
"17,0 : 737.59"
"17,1 : 209.4"
"17,2 : 261.0"
"17,3 : 269.44"
"17,4 : 577.8"
"17,5 : 59.67"
"17,6 : 383.88"
"17,7 : 723.3"
"17,8 : 704.47"
"17,9 : 546.35"
"17,10 : 765.92"
"17,11 : 502.11"
"17,12 : 710.88"
"17,13 : 148.22"
"17,14 : 366.54"
"17,15 : 598.24"
"17,16 : 572.18"
"17,17 : 0.0"
"17,18 : 635.93"
"17,19 : 147.36"
"17,20 : 164.51"
"17,21 : 788.39"
"17,22 : 278.26"
"17,23 : 251.77"
"17,24 : 154.38"
"17,25 : 613.04"
"17,26 : 300.96"
"17,27 : 170.23"
"17,28 : 599.94"
"17,29 : 564.13"
"17,30 : 781.7"
"17,31 : 353.14"
"17,32 : 425.97"
"17,33 : 518.51"
"17,34 : 617.0"
"17,35 : 795.97"
"17,36 : 718.03"
"17,37 : 736.35"
"17,38 : 492.13"
"17,39 : 508.79"
"17,40 : 194.76"
"17,41 : 104.36"
"17,42 : 320.6"
"17,43 : 183.33"
"17,44 : 542.76"
"17,45 : 391.65"
"17,46 : 519.37"
"17,47 : 413.62"
"17,48 : 51.11"
"17,49 : 796.6"
"18,0 : 332.22"
"18,1 : 631.53"
"18,2 : 715.89"
"18,3 : 446.88"
"18,4 : 355.76"
"18,5 : 692.06"
"18,6 : 288.28"
"18,7 : 108.76"
"18,8 : 454.27"
"18,9 : 575.9"
"18,10 : 476.6"
"18,11 : 426.52"
"18,12 : 291.99"
"18,13 : 560.24"
"18,14 : 461.07"
"18,15 : 538.16"
"18,16 : 227.98"
"18,17 : 635.93"
"18,18 : 0.0"
"18,19 : 688.79"
"18,20 : 623.82"
"18,21 : 265.0"
"18,22 : 402.14"
"18,23 : 761.38"
"18,24 : 787.15"
"18,25 : 27.66"
"18,26 : 622.21"
"18,27 : 477.33"
"18,28 : 323.79"
"18,29 : 466.15"
"18,30 : 501.73"
"18,31 : 839.97"
"18,32 : 354.38"
"18,33 : 885.51"
"18,34 : 132.03"
"18,35 : 471.37"
"18,36 : 157.84"
"18,37 : 218.25"
"18,38 : 962.74"
"18,39 : 815.36"
"18,40 : 686.87"
"18,41 : 543.66"
"18,42 : 331.16"
"18,43 : 818.96"
"18,44 : 609.34"
"18,45 : 440.54"
"18,46 : 485.97"
"18,47 : 412.46"
"18,48 : 606.01"
"18,49 : 357.81"
"19,0 : 722.1"
"19,1 : 356.53"
"19,2 : 116.9"
"19,3 : 256.5"
"19,4 : 548.56"
"19,5 : 164.45"
"19,6 : 407.95"
"19,7 : 761.54"
"19,8 : 657.78"
"19,9 : 459.2"
"19,10 : 720.16"
"19,11 : 454.43"
"19,12 : 812.03"
"19,13 : 290.3"
"19,14 : 317.76"
"19,15 : 523.77"
"19,16 : 669.22"
"19,17 : 147.36"
"19,18 : 688.79"
"19,19 : 0.0"
"19,20 : 311.75"
"19,21 : 876.51"
"19,22 : 389.94"
"19,23 : 106.04"
"19,24 : 155.8"
"19,25 : 663.14"
"19,26 : 191.05"
"19,27 : 218.49"
"19,28 : 578.88"
"19,29 : 506.06"
"19,30 : 732.02"
"19,31 : 477.88"
"19,32 : 408.26"
"19,33 : 372.01"
"19,34 : 696.21"
"19,35 : 754.84"
"19,36 : 741.73"
"19,37 : 747.56"
"19,38 : 349.08"
"19,39 : 368.25"
"19,40 : 336.09"
"19,41 : 164.1"
"19,42 : 357.65"
"19,43 : 211.65"
"19,44 : 447.04"
"19,45 : 347.31"
"19,46 : 454.87"
"19,47 : 376.75"
"19,48 : 195.49"
"19,49 : 781.92"
"20,0 : 796.27"
"20,1 : 45.0"
"20,2 : 425.17"
"20,3 : 369.01"
"20,4 : 657.34"
"20,5 : 165.95"
"20,6 : 429.63"
"20,7 : 724.26"
"20,8 : 794.04"
"20,9 : 674.5"
"20,10 : 852.58"
"20,11 : 602.16"
"20,12 : 628.71"
"20,13 : 69.46"
"20,14 : 478.27"
"20,15 : 715.04"
"20,16 : 503.08"
"20,17 : 164.51"
"20,18 : 623.82"
"20,19 : 311.75"
"20,20 : 0.0"
"20,21 : 722.33"
"20,22 : 222.51"
"20,23 : 415.12"
"20,24 : 268.43"
"20,25 : 605.82"
"20,26 : 452.82"
"20,27 : 250.05"
"20,28 : 670.61"
"20,29 : 669.26"
"20,30 : 871.45"
"20,31 : 237.41"
"20,32 : 506.79"
"20,33 : 682.95"
"20,34 : 571.27"
"20,35 : 877.4"
"20,36 : 736.03"
"20,37 : 767.31"
"20,38 : 652.47"
"20,39 : 670.79"
"20,40 : 65.0"
"20,41 : 214.95"
"20,42 : 363.39"
"20,43 : 262.76"
"20,44 : 677.08"
"20,45 : 497.65"
"20,46 : 631.81"
"20,47 : 511.75"
"20,48 : 120.7"
"20,49 : 852.25"
"21,0 : 577.38"
"21,1 : 713.34"
"21,2 : 927.63"
"21,3 : 664.83"
"21,4 : 620.76"
"21,5 : 836.02"
"21,6 : 516.19"
"21,7 : 309.08"
"21,8 : 713.99"
"21,9 : 837.65"
"21,10 : 729.55"
"21,11 : 687.83"
"21,12 : 116.11"
"21,13 : 673.68"
"21,14 : 703.85"
"21,15 : 802.82"
"21,16 : 219.64"
"21,17 : 788.39"
"21,18 : 265.0"
"21,19 : 876.51"
"21,20 : 722.33"
"21,21 : 0.0"
"21,22 : 513.93"
"21,23 : 964.21"
"21,24 : 942.34"
"21,25 : 289.13"
"21,26 : 849.97"
"21,27 : 658.16"
"21,28 : 588.32"
"21,29 : 730.53"
"21,30 : 754.23"
"21,31 : 894.35"
"21,32 : 605.23"
"21,33 : 1124.82"
"21,34 : 184.59"
"21,35 : 718.31"
"21,36 : 384.0"
"21,37 : 447.14"
"21,38 : 1185.26"
"21,39 : 1060.63"
"21,40 : 775.92"
"21,41 : 715.86"
"21,42 : 537.26"
"21,43 : 961.5"
"21,44 : 869.93"
"21,45 : 687.61"
"21,46 : 747.8"
"21,47 : 662.87"
"21,48 : 746.92"
"21,49 : 588.23"
"22,0 : 606.97"
"22,1 : 229.97"
"22,2 : 472.08"
"22,3 : 279.0"
"22,4 : 495.15"
"22,5 : 322.61"
"22,6 : 254.63"
"22,7 : 504.51"
"22,8 : 636.06"
"22,9 : 581.88"
"22,10 : 688.85"
"22,11 : 470.56"
"22,12 : 432.7"
"22,13 : 163.23"
"22,14 : 380.57"
"22,15 : 599.57"
"22,16 : 295.47"
"22,17 : 278.26"
"22,18 : 402.14"
"22,19 : 389.94"
"22,20 : 222.51"
"22,21 : 513.93"
"22,22 : 0.0"
"22,23 : 491.0"
"22,24 : 430.35"
"22,25 : 385.19"
"22,26 : 440.28"
"22,27 : 194.29"
"22,28 : 497.94"
"22,29 : 539.16"
"22,30 : 710.61"
"22,31 : 441.48"
"22,32 : 360.6"
"22,33 : 715.16"
"22,34 : 352.01"
"22,35 : 707.08"
"22,36 : 522.08"
"22,37 : 559.3"
"22,38 : 731.42"
"22,39 : 676.49"
"22,40 : 284.82"
"22,41 : 227.2"
"22,42 : 199.54"
"22,43 : 447.58"
"22,44 : 596.39"
"22,45 : 387.77"
"22,46 : 515.84"
"22,47 : 388.12"
"22,48 : 233.89"
"22,49 : 658.94"
"23,0 : 753.0"
"23,1 : 459.52"
"23,2 : 61.13"
"23,3 : 315.69"
"23,4 : 575.15"
"23,5 : 259.0"
"23,6 : 474.16"
"23,7 : 825.06"
"23,8 : 667.58"
"23,9 : 441.99"
"23,10 : 729.02"
"23,11 : 471.87"
"23,12 : 905.79"
"23,13 : 396.28"
"23,14 : 345.42"
"23,15 : 515.27"
"23,16 : 762.34"
"23,17 : 251.77"
"23,18 : 761.38"
"23,19 : 106.04"
"23,20 : 415.12"
"23,21 : 964.21"
"23,22 : 491.0"
"23,23 : 0.0"
"23,24 : 210.79"
"23,25 : 734.75"
"23,26 : 180.68"
"23,27 : 309.14"
"23,28 : 610.08"
"23,29 : 512.46"
"23,30 : 737.55"
"23,31 : 562.94"
"23,32 : 450.02"
"23,33 : 275.23"
"23,34 : 781.47"
"23,35 : 766.46"
"23,36 : 797.22"
"23,37 : 795.37"
"23,38 : 243.3"
"23,39 : 286.36"
"23,40 : 434.14"
"23,41 : 263.8"
"23,42 : 433.01"
"23,43 : 265.29"
"23,44 : 421.83"
"23,45 : 375.3"
"23,46 : 458.59"
"23,47 : 407.65"
"23,48 : 300.96"
"23,49 : 812.09"
"24,0 : 862.11"
"24,1 : 305.95"
"24,2 : 254.13"
"24,3 : 388.7"
"24,4 : 693.01"
"24,5 : 109.81"
"24,6 : 524.06"
"24,7 : 871.15"
"24,8 : 808.46"
"24,9 : 615.0"
"24,10 : 870.82"
"24,11 : 604.16"
"24,12 : 862.81"
"24,13 : 283.99"
"24,14 : 466.1"
"24,15 : 679.07"
"24,16 : 725.39"
"24,17 : 154.38"
"24,18 : 787.15"
"24,19 : 155.8"
"24,20 : 268.43"
"24,21 : 942.34"
"24,22 : 430.35"
"24,23 : 210.79"
"24,24 : 0.0"
"24,25 : 763.56"
"24,26 : 346.34"
"24,27 : 312.64"
"24,28 : 720.37"
"24,29 : 658.75"
"24,30 : 883.73"
"24,31 : 359.52"
"24,32 : 546.49"
"24,33 : 480.74"
"24,34 : 771.37"
"24,35 : 904.34"
"24,36 : 861.0"
"24,37 : 874.35"
"24,38 : 411.44"
"24,39 : 497.14"
"24,40 : 261.09"
"24,41 : 244.82"
"24,42 : 464.47"
"24,43 : 56.64"
"24,44 : 602.43"
"24,45 : 494.75"
"24,46 : 608.54"
"24,47 : 522.11"
"24,48 : 196.6"
"24,49 : 921.86"
"25,0 : 319.51"
"25,1 : 615.07"
"25,2 : 688.89"
"25,3 : 419.95"
"25,4 : 332.28"
"25,5 : 669.65"
"25,6 : 261.24"
"25,7 : 119.87"
"25,8 : 435.19"
"25,9 : 549.96"
"25,10 : 460.21"
"25,11 : 400.38"
"25,12 : 309.01"
"25,13 : 541.29"
"25,14 : 433.42"
"25,15 : 513.7"
"25,16 : 233.0"
"25,17 : 613.04"
"25,18 : 27.66"
"25,19 : 663.14"
"25,20 : 605.82"
"25,21 : 289.13"
"25,22 : 385.19"
"25,23 : 734.75"
"25,24 : 763.56"
"25,25 : 0.0"
"25,26 : 594.7"
"25,27 : 452.86"
"25,28 : 301.63"
"25,29 : 441.4"
"25,30 : 485.38"
"25,31 : 824.91"
"25,32 : 326.88"
"25,33 : 857.86"
"25,34 : 143.56"
"25,35 : 456.97"
"25,36 : 156.4"
"25,37 : 213.01"
"25,38 : 935.25"
"25,39 : 787.82"
"25,40 : 669.35"
"25,41 : 519.57"
"25,42 : 305.5"
"25,43 : 796.26"
"25,44 : 583.12"
"25,45 : 412.95"
"25,46 : 460.02"
"25,47 : 384.98"
"25,48 : 584.25"
"25,49 : 349.08"
"26,0 : 575.73"
"26,1 : 496.66"
"26,2 : 119.94"
"26,3 : 186.47"
"26,4 : 397.41"
"26,5 : 340.27"
"26,6 : 336.61"
"26,7 : 672.17"
"26,8 : 486.96"
"26,9 : 269.9"
"26,10 : 548.51"
"26,11 : 292.21"
"26,12 : 809.0"
"26,13 : 407.72"
"26,14 : 173.76"
"26,15 : 338.67"
"26,16 : 667.27"
"26,17 : 300.96"
"26,18 : 622.21"
"26,19 : 191.05"
"26,20 : 452.82"
"26,21 : 849.97"
"26,22 : 440.28"
"26,23 : 180.68"
"26,24 : 346.34"
"26,25 : 594.7"
"26,26 : 0.0"
"26,27 : 247.5"
"26,28 : 433.94"
"26,29 : 331.9"
"26,30 : 557.46"
"26,31 : 652.97"
"26,32 : 284.42"
"26,33 : 281.09"
"26,34 : 665.47"
"26,35 : 585.81"
"26,36 : 636.0"
"26,37 : 627.48"
"26,38 : 340.59"
"26,39 : 236.23"
"26,40 : 494.08"
"26,41 : 243.91"
"26,42 : 314.86"
"26,43 : 402.53"
"26,44 : 256.09"
"26,45 : 202.3"
"26,46 : 278.19"
"26,47 : 235.28"
"26,48 : 333.52"
"26,49 : 634.28"
"27,0 : 569.72"
"27,1 : 286.84"
"27,2 : 282.03"
"27,3 : 119.04"
"27,4 : 416.08"
"27,5 : 229.86"
"27,6 : 213.84"
"27,7 : 558.62"
"27,8 : 548.8"
"27,9 : 428.63"
"27,10 : 608.8"
"27,11 : 352.9"
"27,12 : 596.66"
"27,13 : 187.3"
"27,14 : 228.97"
"27,15 : 465.4"
"27,16 : 453.26"
"27,17 : 170.23"
"27,18 : 477.33"
"27,19 : 218.49"
"27,20 : 250.05"
"27,21 : 658.16"
"27,22 : 194.29"
"27,23 : 309.14"
"27,24 : 312.64"
"27,25 : 452.86"
"27,26 : 247.5"
"27,27 : 0.0"
"27,28 : 434.77"
"27,29 : 419.47"
"27,30 : 626.42"
"27,31 : 482.98"
"27,32 : 263.49"
"27,33 : 520.89"
"27,34 : 477.79"
"27,35 : 636.25"
"27,36 : 549.4"
"27,37 : 566.26"
"27,38 : 543.44"
"27,39 : 483.54"
"27,40 : 308.35"
"27,41 : 68.0"
"27,42 : 152.0"
"27,43 : 350.69"
"27,44 : 434.95"
"27,45 : 247.61"
"27,46 : 381.88"
"27,47 : 262.38"
"27,48 : 160.65"
"27,49 : 628.29"
"28,0 : 143.5"
"28,1 : 698.32"
"28,2 : 551.61"
"28,3 : 332.99"
"28,4 : 41.88"
"28,5 : 658.86"
"28,6 : 245.37"
"28,7 : 307.86"
"28,8 : 146.1"
"28,9 : 277.48"
"28,10 : 191.97"
"28,11 : 149.35"
"28,12 : 607.49"
"28,13 : 601.61"
"28,14 : 265.09"
"28,15 : 222.44"
"28,16 : 506.19"
"28,17 : 599.94"
"28,18 : 323.79"
"28,19 : 578.88"
"28,20 : 670.61"
"28,21 : 588.32"
"28,22 : 497.94"
"28,23 : 610.08"
"28,24 : 720.37"
"28,25 : 301.63"
"28,26 : 433.94"
"28,27 : 434.77"
"28,28 : 0.0"
"28,29 : 156.31"
"28,30 : 214.95"
"28,31 : 908.02"
"28,32 : 174.57"
"28,33 : 640.87"
"28,34 : 438.1"
"28,35 : 209.42"
"28,36 : 244.25"
"28,37 : 211.07"
"28,38 : 751.73"
"28,39 : 559.46"
"28,40 : 733.88"
"28,41 : 496.0"
"28,42 : 309.03"
"28,43 : 768.38"
"28,44 : 314.67"
"28,45 : 235.05"
"28,46 : 194.7"
"28,47 : 203.42"
"28,48 : 595.41"
"28,49 : 203.19"
"29,0 : 270.56"
"29,1 : 704.28"
"29,2 : 451.46"
"29,3 : 301.31"
"29,4 : 115.88"
"29,5 : 618.91"
"29,6 : 294.27"
"29,7 : 462.6"
"29,8 : 155.19"
"29,9 : 122.0"
"29,10 : 216.61"
"29,11 : 68.88"
"29,12 : 736.27"
"29,13 : 604.29"
"29,14 : 197.61"
"29,15 : 73.01"
"29,16 : 620.01"
"29,17 : 564.13"
"29,18 : 466.15"
"29,19 : 506.06"
"29,20 : 669.26"
"29,21 : 730.53"
"29,22 : 539.16"
"29,23 : 512.46"
"29,24 : 658.75"
"29,25 : 441.4"
"29,26 : 331.9"
"29,27 : 419.47"
"29,28 : 156.31"
"29,29 : 0.0"
"29,30 : 226.43"
"29,31 : 901.83"
"29,32 : 179.3"
"29,33 : 496.98"
"29,34 : 567.29"
"29,35 : 254.17"
"29,36 : 400.52"
"29,37 : 365.31"
"29,38 : 618.97"
"29,39 : 413.0"
"29,40 : 727.63"
"29,41 : 467.17"
"29,42 : 339.82"
"29,43 : 711.83"
"29,44 : 159.62"
"29,45 : 173.36"
"29,46 : 54.23"
"29,47 : 157.8"
"29,48 : 573.05"
"29,49 : 323.08"
"30,0 : 178.87"
"30,1 : 902.32"
"30,2 : 676.44"
"30,3 : 513.17"
"30,4 : 216.28"
"30,5 : 838.3"
"30,6 : 456.25"
"30,7 : 447.74"
"30,8 : 77.62"
"30,9 : 311.0"
"30,10 : 25.18"
"30,11 : 280.61"
"30,12 : 793.64"
"30,13 : 803.63"
"30,14 : 418.66"
"30,15 : 231.02"
"30,16 : 707.74"
"30,17 : 781.7"
"30,18 : 501.73"
"30,19 : 732.02"
"30,20 : 871.45"
"30,21 : 754.23"
"30,22 : 710.61"
"30,23 : 737.55"
"30,24 : 883.73"
"30,25 : 485.38"
"30,26 : 557.46"
"30,27 : 626.42"
"30,28 : 214.95"
"30,29 : 226.43"
"30,30 : 0.0"
"30,31 : 1107.89"
"30,32 : 364.66"
"30,33 : 687.73"
"30,34 : 628.49"
"30,35 : 50.25"
"30,36 : 372.54"
"30,37 : 312.71"
"30,38 : 823.07"
"30,39 : 601.75"
"30,40 : 932.92"
"30,41 : 681.03"
"30,42 : 516.74"
"30,43 : 936.06"
"30,44 : 343.58"
"30,45 : 391.34"
"30,46 : 279.4"
"30,47 : 368.08"
"30,48 : 785.23"
"30,49 : 190.9"
"31,0 : 1032.88"
"31,1 : 213.77"
"31,2 : 593.63"
"31,3 : 600.52"
"31,4 : 894.42"
"31,5 : 314.77"
"31,6 : 666.49"
"31,7 : 944.7"
"31,8 : 1030.37"
"31,9 : 896.75"
"31,10 : 1089.35"
"31,11 : 835.8"
"31,12 : 787.69"
"31,13 : 306.56"
"31,14 : 707.33"
"31,15 : 943.5"
"31,16 : 683.95"
"31,17 : 353.14"
"31,18 : 839.97"
"31,19 : 477.88"
"31,20 : 237.41"
"31,21 : 894.35"
"31,22 : 441.48"
"31,23 : 562.94"
"31,24 : 359.52"
"31,25 : 824.91"
"31,26 : 652.97"
"31,27 : 482.98"
"31,28 : 908.02"
"31,29 : 901.83"
"31,30 : 1107.89"
"31,31 : 0.0"
"31,32 : 743.31"
"31,33 : 837.47"
"31,34 : 767.94"
"31,35 : 1114.62"
"31,36 : 963.39"
"31,37 : 998.55"
"31,38 : 769.13"
"31,39 : 844.81"
"31,40 : 174.98"
"31,41 : 437.0"
"31,42 : 600.48"
"31,43 : 316.04"
"31,44 : 895.02"
"31,45 : 728.87"
"31,46 : 861.7"
"31,47 : 745.29"
"31,48 : 331.27"
"31,49 : 1088.33"
"32,0 : 315.63"
"32,1 : 538.19"
"32,2 : 394.82"
"32,3 : 158.45"
"32,4 : 152.64"
"32,5 : 484.65"
"32,6 : 117.27"
"32,7 : 390.51"
"32,8 : 287.26"
"32,9 : 247.26"
"32,10 : 346.1"
"32,11 : 111.83"
"32,12 : 590.51"
"32,13 : 439.14"
"32,14 : 111.8"
"32,15 : 244.3"
"32,16 : 462.31"
"32,17 : 425.97"
"32,18 : 354.38"
"32,19 : 408.26"
"32,20 : 506.79"
"32,21 : 605.23"
"32,22 : 360.6"
"32,23 : 450.02"
"32,24 : 546.49"
"32,25 : 326.88"
"32,26 : 284.42"
"32,27 : 263.49"
"32,28 : 174.57"
"32,29 : 179.3"
"32,30 : 364.66"
"32,31 : 743.31"
"32,32 : 0.0"
"32,33 : 532.63"
"32,34 : 427.57"
"32,35 : 372.78"
"32,36 : 351.59"
"32,37 : 345.43"
"32,38 : 620.8"
"32,39 : 461.04"
"32,40 : 568.37"
"32,41 : 322.44"
"32,42 : 161.06"
"32,43 : 593.96"
"32,44 : 273.64"
"32,45 : 87.2"
"32,46 : 165.03"
"32,47 : 58.14"
"32,48 : 423.8"
"32,49 : 375.41"
"33,0 : 767.44"
"33,1 : 727.89"
"33,2 : 258.12"
"33,3 : 466.5"
"33,4 : 599.33"
"33,5 : 533.15"
"33,6 : 608.65"
"33,7 : 920.35"
"33,8 : 636.5"
"33,9 : 382.25"
"33,10 : 688.71"
"33,11 : 492.53"
"33,12 : 1088.78"
"33,13 : 654.08"
"33,14 : 424.5"
"33,15 : 460.76"
"33,16 : 947.71"
"33,17 : 518.51"
"33,18 : 885.51"
"33,19 : 372.01"
"33,20 : 682.95"
"33,21 : 1124.82"
"33,22 : 715.16"
"33,23 : 275.23"
"33,24 : 480.74"
"33,25 : 857.86"
"33,26 : 281.09"
"33,27 : 520.89"
"33,28 : 640.87"
"33,29 : 496.98"
"33,30 : 687.73"
"33,31 : 837.47"
"33,32 : 532.63"
"33,33 : 0.0"
"33,34 : 941.08"
"33,35 : 729.67"
"33,36 : 872.59"
"33,37 : 850.47"
"33,38 : 150.99"
"33,39 : 85.99"
"33,40 : 707.41"
"33,41 : 500.11"
"33,42 : 594.27"
"33,43 : 531.65"
"33,44 : 346.44"
"33,45 : 445.58"
"33,46 : 448.55"
"33,47 : 475.39"
"33,48 : 564.13"
"33,49 : 819.66"
"34,0 : 462.76"
"34,1 : 570.04"
"34,2 : 743.7"
"34,3 : 480.24"
"34,4 : 464.71"
"34,5 : 668.0"
"34,6 : 332.84"
"34,7 : 228.83"
"34,8 : 576.17"
"34,9 : 667.14"
"34,10 : 603.31"
"34,11 : 518.04"
"34,12 : 169.71"
"34,13 : 515.2"
"34,14 : 522.03"
"34,15 : 640.29"
"34,16 : 102.83"
"34,17 : 617.0"
"34,18 : 132.03"
"34,19 : 696.21"
"34,20 : 571.27"
"34,21 : 184.59"
"34,22 : 352.01"
"34,23 : 781.47"
"34,24 : 771.37"
"34,25 : 143.56"
"34,26 : 665.47"
"34,27 : 477.79"
"34,28 : 438.1"
"34,29 : 567.29"
"34,30 : 628.49"
"34,31 : 767.94"
"34,32 : 427.57"
"34,33 : 941.08"
"34,34 : 0.0"
"34,35 : 600.54"
"34,36 : 288.49"
"34,37 : 350.0"
"34,38 : 1000.78"
"34,39 : 878.23"
"34,40 : 630.13"
"34,41 : 538.03"
"34,42 : 352.78"
"34,43 : 795.06"
"34,44 : 697.54"
"34,45 : 507.33"
"34,46 : 578.16"
"34,47 : 484.29"
"34,48 : 578.98"
"34,49 : 489.82"
"35,0 : 141.0"
"35,1 : 906.38"
"35,2 : 705.52"
"35,3 : 526.54"
"35,4 : 220.42"
"35,5 : 853.59"
"35,6 : 454.74"
"35,7 : 409.96"
"35,8 : 98.99"
"35,9 : 349.66"
"35,10 : 41.0"
"35,11 : 300.48"
"35,12 : 763.09"
"35,13 : 808.81"
"35,14 : 438.25"
"35,15 : 269.79"
"35,16 : 683.92"
"35,17 : 795.97"
"35,18 : 471.37"
"35,19 : 754.84"
"35,20 : 877.4"
"35,21 : 718.31"
"35,22 : 707.08"
"35,23 : 766.46"
"35,24 : 904.34"
"35,25 : 456.97"
"35,26 : 585.81"
"35,27 : 636.25"
"35,28 : 209.42"
"35,29 : 254.17"
"35,30 : 50.25"
"35,31 : 1114.62"
"35,32 : 372.78"
"35,33 : 729.67"
"35,34 : 600.54"
"35,35 : 0.0"
"35,36 : 334.66"
"35,37 : 272.88"
"35,38 : 862.36"
"35,39 : 643.72"
"35,40 : 939.94"
"35,41 : 693.72"
"35,42 : 517.8"
"35,43 : 955.52"
"35,44 : 383.82"
"35,45 : 409.69"
"35,46 : 308.3"
"35,47 : 383.76"
"35,48 : 796.36"
"35,49 : 143.67"
"36,0 : 194.14"
"36,1 : 750.59"
"36,2 : 744.36"
"36,3 : 485.98"
"36,4 : 284.99"
"36,5 : 776.98"
"36,6 : 337.07"
"36,7 : 75.33"
"36,8 : 341.41"
"36,9 : 521.14"
"36,10 : 348.38"
"36,11 : 383.02"
"36,12 : 437.79"
"36,13 : 668.53"
"36,14 : 462.94"
"36,15 : 465.56"
"36,16 : 385.81"
"36,17 : 718.03"
"36,18 : 157.84"
"36,19 : 741.73"
"36,20 : 736.03"
"36,21 : 384.0"
"36,22 : 522.08"
"36,23 : 797.22"
"36,24 : 861.0"
"36,25 : 156.4"
"36,26 : 636.0"
"36,27 : 549.4"
"36,28 : 244.25"
"36,29 : 400.52"
"36,30 : 372.54"
"36,31 : 963.39"
"36,32 : 351.59"
"36,33 : 872.59"
"36,34 : 288.49"
"36,35 : 334.66"
"36,36 : 0.0"
"36,37 : 63.95"
"36,38 : 970.82"
"36,39 : 794.43"
"36,40 : 800.76"
"36,41 : 617.36"
"36,42 : 397.61"
"36,43 : 900.03"
"36,44 : 557.98"
"36,45 : 436.09"
"36,46 : 435.66"
"36,47 : 403.62"
"36,48 : 696.92"
"36,49 : 206.53"
"37,0 : 133.88"
"37,1 : 784.9"
"37,2 : 740.14"
"37,3 : 491.17"
"37,4 : 252.94"
"37,5 : 795.86"
"37,6 : 352.48"
"37,7 : 138.06"
"37,8 : 288.01"
"37,9 : 487.26"
"37,10 : 289.11"
"37,11 : 357.95"
"37,12 : 501.57"
"37,13 : 698.74"
"37,14 : 453.79"
"37,15 : 425.68"
"37,16 : 445.29"
"37,17 : 736.35"
"37,18 : 218.25"
"37,19 : 747.56"
"37,20 : 767.31"
"37,21 : 447.14"
"37,22 : 559.3"
"37,23 : 795.37"
"37,24 : 874.35"
"37,25 : 213.01"
"37,26 : 627.48"
"37,27 : 566.26"
"37,28 : 211.07"
"37,29 : 365.31"
"37,30 : 312.71"
"37,31 : 998.55"
"37,32 : 345.43"
"37,33 : 850.47"
"37,34 : 350.0"
"37,35 : 272.88"
"37,36 : 63.95"
"37,37 : 0.0"
"37,38 : 956.19"
"37,39 : 769.91"
"37,40 : 832.29"
"37,41 : 633.59"
"37,42 : 416.76"
"37,43 : 916.15"
"37,44 : 524.76"
"37,45 : 425.29"
"37,46 : 405.76"
"37,47 : 392.31"
"37,48 : 719.25"
"37,49 : 142.58"
"38,0 : 885.99"
"38,1 : 695.89"
"38,2 : 261.6"
"38,3 : 521.11"
"38,4 : 711.48"
"38,5 : 489.61"
"38,6 : 676.21"
"38,7 : 1010.94"
"38,8 : 766.3"
"38,9 : 512.72"
"38,10 : 821.74"
"38,11 : 602.58"
"38,12 : 1135.78"
"38,13 : 638.61"
"38,14 : 509.02"
"38,15 : 592.71"
"38,16 : 992.4"
"38,17 : 492.13"
"38,18 : 962.74"
"38,19 : 349.08"
"38,20 : 652.47"
"38,21 : 1185.26"
"38,22 : 731.42"
"38,23 : 243.3"
"38,24 : 411.44"
"38,25 : 935.25"
"38,26 : 340.59"
"38,27 : 543.44"
"38,28 : 751.73"
"38,29 : 618.97"
"38,30 : 823.07"
"38,31 : 769.13"
"38,32 : 620.8"
"38,33 : 150.99"
"38,34 : 1000.78"
"38,35 : 862.36"
"38,36 : 970.82"
"38,37 : 956.19"
"38,38 : 0.0"
"38,39 : 229.69"
"38,40 : 663.4"
"38,41 : 504.91"
"38,42 : 648.01"
"38,43 : 453.4"
"38,44 : 479.5"
"38,45 : 534.9"
"38,46 : 567.06"
"38,47 : 567.22"
"38,48 : 542.37"
"38,49 : 941.05"
"39,0 : 683.56"
"39,1 : 715.68"
"39,2 : 251.51"
"39,3 : 413.4"
"39,4 : 517.72"
"39,5 : 532.69"
"39,6 : 545.55"
"39,7 : 844.75"
"39,8 : 550.8"
"39,9 : 296.84"
"39,10 : 602.75"
"39,11 : 412.34"
"39,12 : 1030.85"
"39,13 : 634.1"
"39,14 : 356.87"
"39,15 : 374.99"
"39,16 : 891.81"
"39,17 : 508.79"
"39,18 : 815.36"
"39,19 : 368.25"
"39,20 : 670.79"
"39,21 : 1060.63"
"39,22 : 676.49"
"39,23 : 286.36"
"39,24 : 497.14"
"39,25 : 787.82"
"39,26 : 236.23"
"39,27 : 483.54"
"39,28 : 559.46"
"39,29 : 413.0"
"39,30 : 601.75"
"39,31 : 844.81"
"39,32 : 461.04"
"39,33 : 85.99"
"39,34 : 878.23"
"39,35 : 643.72"
"39,36 : 794.43"
"39,37 : 769.91"
"39,38 : 229.69"
"39,39 : 0.0"
"39,40 : 702.51"
"39,41 : 473.45"
"39,42 : 538.31"
"39,43 : 551.42"
"39,44 : 260.73"
"39,45 : 375.03"
"39,46 : 365.83"
"39,47 : 403.06"
"39,48 : 550.18"
"39,49 : 735.1"
"40,0 : 860.62"
"40,1 : 63.25"
"40,2 : 452.55"
"40,3 : 426.44"
"40,4 : 719.66"
"40,5 : 175.35"
"40,6 : 493.94"
"40,7 : 788.11"
"40,8 : 855.4"
"40,9 : 727.02"
"40,10 : 914.44"
"40,11 : 661.25"
"40,12 : 678.58"
"40,13 : 134.16"
"40,14 : 534.27"
"40,15 : 770.93"
"40,16 : 557.77"
"40,17 : 194.76"
"40,18 : 686.87"
"40,19 : 336.09"
"40,20 : 65.0"
"40,21 : 775.92"
"40,22 : 284.82"
"40,23 : 434.14"
"40,24 : 261.09"
"40,25 : 669.35"
"40,26 : 494.08"
"40,27 : 308.35"
"40,28 : 733.88"
"40,29 : 727.63"
"40,30 : 932.92"
"40,31 : 174.98"
"40,32 : 568.37"
"40,33 : 707.41"
"40,34 : 630.13"
"40,35 : 939.94"
"40,36 : 800.76"
"40,37 : 832.29"
"40,38 : 663.4"
"40,39 : 702.51"
"40,40 : 0.0"
"40,41 : 265.71"
"40,42 : 427.55"
"40,43 : 241.86"
"40,44 : 727.46"
"40,45 : 555.03"
"40,46 : 688.47"
"40,47 : 570.73"
"40,48 : 162.34"
"40,49 : 916.8"
"41,0 : 633.26"
"41,1 : 256.83"
"41,2 : 248.17"
"41,3 : 167.86"
"41,4 : 474.71"
"41,5 : 163.88"
"41,6 : 281.4"
"41,7 : 626.33"
"41,8 : 603.56"
"41,9 : 461.33"
"41,10 : 664.55"
"41,11 : 403.09"
"41,12 : 648.44"
"41,13 : 164.07"
"41,14 : 270.87"
"41,15 : 506.54"
"41,16 : 506.0"
"41,17 : 104.36"
"41,18 : 543.66"
"41,19 : 164.1"
"41,20 : 214.95"
"41,21 : 715.86"
"41,22 : 227.2"
"41,23 : 263.8"
"41,24 : 244.82"
"41,25 : 519.57"
"41,26 : 243.91"
"41,27 : 68.0"
"41,28 : 496.0"
"41,29 : 467.17"
"41,30 : 681.03"
"41,31 : 437.0"
"41,32 : 322.44"
"41,33 : 500.11"
"41,34 : 538.03"
"41,35 : 693.72"
"41,36 : 617.36"
"41,37 : 633.59"
"41,38 : 504.91"
"41,39 : 473.45"
"41,40 : 265.71"
"41,41 : 0.0"
"41,42 : 220.0"
"41,43 : 282.86"
"41,44 : 462.53"
"41,45 : 293.82"
"41,46 : 425.18"
"41,47 : 313.4"
"41,48 : 106.1"
"41,49 : 692.24"
"42,0 : 433.13"
"42,1 : 389.51"
"42,2 : 391.87"
"42,3 : 128.43"
"42,4 : 300.47"
"42,5 : 379.8"
"42,6 : 66.64"
"42,7 : 407.46"
"42,8 : 440.74"
"42,9 : 391.0"
"42,10 : 496.11"
"42,11 : 271.43"
"42,12 : 494.52"
"42,13 : 294.0"
"42,14 : 198.6"
"42,15 : 401.79"
"42,16 : 353.83"
"42,17 : 320.6"
"42,18 : 331.16"
"42,19 : 357.65"
"42,20 : 363.39"
"42,21 : 537.26"
"42,22 : 199.54"
"42,23 : 433.01"
"42,24 : 464.47"
"42,25 : 305.5"
"42,26 : 314.86"
"42,27 : 152.0"
"42,28 : 309.03"
"42,29 : 339.82"
"42,30 : 516.74"
"42,31 : 600.48"
"42,32 : 161.06"
"42,33 : 594.27"
"42,34 : 352.78"
"42,35 : 517.8"
"42,36 : 397.61"
"42,37 : 416.76"
"42,38 : 648.01"
"42,39 : 538.31"
"42,40 : 427.55"
"42,41 : 220.0"
"42,42 : 0.0"
"42,43 : 502.44"
"42,44 : 410.02"
"42,45 : 198.01"
"42,46 : 319.0"
"42,47 : 192.35"
"42,48 : 302.7"
"42,49 : 489.74"
"43,0 : 909.16"
"43,1 : 294.65"
"43,2 : 310.41"
"43,3 : 435.57"
"43,4 : 742.3"
"43,5 : 127.48"
"43,6 : 564.22"
"43,7 : 906.56"
"43,8 : 860.33"
"43,9 : 670.69"
"43,10 : 922.63"
"43,11 : 655.9"
"43,12 : 877.08"
"43,13 : 291.78"
"43,14 : 517.68"
"43,15 : 733.87"
"43,16 : 742.79"
"43,17 : 183.33"
"43,18 : 818.96"
"43,19 : 211.65"
"43,20 : 262.76"
"43,21 : 961.5"
"43,22 : 447.58"
"43,23 : 265.29"
"43,24 : 56.64"
"43,25 : 796.26"
"43,26 : 402.53"
"43,27 : 350.69"
"43,28 : 768.38"
"43,29 : 711.83"
"43,30 : 936.06"
"43,31 : 316.04"
"43,32 : 593.96"
"43,33 : 531.65"
"43,34 : 795.06"
"43,35 : 955.52"
"43,36 : 900.03"
"43,37 : 916.15"
"43,38 : 453.4"
"43,39 : 551.42"
"43,40 : 241.86"
"43,41 : 282.86"
"43,42 : 502.44"
"43,43 : 0.0"
"43,44 : 658.61"
"43,45 : 545.86"
"43,46 : 662.23"
"43,47 : 572.32"
"43,48 : 216.12"
"43,49 : 968.75"
"44,0 : 427.11"
"44,1 : 717.64"
"44,2 : 362.43"
"44,3 : 321.85"
"44,4 : 273.24"
"44,5 : 589.12"
"44,6 : 386.34"
"44,7 : 617.12"
"44,8 : 290.08"
"44,9 : 37.74"
"44,10 : 342.97"
"44,11 : 182.85"
"44,12 : 862.91"
"44,13 : 620.17"
"44,14 : 215.82"
"44,15 : 114.34"
"44,16 : 735.95"
"44,17 : 542.76"
"44,18 : 609.34"
"44,19 : 447.04"
"44,20 : 677.08"
"44,21 : 869.93"
"44,22 : 596.39"
"44,23 : 421.83"
"44,24 : 602.43"
"44,25 : 583.12"
"44,26 : 256.09"
"44,27 : 434.95"
"44,28 : 314.67"
"44,29 : 159.62"
"44,30 : 343.58"
"44,31 : 895.02"
"44,32 : 273.64"
"44,33 : 346.44"
"44,34 : 697.54"
"44,35 : 383.82"
"44,36 : 557.98"
"44,37 : 524.76"
"44,38 : 479.5"
"44,39 : 260.73"
"44,40 : 727.46"
"44,41 : 462.53"
"44,42 : 410.02"
"44,43 : 658.61"
"44,44 : 0.0"
"44,45 : 212.01"
"44,46 : 124.2"
"44,47 : 222.61"
"44,48 : 565.44"
"44,49 : 476.39"
"45,0 : 378.38"
"45,1 : 533.98"
"45,2 : 317.52"
"45,3 : 128.69"
"45,4 : 201.95"
"45,5 : 447.39"
"45,6 : 180.01"
"45,7 : 477.32"
"45,8 : 314.86"
"45,9 : 194.33"
"45,10 : 377.01"
"45,11 : 110.79"
"45,12 : 666.41"
"45,13 : 434.07"
"45,14 : 30.07"
"45,15 : 218.68"
"45,16 : 533.24"
"45,17 : 391.65"
"45,18 : 440.54"
"45,19 : 347.31"
"45,20 : 497.65"
"45,21 : 687.61"
"45,22 : 387.77"
"45,23 : 375.3"
"45,24 : 494.75"
"45,25 : 412.95"
"45,26 : 202.3"
"45,27 : 247.61"
"45,28 : 235.05"
"45,29 : 173.36"
"45,30 : 391.34"
"45,31 : 728.87"
"45,32 : 87.2"
"45,33 : 445.58"
"45,34 : 507.33"
"45,35 : 409.69"
"45,36 : 436.09"
"45,37 : 425.29"
"45,38 : 534.9"
"45,39 : 375.03"
"45,40 : 555.03"
"45,41 : 293.82"
"45,42 : 198.01"
"45,43 : 545.86"
"45,44 : 212.01"
"45,45 : 0.0"
"45,46 : 134.53"
"45,47 : 32.98"
"45,48 : 399.7"
"45,49 : 437.83"
"46,0 : 319.75"
"46,1 : 668.46"
"46,2 : 397.55"
"46,3 : 262.84"
"46,4 : 152.82"
"46,5 : 572.85"
"46,6 : 282.21"
"46,7 : 493.34"
"46,8 : 209.31"
"46,9 : 89.94"
"46,10 : 270.45"
"46,11 : 60.17"
"46,12 : 745.29"
"46,13 : 568.57"
"46,14 : 154.38"
"46,15 : 84.53"
"46,16 : 622.71"
"46,17 : 519.37"
"46,18 : 485.97"
"46,19 : 454.87"
"46,20 : 631.81"
"46,21 : 747.8"
"46,22 : 515.84"
"46,23 : 458.59"
"46,24 : 608.54"
"46,25 : 460.02"
"46,26 : 278.19"
"46,27 : 381.88"
"46,28 : 194.7"
"46,29 : 54.23"
"46,30 : 279.4"
"46,31 : 861.7"
"46,32 : 165.03"
"46,33 : 448.55"
"46,34 : 578.16"
"46,35 : 308.3"
"46,36 : 435.66"
"46,37 : 405.76"
"46,38 : 567.06"
"46,39 : 365.83"
"46,40 : 688.47"
"46,41 : 425.18"
"46,42 : 319.0"
"46,43 : 662.23"
"46,44 : 124.2"
"46,45 : 134.53"
"46,46 : 0.0"
"46,47 : 127.76"
"46,48 : 531.29"
"46,49 : 374.02"
"47,0 : 346.9"
"47,1 : 546.5"
"47,2 : 350.18"
"47,3 : 145.72"
"47,4 : 171.81"
"47,5 : 470.47"
"47,6 : 163.77"
"47,7 : 446.01"
"47,8 : 290.87"
"47,9 : 200.01"
"47,10 : 352.51"
"47,11 : 90.52"
"47,12 : 645.78"
"47,13 : 446.52"
"47,14 : 62.29"
"47,15 : 211.88"
"47,16 : 515.19"
"47,17 : 413.62"
"47,18 : 412.46"
"47,19 : 376.75"
"47,20 : 511.75"
"47,21 : 662.87"
"47,22 : 388.12"
"47,23 : 407.65"
"47,24 : 522.11"
"47,25 : 384.98"
"47,26 : 235.28"
"47,27 : 262.38"
"47,28 : 203.42"
"47,29 : 157.8"
"47,30 : 368.08"
"47,31 : 745.29"
"47,32 : 58.14"
"47,33 : 475.39"
"47,34 : 484.29"
"47,35 : 383.76"
"47,36 : 403.62"
"47,37 : 392.31"
"47,38 : 567.22"
"47,39 : 403.06"
"47,40 : 570.73"
"47,41 : 313.4"
"47,42 : 192.35"
"47,43 : 572.32"
"47,44 : 222.61"
"47,45 : 32.98"
"47,46 : 127.76"
"47,47 : 0.0"
"47,48 : 418.43"
"47,49 : 406.51"
"48,0 : 729.55"
"48,1 : 165.51"
"48,2 : 306.02"
"48,3 : 272.72"
"48,4 : 576.44"
"48,5 : 89.2"
"48,6 : 368.29"
"48,7 : 697.38"
"48,8 : 707.65"
"48,9 : 565.86"
"48,10 : 768.19"
"48,11 : 508.49"
"48,12 : 666.21"
"48,13 : 97.13"
