x,y
545,777
556,341
838,71
2,626
299,730
310,205
853,964
722,999
816,619
2,972
921,305
272,737
413,434
578,706
43,552
841,888
49,50
706,96
874,321
391,900
51,466
995,709
721,482
603,897
256,500
83,416
765,113
178,370
489,288
41,577
832,979
75,106
759,450
876,519
739,200
12,467
290,698
602,605
749,311
247,74
685,483
607,838
855,732
246,402
183,799
348,682
866,117
45,419
721,58
555,574

Distanze
"0,0 : 0.0"
"0,1 : 436.14"
"0,2 : 764.39"
"0,3 : 563.6"
"0,4 : 250.45"
"0,5 : 618.39"
"0,6 : 360.32"
"0,7 : 283.92"
"0,8 : 313.7"
"0,9 : 576.95"
"0,10 : 603.46"
"0,11 : 275.91"
"0,12 : 367.52"
"0,13 : 78.29"
"0,14 : 550.12"
"0,15 : 316.13"
"0,16 : 880.08"
"0,17 : 699.77"
"0,18 : 562.3"
"0,19 : 197.09"
"0,20 : 583.74"
"0,21 : 455.11"
"0,22 : 343.51"
"0,23 : 133.28"
"0,24 : 400.31"
"0,25 : 586.31"
"0,26 : 699.5"
"0,27 : 548.03"
"0,28 : 492.2"
"0,29 : 542.23"
"0,30 : 350.96"
"0,31 : 819.23"
"0,32 : 390.8"
"0,33 : 419.67"
"0,34 : 608.74"
"0,35 : 616.59"
"0,36 : 266.96"
"0,37 : 181.2"
"0,38 : 508.7"
"0,39 : 763.55"
"0,40 : 325.63"
"0,41 : 86.98"
"0,42 : 313.25"
"0,43 : 479.61"
"0,44 : 362.67"
"0,45 : 218.71"
"0,46 : 733.92"
"0,47 : 614.95"
"0,48 : 740.23"
"0,49 : 203.25"
"1,0 : 436.14"
"1,1 : 0.0"
"1,2 : 390.42"
"1,3 : 623.01"
"1,4 : 466.23"
"1,5 : 281.09"
"1,6 : 690.17"
"1,7 : 678.62"
"1,8 : 380.64"
"1,9 : 839.69"
"1,10 : 366.77"
"1,11 : 487.31"
"1,12 : 170.58"
"1,13 : 365.66"
"1,14 : 554.7"
"1,15 : 616.79"
"1,16 : 584.58"
"1,17 : 287.27"
"1,18 : 318.63"
"1,19 : 582.84"
"1,20 : 520.24"
"1,21 : 572.84"
"1,22 : 217.04"
"1,23 : 557.98"
"1,24 : 339.53"
"1,25 : 478.91"
"1,26 : 309.3"
"1,27 : 379.11"
"1,28 : 85.43"
"1,29 : 566.5"
"1,30 : 695.14"
"1,31 : 535.34"
"1,32 : 230.41"
"1,33 : 366.17"
"1,34 : 231.02"
"1,35 : 558.4"
"1,36 : 445.2"
"1,37 : 267.98"
"1,38 : 195.32"
"1,39 : 408.37"
"1,40 : 191.85"
"1,41 : 499.61"
"1,42 : 492.22"
"1,43 : 315.94"
"1,44 : 590.67"
"1,45 : 399.43"
"1,46 : 382.46"
"1,47 : 516.92"
"1,48 : 327.59"
"1,49 : 233.0"
"2,0 : 764.39"
"2,1 : 390.42"
"2,2 : 0.0"
"2,3 : 1003.45"
"2,4 : 851.35"
"2,5 : 544.74"
"2,6 : 893.13"
"2,7 : 935.22"
"2,8 : 548.44"
"2,9 : 1229.1"
"2,10 : 248.28"
"2,11 : 874.02"
"2,12 : 558.92"
"2,13 : 686.17"
"2,14 : 929.19"
"2,15 : 817.01"
"2,16 : 789.28"
"2,17 : 134.35"
"2,18 : 252.58"
"2,19 : 941.83"
"2,20 : 880.56"
"2,21 : 657.03"
"2,22 : 427.33"
"2,23 : 858.78"
"2,24 : 723.02"
"2,25 : 830.09"
"2,26 : 84.22"
"2,27 : 724.57"
"2,28 : 410.96"
"2,29 : 944.06"
"2,30 : 908.02"
"2,31 : 763.8"
"2,32 : 387.15"
"2,33 : 449.61"
"2,34 : 162.61"
"2,35 : 916.02"
"2,36 : 832.73"
"2,37 : 583.83"
"2,38 : 255.97"
"2,39 : 591.01"
"2,40 : 439.49"
"2,41 : 801.03"
"2,42 : 661.22"
"2,43 : 678.25"
"2,44 : 979.29"
"2,45 : 783.21"
"2,46 : 53.85"
"2,47 : 866.0"
"2,48 : 117.72"
"2,49 : 577.15"
"3,0 : 563.6"
"3,1 : 623.01"
"3,2 : 1003.45"
"3,3 : 0.0"
"3,4 : 314.68"
"3,5 : 521.64"
"3,6 : 915.67"
"3,7 : 810.88"
"3,8 : 814.03"
"3,9 : 346.0"
"3,10 : 973.45"
"3,11 : 291.93"
"3,12 : 453.64"
"3,13 : 581.53"
"3,14 : 84.6"
"3,15 : 878.96"
"3,16 : 577.91"
"3,17 : 881.2"
"3,18 : 923.8"
"3,19 : 475.81"
"3,20 : 167.33"
"3,21 : 996.46"
"3,22 : 733.28"
"3,23 : 659.27"
"3,24 : 283.53"
"3,25 : 225.08"
"3,26 : 919.42"
"3,27 : 310.66"
"3,28 : 592.8"
"3,29 : 62.63"
"3,30 : 901.95"
"3,31 : 525.1"
"3,32 : 777.19"
"3,33 : 880.53"
"3,34 : 851.26"
"3,35 : 159.31"
"3,36 : 296.86"
"3,37 : 600.37"
"3,38 : 810.7"
"3,39 : 603.93"
"3,40 : 697.81"
"3,41 : 641.07"
"3,42 : 859.56"
"3,43 : 331.23"
"3,44 : 250.38"
"3,45 : 350.5"
"3,46 : 1002.78"
"3,47 : 211.42"
"3,48 : 916.29"
"3,49 : 555.44"
"4,0 : 250.45"
"4,1 : 466.23"
"4,2 : 851.35"
"4,3 : 314.68"
"4,4 : 0.0"
"4,5 : 525.12"
"4,6 : 601.39"
"4,7 : 501.29"
"4,8 : 528.78"
"4,9 : 383.11"
"4,10 : 753.33"
"4,11 : 27.89"
"4,12 : 317.19"
"4,13 : 280.03"
"4,14 : 311.8"
"4,15 : 564.56"
"4,16 : 724.5"
"4,17 : 753.4"
"4,18 : 705.62"
"4,19 : 193.3"
"4,20 : 362.22"
"4,21 : 696.32"
"4,22 : 489.48"
"4,23 : 346.85"
"4,24 : 233.99"
"4,25 : 381.12"
"4,26 : 773.2"
"4,27 : 379.79"
"4,28 : 481.11"
"4,29 : 299.95"
"4,30 : 588.29"
"4,31 : 662.99"
"4,32 : 538.52"
"4,33 : 614.37"
"4,34 : 688.84"
"4,35 : 389.28"
"4,36 : 33.24"
"4,37 : 327.77"
"4,38 : 614.87"
"4,39 : 658.06"
"4,40 : 458.26"
"4,41 : 326.39"
"4,42 : 556.0"
"4,43 : 332.25"
"4,44 : 134.97"
"4,45 : 68.59"
"4,46 : 835.02"
"4,47 : 401.54"
"4,48 : 793.52"
"4,49 : 299.79"
"5,0 : 618.39"
"5,1 : 281.09"
"5,2 : 544.74"
"5,3 : 521.64"
"5,4 : 525.12"
"5,5 : 0.0"
"5,6 : 933.24"
"5,7 : 894.53"
"5,8 : 653.78"
"5,9 : 826.53"
"5,10 : 619.13"
"5,11 : 533.36"
"5,12 : 251.1"
"5,13 : 568.18"
"5,14 : 437.83"
"5,15 : 865.13"
"5,16 : 303.56"
"5,17 : 410.73"
"5,18 : 575.81"
"5,19 : 699.7"
"5,20 : 367.7"
"5,21 : 850.44"
"5,22 : 495.63"
"5,23 : 751.47"
"5,24 : 299.9"
"5,25 : 309.92"
"5,26 : 464.21"
"5,27 : 211.3"
"5,28 : 197.31"
"5,29 : 459.07"
"5,30 : 933.57"
"5,31 : 255.0"
"5,32 : 511.49"
"5,33 : 647.27"
"5,34 : 429.03"
"5,35 : 396.8"
"5,36 : 493.41"
"5,37 : 495.24"
"5,38 : 451.62"
"5,39 : 145.36"
"5,40 : 466.81"
"5,41 : 699.21"
"5,42 : 758.13"
"5,43 : 207.14"
"5,44 : 607.42"
"5,45 : 478.51"
"5,46 : 562.92"
"5,47 : 340.62"
"5,48 : 436.5"
"5,49 : 442.93"
"6,0 : 360.32"
"6,1 : 690.17"
"6,2 : 893.13"
"6,3 : 915.67"
"6,4 : 601.39"
"6,5 : 933.24"
"6,6 : 0.0"
"6,7 : 135.59"
"6,8 : 346.98"
"6,9 : 851.04"
"6,10 : 662.5"
"6,11 : 623.77"
"6,12 : 688.84"
"6,13 : 377.08"
"6,14 : 908.76"
"6,15 : 76.94"
"6,16 : 1217.3"
"6,17 : 880.36"
"6,18 : 643.34"
"6,19 : 466.41"
"6,20 : 944.04"
"6,21 : 291.87"
"6,22 : 499.75"
"6,23 : 258.82"
"6,24 : 756.11"
"6,25 : 945.09"
"6,26 : 855.54"
"6,27 : 899.14"
"6,28 : 767.77"
"6,29 : 899.51"
"6,30 : 25.81"
"6,31 : 1158.21"
"6,32 : 522.52"
"6,33 : 445.59"
"6,34 : 772.46"
"6,35 : 976.88"
"6,36 : 622.68"
"6,37 : 438.04"
"6,38 : 661.23"
"6,39 : 1076.72"
"6,40 : 509.49"
"6,41 : 276.39"
"6,42 : 232.01"
"6,43 : 827.22"
"6,44 : 690.02"
"6,45 : 578.4"
"6,46 : 847.1"
"6,47 : 974.62"
"6,48 : 915.57"
"6,49 : 490.82"
"7,0 : 283.92"
"7,1 : 678.62"
"7,2 : 935.22"
"7,3 : 810.88"
"7,4 : 501.29"
"7,5 : 894.53"
"7,6 : 135.59"
"7,7 : 0.0"
"7,8 : 391.45"
"7,9 : 720.51"
"7,10 : 721.97"
"7,11 : 520.71"
"7,12 : 643.98"
"7,13 : 326.47"
"7,14 : 812.93"
"7,15 : 162.73"
"7,16 : 1163.41"
"7,17 : 903.14"
"7,18 : 694.83"
"7,19 : 345.49"
"7,20 : 856.93"
"7,21 : 398.28"
"7,22 : 517.0"
"7,23 : 156.73"
"7,24 : 682.76"
"7,25 : 864.99"
"7,26 : 887.04"
"7,27 : 831.61"
"7,28 : 748.2"
"7,29 : 801.15"
"7,30 : 111.8"
"7,31 : 1102.75"
"7,32 : 550.25"
"7,33 : 504.1"
"7,34 : 799.18"
"7,35 : 887.2"
"7,36 : 526.52"
"7,37 : 411.87"
"7,38 : 688.53"
"7,39 : 1039.83"
"7,40 : 517.32"
"7,41 : 197.85"
"7,42 : 298.29"
"7,43 : 763.53"
"7,44 : 574.91"
"7,45 : 490.27"
"7,46 : 893.68"
"7,47 : 891.48"
"7,48 : 941.0"
"7,49 : 456.63"
"8,0 : 313.7"
"8,1 : 380.64"
"8,2 : 548.44"
"8,3 : 814.03"
"8,4 : 528.78"
"8,5 : 653.78"
"8,6 : 346.98"
"8,7 : 391.45"
"8,8 : 0.0"
"8,9 : 887.25"
"8,10 : 331.09"
"8,11 : 556.65"
"8,12 : 443.43"
"8,13 : 253.4"
"8,14 : 775.9"
"8,15 : 270.16"
"8,16 : 955.01"
"8,17 : 534.44"
"8,18 : 303.59"
"8,19 : 509.5"
"8,20 : 780.15"
"8,21 : 200.35"
"8,22 : 166.72"
"8,23 : 350.22"
"8,24 : 572.5"
"8,25 : 760.59"
"8,26 : 508.56"
"8,27 : 684.87"
"8,28 : 465.28"
"8,29 : 776.14"
"8,30 : 360.36"
"8,31 : 901.25"
"8,32 : 178.35"
"8,33 : 116.62"
"8,34 : 426.02"
"8,35 : 818.24"
"8,36 : 531.9"
"8,37 : 214.46"
"8,38 : 315.2"
"8,39 : 787.9"
"8,40 : 188.83"
"8,41 : 302.72"
"8,42 : 119.54"
"8,43 : 609.91"
"8,44 : 658.09"
"8,45 : 472.22"
"8,46 : 504.48"
"8,47 : 796.52"
"8,48 : 568.99"
"8,49 : 264.85"
"9,0 : 576.95"
"9,1 : 839.69"
"9,2 : 1229.1"
"9,3 : 346.0"
"9,4 : 383.11"
"9,5 : 826.53"
"9,6 : 851.04"
"9,7 : 720.51"
"9,8 : 887.25"
"9,9 : 0.0"
"9,10 : 1135.54"
"9,11 : 357.95"
"9,12 : 677.03"
"9,13 : 634.45"
"9,14 : 422.0"
"9,15 : 843.19"
"9,16 : 923.2"
"9,17 : 1123.83"
"9,18 : 1088.2"
"9,19 : 395.61"
"9,20 : 508.37"
"9,21 : 1027.24"
"9,22 : 870.09"
"9,23 : 605.66"
"9,24 : 536.0"
"9,25 : 561.87"
"9,26 : 1148.93"
"9,27 : 627.2"
"9,28 : 839.66"
"9,29 : 396.92"
"9,30 : 830.03"
"9,31 : 869.07"
"9,32 : 919.53"
"9,33 : 984.42"
"9,34 : 1067.31"
"9,35 : 505.1"
"9,36 : 397.52"
"9,37 : 703.34"
"9,38 : 997.46"
"9,39 : 930.82"
"9,40 : 840.01"
"9,41 : 619.66"
"9,42 : 886.12"
"9,43 : 620.03"
"9,44 : 250.38"
"9,45 : 451.46"
"9,46 : 1215.53"
"9,47 : 554.67"
"9,48 : 1162.91"
"9,49 : 681.33"
"10,0 : 603.46"
"10,1 : 366.77"
"10,2 : 248.28"
"10,3 : 973.45"
"10,4 : 753.33"
"10,5 : 619.13"
"10,6 : 662.5"
"10,7 : 721.97"
"10,8 : 331.09"
"10,9 : 1135.54"
"10,10 : 0.0"
"10,11 : 779.63"
"10,12 : 524.12"
"10,13 : 527.68"
"10,14 : 912.08"
"10,15 : 588.46"
"10,16 : 908.52"
"10,17 : 299.84"
"10,18 : 49.65"
"10,19 : 796.82"
"10,20 : 884.77"
"10,21 : 410.72"
"10,22 : 267.07"
"10,23 : 672.0"
"10,24 : 693.0"
"10,25 : 845.32"
"10,26 : 247.39"
"10,27 : 745.84"
"10,28 : 432.33"
"10,29 : 921.08"
"10,30 : 679.85"
"10,31 : 869.09"
"10,32 : 217.41"
"10,33 : 218.68"
"10,34 : 210.12"
"10,35 : 923.32"
"10,36 : 743.38"
"10,37 : 437.91"
"10,38 : 172.1"
"10,39 : 712.49"
"10,40 : 295.6"
"10,41 : 618.62"
"10,42 : 432.07"
"10,43 : 681.93"
"10,44 : 888.08"
"10,45 : 685.9"
"10,46 : 195.88"
"10,47 : 883.39"
"10,48 : 317.82"
"10,49 : 454.22"
"11,0 : 275.91"
"11,1 : 487.31"
"11,2 : 874.02"
"11,3 : 291.93"
"11,4 : 27.89"
"11,5 : 533.36"
"11,6 : 623.77"
"11,7 : 520.71"
"11,8 : 556.65"
"11,9 : 357.95"
"11,10 : 779.63"
"11,11 : 0.0"
"11,12 : 334.2"
"11,13 : 307.57"
"11,14 : 294.39"
"11,15 : 588.7"
"11,16 : 722.29"
"11,17 : 774.1"
"11,18 : 731.75"
"11,19 : 201.82"
"11,20 : 349.69"
"11,21 : 723.54"
"11,22 : 516.36"
"11,23 : 367.64"
"11,24 : 237.54"
"11,25 : 372.51"
"11,26 : 795.25"
"11,27 : 378.85"
"11,28 : 498.69"
"11,29 : 281.0"
"11,30 : 610.05"
"11,31 : 661.04"
"11,32 : 565.28"
"11,33 : 642.14"
"11,34 : 711.66"
"11,35 : 374.83"
"11,36 : 42.95"
"11,37 : 355.42"
"11,38 : 639.53"
"11,39 : 663.47"
"11,40 : 484.86"
"11,41 : 349.89"
"11,42 : 583.02"
"11,43 : 336.01"
"11,44 : 108.47"
"11,45 : 93.81"
"11,46 : 858.62"
"11,47 : 390.71"
"11,48 : 814.03"
"11,49 : 326.59"
"12,0 : 367.52"
"12,1 : 170.58"
"12,2 : 558.92"
"12,3 : 453.64"
"12,4 : 317.19"
"12,5 : 251.1"
"12,6 : 688.84"
"12,7 : 643.98"
"12,8 : 443.43"
"12,9 : 677.03"
"12,10 : 524.12"
"12,11 : 334.2"
"12,12 : 0.0"
"12,13 : 318.13"
"12,14 : 388.36"
"12,15 : 623.94"
"12,16 : 529.1"
"12,17 : 447.32"
"12,18 : 474.65"
"12,19 : 466.52"
"12,20 : 363.41"
"12,21 : 643.7"
"12,22 : 311.72"
"12,23 : 500.47"
"12,24 : 170.31"
"12,25 : 330.49"
"12,26 : 476.39"
"12,27 : 243.56"
"12,28 : 164.6"
"12,29 : 398.54"
"12,30 : 687.45"
"12,31 : 470.99"
"12,32 : 346.37"
"12,33 : 470.74"
"12,34 : 401.29"
"12,35 : 402.36"
"12,36 : 291.25"
"12,37 : 254.88"
"12,38 : 357.81"
"12,39 : 396.43"
"12,40 : 276.38"
"12,41 : 448.17"
"12,42 : 533.07"
"12,43 : 170.04"
"12,44 : 431.42"
"12,45 : 256.38"
"12,46 : 552.9"
"12,47 : 368.31"
"12,48 : 486.05"
"12,49 : 199.41"
"13,0 : 78.29"
"13,1 : 365.66"
"13,2 : 686.17"
"13,3 : 581.53"
"13,4 : 280.03"
"13,5 : 568.18"
"13,6 : 377.08"
"13,7 : 326.47"
"13,8 : 253.4"
"13,9 : 634.45"
"13,10 : 527.68"
"13,11 : 307.57"
"13,12 : 318.13"
"13,13 : 0.0"
"13,14 : 556.72"
"13,15 : 319.83"
"13,16 : 842.72"
"13,17 : 623.28"
"13,18 : 485.63"
"13,19 : 269.45"
"13,20 : 579.08"
"13,21 : 417.01"
"13,22 : 265.75"
"13,23 : 192.63"
"13,24 : 382.26"
"13,25 : 573.69"
"13,26 : 621.79"
"13,27 : 522.39"
"13,28 : 427.37"
"13,29 : 552.28"
"13,30 : 372.89"
"13,31 : 782.95"
"13,32 : 313.52"
"13,33 : 351.81"
"13,34 : 531.0"
"13,35 : 614.39"
"13,36 : 288.11"
"13,37 : 103.81"
"13,38 : 430.43"
"13,39 : 713.43"
"13,40 : 247.34"
"13,41 : 135.15"
"13,42 : 278.22"
"13,43 : 450.16"
"13,44 : 405.8"
"13,45 : 231.25"
"13,46 : 655.64"
"13,47 : 605.36"
"13,48 : 663.59"
"13,49 : 133.99"
"14,0 : 550.12"
"14,1 : 554.7"
"14,2 : 929.19"
"14,3 : 84.6"
"14,4 : 311.8"
"14,5 : 437.83"
"14,6 : 908.76"
"14,7 : 812.93"
"14,8 : 775.9"
"14,9 : 422.0"
"14,10 : 912.08"
"14,11 : 294.39"
"14,12 : 388.36"
"14,13 : 556.72"
"14,14 : 0.0"
"14,15 : 865.85"
"14,16 : 502.04"
"14,17 : 804.68"
"14,18 : 862.51"
"14,19 : 492.15"
"14,20 : 86.37"
"14,21 : 964.86"
"14,22 : 681.6"
"14,23 : 657.74"
"14,24 : 219.26"
"14,25 : 141.76"
"14,26 : 844.99"
"14,27 : 226.6"
"14,28 : 518.28"
"14,29 : 25.08"
"14,30 : 897.13"
"14,31 : 447.15"
"14,32 : 723.23"
"14,33 : 833.65"
"14,34 : 779.95"
"14,35 : 90.48"
"14,36 : 286.92"
"14,37 : 561.51"
"14,38 : 746.0"
"14,39 : 519.71"
"14,40 : 645.7"
"14,41 : 632.37"
"14,42 : 831.71"
"14,43 : 252.41"
"14,44 : 283.92"
"14,45 : 331.55"
"14,46 : 930.89"
"14,47 : 133.02"
"14,48 : 838.88"
"14,49 : 512.47"
"15,0 : 316.13"
"15,1 : 616.79"
"15,2 : 817.01"
"15,3 : 878.96"
"15,4 : 564.56"
"15,5 : 865.13"
"15,6 : 76.94"
"15,7 : 162.73"
"15,8 : 270.16"
"15,9 : 843.19"
"15,10 : 588.46"
"15,11 : 588.7"
"15,12 : 623.94"
"15,13 : 319.83"
"15,14 : 865.85"
"15,15 : 0.0"
"15,16 : 1153.04"
"15,17 : 803.42"
"15,18 : 567.96"
"15,19 : 450.16"
"15,20 : 895.65"
"15,21 : 236.13"
"15,22 : 423.36"
"15,23 : 238.17"
"15,24 : 701.98"
"15,25 : 892.94"
"15,26 : 778.72"
"15,27 : 841.36"
"15,28 : 695.63"
"15,29 : 858.32"
"15,30 : 91.44"
"15,31 : 1094.66"
"15,32 : 445.61"
"15,33 : 370.66"
"15,34 : 695.52"
"15,35 : 929.78"
"15,36 : 582.84"
"15,37 : 370.42"
"15,38 : 584.29"
"15,39 : 1007.69"
"15,40 : 434.01"
"15,41 : 239.28"
"15,42 : 156.63"
"15,43 : 768.26"
"15,44 : 663.99"
"15,45 : 534.31"
"15,46 : 771.41"
"15,47 : 923.89"
"15,48 : 838.63"
"15,49 : 424.73"
"16,0 : 880.08"
"16,1 : 584.58"
"16,2 : 789.28"
"16,3 : 577.91"
"16,4 : 724.5"
"16,5 : 303.56"
"16,6 : 1217.3"
"16,7 : 1163.41"
"16,8 : 955.01"
"16,9 : 923.2"
"16,10 : 908.52"
"16,11 : 722.29"
"16,12 : 529.1"
"16,13 : 842.72"
"16,14 : 502.04"
"16,15 : 1153.04"
"16,16 : 0.0"
"16,17 : 658.61"
"16,18 : 868.37"
"16,19 : 916.22"
"16,20 : 416.0"
"16,21 : 1152.91"
"16,22 : 798.88"
"16,23 : 1012.09"
"16,24 : 495.33"
"16,25 : 367.58"
"16,26 : 718.77"
"16,27 : 345.02"
"16,28 : 500.24"
"16,29 : 527.06"
"16,30 : 1214.96"
"16,31 : 61.74"
"16,32 : 814.92"
"16,33 : 950.73"
"16,34 : 706.12"
"16,35 : 418.64"
"16,36 : 691.36"
"16,37 : 783.48"
"16,38 : 747.07"
"16,39 : 199.45"
"16,40 : 769.41"
"16,41 : 965.56"
"16,42 : 1055.82"
"16,43 : 403.38"
"16,44 : 760.89"
"16,45 : 699.16"
"16,46 : 819.74"
"16,47 : 369.02"
"16,48 : 672.05"
"16,49 : 728.43"
"17,0 : 699.77"
"17,1 : 287.27"
"17,2 : 134.35"
"17,3 : 881.2"
"17,4 : 753.4"
"17,5 : 410.73"
"17,6 : 880.36"
"17,7 : 903.14"
"17,8 : 534.44"
"17,9 : 1123.83"
"17,10 : 299.84"
"17,11 : 774.1"
"17,12 : 447.32"
"17,13 : 623.28"
"17,14 : 804.68"
"17,15 : 803.42"
"17,16 : 658.61"
"17,17 : 0.0"
"17,18 : 280.8"
"17,19 : 863.51"
"17,20 : 752.28"
"17,21 : 677.71"
"17,22 : 386.29"
"17,23 : 807.6"
"17,24 : 604.74"
"17,25 : 700.38"
"17,26 : 61.4"
"17,27 : 594.86"
"17,28 : 289.75"
"17,29 : 820.72"
"17,30 : 891.94"
"17,31 : 631.08"
"17,32 : 357.95"
"17,33 : 455.88"
"17,34 : 109.11"
"17,35 : 786.94"
"17,36 : 731.75"
"17,37 : 519.52"
"17,38 : 219.26"
"17,39 : 459.53"
"17,40 : 387.57"
"17,41 : 748.58"
"17,42 : 653.22"
"17,43 : 552.48"
"17,44 : 876.21"
"17,45 : 686.7"
"17,46 : 161.37"
"17,47 : 735.7"
"17,48 : 40.85"
"17,49 : 501.28"
"18,0 : 562.3"
"18,1 : 318.63"
"18,2 : 252.58"
"18,3 : 923.8"
"18,4 : 705.62"
"18,5 : 575.81"
"18,6 : 643.34"
"18,7 : 694.83"
"18,8 : 303.59"
"18,9 : 1088.2"
"18,10 : 49.65"
"18,11 : 731.75"
"18,12 : 474.65"
"18,13 : 485.63"
"18,14 : 862.51"
"18,15 : 567.96"
"18,16 : 868.37"
"18,17 : 280.8"
"18,18 : 0.0"
"18,19 : 754.01"
"18,20 : 835.68"
"18,21 : 406.43"
"18,22 : 222.1"
"18,23 : 636.57"
"18,24 : 643.4"
"18,25 : 796.68"
"18,26 : 234.83"
"18,27 : 697.72"
"18,28 : 386.41"
"18,29 : 871.45"
"18,30 : 659.34"
"18,31 : 827.42"
"18,32 : 172.82"
"18,33 : 198.01"
"18,34 : 181.29"
"18,35 : 874.28"
"18,36 : 695.12"
"18,37 : 393.24"
"18,38 : 125.4"
"18,39 : 673.9"
"18,40 : 248.93"
"18,41 : 581.87"
"18,42 : 411.44"
"18,43 : 633.2"
"18,44 : 840.22"
"18,45 : 637.96"
"18,46 : 204.16"
"18,47 : 834.77"
"18,48 : 304.27"
"18,49 : 407.15"
"19,0 : 197.09"
"19,1 : 582.84"
"19,2 : 941.83"
"19,3 : 475.81"
"19,4 : 193.3"
"19,5 : 699.7"
"19,6 : 466.41"
"19,7 : 345.49"
"19,8 : 509.5"
"19,9 : 395.61"
"19,10 : 796.82"
"19,11 : 201.82"
"19,12 : 466.52"
"19,13 : 269.45"
"19,14 : 492.15"
"19,15 : 450.16"
"19,16 : 916.22"
"19,17 : 863.51"
"19,18 : 754.01"
"19,19 : 0.0"
"19,20 : 551.32"
"19,21 : 633.48"
"19,22 : 532.56"
"19,23 : 212.02"
"19,24 : 422.17"
"19,25 : 573.69"
"19,26 : 871.35"
"19,27 : 571.2"
"19,28 : 619.8"
"19,29 : 476.27"
"19,30 : 448.02"
"19,31 : 854.57"
"19,32 : 581.31"
"19,33 : 616.75"
"19,34 : 781.73"
"19,35 : 575.44"
"19,36 : 225.84"
"19,37 : 362.69"
"19,38 : 689.26"
"19,39 : 838.46"
"19,40 : 510.22"
"19,41 : 224.72"
"19,42 : 493.48"
"19,43 : 518.68"
"19,44 : 231.22"
"19,45 : 222.2"
"19,46 : 915.81"
"19,47 : 592.52"
"19,48 : 904.36"
"19,49 : 364.93"
"20,0 : 583.74"
"20,1 : 520.24"
"20,2 : 880.56"
"20,3 : 167.33"
"20,4 : 362.22"
"20,5 : 367.7"
"20,6 : 944.04"
"20,7 : 856.93"
"20,8 : 780.15"
"20,9 : 508.37"
"20,10 : 884.77"
"20,11 : 349.69"
"20,12 : 363.41"
"20,13 : 579.08"
"20,14 : 86.37"
"20,15 : 895.65"
"20,16 : 416.0"
"20,17 : 752.28"
"20,18 : 835.68"
"20,19 : 551.32"
"20,20 : 0.0"
"20,21 : 974.77"
"20,22 : 670.19"
"20,23 : 700.33"
"20,24 : 207.8"
"20,25 : 59.36"
"20,26 : 796.5"
"20,27 : 159.2"
"20,28 : 472.79"
"20,29 : 111.45"
"20,30 : 934.41"
"20,31 : 360.8"
"20,32 : 708.18"
"20,33 : 826.7"
"20,34 : 737.63"
"20,35 : 39.01"
"20,36 : 333.08"
"20,37 : 568.26"
"20,38 : 715.0"
"20,39 : 438.27"
"20,40 : 634.23"
"20,41 : 668.97"
"20,42 : 846.86"
"20,43 : 205.23"
"20,44 : 358.21"
"20,45 : 367.24"
"20,46 : 886.58"
"20,47 : 47.38"
"20,48 : 784.45"
"20,49 : 515.44"
"21,0 : 455.11"
"21,1 : 572.84"
"21,2 : 657.03"
"21,3 : 996.46"
"21,4 : 696.32"
"21,5 : 850.44"
"21,6 : 291.87"
"21,7 : 398.28"
"21,8 : 200.35"
"21,9 : 1027.24"
"21,10 : 410.72"
"21,11 : 723.54"
"21,12 : 643.7"
"21,13 : 417.01"
"21,14 : 964.86"
"21,15 : 236.13"
"21,16 : 1152.91"
"21,17 : 677.71"
"21,18 : 406.43"
"21,19 : 633.48"
"21,20 : 974.77"
"21,21 : 0.0"
"21,22 : 355.82"
"21,23 : 434.75"
"21,24 : 767.99"
"21,25 : 957.91"
"21,26 : 638.84"
"21,27 : 884.54"
"21,28 : 658.24"
"21,29 : 963.09"
"21,30 : 315.39"
"21,31 : 1100.0"
"21,32 : 350.4"
"21,33 : 224.19"
"21,34 : 569.75"
"21,35 : 1012.35"
"21,36 : 705.09"
"21,37 : 406.53"
"21,38 : 467.89"
"21,39 : 981.19"
"21,40 : 383.64"
"21,41 : 408.88"
"21,42 : 141.88"
"21,43 : 809.48"
"21,44 : 816.97"
"21,45 : 647.56"
"21,46 : 605.89"
"21,47 : 993.28"
"21,48 : 706.31"
"21,49 : 460.24"
"22,0 : 343.51"
"22,1 : 217.04"
"22,2 : 427.33"
"22,3 : 733.28"
"22,4 : 489.48"
"22,5 : 495.63"
"22,6 : 499.75"
"22,7 : 517.0"
"22,8 : 166.72"
"22,9 : 870.09"
"22,10 : 267.07"
"22,11 : 516.36"
"22,12 : 311.72"
"22,13 : 265.75"
"22,14 : 681.6"
"22,15 : 423.36"
"22,16 : 798.88"
"22,17 : 386.29"
"22,18 : 222.1"
"22,19 : 532.56"
"22,20 : 670.19"
"22,21 : 355.82"
"22,22 : 0.0"
"22,23 : 431.45"
"22,24 : 465.35"
"22,25 : 641.4"
"22,26 : 371.61"
"22,27 : 554.43"
"22,28 : 302.42"
"22,29 : 686.6"
"22,30 : 509.24"
"22,31 : 747.46"
"22,32 : 49.68"
"22,33 : 159.35"
"22,34 : 282.57"
"22,35 : 709.16"
"22,36 : 482.1"
"22,37 : 171.14"
"22,38 : 173.28"
"22,39 : 625.41"
"22,40 : 36.01"
"22,41 : 373.81"
"22,42 : 283.65"
"22,43 : 481.69"
"22,44 : 624.45"
"22,45 : 423.24"
"22,46 : 392.75"
"22,47 : 678.93"
"22,48 : 424.0"
"22,49 : 189.79"
"23,0 : 133.28"
"23,1 : 557.98"
"23,2 : 858.78"
"23,3 : 659.27"
"23,4 : 346.85"
"23,5 : 751.47"
"23,6 : 258.82"
"23,7 : 156.73"
"23,8 : 350.22"
"23,9 : 605.66"
"23,10 : 672.0"
"23,11 : 367.64"
"23,12 : 500.47"
"23,13 : 192.63"
"23,14 : 657.74"
"23,15 : 238.17"
"23,16 : 1012.09"
"23,17 : 807.6"
"23,18 : 636.57"
"23,19 : 212.02"
"23,20 : 700.33"
"23,21 : 434.75"
"23,22 : 431.45"
"23,23 : 0.0"
"23,24 : 527.27"
"23,25 : 708.35"
"23,26 : 800.56"
"23,27 : 677.02"
"23,28 : 619.58"
"23,29 : 646.72"
"23,30 : 243.24"
"23,31 : 951.03"
"23,32 : 473.44"
"23,33 : 466.28"
"23,34 : 710.14"
"23,35 : 730.88"
"23,36 : 370.9"
"23,37 : 292.0"
"23,38 : 603.91"
"23,39 : 896.7"
"23,40 : 422.04"
"23,41 : 59.14"
"23,42 : 301.21"
"23,43 : 610.31"
"23,44 : 431.28"
"23,45 : 333.54"
"23,46 : 823.15"
"23,47 : 734.74"
"23,48 : 847.26"
"23,49 : 326.55"
"24,0 : 400.31"
"24,1 : 339.53"
"24,2 : 723.02"
"24,3 : 283.53"
"24,4 : 233.99"
"24,5 : 299.9"
"24,6 : 756.11"
"24,7 : 682.76"
"24,8 : 572.5"
"24,9 : 536.0"
"24,10 : 693.0"
"24,11 : 237.54"
"24,12 : 170.31"
"24,13 : 382.26"
"24,14 : 219.26"
"24,15 : 701.98"
"24,16 : 495.33"
"24,17 : 604.74"
"24,18 : 643.4"
"24,19 : 422.17"
"24,20 : 207.8"
"24,21 : 767.99"
"24,22 : 465.35"
"24,23 : 527.27"
"24,24 : 0.0"
"24,25 : 192.31"
"24,26 : 639.41"
"24,27 : 151.6"
"24,28 : 315.01"
"24,29 : 228.37"
"24,30 : 749.14"
"24,31 : 433.59"
"24,32 : 505.48"
"24,33 : 620.29"
"24,34 : 568.59"
"24,35 : 246.22"
"24,36 : 200.9"
"24,37 : 361.58"
"24,38 : 527.99"
"24,39 : 426.1"
"24,40 : 429.34"
"24,41 : 487.28"
"24,42 : 642.36"
"24,43 : 98.51"
"24,44 : 307.78"
"24,45 : 203.93"
"24,46 : 720.27"
"24,47 : 226.01"
"24,48 : 641.55"
"24,49 : 308.02"
"25,0 : 586.31"
"25,1 : 478.91"
"25,2 : 830.09"
"25,3 : 225.08"
"25,4 : 381.12"
"25,5 : 309.92"
"25,6 : 945.09"
"25,7 : 864.99"
"25,8 : 760.59"
"25,9 : 561.87"
"25,10 : 845.32"
"25,11 : 372.51"
"25,12 : 330.49"
"25,13 : 573.69"
"25,14 : 141.76"
"25,15 : 892.94"
"25,16 : 367.58"
"25,17 : 700.38"
"25,18 : 796.68"
"25,19 : 573.69"
"25,20 : 59.36"
"25,21 : 957.91"
"25,22 : 641.4"
"25,23 : 708.35"
"25,24 : 192.31"
"25,25 : 0.0"
"25,26 : 746.28"
"25,27 : 105.55"
"25,28 : 425.7"
"25,29 : 166.39"
"25,30 : 937.0"
"25,31 : 310.1"
"25,32 : 676.85"
"25,33 : 799.66"
"25,34 : 690.65"
"25,35 : 87.42"
"25,36 : 349.82"
"25,37 : 552.34"
"25,38 : 674.23"
"25,39 : 379.29"
"25,40 : 605.72"
"25,41 : 672.8"
"25,42 : 834.17"
"25,43 : 163.6"
"25,44 : 395.84"
"25,45 : 375.47"
"25,46 : 838.15"
"25,47 : 38.12"
"25,48 : 731.58"
"25,49 : 497.74"
"26,0 : 699.5"
"26,1 : 309.3"
"26,2 : 84.22"
"26,3 : 919.42"
"26,4 : 773.2"
"26,5 : 464.21"
"26,6 : 855.54"
"26,7 : 887.04"
"26,8 : 508.56"
"26,9 : 1148.93"
"26,10 : 247.39"
"26,11 : 795.25"
"26,12 : 476.39"
"26,13 : 621.79"
"26,14 : 844.99"
"26,15 : 778.72"
"26,16 : 718.77"
"26,17 : 61.4"
"26,18 : 234.83"
"26,19 : 871.35"
"26,20 : 796.5"
"26,21 : 638.84"
"26,22 : 371.61"
"26,23 : 800.56"
"26,24 : 639.41"
"26,25 : 746.28"
"26,26 : 0.0"
"26,27 : 640.79"
"26,28 : 326.8"
"26,29 : 859.93"
"26,30 : 868.59"
"26,31 : 690.04"
"26,32 : 337.05"
"26,33 : 420.9"
"26,34 : 90.8"
"26,35 : 832.06"
"26,36 : 753.56"
"26,37 : 518.3"
"26,38 : 198.65"
"26,39 : 519.47"
"26,40 : 378.55"
"26,41 : 742.02"
"26,42 : 625.51"
"26,43 : 594.04"
"26,44 : 899.62"
"26,45 : 705.44"
"26,46 : 101.08"
"26,47 : 782.33"
"26,48 : 70.43"
"26,49 : 506.58"
"27,0 : 548.03"
"27,1 : 379.11"
"27,2 : 724.57"
"27,3 : 310.66"
"27,4 : 379.79"
"27,5 : 211.3"
"27,6 : 899.14"
"27,7 : 831.61"
"27,8 : 684.87"
"27,9 : 627.2"
"27,10 : 745.84"
"27,11 : 378.85"
"27,12 : 243.56"
"27,13 : 522.39"
"27,14 : 226.6"
"27,15 : 841.36"
"27,16 : 345.02"
"27,17 : 594.86"
"27,18 : 697.72"
"27,19 : 571.2"
"27,20 : 159.2"
"27,21 : 884.54"
"27,22 : 554.43"
"27,23 : 677.02"
"27,24 : 151.6"
"27,25 : 105.55"
"27,26 : 640.79"
"27,27 : 0.0"
"27,28 : 321.63"
"27,29 : 248.23"
"27,30 : 893.64"
"27,31 : 283.38"
"27,32 : 586.48"
"27,33 : 713.73"
"27,34 : 586.19"
"27,35 : 192.26"
"27,36 : 346.59"
"27,37 : 484.77"
"27,38 : 574.04"
"27,39 : 303.94"
"27,40 : 519.44"
"27,41 : 634.87"
"27,42 : 767.71"
"27,43 : 75.15"
"27,44 : 429.03"
"27,45 : 355.31"
"27,46 : 733.04"
"27,47 : 141.74"
"27,48 : 626.25"
"27,49 : 428.65"
"28,0 : 492.2"
"28,1 : 85.43"
"28,2 : 410.96"
"28,3 : 592.8"
"28,4 : 481.11"
"28,5 : 197.31"
"28,6 : 767.77"
"28,7 : 748.2"
"28,8 : 465.28"
"28,9 : 839.66"
"28,10 : 432.33"
"28,11 : 498.69"
"28,12 : 164.6"
"28,13 : 427.37"
"28,14 : 518.28"
"28,15 : 695.63"
"28,16 : 500.24"
"28,17 : 289.75"
"28,18 : 386.41"
"28,19 : 619.8"
"28,20 : 472.79"
"28,21 : 658.24"
"28,22 : 302.42"
"28,23 : 619.58"
"28,24 : 315.01"
"28,25 : 425.7"
"28,26 : 326.8"
"28,27 : 321.63"
"28,28 : 0.0"
"28,29 : 533.13"
"28,30 : 771.45"
"28,31 : 452.24"
"28,32 : 314.87"
"28,33 : 450.7"
"28,34 : 265.04"
"28,35 : 509.48"
"28,36 : 455.74"
"28,37 : 336.54"
"28,38 : 261.02"
"28,39 : 323.05"
"28,40 : 276.48"
"28,41 : 562.52"
"28,42 : 575.41"
"28,43 : 268.41"
"28,44 : 595.61"
"28,45 : 418.47"
"28,46 : 413.97"
"28,47 : 462.92"
"28,48 : 326.69"
"28,49 : 293.52"
"29,0 : 542.23"
"29,1 : 566.5"
"29,2 : 944.06"
"29,3 : 62.63"
"29,4 : 299.95"
"29,5 : 459.07"
"29,6 : 899.51"
"29,7 : 801.15"
"29,8 : 776.14"
"29,9 : 396.92"
"29,10 : 921.08"
"29,11 : 281.0"
"29,12 : 398.54"
"29,13 : 552.28"
"29,14 : 25.08"
"29,15 : 858.32"
"29,16 : 527.06"
"29,17 : 820.72"
"29,18 : 871.45"
"29,19 : 476.27"
"29,20 : 111.45"
"29,21 : 963.09"
"29,22 : 686.6"
"29,23 : 646.72"
"29,24 : 228.37"
"29,25 : 166.39"
"29,26 : 859.93"
"29,27 : 248.23"
"29,28 : 533.13"
"29,29 : 0.0"
"29,30 : 887.29"
"29,31 : 472.23"
"29,32 : 729.15"
"29,33 : 837.01"
"29,34 : 793.31"
"29,35 : 113.76"
"29,36 : 276.84"
"29,37 : 561.7"
"29,38 : 756.32"
"29,39 : 543.55"
"29,40 : 650.82"
"29,41 : 623.28"
"29,42 : 828.63"
"29,43 : 269.54"
"29,44 : 263.53"
"29,45 : 324.46"
"29,46 : 944.58"
"29,47 : 158.05"
"29,48 : 855.43"
"29,49 : 514.01"
"30,0 : 350.96"
"30,1 : 695.14"
"30,2 : 908.02"
"30,3 : 901.95"
"30,4 : 588.29"
"30,5 : 933.57"
"30,6 : 25.81"
"30,7 : 111.8"
"30,8 : 360.36"
"30,9 : 830.03"
"30,10 : 679.85"
"30,11 : 610.05"
"30,12 : 687.45"
"30,13 : 372.89"
"30,14 : 897.13"
"30,15 : 91.44"
"30,16 : 1214.96"
"30,17 : 891.94"
"30,18 : 659.34"
"30,19 : 448.02"
"30,20 : 934.41"
"30,21 : 315.39"
"30,22 : 509.24"
"30,23 : 243.24"
"30,24 : 749.14"
"30,25 : 937.0"
"30,26 : 868.59"
"30,27 : 893.64"
"30,28 : 771.45"
"30,29 : 887.29"
"30,30 : 0.0"
"30,31 : 1155.5"
"30,32 : 534.01"
"30,33 : 462.1"
"30,34 : 784.53"
"30,35 : 966.72"
"30,36 : 610.51"
"30,37 : 439.06"
"30,38 : 673.14"
"30,39 : 1077.61"
"30,40 : 517.32"
"30,41 : 265.53"
"30,42 : 248.07"
"30,43 : 822.39"
"30,44 : 673.5"
"30,45 : 567.86"
"30,46 : 862.67"
"30,47 : 965.9"
"30,48 : 927.66"
"30,49 : 490.67"
"31,0 : 819.23"
"31,1 : 535.34"
"31,2 : 763.8"
"31,3 : 525.1"
"31,4 : 662.99"
"31,5 : 255.0"
"31,6 : 1158.21"
"31,7 : 1102.75"
"31,8 : 901.25"
"31,9 : 869.07"
"31,10 : 869.09"
"31,11 : 661.04"
"31,12 : 470.99"
"31,13 : 782.95"
"31,14 : 447.15"
"31,15 : 1094.66"
"31,16 : 61.74"
"31,17 : 631.08"
"31,18 : 827.42"
"31,19 : 854.57"
"31,20 : 360.8"
"31,21 : 1100.0"
"31,22 : 747.46"
"31,23 : 951.03"
"31,24 : 433.59"
"31,25 : 310.1"
"31,26 : 690.04"
"31,27 : 283.38"
"31,28 : 452.24"
"31,29 : 472.23"
"31,30 : 1155.5"
"31,31 : 0.0"
"31,32 : 765.63"
"31,33 : 901.2"
"31,34 : 670.62"
"31,35 : 366.46"
"31,36 : 629.83"
"31,37 : 725.76"
"31,38 : 704.49"
"31,39 : 174.95"
"31,40 : 717.1"
"31,41 : 904.9"
"31,42 : 1000.14"
"31,43 : 341.84"
"31,44 : 701.37"
"31,45 : 637.42"
"31,46 : 791.08"
"31,47 : 314.43"
"31,48 : 647.78"
"31,49 : 670.39"
"32,0 : 390.8"
"32,1 : 230.41"
"32,2 : 387.15"
"32,3 : 777.19"
"32,4 : 538.52"
"32,5 : 511.49"
"32,6 : 522.52"
"32,7 : 550.25"
"32,8 : 178.35"
"32,9 : 919.53"
"32,10 : 217.41"
"32,11 : 565.28"
"32,12 : 346.37"
"32,13 : 313.52"
"32,14 : 723.23"
"32,15 : 445.61"
"32,16 : 814.92"
"32,17 : 357.95"
"32,18 : 172.82"
"32,19 : 581.31"
"32,20 : 708.18"
"32,21 : 350.4"
"32,22 : 49.68"
"32,23 : 473.44"
"32,24 : 505.48"
"32,25 : 676.85"
"32,26 : 337.05"
"32,27 : 586.48"
"32,28 : 314.87"
"32,29 : 729.15"
"32,30 : 534.01"
"32,31 : 765.63"
"32,32 : 0.0"
"32,33 : 135.83"
"32,34 : 250.8"
"32,35 : 747.19"
"32,36 : 530.53"
"32,37 : 220.62"
"32,38 : 139.36"
"32,39 : 635.23"
"32,40 : 81.02"
"32,41 : 416.71"
"32,42 : 297.89"
"32,43 : 515.24"
"32,44 : 673.48"
"32,45 : 471.96"
"32,46 : 349.77"
"32,47 : 714.67"
"32,48 : 393.84"
"32,49 : 238.73"
"33,0 : 419.67"
"33,1 : 366.17"
"33,2 : 449.61"
"33,3 : 880.53"
"33,4 : 614.37"
"33,5 : 647.27"
"33,6 : 445.59"
"33,7 : 504.1"
"33,8 : 116.62"
"33,9 : 984.42"
"33,10 : 218.68"
"33,11 : 642.14"
"33,12 : 470.74"
"33,13 : 351.81"
"33,14 : 833.65"
"33,15 : 370.66"
"33,16 : 950.73"
"33,17 : 455.88"
"33,18 : 198.01"
"33,19 : 616.75"
"33,20 : 826.7"
"33,21 : 224.19"
"33,22 : 159.35"
"33,23 : 466.28"
"33,24 : 620.29"
"33,25 : 799.66"
"33,26 : 420.9"
"33,27 : 713.73"
"33,28 : 450.7"
"33,29 : 837.01"
"33,30 : 462.1"
"33,31 : 901.2"
"33,32 : 135.83"
"33,33 : 0.0"
"33,34 : 347.17"
"33,35 : 865.56"
"33,36 : 612.73"
"33,37 : 287.18"
"33,38 : 243.71"
"33,39 : 770.5"
"33,40 : 194.36"
"33,41 : 417.28"
"33,42 : 214.03"
"33,43 : 640.77"
"33,44 : 747.43"
"33,45 : 552.59"
"33,46 : 402.12"
"33,47 : 837.0"
"33,48 : 486.36"
"33,49 : 325.68"
"34,0 : 608.74"
"34,1 : 231.02"
"34,2 : 162.61"
"34,3 : 851.26"
"34,4 : 688.84"
"34,5 : 429.03"
"34,6 : 772.46"
"34,7 : 799.18"
"34,8 : 426.02"
"34,9 : 1067.31"
"34,10 : 210.12"
"34,11 : 711.66"
"34,12 : 401.29"
"34,13 : 531.0"
"34,14 : 779.95"
"34,15 : 695.52"
"34,16 : 706.12"
"34,17 : 109.11"
"34,18 : 181.29"
"34,19 : 781.73"
"34,20 : 737.63"
"34,21 : 569.75"
"34,22 : 282.57"
"34,23 : 710.14"
"34,24 : 568.59"
"34,25 : 690.65"
"34,26 : 90.8"
"34,27 : 586.19"
"34,28 : 265.04"
"34,29 : 793.31"
"34,30 : 784.53"
"34,31 : 670.62"
"34,32 : 250.8"
"34,33 : 347.17"
"34,34 : 0.0"
"34,35 : 774.48"
"34,36 : 670.53"
"34,37 : 427.54"
"34,38 : 111.45"
"34,39 : 507.88"
"34,40 : 288.11"
"34,41 : 651.51"
"34,42 : 544.5"
"34,43 : 532.78"
"34,44 : 817.27"
"34,45 : 620.65"
"34,46 : 151.72"
"34,47 : 727.73"
"34,48 : 143.14"
"34,49 : 416.81"
"35,0 : 616.59"
"35,1 : 558.4"
"35,2 : 916.02"
"35,3 : 159.31"
"35,4 : 389.28"
"35,5 : 396.8"
"35,6 : 976.88"
"35,7 : 887.2"
"35,8 : 818.24"
"35,9 : 505.1"
"35,10 : 923.32"
"35,11 : 374.83"
"35,12 : 402.36"
"35,13 : 614.39"
"35,14 : 90.48"
"35,15 : 929.78"
"35,16 : 418.64"
"35,17 : 786.94"
"35,18 : 874.28"
"35,19 : 575.44"
"35,20 : 39.01"
"35,21 : 1012.35"
"35,22 : 709.16"
"35,23 : 730.88"
"35,24 : 246.22"
"35,25 : 87.42"
"35,26 : 832.06"
"35,27 : 192.26"
"35,28 : 509.48"
"35,29 : 113.76"
"35,30 : 966.72"
"35,31 : 366.46"
"35,32 : 747.19"
"35,33 : 865.56"
"35,34 : 774.48"
"35,35 : 0.0"
"35,36 : 361.45"
"35,37 : 605.92"
"35,38 : 753.33"
"35,39 : 457.9"
"35,40 : 673.19"
"35,41 : 701.19"
"35,42 : 883.67"
"35,43 : 242.86"
"35,44 : 373.45"
"35,45 : 398.9"
"35,46 : 922.94"
"35,47 : 58.25"
"35,48 : 818.51"
"35,49 : 553.44"
"36,0 : 266.96"
"36,1 : 445.2"
"36,2 : 832.73"
"36,3 : 296.86"
"36,4 : 33.24"
"36,5 : 493.41"
"36,6 : 622.68"
"36,7 : 526.52"
"36,8 : 531.9"
"36,9 : 397.52"
"36,10 : 743.38"
"36,11 : 42.95"
"36,12 : 291.25"
"36,13 : 288.11"
"36,14 : 286.92"
"36,15 : 582.84"
"36,16 : 691.36"
"36,17 : 731.75"
"36,18 : 695.12"
"36,19 : 225.84"
"36,20 : 333.08"
"36,21 : 705.09"
"36,22 : 482.1"
"36,23 : 370.9"
"36,24 : 200.9"
"36,25 : 349.82"
"36,26 : 753.56"
"36,27 : 346.59"
"36,28 : 455.74"
"36,29 : 276.84"
"36,30 : 610.51"
"36,31 : 629.83"
"36,32 : 530.53"
"36,33 : 612.73"
"36,34 : 670.53"
"36,35 : 361.45"
"36,36 : 0.0"
"36,37 : 325.57"
"36,38 : 600.37"
"36,39 : 625.48"
"36,40 : 449.72"
"36,41 : 346.54"
"36,42 : 566.02"
"36,43 : 299.25"
"36,44 : 147.14"
"36,45 : 60.17"
"36,46 : 818.13"
"36,47 : 371.3"
"36,48 : 771.6"
"36,49 : 292.58"
"37,0 : 181.2"
"37,1 : 267.98"
"37,2 : 583.83"
"37,3 : 600.37"
"37,4 : 327.77"
"37,5 : 495.24"
"37,6 : 438.04"
"37,7 : 411.87"
"37,8 : 214.46"
"37,9 : 703.34"
"37,10 : 437.91"
"37,11 : 355.42"
"37,12 : 254.88"
"37,13 : 103.81"
"37,14 : 561.51"
"37,15 : 370.42"
"37,16 : 783.48"
"37,17 : 519.52"
"37,18 : 393.24"
"37,19 : 362.69"
"37,20 : 568.26"
"37,21 : 406.53"
"37,22 : 171.14"
"37,23 : 292.0"
"37,24 : 361.58"
"37,25 : 552.34"
"37,26 : 518.3"
"37,27 : 484.77"
"37,28 : 336.54"
"37,29 : 561.7"
"37,30 : 439.06"
"37,31 : 725.76"
"37,32 : 220.62"
"37,33 : 287.18"
"37,34 : 427.54"
"37,35 : 605.92"
"37,36 : 325.57"
"37,37 : 0.0"
"37,38 : 328.7"
"37,39 : 638.74"
"37,40 : 147.56"
"37,41 : 233.05"
"37,42 : 283.09"
"37,43 : 409.81"
"37,44 : 461.73"
"37,45 : 265.41"
"37,46 : 554.83"
"37,47 : 587.24"
"37,48 : 559.79"
"37,49 : 56.3"
"38,0 : 508.7"
"38,1 : 195.32"
"38,2 : 255.97"
"38,3 : 810.7"
"38,4 : 614.87"
"38,5 : 451.62"
"38,6 : 661.23"
"38,7 : 688.53"
"38,8 : 315.2"
"38,9 : 997.46"
"38,10 : 172.1"
"38,11 : 639.53"
"38,12 : 357.81"
"38,13 : 430.43"
"38,14 : 746.0"
"38,15 : 584.29"
"38,16 : 747.07"
"38,17 : 219.26"
"38,18 : 125.4"
"38,19 : 689.26"
"38,20 : 715.0"
"38,21 : 467.89"
"38,22 : 173.28"
"38,23 : 603.91"
"38,24 : 527.99"
"38,25 : 674.23"
"38,26 : 198.65"
"38,27 : 574.04"
"38,28 : 261.02"
"38,29 : 756.32"
"38,30 : 673.14"
"38,31 : 704.49"
"38,32 : 139.36"
"38,33 : 243.71"
"38,34 : 111.45"
"38,35 : 753.33"
"38,36 : 600.37"
"38,37 : 328.7"
"38,38 : 0.0"
"38,39 : 555.13"
"38,40 : 183.52"
"38,41 : 545.8"
"38,42 : 434.14"
"38,43 : 511.17"
"38,44 : 747.33"
"38,45 : 546.3"
"38,46 : 226.55"
"38,47 : 712.24"
"38,48 : 254.54"
"38,49 : 326.81"
"39,0 : 763.55"
"39,1 : 408.37"
"39,2 : 591.01"
"39,3 : 603.93"
"39,4 : 658.06"
"39,5 : 145.36"
"39,6 : 1076.72"
"39,7 : 1039.83"
"39,8 : 787.9"
"39,9 : 930.82"
"39,10 : 712.49"
"39,11 : 663.47"
"39,12 : 396.43"
"39,13 : 713.43"
"39,14 : 519.71"
"39,15 : 1007.69"
"39,16 : 199.45"
"39,17 : 459.53"
"39,18 : 673.9"
"39,19 : 838.46"
"39,20 : 438.27"
"39,21 : 981.19"
"39,22 : 625.41"
"39,23 : 896.7"
"39,24 : 426.1"
"39,25 : 379.29"
"39,26 : 519.47"
"39,27 : 303.94"
"39,28 : 323.05"
"39,29 : 543.55"
"39,30 : 1077.61"
"39,31 : 174.95"
"39,32 : 635.23"
"39,33 : 770.5"
"39,34 : 507.88"
"39,35 : 457.9"
"39,36 : 625.48"
"39,37 : 638.74"
"39,38 : 555.13"
"39,39 : 0.0"
"39,40 : 599.27"
"39,41 : 844.57"
"39,42 : 895.9"
"39,43 : 328.0"
"39,44 : 727.82"
"39,45 : 616.33"
"39,46 : 620.49"
"39,47 : 399.79"
"39,48 : 474.27"
"39,49 : 587.25"
"40,0 : 325.63"
"40,1 : 191.85"
"40,2 : 439.49"
"40,3 : 697.81"
"40,4 : 458.26"
"40,5 : 466.81"
"40,6 : 509.49"
"40,7 : 517.32"
"40,8 : 188.83"
"40,9 : 840.01"
"40,10 : 295.6"
"40,11 : 484.86"
"40,12 : 276.38"
"40,13 : 247.34"
"40,14 : 645.7"
"40,15 : 434.01"
"40,16 : 769.41"
"40,17 : 387.57"
"40,18 : 248.93"
"40,19 : 510.22"
"40,20 : 634.23"
"40,21 : 383.64"
"40,22 : 36.01"
"40,23 : 422.04"
"40,24 : 429.34"
"40,25 : 605.72"
"40,26 : 378.55"
"40,27 : 519.44"
"40,28 : 276.48"
"40,29 : 650.82"
"40,30 : 517.32"
"40,31 : 717.1"
"40,32 : 81.02"
"40,33 : 194.36"
"40,34 : 288.11"
"40,35 : 673.19"
"40,36 : 449.72"
"40,37 : 147.56"
"40,38 : 183.52"
"40,39 : 599.27"
"40,40 : 0.0"
"40,41 : 363.47"
"40,42 : 301.5"
"40,43 : 446.41"
"40,44 : 593.18"
"40,45 : 391.37"
"40,46 : 408.31"
"40,47 : 643.19"
"40,48 : 426.52"
"40,49 : 158.69"
"41,0 : 86.98"
"41,1 : 499.61"
"41,2 : 801.03"
"41,3 : 641.07"
"41,4 : 326.39"
"41,5 : 699.21"
"41,6 : 276.39"
"41,7 : 197.85"
"41,8 : 302.72"
"41,9 : 619.66"
"41,10 : 618.62"
"41,11 : 349.89"
"41,12 : 448.17"
"41,13 : 135.15"
"41,14 : 632.37"
"41,15 : 239.28"
"41,16 : 965.56"
"41,17 : 748.58"
"41,18 : 581.87"
"41,19 : 224.72"
"41,20 : 668.97"
"41,21 : 408.88"
"41,22 : 373.81"
"41,23 : 59.14"
"41,24 : 487.28"
"41,25 : 672.8"
"41,26 : 742.02"
"41,27 : 634.87"
"41,28 : 562.52"
"41,29 : 623.28"
"41,30 : 265.53"
"41,31 : 904.9"
"41,32 : 416.71"
"41,33 : 417.28"
"41,34 : 651.51"
"41,35 : 701.19"
"41,36 : 346.54"
"41,37 : 233.05"
"41,38 : 545.8"
"41,39 : 844.57"
"41,40 : 363.47"
"41,41 : 0.0"
"41,42 : 269.7"
"41,43 : 566.05"
"41,44 : 425.79"
"41,45 : 302.35"
"41,46 : 766.11"
"41,47 : 701.0"
"41,48 : 788.29"
"41,49 : 269.07"
"42,0 : 313.25"
"42,1 : 492.22"
"42,2 : 661.22"
"42,3 : 859.56"
"42,4 : 556.0"
"42,5 : 758.13"
"42,6 : 232.01"
"42,7 : 298.29"
"42,8 : 119.54"
"42,9 : 886.12"
"42,10 : 432.07"
"42,11 : 583.02"
"42,12 : 533.07"
"42,13 : 278.22"
"42,14 : 831.71"
"42,15 : 156.63"
"42,16 : 1055.82"
"42,17 : 653.22"
"42,18 : 411.44"
"42,19 : 493.48"
"42,20 : 846.86"
"42,21 : 141.88"
"42,22 : 283.65"
"42,23 : 301.21"
"42,24 : 642.36"
"42,25 : 834.17"
"42,26 : 625.51"
"42,27 : 767.71"
"42,28 : 575.41"
"42,29 : 828.63"
"42,30 : 248.07"
"42,31 : 1000.14"
"42,32 : 297.89"
"42,33 : 214.03"
"42,34 : 544.5"
"42,35 : 883.67"
"42,36 : 566.02"
"42,37 : 283.09"
"42,38 : 434.14"
"42,39 : 895.9"
"42,40 : 301.5"
"42,41 : 269.7"
"42,42 : 0.0"
"42,43 : 692.66"
"42,44 : 675.33"
"42,45 : 509.46"
"42,46 : 615.1"
"42,47 : 868.37"
"42,48 : 687.19"
"42,49 : 339.06"
"43,0 : 479.61"
"43,1 : 315.94"
"43,2 : 678.25"
"43,3 : 331.23"
"43,4 : 332.25"
"43,5 : 207.14"
"43,6 : 827.22"
"43,7 : 763.53"
"43,8 : 609.91"
"43,9 : 620.03"
"43,10 : 681.93"
"43,11 : 336.01"
"43,12 : 170.04"
"43,13 : 450.16"
"43,14 : 252.41"
"43,15 : 768.26"
"43,16 : 403.38"
"43,17 : 552.48"
"43,18 : 633.2"
"43,19 : 518.68"
"43,20 : 205.23"
"43,21 : 809.48"
"43,22 : 481.69"
"43,23 : 610.31"
"43,24 : 98.51"
"43,25 : 163.6"
"43,26 : 594.04"
"43,27 : 75.15"
"43,28 : 268.41"
"43,29 : 269.54"
"43,30 : 822.39"
"43,31 : 341.84"
"43,32 : 515.24"
"43,33 : 640.77"
"43,34 : 532.78"
"43,35 : 242.86"
"43,36 : 299.25"
"43,37 : 409.81"
"43,38 : 511.17"
"43,39 : 328.0"
"43,40 : 446.41"
"43,41 : 566.05"
"43,42 : 692.66"
"43,43 : 0.0"
"43,44 : 401.97"
"43,45 : 298.0"
"43,46 : 682.37"
"43,47 : 201.72"
"43,48 : 586.48"
"43,49 : 353.65"
"44,0 : 362.67"
"44,1 : 590.67"
"44,2 : 979.29"
"44,3 : 250.38"
"44,4 : 134.97"
"44,5 : 607.42"
"44,6 : 690.02"
"44,7 : 574.91"
"44,8 : 658.09"
"44,9 : 250.38"
"44,10 : 888.08"
"44,11 : 108.47"
"44,12 : 431.42"
"44,13 : 405.8"
"44,14 : 283.92"
"44,15 : 663.99"
"44,16 : 760.89"
"44,17 : 876.21"
"44,18 : 840.22"
"44,19 : 231.22"
"44,20 : 358.21"
"44,21 : 816.97"
"44,22 : 624.45"
"44,23 : 431.28"
"44,24 : 307.78"
"44,25 : 395.84"
"44,26 : 899.62"
"44,27 : 429.03"
"44,28 : 595.61"
"44,29 : 263.53"
"44,30 : 673.5"
"44,31 : 701.37"
"44,32 : 673.48"
"44,33 : 747.43"
"44,34 : 817.27"
"44,35 : 373.45"
"44,36 : 147.14"
"44,37 : 461.73"
"44,38 : 747.33"
"44,39 : 727.82"
"44,40 : 593.18"
"44,41 : 425.79"
"44,42 : 675.33"
"44,43 : 401.97"
"44,44 : 0.0"
"44,45 : 202.27"
"44,46 : 965.2"
"44,47 : 404.28"
"44,48 : 915.71"
"44,49 : 434.75"
"45,0 : 218.71"
"45,1 : 399.43"
"45,2 : 783.21"
"45,3 : 350.5"
"45,4 : 68.59"
"45,5 : 478.51"
"45,6 : 578.4"
"45,7 : 490.27"
"45,8 : 472.22"
"45,9 : 451.46"
"45,10 : 685.9"
"45,11 : 93.81"
"45,12 : 256.38"
"45,13 : 231.25"
"45,14 : 331.55"
"45,15 : 534.31"
"45,16 : 699.16"
"45,17 : 686.7"
"45,18 : 637.96"
"45,19 : 222.2"
"45,20 : 367.24"
"45,21 : 647.56"
"45,22 : 423.24"
"45,23 : 333.54"
"45,24 : 203.93"
"45,25 : 375.47"
"45,26 : 705.44"
"45,27 : 355.31"
"45,28 : 418.47"
"45,29 : 324.46"
"45,30 : 567.86"
"45,31 : 637.42"
"45,32 : 471.96"
"45,33 : 552.59"
"45,34 : 620.65"
"45,35 : 398.9"
"45,36 : 60.17"
"45,37 : 265.41"
"45,38 : 546.3"
"45,39 : 616.33"
"45,40 : 391.37"
"45,41 : 302.35"
"45,42 : 509.46"
"45,43 : 298.0"
"45,44 : 202.27"
"45,45 : 0.0"
"45,46 : 766.52"
"45,47 : 401.22"
"45,48 : 726.98"
"45,49 : 233.48"
"46,0 : 733.92"
"46,1 : 382.46"
"46,2 : 53.85"
"46,3 : 1002.78"
"46,4 : 835.02"
"46,5 : 562.92"
"46,6 : 847.1"
"46,7 : 893.68"
"46,8 : 504.48"
"46,9 : 1215.53"
"46,10 : 195.88"
"46,11 : 858.62"
"46,12 : 552.9"
"46,13 : 655.64"
"46,14 : 930.89"
"46,15 : 771.41"
"46,16 : 819.74"
"46,17 : 161.37"
"46,18 : 204.16"
"46,19 : 915.81"
"46,20 : 886.58"
"46,21 : 605.89"
"46,22 : 392.75"
"46,23 : 823.15"
"46,24 : 720.27"
"46,25 : 838.15"
"46,26 : 101.08"
"46,27 : 733.04"
"46,28 : 413.97"
"46,29 : 944.58"
"46,30 : 862.67"
"46,31 : 791.08"
"46,32 : 349.77"
"46,33 : 402.12"
"46,34 : 151.72"
"46,35 : 922.94"
"46,36 : 818.13"
"46,37 : 554.83"
"46,38 : 226.55"
"46,39 : 620.49"
"46,40 : 408.31"
"46,41 : 766.11"
"46,42 : 615.1"
"46,43 : 682.37"
"46,44 : 965.2"
"46,45 : 766.52"
"46,46 : 0.0"
"46,47 : 874.78"
"46,48 : 156.54"
"46,49 : 552.78"
"47,0 : 614.95"
"47,1 : 516.92"
"47,2 : 866.0"
"47,3 : 211.42"
"47,4 : 401.54"
"47,5 : 340.62"
"47,6 : 974.62"
"47,7 : 891.48"
"47,8 : 796.52"
"47,9 : 554.67"
"47,10 : 883.39"
"47,11 : 390.71"
"47,12 : 368.31"
"47,13 : 605.36"
"47,14 : 133.02"
"47,15 : 923.89"
"47,16 : 369.02"
"47,17 : 735.7"
"47,18 : 834.77"
"47,19 : 592.52"
"47,20 : 47.38"
"47,21 : 993.28"
"47,22 : 678.93"
"47,23 : 734.74"
"47,24 : 226.01"
"47,25 : 38.12"
"47,26 : 782.33"
"47,27 : 141.74"
"47,28 : 462.92"
"47,29 : 158.05"
"47,30 : 965.9"
"47,31 : 314.43"
"47,32 : 714.67"
"47,33 : 837.0"
"47,34 : 727.73"
"47,35 : 58.25"
"47,36 : 371.3"
"47,37 : 587.24"
"47,38 : 712.24"
"47,39 : 399.79"
"47,40 : 643.19"
"47,41 : 701.0"
"47,42 : 868.37"
"47,43 : 201.72"
"47,44 : 404.28"
"47,45 : 401.22"
"47,46 : 874.78"
"47,47 : 0.0"
"47,48 : 766.35"
"47,49 : 533.03"
"48,0 : 740.23"
"48,1 : 327.59"
"48,2 : 117.72"
"48,3 : 916.29"
"48,4 : 793.52"
"48,5 : 436.5"
"48,6 : 915.57"
"48,7 : 941.0"
"48,8 : 568.99"
"48,9 : 1162.91"
"48,10 : 317.82"
"48,11 : 814.03"
"48,12 : 486.05"
"48,13 : 663.59"
