x,y
676,428
149,857
357,892
966,421
672,381
456,530
216,855
222,305
622,32
141,623
728,324
531,460
252,60
639,958
357,841
152,976
312,870
332,562
283,774
613,568
725,780
447,613
289,127
917,855
909,829
267,271
769,988
53,631
447,225
72,311
356,618
889,486
712,660
935,563
847,178
846,923
704,344
468,813
130,495
668,715
792,780
907,473
475,368
112,633
438,683
535,807
913,556
922,523
508,923
598,786

Distanze
"0,0 : 0.0"
"0,1 : 679.54"
"0,2 : 563.08"
"0,3 : 290.08"
"0,4 : 47.17"
"0,5 : 242.5"
"0,6 : 627.64"
"0,7 : 470.37"
"0,8 : 399.66"
"0,9 : 569.43"
"0,10 : 116.28"
"0,11 : 148.49"
"0,12 : 561.43"
"0,13 : 531.29"
"0,14 : 521.85"
"0,15 : 758.21"
"0,16 : 572.59"
"0,17 : 369.18"
"0,18 : 523.61"
"0,19 : 153.52"
"0,20 : 355.39"
"0,21 : 294.39"
"0,22 : 490.28"
"0,23 : 490.32"
"0,24 : 463.78"
"0,25 : 438.1"
"0,26 : 567.67"
"0,27 : 655.24"
"0,28 : 306.02"
"0,29 : 615.23"
"0,30 : 372.16"
"0,31 : 220.76"
"0,32 : 234.78"
"0,33 : 292.07"
"0,34 : 302.89"
"0,35 : 523.38"
"0,36 : 88.54"
"0,37 : 437.59"
"0,38 : 550.1"
"0,39 : 287.11"
"0,40 : 370.62"
"0,41 : 235.34"
"0,42 : 209.76"
"0,43 : 600.1"
"0,44 : 348.81"
"0,45 : 404.38"
"0,46 : 269.36"
"0,47 : 263.71"
"0,48 : 522.73"
"0,49 : 366.4"
"1,0 : 679.54"
"1,1 : 0.0"
"1,2 : 210.92"
"1,3 : 926.06"
"1,4 : 707.18"
"1,5 : 448.53"
"1,6 : 67.03"
"1,7 : 556.81"
"1,8 : 950.98"
"1,9 : 234.14"
"1,10 : 786.98"
"1,11 : 550.94"
"1,12 : 803.63"
"1,13 : 500.3"
"1,14 : 208.61"
"1,15 : 119.04"
"1,16 : 163.52"
"1,17 : 347.15"
"1,18 : 157.62"
"1,19 : 546.64"
"1,20 : 581.12"
"1,21 : 385.15"
"1,22 : 743.3"
"1,23 : 768.0"
"1,24 : 760.52"
"1,25 : 597.76"
"1,26 : 633.69"
"1,27 : 245.54"
"1,28 : 698.73"
"1,29 : 551.4"
"1,30 : 316.18"
"1,31 : 827.79"
"1,32 : 596.47"
"1,33 : 839.19"
"1,34 : 973.78"
"1,35 : 700.12"
"1,36 : 755.77"
"1,37 : 322.02"
"1,38 : 362.5"
"1,39 : 538.08"
"1,40 : 647.59"
"1,41 : 849.72"
"1,42 : 587.7"
"1,43 : 227.04"
"1,44 : 337.34"
"1,45 : 389.22"
"1,46 : 821.16"
"1,47 : 842.07"
"1,48 : 365.02"
"1,49 : 454.58"
"2,0 : 563.08"
"2,1 : 210.92"
"2,2 : 0.0"
"2,3 : 769.88"
"2,4 : 600.29"
"2,5 : 375.29"
"2,6 : 145.77"
"2,7 : 602.32"
"2,8 : 899.9"
"2,9 : 344.99"
"2,10 : 678.43"
"2,11 : 465.73"
"2,12 : 838.6"
"2,13 : 289.62"
"2,14 : 51.0"
"2,15 : 221.54"
"2,16 : 50.09"
"2,17 : 330.95"
"2,18 : 139.28"
"2,19 : 412.93"
"2,20 : 384.67"
"2,21 : 293.16"
"2,22 : 768.02"
"2,23 : 561.22"
"2,24 : 555.58"
"2,25 : 627.49"
"2,26 : 423.04"
"2,27 : 400.67"
"2,28 : 673.04"
"2,29 : 647.14"
"2,30 : 274.0"
"2,31 : 669.22"
"2,32 : 424.09"
"2,33 : 665.08"
"2,34 : 865.97"
"2,35 : 489.98"
"2,36 : 648.62"
"2,37 : 136.24"
"2,38 : 457.32"
"2,39 : 357.84"
"2,40 : 449.19"
"2,41 : 691.42"
"2,42 : 537.12"
"2,43 : 356.52"
"2,44 : 224.15"
"2,45 : 197.25"
"2,46 : 649.64"
"2,47 : 674.82"
"2,48 : 154.15"
"2,49 : 263.28"
"3,0 : 290.08"
"3,1 : 926.06"
"3,2 : 769.88"
"3,3 : 0.0"
"3,4 : 296.71"
"3,5 : 521.52"
"3,6 : 866.52"
"3,7 : 752.99"
"3,8 : 519.29"
"3,9 : 849.37"
"3,10 : 257.01"
"3,11 : 436.74"
"3,12 : 800.07"
"3,13 : 628.73"
"3,14 : 739.78"
"3,15 : 985.2"
"3,16 : 793.3"
"3,17 : 649.49"
"3,18 : 768.83"
"3,19 : 382.38"
"3,20 : 432.39"
"3,21 : 553.38"
"3,22 : 738.08"
"3,23 : 436.76"
"3,24 : 411.96"
"3,25 : 714.91"
"3,26 : 600.25"
"3,27 : 936.84"
"3,28 : 554.78"
"3,29 : 900.74"
"3,30 : 641.02"
"3,31 : 100.77"
"3,32 : 348.76"
"3,33 : 145.34"
"3,34 : 270.57"
"3,35 : 516.14"
"3,36 : 273.08"
"3,37 : 633.77"
"3,38 : 839.27"
"3,39 : 418.62"
"3,40 : 398.94"
"3,41 : 78.64"
"3,42 : 493.85"
"3,43 : 879.92"
"3,44 : 589.43"
"3,45 : 578.58"
"3,46 : 145.03"
"3,47 : 111.09"
"3,48 : 679.54"
"3,49 : 518.31"
"4,0 : 47.17"
"4,1 : 707.18"
"4,2 : 600.29"
"4,3 : 296.71"
"4,4 : 0.0"
"4,5 : 262.41"
"4,6 : 657.73"
"4,7 : 456.37"
"4,8 : 352.56"
"4,9 : 583.55"
"4,10 : 79.91"
"4,11 : 161.62"
"4,12 : 528.62"
"4,13 : 577.94"
"4,14 : 557.52"
"4,15 : 790.21"
"4,16 : 607.22"
"4,17 : 385.18"
"4,18 : 552.96"
"4,19 : 196.09"
"4,20 : 402.5"
"4,21 : 323.19"
"4,22 : 459.57"
"4,23 : 533.57"
"4,24 : 506.83"
"4,25 : 419.67"
"4,26 : 614.7"
"4,27 : 667.58"
"4,28 : 273.79"
"4,29 : 604.07"
"4,30 : 395.0"
"4,31 : 241.07"
"4,32 : 281.85"
"4,33 : 319.83"
"4,34 : 268.02"
"4,35 : 569.25"
"4,36 : 48.92"
"4,37 : 477.74"
"4,38 : 553.86"
"4,39 : 334.02"
"4,40 : 416.65"
"4,41 : 252.37"
"4,42 : 197.43"
"4,43 : 614.09"
"4,44 : 382.05"
"4,45 : 447.49"
"4,46 : 297.84"
"4,47 : 287.51"
"4,48 : 566.27"
"4,49 : 411.7"
"5,0 : 242.5"
"5,1 : 448.53"
"5,2 : 375.29"
"5,3 : 521.52"
"5,4 : 262.41"
"5,5 : 0.0"
"5,6 : 404.01"
"5,7 : 324.62"
"5,8 : 524.94"
"5,9 : 328.44"
"5,10 : 341.2"
"5,11 : 102.59"
"5,12 : 512.36"
"5,13 : 465.48"
"5,14 : 326.38"
"5,15 : 539.75"
"5,16 : 369.24"
"5,17 : 128.06"
"5,18 : 299.11"
"5,19 : 161.53"
"5,20 : 367.23"
"5,21 : 83.49"
"5,22 : 436.23"
"5,23 : 564.04"
"5,24 : 542.78"
"5,25 : 320.63"
"5,26 : 554.74"
"5,27 : 415.46"
"5,28 : 305.13"
"5,29 : 442.06"
"5,30 : 133.21"
"5,31 : 435.23"
"5,32 : 287.12"
"5,33 : 480.14"
"5,34 : 526.1"
"5,35 : 553.67"
"5,36 : 310.0"
"5,37 : 283.25"
"5,38 : 327.87"
"5,39 : 281.37"
"5,40 : 418.8"
"5,41 : 454.59"
"5,42 : 163.11"
"5,43 : 359.09"
"5,44 : 154.06"
"5,45 : 288.05"
"5,46 : 457.74"
"5,47 : 466.05"
"5,48 : 396.43"
"5,49 : 292.75"
"6,0 : 627.64"
"6,1 : 67.03"
"6,2 : 145.77"
"6,3 : 866.52"
"6,4 : 657.73"
"6,5 : 404.01"
"6,6 : 0.0"
"6,7 : 550.03"
"6,8 : 917.7"
"6,9 : 243.82"
"6,10 : 737.63"
"6,11 : 505.22"
"6,12 : 795.81"
"6,13 : 435.36"
"6,14 : 141.69"
"6,15 : 136.88"
"6,16 : 97.16"
"6,17 : 315.13"
"6,18 : 105.12"
"6,19 : 489.88"
"6,20 : 514.5"
"6,21 : 334.55"
"6,22 : 731.65"
"6,23 : 701.0"
"6,24 : 693.49"
"6,25 : 586.22"
"6,26 : 568.77"
"6,27 : 277.03"
"6,28 : 671.01"
"6,29 : 562.74"
"6,30 : 275.26"
"6,31 : 767.52"
"6,32 : 532.95"
"6,33 : 776.03"
"6,34 : 925.47"
"6,35 : 633.66"
"6,36 : 706.59"
"6,37 : 255.48"
"6,38 : 370.13"
"6,39 : 473.18"
"6,40 : 580.86"
"6,41 : 789.56"
"6,42 : 551.59"
"6,43 : 245.15"
"6,44 : 280.83"
"6,45 : 322.59"
"6,46 : 758.43"
"6,47 : 780.17"
"6,48 : 299.81"
"6,49 : 388.18"
"7,0 : 470.37"
"7,1 : 556.81"
"7,2 : 602.32"
"7,3 : 752.99"
"7,4 : 456.37"
"7,5 : 324.62"
"7,6 : 550.03"
"7,7 : 0.0"
"7,8 : 484.28"
"7,9 : 328.15"
"7,10 : 506.36"
"7,11 : 345.7"
"7,12 : 246.83"
"7,13 : 774.79"
"7,14 : 552.74"
"7,15 : 674.64"
"7,16 : 572.12"
"7,17 : 279.55"
"7,18 : 472.95"
"7,19 : 471.22"
"7,20 : 691.83"
"7,21 : 381.43"
"7,22 : 190.19"
"7,23 : 886.3"
"7,24 : 864.03"
"7,25 : 56.4"
"7,26 : 875.04"
"7,27 : 367.2"
"7,28 : 238.8"
"7,29 : 150.12"
"7,30 : 340.48"
"7,31 : 691.12"
"7,32 : 605.08"
"7,33 : 758.24"
"7,34 : 637.77"
"7,35 : 878.24"
"7,36 : 483.58"
"7,37 : 564.43"
"7,38 : 211.1"
"7,39 : 605.82"
"7,40 : 741.97"
"7,41 : 705.3"
"7,42 : 260.73"
"7,43 : 345.95"
"7,44 : 435.36"
"7,45 : 591.59"
"7,46 : 735.17"
"7,47 : 733.16"
"7,48 : 680.97"
"7,49 : 610.52"
"8,0 : 399.66"
"8,1 : 950.98"
"8,2 : 899.9"
"8,3 : 519.29"
"8,4 : 352.56"
"8,5 : 524.94"
"8,6 : 917.7"
"8,7 : 484.28"
"8,8 : 0.0"
"8,9 : 762.0"
"8,10 : 310.64"
"8,11 : 437.57"
"8,12 : 371.06"
"8,13 : 926.16"
"8,14 : 851.3"
"8,15 : 1054.53"
"8,16 : 893.5"
"8,17 : 604.15"
"8,18 : 815.77"
"8,19 : 536.08"
"8,20 : 755.06"
"8,21 : 606.78"
"8,22 : 346.29"
"8,23 : 874.27"
"8,24 : 847.1"
"8,25 : 427.96"
"8,26 : 967.24"
"8,27 : 826.17"
"8,28 : 260.53"
"8,29 : 616.72"
"8,30 : 643.55"
"8,31 : 526.69"
"8,32 : 634.42"
"8,33 : 616.38"
"8,34 : 268.22"
"8,35 : 918.73"
"8,36 : 322.6"
"8,37 : 796.04"
"8,38 : 675.6"
"8,39 : 684.55"
"8,40 : 767.07"
"8,41 : 525.08"
"8,42 : 366.75"
"8,43 : 788.23"
"8,44 : 676.5"
"8,45 : 779.87"
"8,46 : 599.38"
"8,47 : 575.4"
"8,48 : 898.26"
"8,49 : 754.38"
"9,0 : 569.43"
"9,1 : 234.14"
"9,2 : 344.99"
"9,3 : 849.37"
"9,4 : 583.55"
"9,5 : 328.44"
"9,6 : 243.82"
"9,7 : 328.15"
"9,8 : 762.0"
"9,9 : 0.0"
"9,10 : 658.76"
"9,11 : 422.69"
"9,12 : 573.84"
"9,13 : 600.19"
"9,14 : 306.89"
"9,15 : 353.17"
"9,16 : 300.42"
"9,17 : 200.5"
"9,18 : 207.28"
"9,19 : 475.19"
"9,20 : 604.74"
"9,21 : 306.16"
"9,22 : 517.61"
"9,23 : 809.94"
"9,24 : 795.15"
"9,25 : 373.87"
"9,26 : 726.37"
"9,27 : 88.36"
"9,28 : 502.04"
"9,29 : 319.54"
"9,30 : 215.06"
"9,31 : 760.44"
"9,32 : 572.2"
"9,33 : 796.26"
"9,34 : 834.54"
"9,35 : 766.18"
"9,36 : 628.34"
"9,37 : 378.19"
"9,38 : 128.47"
"9,39 : 534.97"
"9,40 : 669.66"
"9,41 : 780.55"
"9,42 : 420.22"
"9,43 : 30.68"
"9,44 : 303.0"
"9,45 : 434.85"
"9,46 : 774.9"
"9,47 : 787.38"
"9,48 : 474.01"
"9,49 : 485.2"
"10,0 : 116.28"
"10,1 : 786.98"
"10,2 : 678.43"
"10,3 : 257.01"
"10,4 : 79.91"
"10,5 : 341.2"
"10,6 : 737.63"
"10,7 : 506.36"
"10,8 : 310.64"
"10,9 : 658.76"
"10,10 : 0.0"
"10,11 : 239.38"
"10,12 : 544.31"
"10,13 : 640.22"
"10,14 : 636.34"
"10,15 : 869.99"
"10,16 : 686.42"
"10,17 : 462.02"
"10,18 : 632.87"
"10,19 : 269.74"
"10,20 : 456.01"
"10,21 : 403.09"
"10,22 : 481.18"
"10,23 : 563.63"
"10,24 : 536.46"
"10,25 : 464.04"
"10,26 : 665.26"
"10,27 : 741.53"
"10,28 : 297.93"
"10,29 : 656.13"
"10,30 : 474.15"
"10,31 : 228.4"
"10,32 : 336.38"
"10,33 : 316.18"
"10,34 : 188.35"
"10,35 : 610.51"
"10,36 : 31.24"
"10,37 : 553.82"
"10,38 : 621.97"
"10,39 : 395.58"
"10,40 : 460.47"
"10,41 : 232.9"
"10,42 : 256.8"
"10,43 : 689.16"
"10,44 : 461.5"
"10,45 : 520.13"
"10,46 : 296.73"
"10,47 : 277.92"
"10,48 : 638.12"
"10,49 : 479.94"
"11,0 : 148.49"
"11,1 : 550.94"
"11,2 : 465.73"
"11,3 : 436.74"
"11,4 : 161.62"
"11,5 : 102.59"
"11,6 : 505.22"
"11,7 : 345.7"
"11,8 : 437.57"
"11,9 : 422.69"
"11,10 : 239.38"
"11,11 : 0.0"
"11,12 : 487.69"
"11,13 : 509.58"
"11,14 : 418.85"
"11,15 : 640.23"
"11,16 : 464.82"
"11,17 : 223.62"
"11,18 : 400.12"
"11,19 : 135.6"
"11,20 : 374.21"
"11,21 : 174.54"
"11,22 : 411.65"
"11,23 : 552.29"
"11,24 : 528.25"
"11,25 : 324.68"
"11,26 : 579.16"
"11,27 : 507.67"
"11,28 : 249.56"
"11,29 : 482.58"
"11,30 : 235.77"
"11,31 : 358.94"
"11,32 : 269.74"
"11,33 : 416.92"
"11,34 : 423.53"
"11,35 : 559.99"
"11,36 : 208.29"
"11,37 : 358.58"
"11,38 : 402.52"
"11,39 : 289.47"
"11,40 : 412.94"
"11,41 : 376.22"
"11,42 : 107.7"
"11,43 : 453.31"
"11,44 : 241.62"
"11,45 : 347.02"
"11,46 : 393.88"
"11,47 : 396.04"
"11,48 : 463.57"
"11,49 : 332.81"
"12,0 : 561.43"
"12,1 : 803.63"
"12,2 : 838.6"
"12,3 : 800.07"
"12,4 : 528.62"
"12,5 : 512.36"
"12,6 : 795.81"
"12,7 : 246.83"
"12,8 : 371.06"
"12,9 : 573.84"
"12,10 : 544.31"
"12,11 : 487.69"
"12,12 : 0.0"
"12,13 : 977.84"
"12,14 : 788.03"
"12,15 : 921.44"
"12,16 : 812.22"
"12,17 : 508.33"
"12,18 : 714.67"
"12,19 : 623.21"
"12,20 : 861.47"
"12,21 : 586.37"
"12,22 : 76.54"
"12,23 : 1036.46"
"12,24 : 1011.44"
"12,25 : 211.53"
"12,26 : 1062.3"
"12,27 : 604.68"
"12,28 : 255.44"
"12,29 : 308.87"
"12,30 : 567.61"
"12,31 : 766.32"
"12,32 : 756.04"
"12,33 : 848.23"
"12,34 : 606.59"
"12,35 : 1047.67"
"12,36 : 533.82"
"12,37 : 783.37"
"12,38 : 451.78"
"12,39 : 775.94"
"12,40 : 900.0"
"12,41 : 774.33"
"12,42 : 380.25"
"12,43 : 589.86"
"12,44 : 650.17"
"12,45 : 798.81"
"12,46 : 826.4"
"12,47 : 814.41"
"12,48 : 900.17"
"12,49 : 804.23"
"13,0 : 531.29"
"13,1 : 500.3"
"13,2 : 289.62"
"13,3 : 628.73"
"13,4 : 577.94"
"13,5 : 465.48"
"13,6 : 435.36"
"13,7 : 774.79"
"13,8 : 926.16"
"13,9 : 600.19"
"13,10 : 640.22"
"13,11 : 509.58"
"13,12 : 977.84"
"13,13 : 0.0"
"13,14 : 305.31"
"13,15 : 487.33"
"13,16 : 338.63"
"13,17 : 501.06"
"13,18 : 400.74"
"13,19 : 390.87"
"13,20 : 197.69"
"13,21 : 394.83"
"13,22 : 901.7"
"13,23 : 296.47"
"13,24 : 299.23"
"13,25 : 781.25"
"13,26 : 133.42"
"13,27 : 671.06"
"13,28 : 757.73"
"13,29 : 860.29"
"13,30 : 442.37"
"13,31 : 534.12"
"13,32 : 306.81"
"13,33 : 493.6"
"13,34 : 807.26"
"13,35 : 209.94"
"13,36 : 617.43"
"13,37 : 224.2"
"13,38 : 688.08"
"13,39 : 244.72"
"13,40 : 234.72"
"13,41 : 554.12"
"13,42 : 612.37"
"13,43 : 619.16"
"13,44 : 340.63"
"13,45 : 183.35"
"13,46 : 486.5"
"13,47 : 518.95"
"13,48 : 135.59"
"13,49 : 176.82"
"14,0 : 521.85"
"14,1 : 208.61"
"14,2 : 51.0"
"14,3 : 739.78"
"14,4 : 557.52"
"14,5 : 326.38"
"14,6 : 141.69"
"14,7 : 552.74"
"14,8 : 851.3"
"14,9 : 306.89"
"14,10 : 636.34"
"14,11 : 418.85"
"14,12 : 788.03"
"14,13 : 305.31"
"14,14 : 0.0"
"14,15 : 245.46"
"14,16 : 53.54"
"14,17 : 280.12"
"14,18 : 99.82"
"14,19 : 374.25"
"14,20 : 373.02"
"14,21 : 245.12"
"14,22 : 717.23"
"14,23 : 560.17"
"14,24 : 552.13"
"14,25 : 577.06"
"14,26 : 437.44"
"14,27 : 369.48"
"14,28 : 622.54"
"14,29 : 601.77"
"14,30 : 223.0"
"14,31 : 639.57"
"14,32 : 398.48"
"14,33 : 641.38"
"14,34 : 824.42"
"14,35 : 495.83"
"14,36 : 606.15"
"14,37 : 114.48"
"14,38 : 413.82"
"14,39 : 335.55"
"14,40 : 439.26"
"14,41 : 661.76"
"14,42 : 487.5"
"14,43 : 321.39"
"14,44 : 177.55"
"14,45 : 181.22"
"14,46 : 624.79"
"14,47 : 648.34"
"14,48 : 171.83"
"14,49 : 247.2"
"15,0 : 758.21"
"15,1 : 119.04"
"15,2 : 221.54"
"15,3 : 985.2"
"15,4 : 790.21"
"15,5 : 539.75"
"15,6 : 136.88"
"15,7 : 674.64"
"15,8 : 1054.53"
"15,9 : 353.17"
"15,10 : 869.99"
"15,11 : 640.23"
"15,12 : 921.44"
"15,13 : 487.33"
"15,14 : 245.46"
"15,15 : 0.0"
"15,16 : 191.93"
"15,17 : 451.44"
"15,18 : 240.76"
"15,19 : 615.62"
"15,20 : 605.59"
"15,21 : 467.75"
"15,22 : 859.98"
"15,23 : 774.51"
"15,24 : 771.14"
"15,25 : 714.32"
"15,26 : 617.12"
"15,27 : 358.92"
"15,28 : 806.86"
"15,29 : 669.79"
"15,30 : 412.04"
"15,31 : 885.02"
"15,32 : 643.01"
"15,33 : 885.24"
"15,34 : 1058.22"
"15,35 : 696.02"
"15,36 : 839.12"
"15,37 : 355.56"
"15,38 : 481.5"
"15,39 : 578.25"
"15,40 : 669.34"
"15,41 : 907.21"
"15,42 : 688.47"
"15,43 : 345.32"
"15,44 : 409.44"
"15,45 : 418.63"
"15,46 : 869.21"
"15,47 : 893.37"
"15,48 : 359.92"
"15,49 : 484.78"
"16,0 : 572.59"
"16,1 : 163.52"
"16,2 : 50.09"
"16,3 : 793.3"
"16,4 : 607.22"
"16,5 : 369.24"
"16,6 : 97.16"
"16,7 : 572.12"
"16,8 : 893.5"
"16,9 : 300.42"
"16,10 : 686.42"
"16,11 : 464.82"
"16,12 : 812.22"
"16,13 : 338.63"
"16,14 : 53.54"
"16,15 : 191.93"
"16,16 : 0.0"
"16,17 : 308.65"
"16,18 : 100.28"
"16,19 : 426.39"
"16,20 : 422.69"
"16,21 : 290.3"
"16,22 : 743.36"
"16,23 : 605.19"
"16,24 : 598.41"
"16,25 : 600.69"
"16,26 : 471.99"
"16,27 : 352.42"
"16,28 : 658.98"
"16,29 : 608.34"
"16,30 : 255.81"
"16,31 : 693.1"
"16,32 : 451.77"
"16,33 : 694.53"
"16,34 : 874.69"
"16,35 : 536.62"
"16,36 : 656.0"
"16,37 : 166.09"
"16,38 : 416.83"
"16,39 : 388.28"
"16,40 : 488.36"
"16,41 : 715.29"
"16,42 : 527.8"
"16,43 : 310.11"
"16,44 : 225.49"
"16,45 : 231.73"
"16,46 : 678.08"
"16,47 : 701.79"
"16,48 : 203.04"
"16,49 : 298.08"
"17,0 : 369.18"
"17,1 : 347.15"
"17,2 : 330.95"
"17,3 : 649.49"
"17,4 : 385.18"
"17,5 : 128.06"
"17,6 : 315.13"
"17,7 : 279.55"
"17,8 : 604.15"
"17,9 : 200.5"
"17,10 : 462.02"
"17,11 : 223.62"
"17,12 : 508.33"
"17,13 : 501.06"
"17,14 : 280.12"
"17,15 : 451.44"
"17,16 : 308.65"
"17,17 : 0.0"
"17,18 : 217.59"
"17,19 : 281.06"
"17,20 : 449.41"
"17,21 : 125.8"
"17,22 : 437.12"
"17,23 : 654.27"
"17,24 : 635.78"
"17,25 : 298.17"
"17,26 : 610.28"
"17,27 : 287.41"
"17,28 : 356.08"
"17,29 : 361.39"
"17,30 : 60.93"
"17,31 : 562.16"
"17,32 : 392.43"
"17,33 : 603.0"
"17,34 : 642.4"
"17,35 : 628.11"
"17,36 : 431.17"
"17,37 : 285.48"
"17,38 : 212.82"
"17,39 : 369.2"
"17,40 : 509.04"
"17,41 : 581.85"
"17,42 : 241.01"
"17,43 : 231.17"
"17,44 : 160.86"
"17,45 : 318.17"
"17,46 : 581.03"
"17,47 : 591.29"
"17,48 : 401.62"
"17,49 : 347.75"
"18,0 : 523.61"
"18,1 : 157.62"
"18,2 : 139.28"
"18,3 : 768.83"
"18,4 : 552.96"
"18,5 : 299.11"
"18,6 : 105.12"
"18,7 : 472.95"
"18,8 : 815.77"
"18,9 : 207.28"
"18,10 : 632.87"
"18,11 : 400.12"
"18,12 : 714.67"
"18,13 : 400.74"
"18,14 : 99.82"
"18,15 : 240.76"
"18,16 : 100.28"
"18,17 : 217.59"
"18,18 : 0.0"
"18,19 : 389.02"
"18,20 : 442.04"
"18,21 : 229.82"
"18,22 : 647.03"
"18,23 : 639.15"
"18,24 : 628.41"
"18,25 : 503.25"
"18,26 : 531.03"
"18,27 : 270.83"
"18,28 : 572.97"
"18,29 : 508.81"
"18,30 : 172.24"
"18,31 : 670.95"
"18,32 : 443.89"
"18,33 : 685.29"
"18,34 : 820.56"
"18,35 : 582.38"
"18,36 : 601.78"
"18,37 : 189.07"
"18,38 : 318.2"
"18,39 : 389.49"
"18,40 : 509.04"
"18,41 : 692.8"
"18,42 : 449.11"
"18,43 : 221.63"
"18,44 : 179.74"
"18,45 : 254.15"
"18,46 : 666.65"
"18,47 : 686.53"
"18,48 : 269.86"
"18,49 : 315.23"
"19,0 : 153.52"
"19,1 : 546.64"
"19,2 : 412.93"
"19,3 : 382.38"
"19,4 : 196.09"
"19,5 : 161.53"
"19,6 : 489.88"
"19,7 : 471.22"
"19,8 : 536.08"
"19,9 : 475.19"
"19,10 : 269.74"
"19,11 : 135.6"
"19,12 : 623.21"
"19,13 : 390.87"
"19,14 : 374.25"
"19,15 : 615.62"
"19,16 : 426.39"
"19,17 : 281.06"
"19,18 : 389.02"
"19,19 : 0.0"
"19,20 : 239.77"
"19,21 : 171.99"
"19,22 : 547.23"
"19,23 : 418.07"
"19,24 : 394.64"
"19,25 : 455.99"
"19,26 : 448.04"
"19,27 : 563.53"
"19,28 : 381.06"
"19,29 : 598.94"
"19,30 : 261.82"
"19,31 : 287.92"
"19,32 : 135.15"
"19,33 : 322.04"
"19,34 : 454.81"
"19,35 : 424.63"
"19,36 : 241.78"
"19,37 : 284.69"
"19,38 : 488.49"
"19,39 : 156.95"
"19,40 : 277.46"
"19,41 : 308.97"
"19,42 : 242.99"
"19,43 : 505.2"
"19,44 : 209.4"
"19,45 : 251.41"
"19,46 : 300.24"
"19,47 : 312.26"
"19,48 : 370.2"
"19,49 : 218.52"
"20,0 : 355.39"
"20,1 : 581.12"
"20,2 : 384.67"
"20,3 : 432.39"
"20,4 : 402.5"
"20,5 : 367.23"
"20,6 : 514.5"
"20,7 : 691.83"
"20,8 : 755.06"
"20,9 : 604.74"
"20,10 : 456.01"
"20,11 : 374.21"
"20,12 : 861.47"
"20,13 : 197.69"
"20,14 : 373.02"
"20,15 : 605.59"
"20,16 : 422.69"
"20,17 : 449.41"
"20,18 : 442.04"
"20,19 : 239.77"
"20,20 : 0.0"
"20,21 : 324.3"
"20,22 : 785.18"
"20,23 : 206.13"
"20,24 : 190.41"
"20,25 : 684.72"
"20,26 : 212.6"
"20,27 : 688.32"
"20,28 : 620.73"
"20,29 : 803.97"
"20,30 : 403.0"
"20,31 : 336.65"
"20,32 : 120.7"
"20,33 : 301.98"
"20,34 : 614.24"
"20,35 : 187.32"
"20,36 : 436.51"
"20,37 : 259.11"
"20,38 : 659.73"
"20,39 : 86.45"
"20,40 : 67.0"
"20,41 : 356.89"
"20,42 : 481.92"
"20,43 : 630.38"
"20,44 : 302.95"
"20,45 : 191.91"
"20,46 : 292.44"
"20,47 : 323.82"
"20,48 : 259.88"
"20,49 : 127.14"
"21,0 : 294.39"
"21,1 : 385.15"
"21,2 : 293.16"
"21,3 : 553.38"
"21,4 : 323.19"
"21,5 : 83.49"
"21,6 : 334.55"
"21,7 : 381.43"
"21,8 : 606.78"
"21,9 : 306.16"
"21,10 : 403.09"
"21,11 : 174.54"
"21,12 : 586.37"
"21,13 : 394.83"
"21,14 : 245.12"
"21,15 : 467.75"
"21,16 : 290.3"
"21,17 : 125.8"
"21,18 : 229.82"
"21,19 : 171.99"
"21,20 : 324.3"
"21,21 : 0.0"
"21,22 : 511.04"
"21,23 : 528.64"
"21,24 : 510.0"
"21,25 : 386.48"
"21,26 : 494.28"
"21,27 : 394.41"
"21,28 : 388.0"
"21,29 : 481.49"
"21,30 : 91.14"
"21,31 : 459.88"
"21,32 : 269.14"
"21,33 : 490.55"
"21,34 : 590.95"
"21,35 : 505.27"
"21,36 : 372.03"
"21,37 : 201.1"
"21,38 : 338.25"
"21,39 : 243.4"
"21,40 : 383.29"
"21,41 : 480.83"
"21,42 : 246.59"
"21,43 : 335.6"
"21,44 : 70.58"
"21,45 : 213.03"
"21,46 : 469.47"
"21,47 : 483.45"
"21,48 : 315.94"
"21,49 : 229.63"
"22,0 : 490.28"
"22,1 : 743.3"
"22,2 : 768.02"
"22,3 : 738.08"
"22,4 : 459.57"
"22,5 : 436.23"
"22,6 : 731.65"
"22,7 : 190.19"
"22,8 : 346.29"
"22,9 : 517.61"
"22,10 : 481.18"
"22,11 : 411.65"
"22,12 : 76.54"
"22,13 : 901.7"
"22,14 : 717.23"
"22,15 : 859.98"
"22,16 : 743.36"
"22,17 : 437.12"
"22,18 : 647.03"
"22,19 : 547.23"
"22,20 : 785.18"
"22,21 : 511.04"
"22,22 : 0.0"
"22,23 : 961.44"
"22,24 : 936.59"
"22,25 : 145.67"
"22,26 : 985.76"
"22,27 : 556.52"
"22,28 : 185.92"
"22,29 : 284.51"
"22,30 : 495.55"
"22,31 : 699.2"
"22,32 : 680.45"
"22,33 : 779.37"
"22,34 : 560.33"
"22,35 : 971.53"
"22,36 : 468.31"
"22,37 : 708.97"
"22,38 : 400.88"
"22,39 : 699.56"
"22,40 : 824.27"
"22,41 : 708.27"
"22,42 : 304.43"
"22,43 : 536.06"
"22,44 : 575.62"
"22,45 : 723.13"
"22,46 : 757.24"
"22,47 : 746.66"
"22,48 : 825.58"
"22,49 : 727.85"
"23,0 : 490.32"
"23,1 : 768.0"
"23,2 : 561.22"
"23,3 : 436.76"
"23,4 : 533.57"
"23,5 : 564.04"
"23,6 : 701.0"
"23,7 : 886.3"
"23,8 : 874.27"
"23,9 : 809.94"
"23,10 : 563.63"
"23,11 : 552.29"
"23,12 : 1036.46"
"23,13 : 296.47"
"23,14 : 560.17"
"23,15 : 774.51"
"23,16 : 605.19"
"23,17 : 654.27"
"23,18 : 639.15"
"23,19 : 418.07"
"23,20 : 206.13"
"23,21 : 528.64"
"23,22 : 961.44"
"23,23 : 0.0"
"23,24 : 27.2"
"23,25 : 873.82"
"23,26 : 198.98"
"23,27 : 892.56"
"23,28 : 786.0"
"23,29 : 1004.97"
"23,30 : 609.01"
"23,31 : 370.06"
"23,32 : 282.93"
"23,33 : 292.55"
"23,34 : 680.61"
"23,35 : 98.31"
"23,36 : 553.62"
"23,37 : 450.96"
"23,38 : 865.43"
"23,39 : 285.66"
"23,40 : 145.77"
"23,41 : 382.13"
"23,42 : 657.67"
"23,43 : 835.05"
"23,44 : 508.94"
"23,45 : 385.0"
"23,46 : 299.03"
"23,47 : 332.04"
"23,48 : 414.61"
"23,49 : 326.38"
"24,0 : 463.78"
"24,1 : 760.52"
"24,2 : 555.58"
"24,3 : 411.96"
"24,4 : 506.83"
"24,5 : 542.78"
"24,6 : 693.49"
"24,7 : 864.03"
"24,8 : 847.1"
"24,9 : 795.15"
"24,10 : 536.46"
"24,11 : 528.25"
"24,12 : 1011.44"
"24,13 : 299.23"
"24,14 : 552.13"
"24,15 : 771.14"
"24,16 : 598.41"
"24,17 : 635.78"
"24,18 : 628.41"
"24,19 : 394.64"
"24,20 : 190.41"
"24,21 : 510.0"
"24,22 : 936.59"
"24,23 : 27.2"
"24,24 : 0.0"
"24,25 : 850.6"
"24,26 : 211.85"
"24,27 : 878.6"
"24,28 : 760.43"
"24,29 : 984.32"
"24,30 : 591.89"
"24,31 : 343.58"
"24,32 : 259.56"
"24,33 : 267.27"
"24,34 : 653.95"
"24,35 : 113.16"
"24,36 : 526.55"
"24,37 : 441.29"
"24,38 : 847.58"
"24,39 : 266.6"
"24,40 : 126.85"
"24,41 : 356.01"
"24,42 : 633.15"
"24,43 : 820.75"
"24,44 : 493.11"
"24,45 : 374.65"
"24,46 : 273.03"
"24,47 : 306.28"
"24,48 : 411.87"
"24,49 : 313.96"
"25,0 : 438.1"
"25,1 : 597.76"
"25,2 : 627.49"
"25,3 : 714.91"
"25,4 : 419.67"
"25,5 : 320.63"
"25,6 : 586.22"
"25,7 : 56.4"
"25,8 : 427.96"
"25,9 : 373.87"
"25,10 : 464.04"
"25,11 : 324.68"
"25,12 : 211.53"
"25,13 : 781.25"
"25,14 : 577.06"
"25,15 : 714.32"
"25,16 : 600.69"
"25,17 : 298.17"
"25,18 : 503.25"
"25,19 : 455.99"
"25,20 : 684.72"
"25,21 : 386.48"
"25,22 : 145.67"
"25,23 : 873.82"
"25,24 : 850.6"
"25,25 : 0.0"
"25,26 : 875.27"
"25,27 : 418.8"
"25,28 : 185.78"
"25,29 : 199.06"
"25,30 : 358.23"
"25,31 : 658.11"
"25,32 : 591.05"
"25,33 : 729.03"
"25,34 : 587.41"
"25,35 : 871.98"
"25,36 : 443.06"
"25,37 : 578.07"
"25,38 : 262.57"
"25,39 : 598.28"
"25,40 : 731.24"
"25,41 : 671.12"
"25,42 : 229.51"
"25,43 : 393.79"
"25,44 : 446.08"
"25,45 : 599.27"
"25,46 : 706.07"
"25,47 : 701.8"
"25,48 : 695.12"
"25,49 : 612.2"
"26,0 : 567.67"
"26,1 : 633.69"
"26,2 : 423.04"
"26,3 : 600.25"
"26,4 : 614.7"
"26,5 : 554.74"
"26,6 : 568.77"
"26,7 : 875.04"
"26,8 : 967.24"
"26,9 : 726.37"
"26,10 : 665.26"
"26,11 : 579.16"
"26,12 : 1062.3"
"26,13 : 133.42"
"26,14 : 437.44"
"26,15 : 617.12"
"26,16 : 471.99"
"26,17 : 610.28"
"26,18 : 531.03"
"26,19 : 448.04"
"26,20 : 212.6"
"26,21 : 494.28"
"26,22 : 985.76"
"26,23 : 198.98"
"26,24 : 211.85"
"26,25 : 875.27"
"26,26 : 0.0"
"26,27 : 800.07"
"26,28 : 828.16"
"26,29 : 971.67"
"26,30 : 554.5"
"26,31 : 516.14"
"26,32 : 332.92"
"26,33 : 456.27"
"26,34 : 813.75"
"26,35 : 100.77"
"26,36 : 647.27"
"26,37 : 348.18"
"26,38 : 807.07"
"26,39 : 291.08"
"26,40 : 209.27"
"26,41 : 533.17"
"26,42 : 686.17"
"26,43 : 746.78"
"26,44 : 450.1"
"26,45 : 295.83"
"26,46 : 455.37"
"26,47 : 489.52"
"26,48 : 268.97"
"26,49 : 264.66"
"27,0 : 655.24"
"27,1 : 245.54"
"27,2 : 400.67"
"27,3 : 936.84"
"27,4 : 667.58"
"27,5 : 415.46"
"27,6 : 277.03"
"27,7 : 367.2"
"27,8 : 826.17"
"27,9 : 88.36"
"27,10 : 741.53"
"27,11 : 507.67"
"27,12 : 604.68"
"27,13 : 671.06"
"27,14 : 369.48"
"27,15 : 358.92"
"27,16 : 352.42"
"27,17 : 287.41"
"27,18 : 270.83"
"27,19 : 563.53"
"27,20 : 688.32"
"27,21 : 394.41"
"27,22 : 556.52"
"27,23 : 892.56"
"27,24 : 878.6"
"27,25 : 418.8"
"27,26 : 800.07"
"27,27 : 0.0"
"27,28 : 565.75"
"27,29 : 320.56"
"27,30 : 303.28"
"27,31 : 848.48"
"27,32 : 659.64"
"27,33 : 884.62"
"27,34 : 914.14"
"27,35 : 845.05"
"27,36 : 711.46"
"27,37 : 453.15"
"27,38 : 156.28"
"27,39 : 620.71"
"27,40 : 753.87"
"27,41 : 868.49"
"27,42 : 497.25"
"27,43 : 59.03"
"27,44 : 388.5"
"27,45 : 513.13"
"27,46 : 863.26"
"27,47 : 875.69"
"27,48 : 540.64"
"27,49 : 566.61"
"28,0 : 306.02"
"28,1 : 698.73"
"28,2 : 673.04"
"28,3 : 554.78"
"28,4 : 273.79"
"28,5 : 305.13"
"28,6 : 671.01"
"28,7 : 238.8"
"28,8 : 260.53"
"28,9 : 502.04"
"28,10 : 297.93"
"28,11 : 249.56"
"28,12 : 255.44"
"28,13 : 757.73"
"28,14 : 622.54"
"28,15 : 806.86"
"28,16 : 658.98"
"28,17 : 356.08"
"28,18 : 572.97"
"28,19 : 381.06"
"28,20 : 620.73"
"28,21 : 388.0"
"28,22 : 185.92"
"28,23 : 786.0"
"28,24 : 760.43"
"28,25 : 185.78"
"28,26 : 828.16"
"28,27 : 565.75"
"28,28 : 0.0"
"28,29 : 384.73"
"28,30 : 403.4"
"28,31 : 513.31"
"28,32 : 509.36"
"28,33 : 593.62"
"28,34 : 402.75"
"28,35 : 803.99"
"28,36 : 283.21"
"28,37 : 588.37"
"28,38 : 416.4"
"28,39 : 537.53"
"28,40 : 653.49"
"28,41 : 522.59"
"28,42 : 145.72"
"28,43 : 527.91"
"28,44 : 458.09"
"28,45 : 588.62"
"28,46 : 571.59"
"28,47 : 560.74"
"28,48 : 700.66"
"28,49 : 580.97"
"29,0 : 615.23"
"29,1 : 551.4"
"29,2 : 647.14"
"29,3 : 900.74"
"29,4 : 604.07"
"29,5 : 442.06"
"29,6 : 562.74"
"29,7 : 150.12"
"29,8 : 616.72"
"29,9 : 319.54"
"29,10 : 656.13"
"29,11 : 482.58"
"29,12 : 308.87"
"29,13 : 860.29"
"29,14 : 601.77"
"29,15 : 669.79"
"29,16 : 608.34"
"29,17 : 361.39"
"29,18 : 508.81"
"29,19 : 598.94"
"29,20 : 803.97"
"29,21 : 481.49"
"29,22 : 284.51"
"29,23 : 1004.97"
"29,24 : 984.32"
"29,25 : 199.06"
"29,26 : 971.67"
"29,27 : 320.56"
"29,28 : 384.73"
"29,29 : 0.0"
"29,30 : 418.22"
"29,31 : 835.53"
"29,32 : 728.97"
"29,33 : 899.04"
"29,34 : 786.33"
"29,35 : 986.72"
"29,36 : 632.86"
"29,37 : 639.39"
"29,38 : 192.92"
"29,39 : 720.02"
"29,40 : 859.28"
"29,41 : 850.57"
"29,42 : 407.01"
"29,43 : 324.47"
"29,44 : 521.86"
"29,45 : 678.52"
"29,46 : 875.96"
"29,47 : 876.04"
"29,48 : 751.43"
"29,49 : 708.73"
"30,0 : 372.16"
"30,1 : 316.18"
"30,2 : 274.0"
"30,3 : 641.02"
"30,4 : 395.0"
"30,5 : 133.21"
"30,6 : 275.26"
"30,7 : 340.48"
"30,8 : 643.55"
"30,9 : 215.06"
"30,10 : 474.15"
"30,11 : 235.77"
"30,12 : 567.61"
"30,13 : 442.37"
"30,14 : 223.0"
"30,15 : 412.04"
"30,16 : 255.81"
"30,17 : 60.93"
"30,18 : 172.24"
"30,19 : 261.82"
"30,20 : 403.0"
"30,21 : 91.14"
"30,22 : 495.55"
"30,23 : 609.01"
"30,24 : 591.89"
"30,25 : 358.23"
"30,26 : 554.5"
"30,27 : 303.28"
"30,28 : 403.4"
"30,29 : 418.22"
"30,30 : 0.0"
"30,31 : 549.1"
"30,32 : 358.47"
"30,33 : 581.61"
"30,34 : 659.3"
"30,35 : 577.17"
"30,36 : 442.92"
"30,37 : 224.88"
"30,38 : 257.3"
"30,39 : 326.73"
"30,40 : 465.12"
"30,41 : 569.76"
"30,42 : 276.88"
"30,43 : 244.46"
"30,44 : 104.64"
"30,45 : 260.31"
"30,46 : 560.44"
"30,47 : 573.92"
"30,48 : 340.78"
"30,49 : 294.6"
"31,0 : 220.76"
"31,1 : 827.79"
"31,2 : 669.22"
"31,3 : 100.77"
"31,4 : 241.07"
"31,5 : 435.23"
"31,6 : 767.52"
"31,7 : 691.12"
"31,8 : 526.69"
"31,9 : 760.44"
"31,10 : 228.4"
"31,11 : 358.94"
"31,12 : 766.32"
"31,13 : 534.12"
"31,14 : 639.57"
"31,15 : 885.02"
"31,16 : 693.1"
"31,17 : 562.16"
"31,18 : 670.95"
"31,19 : 287.92"
"31,20 : 336.65"
"31,21 : 459.88"
"31,22 : 699.2"
"31,23 : 370.06"
"31,24 : 343.58"
"31,25 : 658.11"
"31,26 : 516.14"
"31,27 : 848.48"
"31,28 : 513.31"
"31,29 : 835.53"
"31,30 : 549.1"
"31,31 : 0.0"
"31,32 : 248.2"
"31,33 : 89.69"
"31,34 : 310.85"
"31,35 : 439.11"
"31,36 : 233.21"
"31,37 : 533.08"
"31,38 : 759.05"
"31,39 : 318.25"
"31,40 : 309.59"
"31,41 : 22.2"
"31,42 : 430.49"
"31,43 : 790.78"
"31,44 : 492.15"
"31,45 : 477.87"
"31,46 : 74.0"
"31,47 : 49.58"
"31,48 : 579.77"
"31,49 : 417.95"
"32,0 : 234.78"
"32,1 : 596.47"
"32,2 : 424.09"
"32,3 : 348.76"
"32,4 : 281.85"
"32,5 : 287.12"
"32,6 : 532.95"
"32,7 : 605.08"
"32,8 : 634.42"
"32,9 : 572.2"
"32,10 : 336.38"
"32,11 : 269.74"
"32,12 : 756.04"
"32,13 : 306.81"
"32,14 : 398.48"
"32,15 : 643.01"
"32,16 : 451.77"
"32,17 : 392.43"
"32,18 : 443.89"
"32,19 : 135.15"
"32,20 : 120.7"
"32,21 : 269.14"
"32,22 : 680.45"
"32,23 : 282.93"
"32,24 : 259.56"
"32,25 : 591.05"
"32,26 : 332.92"
"32,27 : 659.64"
"32,28 : 509.36"
"32,29 : 728.97"
"32,30 : 358.47"
"32,31 : 248.2"
"32,32 : 0.0"
"32,33 : 243.18"
"32,34 : 500.55"
"32,35 : 295.17"
"32,36 : 316.1"
"32,37 : 288.0"
"32,38 : 604.94"
"32,39 : 70.43"
"32,40 : 144.22"
"32,41 : 270.17"
"32,42 : 376.08"
"32,43 : 600.61"
"32,44 : 274.96"
"32,45 : 230.08"
"32,46 : 226.31"
"32,47 : 250.74"
"32,48 : 332.84"
"32,49 : 169.92"
"33,0 : 292.07"
"33,1 : 839.19"
"33,2 : 665.08"
"33,3 : 145.34"
"33,4 : 319.83"
"33,5 : 480.14"
"33,6 : 776.03"
"33,7 : 758.24"
"33,8 : 616.38"
"33,9 : 796.26"
"33,10 : 316.18"
"33,11 : 416.92"
"33,12 : 848.23"
"33,13 : 493.6"
"33,14 : 641.38"
"33,15 : 885.24"
"33,16 : 694.53"
"33,17 : 603.0"
"33,18 : 685.29"
"33,19 : 322.04"
"33,20 : 301.98"
"33,21 : 490.55"
"33,22 : 779.37"
"33,23 : 292.55"
"33,24 : 267.27"
"33,25 : 729.03"
"33,26 : 456.27"
"33,27 : 884.62"
"33,28 : 593.62"
"33,29 : 899.04"
"33,30 : 581.61"
"33,31 : 89.69"
"33,32 : 243.18"
"33,33 : 0.0"
"33,34 : 394.93"
"33,35 : 370.84"
"33,36 : 318.31"
"33,37 : 529.71"
"33,38 : 807.87"
"33,39 : 307.23"
"33,40 : 259.88"
"33,41 : 94.25"
"33,42 : 499.62"
"33,43 : 825.97"
"33,44 : 511.28"
"33,45 : 468.55"
"33,46 : 23.09"
"33,47 : 42.06"
"33,48 : 558.51"
"33,49 : 404.1"
"34,0 : 302.89"
"34,1 : 973.78"
"34,2 : 865.97"
"34,3 : 270.57"
"34,4 : 268.02"
"34,5 : 526.1"
"34,6 : 925.47"
"34,7 : 637.77"
"34,8 : 268.22"
"34,9 : 834.54"
"34,10 : 188.35"
"34,11 : 423.53"
"34,12 : 606.59"
"34,13 : 807.26"
"34,14 : 824.42"
"34,15 : 1058.22"
"34,16 : 874.69"
"34,17 : 642.4"
"34,18 : 820.56"
"34,19 : 454.81"
"34,20 : 614.24"
"34,21 : 590.95"
"34,22 : 560.33"
"34,23 : 680.61"
"34,24 : 653.95"
"34,25 : 587.41"
"34,26 : 813.75"
"34,27 : 914.14"
"34,28 : 402.75"
"34,29 : 786.33"
"34,30 : 659.3"
"34,31 : 310.85"
"34,32 : 500.55"
"34,33 : 394.93"
"34,34 : 0.0"
"34,35 : 745.0"
"34,36 : 219.1"
"34,37 : 739.5"
"34,38 : 783.95"
"34,39 : 566.05"
"34,40 : 604.51"
"34,41 : 301.04"
"34,42 : 417.71"
"34,43 : 864.44"
"34,44 : 649.85"
"34,45 : 702.13"
"34,46 : 383.72"
"34,47 : 353.06"
"34,48 : 818.5"
"34,49 : 657.01"
"35,0 : 523.38"
"35,1 : 700.12"
"35,2 : 489.98"
"35,3 : 516.14"
"35,4 : 569.25"
"35,5 : 553.67"
"35,6 : 633.66"
"35,7 : 878.24"
"35,8 : 918.73"
"35,9 : 766.18"
"35,10 : 610.51"
"35,11 : 559.99"
"35,12 : 1047.67"
"35,13 : 209.94"
"35,14 : 495.83"
"35,15 : 696.02"
"35,16 : 536.62"
"35,17 : 628.11"
"35,18 : 582.38"
"35,19 : 424.63"
"35,20 : 187.32"
"35,21 : 505.27"
"35,22 : 971.53"
"35,23 : 98.31"
"35,24 : 113.16"
"35,25 : 871.98"
"35,26 : 100.77"
"35,27 : 845.05"
"35,28 : 803.99"
"35,29 : 986.72"
"35,30 : 577.17"
"35,31 : 439.11"
"35,32 : 295.17"
"35,33 : 370.84"
"35,34 : 745.0"
"35,35 : 0.0"
"35,36 : 596.16"
"35,37 : 393.68"
"35,38 : 834.17"
"35,39 : 273.77"
"35,40 : 152.86"
"35,41 : 454.12"
"35,42 : 667.58"
"35,43 : 789.21"
"35,44 : 473.35"
"35,45 : 331.93"
"35,46 : 373.07"
"35,47 : 407.16"
"35,48 : 338.0"
"35,49 : 283.32"
"36,0 : 88.54"
"36,1 : 755.77"
"36,2 : 648.62"
"36,3 : 273.08"
"36,4 : 48.92"
"36,5 : 310.0"
"36,6 : 706.59"
"36,7 : 483.58"
"36,8 : 322.6"
"36,9 : 628.34"
"36,10 : 31.24"
"36,11 : 208.29"
"36,12 : 533.82"
"36,13 : 617.43"
"36,14 : 606.15"
"36,15 : 839.12"
"36,16 : 656.0"
"36,17 : 431.17"
"36,18 : 601.78"
"36,19 : 241.78"
"36,20 : 436.51"
"36,21 : 372.03"
"36,22 : 468.31"
"36,23 : 553.62"
"36,24 : 526.55"
"36,25 : 443.06"
"36,26 : 647.27"
"36,27 : 711.46"
"36,28 : 283.21"
"36,29 : 632.86"
"36,30 : 442.92"
"36,31 : 233.21"
"36,32 : 316.1"
"36,33 : 318.31"
"36,34 : 219.1"
"36,35 : 596.16"
"36,36 : 0.0"
"36,37 : 525.03"
"36,38 : 593.53"
"36,39 : 372.74"
"36,40 : 444.79"
"36,41 : 240.52"
"36,42 : 230.25"
"36,43 : 658.78"
"36,44 : 430.9"
"36,45 : 492.88"
"36,46 : 297.7"
"36,47 : 282.07"
"36,48 : 611.27"
"36,49 : 454.53"
"37,0 : 437.59"
"37,1 : 322.02"
"37,2 : 136.24"
"37,3 : 633.77"
"37,4 : 477.74"
"37,5 : 283.25"
"37,6 : 255.48"
"37,7 : 564.43"
"37,8 : 796.04"
"37,9 : 378.19"
"37,10 : 553.82"
"37,11 : 358.58"
"37,12 : 783.37"
"37,13 : 224.2"
"37,14 : 114.48"
"37,15 : 355.56"
"37,16 : 166.09"
"37,17 : 285.48"
"37,18 : 189.07"
"37,19 : 284.69"
"37,20 : 259.11"
"37,21 : 201.1"
"37,22 : 708.97"
"37,23 : 450.96"
"37,24 : 441.29"
"37,25 : 578.07"
"37,26 : 348.18"
"37,27 : 453.15"
"37,28 : 588.37"
"37,29 : 639.39"
"37,30 : 224.88"
"37,31 : 533.08"
"37,32 : 288.0"
"37,33 : 529.71"
"37,34 : 739.5"
"37,35 : 393.68"
"37,36 : 525.03"
"37,37 : 0.0"
"37,38 : 464.08"
"37,39 : 222.72"
"37,40 : 325.68"
"37,41 : 555.27"
"37,42 : 445.06"
"37,43 : 398.92"
"37,44 : 133.42"
"37,45 : 67.27"
"37,46 : 513.88"
"37,47 : 538.72"
"37,48 : 117.05"
"37,49 : 132.77"
"38,0 : 550.1"
"38,1 : 362.5"
"38,2 : 457.32"
"38,3 : 839.27"
"38,4 : 553.86"
"38,5 : 327.87"
"38,6 : 370.13"
"38,7 : 211.1"
"38,8 : 675.6"
"38,9 : 128.47"
"38,10 : 621.97"
"38,11 : 402.52"
"38,12 : 451.78"
"38,13 : 688.08"
"38,14 : 413.82"
"38,15 : 481.5"
"38,16 : 416.83"
"38,17 : 212.82"
"38,18 : 318.2"
"38,19 : 488.49"
"38,20 : 659.73"
"38,21 : 338.25"
"38,22 : 400.88"
"38,23 : 865.43"
"38,24 : 847.58"
"38,25 : 262.57"
"38,26 : 807.07"
"38,27 : 156.28"
"38,28 : 416.4"
"38,29 : 192.92"
"38,30 : 257.3"
"38,31 : 759.05"
"38,32 : 604.94"
"38,33 : 807.87"
"38,34 : 783.95"
"38,35 : 834.17"
"38,36 : 593.53"
"38,37 : 464.08"
"38,38 : 0.0"
"38,39 : 581.24"
"38,40 : 720.74"
"38,41 : 777.31"
"38,42 : 367.63"
"38,43 : 139.17"
"38,44 : 360.84"
"38,45 : 511.24"
"38,46 : 785.37"
"38,47 : 792.49"
"38,48 : 571.02"
"38,49 : 551.09"
"39,0 : 287.11"
"39,1 : 538.08"
"39,2 : 357.84"
"39,3 : 418.62"
"39,4 : 334.02"
"39,5 : 281.37"
"39,6 : 473.18"
"39,7 : 605.82"
"39,8 : 684.55"
"39,9 : 534.97"
"39,10 : 395.58"
"39,11 : 289.47"
"39,12 : 775.94"
"39,13 : 244.72"
"39,14 : 335.55"
"39,15 : 578.25"
"39,16 : 388.28"
"39,17 : 369.2"
"39,18 : 389.49"
"39,19 : 156.95"
"39,20 : 86.45"
"39,21 : 243.4"
"39,22 : 699.56"
"39,23 : 285.66"
"39,24 : 266.6"
"39,25 : 598.28"
"39,26 : 291.08"
"39,27 : 620.71"
"39,28 : 537.53"
"39,29 : 720.02"
"39,30 : 326.73"
"39,31 : 318.25"
"39,32 : 70.43"
"39,33 : 307.23"
"39,34 : 566.05"
"39,35 : 273.77"
"39,36 : 372.74"
"39,37 : 222.72"
"39,38 : 581.24"
"39,39 : 0.0"
"39,40 : 140.0"
"39,41 : 340.12"
"39,42 : 397.06"
"39,43 : 562.01"
"39,44 : 232.22"
"39,45 : 161.72"
"39,46 : 292.07"
"39,47 : 318.4"
"39,48 : 262.42"
"39,49 : 99.7"
"40,0 : 370.62"
"40,1 : 647.59"
"40,2 : 449.19"
"40,3 : 398.94"
"40,4 : 416.65"
"40,5 : 418.8"
"40,6 : 580.86"
"40,7 : 741.97"
"40,8 : 767.07"
"40,9 : 669.66"
"40,10 : 460.47"
"40,11 : 412.94"
"40,12 : 900.0"
"40,13 : 234.72"
"40,14 : 439.26"
"40,15 : 669.34"
"40,16 : 488.36"
"40,17 : 509.04"
"40,18 : 509.04"
"40,19 : 277.46"
"40,20 : 67.0"
"40,21 : 383.29"
"40,22 : 824.27"
"40,23 : 145.77"
"40,24 : 126.85"
"40,25 : 731.24"
"40,26 : 209.27"
"40,27 : 753.87"
"40,28 : 653.49"
"40,29 : 859.28"
"40,30 : 465.12"
"40,31 : 309.59"
"40,32 : 144.22"
"40,33 : 259.88"
"40,34 : 604.51"
"40,35 : 152.86"
"40,36 : 444.79"
"40,37 : 325.68"
"40,38 : 720.74"
"40,39 : 140.0"
"40,40 : 0.0"
"40,41 : 327.83"
"40,42 : 519.84"
"40,43 : 695.71"
"40,44 : 367.05"
"40,45 : 258.41"
"40,46 : 254.59"
"40,47 : 288.01"
"40,48 : 317.97"
"40,49 : 194.09"
"41,0 : 235.34"
"41,1 : 849.72"
"41,2 : 691.42"
"41,3 : 78.64"
"41,4 : 252.37"
"41,5 : 454.59"
"41,6 : 789.56"
"41,7 : 705.3"
"41,8 : 525.08"
"41,9 : 780.55"
"41,10 : 232.9"
"41,11 : 376.22"
"41,12 : 774.33"
"41,13 : 554.12"
"41,14 : 661.76"
"41,15 : 907.21"
"41,16 : 715.29"
"41,17 : 581.85"
"41,18 : 692.8"
"41,19 : 308.97"
"41,20 : 356.89"
"41,21 : 480.83"
"41,22 : 708.27"
"41,23 : 382.13"
"41,24 : 356.01"
"41,25 : 671.12"
"41,26 : 533.17"
"41,27 : 868.49"
"41,28 : 522.59"
"41,29 : 850.57"
"41,30 : 569.76"
"41,31 : 22.2"
"41,32 : 270.17"
"41,33 : 94.25"
"41,34 : 301.04"
"41,35 : 454.12"
"41,36 : 240.52"
"41,37 : 555.27"
"41,38 : 777.31"
"41,39 : 340.12"
"41,40 : 327.83"
"41,41 : 0.0"
"41,42 : 444.58"
"41,43 : 810.94"
"41,44 : 513.87"
"41,45 : 499.94"
"41,46 : 83.22"
"41,47 : 52.2"
"41,48 : 601.42"
"41,49 : 439.83"
"42,0 : 209.76"
"42,1 : 587.7"
"42,2 : 537.12"
"42,3 : 493.85"
"42,4 : 197.43"
"42,5 : 163.11"
"42,6 : 551.59"
"42,7 : 260.73"
"42,8 : 366.75"
"42,9 : 420.22"
"42,10 : 256.8"
"42,11 : 107.7"
"42,12 : 380.25"
"42,13 : 612.37"
"42,14 : 487.5"
"42,15 : 688.47"
"42,16 : 527.8"
"42,17 : 241.01"
"42,18 : 449.11"
"42,19 : 242.99"
"42,20 : 481.92"
"42,21 : 246.59"
"42,22 : 304.43"
"42,23 : 657.67"
"42,24 : 633.15"
"42,25 : 229.51"
"42,26 : 686.17"
"42,27 : 497.25"
"42,28 : 145.72"
"42,29 : 407.01"
"42,30 : 276.88"
"42,31 : 430.49"
"42,32 : 376.08"
"42,33 : 499.62"
"42,34 : 417.71"
"42,35 : 667.58"
"42,36 : 230.25"
"42,37 : 445.06"
"42,38 : 367.63"
"42,39 : 397.06"
"42,40 : 519.84"
"42,41 : 444.58"
"42,42 : 0.0"
"42,43 : 449.44"
"42,44 : 317.17"
"42,45 : 443.08"
"42,46 : 476.64"
"42,47 : 473.11"
"42,48 : 555.98"
"42,49 : 435.72"
"43,0 : 600.1"
"43,1 : 227.04"
"43,2 : 356.52"
"43,3 : 879.92"
"43,4 : 614.09"
"43,5 : 359.09"
"43,6 : 245.15"
"43,7 : 345.95"
"43,8 : 788.23"
"43,9 : 30.68"
"43,10 : 689.16"
"43,11 : 453.31"
"43,12 : 589.86"
"43,13 : 619.16"
"43,14 : 321.39"
"43,15 : 345.32"
"43,16 : 310.11"
"43,17 : 231.17"
"43,18 : 221.63"
"43,19 : 505.2"
"43,20 : 630.38"
"43,21 : 335.6"
"43,22 : 536.06"
"43,23 : 835.05"
"43,24 : 820.75"
"43,25 : 393.79"
"43,26 : 746.78"
"43,27 : 59.03"
"43,28 : 527.91"
"43,29 : 324.47"
"43,30 : 244.46"
"43,31 : 790.78"
"43,32 : 600.61"
"43,33 : 825.97"
"43,34 : 864.44"
"43,35 : 789.21"
"43,36 : 658.78"
"43,37 : 398.92"
"43,38 : 139.17"
"43,39 : 562.01"
"43,40 : 695.71"
"43,41 : 810.94"
"43,42 : 449.44"
"43,43 : 0.0"
"43,44 : 329.81"
"43,45 : 457.39"
"43,46 : 804.69"
"43,47 : 817.44"
"43,48 : 490.83"
"43,49 : 509.51"
"44,0 : 348.81"
"44,1 : 337.34"
"44,2 : 224.15"
"44,3 : 589.43"
"44,4 : 382.05"
"44,5 : 154.06"
"44,6 : 280.83"
"44,7 : 435.36"
"44,8 : 676.5"
"44,9 : 303.0"
"44,10 : 461.5"
"44,11 : 241.62"
"44,12 : 650.17"
"44,13 : 340.63"
"44,14 : 177.55"
"44,15 : 409.44"
"44,16 : 225.49"
"44,17 : 160.86"
"44,18 : 179.74"
"44,19 : 209.4"
"44,20 : 302.95"
"44,21 : 70.58"
"44,22 : 575.62"
"44,23 : 508.94"
"44,24 : 493.11"
"44,25 : 446.08"
"44,26 : 450.1"
"44,27 : 388.5"
"44,28 : 458.09"
"44,29 : 521.86"
"44,30 : 104.64"
"44,31 : 492.15"
"44,32 : 274.96"
"44,33 : 511.28"
"44,34 : 649.85"
"44,35 : 473.35"
"44,36 : 430.9"
"44,37 : 133.42"
"44,38 : 360.84"
"44,39 : 232.22"
"44,40 : 367.05"
"44,41 : 513.87"
"44,42 : 317.17"
"44,43 : 329.81"
"44,44 : 0.0"
"44,45 : 157.43"
"44,46 : 491.68"
"44,47 : 509.76"
"44,48 : 250.0"
"44,49 : 190.29"
"45,0 : 404.38"
"45,1 : 389.22"
"45,2 : 197.25"
"45,3 : 578.58"
"45,4 : 447.49"
"45,5 : 288.05"
"45,6 : 322.59"
"45,7 : 591.59"
"45,8 : 779.87"
"45,9 : 434.85"
"45,10 : 520.13"
"45,11 : 347.02"
"45,12 : 798.81"
"45,13 : 183.35"
"45,14 : 181.22"
"45,15 : 418.63"
"45,16 : 231.73"
"45,17 : 318.17"
"45,18 : 254.15"
"45,19 : 251.41"
"45,20 : 191.91"
"45,21 : 213.03"
"45,22 : 723.13"
"45,23 : 385.0"
"45,24 : 374.65"
"45,25 : 599.27"
"45,26 : 295.83"
"45,27 : 513.13"
"45,28 : 588.62"
"45,29 : 678.52"
"45,30 : 260.31"
"45,31 : 477.87"
"45,32 : 230.08"
"45,33 : 468.55"
"45,34 : 702.13"
"45,35 : 331.93"
"45,36 : 492.88"
"45,37 : 67.27"
"45,38 : 511.24"
"45,39 : 161.72"
"45,40 : 258.41"
"45,41 : 499.94"
"45,42 : 443.08"
"45,43 : 457.39"
"45,44 : 157.43"
"45,45 : 0.0"
"45,46 : 453.75"
"45,47 : 480.03"
"45,48 : 119.1"
"45,49 : 66.41"
"46,0 : 269.36"
"46,1 : 821.16"
"46,2 : 649.64"
"46,3 : 145.03"
"46,4 : 297.84"
"46,5 : 457.74"
"46,6 : 758.43"
"46,7 : 735.17"
"46,8 : 599.38"
"46,9 : 774.9"
"46,10 : 296.73"
"46,11 : 393.88"
"46,12 : 826.4"
"46,13 : 486.5"
"46,14 : 624.79"
"46,15 : 869.21"
"46,16 : 678.08"
"46,17 : 581.03"
"46,18 : 666.65"
"46,19 : 300.24"
"46,20 : 292.44"
"46,21 : 469.47"
"46,22 : 757.24"
"46,23 : 299.03"
"46,24 : 273.03"
"46,25 : 706.07"
"46,26 : 455.37"
"46,27 : 863.26"
"46,28 : 571.59"
"46,29 : 875.96"
"46,30 : 560.44"
"46,31 : 74.0"
"46,32 : 226.31"
"46,33 : 23.09"
"46,34 : 383.72"
"46,35 : 373.07"
"46,36 : 297.7"
"46,37 : 513.88"
"46,38 : 785.37"
"46,39 : 292.07"
"46,40 : 254.59"
"46,41 : 83.22"
"46,42 : 476.64"
"46,43 : 804.69"
"46,44 : 491.68"
"46,45 : 453.75"
"46,46 : 0.0"
"46,47 : 34.21"
"46,48 : 546.55"
"46,49 : 390.03"
"47,0 : 263.71"
"47,1 : 842.07"
"47,2 : 674.82"
"47,3 : 111.09"
"47,4 : 287.51"
"47,5 : 466.05"
"47,6 : 780.17"
"47,7 : 733.16"
"47,8 : 575.4"
"47,9 : 787.38"
"47,10 : 277.92"
"47,11 : 396.04"
"47,12 : 814.41"
"47,13 : 518.95"
"47,14 : 648.34"
"47,15 : 893.37"
"47,16 : 701.79"
"47,17 : 591.29"
"47,18 : 686.53"
"47,19 : 312.26"
"47,20 : 323.82"
"47,21 : 483.45"
"47,22 : 746.66"
"47,23 : 332.04"
"47,24 : 306.28"
"47,25 : 701.8"
"47,26 : 489.52"
"47,27 : 875.69"
"47,28 : 560.74"
"47,29 : 876.04"
"47,30 : 573.92"
"47,31 : 49.58"
"47,32 : 250.74"
"47,33 : 42.06"
"47,34 : 353.06"
"47,35 : 407.16"
"47,36 : 282.07"
"47,37 : 538.72"
"47,38 : 792.49"
"47,39 : 318.4"
"47,40 : 288.01"
"47,41 : 52.2"
"47,42 : 473.11"
"47,43 : 817.44"
"47,44 : 509.76"
"47,45 : 480.03"
"47,46 : 34.21"
"47,47 : 0.0"
"47,48 : 575.67"
"47,49 : 417.31"
"48,0 : 522.73"
"48,1 : 365.02"
"48,2 : 154.15"
"48,3 : 679.54"
"48,4 : 566.27"
"48,5 : 396.43"
"48,6 : 299.81"
"48,7 : 680.97"
"48,8 : 898.26"
"48,9 : 474.01"
"48,10 : 638.12"
"48,11 : 463.57"
"48,12 : 900.17"
