x,y
793,939
109,653
473,976
543,46
980,117
120,666
843,326
419,810
711,704
554,989
582,948
577,338
603,211
890,8
95,532
490,79
134,782
580,157
353,7
351,924
785,91
66,530
420,272
442,183
420,838
979,557
208,729
29,673
725,827
312,178
173,132
557,206
47,156
165,554
519,893
652,990
276,360
756,138
640,95
904,68
830,543
870,495
199,868
495,634
174,724
757,508
709,291
39,816
311,512
470,53

Distanze
"0,0 : 0.0"
"0,1 : 741.39"
"0,2 : 322.13"
"0,3 : 927.33"
"0,4 : 843.0"
"0,5 : 726.26"
"0,6 : 615.04"
"0,7 : 395.62"
"0,8 : 248.9"
"0,9 : 244.17"
"0,10 : 211.19"
"0,11 : 638.64"
"0,12 : 752.39"
"0,13 : 936.04"
"0,14 : 807.99"
"0,15 : 911.82"
"0,16 : 677.44"
"0,17 : 810.49"
"0,18 : 1030.64"
"0,19 : 442.25"
"0,20 : 848.04"
"0,21 : 834.15"
"0,22 : 764.21"
"0,23 : 833.51"
"0,24 : 386.43"
"0,25 : 424.88"
"0,26 : 621.55"
"0,27 : 808.98"
"0,28 : 131.03"
"0,29 : 900.27"
"0,30 : 1017.67"
"0,31 : 770.06"
"0,32 : 1081.48"
"0,33 : 736.62"
"0,34 : 277.83"
"0,35 : 149.94"
"0,36 : 776.23"
"0,37 : 801.85"
"0,38 : 857.76"
"0,39 : 878.04"
"0,40 : 397.72"
"0,41 : 450.63"
"0,42 : 598.23"
"0,43 : 426.41"
"0,44 : 655.28"
"0,45 : 432.5"
"0,46 : 653.42"
"0,47 : 763.97"
"0,48 : 643.94"
"0,49 : 943.04"
"1,0 : 741.39"
"1,1 : 0.0"
"1,2 : 486.65"
"1,3 : 746.19"
"1,4 : 1022.71"
"1,5 : 17.03"
"1,6 : 803.55"
"1,7 : 347.49"
"1,8 : 604.16"
"1,9 : 557.6"
"1,10 : 557.45"
"1,11 : 564.14"
"1,12 : 662.87"
"1,13 : 1012.91"
"1,14 : 121.81"
"1,15 : 688.94"
"1,16 : 131.4"
"1,17 : 684.0"
"1,18 : 690.54"
"1,19 : 363.32"
"1,20 : 879.1"
"1,21 : 130.3"
"1,22 : 491.82"
"1,23 : 576.01"
"1,24 : 361.86"
"1,25 : 875.28"
"1,26 : 124.81"
"1,27 : 82.46"
"1,28 : 640.1"
"1,29 : 516.56"
"1,30 : 524.92"
"1,31 : 632.86"
"1,32 : 500.85"
"1,33 : 113.74"
"1,34 : 475.08"
"1,35 : 639.08"
"1,36 : 337.25"
"1,37 : 826.94"
"1,38 : 770.28"
"1,39 : 987.04"
"1,40 : 729.34"
"1,41 : 777.23"
"1,42 : 233.08"
"1,43 : 386.47"
"1,44 : 96.26"
"1,45 : 664.02"
"1,46 : 700.75"
"1,47 : 177.4"
"1,48 : 246.34"
"1,49 : 700.23"
"2,0 : 322.13"
"2,1 : 486.65"
"2,2 : 0.0"
"2,3 : 932.63"
"2,4 : 997.46"
"2,5 : 469.8"
"2,6 : 747.93"
"2,7 : 174.56"
"2,8 : 361.42"
"2,9 : 82.04"
"2,10 : 112.54"
"2,11 : 646.42"
"2,12 : 775.97"
"2,13 : 1054.0"
"2,14 : 583.11"
"2,15 : 897.16"
"2,16 : 390.59"
"2,17 : 825.96"
"2,18 : 976.4"
"2,19 : 132.62"
"2,20 : 938.39"
"2,21 : 603.79"
"2,22 : 705.99"
"2,23 : 793.61"
"2,24 : 147.83"
"2,25 : 656.96"
"2,26 : 362.26"
"2,27 : 537.54"
"2,28 : 292.75"
"2,29 : 814.08"
"2,30 : 895.73"
"2,31 : 774.57"
"2,32 : 924.05"
"2,33 : 522.44"
"2,34 : 94.89"
"2,35 : 179.55"
"2,36 : 646.73"
"2,37 : 884.5"
"2,38 : 896.69"
"2,39 : 1005.1"
"2,40 : 561.19"
"2,41 : 623.67"
"2,42 : 294.52"
"2,43 : 342.71"
"2,44 : 391.03"
"2,45 : 547.43"
"2,46 : 724.51"
"2,47 : 462.55"
"2,48 : 491.47"
"2,49 : 923.0"
"3,0 : 927.33"
"3,1 : 746.19"
"3,2 : 932.63"
"3,3 : 0.0"
"3,4 : 442.73"
"3,5 : 750.55"
"3,6 : 410.37"
"3,7 : 774.0"
"3,8 : 679.11"
"3,9 : 943.06"
"3,10 : 902.84"
"3,11 : 293.97"
"3,12 : 175.57"
"3,13 : 349.07"
"3,14 : 660.98"
"3,15 : 62.43"
"3,16 : 842.01"
"3,17 : 117.0"
"3,18 : 193.96"
"3,19 : 898.75"
"3,20 : 246.15"
"3,21 : 679.55"
"3,22 : 257.3"
"3,23 : 170.21"
"3,24 : 801.49"
"3,25 : 671.73"
"3,26 : 760.73"
"3,27 : 810.76"
"3,28 : 801.93"
"3,29 : 266.05"
"3,30 : 379.86"
"3,31 : 160.61"
"3,32 : 508.05"
"3,33 : 633.2"
"3,34 : 847.34"
"3,35 : 950.27"
"3,36 : 412.17"
"3,37 : 232.02"
"3,38 : 108.67"
"3,39 : 361.67"
"3,40 : 573.91"
"3,41 : 555.45"
"3,42 : 891.08"
"3,43 : 589.96"
"3,44 : 771.91"
"3,45 : 509.16"
"3,46 : 295.94"
"3,47 : 920.28"
"3,48 : 520.56"
"3,49 : 73.33"
"4,0 : 843.0"
"4,1 : 1022.71"
"4,2 : 997.46"
"4,3 : 442.73"
"4,4 : 0.0"
"4,5 : 1020.29"
"4,6 : 249.9"
"4,7 : 891.61"
"4,8 : 645.7"
"4,9 : 970.49"
"4,10 : 921.39"
"4,11 : 459.62"
"4,12 : 388.54"
"4,13 : 141.35"
"4,14 : 977.47"
"4,15 : 491.47"
"4,16 : 1076.08"
"4,17 : 402.0"
"4,18 : 636.58"
"4,19 : 1023.18"
"4,20 : 196.73"
"4,21 : 1002.98"
"4,22 : 581.06"
"4,23 : 542.03"
"4,24 : 912.93"
"4,25 : 440.0"
"4,26 : 985.15"
"4,27 : 1101.61"
"4,28 : 754.4"
"4,29 : 670.78"
"4,30 : 807.14"
"4,31 : 432.26"
"4,32 : 933.81"
"4,33 : 924.77"
"4,34 : 902.61"
"4,35 : 932.58"
"4,36 : 744.76"
"4,37 : 224.98"
"4,38 : 340.71"
"4,39 : 90.43"
"4,40 : 451.64"
"4,41 : 393.68"
"4,42 : 1083.5"
"4,43 : 708.88"
"4,44 : 1009.0"
"4,45 : 450.12"
"4,46 : 322.05"
"4,47 : 1172.21"
"4,48 : 776.91"
"4,49 : 514.0"
"5,0 : 726.26"
"5,1 : 17.03"
"5,2 : 469.8"
"5,3 : 750.55"
"5,4 : 1020.29"
"5,5 : 0.0"
"5,6 : 798.95"
"5,7 : 331.87"
"5,8 : 592.22"
"5,9 : 541.0"
"5,10 : 541.27"
"5,11 : 562.52"
"5,12 : 663.56"
"5,13 : 1012.85"
"5,14 : 136.31"
"5,15 : 693.88"
"5,16 : 116.84"
"5,17 : 686.06"
"5,18 : 698.98"
"5,19 : 346.3"
"5,20 : 879.12"
"5,21 : 146.33"
"5,22 : 495.21"
"5,23 : 580.49"
"5,24 : 345.81"
"5,25 : 865.89"
"5,26 : 108.23"
"5,27 : 91.27"
"5,28 : 626.06"
"5,29 : 524.41"
"5,30 : 536.62"
"5,31 : 634.48"
"5,32 : 515.2"
"5,33 : 120.7"
"5,34 : 459.05"
"5,35 : 622.9"
"5,36 : 343.47"
"5,37 : 826.61"
"5,38 : 772.3"
"5,39 : 986.03"
"5,40 : 720.58"
"5,41 : 769.25"
"5,42 : 216.9"
"5,43 : 376.36"
"5,44 : 79.25"
"5,45 : 656.3"
"5,46 : 698.24"
"5,47 : 170.47"
"5,48 : 245.35"
"5,49 : 705.88"
"6,0 : 615.04"
"6,1 : 803.55"
"6,2 : 747.93"
"6,3 : 410.37"
"6,4 : 249.9"
"6,5 : 798.95"
"6,6 : 0.0"
"6,7 : 643.45"
"6,8 : 400.38"
"6,9 : 723.25"
"6,10 : 674.54"
"6,11 : 266.27"
"6,12 : 266.13"
"6,13 : 321.45"
"6,14 : 775.85"
"6,15 : 430.83"
"6,16 : 842.98"
"6,17 : 312.62"
"6,18 : 584.69"
"6,19 : 774.38"
"6,20 : 242.05"
"6,21 : 803.33"
"6,22 : 426.43"
"6,23 : 425.73"
"6,24 : 664.13"
"6,25 : 268.06"
"6,26 : 752.09"
"6,27 : 884.88"
"6,28 : 514.71"
"6,29 : 551.24"
"6,30 : 697.52"
"6,31 : 310.15"
"6,32 : 813.95"
"6,33 : 715.31"
"6,34 : 653.04"
"6,35 : 690.92"
"6,36 : 568.02"
"6,37 : 207.15"
"6,38 : 307.52"
"6,39 : 265.11"
"6,40 : 217.39"
"6,41 : 171.14"
"6,42 : 841.72"
"6,43 : 464.72"
"6,44 : 778.44"
"6,45 : 201.3"
"6,46 : 138.5"
"6,47 : 941.55"
"6,48 : 563.58"
"6,49 : 462.23"
"7,0 : 395.62"
"7,1 : 347.49"
"7,2 : 174.56"
"7,3 : 774.0"
"7,4 : 891.61"
"7,5 : 331.87"
"7,6 : 643.45"
"7,7 : 0.0"
"7,8 : 310.64"
"7,9 : 224.2"
"7,10 : 213.57"
"7,11 : 497.74"
"7,12 : 626.62"
"7,13 : 930.08"
"7,14 : 426.92"
"7,15 : 734.44"
"7,16 : 286.37"
"7,17 : 672.55"
"7,18 : 805.71"
"7,19 : 132.74"
"7,20 : 806.79"
"7,21 : 450.57"
"7,22 : 538.0"
"7,23 : 627.42"
"7,24 : 28.02"
"7,25 : 614.5"
"7,26 : 226.01"
"7,27 : 413.36"
"7,28 : 306.47"
"7,29 : 640.99"
"7,30 : 721.25"
"7,31 : 619.56"
"7,32 : 752.4"
"7,33 : 360.63"
"7,34 : 129.96"
"7,35 : 294.43"
"7,36 : 472.17"
"7,37 : 751.77"
"7,38 : 748.38"
"7,39 : 886.45"
"7,40 : 490.11"
"7,41 : 550.11"
"7,42 : 227.52"
"7,43 : 191.71"
"7,44 : 259.66"
"7,45 : 453.26"
"7,46 : 594.53"
"7,47 : 380.05"
"7,48 : 316.97"
"7,49 : 758.72"
"8,0 : 248.9"
"8,1 : 604.16"
"8,2 : 361.42"
"8,3 : 679.11"
"8,4 : 645.7"
"8,5 : 592.22"
"8,6 : 400.38"
"8,7 : 310.64"
"8,8 : 0.0"
"8,9 : 325.38"
"8,10 : 276.0"
"8,11 : 389.76"
"8,12 : 504.69"
"8,13 : 718.65"
"8,14 : 639.56"
"8,15 : 662.92"
"8,16 : 582.25"
"8,17 : 562.47"
"8,18 : 783.56"
"8,19 : 421.9"
"8,20 : 617.45"
"8,21 : 668.06"
"8,22 : 520.87"
"8,23 : 586.35"
"8,24 : 320.37"
"8,25 : 305.67"
"8,26 : 503.62"
"8,27 : 682.7"
"8,28 : 123.79"
"8,29 : 660.21"
"8,30 : 785.26"
"8,31 : 521.27"
"8,32 : 860.93"
"8,33 : 566.23"
"8,34 : 269.42"
"8,35 : 292.02"
"8,36 : 554.58"
"8,37 : 567.79"
"8,38 : 613.12"
"8,39 : 664.64"
"8,40 : 200.2"
"8,41 : 262.61"
"8,42 : 537.62"
"8,43 : 227.06"
"8,44 : 537.37"
"8,45 : 201.33"
"8,46 : 413.0"
"8,47 : 681.27"
"8,48 : 443.69"
"8,49 : 694.18"
"9,0 : 244.17"
"9,1 : 557.6"
"9,2 : 82.04"
"9,3 : 943.06"
"9,4 : 970.49"
"9,5 : 541.0"
"9,6 : 723.25"
"9,7 : 224.2"
"9,8 : 325.38"
"9,9 : 0.0"
"9,10 : 49.65"
"9,11 : 651.41"
"9,12 : 779.54"
"9,13 : 1036.95"
"9,14 : 647.71"
"9,15 : 912.25"
"9,16 : 468.24"
"9,17 : 832.41"
"9,18 : 1002.36"
"9,19 : 213.15"
"9,20 : 927.24"
"9,21 : 669.94"
"9,22 : 729.41"
"9,23 : 813.74"
"9,24 : 201.88"
"9,25 : 606.01"
"9,26 : 432.8"
"9,27 : 612.77"
"9,28 : 235.55"
"9,29 : 846.34"
"9,30 : 937.88"
"9,31 : 783.01"
"9,32 : 975.16"
"9,33 : 583.56"
"9,34 : 102.18"
"9,35 : 98.01"
"9,36 : 687.7"
"9,37 : 874.65"
"9,38 : 898.13"
"9,39 : 985.26"
"9,40 : 524.49"
"9,41 : 586.42"
"9,42 : 375.05"
"9,43 : 359.87"
"9,44 : 463.28"
"9,45 : 522.08"
"9,46 : 715.0"
"9,47 : 543.28"
"9,48 : 535.33"
"9,49 : 939.76"
"10,0 : 211.19"
"10,1 : 557.45"
"10,2 : 112.54"
"10,3 : 902.84"
"10,4 : 921.39"
"10,5 : 541.27"
"10,6 : 674.54"
"10,7 : 213.57"
"10,8 : 276.0"
"10,9 : 49.65"
"10,10 : 0.0"
"10,11 : 610.02"
"10,12 : 737.3"
"10,13 : 989.17"
"10,14 : 640.49"
"10,15 : 873.86"
"10,16 : 477.77"
"10,17 : 791.0"
"10,18 : 968.46"
"10,19 : 232.24"
"10,20 : 880.71"
"10,21 : 664.06"
"10,22 : 695.14"
"10,23 : 777.7"
"10,24 : 195.82"
"10,25 : 557.22"
"10,26 : 433.4"
"10,27 : 617.6"
"10,28 : 187.32"
"10,29 : 815.97"
"10,30 : 912.76"
"10,31 : 742.42"
"10,32 : 955.77"
"10,33 : 573.69"
"10,34 : 83.63"
"10,35 : 81.63"
"10,36 : 662.86"
"10,37 : 828.48"
"10,38 : 854.97"
"10,39 : 937.06"
"10,40 : 474.9"
"10,41 : 536.8"
"10,42 : 391.27"
"10,43 : 325.83"
"10,44 : 465.45"
"10,45 : 473.52"
"10,46 : 669.16"
"10,47 : 558.81"
"10,48 : 513.36"
"10,49 : 901.98"
"11,0 : 638.64"
"11,1 : 564.14"
"11,2 : 646.42"
"11,3 : 293.97"
"11,4 : 459.62"
"11,5 : 562.52"
"11,6 : 266.27"
"11,7 : 497.74"
"11,8 : 389.76"
"11,9 : 651.41"
"11,10 : 610.02"
"11,11 : 0.0"
"11,12 : 129.63"
"11,13 : 454.83"
"11,14 : 519.58"
"11,15 : 273.22"
"11,16 : 627.2"
"11,17 : 181.02"
"11,18 : 399.67"
"11,19 : 628.07"
"11,20 : 322.91"
"11,21 : 545.88"
"11,22 : 170.31"
"11,23 : 205.55"
"11,24 : 524.07"
"11,25 : 457.78"
"11,26 : 537.63"
"11,27 : 642.28"
"11,28 : 510.91"
"11,29 : 309.56"
"11,30 : 453.49"
"11,31 : 133.51"
"11,32 : 560.38"
"11,33 : 465.19"
"11,34 : 558.02"
"11,35 : 656.3"
"11,36 : 301.8"
"11,37 : 268.4"
"11,38 : 251.03"
"11,39 : 424.06"
"11,40 : 325.63"
"11,41 : 332.41"
"11,42 : 650.99"
"11,43 : 307.15"
"11,44 : 558.04"
"11,45 : 247.59"
"11,46 : 140.12"
"11,47 : 719.67"
"11,48 : 317.86"
"11,49 : 304.42"
"12,0 : 752.39"
"12,1 : 662.87"
"12,2 : 775.97"
"12,3 : 175.57"
"12,4 : 388.54"
"12,5 : 663.56"
"12,6 : 266.13"
"12,7 : 626.62"
"12,8 : 504.69"
"12,9 : 779.54"
"12,10 : 737.3"
"12,11 : 129.63"
"12,12 : 0.0"
"12,13 : 351.54"
"12,14 : 600.92"
"12,15 : 173.76"
"12,16 : 738.92"
"12,17 : 58.69"
"12,18 : 322.67"
"12,19 : 756.22"
"12,20 : 218.0"
"12,21 : 624.6"
"12,22 : 192.9"
"12,23 : 163.42"
"12,24 : 653.16"
"12,25 : 510.97"
"12,26 : 651.42"
"12,27 : 736.83"
"12,28 : 627.96"
"12,29 : 292.87"
"12,30 : 437.2"
"12,31 : 46.27"
"12,32 : 558.71"
"12,33 : 556.32"
"12,34 : 687.15"
"12,35 : 780.54"
"12,36 : 359.35"
"12,37 : 169.52"
"12,38 : 121.76"
"12,39 : 333.24"
"12,40 : 402.19"
"12,41 : 389.8"
"12,42 : 771.27"
"12,43 : 436.57"
"12,44 : 668.74"
"12,45 : 334.55"
"12,46 : 132.8"
"12,47 : 827.12"
"12,48 : 419.36"
"12,49 : 206.53"
"13,0 : 936.04"
"13,1 : 1012.91"
"13,2 : 1054.0"
"13,3 : 349.07"
"13,4 : 141.35"
"13,5 : 1012.85"
"13,6 : 321.45"
"13,7 : 930.08"
"13,8 : 718.65"
"13,9 : 1036.95"
"13,10 : 989.17"
"13,11 : 454.83"
"13,12 : 351.54"
"13,13 : 0.0"
"13,14 : 952.16"
"13,15 : 406.25"
"13,16 : 1081.95"
"13,17 : 343.95"
"13,18 : 537.0"
"13,19 : 1062.82"
"13,20 : 133.84"
"13,21 : 975.43"
"13,22 : 539.07"
"13,23 : 480.97"
"13,24 : 953.83"
"13,25 : 556.17"
"13,26 : 992.45"
"13,27 : 1087.91"
"13,28 : 835.46"
"13,29 : 602.48"
"13,30 : 727.64"
"13,31 : 387.42"
"13,32 : 855.89"
"13,33 : 907.6"
"13,34 : 959.62"
"13,35 : 1010.43"
"13,36 : 707.74"
"13,37 : 186.7"
"13,38 : 264.71"
"13,39 : 61.61"
"13,40 : 538.35"
"13,41 : 487.41"
"13,42 : 1103.21"
"13,43 : 740.2"
"13,44 : 1012.58"
"13,45 : 517.39"
"13,46 : 335.93"
"13,47 : 1173.48"
"13,48 : 767.63"
"13,49 : 422.4"
"14,0 : 807.99"
"14,1 : 121.81"
"14,2 : 583.11"
"14,3 : 660.98"
"14,4 : 977.47"
"14,5 : 136.31"
"14,6 : 775.85"
"14,7 : 426.92"
"14,8 : 639.56"
"14,9 : 647.71"
"14,10 : 640.49"
"14,11 : 519.58"
"14,12 : 600.92"
"14,13 : 952.16"
"14,14 : 0.0"
"14,15 : 601.03"
"14,16 : 253.02"
"14,17 : 613.07"
"14,18 : 584.97"
"14,19 : 468.19"
"14,20 : 818.89"
"14,21 : 29.07"
"14,22 : 416.2"
"14,23 : 492.15"
"14,24 : 446.39"
"14,25 : 884.35"
"14,26 : 227.11"
"14,27 : 155.68"
"14,28 : 695.65"
"14,29 : 415.22"
"14,30 : 407.53"
"14,31 : 565.44"
"14,32 : 379.05"
"14,33 : 73.38"
"14,34 : 556.86"
"14,35 : 721.12"
"14,36 : 249.69"
"14,37 : 769.52"
"14,38 : 698.57"
"14,39 : 932.62"
"14,40 : 735.08"
"14,41 : 775.88"
"14,42 : 351.73"
"14,43 : 412.8"
"14,44 : 207.62"
"14,45 : 662.43"
"14,46 : 659.6"
"14,47 : 289.47"
"14,48 : 216.92"
"14,49 : 608.33"
"15,0 : 911.82"
"15,1 : 688.94"
"15,2 : 897.16"
"15,3 : 62.43"
"15,4 : 491.47"
"15,5 : 693.88"
"15,6 : 430.83"
"15,7 : 734.44"
"15,8 : 662.92"
"15,9 : 912.25"
"15,10 : 873.86"
"15,11 : 273.22"
"15,12 : 173.76"
"15,13 : 406.25"
"15,14 : 601.03"
"15,15 : 0.0"
"15,16 : 788.0"
"15,17 : 119.1"
"15,18 : 154.77"
"15,19 : 856.36"
"15,20 : 295.24"
"15,21 : 619.01"
"15,22 : 205.3"
"15,23 : 114.54"
"15,24 : 762.22"
"15,25 : 683.82"
"15,26 : 708.54"
"15,27 : 751.9"
"15,28 : 784.05"
"15,29 : 203.68"
"15,30 : 321.4"
"15,31 : 143.59"
"15,32 : 449.64"
"15,33 : 575.54"
"15,34 : 814.52"
"15,35 : 925.29"
"15,36 : 353.21"
"15,37 : 272.46"
"15,38 : 150.85"
"15,39 : 414.15"
"15,40 : 575.24"
"15,41 : 563.43"
"15,42 : 840.95"
"15,43 : 555.02"
"15,44 : 718.25"
"15,45 : 505.3"
"15,46 : 304.8"
"15,47 : 864.04"
"15,48 : 468.54"
"15,49 : 32.8"
"16,0 : 677.44"
"16,1 : 131.4"
"16,2 : 390.59"
"16,3 : 842.01"
"16,4 : 1076.08"
"16,5 : 116.84"
"16,6 : 842.98"
"16,7 : 286.37"
"16,8 : 582.25"
"16,9 : 468.24"
"16,10 : 477.77"
"16,11 : 627.2"
"16,12 : 738.92"
"16,13 : 1081.95"
"16,14 : 253.02"
"16,15 : 788.0"
"16,16 : 0.0"
"16,17 : 767.82"
"16,18 : 805.35"
"16,19 : 259.33"
"16,20 : 949.36"
"16,21 : 261.01"
"16,22 : 584.72"
"16,23 : 673.55"
"16,24 : 291.43"
"16,25 : 874.44"
"16,26 : 91.02"
"16,27 : 151.35"
"16,28 : 592.71"
"16,29 : 629.68"
"16,30 : 651.17"
"16,31 : 714.64"
"16,32 : 632.02"
"16,33 : 230.1"
"16,34 : 400.68"
"16,35 : 558.2"
"16,36 : 445.25"
"16,37 : 895.33"
"16,38 : 853.23"
"16,39 : 1050.09"
"16,40 : 735.89"
"16,41 : 789.98"
"16,42 : 107.8"
"16,43 : 390.16"
"16,44 : 70.46"
"16,45 : 680.59"
"16,46 : 756.11"
"16,47 : 100.9"
"16,48 : 322.85"
"16,49 : 802.71"
"17,0 : 810.49"
"17,1 : 684.0"
"17,2 : 825.96"
"17,3 : 117.0"
"17,4 : 402.0"
"17,5 : 686.06"
"17,6 : 312.62"
"17,7 : 672.55"
"17,8 : 562.47"
"17,9 : 832.41"
"17,10 : 791.0"
"17,11 : 181.02"
"17,12 : 58.69"
"17,13 : 343.95"
"17,14 : 613.07"
"17,15 : 119.1"
"17,16 : 767.82"
"17,17 : 0.0"
"17,18 : 272.08"
"17,19 : 800.46"
"17,20 : 215.36"
"17,21 : 635.08"
"17,22 : 197.04"
"17,23 : 140.43"
"17,24 : 699.54"
"17,25 : 564.98"
"17,26 : 682.33"
"17,27 : 754.89"
"17,28 : 685.51"
"17,29 : 268.82"
"17,30 : 407.77"
"17,31 : 54.13"
"17,32 : 533.0"
"17,33 : 574.31"
"17,34 : 738.52"
"17,35 : 836.11"
"17,36 : 365.55"
"17,37 : 177.02"
"17,38 : 86.28"
"17,39 : 336.0"
"17,40 : 459.89"
"17,41 : 445.36"
"17,42 : 806.65"
"17,43 : 484.51"
"17,44 : 697.37"
"17,45 : 393.1"
"17,46 : 186.0"
"17,47 : 852.62"
"17,48 : 445.41"
"17,49 : 151.38"
"18,0 : 1030.64"
"18,1 : 690.54"
"18,2 : 976.4"
"18,3 : 193.96"
"18,4 : 636.58"
"18,5 : 698.98"
"18,6 : 584.69"
"18,7 : 805.71"
"18,8 : 783.56"
"18,9 : 1002.36"
"18,10 : 968.46"
"18,11 : 399.67"
"18,12 : 322.67"
"18,13 : 537.0"
"18,14 : 584.97"
"18,15 : 154.77"
"18,16 : 805.35"
"18,17 : 272.08"
"18,18 : 0.0"
"18,19 : 917.0"
"18,20 : 440.09"
"18,21 : 596.57"
"18,22 : 273.34"
"18,23 : 197.22"
"18,24 : 833.7"
"18,25 : 833.29"
"18,26 : 736.42"
"18,27 : 740.63"
"18,28 : 900.44"
"18,29 : 175.85"
"18,30 : 219.15"
"18,31 : 284.99"
"18,32 : 340.35"
"18,33 : 578.41"
"18,34 : 901.42"
"18,35 : 1027.47"
"18,36 : 361.3"
"18,37 : 423.76"
"18,38 : 300.19"
"18,39 : 554.37"
"18,40 : 717.51"
"18,41 : 710.94"
"18,42 : 874.66"
"18,43 : 642.88"
"18,44 : 739.01"
"18,45 : 643.6"
"18,46 : 455.4"
"18,47 : 867.8"
"18,48 : 506.74"
"18,49 : 125.72"
"19,0 : 442.25"
"19,1 : 363.32"
"19,2 : 132.62"
"19,3 : 898.75"
"19,4 : 1023.18"
"19,5 : 346.3"
"19,6 : 774.38"
"19,7 : 132.74"
"19,8 : 421.9"
"19,9 : 213.15"
"19,10 : 232.24"
"19,11 : 628.07"
"19,12 : 756.22"
"19,13 : 1062.82"
"19,14 : 468.19"
"19,15 : 856.36"
"19,16 : 259.33"
"19,17 : 800.46"
"19,18 : 917.0"
"19,19 : 0.0"
"19,20 : 939.28"
"19,21 : 486.27"
"19,22 : 655.64"
"19,23 : 746.57"
"19,24 : 110.26"
"19,25 : 727.37"
"19,26 : 241.81"
"19,27 : 408.27"
"19,28 : 386.37"
"19,29 : 747.02"
"19,30 : 811.76"
"19,31 : 746.97"
"19,32 : 825.98"
"19,33 : 414.12"
"19,34 : 170.84"
"19,35 : 308.15"
"19,36 : 568.96"
"19,37 : 884.21"
"19,38 : 877.93"
"19,39 : 1019.09"
"19,40 : 612.05"
"19,41 : 673.35"
"19,42 : 161.99"
"19,43 : 323.78"
"19,44 : 267.07"
"19,45 : 581.28"
"19,46 : 727.22"
"19,47 : 330.16"
"19,48 : 413.94"
"19,49 : 879.09"
"20,0 : 848.04"
"20,1 : 879.1"
"20,2 : 938.39"
"20,3 : 246.15"
"20,4 : 196.73"
"20,5 : 879.12"
"20,6 : 242.05"
"20,7 : 806.79"
"20,8 : 617.45"
"20,9 : 927.24"
"20,10 : 880.71"
"20,11 : 322.91"
"20,12 : 218.0"
"20,13 : 133.84"
"20,14 : 818.89"
"20,15 : 295.24"
"20,16 : 949.36"
"20,17 : 215.36"
"20,18 : 440.09"
"20,19 : 939.28"
"20,20 : 0.0"
"20,21 : 842.43"
"20,22 : 407.41"
"20,23 : 355.12"
"20,24 : 831.4"
"20,25 : 504.77"
"20,26 : 860.22"
"20,27 : 954.08"
"20,28 : 738.44"
"20,29 : 480.93"
"20,30 : 613.37"
"20,31 : 255.36"
"20,32 : 740.86"
"20,33 : 773.8"
"20,34 : 844.96"
"20,35 : 908.78"
"20,36 : 575.71"
"20,37 : 55.23"
"20,38 : 145.06"
"20,39 : 121.2"
"20,40 : 454.23"
"20,41 : 412.85"
"20,42 : 973.2"
"20,43 : 615.59"
"20,44 : 879.78"
"20,45 : 417.94"
"20,46 : 213.95"
"20,47 : 1040.26"
"20,48 : 633.97"
"20,49 : 317.28"
"21,0 : 834.15"
"21,1 : 130.3"
"21,2 : 603.79"
"21,3 : 679.55"
"21,4 : 1002.98"
"21,5 : 146.33"
"21,6 : 803.33"
"21,7 : 450.57"
"21,8 : 668.06"
"21,9 : 669.94"
"21,10 : 664.06"
"21,11 : 545.88"
"21,12 : 624.6"
"21,13 : 975.43"
"21,14 : 29.07"
"21,15 : 619.01"
"21,16 : 261.01"
"21,17 : 635.08"
"21,18 : 596.57"
"21,19 : 486.27"
"21,20 : 842.43"
"21,21 : 0.0"
"21,22 : 438.04"
"21,23 : 511.65"
"21,24 : 469.23"
"21,25 : 913.4"
"21,26 : 244.47"
"21,27 : 147.71"
"21,28 : 722.83"
"21,29 : 429.44"
"21,30 : 412.13"
"21,31 : 588.27"
"21,32 : 374.48"
"21,33 : 101.87"
"21,34 : 580.5"
"21,35 : 744.98"
"21,36 : 270.19"
"21,37 : 793.58"
"21,38 : 720.21"
"21,39 : 956.92"
"21,40 : 764.11"
"21,41 : 804.76"
"21,42 : 363.23"
"21,43 : 441.43"
"21,44 : 222.04"
"21,45 : 691.35"
"21,46 : 685.98"
"21,47 : 287.27"
"21,48 : 245.66"
"21,49 : 625.1"
"22,0 : 764.21"
"22,1 : 491.82"
"22,2 : 705.99"
"22,3 : 257.3"
"22,4 : 581.06"
"22,5 : 495.21"
"22,6 : 426.43"
"22,7 : 538.0"
"22,8 : 520.87"
"22,9 : 729.41"
"22,10 : 695.14"
"22,11 : 170.31"
"22,12 : 192.9"
"22,13 : 539.07"
"22,14 : 416.2"
"22,15 : 205.3"
"22,16 : 584.72"
"22,17 : 197.04"
"22,18 : 273.34"
"22,19 : 655.64"
"22,20 : 407.41"
"22,21 : 438.04"
"22,22 : 0.0"
"22,23 : 91.68"
"22,24 : 566.0"
"22,25 : 627.46"
"22,26 : 503.78"
"22,27 : 560.07"
"22,28 : 633.29"
"22,29 : 143.18"
"22,30 : 283.92"
"22,31 : 152.07"
"22,32 : 390.62"
"22,33 : 380.2"
"22,34 : 628.84"
"22,35 : 754.55"
"22,36 : 168.76"
"22,37 : 361.73"
"22,38 : 282.36"
"22,39 : 525.24"
"22,40 : 491.47"
"22,41 : 502.22"
"22,42 : 635.65"
"22,43 : 369.69"
"22,44 : 514.61"
"22,45 : 411.42"
"22,46 : 289.62"
"22,47 : 664.15"
"22,48 : 263.59"
"22,49 : 224.64"
"23,0 : 833.51"
"23,1 : 576.01"
"23,2 : 793.61"
"23,3 : 170.21"
"23,4 : 542.03"
"23,5 : 580.49"
"23,6 : 425.73"
"23,7 : 627.42"
"23,8 : 586.35"
"23,9 : 813.74"
"23,10 : 777.7"
"23,11 : 205.55"
"23,12 : 163.42"
"23,13 : 480.97"
"23,14 : 492.15"
"23,15 : 114.54"
"23,16 : 673.55"
"23,17 : 140.43"
"23,18 : 197.22"
"23,19 : 746.57"
"23,20 : 355.12"
"23,21 : 511.65"
"23,22 : 91.68"
"23,23 : 0.0"
"23,24 : 655.37"
"23,25 : 654.4"
"23,26 : 594.03"
"23,27 : 640.83"
"23,28 : 703.44"
"23,29 : 130.1"
"23,30 : 273.79"
"23,31 : 117.28"
"23,32 : 395.92"
"23,33 : 463.0"
"23,34 : 714.16"
"23,35 : 833.88"
"23,36 : 242.66"
"23,37 : 317.21"
"23,38 : 216.67"
"23,39 : 476.1"
"23,40 : 529.29"
"23,41 : 529.65"
"23,42 : 726.82"
"23,43 : 454.1"
"23,44 : 603.74"
"23,45 : 452.6"
"23,46 : 288.02"
"23,47 : 750.4"
"23,48 : 354.12"
"23,49 : 132.98"
"24,0 : 386.43"
"24,1 : 361.86"
"24,2 : 147.83"
"24,3 : 801.49"
"24,4 : 912.93"
"24,5 : 345.81"
"24,6 : 664.13"
"24,7 : 28.02"
"24,8 : 320.37"
"24,9 : 201.88"
"24,10 : 195.82"
"24,11 : 524.07"
"24,12 : 653.16"
"24,13 : 953.83"
"24,14 : 446.39"
"24,15 : 762.22"
"24,16 : 291.43"
"24,17 : 699.54"
"24,18 : 833.7"
"24,19 : 110.26"
"24,20 : 831.4"
"24,21 : 469.23"
"24,22 : 566.0"
"24,23 : 655.37"
"24,24 : 0.0"
"24,25 : 625.65"
"24,26 : 238.38"
"24,27 : 424.39"
"24,28 : 305.2"
"24,29 : 668.78"
"24,30 : 747.96"
"24,31 : 646.68"
"24,32 : 777.34"
"24,33 : 381.68"
"24,34 : 113.25"
"24,35 : 277.36"
"24,36 : 499.22"
"24,37 : 776.46"
"24,38 : 774.89"
"24,39 : 909.48"
"24,40 : 505.1"
"24,41 : 565.82"
"24,42 : 223.03"
"24,43 : 217.35"
"24,44 : 271.13"
"24,45 : 471.67"
"24,46 : 618.65"
"24,47 : 381.63"
"24,48 : 343.74"
"24,49 : 786.59"
"25,0 : 424.88"
"25,1 : 875.28"
"25,2 : 656.96"
"25,3 : 671.73"
"25,4 : 440.0"
"25,5 : 865.89"
"25,6 : 268.06"
"25,7 : 614.5"
"25,8 : 305.67"
"25,9 : 606.01"
"25,10 : 557.22"
"25,11 : 457.78"
"25,12 : 510.97"
"25,13 : 556.17"
"25,14 : 884.35"
"25,15 : 683.82"
"25,16 : 874.44"
"25,17 : 564.98"
"25,18 : 833.29"
"25,19 : 727.37"
"25,20 : 504.77"
"25,21 : 913.4"
"25,22 : 627.46"
"25,23 : 654.4"
"25,24 : 625.65"
"25,25 : 0.0"
"25,26 : 789.95"
"25,27 : 957.06"
"25,28 : 370.7"
"25,29 : 767.16"
"25,30 : 911.19"
"25,31 : 548.89"
"25,32 : 1014.61"
"25,33 : 814.01"
"25,34 : 569.65"
"25,35 : 542.6"
"25,36 : 730.08"
"25,37 : 474.65"
"25,38 : 573.03"
"25,39 : 494.72"
"25,40 : 149.66"
"25,41 : 125.4"
"25,42 : 839.71"
"25,43 : 490.09"
"25,44 : 822.14"
"25,45 : 227.34"
"25,46 : 379.02"
"25,47 : 975.03"
"25,48 : 669.51"
"25,49 : 716.31"
"26,0 : 621.55"
"26,1 : 124.81"
"26,2 : 362.26"
"26,3 : 760.73"
"26,4 : 985.15"
"26,5 : 108.23"
"26,6 : 752.09"
"26,7 : 226.01"
"26,8 : 503.62"
"26,9 : 432.8"
"26,10 : 433.4"
"26,11 : 537.63"
"26,12 : 651.42"
"26,13 : 992.45"
"26,14 : 227.11"
"26,15 : 708.54"
"26,16 : 91.02"
"26,17 : 682.33"
"26,18 : 736.42"
"26,19 : 241.81"
"26,20 : 860.22"
"26,21 : 244.47"
"26,22 : 503.78"
"26,23 : 594.03"
"26,24 : 238.38"
"26,25 : 789.95"
"26,26 : 0.0"
"26,27 : 187.56"
"26,28 : 526.21"
"26,29 : 560.73"
"26,30 : 598.03"
"26,31 : 628.75"
"26,32 : 595.19"
"26,33 : 180.21"
"26,34 : 351.59"
"26,35 : 515.03"
"26,36 : 375.21"
"26,37 : 805.97"
"26,38 : 767.19"
"26,39 : 959.86"
"26,40 : 649.21"
"26,41 : 702.14"
"26,42 : 139.29"
"26,43 : 302.31"
"26,44 : 34.37"
"26,45 : 591.81"
"26,46 : 665.47"
"26,47 : 190.08"
"26,48 : 240.2"
"26,49 : 725.0"
"27,0 : 808.98"
"27,1 : 82.46"
"27,2 : 537.54"
"27,3 : 810.76"
"27,4 : 1101.61"
"27,5 : 91.27"
"27,6 : 884.88"
"27,7 : 413.36"
"27,8 : 682.7"
"27,9 : 612.77"
"27,10 : 617.6"
"27,11 : 642.28"
"27,12 : 736.83"
"27,13 : 1087.91"
"27,14 : 155.68"
"27,15 : 751.9"
"27,16 : 151.35"
"27,17 : 754.89"
"27,18 : 740.63"
"27,19 : 408.27"
"27,20 : 954.08"
"27,21 : 147.71"
"27,22 : 560.07"
"27,23 : 640.83"
"27,24 : 424.39"
"27,25 : 957.06"
"27,26 : 187.56"
"27,27 : 0.0"
"27,28 : 712.83"
"27,29 : 570.19"
"27,30 : 559.84"
"27,31 : 704.89"
"27,32 : 517.31"
"27,33 : 180.71"
"27,34 : 537.12"
"27,35 : 699.01"
"27,36 : 398.72"
"27,37 : 902.64"
"27,38 : 841.07"
"27,39 : 1063.79"
"27,40 : 811.48"
"27,41 : 859.63"
"27,42 : 258.7"
"27,43 : 467.63"
"27,44 : 153.71"
"27,45 : 746.46"
"27,46 : 779.95"
"27,47 : 143.35"
"27,48 : 324.72"
"27,49 : 760.84"
"28,0 : 131.03"
"28,1 : 640.1"
"28,2 : 292.75"
"28,3 : 801.93"
"28,4 : 754.4"
"28,5 : 626.06"
"28,6 : 514.71"
"28,7 : 306.47"
"28,8 : 123.79"
"28,9 : 235.55"
"28,10 : 187.32"
"28,11 : 510.91"
"28,12 : 627.96"
"28,13 : 835.46"
"28,14 : 695.65"
"28,15 : 784.05"
"28,16 : 592.71"
"28,17 : 685.51"
"28,18 : 900.44"
"28,19 : 386.37"
"28,20 : 738.44"
"28,21 : 722.83"
"28,22 : 633.29"
"28,23 : 703.44"
"28,24 : 305.2"
"28,25 : 370.7"
"28,26 : 526.21"
"28,27 : 712.83"
"28,28 : 0.0"
"28,29 : 769.27"
"28,30 : 887.54"
"28,31 : 643.32"
"28,32 : 953.9"
"28,33 : 623.0"
"28,34 : 216.31"
"28,35 : 178.6"
"28,36 : 647.83"
"28,37 : 689.7"
"28,38 : 736.92"
"28,39 : 779.82"
"28,40 : 302.79"
"28,41 : 362.28"
"28,42 : 527.6"
"28,43 : 300.25"
"28,44 : 560.54"
"28,45 : 320.6"
"28,46 : 536.24"
"28,47 : 686.09"
"28,48 : 520.21"
"28,49 : 814.92"
"29,0 : 900.27"
"29,1 : 516.56"
"29,2 : 814.08"
"29,3 : 266.05"
"29,4 : 670.78"
"29,5 : 524.41"
"29,6 : 551.24"
"29,7 : 640.99"
"29,8 : 660.21"
"29,9 : 846.34"
"29,10 : 815.97"
"29,11 : 309.56"
"29,12 : 292.87"
"29,13 : 602.48"
"29,14 : 415.22"
"29,15 : 203.68"
"29,16 : 629.68"
"29,17 : 268.82"
"29,18 : 175.85"
"29,19 : 747.02"
"29,20 : 480.93"
"29,21 : 429.44"
"29,22 : 143.18"
"29,23 : 130.1"
"29,24 : 668.78"
"29,25 : 767.16"
"29,26 : 560.73"
"29,27 : 570.19"
"29,28 : 769.27"
"29,29 : 0.0"
"29,30 : 146.41"
"29,31 : 246.59"
"29,32 : 265.91"
"29,33 : 403.71"
"29,34 : 744.36"
"29,35 : 880.31"
"29,36 : 185.53"
"29,37 : 445.8"
"29,38 : 338.34"
"29,39 : 602.13"
"29,40 : 633.68"
"29,41 : 641.76"
"29,42 : 699.19"
"29,43 : 491.35"
"29,44 : 563.17"
"29,45 : 554.01"
"29,46 : 412.77"
"29,47 : 693.95"
"29,48 : 334.0"
"29,49 : 201.47"
"30,0 : 1017.67"
"30,1 : 524.92"
"30,2 : 895.73"
"30,3 : 379.86"
"30,4 : 807.14"
"30,5 : 536.62"
"30,6 : 697.52"
"30,7 : 721.25"
"30,8 : 785.26"
"30,9 : 937.88"
"30,10 : 912.76"
"30,11 : 453.49"
"30,12 : 437.2"
"30,13 : 727.64"
"30,14 : 407.53"
"30,15 : 321.4"
"30,16 : 651.17"
"30,17 : 407.77"
"30,18 : 219.15"
"30,19 : 811.76"
"30,20 : 613.37"
"30,21 : 412.13"
"30,22 : 283.92"
"30,23 : 273.79"
"30,24 : 747.96"
"30,25 : 911.19"
"30,26 : 598.03"
"30,27 : 559.84"
"30,28 : 887.54"
"30,29 : 146.41"
"30,30 : 0.0"
"30,31 : 391.07"
"30,32 : 128.27"
"30,33 : 422.08"
"30,34 : 835.96"
"30,35 : 982.65"
"30,36 : 250.19"
"30,37 : 583.03"
"30,38 : 468.46"
"30,39 : 733.8"
"30,40 : 774.96"
"30,41 : 785.86"
"30,42 : 736.46"
"30,43 : 596.4"
"30,44 : 592.0"
"30,45 : 694.57"
"30,46 : 559.09"
"30,47 : 697.0"
"30,48 : 404.28"
"30,49 : 307.33"
"31,0 : 770.06"
"31,1 : 632.86"
"31,2 : 774.57"
"31,3 : 160.61"
"31,4 : 432.26"
"31,5 : 634.48"
"31,6 : 310.15"
"31,7 : 619.56"
"31,8 : 521.27"
"31,9 : 783.01"
"31,10 : 742.42"
"31,11 : 133.51"
"31,12 : 46.27"
"31,13 : 387.42"
"31,14 : 565.44"
"31,15 : 143.59"
"31,16 : 714.64"
"31,17 : 54.13"
"31,18 : 284.99"
"31,19 : 746.97"
"31,20 : 255.36"
"31,21 : 588.27"
"31,22 : 152.07"
"31,23 : 117.28"
"31,24 : 646.68"
"31,25 : 548.89"
"31,26 : 628.75"
"31,27 : 704.89"
"31,28 : 643.32"
"31,29 : 246.59"
"31,30 : 391.07"
"31,31 : 0.0"
"31,32 : 512.45"
"31,33 : 524.18"
"31,34 : 688.05"
"31,35 : 789.73"
"31,36 : 320.43"
"31,37 : 210.3"
"31,38 : 138.6"
"31,39 : 373.43"
"31,40 : 433.7"
"31,41 : 426.02"
"31,42 : 752.6"
"31,43 : 432.47"
"31,44 : 644.22"
"31,45 : 362.22"
"31,46 : 174.15"
"31,47 : 800.26"
"31,48 : 392.62"
"31,49 : 176.01"
"32,0 : 1081.48"
"32,1 : 500.85"
"32,2 : 924.05"
"32,3 : 508.05"
"32,4 : 933.81"
"32,5 : 515.2"
"32,6 : 813.95"
"32,7 : 752.4"
"32,8 : 860.93"
"32,9 : 975.16"
"32,10 : 955.77"
"32,11 : 560.38"
"32,12 : 558.71"
"32,13 : 855.89"
"32,14 : 379.05"
"32,15 : 449.64"
"32,16 : 632.02"
"32,17 : 533.0"
"32,18 : 340.35"
"32,19 : 825.98"
"32,20 : 740.86"
"32,21 : 374.48"
"32,22 : 390.62"
"32,23 : 395.92"
"32,24 : 777.34"
"32,25 : 1014.61"
"32,26 : 595.19"
"32,27 : 517.31"
"32,28 : 953.9"
"32,29 : 265.91"
"32,30 : 128.27"
"32,31 : 512.45"
"32,32 : 0.0"
"32,33 : 415.12"
"32,34 : 875.19"
"32,35 : 1030.33"
"32,36 : 306.69"
"32,37 : 709.23"
"32,38 : 596.13"
"32,39 : 861.51"
"32,40 : 873.42"
"32,41 : 890.08"
"32,42 : 728.04"
"32,43 : 655.12"
"32,44 : 582.02"
"32,45 : 792.47"
"32,46 : 675.62"
"32,47 : 660.05"
"32,48 : 443.21"
"32,49 : 435.36"
"33,0 : 736.62"
"33,1 : 113.74"
"33,2 : 522.44"
"33,3 : 633.2"
"33,4 : 924.77"
"33,5 : 120.7"
"33,6 : 715.31"
"33,7 : 360.63"
"33,8 : 566.23"
"33,9 : 583.56"
"33,10 : 573.69"
"33,11 : 465.19"
"33,12 : 556.32"
"33,13 : 907.6"
"33,14 : 73.38"
"33,15 : 575.54"
"33,16 : 230.1"
"33,17 : 574.31"
"33,18 : 578.41"
"33,19 : 414.12"
"33,20 : 773.8"
"33,21 : 101.87"
"33,22 : 380.2"
"33,23 : 463.0"
"33,24 : 381.68"
"33,25 : 814.01"
"33,26 : 180.21"
"33,27 : 180.71"
"33,28 : 623.0"
"33,29 : 403.71"
"33,30 : 422.08"
"33,31 : 524.18"
"33,32 : 415.12"
"33,33 : 0.0"
"33,34 : 490.14"
"33,35 : 653.66"
"33,36 : 223.51"
"33,37 : 722.73"
"33,38 : 660.53"
"33,39 : 884.49"
"33,40 : 665.09"
"33,41 : 707.46"
"33,42 : 315.84"
"33,43 : 339.56"
"33,44 : 170.24"
"33,45 : 593.78"
"33,46 : 604.24"
"33,47 : 290.72"
"33,48 : 151.92"
"33,49 : 586.54"
"34,0 : 277.83"
"34,1 : 475.08"
"34,2 : 94.89"
"34,3 : 847.34"
"34,4 : 902.61"
"34,5 : 459.05"
"34,6 : 653.04"
"34,7 : 129.96"
"34,8 : 269.42"
"34,9 : 102.18"
"34,10 : 83.63"
"34,11 : 558.02"
"34,12 : 687.15"
"34,13 : 959.62"
"34,14 : 556.86"
"34,15 : 814.52"
"34,16 : 400.68"
"34,17 : 738.52"
"34,18 : 901.42"
"34,19 : 170.84"
"34,20 : 844.96"
"34,21 : 580.5"
"34,22 : 628.84"
"34,23 : 714.16"
"34,24 : 113.25"
"34,25 : 569.65"
"34,26 : 351.59"
"34,27 : 537.12"
"34,28 : 216.31"
"34,29 : 744.36"
"34,30 : 835.96"
"34,31 : 688.05"
"34,32 : 875.19"
"34,33 : 490.14"
"34,34 : 0.0"
"34,35 : 164.61"
"34,36 : 585.78"
"34,37 : 791.32"
"34,38 : 807.12"
"34,39 : 910.41"
"34,40 : 468.21"
"34,41 : 530.66"
"34,42 : 320.98"
"34,43 : 260.11"
"34,44 : 384.17"
"34,45 : 452.62"
"34,46 : 631.27"
"34,47 : 486.14"
"34,48 : 434.08"
"34,49 : 841.43"
"35,0 : 149.94"
"35,1 : 639.08"
"35,2 : 179.55"
"35,3 : 950.27"
"35,4 : 932.58"
"35,5 : 622.9"
"35,6 : 690.92"
"35,7 : 294.43"
"35,8 : 292.02"
"35,9 : 98.01"
"35,10 : 81.63"
"35,11 : 656.3"
"35,12 : 780.54"
"35,13 : 1010.43"
"35,14 : 721.12"
"35,15 : 925.29"
"35,16 : 558.2"
"35,17 : 836.11"
"35,18 : 1027.47"
"35,19 : 308.15"
"35,20 : 908.78"
"35,21 : 744.98"
"35,22 : 754.55"
"35,23 : 833.88"
"35,24 : 277.36"
"35,25 : 542.6"
"35,26 : 515.03"
"35,27 : 699.01"
"35,28 : 178.6"
"35,29 : 880.31"
"35,30 : 982.65"
"35,31 : 789.73"
"35,32 : 1030.33"
"35,33 : 653.66"
"35,34 : 164.61"
"35,35 : 0.0"
"35,36 : 733.67"
"35,37 : 858.32"
"35,38 : 895.08"
"35,39 : 955.82"
"35,40 : 481.14"
"35,41 : 540.88"
"35,42 : 469.14"
"35,43 : 389.08"
"35,44 : 547.03"
"35,45 : 493.3"
"35,46 : 701.32"
"35,47 : 637.22"
"35,48 : 587.17"
"35,49 : 954.51"
"36,0 : 776.23"
"36,1 : 337.25"
"36,2 : 646.73"
"36,3 : 412.17"
"36,4 : 744.76"
"36,5 : 343.47"
"36,6 : 568.02"
"36,7 : 472.17"
"36,8 : 554.58"
"36,9 : 687.7"
"36,10 : 662.86"
"36,11 : 301.8"
"36,12 : 359.35"
"36,13 : 707.74"
"36,14 : 249.69"
"36,15 : 353.21"
"36,16 : 445.25"
"36,17 : 365.55"
"36,18 : 361.3"
"36,19 : 568.96"
"36,20 : 575.71"
"36,21 : 270.19"
"36,22 : 168.76"
"36,23 : 242.66"
"36,24 : 499.22"
"36,25 : 730.08"
"36,26 : 375.21"
"36,27 : 398.72"
"36,28 : 647.83"
"36,29 : 185.53"
"36,30 : 250.19"
"36,31 : 320.43"
"36,32 : 306.69"
"36,33 : 223.51"
"36,34 : 585.78"
"36,35 : 733.67"
"36,36 : 0.0"
"36,37 : 528.85"
"36,38 : 450.25"
"36,39 : 692.57"
"36,40 : 583.44"
"36,41 : 609.15"
"36,42 : 513.8"
"36,43 : 350.77"
"36,44 : 378.02"
"36,45 : 503.25"
"36,46 : 438.46"
"36,47 : 513.91"
"36,48 : 155.98"
"36,49 : 363.16"
"37,0 : 801.85"
"37,1 : 826.94"
"37,2 : 884.5"
"37,3 : 232.02"
"37,4 : 224.98"
"37,5 : 826.61"
"37,6 : 207.15"
"37,7 : 751.77"
"37,8 : 567.79"
"37,9 : 874.65"
"37,10 : 828.48"
"37,11 : 268.4"
"37,12 : 169.52"
"37,13 : 186.7"
"37,14 : 769.52"
"37,15 : 272.46"
"37,16 : 895.33"
"37,17 : 177.02"
"37,18 : 423.76"
"37,19 : 884.21"
"37,20 : 55.23"
"37,21 : 793.58"
"37,22 : 361.73"
"37,23 : 317.21"
"37,24 : 776.46"
"37,25 : 474.65"
"37,26 : 805.97"
"37,27 : 902.64"
"37,28 : 689.7"
"37,29 : 445.8"
"37,30 : 583.03"
"37,31 : 210.3"
"37,32 : 709.23"
"37,33 : 722.73"
"37,34 : 791.32"
"37,35 : 858.32"
"37,36 : 528.85"
"37,37 : 0.0"
"37,38 : 123.71"
"37,39 : 163.72"
"37,40 : 411.7"
"37,41 : 374.76"
"37,42 : 918.23"
"37,43 : 560.48"
"37,44 : 825.91"
"37,45 : 370.0"
"37,46 : 160.06"
"37,47 : 986.8"
"37,48 : 581.29"
"37,49 : 298.36"
"38,0 : 857.76"
"38,1 : 770.28"
"38,2 : 896.69"
"38,3 : 108.67"
"38,4 : 340.71"
"38,5 : 772.3"
"38,6 : 307.52"
"38,7 : 748.38"
"38,8 : 613.12"
"38,9 : 898.13"
"38,10 : 854.97"
"38,11 : 251.03"
"38,12 : 121.76"
"38,13 : 264.71"
"38,14 : 698.57"
"38,15 : 150.85"
"38,16 : 853.23"
"38,17 : 86.28"
"38,18 : 300.19"
"38,19 : 877.93"
"38,20 : 145.06"
"38,21 : 720.21"
"38,22 : 282.36"
"38,23 : 216.67"
"38,24 : 774.89"
"38,25 : 573.03"
"38,26 : 767.19"
"38,27 : 841.07"
"38,28 : 736.92"
"38,29 : 338.34"
"38,30 : 468.46"
"38,31 : 138.6"
"38,32 : 596.13"
"38,33 : 660.53"
"38,34 : 807.12"
"38,35 : 895.08"
"38,36 : 450.25"
"38,37 : 123.71"
"38,38 : 0.0"
"38,39 : 265.38"
"38,40 : 486.63"
"38,41 : 461.41"
"38,42 : 889.95"
"38,43 : 558.16"
"38,44 : 782.81"
"38,45 : 429.25"
"38,46 : 207.79"
"38,47 : 938.64"
"38,48 : 531.16"
"38,49 : 175.11"
"39,0 : 878.04"
"39,1 : 987.04"
"39,2 : 1005.1"
"39,3 : 361.67"
"39,4 : 90.43"
"39,5 : 986.03"
"39,6 : 265.11"
"39,7 : 886.45"
"39,8 : 664.64"
"39,9 : 985.26"
"39,10 : 937.06"
"39,11 : 424.06"
"39,12 : 333.24"
"39,13 : 61.61"
"39,14 : 932.62"
"39,15 : 414.15"
"39,16 : 1050.09"
"39,17 : 336.0"
"39,18 : 554.37"
"39,19 : 1019.09"
"39,20 : 121.2"
"39,21 : 956.92"
"39,22 : 525.24"
"39,23 : 476.1"
"39,24 : 909.48"
"39,25 : 494.72"
"39,26 : 959.86"
"39,27 : 1063.79"
"39,28 : 779.82"
"39,29 : 602.13"
"39,30 : 733.8"
"39,31 : 373.43"
"39,32 : 861.51"
"39,33 : 884.49"
"39,34 : 910.41"
"39,35 : 955.82"
"39,36 : 692.57"
"39,37 : 163.72"
"39,38 : 265.38"
"39,39 : 0.0"
"39,40 : 480.73"
"39,41 : 428.35"
"39,42 : 1066.31"
"39,43 : 698.31"
"39,44 : 981.45"
"39,45 : 463.91"
"39,46 : 296.23"
"39,47 : 1143.56"
"39,48 : 740.8"
"39,49 : 434.26"
"40,0 : 397.72"
"40,1 : 729.34"
"40,2 : 561.19"
"40,3 : 573.91"
"40,4 : 451.64"
"40,5 : 720.58"
"40,6 : 217.39"
"40,7 : 490.11"
"40,8 : 200.2"
"40,9 : 524.49"
"40,10 : 474.9"
"40,11 : 325.63"
"40,12 : 402.19"
"40,13 : 538.35"
"40,14 : 735.08"
"40,15 : 575.24"
"40,16 : 735.89"
"40,17 : 459.89"
"40,18 : 717.51"
"40,19 : 612.05"
"40,20 : 454.23"
"40,21 : 764.11"
"40,22 : 491.47"
"40,23 : 529.29"
"40,24 : 505.1"
"40,25 : 149.66"
"40,26 : 649.21"
"40,27 : 811.48"
"40,28 : 302.79"
"40,29 : 633.68"
"40,30 : 774.96"
"40,31 : 433.7"
"40,32 : 873.42"
"40,33 : 665.09"
"40,34 : 468.21"
"40,35 : 481.14"
"40,36 : 583.44"
"40,37 : 411.7"
"40,38 : 486.63"
"40,39 : 480.73"
"40,40 : 0.0"
"40,41 : 62.48"
"40,42 : 709.78"
"40,43 : 347.14"
"40,44 : 680.51"
"40,45 : 80.96"
"40,46 : 279.54"
"40,47 : 836.79"
"40,48 : 519.92"
"40,49 : 608.03"
"41,0 : 450.63"
"41,1 : 777.23"
"41,2 : 623.67"
"41,3 : 555.45"
"41,4 : 393.68"
"41,5 : 769.25"
"41,6 : 171.14"
"41,7 : 550.11"
"41,8 : 262.61"
"41,9 : 586.42"
"41,10 : 536.8"
"41,11 : 332.41"
"41,12 : 389.8"
"41,13 : 487.41"
"41,14 : 775.88"
"41,15 : 563.43"
"41,16 : 789.98"
"41,17 : 445.36"
"41,18 : 710.94"
"41,19 : 673.35"
"41,20 : 412.85"
"41,21 : 804.76"
"41,22 : 502.22"
"41,23 : 529.65"
"41,24 : 565.82"
"41,25 : 125.4"
"41,26 : 702.14"
"41,27 : 859.63"
"41,28 : 362.28"
"41,29 : 641.76"
"41,30 : 785.86"
"41,31 : 426.02"
"41,32 : 890.08"
"41,33 : 707.46"
"41,34 : 530.66"
"41,35 : 540.88"
"41,36 : 609.15"
"41,37 : 374.76"
"41,38 : 461.41"
"41,39 : 428.35"
"41,40 : 62.48"
"41,41 : 0.0"
"41,42 : 767.7"
"41,43 : 399.93"
"41,44 : 732.71"
"41,45 : 113.75"
"41,46 : 259.88"
"41,47 : 890.84"
"41,48 : 559.26"
"41,49 : 596.12"
"42,0 : 598.23"
"42,1 : 233.08"
"42,2 : 294.52"
"42,3 : 891.08"
"42,4 : 1083.5"
"42,5 : 216.9"
"42,6 : 841.72"
"42,7 : 227.52"
"42,8 : 537.62"
"42,9 : 375.05"
"42,10 : 391.27"
"42,11 : 650.99"
"42,12 : 771.27"
"42,13 : 1103.21"
"42,14 : 351.73"
"42,15 : 840.95"
"42,16 : 107.8"
"42,17 : 806.65"
"42,18 : 874.66"
"42,19 : 161.99"
"42,20 : 973.2"
"42,21 : 363.23"
"42,22 : 635.65"
"42,23 : 726.82"
"42,24 : 223.03"
"42,25 : 839.71"
"42,26 : 139.29"
"42,27 : 258.7"
"42,28 : 527.6"
"42,29 : 699.19"
"42,30 : 736.46"
"42,31 : 752.6"
"42,32 : 728.04"
"42,33 : 315.84"
"42,34 : 320.98"
"42,35 : 469.14"
"42,36 : 513.8"
"42,37 : 918.23"
"42,38 : 889.95"
"42,39 : 1066.31"
"42,40 : 709.78"
"42,41 : 767.7"
"42,42 : 0.0"
"42,43 : 377.32"
"42,44 : 146.15"
"42,45 : 664.05"
"42,46 : 770.08"
"42,47 : 168.24"
"42,48 : 373.2"
"42,49 : 858.87"
"43,0 : 426.41"
"43,1 : 386.47"
"43,2 : 342.71"
"43,3 : 589.96"
"43,4 : 708.88"
"43,5 : 376.36"
"43,6 : 464.72"
"43,7 : 191.71"
"43,8 : 227.06"
"43,9 : 359.87"
"43,10 : 325.83"
"43,11 : 307.15"
"43,12 : 436.57"
"43,13 : 740.2"
"43,14 : 412.8"
"43,15 : 555.02"
"43,16 : 390.16"
"43,17 : 484.51"
"43,18 : 642.88"
"43,19 : 323.78"
"43,20 : 615.59"
"43,21 : 441.43"
"43,22 : 369.69"
"43,23 : 454.1"
"43,24 : 217.35"
"43,25 : 490.09"
"43,26 : 302.31"
"43,27 : 467.63"
"43,28 : 300.25"
"43,29 : 491.35"
"43,30 : 596.4"
"43,31 : 432.47"
"43,32 : 655.12"
"43,33 : 339.56"
"43,34 : 260.11"
"43,35 : 389.08"
"43,36 : 350.77"
"43,37 : 560.48"
"43,38 : 558.16"
"43,39 : 698.31"
"43,40 : 347.14"
"43,41 : 399.93"
"43,42 : 377.32"
"43,43 : 0.0"
"43,44 : 333.38"
"43,45 : 290.72"
"43,46 : 404.28"
"43,47 : 490.98"
"43,48 : 220.77"
"43,49 : 581.54"
"44,0 : 655.28"
"44,1 : 96.26"
"44,2 : 391.03"
"44,3 : 771.91"
"44,4 : 1009.0"
"44,5 : 79.25"
"44,6 : 778.44"
"44,7 : 259.66"
"44,8 : 537.37"
"44,9 : 463.28"
"44,10 : 465.45"
"44,11 : 558.04"
"44,12 : 668.74"
"44,13 : 1012.58"
"44,14 : 207.62"
"44,15 : 718.25"
"44,16 : 70.46"
"44,17 : 697.37"
"44,18 : 739.01"
"44,19 : 267.07"
"44,20 : 879.78"
"44,21 : 222.04"
"44,22 : 514.61"
"44,23 : 603.74"
"44,24 : 271.13"
"44,25 : 822.14"
"44,26 : 34.37"
"44,27 : 153.71"
"44,28 : 560.54"
"44,29 : 563.17"
"44,30 : 592.0"
"44,31 : 644.22"
"44,32 : 582.02"
"44,33 : 170.24"
"44,34 : 384.17"
"44,35 : 547.03"
"44,36 : 378.02"
"44,37 : 825.91"
"44,38 : 782.81"
"44,39 : 981.45"
"44,40 : 680.51"
"44,41 : 732.71"
"44,42 : 146.15"
"44,43 : 333.38"
"44,44 : 0.0"
"44,45 : 621.73"
"44,46 : 688.27"
"44,47 : 163.37"
"44,48 : 252.41"
"44,49 : 733.39"
"45,0 : 432.5"
"45,1 : 664.02"
"45,2 : 547.43"
"45,3 : 509.16"
"45,4 : 450.12"
"45,5 : 656.3"
"45,6 : 201.3"
"45,7 : 453.26"
"45,8 : 201.33"
"45,9 : 522.08"
"45,10 : 473.52"
"45,11 : 247.59"
"45,12 : 334.55"
"45,13 : 517.39"
"45,14 : 662.43"
"45,15 : 505.3"
"45,16 : 680.59"
"45,17 : 393.1"
"45,18 : 643.6"
"45,19 : 581.28"
"45,20 : 417.94"
"45,21 : 691.35"
"45,22 : 411.42"
"45,23 : 452.6"
"45,24 : 471.67"
"45,25 : 227.34"
"45,26 : 591.81"
"45,27 : 746.46"
"45,28 : 320.6"
"45,29 : 554.01"
"45,30 : 694.57"
"45,31 : 362.22"
"45,32 : 792.47"
"45,33 : 593.78"
"45,34 : 452.62"
"45,35 : 493.3"
"45,36 : 503.25"
"45,37 : 370.0"
"45,38 : 429.25"
"45,39 : 463.91"
"45,40 : 80.96"
"45,41 : 113.75"
"45,42 : 664.05"
"45,43 : 290.72"
"45,44 : 621.73"
"45,45 : 0.0"
"45,46 : 222.25"
"45,47 : 781.27"
"45,48 : 446.02"
"45,49 : 537.95"
"46,0 : 653.42"
"46,1 : 700.75"
"46,2 : 724.51"
"46,3 : 295.94"
"46,4 : 322.05"
"46,5 : 698.24"
"46,6 : 138.5"
"46,7 : 594.53"
"46,8 : 413.0"
"46,9 : 715.0"
"46,10 : 669.16"
"46,11 : 140.12"
"46,12 : 132.8"
"46,13 : 335.93"
"46,14 : 659.6"
"46,15 : 304.8"
"46,16 : 756.11"
"46,17 : 186.0"
"46,18 : 455.4"
"46,19 : 727.22"
"46,20 : 213.95"
"46,21 : 685.98"
"46,22 : 289.62"
"46,23 : 288.02"
"46,24 : 618.65"
"46,25 : 379.02"
"46,26 : 665.47"
"46,27 : 779.95"
"46,28 : 536.24"
"46,29 : 412.77"
"46,30 : 559.09"
"46,31 : 174.15"
"46,32 : 675.62"
"46,33 : 604.24"
"46,34 : 631.27"
"46,35 : 701.32"
"46,36 : 438.46"
"46,37 : 160.06"
"46,38 : 207.79"
"46,39 : 296.23"
"46,40 : 279.54"
"46,41 : 259.88"
"46,42 : 770.08"
"46,43 : 404.28"
"46,44 : 688.27"
"46,45 : 222.25"
"46,46 : 0.0"
"46,47 : 851.19"
"46,48 : 455.24"
"46,49 : 337.29"
"47,0 : 763.97"
"47,1 : 177.4"
"47,2 : 462.55"
"47,3 : 920.28"
"47,4 : 1172.21"
"47,5 : 170.47"
"47,6 : 941.55"
"47,7 : 380.05"
"47,8 : 681.27"
"47,9 : 543.28"
"47,10 : 558.81"
"47,11 : 719.67"
"47,12 : 827.12"
"47,13 : 1173.48"
"47,14 : 289.47"
"47,15 : 864.04"
"47,16 : 100.9"
"47,17 : 852.62"
"47,18 : 867.8"
"47,19 : 330.16"
"47,20 : 1040.26"
"47,21 : 287.27"
"47,22 : 664.15"
"47,23 : 750.4"
"47,24 : 381.63"
"47,25 : 975.03"
"47,26 : 190.08"
"47,27 : 143.35"
"47,28 : 686.09"
"47,29 : 693.95"
"47,30 : 697.0"
"47,31 : 800.26"
"47,32 : 660.05"
"47,33 : 290.72"
"47,34 : 486.14"
"47,35 : 637.22"
"47,36 : 513.91"
"47,37 : 986.8"
"47,38 : 938.64"
"47,39 : 1143.56"
"47,40 : 836.79"
"47,41 : 890.84"
"47,42 : 168.24"
"47,43 : 490.98"
"47,44 : 163.37"
"47,45 : 781.27"
"47,46 : 851.19"
"47,47 : 0.0"
"47,48 : 407.92"
"47,49 : 876.32"
"48,0 : 643.94"
"48,1 : 246.34"
"48,2 : 491.47"
"48,3 : 520.56"
"48,4 : 776.91"
"48,5 : 245.35"
"48,6 : 563.58"
"48,7 : 316.97"
"48,8 : 443.69"
"48,9 : 535.33"
"48,10 : 513.36"
"48,11 : 317.86"
