x,y
330,715
345,869
809,872
766,323
479,953
247,641
312,909
207,568
234,666
201,549
567,248
776,684
997,422
664,877
938,169
37,5
706,925
179,434
431,452
372,671
19,60
410,709
381,914
738,812
577,408
41,67
399,105
896,905
461,934
505,667
589,904
253,861
860,916
853,381
791,137
67,894
9,482
447,473
479,307
12,406
611,38
81,532
373,649
182,622
278,599
476,336
429,877
666,692
735,256
913,571

Distanze
"0,0 : 0.0"
"0,1 : 154.73"
"0,2 : 504.07"
"0,3 : 586.31"
"0,4 : 280.79"
"0,5 : 111.2"
"0,6 : 194.83"
"0,7 : 191.67"
"0,8 : 107.78"
"0,9 : 210.23"
"0,10 : 523.7"
"0,11 : 447.08"
"0,12 : 728.52"
"0,13 : 371.21"
"0,14 : 817.18"
"0,15 : 768.08"
"0,16 : 430.67"
"0,17 : 319.0"
"0,18 : 281.73"
"0,19 : 60.83"
"0,20 : 725.08"
"0,21 : 80.22"
"0,22 : 205.43"
"0,23 : 419.37"
"0,24 : 394.03"
"0,25 : 709.52"
"0,26 : 613.89"
"0,27 : 597.04"
"0,28 : 255.19"
"0,29 : 181.46"
"0,30 : 320.63"
"0,31 : 165.06"
"0,32 : 566.83"
"0,33 : 620.55"
"0,34 : 739.33"
"0,35 : 318.14"
"0,36 : 396.65"
"0,37 : 268.8"
"0,38 : 434.36"
"0,39 : 443.4"
"0,40 : 733.0"
"0,41 : 309.01"
"0,42 : 78.77"
"0,43 : 174.79"
"0,44 : 127.12"
"0,45 : 406.15"
"0,46 : 189.86"
"0,47 : 336.79"
"0,48 : 612.13"
"0,49 : 600.52"
"1,0 : 154.73"
"1,1 : 0.0"
"1,2 : 464.01"
"1,3 : 689.46"
"1,4 : 158.15"
"1,5 : 248.17"
"1,6 : 51.86"
"1,7 : 331.13"
"1,8 : 231.37"
"1,9 : 350.91"
"1,10 : 659.49"
"1,11 : 469.03"
"1,12 : 790.51"
"1,13 : 319.1"
"1,14 : 917.41"
"1,15 : 917.26"
"1,16 : 365.32"
"1,17 : 465.6"
"1,18 : 425.78"
"1,19 : 199.83"
"1,20 : 872.21"
"1,21 : 172.7"
"1,22 : 57.63"
"1,23 : 397.11"
"1,24 : 516.09"
"1,25 : 857.68"
"1,26 : 765.91"
"1,27 : 552.17"
"1,28 : 132.97"
"1,29 : 257.69"
"1,30 : 246.5"
"1,31 : 92.35"
"1,32 : 517.14"
"1,33 : 704.42"
"1,34 : 857.17"
"1,35 : 279.12"
"1,36 : 512.51"
"1,37 : 408.93"
"1,38 : 577.75"
"1,39 : 570.31"
"1,40 : 872.53"
"1,41 : 428.09"
"1,42 : 221.77"
"1,43 : 295.94"
"1,44 : 278.19"
"1,45 : 548.86"
"1,46 : 84.38"
"1,47 : 366.57"
"1,48 : 726.55"
"1,49 : 641.43"
"2,0 : 504.07"
"2,1 : 464.01"
"2,2 : 0.0"
"2,3 : 550.68"
"2,4 : 339.8"
"2,5 : 607.62"
"2,6 : 498.38"
"2,7 : 674.4"
"2,8 : 610.79"
"2,9 : 688.47"
"2,10 : 669.28"
"2,11 : 190.87"
"2,12 : 487.69"
"2,13 : 145.09"
"2,14 : 714.74"
"2,15 : 1160.89"
"2,16 : 115.84"
"2,17 : 767.3"
"2,18 : 565.05"
"2,19 : 481.01"
"2,20 : 1132.89"
"2,21 : 431.01"
"2,22 : 430.06"
"2,23 : 92.96"
"2,24 : 518.77"
"2,25 : 1112.59"
"2,26 : 869.71"
"2,27 : 93.05"
"2,28 : 353.48"
"2,29 : 366.66"
"2,30 : 222.32"
"2,31 : 556.11"
"2,32 : 67.36"
"2,33 : 492.97"
"2,34 : 735.22"
"2,35 : 742.33"
"2,36 : 890.0"
"2,37 : 538.74"
"2,38 : 654.31"
"2,39 : 923.24"
"2,40 : 857.18"
"2,41 : 803.48"
"2,42 : 489.72"
"2,43 : 675.0"
"2,44 : 597.07"
"2,45 : 631.02"
"2,46 : 380.03"
"2,47 : 229.89"
"2,48 : 620.43"
"2,49 : 318.46"
"3,0 : 586.31"
"3,1 : 689.46"
"3,2 : 550.68"
"3,3 : 0.0"
"3,4 : 692.29"
"3,5 : 608.67"
"3,6 : 741.29"
"3,7 : 610.33"
"3,8 : 632.99"
"3,9 : 608.52"
"3,10 : 212.66"
"3,11 : 361.14"
"3,12 : 251.32"
"3,13 : 563.31"
"3,14 : 230.87"
"3,15 : 795.34"
"3,16 : 604.98"
"3,17 : 597.4"
"3,18 : 358.98"
"3,19 : 525.68"
"3,20 : 791.95"
"3,21 : 525.1"
"3,22 : 705.34"
"3,23 : 489.8"
"3,24 : 207.23"
"3,25 : 768.87"
"3,26 : 426.86"
"3,27 : 596.34"
"3,28 : 682.9"
"3,29 : 431.81"
"3,30 : 607.36"
"3,31 : 743.38"
"3,32 : 600.4"
"3,33 : 104.56"
"3,34 : 187.67"
"3,35 : 902.58"
"3,36 : 773.52"
"3,37 : 352.51"
"3,38 : 287.45"
"3,39 : 758.55"
"3,40 : 324.42"
"3,41 : 716.17"
"3,42 : 510.61"
"3,43 : 656.09"
"3,44 : 560.64"
"3,45 : 290.29"
"3,46 : 648.45"
"3,47 : 382.31"
"3,48 : 73.82"
"3,49 : 288.29"
"4,0 : 280.79"
"4,1 : 158.15"
"4,2 : 339.8"
"4,3 : 692.29"
"4,4 : 0.0"
"4,5 : 388.8"
"4,6 : 172.7"
"4,7 : 471.39"
"4,8 : 377.35"
"4,9 : 490.41"
"4,10 : 710.47"
"4,11 : 400.71"
"4,12 : 741.81"
"4,13 : 200.0"
"4,14 : 908.48"
"4,15 : 1045.98"
"4,16 : 228.72"
"4,17 : 599.47"
"4,18 : 503.29"
"4,19 : 301.62"
"4,20 : 1004.51"
"4,21 : 253.57"
"4,22 : 105.48"
"4,23 : 294.89"
"4,24 : 553.74"
"4,25 : 988.35"
"4,26 : 851.77"
"4,27 : 419.75"
"4,28 : 26.17"
"4,29 : 287.18"
"4,30 : 120.42"
"4,31 : 244.01"
"4,32 : 382.79"
"4,33 : 683.42"
"4,34 : 873.61"
"4,35 : 416.2"
"4,36 : 665.39"
"4,37 : 481.07"
"4,38 : 646.0"
"4,39 : 719.23"
"4,40 : 924.47"
"4,41 : 579.35"
"4,42 : 321.95"
"4,43 : 444.71"
"4,44 : 407.08"
"4,45 : 617.01"
"4,46 : 90.97"
"4,47 : 321.08"
"4,48 : 742.53"
"4,49 : 578.17"
"5,0 : 111.2"
"5,1 : 248.17"
"5,2 : 607.62"
"5,3 : 608.67"
"5,4 : 388.8"
"5,5 : 0.0"
"5,6 : 275.77"
"5,7 : 83.24"
"5,8 : 28.18"
"5,9 : 102.86"
"5,10 : 506.8"
"5,11 : 530.74"
"5,12 : 781.32"
"5,13 : 479.15"
"5,14 : 836.82"
"5,15 : 669.77"
"5,16 : 539.76"
"5,17 : 217.88"
"5,18 : 263.77"
"5,19 : 128.55"
"5,20 : 624.14"
"5,21 : 176.62"
"5,22 : 304.11"
"5,23 : 519.92"
"5,24 : 403.97"
"5,25 : 609.85"
"5,26 : 557.14"
"5,27 : 700.64"
"5,28 : 362.83"
"5,29 : 259.31"
"5,30 : 431.43"
"5,31 : 220.08"
"5,32 : 671.86"
"5,33 : 659.42"
"5,34 : 741.59"
"5,35 : 310.5"
"5,36 : 286.23"
"5,37 : 261.2"
"5,38 : 406.67"
"5,39 : 332.34"
"5,40 : 704.35"
"5,41 : 198.59"
"5,42 : 126.25"
"5,43 : 67.72"
"5,44 : 52.2"
"5,45 : 381.4"
"5,46 : 298.03"
"5,47 : 422.09"
"5,48 : 621.59"
"5,49 : 669.67"
"6,0 : 194.83"
"6,1 : 51.86"
"6,2 : 498.38"
"6,3 : 741.29"
"6,4 : 172.7"
"6,5 : 275.77"
"6,6 : 0.0"
"6,7 : 356.8"
"6,8 : 255.21"
"6,9 : 376.72"
"6,10 : 708.48"
"6,11 : 515.68"
"6,12 : 840.47"
"6,13 : 353.45"
"6,14 : 969.27"
"6,15 : 944.9"
"6,16 : 394.32"
"6,17 : 493.27"
"6,18 : 472.24"
"6,19 : 245.45"
"6,20 : 898.14"
"6,21 : 222.72"
"6,22 : 69.18"
"6,23 : 436.9"
"6,24 : 566.77"
"6,25 : 884.54"
"6,26 : 808.69"
"6,27 : 584.01"
"6,28 : 151.08"
"6,29 : 309.54"
"6,30 : 277.05"
"6,31 : 76.06"
"6,32 : 548.04"
"6,33 : 755.95"
"6,34 : 908.53"
"6,35 : 245.46"
"6,36 : 523.58"
"6,37 : 456.42"
"6,38 : 624.73"
"6,39 : 585.67"
"6,40 : 920.89"
"6,41 : 442.14"
"6,42 : 267.06"
"6,43 : 315.07"
"6,44 : 311.86"
"6,45 : 596.01"
"6,46 : 121.3"
"6,47 : 415.22"
"6,48 : 778.03"
"6,49 : 689.53"
"7,0 : 191.67"
"7,1 : 331.13"
"7,2 : 674.4"
"7,3 : 610.33"
"7,4 : 471.39"
"7,5 : 83.24"
"7,6 : 356.8"
"7,7 : 0.0"
"7,8 : 101.65"
"7,9 : 19.92"
"7,10 : 481.66"
"7,11 : 580.7"
"7,12 : 803.38"
"7,13 : 551.66"
"7,14 : 832.8"
"7,15 : 588.11"
"7,16 : 613.56"
"7,17 : 136.89"
"7,18 : 252.25"
"7,19 : 194.51"
"7,20 : 541.67"
"7,21 : 247.16"
"7,22 : 387.29"
"7,23 : 584.38"
"7,24 : 403.11"
"7,25 : 527.78"
"7,26 : 501.23"
"7,27 : 767.0"
"7,28 : 445.5"
"7,29 : 314.01"
"7,30 : 508.74"
"7,31 : 296.59"
"7,32 : 739.94"
"7,33 : 672.52"
"7,34 : 725.82"
"7,35 : 354.79"
"7,36 : 215.87"
"7,37 : 258.12"
"7,38 : 376.97"
"7,39 : 253.51"
"7,40 : 666.42"
"7,41 : 131.04"
"7,42 : 184.71"
"7,43 : 59.51"
"7,44 : 77.47"
"7,45 : 355.23"
"7,46 : 380.48"
"7,47 : 475.45"
"7,48 : 613.29"
"7,49 : 706.01"
"8,0 : 107.78"
"8,1 : 231.37"
"8,2 : 610.79"
"8,3 : 632.99"
"8,4 : 377.35"
"8,5 : 28.18"
"8,6 : 255.21"
"8,7 : 101.65"
"8,8 : 0.0"
"8,9 : 121.56"
"8,10 : 534.43"
"8,11 : 542.3"
"8,12 : 801.06"
"8,13 : 478.98"
"8,14 : 861.76"
"8,15 : 689.73"
"8,16 : 538.39"
"8,17 : 238.43"
"8,18 : 290.87"
"8,19 : 138.09"
"8,20 : 643.01"
"8,21 : 181.18"
"8,22 : 288.29"
"8,23 : 524.72"
"8,24 : 429.2"
"8,25 : 629.33"
"8,26 : 584.76"
"8,27 : 703.82"
"8,28 : 351.22"
"8,29 : 271.0"
"8,30 : 427.4"
"8,31 : 195.92"
"8,32 : 674.07"
"8,33 : 681.46"
"8,34 : 768.17"
"8,35 : 282.62"
"8,36 : 290.66"
"8,37 : 287.43"
"8,38 : 434.63"
"8,39 : 341.88"
"8,40 : 732.47"
"8,41 : 203.38"
"8,42 : 140.04"
"8,43 : 68.12"
"8,44 : 80.16"
"8,45 : 409.22"
"8,46 : 287.31"
"8,47 : 432.78"
"8,48 : 647.38"
"8,49 : 685.61"
"9,0 : 210.23"
"9,1 : 350.91"
"9,2 : 688.47"
"9,3 : 608.52"
"9,4 : 490.41"
"9,5 : 102.86"
"9,6 : 376.72"
"9,7 : 19.92"
"9,8 : 121.56"
"9,9 : 0.0"
"9,10 : 473.87"
"9,11 : 590.64"
"9,12 : 806.07"
"9,13 : 567.41"
"9,14 : 829.2"
"9,15 : 568.18"
"9,16 : 629.6"
"9,17 : 117.09"
"9,18 : 249.62"
"9,19 : 210.06"
"9,20 : 521.77"
"9,21 : 263.21"
"9,22 : 406.97"
"9,23 : 597.94"
"9,24 : 401.57"
"9,25 : 507.86"
"9,26 : 486.15"
"9,27 : 780.87"
"9,28 : 464.57"
"9,29 : 326.1"
"9,30 : 525.9"
"9,31 : 316.3"
"9,32 : 754.3"
"9,33 : 673.3"
"9,34 : 719.61"
"9,35 : 370.11"
"9,36 : 203.35"
"9,37 : 257.47"
"9,38 : 368.58"
"9,39 : 237.0"
"9,40 : 655.15"
"9,41 : 121.2"
"9,42 : 198.96"
"9,43 : 75.43"
"9,44 : 91.81"
"9,45 : 347.84"
"9,46 : 399.46"
"9,47 : 486.49"
"9,48 : 609.1"
"9,49 : 712.34"
"10,0 : 523.7"
"10,1 : 659.49"
"10,2 : 669.28"
"10,3 : 212.66"
"10,4 : 710.47"
"10,5 : 506.8"
"10,6 : 708.48"
"10,7 : 481.66"
"10,8 : 534.43"
"10,9 : 473.87"
"10,10 : 0.0"
"10,11 : 483.5"
"10,12 : 463.87"
"10,13 : 636.44"
"10,14 : 379.32"
"10,15 : 583.05"
"10,16 : 691.12"
"10,17 : 430.28"
"10,18 : 245.18"
"10,19 : 465.78"
"10,20 : 579.35"
"10,21 : 487.0"
"10,22 : 691.49"
"10,23 : 589.35"
"10,24 : 160.31"
"10,25 : 556.27"
"10,26 : 220.62"
"10,27 : 734.77"
"10,28 : 694.14"
"10,29 : 423.56"
"10,30 : 656.37"
"10,31 : 688.74"
"10,32 : 729.43"
"10,33 : 315.41"
"10,34 : 249.99"
"10,35 : 816.89"
"10,36 : 605.08"
"10,37 : 255.0"
"10,38 : 105.95"
"10,39 : 577.05"
"10,40 : 214.56"
"10,41 : 562.9"
"10,42 : 445.46"
"10,43 : 536.75"
"10,44 : 454.67"
"10,45 : 126.59"
"10,46 : 643.96"
"10,47 : 454.9"
"10,48 : 168.19"
"10,49 : 473.33"
"11,0 : 447.08"
"11,1 : 469.03"
"11,2 : 190.87"
"11,3 : 361.14"
"11,4 : 400.71"
"11,5 : 530.74"
"11,6 : 515.68"
"11,7 : 580.7"
"11,8 : 542.3"
"11,9 : 590.64"
"11,10 : 483.5"
"11,11 : 0.0"
"11,12 : 342.76"
"11,13 : 223.14"
"11,14 : 539.88"
"11,15 : 1003.57"
"11,16 : 250.96"
"11,17 : 647.23"
"11,18 : 415.75"
"11,19 : 404.21"
"11,20 : 981.03"
"11,21 : 366.85"
"11,22 : 457.08"
"11,23 : 133.52"
"11,24 : 340.26"
"11,25 : 959.64"
"11,26 : 690.92"
"11,27 : 251.48"
"11,28 : 402.15"
"11,29 : 271.53"
"11,30 : 288.74"
"11,31 : 552.14"
"11,32 : 246.74"
"11,33 : 312.63"
"11,34 : 547.21"
"11,35 : 739.45"
"11,36 : 793.15"
"11,37 : 390.85"
"11,38 : 479.94"
"11,39 : 813.01"
"11,40 : 666.74"
"11,41 : 711.43"
"11,42 : 404.52"
"11,43 : 597.23"
"11,44 : 505.2"
"11,45 : 459.46"
"11,46 : 397.06"
"11,47 : 110.29"
"11,48 : 429.96"
"11,49 : 177.59"
"12,0 : 728.52"
"12,1 : 790.51"
"12,2 : 487.69"
"12,3 : 251.32"
"12,4 : 741.81"
"12,5 : 781.32"
"12,6 : 840.47"
"12,7 : 803.38"
"12,8 : 801.06"
"12,9 : 806.07"
"12,10 : 463.87"
"12,11 : 342.76"
"12,12 : 0.0"
"12,13 : 563.84"
"12,14 : 259.79"
"12,15 : 1046.66"
"12,16 : 581.11"
"12,17 : 818.09"
"12,18 : 566.79"
"12,19 : 672.77"
"12,20 : 1042.85"
"12,21 : 653.4"
"12,22 : 788.37"
"12,23 : 468.17"
"12,24 : 420.23"
"12,25 : 1019.78"
"12,26 : 676.83"
"12,27 : 493.45"
"12,28 : 741.24"
"12,29 : 549.63"
"12,30 : 631.5"
"12,31 : 863.86"
"12,32 : 512.65"
"12,33 : 149.72"
"12,34 : 351.65"
"12,35 : 1042.92"
"12,36 : 989.82"
"12,37 : 552.36"
"12,38 : 530.61"
"12,39 : 985.13"
"12,40 : 544.47"
"12,41 : 922.58"
"12,42 : 664.01"
"12,43 : 839.18"
"12,44 : 740.47"
"12,45 : 528.05"
"12,46 : 727.77"
"12,47 : 427.15"
"12,48 : 310.16"
"12,49 : 171.05"
"13,0 : 371.21"
"13,1 : 319.1"
"13,2 : 145.09"
"13,3 : 563.31"
"13,4 : 200.0"
"13,5 : 479.15"
"13,6 : 353.45"
"13,7 : 551.66"
"13,8 : 478.98"
"13,9 : 567.41"
"13,10 : 636.44"
"13,11 : 223.14"
"13,12 : 563.84"
"13,13 : 0.0"
"13,14 : 759.17"
"13,15 : 1074.02"
"13,16 : 63.78"
"13,17 : 656.87"
"13,18 : 484.68"
"13,19 : 357.35"
"13,20 : 1040.92"
"13,21 : 304.53"
"13,22 : 285.41"
"13,23 : 98.49"
"13,24 : 477.0"
"13,25 : 1021.88"
"13,26 : 816.22"
"13,27 : 233.68"
"13,28 : 210.85"
"13,29 : 263.4"
"13,30 : 79.71"
"13,31 : 411.31"
"13,32 : 199.84"
"13,33 : 530.79"
"13,34 : 750.82"
"13,35 : 597.24"
"13,36 : 764.89"
"13,37 : 458.59"
"13,38 : 599.27"
"13,39 : 804.33"
"13,40 : 840.67"
"13,41 : 677.43"
"13,42 : 369.68"
"13,43 : 545.3"
"13,44 : 475.69"
"13,45 : 572.73"
"13,46 : 235.0"
"13,47 : 185.01"
"13,48 : 625.05"
"13,49 : 394.51"
"14,0 : 817.18"
"14,1 : 917.41"
"14,2 : 714.74"
"14,3 : 230.87"
"14,4 : 908.48"
"14,5 : 836.82"
"14,6 : 969.27"
"14,7 : 832.8"
"14,8 : 861.76"
"14,9 : 829.2"
"14,10 : 379.32"
"14,11 : 539.88"
"14,12 : 259.79"
"14,13 : 759.17"
"14,14 : 0.0"
"14,15 : 915.8"
"14,16 : 790.8"
"14,17 : 803.93"
"14,18 : 580.64"
"14,19 : 756.54"
"14,20 : 925.44"
"14,21 : 755.24"
"14,22 : 930.2"
"14,23 : 673.39"
"14,24 : 432.95"
"14,25 : 902.78"
"14,26 : 542.79"
"14,27 : 737.2"
"14,28 : 901.53"
"14,29 : 659.92"
"14,30 : 813.65"
"14,31 : 973.7"
"14,32 : 751.06"
"14,33 : 228.41"
"14,34 : 150.44"
"14,35 : 1133.25"
"14,36 : 980.31"
"14,37 : 577.49"
"14,38 : 479.3"
"14,39 : 955.85"
"14,40 : 352.26"
"14,41 : 930.71"
"14,42 : 741.37"
"14,43 : 881.33"
"14,44 : 787.72"
"14,45 : 491.26"
"14,46 : 871.98"
"14,47 : 589.5"
"14,48 : 220.86"
"14,49 : 402.78"
"15,0 : 768.08"
"15,1 : 917.26"
"15,2 : 1160.89"
"15,3 : 795.34"
"15,4 : 1045.98"
"15,5 : 669.77"
"15,6 : 944.9"
"15,7 : 588.11"
"15,8 : 689.73"
"15,9 : 568.18"
"15,10 : 583.05"
"15,11 : 1003.57"
"15,12 : 1046.66"
"15,13 : 1074.02"
"15,14 : 915.8"
"15,15 : 0.0"
"15,16 : 1137.52"
"15,17 : 451.89"
"15,18 : 595.86"
"15,19 : 745.51"
"15,20 : 57.87"
"15,21 : 796.71"
"15,22 : 971.91"
"15,23 : 1068.95"
"15,24 : 673.8"
"15,25 : 62.13"
"15,26 : 375.56"
"15,27 : 1244.14"
"15,28 : 1021.18"
"15,29 : 810.72"
"15,30 : 1054.94"
"15,31 : 882.83"
"15,32 : 1227.7"
"15,33 : 898.46"
"15,34 : 765.47"
"15,35 : 889.51"
"15,36 : 477.82"
"15,37 : 622.19"
"15,38 : 535.32"
"15,39 : 401.78"
"15,40 : 574.95"
"15,41 : 528.83"
"15,42 : 726.38"
"15,43 : 633.81"
"15,44 : 641.03"
"15,45 : 549.8"
"15,46 : 956.06"
"15,47 : 931.46"
"15,48 : 741.76"
"15,49 : 1042.94"
"16,0 : 430.67"
"16,1 : 365.32"
"16,2 : 115.84"
"16,3 : 604.98"
"16,4 : 228.72"
"16,5 : 539.76"
"16,6 : 394.32"
"16,7 : 613.56"
"16,8 : 538.39"
"16,9 : 629.6"
"16,10 : 691.12"
"16,11 : 250.96"
"16,12 : 581.11"
"16,13 : 63.78"
"16,14 : 790.8"
"16,15 : 1137.52"
"16,16 : 0.0"
"16,17 : 720.28"
"16,18 : 547.13"
"16,19 : 419.61"
"16,20 : 1104.62"
"16,21 : 366.43"
"16,22 : 325.19"
"16,23 : 117.44"
"16,24 : 532.85"
"16,25 : 1085.54"
"16,26 : 875.58"
"16,27 : 191.05"
"16,28 : 245.17"
"16,29 : 327.06"
"16,30 : 118.87"
"16,31 : 457.5"
"16,32 : 154.26"
"16,33 : 563.51"
"16,34 : 792.57"
"16,35 : 639.75"
"16,36 : 825.87"
"16,37 : 520.95"
"16,38 : 658.37"
"16,39 : 866.6"
"16,40 : 892.07"
"16,41 : 738.29"
"16,42 : 432.51"
"16,43 : 605.3"
"16,44 : 538.01"
"16,45 : 632.31"
"16,46 : 281.13"
"16,47 : 236.41"
"16,48 : 669.63"
"16,49 : 410.08"
"17,0 : 319.0"
"17,1 : 465.6"
"17,2 : 767.3"
"17,3 : 597.4"
"17,4 : 599.47"
"17,5 : 217.88"
"17,6 : 493.27"
"17,7 : 136.89"
"17,8 : 238.43"
"17,9 : 117.09"
"17,10 : 430.28"
"17,11 : 647.23"
"17,12 : 818.09"
"17,13 : 656.87"
"17,14 : 803.93"
"17,15 : 451.89"
"17,16 : 720.28"
"17,17 : 0.0"
"17,18 : 252.64"
"17,19 : 305.64"
"17,20 : 406.79"
"17,21 : 359.15"
"17,22 : 520.77"
"17,23 : 674.81"
"17,24 : 398.85"
"17,25 : 392.09"
"17,26 : 395.78"
"17,27 : 857.86"
"17,28 : 574.04"
"17,29 : 400.71"
"17,30 : 623.7"
"17,31 : 433.36"
"17,32 : 834.32"
"17,33 : 676.08"
"17,34 : 680.26"
"17,35 : 473.44"
"17,36 : 176.65"
"17,37 : 270.82"
"17,38 : 325.77"
"17,39 : 169.33"
"17,40 : 586.04"
"17,41 : 138.59"
"17,42 : 289.59"
"17,43 : 188.02"
"17,44 : 192.42"
"17,45 : 312.75"
"17,46 : 508.67"
"17,47 : 551.12"
"17,48 : 583.8"
"17,49 : 746.68"
"18,0 : 281.73"
"18,1 : 425.78"
"18,2 : 565.05"
"18,3 : 358.98"
"18,4 : 503.29"
"18,5 : 263.77"
"18,6 : 472.24"
"18,7 : 252.25"
"18,8 : 290.87"
"18,9 : 249.62"
"18,10 : 245.18"
"18,11 : 415.75"
"18,12 : 566.79"
"18,13 : 484.68"
"18,14 : 580.64"
"18,15 : 595.86"
"18,16 : 547.13"
"18,17 : 252.64"
"18,18 : 0.0"
"18,19 : 226.81"
"18,20 : 568.69"
"18,21 : 257.86"
"18,22 : 464.7"
"18,23 : 473.13"
"18,24 : 152.49"
"18,25 : 548.02"
"18,26 : 348.47"
"18,27 : 649.18"
"18,28 : 482.93"
"18,29 : 227.38"
"18,30 : 478.82"
"18,31 : 446.05"
"18,32 : 631.93"
"18,33 : 427.93"
"18,34 : 478.36"
"18,35 : 572.59"
"18,36 : 423.07"
"18,37 : 26.4"
"18,38 : 152.74"
"18,39 : 421.52"
"18,40 : 451.44"
"18,41 : 359.03"
"18,42 : 205.36"
"18,43 : 301.5"
"18,44 : 212.17"
"18,45 : 124.42"
"18,46 : 425.0"
"18,47 : 335.89"
"18,48 : 361.71"
"18,49 : 496.47"
"19,0 : 60.83"
"19,1 : 199.83"
"19,2 : 481.01"
"19,3 : 525.68"
"19,4 : 301.62"
"19,5 : 128.55"
"19,6 : 245.45"
"19,7 : 194.51"
"19,8 : 138.09"
"19,9 : 210.06"
"19,10 : 465.78"
"19,11 : 404.21"
"19,12 : 672.77"
"19,13 : 357.35"
"19,14 : 756.54"
"19,15 : 745.51"
"19,16 : 419.61"
"19,17 : 305.64"
"19,18 : 226.81"
"19,19 : 0.0"
"19,20 : 705.64"
"19,21 : 53.74"
"19,22 : 243.17"
"19,23 : 392.22"
"19,24 : 333.46"
"19,25 : 688.75"
"19,26 : 566.64"
"19,27 : 573.87"
"19,28 : 277.65"
"19,29 : 133.06"
"19,30 : 318.4"
"19,31 : 224.19"
"19,32 : 546.05"
"19,33 : 561.66"
"19,34 : 678.76"
"19,35 : 377.83"
"19,36 : 409.26"
"19,37 : 211.73"
"19,38 : 379.4"
"19,39 : 447.02"
"19,40 : 676.62"
"19,41 : 322.49"
"19,42 : 22.02"
"19,43 : 196.22"
"19,44 : 118.41"
"19,45 : 350.77"
"19,46 : 213.74"
"19,47 : 294.75"
"19,48 : 551.36"
"19,49 : 550.16"
"20,0 : 725.08"
"20,1 : 872.21"
"20,2 : 1132.89"
"20,3 : 791.95"
"20,4 : 1004.51"
"20,5 : 624.14"
"20,6 : 898.14"
"20,7 : 541.67"
"20,8 : 643.01"
"20,9 : 521.77"
"20,10 : 579.35"
"20,11 : 981.03"
"20,12 : 1042.85"
"20,13 : 1040.92"
"20,14 : 925.44"
"20,15 : 57.87"
"20,16 : 1104.62"
"20,17 : 406.79"
"20,18 : 568.69"
"20,19 : 705.64"
"20,20 : 0.0"
"20,21 : 757.68"
"20,22 : 927.56"
"20,23 : 1040.42"
"20,24 : 657.62"
"20,25 : 23.09"
"20,26 : 382.66"
"20,27 : 1217.85"
"20,28 : 979.41"
"20,29 : 777.59"
"20,30 : 1018.45"
"20,31 : 834.48"
"20,32 : 1200.01"
"20,33 : 893.64"
"20,34 : 775.83"
"20,35 : 835.38"
"20,36 : 422.12"
"20,37 : 594.77"
"20,38 : 522.12"
"20,39 : 346.07"
"20,40 : 592.41"
"20,41 : 476.05"
"20,42 : 687.2"
"20,43 : 585.16"
"20,44 : 598.0"
"20,45 : 533.88"
"20,46 : 914.11"
"20,47 : 904.45"
"20,48 : 742.34"
"20,49 : 1029.74"
"21,0 : 80.22"
"21,1 : 172.7"
"21,2 : 431.01"
"21,3 : 525.1"
"21,4 : 253.57"
"21,5 : 176.62"
"21,6 : 222.72"
"21,7 : 247.16"
"21,8 : 181.18"
"21,9 : 263.21"
"21,10 : 487.0"
"21,11 : 366.85"
"21,12 : 653.4"
"21,13 : 304.53"
"21,14 : 755.24"
"21,15 : 796.71"
"21,16 : 366.43"
"21,17 : 359.15"
"21,18 : 257.86"
"21,19 : 53.74"
"21,20 : 757.68"
"21,21 : 0.0"
"21,22 : 207.04"
"21,23 : 343.79"
"21,24 : 344.22"
"21,25 : 740.49"
"21,26 : 604.1"
"21,27 : 524.03"
"21,28 : 230.71"
"21,29 : 103.87"
"21,30 : 264.7"
"21,31 : 218.52"
"21,32 : 495.33"
"21,33 : 551.21"
"21,34 : 687.27"
"21,35 : 389.71"
"21,36 : 460.79"
"21,37 : 238.88"
"21,38 : 407.88"
"21,39 : 500.21"
"21,40 : 700.46"
"21,41 : 373.59"
"21,42 : 70.49"
"21,43 : 244.03"
"21,44 : 171.83"
"21,45 : 378.79"
"21,46 : 169.07"
"21,47 : 256.56"
"21,48 : 557.52"
"21,49 : 521.59"
"22,0 : 205.43"
"22,1 : 57.63"
"22,2 : 430.06"
"22,3 : 705.34"
"22,4 : 105.48"
"22,5 : 304.11"
"22,6 : 69.18"
"22,7 : 387.29"
"22,8 : 288.29"
"22,9 : 406.97"
"22,10 : 691.49"
"22,11 : 457.08"
"22,12 : 788.37"
"22,13 : 285.41"
"22,14 : 930.2"
"22,15 : 971.91"
"22,16 : 325.19"
"22,17 : 520.77"
"22,18 : 464.7"
"22,19 : 243.17"
"22,20 : 927.56"
"22,21 : 207.04"
"22,22 : 0.0"
"22,23 : 371.29"
"22,24 : 542.63"
"22,25 : 912.69"
"22,26 : 809.2"
"22,27 : 515.08"
"22,28 : 82.46"
"22,29 : 276.38"
"22,30 : 208.24"
"22,31 : 138.54"
"22,32 : 479.0"
"22,33 : 711.95"
"22,34 : 878.54"
"22,35 : 314.64"
"22,36 : 570.09"
"22,37 : 445.91"
"22,38 : 614.86"
"22,39 : 627.87"
"22,40 : 905.69"
"22,41 : 485.72"
"22,42 : 265.12"
"22,43 : 353.36"
"22,44 : 331.41"
"22,45 : 585.76"
"22,46 : 60.61"
"22,47 : 361.26"
"22,48 : 747.18"
"22,49 : 632.99"
"23,0 : 419.37"
"23,1 : 397.11"
"23,2 : 92.96"
"23,3 : 489.8"
"23,4 : 294.89"
"23,5 : 519.92"
"23,6 : 436.9"
"23,7 : 584.38"
"23,8 : 524.72"
"23,9 : 597.94"
"23,10 : 589.35"
"23,11 : 133.52"
"23,12 : 468.17"
"23,13 : 98.49"
"23,14 : 673.39"
"23,15 : 1068.95"
"23,16 : 117.44"
"23,17 : 674.81"
"23,18 : 473.13"
"23,19 : 392.22"
"23,20 : 1040.42"
"23,21 : 343.79"
"23,22 : 371.29"
"23,23 : 0.0"
"23,24 : 434.9"
"23,25 : 1020.21"
"23,26 : 784.07"
"23,27 : 183.34"
"23,28 : 302.68"
"23,29 : 274.43"
"23,30 : 175.11"
"23,31 : 487.47"
"23,32 : 160.31"
"23,33 : 446.08"
"23,34 : 677.08"
"23,35 : 675.99"
"23,36 : 800.21"
"23,37 : 446.77"
"23,38 : 567.54"
"23,39 : 831.81"
"23,40 : 784.35"
"23,41 : 714.18"
"23,42 : 399.74"
"23,43 : 587.57"
"23,44 : 506.92"
"23,45 : 543.34"
"23,46 : 315.76"
"23,47 : 139.94"
"23,48 : 556.01"
"23,49 : 297.84"
"24,0 : 394.03"
"24,1 : 516.09"
"24,2 : 518.77"
"24,3 : 207.23"
"24,4 : 553.74"
"24,5 : 403.97"
"24,6 : 566.77"
"24,7 : 403.11"
"24,8 : 429.2"
"24,9 : 401.57"
"24,10 : 160.31"
"24,11 : 340.26"
"24,12 : 420.23"
"24,13 : 477.0"
"24,14 : 432.95"
"24,15 : 673.8"
"24,16 : 532.85"
"24,17 : 398.85"
"24,18 : 152.49"
"24,19 : 333.46"
"24,20 : 657.62"
"24,21 : 344.22"
"24,22 : 542.63"
"24,23 : 434.9"
"24,24 : 0.0"
"24,25 : 635.28"
"24,26 : 351.42"
"24,27 : 590.57"
"24,28 : 538.64"
"24,29 : 268.82"
"24,30 : 496.15"
"24,31 : 556.94"
"24,32 : 581.51"
"24,33 : 277.32"
"24,34 : 345.31"
"24,35 : 704.48"
"24,36 : 572.8"
"24,37 : 145.34"
"24,38 : 140.73"
"24,39 : 565.0"
"24,40 : 371.56"
"24,41 : 511.27"
"24,42 : 315.75"
"24,43 : 449.24"
"24,44 : 354.8"
"24,45 : 124.04"
"24,46 : 491.8"
"24,47 : 297.62"
"24,48 : 219.24"
"24,49 : 373.45"
"25,0 : 709.52"
"25,1 : 857.68"
"25,2 : 1112.59"
"25,3 : 768.87"
"25,4 : 988.35"
"25,5 : 609.85"
"25,6 : 884.54"
"25,7 : 527.78"
"25,8 : 629.33"
"25,9 : 507.86"
"25,10 : 556.27"
"25,11 : 959.64"
"25,12 : 1019.78"
"25,13 : 1021.88"
"25,14 : 902.78"
"25,15 : 62.13"
"25,16 : 1085.54"
"25,17 : 392.09"
"25,18 : 548.02"
"25,19 : 688.75"
"25,20 : 23.09"
"25,21 : 740.49"
"25,22 : 912.69"
"25,23 : 1020.21"
"25,24 : 635.28"
"25,25 : 0.0"
"25,26 : 360.01"
"25,27 : 1197.19"
"25,28 : 963.37"
"25,29 : 758.48"
"25,30 : 1000.44"
"25,31 : 821.82"
"25,32 : 1179.64"
"25,33 : 870.6"
"25,34 : 753.26"
"25,35 : 827.41"
"25,36 : 416.23"
"25,37 : 574.17"
"25,38 : 499.44"
"25,39 : 340.24"
"25,40 : 570.74"
"25,41 : 466.72"
"25,42 : 670.04"
"25,43 : 572.63"
"25,44 : 582.4"
"25,45 : 511.45"
"25,46 : 898.13"
"25,47 : 883.88"
"25,48 : 719.28"
"25,49 : 1007.17"
"26,0 : 613.89"
"26,1 : 765.91"
"26,2 : 869.71"
"26,3 : 426.86"
"26,4 : 851.77"
"26,5 : 557.14"
"26,6 : 808.69"
"26,7 : 501.23"
"26,8 : 584.76"
"26,9 : 486.15"
"26,10 : 220.62"
"26,11 : 690.92"
"26,12 : 676.83"
"26,13 : 816.22"
"26,14 : 542.79"
"26,15 : 375.56"
"26,16 : 875.58"
"26,17 : 395.78"
"26,18 : 348.47"
"26,19 : 566.64"
"26,20 : 382.66"
"26,21 : 604.1"
"26,22 : 809.2"
"26,23 : 784.07"
"26,24 : 351.42"
"26,25 : 360.01"
"26,26 : 0.0"
"26,27 : 941.81"
"26,28 : 831.32"
"26,29 : 571.91"
"26,30 : 821.28"
"26,31 : 769.97"
"26,32 : 932.87"
"26,33 : 531.31"
"26,34 : 393.3"
"26,35 : 856.01"
"26,36 : 542.43"
"26,37 : 371.12"
"26,38 : 217.26"
"26,39 : 490.28"
"26,40 : 222.34"
"26,41 : 532.4"
"26,42 : 544.62"
"26,43 : 560.69"
"26,44 : 508.6"
"26,45 : 243.5"
"26,46 : 772.58"
"26,47 : 644.87"
"26,48 : 368.37"
"26,49 : 693.8"
"27,0 : 597.04"
"27,1 : 552.17"
"27,2 : 93.05"
"27,3 : 596.34"
"27,4 : 419.75"
"27,5 : 700.64"
"27,6 : 584.01"
"27,7 : 767.0"
"27,8 : 703.82"
"27,9 : 780.87"
"27,10 : 734.77"
"27,11 : 251.48"
"27,12 : 493.45"
"27,13 : 233.68"
"27,14 : 737.2"
"27,15 : 1244.14"
"27,16 : 191.05"
"27,17 : 857.86"
"27,18 : 649.18"
"27,19 : 573.87"
"27,20 : 1217.85"
"27,21 : 524.03"
"27,22 : 515.08"
"27,23 : 183.34"
"27,24 : 590.57"
"27,25 : 1197.19"
"27,26 : 941.81"
"27,27 : 0.0"
"27,28 : 435.97"
"27,29 : 457.74"
"27,30 : 307.0"
"27,31 : 644.5"
"27,32 : 37.64"
"27,33 : 525.76"
"27,34 : 775.14"
"27,35 : 829.07"
"27,36 : 982.7"
"27,37 : 623.08"
"27,38 : 729.04"
"27,39 : 1015.11"
"27,40 : 912.64"
"27,41 : 896.3"
"27,42 : 582.29"
"27,43 : 768.04"
"27,44 : 689.61"
"27,45 : 707.22"
"27,46 : 467.84"
"27,47 : 313.48"
"27,48 : 668.67"
"27,49 : 334.43"
"28,0 : 255.19"
"28,1 : 132.97"
"28,2 : 353.48"
"28,3 : 682.9"
"28,4 : 26.17"
"28,5 : 362.83"
"28,6 : 151.08"
"28,7 : 445.5"
"28,8 : 351.22"
"28,9 : 464.57"
"28,10 : 694.14"
"28,11 : 402.15"
"28,12 : 741.24"
"28,13 : 210.85"
"28,14 : 901.53"
"28,15 : 1021.18"
"28,16 : 245.17"
"28,17 : 574.04"
"28,18 : 482.93"
"28,19 : 277.65"
"28,20 : 979.41"
"28,21 : 230.71"
"28,22 : 82.46"
"28,23 : 302.68"
"28,24 : 538.64"
"28,25 : 963.37"
"28,26 : 831.32"
"28,27 : 435.97"
"28,28 : 0.0"
"28,29 : 270.6"
"28,30 : 131.47"
"28,31 : 220.44"
"28,32 : 399.41"
"28,33 : 677.84"
"28,34 : 862.62"
"28,35 : 396.03"
"28,36 : 639.22"
"28,37 : 461.21"
"28,38 : 627.26"
"28,39 : 693.1"
"28,40 : 908.47"
"28,41 : 553.18"
"28,42 : 298.28"
"28,43 : 418.55"
"28,44 : 381.73"
"28,45 : 598.19"
"28,46 : 65.37"
"28,47 : 317.16"
"28,48 : 731.27"
"28,49 : 579.72"
"29,0 : 181.46"
"29,1 : 257.69"
"29,2 : 366.66"
"29,3 : 431.81"
"29,4 : 287.18"
"29,5 : 259.31"
"29,6 : 309.54"
"29,7 : 314.01"
"29,8 : 271.0"
"29,9 : 326.1"
"29,10 : 423.56"
"29,11 : 271.53"
"29,12 : 549.63"
"29,13 : 263.4"
"29,14 : 659.92"
"29,15 : 810.72"
"29,16 : 327.06"
"29,17 : 400.71"
"29,18 : 227.38"
"29,19 : 133.06"
"29,20 : 777.59"
"29,21 : 103.87"
"29,22 : 276.38"
"29,23 : 274.43"
"29,24 : 268.82"
"29,25 : 758.48"
"29,26 : 571.91"
"29,27 : 457.74"
"29,28 : 270.6"
"29,29 : 0.0"
"29,30 : 251.45"
"29,31 : 318.03"
"29,32 : 433.62"
"29,33 : 450.44"
"29,34 : 602.24"
"29,35 : 493.33"
"29,36 : 529.38"
"29,37 : 202.48"
"29,38 : 360.94"
"29,39 : 557.83"
"29,40 : 637.87"
"29,41 : 444.97"
"29,42 : 133.22"
"29,43 : 326.12"
"29,44 : 236.97"
"29,45 : 332.27"
"29,46 : 223.33"
"29,47 : 162.93"
"29,48 : 470.98"
"29,49 : 419.14"
"30,0 : 320.63"
"30,1 : 246.5"
"30,2 : 222.32"
"30,3 : 607.36"
"30,4 : 120.42"
"30,5 : 431.43"
"30,6 : 277.05"
"30,7 : 508.74"
"30,8 : 427.4"
"30,9 : 525.9"
"30,10 : 656.37"
"30,11 : 288.74"
"30,12 : 631.5"
"30,13 : 79.71"
"30,14 : 813.65"
"30,15 : 1054.94"
"30,16 : 118.87"
"30,17 : 623.7"
"30,18 : 478.82"
"30,19 : 318.4"
"30,20 : 1018.45"
"30,21 : 264.7"
"30,22 : 208.24"
"30,23 : 175.11"
"30,24 : 496.15"
"30,25 : 1000.44"
"30,26 : 821.28"
"30,27 : 307.0"
"30,28 : 131.47"
"30,29 : 251.45"
"30,30 : 0.0"
"30,31 : 338.74"
"30,32 : 271.27"
"30,33 : 585.85"
"30,34 : 793.15"
"30,35 : 522.1"
"30,36 : 717.28"
"30,37 : 453.79"
"30,38 : 607.05"
"30,39 : 762.19"
"30,40 : 866.28"
"30,41 : 629.64"
"30,42 : 334.19"
"30,43 : 495.15"
"30,44 : 435.6"
"30,45 : 579.13"
"30,46 : 162.26"
"30,47 : 225.55"
"30,48 : 664.24"
"30,49 : 464.61"
"31,0 : 165.06"
"31,1 : 92.35"
"31,2 : 556.11"
"31,3 : 743.38"
"31,4 : 244.01"
"31,5 : 220.08"
"31,6 : 76.06"
"31,7 : 296.59"
"31,8 : 195.92"
"31,9 : 316.3"
"31,10 : 688.74"
"31,11 : 552.14"
"31,12 : 863.86"
"31,13 : 411.31"
"31,14 : 973.7"
"31,15 : 882.83"
"31,16 : 457.5"
"31,17 : 433.36"
"31,18 : 446.05"
"31,19 : 224.19"
"31,20 : 834.48"
"31,21 : 218.52"
"31,22 : 138.54"
"31,23 : 487.47"
"31,24 : 556.94"
"31,25 : 821.82"
"31,26 : 769.97"
"31,27 : 644.5"
"31,28 : 220.44"
"31,29 : 318.03"
"31,30 : 338.74"
"31,31 : 0.0"
"31,32 : 609.49"
"31,33 : 768.37"
"31,34 : 902.01"
"31,35 : 188.9"
"31,36 : 450.75"
"31,37 : 433.8"
"31,38 : 598.32"
"31,39 : 514.88"
"31,40 : 897.49"
"31,41 : 371.25"
"31,42 : 243.61"
"31,43 : 249.32"
"31,44 : 263.19"
"31,45 : 570.4"
"31,46 : 176.73"
"31,47 : 446.24"
"31,48 : 773.53"
"31,49 : 720.9"
"32,0 : 566.83"
"32,1 : 517.14"
"32,2 : 67.36"
"32,3 : 600.4"
"32,4 : 382.79"
"32,5 : 671.86"
"32,6 : 548.04"
"32,7 : 739.94"
"32,8 : 674.07"
"32,9 : 754.3"
"32,10 : 729.43"
"32,11 : 246.74"
"32,12 : 512.65"
"32,13 : 199.84"
"32,14 : 751.06"
"32,15 : 1227.7"
"32,16 : 154.26"
"32,17 : 834.32"
"32,18 : 631.93"
"32,19 : 546.05"
"32,20 : 1200.01"
"32,21 : 495.33"
"32,22 : 479.0"
"32,23 : 160.31"
"32,24 : 581.51"
"32,25 : 1179.64"
"32,26 : 932.87"
"32,27 : 37.64"
"32,28 : 399.41"
"32,29 : 433.62"
"32,30 : 271.27"
"32,31 : 609.49"
"32,32 : 0.0"
"32,33 : 535.05"
"32,34 : 782.05"
"32,35 : 793.31"
"32,36 : 955.28"
"32,37 : 605.66"
"32,38 : 718.36"
"32,39 : 989.55"
"32,40 : 912.63"
"32,41 : 868.5"
"32,42 : 555.39"
"32,43 : 739.0"
"32,44 : 662.73"
"32,45 : 695.6"
"32,46 : 432.76"
"32,47 : 296.33"
"32,48 : 671.73"
"32,49 : 349.05"
"33,0 : 620.55"
"33,1 : 704.42"
"33,2 : 492.97"
"33,3 : 104.56"
"33,4 : 683.42"
"33,5 : 659.42"
"33,6 : 755.95"
"33,7 : 672.52"
"33,8 : 681.46"
"33,9 : 673.3"
"33,10 : 315.41"
"33,11 : 312.63"
"33,12 : 149.72"
"33,13 : 530.79"
"33,14 : 228.41"
"33,15 : 898.46"
"33,16 : 563.51"
"33,17 : 676.08"
"33,18 : 427.93"
"33,19 : 561.66"
"33,20 : 893.64"
"33,21 : 551.21"
"33,22 : 711.95"
"33,23 : 446.08"
"33,24 : 277.32"
"33,25 : 870.6"
"33,26 : 531.31"
"33,27 : 525.76"
"33,28 : 677.84"
"33,29 : 450.44"
"33,30 : 585.85"
"33,31 : 768.37"
"33,32 : 535.05"
"33,33 : 0.0"
"33,34 : 251.75"
"33,35 : 938.6"
"33,36 : 850.02"
"33,37 : 416.29"
"33,38 : 381.25"
"33,39 : 841.37"
"33,40 : 419.78"
"33,41 : 786.63"
"33,42 : 549.75"
"33,43 : 712.97"
"33,44 : 614.94"
"33,45 : 379.68"
"33,46 : 652.53"
"33,47 : 362.89"
"33,48 : 171.9"
"33,49 : 199.25"
"34,0 : 739.33"
"34,1 : 857.17"
"34,2 : 735.22"
"34,3 : 187.67"
"34,4 : 873.61"
"34,5 : 741.59"
"34,6 : 908.53"
"34,7 : 725.82"
"34,8 : 768.17"
"34,9 : 719.61"
"34,10 : 249.99"
"34,11 : 547.21"
"34,12 : 351.65"
"34,13 : 750.82"
"34,14 : 150.44"
"34,15 : 765.47"
"34,16 : 792.57"
"34,17 : 680.26"
"34,18 : 478.36"
"34,19 : 678.76"
"34,20 : 775.83"
"34,21 : 687.27"
"34,22 : 878.54"
"34,23 : 677.08"
"34,24 : 345.31"
"34,25 : 753.26"
"34,26 : 393.3"
"34,27 : 775.14"
"34,28 : 862.62"
"34,29 : 602.24"
"34,30 : 793.15"
"34,31 : 902.01"
"34,32 : 782.05"
"34,33 : 251.75"
"34,34 : 0.0"
"34,35 : 1047.49"
"34,36 : 854.72"
"34,37 : 480.87"
"34,38 : 355.31"
"34,39 : 824.14"
"34,40 : 205.43"
"34,41 : 812.48"
"34,42 : 660.96"
"34,43 : 778.53"
"34,44 : 690.37"
"34,45 : 372.59"
"34,46 : 823.8"
"34,47 : 568.9"
"34,48 : 131.52"
"34,49 : 450.82"
"35,0 : 318.14"
"35,1 : 279.12"
"35,2 : 742.33"
"35,3 : 902.58"
"35,4 : 416.2"
"35,5 : 310.5"
"35,6 : 245.46"
"35,7 : 354.79"
"35,8 : 282.62"
"35,9 : 370.11"
"35,10 : 816.89"
"35,11 : 739.45"
"35,12 : 1042.92"
"35,13 : 597.24"
"35,14 : 1133.25"
"35,15 : 889.51"
"35,16 : 639.75"
"35,17 : 473.44"
"35,18 : 572.59"
"35,19 : 377.83"
"35,20 : 835.38"
"35,21 : 389.71"
"35,22 : 314.64"
"35,23 : 675.99"
"35,24 : 704.48"
"35,25 : 827.41"
"35,26 : 856.01"
"35,27 : 829.07"
"35,28 : 396.03"
"35,29 : 493.33"
"35,30 : 522.1"
"35,31 : 188.9"
"35,32 : 793.31"
"35,33 : 938.6"
"35,34 : 1047.49"
"35,35 : 0.0"
"35,36 : 416.06"
"35,37 : 567.13"
"35,38 : 717.16"
"35,39 : 491.09"
"35,40 : 1014.23"
"35,41 : 362.27"
"35,42 : 392.0"
"35,43 : 295.31"
"35,44 : 362.69"
"35,45 : 691.84"
"35,46 : 362.4"
"35,47 : 632.14"
"35,48 : 923.73"
"35,49 : 905.56"
"36,0 : 396.65"
"36,1 : 512.51"
"36,2 : 890.0"
"36,3 : 773.52"
"36,4 : 665.39"
"36,5 : 286.23"
"36,6 : 523.58"
"36,7 : 215.87"
"36,8 : 290.66"
"36,9 : 203.35"
"36,10 : 605.08"
"36,11 : 793.15"
"36,12 : 989.82"
"36,13 : 764.89"
"36,14 : 980.31"
"36,15 : 477.82"
"36,16 : 825.87"
"36,17 : 176.65"
"36,18 : 423.07"
"36,19 : 409.26"
"36,20 : 422.12"
"36,21 : 460.79"
"36,22 : 570.09"
"36,23 : 800.21"
"36,24 : 572.8"
"36,25 : 416.23"
"36,26 : 542.43"
"36,27 : 982.7"
"36,28 : 639.22"
"36,29 : 529.38"
"36,30 : 717.28"
"36,31 : 450.75"
"36,32 : 955.28"
"36,33 : 850.02"
"36,34 : 854.72"
"36,35 : 416.06"
"36,36 : 0.0"
"36,37 : 438.09"
"36,38 : 501.52"
"36,39 : 76.06"
"36,40 : 748.02"
"36,41 : 87.66"
"36,42 : 400.48"
"36,43 : 222.55"
"36,44 : 293.34"
"36,45 : 489.29"
"36,46 : 576.56"
"36,47 : 689.75"
"36,48 : 760.36"
"36,49 : 908.37"
"37,0 : 268.8"
"37,1 : 408.93"
"37,2 : 538.74"
"37,3 : 352.51"
"37,4 : 481.07"
"37,5 : 261.2"
"37,6 : 456.42"
"37,7 : 258.12"
"37,8 : 287.43"
"37,9 : 257.47"
"37,10 : 255.0"
"37,11 : 390.85"
"37,12 : 552.36"
"37,13 : 458.59"
"37,14 : 577.49"
"37,15 : 622.19"
"37,16 : 520.95"
"37,17 : 270.82"
"37,18 : 26.4"
"37,19 : 211.73"
"37,20 : 594.77"
"37,21 : 238.88"
"37,22 : 445.91"
"37,23 : 446.77"
"37,24 : 145.34"
"37,25 : 574.17"
"37,26 : 371.12"
"37,27 : 623.08"
"37,28 : 461.21"
"37,29 : 202.48"
"37,30 : 453.79"
"37,31 : 433.8"
"37,32 : 605.66"
"37,33 : 416.29"
"37,34 : 480.87"
"37,35 : 567.13"
"37,36 : 438.09"
"37,37 : 0.0"
"37,38 : 169.06"
"37,39 : 440.13"
"37,40 : 464.89"
"37,41 : 370.72"
"37,42 : 190.92"
"37,43 : 304.02"
"37,44 : 210.8"
"37,45 : 140.04"
"37,46 : 404.4"
"37,47 : 309.71"
"37,48 : 360.6"
"37,49 : 476.19"
"38,0 : 434.36"
"38,1 : 577.75"
"38,2 : 654.31"
"38,3 : 287.45"
"38,4 : 646.0"
"38,5 : 406.67"
"38,6 : 624.73"
"38,7 : 376.97"
"38,8 : 434.63"
"38,9 : 368.58"
"38,10 : 105.95"
"38,11 : 479.94"
"38,12 : 530.61"
"38,13 : 599.27"
"38,14 : 479.3"
"38,15 : 535.32"
"38,16 : 658.37"
"38,17 : 325.77"
"38,18 : 152.74"
"38,19 : 379.4"
"38,20 : 522.12"
"38,21 : 407.88"
"38,22 : 614.86"
"38,23 : 567.54"
"38,24 : 140.73"
"38,25 : 499.44"
"38,26 : 217.26"
"38,27 : 729.04"
"38,28 : 627.26"
"38,29 : 360.94"
"38,30 : 607.05"
"38,31 : 598.32"
"38,32 : 718.36"
"38,33 : 381.25"
"38,34 : 355.31"
"38,35 : 717.16"
"38,36 : 501.52"
"38,37 : 169.06"
"38,38 : 0.0"
"38,39 : 477.38"
"38,40 : 299.64"
"38,41 : 457.2"
"38,42 : 358.05"
"38,43 : 432.94"
"38,44 : 354.49"
"38,45 : 29.15"
"38,46 : 572.19"
"38,47 : 428.01"
"38,48 : 261.03"
"38,49 : 507.99"
"39,0 : 443.4"
"39,1 : 570.31"
"39,2 : 923.24"
"39,3 : 758.55"
"39,4 : 719.23"
"39,5 : 332.34"
"39,6 : 585.67"
"39,7 : 253.51"
"39,8 : 341.88"
"39,9 : 237.0"
"39,10 : 577.05"
"39,11 : 813.01"
"39,12 : 985.13"
"39,13 : 804.33"
"39,14 : 955.85"
"39,15 : 401.78"
"39,16 : 866.6"
"39,17 : 169.33"
"39,18 : 421.52"
"39,19 : 447.02"
"39,20 : 346.07"
"39,21 : 500.21"
"39,22 : 627.87"
"39,23 : 831.81"
"39,24 : 565.0"
"39,25 : 340.24"
"39,26 : 490.28"
"39,27 : 1015.11"
"39,28 : 693.1"
"39,29 : 557.83"
"39,30 : 762.19"
"39,31 : 514.88"
"39,32 : 989.55"
"39,33 : 841.37"
"39,34 : 824.14"
"39,35 : 491.09"
"39,36 : 76.06"
"39,37 : 440.13"
"39,38 : 477.38"
"39,39 : 0.0"
"39,40 : 703.01"
"39,41 : 143.66"
"39,42 : 435.17"
"39,43 : 274.87"
"39,44 : 328.64"
"39,45 : 469.25"
"39,46 : 629.07"
"39,47 : 713.8"
"39,48 : 738.4"
"39,49 : 915.98"
"40,0 : 733.0"
"40,1 : 872.53"
"40,2 : 857.18"
"40,3 : 324.42"
"40,4 : 924.47"
"40,5 : 704.35"
"40,6 : 920.89"
"40,7 : 666.42"
"40,8 : 732.47"
"40,9 : 655.15"
"40,10 : 214.56"
"40,11 : 666.74"
"40,12 : 544.47"
"40,13 : 840.67"
"40,14 : 352.26"
"40,15 : 574.95"
"40,16 : 892.07"
"40,17 : 586.04"
"40,18 : 451.44"
"40,19 : 676.62"
"40,20 : 592.41"
"40,21 : 700.46"
"40,22 : 905.69"
"40,23 : 784.35"
"40,24 : 371.56"
"40,25 : 570.74"
"40,26 : 222.34"
"40,27 : 912.64"
"40,28 : 908.47"
"40,29 : 637.87"
"40,30 : 866.28"
"40,31 : 897.49"
"40,32 : 912.63"
"40,33 : 419.78"
"40,34 : 205.43"
"40,35 : 1014.23"
"40,36 : 748.02"
"40,37 : 464.89"
"40,38 : 299.64"
"40,39 : 703.01"
"40,40 : 0.0"
"40,41 : 724.52"
"40,42 : 655.72"
"40,43 : 724.64"
"40,44 : 652.39"
"40,45 : 327.15"
"40,46 : 858.51"
"40,47 : 656.31"
"40,48 : 250.8"
"40,49 : 612.61"
"41,0 : 309.01"
"41,1 : 428.09"
"41,2 : 803.48"
"41,3 : 716.17"
"41,4 : 579.35"
"41,5 : 198.59"
"41,6 : 442.14"
"41,7 : 131.04"
"41,8 : 203.38"
"41,9 : 121.2"
"41,10 : 562.9"
"41,11 : 711.43"
"41,12 : 922.58"
"41,13 : 677.43"
"41,14 : 930.71"
"41,15 : 528.83"
"41,16 : 738.29"
"41,17 : 138.59"
"41,18 : 359.03"
"41,19 : 322.49"
"41,20 : 476.05"
"41,21 : 373.59"
"41,22 : 485.72"
"41,23 : 714.18"
"41,24 : 511.27"
"41,25 : 466.72"
"41,26 : 532.4"
"41,27 : 896.3"
"41,28 : 553.18"
"41,29 : 444.97"
"41,30 : 629.64"
"41,31 : 371.25"
"41,32 : 868.5"
"41,33 : 786.63"
"41,34 : 812.48"
"41,35 : 362.27"
"41,36 : 87.66"
"41,37 : 370.72"
"41,38 : 457.2"
"41,39 : 143.66"
"41,40 : 724.52"
"41,41 : 0.0"
"41,42 : 314.57"
"41,43 : 135.28"
"41,44 : 208.08"
"41,45 : 440.95"
"41,46 : 490.03"
"41,47 : 606.49"
"41,48 : 709.85"
"41,49 : 832.91"
"42,0 : 78.77"
"42,1 : 221.77"
"42,2 : 489.72"
"42,3 : 510.61"
"42,4 : 321.95"
"42,5 : 126.25"
"42,6 : 267.06"
"42,7 : 184.71"
"42,8 : 140.04"
"42,9 : 198.96"
"42,10 : 445.46"
"42,11 : 404.52"
"42,12 : 664.01"
"42,13 : 369.68"
"42,14 : 741.37"
"42,15 : 726.38"
"42,16 : 432.51"
"42,17 : 289.59"
"42,18 : 205.36"
"42,19 : 22.02"
"42,20 : 687.2"
"42,21 : 70.49"
"42,22 : 265.12"
"42,23 : 399.74"
"42,24 : 315.75"
"42,25 : 670.04"
"42,26 : 544.62"
"42,27 : 582.29"
"42,28 : 298.28"
"42,29 : 133.22"
"42,30 : 334.19"
"42,31 : 243.61"
"42,32 : 555.39"
"42,33 : 549.75"
"42,34 : 660.96"
"42,35 : 392.0"
"42,36 : 400.48"
"42,37 : 190.92"
"42,38 : 358.05"
"42,39 : 435.17"
"42,40 : 655.72"
"42,41 : 314.57"
"42,42 : 0.0"
"42,43 : 192.9"
"42,44 : 107.35"
"42,45 : 329.51"
"42,46 : 234.78"
"42,47 : 296.14"
"42,48 : 534.32"
"42,49 : 545.6"
"43,0 : 174.79"
"43,1 : 295.94"
"43,2 : 675.0"
"43,3 : 656.09"
"43,4 : 444.71"
"43,5 : 67.72"
"43,6 : 315.07"
"43,7 : 59.51"
"43,8 : 68.12"
"43,9 : 75.43"
"43,10 : 536.75"
"43,11 : 597.23"
"43,12 : 839.18"
"43,13 : 545.3"
"43,14 : 881.33"
"43,15 : 633.81"
"43,16 : 605.3"
"43,17 : 188.02"
"43,18 : 301.5"
"43,19 : 196.22"
"43,20 : 585.16"
"43,21 : 244.03"
"43,22 : 353.36"
"43,23 : 587.57"
"43,24 : 449.24"
"43,25 : 572.63"
"43,26 : 560.69"
"43,27 : 768.04"
"43,28 : 418.55"
"43,29 : 326.12"
"43,30 : 495.15"
"43,31 : 249.32"
"43,32 : 739.0"
"43,33 : 712.97"
"43,34 : 778.53"
"43,35 : 295.31"
"43,36 : 222.55"
"43,37 : 304.02"
"43,38 : 432.94"
"43,39 : 274.87"
"43,40 : 724.64"
"43,41 : 135.28"
"43,42 : 192.9"
"43,43 : 0.0"
"43,44 : 98.72"
"43,45 : 410.16"
"43,46 : 355.01"
"43,47 : 489.04"
"43,48 : 663.15"
"43,49 : 732.78"
"44,0 : 127.12"
"44,1 : 278.19"
"44,2 : 597.07"
"44,3 : 560.64"
"44,4 : 407.08"
"44,5 : 52.2"
"44,6 : 311.86"
"44,7 : 77.47"
"44,8 : 80.16"
"44,9 : 91.81"
"44,10 : 454.67"
"44,11 : 505.2"
"44,12 : 740.47"
"44,13 : 475.69"
"44,14 : 787.72"
"44,15 : 641.03"
"44,16 : 538.01"
"44,17 : 192.42"
"44,18 : 212.17"
"44,19 : 118.41"
"44,20 : 598.0"
"44,21 : 171.83"
"44,22 : 331.41"
"44,23 : 506.92"
"44,24 : 354.8"
"44,25 : 582.4"
"44,26 : 508.6"
"44,27 : 689.61"
"44,28 : 381.73"
"44,29 : 236.97"
"44,30 : 435.6"
"44,31 : 263.19"
"44,32 : 662.73"
"44,33 : 614.94"
"44,34 : 690.37"
"44,35 : 362.69"
"44,36 : 293.34"
"44,37 : 210.8"
"44,38 : 354.49"
"44,39 : 328.64"
"44,40 : 652.39"
"44,41 : 208.08"
"44,42 : 107.35"
"44,43 : 98.72"
"44,44 : 0.0"
"44,45 : 329.2"
"44,46 : 316.36"
"44,47 : 398.99"
"44,48 : 571.4"
"44,49 : 635.62"
"45,0 : 406.15"
"45,1 : 548.86"
"45,2 : 631.02"
"45,3 : 290.29"
"45,4 : 617.01"
"45,5 : 381.4"
"45,6 : 596.01"
"45,7 : 355.23"
"45,8 : 409.22"
"45,9 : 347.84"
"45,10 : 126.59"
"45,11 : 459.46"
"45,12 : 528.05"
"45,13 : 572.73"
"45,14 : 491.26"
"45,15 : 549.8"
"45,16 : 632.31"
"45,17 : 312.75"
"45,18 : 124.42"
"45,19 : 350.77"
"45,20 : 533.88"
"45,21 : 378.79"
"45,22 : 585.76"
"45,23 : 543.34"
"45,24 : 124.04"
"45,25 : 511.45"
"45,26 : 243.5"
"45,27 : 707.22"
"45,28 : 598.19"
"45,29 : 332.27"
"45,30 : 579.13"
"45,31 : 570.4"
"45,32 : 695.6"
"45,33 : 379.68"
"45,34 : 372.59"
"45,35 : 691.84"
"45,36 : 489.29"
"45,37 : 140.04"
"45,38 : 29.15"
"45,39 : 469.25"
"45,40 : 327.15"
"45,41 : 440.95"
"45,42 : 329.51"
"45,43 : 410.16"
"45,44 : 329.2"
"45,45 : 0.0"
"45,46 : 543.04"
"45,47 : 403.53"
"45,48 : 271.07"
"45,49 : 496.18"
"46,0 : 189.86"
"46,1 : 84.38"
"46,2 : 380.03"
"46,3 : 648.45"
"46,4 : 90.97"
"46,5 : 298.03"
"46,6 : 121.3"
"46,7 : 380.48"
"46,8 : 287.31"
"46,9 : 399.46"
"46,10 : 643.96"
"46,11 : 397.06"
"46,12 : 727.77"
"46,13 : 235.0"
"46,14 : 871.98"
"46,15 : 956.06"
"46,16 : 281.13"
"46,17 : 508.67"
"46,18 : 425.0"
"46,19 : 213.74"
"46,20 : 914.11"
"46,21 : 169.07"
"46,22 : 60.61"
"46,23 : 315.76"
"46,24 : 491.8"
"46,25 : 898.13"
"46,26 : 772.58"
"46,27 : 467.84"
"46,28 : 65.37"
"46,29 : 223.33"
"46,30 : 162.26"
"46,31 : 176.73"
"46,32 : 432.76"
"46,33 : 652.53"
"46,34 : 823.8"
"46,35 : 362.4"
"46,36 : 576.56"
"46,37 : 404.4"
"46,38 : 572.19"
"46,39 : 629.07"
"46,40 : 858.51"
"46,41 : 490.03"
"46,42 : 234.78"
"46,43 : 355.01"
"46,44 : 316.36"
"46,45 : 543.04"
"46,46 : 0.0"
"46,47 : 300.66"
"46,48 : 692.3"
"46,49 : 572.62"
"47,0 : 336.79"
"47,1 : 366.57"
"47,2 : 229.89"
"47,3 : 382.31"
"47,4 : 321.08"
"47,5 : 422.09"
"47,6 : 415.22"
"47,7 : 475.45"
"47,8 : 432.78"
"47,9 : 486.49"
"47,10 : 454.9"
"47,11 : 110.29"
"47,12 : 427.15"
"47,13 : 185.01"
"47,14 : 589.5"
"47,15 : 931.46"
"47,16 : 236.41"
"47,17 : 551.12"
"47,18 : 335.89"
"47,19 : 294.75"
"47,20 : 904.45"
"47,21 : 256.56"
"47,22 : 361.26"
"47,23 : 139.94"
"47,24 : 297.62"
"47,25 : 883.88"
"47,26 : 644.87"
"47,27 : 313.48"
"47,28 : 317.16"
"47,29 : 162.93"
"47,30 : 225.55"
"47,31 : 446.24"
"47,32 : 296.33"
"47,33 : 362.89"
"47,34 : 568.9"
"47,35 : 632.14"
"47,36 : 689.75"
"47,37 : 309.71"
"47,38 : 428.01"
"47,39 : 713.8"
"47,40 : 656.31"
"47,41 : 606.49"
"47,42 : 296.14"
"47,43 : 489.04"
"47,44 : 398.99"
"47,45 : 403.53"
"47,46 : 300.66"
"47,47 : 0.0"
"47,48 : 441.43"
"47,49 : 275.05"
"48,0 : 612.13"
"48,1 : 726.55"
"48,2 : 620.43"
"48,3 : 73.82"
"48,4 : 742.53"
"48,5 : 621.59"
"48,6 : 778.03"
"48,7 : 613.29"
"48,8 : 647.38"
"48,9 : 609.1"
"48,10 : 168.19"
"48,11 : 429.96"
