x,y
451,904
110,141
983,277
878,898
559,723
73,602
612,752
891,274
303,214
513,155
298,987
711,860
453,162
320,672
410,667
368,273
409,217
296,858
547,201
121,148
867,33
175,936
111,73
54,71
388,380
65,518
953,826
981,876
636,623
295,640
18,125
956,30
508,883
836,15
350,560
560,935
262,499
883,616
276,505
323,251
21,232
671,599
243,114
570,608
110,131
807,120
57,490
683,368
993,907
617,113

Distanze
"0,0 : 0.0"
"0,1 : 835.73"
"0,2 : 822.29"
"0,3 : 427.04"
"0,4 : 210.77"
"0,5 : 483.83"
"0,6 : 221.42"
"0,7 : 768.44"
"0,8 : 705.69"
"0,9 : 751.56"
"0,10 : 174.06"
"0,11 : 263.7"
"0,12 : 742.0"
"0,13 : 266.43"
"0,14 : 240.52"
"0,15 : 636.44"
"0,16 : 688.28"
"0,17 : 161.68"
"0,18 : 709.52"
"0,19 : 824.89"
"0,20 : 965.24"
"0,21 : 277.85"
"0,22 : 897.86"
"0,23 : 922.77"
"0,24 : 527.77"
"0,25 : 545.89"
"0,26 : 508.02"
"0,27 : 530.74"
"0,28 : 336.43"
"0,29 : 306.65"
"0,30 : 891.25"
"0,31 : 1009.41"
"0,32 : 60.75"
"0,33 : 968.79"
"0,34 : 358.52"
"0,35 : 113.32"
"0,36 : 446.93"
"0,37 : 519.2"
"0,38 : 435.69"
"0,39 : 665.43"
"0,40 : 797.8"
"0,41 : 376.07"
"0,42 : 816.92"
"0,43 : 319.03"
"0,44 : 844.87"
"0,45 : 861.04"
"0,46 : 571.52"
"0,47 : 584.05"
"0,48 : 542.01"
"0,49 : 808.23"
"1,0 : 835.73"
"1,1 : 0.0"
"1,2 : 883.53"
"1,3 : 1078.37"
"1,4 : 735.07"
"1,5 : 462.48"
"1,6 : 790.77"
"1,7 : 792.24"
"1,8 : 206.34"
"1,9 : 403.24"
"1,10 : 866.64"
"1,11 : 937.1"
"1,12 : 343.64"
"1,13 : 571.02"
"1,14 : 605.54"
"1,15 : 289.81"
"1,16 : 308.51"
"1,17 : 740.73"
"1,18 : 441.1"
"1,19 : 13.04"
"1,20 : 764.67"
"1,21 : 797.65"
"1,22 : 68.01"
"1,23 : 89.64"
"1,24 : 366.61"
"1,25 : 379.68"
"1,26 : 1086.22"
"1,27 : 1139.68"
"1,28 : 713.44"
"1,29 : 532.19"
"1,30 : 93.38"
"1,31 : 853.25"
"1,32 : 842.0"
"1,33 : 736.85"
"1,34 : 482.87"
"1,35 : 912.65"
"1,36 : 388.93"
"1,37 : 907.28"
"1,38 : 400.06"
"1,39 : 239.73"
"1,40 : 127.29"
"1,41 : 724.21"
"1,42 : 135.71"
"1,43 : 655.51"
"1,44 : 10.0"
"1,45 : 697.32"
"1,46 : 353.0"
"1,47 : 616.33"
"1,48 : 1168.95"
"1,49 : 507.77"
"2,0 : 822.29"
"2,1 : 883.53"
"2,2 : 0.0"
"2,3 : 629.81"
"2,4 : 615.38"
"2,5 : 966.29"
"2,6 : 602.72"
"2,7 : 92.05"
"2,8 : 682.91"
"2,9 : 485.58"
"2,10 : 986.57"
"2,11 : 643.33"
"2,12 : 542.33"
"2,13 : 771.75"
"2,14 : 693.13"
"2,15 : 615.01"
"2,16 : 577.13"
"2,17 : 899.74"
"2,18 : 442.57"
"2,19 : 871.6"
"2,20 : 270.17"
"2,21 : 1042.66"
"2,22 : 895.54"
"2,23 : 951.57"
"2,24 : 603.85"
"2,25 : 949.11"
"2,26 : 549.82"
"2,27 : 599.0"
"2,28 : 490.03"
"2,29 : 777.89"
"2,30 : 976.9"
"2,31 : 248.47"
"2,32 : 769.97"
"2,33 : 300.42"
"2,34 : 693.38"
"2,35 : 782.24"
"2,36 : 754.4"
"2,37 : 353.44"
"2,38 : 742.85"
"2,39 : 660.51"
"2,40 : 963.05"
"2,41 : 448.36"
"2,42 : 757.74"
"2,43 : 529.27"
"2,44 : 885.12"
"2,45 : 235.85"
"2,46 : 950.18"
"2,47 : 313.5"
"2,48 : 630.08"
"2,49 : 401.06"
"3,0 : 427.04"
"3,1 : 1078.37"
"3,2 : 629.81"
"3,3 : 0.0"
"3,4 : 363.85"
"3,5 : 857.7"
"3,6 : 303.43"
"3,7 : 624.14"
"3,8 : 893.58"
"3,9 : 827.81"
"3,10 : 586.79"
"3,11 : 171.27"
"3,12 : 849.89"
"3,13 : 602.03"
"3,14 : 521.91"
"3,15 : 806.68"
"3,16 : 826.87"
"3,17 : 583.37"
"3,18 : 771.6"
"3,19 : 1065.62"
"3,20 : 865.07"
"3,21 : 704.03"
"3,22 : 1126.46"
"3,23 : 1167.44"
"3,24 : 713.04"
"3,25 : 897.42"
"3,26 : 103.97"
"3,27 : 105.32"
"3,28 : 366.32"
"3,29 : 637.54"
"3,30 : 1156.34"
"3,31 : 871.5"
"3,32 : 370.3"
"3,33 : 884.0"
"3,34 : 626.92"
"3,35 : 320.15"
"3,36 : 733.93"
"3,37 : 282.04"
"3,38 : 718.92"
"3,39 : 852.43"
"3,40 : 1085.36"
"3,41 : 363.66"
"3,42 : 1008.9"
"3,43 : 423.04"
"3,44 : 1085.41"
"3,45 : 781.23"
"3,46 : 916.79"
"3,47 : 564.73"
"3,48 : 115.35"
"3,49 : 827.25"
"4,0 : 210.77"
"4,1 : 735.07"
"4,2 : 615.38"
"4,3 : 363.85"
"4,4 : 0.0"
"4,5 : 500.84"
"4,6 : 60.42"
"4,7 : 558.41"
"4,8 : 569.75"
"4,9 : 569.86"
"4,10 : 371.24"
"4,11 : 204.63"
"4,12 : 570.93"
"4,13 : 244.38"
"4,14 : 159.18"
"4,15 : 488.86"
"4,16 : 527.77"
"4,17 : 295.62"
"4,18 : 522.14"
"4,19 : 722.82"
"4,20 : 755.62"
"4,21 : 439.12"
"4,22 : 789.43"
"4,23 : 824.7"
"4,24 : 383.26"
"4,25 : 534.85"
"4,26 : 407.24"
"4,27 : 448.88"
"4,28 : 126.21"
"4,29 : 276.74"
"4,30 : 806.4"
"4,31 : 798.66"
"4,32 : 167.93"
"4,33 : 760.26"
"4,34 : 265.05"
"4,35 : 212.0"
"4,36 : 372.0"
"4,37 : 341.21"
"4,38 : 357.23"
"4,39 : 527.71"
"4,40 : 728.37"
"4,41 : 167.09"
"4,42 : 686.1"
"4,43 : 115.52"
"4,44 : 743.01"
"4,45 : 652.01"
"4,46 : 553.44"
"4,47 : 376.03"
"4,48 : 471.39"
"4,49 : 612.75"
"5,0 : 483.83"
"5,1 : 462.48"
"5,2 : 966.29"
"5,3 : 857.7"
"5,4 : 500.84"
"5,5 : 0.0"
"5,6 : 559.48"
"5,7 : 881.31"
"5,8 : 451.05"
"5,9 : 627.22"
"5,10 : 445.93"
"5,11 : 688.19"
"5,12 : 581.38"
"5,13 : 256.73"
"5,14 : 343.21"
"5,15 : 441.89"
"5,16 : 511.0"
"5,17 : 339.51"
"5,18 : 620.87"
"5,19 : 456.53"
"5,20 : 976.83"
"5,21 : 349.23"
"5,22 : 530.36"
"5,23 : 531.34"
"5,24 : 385.37"
"5,25 : 84.38"
"5,26 : 908.06"
"5,27 : 948.44"
"5,28 : 563.39"
"5,29 : 225.23"
"5,30 : 480.16"
"5,31 : 1052.08"
"5,32 : 517.87"
"5,33 : 962.67"
"5,34 : 280.17"
"5,35 : 589.96"
"5,36 : 215.24"
"5,37 : 810.12"
"5,38 : 224.98"
"5,39 : 430.93"
"5,40 : 373.64"
"5,41 : 598.01"
"5,42 : 516.76"
"5,43 : 497.04"
"5,44 : 472.45"
"5,45 : 878.11"
"5,46 : 113.14"
"5,47 : 653.34"
"5,48 : 969.24"
"5,49 : 731.48"
"6,0 : 221.42"
"6,1 : 790.77"
"6,2 : 602.72"
"6,3 : 303.43"
"6,4 : 60.42"
"6,5 : 559.48"
"6,6 : 0.0"
"6,7 : 553.47"
"6,8 : 620.42"
"6,9 : 605.15"
"6,10 : 392.2"
"6,11 : 146.51"
"6,12 : 611.05"
"6,13 : 302.76"
"6,14 : 219.16"
"6,15 : 537.57"
"6,16 : 572.22"
"6,17 : 333.3"
"6,18 : 554.82"
"6,19 : 778.39"
"6,20 : 762.88"
"6,21 : 474.16"
"6,22 : 843.83"
"6,23 : 880.41"
"6,24 : 434.23"
"6,25 : 594.95"
"6,26 : 348.94"
"6,27 : 389.28"
"6,28 : 131.21"
"6,29 : 336.2"
"6,30 : 863.69"
"6,31 : 799.76"
"6,32 : 167.26"
"6,33 : 770.29"
"6,34 : 324.82"
"6,35 : 190.24"
"6,36 : 431.87"
"6,37 : 303.21"
"6,38 : 417.02"
"6,39 : 578.38"
"6,40 : 787.2"
"6,41 : 163.98"
"6,42 : 737.02"
"6,43 : 150.0"
"6,44 : 798.53"
"6,45 : 661.4"
"6,46 : 613.73"
"6,47 : 390.51"
"6,48 : 411.32"
"6,49 : 639.02"
"7,0 : 768.44"
"7,1 : 792.24"
"7,2 : 92.05"
"7,3 : 624.14"
"7,4 : 558.41"
"7,5 : 881.31"
"7,6 : 553.47"
"7,7 : 0.0"
"7,8 : 591.05"
"7,9 : 396.29"
"7,10 : 927.37"
"7,11 : 613.02"
"7,12 : 452.09"
"7,13 : 696.02"
"7,14 : 621.14"
"7,15 : 523.0"
"7,16 : 485.36"
"7,17 : 833.72"
"7,18 : 351.66"
"7,19 : 780.24"
"7,20 : 242.19"
"7,21 : 975.14"
"7,22 : 805.48"
"7,23 : 861.27"
"7,24 : 514.05"
"7,25 : 861.29"
"7,26 : 555.47"
"7,27 : 608.69"
"7,28 : 432.23"
"7,29 : 699.41"
"7,30 : 885.62"
"7,31 : 252.51"
"7,32 : 719.42"
"7,33 : 264.78"
"7,34 : 611.95"
"7,35 : 739.24"
"7,36 : 668.03"
"7,37 : 342.09"
"7,38 : 656.95"
"7,39 : 568.47"
"7,40 : 871.01"
"7,41 : 392.46"
"7,42 : 667.46"
"7,43 : 463.25"
"7,44 : 793.98"
"7,45 : 175.42"
"7,46 : 861.52"
"7,47 : 228.25"
"7,48 : 641.17"
"7,49 : 317.8"
"8,0 : 705.69"
"8,1 : 206.34"
"8,2 : 682.91"
"8,3 : 893.58"
"8,4 : 569.75"
"8,5 : 451.05"
"8,6 : 620.42"
"8,7 : 591.05"
"8,8 : 0.0"
"8,9 : 218.13"
"8,10 : 773.02"
"8,11 : 764.05"
"8,12 : 158.76"
"8,13 : 458.32"
"8,14 : 465.47"
"8,15 : 87.78"
"8,16 : 106.04"
"8,17 : 644.04"
"8,18 : 244.35"
"8,19 : 193.6"
"8,20 : 592.33"
"8,21 : 733.26"
"8,22 : 238.21"
"8,23 : 287.14"
"8,24 : 186.5"
"8,25 : 386.08"
"8,26 : 892.77"
"8,27 : 947.59"
"8,28 : 527.42"
"8,29 : 426.08"
"8,30 : 298.57"
"8,31 : 678.43"
"8,32 : 699.7"
"8,33 : 568.94"
"8,34 : 349.18"
"8,35 : 765.43"
"8,36 : 287.93"
"8,37 : 705.69"
"8,38 : 292.25"
"8,39 : 42.06"
"8,40 : 282.57"
"8,41 : 532.59"
"8,42 : 116.62"
"8,43 : 475.95"
"8,44 : 210.09"
"8,45 : 512.69"
"8,46 : 369.72"
"8,47 : 410.02"
"8,48 : 977.93"
"8,49 : 329.84"
"9,0 : 751.56"
"9,1 : 403.24"
"9,2 : 485.58"
"9,3 : 827.81"
"9,4 : 569.86"
"9,5 : 627.22"
"9,6 : 605.15"
"9,7 : 396.29"
"9,8 : 218.13"
"9,9 : 0.0"
"9,10 : 859.33"
"9,11 : 732.28"
"9,12 : 60.41"
"9,13 : 551.85"
"9,14 : 522.26"
"9,15 : 186.95"
"9,16 : 121.08"
"9,17 : 735.73"
"9,18 : 57.2"
"9,19 : 392.06"
"9,20 : 374.43"
"9,21 : 851.0"
"9,22 : 410.28"
"9,23 : 466.62"
"9,24 : 257.39"
"9,25 : 576.6"
"9,26 : 802.4"
"9,27 : 859.57"
"9,28 : 483.89"
"9,29 : 531.74"
"9,30 : 495.91"
"9,31 : 460.3"
"9,32 : 728.02"
"9,33 : 352.04"
"9,34 : 436.57"
"9,35 : 781.41"
"9,36 : 425.84"
"9,37 : 591.12"
"9,38 : 422.69"
"9,39 : 212.88"
"9,40 : 497.99"
"9,41 : 471.27"
"9,42 : 273.1"
"9,43 : 456.57"
"9,44 : 403.71"
"9,45 : 296.08"
"9,46 : 565.83"
"9,47 : 272.52"
"9,48 : 892.13"
"9,49 : 112.16"
"10,0 : 174.06"
"10,1 : 866.64"
"10,2 : 986.57"
"10,3 : 586.79"
"10,4 : 371.24"
"10,5 : 445.93"
"10,6 : 392.2"
"10,7 : 927.37"
"10,8 : 773.02"
"10,9 : 859.33"
"10,10 : 0.0"
"10,11 : 432.09"
"10,12 : 839.43"
"10,13 : 315.77"
"10,14 : 339.03"
"10,15 : 717.42"
"10,16 : 777.96"
"10,17 : 129.02"
"10,18 : 824.5"
"10,19 : 857.47"
"10,20 : 1110.8"
"10,21 : 133.15"
"10,22 : 932.93"
"10,23 : 947.94"
"10,24 : 613.64"
"10,25 : 523.69"
"10,26 : 674.5"
"10,27 : 691.96"
"10,28 : 496.73"
"10,29 : 347.01"
"10,30 : 906.34"
"10,31 : 1161.38"
"10,32 : 234.34"
"10,33 : 1110.96"
"10,34 : 430.15"
"10,35 : 267.11"
"10,36 : 489.33"
"10,37 : 692.72"
"10,38 : 482.5"
"10,39 : 736.42"
"10,40 : 804.21"
"10,41 : 538.21"
"10,42 : 874.73"
"10,43 : 466.5"
"10,44 : 876.4"
"10,45 : 1005.37"
"10,46 : 552.35"
"10,47 : 728.96"
"10,48 : 699.59"
"10,49 : 930.4"
"11,0 : 263.7"
"11,1 : 937.1"
"11,2 : 643.33"
"11,3 : 171.27"
"11,4 : 204.63"
"11,5 : 688.19"
"11,6 : 146.51"
"11,7 : 613.02"
"11,8 : 764.05"
"11,9 : 732.28"
"11,10 : 432.09"
"11,11 : 0.0"
"11,12 : 744.16"
"11,13 : 433.85"
"11,14 : 357.56"
"11,15 : 679.87"
"11,16 : 710.39"
"11,17 : 415.0"
"11,18 : 679.1"
"11,19 : 924.69"
"11,20 : 841.58"
"11,21 : 541.36"
"11,22 : 989.63"
"11,23 : 1026.73"
"11,24 : 578.56"
"11,25 : 730.94"
"11,26 : 244.38"
"11,27 : 270.47"
"11,28 : 248.58"
"11,29 : 470.59"
"11,30 : 1010.19"
"11,31 : 865.4"
"11,32 : 204.3"
"11,33 : 854.2"
"11,34 : 469.38"
"11,35 : 168.6"
"11,36 : 576.13"
"11,37 : 298.53"
"11,38 : 561.47"
"11,39 : 722.1"
"11,40 : 933.0"
"11,41 : 264.05"
"11,42 : 880.65"
"11,43 : 288.76"
"11,44 : 944.8"
"11,45 : 746.2"
"11,46 : 751.41"
"11,47 : 492.8"
"11,48 : 285.89"
"11,49 : 752.89"
"12,0 : 742.0"
"12,1 : 343.64"
"12,2 : 542.33"
"12,3 : 849.89"
"12,4 : 570.93"
"12,5 : 581.38"
"12,6 : 611.05"
"12,7 : 452.09"
"12,8 : 158.76"
"12,9 : 60.41"
"12,10 : 839.43"
"12,11 : 744.16"
"12,12 : 0.0"
"12,13 : 527.06"
"12,14 : 506.83"
"12,15 : 139.81"
"12,16 : 70.43"
"12,17 : 713.49"
"12,18 : 101.77"
"12,19 : 332.3"
"12,20 : 433.63"
"12,21 : 822.41"
"12,22 : 353.39"
"12,23 : 409.25"
"12,24 : 227.48"
"12,25 : 526.57"
"12,26 : 831.2"
"12,27 : 888.02"
"12,28 : 495.99"
"12,29 : 503.44"
"12,30 : 436.57"
"12,31 : 520.03"
"12,32 : 723.09"
"12,33 : 410.24"
"12,34 : 411.11"
"12,35 : 780.37"
"12,36 : 387.36"
"12,37 : 625.31"
"12,38 : 385.98"
"12,39 : 157.55"
"12,40 : 437.63"
"12,41 : 488.36"
"12,42 : 215.42"
"12,43 : 461.09"
"12,44 : 344.4"
"12,45 : 356.48"
"12,46 : 514.2"
"12,47 : 308.77"
"12,48 : 920.12"
"12,49 : 171.16"
"13,0 : 266.43"
"13,1 : 571.02"
"13,2 : 771.75"
"13,3 : 602.03"
"13,4 : 244.38"
"13,5 : 256.73"
"13,6 : 302.76"
"13,7 : 696.02"
"13,8 : 458.32"
"13,9 : 551.85"
"13,10 : 315.77"
"13,11 : 433.85"
"13,12 : 527.06"
"13,13 : 0.0"
"13,14 : 90.14"
"13,15 : 401.88"
"13,16 : 463.62"
"13,17 : 187.54"
"13,18 : 522.85"
"13,19 : 560.51"
"13,20 : 841.15"
"13,21 : 301.2"
"13,22 : 634.41"
"13,23 : 657.23"
"13,24 : 299.81"
"13,25 : 297.89"
"13,26 : 651.46"
"13,27 : 691.76"
"13,28 : 319.78"
"13,29 : 40.61"
"13,30 : 624.83"
"13,31 : 903.69"
"13,32 : 282.6"
"13,33 : 835.41"
"13,34 : 115.95"
"13,35 : 356.05"
"13,36 : 182.46"
"13,37 : 565.78"
"13,38 : 172.7"
"13,39 : 421.01"
"13,40 : 531.98"
"13,41 : 358.51"
"13,42 : 563.29"
"13,43 : 258.06"
"13,44 : 580.33"
"13,45 : 736.12"
"13,46 : 319.83"
"13,47 : 473.48"
"13,48 : 712.85"
"13,49 : 633.0"
"14,0 : 240.52"
"14,1 : 605.54"
"14,2 : 693.13"
"14,3 : 521.91"
"14,4 : 159.18"
"14,5 : 343.21"
"14,6 : 219.16"
"14,7 : 621.14"
"14,8 : 465.47"
"14,9 : 522.26"
"14,10 : 339.03"
"14,11 : 357.56"
"14,12 : 506.83"
"14,13 : 90.14"
"14,14 : 0.0"
"14,15 : 396.23"
"14,16 : 450.0"
"14,17 : 222.43"
"14,18 : 485.72"
"14,19 : 594.04"
"14,20 : 781.54"
"14,21 : 357.19"
"14,22 : 665.01"
"14,23 : 694.23"
"14,24 : 287.84"
"14,25 : 375.8"
"14,26 : 565.8"
"14,27 : 608.05"
"14,28 : 230.24"
"14,29 : 118.13"
"14,30 : 668.9"
"14,31 : 838.98"
"14,32 : 237.19"
"14,33 : 778.83"
"14,34 : 122.67"
"14,35 : 307.12"
"14,36 : 223.89"
"14,37 : 475.74"
"14,38 : 210.24"
"14,39 : 425.0"
"14,40 : 583.56"
"14,41 : 269.71"
"14,42 : 577.67"
"14,43 : 170.53"
"14,44 : 614.24"
"14,45 : 675.88"
"14,46 : 394.89"
"14,47 : 404.88"
"14,48 : 630.47"
"14,49 : 591.41"
"15,0 : 636.44"
"15,1 : 289.81"
"15,2 : 615.01"
"15,3 : 806.68"
"15,4 : 488.86"
"15,5 : 441.89"
"15,6 : 537.57"
"15,7 : 523.0"
"15,8 : 87.78"
"15,9 : 186.95"
"15,10 : 717.42"
"15,11 : 679.87"
"15,12 : 139.81"
"15,13 : 401.88"
"15,14 : 396.23"
"15,15 : 0.0"
"15,16 : 69.4"
"15,17 : 589.41"
"15,18 : 192.94"
"15,19 : 276.83"
"15,20 : 553.72"
"15,21 : 690.52"
"15,22 : 325.65"
"15,23 : 373.36"
"15,24 : 108.85"
"15,25 : 389.66"
"15,26 : 805.01"
"15,27 : 859.87"
"15,28 : 440.82"
"15,29 : 374.19"
"15,30 : 380.01"
"15,31 : 636.23"
"15,32 : 625.86"
"15,33 : 534.4"
"15,34 : 287.56"
"15,35 : 689.28"
"15,36 : 249.62"
"15,37 : 618.77"
"15,38 : 249.58"
"15,39 : 50.09"
"15,40 : 349.41"
"15,41 : 445.07"
"15,42 : 202.25"
"15,43 : 391.19"
"15,44 : 294.5"
"15,45 : 464.9"
"15,46 : 379.22"
"15,47 : 329.01"
"15,48 : 890.27"
"15,49 : 295.97"
"16,0 : 688.28"
"16,1 : 308.51"
"16,2 : 577.13"
"16,3 : 826.87"
"16,4 : 527.77"
"16,5 : 511.0"
"16,6 : 572.22"
"16,7 : 485.36"
"16,8 : 106.04"
"16,9 : 121.08"
"16,10 : 777.96"
"16,11 : 710.39"
"16,12 : 70.43"
"16,13 : 463.62"
"16,14 : 450.0"
"16,15 : 69.4"
"16,16 : 0.0"
"16,17 : 650.88"
"16,18 : 138.92"
"16,19 : 296.15"
"16,20 : 493.58"
"16,21 : 756.12"
"16,22 : 330.97"
"16,23 : 383.85"
"16,24 : 164.35"
"16,25 : 457.1"
"16,26 : 816.59"
"16,27 : 872.62"
"16,28 : 465.15"
"16,29 : 438.09"
"16,30 : 401.68"
"16,31 : 578.08"
"16,32 : 673.32"
"16,33 : 472.37"
"16,34 : 348.04"
"16,35 : 733.71"
"16,36 : 318.01"
"16,37 : 619.58"
"16,38 : 317.23"
"16,39 : 92.48"
"16,40 : 388.29"
"16,41 : 463.21"
"16,42 : 195.36"
"16,43 : 422.85"
"16,44 : 311.12"
"16,45 : 409.65"
"16,46 : 445.46"
"16,47 : 312.85"
"16,48 : 903.97"
"16,49 : 232.55"
"17,0 : 161.68"
"17,1 : 740.73"
"17,2 : 899.74"
"17,3 : 583.37"
"17,4 : 295.62"
"17,5 : 339.51"
"17,6 : 333.3"
"17,7 : 833.72"
"17,8 : 644.04"
"17,9 : 735.73"
"17,10 : 129.02"
"17,11 : 415.0"
"17,12 : 713.49"
"17,13 : 187.54"
"17,14 : 222.43"
"17,15 : 589.41"
"17,16 : 650.88"
"17,17 : 0.0"
"17,18 : 703.31"
"17,19 : 731.25"
"17,20 : 1003.33"
"17,21 : 143.96"
"17,22 : 806.5"
"17,23 : 823.37"
"17,24 : 486.77"
"17,25 : 411.05"
"17,26 : 657.78"
"17,27 : 685.24"
"17,28 : 413.31"
"17,29 : 218.0"
"17,30 : 783.95"
"17,31 : 1058.86"
"17,32 : 213.47"
"17,33 : 1001.12"
"17,34 : 302.85"
"17,35 : 275.0"
"17,36 : 360.61"
"17,37 : 634.93"
"17,38 : 353.57"
"17,39 : 607.6"
"17,40 : 683.74"
"17,41 : 455.75"
"17,42 : 745.89"
"17,43 : 370.91"
"17,44 : 750.42"
"17,45 : 897.64"
"17,46 : 438.8"
"17,47 : 624.39"
"17,48 : 698.72"
"17,49 : 811.21"
"18,0 : 709.52"
"18,1 : 441.1"
"18,2 : 442.57"
"18,3 : 771.6"
"18,4 : 522.14"
"18,5 : 620.87"
"18,6 : 554.82"
"18,7 : 351.66"
"18,8 : 244.35"
"18,9 : 57.2"
"18,10 : 824.5"
"18,11 : 679.1"
"18,12 : 101.77"
"18,13 : 522.85"
"18,14 : 485.72"
"18,15 : 192.94"
"18,16 : 138.92"
"18,17 : 703.31"
"18,18 : 0.0"
"18,19 : 429.28"
"18,20 : 361.42"
"18,21 : 823.78"
"18,22 : 454.4"
"18,23 : 509.85"
"18,24 : 239.42"
"18,25 : 576.9"
"18,26 : 745.29"
"18,27 : 802.48"
"18,28 : 431.28"
"18,29 : 506.19"
"18,30 : 534.43"
"18,31 : 443.31"
"18,32 : 683.11"
"18,33 : 343.68"
"18,34 : 409.5"
"18,35 : 734.12"
"18,36 : 412.35"
"18,37 : 533.97"
"18,38 : 407.26"
"18,39 : 229.51"
"18,40 : 526.91"
"18,41 : 416.87"
"18,42 : 316.2"
"18,43 : 407.65"
"18,44 : 442.57"
"18,45 : 272.33"
"18,46 : 568.88"
"18,47 : 215.37"
"18,48 : 835.08"
"18,49 : 112.45"
"19,0 : 824.89"
"19,1 : 13.04"
"19,2 : 871.6"
"19,3 : 1065.62"
"19,4 : 722.82"
"19,5 : 456.53"
"19,6 : 778.39"
"19,7 : 780.24"
"19,8 : 193.6"
"19,9 : 392.06"
"19,10 : 857.47"
"19,11 : 924.69"
"19,12 : 332.3"
"19,13 : 560.51"
"19,14 : 594.04"
"19,15 : 276.83"
"19,16 : 296.15"
"19,17 : 731.25"
"19,18 : 429.28"
"19,19 : 0.0"
"19,20 : 754.81"
"19,21 : 789.85"
"19,22 : 75.66"
"19,23 : 102.07"
"19,24 : 353.71"
"19,25 : 374.21"
"19,26 : 1073.27"
"19,27 : 1126.76"
"19,28 : 700.61"
"19,29 : 521.86"
"19,30 : 105.54"
"19,31 : 843.3"
"19,32 : 830.66"
"19,33 : 727.26"
"19,34 : 471.37"
"19,35 : 901.16"
"19,36 : 378.26"
"19,37 : 894.24"
"19,38 : 389.2"
"19,39 : 226.74"
"19,40 : 130.6"
"19,41 : 711.27"
"19,42 : 126.65"
"19,43 : 642.81"
"19,44 : 20.25"
"19,45 : 686.57"
"19,46 : 347.94"
"19,47 : 603.53"
"19,48 : 1156.06"
"19,49 : 497.23"
"20,0 : 965.24"
"20,1 : 764.67"
"20,2 : 270.17"
"20,3 : 865.07"
"20,4 : 755.62"
"20,5 : 976.83"
"20,6 : 762.88"
"20,7 : 242.19"
"20,8 : 592.33"
"20,9 : 374.43"
"20,10 : 1110.8"
"20,11 : 841.58"
"20,12 : 433.63"
"20,13 : 841.15"
"20,14 : 781.54"
"20,15 : 553.72"
"20,16 : 493.58"
"20,17 : 1003.33"
"20,18 : 361.42"
"20,19 : 754.81"
"20,20 : 0.0"
"20,21 : 1137.66"
"20,22 : 757.06"
"20,23 : 813.89"
"20,24 : 591.48"
"20,25 : 937.25"
"20,26 : 797.65"
"20,27 : 850.67"
"20,28 : 633.61"
"20,29 : 834.05"
"20,30 : 853.97"
"20,31 : 89.05"
"20,32 : 922.7"
"20,33 : 35.85"
"20,34 : 738.25"
"20,35 : 952.81"
"20,36 : 763.66"
"20,37 : 583.22"
"20,38 : 756.35"
"20,39 : 586.05"
"20,40 : 869.09"
"20,41 : 598.98"
"20,42 : 629.24"
"20,43 : 647.17"
"20,44 : 763.32"
"20,45 : 105.68"
"20,46 : 930.03"
"20,47 : 382.21"
"20,48 : 883.04"
"20,49 : 262.49"
"21,0 : 277.85"
"21,1 : 797.65"
"21,2 : 1042.66"
"21,3 : 704.03"
"21,4 : 439.12"
"21,5 : 349.23"
"21,6 : 474.16"
"21,7 : 975.14"
"21,8 : 733.26"
"21,9 : 851.0"
"21,10 : 133.15"
"21,11 : 541.36"
"21,12 : 822.41"
"21,13 : 301.2"
"21,14 : 357.19"
"21,15 : 690.52"
"21,16 : 756.12"
"21,17 : 143.96"
"21,18 : 823.78"
"21,19 : 789.85"
"21,20 : 1137.66"
"21,21 : 0.0"
"21,22 : 865.37"
"21,23 : 873.42"
"21,24 : 595.4"
"21,25 : 432.23"
"21,26 : 785.74"
"21,27 : 808.23"
"21,28 : 557.22"
"21,29 : 319.4"
"21,30 : 826.06"
"21,31 : 1196.16"
"21,32 : 337.19"
"21,33 : 1133.65"
"21,34 : 414.73"
"21,35 : 385.0"
"21,36 : 445.58"
"21,37 : 776.96"
"21,38 : 442.68"
"21,39 : 700.81"
"21,40 : 720.65"
"21,41 : 599.65"
"21,42 : 824.81"
"21,43 : 513.43"
"21,44 : 807.62"
"21,45 : 1032.12"
"21,46 : 461.35"
"21,47 : 762.03"
"21,48 : 818.51"
"21,49 : 934.18"
"22,0 : 897.86"
"22,1 : 68.01"
"22,2 : 895.54"
"22,3 : 1126.46"
"22,4 : 789.43"
"22,5 : 530.36"
"22,6 : 843.83"
"22,7 : 805.48"
"22,8 : 238.21"
"22,9 : 410.28"
"22,10 : 932.93"
"22,11 : 989.63"
"22,12 : 353.39"
"22,13 : 634.41"
"22,14 : 665.01"
"22,15 : 325.65"
"22,16 : 330.97"
"22,17 : 806.5"
"22,18 : 454.4"
"22,19 : 75.66"
"22,20 : 757.06"
"22,21 : 865.37"
"22,22 : 0.0"
"22,23 : 57.04"
"22,24 : 413.49"
"22,25 : 447.37"
"22,26 : 1129.59"
"22,27 : 1183.94"
"22,28 : 760.35"
"22,29 : 596.11"
"22,30 : 106.55"
"22,31 : 846.09"
"22,32 : 902.06"
"22,33 : 727.32"
"22,34 : 542.49"
"22,35 : 971.93"
"22,36 : 451.97"
"22,37 : 943.84"
"22,38 : 462.44"
"22,39 : 276.82"
"22,40 : 182.7"
"22,41 : 768.29"
"22,42 : 138.22"
"22,43 : 704.92"
"22,44 : 58.01"
"22,45 : 697.59"
"22,46 : 420.48"
"22,47 : 643.59"
"22,48 : 1213.87"
"22,49 : 507.58"
"23,0 : 922.77"
"23,1 : 89.64"
"23,2 : 951.57"
"23,3 : 1167.44"
"23,4 : 824.7"
"23,5 : 531.34"
"23,6 : 880.41"
"23,7 : 861.27"
"23,8 : 287.14"
"23,9 : 466.62"
"23,10 : 947.94"
"23,11 : 1026.73"
"23,12 : 409.25"
"23,13 : 657.23"
"23,14 : 694.23"
"23,15 : 373.36"
"23,16 : 383.85"
"23,17 : 823.37"
"23,18 : 509.85"
"23,19 : 102.07"
"23,20 : 813.89"
"23,21 : 873.42"
"23,22 : 57.04"
"23,23 : 0.0"
"23,24 : 455.01"
"23,25 : 447.14"
"23,26 : 1173.98"
"23,27 : 1227.74"
"23,28 : 802.14"
"23,29 : 617.93"
"23,30 : 64.9"
"23,31 : 902.93"
"23,32 : 930.3"
"23,33 : 784.0"
"23,34 : 571.61"
"23,35 : 1001.27"
"23,36 : 475.87"
"23,37 : 992.1"
"23,38 : 487.48"
"23,39 : 323.67"
"23,40 : 164.35"
"23,41 : 812.08"
"23,42 : 193.83"
"23,43 : 744.73"
"23,44 : 82.07"
"23,45 : 754.59"
"23,46 : 419.01"
"23,47 : 695.59"
"23,48 : 1257.23"
"23,49 : 564.56"
"24,0 : 527.77"
"24,1 : 366.61"
"24,2 : 603.85"
"24,3 : 713.04"
"24,4 : 383.26"
"24,5 : 385.37"
"24,6 : 434.23"
"24,7 : 514.05"
"24,8 : 186.5"
"24,9 : 257.39"
"24,10 : 613.64"
"24,11 : 578.56"
"24,12 : 227.48"
"24,13 : 299.81"
"24,14 : 287.84"
"24,15 : 108.85"
"24,16 : 164.35"
"24,17 : 486.77"
"24,18 : 239.42"
"24,19 : 353.71"
"24,20 : 591.48"
"24,21 : 595.4"
"24,22 : 413.49"
"24,23 : 455.01"
"24,24 : 0.0"
"24,25 : 351.24"
"24,26 : 719.82"
"24,27 : 773.09"
"24,28 : 347.21"
"24,29 : 276.13"
"24,30 : 449.36"
"24,31 : 667.18"
"24,32 : 517.12"
"24,33 : 577.87"
"24,34 : 183.97"
"24,35 : 581.04"
"24,36 : 173.31"
"24,37 : 548.38"
"24,38 : 167.84"
"24,39 : 144.45"
"24,40 : 395.72"
"24,41 : 357.84"
"24,42 : 302.95"
"24,43 : 291.73"
"24,44 : 373.21"
"24,45 : 493.11"
"24,46 : 348.8"
"24,47 : 295.24"
"24,48 : 802.34"
"24,49 : 351.75"
"25,0 : 545.89"
"25,1 : 379.68"
"25,2 : 949.11"
"25,3 : 897.42"
"25,4 : 534.85"
"25,5 : 84.38"
"25,6 : 594.95"
"25,7 : 861.29"
"25,8 : 386.08"
"25,9 : 576.6"
"25,10 : 523.69"
"25,11 : 730.94"
"25,12 : 526.57"
"25,13 : 297.89"
"25,14 : 375.8"
"25,15 : 389.66"
"25,16 : 457.1"
"25,17 : 411.05"
"25,18 : 576.9"
"25,19 : 374.21"
"25,20 : 937.25"
"25,21 : 432.23"
"25,22 : 447.37"
"25,23 : 447.14"
"25,24 : 351.24"
"25,25 : 0.0"
"25,26 : 939.9"
"25,27 : 983.47"
"25,28 : 580.57"
"25,29 : 260.35"
"25,30 : 395.8"
"25,31 : 1015.89"
"25,32 : 574.0"
"25,33 : 920.57"
"25,34 : 288.08"
"25,35 : 647.24"
"25,36 : 197.91"
"25,37 : 823.85"
"25,38 : 211.4"
"25,39 : 371.29"
"25,40 : 289.36"
"25,41 : 611.39"
"25,42 : 441.47"
"25,43 : 512.96"
"25,44 : 389.61"
"25,45 : 842.0"
"25,46 : 29.12"
"25,47 : 635.94"
"25,48 : 1006.23"
"25,49 : 684.64"
"26,0 : 508.02"
"26,1 : 1086.22"
"26,2 : 549.82"
"26,3 : 103.97"
"26,4 : 407.24"
"26,5 : 908.06"
"26,6 : 348.94"
"26,7 : 555.47"
"26,8 : 892.77"
"26,9 : 802.4"
"26,10 : 674.5"
"26,11 : 244.38"
"26,12 : 831.2"
"26,13 : 651.46"
"26,14 : 565.8"
"26,15 : 805.01"
"26,16 : 816.59"
"26,17 : 657.78"
"26,18 : 745.29"
"26,19 : 1073.27"
"26,20 : 797.65"
"26,21 : 785.74"
"26,22 : 1129.59"
"26,23 : 1173.98"
"26,24 : 719.82"
"26,25 : 939.9"
"26,26 : 0.0"
"26,27 : 57.31"
"26,28 : 376.43"
"26,29 : 683.78"
"26,30 : 1168.6"
"26,31 : 796.01"
"26,32 : 448.64"
"26,33 : 819.4"
"26,34 : 659.06"
"26,35 : 407.84"
"26,36 : 764.47"
"26,37 : 221.36"
"26,38 : 749.25"
"26,39 : 852.95"
"26,40 : 1105.2"
"26,41 : 362.01"
"26,42 : 1005.51"
"26,43 : 440.7"
"26,44 : 1092.55"
"26,45 : 720.94"
"26,46 : 956.93"
"26,47 : 531.66"
"26,48 : 90.34"
"26,49 : 788.2"
"27,0 : 530.74"
"27,1 : 1139.68"
"27,2 : 599.0"
"27,3 : 105.32"
"27,4 : 448.88"
"27,5 : 948.44"
"27,6 : 389.28"
"27,7 : 608.69"
"27,8 : 947.59"
"27,9 : 859.57"
"27,10 : 691.96"
"27,11 : 270.47"
"27,12 : 888.02"
"27,13 : 691.76"
"27,14 : 608.05"
"27,15 : 859.87"
"27,16 : 872.62"
"27,17 : 685.24"
"27,18 : 802.48"
"27,19 : 1126.76"
"27,20 : 850.67"
"27,21 : 808.23"
"27,22 : 1183.94"
"27,23 : 1227.74"
"27,24 : 773.09"
"27,25 : 983.47"
"27,26 : 57.31"
"27,27 : 0.0"
"27,28 : 427.82"
"27,29 : 725.46"
"27,30 : 1221.22"
"27,31 : 846.37"
"27,32 : 473.05"
"27,33 : 873.12"
"27,34 : 705.7"
"27,35 : 425.11"
"27,36 : 811.84"
"27,37 : 277.86"
"27,38 : 796.66"
"27,39 : 907.52"
"27,40 : 1156.0"
"27,41 : 415.73"
"27,42 : 1060.8"
"27,43 : 490.66"
"27,44 : 1146.15"
"27,45 : 775.77"
"27,46 : 1001.39"
"27,47 : 588.96"
"27,48 : 33.24"
"27,49 : 845.38"
"28,0 : 336.43"
"28,1 : 713.44"
"28,2 : 490.03"
"28,3 : 366.32"
"28,4 : 126.21"
"28,5 : 563.39"
"28,6 : 131.21"
"28,7 : 432.23"
"28,8 : 527.42"
"28,9 : 483.89"
"28,10 : 496.73"
"28,11 : 248.58"
"28,12 : 495.99"
"28,13 : 319.78"
"28,14 : 230.24"
"28,15 : 440.82"
"28,16 : 465.15"
"28,17 : 413.31"
"28,18 : 431.28"
"28,19 : 700.61"
"28,20 : 633.61"
"28,21 : 557.22"
"28,22 : 760.35"
"28,23 : 802.14"
"28,24 : 347.21"
"28,25 : 580.57"
"28,26 : 376.43"
"28,27 : 427.82"
"28,28 : 0.0"
"28,29 : 341.42"
"28,30 : 793.68"
"28,31 : 673.83"
"28,32 : 289.8"
"28,33 : 640.05"
"28,34 : 292.86"
"28,35 : 321.12"
"28,36 : 394.02"
"28,37 : 247.1"
"28,38 : 378.85"
"28,39 : 486.16"
"28,40 : 728.77"
"28,41 : 42.44"
"28,42 : 643.06"
"28,43 : 67.68"
"28,44 : 720.24"
"28,45 : 531.27"
"28,46 : 594.08"
"28,47 : 259.3"
"28,48 : 456.19"
"28,49 : 510.35"
"29,0 : 306.65"
"29,1 : 532.19"
"29,2 : 777.89"
"29,3 : 637.54"
"29,4 : 276.74"
"29,5 : 225.23"
"29,6 : 336.2"
"29,7 : 699.41"
"29,8 : 426.08"
"29,9 : 531.74"
"29,10 : 347.01"
"29,11 : 470.59"
"29,12 : 503.44"
"29,13 : 40.61"
"29,14 : 118.13"
"29,15 : 374.19"
"29,16 : 438.09"
"29,17 : 218.0"
"29,18 : 506.19"
"29,19 : 521.86"
"29,20 : 834.05"
"29,21 : 319.4"
"29,22 : 596.11"
"29,23 : 617.93"
"29,24 : 276.13"
"29,25 : 260.35"
"29,26 : 683.78"
"29,27 : 725.46"
"29,28 : 341.42"
"29,29 : 0.0"
"29,30 : 584.77"
"29,31 : 899.46"
"29,32 : 323.14"
"29,33 : 826.62"
"29,34 : 97.08"
"29,35 : 396.55"
"29,36 : 144.81"
"29,37 : 588.49"
"29,38 : 136.33"
"29,39 : 390.01"
"29,40 : 491.47"
"29,41 : 378.23"
"29,42 : 528.56"
"29,43 : 276.86"
"29,44 : 541.58"
"29,45 : 729.76"
"29,46 : 281.33"
"29,47 : 473.84"
"29,48 : 747.32"
"29,49 : 617.59"
"30,0 : 891.25"
"30,1 : 93.38"
"30,2 : 976.9"
"30,3 : 1156.34"
"30,4 : 806.4"
"30,5 : 480.16"
"30,6 : 863.69"
"30,7 : 885.62"
"30,8 : 298.57"
"30,9 : 495.91"
"30,10 : 906.34"
"30,11 : 1010.19"
"30,12 : 436.57"
"30,13 : 624.83"
"30,14 : 668.9"
"30,15 : 380.01"
"30,16 : 401.68"
"30,17 : 783.95"
"30,18 : 534.43"
"30,19 : 105.54"
"30,20 : 853.97"
"30,21 : 826.06"
"30,22 : 106.55"
"30,23 : 64.9"
"30,24 : 449.36"
"30,25 : 395.8"
"30,26 : 1168.6"
"30,27 : 1221.22"
"30,28 : 793.68"
"30,29 : 584.77"
"30,30 : 0.0"
"30,31 : 942.8"
"30,32 : 902.59"
"30,33 : 825.36"
"30,34 : 547.22"
"30,35 : 974.61"
"30,36 : 446.56"
"30,37 : 994.64"
"30,38 : 459.31"
"30,39 : 330.0"
"30,40 : 107.04"
"30,41 : 806.9"
"30,42 : 225.27"
"30,43 : 733.48"
"30,44 : 92.2"
"30,45 : 789.02"
"30,46 : 367.08"
"30,47 : 708.01"
"30,48 : 1249.86"
"30,49 : 599.12"
"31,0 : 1009.41"
"31,1 : 853.25"
"31,2 : 248.47"
"31,3 : 871.5"
"31,4 : 798.66"
"31,5 : 1052.08"
"31,6 : 799.76"
"31,7 : 252.51"
"31,8 : 678.43"
"31,9 : 460.3"
"31,10 : 1161.38"
"31,11 : 865.4"
"31,12 : 520.03"
"31,13 : 903.69"
"31,14 : 838.98"
"31,15 : 636.23"
"31,16 : 578.08"
"31,17 : 1058.86"
"31,18 : 443.31"
"31,19 : 843.3"
"31,20 : 89.05"
"31,21 : 1196.16"
"31,22 : 846.09"
"31,23 : 902.93"
"31,24 : 667.18"
"31,25 : 1015.89"
"31,26 : 796.01"
"31,27 : 846.37"
"31,28 : 673.83"
"31,29 : 899.46"
"31,30 : 942.8"
"31,31 : 0.0"
"31,32 : 963.49"
"31,33 : 120.93"
"31,34 : 805.07"
"31,35 : 987.85"
"31,36 : 837.61"
"31,37 : 590.53"
"31,38 : 829.47"
"31,39 : 670.47"
"31,40 : 956.57"
"31,41 : 636.39"
"31,42 : 717.93"
"31,43 : 695.04"
"31,44 : 852.01"
"31,45 : 174.07"
"31,46 : 1009.85"
"31,47 : 434.48"
"31,48 : 877.78"
"31,49 : 349.01"
"32,0 : 60.75"
"32,1 : 842.0"
"32,2 : 769.97"
"32,3 : 370.3"
"32,4 : 167.93"
"32,5 : 517.87"
"32,6 : 167.26"
"32,7 : 719.42"
"32,8 : 699.7"
"32,9 : 728.02"
"32,10 : 234.34"
"32,11 : 204.3"
"32,12 : 723.09"
"32,13 : 282.6"
"32,14 : 237.19"
"32,15 : 625.86"
"32,16 : 673.32"
"32,17 : 213.47"
"32,18 : 683.11"
"32,19 : 830.66"
"32,20 : 922.7"
"32,21 : 337.19"
"32,22 : 902.06"
"32,23 : 930.3"
"32,24 : 517.12"
"32,25 : 574.0"
"32,26 : 448.64"
"32,27 : 473.05"
"32,28 : 289.8"
"32,29 : 323.14"
"32,30 : 902.59"
"32,31 : 963.49"
"32,32 : 0.0"
"32,33 : 927.91"
"32,34 : 359.57"
"32,35 : 73.54"
"32,36 : 456.04"
"32,37 : 460.34"
"32,38 : 443.52"
"32,39 : 658.52"
"32,40 : 813.0"
"32,41 : 327.45"
"32,42 : 813.38"
"32,43 : 281.9"
"32,44 : 850.83"
"32,45 : 819.49"
"32,46 : 598.21"
"32,47 : 543.92"
"32,48 : 485.59"
"32,49 : 777.68"
"33,0 : 968.79"
"33,1 : 736.85"
"33,2 : 300.42"
"33,3 : 884.0"
"33,4 : 760.26"
"33,5 : 962.67"
"33,6 : 770.29"
"33,7 : 264.78"
"33,8 : 568.94"
"33,9 : 352.04"
"33,10 : 1110.96"
"33,11 : 854.2"
"33,12 : 410.24"
"33,13 : 835.41"
"33,14 : 778.83"
"33,15 : 534.4"
"33,16 : 472.37"
"33,17 : 1001.12"
"33,18 : 343.68"
"33,19 : 727.26"
"33,20 : 35.85"
"33,21 : 1133.65"
"33,22 : 727.32"
"33,23 : 784.0"
"33,24 : 577.87"
"33,25 : 920.57"
"33,26 : 819.4"
"33,27 : 873.12"
"33,28 : 640.05"
"33,29 : 826.62"
"33,30 : 825.36"
"33,31 : 120.93"
"33,32 : 927.91"
"33,33 : 0.0"
"33,34 : 730.22"
"33,35 : 960.51"
"33,36 : 750.82"
"33,37 : 602.83"
"33,38 : 744.11"
"33,39 : 564.68"
"33,40 : 843.39"
"33,41 : 606.86"
"33,42 : 601.21"
"33,43 : 649.93"
"33,44 : 735.21"
"33,45 : 108.93"
"33,46 : 912.4"
"33,47 : 384.73"
"33,48 : 905.71"
"33,49 : 239.93"
"34,0 : 358.52"
"34,1 : 482.87"
"34,2 : 693.38"
"34,3 : 626.92"
"34,4 : 265.05"
"34,5 : 280.17"
"34,6 : 324.82"
"34,7 : 611.95"
"34,8 : 349.18"
"34,9 : 436.57"
"34,10 : 430.15"
"34,11 : 469.38"
"34,12 : 411.11"
"34,13 : 115.95"
"34,14 : 122.67"
"34,15 : 287.56"
"34,16 : 348.04"
"34,17 : 302.85"
"34,18 : 409.5"
"34,19 : 471.37"
"34,20 : 738.25"
"34,21 : 414.73"
"34,22 : 542.49"
"34,23 : 571.61"
"34,24 : 183.97"
"34,25 : 288.08"
"34,26 : 659.06"
"34,27 : 705.7"
"34,28 : 292.86"
"34,29 : 97.08"
"34,30 : 547.22"
"34,31 : 805.07"
"34,32 : 359.57"
"34,33 : 730.22"
"34,34 : 0.0"
"34,35 : 429.8"
"34,36 : 107.07"
"34,37 : 535.93"
"34,38 : 92.2"
"34,39 : 310.18"
"34,40 : 464.57"
"34,41 : 323.36"
"34,42 : 458.66"
"34,43 : 225.18"
"34,44 : 491.57"
"34,45 : 634.39"
"34,46 : 301.25"
"34,47 : 384.39"
"34,48 : 730.66"
"34,49 : 520.67"
"35,0 : 113.32"
"35,1 : 912.65"
"35,2 : 782.24"
"35,3 : 320.15"
"35,4 : 212.0"
"35,5 : 589.96"
"35,6 : 190.24"
"35,7 : 739.24"
"35,8 : 765.43"
"35,9 : 781.41"
"35,10 : 267.11"
"35,11 : 168.6"
"35,12 : 780.37"
"35,13 : 356.05"
"35,14 : 307.12"
"35,15 : 689.28"
"35,16 : 733.71"
"35,17 : 275.0"
"35,18 : 734.12"
"35,19 : 901.16"
"35,20 : 952.81"
"35,21 : 385.0"
"35,22 : 971.93"
"35,23 : 1001.27"
"35,24 : 581.04"
"35,25 : 647.24"
"35,26 : 407.84"
"35,27 : 425.11"
"35,28 : 321.12"
"35,29 : 396.55"
"35,30 : 974.61"
"35,31 : 987.85"
"35,32 : 73.54"
"35,33 : 960.51"
"35,34 : 429.8"
"35,35 : 0.0"
"35,36 : 528.11"
"35,37 : 453.97"
"35,38 : 515.32"
"35,39 : 723.9"
"35,40 : 885.85"
"35,41 : 353.86"
"35,42 : 880.07"
"35,43 : 327.15"
"35,44 : 921.37"
"35,45 : 851.61"
"35,46 : 671.59"
"35,47 : 580.19"
"35,48 : 433.9"
"35,49 : 823.97"
"36,0 : 446.93"
"36,1 : 388.93"
"36,2 : 754.4"
"36,3 : 733.93"
"36,4 : 372.0"
"36,5 : 215.24"
"36,6 : 431.87"
"36,7 : 668.03"
"36,8 : 287.93"
"36,9 : 425.84"
"36,10 : 489.33"
"36,11 : 576.13"
"36,12 : 387.36"
"36,13 : 182.46"
"36,14 : 223.89"
"36,15 : 249.62"
"36,16 : 318.01"
"36,17 : 360.61"
"36,18 : 412.35"
"36,19 : 378.26"
"36,20 : 763.66"
"36,21 : 445.58"
"36,22 : 451.97"
"36,23 : 475.87"
"36,24 : 173.31"
"36,25 : 197.91"
"36,26 : 764.47"
"36,27 : 811.84"
"36,28 : 394.02"
"36,29 : 144.81"
"36,30 : 446.56"
"36,31 : 837.61"
"36,32 : 456.04"
"36,33 : 750.82"
"36,34 : 107.07"
"36,35 : 528.11"
"36,36 : 0.0"
"36,37 : 631.93"
"36,38 : 15.23"
"36,39 : 255.39"
"36,40 : 359.68"
"36,41 : 421.05"
"36,42 : 385.47"
"36,43 : 326.72"
"36,44 : 398.16"
"36,45 : 663.83"
"36,46 : 205.2"
"36,47 : 440.91"
"36,48 : 837.15"
"36,49 : 524.42"
"37,0 : 519.2"
"37,1 : 907.28"
"37,2 : 353.44"
"37,3 : 282.04"
"37,4 : 341.21"
"37,5 : 810.12"
"37,6 : 303.21"
"37,7 : 342.09"
"37,8 : 705.69"
"37,9 : 591.12"
"37,10 : 692.72"
"37,11 : 298.53"
"37,12 : 625.31"
"37,13 : 565.78"
"37,14 : 475.74"
"37,15 : 618.77"
"37,16 : 619.58"
"37,17 : 634.93"
"37,18 : 533.97"
"37,19 : 894.24"
"37,20 : 583.22"
"37,21 : 776.96"
"37,22 : 943.84"
"37,23 : 992.1"
"37,24 : 548.38"
"37,25 : 823.85"
"37,26 : 221.36"
"37,27 : 277.86"
"37,28 : 247.1"
"37,29 : 588.49"
"37,30 : 994.64"
"37,31 : 590.53"
"37,32 : 460.34"
"37,33 : 602.83"
"37,34 : 535.93"
"37,35 : 453.97"
"37,36 : 631.93"
"37,37 : 0.0"
"37,38 : 617.07"
"37,39 : 668.45"
"37,40 : 943.66"
"37,41 : 212.68"
"37,42 : 813.39"
"37,43 : 313.1"
"37,44 : 912.55"
"37,45 : 501.79"
"37,46 : 835.55"
"37,47 : 318.6"
"37,48 : 311.1"
"37,49 : 569.0"
"38,0 : 435.69"
"38,1 : 400.06"
"38,2 : 742.85"
"38,3 : 718.92"
"38,4 : 357.23"
"38,5 : 224.98"
"38,6 : 417.02"
"38,7 : 656.95"
"38,8 : 292.25"
"38,9 : 422.69"
"38,10 : 482.5"
"38,11 : 561.47"
"38,12 : 385.98"
"38,13 : 172.7"
"38,14 : 210.24"
"38,15 : 249.58"
"38,16 : 317.23"
"38,17 : 353.57"
"38,18 : 407.26"
"38,19 : 389.2"
"38,20 : 756.35"
"38,21 : 442.68"
"38,22 : 462.44"
"38,23 : 487.48"
"38,24 : 167.84"
"38,25 : 211.4"
"38,26 : 749.25"
"38,27 : 796.66"
"38,28 : 378.85"
"38,29 : 136.33"
"38,30 : 459.31"
"38,31 : 829.47"
"38,32 : 443.52"
"38,33 : 744.11"
"38,34 : 92.2"
"38,35 : 515.32"
"38,36 : 15.23"
"38,37 : 617.07"
"38,38 : 0.0"
"38,39 : 258.31"
"38,40 : 373.57"
"38,41 : 406.03"
"38,42 : 392.39"
"38,43 : 311.52"
"38,44 : 409.18"
"38,45 : 655.89"
"38,46 : 219.51"
"38,47 : 429.44"
"38,48 : 822.01"
"38,49 : 519.56"
"39,0 : 665.43"
"39,1 : 239.73"
"39,2 : 660.51"
"39,3 : 852.43"
"39,4 : 527.71"
"39,5 : 430.93"
"39,6 : 578.38"
"39,7 : 568.47"
"39,8 : 42.06"
"39,9 : 212.88"
"39,10 : 736.42"
"39,11 : 722.1"
"39,12 : 157.55"
"39,13 : 421.01"
"39,14 : 425.0"
"39,15 : 50.09"
"39,16 : 92.48"
"39,17 : 607.6"
"39,18 : 229.51"
"39,19 : 226.74"
"39,20 : 586.05"
"39,21 : 700.81"
"39,22 : 276.82"
"39,23 : 323.67"
"39,24 : 144.45"
"39,25 : 371.29"
"39,26 : 852.95"
"39,27 : 907.52"
"39,28 : 486.16"
"39,29 : 390.01"
"39,30 : 330.0"
"39,31 : 670.47"
"39,32 : 658.52"
"39,33 : 564.68"
"39,34 : 310.18"
"39,35 : 723.9"
"39,36 : 255.39"
"39,37 : 668.45"
"39,38 : 258.31"
"39,39 : 0.0"
"39,40 : 302.6"
"39,41 : 492.15"
"39,42 : 158.65"
"39,43 : 434.12"
"39,44 : 244.48"
"39,45 : 501.41"
"39,46 : 357.6"
"39,47 : 378.54"
"39,48 : 937.68"
"39,49 : 324.78"
"40,0 : 797.8"
"40,1 : 127.29"
"40,2 : 963.05"
"40,3 : 1085.36"
"40,4 : 728.37"
"40,5 : 373.64"
"40,6 : 787.2"
"40,7 : 871.01"
"40,8 : 282.57"
"40,9 : 497.99"
"40,10 : 804.21"
"40,11 : 933.0"
"40,12 : 437.63"
"40,13 : 531.98"
"40,14 : 583.56"
"40,15 : 349.41"
"40,16 : 388.29"
"40,17 : 683.74"
"40,18 : 526.91"
"40,19 : 130.6"
"40,20 : 869.09"
"40,21 : 720.65"
"40,22 : 182.7"
"40,23 : 164.35"
"40,24 : 395.72"
"40,25 : 289.36"
"40,26 : 1105.2"
"40,27 : 1156.0"
"40,28 : 728.77"
"40,29 : 491.47"
"40,30 : 107.04"
"40,31 : 956.57"
"40,32 : 813.0"
"40,33 : 843.39"
"40,34 : 464.57"
"40,35 : 885.85"
"40,36 : 359.68"
"40,37 : 943.66"
"40,38 : 373.57"
"40,39 : 302.6"
"40,40 : 0.0"
"40,41 : 746.45"
"40,42 : 251.41"
"40,43 : 665.41"
"40,44 : 134.62"
"40,45 : 793.94"
"40,46 : 260.5"
"40,47 : 675.83"
"40,48 : 1183.39"
"40,49 : 607.76"
"41,0 : 376.07"
"41,1 : 724.21"
"41,2 : 448.36"
"41,3 : 363.66"
"41,4 : 167.09"
"41,5 : 598.01"
"41,6 : 163.98"
"41,7 : 392.46"
"41,8 : 532.59"
"41,9 : 471.27"
"41,10 : 538.21"
"41,11 : 264.05"
"41,12 : 488.36"
"41,13 : 358.51"
"41,14 : 269.71"
"41,15 : 445.07"
"41,16 : 463.21"
"41,17 : 455.75"
"41,18 : 416.87"
"41,19 : 711.27"
"41,20 : 598.98"
"41,21 : 599.65"
"41,22 : 768.29"
"41,23 : 812.08"
"41,24 : 357.84"
"41,25 : 611.39"
"41,26 : 362.01"
"41,27 : 415.73"
"41,28 : 42.44"
"41,29 : 378.23"
"41,30 : 806.9"
"41,31 : 636.39"
"41,32 : 327.45"
"41,33 : 606.86"
"41,34 : 323.36"
"41,35 : 353.86"
"41,36 : 421.05"
"41,37 : 212.68"
"41,38 : 406.03"
"41,39 : 492.15"
"41,40 : 746.45"
"41,41 : 0.0"
"41,42 : 646.85"
"41,43 : 101.4"
"41,44 : 730.58"
"41,45 : 497.93"
"41,46 : 623.6"
"41,47 : 231.31"
"41,48 : 445.59"
"41,49 : 488.99"
"42,0 : 816.92"
"42,1 : 135.71"
"42,2 : 757.74"
"42,3 : 1008.9"
"42,4 : 686.1"
"42,5 : 516.76"
"42,6 : 737.02"
"42,7 : 667.46"
"42,8 : 116.62"
"42,9 : 273.1"
"42,10 : 874.73"
"42,11 : 880.65"
"42,12 : 215.42"
"42,13 : 563.29"
"42,14 : 577.67"
"42,15 : 202.25"
"42,16 : 195.36"
"42,17 : 745.89"
"42,18 : 316.2"
"42,19 : 126.65"
"42,20 : 629.24"
"42,21 : 824.81"
"42,22 : 138.22"
"42,23 : 193.83"
"42,24 : 302.95"
"42,25 : 441.47"
"42,26 : 1005.51"
"42,27 : 1060.8"
"42,28 : 643.06"
"42,29 : 528.56"
"42,30 : 225.27"
"42,31 : 717.93"
"42,32 : 813.38"
"42,33 : 601.21"
"42,34 : 458.66"
"42,35 : 880.07"
"42,36 : 385.47"
"42,37 : 813.39"
"42,38 : 392.39"
"42,39 : 158.65"
"42,40 : 251.41"
"42,41 : 646.85"
"42,42 : 0.0"
"42,43 : 592.42"
"42,44 : 134.08"
"42,45 : 564.03"
"42,46 : 419.49"
"42,47 : 508.05"
"42,48 : 1091.49"
"42,49 : 374.0"
"43,0 : 319.03"
"43,1 : 655.51"
"43,2 : 529.27"
"43,3 : 423.04"
"43,4 : 115.52"
"43,5 : 497.04"
"43,6 : 150.0"
"43,7 : 463.25"
"43,8 : 475.95"
"43,9 : 456.57"
"43,10 : 466.5"
"43,11 : 288.76"
"43,12 : 461.09"
"43,13 : 258.06"
"43,14 : 170.53"
"43,15 : 391.19"
"43,16 : 422.85"
"43,17 : 370.91"
"43,18 : 407.65"
"43,19 : 642.81"
"43,20 : 647.17"
"43,21 : 513.43"
"43,22 : 704.92"
"43,23 : 744.73"
"43,24 : 291.73"
"43,25 : 512.96"
"43,26 : 440.7"
"43,27 : 490.66"
"43,28 : 67.68"
"43,29 : 276.86"
"43,30 : 733.48"
"43,31 : 695.04"
"43,32 : 281.9"
"43,33 : 649.93"
"43,34 : 225.18"
"43,35 : 327.15"
"43,36 : 326.72"
"43,37 : 313.1"
"43,38 : 311.52"
"43,39 : 434.12"
"43,40 : 665.41"
"43,41 : 101.4"
"43,42 : 592.42"
"43,43 : 0.0"
"43,44 : 662.67"
"43,45 : 542.51"
"43,46 : 526.4"
"43,47 : 265.27"
"43,48 : 518.01"
"43,49 : 497.23"
"44,0 : 844.87"
"44,1 : 10.0"
"44,2 : 885.12"
"44,3 : 1085.41"
"44,4 : 743.01"
"44,5 : 472.45"
"44,6 : 798.53"
"44,7 : 793.98"
"44,8 : 210.09"
"44,9 : 403.71"
"44,10 : 876.4"
"44,11 : 944.8"
"44,12 : 344.4"
"44,13 : 580.33"
"44,14 : 614.24"
"44,15 : 294.5"
"44,16 : 311.12"
"44,17 : 750.42"
"44,18 : 442.57"
"44,19 : 20.25"
"44,20 : 763.32"
"44,21 : 807.62"
"44,22 : 58.01"
"44,23 : 82.07"
"44,24 : 373.21"
"44,25 : 389.61"
"44,26 : 1092.55"
"44,27 : 1146.15"
"44,28 : 720.24"
"44,29 : 541.58"
"44,30 : 92.2"
"44,31 : 852.01"
"44,32 : 850.83"
"44,33 : 735.21"
"44,34 : 491.57"
"44,35 : 921.37"
"44,36 : 398.16"
"44,37 : 912.55"
"44,38 : 409.18"
"44,39 : 244.48"
"44,40 : 134.62"
"44,41 : 730.58"
"44,42 : 134.08"
"44,43 : 662.67"
"44,44 : 0.0"
"44,45 : 697.09"
"44,46 : 362.89"
"44,47 : 620.08"
"44,48 : 1175.53"
"44,49 : 507.32"
"45,0 : 861.04"
"45,1 : 697.32"
"45,2 : 235.85"
"45,3 : 781.23"
"45,4 : 652.01"
"45,5 : 878.11"
"45,6 : 661.4"
"45,7 : 175.42"
"45,8 : 512.69"
"45,9 : 296.08"
"45,10 : 1005.37"
"45,11 : 746.2"
"45,12 : 356.48"
"45,13 : 736.12"
"45,14 : 675.88"
"45,15 : 464.9"
"45,16 : 409.65"
"45,17 : 897.64"
"45,18 : 272.33"
"45,19 : 686.57"
"45,20 : 105.68"
"45,21 : 1032.12"
"45,22 : 697.59"
"45,23 : 754.59"
"45,24 : 493.11"
"45,25 : 842.0"
"45,26 : 720.94"
"45,27 : 775.77"
"45,28 : 531.27"
"45,29 : 729.76"
"45,30 : 789.02"
"45,31 : 174.07"
"45,32 : 819.49"
"45,33 : 108.93"
"45,34 : 634.39"
"45,35 : 851.61"
"45,36 : 663.83"
"45,37 : 501.79"
"45,38 : 655.89"
"45,39 : 501.41"
"45,40 : 793.94"
"45,41 : 497.93"
"45,42 : 564.03"
"45,43 : 542.51"
"45,44 : 697.09"
"45,45 : 0.0"
"45,46 : 836.3"
"45,47 : 277.27"
"45,48 : 808.68"
"45,49 : 190.13"
"46,0 : 571.52"
"46,1 : 353.0"
"46,2 : 950.18"
"46,3 : 916.79"
"46,4 : 553.44"
"46,5 : 113.14"
"46,6 : 613.73"
"46,7 : 861.52"
"46,8 : 369.72"
"46,9 : 565.83"
"46,10 : 552.35"
"46,11 : 751.41"
"46,12 : 514.2"
"46,13 : 319.83"
"46,14 : 394.89"
"46,15 : 379.22"
"46,16 : 445.46"
"46,17 : 438.8"
"46,18 : 568.88"
"46,19 : 347.94"
"46,20 : 930.03"
"46,21 : 461.35"
"46,22 : 420.48"
"46,23 : 419.01"
"46,24 : 348.8"
"46,25 : 29.12"
"46,26 : 956.93"
"46,27 : 1001.39"
"46,28 : 594.08"
"46,29 : 281.33"
"46,30 : 367.08"
"46,31 : 1009.85"
"46,32 : 598.21"
"46,33 : 912.4"
"46,34 : 301.25"
"46,35 : 671.59"
"46,36 : 205.2"
"46,37 : 835.55"
"46,38 : 219.51"
"46,39 : 357.6"
"46,40 : 260.5"
"46,41 : 623.6"
"46,42 : 419.49"
"46,43 : 526.4"
"46,44 : 362.89"
"46,45 : 836.3"
"46,46 : 0.0"
"46,47 : 637.78"
"46,48 : 1024.69"
"46,49 : 675.08"
"47,0 : 584.05"
"47,1 : 616.33"
"47,2 : 313.5"
"47,3 : 564.73"
"47,4 : 376.03"
"47,5 : 653.34"
"47,6 : 390.51"
"47,7 : 228.25"
"47,8 : 410.02"
"47,9 : 272.52"
"47,10 : 728.96"
"47,11 : 492.8"
"47,12 : 308.77"
"47,13 : 473.48"
"47,14 : 404.88"
"47,15 : 329.01"
"47,16 : 312.85"
"47,17 : 624.39"
"47,18 : 215.37"
"47,19 : 603.53"
"47,20 : 382.21"
"47,21 : 762.03"
"47,22 : 643.59"
"47,23 : 695.59"
"47,24 : 295.24"
"47,25 : 635.94"
"47,26 : 531.66"
"47,27 : 588.96"
"47,28 : 259.3"
"47,29 : 473.84"
"47,30 : 708.01"
"47,31 : 434.48"
"47,32 : 543.92"
"47,33 : 384.73"
"47,34 : 384.39"
"47,35 : 580.19"
"47,36 : 440.91"
"47,37 : 318.6"
"47,38 : 429.44"
"47,39 : 378.54"
"47,40 : 675.83"
"47,41 : 231.31"
"47,42 : 508.05"
"47,43 : 265.27"
"47,44 : 620.08"
"47,45 : 277.27"
"47,46 : 637.78"
"47,47 : 0.0"
"47,48 : 621.79"
"47,49 : 263.4"
"48,0 : 542.01"
"48,1 : 1168.95"
"48,2 : 630.08"
"48,3 : 115.35"
"48,4 : 471.39"
"48,5 : 969.24"
"48,6 : 411.32"
"48,7 : 641.17"
"48,8 : 977.93"
"48,9 : 892.13"
