x,y
77,604
697,142
930,238
901,105
687,699
729,978
574,629
734,351
482,610
723,569
788,142
490,577
383,27
330,327
981,287
181,18
435,299
881,186
682,46
641,110
438,800
401,978
440,925
204,631
523,965
320,104
214,52
325,776
174,230
523,371
354,236
929,606
342,502
987,124
516,159
184,425
148,889
228,224
887,474
820,208
429,599
633,462
648,488
92,348
548,179
414,123
67,0
482,672
958,731
156,777

Distanze
"0,0 : 0.0"
"0,1 : 830.32"
"0,2 : 813.94"
"0,3 : 437.14"
"0,4 : 513.7"
"0,5 : 613.73"
"0,6 : 660.0"
"0,7 : 692.28"
"0,8 : 147.92"
"0,9 : 273.99"
"0,10 : 857.82"
"0,11 : 417.37"
"0,12 : 550.84"
"0,13 : 483.76"
"0,14 : 146.7"
"0,15 : 581.67"
"0,16 : 565.89"
"0,17 : 330.99"
"0,18 : 417.23"
"0,19 : 117.52"
"0,20 : 137.03"
"0,21 : 437.66"
"0,22 : 200.85"
"0,23 : 627.78"
"0,24 : 676.24"
"0,25 : 836.26"
"0,26 : 350.04"
"0,27 : 716.45"
"0,28 : 917.99"
"0,29 : 479.65"
"0,30 : 697.65"
"0,31 : 636.83"
"0,32 : 419.93"
"0,33 : 834.64"
"0,34 : 825.7"
"0,35 : 538.49"
"0,36 : 687.27"
"0,37 : 355.25"
"0,38 : 123.18"
"0,39 : 359.71"
"0,40 : 271.68"
"0,41 : 521.86"
"0,42 : 510.25"
"0,43 : 534.13"
"0,44 : 405.23"
"0,45 : 371.25"
"0,46 : 538.18"
"0,47 : 414.66"
"0,48 : 707.68"
"0,49 : 519.71"
"1,0 : 830.32"
"1,1 : 0.0"
"1,2 : 85.45"
"1,3 : 495.1"
"1,4 : 490.08"
"1,5 : 225.53"
"1,6 : 521.21"
"1,7 : 138.19"
"1,8 : 788.21"
"1,9 : 832.54"
"1,10 : 535.34"
"1,11 : 932.93"
"1,12 : 394.41"
"1,13 : 898.02"
"1,14 : 936.62"
"1,15 : 678.47"
"1,16 : 953.1"
"1,17 : 659.11"
"1,18 : 1064.78"
"1,19 : 784.52"
"1,20 : 702.9"
"1,21 : 525.68"
"1,22 : 641.07"
"1,23 : 469.2"
"1,24 : 329.46"
"1,25 : 11.4"
"1,26 : 822.46"
"1,27 : 726.68"
"1,28 : 100.42"
"1,29 : 697.26"
"1,30 : 137.19"
"1,31 : 256.28"
"1,32 : 1035.42"
"1,33 : 111.62"
"1,34 : 111.36"
"1,35 : 849.32"
"1,36 : 553.72"
"1,37 : 773.07"
"1,38 : 725.01"
"1,39 : 605.3"
"1,40 : 920.44"
"1,41 : 456.57"
"1,42 : 744.87"
"1,43 : 664.26"
"1,44 : 913.64"
"1,45 : 603.8"
"1,46 : 904.01"
"1,47 : 903.33"
"1,48 : 401.87"
"1,49 : 553.6"
"2,0 : 813.94"
"2,1 : 85.45"
"2,2 : 0.0"
"2,3 : 518.68"
"2,4 : 526.98"
"2,5 : 241.03"
"2,6 : 444.11"
"2,7 : 140.43"
"2,8 : 787.02"
"2,9 : 789.36"
"2,10 : 611.07"
"2,11 : 955.24"
"2,12 : 335.6"
"2,13 : 838.47"
"2,14 : 929.5"
"2,15 : 607.79"
"2,16 : 889.2"
"2,17 : 612.75"
"2,18 : 1078.81"
"2,19 : 779.83"
"2,20 : 692.93"
"2,21 : 551.99"
"2,22 : 618.19"
"2,23 : 395.35"
"2,24 : 254.23"
"2,25 : 96.4"
"2,26 : 772.29"
"2,27 : 784.7"
"2,28 : 111.36"
"2,29 : 732.63"
"2,30 : 123.75"
"2,31 : 297.57"
"2,32 : 1051.94"
"2,33 : 33.54"
"2,34 : 29.07"
"2,35 : 784.42"
"2,36 : 613.5"
"2,37 : 794.27"
"2,38 : 716.27"
"2,39 : 558.33"
"2,40 : 879.73"
"2,41 : 492.97"
"2,42 : 782.67"
"2,43 : 705.92"
"2,44 : 935.66"
"2,45 : 555.37"
"2,46 : 840.56"
"2,47 : 849.46"
"2,48 : 465.67"
"2,49 : 593.38"
"3,0 : 437.14"
"3,1 : 495.1"
"3,2 : 518.68"
"3,3 : 0.0"
"3,4 : 84.63"
"3,5 : 277.65"
"3,6 : 639.19"
"3,7 : 378.31"
"3,8 : 336.59"
"3,9 : 589.65"
"3,10 : 429.29"
"3,11 : 438.1"
"3,12 : 449.96"
"3,13 : 757.33"
"3,14 : 493.88"
"3,15 : 683.35"
"3,16 : 838.17"
"3,17 : 487.23"
"3,18 : 572.06"
"3,19 : 346.52"
"3,20 : 302.63"
"3,21 : 36.5"
"3,22 : 330.88"
"3,23 : 579.74"
"3,24 : 528.19"
"3,25 : 496.39"
"3,26 : 628.56"
"3,27 : 379.46"
"3,28 : 595.13"
"3,29 : 226.51"
"3,30 : 397.54"
"3,31 : 246.01"
"3,32 : 541.21"
"3,33 : 549.47"
"3,34 : 541.78"
"3,35 : 761.67"
"3,36 : 277.35"
"3,37 : 277.97"
"3,38 : 313.96"
"3,39 : 459.67"
"3,40 : 645.33"
"3,41 : 84.93"
"3,42 : 280.32"
"3,43 : 223.9"
"3,44 : 418.72"
"3,45 : 468.45"
"3,46 : 793.69"
"3,47 : 719.08"
"3,48 : 270.54"
"3,49 : 128.81"
"4,0 : 513.7"
"4,1 : 490.08"
"4,2 : 526.98"
"4,3 : 84.63"
"4,4 : 0.0"
"4,5 : 291.6"
"4,6 : 701.17"
"4,7 : 389.79"
"4,8 : 402.0"
"4,9 : 674.25"
"4,10 : 346.71"
"4,11 : 454.16"
"4,12 : 509.24"
"4,13 : 840.97"
"4,14 : 557.65"
"4,15 : 757.72"
"4,16 : 921.38"
"4,17 : 569.7"
"4,18 : 600.93"
"4,19 : 416.08"
"4,20 : 381.8"
"4,21 : 76.12"
"4,22 : 415.48"
"4,23 : 640.18"
"4,24 : 574.11"
"4,25 : 489.41"
"4,26 : 712.91"
"4,27 : 309.09"
"4,28 : 590.27"
"4,29 : 207.18"
"4,30 : 412.42"
"4,31 : 233.81"
"4,32 : 566.37"
"4,33 : 559.46"
"4,34 : 552.56"
"4,35 : 843.26"
"4,36 : 193.2"
"4,37 : 302.03"
"4,38 : 390.98"
"4,39 : 540.09"
"4,40 : 729.13"
"4,41 : 34.01"
"4,42 : 255.84"
"4,43 : 180.77"
"4,44 : 435.82"
"4,45 : 548.4"
"4,46 : 876.5"
"4,47 : 803.52"
"4,48 : 199.36"
"4,49 : 68.25"
"5,0 : 613.73"
"5,1 : 225.53"
"5,2 : 241.03"
"5,3 : 277.65"
"5,4 : 291.6"
"5,5 : 0.0"
"5,6 : 478.21"
"5,7 : 100.7"
"5,8 : 563.37"
"5,9 : 654.53"
"5,10 : 467.38"
"5,11 : 714.66"
"5,12 : 295.91"
"5,13 : 759.09"
"5,14 : 713.48"
"5,15 : 589.96"
"5,16 : 826.5"
"5,17 : 494.53"
"5,18 : 841.55"
"5,19 : 560.81"
"5,20 : 482.46"
"5,21 : 311.12"
"5,22 : 434.34"
"5,23 : 416.03"
"5,24 : 312.12"
"5,25 : 229.17"
"5,26 : 660.44"
"5,27 : 574.0"
"5,28 : 322.91"
"5,29 : 494.17"
"5,30 : 121.33"
"5,31 : 92.57"
"5,32 : 813.38"
"5,33 : 272.01"
"5,34 : 264.46"
"5,35 : 729.61"
"5,36 : 412.55"
"5,37 : 553.81"
"5,38 : 503.61"
"5,39 : 445.31"
"5,40 : 735.62"
"5,41 : 257.85"
"5,42 : 545.4"
"5,43 : 472.31"
"5,44 : 695.13"
"5,45 : 447.58"
"5,46 : 777.38"
"5,47 : 748.26"
"5,48 : 288.23"
"5,49 : 359.48"
"6,0 : 660.0"
"6,1 : 521.21"
"6,2 : 444.11"
"6,3 : 639.19"
"6,4 : 701.17"
"6,5 : 478.21"
"6,6 : 0.0"
"6,7 : 445.49"
"6,8 : 718.17"
"6,9 : 492.29"
"6,10 : 945.34"
"6,11 : 979.63"
"6,12 : 192.59"
"6,13 : 448.07"
"6,14 : 805.51"
"6,15 : 181.22"
"6,16 : 476.6"
"6,17 : 338.15"
"6,18 : 1046.5"
"6,19 : 694.29"
"6,20 : 600.22"
"6,21 : 673.87"
"6,22 : 479.31"
"6,23 : 62.61"
"6,24 : 191.93"
"6,25 : 532.55"
"6,26 : 438.53"
"6,27 : 1010.04"
"6,28 : 541.92"
"6,29 : 854.9"
"6,30 : 423.73"
"6,31 : 570.29"
"6,32 : 1035.33"
"6,33 : 435.55"
"6,34 : 429.8"
"6,35 : 372.55"
"6,36 : 869.3"
"6,37 : 836.85"
"6,38 : 624.04"
"6,39 : 300.73"
"6,40 : 583.33"
"6,41 : 674.85"
"6,42 : 908.55"
"6,43 : 862.67"
"6,44 : 961.07"
"6,45 : 289.56"
"6,46 : 432.05"
"6,47 : 486.56"
"6,48 : 763.63"
"6,49 : 763.53"
"7,0 : 692.28"
"7,1 : 138.19"
"7,2 : 140.43"
"7,3 : 378.31"
"7,4 : 389.79"
"7,5 : 100.7"
"7,6 : 445.49"
"7,7 : 0.0"
"7,8 : 653.99"
"7,9 : 701.14"
"7,10 : 521.42"
"7,11 : 814.88"
"7,12 : 286.3"
"7,13 : 781.04"
"7,14 : 800.44"
"7,15 : 582.15"
"7,16 : 841.65"
"7,17 : 530.96"
"7,18 : 939.79"
"7,19 : 648.95"
"7,20 : 565.73"
"7,21 : 411.81"
"7,22 : 503.09"
"7,23 : 386.45"
"7,24 : 260.63"
"7,25 : 144.81"
"7,26 : 696.24"
"7,27 : 661.13"
"7,28 : 228.86"
"7,29 : 594.0"
"7,30 : 26.48"
"7,31 : 168.5"
"7,32 : 912.35"
"7,33 : 171.33"
"7,34 : 163.86"
"7,35 : 740.23"
"7,36 : 494.0"
"7,37 : 653.94"
"7,38 : 588.15"
"7,39 : 478.17"
"7,40 : 787.34"
"7,41 : 355.82"
"7,42 : 644.75"
"7,43 : 569.96"
"7,44 : 795.32"
"7,45 : 477.92"
"7,46 : 792.26"
"7,47 : 780.03"
"7,48 : 355.6"
"7,49 : 457.08"
"8,0 : 147.92"
"8,1 : 788.21"
"8,2 : 787.02"
"8,3 : 336.59"
"8,4 : 402.0"
"8,5 : 563.37"
"8,6 : 718.17"
"8,7 : 653.99"
"8,8 : 0.0"
"8,9 : 408.38"
"8,10 : 735.87"
"8,11 : 285.73"
"8,12 : 575.93"
"8,13 : 616.44"
"8,14 : 157.33"
"8,15 : 672.86"
"8,16 : 700.26"
"8,17 : 419.31"
"8,18 : 328.42"
"8,19 : 32.7"
"8,20 : 117.95"
"8,21 : 327.26"
"8,22 : 240.11"
"8,23 : 675.62"
"8,24 : 694.52"
"8,25 : 792.37"
"8,26 : 478.8"
"8,27 : 573.32"
"8,28 : 882.82"
"8,29 : 335.97"
"8,30 : 664.71"
"8,31 : 565.67"
"8,32 : 318.25"
"8,33 : 812.11"
"8,34 : 803.38"
"8,35 : 661.0"
"8,36 : 559.55"
"8,37 : 207.33"
"8,38 : 94.59"
"8,39 : 431.71"
"8,40 : 417.91"
"8,41 : 417.15"
"8,42 : 363.57"
"8,43 : 393.55"
"8,44 : 270.85"
"8,45 : 443.88"
"8,46 : 668.32"
"8,47 : 552.05"
"8,48 : 601.12"
"8,49 : 394.73"
"9,0 : 273.99"
"9,1 : 832.54"
"9,2 : 789.36"
"9,3 : 589.65"
"9,4 : 674.25"
"9,5 : 654.53"
"9,6 : 492.29"
"9,7 : 701.14"
"9,8 : 408.38"
"9,9 : 0.0"
"9,10 : 1015.35"
"9,11 : 689.56"
"9,12 : 463.79"
"9,13 : 209.8"
"9,14 : 404.0"
"9,15 : 359.56"
"9,16 : 292.55"
"9,17 : 178.03"
"9,18 : 686.35"
"9,19 : 375.69"
"9,20 : 328.42"
"9,21 : 605.6"
"9,22 : 258.77"
"9,23 : 483.8"
"9,24 : 582.33"
"9,25 : 841.31"
"9,26 : 79.76"
"9,27 : 934.26"
"9,28 : 900.62"
"9,29 : 707.48"
"9,30 : 696.1"
"9,31 : 711.67"
"9,32 : 692.24"
"9,33 : 800.13"
"9,34 : 791.58"
"9,35 : 269.54"
"9,36 : 865.72"
"9,37 : 607.16"
"9,38 : 336.55"
"9,39 : 232.23"
"9,40 : 93.62"
"9,41 : 669.36"
"9,42 : 747.86"
"9,43 : 750.8"
"9,44 : 676.41"
"9,45 : 236.99"
"9,46 : 264.36"
"9,47 : 144.01"
"9,48 : 841.3"
"9,49 : 703.74"
"10,0 : 857.82"
"10,1 : 535.34"
"10,2 : 611.07"
"10,3 : 429.29"
"10,4 : 346.71"
"10,5 : 467.38"
"10,6 : 945.34"
"10,7 : 521.42"
"10,8 : 735.87"
"10,9 : 1015.35"
"10,10 : 0.0"
"10,11 : 696.69"
"10,12 : 759.27"
"10,13 : 1169.02"
"10,14 : 885.55"
"10,15 : 1044.43"
"10,16 : 1245.96"
"10,17 : 894.26"
"10,18 : 858.51"
"10,19 : 754.31"
"10,20 : 728.0"
"10,21 : 421.57"
"10,22 : 757.48"
"10,23 : 882.98"
"10,24 : 775.6"
"10,25 : 527.6"
"10,26 : 1047.55"
"10,27 : 289.23"
"10,28 : 612.12"
"10,29 : 439.52"
"10,30 : 547.56"
"10,31 : 375.07"
"10,32 : 817.96"
"10,33 : 642.76"
"10,34 : 640.02"
"10,35 : 1159.4"
"10,36 : 181.07"
"10,37 : 584.58"
"10,38 : 736.03"
"10,39 : 856.58"
"10,40 : 1074.33"
"10,41 : 346.6"
"10,42 : 452.42"
"10,43 : 375.08"
"10,44 : 683.29"
"10,45 : 862.85"
"10,46 : 1198.95"
"10,47 : 1138.8"
"10,48 : 185.53"
"10,49 : 341.14"
"11,0 : 417.37"
"11,1 : 932.93"
"11,2 : 955.24"
"11,3 : 438.1"
"11,4 : 454.16"
"11,5 : 714.66"
"11,6 : 979.63"
"11,7 : 814.88"
"11,8 : 285.73"
"11,9 : 689.56"
"11,10 : 696.69"
"11,11 : 0.0"
"11,12 : 816.62"
"11,13 : 899.04"
"11,14 : 324.69"
"11,15 : 953.01"
"11,16 : 982.1"
"11,17 : 701.64"
"11,18 : 162.1"
"11,19 : 317.53"
"11,20 : 394.1"
"11,21 : 407.41"
"11,22 : 515.14"
"11,23 : 930.7"
"11,24 : 922.91"
"11,25 : 933.9"
"11,26 : 762.57"
"11,27 : 445.22"
"11,28 : 1033.1"
"11,29 : 265.41"
"11,30 : 832.64"
"11,31 : 680.26"
"11,32 : 121.28"
"11,33 : 985.22"
"11,34 : 977.26"
"11,35 : 946.46"
"11,36 : 520.39"
"11,37 : 161.01"
"11,38 : 374.77"
"11,39 : 708.41"
"11,40 : 685.86"
"11,41 : 484.63"
"11,42 : 244.27"
"11,43 : 325.44"
"11,44 : 19.72"
"11,45 : 720.47"
"11,46 : 952.06"
"11,47 : 831.7"
"11,48 : 628.06"
"11,49 : 404.81"
"12,0 : 550.84"
"12,1 : 394.41"
"12,2 : 335.6"
"12,3 : 449.96"
"12,4 : 509.24"
"12,5 : 295.91"
"12,6 : 192.59"
"12,7 : 286.3"
"12,8 : 575.93"
"12,9 : 463.79"
"12,10 : 759.27"
"12,11 : 816.62"
"12,12 : 0.0"
"12,13 : 504.05"
"12,14 : 688.11"
"12,15 : 297.25"
"12,16 : 559.09"
"12,17 : 285.85"
"12,18 : 901.14"
"12,19 : 557.23"
"12,20 : 461.24"
"12,21 : 485.34"
"12,22 : 352.12"
"12,23 : 130.97"
"12,24 : 126.21"
"12,25 : 404.79"
"12,26 : 438.92"
"12,27 : 817.83"
"12,28 : 446.14"
"12,29 : 670.01"
"12,30 : 270.5"
"12,31 : 385.75"
"12,32 : 884.88"
"12,33 : 341.25"
"12,34 : 333.12"
"12,35 : 456.03"
"12,36 : 677.05"
"12,37 : 666.11"
"12,38 : 486.2"
"12,39 : 232.12"
"12,40 : 556.6"
"12,41 : 482.47"
"12,42 : 724.03"
"12,43 : 673.86"
"12,44 : 797.41"
"12,45 : 226.81"
"12,46 : 509.88"
"12,47 : 514.06"
"12,48 : 575.61"
"12,49 : 572.45"
"13,0 : 483.76"
"13,1 : 898.02"
"13,2 : 838.47"
"13,3 : 757.33"
"13,4 : 840.97"
"13,5 : 759.09"
"13,6 : 448.07"
"13,7 : 781.04"
"13,8 : 616.44"
"13,9 : 209.8"
"13,10 : 1169.02"
"13,11 : 899.04"
"13,12 : 504.05"
"13,13 : 0.0"
"13,14 : 610.14"
"13,15 : 271.36"
"13,16 : 84.53"
"13,17 : 274.82"
"13,18 : 893.75"
"13,19 : 583.82"
"13,20 : 528.21"
"13,21 : 778.92"
"13,22 : 436.81"
"13,23 : 466.98"
"13,24 : 597.04"
"13,25 : 908.22"
"13,26 : 138.65"
"13,27 : 1120.24"
"13,28 : 947.77"
"13,29 : 901.42"
"13,30 : 769.34"
"13,31 : 831.96"
"13,32 : 901.02"
"13,33 : 841.0"
"13,34 : 833.38"
"13,35 : 92.63"
"13,36 : 1034.14"
"13,37 : 810.99"
"13,38 : 539.54"
"13,39 : 316.55"
"13,40 : 243.82"
"13,41 : 830.29"
"13,42 : 944.97"
"13,43 : 939.42"
"13,44 : 885.64"
"13,45 : 312.62"
"13,46 : 57.43"
"13,47 : 77.88"
"13,48 : 987.43"
"13,49 : 879.73"
"14,0 : 146.7"
"14,1 : 936.62"
"14,2 : 929.5"
"14,3 : 493.88"
"14,4 : 557.65"
"14,5 : 713.48"
"14,6 : 805.51"
"14,7 : 800.44"
"14,8 : 157.33"
"14,9 : 404.0"
"14,10 : 885.55"
"14,11 : 324.69"
"14,12 : 688.11"
"14,13 : 610.14"
"14,14 : 0.0"
"14,15 : 727.48"
"14,16 : 688.9"
"14,17 : 477.66"
"14,18 : 283.98"
"14,19 : 153.01"
"14,20 : 237.03"
"14,21 : 483.66"
"14,22 : 336.11"
"14,23 : 771.49"
"14,24 : 811.98"
"14,25 : 941.41"
"14,26 : 483.08"
"14,27 : 699.77"
"14,28 : 1029.0"
"14,29 : 466.44"
"14,30 : 809.13"
"14,31 : 721.03"
"14,32 : 294.92"
"14,33 : 952.75"
"14,34 : 943.89"
"14,35 : 673.17"
"14,36 : 706.69"
"14,37 : 321.31"
"14,38 : 213.28"
"14,39 : 505.8"
"14,40 : 377.4"
"14,41 : 573.94"
"14,42 : 482.41"
"14,43 : 528.84"
"14,44 : 318.06"
"14,45 : 517.45"
"14,46 : 666.45"
"14,47 : 536.33"
"14,48 : 757.01"
"14,49 : 545.47"
"15,0 : 581.67"
"15,1 : 678.47"
"15,2 : 607.79"
"15,3 : 683.35"
"15,4 : 757.72"
"15,5 : 589.96"
"15,6 : 181.22"
"15,7 : 582.15"
"15,8 : 672.86"
"15,9 : 359.56"
"15,10 : 1044.43"
"15,11 : 953.01"
"15,12 : 297.25"
"15,13 : 271.36"
"15,14 : 727.48"
"15,15 : 0.0"
"15,16 : 295.38"
"15,17 : 254.28"
"15,18 : 992.64"
"15,19 : 644.09"
"15,20 : 559.15"
"15,21 : 713.93"
"15,22 : 438.07"
"15,23 : 214.22"
"15,24 : 354.53"
"15,25 : 689.49"
"15,26 : 290.93"
"15,27 : 1062.81"
"15,28 : 711.47"
"15,29 : 876.92"
"15,30 : 564.49"
"15,31 : 676.71"
"15,32 : 988.56"
"15,33 : 603.86"
"15,34 : 597.24"
"15,35 : 191.64"
"15,36 : 941.93"
"15,37 : 828.02"
"15,38 : 579.68"
"15,39 : 245.81"
"15,40 : 442.05"
"15,41 : 737.26"
"15,42 : 927.99"
"15,43 : 897.68"
"15,44 : 936.02"
"15,45 : 234.04"
"15,46 : 251.18"
"15,47 : 319.51"
"15,48 : 859.0"
"15,49 : 812.14"
"16,0 : 565.89"
"16,1 : 953.1"
"16,2 : 889.2"
"16,3 : 838.17"
"16,4 : 921.38"
"16,5 : 826.5"
"16,6 : 476.6"
"16,7 : 841.65"
"16,8 : 700.26"
"16,9 : 292.55"
"16,10 : 1245.96"
"16,11 : 982.1"
"16,12 : 559.09"
"16,13 : 84.53"
"16,14 : 688.9"
"16,15 : 295.38"
"16,16 : 0.0"
"16,17 : 352.55"
"16,18 : 972.86"
"16,19 : 667.61"
"16,20 : 612.75"
"16,21 : 860.6"
"16,22 : 520.32"
"16,23 : 505.01"
"16,24 : 641.26"
"16,25 : 963.63"
"16,26 : 223.16"
"16,27 : 1203.33"
"16,28 : 996.61"
"16,29 : 985.56"
"16,30 : 828.22"
"16,31 : 902.61"
"16,32 : 981.37"
"16,33 : 889.07"
"16,34 : 881.85"
"16,35 : 105.48"
"16,36 : 1114.4"
"16,37 : 895.47"
"16,38 : 624.01"
"16,39 : 390.03"
"16,40 : 316.01"
"16,41 : 909.7"
"16,42 : 1029.33"
"16,43 : 1022.99"
"16,44 : 968.94"
"16,45 : 384.72"
"16,46 : 49.4"
"16,47 : 152.59"
"16,48 : 1063.23"
"16,49 : 961.61"
"17,0 : 330.99"
"17,1 : 659.11"
"17,2 : 612.75"
"17,3 : 487.23"
"17,4 : 569.7"
"17,5 : 494.53"
"17,6 : 338.15"
"17,7 : 530.96"
"17,8 : 419.31"
"17,9 : 178.03"
"17,10 : 894.26"
"17,11 : 701.64"
"17,12 : 285.85"
"17,13 : 274.82"
"17,14 : 477.66"
"17,15 : 254.28"
"17,16 : 352.55"
"17,17 : 0.0"
"17,18 : 738.53"
"17,19 : 390.08"
"17,20 : 307.72"
"17,21 : 511.43"
"17,22 : 190.68"
"17,23 : 317.92"
"17,24 : 405.77"
"17,25 : 668.27"
"17,26 : 166.17"
"17,27 : 858.4"
"17,28 : 724.11"
"17,29 : 651.5"
"17,30 : 523.86"
"17,31 : 561.61"
"17,32 : 734.29"
"17,33 : 622.69"
"17,34 : 614.19"
"17,35 : 275.44"
"17,36 : 762.42"
"17,37 : 584.52"
"17,38 : 327.06"
"17,39 : 54.45"
"17,40 : 270.78"
"17,41 : 557.26"
"17,42 : 699.39"
"17,43 : 682.07"
"17,44 : 685.17"
"17,45 : 59.14"
"17,46 : 306.9"
"17,47 : 254.0"
"17,48 : 712.65"
"17,49 : 612.64"
"18,0 : 417.23"
"18,1 : 1064.78"
"18,2 : 1078.81"
"18,3 : 572.06"
"18,4 : 600.93"
"18,5 : 841.55"
"18,6 : 1046.5"
"18,7 : 939.79"
"18,8 : 328.42"
"18,9 : 686.35"
"18,10 : 858.51"
"18,11 : 162.1"
"18,12 : 901.14"
"18,13 : 893.75"
"18,14 : 283.98"
"18,15 : 992.64"
"18,16 : 972.86"
"18,17 : 738.53"
"18,18 : 0.0"
"18,19 : 352.77"
"18,20 : 446.32"
"18,21 : 545.46"
"18,22 : 567.68"
"18,23 : 1003.87"
"18,24 : 1016.34"
"18,25 : 1066.8"
"18,26 : 764.67"
"18,27 : 605.12"
"18,28 : 1163.89"
"18,29 : 424.06"
"18,30 : 955.1"
"18,31 : 817.94"
"18,32 : 42.05"
"18,33 : 1107.09"
"18,34 : 1098.74"
"18,35 : 954.35"
"18,36 : 681.39"
"18,37 : 298.93"
"18,38 : 422.49"
"18,39 : 756.71"
"18,40 : 660.72"
"18,41 : 629.14"
"18,42 : 406.16"
"18,43 : 485.84"
"18,44 : 175.35"
"18,45 : 768.84"
"18,46 : 949.81"
"18,47 : 820.27"
"18,48 : 783.34"
"18,49 : 557.75"
"19,0 : 117.52"
"19,1 : 784.52"
"19,2 : 779.83"
"19,3 : 346.52"
"19,4 : 416.08"
"19,5 : 560.81"
"19,6 : 694.29"
"19,7 : 648.95"
"19,8 : 32.7"
"19,9 : 375.69"
"19,10 : 754.31"
"19,11 : 317.53"
"19,12 : 557.23"
"19,13 : 583.82"
"19,14 : 153.01"
"19,15 : 644.09"
"19,16 : 667.61"
"19,17 : 390.08"
"19,18 : 352.77"
"19,19 : 0.0"
"19,20 : 96.04"
"19,21 : 340.42"
"19,22 : 215.06"
"19,23 : 653.31"
"19,24 : 677.61"
"19,25 : 789.12"
"19,26 : 446.28"
"19,27 : 600.24"
"19,28 : 877.74"
"19,29 : 363.06"
"19,30 : 658.47"
"19,31 : 568.47"
"19,32 : 345.08"
"19,33 : 804.01"
"19,34 : 795.2"
"19,35 : 628.96"
"19,36 : 579.8"
"19,37 : 238.41"
"19,38 : 71.2"
"19,39 : 404.6"
"19,40 : 386.01"
"19,41 : 429.0"
"19,42 : 392.76"
"19,43 : 419.01"
"19,44 : 302.96"
"19,45 : 416.76"
"19,46 : 635.81"
"19,47 : 519.35"
"19,48 : 614.26"
"19,49 : 413.54"
"20,0 : 137.03"
"20,1 : 702.9"
"20,2 : 692.93"
"20,3 : 302.63"
"20,4 : 381.8"
"20,5 : 482.46"
"20,6 : 600.22"
"20,7 : 565.73"
"20,8 : 117.95"
"20,9 : 328.42"
"20,10 : 728.0"
"20,11 : 394.1"
"20,12 : 461.24"
"20,13 : 528.21"
"20,14 : 237.03"
"20,15 : 559.15"
"20,16 : 612.75"
"20,17 : 307.72"
"20,18 : 446.32"
"20,19 : 96.04"
"20,20 : 0.0"
"20,21 : 306.43"
"20,22 : 122.81"
"20,23 : 558.06"
"20,24 : 582.03"
"20,25 : 708.2"
"20,26 : 389.65"
"20,27 : 610.39"
"20,28 : 793.65"
"20,29 : 379.77"
"20,30 : 573.35"
"20,31 : 500.92"
"20,32 : 435.85"
"20,33 : 715.84"
"20,34 : 706.97"
"20,35 : 562.57"
"20,36 : 562.23"
"20,37 : 283.75"
"20,38 : 25.0"
"20,39 : 315.73"
"20,40 : 361.09"
"20,41 : 387.56"
"20,42 : 419.44"
"20,43 : 426.21"
"20,44 : 377.48"
"20,45 : 327.87"
"20,46 : 576.52"
"20,47 : 471.22"
"20,48 : 572.8"
"20,49 : 394.9"
"21,0 : 437.66"
"21,1 : 525.68"
"21,2 : 551.99"
"21,3 : 36.5"
"21,4 : 76.12"
"21,5 : 311.12"
"21,6 : 673.87"
"21,7 : 411.81"
"21,8 : 327.26"
"21,9 : 605.6"
"21,10 : 421.57"
"21,11 : 407.41"
"21,12 : 485.34"
"21,13 : 778.92"
"21,14 : 483.66"
"21,15 : 713.93"
"21,16 : 860.6"
"21,17 : 511.43"
"21,18 : 545.46"
"21,19 : 340.42"
"21,20 : 306.43"
"21,21 : 0.0"
"21,22 : 347.51"
"21,23 : 614.77"
"21,24 : 564.64"
"21,25 : 526.51"
"21,26 : 648.06"
"21,27 : 349.82"
"21,28 : 625.96"
"21,29 : 190.04"
"21,30 : 431.65"
"21,31 : 273.39"
"21,32 : 513.35"
"21,33 : 583.12"
"21,34 : 575.55"
"21,35 : 786.62"
"21,36 : 260.43"
"21,37 : 248.64"
"21,38 : 315.07"
"21,39 : 486.43"
"21,40 : 657.14"
"21,41 : 90.8"
"21,42 : 243.82"
"21,43 : 188.8"
"21,44 : 388.23"
"21,45 : 495.63"
"21,46 : 816.88"
"21,47 : 737.95"
"21,48 : 274.0"
"21,49 : 101.21"
"22,0 : 200.85"
"22,1 : 641.07"
"22,2 : 618.19"
"22,3 : 330.88"
"22,4 : 415.48"
"22,5 : 434.34"
"22,6 : 479.31"
"22,7 : 503.09"
"22,8 : 240.11"
"22,9 : 258.77"
"22,10 : 757.48"
"22,11 : 515.14"
"22,12 : 352.12"
"22,13 : 436.81"
"22,14 : 336.11"
"22,15 : 438.07"
"22,16 : 520.32"
"22,17 : 190.68"
"22,18 : 567.68"
"22,19 : 215.06"
"22,20 : 122.81"
"22,21 : 347.51"
"22,22 : 0.0"
"22,23 : 439.64"
"22,24 : 476.62"
"22,25 : 647.89"
"22,26 : 302.23"
"22,27 : 683.62"
"22,28 : 724.6"
"22,29 : 466.62"
"22,30 : 505.66"
"22,31 : 474.52"
"22,32 : 558.34"
"22,33 : 637.34"
"22,34 : 628.4"
"22,35 : 458.01"
"22,36 : 607.2"
"22,37 : 393.85"
"22,38 : 145.52"
"22,39 : 193.37"
"22,40 : 319.45"
"22,41 : 411.06"
"22,42 : 512.52"
"22,43 : 502.67"
"22,44 : 498.0"
"22,45 : 205.48"
"22,46 : 479.66"
"22,47 : 391.08"
"22,48 : 586.25"
"22,49 : 446.72"
"23,0 : 627.78"
"23,1 : 469.2"
"23,2 : 395.35"
"23,3 : 579.74"
"23,4 : 640.18"
"23,5 : 416.03"
"23,6 : 62.61"
"23,7 : 386.45"
"23,8 : 675.62"
"23,9 : 483.8"
"23,10 : 882.98"
"23,11 : 930.7"
"23,12 : 130.97"
"23,13 : 466.98"
"23,14 : 771.49"
"23,15 : 214.22"
"23,16 : 505.01"
"23,17 : 317.92"
"23,18 : 1003.87"
"23,19 : 653.31"
"23,20 : 558.06"
"23,21 : 614.77"
"23,22 : 439.64"
"23,23 : 0.0"
"23,24 : 141.15"
"23,25 : 480.42"
"23,26 : 438.46"
"23,27 : 948.8"
"23,28 : 497.52"
"23,29 : 797.53"
"23,30 : 365.55"
"23,31 : 507.96"
"23,32 : 990.92"
"23,33 : 390.03"
"23,34 : 383.6"
"23,35 : 399.61"
"23,36 : 807.0"
"23,37 : 784.92"
"23,38 : 582.4"
"23,39 : 273.72"
"23,40 : 576.77"
"23,41 : 613.43"
"23,42 : 851.37"
"23,43 : 803.52"
"23,44 : 911.88"
"23,45 : 263.75"
"23,46 : 458.21"
"23,47 : 496.47"
"23,48 : 701.08"
"23,49 : 703.12"
"24,0 : 676.24"
"24,1 : 329.46"
"24,2 : 254.23"
"24,3 : 528.19"
"24,4 : 574.11"
"24,5 : 312.12"
"24,6 : 191.93"
"24,7 : 260.63"
"24,8 : 694.52"
"24,9 : 582.33"
"24,10 : 775.6"
"24,11 : 922.91"
"24,12 : 126.21"
"24,13 : 597.04"
"24,14 : 811.98"
"24,15 : 354.53"
"24,16 : 641.26"
"24,17 : 405.77"
"24,18 : 1016.34"
"24,19 : 677.61"
"24,20 : 582.03"
"24,21 : 564.64"
"24,22 : 476.62"
"24,23 : 141.15"
"24,24 : 0.0"
"24,25 : 340.77"
"24,26 : 549.81"
"24,27 : 875.73"
"24,28 : 357.02"
"24,29 : 754.07"
"24,30 : 236.92"
"24,31 : 404.03"
"24,32 : 997.91"
"24,33 : 249.35"
"24,34 : 242.72"
"24,35 : 535.86"
"24,36 : 721.41"
"24,37 : 767.84"
"24,38 : 607.03"
"24,39 : 353.48"
"24,40 : 675.8"
"24,41 : 543.58"
"24,42 : 808.12"
"24,43 : 748.96"
"24,44 : 903.41"
"24,45 : 346.78"
"24,46 : 593.46"
"24,47 : 617.86"
"24,48 : 599.95"
"24,49 : 641.0"
"25,0 : 836.26"
"25,1 : 11.4"
"25,2 : 96.4"
"25,3 : 496.39"
"25,4 : 489.41"
"25,5 : 229.17"
"25,6 : 532.55"
"25,7 : 144.81"
"25,8 : 792.37"
"25,9 : 841.31"
"25,10 : 527.6"
"25,11 : 933.9"
"25,12 : 404.79"
"25,13 : 908.22"
"25,14 : 941.41"
"25,15 : 689.49"
"25,16 : 963.63"
"25,17 : 668.27"
"25,18 : 1066.8"
"25,19 : 789.12"
"25,20 : 708.2"
"25,21 : 526.51"
"25,22 : 647.89"
"25,23 : 480.42"
"25,24 : 340.77"
"25,25 : 0.0"
"25,26 : 831.89"
"25,27 : 722.26"
"25,28 : 101.02"
"25,29 : 696.52"
"25,30 : 145.42"
"25,31 : 255.8"
"25,32 : 1037.13"
"25,33 : 121.67"
"25,34 : 121.8"
"25,35 : 859.94"
"25,36 : 549.15"
"25,37 : 774.31"
"25,38 : 730.14"
"25,39 : 614.55"
"25,40 : 928.94"
"25,41 : 456.05"
"25,42 : 743.73"
"25,43 : 662.6"
"25,44 : 914.66"
"25,45 : 613.18"
"25,46 : 914.51"
"25,47 : 913.06"
"25,48 : 396.78"
"25,49 : 552.37"
"26,0 : 350.04"
"26,1 : 822.46"
"26,2 : 772.29"
"26,3 : 628.56"
"26,4 : 712.91"
"26,5 : 660.44"
"26,6 : 438.53"
"26,7 : 696.24"
"26,8 : 478.8"
"26,9 : 79.76"
"26,10 : 1047.55"
"26,11 : 762.57"
"26,12 : 438.92"
"26,13 : 138.65"
"26,14 : 483.08"
"26,15 : 290.93"
"26,16 : 223.16"
"26,17 : 166.17"
"26,18 : 764.67"
"26,19 : 446.28"
"26,20 : 389.65"
"26,21 : 648.06"
"26,22 : 302.23"
"26,23 : 438.46"
"26,24 : 549.81"
"26,25 : 831.89"
"26,26 : 0.0"
"26,27 : 985.53"
"26,28 : 883.51"
"26,29 : 764.2"
"26,30 : 688.27"
"26,31 : 725.57"
"26,32 : 769.57"
"26,33 : 779.87"
"26,34 : 771.62"
"26,35 : 190.09"
"26,36 : 905.91"
"26,37 : 672.33"
"26,38 : 400.9"
"26,39 : 218.07"
"26,40 : 151.21"
"26,41 : 704.61"
"26,42 : 807.09"
"26,43 : 803.68"
"26,44 : 748.76"
"26,45 : 218.74"
"26,46 : 189.56"
"26,47 : 91.27"
"26,48 : 868.99"
"26,49 : 748.17"
"27,0 : 716.45"
"27,1 : 726.68"
"27,2 : 784.7"
"27,3 : 379.46"
"27,4 : 309.09"
"27,5 : 574.0"
"27,6 : 1010.04"
"27,7 : 661.13"
"27,8 : 573.32"
"27,9 : 934.26"
"27,10 : 289.23"
"27,11 : 445.22"
"27,12 : 817.83"
"27,13 : 1120.24"
"27,14 : 699.77"
"27,15 : 1062.81"
"27,16 : 1203.33"
"27,17 : 858.4"
"27,18 : 605.12"
"27,19 : 600.24"
"27,20 : 610.39"
"27,21 : 349.82"
"27,22 : 683.62"
"27,23 : 948.8"
"27,24 : 875.73"
"27,25 : 722.26"
"27,26 : 985.53"
"27,27 : 0.0"
"27,28 : 819.78"
"27,29 : 237.36"
"27,30 : 686.68"
"27,31 : 492.63"
"27,32 : 563.17"
"27,33 : 818.24"
"27,34 : 812.95"
"27,35 : 1133.81"
"27,36 : 173.3"
"27,37 : 378.47"
"27,38 : 608.69"
"27,39 : 835.78"
"27,40 : 971.21"
"27,41 : 335.49"
"27,42 : 218.2"
"27,43 : 184.2"
"27,44 : 436.1"
"27,45 : 845.17"
"27,46 : 1161.23"
"27,47 : 1073.03"
"27,48 : 327.05"
"27,49 : 250.69"
"28,0 : 917.99"
"28,1 : 100.42"
"28,2 : 111.36"
"28,3 : 595.13"
"28,4 : 590.27"
"28,5 : 322.91"
"28,6 : 541.92"
"28,7 : 228.86"
"28,8 : 882.82"
"28,9 : 900.62"
"28,10 : 612.12"
"28,11 : 1033.1"
"28,12 : 446.14"
"28,13 : 947.77"
"28,14 : 1029.0"
"28,15 : 711.47"
"28,16 : 996.61"
"28,17 : 724.11"
"28,18 : 1163.89"
"28,19 : 877.74"
"28,20 : 793.65"
"28,21 : 625.96"
"28,22 : 724.6"
"28,23 : 497.52"
"28,24 : 357.02"
"28,25 : 101.02"
"28,26 : 883.51"
"28,27 : 819.78"
"28,28 : 0.0"
"28,29 : 797.42"
"28,30 : 220.48"
"28,31 : 356.53"
"28,32 : 1134.94"
"28,33 : 107.71"
"28,34 : 114.76"
"28,35 : 891.48"
"28,36 : 646.48"
"28,37 : 873.08"
"28,38 : 816.37"
"28,39 : 669.69"
"28,40 : 990.82"
"28,41 : 556.84"
"28,42 : 844.74"
"28,43 : 763.58"
"28,44 : 1013.79"
"28,45 : 666.73"
"28,46 : 948.26"
"28,47 : 960.19"
"28,48 : 493.12"
"28,49 : 653.39"
"29,0 : 479.65"
"29,1 : 697.26"
"29,2 : 732.63"
"29,3 : 226.51"
"29,4 : 207.18"
"29,5 : 494.17"
"29,6 : 854.9"
"29,7 : 594.0"
"29,8 : 335.97"
"29,9 : 707.48"
"29,10 : 439.52"
"29,11 : 265.41"
"29,12 : 670.01"
"29,13 : 901.42"
"29,14 : 466.44"
"29,15 : 876.92"
"29,16 : 985.56"
"29,17 : 651.5"
"29,18 : 424.06"
"29,19 : 363.06"
"29,20 : 379.77"
"29,21 : 190.04"
"29,22 : 466.62"
"29,23 : 797.53"
"29,24 : 754.07"
"29,25 : 696.52"
"29,26 : 764.2"
"29,27 : 237.36"
"29,28 : 797.42"
"29,29 : 0.0"
"29,30 : 615.5"
"29,31 : 440.99"
"29,32 : 385.19"
"29,33 : 764.74"
"29,34 : 757.59"
"29,35 : 924.09"
"29,36 : 259.42"
"29,37 : 148.49"
"29,38 : 375.47"
"29,39 : 637.44"
"29,40 : 738.33"
"29,41 : 240.83"
"29,42 : 54.15"
"29,43 : 65.01"
"29,44 : 249.58"
"29,45 : 648.06"
"29,46 : 945.99"
"29,47 : 849.0"
"29,48 : 363.58"
"29,49 : 146.41"
"30,0 : 697.65"
"30,1 : 137.19"
"30,2 : 123.75"
"30,3 : 397.54"
"30,4 : 412.42"
"30,5 : 121.33"
"30,6 : 423.73"
"30,7 : 26.48"
"30,8 : 664.71"
"30,9 : 696.1"
"30,10 : 547.56"
"30,11 : 832.64"
"30,12 : 270.5"
"30,13 : 769.34"
"30,14 : 809.13"
"30,15 : 564.49"
"30,16 : 828.22"
"30,17 : 523.86"
"30,18 : 955.1"
"30,19 : 658.47"
"30,20 : 573.35"
"30,21 : 431.65"
"30,22 : 505.66"
"30,23 : 365.55"
"30,24 : 236.92"
"30,25 : 145.42"
"30,26 : 688.27"
"30,27 : 686.68"
"30,28 : 220.48"
"30,29 : 615.5"
"30,30 : 0.0"
"30,31 : 194.16"
"30,32 : 928.4"
"30,33 : 152.61"
"30,34 : 144.62"
"30,35 : 726.01"
"30,36 : 520.02"
"30,37 : 671.63"
"30,38 : 596.24"
"30,39 : 470.46"
"30,40 : 783.53"
"30,41 : 378.54"
"30,42 : 666.69"
"30,43 : 592.93"
"30,44 : 813.02"
"30,45 : 469.56"
"30,46 : 778.87"
"30,47 : 770.78"
"30,48 : 382.06"
"30,49 : 480.04"
"31,0 : 636.83"
"31,1 : 256.28"
"31,2 : 297.57"
"31,3 : 246.01"
"31,4 : 233.81"
"31,5 : 92.57"
"31,6 : 570.29"
"31,7 : 168.5"
"31,8 : 565.67"
"31,9 : 711.67"
"31,10 : 375.07"
"31,11 : 680.26"
"31,12 : 385.75"
"31,13 : 831.96"
"31,14 : 721.03"
"31,15 : 676.71"
"31,16 : 902.61"
"31,17 : 561.61"
"31,18 : 817.94"
"31,19 : 568.47"
"31,20 : 500.92"
"31,21 : 273.39"
"31,22 : 474.52"
"31,23 : 507.96"
"31,24 : 404.03"
"31,25 : 255.8"
"31,26 : 725.57"
"31,27 : 492.63"
"31,28 : 356.53"
"31,29 : 440.99"
"31,30 : 194.16"
"31,31 : 0.0"
"31,32 : 786.53"
"31,33 : 330.8"
"31,34 : 324.61"
"31,35 : 808.48"
"31,36 : 326.26"
"31,37 : 522.02"
"31,38 : 519.32"
"31,39 : 515.64"
"31,40 : 787.46"
"31,41 : 200.3"
"31,42 : 488.97"
"31,43 : 409.69"
"31,44 : 661.23"
"31,45 : 519.36"
"31,46 : 853.9"
"31,47 : 815.24"
"31,48 : 195.93"
"31,49 : 298.01"
"32,0 : 419.93"
"32,1 : 1035.42"
"32,2 : 1051.94"
"32,3 : 541.21"
"32,4 : 566.37"
"32,5 : 813.38"
"32,6 : 1035.33"
"32,7 : 912.35"
"32,8 : 318.25"
"32,9 : 692.24"
"32,10 : 817.96"
"32,11 : 121.28"
"32,12 : 884.88"
"32,13 : 901.02"
"32,14 : 294.92"
"32,15 : 988.56"
"32,16 : 981.37"
"32,17 : 734.29"
"32,18 : 42.05"
"32,19 : 345.08"
"32,20 : 435.85"
"32,21 : 513.35"
"32,22 : 558.34"
"32,23 : 990.92"
"32,24 : 997.91"
"32,25 : 1037.13"
"32,26 : 769.57"
"32,27 : 563.17"
"32,28 : 1134.94"
"32,29 : 385.19"
"32,30 : 928.4"
"32,31 : 786.53"
"32,32 : 0.0"
"32,33 : 1080.75"
"32,34 : 1072.51"
"32,35 : 958.42"
"32,36 : 641.48"
"32,37 : 265.2"
"32,38 : 412.84"
"32,39 : 749.57"
"32,40 : 672.12"
"32,41 : 595.34"
"32,42 : 365.55"
"32,43 : 446.23"
"32,44 : 135.68"
"32,45 : 761.73"
"32,46 : 956.47"
"32,47 : 828.87"
"32,48 : 746.07"
"32,49 : 521.12"
"33,0 : 834.64"
"33,1 : 111.62"
"33,2 : 33.54"
"33,3 : 549.47"
"33,4 : 559.46"
"33,5 : 272.01"
"33,6 : 435.55"
"33,7 : 171.33"
"33,8 : 812.11"
"33,9 : 800.13"
"33,10 : 642.76"
"33,11 : 985.22"
"33,12 : 341.25"
"33,13 : 841.0"
"33,14 : 952.75"
"33,15 : 603.86"
"33,16 : 889.07"
"33,17 : 622.69"
"33,18 : 1107.09"
"33,19 : 804.01"
"33,20 : 715.84"
"33,21 : 583.12"
"33,22 : 637.34"
"33,23 : 390.03"
"33,24 : 249.35"
"33,25 : 121.67"
"33,26 : 779.87"
"33,27 : 818.24"
"33,28 : 107.71"
"33,29 : 764.74"
"33,30 : 152.61"
"33,31 : 330.8"
"33,32 : 1080.75"
"33,33 : 0.0"
"33,34 : 8.94"
"33,35 : 783.89"
"33,36 : 647.01"
"33,37 : 824.21"
"33,38 : 739.48"
"33,39 : 568.24"
"33,40 : 891.36"
"33,41 : 525.45"
"33,42 : 815.03"
"33,43 : 738.71"
"33,44 : 965.61"
"33,45 : 564.61"
"33,46 : 840.8"
"33,47 : 855.01"
"33,48 : 498.96"
"33,49 : 626.08"
"34,0 : 825.7"
"34,1 : 111.36"
"34,2 : 29.07"
"34,3 : 541.78"
"34,4 : 552.56"
"34,5 : 264.46"
"34,6 : 429.8"
"34,7 : 163.86"
"34,8 : 803.38"
"34,9 : 791.58"
"34,10 : 640.02"
"34,11 : 977.26"
"34,12 : 333.12"
"34,13 : 833.38"
"34,14 : 943.89"
"34,15 : 597.24"
"34,16 : 881.85"
"34,17 : 614.19"
"34,18 : 1098.74"
"34,19 : 795.2"
"34,20 : 706.97"
"34,21 : 575.55"
"34,22 : 628.4"
"34,23 : 383.6"
"34,24 : 242.72"
"34,25 : 121.8"
"34,26 : 771.62"
"34,27 : 812.95"
"34,28 : 114.76"
"34,29 : 757.59"
"34,30 : 144.62"
"34,31 : 324.61"
"34,32 : 1072.51"
"34,33 : 8.94"
"34,34 : 0.0"
"34,35 : 776.72"
"34,36 : 642.0"
"34,37 : 816.24"
"34,38 : 730.62"
"34,39 : 559.75"
"34,40 : 882.75"
"34,41 : 518.55"
"34,42 : 808.02"
"34,43 : 732.01"
"34,44 : 957.64"
"34,45 : 556.17"
"34,46 : 833.52"
"34,47 : 847.0"
"34,48 : 494.54"
"34,49 : 619.32"
"35,0 : 538.49"
"35,1 : 849.32"
"35,2 : 784.42"
"35,3 : 761.67"
"35,4 : 843.26"
"35,5 : 729.61"
"35,6 : 372.55"
"35,7 : 740.23"
"35,8 : 661.0"
"35,9 : 269.54"
"35,10 : 1159.4"
"35,11 : 946.46"
"35,12 : 456.03"
"35,13 : 92.63"
"35,14 : 673.17"
"35,15 : 191.64"
"35,16 : 105.48"
"35,17 : 275.44"
"35,18 : 954.35"
"35,19 : 628.96"
"35,20 : 562.57"
"35,21 : 786.62"
"35,22 : 458.01"
"35,23 : 399.61"
"35,24 : 535.86"
"35,25 : 859.94"
"35,26 : 190.09"
"35,27 : 1133.81"
"35,28 : 891.48"
"35,29 : 924.09"
"35,30 : 726.01"
"35,31 : 808.48"
"35,32 : 958.42"
"35,33 : 783.89"
"35,34 : 776.72"
"35,35 : 0.0"
"35,36 : 1035.17"
"35,37 : 846.03"
"35,38 : 577.2"
"35,39 : 304.14"
"35,40 : 322.87"
"35,41 : 829.07"
"35,42 : 970.52"
"35,43 : 956.79"
"35,44 : 931.85"
"35,45 : 297.0"
"35,46 : 59.54"
"35,47 : 163.62"
"35,48 : 975.21"
"35,49 : 887.81"
"36,0 : 687.27"
"36,1 : 553.72"
"36,2 : 613.5"
"36,3 : 277.35"
"36,4 : 193.2"
"36,5 : 412.55"
"36,6 : 869.3"
"36,7 : 494.0"
"36,8 : 559.55"
"36,9 : 865.72"
"36,10 : 181.07"
"36,11 : 520.39"
"36,12 : 677.05"
"36,13 : 1034.14"
"36,14 : 706.69"
"36,15 : 941.93"
"36,16 : 1114.4"
"36,17 : 762.42"
"36,18 : 681.39"
"36,19 : 579.8"
"36,20 : 562.23"
"36,21 : 260.43"
"36,22 : 607.2"
"36,23 : 807.0"
"36,24 : 721.41"
"36,25 : 549.15"
"36,26 : 905.91"
"36,27 : 173.3"
"36,28 : 646.48"
"36,29 : 259.42"
"36,30 : 520.02"
"36,31 : 326.26"
"36,32 : 641.48"
"36,33 : 647.01"
"36,34 : 642.0"
"36,35 : 1035.17"
"36,36 : 0.0"
"36,37 : 403.55"
"36,38 : 567.64"
"36,39 : 731.39"
"36,40 : 917.18"
"36,41 : 206.47"
"36,42 : 277.16"
"36,43 : 195.78"
"36,44 : 506.06"
"36,45 : 739.29"
"36,46 : 1069.3"
"36,47 : 996.39"
"36,48 : 153.94"
"36,49 : 167.69"
"37,0 : 355.25"
"37,1 : 773.07"
"37,2 : 794.27"
"37,3 : 277.97"
"37,4 : 302.03"
"37,5 : 553.81"
"37,6 : 836.85"
"37,7 : 653.94"
"37,8 : 207.33"
"37,9 : 607.16"
"37,10 : 584.58"
"37,11 : 161.01"
"37,12 : 666.11"
"37,13 : 810.99"
"37,14 : 321.31"
"37,15 : 828.02"
"37,16 : 895.47"
"37,17 : 584.52"
"37,18 : 298.93"
"37,19 : 238.41"
"37,20 : 283.75"
"37,21 : 248.64"
"37,22 : 393.85"
"37,23 : 784.92"
"37,24 : 767.84"
"37,25 : 774.31"
"37,26 : 672.33"
"37,27 : 378.47"
"37,28 : 873.08"
"37,29 : 148.49"
"37,30 : 671.63"
"37,31 : 522.02"
"37,32 : 265.2"
"37,33 : 824.21"
"37,34 : 816.24"
"37,35 : 846.03"
"37,36 : 403.55"
"37,37 : 0.0"
"37,38 : 271.47"
"37,39 : 582.34"
"37,40 : 624.12"
"37,41 : 330.32"
"37,42 : 161.47"
"37,43 : 213.14"
"37,44 : 141.4"
"37,45 : 594.02"
"37,46 : 860.06"
"37,47 : 751.1"
"37,48 : 488.36"
"37,49 : 262.16"
"38,0 : 123.18"
"38,1 : 725.01"
"38,2 : 716.27"
"38,3 : 313.96"
"38,4 : 390.98"
"38,5 : 503.61"
"38,6 : 624.04"
"38,7 : 588.15"
"38,8 : 94.59"
"38,9 : 336.55"
"38,10 : 736.03"
"38,11 : 374.77"
"38,12 : 486.2"
"38,13 : 539.54"
"38,14 : 213.28"
"38,15 : 579.68"
"38,16 : 624.01"
"38,17 : 327.06"
"38,18 : 422.49"
"38,19 : 71.2"
"38,20 : 25.0"
"38,21 : 315.07"
"38,22 : 145.52"
"38,23 : 582.4"
"38,24 : 607.03"
"38,25 : 730.14"
"38,26 : 400.9"
"38,27 : 608.69"
"38,28 : 816.37"
"38,29 : 375.47"
"38,30 : 596.24"
"38,31 : 519.32"
"38,32 : 412.84"
"38,33 : 739.48"
"38,34 : 730.62"
"38,35 : 577.2"
"38,36 : 567.64"
"38,37 : 271.47"
"38,38 : 0.0"
"38,39 : 337.43"
"38,40 : 362.94"
"38,41 : 398.69"
"38,42 : 412.8"
"38,43 : 424.64"
"38,44 : 358.62"
"38,45 : 349.59"
"38,46 : 589.03"
"38,47 : 480.2"
"38,48 : 584.5"
"38,49 : 399.96"
"39,0 : 359.71"
"39,1 : 605.3"
"39,2 : 558.33"
"39,3 : 459.67"
"39,4 : 540.09"
"39,5 : 445.31"
"39,6 : 300.73"
"39,7 : 478.17"
"39,8 : 431.71"
"39,9 : 232.23"
"39,10 : 856.58"
"39,11 : 708.41"
"39,12 : 232.12"
"39,13 : 316.55"
"39,14 : 505.8"
"39,15 : 245.81"
"39,16 : 390.03"
"39,17 : 54.45"
"39,18 : 756.71"
"39,19 : 404.6"
"39,20 : 315.73"
"39,21 : 486.43"
"39,22 : 193.37"
"39,23 : 273.72"
"39,24 : 353.48"
"39,25 : 614.55"
"39,26 : 218.07"
"39,27 : 835.78"
"39,28 : 669.69"
"39,29 : 637.44"
"39,30 : 470.46"
"39,31 : 515.64"
"39,32 : 749.57"
"39,33 : 568.24"
"39,34 : 559.75"
"39,35 : 304.14"
"39,36 : 731.39"
"39,37 : 582.34"
"39,38 : 337.43"
"39,39 : 0.0"
"39,40 : 324.6"
"39,41 : 525.11"
"39,42 : 687.17"
"39,43 : 663.39"
"39,44 : 691.14"
"39,45 : 12.17"
"39,46 : 342.5"
"39,47 : 303.46"
"39,48 : 673.32"
"39,49 : 587.21"
"40,0 : 271.68"
"40,1 : 920.44"
"40,2 : 879.73"
"40,3 : 645.33"
"40,4 : 729.13"
"40,5 : 735.62"
"40,6 : 583.33"
"40,7 : 787.34"
"40,8 : 417.91"
"40,9 : 93.62"
"40,10 : 1074.33"
"40,11 : 685.86"
"40,12 : 556.6"
"40,13 : 243.82"
"40,14 : 377.4"
"40,15 : 442.05"
"40,16 : 316.01"
"40,17 : 270.78"
"40,18 : 660.72"
"40,19 : 386.01"
"40,20 : 361.09"
"40,21 : 657.14"
"40,22 : 319.45"
"40,23 : 576.77"
"40,24 : 675.8"
"40,25 : 928.94"
"40,26 : 151.21"
"40,27 : 971.21"
"40,28 : 990.82"
"40,29 : 738.33"
"40,30 : 783.53"
"40,31 : 787.46"
"40,32 : 672.12"
"40,33 : 891.36"
"40,34 : 882.75"
"40,35 : 322.87"
"40,36 : 917.18"
"40,37 : 624.12"
"40,38 : 362.94"
"40,39 : 324.6"
"40,40 : 0.0"
"40,41 : 727.85"
"40,42 : 774.09"
"40,43 : 787.03"
"40,44 : 674.85"
"40,45 : 329.89"
"40,46 : 301.23"
"40,47 : 166.21"
"40,48 : 905.49"
"40,49 : 751.71"
"41,0 : 521.86"
"41,1 : 456.57"
"41,2 : 492.97"
"41,3 : 84.93"
"41,4 : 34.01"
"41,5 : 257.85"
"41,6 : 674.85"
"41,7 : 355.82"
"41,8 : 417.15"
"41,9 : 669.36"
"41,10 : 346.6"
"41,11 : 484.63"
"41,12 : 482.47"
"41,13 : 830.29"
"41,14 : 573.94"
"41,15 : 737.26"
"41,16 : 909.7"
"41,17 : 557.26"
"41,18 : 629.14"
"41,19 : 429.0"
"41,20 : 387.56"
"41,21 : 90.8"
"41,22 : 411.06"
"41,23 : 613.43"
"41,24 : 543.58"
"41,25 : 456.05"
"41,26 : 704.61"
"41,27 : 335.49"
"41,28 : 556.84"
"41,29 : 240.83"
"41,30 : 378.54"
"41,31 : 200.3"
"41,32 : 595.34"
"41,33 : 525.45"
"41,34 : 518.55"
"41,35 : 829.07"
"41,36 : 206.47"
"41,37 : 330.32"
"41,38 : 398.69"
"41,39 : 525.11"
"41,40 : 727.85"
"41,41 : 0.0"
"41,42 : 289.81"
"41,43 : 214.46"
"41,44 : 466.06"
"41,45 : 532.9"
"41,46 : 864.1"
"41,47 : 795.61"
"41,48 : 185.97"
"41,49 : 101.65"
"42,0 : 510.25"
"42,1 : 744.87"
"42,2 : 782.67"
"42,3 : 280.32"
"42,4 : 255.84"
"42,5 : 545.4"
"42,6 : 908.55"
"42,7 : 644.75"
"42,8 : 363.57"
"42,9 : 747.86"
"42,10 : 452.42"
"42,11 : 244.27"
"42,12 : 724.03"
"42,13 : 944.97"
"42,14 : 482.41"
"42,15 : 927.99"
"42,16 : 1029.33"
"42,17 : 699.39"
"42,18 : 406.16"
"42,19 : 392.76"
"42,20 : 419.44"
"42,21 : 243.82"
"42,22 : 512.52"
"42,23 : 851.37"
"42,24 : 808.12"
"42,25 : 743.73"
"42,26 : 807.09"
"42,27 : 218.2"
"42,28 : 844.74"
"42,29 : 54.15"
"42,30 : 666.69"
"42,31 : 488.97"
"42,32 : 365.55"
"42,33 : 815.03"
"42,34 : 808.02"
"42,35 : 970.52"
"42,36 : 277.16"
"42,37 : 161.47"
"42,38 : 412.8"
"42,39 : 687.17"
"42,40 : 774.09"
"42,41 : 289.81"
"42,42 : 0.0"
"42,43 : 87.01"
"42,44 : 231.14"
"42,45 : 697.97"
"42,46 : 990.71"
"42,47 : 890.43"
"42,48 : 397.0"
"42,49 : 191.38"
"43,0 : 534.13"
"43,1 : 664.26"
"43,2 : 705.92"
"43,3 : 223.9"
"43,4 : 180.77"
"43,5 : 472.31"
"43,6 : 862.67"
"43,7 : 569.96"
"43,8 : 393.55"
"43,9 : 750.8"
"43,10 : 375.08"
"43,11 : 325.44"
"43,12 : 673.86"
"43,13 : 939.42"
"43,14 : 528.84"
"43,15 : 897.68"
"43,16 : 1022.99"
"43,17 : 682.07"
"43,18 : 485.84"
"43,19 : 419.01"
"43,20 : 426.21"
"43,21 : 188.8"
"43,22 : 502.67"
"43,23 : 803.52"
"43,24 : 748.96"
"43,25 : 662.6"
"43,26 : 803.68"
"43,27 : 184.2"
"43,28 : 763.58"
"43,29 : 65.01"
"43,30 : 592.93"
"43,31 : 409.69"
"43,32 : 446.23"
"43,33 : 738.71"
"43,34 : 732.01"
"43,35 : 956.79"
"43,36 : 195.78"
"43,37 : 213.14"
"43,38 : 424.64"
"43,39 : 663.39"
"43,40 : 787.03"
"43,41 : 214.46"
"43,42 : 87.01"
"43,43 : 0.0"
"43,44 : 310.63"
"43,45 : 673.43"
"43,46 : 981.86"
"43,47 : 890.4"
"43,48 : 310.0"
"43,49 : 112.89"
"44,0 : 405.23"
"44,1 : 913.64"
"44,2 : 935.66"
"44,3 : 418.72"
"44,4 : 435.82"
"44,5 : 695.13"
"44,6 : 961.07"
"44,7 : 795.32"
"44,8 : 270.85"
"44,9 : 676.41"
"44,10 : 683.29"
"44,11 : 19.72"
"44,12 : 797.41"
"44,13 : 885.64"
"44,14 : 318.06"
"44,15 : 936.02"
"44,16 : 968.94"
"44,17 : 685.17"
"44,18 : 175.35"
"44,19 : 302.96"
"44,20 : 377.48"
"44,21 : 388.23"
"44,22 : 498.0"
"44,23 : 911.88"
"44,24 : 903.41"
"44,25 : 914.66"
"44,26 : 748.76"
"44,27 : 436.1"
"44,28 : 1013.79"
"44,29 : 249.58"
"44,30 : 813.02"
"44,31 : 661.23"
"44,32 : 135.68"
"44,33 : 965.61"
"44,34 : 957.64"
"44,35 : 931.85"
"44,36 : 506.06"
"44,37 : 141.4"
"44,38 : 358.62"
"44,39 : 691.14"
"44,40 : 674.85"
"44,41 : 466.06"
"44,42 : 231.14"
"44,43 : 310.63"
"44,44 : 0.0"
"44,45 : 703.18"
"44,46 : 938.31"
"44,47 : 818.99"
"44,48 : 611.35"
"44,49 : 387.42"
"45,0 : 371.25"
"45,1 : 603.8"
"45,2 : 555.37"
"45,3 : 468.45"
"45,4 : 548.4"
"45,5 : 447.58"
"45,6 : 289.56"
"45,7 : 477.92"
"45,8 : 443.88"
"45,9 : 236.99"
"45,10 : 862.85"
"45,11 : 720.47"
"45,12 : 226.81"
"45,13 : 312.62"
"45,14 : 517.45"
"45,15 : 234.04"
"45,16 : 384.72"
"45,17 : 59.14"
"45,18 : 768.84"
"45,19 : 416.76"
"45,20 : 327.87"
"45,21 : 495.63"
"45,22 : 205.48"
"45,23 : 263.75"
"45,24 : 346.78"
"45,25 : 613.18"
"45,26 : 218.74"
"45,27 : 845.17"
"45,28 : 666.73"
"45,29 : 648.06"
"45,30 : 469.56"
"45,31 : 519.36"
"45,32 : 761.73"
"45,33 : 564.61"
"45,34 : 556.17"
"45,35 : 297.0"
"45,36 : 739.29"
"45,37 : 594.02"
"45,38 : 349.59"
"45,39 : 12.17"
"45,40 : 329.89"
"45,41 : 532.9"
"45,42 : 697.97"
"45,43 : 673.43"
"45,44 : 703.18"
"45,45 : 0.0"
"45,46 : 336.81"
"45,47 : 302.51"
"45,48 : 679.2"
"45,49 : 596.25"
"46,0 : 538.18"
"46,1 : 904.01"
"46,2 : 840.56"
"46,3 : 793.69"
"46,4 : 876.5"
"46,5 : 777.38"
"46,6 : 432.05"
"46,7 : 792.26"
"46,8 : 668.32"
"46,9 : 264.36"
"46,10 : 1198.95"
"46,11 : 952.06"
"46,12 : 509.88"
"46,13 : 57.43"
"46,14 : 666.45"
"46,15 : 251.18"
"46,16 : 49.4"
"46,17 : 306.9"
"46,18 : 949.81"
"46,19 : 635.81"
"46,20 : 576.52"
"46,21 : 816.88"
"46,22 : 479.66"
"46,23 : 458.21"
"46,24 : 593.46"
"46,25 : 914.51"
"46,26 : 189.56"
"46,27 : 1161.23"
"46,28 : 948.26"
"46,29 : 945.99"
"46,30 : 778.87"
"46,31 : 853.9"
"46,32 : 956.47"
"46,33 : 840.8"
"46,34 : 833.52"
"46,35 : 59.54"
"46,36 : 1069.3"
"46,37 : 860.06"
"46,38 : 589.03"
"46,39 : 342.5"
"46,40 : 301.23"
"46,41 : 864.1"
"46,42 : 990.71"
"46,43 : 981.86"
"46,44 : 938.31"
"46,45 : 336.81"
"46,46 : 0.0"
"46,47 : 135.15"
"46,48 : 1015.81"
"46,49 : 918.02"
"47,0 : 414.66"
"47,1 : 903.33"
"47,2 : 849.46"
"47,3 : 719.08"
"47,4 : 803.52"
"47,5 : 748.26"
"47,6 : 486.56"
"47,7 : 780.03"
"47,8 : 552.05"
"47,9 : 144.01"
"47,10 : 1138.8"
"47,11 : 831.7"
"47,12 : 514.06"
"47,13 : 77.88"
"47,14 : 536.33"
"47,15 : 319.51"
"47,16 : 152.59"
"47,17 : 254.0"
"47,18 : 820.27"
"47,19 : 519.35"
"47,20 : 471.22"
"47,21 : 737.95"
"47,22 : 391.08"
"47,23 : 496.47"
"47,24 : 617.86"
"47,25 : 913.06"
"47,26 : 91.27"
"47,27 : 1073.03"
"47,28 : 960.19"
"47,29 : 849.0"
"47,30 : 770.78"
"47,31 : 815.24"
"47,32 : 828.87"
"47,33 : 855.01"
"47,34 : 847.0"
"47,35 : 163.62"
"47,36 : 996.39"
"47,37 : 751.1"
"47,38 : 480.2"
"47,39 : 303.46"
"47,40 : 166.21"
"47,41 : 795.61"
"47,42 : 890.43"
"47,43 : 890.4"
"47,44 : 818.99"
"47,45 : 302.51"
"47,46 : 135.15"
"47,47 : 0.0"
"47,48 : 960.22"
"47,49 : 837.69"
"48,0 : 707.68"
"48,1 : 401.87"
"48,2 : 465.67"
"48,3 : 270.54"
"48,4 : 199.36"
"48,5 : 288.23"
"48,6 : 763.63"
"48,7 : 355.6"
"48,8 : 601.12"
"48,9 : 841.3"
"48,10 : 185.53"
