x,y
679,589
583,558
268,488
337,574
195,417
278,593
822,735
243,98
887,234
645,864
586,975
131,70
880,224
249,605
437,863
499,622
775,123
966,996
780,449
206,717
681,723
695,849
855,857
580,182
800,621
92,893
227,518
787,180
28,259
164,598
383,28
513,794
719,92
118,149
846,4
221,424
55,613
784,15
305,302
848,265
66,436
973,297
525,167
800,759
579,2
565,462
300,605
746,850
649,47
879,37

Distanze
"0,0 : 0.0"
"0,1 : 100.88"
"0,2 : 423.23"
"0,3 : 342.33"
"0,4 : 513.65"
"0,5 : 401.02"
"0,6 : 204.36"
"0,7 : 656.64"
"0,8 : 411.45"
"0,9 : 277.09"
"0,10 : 397.05"
"0,11 : 754.76"
"0,12 : 416.68"
"0,13 : 430.3"
"0,14 : 365.57"
"0,15 : 183.0"
"0,16 : 475.79"
"0,17 : 498.01"
"0,18 : 172.63"
"0,19 : 490.01"
"0,20 : 134.01"
"0,21 : 260.49"
"0,22 : 320.62"
"0,23 : 418.87"
"0,24 : 125.16"
"0,25 : 661.05"
"0,26 : 457.54"
"0,27 : 423.02"
"0,28 : 729.86"
"0,29 : 515.08"
"0,30 : 634.3"
"0,31 : 263.78"
"0,32 : 498.61"
"0,33 : 712.97"
"0,34 : 608.37"
"0,35 : 486.82"
"0,36 : 624.46"
"0,37 : 583.52"
"0,38 : 471.43"
"0,39 : 365.43"
"0,40 : 631.81"
"0,41 : 414.37"
"0,42 : 449.22"
"0,43 : 208.66"
"0,44 : 595.46"
"0,45 : 170.66"
"0,46 : 379.34"
"0,47 : 269.46"
"0,48 : 542.83"
"0,49 : 587.11"
"1,0 : 100.88"
"1,1 : 0.0"
"1,2 : 322.68"
"1,3 : 246.52"
"1,4 : 412.83"
"1,5 : 307.0"
"1,6 : 297.41"
"1,7 : 572.01"
"1,8 : 444.29"
"1,9 : 312.22"
"1,10 : 417.01"
"1,11 : 665.17"
"1,12 : 446.95"
"1,13 : 337.29"
"1,14 : 338.14"
"1,15 : 105.6"
"1,16 : 475.49"
"1,17 : 581.84"
"1,18 : 225.14"
"1,19 : 409.16"
"1,20 : 191.91"
"1,21 : 311.81"
"1,22 : 404.21"
"1,23 : 376.01"
"1,24 : 225.96"
"1,25 : 594.4"
"1,26 : 358.24"
"1,27 : 429.53"
"1,28 : 630.42"
"1,29 : 420.9"
"1,30 : 566.48"
"1,31 : 246.16"
"1,32 : 485.44"
"1,33 : 619.28"
"1,34 : 613.26"
"1,35 : 386.01"
"1,36 : 530.86"
"1,37 : 579.01"
"1,38 : 377.92"
"1,39 : 395.06"
"1,40 : 531.2"
"1,41 : 469.28"
"1,42 : 395.28"
"1,43 : 295.79"
"1,44 : 556.01"
"1,45 : 97.67"
"1,46 : 286.88"
"1,47 : 334.41"
"1,48 : 515.24"
"1,49 : 599.21"
"2,0 : 423.23"
"2,1 : 322.68"
"2,2 : 0.0"
"2,3 : 110.26"
"2,4 : 101.83"
"2,5 : 105.48"
"2,6 : 606.57"
"2,7 : 390.8"
"2,8 : 669.09"
"2,9 : 532.45"
"2,10 : 581.63"
"2,11 : 439.88"
"2,12 : 666.51"
"2,13 : 118.53"
"2,14 : 411.32"
"2,15 : 267.05"
"2,16 : 624.72"
"2,17 : 863.29"
"2,18 : 513.48"
"2,19 : 237.24"
"2,20 : 475.18"
"2,21 : 559.15"
"2,22 : 693.35"
"2,23 : 437.01"
"2,24 : 548.37"
"2,25 : 441.59"
"2,26 : 50.8"
"2,27 : 603.51"
"2,28 : 331.72"
"2,29 : 151.38"
"2,30 : 474.16"
"2,31 : 392.0"
"2,32 : 600.18"
"2,33 : 370.7"
"2,34 : 753.88"
"2,35 : 79.4"
"2,36 : 246.97"
"2,37 : 699.99"
"2,38 : 189.64"
"2,39 : 621.39"
"2,40 : 208.59"
"2,41 : 730.41"
"2,42 : 411.21"
"2,43 : 597.05"
"2,44 : 576.99"
"2,45 : 298.14"
"2,46 : 121.3"
"2,47 : 599.61"
"2,48 : 582.79"
"2,49 : 759.42"
"3,0 : 342.33"
"3,1 : 246.52"
"3,2 : 110.26"
"3,3 : 0.0"
"3,4 : 211.69"
"3,5 : 61.98"
"3,6 : 511.02"
"3,7 : 485.19"
"3,8 : 646.61"
"3,9 : 423.04"
"3,10 : 472.02"
"3,11 : 544.47"
"3,12 : 646.03"
"3,13 : 93.3"
"3,14 : 305.81"
"3,15 : 168.96"
"3,16 : 628.69"
"3,17 : 757.45"
"3,18 : 460.3"
"3,19 : 193.93"
"3,20 : 374.88"
"3,21 : 451.43"
"3,22 : 590.27"
"3,23 : 461.21"
"3,24 : 465.38"
"3,25 : 402.23"
"3,26 : 123.43"
"3,27 : 598.11"
"3,28 : 441.26"
"3,29 : 174.66"
"3,30 : 547.93"
"3,31 : 281.74"
"3,32 : 615.02"
"3,33 : 478.11"
"3,34 : 764.19"
"3,35 : 189.62"
"3,36 : 284.68"
"3,37 : 715.74"
"3,38 : 273.88"
"3,39 : 597.16"
"3,40 : 304.11"
"3,41 : 693.7"
"3,42 : 448.32"
"3,43 : 498.59"
"3,44 : 621.09"
"3,45 : 254.02"
"3,46 : 48.27"
"3,47 : 493.41"
"3,48 : 612.43"
"3,49 : 762.98"
"4,0 : 513.65"
"4,1 : 412.83"
"4,2 : 101.83"
"4,3 : 211.69"
"4,4 : 0.0"
"4,5 : 194.59"
"4,6 : 703.03"
"4,7 : 322.59"
"4,8 : 715.79"
"4,9 : 634.28"
"4,10 : 681.36"
"4,11 : 352.85"
"4,12 : 711.67"
"4,13 : 195.6"
"4,14 : 507.42"
"4,15 : 366.66"
"4,16 : 650.26"
"4,17 : 964.2"
"4,18 : 585.87"
"4,19 : 300.2"
"4,20 : 574.31"
"4,21 : 660.78"
"4,22 : 793.22"
"4,23 : 451.05"
"4,24 : 638.47"
"4,25 : 487.02"
"4,26 : 105.95"
"4,27 : 637.68"
"4,28 : 229.9"
"4,29 : 183.64"
"4,30 : 432.05"
"4,31 : 493.21"
"4,32 : 616.6"
"4,33 : 278.84"
"4,34 : 770.95"
"4,35 : 26.93"
"4,36 : 240.87"
"4,37 : 713.11"
"4,38 : 159.14"
"4,39 : 670.46"
"4,40 : 130.39"
"4,41 : 787.2"
"4,42 : 414.0"
"4,43 : 694.97"
"4,44 : 565.4"
"4,45 : 372.73"
"4,46 : 215.33"
"4,47 : 700.78"
"4,48 : 585.68"
"4,49 : 782.47"
"5,0 : 401.02"
"5,1 : 307.0"
"5,2 : 105.48"
"5,3 : 61.98"
"5,4 : 194.59"
"5,5 : 0.0"
"5,6 : 562.23"
"5,7 : 496.24"
"5,8 : 706.94"
"5,9 : 456.21"
"5,10 : 490.7"
"5,11 : 543.27"
"5,12 : 706.09"
"5,13 : 31.38"
"5,14 : 313.34"
"5,15 : 222.89"
"5,16 : 684.04"
"5,17 : 797.34"
"5,18 : 522.25"
"5,19 : 143.39"
"5,20 : 423.45"
"5,21 : 489.31"
"5,22 : 634.53"
"5,23 : 510.02"
"5,24 : 522.75"
"5,25 : 352.98"
"5,26 : 90.7"
"5,27 : 655.48"
"5,28 : 417.2"
"5,29 : 114.11"
"5,30 : 574.67"
"5,31 : 309.23"
"5,32 : 667.44"
"5,33 : 471.95"
"5,34 : 818.26"
"5,35 : 178.35"
"5,36 : 223.9"
"5,37 : 768.19"
"5,38 : 292.25"
"5,39 : 657.64"
"5,40 : 263.8"
"5,41 : 755.41"
"5,42 : 492.43"
"5,43 : 547.76"
"5,44 : 663.24"
"5,45 : 315.48"
"5,46 : 25.06"
"5,47 : 533.92"
"5,48 : 660.12"
"5,49 : 818.74"
"6,0 : 204.36"
"6,1 : 297.41"
"6,2 : 606.57"
"6,3 : 511.02"
"6,4 : 703.03"
"6,5 : 562.23"
"6,6 : 0.0"
"6,7 : 860.82"
"6,8 : 505.2"
"6,9 : 219.02"
"6,10 : 336.59"
"6,11 : 959.01"
"6,12 : 514.28"
"6,13 : 587.56"
"6,14 : 405.72"
"6,15 : 342.2"
"6,16 : 613.8"
"6,17 : 298.09"
"6,18 : 289.07"
"6,19 : 616.26"
"6,20 : 141.51"
"6,21 : 170.66"
"6,22 : 126.38"
"6,23 : 603.63"
"6,24 : 116.1"
"6,25 : 746.9"
"6,26 : 633.34"
"6,27 : 556.1"
"6,28 : 925.75"
"6,29 : 672.11"
"6,30 : 832.21"
"6,31 : 314.58"
"6,32 : 651.2"
"6,33 : 915.98"
"6,34 : 731.39"
"6,35 : 676.7"
"6,36 : 776.64"
"6,37 : 721.0"
"6,38 : 674.37"
"6,39 : 470.72"
"6,40 : 812.98"
"6,41 : 463.3"
"6,42 : 640.96"
"6,43 : 32.56"
"6,44 : 772.23"
"6,45 : 374.94"
"6,46 : 537.94"
"6,47 : 137.84"
"6,48 : 709.42"
"6,49 : 700.32"
"7,0 : 656.64"
"7,1 : 572.01"
"7,2 : 390.8"
"7,3 : 485.19"
"7,4 : 322.59"
"7,5 : 496.24"
"7,6 : 860.82"
"7,7 : 0.0"
"7,8 : 658.2"
"7,9 : 865.08"
"7,10 : 941.69"
"7,11 : 115.45"
"7,12 : 649.34"
"7,13 : 507.04"
"7,14 : 789.22"
"7,15 : 583.19"
"7,16 : 532.59"
"7,17 : 1152.88"
"7,18 : 641.54"
"7,19 : 620.1"
"7,20 : 763.2"
"7,21 : 876.53"
"7,22 : 975.0"
"7,23 : 347.31"
"7,24 : 764.05"
"7,25 : 809.21"
"7,26 : 420.3"
"7,27 : 550.15"
"7,28 : 268.6"
"7,29 : 506.2"
"7,30 : 156.52"
"7,31 : 746.54"
"7,32 : 476.04"
"7,33 : 135.0"
"7,34 : 610.28"
"7,35 : 326.74"
"7,36 : 548.24"
"7,37 : 547.33"
"7,38 : 213.21"
"7,39 : 627.63"
"7,40 : 381.54"
"7,41 : 756.64"
"7,42 : 290.32"
"7,43 : 864.39"
"7,44 : 349.45"
"7,45 : 485.98"
"7,46 : 510.19"
"7,47 : 904.72"
"7,48 : 409.19"
"7,49 : 638.92"
"8,0 : 411.45"
"8,1 : 444.29"
"8,2 : 669.09"
"8,3 : 646.61"
"8,4 : 715.79"
"8,5 : 706.94"
"8,6 : 505.2"
"8,7 : 658.2"
"8,8 : 0.0"
"8,9 : 674.88"
"8,10 : 799.8"
"8,11 : 773.58"
"8,12 : 12.21"
"8,13 : 738.03"
"8,14 : 773.4"
"8,15 : 548.71"
"8,16 : 157.69"
"8,17 : 766.08"
"8,18 : 240.15"
"8,19 : 834.9"
"8,20 : 530.62"
"8,21 : 644.27"
"8,22 : 623.82"
"8,23 : 311.37"
"8,24 : 396.66"
"8,25 : 1032.62"
"8,26 : 718.51"
"8,27 : 113.65"
"8,28 : 859.36"
"8,29 : 809.46"
"8,30 : 544.47"
"8,31 : 673.41"
"8,32 : 219.97"
"8,33 : 773.68"
"8,34 : 233.63"
"8,35 : 692.57"
"8,36 : 914.26"
"8,37 : 242.01"
"8,38 : 585.96"
"8,39 : 49.82"
"8,40 : 845.49"
"8,41 : 106.61"
"8,42 : 368.15"
"8,43 : 532.16"
"8,44 : 385.6"
"8,45 : 394.55"
"8,46 : 694.41"
"8,47 : 631.93"
"8,48 : 302.68"
"8,49 : 197.16"
"9,0 : 277.09"
"9,1 : 312.22"
"9,2 : 532.45"
"9,3 : 423.04"
"9,4 : 634.28"
"9,5 : 456.21"
"9,6 : 219.02"
"9,7 : 865.08"
"9,8 : 674.88"
"9,9 : 0.0"
"9,10 : 125.71"
"9,11 : 945.85"
"9,12 : 681.78"
"9,13 : 473.18"
"9,14 : 208.0"
"9,15 : 282.63"
"9,16 : 752.32"
"9,17 : 347.08"
"9,18 : 436.41"
"9,19 : 462.96"
"9,20 : 145.52"
"9,21 : 52.2"
"9,22 : 210.12"
"9,23 : 685.09"
"9,24 : 288.23"
"9,25 : 553.76"
"9,26 : 542.62"
"9,27 : 698.58"
"9,28 : 864.13"
"9,29 : 549.65"
"9,30 : 876.09"
"9,31 : 149.41"
"9,32 : 775.54"
"9,33 : 888.23"
"9,34 : 883.18"
"9,35 : 611.05"
"9,36 : 641.17"
"9,37 : 860.3"
"9,38 : 656.84"
"9,39 : 632.46"
"9,40 : 720.02"
"9,41 : 655.04"
"9,42 : 707.25"
"9,43 : 187.22"
"9,44 : 864.52"
"9,45 : 409.88"
"9,46 : 431.4"
"9,47 : 101.97"
"9,48 : 817.01"
"9,49 : 859.47"
"10,0 : 397.05"
"10,1 : 417.01"
"10,2 : 581.63"
"10,3 : 472.02"
"10,4 : 681.36"
"10,5 : 490.7"
"10,6 : 336.59"
"10,7 : 941.69"
"10,8 : 799.8"
"10,9 : 125.71"
"10,10 : 0.0"
"10,11 : 1012.94"
"10,12 : 806.5"
"10,13 : 500.47"
"10,14 : 186.4"
"10,15 : 363.56"
"10,16 : 872.71"
"10,17 : 380.58"
"10,18 : 560.64"
"10,19 : 459.31"
"10,20 : 269.31"
"10,21 : 166.6"
"10,22 : 293.74"
"10,23 : 793.02"
"10,24 : 413.66"
"10,25 : 500.76"
"10,26 : 581.15"
"10,27 : 820.02"
"10,28 : 907.76"
"10,29 : 565.87"
"10,30 : 968.51"
"10,31 : 195.17"
"10,32 : 892.96"
"10,33 : 949.37"
"10,34 : 1005.21"
"10,35 : 660.93"
"10,36 : 642.65"
"10,37 : 980.21"
"10,38 : 729.31"
"10,39 : 756.8"
"10,40 : 748.95"
"10,41 : 780.67"
"10,42 : 810.3"
"10,43 : 304.06"
"10,44 : 973.03"
"10,45 : 513.43"
"10,46 : 467.65"
"10,47 : 203.04"
"10,48 : 930.14"
"10,49 : 982.7"
"11,0 : 754.76"
"11,1 : 665.17"
"11,2 : 439.88"
"11,3 : 544.47"
"11,4 : 352.85"
"11,5 : 543.27"
"11,6 : 959.01"
"11,7 : 115.45"
"11,8 : 773.58"
"11,9 : 945.85"
"11,10 : 1012.94"
"11,11 : 0.0"
"11,12 : 764.67"
"11,13 : 547.86"
"11,14 : 849.99"
"11,15 : 663.42"
"11,16 : 646.18"
"11,17 : 1246.88"
"11,18 : 751.56"
"11,19 : 651.33"
"11,20 : 853.76"
"11,21 : 961.74"
"11,22 : 1069.37"
"11,23 : 462.76"
"11,24 : 866.7"
"11,25 : 823.92"
"11,26 : 458.17"
"11,27 : 665.16"
"11,28 : 215.24"
"11,29 : 529.03"
"11,30 : 255.48"
"11,31 : 818.6"
"11,32 : 588.41"
"11,33 : 80.06"
"11,34 : 718.04"
"11,35 : 365.26"
"11,36 : 548.29"
"11,37 : 655.31"
"11,38 : 290.0"
"11,39 : 743.04"
"11,40 : 371.73"
"11,41 : 872.06"
"11,42 : 405.76"
"11,43 : 960.36"
"11,44 : 453.13"
"11,45 : 584.82"
"11,46 : 561.06"
"11,47 : 993.29"
"11,48 : 518.51"
"11,49 : 748.73"
"12,0 : 416.68"
"12,1 : 446.95"
"12,2 : 666.51"
"12,3 : 646.03"
"12,4 : 711.67"
"12,5 : 706.09"
"12,6 : 514.28"
"12,7 : 649.34"
"12,8 : 12.21"
"12,9 : 681.78"
"12,10 : 806.5"
"12,11 : 764.67"
"12,12 : 0.0"
"12,13 : 737.1"
"12,14 : 777.54"
"12,15 : 550.97"
"12,16 : 145.69"
"12,17 : 776.78"
"12,18 : 246.22"
"12,19 : 835.06"
"12,20 : 537.22"
"12,21 : 651.81"
"12,22 : 633.49"
"12,23 : 302.93"
"12,24 : 404.98"
"12,25 : 1033.69"
"12,26 : 716.13"
"12,27 : 102.88"
"12,28 : 852.72"
"12,29 : 807.79"
"12,30 : 534.25"
"12,31 : 677.93"
"12,32 : 208.19"
"12,33 : 765.68"
"12,34 : 222.61"
"12,35 : 688.68"
"12,36 : 912.11"
"12,37 : 229.99"
"12,38 : 580.27"
"12,39 : 52.01"
"12,40 : 841.15"
"12,41 : 118.23"
"12,42 : 359.55"
"12,43 : 540.95"
"12,44 : 374.01"
"12,45 : 394.8"
"12,46 : 693.95"
"12,47 : 640.18"
"12,48 : 291.02"
"12,49 : 187.0"
"13,0 : 430.3"
"13,1 : 337.29"
"13,2 : 118.53"
"13,3 : 93.3"
"13,4 : 195.6"
"13,5 : 31.38"
"13,6 : 587.56"
"13,7 : 507.04"
"13,8 : 738.03"
"13,9 : 473.18"
"13,10 : 500.47"
"13,11 : 547.86"
"13,12 : 737.1"
"13,13 : 0.0"
"13,14 : 319.23"
"13,15 : 250.58"
"13,16 : 713.44"
"13,17 : 816.68"
"13,18 : 553.44"
"13,19 : 119.97"
"13,20 : 447.83"
"13,21 : 508.38"
"13,22 : 656.31"
"13,23 : 537.11"
"13,24 : 551.23"
"13,25 : 328.01"
"13,26 : 89.74"
"13,27 : 685.62"
"13,28 : 410.56"
"13,29 : 85.29"
"13,30 : 592.36"
"13,31 : 324.68"
"13,32 : 695.75"
"13,33 : 474.44"
"13,34 : 847.12"
"13,35 : 183.15"
"13,36 : 194.16"
"13,37 : 796.45"
"13,38 : 308.13"
"13,39 : 688.77"
"13,40 : 249.1"
"13,41 : 786.79"
"13,42 : 517.71"
"13,43 : 572.12"
"13,44 : 687.39"
"13,45 : 346.85"
"13,46 : 51.0"
"13,47 : 554.11"
"13,48 : 686.56"
"13,49 : 848.25"
"14,0 : 365.57"
"14,1 : 338.14"
"14,2 : 411.32"
"14,3 : 305.81"
"14,4 : 507.42"
"14,5 : 313.34"
"14,6 : 405.72"
"14,7 : 789.22"
"14,8 : 773.4"
"14,9 : 208.0"
"14,10 : 186.4"
"14,11 : 849.99"
"14,12 : 777.54"
"14,13 : 319.23"
"14,14 : 0.0"
"14,15 : 248.85"
"14,16 : 813.54"
"14,17 : 545.46"
"14,18 : 537.63"
"14,19 : 273.27"
"14,20 : 281.31"
"14,21 : 258.38"
"14,22 : 418.04"
"14,23 : 695.85"
"14,24 : 436.27"
"14,25 : 346.3"
"14,26 : 403.89"
"14,27 : 767.46"
"14,28 : 729.45"
"14,29 : 380.47"
"14,30 : 836.74"
"14,31 : 102.65"
"14,32 : 820.95"
"14,33 : 782.02"
"14,34 : 951.4"
"14,35 : 489.26"
"14,36 : 456.53"
"14,37 : 916.25"
"14,38 : 576.32"
"14,39 : 725.62"
"14,40 : 565.66"
"14,41 : 779.52"
"14,42 : 701.54"
"14,43 : 377.6"
"14,44 : 872.63"
"14,45 : 420.93"
"14,46 : 292.12"
"14,47 : 309.27"
"14,48 : 843.09"
"14,49 : 936.82"
"15,0 : 183.0"
"15,1 : 105.6"
"15,2 : 267.05"
"15,3 : 168.96"
"15,4 : 366.66"
"15,5 : 222.89"
"15,6 : 342.2"
"15,7 : 583.19"
"15,8 : 548.71"
"15,9 : 282.63"
"15,10 : 363.56"
"15,11 : 663.42"
"15,12 : 550.97"
"15,13 : 250.58"
"15,14 : 248.85"
"15,15 : 0.0"
"15,16 : 570.24"
"15,17 : 598.3"
"15,18 : 329.98"
"15,19 : 308.02"
"15,20 : 208.15"
"15,21 : 299.91"
"15,22 : 426.57"
"15,23 : 447.39"
"15,24 : 301.0"
"15,25 : 488.97"
"15,26 : 291.2"
"15,27 : 527.55"
"15,28 : 594.65"
"15,29 : 335.86"
"15,30 : 605.22"
"15,31 : 172.57"
"15,32 : 573.85"
"15,33 : 607.36"
"15,34 : 708.75"
"15,35 : 341.3"
"15,36 : 444.09"
"15,37 : 670.58"
"15,38 : 374.21"
"15,39 : 499.25"
"15,40 : 471.26"
"15,41 : 574.72"
"15,42 : 455.74"
"15,43 : 330.71"
"15,44 : 625.14"
"15,45 : 173.08"
"15,46 : 199.72"
"15,47 : 336.14"
"15,48 : 594.24"
"15,49 : 697.59"
"16,0 : 475.79"
"16,1 : 475.49"
"16,2 : 624.72"
"16,3 : 628.69"
"16,4 : 650.26"
"16,5 : 684.04"
"16,6 : 613.8"
"16,7 : 532.59"
"16,8 : 157.69"
"16,9 : 752.32"
"16,10 : 872.71"
"16,11 : 646.18"
"16,12 : 145.69"
"16,13 : 713.44"
"16,14 : 813.54"
"16,15 : 570.24"
"16,16 : 0.0"
"16,17 : 893.65"
"16,18 : 326.04"
"16,19 : 822.56"
"16,20 : 607.32"
"16,21 : 730.39"
"16,22 : 738.35"
"16,23 : 203.73"
"16,24 : 498.63"
"16,25 : 1029.27"
"16,26 : 675.52"
"16,27 : 58.25"
"16,28 : 759.28"
"16,29 : 773.92"
"16,30 : 403.35"
"16,31 : 720.34"
"16,32 : 64.01"
"16,33 : 657.51"
"16,34 : 138.57"
"16,35 : 630.49"
"16,36 : 870.92"
"16,37 : 108.37"
"16,38 : 502.93"
"16,39 : 159.67"
"16,40 : 775.02"
"16,41 : 263.59"
"16,42 : 253.84"
"16,43 : 636.49"
"16,44 : 230.34"
"16,45 : 398.77"
"16,46 : 676.72"
"16,47 : 727.58"
"16,48 : 147.15"
"16,49 : 134.95"
"17,0 : 498.01"
"17,1 : 581.84"
"17,2 : 863.29"
"17,3 : 757.45"
"17,4 : 964.2"
"17,5 : 797.34"
"17,6 : 298.09"
"17,7 : 1152.88"
"17,8 : 766.08"
"17,9 : 347.08"
"17,10 : 380.58"
"17,11 : 1246.88"
"17,12 : 776.78"
"17,13 : 816.68"
"17,14 : 545.46"
"17,15 : 598.3"
"17,16 : 893.65"
"17,17 : 0.0"
"17,18 : 577.76"
"17,19 : 809.59"
"17,20 : 394.66"
"17,21 : 308.3"
"17,22 : 177.88"
"17,23 : 900.88"
"17,24 : 410.1"
"17,25 : 880.05"
"17,26 : 880.12"
"17,27 : 835.4"
"17,28 : 1192.9"
"17,29 : 895.33"
"17,30 : 1130.01"
"17,31 : 496.0"
"17,32 : 937.14"
"17,33 : 1198.55"
"17,34 : 999.23"
"17,35 : 939.26"
"17,36 : 988.24"
"17,37 : 997.74"
"17,38 : 958.41"
"17,39 : 740.46"
"17,40 : 1060.0"
"17,41 : 699.04"
"17,42 : 939.0"
"17,43 : 289.35"
"17,44 : 1066.68"
"17,45 : 667.8"
"17,46 : 772.29"
"17,47 : 264.04"
"17,48 : 1000.54"
"17,49 : 962.94"
"18,0 : 172.63"
"18,1 : 225.14"
"18,2 : 513.48"
"18,3 : 460.3"
"18,4 : 585.87"
"18,5 : 522.25"
"18,6 : 289.07"
"18,7 : 641.54"
"18,8 : 240.15"
"18,9 : 436.41"
"18,10 : 560.64"
"18,11 : 751.56"
"18,12 : 246.22"
"18,13 : 553.44"
"18,14 : 537.63"
"18,15 : 329.98"
"18,16 : 326.04"
"18,17 : 577.76"
"18,18 : 0.0"
"18,19 : 633.48"
"18,20 : 291.34"
"18,21 : 408.93"
"18,22 : 414.84"
"18,23 : 333.6"
"18,24 : 173.16"
"18,25 : 818.83"
"18,26 : 557.29"
"18,27 : 269.09"
"18,28 : 775.63"
"18,29 : 633.76"
"18,30 : 578.66"
"18,31 : 436.25"
"18,32 : 362.17"
"18,33 : 726.8"
"18,34 : 449.87"
"18,35 : 559.56"
"18,36 : 743.32"
"18,37 : 434.02"
"18,38 : 497.23"
"18,39 : 196.16"
"18,40 : 714.12"
"18,41 : 245.67"
"18,42 : 380.2"
"18,43 : 310.64"
"18,44 : 490.11"
"18,45 : 215.39"
"18,46 : 504.71"
"18,47 : 402.44"
"18,48 : 422.81"
"18,49 : 423.73"
"19,0 : 490.01"
"19,1 : 409.16"
"19,2 : 237.24"
"19,3 : 193.93"
"19,4 : 300.2"
"19,5 : 143.39"
"19,6 : 616.26"
"19,7 : 620.1"
"19,8 : 834.9"
"19,9 : 462.96"
"19,10 : 459.31"
"19,11 : 651.33"
"19,12 : 835.06"
"19,13 : 119.97"
"19,14 : 273.27"
"19,15 : 308.02"
"19,16 : 822.56"
"19,17 : 809.59"
"19,18 : 633.48"
"19,19 : 0.0"
"19,20 : 475.04"
"19,21 : 506.5"
"19,22 : 663.93"
"19,23 : 652.76"
"19,24 : 601.71"
"19,25 : 209.7"
"19,26 : 200.1"
"19,27 : 791.16"
"19,28 : 491.37"
"19,29 : 126.19"
"19,30 : 711.37"
"19,31 : 316.51"
"19,32 : 808.58"
"19,33 : 574.78"
"19,34 : 958.11"
"19,35 : 293.38"
"19,36 : 183.35"
"19,37 : 909.33"
"19,38 : 426.65"
"19,39 : 785.15"
"19,40 : 313.94"
"19,41 : 874.46"
"19,42 : 635.82"
"19,43 : 595.48"
"19,44 : 806.45"
"19,45 : 440.35"
"19,46 : 146.22"
"19,47 : 556.14"
"19,48 : 803.21"
"19,49 : 956.73"
"20,0 : 134.01"
"20,1 : 191.91"
"20,2 : 475.18"
"20,3 : 374.88"
"20,4 : 574.31"
"20,5 : 423.45"
"20,6 : 141.51"
"20,7 : 763.2"
"20,8 : 530.62"
"20,9 : 145.52"
"20,10 : 269.31"
"20,11 : 853.76"
"20,12 : 537.22"
"20,13 : 447.83"
"20,14 : 281.31"
"20,15 : 208.15"
"20,16 : 607.32"
"20,17 : 394.66"
"20,18 : 291.34"
"20,19 : 475.04"
"20,20 : 0.0"
"20,21 : 126.78"
"20,22 : 219.62"
"20,23 : 550.35"
"20,24 : 156.73"
"20,25 : 613.04"
"20,26 : 498.14"
"20,27 : 553.25"
"20,28 : 801.06"
"20,29 : 531.9"
"20,30 : 756.19"
"20,31 : 182.39"
"20,32 : 632.14"
"20,33 : 804.02"
"20,34 : 737.69"
"20,35 : 548.64"
"20,36 : 635.59"
"20,37 : 715.45"
"20,38 : 564.46"
"20,39 : 487.5"
"20,40 : 678.67"
"20,41 : 516.47"
"20,42 : 577.47"
"20,43 : 124.33"
"20,44 : 728.18"
"20,45 : 285.62"
"20,46 : 398.85"
"20,47 : 142.67"
"20,48 : 676.76"
"20,49 : 714.0"
"21,0 : 260.49"
"21,1 : 311.81"
"21,2 : 559.15"
"21,3 : 451.43"
"21,4 : 660.78"
"21,5 : 489.31"
"21,6 : 170.66"
"21,7 : 876.53"
"21,8 : 644.27"
"21,9 : 52.2"
"21,10 : 166.6"
"21,11 : 961.74"
"21,12 : 651.81"
"21,13 : 508.38"
"21,14 : 258.38"
"21,15 : 299.91"
"21,16 : 730.39"
"21,17 : 308.3"
"21,18 : 408.93"
"21,19 : 506.5"
"21,20 : 126.78"
"21,21 : 0.0"
"21,22 : 160.2"
"21,23 : 676.84"
"21,24 : 251.02"
"21,25 : 604.6"
"21,26 : 573.22"
"21,27 : 675.3"
"21,28 : 890.5"
"21,29 : 587.33"
"21,30 : 878.29"
"21,31 : 190.13"
"21,32 : 757.38"
"21,33 : 907.15"
"21,34 : 858.39"
"21,35 : 636.63"
"21,36 : 682.13"
"21,37 : 838.74"
"21,38 : 671.8"
"21,39 : 603.71"
"21,40 : 752.47"
"21,41 : 618.05"
"21,42 : 702.87"
"21,43 : 138.29"
"21,44 : 854.91"
"21,45 : 408.25"
"21,46 : 464.29"
"21,47 : 51.01"
"21,48 : 803.32"
"21,49 : 832.59"
"22,0 : 320.62"
"22,1 : 404.21"
"22,2 : 693.35"
"22,3 : 590.27"
"22,4 : 793.22"
"22,5 : 634.53"
"22,6 : 126.38"
"22,7 : 975.0"
"22,8 : 623.82"
"22,9 : 210.12"
"22,10 : 293.74"
"22,11 : 1069.37"
"22,12 : 633.49"
"22,13 : 656.31"
"22,14 : 418.04"
"22,15 : 426.57"
"22,16 : 738.35"
"22,17 : 177.88"
"22,18 : 414.84"
"22,19 : 663.93"
"22,20 : 219.62"
"22,21 : 160.2"
"22,22 : 0.0"
"22,23 : 728.87"
"22,24 : 242.32"
"22,25 : 763.85"
"22,26 : 713.66"
"22,27 : 680.41"
"22,28 : 1020.56"
"22,29 : 737.94"
"22,30 : 953.95"
"22,31 : 347.75"
"22,32 : 776.99"
"22,33 : 1021.98"
"22,34 : 853.05"
"22,35 : 767.75"
"22,36 : 836.38"
"22,37 : 844.99"
"22,38 : 781.36"
"22,39 : 592.04"
"22,40 : 894.29"
"22,41 : 572.3"
"22,42 : 764.85"
"22,43 : 112.38"
"22,44 : 898.44"
"22,45 : 490.03"
"22,46 : 609.53"
"22,47 : 109.22"
"22,48 : 835.78"
"22,49 : 820.35"
"23,0 : 418.87"
"23,1 : 376.01"
"23,2 : 437.01"
"23,3 : 461.21"
"23,4 : 451.05"
"23,5 : 510.02"
"23,6 : 603.63"
"23,7 : 347.31"
"23,8 : 311.37"
"23,9 : 685.09"
"23,10 : 793.02"
"23,11 : 462.76"
"23,12 : 302.93"
"23,13 : 537.11"
"23,14 : 695.85"
"23,15 : 447.39"
"23,16 : 203.73"
"23,17 : 900.88"
"23,18 : 333.6"
"23,19 : 652.76"
"23,20 : 550.35"
"23,21 : 676.84"
"23,22 : 728.87"
"23,23 : 0.0"
"23,24 : 491.04"
"23,25 : 862.36"
"23,26 : 487.34"
"23,27 : 207.01"
"23,28 : 557.34"
"23,29 : 588.31"
"23,30 : 250.05"
"23,31 : 615.66"
"23,32 : 165.59"
"23,33 : 463.18"
"23,34 : 320.06"
"23,35 : 432.95"
"23,36 : 679.25"
"23,37 : 263.64"
"23,38 : 300.04"
"23,39 : 280.56"
"23,40 : 573.33"
"23,41 : 409.48"
"23,42 : 57.01"
"23,43 : 617.52"
"23,44 : 180.0"
"23,45 : 280.4"
"23,46 : 507.28"
"23,47 : 688.32"
"23,48 : 151.61"
"23,49 : 332.3"
"24,0 : 125.16"
"24,1 : 225.96"
"24,2 : 548.37"
"24,3 : 465.38"
"24,4 : 638.47"
"24,5 : 522.75"
"24,6 : 116.1"
"24,7 : 764.05"
"24,8 : 396.66"
"24,9 : 288.23"
"24,10 : 413.66"
"24,11 : 866.7"
"24,12 : 404.98"
"24,13 : 551.23"
"24,14 : 436.27"
"24,15 : 301.0"
"24,16 : 498.63"
"24,17 : 410.1"
"24,18 : 173.16"
"24,19 : 601.71"
"24,20 : 156.73"
"24,21 : 251.02"
"24,22 : 242.32"
"24,23 : 491.04"
"24,24 : 0.0"
"24,25 : 758.45"
"24,26 : 582.18"
"24,27 : 441.19"
"24,28 : 852.66"
"24,29 : 636.42"
"24,30 : 724.94"
"24,31 : 335.11"
"24,32 : 535.17"
"24,33 : 829.4"
"24,34 : 618.71"
"24,35 : 611.6"
"24,36 : 745.04"
"24,37 : 606.21"
"24,38 : 588.89"
"24,39 : 359.22"
"24,40 : 756.96"
"24,41 : 367.29"
"24,42 : 530.79"
"24,43 : 138.0"
"24,44 : 657.27"
"24,45 : 283.74"
"24,46 : 500.26"
"24,47 : 235.28"
"24,48 : 593.53"
"24,49 : 589.32"
"25,0 : 661.05"
"25,1 : 594.4"
"25,2 : 441.59"
"25,3 : 402.23"
"25,4 : 487.02"
"25,5 : 352.98"
"25,6 : 746.9"
"25,7 : 809.21"
"25,8 : 1032.62"
"25,9 : 553.76"
"25,10 : 500.76"
"25,11 : 823.92"
"25,12 : 1033.69"
"25,13 : 328.01"
"25,14 : 346.3"
"25,15 : 488.97"
"25,16 : 1029.27"
"25,17 : 880.05"
"25,18 : 818.83"
"25,19 : 209.7"
"25,20 : 613.04"
"25,21 : 604.6"
"25,22 : 763.85"
"25,23 : 862.36"
"25,24 : 758.45"
"25,25 : 0.0"
"25,26 : 398.56"
"25,27 : 995.69"
"25,28 : 637.22"
"25,29 : 303.66"
"25,30 : 912.64"
"25,31 : 432.48"
"25,32 : 1017.22"
"25,33 : 744.45"
"25,34 : 1165.69"
"25,35 : 486.42"
"25,36 : 282.43"
"25,37 : 1117.92"
"25,38 : 628.21"
"25,39 : 982.81"
"25,40 : 457.74"
"25,41 : 1063.66"
"25,42 : 845.32"
"25,43 : 720.57"
"25,44 : 1015.41"
"25,45 : 639.91"
"25,46 : 355.26"
"25,47 : 655.41"
"25,48 : 1012.9"
"25,49 : 1162.8"
"26,0 : 457.54"
"26,1 : 358.24"
"26,2 : 50.8"
"26,3 : 123.43"
"26,4 : 105.95"
"26,5 : 90.7"
"26,6 : 633.34"
"26,7 : 420.3"
"26,8 : 718.51"
"26,9 : 542.62"
"26,10 : 581.15"
"26,11 : 458.17"
"26,12 : 716.13"
"26,13 : 89.74"
"26,14 : 403.89"
"26,15 : 291.2"
"26,16 : 675.52"
"26,17 : 880.12"
"26,18 : 557.29"
"26,19 : 200.1"
"26,20 : 498.14"
"26,21 : 573.22"
"26,22 : 713.66"
"26,23 : 487.34"
"26,24 : 582.18"
"26,25 : 398.56"
"26,26 : 0.0"
"26,27 : 654.1"
"26,28 : 326.62"
"26,29 : 101.83"
"26,30 : 514.23"
"26,31 : 397.46"
"26,32 : 650.8"
"26,33 : 384.76"
"26,34 : 804.58"
"26,35 : 94.19"
"26,36 : 196.49"
"26,37 : 750.51"
"26,38 : 229.65"
"26,39 : 670.56"
"26,40 : 180.68"
"26,41 : 778.05"
"26,42 : 460.44"
"26,43 : 621.62"
"26,44 : 624.63"
"26,45 : 342.61"
"26,46 : 113.57"
"26,47 : 616.1"
"26,48 : 632.4"
"26,49 : 810.23"
"27,0 : 423.02"
"27,1 : 429.53"
"27,2 : 603.51"
"27,3 : 598.11"
"27,4 : 637.68"
"27,5 : 655.48"
"27,6 : 556.1"
"27,7 : 550.15"
"27,8 : 113.65"
"27,9 : 698.58"
"27,10 : 820.02"
"27,11 : 665.16"
"27,12 : 102.88"
"27,13 : 685.62"
"27,14 : 767.46"
"27,15 : 527.55"
"27,16 : 58.25"
"27,17 : 835.4"
"27,18 : 269.09"
"27,19 : 791.16"
"27,20 : 553.25"
"27,21 : 675.3"
"27,22 : 680.41"
"27,23 : 207.01"
"27,24 : 441.19"
"27,25 : 995.69"
"27,26 : 654.1"
"27,27 : 0.0"
"27,28 : 763.1"
"27,29 : 750.24"
"27,30 : 431.65"
"27,31 : 672.36"
"27,32 : 111.21"
"27,33 : 669.72"
"27,34 : 185.63"
"27,35 : 616.35"
"27,36 : 850.48"
"27,37 : 165.03"
"27,38 : 497.2"
"27,39 : 104.62"
"27,40 : 765.1"
"27,41 : 219.74"
"27,42 : 262.32"
"27,43 : 579.15"
"27,44 : 273.77"
"27,45 : 358.9"
"27,46 : 646.37"
"27,47 : 671.25"
"27,48 : 191.66"
"27,49 : 170.04"
"28,0 : 729.86"
"28,1 : 630.42"
"28,2 : 331.72"
"28,3 : 441.26"
"28,4 : 229.9"
"28,5 : 417.2"
"28,6 : 925.75"
"28,7 : 268.6"
"28,8 : 859.36"
"28,9 : 864.13"
"28,10 : 907.76"
"28,11 : 215.24"
"28,12 : 852.72"
"28,13 : 410.56"
"28,14 : 729.45"
"28,15 : 594.65"
"28,16 : 759.28"
"28,17 : 1192.9"
"28,18 : 775.63"
"28,19 : 491.37"
"28,20 : 801.06"
"28,21 : 890.5"
"28,22 : 1020.56"
"28,23 : 557.34"
"28,24 : 852.66"
"28,25 : 637.22"
"28,26 : 326.62"
"28,27 : 763.1"
"28,28 : 0.0"
"28,29 : 365.26"
"28,30 : 423.54"
"28,31 : 722.11"
"28,32 : 710.89"
"28,33 : 142.13"
"28,34 : 856.82"
"28,35 : 253.92"
"28,36 : 355.03"
"28,37 : 794.4"
"28,38 : 280.32"
"28,39 : 820.02"
"28,40 : 181.03"
"28,41 : 945.76"
"28,42 : 505.44"
"28,43 : 919.77"
"28,44 : 607.99"
"28,45 : 574.09"
"28,46 : 440.11"
"28,47 : 929.95"
"28,48 : 656.19"
"28,49 : 879.48"
"29,0 : 515.08"
"29,1 : 420.9"
"29,2 : 151.38"
"29,3 : 174.66"
"29,4 : 183.64"
"29,5 : 114.11"
"29,6 : 672.11"
"29,7 : 506.2"
"29,8 : 809.46"
"29,9 : 549.65"
"29,10 : 565.87"
"29,11 : 529.03"
"29,12 : 807.79"
"29,13 : 85.29"
"29,14 : 380.47"
"29,15 : 335.86"
"29,16 : 773.92"
"29,17 : 895.33"
"29,18 : 633.76"
"29,19 : 126.19"
"29,20 : 531.9"
"29,21 : 587.33"
"29,22 : 737.94"
"29,23 : 588.31"
"29,24 : 636.42"
"29,25 : 303.66"
"29,26 : 101.83"
"29,27 : 750.24"
"29,28 : 365.26"
"29,29 : 0.0"
"29,30 : 610.62"
"29,31 : 400.27"
"29,32 : 751.04"
"29,33 : 451.35"
"29,34 : 904.41"
"29,35 : 183.1"
"29,36 : 110.03"
"29,37 : 851.05"
"29,38 : 327.87"
"29,39 : 760.75"
"29,40 : 189.34"
"29,41 : 863.18"
"29,42 : 562.21"
"29,43 : 656.06"
"29,44 : 726.25"
"29,45 : 423.43"
"29,46 : 136.18"
"29,47 : 634.21"
"29,48 : 734.05"
"29,49 : 908.82"
"30,0 : 634.3"
"30,1 : 566.48"
"30,2 : 474.16"
"30,3 : 547.93"
"30,4 : 432.05"
"30,5 : 574.67"
"30,6 : 832.21"
"30,7 : 156.52"
"30,8 : 544.47"
"30,9 : 876.09"
"30,10 : 968.51"
"30,11 : 255.48"
"30,12 : 534.25"
"30,13 : 592.36"
"30,14 : 836.74"
"30,15 : 605.22"
"30,16 : 403.35"
"30,17 : 1130.01"
"30,18 : 578.66"
"30,19 : 711.37"
"30,20 : 756.19"
"30,21 : 878.29"
"30,22 : 953.95"
"30,23 : 250.05"
"30,24 : 724.94"
"30,25 : 912.64"
"30,26 : 514.23"
"30,27 : 431.65"
"30,28 : 423.54"
"30,29 : 610.62"
"30,30 : 0.0"
"30,31 : 776.95"
"30,32 : 342.04"
"30,33 : 291.32"
"30,34 : 463.62"
"30,35 : 427.86"
"30,36 : 670.68"
"30,37 : 401.21"
"30,38 : 284.89"
"30,39 : 521.91"
"30,40 : 516.67"
"30,41 : 648.43"
"30,42 : 198.71"
"30,43 : 841.58"
"30,44 : 197.72"
"30,45 : 470.62"
"30,46 : 582.94"
"30,47 : 898.58"
"30,48 : 266.68"
"30,49 : 496.08"
"31,0 : 263.78"
"31,1 : 246.16"
"31,2 : 392.0"
"31,3 : 281.74"
"31,4 : 493.21"
"31,5 : 309.23"
"31,6 : 314.58"
"31,7 : 746.54"
"31,8 : 673.41"
"31,9 : 149.41"
"31,10 : 195.17"
"31,11 : 818.6"
"31,12 : 677.93"
"31,13 : 324.68"
"31,14 : 102.65"
"31,15 : 172.57"
"31,16 : 720.34"
"31,17 : 496.0"
"31,18 : 436.25"
"31,19 : 316.51"
"31,20 : 182.39"
"31,21 : 190.13"
"31,22 : 347.75"
"31,23 : 615.66"
"31,24 : 335.11"
"31,25 : 432.48"
"31,26 : 397.46"
"31,27 : 672.36"
"31,28 : 722.11"
"31,29 : 400.27"
"31,30 : 776.95"
"31,31 : 0.0"
"31,32 : 731.6"
"31,33 : 756.34"
"31,34 : 857.31"
"31,35 : 471.34"
"31,36 : 492.47"
"31,37 : 824.79"
"31,38 : 534.16"
"31,39 : 626.15"
"31,40 : 572.69"
"31,41 : 677.21"
"31,42 : 627.11"
"31,43 : 289.13"
"31,44 : 794.75"
"31,45 : 336.05"
"31,46 : 284.76"
"31,47 : 239.64"
"31,48 : 759.28"
"31,49 : 840.84"
"32,0 : 498.61"
"32,1 : 485.44"
"32,2 : 600.18"
"32,3 : 615.02"
"32,4 : 616.6"
"32,5 : 667.44"
"32,6 : 651.2"
"32,7 : 476.04"
"32,8 : 219.97"
"32,9 : 775.54"
"32,10 : 892.96"
"32,11 : 588.41"
"32,12 : 208.19"
"32,13 : 695.75"
"32,14 : 820.95"
"32,15 : 573.85"
"32,16 : 64.01"
"32,17 : 937.14"
"32,18 : 362.17"
"32,19 : 808.58"
"32,20 : 632.14"
"32,21 : 757.38"
"32,22 : 776.99"
"32,23 : 165.59"
"32,24 : 535.17"
"32,25 : 1017.22"
"32,26 : 650.8"
"32,27 : 111.21"
"32,28 : 710.89"
"32,29 : 751.04"
"32,30 : 342.04"
"32,31 : 731.6"
"32,32 : 0.0"
"32,33 : 603.7"
"32,34 : 154.51"
"32,35 : 598.52"
"32,36 : 844.0"
"32,37 : 100.77"
"32,38 : 464.22"
"32,39 : 215.8"
"32,40 : 738.07"
"32,41 : 326.41"
"32,42 : 207.99"
"32,43 : 671.9"
"32,44 : 166.43"
"32,45 : 400.77"
"32,46 : 662.37"
"32,47 : 758.48"
"32,48 : 83.22"
"32,49 : 169.19"
"33,0 : 712.97"
"33,1 : 619.28"
"33,2 : 370.7"
"33,3 : 478.11"
"33,4 : 278.84"
"33,5 : 471.95"
"33,6 : 915.98"
"33,7 : 135.0"
"33,8 : 773.68"
"33,9 : 888.23"
"33,10 : 949.37"
"33,11 : 80.06"
"33,12 : 765.68"
"33,13 : 474.44"
"33,14 : 782.02"
"33,15 : 607.36"
"33,16 : 657.51"
"33,17 : 1198.55"
"33,18 : 726.8"
"33,19 : 574.78"
"33,20 : 804.02"
"33,21 : 907.15"
"33,22 : 1021.98"
"33,23 : 463.18"
"33,24 : 829.4"
"33,25 : 744.45"
"33,26 : 384.76"
"33,27 : 669.72"
"33,28 : 142.13"
"33,29 : 451.35"
"33,30 : 291.32"
"33,31 : 756.34"
"33,32 : 603.7"
"33,33 : 0.0"
"33,34 : 742.3"
"33,35 : 293.66"
"33,36 : 468.26"
"33,37 : 679.35"
"33,38 : 241.62"
"33,39 : 739.16"
"33,40 : 291.67"
"33,41 : 867.71"
"33,42 : 407.4"
"33,43 : 915.0"
"33,44 : 483.87"
"33,45 : 545.69"
"33,46 : 490.98"
"33,47 : 941.16"
"33,48 : 540.71"
"33,49 : 769.2"
"34,0 : 608.37"
"34,1 : 613.26"
"34,2 : 753.88"
"34,3 : 764.19"
"34,4 : 770.95"
"34,5 : 818.26"
"34,6 : 731.39"
"34,7 : 610.28"
"34,8 : 233.63"
"34,9 : 883.18"
"34,10 : 1005.21"
"34,11 : 718.04"
"34,12 : 222.61"
"34,13 : 847.12"
"34,14 : 951.4"
"34,15 : 708.75"
"34,16 : 138.57"
"34,17 : 999.23"
"34,18 : 449.87"
"34,19 : 958.11"
"34,20 : 737.69"
"34,21 : 858.39"
"34,22 : 853.05"
"34,23 : 320.06"
"34,24 : 618.71"
"34,25 : 1165.69"
"34,26 : 804.58"
"34,27 : 185.63"
"34,28 : 856.82"
"34,29 : 904.41"
"34,30 : 463.62"
"34,31 : 857.31"
"34,32 : 154.51"
"34,33 : 742.3"
"34,34 : 0.0"
"34,35 : 753.01"
"34,36 : 998.28"
"34,37 : 62.97"
"34,38 : 617.64"
"34,39 : 261.01"
"34,40 : 891.64"
"34,41 : 319.34"
"34,42 : 360.01"
"34,43 : 756.4"
"34,44 : 267.01"
"34,45 : 537.33"
"34,46 : 811.98"
"34,47 : 851.89"
"34,48 : 201.64"
"34,49 : 46.67"
"35,0 : 486.82"
"35,1 : 386.01"
"35,2 : 79.4"
"35,3 : 189.62"
"35,4 : 26.93"
"35,5 : 178.35"
"35,6 : 676.7"
"35,7 : 326.74"
"35,8 : 692.57"
"35,9 : 611.05"
"35,10 : 660.93"
"35,11 : 365.26"
"35,12 : 688.68"
"35,13 : 183.15"
"35,14 : 489.26"
"35,15 : 341.3"
"35,16 : 630.49"
"35,17 : 939.26"
"35,18 : 559.56"
"35,19 : 293.38"
"35,20 : 548.64"
"35,21 : 636.63"
"35,22 : 767.75"
"35,23 : 432.95"
"35,24 : 611.6"
"35,25 : 486.42"
"35,26 : 94.19"
"35,27 : 616.35"
"35,28 : 253.92"
"35,29 : 183.1"
"35,30 : 427.86"
"35,31 : 471.34"
"35,32 : 598.52"
"35,33 : 293.66"
"35,34 : 753.01"
"35,35 : 0.0"
"35,36 : 251.55"
"35,37 : 695.88"
"35,38 : 148.12"
"35,39 : 646.85"
"35,40 : 155.46"
"35,41 : 762.65"
"35,42 : 398.08"
"35,43 : 668.93"
"35,44 : 553.4"
"35,45 : 346.09"
"35,46 : 197.49"
"35,47 : 676.09"
"35,48 : 570.36"
"35,49 : 763.37"
"36,0 : 624.46"
"36,1 : 530.86"
"36,2 : 246.97"
"36,3 : 284.68"
"36,4 : 240.87"
"36,5 : 223.9"
"36,6 : 776.64"
"36,7 : 548.24"
"36,8 : 914.26"
"36,9 : 641.17"
"36,10 : 642.65"
"36,11 : 548.29"
"36,12 : 912.11"
"36,13 : 194.16"
"36,14 : 456.53"
"36,15 : 444.09"
"36,16 : 870.92"
"36,17 : 988.24"
"36,18 : 743.32"
"36,19 : 183.35"
"36,20 : 635.59"
"36,21 : 682.13"
"36,22 : 836.38"
"36,23 : 679.25"
"36,24 : 745.04"
"36,25 : 282.43"
"36,26 : 196.49"
"36,27 : 850.48"
"36,28 : 355.03"
"36,29 : 110.03"
"36,30 : 670.68"
"36,31 : 492.47"
"36,32 : 844.0"
"36,33 : 468.26"
"36,34 : 998.28"
"36,35 : 251.55"
"36,36 : 0.0"
"36,37 : 942.89"
"36,38 : 399.03"
"36,39 : 866.0"
"36,40 : 177.34"
"36,41 : 970.87"
"36,42 : 647.93"
"36,43 : 759.17"
"36,44 : 804.92"
"36,45 : 531.88"
"36,46 : 245.13"
"36,47 : 730.51"
"36,48 : 820.48"
"36,49 : 1005.36"
"37,0 : 583.52"
"37,1 : 579.01"
"37,2 : 699.99"
"37,3 : 715.74"
"37,4 : 713.11"
"37,5 : 768.19"
"37,6 : 721.0"
"37,7 : 547.33"
"37,8 : 242.01"
"37,9 : 860.3"
"37,10 : 980.21"
"37,11 : 655.31"
"37,12 : 229.99"
"37,13 : 796.45"
"37,14 : 916.25"
"37,15 : 670.58"
"37,16 : 108.37"
"37,17 : 997.74"
"37,18 : 434.02"
"37,19 : 909.33"
"37,20 : 715.45"
"37,21 : 838.74"
"37,22 : 844.99"
"37,23 : 263.64"
"37,24 : 606.21"
"37,25 : 1117.92"
"37,26 : 750.51"
"37,27 : 165.03"
"37,28 : 794.4"
"37,29 : 851.05"
"37,30 : 401.21"
"37,31 : 824.79"
"37,32 : 100.77"
"37,33 : 679.35"
"37,34 : 62.97"
"37,35 : 695.88"
"37,36 : 942.89"
"37,37 : 0.0"
"37,38 : 558.4"
"37,39 : 258.06"
"37,40 : 832.33"
"37,41 : 339.48"
"37,42 : 300.31"
"37,43 : 744.17"
"37,44 : 205.41"
"37,45 : 497.77"
"37,46 : 763.12"
"37,47 : 835.86"
"37,48 : 138.74"
"37,49 : 97.51"
"38,0 : 471.43"
"38,1 : 377.92"
"38,2 : 189.64"
"38,3 : 273.88"
"38,4 : 159.14"
"38,5 : 292.25"
"38,6 : 674.37"
"38,7 : 213.21"
"38,8 : 585.96"
"38,9 : 656.84"
"38,10 : 729.31"
"38,11 : 290.0"
"38,12 : 580.27"
"38,13 : 308.13"
"38,14 : 576.32"
"38,15 : 374.21"
"38,16 : 502.93"
"38,17 : 958.41"
"38,18 : 497.23"
"38,19 : 426.65"
"38,20 : 564.46"
"38,21 : 671.8"
"38,22 : 781.36"
"38,23 : 300.04"
"38,24 : 588.89"
"38,25 : 628.21"
"38,26 : 229.65"
"38,27 : 497.2"
"38,28 : 280.32"
"38,29 : 327.87"
"38,30 : 284.89"
"38,31 : 534.16"
"38,32 : 464.22"
"38,33 : 241.62"
"38,34 : 617.64"
"38,35 : 148.12"
"38,36 : 399.03"
"38,37 : 558.4"
"38,38 : 0.0"
"38,39 : 544.26"
"38,40 : 274.0"
"38,41 : 668.02"
"38,42 : 258.12"
"38,43 : 673.7"
"38,44 : 406.3"
"38,45 : 305.29"
"38,46 : 303.04"
"38,47 : 703.41"
"38,48 : 428.21"
"38,49 : 632.22"
"39,0 : 365.43"
"39,1 : 395.06"
"39,2 : 621.39"
"39,3 : 597.16"
"39,4 : 670.46"
"39,5 : 657.64"
"39,6 : 470.72"
"39,7 : 627.63"
"39,8 : 49.82"
"39,9 : 632.46"
"39,10 : 756.8"
"39,11 : 743.04"
"39,12 : 52.01"
"39,13 : 688.77"
"39,14 : 725.62"
"39,15 : 499.25"
"39,16 : 159.67"
"39,17 : 740.46"
"39,18 : 196.16"
"39,19 : 785.15"
"39,20 : 487.5"
"39,21 : 603.71"
"39,22 : 592.04"
"39,23 : 280.56"
"39,24 : 359.22"
"39,25 : 982.81"
"39,26 : 670.56"
"39,27 : 104.62"
"39,28 : 820.02"
"39,29 : 760.75"
"39,30 : 521.91"
"39,31 : 626.15"
"39,32 : 215.8"
"39,33 : 739.16"
"39,34 : 261.01"
"39,35 : 646.85"
"39,36 : 866.0"
"39,37 : 258.06"
"39,38 : 544.26"
"39,39 : 0.0"
"39,40 : 800.48"
"39,41 : 129.03"
"39,42 : 337.54"
"39,43 : 496.33"
"39,44 : 376.2"
"39,45 : 344.82"
"39,46 : 644.91"
"39,47 : 593.83"
"39,48 : 295.17"
"39,49 : 230.1"
"40,0 : 631.81"
"40,1 : 531.2"
"40,2 : 208.59"
"40,3 : 304.11"
"40,4 : 130.39"
"40,5 : 263.8"
"40,6 : 812.98"
"40,7 : 381.54"
"40,8 : 845.49"
"40,9 : 720.02"
"40,10 : 748.95"
"40,11 : 371.73"
"40,12 : 841.15"
"40,13 : 249.1"
"40,14 : 565.66"
"40,15 : 471.26"
"40,16 : 775.02"
"40,17 : 1060.0"
"40,18 : 714.12"
"40,19 : 313.94"
"40,20 : 678.67"
"40,21 : 752.47"
"40,22 : 894.29"
"40,23 : 573.33"
"40,24 : 756.96"
"40,25 : 457.74"
"40,26 : 180.68"
"40,27 : 765.1"
"40,28 : 181.03"
"40,29 : 189.34"
"40,30 : 516.67"
"40,31 : 572.69"
"40,32 : 738.07"
"40,33 : 291.67"
"40,34 : 891.64"
"40,35 : 155.46"
"40,36 : 177.34"
"40,37 : 832.33"
"40,38 : 274.0"
"40,39 : 800.48"
"40,40 : 0.0"
"40,41 : 917.59"
"40,42 : 532.02"
"40,43 : 801.93"
"40,44 : 671.96"
"40,45 : 499.68"
"40,46 : 288.65"
"40,47 : 796.11"
"40,48 : 700.86"
"40,49 : 905.63"
"41,0 : 414.37"
"41,1 : 469.28"
"41,2 : 730.41"
"41,3 : 693.7"
"41,4 : 787.2"
"41,5 : 755.41"
"41,6 : 463.3"
"41,7 : 756.64"
"41,8 : 106.61"
"41,9 : 655.04"
"41,10 : 780.67"
"41,11 : 872.06"
"41,12 : 118.23"
"41,13 : 786.79"
"41,14 : 779.52"
"41,15 : 574.72"
"41,16 : 263.59"
"41,17 : 699.04"
"41,18 : 245.67"
"41,19 : 874.46"
"41,20 : 516.47"
"41,21 : 618.05"
"41,22 : 572.3"
"41,23 : 409.48"
"41,24 : 367.29"
"41,25 : 1063.66"
"41,26 : 778.05"
"41,27 : 219.74"
"41,28 : 945.76"
"41,29 : 863.18"
"41,30 : 648.43"
"41,31 : 677.21"
"41,32 : 326.41"
"41,33 : 867.71"
"41,34 : 319.34"
"41,35 : 762.65"
"41,36 : 970.87"
"41,37 : 339.48"
"41,38 : 668.02"
"41,39 : 129.03"
"41,40 : 917.59"
"41,41 : 0.0"
"41,42 : 466.48"
"41,43 : 493.33"
"41,44 : 492.2"
"41,45 : 440.1"
"41,46 : 740.13"
"41,47 : 597.78"
"41,48 : 409.24"
"41,49 : 276.47"
"42,0 : 449.22"
"42,1 : 395.28"
"42,2 : 411.21"
"42,3 : 448.32"
"42,4 : 414.0"
"42,5 : 492.43"
"42,6 : 640.96"
"42,7 : 290.32"
"42,8 : 368.15"
"42,9 : 707.25"
"42,10 : 810.3"
"42,11 : 405.76"
"42,12 : 359.55"
"42,13 : 517.71"
"42,14 : 701.54"
"42,15 : 455.74"
"42,16 : 253.84"
"42,17 : 939.0"
"42,18 : 380.2"
"42,19 : 635.82"
"42,20 : 577.47"
"42,21 : 702.87"
"42,22 : 764.85"
"42,23 : 57.01"
"42,24 : 530.79"
"42,25 : 845.32"
"42,26 : 460.44"
"42,27 : 262.32"
"42,28 : 505.44"
"42,29 : 562.21"
"42,30 : 198.71"
"42,31 : 627.11"
"42,32 : 207.99"
"42,33 : 407.4"
"42,34 : 360.01"
"42,35 : 398.08"
"42,36 : 647.93"
"42,37 : 300.31"
"42,38 : 258.12"
"42,39 : 337.54"
"42,40 : 532.02"
"42,41 : 466.48"
"42,42 : 0.0"
"42,43 : 652.75"
"42,44 : 173.61"
"42,45 : 297.7"
"42,46 : 492.41"
"42,47 : 717.86"
"42,48 : 172.56"
"42,49 : 377.12"
"43,0 : 208.66"
"43,1 : 295.79"
"43,2 : 597.05"
"43,3 : 498.59"
"43,4 : 694.97"
"43,5 : 547.76"
"43,6 : 32.56"
"43,7 : 864.39"
"43,8 : 532.16"
"43,9 : 187.22"
"43,10 : 304.06"
"43,11 : 960.36"
"43,12 : 540.95"
"43,13 : 572.12"
"43,14 : 377.6"
"43,15 : 330.71"
"43,16 : 636.49"
"43,17 : 289.35"
"43,18 : 310.64"
"43,19 : 595.48"
"43,20 : 124.33"
"43,21 : 138.29"
"43,22 : 112.38"
"43,23 : 617.52"
"43,24 : 138.0"
"43,25 : 720.57"
"43,26 : 621.62"
"43,27 : 579.15"
"43,28 : 919.77"
"43,29 : 656.06"
"43,30 : 841.58"
"43,31 : 289.13"
"43,32 : 671.9"
"43,33 : 915.0"
"43,34 : 756.4"
"43,35 : 668.93"
"43,36 : 759.17"
"43,37 : 744.17"
"43,38 : 673.7"
"43,39 : 496.33"
"43,40 : 801.93"
"43,41 : 493.33"
"43,42 : 652.75"
"43,43 : 0.0"
"43,44 : 788.6"
"43,45 : 378.73"
"43,46 : 523.18"
"43,47 : 105.82"
"43,48 : 727.84"
"43,49 : 726.31"
"44,0 : 595.46"
"44,1 : 556.01"
"44,2 : 576.99"
"44,3 : 621.09"
"44,4 : 565.4"
"44,5 : 663.24"
"44,6 : 772.23"
"44,7 : 349.45"
"44,8 : 385.6"
"44,9 : 864.52"
"44,10 : 973.03"
"44,11 : 453.13"
"44,12 : 374.01"
"44,13 : 687.39"
"44,14 : 872.63"
"44,15 : 625.14"
"44,16 : 230.34"
"44,17 : 1066.68"
"44,18 : 490.11"
"44,19 : 806.45"
"44,20 : 728.18"
"44,21 : 854.91"
"44,22 : 898.44"
"44,23 : 180.0"
"44,24 : 657.27"
"44,25 : 1015.41"
"44,26 : 624.63"
"44,27 : 273.77"
"44,28 : 607.99"
"44,29 : 726.25"
"44,30 : 197.72"
"44,31 : 794.75"
"44,32 : 166.43"
"44,33 : 483.87"
"44,34 : 267.01"
"44,35 : 553.4"
"44,36 : 804.92"
"44,37 : 205.41"
"44,38 : 406.3"
"44,39 : 376.2"
"44,40 : 671.96"
"44,41 : 492.2"
"44,42 : 173.61"
"44,43 : 788.6"
"44,44 : 0.0"
"44,45 : 460.21"
"44,46 : 664.42"
"44,47 : 864.29"
"44,48 : 83.22"
"44,49 : 302.03"
"45,0 : 170.66"
"45,1 : 97.67"
"45,2 : 298.14"
"45,3 : 254.02"
"45,4 : 372.73"
"45,5 : 315.48"
"45,6 : 374.94"
"45,7 : 485.98"
"45,8 : 394.55"
"45,9 : 409.88"
"45,10 : 513.43"
"45,11 : 584.82"
"45,12 : 394.8"
"45,13 : 346.85"
"45,14 : 420.93"
"45,15 : 173.08"
"45,16 : 398.77"
"45,17 : 667.8"
"45,18 : 215.39"
"45,19 : 440.35"
"45,20 : 285.62"
"45,21 : 408.25"
"45,22 : 490.03"
"45,23 : 280.4"
"45,24 : 283.74"
"45,25 : 639.91"
"45,26 : 342.61"
"45,27 : 358.9"
"45,28 : 574.09"
"45,29 : 423.43"
"45,30 : 470.62"
"45,31 : 336.05"
"45,32 : 400.77"
"45,33 : 545.69"
"45,34 : 537.33"
"45,35 : 346.09"
"45,36 : 531.88"
"45,37 : 497.77"
"45,38 : 305.29"
"45,39 : 344.82"
"45,40 : 499.68"
"45,41 : 440.1"
"45,42 : 297.7"
"45,43 : 378.73"
"45,44 : 460.21"
"45,45 : 0.0"
"45,46 : 301.12"
"45,47 : 428.14"
"45,48 : 423.42"
"45,49 : 528.41"
"46,0 : 379.34"
"46,1 : 286.88"
"46,2 : 121.3"
"46,3 : 48.27"
"46,4 : 215.33"
"46,5 : 25.06"
"46,6 : 537.94"
"46,7 : 510.19"
"46,8 : 694.41"
"46,9 : 431.4"
"46,10 : 467.65"
"46,11 : 561.06"
"46,12 : 693.95"
"46,13 : 51.0"
"46,14 : 292.12"
"46,15 : 199.72"
"46,16 : 676.72"
"46,17 : 772.29"
"46,18 : 504.71"
"46,19 : 146.22"
"46,20 : 398.85"
"46,21 : 464.29"
"46,22 : 609.53"
"46,23 : 507.28"
"46,24 : 500.26"
"46,25 : 355.26"
"46,26 : 113.57"
"46,27 : 646.37"
"46,28 : 440.11"
"46,29 : 136.18"
"46,30 : 582.94"
"46,31 : 284.76"
"46,32 : 662.37"
"46,33 : 490.98"
"46,34 : 811.98"
"46,35 : 197.49"
"46,36 : 245.13"
"46,37 : 763.12"
"46,38 : 303.04"
"46,39 : 644.91"
"46,40 : 288.65"
"46,41 : 740.13"
"46,42 : 492.41"
"46,43 : 523.18"
"46,44 : 664.42"
"46,45 : 301.12"
"46,46 : 0.0"
"46,47 : 508.86"
"46,48 : 658.15"
"46,49 : 811.09"
"47,0 : 269.46"
"47,1 : 334.41"
"47,2 : 599.61"
"47,3 : 493.41"
"47,4 : 700.78"
"47,5 : 533.92"
"47,6 : 137.84"
"47,7 : 904.72"
"47,8 : 631.93"
"47,9 : 101.97"
"47,10 : 203.04"
"47,11 : 993.29"
"47,12 : 640.18"
"47,13 : 554.11"
"47,14 : 309.27"
"47,15 : 336.14"
"47,16 : 727.58"
"47,17 : 264.04"
"47,18 : 402.44"
"47,19 : 556.14"
"47,20 : 142.67"
"47,21 : 51.01"
"47,22 : 109.22"
"47,23 : 688.32"
"47,24 : 235.28"
"47,25 : 655.41"
"47,26 : 616.1"
"47,27 : 671.25"
"47,28 : 929.95"
"47,29 : 634.21"
"47,30 : 898.58"
"47,31 : 239.64"
"47,32 : 758.48"
"47,33 : 941.16"
"47,34 : 851.89"
"47,35 : 676.09"
"47,36 : 730.51"
"47,37 : 835.86"
"47,38 : 703.41"
"47,39 : 593.83"
"47,40 : 796.11"
"47,41 : 597.78"
"47,42 : 717.86"
"47,43 : 105.82"
"47,44 : 864.29"
"47,45 : 428.14"
"47,46 : 508.86"
"47,47 : 0.0"
"47,48 : 808.84"
"47,49 : 823.81"
"48,0 : 542.83"
"48,1 : 515.24"
"48,2 : 582.79"
"48,3 : 612.43"
"48,4 : 585.68"
"48,5 : 660.12"
"48,6 : 709.42"
"48,7 : 409.19"
"48,8 : 302.68"
"48,9 : 817.01"
"48,10 : 930.14"
"48,11 : 518.51"
