x,y
381,642
151,66
754,752
563,476
713,732
990,903
564,224
837,655
954,600
777,40
662,672
191,331
269,127
203,612
96,254
337,950
198,237
889,724
14,697
417,455
740,656
609,365
239,887
58,59
200,520
538,798
423,868
747,662
767,478
764,753
484,699
792,756
106,558
808,734
952,590
437,709
383,469
409,543
596,211
856,224
481,198
440,629
681,336
690,712
639,393
325,251
171,90
37,160
427,123
398,391

Distanze
"0,0 : 0.0"
"0,1 : 620.22"
"0,2 : 388.88"
"0,3 : 246.33"
"0,4 : 343.98"
"0,5 : 662.57"
"0,6 : 456.3"
"0,7 : 456.19"
"0,8 : 574.54"
"0,9 : 720.57"
"0,10 : 282.6"
"0,11 : 364.45"
"0,12 : 527.04"
"0,13 : 180.51"
"0,14 : 481.42"
"0,15 : 311.13"
"0,16 : 444.43"
"0,17 : 514.58"
"0,18 : 371.1"
"0,19 : 190.43"
"0,20 : 359.27"
"0,21 : 358.77"
"0,22 : 283.18"
"0,23 : 666.5"
"0,24 : 218.28"
"0,25 : 221.33"
"0,26 : 229.87"
"0,27 : 366.55"
"0,28 : 419.39"
"0,29 : 398.76"
"0,30 : 117.72"
"0,31 : 426.52"
"0,32 : 287.54"
"0,33 : 436.8"
"0,34 : 573.36"
"0,35 : 87.32"
"0,36 : 173.01"
"0,37 : 102.88"
"0,38 : 481.65"
"0,39 : 632.73"
"0,40 : 455.12"
"0,41 : 60.42"
"0,42 : 428.53"
"0,43 : 316.83"
"0,44 : 358.56"
"0,45 : 394.99"
"0,46 : 590.6"
"0,47 : 592.17"
"0,48 : 521.03"
"0,49 : 251.58"
"1,0 : 620.22"
"1,1 : 0.0"
"1,2 : 913.35"
"1,3 : 581.24"
"1,4 : 871.44"
"1,5 : 1185.11"
"1,6 : 442.19"
"1,7 : 904.17"
"1,8 : 964.35"
"1,9 : 626.54"
"1,10 : 792.69"
"1,11 : 268.0"
"1,12 : 132.83"
"1,13 : 548.47"
"1,14 : 195.88"
"1,15 : 903.36"
"1,16 : 177.34"
"1,17 : 988.74"
"1,18 : 645.7"
"1,19 : 471.25"
"1,20 : 833.68"
"1,21 : 546.96"
"1,22 : 825.7"
"1,23 : 93.26"
"1,24 : 456.64"
"1,25 : 828.01"
"1,26 : 846.87"
"1,27 : 842.87"
"1,28 : 741.08"
"1,29 : 920.73"
"1,30 : 715.25"
"1,31 : 941.8"
"1,32 : 494.05"
"1,33 : 936.95"
"1,34 : 957.17"
"1,35 : 703.74"
"1,36 : 465.01"
"1,37 : 542.3"
"1,38 : 468.03"
"1,39 : 722.49"
"1,40 : 355.42"
"1,41 : 632.84"
"1,42 : 594.81"
"1,43 : 841.33"
"1,44 : 587.43"
"1,45 : 253.97"
"1,46 : 31.24"
"1,47 : 147.76"
"1,48 : 281.82"
"1,49 : 408.21"
"2,0 : 388.88"
"2,1 : 913.35"
"2,2 : 0.0"
"2,3 : 335.64"
"2,4 : 45.62"
"2,5 : 280.17"
"2,6 : 561.15"
"2,7 : 127.66"
"2,8 : 251.21"
"2,9 : 712.37"
"2,10 : 121.92"
"2,11 : 703.0"
"2,12 : 791.11"
"2,13 : 568.51"
"2,14 : 825.21"
"2,15 : 461.62"
"2,16 : 757.87"
"2,17 : 137.87"
"2,18 : 742.04"
"2,19 : 449.2"
"2,20 : 97.02"
"2,21 : 413.27"
"2,22 : 532.4"
"2,23 : 982.17"
"2,24 : 600.62"
"2,25 : 220.84"
"2,26 : 350.74"
"2,27 : 90.27"
"2,28 : 274.31"
"2,29 : 10.05"
"2,30 : 275.15"
"2,31 : 38.21"
"2,32 : 676.42"
"2,33 : 56.92"
"2,34 : 255.83"
"2,35 : 319.9"
"2,36 : 466.62"
"2,37 : 403.37"
"2,38 : 563.6"
"2,39 : 537.76"
"2,40 : 617.61"
"2,41 : 337.23"
"2,42 : 422.36"
"2,43 : 75.47"
"2,44 : 376.97"
"2,45 : 659.58"
"2,46 : 882.12"
"2,47 : 929.81"
"2,48 : 708.92"
"2,49 : 507.01"
"3,0 : 246.33"
"3,1 : 581.24"
"3,2 : 335.64"
"3,3 : 0.0"
"3,4 : 296.71"
"3,5 : 603.87"
"3,6 : 252.0"
"3,7 : 327.29"
"3,8 : 410.19"
"3,9 : 485.69"
"3,10 : 219.58"
"3,11 : 399.26"
"3,12 : 456.33"
"3,13 : 384.83"
"3,14 : 517.08"
"3,15 : 525.12"
"3,16 : 436.29"
"3,17 : 409.61"
"3,18 : 591.81"
"3,19 : 147.5"
"3,20 : 252.45"
"3,21 : 120.15"
"3,22 : 523.35"
"3,23 : 654.92"
"3,24 : 365.66"
"3,25 : 322.97"
"3,26 : 416.25"
"3,27 : 261.63"
"3,28 : 204.01"
"3,29 : 342.24"
"3,30 : 236.58"
"3,31 : 361.72"
"3,32 : 464.3"
"3,33 : 355.79"
"3,34 : 405.36"
"3,35 : 264.89"
"3,36 : 180.14"
"3,37 : 167.94"
"3,38 : 267.05"
"3,39 : 386.46"
"3,40 : 289.84"
"3,41 : 196.31"
"3,42 : 183.1"
"3,43 : 268.0"
"3,44 : 112.54"
"3,45 : 327.52"
"3,46 : 550.15"
"3,47 : 613.62"
"3,48 : 378.29"
"3,49 : 185.61"
"4,0 : 343.98"
"4,1 : 871.44"
"4,2 : 45.62"
"4,3 : 296.71"
"4,4 : 0.0"
"4,5 : 325.53"
"4,6 : 529.4"
"4,7 : 145.96"
"4,8 : 274.78"
"4,9 : 694.95"
"4,10 : 78.75"
"4,11 : 658.24"
"4,12 : 750.44"
"4,13 : 523.93"
"4,14 : 780.5"
"4,15 : 434.63"
"4,16 : 714.32"
"4,17 : 176.18"
"4,18 : 699.88"
"4,19 : 405.39"
"4,20 : 80.65"
"4,21 : 381.45"
"4,22 : 498.7"
"4,23 : 939.12"
"4,24 : 555.08"
"4,25 : 187.03"
"4,26 : 320.31"
"4,27 : 77.82"
"4,28 : 259.68"
"4,29 : 55.15"
"4,30 : 231.37"
"4,31 : 82.57"
"4,32 : 631.45"
"4,33 : 95.02"
"4,34 : 278.0"
"4,35 : 276.96"
"4,36 : 421.98"
"4,37 : 357.96"
"4,38 : 533.98"
"4,39 : 527.74"
"4,40 : 582.22"
"4,41 : 291.78"
"4,42 : 397.29"
"4,43 : 30.48"
"4,44 : 346.98"
"4,45 : 617.98"
"4,46 : 840.2"
"4,47 : 885.53"
"4,48 : 672.81"
"4,49 : 464.23"
"5,0 : 662.57"
"5,1 : 1185.11"
"5,2 : 280.17"
"5,3 : 603.87"
"5,4 : 325.53"
"5,5 : 0.0"
"5,6 : 801.57"
"5,7 : 291.4"
"5,8 : 305.13"
"5,9 : 888.9"
"5,10 : 401.18"
"5,11 : 982.64"
"5,12 : 1059.25"
"5,13 : 839.08"
"5,14 : 1104.73"
"5,15 : 654.69"
"5,16 : 1034.8"
"5,17 : 205.53"
"5,18 : 997.5"
"5,19 : 727.35"
"5,20 : 351.44"
"5,21 : 659.25"
"5,22 : 751.17"
"5,23 : 1257.36"
"5,24 : 877.95"
"5,25 : 464.04"
"5,26 : 568.08"
"5,27 : 342.24"
"5,28 : 479.95"
"5,29 : 271.25"
"5,30 : 545.57"
"5,31 : 246.6"
"5,32 : 948.94"
"5,33 : 248.36"
"5,34 : 315.3"
"5,35 : 586.04"
"5,36 : 746.19"
"5,37 : 683.49"
"5,38 : 796.3"
"5,39 : 692.1"
"5,40 : 869.54"
"5,41 : 614.47"
"5,42 : 645.73"
"5,43 : 355.64"
"5,44 : 619.11"
"5,45 : 931.3"
"5,46 : 1154.01"
"5,47 : 1208.41"
"5,48 : 961.96"
"5,49 : 782.69"
"6,0 : 456.3"
"6,1 : 442.19"
"6,2 : 561.15"
"6,3 : 252.0"
"6,4 : 529.4"
"6,5 : 801.57"
"6,6 : 0.0"
"6,7 : 510.19"
"6,8 : 541.73"
"6,9 : 281.47"
"6,10 : 458.59"
"6,11 : 388.04"
"6,12 : 310.54"
"6,13 : 529.97"
"6,14 : 468.96"
"6,15 : 760.66"
"6,16 : 366.23"
"6,17 : 596.34"
"6,18 : 725.42"
"6,19 : 273.81"
"6,20 : 466.48"
"6,21 : 148.01"
"6,22 : 738.37"
"6,23 : 532.22"
"6,24 : 469.16"
"6,25 : 574.59"
"6,26 : 659.25"
"6,27 : 474.69"
"6,28 : 325.15"
"6,29 : 565.54"
"6,30 : 481.69"
"6,31 : 578.8"
"6,32 : 566.85"
"6,33 : 565.36"
"6,34 : 533.39"
"6,35 : 501.35"
"6,36 : 304.61"
"6,37 : 354.66"
"6,38 : 34.54"
"6,39 : 292.0"
"6,40 : 86.98"
"6,41 : 423.56"
"6,42 : 161.97"
"6,43 : 504.0"
"6,44 : 184.89"
"6,45 : 240.52"
"6,46 : 415.22"
"6,47 : 530.87"
"6,48 : 170.21"
"6,49 : 235.47"
"7,0 : 456.19"
"7,1 : 904.17"
"7,2 : 127.66"
"7,3 : 327.29"
"7,4 : 145.96"
"7,5 : 291.4"
"7,6 : 510.19"
"7,7 : 0.0"
"7,8 : 129.28"
"7,9 : 617.92"
"7,10 : 175.82"
"7,11 : 722.7"
"7,12 : 775.5"
"7,13 : 635.46"
"7,14 : 842.54"
"7,15 : 580.54"
"7,16 : 763.57"
"7,17 : 86.4"
"7,18 : 824.07"
"7,19 : 465.19"
"7,20 : 97.01"
"7,21 : 368.9"
"7,22 : 641.43"
"7,23 : 980.85"
"7,24 : 651.15"
"7,25 : 331.44"
"7,26 : 465.58"
"7,27 : 90.27"
"7,28 : 190.34"
"7,29 : 122.2"
"7,30 : 355.73"
"7,31 : 110.57"
"7,32 : 737.41"
"7,33 : 84.15"
"7,34 : 132.1"
"7,35 : 403.63"
"7,36 : 490.62"
"7,37 : 442.41"
"7,38 : 505.19"
"7,39 : 431.42"
"7,40 : 579.3"
"7,41 : 397.85"
"7,42 : 355.1"
"7,43 : 157.66"
"7,44 : 328.4"
"7,45 : 652.2"
"7,46 : 873.37"
"7,47 : 940.76"
"7,48 : 671.66"
"7,49 : 512.27"
"8,0 : 574.54"
"8,1 : 964.35"
"8,2 : 251.21"
"8,3 : 410.19"
"8,4 : 274.78"
"8,5 : 305.13"
"8,6 : 541.73"
"8,7 : 129.28"
"8,8 : 0.0"
"8,9 : 587.31"
"8,10 : 300.75"
"8,11 : 809.03"
"8,12 : 832.44"
"8,13 : 751.1"
"8,14 : 925.14"
"8,15 : 709.36"
"8,16 : 838.63"
"8,17 : 140.0"
"8,18 : 944.99"
"8,19 : 556.23"
"8,20 : 221.21"
"8,21 : 417.43"
"8,22 : 770.45"
"8,23 : 1046.66"
"8,24 : 758.23"
"8,25 : 460.72"
"8,26 : 594.8"
"8,27 : 216.09"
"8,28 : 223.28"
"8,29 : 243.94"
"8,30 : 480.31"
"8,31 : 224.9"
"8,32 : 849.04"
"8,33 : 198.17"
"8,34 : 10.2"
"8,35 : 528.37"
"8,36 : 585.83"
"8,37 : 547.97"
"8,38 : 528.66"
"8,39 : 388.56"
"8,40 : 620.75"
"8,41 : 514.82"
"8,42 : 379.77"
"8,43 : 286.78"
"8,44 : 376.93"
"8,45 : 719.33"
"8,46 : 934.45"
"8,47 : 1017.1"
"8,48 : 710.82"
"8,49 : 593.98"
"9,0 : 720.57"
"9,1 : 626.54"
"9,2 : 712.37"
"9,3 : 485.69"
"9,4 : 694.95"
"9,5 : 888.9"
"9,6 : 281.47"
"9,7 : 617.92"
"9,8 : 587.31"
"9,9 : 0.0"
"9,10 : 642.38"
"9,11 : 654.28"
"9,12 : 515.4"
"9,13 : 810.35"
"9,14 : 713.83"
"9,15 : 1010.79"
"9,16 : 611.6"
"9,17 : 693.11"
"9,18 : 1006.89"
"9,19 : 549.39"
"9,20 : 617.11"
"9,21 : 365.85"
"9,22 : 1003.42"
"9,23 : 719.25"
"9,24 : 750.55"
"9,25 : 794.79"
"9,26 : 900.5"
"9,27 : 622.72"
"9,28 : 438.11"
"9,29 : 713.12"
"9,30 : 721.2"
"9,31 : 716.16"
"9,32 : 847.68"
"9,33 : 694.69"
"9,34 : 577.17"
"9,35 : 750.44"
"9,36 : 582.47"
"9,37 : 623.24"
"9,38 : 249.0"
"9,39 : 200.24"
"9,40 : 335.53"
"9,41 : 678.59"
"9,42 : 311.18"
"9,43 : 677.61"
"9,44 : 379.02"
"9,45 : 498.82"
"9,46 : 608.06"
"9,47 : 749.67"
"9,48 : 359.71"
"9,49 : 516.57"
"10,0 : 282.6"
"10,1 : 792.69"
"10,2 : 121.92"
"10,3 : 219.58"
"10,4 : 78.75"
"10,5 : 401.18"
"10,6 : 458.59"
"10,7 : 175.82"
"10,8 : 300.75"
"10,9 : 642.38"
"10,10 : 0.0"
"10,11 : 581.48"
"10,12 : 671.92"
"10,13 : 462.9"
"10,14 : 703.62"
"10,15 : 427.68"
"10,16 : 636.02"
"10,17 : 232.88"
"10,18 : 648.48"
"10,19 : 327.28"
"10,20 : 79.62"
"10,21 : 311.54"
"10,22 : 474.5"
"10,23 : 860.57"
"10,24 : 486.36"
"10,25 : 176.78"
"10,26 : 309.09"
"10,27 : 85.59"
"10,28 : 220.59"
"10,29 : 130.25"
"10,30 : 180.04"
"10,31 : 154.78"
"10,32 : 567.57"
"10,33 : 158.62"
"10,34 : 301.37"
"10,35 : 228.02"
"10,36 : 345.04"
"10,37 : 283.99"
"10,38 : 465.7"
"10,39 : 488.2"
"10,40 : 507.38"
"10,41 : 226.13"
"10,42 : 336.54"
"10,43 : 48.83"
"10,44 : 279.95"
"10,45 : 539.27"
"10,46 : 761.45"
"10,47 : 807.94"
"10,48 : 597.18"
"10,49 : 385.56"
"11,0 : 364.45"
"11,1 : 268.0"
"11,2 : 703.0"
"11,3 : 399.26"
"11,4 : 658.24"
"11,5 : 982.64"
"11,6 : 388.04"
"11,7 : 722.7"
"11,8 : 809.03"
"11,9 : 654.28"
"11,10 : 581.48"
"11,11 : 0.0"
"11,12 : 218.4"
"11,13 : 281.26"
"11,14 : 122.29"
"11,15 : 635.99"
"11,16 : 94.26"
"11,17 : 801.03"
"11,18 : 406.55"
"11,19 : 257.78"
"11,20 : 637.99"
"11,21 : 419.38"
"11,22 : 558.07"
"11,23 : 302.78"
"11,24 : 189.21"
"11,25 : 581.81"
"11,26 : 584.97"
"11,27 : 647.07"
"11,28 : 594.46"
"11,29 : 711.63"
"11,30 : 470.4"
"11,31 : 736.09"
"11,32 : 242.39"
"11,33 : 736.95"
"11,34 : 803.87"
"11,35 : 451.0"
"11,36 : 236.45"
"11,37 : 304.09"
"11,38 : 422.4"
"11,39 : 673.55"
"11,40 : 319.04"
"11,41 : 388.34"
"11,42 : 490.03"
"11,43 : 627.82"
"11,44 : 452.27"
"11,45 : 156.06"
"11,46 : 241.83"
"11,47 : 230.12"
"11,48 : 314.58"
"11,49 : 215.52"
"12,0 : 527.04"
"12,1 : 132.83"
"12,2 : 791.11"
"12,3 : 456.33"
"12,4 : 750.44"
"12,5 : 1059.25"
"12,6 : 310.54"
"12,7 : 775.5"
"12,8 : 832.44"
"12,9 : 515.4"
"12,10 : 671.92"
"12,11 : 218.4"
"12,12 : 0.0"
"12,13 : 489.47"
"12,14 : 214.61"
"12,15 : 825.8"
"12,16 : 130.92"
"12,17 : 860.7"
"12,18 : 624.44"
"12,19 : 359.84"
"12,20 : 708.3"
"12,21 : 415.02"
"12,22 : 760.59"
"12,23 : 221.69"
"12,24 : 399.01"
"12,25 : 722.91"
"12,26 : 756.83"
"12,27 : 717.43"
"12,28 : 609.27"
"12,29 : 798.06"
"12,30 : 611.07"
"12,31 : 818.03"
"12,32 : 460.79"
"12,33 : 811.77"
"12,34 : 825.14"
"12,35 : 605.76"
"12,36 : 360.5"
"12,37 : 438.93"
"12,38 : 337.62"
"12,39 : 594.96"
"12,40 : 223.57"
"12,41 : 530.33"
"12,42 : 461.98"
"12,43 : 720.74"
"12,44 : 455.69"
"12,45 : 136.06"
"12,46 : 104.75"
"12,47 : 234.34"
"12,48 : 158.05"
"12,49 : 293.83"
"13,0 : 180.51"
"13,1 : 548.47"
"13,2 : 568.51"
"13,3 : 384.83"
"13,4 : 523.93"
"13,5 : 839.08"
"13,6 : 529.97"
"13,7 : 635.46"
"13,8 : 751.1"
"13,9 : 810.35"
"13,10 : 462.9"
"13,11 : 281.26"
"13,12 : 489.47"
"13,13 : 0.0"
"13,14 : 373.65"
"13,15 : 363.59"
"13,16 : 375.03"
"13,17 : 695.08"
"13,18 : 207.23"
"13,19 : 265.41"
"13,20 : 538.8"
"13,21 : 475.23"
"13,22 : 277.35"
"13,23 : 571.69"
"13,24 : 92.05"
"13,25 : 383.17"
"13,26 : 337.54"
"13,27 : 546.29"
"13,28 : 579.7"
"13,29 : 578.45"
"13,30 : 294.16"
"13,31 : 606.35"
"13,32 : 111.02"
"13,33 : 617.18"
"13,34 : 749.32"
"13,35 : 253.31"
"13,36 : 229.89"
"13,37 : 217.25"
"13,38 : 561.47"
"13,39 : 759.57"
"13,40 : 498.68"
"13,41 : 237.61"
"13,42 : 551.96"
"13,43 : 497.16"
"13,44 : 487.91"
"13,45 : 381.06"
"13,46 : 522.98"
"13,47 : 481.52"
"13,48 : 537.86"
"13,49 : 294.73"
"14,0 : 481.42"
"14,1 : 195.88"
"14,2 : 825.21"
"14,3 : 517.08"
"14,4 : 780.5"
"14,5 : 1104.73"
"14,6 : 468.96"
"14,7 : 842.54"
"14,8 : 925.14"
"14,9 : 713.83"
"14,10 : 703.62"
"14,11 : 122.29"
"14,12 : 214.61"
"14,13 : 373.65"
"14,14 : 0.0"
"14,15 : 736.54"
"14,16 : 103.41"
"14,17 : 921.82"
"14,18 : 450.53"
"14,19 : 378.74"
"14,20 : 759.17"
"14,21 : 524.87"
"14,22 : 648.95"
"14,23 : 198.67"
"14,24 : 285.61"
"14,25 : 700.93"
"14,26 : 695.65"
"14,27 : 768.29"
"14,28 : 707.4"
"14,29 : 833.8"
"14,30 : 590.4"
"14,31 : 858.15"
"14,32 : 304.16"
"14,33 : 858.69"
"14,34 : 919.58"
"14,35 : 568.6"
"14,36 : 358.6"
"14,37 : 426.02"
"14,38 : 501.85"
"14,39 : 760.59"
"14,40 : 389.05"
"14,41 : 508.88"
"14,42 : 590.72"
"14,43 : 750.07"
"14,44 : 560.51"
"14,45 : 229.02"
"14,46 : 180.34"
"14,47 : 110.98"
"14,48 : 355.98"
"14,49 : 331.62"
"15,0 : 311.13"
"15,1 : 903.36"
"15,2 : 461.62"
"15,3 : 525.12"
"15,4 : 434.63"
"15,5 : 654.69"
"15,6 : 760.66"
"15,7 : 580.54"
"15,8 : 709.36"
"15,9 : 1010.79"
"15,10 : 427.68"
"15,11 : 635.99"
"15,12 : 825.8"
"15,13 : 363.59"
"15,14 : 736.54"
"15,15 : 0.0"
"15,16 : 726.42"
"15,17 : 596.47"
"15,18 : 410.29"
"15,19 : 501.42"
"15,20 : 498.84"
"15,21 : 645.14"
"15,22 : 116.5"
"15,23 : 933.66"
"15,24 : 451.3"
"15,25 : 252.0"
"15,26 : 118.83"
"15,27 : 501.04"
"15,28 : 638.5"
"15,29 : 470.25"
"15,30 : 290.88"
"15,31 : 494.63"
"15,32 : 455.0"
"15,33 : 518.17"
"15,34 : 712.62"
"15,35 : 260.92"
"15,36 : 483.19"
"15,37 : 413.32"
"15,38 : 783.07"
"15,39 : 892.43"
"15,40 : 765.66"
"15,41 : 337.12"
"15,42 : 703.8"
"15,43 : 425.74"
"15,44 : 633.6"
"15,45 : 699.1"
"15,46 : 875.87"
"15,47 : 845.04"
"15,48 : 831.88"
"15,49 : 562.32"
"16,0 : 444.43"
"16,1 : 177.34"
"16,2 : 757.87"
"16,3 : 436.29"
"16,4 : 714.32"
"16,5 : 1034.8"
"16,6 : 366.23"
"16,7 : 763.57"
"16,8 : 838.63"
"16,9 : 611.6"
"16,10 : 636.02"
"16,11 : 94.26"
"16,12 : 130.92"
"16,13 : 375.03"
"16,14 : 103.41"
"16,15 : 726.42"
"16,16 : 0.0"
"16,17 : 845.37"
"16,18 : 495.44"
"16,19 : 309.01"
"16,20 : 685.07"
"16,21 : 430.47"
"16,22 : 651.29"
"16,23 : 226.46"
"16,24 : 283.01"
"16,25 : 655.99"
"16,26 : 669.91"
"16,27 : 694.28"
"16,28 : 617.93"
"16,29 : 765.91"
"16,30 : 543.36"
"16,31 : 788.79"
"16,32 : 333.92"
"16,33 : 786.83"
"16,34 : 832.54"
"16,35 : 529.06"
"16,36 : 296.73"
"16,37 : 371.69"
"16,38 : 398.85"
"16,39 : 658.13"
"16,40 : 285.67"
"16,41 : 460.68"
"16,42 : 493.04"
"16,43 : 683.88"
"16,44 : 467.78"
"16,45 : 127.77"
"16,46 : 149.46"
"16,47 : 178.47"
"16,48 : 255.81"
"16,49 : 252.42"
"17,0 : 514.58"
"17,1 : 988.74"
"17,2 : 137.87"
"17,3 : 409.61"
"17,4 : 176.18"
"17,5 : 205.53"
"17,6 : 596.34"
"17,7 : 86.4"
"17,8 : 140.0"
"17,9 : 693.11"
"17,10 : 232.88"
"17,11 : 801.03"
"17,12 : 860.7"
"17,13 : 695.08"
"17,14 : 921.82"
"17,15 : 596.47"
"17,16 : 845.37"
"17,17 : 0.0"
"17,18 : 875.42"
"17,19 : 543.27"
"17,20 : 163.78"
"17,21 : 455.28"
"17,22 : 670.13"
"17,23 : 1064.32"
"17,24 : 718.57"
"17,25 : 358.72"
"17,26 : 487.74"
"17,27 : 154.95"
"17,28 : 274.59"
"17,29 : 128.32"
"17,30 : 405.77"
"17,31 : 102.14"
"17,32 : 800.4"
"17,33 : 81.61"
"17,34 : 148.07"
"17,35 : 452.25"
"17,36 : 566.62"
"17,37 : 512.99"
"17,38 : 590.78"
"17,39 : 501.09"
"17,40 : 665.69"
"17,41 : 458.94"
"17,42 : 440.24"
"17,43 : 199.36"
"17,44 : 414.8"
"17,45 : 736.09"
"17,46 : 957.85"
"17,47 : 1021.76"
"17,48 : 758.05"
"17,49 : 593.27"
"18,0 : 371.1"
"18,1 : 645.7"
"18,2 : 742.04"
"18,3 : 591.81"
"18,4 : 699.88"
"18,5 : 997.5"
"18,6 : 725.42"
"18,7 : 824.07"
"18,8 : 944.99"
"18,9 : 1006.89"
"18,10 : 648.48"
"18,11 : 406.55"
"18,12 : 624.44"
"18,13 : 207.23"
"18,14 : 450.53"
"18,15 : 410.29"
"18,16 : 495.44"
"18,17 : 875.42"
"18,18 : 0.0"
"18,19 : 470.08"
"18,20 : 727.16"
"18,21 : 681.36"
"18,22 : 294.49"
"18,23 : 639.52"
"18,24 : 256.76"
"18,25 : 533.65"
"18,26 : 443.31"
"18,27 : 733.84"
"18,28 : 784.2"
"18,29 : 752.09"
"18,30 : 470.0"
"18,31 : 780.23"
"18,32 : 166.69"
"18,33 : 794.86"
"18,34 : 944.08"
"18,35 : 423.17"
"18,36 : 433.76"
"18,37 : 423.96"
"18,38 : 758.23"
"18,39 : 965.76"
"18,40 : 683.44"
"18,41 : 431.39"
"18,42 : 758.43"
"18,43 : 676.17"
"18,44 : 695.01"
"18,45 : 543.73"
"18,46 : 626.98"
"18,47 : 537.49"
"18,48 : 707.14"
"18,49 : 491.01"
"19,0 : 190.43"
"19,1 : 471.25"
"19,2 : 449.2"
"19,3 : 147.5"
"19,4 : 405.39"
"19,5 : 727.35"
"19,6 : 273.81"
"19,7 : 465.19"
"19,8 : 556.23"
"19,9 : 549.39"
"19,10 : 327.28"
"19,11 : 257.78"
"19,12 : 359.84"
"19,13 : 265.41"
"19,14 : 378.74"
"19,15 : 501.42"
"19,16 : 309.01"
"19,17 : 543.27"
"19,18 : 470.08"
"19,19 : 0.0"
"19,20 : 380.43"
"19,21 : 212.05"
"19,22 : 467.23"
"19,23 : 534.51"
"19,24 : 226.53"
"19,25 : 363.72"
"19,26 : 413.04"
"19,27 : 389.55"
"19,28 : 350.75"
"19,29 : 457.4"
"19,30 : 253.03"
"19,31 : 480.86"
"19,32 : 327.61"
"19,33 : 480.34"
"19,34 : 551.77"
"19,35 : 254.79"
"19,36 : 36.77"
"19,37 : 88.36"
"19,38 : 302.62"
"19,39 : 496.07"
"19,40 : 264.85"
"19,41 : 175.51"
"19,42 : 289.58"
"19,43 : 374.94"
"19,44 : 230.5"
"19,45 : 223.79"
"19,46 : 440.16"
"19,47 : 481.07"
"19,48 : 332.15"
"19,49 : 66.76"
"20,0 : 359.27"
"20,1 : 833.68"
"20,2 : 97.02"
"20,3 : 252.45"
"20,4 : 80.65"
"20,5 : 351.44"
"20,6 : 466.48"
"20,7 : 97.01"
"20,8 : 221.21"
"20,9 : 617.11"
"20,10 : 79.62"
"20,11 : 637.99"
"20,12 : 708.3"
"20,13 : 538.8"
"20,14 : 759.17"
"20,15 : 498.84"
"20,16 : 685.07"
"20,17 : 163.78"
"20,18 : 727.16"
"20,19 : 380.43"
"20,20 : 0.0"
"20,21 : 319.13"
"20,22 : 551.69"
"20,23 : 906.38"
"20,24 : 556.86"
"20,25 : 246.92"
"20,26 : 381.36"
"20,27 : 9.22"
"20,28 : 180.04"
"20,29 : 99.92"
"20,30 : 259.59"
"20,31 : 112.71"
"20,32 : 641.53"
"20,33 : 103.48"
"20,34 : 222.04"
"20,35 : 307.6"
"20,36 : 403.01"
"20,37 : 349.76"
"20,38 : 467.72"
"20,39 : 447.3"
"20,40 : 526.16"
"20,41 : 301.21"
"20,42 : 325.39"
"20,43 : 75.07"
"20,44 : 281.73"
"20,45 : 579.87"
"20,46 : 802.57"
"20,47 : 860.36"
"20,48 : 618.11"
"20,49 : 432.65"
"21,0 : 358.77"
"21,1 : 546.96"
"21,2 : 413.27"
"21,3 : 120.15"
"21,4 : 381.45"
"21,5 : 659.25"
"21,6 : 148.01"
"21,7 : 368.9"
"21,8 : 417.43"
"21,9 : 365.85"
"21,10 : 311.54"
"21,11 : 419.38"
"21,12 : 415.02"
"21,13 : 475.23"
"21,14 : 524.87"
"21,15 : 645.14"
"21,16 : 430.47"
"21,17 : 455.28"
"21,18 : 681.36"
"21,19 : 212.05"
"21,20 : 319.13"
"21,21 : 0.0"
"21,22 : 639.83"
"21,23 : 630.27"
"21,24 : 437.39"
"21,25 : 438.78"
"21,26 : 536.29"
"21,27 : 327.5"
"21,28 : 194.25"
"21,29 : 417.81"
"21,30 : 356.62"
"21,31 : 431.71"
"21,32 : 538.76"
"21,33 : 419.24"
"21,34 : 410.21"
"21,35 : 384.6"
"21,36 : 248.78"
"21,37 : 267.74"
"21,38 : 154.55"
"21,39 : 284.41"
"21,40 : 210.41"
"21,41 : 313.46"
"21,42 : 77.62"
"21,43 : 356.33"
"21,44 : 41.04"
"21,45 : 306.03"
"21,46 : 517.17"
"21,47 : 607.63"
"21,48 : 302.8"
"21,49 : 212.6"
"22,0 : 283.18"
"22,1 : 825.7"
"22,2 : 532.4"
"22,3 : 523.35"
"22,4 : 498.7"
"22,5 : 751.17"
"22,6 : 738.37"
"22,7 : 641.43"
"22,8 : 770.45"
"22,9 : 1003.42"
"22,10 : 474.5"
"22,11 : 558.07"
"22,12 : 760.59"
"22,13 : 277.35"
"22,14 : 648.95"
"22,15 : 116.5"
"22,16 : 651.29"
"22,17 : 670.13"
"22,18 : 294.49"
"22,19 : 467.23"
"22,20 : 551.69"
"22,21 : 639.83"
"22,22 : 0.0"
"22,23 : 847.55"
"22,24 : 369.07"
"22,25 : 311.96"
"22,26 : 184.98"
"22,27 : 555.6"
"22,28 : 667.88"
"22,29 : 541.83"
"22,30 : 308.82"
"22,31 : 568.3"
"22,32 : 354.87"
"22,33 : 589.21"
"22,34 : 772.38"
"22,35 : 266.25"
"22,36 : 442.11"
"22,37 : 383.71"
"22,38 : 764.48"
"22,39 : 905.68"
"22,40 : 730.26"
"22,41 : 327.06"
"22,42 : 706.37"
"22,43 : 483.76"
"22,44 : 635.64"
"22,45 : 641.79"
"22,46 : 799.9"
"22,47 : 754.54"
"22,48 : 786.79"
"22,49 : 520.86"
"23,0 : 666.5"
"23,1 : 93.26"
"23,2 : 982.17"
"23,3 : 654.92"
"23,4 : 939.12"
"23,5 : 1257.36"
"23,6 : 532.22"
"23,7 : 980.85"
"23,8 : 1046.66"
"23,9 : 719.25"
"23,10 : 860.57"
"23,11 : 302.78"
"23,12 : 221.69"
"23,13 : 571.69"
"23,14 : 198.67"
"23,15 : 933.66"
"23,16 : 226.46"
"23,17 : 1064.32"
"23,18 : 639.52"
"23,19 : 534.51"
"23,20 : 906.38"
"23,21 : 630.27"
"23,22 : 847.55"
"23,23 : 0.0"
"23,24 : 482.37"
"23,25 : 881.2"
"23,26 : 887.53"
"23,27 : 915.6"
"23,28 : 823.55"
"23,29 : 989.99"
"23,30 : 768.81"
"23,31 : 1012.21"
"23,32 : 501.3"
"23,33 : 1009.02"
"23,34 : 1039.81"
"23,35 : 752.42"
"23,36 : 523.19"
"23,37 : 597.88"
"23,38 : 559.06"
"23,39 : 814.88"
"23,40 : 445.25"
"23,41 : 686.17"
"23,42 : 681.8"
"23,43 : 908.75"
"23,44 : 670.16"
"23,45 : 328.87"
"23,46 : 117.18"
"23,47 : 103.16"
"23,48 : 374.51"
"23,49 : 475.21"
"24,0 : 218.28"
"24,1 : 456.64"
"24,2 : 600.62"
"24,3 : 365.66"
"24,4 : 555.08"
"24,5 : 877.95"
"24,6 : 469.16"
"24,7 : 651.15"
"24,8 : 758.23"
"24,9 : 750.55"
"24,10 : 486.36"
"24,11 : 189.21"
"24,12 : 399.01"
"24,13 : 92.05"
"24,14 : 285.61"
"24,15 : 451.3"
"24,16 : 283.01"
"24,17 : 718.57"
"24,18 : 256.76"
"24,19 : 226.53"
"24,20 : 556.86"
"24,21 : 437.39"
"24,22 : 369.07"
"24,23 : 482.37"
"24,24 : 0.0"
"24,25 : 437.64"
"24,26 : 413.32"
"24,27 : 565.13"
"24,28 : 568.55"
"24,29 : 610.23"
"24,30 : 335.7"
"24,31 : 637.31"
"24,32 : 101.39"
"24,33 : 644.56"
"24,34 : 755.25"
"24,35 : 303.13"
"24,36 : 189.97"
"24,37 : 210.26"
"24,38 : 502.29"
"24,39 : 719.69"
"24,40 : 427.37"
"24,41 : 263.59"
"24,42 : 514.99"
"24,43 : 526.27"
"24,44 : 457.0"
"24,45 : 296.62"
"24,46 : 430.98"
"24,47 : 395.18"
"24,48 : 457.32"
"24,49 : 236.32"
"25,0 : 221.33"
"25,1 : 828.01"
"25,2 : 220.84"
"25,3 : 322.97"
"25,4 : 187.03"
"25,5 : 464.04"
"25,6 : 574.59"
"25,7 : 331.44"
"25,8 : 460.72"
"25,9 : 794.79"
"25,10 : 176.78"
"25,11 : 581.81"
"25,12 : 722.91"
"25,13 : 383.17"
"25,14 : 700.93"
"25,15 : 252.0"
"25,16 : 655.99"
"25,17 : 358.72"
"25,18 : 533.65"
"25,19 : 363.72"
"25,20 : 246.92"
"25,21 : 438.78"
"25,22 : 311.96"
"25,23 : 881.2"
"25,24 : 437.64"
"25,25 : 0.0"
"25,26 : 134.63"
"25,27 : 249.35"
"25,28 : 393.5"
"25,29 : 230.44"
"25,30 : 112.77"
"25,31 : 257.45"
"25,32 : 494.19"
"25,33 : 277.48"
"25,34 : 463.31"
"25,35 : 134.62"
"25,36 : 363.68"
"25,37 : 285.77"
"25,38 : 589.86"
"25,39 : 656.2"
"25,40 : 602.7"
"25,41 : 195.36"
"25,42 : 483.62"
"25,43 : 174.64"
"25,44 : 417.4"
"25,45 : 587.01"
"25,46 : 797.47"
"25,47 : 811.2"
"25,48 : 684.07"
"25,49 : 430.41"
"26,0 : 229.87"
"26,1 : 846.87"
"26,2 : 350.74"
"26,3 : 416.25"
"26,4 : 320.31"
"26,5 : 568.08"
"26,6 : 659.25"
"26,7 : 465.58"
"26,8 : 594.8"
"26,9 : 900.5"
"26,10 : 309.09"
"26,11 : 584.97"
"26,12 : 756.83"
"26,13 : 337.54"
"26,14 : 695.65"
"26,15 : 118.83"
"26,16 : 669.91"
"26,17 : 487.74"
"26,18 : 443.31"
"26,19 : 413.04"
"26,20 : 381.36"
"26,21 : 536.29"
"26,22 : 184.98"
"26,23 : 887.53"
"26,24 : 413.32"
"26,25 : 134.63"
"26,26 : 0.0"
"26,27 : 383.94"
"26,28 : 520.03"
"26,29 : 359.87"
"26,30 : 179.67"
"26,31 : 385.62"
"26,32 : 443.38"
"26,33 : 407.65"
"26,34 : 597.6"
"26,35 : 159.62"
"26,36 : 401.0"
"26,37 : 325.3"
"26,38 : 679.4"
"26,39 : 776.03"
"26,40 : 672.51"
"26,41 : 239.6"
"26,42 : 591.26"
"26,43 : 309.23"
"26,44 : 521.81"
"26,45 : 624.73"
"26,46 : 817.79"
"26,47 : 806.39"
"26,48 : 745.01"
"26,49 : 477.65"
"27,0 : 366.55"
"27,1 : 842.87"
"27,2 : 90.27"
"27,3 : 261.63"
"27,4 : 77.82"
"27,5 : 342.24"
"27,6 : 474.69"
"27,7 : 90.27"
"27,8 : 216.09"
"27,9 : 622.72"
"27,10 : 85.59"
"27,11 : 647.07"
"27,12 : 717.43"
"27,13 : 546.29"
"27,14 : 768.29"
"27,15 : 501.04"
"27,16 : 694.28"
"27,17 : 154.95"
"27,18 : 733.84"
"27,19 : 389.55"
"27,20 : 9.22"
"27,21 : 327.5"
"27,22 : 555.6"
"27,23 : 915.6"
"27,24 : 565.13"
"27,25 : 249.35"
"27,26 : 383.94"
"27,27 : 0.0"
"27,28 : 185.08"
"27,29 : 92.57"
"27,30 : 265.59"
"27,31 : 104.22"
"27,32 : 649.38"
"27,33 : 94.37"
"27,34 : 217.28"
"27,35 : 313.54"
"27,36 : 412.0"
"27,37 : 358.34"
"27,38 : 475.61"
"27,39 : 451.36"
"27,40 : 534.84"
"27,41 : 308.77"
"27,42 : 332.61"
"27,43 : 75.82"
"27,44 : 289.87"
"27,45 : 589.07"
"27,46 : 811.76"
"27,47 : 869.54"
"27,48 : 626.83"
"27,49 : 441.86"
"28,0 : 419.39"
"28,1 : 741.08"
"28,2 : 274.31"
"28,3 : 204.01"
"28,4 : 259.68"
"28,5 : 479.95"
"28,6 : 325.15"
"28,7 : 190.34"
"28,8 : 223.28"
"28,9 : 438.11"
"28,10 : 220.59"
"28,11 : 594.46"
"28,12 : 609.27"
"28,13 : 579.7"
"28,14 : 707.4"
"28,15 : 638.5"
"28,16 : 617.93"
"28,17 : 274.59"
"28,18 : 784.2"
"28,19 : 350.75"
"28,20 : 180.04"
"28,21 : 194.25"
"28,22 : 667.88"
"28,23 : 823.55"
"28,24 : 568.55"
"28,25 : 393.5"
"28,26 : 520.03"
"28,27 : 185.08"
"28,28 : 0.0"
"28,29 : 275.02"
"28,30 : 359.07"
"28,31 : 279.12"
"28,32 : 665.82"
"28,33 : 259.26"
"28,34 : 216.26"
"28,35 : 402.82"
"28,36 : 384.11"
"28,37 : 363.85"
"28,38 : 317.06"
"28,39 : 269.14"
"28,40 : 400.24"
"28,41 : 360.18"
"28,42 : 166.01"
"28,43 : 246.34"
"28,44 : 153.65"
"28,45 : 496.88"
"28,46 : 711.17"
"28,47 : 796.26"
"28,48 : 491.55"
"28,49 : 379.12"
"29,0 : 398.76"
"29,1 : 920.73"
"29,2 : 10.05"
"29,3 : 342.24"
"29,4 : 55.15"
"29,5 : 271.25"
"29,6 : 565.54"
"29,7 : 122.2"
"29,8 : 243.94"
"29,9 : 713.12"
"29,10 : 130.25"
"29,11 : 711.63"
"29,12 : 798.06"
"29,13 : 578.45"
"29,14 : 833.8"
"29,15 : 470.25"
"29,16 : 765.91"
"29,17 : 128.32"
"29,18 : 752.09"
"29,19 : 457.4"
"29,20 : 99.92"
"29,21 : 417.81"
"29,22 : 541.83"
"29,23 : 989.99"
"29,24 : 610.23"
"29,25 : 230.44"
"29,26 : 359.87"
"29,27 : 92.57"
"29,28 : 275.02"
"29,29 : 0.0"
"29,30 : 285.16"
"29,31 : 28.16"
"29,32 : 686.29"
"29,33 : 47.93"
"29,34 : 248.82"
"29,35 : 329.95"
"29,36 : 475.2"
"29,37 : 412.46"
"29,38 : 567.44"
"29,39 : 536.94"
"29,40 : 622.99"
"29,41 : 346.92"
"29,42 : 425.18"
"29,43 : 84.6"
"29,44 : 381.08"
"29,45 : 666.88"
"29,46 : 889.5"
"29,47 : 938.18"
"29,48 : 714.47"
"29,49 : 514.78"
"30,0 : 117.72"
"30,1 : 715.25"
"30,2 : 275.15"
"30,3 : 236.58"
"30,4 : 231.37"
"30,5 : 545.57"
"30,6 : 481.69"
"30,7 : 355.73"
"30,8 : 480.31"
"30,9 : 721.2"
"30,10 : 180.04"
"30,11 : 470.4"
"30,12 : 611.07"
"30,13 : 294.16"
"30,14 : 590.4"
"30,15 : 290.88"
"30,16 : 543.36"
"30,17 : 405.77"
"30,18 : 470.0"
"30,19 : 253.03"
"30,20 : 259.59"
"30,21 : 356.62"
"30,22 : 308.82"
"30,23 : 768.81"
"30,24 : 335.7"
"30,25 : 112.77"
"30,26 : 179.67"
"30,27 : 265.59"
"30,28 : 359.07"
"30,29 : 285.16"
"30,30 : 0.0"
"30,31 : 313.23"
"30,32 : 403.44"
"30,33 : 325.88"
"30,34 : 480.53"
"30,35 : 48.05"
"30,36 : 251.2"
"30,37 : 173.09"
"30,38 : 500.69"
"30,39 : 603.33"
"30,40 : 501.01"
"30,41 : 82.68"
"30,42 : 413.01"
"30,43 : 206.41"
"30,44 : 343.02"
"30,45 : 475.38"
"30,46 : 684.73"
"30,47 : 700.24"
"30,48 : 578.81"
"30,49 : 319.78"
"31,0 : 426.52"
"31,1 : 941.8"
"31,2 : 38.21"
"31,3 : 361.72"
"31,4 : 82.57"
"31,5 : 246.6"
"31,6 : 578.8"
"31,7 : 110.57"
"31,8 : 224.9"
"31,9 : 716.16"
"31,10 : 154.78"
"31,11 : 736.09"
"31,12 : 818.03"
"31,13 : 606.35"
"31,14 : 858.15"
"31,15 : 494.63"
"31,16 : 788.79"
"31,17 : 102.14"
"31,18 : 780.23"
"31,19 : 480.86"
"31,20 : 112.71"
"31,21 : 431.71"
"31,22 : 568.3"
"31,23 : 1012.21"
"31,24 : 637.31"
"31,25 : 257.45"
"31,26 : 385.62"
"31,27 : 104.22"
"31,28 : 279.12"
"31,29 : 28.16"
"31,30 : 313.23"
"31,31 : 0.0"
"31,32 : 714.0"
"31,33 : 27.2"
"31,34 : 230.56"
"31,35 : 358.1"
"31,36 : 499.65"
"31,37 : 438.24"
"31,38 : 579.17"
"31,39 : 535.84"
"31,40 : 638.82"
"31,41 : 374.21"
"31,42 : 434.42"
"31,43 : 111.09"
"31,44 : 393.93"
"31,45 : 687.83"
"31,46 : 910.6"
"31,47 : 961.89"
"31,48 : 730.69"
"31,49 : 537.09"
"32,0 : 287.54"
"32,1 : 494.05"
"32,2 : 676.42"
"32,3 : 464.3"
"32,4 : 631.45"
"32,5 : 948.94"
"32,6 : 566.85"
"32,7 : 737.41"
"32,8 : 849.04"
"32,9 : 847.68"
"32,10 : 567.57"
"32,11 : 242.39"
"32,12 : 460.79"
"32,13 : 111.02"
"32,14 : 304.16"
"32,15 : 455.0"
"32,16 : 333.92"
"32,17 : 800.4"
"32,18 : 166.69"
"32,19 : 327.61"
"32,20 : 641.53"
"32,21 : 538.76"
"32,22 : 354.87"
"32,23 : 501.3"
"32,24 : 101.39"
"32,25 : 494.19"
"32,26 : 443.38"
"32,27 : 649.38"
"32,28 : 665.82"
"32,29 : 686.29"
"32,30 : 403.44"
"32,31 : 714.0"
"32,32 : 0.0"
"32,33 : 723.73"
"32,34 : 846.6"
"32,35 : 363.82"
"32,36 : 290.95"
"32,37 : 303.37"
"32,38 : 600.42"
"32,39 : 821.01"
"32,40 : 519.83"
"32,41 : 341.46"
"32,42 : 616.37"
"32,43 : 603.96"
"32,44 : 557.96"
"32,45 : 377.11"
"32,46 : 472.49"
"32,47 : 403.94"
"32,48 : 540.62"
"32,49 : 336.38"
"33,0 : 436.8"
"33,1 : 936.95"
"33,2 : 56.92"
"33,3 : 355.79"
"33,4 : 95.02"
"33,5 : 248.36"
"33,6 : 565.36"
"33,7 : 84.15"
"33,8 : 198.17"
"33,9 : 694.69"
"33,10 : 158.62"
"33,11 : 736.95"
"33,12 : 811.77"
"33,13 : 617.18"
"33,14 : 858.69"
"33,15 : 518.17"
"33,16 : 786.83"
"33,17 : 81.61"
"33,18 : 794.86"
"33,19 : 480.34"
"33,20 : 103.48"
"33,21 : 419.24"
"33,22 : 589.21"
"33,23 : 1009.02"
"33,24 : 644.56"
"33,25 : 277.48"
"33,26 : 407.65"
"33,27 : 94.37"
"33,28 : 259.26"
"33,29 : 47.93"
"33,30 : 325.88"
"33,31 : 27.2"
"33,32 : 723.73"
"33,33 : 0.0"
"33,34 : 203.65"
"33,35 : 371.84"
"33,36 : 500.85"
"33,37 : 442.36"
"33,38 : 564.33"
"33,39 : 512.25"
"33,40 : 627.87"
"33,41 : 382.69"
"33,42 : 417.77"
"33,43 : 120.03"
"33,44 : 380.58"
"33,45 : 683.07"
"33,46 : 905.82"
"33,47 : 961.21"
"33,48 : 720.06"
"33,49 : 534.55"
"34,0 : 573.36"
"34,1 : 957.17"
"34,2 : 255.83"
"34,3 : 405.36"
"34,4 : 278.0"
"34,5 : 315.3"
"34,6 : 533.39"
"34,7 : 132.1"
"34,8 : 10.2"
"34,9 : 577.17"
"34,10 : 301.37"
"34,11 : 803.87"
"34,12 : 825.14"
"34,13 : 749.32"
"34,14 : 919.58"
"34,15 : 712.62"
"34,16 : 832.54"
"34,17 : 148.07"
"34,18 : 944.08"
"34,19 : 551.77"
"34,20 : 222.04"
"34,21 : 410.21"
"34,22 : 772.38"
"34,23 : 1039.81"
"34,24 : 755.25"
"34,25 : 463.31"
"34,26 : 597.6"
"34,27 : 217.28"
"34,28 : 216.26"
"34,29 : 248.82"
"34,30 : 480.53"
"34,31 : 230.56"
"34,32 : 846.6"
"34,33 : 203.65"
"34,34 : 0.0"
"34,35 : 528.57"
"34,36 : 581.72"
"34,37 : 545.03"
"34,38 : 519.98"
"34,39 : 378.38"
"34,40 : 612.78"
"34,41 : 513.48"
"34,42 : 371.43"
"34,43 : 289.01"
"34,44 : 369.84"
"34,45 : 712.78"
"34,46 : 927.34"
"34,47 : 1011.0"
"34,48 : 702.65"
"34,49 : 588.66"
"35,0 : 87.32"
"35,1 : 703.74"
"35,2 : 319.9"
"35,3 : 264.89"
"35,4 : 276.96"
"35,5 : 586.04"
"35,6 : 501.35"
"35,7 : 403.63"
"35,8 : 528.37"
"35,9 : 750.44"
"35,10 : 228.02"
"35,11 : 451.0"
"35,12 : 605.76"
"35,13 : 253.31"
"35,14 : 568.6"
"35,15 : 260.92"
"35,16 : 529.06"
"35,17 : 452.25"
"35,18 : 423.17"
"35,19 : 254.79"
"35,20 : 307.6"
"35,21 : 384.6"
"35,22 : 266.25"
"35,23 : 752.42"
"35,24 : 303.13"
"35,25 : 134.62"
"35,26 : 159.62"
"35,27 : 313.54"
"35,28 : 402.82"
"35,29 : 329.95"
"35,30 : 48.05"
"35,31 : 358.1"
"35,32 : 363.82"
"35,33 : 371.84"
"35,34 : 528.57"
"35,35 : 0.0"
"35,36 : 246.0"
"35,37 : 168.34"
"35,38 : 522.77"
"35,39 : 640.93"
"35,40 : 512.89"
"35,41 : 80.06"
"35,42 : 445.72"
"35,43 : 253.02"
"35,44 : 375.05"
"35,45 : 471.5"
"35,46 : 673.73"
"35,47 : 679.27"
"35,48 : 586.09"
"35,49 : 320.38"
"36,0 : 173.01"
"36,1 : 465.01"
"36,2 : 466.62"
"36,3 : 180.14"
"36,4 : 421.98"
"36,5 : 746.19"
"36,6 : 304.61"
"36,7 : 490.62"
"36,8 : 585.83"
"36,9 : 582.47"
"36,10 : 345.04"
"36,11 : 236.45"
"36,12 : 360.5"
"36,13 : 229.89"
"36,14 : 358.6"
"36,15 : 483.19"
"36,16 : 296.73"
"36,17 : 566.62"
"36,18 : 433.76"
"36,19 : 36.77"
"36,20 : 403.01"
"36,21 : 248.78"
"36,22 : 442.11"
"36,23 : 523.19"
"36,24 : 189.97"
"36,25 : 363.68"
"36,26 : 401.0"
"36,27 : 412.0"
"36,28 : 384.11"
"36,29 : 475.2"
"36,30 : 251.2"
"36,31 : 499.65"
"36,32 : 290.95"
"36,33 : 500.85"
"36,34 : 581.72"
"36,35 : 246.0"
"36,36 : 0.0"
"36,37 : 78.43"
"36,38 : 334.56"
"36,39 : 532.69"
"36,40 : 288.18"
"36,41 : 169.85"
"36,42 : 326.33"
"36,43 : 391.53"
"36,44 : 267.04"
"36,45 : 225.58"
"36,46 : 434.26"
"36,47 : 463.89"
"36,48 : 348.79"
"36,49 : 79.43"
"37,0 : 102.88"
"37,1 : 542.3"
"37,2 : 403.37"
"37,3 : 167.94"
"37,4 : 357.96"
"37,5 : 683.49"
"37,6 : 354.66"
"37,7 : 442.41"
"37,8 : 547.97"
"37,9 : 623.24"
"37,10 : 283.99"
"37,11 : 304.09"
"37,12 : 438.93"
"37,13 : 217.25"
"37,14 : 426.02"
"37,15 : 413.32"
"37,16 : 371.69"
"37,17 : 512.99"
"37,18 : 423.96"
"37,19 : 88.36"
"37,20 : 349.76"
"37,21 : 267.74"
"37,22 : 383.71"
"37,23 : 597.88"
"37,24 : 210.26"
"37,25 : 285.77"
"37,26 : 325.3"
"37,27 : 358.34"
"37,28 : 363.85"
"37,29 : 412.46"
"37,30 : 173.09"
"37,31 : 438.24"
"37,32 : 303.37"
"37,33 : 442.36"
"37,34 : 545.03"
"37,35 : 168.34"
"37,36 : 78.43"
"37,37 : 0.0"
"37,38 : 381.04"
"37,39 : 549.15"
"37,40 : 352.43"
"37,41 : 91.42"
"37,42 : 341.81"
"37,43 : 327.91"
"37,44 : 274.59"
"37,45 : 303.84"
"37,46 : 511.72"
"37,47 : 533.92"
"37,48 : 420.39"
"37,49 : 152.4"
"38,0 : 481.65"
"38,1 : 468.03"
"38,2 : 563.6"
"38,3 : 267.05"
"38,4 : 533.98"
"38,5 : 796.3"
"38,6 : 34.54"
"38,7 : 505.19"
"38,8 : 528.66"
"38,9 : 249.0"
"38,10 : 465.7"
"38,11 : 422.4"
"38,12 : 337.62"
"38,13 : 561.47"
"38,14 : 501.85"
"38,15 : 783.07"
"38,16 : 398.85"
"38,17 : 590.78"
"38,18 : 758.23"
"38,19 : 302.62"
"38,20 : 467.72"
"38,21 : 154.55"
"38,22 : 764.48"
"38,23 : 559.06"
"38,24 : 502.29"
"38,25 : 589.86"
"38,26 : 679.4"
"38,27 : 475.61"
"38,28 : 317.06"
"38,29 : 567.44"
"38,30 : 500.69"
"38,31 : 579.17"
"38,32 : 600.42"
"38,33 : 564.33"
"38,34 : 519.98"
"38,35 : 522.77"
"38,36 : 334.56"
"38,37 : 381.04"
"38,38 : 0.0"
"38,39 : 260.32"
"38,40 : 115.73"
"38,41 : 446.16"
"38,42 : 151.16"
"38,43 : 509.74"
"38,44 : 187.01"
"38,45 : 273.94"
"38,46 : 441.89"
"38,47 : 561.32"
"38,48 : 190.54"
"38,49 : 267.59"
"39,0 : 632.73"
"39,1 : 722.49"
"39,2 : 537.76"
"39,3 : 386.46"
"39,4 : 527.74"
"39,5 : 692.1"
"39,6 : 292.0"
"39,7 : 431.42"
"39,8 : 388.56"
"39,9 : 200.24"
"39,10 : 488.2"
"39,11 : 673.55"
"39,12 : 594.96"
"39,13 : 759.57"
"39,14 : 760.59"
"39,15 : 892.43"
"39,16 : 658.13"
"39,17 : 501.09"
"39,18 : 965.76"
"39,19 : 496.07"
"39,20 : 447.3"
"39,21 : 284.41"
"39,22 : 905.68"
"39,23 : 814.88"
"39,24 : 719.69"
"39,25 : 656.2"
"39,26 : 776.03"
"39,27 : 451.36"
"39,28 : 269.14"
"39,29 : 536.94"
"39,30 : 603.33"
"39,31 : 535.84"
"39,32 : 821.01"
"39,33 : 512.25"
"39,34 : 378.38"
"39,35 : 640.93"
"39,36 : 532.69"
"39,37 : 549.15"
"39,38 : 260.32"
"39,39 : 0.0"
"39,40 : 375.9"
"39,41 : 580.59"
"39,42 : 207.77"
"39,43 : 515.46"
"39,44 : 275.05"
"39,45 : 531.69"
"39,46 : 697.98"
"39,47 : 821.5"
"39,48 : 440.73"
"39,49 : 487.5"
"40,0 : 455.12"
"40,1 : 355.42"
"40,2 : 617.61"
"40,3 : 289.84"
"40,4 : 582.22"
"40,5 : 869.54"
"40,6 : 86.98"
"40,7 : 579.3"
"40,8 : 620.75"
"40,9 : 335.53"
"40,10 : 507.38"
"40,11 : 319.04"
"40,12 : 223.57"
"40,13 : 498.68"
"40,14 : 389.05"
"40,15 : 765.66"
"40,16 : 285.67"
"40,17 : 665.69"
"40,18 : 683.44"
"40,19 : 264.85"
"40,20 : 526.16"
"40,21 : 210.41"
"40,22 : 730.26"
"40,23 : 445.25"
"40,24 : 427.37"
"40,25 : 602.7"
"40,26 : 672.51"
"40,27 : 534.84"
"40,28 : 400.24"
"40,29 : 622.99"
"40,30 : 501.01"
"40,31 : 638.82"
"40,32 : 519.83"
"40,33 : 627.87"
"40,34 : 612.78"
"40,35 : 512.89"
"40,36 : 288.18"
"40,37 : 352.43"
"40,38 : 115.73"
"40,39 : 375.9"
"40,40 : 0.0"
"40,41 : 432.95"
"40,42 : 242.99"
"40,43 : 554.87"
"40,44 : 250.98"
"40,45 : 164.76"
"40,46 : 328.27"
"40,47 : 445.62"
"40,48 : 92.42"
"40,49 : 210.09"
"41,0 : 60.42"
"41,1 : 632.84"
"41,2 : 337.23"
"41,3 : 196.31"
"41,4 : 291.78"
"41,5 : 614.47"
"41,6 : 423.56"
"41,7 : 397.85"
"41,8 : 514.82"
"41,9 : 678.59"
"41,10 : 226.13"
"41,11 : 388.34"
"41,12 : 530.33"
"41,13 : 237.61"
"41,14 : 508.88"
"41,15 : 337.12"
"41,16 : 460.68"
"41,17 : 458.94"
"41,18 : 431.39"
"41,19 : 175.51"
"41,20 : 301.21"
"41,21 : 313.46"
"41,22 : 327.06"
"41,23 : 686.17"
"41,24 : 263.59"
"41,25 : 195.36"
"41,26 : 239.6"
"41,27 : 308.77"
"41,28 : 360.18"
"41,29 : 346.92"
"41,30 : 82.68"
"41,31 : 374.21"
"41,32 : 341.46"
"41,33 : 382.69"
"41,34 : 513.48"
"41,35 : 80.06"
"41,36 : 169.85"
"41,37 : 91.42"
"41,38 : 446.16"
"41,39 : 580.59"
"41,40 : 432.95"
"41,41 : 0.0"
"41,42 : 379.38"
"41,43 : 263.42"
"41,44 : 308.7"
"41,45 : 395.11"
"41,46 : 602.4"
"41,47 : 618.36"
"41,48 : 506.17"
"41,49 : 241.68"
"42,0 : 428.53"
"42,1 : 594.81"
"42,2 : 422.36"
"42,3 : 183.1"
"42,4 : 397.29"
"42,5 : 645.73"
"42,6 : 161.97"
"42,7 : 355.1"
"42,8 : 379.77"
"42,9 : 311.18"
"42,10 : 336.54"
"42,11 : 490.03"
"42,12 : 461.98"
"42,13 : 551.96"
"42,14 : 590.72"
"42,15 : 703.8"
"42,16 : 493.04"
"42,17 : 440.24"
"42,18 : 758.43"
"42,19 : 289.58"
"42,20 : 325.39"
"42,21 : 77.62"
"42,22 : 706.37"
"42,23 : 681.8"
"42,24 : 514.99"
"42,25 : 483.62"
"42,26 : 591.26"
"42,27 : 332.61"
"42,28 : 166.01"
"42,29 : 425.18"
"42,30 : 413.01"
"42,31 : 434.42"
"42,32 : 616.37"
"42,33 : 417.77"
"42,34 : 371.43"
"42,35 : 445.72"
"42,36 : 326.33"
"42,37 : 341.81"
"42,38 : 151.16"
"42,39 : 207.77"
"42,40 : 242.99"
"42,41 : 379.38"
"42,42 : 0.0"
"42,43 : 376.11"
"42,44 : 70.8"
"42,45 : 366.01"
"42,46 : 566.23"
"42,47 : 667.62"
"42,48 : 331.49"
"42,49 : 288.29"
"43,0 : 316.83"
"43,1 : 841.33"
"43,2 : 75.47"
"43,3 : 268.0"
"43,4 : 30.48"
"43,5 : 355.64"
"43,6 : 504.0"
"43,7 : 157.66"
"43,8 : 286.78"
"43,9 : 677.61"
"43,10 : 48.83"
"43,11 : 627.82"
"43,12 : 720.74"
"43,13 : 497.16"
"43,14 : 750.07"
"43,15 : 425.74"
"43,16 : 683.88"
"43,17 : 199.36"
"43,18 : 676.17"
"43,19 : 374.94"
"43,20 : 75.07"
"43,21 : 356.33"
"43,22 : 483.76"
"43,23 : 908.75"
"43,24 : 526.27"
"43,25 : 174.64"
"43,26 : 309.23"
"43,27 : 75.82"
"43,28 : 246.34"
"43,29 : 84.6"
"43,30 : 206.41"
"43,31 : 111.09"
"43,32 : 603.96"
"43,33 : 120.03"
"43,34 : 289.01"
"43,35 : 253.02"
"43,36 : 391.53"
"43,37 : 327.91"
"43,38 : 509.74"
"43,39 : 515.46"
"43,40 : 554.87"
"43,41 : 263.42"
"43,42 : 376.11"
"43,43 : 0.0"
"43,44 : 323.05"
"43,45 : 588.0"
"43,46 : 810.09"
"43,47 : 855.05"
"43,48 : 645.05"
"43,49 : 433.94"
"44,0 : 358.56"
"44,1 : 587.43"
"44,2 : 376.97"
"44,3 : 112.54"
"44,4 : 346.98"
"44,5 : 619.11"
"44,6 : 184.89"
"44,7 : 328.4"
"44,8 : 376.93"
"44,9 : 379.02"
"44,10 : 279.95"
"44,11 : 452.27"
"44,12 : 455.69"
"44,13 : 487.91"
"44,14 : 560.51"
"44,15 : 633.6"
"44,16 : 467.78"
"44,17 : 414.8"
"44,18 : 695.01"
"44,19 : 230.5"
"44,20 : 281.73"
"44,21 : 41.04"
"44,22 : 635.64"
"44,23 : 670.16"
"44,24 : 457.0"
"44,25 : 417.4"
"44,26 : 521.81"
"44,27 : 289.87"
"44,28 : 153.65"
"44,29 : 381.08"
"44,30 : 343.02"
"44,31 : 393.93"
"44,32 : 557.96"
"44,33 : 380.58"
"44,34 : 369.84"
"44,35 : 375.05"
"44,36 : 267.04"
"44,37 : 274.59"
"44,38 : 187.01"
"44,39 : 275.05"
"44,40 : 250.98"
"44,41 : 308.7"
"44,42 : 70.8"
"44,43 : 323.05"
"44,44 : 0.0"
"44,45 : 344.62"
"44,46 : 557.52"
"44,47 : 645.52"
"44,48 : 343.28"
"44,49 : 241.01"
"45,0 : 394.99"
"45,1 : 253.97"
"45,2 : 659.58"
"45,3 : 327.52"
"45,4 : 617.98"
"45,5 : 931.3"
"45,6 : 240.52"
"45,7 : 652.2"
"45,8 : 719.33"
"45,9 : 498.82"
"45,10 : 539.27"
"45,11 : 156.06"
"45,12 : 136.06"
"45,13 : 381.06"
"45,14 : 229.02"
"45,15 : 699.1"
"45,16 : 127.77"
"45,17 : 736.09"
"45,18 : 543.73"
"45,19 : 223.79"
"45,20 : 579.87"
"45,21 : 306.03"
"45,22 : 641.79"
"45,23 : 328.87"
"45,24 : 296.62"
"45,25 : 587.01"
"45,26 : 624.73"
"45,27 : 589.07"
"45,28 : 496.88"
"45,29 : 666.88"
"45,30 : 475.38"
"45,31 : 687.83"
"45,32 : 377.11"
"45,33 : 683.07"
"45,34 : 712.78"
"45,35 : 471.5"
"45,36 : 225.58"
"45,37 : 303.84"
"45,38 : 273.94"
"45,39 : 531.69"
"45,40 : 164.76"
"45,41 : 395.11"
"45,42 : 366.01"
"45,43 : 588.0"
"45,44 : 344.62"
"45,45 : 0.0"
"45,46 : 222.79"
"45,47 : 302.03"
"45,48 : 163.67"
"45,49 : 157.89"
"46,0 : 590.6"
"46,1 : 31.24"
"46,2 : 882.12"
"46,3 : 550.15"
"46,4 : 840.2"
"46,5 : 1154.01"
"46,6 : 415.22"
"46,7 : 873.37"
"46,8 : 934.45"
"46,9 : 608.06"
"46,10 : 761.45"
"46,11 : 241.83"
"46,12 : 104.75"
"46,13 : 522.98"
"46,14 : 180.34"
"46,15 : 875.87"
"46,16 : 149.46"
"46,17 : 957.85"
"46,18 : 626.98"
"46,19 : 440.16"
"46,20 : 802.57"
"46,21 : 517.17"
"46,22 : 799.9"
"46,23 : 117.18"
"46,24 : 430.98"
"46,25 : 797.47"
"46,26 : 817.79"
"46,27 : 811.76"
"46,28 : 711.17"
"46,29 : 889.5"
"46,30 : 684.73"
"46,31 : 910.6"
"46,32 : 472.49"
"46,33 : 905.82"
"46,34 : 927.34"
"46,35 : 673.73"
"46,36 : 434.26"
"46,37 : 511.72"
"46,38 : 441.89"
"46,39 : 697.98"
"46,40 : 328.27"
"46,41 : 602.4"
"46,42 : 566.23"
"46,43 : 810.09"
"46,44 : 557.52"
"46,45 : 222.79"
"46,46 : 0.0"
"46,47 : 151.18"
"46,48 : 258.12"
"46,49 : 377.0"
"47,0 : 592.17"
"47,1 : 147.76"
"47,2 : 929.81"
"47,3 : 613.62"
"47,4 : 885.53"
"47,5 : 1208.41"
"47,6 : 530.87"
"47,7 : 940.76"
"47,8 : 1017.1"
"47,9 : 749.67"
"47,10 : 807.94"
"47,11 : 230.12"
"47,12 : 234.34"
"47,13 : 481.52"
"47,14 : 110.98"
"47,15 : 845.04"
"47,16 : 178.47"
"47,17 : 1021.76"
"47,18 : 537.49"
"47,19 : 481.07"
"47,20 : 860.36"
"47,21 : 607.63"
"47,22 : 754.54"
"47,23 : 103.16"
"47,24 : 395.18"
"47,25 : 811.2"
"47,26 : 806.39"
"47,27 : 869.54"
"47,28 : 796.26"
"47,29 : 938.18"
"47,30 : 700.24"
"47,31 : 961.89"
"47,32 : 403.94"
"47,33 : 961.21"
"47,34 : 1011.0"
"47,35 : 679.27"
"47,36 : 463.89"
"47,37 : 533.92"
"47,38 : 561.32"
"47,39 : 821.5"
"47,40 : 445.62"
"47,41 : 618.36"
"47,42 : 667.62"
"47,43 : 855.05"
"47,44 : 645.52"
"47,45 : 302.03"
"47,46 : 151.18"
"47,47 : 0.0"
"47,48 : 391.75"
"47,49 : 428.58"
"48,0 : 521.03"
"48,1 : 281.82"
"48,2 : 708.92"
"48,3 : 378.29"
"48,4 : 672.81"
"48,5 : 961.96"
"48,6 : 170.21"
"48,7 : 671.66"
"48,8 : 710.82"
"48,9 : 359.71"
"48,10 : 597.18"
"48,11 : 314.58"
"48,12 : 158.05"
"48,13 : 537.86"
"48,14 : 355.98"
"48,15 : 831.88"
