x,y
198,903
863,894
540,314
190,896
203,820
118,870
128,651
298,0
827,153
488,218
804,198
618,739
156,419
437,640
563,253
203,999
176,442
459,889
718,536
803,38
570,194
939,516
888,301
902,758
383,818
458,1
551,594
552,614
543,453
310,163
181,251
519,439
322,224
912,896
831,520
975,344
984,612
340,290
571,52
88,382
355,600
368,938
636,116
905,299
678,306
173,724
151,199
165,624
491,701
657,714

Distanze
"0,0 : 0.0"
"0,1 : 735.73"
"0,2 : 91.24"
"0,3 : 620.17"
"0,4 : 656.07"
"0,5 : 504.22"
"0,6 : 144.01"
"0,7 : 534.13"
"0,8 : 109.22"
"0,9 : 136.56"
"0,10 : 383.08"
"0,11 : 494.45"
"0,12 : 885.28"
"0,13 : 222.7"
"0,14 : 335.7"
"0,15 : 434.44"
"0,16 : 553.8"
"0,17 : 598.05"
"0,18 : 396.08"
"0,19 : 682.03"
"0,20 : 361.09"
"0,21 : 459.65"
"0,22 : 308.38"
"0,23 : 646.57"
"0,24 : 679.85"
"0,25 : 208.06"
"0,26 : 196.86"
"0,27 : 549.43"
"0,28 : 489.81"
"0,29 : 436.59"
"0,30 : 737.48"
"0,31 : 250.58"
"0,32 : 392.95"
"0,33 : 684.94"
"0,34 : 202.8"
"0,35 : 234.18"
"0,36 : 452.75"
"0,37 : 764.28"
"0,38 : 529.91"
"0,39 : 519.27"
"0,40 : 427.14"
"0,41 : 196.47"
"0,42 : 76.16"
"0,43 : 198.6"
"0,44 : 704.48"
"0,45 : 439.43"
"0,46 : 194.49"
"0,47 : 234.91"
"0,48 : 353.94"
"0,49 : 661.14"
"1,0 : 735.73"
"1,1 : 0.0"
"1,2 : 808.72"
"1,3 : 776.04"
"1,4 : 177.39"
"1,5 : 795.0"
"1,6 : 654.55"
"1,7 : 409.31"
"1,8 : 695.15"
"1,9 : 846.9"
"1,10 : 367.16"
"1,11 : 708.84"
"1,12 : 753.92"
"1,13 : 513.05"
"1,14 : 418.06"
"1,15 : 769.44"
"1,16 : 800.21"
"1,17 : 312.39"
"1,18 : 959.71"
"1,19 : 369.02"
"1,20 : 399.66"
"1,21 : 500.6"
"1,22 : 466.59"
"1,23 : 168.72"
"1,24 : 192.01"
"1,25 : 563.87"
"1,26 : 909.39"
"1,27 : 199.72"
"1,28 : 628.96"
"1,29 : 354.01"
"1,30 : 43.46"
"1,31 : 740.9"
"1,32 : 1077.9"
"1,33 : 66.65"
"1,34 : 930.24"
"1,35 : 955.36"
"1,36 : 507.39"
"1,37 : 364.77"
"1,38 : 268.2"
"1,39 : 220.24"
"1,40 : 497.21"
"1,41 : 705.13"
"1,42 : 660.85"
"1,43 : 908.88"
"1,44 : 158.04"
"1,45 : 472.84"
"1,46 : 852.86"
"1,47 : 519.84"
"1,48 : 462.5"
"1,49 : 312.17"
"2,0 : 91.24"
"2,1 : 808.72"
"2,2 : 0.0"
"2,3 : 598.01"
"2,4 : 715.8"
"2,5 : 471.07"
"2,6 : 170.66"
"2,7 : 569.03"
"2,8 : 125.4"
"2,9 : 146.82"
"2,10 : 465.67"
"2,11 : 477.37"
"2,12 : 884.5"
"2,13 : 298.72"
"2,14 : 397.36"
"2,15 : 402.12"
"2,16 : 523.07"
"2,17 : 644.15"
"2,18 : 318.94"
"2,19 : 720.03"
"2,20 : 446.28"
"2,21 : 550.78"
"2,22 : 396.79"
"2,23 : 729.02"
"2,24 : 737.33"
"2,25 : 256.13"
"2,26 : 187.28"
"2,27 : 616.88"
"2,28 : 487.8"
"2,29 : 523.38"
"2,30 : 813.42"
"2,31 : 323.82"
"2,32 : 301.84"
"2,33 : 754.79"
"2,34 : 171.96"
"2,35 : 148.4"
"2,36 : 543.82"
"2,37 : 804.3"
"2,38 : 587.28"
"2,39 : 596.16"
"2,40 : 518.35"
"2,41 : 276.59"
"2,42 : 152.5"
"2,43 : 191.01"
"2,44 : 787.13"
"2,45 : 530.65"
"2,46 : 225.69"
"2,47 : 322.3"
"2,48 : 396.45"
"2,49 : 750.05"
"3,0 : 620.17"
"3,1 : 776.04"
"3,2 : 598.01"
"3,3 : 0.0"
"3,4 : 601.24"
"3,5 : 139.98"
"3,6 : 485.56"
"3,7 : 367.95"
"3,8 : 511.45"
"3,9 : 740.84"
"3,10 : 671.63"
"3,11 : 127.41"
"3,12 : 326.19"
"3,13 : 577.36"
"3,14 : 509.52"
"3,15 : 200.37"
"3,16 : 90.45"
"3,17 : 464.89"
"3,18 : 428.58"
"3,19 : 442.38"
"3,20 : 688.45"
"3,21 : 896.14"
"3,22 : 701.71"
"3,23 : 824.15"
"3,24 : 595.62"
"3,25 : 479.18"
"3,26 : 785.2"
"3,27 : 611.81"
"3,28 : 171.3"
"3,29 : 748.73"
"3,30 : 809.33"
"3,31 : 847.48"
"3,32 : 639.35"
"3,33 : 710.44"
"3,34 : 764.93"
"3,35 : 653.31"
"3,36 : 894.52"
"3,37 : 505.01"
"3,38 : 522.98"
"3,39 : 682.53"
"3,40 : 864.63"
"3,41 : 785.37"
"3,42 : 584.91"
"3,43 : 789.0"
"3,44 : 867.72"
"3,45 : 858.73"
"3,46 : 812.2"
"3,47 : 657.46"
"3,48 : 414.2"
"3,49 : 940.0"
"4,0 : 656.07"
"4,1 : 177.39"
"4,2 : 715.8"
"4,3 : 601.24"
"4,4 : 0.0"
"4,5 : 629.6"
"4,6 : 549.44"
"4,7 : 238.27"
"4,8 : 593.57"
"4,9 : 781.64"
"4,10 : 344.24"
"4,11 : 541.66"
"4,12 : 585.41"
"4,13 : 441.24"
"4,14 : 320.46"
"4,15 : 610.87"
"4,16 : 630.49"
"4,17 : 136.36"
"4,18 : 819.77"
"4,19 : 196.79"
"4,20 : 380.64"
"4,21 : 545.29"
"4,22 : 444.11"
"4,23 : 282.31"
"4,24 : 31.91"
"4,25 : 460.14"
"4,26 : 845.13"
"4,27 : 127.14"
"4,28 : 460.82"
"4,29 : 370.07"
"4,30 : 215.33"
"4,31 : 720.41"
"4,32 : 959.46"
"4,33 : 116.02"
"4,34 : 858.17"
"4,35 : 855.98"
"4,36 : 549.84"
"4,37 : 213.85"
"4,38 : 129.24"
"4,39 : 219.13"
"4,40 : 530.87"
"4,41 : 673.19"
"4,42 : 580.04"
"4,43 : 845.59"
"4,44 : 303.42"
"4,45 : 509.88"
"4,46 : 804.04"
"4,47 : 474.69"
"4,48 : 332.41"
"4,49 : 431.06"
"5,0 : 504.22"
"5,1 : 795.0"
"5,2 : 471.07"
"5,3 : 139.98"
"5,4 : 629.6"
"5,5 : 0.0"
"5,6 : 380.58"
"5,7 : 392.1"
"5,8 : 398.6"
"5,9 : 616.64"
"5,10 : 624.21"
"5,11 : 89.2"
"5,12 : 463.49"
"5,13 : 501.88"
"5,14 : 463.11"
"5,15 : 69.81"
"5,16 : 53.0"
"5,17 : 497.8"
"5,18 : 291.17"
"5,19 : 503.85"
"5,20 : 634.28"
"5,21 : 832.3"
"5,22 : 634.85"
"5,23 : 814.28"
"5,24 : 631.04"
"5,25 : 395.84"
"5,26 : 656.91"
"5,27 : 611.31"
"5,28 : 169.92"
"5,29 : 703.31"
"5,30 : 822.95"
"5,31 : 743.24"
"5,32 : 500.37"
"5,33 : 728.35"
"5,34 : 633.68"
"5,35 : 515.66"
"5,36 : 829.44"
"5,37 : 578.6"
"5,38 : 528.73"
"5,39 : 665.03"
"5,40 : 799.17"
"5,41 : 682.3"
"5,42 : 480.0"
"5,43 : 660.96"
"5,44 : 863.62"
"5,45 : 796.98"
"5,46 : 691.44"
"5,47 : 580.07"
"5,48 : 372.79"
"5,49 : 913.33"
"6,0 : 144.01"
"6,1 : 654.55"
"6,2 : 170.66"
"6,3 : 485.56"
"6,4 : 549.44"
"6,5 : 380.58"
"6,6 : 0.0"
"6,7 : 399.55"
"6,8 : 45.28"
"6,9 : 278.93"
"6,10 : 340.04"
"6,11 : 358.38"
"6,12 : 741.6"
"6,13 : 171.28"
"6,14 : 236.84"
"6,15 : 312.42"
"6,16 : 426.71"
"6,17 : 473.57"
"6,18 : 351.14"
"6,19 : 550.06"
"6,20 : 330.97"
"6,21 : 488.82"
"6,22 : 301.24"
"6,23 : 594.78"
"6,24 : 569.65"
"6,25 : 90.92"
"6,26 : 336.12"
"6,27 : 457.81"
"6,28 : 347.2"
"6,29 : 410.65"
"6,30 : 663.81"
"6,31 : 363.47"
"6,32 : 425.09"
"6,33 : 597.02"
"6,34 : 333.47"
"6,35 : 306.54"
"6,36 : 483.91"
"6,37 : 634.04"
"6,38 : 420.3"
"6,39 : 451.57"
"6,40 : 454.59"
"6,41 : 302.03"
"6,42 : 99.86"
"6,43 : 338.5"
"6,44 : 652.51"
"6,45 : 459.38"
"6,46 : 337.72"
"6,47 : 230.24"
"6,48 : 225.87"
"6,49 : 641.74"
"7,0 : 534.13"
"7,1 : 409.31"
"7,2 : 569.03"
"7,3 : 367.95"
"7,4 : 238.27"
"7,5 : 392.1"
"7,6 : 399.55"
"7,7 : 0.0"
"7,8 : 444.29"
"7,9 : 670.2"
"7,10 : 371.44"
"7,11 : 303.7"
"7,12 : 434.72"
"7,13 : 366.01"
"7,14 : 242.62"
"7,15 : 378.33"
"7,16 : 392.3"
"7,17 : 106.22"
"7,18 : 604.02"
"7,19 : 151.56"
"7,20 : 400.29"
"7,21 : 608.51"
"7,22 : 441.24"
"7,23 : 463.0"
"7,24 : 239.01"
"7,25 : 326.74"
"7,26 : 730.94"
"7,27 : 249.01"
"7,28 : 222.73"
"7,29 : 436.24"
"7,30 : 441.57"
"7,31 : 677.28"
"7,32 : 766.93"
"7,33 : 343.2"
"7,34 : 732.26"
"7,35 : 692.12"
"7,36 : 609.69"
"7,37 : 236.66"
"7,38 : 159.01"
"7,39 : 332.61"
"7,40 : 582.88"
"7,41 : 618.97"
"7,42 : 465.01"
"7,43 : 732.73"
"7,44 : 502.84"
"7,45 : 569.4"
"7,46 : 714.28"
"7,47 : 432.47"
"7,48 : 182.0"
"7,49 : 591.05"
"8,0 : 109.22"
"8,1 : 695.15"
"8,2 : 125.4"
"8,3 : 511.45"
"8,4 : 593.57"
"8,5 : 398.6"
"8,6 : 45.28"
"8,7 : 444.29"
"8,8 : 0.0"
"8,9 : 239.71"
"8,10 : 370.6"
"8,11 : 385.4"
"8,12 : 777.83"
"8,13 : 199.62"
"8,14 : 278.63"
"8,15 : 329.13"
"8,16 : 447.09"
"8,17 : 518.84"
"8,18 : 333.54"
"8,19 : 595.01"
"8,20 : 358.06"
"8,21 : 501.33"
"8,22 : 321.46"
"8,23 : 629.33"
"8,24 : 614.16"
"8,25 : 133.7"
"8,26 : 294.77"
"8,27 : 499.65"
"8,28 : 381.49"
"8,29 : 437.71"
"8,30 : 703.07"
"8,31 : 346.23"
"8,32 : 388.28"
"8,33 : 638.63"
"8,34 : 289.89"
"8,35 : 262.77"
"8,36 : 495.78"
"8,37 : 679.11"
"8,38 : 464.56"
"8,39 : 488.86"
"8,40 : 467.27"
"8,41 : 286.71"
"8,42 : 89.45"
"8,43 : 297.41"
"8,44 : 687.31"
"8,45 : 474.32"
"8,46 : 303.4"
"8,47 : 247.55"
"8,48 : 271.14"
"8,49 : 668.75"
"9,0 : 136.56"
"9,1 : 846.9"
"9,2 : 146.82"
"9,3 : 740.84"
"9,4 : 781.64"
"9,5 : 616.64"
"9,6 : 278.93"
"9,7 : 670.2"
"9,8 : 239.71"
"9,9 : 0.0"
"9,10 : 483.01"
"9,11 : 617.82"
"9,12 : 1017.24"
"9,13 : 340.99"
"9,14 : 463.48"
"9,15 : 547.3"
"9,16 : 668.23"
"9,17 : 731.27"
"9,18 : 453.17"
"9,19 : 817.3"
"9,20 : 454.96"
"9,21 : 500.5"
"9,22 : 392.9"
"9,23 : 741.11"
"9,24 : 806.87"
"9,25 : 343.59"
"9,26 : 63.51"
"9,27 : 669.16"
"9,28 : 620.42"
"9,29 : 522.44"
"9,30 : 844.11"
"9,31 : 217.57"
"9,32 : 380.59"
"9,33 : 800.64"
"9,34 : 87.8"
"9,35 : 207.89"
"9,36 : 492.31"
"9,37 : 898.93"
"9,38 : 658.04"
"9,39 : 627.11"
"9,40 : 472.22"
"9,41 : 193.04"
"9,42 : 206.7"
"9,43 : 64.07"
"9,44 : 797.78"
"9,45 : 490.07"
"9,46 : 81.6"
"9,47 : 328.7"
"9,48 : 489.33"
"9,49 : 732.17"
"10,0 : 383.08"
"10,1 : 367.16"
"10,2 : 465.67"
"10,3 : 671.63"
"10,4 : 344.24"
"10,5 : 624.21"
"10,6 : 340.04"
"10,7 : 371.44"
"10,8 : 370.6"
"10,9 : 483.01"
"10,10 : 0.0"
"10,11 : 559.73"
"10,12 : 805.98"
"10,13 : 171.06"
"10,14 : 162.79"
"10,15 : 572.05"
"10,16 : 652.64"
"10,17 : 362.17"
"10,18 : 686.47"
"10,19 : 465.87"
"10,20 : 36.4"
"10,21 : 237.23"
"10,22 : 102.12"
"10,23 : 263.6"
"10,24 : 375.07"
"10,25 : 262.27"
"10,26 : 544.59"
"10,27 : 217.34"
"10,28 : 500.34"
"10,29 : 79.16"
"10,30 : 361.46"
"10,31 : 380.76"
"10,32 : 757.3"
"10,33 : 328.49"
"10,34 : 568.32"
"10,35 : 613.96"
"10,36 : 238.25"
"10,37 : 525.87"
"10,38 : 255.77"
"10,39 : 147.5"
"10,40 : 211.63"
"10,41 : 339.78"
"10,42 : 313.18"
"10,43 : 543.8"
"10,44 : 321.62"
"10,45 : 198.11"
"10,46 : 485.71"
"10,47 : 154.31"
"10,48 : 257.67"
"10,49 : 304.11"
"11,0 : 494.45"
"11,1 : 708.84"
"11,2 : 477.37"
"11,3 : 127.41"
"11,4 : 541.66"
"11,5 : 89.2"
"11,6 : 358.38"
"11,7 : 303.7"
"11,8 : 385.4"
"11,9 : 617.82"
"11,10 : 559.73"
"11,11 : 0.0"
"11,12 : 416.89"
"11,13 : 453.92"
"11,14 : 396.99"
"11,15 : 103.59"
"11,16 : 95.19"
"11,17 : 409.08"
"11,18 : 355.44"
"11,19 : 415.35"
"11,20 : 573.47"
"11,21 : 777.81"
"11,22 : 581.62"
"11,23 : 735.22"
"11,24 : 542.42"
"11,25 : 353.36"
"11,26 : 664.53"
"11,27 : 528.73"
"11,28 : 81.02"
"11,29 : 638.19"
"11,30 : 737.85"
"11,31 : 720.07"
"11,32 : 556.0"
"11,33 : 642.21"
"11,34 : 646.84"
"11,35 : 545.82"
"11,36 : 775.7"
"11,37 : 491.29"
"11,38 : 444.18"
"11,39 : 587.92"
"11,40 : 745.59"
"11,41 : 657.96"
"11,42 : 457.59"
"11,43 : 668.14"
"11,44 : 782.97"
"11,45 : 741.13"
"11,46 : 687.48"
"11,47 : 533.82"
"11,48 : 303.08"
"11,49 : 840.53"
"12,0 : 885.28"
"12,1 : 753.92"
"12,2 : 884.5"
"12,3 : 326.19"
"12,4 : 585.41"
"12,5 : 463.49"
"12,6 : 741.6"
"12,7 : 434.72"
"12,8 : 777.83"
"12,9 : 1017.24"
"12,10 : 805.98"
"12,11 : 416.89"
"12,12 : 0.0"
"12,13 : 775.05"
"12,14 : 666.44"
"12,15 : 514.42"
"12,16 : 416.48"
"12,17 : 474.51"
"12,18 : 754.23"
"12,19 : 388.75"
"12,20 : 833.98"
"12,21 : 1043.15"
"12,22 : 870.37"
"12,23 : 862.35"
"12,24 : 563.91"
"12,25 : 702.35"
"12,26 : 1069.29"
"12,27 : 659.3"
"12,28 : 397.13"
"12,29 : 870.4"
"12,30 : 795.69"
"12,31 : 1079.37"
"12,32 : 963.77"
"12,33 : 699.85"
"12,34 : 1056.19"
"12,35 : 962.54"
"12,36 : 1044.22"
"12,37 : 395.01"
"12,38 : 576.11"
"12,39 : 754.75"
"12,40 : 1017.13"
"12,41 : 1017.77"
"12,42 : 832.69"
"12,43 : 1072.44"
"12,44 : 888.55"
"12,45 : 1004.04"
"12,46 : 1079.31"
"12,47 : 850.14"
"12,48 : 583.4"
"12,49 : 1004.68"
"13,0 : 222.7"
"13,1 : 513.05"
"13,2 : 298.72"
"13,3 : 577.36"
"13,4 : 441.24"
"13,5 : 501.88"
"13,6 : 171.28"
"13,7 : 366.01"
"13,8 : 199.62"
"13,9 : 340.99"
"13,10 : 171.06"
"13,11 : 453.92"
"13,12 : 775.05"
"13,13 : 0.0"
"13,14 : 129.76"
"13,15 : 440.96"
"13,16 : 539.22"
"13,17 : 404.32"
"13,18 : 521.63"
"13,19 : 499.65"
"13,20 : 159.71"
"13,21 : 332.39"
"13,22 : 136.24"
"13,23 : 431.93"
"13,24 : 467.27"
"13,25 : 108.02"
"13,26 : 404.47"
"13,27 : 328.67"
"13,28 : 413.19"
"13,29 : 239.43"
"13,30 : 515.57"
"13,31 : 311.33"
"13,32 : 586.46"
"13,33 : 462.65"
"13,34 : 420.33"
"13,35 : 446.98"
"13,36 : 328.88"
"13,37 : 575.82"
"13,38 : 320.35"
"13,39 : 297.72"
"13,40 : 298.67"
"13,41 : 253.19"
"13,42 : 148.06"
"13,43 : 404.75"
"13,44 : 490.06"
"13,45 : 299.04"
"13,46 : 364.86"
"13,47 : 80.11"
"13,48 : 192.31"
"13,49 : 470.6"
"14,0 : 335.7"
"14,1 : 418.06"
"14,2 : 397.36"
"14,3 : 509.52"
"14,4 : 320.46"
"14,5 : 463.11"
"14,6 : 236.84"
"14,7 : 242.62"
"14,8 : 278.63"
"14,9 : 463.48"
"14,10 : 162.79"
"14,11 : 396.99"
"14,12 : 666.44"
"14,13 : 129.76"
"14,14 : 0.0"
"14,15 : 413.85"
"14,16 : 490.17"
"14,17 : 274.56"
"14,18 : 555.55"
"14,19 : 370.55"
"14,20 : 179.4"
"14,21 : 389.79"
"14,22 : 204.48"
"14,23 : 374.73"
"14,24 : 344.22"
"14,25 : 145.96"
"14,26 : 526.8"
"14,27 : 221.07"
"14,28 : 338.42"
"14,29 : 241.25"
"14,30 : 429.09"
"14,31 : 437.51"
"14,32 : 660.0"
"14,33 : 360.2"
"14,34 : 538.11"
"14,35 : 540.93"
"14,36 : 389.08"
"14,37 : 446.08"
"14,38 : 194.66"
"14,39 : 224.47"
"14,40 : 359.94"
"14,41 : 381.24"
"14,42 : 259.79"
"14,43 : 527.55"
"14,44 : 430.45"
"14,45 : 351.48"
"14,46 : 493.19"
"14,47 : 189.99"
"14,48 : 95.34"
"14,49 : 453.33"
"15,0 : 434.44"
"15,1 : 769.44"
"15,2 : 402.12"
"15,3 : 200.37"
"15,4 : 610.87"
"15,5 : 69.81"
"15,6 : 312.42"
"15,7 : 378.33"
"15,8 : 329.13"
"15,9 : 547.3"
"15,10 : 572.05"
"15,11 : 103.59"
"15,12 : 514.42"
"15,13 : 440.96"
"15,14 : 413.85"
"15,15 : 0.0"
"15,16 : 120.97"
"15,17 : 484.37"
"15,18 : 252.05"
"15,19 : 504.79"
"15,20 : 579.5"
"15,21 : 772.91"
"15,22 : 575.61"
"15,23 : 775.52"
"15,24 : 615.77"
"15,25 : 333.62"
"15,26 : 588.46"
"15,27 : 579.25"
"15,28 : 168.61"
"15,29 : 651.15"
"15,30 : 794.6"
"15,31 : 674.31"
"15,32 : 453.13"
"15,33 : 703.09"
"15,34 : 566.26"
"15,35 : 453.27"
"15,36 : 769.66"
"15,37 : 584.21"
"15,38 : 501.29"
"15,39 : 624.6"
"15,40 : 739.42"
"15,41 : 613.61"
"15,42 : 411.44"
"15,43 : 592.45"
"15,44 : 826.93"
"15,45 : 738.43"
"15,46 : 621.77"
"15,47 : 517.86"
"15,48 : 328.35"
"15,49 : 866.89"
"16,0 : 553.8"
"16,1 : 800.21"
"16,2 : 523.07"
"16,3 : 90.45"
"16,4 : 630.49"
"16,5 : 53.0"
"16,6 : 426.71"
"16,7 : 392.3"
"16,8 : 447.09"
"16,9 : 668.23"
"16,10 : 652.64"
"16,11 : 95.19"
"16,12 : 416.48"
"16,13 : 539.22"
"16,14 : 490.17"
"16,15 : 120.97"
"16,16 : 0.0"
"16,17 : 495.98"
"16,18 : 338.14"
"16,19 : 491.08"
"16,20 : 665.09"
"16,21 : 866.97"
"16,22 : 669.93"
"16,23 : 830.2"
"16,24 : 629.25"
"16,25 : 435.13"
"16,26 : 709.25"
"16,27 : 622.88"
"16,28 : 171.59"
"16,29 : 731.39"
"16,30 : 830.26"
"16,31 : 790.1"
"16,32 : 549.11"
"16,33 : 733.69"
"16,34 : 686.42"
"16,35 : 568.49"
"16,36 : 864.51"
"16,37 : 561.56"
"16,38 : 537.4"
"16,39 : 683.09"
"16,40 : 834.29"
"16,41 : 728.74"
"16,42 : 526.5"
"16,43 : 713.27"
"16,44 : 877.6"
"16,45 : 830.88"
"16,46 : 742.38"
"16,47 : 618.4"
"16,48 : 397.08"
"16,49 : 935.53"
"17,0 : 598.05"
"17,1 : 312.39"
"17,2 : 644.15"
"17,3 : 464.89"
"17,4 : 136.36"
"17,5 : 497.8"
"17,6 : 473.57"
"17,7 : 106.22"
"17,8 : 518.84"
"17,9 : 731.27"
"17,10 : 362.17"
"17,11 : 409.08"
"17,12 : 474.51"
"17,13 : 404.32"
"17,14 : 274.56"
"17,15 : 484.37"
"17,16 : 495.98"
"17,17 : 0.0"
"17,18 : 706.15"
"17,19 : 103.71"
"17,20 : 396.01"
"17,21 : 591.28"
"17,22 : 448.98"
"17,23 : 390.69"
"17,24 : 133.41"
"17,25 : 391.22"
"17,26 : 793.77"
"17,27 : 185.01"
"17,28 : 328.05"
"17,29 : 412.69"
"17,30 : 348.04"
"17,31 : 708.57"
"17,32 : 861.54"
"17,33 : 248.11"
"17,34 : 800.06"
"17,35 : 775.33"
"17,36 : 593.98"
"17,37 : 171.75"
"17,38 : 108.3"
"17,39 : 282.45"
"17,40 : 570.1"
"17,41 : 654.29"
"17,42 : 524.64"
"17,43 : 795.01"
"17,44 : 422.93"
"17,45 : 552.97"
"17,46 : 766.45"
"17,47 : 457.93"
"17,48 : 247.7"
"17,49 : 530.35"
"18,0 : 396.08"
"18,1 : 959.71"
"18,2 : 318.94"
"18,3 : 428.58"
"18,4 : 819.77"
"18,5 : 291.17"
"18,6 : 351.14"
"18,7 : 604.02"
"18,8 : 333.54"
"18,9 : 453.17"
"18,10 : 686.47"
"18,11 : 355.44"
"18,12 : 754.23"
"18,13 : 521.63"
"18,14 : 555.55"
"18,15 : 252.05"
"18,16 : 338.14"
"18,17 : 706.15"
"18,18 : 0.0"
"18,19 : 743.36"
"18,20 : 680.71"
"18,21 : 834.86"
"18,22 : 652.06"
"18,23 : 929.68"
"18,24 : 830.6"
"18,25 : 424.53"
"18,26 : 469.19"
"18,27 : 760.69"
"18,28 : 416.28"
"18,29 : 760.0"
"18,30 : 977.53"
"18,31 : 642.16"
"18,32 : 212.51"
"18,33 : 895.91"
"18,34 : 432.42"
"18,35 : 280.8"
"18,36 : 829.25"
"18,37 : 825.88"
"18,38 : 697.36"
"18,39 : 780.02"
"18,40 : 800.81"
"18,41 : 591.87"
"18,42 : 419.23"
"18,43 : 474.13"
"18,44 : 985.87"
"18,45 : 807.67"
"18,46 : 534.75"
"18,47 : 579.68"
"18,48 : 497.21"
"18,49 : 990.27"
"19,0 : 682.03"
"19,1 : 369.02"
"19,2 : 720.03"
"19,3 : 442.38"
"19,4 : 196.79"
"19,5 : 503.85"
"19,6 : 550.06"
"19,7 : 151.56"
"19,8 : 595.01"
"19,9 : 817.3"
"19,10 : 465.87"
"19,11 : 415.35"
"19,12 : 388.75"
"19,13 : 499.65"
"19,14 : 370.55"
"19,15 : 504.79"
"19,16 : 491.08"
"19,17 : 103.71"
"19,18 : 743.36"
"19,19 : 0.0"
"19,20 : 499.61"
"19,21 : 694.38"
"19,22 : 551.76"
"19,23 : 474.98"
"19,24 : 177.1"
"19,25 : 473.97"
"19,26 : 878.82"
"19,27 : 281.26"
"19,28 : 337.62"
"19,29 : 515.56"
"19,30 : 409.54"
"19,31 : 807.41"
"19,32 : 914.54"
"19,33 : 311.97"
"19,34 : 881.78"
"19,35 : 843.6"
"19,36 : 697.23"
"19,37 : 85.33"
"19,38 : 211.48"
"19,39 : 380.86"
"19,40 : 673.59"
"19,41 : 751.77"
"19,42 : 610.97"
"19,43 : 880.4"
"19,44 : 499.81"
"19,45 : 656.22"
"19,46 : 857.42"
"19,47 : 557.49"
"19,48 : 328.09"
"19,49 : 620.17"
"20,0 : 361.09"
"20,1 : 399.66"
"20,2 : 446.28"
"20,3 : 688.45"
"20,4 : 380.64"
"20,5 : 634.28"
"20,6 : 330.97"
"20,7 : 400.29"
"20,8 : 358.06"
"20,9 : 454.96"
"20,10 : 36.4"
"20,11 : 573.47"
"20,12 : 833.98"
"20,13 : 159.71"
"20,14 : 179.4"
"20,15 : 579.5"
"20,16 : 665.09"
"20,17 : 396.01"
"20,18 : 680.71"
"20,19 : 499.61"
"20,20 : 0.0"
"20,21 : 211.57"
"20,22 : 67.19"
"20,23 : 287.09"
"20,24 : 411.45"
"20,25 : 259.48"
"20,26 : 515.78"
"20,27 : 253.73"
"20,28 : 517.57"
"20,29 : 79.76"
"20,30 : 391.89"
"20,31 : 345.28"
"20,32 : 741.72"
"20,33 : 363.09"
"20,34 : 541.15"
"20,35 : 593.97"
"20,36 : 211.59"
"20,37 : 560.98"
"20,38 : 290.45"
"20,39 : 181.33"
"20,40 : 183.5"
"20,41 : 305.79"
"20,42 : 294.17"
"20,43 : 514.77"
"20,44 : 344.52"
"20,45 : 172.81"
"20,46 : 454.07"
"20,47 : 127.62"
"20,48 : 274.61"
"20,49 : 310.96"
"21,0 : 459.65"
"21,1 : 500.6"
"21,2 : 550.78"
"21,3 : 896.14"
"21,4 : 545.29"
"21,5 : 832.3"
"21,6 : 488.82"
"21,7 : 608.51"
"21,8 : 501.33"
"21,9 : 500.5"
"21,10 : 237.23"
"21,11 : 777.81"
"21,12 : 1043.15"
"21,13 : 332.39"
"21,14 : 389.79"
"21,15 : 772.91"
"21,16 : 866.97"
"21,17 : 591.28"
"21,18 : 834.86"
"21,19 : 694.38"
"21,20 : 211.57"
"21,21 : 0.0"
"21,22 : 197.46"
"21,23 : 339.73"
"21,24 : 577.19"
"21,25 : 440.37"
"21,26 : 548.74"
"21,27 : 423.02"
"21,28 : 726.18"
"21,29 : 179.01"
"21,30 : 475.48"
"21,31 : 309.59"
"21,32 : 851.51"
"21,33 : 489.49"
"21,34 : 586.39"
"21,35 : 685.49"
"21,36 : 8.94"
"21,37 : 746.2"
"21,38 : 483.02"
"21,39 : 326.17"
"21,40 : 34.23"
"21,41 : 309.1"
"21,42 : 417.16"
"21,43 : 545.89"
"21,44 : 381.03"
"21,45 : 39.12"
"21,46 : 464.06"
"21,47 : 259.56"
"21,48 : 484.26"
"21,49 : 259.02"
"22,0 : 308.38"
"22,1 : 466.59"
"22,2 : 396.79"
"22,3 : 701.71"
"22,4 : 444.11"
"22,5 : 634.85"
"22,6 : 301.24"
"22,7 : 441.24"
"22,8 : 321.46"
"22,9 : 392.9"
"22,10 : 102.12"
"22,11 : 581.62"
"22,12 : 870.37"
"22,13 : 136.24"
"22,14 : 204.48"
"22,15 : 575.61"
"22,16 : 669.93"
"22,17 : 448.98"
"22,18 : 652.06"
"22,19 : 551.76"
"22,20 : 67.19"
"22,21 : 197.46"
"22,22 : 0.0"
"22,23 : 348.39"
"22,24 : 474.43"
"22,25 : 244.07"
"22,26 : 452.64"
"22,27 : 317.91"
"22,28 : 533.16"
"22,29 : 130.1"
"22,30 : 457.91"
"22,31 : 278.65"
"22,32 : 696.47"
"22,33 : 430.2"
"22,34 : 479.9"
"22,35 : 542.55"
"22,36 : 194.65"
"22,37 : 617.19"
"22,38 : 346.62"
"22,39 : 248.52"
"22,40 : 164.4"
"22,41 : 238.65"
"22,42 : 247.68"
"22,43 : 451.4"
"22,44 : 404.88"
"22,45 : 163.03"
"22,46 : 388.21"
"22,47 : 75.17"
"22,48 : 294.82"
"22,49 : 353.28"
"23,0 : 646.57"
"23,1 : 168.72"
"23,2 : 729.02"
"23,3 : 824.15"
"23,4 : 282.31"
"23,5 : 814.28"
"23,6 : 594.78"
"23,7 : 463.0"
"23,8 : 629.33"
"23,9 : 741.11"
"23,10 : 263.6"
"23,11 : 735.22"
"23,12 : 862.35"
"23,13 : 431.93"
"23,14 : 374.73"
"23,15 : 775.52"
"23,16 : 830.2"
"23,17 : 390.69"
"23,18 : 929.68"
"23,19 : 474.98"
"23,20 : 287.09"
"23,21 : 339.73"
"23,22 : 348.39"
"23,23 : 0.0"
"23,24 : 309.59"
"23,25 : 509.28"
"23,26 : 801.03"
"23,27 : 214.0"
"23,28 : 660.98"
"23,29 : 220.63"
"23,30 : 137.27"
"23,31 : 606.0"
"23,32 : 1017.54"
"23,33 : 182.45"
"23,34 : 827.78"
"23,35 : 877.39"
"23,36 : 347.2"
"23,37 : 494.89"
"23,38 : 304.0"
"23,39 : 151.64"
"23,40 : 341.12"
"23,41 : 579.02"
"23,42 : 576.6"
"23,43 : 799.76"
"23,44 : 58.14"
"23,45 : 316.16"
"23,46 : 734.11"
"23,47 : 414.7"
"23,48 : 448.16"
"23,49 : 150.8"
"24,0 : 679.85"
"24,1 : 192.01"
"24,2 : 737.33"
"24,3 : 595.62"
"24,4 : 31.91"
"24,5 : 631.04"
"24,6 : 569.65"
"24,7 : 239.01"
"24,8 : 614.16"
"24,9 : 806.87"
"24,10 : 375.07"
"24,11 : 542.42"
"24,12 : 563.91"
"24,13 : 467.27"
"24,14 : 344.22"
"24,15 : 615.77"
"24,16 : 629.25"
"24,17 : 133.41"
"24,18 : 830.6"
"24,19 : 177.1"
"24,20 : 411.45"
"24,21 : 577.19"
"24,22 : 474.43"
"24,23 : 309.59"
"24,24 : 0.0"
"24,25 : 481.25"
"24,26 : 870.32"
"24,27 : 158.4"
"24,28 : 461.39"
"24,29 : 401.92"
"24,30 : 232.48"
"24,31 : 749.99"
"24,32 : 975.4"
"24,33 : 136.12"
"24,34 : 882.34"
"24,35 : 875.96"
"24,36 : 581.74"
"24,37 : 185.32"
"24,38 : 150.23"
"24,39 : 251.03"
"24,40 : 562.75"
"24,41 : 702.05"
"24,42 : 604.01"
"24,43 : 870.9"
"24,44 : 327.3"
"24,45 : 541.79"
"24,46 : 831.05"
"24,47 : 503.24"
"24,48 : 349.28"
"24,49 : 459.27"
"25,0 : 208.06"
"25,1 : 563.87"
"25,2 : 256.13"
"25,3 : 479.18"
"25,4 : 460.14"
"25,5 : 395.84"
"25,6 : 90.92"
"25,7 : 326.74"
"25,8 : 133.7"
"25,9 : 343.59"
"25,10 : 262.27"
"25,11 : 353.36"
"25,12 : 702.35"
"25,13 : 108.02"
"25,14 : 145.96"
"25,15 : 333.62"
"25,16 : 435.13"
"25,17 : 391.22"
"25,18 : 424.53"
"25,19 : 473.97"
"25,20 : 259.48"
"25,21 : 440.37"
"25,22 : 244.07"
"25,23 : 509.28"
"25,24 : 481.25"
"25,25 : 0.0"
"25,26 : 404.86"
"25,27 : 366.9"
"25,28 : 321.89"
"25,29 : 337.48"
"25,30 : 573.79"
"25,31 : 378.36"
"25,32 : 514.76"
"25,33 : 506.11"
"25,34 : 409.01"
"25,35 : 396.47"
"25,36 : 436.77"
"25,37 : 556.3"
"25,38 : 331.32"
"25,39 : 363.48"
"25,40 : 406.6"
"25,41 : 316.25"
"25,42 : 138.6"
"25,43 : 406.47"
"25,44 : 566.56"
"25,45 : 407.01"
"25,46 : 389.42"
"25,47 : 184.35"
"25,48 : 145.88"
"25,49 : 566.36"
"26,0 : 196.86"
"26,1 : 909.39"
"26,2 : 187.28"
"26,3 : 785.2"
"26,4 : 845.13"
"26,5 : 656.91"
"26,6 : 336.12"
"26,7 : 730.94"
"26,8 : 294.77"
"26,9 : 63.51"
"26,10 : 544.59"
"26,11 : 664.53"
"26,12 : 1069.29"
"26,13 : 404.47"
"26,14 : 526.8"
"26,15 : 588.46"
"26,16 : 709.25"
"26,17 : 793.77"
"26,18 : 469.19"
"26,19 : 878.82"
"26,20 : 515.78"
"26,21 : 548.74"
"26,22 : 452.64"
"26,23 : 801.03"
"26,24 : 870.32"
"26,25 : 404.86"
"26,26 : 0.0"
"26,27 : 732.55"
"26,28 : 672.16"
"26,29 : 581.49"
"26,30 : 905.96"
"26,31 : 251.25"
"26,32 : 367.01"
"26,33 : 863.67"
"26,34 : 45.54"
"26,35 : 201.07"
"26,36 : 540.3"
"26,37 : 960.86"
"26,38 : 721.4"
"26,39 : 689.41"
"26,40 : 522.08"
"26,41 : 239.72"
"26,42 : 269.15"
"26,43 : 5.1"
"26,44 : 857.32"
"26,45 : 541.21"
"26,46 : 92.31"
"26,47 : 390.36"
"26,48 : 550.73"
"26,49 : 786.8"
"27,0 : 549.43"
"27,1 : 199.72"
"27,2 : 616.88"
"27,3 : 611.81"
"27,4 : 127.14"
"27,5 : 611.31"
"27,6 : 457.81"
"27,7 : 249.01"
"27,8 : 499.65"
"27,9 : 669.16"
"27,10 : 217.34"
"27,11 : 528.73"
"27,12 : 659.3"
"27,13 : 328.67"
"27,14 : 221.07"
"27,15 : 579.25"
"27,16 : 622.88"
"27,17 : 185.01"
"27,18 : 760.69"
"27,19 : 281.26"
"27,20 : 253.73"
"27,21 : 423.02"
"27,22 : 317.91"
"27,23 : 214.0"
"27,24 : 158.4"
"27,25 : 366.9"
"27,26 : 732.55"
"27,27 : 0.0"
"27,28 : 451.95"
"27,29 : 245.46"
"27,30 : 217.61"
"27,31 : 595.4"
"27,32 : 879.37"
"27,33 : 139.28"
"27,34 : 748.95"
"27,35 : 761.65"
"27,36 : 427.02"
"27,37 : 324.05"
"27,38 : 90.0"
"27,39 : 100.12"
"27,40 : 406.61"
"27,41 : 549.99"
"27,42 : 473.43"
"27,43 : 732.63"
"27,44 : 255.99"
"27,45 : 386.52"
"27,46 : 685.83"
"27,47 : 353.01"
"27,48 : 263.69"
"27,49 : 346.62"
"28,0 : 489.81"
"28,1 : 628.96"
"28,2 : 487.8"
"28,3 : 171.3"
"28,4 : 460.82"
"28,5 : 169.92"
"28,6 : 347.2"
"28,7 : 222.73"
"28,8 : 381.49"
"28,9 : 620.42"
"28,10 : 500.34"
"28,11 : 81.02"
"28,12 : 397.13"
"28,13 : 413.19"
"28,14 : 338.42"
"28,15 : 168.61"
"28,16 : 171.59"
"28,17 : 328.05"
"28,18 : 416.28"
"28,19 : 337.62"
"28,20 : 517.57"
"28,21 : 726.18"
"28,22 : 533.16"
"28,23 : 660.98"
"28,24 : 461.39"
"28,25 : 321.89"
"28,26 : 672.16"
"28,27 : 451.95"
"28,28 : 0.0"
"28,29 : 577.44"
"28,30 : 658.7"
"28,31 : 698.64"
"28,32 : 606.6"
"28,33 : 562.38"
"28,34 : 659.7"
"28,35 : 575.3"
"28,36 : 724.81"
"28,37 : 415.89"
"28,38 : 365.89"
"28,39 : 515.94"
"28,40 : 695.07"
"28,41 : 636.29"
"28,42 : 442.14"
"28,43 : 675.31"
"28,44 : 707.28"
"28,45 : 688.49"
"28,46 : 684.27"
"28,47 : 493.06"
"28,48 : 243.07"
"28,49 : 771.58"
"29,0 : 436.59"
"29,1 : 354.01"
"29,2 : 523.38"
"29,3 : 748.73"
"29,4 : 370.07"
"29,5 : 703.31"
"29,6 : 410.65"
"29,7 : 436.24"
"29,8 : 437.71"
"29,9 : 522.44"
"29,10 : 79.16"
"29,11 : 638.19"
"29,12 : 870.4"
"29,13 : 239.43"
"29,14 : 241.25"
"29,15 : 651.15"
"29,16 : 731.39"
"29,17 : 412.69"
"29,18 : 760.0"
"29,19 : 515.56"
"29,20 : 79.76"
"29,21 : 179.01"
"29,22 : 130.1"
"29,23 : 220.63"
"29,24 : 401.92"
"29,25 : 337.48"
"29,26 : 581.49"
"29,27 : 245.46"
"29,28 : 577.44"
"29,29 : 0.0"
"29,30 : 339.14"
"29,31 : 388.91"
"29,32 : 820.4"
"29,33 : 328.71"
"29,34 : 609.68"
"29,35 : 670.39"
"29,36 : 182.33"
"29,37 : 567.54"
"29,38 : 304.38"
"29,39 : 152.46"
"29,40 : 161.15"
"29,41 : 358.8"
"29,42 : 371.96"
"29,43 : 580.07"
"29,44 : 276.02"
"29,45 : 141.5"
"29,46 : 513.48"
"29,47 : 201.68"
"29,48 : 335.53"
"29,49 : 231.21"
"30,0 : 737.48"
"30,1 : 43.46"
"30,2 : 813.42"
"30,3 : 809.33"
"30,4 : 215.33"
"30,5 : 822.95"
"30,6 : 663.81"
"30,7 : 441.57"
"30,8 : 703.07"
"30,9 : 844.11"
"30,10 : 361.46"
"30,11 : 737.85"
"30,12 : 795.69"
"30,13 : 515.57"
"30,14 : 429.09"
"30,15 : 794.6"
"30,16 : 830.26"
"30,17 : 348.04"
"30,18 : 977.53"
"30,19 : 409.54"
"30,20 : 391.89"
"30,21 : 475.48"
"30,22 : 457.91"
"30,23 : 137.27"
"30,24 : 232.48"
"30,25 : 573.79"
"30,26 : 905.96"
"30,27 : 217.61"
"30,28 : 658.7"
"30,29 : 339.14"
"30,30 : 0.0"
"30,31 : 727.96"
"30,32 : 1088.55"
"30,33 : 99.98"
"30,34 : 928.7"
"30,35 : 961.0"
"30,36 : 482.68"
"30,37 : 407.75"
"30,38 : 294.27"
"30,39 : 218.25"
"30,40 : 474.64"
"30,41 : 695.24"
"30,42 : 663.61"
"30,43 : 905.22"
"30,44 : 117.52"
"30,45 : 449.9"
"30,46 : 845.92"
"30,47 : 515.61"
"30,48 : 481.05"
"30,49 : 274.02"
"31,0 : 250.58"
"31,1 : 740.9"
"31,2 : 323.82"
"31,3 : 847.48"
"31,4 : 720.41"
"31,5 : 743.24"
"31,6 : 363.47"
"31,7 : 677.28"
"31,8 : 346.23"
"31,9 : 217.57"
"31,10 : 380.76"
"31,11 : 720.07"
"31,12 : 1079.37"
"31,13 : 311.33"
"31,14 : 437.51"
"31,15 : 674.31"
"31,16 : 790.1"
"31,17 : 708.57"
"31,18 : 642.16"
"31,19 : 807.41"
"31,20 : 345.28"
"31,21 : 309.59"
"31,22 : 278.65"
"31,23 : 606.0"
"31,24 : 749.99"
"31,25 : 378.36"
"31,26 : 251.25"
"31,27 : 595.4"
"31,28 : 698.64"
"31,29 : 388.91"
"31,30 : 727.96"
"31,31 : 0.0"
"31,32 : 596.78"
"31,33 : 708.03"
"31,34 : 293.89"
"31,35 : 423.79"
"31,36 : 300.74"
"31,37 : 880.07"
"31,38 : 614.0"
"31,39 : 526.01"
"31,40 : 288.01"
"31,41 : 62.37"
"31,42 : 263.62"
"31,43 : 247.51"
"31,44 : 657.88"
"31,45 : 310.42"
"31,46 : 160.42"
"31,47 : 250.78"
"31,48 : 501.73"
"31,49 : 562.16"
"32,0 : 392.95"
"32,1 : 1077.9"
"32,2 : 301.84"
"32,3 : 639.35"
"32,4 : 959.46"
"32,5 : 500.37"
"32,6 : 425.09"
"32,7 : 766.93"
"32,8 : 388.28"
"32,9 : 380.59"
"32,10 : 757.3"
"32,11 : 556.0"
"32,12 : 963.77"
"32,13 : 586.46"
"32,14 : 660.0"
"32,15 : 453.13"
"32,16 : 549.11"
"32,17 : 861.54"
"32,18 : 212.51"
"32,19 : 914.54"
"32,20 : 741.72"
"32,21 : 851.51"
"32,22 : 696.47"
"32,23 : 1017.54"
"32,24 : 975.4"
"32,25 : 514.76"
"32,26 : 367.01"
"32,27 : 879.37"
"32,28 : 606.6"
"32,29 : 820.4"
"32,30 : 1088.55"
"32,31 : 596.78"
"32,32 : 0.0"
"32,33 : 1018.52"
"32,34 : 322.04"
"32,35 : 173.0"
"32,36 : 844.34"
"32,37 : 999.32"
"32,38 : 831.28"
"32,39 : 876.47"
"32,40 : 819.48"
"32,41 : 562.28"
"32,42 : 449.0"
"32,43 : 372.0"
"32,44 : 1075.55"
"32,45 : 832.3"
"32,46 : 453.59"
"32,47 : 621.42"
"32,48 : 627.06"
"32,49 : 1049.41"
"33,0 : 684.94"
"33,1 : 66.65"
"33,2 : 754.79"
"33,3 : 710.44"
"33,4 : 116.02"
"33,5 : 728.35"
"33,6 : 597.02"
"33,7 : 343.2"
"33,8 : 638.63"
"33,9 : 800.64"
"33,10 : 328.49"
"33,11 : 642.21"
"33,12 : 699.85"
"33,13 : 462.65"
"33,14 : 360.2"
"33,15 : 703.09"
"33,16 : 733.69"
"33,17 : 248.11"
"33,18 : 895.91"
"33,19 : 311.97"
"33,20 : 363.09"
"33,21 : 489.49"
"33,22 : 430.2"
"33,23 : 182.45"
"33,24 : 136.12"
"33,25 : 506.11"
"33,26 : 863.67"
"33,27 : 139.28"
"33,28 : 562.38"
"33,29 : 328.71"
"33,30 : 99.98"
"33,31 : 708.03"
"33,32 : 1018.52"
"33,33 : 0.0"
"33,34 : 882.35"
"33,35 : 900.25"
"33,36 : 495.46"
"33,37 : 318.1"
"33,38 : 202.04"
"33,39 : 182.02"
"33,40 : 481.63"
"33,41 : 668.26"
"33,42 : 609.33"
"33,43 : 863.44"
"33,44 : 192.39"
"33,45 : 458.25"
"33,46 : 811.53"
"33,47 : 477.09"
"33,48 : 399.01"
"33,49 : 333.12"
"34,0 : 202.8"
"34,1 : 930.24"
"34,2 : 171.96"
"34,3 : 764.93"
"34,4 : 858.17"
"34,5 : 633.68"
"34,6 : 333.47"
"34,7 : 732.26"
"34,8 : 289.89"
"34,9 : 87.8"
"34,10 : 568.32"
"34,11 : 646.84"
"34,12 : 1056.19"
"34,13 : 420.33"
"34,14 : 538.11"
"34,15 : 566.26"
"34,16 : 686.42"
"34,17 : 800.06"
"34,18 : 432.42"
"34,19 : 881.78"
"34,20 : 541.15"
"34,21 : 586.39"
"34,22 : 479.9"
"34,23 : 827.78"
"34,24 : 882.34"
"34,25 : 409.01"
"34,26 : 45.54"
"34,27 : 748.95"
"34,28 : 659.7"
"34,29 : 609.68"
"34,30 : 928.7"
"34,31 : 293.89"
"34,32 : 322.04"
"34,33 : 882.35"
"34,34 : 0.0"
"34,35 : 158.66"
"34,36 : 578.08"
"34,37 : 964.87"
"34,38 : 732.55"
"34,39 : 711.07"
"34,40 : 558.73"
"34,41 : 277.58"
"34,42 : 278.34"
"34,43 : 50.36"
"34,44 : 884.65"
"34,45 : 577.03"
"34,46 : 136.93"
"34,47 : 414.2"
"34,48 : 554.33"
"34,49 : 819.92"
"35,0 : 234.18"
"35,1 : 955.36"
"35,2 : 148.4"
"35,3 : 653.31"
"35,4 : 855.98"
"35,5 : 515.66"
"35,6 : 306.54"
"35,7 : 692.12"
"35,8 : 262.77"
"35,9 : 207.89"
"35,10 : 613.96"
"35,11 : 545.82"
"35,12 : 962.54"
"35,13 : 446.98"
"35,14 : 540.93"
"35,15 : 453.27"
"35,16 : 568.49"
"35,17 : 775.33"
"35,18 : 280.8"
"35,19 : 843.6"
"35,20 : 593.97"
"35,21 : 685.49"
"35,22 : 542.55"
"35,23 : 877.39"
"35,24 : 875.96"
"35,25 : 396.47"
"35,26 : 201.07"
"35,27 : 761.65"
"35,28 : 575.3"
"35,29 : 670.39"
"35,30 : 961.0"
"35,31 : 423.79"
"35,32 : 173.0"
"35,33 : 900.25"
"35,34 : 158.66"
"35,35 : 0.0"
"35,36 : 677.99"
"35,37 : 928.78"
"35,38 : 726.82"
"35,39 : 744.14"
"35,40 : 654.34"
"35,41 : 390.45"
"35,42 : 300.79"
"35,43 : 206.17"
"35,44 : 935.48"
"35,45 : 668.69"
"35,46 : 283.0"
"35,47 : 468.81"
"35,48 : 529.24"
"35,49 : 895.23"
"36,0 : 452.75"
"36,1 : 507.39"
"36,2 : 543.82"
"36,3 : 894.52"
"36,4 : 549.84"
"36,5 : 829.44"
"36,6 : 483.91"
"36,7 : 609.69"
"36,8 : 495.78"
"36,9 : 492.31"
"36,10 : 238.25"
"36,11 : 775.7"
"36,12 : 1044.22"
"36,13 : 328.88"
"36,14 : 389.08"
"36,15 : 769.66"
"36,16 : 864.51"
"36,17 : 593.98"
"36,18 : 829.25"
"36,19 : 697.23"
"36,20 : 211.59"
"36,21 : 8.94"
"36,22 : 194.65"
"36,23 : 347.2"
"36,24 : 581.74"
"36,25 : 436.77"
"36,26 : 540.3"
"36,27 : 427.02"
"36,28 : 724.81"
"36,29 : 182.33"
"36,30 : 482.68"
"36,31 : 300.74"
"36,32 : 844.34"
"36,33 : 495.46"
"36,34 : 578.08"
"36,35 : 677.99"
"36,36 : 0.0"
"36,37 : 749.82"
"36,38 : 485.78"
"36,39 : 330.72"
"36,40 : 30.27"
"36,41 : 300.71"
"36,42 : 411.17"
"36,43 : 537.42"
"36,44 : 389.0"
"36,45 : 41.01"
"36,46 : 455.42"
"36,47 : 255.16"
"36,48 : 483.26"
"36,49 : 267.86"
"37,0 : 764.28"
"37,1 : 364.77"
"37,2 : 804.3"
"37,3 : 505.01"
"37,4 : 213.85"
"37,5 : 578.6"
"37,6 : 634.04"
"37,7 : 236.66"
"37,8 : 679.11"
"37,9 : 898.93"
"37,10 : 525.87"
"37,11 : 491.29"
"37,12 : 395.01"
"37,13 : 575.82"
"37,14 : 446.08"
"37,15 : 584.21"
"37,16 : 561.56"
"37,17 : 171.75"
"37,18 : 825.88"
"37,19 : 85.33"
"37,20 : 560.98"
"37,21 : 746.2"
"37,22 : 617.19"
"37,23 : 494.89"
"37,24 : 185.32"
"37,25 : 556.3"
"37,26 : 960.86"
"37,27 : 324.05"
"37,28 : 415.89"
"37,29 : 567.54"
"37,30 : 407.75"
"37,31 : 880.07"
"37,32 : 999.32"
"37,33 : 318.1"
"37,34 : 964.87"
"37,35 : 928.78"
"37,36 : 749.82"
"37,37 : 0.0"
"37,38 : 270.8"
"37,39 : 423.56"
"37,40 : 728.06"
"37,41 : 826.02"
"37,42 : 692.3"
"37,43 : 962.31"
"37,44 : 510.48"
"37,45 : 709.03"
"37,46 : 936.74"
"37,47 : 629.33"
"37,48 : 410.59"
"37,49 : 644.52"
"38,0 : 529.91"
"38,1 : 268.2"
"38,2 : 587.28"
"38,3 : 522.98"
"38,4 : 129.24"
"38,5 : 528.73"
"38,6 : 420.3"
"38,7 : 159.01"
"38,8 : 464.56"
"38,9 : 658.04"
"38,10 : 255.77"
"38,11 : 444.18"
"38,12 : 576.11"
"38,13 : 320.35"
"38,14 : 194.66"
"38,15 : 501.29"
"38,16 : 537.4"
"38,17 : 108.3"
"38,18 : 697.36"
"38,19 : 211.48"
"38,20 : 290.45"
"38,21 : 483.02"
"38,22 : 346.62"
"38,23 : 304.0"
"38,24 : 150.23"
"38,25 : 331.32"
"38,26 : 721.4"
"38,27 : 90.0"
"38,28 : 365.89"
"38,29 : 304.38"
"38,30 : 294.27"
"38,31 : 614.0"
"38,32 : 831.28"
"38,33 : 202.04"
"38,34 : 732.55"
"38,35 : 726.82"
"38,36 : 485.78"
"38,37 : 270.8"
"38,38 : 0.0"
"38,39 : 178.84"
"38,40 : 462.14"
"38,41 : 562.61"
"38,42 : 454.22"
"38,43 : 722.11"
"38,44 : 344.95"
"38,45 : 444.77"
"38,46 : 685.17"
"38,47 : 363.8"
"38,48 : 204.47"
"38,49 : 434.22"
"39,0 : 519.27"
"39,1 : 220.24"
"39,2 : 596.16"
"39,3 : 682.53"
"39,4 : 219.13"
"39,5 : 665.03"
"39,6 : 451.57"
"39,7 : 332.61"
"39,8 : 488.86"
"39,9 : 627.11"
"39,10 : 147.5"
"39,11 : 587.92"
"39,12 : 754.75"
"39,13 : 297.72"
"39,14 : 224.47"
"39,15 : 624.6"
"39,16 : 683.09"
"39,17 : 282.45"
"39,18 : 780.02"
"39,19 : 380.86"
"39,20 : 181.33"
"39,21 : 326.17"
"39,22 : 248.52"
"39,23 : 151.64"
"39,24 : 251.03"
"39,25 : 363.48"
"39,26 : 689.41"
"39,27 : 100.12"
"39,28 : 515.94"
"39,29 : 152.46"
"39,30 : 218.25"
"39,31 : 526.01"
"39,32 : 876.47"
"39,33 : 182.02"
"39,34 : 711.07"
"39,35 : 744.14"
"39,36 : 330.72"
"39,37 : 423.56"
"39,38 : 178.84"
"39,39 : 0.0"
"39,40 : 312.24"
"39,41 : 486.99"
"39,42 : 445.66"
"39,43 : 688.84"
"39,44 : 206.17"
"39,45 : 290.88"
"39,46 : 632.87"
"39,47 : 299.6"
"39,48 : 296.74"
"39,49 : 259.21"
"40,0 : 427.14"
"40,1 : 497.21"
"40,2 : 518.35"
"40,3 : 864.63"
"40,4 : 530.87"
"40,5 : 799.17"
"40,6 : 454.59"
"40,7 : 582.88"
"40,8 : 467.27"
"40,9 : 472.22"
"40,10 : 211.63"
"40,11 : 745.59"
"40,12 : 1017.13"
"40,13 : 298.67"
"40,14 : 359.94"
"40,15 : 739.42"
"40,16 : 834.29"
"40,17 : 570.1"
"40,18 : 800.81"
"40,19 : 673.59"
"40,20 : 183.5"
"40,21 : 34.23"
"40,22 : 164.4"
"40,23 : 341.12"
"40,24 : 562.75"
"40,25 : 406.6"
"40,26 : 522.08"
"40,27 : 406.61"
"40,28 : 695.07"
"40,29 : 161.15"
"40,30 : 474.64"
"40,31 : 288.01"
"40,32 : 819.48"
"40,33 : 481.63"
"40,34 : 558.73"
"40,35 : 654.34"
"40,36 : 30.27"
"40,37 : 728.06"
"40,38 : 462.14"
"40,39 : 312.24"
"40,40 : 0.0"
"40,41 : 282.46"
"40,42 : 383.42"
"40,43 : 519.39"
"40,44 : 386.09"
"40,45 : 25.02"
"40,46 : 439.16"
"40,47 : 225.38"
"40,48 : 453.84"
"40,49 : 274.85"
"41,0 : 196.47"
"41,1 : 705.13"
"41,2 : 276.59"
"41,3 : 785.37"
"41,4 : 673.19"
"41,5 : 682.3"
"41,6 : 302.03"
"41,7 : 618.97"
"41,8 : 286.71"
"41,9 : 193.04"
"41,10 : 339.78"
"41,11 : 657.96"
"41,12 : 1017.77"
"41,13 : 253.19"
"41,14 : 381.24"
"41,15 : 613.61"
"41,16 : 728.74"
"41,17 : 654.29"
"41,18 : 591.87"
"41,19 : 751.77"
"41,20 : 305.79"
"41,21 : 309.1"
"41,22 : 238.65"
"41,23 : 579.02"
"41,24 : 702.05"
"41,25 : 316.25"
"41,26 : 239.72"
"41,27 : 549.99"
"41,28 : 636.29"
"41,29 : 358.8"
"41,30 : 695.24"
"41,31 : 62.37"
"41,32 : 562.28"
"41,33 : 668.26"
"41,34 : 277.58"
"41,35 : 390.45"
"41,36 : 300.71"
"41,37 : 826.02"
"41,38 : 562.61"
"41,39 : 486.99"
"41,40 : 282.46"
"41,41 : 0.0"
"41,42 : 202.32"
"41,43 : 236.97"
"41,44 : 633.09"
"41,45 : 302.05"
"41,46 : 158.47"
"41,47 : 199.1"
"41,48 : 441.81"
"41,49 : 550.28"
"42,0 : 76.16"
"42,1 : 660.85"
"42,2 : 152.5"
"42,3 : 584.91"
"42,4 : 580.04"
"42,5 : 480.0"
"42,6 : 99.86"
"42,7 : 465.01"
"42,8 : 89.45"
"42,9 : 206.7"
"42,10 : 313.18"
"42,11 : 457.59"
"42,12 : 832.69"
"42,13 : 148.06"
"42,14 : 259.79"
"42,15 : 411.44"
"42,16 : 526.5"
"42,17 : 524.64"
"42,18 : 419.23"
"42,19 : 610.97"
"42,20 : 294.17"
"42,21 : 417.16"
"42,22 : 247.68"
"42,23 : 576.6"
"42,24 : 604.01"
"42,25 : 138.6"
"42,26 : 269.15"
"42,27 : 473.43"
"42,28 : 442.14"
"42,29 : 371.96"
"42,30 : 663.61"
"42,31 : 263.62"
"42,32 : 449.0"
"42,33 : 609.33"
"42,34 : 278.34"
"42,35 : 300.79"
"42,36 : 411.17"
"42,37 : 692.3"
"42,38 : 454.22"
"42,39 : 445.66"
"42,40 : 383.42"
"42,41 : 202.32"
"42,42 : 0.0"
"42,43 : 270.36"
"42,44 : 634.69"
"42,45 : 392.33"
"42,46 : 251.25"
"42,47 : 172.53"
"42,48 : 283.39"
"42,49 : 600.4"
"43,0 : 198.6"
"43,1 : 908.88"
"43,2 : 191.01"
"43,3 : 789.0"
"43,4 : 845.59"
"43,5 : 660.96"
"43,6 : 338.5"
"43,7 : 732.73"
"43,8 : 297.41"
"43,9 : 64.07"
"43,10 : 543.8"
"43,11 : 668.14"
"43,12 : 1072.44"
"43,13 : 404.75"
"43,14 : 527.55"
"43,15 : 592.45"
"43,16 : 713.27"
"43,17 : 795.01"
"43,18 : 474.13"
"43,19 : 880.4"
"43,20 : 514.77"
"43,21 : 545.89"
"43,22 : 451.4"
"43,23 : 799.76"
"43,24 : 870.9"
"43,25 : 406.47"
"43,26 : 5.1"
"43,27 : 732.63"
"43,28 : 675.31"
"43,29 : 580.07"
"43,30 : 905.22"
"43,31 : 247.51"
"43,32 : 372.0"
"43,33 : 863.44"
"43,34 : 50.36"
"43,35 : 206.17"
"43,36 : 537.42"
"43,37 : 962.31"
"43,38 : 722.11"
"43,39 : 688.84"
"43,40 : 519.39"
"43,41 : 236.97"
"43,42 : 270.36"
"43,43 : 0.0"
"43,44 : 855.97"
"43,45 : 538.66"
"43,46 : 88.14"
"43,47 : 389.63"
"43,48 : 552.33"
"43,49 : 784.63"
"44,0 : 704.48"
"44,1 : 158.04"
"44,2 : 787.13"
"44,3 : 867.72"
"44,4 : 303.42"
"44,5 : 863.62"
"44,6 : 652.51"
"44,7 : 502.84"
"44,8 : 687.31"
"44,9 : 797.78"
"44,10 : 321.62"
"44,11 : 782.97"
"44,12 : 888.55"
"44,13 : 490.06"
"44,14 : 430.45"
"44,15 : 826.93"
"44,16 : 877.6"
"44,17 : 422.93"
"44,18 : 985.87"
"44,19 : 499.81"
"44,20 : 344.52"
"44,21 : 381.03"
"44,22 : 404.88"
"44,23 : 58.14"
"44,24 : 327.3"
"44,25 : 566.56"
"44,26 : 857.32"
"44,27 : 255.99"
"44,28 : 707.28"
"44,29 : 276.02"
"44,30 : 117.52"
"44,31 : 657.88"
"44,32 : 1075.55"
"44,33 : 192.39"
"44,34 : 884.65"
"44,35 : 935.48"
"44,36 : 389.0"
"44,37 : 510.48"
"44,38 : 344.95"
"44,39 : 206.17"
"44,40 : 386.09"
"44,41 : 633.09"
"44,42 : 634.69"
"44,43 : 855.97"
"44,44 : 0.0"
"44,45 : 361.09"
"44,46 : 789.08"
"44,47 : 472.14"
"44,48 : 500.92"
"44,49 : 157.62"
"45,0 : 439.43"
"45,1 : 472.84"
"45,2 : 530.65"
"45,3 : 858.73"
"45,4 : 509.88"
"45,5 : 796.98"
"45,6 : 459.38"
"45,7 : 569.4"
"45,8 : 474.32"
"45,9 : 490.07"
"45,10 : 198.11"
"45,11 : 741.13"
"45,12 : 1004.04"
"45,13 : 299.04"
"45,14 : 351.48"
"45,15 : 738.43"
"45,16 : 830.88"
"45,17 : 552.97"
"45,18 : 807.67"
"45,19 : 656.22"
"45,20 : 172.81"
"45,21 : 39.12"
"45,22 : 163.03"
"45,23 : 316.16"
"45,24 : 541.79"
"45,25 : 407.01"
"45,26 : 541.21"
"45,27 : 386.52"
"45,28 : 688.49"
"45,29 : 141.5"
"45,30 : 449.9"
"45,31 : 310.42"
"45,32 : 832.3"
"45,33 : 458.25"
"45,34 : 577.03"
"45,35 : 668.69"
"45,36 : 41.01"
"45,37 : 709.03"
"45,38 : 444.77"
"45,39 : 290.88"
"45,40 : 25.02"
"45,41 : 302.05"
"45,42 : 392.33"
"45,43 : 538.66"
"45,44 : 361.09"
"45,45 : 0.0"
"45,46 : 459.61"
"45,47 : 229.17"
"45,48 : 446.2"
"45,49 : 251.79"
"46,0 : 194.49"
"46,1 : 852.86"
"46,2 : 225.69"
"46,3 : 812.2"
"46,4 : 804.04"
"46,5 : 691.44"
"46,6 : 337.72"
"46,7 : 714.28"
"46,8 : 303.4"
"46,9 : 81.6"
"46,10 : 485.71"
"46,11 : 687.48"
"46,12 : 1079.31"
"46,13 : 364.86"
"46,14 : 493.19"
"46,15 : 621.77"
"46,16 : 742.38"
"46,17 : 766.45"
"46,18 : 534.75"
"46,19 : 857.42"
"46,20 : 454.07"
"46,21 : 464.06"
"46,22 : 388.21"
"46,23 : 734.11"
"46,24 : 831.05"
"46,25 : 389.42"
"46,26 : 92.31"
"46,27 : 685.83"
"46,28 : 684.27"
"46,29 : 513.48"
"46,30 : 845.92"
"46,31 : 160.42"
"46,32 : 453.59"
"46,33 : 811.53"
"46,34 : 136.93"
"46,35 : 283.0"
"46,36 : 455.42"
"46,37 : 936.74"
"46,38 : 685.17"
"46,39 : 632.87"
"46,40 : 439.16"
"46,41 : 158.47"
"46,42 : 251.25"
"46,43 : 88.14"
"46,44 : 789.08"
"46,45 : 459.61"
"46,46 : 0.0"
"46,47 : 334.46"
"46,48 : 532.28"
"46,49 : 708.7"
"47,0 : 234.91"
"47,1 : 519.84"
"47,2 : 322.3"
"47,3 : 657.46"
"47,4 : 474.69"
"47,5 : 580.07"
"47,6 : 230.24"
"47,7 : 432.47"
"47,8 : 247.55"
"47,9 : 328.7"
"47,10 : 154.31"
"47,11 : 533.82"
"47,12 : 850.14"
"47,13 : 80.11"
"47,14 : 189.99"
"47,15 : 517.86"
"47,16 : 618.4"
"47,17 : 457.93"
"47,18 : 579.68"
"47,19 : 557.49"
"47,20 : 127.62"
"47,21 : 259.56"
"47,22 : 75.17"
"47,23 : 414.7"
"47,24 : 503.24"
"47,25 : 184.35"
"47,26 : 390.36"
"47,27 : 353.01"
"47,28 : 493.06"
"47,29 : 201.68"
"47,30 : 515.61"
"47,31 : 250.78"
"47,32 : 621.42"
"47,33 : 477.09"
"47,34 : 414.2"
"47,35 : 468.81"
"47,36 : 255.16"
"47,37 : 629.33"
"47,38 : 363.8"
"47,39 : 299.6"
"47,40 : 225.38"
"47,41 : 199.1"
"47,42 : 172.53"
"47,43 : 389.63"
"47,44 : 472.14"
"47,45 : 229.17"
"47,46 : 334.46"
"47,47 : 0.0"
"47,48 : 266.85"
"47,49 : 428.09"
"48,0 : 353.94"
"48,1 : 462.5"
"48,2 : 396.45"
"48,3 : 414.2"
"48,4 : 332.41"
"48,5 : 372.79"
"48,6 : 225.87"
"48,7 : 182.0"
"48,8 : 271.14"
"48,9 : 489.33"
"48,10 : 257.67"
"48,11 : 303.08"
"48,12 : 583.4"
"48,13 : 192.31"
"48,14 : 95.34"
