x,y
356,272
638,807
789,908
949,566
660,85
990,256
12,644
25,295
880,193
710,763
706,724
11,883
530,942
284,679
918,396
281,356
767,640
439,501
328,232
112,503
110,184
552,250
102,874
310,685
622,291
942,305
64,916
837,35
404,20
50,683
459,703
44,38
404,346
365,86
276,135
80,144
570,95
600,527
435,523
586,551
181,650
765,5
788,749
164,759
893,767
841,845
49,258
615,745
402,557
5,609

Distanze
"0,0 : 0.0"
"0,1 : 604.77"
"0,2 : 769.41"
"0,3 : 661.88"
"0,4 : 356.91"
"0,5 : 634.2"
"0,6 : 506.68"
"0,7 : 331.8"
"0,8 : 529.92"
"0,9 : 605.31"
"0,10 : 571.67"
"0,11 : 701.67"
"0,12 : 692.23"
"0,13 : 413.32"
"0,14 : 575.52"
"0,15 : 112.61"
"0,16 : 551.67"
"0,17 : 243.58"
"0,18 : 48.83"
"0,19 : 336.0"
"0,20 : 261.27"
"0,21 : 197.23"
"0,22 : 653.39"
"0,23 : 415.55"
"0,24 : 266.68"
"0,25 : 586.93"
"0,26 : 707.11"
"0,27 : 536.22"
"0,28 : 256.53"
"0,29 : 512.4"
"0,30 : 443.14"
"0,31 : 390.0"
"0,32 : 88.2"
"0,33 : 186.22"
"0,34 : 158.65"
"0,35 : 304.24"
"0,36 : 277.71"
"0,37 : 352.93"
"0,38 : 263.14"
"0,39 : 361.58"
"0,40 : 416.54"
"0,41 : 488.44"
"0,42 : 643.55"
"0,43 : 523.48"
"0,44 : 730.34"
"0,45 : 750.7"
"0,46 : 307.32"
"0,47 : 539.27"
"0,48 : 288.69"
"0,49 : 486.59"
"1,0 : 604.77"
"1,1 : 0.0"
"1,2 : 181.66"
"1,3 : 393.45"
"1,4 : 722.34"
"1,5 : 653.84"
"1,6 : 646.87"
"1,7 : 798.69"
"1,8 : 659.97"
"1,9 : 84.38"
"1,10 : 107.3"
"1,11 : 631.59"
"1,12 : 172.88"
"1,13 : 376.43"
"1,14 : 497.31"
"1,15 : 575.2"
"1,16 : 211.02"
"1,17 : 365.02"
"1,18 : 653.24"
"1,19 : 607.53"
"1,20 : 816.65"
"1,21 : 563.6"
"1,22 : 540.17"
"1,23 : 349.95"
"1,24 : 516.25"
"1,25 : 586.87"
"1,26 : 584.26"
"1,27 : 797.24"
"1,28 : 821.05"
"1,29 : 600.93"
"1,30 : 207.02"
"1,31 : 971.7"
"1,32 : 516.99"
"1,33 : 770.95"
"1,34 : 763.3"
"1,35 : 866.56"
"1,36 : 715.24"
"1,37 : 282.57"
"1,38 : 349.09"
"1,39 : 261.23"
"1,40 : 483.22"
"1,41 : 811.99"
"1,42 : 160.82"
"1,43 : 476.42"
"1,44 : 258.12"
"1,45 : 206.53"
"1,46 : 805.18"
"1,47 : 66.13"
"1,48 : 343.8"
"1,49 : 663.24"
"2,0 : 769.41"
"2,1 : 181.66"
"2,2 : 0.0"
"2,3 : 377.58"
"2,4 : 833.05"
"2,5 : 682.28"
"2,6 : 820.62"
"2,7 : 979.52"
"2,8 : 720.77"
"2,9 : 165.12"
"2,10 : 201.85"
"2,11 : 778.4"
"2,12 : 261.22"
"2,13 : 554.5"
"2,14 : 528.0"
"2,15 : 750.18"
"2,16 : 268.9"
"2,17 : 536.8"
"2,18 : 818.23"
"2,19 : 788.89"
"2,20 : 992.58"
"2,21 : 699.38"
"2,22 : 687.84"
"2,23 : 528.37"
"2,24 : 639.2"
"2,25 : 622.11"
"2,26 : 725.04"
"2,27 : 874.32"
"2,28 : 967.87"
"2,29 : 772.49"
"2,30 : 388.49"
"2,31 : 1145.39"
"2,32 : 681.23"
"2,33 : 924.91"
"2,34 : 927.74"
"2,35 : 1042.29"
"2,36 : 841.98"
"2,37 : 425.3"
"2,38 : 523.01"
"2,39 : 410.68"
"2,40 : 660.48"
"2,41 : 903.32"
"2,42 : 159.0"
"2,43 : 642.52"
"2,44 : 175.21"
"2,45 : 81.69"
"2,46 : 984.94"
"2,47 : 238.42"
"2,48 : 522.47"
"2,49 : 839.08"
"3,0 : 661.88"
"3,1 : 393.45"
"3,2 : 377.58"
"3,3 : 0.0"
"3,4 : 561.14"
"3,5 : 312.7"
"3,6 : 940.24"
"3,7 : 962.92"
"3,8 : 379.33"
"3,9 : 309.73"
"3,10 : 289.85"
"3,11 : 990.12"
"3,12 : 562.97"
"3,13 : 674.53"
"3,14 : 172.8"
"3,15 : 700.23"
"3,16 : 196.47"
"3,17 : 514.13"
"3,18 : 705.12"
"3,19 : 839.37"
"3,20 : 921.87"
"3,21 : 507.41"
"3,22 : 901.26"
"3,23 : 649.99"
"3,24 : 427.26"
"3,25 : 261.09"
"3,26 : 951.7"
"3,27 : 542.68"
"3,28 : 771.45"
"3,29 : 906.58"
"3,30 : 508.79"
"3,31 : 1047.76"
"3,32 : 587.73"
"3,33 : 755.95"
"3,34 : 799.18"
"3,35 : 966.05"
"3,36 : 604.55"
"3,37 : 351.17"
"3,38 : 515.8"
"3,39 : 363.31"
"3,40 : 772.58"
"3,41 : 590.4"
"3,42 : 243.74"
"3,43 : 808.38"
"3,44 : 208.66"
"3,45 : 299.17"
"3,46 : 951.24"
"3,47 : 378.94"
"3,48 : 547.07"
"3,49 : 944.98"
"4,0 : 356.91"
"4,1 : 722.34"
"4,2 : 833.05"
"4,3 : 561.14"
"4,4 : 0.0"
"4,5 : 371.67"
"4,6 : 855.79"
"4,7 : 668.82"
"4,8 : 245.08"
"4,9 : 679.84"
"4,10 : 640.65"
"4,11 : 1028.59"
"4,12 : 866.8"
"4,13 : 703.0"
"4,14 : 404.09"
"4,15 : 465.92"
"4,16 : 565.22"
"4,17 : 471.06"
"4,18 : 363.09"
"4,19 : 689.22"
"4,20 : 558.84"
"4,21 : 197.2"
"4,22 : 966.38"
"4,23 : 694.62"
"4,24 : 209.48"
"4,25 : 357.66"
"4,26 : 1022.63"
"4,27 : 183.93"
"4,28 : 264.12"
"4,29 : 854.23"
"4,30 : 649.87"
"4,31 : 617.79"
"4,32 : 365.59"
"4,33 : 295.0"
"4,34 : 387.24"
"4,35 : 582.99"
"4,36 : 90.55"
"4,37 : 446.05"
"4,38 : 492.41"
"4,39 : 471.84"
"4,40 : 740.72"
"4,41 : 132.0"
"4,42 : 676.22"
"4,43 : 836.83"
"4,44 : 720.7"
"4,45 : 781.26"
"4,46 : 635.02"
"4,47 : 661.53"
"4,48 : 537.91"
"4,49 : 838.81"
"5,0 : 634.2"
"5,1 : 653.84"
"5,2 : 682.28"
"5,3 : 312.7"
"5,4 : 371.67"
"5,5 : 0.0"
"5,6 : 1052.15"
"5,7 : 965.79"
"5,8 : 126.76"
"5,9 : 579.18"
"5,10 : 547.43"
"5,11 : 1162.57"
"5,12 : 825.95"
"5,13 : 823.02"
"5,14 : 157.43"
"5,15 : 716.02"
"5,16 : 444.06"
"5,17 : 603.01"
"5,18 : 662.43"
"5,19 : 912.08"
"5,20 : 882.94"
"5,21 : 438.04"
"5,22 : 1081.88"
"5,23 : 804.02"
"5,24 : 369.66"
"5,25 : 68.59"
"5,26 : 1137.13"
"5,27 : 268.79"
"5,28 : 631.74"
"5,29 : 1032.44"
"5,30 : 694.1"
"5,31 : 970.79"
"5,32 : 592.87"
"5,33 : 647.71"
"5,34 : 724.18"
"5,35 : 916.87"
"5,36 : 449.8"
"5,37 : 474.91"
"5,38 : 615.88"
"5,39 : 500.24"
"5,40 : 899.84"
"5,41 : 337.08"
"5,42 : 532.78"
"5,43 : 967.1"
"5,44 : 520.12"
"5,45 : 607.55"
"5,46 : 941.0"
"5,47 : 616.24"
"5,48 : 660.56"
"5,49 : 1046.34"
"6,0 : 506.68"
"6,1 : 646.87"
"6,2 : 820.62"
"6,3 : 940.24"
"6,4 : 855.79"
"6,5 : 1052.15"
"6,6 : 0.0"
"6,7 : 349.24"
"6,8 : 978.17"
"6,9 : 708.07"
"6,10 : 698.6"
"6,11 : 239.0"
"6,12 : 597.6"
"6,13 : 274.24"
"6,14 : 939.33"
"6,15 : 394.09"
"6,16 : 755.01"
"6,17 : 450.31"
"6,18 : 519.23"
"6,19 : 172.86"
"6,20 : 470.32"
"6,21 : 668.46"
"6,22 : 246.98"
"6,23 : 300.81"
"6,24 : 704.78"
"6,25 : 989.86"
"6,26 : 276.93"
"6,27 : 1025.43"
"6,28 : 736.91"
"6,29 : 54.45"
"6,30 : 450.88"
"6,31 : 606.84"
"6,32 : 492.41"
"6,33 : 660.28"
"6,34 : 573.39"
"6,35 : 504.6"
"6,36 : 782.79"
"6,37 : 599.53"
"6,38 : 439.97"
"6,39 : 581.49"
"6,40 : 169.11"
"6,41 : 987.59"
"6,42 : 783.07"
"6,43 : 190.6"
"6,44 : 889.54"
"6,45 : 853.02"
"6,46 : 387.77"
"6,47 : 611.4"
"6,48 : 399.59"
"6,49 : 35.69"
"7,0 : 331.8"
"7,1 : 798.69"
"7,2 : 979.52"
"7,3 : 962.92"
"7,4 : 668.82"
"7,5 : 965.79"
"7,6 : 349.24"
"7,7 : 0.0"
"7,8 : 861.06"
"7,9 : 829.61"
"7,10 : 804.86"
"7,11 : 588.17"
"7,12 : 820.75"
"7,13 : 463.18"
"7,14 : 898.69"
"7,15 : 263.17"
"7,16 : 818.28"
"7,17 : 462.42"
"7,18 : 309.48"
"7,19 : 225.46"
"7,20 : 139.81"
"7,21 : 528.92"
"7,22 : 584.1"
"7,23 : 483.04"
"7,24 : 597.01"
"7,25 : 917.05"
"7,26 : 622.22"
"7,27 : 852.61"
"7,28 : 468.26"
"7,29 : 388.8"
"7,30 : 595.67"
"7,31 : 257.7"
"7,32 : 382.42"
"7,33 : 399.1"
"7,34 : 297.66"
"7,35 : 160.7"
"7,36 : 580.54"
"7,37 : 620.04"
"7,38 : 469.13"
"7,39 : 616.65"
"7,40 : 387.76"
"7,41 : 794.8"
"7,42 : 887.85"
"7,43 : 484.37"
"7,44 : 988.03"
"7,45 : 984.05"
"7,46 : 44.1"
"7,47 : 742.02"
"7,48 : 459.1"
"7,49 : 314.64"
"8,0 : 529.92"
"8,1 : 659.97"
"8,2 : 720.77"
"8,3 : 379.33"
"8,4 : 245.08"
"8,5 : 126.76"
"8,6 : 978.17"
"8,7 : 861.06"
"8,8 : 0.0"
"8,9 : 594.81"
"8,10 : 558.78"
"8,11 : 1109.62"
"8,12 : 826.74"
"8,13 : 769.03"
"8,14 : 206.53"
"8,15 : 620.78"
"8,16 : 461.06"
"8,17 : 537.91"
"8,18 : 553.38"
"8,19 : 828.21"
"8,20 : 770.05"
"8,21 : 332.92"
"8,22 : 1033.95"
"8,23 : 752.97"
"8,24 : 275.99"
"8,25 : 128.02"
"8,26 : 1090.22"
"8,27 : 163.75"
"8,28 : 506.46"
"8,29 : 963.85"
"8,30 : 661.32"
"8,31 : 850.25"
"8,32 : 499.98"
"8,33 : 526.0"
"8,34 : 606.78"
"8,35 : 801.5"
"8,36 : 325.12"
"8,37 : 435.84"
"8,38 : 554.01"
"8,39 : 463.25"
"8,40 : 835.13"
"8,41 : 220.38"
"8,42 : 563.56"
"8,43 : 912.69"
"8,44 : 574.15"
"8,45 : 653.17"
"8,46 : 833.54"
"8,47 : 612.31"
"8,48 : 600.82"
"8,49 : 968.86"
"9,0 : 605.31"
"9,1 : 84.38"
"9,2 : 165.12"
"9,3 : 309.73"
"9,4 : 679.84"
"9,5 : 579.18"
"9,6 : 708.07"
"9,7 : 829.61"
"9,8 : 594.81"
"9,9 : 0.0"
"9,10 : 39.2"
"9,11 : 709.23"
"9,12 : 253.85"
"9,13 : 434.2"
"9,14 : 421.84"
"9,15 : 591.35"
"9,16 : 135.57"
"9,17 : 376.94"
"9,18 : 654.13"
"9,19 : 652.08"
"9,20 : 833.81"
"9,21 : 536.78"
"9,22 : 618.05"
"9,23 : 407.53"
"9,24 : 480.13"
"9,25 : 513.41"
"9,26 : 663.87"
"9,27 : 738.99"
"9,28 : 803.55"
"9,29 : 664.83"
"9,30 : 258.07"
"9,31 : 984.47"
"9,32 : 517.23"
"9,33 : 759.84"
"9,34 : 763.37"
"9,35 : 883.21"
"9,36 : 682.51"
"9,37 : 260.38"
"9,38 : 365.0"
"9,39 : 245.6"
"9,40 : 540.93"
"9,41 : 759.99"
"9,42 : 79.25"
"9,43 : 546.01"
"9,44 : 183.04"
"9,45 : 154.55"
"9,46 : 831.83"
"9,47 : 96.69"
"9,48 : 370.54"
"9,49 : 721.62"
"10,0 : 571.67"
"10,1 : 107.3"
"10,2 : 201.85"
"10,3 : 289.85"
"10,4 : 640.65"
"10,5 : 547.43"
"10,6 : 698.6"
"10,7 : 804.86"
"10,8 : 558.78"
"10,9 : 39.2"
"10,10 : 0.0"
"10,11 : 712.96"
"10,12 : 280.18"
"10,13 : 424.39"
"10,14 : 390.55"
"10,15 : 562.18"
"10,16 : 103.81"
"10,17 : 347.88"
"10,18 : 620.44"
"10,19 : 633.78"
"10,20 : 804.25"
"10,21 : 498.39"
"10,22 : 622.35"
"10,23 : 397.92"
"10,24 : 441.07"
"10,25 : 480.89"
"10,26 : 670.1"
"10,27 : 701.34"
"10,28 : 766.04"
"10,29 : 657.28"
"10,30 : 247.89"
"10,31 : 953.33"
"10,32 : 483.83"
"10,33 : 723.41"
"10,34 : 729.26"
"10,35 : 853.39"
"10,36 : 643.53"
"10,37 : 223.71"
"10,38 : 337.4"
"10,39 : 210.54"
"10,40 : 530.19"
"10,41 : 721.42"
"10,42 : 85.73"
"10,43 : 543.13"
"10,44 : 191.88"
"10,45 : 181.29"
"10,46 : 805.48"
"10,47 : 93.39"
"10,48 : 346.85"
"10,49 : 710.37"
"11,0 : 701.67"
"11,1 : 631.59"
"11,2 : 778.4"
"11,3 : 990.12"
"11,4 : 1028.59"
"11,5 : 1162.57"
"11,6 : 239.0"
"11,7 : 588.17"
"11,8 : 1109.62"
"11,9 : 709.23"
"11,10 : 712.96"
"11,11 : 0.0"
"11,12 : 522.34"
"11,13 : 340.8"
"11,14 : 1029.47"
"11,15 : 592.14"
"11,16 : 794.09"
"11,17 : 573.68"
"11,18 : 724.08"
"11,19 : 393.19"
"11,20 : 705.98"
"11,21 : 832.69"
"11,22 : 91.44"
"11,23 : 358.62"
"11,24 : 850.76"
"11,25 : 1095.83"
"11,26 : 62.43"
"11,27 : 1183.8"
"11,28 : 948.27"
"11,29 : 203.77"
"11,30 : 482.81"
"11,31 : 845.64"
"11,32 : 665.45"
"11,33 : 872.08"
"11,34 : 793.55"
"11,35 : 742.21"
"11,36 : 966.14"
"11,37 : 688.23"
"11,38 : 556.22"
"11,39 : 663.96"
"11,40 : 288.43"
"11,41 : 1157.32"
"11,42 : 788.47"
"11,43 : 196.94"
"11,44 : 889.6"
"11,45 : 830.87"
"11,46 : 626.15"
"11,47 : 619.56"
"11,48 : 509.07"
"11,49 : 274.07"
"12,0 : 692.23"
"12,1 : 172.88"
"12,2 : 261.22"
"12,3 : 562.97"
"12,4 : 866.8"
"12,5 : 825.95"
"12,6 : 597.6"
"12,7 : 820.75"
"12,8 : 826.74"
"12,9 : 253.85"
"12,10 : 280.18"
"12,11 : 522.34"
"12,12 : 0.0"
"12,13 : 360.12"
"12,14 : 669.82"
"12,15 : 636.71"
"12,16 : 383.89"
"12,17 : 450.29"
"12,18 : 738.18"
"12,19 : 606.17"
"12,20 : 866.58"
"12,21 : 692.35"
"12,22 : 433.37"
"12,23 : 338.3"
"12,24 : 657.47"
"12,25 : 758.63"
"12,26 : 466.72"
"12,27 : 957.55"
"12,28 : 930.57"
"12,29 : 545.42"
"12,30 : 249.32"
"12,31 : 1026.36"
"12,32 : 609.17"
"12,33 : 871.76"
"12,34 : 846.03"
"12,35 : 916.14"
"12,36 : 847.94"
"12,37 : 420.86"
"12,38 : 429.63"
"12,39 : 394.99"
"12,40 : 455.04"
"12,41 : 966.02"
"12,42 : 322.2"
"12,43 : 409.2"
"12,44 : 402.98"
"12,45 : 325.78"
"12,46 : 836.19"
"12,47 : 214.56"
"12,48 : 405.72"
"12,49 : 621.7"
"13,0 : 413.32"
"13,1 : 376.43"
"13,2 : 554.5"
"13,3 : 674.53"
"13,4 : 703.0"
"13,5 : 823.02"
"13,6 : 274.24"
"13,7 : 463.18"
"13,8 : 769.03"
"13,9 : 434.2"
"13,10 : 424.39"
"13,11 : 340.8"
"13,12 : 360.12"
"13,13 : 0.0"
"13,14 : 694.29"
"13,15 : 323.01"
"13,16 : 484.57"
"13,17 : 236.03"
"13,18 : 449.16"
"13,19 : 246.09"
"13,20 : 524.69"
"13,21 : 505.83"
"13,22 : 266.74"
"13,23 : 26.68"
"13,24 : 514.58"
"13,25 : 756.86"
"13,26 : 323.37"
"13,27 : 848.85"
"13,28 : 669.84"
"13,29 : 234.03"
"13,30 : 176.64"
"13,31 : 684.46"
"13,32 : 353.96"
"13,33 : 598.51"
"13,34 : 544.06"
"13,35 : 572.57"
"13,36 : 650.27"
"13,37 : 350.66"
"13,38 : 217.11"
"13,39 : 328.01"
"13,40 : 107.0"
"13,41 : 828.03"
"13,42 : 508.84"
"13,43 : 144.22"
"13,44 : 615.33"
"13,45 : 581.21"
"13,46 : 482.15"
"13,47 : 337.52"
"13,48 : 169.73"
"13,49 : 287.65"
"14,0 : 575.52"
"14,1 : 497.31"
"14,2 : 528.0"
"14,3 : 172.8"
"14,4 : 404.09"
"14,5 : 157.43"
"14,6 : 939.33"
"14,7 : 898.69"
"14,8 : 206.53"
"14,9 : 421.84"
"14,10 : 390.55"
"14,11 : 1029.47"
"14,12 : 669.82"
"14,13 : 694.29"
"14,14 : 0.0"
"14,15 : 638.25"
"14,16 : 286.94"
"14,17 : 490.37"
"14,18 : 612.37"
"14,19 : 813.07"
"14,20 : 835.35"
"14,21 : 394.05"
"14,22 : 945.7"
"14,23 : 673.19"
"14,24 : 314.07"
"14,25 : 94.11"
"14,26 : 999.86"
"14,27 : 369.98"
"14,28 : 636.85"
"14,29 : 914.22"
"14,30 : 552.2"
"14,31 : 944.48"
"14,32 : 516.43"
"14,33 : 633.96"
"14,34 : 693.03"
"14,35 : 875.07"
"14,36 : 460.11"
"14,37 : 343.93"
"14,38 : 499.42"
"14,39 : 366.4"
"14,40 : 779.54"
"14,41 : 419.87"
"14,42 : 376.18"
"14,43 : 836.83"
"14,44 : 371.84"
"14,45 : 455.55"
"14,46 : 879.89"
"14,47 : 462.18"
"14,48 : 540.53"
"14,49 : 937.52"
"15,0 : 112.61"
"15,1 : 575.2"
"15,2 : 750.18"
"15,3 : 700.23"
"15,4 : 465.92"
"15,5 : 716.02"
"15,6 : 394.09"
"15,7 : 263.17"
"15,8 : 620.78"
"15,9 : 591.35"
"15,10 : 562.18"
"15,11 : 592.14"
"15,12 : 636.71"
"15,13 : 323.01"
"15,14 : 638.25"
"15,15 : 0.0"
"15,16 : 562.9"
"15,17 : 214.45"
"15,18 : 132.61"
"15,19 : 223.99"
"15,20 : 242.54"
"15,21 : 290.99"
"15,22 : 548.06"
"15,23 : 330.28"
"15,24 : 347.14"
"15,25 : 662.96"
"15,26 : 600.57"
"15,27 : 642.01"
"15,28 : 357.81"
"15,29 : 400.36"
"15,30 : 389.99"
"15,31 : 396.6"
"15,32 : 123.41"
"15,33 : 282.76"
"15,34 : 221.06"
"15,35 : 292.14"
"15,36 : 389.41"
"15,37 : 361.94"
"15,38 : 227.17"
"15,39 : 362.01"
"15,40 : 310.54"
"15,41 : 597.88"
"15,42 : 641.48"
"15,43 : 419.64"
"15,44 : 737.2"
"15,45 : 743.45"
"15,46 : 251.85"
"15,47 : 512.72"
"15,48 : 234.61"
"15,49 : 374.41"
"16,0 : 551.67"
"16,1 : 211.02"
"16,2 : 268.9"
"16,3 : 196.47"
"16,4 : 565.22"
"16,5 : 444.06"
"16,6 : 755.01"
"16,7 : 818.28"
"16,8 : 461.06"
"16,9 : 135.57"
"16,10 : 103.81"
"16,11 : 794.09"
"16,12 : 383.89"
"16,13 : 484.57"
"16,14 : 286.94"
"16,15 : 562.9"
"16,16 : 0.0"
"16,17 : 356.24"
"16,18 : 599.32"
"16,19 : 669.17"
"16,20 : 799.74"
"16,21 : 445.34"
"16,22 : 704.97"
"16,23 : 459.21"
"16,24 : 377.92"
"16,25 : 377.96"
"16,26 : 755.24"
"16,27 : 609.04"
"16,28 : 718.45"
"16,29 : 718.29"
"16,30 : 314.38"
"16,31 : 940.82"
"16,32 : 467.12"
"16,33 : 684.49"
"16,34 : 704.35"
"16,35 : 847.34"
"16,36 : 579.51"
"16,37 : 201.64"
"16,38 : 352.01"
"16,39 : 201.7"
"16,40 : 586.09"
"16,41 : 635.0"
"16,42 : 111.0"
"16,43 : 614.63"
"16,44 : 178.9"
"16,45 : 217.95"
"16,46 : 813.29"
"16,47 : 184.74"
"16,48 : 374.32"
"16,49 : 762.63"
"17,0 : 243.58"
"17,1 : 365.02"
"17,2 : 536.8"
"17,3 : 514.13"
"17,4 : 471.06"
"17,5 : 603.01"
"17,6 : 450.31"
"17,7 : 462.42"
"17,8 : 537.91"
"17,9 : 376.94"
"17,10 : 347.88"
"17,11 : 573.68"
"17,12 : 450.29"
"17,13 : 236.03"
"17,14 : 490.37"
"17,15 : 214.45"
"17,16 : 356.24"
"17,17 : 0.0"
"17,18 : 291.0"
"17,19 : 327.01"
"17,20 : 456.87"
"17,21 : 275.26"
"17,22 : 502.69"
"17,23 : 224.72"
"17,24 : 278.55"
"17,25 : 539.84"
"17,26 : 559.33"
"17,27 : 612.83"
"17,28 : 482.27"
"17,29 : 429.47"
"17,30 : 202.99"
"17,31 : 608.6"
"17,32 : 158.9"
"17,33 : 421.55"
"17,34 : 400.66"
"17,35 : 506.29"
"17,36 : 426.61"
"17,37 : 163.09"
"17,38 : 22.36"
"17,39 : 155.27"
"17,40 : 297.93"
"17,41 : 593.54"
"17,42 : 428.14"
"17,43 : 377.08"
"17,44 : 526.19"
"17,45 : 529.09"
"17,46 : 459.51"
"17,47 : 300.85"
"17,48 : 67.12"
"17,49 : 447.24"
"18,0 : 48.83"
"18,1 : 653.24"
"18,2 : 818.23"
"18,3 : 705.12"
"18,4 : 363.09"
"18,5 : 662.43"
"18,6 : 519.23"
"18,7 : 309.48"
"18,8 : 553.38"
"18,9 : 654.13"
"18,10 : 620.44"
"18,11 : 724.08"
"18,12 : 738.18"
"18,13 : 449.16"
"18,14 : 612.37"
"18,15 : 132.61"
"18,16 : 599.32"
"18,17 : 291.0"
"18,18 : 0.0"
"18,19 : 346.55"
"18,20 : 223.22"
"18,21 : 224.72"
"18,22 : 680.62"
"18,23 : 453.36"
"18,24 : 299.86"
"18,25 : 618.32"
"18,26 : 733.18"
"18,27 : 545.79"
"18,28 : 225.21"
"18,29 : 529.8"
"18,30 : 488.88"
"18,31 : 343.94"
"18,32 : 137.01"
"18,33 : 150.62"
"18,34 : 110.06"
"18,35 : 263.15"
"18,36 : 278.09"
"18,37 : 401.26"
"18,38 : 310.05"
"18,39 : 410.27"
"18,40 : 443.09"
"18,41 : 492.44"
"18,42 : 692.02"
"18,43 : 551.93"
"18,44 : 778.11"
"18,45 : 799.34"
"18,46 : 280.21"
"18,47 : 587.82"
"18,48 : 333.32"
"18,49 : 496.45"
"19,0 : 336.0"
"19,1 : 607.53"
"19,2 : 788.89"
"19,3 : 839.37"
"19,4 : 689.22"
"19,5 : 912.08"
"19,6 : 172.86"
"19,7 : 225.46"
"19,8 : 828.21"
"19,9 : 652.08"
"19,10 : 633.78"
"19,11 : 393.19"
"19,12 : 606.17"
"19,13 : 246.09"
"19,14 : 813.07"
"19,15 : 223.99"
"19,16 : 669.17"
"19,17 : 327.01"
"19,18 : 346.55"
"19,19 : 0.0"
"19,20 : 319.01"
"19,21 : 507.55"
"19,22 : 371.13"
"19,23 : 268.94"
"19,24 : 552.31"
"19,25 : 853.29"
"19,26 : 415.78"
"19,27 : 862.93"
"19,28 : 564.4"
"19,29 : 190.38"
"19,30 : 400.51"
"19,31 : 469.95"
"19,32 : 331.53"
"19,33 : 487.75"
"19,34 : 402.89"
"19,35 : 360.42"
"19,36 : 613.37"
"19,37 : 488.59"
"19,38 : 323.62"
"19,39 : 476.42"
"19,40 : 162.39"
"19,41 : 821.23"
"19,42 : 719.37"
"19,43 : 261.23"
"19,44 : 824.41"
"19,45 : 805.24"
"19,46 : 252.97"
"19,47 : 558.19"
"19,48 : 294.98"
"19,49 : 150.62"
"20,0 : 261.27"
"20,1 : 816.65"
"20,2 : 992.58"
"20,3 : 921.87"
"20,4 : 558.84"
"20,5 : 882.94"
"20,6 : 470.32"
"20,7 : 139.81"
"20,8 : 770.05"
"20,9 : 833.81"
"20,10 : 804.25"
"20,11 : 705.98"
"20,12 : 866.58"
"20,13 : 524.69"
"20,14 : 835.35"
"20,15 : 242.54"
"20,16 : 799.74"
"20,17 : 456.87"
"20,18 : 223.22"
"20,19 : 319.01"
"20,20 : 0.0"
"20,21 : 446.9"
"20,22 : 690.05"
"20,23 : 539.45"
"20,24 : 523.06"
"20,25 : 840.75"
"20,26 : 733.44"
"20,27 : 742.11"
"20,28 : 336.65"
"20,29 : 502.59"
"20,30 : 625.43"
"20,31 : 160.22"
"20,32 : 335.68"
"20,33 : 273.18"
"20,34 : 173.08"
"20,35 : 50.0"
"20,36 : 468.53"
"20,37 : 598.12"
"20,38 : 469.62"
"20,39 : 601.05"
"20,40 : 471.38"
"20,41 : 679.02"
"20,42 : 882.56"
"20,43 : 577.53"
"20,44 : 976.21"
"20,45 : 985.54"
"20,46 : 95.9"
"20,47 : 754.82"
"20,48 : 473.7"
"20,49 : 437.78"
"21,0 : 197.23"
"21,1 : 563.6"
"21,2 : 699.38"
"21,3 : 507.41"
"21,4 : 197.2"
"21,5 : 438.04"
"21,6 : 668.46"
"21,7 : 528.92"
"21,8 : 332.92"
"21,9 : 536.78"
"21,10 : 498.39"
"21,11 : 832.69"
"21,12 : 692.35"
"21,13 : 505.83"
"21,14 : 394.05"
"21,15 : 290.99"
"21,16 : 445.34"
"21,17 : 275.26"
"21,18 : 224.72"
"21,19 : 507.55"
"21,20 : 446.9"
"21,21 : 0.0"
"21,22 : 769.33"
"21,23 : 497.78"
"21,24 : 81.12"
"21,25 : 393.86"
"21,26 : 825.65"
"21,27 : 357.0"
"21,28 : 273.5"
"21,29 : 662.94"
"21,30 : 462.45"
"21,31 : 550.46"
"21,32 : 176.41"
"21,33 : 248.73"
"21,34 : 299.0"
"21,35 : 483.76"
"21,36 : 156.04"
"21,37 : 281.13"
"21,38 : 297.02"
"21,39 : 302.91"
"21,40 : 545.56"
"21,41 : 324.64"
"21,42 : 551.99"
"21,43 : 640.02"
"21,44 : 619.33"
"21,45 : 661.47"
"21,46 : 503.06"
"21,47 : 498.99"
"21,48 : 341.69"
"21,49 : 654.29"
"22,0 : 653.39"
"22,1 : 540.17"
"22,2 : 687.84"
"22,3 : 901.26"
"22,4 : 966.38"
"22,5 : 1081.88"
"22,6 : 246.98"
"22,7 : 584.1"
"22,8 : 1033.95"
"22,9 : 618.05"
"22,10 : 622.35"
"22,11 : 91.44"
"22,12 : 433.37"
"22,13 : 266.74"
"22,14 : 945.7"
"22,15 : 548.06"
"22,16 : 704.97"
"22,17 : 502.69"
"22,18 : 680.62"
"22,19 : 371.13"
"22,20 : 690.05"
"22,21 : 769.33"
"22,22 : 0.0"
"22,23 : 281.04"
"22,24 : 781.21"
"22,25 : 1014.57"
"22,26 : 56.64"
"22,27 : 1115.41"
"22,28 : 905.83"
"22,29 : 197.95"
"22,30 : 395.84"
"22,31 : 838.01"
"22,32 : 608.27"
"22,33 : 830.73"
"22,34 : 759.21"
"22,35 : 730.33"
"22,36 : 908.77"
"22,37 : 606.97"
"22,38 : 483.83"
"22,39 : 581.88"
"22,40 : 237.52"
"22,41 : 1093.04"
"22,42 : 697.3"
"22,43 : 130.65"
"22,44 : 798.2"
"22,45 : 739.57"
"22,46 : 618.28"
"22,47 : 528.97"
"22,48 : 436.45"
"22,49 : 282.19"
"23,0 : 415.55"
"23,1 : 349.95"
"23,2 : 528.37"
"23,3 : 649.99"
"23,4 : 694.62"
"23,5 : 804.02"
"23,6 : 300.81"
"23,7 : 483.04"
"23,8 : 752.97"
"23,9 : 407.53"
"23,10 : 397.92"
"23,11 : 358.62"
"23,12 : 338.3"
"23,13 : 26.68"
"23,14 : 673.19"
"23,15 : 330.28"
"23,16 : 459.21"
"23,17 : 224.72"
"23,18 : 453.36"
"23,19 : 268.94"
"23,20 : 539.45"
"23,21 : 497.78"
"23,22 : 281.04"
"23,23 : 0.0"
"23,24 : 502.57"
"23,25 : 737.44"
"23,26 : 337.46"
"23,27 : 836.8"
"23,28 : 671.61"
"23,29 : 260.01"
"23,30 : 150.08"
"23,31 : 699.55"
"23,32 : 351.79"
"23,33 : 601.52"
"23,34 : 551.05"
"23,35 : 587.86"
"23,36 : 644.75"
"23,37 : 330.25"
"23,38 : 204.62"
"23,39 : 306.81"
"23,40 : 133.66"
"23,41 : 818.18"
"23,42 : 482.27"
"23,43 : 163.68"
"23,44 : 588.74"
"23,45 : 554.58"
"23,46 : 500.45"
"23,47 : 310.85"
"23,48 : 157.63"
"23,49 : 314.33"
"24,0 : 266.68"
"24,1 : 516.25"
"24,2 : 639.2"
"24,3 : 427.26"
"24,4 : 209.48"
"24,5 : 369.66"
"24,6 : 704.78"
"24,7 : 597.01"
"24,8 : 275.99"
"24,9 : 480.13"
"24,10 : 441.07"
"24,11 : 850.76"
"24,12 : 657.47"
"24,13 : 514.58"
"24,14 : 314.07"
"24,15 : 347.14"
"24,16 : 377.92"
"24,17 : 278.55"
"24,18 : 299.86"
"24,19 : 552.31"
"24,20 : 523.06"
"24,21 : 81.12"
"24,22 : 781.21"
"24,23 : 502.57"
"24,24 : 0.0"
"24,25 : 320.31"
"24,26 : 837.85"
"24,27 : 334.31"
"24,28 : 347.8"
"24,29 : 693.43"
"24,30 : 443.07"
"24,31 : 630.95"
"24,32 : 224.83"
"24,33 : 328.75"
"24,34 : 379.54"
"24,35 : 561.58"
"24,36 : 202.78"
"24,37 : 237.02"
"24,38 : 297.98"
"24,39 : 262.48"
"24,40 : 568.65"
"24,41 : 319.76"
"24,42 : 487.16"
"24,43 : 654.82"
"24,44 : 547.74"
"24,45 : 595.72"
"24,46 : 573.95"
"24,47 : 454.05"
"24,48 : 345.19"
"24,49 : 694.13"
"25,0 : 586.93"
"25,1 : 586.87"
"25,2 : 622.11"
"25,3 : 261.09"
"25,4 : 357.66"
"25,5 : 68.59"
"25,6 : 989.86"
"25,7 : 917.05"
"25,8 : 128.02"
"25,9 : 513.41"
"25,10 : 480.89"
"25,11 : 1095.83"
"25,12 : 758.63"
"25,13 : 756.86"
"25,14 : 94.11"
"25,15 : 662.96"
"25,16 : 377.96"
"25,17 : 539.84"
"25,18 : 618.32"
"25,19 : 853.29"
"25,20 : 840.75"
"25,21 : 393.86"
"25,22 : 1014.57"
"25,23 : 737.44"
"25,24 : 320.31"
"25,25 : 0.0"
"25,26 : 1069.68"
"25,27 : 289.7"
"25,28 : 608.83"
"25,29 : 968.79"
"25,30 : 625.85"
"25,31 : 936.85"
"25,32 : 539.56"
"25,33 : 617.16"
"25,34 : 687.35"
"25,35 : 876.91"
"25,36 : 427.18"
"25,37 : 407.74"
"25,38 : 551.88"
"25,39 : 432.73"
"25,40 : 835.55"
"25,41 : 348.32"
"25,42 : 469.95"
"25,43 : 900.78"
"25,44 : 464.59"
"25,45 : 549.36"
"25,46 : 894.24"
"25,47 : 548.21"
"25,48 : 595.91"
"25,49 : 985.08"
"26,0 : 707.11"
"26,1 : 584.26"
"26,2 : 725.04"
"26,3 : 951.7"
"26,4 : 1022.63"
"26,5 : 1137.13"
"26,6 : 276.93"
"26,7 : 622.22"
"26,8 : 1090.22"
"26,9 : 663.87"
"26,10 : 670.1"
"26,11 : 62.43"
"26,12 : 466.72"
"26,13 : 323.37"
"26,14 : 999.86"
"26,15 : 600.57"
"26,16 : 755.24"
"26,17 : 559.33"
"26,18 : 733.18"
"26,19 : 415.78"
"26,20 : 733.44"
"26,21 : 825.65"
"26,22 : 56.64"
"26,23 : 337.46"
"26,24 : 837.85"
"26,25 : 1069.68"
"26,26 : 0.0"
"26,27 : 1172.05"
"26,28 : 958.34"
"26,29 : 233.42"
"26,30 : 448.77"
"26,31 : 878.23"
"26,32 : 663.7"
"26,33 : 882.89"
"26,34 : 809.26"
"26,35 : 772.17"
"26,36 : 964.4"
"26,37 : 662.28"
"26,38 : 540.45"
"26,39 : 636.95"
"26,40 : 290.59"
"26,41 : 1149.49"
"26,42 : 743.01"
"26,43 : 186.14"
"26,44 : 842.28"
"26,45 : 780.24"
"26,46 : 658.17"
"26,47 : 576.92"
"26,48 : 493.08"
"26,49 : 312.62"
"27,0 : 536.22"
"27,1 : 797.24"
"27,2 : 874.32"
"27,3 : 542.68"
"27,4 : 183.93"
"27,5 : 268.79"
"27,6 : 1025.43"
"27,7 : 852.61"
"27,8 : 163.75"
"27,9 : 738.99"
"27,10 : 701.34"
"27,11 : 1183.8"
"27,12 : 957.55"
"27,13 : 848.85"
"27,14 : 369.98"
"27,15 : 642.01"
"27,16 : 609.04"
"27,17 : 612.83"
"27,18 : 545.79"
"27,19 : 862.93"
"27,20 : 742.11"
"27,21 : 357.0"
"27,22 : 1115.41"
"27,23 : 836.8"
"27,24 : 334.31"
"27,25 : 289.7"
"27,26 : 1172.05"
"27,27 : 0.0"
"27,28 : 433.26"
"27,29 : 1019.45"
"27,30 : 767.53"
"27,31 : 793.01"
"27,32 : 533.11"
"27,33 : 474.75"
"27,34 : 569.84"
"27,35 : 764.81"
"27,36 : 273.66"
"27,37 : 546.11"
"27,38 : 632.26"
"27,39 : 573.81"
"27,40 : 899.2"
"27,41 : 78.0"
"27,42 : 715.68"
"27,43 : 988.49"
"27,44 : 734.14"
"27,45 : 810.01"
"27,46 : 818.95"
"27,47 : 743.9"
"27,48 : 679.49"
"27,49 : 1010.79"
"28,0 : 256.53"
"28,1 : 821.05"
"28,2 : 967.87"
"28,3 : 771.45"
"28,4 : 264.12"
"28,5 : 631.74"
"28,6 : 736.91"
"28,7 : 468.26"
"28,8 : 506.46"
"28,9 : 803.55"
"28,10 : 766.04"
"28,11 : 948.27"
"28,12 : 930.57"
"28,13 : 669.84"
"28,14 : 636.85"
"28,15 : 357.81"
"28,16 : 718.45"
"28,17 : 482.27"
"28,18 : 225.21"
"28,19 : 564.4"
"28,20 : 336.65"
"28,21 : 273.5"
"28,22 : 905.83"
"28,23 : 671.61"
"28,24 : 347.8"
"28,25 : 608.83"
"28,26 : 958.34"
"28,27 : 433.26"
"28,28 : 0.0"
"28,29 : 751.59"
"28,30 : 685.21"
"28,31 : 360.45"
"28,32 : 326.0"
"28,33 : 76.66"
"28,34 : 172.07"
"28,35 : 346.92"
"28,36 : 182.16"
"28,37 : 543.57"
"28,38 : 503.95"
"28,39 : 561.32"
"28,40 : 668.3"
"28,41 : 361.31"
"28,42 : 823.95"
"28,43 : 776.99"
"28,44 : 892.82"
"28,45 : 933.59"
"28,46 : 427.4"
"28,47 : 755.08"
"28,48 : 537.0"
"28,49 : 711.42"
"29,0 : 512.4"
"29,1 : 600.93"
"29,2 : 772.49"
"29,3 : 906.58"
"29,4 : 854.23"
"29,5 : 1032.44"
"29,6 : 54.45"
"29,7 : 388.8"
"29,8 : 963.85"
"29,9 : 664.83"
"29,10 : 657.28"
"29,11 : 203.77"
"29,12 : 545.42"
"29,13 : 234.03"
"29,14 : 914.22"
"29,15 : 400.36"
"29,16 : 718.29"
"29,17 : 429.47"
"29,18 : 529.8"
"29,19 : 190.38"
"29,20 : 502.59"
"29,21 : 662.94"
"29,22 : 197.95"
"29,23 : 260.01"
"29,24 : 693.43"
"29,25 : 968.79"
"29,26 : 233.42"
"29,27 : 1019.45"
"29,28 : 751.59"
"29,29 : 0.0"
"29,30 : 409.49"
"29,31 : 645.03"
"29,32 : 488.76"
"29,33 : 675.01"
"29,34 : 592.77"
"29,35 : 539.83"
"29,36 : 784.95"
"29,37 : 571.7"
"29,38 : 416.92"
"29,39 : 552.01"
"29,40 : 135.09"
"29,41 : 985.35"
"29,42 : 740.95"
"29,43 : 137.01"
"29,44 : 847.17"
"29,45 : 807.42"
"29,46 : 425.0"
"29,47 : 568.39"
"29,48 : 373.87"
"29,49 : 86.61"
"30,0 : 443.14"
"30,1 : 207.02"
"30,2 : 388.49"
"30,3 : 508.79"
"30,4 : 649.87"
"30,5 : 694.1"
"30,6 : 450.88"
"30,7 : 595.67"
"30,8 : 661.32"
"30,9 : 258.07"
"30,10 : 247.89"
"30,11 : 482.81"
"30,12 : 249.32"
"30,13 : 176.64"
"30,14 : 552.2"
"30,15 : 389.99"
"30,16 : 314.38"
"30,17 : 202.99"
"30,18 : 488.88"
"30,19 : 400.51"
"30,20 : 625.43"
"30,21 : 462.45"
"30,22 : 395.84"
"30,23 : 150.08"
"30,24 : 443.07"
"30,25 : 625.85"
"30,26 : 448.77"
"30,27 : 767.53"
"30,28 : 685.21"
"30,29 : 409.49"
"30,30 : 0.0"
"30,31 : 783.87"
"30,32 : 361.21"
"30,33 : 624.12"
"30,34 : 596.75"
"30,35 : 675.37"
"30,36 : 618.05"
"30,37 : 225.51"
"30,38 : 181.59"
"30,39 : 198.07"
"30,40 : 283.01"
"30,41 : 762.13"
"30,42 : 332.2"
"30,43 : 300.27"
"30,44 : 438.69"
"30,45 : 407.54"
"30,46 : 605.08"
"30,47 : 161.55"
"30,48 : 156.73"
"30,49 : 463.63"
"31,0 : 390.0"
"31,1 : 971.7"
"31,2 : 1145.39"
"31,3 : 1047.76"
"31,4 : 617.79"
"31,5 : 970.79"
"31,6 : 606.84"
"31,7 : 257.7"
"31,8 : 850.25"
"31,9 : 984.47"
"31,10 : 953.33"
"31,11 : 845.64"
"31,12 : 1026.36"
"31,13 : 684.46"
"31,14 : 944.48"
"31,15 : 396.6"
"31,16 : 940.82"
"31,17 : 608.6"
"31,18 : 343.94"
"31,19 : 469.95"
"31,20 : 160.22"
"31,21 : 550.46"
"31,22 : 838.01"
"31,23 : 699.55"
"31,24 : 630.95"
"31,25 : 936.85"
"31,26 : 878.23"
"31,27 : 793.01"
"31,28 : 360.45"
"31,29 : 645.03"
"31,30 : 783.87"
"31,31 : 0.0"
"31,32 : 473.78"
"31,33 : 324.57"
"31,34 : 251.46"
"31,35 : 111.95"
"31,36 : 529.08"
"31,37 : 740.44"
"31,38 : 622.98"
"31,39 : 746.28"
"31,40 : 627.15"
"31,41 : 721.75"
"31,42 : 1029.1"
"31,43 : 730.92"
"31,44 : 1119.04"
"31,45 : 1134.22"
"31,46 : 220.06"
"31,47 : 908.78"
"31,48 : 630.5"
"31,49 : 572.33"
"32,0 : 88.2"
"32,1 : 516.99"
"32,2 : 681.23"
"32,3 : 587.73"
"32,4 : 365.59"
"32,5 : 592.87"
"32,6 : 492.41"
"32,7 : 382.42"
"32,8 : 499.98"
"32,9 : 517.23"
"32,10 : 483.83"
"32,11 : 665.45"
"32,12 : 609.17"
"32,13 : 353.96"
"32,14 : 516.43"
"32,15 : 123.41"
"32,16 : 467.12"
"32,17 : 158.9"
"32,18 : 137.01"
"32,19 : 331.53"
"32,20 : 335.68"
"32,21 : 176.41"
"32,22 : 608.27"
"32,23 : 351.79"
"32,24 : 224.83"
"32,25 : 539.56"
"32,26 : 663.7"
"32,27 : 533.11"
"32,28 : 326.0"
"32,29 : 488.76"
"32,30 : 361.21"
"32,31 : 473.78"
"32,32 : 0.0"
"32,33 : 262.91"
"32,34 : 246.79"
"32,35 : 381.81"
"32,36 : 300.93"
"32,37 : 266.79"
"32,38 : 179.69"
"32,39 : 274.13"
"32,40 : 377.02"
"32,41 : 496.59"
"32,42 : 556.66"
"32,43 : 477.67"
"32,44 : 645.26"
"32,45 : 663.3"
"32,46 : 365.74"
"32,47 : 451.36"
"32,48 : 211.01"
"32,49 : 477.88"
"33,0 : 186.22"
"33,1 : 770.95"
"33,2 : 924.91"
"33,3 : 755.95"
"33,4 : 295.0"
"33,5 : 647.71"
"33,6 : 660.28"
"33,7 : 399.1"
"33,8 : 526.0"
"33,9 : 759.84"
"33,10 : 723.41"
"33,11 : 872.08"
"33,12 : 871.76"
"33,13 : 598.51"
"33,14 : 633.96"
"33,15 : 282.76"
"33,16 : 684.49"
"33,17 : 421.55"
"33,18 : 150.62"
"33,19 : 487.75"
"33,20 : 273.18"
"33,21 : 248.73"
"33,22 : 830.73"
"33,23 : 601.52"
"33,24 : 328.75"
"33,25 : 617.16"
"33,26 : 882.89"
"33,27 : 474.75"
"33,28 : 76.66"
"33,29 : 675.01"
"33,30 : 624.12"
"33,31 : 324.57"
"33,32 : 262.91"
"33,33 : 0.0"
"33,34 : 101.6"
"33,35 : 290.84"
"33,36 : 205.2"
"33,37 : 499.71"
"33,38 : 442.57"
"33,39 : 514.85"
"33,40 : 593.26"
"33,41 : 408.12"
"33,42 : 786.45"
"33,43 : 702.37"
"33,44 : 861.71"
"33,45 : 895.91"
"33,46 : 359.78"
"33,47 : 704.83"
"33,48 : 472.45"
"33,49 : 634.92"
"34,0 : 158.65"
"34,1 : 763.3"
"34,2 : 927.74"
"34,3 : 799.18"
"34,4 : 387.24"
"34,5 : 724.18"
"34,6 : 573.39"
"34,7 : 297.66"
"34,8 : 606.78"
"34,9 : 763.37"
"34,10 : 729.26"
"34,11 : 793.55"
"34,12 : 846.03"
"34,13 : 544.06"
"34,14 : 693.03"
"34,15 : 221.06"
"34,16 : 704.35"
"34,17 : 400.66"
"34,18 : 110.06"
"34,19 : 402.89"
"34,20 : 173.08"
"34,21 : 299.0"
"34,22 : 759.21"
"34,23 : 551.05"
"34,24 : 379.54"
"34,25 : 687.35"
"34,26 : 809.26"
"34,27 : 569.84"
"34,28 : 172.07"
"34,29 : 592.77"
"34,30 : 596.75"
"34,31 : 251.46"
"34,32 : 246.79"
"34,33 : 101.6"
"34,34 : 0.0"
"34,35 : 196.21"
"34,36 : 296.71"
"34,37 : 508.57"
"34,38 : 419.31"
"34,39 : 518.8"
"34,40 : 523.69"
"34,41 : 505.99"
"34,42 : 799.46"
"34,43 : 633.97"
"34,44 : 883.24"
"34,45 : 907.37"
"34,46 : 258.18"
"34,47 : 697.87"
"34,48 : 440.41"
"34,49 : 546.0"
"35,0 : 304.24"
"35,1 : 866.56"
"35,2 : 1042.29"
"35,3 : 966.05"
"35,4 : 582.99"
"35,5 : 916.87"
"35,6 : 504.6"
"35,7 : 160.7"
"35,8 : 801.5"
"35,9 : 883.21"
"35,10 : 853.39"
"35,11 : 742.21"
"35,12 : 916.14"
"35,13 : 572.57"
"35,14 : 875.07"
"35,15 : 292.14"
"35,16 : 847.34"
"35,17 : 506.29"
"35,18 : 263.15"
"35,19 : 360.42"
"35,20 : 50.0"
"35,21 : 483.76"
"35,22 : 730.33"
"35,23 : 587.86"
"35,24 : 561.58"
"35,25 : 876.91"
"35,26 : 772.17"
"35,27 : 764.81"
"35,28 : 346.92"
"35,29 : 539.83"
"35,30 : 675.37"
"35,31 : 111.95"
"35,32 : 381.81"
"35,33 : 290.84"
"35,34 : 196.21"
"35,35 : 0.0"
"35,36 : 492.44"
"35,37 : 645.82"
"35,38 : 519.29"
"35,39 : 649.37"
"35,40 : 515.98"
"35,41 : 698.96"
"35,42 : 931.28"
"35,43 : 620.71"
"35,44 : 1024.25"
"35,45 : 1034.66"
"35,46 : 118.14"
"35,47 : 804.63"
"35,48 : 523.69"
"35,49 : 471.01"
"36,0 : 277.71"
"36,1 : 715.24"
"36,2 : 841.98"
"36,3 : 604.55"
"36,4 : 90.55"
"36,5 : 449.8"
"36,6 : 782.79"
"36,7 : 580.54"
"36,8 : 325.12"
"36,9 : 682.51"
"36,10 : 643.53"
"36,11 : 966.14"
"36,12 : 847.94"
"36,13 : 650.27"
"36,14 : 460.11"
"36,15 : 389.41"
"36,16 : 579.51"
"36,17 : 426.61"
"36,18 : 278.09"
"36,19 : 613.37"
"36,20 : 468.53"
"36,21 : 156.04"
"36,22 : 908.77"
"36,23 : 644.75"
"36,24 : 202.78"
"36,25 : 427.18"
"36,26 : 964.4"
"36,27 : 273.66"
"36,28 : 182.16"
"36,29 : 784.95"
"36,30 : 618.05"
"36,31 : 529.08"
"36,32 : 300.93"
"36,33 : 205.2"
"36,34 : 296.71"
"36,35 : 492.44"
"36,36 : 0.0"
"36,37 : 433.04"
"36,38 : 448.79"
"36,39 : 456.28"
"36,40 : 677.75"
"36,41 : 214.77"
"36,42 : 689.38"
"36,43 : 778.29"
"36,44 : 745.6"
"36,45 : 797.46"
"36,46 : 545.9"
"36,47 : 651.56"
"36,48 : 491.6"
"36,49 : 763.82"
"37,0 : 352.93"
"37,1 : 282.57"
"37,2 : 425.3"
"37,3 : 351.17"
"37,4 : 446.05"
"37,5 : 474.91"
"37,6 : 599.53"
"37,7 : 620.04"
"37,8 : 435.84"
"37,9 : 260.38"
"37,10 : 223.71"
"37,11 : 688.23"
"37,12 : 420.86"
"37,13 : 350.66"
"37,14 : 343.93"
"37,15 : 361.94"
"37,16 : 201.64"
"37,17 : 163.09"
"37,18 : 401.26"
"37,19 : 488.59"
"37,20 : 598.12"
"37,21 : 281.13"
"37,22 : 606.97"
"37,23 : 330.25"
"37,24 : 237.02"
"37,25 : 407.74"
"37,26 : 662.28"
"37,27 : 546.11"
"37,28 : 543.57"
"37,29 : 571.7"
"37,30 : 225.51"
"37,31 : 740.44"
"37,32 : 266.79"
"37,33 : 499.71"
"37,34 : 508.57"
"37,35 : 645.82"
"37,36 : 433.04"
"37,37 : 0.0"
"37,38 : 165.05"
"37,39 : 27.78"
"37,40 : 436.68"
"37,41 : 547.46"
"37,42 : 290.91"
"37,43 : 493.88"
"37,44 : 378.75"
"37,45 : 399.01"
"37,46 : 613.16"
"37,47 : 218.52"
"37,48 : 200.26"
"37,49 : 600.62"
"38,0 : 263.14"
"38,1 : 349.09"
"38,2 : 523.01"
"38,3 : 515.8"
"38,4 : 492.41"
"38,5 : 615.88"
"38,6 : 439.97"
"38,7 : 469.13"
"38,8 : 554.01"
"38,9 : 365.0"
"38,10 : 337.4"
"38,11 : 556.22"
"38,12 : 429.63"
"38,13 : 217.11"
"38,14 : 499.42"
"38,15 : 227.17"
"38,16 : 352.01"
"38,17 : 22.36"
"38,18 : 310.05"
"38,19 : 323.62"
"38,20 : 469.62"
"38,21 : 297.02"
"38,22 : 483.83"
"38,23 : 204.62"
"38,24 : 297.98"
"38,25 : 551.88"
"38,26 : 540.45"
"38,27 : 632.26"
"38,28 : 503.95"
"38,29 : 416.92"
"38,30 : 181.59"
"38,31 : 622.98"
"38,32 : 179.69"
"38,33 : 442.57"
"38,34 : 419.31"
"38,35 : 519.29"
"38,36 : 448.79"
"38,37 : 165.05"
"38,38 : 0.0"
"38,39 : 153.57"
"38,40 : 283.98"
"38,41 : 614.19"
"38,42 : 419.15"
"38,43 : 359.36"
"38,44 : 518.94"
"38,45 : 518.19"
"38,46 : 468.21"
"38,47 : 285.8"
"38,48 : 47.38"
"38,49 : 438.52"
"39,0 : 361.58"
"39,1 : 261.23"
"39,2 : 410.68"
"39,3 : 363.31"
"39,4 : 471.84"
"39,5 : 500.24"
"39,6 : 581.49"
"39,7 : 616.65"
"39,8 : 463.25"
"39,9 : 245.6"
"39,10 : 210.54"
"39,11 : 663.96"
"39,12 : 394.99"
"39,13 : 328.01"
"39,14 : 366.4"
"39,15 : 362.01"
"39,16 : 201.7"
"39,17 : 155.27"
"39,18 : 410.27"
"39,19 : 476.42"
"39,20 : 601.05"
"39,21 : 302.91"
"39,22 : 581.88"
"39,23 : 306.81"
"39,24 : 262.48"
"39,25 : 432.73"
"39,26 : 636.95"
"39,27 : 573.81"
"39,28 : 561.32"
"39,29 : 552.01"
"39,30 : 198.07"
"39,31 : 746.28"
"39,32 : 274.13"
"39,33 : 514.85"
"39,34 : 518.8"
"39,35 : 649.37"
"39,36 : 456.28"
"39,37 : 27.78"
"39,38 : 153.57"
"39,39 : 0.0"
"39,40 : 416.92"
"39,41 : 574.59"
"39,42 : 282.86"
"39,43 : 470.48"
"39,44 : 375.37"
"39,45 : 389.18"
"39,46 : 611.73"
"39,47 : 196.16"
"39,48 : 184.1"
"39,49 : 583.89"
"40,0 : 416.54"
"40,1 : 483.22"
"40,2 : 660.48"
"40,3 : 772.58"
"40,4 : 740.72"
"40,5 : 899.84"
"40,6 : 169.11"
"40,7 : 387.76"
"40,8 : 835.13"
"40,9 : 540.93"
"40,10 : 530.19"
"40,11 : 288.43"
"40,12 : 455.04"
"40,13 : 107.0"
"40,14 : 779.54"
"40,15 : 310.54"
"40,16 : 586.09"
"40,17 : 297.93"
"40,18 : 443.09"
"40,19 : 162.39"
"40,20 : 471.38"
"40,21 : 545.56"
"40,22 : 237.52"
"40,23 : 133.66"
"40,24 : 568.65"
"40,25 : 835.55"
"40,26 : 290.59"
"40,27 : 899.2"
"40,28 : 668.3"
"40,29 : 135.09"
"40,30 : 283.01"
"40,31 : 627.15"
"40,32 : 377.02"
"40,33 : 593.26"
"40,34 : 523.69"
"40,35 : 515.98"
"40,36 : 677.75"
"40,37 : 436.68"
"40,38 : 283.98"
"40,39 : 416.92"
"40,40 : 0.0"
"40,41 : 870.1"
"40,42 : 615.02"
"40,43 : 110.32"
"40,44 : 721.55"
"40,45 : 688.2"
"40,46 : 413.63"
"40,47 : 444.28"
"40,48 : 239.77"
"40,49 : 180.71"
"41,0 : 488.44"
"41,1 : 811.99"
"41,2 : 903.32"
"41,3 : 590.4"
"41,4 : 132.0"
"41,5 : 337.08"
"41,6 : 987.59"
"41,7 : 794.8"
"41,8 : 220.38"
"41,9 : 759.99"
"41,10 : 721.42"
"41,11 : 1157.32"
"41,12 : 966.02"
"41,13 : 828.03"
"41,14 : 419.87"
"41,15 : 597.88"
"41,16 : 635.0"
"41,17 : 593.54"
"41,18 : 492.44"
"41,19 : 821.23"
"41,20 : 679.02"
"41,21 : 324.64"
"41,22 : 1093.04"
"41,23 : 818.18"
"41,24 : 319.76"
"41,25 : 348.32"
"41,26 : 1149.49"
"41,27 : 78.0"
"41,28 : 361.31"
"41,29 : 985.35"
"41,30 : 762.13"
"41,31 : 721.75"
"41,32 : 496.59"
"41,33 : 408.12"
"41,34 : 505.99"
"41,35 : 698.96"
"41,36 : 214.77"
"41,37 : 547.46"
"41,38 : 614.19"
"41,39 : 574.59"
"41,40 : 870.1"
"41,41 : 0.0"
"41,42 : 744.36"
"41,43 : 964.22"
"41,44 : 772.68"
"41,45 : 843.43"
"41,46 : 759.38"
"41,47 : 755.05"
"41,48 : 660.66"
"41,49 : 970.78"
"42,0 : 643.55"
"42,1 : 160.82"
"42,2 : 159.0"
"42,3 : 243.74"
"42,4 : 676.22"
"42,5 : 532.78"
"42,6 : 783.07"
"42,7 : 887.85"
"42,8 : 563.56"
"42,9 : 79.25"
"42,10 : 85.73"
"42,11 : 788.47"
"42,12 : 322.2"
"42,13 : 508.84"
"42,14 : 376.18"
"42,15 : 641.48"
"42,16 : 111.0"
"42,17 : 428.14"
"42,18 : 692.02"
"42,19 : 719.37"
"42,20 : 882.56"
"42,21 : 551.99"
"42,22 : 697.3"
"42,23 : 482.27"
"42,24 : 487.16"
"42,25 : 469.95"
"42,26 : 743.01"
"42,27 : 715.68"
"42,28 : 823.95"
"42,29 : 740.95"
"42,30 : 332.2"
"42,31 : 1029.1"
"42,32 : 556.66"
"42,33 : 786.45"
"42,34 : 799.46"
"42,35 : 931.28"
"42,36 : 689.38"
"42,37 : 290.91"
"42,38 : 419.15"
"42,39 : 282.86"
"42,40 : 615.02"
"42,41 : 744.36"
"42,42 : 0.0"
"42,43 : 624.08"
"42,44 : 106.53"
"42,45 : 109.66"
"42,46 : 887.24"
"42,47 : 173.05"
"42,48 : 431.11"
"42,49 : 795.42"
"43,0 : 523.48"
"43,1 : 476.42"
"43,2 : 642.52"
"43,3 : 808.38"
"43,4 : 836.83"
"43,5 : 967.1"
"43,6 : 190.6"
"43,7 : 484.37"
"43,8 : 912.69"
"43,9 : 546.01"
"43,10 : 543.13"
"43,11 : 196.94"
"43,12 : 409.2"
"43,13 : 144.22"
"43,14 : 836.83"
"43,15 : 419.64"
"43,16 : 614.63"
"43,17 : 377.08"
"43,18 : 551.93"
"43,19 : 261.23"
"43,20 : 577.53"
"43,21 : 640.02"
"43,22 : 130.65"
"43,23 : 163.68"
"43,24 : 654.82"
"43,25 : 900.78"
"43,26 : 186.14"
"43,27 : 988.49"
"43,28 : 776.99"
"43,29 : 137.01"
"43,30 : 300.27"
"43,31 : 730.92"
"43,32 : 477.67"
"43,33 : 702.37"
"43,34 : 633.97"
"43,35 : 620.71"
"43,36 : 778.29"
"43,37 : 493.88"
"43,38 : 359.36"
"43,39 : 470.48"
"43,40 : 110.32"
"43,41 : 964.22"
"43,42 : 624.08"
"43,43 : 0.0"
"43,44 : 729.04"
"43,45 : 682.44"
"43,46 : 514.03"
"43,47 : 451.22"
"43,48 : 312.17"
"43,49 : 218.59"
"44,0 : 730.34"
"44,1 : 258.12"
"44,2 : 175.21"
"44,3 : 208.66"
"44,4 : 720.7"
"44,5 : 520.12"
"44,6 : 889.54"
"44,7 : 988.03"
"44,8 : 574.15"
"44,9 : 183.04"
"44,10 : 191.88"
"44,11 : 889.6"
"44,12 : 402.98"
"44,13 : 615.33"
"44,14 : 371.84"
"44,15 : 737.2"
"44,16 : 178.9"
"44,17 : 526.19"
"44,18 : 778.11"
"44,19 : 824.41"
"44,20 : 976.21"
"44,21 : 619.33"
"44,22 : 798.2"
"44,23 : 588.74"
"44,24 : 547.74"
"44,25 : 464.59"
"44,26 : 842.28"
"44,27 : 734.14"
"44,28 : 892.82"
"44,29 : 847.17"
"44,30 : 438.69"
"44,31 : 1119.04"
"44,32 : 645.26"
"44,33 : 861.71"
"44,34 : 883.24"
"44,35 : 1024.25"
"44,36 : 745.6"
"44,37 : 378.75"
"44,38 : 518.94"
"44,39 : 375.37"
"44,40 : 721.55"
"44,41 : 772.68"
"44,42 : 106.53"
"44,43 : 729.04"
"44,44 : 0.0"
"44,45 : 93.74"
"44,46 : 985.6"
"44,47 : 278.87"
"44,48 : 534.02"
"44,49 : 901.95"
"45,0 : 750.7"
"45,1 : 206.53"
"45,2 : 81.69"
"45,3 : 299.17"
"45,4 : 781.26"
"45,5 : 607.55"
"45,6 : 853.02"
"45,7 : 984.05"
"45,8 : 653.17"
"45,9 : 154.55"
"45,10 : 181.29"
"45,11 : 830.87"
"45,12 : 325.78"
"45,13 : 581.21"
"45,14 : 455.55"
"45,15 : 743.45"
"45,16 : 217.95"
"45,17 : 529.09"
"45,18 : 799.34"
"45,19 : 805.24"
"45,20 : 985.54"
"45,21 : 661.47"
"45,22 : 739.57"
"45,23 : 554.58"
"45,24 : 595.72"
"45,25 : 549.36"
"45,26 : 780.24"
"45,27 : 810.01"
"45,28 : 933.59"
"45,29 : 807.42"
"45,30 : 407.54"
"45,31 : 1134.22"
"45,32 : 663.3"
"45,33 : 895.91"
"45,34 : 907.37"
"45,35 : 1034.66"
"45,36 : 797.46"
"45,37 : 399.01"
"45,38 : 518.19"
"45,39 : 389.18"
"45,40 : 688.2"
"45,41 : 843.43"
"45,42 : 109.66"
"45,43 : 682.44"
"45,44 : 93.74"
"45,45 : 0.0"
"45,46 : 985.82"
"45,47 : 247.14"
"45,48 : 525.04"
"45,49 : 868.67"
"46,0 : 307.32"
"46,1 : 805.18"
"46,2 : 984.94"
"46,3 : 951.24"
"46,4 : 635.02"
"46,5 : 941.0"
"46,6 : 387.77"
"46,7 : 44.1"
"46,8 : 833.54"
"46,9 : 831.83"
"46,10 : 805.48"
"46,11 : 626.15"
"46,12 : 836.19"
"46,13 : 482.15"
"46,14 : 879.89"
"46,15 : 251.85"
"46,16 : 813.29"
"46,17 : 459.51"
"46,18 : 280.21"
"46,19 : 252.97"
"46,20 : 95.9"
"46,21 : 503.06"
"46,22 : 618.28"
"46,23 : 500.45"
"46,24 : 573.95"
"46,25 : 894.24"
"46,26 : 658.17"
"46,27 : 818.95"
"46,28 : 427.4"
"46,29 : 425.0"
"46,30 : 605.08"
"46,31 : 220.06"
"46,32 : 365.74"
"46,33 : 359.78"
"46,34 : 258.18"
"46,35 : 118.14"
"46,36 : 545.9"
"46,37 : 613.16"
"46,38 : 468.21"
"46,39 : 611.73"
"46,40 : 413.63"
"46,41 : 759.38"
"46,42 : 887.24"
"46,43 : 514.03"
"46,44 : 985.6"
"46,45 : 985.82"
"46,46 : 0.0"
"46,47 : 746.68"
"46,48 : 462.61"
"46,49 : 353.75"
"47,0 : 539.27"
"47,1 : 66.13"
"47,2 : 238.42"
"47,3 : 378.94"
"47,4 : 661.53"
"47,5 : 616.24"
"47,6 : 611.4"
"47,7 : 742.02"
"47,8 : 612.31"
"47,9 : 96.69"
"47,10 : 93.39"
"47,11 : 619.56"
"47,12 : 214.56"
"47,13 : 337.52"
"47,14 : 462.18"
"47,15 : 512.72"
"47,16 : 184.74"
"47,17 : 300.85"
"47,18 : 587.82"
"47,19 : 558.19"
"47,20 : 754.82"
"47,21 : 498.99"
"47,22 : 528.97"
"47,23 : 310.85"
"47,24 : 454.05"
"47,25 : 548.21"
"47,26 : 576.92"
"47,27 : 743.9"
"47,28 : 755.08"
"47,29 : 568.39"
"47,30 : 161.55"
"47,31 : 908.78"
"47,32 : 451.36"
"47,33 : 704.83"
"47,34 : 697.87"
"47,35 : 804.63"
"47,36 : 651.56"
"47,37 : 218.52"
"47,38 : 285.8"
"47,39 : 196.16"
"47,40 : 444.28"
"47,41 : 755.05"
"47,42 : 173.05"
"47,43 : 451.22"
"47,44 : 278.87"
"47,45 : 247.14"
"47,46 : 746.68"
"47,47 : 0.0"
"47,48 : 284.1"
"47,49 : 624.98"
"48,0 : 288.69"
"48,1 : 343.8"
"48,2 : 522.47"
"48,3 : 547.07"
"48,4 : 537.91"
"48,5 : 660.56"
"48,6 : 399.59"
"48,7 : 459.1"
"48,8 : 600.82"
