x,y
852,312
446,275
889,581
132,356
822,80
105,453
507,790
923,715
419,601
869,4
602,941
87,556
13,373
162,716
921,20
684,172
680,261
987,154
913,314
763,955
64,113
88,231
322,220
521,126
468,361
858,700
268,331
304,569
35,3
895,310
374,401
662,966
264,746
96,67
361,481
921,569
866,770
393,845
117,951
392,53
436,731
883,811
706,828
927,747
599,583
826,161
970,255
813,590
589,741
207,936

Distanze
"0,0 : 0.0"
"0,1 : 407.68"
"0,2 : 271.53"
"0,3 : 721.34"
"0,4 : 233.93"
"0,5 : 760.19"
"0,6 : 589.5"
"0,7 : 409.21"
"0,8 : 520.59"
"0,9 : 308.47"
"0,10 : 676.86"
"0,11 : 802.97"
"0,12 : 841.21"
"0,13 : 799.57"
"0,14 : 300.04"
"0,15 : 218.69"
"0,16 : 179.4"
"0,17 : 207.82"
"0,18 : 61.03"
"0,19 : 649.13"
"0,20 : 812.74"
"0,21 : 768.28"
"0,22 : 537.93"
"0,23 : 379.68"
"0,24 : 387.11"
"0,25 : 388.05"
"0,26 : 584.31"
"0,27 : 605.27"
"0,28 : 873.48"
"0,29 : 43.05"
"0,30 : 486.21"
"0,31 : 681.04"
"0,32 : 730.82"
"0,33 : 794.71"
"0,34 : 519.27"
"0,35 : 266.1"
"0,36 : 458.21"
"0,37 : 703.4"
"0,38 : 973.93"
"0,39 : 527.9"
"0,40 : 590.44"
"0,41 : 499.96"
"0,42 : 536.26"
"0,43 : 441.42"
"0,44 : 370.74"
"0,45 : 153.22"
"0,46 : 131.05"
"0,47 : 280.72"
"0,48 : 503.2"
"0,49 : 897.44"
"1,0 : 407.68"
"1,1 : 0.0"
"1,2 : 538.41"
"1,3 : 324.28"
"1,4 : 423.56"
"1,5 : 384.66"
"1,6 : 518.6"
"1,7 : 648.94"
"1,8 : 327.12"
"1,9 : 502.36"
"1,10 : 684.03"
"1,11 : 455.9"
"1,12 : 443.95"
"1,13 : 524.54"
"1,14 : 539.12"
"1,15 : 259.33"
"1,16 : 234.42"
"1,17 : 554.37"
"1,18 : 468.63"
"1,19 : 750.26"
"1,20 : 414.93"
"1,21 : 360.69"
"1,22 : 135.65"
"1,23 : 166.81"
"1,24 : 88.77"
"1,25 : 591.92"
"1,26 : 186.6"
"1,27 : 326.5"
"1,28 : 492.85"
"1,29 : 450.36"
"1,30 : 145.12"
"1,31 : 723.97"
"1,32 : 504.94"
"1,33 : 407.14"
"1,34 : 222.85"
"1,35 : 558.62"
"1,36 : 649.17"
"1,37 : 572.46"
"1,38 : 751.81"
"1,39 : 228.47"
"1,40 : 456.11"
"1,41 : 691.57"
"1,42 : 611.07"
"1,43 : 673.9"
"1,44 : 343.91"
"1,45 : 396.73"
"1,46 : 524.38"
"1,47 : 483.65"
"1,48 : 487.45"
"1,49 : 702.88"
"2,0 : 271.53"
"2,1 : 538.41"
"2,2 : 0.0"
"2,3 : 789.73"
"2,4 : 505.46"
"2,5 : 794.38"
"2,6 : 435.44"
"2,7 : 138.25"
"2,8 : 470.43"
"2,9 : 577.35"
"2,10 : 460.4"
"2,11 : 802.39"
"2,12 : 900.36"
"2,13 : 739.43"
"2,14 : 561.91"
"2,15 : 457.5"
"2,16 : 382.21"
"2,17 : 438.1"
"2,18 : 268.08"
"2,19 : 394.65"
"2,20 : 948.5"
"2,21 : 874.13"
"2,22 : 672.17"
"2,23 : 585.19"
"2,24 : 475.02"
"2,25 : 122.97"
"2,26 : 669.43"
"2,27 : 585.12"
"2,28 : 1031.21"
"2,29 : 271.07"
"2,30 : 545.55"
"2,31 : 446.94"
"2,32 : 646.41"
"2,33 : 945.01"
"2,34 : 537.39"
"2,35 : 34.18"
"2,36 : 190.39"
"2,37 : 561.88"
"2,38 : 856.09"
"2,39 : 725.12"
"2,40 : 477.19"
"2,41 : 230.08"
"2,42 : 307.41"
"2,43 : 170.29"
"2,44 : 290.01"
"2,45 : 424.7"
"2,46 : 335.91"
"2,47 : 76.53"
"2,48 : 340.0"
"2,49 : 768.86"
"3,0 : 721.34"
"3,1 : 324.28"
"3,2 : 789.73"
"3,3 : 0.0"
"3,4 : 743.15"
"3,5 : 100.69"
"3,6 : 573.57"
"3,7 : 868.66"
"3,8 : 377.35"
"3,9 : 816.75"
"3,10 : 750.42"
"3,11 : 205.0"
"3,12 : 120.21"
"3,13 : 361.25"
"3,14 : 857.56"
"3,15 : 581.86"
"3,16 : 556.17"
"3,17 : 878.54"
"3,18 : 782.13"
"3,19 : 870.04"
"3,20 : 252.34"
"3,21 : 132.52"
"3,22 : 233.66"
"3,23 : 451.91"
"3,24 : 336.04"
"3,25 : 803.38"
"3,26 : 138.28"
"3,27 : 273.78"
"3,28 : 366.08"
"3,29 : 764.39"
"3,30 : 246.15"
"3,31 : 808.08"
"3,32 : 411.73"
"3,33 : 291.23"
"3,34 : 260.89"
"3,35 : 817.25"
"3,36 : 842.71"
"3,37 : 554.29"
"3,38 : 595.19"
"3,39 : 399.26"
"3,40 : 482.74"
"3,41 : 878.08"
"3,42 : 743.14"
"3,43 : 885.95"
"3,44 : 519.25"
"3,45 : 720.88"
"3,46 : 844.06"
"3,47 : 720.08"
"3,48 : 597.56"
"3,49 : 584.83"
"4,0 : 233.93"
"4,1 : 423.56"
"4,2 : 505.46"
"4,3 : 743.15"
"4,4 : 0.0"
"4,5 : 808.22"
"4,6 : 776.74"
"4,7 : 642.98"
"4,8 : 658.67"
"4,9 : 89.36"
"4,10 : 888.66"
"4,11 : 875.67"
"4,12 : 860.42"
"4,13 : 916.57"
"4,14 : 115.76"
"4,15 : 165.86"
"4,16 : 230.05"
"4,17 : 180.83"
"4,18 : 251.07"
"4,19 : 876.99"
"4,20 : 758.72"
"4,21 : 749.37"
"4,22 : 519.23"
"4,23 : 304.49"
"4,24 : 451.97"
"4,25 : 621.04"
"4,26 : 608.21"
"4,27 : 712.35"
"4,28 : 790.76"
"4,29 : 241.31"
"4,30 : 551.13"
"4,31 : 900.33"
"4,32 : 868.86"
"4,33 : 726.12"
"4,34 : 611.0"
"4,35 : 498.92"
"4,36 : 691.4"
"4,37 : 877.08"
"4,38 : 1120.57"
"4,39 : 430.85"
"4,40 : 756.83"
"4,41 : 733.54"
"4,42 : 756.94"
"4,43 : 675.21"
"4,44 : 550.22"
"4,45 : 81.1"
"4,46 : 229.19"
"4,47 : 510.08"
"4,48 : 700.86"
"4,49 : 1054.02"
"5,0 : 760.19"
"5,1 : 384.66"
"5,2 : 794.38"
"5,3 : 100.69"
"5,4 : 808.22"
"5,5 : 0.0"
"5,6 : 524.57"
"5,7 : 858.93"
"5,8 : 347.13"
"5,9 : 886.17"
"5,10 : 696.53"
"5,11 : 104.56"
"5,12 : 121.92"
"5,13 : 269.11"
"5,14 : 923.77"
"5,15 : 643.59"
"5,16 : 606.21"
"5,17 : 931.3"
"5,18 : 819.87"
"5,19 : 827.63"
"5,20 : 342.46"
"5,21 : 222.65"
"5,22 : 318.4"
"5,23 : 529.14"
"5,24 : 374.48"
"5,25 : 792.48"
"5,26 : 203.6"
"5,27 : 230.34"
"5,28 : 455.41"
"5,29 : 802.84"
"5,30 : 273.98"
"5,31 : 757.24"
"5,32 : 333.36"
"5,33 : 386.1"
"5,34 : 257.53"
"5,35 : 824.2"
"5,36 : 824.38"
"5,37 : 486.42"
"5,38 : 498.14"
"5,39 : 492.31"
"5,40 : 432.26"
"5,41 : 856.42"
"5,42 : 708.4"
"5,43 : 872.99"
"5,44 : 510.82"
"5,45 : 777.88"
"5,46 : 887.37"
"5,47 : 721.13"
"5,48 : 563.21"
"5,49 : 493.65"
"6,0 : 589.5"
"6,1 : 518.6"
"6,2 : 435.44"
"6,3 : 573.57"
"6,4 : 776.74"
"6,5 : 524.57"
"6,6 : 0.0"
"6,7 : 422.71"
"6,8 : 208.48"
"6,9 : 865.36"
"6,10 : 178.4"
"6,11 : 480.79"
"6,12 : 646.47"
"6,13 : 352.85"
"6,14 : 874.24"
"6,15 : 642.85"
"6,16 : 556.57"
"6,17 : 796.8"
"6,18 : 625.63"
"6,19 : 304.57"
"6,20 : 809.06"
"6,21 : 698.6"
"6,22 : 599.27"
"6,23 : 664.15"
"6,24 : 430.77"
"6,25 : 362.35"
"6,26 : 517.5"
"6,27 : 300.08"
"6,28 : 917.69"
"6,29 : 617.21"
"6,30 : 411.11"
"6,31 : 234.52"
"6,32 : 246.95"
"6,33 : 831.65"
"6,34 : 341.76"
"6,35 : 469.29"
"6,36 : 359.56"
"6,37 : 126.57"
"6,38 : 421.93"
"6,39 : 745.92"
"6,40 : 92.31"
"6,41 : 376.59"
"6,42 : 202.6"
"6,43 : 422.2"
"6,44 : 226.52"
"6,45 : 705.27"
"6,46 : 707.53"
"6,47 : 365.56"
"6,48 : 95.52"
"6,49 : 333.64"
"7,0 : 409.21"
"7,1 : 648.94"
"7,2 : 138.25"
"7,3 : 868.66"
"7,4 : 642.98"
"7,5 : 858.93"
"7,6 : 422.71"
"7,7 : 0.0"
"7,8 : 516.73"
"7,9 : 713.05"
"7,10 : 392.58"
"7,11 : 850.99"
"7,12 : 972.14"
"7,13 : 761.0"
"7,14 : 695.0"
"7,15 : 593.27"
"7,16 : 514.94"
"7,17 : 564.64"
"7,18 : 401.12"
"7,19 : 288.44"
"7,20 : 1048.94"
"7,21 : 965.13"
"7,22 : 778.61"
"7,23 : 713.11"
"7,24 : 576.49"
"7,25 : 66.71"
"7,26 : 759.26"
"7,27 : 635.99"
"7,28 : 1138.2"
"7,29 : 405.97"
"7,30 : 632.45"
"7,31 : 362.11"
"7,32 : 659.73"
"7,33 : 1050.63"
"7,34 : 608.77"
"7,35 : 146.01"
"7,36 : 79.21"
"7,37 : 545.71"
"7,38 : 839.84"
"7,39 : 848.65"
"7,40 : 487.26"
"7,41 : 104.0"
"7,42 : 244.66"
"7,43 : 32.25"
"7,44 : 349.86"
"7,45 : 562.43"
"7,46 : 462.39"
"7,47 : 166.51"
"7,48 : 335.01"
"7,49 : 749.33"
"8,0 : 520.59"
"8,1 : 327.12"
"8,2 : 470.43"
"8,3 : 377.35"
"8,4 : 658.67"
"8,5 : 347.13"
"8,6 : 208.48"
"8,7 : 516.73"
"8,8 : 0.0"
"8,9 : 747.6"
"8,10 : 386.12"
"8,11 : 335.04"
"8,12 : 465.64"
"8,13 : 281.56"
"8,14 : 767.83"
"8,15 : 504.25"
"8,16 : 428.63"
"8,17 : 722.8"
"8,18 : 571.32"
"8,19 : 493.61"
"8,20 : 603.46"
"8,21 : 496.45"
"8,22 : 393.15"
"8,23 : 485.83"
"8,24 : 244.95"
"8,25 : 450.02"
"8,26 : 309.36"
"8,27 : 119.37"
"8,28 : 710.68"
"8,29 : 557.9"
"8,30 : 205.0"
"8,31 : 438.49"
"8,32 : 212.25"
"8,33 : 624.09"
"8,34 : 133.28"
"8,35 : 503.02"
"8,36 : 477.88"
"8,37 : 245.38"
"8,38 : 462.28"
"8,39 : 548.66"
"8,40 : 131.11"
"8,41 : 509.31"
"8,42 : 365.92"
"8,43 : 528.56"
"8,44 : 180.9"
"8,45 : 599.37"
"8,46 : 650.63"
"8,47 : 394.15"
"8,48 : 220.23"
"8,49 : 396.45"
"9,0 : 308.47"
"9,1 : 502.36"
"9,2 : 577.35"
"9,3 : 816.75"
"9,4 : 89.36"
"9,5 : 886.17"
"9,6 : 865.36"
"9,7 : 713.05"
"9,8 : 747.6"
"9,9 : 0.0"
"9,10 : 974.3"
"9,11 : 957.2"
"9,12 : 932.15"
"9,13 : 1003.39"
"9,14 : 54.41"
"9,15 : 249.9"
"9,16 : 319.01"
"9,17 : 190.85"
"9,18 : 313.11"
"9,19 : 956.89"
"9,20 : 812.35"
"9,21 : 813.32"
"9,22 : 588.1"
"9,23 : 368.77"
"9,24 : 536.89"
"9,25 : 696.09"
"9,26 : 684.2"
"9,27 : 799.03"
"9,28 : 834.0"
"9,29 : 307.1"
"9,30 : 634.53"
"9,31 : 984.02"
"9,32 : 957.39"
"9,33 : 775.56"
"9,34 : 696.85"
"9,35 : 567.39"
"9,36 : 766.01"
"9,37 : 966.36"
"9,38 : 1209.26"
"9,39 : 479.51"
"9,40 : 846.18"
"9,41 : 807.12"
"9,42 : 839.97"
"9,43 : 745.26"
"9,44 : 638.86"
"9,45 : 162.78"
"9,46 : 270.56"
"9,47 : 588.67"
"9,48 : 788.4"
"9,49 : 1143.18"
"10,0 : 676.86"
"10,1 : 684.03"
"10,2 : 460.4"
"10,3 : 750.42"
"10,4 : 888.66"
"10,5 : 696.53"
"10,6 : 178.4"
"10,7 : 392.58"
"10,8 : 386.12"
"10,9 : 974.3"
"10,10 : 0.0"
"10,11 : 643.0"
"10,12 : 818.26"
"10,13 : 494.19"
"10,14 : 974.68"
"10,15 : 773.36"
"10,16 : 684.46"
"10,17 : 876.12"
"10,18 : 699.89"
"10,19 : 161.61"
"10,20 : 987.44"
"10,21 : 876.52"
"10,22 : 773.46"
"10,23 : 819.02"
"10,24 : 595.28"
"10,25 : 351.59"
"10,26 : 695.45"
"10,27 : 476.64"
"10,28 : 1096.05"
"10,29 : 695.71"
"10,30 : 586.16"
"10,31 : 65.0"
"10,32 : 390.22"
"10,33 : 1009.91"
"10,34 : 519.31"
"10,35 : 490.05"
"10,36 : 314.54"
"10,37 : 229.99"
"10,38 : 485.1"
"10,39 : 912.49"
"10,40 : 267.69"
"10,41 : 309.61"
"10,42 : 153.57"
"10,43 : 378.5"
"10,44 : 358.01"
"10,45 : 811.53"
"10,46 : 778.47"
"10,47 : 409.54"
"10,48 : 200.42"
"10,49 : 395.03"
"11,0 : 802.97"
"11,1 : 455.9"
"11,2 : 802.39"
"11,3 : 205.0"
"11,4 : 875.67"
"11,5 : 104.56"
"11,6 : 480.79"
"11,7 : 850.99"
"11,8 : 335.04"
"11,9 : 957.2"
"11,10 : 643.0"
"11,11 : 0.0"
"11,12 : 197.4"
"11,13 : 176.71"
"11,14 : 991.39"
"11,15 : 709.83"
"11,16 : 662.32"
"11,17 : 985.7"
"11,18 : 860.72"
"11,19 : 784.97"
"11,20 : 443.6"
"11,21 : 325.0"
"11,22 : 410.03"
"11,23 : 610.95"
"11,24 : 428.0"
"11,25 : 784.33"
"11,26 : 288.77"
"11,27 : 217.39"
"11,28 : 555.44"
"11,29 : 844.62"
"11,30 : 326.18"
"11,31 : 706.2"
"11,32 : 259.67"
"11,33 : 489.08"
"11,34 : 284.08"
"11,35 : 834.1"
"11,36 : 807.86"
"11,37 : 420.9"
"11,38 : 396.14"
"11,39 : 588.25"
"11,40 : 390.42"
"11,41 : 835.85"
"11,42 : 676.12"
"11,43 : 861.44"
"11,44 : 512.71"
"11,45 : 837.94"
"11,46 : 932.89"
"11,47 : 726.8"
"11,48 : 535.0"
"11,49 : 398.5"
"12,0 : 841.21"
"12,1 : 443.95"
"12,2 : 900.36"
"12,3 : 120.21"
"12,4 : 860.42"
"12,5 : 121.92"
"12,6 : 646.47"
"12,7 : 972.14"
"12,8 : 465.64"
"12,9 : 932.15"
"12,10 : 818.26"
"12,11 : 197.4"
"12,12 : 0.0"
"12,13 : 373.97"
"12,14 : 974.2"
"12,15 : 700.46"
"12,16 : 676.34"
"12,17 : 998.32"
"12,18 : 901.93"
"12,19 : 949.33"
"12,20 : 264.95"
"12,21 : 160.59"
"12,22 : 344.8"
"12,23 : 564.87"
"12,24 : 455.16"
"12,25 : 906.07"
"12,26 : 258.44"
"12,27 : 350.85"
"12,28 : 370.65"
"12,29 : 884.25"
"12,30 : 362.08"
"12,31 : 879.12"
"12,32 : 449.59"
"12,33 : 317.06"
"12,34 : 364.37"
"12,35 : 928.91"
"12,36 : 940.86"
"12,37 : 605.96"
"12,38 : 587.28"
"12,39 : 496.03"
"12,40 : 554.16"
"12,41 : 974.03"
"12,42 : 829.02"
"12,43 : 987.56"
"12,44 : 622.49"
"12,45 : 840.19"
"12,46 : 964.25"
"12,47 : 828.91"
"12,48 : 683.52"
"12,49 : 595.49"
"13,0 : 799.57"
"13,1 : 524.54"
"13,2 : 739.43"
"13,3 : 361.25"
"13,4 : 916.57"
"13,5 : 269.11"
"13,6 : 352.85"
"13,7 : 761.0"
"13,8 : 281.56"
"13,9 : 1003.39"
"13,10 : 494.19"
"13,11 : 176.71"
"13,12 : 373.97"
"13,13 : 0.0"
"13,14 : 1029.8"
"13,15 : 753.94"
"13,16 : 689.46"
"13,17 : 998.23"
"13,18 : 851.82"
"13,19 : 646.78"
"13,20 : 610.91"
"13,21 : 490.61"
"13,22 : 521.17"
"13,23 : 690.64"
"13,24 : 468.68"
"13,25 : 696.18"
"13,26 : 399.33"
"13,27 : 204.38"
"13,28 : 724.22"
"13,29 : 837.93"
"13,30 : 379.7"
"13,31 : 559.02"
"13,32 : 106.32"
"13,33 : 652.35"
"13,34 : 307.94"
"13,35 : 773.1"
"13,36 : 706.07"
"13,37 : 264.58"
"13,38 : 239.27"
"13,39 : 701.76"
"13,40 : 274.41"
"13,41 : 727.23"
"13,42 : 555.41"
"13,43 : 765.63"
"13,44 : 456.79"
"13,45 : 865.4"
"13,46 : 930.26"
"13,47 : 663.08"
"13,48 : 427.73"
"13,49 : 224.56"
"14,0 : 300.04"
"14,1 : 539.12"
"14,2 : 561.91"
"14,3 : 857.56"
"14,4 : 115.76"
"14,5 : 923.77"
"14,6 : 874.24"
"14,7 : 695.0"
"14,8 : 767.83"
"14,9 : 54.41"
"14,10 : 974.68"
"14,11 : 991.39"
"14,12 : 974.2"
"14,13 : 1029.8"
"14,14 : 0.0"
"14,15 : 281.55"
"14,16 : 340.83"
"14,17 : 149.37"
"14,18 : 294.11"
"14,19 : 948.26"
"14,20 : 862.03"
"14,21 : 859.31"
"14,22 : 631.51"
"14,23 : 413.81"
"14,24 : 567.0"
"14,25 : 682.91"
"14,26 : 723.28"
"14,27 : 825.89"
"14,28 : 886.16"
"14,29 : 291.16"
"14,30 : 666.61"
"14,31 : 980.81"
"14,32 : 979.15"
"14,33 : 826.34"
"14,34 : 725.34"
"14,35 : 549.0"
"14,36 : 752.01"
"14,37 : 979.49"
"14,38 : 1230.11"
"14,39 : 530.03"
"14,40 : 860.67"
"14,41 : 791.91"
"14,42 : 836.12"
"14,43 : 727.02"
"14,44 : 648.58"
"14,45 : 170.02"
"14,46 : 240.05"
"14,47 : 580.14"
"14,48 : 793.77"
"14,49 : 1161.4"
"15,0 : 218.69"
"15,1 : 259.33"
"15,2 : 457.5"
"15,3 : 581.86"
"15,4 : 165.86"
"15,5 : 643.59"
"15,6 : 642.85"
"15,7 : 593.27"
"15,8 : 504.25"
"15,9 : 249.9"
"15,10 : 773.36"
"15,11 : 709.83"
"15,12 : 700.46"
"15,13 : 753.94"
"15,14 : 281.55"
"15,15 : 0.0"
"15,16 : 89.09"
"15,17 : 303.53"
"15,18 : 269.45"
"15,19 : 786.98"
"15,20 : 622.8"
"15,21 : 598.91"
"15,22 : 365.17"
"15,23 : 169.37"
"15,24 : 287.01"
"15,25 : 555.93"
"15,26 : 445.35"
"15,27 : 549.55"
"15,28 : 670.64"
"15,29 : 252.12"
"15,30 : 385.41"
"15,31 : 794.3"
"15,32 : 711.25"
"15,33 : 597.3"
"15,34 : 447.0"
"15,35 : 462.36"
"15,36 : 625.08"
"15,37 : 733.22"
"15,38 : 963.5"
"15,39 : 315.32"
"15,40 : 611.54"
"15,41 : 669.27"
"15,42 : 656.37"
"15,43 : 624.24"
"15,44 : 419.7"
"15,45 : 142.43"
"15,46 : 297.8"
"15,47 : 437.45"
"15,48 : 576.88"
"15,49 : 900.68"
"16,0 : 179.4"
"16,1 : 234.42"
"16,2 : 382.21"
"16,3 : 556.17"
"16,4 : 230.05"
"16,5 : 606.21"
"16,6 : 556.57"
"16,7 : 514.94"
"16,8 : 428.63"
"16,9 : 319.01"
"16,10 : 684.46"
"16,11 : 662.32"
"16,12 : 676.34"
"16,13 : 689.46"
"16,14 : 340.83"
"16,15 : 89.09"
"16,16 : 0.0"
"16,17 : 325.11"
"16,18 : 238.95"
"16,19 : 698.95"
"16,20 : 633.53"
"16,21 : 592.76"
"16,22 : 360.34"
"16,23 : 208.58"
"16,24 : 234.4"
"16,25 : 473.71"
"16,26 : 417.9"
"16,27 : 486.05"
"16,28 : 694.69"
"16,29 : 220.51"
"16,30 : 336.51"
"16,31 : 705.23"
"16,32 : 638.97"
"16,33 : 615.38"
"16,34 : 387.51"
"16,35 : 391.08"
"16,36 : 541.92"
"16,37 : 650.71"
"16,38 : 890.54"
"16,39 : 355.26"
"16,40 : 529.56"
"16,41 : 586.27"
"16,42 : 567.6"
"16,43 : 545.17"
"16,44 : 332.03"
"16,45 : 176.96"
"16,46 : 290.06"
"16,47 : 354.87"
"16,48 : 488.55"
"16,49 : 824.23"
"17,0 : 207.82"
"17,1 : 554.37"
"17,2 : 438.1"
"17,3 : 878.54"
"17,4 : 180.83"
"17,5 : 931.3"
"17,6 : 796.8"
"17,7 : 564.64"
"17,8 : 722.8"
"17,9 : 190.85"
"17,10 : 876.12"
"17,11 : 985.7"
"17,12 : 998.32"
"17,13 : 998.23"
"17,14 : 149.37"
"17,15 : 303.53"
"17,16 : 325.11"
"17,17 : 0.0"
"17,18 : 176.28"
"17,19 : 831.73"
"17,20 : 923.91"
"17,21 : 902.29"
"17,22 : 668.27"
"17,23 : 466.84"
"17,24 : 558.76"
"17,25 : 561.03"
"17,26 : 740.47"
"17,27 : 799.2"
"17,28 : 963.9"
"17,29 : 181.11"
"17,30 : 660.89"
"17,31 : 874.63"
"17,32 : 934.45"
"17,33 : 895.24"
"17,34 : 706.26"
"17,35 : 420.22"
"17,36 : 627.77"
"17,37 : 911.22"
"17,38 : 1179.88"
"17,39 : 603.51"
"17,40 : 797.83"
"17,41 : 665.18"
"17,42 : 730.23"
"17,43 : 596.03"
"17,44 : 578.43"
"17,45 : 161.15"
"17,46 : 102.42"
"17,47 : 469.44"
"17,48 : 709.21"
"17,49 : 1104.5"
"18,0 : 61.03"
"18,1 : 468.63"
"18,2 : 268.08"
"18,3 : 782.13"
"18,4 : 251.07"
"18,5 : 819.87"
"18,6 : 625.63"
"18,7 : 401.12"
"18,8 : 571.32"
"18,9 : 313.11"
"18,10 : 699.89"
"18,11 : 860.72"
"18,12 : 901.93"
"18,13 : 851.82"
"18,14 : 294.11"
"18,15 : 269.45"
"18,16 : 238.95"
"18,17 : 176.28"
"18,18 : 0.0"
"18,19 : 658.32"
"18,20 : 872.47"
"18,21 : 829.16"
"18,22 : 598.43"
"18,23 : 434.75"
"18,24 : 447.48"
"18,25 : 389.9"
"18,26 : 645.22"
"18,27 : 660.23"
"18,28 : 931.45"
"18,29 : 18.44"
"18,30 : 545.98"
"18,31 : 698.65"
"18,32 : 779.63"
"18,33 : 853.52"
"18,34 : 576.71"
"18,35 : 255.13"
"18,36 : 458.42"
"18,37 : 743.21"
"18,38 : 1019.5"
"18,39 : 582.72"
"18,40 : 633.58"
"18,41 : 497.9"
"18,42 : 554.12"
"18,43 : 433.23"
"18,44 : 413.47"
"18,45 : 176.01"
"18,46 : 82.04"
"18,47 : 293.56"
"18,48 : 536.01"
"18,49 : 940.91"
"19,0 : 649.13"
"19,1 : 750.26"
"19,2 : 394.65"
"19,3 : 870.04"
"19,4 : 876.99"
"19,5 : 827.63"
"19,6 : 304.57"
"19,7 : 288.44"
"19,8 : 493.61"
"19,9 : 956.89"
"19,10 : 161.61"
"19,11 : 784.97"
"19,12 : 949.33"
"19,13 : 646.78"
"19,14 : 948.26"
"19,15 : 786.98"
"19,16 : 698.95"
"19,17 : 831.73"
"19,18 : 658.32"
"19,19 : 0.0"
"19,20 : 1094.33"
"19,21 : 989.85"
"19,22 : 857.15"
"19,23 : 863.6"
"19,24 : 663.22"
"19,25 : 272.12"
"19,26 : 796.49"
"19,27 : 599.73"
"19,28 : 1198.45"
"19,29 : 658.37"
"19,30 : 676.93"
"19,31 : 101.6"
"19,32 : 541.0"
"19,33 : 1110.6"
"19,34 : 621.51"
"19,35 : 417.09"
"19,36 : 211.74"
"19,37 : 386.01"
"19,38 : 646.01"
"19,39 : 975.32"
"19,40 : 396.36"
"19,41 : 187.45"
"19,42 : 139.2"
"19,43 : 264.88"
"19,44 : 406.55"
"19,45 : 796.5"
"19,46 : 729.97"
"19,47 : 368.41"
"19,48 : 275.81"
"19,49 : 556.32"
"20,0 : 812.74"
"20,1 : 414.93"
"20,2 : 948.5"
"20,3 : 252.34"
"20,4 : 758.72"
"20,5 : 342.46"
"20,6 : 809.06"
"20,7 : 1048.94"
"20,8 : 603.46"
"20,9 : 812.35"
"20,10 : 987.44"
"20,11 : 443.6"
"20,12 : 264.95"
"20,13 : 610.91"
"20,14 : 862.03"
"20,15 : 622.8"
"20,16 : 633.53"
"20,17 : 923.91"
"20,18 : 872.47"
"20,19 : 1094.33"
"20,20 : 0.0"
"20,21 : 120.42"
"20,22 : 279.31"
"20,23 : 457.18"
"20,24 : 474.05"
"20,25 : 987.42"
"20,26 : 298.56"
"20,27 : 515.3"
"20,28 : 113.76"
"20,29 : 854.03"
"20,30 : 423.14"
"20,31 : 1041.74"
"20,32 : 663.84"
"20,33 : 56.04"
"20,34 : 472.9"
"20,35 : 970.77"
"20,36 : 1036.75"
"20,37 : 802.54"
"20,38 : 839.67"
"20,39 : 333.44"
"20,40 : 721.32"
"20,41 : 1076.09"
"20,42 : 960.93"
"20,43 : 1070.85"
"20,44 : 712.13"
"20,45 : 763.51"
"20,46 : 917.06"
"20,47 : 887.99"
"20,48 : 818.54"
"20,49 : 835.33"
"21,0 : 768.28"
"21,1 : 360.69"
"21,2 : 874.13"
"21,3 : 132.52"
"21,4 : 749.37"
"21,5 : 222.65"
"21,6 : 698.6"
"21,7 : 965.13"
"21,8 : 496.45"
"21,9 : 813.32"
"21,10 : 876.52"
"21,11 : 325.0"
"21,12 : 160.59"
"21,13 : 490.61"
"21,14 : 859.31"
"21,15 : 598.91"
"21,16 : 592.76"
"21,17 : 902.29"
"21,18 : 829.16"
"21,19 : 989.85"
"21,20 : 120.42"
"21,21 : 0.0"
"21,22 : 234.26"
"21,23 : 445.55"
"21,24 : 401.62"
"21,25 : 901.59"
"21,26 : 205.91"
"21,27 : 401.12"
"21,28 : 234.08"
"21,29 : 810.86"
"21,30 : 332.71"
"21,31 : 932.58"
"21,32 : 544.24"
"21,33 : 164.2"
"21,34 : 370.17"
"21,35 : 898.96"
"21,36 : 946.47"
"21,37 : 685.58"
"21,38 : 720.58"
"21,39 : 352.28"
"21,40 : 609.18"
"21,41 : 984.09"
"21,42 : 859.26"
"21,43 : 984.98"
"21,44 : 620.5"
"21,45 : 741.31"
"21,46 : 882.33"
"21,47 : 809.02"
"21,48 : 714.91"
"21,49 : 714.97"
"22,0 : 537.93"
"22,1 : 135.65"
"22,2 : 672.17"
"22,3 : 233.66"
"22,4 : 519.23"
"22,5 : 318.4"
"22,6 : 599.27"
"22,7 : 778.61"
"22,8 : 393.15"
"22,9 : 588.1"
"22,10 : 773.46"
"22,11 : 410.03"
"22,12 : 344.8"
"22,13 : 521.17"
"22,14 : 631.51"
"22,15 : 365.17"
"22,16 : 360.34"
"22,17 : 668.27"
"22,18 : 598.43"
"22,19 : 857.15"
"22,20 : 279.31"
"22,21 : 234.26"
"22,22 : 0.0"
"22,23 : 220.08"
"22,24 : 202.97"
"22,25 : 719.51"
"22,26 : 123.44"
"22,27 : 349.46"
"22,28 : 359.8"
"22,29 : 580.02"
"22,30 : 188.32"
"22,31 : 819.83"
"22,32 : 529.19"
"22,33 : 272.92"
"22,34 : 263.9"
"22,35 : 693.25"
"22,36 : 773.59"
"22,37 : 629.02"
"22,38 : 759.2"
"22,39 : 181.08"
"22,40 : 523.56"
"22,41 : 814.86"
"22,42 : 719.11"
"22,43 : 802.34"
"22,44 : 456.62"
"22,45 : 507.44"
"22,46 : 648.94"
"22,47 : 614.8"
"22,48 : 585.43"
"22,49 : 725.18"
"23,0 : 379.68"
"23,1 : 166.81"
"23,2 : 585.19"
"23,3 : 451.91"
"23,4 : 304.49"
"23,5 : 529.14"
"23,6 : 664.15"
"23,7 : 713.11"
"23,8 : 485.83"
"23,9 : 368.77"
"23,10 : 819.02"
"23,11 : 610.95"
"23,12 : 564.87"
"23,13 : 690.64"
"23,14 : 413.81"
"23,15 : 169.37"
"23,16 : 208.58"
"23,17 : 466.84"
"23,18 : 434.75"
"23,19 : 863.6"
"23,20 : 457.18"
"23,21 : 445.55"
"23,22 : 220.08"
"23,23 : 0.0"
"23,24 : 240.9"
"23,25 : 665.62"
"23,26 : 325.63"
"23,27 : 493.29"
"23,28 : 501.32"
"23,29 : 416.81"
"23,30 : 311.82"
"23,31 : 851.75"
"23,32 : 671.15"
"23,33 : 429.08"
"23,34 : 389.39"
"23,35 : 596.87"
"23,36 : 730.59"
"23,37 : 730.3"
"23,38 : 918.61"
"23,39 : 148.22"
"23,40 : 610.94"
"23,41 : 774.77"
"23,42 : 725.97"
"23,43 : 741.94"
"23,44 : 463.61"
"23,45 : 307.0"
"23,46 : 467.16"
"23,47 : 548.23"
"23,48 : 618.75"
"23,49 : 868.73"
"24,0 : 387.11"
"24,1 : 88.77"
"24,2 : 475.02"
"24,3 : 336.04"
"24,4 : 451.97"
"24,5 : 374.48"
"24,6 : 430.77"
"24,7 : 576.49"
"24,8 : 244.95"
"24,9 : 536.89"
"24,10 : 595.28"
"24,11 : 428.0"
"24,12 : 455.16"
"24,13 : 468.68"
"24,14 : 567.0"
"24,15 : 287.01"
"24,16 : 234.4"
"24,17 : 558.76"
"24,18 : 447.48"
"24,19 : 663.22"
"24,20 : 474.05"
"24,21 : 401.62"
"24,22 : 202.97"
"24,23 : 240.9"
"24,24 : 0.0"
"24,25 : 516.74"
"24,26 : 202.24"
"24,27 : 264.88"
"24,28 : 561.83"
"24,29 : 430.03"
"24,30 : 102.16"
"24,31 : 635.34"
"24,32 : 435.71"
"24,33 : 474.15"
"24,34 : 160.78"
"24,35 : 498.47"
"24,36 : 570.69"
"24,37 : 489.78"
"24,38 : 686.51"
"24,39 : 317.24"
"24,40 : 371.38"
"24,41 : 612.15"
"24,42 : 524.15"
"24,43 : 599.73"
"24,44 : 257.77"
"24,45 : 410.08"
"24,46 : 513.07"
"24,47 : 414.08"
"24,48 : 398.8"
"24,49 : 631.46"
"25,0 : 388.05"
"25,1 : 591.92"
"25,2 : 122.97"
"25,3 : 803.38"
"25,4 : 621.04"
"25,5 : 792.48"
"25,6 : 362.35"
"25,7 : 66.71"
"25,8 : 450.02"
"25,9 : 696.09"
"25,10 : 351.59"
"25,11 : 784.33"
"25,12 : 906.07"
"25,13 : 696.18"
"25,14 : 682.91"
"25,15 : 555.93"
"25,16 : 473.71"
"25,17 : 561.03"
"25,18 : 389.9"
"25,19 : 272.12"
"25,20 : 987.42"
"25,21 : 901.59"
"25,22 : 719.51"
"25,23 : 665.62"
"25,24 : 516.74"
"25,25 : 0.0"
"25,26 : 695.89"
"25,27 : 569.28"
"25,28 : 1078.49"
"25,29 : 391.75"
"25,30 : 568.91"
"25,31 : 330.41"
"25,32 : 595.78"
"25,33 : 990.62"
"25,34 : 543.11"
"25,35 : 145.36"
"25,36 : 70.46"
"25,37 : 487.08"
"25,38 : 782.36"
"25,39 : 797.35"
"25,40 : 423.14"
"25,41 : 113.78"
"25,42 : 198.72"
"25,43 : 83.49"
"25,44 : 284.2"
"25,45 : 539.95"
"25,46 : 458.88"
"25,47 : 118.85"
"25,48 : 272.11"
"25,49 : 692.46"
"26,0 : 584.31"
"26,1 : 186.6"
"26,2 : 669.43"
"26,3 : 138.28"
"26,4 : 608.21"
"26,5 : 203.6"
"26,6 : 517.5"
"26,7 : 759.26"
"26,8 : 309.36"
"26,9 : 684.2"
"26,10 : 695.45"
"26,11 : 288.77"
"26,12 : 258.44"
"26,13 : 399.33"
"26,14 : 723.28"
"26,15 : 445.35"
"26,16 : 417.9"
"26,17 : 740.47"
"26,18 : 645.22"
"26,19 : 796.49"
"26,20 : 298.56"
"26,21 : 205.91"
"26,22 : 123.44"
"26,23 : 325.63"
"26,24 : 202.24"
"26,25 : 695.89"
"26,26 : 0.0"
"26,27 : 240.71"
"26,28 : 402.33"
"26,29 : 627.35"
"26,30 : 127.03"
"26,31 : 747.3"
"26,32 : 415.02"
"26,33 : 315.09"
"26,34 : 176.49"
"26,35 : 695.02"
"26,36 : 741.84"
"26,37 : 528.98"
"26,38 : 638.12"
"26,39 : 304.4"
"26,40 : 433.85"
"26,41 : 780.14"
"26,42 : 662.46"
"26,43 : 779.32"
"26,44 : 416.01"
"26,45 : 583.32"
"26,46 : 706.1"
"26,47 : 603.41"
"26,48 : 520.71"
"26,49 : 608.07"
"27,0 : 605.27"
"27,1 : 326.5"
"27,2 : 585.12"
"27,3 : 273.78"
"27,4 : 712.35"
"27,5 : 230.34"
"27,6 : 300.08"
"27,7 : 635.99"
"27,8 : 119.37"
"27,9 : 799.03"
"27,10 : 476.64"
"27,11 : 217.39"
"27,12 : 350.85"
"27,13 : 204.38"
"27,14 : 825.89"
"27,15 : 549.55"
"27,16 : 486.05"
"27,17 : 799.2"
"27,18 : 660.23"
"27,19 : 599.73"
"27,20 : 515.3"
"27,21 : 401.12"
"27,22 : 349.46"
"27,23 : 493.29"
"27,24 : 264.88"
"27,25 : 569.28"
"27,26 : 240.71"
"27,27 : 0.0"
"27,28 : 626.67"
"27,29 : 645.26"
"27,30 : 182.0"
"27,31 : 534.58"
"27,32 : 181.46"
"27,33 : 543.39"
"27,34 : 104.85"
"27,35 : 617.0"
"27,36 : 596.86"
"27,37 : 289.99"
"27,38 : 425.32"
"27,39 : 523.45"
"27,40 : 208.97"
"27,41 : 627.54"
"27,42 : 478.21"
"27,43 : 647.93"
"27,44 : 295.33"
"27,45 : 662.53"
"27,46 : 736.31"
"27,47 : 509.43"
"27,48 : 332.88"
"27,49 : 379.6"
"28,0 : 873.48"
"28,1 : 492.85"
"28,2 : 1031.21"
"28,3 : 366.08"
"28,4 : 790.76"
"28,5 : 455.41"
"28,6 : 917.69"
"28,7 : 1138.2"
"28,8 : 710.68"
"28,9 : 834.0"
"28,10 : 1096.05"
"28,11 : 555.44"
"28,12 : 370.65"
"28,13 : 724.22"
"28,14 : 886.16"
"28,15 : 670.64"
"28,16 : 694.69"
"28,17 : 963.9"
"28,18 : 931.45"
"28,19 : 1198.45"
"28,20 : 113.76"
"28,21 : 234.08"
"28,22 : 359.8"
"28,23 : 501.32"
"28,24 : 561.83"
"28,25 : 1078.49"
"28,26 : 402.33"
"28,27 : 626.67"
"28,28 : 0.0"
"28,29 : 913.15"
"28,30 : 522.8"
"28,31 : 1149.13"
"28,32 : 777.49"
"28,33 : 88.41"
"28,34 : 578.58"
"28,35 : 1051.36"
"28,36 : 1130.86"
"28,37 : 914.95"
"28,38 : 951.54"
"28,39 : 360.48"
"28,40 : 831.13"
"28,41 : 1171.31"
"28,42 : 1063.42"
"28,43 : 1161.55"
"28,44 : 809.01"
"28,45 : 806.63"
"28,46 : 968.36"
"28,47 : 974.6"
"28,48 : 922.8"
"28,49 : 948.72"
"29,0 : 43.05"
"29,1 : 450.36"
"29,2 : 271.07"
"29,3 : 764.39"
"29,4 : 241.31"
"29,5 : 802.84"
"29,6 : 617.21"
"29,7 : 405.97"
"29,8 : 557.9"
"29,9 : 307.1"
"29,10 : 695.71"
"29,11 : 844.62"
"29,12 : 884.25"
"29,13 : 837.93"
"29,14 : 291.16"
"29,15 : 252.12"
"29,16 : 220.51"
"29,17 : 181.11"
"29,18 : 18.44"
"29,19 : 658.37"
"29,20 : 854.03"
"29,21 : 810.86"
"29,22 : 580.02"
"29,23 : 416.81"
"29,24 : 430.03"
"29,25 : 391.75"
"29,26 : 627.35"
"29,27 : 645.26"
"29,28 : 913.15"
"29,29 : 0.0"
"29,30 : 528.89"
"29,31 : 696.15"
"29,32 : 766.98"
"29,33 : 835.13"
"29,34 : 560.71"
"29,35 : 260.3"
"29,36 : 460.91"
"29,37 : 733.64"
"29,38 : 1008.05"
"29,39 : 564.85"
"29,40 : 622.83"
"29,41 : 501.14"
"29,42 : 551.4"
"29,43 : 438.17"
"29,44 : 402.67"
"29,45 : 164.2"
"29,46 : 93.01"
"29,47 : 291.76"
"29,48 : 528.58"
"29,49 : 930.17"
"30,0 : 486.21"
"30,1 : 145.12"
"30,2 : 545.55"
"30,3 : 246.15"
"30,4 : 551.13"
"30,5 : 273.98"
"30,6 : 411.11"
"30,7 : 632.45"
"30,8 : 205.0"
"30,9 : 634.53"
"30,10 : 586.16"
"30,11 : 326.18"
"30,12 : 362.08"
"30,13 : 379.7"
"30,14 : 666.61"
"30,15 : 385.41"
"30,16 : 336.51"
"30,17 : 660.89"
"30,18 : 545.98"
"30,19 : 676.93"
"30,20 : 423.14"
"30,21 : 332.71"
"30,22 : 188.32"
"30,23 : 311.82"
"30,24 : 102.16"
"30,25 : 568.91"
"30,26 : 127.03"
"30,27 : 182.0"
"30,28 : 522.8"
"30,29 : 528.89"
"30,30 : 0.0"
"30,31 : 634.17"
"30,32 : 362.11"
"30,33 : 434.56"
"30,34 : 81.05"
"30,35 : 572.22"
"30,36 : 615.0"
"30,37 : 444.41"
"30,38 : 607.08"
"30,39 : 348.47"
"30,40 : 335.77"
"30,41 : 653.59"
"30,42 : 540.88"
"30,43 : 652.32"
"30,44 : 289.39"
"30,45 : 511.77"
"30,46 : 613.62"
"30,47 : 477.96"
"30,48 : 402.27"
"30,49 : 560.46"
"31,0 : 681.04"
"31,1 : 723.97"
"31,2 : 446.94"
"31,3 : 808.08"
"31,4 : 900.33"
"31,5 : 757.24"
"31,6 : 234.52"
"31,7 : 362.11"
"31,8 : 438.49"
"31,9 : 984.02"
"31,10 : 65.0"
"31,11 : 706.2"
"31,12 : 879.12"
"31,13 : 559.02"
"31,14 : 980.81"
"31,15 : 794.3"
"31,16 : 705.23"
"31,17 : 874.63"
"31,18 : 698.65"
"31,19 : 101.6"
"31,20 : 1041.74"
"31,21 : 932.58"
"31,22 : 819.83"
"31,23 : 851.75"
"31,24 : 635.34"
"31,25 : 330.41"
"31,26 : 747.3"
"31,27 : 534.58"
"31,28 : 1149.13"
"31,29 : 696.15"
"31,30 : 634.17"
"31,31 : 0.0"
"31,32 : 454.76"
"31,33 : 1062.34"
"31,34 : 570.81"
"31,35 : 474.01"
"31,36 : 282.9"
"31,37 : 294.96"
"31,38 : 545.21"
"31,39 : 952.09"
"31,40 : 326.04"
"31,41 : 269.94"
"31,42 : 144.84"
"31,43 : 343.78"
"31,44 : 388.15"
"31,45 : 821.54"
"31,46 : 774.85"
"31,47 : 405.19"
"31,48 : 236.55"
"31,49 : 455.99"
"32,0 : 730.82"
"32,1 : 504.94"
"32,2 : 646.41"
"32,3 : 411.73"
"32,4 : 868.86"
"32,5 : 333.36"
"32,6 : 246.95"
"32,7 : 659.73"
"32,8 : 212.25"
"32,9 : 957.39"
"32,10 : 390.22"
"32,11 : 259.67"
"32,12 : 449.59"
"32,13 : 106.32"
"32,14 : 979.15"
"32,15 : 711.25"
"32,16 : 638.97"
"32,17 : 934.45"
"32,18 : 779.63"
"32,19 : 541.0"
"32,20 : 663.84"
"32,21 : 544.24"
"32,22 : 529.19"
"32,23 : 671.15"
"32,24 : 435.71"
"32,25 : 595.78"
"32,26 : 415.02"
"32,27 : 181.46"
"32,28 : 777.49"
"32,29 : 766.98"
"32,30 : 362.11"
"32,31 : 454.76"
"32,32 : 0.0"
"32,33 : 699.47"
"32,34 : 282.19"
"32,35 : 680.42"
"32,36 : 602.48"
"32,37 : 162.61"
"32,38 : 252.26"
"32,39 : 704.72"
"32,40 : 172.65"
"32,41 : 622.4"
"32,42 : 449.54"
"32,43 : 663.0"
"32,44 : 372.55"
"32,45 : 811.21"
"32,46 : 859.95"
"32,47 : 570.73"
"32,48 : 325.04"
"32,49 : 198.37"
"33,0 : 794.71"
"33,1 : 407.14"
"33,2 : 945.01"
"33,3 : 291.23"
"33,4 : 726.12"
"33,5 : 386.1"
"33,6 : 831.65"
"33,7 : 1050.63"
"33,8 : 624.09"
"33,9 : 775.56"
"33,10 : 1009.91"
"33,11 : 489.08"
"33,12 : 317.06"
"33,13 : 652.35"
"33,14 : 826.34"
"33,15 : 597.3"
"33,16 : 615.38"
"33,17 : 895.24"
"33,18 : 853.52"
"33,19 : 1110.6"
"33,20 : 56.04"
"33,21 : 164.2"
"33,22 : 272.92"
"33,23 : 429.08"
"33,24 : 474.15"
"33,25 : 990.62"
"33,26 : 315.09"
"33,27 : 543.39"
"33,28 : 88.41"
"33,29 : 835.13"
"33,30 : 434.56"
"33,31 : 1062.34"
"33,32 : 699.47"
"33,33 : 0.0"
"33,34 : 491.55"
"33,35 : 965.73"
"33,36 : 1042.65"
"33,37 : 832.76"
"33,38 : 884.25"
"33,39 : 296.33"
"33,40 : 745.99"
"33,41 : 1083.01"
"33,42 : 975.31"
"33,43 : 1073.76"
"33,44 : 720.6"
"33,45 : 736.03"
"33,46 : 893.99"
"33,47 : 887.48"
"33,48 : 835.06"
"33,49 : 876.06"
"34,0 : 519.27"
"34,1 : 222.85"
"34,2 : 537.39"
"34,3 : 260.89"
"34,4 : 611.0"
"34,5 : 257.53"
"34,6 : 341.76"
"34,7 : 608.77"
"34,8 : 133.28"
"34,9 : 696.85"
"34,10 : 519.31"
"34,11 : 284.08"
"34,12 : 364.37"
"34,13 : 307.94"
"34,14 : 725.34"
"34,15 : 447.0"
"34,16 : 387.51"
"34,17 : 706.26"
"34,18 : 576.71"
"34,19 : 621.51"
"34,20 : 472.9"
"34,21 : 370.17"
"34,22 : 263.9"
"34,23 : 389.39"
"34,24 : 160.78"
"34,25 : 543.11"
"34,26 : 176.49"
"34,27 : 104.85"
"34,28 : 578.58"
"34,29 : 560.71"
"34,30 : 81.05"
"34,31 : 570.81"
"34,32 : 282.19"
"34,33 : 491.55"
"34,34 : 0.0"
"34,35 : 566.87"
"34,36 : 581.85"
"34,37 : 365.4"
"34,38 : 529.56"
"34,39 : 429.12"
"34,40 : 261.01"
"34,41 : 617.56"
"34,42 : 489.32"
"34,43 : 625.39"
"34,44 : 258.94"
"34,45 : 564.47"
"34,46 : 649.58"
"34,47 : 464.96"
"34,48 : 345.81"
"34,49 : 480.36"
"35,0 : 266.1"
"35,1 : 558.62"
"35,2 : 34.18"
"35,3 : 817.25"
"35,4 : 498.92"
"35,5 : 824.2"
"35,6 : 469.29"
"35,7 : 146.01"
"35,8 : 503.02"
"35,9 : 567.39"
"35,10 : 490.05"
"35,11 : 834.1"
"35,12 : 928.91"
"35,13 : 773.1"
"35,14 : 549.0"
"35,15 : 462.36"
"35,16 : 391.08"
"35,17 : 420.22"
"35,18 : 255.13"
"35,19 : 417.09"
"35,20 : 970.77"
"35,21 : 898.96"
"35,22 : 693.25"
"35,23 : 596.87"
"35,24 : 498.47"
"35,25 : 145.36"
"35,26 : 695.02"
"35,27 : 617.0"
"35,28 : 1051.36"
"35,29 : 260.3"
"35,30 : 572.22"
"35,31 : 474.01"
"35,32 : 680.42"
"35,33 : 965.73"
"35,34 : 566.87"
"35,35 : 0.0"
"35,36 : 208.39"
"35,37 : 595.79"
"35,38 : 890.13"
"35,39 : 738.98"
"35,40 : 511.34"
"35,41 : 244.97"
"35,42 : 336.61"
"35,43 : 178.1"
"35,44 : 322.3"
"35,45 : 418.91"
"35,46 : 317.8"
"35,47 : 110.02"
"35,48 : 373.91"
"35,49 : 802.8"
"36,0 : 458.21"
"36,1 : 649.17"
"36,2 : 190.39"
"36,3 : 842.71"
"36,4 : 691.4"
"36,5 : 824.38"
"36,6 : 359.56"
"36,7 : 79.21"
"36,8 : 477.88"
"36,9 : 766.01"
"36,10 : 314.54"
"36,11 : 807.86"
"36,12 : 940.86"
"36,13 : 706.07"
"36,14 : 752.01"
"36,15 : 625.08"
"36,16 : 541.92"
"36,17 : 627.77"
"36,18 : 458.42"
"36,19 : 211.74"
"36,20 : 1036.75"
"36,21 : 946.47"
"36,22 : 773.59"
"36,23 : 730.59"
"36,24 : 570.69"
"36,25 : 70.46"
"36,26 : 741.84"
"36,27 : 596.86"
"36,28 : 1130.86"
"36,29 : 460.91"
"36,30 : 615.0"
"36,31 : 282.9"
"36,32 : 602.48"
"36,33 : 1042.65"
"36,34 : 581.85"
"36,35 : 208.39"
"36,36 : 0.0"
"36,37 : 478.91"
"36,38 : 770.56"
"36,39 : 859.51"
"36,40 : 431.76"
"36,41 : 44.38"
"36,42 : 170.19"
"36,43 : 65.19"
"36,44 : 325.97"
"36,45 : 610.31"
"36,46 : 525.4"
"36,47 : 187.64"
"36,48 : 278.51"
"36,49 : 679.59"
"37,0 : 703.4"
"37,1 : 572.46"
"37,2 : 561.88"
"37,3 : 554.29"
"37,4 : 877.08"
"37,5 : 486.42"
"37,6 : 126.57"
"37,7 : 545.71"
"37,8 : 245.38"
"37,9 : 966.36"
"37,10 : 229.99"
"37,11 : 420.9"
"37,12 : 605.96"
"37,13 : 264.58"
"37,14 : 979.49"
"37,15 : 733.22"
"37,16 : 650.71"
"37,17 : 911.22"
"37,18 : 743.21"
"37,19 : 386.01"
"37,20 : 802.54"
"37,21 : 685.58"
"37,22 : 629.02"
"37,23 : 730.3"
"37,24 : 489.78"
"37,25 : 487.08"
"37,26 : 528.98"
"37,27 : 289.99"
"37,28 : 914.95"
"37,29 : 733.64"
"37,30 : 444.41"
"37,31 : 294.96"
"37,32 : 162.61"
"37,33 : 832.76"
"37,34 : 365.4"
"37,35 : 595.79"
"37,36 : 478.91"
"37,37 : 0.0"
"37,38 : 295.66"
"37,39 : 792.0"
"37,40 : 121.84"
"37,41 : 491.18"
"37,42 : 313.46"
"37,43 : 542.92"
"37,44 : 333.29"
"37,45 : 809.53"
"37,46 : 825.24"
"37,47 : 491.35"
"37,48 : 221.88"
"37,49 : 207.07"
"38,0 : 973.93"
"38,1 : 751.81"
"38,2 : 856.09"
"38,3 : 595.19"
"38,4 : 1120.57"
"38,5 : 498.14"
"38,6 : 421.93"
"38,7 : 839.84"
"38,8 : 462.28"
"38,9 : 1209.26"
"38,10 : 485.1"
"38,11 : 396.14"
"38,12 : 587.28"
"38,13 : 239.27"
"38,14 : 1230.11"
"38,15 : 963.5"
"38,16 : 890.54"
"38,17 : 1179.88"
"38,18 : 1019.5"
"38,19 : 646.01"
"38,20 : 839.67"
"38,21 : 720.58"
"38,22 : 759.2"
"38,23 : 918.61"
"38,24 : 686.51"
"38,25 : 782.36"
"38,26 : 638.12"
"38,27 : 425.32"
"38,28 : 951.54"
"38,29 : 1008.05"
"38,30 : 607.08"
"38,31 : 545.21"
"38,32 : 252.26"
"38,33 : 884.25"
"38,34 : 529.56"
"38,35 : 890.13"
"38,36 : 770.56"
"38,37 : 295.66"
"38,38 : 0.0"
"38,39 : 939.16"
"38,40 : 387.51"
"38,41 : 778.69"
"38,42 : 601.71"
"38,43 : 835.29"
"38,44 : 606.42"
"38,45 : 1061.5"
"38,46 : 1100.92"
"38,47 : 784.05"
"38,48 : 516.61"
"38,49 : 91.24"
"39,0 : 527.9"
"39,1 : 228.47"
"39,2 : 725.12"
"39,3 : 399.26"
"39,4 : 430.85"
"39,5 : 492.31"
"39,6 : 745.92"
"39,7 : 848.65"
"39,8 : 548.66"
"39,9 : 479.51"
"39,10 : 912.49"
"39,11 : 588.25"
"39,12 : 496.03"
"39,13 : 701.76"
"39,14 : 530.03"
"39,15 : 315.32"
"39,16 : 355.26"
"39,17 : 603.51"
"39,18 : 582.72"
"39,19 : 975.32"
"39,20 : 333.44"
"39,21 : 352.28"
"39,22 : 181.08"
"39,23 : 148.22"
"39,24 : 317.24"
"39,25 : 797.35"
"39,26 : 304.4"
"39,27 : 523.45"
"39,28 : 360.48"
"39,29 : 564.85"
"39,30 : 348.47"
"39,31 : 952.09"
"39,32 : 704.72"
"39,33 : 296.33"
"39,34 : 429.12"
"39,35 : 738.98"
"39,36 : 859.51"
"39,37 : 792.0"
"39,38 : 939.16"
"39,39 : 0.0"
"39,40 : 679.43"
"39,41 : 903.13"
"39,42 : 836.19"
"39,43 : 876.28"
"39,44 : 568.99"
"39,45 : 447.24"
"39,46 : 612.28"
"39,47 : 682.36"
"39,48 : 715.65"
"39,49 : 902.17"
"40,0 : 590.44"
"40,1 : 456.11"
"40,2 : 477.19"
"40,3 : 482.74"
"40,4 : 756.83"
"40,5 : 432.26"
"40,6 : 92.31"
"40,7 : 487.26"
"40,8 : 131.11"
"40,9 : 846.18"
"40,10 : 267.69"
"40,11 : 390.42"
"40,12 : 554.16"
"40,13 : 274.41"
"40,14 : 860.67"
"40,15 : 611.54"
"40,16 : 529.56"
"40,17 : 797.83"
"40,18 : 633.58"
"40,19 : 396.36"
"40,20 : 721.32"
"40,21 : 609.18"
"40,22 : 523.56"
"40,23 : 610.94"
"40,24 : 371.38"
"40,25 : 423.14"
"40,26 : 433.85"
"40,27 : 208.97"
"40,28 : 831.13"
"40,29 : 622.83"
"40,30 : 335.77"
"40,31 : 326.04"
"40,32 : 172.65"
"40,33 : 745.99"
"40,34 : 261.01"
"40,35 : 511.34"
"40,36 : 431.76"
"40,37 : 121.84"
"40,38 : 387.51"
"40,39 : 679.43"
"40,40 : 0.0"
"40,41 : 454.1"
"40,42 : 286.9"
"40,43 : 491.26"
"40,44 : 220.17"
"40,45 : 690.65"
"40,46 : 715.35"
"40,47 : 402.5"
"40,48 : 153.33"
"40,49 : 307.35"
"41,0 : 499.96"
"41,1 : 691.57"
"41,2 : 230.08"
"41,3 : 878.08"
"41,4 : 733.54"
"41,5 : 856.42"
"41,6 : 376.59"
"41,7 : 104.0"
"41,8 : 509.31"
"41,9 : 807.12"
"41,10 : 309.61"
"41,11 : 835.85"
"41,12 : 974.03"
"41,13 : 727.23"
"41,14 : 791.91"
"41,15 : 669.27"
"41,16 : 586.27"
"41,17 : 665.18"
"41,18 : 497.9"
"41,19 : 187.45"
"41,20 : 1076.09"
"41,21 : 984.09"
"41,22 : 814.86"
"41,23 : 774.77"
"41,24 : 612.15"
"41,25 : 113.78"
"41,26 : 780.14"
"41,27 : 627.54"
"41,28 : 1171.31"
"41,29 : 501.14"
"41,30 : 653.59"
"41,31 : 269.94"
"41,32 : 622.4"
"41,33 : 1083.01"
"41,34 : 617.56"
"41,35 : 244.97"
"41,36 : 44.38"
"41,37 : 491.18"
"41,38 : 778.69"
"41,39 : 903.13"
"41,40 : 454.1"
"41,41 : 0.0"
"41,42 : 177.81"
"41,43 : 77.67"
"41,44 : 364.2"
"41,45 : 652.49"
"41,46 : 562.77"
"41,47 : 231.82"
"41,48 : 302.22"
"41,49 : 687.46"
"42,0 : 536.26"
"42,1 : 611.07"
"42,2 : 307.41"
"42,3 : 743.14"
"42,4 : 756.94"
"42,5 : 708.4"
"42,6 : 202.6"
"42,7 : 244.66"
"42,8 : 365.92"
"42,9 : 839.97"
"42,10 : 153.57"
"42,11 : 676.12"
"42,12 : 829.02"
"42,13 : 555.41"
"42,14 : 836.12"
"42,15 : 656.37"
"42,16 : 567.6"
"42,17 : 730.23"
"42,18 : 554.12"
"42,19 : 139.2"
"42,20 : 960.93"
"42,21 : 859.26"
"42,22 : 719.11"
"42,23 : 725.97"
"42,24 : 524.15"
"42,25 : 198.72"
"42,26 : 662.46"
"42,27 : 478.21"
"42,28 : 1063.42"
"42,29 : 551.4"
"42,30 : 540.88"
"42,31 : 144.84"
"42,32 : 449.54"
"42,33 : 975.31"
"42,34 : 489.32"
"42,35 : 336.61"
"42,36 : 170.19"
"42,37 : 313.46"
"42,38 : 601.71"
"42,39 : 836.19"
"42,40 : 286.9"
"42,41 : 177.81"
"42,42 : 0.0"
"42,43 : 235.38"
"42,44 : 267.35"
"42,45 : 677.71"
"42,46 : 630.89"
"42,47 : 260.95"
"42,48 : 145.8"
"42,49 : 510.55"
"43,0 : 441.42"
"43,1 : 673.9"
"43,2 : 170.29"
"43,3 : 885.95"
"43,4 : 675.21"
"43,5 : 872.99"
"43,6 : 422.2"
"43,7 : 32.25"
"43,8 : 528.56"
"43,9 : 745.26"
"43,10 : 378.5"
"43,11 : 861.44"
"43,12 : 987.56"
"43,13 : 765.63"
"43,14 : 727.02"
"43,15 : 624.24"
"43,16 : 545.17"
"43,17 : 596.03"
"43,18 : 433.23"
"43,19 : 264.88"
"43,20 : 1070.85"
"43,21 : 984.98"
"43,22 : 802.34"
"43,23 : 741.94"
"43,24 : 599.73"
"43,25 : 83.49"
"43,26 : 779.32"
"43,27 : 647.93"
"43,28 : 1161.55"
"43,29 : 438.17"
"43,30 : 652.32"
"43,31 : 343.78"
"43,32 : 663.0"
"43,33 : 1073.76"
"43,34 : 625.39"
"43,35 : 178.1"
"43,36 : 65.19"
"43,37 : 542.92"
"43,38 : 835.29"
"43,39 : 876.28"
"43,40 : 491.26"
"43,41 : 77.67"
"43,42 : 235.38"
"43,43 : 0.0"
"43,44 : 366.72"
"43,45 : 594.64"
"43,46 : 493.88"
"43,47 : 194.02"
"43,48 : 338.05"
"43,49 : 744.39"
"44,0 : 370.74"
"44,1 : 343.91"
"44,2 : 290.01"
"44,3 : 519.25"
"44,4 : 550.22"
"44,5 : 510.82"
"44,6 : 226.52"
"44,7 : 349.86"
"44,8 : 180.9"
"44,9 : 638.86"
"44,10 : 358.01"
"44,11 : 512.71"
"44,12 : 622.49"
"44,13 : 456.79"
"44,14 : 648.58"
"44,15 : 419.7"
"44,16 : 332.03"
"44,17 : 578.43"
"44,18 : 413.47"
"44,19 : 406.55"
"44,20 : 712.13"
"44,21 : 620.5"
"44,22 : 456.62"
"44,23 : 463.61"
"44,24 : 257.77"
"44,25 : 284.2"
"44,26 : 416.01"
"44,27 : 295.33"
"44,28 : 809.01"
"44,29 : 402.67"
"44,30 : 289.39"
"44,31 : 388.15"
"44,32 : 372.55"
"44,33 : 720.6"
"44,34 : 258.94"
"44,35 : 322.3"
"44,36 : 325.97"
"44,37 : 333.29"
"44,38 : 606.42"
"44,39 : 568.99"
"44,40 : 220.17"
"44,41 : 364.2"
"44,42 : 267.35"
"44,43 : 366.72"
"44,44 : 0.0"
"44,45 : 479.18"
"44,46 : 495.2"
"44,47 : 214.11"
"44,48 : 158.32"
"44,49 : 527.52"
"45,0 : 153.22"
"45,1 : 396.73"
"45,2 : 424.7"
"45,3 : 720.88"
"45,4 : 81.1"
"45,5 : 777.88"
"45,6 : 705.27"
"45,7 : 562.43"
"45,8 : 599.37"
"45,9 : 162.78"
"45,10 : 811.53"
"45,11 : 837.94"
"45,12 : 840.19"
"45,13 : 865.4"
"45,14 : 170.02"
"45,15 : 142.43"
"45,16 : 176.96"
"45,17 : 161.15"
"45,18 : 176.01"
"45,19 : 796.5"
"45,20 : 763.51"
"45,21 : 741.31"
"45,22 : 507.44"
"45,23 : 307.0"
"45,24 : 410.08"
"45,25 : 539.95"
"45,26 : 583.32"
"45,27 : 662.53"
"45,28 : 806.63"
"45,29 : 164.2"
"45,30 : 511.77"
"45,31 : 821.54"
"45,32 : 811.21"
"45,33 : 736.03"
"45,34 : 564.47"
"45,35 : 418.91"
"45,36 : 610.31"
"45,37 : 809.53"
"45,38 : 1061.5"
"45,39 : 447.24"
"45,40 : 690.65"
"45,41 : 652.49"
"45,42 : 677.71"
"45,43 : 594.64"
"45,44 : 479.18"
"45,45 : 0.0"
"45,46 : 171.97"
"45,47 : 429.2"
"45,48 : 626.55"
"45,49 : 991.86"
"46,0 : 131.05"
"46,1 : 524.38"
"46,2 : 335.91"
"46,3 : 844.06"
"46,4 : 229.19"
"46,5 : 887.37"
"46,6 : 707.53"
"46,7 : 462.39"
"46,8 : 650.63"
"46,9 : 270.56"
"46,10 : 778.47"
"46,11 : 932.89"
"46,12 : 964.25"
"46,13 : 930.26"
"46,14 : 240.05"
"46,15 : 297.8"
"46,16 : 290.06"
"46,17 : 102.42"
"46,18 : 82.04"
"46,19 : 729.97"
"46,20 : 917.06"
"46,21 : 882.33"
"46,22 : 648.94"
"46,23 : 467.16"
"46,24 : 513.07"
"46,25 : 458.88"
"46,26 : 706.1"
"46,27 : 736.31"
"46,28 : 968.36"
"46,29 : 93.01"
"46,30 : 613.62"
"46,31 : 774.85"
"46,32 : 859.95"
"46,33 : 893.99"
"46,34 : 649.58"
"46,35 : 317.8"
"46,36 : 525.4"
"46,37 : 825.24"
"46,38 : 1100.92"
"46,39 : 612.28"
"46,40 : 715.35"
"46,41 : 562.77"
"46,42 : 630.89"
"46,43 : 493.88"
"46,44 : 495.2"
"46,45 : 171.97"
"46,46 : 0.0"
"46,47 : 369.96"
"46,48 : 617.54"
"46,49 : 1022.71"
"47,0 : 280.72"
"47,1 : 483.65"
"47,2 : 76.53"
"47,3 : 720.08"
"47,4 : 510.08"
"47,5 : 721.13"
"47,6 : 365.56"
"47,7 : 166.51"
"47,8 : 394.15"
"47,9 : 588.67"
"47,10 : 409.54"
"47,11 : 726.8"
"47,12 : 828.91"
"47,13 : 663.08"
"47,14 : 580.14"
"47,15 : 437.45"
"47,16 : 354.87"
"47,17 : 469.44"
"47,18 : 293.56"
"47,19 : 368.41"
"47,20 : 887.99"
"47,21 : 809.02"
"47,22 : 614.8"
"47,23 : 548.23"
"47,24 : 414.08"
"47,25 : 118.85"
"47,26 : 603.41"
"47,27 : 509.43"
"47,28 : 974.6"
"47,29 : 291.76"
"47,30 : 477.96"
"47,31 : 405.19"
"47,32 : 570.73"
"47,33 : 887.48"
"47,34 : 464.96"
"47,35 : 110.02"
"47,36 : 187.64"
"47,37 : 491.35"
"47,38 : 784.05"
"47,39 : 682.36"
"47,40 : 402.5"
"47,41 : 231.82"
"47,42 : 260.95"
"47,43 : 194.02"
"47,44 : 214.11"
"47,45 : 429.2"
"47,46 : 369.96"
"47,47 : 0.0"
"47,48 : 270.14"
"47,49 : 697.82"
"48,0 : 503.2"
"48,1 : 487.45"
"48,2 : 340.0"
"48,3 : 597.56"
"48,4 : 700.86"
"48,5 : 563.21"
"48,6 : 95.52"
"48,7 : 335.01"
"48,8 : 220.23"
"48,9 : 788.4"
"48,10 : 200.42"
