x,y
349,100
734,219
224,3
967,354
617,675
440,65
693,817
92,674
345,814
602,508
689,647
206,769
356,715
999,713
136,937
538,338
515,997
805,39
676,254
768,611
448,932
607,877
364,920
521,973
333,842
613,479
572,844
376,635
25,875
403,689
456,79
980,786
871,531
255,691
457,967
89,695
91,210
713,220
830,302
579,870
454,176
411,639
55,943
473,134
519,842
456,3
111,524
251,189
406,252
337,814

Distanze
"0,0 : 0.0"
"0,1 : 862.71"
"0,2 : 425.52"
"0,3 : 90.05"
"0,4 : 363.99"
"0,5 : 875.57"
"0,6 : 555.36"
"0,7 : 1109.91"
"0,8 : 709.97"
"0,9 : 857.94"
"0,10 : 712.92"
"0,11 : 577.6"
"0,12 : 594.51"
"0,13 : 722.73"
"0,14 : 584.47"
"0,15 : 447.62"
"0,16 : 698.08"
"0,17 : 728.82"
"0,18 : 743.11"
"0,19 : 305.22"
"0,20 : 624.38"
"0,21 : 642.54"
"0,22 : 271.05"
"0,23 : 408.04"
"0,24 : 840.74"
"0,25 : 252.02"
"0,26 : 987.75"
"0,27 : 1039.02"
"0,28 : 681.77"
"0,29 : 766.6"
"0,30 : 752.81"
"0,31 : 359.94"
"0,32 : 168.86"
"0,33 : 649.22"
"0,34 : 510.42"
"0,35 : 428.48"
"0,36 : 249.15"
"0,37 : 1117.67"
"0,38 : 403.8"
"0,39 : 746.57"
"0,40 : 576.59"
"0,41 : 80.78"
"0,42 : 481.54"
"0,43 : 654.4"
"0,44 : 604.79"
"0,45 : 816.31"
"0,46 : 753.11"
"0,47 : 617.53"
"0,48 : 401.12"
"0,49 : 556.12"
"1,0 : 862.71"
"1,1 : 0.0"
"1,2 : 480.65"
"1,3 : 885.58"
"1,4 : 554.56"
"1,5 : 659.15"
"1,6 : 403.07"
"1,7 : 557.86"
"1,8 : 441.39"
"1,9 : 135.07"
"1,10 : 797.0"
"1,11 : 285.93"
"1,12 : 274.53"
"1,13 : 738.43"
"1,14 : 613.18"
"1,15 : 835.51"
"1,16 : 416.24"
"1,17 : 141.23"
"1,18 : 920.92"
"1,19 : 615.07"
"1,20 : 248.71"
"1,21 : 291.08"
"1,22 : 835.61"
"1,23 : 509.2"
"1,24 : 345.12"
"1,25 : 619.84"
"1,26 : 481.92"
"1,27 : 401.04"
"1,28 : 216.9"
"1,29 : 598.38"
"1,30 : 743.09"
"1,31 : 877.62"
"1,32 : 709.32"
"1,33 : 1037.1"
"1,34 : 368.96"
"1,35 : 482.44"
"1,36 : 731.27"
"1,37 : 530.02"
"1,38 : 608.74"
"1,39 : 502.1"
"1,40 : 812.59"
"1,41 : 921.67"
"1,42 : 513.78"
"1,43 : 365.47"
"1,44 : 462.91"
"1,45 : 177.53"
"1,46 : 1012.18"
"1,47 : 430.97"
"1,48 : 539.24"
"1,49 : 641.76"
"2,0 : 425.52"
"2,1 : 480.65"
"2,2 : 0.0"
"2,3 : 477.94"
"2,4 : 301.0"
"2,5 : 525.0"
"2,6 : 362.1"
"2,7 : 696.15"
"2,8 : 305.76"
"2,9 : 521.81"
"2,10 : 480.38"
"2,11 : 234.41"
"2,12 : 210.24"
"2,13 : 451.47"
"2,14 : 276.93"
"2,15 : 386.08"
"2,16 : 516.67"
"2,17 : 339.43"
"2,18 : 575.76"
"2,19 : 318.5"
"2,20 : 295.77"
"2,21 : 220.51"
"2,22 : 355.37"
"2,23 : 29.73"
"2,24 : 598.95"
"2,25 : 250.53"
"2,26 : 574.0"
"2,27 : 614.47"
"2,28 : 273.0"
"2,29 : 413.46"
"2,30 : 474.13"
"2,31 : 405.09"
"2,32 : 318.6"
"2,33 : 617.61"
"2,34 : 244.26"
"2,35 : 284.25"
"2,36 : 251.05"
"2,37 : 699.49"
"2,38 : 150.08"
"2,39 : 359.34"
"2,40 : 417.61"
"2,41 : 499.4"
"2,42 : 110.17"
"2,43 : 231.95"
"2,44 : 463.53"
"2,45 : 397.85"
"2,46 : 641.23"
"2,47 : 208.63"
"2,48 : 65.51"
"2,49 : 276.81"
"3,0 : 90.05"
"3,1 : 885.58"
"3,2 : 477.94"
"3,3 : 0.0"
"3,4 : 354.51"
"3,5 : 951.88"
"3,6 : 547.15"
"3,7 : 1171.46"
"3,8 : 773.68"
"3,9 : 867.08"
"3,10 : 798.92"
"3,11 : 599.95"
"3,12 : 626.1"
"3,13 : 806.11"
"3,14 : 661.88"
"3,15 : 537.14"
"3,16 : 677.74"
"3,17 : 757.26"
"3,18 : 832.25"
"3,19 : 291.11"
"3,20 : 640.52"
"3,21 : 687.5"
"3,22 : 361.01"
"3,23 : 464.57"
"3,24 : 827.51"
"3,25 : 265.8"
"3,26 : 1049.08"
"3,27 : 1091.65"
"3,28 : 718.67"
"3,29 : 841.47"
"3,30 : 835.93"
"3,31 : 449.94"
"3,32 : 176.41"
"3,33 : 738.65"
"3,34 : 521.94"
"3,35 : 425.28"
"3,36 : 331.72"
"3,37 : 1176.67"
"3,38 : 477.54"
"3,39 : 815.02"
"3,40 : 664.67"
"3,41 : 49.66"
"3,42 : 546.77"
"3,43 : 709.76"
"3,44 : 581.69"
"3,45 : 856.29"
"3,46 : 843.15"
"3,47 : 678.86"
"3,48 : 463.38"
"3,49 : 635.61"
"4,0 : 363.99"
"4,1 : 554.56"
"4,2 : 301.0"
"4,3 : 354.51"
"4,4 : 0.0"
"4,5 : 822.47"
"4,6 : 193.09"
"4,7 : 946.78"
"4,8 : 587.47"
"4,9 : 517.85"
"4,10 : 770.95"
"4,11 : 282.39"
"4,12 : 331.56"
"4,13 : 748.55"
"4,14 : 574.73"
"4,15 : 607.49"
"4,16 : 335.52"
"4,17 : 443.01"
"4,18 : 852.87"
"4,19 : 63.95"
"4,20 : 306.14"
"4,21 : 430.57"
"4,22 : 490.78"
"4,23 : 312.17"
"4,24 : 477.02"
"4,25 : 128.46"
"4,26 : 829.15"
"4,27 : 833.97"
"4,28 : 430.74"
"4,29 : 712.25"
"4,30 : 772.65"
"4,31 : 575.84"
"4,32 : 195.49"
"4,33 : 847.67"
"4,34 : 187.04"
"4,35 : 73.39"
"4,36 : 387.45"
"4,37 : 940.67"
"4,38 : 411.68"
"4,39 : 649.35"
"4,40 : 683.21"
"4,41 : 399.01"
"4,42 : 410.27"
"4,43 : 492.2"
"4,44 : 245.54"
"4,45 : 567.88"
"4,46 : 903.26"
"4,47 : 493.86"
"4,48 : 339.48"
"4,49 : 568.82"
"5,0 : 875.57"
"5,1 : 659.15"
"5,2 : 525.0"
"5,3 : 951.88"
"5,4 : 822.47"
"5,5 : 0.0"
"5,6 : 826.91"
"5,7 : 347.42"
"5,8 : 252.41"
"5,9 : 781.22"
"5,10 : 266.09"
"5,11 : 633.76"
"5,12 : 566.63"
"5,13 : 207.28"
"5,14 : 291.23"
"5,15 : 517.19"
"5,16 : 947.71"
"5,17 : 582.4"
"5,18 : 373.07"
"5,19 : 843.5"
"5,20 : 674.76"
"5,21 : 451.38"
"5,22 : 657.04"
"5,23 : 521.46"
"5,24 : 958.85"
"5,25 : 770.6"
"5,26 : 272.68"
"5,27 : 408.38"
"5,28 : 510.77"
"5,29 : 112.58"
"5,30 : 184.1"
"5,31 : 620.64"
"5,32 : 823.86"
"5,33 : 572.53"
"5,34 : 708.7"
"5,35 : 791.73"
"5,36 : 628.5"
"5,37 : 382.13"
"5,38 : 474.55"
"5,39 : 182.16"
"5,40 : 393.12"
"5,41 : 956.35"
"5,42 : 422.8"
"5,43 : 358.75"
"5,44 : 930.51"
"5,45 : 481.63"
"5,46 : 473.07"
"5,47 : 333.0"
"5,48 : 506.29"
"5,49 : 322.23"
"6,0 : 555.36"
"6,1 : 403.07"
"6,2 : 362.1"
"6,3 : 547.15"
"6,4 : 193.09"
"6,5 : 826.91"
"6,6 : 0.0"
"6,7 : 877.48"
"6,8 : 575.61"
"6,9 : 339.01"
"6,10 : 837.21"
"6,11 : 197.57"
"6,12 : 265.37"
"6,13 : 801.03"
"6,14 : 629.35"
"6,15 : 731.9"
"6,16 : 160.7"
"6,17 : 325.13"
"6,18 : 937.33"
"6,19 : 256.05"
"6,20 : 179.39"
"6,21 : 383.29"
"6,22 : 646.63"
"6,23 : 385.86"
"6,24 : 286.02"
"6,25 : 308.55"
"6,26 : 769.69"
"6,27 : 743.59"
"6,28 : 349.06"
"6,29 : 725.84"
"6,30 : 820.03"
"6,31 : 722.41"
"6,32 : 386.51"
"6,33 : 970.53"
"6,34 : 122.09"
"6,35 : 127.82"
"6,36 : 536.15"
"6,37 : 862.91"
"6,38 : 506.24"
"6,39 : 644.99"
"6,40 : 779.13"
"6,41 : 592.05"
"6,42 : 465.1"
"6,43 : 469.72"
"6,44 : 104.81"
"6,45 : 467.07"
"6,46 : 1002.93"
"6,47 : 497.21"
"6,48 : 421.65"
"6,49 : 635.5"
"7,0 : 1109.91"
"7,1 : 557.86"
"7,2 : 696.15"
"7,3 : 1171.46"
"7,4 : 946.78"
"7,5 : 347.42"
"7,6 : 877.48"
"7,7 : 0.0"
"7,8 : 400.28"
"7,9 : 692.67"
"7,10 : 611.0"
"7,11 : 686.1"
"7,12 : 623.32"
"7,13 : 548.44"
"7,14 : 569.35"
"7,15 : 831.39"
"7,16 : 949.22"
"7,17 : 559.91"
"7,18 : 720.4"
"7,19 : 987.68"
"7,20 : 699.04"
"7,21 : 516.24"
"7,22 : 940.36"
"7,23 : 707.12"
"7,24 : 902.27"
"7,25 : 940.27"
"7,26 : 122.38"
"7,27 : 160.33"
"7,28 : 529.8"
"7,29 : 401.62"
"7,30 : 528.89"
"7,31 : 925.36"
"7,32 : 1014.38"
"7,33 : 918.01"
"7,34 : 782.93"
"7,35 : 893.32"
"7,36 : 882.25"
"7,37 : 44.2"
"7,38 : 715.68"
"7,39 : 374.93"
"7,40 : 724.03"
"7,41 : 1188.01"
"7,42 : 628.61"
"7,43 : 465.82"
"7,44 : 967.49"
"7,45 : 416.92"
"7,46 : 820.05"
"7,47 : 492.86"
"7,48 : 709.25"
"7,49 : 608.21"
"8,0 : 709.97"
"8,1 : 441.39"
"8,2 : 305.76"
"8,3 : 773.68"
"8,4 : 587.47"
"8,5 : 252.41"
"8,6 : 575.61"
"8,7 : 400.28"
"8,8 : 0.0"
"8,9 : 550.07"
"8,10 : 358.62"
"8,11 : 381.44"
"8,12 : 314.21"
"8,13 : 297.84"
"8,14 : 206.04"
"8,15 : 471.76"
"8,16 : 695.59"
"8,17 : 341.7"
"8,18 : 484.23"
"8,19 : 616.94"
"8,20 : 422.83"
"8,21 : 199.61"
"8,22 : 550.53"
"8,23 : 312.05"
"8,24 : 713.76"
"8,25 : 555.93"
"8,26 : 278.63"
"8,27 : 354.19"
"8,28 : 263.89"
"8,29 : 163.11"
"8,30 : 301.71"
"8,31 : 550.58"
"8,32 : 622.96"
"8,33 : 626.77"
"8,34 : 459.0"
"8,35 : 549.01"
"8,36 : 483.72"
"8,37 : 410.94"
"8,38 : 317.31"
"8,39 : 70.6"
"8,40 : 402.95"
"8,41 : 788.52"
"8,42 : 228.45"
"8,43 : 106.37"
"8,44 : 678.72"
"8,45 : 272.43"
"8,46 : 579.6"
"8,47 : 97.13"
"8,48 : 310.34"
"8,49 : 244.1"
"9,0 : 857.94"
"9,1 : 135.07"
"9,2 : 521.81"
"9,3 : 867.08"
"9,4 : 517.85"
"9,5 : 781.22"
"9,6 : 339.01"
"9,7 : 692.67"
"9,8 : 550.07"
"9,9 : 0.0"
"9,10 : 896.37"
"9,11 : 294.11"
"9,12 : 313.64"
"9,13 : 841.5"
"9,14 : 701.3"
"9,15 : 898.95"
"9,16 : 307.25"
"9,17 : 212.43"
"9,18 : 1017.21"
"9,19 : 581.49"
"9,20 : 237.68"
"9,21 : 373.26"
"9,22 : 873.21"
"9,23 : 551.53"
"9,24 : 212.6"
"9,25 : 606.82"
"9,26 : 616.3"
"9,27 : 535.11"
"9,28 : 296.55"
"9,29 : 711.61"
"9,30 : 849.39"
"9,31 : 926.88"
"9,32 : 694.67"
"9,33 : 1114.75"
"9,34 : 347.57"
"9,35 : 444.67"
"9,36 : 763.69"
"9,37 : 664.13"
"9,38 : 664.08"
"9,39 : 615.41"
"9,40 : 894.46"
"9,41 : 907.86"
"9,42 : 578.79"
"9,43 : 461.09"
"9,44 : 372.46"
"9,45 : 303.85"
"9,46 : 1103.88"
"9,47 : 521.83"
"9,48 : 585.71"
"9,49 : 725.28"
"10,0 : 712.92"
"10,1 : 797.0"
"10,2 : 480.38"
"10,3 : 798.92"
"10,4 : 770.95"
"10,5 : 266.09"
"10,6 : 837.21"
"10,7 : 611.0"
"10,8 : 358.62"
"10,9 : 896.37"
"10,10 : 0.0"
"10,11 : 671.26"
"10,12 : 614.64"
"10,13 : 66.1"
"10,14 : 208.54"
"10,15 : 288.47"
"10,16 : 983.73"
"10,17 : 684.0"
"10,18 : 126.14"
"10,19 : 771.62"
"10,20 : 726.58"
"10,21 : 524.77"
"10,22 : 457.15"
"10,23 : 462.36"
"10,24 : 1036.03"
"10,25 : 682.91"
"10,26 : 522.12"
"10,27 : 647.71"
"10,28 : 600.35"
"10,29 : 228.67"
"10,30 : 82.2"
"10,31 : 396.43"
"10,32 : 709.81"
"10,33 : 307.03"
"10,34 : 715.67"
"10,35 : 763.89"
"10,36 : 468.53"
"10,37 : 643.03"
"10,38 : 362.22"
"10,39 : 310.69"
"10,40 : 149.01"
"10,41 : 791.24"
"10,42 : 372.7"
"10,43 : 435.42"
"10,44 : 940.84"
"10,45 : 631.02"
"10,46 : 224.85"
"10,47 : 375.59"
"10,48 : 431.97"
"10,49 : 203.67"
"11,0 : 577.6"
"11,1 : 285.93"
"11,2 : 234.41"
"11,3 : 599.95"
"11,4 : 282.39"
"11,5 : 633.76"
"11,6 : 197.57"
"11,7 : 686.1"
"11,8 : 381.44"
"11,9 : 294.11"
"11,10 : 671.26"
"11,11 : 0.0"
"11,12 : 68.01"
"11,13 : 627.78"
"11,14 : 463.53"
"11,15 : 619.68"
"11,16 : 317.65"
"11,17 : 161.47"
"11,18 : 781.29"
"11,19 : 338.0"
"11,20 : 61.4"
"11,21 : 186.0"
"11,22 : 580.0"
"11,23 : 263.87"
"11,24 : 370.53"
"11,25 : 334.15"
"11,26 : 575.13"
"11,27 : 560.39"
"11,28 : 156.67"
"11,29 : 536.59"
"11,30 : 643.56"
"11,31 : 637.5"
"11,32 : 423.59"
"11,33 : 847.15"
"11,34 : 99.3"
"11,35 : 216.51"
"11,36 : 469.88"
"11,37 : 674.5"
"11,38 : 382.87"
"11,39 : 451.61"
"11,40 : 637.13"
"11,41 : 635.74"
"11,42 : 312.55"
"11,43 : 275.07"
"11,44 : 298.28"
"11,45 : 288.0"
"11,46 : 857.19"
"11,47 : 310.3"
"11,48 : 299.84"
"11,49 : 477.6"
"12,0 : 594.51"
"12,1 : 274.53"
"12,2 : 210.24"
"12,3 : 626.1"
"12,4 : 331.56"
"12,5 : 566.63"
"12,6 : 265.37"
"12,7 : 623.32"
"12,8 : 314.21"
"12,9 : 313.64"
"12,10 : 614.64"
"12,11 : 68.01"
"12,12 : 0.0"
"12,13 : 568.38"
"12,14 : 408.83"
"12,15 : 585.87"
"12,16 : 382.46"
"12,17 : 135.33"
"12,18 : 728.03"
"12,19 : 381.84"
"12,20 : 112.77"
"12,21 : 118.0"
"12,22 : 565.13"
"12,23 : 239.71"
"12,24 : 421.67"
"12,25 : 362.72"
"12,26 : 510.4"
"12,27 : 503.11"
"12,28 : 99.25"
"12,29 : 470.98"
"12,30 : 582.77"
"12,31 : 614.28"
"12,32 : 450.53"
"12,33 : 806.29"
"12,34 : 159.77"
"12,35 : 271.66"
"12,36 : 458.5"
"12,37 : 613.59"
"12,38 : 350.46"
"12,39 : 384.58"
"12,40 : 590.76"
"12,41 : 658.24"
"12,42 : 268.49"
"12,43 : 207.88"
"12,44 : 366.27"
"12,45 : 237.69"
"12,46 : 807.56"
"12,47 : 246.97"
"12,48 : 272.8"
"12,49 : 426.39"
"13,0 : 722.73"
"13,1 : 738.43"
"13,2 : 451.47"
"13,3 : 806.11"
"13,4 : 748.55"
"13,5 : 207.28"
"13,6 : 801.03"
"13,7 : 548.44"
"13,8 : 297.84"
"13,9 : 841.5"
"13,10 : 66.1"
"13,11 : 627.78"
"13,12 : 568.38"
"13,13 : 0.0"
"13,14 : 174.55"
"13,15 : 321.03"
"13,16 : 943.28"
"13,17 : 629.64"
"13,18 : 190.78"
"13,19 : 754.52"
"13,20 : 681.02"
"13,21 : 472.61"
"13,22 : 478.46"
"13,23 : 436.72"
"13,24 : 988.09"
"13,25 : 669.15"
"13,26 : 457.0"
"13,27 : 581.76"
"13,28 : 546.85"
"13,29 : 162.59"
"13,30 : 30.53"
"13,31 : 428.06"
"13,32 : 704.0"
"13,33 : 370.3"
"13,34 : 678.97"
"13,35 : 735.61"
"13,36 : 474.44"
"13,37 : 579.44"
"13,38 : 348.9"
"13,39 : 246.44"
"13,40 : 188.61"
"13,41 : 802.46"
"13,42 : 341.56"
"13,43 : 380.74"
"13,44 : 905.45"
"13,45 : 569.98"
"13,46 : 290.52"
"13,47 : 324.4"
"13,48 : 409.59"
"13,49 : 182.02"
"14,0 : 584.47"
"14,1 : 613.18"
"14,2 : 276.93"
"14,3 : 661.88"
"14,4 : 574.73"
"14,5 : 291.23"
"14,6 : 629.35"
"14,7 : 569.35"
"14,8 : 206.04"
"14,9 : 701.3"
"14,10 : 208.54"
"14,11 : 463.53"
"14,12 : 408.83"
"14,13 : 174.55"
"14,14 : 0.0"
"14,15 : 268.69"
"14,16 : 775.19"
"14,17 : 489.65"
"14,18 : 319.32"
"14,19 : 583.04"
"14,20 : 519.84"
"14,21 : 328.21"
"14,22 : 374.85"
"14,23 : 262.61"
"14,24 : 830.46"
"14,25 : 500.4"
"14,26 : 455.71"
"14,27 : 553.06"
"14,28 : 405.25"
"14,29 : 184.78"
"14,30 : 197.91"
"14,31 : 356.5"
"14,32 : 542.8"
"14,33 : 427.57"
"14,34 : 507.58"
"14,35 : 561.1"
"14,36 : 337.36"
"14,37 : 589.44"
"14,38 : 186.89"
"14,39 : 197.65"
"14,40 : 201.76"
"14,41 : 665.24"
"14,42 : 167.11"
"14,43 : 248.21"
"14,44 : 733.33"
"14,45 : 461.08"
"14,46 : 402.62"
"14,47 : 182.21"
"14,48 : 237.0"
"14,49 : 39.56"
"15,0 : 447.62"
"15,1 : 835.51"
"15,2 : 386.08"
"15,3 : 537.14"
"15,4 : 607.49"
"15,5 : 517.19"
"15,6 : 731.9"
"15,7 : 831.39"
"15,8 : 471.76"
"15,9 : 898.95"
"15,10 : 288.47"
"15,11 : 619.68"
"15,12 : 585.87"
"15,13 : 321.03"
"15,14 : 268.69"
"15,15 : 0.0"
"15,16 : 891.71"
"15,17 : 698.98"
"15,18 : 296.08"
"15,19 : 586.79"
"15,20 : 681.06"
"15,21 : 545.28"
"15,22 : 178.08"
"15,23 : 357.35"
"15,24 : 984.42"
"15,25 : 491.98"
"15,26 : 721.63"
"15,27 : 821.73"
"15,28 : 618.68"
"15,29 : 432.01"
"15,30 : 350.77"
"15,31 : 108.0"
"15,32 : 488.35"
"15,33 : 240.64"
"15,34 : 623.14"
"15,35 : 626.58"
"15,36 : 231.52"
"15,37 : 854.36"
"15,38 : 236.84"
"15,39 : 465.47"
"15,40 : 139.94"
"15,41 : 521.18"
"15,42 : 322.28"
"15,43 : 488.99"
"15,44 : 825.21"
"15,45 : 705.43"
"15,46 : 311.21"
"15,47 : 423.37"
"15,48 : 320.66"
"15,49 : 229.26"
"16,0 : 698.08"
"16,1 : 416.24"
"16,2 : 516.67"
"16,3 : 677.74"
"16,4 : 335.52"
"16,5 : 947.71"
"16,6 : 160.7"
"16,7 : 949.22"
"16,8 : 695.59"
"16,9 : 307.25"
"16,10 : 983.73"
"16,11 : 317.65"
"16,12 : 382.46"
"16,13 : 943.28"
"16,14 : 775.19"
"16,15 : 891.71"
"16,16 : 0.0"
"16,17 : 391.62"
"16,18 : 1088.49"
"16,19 : 392.91"
"16,20 : 273.02"
"16,21 : 496.34"
"16,22 : 806.54"
"16,23 : 541.99"
"16,24 : 158.62"
"16,25 : 460.1"
"16,26 : 852.35"
"16,27 : 802.01"
"16,28 : 443.39"
"16,29 : 853.44"
"16,30 : 960.12"
"16,31 : 883.05"
"16,32 : 530.54"
"16,33 : 1129.62"
"16,34 : 272.42"
"16,35 : 281.82"
"16,36 : 696.44"
"16,37 : 928.15"
"16,38 : 663.6"
"16,39 : 766.17"
"16,40 : 934.22"
"16,41 : 725.24"
"16,42 : 614.96"
"16,43 : 589.66"
"16,44 : 97.0"
"16,45 : 532.62"
"16,46 : 1157.63"
"16,47 : 627.95"
"16,48 : 578.35"
"16,49 : 784.84"
"17,0 : 728.82"
"17,1 : 141.23"
"17,2 : 339.43"
"17,3 : 757.26"
"17,4 : 443.01"
"17,5 : 582.4"
"17,6 : 325.13"
"17,7 : 559.91"
"17,8 : 341.7"
"17,9 : 212.43"
"17,10 : 684.0"
"17,11 : 161.47"
"17,12 : 135.33"
"17,13 : 629.64"
"17,14 : 489.65"
"17,15 : 698.98"
"17,16 : 391.62"
"17,17 : 0.0"
"17,18 : 804.81"
"17,19 : 499.43"
"17,20 : 147.03"
"17,21 : 161.47"
"17,22 : 694.43"
"17,23 : 367.99"
"17,24 : 376.87"
"17,25 : 492.06"
"17,26 : 460.73"
"17,27 : 419.59"
"17,28 : 84.4"
"17,29 : 504.59"
"17,30 : 638.32"
"17,31 : 737.59"
"17,32 : 580.99"
"17,33 : 907.29"
"17,34 : 256.84"
"17,35 : 374.86"
"17,36 : 590.12"
"17,37 : 541.76"
"17,38 : 469.32"
"17,39 : 409.37"
"17,40 : 684.97"
"17,41 : 790.98"
"17,42 : 376.7"
"17,43 : 248.94"
"17,44 : 408.71"
"17,45 : 143.68"
"17,46 : 892.02"
"17,47 : 309.47"
"17,48 : 398.28"
"17,49 : 514.86"
"18,0 : 743.11"
"18,1 : 920.92"
"18,2 : 575.76"
"18,3 : 832.25"
"18,4 : 852.87"
"18,5 : 373.07"
"18,6 : 937.33"
"18,7 : 720.4"
"18,8 : 484.23"
"18,9 : 1017.21"
"18,10 : 126.14"
"18,11 : 781.29"
"18,12 : 728.03"
"18,13 : 190.78"
"18,14 : 319.32"
"18,15 : 296.08"
"18,16 : 1088.49"
"18,17 : 804.81"
"18,18 : 0.0"
"18,19 : 845.72"
"18,20 : 838.55"
"18,21 : 644.29"
"18,22 : 474.14"
"18,23 : 554.12"
"18,24 : 1149.54"
"18,25 : 753.29"
"18,26 : 639.31"
"18,27 : 768.42"
"18,28 : 720.69"
"18,29 : 352.48"
"18,30 : 199.06"
"18,31 : 395.49"
"18,32 : 767.18"
"18,33 : 213.33"
"18,34 : 817.36"
"18,35 : 854.15"
"18,36 : 513.39"
"18,37 : 755.01"
"18,38 : 441.71"
"18,39 : 436.73"
"18,40 : 173.53"
"18,41 : 817.25"
"18,42 : 473.53"
"18,43 : 557.39"
"18,44 : 1039.3"
"18,45 : 756.48"
"18,46 : 101.12"
"18,47 : 495.38"
"18,48 : 520.48"
"18,49 : 304.11"
"19,0 : 305.22"
"19,1 : 615.07"
"19,2 : 318.5"
"19,3 : 291.11"
"19,4 : 63.95"
"19,5 : 843.5"
"19,6 : 256.05"
"19,7 : 987.68"
"19,8 : 616.94"
"19,9 : 581.49"
"19,10 : 771.62"
"19,11 : 338.0"
"19,12 : 381.84"
"19,13 : 754.52"
"19,14 : 583.04"
"19,15 : 586.79"
"19,16 : 392.91"
"19,17 : 499.43"
"19,18 : 845.72"
"19,19 : 0.0"
"19,20 : 366.36"
"19,21 : 473.27"
"19,22 : 456.21"
"19,23 : 324.01"
"19,24 : 538.13"
"19,25 : 94.81"
"19,26 : 868.37"
"19,27 : 880.82"
"19,28 : 480.88"
"19,29 : 731.82"
"19,30 : 780.09"
"19,31 : 544.87"
"19,32 : 139.2"
"19,33 : 824.83"
"19,34 : 246.22"
"19,35 : 136.82"
"19,36 : 359.47"
"19,37 : 983.76"
"19,38 : 409.44"
"19,39 : 675.46"
"19,40 : 673.62"
"19,41 : 336.25"
"19,42 : 423.73"
"19,43 : 526.85"
"19,44 : 299.79"
"19,45 : 619.47"
"19,46 : 889.65"
"19,47 : 521.14"
"19,48 : 346.09"
"19,49 : 572.84"
"20,0 : 624.38"
"20,1 : 248.71"
"20,2 : 295.77"
"20,3 : 640.52"
"20,4 : 306.14"
"20,5 : 674.76"
"20,6 : 179.39"
"20,7 : 699.04"
"20,8 : 422.83"
"20,9 : 237.68"
"20,10 : 726.58"
"20,11 : 61.4"
"20,12 : 112.77"
"20,13 : 681.02"
"20,14 : 519.84"
"20,15 : 681.06"
"20,16 : 273.02"
"20,17 : 147.03"
"20,18 : 838.55"
"20,19 : 366.36"
"20,20 : 0.0"
"20,21 : 223.38"
"20,22 : 639.45"
"20,23 : 325.18"
"20,24 : 311.39"
"20,25 : 375.97"
"20,26 : 593.36"
"20,27 : 564.24"
"20,28 : 174.35"
"20,29 : 581.94"
"20,30 : 695.54"
"20,31 : 698.31"
"20,32 : 465.18"
"20,33 : 908.04"
"20,34 : 120.34"
"20,35 : 234.71"
"20,36 : 528.79"
"20,37 : 683.73"
"20,38 : 444.25"
"20,39 : 493.43"
"20,40 : 696.85"
"20,41 : 678.65"
"20,42 : 372.39"
"20,43 : 317.25"
"20,44 : 269.98"
"20,45 : 287.76"
"20,46 : 916.0"
"20,47 : 359.57"
"20,48 : 361.22"
"20,49 : 535.56"
"21,0 : 642.54"
"21,1 : 291.08"
"21,2 : 220.51"
"21,3 : 687.5"
"21,4 : 430.57"
"21,5 : 451.38"
"21,6 : 383.29"
"21,7 : 516.24"
"21,8 : 199.61"
"21,9 : 373.26"
"21,10 : 524.77"
"21,11 : 186.0"
"21,12 : 118.0"
"21,13 : 472.61"
"21,14 : 328.21"
"21,15 : 545.28"
"21,16 : 496.34"
"21,17 : 161.47"
"21,18 : 644.29"
"21,19 : 473.27"
"21,20 : 223.38"
"21,21 : 0.0"
"21,22 : 561.09"
"21,23 : 244.09"
"21,24 : 518.28"
"21,25 : 435.64"
"21,26 : 399.57"
"21,27 : 409.68"
"21,28 : 77.1"
"21,29 : 360.31"
"21,30 : 483.48"
"21,31 : 593.37"
"21,32 : 517.65"
"21,33 : 747.29"
"21,34 : 273.79"
"21,35 : 378.45"
"21,36 : 465.11"
"21,37 : 510.66"
"21,38 : 324.5"
"21,39 : 270.2"
"21,40 : 524.05"
"21,41 : 713.49"
"21,42 : 225.43"
"21,43 : 95.27"
"21,44 : 484.17"
"21,45 : 177.79"
"21,46 : 730.68"
"21,47 : 149.2"
"21,48 : 266.33"
"21,49 : 353.64"
"22,0 : 271.05"
"22,1 : 835.61"
"22,2 : 355.37"
"22,3 : 361.01"
"22,4 : 490.78"
"22,5 : 657.04"
"22,6 : 646.63"
"22,7 : 940.36"
"22,8 : 550.53"
"22,9 : 873.21"
"22,10 : 457.15"
"22,11 : 580.0"
"22,12 : 565.13"
"22,13 : 478.46"
"22,14 : 374.85"
"22,15 : 178.08"
"22,16 : 806.54"
"22,17 : 694.43"
"22,18 : 474.14"
"22,19 : 456.21"
"22,20 : 639.45"
"22,21 : 561.09"
"22,22 : 0.0"
"22,23 : 326.48"
"22,24 : 920.81"
"22,25 : 364.46"
"22,26 : 822.88"
"22,27 : 903.41"
"22,28 : 624.05"
"22,29 : 557.75"
"22,30 : 508.98"
"22,31 : 93.3"
"22,32 : 337.43"
"22,33 : 385.44"
"22,34 : 555.25"
"22,35 : 527.0"
"22,36 : 111.89"
"22,37 : 957.01"
"22,38 : 241.88"
"22,39 : 565.44"
"22,40 : 313.13"
"22,41 : 343.23"
"22,42 : 343.79"
"22,43 : 532.92"
"22,44 : 727.96"
"22,45 : 736.36"
"22,46 : 482.34"
"22,47 : 476.35"
"22,48 : 297.08"
"22,49 : 338.42"
"23,0 : 408.04"
"23,1 : 509.2"
"23,2 : 29.73"
"23,3 : 464.57"
"23,4 : 312.17"
"23,5 : 521.46"
"23,6 : 385.86"
"23,7 : 707.12"
"23,8 : 312.05"
"23,9 : 551.53"
"23,10 : 462.36"
"23,11 : 263.87"
"23,12 : 239.71"
"23,13 : 436.72"
"23,14 : 262.61"
"23,15 : 357.35"
"23,16 : 541.99"
"23,17 : 367.99"
"23,18 : 554.12"
"23,19 : 324.01"
"23,20 : 325.18"
"23,21 : 244.09"
"23,22 : 326.48"
"23,23 : 0.0"
"23,24 : 627.22"
"23,25 : 249.51"
"23,26 : 584.75"
"23,27 : 630.99"
"23,28 : 299.88"
"23,29 : 409.18"
"23,30 : 460.51"
"23,31 : 375.36"
"23,32 : 311.12"
"23,33 : 590.16"
"23,34 : 269.9"
"23,35 : 301.68"
"23,36 : 223.5"
"23,37 : 712.16"
"23,38 : 122.38"
"23,39 : 361.37"
"23,40 : 393.29"
"23,41 : 483.6"
"23,42 : 99.72"
"23,43 : 246.45"
"23,44 : 486.03"
"23,45 : 421.86"
"23,46 : 617.1"
"23,47 : 215.6"
"23,48 : 36.88"
"23,49 : 258.82"
"24,0 : 840.74"
"24,1 : 345.12"
"24,2 : 598.95"
"24,3 : 827.51"
"24,4 : 477.02"
"24,5 : 958.85"
"24,6 : 286.02"
"24,7 : 902.27"
"24,8 : 713.76"
"24,9 : 212.6"
"24,10 : 1036.03"
"24,11 : 370.53"
"24,12 : 421.67"
"24,13 : 988.09"
"24,14 : 830.46"
"24,15 : 984.42"
"24,16 : 158.62"
"24,17 : 376.87"
"24,18 : 1149.54"
"24,19 : 538.13"
"24,20 : 311.39"
"24,21 : 518.28"
"24,22 : 920.81"
"24,23 : 627.22"
"24,24 : 0.0"
"24,25 : 594.46"
"24,26 : 819.88"
"24,27 : 746.15"
"24,28 : 449.9"
"24,29 : 876.64"
"24,30 : 1000.73"
"24,31 : 989.96"
"24,32 : 671.91"
"24,33 : 1215.97"
"24,34 : 366.17"
"24,35 : 413.82"
"24,36 : 809.02"
"24,37 : 875.1"
"24,38 : 749.03"
"24,39 : 783.14"
"24,40 : 1007.67"
"24,41 : 873.89"
"24,42 : 683.09"
"24,43 : 613.23"
"24,44 : 253.86"
"24,45 : 499.54"
"24,46 : 1227.36"
"24,47 : 663.98"
"24,48 : 664.04"
"24,49 : 846.91"
"25,0 : 252.02"
"25,1 : 619.84"
"25,2 : 250.53"
"25,3 : 265.8"
"25,4 : 128.46"
"25,5 : 770.6"
"25,6 : 308.55"
"25,7 : 940.27"
"25,8 : 555.93"
"25,9 : 606.82"
"25,10 : 682.91"
"25,11 : 334.15"
"25,12 : 362.72"
"25,13 : 669.15"
"25,14 : 500.4"
"25,15 : 491.98"
"25,16 : 460.1"
"25,17 : 492.06"
"25,18 : 753.29"
"25,19 : 94.81"
"25,20 : 375.97"
"25,21 : 435.64"
"25,22 : 364.46"
"25,23 : 249.51"
"25,24 : 594.46"
"25,25 : 0.0"
"25,26 : 818.99"
"25,27 : 845.03"
"25,28 : 457.96"
"25,29 : 658.14"
"25,30 : 695.65"
"25,31 : 451.69"
"25,32 : 89.49"
"25,33 : 730.12"
"25,34 : 259.37"
"25,35 : 180.77"
"25,36 : 265.16"
"25,37 : 940.17"
"25,38 : 321.19"
"25,39 : 609.54"
"25,40 : 580.63"
"25,41 : 302.69"
"25,42 : 347.84"
"25,43 : 474.66"
"25,44 : 372.88"
"25,45 : 596.93"
"25,46 : 795.44"
"25,47 : 458.85"
"25,48 : 265.75"
"25,49 : 487.12"
"26,0 : 987.75"
"26,1 : 481.92"
"26,2 : 574.0"
"26,3 : 1049.08"
"26,4 : 829.15"
"26,5 : 272.68"
"26,6 : 769.69"
"26,7 : 122.38"
"26,8 : 278.63"
"26,9 : 616.3"
"26,10 : 522.12"
"26,11 : 575.13"
"26,12 : 510.4"
"26,13 : 457.0"
"26,14 : 455.71"
"26,15 : 721.63"
"26,16 : 852.35"
"26,17 : 460.73"
"26,18 : 639.31"
"26,19 : 868.37"
"26,20 : 593.36"
"26,21 : 399.57"
"26,22 : 822.88"
"26,23 : 584.75"
"26,24 : 819.88"
"26,25 : 818.99"
"26,26 : 0.0"
"26,27 : 138.31"
"26,28 : 420.64"
"26,29 : 300.05"
"26,30 : 441.71"
"26,31 : 812.16"
"26,32 : 892.38"
"26,33 : 826.62"
"26,34 : 670.09"
"26,35 : 777.93"
"26,36 : 761.68"
"26,37 : 134.18"
"26,38 : 595.08"
"26,39 : 258.63"
"26,40 : 622.27"
"26,41 : 1065.73"
"26,42 : 506.67"
"26,43 : 344.33"
"26,44 : 863.26"
"26,45 : 322.3"
"26,46 : 740.34"
"26,47 : 370.53"
"26,48 : 586.96"
"26,49 : 495.06"
"27,0 : 1039.02"
"27,1 : 401.04"
"27,2 : 614.47"
"27,3 : 1091.65"
"27,4 : 833.97"
"27,5 : 408.38"
"27,6 : 743.59"
"27,7 : 160.33"
"27,8 : 354.19"
"27,9 : 535.11"
"27,10 : 647.71"
"27,11 : 560.39"
"27,12 : 503.11"
"27,13 : 581.76"
"27,14 : 553.06"
"27,15 : 821.73"
"27,16 : 802.01"
"27,17 : 419.59"
"27,18 : 768.42"
"27,19 : 880.82"
"27,20 : 564.24"
"27,21 : 409.68"
"27,22 : 903.41"
"27,23 : 630.99"
"27,24 : 746.15"
"27,25 : 845.03"
"27,26 : 138.31"
"27,27 : 0.0"
"27,28 : 404.81"
"27,29 : 420.22"
"27,30 : 569.48"
"27,31 : 904.38"
"27,32 : 925.47"
"27,33 : 947.65"
"27,34 : 659.43"
"27,35 : 774.49"
"27,36 : 829.66"
"27,37 : 129.02"
"27,38 : 665.68"
"27,39 : 358.35"
"27,40 : 735.09"
"27,41 : 1113.83"
"27,42 : 568.59"
"27,43 : 384.96"
"27,44 : 827.9"
"27,45 : 276.54"
"27,46 : 869.52"
"27,47 : 430.22"
"27,48 : 640.88"
"27,49 : 592.47"
"28,0 : 681.77"
"28,1 : 216.9"
"28,2 : 273.0"
"28,3 : 718.67"
"28,4 : 430.74"
"28,5 : 510.77"
"28,6 : 349.06"
"28,7 : 529.8"
"28,8 : 263.89"
"28,9 : 296.55"
"28,10 : 600.35"
"28,11 : 156.67"
"28,12 : 99.25"
"28,13 : 546.85"
"28,14 : 405.25"
"28,15 : 618.68"
"28,16 : 443.39"
"28,17 : 84.4"
"28,18 : 720.69"
"28,19 : 480.88"
"28,20 : 174.35"
"28,21 : 77.1"
"28,22 : 624.05"
"28,23 : 299.88"
"28,24 : 449.9"
"28,25 : 457.96"
"28,26 : 420.64"
"28,27 : 404.81"
"28,28 : 0.0"
"28,29 : 426.9"
"28,30 : 556.45"
"28,31 : 662.0"
"28,32 : 544.42"
"28,33 : 823.84"
"28,34 : 255.0"
"28,35 : 369.72"
"28,36 : 523.38"
"28,37 : 517.83"
"28,38 : 392.77"
"28,39 : 333.29"
"28,40 : 600.97"
"28,41 : 748.64"
"28,42 : 296.89"
"28,43 : 166.33"
"28,44 : 443.94"
"28,45 : 139.31"
"28,46 : 807.63"
"28,47 : 225.3"
"28,48 : 327.0"
"28,49 : 430.68"
"29,0 : 766.6"
"29,1 : 598.38"
"29,2 : 413.46"
"29,3 : 841.47"
"29,4 : 712.25"
"29,5 : 112.58"
"29,6 : 725.84"
"29,7 : 401.62"
"29,8 : 163.11"
"29,9 : 711.61"
"29,10 : 228.67"
"29,11 : 536.59"
"29,12 : 470.98"
"29,13 : 162.59"
"29,14 : 184.78"
"29,15 : 432.01"
"29,16 : 853.44"
"29,17 : 504.59"
"29,18 : 352.48"
"29,19 : 731.82"
"29,20 : 581.94"
"29,21 : 360.31"
"29,22 : 557.75"
"29,23 : 409.18"
"29,24 : 876.64"
"29,25 : 658.14"
"29,26 : 300.05"
"29,27 : 420.22"
"29,28 : 426.9"
"29,29 : 0.0"
"29,30 : 155.08"
"29,31 : 530.32"
"29,32 : 711.43"
"29,33 : 528.01"
"29,34 : 605.85"
"29,35 : 684.0"
"29,36 : 521.24"
"29,37 : 428.13"
"29,38 : 363.94"
"29,39 : 96.43"
"29,40 : 323.12"
"29,41 : 847.31"
"29,42 : 310.31"
"29,43 : 265.17"
"29,44 : 830.22"
"29,45 : 423.93"
"29,46 : 452.85"
"29,47 : 228.69"
"29,48 : 393.71"
"29,49 : 219.43"
"30,0 : 752.81"
"30,1 : 743.09"
"30,2 : 474.13"
"30,3 : 835.93"
"30,4 : 772.65"
"30,5 : 184.1"
"30,6 : 820.03"
"30,7 : 528.89"
"30,8 : 301.71"
"30,9 : 849.39"
"30,10 : 82.2"
"30,11 : 643.56"
"30,12 : 582.77"
"30,13 : 30.53"
"30,14 : 197.91"
"30,15 : 350.77"
"30,16 : 960.12"
"30,17 : 638.32"
"30,18 : 199.06"
"30,19 : 780.09"
"30,20 : 695.54"
"30,21 : 483.48"
"30,22 : 508.98"
"30,23 : 460.51"
"30,24 : 1000.73"
"30,25 : 695.65"
"30,26 : 441.71"
"30,27 : 569.48"
"30,28 : 556.45"
"30,29 : 155.08"
"30,30 : 0.0"
"30,31 : 458.02"
"30,32 : 732.09"
"30,33 : 389.2"
"30,34 : 697.95"
"30,35 : 757.81"
"30,36 : 504.34"
"30,37 : 561.22"
"30,38 : 376.24"
"30,39 : 245.2"
"30,40 : 216.81"
"30,41 : 832.63"
"30,42 : 363.98"
"30,43 : 390.13"
"30,44 : 924.66"
"30,45 : 572.22"
"30,46 : 300.08"
"30,47 : 336.87"
"30,48 : 434.46"
"30,49 : 208.87"
"31,0 : 359.94"
"31,1 : 877.62"
"31,2 : 405.09"
"31,3 : 449.94"
"31,4 : 575.84"
"31,5 : 620.64"
"31,6 : 722.41"
"31,7 : 925.36"
"31,8 : 550.58"
"31,9 : 926.88"
"31,10 : 396.43"
"31,11 : 637.5"
"31,12 : 614.28"
"31,13 : 428.06"
"31,14 : 356.5"
"31,15 : 108.0"
"31,16 : 883.05"
"31,17 : 737.59"
"31,18 : 395.49"
"31,19 : 544.87"
"31,20 : 698.31"
"31,21 : 593.37"
"31,22 : 93.3"
"31,23 : 375.36"
"31,24 : 989.96"
"31,25 : 451.69"
"31,26 : 812.16"
"31,27 : 904.38"
"31,28 : 662.0"
"31,29 : 530.32"
"31,30 : 458.02"
"31,31 : 0.0"
"31,32 : 429.77"
"31,33 : 292.32"
"31,34 : 623.91"
"31,35 : 606.9"
"31,36 : 188.8"
"31,37 : 945.94"
"31,38 : 269.28"
"31,39 : 553.74"
"31,40 : 247.68"
"31,41 : 428.3"
"31,42 : 368.54"
"31,43 : 550.99"
"31,44 : 808.2"
"31,45 : 763.04"
"31,46 : 394.21"
"31,47 : 488.88"
"31,48 : 341.48"
"31,49 : 317.3"
"32,0 : 168.86"
"32,1 : 709.32"
"32,2 : 318.6"
"32,3 : 176.41"
"32,4 : 195.49"
"32,5 : 823.86"
"32,6 : 386.51"
"32,7 : 1014.38"
"32,8 : 622.96"
"32,9 : 694.67"
"32,10 : 709.81"
"32,11 : 423.59"
"32,12 : 450.53"
"32,13 : 704.0"
"32,14 : 542.8"
"32,15 : 488.35"
"32,16 : 530.54"
"32,17 : 580.99"
"32,18 : 767.18"
"32,19 : 139.2"
"32,20 : 465.18"
"32,21 : 517.65"
"32,22 : 337.43"
"32,23 : 311.12"
"32,24 : 671.91"
"32,25 : 89.49"
"32,26 : 892.38"
"32,27 : 925.47"
"32,28 : 544.42"
"32,29 : 711.43"
"32,30 : 732.09"
"32,31 : 429.77"
"32,32 : 0.0"
"32,33 : 718.65"
"32,34 : 347.75"
"32,35 : 259.85"
"32,36 : 257.1"
"32,37 : 1016.48"
"32,38 : 356.76"
"32,39 : 671.67"
"32,40 : 593.74"
"32,41 : 213.58"
"32,42 : 403.88"
"32,43 : 548.94"
"32,44 : 438.55"
"32,45 : 682.84"
"32,46 : 798.55"
"32,47 : 526.13"
"32,48 : 318.98"
"32,49 : 523.87"
"33,0 : 649.22"
"33,1 : 1037.1"
"33,2 : 617.61"
"33,3 : 738.65"
"33,4 : 847.67"
"33,5 : 572.53"
"33,6 : 970.53"
"33,7 : 918.01"
"33,8 : 626.77"
"33,9 : 1114.75"
"33,10 : 307.03"
"33,11 : 847.15"
"33,12 : 806.29"
"33,13 : 370.3"
"33,14 : 427.57"
"33,15 : 240.64"
"33,16 : 1129.62"
"33,17 : 907.29"
"33,18 : 213.33"
"33,19 : 824.83"
"33,20 : 908.04"
"33,21 : 747.29"
"33,22 : 385.44"
"33,23 : 590.16"
"33,24 : 1215.97"
"33,25 : 730.12"
"33,26 : 826.62"
"33,27 : 947.65"
"33,28 : 823.84"
"33,29 : 528.01"
"33,30 : 389.2"
"33,31 : 292.32"
"33,32 : 718.65"
"33,33 : 0.0"
"33,34 : 859.16"
"33,35 : 867.07"
"33,36 : 466.0"
"33,37 : 949.66"
"33,38 : 467.79"
"33,39 : 595.87"
"33,40 : 225.82"
"33,41 : 712.62"
"33,42 : 537.8"
"33,43 : 674.63"
"33,44 : 1065.14"
"33,45 : 888.65"
"33,46 : 143.68"
"33,47 : 607.79"
"33,48 : 553.31"
"33,49 : 395.93"
"34,0 : 510.42"
"34,1 : 368.96"
"34,2 : 244.26"
"34,3 : 521.94"
"34,4 : 187.04"
"34,5 : 708.7"
"34,6 : 122.09"
"34,7 : 782.93"
"34,8 : 459.0"
"34,9 : 347.57"
"34,10 : 715.67"
"34,11 : 99.3"
"34,12 : 159.77"
"34,13 : 678.97"
"34,14 : 507.58"
"34,15 : 623.14"
"34,16 : 272.42"
"34,17 : 256.84"
"34,18 : 817.36"
"34,19 : 246.22"
"34,20 : 120.34"
"34,21 : 273.79"
"34,22 : 555.25"
"34,23 : 269.9"
"34,24 : 366.17"
"34,25 : 259.37"
"34,26 : 670.09"
"34,27 : 659.43"
"34,28 : 255.0"
"34,29 : 605.85"
"34,30 : 697.95"
"34,31 : 623.91"
"34,32 : 347.75"
"34,33 : 859.16"
"34,34 : 0.0"
"34,35 : 118.09"
"34,36 : 443.37"
"34,37 : 772.46"
"34,38 : 391.94"
"34,39 : 527.42"
"34,40 : 661.8"
"34,41 : 561.29"
"34,42 : 344.22"
"34,43 : 354.32"
"34,44 : 226.75"
"34,45 : 387.24"
"34,46 : 885.27"
"34,47 : 377.2"
"34,48 : 306.47"
"34,49 : 514.61"
"35,0 : 428.48"
"35,1 : 482.44"
"35,2 : 284.25"
"35,3 : 425.28"
"35,4 : 73.39"
"35,5 : 791.73"
"35,6 : 127.82"
"35,7 : 893.32"
"35,8 : 549.01"
"35,9 : 444.67"
"35,10 : 763.89"
"35,11 : 216.51"
"35,12 : 271.66"
"35,13 : 735.61"
"35,14 : 561.1"
"35,15 : 626.58"
"35,16 : 281.82"
"35,17 : 374.86"
"35,18 : 854.15"
"35,19 : 136.82"
"35,20 : 234.71"
"35,21 : 378.45"
"35,22 : 527.0"
"35,23 : 301.68"
"35,24 : 413.82"
"35,25 : 180.77"
"35,26 : 777.93"
"35,27 : 774.49"
"35,28 : 369.72"
"35,29 : 684.0"
"35,30 : 757.81"
"35,31 : 606.9"
"35,32 : 259.85"
"35,33 : 867.07"
"35,34 : 118.09"
"35,35 : 0.0"
"35,36 : 418.57"
"35,37 : 884.88"
"35,38 : 413.67"
"35,39 : 614.14"
"35,40 : 688.77"
"35,41 : 468.56"
"35,42 : 394.06"
"35,43 : 448.83"
"35,44 : 201.32"
"35,45 : 504.31"
"35,46 : 911.66"
"35,47 : 459.26"
"35,48 : 333.88"
"35,49 : 560.24"
"36,0 : 249.15"
"36,1 : 731.27"
"36,2 : 251.05"
"36,3 : 331.72"
"36,4 : 387.45"
"36,5 : 628.5"
"36,6 : 536.15"
"36,7 : 882.25"
"36,8 : 483.72"
"36,9 : 763.69"
"36,10 : 468.53"
"36,11 : 469.88"
"36,12 : 458.5"
"36,13 : 474.44"
"36,14 : 337.36"
"36,15 : 231.52"
"36,16 : 696.44"
"36,17 : 590.12"
"36,18 : 513.39"
"36,19 : 359.47"
"36,20 : 528.79"
"36,21 : 465.11"
"36,22 : 111.89"
"36,23 : 223.5"
"36,24 : 809.02"
"36,25 : 265.16"
"36,26 : 761.68"
"36,27 : 829.66"
"36,28 : 523.38"
"36,29 : 521.24"
"36,30 : 504.34"
"36,31 : 188.8"
"36,32 : 257.1"
"36,33 : 466.0"
"36,34 : 443.37"
"36,35 : 418.57"
"36,36 : 0.0"
"36,37 : 894.61"
"36,38 : 166.6"
"36,39 : 510.65"
"36,40 : 341.01"
"36,41 : 329.6"
"36,42 : 261.19"
"36,43 : 449.2"
"36,44 : 619.88"
"36,45 : 642.48"
"36,46 : 541.46"
"36,47 : 399.47"
"36,48 : 198.86"
"36,49 : 307.51"
"37,0 : 1117.67"
"37,1 : 530.02"
"37,2 : 699.49"
"37,3 : 1176.67"
"37,4 : 940.67"
"37,5 : 382.13"
"37,6 : 862.91"
"37,7 : 44.2"
"37,8 : 410.94"
"37,9 : 664.13"
"37,10 : 643.03"
"37,11 : 674.5"
"37,12 : 613.59"
"37,13 : 579.44"
"37,14 : 589.44"
"37,15 : 854.36"
"37,16 : 928.15"
"37,17 : 541.76"
"37,18 : 755.01"
"37,19 : 983.76"
"37,20 : 683.73"
"37,21 : 510.66"
"37,22 : 957.01"
"37,23 : 712.16"
"37,24 : 875.1"
"37,25 : 940.17"
"37,26 : 134.18"
"37,27 : 129.02"
"37,28 : 517.83"
"37,29 : 428.13"
"37,30 : 561.22"
"37,31 : 945.94"
"37,32 : 1016.48"
"37,33 : 949.66"
"37,34 : 772.46"
"37,35 : 884.88"
"37,36 : 894.61"
"37,37 : 0.0"
"37,38 : 728.09"
"37,39 : 392.7"
"37,40 : 751.26"
"37,41 : 1194.94"
"37,42 : 637.82"
"37,43 : 467.73"
"37,44 : 950.4"
"37,45 : 398.1"
"37,46 : 855.19"
"37,47 : 500.25"
"37,48 : 716.55"
"37,49 : 628.7"
"38,0 : 403.8"
"38,1 : 608.74"
"38,2 : 150.08"
"38,3 : 477.54"
"38,4 : 411.68"
"38,5 : 474.55"
"38,6 : 506.24"
"38,7 : 715.68"
"38,8 : 317.31"
"38,9 : 664.08"
"38,10 : 362.22"
"38,11 : 382.87"
"38,12 : 350.46"
"38,13 : 348.9"
"38,14 : 186.89"
"38,15 : 236.84"
"38,16 : 663.6"
"38,17 : 469.32"
"38,18 : 441.71"
"38,19 : 409.44"
"38,20 : 444.25"
"38,21 : 324.5"
"38,22 : 241.88"
"38,23 : 122.38"
"38,24 : 749.03"
"38,25 : 321.19"
"38,26 : 595.08"
"38,27 : 665.68"
"38,28 : 392.77"
"38,29 : 363.94"
"38,30 : 376.24"
"38,31 : 269.28"
"38,32 : 356.76"
"38,33 : 467.79"
"38,34 : 391.94"
"38,35 : 413.67"
"38,36 : 166.6"
"38,37 : 728.09"
"38,38 : 0.0"
"38,39 : 345.09"
"38,40 : 275.18"
"38,41 : 484.29"
"38,42 : 102.11"
"38,43 : 291.05"
"38,44 : 604.63"
"38,45 : 496.73"
"38,46 : 498.55"
"38,47 : 236.02"
"38,48 : 85.56"
"38,49 : 167.45"
"39,0 : 746.57"
"39,1 : 502.1"
"39,2 : 359.34"
"39,3 : 815.02"
"39,4 : 649.35"
"39,5 : 182.16"
"39,6 : 644.99"
"39,7 : 374.93"
"39,8 : 70.6"
"39,9 : 615.41"
"39,10 : 310.69"
"39,11 : 451.61"
"39,12 : 384.58"
"39,13 : 246.44"
"39,14 : 197.65"
"39,15 : 465.47"
"39,16 : 766.17"
"39,17 : 409.37"
"39,18 : 436.73"
"39,19 : 675.46"
"39,20 : 493.43"
"39,21 : 270.2"
"39,22 : 565.44"
"39,23 : 361.37"
"39,24 : 783.14"
"39,25 : 609.54"
"39,26 : 258.63"
"39,27 : 358.35"
"39,28 : 333.29"
"39,29 : 96.43"
"39,30 : 245.2"
"39,31 : 553.74"
"39,32 : 671.67"
"39,33 : 595.87"
"39,34 : 527.42"
"39,35 : 614.14"
"39,36 : 510.65"
"39,37 : 392.7"
"39,38 : 345.09"
"39,39 : 0.0"
"39,40 : 378.0"
"39,41 : 826.35"
"39,42 : 269.06"
"39,43 : 176.71"
"39,44 : 748.43"
"39,45 : 328.32"
"39,46 : 535.11"
"39,47 : 155.54"
"39,48 : 353.83"
"39,49 : 237.17"
"40,0 : 576.59"
"40,1 : 812.59"
"40,2 : 417.61"
"40,3 : 664.67"
"40,4 : 683.21"
"40,5 : 393.12"
"40,6 : 779.13"
"40,7 : 724.03"
"40,8 : 402.95"
"40,9 : 894.46"
"40,10 : 149.01"
"40,11 : 637.13"
"40,12 : 590.76"
"40,13 : 188.61"
"40,14 : 201.76"
"40,15 : 139.94"
"40,16 : 934.22"
"40,17 : 684.97"
"40,18 : 173.53"
"40,19 : 673.62"
"40,20 : 696.85"
"40,21 : 524.05"
"40,22 : 313.13"
"40,23 : 393.29"
"40,24 : 1007.67"
"40,25 : 580.63"
"40,26 : 622.27"
"40,27 : 735.09"
"40,28 : 600.97"
"40,29 : 323.12"
"40,30 : 216.81"
"40,31 : 247.68"
"40,32 : 593.74"
"40,33 : 225.82"
"40,34 : 661.8"
"40,35 : 688.77"
"40,36 : 341.01"
"40,37 : 751.26"
"40,38 : 275.18"
"40,39 : 378.0"
"40,40 : 0.0"
"40,41 : 652.94"
"40,42 : 324.58"
"40,43 : 449.08"
"40,44 : 878.95"
"40,45 : 662.84"
"40,46 : 223.83"
"40,47 : 382.38"
"40,48 : 357.87"
"40,49 : 170.84"
"41,0 : 80.78"
"41,1 : 921.67"
"41,2 : 499.4"
"41,3 : 49.66"
"41,4 : 399.01"
"41,5 : 956.35"
"41,6 : 592.05"
"41,7 : 1188.01"
"41,8 : 788.52"
"41,9 : 907.86"
"41,10 : 791.24"
"41,11 : 635.74"
"41,12 : 658.24"
"41,13 : 802.46"
"41,14 : 665.24"
"41,15 : 521.18"
"41,16 : 725.24"
"41,17 : 790.98"
"41,18 : 817.25"
"41,19 : 336.25"
"41,20 : 678.65"
"41,21 : 713.49"
"41,22 : 343.23"
"41,23 : 483.6"
"41,24 : 873.89"
"41,25 : 302.69"
"41,26 : 1065.73"
"41,27 : 1113.83"
"41,28 : 748.64"
"41,29 : 847.31"
"41,30 : 832.63"
"41,31 : 428.3"
"41,32 : 213.58"
"41,33 : 712.62"
"41,34 : 561.29"
"41,35 : 468.56"
"41,36 : 329.6"
"41,37 : 1194.94"
"41,38 : 484.29"
"41,39 : 826.35"
"41,40 : 652.94"
"41,41 : 0.0"
"41,42 : 560.29"
"41,43 : 729.98"
"41,44 : 629.51"
"41,45 : 885.01"
"41,46 : 822.51"
"41,47 : 695.24"
"41,48 : 478.77"
"41,49 : 636.79"
"42,0 : 481.54"
"42,1 : 513.78"
"42,2 : 110.17"
"42,3 : 546.77"
"42,4 : 410.27"
"42,5 : 422.8"
"42,6 : 465.1"
"42,7 : 628.61"
"42,8 : 228.45"
"42,9 : 578.79"
"42,10 : 372.7"
"42,11 : 312.55"
"42,12 : 268.49"
"42,13 : 341.56"
"42,14 : 167.11"
"42,15 : 322.28"
"42,16 : 614.96"
"42,17 : 376.7"
"42,18 : 473.53"
"42,19 : 423.73"
"42,20 : 372.39"
"42,21 : 225.43"
"42,22 : 343.79"
"42,23 : 99.72"
"42,24 : 683.09"
"42,25 : 347.84"
"42,26 : 506.67"
"42,27 : 568.59"
"42,28 : 296.89"
"42,29 : 310.31"
"42,30 : 363.98"
"42,31 : 368.54"
"42,32 : 403.88"
"42,33 : 537.8"
"42,34 : 344.22"
"42,35 : 394.06"
"42,36 : 261.19"
"42,37 : 637.82"
"42,38 : 102.11"
"42,39 : 269.06"
"42,40 : 324.58"
"42,41 : 560.29"
"42,42 : 0.0"
"42,43 : 189.56"
"42,44 : 568.32"
"42,45 : 395.18"
"42,46 : 545.36"
"42,47 : 138.76"
"42,48 : 85.0"
"42,49 : 170.42"
"43,0 : 654.4"
"43,1 : 365.47"
"43,2 : 231.95"
"43,3 : 709.76"
"43,4 : 492.2"
"43,5 : 358.75"
"43,6 : 469.72"
"43,7 : 465.82"
"43,8 : 106.37"
"43,9 : 461.09"
"43,10 : 435.42"
"43,11 : 275.07"
"43,12 : 207.88"
"43,13 : 380.74"
"43,14 : 248.21"
"43,15 : 488.99"
"43,16 : 589.66"
"43,17 : 248.94"
"43,18 : 557.39"
"43,19 : 526.85"
"43,20 : 317.25"
"43,21 : 95.27"
"43,22 : 532.92"
"43,23 : 246.45"
"43,24 : 613.23"
"43,25 : 474.66"
"43,26 : 344.33"
"43,27 : 384.96"
"43,28 : 166.33"
"43,29 : 265.17"
"43,30 : 390.13"
"43,31 : 550.99"
"43,32 : 548.94"
"43,33 : 674.63"
"43,34 : 354.32"
"43,35 : 448.83"
"43,36 : 449.2"
"43,37 : 467.73"
"43,38 : 291.05"
"43,39 : 176.71"
"43,40 : 449.08"
"43,41 : 729.98"
"43,42 : 189.56"
"43,43 : 0.0"
"43,44 : 572.55"
"43,45 : 216.91"
"43,46 : 647.06"
"43,47 : 67.05"
"43,48 : 256.26"
"43,49 : 278.79"
"44,0 : 604.79"
"44,1 : 462.91"
"44,2 : 463.53"
"44,3 : 581.69"
"44,4 : 245.54"
"44,5 : 930.51"
"44,6 : 104.81"
"44,7 : 967.49"
"44,8 : 678.72"
"44,9 : 372.46"
"44,10 : 940.84"
"44,11 : 298.28"
"44,12 : 366.27"
"44,13 : 905.45"
"44,14 : 733.33"
"44,15 : 825.21"
"44,16 : 97.0"
"44,17 : 408.71"
"44,18 : 1039.3"
"44,19 : 299.79"
"44,20 : 269.98"
"44,21 : 484.17"
"44,22 : 727.96"
"44,23 : 486.03"
"44,24 : 253.86"
"44,25 : 372.88"
"44,26 : 863.26"
"44,27 : 827.9"
"44,28 : 443.94"
"44,29 : 830.22"
"44,30 : 924.66"
"44,31 : 808.2"
"44,32 : 438.55"
"44,33 : 1065.14"
"44,34 : 226.75"
"44,35 : 201.32"
"44,36 : 619.88"
"44,37 : 950.4"
"44,38 : 604.63"
"44,39 : 748.43"
"44,40 : 878.95"
"44,41 : 629.51"
"44,42 : 568.32"
"44,43 : 572.55"
"44,44 : 0.0"
"44,45 : 552.38"
"44,46 : 1102.74"
"44,47 : 601.68"
"44,48 : 521.1"
"44,49 : 738.55"
"45,0 : 816.31"
"45,1 : 177.53"
"45,2 : 397.85"
"45,3 : 856.29"
"45,4 : 567.88"
"45,5 : 481.63"
"45,6 : 467.07"
"45,7 : 416.92"
"45,8 : 272.43"
"45,9 : 303.85"
"45,10 : 631.02"
"45,11 : 288.0"
"45,12 : 237.69"
"45,13 : 569.98"
"45,14 : 461.08"
"45,15 : 705.43"
"45,16 : 532.62"
"45,17 : 143.68"
"45,18 : 756.48"
"45,19 : 619.47"
"45,20 : 287.76"
"45,21 : 177.79"
"45,22 : 736.36"
"45,23 : 421.86"
"45,24 : 499.54"
"45,25 : 596.93"
"45,26 : 322.3"
"45,27 : 276.54"
"45,28 : 139.31"
"45,29 : 423.93"
"45,30 : 572.22"
"45,31 : 763.04"
"45,32 : 682.84"
"45,33 : 888.65"
"45,34 : 387.24"
"45,35 : 504.31"
"45,36 : 642.48"
"45,37 : 398.1"
"45,38 : 496.73"
"45,39 : 328.32"
"45,40 : 662.84"
"45,41 : 885.01"
"45,42 : 395.18"
"45,43 : 216.91"
"45,44 : 552.38"
"45,45 : 0.0"
"45,46 : 850.94"
"45,47 : 283.64"
"45,48 : 443.61"
"45,49 : 493.96"
"46,0 : 753.11"
"46,1 : 1012.18"
"46,2 : 641.23"
"46,3 : 843.15"
"46,4 : 903.26"
"46,5 : 473.07"
"46,6 : 1002.93"
"46,7 : 820.05"
"46,8 : 579.6"
"46,9 : 1103.88"
"46,10 : 224.85"
"46,11 : 857.19"
"46,12 : 807.56"
"46,13 : 290.52"
"46,14 : 402.62"
"46,15 : 311.21"
"46,16 : 1157.63"
"46,17 : 892.02"
"46,18 : 101.12"
"46,19 : 889.65"
"46,20 : 916.0"
"46,21 : 730.68"
"46,22 : 482.34"
"46,23 : 617.1"
"46,24 : 1227.36"
"46,25 : 795.44"
"46,26 : 740.34"
"46,27 : 869.52"
"46,28 : 807.63"
"46,29 : 452.85"
"46,30 : 300.08"
"46,31 : 394.21"
"46,32 : 798.55"
"46,33 : 143.68"
"46,34 : 885.27"
"46,35 : 911.66"
"46,36 : 541.46"
"46,37 : 855.19"
"46,38 : 498.55"
"46,39 : 535.11"
"46,40 : 223.83"
"46,41 : 822.51"
"46,42 : 545.36"
"46,43 : 647.06"
"46,44 : 1102.74"
"46,45 : 850.94"
"46,46 : 0.0"
"46,47 : 583.1"
"46,48 : 581.68"
"46,49 : 381.24"
"47,0 : 617.53"
"47,1 : 430.97"
"47,2 : 208.63"
"47,3 : 678.86"
"47,4 : 493.86"
"47,5 : 333.0"
"47,6 : 497.21"
"47,7 : 492.86"
"47,8 : 97.13"
"47,9 : 521.83"
"47,10 : 375.59"
"47,11 : 310.3"
"47,12 : 246.97"
"47,13 : 324.4"
"47,14 : 182.21"
"47,15 : 423.37"
"47,16 : 627.95"
"47,17 : 309.47"
"47,18 : 495.38"
"47,19 : 521.14"
"47,20 : 359.57"
"47,21 : 149.2"
"47,22 : 476.35"
"47,23 : 215.6"
"47,24 : 663.98"
"47,25 : 458.85"
"47,26 : 370.53"
"47,27 : 430.22"
"47,28 : 225.3"
"47,29 : 228.69"
"47,30 : 336.87"
"47,31 : 488.88"
"47,32 : 526.13"
"47,33 : 607.79"
"47,34 : 377.2"
"47,35 : 459.26"
"47,36 : 399.47"
"47,37 : 500.25"
"47,38 : 236.02"
"47,39 : 155.54"
"47,40 : 382.38"
"47,41 : 695.24"
"47,42 : 138.76"
"47,43 : 67.05"
"47,44 : 601.68"
"47,45 : 283.64"
"47,46 : 583.1"
"47,47 : 0.0"
"47,48 : 216.49"
"47,49 : 211.88"
"48,0 : 401.12"
"48,1 : 539.24"
"48,2 : 65.51"
"48,3 : 463.38"
"48,4 : 339.48"
"48,5 : 506.29"
"48,6 : 421.65"
"48,7 : 709.25"
"48,8 : 310.34"
"48,9 : 585.71"
