x,y
499,217
395,575
695,450
812,656
715,670
906,9
711,832
703,857
831,727
552,980
834,898
90,990
528,825
30,218
845,934
810,314
244,441
845,192
223,742
905,23
828,3
239,916
844,27
851,371
218,434
341,374
186,523
539,16
290,401
453,40
469,841
986,506
314,33
504,456
93,89
531,279
929,751
559,156
968,890
267,944
225,675
666,177
906,172
477,796
798,416
143,163
145,566
244,728
322,718
202,606

Distanze
"0,0 : 0.0"
"0,1 : 372.8"
"0,2 : 304.47"
"0,3 : 539.16"
"0,4 : 501.86"
"0,5 : 457.07"
"0,6 : 650.51"
"0,7 : 671.73"
"0,8 : 608.54"
"0,9 : 764.84"
"0,10 : 758.94"
"0,11 : 874.53"
"0,12 : 608.69"
"0,13 : 469.0"
"0,14 : 796.12"
"0,15 : 325.78"
"0,16 : 339.41"
"0,17 : 346.9"
"0,18 : 593.13"
"0,19 : 449.97"
"0,20 : 392.48"
"0,21 : 745.79"
"0,22 : 393.86"
"0,23 : 384.21"
"0,24 : 355.04"
"0,25 : 222.74"
"0,26 : 437.73"
"0,27 : 204.94"
"0,28 : 278.45"
"0,29 : 182.88"
"0,30 : 624.72"
"0,31 : 566.29"
"0,32 : 260.92"
"0,33 : 239.05"
"0,34 : 425.7"
"0,35 : 69.77"
"0,36 : 685.61"
"0,37 : 85.56"
"0,38 : 820.3"
"0,39 : 763.12"
"0,40 : 533.7"
"0,41 : 171.72"
"0,42 : 409.48"
"0,43 : 579.42"
"0,44 : 359.17"
"0,45 : 360.07"
"0,46 : 497.11"
"0,47 : 571.09"
"0,48 : 531.35"
"0,49 : 489.42"
"1,0 : 372.8"
"1,1 : 0.0"
"1,2 : 325.0"
"1,3 : 424.79"
"1,4 : 333.8"
"1,5 : 762.55"
"1,6 : 407.31"
"1,7 : 417.6"
"1,8 : 461.74"
"1,9 : 434.37"
"1,10 : 545.02"
"1,11 : 515.02"
"1,12 : 283.18"
"1,13 : 510.56"
"1,14 : 575.66"
"1,15 : 490.25"
"1,16 : 201.88"
"1,17 : 590.92"
"1,18 : 239.74"
"1,19 : 751.53"
"1,20 : 717.41"
"1,21 : 374.99"
"1,22 : 708.45"
"1,23 : 499.55"
"1,24 : 226.3"
"1,25 : 208.13"
"1,26 : 215.37"
"1,27 : 577.25"
"1,28 : 203.23"
"1,29 : 538.13"
"1,30 : 276.1"
"1,31 : 595.01"
"1,32 : 548.02"
"1,33 : 161.38"
"1,34 : 572.19"
"1,35 : 325.75"
"1,36 : 562.26"
"1,37 : 449.95"
"1,38 : 653.88"
"1,39 : 390.57"
"1,40 : 197.23"
"1,41 : 481.5"
"1,42 : 650.79"
"1,43 : 235.72"
"1,44 : 433.23"
"1,45 : 482.96"
"1,46 : 250.16"
"1,47 : 214.97"
"1,48 : 160.56"
"1,49 : 195.47"
"2,0 : 304.47"
"2,1 : 325.0"
"2,2 : 0.0"
"2,3 : 236.91"
"2,4 : 220.91"
"2,5 : 488.88"
"2,6 : 382.33"
"2,7 : 407.08"
"2,8 : 308.59"
"2,9 : 548.95"
"2,10 : 469.07"
"2,11 : 810.94"
"2,12 : 410.5"
"2,13 : 704.31"
"2,14 : 506.71"
"2,15 : 178.1"
"2,16 : 451.09"
"2,17 : 298.44"
"2,18 : 555.02"
"2,19 : 475.85"
"2,20 : 466.37"
"2,21 : 651.99"
"2,22 : 448.48"
"2,23 : 174.86"
"2,24 : 477.27"
"2,25 : 362.07"
"2,26 : 514.21"
"2,27 : 461.19"
"2,28 : 407.95"
"2,29 : 476.09"
"2,30 : 451.62"
"2,31 : 296.34"
"2,32 : 564.85"
"2,33 : 191.09"
"2,34 : 701.94"
"2,35 : 236.93"
"2,36 : 381.26"
"2,37 : 323.93"
"2,38 : 517.81"
"2,39 : 653.62"
"2,40 : 521.08"
"2,41 : 274.54"
"2,42 : 349.01"
"2,43 : 408.95"
"2,44 : 108.47"
"2,45 : 622.15"
"2,46 : 562.1"
"2,47 : 529.8"
"2,48 : 459.3"
"2,49 : 517.09"
"3,0 : 539.16"
"3,1 : 424.79"
"3,2 : 236.91"
"3,3 : 0.0"
"3,4 : 98.01"
"3,5 : 653.79"
"3,6 : 202.92"
"3,7 : 228.65"
"3,8 : 73.5"
"3,9 : 415.42"
"3,10 : 243.0"
"3,11 : 795.51"
"3,12 : 330.48"
"3,13 : 896.31"
"3,14 : 279.95"
"3,15 : 342.01"
"3,16 : 607.33"
"3,17 : 465.17"
"3,18 : 595.25"
"3,19 : 639.8"
"3,20 : 653.2"
"3,21 : 629.23"
"3,22 : 629.81"
"3,23 : 287.66"
"3,24 : 634.13"
"3,25 : 548.97"
"3,26 : 639.97"
"3,27 : 695.79"
"3,28 : 580.96"
"3,29 : 712.98"
"3,30 : 389.71"
"3,31 : 229.73"
"3,32 : 797.58"
"3,33 : 367.24"
"3,34 : 915.67"
"3,35 : 470.2"
"3,36 : 150.71"
"3,37 : 560.37"
"3,38 : 281.23"
"3,39 : 616.42"
"3,40 : 587.31"
"3,41 : 500.76"
"3,42 : 493.04"
"3,43 : 363.08"
"3,44 : 240.41"
"3,45 : 831.03"
"3,46 : 673.04"
"3,47 : 572.55"
"3,48 : 493.91"
"3,49 : 612.05"
"4,0 : 501.86"
"4,1 : 333.8"
"4,2 : 220.91"
"4,3 : 98.01"
"4,4 : 0.0"
"4,5 : 688.04"
"4,6 : 162.05"
"4,7 : 187.38"
"4,8 : 129.25"
"4,9 : 350.24"
"4,10 : 257.19"
"4,11 : 702.16"
"4,12 : 242.89"
"4,13 : 820.69"
"4,14 : 294.27"
"4,15 : 368.46"
"4,16 : 523.72"
"4,17 : 495.36"
"4,18 : 497.24"
"4,19 : 674.32"
"4,20 : 676.5"
"4,21 : 535.81"
"4,22 : 655.81"
"4,23 : 328.48"
"4,24 : 550.19"
"4,25 : 476.96"
"4,26 : 549.04"
"4,27 : 677.27"
"4,28 : 502.98"
"4,29 : 682.31"
"4,30 : 299.59"
"4,31 : 316.76"
"4,32 : 752.71"
"4,33 : 300.53"
"4,34 : 851.14"
"4,35 : 432.13"
"4,36 : 228.82"
"4,37 : 537.15"
"4,38 : 335.27"
"4,39 : 525.15"
"4,40 : 490.03"
"4,41 : 495.43"
"4,42 : 533.37"
"4,43 : 269.3"
"4,44 : 267.22"
"4,45 : 764.35"
"4,46 : 579.41"
"4,47 : 474.56"
"4,48 : 395.92"
"4,49 : 516.98"
"5,0 : 457.07"
"5,1 : 762.55"
"5,2 : 488.88"
"5,3 : 653.79"
"5,4 : 688.04"
"5,5 : 0.0"
"5,6 : 845.79"
"5,7 : 871.96"
"5,8 : 721.91"
"5,9 : 1033.52"
"5,10 : 891.91"
"5,11 : 1276.02"
"5,12 : 899.3"
"5,13 : 900.59"
"5,14 : 927.01"
"5,15 : 319.75"
"5,16 : 790.49"
"5,17 : 192.9"
"5,18 : 1001.89"
"5,19 : 14.04"
"5,20 : 78.23"
"5,21 : 1125.85"
"5,22 : 64.56"
"5,23 : 366.15"
"5,24 : 808.68"
"5,25 : 672.64"
"5,26 : 884.64"
"5,27 : 367.07"
"5,28 : 730.15"
"5,29 : 454.06"
"5,30 : 939.78"
"5,31 : 503.4"
"5,32 : 592.49"
"5,33 : 601.18"
"5,34 : 816.93"
"5,35 : 462.09"
"5,36 : 742.36"
"5,37 : 376.85"
"5,38 : 883.18"
"5,39 : 1132.5"
"5,40 : 952.53"
"5,41 : 292.96"
"5,42 : 163.0"
"5,43 : 896.33"
"5,44 : 421.09"
"5,45 : 778.39"
"5,46 : 943.06"
"5,47 : 977.35"
"5,48 : 918.55"
"5,49 : 923.05"
"6,0 : 650.51"
"6,1 : 407.31"
"6,2 : 382.33"
"6,3 : 202.92"
"6,4 : 162.05"
"6,5 : 845.79"
"6,6 : 0.0"
"6,7 : 26.25"
"6,8 : 159.45"
"6,9 : 217.22"
"6,10 : 139.59"
"6,11 : 640.78"
"6,12 : 183.13"
"6,13 : 916.93"
"6,14 : 168.4"
"6,15 : 527.38"
"6,16 : 609.07"
"6,17 : 653.88"
"6,18 : 496.23"
"6,19 : 831.94"
"6,20 : 837.22"
"6,21 : 479.42"
"6,22 : 815.91"
"6,23 : 481.79"
"6,24 : 633.6"
"6,25 : 588.78"
"6,26 : 609.18"
"6,27 : 833.93"
"6,28 : 602.5"
"6,29 : 832.96"
"6,30 : 242.17"
"6,31 : 426.5"
"6,32 : 892.19"
"6,33 : 429.21"
"6,34 : 966.42"
"6,35 : 581.56"
"6,36 : 232.56"
"6,37 : 692.88"
"6,38 : 263.46"
"6,39 : 457.91"
"6,40 : 510.73"
"6,41 : 656.54"
"6,42 : 688.2"
"6,43 : 236.75"
"6,44 : 425.0"
"6,45 : 877.6"
"6,46 : 625.39"
"6,47 : 478.44"
"6,48 : 405.36"
"6,49 : 556.92"
"7,0 : 671.73"
"7,1 : 417.6"
"7,2 : 407.08"
"7,3 : 228.65"
"7,4 : 187.38"
"7,5 : 871.96"
"7,6 : 26.25"
"7,7 : 0.0"
"7,8 : 182.44"
"7,9 : 194.76"
"7,10 : 137.27"
"7,11 : 627.26"
"7,12 : 177.9"
"7,13 : 928.04"
"7,14 : 161.53"
"7,15 : 553.44"
"7,16 : 619.47"
"7,17 : 679.99"
"7,18 : 493.58"
"7,19 : 858.11"
"7,20 : 863.1"
"7,21 : 467.74"
"7,22 : 841.89"
"7,23 : 508.04"
"7,24 : 643.55"
"7,25 : 603.6"
"7,26 : 615.5"
"7,27 : 856.84"
"7,28 : 615.23"
"7,29 : 854.39"
"7,30 : 234.55"
"7,31 : 450.88"
"7,32 : 911.21"
"7,33 : 447.66"
"7,34 : 980.78"
"7,35 : 603.05"
"7,36 : 249.62"
"7,37 : 715.64"
"7,38 : 267.05"
"7,39 : 444.6"
"7,40 : 511.48"
"7,41 : 681.01"
"7,42 : 714.45"
"7,43 : 234.09"
"7,44 : 451.12"
"7,45 : 891.76"
"7,46 : 629.32"
"7,47 : 476.78"
"7,48 : 405.56"
"7,49 : 560.36"
"8,0 : 608.54"
"8,1 : 461.74"
"8,2 : 308.59"
"8,3 : 73.5"
"8,4 : 129.25"
"8,5 : 721.91"
"8,6 : 159.45"
"8,7 : 182.44"
"8,8 : 0.0"
"8,9 : 376.63"
"8,10 : 171.03"
"8,11 : 786.29"
"8,12 : 318.45"
"8,13 : 949.04"
"8,14 : 207.47"
"8,15 : 413.53"
"8,16 : 652.97"
"8,17 : 535.18"
"8,18 : 608.19"
"8,19 : 707.88"
"8,20 : 724.01"
"8,21 : 621.44"
"8,22 : 700.12"
"8,23 : 356.56"
"8,24 : 679.42"
"8,25 : 603.91"
"8,26 : 676.49"
"8,27 : 768.63"
"8,28 : 631.63"
"8,29 : 784.13"
"8,30 : 379.53"
"8,31 : 269.94"
"8,32 : 865.4"
"8,33 : 424.7"
"8,34 : 975.54"
"8,35 : 539.17"
"8,36 : 100.9"
"8,37 : 632.48"
"8,38 : 212.93"
"8,39 : 604.31"
"8,40 : 608.23"
"8,41 : 574.22"
"8,42 : 560.04"
"8,43 : 360.66"
"8,44 : 312.75"
"8,45 : 889.63"
"8,46 : 704.64"
"8,47 : 587.0"
"8,48 : 509.08"
"8,49 : 640.53"
"9,0 : 764.84"
"9,1 : 434.37"
"9,2 : 548.95"
"9,3 : 415.42"
"9,4 : 350.24"
"9,5 : 1033.52"
"9,6 : 217.22"
"9,7 : 194.76"
"9,8 : 376.63"
"9,9 : 0.0"
"9,10 : 293.68"
"9,11 : 462.11"
"9,12 : 156.85"
"9,13 : 923.65"
"9,14 : 296.59"
"9,15 : 714.23"
"9,16 : 620.79"
"9,17 : 840.71"
"9,18 : 406.06"
"9,19 : 1020.03"
"9,20 : 1015.24"
"9,21 : 319.48"
"9,22 : 996.73"
"9,23 : 678.44"
"9,24 : 640.06"
"9,25 : 641.68"
"9,26 : 585.5"
"9,27 : 964.09"
"9,28 : 635.52"
"9,29 : 945.2"
"9,30 : 161.9"
"9,31 : 642.68"
"9,32 : 976.45"
"9,33 : 526.19"
"9,34 : 1002.28"
"9,35 : 701.31"
"9,36 : 441.1"
"9,37 : 824.03"
"9,38 : 425.62"
"9,39 : 287.26"
"9,40 : 447.16"
"9,41 : 811.05"
"9,42 : 882.15"
"9,43 : 198.7"
"9,44 : 615.31"
"9,45 : 913.66"
"9,46 : 580.56"
"9,47 : 397.95"
"9,48 : 348.63"
"9,49 : 512.23"
"10,0 : 758.94"
"10,1 : 545.02"
"10,2 : 469.07"
"10,3 : 243.0"
"10,4 : 257.19"
"10,5 : 891.91"
"10,6 : 139.59"
"10,7 : 137.27"
"10,8 : 171.03"
"10,9 : 293.68"
"10,10 : 0.0"
"10,11 : 749.67"
"10,12 : 314.59"
"10,13 : 1053.0"
"10,14 : 37.64"
"10,15 : 584.49"
"10,16 : 746.29"
"10,17 : 706.09"
"10,18 : 630.6"
"10,19 : 877.88"
"10,20 : 895.02"
"10,21 : 595.27"
"10,22 : 871.06"
"10,23 : 527.27"
"10,24 : 771.2"
"10,25 : 719.46"
"10,26 : 748.68"
"10,27 : 930.03"
"10,28 : 736.85"
"10,29 : 938.79"
"10,30 : 369.42"
"10,31 : 420.44"
"10,32 : 1009.27"
"10,33 : 551.6"
"10,34 : 1097.07"
"10,35 : 689.18"
"10,36 : 175.03"
"10,37 : 791.32"
"10,38 : 134.24"
"10,39 : 568.86"
"10,40 : 648.54"
"10,41 : 740.31"
"10,42 : 729.56"
"10,43 : 371.29"
"10,44 : 483.34"
"10,45 : 1008.81"
"10,46 : 764.82"
"10,47 : 614.0"
"10,48 : 542.72"
"10,49 : 696.2"
"11,0 : 874.53"
"11,1 : 515.02"
"11,2 : 810.94"
"11,3 : 795.51"
"11,4 : 702.16"
"11,5 : 1276.02"
"11,6 : 640.78"
"11,7 : 627.26"
"11,8 : 786.29"
"11,9 : 462.11"
"11,10 : 749.67"
"11,11 : 0.0"
"11,12 : 468.05"
"11,13 : 774.33"
"11,14 : 757.07"
"11,15 : 987.61"
"11,16 : 570.19"
"11,17 : 1098.56"
"11,18 : 281.41"
"11,19 : 1264.64"
"11,20 : 1232.4"
"11,21 : 166.36"
"11,22 : 1223.06"
"11,23 : 980.96"
"11,24 : 570.54"
"11,25 : 665.17"
"11,26 : 476.77"
"11,27 : 1072.51"
"11,28 : 622.03"
"11,29 : 1016.99"
"11,30 : 407.24"
"11,31 : 1018.37"
"11,32 : 982.87"
"11,33 : 675.69"
"11,34 : 901.0"
"11,35 : 836.66"
"11,36 : 872.38"
"11,37 : 956.83"
"11,38 : 883.68"
"11,39 : 182.88"
"11,40 : 342.71"
"11,41 : 996.37"
"11,42 : 1155.41"
"11,43 : 432.9"
"11,44 : 911.45"
"11,45 : 828.7"
"11,46 : 427.55"
"11,47 : 303.91"
"11,48 : 357.5"
"11,49 : 400.0"
"12,0 : 608.69"
"12,1 : 283.18"
"12,2 : 410.5"
"12,3 : 330.48"
"12,4 : 242.89"
"12,5 : 899.3"
"12,6 : 183.13"
"12,7 : 177.9"
"12,8 : 318.45"
"12,9 : 156.85"
"12,10 : 314.59"
"12,11 : 468.05"
"12,12 : 0.0"
"12,13 : 785.15"
"12,14 : 335.22"
"12,15 : 583.65"
"12,16 : 477.61"
"12,17 : 707.94"
"12,18 : 316.09"
"12,19 : 886.19"
"12,20 : 875.03"
"12,21 : 302.99"
"12,22 : 858.29"
"12,23 : 557.18"
"12,24 : 498.98"
"12,25 : 488.23"
"12,26 : 456.25"
"12,27 : 809.07"
"12,28 : 486.23"
"12,29 : 788.57"
"12,30 : 61.13"
"12,31 : 558.14"
"12,32 : 820.4"
"12,33 : 369.78"
"12,34 : 854.94"
"12,35 : 546.01"
"12,36 : 407.77"
"12,37 : 669.72"
"12,38 : 444.78"
"12,39 : 286.85"
"12,40 : 338.1"
"12,41 : 662.53"
"12,42 : 754.52"
"12,43 : 58.67"
"12,44 : 490.08"
"12,45 : 765.81"
"12,46 : 462.35"
"12,47 : 300.11"
"12,48 : 232.13"
"12,49 : 392.73"
"13,0 : 469.0"
"13,1 : 510.56"
"13,2 : 704.31"
"13,3 : 896.31"
"13,4 : 820.69"
"13,5 : 900.59"
"13,6 : 916.93"
"13,7 : 928.04"
"13,8 : 949.04"
"13,9 : 923.65"
"13,10 : 1053.0"
"13,11 : 774.33"
"13,12 : 785.15"
"13,13 : 0.0"
"13,14 : 1084.84"
"13,15 : 785.89"
"13,16 : 309.07"
"13,17 : 815.41"
"13,18 : 558.41"
"13,19 : 896.47"
"13,20 : 826.46"
"13,21 : 728.62"
"13,22 : 836.11"
"13,23 : 835.13"
"13,24 : 286.36"
"13,25 : 347.93"
"13,26 : 342.58"
"13,27 : 547.62"
"13,28 : 317.94"
"13,29 : 458.93"
"13,30 : 762.14"
"13,31 : 998.44"
"13,32 : 338.94"
"13,33 : 530.4"
"13,34 : 143.56"
"13,35 : 504.7"
"13,36 : 1045.13"
"13,37 : 532.62"
"13,38 : 1153.88"
"13,39 : 763.7"
"13,40 : 496.86"
"13,41 : 637.32"
"13,42 : 877.21"
"13,43 : 730.68"
"13,44 : 793.11"
"13,45 : 125.67"
"13,46 : 366.51"
"13,47 : 553.08"
"13,48 : 579.02"
"13,49 : 424.41"
"14,0 : 796.12"
"14,1 : 575.66"
"14,2 : 506.71"
"14,3 : 279.95"
"14,4 : 294.27"
"14,5 : 927.01"
"14,6 : 168.4"
"14,7 : 161.53"
"14,8 : 207.47"
"14,9 : 296.59"
"14,10 : 37.64"
"14,11 : 757.07"
"14,12 : 335.22"
"14,13 : 1084.84"
"14,14 : 0.0"
"14,15 : 620.99"
"14,16 : 777.34"
"14,17 : 742.0"
"14,18 : 650.96"
"14,19 : 912.97"
"14,20 : 931.16"
"14,21 : 606.27"
"14,22 : 907.0"
"14,23 : 563.03"
"14,24 : 801.95"
"14,25 : 753.4"
"14,26 : 776.66"
"14,27 : 967.66"
"14,28 : 769.49"
"14,29 : 976.17"
"14,30 : 387.33"
"14,31 : 450.63"
"14,32 : 1045.83"
"14,33 : 587.17"
"14,34 : 1131.16"
"14,35 : 726.38"
"14,36 : 201.36"
"14,37 : 828.9"
"14,38 : 130.63"
"14,39 : 578.09"
"14,40 : 671.92"
"14,41 : 777.88"
"14,42 : 764.44"
"14,43 : 393.02"
"14,44 : 520.13"
"14,45 : 1042.71"
"14,46 : 790.84"
"14,47 : 635.32"
"14,48 : 565.85"
"14,49 : 721.83"
"15,0 : 325.78"
"15,1 : 490.25"
"15,2 : 178.1"
"15,3 : 342.01"
"15,4 : 368.46"
"15,5 : 319.75"
"15,6 : 527.38"
"15,7 : 553.44"
"15,8 : 413.53"
"15,9 : 714.23"
"15,10 : 584.49"
"15,11 : 987.61"
"15,12 : 583.65"
"15,13 : 785.89"
"15,14 : 620.99"
"15,15 : 0.0"
"15,16 : 580.07"
"15,17 : 126.92"
"15,18 : 726.47"
"15,19 : 306.11"
"15,20 : 311.52"
"15,21 : 829.73"
"15,22 : 289.01"
"15,23 : 70.21"
"15,24 : 604.04"
"15,25 : 472.82"
"15,26 : 658.07"
"15,27 : 402.8"
"15,28 : 527.23"
"15,29 : 450.03"
"15,30 : 627.7"
"15,31 : 260.46"
"15,32 : 570.07"
"15,33 : 337.34"
"15,34 : 751.47"
"15,35 : 281.19"
"15,36 : 452.91"
"15,37 : 296.59"
"15,38 : 597.28"
"15,39 : 831.71"
"15,40 : 687.42"
"15,41 : 198.76"
"15,42 : 171.41"
"15,43 : 585.84"
"15,44 : 102.7"
"15,45 : 683.88"
"15,46 : 711.15"
"15,47 : 701.25"
"15,48 : 633.53"
"15,49 : 674.48"
"16,0 : 339.41"
"16,1 : 201.88"
"16,2 : 451.09"
"16,3 : 607.33"
"16,4 : 523.72"
"16,5 : 790.49"
"16,6 : 609.07"
"16,7 : 619.47"
"16,8 : 652.97"
"16,9 : 620.79"
"16,10 : 746.29"
"16,11 : 570.19"
"16,12 : 477.61"
"16,13 : 309.07"
"16,14 : 777.34"
"16,15 : 580.07"
"16,16 : 0.0"
"16,17 : 650.54"
"16,18 : 301.73"
"16,19 : 782.08"
"16,20 : 730.0"
"16,21 : 475.03"
"16,22 : 728.97"
"16,23 : 611.02"
"16,24 : 26.93"
"16,25 : 117.89"
"16,26 : 100.44"
"16,27 : 517.35"
"16,28 : 60.96"
"16,29 : 452.2"
"16,30 : 458.94"
"16,31 : 744.84"
"16,32 : 413.96"
"16,33 : 260.43"
"16,34 : 383.02"
"16,35 : 329.56"
"16,36 : 751.88"
"16,37 : 424.79"
"16,38 : 851.93"
"16,39 : 503.53"
"16,40 : 234.77"
"16,41 : 497.78"
"16,42 : 714.57"
"16,43 : 424.63"
"16,44 : 554.56"
"16,45 : 295.78"
"16,46 : 159.46"
"16,47 : 287.0"
"16,48 : 287.77"
"16,49 : 170.26"
"17,0 : 346.9"
"17,1 : 590.92"
"17,2 : 298.44"
"17,3 : 465.17"
"17,4 : 495.36"
"17,5 : 192.9"
"17,6 : 653.88"
"17,7 : 679.99"
"17,8 : 535.18"
"17,9 : 840.71"
"17,10 : 706.09"
"17,11 : 1098.56"
"17,12 : 707.94"
"17,13 : 815.41"
"17,14 : 742.0"
"17,15 : 126.92"
"17,16 : 650.54"
"17,17 : 0.0"
"17,18 : 830.29"
"17,19 : 179.33"
"17,20 : 189.76"
"17,21 : 944.15"
"17,22 : 165.0"
"17,23 : 179.1"
"17,24 : 672.08"
"17,25 : 535.85"
"17,26 : 737.46"
"17,27 : 353.0"
"17,28 : 593.05"
"17,29 : 420.44"
"17,30 : 750.05"
"17,31 : 344.2"
"17,32 : 554.29"
"17,33 : 431.25"
"17,34 : 759.02"
"17,35 : 325.83"
"17,36 : 565.28"
"17,37 : 288.26"
"17,38 : 708.75"
"17,39 : 948.47"
"17,40 : 785.93"
"17,41 : 179.63"
"17,42 : 64.2"
"17,43 : 707.28"
"17,44 : 228.88"
"17,45 : 702.6"
"17,46 : 793.65"
"17,47 : 805.29"
"17,48 : 741.76"
"17,49 : 764.75"
"18,0 : 593.13"
"18,1 : 239.74"
"18,2 : 555.02"
"18,3 : 595.25"
"18,4 : 497.24"
"18,5 : 1001.89"
"18,6 : 496.23"
"18,7 : 493.58"
"18,8 : 608.19"
"18,9 : 406.06"
"18,10 : 630.6"
"18,11 : 281.41"
"18,12 : 316.09"
"18,13 : 558.41"
"18,14 : 650.96"
"18,15 : 726.47"
"18,16 : 301.73"
"18,17 : 830.29"
"18,18 : 0.0"
"18,19 : 991.0"
"18,20 : 955.06"
"18,21 : 174.73"
"18,22 : 947.03"
"18,23 : 729.4"
"18,24 : 308.04"
"18,25 : 386.46"
"18,26 : 222.1"
"18,27 : 791.79"
"18,28 : 347.52"
"18,29 : 738.72"
"18,30 : 265.17"
"18,31 : 798.66"
"18,32 : 714.82"
"18,33 : 400.95"
"18,34 : 665.81"
"18,35 : 556.09"
"18,36 : 706.06"
"18,37 : 675.49"
"18,38 : 759.56"
"18,39 : 206.74"
"18,40 : 67.03"
"18,41 : 717.97"
"18,42 : 889.6"
"18,43 : 259.68"
"18,44 : 660.98"
"18,45 : 584.5"
"18,46 : 192.51"
"18,47 : 25.24"
"18,48 : 101.87"
"18,49 : 137.61"
"19,0 : 449.97"
"19,1 : 751.53"
"19,2 : 475.85"
"19,3 : 639.8"
"19,4 : 674.32"
"19,5 : 14.04"
"19,6 : 831.94"
"19,7 : 858.11"
"19,8 : 707.88"
"19,9 : 1020.03"
"19,10 : 877.88"
"19,11 : 1264.64"
"19,12 : 886.19"
"19,13 : 896.47"
"19,14 : 912.97"
"19,15 : 306.11"
"19,16 : 782.08"
"19,17 : 179.33"
"19,18 : 991.0"
"19,19 : 0.0"
"19,20 : 79.56"
"19,21 : 1114.0"
"19,22 : 61.13"
"19,23 : 352.16"
"19,24 : 800.56"
"19,25 : 664.3"
"19,26 : 875.76"
"19,27 : 366.07"
"19,28 : 721.88"
"19,29 : 452.32"
"19,30 : 926.94"
"19,31 : 489.74"
"19,32 : 591.08"
"19,33 : 590.16"
"19,34 : 814.68"
"19,35 : 453.22"
"19,36 : 728.4"
"19,37 : 370.68"
"19,38 : 869.29"
"19,39 : 1120.4"
"19,40 : 942.07"
"19,41 : 284.32"
"19,42 : 149.0"
"19,43 : 883.58"
"19,44 : 407.31"
"19,45 : 774.75"
"19,46 : 934.05"
"19,47 : 966.41"
"19,48 : 907.15"
"19,49 : 913.29"
"20,0 : 392.48"
"20,1 : 717.41"
"20,2 : 466.37"
"20,3 : 653.2"
"20,4 : 676.5"
"20,5 : 78.23"
"20,6 : 837.22"
"20,7 : 863.1"
"20,8 : 724.01"
"20,9 : 1015.24"
"20,10 : 895.02"
"20,11 : 1232.4"
"20,12 : 875.03"
"20,13 : 826.46"
"20,14 : 931.16"
"20,15 : 311.52"
"20,16 : 730.0"
"20,17 : 189.76"
"20,18 : 955.06"
"20,19 : 79.56"
"20,20 : 0.0"
"20,21 : 1086.5"
"20,22 : 28.84"
"20,23 : 368.72"
"20,24 : 746.9"
"20,25 : 612.22"
"20,26 : 826.17"
"20,27 : 289.29"
"20,28 : 669.21"
"20,29 : 376.82"
"20,30 : 911.66"
"20,31 : 527.23"
"20,32 : 514.87"
"20,33 : 556.94"
"20,34 : 740.01"
"20,35 : 405.44"
"20,36 : 754.79"
"20,37 : 309.47"
"20,38 : 897.98"
"20,39 : 1095.54"
"20,40 : 902.88"
"20,41 : 237.74"
"20,42 : 186.13"
"20,43 : 867.21"
"20,44 : 414.09"
"20,45 : 703.44"
"20,46 : 885.13"
"20,47 : 930.96"
"20,48 : 875.93"
"20,49 : 869.19"
"21,0 : 745.79"
"21,1 : 374.99"
"21,2 : 651.99"
"21,3 : 629.23"
"21,4 : 535.81"
"21,5 : 1125.85"
"21,6 : 479.42"
"21,7 : 467.74"
"21,8 : 621.44"
"21,9 : 319.48"
"21,10 : 595.27"
"21,11 : 166.36"
"21,12 : 302.99"
"21,13 : 728.62"
"21,14 : 606.27"
"21,15 : 829.73"
"21,16 : 475.03"
"21,17 : 944.15"
"21,18 : 174.73"
"21,19 : 1114.0"
"21,20 : 1086.5"
"21,21 : 0.0"
"21,22 : 1075.34"
"21,23 : 819.49"
"21,24 : 482.46"
"21,25 : 551.51"
"21,26 : 396.56"
"21,27 : 948.68"
"21,28 : 517.52"
"21,29 : 901.76"
"21,30 : 241.92"
"21,31 : 852.12"
"21,32 : 886.18"
"21,33 : 530.87"
"21,34 : 839.79"
"21,35 : 700.74"
"21,36 : 709.45"
"21,37 : 824.62"
"21,38 : 729.46"
"21,39 : 39.6"
"21,40 : 241.41"
"21,41 : 853.49"
"21,42 : 999.21"
"21,43 : 266.54"
"21,44 : 749.99"
"21,45 : 759.09"
"21,46 : 362.4"
"21,47 : 188.07"
"21,48 : 214.69"
"21,49 : 312.2"
"22,0 : 393.86"
"22,1 : 708.45"
"22,2 : 448.48"
"22,3 : 629.81"
"22,4 : 655.81"
"22,5 : 64.56"
"22,6 : 815.91"
"22,7 : 841.89"
"22,8 : 700.12"
"22,9 : 996.73"
"22,10 : 871.06"
"22,11 : 1223.06"
"22,12 : 858.29"
"22,13 : 836.11"
"22,14 : 907.0"
"22,15 : 289.01"
"22,16 : 728.97"
"22,17 : 165.0"
"22,18 : 947.03"
"22,19 : 61.13"
"22,20 : 28.84"
"22,21 : 1075.34"
"22,22 : 0.0"
"22,23 : 344.07"
"22,24 : 746.68"
"22,25 : 611.08"
"22,26 : 824.0"
"22,27 : 305.2"
"22,28 : 668.43"
"22,29 : 391.22"
"22,30 : 896.23"
"22,31 : 499.6"
"22,32 : 530.03"
"22,33 : 547.39"
"22,34 : 753.55"
"22,35 : 401.84"
"22,36 : 728.97"
"22,37 : 312.84"
"22,38 : 871.86"
"22,39 : 1083.43"
"22,40 : 896.14"
"22,41 : 232.77"
"22,42 : 157.7"
"22,43 : 852.09"
"22,44 : 391.71"
"22,45 : 714.07"
"22,46 : 882.68"
"22,47 : 922.71"
"22,48 : 866.01"
"22,49 : 864.53"
"23,0 : 384.21"
"23,1 : 499.55"
"23,2 : 174.86"
"23,3 : 287.66"
"23,4 : 328.48"
"23,5 : 366.15"
"23,6 : 481.79"
"23,7 : 508.04"
"23,8 : 356.56"
"23,9 : 678.44"
"23,10 : 527.27"
"23,11 : 980.96"
"23,12 : 557.18"
"23,13 : 835.13"
"23,14 : 563.03"
"23,15 : 70.21"
"23,16 : 611.02"
"23,17 : 179.1"
"23,18 : 729.4"
"23,19 : 352.16"
"23,20 : 368.72"
"23,21 : 819.49"
"23,22 : 344.07"
"23,23 : 0.0"
"23,24 : 636.13"
"23,25 : 510.01"
"23,26 : 682.15"
"23,27 : 472.62"
"23,28 : 561.8"
"23,29 : 517.65"
"23,30 : 605.66"
"23,31 : 190.92"
"23,32 : 634.52"
"23,33 : 357.26"
"23,34 : 808.76"
"23,35 : 332.96"
"23,36 : 387.92"
"23,37 : 362.61"
"23,38 : 532.02"
"23,39 : 818.16"
"23,40 : 695.91"
"23,41 : 268.07"
"23,42 : 206.46"
"23,43 : 566.13"
"23,44 : 69.53"
"23,45 : 737.92"
"23,46 : 732.43"
"23,47 : 704.2"
"23,48 : 632.65"
"23,49 : 690.24"
"24,0 : 355.04"
"24,1 : 226.3"
"24,2 : 477.27"
"24,3 : 634.13"
"24,4 : 550.19"
"24,5 : 808.68"
"24,6 : 633.6"
"24,7 : 643.55"
"24,8 : 679.42"
"24,9 : 640.06"
"24,10 : 771.2"
"24,11 : 570.54"
"24,12 : 498.98"
"24,13 : 286.36"
"24,14 : 801.95"
"24,15 : 604.04"
"24,16 : 26.93"
"24,17 : 672.08"
"24,18 : 308.04"
"24,19 : 800.56"
"24,20 : 746.9"
"24,21 : 482.46"
"24,22 : 746.68"
"24,23 : 636.13"
"24,24 : 0.0"
"24,25 : 136.85"
"24,26 : 94.58"
"24,27 : 527.03"
"24,28 : 79.2"
"24,29 : 458.76"
"24,30 : 478.17"
"24,31 : 771.37"
"24,32 : 412.33"
"24,33 : 286.84"
"24,34 : 366.95"
"24,35 : 349.28"
"24,36 : 778.47"
"24,37 : 439.96"
"24,38 : 877.74"
"24,39 : 512.35"
"24,40 : 241.1"
"24,41 : 516.48"
"24,42 : 736.2"
"24,43 : 445.11"
"24,44 : 580.28"
"24,45 : 281.19"
"24,46 : 150.84"
"24,47 : 295.15"
"24,48 : 302.44"
"24,49 : 172.74"
"25,0 : 222.74"
"25,1 : 208.13"
"25,2 : 362.07"
"25,3 : 548.97"
"25,4 : 476.96"
"25,5 : 672.64"
"25,6 : 588.78"
"25,7 : 603.6"
"25,8 : 603.91"
"25,9 : 641.68"
"25,10 : 719.46"
"25,11 : 665.17"
"25,12 : 488.23"
"25,13 : 347.93"
"25,14 : 753.4"
"25,15 : 472.82"
"25,16 : 117.89"
"25,17 : 535.85"
"25,18 : 386.46"
"25,19 : 664.3"
"25,20 : 612.22"
"25,21 : 551.51"
"25,22 : 611.08"
"25,23 : 510.01"
"25,24 : 136.85"
"25,25 : 0.0"
"25,26 : 215.0"
"25,27 : 409.11"
"25,28 : 57.71"
"25,29 : 352.28"
"25,30 : 484.22"
"25,31 : 658.37"
"25,32 : 342.07"
"25,33 : 182.46"
"25,34 : 377.79"
"25,35 : 212.43"
"25,36 : 698.48"
"25,37 : 308.3"
"25,38 : 812.03"
"25,39 : 574.78"
"25,40 : 322.58"
"25,41 : 380.04"
"25,42 : 600.02"
"25,43 : 443.37"
"25,44 : 458.93"
"25,45 : 289.35"
"25,46 : 274.37"
"25,47 : 367.05"
"25,48 : 344.52"
"25,49 : 270.45"
"26,0 : 437.73"
"26,1 : 215.37"
"26,2 : 514.21"
"26,3 : 639.97"
"26,4 : 549.04"
"26,5 : 884.64"
"26,6 : 609.18"
"26,7 : 615.5"
"26,8 : 676.49"
"26,9 : 585.5"
"26,10 : 748.68"
"26,11 : 476.77"
"26,12 : 456.25"
"26,13 : 342.58"
"26,14 : 776.66"
"26,15 : 658.07"
"26,16 : 100.44"
"26,17 : 737.46"
"26,18 : 222.1"
"26,19 : 875.76"
"26,20 : 826.17"
"26,21 : 396.56"
"26,22 : 824.0"
"26,23 : 682.15"
"26,24 : 94.58"
"26,25 : 215.0"
"26,26 : 0.0"
"26,27 : 617.78"
"26,28 : 160.31"
"26,29 : 551.89"
"26,30 : 425.69"
"26,31 : 800.18"
"26,32 : 506.44"
"26,33 : 324.98"
"26,34 : 443.85"
"26,35 : 422.56"
"26,36 : 777.2"
"26,37 : 523.28"
"26,38 : 863.84"
"26,39 : 428.72"
"26,40 : 156.92"
"26,41 : 591.71"
"26,42 : 801.0"
"26,43 : 399.01"
"26,44 : 621.28"
"26,45 : 362.56"
"26,46 : 59.41"
"26,47 : 213.05"
"26,48 : 237.74"
"26,49 : 84.53"
"27,0 : 204.94"
"27,1 : 577.25"
"27,2 : 461.19"
"27,3 : 695.79"
"27,4 : 677.27"
"27,5 : 367.07"
"27,6 : 833.93"
"27,7 : 856.84"
"27,8 : 768.63"
"27,9 : 964.09"
"27,10 : 930.03"
"27,11 : 1072.51"
"27,12 : 809.07"
"27,13 : 547.62"
"27,14 : 967.66"
"27,15 : 402.8"
"27,16 : 517.35"
"27,17 : 353.0"
"27,18 : 791.79"
"27,19 : 366.07"
"27,20 : 289.29"
"27,21 : 948.68"
"27,22 : 305.2"
"27,23 : 472.62"
"27,24 : 527.03"
"27,25 : 409.11"
"27,26 : 617.78"
"27,27 : 0.0"
"27,28 : 458.5"
"27,29 : 89.29"
"27,30 : 827.96"
"27,31 : 663.26"
"27,32 : 225.64"
"27,33 : 441.39"
"27,34 : 451.93"
"27,35 : 263.12"
"27,36 : 832.06"
"27,37 : 141.42"
"27,38 : 973.61"
"27,39 : 967.04"
"27,40 : 729.98"
"27,41 : 205.06"
"27,42 : 398.78"
"27,43 : 782.46"
"27,44 : 476.53"
"27,45 : 422.4"
"27,46 : 676.56"
"27,47 : 770.69"
"27,48 : 734.77"
"27,49 : 679.46"
"28,0 : 278.45"
"28,1 : 203.23"
"28,2 : 407.95"
"28,3 : 580.96"
"28,4 : 502.98"
"28,5 : 730.15"
"28,6 : 602.5"
"28,7 : 615.23"
"28,8 : 631.63"
"28,9 : 635.52"
"28,10 : 736.85"
"28,11 : 622.03"
"28,12 : 486.23"
"28,13 : 317.94"
"28,14 : 769.49"
"28,15 : 527.23"
"28,16 : 60.96"
"28,17 : 593.05"
"28,18 : 347.52"
"28,19 : 721.88"
"28,20 : 669.21"
"28,21 : 517.52"
"28,22 : 668.43"
"28,23 : 561.8"
"28,24 : 79.2"
"28,25 : 57.71"
"28,26 : 160.31"
"28,27 : 458.5"
"28,28 : 0.0"
"28,29 : 396.09"
"28,30 : 475.02"
"28,31 : 703.88"
"28,32 : 368.78"
"28,33 : 220.95"
"28,34 : 368.99"
"28,35 : 270.12"
"28,36 : 728.57"
"28,37 : 363.85"
"28,38 : 835.95"
"28,39 : 543.49"
"28,40 : 281.6"
"28,41 : 437.67"
"28,42 : 657.19"
"28,43 : 437.03"
"28,44 : 508.22"
"28,45 : 279.74"
"28,46 : 219.66"
"28,47 : 330.22"
"28,48 : 318.61"
"28,49 : 223.09"
"29,0 : 182.88"
"29,1 : 538.13"
"29,2 : 476.09"
"29,3 : 712.98"
"29,4 : 682.31"
"29,5 : 454.06"
"29,6 : 832.96"
"29,7 : 854.39"
"29,8 : 784.13"
"29,9 : 945.2"
"29,10 : 938.79"
"29,11 : 1016.99"
"29,12 : 788.57"
"29,13 : 458.93"
"29,14 : 976.17"
"29,15 : 450.03"
"29,16 : 452.2"
"29,17 : 420.44"
"29,18 : 738.72"
"29,19 : 452.32"
"29,20 : 376.82"
"29,21 : 901.76"
"29,22 : 391.22"
"29,23 : 517.65"
"29,24 : 458.76"
"29,25 : 352.28"
"29,26 : 551.89"
"29,27 : 89.29"
"29,28 : 396.09"
"29,29 : 0.0"
"29,30 : 801.16"
"29,31 : 707.99"
"29,32 : 139.18"
"29,33 : 419.11"
"29,34 : 363.32"
"29,35 : 251.41"
"29,36 : 855.63"
"29,37 : 157.14"
"29,38 : 993.84"
"29,39 : 922.94"
"29,40 : 674.69"
"29,41 : 253.25"
"29,42 : 471.84"
"29,43 : 756.38"
"29,44 : 510.3"
"29,45 : 333.51"
"29,46 : 609.54"
"29,47 : 719.04"
"29,48 : 690.54"
"29,49 : 619.16"
"30,0 : 624.72"
"30,1 : 276.1"
"30,2 : 451.62"
"30,3 : 389.71"
"30,4 : 299.59"
"30,5 : 939.78"
"30,6 : 242.17"
"30,7 : 234.55"
"30,8 : 379.53"
"30,9 : 161.9"
"30,10 : 369.42"
"30,11 : 407.24"
"30,12 : 61.13"
"30,13 : 762.14"
"30,14 : 387.33"
"30,15 : 627.7"
"30,16 : 458.94"
"30,17 : 750.05"
"30,18 : 265.17"
"30,19 : 926.94"
"30,20 : 911.66"
"30,21 : 241.92"
"30,22 : 896.23"
"30,23 : 605.66"
"30,24 : 478.17"
"30,25 : 484.22"
"30,26 : 425.69"
"30,27 : 827.96"
"30,28 : 475.02"
"30,29 : 801.16"
"30,30 : 0.0"
"30,31 : 616.05"
"30,32 : 822.73"
"30,33 : 386.59"
"30,34 : 840.76"
"30,35 : 565.41"
"30,36 : 468.72"
"30,37 : 690.89"
"30,38 : 501.4"
"30,39 : 226.74"
"30,40 : 295.11"
"30,41 : 692.61"
"30,42 : 799.08"
"30,43 : 45.71"
"30,44 : 537.46"
"30,45 : 752.3"
"30,46 : 424.97"
"30,47 : 251.78"
"30,48 : 191.67"
"30,49 : 355.69"
"31,0 : 566.29"
"31,1 : 595.01"
"31,2 : 296.34"
"31,3 : 229.73"
"31,4 : 316.76"
"31,5 : 503.4"
"31,6 : 426.5"
"31,7 : 450.88"
"31,8 : 269.94"
"31,9 : 642.68"
"31,10 : 420.44"
"31,11 : 1018.37"
"31,12 : 558.14"
"31,13 : 998.44"
"31,14 : 450.63"
"31,15 : 260.46"
"31,16 : 744.84"
"31,17 : 344.2"
"31,18 : 798.66"
"31,19 : 489.74"
"31,20 : 527.23"
"31,21 : 852.12"
"31,22 : 499.6"
"31,23 : 190.92"
"31,24 : 771.37"
"31,25 : 658.37"
"31,26 : 800.18"
"31,27 : 663.26"
"31,28 : 703.88"
"31,29 : 707.99"
"31,30 : 616.05"
"31,31 : 0.0"
"31,32 : 821.77"
"31,33 : 484.59"
"31,34 : 985.56"
"31,35 : 508.48"
"31,36 : 251.54"
"31,37 : 552.11"
"31,38 : 384.42"
"31,39 : 841.91"
"31,40 : 779.54"
"31,41 : 458.96"
"31,42 : 343.45"
"31,43 : 585.82"
"31,44 : 208.43"
"31,45 : 910.11"
"31,46 : 843.14"
"31,47 : 774.5"
"31,48 : 697.02"
"31,49 : 790.35"
"32,0 : 260.92"
"32,1 : 548.02"
"32,2 : 564.85"
"32,3 : 797.58"
"32,4 : 752.71"
"32,5 : 592.49"
"32,6 : 892.19"
"32,7 : 911.21"
"32,8 : 865.4"
"32,9 : 976.45"
"32,10 : 1009.27"
"32,11 : 982.87"
"32,12 : 820.4"
"32,13 : 338.94"
"32,14 : 1045.83"
"32,15 : 570.07"
"32,16 : 413.96"
"32,17 : 554.29"
"32,18 : 714.82"
"32,19 : 591.08"
"32,20 : 514.87"
"32,21 : 886.18"
"32,22 : 530.03"
"32,23 : 634.52"
"32,24 : 412.33"
"32,25 : 342.07"
"32,26 : 506.44"
"32,27 : 225.64"
"32,28 : 368.78"
"32,29 : 139.18"
"32,30 : 822.73"
"32,31 : 821.77"
"32,32 : 0.0"
"32,33 : 463.71"
"32,34 : 227.98"
"32,35 : 328.03"
"32,36 : 945.38"
"32,37 : 274.14"
"32,38 : 1078.04"
"32,39 : 912.21"
"32,40 : 648.14"
"32,41 : 380.32"
"32,42 : 608.1"
"32,43 : 780.22"
"32,44 : 617.21"
"32,45 : 214.8"
"32,46 : 559.15"
"32,47 : 698.52"
"32,48 : 685.05"
"32,49 : 583.84"
"33,0 : 239.05"
"33,1 : 161.38"
"33,2 : 191.09"
"33,3 : 367.24"
"33,4 : 300.53"
"33,5 : 601.18"
"33,6 : 429.21"
"33,7 : 447.66"
"33,8 : 424.7"
"33,9 : 526.19"
"33,10 : 551.6"
"33,11 : 675.69"
"33,12 : 369.78"
"33,13 : 530.4"
"33,14 : 587.17"
"33,15 : 337.34"
"33,16 : 260.43"
"33,17 : 431.25"
"33,18 : 400.95"
"33,19 : 590.16"
"33,20 : 556.94"
"33,21 : 530.87"
"33,22 : 547.39"
"33,23 : 357.26"
"33,24 : 286.84"
"33,25 : 182.46"
"33,26 : 324.98"
"33,27 : 441.39"
"33,28 : 220.95"
"33,29 : 419.11"
"33,30 : 386.59"
"33,31 : 484.59"
"33,32 : 463.71"
"33,33 : 0.0"
"33,34 : 551.01"
"33,35 : 179.05"
"33,36 : 517.35"
"33,37 : 305.0"
"33,38 : 635.34"
"33,39 : 542.51"
"33,40 : 354.69"
"33,41 : 322.62"
"33,42 : 492.2"
"33,43 : 341.07"
"33,44 : 296.71"
"33,45 : 464.94"
"33,46 : 375.47"
"33,47 : 376.28"
"33,48 : 319.01"
"33,49 : 337.2"
"34,0 : 425.7"
"34,1 : 572.19"
"34,2 : 701.94"
"34,3 : 915.67"
"34,4 : 851.14"
"34,5 : 816.93"
"34,6 : 966.42"
"34,7 : 980.78"
"34,8 : 975.54"
"34,9 : 1002.28"
"34,10 : 1097.07"
"34,11 : 901.0"
"34,12 : 854.94"
"34,13 : 143.56"
"34,14 : 1131.16"
"34,15 : 751.47"
"34,16 : 383.02"
"34,17 : 759.02"
"34,18 : 665.81"
"34,19 : 814.68"
"34,20 : 740.01"
"34,21 : 839.79"
"34,22 : 753.55"
"34,23 : 808.76"
"34,24 : 366.95"
"34,25 : 377.79"
"34,26 : 443.85"
"34,27 : 451.93"
"34,28 : 368.99"
"34,29 : 363.32"
"34,30 : 840.76"
"34,31 : 985.56"
"34,32 : 227.98"
"34,33 : 551.01"
"34,34 : 0.0"
"34,35 : 477.43"
"34,36 : 1066.37"
"34,37 : 470.79"
"34,38 : 1186.27"
"34,39 : 872.53"
"34,40 : 600.68"
"34,41 : 579.72"
"34,42 : 817.23"
"34,43 : 804.55"
"34,44 : 777.14"
"34,45 : 89.31"
"34,46 : 479.83"
"34,47 : 656.6"
"34,48 : 669.39"
"34,49 : 528.37"
"35,0 : 69.77"
"35,1 : 325.75"
"35,2 : 236.93"
"35,3 : 470.2"
"35,4 : 432.13"
"35,5 : 462.09"
"35,6 : 581.56"
"35,7 : 603.05"
"35,8 : 539.17"
"35,9 : 701.31"
"35,10 : 689.18"
"35,11 : 836.66"
"35,12 : 546.01"
"35,13 : 504.7"
"35,14 : 726.38"
"35,15 : 281.19"
"35,16 : 329.56"
"35,17 : 325.83"
"35,18 : 556.09"
"35,19 : 453.22"
"35,20 : 405.44"
"35,21 : 700.74"
"35,22 : 401.84"
"35,23 : 332.96"
"35,24 : 349.28"
"35,25 : 212.43"
"35,26 : 422.56"
"35,27 : 263.12"
"35,28 : 270.12"
"35,29 : 251.41"
"35,30 : 565.41"
"35,31 : 508.48"
"35,32 : 328.03"
"35,33 : 179.05"
"35,34 : 477.43"
"35,35 : 0.0"
"35,36 : 617.4"
"35,37 : 126.15"
"35,38 : 751.19"
"35,39 : 715.49"
"35,40 : 500.45"
"35,41 : 169.2"
"35,42 : 389.97"
"35,43 : 519.81"
"35,44 : 300.1"
"35,45 : 404.97"
"35,46 : 481.0"
"35,47 : 532.89"
"35,48 : 486.21"
"35,49 : 463.86"
"36,0 : 685.61"
"36,1 : 562.26"
"36,2 : 381.26"
"36,3 : 150.71"
"36,4 : 228.82"
"36,5 : 742.36"
"36,6 : 232.56"
"36,7 : 249.62"
"36,8 : 100.9"
"36,9 : 441.1"
"36,10 : 175.03"
"36,11 : 872.38"
"36,12 : 407.77"
"36,13 : 1045.13"
"36,14 : 201.36"
"36,15 : 452.91"
"36,16 : 751.88"
"36,17 : 565.28"
"36,18 : 706.06"
"36,19 : 728.4"
"36,20 : 754.79"
"36,21 : 709.45"
"36,22 : 728.97"
"36,23 : 387.92"
"36,24 : 778.47"
"36,25 : 698.48"
"36,26 : 777.2"
"36,27 : 832.06"
"36,28 : 728.57"
"36,29 : 855.63"
"36,30 : 468.72"
"36,31 : 251.54"
"36,32 : 945.38"
"36,33 : 517.35"
"36,34 : 1066.37"
"36,35 : 617.4"
"36,36 : 0.0"
"36,37 : 700.66"
"36,38 : 144.37"
"36,39 : 689.56"
"36,40 : 708.09"
"36,41 : 631.38"
"36,42 : 579.46"
"36,43 : 454.23"
"36,44 : 359.7"
"36,45 : 981.6"
"36,46 : 805.53"
"36,47 : 685.39"
"36,48 : 607.9"
"36,49 : 741.32"
"37,0 : 85.56"
"37,1 : 449.95"
"37,2 : 323.93"
"37,3 : 560.37"
"37,4 : 537.15"
"37,5 : 376.85"
"37,6 : 692.88"
"37,7 : 715.64"
"37,8 : 632.48"
"37,9 : 824.03"
"37,10 : 791.32"
"37,11 : 956.83"
"37,12 : 669.72"
"37,13 : 532.62"
"37,14 : 828.9"
"37,15 : 296.59"
"37,16 : 424.79"
"37,17 : 288.26"
"37,18 : 675.49"
"37,19 : 370.68"
"37,20 : 309.47"
"37,21 : 824.62"
"37,22 : 312.84"
"37,23 : 362.61"
"37,24 : 439.96"
"37,25 : 308.3"
"37,26 : 523.28"
"37,27 : 141.42"
"37,28 : 363.85"
"37,29 : 157.14"
"37,30 : 690.89"
"37,31 : 552.11"
"37,32 : 274.14"
"37,33 : 305.0"
"37,34 : 470.79"
"37,35 : 126.15"
"37,36 : 700.66"
"37,37 : 0.0"
"37,38 : 840.26"
"37,39 : 840.36"
"37,40 : 617.18"
"37,41 : 109.04"
"37,42 : 347.37"
"37,43 : 645.23"
"37,44 : 353.16"
"37,45 : 416.06"
"37,46 : 582.66"
"37,47 : 653.0"
"37,48 : 609.93"
"37,49 : 574.41"
"38,0 : 820.3"
"38,1 : 653.88"
"38,2 : 517.81"
"38,3 : 281.23"
"38,4 : 335.27"
"38,5 : 883.18"
"38,6 : 263.46"
"38,7 : 267.05"
"38,8 : 212.93"
"38,9 : 425.62"
"38,10 : 134.24"
"38,11 : 883.68"
"38,12 : 444.78"
"38,13 : 1153.88"
"38,14 : 130.63"
"38,15 : 597.28"
"38,16 : 851.93"
"38,17 : 708.75"
"38,18 : 759.56"
"38,19 : 869.29"
"38,20 : 897.98"
"38,21 : 729.46"
"38,22 : 871.86"
"38,23 : 532.02"
"38,24 : 877.74"
"38,25 : 812.03"
"38,26 : 863.84"
"38,27 : 973.61"
"38,28 : 835.95"
"38,29 : 993.84"
"38,30 : 501.4"
"38,31 : 384.42"
"38,32 : 1078.04"
"38,33 : 635.34"
"38,34 : 1186.27"
"38,35 : 751.19"
"38,36 : 144.37"
"38,37 : 840.26"
"38,38 : 0.0"
"38,39 : 703.08"
"38,40 : 773.48"
"38,41 : 774.32"
"38,42 : 720.67"
"38,43 : 499.92"
"38,44 : 503.56"
"38,45 : 1099.62"
"38,46 : 884.48"
"38,47 : 741.9"
"38,48 : 668.51"
"38,49 : 816.95"
"39,0 : 763.12"
"39,1 : 390.57"
"39,2 : 653.62"
"39,3 : 616.42"
"39,4 : 525.15"
"39,5 : 1132.5"
"39,6 : 457.91"
"39,7 : 444.6"
"39,8 : 604.31"
"39,9 : 287.26"
"39,10 : 568.86"
"39,11 : 182.88"
"39,12 : 286.85"
"39,13 : 763.7"
"39,14 : 578.09"
"39,15 : 831.71"
"39,16 : 503.53"
"39,17 : 948.47"
"39,18 : 206.74"
"39,19 : 1120.4"
"39,20 : 1095.54"
"39,21 : 39.6"
"39,22 : 1083.43"
"39,23 : 818.16"
"39,24 : 512.35"
"39,25 : 574.78"
"39,26 : 428.72"
"39,27 : 967.04"
"39,28 : 543.49"
"39,29 : 922.94"
"39,30 : 226.74"
"39,31 : 841.91"
"39,32 : 912.21"
"39,33 : 542.51"
"39,34 : 872.53"
"39,35 : 715.49"
"39,36 : 689.56"
"39,37 : 840.36"
"39,38 : 703.08"
"39,39 : 0.0"
"39,40 : 272.26"
"39,41 : 864.58"
"39,42 : 1002.15"
"39,43 : 256.91"
"39,44 : 748.83"
"39,45 : 790.78"
"39,46 : 397.2"
"39,47 : 217.22"
"39,48 : 232.6"
"39,49 : 344.19"
"40,0 : 533.7"
"40,1 : 197.23"
"40,2 : 521.08"
"40,3 : 587.31"
"40,4 : 490.03"
"40,5 : 952.53"
"40,6 : 510.73"
"40,7 : 511.48"
"40,8 : 608.23"
"40,9 : 447.16"
"40,10 : 648.54"
"40,11 : 342.71"
"40,12 : 338.1"
"40,13 : 496.86"
"40,14 : 671.92"
"40,15 : 687.42"
"40,16 : 234.77"
"40,17 : 785.93"
"40,18 : 67.03"
"40,19 : 942.07"
"40,20 : 902.88"
"40,21 : 241.41"
"40,22 : 896.14"
"40,23 : 695.91"
"40,24 : 241.1"
"40,25 : 322.58"
"40,26 : 156.92"
"40,27 : 729.98"
"40,28 : 281.6"
"40,29 : 674.69"
"40,30 : 295.11"
"40,31 : 779.54"
"40,32 : 648.14"
"40,33 : 354.69"
"40,34 : 600.68"
"40,35 : 500.45"
"40,36 : 708.09"
"40,37 : 617.18"
"40,38 : 773.48"
"40,39 : 272.26"
"40,40 : 0.0"
"40,41 : 665.2"
"40,42 : 846.62"
"40,43 : 279.54"
"40,44 : 628.82"
"40,45 : 518.52"
"40,46 : 135.21"
"40,47 : 56.3"
"40,48 : 106.1"
"40,49 : 72.73"
"41,0 : 171.72"
"41,1 : 481.5"
"41,2 : 274.54"
"41,3 : 500.76"
"41,4 : 495.43"
"41,5 : 292.96"
"41,6 : 656.54"
"41,7 : 681.01"
"41,8 : 574.22"
"41,9 : 811.05"
"41,10 : 740.31"
"41,11 : 996.37"
"41,12 : 662.53"
"41,13 : 637.32"
"41,14 : 777.88"
"41,15 : 198.76"
"41,16 : 497.78"
"41,17 : 179.63"
"41,18 : 717.97"
"41,19 : 284.32"
"41,20 : 237.74"
"41,21 : 853.49"
"41,22 : 232.77"
"41,23 : 268.07"
"41,24 : 516.48"
"41,25 : 380.04"
"41,26 : 591.71"
"41,27 : 205.06"
"41,28 : 437.67"
"41,29 : 253.25"
"41,30 : 692.61"
"41,31 : 458.96"
"41,32 : 380.32"
"41,33 : 322.62"
"41,34 : 579.72"
"41,35 : 169.2"
"41,36 : 631.38"
"41,37 : 109.04"
"41,38 : 774.32"
"41,39 : 864.58"
"41,40 : 665.2"
"41,41 : 0.0"
"41,42 : 240.05"
"41,43 : 647.21"
"41,44 : 273.03"
"41,45 : 523.19"
"41,46 : 650.2"
"41,47 : 694.04"
"41,48 : 641.11"
"41,49 : 631.93"
"42,0 : 409.48"
"42,1 : 650.79"
"42,2 : 349.01"
"42,3 : 493.04"
"42,4 : 533.37"
"42,5 : 163.0"
"42,6 : 688.2"
"42,7 : 714.45"
"42,8 : 560.04"
"42,9 : 882.15"
"42,10 : 729.56"
"42,11 : 1155.41"
"42,12 : 754.52"
"42,13 : 877.21"
"42,14 : 764.44"
"42,15 : 171.41"
"42,16 : 714.57"
"42,17 : 64.2"
"42,18 : 889.6"
"42,19 : 149.0"
"42,20 : 186.13"
"42,21 : 999.21"
"42,22 : 157.7"
"42,23 : 206.46"
"42,24 : 736.2"
"42,25 : 600.02"
"42,26 : 801.0"
"42,27 : 398.78"
"42,28 : 657.19"
"42,29 : 471.84"
"42,30 : 799.08"
"42,31 : 343.45"
"42,32 : 608.1"
"42,33 : 492.2"
"42,34 : 817.23"
"42,35 : 389.97"
"42,36 : 579.46"
"42,37 : 347.37"
"42,38 : 720.67"
"42,39 : 1002.15"
"42,40 : 846.62"
"42,41 : 240.05"
"42,42 : 0.0"
"42,43 : 757.24"
"42,44 : 266.83"
"42,45 : 763.05"
"42,46 : 856.95"
"42,47 : 864.51"
"42,48 : 799.48"
"42,49 : 827.03"
"43,0 : 579.42"
"43,1 : 235.72"
"43,2 : 408.95"
"43,3 : 363.08"
"43,4 : 269.3"
"43,5 : 896.33"
"43,6 : 236.75"
"43,7 : 234.09"
"43,8 : 360.66"
"43,9 : 198.7"
"43,10 : 371.29"
"43,11 : 432.9"
"43,12 : 58.67"
"43,13 : 730.68"
"43,14 : 393.02"
"43,15 : 585.84"
"43,16 : 424.63"
"43,17 : 707.28"
"43,18 : 259.68"
"43,19 : 883.58"
"43,20 : 867.21"
"43,21 : 266.54"
"43,22 : 852.09"
"43,23 : 566.13"
"43,24 : 445.11"
"43,25 : 443.37"
"43,26 : 399.01"
"43,27 : 782.46"
"43,28 : 437.03"
"43,29 : 756.38"
"43,30 : 45.71"
"43,31 : 585.82"
"43,32 : 780.22"
"43,33 : 341.07"
"43,34 : 804.55"
"43,35 : 519.81"
"43,36 : 454.23"
"43,37 : 645.23"
"43,38 : 499.92"
"43,39 : 256.91"
"43,40 : 279.54"
"43,41 : 647.21"
"43,42 : 757.24"
"43,43 : 0.0"
"43,44 : 497.43"
"43,45 : 715.71"
"43,46 : 403.89"
"43,47 : 242.72"
"43,48 : 173.52"
"43,49 : 334.25"
"44,0 : 359.17"
"44,1 : 433.23"
"44,2 : 108.47"
"44,3 : 240.41"
"44,4 : 267.22"
"44,5 : 421.09"
"44,6 : 425.0"
"44,7 : 451.12"
"44,8 : 312.75"
"44,9 : 615.31"
"44,10 : 483.34"
"44,11 : 911.45"
"44,12 : 490.08"
"44,13 : 793.11"
"44,14 : 520.13"
"44,15 : 102.7"
"44,16 : 554.56"
"44,17 : 228.88"
"44,18 : 660.98"
"44,19 : 407.31"
"44,20 : 414.09"
"44,21 : 749.99"
"44,22 : 391.71"
"44,23 : 69.53"
"44,24 : 580.28"
"44,25 : 458.93"
"44,26 : 621.28"
"44,27 : 476.53"
"44,28 : 508.22"
"44,29 : 510.3"
"44,30 : 537.46"
"44,31 : 208.43"
"44,32 : 617.21"
"44,33 : 296.71"
"44,34 : 777.14"
"44,35 : 300.1"
"44,36 : 359.7"
"44,37 : 353.16"
"44,38 : 503.56"
"44,39 : 748.83"
"44,40 : 628.82"
"44,41 : 273.03"
"44,42 : 266.83"
"44,43 : 497.43"
"44,44 : 0.0"
"44,45 : 702.16"
"44,46 : 670.01"
"44,47 : 635.81"
"44,48 : 563.72"
"44,49 : 625.55"
"45,0 : 360.07"
"45,1 : 482.96"
"45,2 : 622.15"
"45,3 : 831.03"
"45,4 : 764.35"
"45,5 : 778.39"
"45,6 : 877.6"
"45,7 : 891.76"
"45,8 : 889.63"
"45,9 : 913.66"
"45,10 : 1008.81"
"45,11 : 828.7"
"45,12 : 765.81"
"45,13 : 125.67"
"45,14 : 1042.71"
"45,15 : 683.88"
"45,16 : 295.78"
"45,17 : 702.6"
"45,18 : 584.5"
"45,19 : 774.75"
"45,20 : 703.44"
"45,21 : 759.09"
"45,22 : 714.07"
"45,23 : 737.92"
"45,24 : 281.19"
"45,25 : 289.35"
"45,26 : 362.56"
"45,27 : 422.4"
"45,28 : 279.74"
"45,29 : 333.51"
"45,30 : 752.3"
"45,31 : 910.11"
"45,32 : 214.8"
"45,33 : 464.94"
"45,34 : 89.31"
"45,35 : 404.97"
"45,36 : 981.6"
"45,37 : 416.06"
"45,38 : 1099.62"
"45,39 : 790.78"
"45,40 : 518.52"
"45,41 : 523.19"
"45,42 : 763.05"
"45,43 : 715.71"
"45,44 : 702.16"
"45,45 : 0.0"
"45,46 : 403.0"
"45,47 : 573.96"
"45,48 : 583.15"
"45,49 : 446.91"
"46,0 : 497.11"
"46,1 : 250.16"
"46,2 : 562.1"
"46,3 : 673.04"
"46,4 : 579.41"
"46,5 : 943.06"
"46,6 : 625.39"
"46,7 : 629.32"
"46,8 : 704.64"
"46,9 : 580.56"
"46,10 : 764.82"
"46,11 : 427.55"
"46,12 : 462.35"
"46,13 : 366.51"
"46,14 : 790.84"
"46,15 : 711.15"
"46,16 : 159.46"
"46,17 : 793.65"
"46,18 : 192.51"
"46,19 : 934.05"
"46,20 : 885.13"
"46,21 : 362.4"
"46,22 : 882.68"
"46,23 : 732.43"
"46,24 : 150.84"
"46,25 : 274.37"
"46,26 : 59.41"
"46,27 : 676.56"
"46,28 : 219.66"
"46,29 : 609.54"
"46,30 : 424.97"
"46,31 : 843.14"
"46,32 : 559.15"
"46,33 : 375.47"
"46,34 : 479.83"
"46,35 : 481.0"
"46,36 : 805.53"
"46,37 : 582.66"
"46,38 : 884.48"
"46,39 : 397.2"
"46,40 : 135.21"
"46,41 : 650.2"
"46,42 : 856.95"
"46,43 : 403.89"
"46,44 : 670.01"
"46,45 : 403.0"
"46,46 : 0.0"
"46,47 : 189.86"
"46,48 : 233.31"
"46,49 : 69.63"
"47,0 : 571.09"
"47,1 : 214.97"
"47,2 : 529.8"
"47,3 : 572.55"
"47,4 : 474.56"
"47,5 : 977.35"
"47,6 : 478.44"
"47,7 : 476.78"
"47,8 : 587.0"
"47,9 : 397.95"
"47,10 : 614.0"
"47,11 : 303.91"
"47,12 : 300.11"
"47,13 : 553.08"
"47,14 : 635.32"
"47,15 : 701.25"
"47,16 : 287.0"
"47,17 : 805.29"
"47,18 : 25.24"
"47,19 : 966.41"
"47,20 : 930.96"
"47,21 : 188.07"
"47,22 : 922.71"
"47,23 : 704.2"
"47,24 : 295.15"
"47,25 : 367.05"
"47,26 : 213.05"
"47,27 : 770.69"
"47,28 : 330.22"
"47,29 : 719.04"
"47,30 : 251.78"
"47,31 : 774.5"
"47,32 : 698.52"
"47,33 : 376.28"
"47,34 : 656.6"
"47,35 : 532.89"
"47,36 : 685.39"
"47,37 : 653.0"
"47,38 : 741.9"
"47,39 : 217.22"
"47,40 : 56.3"
"47,41 : 694.04"
"47,42 : 864.51"
"47,43 : 242.72"
"47,44 : 635.81"
"47,45 : 573.96"
"47,46 : 189.86"
"47,47 : 0.0"
"47,48 : 78.64"
"47,49 : 129.03"
"48,0 : 531.35"
"48,1 : 160.56"
"48,2 : 459.3"
"48,3 : 493.91"
"48,4 : 395.92"
"48,5 : 918.55"
"48,6 : 405.36"
"48,7 : 405.56"
"48,8 : 509.08"
"48,9 : 348.63"
"48,10 : 542.72"
