x,y
320,964
83,78
939,941
753,938
334,243
638,268
532,535
115,987
368,56
826,392
191,977
882,284
657,895
814,776
317,347
822,837
534,830
575,112
984,220
314,362
874,839
968,877
284,104
686,289
556,418
986,867
76,734
999,243
275,157
712,597
168,540
7,235
976,162
684,743
194,430
209,903
211,422
32,172
428,37
257,416
509,956
710,457
460,22
708,708
175,179
516,482
587,740
394,248
634,398
218,829

Distanze
"0,0 : 0.0"
"0,1 : 917.15"
"0,2 : 619.43"
"0,3 : 433.78"
"0,4 : 721.14"
"0,5 : 765.21"
"0,6 : 478.52"
"0,7 : 206.29"
"0,8 : 909.27"
"0,9 : 763.69"
"0,10 : 129.65"
"0,11 : 882.18"
"0,12 : 343.99"
"0,13 : 528.56"
"0,14 : 617.01"
"0,15 : 517.82"
"0,16 : 252.49"
"0,17 : 889.34"
"0,18 : 997.21"
"0,19 : 602.03"
"0,20 : 567.93"
"0,21 : 653.81"
"0,22 : 860.75"
"0,23 : 767.84"
"0,24 : 594.82"
"0,25 : 673.03"
"0,26 : 335.31"
"0,27 : 990.39"
"0,28 : 808.25"
"0,29 : 536.99"
"0,30 : 450.42"
"0,31 : 793.35"
"0,32 : 1036.12"
"0,33 : 425.84"
"0,34 : 548.66"
"0,35 : 126.66"
"0,36 : 552.85"
"0,37 : 842.74"
"0,38 : 933.27"
"0,39 : 551.61"
"0,40 : 189.17"
"0,41 : 639.65"
"0,42 : 952.35"
"0,43 : 464.84"
"0,44 : 798.28"
"0,45 : 520.33"
"0,46 : 348.52"
"0,47 : 719.81"
"0,48 : 647.27"
"0,49 : 169.2"
"1,0 : 917.15"
"1,1 : 0.0"
"1,2 : 1215.53"
"1,3 : 1090.18"
"1,4 : 300.38"
"1,5 : 586.62"
"1,6 : 640.66"
"1,7 : 909.56"
"1,8 : 285.85"
"1,9 : 806.63"
"1,10 : 905.46"
"1,11 : 825.13"
"1,12 : 998.48"
"1,13 : 1010.72"
"1,14 : 356.53"
"1,15 : 1059.34"
"1,16 : 876.87"
"1,17 : 493.17"
"1,18 : 912.12"
"1,19 : 366.08"
"1,20 : 1097.63"
"1,21 : 1192.32"
"1,22 : 202.67"
"1,23 : 638.85"
"1,24 : 582.52"
"1,25 : 1199.14"
"1,26 : 656.04"
"1,27 : 930.74"
"1,28 : 207.62"
"1,29 : 815.48"
"1,30 : 469.75"
"1,31 : 174.43"
"1,32 : 896.94"
"1,33 : 896.34"
"1,34 : 369.09"
"1,35 : 834.57"
"1,36 : 367.04"
"1,37 : 106.94"
"1,38 : 347.43"
"1,39 : 380.16"
"1,40 : 975.89"
"1,41 : 732.65"
"1,42 : 381.14"
"1,43 : 887.43"
"1,44 : 136.62"
"1,45 : 592.2"
"1,46 : 832.02"
"1,47 : 354.43"
"1,48 : 637.18"
"1,49 : 763.04"
"2,0 : 619.43"
"2,1 : 1215.53"
"2,2 : 0.0"
"2,3 : 186.02"
"2,4 : 923.7"
"2,5 : 737.24"
"2,6 : 574.88"
"2,7 : 825.28"
"2,8 : 1053.22"
"2,9 : 560.51"
"2,10 : 748.87"
"2,11 : 659.47"
"2,12 : 285.73"
"2,13 : 207.0"
"2,14 : 860.07"
"2,15 : 156.54"
"2,16 : 419.94"
"2,17 : 905.39"
"2,18 : 722.4"
"2,19 : 851.98"
"2,20 : 120.95"
"2,21 : 70.26"
"2,22 : 1062.82"
"2,23 : 699.37"
"2,24 : 648.24"
"2,25 : 87.66"
"2,26 : 887.48"
"2,27 : 700.57"
"2,28 : 1027.4"
"2,29 : 412.15"
"2,30 : 869.05"
"2,31 : 1169.21"
"2,32 : 779.88"
"2,33 : 322.85"
"2,34 : 903.41"
"2,35 : 730.99"
"2,36 : 894.06"
"2,37 : 1189.12"
"2,38 : 1038.43"
"2,39 : 860.67"
"2,40 : 430.26"
"2,41 : 535.44"
"2,42 : 1036.34"
"2,43 : 328.1"
"2,44 : 1079.05"
"2,45 : 624.19"
"2,46 : 405.35"
"2,47 : 881.63"
"2,48 : 622.8"
"2,49 : 729.65"
"3,0 : 433.78"
"3,1 : 1090.18"
"3,2 : 186.02"
"3,3 : 0.0"
"3,4 : 811.53"
"3,5 : 679.8"
"3,6 : 459.62"
"3,7 : 639.88"
"3,8 : 962.37"
"3,9 : 550.86"
"3,10 : 563.35"
"3,11 : 666.6"
"3,12 : 105.19"
"3,13 : 173.1"
"3,14 : 734.42"
"3,15 : 122.32"
"3,16 : 244.18"
"3,17 : 844.96"
"3,18 : 754.24"
"3,19 : 724.22"
"3,20 : 156.34"
"3,21 : 223.49"
"3,22 : 956.83"
"3,23 : 652.45"
"3,24 : 556.07"
"3,25 : 243.58"
"3,26 : 707.07"
"3,27 : 737.25"
"3,28 : 915.67"
"3,29 : 343.46"
"3,30 : 707.55"
"3,31 : 1025.05"
"3,32 : 807.41"
"3,33 : 206.85"
"3,34 : 755.34"
"3,35 : 545.12"
"3,36 : 748.34"
"3,37 : 1051.95"
"3,38 : 957.82"
"3,39 : 720.07"
"3,40 : 244.66"
"3,41 : 482.92"
"3,42 : 961.72"
"3,43 : 234.36"
"3,44 : 954.03"
"3,45 : 513.91"
"3,46 : 258.38"
"3,47 : 777.81"
"3,48 : 552.96"
"3,49 : 545.99"
"4,0 : 721.14"
"4,1 : 300.38"
"4,2 : 923.7"
"4,3 : 811.53"
"4,4 : 0.0"
"4,5 : 305.03"
"4,6 : 352.8"
"4,7 : 775.56"
"4,8 : 190.07"
"4,9 : 514.07"
"4,10 : 747.8"
"4,11 : 549.53"
"4,12 : 727.62"
"4,13 : 717.28"
"4,14 : 105.38"
"4,15 : 768.75"
"4,16 : 620.14"
"4,17 : 274.3"
"4,18 : 650.41"
"4,19 : 120.67"
"4,20 : 804.25"
"4,21 : 896.61"
"4,22 : 147.72"
"4,23 : 354.99"
"4,24 : 282.68"
"4,25 : 902.49"
"4,26 : 554.66"
"4,27 : 665.0"
"4,28 : 104.29"
"4,29 : 517.88"
"4,30 : 340.24"
"4,31 : 327.1"
"4,32 : 647.09"
"4,33 : 610.33"
"4,34 : 233.6"
"4,35 : 671.73"
"4,36 : 217.19"
"4,37 : 310.23"
"4,38 : 226.43"
"4,39 : 189.36"
"4,40 : 734.16"
"4,41 : 432.63"
"4,42 : 254.4"
"4,43 : 596.74"
"4,44 : 171.4"
"4,45 : 300.41"
"4,46 : 557.69"
"4,47 : 60.21"
"4,48 : 337.68"
"4,49 : 597.37"
"5,0 : 765.21"
"5,1 : 586.62"
"5,2 : 737.24"
"5,3 : 679.8"
"5,4 : 305.03"
"5,5 : 0.0"
"5,6 : 287.27"
"5,7 : 889.1"
"5,8 : 343.28"
"5,9 : 225.21"
"5,10 : 838.15"
"5,11 : 244.52"
"5,12 : 627.29"
"5,13 : 537.62"
"5,14 : 330.58"
"5,15 : 598.01"
"5,16 : 571.54"
"5,17 : 168.24"
"5,18 : 349.31"
"5,19 : 337.36"
"5,20 : 617.85"
"5,21 : 692.66"
"5,22 : 390.14"
"5,23 : 52.39"
"5,24 : 170.95"
"5,25 : 692.75"
"5,26 : 730.07"
"5,27 : 361.86"
"5,28 : 379.59"
"5,29 : 337.22"
"5,30 : 543.03"
"5,31 : 631.86"
"5,32 : 354.23"
"5,33 : 477.22"
"5,34 : 472.63"
"5,35 : 766.33"
"5,36 : 453.92"
"5,37 : 613.56"
"5,38 : 312.19"
"5,39 : 408.74"
"5,40 : 699.99"
"5,41 : 202.25"
"5,42 : 303.64"
"5,43 : 445.53"
"5,44 : 471.48"
"5,45 : 246.33"
"5,46 : 474.75"
"5,47 : 244.82"
"5,48 : 130.06"
"5,49 : 700.8"
"6,0 : 478.52"
"6,1 : 640.66"
"6,2 : 574.88"
"6,3 : 459.62"
"6,4 : 352.8"
"6,5 : 287.27"
"6,6 : 0.0"
"6,7 : 614.97"
"6,8 : 506.3"
"6,9 : 326.93"
"6,10 : 558.25"
"6,11 : 430.7"
"6,12 : 381.08"
"6,13 : 370.95"
"6,14 : 285.6"
"6,15 : 418.69"
"6,16 : 295.01"
"6,17 : 425.18"
"6,18 : 550.93"
"6,19 : 278.3"
"6,20 : 457.58"
"6,21 : 554.13"
"6,22 : 497.26"
"6,23 : 290.23"
"6,24 : 119.44"
"6,25 : 562.44"
"6,26 : 497.53"
"6,27 : 550.77"
"6,28 : 457.09"
"6,29 : 190.38"
"6,30 : 364.03"
"6,31 : 604.67"
"6,32 : 579.88"
"6,33 : 257.62"
"6,34 : 353.93"
"6,35 : 489.65"
"6,36 : 340.31"
"6,37 : 617.87"
"6,38 : 508.74"
"6,39 : 299.64"
"6,40 : 421.63"
"6,41 : 194.34"
"6,42 : 518.03"
"6,43 : 246.79"
"6,44 : 504.17"
"6,45 : 55.36"
"6,46 : 212.25"
"6,47 : 318.45"
"6,48 : 170.8"
"6,49 : 430.15"
"7,0 : 206.29"
"7,1 : 909.56"
"7,2 : 825.28"
"7,3 : 639.88"
"7,4 : 775.56"
"7,5 : 889.1"
"7,6 : 614.97"
"7,7 : 0.0"
"7,8 : 964.76"
"7,9 : 927.12"
"7,10 : 76.66"
"7,11 : 1040.43"
"7,12 : 549.75"
"7,13 : 730.15"
"7,14 : 671.12"
"7,15 : 722.74"
"7,16 : 447.45"
"7,17 : 988.55"
"7,18 : 1159.07"
"7,19 : 655.92"
"7,20 : 773.29"
"7,21 : 860.06"
"7,22 : 899.03"
"7,23 : 901.8"
"7,24 : 719.89"
"7,25 : 879.23"
"7,26 : 255.99"
"7,27 : 1155.42"
"7,28 : 845.28"
"7,29 : 713.1"
"7,30 : 450.13"
"7,31 : 759.72"
"7,32 : 1192.45"
"7,33 : 619.11"
"7,34 : 562.57"
"7,35 : 126.06"
"7,36 : 573.1"
"7,37 : 819.22"
"7,38 : 1000.23"
"7,39 : 588.39"
"7,40 : 395.22"
"7,41 : 796.82"
"7,42 : 1024.82"
"7,43 : 655.35"
"7,44 : 810.22"
"7,45 : 644.85"
"7,46 : 532.72"
"7,47 : 789.91"
"7,48 : 785.04"
"7,49 : 188.61"
"8,0 : 909.27"
"8,1 : 285.85"
"8,2 : 1053.22"
"8,3 : 962.37"
"8,4 : 190.07"
"8,5 : 343.28"
"8,6 : 506.3"
"8,7 : 964.76"
"8,8 : 0.0"
"8,9 : 568.03"
"8,10 : 937.85"
"8,11 : 562.3"
"8,12 : 887.38"
"8,13 : 846.95"
"8,14 : 295.44"
"8,15 : 903.37"
"8,16 : 791.6"
"8,17 : 214.44"
"8,18 : 637.46"
"8,19 : 310.73"
"8,20 : 932.27"
"8,21 : 1016.88"
"8,22 : 96.75"
"8,23 : 394.22"
"8,24 : 407.91"
"8,25 : 1019.63"
"8,26 : 738.21"
"8,27 : 658.13"
"8,28 : 137.3"
"8,29 : 641.11"
"8,30 : 523.69"
"8,31 : 402.94"
"8,32 : 617.17"
"8,33 : 756.19"
"8,34 : 412.49"
"8,35 : 861.79"
"8,36 : 398.25"
"8,37 : 355.46"
"8,38 : 62.94"
"8,39 : 376.72"
"8,40 : 910.98"
"8,41 : 527.03"
"8,42 : 98.08"
"8,43 : 735.33"
"8,44 : 228.86"
"8,45 : 450.98"
"8,46 : 718.2"
"8,47 : 193.75"
"8,48 : 433.27"
"8,49 : 787.42"
"9,0 : 763.69"
"9,1 : 806.63"
"9,2 : 560.51"
"9,3 : 550.86"
"9,4 : 514.07"
"9,5 : 225.21"
"9,6 : 326.93"
"9,7 : 927.12"
"9,8 : 568.03"
"9,9 : 0.0"
"9,10 : 863.39"
"9,11 : 121.66"
"9,12 : 530.63"
"9,13 : 384.19"
"9,14 : 510.99"
"9,15 : 445.02"
"9,16 : 526.41"
"9,17 : 376.03"
"9,18 : 233.56"
"9,19 : 512.88"
"9,20 : 449.57"
"9,21 : 505.36"
"9,22 : 613.77"
"9,23 : 173.81"
"9,24 : 271.25"
"9,25 : 501.22"
"9,26 : 824.3"
"9,27 : 228.32"
"9,28 : 599.02"
"9,29 : 234.57"
"9,30 : 674.44"
"9,31 : 833.91"
"9,32 : 274.59"
"9,33 : 378.64"
"9,34 : 633.14"
"9,35 : 801.13"
"9,36 : 615.73"
"9,37 : 823.92"
"9,38 : 533.32"
"9,39 : 569.51"
"9,40 : 646.98"
"9,41 : 132.97"
"9,42 : 520.44"
"9,43 : 337.31"
"9,44 : 684.96"
"9,45 : 322.8"
"9,46 : 422.17"
"9,47 : 455.37"
"9,48 : 192.09"
"9,49 : 748.75"
"10,0 : 129.65"
"10,1 : 905.46"
"10,2 : 748.87"
"10,3 : 563.35"
"10,4 : 747.8"
"10,5 : 838.15"
"10,6 : 558.25"
"10,7 : 76.66"
"10,8 : 937.85"
"10,9 : 863.39"
"10,10 : 0.0"
"10,11 : 978.64"
"10,12 : 473.16"
"10,13 : 654.62"
"10,14 : 642.48"
"10,15 : 646.34"
"10,16 : 373.17"
"10,17 : 946.4"
"10,18 : 1096.31"
"10,19 : 627.18"
"10,20 : 696.8"
"10,21 : 783.41"
"10,22 : 877.94"
"10,23 : 847.57"
"10,24 : 667.61"
"10,25 : 802.57"
"10,26 : 268.84"
"10,27 : 1091.61"
"10,28 : 824.29"
"10,29 : 644.86"
"10,30 : 437.6"
"10,31 : 764.47"
"10,32 : 1131.57"
"10,33 : 545.72"
"10,34 : 547.01"
"10,35 : 76.16"
"10,36 : 555.36"
"10,37 : 820.55"
"10,38 : 969.42"
"10,39 : 564.87"
"10,40 : 318.69"
"10,41 : 734.68"
"10,42 : 992.16"
"10,43 : 582.79"
"10,44 : 798.16"
"10,45 : 592.16"
"10,46 : 461.5"
"10,47 : 756.74"
"10,48 : 729.03"
"10,49 : 150.44"
"11,0 : 882.18"
"11,1 : 825.13"
"11,2 : 659.47"
"11,3 : 666.6"
"11,4 : 549.53"
"11,5 : 244.52"
"11,6 : 430.7"
"11,7 : 1040.43"
"11,8 : 562.3"
"11,9 : 121.66"
"11,10 : 978.64"
"11,11 : 0.0"
"11,12 : 651.11"
"11,13 : 496.68"
"11,14 : 568.5"
"11,15 : 556.25"
"11,16 : 647.47"
"11,17 : 351.9"
"11,18 : 120.42"
"11,19 : 573.33"
"11,20 : 555.06"
"11,21 : 599.2"
"11,22 : 624.5"
"11,23 : 196.06"
"11,24 : 352.47"
"11,25 : 592.2"
"11,26 : 923.11"
"11,27 : 123.98"
"11,28 : 620.14"
"11,29 : 356.19"
"11,30 : 758.51"
"11,31 : 876.37"
"11,32 : 154.01"
"11,33 : 499.88"
"11,34 : 703.32"
"11,35 : 914.38"
"11,36 : 685.04"
"11,37 : 857.35"
"11,38 : 516.84"
"11,39 : 638.79"
"11,40 : 768.58"
"11,41 : 243.95"
"11,42 : 496.72"
"11,43 : 458.31"
"11,44 : 714.75"
"11,45 : 416.12"
"11,46 : 543.1"
"11,47 : 489.33"
"11,48 : 272.95"
"11,49 : 859.02"
"12,0 : 343.99"
"12,1 : 998.48"
"12,2 : 285.73"
"12,3 : 105.19"
"12,4 : 727.62"
"12,5 : 627.29"
"12,6 : 381.08"
"12,7 : 549.75"
"12,8 : 887.38"
"12,9 : 530.63"
"12,10 : 473.16"
"12,11 : 651.11"
"12,12 : 0.0"
"12,13 : 197.0"
"12,14 : 644.91"
"12,15 : 174.9"
"12,16 : 139.12"
"12,17 : 787.28"
"12,18 : 750.04"
"12,19 : 633.83"
"12,20 : 224.11"
"12,21 : 311.52"
"12,22 : 874.53"
"12,23 : 606.69"
"12,24 : 487.58"
"12,25 : 330.19"
"12,26 : 602.89"
"12,27 : 736.25"
"12,28 : 831.0"
"12,29 : 303.03"
"12,30 : 604.27"
"12,31 : 926.34"
"12,32 : 799.41"
"12,33 : 154.38"
"12,34 : 656.2"
"12,35 : 448.07"
"12,36 : 650.11"
"12,37 : 955.7"
"12,38 : 888.03"
"12,39 : 624.05"
"12,40 : 160.08"
"12,41 : 441.19"
"12,42 : 894.95"
"12,43 : 193.83"
"12,44 : 863.12"
"12,45 : 436.41"
"12,46 : 170.07"
"12,47 : 698.41"
"12,48 : 497.53"
"12,49 : 443.93"
"13,0 : 528.56"
"13,1 : 1010.72"
"13,2 : 207.0"
"13,3 : 173.1"
"13,4 : 717.28"
"13,5 : 537.62"
"13,6 : 370.95"
"13,7 : 730.15"
"13,8 : 846.95"
"13,9 : 384.19"
"13,10 : 654.62"
"13,11 : 496.68"
"13,12 : 197.0"
"13,13 : 0.0"
"13,14 : 656.54"
"13,15 : 61.52"
"13,16 : 285.16"
"13,17 : 705.7"
"13,18 : 581.41"
"13,19 : 649.15"
"13,20 : 87.0"
"13,21 : 184.17"
"13,22 : 855.85"
"13,23 : 503.54"
"13,24 : 441.28"
"13,25 : 194.59"
"13,26 : 739.19"
"13,27 : 564.19"
"13,28 : 820.78"
"13,29 : 206.02"
"13,30 : 687.76"
"13,31 : 971.56"
"13,32 : 635.01"
"13,33 : 134.12"
"13,34 : 710.01"
"13,35 : 618.19"
"13,36 : 699.23"
"13,37 : 988.1"
"13,38 : 833.74"
"13,39 : 663.21"
"13,40 : 354.15"
"13,41 : 335.52"
"13,42 : 832.97"
"13,43 : 125.94"
"13,44 : 874.49"
"13,45 : 418.62"
"13,46 : 229.84"
"13,47 : 674.67"
"13,48 : 418.67"
"13,49 : 598.35"
"14,0 : 617.01"
"14,1 : 356.53"
"14,2 : 860.07"
"14,3 : 734.42"
"14,4 : 105.38"
"14,5 : 330.58"
"14,6 : 285.6"
"14,7 : 671.12"
"14,8 : 295.44"
"14,9 : 510.99"
"14,10 : 642.48"
"14,11 : 568.5"
"14,12 : 644.91"
"14,13 : 656.54"
"14,14 : 0.0"
"14,15 : 703.65"
"14,16 : 529.51"
"14,17 : 348.98"
"14,18 : 678.98"
"14,19 : 15.3"
"14,20 : 743.18"
"14,21 : 839.46"
"14,22 : 245.23"
"14,23 : 373.53"
"14,24 : 249.32"
"14,25 : 847.33"
"14,26 : 455.91"
"14,27 : 689.88"
"14,28 : 194.59"
"14,29 : 467.47"
"14,30 : 243.82"
"14,31 : 329.61"
"14,32 : 684.47"
"14,33 : 539.91"
"14,34 : 148.38"
"14,35 : 566.39"
"14,36 : 129.85"
"14,37 : 334.44"
"14,38 : 329.27"
"14,39 : 91.44"
"14,40 : 638.55"
"14,41 : 408.1"
"14,42 : 355.07"
"14,43 : 532.17"
"14,44 : 219.97"
"14,45 : 240.47"
"14,46 : 476.81"
"14,47 : 125.42"
"14,48 : 321.08"
"14,49 : 492.06"
"15,0 : 517.82"
"15,1 : 1059.34"
"15,2 : 156.54"
"15,3 : 122.32"
"15,4 : 768.75"
"15,5 : 598.01"
"15,6 : 418.69"
"15,7 : 722.74"
"15,8 : 903.37"
"15,9 : 445.02"
"15,10 : 646.34"
"15,11 : 556.25"
"15,12 : 174.9"
"15,13 : 61.52"
"15,14 : 703.65"
"15,15 : 0.0"
"15,16 : 288.09"
"15,17 : 765.92"
"15,18 : 637.91"
"15,19 : 695.48"
"15,20 : 52.04"
"15,21 : 151.38"
"15,22 : 909.25"
"15,23 : 564.62"
"15,24 : 496.3"
"15,25 : 166.72"
"15,26 : 753.08"
"15,27 : 619.81"
"15,28 : 872.7"
"15,29 : 264.01"
"15,30 : 718.28"
"15,31 : 1013.23"
"15,32 : 692.34"
"15,33 : 166.97"
"15,34 : 748.35"
"15,35 : 616.54"
"15,36 : 738.61"
"15,37 : 1032.63"
"15,38 : 891.76"
"15,39 : 704.6"
"15,40 : 334.86"
"15,41 : 396.16"
"15,42 : 891.78"
"15,43 : 172.15"
"15,44 : 922.81"
"15,45 : 468.68"
"15,46 : 254.23"
"15,47 : 728.08"
"15,48 : 477.56"
"15,49 : 604.05"
"16,0 : 252.49"
"16,1 : 876.87"
"16,2 : 419.94"
"16,3 : 244.18"
"16,4 : 620.14"
"16,5 : 571.54"
"16,6 : 295.01"
"16,7 : 447.45"
"16,8 : 791.6"
"16,9 : 526.41"
"16,10 : 373.17"
"16,11 : 647.47"
"16,12 : 139.12"
"16,13 : 285.16"
"16,14 : 529.51"
"16,15 : 288.09"
"16,16 : 0.0"
"16,17 : 719.17"
"16,18 : 758.02"
"16,19 : 517.13"
"16,20 : 340.12"
"16,21 : 436.54"
"16,22 : 767.84"
"16,23 : 561.95"
"16,24 : 412.59"
"16,25 : 453.51"
"16,26 : 467.95"
"16,27 : 748.86"
"16,28 : 721.12"
"16,29 : 293.21"
"16,30 : 466.96"
"16,31 : 794.83"
"16,32 : 800.99"
"16,33 : 173.4"
"16,34 : 524.98"
"16,35 : 333.1"
"16,36 : 520.38"
"16,37 : 827.63"
"16,38 : 800.05"
"16,39 : 498.12"
"16,40 : 128.46"
"16,41 : 412.44"
"16,42 : 811.38"
"16,43 : 212.51"
"16,44 : 743.43"
"16,45 : 348.47"
"16,46 : 104.45"
"16,47 : 598.6"
"16,48 : 443.42"
"16,49 : 316.0"
"17,0 : 889.34"
"17,1 : 493.17"
"17,2 : 905.39"
"17,3 : 844.96"
"17,4 : 274.3"
"17,5 : 168.24"
"17,6 : 425.18"
"17,7 : 988.55"
"17,8 : 214.44"
"17,9 : 376.03"
"17,10 : 946.4"
"17,11 : 351.9"
"17,12 : 787.28"
"17,13 : 705.7"
"17,14 : 348.98"
"17,15 : 765.92"
"17,16 : 719.17"
"17,17 : 0.0"
"17,18 : 423.02"
"17,19 : 361.42"
"17,20 : 786.09"
"17,21 : 860.04"
"17,22 : 291.11"
"17,23 : 208.93"
"17,24 : 306.59"
"17,25 : 859.62"
"17,26 : 797.42"
"17,27 : 443.78"
"17,28 : 303.36"
"17,29 : 503.98"
"17,30 : 590.62"
"17,31 : 581.17"
"17,32 : 404.11"
"17,33 : 640.35"
"17,34 : 496.27"
"17,35 : 871.57"
"17,36 : 478.12"
"17,37 : 546.3"
"17,38 : 165.03"
"17,39 : 439.93"
"17,40 : 846.58"
"17,41 : 370.47"
"17,42 : 146.03"
"17,43 : 610.66"
"17,44 : 405.57"
"17,45 : 374.67"
"17,46 : 628.11"
"17,47 : 226.4"
"17,48 : 292.02"
"17,49 : 800.96"
"18,0 : 997.21"
"18,1 : 912.12"
"18,2 : 722.4"
"18,3 : 754.24"
"18,4 : 650.41"
"18,5 : 349.31"
"18,6 : 550.93"
"18,7 : 1159.07"
"18,8 : 637.46"
"18,9 : 233.56"
"18,10 : 1096.31"
"18,11 : 120.42"
"18,12 : 750.04"
"18,13 : 581.41"
"18,14 : 678.98"
"18,15 : 637.91"
"18,16 : 758.02"
"18,17 : 423.02"
"18,18 : 0.0"
"18,19 : 684.88"
"18,20 : 628.7"
"18,21 : 657.19"
"18,22 : 709.55"
"18,23 : 305.88"
"18,24 : 471.58"
"18,25 : 647.0"
"18,26 : 1043.39"
"18,27 : 27.46"
"18,28 : 711.79"
"18,29 : 464.88"
"18,30 : 876.5"
"18,31 : 977.12"
"18,32 : 58.55"
"18,33 : 602.93"
"18,34 : 817.44"
"18,35 : 1033.01"
"18,36 : 798.96"
"18,37 : 953.21"
"18,38 : 585.34"
"18,39 : 752.96"
"18,40 : 875.97"
"18,41 : 362.28"
"18,42 : 560.16"
"18,43 : 560.64"
"18,44 : 810.04"
"18,45 : 536.35"
"18,46 : 654.22"
"18,47 : 590.66"
"18,48 : 392.66"
"18,49 : 978.59"
"19,0 : 602.03"
"19,1 : 366.08"
"19,2 : 851.98"
"19,3 : 724.22"
"19,4 : 120.67"
"19,5 : 337.36"
"19,6 : 278.3"
"19,7 : 655.92"
"19,8 : 310.73"
"19,9 : 512.88"
"19,10 : 627.18"
"19,11 : 573.33"
"19,12 : 633.83"
"19,13 : 649.15"
"19,14 : 15.3"
"19,15 : 695.48"
"19,16 : 517.13"
"19,17 : 361.42"
"19,18 : 684.88"
"19,19 : 0.0"
"19,20 : 735.61"
"19,21 : 832.43"
"19,22 : 259.74"
"19,23 : 379.09"
"19,24 : 248.39"
"19,25 : 840.6"
"19,26 : 441.62"
"19,27 : 695.26"
"19,28 : 208.68"
"19,29 : 462.2"
"19,30 : 230.22"
"19,31 : 332.23"
"19,32 : 691.55"
"19,33 : 531.09"
"19,34 : 137.93"
"19,35 : 551.1"
"19,36 : 119.2"
"19,37 : 340.04"
"19,38 : 344.41"
"19,39 : 78.52"
"19,40 : 625.19"
"19,41 : 407.24"
"19,42 : 370.02"
"19,43 : 524.36"
"19,44 : 229.8"
"19,45 : 234.96"
"19,46 : 466.28"
"19,47 : 139.27"
"19,48 : 322.02"
"19,49 : 476.77"
"20,0 : 567.93"
"20,1 : 1097.63"
"20,2 : 120.95"
"20,3 : 156.34"
"20,4 : 804.25"
"20,5 : 617.85"
"20,6 : 457.58"
"20,7 : 773.29"
"20,8 : 932.27"
"20,9 : 449.57"
"20,10 : 696.8"
"20,11 : 555.06"
"20,12 : 224.11"
"20,13 : 87.0"
"20,14 : 743.18"
"20,15 : 52.04"
"20,16 : 340.12"
"20,17 : 786.09"
"20,18 : 628.7"
"20,19 : 735.61"
"20,20 : 0.0"
"20,21 : 101.39"
"20,22 : 942.51"
"20,23 : 581.24"
"20,24 : 527.6"
"20,25 : 115.45"
"20,26 : 804.88"
"20,27 : 608.97"
"20,28 : 907.7"
"20,29 : 291.22"
"20,30 : 766.71"
"20,31 : 1056.65"
"20,32 : 684.64"
"20,33 : 212.88"
"20,34 : 793.52"
"20,35 : 668.07"
"20,36 : 783.24"
"20,37 : 1074.18"
"20,38 : 917.67"
"20,39 : 748.08"
"20,40 : 383.29"
"20,41 : 415.72"
"20,42 : 915.91"
"20,43 : 211.46"
"20,44 : 961.35"
"20,45 : 505.58"
"20,46 : 303.6"
"20,47 : 761.37"
"20,48 : 502.08"
"20,49 : 656.08"
"21,0 : 653.81"
"21,1 : 1192.32"
"21,2 : 70.26"
"21,3 : 223.49"
"21,4 : 896.61"
"21,5 : 692.66"
"21,6 : 554.13"
"21,7 : 860.06"
"21,8 : 1016.88"
"21,9 : 505.36"
"21,10 : 783.41"
"21,11 : 599.2"
"21,12 : 311.52"
"21,13 : 184.17"
"21,14 : 839.46"
"21,15 : 151.38"
"21,16 : 436.54"
"21,17 : 860.04"
"21,18 : 657.19"
"21,19 : 832.43"
"21,20 : 101.39"
"21,21 : 0.0"
"21,22 : 1032.17"
"21,23 : 652.13"
"21,24 : 616.79"
"21,25 : 20.59"
"21,26 : 903.39"
"21,27 : 634.76"
"21,28 : 999.32"
"21,29 : 379.39"
"21,30 : 868.08"
"21,31 : 1155.72"
"21,32 : 715.04"
"21,33 : 314.03"
"21,34 : 893.8"
"21,35 : 759.45"
"21,36 : 883.22"
"21,37 : 1171.8"
"21,38 : 998.6"
"21,39 : 847.37"
"21,40 : 465.75"
"21,41 : 492.91"
"21,42 : 994.53"
"21,43 : 310.1"
"21,44 : 1056.43"
"21,45 : 600.27"
"21,46 : 404.88"
"21,47 : 851.54"
"21,48 : 583.95"
"21,49 : 751.53"
"22,0 : 860.75"
"22,1 : 202.67"
"22,2 : 1062.82"
"22,3 : 956.83"
"22,4 : 147.72"
"22,5 : 390.14"
"22,6 : 497.26"
"22,7 : 899.03"
"22,8 : 96.75"
"22,9 : 613.77"
"22,10 : 877.94"
"22,11 : 624.5"
"22,12 : 874.53"
"22,13 : 855.85"
"22,14 : 245.23"
"22,15 : 909.25"
"22,16 : 767.84"
"22,17 : 291.11"
"22,18 : 709.55"
"22,19 : 259.74"
"22,20 : 942.51"
"22,21 : 1032.17"
"22,22 : 0.0"
"22,23 : 442.53"
"22,24 : 415.43"
"22,25 : 1036.81"
"22,26 : 663.45"
"22,27 : 728.39"
"22,28 : 53.76"
"22,29 : 652.87"
"22,30 : 451.17"
"22,31 : 306.41"
"22,32 : 694.43"
"22,33 : 753.87"
"22,34 : 338.2"
"22,35 : 802.51"
"22,36 : 326.27"
"22,37 : 261.01"
"22,38 : 158.82"
"22,39 : 313.17"
"22,40 : 881.21"
"22,41 : 553.25"
"22,42 : 194.16"
"22,43 : 737.96"
"22,44 : 132.31"
"22,45 : 443.52"
"22,46 : 704.49"
"22,47 : 181.21"
"22,48 : 457.1"
"22,49 : 728.0"
"23,0 : 767.84"
"23,1 : 638.85"
"23,2 : 699.37"
"23,3 : 652.45"
"23,4 : 354.99"
"23,5 : 52.39"
"23,6 : 290.23"
"23,7 : 901.8"
"23,8 : 394.22"
"23,9 : 173.81"
"23,10 : 847.57"
"23,11 : 196.06"
"23,12 : 606.69"
"23,13 : 503.54"
"23,14 : 373.53"
"23,15 : 564.62"
"23,16 : 561.95"
"23,17 : 208.93"
"23,18 : 305.88"
"23,19 : 379.09"
"23,20 : 581.24"
"23,21 : 652.13"
"23,22 : 442.53"
"23,23 : 0.0"
"23,24 : 183.14"
"23,25 : 651.22"
"23,26 : 755.07"
"23,27 : 316.36"
"23,28 : 431.68"
"23,29 : 309.1"
"23,30 : 575.61"
"23,31 : 681.14"
"23,32 : 316.59"
"23,33 : 454.0"
"23,34 : 511.81"
"23,35 : 777.51"
"23,36 : 493.27"
"23,37 : 664.38"
"23,38 : 360.65"
"23,39 : 447.4"
"23,40 : 690.09"
"23,41 : 169.71"
"23,42 : 349.81"
"23,43 : 419.58"
"23,44 : 522.71"
"23,45 : 257.19"
"23,46 : 461.74"
"23,47 : 294.86"
"23,48 : 120.77"
"23,49 : 714.58"
"24,0 : 594.82"
"24,1 : 582.52"
"24,2 : 648.24"
"24,3 : 556.07"
"24,4 : 282.68"
"24,5 : 170.95"
"24,6 : 119.44"
"24,7 : 719.89"
"24,8 : 407.91"
"24,9 : 271.25"
"24,10 : 667.61"
"24,11 : 352.47"
"24,12 : 487.58"
"24,13 : 441.28"
"24,14 : 249.32"
"24,15 : 496.3"
"24,16 : 412.59"
"24,17 : 306.59"
"24,18 : 471.58"
"24,19 : 248.39"
"24,20 : 527.6"
"24,21 : 616.79"
"24,22 : 415.43"
"24,23 : 183.14"
"24,24 : 0.0"
"24,25 : 621.69"
"24,26 : 574.68"
"24,27 : 476.31"
"24,28 : 383.51"
"24,29 : 237.44"
"24,30 : 406.73"
"24,31 : 578.7"
"24,32 : 491.87"
"24,33 : 349.3"
"24,34 : 362.2"
"24,35 : 596.35"
"24,36 : 345.02"
"24,37 : 578.87"
"24,38 : 401.93"
"24,39 : 299.01"
"24,40 : 540.05"
"24,41 : 158.86"
"24,42 : 407.47"
"24,43 : 327.42"
"24,44 : 449.76"
"24,45 : 75.47"
"24,46 : 323.49"
"24,47 : 234.83"
"24,48 : 80.52"
"24,49 : 532.13"
"25,0 : 673.03"
"25,1 : 1199.14"
"25,2 : 87.66"
"25,3 : 243.58"
"25,4 : 902.49"
"25,5 : 692.75"
"25,6 : 562.44"
"25,7 : 879.23"
"25,8 : 1019.63"
"25,9 : 501.22"
"25,10 : 802.57"
"25,11 : 592.2"
"25,12 : 330.19"
"25,13 : 194.59"
"25,14 : 847.33"
"25,15 : 166.72"
"25,16 : 453.51"
"25,17 : 859.62"
"25,18 : 647.0"
"25,19 : 840.6"
"25,20 : 115.45"
"25,21 : 20.59"
"25,22 : 1036.81"
"25,23 : 651.22"
"25,24 : 621.69"
"25,25 : 0.0"
"25,26 : 919.67"
"25,27 : 624.14"
"25,28 : 1004.8"
"25,29 : 384.68"
"25,30 : 880.94"
"25,31 : 1165.27"
"25,32 : 705.07"
"25,33 : 326.47"
"25,34 : 904.56"
"25,35 : 777.83"
"25,36 : 893.67"
"25,37 : 1180.31"
"25,38 : 1000.13"
"25,39 : 857.23"
"25,40 : 485.23"
"25,41 : 494.24"
"25,42 : 995.34"
"25,43 : 320.26"
"25,44 : 1063.52"
"25,45 : 607.56"
"25,46 : 418.72"
"25,47 : 856.52"
"25,48 : 586.4"
"25,49 : 768.94"
"26,0 : 335.31"
"26,1 : 656.04"
"26,2 : 887.48"
"26,3 : 707.07"
"26,4 : 554.66"
"26,5 : 730.07"
"26,6 : 497.53"
"26,7 : 255.99"
"26,8 : 738.21"
"26,9 : 824.3"
"26,10 : 268.84"
"26,11 : 923.11"
"26,12 : 602.89"
"26,13 : 739.19"
"26,14 : 455.91"
"26,15 : 753.08"
"26,16 : 467.95"
"26,17 : 797.42"
"26,18 : 1043.39"
"26,19 : 441.62"
"26,20 : 804.88"
"26,21 : 903.39"
"26,22 : 663.45"
"26,23 : 755.07"
"26,24 : 574.68"
"26,25 : 919.67"
"26,26 : 0.0"
"26,27 : 1045.47"
"26,28 : 610.35"
"26,29 : 650.59"
"26,30 : 214.71"
"26,31 : 503.75"
"26,32 : 1066.39"
"26,33 : 608.07"
"26,34 : 326.1"
"26,35 : 215.06"
"26,36 : 339.95"
"26,37 : 563.72"
"26,38 : 780.84"
"26,39 : 365.9"
"26,40 : 486.59"
"26,41 : 691.87"
"26,42 : 808.95"
"26,43 : 632.53"
"26,44 : 563.76"
"26,45 : 507.05"
"26,46 : 511.04"
"26,47 : 580.79"
"26,48 : 651.35"
"26,49 : 170.85"
"27,0 : 990.39"
"27,1 : 930.74"
"27,2 : 700.57"
"27,3 : 737.25"
"27,4 : 665.0"
"27,5 : 361.86"
"27,6 : 550.77"
"27,7 : 1155.42"
"27,8 : 658.13"
"27,9 : 228.32"
"27,10 : 1091.61"
"27,11 : 123.98"
"27,12 : 736.25"
"27,13 : 564.19"
"27,14 : 689.88"
"27,15 : 619.81"
"27,16 : 748.86"
"27,17 : 443.78"
"27,18 : 27.46"
"27,19 : 695.26"
"27,20 : 608.97"
"27,21 : 634.76"
"27,22 : 728.39"
"27,23 : 316.36"
"27,24 : 476.31"
"27,25 : 624.14"
"27,26 : 1045.47"
"27,27 : 0.0"
"27,28 : 729.09"
"27,29 : 455.72"
"27,30 : 882.48"
"27,31 : 992.03"
"27,32 : 84.2"
"27,33 : 590.95"
"27,34 : 826.43"
"27,35 : 1029.42"
"27,36 : 808.07"
"27,37 : 969.6"
"27,38 : 607.02"
"27,39 : 761.9"
"27,40 : 865.14"
"27,41 : 359.61"
"27,42 : 582.55"
"27,43 : 548.55"
"27,44 : 826.48"
"27,45 : 538.9"
"27,46 : 645.56"
"27,47 : 605.02"
"27,48 : 396.55"
"27,49 : 976.4"
"28,0 : 808.25"
"28,1 : 207.62"
"28,2 : 1027.4"
"28,3 : 915.67"
"28,4 : 104.29"
"28,5 : 379.59"
"28,6 : 457.09"
"28,7 : 845.28"
"28,8 : 137.3"
"28,9 : 599.02"
"28,10 : 824.29"
"28,11 : 620.14"
"28,12 : 831.0"
"28,13 : 820.78"
"28,14 : 194.59"
"28,15 : 872.7"
"28,16 : 721.12"
"28,17 : 303.36"
"28,18 : 711.79"
"28,19 : 208.68"
"28,20 : 907.7"
"28,21 : 999.32"
"28,22 : 53.76"
"28,23 : 431.68"
"28,24 : 383.51"
"28,25 : 1004.8"
"28,26 : 610.35"
"28,27 : 729.09"
"28,28 : 0.0"
"28,29 : 620.14"
"28,30 : 397.67"
"28,31 : 279.12"
"28,32 : 701.02"
"28,33 : 714.62"
"28,34 : 284.76"
"28,35 : 748.91"
"28,36 : 272.62"
"28,37 : 243.46"
"28,38 : 194.45"
"28,39 : 259.62"
"28,40 : 832.56"
"28,41 : 528.42"
"28,42 : 229.02"
"28,43 : 700.78"
"28,44 : 102.39"
"28,45 : 404.61"
"28,46 : 661.24"
"28,47 : 149.81"
"28,48 : 432.39"
"28,49 : 674.41"
"29,0 : 536.99"
"29,1 : 815.48"
"29,2 : 412.15"
"29,3 : 343.46"
"29,4 : 517.88"
"29,5 : 337.22"
"29,6 : 190.38"
"29,7 : 713.1"
"29,8 : 641.11"
"29,9 : 234.57"
"29,10 : 644.86"
"29,11 : 356.19"
"29,12 : 303.03"
"29,13 : 206.02"
"29,14 : 467.47"
"29,15 : 264.01"
"29,16 : 293.21"
"29,17 : 503.98"
"29,18 : 464.88"
"29,19 : 462.2"
"29,20 : 291.22"
"29,21 : 379.39"
"29,22 : 652.87"
"29,23 : 309.1"
"29,24 : 237.44"
"29,25 : 384.68"
"29,26 : 650.59"
"29,27 : 455.72"
"29,28 : 620.14"
"29,29 : 0.0"
"29,30 : 546.98"
"29,31 : 792.51"
"29,32 : 508.84"
"29,33 : 148.66"
"29,34 : 544.25"
"29,35 : 588.77"
"29,36 : 530.68"
"29,37 : 801.89"
"29,38 : 627.9"
"29,39 : 489.68"
"29,40 : 412.42"
"29,41 : 140.01"
"29,42 : 627.8"
"29,43 : 111.07"
"29,44 : 680.51"
"29,45 : 227.25"
"29,46 : 189.93"
"29,47 : 472.15"
"29,48 : 213.74"
"29,49 : 545.77"
"30,0 : 450.42"
"30,1 : 469.75"
"30,2 : 869.05"
"30,3 : 707.55"
"30,4 : 340.24"
"30,5 : 543.03"
"30,6 : 364.03"
"30,7 : 450.13"
"30,8 : 523.69"
"30,9 : 674.44"
"30,10 : 437.6"
"30,11 : 758.51"
"30,12 : 604.27"
"30,13 : 687.76"
"30,14 : 243.82"
"30,15 : 718.28"
"30,16 : 466.96"
"30,17 : 590.62"
"30,18 : 876.5"
"30,19 : 230.22"
"30,20 : 766.71"
"30,21 : 868.08"
"30,22 : 451.17"
"30,23 : 575.61"
"30,24 : 406.73"
"30,25 : 880.94"
"30,26 : 214.71"
"30,27 : 882.48"
"30,28 : 397.67"
"30,29 : 546.98"
"30,30 : 0.0"
"30,31 : 344.89"
"30,32 : 892.05"
"30,33 : 554.5"
"30,34 : 113.03"
"30,35 : 365.31"
"30,36 : 125.59"
"30,37 : 392.33"
"30,38 : 566.22"
"30,39 : 152.63"
"30,40 : 537.9"
"30,41 : 548.32"
"30,42 : 594.63"
"30,43 : 565.53"
"30,44 : 361.07"
"30,45 : 352.8"
"30,46 : 464.29"
"30,47 : 369.24"
"30,48 : 487.16"
"30,49 : 293.29"
"31,0 : 793.35"
"31,1 : 174.43"
"31,2 : 1169.21"
"31,3 : 1025.05"
"31,4 : 327.1"
"31,5 : 631.86"
"31,6 : 604.67"
"31,7 : 759.72"
"31,8 : 402.94"
"31,9 : 833.91"
"31,10 : 764.47"
"31,11 : 876.37"
"31,12 : 926.34"
"31,13 : 971.56"
"31,14 : 329.61"
"31,15 : 1013.23"
"31,16 : 794.83"
"31,17 : 581.17"
"31,18 : 977.12"
"31,19 : 332.23"
"31,20 : 1056.65"
"31,21 : 1155.72"
"31,22 : 306.41"
"31,23 : 681.14"
"31,24 : 578.7"
"31,25 : 1165.27"
"31,26 : 503.75"
"31,27 : 992.03"
"31,28 : 279.12"
"31,29 : 792.51"
"31,30 : 344.89"
"31,31 : 0.0"
"31,32 : 971.75"
"31,33 : 846.4"
"31,34 : 270.17"
"31,35 : 697.87"
"31,36 : 276.74"
"31,37 : 67.78"
"31,38 : 465.24"
"31,39 : 308.64"
"31,40 : 878.55"
"31,41 : 737.22"
"31,42 : 500.58"
"31,43 : 845.65"
"31,44 : 177.09"
"31,45 : 565.76"
"31,46 : 769.04"
"31,47 : 387.22"
"31,48 : 647.84"
"31,49 : 630.36"
"32,0 : 1036.12"
"32,1 : 896.94"
"32,2 : 779.88"
"32,3 : 807.41"
"32,4 : 647.09"
"32,5 : 354.23"
"32,6 : 579.88"
"32,7 : 1192.45"
"32,8 : 617.17"
"32,9 : 274.59"
"32,10 : 1131.57"
"32,11 : 154.01"
"32,12 : 799.41"
"32,13 : 635.01"
"32,14 : 684.47"
"32,15 : 692.34"
"32,16 : 800.99"
"32,17 : 404.11"
"32,18 : 58.55"
"32,19 : 691.55"
"32,20 : 684.64"
"32,21 : 715.04"
"32,22 : 694.43"
"32,23 : 316.59"
"32,24 : 491.87"
"32,25 : 705.07"
"32,26 : 1066.39"
"32,27 : 84.2"
"32,28 : 701.02"
"32,29 : 508.84"
"32,30 : 892.05"
"32,31 : 971.75"
"32,32 : 0.0"
"32,33 : 650.25"
"32,34 : 826.65"
"32,35 : 1066.48"
"32,36 : 807.98"
"32,37 : 944.05"
"32,38 : 562.08"
"32,39 : 762.55"
"32,40 : 921.15"
"32,41 : 397.22"
"32,42 : 534.66"
"32,43 : 608.23"
"32,44 : 801.18"
"32,45 : 560.36"
"32,46 : 696.71"
"32,47 : 588.32"
"32,48 : 415.52"
"32,49 : 1009.68"
"33,0 : 425.84"
"33,1 : 896.34"
"33,2 : 322.85"
"33,3 : 206.85"
"33,4 : 610.33"
"33,5 : 477.22"
"33,6 : 257.62"
"33,7 : 619.11"
"33,8 : 756.19"
"33,9 : 378.64"
"33,10 : 545.72"
"33,11 : 499.88"
"33,12 : 154.38"
"33,13 : 134.12"
"33,14 : 539.91"
"33,15 : 166.97"
"33,16 : 173.4"
"33,17 : 640.35"
"33,18 : 602.93"
"33,19 : 531.09"
"33,20 : 212.88"
"33,21 : 314.03"
"33,22 : 753.87"
"33,23 : 454.0"
"33,24 : 349.3"
"33,25 : 326.47"
"33,26 : 608.07"
"33,27 : 590.95"
"33,28 : 714.62"
"33,29 : 148.66"
"33,30 : 554.5"
"33,31 : 846.4"
"33,32 : 650.25"
"33,33 : 0.0"
"33,34 : 581.44"
"33,35 : 501.22"
"33,36 : 571.64"
"33,37 : 866.69"
"33,38 : 750.98"
"33,39 : 537.83"
"33,40 : 275.67"
"33,41 : 287.18"
"33,42 : 754.99"
"33,43 : 42.44"
"33,44 : 759.72"
"33,45 : 310.39"
"33,46 : 97.05"
"33,47 : 573.69"
"33,48 : 348.6"
"33,49 : 473.87"
"34,0 : 548.66"
"34,1 : 369.09"
"34,2 : 903.41"
"34,3 : 755.34"
"34,4 : 233.6"
"34,5 : 472.63"
"34,6 : 353.93"
"34,7 : 562.57"
"34,8 : 412.49"
"34,9 : 633.14"
"34,10 : 547.01"
"34,11 : 703.32"
"34,12 : 656.2"
"34,13 : 710.01"
"34,14 : 148.38"
"34,15 : 748.35"
"34,16 : 524.98"
"34,17 : 496.27"
"34,18 : 817.44"
"34,19 : 137.93"
"34,20 : 793.52"
"34,21 : 893.8"
"34,22 : 338.2"
"34,23 : 511.81"
"34,24 : 362.2"
"34,25 : 904.56"
"34,26 : 326.1"
"34,27 : 826.43"
"34,28 : 284.76"
"34,29 : 544.25"
"34,30 : 113.03"
"34,31 : 270.17"
"34,32 : 826.65"
"34,33 : 581.44"
"34,34 : 0.0"
"34,35 : 473.24"
"34,36 : 18.79"
"34,37 : 304.64"
"34,38 : 457.39"
"34,39 : 64.54"
"34,40 : 613.11"
"34,41 : 516.71"
"34,42 : 487.05"
"34,43 : 584.36"
"34,44 : 251.72"
"34,45 : 326.17"
"34,46 : 500.55"
"34,47 : 270.41"
"34,48 : 441.16"
"34,49 : 399.72"
"35,0 : 126.66"
"35,1 : 834.57"
"35,2 : 730.99"
"35,3 : 545.12"
"35,4 : 671.73"
"35,5 : 766.33"
"35,6 : 489.65"
"35,7 : 126.06"
"35,8 : 861.79"
"35,9 : 801.13"
"35,10 : 76.16"
"35,11 : 914.38"
"35,12 : 448.07"
"35,13 : 618.19"
"35,14 : 566.39"
"35,15 : 616.54"
"35,16 : 333.1"
"35,17 : 871.57"
"35,18 : 1033.01"
"35,19 : 551.1"
"35,20 : 668.07"
"35,21 : 759.45"
"35,22 : 802.51"
"35,23 : 777.51"
"35,24 : 596.35"
"35,25 : 777.83"
"35,26 : 215.06"
"35,27 : 1029.42"
"35,28 : 748.91"
"35,29 : 588.77"
"35,30 : 365.31"
"35,31 : 697.87"
"35,32 : 1066.48"
"35,33 : 501.22"
"35,34 : 473.24"
"35,35 : 0.0"
"35,36 : 481.0"
"35,37 : 752.12"
"35,38 : 893.26"
"35,39 : 489.36"
"35,40 : 304.65"
"35,41 : 670.76"
"35,42 : 916.06"
"35,43 : 535.75"
"35,44 : 724.8"
"35,45 : 521.05"
"35,46 : 411.65"
"35,47 : 680.62"
"35,48 : 660.04"
"35,49 : 74.55"
"36,0 : 552.85"
"36,1 : 367.04"
"36,2 : 894.06"
"36,3 : 748.34"
"36,4 : 217.19"
"36,5 : 453.92"
"36,6 : 340.31"
"36,7 : 573.1"
"36,8 : 398.25"
"36,9 : 615.73"
"36,10 : 555.36"
"36,11 : 685.04"
"36,12 : 650.11"
"36,13 : 699.23"
"36,14 : 129.85"
"36,15 : 738.61"
"36,16 : 520.38"
"36,17 : 478.12"
"36,18 : 798.96"
"36,19 : 119.2"
"36,20 : 783.24"
"36,21 : 883.22"
"36,22 : 326.27"
"36,23 : 493.27"
"36,24 : 345.02"
"36,25 : 893.67"
"36,26 : 339.95"
"36,27 : 808.07"
"36,28 : 272.62"
"36,29 : 530.68"
"36,30 : 125.59"
"36,31 : 276.74"
"36,32 : 807.98"
"36,33 : 571.64"
"36,34 : 18.79"
"36,35 : 481.0"
"36,36 : 0.0"
"36,37 : 307.48"
"36,38 : 441.94"
"36,39 : 46.39"
"36,40 : 611.52"
"36,41 : 500.23"
"36,42 : 471.17"
"36,43 : 573.42"
"36,44 : 245.65"
"36,45 : 310.85"
"36,46 : 492.44"
"36,47 : 252.52"
"36,48 : 423.68"
"36,49 : 407.06"
"37,0 : 842.74"
"37,1 : 106.94"
"37,2 : 1189.12"
"37,3 : 1051.95"
"37,4 : 310.23"
"37,5 : 613.56"
"37,6 : 617.87"
"37,7 : 819.22"
"37,8 : 355.46"
"37,9 : 823.92"
"37,10 : 820.55"
"37,11 : 857.35"
"37,12 : 955.7"
"37,13 : 988.1"
"37,14 : 334.44"
"37,15 : 1032.63"
"37,16 : 827.63"
"37,17 : 546.3"
"37,18 : 953.21"
"37,19 : 340.04"
"37,20 : 1074.18"
"37,21 : 1171.8"
"37,22 : 261.01"
"37,23 : 664.38"
"37,24 : 578.87"
"37,25 : 1180.31"
"37,26 : 563.72"
"37,27 : 969.6"
"37,28 : 243.46"
"37,29 : 801.89"
"37,30 : 392.33"
"37,31 : 67.78"
"37,32 : 944.05"
"37,33 : 866.69"
"37,34 : 304.64"
"37,35 : 752.12"
"37,36 : 307.48"
"37,37 : 0.0"
"37,38 : 418.38"
"37,39 : 331.91"
"37,40 : 917.71"
"37,41 : 735.47"
"37,42 : 453.52"
"37,43 : 862.71"
"37,44 : 143.17"
"37,45 : 574.77"
"37,46 : 794.13"
"37,47 : 369.89"
"37,48 : 643.02"
"37,49 : 682.82"
"38,0 : 933.27"
"38,1 : 347.43"
"38,2 : 1038.43"
"38,3 : 957.82"
"38,4 : 226.43"
"38,5 : 312.19"
"38,6 : 508.74"
"38,7 : 1000.23"
"38,8 : 62.94"
"38,9 : 533.32"
"38,10 : 969.42"
"38,11 : 516.84"
"38,12 : 888.03"
"38,13 : 833.74"
"38,14 : 329.27"
"38,15 : 891.76"
"38,16 : 800.05"
"38,17 : 165.03"
"38,18 : 585.34"
"38,19 : 344.41"
"38,20 : 917.67"
"38,21 : 998.6"
"38,22 : 158.82"
"38,23 : 360.65"
"38,24 : 401.93"
"38,25 : 1000.13"
"38,26 : 780.84"
"38,27 : 607.02"
"38,28 : 194.45"
"38,29 : 627.9"
"38,30 : 566.22"
"38,31 : 465.24"
"38,32 : 562.08"
"38,33 : 750.98"
"38,34 : 457.39"
"38,35 : 893.26"
"38,36 : 441.94"
"38,37 : 418.38"
"38,38 : 0.0"
"38,39 : 415.79"
"38,40 : 922.56"
"38,41 : 505.89"
"38,42 : 35.34"
"38,43 : 727.08"
"38,44 : 290.13"
"38,45 : 453.62"
"38,46 : 720.76"
"38,47 : 213.72"
"38,48 : 415.64"
"38,49 : 819.37"
"39,0 : 551.61"
"39,1 : 380.16"
"39,2 : 860.67"
"39,3 : 720.07"
"39,4 : 189.36"
"39,5 : 408.74"
"39,6 : 299.64"
"39,7 : 588.39"
"39,8 : 376.72"
"39,9 : 569.51"
"39,10 : 564.87"
"39,11 : 638.79"
"39,12 : 624.05"
"39,13 : 663.21"
"39,14 : 91.44"
"39,15 : 704.6"
"39,16 : 498.12"
"39,17 : 439.93"
"39,18 : 752.96"
"39,19 : 78.52"
"39,20 : 748.08"
"39,21 : 847.37"
"39,22 : 313.17"
"39,23 : 447.4"
"39,24 : 299.01"
"39,25 : 857.23"
"39,26 : 365.9"
"39,27 : 761.9"
"39,28 : 259.62"
"39,29 : 489.68"
"39,30 : 152.63"
"39,31 : 308.64"
"39,32 : 762.55"
"39,33 : 537.83"
"39,34 : 64.54"
"39,35 : 489.36"
"39,36 : 46.39"
"39,37 : 331.91"
"39,38 : 415.79"
"39,39 : 0.0"
"39,40 : 595.91"
"39,41 : 454.85"
"39,42 : 443.22"
"39,43 : 537.28"
"39,44 : 250.78"
"39,45 : 267.28"
"39,46 : 462.47"
"39,47 : 216.78"
"39,48 : 377.43"
"39,49 : 414.84"
"40,0 : 189.17"
"40,1 : 975.89"
"40,2 : 430.26"
"40,3 : 244.66"
"40,4 : 734.16"
"40,5 : 699.99"
"40,6 : 421.63"
"40,7 : 395.22"
"40,8 : 910.98"
"40,9 : 646.98"
"40,10 : 318.69"
"40,11 : 768.58"
"40,12 : 160.08"
"40,13 : 354.15"
"40,14 : 638.55"
"40,15 : 334.86"
"40,16 : 128.46"
"40,17 : 846.58"
"40,18 : 875.97"
"40,19 : 625.19"
"40,20 : 383.29"
"40,21 : 465.75"
"40,22 : 881.21"
"40,23 : 690.09"
"40,24 : 540.05"
"40,25 : 485.23"
"40,26 : 486.59"
"40,27 : 865.14"
"40,28 : 832.56"
"40,29 : 412.42"
"40,30 : 537.9"
"40,31 : 878.55"
"40,32 : 921.15"
"40,33 : 275.67"
"40,34 : 613.11"
"40,35 : 304.65"
"40,36 : 611.52"
"40,37 : 917.71"
"40,38 : 922.56"
"40,39 : 595.91"
"40,40 : 0.0"
"40,41 : 537.96"
"40,42 : 935.28"
"40,43 : 317.97"
"40,44 : 845.75"
"40,45 : 474.05"
"40,46 : 229.65"
"40,47 : 717.28"
"40,48 : 571.83"
"40,49 : 317.51"
"41,0 : 639.65"
"41,1 : 732.65"
"41,2 : 535.44"
"41,3 : 482.92"
"41,4 : 432.63"
"41,5 : 202.25"
"41,6 : 194.34"
"41,7 : 796.82"
"41,8 : 527.03"
"41,9 : 132.97"
"41,10 : 734.68"
"41,11 : 243.95"
"41,12 : 441.19"
"41,13 : 335.52"
"41,14 : 408.1"
"41,15 : 396.16"
"41,16 : 412.44"
"41,17 : 370.47"
"41,18 : 362.28"
"41,19 : 407.24"
"41,20 : 415.72"
"41,21 : 492.91"
"41,22 : 553.25"
"41,23 : 169.71"
"41,24 : 158.86"
"41,25 : 494.24"
"41,26 : 691.87"
"41,27 : 359.61"
"41,28 : 528.42"
"41,29 : 140.01"
"41,30 : 548.32"
"41,31 : 737.22"
"41,32 : 397.22"
"41,33 : 287.18"
"41,34 : 516.71"
"41,35 : 670.76"
"41,36 : 500.23"
"41,37 : 735.47"
"41,38 : 505.89"
"41,39 : 454.85"
"41,40 : 537.96"
"41,41 : 0.0"
"41,42 : 501.72"
"41,43 : 251.01"
"41,44 : 602.92"
"41,45 : 195.6"
"41,46 : 308.57"
"41,47 : 378.86"
"41,48 : 96.21"
"41,49 : 616.8"
"42,0 : 952.35"
"42,1 : 381.14"
"42,2 : 1036.34"
"42,3 : 961.72"
"42,4 : 254.4"
"42,5 : 303.64"
"42,6 : 518.03"
"42,7 : 1024.82"
"42,8 : 98.08"
"42,9 : 520.44"
"42,10 : 992.16"
"42,11 : 496.72"
"42,12 : 894.95"
"42,13 : 832.97"
"42,14 : 355.07"
"42,15 : 891.78"
"42,16 : 811.38"
"42,17 : 146.03"
"42,18 : 560.16"
"42,19 : 370.02"
"42,20 : 915.91"
"42,21 : 994.53"
"42,22 : 194.16"
"42,23 : 349.81"
"42,24 : 407.47"
"42,25 : 995.34"
"42,26 : 808.95"
"42,27 : 582.55"
"42,28 : 229.02"
"42,29 : 627.8"
"42,30 : 594.63"
"42,31 : 500.58"
"42,32 : 534.66"
"42,33 : 754.99"
"42,34 : 487.05"
"42,35 : 916.06"
"42,36 : 471.17"
"42,37 : 453.52"
"42,38 : 35.34"
"42,39 : 443.22"
"42,40 : 935.28"
"42,41 : 501.72"
"42,42 : 0.0"
"42,43 : 729.45"
"42,44 : 325.38"
"42,45 : 463.4"
"42,46 : 729.15"
"42,47 : 235.44"
"42,48 : 414.31"
"42,49 : 842.5"
"43,0 : 464.84"
"43,1 : 887.43"
"43,2 : 328.1"
"43,3 : 234.36"
"43,4 : 596.74"
"43,5 : 445.53"
"43,6 : 246.79"
"43,7 : 655.35"
"43,8 : 735.33"
"43,9 : 337.31"
"43,10 : 582.79"
"43,11 : 458.31"
"43,12 : 193.83"
"43,13 : 125.94"
"43,14 : 532.17"
"43,15 : 172.15"
"43,16 : 212.51"
"43,17 : 610.66"
"43,18 : 560.64"
"43,19 : 524.36"
"43,20 : 211.46"
"43,21 : 310.1"
"43,22 : 737.96"
"43,23 : 419.58"
"43,24 : 327.42"
"43,25 : 320.26"
"43,26 : 632.53"
"43,27 : 548.55"
"43,28 : 700.78"
"43,29 : 111.07"
"43,30 : 565.53"
"43,31 : 845.65"
"43,32 : 608.23"
"43,33 : 42.44"
"43,34 : 584.36"
"43,35 : 535.75"
"43,36 : 573.42"
"43,37 : 862.71"
"43,38 : 727.08"
"43,39 : 537.28"
"43,40 : 317.97"
"43,41 : 251.01"
"43,42 : 729.45"
"43,43 : 0.0"
"43,44 : 750.95"
"43,45 : 296.55"
"43,46 : 125.16"
"43,47 : 556.95"
"43,48 : 318.71"
"43,49 : 504.72"
"44,0 : 798.28"
"44,1 : 136.62"
"44,2 : 1079.05"
"44,3 : 954.03"
"44,4 : 171.4"
"44,5 : 471.48"
"44,6 : 504.17"
"44,7 : 810.22"
"44,8 : 228.86"
"44,9 : 684.96"
"44,10 : 798.16"
"44,11 : 714.75"
"44,12 : 863.12"
"44,13 : 874.49"
"44,14 : 219.97"
"44,15 : 922.81"
"44,16 : 743.43"
"44,17 : 405.57"
"44,18 : 810.04"
"44,19 : 229.8"
"44,20 : 961.35"
"44,21 : 1056.43"
"44,22 : 132.31"
"44,23 : 522.71"
"44,24 : 449.76"
"44,25 : 1063.52"
"44,26 : 563.76"
"44,27 : 826.48"
"44,28 : 102.39"
"44,29 : 680.51"
"44,30 : 361.07"
"44,31 : 177.09"
"44,32 : 801.18"
"44,33 : 759.72"
"44,34 : 251.72"
"44,35 : 724.8"
"44,36 : 245.65"
"44,37 : 143.17"
"44,38 : 290.13"
"44,39 : 250.78"
"44,40 : 845.75"
"44,41 : 602.92"
"44,42 : 325.38"
"44,43 : 750.95"
"44,44 : 0.0"
"44,45 : 456.17"
"44,46 : 696.04"
"44,47 : 229.61"
"44,48 : 508.57"
"44,49 : 651.42"
"45,0 : 520.33"
"45,1 : 592.2"
"45,2 : 624.19"
"45,3 : 513.91"
"45,4 : 300.41"
"45,5 : 246.33"
"45,6 : 55.36"
"45,7 : 644.85"
"45,8 : 450.98"
"45,9 : 322.8"
"45,10 : 592.16"
"45,11 : 416.12"
"45,12 : 436.41"
"45,13 : 418.62"
"45,14 : 240.47"
"45,15 : 468.68"
"45,16 : 348.47"
"45,17 : 374.67"
"45,18 : 536.35"
"45,19 : 234.96"
"45,20 : 505.58"
"45,21 : 600.27"
"45,22 : 443.52"
"45,23 : 257.19"
"45,24 : 75.47"
"45,25 : 607.56"
"45,26 : 507.05"
"45,27 : 538.9"
"45,28 : 404.61"
"45,29 : 227.25"
"45,30 : 352.8"
"45,31 : 565.76"
"45,32 : 560.36"
"45,33 : 310.39"
"45,34 : 326.17"
"45,35 : 521.05"
"45,36 : 310.85"
"45,37 : 574.77"
"45,38 : 453.62"
"45,39 : 267.28"
"45,40 : 474.05"
"45,41 : 195.6"
"45,42 : 463.4"
"45,43 : 296.55"
"45,44 : 456.17"
"45,45 : 0.0"
"45,46 : 267.59"
"45,47 : 263.89"
"45,48 : 144.84"
"45,49 : 457.4"
"46,0 : 348.52"
"46,1 : 832.02"
"46,2 : 405.35"
"46,3 : 258.38"
"46,4 : 557.69"
"46,5 : 474.75"
"46,6 : 212.25"
"46,7 : 532.72"
"46,8 : 718.2"
"46,9 : 422.17"
"46,10 : 461.5"
"46,11 : 543.1"
"46,12 : 170.07"
"46,13 : 229.84"
"46,14 : 476.81"
"46,15 : 254.23"
"46,16 : 104.45"
"46,17 : 628.11"
"46,18 : 654.22"
"46,19 : 466.28"
"46,20 : 303.6"
"46,21 : 404.88"
"46,22 : 704.49"
"46,23 : 461.74"
"46,24 : 323.49"
"46,25 : 418.72"
"46,26 : 511.04"
"46,27 : 645.56"
"46,28 : 661.24"
"46,29 : 189.93"
"46,30 : 464.29"
"46,31 : 769.04"
"46,32 : 696.71"
"46,33 : 97.05"
"46,34 : 500.55"
"46,35 : 411.65"
"46,36 : 492.44"
"46,37 : 794.13"
"46,38 : 720.76"
"46,39 : 462.47"
"46,40 : 229.65"
"46,41 : 308.57"
"46,42 : 729.15"
"46,43 : 125.16"
"46,44 : 696.04"
"46,45 : 267.59"
"46,46 : 0.0"
"46,47 : 528.5"
"46,48 : 345.21"
"46,49 : 379.58"
"47,0 : 719.81"
"47,1 : 354.43"
"47,2 : 881.63"
"47,3 : 777.81"
"47,4 : 60.21"
"47,5 : 244.82"
"47,6 : 318.45"
"47,7 : 789.91"
"47,8 : 193.75"
"47,9 : 455.37"
"47,10 : 756.74"
"47,11 : 489.33"
"47,12 : 698.41"
"47,13 : 674.67"
"47,14 : 125.42"
"47,15 : 728.08"
"47,16 : 598.6"
"47,17 : 226.4"
"47,18 : 590.66"
"47,19 : 139.27"
"47,20 : 761.37"
"47,21 : 851.54"
"47,22 : 181.21"
"47,23 : 294.86"
"47,24 : 234.83"
"47,25 : 856.52"
"47,26 : 580.79"
"47,27 : 605.02"
"47,28 : 149.81"
"47,29 : 472.15"
"47,30 : 369.24"
"47,31 : 387.22"
"47,32 : 588.32"
"47,33 : 573.69"
"47,34 : 270.41"
"47,35 : 680.62"
"47,36 : 252.52"
"47,37 : 369.89"
"47,38 : 213.72"
"47,39 : 216.78"
"47,40 : 717.28"
"47,41 : 378.86"
"47,42 : 235.44"
"47,43 : 556.95"
"47,44 : 229.61"
"47,45 : 263.89"
"47,46 : 528.5"
"47,47 : 0.0"
"47,48 : 283.02"
"47,49 : 607.07"
"48,0 : 647.27"
"48,1 : 637.18"
"48,2 : 622.8"
"48,3 : 552.96"
"48,4 : 337.68"
