x,y
230,726
699,609
509,785
39,248
449,276
739,242
659,669
383,706
648,588
601,194
848,296
187,321
705,410
985,565
212,826
255,221
387,250
335,342
132,258
449,124
871,651
446,199
670,927
234,397
270,453
152,101
450,511
318,583
442,140
265,611
566,835
253,826
685,788
697,764
137,604
140,525
449,33
637,553
164,14
25,147
729,252
63,919
191,408
446,323
579,651
375,546
40,533
38,309
539,784
321,98

Distanze
"0,0 : 0.0"
"0,1 : 483.37"
"0,2 : 285.17"
"0,3 : 514.75"
"0,4 : 500.46"
"0,5 : 702.38"
"0,6 : 432.77"
"0,7 : 154.3"
"0,8 : 440.19"
"0,9 : 648.59"
"0,10 : 752.88"
"0,11 : 407.28"
"0,12 : 570.51"
"0,13 : 771.98"
"0,14 : 101.61"
"0,15 : 505.62"
"0,16 : 501.22"
"0,17 : 398.1"
"0,18 : 478.15"
"0,19 : 640.6"
"0,20 : 645.37"
"0,21 : 569.55"
"0,22 : 483.74"
"0,23 : 329.02"
"0,24 : 275.91"
"0,25 : 629.85"
"0,26 : 307.61"
"0,27 : 167.91"
"0,28 : 623.17"
"0,29 : 120.21"
"0,30 : 353.24"
"0,31 : 102.61"
"0,32 : 459.2"
"0,33 : 468.54"
"0,34 : 153.4"
"0,35 : 220.23"
"0,36 : 726.78"
"0,37 : 442.24"
"0,38 : 715.05"
"0,39 : 614.22"
"0,40 : 688.24"
"0,41 : 255.22"
"0,42 : 320.38"
"0,43 : 457.24"
"0,44 : 356.97"
"0,45 : 231.14"
"0,46 : 270.83"
"0,47 : 459.08"
"0,48 : 314.4"
"0,49 : 634.56"
"1,0 : 483.37"
"1,1 : 0.0"
"1,2 : 258.99"
"1,3 : 752.28"
"1,4 : 416.4"
"1,5 : 369.17"
"1,6 : 72.11"
"1,7 : 330.55"
"1,8 : 55.15"
"1,9 : 426.41"
"1,10 : 346.66"
"1,11 : 587.44"
"1,12 : 199.09"
"1,13 : 289.36"
"1,14 : 533.16"
"1,15 : 589.64"
"1,16 : 475.63"
"1,17 : 451.43"
"1,18 : 666.85"
"1,19 : 545.64"
"1,20 : 177.05"
"1,21 : 481.78"
"1,22 : 319.32"
"1,23 : 511.05"
"1,24 : 456.48"
"1,25 : 746.51"
"1,26 : 267.59"
"1,27 : 381.89"
"1,28 : 534.8"
"1,29 : 434.0"
"1,30 : 262.23"
"1,31 : 495.99"
"1,32 : 179.55"
"1,33 : 155.01"
"1,34 : 562.02"
"1,35 : 565.28"
"1,36 : 627.91"
"1,37 : 83.55"
"1,38 : 800.16"
"1,39 : 817.14"
"1,40 : 358.26"
"1,41 : 707.53"
"1,42 : 546.32"
"1,43 : 381.84"
"1,44 : 127.14"
"1,45 : 330.07"
"1,46 : 663.37"
"1,47 : 725.89"
"1,48 : 237.12"
"1,49 : 635.61"
"2,0 : 285.17"
"2,1 : 258.99"
"2,2 : 0.0"
"2,3 : 713.63"
"2,4 : 512.52"
"2,5 : 589.7"
"2,6 : 189.62"
"2,7 : 148.72"
"2,8 : 241.1"
"2,9 : 598.12"
"2,10 : 595.01"
"2,11 : 564.78"
"2,12 : 423.13"
"2,13 : 524.38"
"2,14 : 299.82"
"2,15 : 618.56"
"2,16 : 548.73"
"2,17 : 475.95"
"2,18 : 647.96"
"2,19 : 663.72"
"2,20 : 386.01"
"2,21 : 589.38"
"2,22 : 214.67"
"2,23 : 475.57"
"2,24 : 409.08"
"2,25 : 771.56"
"2,26 : 280.28"
"2,27 : 278.0"
"2,28 : 648.47"
"2,29 : 299.69"
"2,30 : 75.82"
"2,31 : 259.26"
"2,32 : 176.03"
"2,33 : 189.17"
"2,34 : 413.7"
"2,35 : 451.4"
"2,36 : 754.39"
"2,37 : 264.97"
"2,38 : 844.67"
"2,39 : 800.81"
"2,40 : 576.62"
"2,41 : 465.7"
"2,42 : 493.21"
"2,43 : 466.28"
"2,44 : 151.18"
"2,45 : 274.0"
"2,46 : 532.41"
"2,47 : 669.64"
"2,48 : 30.02"
"2,49 : 712.26"
"3,0 : 514.75"
"3,1 : 752.28"
"3,2 : 713.63"
"3,3 : 0.0"
"3,4 : 410.95"
"3,5 : 700.03"
"3,6 : 749.43"
"3,7 : 572.8"
"3,8 : 697.48"
"3,9 : 564.59"
"3,10 : 810.42"
"3,11 : 165.02"
"3,12 : 685.42"
"3,13 : 997.7"
"3,14 : 603.33"
"3,15 : 217.68"
"3,16 : 348.01"
"3,17 : 310.57"
"3,18 : 93.54"
"3,19 : 428.34"
"3,20 : 924.46"
"3,21 : 409.94"
"3,22 : 926.93"
"3,23 : 245.41"
"3,24 : 308.85"
"3,25 : 185.41"
"3,26 : 487.94"
"3,27 : 435.97"
"3,28 : 417.22"
"3,29 : 427.6"
"3,30 : 788.86"
"3,31 : 616.34"
"3,32 : 841.97"
"3,33 : 836.19"
"3,34 : 369.24"
"3,35 : 294.84"
"3,36 : 462.95"
"3,37 : 671.29"
"3,38 : 265.29"
"3,39 : 101.97"
"3,40 : 690.01"
"3,41 : 671.43"
"3,42 : 220.69"
"3,43 : 413.85"
"3,44 : 673.8"
"3,45 : 449.11"
"3,46 : 285.0"
"3,47 : 61.01"
"3,48 : 733.0"
"3,49 : 319.41"
"4,0 : 500.46"
"4,1 : 416.4"
"4,2 : 512.52"
"4,3 : 410.95"
"4,4 : 0.0"
"4,5 : 291.99"
"4,6 : 445.59"
"4,7 : 435.04"
"4,8 : 370.06"
"4,9 : 172.71"
"4,10 : 399.5"
"4,11 : 265.84"
"4,12 : 288.95"
"4,13 : 608.95"
"4,14 : 598.89"
"4,15 : 201.65"
"4,16 : 67.23"
"4,17 : 131.73"
"4,18 : 317.51"
"4,19 : 152.0"
"4,20 : 564.54"
"4,21 : 77.06"
"4,22 : 687.49"
"4,23 : 246.71"
"4,24 : 251.73"
"4,25 : 344.72"
"4,26 : 235.0"
"4,27 : 333.78"
"4,28 : 136.18"
"4,29 : 382.21"
"4,30 : 571.11"
"4,31 : 583.88"
"4,32 : 563.77"
"4,33 : 547.4"
"4,34 : 452.69"
"4,35 : 396.84"
"4,36 : 243.0"
"4,37 : 334.77"
"4,38 : 387.13"
"4,39 : 443.19"
"4,40 : 281.03"
"4,41 : 749.96"
"4,42 : 289.81"
"4,43 : 47.1"
"4,44 : 396.89"
"4,45 : 279.96"
"4,46 : 483.04"
"4,47 : 412.32"
"4,48 : 515.91"
"4,49 : 219.24"
"5,0 : 702.38"
"5,1 : 369.17"
"5,2 : 589.7"
"5,3 : 700.03"
"5,4 : 291.99"
"5,5 : 0.0"
"5,6 : 434.43"
"5,7 : 584.84"
"5,8 : 357.77"
"5,9 : 146.11"
"5,10 : 121.64"
"5,11 : 557.62"
"5,12 : 171.41"
"5,13 : 406.01"
"5,14 : 786.63"
"5,15 : 484.46"
"5,16 : 352.09"
"5,17 : 416.19"
"5,18 : 607.21"
"5,19 : 313.09"
"5,20 : 429.77"
"5,21 : 296.14"
"5,22 : 688.47"
"5,23 : 528.25"
"5,24 : 514.28"
"5,25 : 603.7"
"5,26 : 394.82"
"5,27 : 541.78"
"5,28 : 314.03"
"5,29 : 600.7"
"5,30 : 617.72"
"5,31 : 759.77"
"5,32 : 548.66"
"5,33 : 523.69"
"5,34 : 702.46"
"5,35 : 662.49"
"5,36 : 357.46"
"5,37 : 327.3"
"5,38 : 618.55"
"5,39 : 720.29"
"5,40 : 14.14"
"5,41 : 956.72"
"5,42 : 572.59"
"5,43 : 303.99"
"5,44 : 439.18"
"5,45 : 474.25"
"5,46 : 757.15"
"5,47 : 704.19"
"5,48 : 577.72"
"5,49 : 442.11"
"6,0 : 432.77"
"6,1 : 72.11"
"6,2 : 189.62"
"6,3 : 749.43"
"6,4 : 445.59"
"6,5 : 434.43"
"6,6 : 0.0"
"6,7 : 278.47"
"6,8 : 81.74"
"6,9 : 478.53"
"6,10 : 418.15"
"6,11 : 586.42"
"6,12 : 263.05"
"6,13 : 342.19"
"6,14 : 473.77"
"6,15 : 603.26"
"6,16 : 499.54"
"6,17 : 460.33"
"6,18 : 668.32"
"6,19 : 584.06"
"6,20 : 212.76"
"6,21 : 516.01"
"6,22 : 258.23"
"6,23 : 504.59"
"6,24 : 444.95"
"6,25 : 761.36"
"6,26 : 262.0"
"6,27 : 351.68"
"6,28 : 571.78"
"6,29 : 398.25"
"6,30 : 190.28"
"6,31 : 435.3"
"6,32 : 121.81"
"6,33 : 102.32"
"6,34 : 526.03"
"6,35 : 538.61"
"6,36 : 669.77"
"6,37 : 118.07"
"6,38 : 821.01"
"6,39 : 821.24"
"6,40 : 422.83"
"6,41 : 646.31"
"6,42 : 535.86"
"6,43 : 406.31"
"6,44 : 82.0"
"6,45 : 309.49"
"6,46 : 633.76"
"6,47 : 717.8"
"6,48 : 166.21"
"6,49 : 663.54"
"7,0 : 154.3"
"7,1 : 330.55"
"7,2 : 148.72"
"7,3 : 572.8"
"7,4 : 435.04"
"7,5 : 584.84"
"7,6 : 278.47"
"7,7 : 0.0"
"7,8 : 290.08"
"7,9 : 556.48"
"7,10 : 619.94"
"7,11 : 432.02"
"7,12 : 437.38"
"7,13 : 618.29"
"7,14 : 208.9"
"7,15 : 501.61"
"7,16 : 456.02"
"7,17 : 367.15"
"7,18 : 513.52"
"7,19 : 585.73"
"7,20 : 491.09"
"7,21 : 510.9"
"7,22 : 362.23"
"7,23 : 343.05"
"7,24 : 277.09"
"7,25 : 647.6"
"7,26 : 206.19"
"7,27 : 139.12"
"7,28 : 569.07"
"7,29 : 151.49"
"7,30 : 223.9"
"7,31 : 176.92"
"7,32 : 312.93"
"7,33 : 319.31"
"7,34 : 266.31"
"7,35 : 303.0"
"7,36 : 676.23"
"7,37 : 296.52"
"7,38 : 725.83"
"7,39 : 663.81"
"7,40 : 570.82"
"7,41 : 384.41"
"7,42 : 354.5"
"7,43 : 388.15"
"7,44 : 203.57"
"7,45 : 160.2"
"7,46 : 384.16"
"7,47 : 525.96"
"7,48 : 174.41"
"7,49 : 611.15"
"8,0 : 440.19"
"8,1 : 55.15"
"8,2 : 241.1"
"8,3 : 697.48"
"8,4 : 370.06"
"8,5 : 357.77"
"8,6 : 81.74"
"8,7 : 290.08"
"8,8 : 0.0"
"8,9 : 396.79"
"8,10 : 353.93"
"8,11 : 532.74"
"8,12 : 186.9"
"8,13 : 337.78"
"8,14 : 496.73"
"8,15 : 537.72"
"8,16 : 427.04"
"8,17 : 398.1"
"8,18 : 612.5"
"8,19 : 504.87"
"8,20 : 231.73"
"8,21 : 438.32"
"8,22 : 339.71"
"8,23 : 455.94"
"8,24 : 401.38"
"8,25 : 695.12"
"8,26 : 212.45"
"8,27 : 330.04"
"8,28 : 493.09"
"8,29 : 383.69"
"8,30 : 260.26"
"8,31 : 461.16"
"8,32 : 203.39"
"8,33 : 182.69"
"8,34 : 511.25"
"8,35 : 511.89"
"8,36 : 589.6"
"8,37 : 36.69"
"8,38 : 750.82"
"8,39 : 763.29"
"8,40 : 345.63"
"8,41 : 672.15"
"8,42 : 491.17"
"8,43 : 333.21"
"8,44 : 93.43"
"8,45 : 276.21"
"8,46 : 610.48"
"8,47 : 670.78"
"8,48 : 224.27"
"8,49 : 589.09"
"9,0 : 648.59"
"9,1 : 426.41"
"9,2 : 598.12"
"9,3 : 564.59"
"9,4 : 172.71"
"9,5 : 146.11"
"9,6 : 478.53"
"9,7 : 556.48"
"9,8 : 396.79"
"9,9 : 0.0"
"9,10 : 267.23"
"9,11 : 433.04"
"9,12 : 239.73"
"9,13 : 533.94"
"9,14 : 742.12"
"9,15 : 347.05"
"9,16 : 221.21"
"9,17 : 304.4"
"9,18 : 473.35"
"9,19 : 167.34"
"9,20 : 530.8"
"9,21 : 155.08"
"9,22 : 736.24"
"9,23 : 419.4"
"9,24 : 420.29"
"9,25 : 458.53"
"9,26 : 351.13"
"9,27 : 481.05"
"9,28 : 167.92"
"9,29 : 535.52"
"9,30 : 641.95"
"9,31 : 721.48"
"9,32 : 599.91"
"9,33 : 578.03"
"9,34 : 619.19"
"9,35 : 567.52"
"9,36 : 221.42"
"9,37 : 360.8"
"9,38 : 472.62"
"9,39 : 577.91"
"9,40 : 140.53"
"9,41 : 902.81"
"9,42 : 462.49"
"9,43 : 201.66"
"9,44 : 457.53"
"9,45 : 418.31"
"9,46 : 655.47"
"9,47 : 574.63"
"9,48 : 593.25"
"9,49 : 296.0"
"10,0 : 752.88"
"10,1 : 346.66"
"10,2 : 595.01"
"10,3 : 810.42"
"10,4 : 399.5"
"10,5 : 121.64"
"10,6 : 418.15"
"10,7 : 619.94"
"10,8 : 353.93"
"10,9 : 267.23"
"10,10 : 0.0"
"10,11 : 661.47"
"10,12 : 182.88"
"10,13 : 301.88"
"10,14 : 827.89"
"10,15 : 597.72"
"10,16 : 463.29"
"10,17 : 515.06"
"10,18 : 717.01"
"10,19 : 434.49"
"10,20 : 355.74"
"10,21 : 413.54"
"10,22 : 655.63"
"10,23 : 622.25"
"10,24 : 598.94"
"10,25 : 722.8"
"10,26 : 452.36"
"10,27 : 602.72"
"10,28 : 434.94"
"10,29 : 662.66"
"10,30 : 608.31"
"10,31 : 796.82"
"10,32 : 518.3"
"10,33 : 491.76"
"10,34 : 774.85"
"10,35 : 744.11"
"10,36 : 477.88"
"10,37 : 332.52"
"10,38 : 739.85"
"10,39 : 836.38"
"10,40 : 126.87"
"10,41 : 1002.17"
"10,42 : 666.48"
"10,43 : 402.91"
"10,44 : 445.41"
"10,45 : 535.0"
"10,46 : 842.04"
"10,47 : 810.1"
"10,48 : 577.6"
"10,49 : 562.97"
"11,0 : 407.28"
"11,1 : 587.44"
"11,2 : 564.78"
"11,3 : 165.02"
"11,4 : 265.84"
"11,5 : 557.62"
"11,6 : 586.42"
"11,7 : 432.02"
"11,8 : 532.74"
"11,9 : 433.04"
"11,10 : 661.47"
"11,11 : 0.0"
"11,12 : 525.59"
"11,13 : 834.47"
"11,14 : 505.62"
"11,15 : 120.93"
"11,16 : 212.23"
"11,17 : 149.48"
"11,18 : 83.63"
"11,19 : 327.8"
"11,20 : 759.44"
"11,21 : 286.3"
"11,22 : 774.94"
"11,23 : 89.36"
"11,24 : 155.93"
"11,25 : 222.77"
"11,26 : 324.45"
"11,27 : 292.92"
"11,28 : 312.71"
"11,29 : 300.31"
"11,30 : 638.62"
"11,31 : 509.29"
"11,32 : 682.71"
"11,33 : 675.54"
"11,34 : 287.38"
"11,35 : 209.34"
"11,36 : 389.34"
"11,37 : 506.28"
"11,38 : 307.86"
"11,39 : 237.74"
"11,40 : 546.37"
"11,41 : 610.72"
"11,42 : 87.09"
"11,43 : 259.01"
"11,44 : 512.41"
"11,45 : 293.2"
"11,46 : 257.98"
"11,47 : 149.48"
"11,48 : 581.61"
"11,49 : 260.16"
"12,0 : 570.51"
"12,1 : 199.09"
"12,2 : 423.13"
"12,3 : 685.42"
"12,4 : 288.95"
"12,5 : 171.41"
"12,6 : 263.05"
"12,7 : 437.38"
"12,8 : 186.9"
"12,9 : 239.73"
"12,10 : 182.88"
"12,11 : 525.59"
"12,12 : 0.0"
"12,13 : 320.04"
"12,14 : 645.06"
"12,15 : 488.08"
"12,16 : 355.98"
"12,17 : 376.2"
"12,18 : 592.82"
"12,19 : 383.84"
"12,20 : 292.64"
"12,21 : 334.07"
"12,22 : 518.18"
"12,23 : 471.18"
"12,24 : 437.12"
"12,25 : 633.47"
"12,26 : 274.27"
"12,27 : 423.91"
"12,28 : 376.92"
"12,29 : 483.74"
"12,30 : 447.15"
"12,31 : 614.3"
"12,32 : 378.53"
"12,33 : 354.09"
"12,34 : 600.22"
"12,35 : 576.58"
"12,36 : 455.7"
"12,37 : 158.34"
"12,38 : 670.45"
"12,39 : 729.09"
"12,40 : 159.81"
"12,41 : 819.3"
"12,42 : 514.0"
"12,43 : 273.22"
"12,44 : 271.95"
"12,45 : 356.93"
"12,46 : 676.28"
"12,47 : 674.6"
"12,48 : 409.18"
"12,49 : 494.77"
"13,0 : 771.98"
"13,1 : 289.36"
"13,2 : 524.38"
"13,3 : 997.7"
"13,4 : 608.95"
"13,5 : 406.01"
"13,6 : 342.19"
"13,7 : 618.29"
"13,8 : 337.78"
"13,9 : 533.94"
"13,10 : 301.88"
"13,11 : 834.47"
"13,12 : 320.04"
"13,13 : 0.0"
"13,14 : 815.87"
"13,15 : 806.99"
"13,16 : 675.89"
"13,17 : 687.19"
"13,18 : 906.56"
"13,19 : 694.1"
"13,20 : 142.8"
"13,21 : 651.52"
"13,22 : 479.86"
"13,23 : 769.56"
"13,24 : 723.72"
"13,25 : 953.51"
"13,26 : 537.72"
"13,27 : 667.24"
"13,28 : 689.55"
"13,29 : 721.47"
"13,30 : 498.46"
"13,31 : 777.14"
"13,32 : 373.8"
"13,33 : 350.06"
"13,34 : 848.9"
"13,35 : 845.95"
"13,36 : 755.2"
"13,37 : 348.21"
"13,38 : 988.76"
"13,39 : 1047.05"
"13,40 : 404.36"
"13,41 : 987.62"
"13,42 : 809.37"
"13,43 : 590.83"
"13,44 : 415.01"
"13,45 : 610.3"
"13,46 : 945.54"
"13,47 : 980.99"
"13,48 : 496.87"
"13,49 : 811.78"
"14,0 : 101.61"
"14,1 : 533.16"
"14,2 : 299.82"
"14,3 : 603.33"
"14,4 : 598.89"
"14,5 : 786.63"
"14,6 : 473.77"
"14,7 : 208.9"
"14,8 : 496.73"
"14,9 : 742.12"
"14,10 : 827.89"
"14,11 : 505.62"
"14,12 : 645.06"
"14,13 : 815.87"
"14,14 : 0.0"
"14,15 : 606.53"
"14,16 : 602.0"
"14,17 : 499.38"
"14,18 : 573.61"
"14,19 : 740.93"
"14,20 : 681.84"
"14,21 : 669.24"
"14,22 : 469.0"
"14,23 : 429.56"
"14,24 : 377.48"
"14,25 : 727.48"
"14,26 : 394.8"
"14,27 : 265.11"
"14,28 : 723.53"
"14,29 : 221.44"
"14,30 : 354.11"
"14,31 : 41.0"
"14,32 : 474.52"
"14,33 : 488.95"
"14,34 : 234.33"
"14,35 : 309.49"
"14,36 : 827.66"
"14,37 : 505.13"
"14,38 : 813.42"
"14,39 : 704.28"
"14,40 : 772.51"
"14,41 : 175.64"
"14,42 : 418.53"
"14,43 : 554.77"
"14,44 : 406.59"
"14,45 : 323.99"
"14,46 : 339.75"
"14,47 : 545.5"
"14,48 : 329.69"
"14,49 : 736.11"
"15,0 : 505.62"
"15,1 : 589.64"
"15,2 : 618.56"
"15,3 : 217.68"
"15,4 : 201.65"
"15,5 : 484.46"
"15,6 : 603.26"
"15,7 : 501.61"
"15,8 : 537.72"
"15,9 : 347.05"
"15,10 : 597.72"
"15,11 : 120.93"
"15,12 : 488.08"
"15,13 : 806.99"
"15,14 : 606.53"
"15,15 : 0.0"
"15,16 : 135.15"
"15,17 : 145.06"
"15,18 : 128.44"
"15,19 : 216.9"
"15,20 : 751.24"
"15,21 : 192.26"
"15,22 : 818.94"
"15,23 : 177.25"
"15,24 : 232.48"
"15,25 : 158.14"
"15,26 : 349.46"
"15,27 : 367.44"
"15,28 : 203.79"
"15,29 : 390.13"
"15,30 : 688.27"
"15,31 : 605.0"
"15,32 : 711.61"
"15,33 : 700.15"
"15,34 : 400.77"
"15,35 : 325.02"
"15,36 : 270.15"
"15,37 : 506.11"
"15,38 : 226.12"
"15,39 : 241.61"
"15,40 : 475.01"
"15,41 : 723.93"
"15,42 : 197.65"
"15,43 : 216.53"
"15,44 : 538.4"
"15,45 : 346.45"
"15,46 : 378.91"
"15,47 : 234.16"
"15,48 : 630.58"
"15,49 : 139.59"
"16,0 : 501.22"
"16,1 : 475.63"
"16,2 : 548.73"
"16,3 : 348.01"
"16,4 : 67.23"
"16,5 : 352.09"
"16,6 : 499.54"
"16,7 : 456.02"
"16,8 : 427.04"
"16,9 : 221.21"
"16,10 : 463.29"
"16,11 : 212.23"
"16,12 : 355.98"
"16,13 : 675.89"
"16,14 : 602.0"
"16,15 : 135.15"
"16,16 : 0.0"
"16,17 : 105.68"
"16,18 : 255.13"
"16,19 : 140.43"
"16,20 : 628.54"
"16,21 : 77.99"
"16,22 : 733.77"
"16,23 : 212.17"
"16,24 : 234.3"
"16,25 : 278.26"
"16,26 : 268.5"
"16,27 : 340.07"
"16,28 : 122.98"
"16,29 : 381.06"
"16,30 : 611.77"
"16,31 : 591.38"
"16,32 : 615.02"
"16,33 : 600.25"
"16,34 : 433.38"
"16,35 : 369.64"
"16,36 : 225.68"
"16,37 : 392.82"
"16,38 : 324.69"
"16,39 : 376.37"
"16,40 : 342.01"
"16,41 : 743.33"
"16,42 : 251.75"
"16,43 : 93.86"
"16,44 : 444.6"
"16,45 : 296.24"
"16,46 : 447.77"
"16,47 : 353.95"
"16,48 : 555.21"
"16,49 : 165.71"
"17,0 : 398.1"
"17,1 : 451.43"
"17,2 : 475.95"
"17,3 : 310.57"
"17,4 : 131.73"
"17,5 : 416.19"
"17,6 : 460.33"
"17,7 : 367.15"
"17,8 : 398.1"
"17,9 : 304.4"
"17,10 : 515.06"
"17,11 : 149.48"
"17,12 : 376.2"
"17,13 : 687.19"
"17,14 : 499.38"
"17,15 : 145.06"
"17,16 : 105.68"
"17,17 : 0.0"
"17,18 : 219.69"
"17,19 : 246.01"
"17,20 : 618.69"
"17,21 : 181.02"
"17,22 : 674.13"
"17,23 : 115.0"
"17,24 : 128.63"
"17,25 : 302.61"
"17,26 : 204.42"
"17,27 : 241.6"
"17,28 : 228.59"
"17,29 : 277.96"
"17,30 : 544.44"
"17,31 : 490.9"
"17,32 : 566.94"
"17,33 : 555.99"
"17,34 : 328.4"
"17,35 : 267.42"
"17,36 : 329.36"
"17,37 : 368.41"
"17,38 : 369.9"
"17,39 : 366.23"
"17,40 : 404.15"
"17,41 : 637.9"
"17,42 : 158.4"
"17,43 : 112.61"
"17,44 : 393.72"
"17,45 : 207.88"
"17,46 : 351.43"
"17,47 : 298.83"
"17,48 : 486.81"
"17,49 : 244.4"
"18,0 : 478.15"
"18,1 : 666.85"
"18,2 : 647.96"
"18,3 : 93.54"
"18,4 : 317.51"
"18,5 : 607.21"
"18,6 : 668.32"
"18,7 : 513.52"
"18,8 : 612.5"
"18,9 : 473.35"
"18,10 : 717.01"
"18,11 : 83.63"
"18,12 : 592.82"
"18,13 : 906.56"
"18,14 : 573.61"
"18,15 : 128.44"
"18,16 : 255.13"
"18,17 : 219.69"
"18,18 : 0.0"
"18,19 : 344.16"
"18,20 : 837.0"
"18,21 : 319.49"
"18,22 : 858.49"
"18,23 : 172.41"
"18,24 : 238.89"
"18,25 : 158.27"
"18,26 : 406.37"
"18,27 : 374.46"
"18,28 : 331.7"
"18,29 : 377.22"
"18,30 : 722.0"
"18,31 : 580.75"
"18,32 : 765.97"
"18,33 : 758.46"
"18,34 : 346.04"
"18,35 : 267.12"
"18,36 : 388.73"
"18,37 : 584.85"
"18,38 : 246.09"
"18,39 : 154.18"
"18,40 : 597.03"
"18,41 : 664.59"
"18,42 : 161.19"
"18,43 : 320.66"
"18,44 : 595.2"
"18,45 : 376.82"
"18,46 : 289.98"
"18,47 : 106.94"
"18,48 : 665.08"
"18,49 : 247.63"
"19,0 : 640.6"
"19,1 : 545.64"
"19,2 : 663.72"
"19,3 : 428.34"
"19,4 : 152.0"
"19,5 : 313.09"
"19,6 : 584.06"
"19,7 : 585.73"
"19,8 : 504.87"
"19,9 : 167.34"
"19,10 : 434.49"
"19,11 : 327.8"
"19,12 : 383.84"
"19,13 : 694.1"
"19,14 : 740.93"
"19,15 : 216.9"
"19,16 : 140.43"
"19,17 : 246.01"
"19,18 : 344.16"
"19,19 : 0.0"
"19,20 : 675.14"
"19,21 : 75.06"
"19,22 : 832.86"
"19,23 : 347.5"
"19,24 : 374.54"
"19,25 : 297.89"
"19,26 : 387.0"
"19,27 : 477.33"
"19,28 : 17.46"
"19,29 : 520.6"
"19,30 : 720.56"
"19,31 : 728.85"
"19,32 : 704.69"
"19,33 : 686.37"
"19,34 : 572.49"
"19,35 : 506.24"
"19,36 : 91.0"
"19,37 : 468.39"
"19,38 : 305.49"
"19,39 : 424.62"
"19,40 : 307.87"
"19,41 : 883.75"
"19,42 : 383.69"
"19,43 : 199.02"
"19,44 : 542.8"
"19,45 : 428.44"
"19,46 : 578.41"
"19,47 : 450.72"
"19,48 : 666.11"
"19,49 : 130.61"
"20,0 : 645.37"
"20,1 : 177.05"
"20,2 : 386.01"
"20,3 : 924.46"
"20,4 : 564.54"
"20,5 : 429.77"
"20,6 : 212.76"
"20,7 : 491.09"
"20,8 : 231.73"
"20,9 : 530.8"
"20,10 : 355.74"
"20,11 : 759.44"
"20,12 : 292.64"
"20,13 : 142.8"
"20,14 : 681.84"
"20,15 : 751.24"
"20,16 : 628.54"
"20,17 : 618.69"
"20,18 : 837.0"
"20,19 : 675.14"
"20,20 : 0.0"
"20,21 : 620.43"
"20,22 : 341.43"
"20,23 : 685.77"
"20,24 : 632.78"
"20,25 : 905.24"
"20,26 : 443.67"
"20,27 : 557.17"
"20,28 : 667.2"
"20,29 : 607.32"
"20,30 : 356.2"
"20,31 : 642.3"
"20,32 : 231.01"
"20,33 : 207.47"
"20,34 : 735.5"
"20,35 : 741.78"
"20,36 : 748.34"
"20,37 : 253.69"
"20,38 : 951.64"
"20,39 : 984.75"
"20,40 : 423.52"
"20,41 : 851.29"
"20,42 : 722.11"
"20,43 : 536.85"
"20,44 : 292.0"
"20,45 : 506.99"
"20,46 : 839.34"
"20,47 : 900.47"
"20,48 : 357.65"
"20,49 : 779.94"
"21,0 : 569.55"
"21,1 : 481.78"
"21,2 : 589.38"
"21,3 : 409.94"
"21,4 : 77.06"
"21,5 : 296.14"
"21,6 : 516.01"
"21,7 : 510.9"
"21,8 : 438.32"
"21,9 : 155.08"
"21,10 : 413.54"
"21,11 : 286.3"
"21,12 : 334.07"
"21,13 : 651.52"
"21,14 : 669.24"
"21,15 : 192.26"
"21,16 : 77.99"
"21,17 : 181.02"
"21,18 : 319.49"
"21,19 : 75.06"
"21,20 : 620.43"
"21,21 : 0.0"
"21,22 : 761.68"
"21,23 : 290.08"
"21,24 : 309.02"
"21,25 : 309.9"
"21,26 : 312.03"
"21,27 : 404.77"
"21,28 : 59.14"
"21,29 : 450.01"
"21,30 : 647.22"
"21,31 : 656.03"
"21,32 : 635.64"
"21,33 : 618.24"
"21,34 : 509.42"
"21,35 : 447.12"
"21,36 : 166.03"
"21,37 : 402.24"
"21,38 : 337.27"
"21,39 : 424.2"
"21,40 : 287.92"
"21,41 : 815.53"
"21,42 : 329.71"
"21,43 : 124.0"
"21,44 : 471.16"
"21,45 : 354.19"
"21,46 : 525.73"
"21,47 : 422.57"
"21,48 : 592.35"
"21,49 : 160.7"
"22,0 : 483.74"
"22,1 : 319.32"
"22,2 : 214.67"
"22,3 : 926.93"
"22,4 : 687.49"
"22,5 : 688.47"
"22,6 : 258.23"
"22,7 : 362.23"
"22,8 : 339.71"
"22,9 : 736.24"
"22,10 : 655.63"
"22,11 : 774.94"
"22,12 : 518.18"
"22,13 : 479.86"
"22,14 : 469.0"
"22,15 : 818.94"
"22,16 : 733.77"
"22,17 : 674.13"
"22,18 : 858.49"
"22,19 : 832.86"
"22,20 : 341.43"
"22,21 : 761.68"
"22,22 : 0.0"
"22,23 : 686.29"
"22,24 : 620.22"
"22,25 : 974.99"
"22,26 : 470.59"
"22,27 : 492.18"
"22,28 : 819.36"
"22,29 : 513.69"
"22,30 : 138.85"
"22,31 : 429.06"
"22,32 : 139.81"
"22,33 : 165.22"
"22,34 : 623.23"
"22,35 : 665.21"
"22,36 : 920.91"
"22,37 : 375.45"
"22,38 : 1043.84"
"22,39 : 1012.14"
"22,40 : 677.57"
"22,41 : 607.05"
"22,42 : 706.26"
"22,43 : 644.2"
"22,44 : 290.61"
"22,45 : 481.86"
"22,46 : 743.06"
"22,47 : 883.94"
"22,48 : 193.93"
"22,49 : 899.47"
"23,0 : 329.02"
"23,1 : 511.05"
"23,2 : 475.57"
"23,3 : 245.41"
"23,4 : 246.71"
"23,5 : 528.25"
"23,6 : 504.59"
"23,7 : 343.05"
"23,8 : 455.94"
"23,9 : 419.4"
"23,10 : 622.25"
"23,11 : 89.36"
"23,12 : 471.18"
"23,13 : 769.56"
"23,14 : 429.56"
"23,15 : 177.25"
"23,16 : 212.17"
"23,17 : 115.0"
"23,18 : 172.41"
"23,19 : 347.5"
"23,20 : 685.77"
"23,21 : 290.08"
"23,22 : 686.29"
"23,23 : 0.0"
"23,24 : 66.57"
"23,25 : 307.15"
"23,26 : 244.24"
"23,27 : 204.09"
"23,28 : 330.63"
"23,29 : 216.23"
"23,30 : 549.61"
"23,31 : 429.42"
"23,32 : 596.89"
"23,33 : 590.81"
"23,34 : 228.6"
"23,35 : 158.81"
"23,36 : 422.75"
"23,37 : 432.14"
"23,38 : 389.34"
"23,39 : 325.85"
"23,40 : 515.8"
"23,41 : 549.3"
"23,42 : 44.38"
"23,43 : 224.54"
"23,44 : 428.42"
"23,45 : 205.14"
"23,46 : 236.92"
"23,47 : 214.85"
"23,48 : 492.74"
"23,49 : 311.4"
"24,0 : 275.91"
"24,1 : 456.48"
"24,2 : 409.08"
"24,3 : 308.85"
"24,4 : 251.73"
"24,5 : 514.28"
"24,6 : 444.95"
"24,7 : 277.09"
"24,8 : 401.38"
"24,9 : 420.29"
"24,10 : 598.94"
"24,11 : 155.93"
"24,12 : 437.12"
"24,13 : 723.72"
"24,14 : 377.48"
"24,15 : 232.48"
"24,16 : 234.3"
"24,17 : 128.63"
"24,18 : 238.89"
"24,19 : 374.54"
"24,20 : 632.78"
"24,21 : 309.02"
"24,22 : 620.22"
"24,23 : 66.57"
"24,24 : 0.0"
"24,25 : 371.25"
"24,26 : 189.11"
"24,27 : 138.58"
"24,28 : 357.15"
"24,29 : 158.08"
"24,30 : 483.26"
"24,31 : 373.39"
"24,32 : 533.34"
"24,33 : 528.25"
"24,34 : 201.22"
"24,35 : 148.61"
"24,36 : 456.55"
"24,37 : 380.38"
"24,38 : 451.62"
"24,39 : 392.0"
"24,40 : 501.08"
"24,41 : 509.91"
"24,42 : 90.92"
"24,43 : 218.81"
"24,44 : 366.99"
"24,45 : 140.26"
"24,46 : 243.52"
"24,47 : 273.06"
"24,48 : 426.52"
"24,49 : 358.64"
"25,0 : 629.85"
"25,1 : 746.51"
"25,2 : 771.56"
"25,3 : 185.41"
"25,4 : 344.72"
"25,5 : 603.7"
"25,6 : 761.36"
"25,7 : 647.6"
"25,8 : 695.12"
"25,9 : 458.53"
"25,10 : 722.8"
"25,11 : 222.77"
"25,12 : 633.47"
"25,13 : 953.51"
"25,14 : 727.48"
"25,15 : 158.14"
"25,16 : 278.26"
"25,17 : 302.61"
"25,18 : 158.27"
"25,19 : 297.89"
"25,20 : 905.24"
"25,21 : 309.9"
"25,22 : 974.99"
"25,23 : 307.15"
"25,24 : 371.25"
"25,25 : 0.0"
"25,26 : 506.86"
"25,27 : 509.78"
"25,28 : 292.61"
"25,29 : 522.37"
"25,30 : 842.71"
"25,31 : 732.0"
"25,32 : 869.52"
"25,33 : 858.25"
"25,34 : 503.22"
"25,35 : 424.17"
"25,36 : 304.69"
"25,37 : 662.97"
"25,38 : 87.82"
"25,39 : 135.07"
"25,40 : 596.43"
"25,41 : 822.83"
"25,42 : 309.47"
"25,43 : 368.4"
"25,44 : 696.3"
"25,45 : 497.75"
"25,46 : 446.28"
"25,47 : 237.19"
"25,48 : 785.02"
"25,49 : 169.03"
"26,0 : 307.61"
"26,1 : 267.59"
"26,2 : 280.28"
"26,3 : 487.94"
"26,4 : 235.0"
"26,5 : 394.82"
"26,6 : 262.0"
"26,7 : 206.19"
"26,8 : 212.45"
"26,9 : 351.13"
"26,10 : 452.36"
"26,11 : 324.45"
"26,12 : 274.27"
"26,13 : 537.72"
"26,14 : 394.8"
"26,15 : 349.46"
"26,16 : 268.5"
"26,17 : 204.42"
"26,18 : 406.37"
"26,19 : 387.0"
"26,20 : 443.67"
"26,21 : 312.03"
"26,22 : 470.59"
"26,23 : 244.24"
"26,24 : 189.11"
"26,25 : 506.86"
"26,26 : 0.0"
"26,27 : 150.36"
"26,28 : 371.09"
"26,29 : 210.3"
"26,30 : 344.14"
"26,31 : 371.53"
"26,32 : 363.25"
"26,33 : 353.58"
"26,34 : 326.52"
"26,35 : 310.32"
"26,36 : 478.0"
"26,37 : 191.66"
"26,38 : 573.42"
"26,39 : 559.57"
"26,40 : 380.69"
"26,41 : 562.35"
"26,42 : 278.73"
"26,43 : 188.04"
"26,44 : 190.37"
"26,45 : 82.76"
"26,46 : 410.59"
"26,47 : 458.86"
"26,48 : 287.14"
"26,49 : 432.68"
"27,0 : 167.91"
"27,1 : 381.89"
"27,2 : 278.0"
"27,3 : 435.97"
"27,4 : 333.78"
"27,5 : 541.78"
"27,6 : 351.68"
"27,7 : 139.12"
"27,8 : 330.04"
"27,9 : 481.05"
"27,10 : 602.72"
"27,11 : 292.92"
"27,12 : 423.91"
"27,13 : 667.24"
"27,14 : 265.11"
"27,15 : 367.44"
"27,16 : 340.07"
"27,17 : 241.6"
"27,18 : 374.46"
"27,19 : 477.33"
"27,20 : 557.17"
"27,21 : 404.77"
"27,22 : 492.18"
"27,23 : 204.09"
"27,24 : 138.58"
"27,25 : 509.78"
"27,26 : 150.36"
"27,27 : 0.0"
"27,28 : 460.03"
"27,29 : 59.94"
"27,30 : 353.56"
"27,31 : 251.54"
"27,32 : 420.37"
"27,33 : 420.0"
"27,34 : 182.21"
"27,35 : 187.21"
"27,36 : 565.39"
"27,37 : 320.41"
"27,38 : 589.47"
"27,39 : 525.3"
"27,40 : 527.71"
"27,41 : 421.81"
"27,42 : 216.23"
"27,43 : 289.8"
"27,44 : 269.71"
"27,45 : 67.96"
"27,46 : 282.46"
"27,47 : 391.76"
"27,48 : 298.73"
"27,49 : 485.01"
"28,0 : 623.17"
"28,1 : 534.8"
"28,2 : 648.47"
"28,3 : 417.22"
"28,4 : 136.18"
"28,5 : 314.03"
"28,6 : 571.78"
"28,7 : 569.07"
"28,8 : 493.09"
"28,9 : 167.92"
"28,10 : 434.94"
"28,11 : 312.71"
"28,12 : 376.92"
"28,13 : 689.55"
"28,14 : 723.53"
"28,15 : 203.79"
"28,16 : 122.98"
"28,17 : 228.59"
"28,18 : 331.7"
"28,19 : 17.46"
"28,20 : 667.2"
"28,21 : 59.14"
"28,22 : 819.36"
"28,23 : 330.63"
"28,24 : 357.15"
"28,25 : 292.61"
"28,26 : 371.09"
"28,27 : 460.03"
"28,28 : 0.0"
"28,29 : 503.16"
"28,30 : 705.98"
"28,31 : 711.56"
"28,32 : 692.06"
"28,33 : 674.09"
"28,34 : 555.27"
"28,35 : 489.31"
"28,36 : 107.23"
"28,37 : 456.72"
"28,38 : 305.22"
"28,39 : 417.06"
"28,40 : 308.08"
"28,41 : 866.3"
"28,42 : 367.19"
"28,43 : 183.04"
"28,44 : 529.05"
"28,45 : 411.49"
"28,46 : 562.19"
"28,47 : 437.92"
"28,48 : 651.26"
"28,49 : 128.08"
"29,0 : 120.21"
"29,1 : 434.0"
"29,2 : 299.69"
"29,3 : 427.6"
"29,4 : 382.21"
"29,5 : 600.7"
"29,6 : 398.25"
"29,7 : 151.49"
"29,8 : 383.69"
"29,9 : 535.52"
"29,10 : 662.66"
"29,11 : 300.31"
"29,12 : 483.74"
"29,13 : 721.47"
"29,14 : 221.44"
"29,15 : 390.13"
"29,16 : 381.06"
"29,17 : 277.96"
"29,18 : 377.22"
"29,19 : 520.6"
"29,20 : 607.32"
"29,21 : 450.01"
"29,22 : 513.69"
"29,23 : 216.23"
"29,24 : 158.08"
"29,25 : 522.37"
"29,26 : 210.3"
"29,27 : 59.94"
"29,28 : 503.16"
"29,29 : 0.0"
"29,30 : 375.2"
"29,31 : 215.33"
"29,32 : 455.77"
"29,33 : 458.29"
"29,34 : 128.19"
"29,35 : 151.73"
"29,36 : 606.58"
"29,37 : 376.49"
"29,38 : 605.48"
"29,39 : 522.39"
"29,40 : 586.67"
"29,41 : 368.33"
"29,42 : 216.07"
"29,43 : 340.15"
"29,44 : 316.54"
"29,45 : 127.77"
"29,46 : 238.14"
"29,47 : 377.8"
"29,48 : 324.04"
"29,49 : 516.05"
"30,0 : 353.24"
"30,1 : 262.23"
"30,2 : 75.82"
"30,3 : 788.86"
"30,4 : 571.11"
"30,5 : 617.72"
"30,6 : 190.28"
"30,7 : 223.9"
"30,8 : 260.26"
"30,9 : 641.95"
"30,10 : 608.31"
"30,11 : 638.62"
"30,12 : 447.15"
"30,13 : 498.46"
"30,14 : 354.11"
"30,15 : 688.27"
"30,16 : 611.77"
"30,17 : 544.44"
"30,18 : 722.0"
"30,19 : 720.56"
"30,20 : 356.2"
"30,21 : 647.22"
"30,22 : 138.85"
"30,23 : 549.61"
"30,24 : 483.26"
"30,25 : 842.71"
"30,26 : 344.14"
"30,27 : 353.56"
"30,28 : 705.98"
"30,29 : 375.2"
"30,30 : 0.0"
"30,31 : 313.13"
"30,32 : 127.95"
"30,33 : 149.0"
"30,34 : 487.24"
"30,35 : 526.85"
"30,36 : 810.49"
"30,37 : 290.8"
"30,38 : 914.14"
"30,39 : 875.23"
"30,40 : 605.36"
"30,41 : 509.97"
"30,42 : 568.29"
"30,43 : 525.87"
"30,44 : 184.46"
"30,45 : 346.41"
"30,46 : 606.53"
"30,47 : 745.29"
"30,48 : 57.71"
"30,49 : 776.66"
"31,0 : 102.61"
"31,1 : 495.99"
"31,2 : 259.26"
"31,3 : 616.34"
"31,4 : 583.88"
"31,5 : 759.77"
"31,6 : 435.3"
"31,7 : 176.92"
"31,8 : 461.16"
"31,9 : 721.48"
"31,10 : 796.82"
"31,11 : 509.29"
"31,12 : 614.3"
"31,13 : 777.14"
"31,14 : 41.0"
"31,15 : 605.0"
"31,16 : 591.38"
"31,17 : 490.9"
"31,18 : 580.75"
"31,19 : 728.85"
"31,20 : 642.3"
"31,21 : 656.03"
"31,22 : 429.06"
"31,23 : 429.42"
"31,24 : 373.39"
"31,25 : 732.0"
"31,26 : 371.53"
"31,27 : 251.54"
"31,28 : 711.56"
"31,29 : 215.33"
"31,30 : 313.13"
"31,31 : 0.0"
"31,32 : 433.67"
"31,33 : 448.31"
"31,34 : 250.48"
"31,35 : 321.51"
"31,36 : 816.86"
"31,37 : 471.15"
"31,38 : 816.86"
"31,39 : 716.26"
"31,40 : 745.69"
"31,41 : 211.54"
"31,42 : 422.57"
"31,43 : 538.76"
"31,44 : 370.0"
"31,45 : 305.42"
"31,46 : 362.24"
"31,47 : 559.92"
"31,48 : 289.07"
"31,49 : 731.17"
"32,0 : 459.2"
"32,1 : 179.55"
"32,2 : 176.03"
"32,3 : 841.97"
"32,4 : 563.77"
"32,5 : 548.66"
"32,6 : 121.81"
"32,7 : 312.93"
"32,8 : 203.39"
"32,9 : 599.91"
"32,10 : 518.3"
"32,11 : 682.71"
"32,12 : 378.53"
"32,13 : 373.8"
"32,14 : 474.52"
"32,15 : 711.61"
"32,16 : 615.02"
"32,17 : 566.94"
"32,18 : 765.97"
"32,19 : 704.69"
"32,20 : 231.01"
"32,21 : 635.64"
"32,22 : 139.81"
"32,23 : 596.89"
"32,24 : 533.34"
"32,25 : 869.52"
"32,26 : 363.25"
"32,27 : 420.37"
"32,28 : 692.06"
"32,29 : 455.77"
"32,30 : 127.95"
"32,31 : 433.67"
"32,32 : 0.0"
"32,33 : 26.83"
"32,34 : 578.07"
"32,35 : 605.14"
"32,36 : 791.03"
"32,37 : 239.85"
"32,38 : 933.02"
"32,39 : 920.04"
"32,40 : 537.8"
"32,41 : 635.65"
"32,42 : 623.25"
"32,43 : 522.83"
"32,44 : 173.22"
"32,45 : 393.27"
"32,46 : 693.58"
"32,47 : 805.02"
"32,48 : 146.05"
"32,49 : 780.13"
"33,0 : 468.54"
"33,1 : 155.01"
"33,2 : 189.17"
"33,3 : 836.19"
"33,4 : 547.4"
"33,5 : 523.69"
"33,6 : 102.32"
"33,7 : 319.31"
"33,8 : 182.69"
"33,9 : 578.03"
"33,10 : 491.76"
"33,11 : 675.54"
"33,12 : 354.09"
"33,13 : 350.06"
"33,14 : 488.95"
"33,15 : 700.15"
"33,16 : 600.25"
"33,17 : 555.99"
"33,18 : 758.46"
"33,19 : 686.37"
"33,20 : 207.47"
"33,21 : 618.24"
"33,22 : 165.22"
"33,23 : 590.81"
"33,24 : 528.25"
"33,25 : 858.25"
"33,26 : 353.58"
"33,27 : 420.0"
"33,28 : 674.09"
"33,29 : 458.29"
"33,30 : 149.0"
"33,31 : 448.31"
"33,32 : 26.83"
"33,33 : 0.0"
"33,34 : 582.41"
"33,35 : 606.11"
"33,36 : 771.92"
"33,37 : 219.36"
"33,38 : 920.1"
"33,39 : 912.29"
"33,40 : 513.0"
"33,41 : 652.67"
"33,42 : 618.69"
"33,43 : 507.43"
"33,44 : 163.38"
"33,45 : 388.85"
"33,46 : 696.43"
"33,47 : 800.82"
"33,48 : 159.26"
"33,49 : 764.81"
"34,0 : 153.4"
"34,1 : 562.02"
"34,2 : 413.7"
"34,3 : 369.24"
"34,4 : 452.69"
"34,5 : 702.46"
"34,6 : 526.03"
"34,7 : 266.31"
"34,8 : 511.25"
"34,9 : 619.19"
"34,10 : 774.85"
"34,11 : 287.38"
"34,12 : 600.22"
"34,13 : 848.9"
"34,14 : 234.33"
"34,15 : 400.77"
"34,16 : 433.38"
"34,17 : 328.4"
"34,18 : 346.04"
"34,19 : 572.49"
"34,20 : 735.5"
"34,21 : 509.42"
"34,22 : 623.23"
"34,23 : 228.6"
"34,24 : 201.22"
"34,25 : 503.22"
"34,26 : 326.52"
"34,27 : 182.21"
"34,28 : 555.27"
"34,29 : 128.19"
"34,30 : 487.24"
"34,31 : 250.48"
"34,32 : 578.07"
"34,33 : 582.41"
"34,34 : 0.0"
"34,35 : 79.06"
"34,36 : 650.68"
"34,37 : 502.59"
"34,38 : 590.62"
"34,39 : 470.52"
"34,40 : 688.74"
"34,41 : 323.58"
"34,42 : 203.3"
"34,43 : 417.66"
"34,44 : 444.49"
"34,45 : 244.97"
"34,46 : 120.21"
"34,47 : 311.17"
"34,48 : 440.46"
"34,49 : 538.42"
"35,0 : 220.23"
"35,1 : 565.28"
"35,2 : 451.4"
"35,3 : 294.84"
"35,4 : 396.84"
"35,5 : 662.49"
"35,6 : 538.61"
"35,7 : 303.0"
"35,8 : 511.89"
"35,9 : 567.52"
"35,10 : 744.11"
"35,11 : 209.34"
"35,12 : 576.58"
"35,13 : 845.95"
"35,14 : 309.49"
"35,15 : 325.02"
"35,16 : 369.64"
"35,17 : 267.42"
"35,18 : 267.12"
"35,19 : 506.24"
"35,20 : 741.78"
"35,21 : 447.12"
"35,22 : 665.21"
"35,23 : 158.81"
"35,24 : 148.61"
"35,25 : 424.17"
"35,26 : 310.32"
"35,27 : 187.21"
"35,28 : 489.31"
"35,29 : 151.73"
"35,30 : 526.85"
"35,31 : 321.51"
"35,32 : 605.14"
"35,33 : 606.11"
"35,34 : 79.06"
"35,35 : 0.0"
"35,36 : 580.99"
"35,37 : 497.79"
"35,38 : 511.56"
"35,39 : 395.11"
"35,40 : 649.19"
"35,41 : 401.45"
"35,42 : 127.63"
"35,43 : 366.66"
"35,44 : 456.72"
"35,45 : 235.94"
"35,46 : 100.32"
"35,47 : 238.87"
"35,48 : 475.69"
"35,49 : 463.78"
"36,0 : 726.78"
"36,1 : 627.91"
"36,2 : 754.39"
"36,3 : 462.95"
"36,4 : 243.0"
"36,5 : 357.46"
"36,6 : 669.77"
"36,7 : 676.23"
"36,8 : 589.6"
"36,9 : 221.42"
"36,10 : 477.88"
"36,11 : 389.34"
"36,12 : 455.7"
"36,13 : 755.2"
"36,14 : 827.66"
"36,15 : 270.15"
"36,16 : 225.68"
"36,17 : 329.36"
"36,18 : 388.73"
"36,19 : 91.0"
"36,20 : 748.34"
"36,21 : 166.03"
"36,22 : 920.91"
"36,23 : 422.75"
"36,24 : 456.55"
"36,25 : 304.69"
"36,26 : 478.0"
"36,27 : 565.39"
"36,28 : 107.23"
"36,29 : 606.58"
"36,30 : 810.49"
"36,31 : 816.86"
"36,32 : 791.03"
"36,33 : 771.92"
"36,34 : 650.68"
"36,35 : 580.99"
"36,36 : 0.0"
"36,37 : 552.94"
"36,38 : 285.63"
"36,39 : 439.06"
"36,40 : 355.47"
"36,41 : 966.43"
"36,42 : 455.18"
"36,43 : 290.02"
"36,44 : 631.53"
"36,45 : 518.31"
"36,46 : 645.97"
"36,47 : 495.07"
"36,48 : 756.37"
"36,49 : 143.56"
"37,0 : 442.24"
"37,1 : 83.55"
"37,2 : 264.97"
"37,3 : 671.29"
"37,4 : 334.77"
"37,5 : 327.3"
"37,6 : 118.07"
"37,7 : 296.52"
"37,8 : 36.69"
"37,9 : 360.8"
"37,10 : 332.52"
"37,11 : 506.28"
"37,12 : 158.34"
"37,13 : 348.21"
"37,14 : 505.13"
"37,15 : 506.11"
"37,16 : 392.82"
"37,17 : 368.41"
"37,18 : 584.85"
"37,19 : 468.39"
"37,20 : 253.69"
"37,21 : 402.24"
"37,22 : 375.45"
"37,23 : 432.14"
"37,24 : 380.38"
"37,25 : 662.97"
"37,26 : 191.66"
"37,27 : 320.41"
"37,28 : 456.72"
"37,29 : 376.49"
"37,30 : 290.8"
"37,31 : 471.15"
"37,32 : 239.85"
"37,33 : 219.36"
"37,34 : 502.59"
"37,35 : 497.79"
"37,36 : 552.94"
"37,37 : 0.0"
"37,38 : 717.11"
"37,39 : 734.42"
"37,40 : 314.75"
"37,41 : 680.76"
"37,42 : 468.98"
"37,43 : 298.97"
"37,44 : 113.88"
"37,45 : 262.09"
"37,46 : 597.33"
"37,47 : 646.79"
"37,48 : 250.93"
"37,49 : 553.97"
"38,0 : 715.05"
"38,1 : 800.16"
"38,2 : 844.67"
"38,3 : 265.29"
"38,4 : 387.13"
"38,5 : 618.55"
"38,6 : 821.01"
"38,7 : 725.83"
"38,8 : 750.82"
"38,9 : 472.62"
"38,10 : 739.85"
"38,11 : 307.86"
"38,12 : 670.45"
"38,13 : 988.76"
"38,14 : 813.42"
"38,15 : 226.12"
"38,16 : 324.69"
"38,17 : 369.9"
"38,18 : 246.09"
"38,19 : 305.49"
"38,20 : 951.64"
"38,21 : 337.27"
"38,22 : 1043.84"
"38,23 : 389.34"
"38,24 : 451.62"
"38,25 : 87.82"
"38,26 : 573.42"
"38,27 : 589.47"
"38,28 : 305.22"
"38,29 : 605.48"
"38,30 : 914.14"
"38,31 : 816.86"
"38,32 : 933.02"
"38,33 : 920.1"
"38,34 : 590.62"
"38,35 : 511.56"
"38,36 : 285.63"
"38,37 : 717.11"
"38,38 : 0.0"
"38,39 : 192.38"
"38,40 : 613.08"
"38,41 : 910.62"
"38,42 : 394.92"
"38,43 : 418.34"
"38,44 : 760.26"
"38,45 : 572.32"
"38,46 : 533.61"
"38,47 : 320.78"
"38,48 : 856.46"
"38,49 : 178.06"
"39,0 : 614.22"
"39,1 : 817.14"
"39,2 : 800.81"
"39,3 : 101.97"
"39,4 : 443.19"
"39,5 : 720.29"
"39,6 : 821.24"
"39,7 : 663.81"
"39,8 : 763.29"
"39,9 : 577.91"
"39,10 : 836.38"
"39,11 : 237.74"
"39,12 : 729.09"
"39,13 : 1047.05"
"39,14 : 704.28"
"39,15 : 241.61"
"39,16 : 376.37"
"39,17 : 366.23"
"39,18 : 154.18"
"39,19 : 424.62"
"39,20 : 984.75"
"39,21 : 424.2"
"39,22 : 1012.14"
"39,23 : 325.85"
"39,24 : 392.0"
"39,25 : 135.07"
"39,26 : 559.57"
"39,27 : 525.3"
"39,28 : 417.06"
"39,29 : 522.39"
"39,30 : 875.23"
"39,31 : 716.26"
"39,32 : 920.04"
"39,33 : 912.29"
"39,34 : 470.52"
"39,35 : 395.11"
"39,36 : 439.06"
"39,37 : 734.42"
"39,38 : 192.38"
"39,39 : 0.0"
"39,40 : 711.79"
"39,41 : 772.93"
"39,42 : 309.32"
"39,43 : 456.31"
"39,44 : 748.95"
"39,45 : 530.76"
"39,46 : 386.29"
"39,47 : 162.52"
"39,48 : 818.51"
"39,49 : 300.03"
"40,0 : 688.24"
"40,1 : 358.26"
"40,2 : 576.62"
"40,3 : 690.01"
"40,4 : 281.03"
"40,5 : 14.14"
"40,6 : 422.83"
"40,7 : 570.82"
"40,8 : 345.63"
"40,9 : 140.53"
"40,10 : 126.87"
"40,11 : 546.37"
"40,12 : 159.81"
"40,13 : 404.36"
"40,14 : 772.51"
"40,15 : 475.01"
"40,16 : 342.01"
"40,17 : 404.15"
"40,18 : 597.03"
"40,19 : 307.87"
"40,20 : 423.52"
"40,21 : 287.92"
"40,22 : 677.57"
"40,23 : 515.8"
"40,24 : 501.08"
"40,25 : 596.43"
"40,26 : 380.69"
"40,27 : 527.71"
"40,28 : 308.08"
"40,29 : 586.67"
"40,30 : 605.36"
"40,31 : 745.69"
"40,32 : 537.8"
"40,33 : 513.0"
"40,34 : 688.74"
"40,35 : 649.19"
"40,36 : 355.47"
"40,37 : 314.75"
"40,38 : 613.08"
"40,39 : 711.79"
"40,40 : 0.0"
"40,41 : 942.57"
"40,42 : 560.16"
"40,43 : 291.77"
"40,44 : 426.26"
"40,45 : 460.17"
"40,46 : 744.1"
"40,47 : 693.35"
"40,48 : 564.91"
"40,49 : 436.1"
"41,0 : 255.22"
"41,1 : 707.53"
"41,2 : 465.7"
"41,3 : 671.43"
"41,4 : 749.96"
"41,5 : 956.72"
"41,6 : 646.31"
"41,7 : 384.41"
"41,8 : 672.15"
"41,9 : 902.81"
"41,10 : 1002.17"
"41,11 : 610.72"
"41,12 : 819.3"
"41,13 : 987.62"
"41,14 : 175.64"
"41,15 : 723.93"
"41,16 : 743.33"
"41,17 : 637.9"
"41,18 : 664.59"
"41,19 : 883.75"
"41,20 : 851.29"
"41,21 : 815.53"
"41,22 : 607.05"
"41,23 : 549.3"
"41,24 : 509.91"
"41,25 : 822.83"
"41,26 : 562.35"
"41,27 : 421.81"
"41,28 : 866.3"
"41,29 : 368.33"
"41,30 : 509.97"
"41,31 : 211.54"
"41,32 : 635.65"
"41,33 : 652.67"
"41,34 : 323.58"
"41,35 : 401.45"
"41,36 : 966.43"
"41,37 : 680.76"
"41,38 : 910.62"
"41,39 : 772.93"
"41,40 : 942.57"
"41,41 : 0.0"
"41,42 : 526.79"
"41,43 : 708.45"
"41,44 : 581.45"
"41,45 : 486.28"
"41,46 : 386.68"
"41,47 : 610.51"
"41,48 : 494.77"
"41,49 : 860.58"
"42,0 : 320.38"
"42,1 : 546.32"
"42,2 : 493.21"
"42,3 : 220.69"
"42,4 : 289.81"
"42,5 : 572.59"
"42,6 : 535.86"
"42,7 : 354.5"
"42,8 : 491.17"
"42,9 : 462.49"
"42,10 : 666.48"
"42,11 : 87.09"
"42,12 : 514.0"
"42,13 : 809.37"
"42,14 : 418.53"
"42,15 : 197.65"
"42,16 : 251.75"
"42,17 : 158.4"
"42,18 : 161.19"
"42,19 : 383.69"
"42,20 : 722.11"
"42,21 : 329.71"
"42,22 : 706.26"
"42,23 : 44.38"
"42,24 : 90.92"
"42,25 : 309.47"
"42,26 : 278.73"
"42,27 : 216.23"
"42,28 : 367.19"
"42,29 : 216.07"
"42,30 : 568.29"
"42,31 : 422.57"
"42,32 : 623.25"
"42,33 : 618.69"
"42,34 : 203.3"
"42,35 : 127.63"
"42,36 : 455.18"
"42,37 : 468.98"
"42,38 : 394.92"
"42,39 : 309.32"
"42,40 : 560.16"
"42,41 : 526.79"
"42,42 : 0.0"
"42,43 : 268.79"
"42,44 : 457.81"
"42,45 : 230.0"
"42,46 : 196.03"
"42,47 : 182.24"
"42,48 : 512.33"
"42,49 : 336.15"
"43,0 : 457.24"
"43,1 : 381.84"
"43,2 : 466.28"
"43,3 : 413.85"
"43,4 : 47.1"
"43,5 : 303.99"
"43,6 : 406.31"
"43,7 : 388.15"
"43,8 : 333.21"
"43,9 : 201.66"
"43,10 : 402.91"
"43,11 : 259.01"
"43,12 : 273.22"
"43,13 : 590.83"
"43,14 : 554.77"
"43,15 : 216.53"
"43,16 : 93.86"
"43,17 : 112.61"
"43,18 : 320.66"
"43,19 : 199.02"
"43,20 : 536.85"
"43,21 : 124.0"
"43,22 : 644.2"
"43,23 : 224.54"
"43,24 : 218.81"
"43,25 : 368.4"
"43,26 : 188.04"
"43,27 : 289.8"
"43,28 : 183.04"
"43,29 : 340.15"
"43,30 : 525.87"
"43,31 : 538.76"
"43,32 : 522.83"
"43,33 : 507.43"
"43,34 : 417.66"
"43,35 : 366.66"
"43,36 : 290.02"
"43,37 : 298.97"
"43,38 : 418.34"
"43,39 : 456.31"
"43,40 : 291.77"
"43,41 : 708.45"
"43,42 : 268.79"
"43,43 : 0.0"
"43,44 : 353.94"
"43,45 : 234.03"
"43,46 : 457.1"
"43,47 : 408.24"
"43,48 : 470.29"
"43,49 : 257.39"
"44,0 : 356.97"
"44,1 : 127.14"
"44,2 : 151.18"
"44,3 : 673.8"
"44,4 : 396.89"
"44,5 : 439.18"
"44,6 : 82.0"
"44,7 : 203.57"
"44,8 : 93.43"
"44,9 : 457.53"
"44,10 : 445.41"
"44,11 : 512.41"
"44,12 : 271.95"
"44,13 : 415.01"
"44,14 : 406.59"
"44,15 : 538.4"
"44,16 : 444.6"
"44,17 : 393.72"
"44,18 : 595.2"
"44,19 : 542.8"
"44,20 : 292.0"
"44,21 : 471.16"
"44,22 : 290.61"
"44,23 : 428.42"
"44,24 : 366.99"
"44,25 : 696.3"
"44,26 : 190.37"
"44,27 : 269.71"
"44,28 : 529.05"
"44,29 : 316.54"
"44,30 : 184.46"
"44,31 : 370.0"
"44,32 : 173.22"
"44,33 : 163.38"
"44,34 : 444.49"
"44,35 : 456.72"
"44,36 : 631.53"
"44,37 : 113.88"
"44,38 : 760.26"
"44,39 : 748.95"
"44,40 : 426.26"
"44,41 : 581.45"
"44,42 : 457.81"
"44,43 : 353.94"
"44,44 : 0.0"
"44,45 : 229.44"
"44,46 : 551.77"
"44,47 : 640.04"
"44,48 : 138.88"
"44,49 : 610.22"
"45,0 : 231.14"
"45,1 : 330.07"
"45,2 : 274.0"
"45,3 : 449.11"
"45,4 : 279.96"
"45,5 : 474.25"
"45,6 : 309.49"
"45,7 : 160.2"
"45,8 : 276.21"
"45,9 : 418.31"
"45,10 : 535.0"
"45,11 : 293.2"
"45,12 : 356.93"
"45,13 : 610.3"
"45,14 : 323.99"
"45,15 : 346.45"
"45,16 : 296.24"
"45,17 : 207.88"
"45,18 : 376.82"
"45,19 : 428.44"
"45,20 : 506.99"
"45,21 : 354.19"
"45,22 : 481.86"
"45,23 : 205.14"
"45,24 : 140.26"
"45,25 : 497.75"
"45,26 : 82.76"
"45,27 : 67.96"
"45,28 : 411.49"
"45,29 : 127.77"
"45,30 : 346.41"
"45,31 : 305.42"
"45,32 : 393.27"
"45,33 : 388.85"
"45,34 : 244.97"
"45,35 : 235.94"
"45,36 : 518.31"
"45,37 : 262.09"
"45,38 : 572.32"
"45,39 : 530.76"
"45,40 : 460.17"
"45,41 : 486.28"
"45,42 : 230.0"
"45,43 : 234.03"
"45,44 : 229.44"
"45,45 : 0.0"
"45,46 : 335.25"
"45,47 : 411.99"
"45,48 : 289.03"
"45,49 : 451.24"
"46,0 : 270.83"
"46,1 : 663.37"
"46,2 : 532.41"
"46,3 : 285.0"
"46,4 : 483.04"
"46,5 : 757.15"
"46,6 : 633.76"
"46,7 : 384.16"
"46,8 : 610.48"
"46,9 : 655.47"
"46,10 : 842.04"
"46,11 : 257.98"
"46,12 : 676.28"
"46,13 : 945.54"
"46,14 : 339.75"
"46,15 : 378.91"
"46,16 : 447.77"
"46,17 : 351.43"
"46,18 : 289.98"
"46,19 : 578.41"
"46,20 : 839.34"
"46,21 : 525.73"
"46,22 : 743.06"
"46,23 : 236.92"
"46,24 : 243.52"
"46,25 : 446.28"
"46,26 : 410.59"
"46,27 : 282.46"
"46,28 : 562.19"
"46,29 : 238.14"
"46,30 : 606.53"
"46,31 : 362.24"
"46,32 : 693.58"
"46,33 : 696.43"
"46,34 : 120.21"
"46,35 : 100.32"
"46,36 : 645.97"
"46,37 : 597.33"
"46,38 : 533.61"
"46,39 : 386.29"
"46,40 : 744.1"
"46,41 : 386.68"
"46,42 : 196.03"
"46,43 : 457.1"
"46,44 : 551.77"
"46,45 : 335.25"
"46,46 : 0.0"
"46,47 : 224.01"
"46,48 : 558.57"
"46,49 : 517.87"
"47,0 : 459.08"
"47,1 : 725.89"
"47,2 : 669.64"
"47,3 : 61.01"
"47,4 : 412.32"
"47,5 : 704.19"
"47,6 : 717.8"
"47,7 : 525.96"
"47,8 : 670.78"
"47,9 : 574.63"
"47,10 : 810.1"
"47,11 : 149.48"
"47,12 : 674.6"
"47,13 : 980.99"
"47,14 : 545.5"
"47,15 : 234.16"
"47,16 : 353.95"
"47,17 : 298.83"
"47,18 : 106.94"
"47,19 : 450.72"
"47,20 : 900.47"
"47,21 : 422.57"
"47,22 : 883.94"
"47,23 : 214.85"
"47,24 : 273.06"
"47,25 : 237.19"
"47,26 : 458.86"
"47,27 : 391.76"
"47,28 : 437.92"
"47,29 : 377.8"
"47,30 : 745.29"
"47,31 : 559.92"
"47,32 : 805.02"
"47,33 : 800.82"
"47,34 : 311.17"
"47,35 : 238.87"
"47,36 : 495.07"
"47,37 : 646.79"
"47,38 : 320.78"
"47,39 : 162.52"
"47,40 : 693.35"
"47,41 : 610.51"
"47,42 : 182.24"
"47,43 : 408.24"
"47,44 : 640.04"
"47,45 : 411.99"
"47,46 : 224.01"
"47,47 : 0.0"
"47,48 : 690.38"
"47,49 : 353.0"
"48,0 : 314.4"
"48,1 : 237.12"
"48,2 : 30.02"
"48,3 : 733.0"
"48,4 : 515.91"
"48,5 : 577.72"
"48,6 : 166.21"
"48,7 : 174.41"
"48,8 : 224.27"
"48,9 : 593.25"
"48,10 : 577.6"
"48,11 : 581.61"
"48,12 : 409.18"
"48,13 : 496.87"
"48,14 : 329.69"
