x,y
731,768
879,100
936,167
751,376
132,756
295,688
123,227
237,679
350,683
533,635
774,334
716,662
852,742
299,499
988,119
398,642
729,32
886,80
442,902
178,377
190,346
169,673
162,188
11,616
724,632
847,699
70,318
387,28
523,732
254,426
182,2
799,165
366,340
169,3
906,104
552,197
274,206
923,739
271,153
241,138
825,239
311,193
539,83
481,947
359,772
970,392
403,598
782,25
990,816
259,453

Distanze
"0,0 : 0.0"
"0,1 : 684.2"
"0,2 : 635.0"
"0,3 : 392.51"
"0,4 : 599.12"
"0,5 : 443.28"
"0,6 : 813.85"
"0,7 : 501.95"
"0,8 : 390.37"
"0,9 : 238.52"
"0,10 : 436.12"
"0,11 : 107.06"
"0,12 : 123.76"
"0,13 : 508.91"
"0,14 : 698.03"
"0,15 : 356.04"
"0,16 : 736.0"
"0,17 : 705.24"
"0,18 : 318.55"
"0,19 : 677.27"
"0,20 : 686.12"
"0,21 : 569.97"
"0,22 : 812.5"
"0,23 : 735.87"
"0,24 : 136.18"
"0,25 : 134.97"
"0,26 : 799.64"
"0,27 : 816.05"
"0,28 : 211.09"
"0,29 : 586.94"
"0,30 : 942.42"
"0,31 : 606.82"
"0,32 : 562.5"
"0,33 : 949.25"
"0,34 : 686.67"
"0,35 : 598.4"
"0,36 : 724.36"
"0,37 : 194.18"
"0,38 : 768.0"
"0,39 : 798.12"
"0,40 : 537.29"
"0,41 : 712.06"
"0,42 : 711.4"
"0,43 : 307.48"
"0,44 : 372.02"
"0,45 : 445.53"
"0,46 : 369.44"
"0,47 : 744.75"
"0,48 : 263.41"
"0,49 : 567.46"
"1,0 : 684.2"
"1,1 : 0.0"
"1,2 : 87.97"
"1,3 : 304.24"
"1,4 : 994.16"
"1,5 : 828.73"
"1,6 : 766.59"
"1,7 : 864.53"
"1,8 : 787.23"
"1,9 : 637.13"
"1,10 : 256.48"
"1,11 : 585.16"
"1,12 : 642.57"
"1,13 : 703.99"
"1,14 : 110.64"
"1,15 : 724.66"
"1,16 : 164.69"
"1,17 : 21.19"
"1,18 : 913.33"
"1,19 : 753.74"
"1,20 : 731.6"
"1,21 : 912.38"
"1,22 : 722.38"
"1,23 : 1009.79"
"1,24 : 554.12"
"1,25 : 599.85"
"1,26 : 837.86"
"1,27 : 497.24"
"1,28 : 725.37"
"1,29 : 704.91"
"1,30 : 703.86"
"1,31 : 103.08"
"1,32 : 566.36"
"1,33 : 716.6"
"1,34 : 27.29"
"1,35 : 341.08"
"1,36 : 614.22"
"1,37 : 640.51"
"1,38 : 610.31"
"1,39 : 639.13"
"1,40 : 149.12"
"1,41 : 575.56"
"1,42 : 340.42"
"1,43 : 935.85"
"1,44 : 849.7"
"1,45 : 305.85"
"1,46 : 688.9"
"1,47 : 122.61"
"1,48 : 724.55"
"1,49 : 713.45"
"2,0 : 635.0"
"2,1 : 87.97"
"2,2 : 0.0"
"2,3 : 279.12"
"2,4 : 996.66"
"2,5 : 826.03"
"2,6 : 815.21"
"2,7 : 866.46"
"2,8 : 780.8"
"2,9 : 617.6"
"2,10 : 232.66"
"2,11 : 541.69"
"2,12 : 581.1"
"2,13 : 718.33"
"2,14 : 70.77"
"2,15 : 717.68"
"2,16 : 247.13"
"2,17 : 100.34"
"2,18 : 885.59"
"2,19 : 786.55"
"2,20 : 767.17"
"2,21 : 918.87"
"2,22 : 774.28"
"2,23 : 1028.21"
"2,24 : 511.05"
"2,25 : 539.39"
"2,26 : 879.07"
"2,27 : 566.32"
"2,28 : 699.85"
"2,29 : 729.52"
"2,30 : 771.84"
"2,31 : 137.01"
"2,32 : 595.68"
"2,33 : 784.34"
"2,34 : 69.78"
"2,35 : 385.17"
"2,36 : 663.15"
"2,37 : 572.15"
"2,38 : 665.15"
"2,39 : 695.6"
"2,40 : 132.31"
"2,41 : 625.54"
"2,42 : 405.79"
"2,43 : 903.01"
"2,44 : 836.03"
"2,45 : 227.55"
"2,46 : 685.46"
"2,47 : 209.48"
"2,48 : 651.24"
"2,49 : 734.93"
"3,0 : 392.51"
"3,1 : 304.24"
"3,2 : 279.12"
"3,3 : 0.0"
"3,4 : 726.33"
"3,5 : 552.52"
"3,6 : 645.43"
"3,7 : 596.66"
"3,8 : 505.02"
"3,9 : 338.53"
"3,10 : 47.89"
"3,11 : 288.13"
"3,12 : 379.68"
"3,13 : 468.44"
"3,14 : 349.6"
"3,15 : 442.0"
"3,16 : 344.7"
"3,17 : 325.33"
"3,18 : 610.05"
"3,19 : 573.0"
"3,20 : 561.8"
"3,21 : 653.4"
"3,22 : 618.28"
"3,23 : 777.95"
"3,24 : 257.42"
"3,25 : 336.96"
"3,26 : 683.47"
"3,27 : 503.59"
"3,28 : 422.75"
"3,29 : 499.51"
"3,30 : 680.91"
"3,31 : 216.39"
"3,32 : 386.68"
"3,33 : 691.27"
"3,34 : 313.06"
"3,35 : 267.66"
"3,36 : 506.39"
"3,37 : 401.69"
"3,38 : 529.27"
"3,39 : 562.8"
"3,40 : 155.71"
"3,41 : 476.54"
"3,42 : 361.65"
"3,43 : 631.62"
"3,44 : 557.21"
"3,45 : 219.58"
"3,46 : 412.78"
"3,47 : 352.37"
"3,48 : 500.72"
"3,49 : 497.99"
"4,0 : 599.12"
"4,1 : 994.16"
"4,2 : 996.66"
"4,3 : 726.33"
"4,4 : 0.0"
"4,5 : 176.62"
"4,6 : 529.08"
"4,7 : 130.21"
"4,8 : 229.9"
"4,9 : 418.86"
"4,10 : 768.28"
"4,11 : 591.52"
"4,12 : 720.14"
"4,13 : 306.49"
"4,14 : 1067.01"
"4,15 : 289.4"
"4,16 : 938.39"
"4,17 : 1012.67"
"4,18 : 342.66"
"4,19 : 381.78"
"4,20 : 414.08"
"4,21 : 90.87"
"4,22 : 568.79"
"4,23 : 185.04"
"4,24 : 604.85"
"4,25 : 717.27"
"4,26 : 442.37"
"4,27 : 771.37"
"4,28 : 391.74"
"4,29 : 351.83"
"4,30 : 755.66"
"4,31 : 891.16"
"4,32 : 477.3"
"4,33 : 753.91"
"4,34 : 1012.02"
"4,35 : 699.2"
"4,36 : 568.04"
"4,37 : 791.18"
"4,38 : 618.81"
"4,39 : 627.54"
"4,40 : 864.6"
"4,41 : 590.77"
"4,42 : 786.5"
"4,43 : 397.85"
"4,44 : 227.56"
"4,45 : 913.64"
"4,46 : 313.7"
"4,47 : 978.19"
"4,48 : 860.1"
"4,49 : 328.54"
"5,0 : 443.28"
"5,1 : 828.73"
"5,2 : 826.03"
"5,3 : 552.52"
"5,4 : 176.62"
"5,5 : 0.0"
"5,6 : 492.04"
"5,7 : 58.69"
"5,8 : 55.23"
"5,9 : 243.83"
"5,10 : 595.61"
"5,11 : 421.8"
"5,12 : 559.61"
"5,13 : 189.04"
"5,14 : 896.67"
"5,15 : 112.81"
"5,16 : 786.57"
"5,17 : 847.91"
"5,18 : 259.62"
"5,19 : 332.28"
"5,20 : 357.76"
"5,21 : 126.89"
"5,22 : 517.39"
"5,23 : 292.98"
"5,24 : 432.64"
"5,25 : 552.11"
"5,26 : 433.04"
"5,27 : 666.38"
"5,28 : 232.21"
"5,29 : 265.19"
"5,30 : 695.24"
"5,31 : 726.32"
"5,32 : 355.17"
"5,33 : 696.49"
"5,34 : 845.21"
"5,35 : 554.19"
"5,36 : 482.46"
"5,37 : 630.07"
"5,38 : 535.54"
"5,39 : 552.64"
"5,40 : 694.62"
"5,41 : 495.26"
"5,42 : 652.35"
"5,43 : 318.87"
"5,44 : 105.6"
"5,45 : 737.05"
"5,46 : 140.58"
"5,47 : 822.64"
"5,48 : 706.69"
"5,49 : 237.74"
"6,0 : 813.85"
"6,1 : 766.59"
"6,2 : 815.21"
"6,3 : 645.43"
"6,4 : 529.08"
"6,5 : 492.04"
"6,6 : 0.0"
"6,7 : 466.15"
"6,8 : 509.38"
"6,9 : 578.42"
"6,10 : 659.73"
"6,11 : 735.44"
"6,12 : 892.56"
"6,13 : 323.98"
"6,14 : 871.72"
"6,15 : 497.85"
"6,16 : 636.6"
"6,17 : 777.03"
"6,18 : 746.58"
"6,19 : 159.77"
"6,20 : 136.57"
"6,21 : 448.37"
"6,22 : 55.15"
"6,23 : 404.8"
"6,24 : 724.72"
"6,25 : 864.27"
"6,26 : 105.31"
"6,27 : 330.6"
"6,28 : 644.22"
"6,29 : 238.25"
"6,30 : 232.61"
"6,31 : 678.84"
"6,32 : 267.99"
"6,33 : 228.67"
"6,34 : 792.6"
"6,35 : 430.05"
"6,36 : 152.45"
"6,37 : 949.81"
"6,38 : 165.47"
"6,39 : 147.8"
"6,40 : 702.1"
"6,41 : 191.05"
"6,42 : 440.22"
"6,43 : 804.09"
"6,44 : 593.9"
"6,45 : 862.92"
"6,46 : 464.8"
"6,47 : 689.26"
"6,48 : 1048.15"
"6,49 : 263.77"
"7,0 : 501.95"
"7,1 : 864.53"
"7,2 : 866.46"
"7,3 : 596.66"
"7,4 : 130.21"
"7,5 : 58.69"
"7,6 : 466.15"
"7,7 : 0.0"
"7,8 : 113.07"
"7,9 : 299.25"
"7,10 : 638.27"
"7,11 : 479.3"
"7,12 : 618.22"
"7,13 : 190.38"
"7,14 : 936.8"
"7,15 : 165.2"
"7,16 : 812.82"
"7,17 : 883.18"
"7,18 : 302.91"
"7,19 : 307.71"
"7,20 : 336.3"
"7,21 : 68.26"
"7,22 : 496.7"
"7,23 : 234.62"
"7,24 : 489.26"
"7,25 : 610.33"
"7,26 : 397.76"
"7,27 : 668.06"
"7,28 : 290.87"
"7,29 : 253.57"
"7,30 : 679.23"
"7,31 : 761.6"
"7,32 : 362.71"
"7,33 : 679.41"
"7,34 : 882.15"
"7,35 : 575.8"
"7,36 : 474.44"
"7,37 : 688.62"
"7,38 : 527.1"
"7,39 : 541.01"
"7,40 : 734.4"
"7,41 : 491.6"
"7,42 : 668.15"
"7,43 : 362.44"
"7,44 : 153.4"
"7,45 : 787.18"
"7,46 : 184.71"
"7,47 : 851.32"
"7,48 : 765.36"
"7,49 : 227.07"
"8,0 : 390.37"
"8,1 : 787.23"
"8,2 : 780.8"
"8,3 : 505.02"
"8,4 : 229.9"
"8,5 : 55.23"
"8,6 : 509.38"
"8,7 : 113.07"
"8,8 : 0.0"
"8,9 : 189.19"
"8,10 : 549.16"
"8,11 : 366.6"
"8,12 : 505.46"
"8,13 : 190.94"
"8,14 : 851.55"
"8,15 : 63.13"
"8,16 : 753.29"
"8,17 : 806.79"
"8,18 : 237.54"
"8,19 : 351.03"
"8,20 : 373.05"
"8,21 : 181.28"
"8,22 : 529.5"
"8,23 : 345.56"
"8,24 : 377.46"
"8,25 : 497.26"
"8,26 : 460.03"
"8,27 : 656.04"
"8,28 : 179.81"
"8,29 : 274.34"
"8,30 : 701.42"
"8,31 : 685.51"
"8,32 : 343.37"
"8,33 : 703.68"
"8,34 : 802.73"
"8,35 : 526.31"
"8,36 : 483.02"
"8,37 : 575.73"
"8,38 : 535.86"
"8,39 : 555.79"
"8,40 : 650.2"
"8,41 : 491.55"
"8,42 : 629.06"
"8,43 : 294.72"
"8,44 : 89.45"
"8,45 : 684.89"
"8,46 : 100.17"
"8,47 : 787.14"
"8,48 : 653.67"
"8,49 : 247.35"
"9,0 : 238.52"
"9,1 : 637.13"
"9,2 : 617.6"
"9,3 : 338.53"
"9,4 : 418.86"
"9,5 : 243.83"
"9,6 : 578.42"
"9,7 : 299.25"
"9,8 : 189.19"
"9,9 : 0.0"
"9,10 : 385.59"
"9,11 : 184.98"
"9,12 : 336.47"
"9,13 : 270.65"
"9,14 : 687.95"
"9,15 : 135.18"
"9,16 : 634.05"
"9,17 : 657.75"
"9,18 : 282.08"
"9,19 : 438.85"
"9,20 : 448.52"
"9,21 : 365.98"
"9,22 : 580.9"
"9,23 : 522.35"
"9,24 : 191.02"
"9,25 : 320.46"
"9,26 : 561.12"
"9,27 : 624.31"
"9,28 : 97.51"
"9,29 : 348.6"
"9,30 : 723.8"
"9,31 : 540.05"
"9,32 : 338.99"
"9,33 : 729.33"
"9,34 : 648.91"
"9,35 : 438.41"
"9,36 : 501.12"
"9,37 : 403.63"
"9,38 : 548.61"
"9,39 : 576.43"
"9,40 : 492.02"
"9,41 : 494.62"
"9,42 : 552.03"
"9,43 : 316.3"
"9,44 : 221.46"
"9,45 : 500.02"
"9,46 : 135.16"
"9,47 : 658.86"
"9,48 : 491.54"
"9,49 : 328.94"
"10,0 : 436.12"
"10,1 : 256.48"
"10,2 : 232.66"
"10,3 : 47.89"
"10,4 : 768.28"
"10,5 : 595.61"
"10,6 : 659.73"
"10,7 : 638.27"
"10,8 : 549.16"
"10,9 : 385.59"
"10,10 : 0.0"
"10,11 : 333.09"
"10,12 : 415.39"
"10,13 : 502.84"
"10,14 : 303.35"
"10,15 : 486.05"
"10,16 : 305.33"
"10,17 : 277.6"
"10,18 : 657.91"
"10,19 : 597.55"
"10,20 : 584.12"
"10,21 : 693.5"
"10,22 : 629.17"
"10,23 : 813.45"
"10,24 : 302.17"
"10,25 : 372.23"
"10,26 : 704.18"
"10,27 : 493.36"
"10,28 : 470.54"
"10,29 : 528.08"
"10,30 : 678.74"
"10,31 : 170.84"
"10,32 : 408.04"
"10,33 : 689.63"
"10,34 : 265.19"
"10,35 : 260.87"
"10,36 : 516.12"
"10,37 : 431.54"
"10,38 : 534.57"
"10,39 : 567.9"
"10,40 : 107.82"
"10,41 : 483.99"
"10,42 : 343.84"
"10,43 : 679.42"
"10,44 : 603.38"
"10,45 : 204.4"
"10,46 : 455.34"
"10,47 : 309.1"
"10,48 : 528.19"
"10,49 : 528.57"
"11,0 : 107.06"
"11,1 : 585.16"
"11,2 : 541.69"
"11,3 : 288.13"
"11,4 : 591.52"
"11,5 : 421.8"
"11,6 : 735.44"
"11,7 : 479.3"
"11,8 : 366.6"
"11,9 : 184.98"
"11,10 : 333.09"
"11,11 : 0.0"
"11,12 : 157.78"
"11,13 : 447.73"
"11,14 : 607.32"
"11,15 : 318.63"
"11,16 : 630.13"
"11,17 : 606.32"
"11,18 : 364.25"
"11,19 : 608.83"
"11,20 : 613.62"
"11,21 : 547.11"
"11,22 : 729.1"
"11,23 : 706.5"
"11,24 : 31.05"
"11,25 : 136.12"
"11,26 : 731.88"
"11,27 : 714.28"
"11,28 : 205.3"
"11,29 : 518.79"
"11,30 : 848.97"
"11,31 : 503.88"
"11,32 : 475.59"
"11,33 : 856.44"
"11,34 : 589.46"
"11,35 : 493.07"
"11,36 : 635.06"
"11,37 : 220.86"
"11,38 : 676.1"
"11,39 : 707.25"
"11,40 : 436.82"
"11,41 : 619.67"
"11,42 : 605.45"
"11,43 : 369.39"
"11,44 : 373.56"
"11,45 : 370.7"
"11,46 : 319.48"
"11,47 : 640.41"
"11,48 : 314.31"
"11,49 : 502.52"
"12,0 : 123.76"
"12,1 : 642.57"
"12,2 : 581.1"
"12,3 : 379.68"
"12,4 : 720.14"
"12,5 : 559.61"
"12,6 : 892.56"
"12,7 : 618.22"
"12,8 : 505.46"
"12,9 : 336.47"
"12,10 : 415.39"
"12,11 : 157.78"
"12,12 : 0.0"
"12,13 : 604.03"
"12,14 : 637.67"
"12,15 : 464.88"
"12,16 : 720.58"
"12,17 : 662.87"
"12,18 : 440.11"
"12,19 : 766.49"
"12,20 : 771.4"
"12,21 : 686.48"
"12,22 : 884.88"
"12,23 : 850.39"
"12,24 : 168.77"
"12,25 : 43.29"
"12,26 : 889.55"
"12,27 : 852.07"
"12,28 : 329.15"
"12,29 : 676.36"
"12,30 : 998.25"
"12,31 : 579.43"
"12,32 : 630.71"
"12,33 : 1006.29"
"12,34 : 640.28"
"12,35 : 622.11"
"12,36 : 788.28"
"12,37 : 71.06"
"12,38 : 827.33"
"12,39 : 859.15"
"12,40 : 503.72"
"12,41 : 770.77"
"12,42 : 729.55"
"12,43 : 423.87"
"12,44 : 493.91"
"12,45 : 369.36"
"12,46 : 471.53"
"12,47 : 720.41"
"12,48 : 156.59"
"12,49 : 659.67"
"13,0 : 508.91"
"13,1 : 703.99"
"13,2 : 718.33"
"13,3 : 468.44"
"13,4 : 306.49"
"13,5 : 189.04"
"13,6 : 323.98"
"13,7 : 190.38"
"13,8 : 190.94"
"13,9 : 270.65"
"13,10 : 502.84"
"13,11 : 447.73"
"13,12 : 604.03"
"13,13 : 0.0"
"13,14 : 786.84"
"13,15 : 173.93"
"13,16 : 634.81"
"13,17 : 721.2"
"13,18 : 427.62"
"13,19 : 171.83"
"13,20 : 187.86"
"13,21 : 217.2"
"13,22 : 339.84"
"13,23 : 310.86"
"13,24 : 445.32"
"13,25 : 583.36"
"13,26 : 291.89"
"13,27 : 479.15"
"13,28 : 323.21"
"13,29 : 85.76"
"13,30 : 510.59"
"13,31 : 601.3"
"13,32 : 172.54"
"13,33 : 512.75"
"13,34 : 724.21"
"13,35 : 393.97"
"13,36 : 294.06"
"13,37 : 668.56"
"13,38 : 347.13"
"13,39 : 365.63"
"13,40 : 586.75"
"13,41 : 306.24"
"13,42 : 480.27"
"13,43 : 483.56"
"13,44 : 279.52"
"13,45 : 679.48"
"13,46 : 143.59"
"13,47 : 676.73"
"13,48 : 760.24"
"13,49 : 60.96"
"14,0 : 698.03"
"14,1 : 110.64"
"14,2 : 70.77"
"14,3 : 349.6"
"14,4 : 1067.01"
"14,5 : 896.67"
"14,6 : 871.72"
"14,7 : 936.8"
"14,8 : 851.55"
"14,9 : 687.95"
"14,10 : 303.35"
"14,11 : 607.32"
"14,12 : 637.67"
"14,13 : 786.84"
"14,14 : 0.0"
"14,15 : 788.43"
"14,16 : 273.22"
"14,17 : 109.2"
"14,18 : 954.57"
"14,19 : 850.1"
"14,20 : 829.66"
"14,21 : 988.78"
"14,22 : 828.88"
"14,23 : 1096.15"
"14,24 : 576.94"
"14,25 : 596.89"
"14,26 : 939.32"
"14,27 : 607.85"
"14,28 : 769.41"
"14,29 : 795.62"
"14,30 : 814.45"
"14,31 : 194.52"
"14,32 : 660.09"
"14,33 : 827.17"
"14,34 : 83.36"
"14,35 : 442.92"
"14,36 : 719.28"
"14,37 : 623.4"
"14,38 : 717.81"
"14,39 : 747.24"
"14,40 : 202.41"
"14,41 : 681.03"
"14,42 : 450.44"
"14,43 : 970.89"
"14,44 : 906.67"
"14,45 : 273.59"
"14,46 : 756.09"
"14,47 : 226.43"
"14,48 : 697.0"
"14,49 : 801.87"
"15,0 : 356.04"
"15,1 : 724.66"
"15,2 : 717.68"
"15,3 : 442.0"
"15,4 : 289.4"
"15,5 : 112.81"
"15,6 : 497.85"
"15,7 : 165.2"
"15,8 : 63.13"
"15,9 : 135.18"
"15,10 : 486.05"
"15,11 : 318.63"
"15,12 : 464.88"
"15,13 : 173.93"
"15,14 : 788.43"
"15,15 : 0.0"
"15,16 : 694.02"
"15,17 : 744.3"
"15,18 : 263.7"
"15,19 : 344.42"
"15,20 : 361.77"
"15,21 : 231.09"
"15,22 : 511.68"
"15,23 : 387.87"
"15,24 : 326.15"
"15,25 : 452.6"
"15,26 : 461.04"
"15,27 : 614.1"
"15,28 : 154.03"
"15,29 : 259.6"
"15,30 : 675.47"
"15,31 : 623.16"
"15,32 : 303.69"
"15,33 : 678.79"
"15,34 : 739.94"
"15,35 : 470.89"
"15,36 : 453.29"
"15,37 : 533.89"
"15,38 : 505.22"
"15,39 : 527.89"
"15,40 : 587.14"
"15,41 : 457.35"
"15,42 : 576.51"
"15,43 : 316.09"
"15,44 : 135.72"
"15,45 : 624.25"
"15,46 : 44.28"
"15,47 : 726.74"
"15,48 : 617.04"
"15,49 : 234.61"
"16,0 : 736.0"
"16,1 : 164.69"
"16,2 : 247.13"
"16,3 : 344.7"
"16,4 : 938.39"
"16,5 : 786.57"
"16,6 : 636.6"
"16,7 : 812.82"
"16,8 : 753.29"
"16,9 : 634.05"
"16,10 : 305.33"
"16,11 : 630.13"
"16,12 : 720.58"
"16,13 : 634.81"
"16,14 : 273.22"
"16,15 : 694.02"
"16,16 : 0.0"
"16,17 : 164.17"
"16,18 : 916.12"
"16,19 : 650.1"
"16,20 : 623.79"
"16,21 : 851.16"
"16,22 : 588.07"
"16,23 : 925.52"
"16,24 : 600.02"
"16,25 : 677.36"
"16,26 : 718.38"
"16,27 : 342.02"
"16,28 : 729.68"
"16,29 : 617.14"
"16,30 : 547.82"
"16,31 : 150.3"
"16,32 : 476.06"
"16,33 : 560.75"
"16,34 : 191.08"
"16,35 : 241.98"
"16,36 : 487.14"
"16,37 : 733.13"
"16,38 : 473.71"
"16,39 : 499.38"
"16,40 : 228.18"
"16,41 : 447.93"
"16,42 : 196.73"
"16,43 : 948.01"
"16,44 : 827.35"
"16,45 : 433.22"
"16,46 : 653.17"
"16,47 : 53.46"
"16,48 : 826.3"
"16,49 : 630.98"
"17,0 : 705.24"
"17,1 : 21.19"
"17,2 : 100.34"
"17,3 : 325.33"
"17,4 : 1012.67"
"17,5 : 847.91"
"17,6 : 777.03"
"17,7 : 883.18"
"17,8 : 806.79"
"17,9 : 657.75"
"17,10 : 277.6"
"17,11 : 606.32"
"17,12 : 662.87"
"17,13 : 721.2"
"17,14 : 109.2"
"17,15 : 744.3"
"17,16 : 164.17"
"17,17 : 0.0"
"17,18 : 934.25"
"17,19 : 767.77"
"17,20 : 745.1"
"17,21 : 930.45"
"17,22 : 732.01"
"17,23 : 1026.12"
"17,24 : 575.28"
"17,25 : 620.23"
"17,26 : 850.0"
"17,27 : 501.7"
"17,28 : 746.24"
"17,29 : 720.51"
"17,30 : 708.31"
"17,31 : 121.63"
"17,32 : 581.38"
"17,33 : 721.12"
"17,34 : 31.24"
"17,35 : 353.9"
"17,36 : 624.84"
"17,37 : 660.04"
"17,38 : 619.32"
"17,39 : 647.6"
"17,40 : 170.3"
"17,41 : 586.0"
"17,42 : 347.01"
"17,43 : 956.93"
"17,44 : 869.82"
"17,45 : 323.11"
"17,46 : 708.25"
"17,47 : 117.65"
"17,48 : 743.31"
"17,49 : 729.56"
"18,0 : 318.55"
"18,1 : 913.33"
"18,2 : 885.59"
"18,3 : 610.05"
"18,4 : 342.66"
"18,5 : 259.62"
"18,6 : 746.58"
"18,7 : 302.91"
"18,8 : 237.54"
"18,9 : 282.08"
"18,10 : 657.91"
"18,11 : 364.25"
"18,12 : 440.11"
"18,13 : 427.62"
"18,14 : 954.57"
"18,15 : 263.7"
"18,16 : 916.12"
"18,17 : 934.25"
"18,18 : 0.0"
"18,19 : 587.64"
"18,20 : 610.44"
"18,21 : 356.33"
"18,22 : 766.94"
"18,23 : 517.26"
"18,24 : 390.42"
"18,25 : 453.03"
"18,26 : 692.42"
"18,27 : 875.73"
"18,28 : 188.31"
"18,29 : 511.78"
"18,30 : 936.8"
"18,31 : 818.91"
"18,32 : 567.12"
"18,33 : 939.54"
"18,34 : 923.09"
"18,35 : 713.53"
"18,36 : 715.99"
"18,37 : 507.87"
"18,38 : 768.27"
"18,39 : 790.0"
"18,40 : 765.67"
"18,41 : 721.0"
"18,42 : 824.72"
"18,43 : 59.55"
"18,44 : 154.24"
"18,45 : 734.09"
"18,46 : 306.49"
"18,47 : 940.6"
"18,48 : 554.71"
"18,49 : 484.86"
"19,0 : 677.27"
"19,1 : 753.74"
"19,2 : 786.55"
"19,3 : 573.0"
"19,4 : 381.78"
"19,5 : 332.28"
"19,6 : 159.77"
"19,7 : 307.71"
"19,8 : 351.03"
"19,9 : 438.85"
"19,10 : 597.55"
"19,11 : 608.83"
"19,12 : 766.49"
"19,13 : 171.83"
"19,14 : 850.1"
"19,15 : 344.42"
"19,16 : 650.1"
"19,17 : 767.77"
"19,18 : 587.64"
"19,19 : 0.0"
"19,20 : 33.24"
"19,21 : 296.14"
"19,22 : 189.68"
"19,23 : 291.56"
"19,24 : 602.61"
"19,25 : 742.46"
"19,26 : 123.07"
"19,27 : 406.79"
"19,28 : 495.03"
"19,29 : 90.43"
"19,30 : 375.02"
"19,31 : 656.19"
"19,32 : 191.61"
"19,33 : 374.11"
"19,34 : 777.5"
"19,35 : 415.06"
"19,36 : 196.1"
"19,37 : 828.29"
"19,38 : 242.54"
"19,39 : 247.16"
"19,40 : 661.55"
"19,41 : 227.04"
"19,42 : 465.57"
"19,43 : 645.53"
"19,44 : 434.5"
"19,45 : 792.14"
"19,46 : 315.38"
"19,47 : 699.09"
"19,48 : 923.07"
"19,49 : 111.07"
"20,0 : 686.12"
"20,1 : 731.6"
"20,2 : 767.17"
"20,3 : 561.8"
"20,4 : 414.08"
"20,5 : 357.76"
"20,6 : 136.57"
"20,7 : 336.3"
"20,8 : 373.05"
"20,9 : 448.52"
"20,10 : 584.12"
"20,11 : 613.62"
"20,12 : 771.4"
"20,13 : 187.86"
"20,14 : 829.66"
"20,15 : 361.77"
"20,16 : 623.79"
"20,17 : 745.1"
"20,18 : 610.44"
"20,19 : 33.24"
"20,20 : 0.0"
"20,21 : 327.67"
"20,22 : 160.46"
"20,23 : 323.95"
"20,24 : 605.77"
"20,25 : 745.83"
"20,26 : 123.22"
"20,27 : 374.08"
"20,28 : 509.79"
"20,29 : 102.45"
"20,30 : 344.09"
"20,31 : 635.33"
"20,32 : 176.1"
"20,33 : 343.64"
"20,34 : 755.79"
"20,35 : 391.47"
"20,36 : 163.27"
"20,37 : 831.71"
"20,38 : 209.31"
"20,39 : 214.16"
"20,40 : 643.95"
"20,41 : 195.06"
"20,42 : 437.0"
"20,43 : 667.74"
"20,44 : 458.3"
"20,45 : 781.36"
"20,46 : 329.96"
"20,47 : 673.43"
"20,48 : 927.85"
"20,49 : 127.32"
"21,0 : 569.97"
"21,1 : 912.38"
"21,2 : 918.87"
"21,3 : 653.4"
"21,4 : 90.87"
"21,5 : 126.89"
"21,6 : 448.37"
"21,7 : 68.26"
"21,8 : 181.28"
"21,9 : 365.98"
"21,10 : 693.5"
"21,11 : 547.11"
"21,12 : 686.48"
"21,13 : 217.2"
"21,14 : 988.78"
"21,15 : 231.09"
"21,16 : 851.16"
"21,17 : 930.45"
"21,18 : 356.33"
"21,19 : 296.14"
"21,20 : 327.67"
"21,21 : 0.0"
"21,22 : 485.05"
"21,23 : 167.97"
"21,24 : 556.51"
"21,25 : 678.5"
"21,26 : 368.55"
"21,27 : 680.84"
"21,28 : 358.88"
"21,29 : 261.22"
"21,30 : 671.13"
"21,31 : 809.3"
"21,32 : 386.91"
"21,33 : 670.0"
"21,34 : 931.09"
"21,35 : 610.95"
"21,36 : 478.66"
"21,37 : 756.88"
"21,38 : 529.91"
"21,39 : 539.82"
"21,40 : 786.57"
"21,41 : 500.56"
"21,42 : 696.42"
"21,43 : 415.23"
"21,44 : 214.25"
"21,45 : 848.86"
"21,46 : 245.73"
"21,47 : 892.01"
"21,48 : 833.36"
"21,49 : 237.7"
"22,0 : 812.5"
"22,1 : 722.38"
"22,2 : 774.28"
"22,3 : 618.28"
"22,4 : 568.79"
"22,5 : 517.39"
"22,6 : 55.15"
"22,7 : 496.7"
"22,8 : 529.5"
"22,9 : 580.9"
"22,10 : 629.17"
"22,11 : 729.1"
"22,12 : 884.88"
"22,13 : 339.84"
"22,14 : 828.88"
"22,15 : 511.68"
"22,16 : 588.07"
"22,17 : 732.01"
"22,18 : 766.94"
"22,19 : 189.68"
"22,20 : 160.46"
"22,21 : 485.05"
"22,22 : 0.0"
"22,23 : 453.86"
"22,24 : 716.23"
"22,25 : 854.6"
"22,26 : 159.26"
"22,27 : 276.09"
"22,28 : 652.88"
"22,29 : 255.16"
"22,30 : 187.07"
"22,31 : 637.42"
"22,32 : 254.4"
"22,33 : 185.13"
"22,34 : 748.73"
"22,35 : 390.1"
"22,36 : 113.44"
"22,37 : 939.53"
"22,38 : 114.48"
"22,39 : 93.49"
"22,40 : 664.96"
"22,41 : 149.08"
"22,42 : 391.35"
"22,43 : 823.31"
"22,44 : 616.33"
"22,45 : 833.35"
"22,46 : 475.58"
"22,47 : 641.07"
"22,48 : 1039.22"
"22,49 : 282.19"
"23,0 : 735.87"
"23,1 : 1009.79"
"23,2 : 1028.21"
"23,3 : 777.95"
"23,4 : 185.04"
"23,5 : 292.98"
"23,6 : 404.8"
"23,7 : 234.62"
"23,8 : 345.56"
"23,9 : 522.35"
"23,10 : 813.45"
"23,11 : 706.5"
"23,12 : 850.39"
"23,13 : 310.86"
"23,14 : 1096.15"
"23,15 : 387.87"
"23,16 : 925.52"
"23,17 : 1026.12"
"23,18 : 517.26"
"23,19 : 291.56"
"23,20 : 323.95"
"23,21 : 167.97"
"23,22 : 453.86"
"23,23 : 0.0"
"23,24 : 713.18"
"23,25 : 840.11"
"23,26 : 303.78"
"23,27 : 697.94"
"23,28 : 524.98"
"23,29 : 308.46"
"23,30 : 637.37"
"23,31 : 907.93"
"23,32 : 449.67"
"23,33 : 633.03"
"23,34 : 1031.1"
"23,35 : 684.28"
"23,36 : 487.1"
"23,37 : 920.26"
"23,38 : 531.01"
"23,39 : 530.46"
"23,40 : 897.06"
"23,41 : 518.58"
"23,42 : 750.25"
"23,43 : 574.86"
"23,44 : 381.37"
"23,45 : 984.81"
"23,46 : 392.41"
"23,47 : 971.45"
"23,48 : 999.22"
"23,49 : 296.77"
"24,0 : 136.18"
"24,1 : 554.12"
"24,2 : 511.05"
"24,3 : 257.42"
"24,4 : 604.85"
"24,5 : 432.64"
"24,6 : 724.72"
"24,7 : 489.26"
"24,8 : 377.46"
"24,9 : 191.02"
"24,10 : 302.17"
"24,11 : 31.05"
"24,12 : 168.77"
"24,13 : 445.32"
"24,14 : 576.94"
"24,15 : 326.15"
"24,16 : 600.02"
"24,17 : 575.28"
"24,18 : 390.42"
"24,19 : 602.61"
"24,20 : 605.77"
"24,21 : 556.51"
"24,22 : 716.23"
"24,23 : 713.18"
"24,24 : 0.0"
"24,25 : 140.06"
"24,26 : 725.47"
"24,27 : 691.65"
"24,28 : 224.5"
"24,29 : 513.16"
"24,30 : 831.06"
"24,31 : 472.98"
"24,32 : 461.98"
"24,33 : 838.85"
"24,34 : 558.49"
"24,35 : 467.77"
"24,36 : 619.66"
"24,37 : 225.94"
"24,38 : 659.28"
"24,39 : 690.89"
"24,40 : 405.77"
"24,41 : 602.74"
"24,42 : 579.33"
"24,43 : 397.84"
"24,44 : 390.93"
"24,45 : 343.68"
"24,46 : 322.8"
"24,47 : 609.76"
"24,48 : 323.44"
"24,49 : 498.26"
"25,0 : 134.97"
"25,1 : 599.85"
"25,2 : 539.39"
"25,3 : 336.96"
"25,4 : 717.27"
"25,5 : 552.11"
"25,6 : 864.27"
"25,7 : 610.33"
"25,8 : 497.26"
"25,9 : 320.46"
"25,10 : 372.23"
"25,11 : 136.12"
"25,12 : 43.29"
"25,13 : 583.36"
"25,14 : 596.89"
"25,15 : 452.6"
"25,16 : 677.36"
"25,17 : 620.23"
"25,18 : 453.03"
"25,19 : 742.46"
"25,20 : 745.83"
"25,21 : 678.5"
"25,22 : 854.6"
"25,23 : 840.11"
"25,24 : 140.06"
"25,25 : 0.0"
"25,26 : 865.38"
"25,27 : 813.54"
"25,28 : 325.68"
"25,29 : 652.82"
"25,30 : 963.35"
"25,31 : 536.15"
"25,32 : 600.2"
"25,33 : 971.65"
"25,34 : 597.92"
"25,35 : 582.26"
"25,36 : 755.9"
"25,37 : 85.88"
"25,38 : 793.66"
"25,39 : 825.81"
"25,40 : 460.53"
"25,41 : 737.11"
"25,42 : 688.71"
"25,43 : 442.11"
"25,44 : 493.43"
"25,45 : 330.72"
"25,46 : 455.34"
"25,47 : 677.13"
"25,48 : 184.76"
"25,49 : 637.39"
"26,0 : 799.64"
"26,1 : 837.86"
"26,2 : 879.07"
"26,3 : 683.47"
"26,4 : 442.37"
"26,5 : 433.04"
"26,6 : 105.31"
"26,7 : 397.76"
"26,8 : 460.03"
"26,9 : 561.12"
"26,10 : 704.18"
"26,11 : 731.88"
"26,12 : 889.55"
"26,13 : 291.89"
"26,14 : 939.32"
"26,15 : 461.04"
"26,16 : 718.38"
"26,17 : 850.0"
"26,18 : 692.42"
"26,19 : 123.07"
"26,20 : 123.22"
"26,21 : 368.55"
"26,22 : 159.26"
"26,23 : 303.78"
"26,24 : 725.47"
"26,25 : 865.38"
"26,26 : 0.0"
"26,27 : 429.64"
"26,28 : 613.68"
"26,29 : 213.35"
"26,30 : 335.26"
"26,31 : 744.88"
"26,32 : 296.82"
"26,33 : 330.19"
"26,34 : 862.96"
"26,35 : 496.96"
"26,36 : 232.72"
"26,37 : 951.24"
"26,38 : 260.05"
"26,39 : 248.28"
"26,40 : 759.12"
"26,41 : 271.49"
"26,42 : 524.58"
"26,43 : 751.37"
"26,44 : 538.18"
"26,45 : 903.04"
"26,46 : 435.07"
"26,47 : 769.93"
"26,48 : 1046.14"
"26,49 : 232.26"
"27,0 : 816.05"
"27,1 : 497.24"
"27,2 : 566.32"
"27,3 : 503.59"
"27,4 : 771.37"
"27,5 : 666.38"
"27,6 : 330.6"
"27,7 : 668.06"
"27,8 : 656.04"
"27,9 : 624.31"
"27,10 : 493.36"
"27,11 : 714.28"
"27,12 : 852.07"
"27,13 : 479.15"
"27,14 : 607.85"
"27,15 : 614.1"
"27,16 : 342.02"
"27,17 : 501.7"
"27,18 : 875.73"
"27,19 : 406.79"
"27,20 : 374.08"
"27,21 : 680.84"
"27,22 : 276.09"
"27,23 : 697.94"
"27,24 : 691.65"
"27,25 : 813.54"
"27,26 : 429.64"
"27,27 : 0.0"
"27,28 : 717.02"
"27,29 : 419.63"
"27,30 : 206.64"
"27,31 : 434.18"
"27,32 : 312.71"
"27,33 : 219.43"
"27,34 : 524.54"
"27,35 : 236.19"
"27,36 : 210.84"
"27,37 : 890.4"
"27,38 : 170.53"
"27,39 : 182.8"
"27,40 : 486.17"
"27,41 : 181.66"
"27,42 : 161.64"
"27,43 : 923.79"
"27,44 : 744.53"
"27,45 : 687.3"
"27,46 : 570.22"
"27,47 : 395.01"
"27,48 : 992.25"
"27,49 : 443.86"
"28,0 : 211.09"
"28,1 : 725.37"
"28,2 : 699.85"
"28,3 : 422.75"
"28,4 : 391.74"
"28,5 : 232.21"
"28,6 : 644.22"
"28,7 : 290.87"
"28,8 : 179.81"
"28,9 : 97.51"
"28,10 : 470.54"
"28,11 : 205.3"
"28,12 : 329.15"
"28,13 : 323.21"
"28,14 : 769.41"
"28,15 : 154.03"
"28,16 : 729.68"
"28,17 : 746.24"
"28,18 : 188.31"
"28,19 : 495.03"
"28,20 : 509.79"
"28,21 : 358.88"
"28,22 : 652.88"
"28,23 : 524.98"
"28,24 : 224.5"
"28,25 : 325.68"
"28,26 : 613.68"
"28,27 : 717.02"
"28,28 : 0.0"
"28,29 : 407.43"
"28,30 : 805.72"
"28,31 : 630.61"
"28,32 : 422.27"
"28,33 : 810.41"
"28,34 : 735.58"
"28,35 : 535.79"
"28,36 : 581.96"
"28,37 : 400.06"
"28,38 : 631.46"
"28,39 : 657.54"
"28,40 : 578.15"
"28,41 : 579.19"
"28,42 : 649.2"
"28,43 : 219.06"
"28,44 : 168.81"
"28,45 : 561.61"
"28,46 : 179.88"
"28,47 : 752.95"
"28,48 : 474.49"
"28,49 : 384.11"
"29,0 : 586.94"
"29,1 : 704.91"
"29,2 : 729.52"
"29,3 : 499.51"
"29,4 : 351.83"
"29,5 : 265.19"
"29,6 : 238.25"
"29,7 : 253.57"
"29,8 : 274.34"
"29,9 : 348.6"
"29,10 : 528.08"
"29,11 : 518.79"
"29,12 : 676.36"
"29,13 : 85.76"
"29,14 : 795.62"
"29,15 : 259.6"
"29,16 : 617.14"
"29,17 : 720.51"
"29,18 : 511.78"
"29,19 : 90.43"
"29,20 : 102.45"
"29,21 : 261.22"
"29,22 : 255.16"
"29,23 : 308.46"
"29,24 : 513.16"
"29,25 : 652.82"
"29,26 : 213.35"
"29,27 : 419.63"
"29,28 : 407.43"
"29,29 : 0.0"
"29,30 : 430.07"
"29,31 : 604.27"
"29,32 : 141.21"
"29,33 : 431.46"
"29,34 : 727.18"
"29,35 : 375.83"
"29,36 : 220.91"
"29,37 : 738.6"
"29,38 : 273.53"
"29,39 : 288.29"
"29,40 : 600.84"
"29,41 : 239.87"
"29,42 : 445.95"
"29,43 : 568.3"
"29,44 : 361.58"
"29,45 : 716.81"
"29,46 : 227.56"
"29,47 : 663.01"
"29,48 : 832.94"
"29,49 : 27.46"
"30,0 : 942.42"
"30,1 : 703.86"
"30,2 : 771.84"
"30,3 : 680.91"
"30,4 : 755.66"
"30,5 : 695.24"
"30,6 : 232.61"
"30,7 : 679.23"
"30,8 : 701.42"
"30,9 : 723.8"
"30,10 : 678.74"
"30,11 : 848.97"
"30,12 : 998.25"
"30,13 : 510.59"
"30,14 : 814.45"
"30,15 : 675.47"
"30,16 : 547.82"
"30,17 : 708.31"
"30,18 : 936.8"
"30,19 : 375.02"
"30,20 : 344.09"
"30,21 : 671.13"
"30,22 : 187.07"
"30,23 : 637.37"
"30,24 : 831.06"
"30,25 : 963.35"
"30,26 : 335.26"
"30,27 : 206.64"
"30,28 : 805.72"
"30,29 : 430.07"
"30,30 : 0.0"
"30,31 : 638.17"
"30,32 : 384.84"
"30,33 : 13.04"
"30,34 : 731.15"
"30,35 : 418.24"
"30,36 : 223.79"
"30,37 : 1045.11"
"30,38 : 175.28"
"30,39 : 148.25"
"30,40 : 685.29"
"30,41 : 230.48"
"30,42 : 366.07"
"30,43 : 991.17"
"30,44 : 790.08"
"30,45 : 879.23"
"30,46 : 635.65"
"30,47 : 600.44"
"30,48 : 1146.94"
"30,49 : 457.53"
"31,0 : 606.82"
"31,1 : 103.08"
"31,2 : 137.01"
"31,3 : 216.39"
"31,4 : 891.16"
"31,5 : 726.32"
"31,6 : 678.84"
"31,7 : 761.6"
"31,8 : 685.51"
"31,9 : 540.05"
"31,10 : 170.84"
"31,11 : 503.88"
"31,12 : 579.43"
"31,13 : 601.3"
"31,14 : 194.52"
"31,15 : 623.16"
"31,16 : 150.3"
"31,17 : 121.63"
"31,18 : 818.91"
"31,19 : 656.19"
"31,20 : 635.33"
"31,21 : 809.3"
"31,22 : 637.42"
"31,23 : 907.93"
"31,24 : 472.98"
"31,25 : 536.15"
"31,26 : 744.88"
"31,27 : 434.18"
"31,28 : 630.61"
"31,29 : 604.27"
"31,30 : 638.17"
"31,31 : 0.0"
"31,32 : 467.03"
"31,33 : 650.5"
"31,34 : 123.17"
"31,35 : 249.06"
"31,36 : 526.6"
"31,37 : 587.24"
"31,38 : 528.14"
"31,39 : 558.65"
"31,40 : 78.43"
"31,41 : 488.8"
"31,42 : 272.62"
"31,43 : 844.18"
"31,44 : 749.7"
"31,45 : 284.2"
"31,46 : 586.78"
"31,47 : 141.03"
"31,48 : 678.44"
"31,49 : 612.0"
"32,0 : 562.5"
"32,1 : 566.36"
"32,2 : 595.68"
"32,3 : 386.68"
"32,4 : 477.3"
"32,5 : 355.17"
"32,6 : 267.99"
"32,7 : 362.71"
"32,8 : 343.37"
"32,9 : 338.99"
"32,10 : 408.04"
"32,11 : 475.59"
"32,12 : 630.71"
"32,13 : 172.54"
"32,14 : 660.09"
"32,15 : 303.69"
"32,16 : 476.06"
"32,17 : 581.38"
"32,18 : 567.12"
"32,19 : 191.61"
"32,20 : 176.1"
"32,21 : 386.91"
"32,22 : 254.4"
"32,23 : 449.67"
"32,24 : 461.98"
"32,25 : 600.2"
"32,26 : 296.82"
"32,27 : 312.71"
"32,28 : 422.27"
"32,29 : 141.21"
"32,30 : 384.84"
"32,31 : 467.03"
"32,32 : 0.0"
"32,33 : 390.36"
"32,34 : 589.32"
"32,35 : 234.62"
"32,36 : 162.54"
"32,37 : 685.16"
"32,38 : 209.75"
"32,39 : 237.55"
"32,40 : 469.98"
"32,41 : 156.95"
"32,42 : 309.8"
"32,43 : 617.8"
"32,44 : 432.06"
"32,45 : 606.23"
"32,46 : 260.64"
"32,47 : 521.81"
"32,48 : 784.83"
"32,49 : 155.62"
"33,0 : 949.25"
"33,1 : 716.6"
"33,2 : 784.34"
"33,3 : 691.27"
"33,4 : 753.91"
"33,5 : 696.49"
"33,6 : 228.67"
"33,7 : 679.41"
"33,8 : 703.68"
"33,9 : 729.33"
"33,10 : 689.63"
"33,11 : 856.44"
"33,12 : 1006.29"
"33,13 : 512.75"
"33,14 : 827.17"
"33,15 : 678.79"
"33,16 : 560.75"
"33,17 : 721.12"
"33,18 : 939.54"
"33,19 : 374.11"
"33,20 : 343.64"
"33,21 : 670.0"
"33,22 : 185.13"
"33,23 : 633.03"
"33,24 : 838.85"
"33,25 : 971.65"
"33,26 : 330.19"
"33,27 : 219.43"
"33,28 : 810.41"
"33,29 : 431.46"
"33,30 : 13.04"
"33,31 : 650.5"
"33,32 : 390.36"
"33,33 : 0.0"
"33,34 : 743.89"
"33,35 : 429.33"
"33,36 : 228.55"
"33,37 : 1053.67"
"33,38 : 181.39"
"33,39 : 153.0"
"33,40 : 697.16"
"33,41 : 237.2"
"33,42 : 378.55"
"33,43 : 994.22"
"33,44 : 792.12"
"33,45 : 890.46"
"33,46 : 639.36"
"33,47 : 613.39"
"33,48 : 1155.43"
"33,49 : 458.91"
"34,0 : 686.67"
"34,1 : 27.29"
"34,2 : 69.78"
"34,3 : 313.06"
"34,4 : 1012.02"
"34,5 : 845.21"
"34,6 : 792.6"
"34,7 : 882.15"
"34,8 : 802.73"
"34,9 : 648.91"
"34,10 : 265.19"
"34,11 : 589.46"
"34,12 : 640.28"
"34,13 : 724.21"
"34,14 : 83.36"
"34,15 : 739.94"
"34,16 : 191.08"
"34,17 : 31.24"
"34,18 : 923.09"
"34,19 : 777.5"
"34,20 : 755.79"
"34,21 : 931.09"
"34,22 : 748.73"
"34,23 : 1031.1"
"34,24 : 558.49"
"34,25 : 597.92"
"34,26 : 862.96"
"34,27 : 524.54"
"34,28 : 735.58"
"34,29 : 727.18"
"34,30 : 731.15"
"34,31 : 123.17"
"34,32 : 589.32"
"34,33 : 743.89"
"34,34 : 0.0"
"34,35 : 366.01"
"34,36 : 640.18"
"34,37 : 635.23"
"34,38 : 636.89"
"34,39 : 665.87"
"34,40 : 157.44"
"34,41 : 601.62"
"34,42 : 367.6"
"34,43 : 944.07"
"34,44 : 863.38"
"34,45 : 295.03"
"34,46 : 705.01"
"34,47 : 147.03"
"34,48 : 716.94"
"34,49 : 735.13"
"35,0 : 598.4"
"35,1 : 341.08"
"35,2 : 385.17"
"35,3 : 267.66"
"35,4 : 699.2"
"35,5 : 554.19"
"35,6 : 430.05"
"35,7 : 575.8"
"35,8 : 526.31"
"35,9 : 438.41"
"35,10 : 260.87"
"35,11 : 493.07"
"35,12 : 622.11"
"35,13 : 393.97"
"35,14 : 442.92"
"35,15 : 470.89"
"35,16 : 241.98"
"35,17 : 353.9"
"35,18 : 713.53"
"35,19 : 415.06"
"35,20 : 391.47"
"35,21 : 610.95"
"35,22 : 390.1"
"35,23 : 684.28"
"35,24 : 467.77"
"35,25 : 582.26"
"35,26 : 496.96"
"35,27 : 236.19"
"35,28 : 535.79"
"35,29 : 375.83"
"35,30 : 418.24"
"35,31 : 249.06"
"35,32 : 234.62"
"35,33 : 429.33"
"35,34 : 366.01"
"35,35 : 0.0"
"35,36 : 278.15"
"35,37 : 656.81"
"35,38 : 284.42"
"35,39 : 316.55"
"35,40 : 276.21"
"35,41 : 241.03"
"35,42 : 114.74"
"35,43 : 753.35"
"35,44 : 606.53"
"35,45 : 461.25"
"35,46 : 427.79"
"35,47 : 287.2"
"35,48 : 758.29"
"35,49 : 389.08"
"36,0 : 724.36"
"36,1 : 614.22"
"36,2 : 663.15"
"36,3 : 506.39"
"36,4 : 568.04"
"36,5 : 482.46"
"36,6 : 152.45"
"36,7 : 474.44"
"36,8 : 483.02"
"36,9 : 501.12"
"36,10 : 516.12"
"36,11 : 635.06"
"36,12 : 788.28"
"36,13 : 294.06"
"36,14 : 719.28"
"36,15 : 453.29"
"36,16 : 487.14"
"36,17 : 624.84"
"36,18 : 715.99"
"36,19 : 196.1"
"36,20 : 163.27"
"36,21 : 478.66"
"36,22 : 113.44"
"36,23 : 487.1"
"36,24 : 619.66"
"36,25 : 755.9"
"36,26 : 232.72"
"36,27 : 210.84"
"36,28 : 581.96"
"36,29 : 220.91"
"36,30 : 223.79"
"36,31 : 526.6"
"36,32 : 162.54"
"36,33 : 228.55"
"36,34 : 640.18"
"36,35 : 278.15"
"36,36 : 0.0"
"36,37 : 839.82"
"36,38 : 53.08"
"36,39 : 75.58"
"36,40 : 551.99"
"36,41 : 39.22"
"36,42 : 292.15"
"36,43 : 769.37"
"36,44 : 572.35"
"36,45 : 720.42"
"36,46 : 412.68"
"36,47 : 539.28"
"36,48 : 940.61"
"36,49 : 247.46"
"37,0 : 194.18"
"37,1 : 640.51"
"37,2 : 572.15"
"37,3 : 401.69"
"37,4 : 791.18"
"37,5 : 630.07"
"37,6 : 949.81"
"37,7 : 688.62"
"37,8 : 575.73"
"37,9 : 403.63"
"37,10 : 431.54"
"37,11 : 220.86"
"37,12 : 71.06"
"37,13 : 668.56"
"37,14 : 623.4"
"37,15 : 533.89"
"37,16 : 733.13"
"37,17 : 660.04"
"37,18 : 507.87"
"37,19 : 828.29"
"37,20 : 831.71"
"37,21 : 756.88"
"37,22 : 939.53"
"37,23 : 920.26"
"37,24 : 225.94"
"37,25 : 85.88"
"37,26 : 951.24"
"37,27 : 890.4"
"37,28 : 400.06"
"37,29 : 738.6"
"37,30 : 1045.11"
"37,31 : 587.24"
"37,32 : 685.16"
"37,33 : 1053.67"
"37,34 : 635.23"
"37,35 : 656.81"
"37,36 : 839.82"
"37,37 : 0.0"
"37,38 : 876.64"
"37,39 : 909.02"
"37,40 : 509.51"
"37,41 : 820.16"
"37,42 : 760.13"
"37,43 : 488.5"
"37,44 : 564.96"
"37,45 : 350.17"
"37,46 : 538.78"
"37,47 : 727.79"
"37,48 : 102.07"
"37,49 : 722.97"
"38,0 : 768.0"
"38,1 : 610.31"
"38,2 : 665.15"
"38,3 : 529.27"
"38,4 : 618.81"
"38,5 : 535.54"
"38,6 : 165.47"
"38,7 : 527.1"
"38,8 : 535.86"
"38,9 : 548.61"
"38,10 : 534.57"
"38,11 : 676.1"
"38,12 : 827.33"
"38,13 : 347.13"
"38,14 : 717.81"
"38,15 : 505.22"
"38,16 : 473.71"
"38,17 : 619.32"
"38,18 : 768.27"
"38,19 : 242.54"
"38,20 : 209.31"
"38,21 : 529.91"
"38,22 : 114.48"
"38,23 : 531.01"
"38,24 : 659.28"
"38,25 : 793.66"
"38,26 : 260.05"
"38,27 : 170.53"
"38,28 : 631.46"
"38,29 : 273.53"
"38,30 : 175.28"
"38,31 : 528.14"
"38,32 : 209.75"
"38,33 : 181.39"
"38,34 : 636.89"
"38,35 : 284.42"
"38,36 : 53.08"
"38,37 : 876.64"
"38,38 : 0.0"
"38,39 : 33.54"
"38,40 : 560.64"
"38,41 : 56.57"
"38,42 : 276.99"
"38,43 : 821.3"
"38,44 : 625.22"
"38,45 : 738.73"
"38,46 : 464.16"
"38,47 : 526.79"
"38,48 : 978.02"
"38,49 : 300.24"
"39,0 : 798.12"
"39,1 : 639.13"
"39,2 : 695.6"
"39,3 : 562.8"
"39,4 : 627.54"
"39,5 : 552.64"
"39,6 : 147.8"
"39,7 : 541.01"
"39,8 : 555.79"
"39,9 : 576.43"
"39,10 : 567.9"
"39,11 : 707.25"
"39,12 : 859.15"
"39,13 : 365.63"
"39,14 : 747.24"
"39,15 : 527.89"
"39,16 : 499.38"
"39,17 : 647.6"
"39,18 : 790.0"
"39,19 : 247.16"
"39,20 : 214.16"
"39,21 : 539.82"
"39,22 : 93.49"
"39,23 : 530.46"
"39,24 : 690.89"
"39,25 : 825.81"
"39,26 : 248.28"
"39,27 : 182.8"
"39,28 : 657.54"
"39,29 : 288.29"
"39,30 : 148.25"
"39,31 : 558.65"
"39,32 : 237.55"
"39,33 : 153.0"
"39,34 : 665.87"
"39,35 : 316.55"
"39,36 : 75.58"
"39,37 : 909.02"
"39,38 : 33.54"
"39,39 : 0.0"
"39,40 : 592.67"
"39,41 : 89.02"
"39,42 : 303.03"
"39,43 : 843.85"
"39,44 : 644.89"
"39,45 : 771.98"
"39,46 : 487.69"
"39,47 : 552.68"
"39,48 : 1010.29"
"39,49 : 315.51"
"40,0 : 537.29"
"40,1 : 149.12"
"40,2 : 132.31"
"40,3 : 155.71"
"40,4 : 864.6"
"40,5 : 694.62"
"40,6 : 702.1"
"40,7 : 734.4"
"40,8 : 650.2"
"40,9 : 492.02"
"40,10 : 107.82"
"40,11 : 436.82"
"40,12 : 503.72"
"40,13 : 586.75"
"40,14 : 202.41"
"40,15 : 587.14"
"40,16 : 228.18"
"40,17 : 170.3"
"40,18 : 765.67"
"40,19 : 661.55"
"40,20 : 643.95"
"40,21 : 786.57"
"40,22 : 664.96"
"40,23 : 897.06"
"40,24 : 405.77"
"40,25 : 460.53"
"40,26 : 759.12"
"40,27 : 486.17"
"40,28 : 578.15"
"40,29 : 600.84"
"40,30 : 685.29"
"40,31 : 78.43"
"40,32 : 469.98"
"40,33 : 697.16"
"40,34 : 157.44"
"40,35 : 276.21"
"40,36 : 551.99"
"40,37 : 509.51"
"40,38 : 560.64"
"40,39 : 592.67"
"40,40 : 0.0"
"40,41 : 516.05"
"40,42 : 325.78"
"40,43 : 787.15"
"40,44 : 707.99"
"40,45 : 210.79"
"40,46 : 554.04"
"40,47 : 218.28"
"40,48 : 600.13"
"40,49 : 605.1"
"41,0 : 712.06"
"41,1 : 575.56"
"41,2 : 625.54"
"41,3 : 476.54"
"41,4 : 590.77"
"41,5 : 495.26"
"41,6 : 191.05"
"41,7 : 491.6"
"41,8 : 491.55"
"41,9 : 494.62"
"41,10 : 483.99"
"41,11 : 619.67"
"41,12 : 770.77"
"41,13 : 306.24"
"41,14 : 681.03"
"41,15 : 457.35"
"41,16 : 447.93"
"41,17 : 586.0"
"41,18 : 721.0"
"41,19 : 227.04"
"41,20 : 195.06"
"41,21 : 500.56"
"41,22 : 149.08"
"41,23 : 518.58"
"41,24 : 602.74"
"41,25 : 737.11"
"41,26 : 271.49"
"41,27 : 181.66"
"41,28 : 579.19"
"41,29 : 239.87"
"41,30 : 230.48"
"41,31 : 488.8"
"41,32 : 156.95"
"41,33 : 237.2"
"41,34 : 601.62"
"41,35 : 241.03"
"41,36 : 39.22"
"41,37 : 820.16"
"41,38 : 56.57"
"41,39 : 89.02"
"41,40 : 516.05"
"41,41 : 0.0"
"41,42 : 253.15"
"41,43 : 772.93"
"41,44 : 580.99"
"41,45 : 688.39"
"41,46 : 415.32"
"41,47 : 500.06"
"41,48 : 921.5"
"41,49 : 265.15"
"42,0 : 711.4"
"42,1 : 340.42"
"42,2 : 405.79"
"42,3 : 361.65"
"42,4 : 786.5"
"42,5 : 652.35"
"42,6 : 440.22"
"42,7 : 668.15"
"42,8 : 629.06"
"42,9 : 552.03"
"42,10 : 343.84"
"42,11 : 605.45"
"42,12 : 729.55"
"42,13 : 480.27"
"42,14 : 450.44"
"42,15 : 576.51"
"42,16 : 196.73"
"42,17 : 347.01"
"42,18 : 824.72"
"42,19 : 465.57"
"42,20 : 437.0"
"42,21 : 696.42"
"42,22 : 391.35"
"42,23 : 750.25"
"42,24 : 579.33"
"42,25 : 688.71"
"42,26 : 524.58"
"42,27 : 161.64"
"42,28 : 649.2"
"42,29 : 445.95"
"42,30 : 366.07"
"42,31 : 272.62"
"42,32 : 309.8"
"42,33 : 378.55"
"42,34 : 367.6"
"42,35 : 114.74"
"42,36 : 292.15"
"42,37 : 760.13"
"42,38 : 276.99"
"42,39 : 303.03"
"42,40 : 325.78"
"42,41 : 253.15"
"42,42 : 0.0"
"42,43 : 865.94"
"42,44 : 712.12"
"42,45 : 530.32"
"42,46 : 532.65"
"42,47 : 249.83"
"42,48 : 860.63"
"42,49 : 464.0"
"43,0 : 307.48"
"43,1 : 935.85"
"43,2 : 903.01"
"43,3 : 631.62"
"43,4 : 397.85"
"43,5 : 318.87"
"43,6 : 804.09"
"43,7 : 362.44"
"43,8 : 294.72"
"43,9 : 316.3"
"43,10 : 679.42"
"43,11 : 369.39"
"43,12 : 423.87"
"43,13 : 483.56"
"43,14 : 970.89"
"43,15 : 316.09"
"43,16 : 948.01"
"43,17 : 956.93"
"43,18 : 59.55"
"43,19 : 645.53"
"43,20 : 667.74"
"43,21 : 415.23"
"43,22 : 823.31"
"43,23 : 574.86"
"43,24 : 397.84"
"43,25 : 442.11"
"43,26 : 751.37"
"43,27 : 923.79"
"43,28 : 219.06"
"43,29 : 568.3"
"43,30 : 991.17"
"43,31 : 844.18"
"43,32 : 617.8"
"43,33 : 994.22"
"43,34 : 944.07"
"43,35 : 753.35"
"43,36 : 769.37"
"43,37 : 488.5"
"43,38 : 821.3"
"43,39 : 843.85"
"43,40 : 787.15"
"43,41 : 772.93"
"43,42 : 865.94"
"43,43 : 0.0"
"43,44 : 213.33"
"43,45 : 739.69"
"43,46 : 357.61"
"43,47 : 969.89"
"43,48 : 525.59"
"43,49 : 541.59"
"44,0 : 372.02"
"44,1 : 849.7"
"44,2 : 836.03"
"44,3 : 557.21"
"44,4 : 227.56"
"44,5 : 105.6"
"44,6 : 593.9"
"44,7 : 153.4"
"44,8 : 89.45"
"44,9 : 221.46"
"44,10 : 603.38"
"44,11 : 373.56"
"44,12 : 493.91"
"44,13 : 279.52"
"44,14 : 906.67"
"44,15 : 135.72"
"44,16 : 827.35"
"44,17 : 869.82"
"44,18 : 154.24"
"44,19 : 434.5"
"44,20 : 458.3"
"44,21 : 214.25"
"44,22 : 616.33"
"44,23 : 381.37"
"44,24 : 390.93"
"44,25 : 493.43"
"44,26 : 538.18"
"44,27 : 744.53"
"44,28 : 168.81"
"44,29 : 361.58"
"44,30 : 790.08"
"44,31 : 749.7"
"44,32 : 432.06"
"44,33 : 792.12"
"44,34 : 863.38"
"44,35 : 606.53"
"44,36 : 572.35"
"44,37 : 564.96"
"44,38 : 625.22"
"44,39 : 644.89"
"44,40 : 707.99"
"44,41 : 580.99"
"44,42 : 712.12"
"44,43 : 213.33"
"44,44 : 0.0"
"44,45 : 719.53"
"44,46 : 179.48"
"44,47 : 858.45"
"44,48 : 632.53"
"44,49 : 334.31"
"45,0 : 445.53"
"45,1 : 305.85"
"45,2 : 227.55"
"45,3 : 219.58"
"45,4 : 913.64"
"45,5 : 737.05"
"45,6 : 862.92"
"45,7 : 787.18"
"45,8 : 684.89"
"45,9 : 500.02"
"45,10 : 204.4"
"45,11 : 370.7"
"45,12 : 369.36"
"45,13 : 679.48"
"45,14 : 273.59"
"45,15 : 624.25"
"45,16 : 433.22"
"45,17 : 323.11"
"45,18 : 734.09"
"45,19 : 792.14"
"45,20 : 781.36"
"45,21 : 848.86"
"45,22 : 833.35"
"45,23 : 984.81"
"45,24 : 343.68"
"45,25 : 330.72"
"45,26 : 903.04"
"45,27 : 687.3"
"45,28 : 561.61"
"45,29 : 716.81"
"45,30 : 879.23"
"45,31 : 284.2"
"45,32 : 606.23"
"45,33 : 890.46"
"45,34 : 295.03"
"45,35 : 461.25"
"45,36 : 720.42"
"45,37 : 350.17"
"45,38 : 738.73"
"45,39 : 771.98"
"45,40 : 210.79"
"45,41 : 688.39"
"45,42 : 530.32"
"45,43 : 739.69"
"45,44 : 719.53"
"45,45 : 0.0"
"45,46 : 603.26"
"45,47 : 412.35"
"45,48 : 424.47"
"45,49 : 713.61"
"46,0 : 369.44"
"46,1 : 688.9"
"46,2 : 685.46"
"46,3 : 412.78"
"46,4 : 313.7"
"46,5 : 140.58"
"46,6 : 464.8"
"46,7 : 184.71"
"46,8 : 100.17"
"46,9 : 135.16"
"46,10 : 455.34"
"46,11 : 319.48"
"46,12 : 471.53"
"46,13 : 143.59"
"46,14 : 756.09"
"46,15 : 44.28"
"46,16 : 653.17"
"46,17 : 708.25"
"46,18 : 306.49"
"46,19 : 315.38"
"46,20 : 329.96"
"46,21 : 245.73"
"46,22 : 475.58"
"46,23 : 392.41"
"46,24 : 322.8"
"46,25 : 455.34"
"46,26 : 435.07"
"46,27 : 570.22"
"46,28 : 179.88"
"46,29 : 227.56"
"46,30 : 635.65"
"46,31 : 586.78"
"46,32 : 260.64"
"46,33 : 639.36"
"46,34 : 705.01"
"46,35 : 427.79"
"46,36 : 412.68"
"46,37 : 538.78"
"46,38 : 464.16"
"46,39 : 487.69"
"46,40 : 554.04"
"46,41 : 415.32"
"46,42 : 532.65"
"46,43 : 357.61"
"46,44 : 179.48"
"46,45 : 603.26"
"46,46 : 0.0"
"46,47 : 687.0"
"46,48 : 626.17"
"46,49 : 204.36"
"47,0 : 744.75"
"47,1 : 122.61"
"47,2 : 209.48"
"47,3 : 352.37"
"47,4 : 978.19"
"47,5 : 822.64"
"47,6 : 689.26"
"47,7 : 851.32"
"47,8 : 787.14"
"47,9 : 658.86"
"47,10 : 309.1"
"47,11 : 640.41"
"47,12 : 720.41"
"47,13 : 676.73"
"47,14 : 226.43"
"47,15 : 726.74"
"47,16 : 53.46"
"47,17 : 117.65"
"47,18 : 940.6"
"47,19 : 699.09"
"47,20 : 673.43"
"47,21 : 892.01"
"47,22 : 641.07"
"47,23 : 971.45"
"47,24 : 609.76"
"47,25 : 677.13"
"47,26 : 769.93"
"47,27 : 395.01"
"47,28 : 752.95"
"47,29 : 663.01"
"47,30 : 600.44"
"47,31 : 141.03"
"47,32 : 521.81"
"47,33 : 613.39"
"47,34 : 147.03"
"47,35 : 287.2"
"47,36 : 539.28"
"47,37 : 727.79"
"47,38 : 526.79"
"47,39 : 552.68"
"47,40 : 218.28"
"47,41 : 500.06"
"47,42 : 249.83"
"47,43 : 969.89"
"47,44 : 858.45"
"47,45 : 412.35"
"47,46 : 687.0"
"47,47 : 0.0"
"47,48 : 817.89"
"47,49 : 675.81"
"48,0 : 263.41"
"48,1 : 724.55"
"48,2 : 651.24"
"48,3 : 500.72"
"48,4 : 860.1"
"48,5 : 706.69"
"48,6 : 1048.15"
"48,7 : 765.36"
"48,8 : 653.67"
"48,9 : 491.54"
"48,10 : 528.19"
"48,11 : 314.31"
"48,12 : 156.59"
"48,13 : 760.24"
