x,y
748,382
115,900
314,407
495,266
247,976
523,662
74,24
153,582
31,149
736,714
509,216
664,615
2,216
269,965
48,495
565,585
873,525
726,37
488,278
686,807
789,369
391,700
140,816
722,16
700,652
421,358
3,915
816,657
786,249
141,938
466,183
970,599
928,287
961,938
79,17
402,250
1000,553
152,130
698,56
600,624
111,113
75,218
981,262
85,404
164,997
805,881
755,880
220,706
970,348
356,106

Distanze
"0,0 : 0.0"
"0,1 : 187.93"
"0,2 : 107.38"
"0,3 : 774.02"
"0,4 : 558.62"
"0,5 : 568.95"
"0,6 : 983.88"
"0,7 : 227.04"
"0,8 : 938.0"
"0,9 : 901.79"
"0,10 : 786.16"
"0,11 : 865.41"
"0,12 : 446.76"
"0,13 : 703.64"
"0,14 : 327.62"
"0,15 : 333.84"
"0,16 : 366.63"
"0,17 : 432.86"
"0,18 : 678.97"
"0,19 : 674.65"
"0,20 : 407.98"
"0,21 : 194.49"
"0,22 : 873.61"
"0,23 : 850.49"
"0,24 : 836.21"
"0,25 : 395.04"
"0,26 : 716.68"
"0,27 : 685.69"
"0,28 : 350.68"
"0,29 : 685.04"
"0,30 : 736.89"
"0,31 : 762.81"
"0,32 : 294.4"
"0,33 : 89.94"
"0,34 : 808.28"
"0,35 : 744.08"
"0,36 : 448.64"
"0,37 : 318.13"
"0,38 : 675.33"
"0,39 : 131.47"
"0,40 : 513.64"
"0,41 : 602.88"
"0,42 : 284.95"
"0,43 : 360.9"
"0,44 : 579.02"
"0,45 : 655.18"
"0,46 : 853.48"
"0,47 : 419.05"
"0,48 : 175.41"
"0,49 : 167.72"
"1,0 : 187.93"
"1,1 : 0.0"
"1,2 : 231.86"
"1,3 : 595.24"
"1,4 : 573.25"
"1,5 : 565.95"
"1,6 : 868.62"
"1,7 : 160.18"
"1,8 : 789.36"
"1,9 : 740.25"
"1,10 : 706.63"
"1,11 : 837.7"
"1,12 : 275.7"
"1,13 : 582.27"
"1,14 : 152.41"
"1,15 : 222.44"
"1,16 : 375.16"
"1,17 : 330.18"
"1,18 : 492.61"
"1,19 : 491.19"
"1,20 : 322.06"
"1,21 : 320.46"
"1,22 : 697.21"
"1,23 : 840.87"
"1,24 : 659.73"
"1,25 : 287.09"
"1,26 : 554.15"
"1,27 : 658.29"
"1,28 : 276.92"
"1,29 : 586.34"
"1,30 : 711.96"
"1,31 : 661.47"
"1,32 : 386.94"
"1,33 : 169.14"
"1,34 : 638.16"
"1,35 : 685.23"
"1,36 : 345.05"
"1,37 : 233.83"
"1,38 : 488.36"
"1,39 : 56.46"
"1,40 : 405.45"
"1,41 : 415.05"
"1,42 : 123.03"
"1,43 : 304.2"
"1,44 : 391.76"
"1,45 : 527.54"
"1,46 : 775.88"
"1,47 : 231.95"
"1,48 : 50.21"
"1,49 : 323.06"
"2,0 : 107.38"
"2,1 : 231.86"
"2,2 : 0.0"
"2,3 : 826.01"
"2,4 : 455.74"
"2,5 : 469.72"
"2,6 : 921.91"
"2,7 : 188.66"
"2,8 : 899.34"
"2,9 : 875.22"
"2,10 : 709.02"
"2,11 : 769.04"
"2,12 : 507.18"
"2,13 : 650.1"
"2,14 : 337.12"
"2,15 : 296.47"
"2,16 : 270.09"
"2,17 : 380.13"
"2,18 : 716.33"
"2,19 : 719.35"
"2,20 : 348.14"
"2,21 : 93.94"
"2,22 : 865.11"
"2,23 : 749.89"
"2,24 : 828.32"
"2,25 : 348.52"
"2,26 : 784.59"
"2,27 : 591.17"
"2,28 : 290.23"
"2,29 : 619.16"
"2,30 : 641.01"
"2,31 : 696.58"
"2,32 : 187.58"
"2,33 : 195.39"
"2,34 : 792.4"
"2,35 : 659.18"
"2,36 : 395.28"
"2,37 : 267.73"
"2,38 : 692.86"
"2,39 : 183.86"
"2,40 : 459.05"
"2,41 : 632.87"
"2,42 : 288.44"
"2,43 : 290.83"
"2,44 : 613.64"
"2,45 : 606.93"
"2,46 : 774.5"
"2,47 : 443.09"
"2,48 : 196.65"
"2,49 : 93.06"
"3,0 : 774.02"
"3,1 : 595.24"
"3,2 : 826.01"
"3,3 : 0.0"
"3,4 : 1034.12"
"3,5 : 1001.59"
"3,6 : 940.56"
"3,7 : 688.54"
"3,8 : 735.1"
"3,9 : 628.17"
"3,10 : 941.7"
"3,11 : 1170.82"
"3,12 : 328.9"
"3,13 : 733.67"
"3,14 : 516.0"
"3,15 : 642.58"
"3,16 : 876.59"
"3,17 : 682.06"
"3,18 : 151.86"
"3,19 : 117.78"
"3,20 : 712.68"
"3,21 : 910.21"
"3,22 : 485.62"
"3,23 : 1211.92"
"3,24 : 466.89"
"3,25 : 659.78"
"3,26 : 147.26"
"3,27 : 1028.8"
"3,28 : 716.65"
"3,29 : 808.94"
"3,30 : 1075.4"
"3,31 : 846.79"
"3,32 : 956.52"
"3,33 : 717.43"
"3,34 : 513.82"
"3,35 : 980.03"
"3,36 : 684.68"
"3,37 : 687.54"
"3,38 : 276.81"
"3,39 : 648.17"
"3,40 : 694.49"
"3,41 : 240.1"
"3,42 : 562.78"
"3,43 : 752.93"
"3,44 : 237.93"
"3,45 : 684.69"
"3,46 : 997.12"
"3,47 : 404.79"
"3,48 : 630.29"
"3,49 : 918.07"
"4,0 : 558.62"
"4,1 : 573.25"
"4,2 : 455.74"
"4,3 : 1034.12"
"4,4 : 0.0"
"4,5 : 53.23"
"4,6 : 635.69"
"4,7 : 413.89"
"4,8 : 727.83"
"4,9 : 762.71"
"4,10 : 377.71"
"4,11 : 327.99"
"4,12 : 793.83"
"4,13 : 464.72"
"4,14 : 546.61"
"4,15 : 403.8"
"4,16 : 199.82"
"4,17 : 353.01"
"4,18 : 888.03"
"4,19 : 916.42"
"4,20 : 321.55"
"4,21 : 399.72"
"4,22 : 832.51"
"4,23 : 296.14"
"4,24 : 805.01"
"4,25 : 374.88"
"4,26 : 1054.77"
"4,27 : 174.79"
"4,28 : 327.0"
"4,29 : 378.54"
"4,30 : 209.4"
"4,31 : 429.81"
"4,32 : 298.24"
"4,33 : 637.34"
"4,34 : 742.65"
"4,35 : 292.06"
"4,36 : 352.35"
"4,37 : 365.31"
"4,38 : 797.68"
"4,39 : 563.05"
"4,40 : 361.68"
"4,41 : 795.63"
"4,42 : 513.86"
"4,43 : 290.66"
"4,44 : 796.5"
"4,45 : 463.7"
"4,46 : 421.16"
"4,47 : 642.96"
"4,48 : 523.58"
"4,49 : 457.25"
"5,0 : 568.95"
"5,1 : 565.95"
"5,2 : 469.72"
"5,3 : 1001.59"
"5,4 : 53.23"
"5,5 : 0.0"
"5,6 : 583.79"
"5,7 : 405.77"
"5,8 : 674.91"
"5,9 : 711.17"
"5,10 : 326.38"
"5,11 : 301.01"
"5,12 : 773.18"
"5,13 : 412.85"
"5,14 : 525.52"
"5,15 : 381.93"
"5,16 : 202.78"
"5,17 : 319.65"
"5,18 : 853.82"
"5,19 : 884.2"
"5,20 : 292.14"
"5,21 : 422.68"
"5,22 : 784.02"
"5,23 : 281.89"
"5,24 : 757.26"
"5,25 : 345.96"
"5,26 : 1028.49"
"5,27 : 132.85"
"5,28 : 306.22"
"5,29 : 325.73"
"5,30 : 175.51"
"5,31 : 376.61"
"5,32 : 326.56"
"5,33 : 643.57"
"5,34 : 694.05"
"5,35 : 242.76"
"5,36 : 317.08"
"5,37 : 347.13"
"5,38 : 759.01"
"5,39 : 560.99"
"5,40 : 319.44"
"5,41 : 762.06"
"5,42 : 496.45"
"5,43 : 271.23"
"5,44 : 764.81"
"5,45 : 413.88"
"5,46 : 372.34"
"5,47 : 616.8"
"5,48 : 517.23"
"5,49 : 481.13"
"6,0 : 983.88"
"6,1 : 868.62"
"6,2 : 921.91"
"6,3 : 940.56"
"6,4 : 635.69"
"6,5 : 583.79"
"6,6 : 0.0"
"6,7 : 757.41"
"6,8 : 232.86"
"6,9 : 340.18"
"6,10 : 258.55"
"6,11 : 455.8"
"6,12 : 904.47"
"6,13 : 286.4"
"6,14 : 733.74"
"6,15 : 655.63"
"6,16 : 691.79"
"6,17 : 551.5"
"6,18 : 802.41"
"6,19 : 852.55"
"6,20 : 576.58"
"6,21 : 922.5"
"6,22 : 489.1"
"6,23 : 536.48"
"6,24 : 491.51"
"6,25 : 591.27"
"6,26 : 1043.48"
"6,27 : 475.23"
"6,28 : 634.55"
"6,29 : 303.36"
"6,30 : 472.24"
"6,31 : 227.26"
"6,32 : 858.8"
"6,33 : 1020.64"
"6,34 : 431.83"
"6,35 : 348.66"
"6,36 : 535.69"
"6,37 : 665.81"
"6,38 : 669.79"
"6,39 : 901.27"
"6,40 : 470.88"
"6,41 : 746.05"
"6,42 : 747.19"
"6,43 : 631.1"
"6,44 : 772.65"
"6,45 : 342.46"
"6,46 : 231.87"
"6,47 : 739.98"
"6,48 : 840.89"
"6,49 : 977.03"
"7,0 : 227.04"
"7,1 : 160.18"
"7,2 : 188.66"
"7,3 : 688.54"
"7,4 : 413.89"
"7,5 : 405.77"
"7,6 : 757.41"
"7,7 : 0.0"
"7,8 : 715.6"
"7,9 : 687.36"
"7,10 : 569.08"
"7,11 : 681.26"
"7,12 : 398.93"
"7,13 : 476.62"
"7,14 : 173.57"
"7,15 : 109.48"
"7,16 : 217.79"
"7,17 : 205.99"
"7,18 : 562.43"
"7,19 : 574.66"
"7,20 : 183.81"
"7,21 : 242.26"
"7,22 : 677.46"
"7,23 : 681.62"
"7,24 : 640.89"
"7,25 : 168.15"
"7,26 : 674.85"
"7,27 : 500.92"
"7,28 : 129.14"
"7,29 : 460.66"
"7,30 : 554.42"
"7,31 : 538.2"
"7,32 : 268.46"
"7,33 : 269.07"
"7,34 : 603.84"
"7,35 : 537.43"
"7,36 : 221.79"
"7,37 : 91.92"
"7,38 : 519.71"
"7,39 : 161.99"
"7,40 : 286.75"
"7,41 : 473.03"
"7,42 : 125.77"
"7,43 : 149.28"
"7,44 : 459.79"
"7,45 : 428.73"
"7,46 : 637.66"
"7,47 : 285.93"
"7,48 : 111.83"
"7,49 : 273.42"
"8,0 : 938.0"
"8,1 : 789.36"
"8,2 : 899.34"
"8,3 : 735.1"
"8,4 : 727.83"
"8,5 : 674.91"
"8,6 : 232.86"
"8,7 : 715.6"
"8,8 : 0.0"
"8,9 : 110.94"
"8,10 : 395.02"
"8,11 : 638.78"
"8,12 : 757.72"
"8,13 : 270.8"
"8,14 : 639.88"
"8,15 : 606.21"
"8,16 : 719.57"
"8,17 : 521.35"
"8,18 : 608.49"
"8,19 : 660.02"
"8,20 : 557.93"
"8,21 : 923.55"
"8,22 : 262.1"
"8,23 : 712.69"
"8,24 : 271.01"
"8,25 : 550.82"
"8,26 : 851.4"
"8,27 : 600.06"
"8,28 : 613.21"
"8,29 : 349.37"
"8,30 : 615.95"
"8,31 : 306.94"
"8,32 : 884.16"
"8,33 : 954.84"
"8,34 : 222.43"
"8,35 : 482.42"
"8,36 : 507.06"
"8,37 : 631.62"
"8,38 : 478.73"
"8,39 : 832.8"
"8,40 : 447.21"
"8,41 : 568.63"
"8,42 : 667.3"
"8,43 : 623.35"
"8,44 : 599.7"
"8,45 : 297.64"
"8,46 : 406.23"
"8,47 : 612.41"
"8,48 : 773.86"
"8,49 : 971.14"
"9,0 : 901.79"
"9,1 : 740.25"
"9,2 : 875.22"
"9,3 : 628.17"
"9,4 : 762.71"
"9,5 : 711.17"
"9,6 : 340.18"
"9,7 : 687.36"
"9,8 : 110.94"
"9,9 : 0.0"
"9,10 : 465.4"
"9,11 : 716.46"
"9,12 : 676.03"
"9,13 : 298.56"
"9,14 : 588.05"
"9,15 : 578.75"
"9,16 : 724.94"
"9,17 : 508.69"
"9,18 : 506.86"
"9,19 : 558.47"
"9,20 : 548.64"
"9,21 : 910.24"
"9,22 : 151.16"
"9,23 : 785.75"
"9,24 : 161.76"
"9,25 : 531.0"
"9,26 : 748.73"
"9,27 : 654.03"
"9,28 : 599.5"
"9,29 : 390.23"
"9,30 : 677.37"
"9,31 : 367.52"
"9,32 : 883.39"
"9,33 : 908.71"
"9,34 : 123.1"
"9,35 : 545.78"
"9,36 : 496.19"
"9,37 : 610.61"
"9,38 : 380.43"
"9,39 : 787.94"
"9,40 : 443.9"
"9,41 : 475.38"
"9,42 : 621.63"
"9,43 : 615.8"
"9,44 : 508.07"
"9,45 : 304.32"
"9,46 : 488.89"
"9,47 : 543.93"
"9,48 : 731.23"
"9,49 : 953.49"
"10,0 : 786.16"
"10,1 : 706.63"
"10,2 : 709.02"
"10,3 : 941.7"
"10,4 : 377.71"
"10,5 : 326.38"
"10,6 : 258.55"
"10,7 : 569.08"
"10,8 : 395.02"
"10,9 : 465.4"
"10,10 : 0.0"
"10,11 : 252.68"
"10,12 : 815.41"
"10,13 : 210.24"
"10,14 : 598.14"
"10,15 : 484.2"
"10,16 : 456.43"
"10,17 : 376.82"
"10,18 : 791.09"
"10,19 : 834.93"
"10,20 : 387.01"
"10,21 : 694.0"
"10,22 : 582.35"
"10,23 : 320.41"
"10,24 : 567.76"
"10,25 : 420.01"
"10,26 : 1013.68"
"10,27 : 218.28"
"10,28 : 439.96"
"10,29 : 137.06"
"10,30 : 223.58"
"10,31 : 102.42"
"10,32 : 618.71"
"10,33 : 838.08"
"10,34 : 498.82"
"10,35 : 92.11"
"10,36 : 362.44"
"10,37 : 479.15"
"10,38 : 666.82"
"10,39 : 727.01"
"10,40 : 307.39"
"10,41 : 713.31"
"10,42 : 595.69"
"10,43 : 425.4"
"10,44 : 730.62"
"10,45 : 257.11"
"10,46 : 69.26"
"10,47 : 641.7"
"10,48 : 669.13"
"10,49 : 751.15"
"11,0 : 865.41"
"11,1 : 837.7"
"11,2 : 769.04"
"11,3 : 1170.82"
"11,4 : 327.99"
"11,5 : 301.01"
"11,6 : 455.8"
"11,7 : 681.26"
"11,8 : 638.78"
"11,9 : 716.46"
"11,10 : 252.68"
"11,11 : 0.0"
"11,12 : 1002.35"
"11,13 : 455.47"
"11,14 : 763.56"
"11,15 : 627.5"
"11,16 : 499.41"
"11,17 : 533.88"
"11,18 : 1018.99"
"11,19 : 1059.15"
"11,20 : 525.03"
"11,21 : 723.5"
"11,22 : 834.86"
"11,23 : 82.28"
"11,24 : 819.49"
"11,25 : 573.06"
"11,26 : 1228.1"
"11,27 : 180.94"
"11,28 : 561.73"
"11,29 : 366.95"
"11,30 : 128.57"
"11,31 : 354.53"
"11,32 : 625.18"
"11,33 : 935.48"
"11,34 : 750.55"
"11,35 : 191.4"
"11,36 : 523.76"
"11,37 : 605.19"
"11,38 : 901.27"
"11,39 : 842.44"
"11,40 : 489.45"
"11,41 : 935.07"
"11,42 : 746.88"
"11,43 : 533.57"
"11,44 : 947.57"
"11,45 : 493.13"
"11,46 : 233.36"
"11,47 : 831.9"
"11,48 : 792.15"
"11,49 : 781.83"
"12,0 : 446.76"
"12,1 : 275.7"
"12,2 : 507.18"
"12,3 : 328.9"
"12,4 : 793.83"
"12,5 : 773.18"
"12,6 : 904.47"
"12,7 : 398.93"
"12,8 : 757.72"
"12,9 : 676.03"
"12,10 : 815.41"
"12,11 : 1002.35"
"12,12 : 0.0"
"12,13 : 635.94"
"12,14 : 247.69"
"12,15 : 391.26"
"12,16 : 610.18"
"12,17 : 469.8"
"12,18 : 261.63"
"12,19 : 241.05"
"12,20 : 485.9"
"12,21 : 596.05"
"12,22 : 581.08"
"12,23 : 1024.36"
"12,24 : 546.94"
"12,25 : 433.66"
"12,26 : 279.26"
"12,27 : 835.24"
"12,28 : 467.46"
"12,29 : 679.46"
"12,30 : 887.44"
"12,31 : 740.95"
"12,32 : 656.49"
"12,33 : 388.63"
"12,34 : 554.93"
"12,35 : 823.97"
"12,36 : 478.94"
"12,37 : 428.56"
"12,38 : 321.79"
"12,39 : 324.82"
"12,40 : 516.25"
"12,41 : 221.12"
"12,42 : 281.57"
"12,43 : 503.39"
"12,44 : 186.66"
"12,45 : 577.55"
"12,46 : 881.5"
"12,47 : 173.73"
"12,48 : 317.51"
"12,49 : 597.18"
"13,0 : 703.64"
"13,1 : 582.27"
"13,2 : 650.1"
"13,3 : 733.67"
"13,4 : 464.72"
"13,5 : 412.85"
"13,6 : 286.4"
"13,7 : 476.62"
"13,8 : 270.8"
"13,9 : 298.56"
"13,10 : 210.24"
"13,11 : 455.47"
"13,12 : 635.94"
"13,13 : 0.0"
"13,14 : 448.64"
"13,15 : 371.73"
"13,16 : 450.41"
"13,17 : 271.49"
"13,18 : 584.09"
"13,19 : 629.43"
"13,20 : 302.05"
"13,21 : 663.5"
"13,22 : 388.12"
"13,23 : 513.28"
"13,24 : 368.29"
"13,25 : 308.7"
"13,26 : 812.29"
"13,27 : 361.22"
"13,28 : 359.87"
"13,29 : 95.19"
"13,30 : 391.26"
"13,31 : 113.23"
"13,32 : 616.55"
"13,33 : 735.97"
"13,34 : 300.05"
"13,35 : 267.78"
"13,36 : 255.88"
"13,37 : 386.39"
"13,38 : 457.74"
"13,39 : 615.8"
"13,40 : 191.26"
"13,41 : 510.11"
"13,42 : 460.82"
"13,43 : 363.45"
"13,44 : 530.25"
"13,45 : 58.69"
"13,46 : 263.5"
"13,47 : 465.4"
"13,48 : 555.36"
"13,49 : 714.28"
"14,0 : 327.62"
"14,1 : 152.41"
"14,2 : 337.12"
"14,3 : 516.0"
"14,4 : 546.61"
"14,5 : 525.52"
"14,6 : 733.74"
"14,7 : 173.57"
"14,8 : 639.88"
"14,9 : 588.05"
"14,10 : 598.14"
"14,11 : 763.56"
"14,12 : 247.69"
"14,13 : 448.64"
"14,14 : 0.0"
"14,15 : 143.59"
"14,16 : 368.07"
"14,17 : 230.33"
"14,18 : 389.08"
"14,19 : 401.36"
"14,20 : 240.64"
"14,21 : 408.29"
"14,22 : 547.15"
"14,23 : 780.6"
"14,24 : 509.68"
"14,25 : 190.54"
"14,26 : 512.3"
"14,27 : 591.92"
"14,28 : 219.86"
"14,29 : 468.26"
"14,30 : 644.84"
"14,31 : 538.97"
"14,32 : 442.0"
"14,33 : 321.44"
"14,34 : 486.04"
"14,35 : 592.94"
"14,36 : 241.87"
"14,37 : 181.96"
"14,38 : 355.76"
"14,39 : 202.95"
"14,40 : 290.8"
"14,41 : 300.6"
"14,42 : 49.5"
"14,43 : 255.97"
"14,44 : 286.3"
"14,45 : 391.39"
"14,46 : 666.74"
"14,47 : 112.36"
"14,48 : 152.3"
"14,49 : 429.25"
"15,0 : 333.84"
"15,1 : 222.44"
"15,2 : 296.47"
"15,3 : 642.58"
"15,4 : 403.8"
"15,5 : 381.93"
"15,6 : 655.63"
"15,7 : 109.48"
"15,8 : 606.21"
"15,9 : 578.75"
"15,10 : 484.2"
"15,11 : 627.5"
"15,12 : 391.26"
"15,13 : 371.73"
"15,14 : 143.59"
"15,15 : 0.0"
"15,16 : 234.09"
"15,17 : 108.04"
"15,18 : 504.48"
"15,19 : 525.32"
"15,20 : 102.88"
"15,21 : 339.06"
"15,22 : 575.29"
"15,23 : 640.15"
"15,24 : 539.35"
"15,25 : 65.38"
"15,26 : 651.91"
"15,27 : 452.42"
"15,28 : 76.84"
"15,29 : 365.58"
"15,30 : 505.82"
"15,31 : 441.82"
"15,32 : 340.8"
"15,33 : 365.05"
"15,34 : 498.71"
"15,35 : 465.73"
"15,36 : 123.26"
"15,37 : 46.17"
"15,38 : 441.26"
"15,39 : 246.94"
"15,40 : 185.95"
"15,41 : 411.84"
"15,42 : 119.42"
"15,43 : 113.44"
"15,44 : 405.76"
"15,45 : 321.64"
"15,46 : 553.45"
"15,47 : 241.5"
"15,48 : 187.18"
"15,49 : 377.01"
"16,0 : 366.63"
"16,1 : 375.16"
"16,2 : 270.09"
"16,3 : 876.59"
"16,4 : 199.82"
"16,5 : 202.78"
"16,6 : 691.79"
"16,7 : 217.79"
"16,8 : 719.57"
"16,9 : 724.94"
"16,10 : 456.43"
"16,11 : 499.41"
"16,12 : 610.18"
"16,13 : 450.41"
"16,14 : 368.07"
"16,15 : 234.09"
"16,16 : 0.0"
"16,17 : 230.5"
"16,18 : 738.05"
"16,19 : 759.41"
"16,20 : 189.08"
"16,21 : 238.44"
"16,22 : 759.36"
"16,23 : 484.66"
"16,24 : 726.64"
"16,25 : 231.02"
"16,26 : 880.31"
"16,27 : 321.08"
"16,28 : 162.78"
"16,29 : 392.66"
"16,30 : 371.13"
"16,31 : 465.21"
"16,32 : 167.84"
"16,33 : 440.91"
"16,34 : 673.63"
"16,35 : 395.9"
"16,36 : 238.43"
"16,37 : 189.16"
"16,38 : 667.11"
"16,39 : 363.24"
"16,40 : 281.56"
"16,41 : 645.2"
"16,42 : 328.81"
"16,43 : 129.14"
"16,44 : 639.84"
"16,45 : 424.32"
"16,46 : 517.8"
"16,47 : 473.89"
"16,48 : 325.15"
"16,49 : 296.45"
"17,0 : 432.86"
"17,1 : 330.18"
"17,2 : 380.13"
"17,3 : 682.06"
"17,4 : 353.01"
"17,5 : 319.65"
"17,6 : 551.5"
"17,7 : 205.99"
"17,8 : 521.35"
"17,9 : 508.69"
"17,10 : 376.82"
"17,11 : 533.88"
"17,12 : 469.8"
"17,13 : 271.49"
"17,14 : 230.33"
"17,15 : 108.04"
"17,16 : 230.5"
"17,17 : 0.0"
"17,18 : 535.09"
"17,19 : 564.59"
"17,20 : 41.76"
"17,21 : 403.19"
"17,22 : 530.35"
"17,23 : 554.79"
"17,24 : 496.97"
"17,25 : 43.19"
"17,26 : 712.18"
"17,27 : 365.67"
"17,28 : 91.93"
"17,29 : 257.87"
"17,30 : 417.66"
"17,31 : 334.55"
"17,32 : 377.02"
"17,33 : 470.89"
"17,34 : 446.23"
"17,35 : 363.45"
"17,36 : 15.81"
"17,37 : 114.97"
"17,38 : 447.76"
"17,39 : 354.38"
"17,40 : 80.78"
"17,41 : 442.88"
"17,42 : 220.23"
"17,43 : 108.26"
"17,44 : 445.16"
"17,45 : 226.81"
"17,46 : 446.08"
"17,47 : 303.36"
"17,48 : 294.98"
"17,49 : 449.8"
"18,0 : 678.97"
"18,1 : 492.61"
"18,2 : 716.33"
"18,3 : 151.86"
"18,4 : 888.03"
"18,5 : 853.82"
"18,6 : 802.41"
"18,7 : 562.43"
"18,8 : 608.49"
"18,9 : 506.86"
"18,10 : 791.09"
"18,11 : 1018.99"
"18,12 : 261.63"
"18,13 : 584.09"
"18,14 : 389.08"
"18,15 : 504.48"
"18,16 : 738.05"
"18,17 : 535.09"
"18,18 : 0.0"
"18,19 : 51.62"
"18,20 : 567.55"
"18,21 : 794.64"
"18,22 : 377.3"
"18,23 : 1060.23"
"18,24 : 351.21"
"18,25 : 515.54"
"18,26 : 243.04"
"18,27 : 877.61"
"18,28 : 576.14"
"18,29 : 657.66"
"18,30 : 923.87"
"18,31 : 697.32"
"18,32 : 830.51"
"18,33 : 635.54"
"18,34 : 386.35"
"18,35 : 828.26"
"18,36 : 536.77"
"18,37 : 550.31"
"18,38 : 132.62"
"18,39 : 548.39"
"18,40 : 543.78"
"18,41 : 93.01"
"18,42 : 438.0"
"18,43 : 611.8"
"18,44 : 103.12"
"18,45 : 533.99"
"18,46 : 847.57"
"18,47 : 277.0"
"18,48 : 520.04"
"18,49 : 809.37"
"19,0 : 674.65"
"19,1 : 491.19"
"19,2 : 719.35"
"19,3 : 117.78"
"19,4 : 916.42"
"19,5 : 884.2"
"19,6 : 852.55"
"19,7 : 574.66"
"19,8 : 660.02"
"19,9 : 558.47"
"19,10 : 834.93"
"19,11 : 1059.15"
"19,12 : 241.05"
"19,13 : 629.43"
"19,14 : 401.36"
"19,15 : 525.32"
"19,16 : 759.41"
"19,17 : 564.59"
"19,18 : 51.62"
"19,19 : 0.0"
"19,20 : 594.95"
"19,21 : 801.0"
"19,22 : 428.06"
"19,23 : 1098.11"
"19,24 : 402.5"
"19,25 : 542.0"
"19,26 : 191.76"
"19,27 : 913.8"
"19,28 : 599.08"
"19,29 : 700.41"
"19,30 : 961.11"
"19,31 : 742.61"
"19,32 : 843.07"
"19,33 : 625.19"
"19,34 : 437.94"
"19,35 : 869.08"
"19,36 : 567.46"
"19,37 : 570.48"
"19,38 : 183.11"
"19,39 : 545.82"
"19,40 : 579.06"
"19,41 : 124.47"
"19,42 : 449.02"
"19,43 : 635.31"
"19,44 : 120.15"
"19,45 : 578.01"
"19,46 : 892.63"
"19,47 : 289.35"
"19,48 : 522.75"
"19,49 : 812.07"
"20,0 : 407.98"
"20,1 : 322.06"
"20,2 : 348.14"
"20,3 : 712.68"
"20,4 : 321.55"
"20,5 : 292.14"
"20,6 : 576.58"
"20,7 : 183.81"
"20,8 : 557.93"
"20,9 : 548.64"
"20,10 : 387.01"
"20,11 : 525.03"
"20,12 : 485.9"
"20,13 : 302.05"
"20,14 : 240.64"
"20,15 : 102.88"
"20,16 : 189.08"
"20,17 : 41.76"
"20,18 : 567.55"
"20,19 : 594.95"
"20,20 : 0.0"
"20,21 : 365.63"
"20,22 : 572.1"
"20,23 : 539.97"
"20,24 : 538.73"
"20,25 : 53.82"
"20,26 : 736.42"
"20,27 : 351.4"
"20,28 : 58.14"
"20,29 : 277.25"
"20,30 : 404.5"
"20,31 : 354.95"
"20,32 : 335.87"
"20,33 : 452.48"
"20,34 : 487.85"
"20,35 : 363.6"
"20,36 : 52.48"
"20,37 : 92.44"
"20,38 : 484.81"
"20,39 : 340.0"
"20,40 : 111.66"
"20,41 : 474.82"
"20,42 : 221.96"
"20,43 : 67.23"
"20,44 : 474.97"
"20,45 : 261.34"
"20,46 : 456.01"
"20,47 : 325.0"
"20,48 : 282.45"
"20,49 : 413.92"
"21,0 : 194.49"
"21,1 : 320.46"
"21,2 : 93.94"
"21,3 : 910.21"
"21,4 : 399.72"
"21,5 : 422.68"
"21,6 : 922.5"
"21,7 : 242.26"
"21,8 : 923.55"
"21,9 : 910.24"
"21,10 : 694.0"
"21,11 : 723.5"
"21,12 : 596.05"
"21,13 : 663.5"
"21,14 : 408.29"
"21,15 : 339.06"
"21,16 : 238.44"
"21,17 : 403.19"
"21,18 : 794.64"
"21,19 : 801.0"
"21,20 : 365.63"
"21,21 : 0.0"
"21,22 : 914.36"
"21,23 : 695.8"
"21,24 : 878.39"
"21,25 : 379.44"
"21,26 : 874.57"
"21,27 : 551.33"
"21,28 : 311.4"
"21,29 : 619.71"
"21,30 : 597.85"
"21,31 : 695.26"
"21,32 : 107.22"
"21,33 : 284.38"
"21,34 : 836.91"
"21,35 : 634.09"
"21,36 : 416.92"
"21,37 : 301.26"
"21,38 : 760.93"
"21,39 : 275.75"
"21,40 : 476.62"
"21,41 : 708.31"
"21,42 : 358.79"
"21,43 : 300.71"
"21,44 : 691.53"
"21,45 : 626.55"
"21,46 : 756.11"
"21,47 : 518.42"
"21,48 : 280.4"
"21,49 : 58.69"
"22,0 : 873.61"
"22,1 : 697.21"
"22,2 : 865.11"
"22,3 : 485.62"
"22,4 : 832.51"
"22,5 : 784.02"
"22,6 : 489.1"
"22,7 : 677.46"
"22,8 : 262.1"
"22,9 : 151.16"
"22,10 : 582.35"
"22,11 : 834.86"
"22,12 : 581.08"
"22,13 : 388.12"
"22,14 : 547.15"
"22,15 : 575.29"
"22,16 : 759.36"
"22,17 : 530.35"
"22,18 : 377.3"
"22,19 : 428.06"
"22,20 : 572.1"
"22,21 : 914.36"
"22,22 : 0.0"
"22,23 : 898.29"
"22,24 : 37.48"
"22,25 : 541.32"
"22,26 : 613.8"
"22,27 : 748.52"
"22,28 : 614.1"
"22,29 : 483.23"
"22,30 : 779.32"
"22,31 : 480.34"
"22,32 : 905.13"
"22,33 : 865.64"
"22,34 : 90.02"
"22,35 : 653.29"
"22,36 : 521.16"
"22,37 : 614.55"
"22,38 : 263.66"
"22,39 : 749.87"
"22,40 : 482.9"
"22,41 : 365.12"
"22,42 : 588.71"
"22,43 : 637.87"
"22,44 : 399.81"
"22,45 : 371.59"
"22,46 : 616.3"
"22,47 : 477.65"
"22,48 : 698.41"
"22,49 : 950.62"
"23,0 : 850.49"
"23,1 : 840.87"
"23,2 : 749.89"
"23,3 : 1211.92"
"23,4 : 296.14"
"23,5 : 281.89"
"23,6 : 536.48"
"23,7 : 681.62"
"23,8 : 712.69"
"23,9 : 785.75"
"23,10 : 320.41"
"23,11 : 82.28"
"23,12 : 1024.36"
"23,13 : 513.28"
"23,14 : 780.6"
"23,15 : 640.15"
"23,16 : 484.66"
"23,17 : 554.79"
"23,18 : 1060.23"
"23,19 : 1098.11"
"23,20 : 539.97"
"23,21 : 695.8"
"23,22 : 898.29"
"23,23 : 0.0"
"23,24 : 880.81"
"23,25 : 591.01"
"23,26 : 1260.92"
"23,27 : 189.13"
"23,28 : 569.59"
"23,29 : 420.76"
"23,30 : 137.89"
"23,31 : 419.6"
"23,32 : 593.17"
"23,33 : 925.4"
"23,34 : 812.11"
"23,35 : 245.55"
"23,36 : 546.56"
"23,37 : 612.73"
"23,38 : 947.17"
"23,39 : 840.09"
"23,40 : 520.86"
"23,41 : 973.64"
"23,42 : 759.07"
"23,43 : 538.24"
"23,44 : 983.62"
"23,45 : 545.16"
"23,46 : 310.41"
"23,47 : 857.38"
"23,48 : 793.43"
"23,49 : 753.12"
"24,0 : 836.21"
"24,1 : 659.73"
"24,2 : 828.32"
"24,3 : 466.89"
"24,4 : 805.01"
"24,5 : 757.26"
"24,6 : 491.51"
"24,7 : 640.89"
"24,8 : 271.01"
"24,9 : 161.76"
"24,10 : 567.76"
"24,11 : 819.49"
"24,12 : 546.94"
"24,13 : 368.29"
"24,14 : 509.68"
"24,15 : 539.35"
"24,16 : 726.64"
"24,17 : 496.97"
"24,18 : 351.21"
"24,19 : 402.5"
"24,20 : 538.73"
"24,21 : 878.39"
"24,22 : 37.48"
"24,23 : 880.81"
"24,24 : 0.0"
"24,25 : 506.67"
"24,26 : 590.65"
"24,27 : 726.61"
"24,28 : 579.6"
"24,29 : 462.83"
"24,30 : 759.2"
"24,31 : 465.37"
"24,32 : 870.68"
"24,33 : 828.18"
"24,34 : 68.94"
"24,35 : 635.32"
"24,36 : 488.23"
"24,37 : 579.08"
"24,38 : 232.47"
"24,39 : 712.39"
"24,40 : 452.13"
"24,41 : 333.02"
"24,42 : 551.34"
"24,43 : 604.07"
"24,44 : 367.45"
"24,45 : 347.2"
"24,46 : 605.23"
"24,47 : 440.6"
"24,48 : 660.99"
"24,49 : 914.17"
"25,0 : 395.04"
"25,1 : 287.09"
"25,2 : 348.52"
"25,3 : 659.78"
"25,4 : 374.88"
"25,5 : 345.96"
"25,6 : 591.27"
"25,7 : 168.15"
"25,8 : 550.82"
"25,9 : 531.0"
"25,10 : 420.01"
"25,11 : 573.06"
"25,12 : 433.66"
"25,13 : 308.7"
"25,14 : 190.54"
"25,15 : 65.38"
"25,16 : 231.02"
"25,17 : 43.19"
"25,18 : 515.54"
"25,19 : 542.0"
"25,20 : 53.82"
"25,21 : 379.44"
"25,22 : 541.32"
"25,23 : 591.01"
"25,24 : 506.67"
"25,25 : 0.0"
"25,26 : 682.61"
"25,27 : 402.02"
"25,28 : 73.08"
"25,29 : 300.22"
"25,30 : 454.67"
"25,31 : 376.47"
"25,32 : 364.05"
"25,33 : 429.8"
"25,34 : 460.18"
"25,35 : 405.41"
"25,36 : 58.01"
"25,37 : 80.81"
"25,38 : 436.87"
"25,39 : 312.26"
"25,40 : 120.83"
"25,41 : 422.65"
"25,42 : 177.61"
"25,43 : 102.04"
"25,44 : 421.92"
"25,45 : 260.72"
"25,46 : 489.26"
"25,47 : 271.31"
"25,48 : 252.56"
"25,49 : 422.87"
"26,0 : 716.68"
"26,1 : 554.15"
"26,2 : 784.59"
"26,3 : 147.26"
"26,4 : 1054.77"
"26,5 : 1028.49"
"26,6 : 1043.48"
"26,7 : 674.85"
"26,8 : 851.4"
"26,9 : 748.73"
"26,10 : 1013.68"
"26,11 : 1228.1"
"26,12 : 279.26"
"26,13 : 812.29"
"26,14 : 512.3"
"26,15 : 651.91"
"26,16 : 880.31"
"26,17 : 712.18"
"26,18 : 243.04"
"26,19 : 191.76"
"26,20 : 736.42"
"26,21 : 874.57"
"26,22 : 613.8"
"26,23 : 1260.92"
"26,24 : 590.65"
"26,25 : 682.61"
"26,26 : 0.0"
"26,27 : 1073.39"
"26,28 : 728.64"
"26,29 : 877.43"
"26,30 : 1123.06"
"26,31 : 924.88"
"26,32 : 935.47"
"26,33 : 648.09"
"26,34 : 629.1"
"26,35 : 1040.62"
"26,36 : 717.94"
"26,37 : 693.48"
"26,38 : 374.76"
"26,39 : 601.04"
"26,40 : 740.34"
"26,41 : 302.4"
"26,42 : 552.9"
"26,43 : 765.32"
"26,44 : 283.06"
"26,45 : 758.56"
"26,46 : 1073.9"
"26,47 : 411.92"
"26,48 : 596.75"
"26,49 : 873.14"
"27,0 : 685.69"
"27,1 : 658.29"
"27,2 : 591.17"
"27,3 : 1028.8"
"27,4 : 174.79"
"27,5 : 132.85"
"27,6 : 475.23"
"27,7 : 500.92"
"27,8 : 600.06"
"27,9 : 654.03"
"27,10 : 218.28"
"27,11 : 180.94"
"27,12 : 835.24"
"27,13 : 361.22"
"27,14 : 591.92"
"27,15 : 452.42"
"27,16 : 321.08"
"27,17 : 365.67"
"27,18 : 877.61"
"27,19 : 913.8"
"27,20 : 351.4"
"27,21 : 551.33"
"27,22 : 748.52"
"27,23 : 189.13"
"27,24 : 726.61"
"27,25 : 402.02"
"27,26 : 1073.39"
"27,27 : 0.0"
"27,28 : 383.73"
"27,29 : 266.18"
"27,30 : 53.71"
"27,31 : 293.12"
"27,32 : 458.19"
"27,33 : 754.72"
"27,34 : 659.46"
"27,35 : 126.66"
"27,36 : 357.6"
"27,37 : 427.14"
"27,38 : 769.06"
"27,39 : 661.77"
"27,40 : 334.86"
"27,41 : 789.42"
"27,42 : 571.68"
"27,43 : 354.15"
"27,44 : 797.9"
"27,45 : 380.83"
"27,46 : 251.1"
"27,47 : 668.44"
"27,48 : 612.15"
"27,49 : 610.01"
"28,0 : 350.68"
"28,1 : 276.92"
"28,2 : 290.23"
"28,3 : 716.65"
"28,4 : 327.0"
"28,5 : 306.22"
"28,6 : 634.55"
"28,7 : 129.14"
"28,8 : 613.21"
"28,9 : 599.5"
"28,10 : 439.96"
"28,11 : 561.73"
"28,12 : 467.46"
"28,13 : 359.87"
"28,14 : 219.86"
"28,15 : 76.84"
"28,16 : 162.78"
"28,17 : 91.93"
"28,18 : 576.14"
"28,19 : 599.08"
"28,20 : 58.14"
"28,21 : 311.4"
"28,22 : 614.1"
"28,23 : 569.59"
"28,24 : 579.6"
"28,25 : 73.08"
"28,26 : 728.64"
"28,27 : 383.73"
"28,28 : 0.0"
"28,29 : 334.38"
"28,30 : 437.42"
"28,31 : 412.16"
"28,32 : 291.08"
"28,33 : 398.13"
"28,34 : 532.3"
"28,35 : 409.98"
"28,36 : 106.22"
"28,37 : 43.46"
"28,38 : 504.83"
"28,39 : 289.08"
"28,40 : 168.93"
"28,41 : 483.18"
"28,42 : 190.85"
"28,43 : 36.72"
"28,44 : 479.11"
"28,45 : 317.82"
"28,46 : 508.52"
"28,47 : 317.72"
"28,48 : 233.8"
"28,49 : 357.93"
"29,0 : 685.04"
"29,1 : 586.34"
"29,2 : 619.16"
"29,3 : 808.94"
"29,4 : 378.54"
"29,5 : 325.73"
"29,6 : 303.36"
"29,7 : 460.66"
"29,8 : 349.37"
"29,9 : 390.23"
"29,10 : 137.06"
"29,11 : 366.95"
"29,12 : 679.46"
"29,13 : 95.19"
"29,14 : 468.26"
"29,15 : 365.58"
"29,16 : 392.66"
"29,17 : 257.87"
"29,18 : 657.66"
"29,19 : 700.41"
"29,20 : 277.25"
"29,21 : 619.71"
"29,22 : 483.23"
"29,23 : 420.76"
"29,24 : 462.83"
"29,25 : 300.22"
"29,26 : 877.43"
"29,27 : 266.18"
"29,28 : 334.38"
"29,29 : 0.0"
"29,30 : 296.39"
"29,31 : 77.79"
"29,32 : 560.48"
"29,33 : 728.16"
"29,34 : 394.87"
"29,35 : 176.39"
"29,36 : 242.4"
"29,37 : 368.78"
"29,38 : 536.14"
"29,39 : 612.25"
"29,40 : 181.0"
"29,41 : 577.96"
"29,42 : 470.47"
"29,43 : 328.4"
"29,44 : 594.4"
"29,45 : 126.25"
"29,46 : 202.04"
"29,47 : 505.87"
"29,48 : 552.74"
"29,49 : 673.83"
"30,0 : 736.89"
"30,1 : 711.96"
"30,2 : 641.01"
"30,3 : 1075.4"
"30,4 : 209.4"
"30,5 : 175.51"
"30,6 : 472.24"
"30,7 : 554.42"
"30,8 : 615.95"
"30,9 : 677.37"
"30,10 : 223.58"
"30,11 : 128.57"
"30,12 : 887.44"
"30,13 : 391.26"
"30,14 : 644.84"
"30,15 : 505.82"
"30,16 : 371.13"
"30,17 : 417.66"
"30,18 : 923.87"
"30,19 : 961.11"
"30,20 : 404.5"
"30,21 : 597.85"
"30,22 : 779.32"
"30,23 : 137.89"
"30,24 : 759.2"
"30,25 : 454.67"
"30,26 : 1123.06"
"30,27 : 53.71"
"30,28 : 437.42"
"30,29 : 296.39"
"30,30 : 0.0"
"30,31 : 311.0"
"30,32 : 501.91"
"30,33 : 807.02"
"30,34 : 691.23"
"30,35 : 133.54"
"30,36 : 409.08"
"30,37 : 480.84"
"30,38 : 812.75"
"30,39 : 715.09"
"30,40 : 383.17"
"30,41 : 836.64"
"30,42 : 625.14"
"30,43 : 407.85"
"30,44 : 846.14"
"30,45 : 416.78"
"30,46 : 241.59"
"30,47 : 719.78"
"30,48 : 665.73"
"30,49 : 656.39"
"31,0 : 762.81"
"31,1 : 661.47"
"31,2 : 696.58"
"31,3 : 846.79"
"31,4 : 429.81"
"31,5 : 376.61"
"31,6 : 227.26"
"31,7 : 538.2"
"31,8 : 306.94"
"31,9 : 367.52"
"31,10 : 102.42"
"31,11 : 354.53"
"31,12 : 740.95"
"31,13 : 113.23"
"31,14 : 538.97"
"31,15 : 441.82"
"31,16 : 465.21"
"31,17 : 334.55"
"31,18 : 697.32"
"31,19 : 742.61"
"31,20 : 354.95"
"31,21 : 695.26"
"31,22 : 480.34"
"31,23 : 419.6"
"31,24 : 465.37"
"31,25 : 376.47"
"31,26 : 924.88"
"31,27 : 293.12"
"31,28 : 412.16"
"31,29 : 77.79"
"31,30 : 311.0"
"31,31 : 0.0"
"31,32 : 632.66"
"31,33 : 805.28"
"31,34 : 396.43"
"31,35 : 178.4"
"31,36 : 318.94"
"31,37 : 446.29"
"31,38 : 570.63"
"31,39 : 688.72"
"31,40 : 256.22"
"31,41 : 622.93"
"31,42 : 544.01"
"31,43 : 405.94"
"31,44 : 642.44"
"31,45 : 166.88"
"31,46 : 150.33"
"31,47 : 568.4"
"31,48 : 628.98"
"31,49 : 749.94"
"32,0 : 294.4"
"32,1 : 386.94"
"32,2 : 187.58"
"32,3 : 956.52"
"32,4 : 298.24"
"32,5 : 326.56"
"32,6 : 858.8"
"32,7 : 268.46"
"32,8 : 884.16"
"32,9 : 883.39"
"32,10 : 618.71"
"32,11 : 625.18"
"32,12 : 656.49"
"32,13 : 616.55"
"32,14 : 442.0"
"32,15 : 340.8"
"32,16 : 167.84"
"32,17 : 377.02"
"32,18 : 830.51"
"32,19 : 843.07"
"32,20 : 335.87"
"32,21 : 107.22"
"32,22 : 905.13"
"32,23 : 593.17"
"32,24 : 870.68"
"32,25 : 364.05"
"32,26 : 935.47"
"32,27 : 458.19"
"32,28 : 291.08"
"32,29 : 560.48"
"32,30 : 501.91"
"32,31 : 632.66"
"32,32 : 0.0"
"32,33 : 382.97"
"32,34 : 822.65"
"32,35 : 551.09"
"32,36 : 388.25"
"32,37 : 296.35"
"32,38 : 780.33"
"32,39 : 351.81"
"32,40 : 440.18"
"32,41 : 740.36"
"32,42 : 394.06"
"32,43 : 268.78"
"32,44 : 728.08"
"32,45 : 587.22"
"32,46 : 677.12"
"32,47 : 554.35"
"32,48 : 340.39"
"32,49 : 161.28"
"33,0 : 89.94"
"33,1 : 169.14"
"33,2 : 195.39"
"33,3 : 717.43"
"33,4 : 637.34"
"33,5 : 643.57"
"33,6 : 1020.64"
"33,7 : 269.07"
"33,8 : 954.84"
"33,9 : 908.71"
"33,10 : 838.08"
"33,11 : 935.48"
"33,12 : 388.63"
"33,13 : 735.97"
"33,14 : 321.44"
"33,15 : 365.05"
"33,16 : 440.91"
"33,17 : 470.89"
"33,18 : 635.54"
"33,19 : 625.19"
"33,20 : 452.48"
"33,21 : 284.38"
"33,22 : 865.64"
"33,23 : 925.4"
"33,24 : 828.18"
"33,25 : 429.8"
"33,26 : 648.09"
"33,27 : 754.72"
"33,28 : 398.13"
"33,29 : 728.16"
"33,30 : 807.02"
"33,31 : 805.28"
"33,32 : 382.97"
"33,33 : 0.0"
"33,34 : 807.31"
"33,35 : 803.45"
"33,36 : 486.6"
"33,37 : 360.08"
"33,38 : 648.52"
"33,39 : 122.09"
"33,40 : 550.61"
"33,41 : 567.04"
"33,42 : 287.95"
"33,43 : 415.0"
"33,44 : 539.79"
"33,45 : 683.84"
"33,46 : 906.55"
"33,47 : 394.34"
"33,48 : 181.86"
"33,49 : 255.78"
"34,0 : 808.28"
"34,1 : 638.16"
"34,2 : 792.4"
"34,3 : 513.82"
"34,4 : 742.65"
"34,5 : 694.05"
"34,6 : 431.83"
"34,7 : 603.84"
"34,8 : 222.43"
"34,9 : 123.1"
"34,10 : 498.82"
"34,11 : 750.55"
"34,12 : 554.93"
"34,13 : 300.05"
"34,14 : 486.04"
"34,15 : 498.71"
"34,16 : 673.63"
"34,17 : 446.23"
"34,18 : 386.35"
"34,19 : 437.94"
"34,20 : 487.85"
"34,21 : 836.91"
"34,22 : 90.02"
"34,23 : 812.11"
"34,24 : 68.94"
"34,25 : 460.18"
"34,26 : 629.1"
"34,27 : 659.46"
"34,28 : 532.3"
"34,29 : 394.87"
"34,30 : 691.23"
"34,31 : 396.43"
"34,32 : 822.65"
"34,33 : 807.31"
"34,34 : 0.0"
"34,35 : 566.68"
"34,36 : 436.24"
"34,37 : 535.84"
"34,38 : 258.03"
"34,39 : 688.62"
"34,40 : 395.15"
"34,41 : 352.28"
"34,42 : 524.07"
"34,43 : 554.32"
"34,44 : 385.02"
"34,45 : 281.64"
"34,46 : 536.81"
"34,47 : 430.35"
"34,48 : 634.42"
"34,49 : 875.6"
"35,0 : 744.08"
"35,1 : 685.23"
"35,2 : 659.18"
"35,3 : 980.03"
"35,4 : 292.06"
"35,5 : 242.76"
"35,6 : 348.66"
"35,7 : 537.43"
"35,8 : 482.42"
"35,9 : 545.78"
"35,10 : 92.11"
"35,11 : 191.4"
"35,12 : 823.97"
"35,13 : 267.78"
"35,14 : 592.94"
"35,15 : 465.73"
"35,16 : 395.9"
"35,17 : 363.45"
"35,18 : 828.26"
"35,19 : 869.08"
"35,20 : 363.6"
"35,21 : 634.09"
"35,22 : 653.29"
"35,23 : 245.55"
"35,24 : 635.32"
"35,25 : 405.41"
"35,26 : 1040.62"
"35,27 : 126.66"
"35,28 : 409.98"
"35,29 : 176.39"
"35,30 : 133.54"
"35,31 : 178.4"
"35,32 : 551.09"
"35,33 : 803.45"
"35,34 : 566.68"
"35,35 : 0.0"
"35,36 : 351.16"
"35,37 : 452.1"
"35,38 : 709.89"
"35,39 : 698.83"
"35,40 : 307.73"
"35,41 : 745.3"
"35,42 : 582.89"
"35,43 : 388.8"
"35,44 : 758.91"
"35,45 : 302.21"
"35,46 : 129.63"
"35,47 : 651.35"
"35,48 : 643.66"
"35,49 : 692.3"
"36,0 : 448.64"
"36,1 : 345.05"
"36,2 : 395.28"
"36,3 : 684.68"
"36,4 : 352.35"
"36,5 : 317.08"
"36,6 : 535.69"
"36,7 : 221.79"
"36,8 : 507.06"
"36,9 : 496.19"
"36,10 : 362.44"
"36,11 : 523.76"
"36,12 : 478.94"
"36,13 : 255.88"
"36,14 : 241.87"
"36,15 : 123.26"
"36,16 : 238.43"
"36,17 : 15.81"
"36,18 : 536.77"
"36,19 : 567.46"
"36,20 : 52.48"
"36,21 : 416.92"
"36,22 : 521.16"
"36,23 : 546.56"
"36,24 : 488.23"
"36,25 : 58.01"
"36,26 : 717.94"
"36,27 : 357.6"
"36,28 : 106.22"
"36,29 : 242.4"
"36,30 : 409.08"
"36,31 : 318.94"
"36,32 : 388.25"
"36,33 : 486.6"
"36,34 : 436.24"
"36,35 : 351.16"
"36,36 : 0.0"
"36,37 : 130.68"
"36,38 : 446.27"
"36,39 : 369.87"
"36,40 : 65.0"
"36,41 : 445.0"
"36,42 : 233.77"
"36,43 : 119.71"
"36,44 : 448.5"
"36,45 : 211.81"
"36,46 : 431.68"
"36,47 : 310.85"
"36,48 : 310.36"
"36,49 : 464.12"
"37,0 : 318.13"
"37,1 : 233.83"
"37,2 : 267.73"
"37,3 : 687.54"
"37,4 : 365.31"
"37,5 : 347.13"
"37,6 : 665.81"
"37,7 : 91.92"
"37,8 : 631.62"
"37,9 : 610.61"
"37,10 : 479.15"
"37,11 : 605.19"
"37,12 : 428.56"
"37,13 : 386.39"
"37,14 : 181.96"
"37,15 : 46.17"
"37,16 : 189.16"
"37,17 : 114.97"
"37,18 : 550.31"
"37,19 : 570.48"
"37,20 : 92.44"
"37,21 : 301.26"
"37,22 : 614.55"
"37,23 : 612.73"
"37,24 : 579.08"
"37,25 : 80.81"
"37,26 : 693.48"
"37,27 : 427.14"
"37,28 : 43.46"
"37,29 : 368.78"
"37,30 : 480.84"
"37,31 : 446.29"
"37,32 : 296.35"
"37,33 : 360.08"
"37,34 : 535.84"
"37,35 : 452.1"
"37,36 : 130.68"
"37,37 : 0.0"
"37,38 : 487.12"
"37,39 : 248.13"
"37,40 : 195.66"
"37,41 : 457.77"
"37,42 : 149.34"
"37,43 : 75.93"
"37,44 : 451.17"
"37,45 : 340.38"
"37,46 : 548.03"
"37,47 : 284.94"
"37,48 : 191.64"
"37,49 : 342.88"
"38,0 : 675.33"
"38,1 : 488.36"
"38,2 : 692.86"
"38,3 : 276.81"
"38,4 : 797.68"
"38,5 : 759.01"
"38,6 : 669.79"
"38,7 : 519.71"
"38,8 : 478.73"
"38,9 : 380.43"
"38,10 : 666.82"
"38,11 : 901.27"
"38,12 : 321.79"
"38,13 : 457.74"
"38,14 : 355.76"
"38,15 : 441.26"
"38,16 : 667.11"
"38,17 : 447.76"
"38,18 : 132.62"
"38,19 : 183.11"
"38,20 : 484.81"
"38,21 : 760.93"
"38,22 : 263.66"
"38,23 : 947.17"
"38,24 : 232.47"
"38,25 : 436.87"
"38,26 : 374.76"
"38,27 : 769.06"
"38,28 : 504.83"
"38,29 : 536.14"
"38,30 : 812.75"
"38,31 : 570.63"
"38,32 : 780.33"
"38,33 : 648.52"
"38,34 : 258.03"
"38,35 : 709.89"
"38,36 : 446.27"
"38,37 : 487.12"
"38,38 : 0.0"
"38,39 : 544.54"
"38,40 : 441.23"
"38,41 : 101.95"
"38,42 : 404.52"
"38,43 : 538.06"
"38,44 : 136.86"
"38,45 : 410.6"
"38,46 : 720.92"
"38,47 : 256.43"
"38,48 : 503.83"
"38,49 : 784.77"
"39,0 : 131.47"
"39,1 : 56.46"
"39,2 : 183.86"
"39,3 : 648.17"
"39,4 : 563.05"
"39,5 : 560.99"
"39,6 : 901.27"
"39,7 : 161.99"
"39,8 : 832.8"
"39,9 : 787.94"
"39,10 : 727.01"
"39,11 : 842.44"
"39,12 : 324.82"
"39,13 : 615.8"
"39,14 : 202.95"
"39,15 : 246.94"
"39,16 : 363.24"
"39,17 : 354.38"
"39,18 : 548.39"
"39,19 : 545.82"
"39,20 : 340.0"
"39,21 : 275.75"
"39,22 : 749.87"
"39,23 : 840.09"
"39,24 : 712.39"
"39,25 : 312.26"
"39,26 : 601.04"
"39,27 : 661.77"
"39,28 : 289.08"
"39,29 : 612.25"
"39,30 : 715.09"
"39,31 : 688.72"
"39,32 : 351.81"
"39,33 : 122.09"
"39,34 : 688.62"
"39,35 : 698.83"
"39,36 : 369.87"
"39,37 : 248.13"
"39,38 : 544.54"
"39,39 : 0.0"
"39,40 : 432.86"
"39,41 : 471.44"
"39,42 : 166.41"
"39,43 : 311.26"
"39,44 : 447.89"
"39,45 : 562.89"
"39,46 : 796.0"
"39,47 : 288.12"
"39,48 : 60.44"
"39,49 : 272.44"
"40,0 : 513.64"
"40,1 : 405.45"
"40,2 : 459.05"
"40,3 : 694.49"
"40,4 : 361.68"
"40,5 : 319.44"
"40,6 : 470.88"
"40,7 : 286.75"
"40,8 : 447.21"
"40,9 : 443.9"
"40,10 : 307.39"
"40,11 : 489.45"
"40,12 : 516.25"
"40,13 : 191.26"
"40,14 : 290.8"
"40,15 : 185.95"
"40,16 : 281.56"
"40,17 : 80.78"
"40,18 : 543.78"
"40,19 : 579.06"
"40,20 : 111.66"
"40,21 : 476.62"
"40,22 : 482.9"
"40,23 : 520.86"
"40,24 : 452.13"
"40,25 : 120.83"
"40,26 : 740.34"
"40,27 : 334.86"
"40,28 : 168.93"
"40,29 : 181.0"
"40,30 : 383.17"
"40,31 : 256.22"
"40,32 : 440.18"
"40,33 : 550.61"
"40,34 : 395.15"
"40,35 : 307.73"
"40,36 : 65.0"
"40,37 : 195.66"
"40,38 : 441.23"
"40,39 : 432.86"
"40,40 : 0.0"
"40,41 : 454.76"
"40,42 : 289.84"
"40,43 : 176.14"
"40,44 : 463.11"
"40,45 : 149.93"
"40,46 : 376.15"
"40,47 : 343.76"
"40,48 : 372.93"
"40,49 : 525.51"
"41,0 : 602.88"
"41,1 : 415.05"
"41,2 : 632.87"
"41,3 : 240.1"
"41,4 : 795.63"
"41,5 : 762.06"
"41,6 : 746.05"
"41,7 : 473.03"
"41,8 : 568.63"
"41,9 : 475.38"
"41,10 : 713.31"
"41,11 : 935.07"
"41,12 : 221.12"
"41,13 : 510.11"
"41,14 : 300.6"
"41,15 : 411.84"
"41,16 : 645.2"
"41,17 : 442.88"
"41,18 : 93.01"
"41,19 : 124.47"
"41,20 : 474.82"
"41,21 : 708.31"
"41,22 : 365.12"
"41,23 : 973.64"
"41,24 : 333.02"
"41,25 : 422.65"
"41,26 : 302.4"
"41,27 : 789.42"
"41,28 : 483.18"
"41,29 : 577.96"
"41,30 : 836.64"
"41,31 : 622.93"
"41,32 : 740.36"
"41,33 : 567.04"
"41,34 : 352.28"
"41,35 : 745.3"
"41,36 : 445.0"
"41,37 : 457.77"
"41,38 : 101.95"
"41,39 : 471.44"
"41,40 : 454.76"
"41,41 : 0.0"
"41,42 : 349.97"
"41,43 : 518.81"
"41,44 : 34.93"
"41,45 : 457.09"
"41,46 : 772.37"
"41,47 : 190.07"
"41,48 : 438.02"
"41,49 : 725.85"
"42,0 : 284.95"
"42,1 : 123.03"
"42,2 : 288.44"
"42,3 : 562.78"
"42,4 : 513.86"
"42,5 : 496.45"
"42,6 : 747.19"
"42,7 : 125.77"
"42,8 : 667.3"
"42,9 : 621.63"
"42,10 : 595.69"
"42,11 : 746.88"
"42,12 : 281.57"
"42,13 : 460.82"
"42,14 : 49.5"
"42,15 : 119.42"
"42,16 : 328.81"
"42,17 : 220.23"
"42,18 : 438.0"
"42,19 : 449.02"
"42,20 : 221.96"
"42,21 : 358.79"
"42,22 : 588.71"
"42,23 : 759.07"
"42,24 : 551.34"
"42,25 : 177.61"
"42,26 : 552.9"
"42,27 : 571.68"
"42,28 : 190.85"
"42,29 : 470.47"
"42,30 : 625.14"
"42,31 : 544.01"
"42,32 : 394.06"
"42,33 : 287.95"
"42,34 : 524.07"
"42,35 : 582.89"
"42,36 : 233.77"
"42,37 : 149.34"
"42,38 : 404.52"
"42,39 : 166.41"
"42,40 : 289.84"
"42,41 : 349.97"
"42,42 : 0.0"
"42,43 : 225.22"
"42,44 : 335.05"
"42,45 : 405.38"
"42,46 : 664.82"
"42,47 : 161.01"
"42,48 : 110.34"
"42,49 : 380.26"
"43,0 : 360.9"
"43,1 : 304.2"
"43,2 : 290.83"
"43,3 : 752.93"
"43,4 : 290.66"
"43,5 : 271.23"
"43,6 : 631.1"
"43,7 : 149.28"
"43,8 : 623.35"
"43,9 : 615.8"
"43,10 : 425.4"
"43,11 : 533.57"
"43,12 : 503.39"
"43,13 : 363.45"
"43,14 : 255.97"
"43,15 : 113.44"
"43,16 : 129.14"
"43,17 : 108.26"
"43,18 : 611.8"
"43,19 : 635.31"
"43,20 : 67.23"
"43,21 : 300.71"
"43,22 : 637.87"
"43,23 : 538.24"
"43,24 : 604.07"
"43,25 : 102.04"
"43,26 : 765.32"
"43,27 : 354.15"
"43,28 : 36.72"
"43,29 : 328.4"
"43,30 : 407.85"
"43,31 : 405.94"
"43,32 : 268.78"
"43,33 : 415.0"
"43,34 : 554.32"
"43,35 : 388.8"
"43,36 : 119.71"
"43,37 : 75.93"
"43,38 : 538.06"
"43,39 : 311.26"
"43,40 : 176.14"
"43,41 : 518.81"
"43,42 : 225.22"
"43,43 : 0.0"
"43,44 : 515.27"
"43,45 : 325.98"
"43,46 : 493.08"
"43,47 : 354.43"
"43,48 : 258.8"
"43,49 : 350.83"
"44,0 : 579.02"
"44,1 : 391.76"
"44,2 : 613.64"
"44,3 : 237.93"
"44,4 : 796.5"
"44,5 : 764.81"
"44,6 : 772.65"
"44,7 : 459.79"
"44,8 : 599.7"
"44,9 : 508.07"
"44,10 : 730.62"
"44,11 : 947.57"
"44,12 : 186.66"
"44,13 : 530.25"
"44,14 : 286.3"
"44,15 : 405.76"
"44,16 : 639.84"
"44,17 : 445.16"
"44,18 : 103.12"
"44,19 : 120.15"
"44,20 : 474.97"
"44,21 : 691.53"
"44,22 : 399.81"
"44,23 : 983.62"
"44,24 : 367.45"
"44,25 : 421.92"
"44,26 : 283.06"
"44,27 : 797.9"
"44,28 : 479.11"
"44,29 : 594.4"
"44,30 : 846.14"
"44,31 : 642.44"
"44,32 : 728.08"
"44,33 : 539.79"
"44,34 : 385.02"
"44,35 : 758.91"
"44,36 : 448.5"
"44,37 : 451.17"
"44,38 : 136.86"
"44,39 : 447.89"
"44,40 : 463.11"
"44,41 : 34.93"
"44,42 : 335.05"
"44,43 : 515.27"
"44,44 : 0.0"
"44,45 : 475.83"
"44,46 : 791.07"
"44,47 : 174.05"
"44,48 : 417.61"
"44,49 : 706.69"
"45,0 : 655.18"
"45,1 : 527.54"
"45,2 : 606.93"
"45,3 : 684.69"
"45,4 : 463.7"
"45,5 : 413.88"
"45,6 : 342.46"
"45,7 : 428.73"
"45,8 : 297.64"
"45,9 : 304.32"
"45,10 : 257.11"
"45,11 : 493.13"
"45,12 : 577.55"
"45,13 : 58.69"
"45,14 : 391.39"
"45,15 : 321.64"
"45,16 : 424.32"
"45,17 : 226.81"
"45,18 : 533.99"
"45,19 : 578.01"
"45,20 : 261.34"
"45,21 : 626.55"
"45,22 : 371.59"
"45,23 : 545.16"
"45,24 : 347.2"
"45,25 : 260.72"
"45,26 : 758.56"
"45,27 : 380.83"
"45,28 : 317.82"
"45,29 : 126.25"
"45,30 : 416.78"
"45,31 : 166.88"
"45,32 : 587.22"
"45,33 : 683.84"
"45,34 : 281.64"
"45,35 : 302.21"
"45,36 : 211.81"
"45,37 : 340.38"
"45,38 : 410.6"
"45,39 : 562.89"
"45,40 : 149.93"
"45,41 : 457.09"
"45,42 : 405.38"
"45,43 : 325.98"
"45,44 : 475.83"
"45,45 : 0.0"
"45,46 : 315.36"
"45,47 : 406.75"
"45,48 : 502.49"
"45,49 : 675.25"
"46,0 : 853.48"
"46,1 : 775.88"
"46,2 : 774.5"
"46,3 : 997.12"
"46,4 : 421.16"
"46,5 : 372.34"
"46,6 : 231.87"
"46,7 : 637.66"
"46,8 : 406.23"
"46,9 : 488.89"
"46,10 : 69.26"
"46,11 : 233.36"
"46,12 : 881.5"
"46,13 : 263.5"
"46,14 : 666.74"
"46,15 : 553.45"
"46,16 : 517.8"
"46,17 : 446.08"
"46,18 : 847.57"
"46,19 : 892.63"
"46,20 : 456.01"
"46,21 : 756.11"
"46,22 : 616.3"
"46,23 : 310.41"
"46,24 : 605.23"
"46,25 : 489.26"
"46,26 : 1073.9"
"46,27 : 251.1"
"46,28 : 508.52"
"46,29 : 202.04"
"46,30 : 241.59"
"46,31 : 150.33"
"46,32 : 677.12"
"46,33 : 906.55"
"46,34 : 536.81"
"46,35 : 129.63"
"46,36 : 431.68"
"46,37 : 548.03"
"46,38 : 720.92"
"46,39 : 796.0"
"46,40 : 376.15"
"46,41 : 772.37"
"46,42 : 664.82"
"46,43 : 493.08"
"46,44 : 791.07"
"46,45 : 315.36"
"46,46 : 0.0"
"46,47 : 707.91"
"46,48 : 738.24"
"46,49 : 813.75"
"47,0 : 419.05"
"47,1 : 231.95"
"47,2 : 443.09"
"47,3 : 404.79"
"47,4 : 642.96"
"47,5 : 616.8"
"47,6 : 739.98"
"47,7 : 285.93"
"47,8 : 612.41"
"47,9 : 543.93"
"47,10 : 641.7"
"47,11 : 831.9"
"47,12 : 173.73"
"47,13 : 465.4"
"47,14 : 112.36"
"47,15 : 241.5"
"47,16 : 473.89"
"47,17 : 303.36"
"47,18 : 277.0"
"47,19 : 289.35"
"47,20 : 325.0"
"47,21 : 518.42"
"47,22 : 477.65"
"47,23 : 857.38"
"47,24 : 440.6"
"47,25 : 271.31"
"47,26 : 411.92"
"47,27 : 668.44"
"47,28 : 317.72"
"47,29 : 505.87"
"47,30 : 719.78"
"47,31 : 568.4"
"47,32 : 554.35"
"47,33 : 394.34"
"47,34 : 430.35"
"47,35 : 651.35"
"47,36 : 310.85"
"47,37 : 284.94"
"47,38 : 256.43"
"47,39 : 288.12"
"47,40 : 343.76"
"47,41 : 190.07"
"47,42 : 161.01"
"47,43 : 354.43"
"47,44 : 174.05"
"47,45 : 406.75"
"47,46 : 707.91"
"47,47 : 0.0"
"47,48 : 249.51"
"47,49 : 535.99"
"48,0 : 175.41"
"48,1 : 50.21"
"48,2 : 196.65"
"48,3 : 630.29"
"48,4 : 523.58"
"48,5 : 517.23"
"48,6 : 840.89"
"48,7 : 111.83"
"48,8 : 773.86"
"48,9 : 731.23"
"48,10 : 669.13"
"48,11 : 792.15"
"48,12 : 317.51"
