x,y
860,857
636,697
554,992
120,767
77,598
186,246
774,591
957,139
718,230
395,198
435,524
796,305
912,388
205,921
16,196
451,502
934,405
940,815
522,275
658,475
693,680
607,629
722,953
215,492
557,673
147,933
964,617
390,587
8,240
893,330
913,124
141,72
180,819
282,516
213,441
127,799
950,834
257,714
764,408
585,653
243,172
794,394
597,667
433,599
667,762
903,667
457,196
853,918
297,719
96,829

Distanze
"0,0 : 0.0"
"0,1 : 630.35"
"0,2 : 364.64"
"0,3 : 516.38"
"0,4 : 690.79"
"0,5 : 1072.31"
"0,6 : 439.96"
"0,7 : 616.68"
"0,8 : 1010.98"
"0,9 : 30.46"
"0,10 : 429.01"
"0,11 : 756.64"
"0,12 : 888.24"
"0,13 : 516.25"
"0,14 : 898.41"
"0,15 : 852.73"
"0,16 : 770.88"
"0,17 : 279.16"
"0,18 : 216.34"
"0,19 : 704.36"
"0,20 : 382.31"
"0,21 : 297.79"
"0,22 : 223.08"
"0,23 : 29.41"
"0,24 : 694.6"
"0,25 : 404.75"
"0,26 : 390.14"
"0,27 : 818.64"
"0,28 : 548.6"
"0,29 : 794.59"
"0,30 : 103.0"
"0,31 : 294.77"
"0,32 : 159.81"
"0,33 : 866.34"
"0,34 : 168.0"
"0,35 : 710.38"
"0,36 : 129.03"
"0,37 : 828.62"
"0,38 : 697.26"
"0,39 : 914.19"
"0,40 : 374.2"
"0,41 : 626.2"
"0,42 : 875.81"
"0,43 : 610.33"
"0,44 : 673.13"
"0,45 : 900.18"
"0,46 : 549.28"
"0,47 : 834.77"
"0,48 : 923.03"
"0,49 : 416.52"
"1,0 : 630.35"
"1,1 : 0.0"
"1,2 : 623.64"
"1,3 : 496.44"
"1,4 : 145.36"
"1,5 : 771.04"
"1,6 : 736.72"
"1,7 : 734.74"
"1,8 : 777.85"
"1,9 : 656.4"
"1,10 : 427.96"
"1,11 : 974.91"
"1,12 : 576.46"
"1,13 : 325.32"
"1,14 : 825.98"
"1,15 : 564.28"
"1,16 : 981.37"
"1,17 : 711.85"
"1,18 : 657.85"
"1,19 : 1035.98"
"1,20 : 248.93"
"1,21 : 421.34"
"1,22 : 556.59"
"1,23 : 644.04"
"1,24 : 580.06"
"1,25 : 644.71"
"1,26 : 828.21"
"1,27 : 462.62"
"1,28 : 841.32"
"1,29 : 733.65"
"1,30 : 706.87"
"1,31 : 901.0"
"1,32 : 735.22"
"1,33 : 792.86"
"1,34 : 464.81"
"1,35 : 80.96"
"1,36 : 758.87"
"1,37 : 720.22"
"1,38 : 72.53"
"1,39 : 658.04"
"1,40 : 654.51"
"1,41 : 966.4"
"1,42 : 688.6"
"1,43 : 103.37"
"1,44 : 877.51"
"1,45 : 931.98"
"1,46 : 915.51"
"1,47 : 901.62"
"1,48 : 1030.61"
"1,49 : 568.71"
"2,0 : 364.64"
"2,1 : 623.64"
"2,2 : 0.0"
"2,3 : 224.51"
"2,4 : 744.23"
"2,5 : 765.1"
"2,6 : 117.52"
"2,7 : 252.04"
"2,8 : 685.92"
"2,9 : 358.47"
"2,10 : 211.48"
"2,11 : 420.79"
"2,12 : 609.34"
"2,13 : 340.32"
"2,14 : 542.2"
"2,15 : 570.24"
"2,16 : 432.94"
"2,17 : 153.45"
"2,18 : 166.58"
"2,19 : 427.1"
"2,20 : 452.56"
"2,21 : 221.33"
"2,22 : 152.32"
"2,23 : 344.27"
"2,24 : 375.18"
"2,25 : 41.11"
"2,26 : 222.08"
"2,27 : 576.09"
"2,28 : 234.44"
"2,29 : 443.05"
"2,30 : 330.58"
"2,31 : 426.08"
"2,32 : 299.03"
"2,33 : 512.08"
"2,34 : 375.47"
"2,35 : 685.04"
"2,36 : 432.61"
"2,37 : 485.23"
"2,38 : 695.21"
"2,39 : 608.05"
"2,40 : 30.87"
"2,41 : 351.55"
"2,42 : 550.31"
"2,43 : 548.98"
"2,44 : 326.73"
"2,45 : 535.56"
"2,46 : 293.3"
"2,47 : 470.7"
"2,48 : 565.22"
"2,49 : 86.54"
"3,0 : 516.38"
"3,1 : 496.44"
"3,2 : 224.51"
"3,3 : 0.0"
"3,4 : 636.05"
"3,5 : 559.57"
"3,6 : 296.02"
"3,7 : 238.3"
"3,8 : 494.6"
"3,9 : 521.46"
"3,10 : 107.0"
"3,11 : 479.12"
"3,12 : 389.44"
"3,13 : 171.59"
"3,14 : 409.54"
"3,15 : 351.01"
"3,16 : 485.15"
"3,17 : 375.23"
"3,18 : 369.07"
"3,19 : 557.4"
"3,20 : 415.65"
"3,21 : 242.43"
"3,22 : 300.02"
"3,23 : 505.35"
"3,24 : 178.94"
"3,25 : 215.93"
"3,26 : 439.89"
"3,27 : 351.68"
"3,28 : 371.44"
"3,29 : 302.24"
"3,30 : 517.36"
"3,31 : 644.49"
"3,32 : 501.22"
"3,33 : 374.77"
"3,34 : 451.98"
"3,35 : 539.01"
"3,36 : 615.09"
"3,37 : 322.68"
"3,38 : 560.98"
"3,39 : 400.78"
"3,40 : 246.84"
"3,41 : 496.87"
"3,42 : 359.71"
"3,43 : 401.84"
"3,44 : 382.8"
"3,45 : 467.04"
"3,46 : 463.78"
"3,47 : 422.29"
"3,48 : 546.3"
"3,49 : 137.99"
"4,0 : 690.79"
"4,1 : 145.36"
"4,2 : 744.23"
"4,3 : 636.05"
"4,4 : 0.0"
"4,5 : 901.93"
"4,6 : 860.08"
"4,7 : 873.96"
"4,8 : 915.91"
"4,9 : 719.41"
"4,10 : 559.92"
"4,11 : 1112.29"
"4,12 : 712.24"
"4,13 : 466.5"
"4,14 : 971.11"
"4,15 : 702.91"
"4,16 : 1119.39"
"4,17 : 815.76"
"4,18 : 755.84"
"4,19 : 1164.62"
"4,20 : 318.94"
"4,21 : 530.4"
"4,22 : 658.11"
"4,23 : 709.29"
"4,24 : 725.38"
"4,25 : 769.14"
"4,26 : 937.6"
"4,27 : 597.96"
"4,28 : 969.25"
"4,29 : 879.01"
"4,30 : 778.69"
"4,31 : 976.82"
"4,32 : 815.36"
"4,33 : 938.08"
"4,34 : 523.11"
"4,35 : 154.32"
"4,36 : 815.0"
"4,37 : 865.28"
"4,38 : 110.04"
"4,39 : 796.85"
"4,40 : 774.88"
"4,41 : 1092.7"
"4,42 : 831.43"
"4,43 : 248.65"
"4,44 : 1014.13"
"4,45 : 1077.01"
"4,46 : 1037.53"
"4,47 : 1045.71"
"4,48 : 1174.33"
"4,49 : 697.27"
"5,0 : 1072.31"
"5,1 : 771.04"
"5,2 : 765.1"
"5,3 : 559.57"
"5,4 : 901.93"
"5,5 : 0.0"
"5,6 : 786.63"
"5,7 : 593.06"
"5,8 : 111.0"
"5,9 : 1079.49"
"5,10 : 644.04"
"5,11 : 740.3"
"5,12 : 202.03"
"5,13 : 585.77"
"5,14 : 343.37"
"5,15 : 228.41"
"5,16 : 733.13"
"5,17 : 917.83"
"5,18 : 924.19"
"5,19 : 901.1"
"5,20 : 862.34"
"5,21 : 781.33"
"5,22 : 859.52"
"5,23 : 1063.27"
"5,24 : 390.02"
"5,25 : 740.9"
"5,26 : 946.15"
"5,27 : 310.65"
"5,28 : 792.19"
"5,29 : 372.87"
"5,30 : 1076.77"
"5,31 : 1190.65"
"5,32 : 1057.86"
"5,33 : 343.8"
"5,34 : 982.0"
"5,35 : 749.18"
"5,36 : 1174.62"
"5,37 : 313.9"
"5,38 : 792.43"
"5,39 : 158.8"
"5,40 : 777.97"
"5,41 : 882.28"
"5,42 : 222.04"
"5,43 : 678.92"
"5,44 : 697.8"
"5,45 : 496.53"
"5,46 : 894.2"
"5,47 : 534.35"
"5,48 : 625.51"
"5,49 : 683.9"
"6,0 : 439.96"
"6,1 : 736.72"
"6,2 : 117.52"
"6,3 : 296.02"
"6,4 : 860.08"
"6,5 : 786.63"
"6,6 : 0.0"
"6,7 : 211.6"
"6,8 : 696.12"
"6,9 : 427.0"
"6,10 : 314.68"
"6,11 : 319.0"
"6,12 : 653.56"
"6,13 : 439.72"
"6,14 : 519.84"
"6,15 : 614.23"
"6,16 : 332.61"
"6,17 : 172.24"
"6,18 : 224.06"
"6,19 : 309.73"
"6,20 : 569.99"
"6,21 : 338.79"
"6,22 : 253.67"
"6,23 : 415.17"
"6,24 : 406.95"
"6,25 : 92.2"
"6,26 : 159.53"
"6,27 : 639.18"
"6,28 : 119.36"
"6,29 : 433.46"
"6,30 : 381.84"
"6,31 : 422.23"
"6,32 : 335.43"
"6,33 : 494.5"
"6,34 : 480.26"
"6,35 : 795.34"
"6,36 : 480.68"
"6,37 : 484.85"
"6,38 : 807.67"
"6,39 : 635.61"
"6,40 : 88.53"
"6,41 : 234.07"
"6,42 : 565.29"
"6,43 : 657.94"
"6,44 : 233.21"
"6,45 : 479.89"
"6,46 : 178.94"
"6,47 : 410.16"
"6,48 : 485.41"
"6,49 : 173.22"
"7,0 : 616.68"
"7,1 : 734.74"
"7,2 : 252.04"
"7,3 : 238.3"
"7,4 : 873.96"
"7,5 : 593.06"
"7,6 : 211.6"
"7,7 : 0.0"
"7,8 : 495.47"
"7,9 : 609.95"
"7,10 : 322.98"
"7,11 : 242.26"
"7,12 : 488.95"
"7,13 : 409.68"
"7,14 : 308.29"
"7,15 : 451.35"
"7,16 : 247.39"
"7,17 : 375.69"
"7,18 : 412.16"
"7,19 : 346.77"
"7,20 : 633.7"
"7,21 : 421.16"
"7,22 : 400.45"
"7,23 : 596.0"
"7,24 : 246.05"
"7,25 : 212.2"
"7,26 : 364.89"
"7,27 : 504.58"
"7,28 : 199.92"
"7,29 : 226.6"
"7,30 : 576.8"
"7,31 : 633.83"
"7,32 : 537.31"
"7,33 : 283.7"
"7,34 : 612.13"
"7,35 : 775.73"
"7,36 : 678.35"
"7,37 : 281.96"
"7,38 : 798.9"
"7,39 : 451.6"
"7,40 : 245.33"
"7,41 : 304.53"
"7,42 : 371.62"
"7,43 : 639.41"
"7,44 : 149.88"
"7,45 : 283.56"
"7,46 : 302.95"
"7,47 : 220.0"
"7,48 : 326.37"
"7,49 : 219.86"
"8,0 : 1010.98"
"8,1 : 777.85"
"8,2 : 685.92"
"8,3 : 494.6"
"8,4 : 915.91"
"8,5 : 111.0"
"8,6 : 696.12"
"8,7 : 495.47"
"8,8 : 0.0"
"8,9 : 1015.54"
"8,10 : 588.67"
"8,11 : 630.94"
"8,12 : 205.57"
"8,13 : 550.91"
"8,14 : 232.55"
"8,15 : 213.59"
"8,16 : 623.4"
"8,17 : 836.53"
"8,18 : 849.14"
"8,19 : 793.48"
"8,20 : 836.79"
"8,21 : 728.46"
"8,22 : 792.67"
"8,23 : 999.51"
"8,24 : 317.01"
"8,25 : 658.32"
"8,26 : 855.0"
"8,27 : 318.94"
"8,28 : 692.53"
"8,29 : 270.57"
"8,30 : 1006.6"
"8,31 : 1108.23"
"8,32 : 983.07"
"8,33 : 234.61"
"8,34 : 934.8"
"8,35 : 767.41"
"8,36 : 1106.45"
"8,37 : 213.52"
"8,38 : 808.72"
"8,39 : 120.2"
"8,40 : 695.8"
"8,41 : 777.63"
"8,42 : 136.21"
"8,43 : 679.65"
"8,44 : 592.04"
"8,45 : 385.69"
"8,46 : 793.36"
"8,47 : 423.71"
"8,48 : 515.05"
"8,49 : 608.77"
"9,0 : 30.46"
"9,1 : 656.4"
"9,2 : 358.47"
"9,3 : 521.46"
"9,4 : 719.41"
"9,5 : 1079.49"
"9,6 : 427.0"
"9,7 : 609.95"
"9,8 : 1015.54"
"9,9 : 0.0"
"9,10 : 438.12"
"9,11 : 741.5"
"9,12 : 897.99"
"9,13 : 530.8"
"9,14 : 896.54"
"9,15 : 861.93"
"9,16 : 755.97"
"9,17 : 261.92"
"9,18 : 203.04"
"9,19 : 683.69"
"9,20 : 409.1"
"9,21 : 311.1"
"9,22 : 223.71"
"9,23 : 16.28"
"9,24 : 698.65"
"9,25 : 397.76"
"9,26 : 368.05"
"9,27 : 831.41"
"9,28 : 532.74"
"9,29 : 793.77"
"9,30 : 73.66"
"9,31 : 264.38"
"9,32 : 132.14"
"9,33 : 864.97"
"9,34 : 196.31"
"9,35 : 736.11"
"9,36 : 106.51"
"9,37 : 829.61"
"9,38 : 723.92"
"9,39 : 921.0"
"9,40 : 365.63"
"9,41 : 606.04"
"9,42 : 879.91"
"9,43 : 633.52"
"9,44 : 660.09"
"9,45 : 893.0"
"9,46 : 528.75"
"9,47 : 826.66"
"9,48 : 911.71"
"9,49 : 415.59"
"10,0 : 429.01"
"10,1 : 427.96"
"10,2 : 211.48"
"10,3 : 107.0"
"10,4 : 559.92"
"10,5 : 644.04"
"10,6 : 314.68"
"10,7 : 322.98"
"10,8 : 588.67"
"10,9 : 438.12"
"10,10 : 0.0"
"10,11 : 554.66"
"10,12 : 459.88"
"10,13 : 129.1"
"10,14 : 516.39"
"10,15 : 423.89"
"10,16 : 562.73"
"10,17 : 341.06"
"10,18 : 315.7"
"10,19 : 608.13"
"10,20 : 313.68"
"10,21 : 140.01"
"10,22 : 227.98"
"10,23 : 421.84"
"10,24 : 279.26"
"10,25 : 222.99"
"10,26 : 432.42"
"10,27 : 399.11"
"10,28 : 413.9"
"10,29 : 409.15"
"10,30 : 445.28"
"10,31 : 595.22"
"10,32 : 439.59"
"10,33 : 481.55"
"10,34 : 348.65"
"10,35 : 482.1"
"10,36 : 537.72"
"10,37 : 427.6"
"10,38 : 497.18"
"10,39 : 486.65"
"10,40 : 241.01"
"10,41 : 539.59"
"10,42 : 456.44"
"10,43 : 344.05"
"10,44 : 455.87"
"10,45 : 570.71"
"10,46 : 493.03"
"10,47 : 522.43"
"10,48 : 642.92"
"10,49 : 142.35"
"11,0 : 756.64"
"11,1 : 974.91"
"11,2 : 420.79"
"11,3 : 479.12"
"11,4 : 1112.29"
"11,5 : 740.3"
"11,6 : 319.0"
"11,7 : 242.26"
"11,8 : 630.94"
"11,9 : 741.5"
"11,10 : 554.66"
"11,11 : 0.0"
"11,12 : 686.56"
"11,13 : 650.7"
"11,14 : 400.93"
"11,15 : 652.95"
"11,16 : 15.81"
"11,17 : 480.14"
"11,18 : 540.37"
"11,19 : 171.51"
"11,20 : 855.37"
"11,21 : 629.98"
"11,22 : 569.53"
"11,23 : 730.73"
"11,24 : 466.44"
"11,25 : 381.87"
"11,26 : 401.14"
"11,27 : 724.89"
"11,28 : 209.19"
"11,29 : 379.05"
"11,30 : 689.21"
"11,31 : 675.86"
"11,32 : 636.11"
"11,33 : 396.53"
"11,34 : 795.5"
"11,35 : 1017.66"
"11,36 : 782.4"
"11,37 : 437.06"
"11,38 : 1040.09"
"11,39 : 627.01"
"11,40 : 398.78"
"11,41 : 191.65"
"11,42 : 537.08"
"11,43 : 880.91"
"11,44 : 99.02"
"11,45 : 273.54"
"11,46 : 252.0"
"11,47 : 213.18"
"11,48 : 203.94"
"11,49 : 429.06"
"12,0 : 888.24"
"12,1 : 576.46"
"12,2 : 609.34"
"12,3 : 389.44"
"12,4 : 712.24"
"12,5 : 202.03"
"12,6 : 653.56"
"12,7 : 488.95"
"12,8 : 205.57"
"12,9 : 897.99"
"12,10 : 459.88"
"12,11 : 686.56"
"12,12 : 0.0"
"12,13 : 387.95"
"12,14 : 344.73"
"12,15 : 39.4"
"12,16 : 683.49"
"12,17 : 762.37"
"12,18 : 758.4"
"12,19 : 828.07"
"12,20 : 660.64"
"12,21 : 592.55"
"12,22 : 683.71"
"12,23 : 881.71"
"12,24 : 248.21"
"12,25 : 592.14"
"12,26 : 810.56"
"12,27 : 114.27"
"12,28 : 685.44"
"12,29 : 311.67"
"12,30 : 902.4"
"12,31 : 1033.41"
"12,32 : 889.88"
"12,33 : 325.12"
"12,34 : 787.59"
"12,35 : 562.52"
"12,36 : 997.02"
"12,37 : 259.66"
"12,38 : 604.28"
"12,39 : 93.81"
"12,40 : 627.3"
"12,41 : 793.05"
"12,42 : 169.61"
"12,43 : 481.0"
"12,44 : 621.0"
"12,45 : 497.77"
"12,46 : 788.58"
"12,47 : 509.14"
"12,48 : 626.88"
"12,49 : 523.85"
"13,0 : 516.25"
"13,1 : 325.32"
"13,2 : 340.32"
"13,3 : 171.59"
"13,4 : 466.5"
"13,5 : 585.77"
"13,6 : 439.72"
"13,7 : 409.68"
"13,8 : 550.91"
"13,9 : 530.8"
"13,10 : 129.1"
"13,11 : 650.7"
"13,12 : 387.95"
"13,13 : 0.0"
"13,14 : 532.28"
"13,15 : 357.53"
"13,16 : 656.73"
"13,17 : 467.74"
"13,18 : 436.42"
"13,19 : 722.74"
"13,20 : 288.5"
"13,21 : 219.97"
"13,22 : 341.18"
"13,23 : 514.81"
"13,24 : 279.27"
"13,25 : 349.29"
"13,26 : 561.51"
"13,27 : 304.61"
"13,28 : 531.66"
"13,29 : 430.49"
"13,30 : 550.24"
"13,31 : 713.76"
"13,32 : 552.93"
"13,33 : 497.43"
"13,34 : 400.85"
"13,35 : 368.09"
"13,36 : 635.24"
"13,37 : 431.19"
"13,38 : 389.39"
"13,39 : 436.79"
"13,40 : 369.51"
"13,41 : 657.98"
"13,42 : 430.86"
"13,43 : 230.41"
"13,44 : 554.13"
"13,45 : 618.26"
"13,46 : 616.42"
"13,47 : 581.72"
"13,48 : 709.2"
"13,49 : 266.55"
"14,0 : 898.41"
"14,1 : 825.98"
"14,2 : 542.2"
"14,3 : 409.54"
"14,4 : 971.11"
"14,5 : 343.37"
"14,6 : 519.84"
"14,7 : 308.29"
"14,8 : 232.55"
"14,9 : 896.54"
"14,10 : 516.39"
"14,11 : 400.93"
"14,12 : 344.73"
"14,13 : 532.28"
"14,14 : 0.0"
"14,15 : 324.01"
"14,16 : 392.54"
"14,17 : 680.02"
"14,18 : 708.41"
"14,19 : 567.13"
"14,20 : 814.21"
"14,21 : 650.0"
"14,22 : 675.47"
"14,23 : 881.45"
"14,24 : 253.05"
"14,25 : 506.74"
"14,26 : 671.8"
"14,27 : 427.28"
"14,28 : 489.63"
"14,29 : 107.38"
"14,30 : 872.78"
"14,31 : 942.0"
"14,32 : 838.55"
"14,33 : 35.13"
"14,34 : 858.43"
"14,35 : 838.24"
"14,36 : 974.81"
"14,37 : 106.0"
"14,38 : 873.56"
"14,39 : 260.65"
"14,40 : 543.18"
"14,41 : 559.13"
"14,42 : 175.11"
"14,43 : 722.62"
"14,44 : 372.79"
"14,45 : 157.89"
"14,46 : 585.1"
"14,47 : 191.27"
"14,48 : 289.11"
"14,49 : 481.94"
"15,0 : 852.73"
"15,1 : 564.28"
"15,2 : 570.24"
"15,3 : 351.01"
"15,4 : 702.91"
"15,5 : 228.41"
"15,6 : 614.23"
"15,7 : 451.35"
"15,8 : 213.59"
"15,9 : 861.93"
"15,10 : 423.89"
"15,11 : 652.95"
"15,12 : 39.4"
"15,13 : 357.53"
"15,14 : 324.01"
"15,15 : 0.0"
"15,16 : 650.37"
"15,17 : 723.34"
"15,18 : 720.07"
"15,19 : 792.02"
"15,20 : 635.08"
"15,21 : 558.03"
"15,22 : 646.48"
"15,23 : 845.65"
"15,24 : 209.31"
"15,25 : 552.81"
"15,26 : 771.17"
"15,27 : 110.54"
"15,28 : 647.12"
"15,29 : 281.44"
"15,30 : 865.15"
"15,31 : 994.6"
"15,32 : 851.85"
"15,33 : 301.57"
"15,34 : 755.38"
"15,35 : 555.76"
"15,36 : 960.32"
"15,37 : 232.56"
"15,38 : 596.4"
"15,39 : 93.94"
"15,40 : 588.03"
"15,41 : 755.71"
"15,42 : 150.66"
"15,43 : 466.24"
"15,44 : 585.25"
"15,45 : 473.44"
"15,46 : 750.18"
"15,47 : 480.6"
"15,48 : 601.06"
"15,49 : 484.88"
"16,0 : 770.88"
"16,1 : 981.37"
"16,2 : 432.94"
"16,3 : 485.15"
"16,4 : 1119.39"
"16,5 : 733.13"
"16,6 : 332.61"
"16,7 : 247.39"
"16,8 : 623.4"
"16,9 : 755.97"
"16,10 : 562.73"
"16,11 : 15.81"
"16,12 : 683.49"
"16,13 : 656.73"
"16,14 : 392.54"
"16,15 : 650.37"
"16,16 : 0.0"
"16,17 : 494.79"
"16,18 : 554.56"
"16,19 : 183.92"
"16,20 : 865.07"
"16,21 : 640.56"
"16,22 : 582.29"
"16,23 : 745.09"
"16,24 : 466.65"
"16,25 : 393.7"
"16,26 : 416.75"
"16,27 : 724.21"
"16,28 : 224.04"
"16,29 : 374.59"
"16,30 : 704.1"
"16,31 : 691.65"
"16,32 : 651.22"
"16,33 : 389.35"
"16,34 : 808.0"
"16,35 : 1023.11"
"16,36 : 797.56"
"16,37 : 432.07"
"16,38 : 1046.08"
"16,39 : 622.26"
"16,40 : 411.45"
"16,41 : 206.93"
"16,42 : 532.03"
"16,43 : 886.71"
"16,44 : 108.56"
"16,45 : 261.77"
"16,46 : 267.8"
"16,47 : 203.33"
"16,48 : 188.61"
"16,49 : 438.95"
"17,0 : 279.16"
"17,1 : 711.85"
"17,2 : 153.45"
"17,3 : 375.23"
"17,4 : 815.76"
"17,5 : 917.83"
"17,6 : 172.24"
"17,7 : 375.69"
"17,8 : 836.53"
"17,9 : 261.92"
"17,10 : 341.06"
"17,11 : 480.14"
"17,12 : 762.37"
"17,13 : 467.74"
"17,14 : 680.02"
"17,15 : 723.34"
"17,16 : 494.79"
"17,17 : 0.0"
"17,18 : 70.6"
"17,19 : 428.21"
"17,20 : 502.24"
"17,21 : 290.59"
"17,22 : 157.7"
"17,23 : 252.01"
"17,24 : 528.19"
"17,25 : 178.28"
"17,26 : 127.66"
"17,27 : 725.21"
"17,28 : 271.06"
"17,29 : 586.04"
"17,30 : 210.61"
"17,31 : 272.86"
"17,32 : 163.32"
"17,33 : 652.07"
"17,34 : 357.95"
"17,35 : 781.53"
"17,36 : 308.5"
"17,37 : 631.99"
"17,38 : 784.37"
"17,39 : 761.19"
"17,40 : 140.76"
"17,41 : 349.28"
"17,42 : 701.54"
"17,43 : 652.05"
"17,44 : 401.98"
"17,45 : 651.13"
"17,46 : 273.7"
"17,47 : 581.88"
"17,48 : 656.3"
"17,49 : 238.56"
"18,0 : 216.34"
"18,1 : 657.85"
"18,2 : 166.58"
"18,3 : 369.07"
"18,4 : 755.84"
"18,5 : 924.19"
"18,6 : 224.06"
"18,7 : 412.16"
"18,8 : 849.14"
"18,9 : 203.04"
"18,10 : 315.7"
"18,11 : 540.37"
"18,12 : 758.4"
"18,13 : 436.42"
"18,14 : 708.41"
"18,15 : 720.07"
"18,16 : 554.56"
"18,17 : 70.6"
"18,18 : 0.0"
"18,19 : 497.3"
"18,20 : 439.48"
"18,21 : 240.21"
"18,22 : 102.18"
"18,23 : 191.13"
"18,24 : 534.8"
"18,25 : 202.08"
"18,26 : 197.28"
"18,27 : 711.18"
"18,28 : 332.81"
"18,29 : 609.63"
"18,30 : 164.92"
"18,31 : 279.65"
"18,32 : 133.96"
"18,33 : 678.55"
"18,34 : 287.51"
"18,35 : 730.08"
"18,36 : 266.85"
"18,37 : 651.22"
"18,38 : 730.16"
"18,39 : 765.91"
"18,40 : 166.97"
"18,41 : 418.17"
"18,42 : 713.06"
"18,43 : 604.52"
"18,44 : 457.25"
"18,45 : 693.47"
"18,46 : 343.35"
"18,47 : 626.0"
"18,48 : 708.72"
"18,49 : 240.68"
"19,0 : 704.36"
"19,1 : 1035.98"
"19,2 : 427.1"
"19,3 : 557.4"
"19,4 : 1164.62"
"19,5 : 901.1"
"19,6 : 309.73"
"19,7 : 346.77"
"19,8 : 793.48"
"19,9 : 683.69"
"19,10 : 608.13"
"19,11 : 171.51"
"19,12 : 828.07"
"19,13 : 722.74"
"19,14 : 567.13"
"19,15 : 792.02"
"19,16 : 183.92"
"19,17 : 428.21"
"19,18 : 497.3"
"19,19 : 0.0"
"19,20 : 879.66"
"19,21 : 648.44"
"19,22 : 555.32"
"19,23 : 675.97"
"19,24 : 591.66"
"19,25 : 397.09"
"19,26 : 316.8"
"19,27 : 851.13"
"19,28 : 195.41"
"19,29 : 531.68"
"19,30 : 620.78"
"19,31 : 562.91"
"19,32 : 562.2"
"19,33 : 559.2"
"19,34 : 778.25"
"19,35 : 1088.78"
"19,36 : 702.5"
"19,37 : 591.01"
"19,38 : 1105.26"
"19,39 : 777.88"
"19,40 : 398.18"
"19,41 : 79.26"
"19,42 : 690.14"
"19,43 : 950.36"
"19,44 : 207.35"
"19,45 : 445.04"
"19,46 : 155.08"
"19,47 : 383.27"
"19,48 : 365.63"
"19,49 : 467.7"
"20,0 : 382.31"
"20,1 : 248.93"
"20,2 : 452.56"
"20,3 : 415.65"
"20,4 : 318.94"
"20,5 : 862.34"
"20,6 : 569.99"
"20,7 : 633.7"
"20,8 : 836.79"
"20,9 : 409.1"
"20,10 : 313.68"
"20,11 : 855.37"
"20,12 : 660.64"
"20,13 : 288.5"
"20,14 : 814.21"
"20,15 : 635.08"
"20,16 : 865.07"
"20,17 : 502.24"
"20,18 : 439.48"
"20,19 : 879.66"
"20,20 : 0.0"
"20,21 : 231.22"
"20,22 : 345.1"
"20,23 : 397.41"
"20,24 : 563.22"
"20,25 : 484.26"
"20,26 : 627.12"
"20,27 : 560.55"
"20,28 : 686.18"
"20,29 : 709.23"
"20,30 : 463.39"
"20,31 : 660.38"
"20,32 : 497.24"
"20,33 : 779.1"
"20,34 : 215.93"
"20,35 : 329.61"
"20,36 : 510.39"
"20,37 : 716.29"
"20,38 : 314.95"
"20,39 : 720.16"
"20,40 : 481.73"
"20,41 : 803.72"
"20,42 : 719.26"
"20,43 : 248.81"
"20,44 : 756.61"
"20,45 : 882.68"
"20,46 : 741.46"
"20,47 : 836.0"
"20,48 : 956.32"
"20,49 : 426.34"
"21,0 : 297.79"
"21,1 : 421.34"
"21,2 : 221.33"
"21,3 : 242.43"
"21,4 : 530.4"
"21,5 : 781.33"
"21,6 : 338.79"
"21,7 : 421.16"
"21,8 : 728.46"
"21,9 : 311.1"
"21,10 : 140.01"
"21,11 : 629.98"
"21,12 : 592.55"
"21,13 : 219.97"
"21,14 : 650.0"
"21,15 : 558.03"
"21,16 : 640.56"
"21,17 : 290.59"
"21,18 : 240.21"
"21,19 : 648.44"
"21,20 : 231.22"
"21,21 : 0.0"
"21,22 : 138.06"
"21,23 : 295.04"
"21,24 : 418.72"
"21,25 : 253.65"
"21,26 : 408.17"
"21,27 : 520.86"
"21,28 : 455.13"
"21,29 : 542.67"
"21,30 : 331.87"
"21,31 : 505.46"
"21,32 : 340.39"
"21,33 : 615.59"
"21,34 : 209.57"
"21,35 : 491.24"
"21,36 : 415.27"
"21,37 : 565.11"
"21,38 : 493.88"
"21,39 : 624.89"
"21,40 : 250.64"
"21,41 : 572.65"
"21,42 : 596.45"
"21,43 : 364.31"
"21,44 : 532.08"
"21,45 : 689.77"
"21,46 : 511.61"
"21,47 : 635.06"
"21,48 : 747.52"
"21,49 : 203.54"
"22,0 : 223.08"
"22,1 : 556.59"
"22,2 : 152.32"
"22,3 : 300.02"
"22,4 : 658.11"
"22,5 : 859.52"
"22,6 : 253.67"
"22,7 : 400.45"
"22,8 : 792.67"
"22,9 : 223.71"
"22,10 : 227.98"
"22,11 : 569.53"
"22,12 : 683.71"
"22,13 : 341.18"
"22,14 : 675.47"
"22,15 : 646.48"
"22,16 : 582.29"
"22,17 : 157.7"
"22,18 : 102.18"
"22,19 : 555.32"
"22,20 : 345.1"
"22,21 : 138.06"
"22,22 : 0.0"
"22,23 : 207.97"
"22,24 : 475.66"
"22,25 : 193.37"
"22,26 : 282.12"
"22,27 : 627.09"
"22,28 : 372.54"
"22,29 : 571.51"
"22,30 : 218.69"
"22,31 : 372.9"
"22,32 : 212.43"
"22,33 : 643.29"
"22,34 : 226.64"
"22,35 : 628.19"
"22,36 : 315.1"
"22,37 : 606.12"
"22,38 : 629.01"
"22,39 : 700.75"
"22,40 : 170.88"
"22,41 : 476.6"
"22,42 : 656.8"
"22,43 : 502.36"
"22,44 : 477.55"
"22,45 : 683.38"
"22,46 : 407.43"
"22,47 : 620.32"
"22,48 : 717.42"
"22,49 : 193.54"
"23,0 : 29.41"
"23,1 : 644.04"
"23,2 : 344.27"
"23,3 : 505.35"
"23,4 : 709.29"
"23,5 : 1063.27"
"23,6 : 415.17"
"23,7 : 596.0"
"23,8 : 999.51"
"23,9 : 16.28"
"23,10 : 421.84"
"23,11 : 730.73"
"23,12 : 881.71"
"23,13 : 514.81"
"23,14 : 881.45"
"23,15 : 845.65"
"23,16 : 745.09"
"23,17 : 252.01"
"23,18 : 191.13"
"23,19 : 675.97"
"23,20 : 397.41"
"23,21 : 295.04"
"23,22 : 207.97"
"23,23 : 0.0"
"23,24 : 682.64"
"23,25 : 383.81"
"23,26 : 361.26"
"23,27 : 815.24"
"23,28 : 522.27"
"23,29 : 778.47"
"23,30 : 75.66"
"23,31 : 271.29"
"23,32 : 130.86"
"23,33 : 849.78"
"23,34 : 186.42"
"23,35 : 723.53"
"23,36 : 121.66"
"23,37 : 814.01"
"23,38 : 711.98"
"23,39 : 904.8"
"23,40 : 352.15"
"23,41 : 597.99"
"23,42 : 863.91"
"23,43 : 619.65"
"23,44 : 648.37"
"23,45 : 879.24"
"23,46 : 520.92"
"23,47 : 813.17"
"23,48 : 899.35"
"23,49 : 400.23"
"24,0 : 694.6"
"24,1 : 580.06"
"24,2 : 375.18"
"24,3 : 178.94"
"24,4 : 725.38"
"24,5 : 390.02"
"24,6 : 406.95"
"24,7 : 246.05"
"24,8 : 317.01"
"24,9 : 698.65"
"24,10 : 279.26"
"24,11 : 466.44"
"24,12 : 248.21"
"24,13 : 279.27"
"24,14 : 253.05"
"24,15 : 209.31"
"24,16 : 466.65"
"24,17 : 528.19"
"24,18 : 534.8"
"24,19 : 591.66"
"24,20 : 563.22"
"24,21 : 418.72"
"24,22 : 475.66"
"24,23 : 682.64"
"24,24 : 0.0"
"24,25 : 352.35"
"24,26 : 565.29"
"24,27 : 260.1"
"24,28 : 438.55"
"24,29 : 153.94"
"24,30 : 690.16"
"24,31 : 801.05"
"24,32 : 668.67"
"24,33 : 218.28"
"24,34 : 627.88"
"24,35 : 600.61"
"24,36 : 789.63"
"24,37 : 153.12"
"24,38 : 632.64"
"24,39 : 233.03"
"24,40 : 389.01"
"24,41 : 550.15"
"24,42 : 181.28"
"24,43 : 477.04"
"24,44 : 388.01"
"24,45 : 353.64"
"24,46 : 541.37"
"24,47 : 332.64"
"24,48 : 462.59"
"24,49 : 294.19"
"25,0 : 404.75"
"25,1 : 644.71"
"25,2 : 41.11"
"25,3 : 215.93"
"25,4 : 769.14"
"25,5 : 740.9"
"25,6 : 92.2"
"25,7 : 212.2"
"25,8 : 658.32"
"25,9 : 397.76"
"25,10 : 222.99"
"25,11 : 381.87"
"25,12 : 592.14"
"25,13 : 349.29"
"25,14 : 506.74"
"25,15 : 552.81"
"25,16 : 393.7"
"25,17 : 178.28"
"25,18 : 202.08"
"25,19 : 397.09"
"25,20 : 484.26"
"25,21 : 253.65"
"25,22 : 193.37"
"25,23 : 383.81"
"25,24 : 352.35"
"25,25 : 0.0"
"25,26 : 223.99"
"25,27 : 566.2"
"25,28 : 202.28"
"25,29 : 409.66"
"25,30 : 366.94"
"25,31 : 450.22"
"25,32 : 332.05"
"25,33 : 477.41"
"25,34 : 415.65"
"25,35 : 703.15"
"25,36 : 468.92"
"25,37 : 454.16"
"25,38 : 715.56"
"25,39 : 585.23"
"25,40 : 37.54"
"25,41 : 323.64"
"25,42 : 523.53"
"25,43 : 565.81"
"25,44 : 286.84"
"25,45 : 495.5"
"25,46 : 271.13"
"25,47 : 430.15"
"25,48 : 524.11"
"25,49 : 83.38"
"26,0 : 390.14"
"26,1 : 828.21"
"26,2 : 222.08"
"26,3 : 439.89"
"26,4 : 937.6"
"26,5 : 946.15"
"26,6 : 159.53"
"26,7 : 364.89"
"26,8 : 855.0"
"26,9 : 368.05"
"26,10 : 432.42"
"26,11 : 401.14"
"26,12 : 810.56"
"26,13 : 561.51"
"26,14 : 671.8"
"26,15 : 771.17"
"26,16 : 416.75"
"26,17 : 127.66"
"26,18 : 197.28"
"26,19 : 316.8"
"26,20 : 627.12"
"26,21 : 408.17"
"26,22 : 282.12"
"26,23 : 361.26"
"26,24 : 565.29"
"26,25 : 223.99"
"26,26 : 0.0"
"26,27 : 789.8"
"26,28 : 200.74"
"26,29 : 590.21"
"26,30 : 303.99"
"26,31 : 280.24"
"26,32 : 245.57"
"26,33 : 648.44"
"26,34 : 484.6"
"26,35 : 894.87"
"26,36 : 387.97"
"26,37 : 642.97"
"26,38 : 900.65"
"26,39 : 794.94"
"26,40 : 194.93"
"26,41 : 240.87"
"26,42 : 724.72"
"26,43 : 761.86"
"26,44 : 341.69"
"26,45 : 613.76"
"26,46 : 163.25"
"26,47 : 542.47"
"26,48 : 594.43"
"26,49 : 304.51"
"27,0 : 818.64"
"27,1 : 462.62"
"27,2 : 576.09"
"27,3 : 351.68"
"27,4 : 597.96"
"27,5 : 310.65"
"27,6 : 639.18"
"27,7 : 504.58"
"27,8 : 318.94"
"27,9 : 831.41"
"27,10 : 399.11"
"27,11 : 724.89"
"27,12 : 114.27"
"27,13 : 304.61"
"27,14 : 427.28"
"27,15 : 110.54"
"27,16 : 724.21"
"27,17 : 725.21"
"27,18 : 711.18"
"27,19 : 851.13"
"27,20 : 560.55"
"27,21 : 520.86"
"27,22 : 627.09"
"27,23 : 815.24"
"27,24 : 260.1"
"27,25 : 566.2"
"27,26 : 789.8"
"27,27 : 0.0"
"27,28 : 690.21"
"27,29 : 370.13"
"27,30 : 843.88"
"27,31 : 990.32"
"27,32 : 838.25"
"27,33 : 401.78"
"27,34 : 704.28"
"27,35 : 448.52"
"27,36 : 933.96"
"27,37 : 329.01"
"27,38 : 490.1"
"27,39 : 202.25"
"27,40 : 598.32"
"27,41 : 806.68"
"27,42 : 258.16"
"27,43 : 368.49"
"27,44 : 648.1"
"27,45 : 570.54"
"27,46 : 791.17"
"27,47 : 569.6"
"27,48 : 694.63"
"27,49 : 489.64"
"28,0 : 548.6"
"28,1 : 841.32"
"28,2 : 234.44"
"28,3 : 371.44"
"28,4 : 969.25"
"28,5 : 792.19"
"28,6 : 119.36"
"28,7 : 199.92"
"28,8 : 692.53"
"28,9 : 532.74"
"28,10 : 413.9"
"28,11 : 209.19"
"28,12 : 685.44"
"28,13 : 531.66"
"28,14 : 489.63"
"28,15 : 647.12"
"28,16 : 224.04"
"28,17 : 271.06"
"28,18 : 332.81"
"28,19 : 195.41"
"28,20 : 686.18"
"28,21 : 455.13"
"28,22 : 372.54"
"28,23 : 522.27"
"28,24 : 438.55"
"28,25 : 202.28"
"28,26 : 200.74"
"28,27 : 690.21"
"28,28 : 0.0"
"28,29 : 422.03"
"28,30 : 480.07"
"28,31 : 480.85"
"28,32 : 427.52"
"28,33 : 470.69"
"28,34 : 598.9"
"28,35 : 895.59"
"28,36 : 574.01"
"28,37 : 479.42"
"28,38 : 911.02"
"28,39 : 651.43"
"28,40 : 207.04"
"28,41 : 126.32"
"28,42 : 571.23"
"28,43 : 757.26"
"28,44 : 140.94"
"28,45 : 415.78"
"28,46 : 103.32"
"28,47 : 344.48"
"28,48 : 394.62"
"28,49 : 272.66"
"29,0 : 794.59"
"29,1 : 733.65"
"29,2 : 443.05"
"29,3 : 302.24"
"29,4 : 879.01"
"29,5 : 372.87"
"29,6 : 433.46"
"29,7 : 226.6"
"29,8 : 270.57"
"29,9 : 793.77"
"29,10 : 409.15"
"29,11 : 379.05"
"29,12 : 311.67"
"29,13 : 430.49"
"29,14 : 107.38"
"29,15 : 281.44"
"29,16 : 374.59"
"29,17 : 586.04"
"29,18 : 609.63"
"29,19 : 531.68"
"29,20 : 709.23"
"29,21 : 542.67"
"29,22 : 571.51"
"29,23 : 778.47"
"29,24 : 153.94"
"29,25 : 409.66"
"29,26 : 590.21"
"29,27 : 370.13"
"29,28 : 422.03"
"29,29 : 0.0"
"29,30 : 773.0"
"29,31 : 852.97"
"29,32 : 741.47"
"29,33 : 72.99"
"29,34 : 751.25"
"29,35 : 751.91"
"29,36 : 874.87"
"29,37 : 59.44"
"29,38 : 785.04"
"29,39 : 248.02"
"29,40 : 446.81"
"29,41 : 509.51"
"29,42 : 158.71"
"29,43 : 630.49"
"29,44 : 326.05"
"29,45 : 205.07"
"29,46 : 522.82"
"29,47 : 199.96"
"29,48 : 324.78"
"29,49 : 378.26"
"30,0 : 103.0"
"30,1 : 706.87"
"30,2 : 330.58"
"30,3 : 517.36"
"30,4 : 778.69"
"30,5 : 1076.77"
"30,6 : 381.84"
"30,7 : 576.8"
"30,8 : 1006.6"
"30,9 : 73.66"
"30,10 : 445.28"
"30,11 : 689.21"
"30,12 : 902.4"
"30,13 : 550.24"
"30,14 : 872.78"
"30,15 : 865.15"
"30,16 : 704.1"
"30,17 : 210.61"
"30,18 : 164.92"
"30,19 : 620.78"
"30,20 : 463.39"
"30,21 : 331.87"
"30,22 : 218.69"
"30,23 : 75.66"
"30,24 : 690.16"
"30,25 : 366.94"
"30,26 : 303.99"
"30,27 : 843.88"
"30,28 : 480.07"
"30,29 : 773.0"
"30,30 : 0.0"
"30,31 : 198.48"
"30,32 : 60.42"
"30,33 : 842.56"
"30,34 : 258.07"
"30,35 : 785.3"
"30,36 : 102.04"
"30,37 : 812.91"
"30,38 : 776.16"
"30,39 : 917.98"
"30,40 : 331.83"
"30,41 : 544.31"
"30,42 : 870.4"
"30,43 : 675.43"
"30,44 : 612.58"
"30,45 : 857.18"
"30,46 : 466.67"
"30,47 : 789.04"
"30,48 : 866.79"
"30,49 : 398.83"
"31,0 : 294.77"
"31,1 : 901.0"
"31,2 : 426.08"
"31,3 : 644.49"
"31,4 : 976.82"
"31,5 : 1190.65"
"31,6 : 422.23"
"31,7 : 633.83"
"31,8 : 1108.23"
"31,9 : 264.38"
"31,10 : 595.22"
"31,11 : 675.86"
"31,12 : 1033.41"
"31,13 : 713.76"
"31,14 : 942.0"
"31,15 : 994.6"
"31,16 : 691.65"
"31,17 : 272.86"
"31,18 : 279.65"
"31,19 : 562.91"
"31,20 : 660.38"
"31,21 : 505.46"
"31,22 : 372.9"
"31,23 : 271.29"
"31,24 : 801.05"
"31,25 : 450.22"
"31,26 : 280.24"
"31,27 : 990.32"
"31,28 : 480.85"
"31,29 : 852.97"
"31,30 : 198.48"
"31,31 : 0.0"
"31,32 : 166.77"
"31,33 : 916.12"
"31,34 : 456.43"
"31,35 : 978.27"
"31,36 : 200.77"
"31,37 : 901.39"
"31,38 : 971.23"
"31,39 : 1034.03"
"31,40 : 412.9"
"31,41 : 498.09"
"31,42 : 973.73"
"31,43 : 862.92"
"31,44 : 621.77"
"31,45 : 893.21"
"31,46 : 425.98"
"31,47 : 822.03"
"31,48 : 873.17"
"31,49 : 509.98"
"32,0 : 159.81"
"32,1 : 735.22"
"32,2 : 299.03"
"32,3 : 501.22"
"32,4 : 815.36"
"32,5 : 1057.86"
"32,6 : 335.43"
"32,7 : 537.31"
"32,8 : 983.07"
"32,9 : 132.14"
"32,10 : 439.59"
"32,11 : 636.11"
"32,12 : 889.88"
"32,13 : 552.93"
"32,14 : 838.55"
"32,15 : 851.85"
"32,16 : 651.22"
"32,17 : 163.32"
"32,18 : 133.96"
"32,19 : 562.2"
"32,20 : 497.24"
"32,21 : 340.39"
"32,22 : 212.43"
"32,23 : 130.86"
"32,24 : 668.67"
"32,25 : 332.05"
"32,26 : 245.57"
"32,27 : 838.25"
"32,28 : 427.52"
"32,29 : 741.47"
"32,30 : 60.42"
"32,31 : 166.77"
"32,32 : 0.0"
"32,33 : 809.45"
"32,34 : 301.94"
"32,35 : 812.03"
"32,36 : 146.58"
"32,37 : 784.25"
"32,38 : 805.85"
"32,39 : 899.45"
"32,40 : 295.37"
"32,41 : 486.37"
"32,42 : 847.01"
"32,43 : 696.16"
"32,44 : 562.75"
"32,45 : 814.36"
"32,46 : 408.71"
"32,47 : 745.2"
"32,48 : 817.85"
"32,49 : 374.62"
"33,0 : 866.34"
"33,1 : 792.86"
"33,2 : 512.08"
"33,3 : 374.77"
"33,4 : 938.08"
"33,5 : 343.8"
"33,6 : 494.5"
"33,7 : 283.7"
"33,8 : 234.61"
"33,9 : 864.97"
"33,10 : 481.55"
"33,11 : 396.53"
"33,12 : 325.12"
"33,13 : 497.43"
"33,14 : 35.13"
"33,15 : 301.57"
"33,16 : 389.35"
"33,17 : 652.07"
"33,18 : 678.55"
"33,19 : 559.2"
"33,20 : 779.1"
"33,21 : 615.59"
"33,22 : 643.29"
"33,23 : 849.78"
"33,24 : 218.28"
"33,25 : 477.41"
"33,26 : 648.44"
"33,27 : 401.78"
"33,28 : 470.69"
"33,29 : 72.99"
"33,30 : 842.56"
"33,31 : 916.12"
"33,32 : 809.45"
"33,33 : 0.0"
"33,34 : 824.23"
"33,35 : 806.42"
"33,36 : 944.54"
"33,37 : 74.81"
"33,38 : 841.26"
"33,39 : 245.88"
"33,40 : 514.17"
"33,41 : 546.47"
"33,42 : 156.73"
"33,43 : 689.49"
"33,44 : 360.05"
"33,45 : 172.66"
"33,46 : 568.26"
"33,47 : 193.44"
"33,48 : 302.55"
"33,49 : 449.82"
"34,0 : 168.0"
"34,1 : 464.81"
"34,2 : 375.47"
"34,3 : 451.98"
"34,4 : 523.11"
"34,5 : 982.0"
"34,6 : 480.26"
"34,7 : 612.13"
"34,8 : 934.8"
"34,9 : 196.31"
"34,10 : 348.65"
"34,11 : 795.5"
"34,12 : 787.59"
"34,13 : 400.85"
"34,14 : 858.43"
"34,15 : 755.38"
"34,16 : 808.0"
"34,17 : 357.95"
"34,18 : 287.51"
"34,19 : 778.25"
"34,20 : 215.93"
"34,21 : 209.57"
"34,22 : 226.64"
"34,23 : 186.42"
"34,24 : 627.88"
"34,25 : 415.65"
"34,26 : 484.6"
"34,27 : 704.28"
"34,28 : 598.9"
"34,29 : 751.25"
"34,30 : 258.07"
"34,31 : 456.43"
"34,32 : 301.94"
"34,33 : 824.23"
"34,34 : 0.0"
"34,35 : 545.37"
"34,36 : 294.85"
"34,37 : 774.66"
"34,38 : 530.47"
"34,39 : 827.89"
"34,40 : 396.77"
"34,41 : 699.09"
"34,42 : 804.32"
"34,43 : 453.28"
"34,44 : 702.2"
"34,45 : 889.61"
"34,46 : 626.96"
"34,47 : 830.95"
"34,48 : 935.78"
"34,49 : 393.15"
"35,0 : 710.38"
"35,1 : 80.96"
"35,2 : 685.04"
"35,3 : 539.01"
"35,4 : 154.32"
"35,5 : 749.18"
"35,6 : 795.34"
"35,7 : 775.73"
"35,8 : 767.41"
"35,9 : 736.11"
"35,10 : 482.1"
"35,11 : 1017.66"
"35,12 : 562.52"
"35,13 : 368.09"
"35,14 : 838.24"
"35,15 : 555.76"
"35,16 : 1023.11"
"35,17 : 781.53"
"35,18 : 730.08"
"35,19 : 1088.78"
"35,20 : 329.61"
"35,21 : 491.24"
"35,22 : 628.19"
"35,23 : 723.53"
"35,24 : 600.61"
"35,25 : 703.15"
"35,26 : 894.87"
"35,27 : 448.52"
"35,28 : 895.59"
"35,29 : 751.91"
"35,30 : 785.3"
"35,31 : 978.27"
"35,32 : 812.03"
"35,33 : 806.42"
"35,34 : 545.37"
"35,35 : 0.0"
"35,36 : 839.07"
"35,37 : 732.3"
"35,38 : 44.55"
"35,39 : 649.47"
"35,40 : 715.82"
"35,41 : 1021.54"
"35,42 : 690.08"
"35,43 : 138.42"
"35,44 : 921.8"
"35,45 : 954.25"
"35,46 : 974.23"
"35,47 : 929.34"
"35,48 : 1059.28"
"35,49 : 624.36"
"36,0 : 129.03"
"36,1 : 758.87"
"36,2 : 432.61"
"36,3 : 615.09"
"36,4 : 815.0"
"36,5 : 1174.62"
"36,6 : 480.68"
"36,7 : 678.35"
"36,8 : 1106.45"
"36,9 : 106.51"
"36,10 : 537.72"
"36,11 : 782.4"
"36,12 : 997.02"
"36,13 : 635.24"
"36,14 : 974.81"
"36,15 : 960.32"
"36,16 : 797.56"
"36,17 : 308.5"
"36,18 : 266.85"
"36,19 : 702.5"
"36,20 : 510.39"
"36,21 : 415.27"
"36,22 : 315.1"
"36,23 : 121.66"
"36,24 : 789.63"
"36,25 : 468.92"
"36,26 : 387.97"
"36,27 : 933.96"
"36,28 : 574.01"
"36,29 : 874.87"
"36,30 : 102.04"
"36,31 : 200.77"
"36,32 : 146.58"
"36,33 : 944.54"
"36,34 : 294.85"
"36,35 : 839.07"
"36,36 : 0.0"
"36,37 : 914.31"
"36,38 : 825.23"
"36,39 : 1015.85"
"36,40 : 433.65"
"36,41 : 628.37"
"36,42 : 970.32"
"36,43 : 739.13"
"36,44 : 709.23"
"36,45 : 957.96"
"36,46 : 550.97"
"36,47 : 889.41"
"36,48 : 964.22"
"36,49 : 499.79"
"37,0 : 828.62"
"37,1 : 720.22"
"37,2 : 485.23"
"37,3 : 322.68"
"37,4 : 865.28"
"37,5 : 313.9"
"37,6 : 484.85"
"37,7 : 281.96"
"37,8 : 213.52"
"37,9 : 829.61"
"37,10 : 427.6"
"37,11 : 437.06"
"37,12 : 259.66"
"37,13 : 431.19"
"37,14 : 106.0"
"37,15 : 232.56"
"37,16 : 432.07"
"37,17 : 631.99"
"37,18 : 651.22"
"37,19 : 591.01"
"37,20 : 716.29"
"37,21 : 565.11"
"37,22 : 606.12"
"37,23 : 814.01"
"37,24 : 153.12"
"37,25 : 454.16"
"37,26 : 642.97"
"37,27 : 329.01"
"37,28 : 479.42"
"37,29 : 59.44"
"37,30 : 812.91"
"37,31 : 901.39"
"37,32 : 784.25"
"37,33 : 74.81"
"37,34 : 774.66"
"37,35 : 732.3"
"37,36 : 914.31"
"37,37 : 0.0"
"37,38 : 767.55"
"37,39 : 190.26"
"37,40 : 491.64"
"37,41 : 568.76"
"37,42 : 100.02"
"37,43 : 616.88"
"37,44 : 385.49"
"37,45 : 241.85"
"37,46 : 580.82"
"37,47 : 249.61"
"37,48 : 368.51"
"37,49 : 414.85"
"38,0 : 697.26"
"38,1 : 72.53"
"38,2 : 695.21"
"38,3 : 560.98"
"38,4 : 110.04"
"38,5 : 792.43"
"38,6 : 807.67"
"38,7 : 798.9"
"38,8 : 808.72"
"38,9 : 723.92"
"38,10 : 497.18"
"38,11 : 1040.09"
"38,12 : 604.28"
"38,13 : 389.39"
"38,14 : 873.56"
"38,15 : 596.4"
"38,16 : 1046.08"
"38,17 : 784.37"
"38,18 : 730.16"
"38,19 : 1105.26"
"38,20 : 314.95"
"38,21 : 493.88"
"38,22 : 629.01"
"38,23 : 711.98"
"38,24 : 632.64"
"38,25 : 715.56"
"38,26 : 900.65"
"38,27 : 490.1"
"38,28 : 911.02"
"38,29 : 785.04"
"38,30 : 776.16"
"38,31 : 971.23"
"38,32 : 805.85"
"38,33 : 841.26"
"38,34 : 530.47"
"38,35 : 44.55"
"38,36 : 825.23"
"38,37 : 767.55"
"38,38 : 0.0"
"38,39 : 690.26"
"38,40 : 726.08"
"38,41 : 1036.43"
"38,42 : 728.46"
"38,43 : 159.81"
"38,44 : 943.32"
"38,45 : 986.07"
"38,46 : 986.56"
"38,47 : 958.92"
"38,48 : 1088.55"
"38,49 : 638.66"
"39,0 : 914.19"
"39,1 : 658.04"
"39,2 : 608.05"
"39,3 : 400.78"
"39,4 : 796.85"
"39,5 : 158.8"
"39,6 : 635.61"
"39,7 : 451.6"
"39,8 : 120.2"
"39,9 : 921.0"
"39,10 : 486.65"
"39,11 : 627.01"
"39,12 : 93.81"
"39,13 : 436.79"
"39,14 : 260.65"
"39,15 : 93.94"
"39,16 : 622.26"
"39,17 : 761.19"
"39,18 : 765.91"
"39,19 : 777.88"
"39,20 : 720.16"
"39,21 : 624.89"
"39,22 : 700.75"
"39,23 : 904.8"
"39,24 : 233.03"
"39,25 : 585.23"
"39,26 : 794.94"
"39,27 : 202.25"
"39,28 : 651.43"
"39,29 : 248.02"
"39,30 : 917.98"
"39,31 : 1034.03"
"39,32 : 899.45"
"39,33 : 245.88"
"39,34 : 827.89"
"39,35 : 649.47"
"39,36 : 1015.85"
"39,37 : 190.26"
"39,38 : 690.26"
"39,39 : 0.0"
"39,40 : 622.0"
"39,41 : 750.39"
"39,42 : 90.8"
"39,43 : 559.52"
"39,44 : 570.95"
"39,45 : 417.27"
"39,46 : 754.55"
"39,47 : 436.77"
"39,48 : 548.03"
"39,49 : 525.96"
"40,0 : 374.2"
"40,1 : 654.51"
"40,2 : 30.87"
"40,3 : 246.84"
"40,4 : 774.88"
"40,5 : 777.97"
"40,6 : 88.53"
"40,7 : 245.33"
"40,8 : 695.8"
"40,9 : 365.63"
"40,10 : 241.01"
"40,11 : 398.78"
"40,12 : 627.3"
"40,13 : 369.51"
"40,14 : 543.18"
"40,15 : 588.03"
"40,16 : 411.45"
"40,17 : 140.76"
"40,18 : 166.97"
"40,19 : 398.18"
"40,20 : 481.73"
"40,21 : 250.64"
"40,22 : 170.88"
"40,23 : 352.15"
"40,24 : 389.01"
"40,25 : 37.54"
"40,26 : 194.93"
"40,27 : 598.32"
"40,28 : 207.04"
"40,29 : 446.81"
"40,30 : 331.83"
"40,31 : 412.9"
"40,32 : 295.37"
"40,33 : 514.17"
"40,34 : 396.77"
"40,35 : 715.82"
"40,36 : 433.65"
"40,37 : 491.64"
"40,38 : 726.08"
"40,39 : 622.0"
"40,40 : 0.0"
"40,41 : 322.01"
"40,42 : 560.93"
"40,43 : 579.65"
"40,44 : 306.86"
"40,45 : 527.55"
"40,46 : 262.69"
"40,47 : 461.04"
"40,48 : 550.44"
"40,49 : 109.84"
"41,0 : 626.2"
"41,1 : 966.4"
"41,2 : 351.55"
"41,3 : 496.87"
"41,4 : 1092.7"
"41,5 : 882.28"
"41,6 : 234.07"
"41,7 : 304.53"
"41,8 : 777.63"
"41,9 : 606.04"
"41,10 : 539.59"
"41,11 : 191.65"
"41,12 : 793.05"
"41,13 : 657.98"
"41,14 : 559.13"
"41,15 : 755.71"
"41,16 : 206.93"
"41,17 : 349.28"
"41,18 : 418.17"
"41,19 : 79.26"
"41,20 : 803.72"
"41,21 : 572.65"
"41,22 : 476.6"
"41,23 : 597.99"
"41,24 : 550.15"
"41,25 : 323.64"
"41,26 : 240.87"
"41,27 : 806.68"
"41,28 : 126.32"
"41,29 : 509.51"
"41,30 : 544.31"
"41,31 : 498.09"
"41,32 : 486.37"
"41,33 : 546.47"
"41,34 : 699.09"
"41,35 : 1021.54"
"41,36 : 628.37"
"41,37 : 568.76"
"41,38 : 1036.43"
"41,39 : 750.39"
"41,40 : 322.01"
"41,41 : 0.0"
"41,42 : 665.55"
"41,43 : 883.27"
"41,44 : 186.51"
"41,45 : 454.27"
"41,46 : 77.67"
"41,47 : 386.87"
"41,48 : 395.54"
"41,49 : 397.78"
"42,0 : 875.81"
"42,1 : 688.6"
"42,2 : 550.31"
"42,3 : 359.71"
"42,4 : 831.43"
"42,5 : 222.04"
"42,6 : 565.29"
"42,7 : 371.62"
"42,8 : 136.21"
"42,9 : 879.91"
"42,10 : 456.44"
"42,11 : 537.08"
"42,12 : 169.61"
"42,13 : 430.86"
"42,14 : 175.11"
"42,15 : 150.66"
"42,16 : 532.03"
"42,17 : 701.54"
"42,18 : 713.06"
"42,19 : 690.14"
"42,20 : 719.26"
"42,21 : 596.45"
"42,22 : 656.8"
"42,23 : 863.91"
"42,24 : 181.28"
"42,25 : 523.53"
"42,26 : 724.72"
"42,27 : 258.16"
"42,28 : 571.23"
"42,29 : 158.71"
"42,30 : 870.4"
"42,31 : 973.73"
"42,32 : 847.01"
"42,33 : 156.73"
"42,34 : 804.32"
"42,35 : 690.08"
"42,36 : 970.32"
"42,37 : 100.02"
"42,38 : 728.46"
"42,39 : 90.8"
"42,40 : 560.93"
"42,41 : 665.55"
"42,42 : 0.0"
"42,43 : 586.69"
"42,44 : 483.89"
"42,45 : 329.19"
"42,46 : 673.74"
"42,47 : 346.15"
"42,48 : 459.28"
"42,49 : 472.61"
"43,0 : 610.33"
"43,1 : 103.37"
"43,2 : 548.98"
"43,3 : 401.84"
"43,4 : 248.65"
"43,5 : 678.92"
"43,6 : 657.94"
"43,7 : 639.41"
"43,8 : 679.65"
"43,9 : 633.52"
"43,10 : 344.05"
"43,11 : 880.91"
"43,12 : 481.0"
"43,13 : 230.41"
"43,14 : 722.62"
"43,15 : 466.24"
"43,16 : 886.71"
"43,17 : 652.05"
"43,18 : 604.52"
"43,19 : 950.36"
"43,20 : 248.81"
"43,21 : 364.31"
"43,22 : 502.36"
"43,23 : 619.65"
"43,24 : 477.04"
"43,25 : 565.81"
"43,26 : 761.86"
"43,27 : 368.49"
"43,28 : 757.26"
"43,29 : 630.49"
"43,30 : 675.43"
"43,31 : 862.92"
"43,32 : 696.16"
"43,33 : 689.49"
"43,34 : 453.28"
"43,35 : 138.42"
"43,36 : 739.13"
"43,37 : 616.88"
"43,38 : 159.81"
"43,39 : 559.52"
"43,40 : 579.65"
"43,41 : 883.27"
"43,42 : 586.69"
"43,43 : 0.0"
"43,44 : 784.53"
"43,45 : 829.47"
"43,46 : 836.7"
"43,47 : 800.4"
"43,48 : 929.77"
"43,49 : 486.39"
"44,0 : 673.13"
"44,1 : 877.51"
"44,2 : 326.73"
"44,3 : 382.8"
"44,4 : 1014.13"
"44,5 : 697.8"
"44,6 : 233.21"
"44,7 : 149.88"
"44,8 : 592.04"
"44,9 : 660.09"
"44,10 : 455.87"
"44,11 : 99.02"
"44,12 : 621.0"
"44,13 : 554.13"
"44,14 : 372.79"
"44,15 : 585.25"
"44,16 : 108.56"
"44,17 : 401.98"
"44,18 : 457.25"
"44,19 : 207.35"
"44,20 : 756.61"
"44,21 : 532.08"
"44,22 : 477.55"
"44,23 : 648.37"
"44,24 : 388.01"
"44,25 : 286.84"
"44,26 : 341.69"
"44,27 : 648.1"
"44,28 : 140.94"
"44,29 : 326.05"
"44,30 : 612.58"
"44,31 : 621.77"
"44,32 : 562.75"
"44,33 : 360.05"
"44,34 : 702.2"
"44,35 : 921.8"
"44,36 : 709.23"
"44,37 : 385.49"
"44,38 : 943.32"
"44,39 : 570.95"
"44,40 : 306.86"
"44,41 : 186.51"
"44,42 : 483.89"
"44,43 : 784.53"
"44,44 : 0.0"
"44,45 : 278.93"
"44,46 : 218.52"
"44,47 : 208.37"
"44,48 : 255.36"
"44,49 : 330.41"
"45,0 : 900.18"
"45,1 : 931.98"
"45,2 : 535.56"
"45,3 : 467.04"
"45,4 : 1077.01"
"45,5 : 496.53"
"45,6 : 479.89"
"45,7 : 283.56"
"45,8 : 385.69"
"45,9 : 893.0"
"45,10 : 570.71"
"45,11 : 273.54"
"45,12 : 497.77"
"45,13 : 618.26"
"45,14 : 157.89"
"45,15 : 473.44"
"45,16 : 261.77"
"45,17 : 651.13"
"45,18 : 693.47"
"45,19 : 445.04"
"45,20 : 882.68"
"45,21 : 689.77"
"45,22 : 683.38"
"45,23 : 879.24"
"45,24 : 353.64"
"45,25 : 495.5"
"45,26 : 613.76"
"45,27 : 570.54"
"45,28 : 415.78"
"45,29 : 205.07"
"45,30 : 857.18"
"45,31 : 893.21"
"45,32 : 814.36"
"45,33 : 172.66"
"45,34 : 889.61"
"45,35 : 954.25"
"45,36 : 957.96"
"45,37 : 241.85"
"45,38 : 986.07"
"45,39 : 417.27"
"45,40 : 527.55"
"45,41 : 454.27"
"45,42 : 329.19"
"45,43 : 829.47"
"45,44 : 278.93"
"45,45 : 0.0"
"45,46 : 496.89"
"45,47 : 71.34"
"45,48 : 131.22"
"45,49 : 497.01"
"46,0 : 549.28"
"46,1 : 915.51"
"46,2 : 293.3"
"46,3 : 463.78"
"46,4 : 1037.53"
"46,5 : 894.2"
"46,6 : 178.94"
"46,7 : 302.95"
"46,8 : 793.36"
"46,9 : 528.75"
"46,10 : 493.03"
"46,11 : 252.0"
"46,12 : 788.58"
"46,13 : 616.42"
"46,14 : 585.1"
"46,15 : 750.18"
"46,16 : 267.8"
"46,17 : 273.7"
"46,18 : 343.35"
"46,19 : 155.08"
"46,20 : 741.46"
"46,21 : 511.61"
"46,22 : 407.43"
"46,23 : 520.92"
"46,24 : 541.37"
"46,25 : 271.13"
"46,26 : 163.25"
"46,27 : 791.17"
"46,28 : 103.32"
"46,29 : 522.82"
"46,30 : 466.67"
"46,31 : 425.98"
"46,32 : 408.71"
"46,33 : 568.26"
"46,34 : 626.96"
"46,35 : 974.23"
"46,36 : 550.97"
"46,37 : 580.82"
"46,38 : 986.56"
"46,39 : 754.55"
"46,40 : 262.69"
"46,41 : 77.67"
"46,42 : 673.74"
"46,43 : 836.7"
"46,44 : 218.52"
"46,45 : 496.89"
"46,46 : 0.0"
"46,47 : 426.75"
"46,48 : 453.94"
"46,49 : 350.89"
"47,0 : 834.77"
"47,1 : 901.62"
"47,2 : 470.7"
"47,3 : 422.29"
"47,4 : 1045.71"
"47,5 : 534.35"
"47,6 : 410.16"
"47,7 : 220.0"
"47,8 : 423.71"
"47,9 : 826.66"
"47,10 : 522.43"
"47,11 : 213.18"
"47,12 : 509.14"
"47,13 : 581.72"
"47,14 : 191.27"
"47,15 : 480.6"
"47,16 : 203.33"
"47,17 : 581.88"
"47,18 : 626.0"
"47,19 : 383.27"
"47,20 : 836.0"
"47,21 : 635.06"
"47,22 : 620.32"
"47,23 : 813.17"
"47,24 : 332.64"
"47,25 : 430.15"
"47,26 : 542.47"
"47,27 : 569.6"
"47,28 : 344.48"
"47,29 : 199.96"
"47,30 : 789.04"
"47,31 : 822.03"
"47,32 : 745.2"
"47,33 : 193.44"
"47,34 : 830.95"
"47,35 : 929.34"
"47,36 : 889.41"
"47,37 : 249.61"
"47,38 : 958.92"
"47,39 : 436.77"
"47,40 : 461.04"
"47,41 : 386.87"
"47,42 : 346.15"
"47,43 : 800.4"
"47,44 : 208.37"
"47,45 : 71.34"
"47,46 : 426.75"
"47,47 : 0.0"
"47,48 : 130.14"
"47,49 : 437.83"
"48,0 : 923.03"
"48,1 : 1030.61"
"48,2 : 565.22"
"48,3 : 546.3"
"48,4 : 1174.33"
"48,5 : 625.51"
"48,6 : 485.41"
"48,7 : 326.37"
"48,8 : 515.05"
"48,9 : 911.71"
