x,y
973,67
131,716
834,844
208,625
102,616
9,775
902,594
325,88
886,832
161,711
665,125
195,562
661,77
677,134
987,770
525,996
505,895
802,542
146,583
180,960
534,958
44,895
613,402
644,762
505,779
401,952
947,533
417,191
298,369
261,753
7,623
354,525
992,932
154,390
571,909
307,323
936,93
230,8
448,183
412,893
320,566
207,265
54,545
272,858
3,426
750,365
194,285
561,642
953,271
39,658

Distanze
"0,0 : 0.0"
"0,1 : 73.16"
"0,2 : 335.41"
"0,3 : 971.37"
"0,4 : 539.73"
"0,5 : 464.58"
"0,6 : 578.01"
"0,7 : 72.25"
"0,8 : 333.01"
"0,9 : 438.15"
"0,10 : 298.61"
"0,11 : 379.42"
"0,12 : 648.62"
"0,13 : 993.15"
"0,14 : 865.24"
"0,15 : 286.18"
"0,16 : 375.03"
"0,17 : 580.67"
"0,18 : 946.88"
"0,19 : 789.16"
"0,20 : 520.46"
"0,21 : 818.16"
"0,22 : 932.84"
"0,23 : 63.16"
"0,24 : 413.1"
"0,25 : 625.62"
"0,26 : 190.38"
"0,27 : 817.9"
"0,28 : 541.51"
"0,29 : 85.73"
"0,30 : 308.08"
"0,31 : 399.16"
"0,32 : 421.34"
"0,33 : 161.2"
"0,34 : 429.0"
"0,35 : 440.01"
"0,36 : 447.97"
"0,37 : 645.2"
"0,38 : 662.08"
"0,39 : 506.47"
"0,40 : 232.02"
"0,41 : 313.54"
"0,42 : 828.31"
"0,43 : 335.44"
"0,44 : 261.14"
"0,45 : 706.08"
"0,46 : 760.05"
"0,47 : 571.23"
"0,48 : 267.42"
"0,49 : 765.25"
"1,0 : 73.16"
"1,1 : 0.0"
"1,2 : 271.22"
"1,3 : 910.74"
"1,4 : 471.0"
"1,5 : 441.28"
"1,6 : 505.28"
"1,7 : 21.38"
"1,8 : 300.04"
"1,9 : 406.0"
"1,10 : 236.23"
"1,11 : 343.03"
"1,12 : 575.88"
"1,13 : 928.07"
"1,14 : 808.7"
"1,15 : 296.08"
"1,16 : 353.66"
"1,17 : 571.74"
"1,18 : 874.35"
"1,19 : 716.34"
"1,20 : 543.0"
"1,21 : 785.65"
"1,22 : 876.91"
"1,23 : 95.26"
"1,24 : 446.69"
"1,25 : 560.64"
"1,26 : 165.42"
"1,27 : 746.09"
"1,28 : 470.6"
"1,29 : 53.85"
"1,30 : 343.29"
"1,31 : 330.93"
"1,32 : 385.48"
"1,33 : 197.34"
"1,34 : 461.04"
"1,35 : 418.08"
"1,36 : 389.31"
"1,37 : 577.1"
"1,38 : 622.67"
"1,39 : 442.75"
"1,40 : 254.79"
"1,41 : 287.39"
"1,42 : 755.17"
"1,43 : 338.12"
"1,44 : 197.75"
"1,45 : 637.11"
"1,46 : 694.24"
"1,47 : 522.68"
"1,48 : 199.36"
"1,49 : 723.67"
"2,0 : 335.41"
"2,1 : 271.22"
"2,2 : 0.0"
"2,3 : 844.97"
"2,4 : 379.8"
"2,5 : 585.26"
"2,6 : 339.6"
"2,7 : 286.24"
"2,8 : 183.81"
"2,9 : 246.76"
"2,10 : 285.46"
"2,11 : 464.41"
"2,12 : 401.97"
"2,13 : 828.41"
"2,14 : 775.1"
"2,15 : 528.01"
"2,16 : 257.62"
"2,17 : 741.55"
"2,18 : 689.07"
"2,19 : 529.5"
"2,20 : 778.62"
"2,21 : 866.85"
"2,22 : 842.77"
"2,23 : 365.55"
"2,24 : 700.32"
"2,25 : 491.42"
"2,26 : 206.32"
"2,27 : 501.39"
"2,28 : 225.28"
"2,29 : 307.83"
"2,30 : 601.78"
"2,31 : 75.5"
"2,32 : 499.39"
"2,33 : 462.65"
"2,34 : 712.47"
"2,35 : 297.09"
"2,36 : 125.72"
"2,37 : 476.22"
"2,38 : 689.48"
"2,39 : 404.71"
"2,40 : 506.09"
"2,41 : 207.76"
"2,42 : 550.53"
"2,43 : 554.1"
"2,44 : 74.28"
"2,45 : 519.98"
"2,46 : 603.12"
"2,47 : 561.18"
"2,48 : 234.27"
"2,49 : 772.43"
"3,0 : 971.37"
"3,1 : 910.74"
"3,2 : 844.97"
"3,3 : 0.0"
"3,4 : 466.96"
"3,5 : 643.1"
"3,6 : 526.62"
"3,7 : 902.11"
"3,8 : 1028.26"
"3,9 : 1081.96"
"3,10 : 674.53"
"3,11 : 637.38"
"3,12 : 491.39"
"3,13 : 115.11"
"3,14 : 133.02"
"3,15 : 853.66"
"3,16 : 1102.58"
"3,17 : 710.82"
"3,18 : 425.53"
"3,19 : 455.34"
"3,20 : 943.83"
"3,21 : 464.63"
"3,22 : 104.62"
"3,23 : 937.06"
"3,24 : 987.96"
"3,25 : 358.73"
"3,26 : 996.65"
"3,27 : 676.39"
"3,28 : 712.1"
"3,29 : 886.12"
"3,30 : 967.47"
"3,31 : 790.82"
"3,32 : 608.14"
"3,33 : 945.39"
"3,34 : 983.0"
"3,35 : 1138.81"
"3,36 : 893.78"
"3,37 : 369.43"
"3,38 : 433.97"
"3,39 : 469.73"
"3,40 : 905.84"
"3,41 : 1048.85"
"3,42 : 506.56"
"3,43 : 815.01"
"3,44 : 864.05"
"3,45 : 336.2"
"3,46 : 244.01"
"3,47 : 433.24"
"3,48 : 715.41"
"3,49 : 366.77"
"4,0 : 539.73"
"4,1 : 471.0"
"4,2 : 379.8"
"4,3 : 466.96"
"4,4 : 0.0"
"4,5 : 417.43"
"4,6 : 131.11"
"4,7 : 467.52"
"4,8 : 562.12"
"4,9 : 621.94"
"4,10 : 249.09"
"4,11 : 326.15"
"4,12 : 171.54"
"4,13 : 463.52"
"4,14 : 397.02"
"4,15 : 526.42"
"4,16 : 636.84"
"4,17 : 567.28"
"4,18 : 431.45"
"4,19 : 292.49"
"4,20 : 719.57"
"4,21 : 557.48"
"4,22 : 463.91"
"4,23 : 521.14"
"4,24 : 703.41"
"4,25 : 112.04"
"4,26 : 533.56"
"4,27 : 435.74"
"4,28 : 297.57"
"4,29 : 460.06"
"4,30 : 641.1"
"4,31 : 332.35"
"4,32 : 328.87"
"4,33 : 563.63"
"4,34 : 706.66"
"4,35 : 676.05"
"4,36 : 444.42"
"4,37 : 106.68"
"4,38 : 389.33"
"4,39 : 85.49"
"4,40 : 553.27"
"4,41 : 582.0"
"4,42 : 351.75"
"4,43 : 513.18"
"4,44 : 397.42"
"4,45 : 166.36"
"4,46 : 230.27"
"4,47 : 260.56"
"4,48 : 272.31"
"4,49 : 441.96"
"5,0 : 464.58"
"5,1 : 441.28"
"5,2 : 585.26"
"5,3 : 643.1"
"5,4 : 417.43"
"5,5 : 0.0"
"5,6 : 540.39"
"5,7 : 422.0"
"5,8 : 708.61"
"5,9 : 806.71"
"5,10 : 301.4"
"5,11 : 121.41"
"5,12 : 588.96"
"5,13 : 710.21"
"5,14 : 512.96"
"5,15 : 232.0"
"5,16 : 775.55"
"5,17 : 160.8"
"5,18 : 819.01"
"5,19 : 701.91"
"5,20 : 317.47"
"5,21 : 359.02"
"5,22 : 568.96"
"5,23 : 406.36"
"5,24 : 344.89"
"5,25 : 413.04"
"5,26 : 597.48"
"5,27 : 849.85"
"5,28 : 651.77"
"5,29 : 391.37"
"5,30 : 333.79"
"5,31 : 592.49"
"5,32 : 94.37"
"5,33 : 360.59"
"5,34 : 340.41"
"5,35 : 835.92"
"5,36 : 703.69"
"5,37 : 471.35"
"5,38 : 230.96"
"5,39 : 332.63"
"5,40 : 296.82"
"5,41 : 707.44"
"5,42 : 765.07"
"5,43 : 182.32"
"5,44 : 543.81"
"5,45 : 529.66"
"5,46 : 521.7"
"5,47 : 219.58"
"5,48 : 350.99"
"5,49 : 334.0"
"6,0 : 578.01"
"6,1 : 505.28"
"6,2 : 339.6"
"6,3 : 526.62"
"6,4 : 131.11"
"6,5 : 540.39"
"6,6 : 0.0"
"6,7 : 507.31"
"6,8 : 521.16"
"6,9 : 561.02"
"6,10 : 320.63"
"6,11 : 439.34"
"6,12 : 70.6"
"6,13 : 494.49"
"6,14 : 484.59"
"6,15 : 621.16"
"6,16 : 592.19"
"6,17 : 694.06"
"6,18 : 369.33"
"6,19 : 211.25"
"6,20 : 832.12"
"6,21 : 684.01"
"6,22 : 546.5"
"6,23 : 573.25"
"6,24 : 803.28"
"6,25 : 214.09"
"6,26 : 526.85"
"6,27 : 309.48"
"6,28 : 188.81"
"6,29 : 508.1"
"6,30 : 730.84"
"6,31 : 274.09"
"6,32 : 448.65"
"6,33 : 634.09"
"6,34 : 808.52"
"6,35 : 620.75"
"6,36 : 368.41"
"6,37 : 167.59"
"6,38 : 519.0"
"6,39 : 214.4"
"6,40 : 637.41"
"6,41 : 547.12"
"6,42 : 255.89"
"6,43 : 616.2"
"6,44 : 380.52"
"6,45 : 190.69"
"6,46 : 283.57"
"6,47 : 391.48"
"6,48 : 322.44"
"6,49 : 565.38"
"7,0 : 72.25"
"7,1 : 21.38"
"7,2 : 286.24"
"7,3 : 902.11"
"7,4 : 467.52"
"7,5 : 422.0"
"7,6 : 507.31"
"7,7 : 0.0"
"7,8 : 321.13"
"7,9 : 427.03"
"7,10 : 228.02"
"7,11 : 325.87"
"7,12 : 577.88"
"7,13 : 921.93"
"7,14 : 798.18"
"7,15 : 274.75"
"7,16 : 375.03"
"7,17 : 551.05"
"7,18 : 875.74"
"7,19 : 718.55"
"7,20 : 522.02"
"7,21 : 768.21"
"7,22 : 866.16"
"7,23 : 79.4"
"7,24 : 426.76"
"7,25 : 554.35"
"7,26 : 186.78"
"7,27 : 754.52"
"7,28 : 480.42"
"7,29 : 32.57"
"7,30 : 323.79"
"7,31 : 343.4"
"7,32 : 368.31"
"7,33 : 178.84"
"7,34 : 440.92"
"7,35 : 439.45"
"7,36 : 406.07"
"7,37 : 573.09"
"7,38 : 606.61"
"7,39 : 435.61"
"7,40 : 234.23"
"7,41 : 308.73"
"7,42 : 758.94"
"7,43 : 316.76"
"7,44 : 213.59"
"7,45 : 633.86"
"7,46 : 688.54"
"7,47 : 509.06"
"7,48 : 195.21"
"7,49 : 708.23"
"8,0 : 333.01"
"8,1 : 300.04"
"8,2 : 183.81"
"8,3 : 1028.26"
"8,4 : 562.12"
"8,5 : 708.61"
"8,6 : 521.16"
"8,7 : 321.13"
"8,8 : 0.0"
"8,9 : 106.08"
"8,10 : 427.69"
"8,11 : 593.61"
"8,12 : 580.71"
"8,13 : 1012.01"
"8,14 : 955.22"
"8,15 : 595.35"
"8,16 : 75.29"
"8,17 : 854.48"
"8,18 : 858.83"
"8,19 : 701.75"
"8,20 : 843.01"
"8,21 : 1020.93"
"8,22 : 1023.35"
"8,23 : 386.87"
"8,24 : 743.49"
"8,25 : 673.13"
"8,26 : 142.86"
"8,27 : 638.37"
"8,28 : 381.38"
"8,29 : 352.51"
"8,30 : 638.85"
"8,31 : 247.95"
"8,32 : 633.26"
"8,33 : 491.09"
"8,34 : 758.62"
"8,35 : 127.94"
"8,36 : 195.56"
"8,37 : 659.88"
"8,38 : 845.82"
"8,39 : 580.18"
"8,40 : 554.2"
"8,41 : 35.34"
"8,42 : 715.12"
"8,43 : 634.45"
"8,44 : 176.69"
"8,45 : 703.64"
"8,46 : 786.83"
"8,47 : 723.3"
"8,48 : 372.77"
"8,49 : 935.51"
"9,0 : 438.15"
"9,1 : 406.0"
"9,2 : 246.76"
"9,3 : 1081.96"
"9,4 : 621.94"
"9,5 : 806.71"
"9,6 : 561.02"
"9,7 : 427.03"
"9,8 : 106.08"
"9,9 : 0.0"
"9,10 : 517.88"
"9,11 : 689.53"
"9,12 : 613.01"
"9,13 : 1055.5"
"9,14 : 1018.81"
"9,15 : 700.93"
"9,16 : 84.9"
"9,17 : 955.42"
"9,18 : 872.53"
"9,19 : 721.25"
"9,20 : 949.0"
"9,21 : 1108.6"
"9,22 : 1085.85"
"9,23 : 492.79"
"9,24 : 849.41"
"9,25 : 733.98"
"9,26 : 247.78"
"9,27 : 625.01"
"9,28 : 396.56"
"9,29 : 458.25"
"9,30 : 744.69"
"9,31 : 291.22"
"9,32 : 728.0"
"9,33 : 596.92"
"9,34 : 864.6"
"9,35 : 64.38"
"9,36 : 197.65"
"9,37 : 712.72"
"9,38 : 931.98"
"9,39 : 651.35"
"9,40 : 660.27"
"9,41 : 126.24"
"9,42 : 724.86"
"9,43 : 739.23"
"9,44 : 264.92"
"9,45 : 749.85"
"9,46 : 838.21"
"9,47 : 805.76"
"9,48 : 463.38"
"9,49 : 1017.65"
"10,0 : 298.61"
"10,1 : 236.23"
"10,2 : 285.46"
"10,3 : 674.53"
"10,4 : 249.09"
"10,5 : 301.4"
"10,6 : 320.63"
"10,7 : 228.02"
"10,8 : 427.69"
"10,9 : 517.88"
"10,10 : 0.0"
"10,11 : 180.01"
"10,12 : 387.55"
"10,13 : 694.66"
"10,14 : 573.81"
"10,15 : 305.5"
"10,16 : 500.1"
"10,17 : 460.18"
"10,18 : 675.05"
"10,19 : 525.47"
"10,20 : 536.35"
"10,21 : 593.27"
"10,22 : 642.33"
"10,23 : 273.34"
"10,24 : 489.45"
"10,25 : 327.3"
"10,26 : 345.33"
"10,27 : 611.65"
"10,28 : 371.34"
"10,29 : 215.08"
"10,30 : 411.27"
"10,31 : 292.04"
"10,32 : 213.93"
"10,33 : 316.89"
"10,34 : 496.6"
"10,35 : 555.23"
"10,36 : 402.3"
"10,37 : 351.16"
"10,38 : 418.88"
"10,39 : 207.87"
"10,40 : 316.89"
"10,41 : 434.06"
"10,42 : 575.78"
"10,43 : 310.23"
"10,44 : 253.24"
"10,45 : 413.96"
"10,46 : 462.09"
"10,47 : 301.71"
"10,48 : 54.92"
"10,49 : 512.02"
"11,0 : 379.42"
"11,1 : 343.03"
"11,2 : 464.41"
"11,3 : 637.38"
"11,4 : 326.15"
"11,5 : 121.41"
"11,6 : 439.34"
"11,7 : 325.87"
"11,8 : 593.61"
"11,9 : 689.53"
"11,10 : 180.01"
"11,11 : 0.0"
"11,12 : 494.6"
"11,13 : 686.61"
"11,14 : 515.93"
"11,15 : 220.49"
"11,16 : 662.53"
"11,17 : 281.06"
"11,18 : 748.41"
"11,19 : 618.04"
"11,20 : 393.88"
"11,21 : 442.65"
"11,22 : 579.44"
"11,23 : 328.31"
"11,24 : 383.19"
"11,25 : 349.41"
"11,26 : 490.1"
"11,27 : 747.46"
"11,28 : 535.52"
"11,29 : 298.3"
"11,30 : 337.54"
"11,31 : 471.21"
"11,32 : 42.45"
"11,33 : 311.87"
"11,34 : 384.47"
"11,35 : 721.44"
"11,36 : 582.31"
"11,37 : 399.15"
"11,38 : 282.7"
"11,39 : 246.87"
"11,40 : 268.54"
"11,41 : 594.73"
"11,42 : 677.89"
"11,43 : 193.3"
"11,44 : 425.35"
"11,45 : 461.87"
"11,46 : 474.5"
"11,47 : 207.17"
"11,48 : 230.27"
"11,49 : 386.38"
"12,0 : 648.62"
"12,1 : 575.88"
"12,2 : 401.97"
"12,3 : 491.39"
"12,4 : 171.54"
"12,5 : 588.96"
"12,6 : 70.6"
"12,7 : 577.88"
"12,8 : 580.71"
"12,9 : 613.01"
"12,10 : 387.55"
"12,11 : 494.6"
"12,12 : 0.0"
"12,13 : 446.65"
"12,14 : 466.45"
"12,15 : 684.53"
"12,16 : 649.9"
"12,17 : 738.12"
"12,18 : 298.88"
"12,19 : 140.73"
"12,20 : 888.47"
"12,21 : 699.03"
"12,22 : 523.76"
"12,23 : 643.45"
"12,24 : 865.33"
"12,25 : 222.0"
"12,26 : 594.1"
"12,27 : 267.78"
"12,28 : 223.81"
"12,29 : 578.42"
"12,30 : 795.86"
"12,31 : 332.78"
"12,32 : 499.78"
"12,33 : 702.64"
"12,34 : 869.83"
"12,35 : 674.4"
"12,36 : 416.85"
"12,37 : 162.36"
"12,38 : 542.41"
"12,39 : 256.77"
"12,40 : 703.56"
"12,41 : 608.17"
"12,42 : 188.44"
"12,43 : 676.7"
"12,44 : 447.25"
"12,45 : 160.02"
"12,46 : 255.57"
"12,47 : 421.53"
"12,48 : 392.04"
"12,49 : 576.73"
"13,0 : 993.15"
"13,1 : 928.07"
"13,2 : 828.41"
"13,3 : 115.11"
"13,4 : 463.52"
"13,5 : 710.21"
"13,6 : 494.49"
"13,7 : 921.93"
"13,8 : 1012.01"
"13,9 : 1055.5"
"13,10 : 694.66"
"13,11 : 686.61"
"13,12 : 446.65"
"13,13 : 0.0"
"13,14 : 226.99"
"13,15 : 906.7"
"13,16 : 1084.59"
"13,17 : 795.07"
"13,18 : 323.35"
"13,19 : 381.44"
"13,20 : 1020.32"
"13,21 : 570.83"
"13,22 : 217.35"
"13,23 : 965.23"
"13,24 : 1053.36"
"13,25 : 367.58"
"13,26 : 996.44"
"13,27 : 595.0"
"13,28 : 670.4"
"13,29 : 909.6"
"13,30 : 1022.96"
"13,31 : 767.43"
"13,32 : 662.61"
"13,33 : 985.42"
"13,34 : 1050.05"
"13,35 : 1115.14"
"13,36 : 861.63"
"13,37 : 357.84"
"13,38 : 518.41"
"13,39 : 486.86"
"13,40 : 953.56"
"13,41 : 1035.65"
"13,42 : 423.47"
"13,43 : 872.96"
"13,44 : 856.98"
"13,45 : 308.46"
"13,46 : 234.27"
"13,47 : 492.37"
"13,48 : 729.09"
"13,49 : 464.72"
"14,0 : 865.24"
"14,1 : 808.7"
"14,2 : 775.1"
"14,3 : 133.02"
"14,4 : 397.02"
"14,5 : 512.96"
"14,6 : 484.59"
"14,7 : 798.18"
"14,8 : 955.22"
"14,9 : 1018.81"
"14,10 : 573.81"
"14,11 : 515.93"
"14,12 : 466.45"
"14,13 : 226.99"
"14,14 : 0.0"
"14,15 : 728.46"
"14,16 : 1030.4"
"14,17 : 577.88"
"14,18 : 484.69"
"14,19 : 469.86"
"14,20 : 811.05"
"14,21 : 345.49"
"14,22 : 68.88"
"14,23 : 826.51"
"14,24 : 857.43"
"14,25 : 285.07"
"14,26 : 908.65"
"14,27 : 691.12"
"14,28 : 673.33"
"14,29 : 779.52"
"14,30 : 840.67"
"14,31 : 729.28"
"14,32 : 484.0"
"14,33 : 826.88"
"14,34 : 852.0"
"14,35 : 1072.08"
"14,36 : 839.66"
"14,37 : 317.25"
"14,38 : 300.96"
"14,39 : 378.7"
"14,40 : 783.13"
"14,41 : 972.53"
"14,42 : 530.75"
"14,43 : 687.71"
"14,44 : 784.35"
"14,45 : 307.04"
"14,46 : 213.51"
"14,47 : 309.13"
"14,48 : 619.38"
"14,49 : 238.01"
"15,0 : 286.18"
"15,1 : 296.08"
"15,2 : 528.01"
"15,3 : 853.66"
"15,4 : 526.42"
"15,5 : 232.0"
"15,6 : 621.16"
"15,7 : 274.75"
"15,8 : 595.35"
"15,9 : 700.93"
"15,10 : 305.5"
"15,11 : 220.49"
"15,12 : 684.53"
"15,13 : 906.7"
"15,14 : 728.46"
"15,15 : 0.0"
"15,16 : 649.44"
"15,17 : 305.0"
"15,18 : 956.87"
"15,19 : 817.2"
"15,20 : 251.45"
"15,21 : 585.45"
"15,22 : 789.02"
"15,23 : 223.08"
"15,24 : 184.01"
"15,25 : 566.33"
"15,26 : 460.82"
"15,27 : 917.13"
"15,28 : 670.23"
"15,29 : 242.91"
"15,30 : 117.39"
"15,31 : 564.26"
"15,32 : 245.6"
"15,33 : 142.34"
"15,34 : 191.97"
"15,35 : 714.04"
"15,36 : 653.68"
"15,37 : 611.44"
"15,38 : 461.67"
"15,39 : 455.95"
"15,40 : 68.01"
"15,41 : 583.46"
"15,42 : 872.46"
"15,43 : 55.44"
"15,44 : 464.93"
"15,45 : 675.31"
"15,46 : 694.16"
"15,47 : 420.46"
"15,48 : 326.22"
"15,49 : 565.62"
"16,0 : 375.03"
"16,1 : 353.66"
"16,2 : 257.62"
"16,3 : 1102.58"
"16,4 : 636.84"
"16,5 : 775.55"
"16,6 : 592.19"
"16,7 : 375.03"
"16,8 : 75.29"
"16,9 : 84.9"
"16,10 : 500.1"
"16,11 : 662.53"
"16,12 : 649.9"
"16,13 : 1084.59"
"16,14 : 1030.4"
"16,15 : 649.44"
"16,16 : 0.0"
"16,17 : 918.14"
"16,18 : 922.53"
"16,19 : 767.21"
"16,20 : 893.22"
"16,21 : 1093.27"
"16,22 : 1098.49"
"16,23 : 433.46"
"16,24 : 788.12"
"16,25 : 748.04"
"16,26 : 188.66"
"16,27 : 689.7"
"16,28 : 443.79"
"16,29 : 407.34"
"16,30 : 683.11"
"16,31 : 318.13"
"16,32 : 702.82"
"16,33 : 536.01"
"16,34 : 804.02"
"16,35 : 65.03"
"16,36 : 249.07"
"16,37 : 733.81"
"16,38 : 918.8"
"16,39 : 655.46"
"16,40 : 603.53"
"16,41 : 68.15"
"16,42 : 777.0"
"16,43 : 691.53"
"16,44 : 251.14"
"16,45 : 776.46"
"16,46 : 860.66"
"16,47 : 797.33"
"16,48 : 445.25"
"16,49 : 1009.45"
"17,0 : 580.67"
"17,1 : 571.74"
"17,2 : 741.55"
"17,3 : 710.82"
"17,4 : 567.28"
"17,5 : 160.8"
"17,6 : 694.06"
"17,7 : 551.05"
"17,8 : 854.48"
"17,9 : 955.42"
"17,10 : 460.18"
"17,11 : 281.06"
"17,12 : 738.12"
"17,13 : 795.07"
"17,14 : 577.88"
"17,15 : 305.0"
"17,16 : 918.14"
"17,17 : 0.0"
"17,18 : 947.09"
"17,19 : 842.38"
"17,20 : 243.29"
"17,21 : 321.5"
"17,22 : 621.49"
"17,23 : 518.38"
"17,24 : 328.4"
"17,25 : 545.45"
"17,26 : 734.47"
"17,27 : 1002.62"
"17,28 : 812.13"
"17,29 : 518.79"
"17,30 : 366.03"
"17,31 : 752.04"
"17,32 : 254.7"
"17,33 : 447.33"
"17,34 : 316.14"
"17,35 : 980.31"
"17,36 : 861.82"
"17,37 : 607.68"
"17,38 : 277.35"
"17,39 : 481.79"
"17,40 : 371.94"
"17,41 : 850.09"
"17,42 : 907.4"
"17,43 : 250.23"
"17,44 : 695.83"
"17,45 : 661.0"
"17,46 : 636.4"
"17,47 : 334.7"
"17,48 : 507.82"
"17,49 : 355.12"
"18,0 : 946.88"
"18,1 : 874.35"
"18,2 : 689.07"
"18,3 : 425.53"
"18,4 : 431.45"
"18,5 : 819.01"
"18,6 : 369.33"
"18,7 : 875.74"
"18,8 : 858.83"
"18,9 : 872.53"
"18,10 : 675.05"
"18,11 : 748.41"
"18,12 : 298.88"
"18,13 : 323.35"
"18,14 : 484.69"
"18,15 : 956.87"
"18,16 : 922.53"
"18,17 : 947.09"
"18,18 : 0.0"
"18,19 : 160.53"
"18,20 : 1134.15"
"18,21 : 810.51"
"18,22 : 509.61"
"18,23 : 939.2"
"18,24 : 1130.79"
"18,25 : 405.97"
"18,26 : 888.3"
"18,27 : 301.04"
"18,28 : 478.75"
"18,29 : 874.84"
"18,30 : 1072.25"
"18,31 : 615.51"
"18,32 : 741.97"
"18,33 : 991.91"
"18,34 : 1132.75"
"18,35 : 936.49"
"18,36 : 676.21"
"18,37 : 349.83"
"18,38 : 698.18"
"18,39 : 502.36"
"18,40 : 984.65"
"18,41 : 889.25"
"18,42 : 149.0"
"18,43 : 940.15"
"18,44 : 741.31"
"18,45 : 289.4"
"18,46 : 318.03"
"18,47 : 612.41"
"18,48 : 686.54"
"18,49 : 687.69"
"19,0 : 789.16"
"19,1 : 716.34"
"19,2 : 529.5"
"19,3 : 455.34"
"19,4 : 292.49"
"19,5 : 701.91"
"19,6 : 211.25"
"19,7 : 718.55"
"19,8 : 701.75"
"19,9 : 721.25"
"19,10 : 525.47"
"19,11 : 618.04"
"19,12 : 140.73"
"19,13 : 381.44"
"19,14 : 469.86"
"19,15 : 817.2"
"19,16 : 767.21"
"19,17 : 842.38"
"19,18 : 160.53"
"19,19 : 0.0"
"19,20 : 1010.37"
"19,21 : 755.75"
"19,22 : 514.04"
"19,23 : 784.08"
"19,24 : 995.62"
"19,25 : 299.19"
"19,26 : 727.84"
"19,27 : 222.7"
"19,28 : 324.87"
"19,29 : 719.12"
"19,30 : 930.41"
"19,31 : 456.58"
"19,32 : 617.69"
"19,33 : 841.7"
"19,34 : 999.08"
"19,35 : 784.6"
"19,36 : 523.76"
"19,37 : 235.36"
"19,38 : 617.95"
"19,39 : 372.21"
"19,40 : 839.75"
"19,41 : 731.43"
"19,42 : 67.05"
"19,43 : 805.57"
"19,44 : 580.83"
"19,45 : 191.21"
"19,46 : 263.01"
"19,47 : 512.1"
"19,48 : 532.32"
"19,49 : 630.63"
"20,0 : 520.46"
"20,1 : 543.0"
"20,2 : 778.62"
"20,3 : 943.83"
"20,4 : 719.57"
"20,5 : 317.47"
"20,6 : 832.12"
"20,7 : 522.02"
"20,8 : 843.01"
"20,9 : 949.0"
"20,10 : 536.35"
"20,11 : 393.88"
"20,12 : 888.47"
"20,13 : 1020.32"
"20,14 : 811.05"
"20,15 : 251.45"
"20,16 : 893.22"
"20,17 : 243.29"
"20,18 : 1134.15"
"20,19 : 1010.37"
"20,20 : 0.0"
"20,21 : 562.03"
"20,22 : 859.08"
"20,23 : 460.01"
"20,24 : 128.6"
"20,25 : 728.68"
"20,26 : 705.02"
"20,27 : 1138.28"
"20,28 : 907.55"
"20,29 : 491.2"
"20,30 : 221.11"
"20,31 : 811.47"
"20,32 : 393.15"
"20,33 : 360.03"
"20,34 : 110.42"
"20,35 : 958.21"
"20,36 : 904.33"
"20,37 : 784.83"
"20,38 : 511.07"
"20,39 : 638.16"
"20,40 : 289.69"
"20,41 : 828.83"
"20,42 : 1071.21"
"20,43 : 227.77"
"20,44 : 716.34"
"20,45 : 844.86"
"20,46 : 839.08"
"20,47 : 535.51"
"20,48 : 567.06"
"20,49 : 596.59"
"21,0 : 818.16"
"21,1 : 785.65"
"21,2 : 866.85"
"21,3 : 464.63"
"21,4 : 557.48"
"21,5 : 359.02"
"21,6 : 684.01"
"21,7 : 768.21"
"21,8 : 1020.93"
"21,9 : 1108.6"
"21,10 : 593.27"
"21,11 : 442.65"
"21,12 : 699.03"
"21,13 : 570.83"
"21,14 : 345.49"
"21,15 : 585.45"
"21,16 : 1093.27"
"21,17 : 321.5"
"21,18 : 810.51"
"21,19 : 755.75"
"21,20 : 562.03"
"21,21 : 0.0"
"21,22 : 361.45"
"21,23 : 762.44"
"21,24 : 648.23"
"21,25 : 477.04"
"21,26 : 929.57"
"21,27 : 960.0"
"21,28 : 852.54"
"21,29 : 739.81"
"21,30 : 671.99"
"21,31 : 848.92"
"21,32 : 400.22"
"21,33 : 719.17"
"21,34 : 636.83"
"21,35 : 1148.29"
"21,36 : 967.09"
"21,37 : 538.21"
"21,38 : 177.61"
"21,39 : 488.53"
"21,40 : 652.49"
"21,41 : 1026.82"
"21,42 : 822.25"
"21,43 : 531.65"
"21,44 : 845.58"
"21,45 : 565.99"
"21,46 : 498.96"
"21,47 : 309.46"
"21,48 : 648.18"
"21,49 : 125.13"
"22,0 : 932.84"
"22,1 : 876.91"
"22,2 : 842.77"
"22,3 : 104.62"
"22,4 : 463.91"
"22,5 : 568.96"
"22,6 : 546.5"
"22,7 : 866.16"
"22,8 : 1023.35"
"22,9 : 1085.85"
"22,10 : 642.33"
"22,11 : 579.44"
"22,12 : 523.76"
"22,13 : 217.35"
"22,14 : 68.88"
"22,15 : 789.02"
"22,16 : 1098.49"
"22,17 : 621.49"
"22,18 : 509.61"
"22,19 : 514.04"
"22,20 : 859.08"
"22,21 : 361.45"
"22,22 : 0.0"
"22,23 : 893.26"
"22,24 : 911.81"
"22,25 : 351.86"
"22,26 : 977.53"
"22,27 : 736.67"
"22,28 : 735.25"
"22,29 : 847.12"
"22,30 : 899.68"
"22,31 : 795.77"
"22,32 : 546.06"
"22,33 : 891.07"
"22,34 : 905.54"
"22,35 : 1139.6"
"22,36 : 905.1"
"22,37 : 380.17"
"22,38 : 348.3"
"22,39 : 447.52"
"22,40 : 845.25"
"22,41 : 1040.94"
"22,42 : 571.69"
"22,43 : 746.56"
"22,44 : 852.91"
"22,45 : 363.75"
"22,46 : 268.29"
"22,47 : 372.26"
"22,48 : 688.16"
"22,49 : 270.18"
"23,0 : 63.16"
"23,1 : 95.26"
"23,2 : 365.55"
"23,3 : 937.06"
"23,4 : 521.14"
"23,5 : 406.36"
"23,6 : 573.25"
"23,7 : 79.4"
"23,8 : 386.87"
"23,9 : 492.79"
"23,10 : 273.34"
"23,11 : 328.31"
"23,12 : 643.45"
"23,13 : 965.23"
"23,14 : 826.51"
"23,15 : 223.08"
"23,16 : 433.46"
"23,17 : 518.38"
"23,18 : 939.2"
"23,19 : 784.08"
"23,20 : 460.01"
"23,21 : 762.44"
"23,22 : 893.26"
"23,23 : 0.0"
"23,24 : 356.62"
"23,25 : 599.14"
"23,26 : 246.05"
"23,27 : 830.02"
"23,28 : 557.66"
"23,29 : 65.86"
"23,30 : 252.04"
"23,31 : 422.48"
"23,32 : 369.38"
"23,33 : 104.39"
"23,34 : 371.84"
"23,35 : 498.49"
"23,36 : 484.53"
"23,37 : 624.4"
"23,38 : 610.5"
"23,39 : 479.07"
"23,40 : 170.56"
"23,41 : 370.05"
"23,42 : 827.36"
"23,43 : 272.35"
"23,44 : 292.58"
"23,45 : 686.88"
"23,46 : 734.22"
"23,47 : 526.58"
"23,48 : 252.77"
"23,49 : 714.61"
"24,0 : 413.1"
"24,1 : 446.69"
"24,2 : 700.32"
"24,3 : 987.96"
"24,4 : 703.41"
"24,5 : 344.89"
"24,6 : 803.28"
"24,7 : 426.76"
"24,8 : 743.49"
"24,9 : 849.41"
"24,10 : 489.45"
"24,11 : 383.19"
"24,12 : 865.33"
"24,13 : 1053.36"
"24,14 : 857.43"
"24,15 : 184.01"
"24,16 : 788.12"
"24,17 : 328.4"
"24,18 : 1130.79"
"24,19 : 995.62"
"24,20 : 128.6"
"24,21 : 648.23"
"24,22 : 911.81"
"24,23 : 356.62"
"24,24 : 0.0"
"24,25 : 732.2"
"24,26 : 602.26"
"24,27 : 1101.0"
"24,28 : 853.19"
"24,29 : 398.53"
"24,30 : 105.02"
"24,31 : 742.29"
"24,32 : 396.25"
"24,33 : 252.57"
"24,34 : 18.36"
"24,35 : 853.08"
"24,36 : 825.04"
"24,37 : 782.15"
"24,38 : 566.39"
"24,39 : 628.44"
"24,40 : 194.54"
"24,41 : 726.1"
"24,42 : 1052.52"
"24,43 : 190.65"
"24,44 : 632.95"
"24,45 : 845.04"
"24,46 : 853.79"
"24,47 : 561.0"
"24,48 : 509.27"
"24,49 : 662.15"
"25,0 : 625.62"
"25,1 : 560.64"
"25,2 : 491.42"
"25,3 : 358.73"
"25,4 : 112.04"
"25,5 : 413.04"
"25,6 : 214.09"
"25,7 : 554.35"
"25,8 : 673.13"
"25,9 : 733.98"
"25,10 : 327.3"
"25,11 : 349.41"
"25,12 : 222.0"
"25,13 : 367.58"
"25,14 : 285.07"
"25,15 : 566.33"
"25,16 : 748.04"
"25,17 : 545.45"
"25,18 : 405.97"
"25,19 : 299.19"
"25,20 : 728.68"
"25,21 : 477.04"
"25,22 : 351.86"
"25,23 : 599.14"
"25,24 : 732.2"
"25,25 : 0.0"
"25,26 : 638.06"
"25,27 : 485.78"
"25,28 : 398.03"
"25,29 : 542.37"
"25,30 : 683.62"
"25,31 : 444.21"
"25,32 : 338.18"
"25,33 : 626.83"
"25,34 : 732.69"
"25,35 : 787.95"
"25,36 : 555.24"
"25,37 : 64.51"
"25,38 : 323.45"
"25,39 : 120.1"
"25,40 : 604.07"
"25,41 : 692.17"
"25,42 : 365.56"
"25,43 : 542.71"
"25,44 : 505.94"
"25,45 : 116.69"
"25,46 : 135.09"
"25,47 : 213.01"
"25,48 : 362.01"
"25,49 : 355.19"
"26,0 : 190.38"
"26,1 : 165.42"
"26,2 : 206.32"
"26,3 : 996.65"
"26,4 : 533.56"
"26,5 : 597.48"
"26,6 : 526.85"
"26,7 : 186.78"
"26,8 : 142.86"
"26,9 : 247.78"
"26,10 : 345.33"
"26,11 : 490.1"
"26,12 : 594.1"
"26,13 : 996.44"
"26,14 : 908.65"
"26,15 : 460.82"
"26,16 : 188.66"
"26,17 : 734.47"
"26,18 : 888.3"
"26,19 : 727.84"
"26,20 : 705.02"
"26,21 : 929.57"
"26,22 : 977.53"
"26,23 : 246.05"
"26,24 : 602.26"
"26,25 : 638.06"
"26,26 : 0.0"
"26,27 : 706.93"
"26,28 : 431.6"
"26,29 : 219.26"
"26,30 : 497.38"
"26,31 : 281.63"
"26,32 : 531.81"
"26,33 : 349.69"
"26,34 : 617.73"
"26,35 : 253.44"
"26,36 : 287.99"
"26,37 : 638.6"
"26,38 : 759.62"
"26,39 : 530.4"
"26,40 : 415.39"
"26,41 : 124.0"
"26,42 : 753.53"
"26,43 : 503.54"
"26,44 : 147.05"
"26,45 : 691.25"
"26,46 : 763.82"
"26,47 : 646.89"
"26,48 : 293.42"
"26,49 : 855.98"
"27,0 : 817.9"
"27,1 : 746.09"
"27,2 : 501.39"
"27,3 : 676.39"
"27,4 : 435.74"
"27,5 : 849.85"
"27,6 : 309.48"
"27,7 : 754.52"
"27,8 : 638.37"
"27,9 : 625.01"
"27,10 : 611.65"
"27,11 : 747.46"
"27,12 : 267.78"
"27,13 : 595.0"
"27,14 : 691.12"
"27,15 : 917.13"
"27,16 : 689.7"
"27,17 : 1002.62"
"27,18 : 301.04"
"27,19 : 222.7"
"27,20 : 1138.28"
"27,21 : 960.0"
"27,22 : 736.67"
"27,23 : 830.02"
"27,24 : 1101.0"
"27,25 : 485.78"
"27,26 : 706.93"
"27,27 : 0.0"
"27,28 : 278.17"
"27,29 : 764.61"
"27,30 : 1020.85"
"27,31 : 427.46"
"27,32 : 758.06"
"27,33 : 907.89"
"27,34 : 1107.74"
"27,35 : 689.01"
"27,36 : 443.09"
"27,37 : 422.62"
"27,38 : 808.69"
"27,39 : 521.1"
"27,40 : 924.29"
"27,41 : 672.53"
"27,42 : 171.54"
"27,43 : 918.02"
"27,44 : 569.88"
"27,45 : 397.21"
"27,46 : 480.69"
"27,47 : 689.29"
"27,48 : 598.22"
"27,49 : 835.91"
"28,0 : 541.51"
"28,1 : 470.6"
"28,2 : 225.28"
"28,3 : 712.1"
"28,4 : 297.57"
"28,5 : 651.77"
"28,6 : 188.81"
"28,7 : 480.42"
"28,8 : 381.38"
"28,9 : 396.56"
"28,10 : 371.34"
"28,11 : 535.52"
"28,12 : 223.81"
"28,13 : 670.4"
"28,14 : 673.33"
"28,15 : 670.23"
"28,16 : 443.79"
"28,17 : 812.13"
"28,18 : 478.75"
"28,19 : 324.87"
"28,20 : 907.55"
"28,21 : 852.54"
"28,22 : 735.25"
"28,23 : 557.66"
"28,24 : 853.19"
"28,25 : 398.03"
"28,26 : 431.6"
"28,27 : 278.17"
"28,28 : 0.0"
"28,29 : 493.22"
"28,30 : 765.07"
"28,31 : 150.22"
"28,32 : 557.5"
"28,33 : 641.82"
"28,34 : 862.12"
"28,35 : 459.76"
"28,36 : 198.95"
"28,37 : 356.14"
"28,38 : 680.12"
"28,39 : 364.97"
"28,40 : 667.22"
"28,41 : 413.0"
"28,42 : 333.79"
"28,43 : 680.7"
"28,44 : 291.91"
"28,45 : 376.25"
"28,46 : 470.88"
"28,47 : 547.58"
"28,48 : 344.03"
"28,49 : 739.16"
"29,0 : 85.73"
"29,1 : 53.85"
"29,2 : 307.83"
"29,3 : 886.12"
"29,4 : 460.06"
"29,5 : 391.37"
"29,6 : 508.1"
"29,7 : 32.57"
"29,8 : 352.51"
"29,9 : 458.25"
"29,10 : 215.08"
"29,11 : 298.3"
"29,12 : 578.42"
"29,13 : 909.6"
"29,14 : 779.52"
"29,15 : 242.91"
"29,16 : 407.34"
"29,17 : 518.79"
"29,18 : 874.84"
"29,19 : 719.12"
"29,20 : 491.2"
"29,21 : 739.81"
"29,22 : 847.12"
"29,23 : 65.86"
"29,24 : 398.53"
"29,25 : 542.37"
"29,26 : 219.26"
"29,27 : 764.61"
"29,28 : 493.22"
"29,29 : 0.0"
"29,30 : 296.66"
"29,31 : 360.83"
"29,32 : 340.62"
"29,33 : 154.83"
"29,34 : 412.24"
"29,35 : 471.66"
"29,36 : 429.91"
"29,37 : 564.49"
"29,38 : 580.19"
"29,39 : 422.74"
"29,40 : 204.84"
"29,41 : 340.84"
"29,42 : 761.82"
"29,43 : 284.3"
"29,44 : 236.88"
"29,45 : 626.28"
"29,46 : 677.17"
"29,47 : 486.26"
"29,48 : 189.27"
"29,49 : 682.58"
"30,0 : 308.08"
"30,1 : 343.29"
"30,2 : 601.78"
"30,3 : 967.47"
"30,4 : 641.1"
"30,5 : 333.79"
"30,6 : 730.84"
"30,7 : 323.79"
"30,8 : 638.85"
"30,9 : 744.69"
"30,10 : 411.27"
"30,11 : 337.54"
"30,12 : 795.86"
"30,13 : 1022.96"
"30,14 : 840.67"
"30,15 : 117.39"
"30,16 : 683.11"
"30,17 : 366.03"
"30,18 : 1072.25"
"30,19 : 930.41"
"30,20 : 221.11"
"30,21 : 671.99"
"30,22 : 899.68"
"30,23 : 252.04"
"30,24 : 105.02"
"30,25 : 683.62"
"30,26 : 497.38"
"30,27 : 1020.85"
"30,28 : 765.07"
"30,29 : 296.66"
"30,30 : 0.0"
"30,31 : 647.49"
"30,32 : 360.66"
"30,33 : 147.76"
"30,34 : 121.2"
"30,35 : 748.07"
"30,36 : 725.57"
"30,37 : 728.07"
"30,38 : 564.49"
"30,39 : 572.44"
"30,40 : 97.91"
"30,41 : 621.16"
"30,42 : 984.22"
"30,43 : 153.12"
"30,44 : 532.78"
"30,45 : 792.06"
"30,46 : 811.53"
"30,47 : 534.43"
"30,48 : 423.56"
"30,49 : 666.24"
"31,0 : 399.16"
"31,1 : 330.93"
"31,2 : 75.5"
"31,3 : 790.82"
"31,4 : 332.35"
"31,5 : 592.49"
"31,6 : 274.09"
"31,7 : 343.4"
"31,8 : 247.95"
"31,9 : 291.22"
"31,10 : 292.04"
"31,11 : 471.21"
"31,12 : 332.78"
"31,13 : 767.43"
"31,14 : 729.28"
"31,15 : 564.26"
"31,16 : 318.13"
"31,17 : 752.04"
"31,18 : 615.51"
"31,19 : 456.58"
"31,20 : 811.47"
"31,21 : 848.92"
"31,22 : 795.77"
"31,23 : 422.48"
"31,24 : 742.29"
"31,25 : 444.21"
"31,26 : 281.63"
"31,27 : 427.46"
"31,28 : 150.22"
"31,29 : 360.83"
"31,30 : 647.49"
"31,31 : 0.0"
"31,32 : 502.02"
"31,33 : 514.32"
"31,34 : 753.2"
"31,35 : 348.49"
"31,36 : 118.19"
"31,37 : 421.51"
"31,38 : 671.49"
"31,39 : 370.84"
"31,40 : 550.15"
"31,41 : 275.76"
"31,42 : 475.71"
"31,43 : 584.21"
"31,44 : 142.78"
"31,45 : 460.1"
"31,46 : 547.22"
"31,47 : 539.86"
"31,48 : 248.48"
"31,49 : 747.53"
"32,0 : 421.34"
"32,1 : 385.48"
"32,2 : 499.39"
"32,3 : 608.14"
"32,4 : 328.87"
"32,5 : 94.37"
"32,6 : 448.65"
"32,7 : 368.31"
"32,8 : 633.26"
"32,9 : 728.0"
"32,10 : 213.93"
"32,11 : 42.45"
"32,12 : 499.78"
"32,13 : 662.61"
"32,14 : 484.0"
"32,15 : 245.6"
"32,16 : 702.82"
"32,17 : 254.7"
"32,18 : 741.97"
"32,19 : 617.69"
"32,20 : 393.15"
"32,21 : 400.22"
"32,22 : 546.06"
"32,23 : 369.38"
"32,24 : 396.25"
"32,25 : 338.18"
"32,26 : 531.81"
"32,27 : 758.06"
"32,28 : 557.5"
"32,29 : 340.62"
"32,30 : 360.66"
"32,31 : 502.02"
"32,32 : 0.0"
"32,33 : 347.86"
"32,34 : 395.61"
"32,35 : 761.17"
"32,36 : 615.07"
"32,37 : 392.21"
"32,38 : 241.14"
"32,39 : 245.7"
"32,40 : 299.24"
"32,41 : 635.18"
"32,42 : 679.39"
"32,43 : 210.64"
"32,44 : 463.32"
"32,45 : 453.26"
"32,46 : 457.54"
"32,47 : 175.14"
"32,48 : 266.3"
"32,49 : 345.31"
"33,0 : 161.2"
"33,1 : 197.34"
"33,2 : 462.65"
"33,3 : 945.39"
"33,4 : 563.63"
"33,5 : 360.59"
"33,6 : 634.09"
"33,7 : 178.84"
"33,8 : 491.09"
"33,9 : 596.92"
"33,10 : 316.89"
"33,11 : 311.87"
"33,12 : 702.64"
"33,13 : 985.42"
"33,14 : 826.88"
"33,15 : 142.34"
"33,16 : 536.01"
"33,17 : 447.33"
"33,18 : 991.91"
"33,19 : 841.7"
"33,20 : 360.03"
"33,21 : 719.17"
"33,22 : 891.07"
"33,23 : 104.39"
"33,24 : 252.57"
"33,25 : 626.83"
"33,26 : 349.69"
"33,27 : 907.89"
"33,28 : 641.82"
"33,29 : 154.83"
"33,30 : 147.76"
"33,31 : 514.32"
"33,32 : 347.86"
"33,33 : 0.0"
"33,34 : 268.12"
"33,35 : 601.02"
"33,36 : 584.31"
"33,37 : 661.13"
"33,38 : 582.42"
"33,39 : 508.27"
"33,40 : 77.18"
"33,41 : 473.56"
"33,42 : 889.98"
"33,43 : 197.29"
"33,44 : 391.37"
"33,45 : 725.13"
"33,46 : 760.69"
"33,47 : 518.88"
"33,48 : 313.14"
"33,49 : 687.51"
"34,0 : 429.0"
"34,1 : 461.04"
"34,2 : 712.47"
"34,3 : 983.0"
"34,4 : 706.66"
"34,5 : 340.41"
"34,6 : 808.52"
"34,7 : 440.92"
"34,8 : 758.62"
"34,9 : 864.6"
"34,10 : 496.6"
"34,11 : 384.47"
"34,12 : 869.83"
"34,13 : 1050.05"
"34,14 : 852.0"
"34,15 : 191.97"
"34,16 : 804.02"
"34,17 : 316.14"
"34,18 : 1132.75"
"34,19 : 999.08"
"34,20 : 110.42"
"34,21 : 636.83"
"34,22 : 905.54"
"34,23 : 371.84"
"34,24 : 18.36"
"34,25 : 732.69"
"34,26 : 617.73"
"34,27 : 1107.74"
"34,28 : 862.12"
"34,29 : 412.24"
"34,30 : 121.2"
"34,31 : 753.2"
"34,32 : 395.61"
"34,33 : 268.12"
"34,34 : 0.0"
"34,35 : 869.01"
"34,36 : 837.45"
"34,37 : 783.61"
"34,38 : 559.15"
"34,39 : 630.6"
"34,40 : 207.62"
"34,41 : 741.65"
"34,42 : 1056.59"
"34,43 : 193.51"
"34,44 : 645.73"
"34,45 : 846.2"
"34,46 : 852.88"
"34,47 : 557.94"
"34,48 : 518.1"
"34,49 : 653.69"
"35,0 : 440.01"
"35,1 : 418.08"
"35,2 : 297.09"
"35,3 : 1138.81"
"35,4 : 676.05"
"35,5 : 835.92"
"35,6 : 620.75"
"35,7 : 439.45"
"35,8 : 127.94"
"35,9 : 64.38"
"35,10 : 555.23"
"35,11 : 721.44"
"35,12 : 674.4"
"35,13 : 1115.14"
"35,14 : 1072.08"
"35,15 : 714.04"
"35,16 : 65.03"
"35,17 : 980.31"
"35,18 : 936.49"
"35,19 : 784.6"
"35,20 : 958.21"
"35,21 : 1148.29"
"35,22 : 1139.6"
"35,23 : 498.49"
"35,24 : 853.08"
"35,25 : 787.95"
"35,26 : 253.44"
"35,27 : 689.01"
"35,28 : 459.76"
"35,29 : 471.66"
"35,30 : 748.07"
"35,31 : 348.49"
"35,32 : 761.17"
"35,33 : 601.02"
"35,34 : 869.01"
"35,35 : 0.0"
"35,36 : 260.85"
"35,37 : 769.38"
"35,38 : 972.78"
"35,39 : 700.79"
"35,40 : 668.52"
"35,41 : 131.03"
"35,42 : 788.98"
"35,43 : 755.65"
"35,44 : 302.95"
"35,45 : 808.46"
"35,46 : 895.51"
"35,47 : 849.08"
"35,48 : 500.32"
"35,49 : 1061.33"
"36,0 : 447.97"
"36,1 : 389.31"
"36,2 : 125.72"
"36,3 : 893.78"
"36,4 : 444.42"
"36,5 : 703.69"
"36,6 : 368.41"
"36,7 : 406.07"
"36,8 : 195.56"
"36,9 : 197.65"
"36,10 : 402.3"
"36,11 : 582.31"
"36,12 : 416.85"
"36,13 : 861.63"
"36,14 : 839.66"
"36,15 : 653.68"
"36,16 : 249.07"
"36,17 : 861.82"
"36,18 : 676.21"
"36,19 : 523.76"
"36,20 : 904.33"
"36,21 : 967.09"
"36,22 : 905.1"
"36,23 : 484.53"
"36,24 : 825.04"
"36,25 : 555.24"
"36,26 : 287.99"
"36,27 : 443.09"
"36,28 : 198.95"
"36,29 : 429.91"
"36,30 : 725.57"
"36,31 : 118.19"
"36,32 : 615.07"
"36,33 : 584.31"
"36,34 : 837.45"
"36,35 : 260.85"
"36,36 : 0.0"
"36,37 : 526.77"
"36,38 : 789.62"
"36,39 : 487.91"
"36,40 : 630.6"
"36,41 : 230.17"
"36,42 : 529.39"
"36,43 : 679.64"
"36,44 : 193.02"
"36,45 : 558.84"
"36,46 : 649.85"
"36,47 : 658.05"
"36,48 : 354.24"
"36,49 : 865.46"
"37,0 : 645.2"
"37,1 : 577.1"
"37,2 : 476.22"
"37,3 : 369.43"
"37,4 : 106.68"
"37,5 : 471.35"
"37,6 : 167.59"
"37,7 : 573.09"
"37,8 : 659.88"
"37,9 : 712.72"
"37,10 : 351.16"
"37,11 : 399.15"
"37,12 : 162.36"
"37,13 : 357.84"
"37,14 : 317.25"
"37,15 : 611.44"
"37,16 : 733.81"
"37,17 : 607.68"
"37,18 : 349.83"
"37,19 : 235.36"
"37,20 : 784.83"
"37,21 : 538.21"
"37,22 : 380.17"
"37,23 : 624.4"
"37,24 : 782.15"
"37,25 : 64.51"
"37,26 : 638.6"
"37,27 : 422.62"
"37,28 : 356.14"
"37,29 : 564.49"
"37,30 : 728.07"
"37,31 : 421.51"
"37,32 : 392.21"
"37,33 : 661.13"
"37,34 : 783.61"
"37,35 : 769.38"
"37,36 : 526.77"
"37,37 : 0.0"
"37,38 : 387.59"
"37,39 : 155.68"
"37,40 : 644.56"
"37,41 : 681.62"
"37,42 : 301.44"
"37,43 : 591.71"
"37,44 : 500.0"
"37,45 : 64.26"
"37,46 : 127.01"
"37,47 : 276.83"
"37,48 : 378.0"
"37,49 : 415.08"
"38,0 : 662.08"
"38,1 : 622.67"
"38,2 : 689.48"
"38,3 : 433.97"
"38,4 : 389.33"
"38,5 : 230.96"
"38,6 : 519.0"
"38,7 : 606.61"
"38,8 : 845.82"
"38,9 : 931.98"
"38,10 : 418.88"
"38,11 : 282.7"
"38,12 : 542.41"
"38,13 : 518.41"
"38,14 : 300.96"
"38,15 : 461.67"
"38,16 : 918.8"
"38,17 : 277.35"
"38,18 : 698.18"
"38,19 : 617.95"
"38,20 : 511.07"
"38,21 : 177.61"
"38,22 : 348.3"
"38,23 : 610.5"
"38,24 : 566.39"
"38,25 : 323.45"
"38,26 : 759.62"
"38,27 : 808.69"
"38,28 : 680.12"
"38,29 : 580.19"
"38,30 : 564.49"
"38,31 : 671.49"
"38,32 : 241.14"
"38,33 : 582.42"
"38,34 : 559.15"
"38,35 : 972.78"
"38,36 : 789.62"
"38,37 : 387.59"
"38,38 : 0.0"
"38,39 : 315.15"
"38,40 : 524.41"
"38,41 : 852.94"
"38,42 : 684.97"
"38,43 : 413.23"
"38,44 : 669.85"
"38,45 : 427.2"
"38,46 : 380.34"
"38,47 : 133.15"
"38,48 : 473.62"
"38,49 : 105.11"
"39,0 : 506.47"
"39,1 : 442.75"
"39,2 : 404.71"
"39,3 : 469.73"
"39,4 : 85.49"
"39,5 : 332.63"
"39,6 : 214.4"
"39,7 : 435.61"
"39,8 : 580.18"
"39,9 : 651.35"
"39,10 : 207.87"
"39,11 : 246.87"
"39,12 : 256.77"
"39,13 : 486.86"
"39,14 : 378.7"
"39,15 : 455.95"
"39,16 : 655.46"
"39,17 : 481.79"
"39,18 : 502.36"
"39,19 : 372.21"
"39,20 : 638.16"
"39,21 : 488.53"
"39,22 : 447.52"
"39,23 : 479.07"
"39,24 : 628.44"
"39,25 : 120.1"
"39,26 : 530.4"
"39,27 : 521.1"
"39,28 : 364.97"
"39,29 : 422.74"
"39,30 : 572.44"
"39,31 : 370.84"
"39,32 : 245.7"
"39,33 : 508.27"
"39,34 : 630.6"
"39,35 : 700.79"
"39,36 : 487.91"
"39,37 : 155.68"
"39,38 : 315.15"
"39,39 : 0.0"
"39,40 : 489.15"
"39,41 : 595.63"
"39,42 : 433.7"
"39,43 : 437.8"
"39,44 : 406.81"
"39,45 : 219.82"
"39,46 : 255.2"
"39,47 : 182.89"
"39,48 : 245.75"
"39,49 : 379.48"
"40,0 : 232.02"
"40,1 : 254.79"
"40,2 : 506.09"
"40,3 : 905.84"
"40,4 : 553.27"
"40,5 : 296.82"
"40,6 : 637.41"
"40,7 : 234.23"
"40,8 : 554.2"
"40,9 : 660.27"
"40,10 : 316.89"
"40,11 : 268.54"
"40,12 : 703.56"
"40,13 : 953.56"
"40,14 : 783.13"
"40,15 : 68.01"
"40,16 : 603.53"
"40,17 : 371.94"
"40,18 : 984.65"
"40,19 : 839.75"
"40,20 : 289.69"
"40,21 : 652.49"
"40,22 : 845.25"
"40,23 : 170.56"
"40,24 : 194.54"
"40,25 : 604.07"
"40,26 : 415.39"
"40,27 : 924.29"
"40,28 : 667.22"
"40,29 : 204.84"
"40,30 : 97.91"
"40,31 : 550.15"
"40,32 : 299.24"
"40,33 : 77.18"
"40,34 : 207.62"
"40,35 : 668.52"
"40,36 : 630.6"
"40,37 : 644.56"
"40,38 : 524.41"
"40,39 : 489.15"
"40,40 : 0.0"
"40,41 : 539.27"
"40,42 : 891.98"
"40,43 : 123.41"
"40,44 : 438.41"
"40,45 : 708.81"
"40,46 : 735.18"
"40,47 : 474.03"
"40,48 : 326.38"
"40,49 : 628.97"
"41,0 : 313.54"
"41,1 : 287.39"
"41,2 : 207.76"
"41,3 : 1048.85"
"41,4 : 582.0"
"41,5 : 707.44"
"41,6 : 547.12"
"41,7 : 308.73"
"41,8 : 35.34"
"41,9 : 126.24"
"41,10 : 434.06"
"41,11 : 594.73"
"41,12 : 608.17"
"41,13 : 1035.65"
"41,14 : 972.53"
"41,15 : 583.46"
"41,16 : 68.15"
"41,17 : 850.09"
"41,18 : 889.25"
"41,19 : 731.43"
"41,20 : 828.83"
"41,21 : 1026.82"
"41,22 : 1040.94"
"41,23 : 370.05"
"41,24 : 726.1"
"41,25 : 692.17"
"41,26 : 124.0"
"41,27 : 672.53"
"41,28 : 413.0"
"41,29 : 340.84"
"41,30 : 621.16"
"41,31 : 275.76"
"41,32 : 635.18"
"41,33 : 473.56"
"41,34 : 741.65"
"41,35 : 131.03"
"41,36 : 230.17"
"41,37 : 681.62"
"41,38 : 852.94"
"41,39 : 595.63"
"41,40 : 539.27"
"41,41 : 0.0"
"41,42 : 746.42"
"41,43 : 624.68"
"41,44 : 188.99"
"41,45 : 727.19"
"41,46 : 808.63"
"41,47 : 732.81"
"41,48 : 379.35"
"41,49 : 944.67"
"42,0 : 828.31"
"42,1 : 755.17"
"42,2 : 550.53"
"42,3 : 506.56"
"42,4 : 351.75"
"42,5 : 765.07"
"42,6 : 255.89"
"42,7 : 758.94"
"42,8 : 715.12"
"42,9 : 724.86"
"42,10 : 575.78"
"42,11 : 677.89"
"42,12 : 188.44"
"42,13 : 423.47"
"42,14 : 530.75"
"42,15 : 872.46"
"42,16 : 777.0"
"42,17 : 907.4"
"42,18 : 149.0"
"42,19 : 67.05"
"42,20 : 1071.21"
"42,21 : 822.25"
"42,22 : 571.69"
"42,23 : 827.36"
"42,24 : 1052.52"
"42,25 : 365.56"
"42,26 : 753.53"
"42,27 : 171.54"
"42,28 : 333.79"
"42,29 : 761.82"
"42,30 : 984.22"
"42,31 : 475.71"
"42,32 : 679.39"
"42,33 : 889.98"
"42,34 : 1056.59"
"42,35 : 788.98"
"42,36 : 529.39"
"42,37 : 301.44"
"42,38 : 684.97"
"42,39 : 433.7"
"42,40 : 891.98"
"42,41 : 746.42"
"42,42 : 0.0"
"42,43 : 863.18"
"42,44 : 607.47"
"42,45 : 258.24"
"42,46 : 327.5"
"42,47 : 578.26"
"42,48 : 578.0"
"42,49 : 697.12"
"43,0 : 335.44"
"43,1 : 338.12"
"43,2 : 554.1"
"43,3 : 815.01"
"43,4 : 513.18"
"43,5 : 182.32"
"43,6 : 616.2"
"43,7 : 316.76"
"43,8 : 634.45"
"43,9 : 739.23"
"43,10 : 310.23"
"43,11 : 193.3"
"43,12 : 676.7"
"43,13 : 872.96"
"43,14 : 687.71"
"43,15 : 55.44"
"43,16 : 691.53"
"43,17 : 250.23"
"43,18 : 940.15"
"43,19 : 805.57"
"43,20 : 227.77"
"43,21 : 531.65"
"43,22 : 746.56"
"43,23 : 272.35"
"43,24 : 190.65"
"43,25 : 542.71"
"43,26 : 503.54"
"43,27 : 918.02"
"43,28 : 680.7"
"43,29 : 284.3"
"43,30 : 153.12"
"43,31 : 584.21"
"43,32 : 210.64"
"43,33 : 197.29"
"43,34 : 193.51"
"43,35 : 755.65"
"43,36 : 679.64"
"43,37 : 591.71"
"43,38 : 413.23"
"43,39 : 437.8"
"43,40 : 123.41"
"43,41 : 624.68"
"43,42 : 863.18"
"43,43 : 0.0"
"43,44 : 494.97"
"43,45 : 654.8"
"43,46 : 666.64"
"43,47 : 382.46"
"43,48 : 339.31"
"43,49 : 516.2"
"44,0 : 261.14"
"44,1 : 197.75"
"44,2 : 74.28"
"44,3 : 864.05"
"44,4 : 397.42"
"44,5 : 543.81"
"44,6 : 380.52"
"44,7 : 213.59"
"44,8 : 176.69"
"44,9 : 264.92"
"44,10 : 253.24"
"44,11 : 425.35"
"44,12 : 447.25"
"44,13 : 856.98"
"44,14 : 784.35"
"44,15 : 464.93"
"44,16 : 251.14"
"44,17 : 695.83"
"44,18 : 741.31"
"44,19 : 580.83"
"44,20 : 716.34"
"44,21 : 845.58"
"44,22 : 852.91"
"44,23 : 292.58"
"44,24 : 632.95"
"44,25 : 505.94"
"44,26 : 147.05"
"44,27 : 569.88"
"44,28 : 291.91"
"44,29 : 236.88"
"44,30 : 532.78"
"44,31 : 142.78"
"44,32 : 463.32"
"44,33 : 391.37"
"44,34 : 645.73"
"44,35 : 302.95"
"44,36 : 193.02"
"44,37 : 500.0"
"44,38 : 669.85"
"44,39 : 406.81"
"44,40 : 438.41"
"44,41 : 188.99"
"44,42 : 607.47"
"44,43 : 494.97"
"44,44 : 0.0"
"44,45 : 549.72"
"44,46 : 626.54"
"44,47 : 546.63"
"44,48 : 198.57"
"44,49 : 758.85"
"45,0 : 706.08"
"45,1 : 637.11"
"45,2 : 519.98"
"45,3 : 336.2"
"45,4 : 166.36"
"45,5 : 529.66"
"45,6 : 190.69"
"45,7 : 633.86"
"45,8 : 703.64"
"45,9 : 749.85"
"45,10 : 413.96"
"45,11 : 461.87"
"45,12 : 160.02"
"45,13 : 308.46"
"45,14 : 307.04"
"45,15 : 675.31"
"45,16 : 776.46"
"45,17 : 661.0"
"45,18 : 289.4"
"45,19 : 191.21"
"45,20 : 844.86"
"45,21 : 565.99"
"45,22 : 363.75"
"45,23 : 686.88"
"45,24 : 845.04"
"45,25 : 116.69"
"45,26 : 691.25"
"45,27 : 397.21"
"45,28 : 376.25"
"45,29 : 626.28"
"45,30 : 792.06"
"45,31 : 460.1"
"45,32 : 453.26"
"45,33 : 725.13"
"45,34 : 846.2"
"45,35 : 808.46"
"45,36 : 558.84"
"45,37 : 64.26"
"45,38 : 427.2"
"45,39 : 219.82"
"45,40 : 708.81"
"45,41 : 727.19"
"45,42 : 258.24"
"45,43 : 654.8"
"45,44 : 549.72"
"45,45 : 0.0"
"45,46 : 95.69"
"45,47 : 327.0"
"45,48 : 438.66"
"45,49 : 441.08"
"46,0 : 760.05"
"46,1 : 694.24"
"46,2 : 603.12"
"46,3 : 244.01"
"46,4 : 230.27"
"46,5 : 521.7"
"46,6 : 283.57"
"46,7 : 688.54"
"46,8 : 786.83"
"46,9 : 838.21"
"46,10 : 462.09"
"46,11 : 474.5"
"46,12 : 255.57"
"46,13 : 234.27"
"46,14 : 213.51"
"46,15 : 694.16"
"46,16 : 860.66"
"46,17 : 636.4"
"46,18 : 318.03"
"46,19 : 263.01"
"46,20 : 839.08"
"46,21 : 498.96"
"46,22 : 268.29"
"46,23 : 734.22"
"46,24 : 853.79"
"46,25 : 135.09"
"46,26 : 763.82"
"46,27 : 480.69"
"46,28 : 470.88"
"46,29 : 677.17"
"46,30 : 811.53"
"46,31 : 547.22"
"46,32 : 457.54"
"46,33 : 760.69"
"46,34 : 852.88"
"46,35 : 895.51"
"46,36 : 649.85"
"46,37 : 127.01"
"46,38 : 380.34"
"46,39 : 255.2"
"46,40 : 735.18"
"46,41 : 808.63"
"46,42 : 327.5"
"46,43 : 666.64"
"46,44 : 626.54"
"46,45 : 95.69"
"46,46 : 0.0"
"46,47 : 305.01"
"46,48 : 495.06"
"46,49 : 374.32"
"47,0 : 571.23"
"47,1 : 522.68"
"47,2 : 561.18"
"47,3 : 433.24"
"47,4 : 260.56"
"47,5 : 219.58"
"47,6 : 391.48"
"47,7 : 509.06"
"47,8 : 723.3"
"47,9 : 805.76"
"47,10 : 301.71"
"47,11 : 207.17"
"47,12 : 421.53"
"47,13 : 492.37"
"47,14 : 309.13"
"47,15 : 420.46"
"47,16 : 797.33"
"47,17 : 334.7"
"47,18 : 612.41"
"47,19 : 512.1"
"47,20 : 535.51"
"47,21 : 309.46"
"47,22 : 372.26"
"47,23 : 526.58"
"47,24 : 561.0"
"47,25 : 213.01"
"47,26 : 646.89"
"47,27 : 689.29"
"47,28 : 547.58"
"47,29 : 486.26"
"47,30 : 534.43"
"47,31 : 539.86"
"47,32 : 175.14"
"47,33 : 518.88"
"47,34 : 557.94"
"47,35 : 849.08"
"47,36 : 658.05"
"47,37 : 276.83"
"47,38 : 133.15"
"47,39 : 182.89"
"47,40 : 474.03"
"47,41 : 732.81"
"47,42 : 578.26"
"47,43 : 382.46"
"47,44 : 546.63"
"47,45 : 327.0"
"47,46 : 305.01"
"47,47 : 0.0"
"47,48 : 355.01"
"47,49 : 212.25"
"48,0 : 267.42"
"48,1 : 199.36"
"48,2 : 234.27"
"48,3 : 715.41"
"48,4 : 272.31"
"48,5 : 350.99"
"48,6 : 322.44"
"48,7 : 195.21"
"48,8 : 372.77"
"48,9 : 463.38"
