x,y
403,68
892,520
870,588
646,512
228,374
789,130
364,632
909,491
267,156
503,546
424,94
305,336
140,547
182,26
531,49
407,846
870,794
378,153
379,396
7,236
826,581
301,441
692,447
409,298
102,437
268,449
834,348
607,830
792,986
1,358
913,697
35,996
260,469
633,139
895,385
48,368
564,885
251,565
707,12
505,685
675,111
531,123
344,54
277,138
117,939
244,511
222,625
208,178
19,391
33,928

Distanze
"0,0 : 0.0"
"0,1 : 254.07"
"0,2 : 320.21"
"0,3 : 355.6"
"0,4 : 205.93"
"0,5 : 368.27"
"0,6 : 706.7"
"0,7 : 480.34"
"0,8 : 375.86"
"0,9 : 405.0"
"0,10 : 613.05"
"0,11 : 393.2"
"0,12 : 930.48"
"0,13 : 465.37"
"0,14 : 215.11"
"0,15 : 211.62"
"0,16 : 555.21"
"0,17 : 694.2"
"0,18 : 703.09"
"0,19 : 413.95"
"0,20 : 207.14"
"0,21 : 675.55"
"0,22 : 680.51"
"0,23 : 657.17"
"0,24 : 441.03"
"0,25 : 775.1"
"0,26 : 379.08"
"0,27 : 701.26"
"0,28 : 339.02"
"0,29 : 299.3"
"0,30 : 186.43"
"0,31 : 226.24"
"0,32 : 358.15"
"0,33 : 595.19"
"0,34 : 466.65"
"0,35 : 483.35"
"0,36 : 506.57"
"0,37 : 276.45"
"0,38 : 269.6"
"0,39 : 587.33"
"0,40 : 184.81"
"0,41 : 374.9"
"0,42 : 391.81"
"0,43 : 410.64"
"0,44 : 275.97"
"0,45 : 625.42"
"0,46 : 659.56"
"0,47 : 296.89"
"0,48 : 779.85"
"0,49 : 329.68"
"1,0 : 254.07"
"1,1 : 0.0"
"1,2 : 570.15"
"1,3 : 594.14"
"1,4 : 455.8"
"1,5 : 590.12"
"1,6 : 892.54"
"1,7 : 664.6"
"1,8 : 175.33"
"1,9 : 657.01"
"1,10 : 865.39"
"1,11 : 642.38"
"1,12 : 1108.03"
"1,13 : 606.34"
"1,14 : 331.44"
"1,15 : 436.24"
"1,16 : 675.6"
"1,17 : 912.91"
"1,18 : 678.43"
"1,19 : 660.79"
"1,20 : 455.88"
"1,21 : 594.7"
"1,22 : 909.95"
"1,23 : 778.16"
"1,24 : 511.67"
"1,25 : 708.88"
"1,26 : 456.88"
"1,27 : 695.52"
"1,28 : 512.2"
"1,29 : 53.01"
"1,30 : 74.0"
"1,31 : 413.27"
"1,32 : 560.76"
"1,33 : 848.19"
"1,34 : 698.51"
"1,35 : 734.16"
"1,36 : 708.08"
"1,37 : 112.07"
"1,38 : 506.21"
"1,39 : 822.34"
"1,40 : 119.52"
"1,41 : 264.61"
"1,42 : 638.79"
"1,43 : 499.78"
"1,44 : 288.53"
"1,45 : 725.29"
"1,46 : 732.74"
"1,47 : 540.65"
"1,48 : 973.82"
"1,49 : 509.89"
"2,0 : 320.21"
"2,1 : 570.15"
"2,2 : 0.0"
"2,3 : 81.22"
"2,4 : 114.54"
"2,5 : 149.78"
"2,6 : 484.48"
"2,7 : 308.46"
"2,8 : 659.56"
"2,9 : 89.45"
"2,10 : 296.38"
"2,11 : 188.16"
"2,12 : 702.49"
"2,13 : 383.16"
"2,14 : 342.08"
"2,15 : 163.98"
"2,16 : 476.6"
"2,17 : 414.01"
"2,18 : 783.54"
"2,19 : 96.38"
"2,20 : 114.27"
"2,21 : 820.43"
"2,22 : 382.58"
"2,23 : 552.85"
"2,24 : 475.44"
"2,25 : 891.24"
"2,26 : 433.03"
"2,27 : 760.15"
"2,28 : 265.51"
"2,29 : 617.96"
"2,30 : 506.01"
"2,31 : 341.78"
"2,32 : 202.78"
"2,33 : 314.45"
"2,34 : 181.84"
"2,35 : 236.88"
"2,36 : 288.38"
"2,37 : 594.38"
"2,38 : 95.44"
"2,39 : 401.88"
"2,40 : 477.05"
"2,41 : 606.5"
"2,42 : 74.89"
"2,43 : 433.67"
"2,44 : 458.7"
"2,45 : 560.42"
"2,46 : 625.56"
"2,47 : 50.93"
"2,48 : 536.21"
"2,49 : 248.65"
"3,0 : 355.6"
"3,1 : 594.14"
"3,2 : 81.22"
"3,3 : 0.0"
"3,4 : 157.95"
"3,5 : 73.01"
"3,6 : 405.41"
"3,7 : 228.85"
"3,8 : 663.4"
"3,9 : 122.43"
"3,10 : 297.42"
"3,11 : 262.94"
"3,12 : 625.45"
"3,13 : 313.06"
"3,14 : 325.86"
"3,15 : 160.51"
"3,16 : 403.4"
"3,17 : 348.0"
"3,18 : 729.15"
"3,19 : 83.38"
"3,20 : 154.16"
"3,21 : 779.01"
"3,22 : 326.22"
"3,23 : 475.13"
"3,24 : 422.58"
"3,25 : 842.14"
"3,26 : 387.46"
"3,27 : 702.14"
"3,28 : 209.23"
"3,29 : 644.47"
"3,30 : 535.75"
"3,31 : 413.67"
"3,32 : 134.81"
"3,33 : 352.05"
"3,34 : 113.95"
"3,35 : 296.52"
"3,36 : 207.33"
"3,37 : 631.91"
"3,38 : 87.93"
"3,39 : 468.73"
"3,40 : 490.95"
"3,41 : 594.32"
"3,42 : 68.24"
"3,43 : 381.17"
"3,44 : 442.05"
"3,45 : 487.02"
"3,46 : 555.08"
"3,47 : 62.97"
"3,48 : 460.72"
"3,49 : 193.5"
"4,0 : 205.93"
"4,1 : 455.8"
"4,2 : 114.54"
"4,3 : 157.95"
"4,4 : 0.0"
"4,5 : 193.66"
"4,6 : 548.29"
"4,7 : 341.01"
"4,8 : 551.13"
"4,9 : 201.56"
"4,10 : 409.86"
"4,11 : 238.32"
"4,12 : 771.99"
"4,13 : 378.81"
"4,14 : 256.2"
"4,15 : 92.57"
"4,16 : 476.13"
"4,17 : 505.58"
"4,18 : 734.15"
"4,19 : 208.22"
"4,20 : 7.07"
"4,21 : 751.06"
"4,22 : 483.4"
"4,23 : 566.01"
"4,24 : 431.24"
"4,25 : 831.99"
"4,26 : 379.19"
"4,27 : 717.54"
"4,28 : 244.46"
"4,29 : 503.43"
"4,30 : 391.49"
"4,31 : 269.43"
"4,32 : 215.03"
"4,33 : 411.26"
"4,34 : 271.9"
"4,35 : 313.97"
"4,36 : 343.95"
"4,37 : 481.14"
"4,38 : 86.01"
"4,39 : 456.37"
"4,40 : 365.4"
"4,41 : 509.08"
"4,42 : 186.1"
"4,43 : 390.87"
"4,44 : 368.21"
"4,45 : 557.8"
"4,46 : 612.97"
"4,47 : 95.43"
"4,48 : 611.06"
"4,49 : 228.4"
"5,0 : 368.27"
"5,1 : 590.12"
"5,2 : 149.78"
"5,3 : 73.01"
"5,4 : 193.66"
"5,5 : 0.0"
"5,6 : 354.64"
"5,7 : 159.15"
"5,8 : 640.36"
"5,9 : 192.85"
"5,10 : 345.62"
"5,11 : 335.34"
"5,12 : 578.4"
"5,13 : 240.63"
"5,14 : 293.49"
"5,15 : 157.55"
"5,16 : 330.39"
"5,17 : 326.48"
"5,18 : 662.37"
"5,19 : 145.04"
"5,20 : 187.95"
"5,21 : 719.82"
"5,22 : 319.95"
"5,23 : 403.28"
"5,24 : 358.28"
"5,25 : 778.0"
"5,26 : 328.7"
"5,27 : 633.58"
"5,28 : 147.18"
"5,29 : 642.07"
"5,30 : 538.09"
"5,31 : 461.64"
"5,32 : 66.4"
"5,33 : 417.54"
"5,34 : 113.44"
"5,35 : 368.72"
"5,36 : 150.48"
"5,37 : 640.15"
"5,38 : 108.05"
"5,39 : 541.58"
"5,40 : 479.73"
"5,41 : 558.61"
"5,42 : 135.87"
"5,43 : 317.57"
"5,44 : 405.36"
"5,45 : 414.01"
"5,46 : 482.3"
"5,47 : 113.86"
"5,48 : 418.72"
"5,49 : 133.42"
"6,0 : 706.7"
"6,1 : 892.54"
"6,2 : 484.48"
"6,3 : 405.41"
"6,4 : 548.29"
"6,5 : 354.64"
"6,6 : 0.0"
"6,7 : 229.17"
"6,8 : 891.35"
"6,9 : 476.32"
"6,10 : 477.6"
"6,11 : 641.01"
"6,12 : 224.66"
"6,13 : 306.22"
"6,14 : 562.01"
"6,15 : 498.35"
"6,16 : 293.38"
"6,17 : 171.83"
"6,18 : 666.26"
"6,19 : 419.36"
"6,20 : 542.52"
"6,21 : 788.69"
"6,22 : 241.35"
"6,23 : 256.82"
"6,24 : 462.78"
"6,25 : 796.07"
"6,26 : 483.85"
"6,27 : 618.69"
"6,28 : 380.82"
"6,29 : 945.49"
"6,30 : 854.92"
"6,31 : 815.63"
"6,32 : 348.82"
"6,33 : 617.98"
"6,34 : 310.43"
"6,35 : 633.76"
"6,36 : 204.55"
"6,37 : 963.28"
"6,38 : 462.49"
"6,39 : 804.61"
"6,40 : 773.66"
"6,41 : 773.8"
"6,42 : 429.42"
"6,43 : 444.3"
"6,44 : 638.82"
"6,45 : 327.32"
"6,46 : 401.79"
"6,47 : 463.5"
"6,48 : 87.36"
"6,49 : 384.88"
"7,0 : 480.34"
"7,1 : 664.6"
"7,2 : 308.46"
"7,3 : 228.85"
"7,4 : 341.01"
"7,5 : 159.15"
"7,6 : 229.17"
"7,7 : 0.0"
"7,8 : 674.63"
"7,9 : 337.66"
"7,10 : 437.65"
"7,11 : 491.14"
"7,12 : 450.82"
"7,13 : 127.58"
"7,14 : 335.82"
"7,15 : 276.83"
"7,16 : 191.25"
"7,17 : 277.22"
"7,18 : 563.49"
"7,19 : 281.66"
"7,20 : 334.46"
"7,21 : 650.67"
"7,22 : 306.62"
"7,23 : 247.92"
"7,24 : 288.37"
"7,25 : 688.26"
"7,26 : 287.25"
"7,27 : 526.41"
"7,28 : 152.41"
"7,29 : 717.61"
"7,30 : 625.79"
"7,31 : 610.02"
"7,32 : 127.58"
"7,33 : 542.18"
"7,34 : 191.31"
"7,35 : 514.23"
"7,36 : 70.21"
"7,37 : 734.11"
"7,38 : 256.53"
"7,39 : 689.69"
"7,40 : 546.26"
"7,41 : 566.82"
"7,42 : 280.52"
"7,43 : 256.7"
"7,44 : 422.57"
"7,45 : 270.76"
"7,46 : 345.83"
"7,47 : 272.09"
"7,48 : 309.23"
"7,49 : 155.72"
"8,0 : 375.86"
"8,1 : 175.33"
"8,2 : 659.56"
"8,3 : 663.4"
"8,4 : 551.13"
"8,5 : 640.36"
"8,6 : 891.35"
"8,7 : 674.63"
"8,8 : 0.0"
"8,9 : 749.0"
"8,10 : 953.97"
"8,11 : 766.63"
"8,12 : 1092.28"
"8,13 : 587.44"
"8,14 : 348.73"
"8,15 : 504.0"
"8,16 : 635.35"
"8,17 : 943.95"
"8,18 : 546.7"
"8,19 : 740.05"
"8,20 : 549.15"
"8,21 : 440.03"
"8,22 : 954.17"
"8,23 : 731.14"
"8,24 : 455.03"
"8,25 : 556.11"
"8,26 : 414.45"
"8,27 : 573.06"
"8,28 : 528.49"
"8,29 : 186.12"
"8,30 : 237.66"
"8,31 : 571.63"
"8,32 : 595.37"
"8,33 : 960.59"
"8,34 : 753.66"
"8,35 : 854.43"
"8,36 : 730.49"
"8,37 : 277.86"
"8,38 : 579.01"
"8,39 : 962.86"
"8,40 : 191.38"
"8,41 : 138.68"
"8,42 : 719.18"
"8,43 : 457.67"
"8,44 : 252.76"
"8,45 : 666.8"
"8,46 : 655.79"
"8,47 : 620.43"
"8,48 : 977.18"
"8,49 : 531.86"
"9,0 : 405.0"
"9,1 : 657.01"
"9,2 : 89.45"
"9,3 : 122.43"
"9,4 : 201.56"
"9,5 : 192.85"
"9,6 : 476.32"
"9,7 : 337.66"
"9,8 : 749.0"
"9,9 : 0.0"
"9,10 : 208.39"
"9,11 : 164.68"
"9,12 : 683.48"
"9,13 : 433.23"
"9,14 : 428.51"
"9,15 : 251.37"
"9,16 : 520.77"
"9,17 : 376.32"
"9,18 : 851.4"
"9,19 : 58.31"
"9,20 : 202.16"
"9,21 : 897.85"
"9,22 : 332.27"
"9,23 : 585.5"
"9,24 : 544.39"
"9,25 : 963.51"
"9,26 : 507.2"
"9,27 : 824.57"
"9,28 : 331.12"
"9,29 : 703.97"
"9,30 : 591.4"
"9,31 : 393.28"
"9,32 : 256.97"
"9,33 : 232.17"
"9,34 : 167.0"
"9,35 : 177.1"
"9,36 : 299.55"
"9,37 : 676.13"
"9,38 : 178.84"
"9,39 : 352.09"
"9,40 : 566.0"
"9,41 : 694.54"
"9,42 : 57.71"
"9,43 : 502.84"
"9,44 : 545.5"
"9,45 : 603.75"
"9,46 : 674.04"
"9,47 : 133.46"
"9,48 : 514.94"
"9,49 : 315.08"
"10,0 : 613.05"
"10,1 : 865.39"
"10,2 : 296.38"
"10,3 : 297.42"
"10,4 : 409.86"
"10,5 : 345.62"
"10,6 : 477.6"
"10,7 : 437.65"
"10,8 : 953.97"
"10,9 : 208.39"
"10,10 : 0.0"
"10,11 : 290.91"
"10,12 : 639.07"
"10,13 : 558.81"
"10,14 : 622.9"
"10,15 : 451.15"
"10,16 : 628.04"
"10,17 : 321.91"
"10,18 : 995.7"
"10,19 : 215.7"
"10,20 : 410.25"
"10,21 : 1063.95"
"10,22 : 252.96"
"10,23 : 664.65"
"10,24 : 699.33"
"10,25 : 1116.32"
"10,26 : 673.92"
"10,27 : 961.64"
"10,28 : 492.35"
"10,29 : 912.2"
"10,30 : 799.48"
"10,31 : 573.66"
"10,32 : 410.26"
"10,33 : 150.48"
"10,34 : 250.77"
"10,35 : 223.9"
"10,36 : 374.86"
"10,37 : 882.11"
"10,38 : 376.13"
"10,39 : 357.74"
"10,40 : 773.31"
"10,41 : 891.3"
"10,42 : 235.55"
"10,43 : 659.88"
"10,44 : 739.38"
"10,45 : 703.96"
"10,46 : 781.39"
"10,47 : 333.6"
"10,48 : 480.05"
"10,49 : 479.01"
"11,0 : 393.2"
"11,1 : 642.38"
"11,2 : 188.16"
"11,3 : 262.94"
"11,4 : 238.32"
"11,5 : 335.34"
"11,6 : 641.01"
"11,7 : 491.14"
"11,8 : 766.63"
"11,9 : 164.68"
"11,10 : 290.91"
"11,11 : 0.0"
"11,12 : 846.46"
"11,13 : 571.32"
"11,14 : 494.49"
"11,15 : 324.58"
"11,16 : 664.45"
"11,17 : 534.43"
"11,18 : 963.98"
"11,19 : 222.18"
"11,20 : 243.53"
"11,21 : 988.59"
"11,22 : 483.32"
"11,23 : 738.05"
"11,24 : 656.84"
"11,25 : 1066.66"
"11,26 : 609.84"
"11,27 : 943.26"
"11,28 : 451.25"
"11,29 : 681.99"
"11,30 : 570.06"
"11,31 : 290.43"
"11,32 : 390.92"
"11,33 : 213.41"
"11,34 : 331.39"
"11,35 : 93.13"
"11,36 : 460.49"
"11,37 : 633.66"
"11,38 : 274.02"
"11,39 : 219.43"
"11,40 : 575.46"
"11,41 : 741.24"
"11,42 : 215.33"
"11,43 : 615.31"
"11,44 : 605.18"
"11,45 : 748.25"
"11,46 : 813.72"
"11,47 : 235.76"
"11,48 : 677.91"
"11,49 : 434.26"
"12,0 : 930.48"
"12,1 : 1108.03"
"12,2 : 702.49"
"12,3 : 625.45"
"12,4 : 771.99"
"12,5 : 578.4"
"12,6 : 224.66"
"12,7 : 450.82"
"12,8 : 1092.28"
"12,9 : 683.48"
"12,10 : 639.07"
"12,11 : 846.46"
"12,12 : 0.0"
"12,13 : 506.42"
"12,14 : 776.6"
"12,15 : 722.9"
"12,16 : 462.89"
"12,17 : 320.26"
"12,18 : 780.79"
"12,19 : 629.12"
"12,20 : 766.34"
"12,21 : 924.09"
"12,22 : 386.29"
"12,23 : 384.38"
"12,24 : 644.94"
"12,25 : 905.84"
"12,26 : 678.19"
"12,27 : 729.0"
"12,28 : 599.87"
"12,29 : 1160.73"
"12,30 : 1074.15"
"12,31 : 1038.03"
"12,32 : 573.11"
"12,33 : 788.4"
"12,34 : 523.05"
"12,35 : 826.14"
"12,36 : 428.92"
"12,37 : 1183.28"
"12,38 : 686.42"
"12,39 : 988.69"
"12,40 : 988.58"
"12,41 : 966.98"
"12,42 : 641.97"
"12,43 : 635.57"
"12,44 : 842.68"
"12,45 : 460.99"
"12,46 : 516.24"
"12,47 : 685.23"
"12,48 : 168.57"
"12,49 : 605.49"
"13,0 : 465.37"
"13,1 : 606.34"
"13,2 : 383.16"
"13,3 : 313.06"
"13,4 : 378.81"
"13,5 : 240.63"
"13,6 : 306.22"
"13,7 : 127.58"
"13,8 : 587.44"
"13,9 : 433.23"
"13,10 : 558.81"
"13,11 : 571.32"
"13,12 : 506.42"
"13,13 : 0.0"
"13,14 : 277.8"
"13,15 : 294.03"
"13,16 : 97.33"
"13,17 : 395.51"
"13,18 : 437.79"
"13,19 : 382.41"
"13,20 : 371.75"
"13,21 : 523.48"
"13,22 : 431.65"
"13,23 : 193.19"
"13,24 : 165.05"
"13,25 : 561.36"
"13,26 : 177.73"
"13,27 : 402.84"
"13,28 : 136.06"
"13,29 : 658.43"
"13,30 : 580.02"
"13,31 : 634.74"
"13,32 : 180.43"
"13,33 : 652.41"
"13,34 : 308.46"
"13,35 : 609.34"
"13,36 : 197.7"
"13,37 : 690.02"
"13,38 : 306.34"
"13,39 : 781.66"
"13,40 : 487.02"
"13,41 : 467.62"
"13,42 : 375.82"
"13,43 : 139.64"
"13,44 : 336.43"
"13,45 : 179.64"
"13,46 : 242.5"
"13,47 : 337.15"
"13,48 : 393.26"
"13,49 : 151.05"
"14,0 : 215.11"
"14,1 : 331.44"
"14,2 : 342.08"
"14,3 : 325.86"
"14,4 : 256.2"
"14,5 : 293.49"
"14,6 : 562.01"
"14,7 : 335.82"
"14,8 : 348.73"
"14,9 : 428.51"
"14,10 : 622.9"
"14,11 : 494.49"
"14,12 : 776.6"
"14,13 : 277.8"
"14,14 : 0.0"
"14,15 : 178.19"
"14,16 : 356.43"
"14,17 : 597.2"
"14,18 : 499.14"
"14,19 : 407.34"
"14,20 : 251.22"
"14,21 : 497.58"
"14,22 : 605.47"
"14,23 : 460.18"
"14,24 : 226.01"
"14,25 : 584.97"
"14,26 : 164.0"
"14,27 : 492.07"
"14,28 : 184.3"
"14,29 : 384.19"
"14,30 : 302.25"
"14,31 : 428.16"
"14,32 : 246.68"
"14,33 : 656.32"
"14,34 : 406.9"
"14,35 : 568.06"
"14,36 : 385.53"
"14,37 : 412.24"
"14,38 : 249.84"
"14,39 : 711.76"
"14,40 : 212.05"
"14,41 : 268.47"
"14,42 : 388.34"
"14,43 : 197.29"
"14,44 : 117.05"
"14,45 : 419.0"
"14,46 : 446.75"
"14,47 : 295.05"
"14,48 : 644.56"
"14,49 : 185.15"
"15,0 : 211.62"
"15,1 : 436.24"
"15,2 : 163.98"
"15,3 : 160.51"
"15,4 : 92.57"
"15,5 : 157.55"
"15,6 : 498.35"
"15,7 : 276.83"
"15,8 : 504.0"
"15,9 : 251.37"
"15,10 : 451.15"
"15,11 : 324.58"
"15,12 : 722.9"
"15,13 : 294.03"
"15,14 : 178.19"
"15,15 : 0.0"
"15,16 : 391.02"
"15,17 : 484.02"
"15,18 : 642.45"
"15,19 : 236.21"
"15,20 : 85.88"
"15,21 : 664.62"
"15,22 : 474.97"
"15,23 : 485.0"
"15,24 : 338.71"
"15,25 : 742.34"
"15,26 : 287.39"
"15,27 : 625.16"
"15,28 : 158.0"
"15,29 : 487.45"
"15,30 : 381.48"
"15,31 : 341.72"
"15,32 : 150.23"
"15,33 : 478.13"
"15,34 : 262.39"
"15,35 : 392.34"
"15,36 : 296.02"
"15,37 : 482.66"
"15,38 : 75.11"
"15,39 : 543.93"
"15,40 : 330.65"
"15,41 : 443.18"
"15,42 : 215.67"
"15,43 : 298.29"
"15,44 : 294.72"
"15,45 : 471.09"
"15,46 : 523.26"
"15,47 : 118.46"
"15,48 : 569.24"
"15,49 : 143.22"
"16,0 : 555.21"
"16,1 : 675.6"
"16,2 : 476.6"
"16,3 : 403.4"
"16,4 : 476.13"
"16,5 : 330.39"
"16,6 : 293.38"
"16,7 : 191.25"
"16,8 : 635.35"
"16,9 : 520.77"
"16,10 : 628.04"
"16,11 : 664.45"
"16,12 : 462.89"
"16,13 : 97.33"
"16,14 : 356.43"
"16,15 : 391.02"
"16,16 : 0.0"
"16,17 : 419.64"
"16,18 : 387.06"
"16,19 : 467.33"
"16,20 : 469.07"
"16,21 : 497.32"
"16,22 : 468.24"
"16,23 : 103.77"
"16,24 : 182.48"
"16,25 : 515.77"
"16,26 : 222.77"
"16,27 : 344.85"
"16,28 : 233.03"
"16,29 : 726.39"
"16,30 : 656.5"
"16,31 : 731.04"
"16,32 : 274.24"
"16,33 : 732.6"
"16,34 : 382.46"
"16,35 : 697.78"
"16,36 : 254.03"
"16,37 : 765.97"
"16,38 : 402.82"
"16,39 : 871.7"
"16,40 : 557.9"
"16,41 : 505.92"
"16,42 : 463.06"
"16,43 : 178.93"
"16,44 : 393.28"
"16,45 : 83.82"
"16,46 : 154.81"
"16,47 : 432.0"
"16,48 : 379.01"
"16,49 : 248.29"
"17,0 : 694.2"
"17,1 : 912.91"
"17,2 : 414.01"
"17,3 : 348.0"
"17,4 : 505.58"
"17,5 : 326.48"
"17,6 : 171.83"
"17,7 : 277.22"
"17,8 : 943.95"
"17,9 : 376.32"
"17,10 : 321.91"
"17,11 : 534.43"
"17,12 : 320.26"
"17,13 : 395.51"
"17,14 : 597.2"
"17,15 : 484.02"
"17,16 : 419.64"
"17,17 : 0.0"
"17,18 : 806.07"
"17,19 : 327.45"
"17,20 : 501.38"
"17,21 : 913.03"
"17,22 : 71.69"
"17,23 : 411.95"
"17,24 : 560.51"
"17,25 : 935.21"
"17,26 : 564.28"
"17,27 : 761.94"
"17,28 : 415.52"
"17,29 : 965.41"
"17,30 : 863.67"
"17,31 : 755.73"
"17,32 : 353.14"
"17,33 : 469.54"
"17,34 : 234.44"
"17,35 : 507.19"
"17,36 : 214.22"
"17,37 : 966.57"
"17,38 : 426.92"
"17,39 : 668.43"
"17,40 : 798.95"
"17,41 : 842.15"
"17,42 : 344.29"
"17,43 : 532.05"
"17,44 : 694.62"
"17,45 : 473.47"
"17,46 : 551.91"
"17,47 : 410.97"
"17,48 : 158.15"
"17,49 : 412.36"
"18,0 : 703.09"
"18,1 : 678.43"
"18,2 : 783.54"
"18,3 : 729.15"
"18,4 : 734.15"
"18,5 : 662.37"
"18,6 : 666.26"
"18,7 : 563.49"
"18,8 : 546.7"
"18,9 : 851.4"
"18,10 : 995.7"
"18,11 : 963.98"
"18,12 : 780.79"
"18,13 : 437.79"
"18,14 : 499.14"
"18,15 : 642.45"
"18,16 : 387.06"
"18,17 : 806.07"
"18,18 : 0.0"
"18,19 : 807.37"
"18,20 : 727.77"
"18,21 : 160.03"
"18,22 : 855.13"
"18,23 : 412.46"
"18,24 : 308.1"
"18,25 : 129.84"
"18,26 : 355.06"
"18,27 : 52.39"
"18,28 : 520.44"
"18,29 : 713.33"
"18,30 : 701.48"
"18,31 : 925.21"
"18,32 : 596.2"
"18,33 : 1079.86"
"18,34 : 744.93"
"18,35 : 1020.11"
"18,36 : 632.25"
"18,37 : 790.01"
"18,38 : 691.02"
"18,39 : 1182.86"
"18,40 : 595.48"
"18,41 : 417.63"
"18,42 : 796.61"
"18,43 : 349.87"
"18,44 : 431.7"
"18,45 : 339.0"
"18,46 : 268.37"
"18,47 : 732.82"
"18,48 : 745.47"
"18,49 : 536.75"
"19,0 : 413.95"
"19,1 : 660.79"
"19,2 : 96.38"
"19,3 : 83.38"
"19,4 : 208.22"
"19,5 : 145.04"
"19,6 : 419.36"
"19,7 : 281.66"
"19,8 : 740.05"
"19,9 : 58.31"
"19,10 : 215.7"
"19,11 : 222.18"
"19,12 : 629.12"
"19,13 : 382.41"
"19,14 : 407.34"
"19,15 : 236.21"
"19,16 : 467.33"
"19,17 : 327.45"
"19,18 : 807.37"
"19,19 : 0.0"
"19,20 : 206.81"
"19,21 : 861.29"
"19,22 : 289.84"
"19,23 : 529.07"
"19,24 : 502.47"
"19,25 : 922.32"
"19,26 : 469.59"
"19,27 : 778.52"
"19,28 : 289.69"
"19,29 : 709.66"
"19,30 : 598.62"
"19,31 : 431.37"
"19,32 : 211.19"
"19,33 : 272.5"
"19,34 : 109.22"
"19,35 : 232.69"
"19,36 : 241.42"
"19,37 : 689.32"
"19,38 : 161.11"
"19,39 : 408.38"
"19,40 : 562.79"
"19,41 : 675.66"
"19,42 : 22.14"
"19,43 : 461.4"
"19,44 : 524.0"
"19,45 : 549.75"
"19,46 : 621.4"
"19,47 : 120.81"
"19,48 : 460.84"
"19,49 : 274.58"
"20,0 : 207.14"
"20,1 : 455.88"
"20,2 : 114.27"
"20,3 : 154.16"
"20,4 : 7.07"
"20,5 : 187.95"
"20,6 : 542.52"
"20,7 : 334.46"
"20,8 : 549.15"
"20,9 : 202.16"
"20,10 : 410.25"
"20,11 : 243.53"
"20,12 : 766.34"
"20,13 : 371.75"
"20,14 : 251.22"
"20,15 : 85.88"
"20,16 : 469.07"
"20,17 : 501.38"
"20,18 : 727.77"
"20,19 : 206.81"
"20,20 : 0.0"
"20,21 : 745.48"
"20,22 : 480.03"
"20,23 : 559.01"
"20,24 : 424.59"
"20,25 : 825.98"
"20,26 : 372.77"
"20,27 : 710.97"
"20,28 : 237.39"
"20,29 : 503.85"
"20,30 : 392.18"
"20,31 : 275.79"
"20,32 : 208.31"
"20,33 : 414.17"
"20,34 : 268.02"
"20,35 : 318.12"
"20,36 : 338.1"
"20,37 : 482.85"
"20,38 : 80.06"
"20,39 : 461.9"
"20,40 : 364.14"
"20,41 : 505.48"
"20,42 : 184.68"
"20,43 : 384.16"
"20,44 : 363.8"
"20,45 : 550.73"
"20,46 : 605.92"
"20,47 : 92.09"
"20,48 : 605.74"
"20,49 : 221.33"
"21,0 : 675.55"
"21,1 : 594.7"
"21,2 : 820.43"
"21,3 : 779.01"
"21,4 : 751.06"
"21,5 : 719.82"
"21,6 : 788.69"
"21,7 : 650.67"
"21,8 : 440.03"
"21,9 : 897.85"
"21,10 : 1063.95"
"21,11 : 988.59"
"21,12 : 924.09"
"21,13 : 523.48"
"21,14 : 497.58"
"21,15 : 664.62"
"21,16 : 497.32"
"21,17 : 913.03"
"21,18 : 160.03"
"21,19 : 861.29"
"21,20 : 745.48"
"21,21 : 0.0"
"21,22 : 954.38"
"21,23 : 544.78"
"21,24 : 366.23"
"21,25 : 116.16"
"21,26 : 391.71"
"21,27 : 209.9"
"21,28 : 572.68"
"21,29 : 620.71"
"21,30 : 632.32"
"21,31 : 901.79"
"21,32 : 654.12"
"21,33 : 1129.95"
"21,34 : 816.19"
"21,35 : 1055.61"
"21,36 : 720.88"
"21,37 : 706.15"
"21,38 : 725.07"
"21,39 : 1207.38"
"21,40 : 534.46"
"21,41 : 331.69"
"21,42 : 847.19"
"21,43 : 404.4"
"21,44 : 401.33"
"21,45 : 468.03"
"21,46 : 407.95"
"21,47 : 769.8"
"21,48 : 872.05"
"21,49 : 587.08"
"22,0 : 680.51"
"22,1 : 909.95"
"22,2 : 382.58"
"22,3 : 326.22"
"22,4 : 483.4"
"22,5 : 319.95"
"22,6 : 241.35"
"22,7 : 306.62"
"22,8 : 954.17"
"22,9 : 332.27"
"22,10 : 252.96"
"22,11 : 483.32"
"22,12 : 386.29"
"22,13 : 431.65"
"22,14 : 605.47"
"22,15 : 474.97"
"22,16 : 468.24"
"22,17 : 71.69"
"22,18 : 855.13"
"22,19 : 289.84"
"22,20 : 480.03"
"22,21 : 954.38"
"22,22 : 0.0"
"22,23 : 471.5"
"22,24 : 594.85"
"22,25 : 983.26"
"22,26 : 591.66"
"22,27 : 812.89"
"22,28 : 429.92"
"22,29 : 961.74"
"22,30 : 856.42"
"22,31 : 721.19"
"22,32 : 358.8"
"22,33 : 402.12"
"22,34 : 213.86"
"22,35 : 447.97"
"22,36 : 237.76"
"22,37 : 955.96"
"22,38 : 410.91"
"22,39 : 604.24"
"22,40 : 799.42"
"22,41 : 860.04"
"22,42 : 309.14"
"22,43 : 563.1"
"22,44 : 709.37"
"22,45 : 528.51"
"22,46 : 607.67"
"22,47 : 388.0"
"22,48 : 228.47"
"22,49 : 424.01"
"23,0 : 657.17"
"23,1 : 778.16"
"23,2 : 552.85"
"23,3 : 475.13"
"23,4 : 566.01"
"23,5 : 403.28"
"23,6 : 256.82"
"23,7 : 247.92"
"23,8 : 731.14"
"23,9 : 585.5"
"23,10 : 664.65"
"23,11 : 738.05"
"23,12 : 384.38"
"23,13 : 193.19"
"23,14 : 460.18"
"23,15 : 485.0"
"23,16 : 103.77"
"23,17 : 411.95"
"23,18 : 412.46"
"23,19 : 529.07"
"23,20 : 559.01"
"23,21 : 544.78"
"23,22 : 471.5"
"23,23 : 0.0"
"23,24 : 276.13"
"23,25 : 541.81"
"23,26 : 322.91"
"23,27 : 363.5"
"23,28 : 327.96"
"23,29 : 828.6"
"23,30 : 760.13"
"23,31 : 826.59"
"23,32 : 355.53"
"23,33 : 782.8"
"23,34 : 432.5"
"23,35 : 761.76"
"23,36 : 294.71"
"23,37 : 869.5"
"23,38 : 487.99"
"23,39 : 937.38"
"23,40 : 660.93"
"23,41 : 598.5"
"23,42 : 528.43"
"23,43 : 279.26"
"23,44 : 493.85"
"23,45 : 77.1"
"23,46 : 145.34"
"23,47 : 512.09"
"23,48 : 333.24"
"23,49 : 341.9"
"24,0 : 441.03"
"24,1 : 511.67"
"24,2 : 475.44"
"24,3 : 422.58"
"24,4 : 431.24"
"24,5 : 358.28"
"24,6 : 462.78"
"24,7 : 288.37"
"24,8 : 455.03"
"24,9 : 544.39"
"24,10 : 699.33"
"24,11 : 656.84"
"24,12 : 644.94"
"24,13 : 165.05"
"24,14 : 226.01"
"24,15 : 338.71"
"24,16 : 182.48"
"24,17 : 560.51"
"24,18 : 308.1"
"24,19 : 502.47"
"24,20 : 424.59"
"24,21 : 366.23"
"24,22 : 594.85"
"24,23 : 276.13"
"24,24 : 0.0"
"24,25 : 419.85"
"24,26 : 62.07"
"24,27 : 286.84"
"24,28 : 213.36"
"24,29 : 560.13"
"24,30 : 503.87"
"24,31 : 647.84"
"24,32 : 291.9"
"24,33 : 774.38"
"24,34 : 450.35"
"24,35 : 712.03"
"24,36 : 358.11"
"24,37 : 610.33"
"24,38 : 383.28"
"24,39 : 875.31"
"24,40 : 398.83"
"24,41 : 323.69"
"24,42 : 490.51"
"24,43 : 41.77"
"24,44 : 223.29"
"24,45 : 215.0"
"24,46 : 225.0"
"24,47 : 424.75"
"24,48 : 550.07"
"24,49 : 229.32"
"25,0 : 775.1"
"25,1 : 708.88"
"25,2 : 891.24"
"25,3 : 842.14"
"25,4 : 831.99"
"25,5 : 778.0"
"25,6 : 796.07"
"25,7 : 688.26"
"25,8 : 556.11"
"25,9 : 963.51"
"25,10 : 1116.32"
"25,11 : 1066.66"
"25,12 : 905.84"
"25,13 : 561.36"
"25,14 : 584.97"
"25,15 : 742.34"
"25,16 : 515.77"
"25,17 : 935.21"
"25,18 : 129.84"
"25,19 : 922.32"
"25,20 : 825.98"
"25,21 : 116.16"
"25,22 : 983.26"
"25,23 : 541.81"
"25,24 : 419.85"
"25,25 : 0.0"
"25,26 : 458.26"
"25,27 : 178.63"
"25,28 : 632.98"
"25,29 : 736.09"
"25,30 : 743.9"
"25,31 : 1000.87"
"25,32 : 711.6"
"25,33 : 1194.11"
"25,34 : 865.81"
"25,35 : 1128.05"
"25,36 : 757.68"
"25,37 : 820.62"
"25,38 : 796.93"
"25,39 : 1286.09"
"25,40 : 643.59"
"25,41 : 444.78"
"25,42 : 910.19"
"25,43 : 461.02"
"25,44 : 499.12"
"25,45 : 468.77"
"25,46 : 397.12"
"25,47 : 840.31"
"25,48 : 874.97"
"25,49 : 648.65"
"26,0 : 379.08"
"26,1 : 456.88"
"26,2 : 433.03"
"26,3 : 387.46"
"26,4 : 379.19"
"26,5 : 328.7"
"26,6 : 483.85"
"26,7 : 287.25"
"26,8 : 414.45"
"26,9 : 507.2"
"26,10 : 673.92"
"26,11 : 609.84"
"26,12 : 678.19"
"26,13 : 177.73"
"26,14 : 164.0"
"26,15 : 287.39"
"26,16 : 222.77"
"26,17 : 564.28"
"26,18 : 355.06"
"26,19 : 469.59"
"26,20 : 372.77"
"26,21 : 391.71"
"26,22 : 591.66"
"26,23 : 322.91"
"26,24 : 62.07"
"26,25 : 458.26"
"26,26 : 0.0"
"26,27 : 339.44"
"26,28 : 181.6"
"26,29 : 506.53"
"26,30 : 445.26"
"26,31 : 587.59"
"26,32 : 263.69"
"26,33 : 738.99"
"26,34 : 429.44"
"26,35 : 669.79"
"26,36 : 354.11"
"26,37 : 552.79"
"26,38 : 338.7"
"26,39 : 829.11"
"26,40 : 341.77"
"26,41 : 290.41"
"26,42 : 455.69"
"26,43 : 43.84"
"26,44 : 170.94"
"26,45 : 268.66"
"26,46 : 285.73"
"26,47 : 382.1"
"26,48 : 570.97"
"26,49 : 195.53"
"27,0 : 701.26"
"27,1 : 695.52"
"27,2 : 760.15"
"27,3 : 702.14"
"27,4 : 717.54"
"27,5 : 633.58"
"27,6 : 618.69"
"27,7 : 526.41"
"27,8 : 573.06"
"27,9 : 824.57"
"27,10 : 961.64"
"27,11 : 943.26"
"27,12 : 729.0"
"27,13 : 402.84"
"27,14 : 492.07"
"27,15 : 625.16"
"27,16 : 344.85"
"27,17 : 761.94"
"27,18 : 52.39"
"27,19 : 778.52"
"27,20 : 710.97"
"27,21 : 209.9"
"27,22 : 812.89"
"27,23 : 363.5"
"27,24 : 286.84"
"27,25 : 178.63"
"27,26 : 339.44"
"27,27 : 0.0"
"27,28 : 495.13"
"27,29 : 733.11"
"27,30 : 713.44"
"27,31 : 920.12"
"27,32 : 567.97"
"27,33 : 1050.84"
"27,34 : 711.23"
"27,35 : 995.75"
"27,36 : 594.13"
"27,37 : 806.15"
"27,38 : 669.35"
"27,39 : 1161.23"
"27,40 : 606.07"
"27,41 : 439.77"
"27,42 : 768.86"
"27,43 : 328.11"
"27,44 : 435.84"
"27,45 : 291.53"
"27,46 : 218.55"
"27,47 : 709.83"
"27,48 : 696.74"
"27,49 : 511.8"
"28,0 : 339.02"
"28,1 : 512.2"
"28,2 : 265.51"
"28,3 : 209.23"
"28,4 : 244.46"
"28,5 : 147.18"
"28,6 : 380.82"
"28,7 : 152.41"
"28,8 : 528.49"
"28,9 : 331.12"
"28,10 : 492.35"
"28,11 : 451.25"
"28,12 : 599.87"
"28,13 : 136.06"
"28,14 : 184.3"
"28,15 : 158.0"
"28,16 : 233.03"
"28,17 : 415.52"
"28,18 : 520.44"
"28,19 : 289.69"
"28,20 : 237.39"
"28,21 : 572.68"
"28,22 : 429.92"
"28,23 : 327.96"
"28,24 : 213.36"
"28,25 : 632.98"
"28,26 : 181.6"
"28,27 : 495.13"
"28,28 : 0.0"
"28,29 : 565.2"
"28,30 : 474.51"
"28,31 : 498.86"
"28,32 : 82.28"
"28,33 : 561.14"
"28,34 : 250.06"
"28,35 : 500.62"
"28,36 : 202.14"
"28,37 : 583.44"
"28,38 : 178.52"
"28,39 : 667.33"
"28,40 : 393.89"
"28,41 : 430.15"
"28,42 : 277.22"
"28,43 : 171.96"
"28,44 : 279.87"
"28,45 : 313.64"
"28,46 : 369.24"
"28,47 : 215.82"
"28,48 : 461.64"
"28,49 : 17.0"
"29,0 : 299.3"
"29,1 : 53.01"
"29,2 : 617.96"
"29,3 : 644.47"
"29,4 : 503.43"
"29,5 : 642.07"
"29,6 : 945.49"
"29,7 : 717.61"
"29,8 : 186.12"
"29,9 : 703.97"
"29,10 : 912.2"
"29,11 : 681.99"
"29,12 : 1160.73"
"29,13 : 658.43"
"29,14 : 384.19"
"29,15 : 487.45"
"29,16 : 726.39"
"29,17 : 965.41"
"29,18 : 713.33"
"29,19 : 709.66"
"29,20 : 503.85"
"29,21 : 620.71"
"29,22 : 961.74"
"29,23 : 828.6"
"29,24 : 560.13"
"29,25 : 736.09"
"29,26 : 506.53"
"29,27 : 733.11"
"29,28 : 565.2"
"29,29 : 0.0"
"29,30 : 113.22"
"29,31 : 439.75"
"29,32 : 613.5"
"29,33 : 890.11"
"29,34 : 749.84"
"29,35 : 774.43"
"29,36 : 760.98"
"29,37 : 93.65"
"29,38 : 556.56"
"29,39 : 855.21"
"29,40 : 172.15"
"29,41 : 296.06"
"29,42 : 687.6"
"29,43 : 549.74"
"29,44 : 336.87"
"29,45 : 774.43"
"29,46 : 779.53"
"29,47 : 590.0"
"29,48 : 1026.83"
"29,49 : 562.89"
"30,0 : 186.43"
"30,1 : 74.0"
"30,2 : 506.01"
"30,3 : 535.75"
"30,4 : 391.49"
"30,5 : 538.09"
"30,6 : 854.92"
"30,7 : 625.79"
"30,8 : 237.66"
"30,9 : 591.4"
"30,10 : 799.48"
"30,11 : 570.06"
"30,12 : 1074.15"
"30,13 : 580.02"
"30,14 : 302.25"
"30,15 : 381.48"
"30,16 : 656.5"
"30,17 : 863.67"
"30,18 : 701.48"
"30,19 : 598.62"
"30,20 : 392.18"
"30,21 : 632.32"
"30,22 : 856.42"
"30,23 : 760.13"
"30,24 : 503.87"
"30,25 : 743.9"
"30,26 : 445.26"
"30,27 : 713.44"
"30,28 : 474.51"
"30,29 : 113.22"
"30,30 : 0.0"
"30,31 : 340.24"
"30,32 : 514.87"
"30,33 : 777.28"
"30,34 : 643.33"
"30,35 : 662.21"
"30,36 : 664.0"
"30,37 : 110.0"
"30,38 : 448.09"
"30,39 : 748.38"
"30,40 : 108.19"
"30,41 : 301.14"
"30,42 : 576.51"
"30,43 : 486.26"
"30,44 : 286.47"
"30,45 : 712.96"
"30,46 : 728.38"
"30,47 : 479.73"
"30,48 : 933.8"
"30,49 : 470.06"
"31,0 : 226.24"
"31,1 : 413.27"
"31,2 : 341.78"
"31,3 : 413.67"
"31,4 : 269.43"
"31,5 : 461.64"
"31,6 : 815.63"
"31,7 : 610.02"
"31,8 : 571.63"
"31,9 : 393.28"
"31,10 : 573.66"
"31,11 : 290.43"
"31,12 : 1038.03"
"31,13 : 634.74"
"31,14 : 428.16"
"31,15 : 341.72"
"31,16 : 731.04"
"31,17 : 755.73"
"31,18 : 925.21"
"31,19 : 431.37"
"31,20 : 275.79"
"31,21 : 901.79"
"31,22 : 721.19"
"31,23 : 826.59"
"31,24 : 647.84"
"31,25 : 1000.87"
"31,26 : 587.59"
"31,27 : 920.12"
"31,28 : 498.86"
"31,29 : 439.75"
"31,30 : 340.24"
"31,31 : 0.0"
"31,32 : 483.14"
"31,33 : 501.42"
"31,34 : 523.11"
"31,35 : 379.89"
"31,36 : 612.08"
"31,37 : 371.29"
"31,38 : 355.17"
"31,39 : 421.6"
"31,40 : 391.78"
"31,41 : 595.27"
"31,42 : 412.61"
"31,43 : 612.65"
"31,44 : 501.85"
"31,45 : 809.07"
"31,46 : 854.77"
"31,47 : 352.85"
"31,48 : 874.31"
"31,49 : 484.69"
"32,0 : 358.15"
"32,1 : 560.76"
"32,2 : 202.78"
"32,3 : 134.81"
"32,4 : 215.03"
"32,5 : 66.4"
"32,6 : 348.82"
"32,7 : 127.58"
"32,8 : 595.37"
"32,9 : 256.97"
"32,10 : 410.26"
"32,11 : 390.92"
"32,12 : 573.11"
"32,13 : 180.43"
"32,14 : 246.68"
"32,15 : 150.23"
"32,16 : 274.24"
"32,17 : 353.14"
"32,18 : 596.2"
"32,19 : 211.19"
"32,20 : 208.31"
"32,21 : 654.12"
"32,22 : 358.8"
"32,23 : 355.53"
"32,24 : 291.9"
"32,25 : 711.6"
"32,26 : 263.69"
"32,27 : 567.97"
"32,28 : 82.28"
"32,29 : 613.5"
"32,30 : 514.87"
"32,31 : 483.14"
"32,32 : 0.0"
"32,33 : 483.66"
"32,34 : 168.69"
"32,35 : 431.03"
"32,36 : 149.58"
"32,37 : 620.8"
"32,38 : 133.02"
"32,39 : 601.94"
"32,40 : 445.9"
"32,41 : 505.19"
"32,42 : 200.9"
"32,43 : 251.28"
"32,44 : 352.75"
"32,45 : 358.0"
"32,46 : 422.91"
"32,47 : 157.89"
"32,48 : 422.16"
"32,49 : 70.41"
"33,0 : 595.19"
"33,1 : 848.19"
"33,2 : 314.45"
"33,3 : 352.05"
"33,4 : 411.26"
"33,5 : 417.54"
"33,6 : 617.98"
"33,7 : 542.18"
"33,8 : 960.59"
"33,9 : 232.17"
"33,10 : 150.48"
"33,11 : 213.41"
"33,12 : 788.4"
"33,13 : 652.41"
"33,14 : 656.32"
"33,15 : 478.13"
"33,16 : 732.6"
"33,17 : 469.54"
"33,18 : 1079.86"
"33,19 : 272.5"
"33,20 : 414.17"
"33,21 : 1129.95"
"33,22 : 402.12"
"33,23 : 782.8"
"33,24 : 774.38"
"33,25 : 1194.11"
"33,26 : 738.99"
"33,27 : 1050.84"
"33,28 : 561.14"
"33,29 : 890.11"
"33,30 : 777.28"
"33,31 : 501.42"
"33,32 : 483.66"
"33,33 : 0.0"
"33,34 : 351.4"
"33,35 : 121.56"
"33,36 : 488.11"
"33,37 : 845.66"
"33,38 : 408.83"
"33,39 : 209.39"
"33,40 : 771.69"
"33,41 : 918.53"
"33,42 : 283.92"
"33,43 : 733.09"
"33,44 : 772.62"
"33,45 : 812.93"
"33,46 : 887.41"
"33,47 : 363.24"
"33,48 : 627.27"
"33,49 : 545.54"
"34,0 : 466.65"
"34,1 : 698.51"
"34,2 : 181.84"
"34,3 : 113.95"
"34,4 : 271.9"
"34,5 : 113.44"
"34,6 : 310.43"
"34,7 : 191.31"
"34,8 : 753.66"
"34,9 : 167.0"
"34,10 : 250.77"
"34,11 : 331.39"
"34,12 : 523.05"
"34,13 : 308.46"
"34,14 : 406.9"
"34,15 : 262.39"
"34,16 : 382.46"
"34,17 : 234.44"
"34,18 : 744.93"
"34,19 : 109.22"
"34,20 : 268.02"
"34,21 : 816.19"
"34,22 : 213.86"
"34,23 : 432.5"
"34,24 : 450.35"
"34,25 : 865.81"
"34,26 : 429.44"
"34,27 : 711.23"
"34,28 : 250.06"
"34,29 : 749.84"
"34,30 : 643.33"
"34,31 : 523.11"
"34,32 : 168.69"
"34,33 : 351.4"
"34,34 : 0.0"
"34,35 : 334.97"
"34,36 : 138.54"
"34,37 : 742.16"
"34,38 : 197.06"
"34,39 : 510.37"
"34,40 : 590.52"
"34,41 : 671.19"
"34,42 : 119.33"
"34,43 : 411.83"
"34,44 : 518.05"
"34,45 : 461.81"
"34,46 : 537.13"
"34,47 : 176.8"
"34,48 : 355.61"
"34,49 : 239.08"
"35,0 : 483.35"
"35,1 : 734.16"
"35,2 : 236.88"
"35,3 : 296.52"
"35,4 : 313.97"
"35,5 : 368.72"
"35,6 : 633.76"
"35,7 : 514.23"
"35,8 : 854.43"
"35,9 : 177.1"
"35,10 : 223.9"
"35,11 : 93.13"
"35,12 : 826.14"
"35,13 : 609.34"
"35,14 : 568.06"
"35,15 : 392.34"
"35,16 : 697.78"
"35,17 : 507.19"
"35,18 : 1020.11"
"35,19 : 232.69"
"35,20 : 318.12"
"35,21 : 1055.61"
"35,22 : 447.97"
"35,23 : 761.76"
"35,24 : 712.03"
"35,25 : 1128.05"
"35,26 : 669.79"
"35,27 : 995.75"
"35,28 : 500.62"
"35,29 : 774.43"
"35,30 : 662.21"
"35,31 : 379.89"
"35,32 : 431.03"
"35,33 : 121.56"
"35,34 : 334.97"
"35,35 : 0.0"
"35,36 : 472.25"
"35,37 : 726.8"
"35,38 : 331.29"
"35,39 : 175.82"
"35,40 : 663.82"
"35,41 : 822.48"
"35,42 : 234.79"
"35,43 : 670.26"
"35,44 : 681.85"
"35,45 : 780.84"
"35,46 : 850.77"
"35,47 : 287.79"
"35,48 : 659.13"
"35,49 : 483.99"
"36,0 : 506.57"
"36,1 : 708.08"
"36,2 : 288.38"
"36,3 : 207.33"
"36,4 : 343.95"
"36,5 : 150.48"
"36,6 : 204.55"
"36,7 : 70.21"
"36,8 : 730.49"
"36,9 : 299.55"
"36,10 : 374.86"
"36,11 : 460.49"
"36,12 : 428.92"
"36,13 : 197.7"
"36,14 : 385.53"
"36,15 : 296.02"
"36,16 : 254.03"
"36,17 : 214.22"
"36,18 : 632.25"
"36,19 : 241.42"
"36,20 : 338.1"
"36,21 : 720.88"
"36,22 : 237.76"
"36,23 : 294.71"
"36,24 : 358.11"
"36,25 : 757.68"
"36,26 : 354.11"
"36,27 : 594.13"
"36,28 : 202.14"
"36,29 : 760.98"
"36,30 : 664.0"
"36,31 : 612.08"
"36,32 : 149.58"
"36,33 : 488.11"
"36,34 : 138.54"
"36,35 : 472.25"
"36,36 : 0.0"
"36,37 : 770.3"
"36,38 : 258.04"
"36,39 : 647.97"
"36,40 : 591.65"
"36,41 : 628.07"
"36,42 : 245.28"
"36,43 : 325.47"
"36,44 : 480.49"
"36,45 : 329.14"
"36,46 : 406.59"
"36,47 : 261.68"
"36,48 : 273.31"
"36,49 : 200.45"
"37,0 : 276.45"
"37,1 : 112.07"
"37,2 : 594.38"
"37,3 : 631.91"
"37,4 : 481.14"
"37,5 : 640.15"
"37,6 : 963.28"
"37,7 : 734.11"
"37,8 : 277.86"
"37,9 : 676.13"
"37,10 : 882.11"
"37,11 : 633.66"
"37,12 : 1183.28"
"37,13 : 690.02"
"37,14 : 412.24"
"37,15 : 482.66"
"37,16 : 765.97"
"37,17 : 966.57"
"37,18 : 790.01"
"37,19 : 689.32"
"37,20 : 482.85"
"37,21 : 706.15"
"37,22 : 955.96"
"37,23 : 869.5"
"37,24 : 610.33"
"37,25 : 820.62"
"37,26 : 552.79"
"37,27 : 806.15"
"37,28 : 583.44"
"37,29 : 93.65"
"37,30 : 110.0"
"37,31 : 371.29"
"37,32 : 620.8"
"37,33 : 845.66"
"37,34 : 742.16"
"37,35 : 726.8"
"37,36 : 770.3"
"37,37 : 0.0"
"37,38 : 545.35"
"37,39 : 792.24"
"37,40 : 211.54"
"37,41 : 376.64"
"37,42 : 667.22"
"37,43 : 594.4"
"37,44 : 389.68"
"37,45 : 821.12"
"37,46 : 833.96"
"37,47 : 573.28"
"37,48 : 1041.31"
"37,49 : 578.46"
"38,0 : 269.6"
"38,1 : 506.21"
"38,2 : 95.44"
"38,3 : 87.93"
"38,4 : 86.01"
"38,5 : 108.05"
"38,6 : 462.49"
"38,7 : 256.53"
"38,8 : 579.01"
"38,9 : 178.84"
"38,10 : 376.13"
"38,11 : 274.02"
"38,12 : 686.42"
"38,13 : 306.34"
"38,14 : 249.84"
"38,15 : 75.11"
"38,16 : 402.82"
"38,17 : 426.92"
"38,18 : 691.02"
"38,19 : 161.11"
"38,20 : 80.06"
"38,21 : 725.07"
"38,22 : 410.91"
"38,23 : 487.99"
"38,24 : 383.28"
"38,25 : 796.93"
"38,26 : 338.7"
"38,27 : 669.35"
"38,28 : 178.52"
"38,29 : 556.56"
"38,30 : 448.09"
"38,31 : 355.17"
"38,32 : 133.02"
"38,33 : 408.83"
"38,34 : 197.06"
"38,35 : 331.29"
"38,36 : 258.04"
"38,37 : 545.35"
"38,38 : 0.0"
"38,39 : 492.04"
"38,40 : 403.79"
"38,41 : 516.88"
"38,42 : 140.6"
"38,43 : 341.62"
"38,44 : 366.88"
"38,45 : 485.93"
"38,46 : 546.13"
"38,47 : 45.62"
"38,48 : 526.46"
"38,49 : 161.55"
"39,0 : 587.33"
"39,1 : 822.34"
"39,2 : 401.88"
"39,3 : 468.73"
"39,4 : 456.37"
"39,5 : 541.58"
"39,6 : 804.61"
"39,7 : 689.69"
"39,8 : 962.86"
"39,9 : 352.09"
"39,10 : 357.74"
"39,11 : 219.43"
"39,12 : 988.69"
"39,13 : 781.66"
"39,14 : 711.76"
"39,15 : 543.93"
"39,16 : 871.7"
"39,17 : 668.43"
"39,18 : 1182.86"
"39,19 : 408.38"
"39,20 : 461.9"
"39,21 : 1207.38"
"39,22 : 604.24"
"39,23 : 937.38"
"39,24 : 875.31"
"39,25 : 1286.09"
"39,26 : 829.11"
"39,27 : 1161.23"
"39,28 : 667.33"
"39,29 : 855.21"
"39,30 : 748.38"
"39,31 : 421.6"
"39,32 : 601.94"
"39,33 : 209.39"
"39,34 : 510.37"
"39,35 : 175.82"
"39,36 : 647.97"
"39,37 : 792.24"
"39,38 : 492.04"
"39,39 : 0.0"
"39,40 : 772.13"
"39,41 : 950.73"
"39,42 : 409.55"
"39,43 : 833.66"
"39,44 : 820.06"
"39,45 : 955.06"
"39,46 : 1023.81"
"39,47 : 451.64"
"39,48 : 824.0"
"39,49 : 650.43"
"40,0 : 184.81"
"40,1 : 119.52"
"40,2 : 477.05"
"40,3 : 490.95"
"40,4 : 365.4"
"40,5 : 479.73"
"40,6 : 773.66"
"40,7 : 546.26"
"40,8 : 191.38"
"40,9 : 566.0"
"40,10 : 773.31"
"40,11 : 575.46"
"40,12 : 988.58"
"40,13 : 487.02"
"40,14 : 212.05"
"40,15 : 330.65"
"40,16 : 557.9"
"40,17 : 798.95"
"40,18 : 595.48"
"40,19 : 562.79"
"40,20 : 364.14"
"40,21 : 534.46"
"40,22 : 799.42"
"40,23 : 660.93"
"40,24 : 398.83"
"40,25 : 643.59"
"40,26 : 341.77"
"40,27 : 606.07"
"40,28 : 393.89"
"40,29 : 172.15"
"40,30 : 108.19"
"40,31 : 391.78"
"40,32 : 445.9"
"40,33 : 771.69"
"40,34 : 590.52"
"40,35 : 663.82"
"40,36 : 591.65"
"40,37 : 211.54"
"40,38 : 403.79"
"40,39 : 772.13"
"40,40 : 0.0"
"40,41 : 208.75"
"40,42 : 541.22"
"40,43 : 383.89"
"40,44 : 178.84"
"40,45 : 610.38"
"40,46 : 622.48"
"40,47 : 442.0"
"40,48 : 855.47"
"40,49 : 392.31"
"41,0 : 374.9"
"41,1 : 264.61"
"41,2 : 606.5"
"41,3 : 594.32"
"41,4 : 509.08"
"41,5 : 558.61"
"41,6 : 773.8"
"41,7 : 566.82"
"41,8 : 138.68"
"41,9 : 694.54"
"41,10 : 891.3"
"41,11 : 741.24"
"41,12 : 966.98"
"41,13 : 467.62"
"41,14 : 268.47"
"41,15 : 443.18"
"41,16 : 505.92"
"41,17 : 842.15"
"41,18 : 417.63"
"41,19 : 675.66"
"41,20 : 505.48"
"41,21 : 331.69"
"41,22 : 860.04"
"41,23 : 598.5"
"41,24 : 323.69"
"41,25 : 444.78"
"41,26 : 290.41"
"41,27 : 439.77"
"41,28 : 430.15"
"41,29 : 296.06"
"41,30 : 301.14"
"41,31 : 595.27"
"41,32 : 505.19"
"41,33 : 918.53"
"41,34 : 671.19"
"41,35 : 822.48"
"41,36 : 628.07"
"41,37 : 376.64"
"41,38 : 516.88"
"41,39 : 950.73"
"41,40 : 208.75"
"41,41 : 0.0"
"41,42 : 656.41"
"41,43 : 331.86"
"41,44 : 153.26"
"41,45 : 531.83"
"41,46 : 517.78"
"41,47 : 561.48"
"41,48 : 860.71"
"41,49 : 436.9"
"42,0 : 391.81"
"42,1 : 638.79"
"42,2 : 74.89"
"42,3 : 68.24"
"42,4 : 186.1"
"42,5 : 135.87"
"42,6 : 429.42"
"42,7 : 280.52"
"42,8 : 719.18"
"42,9 : 57.71"
"42,10 : 235.55"
"42,11 : 215.33"
"42,12 : 641.97"
"42,13 : 375.82"
"42,14 : 388.34"
"42,15 : 215.67"
"42,16 : 463.06"
"42,17 : 344.29"
"42,18 : 796.61"
"42,19 : 22.14"
"42,20 : 184.68"
"42,21 : 847.19"
"42,22 : 309.14"
"42,23 : 528.43"
"42,24 : 490.51"
"42,25 : 910.19"
"42,26 : 455.69"
"42,27 : 768.86"
"42,28 : 277.22"
"42,29 : 687.6"
"42,30 : 576.51"
"42,31 : 412.61"
"42,32 : 200.9"
"42,33 : 283.92"
"42,34 : 119.33"
"42,35 : 234.79"
"42,36 : 245.28"
"42,37 : 667.22"
"42,38 : 140.6"
"42,39 : 409.55"
"42,40 : 541.22"
"42,41 : 656.41"
"42,42 : 0.0"
"42,43 : 449.18"
"42,44 : 505.2"
"42,45 : 546.06"
"42,46 : 616.38"
"42,47 : 99.25"
"42,48 : 474.1"
"42,49 : 261.63"
"43,0 : 410.64"
"43,1 : 499.78"
"43,2 : 433.67"
"43,3 : 381.17"
"43,4 : 390.87"
"43,5 : 317.57"
"43,6 : 444.3"
"43,7 : 256.7"
"43,8 : 457.67"
"43,9 : 502.84"
"43,10 : 659.88"
"43,11 : 615.31"
"43,12 : 635.57"
"43,13 : 139.64"
"43,14 : 197.29"
"43,15 : 298.29"
"43,16 : 178.93"
"43,17 : 532.05"
"43,18 : 349.87"
"43,19 : 461.4"
"43,20 : 384.16"
"43,21 : 404.4"
"43,22 : 563.1"
"43,23 : 279.26"
"43,24 : 41.77"
"43,25 : 461.02"
"43,26 : 43.84"
"43,27 : 328.11"
"43,28 : 171.96"
"43,29 : 549.74"
"43,30 : 486.26"
"43,31 : 612.65"
"43,32 : 251.28"
"43,33 : 733.09"
"43,34 : 411.83"
"43,35 : 670.26"
"43,36 : 325.47"
"43,37 : 594.4"
"43,38 : 341.62"
"43,39 : 833.66"
"43,40 : 383.89"
"43,41 : 331.86"
"43,42 : 449.18"
"43,43 : 0.0"
"43,44 : 214.67"
"43,45 : 226.74"
"43,46 : 249.47"
"43,47 : 382.99"
"43,48 : 531.61"
"43,49 : 187.77"
"44,0 : 275.97"
"44,1 : 288.53"
"44,2 : 458.7"
"44,3 : 442.05"
"44,4 : 368.21"
"44,5 : 405.36"
"44,6 : 638.82"
"44,7 : 422.57"
"44,8 : 252.76"
"44,9 : 545.5"
"44,10 : 739.38"
"44,11 : 605.18"
"44,12 : 842.68"
"44,13 : 336.43"
"44,14 : 117.05"
"44,15 : 294.72"
"44,16 : 393.28"
"44,17 : 694.62"
"44,18 : 431.7"
"44,19 : 524.0"
"44,20 : 363.8"
"44,21 : 401.33"
"44,22 : 709.37"
"44,23 : 493.85"
"44,24 : 223.29"
"44,25 : 499.12"
"44,26 : 170.94"
"44,27 : 435.84"
"44,28 : 279.87"
"44,29 : 336.87"
"44,30 : 286.47"
"44,31 : 501.85"
"44,32 : 352.75"
"44,33 : 772.62"
"44,34 : 518.05"
"44,35 : 681.85"
"44,36 : 480.49"
"44,37 : 389.68"
"44,38 : 366.88"
"44,39 : 820.06"
"44,40 : 178.84"
"44,41 : 153.26"
"44,42 : 505.2"
"44,43 : 214.67"
"44,44 : 0.0"
"44,45 : 437.66"
"44,46 : 444.74"
"44,47 : 412.04"
"44,48 : 724.49"
"44,49 : 285.41"
"45,0 : 625.42"
"45,1 : 725.29"
"45,2 : 560.42"
"45,3 : 487.02"
"45,4 : 557.8"
"45,5 : 414.01"
"45,6 : 327.32"
"45,7 : 270.76"
"45,8 : 666.8"
"45,9 : 603.75"
"45,10 : 703.96"
"45,11 : 748.25"
"45,12 : 460.99"
"45,13 : 179.64"
"45,14 : 419.0"
"45,15 : 471.09"
"45,16 : 83.82"
"45,17 : 473.47"
"45,18 : 339.0"
"45,19 : 549.75"
"45,20 : 550.73"
"45,21 : 468.03"
"45,22 : 528.51"
"45,23 : 77.1"
"45,24 : 215.0"
"45,25 : 468.77"
"45,26 : 268.66"
"45,27 : 291.53"
"45,28 : 313.64"
"45,29 : 774.43"
"45,30 : 712.96"
"45,31 : 809.07"
"45,32 : 358.0"
"45,33 : 812.93"
"45,34 : 461.81"
"45,35 : 780.84"
"45,36 : 329.14"
"45,37 : 821.12"
"45,38 : 485.93"
"45,39 : 955.06"
"45,40 : 610.38"
"45,41 : 531.83"
"45,42 : 546.06"
"45,43 : 226.74"
"45,44 : 437.66"
"45,45 : 0.0"
"45,46 : 79.32"
"45,47 : 515.69"
"45,48 : 406.97"
"45,49 : 329.44"
"46,0 : 659.56"
"46,1 : 732.74"
"46,2 : 625.56"
"46,3 : 555.08"
"46,4 : 612.97"
"46,5 : 482.3"
"46,6 : 401.79"
"46,7 : 345.83"
"46,8 : 655.79"
"46,9 : 674.04"
"46,10 : 781.39"
"46,11 : 813.72"
"46,12 : 516.24"
"46,13 : 242.5"
"46,14 : 446.75"
"46,15 : 523.26"
"46,16 : 154.81"
"46,17 : 551.91"
"46,18 : 268.37"
"46,19 : 621.4"
"46,20 : 605.92"
"46,21 : 407.95"
"46,22 : 607.67"
"46,23 : 145.34"
"46,24 : 225.0"
"46,25 : 397.12"
"46,26 : 285.73"
"46,27 : 218.55"
"46,28 : 369.24"
"46,29 : 779.53"
"46,30 : 728.38"
"46,31 : 854.77"
"46,32 : 422.91"
"46,33 : 887.41"
"46,34 : 537.13"
"46,35 : 850.77"
"46,36 : 406.59"
"46,37 : 833.96"
"46,38 : 546.13"
"46,39 : 1023.81"
"46,40 : 622.48"
"46,41 : 517.78"
"46,42 : 616.38"
"46,43 : 249.47"
"46,44 : 444.74"
"46,45 : 79.32"
"46,46 : 0.0"
"46,47 : 579.0"
"46,48 : 478.43"
"46,49 : 385.85"
"47,0 : 296.89"
"47,1 : 540.65"
"47,2 : 50.93"
"47,3 : 62.97"
"47,4 : 95.43"
"47,5 : 113.86"
"47,6 : 463.5"
"47,7 : 272.09"
"47,8 : 620.43"
"47,9 : 133.46"
"47,10 : 333.6"
"47,11 : 235.76"
"47,12 : 685.23"
"47,13 : 337.15"
"47,14 : 295.05"
"47,15 : 118.46"
"47,16 : 432.0"
"47,17 : 410.97"
"47,18 : 732.82"
"47,19 : 120.81"
"47,20 : 92.09"
"47,21 : 769.8"
"47,22 : 388.0"
"47,23 : 512.09"
"47,24 : 424.75"
"47,25 : 840.31"
"47,26 : 382.1"
"47,27 : 709.83"
"47,28 : 215.82"
"47,29 : 590.0"
"47,30 : 479.73"
"47,31 : 352.85"
"47,32 : 157.89"
"47,33 : 363.24"
"47,34 : 176.8"
"47,35 : 287.79"
"47,36 : 261.68"
"47,37 : 573.28"
"47,38 : 45.62"
"47,39 : 451.64"
"47,40 : 442.0"
"47,41 : 561.48"
"47,42 : 99.25"
"47,43 : 382.99"
"47,44 : 412.04"
"47,45 : 515.69"
"47,46 : 579.0"
"47,47 : 0.0"
"47,48 : 521.69"
"47,49 : 198.88"
"48,0 : 779.85"
"48,1 : 973.82"
"48,2 : 536.21"
"48,3 : 460.72"
"48,4 : 611.06"
"48,5 : 418.72"
"48,6 : 87.36"
"48,7 : 309.23"
"48,8 : 977.18"
"48,9 : 514.94"
"48,10 : 480.05"
"48,11 : 677.91"
"48,12 : 168.57"
"48,13 : 393.26"
