x,y
859,327
260,861
516,848
251,868
582,778
986,791
737,826
448,806
735,718
837,219
667,900
801,345
567,269
701,929
298,747
617,890
755,772
456,437
457,15
556,985
777,307
976,679
883,147
966,842
174,232
283,963
115,659
970,390
665,474
448,723
442,197
773,39
257,423
223,858
53,602
208,527
570,821
898,403
735,157
643,377
425,200
528,830
229,933
161,430
912,389
1,481
624,550
745,639
954,139
307,295

Distanze
"0,0 : 0.0"
"0,1 : 802.47"
"0,2 : 623.77"
"0,3 : 813.85"
"0,4 : 529.27"
"0,5 : 481.07"
"0,6 : 513.7"
"0,7 : 631.16"
"0,8 : 410.19"
"0,9 : 110.22"
"0,10 : 604.31"
"0,11 : 60.73"
"0,12 : 297.7"
"0,13 : 622.39"
"0,14 : 700.8"
"0,15 : 612.81"
"0,16 : 456.99"
"0,17 : 417.74"
"0,18 : 508.87"
"0,19 : 724.41"
"0,20 : 84.4"
"0,21 : 370.94"
"0,22 : 181.59"
"0,23 : 526.0"
"0,24 : 691.56"
"0,25 : 858.06"
"0,26 : 814.71"
"0,27 : 127.63"
"0,28 : 243.4"
"0,29 : 570.73"
"0,30 : 436.79"
"0,31 : 300.57"
"0,32 : 609.61"
"0,33 : 828.53"
"0,34 : 851.62"
"0,35 : 681.03"
"0,36 : 572.33"
"0,37 : 85.42"
"0,38 : 210.42"
"0,39 : 221.71"
"0,40 : 452.2"
"0,41 : 602.14"
"0,42 : 874.15"
"0,43 : 705.56"
"0,44 : 81.57"
"0,45 : 871.71"
"0,46 : 323.97"
"0,47 : 332.17"
"0,48 : 210.64"
"0,49 : 552.93"
"1,0 : 802.47"
"1,1 : 0.0"
"1,2 : 256.33"
"1,3 : 11.4"
"1,4 : 332.53"
"1,5 : 729.37"
"1,6 : 478.28"
"1,7 : 195.88"
"1,8 : 496.06"
"1,9 : 863.19"
"1,10 : 408.86"
"1,11 : 747.62"
"1,12 : 666.87"
"1,13 : 446.21"
"1,14 : 120.17"
"1,15 : 358.18"
"1,16 : 502.94"
"1,17 : 467.11"
"1,18 : 868.63"
"1,19 : 320.92"
"1,20 : 757.76"
"1,21 : 738.77"
"1,22 : 947.59"
"1,23 : 706.26"
"1,24 : 634.85"
"1,25 : 104.56"
"1,26 : 248.65"
"1,27 : 852.02"
"1,28 : 560.17"
"1,29 : 233.21"
"1,30 : 688.49"
"1,31 : 968.94"
"1,32 : 438.01"
"1,33 : 37.12"
"1,34 : 331.56"
"1,35 : 338.02"
"1,36 : 312.57"
"1,37 : 785.37"
"1,38 : 849.26"
"1,39 : 617.21"
"1,40 : 681.28"
"1,41 : 269.79"
"1,42 : 78.39"
"1,43 : 442.22"
"1,44 : 804.91"
"1,45 : 459.87"
"1,46 : 478.77"
"1,47 : 533.39"
"1,48 : 1001.46"
"1,49 : 567.95"
"2,0 : 623.77"
"2,1 : 256.33"
"2,2 : 0.0"
"2,3 : 265.75"
"2,4 : 96.21"
"2,5 : 473.44"
"2,6 : 222.09"
"2,7 : 79.92"
"2,8 : 254.68"
"2,9 : 706.17"
"2,10 : 159.7"
"2,11 : 578.13"
"2,12 : 581.24"
"2,13 : 201.96"
"2,14 : 240.26"
"2,15 : 109.38"
"2,16 : 250.79"
"2,17 : 415.36"
"2,18 : 835.09"
"2,19 : 142.72"
"2,20 : 600.67"
"2,21 : 490.06"
"2,22 : 791.26"
"2,23 : 450.04"
"2,24 : 704.57"
"2,25 : 259.83"
"2,26 : 443.31"
"2,27 : 644.89"
"2,28 : 402.59"
"2,29 : 142.3"
"2,30 : 655.19"
"2,31 : 848.84"
"2,32 : 497.7"
"2,33 : 293.17"
"2,34 : 524.29"
"2,35 : 444.87"
"2,36 : 60.37"
"2,37 : 586.47"
"2,38 : 724.87"
"2,39 : 487.82"
"2,40 : 654.36"
"2,41 : 21.63"
"2,42 : 299.32"
"2,43 : 548.41"
"2,44 : 606.22"
"2,45 : 632.39"
"2,46 : 316.97"
"2,47 : 310.04"
"2,48 : 833.38"
"2,49 : 591.18"
"3,0 : 813.85"
"3,1 : 11.4"
"3,2 : 265.75"
"3,3 : 0.0"
"3,4 : 343.02"
"3,5 : 739.02"
"3,6 : 487.81"
"3,7 : 206.53"
"3,8 : 506.71"
"3,9 : 874.41"
"3,10 : 417.23"
"3,11 : 758.97"
"3,12 : 677.24"
"3,13 : 454.12"
"3,14 : 129.81"
"3,15 : 366.66"
"3,16 : 513.06"
"3,17 : 477.27"
"3,18 : 877.52"
"3,19 : 326.67"
"3,20 : 769.02"
"3,21 : 749.23"
"3,22 : 958.78"
"3,23 : 715.47"
"3,24 : 640.64"
"3,25 : 100.24"
"3,26 : 249.35"
"3,27 : 863.39"
"3,28 : 571.52"
"3,29 : 244.61"
"3,30 : 697.65"
"3,31 : 979.66"
"3,32 : 445.04"
"3,33 : 29.73"
"3,34 : 331.6"
"3,35 : 343.7"
"3,36 : 322.44"
"3,37 : 796.76"
"3,38 : 860.1"
"3,39 : 628.29"
"3,40 : 690.29"
"3,41 : 279.59"
"3,42 : 68.62"
"3,43 : 447.15"
"3,44 : 816.31"
"3,45 : 460.73"
"3,46 : 490.16"
"3,47 : 544.5"
"3,48 : 1012.74"
"3,49 : 575.73"
"4,0 : 529.27"
"4,1 : 332.53"
"4,2 : 96.21"
"4,3 : 343.02"
"4,4 : 0.0"
"4,5 : 404.21"
"4,6 : 162.26"
"4,7 : 136.89"
"4,8 : 164.34"
"4,9 : 614.42"
"4,10 : 148.69"
"4,11 : 485.23"
"4,12 : 509.22"
"4,13 : 192.26"
"4,14 : 285.69"
"4,15 : 117.34"
"4,16 : 173.1"
"4,17 : 363.53"
"4,18 : 773.17"
"4,19 : 208.63"
"4,20 : 509.77"
"4,21 : 406.25"
"4,22 : 699.12"
"4,23 : 389.3"
"4,24 : 681.6"
"4,25 : 351.6"
"4,26 : 481.92"
"4,27 : 548.71"
"4,28 : 315.13"
"4,29 : 144.85"
"4,30 : 597.63"
"4,31 : 763.28"
"4,32 : 481.3"
"4,33 : 367.81"
"4,34 : 557.51"
"4,35 : 450.42"
"4,36 : 44.64"
"4,37 : 490.39"
"4,38 : 639.57"
"4,39 : 405.61"
"4,40 : 598.94"
"4,41 : 74.97"
"4,42 : 385.53"
"4,43 : 546.21"
"4,44 : 510.12"
"4,45 : 652.51"
"4,46 : 231.84"
"4,47 : 214.22"
"4,48 : 739.4"
"4,49 : 555.8"
"5,0 : 481.07"
"5,1 : 729.37"
"5,2 : 473.44"
"5,3 : 739.02"
"5,4 : 404.21"
"5,5 : 0.0"
"5,6 : 251.45"
"5,7 : 538.21"
"5,8 : 261.4"
"5,9 : 591.09"
"5,10 : 337.11"
"5,11 : 482.85"
"5,12 : 669.36"
"5,13 : 316.65"
"5,14 : 689.41"
"5,15 : 382.05"
"5,16 : 231.78"
"5,17 : 637.35"
"5,18 : 939.16"
"5,19 : 471.74"
"5,20 : 527.2"
"5,21 : 112.45"
"5,22 : 652.18"
"5,23 : 54.78"
"5,24 : 985.81"
"5,25 : 723.74"
"5,26 : 880.95"
"5,27 : 401.32"
"5,28 : 451.14"
"5,29 : 542.28"
"5,30 : 805.46"
"5,31 : 781.58"
"5,32 : 816.62"
"5,33 : 765.94"
"5,34 : 951.95"
"5,35 : 821.57"
"5,36 : 417.08"
"5,37 : 397.85"
"5,38 : 681.88"
"5,39 : 537.63"
"5,40 : 814.86"
"5,41 : 459.66"
"5,42 : 770.2"
"5,43 : 900.53"
"5,44 : 408.75"
"5,45 : 1032.63"
"5,46 : 434.89"
"5,47 : 284.93"
"5,48 : 652.78"
"5,49 : 840.87"
"6,0 : 513.7"
"6,1 : 478.28"
"6,2 : 222.09"
"6,3 : 487.81"
"6,4 : 162.26"
"6,5 : 251.45"
"6,6 : 0.0"
"6,7 : 289.69"
"6,8 : 108.02"
"6,9 : 615.18"
"6,10 : 101.86"
"6,11 : 485.24"
"6,12 : 582.37"
"6,13 : 109.11"
"6,14 : 446.05"
"6,15 : 136.0"
"6,16 : 56.92"
"6,17 : 479.88"
"6,18 : 857.97"
"6,19 : 240.92"
"6,20 : 520.54"
"6,21 : 280.59"
"6,22 : 694.52"
"6,23 : 229.56"
"6,24 : 818.42"
"6,25 : 474.22"
"6,26 : 644.03"
"6,27 : 494.35"
"6,28 : 359.29"
"6,29 : 306.81"
"6,30 : 694.74"
"6,31 : 787.82"
"6,32 : 626.74"
"6,33 : 515.0"
"6,34 : 719.74"
"6,35 : 607.65"
"6,36 : 167.07"
"6,37 : 452.6"
"6,38 : 669.0"
"6,39 : 458.73"
"6,40 : 699.44"
"6,41 : 209.04"
"6,42 : 519.15"
"6,43 : 698.99"
"6,44 : 470.74"
"6,45 : 812.85"
"6,46 : 298.24"
"6,47 : 187.17"
"6,48 : 720.46"
"6,49 : 683.27"
"7,0 : 631.16"
"7,1 : 195.88"
"7,2 : 79.92"
"7,3 : 206.53"
"7,4 : 136.89"
"7,5 : 538.21"
"7,6 : 289.69"
"7,7 : 0.0"
"7,8 : 300.19"
"7,9 : 704.19"
"7,10 : 238.32"
"7,11 : 580.63"
"7,12 : 550.03"
"7,13 : 281.31"
"7,14 : 161.19"
"7,15 : 188.72"
"7,16 : 308.88"
"7,17 : 369.09"
"7,18 : 791.05"
"7,19 : 209.06"
"7,20 : 597.7"
"7,21 : 543.06"
"7,22 : 789.62"
"7,23 : 519.25"
"7,24 : 636.04"
"7,25 : 227.76"
"7,26 : 364.0"
"7,27 : 667.49"
"7,28 : 396.63"
"7,29 : 83.0"
"7,30 : 609.03"
"7,31 : 833.02"
"7,32 : 427.98"
"7,33 : 230.93"
"7,34 : 444.57"
"7,35 : 368.02"
"7,36 : 122.92"
"7,37 : 604.08"
"7,38 : 709.63"
"7,39 : 471.24"
"7,40 : 606.44"
"7,41 : 83.52"
"7,42 : 253.16"
"7,43 : 473.02"
"7,44 : 623.85"
"7,45 : 552.66"
"7,46 : 310.66"
"7,47 : 340.73"
"7,48 : 837.21"
"7,49 : 530.1"
"8,0 : 410.19"
"8,1 : 496.06"
"8,2 : 254.68"
"8,3 : 506.71"
"8,4 : 164.34"
"8,5 : 261.4"
"8,6 : 108.02"
"8,7 : 300.19"
"8,8 : 0.0"
"8,9 : 509.32"
"8,10 : 194.29"
"8,11 : 378.79"
"8,12 : 479.4"
"8,13 : 213.72"
"8,14 : 437.96"
"8,15 : 208.59"
"8,16 : 57.58"
"8,17 : 395.98"
"8,18 : 755.97"
"8,19 : 321.45"
"8,20 : 413.14"
"8,21 : 244.14"
"8,22 : 589.87"
"8,23 : 262.18"
"8,24 : 742.24"
"8,25 : 514.13"
"8,26 : 622.8"
"8,27 : 403.5"
"8,28 : 253.84"
"8,29 : 287.04"
"8,30 : 597.74"
"8,31 : 680.06"
"8,32 : 561.7"
"8,33 : 530.8"
"8,34 : 691.79"
"8,35 : 560.54"
"8,36 : 194.51"
"8,37 : 354.67"
"8,38 : 561.0"
"8,39 : 353.19"
"8,40 : 603.68"
"8,41 : 235.36"
"8,42 : 549.78"
"8,43 : 642.2"
"8,44 : 373.59"
"8,45 : 771.31"
"8,46 : 201.36"
"8,47 : 79.63"
"8,48 : 619.03"
"8,49 : 601.76"
"9,0 : 110.22"
"9,1 : 863.19"
"9,2 : 706.17"
"9,3 : 874.41"
"9,4 : 614.42"
"9,5 : 591.09"
"9,6 : 615.18"
"9,7 : 704.19"
"9,8 : 509.32"
"9,9 : 0.0"
"9,10 : 701.9"
"9,11 : 131.04"
"9,12 : 274.59"
"9,13 : 722.91"
"9,14 : 754.52"
"9,15 : 706.15"
"9,16 : 559.05"
"9,17 : 438.96"
"9,18 : 431.3"
"9,19 : 815.91"
"9,20 : 106.51"
"9,21 : 480.54"
"9,22 : 85.44"
"9,23 : 636.22"
"9,24 : 663.13"
"9,25 : 927.61"
"9,26 : 845.51"
"9,27 : 216.63"
"9,28 : 307.59"
"9,29 : 636.66"
"9,30 : 395.61"
"9,31 : 191.04"
"9,32 : 614.83"
"9,33 : 886.18"
"9,34 : 872.55"
"9,35 : 700.36"
"9,36 : 658.55"
"9,37 : 193.85"
"9,38 : 119.36"
"9,39 : 250.2"
"9,40 : 412.44"
"9,41 : 684.69"
"9,42 : 937.8"
"9,43 : 708.16"
"9,44 : 185.81"
"9,45 : 876.09"
"9,46 : 393.61"
"9,47 : 429.96"
"9,48 : 141.74"
"9,49 : 535.42"
"10,0 : 604.31"
"10,1 : 408.86"
"10,2 : 159.7"
"10,3 : 417.23"
"10,4 : 148.69"
"10,5 : 337.11"
"10,6 : 101.86"
"10,7 : 238.32"
"10,8 : 194.29"
"10,9 : 701.9"
"10,10 : 0.0"
"10,11 : 570.95"
"10,12 : 638.87"
"10,13 : 44.69"
"10,14 : 399.46"
"10,15 : 50.99"
"10,16 : 155.33"
"10,17 : 508.81"
"10,18 : 909.57"
"10,19 : 139.81"
"10,20 : 603.12"
"10,21 : 379.9"
"10,22 : 783.37"
"10,23 : 304.57"
"10,24 : 830.22"
"10,25 : 389.13"
"10,26 : 602.32"
"10,27 : 593.22"
"10,28 : 426.0"
"10,29 : 281.58"
"10,30 : 738.13"
"10,31 : 867.5"
"10,32 : 628.99"
"10,33 : 445.98"
"10,34 : 682.5"
"10,35 : 591.45"
"10,36 : 125.1"
"10,37 : 548.06"
"10,38 : 746.11"
"10,39 : 523.55"
"10,40 : 740.65"
"10,41 : 155.63"
"10,42 : 439.24"
"10,43 : 690.61"
"10,44 : 566.7"
"10,45 : 786.84"
"10,46 : 352.63"
"10,47 : 272.41"
"10,48 : 813.32"
"10,49 : 704.01"
"11,0 : 60.73"
"11,1 : 747.62"
"11,2 : 578.13"
"11,3 : 758.97"
"11,4 : 485.23"
"11,5 : 482.85"
"11,6 : 485.24"
"11,7 : 580.63"
"11,8 : 378.79"
"11,9 : 131.04"
"11,10 : 570.95"
"11,11 : 0.0"
"11,12 : 246.03"
"11,13 : 592.5"
"11,14 : 643.9"
"11,15 : 575.22"
"11,16 : 429.47"
"11,17 : 357.06"
"11,18 : 476.69"
"11,19 : 685.29"
"11,20 : 44.94"
"11,21 : 377.07"
"11,22 : 214.31"
"11,23 : 523.67"
"11,24 : 637.1"
"11,25 : 806.38"
"11,26 : 754.45"
"11,27 : 174.89"
"11,28 : 187.45"
"11,29 : 517.2"
"11,30 : 388.31"
"11,31 : 307.28"
"11,32 : 549.56"
"11,33 : 772.82"
"11,34 : 790.92"
"11,35 : 620.3"
"11,36 : 529.09"
"11,37 : 113.02"
"11,38 : 199.25"
"11,39 : 161.21"
"11,40 : 402.99"
"11,41 : 556.56"
"11,42 : 820.32"
"11,43 : 645.62"
"11,44 : 119.4"
"11,45 : 811.48"
"11,46 : 270.84"
"11,47 : 299.29"
"11,48 : 256.6"
"11,49 : 496.52"
"12,0 : 297.7"
"12,1 : 666.87"
"12,2 : 581.24"
"12,3 : 677.24"
"12,4 : 509.22"
"12,5 : 669.36"
"12,6 : 582.37"
"12,7 : 550.03"
"12,8 : 479.4"
"12,9 : 274.59"
"12,10 : 638.87"
"12,11 : 246.03"
"12,12 : 0.0"
"12,13 : 673.47"
"12,14 : 548.49"
"12,15 : 623.01"
"12,16 : 536.99"
"12,17 : 201.36"
"12,18 : 276.8"
"12,19 : 716.08"
"12,20 : 213.41"
"12,21 : 579.12"
"12,22 : 338.73"
"12,23 : 698.23"
"12,24 : 394.74"
"12,25 : 749.86"
"12,26 : 597.0"
"12,27 : 420.77"
"12,28 : 227.22"
"12,29 : 469.34"
"12,30 : 144.25"
"12,31 : 308.77"
"12,32 : 346.14"
"12,33 : 682.1"
"12,34 : 612.44"
"12,35 : 442.09"
"12,36 : 552.01"
"12,37 : 357.1"
"12,38 : 201.91"
"12,39 : 132.06"
"12,40 : 157.88"
"12,41 : 562.35"
"12,42 : 745.08"
"12,43 : 436.76"
"12,44 : 365.27"
"12,45 : 604.4"
"12,46 : 286.72"
"12,47 : 410.59"
"12,48 : 408.25"
"12,49 : 261.3"
"13,0 : 622.39"
"13,1 : 446.21"
"13,2 : 201.96"
"13,3 : 454.12"
"13,4 : 192.26"
"13,5 : 316.65"
"13,6 : 109.11"
"13,7 : 281.31"
"13,8 : 213.72"
"13,9 : 722.91"
"13,10 : 44.69"
"13,11 : 592.5"
"13,12 : 673.47"
"13,13 : 0.0"
"13,14 : 442.19"
"13,15 : 92.61"
"13,16 : 166.03"
"13,17 : 549.63"
"13,18 : 946.01"
"13,19 : 155.44"
"13,20 : 626.63"
"13,21 : 371.65"
"13,22 : 802.9"
"13,23 : 278.92"
"13,24 : 873.81"
"13,25 : 419.38"
"13,26 : 645.21"
"13,27 : 602.4"
"13,28 : 456.42"
"13,29 : 326.26"
"13,30 : 776.47"
"13,31 : 892.91"
"13,32 : 673.18"
"13,33 : 483.24"
"13,34 : 725.83"
"13,35 : 636.12"
"13,36 : 169.78"
"13,37 : 561.68"
"13,38 : 772.75"
"13,39 : 555.04"
"13,40 : 779.5"
"13,41 : 199.32"
"13,42 : 472.02"
"13,43 : 735.26"
"13,44 : 579.76"
"13,45 : 831.09"
"13,46 : 386.74"
"13,47 : 293.32"
"13,48 : 829.52"
"13,49 : 746.45"
"14,0 : 700.8"
"14,1 : 120.17"
"14,2 : 240.26"
"14,3 : 129.81"
"14,4 : 285.69"
"14,5 : 689.41"
"14,6 : 446.05"
"14,7 : 161.19"
"14,8 : 437.96"
"14,9 : 754.52"
"14,10 : 399.46"
"14,11 : 643.9"
"14,12 : 548.49"
"14,13 : 442.19"
"14,14 : 0.0"
"14,15 : 349.59"
"14,16 : 457.68"
"14,17 : 347.94"
"14,18 : 749.07"
"14,19 : 351.01"
"14,20 : 650.42"
"14,21 : 681.4"
"14,22 : 837.99"
"14,23 : 674.72"
"14,24 : 529.72"
"14,25 : 216.52"
"14,26 : 203.06"
"14,27 : 760.94"
"14,28 : 457.4"
"14,29 : 151.91"
"14,30 : 568.54"
"14,31 : 852.58"
"14,32 : 326.58"
"14,33 : 133.96"
"14,34 : 284.69"
"14,35 : 237.7"
"14,36 : 281.89"
"14,37 : 691.62"
"14,38 : 734.21"
"14,39 : 505.89"
"14,40 : 561.55"
"14,41 : 244.52"
"14,42 : 198.39"
"14,43 : 345.34"
"14,44 : 710.75"
"14,45 : 398.7"
"14,46 : 380.9"
"14,47 : 459.86"
"14,48 : 894.43"
"14,49 : 452.09"
"15,0 : 612.81"
"15,1 : 358.18"
"15,2 : 109.38"
"15,3 : 366.66"
"15,4 : 117.34"
"15,5 : 382.05"
"15,6 : 136.0"
"15,7 : 188.72"
"15,8 : 208.59"
"15,9 : 706.15"
"15,10 : 50.99"
"15,11 : 575.22"
"15,12 : 623.01"
"15,13 : 92.61"
"15,14 : 349.59"
"15,15 : 0.0"
"15,16 : 181.57"
"15,17 : 480.76"
"15,18 : 889.51"
"15,19 : 112.9"
"15,20 : 604.56"
"15,21 : 416.42"
"15,22 : 789.18"
"15,23 : 352.29"
"15,24 : 793.23"
"15,25 : 341.88"
"15,26 : 552.6"
"15,27 : 612.05"
"15,28 : 418.76"
"15,29 : 237.59"
"15,30 : 714.75"
"15,31 : 865.18"
"15,32 : 589.65"
"15,33 : 395.3"
"15,34 : 633.28"
"15,35 : 546.85"
"15,36 : 83.49"
"15,37 : 562.25"
"15,38 : 742.44"
"15,39 : 513.66"
"15,40 : 716.22"
"15,41 : 107.34"
"15,42 : 390.38"
"15,43 : 647.72"
"15,44 : 581.4"
"15,45 : 739.42"
"15,46 : 340.07"
"15,47 : 281.75"
"15,48 : 823.15"
"15,49 : 670.91"
"16,0 : 456.99"
"16,1 : 502.94"
"16,2 : 250.79"
"16,3 : 513.06"
"16,4 : 173.1"
"16,5 : 231.78"
"16,6 : 56.92"
"16,7 : 308.88"
"16,8 : 57.58"
"16,9 : 559.05"
"16,10 : 155.33"
"16,11 : 429.47"
"16,12 : 536.99"
"16,13 : 166.03"
"16,14 : 457.68"
"16,15 : 181.57"
"16,16 : 0.0"
"16,17 : 449.03"
"16,18 : 813.54"
"16,19 : 291.5"
"16,20 : 465.52"
"16,21 : 239.77"
"16,22 : 637.97"
"16,23 : 222.31"
"16,24 : 793.2"
"16,25 : 509.18"
"16,26 : 649.9"
"16,27 : 438.35"
"16,28 : 311.29"
"16,29 : 310.89"
"16,30 : 654.67"
"16,31 : 733.22"
"16,32 : 608.12"
"16,33 : 538.91"
"16,34 : 722.29"
"16,35 : 599.36"
"16,36 : 191.38"
"16,37 : 395.74"
"16,38 : 615.33"
"16,39 : 410.57"
"16,40 : 660.37"
"16,41 : 234.29"
"16,42 : 550.09"
"16,43 : 685.42"
"16,44 : 413.93"
"16,45 : 808.21"
"16,46 : 257.77"
"16,47 : 133.38"
"16,48 : 663.54"
"16,49 : 654.4"
"17,0 : 417.74"
"17,1 : 467.11"
"17,2 : 415.36"
"17,3 : 477.27"
"17,4 : 363.53"
"17,5 : 637.35"
"17,6 : 479.88"
"17,7 : 369.09"
"17,8 : 395.98"
"17,9 : 438.96"
"17,10 : 508.81"
"17,11 : 357.06"
"17,12 : 201.36"
"17,13 : 549.63"
"17,14 : 347.94"
"17,15 : 480.76"
"17,16 : 449.03"
"17,17 : 0.0"
"17,18 : 422.0"
"17,19 : 557.05"
"17,20 : 346.32"
"17,21 : 573.55"
"17,22 : 516.17"
"17,23 : 651.25"
"17,24 : 348.64"
"17,25 : 553.72"
"17,26 : 406.9"
"17,27 : 516.14"
"17,28 : 212.25"
"17,29 : 286.11"
"17,30 : 240.41"
"17,31 : 508.82"
"17,32 : 199.49"
"17,33 : 481.18"
"17,34 : 435.47"
"17,35 : 263.83"
"17,36 : 400.56"
"17,37 : 443.31"
"17,38 : 395.27"
"17,39 : 196.39"
"17,40 : 239.02"
"17,41 : 399.54"
"17,42 : 545.48"
"17,43 : 295.08"
"17,44 : 458.52"
"17,45 : 457.12"
"17,46 : 202.47"
"17,47 : 352.6"
"17,48 : 580.35"
"17,49 : 205.83"
"18,0 : 508.87"
"18,1 : 868.63"
"18,2 : 835.09"
"18,3 : 877.52"
"18,4 : 773.17"
"18,5 : 939.16"
"18,6 : 857.97"
"18,7 : 791.05"
"18,8 : 755.97"
"18,9 : 431.3"
"18,10 : 909.57"
"18,11 : 476.69"
"18,12 : 276.8"
"18,13 : 946.01"
"18,14 : 749.07"
"18,15 : 889.51"
"18,16 : 813.54"
"18,17 : 422.0"
"18,18 : 0.0"
"18,19 : 975.04"
"18,20 : 433.2"
"18,21 : 842.77"
"18,22 : 445.98"
"18,23 : 971.09"
"18,24 : 356.62"
"18,25 : 963.84"
"18,26 : 729.18"
"18,27 : 635.45"
"18,28 : 503.93"
"18,29 : 708.06"
"18,30 : 182.62"
"18,31 : 316.91"
"18,32 : 454.38"
"18,33 : 874.87"
"18,34 : 712.59"
"18,35 : 569.34"
"18,36 : 813.88"
"18,37 : 587.39"
"18,38 : 312.17"
"18,39 : 406.99"
"18,40 : 187.75"
"18,41 : 818.09"
"18,42 : 945.89"
"18,43 : 509.75"
"18,44 : 588.98"
"18,45 : 651.99"
"18,46 : 560.46"
"18,47 : 687.26"
"18,48 : 512.24"
"18,49 : 317.65"
"19,0 : 724.41"
"19,1 : 320.92"
"19,2 : 142.72"
"19,3 : 326.67"
"19,4 : 208.63"
"19,5 : 471.74"
"19,6 : 240.92"
"19,7 : 209.06"
"19,8 : 321.45"
"19,9 : 815.91"
"19,10 : 139.81"
"19,11 : 685.29"
"19,12 : 716.08"
"19,13 : 155.44"
"19,14 : 351.01"
"19,15 : 112.9"
"19,16 : 291.5"
"19,17 : 557.05"
"19,18 : 975.04"
"19,19 : 0.0"
"19,20 : 713.11"
"19,21 : 519.65"
"19,22 : 899.54"
"19,23 : 434.22"
"19,24 : 844.35"
"19,25 : 273.89"
"19,26 : 548.41"
"19,27 : 724.86"
"19,28 : 522.5"
"19,29 : 283.39"
"19,30 : 796.2"
"19,31 : 970.57"
"19,32 : 636.59"
"19,33 : 356.4"
"19,34 : 632.22"
"19,35 : 575.21"
"19,36 : 164.6"
"19,37 : 675.05"
"19,38 : 847.13"
"19,39 : 614.19"
"19,40 : 795.86"
"19,41 : 157.51"
"19,42 : 331.11"
"19,43 : 681.21"
"19,44 : 694.23"
"19,45 : 749.69"
"19,46 : 440.28"
"19,47 : 394.25"
"19,48 : 934.94"
"19,49 : 733.55"
"20,0 : 84.4"
"20,1 : 757.76"
"20,2 : 600.67"
"20,3 : 769.02"
"20,4 : 509.77"
"20,5 : 527.2"
"20,6 : 520.54"
"20,7 : 597.7"
"20,8 : 413.14"
"20,9 : 106.51"
"20,10 : 603.12"
"20,11 : 44.94"
"20,12 : 213.41"
"20,13 : 626.63"
"20,14 : 650.42"
"20,15 : 604.56"
"20,16 : 465.52"
"20,17 : 346.32"
"20,18 : 433.2"
"20,19 : 713.11"
"20,20 : 0.0"
"20,21 : 421.88"
"20,22 : 191.93"
"20,23 : 567.4"
"20,24 : 607.65"
"20,25 : 821.2"
"20,26 : 749.77"
"20,27 : 210.09"
"20,28 : 201.08"
"20,29 : 530.37"
"20,30 : 352.6"
"20,31 : 268.03"
"20,32 : 532.78"
"20,33 : 781.36"
"20,34 : 781.79"
"20,35 : 610.05"
"20,36 : 554.12"
"20,37 : 154.46"
"20,38 : 155.77"
"20,39 : 151.18"
"20,40 : 367.9"
"20,41 : 579.25"
"20,42 : 831.97"
"20,43 : 628.16"
"20,44 : 157.95"
"20,45 : 795.27"
"20,46 : 287.16"
"20,47 : 333.54"
"20,48 : 244.03"
"20,49 : 470.15"
"21,0 : 370.94"
"21,1 : 738.77"
"21,2 : 490.06"
"21,3 : 749.23"
"21,4 : 406.25"
"21,5 : 112.45"
"21,6 : 280.59"
"21,7 : 543.06"
"21,8 : 244.14"
"21,9 : 480.54"
"21,10 : 379.9"
"21,11 : 377.07"
"21,12 : 579.12"
"21,13 : 371.65"
"21,14 : 681.4"
"21,15 : 416.42"
"21,16 : 239.77"
"21,17 : 573.55"
"21,18 : 842.77"
"21,19 : 519.65"
"21,20 : 421.88"
"21,21 : 0.0"
"21,22 : 540.07"
"21,23 : 163.31"
"21,24 : 918.16"
"21,25 : 748.94"
"21,26 : 861.23"
"21,27 : 289.06"
"21,28 : 372.49"
"21,29 : 529.83"
"21,30 : 719.36"
"21,31 : 671.42"
"21,32 : 763.21"
"21,33 : 773.98"
"21,34 : 926.21"
"21,35 : 782.9"
"21,36 : 430.12"
"21,37 : 286.81"
"21,38 : 574.95"
"21,39 : 449.55"
"21,40 : 730.1"
"21,41 : 472.76"
"21,42 : 789.0"
"21,43 : 852.19"
"21,44 : 296.98"
"21,45 : 994.9"
"21,46 : 374.89"
"21,47 : 234.44"
"21,48 : 540.45"
"21,49 : 771.37"
"22,0 : 181.59"
"22,1 : 947.59"
"22,2 : 791.26"
"22,3 : 958.78"
"22,4 : 699.12"
"22,5 : 652.18"
"22,6 : 694.52"
"22,7 : 789.62"
"22,8 : 589.87"
"22,9 : 85.44"
"22,10 : 783.37"
"22,11 : 214.31"
"22,12 : 338.73"
"22,13 : 802.9"
"22,14 : 837.99"
"22,15 : 789.18"
"22,16 : 637.97"
"22,17 : 516.17"
"22,18 : 445.98"
"22,19 : 899.54"
"22,20 : 191.93"
"22,21 : 540.07"
"22,22 : 0.0"
"22,23 : 699.94"
"22,24 : 714.08"
"22,25 : 1012.85"
"22,26 : 923.02"
"22,27 : 258.1"
"22,28 : 393.01"
"22,29 : 721.8"
"22,30 : 443.83"
"22,31 : 154.16"
"22,32 : 684.14"
"22,33 : 970.11"
"22,34 : 946.53"
"22,35 : 774.61"
"22,36 : 743.13"
"22,37 : 256.44"
"22,38 : 148.34"
"22,39 : 332.42"
"22,40 : 461.06"
"22,41 : 769.75"
"22,42 : 1022.5"
"22,43 : 775.48"
"22,44 : 243.73"
"22,45 : 943.12"
"22,46 : 479.05"
"22,47 : 510.99"
"22,48 : 71.45"
"22,49 : 594.71"
"23,0 : 526.0"
"23,1 : 706.26"
"23,2 : 450.04"
"23,3 : 715.47"
"23,4 : 389.3"
"23,5 : 54.78"
"23,6 : 229.56"
"23,7 : 519.25"
"23,8 : 262.18"
"23,9 : 636.22"
"23,10 : 304.57"
"23,11 : 523.67"
"23,12 : 698.23"
"23,13 : 278.92"
"23,14 : 674.72"
"23,15 : 352.29"
"23,16 : 222.31"
"23,17 : 651.25"
"23,18 : 971.09"
"23,19 : 434.22"
"23,20 : 567.4"
"23,21 : 163.31"
"23,22 : 699.94"
"23,23 : 0.0"
"23,24 : 999.68"
"23,25 : 693.64"
"23,26 : 870.45"
"23,27 : 452.02"
"23,28 : 475.42"
"23,29 : 531.49"
"23,30 : 831.02"
"23,31 : 825.87"
"23,32 : 823.55"
"23,33 : 743.17"
"23,34 : 944.02"
"23,35 : 820.85"
"23,36 : 396.56"
"23,37 : 444.24"
"23,38 : 722.9"
"23,39 : 566.17"
"23,40 : 839.55"
"23,41 : 438.16"
"23,42 : 742.6"
"23,43 : 904.31"
"23,44 : 456.21"
"23,45 : 1030.31"
"23,46 : 449.7"
"23,47 : 300.08"
"23,48 : 703.1"
"23,49 : 856.44"
"24,0 : 691.56"
"24,1 : 634.85"
"24,2 : 704.57"
"24,3 : 640.64"
"24,4 : 681.6"
"24,5 : 985.81"
"24,6 : 818.42"
"24,7 : 636.04"
"24,8 : 742.24"
"24,9 : 663.13"
"24,10 : 830.22"
"24,11 : 637.1"
"24,12 : 394.74"
"24,13 : 873.81"
"24,14 : 529.72"
"24,15 : 793.23"
"24,16 : 793.2"
"24,17 : 348.64"
"24,18 : 356.62"
"24,19 : 844.35"
"24,20 : 607.65"
"24,21 : 918.16"
"24,22 : 714.08"
"24,23 : 999.68"
"24,24 : 0.0"
"24,25 : 739.08"
"24,26 : 431.06"
"24,27 : 811.53"
"24,28 : 547.4"
"24,29 : 562.28"
"24,30 : 270.28"
"24,31 : 629.33"
"24,32 : 208.25"
"24,33 : 627.91"
"24,34 : 389.28"
"24,35 : 296.95"
"24,36 : 709.74"
"24,37 : 743.92"
"24,38 : 565.99"
"24,39 : 490.9"
"24,40 : 253.03"
"24,41 : 694.92"
"24,42 : 703.15"
"24,43 : 198.43"
"24,44 : 754.52"
"24,45 : 303.2"
"24,46 : 551.02"
"24,47 : 701.21"
"24,48 : 785.52"
"24,49 : 147.17"
"25,0 : 858.06"
"25,1 : 104.56"
"25,2 : 259.83"
"25,3 : 100.24"
"25,4 : 351.6"
"25,5 : 723.74"
"25,6 : 474.22"
"25,7 : 227.76"
"25,8 : 514.13"
"25,9 : 927.61"
"25,10 : 389.13"
"25,11 : 806.38"
"25,12 : 749.86"
"25,13 : 419.38"
"25,14 : 216.52"
"25,15 : 341.88"
"25,16 : 509.18"
"25,17 : 553.72"
"25,18 : 963.84"
"25,19 : 273.89"
"25,20 : 821.2"
"25,21 : 748.94"
"25,22 : 1012.85"
"25,23 : 693.64"
"25,24 : 739.08"
"25,25 : 0.0"
"25,26 : 347.33"
"25,27 : 894.59"
"25,28 : 620.52"
"25,29 : 291.25"
"25,30 : 782.33"
"25,31 : 1045.89"
"25,32 : 540.63"
"25,33 : 120.93"
"25,34 : 428.04"
"25,35 : 442.4"
"25,36 : 320.21"
"25,37 : 831.76"
"25,38 : 924.09"
"25,39 : 687.75"
"25,40 : 776.1"
"25,41 : 278.77"
"25,42 : 61.77"
"25,43 : 546.78"
"25,44 : 851.54"
"25,45 : 558.43"
"25,46 : 535.58"
"25,47 : 564.29"
"25,48 : 1062.65"
"25,49 : 668.43"
"26,0 : 814.71"
"26,1 : 248.65"
"26,2 : 443.31"
"26,3 : 249.35"
"26,4 : 481.92"
"26,5 : 880.95"
"26,6 : 644.03"
"26,7 : 364.0"
"26,8 : 622.8"
"26,9 : 845.51"
"26,10 : 602.32"
"26,11 : 754.45"
"26,12 : 597.0"
"26,13 : 645.21"
"26,14 : 203.06"
"26,15 : 552.6"
"26,16 : 649.9"
"26,17 : 406.9"
"26,18 : 729.18"
"26,19 : 548.41"
"26,20 : 749.77"
"26,21 : 861.23"
"26,22 : 923.02"
"26,23 : 870.45"
"26,24 : 431.06"
"26,25 : 347.33"
"26,26 : 0.0"
"26,27 : 896.32"
"26,28 : 580.28"
"26,29 : 339.09"
"26,30 : 566.02"
"26,31 : 904.08"
"26,32 : 275.43"
"26,33 : 226.42"
"26,34 : 84.22"
"26,35 : 161.47"
"26,36 : 482.98"
"26,37 : 823.79"
"26,38 : 797.75"
"26,39 : 598.59"
"26,40 : 553.88"
"26,41 : 447.0"
"26,42 : 296.77"
"26,43 : 233.57"
"26,44 : 841.49"
"26,45 : 211.38"
"26,46 : 520.54"
"26,47 : 630.32"
"26,48 : 987.08"
"26,49 : 411.53"
"27,0 : 127.63"
"27,1 : 852.02"
"27,2 : 644.89"
"27,3 : 863.39"
"27,4 : 548.71"
"27,5 : 401.32"
"27,6 : 494.35"
"27,7 : 667.49"
"27,8 : 403.5"
"27,9 : 216.63"
"27,10 : 593.22"
"27,11 : 174.89"
"27,12 : 420.77"
"27,13 : 602.4"
"27,14 : 760.94"
"27,15 : 612.05"
"27,16 : 438.35"
"27,17 : 516.14"
"27,18 : 635.45"
"27,19 : 724.86"
"27,20 : 210.09"
"27,21 : 289.06"
"27,22 : 258.1"
"27,23 : 452.02"
"27,24 : 811.53"
"27,25 : 894.59"
"27,26 : 896.32"
"27,27 : 0.0"
"27,28 : 316.36"
"27,29 : 619.17"
"27,30 : 562.17"
"27,31 : 402.5"
"27,32 : 713.76"
"27,33 : 881.49"
"27,34 : 941.19"
"27,35 : 774.22"
"27,36 : 588.01"
"27,37 : 73.16"
"27,38 : 330.93"
"27,39 : 327.26"
"27,40 : 577.17"
"27,41 : 623.67"
"27,42 : 918.66"
"27,43 : 809.99"
"27,44 : 58.01"
"27,45 : 973.26"
"27,46 : 381.2"
"27,47 : 335.6"
"27,48 : 251.51"
"27,49 : 669.77"
"28,0 : 243.4"
"28,1 : 560.17"
"28,2 : 402.59"
"28,3 : 571.52"
"28,4 : 315.13"
"28,5 : 451.14"
"28,6 : 359.29"
"28,7 : 396.63"
"28,8 : 253.84"
"28,9 : 307.59"
"28,10 : 426.0"
"28,11 : 187.45"
"28,12 : 227.22"
"28,13 : 456.42"
"28,14 : 457.4"
"28,15 : 418.76"
"28,16 : 311.29"
"28,17 : 212.25"
"28,18 : 503.93"
"28,19 : 522.5"
"28,20 : 201.08"
"28,21 : 372.49"
"28,22 : 393.01"
"28,23 : 475.42"
"28,24 : 547.4"
"28,25 : 620.52"
"28,26 : 580.28"
"28,27 : 316.36"
"28,28 : 0.0"
"28,29 : 330.29"
"28,30 : 355.61"
"28,31 : 448.21"
"28,32 : 411.18"
"28,33 : 585.51"
"28,34 : 625.24"
"28,35 : 460.06"
"28,36 : 359.77"
"28,37 : 243.58"
"28,38 : 324.64"
"28,39 : 99.46"
"28,40 : 364.25"
"28,41 : 381.45"
"28,42 : 633.07"
"28,43 : 505.92"
"28,44 : 261.22"
"28,45 : 664.04"
"28,46 : 86.35"
"28,47 : 183.37"
"28,48 : 442.43"
"28,49 : 400.26"
"29,0 : 570.73"
"29,1 : 233.21"
"29,2 : 142.3"
"29,3 : 244.61"
"29,4 : 144.85"
"29,5 : 542.28"
"29,6 : 306.81"
"29,7 : 83.0"
"29,8 : 287.04"
"29,9 : 636.66"
"29,10 : 281.58"
"29,11 : 517.2"
"29,12 : 469.34"
"29,13 : 326.26"
"29,14 : 151.91"
"29,15 : 237.59"
"29,16 : 310.89"
"29,17 : 286.11"
"29,18 : 708.06"
"29,19 : 283.39"
"29,20 : 530.37"
"29,21 : 529.83"
"29,22 : 721.8"
"29,23 : 531.49"
"29,24 : 562.28"
"29,25 : 291.25"
"29,26 : 339.09"
"29,27 : 619.17"
"29,28 : 330.29"
"29,29 : 0.0"
"29,30 : 526.03"
"29,31 : 757.29"
"29,32 : 355.64"
"29,33 : 262.39"
"29,34 : 413.12"
"29,35 : 309.86"
"29,36 : 156.49"
"29,37 : 552.18"
"29,38 : 634.61"
"29,39 : 397.17"
"29,40 : 523.51"
"29,41 : 133.6"
"29,42 : 303.42"
"29,43 : 410.14"
"29,44 : 571.71"
"29,45 : 508.3"
"29,46 : 246.79"
"29,47 : 308.65"
"29,48 : 772.72"
"29,49 : 450.63"
"30,0 : 436.79"
"30,1 : 688.49"
"30,2 : 655.19"
"30,3 : 697.65"
"30,4 : 597.63"
"30,5 : 805.46"
"30,6 : 694.74"
"30,7 : 609.03"
"30,8 : 597.74"
"30,9 : 395.61"
"30,10 : 738.13"
"30,11 : 388.31"
"30,12 : 144.25"
"30,13 : 776.47"
"30,14 : 568.54"
"30,15 : 714.75"
"30,16 : 654.67"
"30,17 : 240.41"
"30,18 : 182.62"
"30,19 : 796.2"
"30,20 : 352.6"
"30,21 : 719.36"
"30,22 : 443.83"
"30,23 : 831.02"
"30,24 : 270.28"
"30,25 : 782.33"
"30,26 : 566.02"
"30,27 : 562.17"
"30,28 : 355.61"
"30,29 : 526.03"
"30,30 : 0.0"
"30,31 : 366.78"
"30,32 : 292.06"
"30,33 : 696.33"
"30,34 : 561.56"
"30,35 : 404.54"
"30,36 : 636.99"
"30,37 : 500.37"
"30,38 : 295.72"
"30,39 : 269.82"
"30,40 : 17.26"
"30,41 : 638.82"
"30,42 : 766.2"
"30,43 : 365.03"
"30,44 : 507.7"
"30,45 : 524.54"
"30,46 : 397.16"
"30,47 : 535.89"
"30,48 : 515.27"
"30,49 : 166.82"
"31,0 : 300.57"
"31,1 : 968.94"
"31,2 : 848.84"
"31,3 : 979.66"
"31,4 : 763.28"
"31,5 : 781.58"
"31,6 : 787.82"
"31,7 : 833.02"
"31,8 : 680.06"
"31,9 : 191.04"
"31,10 : 867.5"
"31,11 : 307.28"
"31,12 : 308.77"
"31,13 : 892.91"
"31,14 : 852.58"
"31,15 : 865.18"
"31,16 : 733.22"
"31,17 : 508.82"
"31,18 : 316.91"
"31,19 : 970.57"
"31,20 : 268.03"
"31,21 : 671.42"
"31,22 : 154.16"
"31,23 : 825.87"
"31,24 : 629.33"
"31,25 : 1045.89"
"31,26 : 904.08"
"31,27 : 402.5"
"31,28 : 448.21"
"31,29 : 757.29"
"31,30 : 366.78"
"31,31 : 0.0"
"31,32 : 643.2"
"31,33 : 986.54"
"31,34 : 913.99"
"31,35 : 746.57"
"31,36 : 807.92"
"31,37 : 384.86"
"31,38 : 123.97"
"31,39 : 362.14"
"31,40 : 383.44"
"31,41 : 828.07"
"31,42 : 1046.5"
"31,43 : 726.24"
"31,44 : 376.59"
"31,45 : 889.58"
"31,46 : 532.28"
"31,47 : 600.65"
"31,48 : 206.79"
"31,49 : 531.69"
"32,0 : 609.61"
"32,1 : 438.01"
"32,2 : 497.7"
"32,3 : 445.04"
"32,4 : 481.3"
"32,5 : 816.62"
"32,6 : 626.74"
"32,7 : 427.98"
"32,8 : 561.7"
"32,9 : 614.83"
"32,10 : 628.99"
"32,11 : 549.56"
"32,12 : 346.14"
"32,13 : 673.18"
"32,14 : 326.58"
"32,15 : 589.65"
"32,16 : 608.12"
"32,17 : 199.49"
"32,18 : 454.38"
"32,19 : 636.59"
"32,20 : 532.78"
"32,21 : 763.21"
"32,22 : 684.14"
"32,23 : 823.55"
"32,24 : 208.25"
"32,25 : 540.63"
"32,26 : 275.43"
"32,27 : 713.76"
"32,28 : 411.18"
"32,29 : 355.64"
"32,30 : 292.06"
"32,31 : 643.2"
"32,32 : 0.0"
"32,33 : 436.33"
"32,34 : 271.4"
"32,35 : 114.97"
"32,36 : 506.33"
"32,37 : 641.31"
"32,38 : 547.03"
"32,39 : 388.73"
"32,40 : 279.2"
"32,41 : 488.97"
"32,42 : 510.77"
"32,43 : 96.25"
"32,44 : 655.88"
"32,45 : 262.49"
"32,46 : 388.35"
"32,47 : 533.67"
"32,48 : 752.64"
"32,49 : 137.42"
"33,0 : 828.53"
"33,1 : 37.12"
"33,2 : 293.17"
"33,3 : 29.73"
"33,4 : 367.81"
"33,5 : 765.94"
"33,6 : 515.0"
"33,7 : 230.93"
"33,8 : 530.8"
"33,9 : 886.18"
"33,10 : 445.98"
"33,11 : 772.82"
"33,12 : 682.1"
"33,13 : 483.24"
"33,14 : 133.96"
"33,15 : 395.3"
"33,16 : 538.91"
"33,17 : 481.18"
"33,18 : 874.87"
"33,19 : 356.4"
"33,20 : 781.36"
"33,21 : 773.98"
"33,22 : 970.11"
"33,23 : 743.17"
"33,24 : 627.91"
"33,25 : 120.93"
"33,26 : 226.42"
"33,27 : 881.49"
"33,28 : 585.51"
"33,29 : 262.39"
"33,30 : 696.33"
"33,31 : 986.54"
"33,32 : 436.33"
"33,33 : 0.0"
"33,34 : 307.3"
"33,35 : 331.34"
"33,36 : 348.97"
"33,37 : 814.03"
"33,38 : 868.07"
"33,39 : 638.56"
"33,40 : 688.31"
"33,41 : 306.28"
"33,42 : 75.24"
"33,43 : 432.47"
"33,44 : 833.48"
"33,45 : 437.51"
"33,46 : 505.63"
"33,47 : 566.08"
"33,48 : 1025.34"
"33,49 : 569.23"
"34,0 : 851.62"
"34,1 : 331.56"
"34,2 : 524.29"
"34,3 : 331.6"
"34,4 : 557.51"
"34,5 : 951.95"
"34,6 : 719.74"
"34,7 : 444.57"
"34,8 : 691.79"
"34,9 : 872.55"
"34,10 : 682.5"
"34,11 : 790.92"
"34,12 : 612.44"
"34,13 : 725.83"
"34,14 : 284.69"
"34,15 : 633.28"
"34,16 : 722.29"
"34,17 : 435.47"
"34,18 : 712.59"
"34,19 : 632.22"
"34,20 : 781.79"
"34,21 : 926.21"
"34,22 : 946.53"
"34,23 : 944.02"
"34,24 : 389.28"
"34,25 : 428.04"
"34,26 : 84.22"
"34,27 : 941.19"
"34,28 : 625.24"
"34,29 : 413.12"
"34,30 : 561.56"
"34,31 : 913.99"
"34,32 : 271.4"
"34,33 : 307.3"
"34,34 : 0.0"
"34,35 : 172.19"
"34,36 : 561.47"
"34,37 : 868.12"
"34,38 : 814.34"
"34,39 : 631.45"
"34,40 : 547.71"
"34,41 : 526.89"
"34,42 : 374.88"
"34,43 : 203.1"
"34,44 : 885.01"
"34,45 : 131.7"
"34,46 : 573.36"
"34,47 : 692.99"
"34,48 : 1013.0"
"34,49 : 398.45"
"35,0 : 681.03"
"35,1 : 338.02"
"35,2 : 444.87"
"35,3 : 343.7"
"35,4 : 450.42"
"35,5 : 821.57"
"35,6 : 607.65"
"35,7 : 368.02"
"35,8 : 560.54"
"35,9 : 700.36"
"35,10 : 591.45"
"35,11 : 620.3"
"35,12 : 442.09"
"35,13 : 636.12"
"35,14 : 237.7"
"35,15 : 546.85"
"35,16 : 599.36"
"35,17 : 263.83"
"35,18 : 569.34"
"35,19 : 575.21"
"35,20 : 610.05"
"35,21 : 782.9"
"35,22 : 774.61"
"35,23 : 820.85"
"35,24 : 296.95"
"35,25 : 442.4"
"35,26 : 161.47"
"35,27 : 774.22"
"35,28 : 460.06"
"35,29 : 309.86"
"35,30 : 404.54"
"35,31 : 746.57"
"35,32 : 114.97"
"35,33 : 331.34"
"35,34 : 172.19"
"35,35 : 0.0"
"35,36 : 466.35"
"35,37 : 701.05"
"35,38 : 643.92"
"35,39 : 460.14"
"35,40 : 392.45"
"35,41 : 440.69"
"35,42 : 406.54"
"35,43 : 107.79"
"35,44 : 717.4"
"35,45 : 212.05"
"35,46 : 416.64"
"35,47 : 548.56"
"35,48 : 840.87"
"35,49 : 252.24"
"36,0 : 572.33"
"36,1 : 312.57"
"36,2 : 60.37"
"36,3 : 322.44"
"36,4 : 44.64"
"36,5 : 417.08"
"36,6 : 167.07"
"36,7 : 122.92"
"36,8 : 194.51"
"36,9 : 658.55"
"36,10 : 125.1"
"36,11 : 529.09"
"36,12 : 552.01"
"36,13 : 169.78"
"36,14 : 281.89"
"36,15 : 83.49"
"36,16 : 191.38"
"36,17 : 400.56"
"36,18 : 813.88"
"36,19 : 164.6"
"36,20 : 554.12"
"36,21 : 430.12"
"36,22 : 743.13"
"36,23 : 396.56"
"36,24 : 709.74"
"36,25 : 320.21"
"36,26 : 482.98"
"36,27 : 588.01"
"36,28 : 359.77"
"36,29 : 156.49"
"36,30 : 636.99"
"36,31 : 807.92"
"36,32 : 506.33"
"36,33 : 348.97"
"36,34 : 561.47"
"36,35 : 466.35"
"36,36 : 0.0"
"36,37 : 531.33"
"36,38 : 684.19"
"36,39 : 449.96"
"36,40 : 637.7"
"36,41 : 42.95"
"36,42 : 358.92"
"36,43 : 565.83"
"36,44 : 550.99"
"36,45 : 662.84"
"36,46 : 276.33"
"36,47 : 252.49"
"36,48 : 782.67"
"36,49 : 588.09"
"37,0 : 85.42"
"37,1 : 785.37"
"37,2 : 586.47"
"37,3 : 796.76"
"37,4 : 490.39"
"37,5 : 397.85"
"37,6 : 452.6"
"37,7 : 604.08"
"37,8 : 354.67"
"37,9 : 193.85"
"37,10 : 548.06"
"37,11 : 113.02"
"37,12 : 357.1"
"37,13 : 561.68"
"37,14 : 691.62"
"37,15 : 562.25"
"37,16 : 395.74"
"37,17 : 443.31"
"37,18 : 587.39"
"37,19 : 675.05"
"37,20 : 154.46"
"37,21 : 286.81"
"37,22 : 256.44"
"37,23 : 444.24"
"37,24 : 743.92"
"37,25 : 831.76"
"37,26 : 823.79"
"37,27 : 73.16"
"37,28 : 243.58"
"37,29 : 552.18"
"37,30 : 500.37"
"37,31 : 384.86"
"37,32 : 641.31"
"37,33 : 814.03"
"37,34 : 868.12"
"37,35 : 701.05"
"37,36 : 531.33"
"37,37 : 0.0"
"37,38 : 295.1"
"37,39 : 256.32"
"37,40 : 514.72"
"37,41 : 565.0"
"37,42 : 853.5"
"37,43 : 737.49"
"37,44 : 19.8"
"37,45 : 900.38"
"37,46 : 310.94"
"37,47 : 281.26"
"37,48 : 269.87"
"37,49 : 600.79"
"38,0 : 210.42"
"38,1 : 849.26"
"38,2 : 724.87"
"38,3 : 860.1"
"38,4 : 639.57"
"38,5 : 681.88"
"38,6 : 669.0"
"38,7 : 709.63"
"38,8 : 561.0"
"38,9 : 119.36"
"38,10 : 746.11"
"38,11 : 199.25"
"38,12 : 201.91"
"38,13 : 772.75"
"38,14 : 734.21"
"38,15 : 742.44"
"38,16 : 615.33"
"38,17 : 395.27"
"38,18 : 312.17"
"38,19 : 847.13"
"38,20 : 155.77"
"38,21 : 574.95"
"38,22 : 148.34"
"38,23 : 722.9"
"38,24 : 565.99"
"38,25 : 924.09"
"38,26 : 797.75"
"38,27 : 330.93"
"38,28 : 324.64"
"38,29 : 634.61"
"38,30 : 295.72"
"38,31 : 123.97"
"38,32 : 547.03"
"38,33 : 868.07"
"38,34 : 814.34"
"38,35 : 643.92"
"38,36 : 684.19"
"38,37 : 295.1"
"38,38 : 0.0"
"38,39 : 238.46"
"38,40 : 312.97"
"38,41 : 704.12"
"38,42 : 926.4"
"38,43 : 635.61"
"38,44 : 291.81"
"38,45 : 802.33"
"38,46 : 408.37"
"38,47 : 482.1"
"38,48 : 219.74"
"38,49 : 449.7"
"39,0 : 221.71"
"39,1 : 617.21"
"39,2 : 487.82"
"39,3 : 628.29"
"39,4 : 405.61"
"39,5 : 537.63"
"39,6 : 458.73"
"39,7 : 471.24"
"39,8 : 353.19"
"39,9 : 250.2"
"39,10 : 523.55"
"39,11 : 161.21"
"39,12 : 132.06"
"39,13 : 555.04"
"39,14 : 505.89"
"39,15 : 513.66"
"39,16 : 410.57"
"39,17 : 196.39"
"39,18 : 406.99"
"39,19 : 614.19"
"39,20 : 151.18"
"39,21 : 449.55"
"39,22 : 332.42"
"39,23 : 566.17"
"39,24 : 490.9"
"39,25 : 687.75"
"39,26 : 598.59"
"39,27 : 327.26"
"39,28 : 99.46"
"39,29 : 397.17"
"39,30 : 269.82"
"39,31 : 362.14"
"39,32 : 388.73"
"39,33 : 638.56"
"39,34 : 631.45"
"39,35 : 460.14"
"39,36 : 449.96"
"39,37 : 256.32"
"39,38 : 238.46"
"39,39 : 0.0"
"39,40 : 280.81"
"39,41 : 467.37"
"39,42 : 693.2"
"39,43 : 484.91"
"39,44 : 269.27"
"39,45 : 650.37"
"39,46 : 174.04"
"39,47 : 281.15"
"39,48 : 391.62"
"39,49 : 345.86"
"40,0 : 452.2"
"40,1 : 681.28"
"40,2 : 654.36"
"40,3 : 690.29"
"40,4 : 598.94"
"40,5 : 814.86"
"40,6 : 699.44"
"40,7 : 606.44"
"40,8 : 603.68"
"40,9 : 412.44"
"40,10 : 740.65"
"40,11 : 402.99"
"40,12 : 157.88"
"40,13 : 779.5"
"40,14 : 561.55"
"40,15 : 716.22"
"40,16 : 660.37"
"40,17 : 239.02"
"40,18 : 187.75"
"40,19 : 795.86"
"40,20 : 367.9"
"40,21 : 730.1"
"40,22 : 461.06"
"40,23 : 839.55"
"40,24 : 253.03"
"40,25 : 776.1"
"40,26 : 553.88"
"40,27 : 577.17"
"40,28 : 364.25"
"40,29 : 523.51"
"40,30 : 17.26"
"40,31 : 383.44"
"40,32 : 279.2"
"40,33 : 688.31"
"40,34 : 547.71"
"40,35 : 392.45"
"40,36 : 637.7"
"40,37 : 514.72"
"40,38 : 312.97"
"40,39 : 280.81"
"40,40 : 0.0"
"40,41 : 638.36"
"40,42 : 758.75"
"40,43 : 350.14"
"40,44 : 522.39"
"40,45 : 508.66"
"40,46 : 402.62"
"40,47 : 543.25"
"40,48 : 532.51"
"40,49 : 151.49"
"41,0 : 602.14"
"41,1 : 269.79"
"41,2 : 21.63"
"41,3 : 279.59"
"41,4 : 74.97"
"41,5 : 459.66"
"41,6 : 209.04"
"41,7 : 83.52"
"41,8 : 235.36"
"41,9 : 684.69"
"41,10 : 155.63"
"41,11 : 556.56"
"41,12 : 562.35"
"41,13 : 199.32"
"41,14 : 244.52"
"41,15 : 107.34"
"41,16 : 234.29"
"41,17 : 399.54"
"41,18 : 818.09"
"41,19 : 157.51"
"41,20 : 579.25"
"41,21 : 472.76"
"41,22 : 769.75"
"41,23 : 438.16"
"41,24 : 694.92"
"41,25 : 278.77"
"41,26 : 447.0"
"41,27 : 623.67"
"41,28 : 381.45"
"41,29 : 133.6"
"41,30 : 638.82"
"41,31 : 828.07"
"41,32 : 488.97"
"41,33 : 306.28"
"41,34 : 526.89"
"41,35 : 440.69"
"41,36 : 42.95"
"41,37 : 565.0"
"41,38 : 704.12"
"41,39 : 467.37"
"41,40 : 638.36"
"41,41 : 0.0"
"41,42 : 316.24"
"41,43 : 542.85"
"41,44 : 584.75"
"41,45 : 632.08"
"41,46 : 296.0"
"41,47 : 289.08"
"41,48 : 811.76"
"41,49 : 578.85"
"42,0 : 874.15"
"42,1 : 78.39"
"42,2 : 299.32"
"42,3 : 68.62"
"42,4 : 385.53"
"42,5 : 770.2"
"42,6 : 519.15"
"42,7 : 253.16"
"42,8 : 549.78"
"42,9 : 937.8"
"42,10 : 439.24"
"42,11 : 820.32"
"42,12 : 745.08"
"42,13 : 472.02"
"42,14 : 198.39"
"42,15 : 390.38"
"42,16 : 550.09"
"42,17 : 545.48"
"42,18 : 945.89"
"42,19 : 331.11"
"42,20 : 831.97"
"42,21 : 789.0"
"42,22 : 1022.5"
"42,23 : 742.6"
"42,24 : 703.15"
"42,25 : 61.77"
"42,26 : 296.77"
"42,27 : 918.66"
"42,28 : 633.07"
"42,29 : 303.42"
"42,30 : 766.2"
"42,31 : 1046.5"
"42,32 : 510.77"
"42,33 : 75.24"
"42,34 : 374.88"
"42,35 : 406.54"
"42,36 : 358.92"
"42,37 : 853.5"
"42,38 : 926.4"
"42,39 : 693.2"
"42,40 : 758.75"
"42,41 : 316.24"
"42,42 : 0.0"
"42,43 : 507.58"
"42,44 : 873.17"
"42,45 : 506.25"
"42,46 : 550.19"
"42,47 : 593.88"
"42,48 : 1075.2"
"42,49 : 642.75"
"43,0 : 705.56"
"43,1 : 442.22"
"43,2 : 548.41"
"43,3 : 447.15"
"43,4 : 546.21"
"43,5 : 900.53"
"43,6 : 698.99"
"43,7 : 473.02"
"43,8 : 642.2"
"43,9 : 708.16"
"43,10 : 690.61"
"43,11 : 645.62"
"43,12 : 436.76"
"43,13 : 735.26"
"43,14 : 345.34"
"43,15 : 647.72"
"43,16 : 685.42"
"43,17 : 295.08"
"43,18 : 509.75"
"43,19 : 681.21"
"43,20 : 628.16"
"43,21 : 852.19"
"43,22 : 775.48"
"43,23 : 904.31"
"43,24 : 198.43"
"43,25 : 546.78"
"43,26 : 233.57"
"43,27 : 809.99"
"43,28 : 505.92"
"43,29 : 410.14"
"43,30 : 365.03"
"43,31 : 726.24"
"43,32 : 96.25"
"43,33 : 432.47"
"43,34 : 203.1"
"43,35 : 107.79"
"43,36 : 565.83"
"43,37 : 737.49"
"43,38 : 635.61"
"43,39 : 484.91"
"43,40 : 350.14"
"43,41 : 542.85"
"43,42 : 507.58"
"43,43 : 0.0"
"43,44 : 752.12"
"43,45 : 167.93"
"43,46 : 478.3"
"43,47 : 620.27"
"43,48 : 844.71"
"43,49 : 198.85"
"44,0 : 81.57"
"44,1 : 804.91"
"44,2 : 606.22"
"44,3 : 816.31"
"44,4 : 510.12"
"44,5 : 408.75"
"44,6 : 470.74"
"44,7 : 623.85"
"44,8 : 373.59"
"44,9 : 185.81"
"44,10 : 566.7"
"44,11 : 119.4"
"44,12 : 365.27"
"44,13 : 579.76"
"44,14 : 710.75"
"44,15 : 581.4"
"44,16 : 413.93"
"44,17 : 458.52"
"44,18 : 588.98"
"44,19 : 694.23"
"44,20 : 157.95"
"44,21 : 296.98"
"44,22 : 243.73"
"44,23 : 456.21"
"44,24 : 754.52"
"44,25 : 851.54"
"44,26 : 841.49"
"44,27 : 58.01"
"44,28 : 261.22"
"44,29 : 571.71"
"44,30 : 507.7"
"44,31 : 376.59"
"44,32 : 655.88"
"44,33 : 833.48"
"44,34 : 885.01"
"44,35 : 717.4"
"44,36 : 550.99"
"44,37 : 19.8"
"44,38 : 291.81"
"44,39 : 269.27"
"44,40 : 522.39"
"44,41 : 584.75"
"44,42 : 873.17"
"44,43 : 752.12"
"44,44 : 0.0"
"44,45 : 915.63"
"44,46 : 329.95"
"44,47 : 300.65"
"44,48 : 253.5"
"44,49 : 612.26"
"45,0 : 871.71"
"45,1 : 459.87"
"45,2 : 632.39"
"45,3 : 460.73"
"45,4 : 652.51"
"45,5 : 1032.63"
"45,6 : 812.85"
"45,7 : 552.66"
"45,8 : 771.31"
"45,9 : 876.09"
"45,10 : 786.84"
"45,11 : 811.48"
"45,12 : 604.4"
"45,13 : 831.09"
"45,14 : 398.7"
"45,15 : 739.42"
"45,16 : 808.21"
"45,17 : 457.12"
"45,18 : 651.99"
"45,19 : 749.69"
"45,20 : 795.27"
"45,21 : 994.9"
"45,22 : 943.12"
"45,23 : 1030.31"
"45,24 : 303.2"
"45,25 : 558.43"
"45,26 : 211.38"
"45,27 : 973.26"
"45,28 : 664.04"
"45,29 : 508.3"
"45,30 : 524.54"
"45,31 : 889.58"
"45,32 : 262.49"
"45,33 : 437.51"
"45,34 : 131.7"
"45,35 : 212.05"
"45,36 : 662.84"
"45,37 : 900.38"
"45,38 : 802.33"
"45,39 : 650.37"
"45,40 : 508.66"
"45,41 : 632.08"
"45,42 : 506.25"
"45,43 : 167.93"
"45,44 : 915.63"
"45,45 : 0.0"
"45,46 : 626.81"
"45,47 : 760.59"
"45,48 : 1012.51"
"45,49 : 358.09"
"46,0 : 323.97"
"46,1 : 478.77"
"46,2 : 316.97"
"46,3 : 490.16"
"46,4 : 231.84"
"46,5 : 434.89"
"46,6 : 298.24"
"46,7 : 310.66"
"46,8 : 201.36"
"46,9 : 393.61"
"46,10 : 352.63"
"46,11 : 270.84"
"46,12 : 286.72"
"46,13 : 386.74"
"46,14 : 380.9"
"46,15 : 340.07"
"46,16 : 257.77"
"46,17 : 202.47"
"46,18 : 560.46"
"46,19 : 440.28"
"46,20 : 287.16"
"46,21 : 374.89"
"46,22 : 479.05"
"46,23 : 449.7"
"46,24 : 551.02"
"46,25 : 535.58"
"46,26 : 520.54"
"46,27 : 381.2"
"46,28 : 86.35"
"46,29 : 246.79"
"46,30 : 397.16"
"46,31 : 532.28"
"46,32 : 388.35"
"46,33 : 505.63"
"46,34 : 573.36"
"46,35 : 416.64"
"46,36 : 276.33"
"46,37 : 310.94"
"46,38 : 408.37"
"46,39 : 174.04"
"46,40 : 402.62"
"46,41 : 296.0"
"46,42 : 550.19"
"46,43 : 478.3"
"46,44 : 329.95"
"46,45 : 626.81"
"46,46 : 0.0"
"46,47 : 150.21"
"46,48 : 527.09"
"46,49 : 406.83"
"47,0 : 332.17"
"47,1 : 533.39"
"47,2 : 310.04"
"47,3 : 544.5"
"47,4 : 214.22"
"47,5 : 284.93"
"47,6 : 187.17"
"47,7 : 340.73"
"47,8 : 79.63"
"47,9 : 429.96"
"47,10 : 272.41"
"47,11 : 299.29"
"47,12 : 410.59"
"47,13 : 293.32"
"47,14 : 459.86"
"47,15 : 281.75"
"47,16 : 133.38"
"47,17 : 352.6"
"47,18 : 687.26"
"47,19 : 394.25"
"47,20 : 333.54"
"47,21 : 234.44"
"47,22 : 510.99"
"47,23 : 300.08"
"47,24 : 701.21"
"47,25 : 564.29"
"47,26 : 630.32"
"47,27 : 335.6"
"47,28 : 183.37"
"47,29 : 308.65"
"47,30 : 535.89"
"47,31 : 600.65"
"47,32 : 533.67"
"47,33 : 566.08"
"47,34 : 692.99"
"47,35 : 548.56"
"47,36 : 252.49"
"47,37 : 281.26"
"47,38 : 482.1"
"47,39 : 281.15"
"47,40 : 543.25"
"47,41 : 289.08"
"47,42 : 593.88"
"47,43 : 620.27"
"47,44 : 300.65"
"47,45 : 760.59"
"47,46 : 150.21"
"47,47 : 0.0"
"47,48 : 541.92"
"47,49 : 556.94"
"48,0 : 210.64"
"48,1 : 1001.46"
"48,2 : 833.38"
"48,3 : 1012.74"
"48,4 : 739.4"
"48,5 : 652.78"
"48,6 : 720.46"
"48,7 : 837.21"
"48,8 : 619.03"
"48,9 : 141.74"
"48,10 : 813.32"
"48,11 : 256.6"
"48,12 : 408.25"
"48,13 : 829.52"
