x,y
468,563
582,439
199,785
690,46
604,987
901,218
282,319
648,122
263,425
416,126
837,686
301,521
698,925
403,34
841,128
829,314
376,260
996,204
514,630
550,921
767,239
612,826
140,699
641,86
710,253
813,778
540,456
295,334
265,310
244,414
417,112
752,375
308,138
882,772
344,241
77,516
407,299
469,950
179,311
516,431
885,74
681,436
764,488
41,925
792,821
25,761
645,972
366,429
75,729
373,389

Distanze
"0,0 : 0.0"
"0,1 : 168.44"
"0,2 : 348.78"
"0,3 : 562.65"
"0,4 : 445.28"
"0,5 : 553.64"
"0,6 : 306.81"
"0,7 : 476.32"
"0,8 : 247.12"
"0,9 : 440.08"
"0,10 : 388.96"
"0,11 : 172.2"
"0,12 : 428.89"
"0,13 : 532.98"
"0,14 : 573.02"
"0,15 : 438.55"
"0,16 : 316.66"
"0,17 : 638.49"
"0,18 : 81.27"
"0,19 : 367.27"
"0,20 : 440.88"
"0,21 : 299.84"
"0,22 : 355.08"
"0,23 : 507.4"
"0,24 : 393.27"
"0,25 : 406.51"
"0,26 : 128.97"
"0,27 : 287.0"
"0,28 : 324.37"
"0,29 : 269.03"
"0,30 : 453.87"
"0,31 : 340.59"
"0,32 : 454.12"
"0,33 : 463.76"
"0,34 : 345.05"
"0,35 : 393.81"
"0,36 : 270.96"
"0,37 : 387.0"
"0,38 : 383.44"
"0,39 : 140.46"
"0,40 : 642.66"
"0,41 : 247.99"
"0,42 : 305.35"
"0,43 : 559.8"
"0,44 : 414.17"
"0,45 : 485.23"
"0,46 : 445.66"
"0,47 : 168.4"
"0,48 : 426.62"
"0,49 : 198.24"
"1,0 : 168.44"
"1,1 : 0.0"
"1,2 : 516.14"
"1,3 : 407.57"
"1,4 : 548.44"
"1,5 : 388.07"
"1,6 : 323.11"
"1,7 : 323.8"
"1,8 : 319.31"
"1,9 : 354.3"
"1,10 : 355.01"
"1,11 : 292.72"
"1,12 : 499.65"
"1,13 : 442.79"
"1,14 : 404.72"
"1,15 : 276.83"
"1,16 : 272.9"
"1,17 : 476.05"
"1,18 : 202.74"
"1,19 : 483.06"
"1,20 : 272.44"
"1,21 : 388.16"
"1,22 : 512.8"
"1,23 : 357.9"
"1,24 : 225.79"
"1,25 : 410.22"
"1,26 : 45.31"
"1,27 : 305.6"
"1,28 : 342.24"
"1,29 : 338.92"
"1,30 : 366.27"
"1,31 : 181.65"
"1,32 : 407.03"
"1,33 : 448.21"
"1,34 : 309.59"
"1,35 : 510.84"
"1,36 : 224.11"
"1,37 : 523.35"
"1,38 : 422.84"
"1,39 : 66.48"
"1,40 : 474.38"
"1,41 : 99.05"
"1,42 : 188.48"
"1,43 : 727.24"
"1,44 : 435.92"
"1,45 : 643.38"
"1,46 : 536.71"
"1,47 : 216.23"
"1,48 : 584.08"
"1,49 : 214.9"
"2,0 : 348.78"
"2,1 : 516.14"
"2,2 : 0.0"
"2,3 : 887.24"
"2,4 : 452.58"
"2,5 : 902.38"
"2,6 : 473.33"
"2,7 : 800.73"
"2,8 : 365.64"
"2,9 : 693.81"
"2,10 : 645.64"
"2,11 : 283.02"
"2,12 : 518.27"
"2,13 : 778.21"
"2,14 : 918.59"
"2,15 : 786.6"
"2,16 : 554.03"
"2,17 : 986.29"
"2,18 : 351.07"
"2,19 : 376.43"
"2,20 : 787.87"
"2,21 : 415.03"
"2,22 : 104.29"
"2,23 : 827.02"
"2,24 : 737.66"
"2,25 : 614.04"
"2,26 : 473.84"
"2,27 : 461.1"
"2,28 : 479.56"
"2,29 : 373.72"
"2,30 : 707.43"
"2,31 : 688.41"
"2,32 : 656.12"
"2,33 : 683.12"
"2,34 : 562.99"
"2,35 : 295.37"
"2,36 : 528.64"
"2,37 : 316.43"
"2,38 : 474.42"
"2,39 : 475.19"
"2,40 : 987.99"
"2,41 : 595.08"
"2,42 : 638.31"
"2,43 : 211.1"
"2,44 : 594.09"
"2,45 : 175.65"
"2,46 : 483.62"
"2,47 : 393.22"
"2,48 : 136.06"
"2,49 : 432.54"
"3,0 : 562.65"
"3,1 : 407.57"
"3,2 : 887.24"
"3,3 : 0.0"
"3,4 : 944.92"
"3,5 : 272.22"
"3,6 : 490.91"
"3,7 : 86.83"
"3,8 : 570.94"
"3,9 : 285.44"
"3,10 : 656.67"
"3,11 : 613.96"
"3,12 : 879.04"
"3,13 : 287.25"
"3,14 : 171.83"
"3,15 : 301.9"
"3,16 : 379.99"
"3,17 : 344.38"
"3,18 : 609.94"
"3,19 : 886.13"
"3,20 : 207.79"
"3,21 : 783.89"
"3,22 : 853.76"
"3,23 : 63.25"
"3,24 : 207.96"
"3,25 : 742.26"
"3,26 : 436.58"
"3,27 : 488.84"
"3,28 : 500.32"
"3,29 : 578.22"
"3,30 : 280.86"
"3,31 : 334.79"
"3,32 : 392.92"
"3,33 : 750.96"
"3,34 : 397.17"
"3,35 : 772.44"
"3,36 : 379.6"
"3,37 : 930.62"
"3,38 : 575.63"
"3,39 : 422.49"
"3,40 : 197.0"
"3,41 : 390.1"
"3,42 : 448.15"
"3,43 : 1092.63"
"3,44 : 781.68"
"3,45 : 976.45"
"3,46 : 927.09"
"3,47 : 501.66"
"3,48 : 919.08"
"3,49 : 467.05"
"4,0 : 445.28"
"4,1 : 548.44"
"4,2 : 452.58"
"4,3 : 944.92"
"4,4 : 0.0"
"4,5 : 824.36"
"4,6 : 741.56"
"4,7 : 866.12"
"4,8 : 657.36"
"4,9 : 881.29"
"4,10 : 380.64"
"4,11 : 555.85"
"4,12 : 112.61"
"4,13 : 973.97"
"4,14 : 891.09"
"4,15 : 709.62"
"4,16 : 761.91"
"4,17 : 875.64"
"4,18 : 368.17"
"4,19 : 85.28"
"4,20 : 765.55"
"4,21 : 161.2"
"4,22 : 546.11"
"4,23 : 901.76"
"4,24 : 741.61"
"4,25 : 295.57"
"4,26 : 534.84"
"4,27 : 722.42"
"4,28 : 757.13"
"4,29 : 676.7"
"4,30 : 894.76"
"4,31 : 629.64"
"4,32 : 899.12"
"4,33 : 351.44"
"4,34 : 790.01"
"4,35 : 706.8"
"4,36 : 715.65"
"4,37 : 139.98"
"4,38 : 798.5"
"4,39 : 562.92"
"4,40 : 955.26"
"4,41 : 556.35"
"4,42 : 524.02"
"4,43 : 566.4"
"4,44 : 250.8"
"4,45 : 621.54"
"4,46 : 43.66"
"4,47 : 606.64"
"4,48 : 588.56"
"4,49 : 641.07"
"5,0 : 553.64"
"5,1 : 388.07"
"5,2 : 902.38"
"5,3 : 272.22"
"5,4 : 824.36"
"5,5 : 0.0"
"5,6 : 627.19"
"5,7 : 270.6"
"5,8 : 670.74"
"5,9 : 493.65"
"5,10 : 472.36"
"5,11 : 672.17"
"5,12 : 735.57"
"5,13 : 530.9"
"5,14 : 108.17"
"5,15 : 120.0"
"5,16 : 526.68"
"5,17 : 96.03"
"5,18 : 565.25"
"5,19 : 785.75"
"5,20 : 135.64"
"5,21 : 673.19"
"5,22 : 900.27"
"5,23 : 291.59"
"5,24 : 194.18"
"5,25 : 566.87"
"5,26 : 432.39"
"5,27 : 617.0"
"5,28 : 642.62"
"5,29 : 685.61"
"5,30 : 495.47"
"5,31 : 216.45"
"5,32 : 598.37"
"5,33 : 554.33"
"5,34 : 557.47"
"5,35 : 876.23"
"5,36 : 500.6"
"5,37 : 849.97"
"5,38 : 727.96"
"5,39 : 439.99"
"5,40 : 144.89"
"5,41 : 309.72"
"5,42 : 302.77"
"5,43 : 1113.31"
"5,44 : 612.77"
"5,45 : 1030.64"
"5,46 : 796.27"
"5,47 : 575.11"
"5,48 : 971.29"
"5,49 : 555.0"
"6,0 : 306.81"
"6,1 : 323.11"
"6,2 : 473.33"
"6,3 : 490.91"
"6,4 : 741.56"
"6,5 : 627.19"
"6,6 : 0.0"
"6,7 : 415.65"
"6,8 : 107.69"
"6,9 : 234.96"
"6,10 : 665.37"
"6,11 : 202.89"
"6,12 : 735.05"
"6,13 : 309.62"
"6,14 : 590.73"
"6,15 : 547.02"
"6,16 : 110.98"
"6,17 : 723.2"
"6,18 : 388.0"
"6,19 : 658.96"
"6,20 : 491.55"
"6,21 : 604.94"
"6,22 : 405.66"
"6,23 : 427.98"
"6,24 : 433.06"
"6,25 : 701.88"
"6,26 : 292.12"
"6,27 : 19.85"
"6,28 : 19.24"
"6,29 : 102.32"
"6,30 : 247.13"
"6,31 : 473.32"
"6,32 : 182.86"
"6,33 : 751.8"
"6,34 : 99.64"
"6,35 : 284.31"
"6,36 : 126.59"
"6,37 : 658.13"
"6,38 : 103.31"
"6,39 : 259.42"
"6,40 : 650.87"
"6,41 : 415.8"
"6,42 : 510.77"
"6,43 : 652.16"
"6,44 : 715.61"
"6,45 : 511.29"
"6,46 : 747.11"
"6,47 : 138.41"
"6,48 : 459.29"
"6,49 : 114.81"
"7,0 : 476.32"
"7,1 : 323.8"
"7,2 : 800.73"
"7,3 : 86.83"
"7,4 : 866.12"
"7,5 : 270.6"
"7,6 : 415.65"
"7,7 : 0.0"
"7,8 : 489.93"
"7,9 : 232.03"
"7,10 : 594.83"
"7,11 : 528.78"
"7,12 : 804.56"
"7,13 : 260.32"
"7,14 : 193.09"
"7,15 : 263.87"
"7,16 : 305.0"
"7,17 : 357.53"
"7,18 : 525.38"
"7,19 : 804.99"
"7,20 : 166.88"
"7,21 : 704.92"
"7,22 : 768.76"
"7,23 : 36.67"
"7,24 : 144.93"
"7,25 : 676.43"
"7,26 : 351.03"
"7,27 : 411.77"
"7,28 : 426.65"
"7,29 : 498.48"
"7,30 : 231.22"
"7,31 : 273.54"
"7,32 : 340.38"
"7,33 : 690.84"
"7,34 : 326.46"
"7,35 : 693.74"
"7,36 : 299.02"
"7,37 : 847.13"
"7,38 : 505.65"
"7,39 : 336.01"
"7,40 : 241.81"
"7,41 : 315.73"
"7,42 : 383.94"
"7,43 : 1006.61"
"7,44 : 713.68"
"7,45 : 892.44"
"7,46 : 850.01"
"7,47 : 416.86"
"7,48 : 834.73"
"7,49 : 383.29"
"8,0 : 247.12"
"8,1 : 319.31"
"8,2 : 365.64"
"8,3 : 570.94"
"8,4 : 657.36"
"8,5 : 670.74"
"8,6 : 107.69"
"8,7 : 489.93"
"8,8 : 0.0"
"8,9 : 335.87"
"8,10 : 630.55"
"8,11 : 103.25"
"8,12 : 662.74"
"8,13 : 415.31"
"8,14 : 649.84"
"8,15 : 576.78"
"8,16 : 199.98"
"8,17 : 765.59"
"8,18 : 324.08"
"8,19 : 573.05"
"8,20 : 537.23"
"8,21 : 531.6"
"8,22 : 300.34"
"8,23 : 507.75"
"8,24 : 478.95"
"8,25 : 653.54"
"8,26 : 278.73"
"8,27 : 96.46"
"8,28 : 115.02"
"8,29 : 21.95"
"8,30 : 348.83"
"8,31 : 491.55"
"8,32 : 290.51"
"8,33 : 709.63"
"8,34 : 201.04"
"8,35 : 207.07"
"8,36 : 191.34"
"8,37 : 563.97"
"8,38 : 141.61"
"8,39 : 253.07"
"8,40 : 714.2"
"8,41 : 418.14"
"8,42 : 504.95"
"8,43 : 547.07"
"8,44 : 660.8"
"8,45 : 411.75"
"8,46 : 667.18"
"8,47 : 103.08"
"8,48 : 357.44"
"8,49 : 115.74"
"9,0 : 440.08"
"9,1 : 354.3"
"9,2 : 693.81"
"9,3 : 285.44"
"9,4 : 881.29"
"9,5 : 493.65"
"9,6 : 234.96"
"9,7 : 232.03"
"9,8 : 335.87"
"9,9 : 0.0"
"9,10 : 700.6"
"9,11 : 411.4"
"9,12 : 847.3"
"9,13 : 92.91"
"9,14 : 425.0"
"9,15 : 453.78"
"9,16 : 139.84"
"9,17 : 585.22"
"9,18 : 513.44"
"9,19 : 806.21"
"9,20 : 368.74"
"9,21 : 726.92"
"9,22 : 636.01"
"9,23 : 228.53"
"9,24 : 320.26"
"9,25 : 763.36"
"9,26 : 352.53"
"9,27 : 240.63"
"9,28 : 238.03"
"9,29 : 335.45"
"9,30 : 14.04"
"9,31 : 418.21"
"9,32 : 108.66"
"9,33 : 796.54"
"9,34 : 135.68"
"9,35 : 516.74"
"9,36 : 173.23"
"9,37 : 825.7"
"9,38 : 300.66"
"9,39 : 320.98"
"9,40 : 471.87"
"9,41 : 407.83"
"9,42 : 502.14"
"9,43 : 882.62"
"9,44 : 790.19"
"9,45 : 745.73"
"9,46 : 876.45"
"9,47 : 307.1"
"9,48 : 692.74"
"9,49 : 266.49"
"10,0 : 388.96"
"10,1 : 355.01"
"10,2 : 645.64"
"10,3 : 656.67"
"10,4 : 380.64"
"10,5 : 472.36"
"10,6 : 665.37"
"10,7 : 594.83"
"10,8 : 630.55"
"10,9 : 700.6"
"10,10 : 0.0"
"10,11 : 560.82"
"10,12 : 276.48"
"10,13 : 783.24"
"10,14 : 558.01"
"10,15 : 372.09"
"10,16 : 627.69"
"10,17 : 507.55"
"10,18 : 327.82"
"10,19 : 370.94"
"10,20 : 452.45"
"10,21 : 265.0"
"10,22 : 697.12"
"10,23 : 631.2"
"10,24 : 451.24"
"10,25 : 95.08"
"10,26 : 375.64"
"10,27 : 646.27"
"10,28 : 684.51"
"10,29 : 652.41"
"10,30 : 711.25"
"10,31 : 322.41"
"10,32 : 761.67"
"10,33 : 97.06"
"10,34 : 664.13"
"10,35 : 778.78"
"10,36 : 578.51"
"10,37 : 452.9"
"10,38 : 757.36"
"10,39 : 409.96"
"10,40 : 613.88"
"10,41 : 294.68"
"10,42 : 211.03"
"10,43 : 831.11"
"10,44 : 142.3"
"10,45 : 815.46"
"10,46 : 344.47"
"10,47 : 536.55"
"10,48 : 763.21"
"10,49 : 550.91"
"11,0 : 172.2"
"11,1 : 292.72"
"11,2 : 283.02"
"11,3 : 613.96"
"11,4 : 555.85"
"11,5 : 672.17"
"11,6 : 202.89"
"11,7 : 528.78"
"11,8 : 103.25"
"11,9 : 411.4"
"11,10 : 560.82"
"11,11 : 0.0"
"11,12 : 566.41"
"11,13 : 497.57"
"11,14 : 667.87"
"11,15 : 567.13"
"11,16 : 271.56"
"11,17 : 763.88"
"11,18 : 239.27"
"11,19 : 471.17"
"11,20 : 544.68"
"11,21 : 435.6"
"11,22 : 240.01"
"11,23 : 552.11"
"11,24 : 488.98"
"11,25 : 572.88"
"11,26 : 247.68"
"11,27 : 187.1"
"11,28 : 214.05"
"11,29 : 121.24"
"11,30 : 425.13"
"11,31 : 474.04"
"11,32 : 383.06"
"11,33 : 632.9"
"11,34 : 283.28"
"11,35 : 224.06"
"11,36 : 246.01"
"11,37 : 460.72"
"11,38 : 242.87"
"11,39 : 233.08"
"11,40 : 735.44"
"11,41 : 389.39"
"11,42 : 464.17"
"11,43 : 480.43"
"11,44 : 575.4"
"11,45 : 365.75"
"11,46 : 567.22"
"11,47 : 112.65"
"11,48 : 307.15"
"11,49 : 150.36"
"12,0 : 428.89"
"12,1 : 499.65"
"12,2 : 518.27"
"12,3 : 879.04"
"12,4 : 112.61"
"12,5 : 735.57"
"12,6 : 735.05"
"12,7 : 804.56"
"12,8 : 662.74"
"12,9 : 847.3"
"12,10 : 276.48"
"12,11 : 566.41"
"12,12 : 0.0"
"12,13 : 938.57"
"12,14 : 809.73"
"12,15 : 624.89"
"12,16 : 738.86"
"12,17 : 780.16"
"12,18 : 347.68"
"12,19 : 148.05"
"12,20 : 689.46"
"12,21 : 131.14"
"12,22 : 602.03"
"12,23 : 840.93"
"12,24 : 672.11"
"12,25 : 186.64"
"12,26 : 494.9"
"12,27 : 715.33"
"12,28 : 752.14"
"12,29 : 683.55"
"12,30 : 860.19"
"12,31 : 552.64"
"12,32 : 878.33"
"12,33 : 239.3"
"12,34 : 770.18"
"12,35 : 743.59"
"12,36 : 690.33"
"12,37 : 230.36"
"12,38 : 803.96"
"12,39 : 526.46"
"12,40 : 871.3"
"12,41 : 489.3"
"12,42 : 441.96"
"12,43 : 657.0"
"12,44 : 140.19"
"12,45 : 692.69"
"12,46 : 70.84"
"12,47 : 596.86"
"12,48 : 653.1"
"12,49 : 626.83"
"13,0 : 532.98"
"13,1 : 442.79"
"13,2 : 778.21"
"13,3 : 287.25"
"13,4 : 973.97"
"13,5 : 530.9"
"13,6 : 309.62"
"13,7 : 260.32"
"13,8 : 415.31"
"13,9 : 92.91"
"13,10 : 783.24"
"13,11 : 497.57"
"13,12 : 938.57"
"13,13 : 0.0"
"13,14 : 447.97"
"13,15 : 509.78"
"13,16 : 227.61"
"13,17 : 616.89"
"13,18 : 606.25"
"13,19 : 899.1"
"13,20 : 417.76"
"13,21 : 819.11"
"13,22 : 715.12"
"13,23 : 243.61"
"13,24 : 377.11"
"13,25 : 849.49"
"13,26 : 443.68"
"13,27 : 318.85"
"13,28 : 308.58"
"13,29 : 411.92"
"13,30 : 79.25"
"13,31 : 487.94"
"13,32 : 140.86"
"13,33 : 879.82"
"13,34 : 215.24"
"13,35 : 581.89"
"13,36 : 265.03"
"13,37 : 918.37"
"13,38 : 356.24"
"13,39 : 412.77"
"13,40 : 483.66"
"13,41 : 488.76"
"13,42 : 580.03"
"13,43 : 961.73"
"13,44 : 877.89"
"13,45 : 819.4"
"13,46 : 968.71"
"13,47 : 396.73"
"13,48 : 768.51"
"13,49 : 356.27"
"14,0 : 573.02"
"14,1 : 404.72"
"14,2 : 918.59"
"14,3 : 171.83"
"14,4 : 891.09"
"14,5 : 108.17"
"14,6 : 590.73"
"14,7 : 193.09"
"14,8 : 649.84"
"14,9 : 425.0"
"14,10 : 558.01"
"14,11 : 667.87"
"14,12 : 809.73"
"14,13 : 447.97"
"14,14 : 0.0"
"14,15 : 186.39"
"14,16 : 483.37"
"14,17 : 172.63"
"14,18 : 599.11"
"14,19 : 844.71"
"14,20 : 133.41"
"14,21 : 734.61"
"14,22 : 904.12"
"14,23 : 204.36"
"14,24 : 181.07"
"14,25 : 650.6"
"14,26 : 445.18"
"14,27 : 583.57"
"14,28 : 604.07"
"14,29 : 661.97"
"14,30 : 424.3"
"14,31 : 262.55"
"14,32 : 533.09"
"14,33 : 645.3"
"14,34 : 509.68"
"14,35 : 856.88"
"14,36 : 466.47"
"14,37 : 902.26"
"14,38 : 686.83"
"14,39 : 444.34"
"14,40 : 69.66"
"14,41 : 347.08"
"14,42 : 368.14"
"14,43 : 1129.25"
"14,44 : 694.73"
"14,45 : 1032.74"
"14,46 : 866.46"
"14,47 : 562.34"
"14,48 : 973.63"
"14,49 : 535.86"
"15,0 : 438.55"
"15,1 : 276.83"
"15,2 : 786.6"
"15,3 : 301.9"
"15,4 : 709.62"
"15,5 : 120.0"
"15,6 : 547.02"
"15,7 : 263.87"
"15,8 : 576.78"
"15,9 : 453.78"
"15,10 : 372.09"
"15,11 : 567.13"
"15,12 : 624.89"
"15,13 : 509.78"
"15,14 : 186.39"
"15,15 : 0.0"
"15,16 : 456.21"
"15,17 : 199.97"
"15,18 : 446.18"
"15,19 : 668.05"
"15,20 : 97.31"
"15,21 : 556.09"
"15,22 : 789.27"
"15,23 : 295.51"
"15,24 : 133.72"
"15,25 : 464.28"
"15,26 : 322.0"
"15,27 : 534.37"
"15,28 : 564.01"
"15,29 : 593.49"
"15,30 : 458.86"
"15,31 : 98.23"
"15,32 : 549.92"
"15,33 : 461.06"
"15,34 : 490.46"
"15,35 : 778.66"
"15,36 : 422.27"
"15,37 : 730.82"
"15,38 : 650.01"
"15,39 : 334.15"
"15,40 : 246.45"
"15,41 : 191.8"
"15,42 : 185.74"
"15,43 : 997.13"
"15,44 : 508.35"
"15,45 : 919.9"
"15,46 : 683.24"
"15,47 : 477.07"
"15,48 : 860.66"
"15,49 : 462.13"
"16,0 : 316.66"
"16,1 : 272.9"
"16,2 : 554.03"
"16,3 : 379.99"
"16,4 : 761.91"
"16,5 : 526.68"
"16,6 : 110.98"
"16,7 : 305.0"
"16,8 : 199.98"
"16,9 : 139.84"
"16,10 : 627.69"
"16,11 : 271.56"
"16,12 : 738.86"
"16,13 : 227.61"
"16,14 : 483.37"
"16,15 : 456.21"
"16,16 : 0.0"
"16,17 : 622.52"
"16,18 : 394.9"
"16,19 : 683.52"
"16,20 : 391.56"
"16,21 : 613.23"
"16,22 : 498.41"
"16,23 : 317.02"
"16,24 : 334.07"
"16,25 : 677.71"
"16,26 : 255.56"
"16,27 : 109.71"
"16,28 : 121.74"
"16,29 : 202.83"
"16,30 : 153.57"
"16,31 : 393.19"
"16,32 : 139.67"
"16,33 : 719.85"
"16,34 : 37.22"
"16,35 : 393.62"
"16,36 : 49.82"
"16,37 : 696.24"
"16,38 : 203.49"
"16,39 : 221.0"
"16,40 : 541.92"
"16,41 : 352.14"
"16,42 : 450.03"
"16,43 : 744.61"
"16,44 : 698.41"
"16,45 : 611.72"
"16,46 : 761.12"
"16,47 : 169.3"
"16,48 : 557.28"
"16,49 : 129.03"
"17,0 : 638.49"
"17,1 : 476.05"
"17,2 : 986.29"
"17,3 : 344.38"
"17,4 : 875.64"
"17,5 : 96.03"
"17,6 : 723.2"
"17,7 : 357.53"
"17,8 : 765.59"
"17,9 : 585.22"
"17,10 : 507.55"
"17,11 : 763.88"
"17,12 : 780.16"
"17,13 : 616.89"
"17,14 : 172.63"
"17,15 : 199.97"
"17,16 : 622.52"
"17,17 : 0.0"
"17,18 : 643.27"
"17,19 : 844.4"
"17,20 : 231.66"
"17,21 : 730.99"
"17,22 : 988.82"
"17,23 : 374.1"
"17,24 : 290.17"
"17,25 : 602.47"
"17,26 : 521.0"
"17,27 : 712.95"
"17,28 : 738.65"
"17,29 : 780.77"
"17,30 : 586.26"
"17,31 : 297.95"
"17,32 : 691.16"
"17,33 : 579.33"
"17,34 : 653.05"
"17,35 : 970.52"
"17,36 : 596.61"
"17,37 : 913.37"
"17,38 : 823.98"
"17,39 : 530.97"
"17,40 : 170.94"
"17,41 : 391.21"
"17,42 : 366.72"
"17,43 : 1196.61"
"17,44 : 649.85"
"17,45 : 1119.42"
"17,46 : 844.41"
"17,47 : 668.97"
"17,48 : 1060.13"
"17,49 : 649.89"
"18,0 : 81.27"
"18,1 : 202.74"
"18,2 : 351.07"
"18,3 : 609.94"
"18,4 : 368.17"
"18,5 : 565.25"
"18,6 : 388.0"
"18,7 : 525.38"
"18,8 : 324.08"
"18,9 : 513.44"
"18,10 : 327.82"
"18,11 : 239.27"
"18,12 : 347.68"
"18,13 : 606.25"
"18,14 : 599.11"
"18,15 : 446.18"
"18,16 : 394.9"
"18,17 : 643.27"
"18,18 : 0.0"
"18,19 : 293.22"
"18,20 : 465.71"
"18,21 : 219.13"
"18,22 : 380.31"
"18,23 : 558.63"
"18,24 : 424.91"
"18,25 : 333.62"
"18,26 : 175.93"
"18,27 : 368.21"
"18,28 : 405.46"
"18,29 : 345.77"
"18,30 : 527.0"
"18,31 : 348.81"
"18,32 : 533.39"
"18,33 : 394.45"
"18,34 : 424.52"
"18,35 : 451.62"
"18,36 : 347.86"
"18,37 : 323.15"
"18,38 : 462.59"
"18,39 : 199.01"
"18,40 : 668.41"
"18,41 : 255.98"
"18,42 : 287.51"
"18,43 : 557.45"
"18,44 : 337.29"
"18,45 : 506.24"
"18,46 : 366.23"
"18,47 : 249.61"
"18,48 : 450.02"
"18,49 : 279.22"
"19,0 : 367.27"
"19,1 : 483.06"
"19,2 : 376.43"
"19,3 : 886.13"
"19,4 : 85.28"
"19,5 : 785.75"
"19,6 : 658.96"
"19,7 : 804.99"
"19,8 : 573.05"
"19,9 : 806.21"
"19,10 : 370.94"
"19,11 : 471.17"
"19,12 : 148.05"
"19,13 : 899.1"
"19,14 : 844.71"
"19,15 : 668.05"
"19,16 : 683.52"
"19,17 : 844.4"
"19,18 : 293.22"
"19,19 : 0.0"
"19,20 : 715.69"
"19,21 : 113.44"
"19,22 : 466.24"
"19,23 : 839.94"
"19,24 : 686.89"
"19,25 : 299.36"
"19,26 : 465.11"
"19,27 : 640.0"
"19,28 : 674.2"
"19,29 : 592.19"
"19,30 : 819.86"
"19,31 : 582.17"
"19,32 : 819.54"
"19,33 : 363.9"
"19,34 : 710.52"
"19,35 : 622.7"
"19,36 : 638.23"
"19,37 : 86.03"
"19,38 : 713.96"
"19,39 : 491.18"
"19,40 : 910.84"
"19,41 : 502.38"
"19,42 : 483.0"
"19,43 : 509.02"
"19,44 : 261.85"
"19,45 : 548.84"
"19,46 : 107.82"
"19,47 : 525.28"
"19,48 : 512.34"
"19,49 : 560.67"
"20,0 : 440.88"
"20,1 : 272.44"
"20,2 : 787.87"
"20,3 : 207.79"
"20,4 : 765.55"
"20,5 : 135.64"
"20,6 : 491.55"
"20,7 : 166.88"
"20,8 : 537.23"
"20,9 : 368.74"
"20,10 : 452.45"
"20,11 : 544.68"
"20,12 : 689.46"
"20,13 : 417.76"
"20,14 : 133.41"
"20,15 : 97.31"
"20,16 : 391.56"
"20,17 : 231.66"
"20,18 : 465.71"
"20,19 : 715.69"
"20,20 : 0.0"
"20,21 : 607.12"
"20,22 : 777.64"
"20,23 : 198.2"
"20,24 : 58.69"
"20,25 : 540.96"
"20,26 : 314.04"
"20,27 : 481.47"
"20,28 : 507.0"
"20,29 : 551.5"
"20,30 : 372.33"
"20,31 : 136.82"
"20,32 : 469.98"
"20,33 : 545.27"
"20,34 : 423.0"
"20,35 : 743.52"
"20,36 : 364.97"
"20,37 : 770.92"
"20,38 : 592.39"
"20,39 : 316.01"
"20,40 : 202.85"
"20,41 : 214.95"
"20,42 : 249.02"
"20,43 : 998.84"
"20,44 : 582.54"
"20,45 : 907.22"
"20,46 : 743.08"
"20,47 : 443.74"
"20,48 : 847.92"
"20,49 : 421.59"
"21,0 : 299.84"
"21,1 : 388.16"
"21,2 : 415.03"
"21,3 : 783.89"
"21,4 : 161.2"
"21,5 : 673.19"
"21,6 : 604.94"
"21,7 : 704.92"
"21,8 : 531.6"
"21,9 : 726.92"
"21,10 : 265.0"
"21,11 : 435.6"
"21,12 : 131.14"
"21,13 : 819.11"
"21,14 : 734.61"
"21,15 : 556.09"
"21,16 : 613.23"
"21,17 : 730.99"
"21,18 : 219.13"
"21,19 : 113.44"
"21,20 : 607.12"
"21,21 : 0.0"
"21,22 : 488.79"
"21,23 : 740.57"
"21,24 : 581.32"
"21,25 : 206.65"
"21,26 : 376.94"
"21,27 : 585.28"
"21,28 : 621.82"
"21,29 : 552.42"
"21,30 : 740.15"
"21,31 : 472.23"
"21,32 : 752.17"
"21,33 : 275.35"
"21,34 : 643.47"
"21,35 : 618.32"
"21,36 : 565.47"
"21,37 : 189.27"
"21,38 : 672.84"
"21,39 : 406.5"
"21,40 : 800.02"
"21,41 : 396.06"
"21,42 : 370.6"
"21,43 : 579.52"
"21,44 : 180.07"
"21,45 : 590.59"
"21,46 : 149.68"
"21,47 : 467.04"
"21,48 : 545.69"
"21,49 : 498.09"
"22,0 : 355.08"
"22,1 : 512.8"
"22,2 : 104.29"
"22,3 : 853.76"
"22,4 : 546.11"
"22,5 : 900.27"
"22,6 : 405.66"
"22,7 : 768.76"
"22,8 : 300.34"
"22,9 : 636.01"
"22,10 : 697.12"
"22,11 : 240.01"
"22,12 : 602.03"
"22,13 : 715.12"
"22,14 : 904.12"
"22,15 : 789.27"
"22,16 : 498.41"
"22,17 : 988.82"
"22,18 : 380.31"
"22,19 : 466.24"
"22,20 : 777.64"
"22,21 : 488.79"
"22,22 : 0.0"
"22,23 : 791.69"
"22,24 : 723.75"
"22,25 : 677.62"
"22,26 : 468.03"
"22,27 : 396.55"
"22,28 : 408.59"
"22,29 : 303.38"
"22,30 : 649.07"
"22,31 : 692.47"
"22,32 : 585.62"
"22,33 : 745.58"
"22,34 : 501.38"
"22,35 : 193.54"
"22,36 : 480.93"
"22,37 : 413.81"
"22,38 : 389.96"
"22,39 : 461.74"
"22,40 : 972.45"
"22,41 : 601.54"
"22,42 : 658.71"
"22,43 : 246.73"
"22,44 : 663.32"
"22,45 : 130.65"
"22,46 : 574.07"
"22,47 : 352.1"
"22,48 : 71.59"
"22,49 : 387.8"
"23,0 : 507.4"
"23,1 : 357.9"
"23,2 : 827.02"
"23,3 : 63.25"
"23,4 : 901.76"
"23,5 : 291.59"
"23,6 : 427.98"
"23,7 : 36.67"
"23,8 : 507.75"
"23,9 : 228.53"
"23,10 : 631.2"
"23,11 : 552.11"
"23,12 : 840.93"
"23,13 : 243.61"
"23,14 : 204.36"
"23,15 : 295.51"
"23,16 : 317.02"
"23,17 : 374.1"
"23,18 : 558.63"
"23,19 : 839.94"
"23,20 : 198.2"
"23,21 : 740.57"
"23,22 : 791.69"
"23,23 : 0.0"
"23,24 : 180.69"
"23,25 : 713.06"
"23,26 : 383.54"
"23,27 : 425.7"
"23,28 : 437.67"
"23,29 : 514.97"
"23,30 : 225.5"
"23,31 : 309.58"
"23,32 : 337.04"
"23,33 : 727.1"
"23,34 : 335.01"
"23,35 : 709.22"
"23,36 : 316.43"
"23,37 : 880.95"
"23,38 : 513.88"
"23,39 : 366.95"
"23,40 : 244.29"
"23,41 : 352.28"
"23,42 : 420.4"
"23,43 : 1031.47"
"23,44 : 750.35"
"23,45 : 913.83"
"23,46 : 886.01"
"23,47 : 439.63"
"23,48 : 856.62"
"23,49 : 404.52"
"24,0 : 393.27"
"24,1 : 225.79"
"24,2 : 737.66"
"24,3 : 207.96"
"24,4 : 741.61"
"24,5 : 194.18"
"24,6 : 433.06"
"24,7 : 144.93"
"24,8 : 478.95"
"24,9 : 320.26"
"24,10 : 451.24"
"24,11 : 488.98"
"24,12 : 672.11"
"24,13 : 377.11"
"24,14 : 181.07"
"24,15 : 133.72"
"24,16 : 334.07"
"24,17 : 290.17"
"24,18 : 424.91"
"24,19 : 686.89"
"24,20 : 58.69"
"24,21 : 581.32"
"24,22 : 723.75"
"24,23 : 180.69"
"24,24 : 0.0"
"24,25 : 535.01"
"24,26 : 264.78"
"24,27 : 422.83"
"24,28 : 448.64"
"24,29 : 493.03"
"24,30 : 325.16"
"24,31 : 129.03"
"24,32 : 418.13"
"24,33 : 546.76"
"24,34 : 366.2"
"24,35 : 685.46"
"24,36 : 306.47"
"24,37 : 737.49"
"24,38 : 534.16"
"24,39 : 263.29"
"24,40 : 250.33"
"24,41 : 185.28"
"24,42 : 241.12"
"24,43 : 948.23"
"24,44 : 573.89"
"24,45 : 852.81"
"24,46 : 721.93"
"24,47 : 386.41"
"24,48 : 793.6"
"24,49 : 363.41"
"25,0 : 406.51"
"25,1 : 410.22"
"25,2 : 614.04"
"25,3 : 742.26"
"25,4 : 295.57"
"25,5 : 566.87"
"25,6 : 701.88"
"25,7 : 676.43"
"25,8 : 653.54"
"25,9 : 763.36"
"25,10 : 95.08"
"25,11 : 572.88"
"25,12 : 186.64"
"25,13 : 849.49"
"25,14 : 650.6"
"25,15 : 464.28"
"25,16 : 677.71"
"25,17 : 602.47"
"25,18 : 333.62"
"25,19 : 299.36"
"25,20 : 540.96"
"25,21 : 206.65"
"25,22 : 677.62"
"25,23 : 713.06"
"25,24 : 535.01"
"25,25 : 0.0"
"25,26 : 422.15"
"25,27 : 682.25"
"25,28 : 720.64"
"25,29 : 675.47"
"25,30 : 774.84"
"25,31 : 407.59"
"25,32 : 815.25"
"25,33 : 69.26"
"25,34 : 712.97"
"25,35 : 781.24"
"25,36 : 627.91"
"25,37 : 384.6"
"25,38 : 787.43"
"25,39 : 456.75"
"25,40 : 707.67"
"25,41 : 366.59"
"25,42 : 294.11"
"25,43 : 785.87"
"25,44 : 47.85"
"25,45 : 788.18"
"25,46 : 256.63"
"25,47 : 567.11"
"25,48 : 739.62"
"25,49 : 587.3"
"26,0 : 128.97"
"26,1 : 45.31"
"26,2 : 473.84"
"26,3 : 436.58"
"26,4 : 534.84"
"26,5 : 432.39"
"26,6 : 292.12"
"26,7 : 351.03"
"26,8 : 278.73"
"26,9 : 352.53"
"26,10 : 375.64"
"26,11 : 247.68"
"26,12 : 494.9"
"26,13 : 443.68"
"26,14 : 445.18"
"26,15 : 322.0"
"26,16 : 255.56"
"26,17 : 521.0"
"26,18 : 175.93"
"26,19 : 465.11"
"26,20 : 314.04"
"26,21 : 376.94"
"26,22 : 468.03"
"26,23 : 383.54"
"26,24 : 264.78"
"26,25 : 422.15"
"26,26 : 0.0"
"26,27 : 273.7"
"26,28 : 311.35"
"26,29 : 298.96"
"26,30 : 365.33"
"26,31 : 226.95"
"26,32 : 393.63"
"26,33 : 465.64"
"26,34 : 290.93"
"26,35 : 466.87"
"26,36 : 205.76"
"26,37 : 499.08"
"26,38 : 389.03"
"26,39 : 34.66"
"26,40 : 514.73"
"26,41 : 142.41"
"26,42 : 226.27"
"26,43 : 684.81"
"26,44 : 443.54"
"26,45 : 598.54"
"26,46 : 526.57"
"26,47 : 176.08"
"26,48 : 539.22"
"26,49 : 179.94"
"27,0 : 287.0"
"27,1 : 305.6"
"27,2 : 461.1"
"27,3 : 488.84"
"27,4 : 722.42"
"27,5 : 617.0"
"27,6 : 19.85"
"27,7 : 411.77"
"27,8 : 96.46"
"27,9 : 240.63"
"27,10 : 646.27"
"27,11 : 187.1"
"27,12 : 715.33"
"27,13 : 318.85"
"27,14 : 583.57"
"27,15 : 534.37"
"27,16 : 109.71"
"27,17 : 712.95"
"27,18 : 368.21"
"27,19 : 640.0"
"27,20 : 481.47"
"27,21 : 585.28"
"27,22 : 396.55"
"27,23 : 425.7"
"27,24 : 422.83"
"27,25 : 682.25"
"27,26 : 273.7"
"27,27 : 0.0"
"27,28 : 38.42"
"27,29 : 94.87"
"27,30 : 253.31"
"27,31 : 458.84"
"27,32 : 196.43"
"27,33 : 732.4"
"27,34 : 105.12"
"27,35 : 283.99"
"27,36 : 117.34"
"27,37 : 640.1"
"27,38 : 118.26"
"27,39 : 241.35"
"27,40 : 644.75"
"27,41 : 399.25"
"27,42 : 493.64"
"27,43 : 643.27"
"27,44 : 695.83"
"27,45 : 505.2"
"27,46 : 727.7"
"27,47 : 118.6"
"27,48 : 452.13"
"27,49 : 95.44"
"28,0 : 324.37"
"28,1 : 342.24"
"28,2 : 479.56"
"28,3 : 500.32"
"28,4 : 757.13"
"28,5 : 642.62"
"28,6 : 19.24"
"28,7 : 426.65"
"28,8 : 115.02"
"28,9 : 238.03"
"28,10 : 684.51"
"28,11 : 214.05"
"28,12 : 752.14"
"28,13 : 308.58"
"28,14 : 604.07"
"28,15 : 564.01"
"28,16 : 121.74"
"28,17 : 738.65"
"28,18 : 405.46"
"28,19 : 674.2"
"28,20 : 507.0"
"28,21 : 621.82"
"28,22 : 408.59"
"28,23 : 437.67"
"28,24 : 448.64"
"28,25 : 720.64"
"28,26 : 311.35"
"28,27 : 38.42"
"28,28 : 0.0"
"28,29 : 106.1"
"28,30 : 249.62"
"28,31 : 491.32"
"28,32 : 177.29"
"28,33 : 770.8"
"28,34 : 104.89"
"28,35 : 278.89"
"28,36 : 142.43"
"28,37 : 671.73"
"28,38 : 86.01"
"28,39 : 278.64"
"28,40 : 663.4"
"28,41 : 434.66"
"28,42 : 529.8"
"28,43 : 654.52"
"28,44 : 734.06"
"28,45 : 510.88"
"28,46 : 763.31"
"28,47 : 156.08"
"28,48 : 460.07"
"28,49 : 133.81"
"29,0 : 269.03"
"29,1 : 338.92"
"29,2 : 373.72"
"29,3 : 578.22"
"29,4 : 676.7"
"29,5 : 685.61"
"29,6 : 102.32"
"29,7 : 498.48"
"29,8 : 21.95"
"29,9 : 335.45"
"29,10 : 652.41"
"29,11 : 121.24"
"29,12 : 683.55"
"29,13 : 411.92"
"29,14 : 661.97"
"29,15 : 593.49"
"29,16 : 202.83"
"29,17 : 780.77"
"29,18 : 345.77"
"29,19 : 592.19"
"29,20 : 551.5"
"29,21 : 552.42"
"29,22 : 303.38"
"29,23 : 514.97"
"29,24 : 493.03"
"29,25 : 675.47"
"29,26 : 298.96"
"29,27 : 94.87"
"29,28 : 106.1"
"29,29 : 0.0"
"29,30 : 348.04"
"29,31 : 509.49"
"29,32 : 283.32"
"29,33 : 731.58"
"29,34 : 199.82"
"29,35 : 195.69"
"29,36 : 199.48"
"29,37 : 581.31"
"29,38 : 121.79"
"29,39 : 272.53"
"29,40 : 725.59"
"29,41 : 437.55"
"29,42 : 525.24"
"29,43 : 549.85"
"29,44 : 682.61"
"29,45 : 410.33"
"29,46 : 687.14"
"29,47 : 122.92"
"29,48 : 357.47"
"29,49 : 131.4"
"30,0 : 453.87"
"30,1 : 366.27"
"30,2 : 707.43"
"30,3 : 280.86"
"30,4 : 894.76"
"30,5 : 495.47"
"30,6 : 247.13"
"30,7 : 231.22"
"30,8 : 348.83"
"30,9 : 14.04"
"30,10 : 711.25"
"30,11 : 425.13"
"30,12 : 860.19"
"30,13 : 79.25"
"30,14 : 424.3"
"30,15 : 458.86"
"30,16 : 153.57"
"30,17 : 586.26"
"30,18 : 527.0"
"30,19 : 819.86"
"30,20 : 372.33"
"30,21 : 740.15"
"30,22 : 649.07"
"30,23 : 225.5"
"30,24 : 325.16"
"30,25 : 774.84"
"30,26 : 365.33"
"30,27 : 253.31"
"30,28 : 249.62"
"30,29 : 348.04"
"30,30 : 0.0"
"30,31 : 425.9"
"30,32 : 112.06"
"30,33 : 807.36"
"30,34 : 148.22"
"30,35 : 528.03"
"30,36 : 187.27"
"30,37 : 839.61"
"30,38 : 310.23"
"30,39 : 334.01"
"30,40 : 469.54"
"30,41 : 417.94"
"30,42 : 511.65"
"30,43 : 895.74"
"30,44 : 802.06"
"30,45 : 758.2"
"30,46 : 889.71"
"30,47 : 321.08"
"30,48 : 705.45"
"30,49 : 280.47"
"31,0 : 340.59"
"31,1 : 181.65"
"31,2 : 688.41"
"31,3 : 334.79"
"31,4 : 629.64"
"31,5 : 216.45"
"31,6 : 473.32"
"31,7 : 273.54"
"31,8 : 491.55"
"31,9 : 418.21"
"31,10 : 322.41"
"31,11 : 474.04"
"31,12 : 552.64"
"31,13 : 487.94"
"31,14 : 262.55"
"31,15 : 98.23"
"31,16 : 393.19"
"31,17 : 297.95"
"31,18 : 348.81"
"31,19 : 582.17"
"31,20 : 136.82"
"31,21 : 472.23"
"31,22 : 692.47"
"31,23 : 309.58"
"31,24 : 129.03"
"31,25 : 407.59"
"31,26 : 226.95"
"31,27 : 458.84"
"31,28 : 491.32"
"31,29 : 509.49"
"31,30 : 425.9"
"31,31 : 0.0"
"31,32 : 503.29"
"31,33 : 417.74"
"31,34 : 429.44"
"31,35 : 689.57"
"31,36 : 353.27"
"31,37 : 640.87"
"31,38 : 576.56"
"31,39 : 242.55"
"31,40 : 329.07"
"31,41 : 93.61"
"31,42 : 113.64"
"31,43 : 898.9"
"31,44 : 447.79"
"31,45 : 823.12"
"31,46 : 606.51"
"31,47 : 389.76"
"31,48 : 763.97"
"31,49 : 379.26"
"32,0 : 454.12"
"32,1 : 407.03"
"32,2 : 656.12"
"32,3 : 392.92"
"32,4 : 899.12"
"32,5 : 598.37"
"32,6 : 182.86"
"32,7 : 340.38"
"32,8 : 290.51"
"32,9 : 108.66"
"32,10 : 761.67"
"32,11 : 383.06"
"32,12 : 878.33"
"32,13 : 140.86"
"32,14 : 533.09"
"32,15 : 549.92"
"32,16 : 139.67"
"32,17 : 691.16"
"32,18 : 533.39"
"32,19 : 819.54"
"32,20 : 469.98"
"32,21 : 752.17"
"32,22 : 585.62"
"32,23 : 337.04"
"32,24 : 418.13"
"32,25 : 815.25"
"32,26 : 393.63"
"32,27 : 196.43"
"32,28 : 177.29"
"32,29 : 283.32"
"32,30 : 112.06"
"32,31 : 503.29"
"32,32 : 0.0"
"32,33 : 855.24"
"32,34 : 109.11"
"32,35 : 443.0"
"32,36 : 189.0"
"32,37 : 827.81"
"32,38 : 215.8"
"32,39 : 359.32"
"32,40 : 580.54"
"32,41 : 477.42"
"32,42 : 574.84"
"32,43 : 831.06"
"32,44 : 837.11"
"32,45 : 684.26"
"32,46 : 899.51"
"32,47 : 296.72"
"32,48 : 635.27"
"32,49 : 259.28"
"33,0 : 463.76"
"33,1 : 448.21"
"33,2 : 683.12"
"33,3 : 750.96"
"33,4 : 351.44"
"33,5 : 554.33"
"33,6 : 751.8"
"33,7 : 690.84"
"33,8 : 709.63"
"33,9 : 796.54"
"33,10 : 97.06"
"33,11 : 632.9"
"33,12 : 239.3"
"33,13 : 879.82"
"33,14 : 645.3"
"33,15 : 461.06"
"33,16 : 719.85"
"33,17 : 579.33"
"33,18 : 394.45"
"33,19 : 363.9"
"33,20 : 545.27"
"33,21 : 275.35"
"33,22 : 745.58"
"33,23 : 727.1"
"33,24 : 546.76"
"33,25 : 69.26"
"33,26 : 465.64"
"33,27 : 732.4"
"33,28 : 770.8"
"33,29 : 731.58"
"33,30 : 807.36"
"33,31 : 417.74"
"33,32 : 855.24"
"33,33 : 0.0"
"33,34 : 755.91"
"33,35 : 844.73"
"33,36 : 670.34"
"33,37 : 449.73"
"33,38 : 840.67"
"33,39 : 500.24"
"33,40 : 698.01"
"33,41 : 391.53"
"33,42 : 307.54"
"33,43 : 854.8"
"33,44 : 102.47"
"33,45 : 857.07"
"33,46 : 310.11"
"33,47 : 619.6"
"33,48 : 808.14"
"33,49 : 637.0"
"34,0 : 345.05"
"34,1 : 309.59"
"34,2 : 562.99"
"34,3 : 397.17"
"34,4 : 790.01"
"34,5 : 557.47"
"34,6 : 99.64"
"34,7 : 326.46"
"34,8 : 201.04"
"34,9 : 135.68"
"34,10 : 664.13"
"34,11 : 283.28"
"34,12 : 770.18"
"34,13 : 215.24"
"34,14 : 509.68"
"34,15 : 490.46"
"34,16 : 37.22"
"34,17 : 653.05"
"34,18 : 424.52"
"34,19 : 710.52"
"34,20 : 423.0"
"34,21 : 643.47"
"34,22 : 501.38"
"34,23 : 335.01"
"34,24 : 366.2"
"34,25 : 712.97"
"34,26 : 290.93"
"34,27 : 105.12"
"34,28 : 104.89"
"34,29 : 199.82"
"34,30 : 148.22"
"34,31 : 429.44"
"34,32 : 109.11"
"34,33 : 755.91"
"34,34 : 0.0"
"34,35 : 383.29"
"34,36 : 85.63"
"34,37 : 719.93"
"34,38 : 179.23"
"34,39 : 256.29"
"34,40 : 566.19"
"34,41 : 389.35"
"34,42 : 487.25"
"34,43 : 748.11"
"34,44 : 732.87"
"34,45 : 610.05"
"34,46 : 790.55"
"34,47 : 189.28"
"34,48 : 557.23"
"34,49 : 150.81"
"35,0 : 393.81"
"35,1 : 510.84"
"35,2 : 295.37"
"35,3 : 772.44"
"35,4 : 706.8"
"35,5 : 876.23"
"35,6 : 284.31"
"35,7 : 693.74"
"35,8 : 207.07"
"35,9 : 516.74"
"35,10 : 778.78"
"35,11 : 224.06"
"35,12 : 743.59"
"35,13 : 581.89"
"35,14 : 856.88"
"35,15 : 778.66"
"35,16 : 393.62"
"35,17 : 970.52"
"35,18 : 451.62"
"35,19 : 622.7"
"35,20 : 743.52"
"35,21 : 618.32"
"35,22 : 193.54"
"35,23 : 709.22"
"35,24 : 685.46"
"35,25 : 781.24"
"35,26 : 466.87"
"35,27 : 283.99"
"35,28 : 278.89"
"35,29 : 195.69"
"35,30 : 528.03"
"35,31 : 689.57"
"35,32 : 443.0"
"35,33 : 844.73"
"35,34 : 383.29"
"35,35 : 0.0"
"35,36 : 394.95"
"35,37 : 584.82"
"35,38 : 228.97"
"35,39 : 447.15"
"35,40 : 920.99"
"35,41 : 609.27"
"35,42 : 687.57"
"35,43 : 410.58"
"35,44 : 777.34"
"35,45 : 250.46"
"35,46 : 728.4"
"35,47 : 301.81"
"35,48 : 213.01"
"35,49 : 322.09"
"36,0 : 270.96"
"36,1 : 224.11"
"36,2 : 528.64"
"36,3 : 379.6"
"36,4 : 715.65"
"36,5 : 500.6"
"36,6 : 126.59"
"36,7 : 299.02"
"36,8 : 191.34"
"36,9 : 173.23"
"36,10 : 578.51"
"36,11 : 246.01"
"36,12 : 690.33"
"36,13 : 265.03"
"36,14 : 466.47"
"36,15 : 422.27"
"36,16 : 49.82"
"36,17 : 596.61"
"36,18 : 347.86"
"36,19 : 638.23"
"36,20 : 364.97"
"36,21 : 565.47"
"36,22 : 480.93"
"36,23 : 316.43"
"36,24 : 306.47"
"36,25 : 627.91"
"36,26 : 205.76"
"36,27 : 117.34"
"36,28 : 142.43"
"36,29 : 199.48"
"36,30 : 187.27"
"36,31 : 353.27"
"36,32 : 189.0"
"36,33 : 670.34"
"36,34 : 85.63"
"36,35 : 394.95"
"36,36 : 0.0"
"36,37 : 653.95"
"36,38 : 228.32"
"36,39 : 171.19"
"36,40 : 528.31"
"36,41 : 306.34"
"36,42 : 403.94"
"36,43 : 725.14"
"36,44 : 648.62"
"36,45 : 599.47"
"36,46 : 713.84"
"36,47 : 136.31"
"36,48 : 543.25"
"36,49 : 96.21"
"37,0 : 387.0"
"37,1 : 523.35"
"37,2 : 316.43"
"37,3 : 930.62"
"37,4 : 139.98"
"37,5 : 849.97"
"37,6 : 658.13"
"37,7 : 847.13"
"37,8 : 563.97"
"37,9 : 825.7"
"37,10 : 452.9"
"37,11 : 460.72"
"37,12 : 230.36"
"37,13 : 918.37"
"37,14 : 902.26"
"37,15 : 730.82"
"37,16 : 696.24"
"37,17 : 913.37"
"37,18 : 323.15"
"37,19 : 86.03"
"37,20 : 770.92"
"37,21 : 189.27"
"37,22 : 413.81"
"37,23 : 880.95"
"37,24 : 737.49"
"37,25 : 384.6"
"37,26 : 499.08"
"37,27 : 640.1"
"37,28 : 671.73"
"37,29 : 581.31"
"37,30 : 839.61"
"37,31 : 640.87"
"37,32 : 827.81"
"37,33 : 449.73"
"37,34 : 719.93"
"37,35 : 584.82"
"37,36 : 653.95"
"37,37 : 0.0"
"37,38 : 701.73"
"37,39 : 521.12"
"37,40 : 969.76"
"37,41 : 556.0"
"37,42 : 548.15"
"37,43 : 428.73"
"37,44 : 347.81"
"37,45 : 482.55"
"37,46 : 177.37"
"37,47 : 531.08"
"37,48 : 451.75"
"37,49 : 569.15"
"38,0 : 383.44"
"38,1 : 422.84"
"38,2 : 474.42"
"38,3 : 575.63"
"38,4 : 798.5"
"38,5 : 727.96"
"38,6 : 103.31"
"38,7 : 505.65"
"38,8 : 141.61"
"38,9 : 300.66"
"38,10 : 757.36"
"38,11 : 242.87"
"38,12 : 803.96"
"38,13 : 356.24"
"38,14 : 686.83"
"38,15 : 650.01"
"38,16 : 203.49"
"38,17 : 823.98"
"38,18 : 462.59"
"38,19 : 713.96"
"38,20 : 592.39"
"38,21 : 672.84"
"38,22 : 389.96"
"38,23 : 513.88"
"38,24 : 534.16"
"38,25 : 787.43"
"38,26 : 389.03"
"38,27 : 118.26"
"38,28 : 86.01"
"38,29 : 121.79"
"38,30 : 310.23"
"38,31 : 576.56"
"38,32 : 215.8"
"38,33 : 840.67"
"38,34 : 179.23"
"38,35 : 228.97"
"38,36 : 228.32"
"38,37 : 701.73"
"38,38 : 0.0"
"38,39 : 357.73"
"38,40 : 744.72"
"38,41 : 517.33"
"38,42 : 611.19"
"38,43 : 629.32"
"38,44 : 797.41"
"38,45 : 475.62"
"38,46 : 808.75"
"38,47 : 221.12"
"38,48 : 430.74"
"38,49 : 209.09"
"39,0 : 140.46"
"39,1 : 66.48"
"39,2 : 475.19"
"39,3 : 422.49"
"39,4 : 562.92"
"39,5 : 439.99"
"39,6 : 259.42"
"39,7 : 336.01"
"39,8 : 253.07"
"39,9 : 320.98"
"39,10 : 409.96"
"39,11 : 233.08"
"39,12 : 526.46"
"39,13 : 412.77"
"39,14 : 444.34"
"39,15 : 334.15"
"39,16 : 221.0"
"39,17 : 530.97"
"39,18 : 199.01"
"39,19 : 491.18"
"39,20 : 316.01"
"39,21 : 406.5"
"39,22 : 461.74"
"39,23 : 366.95"
"39,24 : 263.29"
"39,25 : 456.75"
"39,26 : 34.66"
"39,27 : 241.35"
"39,28 : 278.64"
"39,29 : 272.53"
"39,30 : 334.01"
"39,31 : 242.55"
"39,32 : 359.32"
"39,33 : 500.24"
"39,34 : 256.29"
"39,35 : 447.15"
"39,36 : 171.19"
"39,37 : 521.12"
"39,38 : 357.73"
"39,39 : 0.0"
"39,40 : 513.43"
"39,41 : 165.08"
"39,42 : 254.47"
"39,43 : 685.32"
"39,44 : 477.78"
"39,45 : 591.59"
"39,46 : 556.17"
"39,47 : 150.01"
"39,48 : 532.25"
"39,49 : 149.04"
"40,0 : 642.66"
"40,1 : 474.38"
"40,2 : 987.99"
"40,3 : 197.0"
"40,4 : 955.26"
"40,5 : 144.89"
"40,6 : 650.87"
"40,7 : 241.81"
"40,8 : 714.2"
"40,9 : 471.87"
"40,10 : 613.88"
"40,11 : 735.44"
"40,12 : 871.3"
"40,13 : 483.66"
"40,14 : 69.66"
"40,15 : 246.45"
"40,16 : 541.92"
"40,17 : 170.94"
"40,18 : 668.41"
"40,19 : 910.84"
"40,20 : 202.85"
"40,21 : 800.02"
"40,22 : 972.45"
"40,23 : 244.29"
"40,24 : 250.33"
"40,25 : 707.67"
"40,26 : 514.73"
"40,27 : 644.75"
"40,28 : 663.4"
"40,29 : 725.59"
"40,30 : 469.54"
"40,31 : 329.07"
"40,32 : 580.54"
"40,33 : 698.01"
"40,34 : 566.19"
"40,35 : 920.99"
"40,36 : 528.31"
"40,37 : 969.76"
"40,38 : 744.72"
"40,39 : 513.43"
"40,40 : 0.0"
"40,41 : 415.52"
"40,42 : 431.32"
"40,43 : 1198.56"
"40,44 : 752.77"
"40,45 : 1100.71"
"40,46 : 929.52"
"40,47 : 628.8"
"40,48 : 1041.69"
"40,49 : 601.14"
"41,0 : 247.99"
"41,1 : 99.05"
"41,2 : 595.08"
"41,3 : 390.1"
"41,4 : 556.35"
"41,5 : 309.72"
"41,6 : 415.8"
"41,7 : 315.73"
"41,8 : 418.14"
"41,9 : 407.83"
"41,10 : 294.68"
"41,11 : 389.39"
"41,12 : 489.3"
"41,13 : 488.76"
"41,14 : 347.08"
"41,15 : 191.8"
"41,16 : 352.14"
"41,17 : 391.21"
"41,18 : 255.98"
"41,19 : 502.38"
"41,20 : 214.95"
"41,21 : 396.06"
"41,22 : 601.54"
"41,23 : 352.28"
"41,24 : 185.28"
"41,25 : 366.59"
"41,26 : 142.41"
"41,27 : 399.25"
"41,28 : 434.66"
"41,29 : 437.55"
"41,30 : 417.94"
"41,31 : 93.61"
"41,32 : 477.42"
"41,33 : 391.53"
"41,34 : 389.35"
"41,35 : 609.27"
"41,36 : 306.34"
"41,37 : 556.0"
"41,38 : 517.33"
"41,39 : 165.08"
"41,40 : 415.52"
"41,41 : 0.0"
"41,42 : 97.94"
"41,43 : 805.43"
"41,44 : 400.68"
"41,45 : 732.09"
"41,46 : 537.21"
"41,47 : 315.08"
"41,48 : 673.12"
"41,49 : 311.57"
"42,0 : 305.35"
"42,1 : 188.48"
"42,2 : 638.31"
"42,3 : 448.15"
"42,4 : 524.02"
"42,5 : 302.77"
"42,6 : 510.77"
"42,7 : 383.94"
"42,8 : 504.95"
"42,9 : 502.14"
"42,10 : 211.03"
"42,11 : 464.17"
"42,12 : 441.96"
"42,13 : 580.03"
"42,14 : 368.14"
"42,15 : 185.74"
"42,16 : 450.03"
"42,17 : 366.72"
"42,18 : 287.51"
"42,19 : 483.0"
"42,20 : 249.02"
"42,21 : 370.6"
"42,22 : 658.71"
"42,23 : 420.4"
"42,24 : 241.12"
"42,25 : 294.11"
"42,26 : 226.27"
"42,27 : 493.64"
"42,28 : 529.8"
"42,29 : 525.24"
"42,30 : 511.65"
"42,31 : 113.64"
"42,32 : 574.84"
"42,33 : 307.54"
"42,34 : 487.25"
"42,35 : 687.57"
"42,36 : 403.94"
"42,37 : 548.15"
"42,38 : 611.19"
"42,39 : 254.47"
"42,40 : 431.32"
"42,41 : 97.94"
"42,42 : 0.0"
"42,43 : 844.81"
"42,44 : 334.18"
"42,45 : 787.81"
"42,46 : 498.41"
"42,47 : 402.35"
"42,48 : 729.93"
"42,49 : 403.34"
"43,0 : 559.8"
"43,1 : 727.24"
"43,2 : 211.1"
"43,3 : 1092.63"
"43,4 : 566.4"
"43,5 : 1113.31"
"43,6 : 652.16"
"43,7 : 1006.61"
"43,8 : 547.07"
"43,9 : 882.62"
"43,10 : 831.11"
"43,11 : 480.43"
"43,12 : 657.0"
"43,13 : 961.73"
"43,14 : 1129.25"
"43,15 : 997.13"
"43,16 : 744.61"
"43,17 : 1196.61"
"43,18 : 557.45"
"43,19 : 509.02"
"43,20 : 998.84"
"43,21 : 579.52"
"43,22 : 246.73"
"43,23 : 1031.47"
"43,24 : 948.23"
"43,25 : 785.87"
"43,26 : 684.81"
"43,27 : 643.27"
"43,28 : 654.52"
"43,29 : 549.85"
"43,30 : 895.74"
"43,31 : 898.9"
"43,32 : 831.06"
"43,33 : 854.8"
"43,34 : 748.11"
"43,35 : 410.58"
"43,36 : 725.14"
"43,37 : 428.73"
"43,38 : 629.32"
"43,39 : 685.32"
"43,40 : 1198.56"
"43,41 : 805.43"
"43,42 : 844.81"
"43,43 : 0.0"
"43,44 : 758.17"
"43,45 : 164.78"
"43,46 : 605.83"
"43,47 : 592.99"
"43,48 : 198.93"
"43,49 : 630.49"
"44,0 : 414.17"
"44,1 : 435.92"
"44,2 : 594.09"
"44,3 : 781.68"
"44,4 : 250.8"
"44,5 : 612.77"
"44,6 : 715.61"
"44,7 : 713.68"
"44,8 : 660.8"
"44,9 : 790.19"
"44,10 : 142.3"
"44,11 : 575.4"
"44,12 : 140.19"
"44,13 : 877.89"
"44,14 : 694.73"
"44,15 : 508.35"
"44,16 : 698.41"
"44,17 : 649.85"
"44,18 : 337.29"
"44,19 : 261.85"
"44,20 : 582.54"
"44,21 : 180.07"
"44,22 : 663.32"
"44,23 : 750.35"
"44,24 : 573.89"
"44,25 : 47.85"
"44,26 : 443.54"
"44,27 : 695.83"
"44,28 : 734.06"
"44,29 : 682.61"
"44,30 : 802.06"
"44,31 : 447.79"
"44,32 : 837.11"
"44,33 : 102.47"
"44,34 : 732.87"
"44,35 : 777.34"
"44,36 : 648.62"
"44,37 : 347.81"
"44,38 : 797.41"
"44,39 : 477.78"
"44,40 : 752.77"
"44,41 : 400.68"
"44,42 : 334.18"
"44,43 : 758.17"
"44,44 : 0.0"
"44,45 : 769.34"
"44,46 : 210.74"
"44,47 : 578.91"
"44,48 : 722.88"
"44,49 : 601.82"
"45,0 : 485.23"
"45,1 : 643.38"
"45,2 : 175.65"
"45,3 : 976.45"
"45,4 : 621.54"
"45,5 : 1030.64"
"45,6 : 511.29"
"45,7 : 892.44"
"45,8 : 411.75"
"45,9 : 745.73"
"45,10 : 815.46"
"45,11 : 365.75"
"45,12 : 692.69"
"45,13 : 819.4"
"45,14 : 1032.74"
"45,15 : 919.9"
"45,16 : 611.72"
"45,17 : 1119.42"
"45,18 : 506.24"
"45,19 : 548.84"
"45,20 : 907.22"
"45,21 : 590.59"
"45,22 : 130.65"
"45,23 : 913.83"
"45,24 : 852.81"
"45,25 : 788.18"
"45,26 : 598.54"
"45,27 : 505.2"
"45,28 : 510.88"
"45,29 : 410.33"
"45,30 : 758.2"
"45,31 : 823.12"
"45,32 : 684.26"
"45,33 : 857.07"
"45,34 : 610.05"
"45,35 : 250.46"
"45,36 : 599.47"
"45,37 : 482.55"
"45,38 : 475.62"
"45,39 : 591.59"
"45,40 : 1100.71"
"45,41 : 732.09"
"45,42 : 787.81"
"45,43 : 164.78"
"45,44 : 769.34"
"45,45 : 0.0"
"45,46 : 654.92"
"45,47 : 475.93"
"45,48 : 59.36"
"45,49 : 509.4"
"46,0 : 445.66"
"46,1 : 536.71"
"46,2 : 483.62"
"46,3 : 927.09"
"46,4 : 43.66"
"46,5 : 796.27"
"46,6 : 747.11"
"46,7 : 850.01"
"46,8 : 667.18"
"46,9 : 876.45"
"46,10 : 344.47"
"46,11 : 567.22"
"46,12 : 70.84"
"46,13 : 968.71"
"46,14 : 866.46"
"46,15 : 683.24"
"46,16 : 761.12"
"46,17 : 844.41"
"46,18 : 366.23"
"46,19 : 107.82"
"46,20 : 743.08"
"46,21 : 149.68"
"46,22 : 574.07"
"46,23 : 886.01"
"46,24 : 721.93"
"46,25 : 256.63"
"46,26 : 526.57"
"46,27 : 727.7"
"46,28 : 763.31"
"46,29 : 687.14"
"46,30 : 889.71"
"46,31 : 606.51"
"46,32 : 899.51"
"46,33 : 310.11"
"46,34 : 790.55"
"46,35 : 728.4"
"46,36 : 713.84"
"46,37 : 177.37"
"46,38 : 808.75"
"46,39 : 556.17"
"46,40 : 929.52"
"46,41 : 537.21"
"46,42 : 498.41"
"46,43 : 605.83"
"46,44 : 210.74"
"46,45 : 654.92"
"46,46 : 0.0"
"46,47 : 610.48"
"46,48 : 619.64"
"46,49 : 643.33"
"47,0 : 168.4"
"47,1 : 216.23"
"47,2 : 393.22"
"47,3 : 501.66"
"47,4 : 606.64"
"47,5 : 575.11"
"47,6 : 138.41"
"47,7 : 416.86"
"47,8 : 103.08"
"47,9 : 307.1"
"47,10 : 536.55"
"47,11 : 112.65"
"47,12 : 596.86"
"47,13 : 396.73"
"47,14 : 562.34"
"47,15 : 477.07"
"47,16 : 169.3"
"47,17 : 668.97"
"47,18 : 249.61"
"47,19 : 525.28"
"47,20 : 443.74"
"47,21 : 467.04"
"47,22 : 352.1"
"47,23 : 439.63"
"47,24 : 386.41"
"47,25 : 567.11"
"47,26 : 176.08"
"47,27 : 118.6"
"47,28 : 156.08"
"47,29 : 122.92"
"47,30 : 321.08"
"47,31 : 389.76"
"47,32 : 296.72"
"47,33 : 619.6"
"47,34 : 189.28"
"47,35 : 301.81"
"47,36 : 136.31"
"47,37 : 531.08"
"47,38 : 221.12"
"47,39 : 150.01"
"47,40 : 628.8"
"47,41 : 315.08"
"47,42 : 402.35"
"47,43 : 592.99"
"47,44 : 578.91"
"47,45 : 475.93"
"47,46 : 610.48"
"47,47 : 0.0"
"47,48 : 417.95"
"47,49 : 40.61"
"48,0 : 426.62"
"48,1 : 584.08"
"48,2 : 136.06"
"48,3 : 919.08"
"48,4 : 588.56"
"48,5 : 971.29"
"48,6 : 459.29"
"48,7 : 834.73"
"48,8 : 357.44"
"48,9 : 692.74"
"48,10 : 763.21"
"48,11 : 307.15"
