x,y
530,605
16,828
846,924
143,723
107,99
83,715
209,433
51,945
508,483
755,712
779,657
919,647
309,703
472,459
454,311
404,769
126,992
351,504
81,669
960,755
903,951
496,817
758,369
107,363
167,593
308,346
477,175
322,238
960,966
624,153
887,691
116,523
280,930
539,179
385,913
286,988
436,133
995,803
365,836
169,517
591,274
368,358
785,78
301,954
362,321
743,773
720,773
97,562
191,287
623,219

Distanze
"0,0 : 0.0"
"0,1 : 560.29"
"0,2 : 449.02"
"0,3 : 404.59"
"0,4 : 659.52"
"0,5 : 460.34"
"0,6 : 364.18"
"0,7 : 587.4"
"0,8 : 123.97"
"0,9 : 249.15"
"0,10 : 254.37"
"0,11 : 391.26"
"0,12 : 241.75"
"0,13 : 157.1"
"0,14 : 303.66"
"0,15 : 206.81"
"0,16 : 559.45"
"0,17 : 205.53"
"0,18 : 453.54"
"0,19 : 455.41"
"0,20 : 508.77"
"0,21 : 214.71"
"0,22 : 328.15"
"0,23 : 487.33"
"0,24 : 363.2"
"0,25 : 341.12"
"0,26 : 433.25"
"0,27 : 421.84"
"0,28 : 561.45"
"0,29 : 461.67"
"0,30 : 367.21"
"0,31 : 422.04"
"0,32 : 410.03"
"0,33 : 426.1"
"0,34 : 340.42"
"0,35 : 454.12"
"0,36 : 481.27"
"0,37 : 505.4"
"0,38 : 283.88"
"0,39 : 371.57"
"0,40 : 336.57"
"0,41 : 295.39"
"0,42 : 585.45"
"0,43 : 417.42"
"0,44 : 329.97"
"0,45 : 271.28"
"0,46 : 253.62"
"0,47 : 435.13"
"0,48 : 464.81"
"0,49 : 397.05"
"1,0 : 560.29"
"1,1 : 0.0"
"1,2 : 835.53"
"1,3 : 164.78"
"1,4 : 734.66"
"1,5 : 131.37"
"1,6 : 439.63"
"1,7 : 122.12"
"1,8 : 600.91"
"1,9 : 748.05"
"1,10 : 781.93"
"1,11 : 920.96"
"1,12 : 318.55"
"1,13 : 586.6"
"1,14 : 677.59"
"1,15 : 392.46"
"1,16 : 197.47"
"1,17 : 466.05"
"1,18 : 171.77"
"1,19 : 946.82"
"1,20 : 895.49"
"1,21 : 480.13"
"1,22 : 872.49"
"1,23 : 473.82"
"1,24 : 279.33"
"1,25 : 563.55"
"1,26 : 799.33"
"1,27 : 664.63"
"1,28 : 954.03"
"1,29 : 908.45"
"1,30 : 881.71"
"1,31 : 320.98"
"1,32 : 283.02"
"1,33 : 833.5"
"1,34 : 378.66"
"1,35 : 313.85"
"1,36 : 812.05"
"1,37 : 979.32"
"1,38 : 349.09"
"1,39 : 346.6"
"1,40 : 798.46"
"1,41 : 587.2"
"1,42 : 1074.18"
"1,43 : 311.61"
"1,44 : 613.81"
"1,45 : 729.08"
"1,46 : 706.15"
"1,47 : 278.06"
"1,48 : 568.6"
"1,49 : 859.84"
"2,0 : 449.02"
"2,1 : 835.53"
"2,2 : 0.0"
"2,3 : 731.17"
"2,4 : 1107.59"
"2,5 : 791.11"
"2,6 : 804.27"
"2,7 : 795.28"
"2,8 : 555.63"
"2,9 : 230.71"
"2,10 : 275.28"
"2,11 : 286.46"
"2,12 : 580.7"
"2,13 : 596.74"
"2,14 : 727.62"
"2,15 : 468.39"
"2,16 : 723.2"
"2,17 : 649.17"
"2,18 : 806.38"
"2,19 : 203.86"
"2,20 : 63.07"
"2,21 : 365.99"
"2,22 : 561.93"
"2,23 : 927.82"
"2,24 : 755.38"
"2,25 : 789.64"
"2,26 : 834.96"
"2,27 : 863.23"
"2,28 : 121.49"
"2,29 : 802.32"
"2,30 : 236.58"
"2,31 : 832.89"
"2,32 : 566.03"
"2,33 : 805.78"
"2,34 : 461.13"
"2,35 : 563.65"
"2,36 : 890.94"
"2,37 : 191.94"
"2,38 : 488.98"
"2,39 : 789.92"
"2,40 : 698.23"
"2,41 : 740.84"
"2,42 : 848.2"
"2,43 : 545.83"
"2,44 : 773.22"
"2,45 : 182.78"
"2,46 : 196.66"
"2,47 : 831.89"
"2,48 : 913.67"
"2,49 : 739.43"
"3,0 : 404.59"
"3,1 : 164.78"
"3,2 : 731.17"
"3,3 : 0.0"
"3,4 : 625.04"
"3,5 : 60.53"
"3,6 : 297.42"
"3,7 : 240.31"
"3,8 : 436.84"
"3,9 : 612.1"
"3,10 : 639.42"
"3,11 : 779.71"
"3,12 : 167.2"
"3,13 : 421.83"
"3,14 : 516.2"
"3,15 : 265.02"
"3,16 : 269.54"
"3,17 : 302.03"
"3,18 : 82.22"
"3,19 : 817.63"
"3,20 : 793.46"
"3,21 : 365.3"
"3,22 : 709.61"
"3,23 : 361.8"
"3,24 : 132.2"
"3,25 : 411.53"
"3,26 : 641.76"
"3,27 : 516.98"
"3,28 : 852.37"
"3,29 : 745.83"
"3,30 : 744.69"
"3,31 : 201.81"
"3,32 : 248.23"
"3,33 : 672.87"
"3,34 : 307.68"
"3,35 : 301.12"
"3,36 : 658.75"
"3,37 : 855.75"
"3,38 : 249.1"
"3,39 : 207.63"
"3,40 : 634.28"
"3,41 : 428.78"
"3,42 : 910.05"
"3,43 : 279.87"
"3,44 : 457.78"
"3,45 : 602.08"
"3,46 : 579.16"
"3,47 : 167.44"
"3,48 : 438.63"
"3,49 : 696.0"
"4,0 : 659.52"
"4,1 : 734.66"
"4,2 : 1107.59"
"4,3 : 625.04"
"4,4 : 0.0"
"4,5 : 616.47"
"4,6 : 349.23"
"4,7 : 847.85"
"4,8 : 555.21"
"4,9 : 892.01"
"4,10 : 873.47"
"4,11 : 979.62"
"4,12 : 636.88"
"4,13 : 512.66"
"4,14 : 406.64"
"4,15 : 732.88"
"4,16 : 893.2"
"4,17 : 472.82"
"4,18 : 570.59"
"4,19 : 1076.08"
"4,20 : 1165.98"
"4,21 : 816.61"
"4,22 : 704.77"
"4,23 : 264.0"
"4,24 : 497.63"
"4,25 : 318.45"
"4,26 : 377.72"
"4,27 : 256.02"
"4,28 : 1216.26"
"4,29 : 519.81"
"4,30 : 979.22"
"4,31 : 424.1"
"4,32 : 848.82"
"4,33 : 439.34"
"4,34 : 860.16"
"4,35 : 906.84"
"4,36 : 330.75"
"4,37 : 1133.21"
"4,38 : 780.85"
"4,39 : 422.57"
"4,40 : 514.67"
"4,41 : 367.7"
"4,42 : 678.33"
"4,43 : 876.73"
"4,44 : 338.1"
"4,45 : 926.7"
"4,46 : 911.07"
"4,47 : 463.11"
"4,48 : 205.91"
"4,49 : 529.77"
"5,0 : 460.34"
"5,1 : 131.37"
"5,2 : 791.11"
"5,3 : 60.53"
"5,4 : 616.47"
"5,5 : 0.0"
"5,6 : 308.87"
"5,7 : 232.22"
"5,8 : 484.2"
"5,9 : 672.01"
"5,10 : 698.41"
"5,11 : 838.76"
"5,12 : 226.32"
"5,13 : 465.68"
"5,14 : 548.5"
"5,15 : 325.51"
"5,16 : 280.32"
"5,17 : 341.09"
"5,18 : 46.04"
"5,19 : 877.91"
"5,20 : 853.29"
"5,21 : 425.41"
"5,22 : 758.51"
"5,23 : 352.82"
"5,24 : 148.12"
"5,25 : 432.19"
"5,26 : 668.46"
"5,27 : 533.53"
"5,28 : 912.21"
"5,29 : 780.08"
"5,30 : 804.36"
"5,31 : 194.82"
"5,32 : 291.61"
"5,33 : 703.73"
"5,34 : 361.12"
"5,35 : 340.2"
"5,36 : 680.69"
"5,37 : 916.24"
"5,38 : 306.86"
"5,39 : 215.87"
"5,40 : 672.71"
"5,41 : 456.81"
"5,42 : 947.93"
"5,43 : 323.49"
"5,44 : 482.78"
"5,45 : 662.54"
"5,46 : 639.64"
"5,47 : 153.64"
"5,48 : 441.42"
"5,49 : 733.22"
"6,0 : 364.18"
"6,1 : 439.63"
"6,2 : 804.27"
"6,3 : 297.42"
"6,4 : 349.23"
"6,5 : 308.87"
"6,6 : 0.0"
"6,7 : 535.82"
"6,8 : 303.15"
"6,9 : 613.15"
"6,10 : 612.43"
"6,11 : 741.55"
"6,12 : 287.92"
"6,13 : 264.28"
"6,14 : 273.7"
"6,15 : 388.49"
"6,16 : 565.13"
"6,17 : 158.76"
"6,18 : 268.48"
"6,19 : 817.12"
"6,20 : 866.0"
"6,21 : 479.4"
"6,22 : 552.72"
"6,23 : 123.71"
"6,24 : 165.42"
"6,25 : 131.8"
"6,26 : 372.01"
"6,27 : 225.38"
"6,28 : 920.92"
"6,29 : 500.62"
"6,30 : 725.43"
"6,31 : 129.42"
"6,32 : 502.05"
"6,33 : 416.43"
"6,34 : 511.25"
"6,35 : 560.32"
"6,36 : 376.2"
"6,37 : 868.73"
"6,38 : 432.14"
"6,39 : 93.04"
"6,40 : 413.77"
"6,41 : 175.8"
"6,42 : 676.61"
"6,43 : 529.06"
"6,44 : 189.61"
"6,45 : 633.05"
"6,46 : 613.78"
"6,47 : 170.84"
"6,48 : 147.11"
"6,49 : 466.04"
"7,0 : 587.4"
"7,1 : 122.12"
"7,2 : 795.28"
"7,3 : 240.31"
"7,4 : 847.85"
"7,5 : 232.22"
"7,6 : 535.82"
"7,7 : 0.0"
"7,8 : 649.84"
"7,9 : 741.56"
"7,10 : 782.9"
"7,11 : 917.73"
"7,12 : 353.73"
"7,13 : 642.99"
"7,14 : 751.24"
"7,15 : 394.44"
"7,16 : 88.51"
"7,17 : 533.37"
"7,18 : 277.63"
"7,19 : 928.64"
"7,20 : 852.02"
"7,21 : 463.04"
"7,22 : 911.93"
"7,23 : 584.69"
"7,24 : 370.62"
"7,25 : 651.81"
"7,26 : 879.99"
"7,27 : 757.16"
"7,28 : 909.24"
"7,29 : 977.54"
"7,30 : 873.73"
"7,31 : 426.98"
"7,32 : 229.49"
"7,33 : 908.24"
"7,34 : 335.53"
"7,35 : 238.9"
"7,36 : 898.65"
"7,37 : 954.62"
"7,38 : 332.38"
"7,39 : 443.97"
"7,40 : 861.3"
"7,41 : 667.13"
"7,42 : 1135.98"
"7,43 : 250.16"
"7,44 : 697.21"
"7,45 : 713.06"
"7,46 : 690.76"
"7,47 : 385.75"
"7,48 : 672.73"
"7,49 : 924.26"
"8,0 : 123.97"
"8,1 : 600.91"
"8,2 : 555.63"
"8,3 : 436.84"
"8,4 : 555.21"
"8,5 : 484.2"
"8,6 : 303.15"
"8,7 : 649.84"
"8,8 : 0.0"
"8,9 : 336.82"
"8,10 : 322.05"
"8,11 : 442.51"
"8,12 : 296.65"
"8,13 : 43.27"
"8,14 : 180.28"
"8,15 : 304.32"
"8,16 : 636.4"
"8,17 : 158.4"
"8,18 : 465.75"
"8,19 : 527.53"
"8,20 : 612.41"
"8,21 : 334.22"
"8,22 : 274.77"
"8,23 : 418.57"
"8,24 : 358.3"
"8,25 : 242.42"
"8,26 : 309.56"
"8,27 : 307.61"
"8,28 : 661.51"
"8,29 : 349.79"
"8,30 : 432.33"
"8,31 : 394.04"
"8,32 : 501.79"
"8,33 : 305.58"
"8,34 : 447.25"
"8,35 : 551.64"
"8,36 : 357.33"
"8,37 : 582.73"
"8,38 : 380.86"
"8,39 : 340.7"
"8,40 : 224.88"
"8,41 : 187.68"
"8,42 : 490.67"
"8,43 : 514.48"
"8,44 : 218.08"
"8,45 : 373.26"
"8,46 : 359.23"
"8,47 : 418.52"
"8,48 : 372.7"
"8,49 : 287.96"
"9,0 : 249.15"
"9,1 : 748.05"
"9,2 : 230.71"
"9,3 : 612.1"
"9,4 : 892.01"
"9,5 : 672.01"
"9,6 : 613.15"
"9,7 : 741.56"
"9,8 : 336.82"
"9,9 : 0.0"
"9,10 : 60.01"
"9,11 : 176.41"
"9,12 : 446.09"
"9,13 : 379.6"
"9,14 : 501.4"
"9,15 : 355.6"
"9,16 : 688.51"
"9,17 : 454.4"
"9,18 : 675.37"
"9,19 : 209.46"
"9,20 : 281.11"
"9,21 : 279.47"
"9,22 : 343.01"
"9,23 : 736.01"
"9,24 : 599.92"
"9,25 : 577.72"
"9,26 : 604.69"
"9,27 : 642.0"
"9,28 : 326.41"
"9,29 : 574.14"
"9,30 : 133.66"
"9,31 : 666.36"
"9,32 : 522.64"
"9,33 : 575.1"
"9,34 : 421.07"
"9,35 : 544.18"
"9,36 : 661.06"
"9,37 : 256.67"
"9,38 : 409.24"
"9,39 : 617.59"
"9,40 : 467.7"
"9,41 : 524.49"
"9,42 : 634.71"
"9,43 : 514.47"
"9,44 : 554.37"
"9,45 : 62.17"
"9,46 : 70.33"
"9,47 : 674.88"
"9,48 : 706.2"
"9,49 : 510.37"
"10,0 : 254.37"
"10,1 : 781.93"
"10,2 : 275.28"
"10,3 : 639.42"
"10,4 : 873.47"
"10,5 : 698.41"
"10,6 : 612.43"
"10,7 : 782.9"
"10,8 : 322.05"
"10,9 : 60.01"
"10,10 : 0.0"
"10,11 : 140.36"
"10,12 : 472.25"
"10,13 : 365.31"
"10,14 : 474.7"
"10,15 : 391.37"
"10,16 : 733.92"
"10,17 : 454.53"
"10,18 : 698.1"
"10,19 : 205.83"
"10,20 : 319.08"
"10,21 : 325.1"
"10,22 : 288.76"
"10,23 : 733.5"
"10,24 : 615.34"
"10,25 : 564.41"
"10,26 : 568.8"
"10,27 : 620.01"
"10,28 : 358.11"
"10,29 : 527.3"
"10,30 : 113.23"
"10,31 : 676.41"
"10,32 : 568.8"
"10,33 : 534.87"
"10,34 : 469.86"
"10,35 : 593.81"
"10,36 : 626.28"
"10,37 : 260.71"
"10,38 : 451.04"
"10,39 : 625.86"
"10,40 : 426.65"
"10,41 : 508.25"
"10,42 : 579.03"
"10,43 : 562.75"
"10,44 : 535.52"
"10,45 : 121.46"
"10,46 : 130.14"
"10,47 : 688.58"
"10,48 : 694.73"
"10,49 : 464.95"
"11,0 : 391.26"
"11,1 : 920.96"
"11,2 : 286.46"
"11,3 : 779.71"
"11,4 : 979.62"
"11,5 : 838.76"
"11,6 : 741.55"
"11,7 : 917.73"
"11,8 : 442.51"
"11,9 : 176.41"
"11,10 : 140.36"
"11,11 : 0.0"
"11,12 : 612.57"
"11,13 : 484.93"
"11,14 : 573.69"
"11,15 : 529.25"
"11,16 : 864.8"
"11,17 : 585.72"
"11,18 : 838.29"
"11,19 : 115.52"
"11,20 : 304.42"
"11,21 : 455.88"
"11,22 : 321.26"
"11,23 : 860.23"
"11,24 : 753.94"
"11,25 : 681.12"
"11,26 : 646.64"
"11,27 : 723.66"
"11,28 : 321.62"
"11,29 : 575.38"
"11,30 : 54.41"
"11,31 : 812.52"
"11,32 : 698.86"
"11,33 : 602.85"
"11,34 : 596.58"
"11,35 : 719.01"
"11,36 : 705.33"
"11,37 : 173.53"
"11,38 : 585.35"
"11,39 : 761.18"
"11,40 : 496.7"
"11,41 : 622.19"
"11,42 : 584.57"
"11,43 : 690.05"
"11,44 : 645.39"
"11,45 : 216.45"
"11,46 : 235.54"
"11,47 : 826.38"
"11,48 : 812.15"
"11,49 : 520.38"
"12,0 : 241.75"
"12,1 : 318.55"
"12,2 : 580.7"
"12,3 : 167.2"
"12,4 : 636.88"
"12,5 : 226.32"
"12,6 : 287.92"
"12,7 : 353.73"
"12,8 : 296.65"
"12,9 : 446.09"
"12,10 : 472.25"
"12,11 : 612.57"
"12,12 : 0.0"
"12,13 : 293.44"
"12,14 : 417.96"
"12,15 : 115.68"
"12,16 : 342.07"
"12,17 : 203.38"
"12,18 : 230.52"
"12,19 : 653.07"
"12,20 : 643.69"
"12,21 : 219.01"
"12,22 : 559.6"
"12,23 : 395.48"
"12,24 : 179.62"
"12,25 : 357.0"
"12,26 : 554.08"
"12,27 : 465.18"
"12,28 : 702.12"
"12,29 : 633.82"
"12,30 : 578.12"
"12,31 : 263.91"
"12,32 : 228.84"
"12,33 : 572.26"
"12,34 : 223.33"
"12,35 : 285.93"
"12,36 : 583.98"
"12,37 : 693.25"
"12,38 : 144.31"
"12,39 : 232.8"
"12,40 : 513.39"
"12,41 : 350.01"
"12,42 : 785.62"
"12,43 : 251.13"
"12,44 : 385.66"
"12,45 : 439.61"
"12,46 : 416.92"
"12,47 : 254.61"
"12,48 : 432.41"
"12,49 : 576.93"
"13,0 : 157.1"
"13,1 : 586.6"
"13,2 : 596.74"
"13,3 : 421.83"
"13,4 : 512.66"
"13,5 : 465.68"
"13,6 : 264.28"
"13,7 : 642.99"
"13,8 : 43.27"
"13,9 : 379.6"
"13,10 : 365.31"
"13,11 : 484.93"
"13,12 : 293.44"
"13,13 : 0.0"
"13,14 : 149.09"
"13,15 : 317.37"
"13,16 : 635.46"
"13,17 : 129.1"
"13,18 : 443.83"
"13,19 : 570.75"
"13,20 : 654.08"
"13,21 : 358.8"
"13,22 : 299.83"
"13,23 : 377.41"
"13,24 : 333.14"
"13,25 : 199.16"
"13,26 : 284.04"
"13,27 : 267.1"
"13,28 : 703.7"
"13,29 : 341.67"
"13,30 : 475.45"
"13,31 : 361.71"
"13,32 : 508.63"
"13,33 : 287.9"
"13,34 : 462.26"
"13,35 : 560.75"
"13,36 : 327.98"
"13,37 : 625.99"
"13,38 : 391.89"
"13,39 : 308.5"
"13,40 : 219.97"
"13,41 : 144.97"
"13,42 : 493.08"
"13,43 : 523.7"
"13,44 : 176.48"
"13,45 : 414.77"
"13,46 : 400.12"
"13,47 : 388.89"
"13,48 : 329.46"
"13,49 : 283.55"
"14,0 : 303.66"
"14,1 : 677.59"
"14,2 : 727.62"
"14,3 : 516.2"
"14,4 : 406.64"
"14,5 : 548.5"
"14,6 : 273.7"
"14,7 : 751.24"
"14,8 : 180.28"
"14,9 : 501.4"
"14,10 : 474.7"
"14,11 : 573.69"
"14,12 : 417.96"
"14,13 : 149.09"
"14,14 : 0.0"
"14,15 : 460.72"
"14,16 : 755.87"
"14,17 : 218.76"
"14,18 : 517.0"
"14,19 : 673.18"
"14,20 : 781.79"
"14,21 : 507.74"
"14,22 : 309.48"
"14,23 : 350.87"
"14,24 : 402.36"
"14,25 : 150.14"
"14,26 : 137.93"
"14,27 : 150.84"
"14,28 : 827.68"
"14,29 : 232.09"
"14,30 : 576.1"
"14,31 : 398.98"
"14,32 : 642.99"
"14,33 : 157.0"
"14,34 : 605.94"
"14,35 : 697.53"
"14,36 : 178.91"
"14,37 : 731.26"
"14,38 : 532.49"
"14,39 : 351.65"
"14,40 : 141.91"
"14,41 : 98.01"
"14,42 : 404.78"
"14,43 : 660.95"
"14,44 : 92.54"
"14,45 : 544.94"
"14,46 : 533.1"
"14,47 : 436.41"
"14,48 : 264.09"
"14,49 : 192.42"
"15,0 : 206.81"
"15,1 : 392.46"
"15,2 : 468.39"
"15,3 : 265.02"
"15,4 : 732.88"
"15,5 : 325.51"
"15,6 : 388.49"
"15,7 : 394.44"
"15,8 : 304.32"
"15,9 : 355.6"
"15,10 : 391.37"
"15,11 : 529.25"
"15,12 : 115.68"
"15,13 : 317.37"
"15,14 : 460.72"
"15,15 : 0.0"
"15,16 : 356.39"
"15,17 : 270.25"
"15,18 : 338.13"
"15,19 : 556.18"
"15,20 : 531.15"
"15,21 : 103.77"
"15,22 : 534.15"
"15,23 : 503.04"
"15,24 : 295.2"
"15,25 : 433.76"
"15,26 : 598.47"
"15,27 : 537.29"
"15,28 : 589.87"
"15,29 : 654.11"
"15,30 : 489.26"
"15,31 : 378.76"
"15,32 : 203.22"
"15,33 : 605.25"
"15,34 : 145.25"
"15,35 : 248.77"
"15,36 : 636.8"
"15,37 : 591.98"
"15,38 : 77.52"
"15,39 : 344.57"
"15,40 : 529.14"
"15,41 : 412.57"
"15,42 : 789.08"
"15,43 : 211.74"
"15,44 : 449.96"
"15,45 : 339.02"
"15,46 : 316.03"
"15,47 : 370.27"
"15,48 : 526.97"
"15,49 : 592.0"
"16,0 : 559.45"
"16,1 : 197.47"
"16,2 : 723.2"
"16,3 : 269.54"
"16,4 : 893.2"
"16,5 : 280.32"
"16,6 : 565.13"
"16,7 : 88.51"
"16,8 : 636.4"
"16,9 : 688.51"
"16,10 : 733.92"
"16,11 : 864.8"
"16,12 : 342.07"
"16,13 : 635.46"
"16,14 : 755.87"
"16,15 : 356.39"
"16,16 : 0.0"
"16,17 : 537.37"
"16,18 : 326.12"
"16,19 : 867.02"
"16,20 : 778.08"
"16,21 : 409.3"
"16,22 : 887.44"
"16,23 : 629.29"
"16,24 : 401.1"
"16,25 : 671.15"
"16,26 : 889.21"
"16,27 : 779.06"
"16,28 : 834.41"
"16,29 : 975.67"
"16,30 : 818.37"
"16,31 : 469.11"
"16,32 : 166.01"
"16,33 : 911.89"
"16,34 : 270.78"
"16,35 : 160.05"
"16,36 : 913.23"
"16,37 : 889.32"
"16,38 : 285.41"
"16,39 : 476.94"
"16,40 : 855.42"
"16,41 : 678.62"
"16,42 : 1126.8"
"16,43 : 179.08"
"16,44 : 711.29"
"16,45 : 654.71"
"16,46 : 633.09"
"16,47 : 430.98"
"16,48 : 707.99"
"16,49 : 918.99"
"17,0 : 205.53"
"17,1 : 466.05"
"17,2 : 649.17"
"17,3 : 302.03"
"17,4 : 472.82"
"17,5 : 341.09"
"17,6 : 158.76"
"17,7 : 533.37"
"17,8 : 158.4"
"17,9 : 454.4"
"17,10 : 454.53"
"17,11 : 585.72"
"17,12 : 203.38"
"17,13 : 129.1"
"17,14 : 218.76"
"17,15 : 270.25"
"17,16 : 537.37"
"17,17 : 0.0"
"17,18 : 316.43"
"17,19 : 658.7"
"17,20 : 710.29"
"17,21 : 344.96"
"17,22 : 428.81"
"17,23 : 281.81"
"17,24 : 204.39"
"17,25 : 163.75"
"17,26 : 352.3"
"17,27 : 267.58"
"17,28 : 764.41"
"17,29 : 444.67"
"17,30 : 567.68"
"17,31 : 235.77"
"17,32 : 431.88"
"17,33 : 375.46"
"17,34 : 410.41"
"17,35 : 488.35"
"17,36 : 380.61"
"17,37 : 710.03"
"17,38 : 332.3"
"17,39 : 182.46"
"17,40 : 332.42"
"17,41 : 146.99"
"17,42 : 608.14"
"17,43 : 452.77"
"17,44 : 183.33"
"17,45 : 475.42"
"17,46 : 456.64"
"17,47 : 260.54"
"17,48 : 269.61"
"17,49 : 393.97"
"18,0 : 453.54"
"18,1 : 171.77"
"18,2 : 806.38"
"18,3 : 82.22"
"18,4 : 570.59"
"18,5 : 46.04"
"18,6 : 268.48"
"18,7 : 277.63"
"18,8 : 465.75"
"18,9 : 675.37"
"18,10 : 698.1"
"18,11 : 838.29"
"18,12 : 230.52"
"18,13 : 443.83"
"18,14 : 517.0"
"18,15 : 338.13"
"18,16 : 326.12"
"18,17 : 316.43"
"18,18 : 0.0"
"18,19 : 883.2"
"18,20 : 869.03"
"18,21 : 440.6"
"18,22 : 740.49"
"18,23 : 307.1"
"18,24 : 114.77"
"18,25 : 394.79"
"18,26 : 633.13"
"18,27 : 493.8"
"18,28 : 927.82"
"18,29 : 749.07"
"18,30 : 806.3"
"18,31 : 150.14"
"18,32 : 328.21"
"18,33 : 670.72"
"18,34 : 389.81"
"18,35 : 379.19"
"18,36 : 642.9"
"18,37 : 923.77"
"18,38 : 329.46"
"18,39 : 175.64"
"18,40 : 645.08"
"18,41 : 423.19"
"18,42 : 919.18"
"18,43 : 360.03"
"18,44 : 447.29"
"18,45 : 670.12"
"18,46 : 647.41"
"18,47 : 108.19"
"18,48 : 397.52"
"18,49 : 704.46"
"19,0 : 455.41"
"19,1 : 946.82"
"19,2 : 203.86"
"19,3 : 817.63"
"19,4 : 1076.08"
"19,5 : 877.91"
"19,6 : 817.12"
"19,7 : 928.64"
"19,8 : 527.53"
"19,9 : 209.46"
"19,10 : 205.83"
"19,11 : 115.52"
"19,12 : 653.07"
"19,13 : 570.75"
"19,14 : 673.18"
"19,15 : 556.18"
"19,16 : 867.02"
"19,17 : 658.7"
"19,18 : 883.2"
"19,19 : 0.0"
"19,20 : 204.12"
"19,21 : 468.12"
"19,22 : 435.66"
"19,23 : 938.76"
"19,24 : 809.38"
"19,25 : 769.67"
"19,26 : 754.78"
"19,27 : 821.18"
"19,28 : 211.0"
"19,29 : 689.42"
"19,30 : 97.08"
"19,31 : 875.31"
"19,32 : 702.16"
"19,33 : 713.45"
"19,34 : 596.31"
"19,35 : 713.14"
"19,36 : 813.3"
"19,37 : 59.41"
"19,38 : 600.49"
"19,39 : 826.03"
"19,40 : 606.24"
"19,41 : 712.79"
"19,42 : 699.25"
"19,43 : 688.39"
"19,44 : 738.89"
"19,45 : 217.75"
"19,46 : 240.67"
"19,47 : 884.32"
"19,48 : 900.21"
"19,49 : 633.14"
"20,0 : 508.77"
"20,1 : 895.49"
"20,2 : 63.07"
"20,3 : 793.46"
"20,4 : 1165.98"
"20,5 : 853.29"
"20,6 : 866.0"
"20,7 : 852.02"
"20,8 : 612.41"
"20,9 : 281.11"
"20,10 : 319.08"
"20,11 : 304.42"
"20,12 : 643.69"
"20,13 : 654.08"
"20,14 : 781.79"
"20,15 : 531.15"
"20,16 : 778.08"
"20,17 : 710.29"
"20,18 : 869.03"
"20,19 : 204.12"
"20,20 : 0.0"
"20,21 : 428.49"
"20,22 : 599.79"
"20,23 : 989.63"
"20,24 : 818.45"
"20,25 : 848.56"
"20,26 : 885.24"
"20,27 : 919.74"
"20,28 : 58.94"
"20,29 : 845.37"
"20,30 : 260.49"
"20,31 : 895.85"
"20,32 : 623.35"
"20,33 : 853.51"
"20,34 : 519.39"
"20,35 : 618.11"
"20,36 : 941.92"
"20,37 : 174.26"
"20,38 : 550.15"
"20,39 : 852.71"
"20,40 : 745.43"
"20,41 : 798.67"
"20,42 : 880.94"
"20,43 : 602.01"
"20,44 : 830.41"
"20,45 : 239.34"
"20,46 : 255.29"
"20,47 : 894.96"
"20,48 : 973.57"
"20,49 : 783.72"
"21,0 : 214.71"
"21,1 : 480.13"
"21,2 : 365.99"
"21,3 : 365.3"
"21,4 : 816.61"
"21,5 : 425.41"
"21,6 : 479.4"
"21,7 : 463.04"
"21,8 : 334.22"
"21,9 : 279.47"
"21,10 : 325.1"
"21,11 : 455.88"
"21,12 : 219.01"
"21,13 : 358.8"
"21,14 : 507.74"
"21,15 : 103.77"
"21,16 : 409.3"
"21,17 : 344.96"
"21,18 : 440.6"
"21,19 : 468.12"
"21,20 : 428.49"
"21,21 : 0.0"
"21,22 : 518.99"
"21,23 : 597.86"
"21,24 : 398.02"
"21,25 : 507.13"
"21,26 : 642.28"
"21,27 : 604.58"
"21,28 : 487.34"
"21,29 : 676.22"
"21,30 : 410.8"
"21,31 : 480.45"
"21,32 : 243.77"
"21,33 : 639.45"
"21,34 : 146.75"
"21,35 : 270.82"
"21,36 : 686.63"
"21,37 : 499.2"
"21,38 : 132.37"
"21,39 : 443.77"
"21,40 : 551.25"
"21,41 : 476.51"
"21,42 : 793.5"
"21,43 : 238.31"
"21,44 : 513.78"
"21,45 : 250.89"
"21,46 : 228.28"
"21,47 : 473.53"
"21,48 : 611.49"
"21,49 : 611.34"
"22,0 : 328.15"
"22,1 : 872.49"
"22,2 : 561.93"
"22,3 : 709.61"
"22,4 : 704.77"
"22,5 : 758.51"
"22,6 : 552.72"
"22,7 : 911.93"
"22,8 : 274.77"
"22,9 : 343.01"
"22,10 : 288.76"
"22,11 : 321.26"
"22,12 : 559.6"
"22,13 : 299.83"
"22,14 : 309.48"
"22,15 : 534.15"
"22,16 : 887.44"
"22,17 : 428.81"
"22,18 : 740.49"
"22,19 : 435.66"
"22,20 : 599.79"
"22,21 : 518.99"
"22,22 : 0.0"
"22,23 : 651.03"
"22,24 : 632.03"
"22,25 : 450.59"
"22,26 : 341.46"
"22,27 : 455.25"
"22,28 : 630.25"
"22,29 : 254.19"
"22,30 : 346.88"
"22,31 : 660.21"
"22,32 : 737.02"
"22,33 : 289.93"
"22,34 : 659.59"
"22,35 : 778.42"
"22,36 : 399.22"
"22,37 : 494.49"
"22,38 : 610.36"
"22,39 : 607.31"
"22,40 : 192.13"
"22,41 : 390.16"
"22,42 : 292.25"
"22,43 : 742.34"
"22,44 : 398.9"
"22,45 : 404.28"
"22,46 : 405.78"
"22,47 : 688.6"
"22,48 : 572.9"
"22,49 : 201.8"
"23,0 : 487.33"
"23,1 : 473.82"
"23,2 : 927.82"
"23,3 : 361.8"
"23,4 : 264.0"
"23,5 : 352.82"
"23,6 : 123.71"
"23,7 : 584.69"
"23,8 : 418.57"
"23,9 : 736.01"
"23,10 : 733.5"
"23,11 : 860.23"
"23,12 : 395.48"
"23,13 : 377.41"
"23,14 : 350.87"
"23,15 : 503.04"
"23,16 : 629.29"
"23,17 : 281.81"
"23,18 : 307.1"
"23,19 : 938.76"
"23,20 : 989.63"
"23,21 : 597.86"
"23,22 : 651.03"
"23,23 : 0.0"
"23,24 : 237.7"
"23,25 : 201.72"
"23,26 : 415.02"
"23,27 : 248.7"
"23,28 : 1044.61"
"23,29 : 558.02"
"23,30 : 846.16"
"23,31 : 160.25"
"23,32 : 592.81"
"23,33 : 469.55"
"23,34 : 616.27"
"23,35 : 650.13"
"23,36 : 401.42"
"23,37 : 991.03"
"23,38 : 538.79"
"23,39 : 166.01"
"23,40 : 492.11"
"23,41 : 261.05"
"23,42 : 735.47"
"23,43 : 622.03"
"23,44 : 258.44"
"23,45 : 756.7"
"23,46 : 737.47"
"23,47 : 199.25"
"23,48 : 113.28"
"23,49 : 535.72"
"24,0 : 363.2"
"24,1 : 279.33"
"24,2 : 755.38"
"24,3 : 132.2"
"24,4 : 497.63"
"24,5 : 148.12"
"24,6 : 165.42"
"24,7 : 370.62"
"24,8 : 358.3"
"24,9 : 599.92"
"24,10 : 615.34"
"24,11 : 753.94"
"24,12 : 179.62"
"24,13 : 333.14"
"24,14 : 402.36"
"24,15 : 295.2"
"24,16 : 401.1"
"24,17 : 204.39"
"24,18 : 114.77"
"24,19 : 809.38"
"24,20 : 818.45"
"24,21 : 398.02"
"24,22 : 632.03"
"24,23 : 237.7"
"24,24 : 0.0"
"24,25 : 284.41"
"24,26 : 520.41"
"24,27 : 387.36"
"24,28 : 876.34"
"24,29 : 634.39"
"24,30 : 726.64"
"24,31 : 86.61"
"24,32 : 355.44"
"24,33 : 556.58"
"24,34 : 387.2"
"24,35 : 412.54"
"24,36 : 532.88"
"24,37 : 854.22"
"24,38 : 313.45"
"24,39 : 76.03"
"24,40 : 530.6"
"24,41 : 309.23"
"24,42 : 804.46"
"24,43 : 385.07"
"24,44 : 334.68"
"24,45 : 603.47"
"24,46 : 581.56"
"24,47 : 76.56"
"24,48 : 306.94"
"24,49 : 589.76"
"25,0 : 341.12"
"25,1 : 563.55"
"25,2 : 789.64"
"25,3 : 411.53"
"25,4 : 318.45"
"25,5 : 432.19"
"25,6 : 131.8"
"25,7 : 651.81"
"25,8 : 242.42"
"25,9 : 577.72"
"25,10 : 564.41"
"25,11 : 681.12"
"25,12 : 357.0"
"25,13 : 199.16"
"25,14 : 150.14"
"25,15 : 433.76"
"25,16 : 671.15"
"25,17 : 163.75"
"25,18 : 394.79"
"25,19 : 769.67"
"25,20 : 848.56"
"25,21 : 507.13"
"25,22 : 450.59"
"25,23 : 201.72"
"25,24 : 284.41"
"25,25 : 0.0"
"25,26 : 240.42"
"25,27 : 108.9"
"25,28 : 899.72"
"25,29 : 370.28"
"25,30 : 673.99"
"25,31 : 261.14"
"25,32 : 584.67"
"25,33 : 285.04"
"25,34 : 572.2"
"25,35 : 642.38"
"25,36 : 248.5"
"25,37 : 825.12"
"25,38 : 493.3"
"25,39 : 220.37"
"25,40 : 292.02"
"25,41 : 61.19"
"25,42 : 547.13"
"25,43 : 608.04"
"25,44 : 59.51"
"25,45 : 609.55"
"25,46 : 593.36"
"25,47 : 301.96"
"25,48 : 131.03"
"25,49 : 339.64"
"26,0 : 433.25"
"26,1 : 799.33"
"26,2 : 834.96"
"26,3 : 641.76"
"26,4 : 377.72"
"26,5 : 668.46"
"26,6 : 372.01"
"26,7 : 879.99"
"26,8 : 309.56"
"26,9 : 604.69"
"26,10 : 568.8"
"26,11 : 646.64"
"26,12 : 554.08"
"26,13 : 284.04"
"26,14 : 137.93"
"26,15 : 598.47"
"26,16 : 889.21"
"26,17 : 352.3"
"26,18 : 633.13"
"26,19 : 754.78"
"26,20 : 885.24"
"26,21 : 642.28"
"26,22 : 341.46"
"26,23 : 415.02"
"26,24 : 520.41"
"26,25 : 240.42"
"26,26 : 0.0"
"26,27 : 167.31"
"26,28 : 926.81"
"26,29 : 148.64"
"26,30 : 659.06"
"26,31 : 501.42"
"26,32 : 780.28"
"26,33 : 62.13"
"26,34 : 743.71"
"26,35 : 835.13"
"26,36 : 58.69"
"26,37 : 814.07"
"26,38 : 670.42"
"26,39 : 460.25"
"26,40 : 150.99"
"26,41 : 213.0"
"26,42 : 322.91"
"26,43 : 798.63"
"26,44 : 185.85"
"26,45 : 654.49"
"26,46 : 645.49"
"26,47 : 542.37"
"26,48 : 307.15"
"26,49 : 152.49"
"27,0 : 421.84"
"27,1 : 664.63"
"27,2 : 863.23"
"27,3 : 516.98"
"27,4 : 256.02"
"27,5 : 533.53"
"27,6 : 225.38"
"27,7 : 757.16"
"27,8 : 307.61"
"27,9 : 642.0"
"27,10 : 620.01"
"27,11 : 723.66"
"27,12 : 465.18"
"27,13 : 267.1"
"27,14 : 150.84"
"27,15 : 537.29"
"27,16 : 779.06"
"27,17 : 267.58"
"27,18 : 493.8"
"27,19 : 821.18"
"27,20 : 919.74"
"27,21 : 604.58"
"27,22 : 455.25"
"27,23 : 248.7"
"27,24 : 387.36"
"27,25 : 108.9"
"27,26 : 167.31"
"27,27 : 0.0"
"27,28 : 968.0"
"27,29 : 313.73"
"27,30 : 724.18"
"27,31 : 351.65"
"27,32 : 693.27"
"27,33 : 224.88"
"27,34 : 677.93"
"27,35 : 750.86"
"27,36 : 154.99"
"27,37 : 878.72"
"27,38 : 599.54"
"27,39 : 318.2"
"27,40 : 271.4"
"27,41 : 128.51"
"27,42 : 489.87"
"27,43 : 716.31"
"27,44 : 92.14"
"27,45 : 680.78"
"27,46 : 666.81"
"27,47 : 394.46"
"27,48 : 139.86"
"27,49 : 301.6"
"28,0 : 561.45"
"28,1 : 954.03"
"28,2 : 121.49"
"28,3 : 852.37"
"28,4 : 1216.26"
"28,5 : 912.21"
"28,6 : 920.92"
"28,7 : 909.24"
"28,8 : 661.51"
"28,9 : 326.41"
"28,10 : 358.11"
"28,11 : 321.62"
"28,12 : 702.12"
"28,13 : 703.7"
"28,14 : 827.68"
"28,15 : 589.87"
"28,16 : 834.41"
"28,17 : 764.41"
"28,18 : 927.82"
"28,19 : 211.0"
"28,20 : 58.94"
"28,21 : 487.34"
"28,22 : 630.25"
"28,23 : 1044.61"
"28,24 : 876.34"
"28,25 : 899.72"
"28,26 : 926.81"
"28,27 : 968.0"
"28,28 : 0.0"
"28,29 : 879.7"
"28,30 : 284.52"
"28,31 : 953.2"
"28,32 : 680.95"
"28,33 : 892.53"
"28,34 : 577.44"
"28,35 : 674.36"
"28,36 : 984.11"
"28,37 : 166.72"
"28,38 : 609.04"
"28,39 : 909.55"
"28,40 : 784.24"
"28,41 : 848.6"
"28,42 : 905.08"
"28,43 : 659.11"
"28,44 : 879.56"
"28,45 : 290.41"
"28,46 : 307.98"
"28,47 : 952.88"
"28,48 : 1025.87"
"28,49 : 819.5"
"29,0 : 461.67"
"29,1 : 908.45"
"29,2 : 802.32"
"29,3 : 745.83"
"29,4 : 519.81"
"29,5 : 780.08"
"29,6 : 500.62"
"29,7 : 977.54"
"29,8 : 349.79"
"29,9 : 574.14"
"29,10 : 527.3"
"29,11 : 575.38"
"29,12 : 633.82"
"29,13 : 341.67"
"29,14 : 232.09"
"29,15 : 654.11"
"29,16 : 975.67"
"29,17 : 444.67"
"29,18 : 749.07"
"29,19 : 689.42"
"29,20 : 845.37"
"29,21 : 676.22"
"29,22 : 254.19"
"29,23 : 558.02"
"29,24 : 634.39"
"29,25 : 370.28"
"29,26 : 148.64"
"29,27 : 313.73"
"29,28 : 879.7"
"29,29 : 0.0"
"29,30 : 598.84"
"29,31 : 628.46"
"29,32 : 849.74"
"29,33 : 88.89"
"29,34 : 796.69"
"29,35 : 900.82"
"29,36 : 189.06"
"29,37 : 748.43"
"29,38 : 730.46"
"29,39 : 582.68"
"29,40 : 125.42"
"29,41 : 327.96"
"29,42 : 177.61"
"29,43 : 863.67"
"29,44 : 311.24"
"29,45 : 631.32"
"29,46 : 627.39"
"29,47 : 667.09"
"29,48 : 453.26"
"29,49 : 66.01"
"30,0 : 367.21"
"30,1 : 881.71"
"30,2 : 236.58"
"30,3 : 744.69"
"30,4 : 979.22"
"30,5 : 804.36"
"30,6 : 725.43"
"30,7 : 873.73"
"30,8 : 432.33"
"30,9 : 133.66"
"30,10 : 113.23"
"30,11 : 54.41"
"30,12 : 578.12"
"30,13 : 475.45"
"30,14 : 576.1"
"30,15 : 489.26"
"30,16 : 818.37"
"30,17 : 567.68"
"30,18 : 806.3"
"30,19 : 97.08"
"30,20 : 260.49"
"30,21 : 410.8"
"30,22 : 346.88"
"30,23 : 846.16"
"30,24 : 726.64"
"30,25 : 673.99"
"30,26 : 659.06"
"30,27 : 724.18"
"30,28 : 284.52"
"30,29 : 598.84"
"30,30 : 0.0"
"30,31 : 789.09"
"30,32 : 652.36"
"30,33 : 619.07"
"30,34 : 548.9"
"30,35 : 670.38"
"30,36 : 717.47"
"30,37 : 155.59"
"30,38 : 541.76"
"30,39 : 738.78"
"30,40 : 511.38"
"30,41 : 616.64"
"30,42 : 621.43"
"30,43 : 642.31"
"30,44 : 642.28"
"30,45 : 165.71"
"30,46 : 186.05"
"30,47 : 800.46"
"30,48 : 804.76"
"30,49 : 540.81"
"31,0 : 422.04"
"31,1 : 320.98"
"31,2 : 832.89"
"31,3 : 201.81"
"31,4 : 424.1"
"31,5 : 194.82"
"31,6 : 129.42"
"31,7 : 426.98"
"31,8 : 394.04"
"31,9 : 666.36"
"31,10 : 676.41"
"31,11 : 812.52"
"31,12 : 263.91"
"31,13 : 361.71"
"31,14 : 398.98"
"31,15 : 378.76"
"31,16 : 469.11"
"31,17 : 235.77"
"31,18 : 150.14"
"31,19 : 875.31"
"31,20 : 895.85"
"31,21 : 480.45"
"31,22 : 660.21"
"31,23 : 160.25"
"31,24 : 86.61"
"31,25 : 261.14"
"31,26 : 501.42"
"31,27 : 351.65"
"31,28 : 953.2"
"31,29 : 628.46"
"31,30 : 789.09"
"31,31 : 0.0"
"31,32 : 438.8"
"31,33 : 545.22"
"31,34 : 473.77"
"31,35 : 495.1"
"31,36 : 504.48"
"31,37 : 922.52"
"31,38 : 399.96"
"31,39 : 53.34"
"31,40 : 536.31"
"31,41 : 301.21"
"31,42 : 803.48"
"31,43 : 469.03"
"31,44 : 318.31"
"31,45 : 675.0"
"31,46 : 653.69"
"31,47 : 43.38"
"31,48 : 247.63"
"31,49 : 591.16"
"32,0 : 410.03"
"32,1 : 283.02"
"32,2 : 566.03"
"32,3 : 248.23"
"32,4 : 848.82"
"32,5 : 291.61"
"32,6 : 502.05"
"32,7 : 229.49"
"32,8 : 501.79"
"32,9 : 522.64"
"32,10 : 568.8"
"32,11 : 698.86"
"32,12 : 228.84"
"32,13 : 508.63"
"32,14 : 642.99"
"32,15 : 203.22"
"32,16 : 166.01"
"32,17 : 431.88"
"32,18 : 328.21"
"32,19 : 702.16"
"32,20 : 623.35"
"32,21 : 243.77"
"32,22 : 737.02"
"32,23 : 592.81"
"32,24 : 355.44"
"32,25 : 584.67"
"32,26 : 780.28"
"32,27 : 693.27"
"32,28 : 680.95"
"32,29 : 849.74"
"32,30 : 652.36"
"32,31 : 438.8"
"32,32 : 0.0"
"32,33 : 794.41"
"32,34 : 106.37"
"32,35 : 58.31"
"32,36 : 812.12"
"32,37 : 726.19"
"32,38 : 126.73"
"32,39 : 427.66"
"32,40 : 725.99"
"32,41 : 578.73"
"32,42 : 990.42"
"32,43 : 31.89"
"32,44 : 614.5"
"32,45 : 488.89"
"32,46 : 467.17"
"32,47 : 410.99"
"32,48 : 649.13"
"32,49 : 789.41"
"33,0 : 426.1"
"33,1 : 833.5"
"33,2 : 805.78"
"33,3 : 672.87"
"33,4 : 439.34"
"33,5 : 703.73"
"33,6 : 416.43"
"33,7 : 908.24"
"33,8 : 305.58"
"33,9 : 575.1"
"33,10 : 534.87"
"33,11 : 602.85"
"33,12 : 572.26"
"33,13 : 287.9"
"33,14 : 157.0"
"33,15 : 605.25"
"33,16 : 911.89"
"33,17 : 375.46"
"33,18 : 670.72"
"33,19 : 713.45"
"33,20 : 853.51"
"33,21 : 639.45"
"33,22 : 289.93"
"33,23 : 469.55"
"33,24 : 556.58"
"33,25 : 285.04"
"33,26 : 62.13"
"33,27 : 224.88"
"33,28 : 892.53"
"33,29 : 88.89"
"33,30 : 619.07"
"33,31 : 545.22"
"33,32 : 794.41"
"33,33 : 0.0"
"33,34 : 749.98"
"33,35 : 847.64"
"33,36 : 112.81"
"33,37 : 772.86"
"33,38 : 679.65"
"33,39 : 501.14"
"33,40 : 108.3"
"33,41 : 247.55"
"33,42 : 265.93"
"33,43 : 810.72"
"33,44 : 226.92"
"33,45 : 628.05"
"33,46 : 620.96"
"33,47 : 584.85"
"33,48 : 364.37"
"33,49 : 93.04"
"34,0 : 340.42"
"34,1 : 378.66"
"34,2 : 461.13"
"34,3 : 307.68"
"34,4 : 860.16"
"34,5 : 361.12"
"34,6 : 511.25"
"34,7 : 335.53"
"34,8 : 447.25"
"34,9 : 421.07"
"34,10 : 469.86"
"34,11 : 596.58"
"34,12 : 223.33"
"34,13 : 462.26"
"34,14 : 605.94"
"34,15 : 145.25"
"34,16 : 270.78"
"34,17 : 410.41"
"34,18 : 389.81"
"34,19 : 596.31"
"34,20 : 519.39"
"34,21 : 146.75"
"34,22 : 659.59"
"34,23 : 616.27"
"34,24 : 387.2"
"34,25 : 572.2"
"34,26 : 743.71"
"34,27 : 677.93"
"34,28 : 577.44"
"34,29 : 796.69"
"34,30 : 548.9"
"34,31 : 473.77"
"34,32 : 106.37"
"34,33 : 749.98"
"34,34 : 0.0"
"34,35 : 124.2"
"34,36 : 781.67"
"34,37 : 619.84"
"34,38 : 79.56"
"34,39 : 451.08"
"34,40 : 671.38"
"34,41 : 555.26"
"34,42 : 925.86"
"34,43 : 93.47"
"34,44 : 592.45"
"34,45 : 384.4"
"34,46 : 363.08"
"34,47 : 454.03"
"34,48 : 655.37"
"34,49 : 733.68"
"35,0 : 454.12"
"35,1 : 313.85"
"35,2 : 563.65"
"35,3 : 301.12"
"35,4 : 906.84"
"35,5 : 340.2"
"35,6 : 560.32"
"35,7 : 238.9"
"35,8 : 551.64"
"35,9 : 544.18"
"35,10 : 593.81"
"35,11 : 719.01"
"35,12 : 285.93"
"35,13 : 560.75"
"35,14 : 697.53"
"35,15 : 248.77"
"35,16 : 160.05"
"35,17 : 488.35"
"35,18 : 379.19"
"35,19 : 713.14"
"35,20 : 618.11"
"35,21 : 270.82"
"35,22 : 778.42"
"35,23 : 650.13"
"35,24 : 412.54"
"35,25 : 642.38"
"35,26 : 835.13"
"35,27 : 750.86"
"35,28 : 674.36"
"35,29 : 900.82"
"35,30 : 670.38"
"35,31 : 495.1"
"35,32 : 58.31"
"35,33 : 847.64"
"35,34 : 124.2"
"35,35 : 0.0"
"35,36 : 868.06"
"35,37 : 732.74"
"35,38 : 171.3"
"35,39 : 485.31"
"35,40 : 776.42"
"35,41 : 635.31"
"35,42 : 1037.83"
"35,43 : 37.16"
"35,44 : 671.32"
"35,45 : 505.05"
"35,46 : 484.34"
"35,47 : 466.04"
"35,48 : 707.41"
"35,49 : 839.6"
"36,0 : 481.27"
"36,1 : 812.05"
"36,2 : 890.94"
"36,3 : 658.75"
"36,4 : 330.75"
"36,5 : 680.69"
"36,6 : 376.2"
"36,7 : 898.65"
"36,8 : 357.33"
"36,9 : 661.06"
"36,10 : 626.28"
"36,11 : 705.33"
"36,12 : 583.98"
"36,13 : 327.98"
"36,14 : 178.91"
"36,15 : 636.8"
"36,16 : 913.23"
"36,17 : 380.61"
"36,18 : 642.9"
"36,19 : 813.3"
"36,20 : 941.92"
"36,21 : 686.63"
"36,22 : 399.22"
"36,23 : 401.42"
"36,24 : 532.88"
"36,25 : 248.5"
"36,26 : 58.69"
"36,27 : 154.99"
"36,28 : 984.11"
"36,29 : 189.06"
"36,30 : 717.47"
"36,31 : 504.48"
"36,32 : 812.12"
"36,33 : 112.81"
"36,34 : 781.67"
"36,35 : 868.06"
"36,36 : 0.0"
"36,37 : 872.57"
"36,38 : 706.58"
"36,39 : 467.7"
"36,40 : 209.54"
"36,41 : 235.05"
"36,42 : 353.31"
"36,43 : 832.03"
"36,44 : 202.04"
"36,45 : 709.82"
"36,46 : 700.18"
"36,47 : 546.77"
"36,48 : 289.38"
"36,49 : 205.83"
"37,0 : 505.4"
"37,1 : 979.32"
"37,2 : 191.94"
"37,3 : 855.75"
"37,4 : 1133.21"
"37,5 : 916.24"
"37,6 : 868.73"
"37,7 : 954.62"
"37,8 : 582.73"
"37,9 : 256.67"
"37,10 : 260.71"
"37,11 : 173.53"
"37,12 : 693.25"
"37,13 : 625.99"
"37,14 : 731.26"
"37,15 : 591.98"
"37,16 : 889.32"
"37,17 : 710.03"
"37,18 : 923.77"
"37,19 : 59.41"
"37,20 : 174.26"
"37,21 : 499.2"
"37,22 : 494.49"
"37,23 : 991.03"
"37,24 : 854.22"
"37,25 : 825.12"
"37,26 : 814.07"
"37,27 : 878.72"
"37,28 : 166.72"
"37,29 : 748.43"
"37,30 : 155.59"
"37,31 : 922.52"
"37,32 : 726.19"
"37,33 : 772.86"
"37,34 : 619.84"
"37,35 : 732.74"
"37,36 : 872.57"
"37,37 : 0.0"
"37,38 : 630.86"
"37,39 : 874.11"
"37,40 : 665.63"
"37,41 : 768.87"
"37,42 : 754.8"
"37,43 : 710.24"
"37,44 : 795.62"
"37,45 : 253.78"
"37,46 : 276.63"
"37,47 : 929.78"
"37,48 : 955.34"
"37,49 : 692.42"
"38,0 : 283.88"
"38,1 : 349.09"
"38,2 : 488.98"
"38,3 : 249.1"
"38,4 : 780.85"
"38,5 : 306.86"
"38,6 : 432.14"
"38,7 : 332.38"
"38,8 : 380.86"
"38,9 : 409.24"
"38,10 : 451.04"
"38,11 : 585.35"
"38,12 : 144.31"
"38,13 : 391.89"
"38,14 : 532.49"
"38,15 : 77.52"
"38,16 : 285.41"
"38,17 : 332.3"
"38,18 : 329.46"
"38,19 : 600.49"
"38,20 : 550.15"
"38,21 : 132.37"
"38,22 : 610.36"
"38,23 : 538.79"
"38,24 : 313.45"
"38,25 : 493.3"
"38,26 : 670.42"
"38,27 : 599.54"
"38,28 : 609.04"
"38,29 : 730.46"
"38,30 : 541.76"
"38,31 : 399.96"
"38,32 : 126.73"
"38,33 : 679.65"
"38,34 : 79.56"
"38,35 : 171.3"
"38,36 : 706.58"
"38,37 : 630.86"
"38,38 : 0.0"
"38,39 : 374.4"
"38,40 : 605.74"
"38,41 : 478.01"
"38,42 : 866.58"
"38,43 : 134.24"
"38,44 : 515.01"
"38,45 : 383.21"
"38,46 : 360.55"
"38,47 : 383.28"
"38,48 : 575.91"
"38,49 : 668.77"
"39,0 : 371.57"
"39,1 : 346.6"
"39,2 : 789.92"
"39,3 : 207.63"
"39,4 : 422.57"
"39,5 : 215.87"
"39,6 : 93.04"
"39,7 : 443.97"
"39,8 : 340.7"
"39,9 : 617.59"
"39,10 : 625.86"
"39,11 : 761.18"
"39,12 : 232.8"
"39,13 : 308.5"
"39,14 : 351.65"
"39,15 : 344.57"
"39,16 : 476.94"
"39,17 : 182.46"
"39,18 : 175.64"
"39,19 : 826.03"
"39,20 : 852.71"
"39,21 : 443.77"
"39,22 : 607.31"
"39,23 : 166.01"
"39,24 : 76.03"
"39,25 : 220.37"
"39,26 : 460.25"
"39,27 : 318.2"
"39,28 : 909.55"
"39,29 : 582.68"
"39,30 : 738.78"
"39,31 : 53.34"
"39,32 : 427.66"
"39,33 : 501.14"
"39,34 : 451.08"
"39,35 : 485.31"
"39,36 : 467.7"
"39,37 : 874.11"
"39,38 : 374.4"
"39,39 : 0.0"
"39,40 : 486.96"
"39,41 : 254.72"
"39,42 : 756.42"
"39,43 : 456.5"
"39,44 : 275.07"
"39,45 : 628.5"
"39,46 : 607.57"
"39,47 : 84.91"
"39,48 : 231.05"
"39,49 : 543.07"
"40,0 : 336.57"
"40,1 : 798.46"
"40,2 : 698.23"
"40,3 : 634.28"
"40,4 : 514.67"
"40,5 : 672.71"
"40,6 : 413.77"
"40,7 : 861.3"
"40,8 : 224.88"
"40,9 : 467.7"
"40,10 : 426.65"
"40,11 : 496.7"
"40,12 : 513.39"
"40,13 : 219.97"
"40,14 : 141.91"
"40,15 : 529.14"
"40,16 : 855.42"
"40,17 : 332.42"
"40,18 : 645.08"
"40,19 : 606.24"
"40,20 : 745.43"
"40,21 : 551.25"
"40,22 : 192.13"
"40,23 : 492.11"
"40,24 : 530.6"
"40,25 : 292.02"
"40,26 : 150.99"
"40,27 : 271.4"
"40,28 : 784.24"
"40,29 : 125.42"
"40,30 : 511.38"
"40,31 : 536.31"
"40,32 : 725.99"
"40,33 : 108.3"
"40,34 : 671.38"
"40,35 : 776.42"
"40,36 : 209.54"
"40,37 : 665.63"
"40,38 : 605.74"
"40,39 : 486.96"
"40,40 : 0.0"
"40,41 : 238.3"
"40,42 : 275.78"
"40,43 : 739.26"
"40,44 : 233.77"
"40,45 : 521.64"
"40,46 : 515.4"
"40,47 : 571.82"
"40,48 : 400.21"
"40,49 : 63.63"
"41,0 : 295.39"
"41,1 : 587.2"
"41,2 : 740.84"
"41,3 : 428.78"
"41,4 : 367.7"
"41,5 : 456.81"
"41,6 : 175.8"
"41,7 : 667.13"
"41,8 : 187.68"
"41,9 : 524.49"
"41,10 : 508.25"
"41,11 : 622.19"
"41,12 : 350.01"
"41,13 : 144.97"
"41,14 : 98.01"
"41,15 : 412.57"
"41,16 : 678.62"
"41,17 : 146.99"
"41,18 : 423.19"
"41,19 : 712.79"
"41,20 : 798.67"
"41,21 : 476.51"
"41,22 : 390.16"
"41,23 : 261.05"
"41,24 : 309.23"
"41,25 : 61.19"
"41,26 : 213.0"
"41,27 : 128.51"
"41,28 : 848.6"
"41,29 : 327.96"
"41,30 : 616.64"
"41,31 : 301.21"
"41,32 : 578.73"
"41,33 : 247.55"
"41,34 : 555.26"
"41,35 : 635.31"
"41,36 : 235.05"
"41,37 : 768.87"
"41,38 : 478.01"
"41,39 : 254.72"
"41,40 : 238.3"
"41,41 : 0.0"
"41,42 : 502.28"
"41,43 : 599.75"
"41,44 : 37.48"
"41,45 : 559.33"
"41,46 : 544.18"
"41,47 : 339.2"
"41,48 : 190.71"
"41,49 : 290.42"
"42,0 : 585.45"
"42,1 : 1074.18"
"42,2 : 848.2"
"42,3 : 910.05"
"42,4 : 678.33"
"42,5 : 947.93"
"42,6 : 676.61"
"42,7 : 1135.98"
"42,8 : 490.67"
"42,9 : 634.71"
"42,10 : 579.03"
"42,11 : 584.57"
"42,12 : 785.62"
"42,13 : 493.08"
"42,14 : 404.78"
"42,15 : 789.08"
"42,16 : 1126.8"
"42,17 : 608.14"
"42,18 : 919.18"
"42,19 : 699.25"
"42,20 : 880.94"
"42,21 : 793.5"
"42,22 : 292.25"
"42,23 : 735.47"
"42,24 : 804.46"
"42,25 : 547.13"
"42,26 : 322.91"
"42,27 : 489.87"
"42,28 : 905.08"
"42,29 : 177.61"
"42,30 : 621.43"
"42,31 : 803.48"
"42,32 : 990.42"
"42,33 : 265.93"
"42,34 : 925.86"
"42,35 : 1037.83"
"42,36 : 353.31"
"42,37 : 754.8"
"42,38 : 866.58"
"42,39 : 756.42"
"42,40 : 275.78"
"42,41 : 502.28"
"42,42 : 0.0"
"42,43 : 1000.82"
"42,44 : 487.83"
"42,45 : 696.27"
"42,46 : 698.03"
"42,47 : 841.19"
"42,48 : 629.7"
"42,49 : 214.77"
"43,0 : 417.42"
"43,1 : 311.61"
"43,2 : 545.83"
"43,3 : 279.87"
"43,4 : 876.73"
"43,5 : 323.49"
"43,6 : 529.06"
"43,7 : 250.16"
"43,8 : 514.48"
"43,9 : 514.47"
"43,10 : 562.75"
"43,11 : 690.05"
"43,12 : 251.13"
"43,13 : 523.7"
"43,14 : 660.95"
"43,15 : 211.74"
"43,16 : 179.08"
"43,17 : 452.77"
"43,18 : 360.03"
"43,19 : 688.39"
"43,20 : 602.01"
"43,21 : 238.31"
"43,22 : 742.34"
"43,23 : 622.03"
"43,24 : 385.07"
"43,25 : 608.04"
"43,26 : 798.63"
"43,27 : 716.31"
"43,28 : 659.11"
"43,29 : 863.67"
"43,30 : 642.31"
"43,31 : 469.03"
"43,32 : 31.89"
"43,33 : 810.72"
"43,34 : 93.47"
"43,35 : 37.16"
"43,36 : 832.03"
"43,37 : 710.24"
"43,38 : 134.24"
"43,39 : 456.5"
"43,40 : 739.26"
"43,41 : 599.75"
"43,42 : 1000.82"
"43,43 : 0.0"
"43,44 : 635.93"
"43,45 : 477.62"
"43,46 : 456.42"
"43,47 : 441.9"
"43,48 : 676.01"
"43,49 : 802.44"
"44,0 : 329.97"
"44,1 : 613.81"
"44,2 : 773.22"
"44,3 : 457.78"
"44,4 : 338.1"
"44,5 : 482.78"
"44,6 : 189.61"
"44,7 : 697.21"
"44,8 : 218.08"
"44,9 : 554.37"
"44,10 : 535.52"
"44,11 : 645.39"
"44,12 : 385.66"
"44,13 : 176.48"
"44,14 : 92.54"
"44,15 : 449.96"
"44,16 : 711.29"
"44,17 : 183.33"
"44,18 : 447.29"
"44,19 : 738.89"
"44,20 : 830.41"
"44,21 : 513.78"
"44,22 : 398.9"
"44,23 : 258.44"
"44,24 : 334.68"
"44,25 : 59.51"
"44,26 : 185.85"
"44,27 : 92.14"
"44,28 : 879.56"
"44,29 : 311.24"
"44,30 : 642.28"
"44,31 : 318.31"
"44,32 : 614.5"
"44,33 : 226.92"
"44,34 : 592.45"
"44,35 : 671.32"
"44,36 : 202.04"
"44,37 : 795.62"
"44,38 : 515.01"
"44,39 : 275.07"
"44,40 : 233.77"
"44,41 : 37.48"
"44,42 : 487.83"
"44,43 : 635.93"
"44,44 : 0.0"
"44,45 : 591.16"
"44,46 : 576.6"
"44,47 : 358.2"
"44,48 : 174.35"
"44,49 : 280.22"
"45,0 : 271.28"
"45,1 : 729.08"
"45,2 : 182.78"
"45,3 : 602.08"
"45,4 : 926.7"
"45,5 : 662.54"
"45,6 : 633.05"
"45,7 : 713.06"
"45,8 : 373.26"
"45,9 : 62.17"
"45,10 : 121.46"
"45,11 : 216.45"
"45,12 : 439.61"
"45,13 : 414.77"
"45,14 : 544.94"
"45,15 : 339.02"
"45,16 : 654.71"
"45,17 : 475.42"
"45,18 : 670.12"
"45,19 : 217.75"
"45,20 : 239.34"
"45,21 : 250.89"
"45,22 : 404.28"
"45,23 : 756.7"
"45,24 : 603.47"
"45,25 : 609.55"
"45,26 : 654.49"
"45,27 : 680.78"
"45,28 : 290.41"
"45,29 : 631.32"
"45,30 : 165.71"
"45,31 : 675.0"
"45,32 : 488.89"
"45,33 : 628.05"
"45,34 : 384.4"
"45,35 : 505.05"
"45,36 : 709.82"
"45,37 : 253.78"
"45,38 : 383.21"
"45,39 : 628.5"
"45,40 : 521.64"
"45,41 : 559.33"
"45,42 : 696.27"
"45,43 : 477.62"
"45,44 : 591.16"
"45,45 : 0.0"
"45,46 : 23.0"
"45,47 : 679.59"
"45,48 : 735.46"
"45,49 : 566.85"
"46,0 : 253.62"
"46,1 : 706.15"
"46,2 : 196.66"
"46,3 : 579.16"
"46,4 : 911.07"
"46,5 : 639.64"
"46,6 : 613.78"
"46,7 : 690.76"
"46,8 : 359.23"
"46,9 : 70.33"
"46,10 : 130.14"
"46,11 : 235.54"
"46,12 : 416.92"
"46,13 : 400.12"
"46,14 : 533.1"
"46,15 : 316.03"
"46,16 : 633.09"
"46,17 : 456.64"
"46,18 : 647.41"
"46,19 : 240.67"
"46,20 : 255.29"
"46,21 : 228.28"
"46,22 : 405.78"
"46,23 : 737.47"
"46,24 : 581.56"
"46,25 : 593.36"
"46,26 : 645.49"
"46,27 : 666.81"
"46,28 : 307.98"
"46,29 : 627.39"
"46,30 : 186.05"
"46,31 : 653.69"
"46,32 : 467.17"
"46,33 : 620.96"
"46,34 : 363.08"
"46,35 : 484.34"
"46,36 : 700.18"
"46,37 : 276.63"
"46,38 : 360.55"
"46,39 : 607.57"
"46,40 : 515.4"
"46,41 : 544.18"
"46,42 : 698.03"
"46,43 : 456.42"
"46,44 : 576.6"
"46,45 : 23.0"
"46,46 : 0.0"
"46,47 : 657.76"
"46,48 : 718.36"
"46,49 : 562.43"
"47,0 : 435.13"
"47,1 : 278.06"
"47,2 : 831.89"
"47,3 : 167.44"
"47,4 : 463.11"
"47,5 : 153.64"
"47,6 : 170.84"
"47,7 : 385.75"
"47,8 : 418.52"
"47,9 : 674.88"
"47,10 : 688.58"
"47,11 : 826.38"
"47,12 : 254.61"
"47,13 : 388.89"
"47,14 : 436.41"
"47,15 : 370.27"
"47,16 : 430.98"
"47,17 : 260.54"
"47,18 : 108.19"
"47,19 : 884.32"
"47,20 : 894.96"
"47,21 : 473.53"
"47,22 : 688.6"
"47,23 : 199.25"
"47,24 : 76.56"
"47,25 : 301.96"
"47,26 : 542.37"
"47,27 : 394.46"
"47,28 : 952.88"
"47,29 : 667.09"
"47,30 : 800.46"
"47,31 : 43.38"
"47,32 : 410.99"
"47,33 : 584.85"
"47,34 : 454.03"
"47,35 : 466.04"
"47,36 : 546.77"
"47,37 : 929.78"
"47,38 : 383.28"
"47,39 : 84.91"
"47,40 : 571.82"
"47,41 : 339.2"
"47,42 : 841.19"
"47,43 : 441.9"
"47,44 : 358.2"
"47,45 : 679.59"
"47,46 : 657.76"
"47,47 : 0.0"
"47,48 : 290.62"
"47,49 : 627.95"
"48,0 : 464.81"
"48,1 : 568.6"
"48,2 : 913.67"
"48,3 : 438.63"
"48,4 : 205.91"
"48,5 : 441.42"
"48,6 : 147.11"
"48,7 : 672.73"
"48,8 : 372.7"
"48,9 : 706.2"
"48,10 : 694.73"
"48,11 : 812.15"
"48,12 : 432.41"
"48,13 : 329.46"
