x,y
31,667
720,803
613,57
937,425
898,676
885,705
210,424
541,699
377,859
47,894
910,463
694,244
713,790
722,696
607,338
942,311
608,121
688,48
817,996
647,635
879,240
973,365
815,475
287,426
122,66
217,89
804,453
331,710
429,76
270,213
921,932
314,854
857,24
531,832
523,617
362,915
169,797
740,783
573,214
987,57
172,522
897,39
272,617
59,881
702,263
596,299
338,642
527,766
536,379
201,947

Distanze
"0,0 : 0.0"
"0,1 : 735.66"
"0,2 : 623.58"
"0,3 : 477.96"
"0,4 : 252.74"
"0,5 : 636.27"
"0,6 : 599.34"
"0,7 : 681.07"
"0,8 : 184.76"
"0,9 : 429.52"
"0,10 : 415.53"
"0,11 : 408.93"
"0,12 : 628.24"
"0,13 : 757.79"
"0,14 : 658.7"
"0,15 : 840.16"
"0,16 : 478.35"
"0,17 : 435.87"
"0,18 : 750.0"
"0,19 : 488.89"
"0,20 : 143.95"
"0,21 : 654.6"
"0,22 : 709.0"
"0,23 : 420.37"
"0,24 : 294.0"
"0,25 : 671.87"
"0,26 : 372.63"
"0,27 : 502.96"
"0,28 : 775.0"
"0,29 : 759.05"
"0,30 : 854.34"
"0,31 : 726.21"
"0,32 : 451.45"
"0,33 : 429.62"
"0,34 : 712.51"
"0,35 : 289.99"
"0,36 : 433.8"
"0,37 : 229.99"
"0,38 : 494.93"
"0,39 : 432.93"
"0,40 : 588.63"
"0,41 : 682.63"
"0,42 : 303.76"
"0,43 : 982.54"
"0,44 : 214.11"
"0,45 : 529.97"
"0,46 : 583.44"
"0,47 : 519.06"
"0,48 : 478.82"
"0,49 : 878.42"
"1,0 : 735.66"
"1,1 : 0.0"
"1,2 : 336.16"
"1,3 : 766.01"
"1,4 : 558.05"
"1,5 : 516.37"
"1,6 : 802.5"
"1,7 : 316.23"
"1,8 : 868.66"
"1,9 : 334.79"
"1,10 : 884.87"
"1,11 : 326.74"
"1,12 : 299.28"
"1,13 : 380.84"
"1,14 : 81.39"
"1,15 : 432.15"
"1,16 : 283.57"
"1,17 : 744.57"
"1,18 : 759.14"
"1,19 : 319.83"
"1,20 : 660.93"
"1,21 : 574.28"
"1,22 : 565.07"
"1,23 : 939.28"
"1,24 : 484.01"
"1,25 : 75.45"
"1,26 : 394.44"
"1,27 : 757.02"
"1,28 : 772.56"
"1,29 : 280.49"
"1,30 : 667.95"
"1,31 : 92.91"
"1,32 : 732.68"
"1,33 : 436.23"
"1,34 : 117.03"
"1,35 : 758.59"
"1,36 : 905.21"
"1,37 : 506.69"
"1,38 : 968.11"
"1,39 : 919.33"
"1,40 : 709.42"
"1,41 : 794.07"
"1,42 : 602.0"
"1,43 : 770.73"
"1,44 : 897.59"
"1,45 : 521.25"
"1,46 : 269.26"
"1,47 : 692.78"
"1,48 : 519.77"
"1,49 : 639.09"
"2,0 : 623.58"
"2,1 : 336.16"
"2,2 : 0.0"
"2,3 : 466.27"
"2,4 : 378.27"
"2,5 : 180.23"
"2,6 : 478.71"
"2,7 : 60.44"
"2,8 : 692.44"
"2,9 : 227.71"
"2,10 : 616.0"
"2,11 : 321.1"
"2,12 : 536.69"
"2,13 : 137.36"
"2,14 : 278.35"
"2,15 : 222.04"
"2,16 : 207.06"
"2,17 : 826.5"
"2,18 : 423.62"
"2,19 : 152.96"
"2,20 : 617.3"
"2,21 : 238.21"
"2,22 : 234.93"
"2,23 : 678.0"
"2,24 : 330.11"
"2,25 : 271.02"
"2,26 : 439.79"
"2,27 : 864.45"
"2,28 : 438.01"
"2,29 : 150.71"
"2,30 : 360.97"
"2,31 : 410.04"
"2,32 : 438.49"
"2,33 : 546.59"
"2,34 : 423.07"
"2,35 : 773.79"
"2,36 : 633.5"
"2,37 : 420.58"
"2,38 : 687.87"
"2,39 : 650.21"
"2,40 : 381.96"
"2,41 : 459.88"
"2,42 : 373.47"
"2,43 : 482.73"
"2,44 : 715.72"
"2,45 : 683.59"
"2,46 : 478.65"
"2,47 : 378.42"
"2,48 : 657.07"
"2,49 : 348.93"
"3,0 : 477.96"
"3,1 : 766.01"
"3,2 : 466.27"
"3,3 : 0.0"
"3,4 : 315.56"
"3,5 : 338.31"
"3,6 : 122.58"
"3,7 : 519.17"
"3,8 : 405.76"
"3,9 : 463.03"
"3,10 : 178.06"
"3,11 : 544.02"
"3,12 : 844.59"
"3,13 : 542.5"
"3,14 : 689.62"
"3,15 : 597.1"
"3,16 : 502.49"
"3,17 : 880.51"
"3,18 : 306.18"
"3,19 : 449.49"
"3,20 : 579.01"
"3,21 : 311.85"
"3,22 : 371.36"
"3,23 : 242.6"
"3,24 : 368.16"
"3,25 : 691.08"
"3,26 : 615.55"
"3,27 : 941.87"
"3,28 : 329.6"
"3,29 : 609.65"
"3,30 : 473.24"
"3,31 : 813.23"
"3,32 : 37.05"
"3,33 : 730.27"
"3,34 : 815.54"
"3,35 : 754.96"
"3,36 : 188.22"
"3,37 : 455.77"
"3,38 : 228.11"
"3,39 : 206.65"
"3,40 : 152.03"
"3,41 : 216.06"
"3,42 : 228.02"
"3,43 : 579.88"
"3,44 : 411.01"
"3,45 : 873.42"
"3,46 : 782.35"
"3,47 : 100.66"
"3,48 : 827.26"
"3,49 : 517.72"
"4,0 : 252.74"
"4,1 : 558.05"
"4,2 : 378.27"
"4,3 : 315.56"
"4,4 : 0.0"
"4,5 : 385.54"
"4,6 : 419.14"
"4,7 : 437.64"
"4,8 : 321.81"
"4,9 : 223.65"
"4,10 : 356.73"
"4,11 : 261.77"
"4,12 : 554.36"
"4,13 : 509.05"
"4,14 : 476.71"
"4,15 : 590.04"
"4,16 : 275.6"
"4,17 : 579.52"
"4,18 : 528.19"
"4,19 : 261.31"
"4,20 : 294.43"
"4,21 : 408.71"
"4,22 : 460.21"
"4,23 : 399.36"
"4,24 : 75.29"
"4,25 : 485.39"
"4,26 : 306.78"
"4,27 : 636.97"
"4,28 : 552.74"
"4,29 : 521.29"
"4,30 : 608.32"
"4,31 : 576.3"
"4,32 : 279.73"
"4,33 : 417.12"
"4,34 : 570.63"
"4,35 : 473.05"
"4,36 : 378.54"
"4,37 : 140.25"
"4,38 : 446.84"
"4,39 : 388.49"
"4,40 : 377.48"
"4,41 : 481.06"
"4,42 : 87.8"
"4,43 : 738.48"
"4,44 : 348.17"
"4,45 : 558.45"
"4,46 : 495.2"
"4,47 : 313.82"
"4,48 : 511.83"
"4,49 : 628.91"
"5,0 : 636.27"
"5,1 : 516.37"
"5,2 : 180.23"
"5,3 : 338.31"
"5,4 : 385.54"
"5,5 : 0.0"
"5,6 : 317.92"
"5,7 : 211.32"
"5,8 : 655.64"
"5,9 : 337.93"
"5,10 : 509.36"
"5,11 : 443.0"
"5,12 : 699.63"
"5,13 : 208.06"
"5,14 : 457.05"
"5,15 : 258.96"
"5,16 : 342.19"
"5,17 : 922.31"
"5,18 : 244.01"
"5,19 : 274.27"
"5,20 : 669.88"
"5,21 : 58.08"
"5,22 : 78.57"
"5,23 : 574.37"
"5,24 : 370.54"
"5,25 : 450.64"
"5,26 : 556.36"
"5,27 : 969.15"
"5,28 : 259.62"
"5,29 : 291.29"
"5,30 : 229.31"
"5,31 : 589.19"
"5,32 : 320.39"
"5,33 : 673.19"
"5,34 : 601.07"
"5,35 : 842.5"
"5,36 : 523.01"
"5,37 : 479.81"
"5,38 : 566.36"
"5,39 : 541.11"
"5,40 : 219.66"
"5,41 : 283.56"
"5,42 : 339.89"
"5,43 : 360.95"
"5,44 : 673.01"
"5,45 : 817.88"
"5,46 : 638.77"
"5,47 : 238.92"
"5,48 : 784.35"
"5,49 : 243.73"
"6,0 : 599.34"
"6,1 : 802.5"
"6,2 : 478.71"
"6,3 : 122.58"
"6,4 : 419.14"
"6,5 : 317.92"
"6,6 : 0.0"
"6,7 : 522.85"
"6,8 : 525.82"
"6,9 : 529.59"
"6,10 : 273.39"
"6,11 : 621.54"
"6,12 : 918.24"
"6,13 : 525.0"
"6,14 : 731.4"
"6,15 : 564.43"
"6,16 : 561.26"
"6,17 : 993.9"
"6,18 : 203.0"
"6,19 : 500.16"
"6,20 : 695.36"
"6,21 : 273.91"
"6,22 : 324.45"
"6,23 : 331.75"
"6,24 : 460.66"
"6,25 : 729.86"
"6,26 : 705.93"
"6,27 : 1053.71"
"6,28 : 223.57"
"6,29 : 607.82"
"6,30 : 392.91"
"6,31 : 860.6"
"6,32 : 148.4"
"6,33 : 823.88"
"6,34 : 866.46"
"6,35 : 872.82"
"6,36 : 275.98"
"6,37 : 558.16"
"6,38 : 290.99"
"6,39 : 293.44"
"6,40 : 98.41"
"6,41 : 101.0"
"6,42 : 332.08"
"6,43 : 484.2"
"6,44 : 529.18"
"6,45 : 969.68"
"6,46 : 855.28"
"6,47 : 117.02"
"6,48 : 925.52"
"6,49 : 443.72"
"7,0 : 681.07"
"7,1 : 316.23"
"7,2 : 60.44"
"7,3 : 519.17"
"7,4 : 437.64"
"7,5 : 211.32"
"7,6 : 522.85"
"7,7 : 0.0"
"7,8 : 752.76"
"7,9 : 274.19"
"7,10 : 673.0"
"7,11 : 359.48"
"7,12 : 546.45"
"7,13 : 92.2"
"7,14 : 270.75"
"7,15 : 174.94"
"7,16 : 245.25"
"7,17 : 866.6"
"7,18 : 447.39"
"7,19 : 201.11"
"7,20 : 669.26"
"7,21 : 266.91"
"7,22 : 249.88"
"7,23 : 735.54"
"7,24 : 387.13"
"7,25 : 259.89"
"7,26 : 477.13"
"7,27 : 901.45"
"7,28 : 459.07"
"7,29 : 91.81"
"7,30 : 356.45"
"7,31 : 398.18"
"7,32 : 492.87"
"7,33 : 578.09"
"7,34 : 414.45"
"7,35 : 821.4"
"7,36 : 690.07"
"7,37 : 473.44"
"7,38 : 743.01"
"7,39 : 707.02"
"7,40 : 424.85"
"7,41 : 494.88"
"7,42 : 433.89"
"7,43 : 469.71"
"7,44 : 776.12"
"7,45 : 709.97"
"7,46 : 491.63"
"7,47 : 428.03"
"7,48 : 686.96"
"7,49 : 335.18"
"8,0 : 184.76"
"8,1 : 868.66"
"8,2 : 692.44"
"8,3 : 405.76"
"8,4 : 321.81"
"8,5 : 655.64"
"8,6 : 525.82"
"8,7 : 752.76"
"8,8 : 0.0"
"8,9 : 540.07"
"8,10 : 283.99"
"8,11 : 549.16"
"8,12 : 799.47"
"8,13 : 815.73"
"8,14 : 788.31"
"8,15 : 891.96"
"8,16 : 592.1"
"8,17 : 608.12"
"8,18 : 707.77"
"8,19 : 583.1"
"8,20 : 328.4"
"8,21 : 657.78"
"8,22 : 717.7"
"8,23 : 266.54"
"8,24 : 389.54"
"8,25 : 798.93"
"8,26 : 538.52"
"8,27 : 676.07"
"8,28 : 732.03"
"8,29 : 839.53"
"8,30 : 849.43"
"8,31 : 873.21"
"8,32 : 391.56"
"8,33 : 608.95"
"8,34 : 862.84"
"8,35 : 454.43"
"8,36 : 296.81"
"8,37 : 371.34"
"8,38 : 345.77"
"8,39 : 289.85"
"8,40 : 545.65"
"8,41 : 621.82"
"8,42 : 322.8"
"8,43 : 968.98"
"8,44 : 30.81"
"8,45 : 714.45"
"8,46 : 750.12"
"8,47 : 477.84"
"8,48 : 663.26"
"8,49 : 883.84"
"9,0 : 429.52"
"9,1 : 334.79"
"9,2 : 227.71"
"9,3 : 463.03"
"9,4 : 223.65"
"9,5 : 337.93"
"9,6 : 529.59"
"9,7 : 274.19"
"9,8 : 540.07"
"9,9 : 0.0"
"9,10 : 558.1"
"9,11 : 105.19"
"9,12 : 389.02"
"9,13 : 363.2"
"9,14 : 253.4"
"9,15 : 447.77"
"9,16 : 52.15"
"9,17 : 600.31"
"9,18 : 559.09"
"9,19 : 74.79"
"9,20 : 397.71"
"9,21 : 386.87"
"9,22 : 414.2"
"9,23 : 609.14"
"9,24 : 150.94"
"9,25 : 261.75"
"9,26 : 219.86"
"9,27 : 640.93"
"9,28 : 579.85"
"9,29 : 338.37"
"9,30 : 560.56"
"9,31 : 360.32"
"9,32 : 426.79"
"9,33 : 335.32"
"9,34 : 358.42"
"9,35 : 547.3"
"9,36 : 579.15"
"9,37 : 206.0"
"9,38 : 644.64"
"9,39 : 592.02"
"9,40 : 452.36"
"9,41 : 553.96"
"9,42 : 271.01"
"9,43 : 689.86"
"9,44 : 567.96"
"9,45 : 480.14"
"9,46 : 326.01"
"9,47 : 412.64"
"9,48 : 446.58"
"9,49 : 560.74"
"10,0 : 415.53"
"10,1 : 884.87"
"10,2 : 616.0"
"10,3 : 178.06"
"10,4 : 356.73"
"10,5 : 509.36"
"10,6 : 273.39"
"10,7 : 673.0"
"10,8 : 283.99"
"10,9 : 558.1"
"10,10 : 0.0"
"10,11 : 616.48"
"10,12 : 911.05"
"10,13 : 707.66"
"10,14 : 804.81"
"10,15 : 767.88"
"10,16 : 605.46"
"10,17 : 848.48"
"10,18 : 474.2"
"10,19 : 565.69"
"10,20 : 545.25"
"10,21 : 487.91"
"10,22 : 548.14"
"10,23 : 65.15"
"10,24 : 428.08"
"10,25 : 809.52"
"10,26 : 659.29"
"10,27 : 914.39"
"10,28 : 495.96"
"10,29 : 764.77"
"10,30 : 650.36"
"10,31 : 918.38"
"10,32 : 189.16"
"10,33 : 761.55"
"10,34 : 916.19"
"10,35 : 705.52"
"10,36 : 21.84"
"10,37 : 481.92"
"10,38 : 90.47"
"10,39 : 34.66"
"10,40 : 328.88"
"10,41 : 374.39"
"10,42 : 287.79"
"10,43 : 753.06"
"10,44 : 277.94"
"10,45 : 893.69"
"10,46 : 851.88"
"10,47 : 277.25"
"10,48 : 843.95"
"10,49 : 695.62"
"11,0 : 408.93"
"11,1 : 326.74"
"11,2 : 321.1"
"11,3 : 544.02"
"11,4 : 261.77"
"11,5 : 443.0"
"11,6 : 621.54"
"11,7 : 359.48"
"11,8 : 549.16"
"11,9 : 105.19"
"11,10 : 616.48"
"11,11 : 0.0"
"11,12 : 300.7"
"11,13 : 451.25"
"11,14 : 250.77"
"11,15 : 534.34"
"11,16 : 114.55"
"11,17 : 507.13"
"11,18 : 662.82"
"11,19 : 173.48"
"11,20 : 343.4"
"11,21 : 492.02"
"11,22 : 518.92"
"11,23 : 661.05"
"11,24 : 188.45"
"11,25 : 264.97"
"11,26 : 118.7"
"11,27 : 543.4"
"11,28 : 683.94"
"11,29 : 408.89"
"11,30 : 664.28"
"11,31 : 324.09"
"11,32 : 507.06"
"11,33 : 230.64"
"11,34 : 314.66"
"11,35 : 471.61"
"11,36 : 638.16"
"11,37 : 180.76"
"11,38 : 705.83"
"11,39 : 649.01"
"11,40 : 549.77"
"11,41 : 653.07"
"11,42 : 331.41"
"11,43 : 792.81"
"11,44 : 579.0"
"11,45 : 374.96"
"11,46 : 238.87"
"11,47 : 504.78"
"11,48 : 342.02"
"11,49 : 662.4"
"12,0 : 628.24"
"12,1 : 299.28"
"12,2 : 536.69"
"12,3 : 844.59"
"12,4 : 554.36"
"12,5 : 699.63"
"12,6 : 918.24"
"12,7 : 546.45"
"12,8 : 799.47"
"12,9 : 389.02"
"12,10 : 911.05"
"12,11 : 300.7"
"12,12 : 0.0"
"12,13 : 631.45"
"12,14 : 289.84"
"12,15 : 699.81"
"12,16 : 364.18"
"12,17 : 484.49"
"12,18 : 936.85"
"12,19 : 431.55"
"12,20 : 508.83"
"12,21 : 755.02"
"12,22 : 767.17"
"12,23 : 951.13"
"12,24 : 485.12"
"12,25 : 306.41"
"12,26 : 261.93"
"12,27 : 481.93"
"12,28 : 955.59"
"12,29 : 547.39"
"12,30 : 897.38"
"12,31 : 216.79"
"12,32 : 807.66"
"12,33 : 212.66"
"12,34 : 190.0"
"12,35 : 542.49"
"12,36 : 932.87"
"12,37 : 439.21"
"12,38 : 1001.2"
"12,39 : 942.49"
"12,40 : 840.9"
"12,41 : 941.24"
"12,42 : 630.11"
"12,43 : 1015.67"
"12,44 : 830.28"
"12,45 : 235.67"
"12,46 : 63.01"
"12,47 : 801.23"
"12,48 : 249.88"
"12,49 : 881.06"
"13,0 : 757.79"
"13,1 : 380.84"
"13,2 : 137.36"
"13,3 : 542.5"
"13,4 : 509.05"
"13,5 : 208.06"
"13,6 : 525.0"
"13,7 : 92.2"
"13,8 : 815.73"
"13,9 : 363.2"
"13,10 : 707.66"
"13,11 : 451.25"
"13,12 : 631.45"
"13,13 : 0.0"
"13,14 : 348.1"
"13,15 : 84.76"
"13,16 : 336.82"
"13,17 : 958.34"
"13,18 : 415.03"
"13,19 : 288.94"
"13,20 : 754.66"
"13,21 : 252.86"
"13,22 : 216.01"
"13,23 : 771.91"
"13,24 : 465.56"
"13,25 : 334.85"
"13,26 : 569.14"
"13,27 : 993.59"
"13,28 : 422.17"
"13,29 : 105.04"
"13,30 : 288.92"
"13,31 : 468.77"
"13,32 : 521.02"
"13,33 : 670.18"
"13,34 : 487.69"
"13,35 : 910.28"
"13,36 : 722.93"
"13,37 : 557.9"
"13,38 : 770.28"
"13,39 : 740.62"
"13,40 : 427.13"
"13,41 : 479.89"
"13,42 : 493.21"
"13,43 : 390.87"
"13,44 : 837.28"
"13,45 : 801.18"
"13,46 : 578.56"
"13,47 : 445.0"
"13,48 : 778.82"
"13,49 : 258.31"
"14,0 : 658.7"
"14,1 : 81.39"
"14,2 : 278.35"
"14,3 : 689.62"
"14,4 : 476.71"
"14,5 : 457.05"
"14,6 : 731.4"
"14,7 : 270.75"
"14,8 : 788.31"
"14,9 : 253.4"
"14,10 : 804.81"
"14,11 : 250.77"
"14,12 : 289.84"
"14,13 : 348.1"
"14,14 : 0.0"
"14,15 : 411.6"
"14,16 : 202.23"
"14,17 : 697.62"
"14,18 : 701.06"
"14,19 : 241.14"
"14,20 : 590.34"
"14,21 : 515.1"
"14,22 : 512.54"
"14,23 : 858.67"
"14,24 : 402.77"
"14,25 : 18.38"
"14,26 : 330.02"
"14,27 : 716.3"
"14,28 : 716.08"
"14,29 : 258.31"
"14,30 : 627.2"
"14,31 : 132.24"
"14,32 : 655.69"
"14,33 : 388.32"
"14,34 : 144.89"
"14,35 : 698.45"
"14,36 : 825.28"
"14,37 : 428.99"
"14,38 : 888.68"
"14,39 : 839.2"
"14,40 : 640.3"
"14,41 : 728.81"
"14,42 : 521.07"
"14,43 : 737.96"
"14,44 : 817.07"
"14,45 : 491.06"
"14,46 : 245.2"
"14,47 : 619.67"
"14,48 : 482.09"
"14,49 : 604.05"
"15,0 : 840.16"
"15,1 : 432.15"
"15,2 : 222.04"
"15,3 : 597.1"
"15,4 : 590.04"
"15,5 : 258.96"
"15,6 : 564.43"
"15,7 : 174.94"
"15,8 : 891.96"
"15,9 : 447.77"
"15,10 : 767.88"
"15,11 : 534.34"
"15,12 : 699.81"
"15,13 : 84.76"
"15,14 : 411.6"
"15,15 : 0.0"
"15,16 : 420.19"
"15,17 : 1041.43"
"15,18 : 427.4"
"15,19 : 373.63"
"15,20 : 839.28"
"15,21 : 291.44"
"15,22 : 241.21"
"15,23 : 832.77"
"15,24 : 548.94"
"15,25 : 396.55"
"15,26 : 651.72"
"15,27 : 1075.58"
"15,28 : 429.66"
"15,29 : 153.68"
"15,30 : 266.17"
"15,31 : 523.55"
"15,32 : 579.16"
"15,33 : 750.4"
"15,34 : 544.71"
"15,35 : 994.96"
"15,36 : 781.84"
"15,37 : 642.45"
"15,38 : 825.0"
"15,39 : 799.89"
"15,40 : 469.22"
"15,41 : 506.26"
"15,42 : 569.2"
"15,43 : 345.08"
"15,44 : 912.53"
"15,45 : 878.58"
"15,46 : 649.66"
"15,47 : 497.21"
"15,48 : 858.04"
"15,49 : 222.51"
"16,0 : 478.35"
"16,1 : 283.57"
"16,2 : 207.06"
"16,3 : 502.49"
"16,4 : 275.6"
"16,5 : 342.19"
"16,6 : 561.26"
"16,7 : 245.25"
"16,8 : 592.1"
"16,9 : 52.15"
"16,10 : 605.46"
"16,11 : 114.55"
"16,12 : 364.18"
"16,13 : 336.82"
"16,14 : 202.23"
"16,15 : 420.19"
"16,16 : 0.0"
"16,17 : 621.52"
"16,18 : 573.86"
"16,19 : 68.31"
"16,20 : 438.24"
"16,21 : 395.06"
"16,22 : 415.12"
"16,23 : 657.82"
"16,24 : 203.1"
"16,25 : 209.99"
"16,26 : 233.0"
"16,27 : 657.82"
"16,28 : 593.33"
"16,29 : 299.81"
"16,30 : 556.66"
"16,31 : 313.73"
"16,32 : 466.91"
"16,33 : 340.44"
"16,34 : 313.84"
"16,35 : 579.87"
"16,36 : 626.28"
"16,37 : 251.68"
"16,38 : 690.97"
"16,39 : 639.61"
"16,40 : 479.08"
"16,41 : 577.78"
"16,42 : 319.7"
"16,43 : 683.43"
"16,44 : 620.06"
"16,45 : 480.46"
"16,46 : 301.68"
"16,47 : 445.07"
"16,48 : 451.45"
"16,49 : 551.58"
"17,0 : 435.87"
"17,1 : 744.57"
"17,2 : 826.5"
"17,3 : 880.51"
"17,4 : 579.52"
"17,5 : 922.31"
"17,6 : 993.9"
"17,7 : 866.6"
"17,8 : 608.12"
"17,9 : 600.31"
"17,10 : 848.48"
"17,11 : 507.13"
"17,12 : 484.49"
"17,13 : 958.34"
"17,14 : 697.62"
"17,15 : 1041.43"
"17,16 : 621.52"
"17,17 : 0.0"
"17,18 : 1103.81"
"17,19 : 674.72"
"17,20 : 304.85"
"17,21 : 961.21"
"17,22 : 1000.86"
"17,23 : 856.24"
"17,24 : 560.93"
"17,25 : 715.86"
"17,26 : 390.12"
"17,27 : 68.03"
"17,28 : 1127.85"
"17,29 : 911.16"
"17,30 : 1151.22"
"17,31 : 683.69"
"17,32 : 847.96"
"17,33 : 309.49"
"17,34 : 658.98"
"17,35 : 156.85"
"17,36 : 867.61"
"17,37 : 450.41"
"17,38 : 930.23"
"17,39 : 867.81"
"17,40 : 956.92"
"17,41 : 1060.53"
"17,42 : 663.6"
"17,43 : 1282.53"
"17,44 : 633.03"
"17,45 : 257.6"
"17,46 : 484.65"
"17,47 : 893.01"
"17,48 : 234.62"
"17,49 : 1157.47"
"18,0 : 750.0"
"18,1 : 759.14"
"18,2 : 423.62"
"18,3 : 306.18"
"18,4 : 528.19"
"18,5 : 244.01"
"18,6 : 203.0"
"18,7 : 447.39"
"18,8 : 707.77"
"18,9 : 559.09"
"18,10 : 474.2"
"18,11 : 662.82"
"18,12 : 936.85"
"18,13 : 415.03"
"18,14 : 701.06"
"18,15 : 427.4"
"18,16 : 573.86"
"18,17 : 1103.81"
"18,18 : 0.0"
"18,19 : 505.78"
"18,20 : 821.78"
"18,21 : 186.0"
"18,22 : 200.2"
"18,23 : 534.15"
"18,24 : 544.18"
"18,25 : 694.49"
"18,26 : 767.37"
"18,27 : 1157.66"
"18,28 : 25.0"
"18,29 : 514.84"
"18,30 : 202.71"
"18,31 : 833.17"
"18,32 : 316.24"
"18,33 : 887.12"
"18,34 : 845.03"
"18,35 : 1000.9"
"18,36 : 478.21"
"18,37 : 653.68"
"18,38 : 493.11"
"18,39 : 495.91"
"18,40 : 163.37"
"18,41 : 105.72"
"18,42 : 452.19"
"18,43 : 281.4"
"18,44 : 715.36"
"18,45 : 1034.34"
"18,46 : 874.93"
"18,47 : 233.08"
"18,48 : 996.07"
"18,49 : 258.12"
"19,0 : 488.89"
"19,1 : 319.83"
"19,2 : 152.96"
"19,3 : 449.49"
"19,4 : 261.31"
"19,5 : 274.27"
"19,6 : 500.16"
"19,7 : 201.11"
"19,8 : 583.1"
"19,9 : 74.79"
"19,10 : 565.69"
"19,11 : 173.48"
"19,12 : 431.55"
"19,13 : 288.94"
"19,14 : 241.14"
"19,15 : 373.63"
"19,16 : 68.31"
"19,17 : 674.72"
"19,18 : 505.78"
"19,19 : 0.0"
"19,20 : 468.37"
"19,21 : 326.79"
"19,22 : 348.04"
"19,23 : 621.42"
"19,24 : 197.73"
"19,25 : 244.38"
"19,26 : 291.34"
"19,27 : 714.45"
"19,28 : 525.12"
"19,29 : 271.02"
"19,30 : 491.42"
"19,31 : 364.01"
"19,32 : 415.06"
"19,33 : 403.56"
"19,34 : 367.61"
"19,35 : 621.34"
"19,36 : 585.81"
"19,37 : 273.38"
"19,38 : 648.32"
"19,39 : 600.24"
"19,40 : 415.09"
"19,41 : 512.08"
"19,42 : 287.33"
"19,43 : 619.45"
"19,44 : 609.42"
"19,45 : 545.83"
"19,46 : 369.31"
"19,47 : 385.19"
"19,48 : 514.93"
"19,49 : 488.93"
"20,0 : 143.95"
"20,1 : 660.93"
"20,2 : 617.3"
"20,3 : 579.01"
"20,4 : 294.43"
"20,5 : 669.88"
"20,6 : 695.36"
"20,7 : 669.26"
"20,8 : 328.4"
"20,9 : 397.71"
"20,10 : 545.25"
"20,11 : 343.4"
"20,12 : 508.83"
"20,13 : 754.66"
"20,14 : 590.34"
"20,15 : 839.28"
"20,16 : 438.24"
"20,17 : 304.85"
"20,18 : 821.78"
"20,19 : 468.37"
"20,20 : 0.0"
"20,21 : 699.23"
"20,22 : 747.1"
"20,23 : 557.3"
"20,24 : 300.18"
"20,25 : 605.82"
"20,26 : 271.54"
"20,27 : 369.63"
"20,28 : 846.47"
"20,29 : 735.96"
"20,30 : 897.24"
"20,31 : 635.85"
"20,32 : 547.78"
"20,33 : 300.62"
"20,34 : 618.56"
"20,35 : 179.3"
"20,36 : 564.88"
"20,37 : 197.01"
"20,38 : 628.98"
"20,39 : 566.12"
"20,40 : 667.33"
"20,41 : 768.24"
"20,42 : 371.18"
"20,43 : 1028.44"
"20,44 : 357.28"
"20,45 : 388.28"
"20,46 : 471.51"
"20,47 : 600.52"
"20,48 : 337.42"
"20,49 : 913.03"
"21,0 : 654.6"
"21,1 : 574.28"
"21,2 : 238.21"
"21,3 : 311.85"
"21,4 : 408.71"
"21,5 : 58.08"
"21,6 : 273.91"
"21,7 : 266.91"
"21,8 : 657.78"
"21,9 : 386.87"
"21,10 : 487.91"
"21,11 : 492.02"
"21,12 : 755.02"
"21,13 : 252.86"
"21,14 : 515.1"
"21,15 : 291.44"
"21,16 : 395.06"
"21,17 : 961.21"
"21,18 : 186.0"
"21,19 : 326.79"
"21,20 : 699.23"
"21,21 : 0.0"
"21,22 : 61.2"
"21,23 : 553.01"
"21,24 : 403.39"
"21,25 : 508.72"
"21,26 : 602.93"
"21,27 : 1010.15"
"21,28 : 202.09"
"21,29 : 343.07"
"21,30 : 199.9"
"21,31 : 647.25"
"21,32 : 299.59"
"21,33 : 721.04"
"21,34 : 659.03"
"21,35 : 874.61"
"21,36 : 499.68"
"21,37 : 514.14"
"21,38 : 537.63"
"21,39 : 518.05"
"21,40 : 177.8"
"21,41 : 229.42"
"21,42 : 352.42"
"21,43 : 329.8"
"21,44 : 672.86"
"21,45 : 866.8"
"21,46 : 693.76"
"21,47 : 211.24"
"21,48 : 831.77"
"21,49 : 226.81"
"22,0 : 709.0"
"22,1 : 565.07"
"22,2 : 234.93"
"22,3 : 371.36"
"22,4 : 460.21"
"22,5 : 78.57"
"22,6 : 324.45"
"22,7 : 249.88"
"22,8 : 717.7"
"22,9 : 414.2"
"22,10 : 548.14"
"22,11 : 518.92"
"22,12 : 767.17"
"22,13 : 216.01"
"22,14 : 512.54"
"22,15 : 241.21"
"22,16 : 415.12"
"22,17 : 1000.86"
"22,18 : 200.2"
"22,19 : 348.04"
"22,20 : 747.1"
"22,21 : 61.2"
"22,22 : 0.0"
"22,23 : 613.18"
"22,24 : 448.37"
"22,25 : 504.15"
"22,26 : 633.4"
"22,27 : 1047.52"
"22,28 : 209.85"
"22,29 : 314.65"
"22,30 : 150.86"
"22,31 : 643.44"
"22,32 : 360.27"
"22,33 : 749.47"
"22,34 : 657.42"
"22,35 : 920.45"
"22,36 : 559.48"
"22,37 : 558.01"
"22,38 : 595.72"
"22,39 : 577.88"
"22,40 : 231.85"
"22,41 : 266.45"
"22,42 : 408.8"
"22,43 : 282.52"
"22,44 : 733.22"
"22,45 : 893.37"
"22,46 : 707.32"
"22,47 : 271.02"
"22,48 : 860.77"
"22,49 : 169.52"
"23,0 : 420.37"
"23,1 : 939.28"
"23,2 : 678.0"
"23,3 : 242.6"
"23,4 : 399.36"
"23,5 : 574.37"
"23,6 : 331.75"
"23,7 : 735.54"
"23,8 : 266.54"
"23,9 : 609.14"
"23,10 : 65.15"
"23,11 : 661.05"
"23,12 : 951.13"
"23,13 : 771.91"
"23,14 : 858.67"
"23,15 : 832.77"
"23,16 : 657.82"
"23,17 : 856.24"
"23,18 : 534.15"
"23,19 : 621.42"
"23,20 : 557.3"
"23,21 : 553.01"
"23,22 : 613.18"
"23,23 : 0.0"
"23,24 : 473.03"
"23,25 : 864.15"
"23,26 : 695.12"
"23,27 : 923.2"
"23,28 : 555.26"
"23,29 : 827.35"
"23,30 : 713.7"
"23,31 : 969.18"
"23,32 : 254.28"
"23,33 : 792.24"
"23,34 : 965.8"
"23,35 : 708.39"
"23,36 : 56.01"
"23,37 : 515.98"
"23,38 : 79.4"
"23,39 : 38.33"
"23,40 : 392.47"
"23,41 : 432.39"
"23,42 : 338.21"
"23,43 : 814.25"
"23,44 : 253.8"
"23,45 : 919.47"
"23,46 : 893.28"
"23,47 : 342.22"
"23,48 : 869.01"
"23,49 : 759.61"
"24,0 : 294.0"
"24,1 : 484.01"
"24,2 : 330.11"
"24,3 : 368.16"
"24,4 : 75.29"
"24,5 : 370.54"
"24,6 : 460.66"
"24,7 : 387.13"
"24,8 : 389.54"
"24,9 : 150.94"
"24,10 : 428.08"
"24,11 : 188.45"
"24,12 : 485.12"
"24,13 : 465.56"
"24,14 : 402.77"
"24,15 : 548.94"
"24,16 : 203.1"
"24,17 : 560.93"
"24,18 : 544.18"
"24,19 : 197.73"
"24,20 : 300.18"
"24,21 : 403.39"
"24,22 : 448.37"
"24,23 : 473.03"
"24,24 : 0.0"
"24,25 : 412.02"
"24,26 : 247.46"
"24,27 : 613.56"
"24,28 : 567.89"
"24,29 : 465.72"
"24,30 : 599.05"
"24,31 : 501.02"
"24,32 : 331.26"
"24,33 : 363.66"
"24,34 : 495.4"
"24,35 : 472.09"
"24,36 : 449.77"
"24,37 : 111.02"
"24,38 : 517.58"
"24,39 : 460.57"
"24,40 : 405.23"
"24,41 : 510.65"
"24,42 : 145.34"
"24,43 : 730.61"
"24,44 : 417.17"
"24,45 : 509.03"
"24,46 : 424.81"
"24,47 : 348.21"
"24,48 : 465.11"
"24,49 : 613.11"
"25,0 : 671.87"
"25,1 : 75.45"
"25,2 : 271.02"
"25,3 : 691.08"
"25,4 : 485.39"
"25,5 : 450.64"
"25,6 : 729.86"
"25,7 : 259.89"
"25,8 : 798.93"
"25,9 : 261.75"
"25,10 : 809.52"
"25,11 : 264.97"
"25,12 : 306.41"
"25,13 : 334.85"
"25,14 : 18.38"
"25,15 : 396.55"
"25,16 : 209.99"
"25,17 : 715.86"
"25,18 : 694.49"
"25,19 : 244.38"
"25,20 : 605.82"
"25,21 : 508.72"
"25,22 : 504.15"
"25,23 : 864.15"
"25,24 : 412.02"
"25,25 : 0.0"
"25,26 : 347.01"
"25,27 : 734.67"
"25,28 : 709.03"
"25,29 : 242.98"
"25,30 : 616.05"
"25,31 : 139.29"
"25,32 : 657.56"
"25,33 : 406.6"
"25,34 : 154.56"
"25,35 : 715.72"
"25,36 : 829.82"
"25,37 : 441.96"
"25,38 : 892.67"
"25,39 : 844.0"
"25,40 : 637.8"
"25,41 : 724.75"
"25,42 : 527.19"
"25,43 : 725.3"
"25,44 : 827.48"
"25,45 : 509.29"
"25,46 : 262.86"
"25,47 : 619.12"
"25,48 : 500.46"
"25,49 : 591.71"
"26,0 : 372.63"
"26,1 : 394.44"
"26,2 : 439.79"
"26,3 : 615.55"
"26,4 : 306.78"
"26,5 : 556.36"
"26,6 : 705.93"
"26,7 : 477.13"
"26,8 : 538.52"
"26,9 : 219.86"
"26,10 : 659.29"
"26,11 : 118.7"
"26,12 : 261.93"
"26,13 : 569.14"
"26,14 : 330.02"
"26,15 : 651.72"
"26,16 : 233.0"
"26,17 : 390.12"
"26,18 : 767.37"
"26,19 : 291.34"
"26,20 : 271.54"
"26,21 : 602.93"
"26,22 : 633.4"
"26,23 : 695.12"
"26,24 : 247.46"
"26,25 : 347.01"
"26,26 : 0.0"
"26,27 : 424.82"
"26,28 : 789.45"
"26,29 : 521.81"
"26,30 : 780.39"
"26,31 : 364.34"
"26,32 : 578.68"
"26,33 : 119.97"
"26,34 : 347.13"
"26,35 : 369.14"
"26,36 : 681.11"
"26,37 : 179.42"
"26,38 : 749.76"
"26,39 : 689.32"
"26,40 : 643.12"
"26,41 : 748.16"
"26,42 : 390.16"
"26,43 : 909.69"
"26,44 : 569.3"
"26,45 : 267.44"
"26,46 : 211.85"
"26,47 : 591.3"
"26,48 : 229.13"
"26,49 : 780.08"
"27,0 : 502.96"
"27,1 : 757.02"
"27,2 : 864.45"
"27,3 : 941.87"
"27,4 : 636.97"
"27,5 : 969.15"
"27,6 : 1053.71"
"27,7 : 901.45"
"27,8 : 676.07"
"27,9 : 640.93"
"27,10 : 914.39"
"27,11 : 543.4"
"27,12 : 481.93"
"27,13 : 993.59"
"27,14 : 716.3"
"27,15 : 1075.58"
"27,16 : 657.82"
"27,17 : 68.03"
"27,18 : 1157.66"
"27,19 : 714.45"
"27,20 : 369.63"
"27,21 : 1010.15"
"27,22 : 1047.52"
"27,23 : 923.2"
"27,24 : 613.56"
"27,25 : 734.67"
"27,26 : 424.82"
"27,27 : 0.0"
"27,28 : 1181.43"
"27,29 : 940.6"
"27,30 : 1197.16"
"27,31 : 689.82"
"27,32 : 908.74"
"27,33 : 330.15"
"27,34 : 664.19"
"27,35 : 224.51"
"27,36 : 933.71"
"27,37 : 504.22"
"27,38 : 996.78"
"27,39 : 934.23"
"27,40 : 1013.56"
"27,41 : 1117.81"
"27,42 : 722.31"
"27,43 : 1327.97"
"27,44 : 701.05"
"27,45 : 247.01"
"27,46 : 490.89"
"27,47 : 950.79"
"27,48 : 237.54"
"27,49 : 1200.95"
"28,0 : 775.0"
"28,1 : 772.56"
"28,2 : 438.01"
"28,3 : 329.6"
"28,4 : 552.74"
"28,5 : 259.62"
"28,6 : 223.57"
"28,7 : 459.07"
"28,8 : 732.03"
"28,9 : 579.85"
"28,10 : 495.96"
"28,11 : 683.94"
"28,12 : 955.59"
"28,13 : 422.17"
"28,14 : 716.08"
"28,15 : 429.66"
"28,16 : 593.33"
"28,17 : 1127.85"
"28,18 : 25.0"
"28,19 : 525.12"
"28,20 : 846.47"
"28,21 : 202.09"
"28,22 : 209.85"
"28,23 : 555.26"
"28,24 : 567.89"
"28,25 : 709.03"
"28,26 : 789.45"
"28,27 : 1181.43"
"28,28 : 0.0"
"28,29 : 523.52"
"28,30 : 193.67"
"28,31 : 848.01"
"28,32 : 340.48"
"28,33 : 909.08"
"28,34 : 860.42"
"28,35 : 1025.55"
"28,36 : 499.41"
"28,37 : 677.61"
"28,38 : 512.32"
"28,39 : 516.96"
"28,40 : 188.16"
"28,41 : 124.06"
"28,42 : 477.06"
"28,43 : 262.72"
"28,44 : 739.36"
"28,45 : 1056.19"
"28,46 : 893.89"
"28,47 : 257.93"
"28,48 : 1018.32"
"28,49 : 250.0"
"29,0 : 759.05"
"29,1 : 280.49"
"29,2 : 150.71"
"29,3 : 609.65"
"29,4 : 521.29"
"29,5 : 291.29"
"29,6 : 607.82"
"29,7 : 91.81"
"29,8 : 839.53"
"29,9 : 338.37"
"29,10 : 764.77"
"29,11 : 408.89"
"29,12 : 547.39"
"29,13 : 105.04"
"29,14 : 258.31"
"29,15 : 153.68"
"29,16 : 299.81"
"29,17 : 911.16"
"29,18 : 514.84"
"29,19 : 271.02"
"29,20 : 735.96"
"29,21 : 343.07"
"29,22 : 314.65"
"29,23 : 827.35"
"29,24 : 465.72"
"29,25 : 242.98"
"29,26 : 521.81"
"29,27 : 940.6"
"29,28 : 523.52"
"29,29 : 0.0"
"29,30 : 393.51"
"29,31 : 370.85"
"29,32 : 583.99"
"29,33 : 611.76"
"29,34 : 391.47"
"29,35 : 879.26"
"29,36 : 781.77"
"29,37 : 543.4"
"29,38 : 834.28"
"29,39 : 798.75"
"29,40 : 509.43"
"29,41 : 572.47"
"29,42 : 523.06"
"29,43 : 490.67"
"29,44 : 863.6"
"29,45 : 733.71"
"29,46 : 498.88"
"29,47 : 516.98"
"29,48 : 716.51"
"29,49 : 360.37"
"30,0 : 854.34"
"30,1 : 667.95"
"30,2 : 360.97"
"30,3 : 473.24"
"30,4 : 608.32"
"30,5 : 229.31"
"30,6 : 392.91"
"30,7 : 356.45"
"30,8 : 849.43"
"30,9 : 560.56"
"30,10 : 650.36"
"30,11 : 664.28"
"30,12 : 897.38"
"30,13 : 288.92"
"30,14 : 627.2"
"30,15 : 266.17"
"30,16 : 556.66"
"30,17 : 1151.22"
"30,18 : 202.71"
"30,19 : 491.42"
"30,20 : 897.24"
"30,21 : 199.9"
"30,22 : 150.86"
"30,23 : 713.7"
"30,24 : 599.05"
"30,25 : 616.05"
"30,26 : 780.39"
"30,27 : 1197.16"
"30,28 : 193.67"
"30,29 : 393.51"
"30,30 : 0.0"
"30,31 : 753.4"
"30,32 : 471.51"
"30,33 : 894.82"
"30,34 : 770.54"
"30,35 : 1071.13"
"30,36 : 658.02"
"30,37 : 708.85"
"30,38 : 682.5"
"30,39 : 676.33"
"30,40 : 321.5"
"30,41 : 304.93"
"30,42 : 551.54"
"30,43 : 131.65"
"30,44 : 862.32"
"30,45 : 1036.98"
"30,46 : 839.62"
"30,47 : 379.58"
"30,48 : 1006.22"
"30,49 : 56.64"
"31,0 : 726.21"
"31,1 : 92.91"
"31,2 : 410.04"
"31,3 : 813.23"
"31,4 : 576.3"
"31,5 : 589.19"
"31,6 : 860.6"
"31,7 : 398.18"
"31,8 : 873.21"
"31,9 : 360.32"
"31,10 : 918.38"
"31,11 : 324.09"
"31,12 : 216.79"
"31,13 : 468.77"
"31,14 : 132.24"
"31,15 : 523.55"
"31,16 : 313.73"
"31,17 : 683.69"
"31,18 : 833.17"
"31,19 : 364.01"
"31,20 : 635.85"
"31,21 : 647.25"
"31,22 : 643.44"
"31,23 : 969.18"
"31,24 : 501.02"
"31,25 : 139.29"
"31,26 : 364.34"
"31,27 : 689.82"
"31,28 : 848.01"
"31,29 : 370.85"
"31,30 : 753.4"
"31,31 : 0.0"
"31,32 : 778.39"
"31,33 : 381.76"
"31,34 : 26.83"
"31,35 : 714.06"
"31,36 : 939.38"
"31,37 : 503.21"
"31,38 : 1004.51"
"31,39 : 952.34"
"31,40 : 770.79"
"31,41 : 860.55"
"31,42 : 631.25"
"31,43 : 859.55"
"31,44 : 903.09"
"31,45 : 447.76"
"31,46 : 199.33"
"31,47 : 747.5"
"31,48 : 452.69"
"31,49 : 726.92"
"32,0 : 451.45"
"32,1 : 732.68"
"32,2 : 438.49"
"32,3 : 37.05"
"32,4 : 279.73"
"32,5 : 320.39"
"32,6 : 148.4"
"32,7 : 492.87"
"32,8 : 391.56"
"32,9 : 426.79"
"32,10 : 189.16"
"32,11 : 507.06"
"32,12 : 807.66"
"32,13 : 521.02"
"32,14 : 655.69"
"32,15 : 579.16"
"32,16 : 466.91"
"32,17 : 847.96"
"32,18 : 316.24"
"32,19 : 415.06"
"32,20 : 547.78"
"32,21 : 299.59"
"32,22 : 360.27"
"32,23 : 254.28"
"32,24 : 331.26"
"32,25 : 657.56"
"32,26 : 578.68"
"32,27 : 908.74"
"32,28 : 340.48"
"32,29 : 583.99"
"32,30 : 471.51"
"32,31 : 778.39"
"32,32 : 0.0"
"32,33 : 693.64"
"32,34 : 780.3"
"32,35 : 724.75"
"32,36 : 202.68"
"32,37 : 419.98"
"32,38 : 250.41"
"32,39 : 220.74"
"32,40 : 155.24"
"32,41 : 234.02"
"32,42 : 192.0"
"32,43 : 583.35"
"32,44 : 399.41"
"32,45 : 837.09"
"32,46 : 745.46"
"32,47 : 92.01"
"32,48 : 791.13"
"32,49 : 513.25"
"33,0 : 429.62"
"33,1 : 436.23"
"33,2 : 546.59"
"33,3 : 730.27"
"33,4 : 417.12"
"33,5 : 673.19"
"33,6 : 823.88"
"33,7 : 578.09"
"33,8 : 608.95"
"33,9 : 335.32"
"33,10 : 761.55"
"33,11 : 230.64"
"33,12 : 212.66"
"33,13 : 670.18"
"33,14 : 388.32"
"33,15 : 750.4"
"33,16 : 340.44"
"33,17 : 309.49"
"33,18 : 887.12"
"33,19 : 403.56"
"33,20 : 300.62"
"33,21 : 721.04"
"33,22 : 749.47"
"33,23 : 792.24"
"33,24 : 363.66"
"33,25 : 406.6"
"33,26 : 119.97"
"33,27 : 330.15"
"33,28 : 909.08"
"33,29 : 611.76"
"33,30 : 894.82"
"33,31 : 381.76"
"33,32 : 693.64"
"33,33 : 0.0"
"33,34 : 358.81"
"33,35 : 335.43"
"33,36 : 783.19"
"33,37 : 280.71"
"33,38 : 851.67"
"33,39 : 789.94"
"33,40 : 762.72"
"33,41 : 867.86"
"33,42 : 503.02"
"33,43 : 1022.97"
"33,44 : 639.51"
"33,45 : 147.47"
"33,46 : 188.94"
"33,47 : 709.96"
"33,48 : 111.4"
"33,49 : 891.81"
"34,0 : 712.51"
"34,1 : 117.03"
"34,2 : 423.07"
"34,3 : 815.54"
"34,4 : 570.63"
"34,5 : 601.07"
"34,6 : 866.46"
"34,7 : 414.45"
"34,8 : 862.84"
"34,9 : 358.42"
"34,10 : 916.19"
"34,11 : 314.66"
"34,12 : 190.0"
"34,13 : 487.69"
"34,14 : 144.89"
"34,15 : 544.71"
"34,16 : 313.84"
"34,17 : 658.98"
"34,18 : 845.03"
"34,19 : 367.61"
"34,20 : 618.56"
"34,21 : 659.03"
"34,22 : 657.42"
"34,23 : 965.8"
"34,24 : 495.4"
"34,25 : 154.56"
"34,26 : 347.13"
"34,27 : 664.19"
"34,28 : 860.42"
"34,29 : 391.47"
"34,30 : 770.54"
"34,31 : 26.83"
"34,32 : 780.3"
"34,33 : 358.81"
"34,34 : 0.0"
"34,35 : 692.3"
"34,36 : 937.35"
"34,37 : 491.92"
"34,38 : 1003.05"
"34,39 : 949.93"
"34,40 : 777.98"
"34,41 : 869.43"
"34,42 : 628.55"
"34,43 : 878.55"
"34,44 : 892.92"
"34,45 : 421.53"
"34,46 : 174.35"
"34,47 : 752.44"
"34,48 : 427.3"
"34,49 : 745.41"
"35,0 : 289.99"
"35,1 : 758.59"
"35,2 : 773.79"
"35,3 : 754.96"
"35,4 : 473.05"
"35,5 : 842.5"
"35,6 : 872.82"
"35,7 : 821.4"
"35,8 : 454.43"
"35,9 : 547.3"
"35,10 : 705.52"
"35,11 : 471.61"
"35,12 : 542.49"
"35,13 : 910.28"
"35,14 : 698.45"
"35,15 : 994.96"
"35,16 : 579.87"
"35,17 : 156.85"
"35,18 : 1000.9"
"35,19 : 621.34"
"35,20 : 179.3"
"35,21 : 874.61"
"35,22 : 920.45"
"35,23 : 708.39"
"35,24 : 472.09"
"35,25 : 715.72"
"35,26 : 369.14"
"35,27 : 224.51"
"35,28 : 1025.55"
"35,29 : 879.26"
"35,30 : 1071.13"
"35,31 : 714.06"
"35,32 : 724.75"
"35,33 : 335.43"
"35,34 : 692.3"
"35,35 : 0.0"
"35,36 : 723.75"
"35,37 : 363.09"
"35,38 : 784.15"
"35,39 : 722.53"
"35,40 : 846.6"
"35,41 : 947.23"
"35,42 : 550.46"
"35,43 : 1202.67"
"35,44 : 478.34"
"35,45 : 351.24"
"35,46 : 524.37"
"35,47 : 779.62"
"35,48 : 310.08"
"35,49 : 1084.23"
"36,0 : 433.8"
"36,1 : 905.21"
"36,2 : 633.5"
"36,3 : 188.22"
"36,4 : 378.54"
"36,5 : 523.01"
"36,6 : 275.98"
"36,7 : 690.07"
"36,8 : 296.81"
"36,9 : 579.15"
"36,10 : 21.84"
"36,11 : 638.16"
"36,12 : 932.87"
"36,13 : 722.93"
"36,14 : 825.28"
"36,15 : 781.84"
"36,16 : 626.28"
"36,17 : 867.61"
"36,18 : 478.21"
"36,19 : 585.81"
"36,20 : 564.88"
"36,21 : 499.68"
"36,22 : 559.48"
"36,23 : 56.01"
"36,24 : 449.77"
"36,25 : 829.82"
"36,26 : 681.11"
"36,27 : 933.71"
"36,28 : 499.41"
"36,29 : 781.77"
"36,30 : 658.02"
"36,31 : 939.38"
"36,32 : 202.68"
"36,33 : 783.19"
"36,34 : 937.35"
"36,35 : 723.75"
"36,36 : 0.0"
"36,37 : 503.66"
"36,38 : 68.66"
"36,39 : 18.44"
"36,40 : 337.02"
"36,41 : 376.75"
"36,42 : 309.12"
"36,43 : 758.24"
"36,44 : 288.85"
"36,45 : 915.04"
"36,46 : 873.67"
"36,47 : 288.5"
"36,48 : 865.22"
"36,49 : 704.28"
"37,0 : 229.99"
"37,1 : 506.69"
"37,2 : 420.58"
"37,3 : 455.77"
"37,4 : 140.25"
"37,5 : 479.81"
"37,6 : 558.16"
"37,7 : 473.44"
"37,8 : 371.34"
"37,9 : 206.0"
"37,10 : 481.92"
"37,11 : 180.76"
"37,12 : 439.21"
"37,13 : 557.9"
"37,14 : 428.99"
"37,15 : 642.45"
"37,16 : 251.68"
"37,17 : 450.41"
"37,18 : 653.68"
"37,19 : 273.38"
"37,20 : 197.01"
"37,21 : 514.14"
"37,22 : 558.01"
"37,23 : 515.98"
"37,24 : 111.02"
"37,25 : 441.96"
"37,26 : 179.42"
"37,27 : 504.22"
"37,28 : 677.61"
"37,29 : 543.4"
"37,30 : 708.85"
"37,31 : 503.21"
"37,32 : 419.98"
"37,33 : 280.71"
"37,34 : 491.92"
"37,35 : 363.09"
"37,36 : 503.66"
"37,37 : 0.0"
"37,38 : 572.28"
"37,39 : 511.2"
"37,40 : 510.47"
"37,41 : 615.39"
"37,42 : 228.01"
"37,43 : 840.49"
"37,44 : 401.66"
"37,45 : 419.22"
"37,46 : 384.89"
"37,47 : 449.9"
"37,48 : 371.98"
"37,49 : 721.15"
"38,0 : 494.93"
"38,1 : 968.11"
"38,2 : 687.87"
"38,3 : 228.11"
"38,4 : 446.84"
"38,5 : 566.36"
"38,6 : 290.99"
"38,7 : 743.01"
"38,8 : 345.77"
"38,9 : 644.64"
"38,10 : 90.47"
"38,11 : 705.83"
"38,12 : 1001.2"
"38,13 : 770.28"
"38,14 : 888.68"
"38,15 : 825.0"
"38,16 : 690.97"
"38,17 : 930.23"
"38,18 : 493.11"
"38,19 : 648.32"
"38,20 : 628.98"
"38,21 : 537.63"
"38,22 : 595.72"
"38,23 : 79.4"
"38,24 : 517.58"
"38,25 : 892.67"
"38,26 : 749.76"
"38,27 : 996.78"
"38,28 : 512.32"
"38,29 : 834.28"
"38,30 : 682.5"
"38,31 : 1004.51"
"38,32 : 250.41"
"38,33 : 851.67"
"38,34 : 1003.05"
"38,35 : 784.15"
"38,36 : 68.66"
"38,37 : 572.28"
"38,38 : 0.0"
"38,39 : 63.07"
"38,40 : 366.53"
"38,41 : 388.25"
"38,42 : 375.77"
"38,43 : 774.49"
"38,44 : 333.17"
"38,45 : 982.94"
"38,46 : 941.83"
"38,47 : 327.84"
"38,48 : 933.0"
"38,49 : 731.55"
"39,0 : 432.93"
"39,1 : 919.33"
"39,2 : 650.21"
"39,3 : 206.65"
"39,4 : 388.49"
"39,5 : 541.11"
"39,6 : 293.44"
"39,7 : 707.02"
"39,8 : 289.85"
"39,9 : 592.02"
"39,10 : 34.66"
"39,11 : 649.01"
"39,12 : 942.49"
"39,13 : 740.62"
"39,14 : 839.2"
"39,15 : 799.89"
"39,16 : 639.61"
"39,17 : 867.81"
"39,18 : 495.91"
"39,19 : 600.24"
"39,20 : 566.12"
"39,21 : 518.05"
"39,22 : 577.88"
"39,23 : 38.33"
"39,24 : 460.57"
"39,25 : 844.0"
"39,26 : 689.32"
"39,27 : 934.23"
"39,28 : 516.96"
"39,29 : 798.75"
"39,30 : 676.33"
"39,31 : 952.34"
"39,32 : 220.74"
"39,33 : 789.94"
"39,34 : 949.93"
"39,35 : 722.53"
"39,36 : 18.44"
"39,37 : 511.2"
"39,38 : 63.07"
"39,39 : 0.0"
"39,40 : 355.39"
"39,41 : 394.06"
"39,42 : 321.4"
"39,43 : 776.14"
"39,44 : 280.18"
"39,45 : 920.4"
"39,46 : 883.67"
"39,47 : 306.89"
"39,48 : 870.36"
"39,49 : 722.67"
"40,0 : 588.63"
"40,1 : 709.42"
"40,2 : 381.96"
"40,3 : 152.03"
"40,4 : 377.48"
"40,5 : 219.66"
"40,6 : 98.41"
"40,7 : 424.85"
"40,8 : 545.65"
"40,9 : 452.36"
"40,10 : 328.88"
"40,11 : 549.77"
"40,12 : 840.9"
"40,13 : 427.13"
"40,14 : 640.3"
"40,15 : 469.22"
"40,16 : 479.08"
"40,17 : 956.92"
"40,18 : 163.37"
"40,19 : 415.09"
"40,20 : 667.33"
"40,21 : 177.8"
"40,22 : 231.85"
"40,23 : 392.47"
"40,24 : 405.23"
"40,25 : 637.8"
"40,26 : 643.12"
"40,27 : 1013.56"
"40,28 : 188.16"
"40,29 : 509.43"
"40,30 : 321.5"
"40,31 : 770.79"
"40,32 : 155.24"
"40,33 : 762.72"
"40,34 : 777.98"
"40,35 : 846.6"
"40,36 : 337.02"
"40,37 : 510.47"
"40,38 : 366.53"
"40,39 : 355.39"
"40,40 : 0.0"
"40,41 : 105.48"
"40,42 : 296.15"
"40,43 : 428.8"
"40,44 : 554.39"
"40,45 : 909.92"
"40,46 : 777.93"
"40,47 : 69.89"
"40,48 : 868.16"
"40,49 : 367.29"
"41,0 : 682.63"
"41,1 : 794.07"
"41,2 : 459.88"
"41,3 : 216.06"
"41,4 : 481.06"
"41,5 : 283.56"
"41,6 : 101.0"
"41,7 : 494.88"
"41,8 : 621.82"
"41,9 : 553.96"
"41,10 : 374.39"
"41,11 : 653.07"
"41,12 : 941.24"
"41,13 : 479.89"
"41,14 : 728.81"
"41,15 : 506.26"
"41,16 : 577.78"
"41,17 : 1060.53"
"41,18 : 105.72"
"41,19 : 512.08"
"41,20 : 768.24"
"41,21 : 229.42"
"41,22 : 266.45"
"41,23 : 432.39"
"41,24 : 510.65"
"41,25 : 724.75"
"41,26 : 748.16"
"41,27 : 1117.81"
"41,28 : 124.06"
"41,29 : 572.47"
"41,30 : 304.93"
"41,31 : 860.55"
"41,32 : 234.02"
"41,33 : 867.86"
"41,34 : 869.43"
"41,35 : 947.23"
"41,36 : 376.75"
"41,37 : 615.39"
"41,38 : 388.25"
"41,39 : 394.06"
"41,40 : 105.48"
"41,41 : 0.0"
"41,42 : 397.82"
"41,43 : 386.5"
"41,44 : 626.72"
"41,45 : 1015.14"
"41,46 : 878.38"
"41,47 : 167.86"
"41,48 : 973.56"
"41,49 : 358.74"
"42,0 : 303.76"
"42,1 : 602.0"
"42,2 : 373.47"
"42,3 : 228.02"
"42,4 : 87.8"
"42,5 : 339.89"
"42,6 : 332.08"
"42,7 : 433.89"
"42,8 : 322.8"
"42,9 : 271.01"
"42,10 : 287.79"
"42,11 : 331.41"
"42,12 : 630.11"
"42,13 : 493.21"
"42,14 : 521.07"
"42,15 : 569.2"
"42,16 : 319.7"
"42,17 : 663.6"
"42,18 : 452.19"
"42,19 : 287.33"
"42,20 : 371.18"
"42,21 : 352.42"
"42,22 : 408.8"
"42,23 : 338.21"
"42,24 : 145.34"
"42,25 : 527.19"
"42,26 : 390.16"
"42,27 : 722.31"
"42,28 : 477.06"
"42,29 : 523.06"
"42,30 : 551.54"
"42,31 : 631.25"
"42,32 : 192.0"
"42,33 : 503.02"
"42,34 : 628.55"
"42,35 : 550.46"
"42,36 : 309.12"
"42,37 : 228.01"
"42,38 : 375.77"
"42,39 : 321.4"
"42,40 : 296.15"
"42,41 : 397.82"
"42,42 : 0.0"
"42,43 : 678.99"
"42,44 : 344.1"
"42,45 : 645.49"
"42,46 : 569.39"
"42,47 : 229.96"
"42,48 : 599.23"
"42,49 : 578.18"
"43,0 : 982.54"
"43,1 : 770.73"
"43,2 : 482.73"
"43,3 : 579.88"
"43,4 : 738.48"
"43,5 : 360.95"
"43,6 : 484.2"
"43,7 : 469.71"
"43,8 : 968.98"
"43,9 : 689.86"
"43,10 : 753.06"
"43,11 : 792.81"
"43,12 : 1015.67"
"43,13 : 390.87"
"43,14 : 737.96"
"43,15 : 345.08"
"43,16 : 683.43"
"43,17 : 1282.53"
"43,18 : 281.4"
"43,19 : 619.45"
"43,20 : 1028.44"
"43,21 : 329.8"
"43,22 : 282.52"
"43,23 : 814.25"
"43,24 : 730.61"
"43,25 : 725.3"
"43,26 : 909.69"
"43,27 : 1327.97"
"43,28 : 262.72"
"43,29 : 490.67"
"43,30 : 131.65"
"43,31 : 859.55"
"43,32 : 583.35"
"43,33 : 1022.97"
"43,34 : 878.55"
"43,35 : 1202.67"
"43,36 : 758.24"
"43,37 : 840.49"
"43,38 : 774.49"
"43,39 : 776.14"
"43,40 : 428.8"
"43,41 : 386.5"
"43,42 : 678.99"
"43,43 : 0.0"
"43,44 : 980.1"
"43,45 : 1163.8"
"43,46 : 959.54"
"43,47 : 492.88"
"43,48 : 1134.3"
"43,49 : 134.61"
"44,0 : 214.11"
"44,1 : 897.59"
"44,2 : 715.72"
"44,3 : 411.01"
"44,4 : 348.17"
"44,5 : 673.01"
"44,6 : 529.18"
"44,7 : 776.12"
"44,8 : 30.81"
"44,9 : 567.96"
"44,10 : 277.94"
"44,11 : 579.0"
"44,12 : 830.28"
"44,13 : 837.28"
"44,14 : 817.07"
"44,15 : 912.53"
"44,16 : 620.06"
"44,17 : 633.03"
"44,18 : 715.36"
"44,19 : 609.42"
"44,20 : 357.28"
"44,21 : 672.86"
"44,22 : 733.22"
"44,23 : 253.8"
"44,24 : 417.17"
"44,25 : 827.48"
"44,26 : 569.3"
"44,27 : 701.05"
"44,28 : 739.36"
"44,29 : 863.6"
"44,30 : 862.32"
"44,31 : 903.09"
"44,32 : 399.41"
"44,33 : 639.51"
"44,34 : 892.92"
"44,35 : 478.34"
"44,36 : 288.85"
"44,37 : 401.66"
"44,38 : 333.17"
"44,39 : 280.18"
"44,40 : 554.39"
"44,41 : 626.72"
"44,42 : 344.1"
"44,43 : 980.1"
"44,44 : 0.0"
"44,45 : 744.06"
"44,46 : 780.87"
"44,47 : 487.65"
"44,48 : 692.89"
"44,49 : 898.14"
"45,0 : 529.97"
"45,1 : 521.25"
"45,2 : 683.59"
"45,3 : 873.42"
"45,4 : 558.45"
"45,5 : 817.88"
"45,6 : 969.68"
"45,7 : 709.97"
"45,8 : 714.45"
"45,9 : 480.14"
"45,10 : 893.69"
"45,11 : 374.96"
"45,12 : 235.67"
"45,13 : 801.18"
"45,14 : 491.06"
"45,15 : 878.58"
"45,16 : 480.46"
"45,17 : 257.6"
"45,18 : 1034.34"
"45,19 : 545.83"
"45,20 : 388.28"
"45,21 : 866.8"
"45,22 : 893.37"
"45,23 : 919.47"
"45,24 : 509.03"
"45,25 : 509.29"
"45,26 : 267.44"
"45,27 : 247.01"
"45,28 : 1056.19"
"45,29 : 733.71"
"45,30 : 1036.98"
"45,31 : 447.76"
"45,32 : 837.09"
"45,33 : 147.47"
"45,34 : 421.53"
"45,35 : 351.24"
"45,36 : 915.04"
"45,37 : 419.22"
"45,38 : 982.94"
"45,39 : 920.4"
"45,40 : 909.92"
"45,41 : 1015.14"
"45,42 : 645.49"
"45,43 : 1163.8"
"45,44 : 744.06"
"45,45 : 0.0"
"45,46 : 252.0"
"45,47 : 856.43"
"45,48 : 51.24"
"45,49 : 1031.43"
"46,0 : 583.44"
"46,1 : 269.26"
"46,2 : 478.65"
"46,3 : 782.35"
"46,4 : 495.2"
"46,5 : 638.77"
"46,6 : 855.28"
"46,7 : 491.63"
"46,8 : 750.12"
"46,9 : 326.01"
"46,10 : 851.88"
"46,11 : 238.87"
"46,12 : 63.01"
"46,13 : 578.56"
"46,14 : 245.2"
"46,15 : 649.66"
"46,16 : 301.68"
"46,17 : 484.65"
"46,18 : 874.93"
"46,19 : 369.31"
"46,20 : 471.51"
"46,21 : 693.76"
"46,22 : 707.32"
"46,23 : 893.28"
"46,24 : 424.81"
"46,25 : 262.86"
"46,26 : 211.85"
"46,27 : 490.89"
"46,28 : 893.89"
"46,29 : 498.88"
"46,30 : 839.62"
"46,31 : 199.33"
"46,32 : 745.46"
"46,33 : 188.94"
"46,34 : 174.35"
"46,35 : 524.37"
"46,36 : 873.67"
"46,37 : 384.89"
"46,38 : 941.83"
"46,39 : 883.67"
"46,40 : 777.93"
"46,41 : 878.38"
"46,42 : 569.39"
"46,43 : 959.54"
"46,44 : 780.87"
"46,45 : 252.0"
"46,46 : 0.0"
"46,47 : 738.27"
"46,48 : 253.5"
"46,49 : 825.01"
"47,0 : 519.06"
"47,1 : 692.78"
"47,2 : 378.42"
"47,3 : 100.66"
"47,4 : 313.82"
"47,5 : 238.92"
"47,6 : 117.02"
"47,7 : 428.03"
"47,8 : 477.84"
"47,9 : 412.64"
"47,10 : 277.25"
"47,11 : 504.78"
"47,12 : 801.23"
"47,13 : 445.0"
"47,14 : 619.67"
"47,15 : 497.21"
"47,16 : 445.07"
"47,17 : 893.01"
"47,18 : 233.08"
"47,19 : 385.19"
"47,20 : 600.52"
"47,21 : 211.24"
"47,22 : 271.02"
"47,23 : 342.22"
"47,24 : 348.21"
"47,25 : 619.12"
"47,26 : 591.3"
"47,27 : 950.79"
"47,28 : 257.93"
"47,29 : 516.98"
"47,30 : 379.58"
"47,31 : 747.5"
"47,32 : 92.01"
"47,33 : 709.96"
"47,34 : 752.44"
"47,35 : 779.62"
"47,36 : 288.5"
"47,37 : 449.9"
"47,38 : 327.84"
"47,39 : 306.89"
"47,40 : 69.89"
"47,41 : 167.86"
"47,42 : 229.96"
"47,43 : 492.88"
"47,44 : 487.65"
"47,45 : 856.43"
"47,46 : 738.27"
"47,47 : 0.0"
"47,48 : 813.2"
"47,49 : 421.34"
"48,0 : 478.82"
"48,1 : 519.77"
"48,2 : 657.07"
"48,3 : 827.26"
"48,4 : 511.83"
"48,5 : 784.35"
"48,6 : 925.52"
"48,7 : 686.96"
"48,8 : 663.26"
"48,9 : 446.58"
"48,10 : 843.95"
