x,y
851,228
146,317
155,388
216,562
155,592
645,904
83,457
250,826
288,336
754,900
535,56
867,829
781,94
119,798
85,773
162,748
582,752
618,234
752,993
357,987
482,857
324,435
391,888
247,357
381,900
245,213
554,940
21,667
748,839
60,802
137,932
563,639
545,89
890,583
948,119
717,186
86,2
36,83
891,590
617,51
377,25
166,817
381,994
925,752
901,265
213,390
961,445
117,473
820,172
969,955

Distanze
"0,0 : 0.0"
"0,1 : 710.6"
"0,2 : 714.15"
"0,3 : 717.48"
"0,4 : 785.44"
"0,5 : 706.69"
"0,6 : 801.41"
"0,7 : 847.82"
"0,8 : 573.27"
"0,9 : 678.96"
"0,10 : 359.78"
"0,11 : 601.21"
"0,12 : 151.18"
"0,13 : 927.75"
"0,14 : 940.1"
"0,15 : 863.2"
"0,16 : 589.01"
"0,17 : 233.08"
"0,18 : 771.38"
"0,19 : 905.6"
"0,20 : 729.25"
"0,21 : 566.2"
"0,22 : 804.49"
"0,23 : 617.62"
"0,24 : 820.05"
"0,25 : 606.19"
"0,26 : 771.46"
"0,27 : 938.95"
"0,28 : 619.62"
"0,29 : 977.32"
"0,30 : 1002.7"
"0,31 : 501.86"
"0,32 : 336.09"
"0,33 : 357.14"
"0,34 : 145.91"
"0,35 : 140.43"
"0,36 : 797.68"
"0,37 : 827.8"
"0,38 : 364.2"
"0,39 : 293.4"
"0,40 : 515.64"
"0,41 : 903.41"
"0,42 : 898.7"
"0,43 : 529.2"
"0,44 : 62.2"
"0,45 : 658.25"
"0,46 : 243.29"
"0,47 : 773.81"
"0,48 : 64.01"
"0,49 : 736.51"
"1,0 : 710.6"
"1,1 : 0.0"
"1,2 : 71.57"
"1,3 : 254.8"
"1,4 : 275.15"
"1,5 : 770.43"
"1,6 : 153.52"
"1,7 : 519.52"
"1,8 : 143.27"
"1,9 : 842.35"
"1,10 : 468.45"
"1,11 : 884.3"
"1,12 : 673.02"
"1,13 : 481.76"
"1,14 : 460.06"
"1,15 : 431.3"
"1,16 : 615.89"
"1,17 : 479.24"
"1,18 : 907.86"
"1,19 : 702.44"
"1,20 : 636.0"
"1,21 : 213.56"
"1,22 : 621.34"
"1,23 : 108.63"
"1,24 : 628.58"
"1,25 : 143.59"
"1,26 : 744.71"
"1,27 : 371.65"
"1,28 : 796.8"
"1,29 : 492.57"
"1,30 : 615.07"
"1,31 : 526.85"
"1,32 : 459.55"
"1,33 : 790.12"
"1,34 : 826.08"
"1,35 : 585.83"
"1,36 : 320.66"
"1,37 : 258.57"
"1,38 : 793.44"
"1,39 : 540.92"
"1,40 : 372.32"
"1,41 : 500.4"
"1,42 : 716.63"
"1,43 : 892.23"
"1,44 : 756.79"
"1,45 : 99.09"
"1,46 : 824.99"
"1,47 : 158.67"
"1,48 : 689.42"
"1,49 : 1041.33"
"2,0 : 714.15"
"2,1 : 71.57"
"2,2 : 0.0"
"2,3 : 184.38"
"2,4 : 204.0"
"2,5 : 711.59"
"2,6 : 99.72"
"2,7 : 448.18"
"2,8 : 142.8"
"2,9 : 788.0"
"2,10 : 504.6"
"2,11 : 837.51"
"2,12 : 691.6"
"2,13 : 411.58"
"2,14 : 391.31"
"2,15 : 360.07"
"2,16 : 561.09"
"2,17 : 487.94"
"2,18 : 849.96"
"2,19 : 632.14"
"2,20 : 571.74"
"2,21 : 175.41"
"2,22 : 552.9"
"2,23 : 97.08"
"2,24 : 559.66"
"2,25 : 196.79"
"2,26 : 681.11"
"2,27 : 309.51"
"2,28 : 745.02"
"2,29 : 424.76"
"2,30 : 544.3"
"2,31 : 479.03"
"2,32 : 491.43"
"2,33 : 760.43"
"2,34 : 837.38"
"2,35 : 597.2"
"2,36 : 392.12"
"2,37 : 327.39"
"2,38 : 763.22"
"2,39 : 571.85"
"2,40 : 425.5"
"2,41 : 429.14"
"2,42 : 646.77"
"2,43 : 851.7"
"2,44 : 756.07"
"2,45 : 58.03"
"2,46 : 808.01"
"2,47 : 93.11"
"2,48 : 699.2"
"2,49 : 992.01"
"3,0 : 717.48"
"3,1 : 254.8"
"3,2 : 184.38"
"3,3 : 0.0"
"3,4 : 67.98"
"3,5 : 548.64"
"3,6 : 169.45"
"3,7 : 266.18"
"3,8 : 237.19"
"3,9 : 635.36"
"3,10 : 598.16"
"3,11 : 703.63"
"3,12 : 733.65"
"3,13 : 255.16"
"3,14 : 248.36"
"3,15 : 193.68"
"3,16 : 412.38"
"3,17 : 518.83"
"3,18 : 687.79"
"3,19 : 447.78"
"3,20 : 397.22"
"3,21 : 166.71"
"3,22 : 370.0"
"3,23 : 207.33"
"3,24 : 376.12"
"3,25 : 350.2"
"3,26 : 507.08"
"3,27 : 221.47"
"3,28 : 599.79"
"3,29 : 286.24"
"3,30 : 378.34"
"3,31 : 355.44"
"3,32 : 576.17"
"3,33 : 674.33"
"3,34 : 855.61"
"3,35 : 626.4"
"3,36 : 574.89"
"3,37 : 511.7"
"3,38 : 675.58"
"3,39 : 649.56"
"3,40 : 560.62"
"3,41 : 259.86"
"3,42 : 462.44"
"3,43 : 734.02"
"3,44 : 746.62"
"3,45 : 172.03"
"3,46 : 754.13"
"3,47 : 133.12"
"3,48 : 718.97"
"3,49 : 849.39"
"4,0 : 785.44"
"4,1 : 275.15"
"4,2 : 204.0"
"4,3 : 67.98"
"4,4 : 0.0"
"4,5 : 580.9"
"4,6 : 153.0"
"4,7 : 252.55"
"4,8 : 288.49"
"4,9 : 673.55"
"4,10 : 657.04"
"4,11 : 750.41"
"4,12 : 799.92"
"4,13 : 209.12"
"4,14 : 194.06"
"4,15 : 156.16"
"4,16 : 455.99"
"4,17 : 585.26"
"4,18 : 719.17"
"4,19 : 443.65"
"4,20 : 420.9"
"4,21 : 230.67"
"4,22 : 378.57"
"4,23 : 252.37"
"4,24 : 382.02"
"4,25 : 389.54"
"4,26 : 529.44"
"4,27 : 153.56"
"4,28 : 642.38"
"4,29 : 230.49"
"4,30 : 340.48"
"4,31 : 410.7"
"4,32 : 636.48"
"4,33 : 735.06"
"4,34 : 923.35"
"4,35 : 693.31"
"4,36 : 594.02"
"4,37 : 522.73"
"4,38 : 736.0"
"4,39 : 711.42"
"4,40 : 608.91"
"4,41 : 225.27"
"4,42 : 461.17"
"4,43 : 786.45"
"4,44 : 814.52"
"4,45 : 210.16"
"4,46 : 819.3"
"4,47 : 124.92"
"4,48 : 786.53"
"4,49 : 891.27"
"5,0 : 706.69"
"5,1 : 770.43"
"5,2 : 711.59"
"5,3 : 548.64"
"5,4 : 580.9"
"5,5 : 0.0"
"5,6 : 718.09"
"5,7 : 402.63"
"5,8 : 670.87"
"5,9 : 109.07"
"5,10 : 855.1"
"5,11 : 234.33"
"5,12 : 821.34"
"5,13 : 536.57"
"5,14 : 575.12"
"5,15 : 507.57"
"5,16 : 164.54"
"5,17 : 670.54"
"5,18 : 139.18"
"5,19 : 299.72"
"5,20 : 169.64"
"5,21 : 568.33"
"5,22 : 254.5"
"5,23 : 676.47"
"5,24 : 264.03"
"5,25 : 798.42"
"5,26 : 97.86"
"5,27 : 667.49"
"5,28 : 121.79"
"5,29 : 593.83"
"5,30 : 508.77"
"5,31 : 277.4"
"5,32 : 821.11"
"5,33 : 403.81"
"5,34 : 841.45"
"5,35 : 721.6"
"5,36 : 1061.17"
"5,37 : 1022.21"
"5,38 : 398.89"
"5,39 : 853.46"
"5,40 : 918.95"
"5,41 : 486.84"
"5,42 : 278.92"
"5,43 : 318.6"
"5,44 : 688.37"
"5,45 : 671.43"
"5,46 : 557.26"
"5,47 : 681.58"
"5,48 : 752.63"
"5,49 : 327.99"
"6,0 : 801.41"
"6,1 : 153.52"
"6,2 : 99.72"
"6,3 : 169.45"
"6,4 : 153.0"
"6,5 : 718.09"
"6,6 : 0.0"
"6,7 : 405.03"
"6,8 : 238.05"
"6,9 : 804.05"
"6,10 : 604.24"
"6,11 : 867.78"
"6,12 : 786.75"
"6,13 : 342.9"
"6,14 : 316.01"
"6,15 : 301.53"
"6,16 : 579.68"
"6,17 : 579.62"
"6,18 : 857.24"
"6,19 : 596.64"
"6,20 : 564.98"
"6,21 : 242.0"
"6,22 : 529.74"
"6,23 : 192.08"
"6,24 : 533.9"
"6,25 : 292.88"
"6,26 : 674.63"
"6,27 : 218.96"
"6,28 : 766.91"
"6,29 : 345.77"
"6,30 : 478.06"
"6,31 : 513.35"
"6,32 : 590.65"
"6,33 : 816.78"
"6,34 : 928.69"
"6,35 : 689.49"
"6,36 : 455.01"
"6,37 : 376.94"
"6,38 : 818.87"
"6,39 : 670.81"
"6,40 : 522.55"
"6,41 : 369.44"
"6,42 : 614.14"
"6,43 : 892.18"
"6,44 : 840.23"
"6,45 : 146.25"
"6,46 : 878.08"
"6,47 : 37.58"
"6,48 : 790.19"
"6,49 : 1016.37"
"7,0 : 847.82"
"7,1 : 519.52"
"7,2 : 448.18"
"7,3 : 266.18"
"7,4 : 252.55"
"7,5 : 402.63"
"7,6 : 405.03"
"7,7 : 0.0"
"7,8 : 491.47"
"7,9 : 509.4"
"7,10 : 821.05"
"7,11 : 617.01"
"7,12 : 904.31"
"7,13 : 133.96"
"7,14 : 173.3"
"7,15 : 117.59"
"7,16 : 340.15"
"7,17 : 697.06"
"7,18 : 529.05"
"7,19 : 193.31"
"7,20 : 234.06"
"7,21 : 397.94"
"7,22 : 154.03"
"7,23 : 469.01"
"7,24 : 150.46"
"7,25 : 613.02"
"7,26 : 324.67"
"7,27 : 278.79"
"7,28 : 498.17"
"7,29 : 191.51"
"7,30 : 154.94"
"7,31 : 364.61"
"7,32 : 793.85"
"7,33 : 684.58"
"7,34 : 993.51"
"7,35 : 792.27"
"7,36 : 840.16"
"7,37 : 773.2"
"7,38 : 683.06"
"7,39 : 857.5"
"7,40 : 811.01"
"7,41 : 84.48"
"7,42 : 213.04"
"7,43 : 679.04"
"7,44 : 859.37"
"7,45 : 437.57"
"7,46 : 806.65"
"7,47 : 377.22"
"7,48 : 867.53"
"7,49 : 730.48"
"8,0 : 573.27"
"8,1 : 143.27"
"8,2 : 142.8"
"8,3 : 237.19"
"8,4 : 288.49"
"8,5 : 670.87"
"8,6 : 238.05"
"8,7 : 491.47"
"8,8 : 0.0"
"8,9 : 731.61"
"8,10 : 373.38"
"8,11 : 760.45"
"8,12 : 549.19"
"8,13 : 491.94"
"8,14 : 481.85"
"8,15 : 430.84"
"8,16 : 509.4"
"8,17 : 345.4"
"8,18 : 804.33"
"8,19 : 654.65"
"8,20 : 555.95"
"8,21 : 105.34"
"8,22 : 561.53"
"8,23 : 46.07"
"8,24 : 571.62"
"8,25 : 130.3"
"8,26 : 659.98"
"8,27 : 425.26"
"8,28 : 681.62"
"8,29 : 518.79"
"8,30 : 614.83"
"8,31 : 409.19"
"8,32 : 356.45"
"8,33 : 650.7"
"8,34 : 694.76"
"8,35 : 454.47"
"8,36 : 390.33"
"8,37 : 357.09"
"8,38 : 654.31"
"8,39 : 435.28"
"8,40 : 323.48"
"8,41 : 496.23"
"8,42 : 664.54"
"8,43 : 760.81"
"8,44 : 617.1"
"8,45 : 92.42"
"8,46 : 681.77"
"8,47 : 219.11"
"8,48 : 556.7"
"8,49 : 920.28"
"9,0 : 678.96"
"9,1 : 842.35"
"9,2 : 788.0"
"9,3 : 635.36"
"9,4 : 673.55"
"9,5 : 109.07"
"9,6 : 804.05"
"9,7 : 509.4"
"9,8 : 731.61"
"9,9 : 0.0"
"9,10 : 871.95"
"9,11 : 133.45"
"9,12 : 806.45"
"9,13 : 643.14"
"9,14 : 680.95"
"9,15 : 611.2"
"9,16 : 226.91"
"9,17 : 679.74"
"9,18 : 93.02"
"9,19 : 406.42"
"9,20 : 275.38"
"9,21 : 633.34"
"9,22 : 363.2"
"9,23 : 742.9"
"9,24 : 373.0"
"9,25 : 855.01"
"9,26 : 203.96"
"9,27 : 769.14"
"9,28 : 61.29"
"9,29 : 700.89"
"9,30 : 617.83"
"9,31 : 323.42"
"9,32 : 837.5"
"9,33 : 344.94"
"9,34 : 804.73"
"9,35 : 714.96"
"9,36 : 1119.21"
"9,37 : 1087.66"
"9,38 : 338.92"
"9,39 : 859.98"
"9,40 : 952.76"
"9,41 : 593.83"
"9,42 : 384.66"
"9,43 : 226.15"
"9,44 : 651.79"
"9,45 : 743.49"
"9,46 : 499.87"
"9,47 : 766.88"
"9,48 : 730.99"
"9,49 : 221.92"
"10,0 : 359.78"
"10,1 : 468.45"
"10,2 : 504.6"
"10,3 : 598.16"
"10,4 : 657.04"
"10,5 : 855.1"
"10,6 : 604.24"
"10,7 : 821.05"
"10,8 : 373.38"
"10,9 : 871.95"
"10,10 : 0.0"
"10,11 : 841.28"
"10,12 : 248.92"
"10,13 : 850.66"
"10,14 : 846.52"
"10,15 : 786.13"
"10,16 : 697.59"
"10,17 : 196.4"
"10,18 : 961.8"
"10,19 : 947.86"
"10,20 : 802.75"
"10,21 : 433.78"
"10,22 : 844.37"
"10,23 : 416.59"
"10,24 : 857.93"
"10,25 : 329.77"
"10,26 : 884.2"
"10,27 : 798.45"
"10,28 : 811.45"
"10,29 : 884.39"
"10,30 : 962.17"
"10,31 : 583.67"
"10,32 : 34.48"
"10,33 : 635.42"
"10,34 : 417.78"
"10,35 : 223.66"
"10,36 : 452.24"
"10,37 : 499.73"
"10,38 : 641.79"
"10,39 : 82.15"
"10,40 : 161.01"
"10,41 : 845.74"
"10,42 : 950.56"
"10,43 : 797.82"
"10,44 : 421.47"
"10,45 : 463.94"
"10,46 : 576.89"
"10,47 : 590.43"
"10,48 : 307.7"
"10,49 : 998.28"
"11,0 : 601.21"
"11,1 : 884.3"
"11,2 : 837.51"
"11,3 : 703.63"
"11,4 : 750.41"
"11,5 : 234.33"
"11,6 : 867.78"
"11,7 : 617.01"
"11,8 : 760.45"
"11,9 : 133.45"
"11,10 : 841.28"
"11,11 : 0.0"
"11,12 : 740.01"
"11,13 : 748.64"
"11,14 : 784.0"
"11,15 : 709.64"
"11,16 : 295.22"
"11,17 : 645.0"
"11,18 : 200.3"
"11,19 : 533.91"
"11,20 : 386.02"
"11,21 : 670.88"
"11,22 : 479.64"
"11,23 : 779.22"
"11,24 : 491.16"
"11,25 : 875.41"
"11,26 : 332.1"
"11,27 : 861.37"
"11,28 : 119.42"
"11,29 : 807.45"
"11,30 : 737.23"
"11,31 : 358.49"
"11,32 : 807.02"
"11,33 : 247.07"
"11,34 : 714.61"
"11,35 : 660.26"
"11,36 : 1137.49"
"11,37 : 1116.73"
"11,38 : 240.2"
"11,39 : 817.18"
"11,40 : 941.55"
"11,41 : 701.1"
"11,42 : 513.25"
"11,43 : 96.4"
"11,44 : 565.02"
"11,45 : 787.68"
"11,46 : 395.34"
"11,47 : 830.2"
"11,48 : 658.68"
"11,49 : 162.11"
"12,0 : 151.18"
"12,1 : 673.02"
"12,2 : 691.6"
"12,3 : 733.65"
"12,4 : 799.92"
"12,5 : 821.34"
"12,6 : 786.75"
"12,7 : 904.31"
"12,8 : 549.19"
"12,9 : 806.45"
"12,10 : 248.92"
"12,11 : 740.01"
"12,12 : 0.0"
"12,13 : 966.36"
"12,14 : 972.35"
"12,15 : 900.49"
"12,16 : 687.43"
"12,17 : 214.87"
"12,18 : 899.47"
"12,19 : 988.55"
"12,20 : 819.49"
"12,21 : 570.2"
"12,22 : 884.61"
"12,23 : 595.25"
"12,24 : 899.8"
"12,25 : 549.05"
"12,26 : 875.93"
"12,27 : 951.8"
"12,28 : 745.73"
"12,29 : 1010.5"
"12,30 : 1056.87"
"12,31 : 586.98"
"12,32 : 236.05"
"12,33 : 501.0"
"12,34 : 168.86"
"12,35 : 112.07"
"12,36 : 701.06"
"12,37 : 745.08"
"12,38 : 508.05"
"12,39 : 169.54"
"12,40 : 409.85"
"12,41 : 949.19"
"12,42 : 984.89"
"12,43 : 673.57"
"12,44 : 208.9"
"12,45 : 640.5"
"12,46 : 394.46"
"12,47 : 764.55"
"12,48 : 87.21"
"12,49 : 881.29"
"13,0 : 927.75"
"13,1 : 481.76"
"13,2 : 411.58"
"13,3 : 255.16"
"13,4 : 209.12"
"13,5 : 536.57"
"13,6 : 342.9"
"13,7 : 133.96"
"13,8 : 491.94"
"13,9 : 643.14"
"13,10 : 850.66"
"13,11 : 748.64"
"13,12 : 966.36"
"13,13 : 0.0"
"13,14 : 42.2"
"13,15 : 65.95"
"13,16 : 465.28"
"13,17 : 753.06"
"13,18 : 662.35"
"13,19 : 303.92"
"13,20 : 367.76"
"13,21 : 416.89"
"13,22 : 286.5"
"13,23 : 459.2"
"13,24 : 281.15"
"13,25 : 598.42"
"13,26 : 457.59"
"13,27 : 163.6"
"13,28 : 630.33"
"13,29 : 59.14"
"13,30 : 135.2"
"13,31 : 471.61"
"13,32 : 827.14"
"13,33 : 800.42"
"13,34 : 1071.58"
"13,35 : 855.66"
"13,36 : 796.68"
"13,37 : 719.8"
"13,38 : 799.53"
"13,39 : 897.78"
"13,40 : 814.92"
"13,41 : 50.7"
"13,42 : 327.2"
"13,43 : 807.31"
"13,44 : 946.37"
"13,45 : 418.69"
"13,46 : 913.0"
"13,47 : 325.01"
"13,48 : 939.83"
"13,49 : 864.38"
"14,0 : 940.1"
"14,1 : 460.06"
"14,2 : 391.31"
"14,3 : 248.36"
"14,4 : 194.06"
"14,5 : 575.12"
"14,6 : 316.01"
"14,7 : 173.3"
"14,8 : 481.85"
"14,9 : 680.95"
"14,10 : 846.52"
"14,11 : 784.0"
"14,12 : 972.35"
"14,13 : 42.2"
"14,14 : 0.0"
"14,15 : 80.96"
"14,16 : 497.44"
"14,17 : 758.03"
"14,18 : 702.35"
"14,19 : 346.09"
"14,20 : 405.79"
"14,21 : 413.96"
"14,22 : 326.9"
"14,23 : 446.43"
"14,24 : 322.09"
"14,25 : 582.41"
"14,26 : 497.85"
"14,27 : 123.82"
"14,28 : 666.28"
"14,29 : 38.29"
"14,30 : 167.29"
"14,31 : 496.43"
"14,32 : 824.29"
"14,33 : 827.12"
"14,34 : 1082.81"
"14,35 : 862.55"
"14,36 : 771.0"
"14,37 : 691.74"
"14,38 : 826.51"
"14,39 : 896.83"
"14,40 : 802.97"
"14,41 : 92.18"
"14,42 : 369.4"
"14,43 : 840.26"
"14,44 : 961.21"
"14,45 : 403.82"
"14,46 : 935.39"
"14,47 : 301.7"
"14,48 : 949.43"
"14,49 : 902.54"
"15,0 : 863.2"
"15,1 : 431.3"
"15,2 : 360.07"
"15,3 : 193.68"
"15,4 : 156.16"
"15,5 : 507.57"
"15,6 : 301.53"
"15,7 : 117.59"
"15,8 : 430.84"
"15,9 : 611.2"
"15,10 : 786.13"
"15,11 : 709.64"
"15,12 : 900.49"
"15,13 : 65.95"
"15,14 : 80.96"
"15,15 : 0.0"
"15,16 : 420.02"
"15,17 : 687.12"
"15,18 : 638.85"
"15,19 : 308.46"
"15,20 : 338.05"
"15,21 : 352.44"
"15,22 : 268.4"
"15,23 : 400.13"
"15,24 : 266.58"
"15,25 : 541.4"
"15,26 : 436.5"
"15,27 : 162.61"
"15,28 : 593.02"
"15,29 : 115.41"
"15,30 : 185.69"
"15,31 : 415.55"
"15,32 : 762.21"
"15,33 : 746.46"
"15,34 : 1006.7"
"15,35 : 789.85"
"15,36 : 749.86"
"15,37 : 676.83"
"15,38 : 745.93"
"15,39 : 832.37"
"15,40 : 754.29"
"15,41 : 69.12"
"15,42 : 329.36"
"15,43 : 763.01"
"15,44 : 882.84"
"15,45 : 361.61"
"15,46 : 854.52"
"15,47 : 278.66"
"15,48 : 874.49"
"15,49 : 833.13"
"16,0 : 589.01"
"16,1 : 615.89"
"16,2 : 561.09"
"16,3 : 412.38"
"16,4 : 455.99"
"16,5 : 164.54"
"16,6 : 579.68"
"16,7 : 340.15"
"16,8 : 509.4"
"16,9 : 226.91"
"16,10 : 697.59"
"16,11 : 295.22"
"16,12 : 687.43"
"16,13 : 465.28"
"16,14 : 497.44"
"16,15 : 420.02"
"16,16 : 0.0"
"16,17 : 519.25"
"16,18 : 294.93"
"16,19 : 325.35"
"16,20 : 145.0"
"16,21 : 408.72"
"16,22 : 234.47"
"16,23 : 517.93"
"16,24 : 249.61"
"16,25 : 635.68"
"16,26 : 190.07"
"16,27 : 567.4"
"16,28 : 187.42"
"16,29 : 524.39"
"16,30 : 480.03"
"16,31 : 114.59"
"16,32 : 664.03"
"16,33 : 351.32"
"16,34 : 731.19"
"16,35 : 581.88"
"16,36 : 899.18"
"16,37 : 863.53"
"16,38 : 348.89"
"16,39 : 701.87"
"16,40 : 755.35"
"16,41 : 421.05"
"16,42 : 314.59"
"16,43 : 343.0"
"16,44 : 582.18"
"16,45 : 516.92"
"16,46 : 487.74"
"16,47 : 542.28"
"16,48 : 626.93"
"16,49 : 437.01"
"17,0 : 233.08"
"17,1 : 479.24"
"17,2 : 487.94"
"17,3 : 518.83"
"17,4 : 585.26"
"17,5 : 670.54"
"17,6 : 579.62"
"17,7 : 697.06"
"17,8 : 345.4"
"17,9 : 679.74"
"17,10 : 196.4"
"17,11 : 645.0"
"17,12 : 214.87"
"17,13 : 753.06"
"17,14 : 758.03"
"17,15 : 687.12"
"17,16 : 519.25"
"17,17 : 0.0"
"17,18 : 770.74"
"17,19 : 796.95"
"17,20 : 637.67"
"17,21 : 356.14"
"17,22 : 692.28"
"17,23 : 390.86"
"17,24 : 706.91"
"17,25 : 373.59"
"17,26 : 708.89"
"17,27 : 737.49"
"17,28 : 618.81"
"17,29 : 796.23"
"17,30 : 847.68"
"17,31 : 408.72"
"17,32 : 162.34"
"17,33 : 442.48"
"17,34 : 349.46"
"17,35 : 110.02"
"17,36 : 580.39"
"17,37 : 601.27"
"17,38 : 448.63"
"17,39 : 183.0"
"17,40 : 319.0"
"17,41 : 737.69"
"17,42 : 796.1"
"17,43 : 602.14"
"17,44 : 284.69"
"17,45 : 434.01"
"17,46 : 402.7"
"17,47 : 555.09"
"17,48 : 211.3"
"17,49 : 801.9"
"18,0 : 771.38"
"18,1 : 907.86"
"18,2 : 849.96"
"18,3 : 687.79"
"18,4 : 719.17"
"18,5 : 139.18"
"18,6 : 857.24"
"18,7 : 529.05"
"18,8 : 804.33"
"18,9 : 93.02"
"18,10 : 961.8"
"18,11 : 200.3"
"18,12 : 899.47"
"18,13 : 662.35"
"18,14 : 702.35"
"18,15 : 638.85"
"18,16 : 294.93"
"18,17 : 770.74"
"18,18 : 0.0"
"18,19 : 395.05"
"18,20 : 302.32"
"18,21 : 703.24"
"18,22 : 375.96"
"18,23 : 812.11"
"18,24 : 382.48"
"18,25 : 930.3"
"18,26 : 204.97"
"18,27 : 800.4"
"18,28 : 154.05"
"18,29 : 717.88"
"18,30 : 618.02"
"18,31 : 401.29"
"18,32 : 927.4"
"18,33 : 432.6"
"18,34 : 895.71"
"18,35 : 807.76"
"18,36 : 1194.0"
"18,37 : 1157.91"
"18,38 : 426.3"
"18,39 : 951.62"
"18,40 : 1038.1"
"18,41 : 611.86"
"18,42 : 371.0"
"18,43 : 296.66"
"18,44 : 743.09"
"18,45 : 808.78"
"18,46 : 586.5"
"18,47 : 820.75"
"18,48 : 823.81"
"18,49 : 220.3"
"19,0 : 905.6"
"19,1 : 702.44"
"19,2 : 632.14"
"19,3 : 447.78"
"19,4 : 443.65"
"19,5 : 299.72"
"19,6 : 596.64"
"19,7 : 193.31"
"19,8 : 654.65"
"19,9 : 406.42"
"19,10 : 947.86"
"19,11 : 533.91"
"19,12 : 988.55"
"19,13 : 303.92"
"19,14 : 346.09"
"19,15 : 308.46"
"19,16 : 325.35"
"19,17 : 796.95"
"19,18 : 395.05"
"19,19 : 0.0"
"19,20 : 180.35"
"19,21 : 552.99"
"19,22 : 104.68"
"19,23 : 639.53"
"19,24 : 90.25"
"19,25 : 782.06"
"19,26 : 202.53"
"19,27 : 464.0"
"19,28 : 418.07"
"19,29 : 349.91"
"19,30 : 226.77"
"19,31 : 404.4"
"19,32 : 917.47"
"19,33 : 668.81"
"19,34 : 1050.1"
"19,35 : 878.18"
"19,36 : 1021.6"
"19,37 : 959.3"
"19,38 : 665.41"
"19,39 : 971.44"
"19,40 : 962.21"
"19,41 : 255.7"
"19,42 : 25.0"
"19,43 : 614.69"
"19,44 : 904.0"
"19,45 : 614.12"
"19,46 : 811.53"
"19,47 : 567.27"
"19,48 : 937.33"
"19,49 : 612.84"
"20,0 : 729.25"
"20,1 : 636.0"
"20,2 : 571.74"
"20,3 : 397.22"
"20,4 : 420.9"
"20,5 : 169.64"
"20,6 : 564.98"
"20,7 : 234.06"
"20,8 : 555.95"
"20,9 : 275.38"
"20,10 : 802.75"
"20,11 : 386.02"
"20,12 : 819.49"
"20,13 : 367.76"
"20,14 : 405.79"
"20,15 : 338.05"
"20,16 : 145.0"
"20,17 : 637.67"
"20,18 : 302.32"
"20,19 : 180.35"
"20,20 : 0.0"
"20,21 : 450.61"
"20,22 : 96.14"
"20,23 : 552.47"
"20,24 : 109.77"
"20,25 : 686.23"
"20,26 : 109.88"
"20,27 : 498.62"
"20,28 : 266.61"
"20,29 : 425.57"
"20,30 : 353.06"
"20,31 : 232.56"
"20,32 : 770.58"
"20,33 : 491.47"
"20,34 : 872.81"
"20,35 : 710.96"
"20,36 : 942.25"
"20,37 : 893.3"
"20,38 : 488.44"
"20,39 : 817.23"
"20,40 : 838.6"
"20,41 : 318.52"
"20,42 : 170.21"
"20,43 : 455.27"
"20,44 : 725.28"
"20,45 : 538.93"
"20,46 : 631.81"
"20,47 : 529.79"
"20,48 : 763.85"
"20,49 : 496.76"
"21,0 : 566.2"
"21,1 : 213.56"
"21,2 : 175.41"
"21,3 : 166.71"
"21,4 : 230.67"
"21,5 : 568.33"
"21,6 : 242.0"
"21,7 : 397.94"
"21,8 : 105.34"
"21,9 : 633.34"
"21,10 : 433.78"
"21,11 : 670.88"
"21,12 : 570.2"
"21,13 : 416.89"
"21,14 : 413.96"
"21,15 : 352.44"
"21,16 : 408.72"
"21,17 : 356.14"
"21,18 : 703.24"
"21,19 : 552.99"
"21,20 : 450.61"
"21,21 : 0.0"
"21,22 : 457.93"
"21,23 : 109.6"
"21,24 : 468.48"
"21,25 : 235.64"
"21,26 : 554.91"
"21,27 : 381.62"
"21,28 : 585.66"
"21,29 : 452.09"
"21,30 : 531.02"
"21,31 : 314.22"
"21,32 : 410.56"
"21,33 : 585.03"
"21,34 : 699.45"
"21,35 : 465.24"
"21,36 : 494.1"
"21,37 : 454.81"
"21,38 : 587.8"
"21,39 : 483.02"
"21,40 : 413.41"
"21,41 : 413.39"
"21,42 : 561.9"
"21,43 : 679.48"
"21,44 : 601.52"
"21,45 : 119.77"
"21,46 : 637.08"
"21,47 : 210.46"
"21,48 : 561.41"
"21,49 : 828.51"
"22,0 : 804.49"
"22,1 : 621.34"
"22,2 : 552.9"
"22,3 : 370.0"
"22,4 : 378.57"
"22,5 : 254.5"
"22,6 : 529.74"
"22,7 : 154.03"
"22,8 : 561.53"
"22,9 : 363.2"
"22,10 : 844.37"
"22,11 : 479.64"
"22,12 : 884.61"
"22,13 : 286.5"
"22,14 : 326.9"
"22,15 : 268.4"
"22,16 : 234.47"
"22,17 : 692.28"
"22,18 : 375.96"
"22,19 : 104.68"
"22,20 : 96.14"
"22,21 : 457.93"
"22,22 : 0.0"
"22,23 : 550.18"
"22,24 : 15.62"
"22,25 : 690.61"
"22,26 : 171.09"
"22,27 : 430.98"
"22,28 : 360.35"
"22,29 : 341.99"
"22,30 : 257.78"
"22,31 : 302.63"
"22,32 : 813.71"
"22,33 : 584.83"
"22,34 : 949.53"
"22,35 : 774.0"
"22,36 : 937.03"
"22,37 : 879.8"
"22,38 : 582.07"
"22,39 : 866.97"
"22,40 : 863.11"
"22,41 : 235.94"
"22,42 : 106.47"
"22,43 : 551.05"
"22,44 : 805.13"
"22,45 : 528.86"
"22,46 : 721.91"
"22,47 : 497.29"
"22,48 : 834.68"
"22,49 : 581.87"
"23,0 : 617.62"
"23,1 : 108.63"
"23,2 : 97.08"
"23,3 : 207.33"
"23,4 : 252.37"
"23,5 : 676.47"
"23,6 : 192.08"
"23,7 : 469.01"
"23,8 : 46.07"
"23,9 : 742.9"
"23,10 : 416.59"
"23,11 : 779.22"
"23,12 : 595.25"
"23,13 : 459.2"
"23,14 : 446.43"
"23,15 : 400.13"
"23,16 : 517.93"
"23,17 : 390.86"
"23,18 : 812.11"
"23,19 : 639.53"
"23,20 : 552.47"
"23,21 : 109.6"
"23,22 : 550.18"
"23,23 : 0.0"
"23,24 : 559.29"
"23,25 : 144.01"
"23,26 : 658.89"
"23,27 : 383.64"
"23,28 : 695.22"
"23,29 : 482.69"
"23,30 : 585.43"
"23,31 : 423.53"
"23,32 : 400.78"
"23,33 : 681.56"
"23,34 : 740.3"
"23,35 : 500.14"
"23,36 : 389.8"
"23,37 : 345.83"
"23,38 : 684.85"
"23,39 : 480.14"
"23,40 : 356.54"
"23,41 : 467.08"
"23,42 : 650.94"
"23,43 : 784.67"
"23,44 : 660.44"
"23,45 : 47.38"
"23,46 : 719.4"
"23,47 : 174.23"
"23,48 : 602.12"
"23,49 : 937.49"
"24,0 : 820.05"
"24,1 : 628.58"
"24,2 : 559.66"
"24,3 : 376.12"
"24,4 : 382.02"
"24,5 : 264.03"
"24,6 : 533.9"
"24,7 : 150.46"
"24,8 : 571.62"
"24,9 : 373.0"
"24,10 : 857.93"
"24,11 : 491.16"
"24,12 : 899.8"
"24,13 : 281.15"
"24,14 : 322.09"
"24,15 : 266.58"
"24,16 : 249.61"
"24,17 : 706.91"
"24,18 : 382.48"
"24,19 : 90.25"
"24,20 : 109.77"
"24,21 : 468.48"
"24,22 : 15.62"
"24,23 : 559.29"
"24,24 : 0.0"
"24,25 : 700.33"
"24,26 : 177.56"
"24,27 : 428.82"
"24,28 : 372.03"
"24,29 : 335.63"
"24,30 : 246.09"
"24,31 : 318.19"
"24,32 : 827.42"
"24,33 : 599.64"
"24,34 : 965.12"
"24,35 : 789.11"
"24,36 : 945.21"
"24,37 : 886.86"
"24,38 : 596.82"
"24,39 : 881.19"
"24,40 : 875.01"
"24,41 : 230.46"
"24,42 : 94.0"
"24,43 : 563.77"
"24,44 : 820.75"
"24,45 : 536.96"
"24,46 : 737.17"
"24,47 : 502.02"
"24,48 : 850.12"
"24,49 : 590.57"
"25,0 : 606.19"
"25,1 : 143.59"
"25,2 : 196.79"
"25,3 : 350.2"
"25,4 : 389.54"
"25,5 : 798.42"
"25,6 : 292.88"
"25,7 : 613.02"
"25,8 : 130.3"
"25,9 : 855.01"
"25,10 : 329.77"
"25,11 : 875.41"
"25,12 : 549.05"
"25,13 : 598.42"
"25,14 : 582.41"
"25,15 : 541.4"
"25,16 : 635.68"
"25,17 : 373.59"
"25,18 : 930.3"
"25,19 : 782.06"
"25,20 : 686.23"
"25,21 : 235.64"
"25,22 : 690.61"
"25,23 : 144.01"
"25,24 : 700.33"
"25,25 : 0.0"
"25,26 : 789.94"
"25,27 : 506.25"
"25,28 : 803.05"
"25,29 : 617.37"
"25,30 : 727.07"
"25,31 : 531.6"
"25,32 : 324.62"
"25,33 : 743.59"
"25,34 : 709.26"
"25,35 : 472.77"
"25,36 : 264.2"
"25,37 : 246.13"
"25,38 : 747.96"
"25,39 : 405.74"
"25,40 : 229.71"
"25,41 : 609.14"
"25,42 : 792.75"
"25,43 : 867.71"
"25,44 : 658.06"
"25,45 : 179.87"
"25,46 : 752.65"
"25,47 : 289.8"
"25,48 : 576.46"
"25,49 : 1036.7"
"26,0 : 771.46"
"26,1 : 744.71"
"26,2 : 681.11"
"26,3 : 507.08"
"26,4 : 529.44"
"26,5 : 97.86"
"26,6 : 674.63"
"26,7 : 324.67"
"26,8 : 659.98"
"26,9 : 203.96"
"26,10 : 884.2"
"26,11 : 332.1"
"26,12 : 875.93"
"26,13 : 457.59"
"26,14 : 497.85"
"26,15 : 436.5"
"26,16 : 190.07"
"26,17 : 708.89"
"26,18 : 204.97"
"26,19 : 202.53"
"26,20 : 109.88"
"26,21 : 554.91"
"26,22 : 171.09"
"26,23 : 658.89"
"26,24 : 177.56"
"26,25 : 789.94"
"26,26 : 0.0"
"26,27 : 598.85"
"26,28 : 218.72"
"26,29 : 512.91"
"26,30 : 417.08"
"26,31 : 301.13"
"26,32 : 851.05"
"26,33 : 490.25"
"26,34 : 910.65"
"26,35 : 771.42"
"26,36 : 1048.27"
"26,37 : 1001.39"
"26,38 : 485.87"
"26,39 : 891.23"
"26,40 : 931.96"
"26,41 : 407.03"
"26,42 : 181.23"
"26,43 : 415.91"
"26,44 : 758.97"
"26,45 : 647.13"
"26,46 : 640.84"
"26,47 : 639.58"
"26,48 : 812.76"
"26,49 : 415.27"
"27,0 : 938.95"
"27,1 : 371.65"
"27,2 : 309.51"
"27,3 : 221.47"
"27,4 : 153.56"
"27,5 : 667.49"
"27,6 : 218.96"
"27,7 : 278.79"
"27,8 : 425.26"
"27,9 : 769.14"
"27,10 : 798.45"
"27,11 : 861.37"
"27,12 : 951.8"
"27,13 : 163.6"
"27,14 : 123.82"
"27,15 : 162.61"
"27,16 : 567.4"
"27,17 : 737.49"
"27,18 : 800.4"
"27,19 : 464.0"
"27,20 : 498.62"
"27,21 : 381.62"
"27,22 : 430.98"
"27,23 : 383.64"
"27,24 : 428.82"
"27,25 : 506.25"
"27,26 : 598.85"
"27,27 : 0.0"
"27,28 : 747.07"
"27,29 : 140.52"
"27,30 : 289.28"
"27,31 : 542.72"
"27,32 : 780.17"
"27,33 : 873.05"
"27,34 : 1076.86"
"27,35 : 846.04"
"27,36 : 668.17"
"27,37 : 584.19"
"27,38 : 873.4"
"27,39 : 857.13"
"27,40 : 734.1"
"27,41 : 208.63"
"27,42 : 486.34"
"27,43 : 907.99"
"27,44 : 967.47"
"27,45 : 337.04"
"27,46 : 965.86"
"27,47 : 216.45"
"27,48 : 939.91"
"27,49 : 990.78"
"28,0 : 619.62"
"28,1 : 796.8"
"28,2 : 745.02"
"28,3 : 599.79"
"28,4 : 642.38"
"28,5 : 121.79"
"28,6 : 766.91"
"28,7 : 498.17"
"28,8 : 681.62"
"28,9 : 61.29"
"28,10 : 811.45"
"28,11 : 119.42"
"28,12 : 745.73"
"28,13 : 630.33"
"28,14 : 666.28"
"28,15 : 593.02"
"28,16 : 187.42"
"28,17 : 618.81"
"28,18 : 154.05"
"28,19 : 418.07"
"28,20 : 266.61"
"28,21 : 585.66"
"28,22 : 360.35"
"28,23 : 695.22"
"28,24 : 372.03"
"28,25 : 803.05"
"28,26 : 218.72"
"28,27 : 747.07"
"28,28 : 0.0"
"28,29 : 688.99"
"28,30 : 618.04"
"28,31 : 272.44"
"28,32 : 776.99"
"28,33 : 292.75"
"28,34 : 747.26"
"28,35 : 653.74"
"28,36 : 1067.15"
"28,37 : 1038.5"
"28,38 : 287.14"
"28,39 : 798.81"
"28,40 : 894.56"
"28,41 : 582.42"
"28,42 : 398.39"
"28,43 : 197.23"
"28,44 : 594.04"
"28,45 : 698.45"
"28,46 : 447.89"
"28,47 : 729.46"
"28,48 : 670.87"
"28,49 : 249.59"
"29,0 : 977.32"
"29,1 : 492.57"
"29,2 : 424.76"
"29,3 : 286.24"
"29,4 : 230.49"
"29,5 : 593.83"
"29,6 : 345.77"
"29,7 : 191.51"
"29,8 : 518.79"
"29,9 : 700.89"
"29,10 : 884.39"
"29,11 : 807.45"
"29,12 : 1010.5"
"29,13 : 59.14"
"29,14 : 38.29"
"29,15 : 115.41"
"29,16 : 524.39"
"29,17 : 796.23"
"29,18 : 717.88"
"29,19 : 349.91"
"29,20 : 425.57"
"29,21 : 452.09"
"29,22 : 341.99"
"29,23 : 482.69"
"29,24 : 335.63"
"29,25 : 617.37"
"29,26 : 512.91"
"29,27 : 140.52"
"29,28 : 688.99"
"29,29 : 0.0"
"29,30 : 151.09"
"29,31 : 528.75"
"29,32 : 862.32"
"29,33 : 858.41"
"29,34 : 1120.28"
"29,35 : 900.61"
"29,36 : 800.42"
"29,37 : 719.4"
"29,38 : 857.62"
"29,39 : 935.01"
"29,40 : 839.18"
"29,41 : 107.06"
"29,42 : 374.04"
"29,43 : 866.44"
"29,44 : 997.82"
"29,45 : 439.49"
"29,46 : 969.15"
"29,47 : 333.9"
"29,48 : 987.17"
"29,49 : 921.79"
"30,0 : 1002.7"
"30,1 : 615.07"
"30,2 : 544.3"
"30,3 : 378.34"
"30,4 : 340.48"
"30,5 : 508.77"
"30,6 : 478.06"
"30,7 : 154.94"
"30,8 : 614.83"
"30,9 : 617.83"
"30,10 : 962.17"
"30,11 : 737.23"
"30,12 : 1056.87"
"30,13 : 135.2"
"30,14 : 167.29"
"30,15 : 185.69"
"30,16 : 480.03"
"30,17 : 847.68"
"30,18 : 618.02"
"30,19 : 226.77"
"30,20 : 353.06"
"30,21 : 531.02"
"30,22 : 257.78"
"30,23 : 585.43"
"30,24 : 246.09"
"30,25 : 727.07"
"30,26 : 417.08"
"30,27 : 289.28"
"30,28 : 618.04"
"30,29 : 151.09"
"30,30 : 0.0"
"30,31 : 517.03"
"30,32 : 936.54"
"30,33 : 829.95"
"30,34 : 1148.34"
"30,35 : 944.94"
"30,36 : 931.4"
"30,37 : 854.99"
"30,38 : 827.94"
"30,39 : 1003.28"
"30,40 : 938.22"
"30,41 : 118.6"
"30,42 : 251.75"
"30,43 : 808.3"
"30,44 : 1014.19"
"30,45 : 547.3"
"30,46 : 957.15"
"30,47 : 459.44"
"30,48 : 1021.81"
"30,49 : 832.32"
"31,0 : 501.86"
"31,1 : 526.85"
"31,2 : 479.03"
"31,3 : 355.44"
"31,4 : 410.7"
"31,5 : 277.4"
"31,6 : 513.35"
"31,7 : 364.61"
"31,8 : 409.19"
"31,9 : 323.42"
"31,10 : 583.67"
"31,11 : 358.49"
"31,12 : 586.98"
"31,13 : 471.61"
"31,14 : 496.43"
"31,15 : 415.55"
"31,16 : 114.59"
"31,17 : 408.72"
"31,18 : 401.29"
"31,19 : 404.4"
"31,20 : 232.56"
"31,21 : 314.22"
"31,22 : 302.63"
"31,23 : 423.53"
"31,24 : 318.19"
"31,25 : 531.6"
"31,26 : 301.13"
"31,27 : 542.72"
"31,28 : 272.44"
"31,29 : 528.75"
"31,30 : 517.03"
"31,31 : 0.0"
"31,32 : 550.29"
"31,33 : 331.76"
"31,34 : 647.01"
"31,35 : 478.46"
"31,36 : 795.8"
"31,37 : 766.07"
"31,38 : 331.64"
"31,39 : 590.47"
"31,40 : 641.55"
"31,41 : 435.08"
"31,42 : 398.93"
"31,43 : 379.23"
"31,44 : 504.1"
"31,45 : 429.54"
"31,46 : 442.76"
"31,47 : 475.89"
"31,48 : 533.05"
"31,49 : 514.48"
"32,0 : 336.09"
"32,1 : 459.55"
"32,2 : 491.43"
"32,3 : 576.17"
"32,4 : 636.48"
"32,5 : 821.11"
"32,6 : 590.65"
"32,7 : 793.85"
"32,8 : 356.45"
"32,9 : 837.5"
"32,10 : 34.48"
"32,11 : 807.02"
"32,12 : 236.05"
"32,13 : 827.14"
"32,14 : 824.29"
"32,15 : 762.21"
"32,16 : 664.03"
"32,17 : 162.34"
"32,18 : 927.4"
"32,19 : 917.47"
"32,20 : 770.58"
"32,21 : 410.56"
"32,22 : 813.71"
"32,23 : 400.78"
"32,24 : 827.42"
"32,25 : 324.62"
"32,26 : 851.05"
"32,27 : 780.17"
"32,28 : 776.99"
"32,29 : 862.32"
"32,30 : 936.54"
"32,31 : 550.29"
"32,32 : 0.0"
"32,33 : 602.55"
"32,34 : 404.12"
"32,35 : 197.47"
"32,36 : 467.17"
"32,37 : 509.04"
"32,38 : 608.87"
"32,39 : 81.41"
"32,40 : 179.78"
"32,41 : 820.75"
"32,42 : 919.74"
"32,43 : 764.18"
"32,44 : 397.13"
"32,45 : 448.14"
"32,46 : 547.53"
"32,47 : 575.01"
"32,48 : 287.25"
"32,49 : 964.23"
"33,0 : 357.14"
"33,1 : 790.12"
"33,2 : 760.43"
"33,3 : 674.33"
"33,4 : 735.06"
"33,5 : 403.81"
"33,6 : 816.78"
"33,7 : 684.58"
"33,8 : 650.7"
"33,9 : 344.94"
"33,10 : 635.42"
"33,11 : 247.07"
"33,12 : 501.0"
"33,13 : 800.42"
"33,14 : 827.12"
"33,15 : 746.46"
"33,16 : 351.32"
"33,17 : 442.48"
"33,18 : 432.6"
"33,19 : 668.81"
"33,20 : 491.47"
"33,21 : 585.03"
"33,22 : 584.83"
"33,23 : 681.56"
"33,24 : 599.64"
"33,25 : 743.59"
"33,26 : 490.25"
"33,27 : 873.05"
"33,28 : 292.75"
"33,29 : 858.41"
"33,30 : 829.95"
"33,31 : 331.76"
"33,32 : 602.55"
"33,33 : 0.0"
"33,34 : 467.61"
"33,35 : 433.06"
"33,36 : 991.96"
"33,37 : 989.6"
"33,38 : 7.07"
"33,39 : 597.96"
"33,40 : 757.98"
"33,41 : 760.88"
"33,42 : 654.22"
"33,43 : 172.59"
"33,44 : 318.19"
"33,45 : 703.97"
"33,46 : 155.19"
"33,47 : 780.79"
"33,48 : 416.92"
"33,49 : 380.3"
"34,0 : 145.91"
"34,1 : 826.08"
"34,2 : 837.38"
"34,3 : 855.61"
"34,4 : 923.35"
"34,5 : 841.45"
"34,6 : 928.69"
"34,7 : 993.51"
"34,8 : 694.76"
"34,9 : 804.73"
"34,10 : 417.78"
"34,11 : 714.61"
"34,12 : 168.86"
"34,13 : 1071.58"
"34,14 : 1082.81"
"34,15 : 1006.7"
"34,16 : 731.19"
"34,17 : 349.46"
"34,18 : 895.71"
"34,19 : 1050.1"
"34,20 : 872.81"
"34,21 : 699.45"
"34,22 : 949.53"
"34,23 : 740.3"
"34,24 : 965.12"
"34,25 : 709.26"
"34,26 : 910.65"
"34,27 : 1076.86"
"34,28 : 747.26"
"34,29 : 1120.28"
"34,30 : 1148.34"
"34,31 : 647.01"
"34,32 : 404.12"
"34,33 : 467.61"
"34,34 : 0.0"
"34,35 : 240.52"
"34,36 : 869.9"
"34,37 : 912.71"
"34,38 : 474.44"
"34,39 : 337.91"
"34,40 : 578.69"
"34,41 : 1048.2"
"34,42 : 1042.65"
"34,43 : 633.42"
"34,44 : 153.38"
"34,45 : 783.37"
"34,46 : 326.26"
"34,47 : 903.26"
"34,48 : 138.54"
"34,49 : 836.26"
"35,0 : 140.43"
"35,1 : 585.83"
"35,2 : 597.2"
"35,3 : 626.4"
"35,4 : 693.31"
"35,5 : 721.6"
"35,6 : 689.49"
"35,7 : 792.27"
"35,8 : 454.47"
"35,9 : 714.96"
"35,10 : 223.66"
"35,11 : 660.26"
"35,12 : 112.07"
"35,13 : 855.66"
"35,14 : 862.55"
"35,15 : 789.85"
"35,16 : 581.88"
"35,17 : 110.02"
"35,18 : 807.76"
"35,19 : 878.18"
"35,20 : 710.96"
"35,21 : 465.24"
"35,22 : 774.0"
"35,23 : 500.14"
"35,24 : 789.11"
"35,25 : 472.77"
"35,26 : 771.42"
"35,27 : 846.04"
"35,28 : 653.74"
"35,29 : 900.61"
"35,30 : 944.94"
"35,31 : 478.46"
"35,32 : 197.47"
"35,33 : 433.06"
"35,34 : 240.52"
"35,35 : 0.0"
"35,36 : 657.28"
"35,37 : 688.75"
"35,38 : 439.88"
"35,39 : 168.0"
"35,40 : 376.19"
"35,41 : 837.71"
"35,42 : 875.08"
"35,43 : 603.01"
"35,44 : 200.24"
"35,45 : 543.72"
"35,46 : 355.83"
"35,47 : 665.11"
"35,48 : 103.95"
"35,49 : 809.24"
"36,0 : 797.68"
"36,1 : 320.66"
"36,2 : 392.12"
"36,3 : 574.89"
"36,4 : 594.02"
"36,5 : 1061.17"
"36,6 : 455.01"
"36,7 : 840.16"
"36,8 : 390.33"
"36,9 : 1119.21"
"36,10 : 452.24"
"36,11 : 1137.49"
"36,12 : 701.06"
"36,13 : 796.68"
"36,14 : 771.0"
"36,15 : 749.86"
"36,16 : 899.18"
"36,17 : 580.39"
"36,18 : 1194.0"
"36,19 : 1021.6"
"36,20 : 942.25"
"36,21 : 494.1"
"36,22 : 937.03"
"36,23 : 389.8"
"36,24 : 945.21"
"36,25 : 264.2"
"36,26 : 1048.27"
"36,27 : 668.17"
"36,28 : 1067.15"
"36,29 : 800.42"
"36,30 : 931.4"
"36,31 : 795.8"
"36,32 : 467.17"
"36,33 : 991.96"
"36,34 : 869.9"
"36,35 : 657.28"
"36,36 : 0.0"
"36,37 : 95.19"
"36,38 : 996.88"
"36,39 : 533.26"
"36,40 : 291.91"
"36,41 : 818.92"
"36,42 : 1034.93"
"36,43 : 1125.35"
"36,44 : 856.38"
"36,45 : 408.26"
"36,46 : 980.75"
"36,47 : 472.02"
"36,48 : 753.43"
"36,49 : 1299.19"
"37,0 : 827.8"
"37,1 : 258.57"
"37,2 : 327.39"
"37,3 : 511.7"
"37,4 : 522.73"
"37,5 : 1022.21"
"37,6 : 376.94"
"37,7 : 773.2"
"37,8 : 357.09"
"37,9 : 1087.66"
"37,10 : 499.73"
"37,11 : 1116.73"
"37,12 : 745.08"
"37,13 : 719.8"
"37,14 : 691.74"
"37,15 : 676.83"
"37,16 : 863.53"
"37,17 : 601.27"
"37,18 : 1157.91"
"37,19 : 959.3"
"37,20 : 893.3"
"37,21 : 454.81"
"37,22 : 879.8"
"37,23 : 345.83"
"37,24 : 886.86"
"37,25 : 246.13"
"37,26 : 1001.39"
"37,27 : 584.19"
"37,28 : 1038.5"
"37,29 : 719.4"
"37,30 : 854.99"
"37,31 : 766.07"
"37,32 : 509.04"
"37,33 : 989.6"
"37,34 : 912.71"
"37,35 : 688.75"
"37,36 : 95.19"
"37,37 : 0.0"
"37,38 : 994.02"
"37,39 : 581.88"
"37,40 : 345.9"
"37,41 : 745.42"
"37,42 : 974.14"
"37,43 : 1112.6"
"37,44 : 883.94"
"37,45 : 354.37"
"37,46 : 993.31"
"37,47 : 398.32"
"37,48 : 789.04"
"37,49 : 1277.06"
"38,0 : 364.2"
"38,1 : 793.44"
"38,2 : 763.22"
"38,3 : 675.58"
"38,4 : 736.0"
"38,5 : 398.89"
"38,6 : 818.87"
"38,7 : 683.06"
"38,8 : 654.31"
"38,9 : 338.92"
"38,10 : 641.79"
"38,11 : 240.2"
"38,12 : 508.05"
"38,13 : 799.53"
"38,14 : 826.51"
"38,15 : 745.93"
"38,16 : 348.89"
"38,17 : 448.63"
"38,18 : 426.3"
"38,19 : 665.41"
"38,20 : 488.44"
"38,21 : 587.8"
"38,22 : 582.07"
"38,23 : 684.85"
"38,24 : 596.82"
"38,25 : 747.96"
"38,26 : 485.87"
"38,27 : 873.4"
"38,28 : 287.14"
"38,29 : 857.62"
"38,30 : 827.94"
"38,31 : 331.64"
"38,32 : 608.87"
"38,33 : 7.07"
"38,34 : 474.44"
"38,35 : 439.88"
"38,36 : 996.88"
"38,37 : 994.02"
"38,38 : 0.0"
"38,39 : 604.65"
"38,40 : 763.82"
"38,41 : 759.71"
"38,42 : 650.63"
"38,43 : 165.53"
"38,44 : 325.15"
"38,45 : 706.88"
"38,46 : 161.01"
"38,47 : 782.79"
"38,48 : 423.99"
"38,49 : 373.24"
"39,0 : 293.4"
"39,1 : 540.92"
"39,2 : 571.85"
"39,3 : 649.56"
"39,4 : 711.42"
"39,5 : 853.46"
"39,6 : 670.81"
"39,7 : 857.5"
"39,8 : 435.28"
"39,9 : 859.98"
"39,10 : 82.15"
"39,11 : 817.18"
"39,12 : 169.54"
"39,13 : 897.78"
"39,14 : 896.83"
"39,15 : 832.37"
"39,16 : 701.87"
"39,17 : 183.0"
"39,18 : 951.62"
"39,19 : 971.44"
"39,20 : 817.23"
"39,21 : 483.02"
"39,22 : 866.97"
"39,23 : 480.14"
"39,24 : 881.19"
"39,25 : 405.74"
"39,26 : 891.23"
"39,27 : 857.13"
"39,28 : 798.81"
"39,29 : 935.01"
"39,30 : 1003.28"
"39,31 : 590.47"
"39,32 : 81.41"
"39,33 : 597.96"
"39,34 : 337.91"
"39,35 : 168.0"
"39,36 : 533.26"
"39,37 : 581.88"
"39,38 : 604.65"
"39,39 : 0.0"
"39,40 : 241.4"
"39,41 : 888.91"
"39,42 : 972.08"
"39,43 : 765.68"
"39,44 : 355.6"
"39,45 : 527.39"
"39,46 : 523.04"
"39,47 : 654.28"
"39,48 : 236.33"
"39,49 : 970.11"
"40,0 : 515.64"
"40,1 : 372.32"
"40,2 : 425.5"
"40,3 : 560.62"
"40,4 : 608.91"
"40,5 : 918.95"
"40,6 : 522.55"
"40,7 : 811.01"
"40,8 : 323.48"
"40,9 : 952.76"
"40,10 : 161.01"
"40,11 : 941.55"
"40,12 : 409.85"
"40,13 : 814.92"
"40,14 : 802.97"
"40,15 : 754.29"
"40,16 : 755.35"
"40,17 : 319.0"
"40,18 : 1038.1"
"40,19 : 962.21"
"40,20 : 838.6"
"40,21 : 413.41"
"40,22 : 863.11"
"40,23 : 356.54"
"40,24 : 875.01"
"40,25 : 229.71"
"40,26 : 931.96"
"40,27 : 734.1"
"40,28 : 894.56"
"40,29 : 839.18"
"40,30 : 938.22"
"40,31 : 641.55"
"40,32 : 179.78"
"40,33 : 757.98"
"40,34 : 578.69"
"40,35 : 376.19"
"40,36 : 291.91"
"40,37 : 345.9"
"40,38 : 763.82"
"40,39 : 241.4"
"40,40 : 0.0"
"40,41 : 819.62"
"40,42 : 969.01"
"40,43 : 910.4"
"40,44 : 576.35"
"40,45 : 400.15"
"40,46 : 719.34"
"40,47 : 517.98"
"40,48 : 466.75"
"40,49 : 1102.44"
"41,0 : 903.41"
"41,1 : 500.4"
"41,2 : 429.14"
"41,3 : 259.86"
"41,4 : 225.27"
"41,5 : 486.84"
"41,6 : 369.44"
"41,7 : 84.48"
"41,8 : 496.23"
"41,9 : 593.83"
"41,10 : 845.74"
"41,11 : 701.1"
"41,12 : 949.19"
"41,13 : 50.7"
"41,14 : 92.18"
"41,15 : 69.12"
"41,16 : 421.05"
"41,17 : 737.69"
"41,18 : 611.86"
"41,19 : 255.7"
"41,20 : 318.52"
"41,21 : 413.39"
"41,22 : 235.94"
"41,23 : 467.08"
"41,24 : 230.46"
"41,25 : 609.14"
"41,26 : 407.03"
"41,27 : 208.63"
"41,28 : 582.42"
"41,29 : 107.06"
"41,30 : 118.6"
"41,31 : 435.08"
"41,32 : 820.75"
"41,33 : 760.88"
"41,34 : 1048.2"
"41,35 : 837.71"
"41,36 : 818.92"
"41,37 : 745.42"
"41,38 : 759.71"
"41,39 : 888.91"
"41,40 : 819.62"
"41,41 : 0.0"
"41,42 : 278.49"
"41,43 : 761.78"
"41,44 : 919.2"
"41,45 : 429.58"
"41,46 : 877.73"
"41,47 : 347.47"
"41,48 : 918.55"
"41,49 : 814.77"
"42,0 : 898.7"
"42,1 : 716.63"
"42,2 : 646.77"
"42,3 : 462.44"
"42,4 : 461.17"
"42,5 : 278.92"
"42,6 : 614.14"
"42,7 : 213.04"
"42,8 : 664.54"
"42,9 : 384.66"
"42,10 : 950.56"
"42,11 : 513.25"
"42,12 : 984.89"
"42,13 : 327.2"
"42,14 : 369.4"
"42,15 : 329.36"
"42,16 : 314.59"
"42,17 : 796.1"
"42,18 : 371.0"
"42,19 : 25.0"
"42,20 : 170.21"
"42,21 : 561.9"
"42,22 : 106.47"
"42,23 : 650.94"
"42,24 : 94.0"
"42,25 : 792.75"
"42,26 : 181.23"
"42,27 : 486.34"
"42,28 : 398.39"
"42,29 : 374.04"
"42,30 : 251.75"
"42,31 : 398.93"
"42,32 : 919.74"
"42,33 : 654.22"
"42,34 : 1042.65"
"42,35 : 875.08"
"42,36 : 1034.93"
"42,37 : 974.14"
"42,38 : 650.63"
"42,39 : 972.08"
"42,40 : 969.01"
"42,41 : 278.49"
"42,42 : 0.0"
"42,43 : 595.4"
"42,44 : 895.46"
"42,45 : 626.93"
"42,46 : 798.62"
"42,47 : 584.07"
"42,48 : 931.88"
"42,49 : 589.29"
"43,0 : 529.2"
"43,1 : 892.23"
"43,2 : 851.7"
"43,3 : 734.02"
"43,4 : 786.45"
"43,5 : 318.6"
"43,6 : 892.18"
"43,7 : 679.04"
"43,8 : 760.81"
"43,9 : 226.15"
"43,10 : 797.82"
"43,11 : 96.4"
"43,12 : 673.57"
"43,13 : 807.31"
"43,14 : 840.26"
"43,15 : 763.01"
"43,16 : 343.0"
"43,17 : 602.14"
"43,18 : 296.66"
"43,19 : 614.69"
"43,20 : 455.27"
"43,21 : 679.48"
"43,22 : 551.05"
"43,23 : 784.67"
"43,24 : 563.77"
"43,25 : 867.71"
"43,26 : 415.91"
"43,27 : 907.99"
"43,28 : 197.23"
"43,29 : 866.44"
"43,30 : 808.3"
"43,31 : 379.23"
"43,32 : 764.18"
"43,33 : 172.59"
"43,34 : 633.42"
"43,35 : 603.01"
"43,36 : 1125.35"
"43,37 : 1112.6"
"43,38 : 165.53"
"43,39 : 765.68"
"43,40 : 910.4"
"43,41 : 761.78"
"43,42 : 595.4"
"43,43 : 0.0"
"43,44 : 487.59"
"43,45 : 798.74"
"43,46 : 309.1"
"43,47 : 854.81"
"43,48 : 589.43"
"43,49 : 207.71"
"44,0 : 62.2"
"44,1 : 756.79"
"44,2 : 756.07"
"44,3 : 746.62"
"44,4 : 814.52"
"44,5 : 688.37"
"44,6 : 840.23"
"44,7 : 859.37"
"44,8 : 617.1"
"44,9 : 651.79"
"44,10 : 421.47"
"44,11 : 565.02"
"44,12 : 208.9"
"44,13 : 946.37"
"44,14 : 961.21"
"44,15 : 882.84"
"44,16 : 582.18"
"44,17 : 284.69"
"44,18 : 743.09"
"44,19 : 904.0"
"44,20 : 725.28"
"44,21 : 601.52"
"44,22 : 805.13"
"44,23 : 660.44"
"44,24 : 820.75"
"44,25 : 658.06"
"44,26 : 758.97"
"44,27 : 967.47"
"44,28 : 594.04"
"44,29 : 997.82"
"44,30 : 1014.19"
"44,31 : 504.1"
"44,32 : 397.13"
"44,33 : 318.19"
"44,34 : 153.38"
"44,35 : 200.24"
"44,36 : 856.38"
"44,37 : 883.94"
"44,38 : 325.15"
"44,39 : 355.6"
"44,40 : 576.35"
"44,41 : 919.2"
"44,42 : 895.46"
"44,43 : 487.59"
"44,44 : 0.0"
"44,45 : 699.26"
"44,46 : 189.74"
"44,47 : 811.12"
"44,48 : 123.33"
"44,49 : 693.34"
"45,0 : 658.25"
"45,1 : 99.09"
"45,2 : 58.03"
"45,3 : 172.03"
"45,4 : 210.16"
"45,5 : 671.43"
"45,6 : 146.25"
"45,7 : 437.57"
"45,8 : 92.42"
"45,9 : 743.49"
"45,10 : 463.94"
"45,11 : 787.68"
"45,12 : 640.5"
"45,13 : 418.69"
"45,14 : 403.82"
"45,15 : 361.61"
"45,16 : 516.92"
"45,17 : 434.01"
"45,18 : 808.78"
"45,19 : 614.12"
"45,20 : 538.93"
"45,21 : 119.77"
"45,22 : 528.86"
"45,23 : 47.38"
"45,24 : 536.96"
"45,25 : 179.87"
"45,26 : 647.13"
"45,27 : 337.04"
"45,28 : 698.45"
"45,29 : 439.49"
"45,30 : 547.3"
"45,31 : 429.54"
"45,32 : 448.14"
"45,33 : 703.97"
"45,34 : 783.37"
"45,35 : 543.72"
"45,36 : 408.26"
"45,37 : 354.37"
"45,38 : 706.88"
"45,39 : 527.39"
"45,40 : 400.15"
"45,41 : 429.58"
"45,42 : 626.93"
"45,43 : 798.74"
"45,44 : 699.26"
"45,45 : 0.0"
"45,46 : 750.02"
"45,47 : 126.91"
"45,48 : 644.96"
"45,49 : 943.8"
"46,0 : 243.29"
"46,1 : 824.99"
"46,2 : 808.01"
"46,3 : 754.13"
"46,4 : 819.3"
"46,5 : 557.26"
"46,6 : 878.08"
"46,7 : 806.65"
"46,8 : 681.77"
"46,9 : 499.87"
"46,10 : 576.89"
"46,11 : 395.34"
"46,12 : 394.46"
"46,13 : 913.0"
"46,14 : 935.39"
"46,15 : 854.52"
"46,16 : 487.74"
"46,17 : 402.7"
"46,18 : 586.5"
"46,19 : 811.53"
"46,20 : 631.81"
"46,21 : 637.08"
"46,22 : 721.91"
"46,23 : 719.4"
"46,24 : 737.17"
"46,25 : 752.65"
"46,26 : 640.84"
"46,27 : 965.86"
"46,28 : 447.89"
"46,29 : 969.15"
"46,30 : 957.15"
"46,31 : 442.76"
"46,32 : 547.53"
"46,33 : 155.19"
"46,34 : 326.26"
"46,35 : 355.83"
"46,36 : 980.75"
"46,37 : 993.31"
"46,38 : 161.01"
"46,39 : 523.04"
"46,40 : 719.34"
"46,41 : 877.73"
"46,42 : 798.62"
"46,43 : 309.1"
"46,44 : 189.74"
"46,45 : 750.02"
"46,46 : 0.0"
"46,47 : 844.46"
"46,48 : 307.26"
"46,49 : 510.06"
"47,0 : 773.81"
"47,1 : 158.67"
"47,2 : 93.11"
"47,3 : 133.12"
"47,4 : 124.92"
"47,5 : 681.58"
"47,6 : 37.58"
"47,7 : 377.22"
"47,8 : 219.11"
"47,9 : 766.88"
"47,10 : 590.43"
"47,11 : 830.2"
"47,12 : 764.55"
"47,13 : 325.01"
"47,14 : 301.7"
"47,15 : 278.66"
"47,16 : 542.28"
"47,17 : 555.09"
"47,18 : 820.75"
"47,19 : 567.27"
"47,20 : 529.79"
"47,21 : 210.46"
"47,22 : 497.29"
"47,23 : 174.23"
"47,24 : 502.02"
"47,25 : 289.8"
"47,26 : 639.58"
"47,27 : 216.45"
"47,28 : 729.46"
"47,29 : 333.9"
"47,30 : 459.44"
"47,31 : 475.89"
"47,32 : 575.01"
"47,33 : 780.79"
"47,34 : 903.26"
"47,35 : 665.11"
"47,36 : 472.02"
"47,37 : 398.32"
"47,38 : 782.79"
"47,39 : 654.28"
"47,40 : 517.98"
"47,41 : 347.47"
"47,42 : 584.07"
"47,43 : 854.81"
"47,44 : 811.12"
"47,45 : 126.91"
"47,46 : 844.46"
"47,47 : 0.0"
"47,48 : 764.73"
"47,49 : 978.89"
"48,0 : 64.01"
"48,1 : 689.42"
"48,2 : 699.2"
"48,3 : 718.97"
"48,4 : 786.53"
"48,5 : 752.63"
"48,6 : 790.19"
"48,7 : 867.53"
"48,8 : 556.7"
"48,9 : 730.99"
"48,10 : 307.7"
"48,11 : 658.68"
"48,12 : 87.21"
"48,13 : 939.83"
"48,14 : 949.43"
