x,y
646,994
803,166
811,644
374,345
174,247
276,958
212,828
755,514
904,266
258,997
479,592
760,604
54,887
522,137
393,227
538,134
103,214
580,84
169,148
61,684
716,567
325,241
568,91
310,417
163,156
252,710
369,428
545,219
948,147
625,299
748,994
635,220
717,649
627,503
159,543
431,666
256,205
508,915
558,530
388,814
317,561
43,885
616,631
286,999
279,138
387,769
241,798
329,517
456,333
80,578

Distanze
"0,0 : 0.0"
"0,1 : 842.75"
"0,2 : 386.94"
"0,3 : 703.69"
"0,4 : 883.62"
"0,5 : 371.75"
"0,6 : 464.66"
"0,7 : 492.22"
"0,8 : 772.37"
"0,9 : 388.01"
"0,10 : 435.31"
"0,11 : 406.32"
"0,12 : 601.59"
"0,13 : 865.92"
"0,14 : 807.65"
"0,15 : 866.75"
"0,16 : 950.39"
"0,17 : 912.39"
"0,18 : 971.21"
"0,19 : 662.06"
"0,20 : 432.7"
"0,21 : 818.57"
"0,22 : 906.36"
"0,23 : 667.7"
"0,24 : 967.23"
"0,25 : 485.69"
"0,26 : 630.15"
"0,27 : 781.55"
"0,28 : 899.23"
"0,29 : 695.32"
"0,30 : 102.0"
"0,31 : 774.08"
"0,32 : 352.23"
"0,33 : 491.37"
"0,34 : 663.75"
"0,35 : 392.18"
"0,36 : 880.13"
"0,37 : 159.01"
"0,38 : 472.27"
"0,39 : 314.59"
"0,40 : 543.81"
"0,41 : 612.77"
"0,42 : 364.24"
"0,43 : 360.03"
"0,44 : 931.36"
"0,45 : 343.08"
"0,46 : 449.93"
"0,47 : 572.73"
"0,48 : 687.77"
"0,49 : 702.43"
"1,0 : 842.75"
"1,1 : 0.0"
"1,2 : 478.07"
"1,3 : 464.85"
"1,4 : 634.19"
"1,5 : 951.31"
"1,6 : 887.43"
"1,7 : 351.29"
"1,8 : 142.13"
"1,9 : 993.77"
"1,10 : 535.21"
"1,11 : 440.11"
"1,12 : 1039.64"
"1,13 : 282.49"
"1,14 : 414.51"
"1,15 : 266.93"
"1,16 : 701.64"
"1,17 : 237.6"
"1,18 : 634.26"
"1,19 : 904.92"
"1,20 : 410.33"
"1,21 : 483.85"
"1,22 : 246.68"
"1,23 : 553.22"
"1,24 : 640.08"
"1,25 : 774.3"
"1,26 : 506.95"
"1,27 : 263.39"
"1,28 : 146.24"
"1,29 : 222.2"
"1,30 : 829.82"
"1,31 : 176.47"
"1,32 : 490.6"
"1,33 : 380.19"
"1,34 : 746.23"
"1,35 : 623.2"
"1,36 : 548.39"
"1,37 : 805.0"
"1,38 : 438.77"
"1,39 : 769.5"
"1,40 : 626.28"
"1,41 : 1046.21"
"1,42 : 501.19"
"1,43 : 980.4"
"1,44 : 524.75"
"1,45 : 732.57"
"1,46 : 845.74"
"1,47 : 589.81"
"1,48 : 385.09"
"1,49 : 832.15"
"2,0 : 386.94"
"2,1 : 478.07"
"2,2 : 0.0"
"2,3 : 529.5"
"2,4 : 750.59"
"2,5 : 620.34"
"2,6 : 626.62"
"2,7 : 141.55"
"2,8 : 389.27"
"2,9 : 656.06"
"2,10 : 336.05"
"2,11 : 64.82"
"2,12 : 795.05"
"2,13 : 583.58"
"2,14 : 590.43"
"2,15 : 578.47"
"2,16 : 828.35"
"2,17 : 605.77"
"2,18 : 811.28"
"2,19 : 751.07"
"2,20 : 122.29"
"2,21 : 631.35"
"2,22 : 604.03"
"2,23 : 550.03"
"2,24 : 811.2"
"2,25 : 562.88"
"2,26 : 491.96"
"2,27 : 501.38"
"2,28 : 515.54"
"2,29 : 391.95"
"2,30 : 355.62"
"2,31 : 459.08"
"2,32 : 94.13"
"2,33 : 231.81"
"2,34 : 659.78"
"2,35 : 380.64"
"2,36 : 707.63"
"2,37 : 406.51"
"2,38 : 277.5"
"2,39 : 455.88"
"2,40 : 500.92"
"2,41 : 804.93"
"2,42 : 195.43"
"2,43 : 633.76"
"2,44 : 734.21"
"2,45 : 442.04"
"2,46 : 590.44"
"2,47 : 498.45"
"2,48 : 471.96"
"2,49 : 733.97"
"3,0 : 703.69"
"3,1 : 464.85"
"3,2 : 529.5"
"3,3 : 0.0"
"3,4 : 222.72"
"3,5 : 620.78"
"3,6 : 509.44"
"3,7 : 416.8"
"3,8 : 535.86"
"3,9 : 662.24"
"3,10 : 268.39"
"3,11 : 464.84"
"3,12 : 629.42"
"3,13 : 255.28"
"3,14 : 119.52"
"3,15 : 267.24"
"3,16 : 301.0"
"3,17 : 332.5"
"3,18 : 284.31"
"3,19 : 461.4"
"3,20 : 407.74"
"3,21 : 114.97"
"3,22 : 319.61"
"3,23 : 96.33"
"3,24 : 283.27"
"3,25 : 384.85"
"3,26 : 83.15"
"3,27 : 212.41"
"3,28 : 607.19"
"3,29 : 255.18"
"3,30 : 749.05"
"3,31 : 289.39"
"3,32 : 458.33"
"3,33 : 298.28"
"3,34 : 292.28"
"3,35 : 326.02"
"3,36 : 183.1"
"3,37 : 585.54"
"3,38 : 260.92"
"3,39 : 469.21"
"3,40 : 223.39"
"3,41 : 633.37"
"3,42 : 374.65"
"3,43 : 659.89"
"3,44 : 227.76"
"3,45 : 424.2"
"3,46 : 472.12"
"3,47 : 177.79"
"3,48 : 82.87"
"3,49 : 375.13"
"4,0 : 883.62"
"4,1 : 634.19"
"4,2 : 750.59"
"4,3 : 222.72"
"4,4 : 0.0"
"4,5 : 718.28"
"4,6 : 582.24"
"4,7 : 639.41"
"4,8 : 730.25"
"4,9 : 754.69"
"4,10 : 460.49"
"4,11 : 686.18"
"4,12 : 651.15"
"4,13 : 364.97"
"4,14 : 219.91"
"4,15 : 381.14"
"4,16 : 78.29"
"4,17 : 437.5"
"4,18 : 99.13"
"4,19 : 451.37"
"4,20 : 629.42"
"4,21 : 151.12"
"4,22 : 423.76"
"4,23 : 217.71"
"4,24 : 91.66"
"4,25 : 469.52"
"4,26 : 266.06"
"4,27 : 372.06"
"4,28 : 780.43"
"4,29 : 453.99"
"4,30 : 942.06"
"4,31 : 461.79"
"4,32 : 675.61"
"4,33 : 520.33"
"4,34 : 296.38"
"4,35 : 491.54"
"4,36 : 92.13"
"4,37 : 746.85"
"4,38 : 477.02"
"4,39 : 606.04"
"4,40 : 345.03"
"4,41 : 651.31"
"4,42 : 585.51"
"4,43 : 760.29"
"4,44 : 151.35"
"4,45 : 563.78"
"4,46 : 555.06"
"4,47 : 311.33"
"4,48 : 294.82"
"4,49 : 344.09"
"5,0 : 371.75"
"5,1 : 951.31"
"5,2 : 620.34"
"5,3 : 620.78"
"5,4 : 718.28"
"5,5 : 0.0"
"5,6 : 144.9"
"5,7 : 653.13"
"5,8 : 934.48"
"5,9 : 42.95"
"5,10 : 418.53"
"5,11 : 599.64"
"5,12 : 233.08"
"5,13 : 857.06"
"5,14 : 740.3"
"5,15 : 864.65"
"5,16 : 763.85"
"5,17 : 925.36"
"5,18 : 817.04"
"5,19 : 348.28"
"5,20 : 588.63"
"5,21 : 718.67"
"5,22 : 914.85"
"5,23 : 542.07"
"5,24 : 809.92"
"5,25 : 249.16"
"5,26 : 538.1"
"5,27 : 786.44"
"5,28 : 1053.24"
"5,29 : 745.71"
"5,30 : 473.37"
"5,31 : 820.69"
"5,32 : 538.48"
"5,33 : 574.65"
"5,34 : 431.18"
"5,35 : 330.59"
"5,36 : 753.27"
"5,37 : 235.95"
"5,38 : 512.55"
"5,39 : 182.43"
"5,40 : 399.11"
"5,41 : 244.17"
"5,42 : 471.73"
"5,43 : 42.2"
"5,44 : 820.01"
"5,45 : 219.18"
"5,46 : 163.78"
"5,47 : 444.17"
"5,48 : 650.4"
"5,49 : 427.57"
"6,0 : 464.66"
"6,1 : 887.43"
"6,2 : 626.62"
"6,3 : 509.44"
"6,4 : 582.24"
"6,5 : 144.9"
"6,6 : 0.0"
"6,7 : 627.25"
"6,8 : 891.46"
"6,9 : 175.15"
"6,10 : 356.35"
"6,11 : 592.01"
"6,12 : 168.66"
"6,13 : 757.35"
"6,14 : 627.66"
"6,15 : 766.75"
"6,16 : 623.6"
"6,17 : 830.04"
"6,18 : 681.36"
"6,19 : 208.66"
"6,20 : 567.57"
"6,21 : 597.78"
"6,22 : 818.48"
"6,23 : 422.52"
"6,24 : 673.78"
"6,25 : 124.6"
"6,26 : 429.71"
"6,27 : 694.1"
"6,28 : 1002.72"
"6,29 : 671.13"
"6,30 : 561.12"
"6,31 : 740.67"
"6,32 : 535.79"
"6,33 : 527.11"
"6,34 : 289.89"
"6,35 : 272.41"
"6,36 : 624.55"
"6,37 : 308.52"
"6,38 : 456.64"
"6,39 : 176.56"
"6,40 : 286.9"
"6,41 : 178.35"
"6,42 : 449.47"
"6,43 : 186.32"
"6,44 : 693.25"
"6,45 : 184.68"
"6,46 : 41.73"
"6,47 : 332.28"
"6,48 : 551.87"
"6,49 : 282.71"
"7,0 : 492.22"
"7,1 : 351.29"
"7,2 : 141.55"
"7,3 : 416.8"
"7,4 : 639.41"
"7,5 : 653.13"
"7,6 : 627.25"
"7,7 : 0.0"
"7,8 : 289.32"
"7,9 : 693.04"
"7,10 : 286.81"
"7,11 : 90.14"
"7,12 : 794.06"
"7,13 : 443.19"
"7,14 : 461.97"
"7,15 : 437.59"
"7,16 : 717.71"
"7,17 : 464.25"
"7,18 : 690.91"
"7,19 : 714.52"
"7,20 : 65.8"
"7,21 : 509.34"
"7,22 : 462.49"
"7,23 : 455.45"
"7,24 : 691.83"
"7,25 : 539.84"
"7,26 : 395.46"
"7,27 : 362.11"
"7,28 : 414.65"
"7,29 : 251.25"
"7,30 : 480.05"
"7,31 : 317.55"
"7,32 : 140.25"
"7,33 : 128.47"
"7,34 : 596.71"
"7,35 : 357.88"
"7,36 : 586.93"
"7,37 : 470.97"
"7,38 : 197.65"
"7,39 : 474.01"
"7,40 : 440.51"
"7,41 : 802.86"
"7,42 : 181.69"
"7,43 : 674.67"
"7,44 : 606.59"
"7,45 : 447.72"
"7,46 : 587.24"
"7,47 : 426.01"
"7,48 : 349.52"
"7,49 : 678.03"
"8,0 : 772.37"
"8,1 : 142.13"
"8,2 : 389.27"
"8,3 : 535.86"
"8,4 : 730.25"
"8,5 : 934.48"
"8,6 : 891.46"
"8,7 : 289.32"
"8,8 : 0.0"
"8,9 : 975.54"
"8,10 : 535.63"
"8,11 : 367.4"
"8,12 : 1052.68"
"8,13 : 403.19"
"8,14 : 512.49"
"8,15 : 389.08"
"8,16 : 802.69"
"8,17 : 371.62"
"8,18 : 744.41"
"8,19 : 940.94"
"8,20 : 354.89"
"8,21 : 579.54"
"8,22 : 378.84"
"8,23 : 612.89"
"8,24 : 749.12"
"8,25 : 788.82"
"8,26 : 558.99"
"8,27 : 362.06"
"8,28 : 126.87"
"8,29 : 280.94"
"8,30 : 744.53"
"8,31 : 272.9"
"8,32 : 426.21"
"8,33 : 364.55"
"8,34 : 794.83"
"8,35 : 619.46"
"8,36 : 650.86"
"8,37 : 760.27"
"8,38 : 435.21"
"8,39 : 752.7"
"8,40 : 656.96"
"8,41 : 1060.42"
"8,42 : 464.94"
"8,43 : 958.76"
"8,44 : 637.97"
"8,45 : 721.32"
"8,46 : 850.05"
"8,47 : 627.4"
"8,48 : 452.98"
"8,49 : 881.09"
"9,0 : 388.01"
"9,1 : 993.77"
"9,2 : 656.06"
"9,3 : 662.24"
"9,4 : 754.69"
"9,5 : 42.95"
"9,6 : 175.15"
"9,7 : 693.04"
"9,8 : 975.54"
"9,9 : 0.0"
"9,10 : 461.37"
"9,11 : 637.54"
"9,12 : 231.77"
"9,13 : 899.61"
"9,14 : 781.74"
"9,15 : 907.29"
"9,16 : 798.19"
"9,17 : 968.12"
"9,18 : 853.65"
"9,19 : 369.84"
"9,20 : 628.22"
"9,21 : 758.96"
"9,22 : 957.57"
"9,23 : 582.33"
"9,24 : 846.35"
"9,25 : 287.06"
"9,26 : 579.73"
"9,27 : 829.25"
"9,28 : 1094.81"
"9,29 : 788.6"
"9,30 : 490.01"
"9,31 : 863.63"
"9,32 : 576.01"
"9,33 : 616.6"
"9,34 : 464.67"
"9,35 : 373.48"
"9,36 : 792.0"
"9,37 : 263.1"
"9,38 : 555.06"
"9,39 : 224.47"
"9,40 : 439.97"
"9,41 : 242.42"
"9,42 : 511.98"
"9,43 : 28.07"
"9,44 : 859.26"
"9,45 : 261.96"
"9,46 : 199.72"
"9,47 : 485.22"
"9,48 : 692.89"
"9,49 : 455.24"
"10,0 : 435.31"
"10,1 : 535.21"
"10,2 : 336.05"
"10,3 : 268.39"
"10,4 : 460.49"
"10,5 : 418.53"
"10,6 : 356.35"
"10,7 : 286.81"
"10,8 : 535.63"
"10,9 : 461.37"
"10,10 : 0.0"
"10,11 : 281.26"
"10,12 : 517.35"
"10,13 : 457.03"
"10,14 : 374.99"
"10,15 : 461.78"
"10,16 : 533.16"
"10,17 : 517.94"
"10,18 : 541.51"
"10,19 : 428.0"
"10,20 : 238.31"
"10,21 : 383.3"
"10,22 : 508.84"
"10,23 : 243.28"
"10,24 : 538.47"
"10,25 : 255.84"
"10,26 : 197.47"
"10,27 : 378.79"
"10,28 : 646.52"
"10,29 : 327.36"
"10,30 : 483.7"
"10,31 : 403.39"
"10,32 : 244.73"
"10,33 : 172.7"
"10,34 : 323.73"
"10,35 : 88.2"
"10,36 : 446.65"
"10,37 : 324.3"
"10,38 : 100.42"
"10,39 : 239.93"
"10,40 : 164.94"
"10,41 : 525.3"
"10,42 : 142.44"
"10,43 : 450.44"
"10,44 : 496.1"
"10,45 : 199.48"
"10,46 : 314.77"
"10,47 : 167.71"
"10,48 : 260.02"
"10,49 : 399.25"
"11,0 : 406.32"
"11,1 : 440.11"
"11,2 : 64.82"
"11,3 : 464.84"
"11,4 : 686.18"
"11,5 : 599.64"
"11,6 : 592.01"
"11,7 : 90.14"
"11,8 : 367.4"
"11,9 : 637.54"
"11,10 : 281.26"
"11,11 : 0.0"
"11,12 : 760.61"
"11,13 : 524.15"
"11,14 : 526.13"
"11,15 : 519.79"
"11,16 : 764.03"
"11,17 : 550.27"
"11,18 : 746.47"
"11,19 : 703.56"
"11,20 : 57.49"
"11,21 : 566.56"
"11,22 : 547.75"
"11,23 : 487.31"
"11,24 : 746.4"
"11,25 : 518.94"
"11,26 : 428.79"
"11,27 : 440.96"
"11,28 : 494.16"
"11,29 : 333.54"
"11,30 : 390.18"
"11,31 : 403.83"
"11,32 : 62.24"
"11,33 : 167.0"
"11,34 : 604.09"
"11,35 : 334.79"
"11,36 : 642.82"
"11,37 : 400.28"
"11,38 : 215.13"
"11,39 : 427.18"
"11,40 : 445.08"
"11,41 : 770.1"
"11,42 : 146.51"
"11,43 : 617.01"
"11,44 : 669.71"
"11,45 : 407.87"
"11,46 : 554.07"
"11,47 : 439.69"
"11,48 : 407.26"
"11,49 : 680.5"
"12,0 : 601.59"
"12,1 : 1039.64"
"12,2 : 795.05"
"12,3 : 629.42"
"12,4 : 651.15"
"12,5 : 233.08"
"12,6 : 168.66"
"12,7 : 794.06"
"12,8 : 1052.68"
"12,9 : 231.77"
"12,10 : 517.35"
"12,11 : 760.61"
"12,12 : 0.0"
"12,13 : 884.04"
"12,14 : 741.97"
"12,15 : 895.13"
"12,16 : 674.78"
"12,17 : 959.94"
"12,18 : 747.89"
"12,19 : 203.12"
"12,20 : 735.28"
"12,21 : 700.54"
"12,22 : 947.53"
"12,23 : 535.2"
"12,24 : 739.08"
"12,25 : 265.58"
"12,26 : 556.69"
"12,27 : 829.04"
"12,28 : 1160.53"
"12,29 : 819.62"
"12,30 : 702.2"
"12,31 : 884.56"
"12,32 : 704.42"
"12,33 : 689.77"
"12,34 : 359.67"
"12,35 : 437.0"
"12,36 : 711.29"
"12,37 : 454.86"
"12,38 : 617.63"
"12,39 : 341.88"
"12,40 : 418.86"
"12,41 : 11.18"
"12,42 : 617.56"
"12,43 : 257.62"
"12,44 : 782.07"
"12,45 : 353.29"
"12,46 : 207.1"
"12,47 : 461.0"
"12,48 : 684.49"
"12,49 : 310.09"
"13,0 : 865.92"
"13,1 : 282.49"
"13,2 : 583.58"
"13,3 : 255.28"
"13,4 : 364.97"
"13,5 : 857.06"
"13,6 : 757.35"
"13,7 : 443.19"
"13,8 : 403.19"
"13,9 : 899.61"
"13,10 : 457.03"
"13,11 : 524.15"
"13,12 : 884.04"
"13,13 : 0.0"
"13,14 : 157.29"
"13,15 : 16.28"
"13,16 : 426.02"
"13,17 : 78.57"
"13,18 : 353.17"
"13,19 : 715.35"
"13,20 : 471.74"
"13,21 : 222.77"
"13,22 : 65.05"
"13,23 : 351.2"
"13,24 : 359.5"
"13,25 : 633.43"
"13,26 : 328.77"
"13,27 : 85.16"
"13,28 : 426.12"
"13,29 : 191.97"
"13,30 : 886.3"
"13,31 : 140.21"
"13,32 : 547.88"
"13,33 : 380.76"
"13,34 : 544.61"
"13,35 : 536.77"
"13,36 : 274.55"
"13,37 : 778.13"
"13,38 : 394.65"
"13,39 : 690.13"
"13,40 : 470.96"
"13,41 : 888.23"
"13,42 : 502.86"
"13,43 : 893.72"
"13,44 : 243.0"
"13,45 : 646.26"
"13,46 : 718.25"
"13,47 : 426.2"
"13,48 : 206.81"
"13,49 : 624.38"
"14,0 : 807.65"
"14,1 : 414.51"
"14,2 : 590.43"
"14,3 : 119.52"
"14,4 : 219.91"
"14,5 : 740.3"
"14,6 : 627.66"
"14,7 : 461.97"
"14,8 : 512.49"
"14,9 : 781.74"
"14,10 : 374.99"
"14,11 : 526.13"
"14,12 : 741.97"
"14,13 : 157.29"
"14,14 : 0.0"
"14,15 : 172.26"
"14,16 : 290.29"
"14,17 : 235.41"
"14,18 : 237.52"
"14,19 : 564.87"
"14,20 : 468.97"
"14,21 : 69.43"
"14,22 : 221.63"
"14,23 : 207.34"
"14,24 : 240.71"
"14,25 : 503.16"
"14,26 : 202.43"
"14,27 : 152.21"
"14,28 : 560.74"
"14,29 : 242.92"
"14,30 : 845.17"
"14,31 : 242.1"
"14,32 : 532.03"
"14,33 : 361.85"
"14,34 : 393.21"
"14,35 : 440.64"
"14,36 : 138.76"
"14,37 : 697.54"
"14,38 : 345.01"
"14,39 : 587.02"
"14,40 : 342.54"
"14,41 : 745.29"
"14,42 : 461.46"
"14,43 : 779.38"
"14,44 : 144.63"
"14,45 : 542.03"
"14,46 : 590.88"
"14,47 : 296.98"
"14,48 : 123.31"
"14,49 : 470.29"
"15,0 : 866.75"
"15,1 : 266.93"
"15,2 : 578.47"
"15,3 : 267.24"
"15,4 : 381.14"
"15,5 : 864.65"
"15,6 : 766.75"
"15,7 : 437.59"
"15,8 : 389.08"
"15,9 : 907.29"
"15,10 : 461.78"
"15,11 : 519.79"
"15,12 : 895.13"
"15,13 : 16.28"
"15,14 : 172.26"
"15,15 : 0.0"
"15,16 : 442.3"
"15,17 : 65.3"
"15,18 : 369.27"
"15,19 : 728.03"
"15,20 : 468.16"
"15,21 : 238.37"
"15,22 : 52.43"
"15,23 : 363.42"
"15,24 : 375.64"
"15,25 : 643.1"
"15,26 : 339.11"
"15,27 : 85.29"
"15,28 : 410.21"
"15,29 : 186.53"
"15,30 : 885.27"
"15,31 : 129.63"
"15,32 : 545.22"
"15,33 : 379.58"
"15,34 : 557.6"
"15,35 : 542.65"
"15,36 : 290.8"
"15,37 : 781.58"
"15,38 : 396.5"
"15,39 : 696.35"
"15,40 : 480.8"
"15,41 : 899.46"
"15,42 : 503.08"
"15,43 : 900.96"
"15,44 : 259.03"
"15,45 : 652.71"
"15,46 : 727.4"
"15,47 : 436.31"
"15,48 : 215.23"
"15,49 : 637.89"
"16,0 : 950.39"
"16,1 : 701.64"
"16,2 : 828.35"
"16,3 : 301.0"
"16,4 : 78.29"
"16,5 : 763.85"
"16,6 : 623.6"
"16,7 : 717.71"
"16,8 : 802.69"
"16,9 : 798.19"
"16,10 : 533.16"
"16,11 : 764.03"
"16,12 : 674.78"
"16,13 : 426.02"
"16,14 : 290.29"
"16,15 : 442.3"
"16,16 : 0.0"
"16,17 : 494.4"
"16,18 : 93.34"
"16,19 : 471.87"
"16,20 : 707.37"
"16,21 : 223.64"
"16,22 : 480.99"
"16,23 : 289.93"
"16,24 : 83.45"
"16,25 : 517.9"
"16,26 : 341.4"
"16,27 : 442.03"
"16,28 : 847.65"
"16,29 : 528.88"
"16,30 : 1012.14"
"16,31 : 532.03"
"16,32 : 752.48"
"16,33 : 598.41"
"16,34 : 333.73"
"16,35 : 558.47"
"16,36 : 153.26"
"16,37 : 809.58"
"16,38 : 553.97"
"16,39 : 664.25"
"16,40 : 407.68"
"16,41 : 673.68"
"16,42 : 661.1"
"16,43 : 806.05"
"16,44 : 191.71"
"16,45 : 623.44"
"16,46 : 600.08"
"16,47 : 378.0"
"16,48 : 372.52"
"16,49 : 364.73"
"17,0 : 912.39"
"17,1 : 237.6"
"17,2 : 605.77"
"17,3 : 332.5"
"17,4 : 437.5"
"17,5 : 925.36"
"17,6 : 830.04"
"17,7 : 464.25"
"17,8 : 371.62"
"17,9 : 968.12"
"17,10 : 517.94"
"17,11 : 550.27"
"17,12 : 959.94"
"17,13 : 78.57"
"17,14 : 235.41"
"17,15 : 65.3"
"17,16 : 494.4"
"17,17 : 0.0"
"17,18 : 415.95"
"17,19 : 793.32"
"17,20 : 501.78"
"17,21 : 299.46"
"17,22 : 13.89"
"17,23 : 428.71"
"17,24 : 423.17"
"17,25 : 706.72"
"17,26 : 403.56"
"17,27 : 139.46"
"17,28 : 373.35"
"17,29 : 219.66"
"17,30 : 925.38"
"17,31 : 146.7"
"17,32 : 581.37"
"17,33 : 421.63"
"17,34 : 622.83"
"17,35 : 600.77"
"17,36 : 345.86"
"17,37 : 834.11"
"17,38 : 446.54"
"17,39 : 754.83"
"17,40 : 544.7"
"17,41 : 964.35"
"17,42 : 548.18"
"17,43 : 961.07"
"17,44 : 305.81"
"17,45 : 711.67"
"17,46 : 790.39"
"17,47 : 500.49"
"17,48 : 278.17"
"17,49 : 702.88"
"18,0 : 971.21"
"18,1 : 634.26"
"18,2 : 811.28"
"18,3 : 284.31"
"18,4 : 99.13"
"18,5 : 817.04"
"18,6 : 681.36"
"18,7 : 690.91"
"18,8 : 744.41"
"18,9 : 853.65"
"18,10 : 541.51"
"18,11 : 746.47"
"18,12 : 747.89"
"18,13 : 353.17"
"18,14 : 237.52"
"18,15 : 369.27"
"18,16 : 93.34"
"18,17 : 415.95"
"18,18 : 0.0"
"18,19 : 546.77"
"18,20 : 689.04"
"18,21 : 181.62"
"18,22 : 403.05"
"18,23 : 303.71"
"18,24 : 10.0"
"18,25 : 568.1"
"18,26 : 344.09"
"18,27 : 382.64"
"18,28 : 779.0"
"18,29 : 480.35"
"18,30 : 1025.16"
"18,31 : 471.53"
"18,32 : 742.5"
"18,33 : 579.47"
"18,34 : 395.13"
"18,35 : 580.49"
"18,36 : 104.01"
"18,37 : 838.58"
"18,38 : 545.2"
"18,39 : 701.08"
"18,40 : 438.72"
"18,41 : 747.69"
"18,42 : 658.1"
"18,43 : 859.01"
"18,44 : 110.45"
"18,45 : 658.15"
"18,46 : 653.98"
"18,47 : 402.2"
"18,48 : 341.46"
"18,49 : 439.11"
"19,0 : 662.06"
"19,1 : 904.92"
"19,2 : 751.07"
"19,3 : 461.4"
"19,4 : 451.37"
"19,5 : 348.28"
"19,6 : 208.66"
"19,7 : 714.52"
"19,8 : 940.94"
"19,9 : 369.84"
"19,10 : 428.0"
"19,11 : 703.56"
"19,12 : 203.12"
"19,13 : 715.35"
"19,14 : 564.87"
"19,15 : 728.03"
"19,16 : 471.87"
"19,17 : 793.32"
"19,18 : 546.77"
"19,19 : 0.0"
"19,20 : 665.37"
"19,21 : 515.7"
"19,22 : 780.19"
"19,23 : 365.09"
"19,24 : 537.76"
"19,25 : 192.76"
"19,26 : 400.5"
"19,27 : 671.18"
"19,28 : 1036.89"
"19,29 : 682.88"
"19,30 : 753.7"
"19,31 : 738.09"
"19,32 : 656.93"
"19,33 : 594.24"
"19,34 : 171.71"
"19,35 : 370.44"
"19,36 : 517.17"
"19,37 : 503.16"
"19,38 : 520.31"
"19,39 : 351.89"
"19,40 : 284.02"
"19,41 : 201.8"
"19,42 : 557.52"
"19,43 : 387.1"
"19,44 : 587.91"
"19,45 : 336.9"
"19,46 : 213.06"
"19,47 : 315.77"
"19,48 : 528.42"
"19,49 : 107.69"
"20,0 : 432.7"
"20,1 : 410.33"
"20,2 : 122.29"
"20,3 : 407.74"
"20,4 : 629.42"
"20,5 : 588.63"
"20,6 : 567.57"
"20,7 : 65.8"
"20,8 : 354.89"
"20,9 : 628.22"
"20,10 : 238.31"
"20,11 : 57.49"
"20,12 : 735.28"
"20,13 : 471.74"
"20,14 : 468.97"
"20,15 : 468.16"
"20,16 : 707.37"
"20,17 : 501.78"
"20,18 : 689.04"
"20,19 : 665.37"
"20,20 : 0.0"
"20,21 : 509.07"
"20,22 : 498.48"
"20,23 : 432.82"
"20,24 : 689.01"
"20,25 : 485.54"
"20,26 : 373.8"
"20,27 : 387.74"
"20,28 : 479.82"
"20,29 : 283.03"
"20,30 : 428.2"
"20,31 : 356.33"
"20,32 : 82.01"
"20,33 : 109.62"
"20,34 : 557.52"
"20,35 : 301.71"
"20,36 : 585.36"
"20,37 : 405.42"
"20,38 : 162.27"
"20,39 : 410.6"
"20,40 : 399.05"
"20,41 : 744.35"
"20,42 : 118.73"
"20,43 : 609.53"
"20,44 : 612.38"
"20,45 : 386.06"
"20,46 : 528.19"
"20,47 : 390.22"
"20,48 : 349.79"
"20,49 : 636.1"
"21,0 : 818.57"
"21,1 : 483.85"
"21,2 : 631.35"
"21,3 : 114.97"
"21,4 : 151.12"
"21,5 : 718.67"
"21,6 : 597.78"
"21,7 : 509.34"
"21,8 : 579.54"
"21,9 : 758.96"
"21,10 : 383.3"
"21,11 : 566.56"
"21,12 : 700.54"
"21,13 : 222.77"
"21,14 : 69.43"
"21,15 : 238.37"
"21,16 : 223.64"
"21,17 : 299.46"
"21,18 : 181.62"
"21,19 : 515.7"
"21,20 : 509.07"
"21,21 : 0.0"
"21,22 : 285.57"
"21,23 : 176.64"
"21,24 : 182.95"
"21,25 : 474.65"
"21,26 : 192.11"
"21,27 : 221.1"
"21,28 : 630.05"
"21,29 : 305.56"
"21,30 : 863.68"
"21,31 : 310.71"
"21,32 : 565.8"
"21,33 : 399.81"
"21,34 : 344.62"
"21,35 : 438.02"
"21,36 : 77.83"
"21,37 : 698.4"
"21,38 : 371.23"
"21,39 : 576.45"
"21,40 : 320.1"
"21,41 : 703.04"
"21,42 : 486.6"
"21,43 : 759.0"
"21,44 : 112.81"
"21,45 : 531.63"
"21,46 : 563.3"
"21,47 : 276.03"
"21,48 : 160.08"
"21,49 : 416.65"
"22,0 : 906.36"
"22,1 : 246.68"
"22,2 : 604.03"
"22,3 : 319.61"
"22,4 : 423.76"
"22,5 : 914.85"
"22,6 : 818.48"
"22,7 : 462.49"
"22,8 : 378.84"
"22,9 : 957.57"
"22,10 : 508.84"
"22,11 : 547.75"
"22,12 : 947.53"
"22,13 : 65.05"
"22,14 : 221.63"
"22,15 : 52.43"
"22,16 : 480.99"
"22,17 : 13.89"
"22,18 : 403.05"
"22,19 : 780.19"
"22,20 : 498.48"
"22,21 : 285.57"
"22,22 : 0.0"
"22,23 : 415.74"
"22,24 : 410.18"
"22,25 : 694.99"
"22,26 : 391.37"
"22,27 : 130.05"
"22,28 : 384.1"
"22,29 : 215.67"
"22,30 : 920.77"
"22,31 : 145.36"
"22,32 : 577.55"
"22,33 : 416.2"
"22,34 : 609.58"
"22,35 : 591.1"
"22,36 : 332.17"
"22,37 : 826.18"
"22,38 : 439.11"
"22,39 : 745.07"
"22,40 : 532.82"
"22,41 : 951.87"
"22,42 : 542.13"
"22,43 : 950.78"
"22,44 : 292.8"
"22,45 : 701.74"
"22,46 : 778.96"
"22,47 : 488.46"
"22,48 : 266.66"
"22,49 : 689.43"
"23,0 : 667.7"
"23,1 : 553.22"
"23,2 : 550.03"
"23,3 : 96.33"
"23,4 : 217.71"
"23,5 : 542.07"
"23,6 : 422.52"
"23,7 : 455.45"
"23,8 : 612.89"
"23,9 : 582.33"
"23,10 : 243.28"
"23,11 : 487.31"
"23,12 : 535.2"
"23,13 : 351.2"
"23,14 : 207.34"
"23,15 : 363.42"
"23,16 : 289.93"
"23,17 : 428.71"
"23,18 : 303.71"
"23,19 : 365.09"
"23,20 : 432.82"
"23,21 : 176.64"
"23,22 : 415.74"
"23,23 : 0.0"
"23,24 : 299.55"
"23,25 : 298.69"
"23,26 : 60.02"
"23,27 : 307.29"
"23,28 : 692.78"
"23,29 : 336.38"
"23,30 : 724.41"
"23,31 : 380.04"
"23,32 : 468.48"
"23,33 : 328.46"
"23,34 : 196.66"
"23,35 : 276.84"
"23,36 : 218.77"
"23,37 : 535.92"
"23,38 : 272.53"
"23,39 : 404.59"
"23,40 : 144.17"
"23,41 : 538.81"
"23,42 : 373.41"
"23,43 : 582.49"
"23,44 : 280.72"
"23,45 : 360.32"
"23,46 : 387.2"
"23,47 : 101.79"
"23,48 : 168.44"
"23,49 : 280.75"
"24,0 : 967.23"
"24,1 : 640.08"
"24,2 : 811.2"
"24,3 : 283.27"
"24,4 : 91.66"
"24,5 : 809.92"
"24,6 : 673.78"
"24,7 : 691.83"
"24,8 : 749.12"
"24,9 : 846.35"
"24,10 : 538.47"
"24,11 : 746.4"
"24,12 : 739.08"
"24,13 : 359.5"
"24,14 : 240.71"
"24,15 : 375.64"
"24,16 : 83.45"
"24,17 : 423.17"
"24,18 : 10.0"
"24,19 : 537.76"
"24,20 : 689.01"
"24,21 : 182.95"
"24,22 : 410.18"
"24,23 : 299.55"
"24,24 : 0.0"
"24,25 : 561.1"
"24,26 : 341.2"
"24,27 : 387.16"
"24,28 : 785.05"
"24,29 : 483.62"
"24,30 : 1021.99"
"24,31 : 476.32"
"24,32 : 741.6"
"24,33 : 579.4"
"24,34 : 387.02"
"24,35 : 576.13"
"24,36 : 105.12"
"24,37 : 833.73"
"24,38 : 543.97"
"24,39 : 695.41"
"24,40 : 433.29"
"24,41 : 738.81"
"24,42 : 656.38"
"24,43 : 851.93"
"24,44 : 117.39"
"24,45 : 652.64"
"24,46 : 646.72"
"24,47 : 397.34"
"24,48 : 342.31"
"24,49 : 430.08"
"25,0 : 485.69"
"25,1 : 774.3"
"25,2 : 562.88"
"25,3 : 384.85"
"25,4 : 469.52"
"25,5 : 249.16"
"25,6 : 124.6"
"25,7 : 539.84"
"25,8 : 788.82"
"25,9 : 287.06"
"25,10 : 255.84"
"25,11 : 518.94"
"25,12 : 265.58"
"25,13 : 633.43"
"25,14 : 503.16"
"25,15 : 643.1"
"25,16 : 517.9"
"25,17 : 706.72"
"25,18 : 568.1"
"25,19 : 192.76"
"25,20 : 485.54"
"25,21 : 474.65"
"25,22 : 694.99"
"25,23 : 298.69"
"25,24 : 561.1"
"25,25 : 0.0"
"25,26 : 305.31"
"25,27 : 571.78"
"25,28 : 895.2"
"25,29 : 555.02"
"25,30 : 571.55"
"25,31 : 621.92"
"25,32 : 468.98"
"25,33 : 428.34"
"25,34 : 191.15"
"25,35 : 184.33"
"25,36 : 505.02"
"25,37 : 327.96"
"25,38 : 355.02"
"25,39 : 171.21"
"25,40 : 162.56"
"25,41 : 272.59"
"25,42 : 372.47"
"25,43 : 290.99"
"25,44 : 572.64"
"25,45 : 147.33"
"25,46 : 88.68"
"25,47 : 207.79"
"25,48 : 428.65"
"25,49 : 216.81"
"26,0 : 630.15"
"26,1 : 506.95"
"26,2 : 491.96"
"26,3 : 83.15"
"26,4 : 266.06"
"26,5 : 538.1"
"26,6 : 429.71"
"26,7 : 395.46"
"26,8 : 558.99"
"26,9 : 579.73"
"26,10 : 197.47"
"26,11 : 428.79"
"26,12 : 556.69"
"26,13 : 328.77"
"26,14 : 202.43"
"26,15 : 339.11"
"26,16 : 341.4"
"26,17 : 403.56"
"26,18 : 344.09"
"26,19 : 400.5"
"26,20 : 373.8"
"26,21 : 192.11"
"26,22 : 391.37"
"26,23 : 60.02"
"26,24 : 341.2"
"26,25 : 305.31"
"26,26 : 0.0"
"26,27 : 273.23"
"26,28 : 643.59"
"26,29 : 286.67"
"26,30 : 681.17"
"26,31 : 337.67"
"26,32 : 412.24"
"26,33 : 268.68"
"26,34 : 239.43"
"26,35 : 245.94"
"26,36 : 250.0"
"26,37 : 506.45"
"26,38 : 214.77"
"26,39 : 386.47"
"26,40 : 142.8"
"26,41 : 561.36"
"26,42 : 319.72"
"26,43 : 577.0"
"26,44 : 303.64"
"26,45 : 341.47"
"26,46 : 391.52"
"26,47 : 97.58"
"26,48 : 128.82"
"26,49 : 325.61"
"27,0 : 781.55"
"27,1 : 263.39"
"27,2 : 501.38"
"27,3 : 212.41"
"27,4 : 372.06"
"27,5 : 786.44"
"27,6 : 694.1"
"27,7 : 362.11"
"27,8 : 362.06"
"27,9 : 829.25"
"27,10 : 378.79"
"27,11 : 440.96"
"27,12 : 829.04"
"27,13 : 85.16"
"27,14 : 152.21"
"27,15 : 85.29"
"27,16 : 442.03"
"27,17 : 139.46"
"27,18 : 382.64"
"27,19 : 671.18"
"27,20 : 387.74"
"27,21 : 221.1"
"27,22 : 130.05"
"27,23 : 307.29"
"27,24 : 387.16"
"27,25 : 571.78"
"27,26 : 273.23"
"27,27 : 0.0"
"27,28 : 409.38"
"27,29 : 113.14"
"27,30 : 801.15"
"27,31 : 90.01"
"27,32 : 463.12"
"27,33 : 295.6"
"27,34 : 503.96"
"27,35 : 461.31"
"27,36 : 289.34"
"27,37 : 696.98"
"27,38 : 311.27"
"27,39 : 615.36"
"27,40 : 411.03"
"27,41 : 834.0"
"27,42 : 418.07"
"27,43 : 821.88"
"27,44 : 278.06"
"27,45 : 572.24"
"27,46 : 653.95"
"27,47 : 368.05"
"27,48 : 144.63"
"27,49 : 587.46"
"28,0 : 899.23"
"28,1 : 146.24"
"28,2 : 515.54"
"28,3 : 607.19"
"28,4 : 780.43"
"28,5 : 1053.24"
"28,6 : 1002.72"
"28,7 : 414.65"
"28,8 : 126.87"
"28,9 : 1094.81"
"28,10 : 646.52"
"28,11 : 494.16"
"28,12 : 1160.53"
"28,13 : 426.12"
"28,14 : 560.74"
"28,15 : 410.21"
"28,16 : 847.65"
"28,17 : 373.35"
"28,18 : 779.0"
"28,19 : 1036.89"
"28,20 : 479.82"
"28,21 : 630.05"
"28,22 : 384.1"
"28,23 : 692.78"
"28,24 : 785.05"
"28,25 : 895.2"
"28,26 : 643.59"
"28,27 : 409.38"
"28,28 : 0.0"
"28,29 : 356.98"
"28,30 : 870.29"
"28,31 : 321.4"
"28,32 : 552.6"
"28,33 : 479.35"
"28,34 : 882.8"
"28,35 : 732.56"
"28,36 : 694.43"
"28,37 : 885.11"
"28,38 : 546.62"
"28,39 : 870.91"
"28,40 : 754.69"
"28,41 : 1167.76"
"28,42 : 586.92"
"28,43 : 1078.96"
"28,44 : 669.06"
"28,45 : 837.62"
"28,46 : 961.07"
"28,47 : 721.15"
"28,48 : 525.98"
"28,49 : 969.12"
"29,0 : 695.32"
"29,1 : 222.2"
"29,2 : 391.95"
"29,3 : 255.18"
"29,4 : 453.99"
"29,5 : 745.71"
"29,6 : 671.13"
"29,7 : 251.25"
"29,8 : 280.94"
"29,9 : 788.6"
"29,10 : 327.36"
"29,11 : 333.54"
"29,12 : 819.62"
"29,13 : 191.97"
"29,14 : 242.92"
"29,15 : 186.53"
"29,16 : 528.88"
"29,17 : 219.66"
"29,18 : 480.35"
"29,19 : 682.88"
"29,20 : 283.03"
"29,21 : 305.56"
"29,22 : 215.67"
"29,23 : 336.38"
"29,24 : 483.62"
"29,25 : 555.02"
"29,26 : 286.67"
"29,27 : 113.14"
"29,28 : 356.98"
"29,29 : 0.0"
"29,30 : 705.8"
"29,31 : 79.63"
"29,32 : 361.89"
"29,33 : 204.01"
"29,34 : 526.02"
"29,35 : 415.12"
"29,36 : 380.78"
"29,37 : 627.01"
"29,38 : 240.52"
"29,39 : 566.92"
"29,40 : 404.36"
"29,41 : 825.91"
"29,42 : 332.12"
"29,43 : 777.77"
"29,44 : 381.62"
"29,45 : 526.82"
"29,46 : 629.65"
"29,47 : 367.61"
"29,48 : 172.39"
"29,49 : 612.26"
"30,0 : 102.0"
"30,1 : 829.82"
"30,2 : 355.62"
"30,3 : 749.05"
"30,4 : 942.06"
"30,5 : 473.37"
"30,6 : 561.12"
"30,7 : 480.05"
"30,8 : 744.53"
"30,9 : 490.01"
"30,10 : 483.7"
"30,11 : 390.18"
"30,12 : 702.2"
"30,13 : 886.3"
"30,14 : 845.17"
"30,15 : 885.27"
"30,16 : 1012.14"
"30,17 : 925.38"
"30,18 : 1025.16"
"30,19 : 753.7"
"30,20 : 428.2"
"30,21 : 863.68"
"30,22 : 920.77"
"30,23 : 724.41"
"30,24 : 1021.99"
"30,25 : 571.55"
"30,26 : 681.17"
"30,27 : 801.15"
"30,28 : 870.29"
"30,29 : 705.8"
"30,30 : 0.0"
"30,31 : 782.21"
"30,32 : 346.39"
"30,33 : 505.69"
"30,34 : 741.84"
"30,35 : 456.15"
"30,36 : 929.83"
"30,37 : 252.67"
"30,38 : 501.39"
"30,39 : 402.49"
"30,40 : 610.94"
"30,41 : 713.38"
"30,42 : 386.26"
"30,43 : 462.03"
"30,44 : 976.06"
"30,45 : 425.38"
"30,46 : 543.57"
"30,47 : 634.89"
"30,48 : 722.62"
"30,49 : 786.94"
"31,0 : 774.08"
"31,1 : 176.47"
"31,2 : 459.08"
"31,3 : 289.39"
"31,4 : 461.79"
"31,5 : 820.69"
"31,6 : 740.67"
"31,7 : 317.55"
"31,8 : 272.9"
"31,9 : 863.63"
"31,10 : 403.39"
"31,11 : 403.83"
"31,12 : 884.56"
"31,13 : 140.21"
"31,14 : 242.1"
"31,15 : 129.63"
"31,16 : 532.03"
"31,17 : 146.7"
"31,18 : 471.53"
"31,19 : 738.09"
"31,20 : 356.33"
"31,21 : 310.71"
"31,22 : 145.36"
"31,23 : 380.04"
"31,24 : 476.32"
"31,25 : 621.92"
"31,26 : 337.67"
"31,27 : 90.01"
"31,28 : 321.4"
"31,29 : 79.63"
"31,30 : 782.21"
"31,31 : 0.0"
"31,32 : 436.77"
"31,33 : 283.11"
"31,34 : 575.24"
"31,35 : 490.44"
"31,36 : 379.3"
"31,37 : 706.51"
"31,38 : 319.42"
"31,39 : 643.31"
"31,40 : 466.27"
"31,41 : 890.33"
"31,42 : 411.44"
"31,43 : 853.61"
"31,44 : 365.32"
"31,45 : 602.42"
"31,46 : 699.51"
"31,47 : 426.43"
"31,48 : 211.68"
"31,49 : 660.45"
"32,0 : 352.23"
"32,1 : 490.6"
"32,2 : 94.13"
"32,3 : 458.33"
"32,4 : 675.61"
"32,5 : 538.48"
"32,6 : 535.79"
"32,7 : 140.25"
"32,8 : 426.21"
"32,9 : 576.01"
"32,10 : 244.73"
"32,11 : 62.24"
"32,12 : 704.42"
"32,13 : 547.88"
"32,14 : 532.03"
"32,15 : 545.22"
"32,16 : 752.48"
"32,17 : 581.37"
"32,18 : 742.5"
"32,19 : 656.93"
"32,20 : 82.01"
"32,21 : 565.8"
"32,22 : 577.55"
"32,23 : 468.48"
"32,24 : 741.6"
"32,25 : 468.98"
"32,26 : 412.24"
"32,27 : 463.12"
"32,28 : 552.6"
"32,29 : 361.89"
"32,30 : 346.39"
"32,31 : 436.77"
"32,32 : 0.0"
"32,33 : 171.51"
"32,34 : 567.98"
"32,35 : 286.5"
"32,36 : 640.04"
"32,37 : 338.29"
"32,38 : 198.6"
"32,39 : 368.06"
"32,40 : 409.57"
"32,41 : 714.12"
"32,42 : 102.59"
"32,43 : 555.21"
"32,44 : 673.03"
"32,45 : 351.14"
"32,46 : 498.78"
"32,47 : 409.84"
"32,48 : 409.85"
"32,49 : 640.94"
"33,0 : 491.37"
"33,1 : 380.19"
"33,2 : 231.81"
"33,3 : 298.28"
"33,4 : 520.33"
"33,5 : 574.65"
"33,6 : 527.11"
"33,7 : 128.47"
"33,8 : 364.55"
"33,9 : 616.6"
"33,10 : 172.7"
"33,11 : 167.0"
"33,12 : 689.77"
"33,13 : 380.76"
"33,14 : 361.85"
"33,15 : 379.58"
"33,16 : 598.41"
"33,17 : 421.63"
"33,18 : 579.47"
"33,19 : 594.24"
"33,20 : 109.62"
"33,21 : 399.81"
"33,22 : 416.2"
"33,23 : 328.46"
"33,24 : 579.4"
"33,25 : 428.34"
"33,26 : 268.68"
"33,27 : 295.6"
"33,28 : 479.35"
"33,29 : 204.01"
"33,30 : 505.69"
"33,31 : 283.11"
"33,32 : 171.51"
"33,33 : 0.0"
"33,34 : 469.71"
"33,35 : 254.92"
"33,36 : 475.86"
"33,37 : 428.84"
"33,38 : 74.09"
"33,39 : 392.23"
"33,40 : 315.38"
"33,41 : 697.84"
"33,42 : 128.47"
"33,43 : 601.91"
"33,44 : 504.31"
"33,45 : 358.27"
"33,46 : 485.82"
"33,47 : 298.33"
"33,48 : 241.12"
"33,49 : 552.12"
"34,0 : 663.75"
"34,1 : 746.23"
"34,2 : 659.78"
"34,3 : 292.28"
"34,4 : 296.38"
"34,5 : 431.18"
"34,6 : 289.89"
"34,7 : 596.71"
"34,8 : 794.83"
"34,9 : 464.67"
"34,10 : 323.73"
"34,11 : 604.09"
"34,12 : 359.67"
"34,13 : 544.61"
"34,14 : 393.21"
"34,15 : 557.6"
"34,16 : 333.73"
"34,17 : 622.83"
"34,18 : 395.13"
"34,19 : 171.71"
"34,20 : 557.52"
"34,21 : 344.62"
"34,22 : 609.58"
"34,23 : 196.66"
"34,24 : 387.02"
"34,25 : 191.15"
"34,26 : 239.43"
"34,27 : 503.96"
"34,28 : 882.8"
"34,29 : 526.02"
"34,30 : 741.84"
"34,31 : 575.24"
"34,32 : 567.98"
"34,33 : 469.71"
"34,34 : 0.0"
"34,35 : 298.52"
"34,36 : 351.64"
"34,37 : 510.08"
"34,38 : 399.21"
"34,39 : 354.8"
"34,40 : 159.02"
"34,41 : 361.14"
"34,42 : 465.4"
"34,43 : 473.36"
"34,44 : 422.4"
"34,45 : 321.03"
"34,46 : 267.86"
"34,47 : 171.98"
"34,48 : 363.74"
"34,49 : 86.41"
"35,0 : 392.18"
"35,1 : 623.2"
"35,2 : 380.64"
"35,3 : 326.02"
"35,4 : 491.54"
"35,5 : 330.59"
"35,6 : 272.41"
"35,7 : 357.88"
"35,8 : 619.46"
"35,9 : 373.48"
"35,10 : 88.2"
"35,11 : 334.79"
"35,12 : 437.0"
"35,13 : 536.77"
"35,14 : 440.64"
"35,15 : 542.65"
"35,16 : 558.47"
"35,17 : 600.77"
"35,18 : 580.49"
"35,19 : 370.44"
"35,20 : 301.71"
"35,21 : 438.02"
"35,22 : 591.1"
"35,23 : 276.84"
"35,24 : 576.13"
"35,25 : 184.33"
"35,26 : 245.94"
"35,27 : 461.31"
"35,28 : 732.56"
"35,29 : 415.12"
"35,30 : 456.15"
"35,31 : 490.44"
"35,32 : 286.5"
"35,33 : 254.92"
"35,34 : 298.52"
"35,35 : 0.0"
"35,36 : 493.1"
"35,37 : 260.63"
"35,38 : 186.08"
"35,39 : 154.12"
"35,40 : 154.99"
"35,41 : 445.54"
"35,42 : 188.28"
"35,43 : 363.2"
"35,44 : 549.44"
"35,45 : 112.0"
"35,46 : 231.35"
"35,47 : 180.57"
"35,48 : 333.94"
"35,49 : 361.86"
"36,0 : 880.13"
"36,1 : 548.39"
"36,2 : 707.63"
"36,3 : 183.1"
"36,4 : 92.13"
"36,5 : 753.27"
"36,6 : 624.55"
"36,7 : 586.93"
"36,8 : 650.86"
"36,9 : 792.0"
"36,10 : 446.65"
"36,11 : 642.82"
"36,12 : 711.29"
"36,13 : 274.55"
"36,14 : 138.76"
"36,15 : 290.8"
"36,16 : 153.26"
"36,17 : 345.86"
"36,18 : 104.01"
"36,19 : 517.17"
"36,20 : 585.36"
"36,21 : 77.83"
"36,22 : 332.17"
"36,23 : 218.77"
"36,24 : 105.12"
"36,25 : 505.02"
"36,26 : 250.0"
"36,27 : 289.34"
"36,28 : 694.43"
"36,29 : 380.78"
"36,30 : 929.83"
"36,31 : 379.3"
"36,32 : 640.04"
"36,33 : 475.86"
"36,34 : 351.64"
"36,35 : 493.1"
"36,36 : 0.0"
"36,37 : 753.39"
"36,38 : 443.65"
"36,39 : 623.14"
"36,40 : 361.19"
"36,41 : 712.58"
"36,42 : 557.74"
"36,43 : 794.57"
"36,44 : 70.84"
"36,45 : 579.01"
"36,46 : 593.19"
"36,47 : 320.43"
"36,48 : 237.45"
"36,49 : 412.44"
"37,0 : 159.01"
"37,1 : 805.0"
"37,2 : 406.51"
"37,3 : 585.54"
"37,4 : 746.85"
"37,5 : 235.95"
"37,6 : 308.52"
"37,7 : 470.97"
"37,8 : 760.27"
"37,9 : 263.1"
"37,10 : 324.3"
"37,11 : 400.28"
"37,12 : 454.86"
"37,13 : 778.13"
"37,14 : 697.54"
"37,15 : 781.58"
"37,16 : 809.58"
"37,17 : 834.11"
"37,18 : 838.58"
"37,19 : 503.16"
"37,20 : 405.42"
"37,21 : 698.4"
"37,22 : 826.18"
"37,23 : 535.92"
"37,24 : 833.73"
"37,25 : 327.96"
"37,26 : 506.45"
"37,27 : 696.98"
"37,28 : 885.11"
"37,29 : 627.01"
"37,30 : 252.67"
"37,31 : 706.51"
"37,32 : 338.29"
"37,33 : 428.84"
"37,34 : 510.08"
"37,35 : 260.63"
"37,36 : 753.39"
"37,37 : 0.0"
"37,38 : 388.23"
"37,39 : 156.85"
"37,40 : 402.24"
"37,41 : 465.97"
"37,42 : 303.84"
"37,43 : 237.36"
"37,44 : 810.04"
"37,45 : 189.62"
"37,46 : 291.51"
"37,47 : 436.4"
"37,48 : 584.32"
"37,49 : 544.75"
"38,0 : 472.27"
"38,1 : 438.77"
"38,2 : 277.5"
"38,3 : 260.92"
"38,4 : 477.02"
"38,5 : 512.55"
"38,6 : 456.64"
"38,7 : 197.65"
"38,8 : 435.21"
"38,9 : 555.06"
"38,10 : 100.42"
"38,11 : 215.13"
"38,12 : 617.63"
"38,13 : 394.65"
"38,14 : 345.01"
"38,15 : 396.5"
"38,16 : 553.97"
"38,17 : 446.54"
"38,18 : 545.2"
"38,19 : 520.31"
"38,20 : 162.27"
"38,21 : 371.23"
"38,22 : 439.11"
"38,23 : 272.53"
"38,24 : 543.97"
"38,25 : 355.02"
"38,26 : 214.77"
"38,27 : 311.27"
"38,28 : 546.62"
"38,29 : 240.52"
"38,30 : 501.39"
"38,31 : 319.42"
"38,32 : 198.6"
"38,33 : 74.09"
"38,34 : 399.21"
"38,35 : 186.08"
"38,36 : 443.65"
"38,37 : 388.23"
"38,38 : 0.0"
"38,39 : 330.99"
"38,40 : 242.99"
"38,41 : 625.5"
"38,42 : 116.47"
"38,43 : 542.17"
"38,44 : 481.15"
"38,45 : 293.87"
"38,46 : 415.11"
"38,47 : 229.37"
"38,48 : 221.84"
"38,49 : 480.4"
"39,0 : 314.59"
"39,1 : 769.5"
"39,2 : 455.88"
"39,3 : 469.21"
"39,4 : 606.04"
"39,5 : 182.43"
"39,6 : 176.56"
"39,7 : 474.01"
"39,8 : 752.7"
"39,9 : 224.47"
"39,10 : 239.93"
"39,11 : 427.18"
"39,12 : 341.88"
"39,13 : 690.13"
"39,14 : 587.02"
"39,15 : 696.35"
"39,16 : 664.25"
"39,17 : 754.83"
"39,18 : 701.08"
"39,19 : 351.89"
"39,20 : 410.6"
"39,21 : 576.45"
"39,22 : 745.07"
"39,23 : 404.59"
"39,24 : 695.41"
"39,25 : 171.21"
"39,26 : 386.47"
"39,27 : 615.36"
"39,28 : 870.91"
"39,29 : 566.92"
"39,30 : 402.49"
"39,31 : 643.31"
"39,32 : 368.06"
"39,33 : 392.23"
"39,34 : 354.8"
"39,35 : 154.12"
"39,36 : 623.14"
"39,37 : 156.85"
"39,38 : 330.99"
"39,39 : 0.0"
"39,40 : 262.77"
"39,41 : 352.23"
"39,42 : 292.36"
"39,43 : 211.26"
"39,44 : 684.73"
"39,45 : 45.01"
"39,46 : 147.87"
"39,47 : 302.8"
"39,48 : 485.78"
"39,49 : 388.02"
"40,0 : 543.81"
"40,1 : 626.28"
"40,2 : 500.92"
"40,3 : 223.39"
"40,4 : 345.03"
"40,5 : 399.11"
"40,6 : 286.9"
"40,7 : 440.51"
"40,8 : 656.96"
"40,9 : 439.97"
"40,10 : 164.94"
"40,11 : 445.08"
"40,12 : 418.86"
"40,13 : 470.96"
"40,14 : 342.54"
"40,15 : 480.8"
"40,16 : 407.68"
"40,17 : 544.7"
"40,18 : 438.72"
"40,19 : 284.02"
"40,20 : 399.05"
"40,21 : 320.1"
"40,22 : 532.82"
"40,23 : 144.17"
"40,24 : 433.29"
"40,25 : 162.56"
"40,26 : 142.8"
"40,27 : 411.03"
"40,28 : 754.69"
"40,29 : 404.36"
"40,30 : 610.94"
"40,31 : 466.27"
"40,32 : 409.57"
"40,33 : 315.38"
"40,34 : 159.02"
"40,35 : 154.99"
"40,36 : 361.19"
"40,37 : 402.24"
"40,38 : 242.99"
"40,39 : 262.77"
"40,40 : 0.0"
"40,41 : 424.33"
"40,42 : 307.08"
"40,43 : 439.1"
"40,44 : 424.7"
"40,45 : 219.46"
"40,46 : 248.89"
"40,47 : 45.61"
"40,48 : 267.03"
"40,49 : 237.61"
"41,0 : 612.77"
"41,1 : 1046.21"
"41,2 : 804.93"
"41,3 : 633.37"
"41,4 : 651.31"
"41,5 : 244.17"
"41,6 : 178.35"
"41,7 : 802.86"
"41,8 : 1060.42"
"41,9 : 242.42"
"41,10 : 525.3"
"41,11 : 770.1"
"41,12 : 11.18"
"41,13 : 888.23"
"41,14 : 745.29"
"41,15 : 899.46"
"41,16 : 673.68"
"41,17 : 964.35"
"41,18 : 747.69"
"41,19 : 201.8"
"41,20 : 744.35"
"41,21 : 703.04"
"41,22 : 951.87"
"41,23 : 538.81"
"41,24 : 738.81"
"41,25 : 272.59"
"41,26 : 561.36"
"41,27 : 834.0"
"41,28 : 1167.76"
"41,29 : 825.91"
"41,30 : 713.38"
"41,31 : 890.33"
"41,32 : 714.12"
"41,33 : 697.84"
"41,34 : 361.14"
"41,35 : 445.54"
"41,36 : 712.58"
"41,37 : 465.97"
"41,38 : 625.5"
"41,39 : 352.23"
"41,40 : 424.33"
"41,41 : 0.0"
"41,42 : 626.77"
"41,43 : 268.41"
"41,44 : 783.39"
"41,45 : 363.03"
"41,46 : 216.27"
"41,47 : 466.07"
"41,48 : 689.4"
"41,49 : 309.22"
"42,0 : 364.24"
"42,1 : 501.19"
"42,2 : 195.43"
"42,3 : 374.65"
"42,4 : 585.51"
"42,5 : 471.73"
"42,6 : 449.47"
"42,7 : 181.69"
"42,8 : 464.94"
"42,9 : 511.98"
"42,10 : 142.44"
"42,11 : 146.51"
"42,12 : 617.56"
"42,13 : 502.86"
"42,14 : 461.46"
"42,15 : 503.08"
"42,16 : 661.1"
"42,17 : 548.18"
"42,18 : 658.1"
"42,19 : 557.52"
"42,20 : 118.73"
"42,21 : 486.6"
"42,22 : 542.13"
"42,23 : 373.41"
"42,24 : 656.38"
"42,25 : 372.47"
"42,26 : 319.72"
"42,27 : 418.07"
"42,28 : 586.92"
"42,29 : 332.12"
"42,30 : 386.26"
"42,31 : 411.44"
"42,32 : 102.59"
"42,33 : 128.47"
"42,34 : 465.4"
"42,35 : 188.28"
"42,36 : 557.74"
"42,37 : 303.84"
"42,38 : 116.47"
"42,39 : 292.36"
"42,40 : 307.08"
"42,41 : 626.77"
"42,42 : 0.0"
"42,43 : 494.29"
"42,44 : 597.18"
"42,45 : 267.37"
"42,46 : 410.5"
"42,47 : 308.81"
"42,48 : 338.24"
"42,49 : 538.61"
"43,0 : 360.03"
"43,1 : 980.4"
"43,2 : 633.76"
"43,3 : 659.89"
"43,4 : 760.29"
"43,5 : 42.2"
"43,6 : 186.32"
"43,7 : 674.67"
"43,8 : 958.76"
"43,9 : 28.07"
"43,10 : 450.44"
"43,11 : 617.01"
"43,12 : 257.62"
"43,13 : 893.72"
"43,14 : 779.38"
"43,15 : 900.96"
"43,16 : 806.05"
"43,17 : 961.07"
"43,18 : 859.01"
"43,19 : 387.1"
"43,20 : 609.53"
"43,21 : 759.0"
"43,22 : 950.78"
"43,23 : 582.49"
"43,24 : 851.93"
"43,25 : 290.99"
"43,26 : 577.0"
"43,27 : 821.88"
"43,28 : 1078.96"
"43,29 : 777.77"
"43,30 : 462.03"
"43,31 : 853.61"
"43,32 : 555.21"
"43,33 : 601.91"
"43,34 : 473.36"
"43,35 : 363.2"
"43,36 : 794.57"
"43,37 : 237.36"
"43,38 : 542.17"
"43,39 : 211.26"
"43,40 : 439.1"
"43,41 : 268.41"
"43,42 : 494.29"
"43,43 : 0.0"
"43,44 : 861.03"
"43,45 : 251.2"
"43,46 : 205.98"
"43,47 : 483.91"
"43,48 : 687.35"
"43,49 : 468.7"
"44,0 : 931.36"
"44,1 : 524.75"
"44,2 : 734.21"
"44,3 : 227.76"
"44,4 : 151.35"
"44,5 : 820.01"
"44,6 : 693.25"
"44,7 : 606.59"
"44,8 : 637.97"
"44,9 : 859.26"
"44,10 : 496.1"
"44,11 : 669.71"
"44,12 : 782.07"
"44,13 : 243.0"
"44,14 : 144.63"
"44,15 : 259.03"
"44,16 : 191.71"
"44,17 : 305.81"
"44,18 : 110.45"
"44,19 : 587.91"
"44,20 : 612.38"
"44,21 : 112.81"
"44,22 : 292.8"
"44,23 : 280.72"
"44,24 : 117.39"
"44,25 : 572.64"
"44,26 : 303.64"
"44,27 : 278.06"
"44,28 : 669.06"
"44,29 : 381.62"
"44,30 : 976.06"
"44,31 : 365.32"
"44,32 : 673.03"
"44,33 : 504.31"
"44,34 : 422.4"
"44,35 : 549.44"
"44,36 : 70.84"
"44,37 : 810.04"
"44,38 : 481.15"
"44,39 : 684.73"
"44,40 : 424.7"
"44,41 : 783.39"
"44,42 : 597.18"
"44,43 : 861.03"
"44,44 : 0.0"
"44,45 : 640.18"
"44,46 : 661.09"
"44,47 : 382.28"
"44,48 : 263.35"
"44,49 : 482.91"
"45,0 : 343.08"
"45,1 : 732.57"
"45,2 : 442.04"
"45,3 : 424.2"
"45,4 : 563.78"
"45,5 : 219.18"
"45,6 : 184.68"
"45,7 : 447.72"
"45,8 : 721.32"
"45,9 : 261.96"
"45,10 : 199.48"
"45,11 : 407.87"
"45,12 : 353.29"
"45,13 : 646.26"
"45,14 : 542.03"
"45,15 : 652.71"
"45,16 : 623.44"
"45,17 : 711.67"
"45,18 : 658.15"
"45,19 : 336.9"
"45,20 : 386.06"
"45,21 : 531.63"
"45,22 : 701.74"
"45,23 : 360.32"
"45,24 : 652.64"
"45,25 : 147.33"
"45,26 : 341.47"
"45,27 : 572.24"
"45,28 : 837.62"
"45,29 : 526.82"
"45,30 : 425.38"
"45,31 : 602.42"
"45,32 : 351.14"
"45,33 : 358.27"
"45,34 : 321.03"
"45,35 : 112.0"
"45,36 : 579.01"
"45,37 : 189.62"
"45,38 : 293.87"
"45,39 : 45.01"
"45,40 : 219.46"
"45,41 : 363.03"
"45,42 : 267.37"
"45,43 : 251.2"
"45,44 : 640.18"
"45,45 : 0.0"
"45,46 : 148.85"
"45,47 : 258.59"
"45,48 : 441.43"
"45,49 : 361.57"
"46,0 : 449.93"
"46,1 : 845.74"
"46,2 : 590.44"
"46,3 : 472.12"
"46,4 : 555.06"
"46,5 : 163.78"
"46,6 : 41.73"
"46,7 : 587.24"
"46,8 : 850.05"
"46,9 : 199.72"
"46,10 : 314.77"
"46,11 : 554.07"
"46,12 : 207.1"
"46,13 : 718.25"
"46,14 : 590.88"
"46,15 : 727.4"
"46,16 : 600.08"
"46,17 : 790.39"
"46,18 : 653.98"
"46,19 : 213.06"
"46,20 : 528.19"
"46,21 : 563.3"
"46,22 : 778.96"
"46,23 : 387.2"
"46,24 : 646.72"
"46,25 : 88.68"
"46,26 : 391.52"
"46,27 : 653.95"
"46,28 : 961.07"
"46,29 : 629.65"
"46,30 : 543.57"
"46,31 : 699.51"
"46,32 : 498.78"
"46,33 : 485.82"
"46,34 : 267.86"
"46,35 : 231.35"
"46,36 : 593.19"
"46,37 : 291.51"
"46,38 : 415.11"
"46,39 : 147.87"
"46,40 : 248.89"
"46,41 : 216.27"
"46,42 : 410.5"
"46,43 : 205.98"
"46,44 : 661.09"
"46,45 : 148.85"
"46,46 : 0.0"
"46,47 : 294.46"
"46,48 : 512.3"
"46,49 : 272.62"
"47,0 : 572.73"
"47,1 : 589.81"
"47,2 : 498.45"
"47,3 : 177.79"
"47,4 : 311.33"
"47,5 : 444.17"
"47,6 : 332.28"
"47,7 : 426.01"
"47,8 : 627.4"
"47,9 : 485.22"
"47,10 : 167.71"
"47,11 : 439.69"
"47,12 : 461.0"
"47,13 : 426.2"
"47,14 : 296.98"
"47,15 : 436.31"
"47,16 : 378.0"
"47,17 : 500.49"
"47,18 : 402.2"
"47,19 : 315.77"
"47,20 : 390.22"
"47,21 : 276.03"
"47,22 : 488.46"
"47,23 : 101.79"
"47,24 : 397.34"
"47,25 : 207.79"
"47,26 : 97.58"
"47,27 : 368.05"
"47,28 : 721.15"
"47,29 : 367.61"
"47,30 : 634.89"
"47,31 : 426.43"
"47,32 : 409.84"
"47,33 : 298.33"
"47,34 : 171.98"
"47,35 : 180.57"
"47,36 : 320.43"
"47,37 : 436.4"
"47,38 : 229.37"
"47,39 : 302.8"
"47,40 : 45.61"
"47,41 : 466.07"
"47,42 : 308.81"
"47,43 : 483.91"
"47,44 : 382.28"
"47,45 : 258.59"
"47,46 : 294.46"
"47,47 : 0.0"
"47,48 : 223.57"
"47,49 : 256.36"
"48,0 : 687.77"
"48,1 : 385.09"
"48,2 : 471.96"
"48,3 : 82.87"
"48,4 : 294.82"
"48,5 : 650.4"
"48,6 : 551.87"
"48,7 : 349.52"
"48,8 : 452.98"
"48,9 : 692.89"
"48,10 : 260.02"
"48,11 : 407.26"
"48,12 : 684.49"
"48,13 : 206.81"
"48,14 : 123.31"
